query	target	qheader	theader	fident	alnlen	mismatch	qstart	qend	tstart	tend	evalue	bits
DESULFOASV1_1819_hypothetical_protein	AF-Q9HW93-F1-model_v4	DESULFOASV1_1819_hypothetical_protein	AF-Q9HW93-F1-model_v4 Methyl-accepting chemotaxis protein PctC	0.223	629	457	6	594	4	632	1.316E-30	1042
DESULFOASV1_1819_hypothetical_protein	AF-Q9HW91-F1-model_v4	DESULFOASV1_1819_hypothetical_protein	AF-Q9HW91-F1-model_v4 Methyl-accepting chemotaxis protein PctB	0.224	626	456	6	594	4	629	2.448E-31	1039
DESULFOASV1_1819_hypothetical_protein	AF-G3XD24-F1-model_v4	DESULFOASV1_1819_hypothetical_protein	AF-G3XD24-F1-model_v4 Methyl-accepting chemotaxis protein PctA	0.228	626	454	6	594	4	629	9.218E-32	1014
DESULFOASV1_1819_hypothetical_protein	AF-P39214-F1-model_v4	DESULFOASV1_1819_hypothetical_protein	AF-P39214-F1-model_v4 Methyl-accepting chemotaxis protein McpA	0.233	650	450	8	595	12	661	1.853E-33	980
DESULFOASV1_1819_hypothetical_protein	AF-Q88N45-F1-model_v4	DESULFOASV1_1819_hypothetical_protein	AF-Q88N45-F1-model_v4 Methyl-accepting chemotaxis protein McpG	0.221	623	460	4	594	2	624	6.863E-31	979
DESULFOASV1_1819_hypothetical_protein	AF-P39216-F1-model_v4	DESULFOASV1_1819_hypothetical_protein	AF-P39216-F1-model_v4 Methyl-accepting chemotaxis protein TlpA	0.232	652	452	6	595	10	661	4.807E-32	949
DESULFOASV1_1819_hypothetical_protein	AF-Q88R14-F1-model_v4	DESULFOASV1_1819_hypothetical_protein	AF-Q88R14-F1-model_v4 Methyl-accepting chemotaxis protein McpH	0.220	641	459	6	594	5	645	8.731E-32	935
DESULFOASV1_1819_hypothetical_protein	AF-Q88KP1-F1-model_v4	DESULFOASV1_1819_hypothetical_protein	AF-Q88KP1-F1-model_v4 Methyl-accepting chemotaxis protein McpA	0.240	631	450	2	594	13	643	3.778E-31	933
DESULFOASV1_1819_hypothetical_protein	AF-P39217-F1-model_v4	DESULFOASV1_1819_hypothetical_protein	AF-P39217-F1-model_v4 Methyl-accepting chemotaxis protein TlpB	0.250	650	440	8	595	12	661	4.056E-34	920
DESULFOASV1_1819_hypothetical_protein	AF-P39215-F1-model_v4	DESULFOASV1_1819_hypothetical_protein	AF-P39215-F1-model_v4 Methyl-accepting chemotaxis protein McpB	0.233	653	452	6	595	10	662	3.471E-32	886
DESULFOASV1_1819_hypothetical_protein	AF-Q6HNQ4-F1-model_v4	DESULFOASV1_1819_hypothetical_protein	AF-Q6HNQ4-F1-model_v4 Probable methyl-accepting chemotaxis protein BT9727_0469	0.233	651	451	6	594	8	658	2.950E-32	877
DESULFOASV1_1819_hypothetical_protein	AF-P54576-F1-model_v4	DESULFOASV1_1819_hypothetical_protein	AF-P54576-F1-model_v4 Methyl-accepting chemotaxis protein McpC	0.240	655	451	1	594	1	655	3.447E-34	875
DESULFOASV1_1819_hypothetical_protein	AF-Q9WYR0-F1-model_v4	DESULFOASV1_1819_hypothetical_protein	AF-Q9WYR0-F1-model_v4 Methyl-accepting chemotaxis protein 1	0.229	653	449	11	594	4	656	6.863E-31	830
DESULFOASV1_1819_hypothetical_protein	AF-P0C6D8-F1-model_v4	DESULFOASV1_1819_hypothetical_protein	AF-P0C6D8-F1-model_v4 Toxin coregulated pilus biosynthesis protein I	0.184	619	480	9	597	1	619	7.176E-26	800
DESULFOASV1_1819_hypothetical_protein	AF-A5F389-F1-model_v4	DESULFOASV1_1819_hypothetical_protein	AF-A5F389-F1-model_v4 Toxin coregulated pilus biosynthesis protein I	0.182	619	481	9	597	1	619	7.577E-26	745
DESULFOASV1_1819_hypothetical_protein	AF-P55652-F1-model_v4	DESULFOASV1_1819_hypothetical_protein	AF-P55652-F1-model_v4 Probable chemoreceptor y4sI	0.200	741	484	2	607	10	750	9.066E-29	685
DESULFOASV1_1819_hypothetical_protein	AF-B0R474-F1-model_v4	DESULFOASV1_1819_hypothetical_protein	AF-B0R474-F1-model_v4 Transducer protein Htr18	0.167	808	537	1	646	7	814	2.227E-27	634
DESULFOASV1_1819_hypothetical_protein	AF-P07017-F1-model_v4	DESULFOASV1_1819_hypothetical_protein	AF-P07017-F1-model_v4 Methyl-accepting chemotaxis protein II	0.364	366	230	276	638	179	544	1.373E-18	629
DESULFOASV1_1819_hypothetical_protein	AF-P21823-F1-model_v4	DESULFOASV1_1819_hypothetical_protein	AF-P21823-F1-model_v4 Methyl-accepting chemotaxis aspartate transducer	0.351	364	233	275	634	173	536	1.800E-18	623
DESULFOASV1_1819_hypothetical_protein	AF-Q5V5V4-F1-model_v4	DESULFOASV1_1819_hypothetical_protein	AF-Q5V5V4-F1-model_v4 Sensory rhodopsin II transducer	0.167	773	527	1	634	1	773	9.869E-28	618
DESULFOASV1_1819_hypothetical_protein	AF-P02941-F1-model_v4	DESULFOASV1_1819_hypothetical_protein	AF-P02941-F1-model_v4 Methyl-accepting chemotaxis protein II	0.352	373	241	278	650	181	553	2.632E-18	615
DESULFOASV1_1819_hypothetical_protein	AF-Q00986-F1-model_v4	DESULFOASV1_1819_hypothetical_protein	AF-Q00986-F1-model_v4 Chemoreceptor McpA	0.323	359	223	307	636	297	655	5.205E-17	613
DESULFOASV1_1819_hypothetical_protein	AF-Q02755-F1-model_v4	DESULFOASV1_1819_hypothetical_protein	AF-Q02755-F1-model_v4 Methyl-accepting chemotaxis citrate transducer	0.345	370	236	273	633	174	543	6.990E-18	609
DESULFOASV1_1819_hypothetical_protein	AF-P02942-F1-model_v4	DESULFOASV1_1819_hypothetical_protein	AF-P02942-F1-model_v4 Methyl-accepting chemotaxis protein I	0.337	372	242	274	639	179	550	6.271E-18	596
DESULFOASV1_1819_hypothetical_protein	AF-P21822-F1-model_v4	DESULFOASV1_1819_hypothetical_protein	AF-P21822-F1-model_v4 Methyl-accepting chemotaxis serine transducer	0.346	374	241	273	646	182	551	2.435E-17	589
DESULFOASV1_1819_hypothetical_protein	AF-B0R461-F1-model_v4	DESULFOASV1_1819_hypothetical_protein	AF-B0R461-F1-model_v4 Transducer protein Htr6	0.184	761	511	10	636	29	789	2.175E-26	588
DESULFOASV1_1819_hypothetical_protein	AF-P07018-F1-model_v4	DESULFOASV1_1819_hypothetical_protein	AF-P07018-F1-model_v4 Methyl-accepting chemotaxis protein IV	0.358	361	227	275	629	173	533	5.940E-18	587
DESULFOASV1_1819_hypothetical_protein	AF-Q88IY8-F1-model_v4	DESULFOASV1_1819_hypothetical_protein	AF-Q88IY8-F1-model_v4 Methyl-accepting chemotaxis protein McpP	0.207	588	426	7	594	7	544	4.605E-21	583
DESULFOASV1_1819_hypothetical_protein	AF-B0R6I4-F1-model_v4	DESULFOASV1_1819_hypothetical_protein	AF-B0R6I4-F1-model_v4 Transducer protein BasT	0.183	779	488	10	607	25	803	3.357E-26	566
DESULFOASV1_1819_hypothetical_protein	AF-P55439-F1-model_v4	DESULFOASV1_1819_hypothetical_protein	AF-P55439-F1-model_v4 Probable chemoreceptor y4fA	0.331	315	202	307	609	530	844	1.638E-14	555
DESULFOASV1_1819_hypothetical_protein	AF-B0R470-F1-model_v4	DESULFOASV1_1819_hypothetical_protein	AF-B0R470-F1-model_v4 Transducer protein Htr4	0.197	750	472	10	598	27	776	2.312E-24	552
DESULFOASV1_1819_hypothetical_protein	AF-P0DMI4-F1-model_v4	DESULFOASV1_1819_hypothetical_protein	AF-P0DMI4-F1-model_v4 Transducer protein Htr4	0.194	752	477	10	602	27	778	3.381E-24	546
DESULFOASV1_1819_hypothetical_protein	AF-Q88NI1-F1-model_v4	DESULFOASV1_1819_hypothetical_protein	AF-Q88NI1-F1-model_v4 Methyl-accepting chemotaxis protein McpU	0.199	687	473	3	594	2	688	1.710E-25	543
DESULFOASV1_1819_hypothetical_protein	AF-Q9X1E2-F1-model_v4	DESULFOASV1_1819_hypothetical_protein	AF-Q9X1E2-F1-model_v4 Methyl-accepting chemotaxis protein 4	0.216	588	442	7	594	2	566	1.150E-22	536
DESULFOASV1_1819_hypothetical_protein	AF-Q9HP81-F1-model_v4	DESULFOASV1_1819_hypothetical_protein	AF-Q9HP81-F1-model_v4 Sensory rhodopsin II transducer	0.179	723	484	1	590	1	723	2.578E-24	536
DESULFOASV1_1819_hypothetical_protein	AF-B0R6A7-F1-model_v4	DESULFOASV1_1819_hypothetical_protein	AF-B0R6A7-F1-model_v4 Transducer protein CosT	0.170	774	488	18	606	36	809	1.001E-23	528
DESULFOASV1_1819_hypothetical_protein	AF-Q9HP84-F1-model_v4	DESULFOASV1_1819_hypothetical_protein	AF-Q9HP84-F1-model_v4 Transducer protein CosT	0.169	795	503	1	606	15	809	8.504E-24	528
DESULFOASV1_1819_hypothetical_protein	AF-Q9I0I6-F1-model_v4	DESULFOASV1_1819_hypothetical_protein	AF-Q9I0I6-F1-model_v4 Methyl-accepting chemotaxis protein PA2652	0.244	482	308	186	594	80	561	5.457E-19	527
DESULFOASV1_1819_hypothetical_protein	AF-B0R6B1-F1-model_v4	DESULFOASV1_1819_hypothetical_protein	AF-B0R6B1-F1-model_v4 Sensory rhodopsin II transducer	0.186	749	481	7	598	11	759	1.057E-23	518
DESULFOASV1_1819_hypothetical_protein	AF-Q02929-F1-model_v4	DESULFOASV1_1819_hypothetical_protein	AF-Q02929-F1-model_v4 Putative sensory transducer protein	0.334	424	250	273	649	115	538	4.289E-18	503
DESULFOASV1_1819_hypothetical_protein	AF-P39209-F1-model_v4	DESULFOASV1_1819_hypothetical_protein	AF-P39209-F1-model_v4 Methyl-accepting chemotaxis protein TlpC	0.223	602	444	1	602	2	573	2.329E-22	489
DESULFOASV1_1819_hypothetical_protein	AF-Q88D09-F1-model_v4	DESULFOASV1_1819_hypothetical_protein	AF-Q88D09-F1-model_v4 Methyl-accepting chemotaxis protein McpQ	0.334	359	210	278	594	280	638	4.849E-14	479
DESULFOASV1_1819_hypothetical_protein	AF-Q88E10-F1-model_v4	DESULFOASV1_1819_hypothetical_protein	AF-Q88E10-F1-model_v4 Methyl-accepting chemotaxis protein McpS	0.320	361	219	272	594	279	639	2.148E-14	475
DESULFOASV1_1819_hypothetical_protein	AF-G3XDA3-F1-model_v4	DESULFOASV1_1819_hypothetical_protein	AF-G3XDA3-F1-model_v4 Methyl-accepting chemotaxis protein CtpH	0.259	366	236	275	594	203	568	1.883E-13	468
DESULFOASV1_1819_hypothetical_protein	AF-P05704-F1-model_v4	DESULFOASV1_1819_hypothetical_protein	AF-P05704-F1-model_v4 Methyl-accepting chemotaxis protein III	0.246	606	404	1	606	1	537	3.758E-17	464
DESULFOASV1_1819_hypothetical_protein	AF-P50466-F1-model_v4	DESULFOASV1_1819_hypothetical_protein	AF-P50466-F1-model_v4 Aerotaxis receptor	0.201	492	392	102	593	16	506	2.779E-18	449
DESULFOASV1_1819_hypothetical_protein	AF-P43500-F1-model_v4	DESULFOASV1_1819_hypothetical_protein	AF-P43500-F1-model_v4 Frizzy aggregation protein FrzCD	0.245	356	244	272	595	62	417	4.999E-13	443
DESULFOASV1_1819_hypothetical_protein	AF-Q2W4T8-F1-model_v4	DESULFOASV1_1819_hypothetical_protein	AF-Q2W4T8-F1-model_v4 Methyl-accepting chemotaxis protein Amb2333	0.244	481	308	185	592	89	569	3.172E-19	423
DESULFOASV1_1819_hypothetical_protein	AF-Q52877-F1-model_v4	DESULFOASV1_1819_hypothetical_protein	AF-Q52877-F1-model_v4 Probable chemoreceptor McpE	0.227	387	288	277	650	145	531	8.601E-13	412
DESULFOASV1_1819_hypothetical_protein	AF-P37979-F1-model_v4	DESULFOASV1_1819_hypothetical_protein	AF-P37979-F1-model_v4 Protein IcfG	0.152	373	315	10	382	8	380	6.875E-15	402
DESULFOASV1_1819_hypothetical_protein	AF-O32071-F1-model_v4	DESULFOASV1_1819_hypothetical_protein	AF-O32071-F1-model_v4 Uncharacterized HTH-type transcriptional regulator YtdP	0.110	383	328	6	375	9	391	1.069E-12	398
DESULFOASV1_1819_hypothetical_protein	AF-Q0VTI9-F1-model_v4	DESULFOASV1_1819_hypothetical_protein	AF-Q0VTI9-F1-model_v4 Putative methyl-accepting chemotaxis AlkN	0.259	391	239	273	595	282	672	2.838E-12	389
DESULFOASV1_1819_hypothetical_protein	AF-P42257-F1-model_v4	DESULFOASV1_1819_hypothetical_protein	AF-P42257-F1-model_v4 Protein PilJ	0.271	367	225	287	595	310	676	1.701E-11	387
DESULFOASV1_1819_hypothetical_protein	AF-Q6HP15-F1-model_v4	DESULFOASV1_1819_hypothetical_protein	AF-Q6HP15-F1-model_v4 Probable methyl-accepting chemotaxis protein BT9727_0355	0.182	584	465	11	594	11	579	1.131E-19	376
DESULFOASV1_1819_hypothetical_protein	AF-Q9Z429-F1-model_v4	DESULFOASV1_1819_hypothetical_protein	AF-Q9Z429-F1-model_v4 Methyl-accepting chemotaxis protein NahY	0.186	583	432	12	594	7	538	5.883E-13	374
DESULFOASV1_1819_hypothetical_protein	AF-Q9HUW6-F1-model_v4	DESULFOASV1_1819_hypothetical_protein	AF-Q9HUW6-F1-model_v4 Methyl-accepting chemotaxis protein CtpL	0.276	361	227	280	594	297	657	5.315E-11	354
DESULFOASV1_1819_hypothetical_protein	AF-B0R9Z1-F1-model_v4	DESULFOASV1_1819_hypothetical_protein	AF-B0R9Z1-F1-model_v4 Transducer protein Car	0.192	506	324	85	590	33	434	4.849E-14	349
DESULFOASV1_1819_hypothetical_protein	AF-Q55445-F1-model_v4	DESULFOASV1_1819_hypothetical_protein	AF-Q55445-F1-model_v4 Putative methyl-accepting chemotaxis protein sll0041	0.185	760	476	11	595	241	1000	1.113E-16	349
DESULFOASV1_1819_hypothetical_protein	AF-Q9HQ00-F1-model_v4	DESULFOASV1_1819_hypothetical_protein	AF-Q9HQ00-F1-model_v4 Halobacterial transducer protein 9	0.199	449	339	195	618	20	468	1.147E-15	346
DESULFOASV1_1819_hypothetical_protein	AF-P35841-F1-model_v4	DESULFOASV1_1819_hypothetical_protein	AF-P35841-F1-model_v4 Chemoreceptor protein A	0.166	663	488	7	592	5	667	8.364E-21	326
DESULFOASV1_1819_hypothetical_protein	AF-Q9X0N0-F1-model_v4	DESULFOASV1_1819_hypothetical_protein	AF-Q9X0N0-F1-model_v4 Methyl-accepting chemotaxis protein 3	0.277	396	232	273	594	144	539	2.215E-13	320
DESULFOASV1_1819_hypothetical_protein	AF-Q9I3S1-F1-model_v4	DESULFOASV1_1819_hypothetical_protein	AF-Q9I3S1-F1-model_v4 Biofilm dispersion protein BdlA	0.164	465	345	100	564	3	416	2.818E-14	316
DESULFOASV1_1819_hypothetical_protein	AF-Q2W8M7-F1-model_v4	DESULFOASV1_1819_hypothetical_protein	AF-Q2W8M7-F1-model_v4 Methyl-accepting chemotaxis protein Amb0994	0.248	393	234	281	592	37	429	9.587E-13	290
DESULFOASV1_1819_hypothetical_protein	AF-P15492-F1-model_v4	DESULFOASV1_1819_hypothetical_protein	AF-P15492-F1-model_v4 Methyl-accepting chemotaxis protein HlyB	0.162	583	452	12	594	9	548	2.355E-11	287
DESULFOASV1_1819_hypothetical_protein	AF-B0R6A6-F1-model_v4	DESULFOASV1_1819_hypothetical_protein	AF-B0R6A6-F1-model_v4 Transducer protein Htr7	0.220	411	277	278	633	135	545	4.517E-11	281
DESULFOASV1_1819_hypothetical_protein	AF-P0DMI5-F1-model_v4	DESULFOASV1_1819_hypothetical_protein	AF-P0DMI5-F1-model_v4 Transducer protein Htr7	0.218	411	278	278	633	135	545	2.429E-10	270
DESULFOASV1_1819_hypothetical_protein	AF-Q32HJ0-F1-model_v4	DESULFOASV1_1819_hypothetical_protein	AF-Q32HJ0-F1-model_v4 Probable diguanylate cyclase DgcQ	0.136	379	267	18	327	23	401	2.300E-10	267
DESULFOASV1_1819_hypothetical_protein	AF-Q3Z0N3-F1-model_v4	DESULFOASV1_1819_hypothetical_protein	AF-Q3Z0N3-F1-model_v4 Probable diguanylate cyclase DgcQ	0.141	379	265	18	327	28	406	2.179E-10	267
DESULFOASV1_1819_hypothetical_protein	AF-Q1RAI4-F1-model_v4	DESULFOASV1_1819_hypothetical_protein	AF-Q1RAI4-F1-model_v4 Probable diguanylate cyclase DgcQ	0.127	379	270	18	327	28	406	2.707E-10	266
DESULFOASV1_1819_hypothetical_protein	AF-Q8FGJ7-F1-model_v4	DESULFOASV1_1819_hypothetical_protein	AF-Q8FGJ7-F1-model_v4 Probable diguanylate cyclase DgcQ	0.143	379	265	18	327	28	406	3.551E-10	259
DESULFOASV1_1819_hypothetical_protein	AF-C0SP89-F1-model_v4	DESULFOASV1_1819_hypothetical_protein	AF-C0SP89-F1-model_v4 Putative methyl-accepting chemotaxis protein YoaH	0.289	397	228	273	594	165	561	1.163E-11	258
DESULFOASV1_1819_hypothetical_protein	AF-Q9X0M7-F1-model_v4	DESULFOASV1_1819_hypothetical_protein	AF-Q9X0M7-F1-model_v4 Methyl-accepting chemotaxis protein 2	0.184	609	405	11	619	7	503	9.298E-14	256
DESULFOASV1_1819_hypothetical_protein	AF-Q9HU20-F1-model_v4	DESULFOASV1_1819_hypothetical_protein	AF-Q9HU20-F1-model_v4 C4-dicarboxylate transport sensor protein DctB	0.179	455	365	19	473	25	470	1.412E-10	256
DESULFOASV1_1819_hypothetical_protein	AF-Q8XB92-F1-model_v4	DESULFOASV1_1819_hypothetical_protein	AF-Q8XB92-F1-model_v4 Probable diguanylate cyclase DgcQ	0.135	401	282	1	327	1	401	1.266E-10	254
DESULFOASV1_1819_hypothetical_protein	AF-P76330-F1-model_v4	DESULFOASV1_1819_hypothetical_protein	AF-P76330-F1-model_v4 Probable diguanylate cyclase DgcQ	0.134	401	282	1	327	1	401	2.429E-10	251
DESULFOASV1_1819_hypothetical_protein	AF-Q9R9U8-F1-model_v4	DESULFOASV1_1819_hypothetical_protein	AF-Q9R9U8-F1-model_v4 Putative methyl-accepting chemotaxis AlkN	0.257	329	235	274	590	148	476	5.352E-09	250
DESULFOASV1_1819_hypothetical_protein	AF-Q83KM9-F1-model_v4	DESULFOASV1_1819_hypothetical_protein	AF-Q83KM9-F1-model_v4 Putative diguanylate cyclase DgcQ	0.138	403	281	1	327	4	406	1.412E-10	247
DESULFOASV1_1819_hypothetical_protein	AF-P42258-F1-model_v4	DESULFOASV1_1819_hypothetical_protein	AF-P42258-F1-model_v4 Sensory rhodopsin II transducer	0.209	403	283	278	636	31	433	2.001E-11	246
DESULFOASV1_1819_hypothetical_protein	AF-O32239-F1-model_v4	DESULFOASV1_1819_hypothetical_protein	AF-O32239-F1-model_v4 Putative sensory transducer protein YvaQ	0.271	369	230	275	590	173	541	2.113E-11	238
DESULFOASV1_1819_hypothetical_protein	AF-B0R5T0-F1-model_v4	DESULFOASV1_1819_hypothetical_protein	AF-B0R5T0-F1-model_v4 Transducer protein Htr8	0.239	391	263	270	616	252	642	2.487E-11	235
DESULFOASV1_1819_hypothetical_protein	AF-O07621-F1-model_v4	DESULFOASV1_1819_hypothetical_protein	AF-O07621-F1-model_v4 Heme-based aerotactic transducer HemAT	0.205	267	199	340	590	165	431	8.069E-08	225
DESULFOASV1_1819_hypothetical_protein	AF-P42259-F1-model_v4	DESULFOASV1_1819_hypothetical_protein	AF-P42259-F1-model_v4 Sensory rhodopsin II transducer	0.228	372	232	307	607	157	528	8.869E-12	224
DESULFOASV1_1819_hypothetical_protein	AF-B0R367-F1-model_v4	DESULFOASV1_1819_hypothetical_protein	AF-B0R367-F1-model_v4 Transducer protein MpcT	0.210	450	298	273	650	160	609	5.034E-11	215
DESULFOASV1_1819_hypothetical_protein	AF-Q8ZNT5-F1-model_v4	DESULFOASV1_1819_hypothetical_protein	AF-Q8ZNT5-F1-model_v4 Probable diguanylate cyclase DgcQ	0.120	393	282	6	327	9	401	1.275E-08	210
DESULFOASV1_1819_hypothetical_protein	AF-Q57N14-F1-model_v4	DESULFOASV1_1819_hypothetical_protein	AF-Q57N14-F1-model_v4 Probable diguanylate cyclase DgcQ	0.123	393	282	6	327	9	401	2.446E-08	203
DESULFOASV1_1819_hypothetical_protein	AF-Q5PLI4-F1-model_v4	DESULFOASV1_1819_hypothetical_protein	AF-Q5PLI4-F1-model_v4 Probable diguanylate cyclase DgcQ	0.116	379	273	18	327	23	401	4.442E-08	202
DESULFOASV1_1819_hypothetical_protein	AF-Q9HPR6-F1-model_v4	DESULFOASV1_1819_hypothetical_protein	AF-Q9HPR6-F1-model_v4 Heme-based aerotactic transducer HemAT	0.239	329	236	283	593	161	489	1.673E-08	201
DESULFOASV1_1819_hypothetical_protein	AF-Q5UXM8-F1-model_v4	DESULFOASV1_1819_hypothetical_protein	AF-Q5UXM8-F1-model_v4 Sensory rhodopsin I transducer	0.218	405	282	273	634	124	528	8.262E-09	201
DESULFOASV1_1819_hypothetical_protein	AF-B0R4N9-F1-model_v4	DESULFOASV1_1819_hypothetical_protein	AF-B0R4N9-F1-model_v4 Transducer protein Htr13	0.201	334	239	293	592	69	402	9.495E-08	194
DESULFOASV1_1819_hypothetical_protein	AF-B0R632-F1-model_v4	DESULFOASV1_1819_hypothetical_protein	AF-B0R632-F1-model_v4 Sensory rhodopsin I transducer	0.185	419	295	273	635	117	535	1.673E-08	192
DESULFOASV1_1819_hypothetical_protein	AF-P0DMI3-F1-model_v4	DESULFOASV1_1819_hypothetical_protein	AF-P0DMI3-F1-model_v4 Sensory rhodopsin I transducer	0.185	419	295	273	635	117	535	2.878E-08	189
DESULFOASV1_1819_hypothetical_protein	AF-Q8Z5R0-F1-model_v4	DESULFOASV1_1819_hypothetical_protein	AF-Q8Z5R0-F1-model_v4 Probable diguanylate cyclase DgcQ	0.120	392	284	4	327	7	398	6.857E-08	188
DESULFOASV1_1819_hypothetical_protein	AF-O06477-F1-model_v4	DESULFOASV1_1819_hypothetical_protein	AF-O06477-F1-model_v4 Putative sensory transducer protein YfmS	0.156	502	230	85	586	11	283	3.775E-08	167
DESULFOASV1_1819_hypothetical_protein	AF-Q45614-F1-model_v4	DESULFOASV1_1819_hypothetical_protein	AF-Q45614-F1-model_v4 Sensor histidine kinase WalK	0.105	439	326	1	365	1	439	6.109E-10	143
DESULFOASV1_1819_hypothetical_protein	AF-P76072-F1-model_v4	DESULFOASV1_1819_hypothetical_protein	AF-P76072-F1-model_v4 Prophage side tail fiber protein homolog StfR	0.116	428	351	163	590	4	401	1.607E-04	134
DESULFOASV1_1819_hypothetical_protein	AF-Q8CU87-F1-model_v4	DESULFOASV1_1819_hypothetical_protein	AF-Q8CU87-F1-model_v4 Sensor protein kinase WalK	0.127	435	313	8	367	9	443	1.346E-08	127
DESULFOASV1_1819_hypothetical_protein	AF-Q49XM6-F1-model_v4	DESULFOASV1_1819_hypothetical_protein	AF-Q49XM6-F1-model_v4 Signal transduction histidine-protein kinase ArlS	0.127	206	168	183	388	64	256	1.017E-03	126
DESULFOASV1_1819_hypothetical_protein	AF-D4GUK1-F1-model_v4	DESULFOASV1_1819_hypothetical_protein	AF-D4GUK1-F1-model_v4 DNA double-strand break repair Rad50 ATPase	0.160	302	239	307	592	283	584	1.365E-04	125
DESULFOASV1_1819_hypothetical_protein	AF-Q5HPC4-F1-model_v4	DESULFOASV1_1819_hypothetical_protein	AF-Q5HPC4-F1-model_v4 Signal transduction histidine-protein kinase ArlS	0.136	204	175	185	388	54	257	4.041E-04	121
DESULFOASV1_1819_hypothetical_protein	AF-P0AEC6-F1-model_v4	DESULFOASV1_1819_hypothetical_protein	AF-P0AEC6-F1-model_v4 Signal transduction histidine-protein kinase BarA	0.120	500	307	6	505	3	352	7.070E-07	121
DESULFOASV1_1819_hypothetical_protein	AF-Q8CSL7-F1-model_v4	DESULFOASV1_1819_hypothetical_protein	AF-Q8CSL7-F1-model_v4 Signal transduction histidine-protein kinase ArlS	0.132	204	176	185	388	54	257	5.909E-04	118
DESULFOASV1_1819_hypothetical_protein	AF-Q6GGZ4-F1-model_v4	DESULFOASV1_1819_hypothetical_protein	AF-Q6GGZ4-F1-model_v4 Signal transduction histidine-protein kinase ArlS	0.143	275	225	185	448	53	327	1.696E-04	116
DESULFOASV1_1819_hypothetical_protein	AF-Q9KJN3-F1-model_v4	DESULFOASV1_1819_hypothetical_protein	AF-Q9KJN3-F1-model_v4 Signal transduction histidine-protein kinase ArlS	0.143	275	225	185	448	53	327	2.349E-04	113
DESULFOASV1_1819_hypothetical_protein	AF-P9WGK7-F1-model_v4	DESULFOASV1_1819_hypothetical_protein	AF-P9WGK7-F1-model_v4 Sensor-type histidine kinase PrrB	0.139	204	170	185	388	56	254	5.177E-03	112
DESULFOASV1_1819_hypothetical_protein	AF-P9WGK6-F1-model_v4	DESULFOASV1_1819_hypothetical_protein	AF-P9WGK6-F1-model_v4 Sensor-type histidine kinase PrrB	0.138	235	187	200	434	78	295	1.950E-03	112
DESULFOASV1_1819_hypothetical_protein	AF-P0AEC7-F1-model_v4	DESULFOASV1_1819_hypothetical_protein	AF-P0AEC7-F1-model_v4 Signal transduction histidine-protein kinase BarA	0.126	500	305	6	505	3	352	9.791E-07	112
DESULFOASV1_1819_hypothetical_protein	AF-P0A5Z9-F1-model_v4	DESULFOASV1_1819_hypothetical_protein	AF-P0A5Z9-F1-model_v4 Sensor-type histidine kinase PrrB	0.143	204	170	185	388	56	254	5.466E-03	111
DESULFOASV1_1819_hypothetical_protein	AF-Q5HG05-F1-model_v4	DESULFOASV1_1819_hypothetical_protein	AF-Q5HG05-F1-model_v4 Signal transduction histidine-protein kinase ArlS	0.138	275	227	185	448	53	327	2.225E-04	111
DESULFOASV1_1819_hypothetical_protein	AF-Q6G9E7-F1-model_v4	DESULFOASV1_1819_hypothetical_protein	AF-Q6G9E7-F1-model_v4 Signal transduction histidine-protein kinase ArlS	0.143	275	225	185	448	53	327	3.081E-04	111
DESULFOASV1_1819_hypothetical_protein	AF-Q7A0W5-F1-model_v4	DESULFOASV1_1819_hypothetical_protein	AF-Q7A0W5-F1-model_v4 Signal transduction histidine-protein kinase ArlS	0.143	275	225	185	448	53	327	3.081E-04	110
DESULFOASV1_1819_hypothetical_protein	AF-Q2YY04-F1-model_v4	DESULFOASV1_1819_hypothetical_protein	AF-Q2YY04-F1-model_v4 Signal transduction histidine-protein kinase ArlS	0.143	275	225	185	448	53	327	3.081E-04	110
DESULFOASV1_1819_hypothetical_protein	AF-Q7A2R7-F1-model_v4	DESULFOASV1_1819_hypothetical_protein	AF-Q7A2R7-F1-model_v4 Signal transduction histidine-protein kinase ArlS	0.143	275	225	185	448	53	327	3.828E-04	110
DESULFOASV1_1819_hypothetical_protein	AF-Q7A5N3-F1-model_v4	DESULFOASV1_1819_hypothetical_protein	AF-Q7A5N3-F1-model_v4 Signal transduction histidine-protein kinase ArlS	0.132	275	228	185	448	53	327	2.764E-04	110
DESULFOASV1_1819_hypothetical_protein	AF-P0AEC5-F1-model_v4	DESULFOASV1_1819_hypothetical_protein	AF-P0AEC5-F1-model_v4 Signal transduction histidine-protein kinase BarA	0.118	500	308	6	505	3	352	1.034E-06	110
DESULFOASV1_1819_hypothetical_protein	AF-P32399-F1-model_v4	DESULFOASV1_1819_hypothetical_protein	AF-P32399-F1-model_v4 Uncharacterized protein YhgE	0.096	391	290	269	590	132	522	4.904E-03	108
DESULFOASV1_1819_hypothetical_protein	AF-P59342-F1-model_v4	DESULFOASV1_1819_hypothetical_protein	AF-P59342-F1-model_v4 Signal transduction histidine-protein kinase BarA	0.129	500	304	6	505	3	352	1.511E-06	107
DESULFOASV1_1819_hypothetical_protein	AF-Q0V8K7-F1-model_v4	DESULFOASV1_1819_hypothetical_protein	AF-Q0V8K7-F1-model_v4 SH3 domain-binding protein 5-like	0.130	275	213	369	643	60	305	3.009E-03	106
DESULFOASV1_1819_hypothetical_protein	AF-Q2FH24-F1-model_v4	DESULFOASV1_1819_hypothetical_protein	AF-Q2FH24-F1-model_v4 Signal transduction histidine-protein kinase ArlS	0.135	275	227	185	448	53	327	5.301E-04	103
DESULFOASV1_1819_hypothetical_protein	AF-O33071-F1-model_v4	DESULFOASV1_1819_hypothetical_protein	AF-O33071-F1-model_v4 Sensor-type histidine kinase PrrB	0.139	240	194	194	433	69	294	2.700E-03	101
DESULFOASV1_1819_hypothetical_protein	AF-Q9F8D7-F1-model_v4	DESULFOASV1_1819_hypothetical_protein	AF-Q9F8D7-F1-model_v4 Sensor histidine kinase GacS	0.147	499	289	7	505	5	344	8.579E-06	100
DESULFOASV1_1819_hypothetical_protein	AF-P9WJV2-F1-model_v4	DESULFOASV1_1819_hypothetical_protein	AF-P9WJV2-F1-model_v4 Siderophore exporter MmpL4	0.087	194	170	382	575	493	679	2.310E-01	100
DESULFOASV1_1819_hypothetical_protein	AF-P51392-F1-model_v4	DESULFOASV1_1819_hypothetical_protein	AF-P51392-F1-model_v4 Uncharacterized sensor-like histidine kinase ycf26	0.112	446	313	14	366	38	483	2.209E-06	99
DESULFOASV1_1819_hypothetical_protein	AF-O65272-F1-model_v4	DESULFOASV1_1819_hypothetical_protein	AF-O65272-F1-model_v4 K(+) efflux antiporter 2, chloroplastic	0.136	278	212	372	649	143	388	1.107E-02	96
DESULFOASV1_1819_hypothetical_protein	AF-Q86SQ0-F1-model_v4	DESULFOASV1_1819_hypothetical_protein	AF-Q86SQ0-F1-model_v4 Pleckstrin homology-like domain family B member 2	0.114	320	261	330	649	568	863	1.533E-02	96
DESULFOASV1_1819_hypothetical_protein	AF-P9WJV8-F1-model_v4	DESULFOASV1_1819_hypothetical_protein	AF-P9WJV8-F1-model_v4 Probable transport protein MmpL1	0.116	195	163	381	575	488	672	8.240E-02	94
DESULFOASV1_1819_hypothetical_protein	AF-P94414-F1-model_v4	DESULFOASV1_1819_hypothetical_protein	AF-P94414-F1-model_v4 Sensor histidine kinase YclK	0.082	456	309	5	460	2	339	6.238E-04	93
DESULFOASV1_1819_hypothetical_protein	AF-Q8TRL1-F1-model_v4	DESULFOASV1_1819_hypothetical_protein	AF-Q8TRL1-F1-model_v4 DNA double-strand break repair Rad50 ATPase	0.156	307	235	312	590	381	687	8.437E-03	93
DESULFOASV1_1819_hypothetical_protein	AF-Q55707-F1-model_v4	DESULFOASV1_1819_hypothetical_protein	AF-Q55707-F1-model_v4 Protein sll0617	0.152	243	193	405	647	13	241	3.651E-02	92
DESULFOASV1_1819_hypothetical_protein	AF-P9WJV3-F1-model_v4	DESULFOASV1_1819_hypothetical_protein	AF-P9WJV3-F1-model_v4 Siderophore exporter MmpL4	0.102	195	165	381	575	495	679	3.765E-01	92
DESULFOASV1_1819_hypothetical_protein	AF-Q4L6C5-F1-model_v4	DESULFOASV1_1819_hypothetical_protein	AF-Q4L6C5-F1-model_v4 Signal transduction histidine-protein kinase ArlS	0.138	384	220	5	388	2	257	4.267E-04	91
DESULFOASV1_1819_hypothetical_protein	AF-Q9V785-F1-model_v4	DESULFOASV1_1819_hypothetical_protein	AF-Q9V785-F1-model_v4 SH3 domain-binding protein 5 homolog	0.117	293	255	361	650	12	304	1.073E-03	91
DESULFOASV1_1819_hypothetical_protein	AF-A6QU86-F1-model_v4	DESULFOASV1_1819_hypothetical_protein	AF-A6QU86-F1-model_v4 Sensitive to high expression protein 9 homolog, mitochondrial	0.118	266	224	384	649	17	271	5.056E-02	90
DESULFOASV1_1819_hypothetical_protein	AF-Q65NQ9-F1-model_v4	DESULFOASV1_1819_hypothetical_protein	AF-Q65NQ9-F1-model_v4 Peptidoglycan DL-endopeptidase CwlO	0.149	289	234	361	649	25	300	1.017E-03	90
DESULFOASV1_1819_hypothetical_protein	AF-Q554L2-F1-model_v4	DESULFOASV1_1819_hypothetical_protein	AF-Q554L2-F1-model_v4 Probable inactive serine/threonine-protein kinase DDB_G0274613	0.104	376	295	317	646	14	389	3.354E-03	89
DESULFOASV1_1819_hypothetical_protein	AF-P9WJV9-F1-model_v4	DESULFOASV1_1819_hypothetical_protein	AF-P9WJV9-F1-model_v4 Probable transport protein MmpL1	0.116	195	163	381	575	488	672	1.141E-01	89
DESULFOASV1_1819_hypothetical_protein	AF-P9WJV1-F1-model_v4	DESULFOASV1_1819_hypothetical_protein	AF-P9WJV1-F1-model_v4 Siderophore exporter MmpL5	0.131	194	159	382	575	501	684	7.805E-02	88
DESULFOASV1_1819_hypothetical_protein	AF-Q04943-F1-model_v4	DESULFOASV1_1819_hypothetical_protein	AF-Q04943-F1-model_v4 Signal transduction histidine-protein kinase AfsQ2	0.125	517	312	1	517	4	361	6.387E-05	87
DESULFOASV1_1819_hypothetical_protein	AF-P9WJV0-F1-model_v4	DESULFOASV1_1819_hypothetical_protein	AF-P9WJV0-F1-model_v4 Siderophore exporter MmpL5	0.131	194	159	382	575	501	684	9.184E-02	87
DESULFOASV1_1819_hypothetical_protein	AF-Q5U584-F1-model_v4	DESULFOASV1_1819_hypothetical_protein	AF-Q5U584-F1-model_v4 SH3 domain-binding protein 5-like	0.129	308	245	369	650	61	368	4.904E-03	86
DESULFOASV1_1819_hypothetical_protein	AF-O34638-F1-model_v4	DESULFOASV1_1819_hypothetical_protein	AF-O34638-F1-model_v4 Sensor histidine kinase YkoH	0.114	435	284	7	441	1	321	6.586E-04	86
DESULFOASV1_1819_hypothetical_protein	AF-Q2HWF0-F1-model_v4	DESULFOASV1_1819_hypothetical_protein	AF-Q2HWF0-F1-model_v4 Formin-binding protein 1-like	0.120	303	260	348	650	26	322	3.177E-03	86
DESULFOASV1_1819_hypothetical_protein	AF-P48027-F1-model_v4	DESULFOASV1_1819_hypothetical_protein	AF-P48027-F1-model_v4 Sensor protein GacS	0.132	485	288	21	505	2	334	7.517E-05	86
DESULFOASV1_1819_hypothetical_protein	AF-A5U697-F1-model_v4	DESULFOASV1_1819_hypothetical_protein	AF-A5U697-F1-model_v4 PspA protein	0.154	246	206	404	649	27	270	1.107E-02	84
DESULFOASV1_1819_hypothetical_protein	AF-Q97WH0-F1-model_v4	DESULFOASV1_1819_hypothetical_protein	AF-Q97WH0-F1-model_v4 DNA double-strand break repair Rad50 ATPase	0.104	358	280	305	618	237	594	6.432E-03	84
DESULFOASV1_1819_hypothetical_protein	AF-P0CR46-F1-model_v4	DESULFOASV1_1819_hypothetical_protein	AF-P0CR46-F1-model_v4 Sensitive to high expression protein 9 homolog, mitochondrial	0.096	264	218	387	650	163	404	4.536E-02	83
DESULFOASV1_1819_hypothetical_protein	AF-P44864-F1-model_v4	DESULFOASV1_1819_hypothetical_protein	AF-P44864-F1-model_v4 Uncharacterized protein HI_0756	0.114	263	193	358	620	34	252	6.282E-02	81
DESULFOASV1_1819_hypothetical_protein	AF-Q27174-F1-model_v4	DESULFOASV1_1819_hypothetical_protein	AF-Q27174-F1-model_v4 Trichocyst matrix protein T2-B	0.117	344	263	292	590	2	345	9.404E-03	80
DESULFOASV1_1819_hypothetical_protein	AF-Q5T0N5-F1-model_v4	DESULFOASV1_1819_hypothetical_protein	AF-Q5T0N5-F1-model_v4 Formin-binding protein 1-like	0.124	302	257	348	649	26	319	6.093E-03	80
DESULFOASV1_1819_hypothetical_protein	AF-Q9ZTZ7-F1-model_v4	DESULFOASV1_1819_hypothetical_protein	AF-Q9ZTZ7-F1-model_v4 K(+) efflux antiporter 1, chloroplastic	0.128	279	217	371	649	140	389	4.789E-02	80
DESULFOASV1_1819_hypothetical_protein	AF-A4IH82-F1-model_v4	DESULFOASV1_1819_hypothetical_protein	AF-A4IH82-F1-model_v4 SH3 domain-binding protein 5-like	0.108	301	240	376	645	61	361	8.437E-03	79
DESULFOASV1_1819_hypothetical_protein	AF-Q27173-F1-model_v4	DESULFOASV1_1819_hypothetical_protein	AF-Q27173-F1-model_v4 Trichocyst matrix protein T2-A	0.127	344	260	292	590	2	345	9.404E-03	79
DESULFOASV1_1819_hypothetical_protein	AF-O67124-F1-model_v4	DESULFOASV1_1819_hypothetical_protein	AF-O67124-F1-model_v4 Probable DNA double-strand break repair Rad50 ATPase	0.124	313	250	307	592	299	611	8.907E-03	79
DESULFOASV1_1819_hypothetical_protein	AF-Q6GUF4-F1-model_v4	DESULFOASV1_1819_hypothetical_protein	AF-Q6GUF4-F1-model_v4 Formin-binding protein 1-like	0.115	303	262	348	650	26	322	1.048E-02	78
DESULFOASV1_1819_hypothetical_protein	AF-Q9CCJ1-F1-model_v4	DESULFOASV1_1819_hypothetical_protein	AF-Q9CCJ1-F1-model_v4 Sensor histidine kinase MtrB	0.101	517	318	1	517	8	362	2.618E-04	78
DESULFOASV1_1819_hypothetical_protein	AF-Q9UTJ8-F1-model_v4	DESULFOASV1_1819_hypothetical_protein	AF-Q9UTJ8-F1-model_v4 DNA repair protein rad50	0.105	314	260	302	592	490	803	9.404E-03	78
DESULFOASV1_1819_hypothetical_protein	AF-Q21194-F1-model_v4	DESULFOASV1_1819_hypothetical_protein	AF-Q21194-F1-model_v4 Guanine nucleotide exchange factor rei-2	0.111	274	220	363	636	33	280	1.618E-02	77
DESULFOASV1_1819_hypothetical_protein	AF-P9WGK9-F1-model_v4	DESULFOASV1_1819_hypothetical_protein	AF-P9WGK9-F1-model_v4 Sensor histidine kinase MtrB	0.088	510	296	8	517	37	362	9.120E-04	77
DESULFOASV1_1819_hypothetical_protein	AF-Q8K012-F1-model_v4	DESULFOASV1_1819_hypothetical_protein	AF-Q8K012-F1-model_v4 Formin-binding protein 1-like	0.121	302	258	348	649	26	319	1.375E-02	74
DESULFOASV1_1819_hypothetical_protein	AF-Q91Y80-F1-model_v4	DESULFOASV1_1819_hypothetical_protein	AF-Q91Y80-F1-model_v4 SH3 domain-binding protein 5	0.118	316	252	333	648	12	298	7.991E-03	73
DESULFOASV1_1819_hypothetical_protein	AF-O80796-F1-model_v4	DESULFOASV1_1819_hypothetical_protein	AF-O80796-F1-model_v4 Membrane-associated protein VIPP1, chloroplastic	0.140	247	203	402	648	76	312	1.580E-01	72
DESULFOASV1_1819_hypothetical_protein	AF-P40767-F1-model_v4	DESULFOASV1_1819_hypothetical_protein	AF-P40767-F1-model_v4 Peptidoglycan DL-endopeptidase CwlO	0.146	289	236	361	649	33	309	7.569E-03	72
DESULFOASV1_1819_hypothetical_protein	AF-Q1E9R5-F1-model_v4	DESULFOASV1_1819_hypothetical_protein	AF-Q1E9R5-F1-model_v4 Sensitive to high expression protein 9 homolog, mitochondrial	0.136	257	210	394	650	141	384	3.276E-02	72
DESULFOASV1_1819_hypothetical_protein	AF-P59963-F1-model_v4	DESULFOASV1_1819_hypothetical_protein	AF-P59963-F1-model_v4 Sensor histidine kinase MtrB	0.125	487	300	31	517	19	362	2.918E-04	72
DESULFOASV1_1819_hypothetical_protein	AF-O26640-F1-model_v4	DESULFOASV1_1819_hypothetical_protein	AF-O26640-F1-model_v4 DNA double-strand break repair Rad50 ATPase	0.112	366	274	307	615	222	587	3.739E-03	72
DESULFOASV1_1819_hypothetical_protein	AF-P40294-F1-model_v4	DESULFOASV1_1819_hypothetical_protein	AF-P40294-F1-model_v4 Yop proteins translocation protein O	0.101	150	133	414	563	2	150	1.056E+00	71
DESULFOASV1_1819_hypothetical_protein	AF-Q7L8J4-F1-model_v4	DESULFOASV1_1819_hypothetical_protein	AF-Q7L8J4-F1-model_v4 SH3 domain-binding protein 5-like	0.122	275	220	375	649	59	309	2.850E-03	71
DESULFOASV1_1819_hypothetical_protein	AF-P20075-F1-model_v4	DESULFOASV1_1819_hypothetical_protein	AF-P20075-F1-model_v4 Embryonic protein DC-8	0.158	316	242	333	648	92	379	2.497E-02	71
DESULFOASV1_1819_hypothetical_protein	AF-Q6DCZ7-F1-model_v4	DESULFOASV1_1819_hypothetical_protein	AF-Q6DCZ7-F1-model_v4 Formin-binding protein 1-like	0.113	288	249	348	635	26	307	2.784E-02	70
DESULFOASV1_1819_hypothetical_protein	AF-P62134-F1-model_v4	DESULFOASV1_1819_hypothetical_protein	AF-P62134-F1-model_v4 DNA double-strand break repair Rad50 ATPase	0.104	313	255	305	590	312	624	5.950E-02	70
DESULFOASV1_1819_hypothetical_protein	AF-Q92878-F1-model_v4	DESULFOASV1_1819_hypothetical_protein	AF-Q92878-F1-model_v4 DNA repair protein RAD50	0.094	364	284	305	618	474	837	1.081E-01	70
DESULFOASV1_1819_hypothetical_protein	AF-P9WLH2-F1-model_v4	DESULFOASV1_1819_hypothetical_protein	AF-P9WLH2-F1-model_v4 Uncharacterized protein MT2288	0.103	191	151	384	574	8	176	3.975E-01	69
DESULFOASV1_1819_hypothetical_protein	AF-A0QX22-F1-model_v4	DESULFOASV1_1819_hypothetical_protein	AF-A0QX22-F1-model_v4 Peptidoglycan endopeptidase RipA	0.140	252	182	384	635	45	257	6.282E-02	69
DESULFOASV1_1819_hypothetical_protein	AF-A7EEA6-F1-model_v4	DESULFOASV1_1819_hypothetical_protein	AF-A7EEA6-F1-model_v4 Sensitive to high expression protein 9 homolog, mitochondrial	0.106	276	227	387	641	173	448	7.002E-02	69
DESULFOASV1_1819_hypothetical_protein	AF-Q55CK2-F1-model_v4	DESULFOASV1_1819_hypothetical_protein	AF-Q55CK2-F1-model_v4 Mental retardation GTPase activating protein homolog 2	0.114	338	270	330	635	8	345	1.618E-02	69
DESULFOASV1_1819_hypothetical_protein	AF-Q99LH9-F1-model_v4	DESULFOASV1_1819_hypothetical_protein	AF-Q99LH9-F1-model_v4 SH3 domain-binding protein 5-like	0.120	272	216	375	646	59	304	5.466E-03	67
DESULFOASV1_1819_hypothetical_protein	AF-Q9H2F9-F1-model_v4	DESULFOASV1_1819_hypothetical_protein	AF-Q9H2F9-F1-model_v4 Coiled-coil domain-containing protein 68	0.129	231	194	330	553	71	301	4.677E-01	66
DESULFOASV1_1819_hypothetical_protein	AF-Q5R9X9-F1-model_v4	DESULFOASV1_1819_hypothetical_protein	AF-Q5R9X9-F1-model_v4 SH3 domain-binding protein 5-like	0.126	272	215	375	646	59	305	4.400E-03	66
DESULFOASV1_1819_hypothetical_protein	AF-Q04172-F1-model_v4	DESULFOASV1_1819_hypothetical_protein	AF-Q04172-F1-model_v4 Sensitive to high expression protein 9, mitochondrial	0.119	334	282	330	650	49	382	2.122E-02	65
DESULFOASV1_1819_hypothetical_protein	AF-Q5W7C6-F1-model_v4	DESULFOASV1_1819_hypothetical_protein	AF-Q5W7C6-F1-model_v4 Kinesin-like protein KIN-5A	0.157	303	239	307	590	609	911	7.002E-02	65
DESULFOASV1_1819_hypothetical_protein	AF-Q8PUY4-F1-model_v4	DESULFOASV1_1819_hypothetical_protein	AF-Q8PUY4-F1-model_v4 DNA double-strand break repair Rad50 ATPase	0.138	303	240	312	590	381	683	2.637E-02	65
DESULFOASV1_1819_hypothetical_protein	AF-P9WHP5-F1-model_v4	DESULFOASV1_1819_hypothetical_protein	AF-P9WHP5-F1-model_v4 PspA protein	0.139	264	226	387	649	7	270	2.637E-02	64
DESULFOASV1_1819_hypothetical_protein	AF-P28025-F1-model_v4	DESULFOASV1_1819_hypothetical_protein	AF-P28025-F1-model_v4 Kinesin-like protein KIF11-B	0.134	441	312	275	635	499	939	1.803E-02	64
DESULFOASV1_1819_hypothetical_protein	AF-P9WHP4-F1-model_v4	DESULFOASV1_1819_hypothetical_protein	AF-P9WHP4-F1-model_v4 PspA protein	0.149	246	207	404	649	27	270	2.122E-02	63
DESULFOASV1_1819_hypothetical_protein	AF-P0DPR6-F1-model_v4	DESULFOASV1_1819_hypothetical_protein	AF-P0DPR6-F1-model_v4 Colistin resistance protein EmrA	0.096	135	118	406	540	92	222	9.998E-01	63
DESULFOASV1_1819_hypothetical_protein	AF-O60239-F1-model_v4	DESULFOASV1_1819_hypothetical_protein	AF-O60239-F1-model_v4 SH3 domain-binding protein 5	0.133	287	218	362	648	45	296	1.168E-02	63
DESULFOASV1_1819_hypothetical_protein	AF-P09883-F1-model_v4	DESULFOASV1_1819_hypothetical_protein	AF-P09883-F1-model_v4 Colicin-E9	0.107	139	121	411	549	317	452	2.870E-01	63
DESULFOASV1_1819_hypothetical_protein	AF-Q47112-F1-model_v4	DESULFOASV1_1819_hypothetical_protein	AF-Q47112-F1-model_v4 Colicin-E7	0.092	148	131	405	549	299	446	2.719E-01	62
DESULFOASV1_1819_hypothetical_protein	AF-Q9HRW3-F1-model_v4	DESULFOASV1_1819_hypothetical_protein	AF-Q9HRW3-F1-model_v4 DNA double-strand break repair Rad50 ATPase	0.129	350	253	301	592	242	591	3.103E-02	62
DESULFOASV1_1819_hypothetical_protein	AF-Q03943-F1-model_v4	DESULFOASV1_1819_hypothetical_protein	AF-Q03943-F1-model_v4 Membrane-associated 30 kDa protein, chloroplastic	0.170	233	181	418	650	86	304	8.240E-02	61
DESULFOASV1_1819_hypothetical_protein	AF-Q2TWP5-F1-model_v4	DESULFOASV1_1819_hypothetical_protein	AF-Q2TWP5-F1-model_v4 Sensitive to high expression protein 9 homolog, mitochondrial	0.135	224	181	412	635	2	211	6.632E-02	61
DESULFOASV1_1819_hypothetical_protein	AF-Q8R511-F1-model_v4	DESULFOASV1_1819_hypothetical_protein	AF-Q8R511-F1-model_v4 Formin-binding protein 1	0.132	307	260	341	647	12	312	5.950E-02	61
DESULFOASV1_1819_hypothetical_protein	AF-P52732-F1-model_v4	DESULFOASV1_1819_hypothetical_protein	AF-P52732-F1-model_v4 Kinesin-like protein KIF11	0.122	284	248	307	590	570	852	7.805E-02	61
DESULFOASV1_1819_hypothetical_protein	AF-F1M5N7-F1-model_v4	DESULFOASV1_1819_hypothetical_protein	AF-F1M5N7-F1-model_v4 Kinesin-like protein KIF21B	0.121	250	201	401	650	622	851	3.975E-01	61
DESULFOASV1_1819_hypothetical_protein	AF-P97531-F1-model_v4	DESULFOASV1_1819_hypothetical_protein	AF-P97531-F1-model_v4 Cdc42-interacting protein 4	0.110	297	263	354	650	25	321	7.805E-02	60
DESULFOASV1_1819_hypothetical_protein	AF-P17999-F1-model_v4	DESULFOASV1_1819_hypothetical_protein	AF-P17999-F1-model_v4 Colicin-E6	0.102	155	134	394	548	301	450	3.566E-01	60
DESULFOASV1_1819_hypothetical_protein	AF-Q6S003-F1-model_v4	DESULFOASV1_1819_hypothetical_protein	AF-Q6S003-F1-model_v4 Kinesin-related protein 8	0.106	251	215	399	649	717	957	3.566E-01	60
DESULFOASV1_1819_hypothetical_protein	AF-Q569C1-F1-model_v4	DESULFOASV1_1819_hypothetical_protein	AF-Q569C1-F1-model_v4 Charged multivesicular body protein 4c	0.175	205	159	435	639	22	215	2.439E-01	59
DESULFOASV1_1819_hypothetical_protein	AF-Q0CFC0-F1-model_v4	DESULFOASV1_1819_hypothetical_protein	AF-Q0CFC0-F1-model_v4 Sensitive to high expression protein 9 homolog, mitochondrial	0.117	247	200	403	649	145	372	7.393E-02	59
DESULFOASV1_1819_hypothetical_protein	AF-P0CR47-F1-model_v4	DESULFOASV1_1819_hypothetical_protein	AF-P0CR47-F1-model_v4 Sensitive to high expression protein 9 homolog, mitochondrial	0.143	263	219	388	650	149	404	1.024E-01	59
DESULFOASV1_1819_hypothetical_protein	AF-P00646-F1-model_v4	DESULFOASV1_1819_hypothetical_protein	AF-P00646-F1-model_v4 Colicin-E3	0.121	156	131	394	549	301	450	3.378E-01	59
DESULFOASV1_1819_hypothetical_protein	AF-A6ZYZ4-F1-model_v4	DESULFOASV1_1819_hypothetical_protein	AF-A6ZYZ4-F1-model_v4 Sensitive to high expression protein 9, mitochondrial	0.110	334	285	330	650	49	382	4.536E-02	58
DESULFOASV1_1819_hypothetical_protein	AF-Q9Z131-F1-model_v4	DESULFOASV1_1819_hypothetical_protein	AF-Q9Z131-F1-model_v4 SH3 domain-binding protein 5	0.129	320	254	330	649	10	302	1.234E-02	58
DESULFOASV1_1819_hypothetical_protein	AF-Q7S9I1-F1-model_v4	DESULFOASV1_1819_hypothetical_protein	AF-Q7S9I1-F1-model_v4 Sensitive to high expression protein 9 homolog, mitochondrial	0.117	266	230	387	648	172	437	7.622E-01	58
DESULFOASV1_1819_hypothetical_protein	AF-P70388-F1-model_v4	DESULFOASV1_1819_hypothetical_protein	AF-P70388-F1-model_v4 DNA repair protein RAD50	0.083	333	286	306	618	505	837	3.566E-01	58
DESULFOASV1_1819_hypothetical_protein	AF-A2R3F3-F1-model_v4	DESULFOASV1_1819_hypothetical_protein	AF-A2R3F3-F1-model_v4 Sensitive to high expression protein 9 homolog, mitochondrial	0.131	245	203	391	635	144	378	1.963E-01	57
DESULFOASV1_1819_hypothetical_protein	AF-Q09857-F1-model_v4	DESULFOASV1_1819_hypothetical_protein	AF-Q09857-F1-model_v4 Intracellular protein transport protein uso1	0.119	326	255	277	602	776	1066	4.430E-01	57
DESULFOASV1_1819_hypothetical_protein	AF-Q6GNV5-F1-model_v4	DESULFOASV1_1819_hypothetical_protein	AF-Q6GNV5-F1-model_v4 Formin-binding protein 1 homolog	0.102	302	270	348	649	12	313	1.803E-02	56
DESULFOASV1_1819_hypothetical_protein	AF-Q96YR5-F1-model_v4	DESULFOASV1_1819_hypothetical_protein	AF-Q96YR5-F1-model_v4 DNA double-strand break repair Rad50 ATPase	0.126	314	272	307	618	294	607	2.241E-02	56
DESULFOASV1_1819_hypothetical_protein	AF-Q6BSH2-F1-model_v4	DESULFOASV1_1819_hypothetical_protein	AF-Q6BSH2-F1-model_v4 Vacuolar-sorting protein SNF7	0.140	218	165	429	646	11	203	1.860E-01	55
DESULFOASV1_1819_hypothetical_protein	AF-Q9EQ09-F1-model_v4	DESULFOASV1_1819_hypothetical_protein	AF-Q9EQ09-F1-model_v4 Oxidized low-density lipoprotein receptor 1	0.153	236	180	330	565	17	229	9.470E-01	55
DESULFOASV1_1819_hypothetical_protein	AF-A1CB06-F1-model_v4	DESULFOASV1_1819_hypothetical_protein	AF-A1CB06-F1-model_v4 Sensitive to high expression protein 9 homolog, mitochondrial	0.143	255	206	396	650	146	386	2.575E-01	55
DESULFOASV1_1819_hypothetical_protein	AF-B2RPU2-F1-model_v4	DESULFOASV1_1819_hypothetical_protein	AF-B2RPU2-F1-model_v4 Pleckstrin homology domain-containing family D member 1	0.100	487	383	146	632	35	460	4.789E-02	55
DESULFOASV1_1819_hypothetical_protein	AF-A6NEE1-F1-model_v4	DESULFOASV1_1819_hypothetical_protein	AF-A6NEE1-F1-model_v4 Pleckstrin homology domain-containing family D member 1	0.128	486	370	146	631	35	459	2.010E-02	55
DESULFOASV1_1819_hypothetical_protein	AF-A5DVB1-F1-model_v4	DESULFOASV1_1819_hypothetical_protein	AF-A5DVB1-F1-model_v4 Sensitive to high expression protein 9 homolog, mitochondrial	0.090	262	216	387	648	170	407	1.242E+00	55
DESULFOASV1_1819_hypothetical_protein	AF-A9ZLL8-F1-model_v4	DESULFOASV1_1819_hypothetical_protein	AF-A9ZLL8-F1-model_v4 Protein lsd90	0.154	411	310	276	642	221	631	2.073E-01	55
DESULFOASV1_1819_hypothetical_protein	AF-Q6ZQ29-F1-model_v4	DESULFOASV1_1819_hypothetical_protein	AF-Q6ZQ29-F1-model_v4 Serine/threonine-protein kinase TAO2	0.139	317	272	330	646	470	786	3.103E-02	55
DESULFOASV1_1819_hypothetical_protein	AF-Q6BJ94-F1-model_v4	DESULFOASV1_1819_hypothetical_protein	AF-Q6BJ94-F1-model_v4 Sensitive to high expression protein 9 homolog, mitochondrial	0.122	263	214	387	649	151	395	2.188E-01	54
DESULFOASV1_1819_hypothetical_protein	AF-B2GU58-F1-model_v4	DESULFOASV1_1819_hypothetical_protein	AF-B2GU58-F1-model_v4 Kinesin-like protein KIF11	0.131	443	315	273	635	497	939	5.338E-02	54
DESULFOASV1_1819_hypothetical_protein	AF-Q9D7F7-F1-model_v4	DESULFOASV1_1819_hypothetical_protein	AF-Q9D7F7-F1-model_v4 Charged multivesicular body protein 4c	0.177	203	157	435	637	22	213	5.214E-01	53
DESULFOASV1_1819_hypothetical_protein	AF-A7THM1-F1-model_v4	DESULFOASV1_1819_hypothetical_protein	AF-A7THM1-F1-model_v4 Sensitive to high expression protein 9 homolog, mitochondrial	0.126	333	267	330	635	64	396	5.636E-02	53
DESULFOASV1_1819_hypothetical_protein	AF-Q753C3-F1-model_v4	DESULFOASV1_1819_hypothetical_protein	AF-Q753C3-F1-model_v4 Sensitive to high expression protein 9 homolog, mitochondrial	0.107	345	282	333	649	32	376	1.272E-01	53
DESULFOASV1_1819_hypothetical_protein	AF-O13154-F1-model_v4	DESULFOASV1_1819_hypothetical_protein	AF-O13154-F1-model_v4 Protein kinase C and casein kinase substrate in neurons protein 2	0.115	290	248	355	635	39	328	1.761E-01	53
DESULFOASV1_1819_hypothetical_protein	AF-P32985-F1-model_v4	DESULFOASV1_1819_hypothetical_protein	AF-P32985-F1-model_v4 Protein bps2	0.091	393	321	239	592	60	452	1.168E-02	53
DESULFOASV1_1819_hypothetical_protein	AF-P50090-F1-model_v4	DESULFOASV1_1819_hypothetical_protein	AF-P50090-F1-model_v4 Kelch repeat-containing protein 2	0.112	310	256	330	618	541	850	4.297E-02	53
DESULFOASV1_1819_hypothetical_protein	AF-Q7NAT4-F1-model_v4	DESULFOASV1_1819_hypothetical_protein	AF-Q7NAT4-F1-model_v4 Cytadherence high molecular weight protein 1	0.129	246	171	405	650	1696	1892	4.430E-01	53
DESULFOASV1_1819_hypothetical_protein	AF-O70156-F1-model_v4	DESULFOASV1_1819_hypothetical_protein	AF-O70156-F1-model_v4 Oxidized low-density lipoprotein receptor 1	0.138	237	176	330	566	26	230	1.543E+00	52
DESULFOASV1_1819_hypothetical_protein	AF-Q6ZMJ2-F1-model_v4	DESULFOASV1_1819_hypothetical_protein	AF-Q6ZMJ2-F1-model_v4 Scavenger receptor class A member 5	0.096	306	250	330	635	45	322	8.970E-01	52
DESULFOASV1_1819_hypothetical_protein	AF-Q4WV30-F1-model_v4	DESULFOASV1_1819_hypothetical_protein	AF-Q4WV30-F1-model_v4 Sensitive to high expression protein 9 homolog, mitochondrial	0.100	263	221	387	649	137	383	4.196E-01	52
DESULFOASV1_1819_hypothetical_protein	AF-P33698-F1-model_v4	DESULFOASV1_1819_hypothetical_protein	AF-P33698-F1-model_v4 Succinoglycan biosynthesis transport protein ExoP	0.146	304	235	316	591	134	437	6.282E-02	52
DESULFOASV1_1819_hypothetical_protein	AF-F4J1U4-F1-model_v4	DESULFOASV1_1819_hypothetical_protein	AF-F4J1U4-F1-model_v4 Kinesin-like protein KIN-12E	0.117	366	277	278	592	836	1201	5.056E-02	52
DESULFOASV1_1819_hypothetical_protein	AF-Q9JIL8-F1-model_v4	DESULFOASV1_1819_hypothetical_protein	AF-Q9JIL8-F1-model_v4 DNA repair protein RAD50	0.113	334	278	305	618	504	837	3.030E-01	52
DESULFOASV1_1819_hypothetical_protein	AF-Q9QXL1-F1-model_v4	DESULFOASV1_1819_hypothetical_protein	AF-Q9QXL1-F1-model_v4 Kinesin-like protein KIF21B	0.121	250	201	401	650	627	856	8.970E-01	52
DESULFOASV1_1819_hypothetical_protein	AF-Q6GNN8-F1-model_v4	DESULFOASV1_1819_hypothetical_protein	AF-Q6GNN8-F1-model_v4 Charged multivesicular body protein 4c	0.144	201	152	435	635	26	204	2.310E-01	51
DESULFOASV1_1819_hypothetical_protein	AF-A7MBI0-F1-model_v4	DESULFOASV1_1819_hypothetical_protein	AF-A7MBI0-F1-model_v4 Protein kinase C and casein kinase substrate in neurons protein 1	0.130	295	244	355	649	40	321	1.024E-01	51
DESULFOASV1_1819_hypothetical_protein	AF-Q19253-F1-model_v4	DESULFOASV1_1819_hypothetical_protein	AF-Q19253-F1-model_v4 Transducer of Cdc42-dependent actin assembly protein 1 homolog	0.086	320	277	346	649	9	328	2.719E-01	51
DESULFOASV1_1819_hypothetical_protein	AF-Q58G59-F1-model_v4	DESULFOASV1_1819_hypothetical_protein	AF-Q58G59-F1-model_v4 Kinesin-like protein kif7	0.136	213	181	406	618	716	926	2.137E+00	51
DESULFOASV1_1819_hypothetical_protein	AF-Q9QXL2-F1-model_v4	DESULFOASV1_1819_hypothetical_protein	AF-Q9QXL2-F1-model_v4 Kinesin-like protein KIF21A	0.102	251	214	399	649	637	875	2.024E+00	51
DESULFOASV1_1819_hypothetical_protein	AF-E9PSL7-F1-model_v4	DESULFOASV1_1819_hypothetical_protein	AF-E9PSL7-F1-model_v4 Citron rho-interacting kinase	0.099	346	297	275	620	650	980	1.917E+00	51
DESULFOASV1_1819_hypothetical_protein	AF-Q9P6N3-F1-model_v4	DESULFOASV1_1819_hypothetical_protein	AF-Q9P6N3-F1-model_v4 Sensitive to high expression protein 9 homolog, mitochondrial	0.135	231	194	413	643	26	250	3.975E-01	50
DESULFOASV1_1819_hypothetical_protein	AF-Q6FK33-F1-model_v4	DESULFOASV1_1819_hypothetical_protein	AF-Q6FK33-F1-model_v4 Sensitive to high expression protein 9 homolog, mitochondrial	0.105	323	273	330	635	37	359	2.439E-01	50
DESULFOASV1_1819_hypothetical_protein	AF-P19401-F1-model_v4	DESULFOASV1_1819_hypothetical_protein	AF-P19401-F1-model_v4 M protein, serotype 12	0.126	314	267	305	618	60	365	3.299E+00	50
DESULFOASV1_1819_hypothetical_protein	AF-P0C149-F1-model_v4	DESULFOASV1_1819_hypothetical_protein	AF-P0C149-F1-model_v4 Vacuolar-sorting protein SNF7	0.150	210	162	426	635	11	201	1.720E+00	49
DESULFOASV1_1819_hypothetical_protein	AF-Q6FW96-F1-model_v4	DESULFOASV1_1819_hypothetical_protein	AF-Q6FW96-F1-model_v4 Vacuolar-sorting protein SNF7	0.126	220	166	429	648	11	201	1.497E-01	49
DESULFOASV1_1819_hypothetical_protein	AF-P9WJU2-F1-model_v4	DESULFOASV1_1819_hypothetical_protein	AF-P9WJU2-F1-model_v4 Probable transport protein MmpL9	0.103	210	166	381	590	494	679	6.135E-01	49
DESULFOASV1_1819_hypothetical_protein	AF-Q75LL2-F1-model_v4	DESULFOASV1_1819_hypothetical_protein	AF-Q75LL2-F1-model_v4 Kinesin-like protein KIN-12G	0.128	347	282	293	616	891	1237	9.697E-02	49
DESULFOASV1_1819_hypothetical_protein	AF-Q61644-F1-model_v4	DESULFOASV1_1819_hypothetical_protein	AF-Q61644-F1-model_v4 Protein kinase C and casein kinase substrate in neurons protein 1	0.123	302	259	348	649	23	318	1.272E-01	48
DESULFOASV1_1819_hypothetical_protein	AF-A1DEC4-F1-model_v4	DESULFOASV1_1819_hypothetical_protein	AF-A1DEC4-F1-model_v4 Sensitive to high expression protein 9 homolog, mitochondrial	0.105	259	216	391	649	137	378	6.135E-01	48
DESULFOASV1_1819_hypothetical_protein	AF-Q5A0L7-F1-model_v4	DESULFOASV1_1819_hypothetical_protein	AF-Q5A0L7-F1-model_v4 Sensitive to high expression protein 9 homolog, mitochondrial	0.127	289	250	333	621	203	489	1.177E+00	48
DESULFOASV1_1819_hypothetical_protein	AF-P37535-F1-model_v4	DESULFOASV1_1819_hypothetical_protein	AF-P37535-F1-model_v4 Uncharacterized protein YaaN	0.125	314	247	305	618	66	348	5.504E-01	47
DESULFOASV1_1819_hypothetical_protein	AF-Q9Z0W5-F1-model_v4	DESULFOASV1_1819_hypothetical_protein	AF-Q9Z0W5-F1-model_v4 Protein kinase C and casein kinase substrate in neurons protein 1	0.126	316	265	334	649	15	318	1.081E-01	47
DESULFOASV1_1819_hypothetical_protein	AF-O33600-F1-model_v4	DESULFOASV1_1819_hypothetical_protein	AF-O33600-F1-model_v4 DNA double-strand break repair Rad50 ATPase	0.115	337	278	305	619	243	579	5.056E-02	47
DESULFOASV1_1819_hypothetical_protein	AF-B7LP17-F1-model_v4	DESULFOASV1_1819_hypothetical_protein	AF-B7LP17-F1-model_v4 Protein phosphatase CheZ	0.107	154	133	390	539	15	168	2.960E+00	46
DESULFOASV1_1819_hypothetical_protein	AF-Q9DDA9-F1-model_v4	DESULFOASV1_1819_hypothetical_protein	AF-Q9DDA9-F1-model_v4 Protein kinase C and casein kinase substrate in neurons protein 2	0.104	305	263	355	649	39	343	2.188E-01	46
DESULFOASV1_1819_hypothetical_protein	AF-Q6ZBF6-F1-model_v4	DESULFOASV1_1819_hypothetical_protein	AF-Q6ZBF6-F1-model_v4 Proton pump-interactor BIP131	0.109	330	244	371	645	89	418	1.081E-01	46
DESULFOASV1_1819_hypothetical_protein	AF-Q54CS9-F1-model_v4	DESULFOASV1_1819_hypothetical_protein	AF-Q54CS9-F1-model_v4 DNA repair protein RAD50	0.100	342	275	312	618	549	890	3.199E-01	46
DESULFOASV1_1819_hypothetical_protein	AF-P69771-F1-model_v4	DESULFOASV1_1819_hypothetical_protein	AF-P69771-F1-model_v4 Vacuolar protein-sorting-associated protein 46	0.148	196	166	423	618	4	199	4.196E-01	45
DESULFOASV1_1819_hypothetical_protein	AF-Q6CJL0-F1-model_v4	DESULFOASV1_1819_hypothetical_protein	AF-Q6CJL0-F1-model_v4 Vacuolar-sorting protein SNF7	0.149	222	165	429	650	10	204	5.504E-01	45
DESULFOASV1_1819_hypothetical_protein	AF-Q9WVE8-F1-model_v4	DESULFOASV1_1819_hypothetical_protein	AF-Q9WVE8-F1-model_v4 Protein kinase C and casein kinase substrate in neurons protein 2	0.100	332	270	348	648	25	356	1.668E-01	45
DESULFOASV1_1819_hypothetical_protein	AF-Q9QY17-F1-model_v4	DESULFOASV1_1819_hypothetical_protein	AF-Q9QY17-F1-model_v4 Protein kinase C and casein kinase substrate in neurons 2 protein	0.100	302	264	356	649	40	341	2.310E-01	45
DESULFOASV1_1819_hypothetical_protein	AF-Q9UQB8-F1-model_v4	DESULFOASV1_1819_hypothetical_protein	AF-Q9UQB8-F1-model_v4 Brain-specific angiogenesis inhibitor 1-associated protein 2	0.073	266	220	400	637	2	267	5.811E-01	45
DESULFOASV1_1819_hypothetical_protein	AF-Q9HHY2-F1-model_v4	DESULFOASV1_1819_hypothetical_protein	AF-Q9HHY2-F1-model_v4 Smc-like protein Sph2	0.116	426	335	239	618	82	507	1.904E-02	45
DESULFOASV1_1819_hypothetical_protein	AF-B8GZ28-F1-model_v4	DESULFOASV1_1819_hypothetical_protein	AF-B8GZ28-F1-model_v4 Chromosome partition protein Smc	0.098	379	249	341	617	378	756	2.256E+00	45
DESULFOASV1_1819_hypothetical_protein	AF-Q8XCG0-F1-model_v4	DESULFOASV1_1819_hypothetical_protein	AF-Q8XCG0-F1-model_v4 Protein phosphatase CheZ	0.109	151	130	393	539	18	168	3.882E+00	44
DESULFOASV1_1819_hypothetical_protein	AF-P0A9H9-F1-model_v4	DESULFOASV1_1819_hypothetical_protein	AF-P0A9H9-F1-model_v4 Protein phosphatase CheZ	0.096	151	133	393	543	18	165	3.299E+00	44
DESULFOASV1_1819_hypothetical_protein	AF-Q96CF2-F1-model_v4	DESULFOASV1_1819_hypothetical_protein	AF-Q96CF2-F1-model_v4 Charged multivesicular body protein 4c	0.139	212	162	435	646	22	210	6.477E-01	44
DESULFOASV1_1819_hypothetical_protein	AF-Q9BY11-F1-model_v4	DESULFOASV1_1819_hypothetical_protein	AF-Q9BY11-F1-model_v4 Protein kinase C and casein kinase substrate in neurons protein 1	0.127	295	245	355	649	40	321	2.719E-01	43
DESULFOASV1_1819_hypothetical_protein	AF-Q9UNF0-F1-model_v4	DESULFOASV1_1819_hypothetical_protein	AF-Q9UNF0-F1-model_v4 Protein kinase C and casein kinase substrate in neurons protein 2	0.103	317	256	365	650	28	344	3.378E-01	43
DESULFOASV1_1819_hypothetical_protein	AF-P82266-F1-model_v4	DESULFOASV1_1819_hypothetical_protein	AF-P82266-F1-model_v4 Kinesin-like protein KIN-5C	0.119	393	289	307	635	562	954	2.241E-02	43
DESULFOASV1_1819_hypothetical_protein	AF-Q6P9P6-F1-model_v4	DESULFOASV1_1819_hypothetical_protein	AF-Q6P9P6-F1-model_v4 Kinesin-like protein KIF11	0.137	478	325	272	649	507	984	7.393E-02	43
DESULFOASV1_1819_hypothetical_protein	AF-B8H364-F1-model_v4	DESULFOASV1_1819_hypothetical_protein	AF-B8H364-F1-model_v4 Flagellar FliJ protein	0.131	129	111	428	556	5	133	3.125E+00	42
DESULFOASV1_1819_hypothetical_protein	AF-Q7CIX9-F1-model_v4	DESULFOASV1_1819_hypothetical_protein	AF-Q7CIX9-F1-model_v4 Protein phosphatase CheZ	0.117	158	135	386	539	11	168	4.098E+00	42
DESULFOASV1_1819_hypothetical_protein	AF-P37626-F1-model_v4	DESULFOASV1_1819_hypothetical_protein	AF-P37626-F1-model_v4 Uncharacterized protein YhiI	0.149	134	110	407	540	83	212	7.051E+00	42
DESULFOASV1_1819_hypothetical_protein	AF-Q9WV78-F1-model_v4	DESULFOASV1_1819_hypothetical_protein	AF-Q9WV78-F1-model_v4 Plasmalemma vesicle-associated protein	0.137	362	310	277	638	51	410	8.047E-01	42
DESULFOASV1_1819_hypothetical_protein	AF-B0R9L6-F1-model_v4	DESULFOASV1_1819_hypothetical_protein	AF-B0R9L6-F1-model_v4 Smc-like protein Sph2	0.109	420	313	239	590	82	501	9.697E-02	42
DESULFOASV1_1819_hypothetical_protein	AF-Q8TDY4-F1-model_v4	DESULFOASV1_1819_hypothetical_protein	AF-Q8TDY4-F1-model_v4 Arf-GAP with SH3 domain, ANK repeat and PH domain-containing protein 3	0.113	325	250	309	633	7	289	4.196E-01	41
DESULFOASV1_1819_hypothetical_protein	AF-Q1AAU6-F1-model_v4	DESULFOASV1_1819_hypothetical_protein	AF-Q1AAU6-F1-model_v4 Arf-GAP with SH3 domain, ANK repeat and PH domain-containing protein 1	0.114	271	206	403	636	46	316	2.073E-01	41
DESULFOASV1_1819_hypothetical_protein	AF-P87061-F1-model_v4	DESULFOASV1_1819_hypothetical_protein	AF-P87061-F1-model_v4 Tip elongation aberrant protein 1	0.123	325	272	273	597	697	1007	9.998E-01	41
DESULFOASV1_1819_hypothetical_protein	AF-Q9SL02-F1-model_v4	DESULFOASV1_1819_hypothetical_protein	AF-Q9SL02-F1-model_v4 DNA repair protein RAD50	0.129	354	250	305	592	503	856	2.073E-01	41
DESULFOASV1_1819_hypothetical_protein	AF-Q54VQ7-F1-model_v4	DESULFOASV1_1819_hypothetical_protein	AF-Q54VQ7-F1-model_v4 Type-2 histone deacetylase 2	0.110	297	252	310	606	755	1038	2.073E-01	41
DESULFOASV1_1819_hypothetical_protein	AF-Q3Z2Q9-F1-model_v4	DESULFOASV1_1819_hypothetical_protein	AF-Q3Z2Q9-F1-model_v4 Protein phosphatase CheZ	0.109	151	130	393	539	18	168	5.992E+00	40
DESULFOASV1_1819_hypothetical_protein	AF-P0A9I0-F1-model_v4	DESULFOASV1_1819_hypothetical_protein	AF-P0A9I0-F1-model_v4 Protein phosphatase CheZ	0.096	151	133	393	543	18	165	5.376E+00	40
DESULFOASV1_1819_hypothetical_protein	AF-Q7ZVC4-F1-model_v4	DESULFOASV1_1819_hypothetical_protein	AF-Q7ZVC4-F1-model_v4 Charged multivesicular body protein 4b	0.143	195	157	435	618	20	214	1.242E+00	40
DESULFOASV1_1819_hypothetical_protein	AF-Q753W3-F1-model_v4	DESULFOASV1_1819_hypothetical_protein	AF-Q753W3-F1-model_v4 Vacuolar-sorting protein SNF7	0.168	223	166	427	649	10	209	8.970E-01	40
DESULFOASV1_1819_hypothetical_protein	AF-P9WJD3-F1-model_v4	DESULFOASV1_1819_hypothetical_protein	AF-P9WJD3-F1-model_v4 ESX-1 secretion-associated protein EspE	0.124	239	192	431	650	4	242	1.056E+00	40
DESULFOASV1_1819_hypothetical_protein	AF-Q99JB8-F1-model_v4	DESULFOASV1_1819_hypothetical_protein	AF-Q99JB8-F1-model_v4 Protein kinase C and casein kinase II substrate protein 3	0.104	320	276	330	649	10	318	3.765E-01	40
DESULFOASV1_1819_hypothetical_protein	AF-Q9P3W6-F1-model_v4	DESULFOASV1_1819_hypothetical_protein	AF-Q9P3W6-F1-model_v4 Uncharacterized protein C458.02c	0.128	251	215	368	618	14	261	1.462E+00	40
DESULFOASV1_1819_hypothetical_protein	AF-Q9X1X1-F1-model_v4	DESULFOASV1_1819_hypothetical_protein	AF-Q9X1X1-F1-model_v4 Probable DNA double-strand break repair Rad50 ATPase	0.105	542	340	210	590	48	589	4.536E-02	40
DESULFOASV1_1819_hypothetical_protein	AF-P05659-F1-model_v4	DESULFOASV1_1819_hypothetical_protein	AF-P05659-F1-model_v4 Myosin-2 heavy chain, non muscle	0.148	343	287	276	618	1064	1401	3.765E-01	40
DESULFOASV1_1819_hypothetical_protein	AF-P67474-F1-model_v4	DESULFOASV1_1819_hypothetical_protein	AF-P67474-F1-model_v4 Probable endopeptidase Mb2213c	0.119	177	145	364	540	39	204	1.816E+00	39
DESULFOASV1_1819_hypothetical_protein	AF-P37690-F1-model_v4	DESULFOASV1_1819_hypothetical_protein	AF-P37690-F1-model_v4 Murein hydrolase activator EnvC	0.117	235	172	384	618	41	236	1.720E+00	39
DESULFOASV1_1819_hypothetical_protein	AF-Q5R411-F1-model_v4	DESULFOASV1_1819_hypothetical_protein	AF-Q5R411-F1-model_v4 Protein kinase C and casein kinase substrate in neurons protein 1	0.115	295	250	355	649	40	323	6.135E-01	39
DESULFOASV1_1819_hypothetical_protein	AF-Q91783-F1-model_v4	DESULFOASV1_1819_hypothetical_protein	AF-Q91783-F1-model_v4 Kinesin-like protein KIF11-A	0.124	502	329	273	649	504	1005	2.122E-02	39
DESULFOASV1_1819_hypothetical_protein	AF-Q9VJE5-F1-model_v4	DESULFOASV1_1819_hypothetical_protein	AF-Q9VJE5-F1-model_v4 Restin homolog	0.112	350	283	270	619	666	985	2.137E+00	39
DESULFOASV1_1819_hypothetical_protein	AF-C6UY58-F1-model_v4	DESULFOASV1_1819_hypothetical_protein	AF-C6UY58-F1-model_v4 Protein phosphatase CheZ	0.109	151	130	393	539	18	168	7.051E+00	38
DESULFOASV1_1819_hypothetical_protein	AF-Q04272-F1-model_v4	DESULFOASV1_1819_hypothetical_protein	AF-Q04272-F1-model_v4 Vacuolar protein sorting-associated protein 20	0.075	209	189	428	632	13	221	1.816E+00	38
DESULFOASV1_1819_hypothetical_protein	AF-Q9CBS9-F1-model_v4	DESULFOASV1_1819_hypothetical_protein	AF-Q9CBS9-F1-model_v4 Uncharacterized protein ML1638	0.142	170	132	398	567	2	156	2.960E+00	38
DESULFOASV1_1819_hypothetical_protein	AF-Q9VAC8-F1-model_v4	DESULFOASV1_1819_hypothetical_protein	AF-Q9VAC8-F1-model_v4 Spindle assembly abnormal protein 6 homolog	0.163	502	389	133	634	7	472	5.214E-01	38
DESULFOASV1_1819_hypothetical_protein	AF-Q9YFZ1-F1-model_v4	DESULFOASV1_1819_hypothetical_protein	AF-Q9YFZ1-F1-model_v4 DNA double-strand break repair Rad50 ATPase	0.097	593	438	105	590	4	596	5.056E-02	38
DESULFOASV1_1819_hypothetical_protein	AF-B9F7C8-F1-model_v4	DESULFOASV1_1819_hypothetical_protein	AF-B9F7C8-F1-model_v4 Kinesin-like protein KIN-5B	0.114	381	294	303	635	599	979	1.418E-01	38
DESULFOASV1_1819_hypothetical_protein	AF-P9WGF3-F1-model_v4	DESULFOASV1_1819_hypothetical_protein	AF-P9WGF3-F1-model_v4 Chromosome partition protein Smc	0.122	448	274	305	617	346	793	2.256E+00	38
DESULFOASV1_1819_hypothetical_protein	AF-Q60375-F1-model_v4	DESULFOASV1_1819_hypothetical_protein	AF-Q60375-F1-model_v4 Uncharacterized protein MJ0063	0.152	186	148	349	534	3	178	1.385E+00	37
DESULFOASV1_1819_hypothetical_protein	AF-Q8Z5V3-F1-model_v4	DESULFOASV1_1819_hypothetical_protein	AF-Q8Z5V3-F1-model_v4 Protein phosphatase CheZ	0.110	151	130	393	539	18	168	6.326E+00	37
DESULFOASV1_1819_hypothetical_protein	AF-Q0TGV2-F1-model_v4	DESULFOASV1_1819_hypothetical_protein	AF-Q0TGV2-F1-model_v4 Protein phosphatase CheZ	0.096	151	133	393	543	18	165	7.051E+00	37
DESULFOASV1_1819_hypothetical_protein	AF-Q8IL52-F1-model_v4	DESULFOASV1_1819_hypothetical_protein	AF-Q8IL52-F1-model_v4 Uncharacterized protein PF14_0397	0.087	210	184	428	637	12	213	1.056E+00	37
DESULFOASV1_1819_hypothetical_protein	AF-A9AD42-F1-model_v4	DESULFOASV1_1819_hypothetical_protein	AF-A9AD42-F1-model_v4 Protein phosphatase CheZ	0.127	235	189	384	618	25	241	9.998E-01	37
DESULFOASV1_1819_hypothetical_protein	AF-Q4V920-F1-model_v4	DESULFOASV1_1819_hypothetical_protein	AF-Q4V920-F1-model_v4 Protein kinase C and casein kinase substrate in neurons protein 1	0.115	294	258	356	649	29	320	1.580E-01	37
DESULFOASV1_1819_hypothetical_protein	AF-O43312-F1-model_v4	DESULFOASV1_1819_hypothetical_protein	AF-O43312-F1-model_v4 Protein MTSS 1	0.107	285	230	391	649	3	287	2.870E-01	37
DESULFOASV1_1819_hypothetical_protein	AF-Q9ULH1-F1-model_v4	DESULFOASV1_1819_hypothetical_protein	AF-Q9ULH1-F1-model_v4 Arf-GAP with SH3 domain, ANK repeat and PH domain-containing protein 1	0.117	262	200	411	637	53	314	2.719E-01	37
DESULFOASV1_1819_hypothetical_protein	AF-Q24U48-F1-model_v4	DESULFOASV1_1819_hypothetical_protein	AF-Q24U48-F1-model_v4 Chromosome partition protein Smc	0.108	466	277	307	618	363	828	4.938E-01	37
DESULFOASV1_1819_hypothetical_protein	AF-P25386-F1-model_v4	DESULFOASV1_1819_hypothetical_protein	AF-P25386-F1-model_v4 Intracellular protein transport protein USO1	0.131	345	272	277	590	1157	1501	2.960E+00	37
DESULFOASV1_1819_hypothetical_protein	AF-O14578-F1-model_v4	DESULFOASV1_1819_hypothetical_protein	AF-O14578-F1-model_v4 Citron Rho-interacting kinase	0.146	324	247	330	619	438	761	4.823E+00	37
DESULFOASV1_1819_hypothetical_protein	AF-P9WHU3-F1-model_v4	DESULFOASV1_1819_hypothetical_protein	AF-P9WHU3-F1-model_v4 Probable endopeptidase Rv2190c	0.119	177	145	364	540	39	204	2.382E+00	36
DESULFOASV1_1819_hypothetical_protein	AF-Q9UKS6-F1-model_v4	DESULFOASV1_1819_hypothetical_protein	AF-Q9UKS6-F1-model_v4 Protein kinase C and casein kinase substrate in neurons protein 3	0.118	295	255	360	649	24	318	2.073E-01	36
DESULFOASV1_1819_hypothetical_protein	AF-A5DI86-F1-model_v4	DESULFOASV1_1819_hypothetical_protein	AF-A5DI86-F1-model_v4 Sensitive to high expression protein 9 homolog, mitochondrial	0.116	371	315	289	645	6	376	9.470E-01	36
DESULFOASV1_1819_hypothetical_protein	AF-Q6P9S0-F1-model_v4	DESULFOASV1_1819_hypothetical_protein	AF-Q6P9S0-F1-model_v4 Protein MTSS 2	0.114	282	229	391	650	2	283	3.975E-01	36
DESULFOASV1_1819_hypothetical_protein	AF-P58302-F1-model_v4	DESULFOASV1_1819_hypothetical_protein	AF-P58302-F1-model_v4 DNA double-strand break repair Rad50 ATPase	0.138	337	268	307	618	260	596	2.719E-01	36
DESULFOASV1_1819_hypothetical_protein	AF-Q5U464-F1-model_v4	DESULFOASV1_1819_hypothetical_protein	AF-Q5U464-F1-model_v4 Arf-GAP with SH3 domain, ANK repeat and PH domain-containing protein 3	0.140	347	239	289	635	11	289	5.504E-01	36
DESULFOASV1_1819_hypothetical_protein	AF-Q99PT9-F1-model_v4	DESULFOASV1_1819_hypothetical_protein	AF-Q99PT9-F1-model_v4 Kinesin-like protein KIF19	0.111	272	219	403	649	418	689	1.177E+00	36
DESULFOASV1_1819_hypothetical_protein	AF-P9WGF2-F1-model_v4	DESULFOASV1_1819_hypothetical_protein	AF-P9WGF2-F1-model_v4 Chromosome partition protein Smc	0.116	437	270	312	617	357	793	3.299E+00	36
DESULFOASV1_1819_hypothetical_protein	AF-Q9LTT8-F1-model_v4	DESULFOASV1_1819_hypothetical_protein	AF-Q9LTT8-F1-model_v4 Enhancer of mRNA-decapping protein 4	0.165	310	245	330	639	898	1192	1.114E+00	36
DESULFOASV1_1819_hypothetical_protein	AF-Q9GYZ0-F1-model_v4	DESULFOASV1_1819_hypothetical_protein	AF-Q9GYZ0-F1-model_v4 Kinesin-like protein KIF15	0.135	342	271	277	618	786	1099	8.298E+00	36
DESULFOASV1_1819_hypothetical_protein	AF-P43040-F1-model_v4	DESULFOASV1_1819_hypothetical_protein	AF-P43040-F1-model_v4 Uncharacterized protein MCAP_0005	0.094	343	257	276	618	19	303	1.056E+00	35
DESULFOASV1_1819_hypothetical_protein	AF-Q5RFW0-F1-model_v4	DESULFOASV1_1819_hypothetical_protein	AF-Q5RFW0-F1-model_v4 Scavenger receptor class A member 5	0.107	317	262	333	649	41	334	5.092E+00	35
DESULFOASV1_1819_hypothetical_protein	AF-P52962-F1-model_v4	DESULFOASV1_1819_hypothetical_protein	AF-P52962-F1-model_v4 Moesin	0.109	339	264	219	557	179	475	8.496E-01	35
DESULFOASV1_1819_hypothetical_protein	AF-C6EBU6-F1-model_v4	DESULFOASV1_1819_hypothetical_protein	AF-C6EBU6-F1-model_v4 Protein phosphatase CheZ	0.103	151	132	393	543	18	165	4.098E+00	34
DESULFOASV1_1819_hypothetical_protein	AF-Q6C5G0-F1-model_v4	DESULFOASV1_1819_hypothetical_protein	AF-Q6C5G0-F1-model_v4 Protein transport protein SEC9	0.103	263	227	330	592	351	604	3.566E-01	34
DESULFOASV1_1819_hypothetical_protein	AF-Q80VM7-F1-model_v4	DESULFOASV1_1819_hypothetical_protein	AF-Q80VM7-F1-model_v4 Ankyrin repeat domain-containing protein 24	0.145	191	160	403	590	748	938	3.882E+00	34
DESULFOASV1_1819_hypothetical_protein	AF-Q5H054-F1-model_v4	DESULFOASV1_1819_hypothetical_protein	AF-Q5H054-F1-model_v4 Chromosome partition protein Smc	0.092	425	282	307	618	358	782	6.326E+00	34
DESULFOASV1_1819_hypothetical_protein	AF-Q02JU1-F1-model_v4	DESULFOASV1_1819_hypothetical_protein	AF-Q02JU1-F1-model_v4 Protein phosphatase CheZ	0.128	205	163	363	550	10	214	3.483E+00	33
DESULFOASV1_1819_hypothetical_protein	AF-B0WYY2-F1-model_v4	DESULFOASV1_1819_hypothetical_protein	AF-B0WYY2-F1-model_v4 Moesin/ezrin/radixin homolog 1	0.096	407	244	135	541	186	456	2.024E+00	33
DESULFOASV1_1819_hypothetical_protein	AF-A3MCG8-F1-model_v4	DESULFOASV1_1819_hypothetical_protein	AF-A3MCG8-F1-model_v4 Translocator protein BipB	0.178	231	180	387	617	103	322	1.311E+00	33
DESULFOASV1_1819_hypothetical_protein	AF-O23826-F1-model_v4	DESULFOASV1_1819_hypothetical_protein	AF-O23826-F1-model_v4 Kinesin-like protein KIN-5C	0.112	379	298	307	643	580	958	5.504E-01	33
DESULFOASV1_1819_hypothetical_protein	AF-Q56YN8-F1-model_v4	DESULFOASV1_1819_hypothetical_protein	AF-Q56YN8-F1-model_v4 Structural maintenance of chromosomes protein 3	0.087	418	263	304	592	350	767	5.376E+00	33
DESULFOASV1_1819_hypothetical_protein	AF-A8W3M6-F1-model_v4	DESULFOASV1_1819_hypothetical_protein	AF-A8W3M6-F1-model_v4 Protein TIC 214	0.137	307	245	340	646	7	291	2.439E-01	33
DESULFOASV1_1819_hypothetical_protein	AF-P07800-F1-model_v4	DESULFOASV1_1819_hypothetical_protein	AF-P07800-F1-model_v4 Protein phosphatase CheZ	0.096	151	133	393	543	18	165	5.376E+00	32
DESULFOASV1_1819_hypothetical_protein	AF-Q8BVC4-F1-model_v4	DESULFOASV1_1819_hypothetical_protein	AF-Q8BVC4-F1-model_v4 Coiled-coil domain-containing protein 68	0.110	319	269	297	615	28	330	2.137E+00	32
DESULFOASV1_1819_hypothetical_protein	AF-P9WHU2-F1-model_v4	DESULFOASV1_1819_hypothetical_protein	AF-P9WHU2-F1-model_v4 Probable endopeptidase MT2245	0.128	160	130	405	554	45	204	6.326E+00	32
DESULFOASV1_1819_hypothetical_protein	AF-O23144-F1-model_v4	DESULFOASV1_1819_hypothetical_protein	AF-O23144-F1-model_v4 Proton pump-interactor 1	0.109	328	251	367	649	91	418	2.960E+00	32
DESULFOASV1_1819_hypothetical_protein	AF-A3PMS2-F1-model_v4	DESULFOASV1_1819_hypothetical_protein	AF-A3PMS2-F1-model_v4 Chromosome partition protein Smc	0.112	398	251	307	590	361	758	2.382E+00	32
DESULFOASV1_1819_hypothetical_protein	AF-Q8TZY2-F1-model_v4	DESULFOASV1_1819_hypothetical_protein	AF-Q8TZY2-F1-model_v4 Chromosome partition protein Smc	0.104	441	280	305	618	349	789	2.024E+00	32
DESULFOASV1_1819_hypothetical_protein	AF-Q23868-F1-model_v4	DESULFOASV1_1819_hypothetical_protein	AF-Q23868-F1-model_v4 Serine protease/ABC transporter B family protein tagC	0.098	556	455	144	648	820	1375	3.651E-02	32
DESULFOASV1_1819_hypothetical_protein	AF-Q5PPJ9-F1-model_v4	DESULFOASV1_1819_hypothetical_protein	AF-Q5PPJ9-F1-model_v4 Endophilin-B2	0.094	282	238	306	569	5	286	1.917E+00	31
DESULFOASV1_1819_hypothetical_protein	AF-Q5BAW7-F1-model_v4	DESULFOASV1_1819_hypothetical_protein	AF-Q5BAW7-F1-model_v4 Sensitive to high expression protein 9 homolog, mitochondrial	0.121	317	221	333	649	123	374	6.839E-01	31
DESULFOASV1_1819_hypothetical_protein	AF-D2XNQ8-F1-model_v4	DESULFOASV1_1819_hypothetical_protein	AF-D2XNQ8-F1-model_v4 Flotillin-like protein 1	0.118	490	343	146	635	44	433	6.477E-01	31
DESULFOASV1_1819_hypothetical_protein	AF-Q6GMN2-F1-model_v4	DESULFOASV1_1819_hypothetical_protein	AF-Q6GMN2-F1-model_v4 Brain-specific angiogenesis inhibitor 1-associated protein 2	0.095	270	218	400	641	2	271	9.998E-01	31
DESULFOASV1_1819_hypothetical_protein	AF-Q7S532-F1-model_v4	DESULFOASV1_1819_hypothetical_protein	AF-Q7S532-F1-model_v4 pH-response regulator protein palA/prr-1	0.107	394	309	304	650	384	777	2.870E-01	31
DESULFOASV1_1819_hypothetical_protein	AF-P51834-F1-model_v4	DESULFOASV1_1819_hypothetical_protein	AF-P51834-F1-model_v4 Chromosome partition protein Smc	0.098	481	283	304	618	345	825	1.629E+00	31
DESULFOASV1_1819_hypothetical_protein	AF-Q8I1U7-F1-model_v4	DESULFOASV1_1819_hypothetical_protein	AF-Q8I1U7-F1-model_v4 Structural maintenance of chromosomes protein 3 homolog	0.084	483	333	275	639	302	784	5.992E+00	31
DESULFOASV1_1819_hypothetical_protein	AF-A3QCQ6-F1-model_v4	DESULFOASV1_1819_hypothetical_protein	AF-A3QCQ6-F1-model_v4 Protein phosphatase CheZ	0.088	230	172	313	542	11	200	7.444E+00	30
DESULFOASV1_1819_hypothetical_protein	AF-Q6C0L6-F1-model_v4	DESULFOASV1_1819_hypothetical_protein	AF-Q6C0L6-F1-model_v4 Autophagy-related protein 17	0.111	316	211	353	590	3	318	3.299E+00	30
DESULFOASV1_1819_hypothetical_protein	AF-Q60437-F1-model_v4	DESULFOASV1_1819_hypothetical_protein	AF-Q60437-F1-model_v4 Brain-specific angiogenesis inhibitor 1-associated protein 2	0.094	264	213	400	635	2	265	1.114E+00	30
DESULFOASV1_1819_hypothetical_protein	AF-Q17602-F1-model_v4	DESULFOASV1_1819_hypothetical_protein	AF-Q17602-F1-model_v4 Nuclear pore complex protein 14	0.133	248	197	419	646	536	783	7.860E+00	30
DESULFOASV1_1819_hypothetical_protein	AF-P15215-F1-model_v4	DESULFOASV1_1819_hypothetical_protein	AF-P15215-F1-model_v4 Laminin subunit gamma-1	0.124	362	275	304	618	1178	1539	2.256E+00	30
DESULFOASV1_1819_hypothetical_protein	AF-Q552L5-F1-model_v4	DESULFOASV1_1819_hypothetical_protein	AF-Q552L5-F1-model_v4 THO complex subunit 7 homolog	0.140	215	174	436	650	11	213	9.765E+00	29
DESULFOASV1_1819_hypothetical_protein	AF-Q91VC4-F1-model_v4	DESULFOASV1_1819_hypothetical_protein	AF-Q91VC4-F1-model_v4 Plasmalemma vesicle-associated protein	0.130	359	305	277	635	51	402	3.677E+00	29
DESULFOASV1_1819_hypothetical_protein	AF-P18011-F1-model_v4	DESULFOASV1_1819_hypothetical_protein	AF-P18011-F1-model_v4 Invasin IpaB	0.113	233	200	386	618	76	302	3.125E+00	29
DESULFOASV1_1819_hypothetical_protein	AF-P15311-F1-model_v4	DESULFOASV1_1819_hypothetical_protein	AF-P15311-F1-model_v4 Ezrin	0.071	392	256	135	526	190	466	2.803E+00	29
DESULFOASV1_1819_hypothetical_protein	AF-P59750-F1-model_v4	DESULFOASV1_1819_hypothetical_protein	AF-P59750-F1-model_v4 Merlin	0.102	458	347	135	592	206	592	7.622E-01	29
DESULFOASV1_1819_hypothetical_protein	AF-Q80UK7-F1-model_v4	DESULFOASV1_1819_hypothetical_protein	AF-Q80UK7-F1-model_v4 Spindle assembly abnormal protein 6 homolog	0.108	504	439	146	649	30	522	1.816E+00	29
DESULFOASV1_1819_hypothetical_protein	AF-Q6NRG6-F1-model_v4	DESULFOASV1_1819_hypothetical_protein	AF-Q6NRG6-F1-model_v4 Spindle assembly abnormal protein 6 homolog	0.140	485	399	151	635	32	496	1.720E+00	29
DESULFOASV1_1819_hypothetical_protein	AF-Q8IUG5-F1-model_v4	DESULFOASV1_1819_hypothetical_protein	AF-Q8IUG5-F1-model_v4 Unconventional myosin-XVIIIb	0.116	378	323	272	649	1756	2121	8.298E+00	29
DESULFOASV1_1819_hypothetical_protein	AF-Q7VZ92-F1-model_v4	DESULFOASV1_1819_hypothetical_protein	AF-Q7VZ92-F1-model_v4 Protein phosphatase CheZ	0.081	155	139	390	544	13	164	9.765E+00	28
DESULFOASV1_1819_hypothetical_protein	AF-Q9JZ20-F1-model_v4	DESULFOASV1_1819_hypothetical_protein	AF-Q9JZ20-F1-model_v4 Uncharacterized protein NMB1333	0.148	312	246	330	641	170	459	1.629E+00	28
DESULFOASV1_1819_hypothetical_protein	AF-Q96CN4-F1-model_v4	DESULFOASV1_1819_hypothetical_protein	AF-Q96CN4-F1-model_v4 EVI5-like protein	0.151	374	309	281	645	358	731	3.125E+00	28
DESULFOASV1_1819_hypothetical_protein	AF-O66878-F1-model_v4	DESULFOASV1_1819_hypothetical_protein	AF-O66878-F1-model_v4 Chromosome partition protein Smc	0.088	410	262	305	592	348	757	6.679E+00	28
DESULFOASV1_1819_hypothetical_protein	AF-Q92351-F1-model_v4	DESULFOASV1_1819_hypothetical_protein	AF-Q92351-F1-model_v4 Spindle pole body protein pcp1	0.154	341	279	278	618	477	807	3.299E+00	28
DESULFOASV1_1819_hypothetical_protein	AF-O34833-F1-model_v4	DESULFOASV1_1819_hypothetical_protein	AF-O34833-F1-model_v4 Uncharacterized protein YceH	0.152	310	213	309	618	77	328	6.679E+00	27
DESULFOASV1_1819_hypothetical_protein	AF-P06739-F1-model_v4	DESULFOASV1_1819_hypothetical_protein	AF-P06739-F1-model_v4 Hemolysin secretion protein D, plasmid	0.083	197	173	358	547	132	328	6.326E+00	27
DESULFOASV1_1819_hypothetical_protein	AF-Q56019-F1-model_v4	DESULFOASV1_1819_hypothetical_protein	AF-Q56019-F1-model_v4 Cell invasion protein SipB	0.146	335	271	303	637	24	341	1.720E+00	27
DESULFOASV1_1819_hypothetical_protein	AF-Q6N1B7-F1-model_v4	DESULFOASV1_1819_hypothetical_protein	AF-Q6N1B7-F1-model_v4 Chromosome partition protein Smc	0.126	423	274	305	618	356	778	3.125E+00	27
DESULFOASV1_1819_hypothetical_protein	AF-Q80UW5-F1-model_v4	DESULFOASV1_1819_hypothetical_protein	AF-Q80UW5-F1-model_v4 Serine/threonine-protein kinase MRCK gamma	0.127	374	299	307	649	455	828	2.655E+00	27
DESULFOASV1_1819_hypothetical_protein	AF-Q9DEX1-F1-model_v4	DESULFOASV1_1819_hypothetical_protein	AF-Q9DEX1-F1-model_v4 Calcium-binding and coiled-coil domain-containing protein 1-A	0.133	501	385	146	646	59	503	2.256E+00	26
DESULFOASV1_1819_hypothetical_protein	AF-P46150-F1-model_v4	DESULFOASV1_1819_hypothetical_protein	AF-P46150-F1-model_v4 Moesin/ezrin/radixin homolog 1	0.094	407	245	135	541	191	461	1.917E+00	26
DESULFOASV1_1819_hypothetical_protein	AF-Q7PS12-F1-model_v4	DESULFOASV1_1819_hypothetical_protein	AF-Q7PS12-F1-model_v4 Moesin/ezrin/radixin homolog 1	0.108	408	242	135	542	193	464	2.024E+00	26
DESULFOASV1_1819_hypothetical_protein	AF-Q9PU45-F1-model_v4	DESULFOASV1_1819_hypothetical_protein	AF-Q9PU45-F1-model_v4 Radixin	0.109	403	237	135	537	190	456	2.382E+00	26
DESULFOASV1_1819_hypothetical_protein	AF-Q7ZVT3-F1-model_v4	DESULFOASV1_1819_hypothetical_protein	AF-Q7ZVT3-F1-model_v4 Spindle assembly abnormal protein 6 homolog	0.119	502	440	146	647	26	525	3.677E+00	26
DESULFOASV1_1819_hypothetical_protein	AF-E1X022-F1-model_v4	DESULFOASV1_1819_hypothetical_protein	AF-E1X022-F1-model_v4 Chromosome partition protein Smc	0.084	489	287	305	618	338	826	5.992E+00	26
DESULFOASV1_1819_hypothetical_protein	AF-Q03390-F1-model_v4	DESULFOASV1_1819_hypothetical_protein	AF-Q03390-F1-model_v4 Vacuolar protein-sorting-associated protein 60	0.130	207	155	429	635	18	196	5.676E+00	25
DESULFOASV1_1819_hypothetical_protein	AF-Q5PPN7-F1-model_v4	DESULFOASV1_1819_hypothetical_protein	AF-Q5PPN7-F1-model_v4 Mitochondrial potassium channel	0.123	306	221	333	638	44	296	4.568E+00	25
DESULFOASV1_1819_hypothetical_protein	AF-Q2FFM9-F1-model_v4	DESULFOASV1_1819_hypothetical_protein	AF-Q2FFM9-F1-model_v4 Putative multidrug export ATP-binding/permease protein SAUSA300_1847	0.085	293	240	290	582	55	317	7.444E+00	25
DESULFOASV1_1819_hypothetical_protein	AF-Q170J7-F1-model_v4	DESULFOASV1_1819_hypothetical_protein	AF-Q170J7-F1-model_v4 Moesin/ezrin/radixin homolog 1	0.108	407	241	135	541	196	466	3.125E+00	25
DESULFOASV1_1819_hypothetical_protein	AF-Q63648-F1-model_v4	DESULFOASV1_1819_hypothetical_protein	AF-Q63648-F1-model_v4 Merlin	0.094	503	348	135	637	202	586	6.477E-01	25
DESULFOASV1_1819_hypothetical_protein	AF-Q5ZMV2-F1-model_v4	DESULFOASV1_1819_hypothetical_protein	AF-Q5ZMV2-F1-model_v4 Spindle assembly abnormal protein 6 homolog	0.118	505	429	146	650	31	517	3.299E+00	25
DESULFOASV1_1819_hypothetical_protein	AF-Q18823-F1-model_v4	DESULFOASV1_1819_hypothetical_protein	AF-Q18823-F1-model_v4 Laminin-like protein lam-2	0.142	398	311	273	635	1235	1632	4.327E+00	25
DESULFOASV1_1819_hypothetical_protein	AF-Q5E9Q3-F1-model_v4	DESULFOASV1_1819_hypothetical_protein	AF-Q5E9Q3-F1-model_v4 Mitochondrial potassium channel	0.108	300	219	333	632	37	283	7.051E+00	24
DESULFOASV1_1819_hypothetical_protein	AF-Q96ER9-F1-model_v4	DESULFOASV1_1819_hypothetical_protein	AF-Q96ER9-F1-model_v4 Mitochondrial potassium channel	0.107	307	230	330	636	36	293	6.326E+00	24
DESULFOASV1_1819_hypothetical_protein	AF-P09986-F1-model_v4	DESULFOASV1_1819_hypothetical_protein	AF-P09986-F1-model_v4 Hemolysin secretion protein D, chromosomal	0.095	218	177	358	575	132	328	6.679E+00	24
DESULFOASV1_1819_hypothetical_protein	AF-A5DJU3-F1-model_v4	DESULFOASV1_1819_hypothetical_protein	AF-A5DJU3-F1-model_v4 Nuclear fusion protein KAR5	0.130	280	226	339	618	122	382	9.765E+00	24
DESULFOASV1_1819_hypothetical_protein	AF-Q1RM03-F1-model_v4	DESULFOASV1_1819_hypothetical_protein	AF-Q1RM03-F1-model_v4 Trichoplein keratin filament-binding protein	0.176	312	254	310	618	126	437	7.860E+00	24
DESULFOASV1_1819_hypothetical_protein	AF-Q6DD09-F1-model_v4	DESULFOASV1_1819_hypothetical_protein	AF-Q6DD09-F1-model_v4 Calcium-binding and coiled-coil domain-containing protein 1-B	0.122	504	391	146	649	46	491	5.092E+00	24
DESULFOASV1_1819_hypothetical_protein	AF-P46662-F1-model_v4	DESULFOASV1_1819_hypothetical_protein	AF-P46662-F1-model_v4 Merlin	0.112	461	307	135	595	206	552	1.056E+00	24
DESULFOASV1_1819_hypothetical_protein	AF-Q6UVJ0-F1-model_v4	DESULFOASV1_1819_hypothetical_protein	AF-Q6UVJ0-F1-model_v4 Spindle assembly abnormal protein 6 homolog	0.112	505	429	146	650	26	509	3.677E+00	24
DESULFOASV1_1819_hypothetical_protein	AF-Q604U6-F1-model_v4	DESULFOASV1_1819_hypothetical_protein	AF-Q604U6-F1-model_v4 Chromosome partition protein Smc	0.119	426	249	307	590	351	776	4.098E+00	24
DESULFOASV1_1819_hypothetical_protein	AF-P17120-F1-model_v4	DESULFOASV1_1819_hypothetical_protein	AF-P17120-F1-model_v4 Kinesin-like protein bimC	0.126	424	298	307	648	648	1071	1.816E+00	24
DESULFOASV1_1819_hypothetical_protein	AF-Q73VM3-F1-model_v4	DESULFOASV1_1819_hypothetical_protein	AF-Q73VM3-F1-model_v4 Chromosome partition protein Smc	0.100	484	294	303	630	291	774	2.655E+00	24
DESULFOASV1_1819_hypothetical_protein	AF-O94383-F1-model_v4	DESULFOASV1_1819_hypothetical_protein	AF-O94383-F1-model_v4 Structural maintenance of chromosomes protein 1	0.084	479	285	305	616	336	814	4.568E+00	24
DESULFOASV1_1819_hypothetical_protein	AF-Q68CZ1-F1-model_v4	DESULFOASV1_1819_hypothetical_protein	AF-Q68CZ1-F1-model_v4 Protein fantom	0.141	307	250	333	639	194	485	9.765E+00	24
DESULFOASV1_1819_hypothetical_protein	AF-Q88EW3-F1-model_v4	DESULFOASV1_1819_hypothetical_protein	AF-Q88EW3-F1-model_v4 Protein phosphatase CheZ	0.108	278	219	359	636	5	251	5.376E+00	23
DESULFOASV1_1819_hypothetical_protein	AF-Q3TVW5-F1-model_v4	DESULFOASV1_1819_hypothetical_protein	AF-Q3TVW5-F1-model_v4 Trichoplein keratin filament-binding protein	0.164	354	289	272	618	82	435	9.249E+00	23
DESULFOASV1_1819_hypothetical_protein	AF-O07550-F1-model_v4	DESULFOASV1_1819_hypothetical_protein	AF-O07550-F1-model_v4 Probable multidrug resistance ABC transporter ATP-binding/permease protein YheI	0.094	281	239	311	575	35	315	7.051E+00	23
DESULFOASV1_1819_hypothetical_protein	AF-Q6FU50-F1-model_v4	DESULFOASV1_1819_hypothetical_protein	AF-Q6FU50-F1-model_v4 Heat shock protein 70 homolog LHS1	0.113	546	388	104	649	437	874	1.668E-01	23
DESULFOASV1_1819_hypothetical_protein	AF-A5F6J8-F1-model_v4	DESULFOASV1_1819_hypothetical_protein	AF-A5F6J8-F1-model_v4 Protein phosphatase CheZ	0.108	231	172	313	543	4	197	6.679E+00	22
DESULFOASV1_1819_hypothetical_protein	AF-P35240-F1-model_v4	DESULFOASV1_1819_hypothetical_protein	AF-P35240-F1-model_v4 Merlin	0.094	461	313	135	595	206	552	1.385E+00	22
DESULFOASV1_1819_hypothetical_protein	AF-A9II65-F1-model_v4	DESULFOASV1_1819_hypothetical_protein	AF-A9II65-F1-model_v4 Chromosome partition protein Smc	0.116	417	269	314	618	372	788	5.992E+00	22
DESULFOASV1_1819_hypothetical_protein	AF-Q83R53-F1-model_v4	DESULFOASV1_1819_hypothetical_protein	AF-Q83R53-F1-model_v4 Protein phosphatase CheZ	0.084	210	150	330	539	4	168	9.765E+00	21
DESULFOASV1_1819_hypothetical_protein	AF-Q86VP1-F1-model_v4	DESULFOASV1_1819_hypothetical_protein	AF-Q86VP1-F1-model_v4 Tax1-binding protein 1	0.138	506	420	145	650	16	503	5.092E+00	21
DESULFOASV1_1819_hypothetical_protein	AF-Q6P3P1-F1-model_v4	DESULFOASV1_1819_hypothetical_protein	AF-Q6P3P1-F1-model_v4 Tax1-binding protein 1 homolog	0.111	504	445	145	645	21	524	6.679E+00	21
DESULFOASV1_1819_hypothetical_protein	AF-Q51NJ3-F1-model_v4	DESULFOASV1_1819_hypothetical_protein	AF-Q51NJ3-F1-model_v4 pH-response regulator protein palA/RIM20	0.102	382	307	307	649	392	773	1.816E+00	21
DESULFOASV1_1819_hypothetical_protein	AF-O16844-F1-model_v4	DESULFOASV1_1819_hypothetical_protein	AF-O16844-F1-model_v4 Kinesin-like protein costa	0.102	322	256	330	615	632	953	5.992E+00	21
DESULFOASV1_1819_hypothetical_protein	AF-Q3URS9-F1-model_v4	DESULFOASV1_1819_hypothetical_protein	AF-Q3URS9-F1-model_v4 Mitochondrial potassium channel	0.133	306	218	333	638	41	292	9.765E+00	20
DESULFOASV1_1819_hypothetical_protein	AF-O95235-F1-model_v4	DESULFOASV1_1819_hypothetical_protein	AF-O95235-F1-model_v4 Kinesin-like protein KIF20A	0.131	320	268	330	649	543	851	8.298E+00	20
DESULFOASV1_1819_hypothetical_protein	AF-Q0P4Z1-F1-model_v4	DESULFOASV1_1819_hypothetical_protein	AF-Q0P4Z1-F1-model_v4 Reticulophagy regulator 3	0.125	296	228	385	645	6	301	5.092E+00	18
DESULFOASV1_1819_hypothetical_protein	AF-Q2KJ21-F1-model_v4	DESULFOASV1_1819_hypothetical_protein	AF-Q2KJ21-F1-model_v4 Calcium-binding and coiled-coil domain-containing protein 1	0.146	531	430	145	649	14	544	6.326E+00	18
DESULFOASV1_1819_hypothetical_protein	AF-Q6FJG8-F1-model_v4	DESULFOASV1_1819_hypothetical_protein	AF-Q6FJG8-F1-model_v4 Vacuolar protein-sorting protein BRO1	0.104	452	287	330	650	328	779	3.882E+00	18
DESULFOASV1_1819_hypothetical_protein	AF-Q8J1G7-F1-model_v4	DESULFOASV1_1819_hypothetical_protein	AF-Q8J1G7-F1-model_v4 Kinesin-like protein CIN8	0.127	395	325	278	650	538	932	6.679E+00	18
DESULFOASV1_1819_hypothetical_protein	AF-Q69GZ5-F1-model_v4	DESULFOASV1_1819_hypothetical_protein	AF-Q69GZ5-F1-model_v4 Chromosome partition protein Smc	0.077	534	270	307	599	290	823	8.760E+00	18
