query	target	qheader	theader	fident	alnlen	mismatch	qstart	qend	tstart	tend	evalue	bits
DESULFOASV1_0732_hypothetical_protein	AF-P74503-F1-model_v4	DESULFOASV1_0732_hypothetical_protein	AF-P74503-F1-model_v4 KaiC-like protein 2	0.171	239	178	88	303	1	239	1.041E-10	288
DESULFOASV1_0732_hypothetical_protein	AF-Q1RJR7-F1-model_v4	DESULFOASV1_0732_hypothetical_protein	AF-Q1RJR7-F1-model_v4 DNA repair protein RadA	0.137	235	202	70	304	39	273	3.530E-10	275
DESULFOASV1_0732_hypothetical_protein	AF-Q9ZD04-F1-model_v4	DESULFOASV1_0732_hypothetical_protein	AF-Q9ZD04-F1-model_v4 DNA repair protein RadA	0.140	242	196	76	304	31	272	2.765E-10	272
DESULFOASV1_0732_hypothetical_protein	AF-P74646-F1-model_v4	DESULFOASV1_0732_hypothetical_protein	AF-P74646-F1-model_v4 Circadian clock protein kinase KaiC	0.152	244	188	81	303	5	248	2.166E-10	269
DESULFOASV1_0732_hypothetical_protein	AF-Q92HG1-F1-model_v4	DESULFOASV1_0732_hypothetical_protein	AF-Q92HG1-F1-model_v4 DNA repair protein RadA	0.136	236	203	69	304	36	271	8.824E-10	266
DESULFOASV1_0732_hypothetical_protein	AF-Q68WI9-F1-model_v4	DESULFOASV1_0732_hypothetical_protein	AF-Q68WI9-F1-model_v4 DNA repair protein RadA	0.138	243	197	76	305	31	273	6.502E-10	262
DESULFOASV1_0732_hypothetical_protein	AF-A3CXI2-F1-model_v4	DESULFOASV1_0732_hypothetical_protein	AF-A3CXI2-F1-model_v4 DNA repair and recombination protein RadB	0.176	202	155	115	303	23	224	1.273E-09	258
DESULFOASV1_0732_hypothetical_protein	AF-Q9KGG1-F1-model_v4	DESULFOASV1_0732_hypothetical_protein	AF-Q9KGG1-F1-model_v4 DNA repair protein RadA	0.117	227	197	82	305	52	278	9.380E-10	257
DESULFOASV1_0732_hypothetical_protein	AF-Q4UL56-F1-model_v4	DESULFOASV1_0732_hypothetical_protein	AF-Q4UL56-F1-model_v4 DNA repair protein RadA	0.141	236	202	69	304	38	273	1.438E-09	256
DESULFOASV1_0732_hypothetical_protein	AF-Q6L8L1-F1-model_v4	DESULFOASV1_0732_hypothetical_protein	AF-Q6L8L1-F1-model_v4 Circadian clock protein kinase KaiC	0.151	246	188	82	303	3	248	8.824E-10	251
DESULFOASV1_0732_hypothetical_protein	AF-P0CW60-F1-model_v4	DESULFOASV1_0732_hypothetical_protein	AF-P0CW60-F1-model_v4 DNA repair and recombination protein RadB	0.146	205	166	115	309	12	216	1.625E-09	250
DESULFOASV1_0732_hypothetical_protein	AF-O84300-F1-model_v4	DESULFOASV1_0732_hypothetical_protein	AF-O84300-F1-model_v4 DNA repair protein RadA	0.117	226	196	83	305	50	275	2.492E-09	249
DESULFOASV1_0732_hypothetical_protein	AF-Q9ZMK9-F1-model_v4	DESULFOASV1_0732_hypothetical_protein	AF-Q9ZMK9-F1-model_v4 DNA repair protein RadA	0.126	224	194	82	304	51	274	2.075E-09	248
DESULFOASV1_0732_hypothetical_protein	AF-Q9Z9C8-F1-model_v4	DESULFOASV1_0732_hypothetical_protein	AF-Q9Z9C8-F1-model_v4 DNA repair protein RadA	0.134	238	195	79	304	36	273	7.810E-10	247
DESULFOASV1_0732_hypothetical_protein	AF-Q9PK96-F1-model_v4	DESULFOASV1_0732_hypothetical_protein	AF-Q9PK96-F1-model_v4 DNA repair protein RadA	0.127	240	197	79	305	37	276	1.625E-09	247
DESULFOASV1_0732_hypothetical_protein	AF-P9WHJ8-F1-model_v4	DESULFOASV1_0732_hypothetical_protein	AF-P9WHJ8-F1-model_v4 DNA repair protein RadA	0.142	227	190	84	305	52	278	5.513E-09	247
DESULFOASV1_0732_hypothetical_protein	AF-Q97X93-F1-model_v4	DESULFOASV1_0732_hypothetical_protein	AF-Q97X93-F1-model_v4 UPF0273 protein SSO1861	0.158	279	205	94	338	1	279	2.765E-10	245
DESULFOASV1_0732_hypothetical_protein	AF-O27728-F1-model_v4	DESULFOASV1_0732_hypothetical_protein	AF-O27728-F1-model_v4 DNA repair and recombination protein RadB	0.137	233	183	88	300	1	233	5.513E-09	240
DESULFOASV1_0732_hypothetical_protein	AF-P37572-F1-model_v4	DESULFOASV1_0732_hypothetical_protein	AF-P37572-F1-model_v4 DNA repair protein RadA	0.110	226	197	82	303	52	277	5.861E-09	240
DESULFOASV1_0732_hypothetical_protein	AF-P56148-F1-model_v4	DESULFOASV1_0732_hypothetical_protein	AF-P56148-F1-model_v4 DNA repair protein RadA	0.119	257	210	48	304	36	274	2.206E-09	239
DESULFOASV1_0732_hypothetical_protein	AF-A6VJS2-F1-model_v4	DESULFOASV1_0732_hypothetical_protein	AF-A6VJS2-F1-model_v4 DNA repair and recombination protein RadB	0.144	202	163	115	305	12	213	5.861E-09	238
DESULFOASV1_0732_hypothetical_protein	AF-P0CW61-F1-model_v4	DESULFOASV1_0732_hypothetical_protein	AF-P0CW61-F1-model_v4 DNA repair and recombination protein RadB	0.144	205	166	115	309	12	216	2.345E-09	238
DESULFOASV1_0732_hypothetical_protein	AF-Q92F42-F1-model_v4	DESULFOASV1_0732_hypothetical_protein	AF-Q92F42-F1-model_v4 DNA repair protein RadA	0.115	222	193	86	304	56	277	5.187E-09	233
DESULFOASV1_0732_hypothetical_protein	AF-P65954-F1-model_v4	DESULFOASV1_0732_hypothetical_protein	AF-P65954-F1-model_v4 DNA repair protein RadA	0.144	250	198	74	305	29	278	4.590E-09	228
DESULFOASV1_0732_hypothetical_protein	AF-Q58309-F1-model_v4	DESULFOASV1_0732_hypothetical_protein	AF-Q58309-F1-model_v4 Putative flagella-related protein H	0.122	209	169	112	305	23	231	1.220E-08	225
DESULFOASV1_0732_hypothetical_protein	AF-Q5XDZ7-F1-model_v4	DESULFOASV1_0732_hypothetical_protein	AF-Q5XDZ7-F1-model_v4 DNA repair protein RadA	0.103	243	205	76	305	31	273	5.513E-09	224
DESULFOASV1_0732_hypothetical_protein	AF-P9WHJ9-F1-model_v4	DESULFOASV1_0732_hypothetical_protein	AF-P9WHJ9-F1-model_v4 DNA repair protein RadA	0.141	250	198	74	305	29	278	3.182E-09	223
DESULFOASV1_0732_hypothetical_protein	AF-P0DD78-F1-model_v4	DESULFOASV1_0732_hypothetical_protein	AF-P0DD78-F1-model_v4 DNA repair protein RadA	0.114	245	202	76	304	31	275	3.182E-09	219
DESULFOASV1_0732_hypothetical_protein	AF-Q2NHD1-F1-model_v4	DESULFOASV1_0732_hypothetical_protein	AF-Q2NHD1-F1-model_v4 DNA repair and recombination protein RadB	0.136	231	183	88	300	1	231	1.655E-08	216
DESULFOASV1_0732_hypothetical_protein	AF-A5UKT8-F1-model_v4	DESULFOASV1_0732_hypothetical_protein	AF-A5UKT8-F1-model_v4 DNA repair and recombination protein RadB	0.128	233	185	88	300	1	233	4.398E-08	210
DESULFOASV1_0732_hypothetical_protein	AF-P74391-F1-model_v4	DESULFOASV1_0732_hypothetical_protein	AF-P74391-F1-model_v4 DNA repair protein RadA	0.133	260	202	70	303	44	303	1.988E-08	208
DESULFOASV1_0732_hypothetical_protein	AF-A0R563-F1-model_v4	DESULFOASV1_0732_hypothetical_protein	AF-A0R563-F1-model_v4 DNA repair protein RadA	0.152	253	194	76	305	33	285	1.625E-09	200
DESULFOASV1_0732_hypothetical_protein	AF-B5X582-F1-model_v4	DESULFOASV1_0732_hypothetical_protein	AF-B5X582-F1-model_v4 Twinkle homolog protein, chloroplastic/mitochondrial	0.098	261	185	107	312	444	704	1.905E-07	178
DESULFOASV1_0732_hypothetical_protein	AF-Q5FNY6-F1-model_v4	DESULFOASV1_0732_hypothetical_protein	AF-Q5FNY6-F1-model_v4 ATP synthase subunit alpha 2	0.121	209	143	94	257	137	345	5.154E-06	144
DESULFOASV1_0732_hypothetical_protein	AF-A4QL04-F1-model_v4	DESULFOASV1_0732_hypothetical_protein	AF-A4QL04-F1-model_v4 ATP synthase subunit alpha, chloroplastic	0.134	211	143	94	259	136	346	5.824E-06	143
DESULFOASV1_0732_hypothetical_protein	AF-Q1XDF3-F1-model_v4	DESULFOASV1_0732_hypothetical_protein	AF-Q1XDF3-F1-model_v4 Probable replicative DNA helicase	0.140	245	186	22	238	99	343	8.769E-07	142
DESULFOASV1_0732_hypothetical_protein	AF-P09219-F1-model_v4	DESULFOASV1_0732_hypothetical_protein	AF-P09219-F1-model_v4 ATP synthase subunit alpha	0.152	211	140	94	259	135	345	5.154E-06	140
DESULFOASV1_0732_hypothetical_protein	AF-B0BZL2-F1-model_v4	DESULFOASV1_0732_hypothetical_protein	AF-B0BZL2-F1-model_v4 ATP synthase subunit alpha 1	0.140	211	142	94	259	136	346	6.580E-06	140
DESULFOASV1_0732_hypothetical_protein	AF-A0ZZ20-F1-model_v4	DESULFOASV1_0732_hypothetical_protein	AF-A0ZZ20-F1-model_v4 ATP synthase subunit alpha, chloroplastic	0.123	211	145	94	259	136	346	3.361E-06	140
DESULFOASV1_0732_hypothetical_protein	AF-A4QK03-F1-model_v4	DESULFOASV1_0732_hypothetical_protein	AF-A4QK03-F1-model_v4 ATP synthase subunit alpha, chloroplastic	0.134	211	143	94	259	136	346	8.401E-06	140
DESULFOASV1_0732_hypothetical_protein	AF-A4QJI4-F1-model_v4	DESULFOASV1_0732_hypothetical_protein	AF-A4QJI4-F1-model_v4 ATP synthase subunit alpha, chloroplastic	0.134	211	143	94	259	136	346	7.903E-06	140
DESULFOASV1_0732_hypothetical_protein	AF-B7K5I8-F1-model_v4	DESULFOASV1_0732_hypothetical_protein	AF-B7K5I8-F1-model_v4 ATP synthase subunit alpha	0.134	209	141	94	257	136	344	6.190E-06	139
DESULFOASV1_0732_hypothetical_protein	AF-A4QK90-F1-model_v4	DESULFOASV1_0732_hypothetical_protein	AF-A4QK90-F1-model_v4 ATP synthase subunit alpha, chloroplastic	0.134	211	143	94	259	136	346	8.930E-06	139
DESULFOASV1_0732_hypothetical_protein	AF-Q09X32-F1-model_v4	DESULFOASV1_0732_hypothetical_protein	AF-Q09X32-F1-model_v4 ATP synthase subunit alpha, chloroplastic	0.125	211	144	94	259	136	346	9.492E-06	139
DESULFOASV1_0732_hypothetical_protein	AF-Q49L13-F1-model_v4	DESULFOASV1_0732_hypothetical_protein	AF-Q49L13-F1-model_v4 ATP synthase subunit alpha, chloroplastic	0.129	211	144	94	259	136	346	5.154E-06	139
DESULFOASV1_0732_hypothetical_protein	AF-A8LN46-F1-model_v4	DESULFOASV1_0732_hypothetical_protein	AF-A8LN46-F1-model_v4 ATP synthase subunit alpha 1	0.142	203	136	98	257	142	344	3.573E-06	139
DESULFOASV1_0732_hypothetical_protein	AF-Q9BBS3-F1-model_v4	DESULFOASV1_0732_hypothetical_protein	AF-Q9BBS3-F1-model_v4 ATP synthase subunit alpha, chloroplastic	0.129	211	144	94	259	136	346	5.154E-06	139
DESULFOASV1_0732_hypothetical_protein	AF-Q724W6-F1-model_v4	DESULFOASV1_0732_hypothetical_protein	AF-Q724W6-F1-model_v4 ATP synthase subunit alpha 1	0.138	207	139	98	259	134	340	2.373E-05	138
DESULFOASV1_0732_hypothetical_protein	AF-P08215-F1-model_v4	DESULFOASV1_0732_hypothetical_protein	AF-P08215-F1-model_v4 ATP synthase subunit alpha, chloroplastic	0.129	211	144	94	259	136	346	7.903E-06	138
DESULFOASV1_0732_hypothetical_protein	AF-Q9TL16-F1-model_v4	DESULFOASV1_0732_hypothetical_protein	AF-Q9TL16-F1-model_v4 ATP synthase subunit alpha, chloroplastic	0.125	211	144	94	259	136	346	1.009E-05	138
DESULFOASV1_0732_hypothetical_protein	AF-Q65DX2-F1-model_v4	DESULFOASV1_0732_hypothetical_protein	AF-Q65DX2-F1-model_v4 ATP synthase subunit alpha	0.134	211	143	94	259	135	345	1.009E-05	138
DESULFOASV1_0732_hypothetical_protein	AF-P48080-F1-model_v4	DESULFOASV1_0732_hypothetical_protein	AF-P48080-F1-model_v4 ATP synthase subunit alpha, cyanelle	0.138	211	142	94	259	136	346	5.824E-06	138
DESULFOASV1_0732_hypothetical_protein	AF-Q3AZM1-F1-model_v4	DESULFOASV1_0732_hypothetical_protein	AF-Q3AZM1-F1-model_v4 ATP synthase subunit alpha	0.125	211	144	94	259	136	346	1.645E-05	138
DESULFOASV1_0732_hypothetical_protein	AF-Q7U8W5-F1-model_v4	DESULFOASV1_0732_hypothetical_protein	AF-Q7U8W5-F1-model_v4 ATP synthase subunit alpha	0.129	211	144	94	259	136	346	6.995E-06	138
DESULFOASV1_0732_hypothetical_protein	AF-B3WDL6-F1-model_v4	DESULFOASV1_0732_hypothetical_protein	AF-B3WDL6-F1-model_v4 ATP synthase subunit alpha	0.137	211	142	94	259	135	345	1.073E-05	138
DESULFOASV1_0732_hypothetical_protein	AF-A4GGB2-F1-model_v4	DESULFOASV1_0732_hypothetical_protein	AF-A4GGB2-F1-model_v4 ATP synthase subunit alpha, chloroplastic	0.129	211	144	94	259	136	346	5.478E-06	138
DESULFOASV1_0732_hypothetical_protein	AF-P17674-F1-model_v4	DESULFOASV1_0732_hypothetical_protein	AF-P17674-F1-model_v4 ATP synthase subunit alpha	0.125	211	144	94	259	135	345	2.681E-05	137
DESULFOASV1_0732_hypothetical_protein	AF-A4QLR8-F1-model_v4	DESULFOASV1_0732_hypothetical_protein	AF-A4QLR8-F1-model_v4 ATP synthase subunit alpha, chloroplastic	0.134	211	143	94	259	136	346	1.212E-05	137
DESULFOASV1_0732_hypothetical_protein	AF-Q2MIK2-F1-model_v4	DESULFOASV1_0732_hypothetical_protein	AF-Q2MIK2-F1-model_v4 ATP synthase subunit alpha, chloroplastic	0.134	211	143	94	259	136	346	1.140E-05	137
DESULFOASV1_0732_hypothetical_protein	AF-A8W3H5-F1-model_v4	DESULFOASV1_0732_hypothetical_protein	AF-A8W3H5-F1-model_v4 ATP synthase subunit alpha, plastid	0.132	211	143	94	259	136	346	5.478E-06	137
DESULFOASV1_0732_hypothetical_protein	AF-B6J961-F1-model_v4	DESULFOASV1_0732_hypothetical_protein	AF-B6J961-F1-model_v4 ATP synthase subunit alpha	0.144	226	140	95	259	133	358	1.140E-05	137
DESULFOASV1_0732_hypothetical_protein	AF-Q2JX57-F1-model_v4	DESULFOASV1_0732_hypothetical_protein	AF-Q2JX57-F1-model_v4 ATP synthase subunit beta	0.115	201	144	94	257	135	335	1.073E-05	136
DESULFOASV1_0732_hypothetical_protein	AF-A7Z9Q2-F1-model_v4	DESULFOASV1_0732_hypothetical_protein	AF-A7Z9Q2-F1-model_v4 ATP synthase subunit alpha	0.134	211	143	94	259	135	345	1.369E-05	136
DESULFOASV1_0732_hypothetical_protein	AF-P22477-F1-model_v4	DESULFOASV1_0732_hypothetical_protein	AF-P22477-F1-model_v4 ATP synthase subunit alpha	0.133	215	142	95	259	131	345	1.547E-05	136
DESULFOASV1_0732_hypothetical_protein	AF-Q8Y4C0-F1-model_v4	DESULFOASV1_0732_hypothetical_protein	AF-Q8Y4C0-F1-model_v4 ATP synthase subunit alpha 2	0.154	215	139	95	259	131	345	1.212E-05	136
DESULFOASV1_0732_hypothetical_protein	AF-Q32RL1-F1-model_v4	DESULFOASV1_0732_hypothetical_protein	AF-Q32RL1-F1-model_v4 ATP synthase subunit alpha, chloroplastic	0.140	206	142	94	259	141	346	2.232E-05	136
DESULFOASV1_0732_hypothetical_protein	AF-Q3AHK5-F1-model_v4	DESULFOASV1_0732_hypothetical_protein	AF-Q3AHK5-F1-model_v4 ATP synthase subunit alpha	0.129	211	144	94	259	136	346	8.930E-06	136
DESULFOASV1_0732_hypothetical_protein	AF-Q8RC17-F1-model_v4	DESULFOASV1_0732_hypothetical_protein	AF-Q8RC17-F1-model_v4 ATP synthase subunit alpha	0.146	207	137	98	259	139	345	1.858E-05	136
DESULFOASV1_0732_hypothetical_protein	AF-Q2L8Z1-F1-model_v4	DESULFOASV1_0732_hypothetical_protein	AF-Q2L8Z1-F1-model_v4 ATP synthase subunit alpha, chloroplastic	0.128	211	144	94	259	136	346	7.903E-06	136
DESULFOASV1_0732_hypothetical_protein	AF-A9L981-F1-model_v4	DESULFOASV1_0732_hypothetical_protein	AF-A9L981-F1-model_v4 ATP synthase subunit alpha, chloroplastic	0.128	211	144	94	259	136	346	7.903E-06	136
DESULFOASV1_0732_hypothetical_protein	AF-B8FZ36-F1-model_v4	DESULFOASV1_0732_hypothetical_protein	AF-B8FZ36-F1-model_v4 ATP synthase subunit alpha	0.145	215	140	95	259	131	345	1.645E-05	135
DESULFOASV1_0732_hypothetical_protein	AF-A0T0P4-F1-model_v4	DESULFOASV1_0732_hypothetical_protein	AF-A0T0P4-F1-model_v4 ATP synthase subunit alpha, chloroplastic	0.138	205	137	98	257	140	344	1.009E-05	135
DESULFOASV1_0732_hypothetical_protein	AF-Q7V037-F1-model_v4	DESULFOASV1_0732_hypothetical_protein	AF-Q7V037-F1-model_v4 ATP synthase subunit alpha	0.120	211	145	94	259	136	346	2.100E-05	135
DESULFOASV1_0732_hypothetical_protein	AF-A6YG64-F1-model_v4	DESULFOASV1_0732_hypothetical_protein	AF-A6YG64-F1-model_v4 ATP synthase subunit alpha, chloroplastic	0.114	211	146	94	259	138	348	7.903E-06	135
DESULFOASV1_0732_hypothetical_protein	AF-B2J058-F1-model_v4	DESULFOASV1_0732_hypothetical_protein	AF-B2J058-F1-model_v4 ATP synthase subunit alpha	0.134	209	141	94	257	137	345	5.154E-06	135
DESULFOASV1_0732_hypothetical_protein	AF-P00823-F1-model_v4	DESULFOASV1_0732_hypothetical_protein	AF-P00823-F1-model_v4 ATP synthase subunit alpha, chloroplastic	0.134	211	143	94	259	136	346	1.456E-05	135
DESULFOASV1_0732_hypothetical_protein	AF-A4QLH9-F1-model_v4	DESULFOASV1_0732_hypothetical_protein	AF-A4QLH9-F1-model_v4 ATP synthase subunit alpha, chloroplastic	0.134	211	143	94	259	136	346	1.369E-05	135
DESULFOASV1_0732_hypothetical_protein	AF-A7HJV9-F1-model_v4	DESULFOASV1_0732_hypothetical_protein	AF-A7HJV9-F1-model_v4 ATP synthase subunit alpha	0.143	211	141	94	259	136	346	1.140E-05	135
DESULFOASV1_0732_hypothetical_protein	AF-A4QKR6-F1-model_v4	DESULFOASV1_0732_hypothetical_protein	AF-A4QKR6-F1-model_v4 ATP synthase subunit alpha, chloroplastic	0.129	211	144	94	259	136	346	7.903E-06	135
DESULFOASV1_0732_hypothetical_protein	AF-B1NWD5-F1-model_v4	DESULFOASV1_0732_hypothetical_protein	AF-B1NWD5-F1-model_v4 ATP synthase subunit alpha, chloroplastic	0.128	211	144	94	259	136	346	9.492E-06	135
DESULFOASV1_0732_hypothetical_protein	AF-Q2PMS8-F1-model_v4	DESULFOASV1_0732_hypothetical_protein	AF-Q2PMS8-F1-model_v4 ATP synthase subunit alpha, chloroplastic	0.123	211	145	94	259	136	346	6.580E-06	135
DESULFOASV1_0732_hypothetical_protein	AF-B8CZ12-F1-model_v4	DESULFOASV1_0732_hypothetical_protein	AF-B8CZ12-F1-model_v4 ATP synthase subunit alpha	0.140	212	142	94	259	135	346	1.009E-05	135
DESULFOASV1_0732_hypothetical_protein	AF-Q02XA3-F1-model_v4	DESULFOASV1_0732_hypothetical_protein	AF-Q02XA3-F1-model_v4 ATP synthase subunit alpha	0.123	212	146	94	260	135	346	9.492E-06	134
DESULFOASV1_0732_hypothetical_protein	AF-A8FIB4-F1-model_v4	DESULFOASV1_0732_hypothetical_protein	AF-A8FIB4-F1-model_v4 ATP synthase subunit alpha	0.143	211	141	94	259	135	345	2.850E-05	134
DESULFOASV1_0732_hypothetical_protein	AF-Q3ZJ00-F1-model_v4	DESULFOASV1_0732_hypothetical_protein	AF-Q3ZJ00-F1-model_v4 ATP synthase subunit alpha, chloroplastic	0.149	211	140	94	259	136	346	1.288E-05	134
DESULFOASV1_0732_hypothetical_protein	AF-B1HM54-F1-model_v4	DESULFOASV1_0732_hypothetical_protein	AF-B1HM54-F1-model_v4 ATP synthase subunit alpha	0.134	211	143	94	259	135	345	3.868E-05	134
DESULFOASV1_0732_hypothetical_protein	AF-P42005-F1-model_v4	DESULFOASV1_0732_hypothetical_protein	AF-P42005-F1-model_v4 ATP synthase subunit alpha	0.143	211	141	94	259	135	345	1.140E-05	134
DESULFOASV1_0732_hypothetical_protein	AF-C4KYS5-F1-model_v4	DESULFOASV1_0732_hypothetical_protein	AF-C4KYS5-F1-model_v4 ATP synthase subunit alpha	0.134	211	143	94	259	135	345	1.369E-05	134
DESULFOASV1_0732_hypothetical_protein	AF-B1A920-F1-model_v4	DESULFOASV1_0732_hypothetical_protein	AF-B1A920-F1-model_v4 ATP synthase subunit alpha, chloroplastic	0.123	211	145	94	259	136	346	1.212E-05	134
DESULFOASV1_0732_hypothetical_protein	AF-Q9MUT2-F1-model_v4	DESULFOASV1_0732_hypothetical_protein	AF-Q9MUT2-F1-model_v4 ATP synthase subunit alpha, chloroplastic	0.128	211	144	94	259	136	346	1.009E-05	134
DESULFOASV1_0732_hypothetical_protein	AF-A4QJR8-F1-model_v4	DESULFOASV1_0732_hypothetical_protein	AF-A4QJR8-F1-model_v4 ATP synthase subunit alpha, chloroplastic	0.134	211	143	94	259	136	346	1.748E-05	134
DESULFOASV1_0732_hypothetical_protein	AF-Q19VA5-F1-model_v4	DESULFOASV1_0732_hypothetical_protein	AF-Q19VA5-F1-model_v4 ATP synthase subunit alpha, chloroplastic	0.124	211	145	94	259	136	346	9.492E-06	134
DESULFOASV1_0732_hypothetical_protein	AF-Q6EW63-F1-model_v4	DESULFOASV1_0732_hypothetical_protein	AF-Q6EW63-F1-model_v4 ATP synthase subunit alpha, chloroplastic	0.128	211	144	94	259	136	346	1.140E-05	134
DESULFOASV1_0732_hypothetical_protein	AF-Q06FX6-F1-model_v4	DESULFOASV1_0732_hypothetical_protein	AF-Q06FX6-F1-model_v4 ATP synthase subunit alpha, chloroplastic	0.123	211	145	94	259	136	346	7.903E-06	134
DESULFOASV1_0732_hypothetical_protein	AF-Q03A20-F1-model_v4	DESULFOASV1_0732_hypothetical_protein	AF-Q03A20-F1-model_v4 ATP synthase subunit alpha	0.165	211	138	94	259	135	345	1.009E-05	134
DESULFOASV1_0732_hypothetical_protein	AF-A4YCI0-F1-model_v4	DESULFOASV1_0732_hypothetical_protein	AF-A4YCI0-F1-model_v4 ATP synthase subunit alpha	0.128	222	144	94	259	135	356	1.456E-05	134
DESULFOASV1_0732_hypothetical_protein	AF-Q5H4Y6-F1-model_v4	DESULFOASV1_0732_hypothetical_protein	AF-Q5H4Y6-F1-model_v4 ATP synthase subunit alpha	0.149	226	140	95	259	133	358	3.029E-05	134
DESULFOASV1_0732_hypothetical_protein	AF-Q85FQ8-F1-model_v4	DESULFOASV1_0732_hypothetical_protein	AF-Q85FQ8-F1-model_v4 ATP synthase subunit alpha, chloroplastic	0.131	232	155	81	259	115	346	9.492E-06	133
DESULFOASV1_0732_hypothetical_protein	AF-O78475-F1-model_v4	DESULFOASV1_0732_hypothetical_protein	AF-O78475-F1-model_v4 ATP synthase subunit alpha, chloroplastic	0.097	211	149	94	259	136	346	3.868E-05	133
DESULFOASV1_0732_hypothetical_protein	AF-Q6G7K5-F1-model_v4	DESULFOASV1_0732_hypothetical_protein	AF-Q6G7K5-F1-model_v4 ATP synthase subunit alpha	0.163	211	138	94	259	135	345	1.140E-05	133
DESULFOASV1_0732_hypothetical_protein	AF-Q72SY1-F1-model_v4	DESULFOASV1_0732_hypothetical_protein	AF-Q72SY1-F1-model_v4 ATP synthase subunit alpha	0.110	212	147	94	259	135	346	2.522E-05	133
DESULFOASV1_0732_hypothetical_protein	AF-Q1WUC8-F1-model_v4	DESULFOASV1_0732_hypothetical_protein	AF-Q1WUC8-F1-model_v4 ATP synthase subunit alpha	0.129	211	144	94	259	135	345	1.547E-05	133
DESULFOASV1_0732_hypothetical_protein	AF-A0T0F1-F1-model_v4	DESULFOASV1_0732_hypothetical_protein	AF-A0T0F1-F1-model_v4 ATP synthase subunit alpha, chloroplastic	0.117	205	140	98	257	140	344	1.288E-05	133
DESULFOASV1_0732_hypothetical_protein	AF-Q2JIG0-F1-model_v4	DESULFOASV1_0732_hypothetical_protein	AF-Q2JIG0-F1-model_v4 ATP synthase subunit alpha	0.133	211	143	94	259	136	346	1.288E-05	133
DESULFOASV1_0732_hypothetical_protein	AF-P30392-F1-model_v4	DESULFOASV1_0732_hypothetical_protein	AF-P30392-F1-model_v4 ATP synthase subunit alpha, chloroplastic	0.123	211	145	94	259	136	346	1.288E-05	133
DESULFOASV1_0732_hypothetical_protein	AF-Q1MRB9-F1-model_v4	DESULFOASV1_0732_hypothetical_protein	AF-Q1MRB9-F1-model_v4 ATP synthase subunit alpha	0.140	211	142	94	259	135	345	3.029E-05	133
DESULFOASV1_0732_hypothetical_protein	AF-Q98QB7-F1-model_v4	DESULFOASV1_0732_hypothetical_protein	AF-Q98QB7-F1-model_v4 ATP synthase subunit alpha 2	0.135	211	142	95	259	114	324	1.975E-05	133
DESULFOASV1_0732_hypothetical_protein	AF-Q15MU2-F1-model_v4	DESULFOASV1_0732_hypothetical_protein	AF-Q15MU2-F1-model_v4 ATP synthase subunit alpha 2	0.142	222	142	94	259	135	356	1.858E-05	133
DESULFOASV1_0732_hypothetical_protein	AF-A6VL59-F1-model_v4	DESULFOASV1_0732_hypothetical_protein	AF-A6VL59-F1-model_v4 ATP synthase subunit alpha	0.142	222	142	94	259	135	356	1.456E-05	133
DESULFOASV1_0732_hypothetical_protein	AF-Q4FQ35-F1-model_v4	DESULFOASV1_0732_hypothetical_protein	AF-Q4FQ35-F1-model_v4 ATP synthase subunit alpha	0.125	222	144	94	259	136	357	2.681E-05	133
DESULFOASV1_0732_hypothetical_protein	AF-Q2P7Q6-F1-model_v4	DESULFOASV1_0732_hypothetical_protein	AF-Q2P7Q6-F1-model_v4 ATP synthase subunit alpha	0.149	226	140	95	259	133	358	3.220E-05	133
DESULFOASV1_0732_hypothetical_protein	AF-P37808-F1-model_v4	DESULFOASV1_0732_hypothetical_protein	AF-P37808-F1-model_v4 ATP synthase subunit alpha	0.134	211	143	94	259	135	345	2.373E-05	132
DESULFOASV1_0732_hypothetical_protein	AF-B7JGN2-F1-model_v4	DESULFOASV1_0732_hypothetical_protein	AF-B7JGN2-F1-model_v4 ATP synthase subunit alpha	0.148	211	141	94	259	135	345	1.547E-05	132
DESULFOASV1_0732_hypothetical_protein	AF-B1YMR6-F1-model_v4	DESULFOASV1_0732_hypothetical_protein	AF-B1YMR6-F1-model_v4 ATP synthase subunit alpha	0.138	211	142	94	259	135	345	1.456E-05	132
DESULFOASV1_0732_hypothetical_protein	AF-Q8DLP3-F1-model_v4	DESULFOASV1_0732_hypothetical_protein	AF-Q8DLP3-F1-model_v4 ATP synthase subunit alpha	0.168	211	137	94	259	136	346	1.212E-05	132
DESULFOASV1_0732_hypothetical_protein	AF-Q9ZK79-F1-model_v4	DESULFOASV1_0732_hypothetical_protein	AF-Q9ZK79-F1-model_v4 ATP synthase subunit alpha	0.142	232	153	81	259	115	346	1.547E-05	132
DESULFOASV1_0732_hypothetical_protein	AF-Q8EM81-F1-model_v4	DESULFOASV1_0732_hypothetical_protein	AF-Q8EM81-F1-model_v4 ATP synthase subunit alpha	0.129	211	144	94	259	135	345	1.547E-05	132
DESULFOASV1_0732_hypothetical_protein	AF-P27179-F1-model_v4	DESULFOASV1_0732_hypothetical_protein	AF-P27179-F1-model_v4 ATP synthase subunit alpha	0.115	209	144	94	257	136	344	9.492E-06	132
DESULFOASV1_0732_hypothetical_protein	AF-Q9MTL7-F1-model_v4	DESULFOASV1_0732_hypothetical_protein	AF-Q9MTL7-F1-model_v4 ATP synthase subunit alpha, chloroplastic	0.119	211	145	94	259	136	346	8.401E-06	132
DESULFOASV1_0732_hypothetical_protein	AF-Q8S8Y3-F1-model_v4	DESULFOASV1_0732_hypothetical_protein	AF-Q8S8Y3-F1-model_v4 ATP synthase subunit alpha, chloroplastic	0.134	211	143	94	259	136	346	2.100E-05	132
DESULFOASV1_0732_hypothetical_protein	AF-A7M8Y9-F1-model_v4	DESULFOASV1_0732_hypothetical_protein	AF-A7M8Y9-F1-model_v4 ATP synthase subunit alpha, plastid	0.137	211	142	94	259	136	346	1.456E-05	132
DESULFOASV1_0732_hypothetical_protein	AF-A4QKH7-F1-model_v4	DESULFOASV1_0732_hypothetical_protein	AF-A4QKH7-F1-model_v4 ATP synthase subunit alpha, chloroplastic	0.134	211	143	94	259	136	346	2.100E-05	132
DESULFOASV1_0732_hypothetical_protein	AF-A4QJA0-F1-model_v4	DESULFOASV1_0732_hypothetical_protein	AF-A4QJA0-F1-model_v4 ATP synthase subunit alpha, chloroplastic	0.134	211	143	94	259	136	346	2.100E-05	132
DESULFOASV1_0732_hypothetical_protein	AF-A7Y3A4-F1-model_v4	DESULFOASV1_0732_hypothetical_protein	AF-A7Y3A4-F1-model_v4 ATP synthase subunit alpha, chloroplastic	0.128	211	144	94	259	136	346	1.369E-05	132
DESULFOASV1_0732_hypothetical_protein	AF-Q1ACM8-F1-model_v4	DESULFOASV1_0732_hypothetical_protein	AF-Q1ACM8-F1-model_v4 ATP synthase subunit alpha, chloroplastic	0.123	211	145	94	259	139	349	1.288E-05	132
DESULFOASV1_0732_hypothetical_protein	AF-Q2IHQ9-F1-model_v4	DESULFOASV1_0732_hypothetical_protein	AF-Q2IHQ9-F1-model_v4 ATP synthase subunit alpha	0.131	211	143	94	259	135	345	5.249E-05	132
DESULFOASV1_0732_hypothetical_protein	AF-B8EDV2-F1-model_v4	DESULFOASV1_0732_hypothetical_protein	AF-B8EDV2-F1-model_v4 ATP synthase subunit alpha	0.128	222	144	94	259	135	356	1.975E-05	132
DESULFOASV1_0732_hypothetical_protein	AF-Q2KU34-F1-model_v4	DESULFOASV1_0732_hypothetical_protein	AF-Q2KU34-F1-model_v4 ATP synthase subunit alpha	0.129	222	144	94	259	135	356	2.373E-05	132
DESULFOASV1_0732_hypothetical_protein	AF-Q3A076-F1-model_v4	DESULFOASV1_0732_hypothetical_protein	AF-Q3A076-F1-model_v4 ATP synthase subunit alpha 2	0.142	206	137	97	257	145	350	2.232E-05	132
DESULFOASV1_0732_hypothetical_protein	AF-P95787-F1-model_v4	DESULFOASV1_0732_hypothetical_protein	AF-P95787-F1-model_v4 ATP synthase subunit alpha	0.144	211	141	94	259	135	345	1.645E-05	131
DESULFOASV1_0732_hypothetical_protein	AF-Q03LX5-F1-model_v4	DESULFOASV1_0732_hypothetical_protein	AF-Q03LX5-F1-model_v4 ATP synthase subunit alpha	0.157	211	139	94	259	135	345	1.140E-05	131
DESULFOASV1_0732_hypothetical_protein	AF-Q5M106-F1-model_v4	DESULFOASV1_0732_hypothetical_protein	AF-Q5M106-F1-model_v4 ATP synthase subunit alpha	0.157	211	139	94	259	135	345	1.140E-05	131
DESULFOASV1_0732_hypothetical_protein	AF-A4ITJ1-F1-model_v4	DESULFOASV1_0732_hypothetical_protein	AF-A4ITJ1-F1-model_v4 ATP synthase subunit alpha	0.145	215	140	95	259	131	345	2.373E-05	131
DESULFOASV1_0732_hypothetical_protein	AF-A0RL97-F1-model_v4	DESULFOASV1_0732_hypothetical_protein	AF-A0RL97-F1-model_v4 ATP synthase subunit alpha	0.148	211	141	94	259	135	345	1.645E-05	131
DESULFOASV1_0732_hypothetical_protein	AF-A7X4U5-F1-model_v4	DESULFOASV1_0732_hypothetical_protein	AF-A7X4U5-F1-model_v4 ATP synthase subunit alpha	0.163	211	138	94	259	135	345	1.547E-05	131
DESULFOASV1_0732_hypothetical_protein	AF-Q04S16-F1-model_v4	DESULFOASV1_0732_hypothetical_protein	AF-Q04S16-F1-model_v4 ATP synthase subunit alpha	0.110	212	147	94	259	135	346	3.220E-05	131
DESULFOASV1_0732_hypothetical_protein	AF-Q3Z8Z4-F1-model_v4	DESULFOASV1_0732_hypothetical_protein	AF-Q3Z8Z4-F1-model_v4 ATP synthase subunit alpha	0.153	209	138	94	257	135	343	1.748E-05	131
DESULFOASV1_0732_hypothetical_protein	AF-A8F3K0-F1-model_v4	DESULFOASV1_0732_hypothetical_protein	AF-A8F3K0-F1-model_v4 ATP synthase subunit alpha	0.161	205	133	98	257	140	344	2.522E-05	131
DESULFOASV1_0732_hypothetical_protein	AF-Q5WB76-F1-model_v4	DESULFOASV1_0732_hypothetical_protein	AF-Q5WB76-F1-model_v4 ATP synthase subunit alpha	0.129	211	144	94	259	136	346	4.111E-05	131
DESULFOASV1_0732_hypothetical_protein	AF-Q06RE6-F1-model_v4	DESULFOASV1_0732_hypothetical_protein	AF-Q06RE6-F1-model_v4 ATP synthase subunit alpha, chloroplastic	0.130	232	155	81	259	115	346	6.190E-06	131
DESULFOASV1_0732_hypothetical_protein	AF-Q30QP9-F1-model_v4	DESULFOASV1_0732_hypothetical_protein	AF-Q30QP9-F1-model_v4 ATP synthase subunit alpha	0.144	232	152	81	259	116	347	1.547E-05	131
DESULFOASV1_0732_hypothetical_protein	AF-Q3M9W0-F1-model_v4	DESULFOASV1_0732_hypothetical_protein	AF-Q3M9W0-F1-model_v4 ATP synthase subunit alpha	0.140	209	140	94	257	137	345	1.547E-05	131
DESULFOASV1_0732_hypothetical_protein	AF-P12405-F1-model_v4	DESULFOASV1_0732_hypothetical_protein	AF-P12405-F1-model_v4 ATP synthase subunit alpha	0.140	209	140	94	257	137	345	1.547E-05	131
DESULFOASV1_0732_hypothetical_protein	AF-B2Y1W2-F1-model_v4	DESULFOASV1_0732_hypothetical_protein	AF-B2Y1W2-F1-model_v4 ATP synthase subunit alpha, chloroplastic	0.123	211	145	94	259	136	346	1.456E-05	131
DESULFOASV1_0732_hypothetical_protein	AF-A8W3A9-F1-model_v4	DESULFOASV1_0732_hypothetical_protein	AF-A8W3A9-F1-model_v4 ATP synthase subunit alpha, plastid	0.143	211	141	94	259	136	346	2.522E-05	131
DESULFOASV1_0732_hypothetical_protein	AF-A4QL91-F1-model_v4	DESULFOASV1_0732_hypothetical_protein	AF-A4QL91-F1-model_v4 ATP synthase subunit alpha, chloroplastic	0.129	211	144	94	259	136	346	2.373E-05	131
DESULFOASV1_0732_hypothetical_protein	AF-Q1KVU0-F1-model_v4	DESULFOASV1_0732_hypothetical_protein	AF-Q1KVU0-F1-model_v4 ATP synthase subunit alpha, chloroplastic	0.123	211	145	94	259	136	346	2.232E-05	131
DESULFOASV1_0732_hypothetical_protein	AF-A1XGM3-F1-model_v4	DESULFOASV1_0732_hypothetical_protein	AF-A1XGM3-F1-model_v4 ATP synthase subunit alpha, chloroplastic	0.123	211	145	94	259	136	346	1.645E-05	131
DESULFOASV1_0732_hypothetical_protein	AF-A0A320-F1-model_v4	DESULFOASV1_0732_hypothetical_protein	AF-A0A320-F1-model_v4 ATP synthase subunit alpha, chloroplastic	0.119	211	145	94	259	136	346	1.547E-05	131
DESULFOASV1_0732_hypothetical_protein	AF-B5FCZ3-F1-model_v4	DESULFOASV1_0732_hypothetical_protein	AF-B5FCZ3-F1-model_v4 ATP synthase subunit alpha	0.128	222	144	94	259	135	356	1.858E-05	131
DESULFOASV1_0732_hypothetical_protein	AF-Q6LLG6-F1-model_v4	DESULFOASV1_0732_hypothetical_protein	AF-Q6LLG6-F1-model_v4 ATP synthase subunit alpha 1	0.137	222	142	94	259	135	356	1.748E-05	131
DESULFOASV1_0732_hypothetical_protein	AF-Q8E8B8-F1-model_v4	DESULFOASV1_0732_hypothetical_protein	AF-Q8E8B8-F1-model_v4 ATP synthase subunit alpha	0.133	222	143	94	259	135	356	2.232E-05	131
DESULFOASV1_0732_hypothetical_protein	AF-A7MMX1-F1-model_v4	DESULFOASV1_0732_hypothetical_protein	AF-A7MMX1-F1-model_v4 ATP synthase subunit alpha	0.120	222	145	94	259	135	356	2.100E-05	131
DESULFOASV1_0732_hypothetical_protein	AF-B2SQB2-F1-model_v4	DESULFOASV1_0732_hypothetical_protein	AF-B2SQB2-F1-model_v4 ATP synthase subunit alpha	0.138	222	142	94	259	137	358	5.579E-05	131
DESULFOASV1_0732_hypothetical_protein	AF-Q180W5-F1-model_v4	DESULFOASV1_0732_hypothetical_protein	AF-Q180W5-F1-model_v4 ATP synthase subunit beta	0.105	202	147	93	257	123	324	1.748E-05	130
DESULFOASV1_0732_hypothetical_protein	AF-Q9CER8-F1-model_v4	DESULFOASV1_0732_hypothetical_protein	AF-Q9CER8-F1-model_v4 ATP synthase subunit alpha	0.137	212	143	94	260	135	346	1.073E-05	130
DESULFOASV1_0732_hypothetical_protein	AF-Q24MN9-F1-model_v4	DESULFOASV1_0732_hypothetical_protein	AF-Q24MN9-F1-model_v4 ATP synthase subunit alpha	0.146	207	137	98	259	139	345	4.645E-05	130
DESULFOASV1_0732_hypothetical_protein	AF-B6JMX4-F1-model_v4	DESULFOASV1_0732_hypothetical_protein	AF-B6JMX4-F1-model_v4 ATP synthase subunit alpha	0.133	211	143	94	259	136	346	3.423E-05	130
DESULFOASV1_0732_hypothetical_protein	AF-Q9TM26-F1-model_v4	DESULFOASV1_0732_hypothetical_protein	AF-Q9TM26-F1-model_v4 ATP synthase subunit alpha, chloroplastic	0.143	211	141	94	259	136	346	2.373E-05	130
DESULFOASV1_0732_hypothetical_protein	AF-B8HPK1-F1-model_v4	DESULFOASV1_0732_hypothetical_protein	AF-B8HPK1-F1-model_v4 ATP synthase subunit alpha	0.133	211	143	94	259	136	346	1.212E-05	130
DESULFOASV1_0732_hypothetical_protein	AF-B0Z4N2-F1-model_v4	DESULFOASV1_0732_hypothetical_protein	AF-B0Z4N2-F1-model_v4 ATP synthase subunit alpha, chloroplastic	0.119	211	145	94	259	136	346	1.073E-05	130
DESULFOASV1_0732_hypothetical_protein	AF-Q09MJ3-F1-model_v4	DESULFOASV1_0732_hypothetical_protein	AF-Q09MJ3-F1-model_v4 ATP synthase subunit alpha, chloroplastic	0.123	211	145	94	259	136	346	1.748E-05	130
DESULFOASV1_0732_hypothetical_protein	AF-Q0G9X7-F1-model_v4	DESULFOASV1_0732_hypothetical_protein	AF-Q0G9X7-F1-model_v4 ATP synthase subunit alpha, chloroplastic	0.123	211	145	94	259	136	346	1.748E-05	130
DESULFOASV1_0732_hypothetical_protein	AF-A1XFU0-F1-model_v4	DESULFOASV1_0732_hypothetical_protein	AF-A1XFU0-F1-model_v4 ATP synthase subunit alpha, chloroplastic	0.132	211	143	94	259	136	346	1.009E-05	130
DESULFOASV1_0732_hypothetical_protein	AF-A5VIQ9-F1-model_v4	DESULFOASV1_0732_hypothetical_protein	AF-A5VIQ9-F1-model_v4 ATP synthase subunit alpha	0.154	211	140	94	259	135	345	5.579E-05	130
DESULFOASV1_0732_hypothetical_protein	AF-O51874-F1-model_v4	DESULFOASV1_0732_hypothetical_protein	AF-O51874-F1-model_v4 ATP synthase subunit alpha	0.161	219	136	97	259	138	356	9.492E-06	130
DESULFOASV1_0732_hypothetical_protein	AF-Q32RS8-F1-model_v4	DESULFOASV1_0732_hypothetical_protein	AF-Q32RS8-F1-model_v4 ATP synthase subunit alpha, chloroplastic	0.118	211	146	94	259	136	346	1.645E-05	130
DESULFOASV1_0732_hypothetical_protein	AF-C4LDW2-F1-model_v4	DESULFOASV1_0732_hypothetical_protein	AF-C4LDW2-F1-model_v4 ATP synthase subunit alpha	0.148	219	138	97	259	138	356	1.975E-05	130
DESULFOASV1_0732_hypothetical_protein	AF-A4SUT2-F1-model_v4	DESULFOASV1_0732_hypothetical_protein	AF-A4SUT2-F1-model_v4 ATP synthase subunit alpha	0.151	222	140	94	259	135	356	2.232E-05	130
DESULFOASV1_0732_hypothetical_protein	AF-A7N0Y3-F1-model_v4	DESULFOASV1_0732_hypothetical_protein	AF-A7N0Y3-F1-model_v4 ATP synthase subunit alpha 1	0.124	222	145	94	259	135	356	2.522E-05	130
DESULFOASV1_0732_hypothetical_protein	AF-A4STP5-F1-model_v4	DESULFOASV1_0732_hypothetical_protein	AF-A4STP5-F1-model_v4 ATP synthase subunit alpha	0.137	222	142	94	259	135	356	2.100E-05	130
DESULFOASV1_0732_hypothetical_protein	AF-A9HY40-F1-model_v4	DESULFOASV1_0732_hypothetical_protein	AF-A9HY40-F1-model_v4 ATP synthase subunit alpha	0.133	222	143	94	259	135	356	2.681E-05	130
DESULFOASV1_0732_hypothetical_protein	AF-C5BF38-F1-model_v4	DESULFOASV1_0732_hypothetical_protein	AF-C5BF38-F1-model_v4 ATP synthase subunit alpha	0.133	222	143	94	259	135	356	2.522E-05	130
DESULFOASV1_0732_hypothetical_protein	AF-A9KBF9-F1-model_v4	DESULFOASV1_0732_hypothetical_protein	AF-A9KBF9-F1-model_v4 ATP synthase subunit alpha	0.144	226	140	95	259	133	358	2.373E-05	130
DESULFOASV1_0732_hypothetical_protein	AF-A9NBC8-F1-model_v4	DESULFOASV1_0732_hypothetical_protein	AF-A9NBC8-F1-model_v4 ATP synthase subunit alpha	0.150	243	151	81	259	116	358	1.288E-05	130
DESULFOASV1_0732_hypothetical_protein	AF-Q6KI79-F1-model_v4	DESULFOASV1_0732_hypothetical_protein	AF-Q6KI79-F1-model_v4 ATP synthase subunit alpha	0.137	216	142	94	259	130	345	5.931E-05	130
DESULFOASV1_0732_hypothetical_protein	AF-B1AIC1-F1-model_v4	DESULFOASV1_0732_hypothetical_protein	AF-B1AIC1-F1-model_v4 ATP synthase subunit alpha	0.136	214	141	94	257	131	344	2.100E-05	130
DESULFOASV1_0732_hypothetical_protein	AF-B1JSV7-F1-model_v4	DESULFOASV1_0732_hypothetical_protein	AF-B1JSV7-F1-model_v4 ATP synthase subunit beta	0.103	210	146	94	257	115	324	1.645E-05	129
DESULFOASV1_0732_hypothetical_protein	AF-A5IFJ9-F1-model_v4	DESULFOASV1_0732_hypothetical_protein	AF-A5IFJ9-F1-model_v4 ATP synthase subunit alpha 1	0.123	213	142	95	257	133	345	2.850E-05	129
DESULFOASV1_0732_hypothetical_protein	AF-Q2SNG7-F1-model_v4	DESULFOASV1_0732_hypothetical_protein	AF-Q2SNG7-F1-model_v4 ATP synthase subunit alpha 1	0.128	231	154	80	257	117	347	1.547E-05	129
DESULFOASV1_0732_hypothetical_protein	AF-C0QW65-F1-model_v4	DESULFOASV1_0732_hypothetical_protein	AF-C0QW65-F1-model_v4 ATP synthase subunit alpha	0.133	212	143	94	259	135	346	2.681E-05	129
DESULFOASV1_0732_hypothetical_protein	AF-A2RMI4-F1-model_v4	DESULFOASV1_0732_hypothetical_protein	AF-A2RMI4-F1-model_v4 ATP synthase subunit alpha	0.137	212	143	94	260	135	346	1.288E-05	129
DESULFOASV1_0732_hypothetical_protein	AF-Q8E5V0-F1-model_v4	DESULFOASV1_0732_hypothetical_protein	AF-Q8E5V0-F1-model_v4 ATP synthase subunit alpha	0.152	211	140	94	259	135	345	1.547E-05	129
DESULFOASV1_0732_hypothetical_protein	AF-Q5M5J3-F1-model_v4	DESULFOASV1_0732_hypothetical_protein	AF-Q5M5J3-F1-model_v4 ATP synthase subunit alpha	0.152	211	140	94	259	135	345	1.212E-05	129
DESULFOASV1_0732_hypothetical_protein	AF-C1F0N0-F1-model_v4	DESULFOASV1_0732_hypothetical_protein	AF-C1F0N0-F1-model_v4 ATP synthase subunit alpha	0.142	211	142	94	259	135	345	1.645E-05	129
DESULFOASV1_0732_hypothetical_protein	AF-Q00820-F1-model_v4	DESULFOASV1_0732_hypothetical_protein	AF-Q00820-F1-model_v4 ATP synthase subunit alpha, chloroplastic	0.127	213	141	95	257	132	344	1.547E-05	129
DESULFOASV1_0732_hypothetical_protein	AF-P35009-F1-model_v4	DESULFOASV1_0732_hypothetical_protein	AF-P35009-F1-model_v4 ATP synthase subunit alpha, chloroplastic	0.129	232	155	81	259	115	346	9.492E-06	129
DESULFOASV1_0732_hypothetical_protein	AF-Q2JSW1-F1-model_v4	DESULFOASV1_0732_hypothetical_protein	AF-Q2JSW1-F1-model_v4 ATP synthase subunit alpha	0.133	211	143	94	259	136	346	2.232E-05	129
DESULFOASV1_0732_hypothetical_protein	AF-B7GMF5-F1-model_v4	DESULFOASV1_0732_hypothetical_protein	AF-B7GMF5-F1-model_v4 ATP synthase subunit alpha	0.147	211	141	94	259	138	348	1.858E-05	129
DESULFOASV1_0732_hypothetical_protein	AF-Q06H12-F1-model_v4	DESULFOASV1_0732_hypothetical_protein	AF-Q06H12-F1-model_v4 ATP synthase subunit alpha, chloroplastic	0.123	211	145	94	259	136	346	1.975E-05	129
DESULFOASV1_0732_hypothetical_protein	AF-Q589B3-F1-model_v4	DESULFOASV1_0732_hypothetical_protein	AF-Q589B3-F1-model_v4 ATP synthase subunit alpha, chloroplastic	0.128	211	144	94	259	136	346	2.100E-05	129
DESULFOASV1_0732_hypothetical_protein	AF-B7IG42-F1-model_v4	DESULFOASV1_0732_hypothetical_protein	AF-B7IG42-F1-model_v4 ATP synthase subunit alpha	0.129	211	144	94	259	136	346	1.645E-05	129
DESULFOASV1_0732_hypothetical_protein	AF-P56757-F1-model_v4	DESULFOASV1_0732_hypothetical_protein	AF-P56757-F1-model_v4 ATP synthase subunit alpha, chloroplastic	0.134	211	143	94	259	136	346	3.220E-05	129
DESULFOASV1_0732_hypothetical_protein	AF-B0Z550-F1-model_v4	DESULFOASV1_0732_hypothetical_protein	AF-B0Z550-F1-model_v4 ATP synthase subunit alpha, chloroplastic	0.124	211	145	94	259	136	346	1.748E-05	129
DESULFOASV1_0732_hypothetical_protein	AF-A2T317-F1-model_v4	DESULFOASV1_0732_hypothetical_protein	AF-A2T317-F1-model_v4 ATP synthase subunit alpha, chloroplastic	0.115	211	146	94	259	138	348	3.423E-05	129
DESULFOASV1_0732_hypothetical_protein	AF-B2A3G4-F1-model_v4	DESULFOASV1_0732_hypothetical_protein	AF-B2A3G4-F1-model_v4 ATP synthase subunit alpha	0.111	211	147	94	259	135	345	1.748E-05	129
DESULFOASV1_0732_hypothetical_protein	AF-A7M951-F1-model_v4	DESULFOASV1_0732_hypothetical_protein	AF-A7M951-F1-model_v4 ATP synthase subunit alpha, plastid	0.138	211	142	94	259	136	346	3.638E-05	129
DESULFOASV1_0732_hypothetical_protein	AF-A7HIX9-F1-model_v4	DESULFOASV1_0732_hypothetical_protein	AF-A7HIX9-F1-model_v4 ATP synthase subunit alpha	0.130	211	144	94	259	135	345	2.522E-05	129
DESULFOASV1_0732_hypothetical_protein	AF-A7N6Q6-F1-model_v4	DESULFOASV1_0732_hypothetical_protein	AF-A7N6Q6-F1-model_v4 ATP synthase subunit alpha 2	0.146	222	141	94	259	135	356	1.975E-05	129
DESULFOASV1_0732_hypothetical_protein	AF-A9AJG2-F1-model_v4	DESULFOASV1_0732_hypothetical_protein	AF-A9AJG2-F1-model_v4 ATP synthase subunit alpha	0.144	222	141	94	259	135	356	3.423E-05	129
DESULFOASV1_0732_hypothetical_protein	AF-A6TG38-F1-model_v4	DESULFOASV1_0732_hypothetical_protein	AF-A6TG38-F1-model_v4 ATP synthase subunit alpha	0.137	222	142	94	259	135	356	2.850E-05	129
DESULFOASV1_0732_hypothetical_protein	AF-B2TUP1-F1-model_v4	DESULFOASV1_0732_hypothetical_protein	AF-B2TUP1-F1-model_v4 ATP synthase subunit alpha	0.133	222	143	94	259	135	356	2.850E-05	129
DESULFOASV1_0732_hypothetical_protein	AF-Q46VX8-F1-model_v4	DESULFOASV1_0732_hypothetical_protein	AF-Q46VX8-F1-model_v4 ATP synthase subunit alpha	0.129	222	144	94	259	135	356	3.220E-05	129
DESULFOASV1_0732_hypothetical_protein	AF-Q03QY6-F1-model_v4	DESULFOASV1_0732_hypothetical_protein	AF-Q03QY6-F1-model_v4 ATP synthase subunit alpha	0.142	211	142	94	259	135	345	1.456E-05	129
DESULFOASV1_0732_hypothetical_protein	AF-A0KQY0-F1-model_v4	DESULFOASV1_0732_hypothetical_protein	AF-A0KQY0-F1-model_v4 ATP synthase subunit alpha	0.137	222	142	94	259	135	356	2.232E-05	129
DESULFOASV1_0732_hypothetical_protein	AF-A9KX08-F1-model_v4	DESULFOASV1_0732_hypothetical_protein	AF-A9KX08-F1-model_v4 ATP synthase subunit alpha	0.128	222	144	94	259	135	356	2.850E-05	129
DESULFOASV1_0732_hypothetical_protein	AF-Q7WEM7-F1-model_v4	DESULFOASV1_0732_hypothetical_protein	AF-Q7WEM7-F1-model_v4 ATP synthase subunit alpha	0.142	222	142	94	259	135	356	2.681E-05	129
DESULFOASV1_0732_hypothetical_protein	AF-Q3IK48-F1-model_v4	DESULFOASV1_0732_hypothetical_protein	AF-Q3IK48-F1-model_v4 ATP synthase subunit alpha	0.135	226	142	95	259	131	356	7.572E-05	129
DESULFOASV1_0732_hypothetical_protein	AF-A5WBV9-F1-model_v4	DESULFOASV1_0732_hypothetical_protein	AF-A5WBV9-F1-model_v4 ATP synthase subunit alpha	0.123	222	145	94	259	136	357	3.220E-05	129
DESULFOASV1_0732_hypothetical_protein	AF-A9AVV2-F1-model_v4	DESULFOASV1_0732_hypothetical_protein	AF-A9AVV2-F1-model_v4 ATP synthase subunit alpha	0.128	219	144	94	259	141	359	1.975E-05	129
DESULFOASV1_0732_hypothetical_protein	AF-Q2ST36-F1-model_v4	DESULFOASV1_0732_hypothetical_protein	AF-Q2ST36-F1-model_v4 ATP synthase subunit alpha	0.117	209	144	94	257	135	343	5.249E-05	129
DESULFOASV1_0732_hypothetical_protein	AF-Q85X67-F1-model_v4	DESULFOASV1_0732_hypothetical_protein	AF-Q85X67-F1-model_v4 ATP synthase subunit alpha, chloroplastic	0.123	211	145	94	259	136	346	1.975E-05	128
DESULFOASV1_0732_hypothetical_protein	AF-B5E673-F1-model_v4	DESULFOASV1_0732_hypothetical_protein	AF-B5E673-F1-model_v4 ATP synthase subunit alpha	0.148	209	139	94	257	135	343	2.850E-05	128
DESULFOASV1_0732_hypothetical_protein	AF-A9VSA5-F1-model_v4	DESULFOASV1_0732_hypothetical_protein	AF-A9VSA5-F1-model_v4 ATP synthase subunit alpha	0.143	211	141	94	259	135	345	3.638E-05	128
DESULFOASV1_0732_hypothetical_protein	AF-A8YY72-F1-model_v4	DESULFOASV1_0732_hypothetical_protein	AF-A8YY72-F1-model_v4 ATP synthase subunit alpha	0.162	211	138	94	259	135	345	1.975E-05	128
DESULFOASV1_0732_hypothetical_protein	AF-Q39ZT9-F1-model_v4	DESULFOASV1_0732_hypothetical_protein	AF-Q39ZT9-F1-model_v4 ATP synthase subunit alpha 1/3	0.134	211	143	94	259	135	345	3.423E-05	128
DESULFOASV1_0732_hypothetical_protein	AF-B0JWV1-F1-model_v4	DESULFOASV1_0732_hypothetical_protein	AF-B0JWV1-F1-model_v4 ATP synthase subunit alpha	0.111	209	145	94	257	136	344	1.645E-05	128
DESULFOASV1_0732_hypothetical_protein	AF-P12112-F1-model_v4	DESULFOASV1_0732_hypothetical_protein	AF-P12112-F1-model_v4 ATP synthase subunit alpha, chloroplastic	0.118	211	146	94	259	136	346	1.456E-05	128
DESULFOASV1_0732_hypothetical_protein	AF-B0Z4W6-F1-model_v4	DESULFOASV1_0732_hypothetical_protein	AF-B0Z4W6-F1-model_v4 ATP synthase subunit alpha, chloroplastic	0.124	211	145	94	259	136	346	1.975E-05	128
DESULFOASV1_0732_hypothetical_protein	AF-A2BYH6-F1-model_v4	DESULFOASV1_0732_hypothetical_protein	AF-A2BYH6-F1-model_v4 ATP synthase subunit alpha	0.120	211	145	94	259	136	346	4.645E-05	128
DESULFOASV1_0732_hypothetical_protein	AF-B0Z5D4-F1-model_v4	DESULFOASV1_0732_hypothetical_protein	AF-B0Z5D4-F1-model_v4 ATP synthase subunit alpha, chloroplastic	0.119	211	145	94	259	136	346	1.456E-05	128
DESULFOASV1_0732_hypothetical_protein	AF-Q7V5S7-F1-model_v4	DESULFOASV1_0732_hypothetical_protein	AF-Q7V5S7-F1-model_v4 ATP synthase subunit alpha	0.136	215	142	95	259	132	346	2.100E-05	128
DESULFOASV1_0732_hypothetical_protein	AF-P56294-F1-model_v4	DESULFOASV1_0732_hypothetical_protein	AF-P56294-F1-model_v4 ATP synthase subunit alpha, chloroplastic	0.119	211	145	94	259	136	346	2.100E-05	128
DESULFOASV1_0732_hypothetical_protein	AF-Q85FN4-F1-model_v4	DESULFOASV1_0732_hypothetical_protein	AF-Q85FN4-F1-model_v4 ATP synthase subunit alpha, chloroplastic	0.110	211	147	94	259	137	347	1.975E-05	128
DESULFOASV1_0732_hypothetical_protein	AF-A6H5F1-F1-model_v4	DESULFOASV1_0732_hypothetical_protein	AF-A6H5F1-F1-model_v4 ATP synthase subunit alpha, chloroplastic	0.127	211	144	94	259	136	346	1.456E-05	128
DESULFOASV1_0732_hypothetical_protein	AF-Q7UFB7-F1-model_v4	DESULFOASV1_0732_hypothetical_protein	AF-Q7UFB7-F1-model_v4 ATP synthase subunit alpha 2	0.148	212	141	94	259	134	345	2.681E-05	128
DESULFOASV1_0732_hypothetical_protein	AF-Q27S65-F1-model_v4	DESULFOASV1_0732_hypothetical_protein	AF-Q27S65-F1-model_v4 ATP synthase subunit alpha, chloroplastic	0.128	211	144	94	259	136	346	2.373E-05	128
DESULFOASV1_0732_hypothetical_protein	AF-A6LJR3-F1-model_v4	DESULFOASV1_0732_hypothetical_protein	AF-A6LJR3-F1-model_v4 ATP synthase subunit alpha	0.148	211	141	94	259	136	346	2.681E-05	128
DESULFOASV1_0732_hypothetical_protein	AF-Q8WI30-F1-model_v4	DESULFOASV1_0732_hypothetical_protein	AF-Q8WI30-F1-model_v4 ATP synthase subunit alpha, chloroplastic	0.119	211	145	94	259	138	348	2.100E-05	128
DESULFOASV1_0732_hypothetical_protein	AF-B8JCV2-F1-model_v4	DESULFOASV1_0732_hypothetical_protein	AF-B8JCV2-F1-model_v4 ATP synthase subunit alpha	0.140	211	142	94	259	135	345	3.868E-05	128
DESULFOASV1_0732_hypothetical_protein	AF-C5BKJ7-F1-model_v4	DESULFOASV1_0732_hypothetical_protein	AF-C5BKJ7-F1-model_v4 ATP synthase subunit alpha	0.142	222	142	94	259	136	357	3.029E-05	128
DESULFOASV1_0732_hypothetical_protein	AF-B5XZM2-F1-model_v4	DESULFOASV1_0732_hypothetical_protein	AF-B5XZM2-F1-model_v4 ATP synthase subunit alpha	0.133	222	143	94	259	135	356	3.220E-05	128
DESULFOASV1_0732_hypothetical_protein	AF-A3N2U6-F1-model_v4	DESULFOASV1_0732_hypothetical_protein	AF-A3N2U6-F1-model_v4 ATP synthase subunit alpha	0.151	222	140	94	259	135	356	2.100E-05	128
DESULFOASV1_0732_hypothetical_protein	AF-Q7W3A8-F1-model_v4	DESULFOASV1_0732_hypothetical_protein	AF-Q7W3A8-F1-model_v4 ATP synthase subunit alpha	0.144	226	140	95	259	131	356	3.220E-05	128
DESULFOASV1_0732_hypothetical_protein	AF-A1T0Z1-F1-model_v4	DESULFOASV1_0732_hypothetical_protein	AF-A1T0Z1-F1-model_v4 ATP synthase subunit alpha 2	0.137	222	142	94	259	135	356	4.645E-05	128
DESULFOASV1_0732_hypothetical_protein	AF-Q7NA92-F1-model_v4	DESULFOASV1_0732_hypothetical_protein	AF-Q7NA92-F1-model_v4 ATP synthase subunit alpha	0.133	222	143	94	259	135	356	3.029E-05	128
DESULFOASV1_0732_hypothetical_protein	AF-A1SBU2-F1-model_v4	DESULFOASV1_0732_hypothetical_protein	AF-A1SBU2-F1-model_v4 ATP synthase subunit alpha	0.128	222	144	94	259	135	356	3.029E-05	128
DESULFOASV1_0732_hypothetical_protein	AF-Q5X2Q3-F1-model_v4	DESULFOASV1_0732_hypothetical_protein	AF-Q5X2Q3-F1-model_v4 ATP synthase subunit alpha 1	0.146	209	139	94	257	137	345	7.123E-05	127
DESULFOASV1_0732_hypothetical_protein	AF-Q8YAM8-F1-model_v4	DESULFOASV1_0732_hypothetical_protein	AF-Q8YAM8-F1-model_v4 ATP synthase subunit alpha 1	0.136	232	154	81	259	109	340	3.423E-05	127
DESULFOASV1_0732_hypothetical_protein	AF-Q3K1J7-F1-model_v4	DESULFOASV1_0732_hypothetical_protein	AF-Q3K1J7-F1-model_v4 ATP synthase subunit alpha	0.161	211	138	94	259	135	345	1.645E-05	127
DESULFOASV1_0732_hypothetical_protein	AF-A1VXI8-F1-model_v4	DESULFOASV1_0732_hypothetical_protein	AF-A1VXI8-F1-model_v4 ATP synthase subunit alpha	0.135	232	154	81	259	114	345	1.748E-05	127
DESULFOASV1_0732_hypothetical_protein	AF-Q5KUJ1-F1-model_v4	DESULFOASV1_0732_hypothetical_protein	AF-Q5KUJ1-F1-model_v4 ATP synthase subunit alpha	0.138	211	142	94	259	135	345	4.645E-05	127
DESULFOASV1_0732_hypothetical_protein	AF-A6MVW4-F1-model_v4	DESULFOASV1_0732_hypothetical_protein	AF-A6MVW4-F1-model_v4 ATP synthase subunit alpha, chloroplastic	0.120	232	157	81	259	115	346	9.492E-06	127
DESULFOASV1_0732_hypothetical_protein	AF-Q630U1-F1-model_v4	DESULFOASV1_0732_hypothetical_protein	AF-Q630U1-F1-model_v4 ATP synthase subunit alpha	0.142	211	142	94	259	135	345	2.232E-05	127
DESULFOASV1_0732_hypothetical_protein	AF-B3EA03-F1-model_v4	DESULFOASV1_0732_hypothetical_protein	AF-B3EA03-F1-model_v4 ATP synthase subunit alpha	0.142	211	142	94	259	135	345	3.423E-05	127
DESULFOASV1_0732_hypothetical_protein	AF-B7HFK4-F1-model_v4	DESULFOASV1_0732_hypothetical_protein	AF-B7HFK4-F1-model_v4 ATP synthase subunit alpha	0.148	211	141	94	259	135	345	2.681E-05	127
DESULFOASV1_0732_hypothetical_protein	AF-Q9K6H3-F1-model_v4	DESULFOASV1_0732_hypothetical_protein	AF-Q9K6H3-F1-model_v4 ATP synthase subunit alpha	0.140	209	140	94	257	135	343	3.638E-05	127
DESULFOASV1_0732_hypothetical_protein	AF-Q6HAX7-F1-model_v4	DESULFOASV1_0732_hypothetical_protein	AF-Q6HAX7-F1-model_v4 ATP synthase subunit alpha	0.140	215	141	95	259	131	345	3.638E-05	127
DESULFOASV1_0732_hypothetical_protein	AF-Q8F2J2-F1-model_v4	DESULFOASV1_0732_hypothetical_protein	AF-Q8F2J2-F1-model_v4 ATP synthase subunit alpha	0.119	212	145	94	259	135	346	4.938E-05	127
DESULFOASV1_0732_hypothetical_protein	AF-Q1GAW7-F1-model_v4	DESULFOASV1_0732_hypothetical_protein	AF-Q1GAW7-F1-model_v4 ATP synthase subunit alpha	0.133	211	143	94	259	135	345	7.572E-05	127
DESULFOASV1_0732_hypothetical_protein	AF-A9BFX5-F1-model_v4	DESULFOASV1_0732_hypothetical_protein	AF-A9BFX5-F1-model_v4 ATP synthase subunit alpha	0.149	205	135	98	257	142	346	4.938E-05	127
DESULFOASV1_0732_hypothetical_protein	AF-Q2LQZ7-F1-model_v4	DESULFOASV1_0732_hypothetical_protein	AF-Q2LQZ7-F1-model_v4 ATP synthase subunit alpha 1	0.120	211	145	94	259	136	346	5.931E-05	127
DESULFOASV1_0732_hypothetical_protein	AF-Q67TB9-F1-model_v4	DESULFOASV1_0732_hypothetical_protein	AF-Q67TB9-F1-model_v4 ATP synthase subunit alpha	0.122	232	156	81	259	114	345	2.850E-05	127
DESULFOASV1_0732_hypothetical_protein	AF-Q7YJY4-F1-model_v4	DESULFOASV1_0732_hypothetical_protein	AF-Q7YJY4-F1-model_v4 ATP synthase subunit alpha, chloroplastic	0.119	211	145	94	259	136	346	2.522E-05	127
DESULFOASV1_0732_hypothetical_protein	AF-Q2MIB5-F1-model_v4	DESULFOASV1_0732_hypothetical_protein	AF-Q2MIB5-F1-model_v4 ATP synthase subunit alpha, chloroplastic	0.131	215	143	95	259	132	346	2.100E-05	127
DESULFOASV1_0732_hypothetical_protein	AF-Q2RFX7-F1-model_v4	DESULFOASV1_0732_hypothetical_protein	AF-Q2RFX7-F1-model_v4 ATP synthase subunit alpha	0.142	233	153	81	259	114	346	1.288E-05	127
DESULFOASV1_0732_hypothetical_protein	AF-Q70XV0-F1-model_v4	DESULFOASV1_0732_hypothetical_protein	AF-Q70XV0-F1-model_v4 ATP synthase subunit alpha, chloroplastic	0.123	211	145	94	259	136	346	2.373E-05	127
DESULFOASV1_0732_hypothetical_protein	AF-A1E9S1-F1-model_v4	DESULFOASV1_0732_hypothetical_protein	AF-A1E9S1-F1-model_v4 ATP synthase subunit alpha, chloroplastic	0.139	232	153	81	259	115	346	1.288E-05	127
DESULFOASV1_0732_hypothetical_protein	AF-Q1KXW5-F1-model_v4	DESULFOASV1_0732_hypothetical_protein	AF-Q1KXW5-F1-model_v4 ATP synthase subunit alpha, chloroplastic	0.129	211	144	94	259	136	346	4.645E-05	127
DESULFOASV1_0732_hypothetical_protein	AF-B4UKF2-F1-model_v4	DESULFOASV1_0732_hypothetical_protein	AF-B4UKF2-F1-model_v4 ATP synthase subunit alpha	0.148	211	141	94	259	135	345	3.638E-05	127
DESULFOASV1_0732_hypothetical_protein	AF-Q8MA05-F1-model_v4	DESULFOASV1_0732_hypothetical_protein	AF-Q8MA05-F1-model_v4 ATP synthase subunit alpha, chloroplastic	0.114	211	146	94	259	136	346	2.232E-05	127
DESULFOASV1_0732_hypothetical_protein	AF-Q0K5M5-F1-model_v4	DESULFOASV1_0732_hypothetical_protein	AF-Q0K5M5-F1-model_v4 ATP synthase subunit alpha	0.149	226	140	95	259	131	356	3.029E-05	127
DESULFOASV1_0732_hypothetical_protein	AF-A8HAG5-F1-model_v4	DESULFOASV1_0732_hypothetical_protein	AF-A8HAG5-F1-model_v4 ATP synthase subunit alpha	0.139	220	140	94	257	135	354	2.681E-05	127
DESULFOASV1_0732_hypothetical_protein	AF-Q9KNH3-F1-model_v4	DESULFOASV1_0732_hypothetical_protein	AF-Q9KNH3-F1-model_v4 ATP synthase subunit alpha	0.137	222	142	94	259	135	356	2.373E-05	127
DESULFOASV1_0732_hypothetical_protein	AF-A1RQB2-F1-model_v4	DESULFOASV1_0732_hypothetical_protein	AF-A1RQB2-F1-model_v4 ATP synthase subunit alpha	0.130	219	141	97	259	138	356	4.370E-05	127
DESULFOASV1_0732_hypothetical_protein	AF-B4TN33-F1-model_v4	DESULFOASV1_0732_hypothetical_protein	AF-B4TN33-F1-model_v4 ATP synthase subunit alpha	0.137	222	142	94	259	135	356	3.029E-05	127
DESULFOASV1_0732_hypothetical_protein	AF-P0ABB3-F1-model_v4	DESULFOASV1_0732_hypothetical_protein	AF-P0ABB3-F1-model_v4 ATP synthase subunit alpha	0.133	222	143	94	259	135	356	5.931E-05	127
DESULFOASV1_0732_hypothetical_protein	AF-A8G7M6-F1-model_v4	DESULFOASV1_0732_hypothetical_protein	AF-A8G7M6-F1-model_v4 ATP synthase subunit alpha	0.146	222	141	94	259	135	356	3.029E-05	127
DESULFOASV1_0732_hypothetical_protein	AF-B7NR36-F1-model_v4	DESULFOASV1_0732_hypothetical_protein	AF-B7NR36-F1-model_v4 ATP synthase subunit alpha	0.138	222	142	94	259	135	356	6.304E-05	127
DESULFOASV1_0732_hypothetical_protein	AF-A9MJR7-F1-model_v4	DESULFOASV1_0732_hypothetical_protein	AF-A9MJR7-F1-model_v4 ATP synthase subunit alpha	0.137	222	142	94	259	135	356	3.029E-05	127
DESULFOASV1_0732_hypothetical_protein	AF-A3DAR6-F1-model_v4	DESULFOASV1_0732_hypothetical_protein	AF-A3DAR6-F1-model_v4 ATP synthase subunit alpha	0.130	219	141	97	259	138	356	4.111E-05	127
DESULFOASV1_0732_hypothetical_protein	AF-Q7P097-F1-model_v4	DESULFOASV1_0732_hypothetical_protein	AF-Q7P097-F1-model_v4 ATP synthase subunit alpha	0.133	222	143	94	259	135	356	5.931E-05	127
DESULFOASV1_0732_hypothetical_protein	AF-A1VPQ8-F1-model_v4	DESULFOASV1_0732_hypothetical_protein	AF-A1VPQ8-F1-model_v4 ATP synthase subunit alpha 2	0.121	231	156	80	257	120	350	1.073E-05	127
DESULFOASV1_0732_hypothetical_protein	AF-Q21Z99-F1-model_v4	DESULFOASV1_0732_hypothetical_protein	AF-Q21Z99-F1-model_v4 ATP synthase subunit alpha 2	0.129	205	138	98	257	145	349	7.123E-05	127
DESULFOASV1_0732_hypothetical_protein	AF-A0AFQ9-F1-model_v4	DESULFOASV1_0732_hypothetical_protein	AF-A0AFQ9-F1-model_v4 ATP synthase subunit alpha 1	0.147	232	152	81	259	109	340	2.232E-05	126
DESULFOASV1_0732_hypothetical_protein	AF-Q4G397-F1-model_v4	DESULFOASV1_0732_hypothetical_protein	AF-Q4G397-F1-model_v4 ATP synthase subunit alpha, chloroplastic	0.117	232	157	81	259	115	346	1.009E-05	126
DESULFOASV1_0732_hypothetical_protein	AF-A4J9A1-F1-model_v4	DESULFOASV1_0732_hypothetical_protein	AF-A4J9A1-F1-model_v4 ATP synthase subunit alpha	0.162	213	136	95	257	131	343	2.232E-05	126
DESULFOASV1_0732_hypothetical_protein	AF-B9DRT4-F1-model_v4	DESULFOASV1_0732_hypothetical_protein	AF-B9DRT4-F1-model_v4 ATP synthase subunit alpha	0.156	211	139	94	259	135	345	1.858E-05	126
DESULFOASV1_0732_hypothetical_protein	AF-P0DA02-F1-model_v4	DESULFOASV1_0732_hypothetical_protein	AF-P0DA02-F1-model_v4 ATP synthase subunit alpha	0.156	211	139	94	259	135	345	1.748E-05	126
DESULFOASV1_0732_hypothetical_protein	AF-A1ALL5-F1-model_v4	DESULFOASV1_0732_hypothetical_protein	AF-A1ALL5-F1-model_v4 ATP synthase subunit alpha	0.131	211	143	94	259	135	345	5.249E-05	126
DESULFOASV1_0732_hypothetical_protein	AF-C3P1F6-F1-model_v4	DESULFOASV1_0732_hypothetical_protein	AF-C3P1F6-F1-model_v4 ATP synthase subunit alpha	0.150	215	139	95	259	131	345	2.681E-05	126
DESULFOASV1_0732_hypothetical_protein	AF-Q8P1K6-F1-model_v4	DESULFOASV1_0732_hypothetical_protein	AF-Q8P1K6-F1-model_v4 ATP synthase subunit alpha	0.156	211	139	94	259	135	345	1.858E-05	126
DESULFOASV1_0732_hypothetical_protein	AF-Q1JCL5-F1-model_v4	DESULFOASV1_0732_hypothetical_protein	AF-Q1JCL5-F1-model_v4 ATP synthase subunit alpha	0.156	211	139	94	259	135	345	1.748E-05	126
DESULFOASV1_0732_hypothetical_protein	AF-Q72XE6-F1-model_v4	DESULFOASV1_0732_hypothetical_protein	AF-Q72XE6-F1-model_v4 ATP synthase subunit alpha	0.142	211	142	94	259	135	345	2.232E-05	126
DESULFOASV1_0732_hypothetical_protein	AF-B5XKP9-F1-model_v4	DESULFOASV1_0732_hypothetical_protein	AF-B5XKP9-F1-model_v4 ATP synthase subunit alpha	0.156	211	139	94	259	135	345	1.748E-05	126
DESULFOASV1_0732_hypothetical_protein	AF-P0DA03-F1-model_v4	DESULFOASV1_0732_hypothetical_protein	AF-P0DA03-F1-model_v4 ATP synthase subunit alpha	0.156	211	139	94	259	135	345	1.748E-05	126
DESULFOASV1_0732_hypothetical_protein	AF-Q1JMJ1-F1-model_v4	DESULFOASV1_0732_hypothetical_protein	AF-Q1JMJ1-F1-model_v4 ATP synthase subunit alpha	0.156	211	139	94	259	135	345	1.858E-05	126
DESULFOASV1_0732_hypothetical_protein	AF-B0THN4-F1-model_v4	DESULFOASV1_0732_hypothetical_protein	AF-B0THN4-F1-model_v4 ATP synthase subunit alpha	0.130	211	144	94	259	135	345	4.938E-05	126
DESULFOASV1_0732_hypothetical_protein	AF-A5IUQ0-F1-model_v4	DESULFOASV1_0732_hypothetical_protein	AF-A5IUQ0-F1-model_v4 ATP synthase subunit alpha	0.162	211	138	94	259	135	345	2.373E-05	126
DESULFOASV1_0732_hypothetical_protein	AF-Q6B8Q8-F1-model_v4	DESULFOASV1_0732_hypothetical_protein	AF-Q6B8Q8-F1-model_v4 ATP synthase subunit alpha, chloroplastic	0.145	215	140	95	259	132	346	2.850E-05	126
DESULFOASV1_0732_hypothetical_protein	AF-Q71WP7-F1-model_v4	DESULFOASV1_0732_hypothetical_protein	AF-Q71WP7-F1-model_v4 ATP synthase subunit alpha 2	0.152	211	140	94	259	135	345	2.373E-05	126
DESULFOASV1_0732_hypothetical_protein	AF-Q318U1-F1-model_v4	DESULFOASV1_0732_hypothetical_protein	AF-Q318U1-F1-model_v4 ATP synthase subunit alpha	0.115	211	146	94	259	136	346	3.220E-05	126
DESULFOASV1_0732_hypothetical_protein	AF-A7ZC35-F1-model_v4	DESULFOASV1_0732_hypothetical_protein	AF-A7ZC35-F1-model_v4 ATP synthase subunit alpha	0.127	232	155	81	259	116	347	2.100E-05	126
DESULFOASV1_0732_hypothetical_protein	AF-A1EA05-F1-model_v4	DESULFOASV1_0732_hypothetical_protein	AF-A1EA05-F1-model_v4 ATP synthase subunit alpha, chloroplastic	0.118	211	146	94	259	136	346	1.975E-05	126
DESULFOASV1_0732_hypothetical_protein	AF-P08449-F1-model_v4	DESULFOASV1_0732_hypothetical_protein	AF-P08449-F1-model_v4 ATP synthase subunit alpha	0.129	211	144	94	259	136	346	2.232E-05	126
DESULFOASV1_0732_hypothetical_protein	AF-A3DIM7-F1-model_v4	DESULFOASV1_0732_hypothetical_protein	AF-A3DIM7-F1-model_v4 ATP synthase subunit alpha	0.144	212	141	94	259	135	346	5.249E-05	126
DESULFOASV1_0732_hypothetical_protein	AF-Q6YXK3-F1-model_v4	DESULFOASV1_0732_hypothetical_protein	AF-Q6YXK3-F1-model_v4 ATP synthase subunit alpha, chloroplastic	0.114	211	146	94	259	136	346	3.423E-05	126
DESULFOASV1_0732_hypothetical_protein	AF-Q85AU2-F1-model_v4	DESULFOASV1_0732_hypothetical_protein	AF-Q85AU2-F1-model_v4 ATP synthase subunit alpha, chloroplastic	0.109	211	147	94	259	136	346	2.522E-05	126
DESULFOASV1_0732_hypothetical_protein	AF-Q09G61-F1-model_v4	DESULFOASV1_0732_hypothetical_protein	AF-Q09G61-F1-model_v4 ATP synthase subunit alpha, chloroplastic	0.114	211	146	94	259	136	346	1.975E-05	126
DESULFOASV1_0732_hypothetical_protein	AF-A8Y9G7-F1-model_v4	DESULFOASV1_0732_hypothetical_protein	AF-A8Y9G7-F1-model_v4 ATP synthase subunit alpha, chloroplastic	0.118	211	146	94	259	136	346	1.975E-05	126
DESULFOASV1_0732_hypothetical_protein	AF-P05022-F1-model_v4	DESULFOASV1_0732_hypothetical_protein	AF-P05022-F1-model_v4 ATP synthase subunit alpha, chloroplastic	0.134	211	143	94	259	136	346	4.645E-05	126
DESULFOASV1_0732_hypothetical_protein	AF-B1I6J9-F1-model_v4	DESULFOASV1_0732_hypothetical_protein	AF-B1I6J9-F1-model_v4 ATP synthase subunit alpha	0.142	215	141	95	259	131	345	3.638E-05	126
DESULFOASV1_0732_hypothetical_protein	AF-P0C2Z5-F1-model_v4	DESULFOASV1_0732_hypothetical_protein	AF-P0C2Z5-F1-model_v4 ATP synthase subunit alpha, chloroplastic	0.134	211	143	94	259	136	346	4.938E-05	126
DESULFOASV1_0732_hypothetical_protein	AF-A4GYP3-F1-model_v4	DESULFOASV1_0732_hypothetical_protein	AF-A4GYP3-F1-model_v4 ATP synthase subunit alpha, chloroplastic	0.137	211	142	94	259	136	346	1.975E-05	126
DESULFOASV1_0732_hypothetical_protein	AF-Q2QDA3-F1-model_v4	DESULFOASV1_0732_hypothetical_protein	AF-Q2QDA3-F1-model_v4 ATP synthase subunit alpha, chloroplastic	0.119	211	145	94	259	136	346	3.029E-05	126
DESULFOASV1_0732_hypothetical_protein	AF-Q33C53-F1-model_v4	DESULFOASV1_0732_hypothetical_protein	AF-Q33C53-F1-model_v4 ATP synthase subunit alpha, chloroplastic	0.129	211	144	94	259	136	346	4.645E-05	126
DESULFOASV1_0732_hypothetical_protein	AF-P06283-F1-model_v4	DESULFOASV1_0732_hypothetical_protein	AF-P06283-F1-model_v4 ATP synthase subunit alpha, chloroplastic	0.125	211	144	94	259	136	346	5.579E-05	126
DESULFOASV1_0732_hypothetical_protein	AF-Q06GS5-F1-model_v4	DESULFOASV1_0732_hypothetical_protein	AF-Q06GS5-F1-model_v4 ATP synthase subunit alpha, chloroplastic	0.119	211	145	94	259	136	346	2.850E-05	126
DESULFOASV1_0732_hypothetical_protein	AF-Q332Y4-F1-model_v4	DESULFOASV1_0732_hypothetical_protein	AF-Q332Y4-F1-model_v4 ATP synthase subunit alpha, chloroplastic	0.119	211	145	94	259	136	346	3.029E-05	126
DESULFOASV1_0732_hypothetical_protein	AF-B2G689-F1-model_v4	DESULFOASV1_0732_hypothetical_protein	AF-B2G689-F1-model_v4 ATP synthase subunit alpha	0.172	211	137	94	259	135	345	4.645E-05	126
DESULFOASV1_0732_hypothetical_protein	AF-A6T472-F1-model_v4	DESULFOASV1_0732_hypothetical_protein	AF-A6T472-F1-model_v4 ATP synthase subunit alpha	0.142	222	142	94	259	135	356	4.370E-05	126
DESULFOASV1_0732_hypothetical_protein	AF-Q2Y8G9-F1-model_v4	DESULFOASV1_0732_hypothetical_protein	AF-Q2Y8G9-F1-model_v4 ATP synthase subunit alpha 2	0.169	207	134	98	259	143	349	2.522E-05	126
DESULFOASV1_0732_hypothetical_protein	AF-Q07VU2-F1-model_v4	DESULFOASV1_0732_hypothetical_protein	AF-Q07VU2-F1-model_v4 ATP synthase subunit alpha 2	0.137	222	142	94	259	135	356	1.748E-05	126
DESULFOASV1_0732_hypothetical_protein	AF-A9MXA8-F1-model_v4	DESULFOASV1_0732_hypothetical_protein	AF-A9MXA8-F1-model_v4 ATP synthase subunit alpha	0.137	222	142	94	259	135	356	3.220E-05	126
DESULFOASV1_0732_hypothetical_protein	AF-B0BRX4-F1-model_v4	DESULFOASV1_0732_hypothetical_protein	AF-B0BRX4-F1-model_v4 ATP synthase subunit alpha	0.151	222	140	94	259	135	356	2.850E-05	126
DESULFOASV1_0732_hypothetical_protein	AF-Q5PKX0-F1-model_v4	DESULFOASV1_0732_hypothetical_protein	AF-Q5PKX0-F1-model_v4 ATP synthase subunit alpha	0.137	222	142	94	259	135	356	3.423E-05	126
DESULFOASV1_0732_hypothetical_protein	AF-B4TAX4-F1-model_v4	DESULFOASV1_0732_hypothetical_protein	AF-B4TAX4-F1-model_v4 ATP synthase subunit alpha	0.137	222	142	94	259	135	356	3.220E-05	126
DESULFOASV1_0732_hypothetical_protein	AF-B0UWG7-F1-model_v4	DESULFOASV1_0732_hypothetical_protein	AF-B0UWG7-F1-model_v4 ATP synthase subunit alpha	0.137	222	142	94	259	135	356	4.111E-05	126
DESULFOASV1_0732_hypothetical_protein	AF-B4SYD3-F1-model_v4	DESULFOASV1_0732_hypothetical_protein	AF-B4SYD3-F1-model_v4 ATP synthase subunit alpha	0.137	222	142	94	259	135	356	3.220E-05	126
DESULFOASV1_0732_hypothetical_protein	AF-Q0I5X1-F1-model_v4	DESULFOASV1_0732_hypothetical_protein	AF-Q0I5X1-F1-model_v4 ATP synthase subunit alpha	0.137	222	142	94	259	135	356	4.111E-05	126
DESULFOASV1_0732_hypothetical_protein	AF-Q8XG95-F1-model_v4	DESULFOASV1_0732_hypothetical_protein	AF-Q8XG95-F1-model_v4 ATP synthase subunit alpha	0.137	222	142	94	259	135	356	3.423E-05	126
DESULFOASV1_0732_hypothetical_protein	AF-B5RFW1-F1-model_v4	DESULFOASV1_0732_hypothetical_protein	AF-B5RFW1-F1-model_v4 ATP synthase subunit alpha	0.137	222	142	94	259	135	356	3.423E-05	126
DESULFOASV1_0732_hypothetical_protein	AF-Q7CPE1-F1-model_v4	DESULFOASV1_0732_hypothetical_protein	AF-Q7CPE1-F1-model_v4 ATP synthase subunit alpha	0.137	222	142	94	259	135	356	3.220E-05	126
DESULFOASV1_0732_hypothetical_protein	AF-Q7VPP2-F1-model_v4	DESULFOASV1_0732_hypothetical_protein	AF-Q7VPP2-F1-model_v4 ATP synthase subunit alpha	0.128	222	144	94	259	135	356	3.868E-05	126
DESULFOASV1_0732_hypothetical_protein	AF-Q8Z9S4-F1-model_v4	DESULFOASV1_0732_hypothetical_protein	AF-Q8Z9S4-F1-model_v4 ATP synthase subunit alpha	0.123	222	145	94	259	135	356	3.029E-05	126
DESULFOASV1_0732_hypothetical_protein	AF-B5FN35-F1-model_v4	DESULFOASV1_0732_hypothetical_protein	AF-B5FN35-F1-model_v4 ATP synthase subunit alpha	0.137	222	142	94	259	135	356	3.220E-05	126
DESULFOASV1_0732_hypothetical_protein	AF-B7N2H3-F1-model_v4	DESULFOASV1_0732_hypothetical_protein	AF-B7N2H3-F1-model_v4 ATP synthase subunit alpha	0.138	222	142	94	259	135	356	4.645E-05	126
DESULFOASV1_0732_hypothetical_protein	AF-Q1C093-F1-model_v4	DESULFOASV1_0732_hypothetical_protein	AF-Q1C093-F1-model_v4 ATP synthase subunit alpha	0.123	222	145	94	259	135	356	3.029E-05	126
DESULFOASV1_0732_hypothetical_protein	AF-Q663Q6-F1-model_v4	DESULFOASV1_0732_hypothetical_protein	AF-Q663Q6-F1-model_v4 ATP synthase subunit alpha	0.123	222	145	94	259	135	356	3.029E-05	126
DESULFOASV1_0732_hypothetical_protein	AF-Q1Q897-F1-model_v4	DESULFOASV1_0732_hypothetical_protein	AF-Q1Q897-F1-model_v4 ATP synthase subunit alpha	0.120	222	145	94	259	136	357	3.029E-05	126
DESULFOASV1_0732_hypothetical_protein	AF-A1VIV0-F1-model_v4	DESULFOASV1_0732_hypothetical_protein	AF-A1VIV0-F1-model_v4 ATP synthase subunit alpha 1	0.147	243	152	81	259	119	361	2.522E-05	126
DESULFOASV1_0732_hypothetical_protein	AF-A1W2T5-F1-model_v4	DESULFOASV1_0732_hypothetical_protein	AF-A1W2T5-F1-model_v4 ATP synthase subunit alpha	0.155	243	150	81	259	119	361	1.975E-05	126
DESULFOASV1_0732_hypothetical_protein	AF-Q04G22-F1-model_v4	DESULFOASV1_0732_hypothetical_protein	AF-Q04G22-F1-model_v4 ATP synthase subunit alpha	0.155	211	139	94	259	135	345	1.645E-05	126
DESULFOASV1_0732_hypothetical_protein	AF-Q6F204-F1-model_v4	DESULFOASV1_0732_hypothetical_protein	AF-Q6F204-F1-model_v4 ATP synthase subunit alpha	0.116	209	144	94	257	135	343	3.868E-05	126
DESULFOASV1_0732_hypothetical_protein	AF-P51333-F1-model_v4	DESULFOASV1_0732_hypothetical_protein	AF-P51333-F1-model_v4 Probable replicative DNA helicase	0.131	256	188	22	238	88	343	2.330E-06	126
DESULFOASV1_0732_hypothetical_protein	AF-A1UY41-F1-model_v4	DESULFOASV1_0732_hypothetical_protein	AF-A1UY41-F1-model_v4 ATP synthase subunit alpha 2	0.175	211	136	94	259	146	356	2.100E-05	126
DESULFOASV1_0732_hypothetical_protein	AF-A3NF40-F1-model_v4	DESULFOASV1_0732_hypothetical_protein	AF-A3NF40-F1-model_v4 ATP synthase subunit beta 1	0.103	210	146	94	257	115	324	3.029E-05	125
DESULFOASV1_0732_hypothetical_protein	AF-Q7MA20-F1-model_v4	DESULFOASV1_0732_hypothetical_protein	AF-Q7MA20-F1-model_v4 ATP synthase subunit alpha	0.138	220	155	79	259	124	343	2.232E-05	125
DESULFOASV1_0732_hypothetical_protein	AF-B4U2D9-F1-model_v4	DESULFOASV1_0732_hypothetical_protein	AF-B4U2D9-F1-model_v4 ATP synthase subunit alpha	0.156	211	139	94	259	135	345	2.100E-05	125
DESULFOASV1_0732_hypothetical_protein	AF-C1C8A1-F1-model_v4	DESULFOASV1_0732_hypothetical_protein	AF-C1C8A1-F1-model_v4 ATP synthase subunit alpha	0.153	209	138	94	257	135	343	1.858E-05	125
DESULFOASV1_0732_hypothetical_protein	AF-Q81JZ3-F1-model_v4	DESULFOASV1_0732_hypothetical_protein	AF-Q81JZ3-F1-model_v4 ATP synthase subunit alpha	0.150	215	139	95	259	131	345	2.850E-05	125
DESULFOASV1_0732_hypothetical_protein	AF-Q9A0I9-F1-model_v4	DESULFOASV1_0732_hypothetical_protein	AF-Q9A0I9-F1-model_v4 ATP synthase subunit alpha	0.156	211	139	94	259	135	345	2.232E-05	125
DESULFOASV1_0732_hypothetical_protein	AF-Q48UD5-F1-model_v4	DESULFOASV1_0732_hypothetical_protein	AF-Q48UD5-F1-model_v4 ATP synthase subunit alpha	0.156	211	139	94	259	135	345	2.232E-05	125
DESULFOASV1_0732_hypothetical_protein	AF-P63676-F1-model_v4	DESULFOASV1_0732_hypothetical_protein	AF-P63676-F1-model_v4 ATP synthase subunit alpha	0.161	232	149	81	259	114	345	1.369E-05	125
DESULFOASV1_0732_hypothetical_protein	AF-Q2FF22-F1-model_v4	DESULFOASV1_0732_hypothetical_protein	AF-Q2FF22-F1-model_v4 ATP synthase subunit alpha	0.161	232	149	81	259	114	345	1.369E-05	125
DESULFOASV1_0732_hypothetical_protein	AF-Q5HE95-F1-model_v4	DESULFOASV1_0732_hypothetical_protein	AF-Q5HE95-F1-model_v4 ATP synthase subunit alpha	0.161	232	149	81	259	114	345	1.288E-05	125
DESULFOASV1_0732_hypothetical_protein	AF-Q2YUJ9-F1-model_v4	DESULFOASV1_0732_hypothetical_protein	AF-Q2YUJ9-F1-model_v4 ATP synthase subunit alpha	0.136	209	141	94	257	135	343	5.579E-05	125
DESULFOASV1_0732_hypothetical_protein	AF-P99111-F1-model_v4	DESULFOASV1_0732_hypothetical_protein	AF-P99111-F1-model_v4 ATP synthase subunit alpha	0.162	211	138	94	259	135	345	2.681E-05	125
DESULFOASV1_0732_hypothetical_protein	AF-B5Z8D2-F1-model_v4	DESULFOASV1_0732_hypothetical_protein	AF-B5Z8D2-F1-model_v4 ATP synthase subunit alpha	0.142	232	153	81	259	115	346	2.850E-05	125
DESULFOASV1_0732_hypothetical_protein	AF-B1LBC1-F1-model_v4	DESULFOASV1_0732_hypothetical_protein	AF-B1LBC1-F1-model_v4 ATP synthase subunit alpha	0.136	205	137	98	257	140	344	2.522E-05	125
DESULFOASV1_0732_hypothetical_protein	AF-P55987-F1-model_v4	DESULFOASV1_0732_hypothetical_protein	AF-P55987-F1-model_v4 ATP synthase subunit alpha	0.134	232	154	81	259	115	346	3.220E-05	125
DESULFOASV1_0732_hypothetical_protein	AF-A5ILX0-F1-model_v4	DESULFOASV1_0732_hypothetical_protein	AF-A5ILX0-F1-model_v4 ATP synthase subunit alpha	0.136	205	137	98	257	140	344	2.522E-05	125
DESULFOASV1_0732_hypothetical_protein	AF-Q04ZU3-F1-model_v4	DESULFOASV1_0732_hypothetical_protein	AF-Q04ZU3-F1-model_v4 ATP synthase subunit alpha	0.114	212	146	94	259	135	346	3.423E-05	125
DESULFOASV1_0732_hypothetical_protein	AF-B9DX63-F1-model_v4	DESULFOASV1_0732_hypothetical_protein	AF-B9DX63-F1-model_v4 ATP synthase subunit alpha	0.155	215	139	95	259	131	345	3.868E-05	125
DESULFOASV1_0732_hypothetical_protein	AF-C1FQP3-F1-model_v4	DESULFOASV1_0732_hypothetical_protein	AF-C1FQP3-F1-model_v4 ATP synthase subunit alpha	0.114	211	146	94	259	135	345	4.645E-05	125
DESULFOASV1_0732_hypothetical_protein	AF-Q46J57-F1-model_v4	DESULFOASV1_0732_hypothetical_protein	AF-Q46J57-F1-model_v4 ATP synthase subunit alpha	0.112	232	158	81	259	115	346	2.522E-05	125
DESULFOASV1_0732_hypothetical_protein	AF-A7H019-F1-model_v4	DESULFOASV1_0732_hypothetical_protein	AF-A7H019-F1-model_v4 ATP synthase subunit alpha	0.121	232	156	81	259	116	347	2.681E-05	125
DESULFOASV1_0732_hypothetical_protein	AF-A6Q4C2-F1-model_v4	DESULFOASV1_0732_hypothetical_protein	AF-A6Q4C2-F1-model_v4 ATP synthase subunit alpha	0.133	232	154	81	259	116	347	1.645E-05	125
DESULFOASV1_0732_hypothetical_protein	AF-A7I175-F1-model_v4	DESULFOASV1_0732_hypothetical_protein	AF-A7I175-F1-model_v4 ATP synthase subunit alpha	0.130	232	155	81	259	116	347	1.748E-05	125
DESULFOASV1_0732_hypothetical_protein	AF-A6MMA7-F1-model_v4	DESULFOASV1_0732_hypothetical_protein	AF-A6MMA7-F1-model_v4 ATP synthase subunit alpha, chloroplastic	0.119	211	145	94	259	136	346	2.850E-05	125
DESULFOASV1_0732_hypothetical_protein	AF-Q14FH2-F1-model_v4	DESULFOASV1_0732_hypothetical_protein	AF-Q14FH2-F1-model_v4 ATP synthase subunit alpha, chloroplastic	0.137	211	142	94	259	136	346	2.522E-05	125
DESULFOASV1_0732_hypothetical_protein	AF-Q68S21-F1-model_v4	DESULFOASV1_0732_hypothetical_protein	AF-Q68S21-F1-model_v4 ATP synthase subunit alpha, chloroplastic	0.119	211	145	94	259	136	346	3.029E-05	125
DESULFOASV1_0732_hypothetical_protein	AF-Q3BAQ7-F1-model_v4	DESULFOASV1_0732_hypothetical_protein	AF-Q3BAQ7-F1-model_v4 ATP synthase subunit alpha, chloroplastic	0.122	211	145	94	259	136	346	2.232E-05	125
DESULFOASV1_0732_hypothetical_protein	AF-Q4A8W1-F1-model_v4	DESULFOASV1_0732_hypothetical_protein	AF-Q4A8W1-F1-model_v4 ATP synthase subunit alpha	0.112	211	147	94	259	134	344	8.049E-05	125
DESULFOASV1_0732_hypothetical_protein	AF-P26526-F1-model_v4	DESULFOASV1_0732_hypothetical_protein	AF-P26526-F1-model_v4 ATP synthase subunit alpha, chloroplastic	0.130	211	144	94	259	136	346	3.220E-05	125
DESULFOASV1_0732_hypothetical_protein	AF-B1JRN0-F1-model_v4	DESULFOASV1_0732_hypothetical_protein	AF-B1JRN0-F1-model_v4 ATP synthase subunit alpha	0.123	222	145	94	259	135	356	3.423E-05	125
DESULFOASV1_0732_hypothetical_protein	AF-Q0SYU2-F1-model_v4	DESULFOASV1_0732_hypothetical_protein	AF-Q0SYU2-F1-model_v4 ATP synthase subunit alpha	0.142	222	142	94	259	135	356	3.638E-05	125
DESULFOASV1_0732_hypothetical_protein	AF-A8ACN8-F1-model_v4	DESULFOASV1_0732_hypothetical_protein	AF-A8ACN8-F1-model_v4 ATP synthase subunit alpha	0.128	222	144	94	259	135	356	4.370E-05	125
DESULFOASV1_0732_hypothetical_protein	AF-Q1R4K0-F1-model_v4	DESULFOASV1_0732_hypothetical_protein	AF-Q1R4K0-F1-model_v4 ATP synthase subunit alpha	0.142	222	142	94	259	135	356	3.423E-05	125
DESULFOASV1_0732_hypothetical_protein	AF-Q494C5-F1-model_v4	DESULFOASV1_0732_hypothetical_protein	AF-Q494C5-F1-model_v4 ATP synthase subunit alpha	0.124	220	143	94	257	135	354	2.681E-05	125
DESULFOASV1_0732_hypothetical_protein	AF-A6WUJ2-F1-model_v4	DESULFOASV1_0732_hypothetical_protein	AF-A6WUJ2-F1-model_v4 ATP synthase subunit alpha	0.116	222	146	94	259	135	356	4.938E-05	125
DESULFOASV1_0732_hypothetical_protein	AF-Q329S3-F1-model_v4	DESULFOASV1_0732_hypothetical_protein	AF-Q329S3-F1-model_v4 ATP synthase subunit alpha	0.142	222	142	94	259	135	356	3.423E-05	125
DESULFOASV1_0732_hypothetical_protein	AF-B5QUS6-F1-model_v4	DESULFOASV1_0732_hypothetical_protein	AF-B5QUS6-F1-model_v4 ATP synthase subunit alpha	0.137	222	142	94	259	135	356	3.868E-05	125
DESULFOASV1_0732_hypothetical_protein	AF-C6DJH0-F1-model_v4	DESULFOASV1_0732_hypothetical_protein	AF-C6DJH0-F1-model_v4 ATP synthase subunit alpha	0.137	222	142	94	259	135	356	3.868E-05	125
DESULFOASV1_0732_hypothetical_protein	AF-A1JTC8-F1-model_v4	DESULFOASV1_0732_hypothetical_protein	AF-A1JTC8-F1-model_v4 ATP synthase subunit alpha	0.144	219	139	97	259	138	356	4.370E-05	125
DESULFOASV1_0732_hypothetical_protein	AF-C0Q2N4-F1-model_v4	DESULFOASV1_0732_hypothetical_protein	AF-C0Q2N4-F1-model_v4 ATP synthase subunit alpha	0.137	222	142	94	259	135	356	3.868E-05	125
DESULFOASV1_0732_hypothetical_protein	AF-B4F0E5-F1-model_v4	DESULFOASV1_0732_hypothetical_protein	AF-B4F0E5-F1-model_v4 ATP synthase subunit alpha	0.124	222	145	94	259	135	356	4.645E-05	125
DESULFOASV1_0732_hypothetical_protein	AF-A9R5U1-F1-model_v4	DESULFOASV1_0732_hypothetical_protein	AF-A9R5U1-F1-model_v4 ATP synthase subunit alpha	0.123	222	145	94	259	135	356	3.220E-05	125
DESULFOASV1_0732_hypothetical_protein	AF-A7FPE2-F1-model_v4	DESULFOASV1_0732_hypothetical_protein	AF-A7FPE2-F1-model_v4 ATP synthase subunit alpha	0.123	222	145	94	259	135	356	3.220E-05	125
DESULFOASV1_0732_hypothetical_protein	AF-B8CVU7-F1-model_v4	DESULFOASV1_0732_hypothetical_protein	AF-B8CVU7-F1-model_v4 ATP synthase subunit alpha	0.126	220	142	94	257	135	354	3.868E-05	125
DESULFOASV1_0732_hypothetical_protein	AF-A1V8T3-F1-model_v4	DESULFOASV1_0732_hypothetical_protein	AF-A1V8T3-F1-model_v4 ATP synthase subunit alpha 1	0.147	220	139	94	257	135	354	3.638E-05	125
DESULFOASV1_0732_hypothetical_protein	AF-B2K845-F1-model_v4	DESULFOASV1_0732_hypothetical_protein	AF-B2K845-F1-model_v4 ATP synthase subunit alpha	0.123	222	145	94	259	135	356	3.220E-05	125
DESULFOASV1_0732_hypothetical_protein	AF-Q1CCH3-F1-model_v4	DESULFOASV1_0732_hypothetical_protein	AF-Q1CCH3-F1-model_v4 ATP synthase subunit alpha	0.123	222	145	94	259	135	356	3.220E-05	125
DESULFOASV1_0732_hypothetical_protein	AF-Q9CKW2-F1-model_v4	DESULFOASV1_0732_hypothetical_protein	AF-Q9CKW2-F1-model_v4 ATP synthase subunit alpha	0.146	222	141	94	259	135	356	3.220E-05	125
DESULFOASV1_0732_hypothetical_protein	AF-P0ABB0-F1-model_v4	DESULFOASV1_0732_hypothetical_protein	AF-P0ABB0-F1-model_v4 ATP synthase subunit alpha	0.142	222	142	94	259	135	356	3.423E-05	125
DESULFOASV1_0732_hypothetical_protein	AF-B0TQF6-F1-model_v4	DESULFOASV1_0732_hypothetical_protein	AF-B0TQF6-F1-model_v4 ATP synthase subunit alpha	0.139	220	140	94	257	135	354	3.638E-05	125
DESULFOASV1_0732_hypothetical_protein	AF-Q88BX2-F1-model_v4	DESULFOASV1_0732_hypothetical_protein	AF-Q88BX2-F1-model_v4 ATP synthase subunit alpha	0.133	224	140	95	257	132	355	6.701E-05	125
DESULFOASV1_0732_hypothetical_protein	AF-Q87E88-F1-model_v4	DESULFOASV1_0732_hypothetical_protein	AF-Q87E88-F1-model_v4 ATP synthase subunit alpha	0.131	226	143	95	259	133	358	5.579E-05	125
DESULFOASV1_0732_hypothetical_protein	AF-Q07405-F1-model_v4	DESULFOASV1_0732_hypothetical_protein	AF-Q07405-F1-model_v4 ATP synthase subunit alpha	0.147	211	141	94	259	135	345	4.370E-05	125
DESULFOASV1_0732_hypothetical_protein	AF-Q62EB7-F1-model_v4	DESULFOASV1_0732_hypothetical_protein	AF-Q62EB7-F1-model_v4 ATP synthase subunit beta 2	0.119	189	132	107	257	169	357	3.220E-05	125
DESULFOASV1_0732_hypothetical_protein	AF-Q87TT4-F1-model_v4	DESULFOASV1_0732_hypothetical_protein	AF-Q87TT4-F1-model_v4 ATP synthase subunit beta	0.099	188	135	107	257	133	320	6.304E-05	124
DESULFOASV1_0732_hypothetical_protein	AF-Q0HD79-F1-model_v4	DESULFOASV1_0732_hypothetical_protein	AF-Q0HD79-F1-model_v4 ATP synthase subunit beta	0.071	200	151	94	257	124	323	3.638E-05	124
DESULFOASV1_0732_hypothetical_protein	AF-Q5ZWN7-F1-model_v4	DESULFOASV1_0732_hypothetical_protein	AF-Q5ZWN7-F1-model_v4 ATP synthase subunit alpha 1	0.134	213	140	95	257	133	345	1.234E-04	124
DESULFOASV1_0732_hypothetical_protein	AF-Q92FH0-F1-model_v4	DESULFOASV1_0732_hypothetical_protein	AF-Q92FH0-F1-model_v4 ATP synthase subunit alpha 1	0.132	270	166	68	259	71	340	1.073E-05	124
DESULFOASV1_0732_hypothetical_protein	AF-Q8RGE0-F1-model_v4	DESULFOASV1_0732_hypothetical_protein	AF-Q8RGE0-F1-model_v4 ATP synthase subunit alpha	0.143	209	140	94	257	135	343	3.423E-05	124
DESULFOASV1_0732_hypothetical_protein	AF-Q04HT7-F1-model_v4	DESULFOASV1_0732_hypothetical_protein	AF-Q04HT7-F1-model_v4 ATP synthase subunit alpha	0.148	209	139	94	257	135	343	3.220E-05	124
DESULFOASV1_0732_hypothetical_protein	AF-Q5HX61-F1-model_v4	DESULFOASV1_0732_hypothetical_protein	AF-Q5HX61-F1-model_v4 ATP synthase subunit alpha	0.135	232	154	81	259	114	345	2.373E-05	124
DESULFOASV1_0732_hypothetical_protein	AF-B9KES1-F1-model_v4	DESULFOASV1_0732_hypothetical_protein	AF-B9KES1-F1-model_v4 ATP synthase subunit alpha	0.152	232	151	81	259	114	345	2.522E-05	124
DESULFOASV1_0732_hypothetical_protein	AF-A2RFC4-F1-model_v4	DESULFOASV1_0732_hypothetical_protein	AF-A2RFC4-F1-model_v4 ATP synthase subunit alpha	0.156	211	139	94	259	135	345	2.232E-05	124
DESULFOASV1_0732_hypothetical_protein	AF-A0Q2Z6-F1-model_v4	DESULFOASV1_0732_hypothetical_protein	AF-A0Q2Z6-F1-model_v4 ATP synthase subunit alpha	0.141	209	140	94	257	135	343	1.234E-04	124
DESULFOASV1_0732_hypothetical_protein	AF-Q0SQZ3-F1-model_v4	DESULFOASV1_0732_hypothetical_protein	AF-Q0SQZ3-F1-model_v4 ATP synthase subunit alpha	0.140	209	140	94	257	135	343	7.123E-05	124
DESULFOASV1_0732_hypothetical_protein	AF-Q1J7G1-F1-model_v4	DESULFOASV1_0732_hypothetical_protein	AF-Q1J7G1-F1-model_v4 ATP synthase subunit alpha	0.156	211	139	94	259	135	345	2.373E-05	124
DESULFOASV1_0732_hypothetical_protein	AF-C3LFI1-F1-model_v4	DESULFOASV1_0732_hypothetical_protein	AF-C3LFI1-F1-model_v4 ATP synthase subunit alpha	0.163	215	137	95	259	131	345	2.100E-05	124
DESULFOASV1_0732_hypothetical_protein	AF-B8DRD0-F1-model_v4	DESULFOASV1_0732_hypothetical_protein	AF-B8DRD0-F1-model_v4 ATP synthase subunit alpha	0.124	211	145	94	259	135	345	3.868E-05	124
DESULFOASV1_0732_hypothetical_protein	AF-Q0TNC2-F1-model_v4	DESULFOASV1_0732_hypothetical_protein	AF-Q0TNC2-F1-model_v4 ATP synthase subunit alpha	0.140	209	140	94	257	135	343	5.249E-05	124
DESULFOASV1_0732_hypothetical_protein	AF-O66907-F1-model_v4	DESULFOASV1_0732_hypothetical_protein	AF-O66907-F1-model_v4 ATP synthase subunit alpha	0.134	211	143	94	259	136	346	4.111E-05	124
DESULFOASV1_0732_hypothetical_protein	AF-Q06SI2-F1-model_v4	DESULFOASV1_0732_hypothetical_protein	AF-Q06SI2-F1-model_v4 ATP synthase subunit alpha, chloroplastic	0.114	211	146	94	259	135	345	2.232E-05	124
DESULFOASV1_0732_hypothetical_protein	AF-Q88UU1-F1-model_v4	DESULFOASV1_0732_hypothetical_protein	AF-Q88UU1-F1-model_v4 ATP synthase subunit alpha	0.125	209	143	94	257	135	343	1.748E-05	124
DESULFOASV1_0732_hypothetical_protein	AF-P51242-F1-model_v4	DESULFOASV1_0732_hypothetical_protein	AF-P51242-F1-model_v4 ATP synthase subunit alpha, chloroplastic	0.119	211	145	94	259	136	346	2.522E-05	124
DESULFOASV1_0732_hypothetical_protein	AF-Q31RF1-F1-model_v4	DESULFOASV1_0732_hypothetical_protein	AF-Q31RF1-F1-model_v4 ATP synthase subunit alpha	0.129	211	144	94	259	136	346	2.681E-05	124
DESULFOASV1_0732_hypothetical_protein	AF-Q814W0-F1-model_v4	DESULFOASV1_0732_hypothetical_protein	AF-Q814W0-F1-model_v4 ATP synthase subunit alpha	0.143	211	141	94	259	138	348	8.556E-05	124
DESULFOASV1_0732_hypothetical_protein	AF-A5GV72-F1-model_v4	DESULFOASV1_0732_hypothetical_protein	AF-A5GV72-F1-model_v4 ATP synthase subunit alpha	0.114	211	146	94	259	136	346	3.638E-05	124
DESULFOASV1_0732_hypothetical_protein	AF-A6MMS9-F1-model_v4	DESULFOASV1_0732_hypothetical_protein	AF-A6MMS9-F1-model_v4 ATP synthase subunit alpha, chloroplastic	0.123	211	145	94	259	136	346	4.370E-05	124
DESULFOASV1_0732_hypothetical_protein	AF-Q3C1H4-F1-model_v4	DESULFOASV1_0732_hypothetical_protein	AF-Q3C1H4-F1-model_v4 ATP synthase subunit alpha, chloroplastic	0.129	211	144	94	259	136	346	6.304E-05	124
DESULFOASV1_0732_hypothetical_protein	AF-Q6ENW6-F1-model_v4	DESULFOASV1_0732_hypothetical_protein	AF-Q6ENW6-F1-model_v4 ATP synthase subunit alpha, chloroplastic	0.129	232	155	81	259	115	346	1.748E-05	124
DESULFOASV1_0732_hypothetical_protein	AF-Q8D3J5-F1-model_v4	DESULFOASV1_0732_hypothetical_protein	AF-Q8D3J5-F1-model_v4 ATP synthase subunit alpha	0.120	222	145	94	259	135	356	5.579E-05	124
DESULFOASV1_0732_hypothetical_protein	AF-A1K1S0-F1-model_v4	DESULFOASV1_0732_hypothetical_protein	AF-A1K1S0-F1-model_v4 ATP synthase subunit alpha	0.144	222	141	94	259	135	356	6.701E-05	124
DESULFOASV1_0732_hypothetical_protein	AF-Q3SF64-F1-model_v4	DESULFOASV1_0732_hypothetical_protein	AF-Q3SF64-F1-model_v4 ATP synthase subunit alpha	0.142	222	142	94	259	135	356	4.645E-05	124
DESULFOASV1_0732_hypothetical_protein	AF-B2VCA6-F1-model_v4	DESULFOASV1_0732_hypothetical_protein	AF-B2VCA6-F1-model_v4 ATP synthase subunit alpha	0.123	222	145	94	259	135	356	3.220E-05	124
DESULFOASV1_0732_hypothetical_protein	AF-Q57HX7-F1-model_v4	DESULFOASV1_0732_hypothetical_protein	AF-Q57HX7-F1-model_v4 ATP synthase subunit alpha	0.137	222	142	94	259	135	356	4.111E-05	124
DESULFOASV1_0732_hypothetical_protein	AF-B1XSD2-F1-model_v4	DESULFOASV1_0732_hypothetical_protein	AF-B1XSD2-F1-model_v4 ATP synthase subunit alpha	0.144	226	140	95	259	131	356	3.220E-05	124
DESULFOASV1_0732_hypothetical_protein	AF-B6EHT9-F1-model_v4	DESULFOASV1_0732_hypothetical_protein	AF-B6EHT9-F1-model_v4 ATP synthase subunit alpha	0.133	222	143	94	259	135	356	2.681E-05	124
DESULFOASV1_0732_hypothetical_protein	AF-Q02DF2-F1-model_v4	DESULFOASV1_0732_hypothetical_protein	AF-Q02DF2-F1-model_v4 ATP synthase subunit alpha	0.137	224	140	95	257	132	355	5.931E-05	124
DESULFOASV1_0732_hypothetical_protein	AF-B7JB86-F1-model_v4	DESULFOASV1_0732_hypothetical_protein	AF-B7JB86-F1-model_v4 ATP synthase subunit alpha	0.150	222	140	94	259	136	357	3.423E-05	124
DESULFOASV1_0732_hypothetical_protein	AF-A5WBA5-F1-model_v4	DESULFOASV1_0732_hypothetical_protein	AF-A5WBA5-F1-model_v4 ATP synthase subunit alpha	0.128	224	141	95	257	132	355	8.556E-05	124
DESULFOASV1_0732_hypothetical_protein	AF-Q9JXQ0-F1-model_v4	DESULFOASV1_0732_hypothetical_protein	AF-Q9JXQ0-F1-model_v4 ATP synthase subunit alpha	0.128	222	144	94	259	135	356	4.111E-05	124
DESULFOASV1_0732_hypothetical_protein	AF-Q831A3-F1-model_v4	DESULFOASV1_0732_hypothetical_protein	AF-Q831A3-F1-model_v4 ATP synthase subunit alpha	0.133	211	143	94	259	135	345	3.638E-05	124
DESULFOASV1_0732_hypothetical_protein	AF-A1SS62-F1-model_v4	DESULFOASV1_0732_hypothetical_protein	AF-A1SS62-F1-model_v4 ATP synthase subunit alpha 1	0.122	206	140	97	257	141	346	5.931E-05	124
DESULFOASV1_0732_hypothetical_protein	AF-C1CF95-F1-model_v4	DESULFOASV1_0732_hypothetical_protein	AF-C1CF95-F1-model_v4 ATP synthase subunit alpha	0.148	209	139	94	257	135	343	5.249E-05	123
DESULFOASV1_0732_hypothetical_protein	AF-Q8E074-F1-model_v4	DESULFOASV1_0732_hypothetical_protein	AF-Q8E074-F1-model_v4 ATP synthase subunit alpha	0.162	215	137	95	259	131	345	2.100E-05	123
DESULFOASV1_0732_hypothetical_protein	AF-A6QIU9-F1-model_v4	DESULFOASV1_0732_hypothetical_protein	AF-A6QIU9-F1-model_v4 ATP synthase subunit alpha	0.157	232	150	81	259	114	345	2.681E-05	123
DESULFOASV1_0732_hypothetical_protein	AF-C5D992-F1-model_v4	DESULFOASV1_0732_hypothetical_protein	AF-C5D992-F1-model_v4 ATP synthase subunit alpha	0.131	211	143	94	259	135	345	2.681E-05	123
DESULFOASV1_0732_hypothetical_protein	AF-B5YI22-F1-model_v4	DESULFOASV1_0732_hypothetical_protein	AF-B5YI22-F1-model_v4 ATP synthase subunit alpha	0.139	209	140	94	257	135	343	2.850E-05	123
DESULFOASV1_0732_hypothetical_protein	AF-Q4L7Y6-F1-model_v4	DESULFOASV1_0732_hypothetical_protein	AF-Q4L7Y6-F1-model_v4 ATP synthase subunit alpha	0.138	232	153	81	259	114	345	2.850E-05	123
DESULFOASV1_0732_hypothetical_protein	AF-Q05372-F1-model_v4	DESULFOASV1_0732_hypothetical_protein	AF-Q05372-F1-model_v4 ATP synthase subunit alpha	0.157	232	150	81	259	115	346	1.645E-05	123
DESULFOASV1_0732_hypothetical_protein	AF-B2UUP2-F1-model_v4	DESULFOASV1_0732_hypothetical_protein	AF-B2UUP2-F1-model_v4 ATP synthase subunit alpha	0.138	232	153	81	259	115	346	3.423E-05	123
DESULFOASV1_0732_hypothetical_protein	AF-A8EV72-F1-model_v4	DESULFOASV1_0732_hypothetical_protein	AF-A8EV72-F1-model_v4 ATP synthase subunit alpha	0.116	232	157	81	259	116	347	2.232E-05	123
DESULFOASV1_0732_hypothetical_protein	AF-A2C6X5-F1-model_v4	DESULFOASV1_0732_hypothetical_protein	AF-A2C6X5-F1-model_v4 ATP synthase subunit alpha	0.123	209	143	94	257	136	344	3.029E-05	123
DESULFOASV1_0732_hypothetical_protein	AF-A9LYH0-F1-model_v4	DESULFOASV1_0732_hypothetical_protein	AF-A9LYH0-F1-model_v4 ATP synthase subunit alpha, chloroplastic	0.119	211	145	94	259	136	346	4.370E-05	123
DESULFOASV1_0732_hypothetical_protein	AF-A8SE59-F1-model_v4	DESULFOASV1_0732_hypothetical_protein	AF-A8SE59-F1-model_v4 ATP synthase subunit alpha, chloroplastic	0.129	232	155	81	259	115	346	2.100E-05	123
DESULFOASV1_0732_hypothetical_protein	AF-Q6L3A1-F1-model_v4	DESULFOASV1_0732_hypothetical_protein	AF-Q6L3A1-F1-model_v4 ATP synthase subunit alpha, chloroplastic	0.139	232	153	81	259	115	346	2.850E-05	123
DESULFOASV1_0732_hypothetical_protein	AF-Q3B3Z9-F1-model_v4	DESULFOASV1_0732_hypothetical_protein	AF-Q3B3Z9-F1-model_v4 ATP synthase subunit alpha 1	0.152	206	136	97	257	143	348	6.304E-05	123
DESULFOASV1_0732_hypothetical_protein	AF-Q02BU3-F1-model_v4	DESULFOASV1_0732_hypothetical_protein	AF-Q02BU3-F1-model_v4 ATP synthase subunit alpha	0.135	211	143	94	259	136	346	6.701E-05	123
DESULFOASV1_0732_hypothetical_protein	AF-A0L2T0-F1-model_v4	DESULFOASV1_0732_hypothetical_protein	AF-A0L2T0-F1-model_v4 ATP synthase subunit alpha	0.120	222	145	94	259	135	356	2.850E-05	123
DESULFOASV1_0732_hypothetical_protein	AF-Q6CYJ3-F1-model_v4	DESULFOASV1_0732_hypothetical_protein	AF-Q6CYJ3-F1-model_v4 ATP synthase subunit alpha	0.137	222	142	94	259	135	356	4.938E-05	123
DESULFOASV1_0732_hypothetical_protein	AF-B1LL61-F1-model_v4	DESULFOASV1_0732_hypothetical_protein	AF-B1LL61-F1-model_v4 ATP synthase subunit alpha	0.142	222	142	94	259	135	356	4.370E-05	123
DESULFOASV1_0732_hypothetical_protein	AF-B5YXD8-F1-model_v4	DESULFOASV1_0732_hypothetical_protein	AF-B5YXD8-F1-model_v4 ATP synthase subunit alpha	0.137	222	142	94	259	135	356	3.029E-05	123
DESULFOASV1_0732_hypothetical_protein	AF-B5EYZ8-F1-model_v4	DESULFOASV1_0732_hypothetical_protein	AF-B5EYZ8-F1-model_v4 ATP synthase subunit alpha	0.137	222	142	94	259	135	356	4.645E-05	123
DESULFOASV1_0732_hypothetical_protein	AF-A4WGF3-F1-model_v4	DESULFOASV1_0732_hypothetical_protein	AF-A4WGF3-F1-model_v4 ATP synthase subunit alpha	0.126	219	142	97	259	138	356	7.123E-05	123
DESULFOASV1_0732_hypothetical_protein	AF-A5F457-F1-model_v4	DESULFOASV1_0732_hypothetical_protein	AF-A5F457-F1-model_v4 ATP synthase subunit alpha	0.123	222	145	94	259	135	356	3.638E-05	123
DESULFOASV1_0732_hypothetical_protein	AF-A6VF34-F1-model_v4	DESULFOASV1_0732_hypothetical_protein	AF-A6VF34-F1-model_v4 ATP synthase subunit alpha	0.137	224	140	95	257	132	355	6.701E-05	123
DESULFOASV1_0732_hypothetical_protein	AF-B0KRB0-F1-model_v4	DESULFOASV1_0732_hypothetical_protein	AF-B0KRB0-F1-model_v4 ATP synthase subunit alpha	0.135	226	142	95	259	132	357	8.556E-05	123
DESULFOASV1_0732_hypothetical_protein	AF-C1D5G4-F1-model_v4	DESULFOASV1_0732_hypothetical_protein	AF-C1D5G4-F1-model_v4 ATP synthase subunit alpha	0.154	222	140	94	259	135	356	3.868E-05	123
DESULFOASV1_0732_hypothetical_protein	AF-B0VBP5-F1-model_v4	DESULFOASV1_0732_hypothetical_protein	AF-B0VBP5-F1-model_v4 ATP synthase subunit alpha	0.130	226	143	95	259	132	357	2.681E-05	123
DESULFOASV1_0732_hypothetical_protein	AF-P41167-F1-model_v4	DESULFOASV1_0732_hypothetical_protein	AF-P41167-F1-model_v4 ATP synthase subunit alpha	0.141	222	142	94	259	136	357	8.049E-05	123
DESULFOASV1_0732_hypothetical_protein	AF-Q89B41-F1-model_v4	DESULFOASV1_0732_hypothetical_protein	AF-Q89B41-F1-model_v4 ATP synthase subunit alpha	0.135	219	140	97	259	138	356	9.667E-05	123
DESULFOASV1_0732_hypothetical_protein	AF-B0RWC4-F1-model_v4	DESULFOASV1_0732_hypothetical_protein	AF-B0RWC4-F1-model_v4 ATP synthase subunit alpha	0.140	222	142	94	259	137	358	3.029E-05	123
DESULFOASV1_0732_hypothetical_protein	AF-Q8PGG5-F1-model_v4	DESULFOASV1_0732_hypothetical_protein	AF-Q8PGG5-F1-model_v4 ATP synthase subunit alpha	0.144	226	140	95	259	133	358	2.681E-05	123
DESULFOASV1_0732_hypothetical_protein	AF-B6J2D8-F1-model_v4	DESULFOASV1_0732_hypothetical_protein	AF-B6J2D8-F1-model_v4 ATP synthase subunit alpha	0.144	226	140	95	259	133	358	3.029E-05	123
DESULFOASV1_0732_hypothetical_protein	AF-Q83AF7-F1-model_v4	DESULFOASV1_0732_hypothetical_protein	AF-Q83AF7-F1-model_v4 ATP synthase subunit alpha	0.150	243	151	81	259	116	358	3.029E-05	123
DESULFOASV1_0732_hypothetical_protein	AF-Q0AEI9-F1-model_v4	DESULFOASV1_0732_hypothetical_protein	AF-Q0AEI9-F1-model_v4 ATP synthase subunit alpha 2	0.110	214	145	94	257	138	351	3.423E-05	123
DESULFOASV1_0732_hypothetical_protein	AF-Q6FFK2-F1-model_v4	DESULFOASV1_0732_hypothetical_protein	AF-Q6FFK2-F1-model_v4 ATP synthase subunit alpha	0.132	226	142	95	259	137	362	3.638E-05	123
DESULFOASV1_0732_hypothetical_protein	AF-Q2LY34-F1-model_v4	DESULFOASV1_0732_hypothetical_protein	AF-Q2LY34-F1-model_v4 ATP synthase subunit alpha 2	0.123	205	139	98	257	149	353	2.681E-05	123
DESULFOASV1_0732_hypothetical_protein	AF-Q1AVH7-F1-model_v4	DESULFOASV1_0732_hypothetical_protein	AF-Q1AVH7-F1-model_v4 ATP synthase subunit alpha	0.141	230	151	81	257	119	348	2.850E-05	123
DESULFOASV1_0732_hypothetical_protein	AF-Q63IX0-F1-model_v4	DESULFOASV1_0732_hypothetical_protein	AF-Q63IX0-F1-model_v4 ATP synthase subunit alpha 2	0.175	211	136	94	259	148	358	3.029E-05	123
DESULFOASV1_0732_hypothetical_protein	AF-Q3K441-F1-model_v4	DESULFOASV1_0732_hypothetical_protein	AF-Q3K441-F1-model_v4 ATP synthase subunit beta	0.099	188	135	107	257	132	319	8.049E-05	122
DESULFOASV1_0732_hypothetical_protein	AF-Q8XID4-F1-model_v4	DESULFOASV1_0732_hypothetical_protein	AF-Q8XID4-F1-model_v4 ATP synthase subunit beta	0.102	207	151	89	257	118	324	4.645E-05	122
DESULFOASV1_0732_hypothetical_protein	AF-Q5P4E2-F1-model_v4	DESULFOASV1_0732_hypothetical_protein	AF-Q5P4E2-F1-model_v4 ATP synthase subunit beta	0.103	210	146	94	257	117	326	4.645E-05	122
DESULFOASV1_0732_hypothetical_protein	AF-A9KK92-F1-model_v4	DESULFOASV1_0732_hypothetical_protein	AF-A9KK92-F1-model_v4 ATP synthase subunit beta	0.097	201	147	94	257	132	332	1.092E-04	122
DESULFOASV1_0732_hypothetical_protein	AF-A4W1V9-F1-model_v4	DESULFOASV1_0732_hypothetical_protein	AF-A4W1V9-F1-model_v4 ATP synthase subunit alpha	0.156	211	139	94	259	134	344	3.029E-05	122
DESULFOASV1_0732_hypothetical_protein	AF-Q97PT4-F1-model_v4	DESULFOASV1_0732_hypothetical_protein	AF-Q97PT4-F1-model_v4 ATP synthase subunit alpha	0.153	209	138	94	257	135	343	2.681E-05	122
DESULFOASV1_0732_hypothetical_protein	AF-Q7CRB1-F1-model_v4	DESULFOASV1_0732_hypothetical_protein	AF-Q7CRB1-F1-model_v4 ATP synthase subunit alpha	0.153	209	138	94	257	135	343	2.850E-05	122
DESULFOASV1_0732_hypothetical_protein	AF-C1CSD0-F1-model_v4	DESULFOASV1_0732_hypothetical_protein	AF-C1CSD0-F1-model_v4 ATP synthase subunit alpha	0.153	209	138	94	257	135	343	2.681E-05	122
DESULFOASV1_0732_hypothetical_protein	AF-Q8XID2-F1-model_v4	DESULFOASV1_0732_hypothetical_protein	AF-Q8XID2-F1-model_v4 ATP synthase subunit alpha	0.140	209	140	94	257	135	343	9.667E-05	122
DESULFOASV1_0732_hypothetical_protein	AF-B8J437-F1-model_v4	DESULFOASV1_0732_hypothetical_protein	AF-B8J437-F1-model_v4 ATP synthase subunit alpha	0.123	211	145	94	259	135	345	2.232E-05	122
DESULFOASV1_0732_hypothetical_protein	AF-Q1CSD3-F1-model_v4	DESULFOASV1_0732_hypothetical_protein	AF-Q1CSD3-F1-model_v4 ATP synthase subunit alpha	0.142	232	153	81	259	115	346	3.868E-05	122
DESULFOASV1_0732_hypothetical_protein	AF-A7G9Q7-F1-model_v4	DESULFOASV1_0732_hypothetical_protein	AF-A7G9Q7-F1-model_v4 ATP synthase subunit alpha	0.114	211	146	94	259	135	345	7.572E-05	122
DESULFOASV1_0732_hypothetical_protein	AF-A2C4J5-F1-model_v4	DESULFOASV1_0732_hypothetical_protein	AF-A2C4J5-F1-model_v4 ATP synthase subunit alpha	0.113	209	145	94	257	136	344	2.012E-04	122
DESULFOASV1_0732_hypothetical_protein	AF-Q1XDP5-F1-model_v4	DESULFOASV1_0732_hypothetical_protein	AF-Q1XDP5-F1-model_v4 ATP synthase subunit alpha, chloroplastic	0.120	211	145	94	259	136	346	4.938E-05	122
DESULFOASV1_0732_hypothetical_protein	AF-Q7VJ23-F1-model_v4	DESULFOASV1_0732_hypothetical_protein	AF-Q7VJ23-F1-model_v4 ATP synthase subunit alpha	0.125	211	144	94	259	137	347	4.370E-05	122
DESULFOASV1_0732_hypothetical_protein	AF-A7FQH7-F1-model_v4	DESULFOASV1_0732_hypothetical_protein	AF-A7FQH7-F1-model_v4 ATP synthase subunit alpha	0.114	211	146	94	259	135	345	7.123E-05	122
DESULFOASV1_0732_hypothetical_protein	AF-Q03V27-F1-model_v4	DESULFOASV1_0732_hypothetical_protein	AF-Q03V27-F1-model_v4 ATP synthase subunit alpha	0.165	211	138	94	259	135	345	3.220E-05	122
DESULFOASV1_0732_hypothetical_protein	AF-Q02848-F1-model_v4	DESULFOASV1_0732_hypothetical_protein	AF-Q02848-F1-model_v4 ATP synthase subunit alpha, chloroplastic	0.131	207	140	98	259	142	348	4.370E-05	122
DESULFOASV1_0732_hypothetical_protein	AF-A5GNC8-F1-model_v4	DESULFOASV1_0732_hypothetical_protein	AF-A5GNC8-F1-model_v4 ATP synthase subunit alpha	0.136	233	155	80	259	114	346	1.645E-05	122
DESULFOASV1_0732_hypothetical_protein	AF-Q0G9N4-F1-model_v4	DESULFOASV1_0732_hypothetical_protein	AF-Q0G9N4-F1-model_v4 ATP synthase subunit alpha, chloroplastic	0.116	232	157	81	259	115	346	1.748E-05	122
DESULFOASV1_0732_hypothetical_protein	AF-A6MMJ2-F1-model_v4	DESULFOASV1_0732_hypothetical_protein	AF-A6MMJ2-F1-model_v4 ATP synthase subunit alpha, chloroplastic	0.125	232	156	81	259	115	346	2.232E-05	122
DESULFOASV1_0732_hypothetical_protein	AF-Q13XV9-F1-model_v4	DESULFOASV1_0732_hypothetical_protein	AF-Q13XV9-F1-model_v4 ATP synthase subunit alpha 1	0.163	215	137	95	259	129	343	4.938E-05	122
DESULFOASV1_0732_hypothetical_protein	AF-Q38WK3-F1-model_v4	DESULFOASV1_0732_hypothetical_protein	AF-Q38WK3-F1-model_v4 ATP synthase subunit alpha	0.144	215	140	95	259	131	345	4.111E-05	122
DESULFOASV1_0732_hypothetical_protein	AF-A3MQJ7-F1-model_v4	DESULFOASV1_0732_hypothetical_protein	AF-A3MQJ7-F1-model_v4 ATP synthase subunit alpha 1	0.146	243	152	81	259	114	356	2.522E-05	122
DESULFOASV1_0732_hypothetical_protein	AF-Q1LHK8-F1-model_v4	DESULFOASV1_0732_hypothetical_protein	AF-Q1LHK8-F1-model_v4 ATP synthase subunit alpha	0.137	222	142	94	259	135	356	4.370E-05	122
DESULFOASV1_0732_hypothetical_protein	AF-Q8XU74-F1-model_v4	DESULFOASV1_0732_hypothetical_protein	AF-Q8XU74-F1-model_v4 ATP synthase subunit alpha	0.130	220	142	94	257	135	354	6.304E-05	122
DESULFOASV1_0732_hypothetical_protein	AF-A3NF42-F1-model_v4	DESULFOASV1_0732_hypothetical_protein	AF-A3NF42-F1-model_v4 ATP synthase subunit alpha 1	0.150	222	140	94	259	135	356	3.029E-05	122
DESULFOASV1_0732_hypothetical_protein	AF-A5UGZ1-F1-model_v4	DESULFOASV1_0732_hypothetical_protein	AF-A5UGZ1-F1-model_v4 ATP synthase subunit alpha	0.151	222	140	94	259	135	356	4.645E-05	122
DESULFOASV1_0732_hypothetical_protein	AF-Q7VQV8-F1-model_v4	DESULFOASV1_0732_hypothetical_protein	AF-Q7VQV8-F1-model_v4 ATP synthase subunit alpha	0.143	219	139	97	259	138	356	5.579E-05	122
DESULFOASV1_0732_hypothetical_protein	AF-P43714-F1-model_v4	DESULFOASV1_0732_hypothetical_protein	AF-P43714-F1-model_v4 ATP synthase subunit alpha	0.146	222	141	94	259	135	356	5.249E-05	122
DESULFOASV1_0732_hypothetical_protein	AF-B6I3X1-F1-model_v4	DESULFOASV1_0732_hypothetical_protein	AF-B6I3X1-F1-model_v4 ATP synthase subunit alpha	0.144	219	139	97	259	138	356	5.931E-05	122
DESULFOASV1_0732_hypothetical_protein	AF-A2S6K0-F1-model_v4	DESULFOASV1_0732_hypothetical_protein	AF-A2S6K0-F1-model_v4 ATP synthase subunit alpha	0.146	243	152	81	259	114	356	2.522E-05	122
DESULFOASV1_0732_hypothetical_protein	AF-Q5E1N5-F1-model_v4	DESULFOASV1_0732_hypothetical_protein	AF-Q5E1N5-F1-model_v4 ATP synthase subunit alpha	0.133	222	143	94	259	135	356	3.029E-05	122
DESULFOASV1_0732_hypothetical_protein	AF-A5UA09-F1-model_v4	DESULFOASV1_0732_hypothetical_protein	AF-A5UA09-F1-model_v4 ATP synthase subunit alpha	0.151	222	140	94	259	135	356	4.938E-05	122
DESULFOASV1_0732_hypothetical_protein	AF-Q8DDH0-F1-model_v4	DESULFOASV1_0732_hypothetical_protein	AF-Q8DDH0-F1-model_v4 ATP synthase subunit alpha	0.130	220	142	94	257	135	354	3.868E-05	122
DESULFOASV1_0732_hypothetical_protein	AF-A8ZNS4-F1-model_v4	DESULFOASV1_0732_hypothetical_protein	AF-A8ZNS4-F1-model_v4 ATP synthase subunit alpha 2	0.146	233	153	80	259	121	353	1.369E-05	122
DESULFOASV1_0732_hypothetical_protein	AF-B0U5A0-F1-model_v4	DESULFOASV1_0732_hypothetical_protein	AF-B0U5A0-F1-model_v4 ATP synthase subunit alpha	0.135	226	142	95	259	133	358	8.556E-05	122
DESULFOASV1_0732_hypothetical_protein	AF-Q9PE83-F1-model_v4	DESULFOASV1_0732_hypothetical_protein	AF-Q9PE83-F1-model_v4 ATP synthase subunit alpha	0.135	226	142	95	259	133	358	8.049E-05	122
DESULFOASV1_0732_hypothetical_protein	AF-Q40611-F1-model_v4	DESULFOASV1_0732_hypothetical_protein	AF-Q40611-F1-model_v4 ATP synthase subunit alpha, chloroplastic	0.100	232	160	81	259	115	346	2.100E-05	121
DESULFOASV1_0732_hypothetical_protein	AF-A3QJR0-F1-model_v4	DESULFOASV1_0732_hypothetical_protein	AF-A3QJR0-F1-model_v4 ATP synthase subunit beta	0.080	200	150	94	257	120	319	3.423E-05	121
DESULFOASV1_0732_hypothetical_protein	AF-A1V8T1-F1-model_v4	DESULFOASV1_0732_hypothetical_protein	AF-A1V8T1-F1-model_v4 ATP synthase subunit beta 1	0.098	210	147	94	257	115	324	6.304E-05	121
DESULFOASV1_0732_hypothetical_protein	AF-Q1BRB0-F1-model_v4	DESULFOASV1_0732_hypothetical_protein	AF-Q1BRB0-F1-model_v4 ATP synthase subunit beta	0.103	210	146	94	257	115	324	4.938E-05	121
DESULFOASV1_0732_hypothetical_protein	AF-Q8F2J5-F1-model_v4	DESULFOASV1_0732_hypothetical_protein	AF-Q8F2J5-F1-model_v4 ATP synthase subunit beta	0.089	201	148	94	257	126	326	4.938E-05	121
DESULFOASV1_0732_hypothetical_protein	AF-Q9PJ21-F1-model_v4	DESULFOASV1_0732_hypothetical_protein	AF-Q9PJ21-F1-model_v4 ATP synthase subunit alpha	0.130	232	155	81	259	114	345	2.232E-05	121
DESULFOASV1_0732_hypothetical_protein	AF-C0M718-F1-model_v4	DESULFOASV1_0732_hypothetical_protein	AF-C0M718-F1-model_v4 ATP synthase subunit alpha	0.152	211	140	94	259	135	345	3.638E-05	121
DESULFOASV1_0732_hypothetical_protein	AF-B8ZLB1-F1-model_v4	DESULFOASV1_0732_hypothetical_protein	AF-B8ZLB1-F1-model_v4 ATP synthase subunit alpha	0.153	209	138	94	257	135	343	3.029E-05	121
DESULFOASV1_0732_hypothetical_protein	AF-C1CLK8-F1-model_v4	DESULFOASV1_0732_hypothetical_protein	AF-C1CLK8-F1-model_v4 ATP synthase subunit alpha	0.153	209	138	94	257	135	343	3.029E-05	121
DESULFOASV1_0732_hypothetical_protein	AF-Q6GEX0-F1-model_v4	DESULFOASV1_0732_hypothetical_protein	AF-Q6GEX0-F1-model_v4 ATP synthase subunit alpha	0.161	232	149	81	259	114	345	2.232E-05	121
DESULFOASV1_0732_hypothetical_protein	AF-B9IRT9-F1-model_v4	DESULFOASV1_0732_hypothetical_protein	AF-B9IRT9-F1-model_v4 ATP synthase subunit alpha	0.144	215	140	95	259	131	345	4.111E-05	121
DESULFOASV1_0732_hypothetical_protein	AF-B4U989-F1-model_v4	DESULFOASV1_0732_hypothetical_protein	AF-B4U989-F1-model_v4 ATP synthase subunit alpha	0.133	211	143	94	259	135	345	6.701E-05	121
DESULFOASV1_0732_hypothetical_protein	AF-C4XI08-F1-model_v4	DESULFOASV1_0732_hypothetical_protein	AF-C4XI08-F1-model_v4 ATP synthase subunit alpha	0.141	211	142	94	259	135	345	2.373E-05	121
DESULFOASV1_0732_hypothetical_protein	AF-B7IQW0-F1-model_v4	DESULFOASV1_0732_hypothetical_protein	AF-B7IQW0-F1-model_v4 ATP synthase subunit alpha	0.144	215	140	95	259	131	345	4.111E-05	121
DESULFOASV1_0732_hypothetical_protein	AF-C0Z778-F1-model_v4	DESULFOASV1_0732_hypothetical_protein	AF-C0Z778-F1-model_v4 ATP synthase subunit alpha	0.140	215	141	95	259	132	346	8.049E-05	121
DESULFOASV1_0732_hypothetical_protein	AF-Q9X1U7-F1-model_v4	DESULFOASV1_0732_hypothetical_protein	AF-Q9X1U7-F1-model_v4 ATP synthase subunit alpha	0.136	205	137	98	257	140	344	4.370E-05	121
DESULFOASV1_0732_hypothetical_protein	AF-B0SDA3-F1-model_v4	DESULFOASV1_0732_hypothetical_protein	AF-B0SDA3-F1-model_v4 ATP synthase subunit alpha	0.129	233	155	81	259	114	346	1.858E-05	121
DESULFOASV1_0732_hypothetical_protein	AF-A0ALL5-F1-model_v4	DESULFOASV1_0732_hypothetical_protein	AF-A0ALL5-F1-model_v4 ATP synthase subunit alpha 2	0.159	215	138	95	259	131	345	3.638E-05	121
DESULFOASV1_0732_hypothetical_protein	AF-A0RR28-F1-model_v4	DESULFOASV1_0732_hypothetical_protein	AF-A0RR28-F1-model_v4 ATP synthase subunit alpha	0.134	232	154	81	259	116	347	3.638E-05	121
DESULFOASV1_0732_hypothetical_protein	AF-A5CYE4-F1-model_v4	DESULFOASV1_0732_hypothetical_protein	AF-A5CYE4-F1-model_v4 ATP synthase subunit alpha	0.112	209	145	94	257	135	343	1.312E-04	121
DESULFOASV1_0732_hypothetical_protein	AF-Q3V549-F1-model_v4	DESULFOASV1_0732_hypothetical_protein	AF-Q3V549-F1-model_v4 ATP synthase subunit alpha, chloroplastic	0.119	211	145	94	259	136	346	4.645E-05	121
DESULFOASV1_0732_hypothetical_protein	AF-Q6MAK5-F1-model_v4	DESULFOASV1_0732_hypothetical_protein	AF-Q6MAK5-F1-model_v4 ATP synthase subunit alpha	0.125	211	144	94	259	137	347	8.049E-05	121
DESULFOASV1_0732_hypothetical_protein	AF-B7UMJ9-F1-model_v4	DESULFOASV1_0732_hypothetical_protein	AF-B7UMJ9-F1-model_v4 ATP synthase subunit alpha	0.144	219	139	97	259	138	356	6.304E-05	121
DESULFOASV1_0732_hypothetical_protein	AF-C4ZZ12-F1-model_v4	DESULFOASV1_0732_hypothetical_protein	AF-C4ZZ12-F1-model_v4 ATP synthase subunit alpha	0.139	219	139	97	259	138	356	4.645E-05	121
DESULFOASV1_0732_hypothetical_protein	AF-P12985-F1-model_v4	DESULFOASV1_0732_hypothetical_protein	AF-P12985-F1-model_v4 ATP synthase subunit alpha	0.129	220	142	94	257	135	354	5.579E-05	121
DESULFOASV1_0732_hypothetical_protein	AF-A7ZTU6-F1-model_v4	DESULFOASV1_0732_hypothetical_protein	AF-A7ZTU6-F1-model_v4 ATP synthase subunit alpha	0.144	219	139	97	259	138	356	6.304E-05	121
DESULFOASV1_0732_hypothetical_protein	AF-B1X9W2-F1-model_v4	DESULFOASV1_0732_hypothetical_protein	AF-B1X9W2-F1-model_v4 ATP synthase subunit alpha	0.144	219	139	97	259	138	356	6.304E-05	121
DESULFOASV1_0732_hypothetical_protein	AF-B2I100-F1-model_v4	DESULFOASV1_0732_hypothetical_protein	AF-B2I100-F1-model_v4 ATP synthase subunit alpha	0.130	226	143	95	259	132	357	3.423E-05	121
DESULFOASV1_0732_hypothetical_protein	AF-A4VS64-F1-model_v4	DESULFOASV1_0732_hypothetical_protein	AF-A4VS64-F1-model_v4 ATP synthase subunit alpha	0.154	224	137	95	257	132	355	4.111E-05	121
DESULFOASV1_0732_hypothetical_protein	AF-Q5F4Z2-F1-model_v4	DESULFOASV1_0732_hypothetical_protein	AF-Q5F4Z2-F1-model_v4 ATP synthase subunit alpha	0.141	222	142	94	259	135	356	3.868E-05	121
DESULFOASV1_0732_hypothetical_protein	AF-Q1CWT2-F1-model_v4	DESULFOASV1_0732_hypothetical_protein	AF-Q1CWT2-F1-model_v4 ATP synthase subunit alpha	0.152	211	140	94	259	135	345	5.579E-05	121
DESULFOASV1_0732_hypothetical_protein	AF-A9BPU5-F1-model_v4	DESULFOASV1_0732_hypothetical_protein	AF-A9BPU5-F1-model_v4 ATP synthase subunit alpha	0.133	243	154	81	259	119	361	3.029E-05	121
DESULFOASV1_0732_hypothetical_protein	AF-B9MBA1-F1-model_v4	DESULFOASV1_0732_hypothetical_protein	AF-B9MBA1-F1-model_v4 ATP synthase subunit alpha	0.155	243	150	81	259	119	361	3.868E-05	121
DESULFOASV1_0732_hypothetical_protein	AF-B8CVU5-F1-model_v4	DESULFOASV1_0732_hypothetical_protein	AF-B8CVU5-F1-model_v4 ATP synthase subunit beta	0.091	200	148	94	257	120	319	7.572E-05	120
DESULFOASV1_0732_hypothetical_protein	AF-Q8RGE2-F1-model_v4	DESULFOASV1_0732_hypothetical_protein	AF-Q8RGE2-F1-model_v4 ATP synthase subunit beta	0.104	202	147	93	257	120	321	6.701E-05	120
DESULFOASV1_0732_hypothetical_protein	AF-P42468-F1-model_v4	DESULFOASV1_0732_hypothetical_protein	AF-P42468-F1-model_v4 ATP synthase subunit beta	0.109	226	157	81	257	98	323	3.638E-05	120
DESULFOASV1_0732_hypothetical_protein	AF-A4VVK1-F1-model_v4	DESULFOASV1_0732_hypothetical_protein	AF-A4VVK1-F1-model_v4 ATP synthase subunit alpha	0.156	211	139	94	259	134	344	3.868E-05	120
DESULFOASV1_0732_hypothetical_protein	AF-Q1JHN7-F1-model_v4	DESULFOASV1_0732_hypothetical_protein	AF-Q1JHN7-F1-model_v4 ATP synthase subunit alpha	0.156	211	139	94	259	135	345	3.868E-05	120
DESULFOASV1_0732_hypothetical_protein	AF-A6U3J0-F1-model_v4	DESULFOASV1_0732_hypothetical_protein	AF-A6U3J0-F1-model_v4 ATP synthase subunit alpha	0.161	232	149	81	259	114	345	2.850E-05	120
DESULFOASV1_0732_hypothetical_protein	AF-B9E8E8-F1-model_v4	DESULFOASV1_0732_hypothetical_protein	AF-B9E8E8-F1-model_v4 ATP synthase subunit alpha	0.123	211	145	94	259	135	345	8.049E-05	120
DESULFOASV1_0732_hypothetical_protein	AF-Q49Z52-F1-model_v4	DESULFOASV1_0732_hypothetical_protein	AF-Q49Z52-F1-model_v4 ATP synthase subunit alpha	0.135	211	143	94	259	135	345	1.312E-04	120
DESULFOASV1_0732_hypothetical_protein	AF-Q39Q54-F1-model_v4	DESULFOASV1_0732_hypothetical_protein	AF-Q39Q54-F1-model_v4 ATP synthase subunit alpha	0.132	211	143	94	259	136	346	3.638E-05	120
DESULFOASV1_0732_hypothetical_protein	AF-Q603U2-F1-model_v4	DESULFOASV1_0732_hypothetical_protein	AF-Q603U2-F1-model_v4 ATP synthase subunit alpha 2	0.128	269	165	70	259	86	354	1.073E-05	120
DESULFOASV1_0732_hypothetical_protein	AF-A5HY50-F1-model_v4	DESULFOASV1_0732_hypothetical_protein	AF-A5HY50-F1-model_v4 ATP synthase subunit alpha	0.114	211	146	94	259	135	345	9.095E-05	120
DESULFOASV1_0732_hypothetical_protein	AF-B1KSS6-F1-model_v4	DESULFOASV1_0732_hypothetical_protein	AF-B1KSS6-F1-model_v4 ATP synthase subunit alpha	0.114	211	146	94	259	135	345	9.095E-05	120
DESULFOASV1_0732_hypothetical_protein	AF-A5N3H9-F1-model_v4	DESULFOASV1_0732_hypothetical_protein	AF-A5N3H9-F1-model_v4 ATP synthase subunit alpha	0.146	209	139	94	257	135	343	1.092E-04	120
DESULFOASV1_0732_hypothetical_protein	AF-A8G6V1-F1-model_v4	DESULFOASV1_0732_hypothetical_protein	AF-A8G6V1-F1-model_v4 ATP synthase subunit alpha	0.101	211	148	94	259	136	346	4.645E-05	120
DESULFOASV1_0732_hypothetical_protein	AF-A6TK63-F1-model_v4	DESULFOASV1_0732_hypothetical_protein	AF-A6TK63-F1-model_v4 ATP synthase subunit alpha	0.119	211	145	94	259	135	345	4.370E-05	120
DESULFOASV1_0732_hypothetical_protein	AF-Q112Z6-F1-model_v4	DESULFOASV1_0732_hypothetical_protein	AF-Q112Z6-F1-model_v4 ATP synthase subunit alpha	0.124	209	143	94	257	136	344	2.850E-05	120
DESULFOASV1_0732_hypothetical_protein	AF-Q5SCX6-F1-model_v4	DESULFOASV1_0732_hypothetical_protein	AF-Q5SCX6-F1-model_v4 ATP synthase subunit alpha, chloroplastic	0.117	215	145	95	259	132	346	6.701E-05	120
DESULFOASV1_0732_hypothetical_protein	AF-P06450-F1-model_v4	DESULFOASV1_0732_hypothetical_protein	AF-P06450-F1-model_v4 ATP synthase subunit alpha, chloroplastic	0.114	211	146	94	259	136	346	4.938E-05	120
DESULFOASV1_0732_hypothetical_protein	AF-B2GAU3-F1-model_v4	DESULFOASV1_0732_hypothetical_protein	AF-B2GAU3-F1-model_v4 ATP synthase subunit alpha	0.142	211	142	94	259	135	345	4.370E-05	120
DESULFOASV1_0732_hypothetical_protein	AF-Q0HD77-F1-model_v4	DESULFOASV1_0732_hypothetical_protein	AF-Q0HD77-F1-model_v4 ATP synthase subunit alpha	0.133	222	143	94	259	135	356	4.111E-05	120
DESULFOASV1_0732_hypothetical_protein	AF-B7L884-F1-model_v4	DESULFOASV1_0732_hypothetical_protein	AF-B7L884-F1-model_v4 ATP synthase subunit alpha	0.137	222	142	94	259	135	356	4.645E-05	120
DESULFOASV1_0732_hypothetical_protein	AF-Q7NCS3-F1-model_v4	DESULFOASV1_0732_hypothetical_protein	AF-Q7NCS3-F1-model_v4 ATP synthase subunit alpha	0.129	221	144	94	259	136	356	4.645E-05	120
DESULFOASV1_0732_hypothetical_protein	AF-Q7VU46-F1-model_v4	DESULFOASV1_0732_hypothetical_protein	AF-Q7VU46-F1-model_v4 ATP synthase subunit alpha	0.148	226	140	95	259	131	356	4.645E-05	120
DESULFOASV1_0732_hypothetical_protein	AF-Q65Q05-F1-model_v4	DESULFOASV1_0732_hypothetical_protein	AF-Q65Q05-F1-model_v4 ATP synthase subunit alpha	0.137	222	142	94	259	135	356	8.049E-05	120
DESULFOASV1_0732_hypothetical_protein	AF-A5EXJ7-F1-model_v4	DESULFOASV1_0732_hypothetical_protein	AF-A5EXJ7-F1-model_v4 ATP synthase subunit alpha	0.130	220	142	94	257	135	354	5.249E-05	120
DESULFOASV1_0732_hypothetical_protein	AF-B4RS83-F1-model_v4	DESULFOASV1_0732_hypothetical_protein	AF-B4RS83-F1-model_v4 ATP synthase subunit alpha	0.138	222	142	94	259	135	356	4.111E-05	120
DESULFOASV1_0732_hypothetical_protein	AF-B8GRC0-F1-model_v4	DESULFOASV1_0732_hypothetical_protein	AF-B8GRC0-F1-model_v4 ATP synthase subunit alpha	0.133	222	143	94	259	135	356	4.645E-05	120
DESULFOASV1_0732_hypothetical_protein	AF-B5ER44-F1-model_v4	DESULFOASV1_0732_hypothetical_protein	AF-B5ER44-F1-model_v4 ATP synthase subunit alpha	0.159	222	139	94	259	136	357	3.868E-05	120
DESULFOASV1_0732_hypothetical_protein	AF-B2I862-F1-model_v4	DESULFOASV1_0732_hypothetical_protein	AF-B2I862-F1-model_v4 ATP synthase subunit alpha	0.131	226	143	95	259	133	358	8.049E-05	120
DESULFOASV1_0732_hypothetical_protein	AF-Q12GQ2-F1-model_v4	DESULFOASV1_0732_hypothetical_protein	AF-Q12GQ2-F1-model_v4 ATP synthase subunit alpha	0.133	243	154	81	259	119	361	3.029E-05	120
DESULFOASV1_0732_hypothetical_protein	AF-Q87KA6-F1-model_v4	DESULFOASV1_0732_hypothetical_protein	AF-Q87KA6-F1-model_v4 ATP synthase subunit alpha	0.126	219	142	97	259	148	366	5.249E-05	120
DESULFOASV1_0732_hypothetical_protein	AF-Q4ZL24-F1-model_v4	DESULFOASV1_0732_hypothetical_protein	AF-Q4ZL24-F1-model_v4 ATP synthase subunit beta	0.093	210	147	95	257	111	320	5.249E-05	119
DESULFOASV1_0732_hypothetical_protein	AF-A3MQJ9-F1-model_v4	DESULFOASV1_0732_hypothetical_protein	AF-A3MQJ9-F1-model_v4 ATP synthase subunit beta 1	0.103	210	146	94	257	115	324	7.123E-05	119
DESULFOASV1_0732_hypothetical_protein	AF-Q07232-F1-model_v4	DESULFOASV1_0732_hypothetical_protein	AF-Q07232-F1-model_v4 ATP synthase subunit beta	0.114	232	156	81	257	96	327	3.423E-05	119
DESULFOASV1_0732_hypothetical_protein	AF-Q0RDB4-F1-model_v4	DESULFOASV1_0732_hypothetical_protein	AF-Q0RDB4-F1-model_v4 ATP synthase subunit beta	0.112	204	147	93	259	139	342	6.701E-05	119
DESULFOASV1_0732_hypothetical_protein	AF-P29706-F1-model_v4	DESULFOASV1_0732_hypothetical_protein	AF-P29706-F1-model_v4 ATP synthase subunit alpha, sodium ion specific	0.155	205	134	98	257	139	343	4.111E-05	119
DESULFOASV1_0732_hypothetical_protein	AF-A7H1H9-F1-model_v4	DESULFOASV1_0732_hypothetical_protein	AF-A7H1H9-F1-model_v4 ATP synthase subunit alpha	0.135	232	154	81	259	114	345	4.938E-05	119
DESULFOASV1_0732_hypothetical_protein	AF-C0MH19-F1-model_v4	DESULFOASV1_0732_hypothetical_protein	AF-C0MH19-F1-model_v4 ATP synthase subunit alpha	0.156	211	139	94	259	135	345	4.370E-05	119
DESULFOASV1_0732_hypothetical_protein	AF-A8AYG3-F1-model_v4	DESULFOASV1_0732_hypothetical_protein	AF-A8AYG3-F1-model_v4 ATP synthase subunit alpha	0.153	209	138	94	257	135	343	3.868E-05	119
DESULFOASV1_0732_hypothetical_protein	AF-A9KK94-F1-model_v4	DESULFOASV1_0732_hypothetical_protein	AF-A9KK94-F1-model_v4 ATP synthase subunit alpha	0.134	209	141	94	257	135	343	1.395E-04	119
DESULFOASV1_0732_hypothetical_protein	AF-Q5XCY2-F1-model_v4	DESULFOASV1_0732_hypothetical_protein	AF-Q5XCY2-F1-model_v4 ATP synthase subunit alpha	0.156	211	139	94	259	135	345	4.938E-05	119
DESULFOASV1_0732_hypothetical_protein	AF-B9K7T9-F1-model_v4	DESULFOASV1_0732_hypothetical_protein	AF-B9K7T9-F1-model_v4 ATP synthase subunit alpha	0.142	205	136	98	257	140	344	4.111E-05	119
DESULFOASV1_0732_hypothetical_protein	AF-B7KKR4-F1-model_v4	DESULFOASV1_0732_hypothetical_protein	AF-B7KKR4-F1-model_v4 ATP synthase subunit alpha	0.125	209	143	94	257	136	344	3.868E-05	119
DESULFOASV1_0732_hypothetical_protein	AF-Q17Y80-F1-model_v4	DESULFOASV1_0732_hypothetical_protein	AF-Q17Y80-F1-model_v4 ATP synthase subunit alpha	0.138	232	153	81	259	115	346	5.931E-05	119
DESULFOASV1_0732_hypothetical_protein	AF-Q3ZZT9-F1-model_v4	DESULFOASV1_0732_hypothetical_protein	AF-Q3ZZT9-F1-model_v4 ATP synthase subunit alpha	0.148	209	139	94	257	135	343	2.681E-05	119
DESULFOASV1_0732_hypothetical_protein	AF-A1E9I8-F1-model_v4	DESULFOASV1_0732_hypothetical_protein	AF-A1E9I8-F1-model_v4 ATP synthase subunit alpha, chloroplastic	0.118	211	146	94	259	136	346	5.249E-05	119
DESULFOASV1_0732_hypothetical_protein	AF-Q927W2-F1-model_v4	DESULFOASV1_0732_hypothetical_protein	AF-Q927W2-F1-model_v4 ATP synthase subunit alpha 2	0.152	211	140	94	259	135	345	5.579E-05	119
DESULFOASV1_0732_hypothetical_protein	AF-A6LQH4-F1-model_v4	DESULFOASV1_0732_hypothetical_protein	AF-A6LQH4-F1-model_v4 ATP synthase subunit alpha	0.129	211	144	94	259	135	345	1.675E-04	119
DESULFOASV1_0732_hypothetical_protein	AF-A0LLG0-F1-model_v4	DESULFOASV1_0732_hypothetical_protein	AF-A0LLG0-F1-model_v4 ATP synthase subunit alpha	0.130	209	142	94	257	138	346	9.095E-05	119
DESULFOASV1_0732_hypothetical_protein	AF-O99015-F1-model_v4	DESULFOASV1_0732_hypothetical_protein	AF-O99015-F1-model_v4 ATP synthase subunit alpha, plastid	0.122	211	145	94	259	136	346	4.938E-05	119
DESULFOASV1_0732_hypothetical_protein	AF-P0C2Z4-F1-model_v4	DESULFOASV1_0732_hypothetical_protein	AF-P0C2Z4-F1-model_v4 ATP synthase subunit alpha, chloroplastic	0.139	232	153	81	259	115	346	4.938E-05	119
DESULFOASV1_0732_hypothetical_protein	AF-A4GAH1-F1-model_v4	DESULFOASV1_0732_hypothetical_protein	AF-A4GAH1-F1-model_v4 ATP synthase subunit alpha	0.142	222	142	94	259	135	356	5.931E-05	119
DESULFOASV1_0732_hypothetical_protein	AF-Q48AW2-F1-model_v4	DESULFOASV1_0732_hypothetical_protein	AF-Q48AW2-F1-model_v4 ATP synthase subunit alpha	0.112	220	145	94	257	135	354	8.556E-05	119
DESULFOASV1_0732_hypothetical_protein	AF-Q12HP9-F1-model_v4	DESULFOASV1_0732_hypothetical_protein	AF-Q12HP9-F1-model_v4 ATP synthase subunit alpha	0.142	222	142	94	259	135	356	5.249E-05	119
DESULFOASV1_0732_hypothetical_protein	AF-Q13SQ0-F1-model_v4	DESULFOASV1_0732_hypothetical_protein	AF-Q13SQ0-F1-model_v4 ATP synthase subunit alpha 2	0.153	226	139	95	259	131	356	8.556E-05	119
DESULFOASV1_0732_hypothetical_protein	AF-Q5NIK5-F1-model_v4	DESULFOASV1_0732_hypothetical_protein	AF-Q5NIK5-F1-model_v4 ATP synthase subunit alpha	0.127	224	141	95	257	131	354	6.304E-05	119
DESULFOASV1_0732_hypothetical_protein	AF-B5BIN8-F1-model_v4	DESULFOASV1_0732_hypothetical_protein	AF-B5BIN8-F1-model_v4 ATP synthase subunit alpha	0.137	222	142	94	259	135	356	8.556E-05	119
DESULFOASV1_0732_hypothetical_protein	AF-Q5QZI4-F1-model_v4	DESULFOASV1_0732_hypothetical_protein	AF-Q5QZI4-F1-model_v4 ATP synthase subunit alpha	0.155	222	139	94	259	135	356	7.123E-05	119
DESULFOASV1_0732_hypothetical_protein	AF-Q2NQ88-F1-model_v4	DESULFOASV1_0732_hypothetical_protein	AF-Q2NQ88-F1-model_v4 ATP synthase subunit alpha	0.128	222	144	94	259	135	356	9.667E-05	119
DESULFOASV1_0732_hypothetical_protein	AF-Q4K3A7-F1-model_v4	DESULFOASV1_0732_hypothetical_protein	AF-Q4K3A7-F1-model_v4 ATP synthase subunit alpha	0.137	224	140	95	257	132	355	1.161E-04	119
DESULFOASV1_0732_hypothetical_protein	AF-B7H296-F1-model_v4	DESULFOASV1_0732_hypothetical_protein	AF-B7H296-F1-model_v4 ATP synthase subunit alpha	0.130	226	143	95	259	132	357	4.938E-05	119
DESULFOASV1_0732_hypothetical_protein	AF-Q4UQF2-F1-model_v4	DESULFOASV1_0732_hypothetical_protein	AF-Q4UQF2-F1-model_v4 ATP synthase subunit alpha	0.144	226	140	95	259	133	358	4.938E-05	119
DESULFOASV1_0732_hypothetical_protein	AF-Q8PCZ7-F1-model_v4	DESULFOASV1_0732_hypothetical_protein	AF-Q8PCZ7-F1-model_v4 ATP synthase subunit alpha	0.140	226	141	95	259	133	358	5.579E-05	119
DESULFOASV1_0732_hypothetical_protein	AF-B4SJS1-F1-model_v4	DESULFOASV1_0732_hypothetical_protein	AF-B4SJS1-F1-model_v4 ATP synthase subunit alpha	0.131	226	143	95	259	133	358	7.572E-05	119
DESULFOASV1_0732_hypothetical_protein	AF-P47641-F1-model_v4	DESULFOASV1_0732_hypothetical_protein	AF-P47641-F1-model_v4 ATP synthase subunit alpha	0.139	232	153	81	259	114	345	6.701E-05	119
DESULFOASV1_0732_hypothetical_protein	AF-Q7MGH8-F1-model_v4	DESULFOASV1_0732_hypothetical_protein	AF-Q7MGH8-F1-model_v4 ATP synthase subunit alpha	0.130	219	141	97	259	148	366	4.111E-05	119
DESULFOASV1_0732_hypothetical_protein	AF-B3EL39-F1-model_v4	DESULFOASV1_0732_hypothetical_protein	AF-B3EL39-F1-model_v4 ATP synthase subunit alpha	0.117	225	142	98	259	141	365	8.049E-05	119
DESULFOASV1_0732_hypothetical_protein	AF-A7NIR1-F1-model_v4	DESULFOASV1_0732_hypothetical_protein	AF-A7NIR1-F1-model_v4 ATP synthase subunit alpha	0.123	223	144	95	259	140	362	5.579E-05	119
DESULFOASV1_0732_hypothetical_protein	AF-Q98QU3-F1-model_v4	DESULFOASV1_0732_hypothetical_protein	AF-Q98QU3-F1-model_v4 ATP synthase subunit alpha 1	0.127	216	144	94	259	130	345	1.482E-04	119
DESULFOASV1_0732_hypothetical_protein	AF-A3MAS4-F1-model_v4	DESULFOASV1_0732_hypothetical_protein	AF-A3MAS4-F1-model_v4 ATP synthase subunit alpha 2	0.167	209	136	94	257	146	354	4.645E-05	119
DESULFOASV1_0732_hypothetical_protein	AF-B4F0E7-F1-model_v4	DESULFOASV1_0732_hypothetical_protein	AF-B4F0E7-F1-model_v4 ATP synthase subunit beta	0.083	210	149	95	257	112	321	3.638E-05	118
DESULFOASV1_0732_hypothetical_protein	AF-B4RS81-F1-model_v4	DESULFOASV1_0732_hypothetical_protein	AF-B4RS81-F1-model_v4 ATP synthase subunit beta	0.081	200	150	94	257	123	322	5.579E-05	118
DESULFOASV1_0732_hypothetical_protein	AF-B4EEY9-F1-model_v4	DESULFOASV1_0732_hypothetical_protein	AF-B4EEY9-F1-model_v4 ATP synthase subunit beta	0.103	210	146	94	257	115	324	5.931E-05	118
DESULFOASV1_0732_hypothetical_protein	AF-A3P0Z0-F1-model_v4	DESULFOASV1_0732_hypothetical_protein	AF-A3P0Z0-F1-model_v4 ATP synthase subunit beta 1	0.103	210	146	94	257	115	324	8.049E-05	118
DESULFOASV1_0732_hypothetical_protein	AF-Q83G91-F1-model_v4	DESULFOASV1_0732_hypothetical_protein	AF-Q83G91-F1-model_v4 ATP synthase subunit beta	0.102	208	151	89	257	123	330	1.395E-04	118
DESULFOASV1_0732_hypothetical_protein	AF-Q83HY0-F1-model_v4	DESULFOASV1_0732_hypothetical_protein	AF-Q83HY0-F1-model_v4 ATP synthase subunit beta	0.107	208	150	89	257	123	330	1.234E-04	118
DESULFOASV1_0732_hypothetical_protein	AF-Q06J68-F1-model_v4	DESULFOASV1_0732_hypothetical_protein	AF-Q06J68-F1-model_v4 ATP synthase subunit alpha, chloroplastic	0.141	232	153	81	259	115	346	2.681E-05	118
DESULFOASV1_0732_hypothetical_protein	AF-Q3A944-F1-model_v4	DESULFOASV1_0732_hypothetical_protein	AF-Q3A944-F1-model_v4 ATP synthase subunit alpha	0.140	209	140	94	257	135	343	7.572E-05	118
DESULFOASV1_0732_hypothetical_protein	AF-B2IQX2-F1-model_v4	DESULFOASV1_0732_hypothetical_protein	AF-B2IQX2-F1-model_v4 ATP synthase subunit alpha	0.148	209	139	94	257	135	343	3.423E-05	118
DESULFOASV1_0732_hypothetical_protein	AF-C6E9F3-F1-model_v4	DESULFOASV1_0732_hypothetical_protein	AF-C6E9F3-F1-model_v4 ATP synthase subunit alpha	0.137	211	142	94	259	135	345	5.579E-05	118
DESULFOASV1_0732_hypothetical_protein	AF-B7HY67-F1-model_v4	DESULFOASV1_0732_hypothetical_protein	AF-B7HY67-F1-model_v4 ATP synthase subunit alpha	0.158	215	138	95	259	131	345	3.868E-05	118
DESULFOASV1_0732_hypothetical_protein	AF-B5EFI9-F1-model_v4	DESULFOASV1_0732_hypothetical_protein	AF-B5EFI9-F1-model_v4 ATP synthase subunit alpha	0.137	211	142	94	259	135	345	6.304E-05	118
DESULFOASV1_0732_hypothetical_protein	AF-A5FRQ3-F1-model_v4	DESULFOASV1_0732_hypothetical_protein	AF-A5FRQ3-F1-model_v4 ATP synthase subunit alpha	0.148	209	139	94	257	135	343	3.220E-05	118
DESULFOASV1_0732_hypothetical_protein	AF-B1IE32-F1-model_v4	DESULFOASV1_0732_hypothetical_protein	AF-B1IE32-F1-model_v4 ATP synthase subunit alpha	0.114	211	146	94	259	135	345	1.161E-04	118
DESULFOASV1_0732_hypothetical_protein	AF-B1MW87-F1-model_v4	DESULFOASV1_0732_hypothetical_protein	AF-B1MW87-F1-model_v4 ATP synthase subunit alpha	0.147	211	141	94	259	135	345	7.572E-05	118
DESULFOASV1_0732_hypothetical_protein	AF-Q042L3-F1-model_v4	DESULFOASV1_0732_hypothetical_protein	AF-Q042L3-F1-model_v4 ATP synthase subunit alpha	0.162	211	138	94	259	138	348	7.572E-05	118
DESULFOASV1_0732_hypothetical_protein	AF-Q0ZJ35-F1-model_v4	DESULFOASV1_0732_hypothetical_protein	AF-Q0ZJ35-F1-model_v4 ATP synthase subunit alpha, chloroplastic	0.123	211	145	94	259	136	346	8.556E-05	118
DESULFOASV1_0732_hypothetical_protein	AF-Q1IIG6-F1-model_v4	DESULFOASV1_0732_hypothetical_protein	AF-Q1IIG6-F1-model_v4 ATP synthase subunit alpha	0.150	232	151	81	259	115	346	1.028E-04	118
DESULFOASV1_0732_hypothetical_protein	AF-P57122-F1-model_v4	DESULFOASV1_0732_hypothetical_protein	AF-P57122-F1-model_v4 ATP synthase subunit alpha	0.135	222	143	94	259	135	356	6.701E-05	118
DESULFOASV1_0732_hypothetical_protein	AF-P0ABB2-F1-model_v4	DESULFOASV1_0732_hypothetical_protein	AF-P0ABB2-F1-model_v4 ATP synthase subunit alpha	0.135	219	140	97	259	138	356	7.572E-05	118
DESULFOASV1_0732_hypothetical_protein	AF-A8A6J7-F1-model_v4	DESULFOASV1_0732_hypothetical_protein	AF-A8A6J7-F1-model_v4 ATP synthase subunit alpha	0.137	222	142	94	259	135	356	5.579E-05	118
DESULFOASV1_0732_hypothetical_protein	AF-B3H2P5-F1-model_v4	DESULFOASV1_0732_hypothetical_protein	AF-B3H2P5-F1-model_v4 ATP synthase subunit alpha	0.155	222	139	94	259	135	356	6.304E-05	118
DESULFOASV1_0732_hypothetical_protein	AF-B1IX04-F1-model_v4	DESULFOASV1_0732_hypothetical_protein	AF-B1IX04-F1-model_v4 ATP synthase subunit alpha	0.139	219	139	97	259	138	356	6.701E-05	118
DESULFOASV1_0732_hypothetical_protein	AF-Q1LTV2-F1-model_v4	DESULFOASV1_0732_hypothetical_protein	AF-Q1LTV2-F1-model_v4 ATP synthase subunit alpha	0.116	222	146	94	259	135	356	6.304E-05	118
DESULFOASV1_0732_hypothetical_protein	AF-Q0BJL7-F1-model_v4	DESULFOASV1_0732_hypothetical_protein	AF-Q0BJL7-F1-model_v4 ATP synthase subunit alpha	0.142	243	153	81	259	114	356	4.370E-05	118
DESULFOASV1_0732_hypothetical_protein	AF-Q0TAX5-F1-model_v4	DESULFOASV1_0732_hypothetical_protein	AF-Q0TAX5-F1-model_v4 ATP synthase subunit alpha	0.139	219	139	97	259	138	356	7.123E-05	118
DESULFOASV1_0732_hypothetical_protein	AF-A6W3T0-F1-model_v4	DESULFOASV1_0732_hypothetical_protein	AF-A6W3T0-F1-model_v4 ATP synthase subunit alpha 2	0.137	224	140	95	257	132	355	5.931E-05	118
DESULFOASV1_0732_hypothetical_protein	AF-Q6MS92-F1-model_v4	DESULFOASV1_0732_hypothetical_protein	AF-Q6MS92-F1-model_v4 ATP synthase subunit alpha	0.123	214	143	94	257	130	343	1.028E-04	118
DESULFOASV1_0732_hypothetical_protein	AF-Q477Z1-F1-model_v4	DESULFOASV1_0732_hypothetical_protein	AF-Q477Z1-F1-model_v4 ATP synthase subunit beta	0.093	188	136	107	257	140	327	8.049E-05	117
DESULFOASV1_0732_hypothetical_protein	AF-P41602-F1-model_v4	DESULFOASV1_0732_hypothetical_protein	AF-P41602-F1-model_v4 ATP synthase subunit alpha, chloroplastic	0.125	209	143	94	257	136	344	7.123E-05	117
DESULFOASV1_0732_hypothetical_protein	AF-A8FJR0-F1-model_v4	DESULFOASV1_0732_hypothetical_protein	AF-A8FJR0-F1-model_v4 ATP synthase subunit alpha	0.139	230	152	81	257	114	343	3.029E-05	117
DESULFOASV1_0732_hypothetical_protein	AF-B1ICT1-F1-model_v4	DESULFOASV1_0732_hypothetical_protein	AF-B1ICT1-F1-model_v4 ATP synthase subunit alpha	0.153	209	138	94	257	135	343	4.938E-05	117
DESULFOASV1_0732_hypothetical_protein	AF-A5G9D6-F1-model_v4	DESULFOASV1_0732_hypothetical_protein	AF-A5G9D6-F1-model_v4 ATP synthase subunit alpha	0.132	211	143	94	259	135	345	7.572E-05	117
DESULFOASV1_0732_hypothetical_protein	AF-Q8CNJ5-F1-model_v4	DESULFOASV1_0732_hypothetical_protein	AF-Q8CNJ5-F1-model_v4 ATP synthase subunit alpha	0.139	232	153	81	259	114	345	8.556E-05	117
DESULFOASV1_0732_hypothetical_protein	AF-A8YUJ9-F1-model_v4	DESULFOASV1_0732_hypothetical_protein	AF-A8YUJ9-F1-model_v4 ATP synthase subunit alpha	0.167	211	137	94	259	135	345	8.556E-05	117
DESULFOASV1_0732_hypothetical_protein	AF-Q5HMB7-F1-model_v4	DESULFOASV1_0732_hypothetical_protein	AF-Q5HMB7-F1-model_v4 ATP synthase subunit alpha	0.135	232	154	81	259	114	345	9.667E-05	117
DESULFOASV1_0732_hypothetical_protein	AF-A9BCD9-F1-model_v4	DESULFOASV1_0732_hypothetical_protein	AF-A9BCD9-F1-model_v4 ATP synthase subunit alpha	0.130	232	155	81	259	115	346	4.370E-05	117
DESULFOASV1_0732_hypothetical_protein	AF-C3KYJ1-F1-model_v4	DESULFOASV1_0732_hypothetical_protein	AF-C3KYJ1-F1-model_v4 ATP synthase subunit alpha	0.114	211	146	94	259	135	345	1.395E-04	117
DESULFOASV1_0732_hypothetical_protein	AF-Q09FX6-F1-model_v4	DESULFOASV1_0732_hypothetical_protein	AF-Q09FX6-F1-model_v4 ATP synthase subunit alpha, chloroplastic	0.110	211	147	94	259	136	346	9.667E-05	117
DESULFOASV1_0732_hypothetical_protein	AF-P0C2Z6-F1-model_v4	DESULFOASV1_0732_hypothetical_protein	AF-P0C2Z6-F1-model_v4 ATP synthase subunit alpha, chloroplastic	0.138	232	153	81	259	115	346	4.370E-05	117
DESULFOASV1_0732_hypothetical_protein	AF-B9L1H1-F1-model_v4	DESULFOASV1_0732_hypothetical_protein	AF-B9L1H1-F1-model_v4 ATP synthase subunit alpha	0.149	215	140	95	259	131	345	7.572E-05	117
DESULFOASV1_0732_hypothetical_protein	AF-A1AXU4-F1-model_v4	DESULFOASV1_0732_hypothetical_protein	AF-A1AXU4-F1-model_v4 ATP synthase subunit alpha	0.115	222	146	94	259	135	356	3.220E-05	117
DESULFOASV1_0732_hypothetical_protein	AF-B7NF50-F1-model_v4	DESULFOASV1_0732_hypothetical_protein	AF-B7NF50-F1-model_v4 ATP synthase subunit alpha	0.116	219	143	97	259	138	356	5.249E-05	117
DESULFOASV1_0732_hypothetical_protein	AF-Q6LKZ8-F1-model_v4	DESULFOASV1_0732_hypothetical_protein	AF-Q6LKZ8-F1-model_v4 ATP synthase subunit alpha 2	0.135	219	140	97	259	138	356	5.931E-05	117
DESULFOASV1_0732_hypothetical_protein	AF-B1KQ36-F1-model_v4	DESULFOASV1_0732_hypothetical_protein	AF-B1KQ36-F1-model_v4 ATP synthase subunit alpha	0.127	217	140	97	257	138	354	6.701E-05	117
DESULFOASV1_0732_hypothetical_protein	AF-Q4QN62-F1-model_v4	DESULFOASV1_0732_hypothetical_protein	AF-Q4QN62-F1-model_v4 ATP synthase subunit alpha	0.146	222	141	94	259	135	356	1.092E-04	117
DESULFOASV1_0732_hypothetical_protein	AF-B8F772-F1-model_v4	DESULFOASV1_0732_hypothetical_protein	AF-B8F772-F1-model_v4 ATP synthase subunit alpha	0.146	222	141	94	259	135	356	8.556E-05	117
DESULFOASV1_0732_hypothetical_protein	AF-Q21DK6-F1-model_v4	DESULFOASV1_0732_hypothetical_protein	AF-Q21DK6-F1-model_v4 ATP synthase subunit alpha	0.138	222	142	94	259	136	357	1.312E-04	117
DESULFOASV1_0732_hypothetical_protein	AF-B1YQL2-F1-model_v4	DESULFOASV1_0732_hypothetical_protein	AF-B1YQL2-F1-model_v4 ATP synthase subunit alpha	0.152	226	139	95	259	131	356	9.095E-05	117
DESULFOASV1_0732_hypothetical_protein	AF-Q0HPF9-F1-model_v4	DESULFOASV1_0732_hypothetical_protein	AF-Q0HPF9-F1-model_v4 ATP synthase subunit alpha	0.139	219	139	97	259	138	356	6.701E-05	117
DESULFOASV1_0732_hypothetical_protein	AF-P0ABB1-F1-model_v4	DESULFOASV1_0732_hypothetical_protein	AF-P0ABB1-F1-model_v4 ATP synthase subunit alpha	0.139	219	139	97	259	138	356	8.049E-05	117
DESULFOASV1_0732_hypothetical_protein	AF-Q9HT18-F1-model_v4	DESULFOASV1_0732_hypothetical_protein	AF-Q9HT18-F1-model_v4 ATP synthase subunit alpha	0.137	224	140	95	257	132	355	1.576E-04	117
DESULFOASV1_0732_hypothetical_protein	AF-A4Y189-F1-model_v4	DESULFOASV1_0732_hypothetical_protein	AF-A4Y189-F1-model_v4 ATP synthase subunit alpha	0.144	224	139	95	257	132	355	5.579E-05	117
DESULFOASV1_0732_hypothetical_protein	AF-A3M142-F1-model_v4	DESULFOASV1_0732_hypothetical_protein	AF-A3M142-F1-model_v4 ATP synthase subunit alpha	0.130	226	143	95	259	132	357	5.931E-05	117
DESULFOASV1_0732_hypothetical_protein	AF-Q9JW72-F1-model_v4	DESULFOASV1_0732_hypothetical_protein	AF-Q9JW72-F1-model_v4 ATP synthase subunit alpha	0.128	222	144	94	259	135	356	1.028E-04	117
DESULFOASV1_0732_hypothetical_protein	AF-A9M121-F1-model_v4	DESULFOASV1_0732_hypothetical_protein	AF-A9M121-F1-model_v4 ATP synthase subunit alpha	0.146	222	141	94	259	135	356	6.701E-05	117
DESULFOASV1_0732_hypothetical_protein	AF-C5CNB3-F1-model_v4	DESULFOASV1_0732_hypothetical_protein	AF-C5CNB3-F1-model_v4 ATP synthase subunit alpha	0.133	243	154	81	259	119	361	5.579E-05	117
DESULFOASV1_0732_hypothetical_protein	AF-Q5ZR99-F1-model_v4	DESULFOASV1_0732_hypothetical_protein	AF-Q5ZR99-F1-model_v4 ATP synthase subunit alpha 2	0.142	226	141	95	259	135	360	5.931E-05	117
DESULFOASV1_0732_hypothetical_protein	AF-P26679-F1-model_v4	DESULFOASV1_0732_hypothetical_protein	AF-P26679-F1-model_v4 ATP synthase subunit alpha	0.120	209	143	94	257	135	343	8.556E-05	117
DESULFOASV1_0732_hypothetical_protein	AF-B8G6G8-F1-model_v4	DESULFOASV1_0732_hypothetical_protein	AF-B8G6G8-F1-model_v4 ATP synthase subunit alpha	0.138	224	142	94	259	137	360	4.111E-05	117
DESULFOASV1_0732_hypothetical_protein	AF-B3PLV6-F1-model_v4	DESULFOASV1_0732_hypothetical_protein	AF-B3PLV6-F1-model_v4 ATP synthase subunit alpha	0.113	215	145	95	259	131	345	8.556E-05	117
DESULFOASV1_0732_hypothetical_protein	AF-Q31DM0-F1-model_v4	DESULFOASV1_0732_hypothetical_protein	AF-Q31DM0-F1-model_v4 ATP synthase subunit beta	0.083	210	149	95	257	109	318	4.370E-05	116
DESULFOASV1_0732_hypothetical_protein	AF-P0ABB5-F1-model_v4	DESULFOASV1_0732_hypothetical_protein	AF-P0ABB5-F1-model_v4 ATP synthase subunit beta	0.093	210	147	95	257	112	321	8.049E-05	116
DESULFOASV1_0732_hypothetical_protein	AF-Q6LKZ6-F1-model_v4	DESULFOASV1_0732_hypothetical_protein	AF-Q6LKZ6-F1-model_v4 ATP synthase subunit beta 2	0.086	188	137	107	257	135	322	3.220E-05	116
DESULFOASV1_0732_hypothetical_protein	AF-A6LJR1-F1-model_v4	DESULFOASV1_0732_hypothetical_protein	AF-A6LJR1-F1-model_v4 ATP synthase subunit beta	0.121	201	143	94	257	127	327	1.482E-04	116
DESULFOASV1_0732_hypothetical_protein	AF-Q180W8-F1-model_v4	DESULFOASV1_0732_hypothetical_protein	AF-Q180W8-F1-model_v4 ATP synthase subunit alpha	0.105	209	146	94	257	135	343	9.667E-05	116
DESULFOASV1_0732_hypothetical_protein	AF-Q04BA5-F1-model_v4	DESULFOASV1_0732_hypothetical_protein	AF-Q04BA5-F1-model_v4 ATP synthase subunit alpha	0.141	211	142	94	259	135	345	7.572E-05	116
DESULFOASV1_0732_hypothetical_protein	AF-Q74GY2-F1-model_v4	DESULFOASV1_0732_hypothetical_protein	AF-Q74GY2-F1-model_v4 ATP synthase subunit alpha	0.132	211	143	94	259	136	346	7.572E-05	116
DESULFOASV1_0732_hypothetical_protein	AF-Q0I7R2-F1-model_v4	DESULFOASV1_0732_hypothetical_protein	AF-Q0I7R2-F1-model_v4 ATP synthase subunit alpha	0.137	232	154	81	259	115	346	8.049E-05	116
DESULFOASV1_0732_hypothetical_protein	AF-A6MM21-F1-model_v4	DESULFOASV1_0732_hypothetical_protein	AF-A6MM21-F1-model_v4 ATP synthase subunit alpha, chloroplastic	0.116	232	157	81	259	115	346	3.638E-05	116
DESULFOASV1_0732_hypothetical_protein	AF-A8G1W7-F1-model_v4	DESULFOASV1_0732_hypothetical_protein	AF-A8G1W7-F1-model_v4 ATP synthase subunit alpha	0.122	220	143	94	257	135	354	7.572E-05	116
DESULFOASV1_0732_hypothetical_protein	AF-B7MGF4-F1-model_v4	DESULFOASV1_0732_hypothetical_protein	AF-B7MGF4-F1-model_v4 ATP synthase subunit alpha	0.137	222	142	94	259	135	356	7.123E-05	116
DESULFOASV1_0732_hypothetical_protein	AF-Q63PH8-F1-model_v4	DESULFOASV1_0732_hypothetical_protein	AF-Q63PH8-F1-model_v4 ATP synthase subunit alpha 1	0.157	226	138	95	259	131	356	1.028E-04	116
DESULFOASV1_0732_hypothetical_protein	AF-A3QJR2-F1-model_v4	DESULFOASV1_0732_hypothetical_protein	AF-A3QJR2-F1-model_v4 ATP synthase subunit alpha	0.137	222	142	94	259	135	356	7.123E-05	116
DESULFOASV1_0732_hypothetical_protein	AF-A0K2Y1-F1-model_v4	DESULFOASV1_0732_hypothetical_protein	AF-A0K2Y1-F1-model_v4 ATP synthase subunit alpha	0.154	224	137	95	257	131	354	9.667E-05	116
DESULFOASV1_0732_hypothetical_protein	AF-Q2S6N9-F1-model_v4	DESULFOASV1_0732_hypothetical_protein	AF-Q2S6N9-F1-model_v4 ATP synthase subunit alpha 2	0.135	226	142	95	259	132	357	6.701E-05	116
DESULFOASV1_0732_hypothetical_protein	AF-B3PIS9-F1-model_v4	DESULFOASV1_0732_hypothetical_protein	AF-B3PIS9-F1-model_v4 ATP synthase subunit alpha	0.141	224	139	95	257	132	355	1.092E-04	116
DESULFOASV1_0732_hypothetical_protein	AF-Q3BP13-F1-model_v4	DESULFOASV1_0732_hypothetical_protein	AF-Q3BP13-F1-model_v4 ATP synthase subunit alpha	0.144	226	140	95	259	133	358	3.423E-05	116
DESULFOASV1_0732_hypothetical_protein	AF-B2FHZ0-F1-model_v4	DESULFOASV1_0732_hypothetical_protein	AF-B2FHZ0-F1-model_v4 ATP synthase subunit alpha	0.133	220	141	94	257	137	356	7.572E-05	116
DESULFOASV1_0732_hypothetical_protein	AF-Q07YM0-F1-model_v4	DESULFOASV1_0732_hypothetical_protein	AF-Q07YM0-F1-model_v4 ATP synthase subunit alpha 1	0.127	205	139	98	257	146	350	1.312E-04	116
DESULFOASV1_0732_hypothetical_protein	AF-A2SC68-F1-model_v4	DESULFOASV1_0732_hypothetical_protein	AF-A2SC68-F1-model_v4 ATP synthase subunit alpha	0.126	241	154	81	257	119	359	5.579E-05	116
DESULFOASV1_0732_hypothetical_protein	AF-Q50329-F1-model_v4	DESULFOASV1_0732_hypothetical_protein	AF-Q50329-F1-model_v4 ATP synthase subunit alpha	0.131	230	153	81	257	114	343	7.572E-05	116
DESULFOASV1_0732_hypothetical_protein	AF-Q13IW9-F1-model_v4	DESULFOASV1_0732_hypothetical_protein	AF-Q13IW9-F1-model_v4 ATP synthase subunit alpha 3	0.159	211	139	94	259	140	350	2.850E-05	116
DESULFOASV1_0732_hypothetical_protein	AF-C1F3N8-F1-model_v4	DESULFOASV1_0732_hypothetical_protein	AF-C1F3N8-F1-model_v4 ATP synthase subunit alpha	0.144	211	141	94	259	136	346	1.161E-04	116
DESULFOASV1_0732_hypothetical_protein	AF-A8HAG3-F1-model_v4	DESULFOASV1_0732_hypothetical_protein	AF-A8HAG3-F1-model_v4 ATP synthase subunit beta	0.071	200	151	94	257	120	319	7.572E-05	115
DESULFOASV1_0732_hypothetical_protein	AF-B0KRA8-F1-model_v4	DESULFOASV1_0732_hypothetical_protein	AF-B0KRA8-F1-model_v4 ATP synthase subunit beta	0.094	188	136	107	257	132	319	1.781E-04	115
DESULFOASV1_0732_hypothetical_protein	AF-B1JFU1-F1-model_v4	DESULFOASV1_0732_hypothetical_protein	AF-B1JFU1-F1-model_v4 ATP synthase subunit beta	0.094	188	136	107	257	132	319	1.893E-04	115
DESULFOASV1_0732_hypothetical_protein	AF-B4TN31-F1-model_v4	DESULFOASV1_0732_hypothetical_protein	AF-B4TN31-F1-model_v4 ATP synthase subunit beta	0.084	210	148	95	257	112	321	4.111E-05	115
DESULFOASV1_0732_hypothetical_protein	AF-B7MGF2-F1-model_v4	DESULFOASV1_0732_hypothetical_protein	AF-B7MGF2-F1-model_v4 ATP synthase subunit beta	0.093	210	147	95	257	112	321	9.667E-05	115
DESULFOASV1_0732_hypothetical_protein	AF-Q1C095-F1-model_v4	DESULFOASV1_0732_hypothetical_protein	AF-Q1C095-F1-model_v4 ATP synthase subunit beta	0.093	210	147	95	257	112	321	3.868E-05	115
DESULFOASV1_0732_hypothetical_protein	AF-Q663Q8-F1-model_v4	DESULFOASV1_0732_hypothetical_protein	AF-Q663Q8-F1-model_v4 ATP synthase subunit beta	0.088	211	149	94	257	111	321	3.868E-05	115
DESULFOASV1_0732_hypothetical_protein	AF-A5N3H7-F1-model_v4	DESULFOASV1_0732_hypothetical_protein	AF-A5N3H7-F1-model_v4 ATP synthase subunit beta	0.090	200	148	94	257	123	322	8.049E-05	115
DESULFOASV1_0732_hypothetical_protein	AF-B3R7L5-F1-model_v4	DESULFOASV1_0732_hypothetical_protein	AF-B3R7L5-F1-model_v4 ATP synthase subunit beta	0.103	227	158	81	257	101	327	2.522E-05	115
DESULFOASV1_0732_hypothetical_protein	AF-Q04ZU5-F1-model_v4	DESULFOASV1_0732_hypothetical_protein	AF-Q04ZU5-F1-model_v4 ATP synthase subunit beta	0.093	201	148	94	257	126	326	7.123E-05	115
DESULFOASV1_0732_hypothetical_protein	AF-C5CIV6-F1-model_v4	DESULFOASV1_0732_hypothetical_protein	AF-C5CIV6-F1-model_v4 ATP synthase subunit alpha	0.134	211	143	94	259	135	345	1.092E-04	115
DESULFOASV1_0732_hypothetical_protein	AF-Q0AUD1-F1-model_v4	DESULFOASV1_0732_hypothetical_protein	AF-Q0AUD1-F1-model_v4 ATP synthase subunit alpha	0.139	215	139	95	257	131	345	6.701E-05	115
DESULFOASV1_0732_hypothetical_protein	AF-Q7VA63-F1-model_v4	DESULFOASV1_0732_hypothetical_protein	AF-Q7VA63-F1-model_v4 ATP synthase subunit alpha	0.130	232	155	81	259	115	346	5.579E-05	115
DESULFOASV1_0732_hypothetical_protein	AF-Q03EL2-F1-model_v4	DESULFOASV1_0732_hypothetical_protein	AF-Q03EL2-F1-model_v4 ATP synthase subunit alpha	0.155	211	139	94	259	135	345	9.095E-05	115
DESULFOASV1_0732_hypothetical_protein	AF-Q6ENH7-F1-model_v4	DESULFOASV1_0732_hypothetical_protein	AF-Q6ENH7-F1-model_v4 ATP synthase subunit alpha, chloroplastic	0.129	232	155	81	259	115	346	7.123E-05	115
DESULFOASV1_0732_hypothetical_protein	AF-A6BM08-F1-model_v4	DESULFOASV1_0732_hypothetical_protein	AF-A6BM08-F1-model_v4 ATP synthase subunit alpha, chloroplastic	0.147	211	141	94	259	137	347	1.395E-04	115
DESULFOASV1_0732_hypothetical_protein	AF-A6VWQ6-F1-model_v4	DESULFOASV1_0732_hypothetical_protein	AF-A6VWQ6-F1-model_v4 ATP synthase subunit alpha 1	0.135	231	153	80	257	113	343	7.572E-05	115
DESULFOASV1_0732_hypothetical_protein	AF-B8D8H1-F1-model_v4	DESULFOASV1_0732_hypothetical_protein	AF-B8D8H1-F1-model_v4 ATP synthase subunit alpha	0.117	222	146	94	259	135	356	4.370E-05	115
DESULFOASV1_0732_hypothetical_protein	AF-Q3YVN8-F1-model_v4	DESULFOASV1_0732_hypothetical_protein	AF-Q3YVN8-F1-model_v4 ATP synthase subunit alpha	0.139	219	139	97	259	138	356	9.667E-05	115
DESULFOASV1_0732_hypothetical_protein	AF-Q31UN4-F1-model_v4	DESULFOASV1_0732_hypothetical_protein	AF-Q31UN4-F1-model_v4 ATP synthase subunit alpha	0.116	219	143	97	259	138	356	6.304E-05	115
DESULFOASV1_0732_hypothetical_protein	AF-A4JA33-F1-model_v4	DESULFOASV1_0732_hypothetical_protein	AF-A4JA33-F1-model_v4 ATP synthase subunit alpha	0.146	243	152	81	259	114	356	6.701E-05	115
DESULFOASV1_0732_hypothetical_protein	AF-Q3K439-F1-model_v4	DESULFOASV1_0732_hypothetical_protein	AF-Q3K439-F1-model_v4 ATP synthase subunit alpha	0.137	224	140	95	257	132	355	1.893E-04	115
DESULFOASV1_0732_hypothetical_protein	AF-Q223D4-F1-model_v4	DESULFOASV1_0732_hypothetical_protein	AF-Q223D4-F1-model_v4 ATP synthase subunit alpha 1	0.129	243	155	81	259	119	361	5.931E-05	115
DESULFOASV1_0732_hypothetical_protein	AF-A5IYE3-F1-model_v4	DESULFOASV1_0732_hypothetical_protein	AF-A5IYE3-F1-model_v4 ATP synthase subunit alpha	0.121	215	144	95	259	131	345	1.028E-04	115
DESULFOASV1_0732_hypothetical_protein	AF-C4ZZ10-F1-model_v4	DESULFOASV1_0732_hypothetical_protein	AF-C4ZZ10-F1-model_v4 ATP synthase subunit beta	0.087	210	148	95	257	112	321	5.249E-05	114
DESULFOASV1_0732_hypothetical_protein	AF-P0ABB4-F1-model_v4	DESULFOASV1_0732_hypothetical_protein	AF-P0ABB4-F1-model_v4 ATP synthase subunit beta	0.084	210	148	95	257	112	321	4.370E-05	114
DESULFOASV1_0732_hypothetical_protein	AF-A9KBF7-F1-model_v4	DESULFOASV1_0732_hypothetical_protein	AF-A9KBF7-F1-model_v4 ATP synthase subunit beta	0.081	188	138	107	257	135	322	4.111E-05	114
DESULFOASV1_0732_hypothetical_protein	AF-Q04S18-F1-model_v4	DESULFOASV1_0732_hypothetical_protein	AF-Q04S18-F1-model_v4 ATP synthase subunit beta	0.086	201	149	94	257	126	326	1.395E-04	114
DESULFOASV1_0732_hypothetical_protein	AF-Q20EV9-F1-model_v4	DESULFOASV1_0732_hypothetical_protein	AF-Q20EV9-F1-model_v4 ATP synthase subunit alpha, chloroplastic	0.112	232	158	81	259	115	346	6.304E-05	114
DESULFOASV1_0732_hypothetical_protein	AF-B9LZ86-F1-model_v4	DESULFOASV1_0732_hypothetical_protein	AF-B9LZ86-F1-model_v4 ATP synthase subunit alpha	0.136	211	143	94	259	135	345	8.049E-05	114
DESULFOASV1_0732_hypothetical_protein	AF-A7GV58-F1-model_v4	DESULFOASV1_0732_hypothetical_protein	AF-A7GV58-F1-model_v4 ATP synthase subunit alpha	0.163	232	149	81	259	114	345	3.423E-05	114
DESULFOASV1_0732_hypothetical_protein	AF-B2V6N6-F1-model_v4	DESULFOASV1_0732_hypothetical_protein	AF-B2V6N6-F1-model_v4 ATP synthase subunit alpha	0.136	233	154	81	259	115	347	3.638E-05	114
DESULFOASV1_0732_hypothetical_protein	AF-Q0P3K5-F1-model_v4	DESULFOASV1_0732_hypothetical_protein	AF-Q0P3K5-F1-model_v4 ATP synthase subunit alpha, chloroplastic	0.112	211	147	94	259	136	346	1.781E-04	114
DESULFOASV1_0732_hypothetical_protein	AF-A2BT25-F1-model_v4	DESULFOASV1_0732_hypothetical_protein	AF-A2BT25-F1-model_v4 ATP synthase subunit alpha	0.091	215	149	95	259	132	346	1.234E-04	114
DESULFOASV1_0732_hypothetical_protein	AF-B8D6S5-F1-model_v4	DESULFOASV1_0732_hypothetical_protein	AF-B8D6S5-F1-model_v4 ATP synthase subunit alpha	0.135	222	143	94	259	135	356	7.123E-05	114
DESULFOASV1_0732_hypothetical_protein	AF-B7M590-F1-model_v4	DESULFOASV1_0732_hypothetical_protein	AF-B7M590-F1-model_v4 ATP synthase subunit alpha	0.133	219	140	97	259	138	356	6.304E-05	114
DESULFOASV1_0732_hypothetical_protein	AF-B4EEY7-F1-model_v4	DESULFOASV1_0732_hypothetical_protein	AF-B4EEY7-F1-model_v4 ATP synthase subunit alpha	0.146	243	152	81	259	114	356	7.572E-05	114
DESULFOASV1_0732_hypothetical_protein	AF-Q0BK82-F1-model_v4	DESULFOASV1_0732_hypothetical_protein	AF-Q0BK82-F1-model_v4 ATP synthase subunit alpha	0.135	224	140	95	257	131	354	1.092E-04	114
DESULFOASV1_0732_hypothetical_protein	AF-B1JSV5-F1-model_v4	DESULFOASV1_0732_hypothetical_protein	AF-B1JSV5-F1-model_v4 ATP synthase subunit alpha	0.146	243	152	81	259	114	356	7.572E-05	114
DESULFOASV1_0732_hypothetical_protein	AF-B2UGV1-F1-model_v4	DESULFOASV1_0732_hypothetical_protein	AF-B2UGV1-F1-model_v4 ATP synthase subunit alpha	0.144	226	140	95	259	131	356	5.931E-05	114
DESULFOASV1_0732_hypothetical_protein	AF-Q4ZL22-F1-model_v4	DESULFOASV1_0732_hypothetical_protein	AF-Q4ZL22-F1-model_v4 ATP synthase subunit alpha	0.147	224	138	95	257	132	355	1.395E-04	114
DESULFOASV1_0732_hypothetical_protein	AF-B1JFU3-F1-model_v4	DESULFOASV1_0732_hypothetical_protein	AF-B1JFU3-F1-model_v4 ATP synthase subunit alpha	0.132	224	141	95	257	132	355	1.234E-04	114
DESULFOASV1_0732_hypothetical_protein	AF-B7I1W2-F1-model_v4	DESULFOASV1_0732_hypothetical_protein	AF-B7I1W2-F1-model_v4 ATP synthase subunit alpha	0.129	243	155	81	259	115	357	4.645E-05	114
DESULFOASV1_0732_hypothetical_protein	AF-Q0VKX2-F1-model_v4	DESULFOASV1_0732_hypothetical_protein	AF-Q0VKX2-F1-model_v4 ATP synthase subunit alpha	0.140	224	139	95	257	132	355	9.667E-05	114
DESULFOASV1_0732_hypothetical_protein	AF-Q3J6M9-F1-model_v4	DESULFOASV1_0732_hypothetical_protein	AF-Q3J6M9-F1-model_v4 ATP synthase subunit alpha	0.144	226	140	95	259	133	358	9.667E-05	114
DESULFOASV1_0732_hypothetical_protein	AF-A5UQN5-F1-model_v4	DESULFOASV1_0732_hypothetical_protein	AF-A5UQN5-F1-model_v4 ATP synthase subunit alpha	0.134	240	154	81	259	122	361	7.123E-05	114
DESULFOASV1_0732_hypothetical_protein	AF-Q15SF1-F1-model_v4	DESULFOASV1_0732_hypothetical_protein	AF-Q15SF1-F1-model_v4 ATP synthase subunit alpha 1	0.126	231	155	80	257	121	351	5.249E-05	114
DESULFOASV1_0732_hypothetical_protein	AF-Q0AJB0-F1-model_v4	DESULFOASV1_0732_hypothetical_protein	AF-Q0AJB0-F1-model_v4 ATP synthase subunit beta 1	0.088	210	148	95	257	111	320	6.701E-05	113
DESULFOASV1_0732_hypothetical_protein	AF-Q15MU4-F1-model_v4	DESULFOASV1_0732_hypothetical_protein	AF-Q15MU4-F1-model_v4 ATP synthase subunit beta 2	0.071	188	139	107	257	135	322	6.304E-05	113
DESULFOASV1_0732_hypothetical_protein	AF-Q30QQ1-F1-model_v4	DESULFOASV1_0732_hypothetical_protein	AF-Q30QQ1-F1-model_v4 ATP synthase subunit beta	0.101	201	147	94	257	128	328	2.416E-04	113
DESULFOASV1_0732_hypothetical_protein	AF-B4SJR9-F1-model_v4	DESULFOASV1_0732_hypothetical_protein	AF-B4SJR9-F1-model_v4 ATP synthase subunit beta	0.078	194	138	107	257	132	325	7.572E-05	113
DESULFOASV1_0732_hypothetical_protein	AF-O50550-F1-model_v4	DESULFOASV1_0732_hypothetical_protein	AF-O50550-F1-model_v4 ATP synthase subunit beta	0.121	201	143	94	257	127	327	1.781E-04	113
DESULFOASV1_0732_hypothetical_protein	AF-A8L3W5-F1-model_v4	DESULFOASV1_0732_hypothetical_protein	AF-A8L3W5-F1-model_v4 ATP synthase subunit beta	0.112	204	147	93	259	139	342	1.312E-04	113
DESULFOASV1_0732_hypothetical_protein	AF-P63675-F1-model_v4	DESULFOASV1_0732_hypothetical_protein	AF-P63675-F1-model_v4 ATP synthase subunit alpha	0.148	232	152	81	259	114	345	8.049E-05	113
DESULFOASV1_0732_hypothetical_protein	AF-Q2FWE8-F1-model_v4	DESULFOASV1_0732_hypothetical_protein	AF-Q2FWE8-F1-model_v4 ATP synthase subunit alpha	0.161	232	149	81	259	114	345	7.123E-05	113
DESULFOASV1_0732_hypothetical_protein	AF-Q74K17-F1-model_v4	DESULFOASV1_0732_hypothetical_protein	AF-Q74K17-F1-model_v4 ATP synthase subunit alpha	0.162	211	138	94	259	135	345	1.576E-04	113
DESULFOASV1_0732_hypothetical_protein	AF-B2TJZ8-F1-model_v4	DESULFOASV1_0732_hypothetical_protein	AF-B2TJZ8-F1-model_v4 ATP synthase subunit alpha	0.102	211	148	94	259	135	345	2.902E-04	113
DESULFOASV1_0732_hypothetical_protein	AF-B2UZJ8-F1-model_v4	DESULFOASV1_0732_hypothetical_protein	AF-B2UZJ8-F1-model_v4 ATP synthase subunit alpha	0.097	211	149	94	259	135	345	2.273E-04	113
DESULFOASV1_0732_hypothetical_protein	AF-A4TSJ1-F1-model_v4	DESULFOASV1_0732_hypothetical_protein	AF-A4TSJ1-F1-model_v4 ATP synthase subunit alpha	0.129	219	141	97	259	138	356	1.482E-04	113
DESULFOASV1_0732_hypothetical_protein	AF-A4IW22-F1-model_v4	DESULFOASV1_0732_hypothetical_protein	AF-A4IW22-F1-model_v4 ATP synthase subunit alpha	0.127	224	141	95	257	131	354	1.482E-04	113
DESULFOASV1_0732_hypothetical_protein	AF-Q0A4M6-F1-model_v4	DESULFOASV1_0732_hypothetical_protein	AF-Q0A4M6-F1-model_v4 ATP synthase subunit alpha	0.156	226	138	95	259	131	356	5.579E-05	113
DESULFOASV1_0732_hypothetical_protein	AF-Q14K08-F1-model_v4	DESULFOASV1_0732_hypothetical_protein	AF-Q14K08-F1-model_v4 ATP synthase subunit alpha	0.132	224	141	95	257	131	354	1.234E-04	113
DESULFOASV1_0732_hypothetical_protein	AF-B7V793-F1-model_v4	DESULFOASV1_0732_hypothetical_protein	AF-B7V793-F1-model_v4 ATP synthase subunit alpha	0.141	224	139	95	257	132	355	2.012E-04	113
DESULFOASV1_0732_hypothetical_protein	AF-Q5X0P1-F1-model_v4	DESULFOASV1_0732_hypothetical_protein	AF-Q5X0P1-F1-model_v4 ATP synthase subunit alpha 2	0.148	226	140	95	259	135	360	1.234E-04	113
DESULFOASV1_0732_hypothetical_protein	AF-A5III5-F1-model_v4	DESULFOASV1_0732_hypothetical_protein	AF-A5III5-F1-model_v4 ATP synthase subunit alpha 2	0.152	226	139	95	259	135	360	1.234E-04	113
DESULFOASV1_0732_hypothetical_protein	AF-A1TJ39-F1-model_v4	DESULFOASV1_0732_hypothetical_protein	AF-A1TJ39-F1-model_v4 ATP synthase subunit alpha	0.141	243	153	81	259	119	361	6.304E-05	113
DESULFOASV1_0732_hypothetical_protein	AF-A9WGS6-F1-model_v4	DESULFOASV1_0732_hypothetical_protein	AF-A9WGS6-F1-model_v4 ATP synthase subunit alpha	0.121	224	145	94	259	137	360	5.579E-05	113
DESULFOASV1_0732_hypothetical_protein	AF-Q3AUA7-F1-model_v4	DESULFOASV1_0732_hypothetical_protein	AF-Q3AUA7-F1-model_v4 ATP synthase subunit alpha	0.114	225	143	98	259	141	365	7.123E-05	113
DESULFOASV1_0732_hypothetical_protein	AF-B0BRX2-F1-model_v4	DESULFOASV1_0732_hypothetical_protein	AF-B0BRX2-F1-model_v4 ATP synthase subunit beta	0.094	188	136	107	257	131	318	2.902E-04	112
DESULFOASV1_0732_hypothetical_protein	AF-Q0BK84-F1-model_v4	DESULFOASV1_0732_hypothetical_protein	AF-Q0BK84-F1-model_v4 ATP synthase subunit beta	0.086	212	150	95	259	110	321	4.111E-05	112
DESULFOASV1_0732_hypothetical_protein	AF-B4TAX2-F1-model_v4	DESULFOASV1_0732_hypothetical_protein	AF-B4TAX2-F1-model_v4 ATP synthase subunit beta	0.073	210	150	95	257	112	321	2.850E-05	112
DESULFOASV1_0732_hypothetical_protein	AF-Q9JXQ2-F1-model_v4	DESULFOASV1_0732_hypothetical_protein	AF-Q9JXQ2-F1-model_v4 ATP synthase subunit beta	0.090	216	147	95	257	110	325	5.249E-05	112
DESULFOASV1_0732_hypothetical_protein	AF-Q2JIV9-F1-model_v4	DESULFOASV1_0732_hypothetical_protein	AF-Q2JIV9-F1-model_v4 ATP synthase subunit beta	0.115	228	156	81	257	108	335	5.931E-05	112
DESULFOASV1_0732_hypothetical_protein	AF-P50000-F1-model_v4	DESULFOASV1_0732_hypothetical_protein	AF-P50000-F1-model_v4 ATP synthase subunit alpha, sodium ion specific	0.130	229	154	80	257	113	341	9.095E-05	112
DESULFOASV1_0732_hypothetical_protein	AF-Q5FKY2-F1-model_v4	DESULFOASV1_0732_hypothetical_protein	AF-Q5FKY2-F1-model_v4 ATP synthase subunit alpha	0.162	211	138	94	259	135	345	1.234E-04	112
DESULFOASV1_0732_hypothetical_protein	AF-A3PET9-F1-model_v4	DESULFOASV1_0732_hypothetical_protein	AF-A3PET9-F1-model_v4 ATP synthase subunit alpha	0.101	211	148	94	259	136	346	1.234E-04	112
DESULFOASV1_0732_hypothetical_protein	AF-Q601Z7-F1-model_v4	DESULFOASV1_0732_hypothetical_protein	AF-Q601Z7-F1-model_v4 ATP synthase subunit alpha	0.129	211	144	94	259	134	344	3.939E-04	112
DESULFOASV1_0732_hypothetical_protein	AF-Q82XQ0-F1-model_v4	DESULFOASV1_0732_hypothetical_protein	AF-Q82XQ0-F1-model_v4 ATP synthase subunit alpha	0.134	226	142	95	259	131	356	9.095E-05	112
DESULFOASV1_0732_hypothetical_protein	AF-B2SEX9-F1-model_v4	DESULFOASV1_0732_hypothetical_protein	AF-B2SEX9-F1-model_v4 ATP synthase subunit alpha	0.127	224	141	95	257	131	354	1.675E-04	112
DESULFOASV1_0732_hypothetical_protein	AF-Q2A1I0-F1-model_v4	DESULFOASV1_0732_hypothetical_protein	AF-Q2A1I0-F1-model_v4 ATP synthase subunit alpha	0.140	224	139	95	257	131	354	1.161E-04	112
DESULFOASV1_0732_hypothetical_protein	AF-Q1QSC8-F1-model_v4	DESULFOASV1_0732_hypothetical_protein	AF-Q1QSC8-F1-model_v4 ATP synthase subunit alpha	0.140	224	139	95	257	132	355	1.482E-04	112
DESULFOASV1_0732_hypothetical_protein	AF-A1KW13-F1-model_v4	DESULFOASV1_0732_hypothetical_protein	AF-A1KW13-F1-model_v4 ATP synthase subunit alpha	0.128	222	144	94	259	135	356	2.012E-04	112
DESULFOASV1_0732_hypothetical_protein	AF-Q9XPJ9-F1-model_v4	DESULFOASV1_0732_hypothetical_protein	AF-Q9XPJ9-F1-model_v4 ATP synthase subunit alpha, mitochondrial	0.110	194	135	107	259	172	365	4.187E-04	112
DESULFOASV1_0732_hypothetical_protein	AF-A1BJF5-F1-model_v4	DESULFOASV1_0732_hypothetical_protein	AF-A1BJF5-F1-model_v4 ATP synthase subunit alpha	0.140	225	138	98	259	141	365	6.304E-05	112
DESULFOASV1_0732_hypothetical_protein	AF-Q9PR12-F1-model_v4	DESULFOASV1_0732_hypothetical_protein	AF-Q9PR12-F1-model_v4 ATP synthase subunit alpha	0.146	214	139	94	257	131	344	9.095E-05	112
DESULFOASV1_0732_hypothetical_protein	AF-Q1QSD0-F1-model_v4	DESULFOASV1_0732_hypothetical_protein	AF-Q1QSD0-F1-model_v4 ATP synthase subunit beta	0.076	188	139	107	257	131	318	8.049E-05	111
DESULFOASV1_0732_hypothetical_protein	AF-B1KQ34-F1-model_v4	DESULFOASV1_0732_hypothetical_protein	AF-B1KQ34-F1-model_v4 ATP synthase subunit beta	0.076	200	151	94	257	120	319	1.161E-04	111
DESULFOASV1_0732_hypothetical_protein	AF-B2SEY1-F1-model_v4	DESULFOASV1_0732_hypothetical_protein	AF-B2SEY1-F1-model_v4 ATP synthase subunit beta	0.086	210	148	95	257	110	319	2.850E-05	111
DESULFOASV1_0732_hypothetical_protein	AF-Q2S6P1-F1-model_v4	DESULFOASV1_0732_hypothetical_protein	AF-Q2S6P1-F1-model_v4 ATP synthase subunit beta	0.085	188	137	107	257	132	319	1.028E-04	111
DESULFOASV1_0732_hypothetical_protein	AF-Q1R4K2-F1-model_v4	DESULFOASV1_0732_hypothetical_protein	AF-Q1R4K2-F1-model_v4 ATP synthase subunit beta	0.077	210	150	95	257	112	321	4.938E-05	111
DESULFOASV1_0732_hypothetical_protein	AF-B5RFW3-F1-model_v4	DESULFOASV1_0732_hypothetical_protein	AF-B5RFW3-F1-model_v4 ATP synthase subunit beta	0.073	210	150	95	257	112	321	3.220E-05	111
DESULFOASV1_0732_hypothetical_protein	AF-Q1LHL0-F1-model_v4	DESULFOASV1_0732_hypothetical_protein	AF-Q1LHL0-F1-model_v4 ATP synthase subunit beta	0.104	206	146	94	257	122	327	2.569E-04	111
DESULFOASV1_0732_hypothetical_protein	AF-B8DWS2-F1-model_v4	DESULFOASV1_0732_hypothetical_protein	AF-B8DWS2-F1-model_v4 ATP synthase subunit beta	0.090	202	149	93	257	149	350	1.312E-04	111
DESULFOASV1_0732_hypothetical_protein	AF-Q313V8-F1-model_v4	DESULFOASV1_0732_hypothetical_protein	AF-Q313V8-F1-model_v4 ATP synthase subunit alpha	0.133	211	143	94	259	135	345	1.028E-04	111
DESULFOASV1_0732_hypothetical_protein	AF-A6QB61-F1-model_v4	DESULFOASV1_0732_hypothetical_protein	AF-A6QB61-F1-model_v4 ATP synthase subunit alpha	0.118	211	146	94	259	137	347	1.781E-04	111
DESULFOASV1_0732_hypothetical_protein	AF-Q3JXV6-F1-model_v4	DESULFOASV1_0732_hypothetical_protein	AF-Q3JXV6-F1-model_v4 ATP synthase subunit alpha 1	0.142	243	153	81	259	114	356	8.556E-05	111
DESULFOASV1_0732_hypothetical_protein	AF-Q1GXM8-F1-model_v4	DESULFOASV1_0732_hypothetical_protein	AF-Q1GXM8-F1-model_v4 ATP synthase subunit alpha	0.121	243	156	81	259	114	356	1.092E-04	111
DESULFOASV1_0732_hypothetical_protein	AF-C3K1E8-F1-model_v4	DESULFOASV1_0732_hypothetical_protein	AF-C3K1E8-F1-model_v4 ATP synthase subunit alpha	0.141	224	139	95	257	132	355	2.730E-04	111
DESULFOASV1_0732_hypothetical_protein	AF-Q48BG3-F1-model_v4	DESULFOASV1_0732_hypothetical_protein	AF-Q48BG3-F1-model_v4 ATP synthase subunit alpha	0.132	224	141	95	257	132	355	2.139E-04	111
DESULFOASV1_0732_hypothetical_protein	AF-A1WF56-F1-model_v4	DESULFOASV1_0732_hypothetical_protein	AF-A1WF56-F1-model_v4 ATP synthase subunit alpha	0.137	243	154	81	259	119	361	8.556E-05	111
DESULFOASV1_0732_hypothetical_protein	AF-Q1I2I7-F1-model_v4	DESULFOASV1_0732_hypothetical_protein	AF-Q1I2I7-F1-model_v4 ATP synthase subunit beta	0.073	210	150	95	257	110	319	3.220E-05	110
DESULFOASV1_0732_hypothetical_protein	AF-A6TG36-F1-model_v4	DESULFOASV1_0732_hypothetical_protein	AF-A6TG36-F1-model_v4 ATP synthase subunit beta	0.082	210	149	95	257	112	321	3.638E-05	110
DESULFOASV1_0732_hypothetical_protein	AF-B2TUP3-F1-model_v4	DESULFOASV1_0732_hypothetical_protein	AF-B2TUP3-F1-model_v4 ATP synthase subunit beta	0.082	210	149	95	257	112	321	5.931E-05	110
DESULFOASV1_0732_hypothetical_protein	AF-A9MJR9-F1-model_v4	DESULFOASV1_0732_hypothetical_protein	AF-A9MJR9-F1-model_v4 ATP synthase subunit beta	0.073	210	150	95	257	112	321	3.868E-05	110
DESULFOASV1_0732_hypothetical_protein	AF-A9R5T9-F1-model_v4	DESULFOASV1_0732_hypothetical_protein	AF-A9R5T9-F1-model_v4 ATP synthase subunit beta	0.082	210	149	95	257	112	321	4.111E-05	110
DESULFOASV1_0732_hypothetical_protein	AF-Q1CCH5-F1-model_v4	DESULFOASV1_0732_hypothetical_protein	AF-Q1CCH5-F1-model_v4 ATP synthase subunit beta	0.073	210	150	95	257	112	321	4.111E-05	110
DESULFOASV1_0732_hypothetical_protein	AF-B8FZ34-F1-model_v4	DESULFOASV1_0732_hypothetical_protein	AF-B8FZ34-F1-model_v4 ATP synthase subunit beta	0.089	204	146	97	257	121	324	6.304E-05	110
DESULFOASV1_0732_hypothetical_protein	AF-A9HY42-F1-model_v4	DESULFOASV1_0732_hypothetical_protein	AF-A9HY42-F1-model_v4 ATP synthase subunit beta	0.087	188	137	107	257	139	326	2.730E-04	110
DESULFOASV1_0732_hypothetical_protein	AF-Q2KU36-F1-model_v4	DESULFOASV1_0732_hypothetical_protein	AF-Q2KU36-F1-model_v4 ATP synthase subunit beta	0.097	210	147	94	257	117	326	7.572E-05	110
DESULFOASV1_0732_hypothetical_protein	AF-P29707-F1-model_v4	DESULFOASV1_0732_hypothetical_protein	AF-P29707-F1-model_v4 ATP synthase subunit beta, sodium ion specific	0.104	201	146	94	257	123	323	2.730E-04	110
DESULFOASV1_0732_hypothetical_protein	AF-Q2J6N3-F1-model_v4	DESULFOASV1_0732_hypothetical_protein	AF-Q2J6N3-F1-model_v4 ATP synthase subunit beta	0.112	204	147	93	259	139	342	2.012E-04	110
DESULFOASV1_0732_hypothetical_protein	AF-A1SS55-F1-model_v4	DESULFOASV1_0732_hypothetical_protein	AF-A1SS55-F1-model_v4 ATP synthase subunit beta 1	0.117	208	148	89	257	122	329	9.845E-04	110
DESULFOASV1_0732_hypothetical_protein	AF-Q13XV3-F1-model_v4	DESULFOASV1_0732_hypothetical_protein	AF-Q13XV3-F1-model_v4 ATP synthase subunit beta 1	0.108	189	134	107	257	151	339	1.312E-04	110
DESULFOASV1_0732_hypothetical_protein	AF-Q6AQ12-F1-model_v4	DESULFOASV1_0732_hypothetical_protein	AF-Q6AQ12-F1-model_v4 ATP synthase subunit alpha	0.124	211	145	94	259	135	345	2.730E-04	110
DESULFOASV1_0732_hypothetical_protein	AF-Q0AJB2-F1-model_v4	DESULFOASV1_0732_hypothetical_protein	AF-Q0AJB2-F1-model_v4 ATP synthase subunit alpha 1	0.128	222	144	94	259	135	356	1.893E-04	110
DESULFOASV1_0732_hypothetical_protein	AF-Q2YCA5-F1-model_v4	DESULFOASV1_0732_hypothetical_protein	AF-Q2YCA5-F1-model_v4 ATP synthase subunit alpha 1	0.152	226	139	95	259	131	356	1.312E-04	110
DESULFOASV1_0732_hypothetical_protein	AF-A5CVI8-F1-model_v4	DESULFOASV1_0732_hypothetical_protein	AF-A5CVI8-F1-model_v4 ATP synthase subunit alpha	0.110	222	147	94	259	135	356	1.781E-04	110
DESULFOASV1_0732_hypothetical_protein	AF-Q60CR6-F1-model_v4	DESULFOASV1_0732_hypothetical_protein	AF-Q60CR6-F1-model_v4 ATP synthase subunit alpha 1	0.123	224	142	95	257	131	354	6.701E-05	110
DESULFOASV1_0732_hypothetical_protein	AF-Q2STE7-F1-model_v4	DESULFOASV1_0732_hypothetical_protein	AF-Q2STE7-F1-model_v4 ATP synthase subunit alpha 1	0.138	243	153	81	259	114	356	7.572E-05	110
DESULFOASV1_0732_hypothetical_protein	AF-A3P0Z2-F1-model_v4	DESULFOASV1_0732_hypothetical_protein	AF-A3P0Z2-F1-model_v4 ATP synthase subunit alpha 1	0.145	243	152	81	259	114	356	7.123E-05	110
DESULFOASV1_0732_hypothetical_protein	AF-Q39KX8-F1-model_v4	DESULFOASV1_0732_hypothetical_protein	AF-Q39KX8-F1-model_v4 ATP synthase subunit alpha	0.151	222	140	94	259	135	356	2.730E-04	110
DESULFOASV1_0732_hypothetical_protein	AF-Q4A602-F1-model_v4	DESULFOASV1_0732_hypothetical_protein	AF-Q4A602-F1-model_v4 ATP synthase subunit alpha	0.121	215	144	95	259	131	345	2.730E-04	110
DESULFOASV1_0732_hypothetical_protein	AF-A4VS62-F1-model_v4	DESULFOASV1_0732_hypothetical_protein	AF-A4VS62-F1-model_v4 ATP synthase subunit beta	0.071	188	139	107	257	132	319	1.028E-04	109
DESULFOASV1_0732_hypothetical_protein	AF-A1AXU2-F1-model_v4	DESULFOASV1_0732_hypothetical_protein	AF-A1AXU2-F1-model_v4 ATP synthase subunit beta	0.085	188	137	107	257	132	319	8.556E-05	109
DESULFOASV1_0732_hypothetical_protein	AF-B7LK77-F1-model_v4	DESULFOASV1_0732_hypothetical_protein	AF-B7LK77-F1-model_v4 ATP synthase subunit beta	0.082	210	149	95	257	112	321	7.572E-05	109
DESULFOASV1_0732_hypothetical_protein	AF-B7NF48-F1-model_v4	DESULFOASV1_0732_hypothetical_protein	AF-B7NF48-F1-model_v4 ATP synthase subunit beta	0.077	210	150	95	257	112	321	5.931E-05	109
DESULFOASV1_0732_hypothetical_protein	AF-Q31UN2-F1-model_v4	DESULFOASV1_0732_hypothetical_protein	AF-Q31UN2-F1-model_v4 ATP synthase subunit beta	0.084	210	148	95	257	112	321	9.667E-05	109
DESULFOASV1_0732_hypothetical_protein	AF-Q0HPG1-F1-model_v4	DESULFOASV1_0732_hypothetical_protein	AF-Q0HPG1-F1-model_v4 ATP synthase subunit beta	0.076	200	151	94	257	124	323	1.395E-04	109
DESULFOASV1_0732_hypothetical_protein	AF-A4SUT4-F1-model_v4	DESULFOASV1_0732_hypothetical_protein	AF-A4SUT4-F1-model_v4 ATP synthase subunit beta	0.111	227	156	81	257	101	327	7.123E-05	109
DESULFOASV1_0732_hypothetical_protein	AF-Q72SX9-F1-model_v4	DESULFOASV1_0732_hypothetical_protein	AF-Q72SX9-F1-model_v4 ATP synthase subunit beta	0.086	201	149	94	257	126	326	2.730E-04	109
DESULFOASV1_0732_hypothetical_protein	AF-Q4JUK0-F1-model_v4	DESULFOASV1_0732_hypothetical_protein	AF-Q4JUK0-F1-model_v4 ATP synthase subunit beta	0.096	202	148	93	257	138	339	5.029E-04	109
DESULFOASV1_0732_hypothetical_protein	AF-B8FGT6-F1-model_v4	DESULFOASV1_0732_hypothetical_protein	AF-B8FGT6-F1-model_v4 ATP synthase subunit alpha	0.127	213	141	95	257	131	343	2.730E-04	109
DESULFOASV1_0732_hypothetical_protein	AF-A8MJW1-F1-model_v4	DESULFOASV1_0732_hypothetical_protein	AF-A8MJW1-F1-model_v4 ATP synthase subunit alpha	0.105	211	148	94	259	135	345	2.569E-04	109
DESULFOASV1_0732_hypothetical_protein	AF-Q4AAV9-F1-model_v4	DESULFOASV1_0732_hypothetical_protein	AF-Q4AAV9-F1-model_v4 ATP synthase subunit alpha	0.133	211	143	94	259	134	344	4.187E-04	109
DESULFOASV1_0732_hypothetical_protein	AF-Q6MGM5-F1-model_v4	DESULFOASV1_0732_hypothetical_protein	AF-Q6MGM5-F1-model_v4 ATP synthase subunit alpha	0.143	230	151	81	257	116	345	8.049E-05	109
DESULFOASV1_0732_hypothetical_protein	AF-B7LK79-F1-model_v4	DESULFOASV1_0732_hypothetical_protein	AF-B7LK79-F1-model_v4 ATP synthase subunit alpha	0.144	219	139	97	259	138	356	1.781E-04	109
DESULFOASV1_0732_hypothetical_protein	AF-Q1BRA8-F1-model_v4	DESULFOASV1_0732_hypothetical_protein	AF-Q1BRA8-F1-model_v4 ATP synthase subunit alpha	0.146	243	152	81	259	114	356	1.395E-04	109
DESULFOASV1_0732_hypothetical_protein	AF-Q87TT2-F1-model_v4	DESULFOASV1_0732_hypothetical_protein	AF-Q87TT2-F1-model_v4 ATP synthase subunit alpha	0.136	224	140	95	257	132	355	2.273E-04	109
DESULFOASV1_0732_hypothetical_protein	AF-Q2YCA3-F1-model_v4	DESULFOASV1_0732_hypothetical_protein	AF-Q2YCA3-F1-model_v4 ATP synthase subunit beta 1	0.086	188	137	107	257	132	319	1.312E-04	108
DESULFOASV1_0732_hypothetical_protein	AF-A8A6J5-F1-model_v4	DESULFOASV1_0732_hypothetical_protein	AF-A8A6J5-F1-model_v4 ATP synthase subunit beta	0.078	210	149	95	257	112	321	7.123E-05	108
DESULFOASV1_0732_hypothetical_protein	AF-C6DJH2-F1-model_v4	DESULFOASV1_0732_hypothetical_protein	AF-C6DJH2-F1-model_v4 ATP synthase subunit beta	0.082	210	149	95	257	112	321	4.111E-05	108
DESULFOASV1_0732_hypothetical_protein	AF-B8EDV0-F1-model_v4	DESULFOASV1_0732_hypothetical_protein	AF-B8EDV0-F1-model_v4 ATP synthase subunit beta	0.068	210	151	95	257	114	323	3.868E-05	108
DESULFOASV1_0732_hypothetical_protein	AF-Q601Z5-F1-model_v4	DESULFOASV1_0732_hypothetical_protein	AF-Q601Z5-F1-model_v4 ATP synthase subunit beta	0.091	213	149	95	259	116	328	8.049E-05	108
DESULFOASV1_0732_hypothetical_protein	AF-A9NGW4-F1-model_v4	DESULFOASV1_0732_hypothetical_protein	AF-A9NGW4-F1-model_v4 ATP synthase subunit alpha	0.123	210	147	89	257	135	344	3.279E-04	108
DESULFOASV1_0732_hypothetical_protein	AF-Q72E02-F1-model_v4	DESULFOASV1_0732_hypothetical_protein	AF-Q72E02-F1-model_v4 ATP synthase subunit alpha	0.111	211	147	94	259	135	345	2.416E-04	108
DESULFOASV1_0732_hypothetical_protein	AF-A1U7H6-F1-model_v4	DESULFOASV1_0732_hypothetical_protein	AF-A1U7H6-F1-model_v4 ATP synthase subunit alpha	0.145	224	139	95	257	132	355	1.395E-04	108
DESULFOASV1_0732_hypothetical_protein	AF-P33252-F1-model_v4	DESULFOASV1_0732_hypothetical_protein	AF-P33252-F1-model_v4 ATP synthase subunit alpha	0.119	211	145	94	259	136	346	2.012E-04	108
DESULFOASV1_0732_hypothetical_protein	AF-Q2LCQ7-F1-model_v4	DESULFOASV1_0732_hypothetical_protein	AF-Q2LCQ7-F1-model_v4 ATP synthase subunit alpha, mitochondrial	0.112	236	158	81	259	130	365	2.569E-04	108
DESULFOASV1_0732_hypothetical_protein	AF-P0ABB6-F1-model_v4	DESULFOASV1_0732_hypothetical_protein	AF-P0ABB6-F1-model_v4 ATP synthase subunit beta	0.076	210	150	95	257	112	321	4.111E-05	107
DESULFOASV1_0732_hypothetical_protein	AF-B7UMJ7-F1-model_v4	DESULFOASV1_0732_hypothetical_protein	AF-B7UMJ7-F1-model_v4 ATP synthase subunit beta	0.092	210	147	95	257	112	321	1.161E-04	107
DESULFOASV1_0732_hypothetical_protein	AF-Q6CYJ5-F1-model_v4	DESULFOASV1_0732_hypothetical_protein	AF-Q6CYJ5-F1-model_v4 ATP synthase subunit beta	0.078	210	149	95	257	112	321	6.304E-05	107
DESULFOASV1_0732_hypothetical_protein	AF-A1AHR4-F1-model_v4	DESULFOASV1_0732_hypothetical_protein	AF-A1AHR4-F1-model_v4 ATP synthase subunit beta	0.077	210	150	95	257	112	321	8.049E-05	107
DESULFOASV1_0732_hypothetical_protein	AF-Q57HX9-F1-model_v4	DESULFOASV1_0732_hypothetical_protein	AF-Q57HX9-F1-model_v4 ATP synthase subunit beta	0.086	210	148	95	257	112	321	5.579E-05	107
DESULFOASV1_0732_hypothetical_protein	AF-P0ABB7-F1-model_v4	DESULFOASV1_0732_hypothetical_protein	AF-P0ABB7-F1-model_v4 ATP synthase subunit beta	0.077	210	150	95	257	112	321	5.249E-05	107
DESULFOASV1_0732_hypothetical_protein	AF-Q7CPE2-F1-model_v4	DESULFOASV1_0732_hypothetical_protein	AF-Q7CPE2-F1-model_v4 ATP synthase subunit beta	0.083	210	149	95	257	112	321	7.123E-05	107
DESULFOASV1_0732_hypothetical_protein	AF-B2K847-F1-model_v4	DESULFOASV1_0732_hypothetical_protein	AF-B2K847-F1-model_v4 ATP synthase subunit beta	0.082	210	149	95	257	112	321	4.111E-05	107
DESULFOASV1_0732_hypothetical_protein	AF-Q7CFM8-F1-model_v4	DESULFOASV1_0732_hypothetical_protein	AF-Q7CFM8-F1-model_v4 ATP synthase subunit beta	0.074	210	150	95	257	112	321	8.049E-05	107
DESULFOASV1_0732_hypothetical_protein	AF-B5BIN6-F1-model_v4	DESULFOASV1_0732_hypothetical_protein	AF-B5BIN6-F1-model_v4 ATP synthase subunit beta	0.077	210	150	95	257	112	321	7.123E-05	107
DESULFOASV1_0732_hypothetical_protein	AF-B2UZK0-F1-model_v4	DESULFOASV1_0732_hypothetical_protein	AF-B2UZK0-F1-model_v4 ATP synthase subunit beta	0.118	209	150	89	259	117	325	1.781E-04	107
DESULFOASV1_0732_hypothetical_protein	AF-Q7VU44-F1-model_v4	DESULFOASV1_0732_hypothetical_protein	AF-Q7VU44-F1-model_v4 ATP synthase subunit beta	0.102	210	146	94	257	117	326	1.312E-04	107
DESULFOASV1_0732_hypothetical_protein	AF-P33253-F1-model_v4	DESULFOASV1_0732_hypothetical_protein	AF-P33253-F1-model_v4 ATP synthase subunit beta	0.110	203	147	94	259	128	330	2.569E-04	107
DESULFOASV1_0732_hypothetical_protein	AF-Q5WSG6-F1-model_v4	DESULFOASV1_0732_hypothetical_protein	AF-Q5WSG6-F1-model_v4 ATP synthase subunit alpha	0.142	226	141	95	259	135	360	2.139E-04	107
DESULFOASV1_0732_hypothetical_protein	AF-Q3B1F4-F1-model_v4	DESULFOASV1_0732_hypothetical_protein	AF-Q3B1F4-F1-model_v4 ATP synthase subunit alpha 2	0.130	225	140	98	259	141	365	1.675E-04	107
DESULFOASV1_0732_hypothetical_protein	AF-B0UWG5-F1-model_v4	DESULFOASV1_0732_hypothetical_protein	AF-B0UWG5-F1-model_v4 ATP synthase subunit beta	0.083	210	149	95	257	109	318	1.234E-04	106
DESULFOASV1_0732_hypothetical_protein	AF-Q0I5X3-F1-model_v4	DESULFOASV1_0732_hypothetical_protein	AF-Q0I5X3-F1-model_v4 ATP synthase subunit beta	0.073	210	150	95	257	109	318	7.123E-05	106
DESULFOASV1_0732_hypothetical_protein	AF-C1D5G2-F1-model_v4	DESULFOASV1_0732_hypothetical_protein	AF-C1D5G2-F1-model_v4 ATP synthase subunit beta	0.077	211	150	94	257	109	319	5.579E-05	106
DESULFOASV1_0732_hypothetical_protein	AF-Q0A4M8-F1-model_v4	DESULFOASV1_0732_hypothetical_protein	AF-Q0A4M8-F1-model_v4 ATP synthase subunit beta	0.081	188	138	107	257	132	319	2.416E-04	106
DESULFOASV1_0732_hypothetical_protein	AF-B1JRN2-F1-model_v4	DESULFOASV1_0732_hypothetical_protein	AF-B1JRN2-F1-model_v4 ATP synthase subunit beta	0.073	210	150	95	257	112	321	7.123E-05	106
DESULFOASV1_0732_hypothetical_protein	AF-A4TSJ3-F1-model_v4	DESULFOASV1_0732_hypothetical_protein	AF-A4TSJ3-F1-model_v4 ATP synthase subunit beta	0.088	210	148	95	257	112	321	1.234E-04	106
DESULFOASV1_0732_hypothetical_protein	AF-B5XZM4-F1-model_v4	DESULFOASV1_0732_hypothetical_protein	AF-B5XZM4-F1-model_v4 ATP synthase subunit beta	0.077	210	150	95	257	112	321	5.931E-05	106
DESULFOASV1_0732_hypothetical_protein	AF-B1IX06-F1-model_v4	DESULFOASV1_0732_hypothetical_protein	AF-B1IX06-F1-model_v4 ATP synthase subunit beta	0.073	210	150	95	257	112	321	6.701E-05	106
DESULFOASV1_0732_hypothetical_protein	AF-B5EYZ6-F1-model_v4	DESULFOASV1_0732_hypothetical_protein	AF-B5EYZ6-F1-model_v4 ATP synthase subunit beta	0.073	210	150	95	257	112	321	7.123E-05	106
DESULFOASV1_0732_hypothetical_protein	AF-Q83AF5-F1-model_v4	DESULFOASV1_0732_hypothetical_protein	AF-Q83AF5-F1-model_v4 ATP synthase subunit beta	0.090	210	147	95	257	113	322	3.423E-05	106
DESULFOASV1_0732_hypothetical_protein	AF-A4YCH8-F1-model_v4	DESULFOASV1_0732_hypothetical_protein	AF-A4YCH8-F1-model_v4 ATP synthase subunit beta	0.073	210	150	95	257	114	323	4.111E-05	106
DESULFOASV1_0732_hypothetical_protein	AF-B1YQL4-F1-model_v4	DESULFOASV1_0732_hypothetical_protein	AF-B1YQL4-F1-model_v4 ATP synthase subunit beta	0.108	227	157	81	257	98	324	1.675E-04	106
DESULFOASV1_0732_hypothetical_protein	AF-Q24MP1-F1-model_v4	DESULFOASV1_0732_hypothetical_protein	AF-Q24MP1-F1-model_v4 ATP synthase subunit beta	0.089	204	146	97	257	121	324	1.161E-04	106
DESULFOASV1_0732_hypothetical_protein	AF-B3QUP6-F1-model_v4	DESULFOASV1_0732_hypothetical_protein	AF-B3QUP6-F1-model_v4 ATP synthase subunit beta	0.106	201	146	94	257	123	323	2.902E-04	106
DESULFOASV1_0732_hypothetical_protein	AF-A9M123-F1-model_v4	DESULFOASV1_0732_hypothetical_protein	AF-A9M123-F1-model_v4 ATP synthase subunit beta	0.095	216	147	95	257	110	325	1.482E-04	106
DESULFOASV1_0732_hypothetical_protein	AF-B1W0A3-F1-model_v4	DESULFOASV1_0732_hypothetical_protein	AF-B1W0A3-F1-model_v4 ATP synthase subunit beta	0.109	206	153	93	265	137	342	1.781E-04	106
DESULFOASV1_0732_hypothetical_protein	AF-A1VFJ3-F1-model_v4	DESULFOASV1_0732_hypothetical_protein	AF-A1VFJ3-F1-model_v4 ATP synthase subunit alpha	0.114	211	146	94	259	135	345	3.279E-04	106
DESULFOASV1_0732_hypothetical_protein	AF-B0SLC6-F1-model_v4	DESULFOASV1_0732_hypothetical_protein	AF-B0SLC6-F1-model_v4 ATP synthase subunit alpha	0.114	233	158	81	259	114	346	3.029E-05	106
DESULFOASV1_0732_hypothetical_protein	AF-B0YPM5-F1-model_v4	DESULFOASV1_0732_hypothetical_protein	AF-B0YPM5-F1-model_v4 ATP synthase subunit alpha, plastid	0.110	211	147	94	259	136	346	3.279E-04	106
DESULFOASV1_0732_hypothetical_protein	AF-Q8EWZ0-F1-model_v4	DESULFOASV1_0732_hypothetical_protein	AF-Q8EWZ0-F1-model_v4 ATP synthase subunit alpha	0.122	214	143	94	257	130	343	2.569E-04	106
DESULFOASV1_0732_hypothetical_protein	AF-B0TWS5-F1-model_v4	DESULFOASV1_0732_hypothetical_protein	AF-B0TWS5-F1-model_v4 ATP synthase subunit alpha	0.127	224	141	95	257	131	354	1.482E-04	106
DESULFOASV1_0732_hypothetical_protein	AF-B3EHU6-F1-model_v4	DESULFOASV1_0732_hypothetical_protein	AF-B3EHU6-F1-model_v4 ATP synthase subunit alpha	0.134	225	139	98	259	141	365	1.395E-04	106
DESULFOASV1_0732_hypothetical_protein	AF-Q5ZRA1-F1-model_v4	DESULFOASV1_0732_hypothetical_protein	AF-Q5ZRA1-F1-model_v4 ATP synthase subunit beta	0.076	188	139	107	257	132	319	2.012E-04	105
DESULFOASV1_0732_hypothetical_protein	AF-B0TWS7-F1-model_v4	DESULFOASV1_0732_hypothetical_protein	AF-B0TWS7-F1-model_v4 ATP synthase subunit beta	0.082	210	149	95	257	110	319	7.123E-05	105
DESULFOASV1_0732_hypothetical_protein	AF-B0TQF4-F1-model_v4	DESULFOASV1_0732_hypothetical_protein	AF-B0TQF4-F1-model_v4 ATP synthase subunit beta	0.071	188	139	107	257	132	319	1.675E-04	105
DESULFOASV1_0732_hypothetical_protein	AF-A5CVI6-F1-model_v4	DESULFOASV1_0732_hypothetical_protein	AF-A5CVI6-F1-model_v4 ATP synthase subunit beta	0.089	206	148	94	257	114	319	1.312E-04	105
DESULFOASV1_0732_hypothetical_protein	AF-Q3YVN6-F1-model_v4	DESULFOASV1_0732_hypothetical_protein	AF-Q3YVN6-F1-model_v4 ATP synthase subunit beta	0.088	210	148	95	257	112	321	2.012E-04	105
DESULFOASV1_0732_hypothetical_protein	AF-Q329S1-F1-model_v4	DESULFOASV1_0732_hypothetical_protein	AF-Q329S1-F1-model_v4 ATP synthase subunit beta	0.077	210	150	95	257	112	321	7.572E-05	105
DESULFOASV1_0732_hypothetical_protein	AF-Q60CR4-F1-model_v4	DESULFOASV1_0732_hypothetical_protein	AF-Q60CR4-F1-model_v4 ATP synthase subunit beta	0.071	188	139	107	257	132	319	1.675E-04	105
DESULFOASV1_0732_hypothetical_protein	AF-A7MMW9-F1-model_v4	DESULFOASV1_0732_hypothetical_protein	AF-A7MMW9-F1-model_v4 ATP synthase subunit beta	0.073	210	150	95	257	112	321	8.049E-05	105
DESULFOASV1_0732_hypothetical_protein	AF-Q2NQ86-F1-model_v4	DESULFOASV1_0732_hypothetical_protein	AF-Q2NQ86-F1-model_v4 ATP synthase subunit beta	0.078	210	149	95	257	112	321	1.092E-04	105
DESULFOASV1_0732_hypothetical_protein	AF-A3DAR4-F1-model_v4	DESULFOASV1_0732_hypothetical_protein	AF-A3DAR4-F1-model_v4 ATP synthase subunit beta	0.073	210	150	95	257	114	323	7.123E-05	105
DESULFOASV1_0732_hypothetical_protein	AF-Q87E90-F1-model_v4	DESULFOASV1_0732_hypothetical_protein	AF-Q87E90-F1-model_v4 ATP synthase subunit beta	0.078	206	150	94	257	120	325	2.569E-04	105
DESULFOASV1_0732_hypothetical_protein	AF-Q5P4E4-F1-model_v4	DESULFOASV1_0732_hypothetical_protein	AF-Q5P4E4-F1-model_v4 ATP synthase subunit alpha	0.143	241	151	81	257	114	354	2.273E-04	105
DESULFOASV1_0732_hypothetical_protein	AF-Q62FR7-F1-model_v4	DESULFOASV1_0732_hypothetical_protein	AF-Q62FR7-F1-model_v4 ATP synthase subunit alpha 1	0.141	243	153	81	259	114	356	8.049E-05	105
DESULFOASV1_0732_hypothetical_protein	AF-A7NEH6-F1-model_v4	DESULFOASV1_0732_hypothetical_protein	AF-A7NEH6-F1-model_v4 ATP synthase subunit alpha	0.135	224	140	95	257	131	354	1.675E-04	105
DESULFOASV1_0732_hypothetical_protein	AF-Q8KAW8-F1-model_v4	DESULFOASV1_0732_hypothetical_protein	AF-Q8KAW8-F1-model_v4 ATP synthase subunit alpha	0.134	225	139	98	259	141	365	2.569E-04	105
DESULFOASV1_0732_hypothetical_protein	AF-C3K1E6-F1-model_v4	DESULFOASV1_0732_hypothetical_protein	AF-C3K1E6-F1-model_v4 ATP synthase subunit beta	0.073	210	150	95	257	110	319	8.556E-05	104
DESULFOASV1_0732_hypothetical_protein	AF-B8GRB8-F1-model_v4	DESULFOASV1_0732_hypothetical_protein	AF-B8GRB8-F1-model_v4 ATP synthase subunit beta	0.085	188	137	107	257	132	319	1.395E-04	104
DESULFOASV1_0732_hypothetical_protein	AF-Q8XGX4-F1-model_v4	DESULFOASV1_0732_hypothetical_protein	AF-Q8XGX4-F1-model_v4 ATP synthase subunit beta	0.083	210	149	95	257	112	321	2.273E-04	104
DESULFOASV1_0732_hypothetical_protein	AF-A9KX06-F1-model_v4	DESULFOASV1_0732_hypothetical_protein	AF-A9KX06-F1-model_v4 ATP synthase subunit beta	0.068	210	151	95	257	114	323	7.123E-05	104
DESULFOASV1_0732_hypothetical_protein	AF-A9AJG4-F1-model_v4	DESULFOASV1_0732_hypothetical_protein	AF-A9AJG4-F1-model_v4 ATP synthase subunit beta	0.102	227	158	81	257	98	324	1.234E-04	104
DESULFOASV1_0732_hypothetical_protein	AF-Q6AG58-F1-model_v4	DESULFOASV1_0732_hypothetical_protein	AF-Q6AG58-F1-model_v4 ATP synthase subunit beta	0.090	202	149	93	257	142	343	3.705E-04	104
DESULFOASV1_0732_hypothetical_protein	AF-Q8G7B3-F1-model_v4	DESULFOASV1_0732_hypothetical_protein	AF-Q8G7B3-F1-model_v4 ATP synthase subunit beta	0.088	202	150	93	257	144	345	2.139E-04	104
DESULFOASV1_0732_hypothetical_protein	AF-A8ZU99-F1-model_v4	DESULFOASV1_0732_hypothetical_protein	AF-A8ZU99-F1-model_v4 ATP synthase subunit alpha	0.117	214	144	94	257	130	343	3.705E-04	104
DESULFOASV1_0732_hypothetical_protein	AF-A0Q8E1-F1-model_v4	DESULFOASV1_0732_hypothetical_protein	AF-A0Q8E1-F1-model_v4 ATP synthase subunit alpha	0.136	224	140	95	257	131	354	3.085E-04	104
DESULFOASV1_0732_hypothetical_protein	AF-B4SGC7-F1-model_v4	DESULFOASV1_0732_hypothetical_protein	AF-B4SGC7-F1-model_v4 ATP synthase subunit alpha	0.139	225	139	98	259	141	365	2.273E-04	104
DESULFOASV1_0732_hypothetical_protein	AF-P43715-F1-model_v4	DESULFOASV1_0732_hypothetical_protein	AF-P43715-F1-model_v4 ATP synthase subunit beta	0.083	210	149	95	257	109	318	2.273E-04	103
DESULFOASV1_0732_hypothetical_protein	AF-Q02DF4-F1-model_v4	DESULFOASV1_0732_hypothetical_protein	AF-Q02DF4-F1-model_v4 ATP synthase subunit beta	0.076	188	139	107	257	132	319	1.893E-04	103
DESULFOASV1_0732_hypothetical_protein	AF-B5YXD6-F1-model_v4	DESULFOASV1_0732_hypothetical_protein	AF-B5YXD6-F1-model_v4 ATP synthase subunit beta	0.077	210	150	95	257	112	321	1.395E-04	103
DESULFOASV1_0732_hypothetical_protein	AF-B7N2H1-F1-model_v4	DESULFOASV1_0732_hypothetical_protein	AF-B7N2H1-F1-model_v4 ATP synthase subunit beta	0.088	210	148	95	257	112	321	1.781E-04	103
DESULFOASV1_0732_hypothetical_protein	AF-A1RQB0-F1-model_v4	DESULFOASV1_0732_hypothetical_protein	AF-A1RQB0-F1-model_v4 ATP synthase subunit beta	0.073	210	150	95	257	114	323	7.123E-05	103
DESULFOASV1_0732_hypothetical_protein	AF-A6WUJ0-F1-model_v4	DESULFOASV1_0732_hypothetical_protein	AF-A6WUJ0-F1-model_v4 ATP synthase subunit beta	0.090	210	147	95	257	114	323	5.931E-05	103
DESULFOASV1_0732_hypothetical_protein	AF-Q3JXV8-F1-model_v4	DESULFOASV1_0732_hypothetical_protein	AF-Q3JXV8-F1-model_v4 ATP synthase subunit beta 1	0.102	210	146	94	257	115	324	2.139E-04	103
DESULFOASV1_0732_hypothetical_protein	AF-A0RR26-F1-model_v4	DESULFOASV1_0732_hypothetical_protein	AF-A0RR26-F1-model_v4 ATP synthase subunit beta	0.101	201	147	94	257	124	324	6.420E-04	103
DESULFOASV1_0732_hypothetical_protein	AF-Q9PE85-F1-model_v4	DESULFOASV1_0732_hypothetical_protein	AF-Q9PE85-F1-model_v4 ATP synthase subunit beta	0.081	206	150	94	257	120	325	2.569E-04	103
DESULFOASV1_0732_hypothetical_protein	AF-Q0K5M7-F1-model_v4	DESULFOASV1_0732_hypothetical_protein	AF-Q0K5M7-F1-model_v4 ATP synthase subunit beta	0.098	227	159	81	257	101	327	1.482E-04	103
DESULFOASV1_0732_hypothetical_protein	AF-Q4UQF4-F1-model_v4	DESULFOASV1_0732_hypothetical_protein	AF-Q4UQF4-F1-model_v4 ATP synthase subunit beta	0.073	194	139	107	257	132	325	2.569E-04	103
DESULFOASV1_0732_hypothetical_protein	AF-B2SQB0-F1-model_v4	DESULFOASV1_0732_hypothetical_protein	AF-B2SQB0-F1-model_v4 ATP synthase subunit beta	0.077	206	150	94	257	120	325	2.902E-04	103
DESULFOASV1_0732_hypothetical_protein	AF-Q05FY3-F1-model_v4	DESULFOASV1_0732_hypothetical_protein	AF-Q05FY3-F1-model_v4 ATP synthase subunit alpha	0.100	222	147	94	257	106	327	2.730E-04	103
DESULFOASV1_0732_hypothetical_protein	AF-A0JY64-F1-model_v4	DESULFOASV1_0732_hypothetical_protein	AF-A0JY64-F1-model_v4 ATP synthase subunit beta	0.075	202	152	93	257	139	340	5.029E-04	103
DESULFOASV1_0732_hypothetical_protein	AF-Q7UH05-F1-model_v4	DESULFOASV1_0732_hypothetical_protein	AF-Q7UH05-F1-model_v4 ATP synthase subunit alpha 1	0.128	268	165	68	257	79	346	6.701E-05	103
DESULFOASV1_0732_hypothetical_protein	AF-Q9Z689-F1-model_v4	DESULFOASV1_0732_hypothetical_protein	AF-Q9Z689-F1-model_v4 ATP synthase subunit alpha	0.138	232	153	81	259	114	345	2.139E-04	103
DESULFOASV1_0732_hypothetical_protein	AF-Q1I2I5-F1-model_v4	DESULFOASV1_0732_hypothetical_protein	AF-Q1I2I5-F1-model_v4 ATP synthase subunit alpha	0.142	224	139	95	257	132	355	3.486E-04	103
DESULFOASV1_0732_hypothetical_protein	AF-B8F774-F1-model_v4	DESULFOASV1_0732_hypothetical_protein	AF-B8F774-F1-model_v4 ATP synthase subunit beta	0.082	188	138	107	257	131	318	2.416E-04	102
DESULFOASV1_0732_hypothetical_protein	AF-A1WZT1-F1-model_v4	DESULFOASV1_0732_hypothetical_protein	AF-A1WZT1-F1-model_v4 ATP synthase subunit beta	0.082	210	149	95	257	110	319	1.092E-04	102
DESULFOASV1_0732_hypothetical_protein	AF-A8ACN6-F1-model_v4	DESULFOASV1_0732_hypothetical_protein	AF-A8ACN6-F1-model_v4 ATP synthase subunit beta	0.087	210	148	95	257	112	321	1.576E-04	102
DESULFOASV1_0732_hypothetical_protein	AF-A7ZTU4-F1-model_v4	DESULFOASV1_0732_hypothetical_protein	AF-A7ZTU4-F1-model_v4 ATP synthase subunit beta	0.087	210	148	95	257	112	321	1.576E-04	102
DESULFOASV1_0732_hypothetical_protein	AF-A9NBD0-F1-model_v4	DESULFOASV1_0732_hypothetical_protein	AF-A9NBD0-F1-model_v4 ATP synthase subunit beta	0.082	210	149	95	257	113	322	8.049E-05	102
DESULFOASV1_0732_hypothetical_protein	AF-Q5QZI6-F1-model_v4	DESULFOASV1_0732_hypothetical_protein	AF-Q5QZI6-F1-model_v4 ATP synthase subunit beta	0.077	210	150	95	257	113	322	1.161E-04	102
DESULFOASV1_0732_hypothetical_protein	AF-P50002-F1-model_v4	DESULFOASV1_0732_hypothetical_protein	AF-P50002-F1-model_v4 ATP synthase subunit beta, sodium ion specific	0.113	202	145	93	257	124	325	2.273E-04	102
DESULFOASV1_0732_hypothetical_protein	AF-Q6A8C7-F1-model_v4	DESULFOASV1_0732_hypothetical_protein	AF-Q6A8C7-F1-model_v4 ATP synthase subunit beta	0.080	202	151	93	257	140	341	5.029E-04	102
DESULFOASV1_0732_hypothetical_protein	AF-Q9CKW1-F1-model_v4	DESULFOASV1_0732_hypothetical_protein	AF-Q9CKW1-F1-model_v4 ATP synthase subunit beta	0.068	210	151	95	257	109	318	1.312E-04	101
DESULFOASV1_0732_hypothetical_protein	AF-Q65Q07-F1-model_v4	DESULFOASV1_0732_hypothetical_protein	AF-Q65Q07-F1-model_v4 ATP synthase subunit beta	0.087	188	137	107	257	132	319	5.345E-04	101
DESULFOASV1_0732_hypothetical_protein	AF-B4SYD1-F1-model_v4	DESULFOASV1_0732_hypothetical_protein	AF-B4SYD1-F1-model_v4 ATP synthase subunit beta	0.102	210	145	95	257	112	321	6.040E-04	101
DESULFOASV1_0732_hypothetical_protein	AF-B5FN33-F1-model_v4	DESULFOASV1_0732_hypothetical_protein	AF-B5FN33-F1-model_v4 ATP synthase subunit beta	0.082	210	149	95	257	112	321	1.482E-04	101
DESULFOASV1_0732_hypothetical_protein	AF-A7N6Q5-F1-model_v4	DESULFOASV1_0732_hypothetical_protein	AF-A7N6Q5-F1-model_v4 ATP synthase subunit beta 2	0.073	210	150	95	257	113	322	1.234E-04	101
DESULFOASV1_0732_hypothetical_protein	AF-Q12HQ1-F1-model_v4	DESULFOASV1_0732_hypothetical_protein	AF-Q12HQ1-F1-model_v4 ATP synthase subunit beta	0.090	210	147	95	257	114	323	8.049E-05	101
DESULFOASV1_0732_hypothetical_protein	AF-Q46VY0-F1-model_v4	DESULFOASV1_0732_hypothetical_protein	AF-Q46VY0-F1-model_v4 ATP synthase subunit beta	0.100	210	147	94	257	118	327	1.576E-04	101
DESULFOASV1_0732_hypothetical_protein	AF-A4SGM9-F1-model_v4	DESULFOASV1_0732_hypothetical_protein	AF-A4SGM9-F1-model_v4 ATP synthase subunit alpha	0.104	225	144	98	259	141	365	3.279E-04	101
DESULFOASV1_0732_hypothetical_protein	AF-Q9HT20-F1-model_v4	DESULFOASV1_0732_hypothetical_protein	AF-Q9HT20-F1-model_v4 ATP synthase subunit beta	0.071	188	139	107	257	132	319	3.486E-04	100
DESULFOASV1_0732_hypothetical_protein	AF-A9MXA6-F1-model_v4	DESULFOASV1_0732_hypothetical_protein	AF-A9MXA6-F1-model_v4 ATP synthase subunit beta	0.073	210	150	95	257	112	321	1.675E-04	100
DESULFOASV1_0732_hypothetical_protein	AF-A7FPE0-F1-model_v4	DESULFOASV1_0732_hypothetical_protein	AF-A7FPE0-F1-model_v4 ATP synthase subunit beta	0.086	210	148	95	257	112	321	1.482E-04	100
DESULFOASV1_0732_hypothetical_protein	AF-Q9JW70-F1-model_v4	DESULFOASV1_0732_hypothetical_protein	AF-Q9JW70-F1-model_v4 ATP synthase subunit beta	0.095	216	147	95	257	110	325	2.012E-04	100
DESULFOASV1_0732_hypothetical_protein	AF-A9WNC8-F1-model_v4	DESULFOASV1_0732_hypothetical_protein	AF-A9WNC8-F1-model_v4 ATP synthase subunit beta	0.086	211	148	95	257	130	340	1.161E-04	100
DESULFOASV1_0732_hypothetical_protein	AF-Q477Z3-F1-model_v4	DESULFOASV1_0732_hypothetical_protein	AF-Q477Z3-F1-model_v4 ATP synthase subunit alpha	0.129	243	155	81	259	114	356	1.161E-04	100
DESULFOASV1_0732_hypothetical_protein	AF-A1WZT3-F1-model_v4	DESULFOASV1_0732_hypothetical_protein	AF-A1WZT3-F1-model_v4 ATP synthase subunit alpha	0.140	224	139	95	257	131	354	2.730E-04	100
DESULFOASV1_0732_hypothetical_protein	AF-C0Q2N2-F1-model_v4	DESULFOASV1_0732_hypothetical_protein	AF-C0Q2N2-F1-model_v4 ATP synthase subunit beta	0.087	210	148	95	257	112	321	2.569E-04	99
DESULFOASV1_0732_hypothetical_protein	AF-Q0TAX7-F1-model_v4	DESULFOASV1_0732_hypothetical_protein	AF-Q0TAX7-F1-model_v4 ATP synthase subunit beta	0.080	211	150	94	257	111	321	1.161E-04	99
DESULFOASV1_0732_hypothetical_protein	AF-Q7W3B0-F1-model_v4	DESULFOASV1_0732_hypothetical_protein	AF-Q7W3B0-F1-model_v4 ATP synthase subunit beta	0.076	188	139	107	257	139	326	4.731E-04	99
DESULFOASV1_0732_hypothetical_protein	AF-Q4AAV7-F1-model_v4	DESULFOASV1_0732_hypothetical_protein	AF-Q4AAV7-F1-model_v4 ATP synthase subunit beta	0.096	213	148	95	259	116	328	2.902E-04	99
DESULFOASV1_0732_hypothetical_protein	AF-B1VFY7-F1-model_v4	DESULFOASV1_0732_hypothetical_protein	AF-B1VFY7-F1-model_v4 ATP synthase subunit beta	0.100	204	149	93	259	139	342	8.197E-04	99
DESULFOASV1_0732_hypothetical_protein	AF-B8HAY9-F1-model_v4	DESULFOASV1_0732_hypothetical_protein	AF-B8HAY9-F1-model_v4 ATP synthase subunit beta	0.076	189	139	107	257	152	340	3.939E-04	99
DESULFOASV1_0732_hypothetical_protein	AF-A8G1W5-F1-model_v4	DESULFOASV1_0732_hypothetical_protein	AF-A8G1W5-F1-model_v4 ATP synthase subunit beta	0.079	200	152	92	257	120	319	3.085E-04	98
DESULFOASV1_0732_hypothetical_protein	AF-A8LN39-F1-model_v4	DESULFOASV1_0732_hypothetical_protein	AF-A8LN39-F1-model_v4 ATP synthase subunit beta 1	0.101	208	151	89	257	117	324	1.183E-03	98
DESULFOASV1_0732_hypothetical_protein	AF-Q8XU76-F1-model_v4	DESULFOASV1_0732_hypothetical_protein	AF-Q8XU76-F1-model_v4 ATP synthase subunit beta	0.090	210	148	94	257	118	327	1.576E-04	98
DESULFOASV1_0732_hypothetical_protein	AF-A5CQ60-F1-model_v4	DESULFOASV1_0732_hypothetical_protein	AF-A5CQ60-F1-model_v4 ATP synthase subunit beta	0.084	202	150	93	257	141	342	5.682E-04	98
DESULFOASV1_0732_hypothetical_protein	AF-B1Y3S9-F1-model_v4	DESULFOASV1_0732_hypothetical_protein	AF-B1Y3S9-F1-model_v4 ATP synthase subunit alpha	0.145	243	152	81	259	114	356	3.705E-04	98
DESULFOASV1_0732_hypothetical_protein	AF-Q1LTV4-F1-model_v4	DESULFOASV1_0732_hypothetical_protein	AF-Q1LTV4-F1-model_v4 ATP synthase subunit beta	0.085	210	148	95	257	112	321	1.482E-04	97
DESULFOASV1_0732_hypothetical_protein	AF-Q7VPP0-F1-model_v4	DESULFOASV1_0732_hypothetical_protein	AF-Q7VPP0-F1-model_v4 ATP synthase subunit beta	0.083	210	149	95	257	109	318	5.029E-04	97
DESULFOASV1_0732_hypothetical_protein	AF-Q3J6N1-F1-model_v4	DESULFOASV1_0732_hypothetical_protein	AF-Q3J6N1-F1-model_v4 ATP synthase subunit beta	0.082	210	150	94	257	110	319	1.675E-04	97
DESULFOASV1_0732_hypothetical_protein	AF-Q0AUD3-F1-model_v4	DESULFOASV1_0732_hypothetical_protein	AF-Q0AUD3-F1-model_v4 ATP synthase subunit beta	0.116	204	141	97	257	132	335	3.085E-04	97
DESULFOASV1_0732_hypothetical_protein	AF-A6VWP9-F1-model_v4	DESULFOASV1_0732_hypothetical_protein	AF-A6VWP9-F1-model_v4 ATP synthase subunit beta 1	0.106	208	150	89	257	124	331	1.605E-03	97
DESULFOASV1_0732_hypothetical_protein	AF-A5UGY9-F1-model_v4	DESULFOASV1_0732_hypothetical_protein	AF-A5UGY9-F1-model_v4 ATP synthase subunit beta	0.073	210	150	95	257	109	318	2.569E-04	96
DESULFOASV1_0732_hypothetical_protein	AF-Q4K3A9-F1-model_v4	DESULFOASV1_0732_hypothetical_protein	AF-Q4K3A9-F1-model_v4 ATP synthase subunit beta	0.089	188	137	107	257	132	319	6.040E-04	96
DESULFOASV1_0732_hypothetical_protein	AF-Q2A1I2-F1-model_v4	DESULFOASV1_0732_hypothetical_protein	AF-Q2A1I2-F1-model_v4 ATP synthase subunit beta	0.082	210	149	95	257	110	319	2.569E-04	96
DESULFOASV1_0732_hypothetical_protein	AF-A5HY52-F1-model_v4	DESULFOASV1_0732_hypothetical_protein	AF-A5HY52-F1-model_v4 ATP synthase subunit beta	0.108	227	157	81	257	96	322	1.576E-04	96
DESULFOASV1_0732_hypothetical_protein	AF-B5YBP8-F1-model_v4	DESULFOASV1_0732_hypothetical_protein	AF-B5YBP8-F1-model_v4 ATP synthase subunit beta	0.120	208	148	89	257	114	321	5.345E-04	96
DESULFOASV1_0732_hypothetical_protein	AF-A6QB59-F1-model_v4	DESULFOASV1_0732_hypothetical_protein	AF-A6QB59-F1-model_v4 ATP synthase subunit beta	0.094	201	148	94	257	124	324	7.254E-04	96
DESULFOASV1_0732_hypothetical_protein	AF-Q39ZU1-F1-model_v4	DESULFOASV1_0732_hypothetical_protein	AF-Q39ZU1-F1-model_v4 ATP synthase subunit beta 3	0.112	228	156	81	257	100	327	3.085E-04	96
DESULFOASV1_0732_hypothetical_protein	AF-P0A300-F1-model_v4	DESULFOASV1_0732_hypothetical_protein	AF-P0A300-F1-model_v4 ATP synthase subunit beta	0.121	233	165	77	265	108	340	1.893E-04	96
DESULFOASV1_0732_hypothetical_protein	AF-C1A1X8-F1-model_v4	DESULFOASV1_0732_hypothetical_protein	AF-C1A1X8-F1-model_v4 ATP synthase subunit beta	0.100	206	155	93	265	140	345	6.420E-04	96
DESULFOASV1_0732_hypothetical_protein	AF-A3N2U4-F1-model_v4	DESULFOASV1_0732_hypothetical_protein	AF-A3N2U4-F1-model_v4 ATP synthase subunit beta	0.073	210	150	95	257	109	318	2.902E-04	95
DESULFOASV1_0732_hypothetical_protein	AF-Q0BJL5-F1-model_v4	DESULFOASV1_0732_hypothetical_protein	AF-Q0BJL5-F1-model_v4 ATP synthase subunit beta	0.097	227	159	81	257	98	324	1.893E-04	95
DESULFOASV1_0732_hypothetical_protein	AF-A6Q4C0-F1-model_v4	DESULFOASV1_0732_hypothetical_protein	AF-A6Q4C0-F1-model_v4 ATP synthase subunit beta	0.103	201	146	94	257	127	327	7.711E-04	95
DESULFOASV1_0732_hypothetical_protein	AF-A1R7V3-F1-model_v4	DESULFOASV1_0732_hypothetical_protein	AF-A1R7V3-F1-model_v4 ATP synthase subunit beta	0.073	216	165	79	257	124	339	5.682E-04	95
DESULFOASV1_0732_hypothetical_protein	AF-A2S6J8-F1-model_v4	DESULFOASV1_0732_hypothetical_protein	AF-A2S6J8-F1-model_v4 ATP synthase subunit beta	0.091	210	148	94	257	110	319	3.705E-04	94
DESULFOASV1_0732_hypothetical_protein	AF-A7FQH9-F1-model_v4	DESULFOASV1_0732_hypothetical_protein	AF-A7FQH9-F1-model_v4 ATP synthase subunit beta	0.113	227	156	81	257	96	322	2.012E-04	94
DESULFOASV1_0732_hypothetical_protein	AF-O67828-F1-model_v4	DESULFOASV1_0732_hypothetical_protein	AF-O67828-F1-model_v4 ATP synthase subunit beta	0.115	230	158	81	259	108	337	2.416E-04	94
DESULFOASV1_0732_hypothetical_protein	AF-Q31DL8-F1-model_v4	DESULFOASV1_0732_hypothetical_protein	AF-Q31DL8-F1-model_v4 ATP synthase subunit alpha	0.121	220	143	94	257	135	354	9.262E-04	94
DESULFOASV1_0732_hypothetical_protein	AF-A5UA11-F1-model_v4	DESULFOASV1_0732_hypothetical_protein	AF-A5UA11-F1-model_v4 ATP synthase subunit beta	0.077	210	150	95	257	109	318	3.085E-04	93
DESULFOASV1_0732_hypothetical_protein	AF-C3KYJ3-F1-model_v4	DESULFOASV1_0732_hypothetical_protein	AF-C3KYJ3-F1-model_v4 ATP synthase subunit beta	0.112	227	156	81	257	96	322	2.012E-04	93
DESULFOASV1_0732_hypothetical_protein	AF-A0K2Y3-F1-model_v4	DESULFOASV1_0732_hypothetical_protein	AF-A0K2Y3-F1-model_v4 ATP synthase subunit beta	0.093	227	160	81	257	98	324	2.902E-04	93
DESULFOASV1_0732_hypothetical_protein	AF-B4RJG0-F1-model_v4	DESULFOASV1_0732_hypothetical_protein	AF-B4RJG0-F1-model_v4 ATP synthase subunit beta	0.095	216	147	95	257	110	325	7.254E-04	93
DESULFOASV1_0732_hypothetical_protein	AF-P42464-F1-model_v4	DESULFOASV1_0732_hypothetical_protein	AF-P42464-F1-model_v4 ATP synthase subunit beta	0.095	213	148	95	259	131	343	3.705E-04	93
DESULFOASV1_0732_hypothetical_protein	AF-A4QDH3-F1-model_v4	DESULFOASV1_0732_hypothetical_protein	AF-A4QDH3-F1-model_v4 ATP synthase subunit beta	0.097	226	160	82	259	118	343	6.825E-04	93
DESULFOASV1_0732_hypothetical_protein	AF-Q5F4Z0-F1-model_v4	DESULFOASV1_0732_hypothetical_protein	AF-Q5F4Z0-F1-model_v4 ATP synthase subunit beta	0.077	206	150	94	257	120	325	1.112E-03	92
DESULFOASV1_0732_hypothetical_protein	AF-A6W7G9-F1-model_v4	DESULFOASV1_0732_hypothetical_protein	AF-A6W7G9-F1-model_v4 ATP synthase subunit beta	0.085	202	150	93	257	141	342	1.813E-03	92
DESULFOASV1_0732_hypothetical_protein	AF-P9WPU4-F1-model_v4	DESULFOASV1_0732_hypothetical_protein	AF-P9WPU4-F1-model_v4 ATP synthase subunit beta	0.101	211	147	94	257	133	343	8.197E-04	92
DESULFOASV1_0732_hypothetical_protein	AF-B2TK00-F1-model_v4	DESULFOASV1_0732_hypothetical_protein	AF-B2TK00-F1-model_v4 ATP synthase subunit beta	0.114	207	149	89	257	117	323	5.345E-04	91
DESULFOASV1_0732_hypothetical_protein	AF-B1IE34-F1-model_v4	DESULFOASV1_0732_hypothetical_protein	AF-B1IE34-F1-model_v4 ATP synthase subunit beta	0.108	227	157	81	257	96	322	2.902E-04	91
DESULFOASV1_0732_hypothetical_protein	AF-A4XAW2-F1-model_v4	DESULFOASV1_0732_hypothetical_protein	AF-A4XAW2-F1-model_v4 ATP synthase subunit beta	0.106	204	148	93	259	142	345	1.183E-03	91
DESULFOASV1_0732_hypothetical_protein	AF-A0Q2Z4-F1-model_v4	DESULFOASV1_0732_hypothetical_protein	AF-A0Q2Z4-F1-model_v4 ATP synthase subunit beta	0.109	227	157	81	257	98	324	2.902E-04	90
DESULFOASV1_0732_hypothetical_protein	AF-Q5HX59-F1-model_v4	DESULFOASV1_0732_hypothetical_protein	AF-Q5HX59-F1-model_v4 ATP synthase subunit beta	0.103	228	158	81	257	97	324	9.845E-04	90
DESULFOASV1_0732_hypothetical_protein	AF-P57124-F1-model_v4	DESULFOASV1_0732_hypothetical_protein	AF-P57124-F1-model_v4 ATP synthase subunit beta	0.087	232	161	81	257	95	326	5.029E-04	90
DESULFOASV1_0732_hypothetical_protein	AF-Q03LX3-F1-model_v4	DESULFOASV1_0732_hypothetical_protein	AF-Q03LX3-F1-model_v4 ATP synthase subunit beta	0.097	229	159	81	257	99	327	3.085E-04	90
DESULFOASV1_0732_hypothetical_protein	AF-A1A3C5-F1-model_v4	DESULFOASV1_0732_hypothetical_protein	AF-A1A3C5-F1-model_v4 ATP synthase subunit beta	0.090	230	160	81	257	120	349	3.705E-04	89
DESULFOASV1_0732_hypothetical_protein	AF-B9MS68-F1-model_v4	DESULFOASV1_0732_hypothetical_protein	AF-B9MS68-F1-model_v4 ATP synthase subunit beta	0.105	207	146	94	257	118	324	1.336E-03	88
DESULFOASV1_0732_hypothetical_protein	AF-A4XKX0-F1-model_v4	DESULFOASV1_0732_hypothetical_protein	AF-A4XKX0-F1-model_v4 ATP synthase subunit beta	0.118	207	144	94	257	118	324	1.510E-03	88
DESULFOASV1_0732_hypothetical_protein	AF-Q8E072-F1-model_v4	DESULFOASV1_0732_hypothetical_protein	AF-Q8E072-F1-model_v4 ATP synthase subunit beta	0.099	211	146	95	257	117	327	6.040E-04	86
DESULFOASV1_0732_hypothetical_protein	AF-Q4A8V9-F1-model_v4	DESULFOASV1_0732_hypothetical_protein	AF-Q4A8V9-F1-model_v4 ATP synthase subunit beta	0.109	213	146	95	259	116	328	8.713E-04	85
DESULFOASV1_0732_hypothetical_protein	AF-A0LSL6-F1-model_v4	DESULFOASV1_0732_hypothetical_protein	AF-A0LSL6-F1-model_v4 ATP synthase subunit beta	0.103	206	154	93	265	146	351	1.257E-03	85
DESULFOASV1_0732_hypothetical_protein	AF-Q1JHN5-F1-model_v4	DESULFOASV1_0732_hypothetical_protein	AF-Q1JHN5-F1-model_v4 ATP synthase subunit beta	0.098	211	146	95	257	117	327	5.682E-04	84
DESULFOASV1_0732_hypothetical_protein	AF-P0A301-F1-model_v4	DESULFOASV1_0732_hypothetical_protein	AF-P0A301-F1-model_v4 ATP synthase subunit beta	0.121	233	165	77	265	108	340	8.713E-04	84
DESULFOASV1_0732_hypothetical_protein	AF-B8D8H3-F1-model_v4	DESULFOASV1_0732_hypothetical_protein	AF-B8D8H3-F1-model_v4 ATP synthase subunit beta	0.087	232	161	81	257	95	326	1.605E-03	81
DESULFOASV1_0732_hypothetical_protein	AF-Q98QU5-F1-model_v4	DESULFOASV1_0732_hypothetical_protein	AF-Q98QU5-F1-model_v4 ATP synthase subunit beta 1	0.107	212	146	94	257	114	325	2.049E-03	74
DESULFOASV1_0732_hypothetical_protein	AF-A9GHR6-F1-model_v4	DESULFOASV1_0732_hypothetical_protein	AF-A9GHR6-F1-model_v4 ATP synthase subunit alpha	0.113	295	146	94	259	139	433	4.532E-03	71
