LOKIASV2_3151_ESMFold_hypothetical_protein	A0A8S5Q3G3_unrelaxed_rank_001_alphafold2_ptm_model_1_seed_000.pdb	A0A8S5Q3G3_unrelaxed_rank_001_alphafold2_ptm_model_1_seed_000.pdb	3.701E-07	1.000	300	17	201	360	8	192	203	204	0.514	0.911
LOKIASV2_3151_ESMFold_hypothetical_protein	A0A5K0U6I7_unrelaxed_rank_001_alphafold2_ptm_model_4_seed_000.pdb	A0A5K0U6I7_unrelaxed_rank_001_alphafold2_ptm_model_4_seed_000.pdb	1.788E-04	1.000	220	52	187	360	212	355	394	149	0.378	0.365
LOKIASV2_3151_ESMFold_hypothetical_protein	A0A6G8R4K5_unrelaxed_rank_001_alphafold2_ptm_model_1_seed_000.pdb	A0A6G8R4K5_unrelaxed_rank_001_alphafold2_ptm_model_1_seed_000.pdb	1.962E-04	1.000	189	23	210	360	3	173	175	194	0.522	0.977
LOKIASV2_3151_ESMFold_hypothetical_protein	A0A076FGD9_unrelaxed_rank_001_alphafold2_ptm_model_4_seed_000.pdb	A0A076FGD9_unrelaxed_rank_001_alphafold2_ptm_model_4_seed_000.pdb	1.588E-03	1.000	162	21	187	360	97	283	328	199	0.464	0.570
LOKIASV2_3151_ESMFold_hypothetical_protein	A0A8S5QAB7_unrelaxed_rank_001_alphafold2_ptm_model_1_seed_000.pdb	A0A8S5QAB7_unrelaxed_rank_001_alphafold2_ptm_model_1_seed_000.pdb	4.413E-03	1.000	161	23	191	360	2	153	160	173	0.469	0.950
LOKIASV2_3151_ESMFold_hypothetical_protein	A0A5J6VM68_unrelaxed_rank_001_alphafold2_ptm_model_1_seed_000.pdb	A0A5J6VM68_unrelaxed_rank_001_alphafold2_ptm_model_1_seed_000.pdb	4.413E-03	1.000	150	17	195	360	4	206	207	208	0.497	0.981
LOKIASV2_3151_ESMFold_hypothetical_protein	A0A8S5TE03_unrelaxed_rank_001_alphafold2_ptm_model_1_seed_000.pdb	A0A8S5TE03_unrelaxed_rank_001_alphafold2_ptm_model_1_seed_000.pdb	4.212E-03	1.000	133	64	201	360	33	153	155	140	0.383	0.781
LOKIASV2_3151_ESMFold_hypothetical_protein	M4ZRW2_unrelaxed_rank_001_alphafold2_ptm_model_3_seed_000.pdb	M4ZRW2_unrelaxed_rank_001_alphafold2_ptm_model_3_seed_000.pdb	1.089E-01	1.000	111	287	355	360	4	71	87	69	0.192	0.782
LOKIASV2_3151_ESMFold_hypothetical_protein	A0A8S5UU73_unrelaxed_rank_001_alphafold2_ptm_model_1_seed_000.pdb	A0A8S5UU73_unrelaxed_rank_001_alphafold2_ptm_model_1_seed_000.pdb	3.646E-01	0.999	99	287	341	360	6	60	60	55	0.153	0.917
LOKIASV2_3151_ESMFold_hypothetical_protein	UPI000392CFC2_unrelaxed_rank_001_alphafold2_ptm_model_1_seed_000.pdb	UPI000392CFC2_unrelaxed_rank_001_alphafold2_ptm_model_1_seed_000.pdb	2.291E-01	0.999	96	271	341	360	4	69	69	73	0.197	0.957
LOKIASV2_3151_ESMFold_hypothetical_protein	UPI000716C7D5_unrelaxed_rank_001_alphafold2_ptm_model_1_seed_000.pdb	UPI000716C7D5_unrelaxed_rank_001_alphafold2_ptm_model_1_seed_000.pdb	1.141E-01	0.999	96	261	341	360	19	98	98	83	0.225	0.816
LOKIASV2_3151_ESMFold_hypothetical_protein	D5L2H9_unrelaxed_rank_001_alphafold2_ptm_model_1_seed_000.pdb	D5L2H9_unrelaxed_rank_001_alphafold2_ptm_model_1_seed_000.pdb	9.926E-02	0.998	93	266	343	360	1	83	112	84	0.217	0.741
LOKIASV2_3151_ESMFold_hypothetical_protein	A0A7L4XPN3_unrelaxed_rank_001_alphafold2_ptm_model_1_seed_000.pdb	A0A7L4XPN3_unrelaxed_rank_001_alphafold2_ptm_model_1_seed_000.pdb	2.634E-01	0.997	92	285	358	360	6	78	97	74	0.206	0.753
LOKIASV2_3151_ESMFold_hypothetical_protein	A0A8S5VU67_unrelaxed_rank_001_alphafold2_ptm_model_3_seed_000.pdb	A0A8S5VU67_unrelaxed_rank_001_alphafold2_ptm_model_3_seed_000.pdb	3.322E-01	0.996	90	281	341	360	11	72	72	62	0.169	0.861
LOKIASV2_3151_ESMFold_hypothetical_protein	A0A6J5S5H3_unrelaxed_rank_001_alphafold2_ptm_model_2_seed_000.pdb	A0A6J5S5H3_unrelaxed_rank_001_alphafold2_ptm_model_2_seed_000.pdb	6.079E-01	0.992	85	287	343	360	67	124	129	60	0.158	0.450
LOKIASV2_3151_ESMFold_hypothetical_protein	A0A7D7ESS2_unrelaxed_rank_001_alphafold2_ptm_model_1_seed_000.pdb	A0A7D7ESS2_unrelaxed_rank_001_alphafold2_ptm_model_1_seed_000.pdb	1.508E-01	0.990	83	280	358	360	24	104	121	82	0.219	0.669
LOKIASV2_3151_ESMFold_hypothetical_protein	M1RZ86_unrelaxed_rank_001_alphafold2_ptm_model_2_seed_000.pdb	M1RZ86_unrelaxed_rank_001_alphafold2_ptm_model_2_seed_000.pdb	2.890E-01	0.981	79	273	358	360	1	89	122	91	0.239	0.730
LOKIASV2_3151_ESMFold_hypothetical_protein	A0A482MHZ6_unrelaxed_rank_001_alphafold2_ptm_model_1_seed_000.pdb	A0A482MHZ6_unrelaxed_rank_001_alphafold2_ptm_model_1_seed_000.pdb	1.165E+00	0.978	78	287	341	360	6	61	62	56	0.153	0.903
LOKIASV2_3151_ESMFold_hypothetical_protein	H9ABQ2_unrelaxed_rank_001_alphafold2_ptm_model_2_seed_000.pdb	H9ABQ2_unrelaxed_rank_001_alphafold2_ptm_model_2_seed_000.pdb	2.187E-01	0.975	77	261	358	360	4	113	132	110	0.272	0.833
LOKIASV2_3151_ESMFold_hypothetical_protein	A0A6J7WFU7_unrelaxed_rank_001_alphafold2_ptm_model_1_seed_000.pdb	A0A6J7WFU7_unrelaxed_rank_001_alphafold2_ptm_model_1_seed_000.pdb	1.062E+00	0.971	76	287	339	360	3	54	55	53	0.147	0.945
LOKIASV2_3151_ESMFold_hypothetical_protein	A0A6M3T724_unrelaxed_rank_001_alphafold2_ptm_model_2_seed_000.pdb	A0A6M3T724_unrelaxed_rank_001_alphafold2_ptm_model_2_seed_000.pdb	7.320E-01	0.967	75	283	357	360	4	75	103	79	0.208	0.699
LOKIASV2_3151_ESMFold_hypothetical_protein	A0A8S5TAU7_unrelaxed_rank_001_alphafold2_ptm_model_5_seed_000.pdb	A0A8S5TAU7_unrelaxed_rank_001_alphafold2_ptm_model_5_seed_000.pdb	5.048E-01	0.967	75	265	345	360	4	79	230	83	0.225	0.330
LOKIASV2_3151_ESMFold_hypothetical_protein	A0A8S5QI74_unrelaxed_rank_001_alphafold2_ptm_model_1_seed_000.pdb	A0A8S5QI74_unrelaxed_rank_001_alphafold2_ptm_model_1_seed_000.pdb	8.815E-01	0.956	73	286	358	360	7	66	72	74	0.203	0.833
LOKIASV2_3151_ESMFold_hypothetical_protein	C7EYJ9_unrelaxed_rank_001_alphafold2_ptm_model_1_seed_000.pdb	C7EYJ9_unrelaxed_rank_001_alphafold2_ptm_model_1_seed_000.pdb	1.220E+00	0.956	73	287	340	360	4	61	175	58	0.150	0.331
LOKIASV2_3151_ESMFold_hypothetical_protein	H9YRD6_unrelaxed_rank_001_alphafold2_ptm_model_3_seed_000.pdb	H9YRD6_unrelaxed_rank_001_alphafold2_ptm_model_3_seed_000.pdb	2.035E+00	0.949	72	281	340	360	5	64	72	61	0.167	0.833
LOKIASV2_3151_ESMFold_hypothetical_protein	A0A6J5SF49_unrelaxed_rank_001_alphafold2_ptm_model_2_seed_000.pdb	A0A6J5SF49_unrelaxed_rank_001_alphafold2_ptm_model_2_seed_000.pdb	1.403E+00	0.933	70	286	343	360	78	136	143	61	0.161	0.413
LOKIASV2_3151_ESMFold_hypothetical_protein	K7Z9S6_unrelaxed_rank_001_alphafold2_ptm_model_1_seed_000.pdb	K7Z9S6_unrelaxed_rank_001_alphafold2_ptm_model_1_seed_000.pdb	9.235E-01	0.923	69	287	339	360	3	65	66	63	0.147	0.955
LOKIASV2_3151_ESMFold_hypothetical_protein	A0A218KSU7_unrelaxed_rank_001_alphafold2_ptm_model_1_seed_000.pdb	A0A218KSU7_unrelaxed_rank_001_alphafold2_ptm_model_1_seed_000.pdb	9.674E-01	0.923	69	281	341	360	5	69	76	65	0.169	0.855
LOKIASV2_3151_ESMFold_hypothetical_protein	A0A516MFC2_unrelaxed_rank_001_alphafold2_ptm_model_3_seed_000.pdb	A0A516MFC2_unrelaxed_rank_001_alphafold2_ptm_model_3_seed_000.pdb	2.759E-01	0.900	67	244	339	360	26	112	113	99	0.267	0.770
LOKIASV2_3151_ESMFold_hypothetical_protein	A0A6J7WP30_unrelaxed_rank_001_alphafold2_ptm_model_1_seed_000.pdb	A0A6J7WP30_unrelaxed_rank_001_alphafold2_ptm_model_1_seed_000.pdb	1.540E+00	0.900	67	273	343	360	531	595	678	72	0.197	0.096
LOKIASV2_3151_ESMFold_hypothetical_protein	R9TQ76_unrelaxed_rank_001_alphafold2_ptm_model_2_seed_000.pdb	R9TQ76_unrelaxed_rank_001_alphafold2_ptm_model_2_seed_000.pdb	1.278E+00	0.887	66	282	350	360	13	79	80	72	0.192	0.837
LOKIASV2_3151_ESMFold_hypothetical_protein	A0A6J5N6W1_unrelaxed_rank_001_alphafold2_ptm_model_3_seed_000.pdb	A0A6J5N6W1_unrelaxed_rank_001_alphafold2_ptm_model_3_seed_000.pdb	1.403E+00	0.887	66	288	341	360	22	84	84	63	0.150	0.750
LOKIASV2_3151_ESMFold_hypothetical_protein	A0A2H4PA03_unrelaxed_rank_001_alphafold2_ptm_model_1_seed_000.pdb	A0A2H4PA03_unrelaxed_rank_001_alphafold2_ptm_model_1_seed_000.pdb	3.646E-01	0.887	66	253	340	360	16	111	111	97	0.244	0.865
LOKIASV2_3151_ESMFold_hypothetical_protein	M4Q176_unrelaxed_rank_001_alphafold2_ptm_model_3_seed_000.pdb	M4Q176_unrelaxed_rank_001_alphafold2_ptm_model_3_seed_000.pdb	4.191E-01	0.887	66	287	359	360	6	99	118	94	0.203	0.797
LOKIASV2_3151_ESMFold_hypothetical_protein	A0A8S5TLG3_unrelaxed_rank_001_alphafold2_ptm_model_1_seed_000.pdb	A0A8S5TLG3_unrelaxed_rank_001_alphafold2_ptm_model_1_seed_000.pdb	2.817E+00	0.887	66	288	340	360	2	54	225	53	0.147	0.236
LOKIASV2_3151_ESMFold_hypothetical_protein	A4FTK7_unrelaxed_rank_001_alphafold2_ptm_model_3_seed_000.pdb	A4FTK7_unrelaxed_rank_001_alphafold2_ptm_model_3_seed_000.pdb	1.942E+00	0.887	66	262	341	360	197	278	278	82	0.222	0.295
LOKIASV2_3151_ESMFold_hypothetical_protein	M4M9K8_unrelaxed_rank_001_alphafold2_ptm_model_1_seed_000.pdb	M4M9K8_unrelaxed_rank_001_alphafold2_ptm_model_1_seed_000.pdb	8.815E-01	0.872	65	285	359	360	7	99	111	93	0.208	0.838
LOKIASV2_3151_ESMFold_hypothetical_protein	A0A1B1MRF2_unrelaxed_rank_001_alphafold2_ptm_model_3_seed_000.pdb	A0A1B1MRF2_unrelaxed_rank_001_alphafold2_ptm_model_3_seed_000.pdb	1.339E+00	0.872	65	266	342	360	1	82	226	84	0.214	0.363
LOKIASV2_3151_ESMFold_hypothetical_protein	A0A248SKZ5_unrelaxed_rank_001_alphafold2_ptm_model_3_seed_000.pdb	A0A248SKZ5_unrelaxed_rank_001_alphafold2_ptm_model_3_seed_000.pdb	5.803E-01	0.855	64	261	339	360	12	108	109	97	0.219	0.890
LOKIASV2_3151_ESMFold_hypothetical_protein	A0A6J5RTY5_unrelaxed_rank_001_alphafold2_ptm_model_3_seed_000.pdb	A0A6J5RTY5_unrelaxed_rank_001_alphafold2_ptm_model_3_seed_000.pdb	4.600E-01	0.855	64	193	353	360	9	154	155	162	0.447	0.942
LOKIASV2_3151_ESMFold_hypothetical_protein	A0A2I7RYQ1_unrelaxed_rank_001_alphafold2_ptm_model_1_seed_000.pdb	A0A2I7RYQ1_unrelaxed_rank_001_alphafold2_ptm_model_1_seed_000.pdb	1.854E+00	0.855	64	285	339	360	8	64	217	57	0.153	0.263
LOKIASV2_3151_ESMFold_hypothetical_protein	A0A1L6BY29_unrelaxed_rank_001_alphafold2_ptm_model_3_seed_000.pdb	A0A1L6BY29_unrelaxed_rank_001_alphafold2_ptm_model_3_seed_000.pdb	1.062E+00	0.855	64	276	346	360	193	267	452	79	0.197	0.166
LOKIASV2_3151_ESMFold_hypothetical_protein	A0A6J5PJP6_unrelaxed_rank_001_alphafold2_ptm_model_1_seed_000.pdb	A0A6J5PJP6_unrelaxed_rank_001_alphafold2_ptm_model_1_seed_000.pdb	5.803E-01	0.837	63	262	352	360	1	114	116	115	0.253	0.983
LOKIASV2_3151_ESMFold_hypothetical_protein	A0A649VRY8_unrelaxed_rank_001_alphafold2_ptm_model_3_seed_000.pdb	A0A649VRY8_unrelaxed_rank_001_alphafold2_ptm_model_3_seed_000.pdb	6.671E-01	0.837	63	260	342	360	33	113	183	84	0.231	0.443
LOKIASV2_3151_ESMFold_hypothetical_protein	A0A8S5LZ18_unrelaxed_rank_001_alphafold2_ptm_model_5_seed_000.pdb	A0A8S5LZ18_unrelaxed_rank_001_alphafold2_ptm_model_5_seed_000.pdb	3.900E+00	0.837	63	287	340	360	3	56	543	54	0.150	0.099
LOKIASV2_3151_ESMFold_hypothetical_protein	D6PG14_unrelaxed_rank_001_alphafold2_ptm_model_3_seed_000.pdb	D6PG14_unrelaxed_rank_001_alphafold2_ptm_model_3_seed_000.pdb	2.035E+00	0.817	62	281	339	360	7	69	70	63	0.164	0.900
LOKIASV2_3151_ESMFold_hypothetical_protein	A0A0E3JI94_unrelaxed_rank_001_alphafold2_ptm_model_1_seed_000.pdb	A0A0E3JI94_unrelaxed_rank_001_alphafold2_ptm_model_1_seed_000.pdb	1.613E+00	0.817	62	262	339	360	60	146	147	88	0.217	0.592
LOKIASV2_3151_ESMFold_hypothetical_protein	A0A516MAN7_unrelaxed_rank_001_alphafold2_ptm_model_3_seed_000.pdb	A0A516MAN7_unrelaxed_rank_001_alphafold2_ptm_model_3_seed_000.pdb	7.320E-01	0.795	61	256	340	360	10	96	102	90	0.236	0.853
LOKIASV2_3151_ESMFold_hypothetical_protein	A0A6J5M6Z4_unrelaxed_rank_001_alphafold2_ptm_model_1_seed_000.pdb	A0A6J5M6Z4_unrelaxed_rank_001_alphafold2_ptm_model_1_seed_000.pdb	9.235E-01	0.795	61	261	344	360	10	105	107	96	0.233	0.897
LOKIASV2_3151_ESMFold_hypothetical_protein	A0A6J5S742_unrelaxed_rank_001_alphafold2_ptm_model_3_seed_000.pdb	A0A6J5S742_unrelaxed_rank_001_alphafold2_ptm_model_3_seed_000.pdb	2.035E+00	0.795	61	276	341	360	527	587	693	66	0.183	0.088
LOKIASV2_3151_ESMFold_hypothetical_protein	A0A7L7SP31_unrelaxed_rank_001_alphafold2_ptm_model_1_seed_000.pdb	A0A7L7SP31_unrelaxed_rank_001_alphafold2_ptm_model_1_seed_000.pdb	1.062E+00	0.772	60	273	355	360	5	85	90	88	0.231	0.900
LOKIASV2_3151_ESMFold_hypothetical_protein	A0A1B1IPI8_unrelaxed_rank_001_alphafold2_ptm_model_3_seed_000.pdb	A0A1B1IPI8_unrelaxed_rank_001_alphafold2_ptm_model_3_seed_000.pdb	3.722E+00	0.772	60	287	326	360	40	79	96	40	0.111	0.417
LOKIASV2_3151_ESMFold_hypothetical_protein	A0A2H4RBP9_unrelaxed_rank_001_alphafold2_ptm_model_3_seed_000.pdb	A0A2H4RBP9_unrelaxed_rank_001_alphafold2_ptm_model_3_seed_000.pdb	2.035E+00	0.772	60	266	357	360	1	96	105	99	0.256	0.914
LOKIASV2_3151_ESMFold_hypothetical_protein	A0A1L7DS43_unrelaxed_rank_001_alphafold2_ptm_model_1_seed_000.pdb	A0A1L7DS43_unrelaxed_rank_001_alphafold2_ptm_model_1_seed_000.pdb	1.403E+00	0.747	59	266	356	360	1	109	111	109	0.253	0.982
LOKIASV2_3151_ESMFold_hypothetical_protein	A0A5P9U8M5_unrelaxed_rank_001_alphafold2_ptm_model_4_seed_000.pdb	A0A5P9U8M5_unrelaxed_rank_001_alphafold2_ptm_model_4_seed_000.pdb	1.470E+00	0.747	59	249	343	360	105	191	254	95	0.264	0.343
LOKIASV2_3151_ESMFold_hypothetical_protein	A0A6J5MC55_unrelaxed_rank_001_alphafold2_ptm_model_1_seed_000.pdb	A0A6J5MC55_unrelaxed_rank_001_alphafold2_ptm_model_1_seed_000.pdb	2.567E+00	0.720	58	287	342	360	8	67	68	60	0.156	0.882
LOKIASV2_3151_ESMFold_hypothetical_protein	A0A8S5V5T8_unrelaxed_rank_001_alphafold2_ptm_model_1_seed_000.pdb	A0A8S5V5T8_unrelaxed_rank_001_alphafold2_ptm_model_1_seed_000.pdb	1.540E+00	0.720	58	285	360	360	3	83	83	83	0.211	0.976
LOKIASV2_3151_ESMFold_hypothetical_protein	F8TUY6_unrelaxed_rank_001_alphafold2_ptm_model_3_seed_000.pdb	F8TUY6_unrelaxed_rank_001_alphafold2_ptm_model_3_seed_000.pdb	1.062E+00	0.720	58	273	351	360	13	98	105	91	0.219	0.819
LOKIASV2_3151_ESMFold_hypothetical_protein	R4TA16_unrelaxed_rank_001_alphafold2_ptm_model_1_seed_000.pdb	R4TA16_unrelaxed_rank_001_alphafold2_ptm_model_1_seed_000.pdb	8.815E-01	0.720	58	262	340	360	87	166	168	82	0.219	0.476
LOKIASV2_3151_ESMFold_hypothetical_protein	Q6ZYF5_unrelaxed_rank_001_alphafold2_ptm_model_3_seed_000.pdb	Q6ZYF5_unrelaxed_rank_001_alphafold2_ptm_model_3_seed_000.pdb	1.112E+00	0.720	58	262	344	360	1	73	235	86	0.231	0.311
LOKIASV2_3151_ESMFold_hypothetical_protein	A0A2I7RZ71_unrelaxed_rank_001_alphafold2_ptm_model_1_seed_000.pdb	A0A2I7RZ71_unrelaxed_rank_001_alphafold2_ptm_model_1_seed_000.pdb	1.013E+00	0.692	57	244	341	360	7	103	105	104	0.272	0.924
LOKIASV2_3151_ESMFold_hypothetical_protein	A0A3S8NEZ2_unrelaxed_rank_001_alphafold2_ptm_model_3_seed_000.pdb	A0A3S8NEZ2_unrelaxed_rank_001_alphafold2_ptm_model_3_seed_000.pdb	8.415E-01	0.692	57	261	339	360	31	112	113	88	0.219	0.726
LOKIASV2_3151_ESMFold_hypothetical_protein	A0A6G5Y9K4_unrelaxed_rank_001_alphafold2_ptm_model_2_seed_000.pdb	A0A6G5Y9K4_unrelaxed_rank_001_alphafold2_ptm_model_2_seed_000.pdb	9.235E-01	0.692	57	264	359	360	58	156	239	105	0.267	0.414
LOKIASV2_3151_ESMFold_hypothetical_protein	H9YSB4_unrelaxed_rank_001_alphafold2_ptm_model_1_seed_000.pdb	H9YSB4_unrelaxed_rank_001_alphafold2_ptm_model_1_seed_000.pdb	3.172E-01	0.692	57	261	358	360	106	219	241	120	0.272	0.473
LOKIASV2_3151_ESMFold_hypothetical_protein	A0A6J7XKZ8_unrelaxed_rank_001_alphafold2_ptm_model_1_seed_000.pdb	A0A6J7XKZ8_unrelaxed_rank_001_alphafold2_ptm_model_1_seed_000.pdb	5.153E+00	0.663	56	288	342	360	4	57	61	55	0.153	0.885
LOKIASV2_3151_ESMFold_hypothetical_protein	A0A0F7L5V8_unrelaxed_rank_001_alphafold2_ptm_model_3_seed_000.pdb	A0A0F7L5V8_unrelaxed_rank_001_alphafold2_ptm_model_3_seed_000.pdb	2.817E+00	0.663	56	286	343	360	7	72	138	66	0.161	0.478
LOKIASV2_3151_ESMFold_hypothetical_protein	A0A1S5WVQ0_unrelaxed_rank_001_alphafold2_ptm_model_2_seed_000.pdb	A0A1S5WVQ0_unrelaxed_rank_001_alphafold2_ptm_model_2_seed_000.pdb	7.668E-01	0.663	56	261	358	360	23	140	143	120	0.272	0.825
LOKIASV2_3151_ESMFold_hypothetical_protein	H9YPR9_unrelaxed_rank_001_alphafold2_ptm_model_1_seed_000.pdb	H9YPR9_unrelaxed_rank_001_alphafold2_ptm_model_1_seed_000.pdb	2.450E+00	0.632	55	274	355	360	1	76	77	87	0.228	0.987
LOKIASV2_3151_ESMFold_hypothetical_protein	A0A6J5MWQ0_unrelaxed_rank_001_alphafold2_ptm_model_3_seed_000.pdb	A0A6J5MWQ0_unrelaxed_rank_001_alphafold2_ptm_model_3_seed_000.pdb	1.403E+00	0.601	54	284	359	360	30	113	128	85	0.211	0.656
LOKIASV2_3151_ESMFold_hypothetical_protein	A0A6J5QJA7_unrelaxed_rank_001_alphafold2_ptm_model_3_seed_000.pdb	A0A6J5QJA7_unrelaxed_rank_001_alphafold2_ptm_model_3_seed_000.pdb	1.403E+00	0.601	54	265	358	360	6	99	261	96	0.261	0.360
LOKIASV2_3151_ESMFold_hypothetical_protein	A0A6G5Y8F2_unrelaxed_rank_001_alphafold2_ptm_model_5_seed_000.pdb	A0A6G5Y8F2_unrelaxed_rank_001_alphafold2_ptm_model_5_seed_000.pdb	1.403E+00	0.601	54	265	359	360	125	222	306	104	0.264	0.320
LOKIASV2_3151_ESMFold_hypothetical_protein	A0A6J5NEY3_unrelaxed_rank_001_alphafold2_ptm_model_3_seed_000.pdb	A0A6J5NEY3_unrelaxed_rank_001_alphafold2_ptm_model_3_seed_000.pdb	2.339E+00	0.569	53	287	342	360	45	111	112	67	0.156	0.598
LOKIASV2_3151_ESMFold_hypothetical_protein	H9YRR2_unrelaxed_rank_001_alphafold2_ptm_model_3_seed_000.pdb	H9YRR2_unrelaxed_rank_001_alphafold2_ptm_model_3_seed_000.pdb	2.689E+00	0.537	52	284	358	360	7	78	106	76	0.208	0.679
LOKIASV2_3151_ESMFold_hypothetical_protein	A0A516M210_unrelaxed_rank_001_alphafold2_ptm_model_3_seed_000.pdb	A0A516M210_unrelaxed_rank_001_alphafold2_ptm_model_3_seed_000.pdb	3.091E+00	0.537	52	286	358	360	22	94	112	78	0.203	0.652
LOKIASV2_3151_ESMFold_hypothetical_protein	A0A8S5LHF3_unrelaxed_rank_001_alphafold2_ptm_model_1_seed_000.pdb	A0A8S5LHF3_unrelaxed_rank_001_alphafold2_ptm_model_1_seed_000.pdb	1.165E+00	0.537	52	273	358	360	1	108	113	108	0.239	0.956
LOKIASV2_3151_ESMFold_hypothetical_protein	A0A6J5R4F7_unrelaxed_rank_001_alphafold2_ptm_model_2_seed_000.pdb	A0A6J5R4F7_unrelaxed_rank_001_alphafold2_ptm_model_2_seed_000.pdb	1.770E+00	0.537	52	263	343	360	21	116	117	96	0.225	0.821
LOKIASV2_3151_ESMFold_hypothetical_protein	A0A0N7AA36_unrelaxed_rank_001_alphafold2_ptm_model_1_seed_000.pdb	A0A0N7AA36_unrelaxed_rank_001_alphafold2_ptm_model_1_seed_000.pdb	3.238E+00	0.537	52	264	358	360	2	86	132	96	0.264	0.644
LOKIASV2_3151_ESMFold_hypothetical_protein	A0A516LLK9_unrelaxed_rank_001_alphafold2_ptm_model_2_seed_000.pdb	A0A516LLK9_unrelaxed_rank_001_alphafold2_ptm_model_2_seed_000.pdb	1.770E+00	0.537	52	262	341	360	69	149	149	87	0.222	0.544
LOKIASV2_3151_ESMFold_hypothetical_protein	A0A385EB85_unrelaxed_rank_001_alphafold2_ptm_model_2_seed_000.pdb	A0A385EB85_unrelaxed_rank_001_alphafold2_ptm_model_2_seed_000.pdb	3.722E+00	0.505	51	264	331	360	48	119	140	72	0.189	0.514
LOKIASV2_3151_ESMFold_hypothetical_protein	A0A516LB25_unrelaxed_rank_001_alphafold2_ptm_model_3_seed_000.pdb	A0A516LB25_unrelaxed_rank_001_alphafold2_ptm_model_3_seed_000.pdb	5.803E-01	0.505	51	195	341	360	11	175	175	172	0.408	0.943
LOKIASV2_3151_ESMFold_hypothetical_protein	A0A4P2VSF1_unrelaxed_rank_001_alphafold2_ptm_model_3_seed_000.pdb	A0A4P2VSF1_unrelaxed_rank_001_alphafold2_ptm_model_3_seed_000.pdb	2.131E+00	0.505	51	262	342	360	161	238	324	88	0.225	0.241
LOKIASV2_3151_ESMFold_hypothetical_protein	A0A8S5VMN6_unrelaxed_rank_001_alphafold2_ptm_model_1_seed_000.pdb	A0A8S5VMN6_unrelaxed_rank_001_alphafold2_ptm_model_1_seed_000.pdb	2.450E+00	0.473	50	261	342	360	27	112	120	87	0.228	0.717
LOKIASV2_3151_ESMFold_hypothetical_protein	A0A6C6XWA2_unrelaxed_rank_001_alphafold2_ptm_model_3_seed_000.pdb	A0A6C6XWA2_unrelaxed_rank_001_alphafold2_ptm_model_3_seed_000.pdb	3.553E+00	0.442	49	287	344	360	6	79	86	74	0.161	0.860
LOKIASV2_3151_ESMFold_hypothetical_protein	A0A889IQ67_unrelaxed_rank_001_alphafold2_ptm_model_3_seed_000.pdb	A0A889IQ67_unrelaxed_rank_001_alphafold2_ptm_model_3_seed_000.pdb	5.153E+00	0.442	49	280	337	360	99	161	235	64	0.161	0.268
LOKIASV2_3151_ESMFold_hypothetical_protein	A0A6J5QST2_unrelaxed_rank_001_alphafold2_ptm_model_1_seed_000.pdb	A0A6J5QST2_unrelaxed_rank_001_alphafold2_ptm_model_1_seed_000.pdb	2.339E+00	0.442	49	262	358	360	4	103	280	102	0.269	0.357
LOKIASV2_3151_ESMFold_hypothetical_protein	A0A4Y6EHB0_unrelaxed_rank_001_alphafold2_ptm_model_1_seed_000.pdb	A0A4Y6EHB0_unrelaxed_rank_001_alphafold2_ptm_model_1_seed_000.pdb	1.613E+00	0.411	48	250	342	360	5	103	115	104	0.258	0.861
LOKIASV2_3151_ESMFold_hypothetical_protein	A0A5B9N7G8_unrelaxed_rank_001_alphafold2_ptm_model_3_seed_000.pdb	A0A5B9N7G8_unrelaxed_rank_001_alphafold2_ptm_model_3_seed_000.pdb	3.091E+00	0.411	48	254	341	360	29	122	122	102	0.244	0.770
LOKIASV2_3151_ESMFold_hypothetical_protein	A0A516L5T6_unrelaxed_rank_001_alphafold2_ptm_model_2_seed_000.pdb	A0A516L5T6_unrelaxed_rank_001_alphafold2_ptm_model_2_seed_000.pdb	2.035E+00	0.382	47	266	360	360	1	75	75	95	0.264	1.000
LOKIASV2_3151_ESMFold_hypothetical_protein	A0A9E7QCM7_unrelaxed_rank_001_alphafold2_ptm_model_1_seed_000.pdb	A0A9E7QCM7_unrelaxed_rank_001_alphafold2_ptm_model_1_seed_000.pdb	1.165E+00	0.382	47	261	341	360	2	105	108	105	0.225	0.963
LOKIASV2_3151_ESMFold_hypothetical_protein	A0A482JCH5_unrelaxed_rank_001_alphafold2_ptm_model_1_seed_000.pdb	A0A482JCH5_unrelaxed_rank_001_alphafold2_ptm_model_1_seed_000.pdb	2.233E+00	0.382	47	262	347	360	16	114	115	103	0.239	0.861
LOKIASV2_3151_ESMFold_hypothetical_protein	A0A6H0QXF5_unrelaxed_rank_001_alphafold2_ptm_model_1_seed_000.pdb	A0A6H0QXF5_unrelaxed_rank_001_alphafold2_ptm_model_1_seed_000.pdb	2.450E+00	0.382	47	206	341	360	3	162	162	161	0.378	0.988
LOKIASV2_3151_ESMFold_hypothetical_protein	A0A345ASJ5_unrelaxed_rank_001_alphafold2_ptm_model_3_seed_000.pdb	A0A345ASJ5_unrelaxed_rank_001_alphafold2_ptm_model_3_seed_000.pdb	8.033E-01	0.382	47	251	343	360	11	110	163	103	0.258	0.613
LOKIASV2_3151_ESMFold_hypothetical_protein	A0A6J5MQT0_unrelaxed_rank_001_alphafold2_ptm_model_1_seed_000.pdb	A0A6J5MQT0_unrelaxed_rank_001_alphafold2_ptm_model_1_seed_000.pdb	1.470E+00	0.382	47	271	358	360	2	102	309	107	0.244	0.327
LOKIASV2_3151_ESMFold_hypothetical_protein	A0A6J5S7Q0_unrelaxed_rank_001_alphafold2_ptm_model_3_seed_000.pdb	A0A6J5S7Q0_unrelaxed_rank_001_alphafold2_ptm_model_3_seed_000.pdb	4.279E+00	0.353	46	267	333	360	1	76	106	76	0.186	0.717
LOKIASV2_3151_ESMFold_hypothetical_protein	A0A6J5RK57_unrelaxed_rank_001_alphafold2_ptm_model_3_seed_000.pdb	A0A6J5RK57_unrelaxed_rank_001_alphafold2_ptm_model_3_seed_000.pdb	1.690E+00	0.353	46	262	333	360	1	83	110	83	0.200	0.755
LOKIASV2_3151_ESMFold_hypothetical_protein	A0A8S5RY50_unrelaxed_rank_001_alphafold2_ptm_model_1_seed_000.pdb	A0A8S5RY50_unrelaxed_rank_001_alphafold2_ptm_model_1_seed_000.pdb	4.483E+00	0.353	46	284	358	360	5	87	119	83	0.208	0.697
LOKIASV2_3151_ESMFold_hypothetical_protein	A0A1L7DQK0_unrelaxed_rank_001_alphafold2_ptm_model_2_seed_000.pdb	A0A1L7DQK0_unrelaxed_rank_001_alphafold2_ptm_model_2_seed_000.pdb	3.900E+00	0.326	45	265	341	360	3	88	88	91	0.214	0.977
LOKIASV2_3151_ESMFold_hypothetical_protein	A0A6J5NP57_unrelaxed_rank_001_alphafold2_ptm_model_2_seed_000.pdb	A0A6J5NP57_unrelaxed_rank_001_alphafold2_ptm_model_2_seed_000.pdb	3.392E+00	0.326	45	273	356	360	1	90	155	91	0.233	0.581
LOKIASV2_3151_ESMFold_hypothetical_protein	A0A6J5PB97_unrelaxed_rank_001_alphafold2_ptm_model_5_seed_000.pdb	A0A6J5PB97_unrelaxed_rank_001_alphafold2_ptm_model_5_seed_000.pdb	4.483E+00	0.326	45	281	359	360	19	94	253	81	0.219	0.300
LOKIASV2_3151_ESMFold_hypothetical_protein	A0A899IQZ5_unrelaxed_rank_001_alphafold2_ptm_model_3_seed_000.pdb	A0A899IQZ5_unrelaxed_rank_001_alphafold2_ptm_model_3_seed_000.pdb	1.690E+00	0.326	45	254	359	360	82	182	281	109	0.294	0.359
LOKIASV2_3151_ESMFold_hypothetical_protein	A0A248SKC0_unrelaxed_rank_001_alphafold2_ptm_model_3_seed_000.pdb	A0A248SKC0_unrelaxed_rank_001_alphafold2_ptm_model_3_seed_000.pdb	2.035E+00	0.301	44	262	339	360	2	92	93	92	0.217	0.978
LOKIASV2_3151_ESMFold_hypothetical_protein	A0A6G9LFG7_unrelaxed_rank_001_alphafold2_ptm_model_3_seed_000.pdb	A0A6G9LFG7_unrelaxed_rank_001_alphafold2_ptm_model_3_seed_000.pdb	2.339E+00	0.301	44	265	339	360	1	81	127	88	0.208	0.638
LOKIASV2_3151_ESMFold_hypothetical_protein	A0A516LL80_unrelaxed_rank_001_alphafold2_ptm_model_3_seed_000.pdb	A0A516LL80_unrelaxed_rank_001_alphafold2_ptm_model_3_seed_000.pdb	3.722E+00	0.301	44	281	358	360	2	83	214	88	0.217	0.383
LOKIASV2_3151_ESMFold_hypothetical_protein	A0A1P8VVB8_unrelaxed_rank_001_alphafold2_ptm_model_1_seed_000.pdb	A0A1P8VVB8_unrelaxed_rank_001_alphafold2_ptm_model_1_seed_000.pdb	2.450E+00	0.277	43	280	358	360	20	99	273	87	0.219	0.293
LOKIASV2_3151_ESMFold_hypothetical_protein	G9J209_unrelaxed_rank_001_alphafold2_ptm_model_2_seed_000.pdb	G9J209_unrelaxed_rank_001_alphafold2_ptm_model_2_seed_000.pdb	1.278E+00	0.254	42	191	342	360	6	174	175	182	0.422	0.966
LOKIASV2_3151_ESMFold_hypothetical_protein	A0A8S5RU03_unrelaxed_rank_001_alphafold2_ptm_model_1_seed_000.pdb	A0A8S5RU03_unrelaxed_rank_001_alphafold2_ptm_model_1_seed_000.pdb	5.398E+00	0.233	41	287	345	360	6	76	83	71	0.164	0.855
LOKIASV2_3151_ESMFold_hypothetical_protein	A0A6J5M698_unrelaxed_rank_001_alphafold2_ptm_model_3_seed_000.pdb	A0A6J5M698_unrelaxed_rank_001_alphafold2_ptm_model_3_seed_000.pdb	1.942E+00	0.233	41	257	345	360	35	149	150	116	0.247	0.767
LOKIASV2_3151_ESMFold_hypothetical_protein	A0A8S5NIK1_unrelaxed_rank_001_alphafold2_ptm_model_1_seed_000.pdb	A0A8S5NIK1_unrelaxed_rank_001_alphafold2_ptm_model_1_seed_000.pdb	3.722E+00	0.214	40	261	338	360	33	112	119	84	0.217	0.672
LOKIASV2_3151_ESMFold_hypothetical_protein	A0A6J5QT83_unrelaxed_rank_001_alphafold2_ptm_model_3_seed_000.pdb	A0A6J5QT83_unrelaxed_rank_001_alphafold2_ptm_model_3_seed_000.pdb	6.810E+00	0.214	40	245	342	360	14	124	129	111	0.272	0.860
LOKIASV2_3151_ESMFold_hypothetical_protein	M4SL75_unrelaxed_rank_001_alphafold2_ptm_model_1_seed_000.pdb	M4SL75_unrelaxed_rank_001_alphafold2_ptm_model_1_seed_000.pdb	1.942E+00	0.214	40	220	358	360	4	141	151	159	0.386	0.914
LOKIASV2_3151_ESMFold_hypothetical_protein	UPI0018AF66CC_unrelaxed_rank_001_alphafold2_ptm_model_1_seed_000.pdb	UPI0018AF66CC_unrelaxed_rank_001_alphafold2_ptm_model_1_seed_000.pdb	2.951E+00	0.214	40	196	341	360	24	168	168	155	0.406	0.863
LOKIASV2_3151_ESMFold_hypothetical_protein	A0A345MKP2_unrelaxed_rank_001_alphafold2_ptm_model_3_seed_000.pdb	A0A345MKP2_unrelaxed_rank_001_alphafold2_ptm_model_3_seed_000.pdb	4.279E+00	0.196	39	262	358	360	6	113	190	111	0.269	0.568
LOKIASV2_3151_ESMFold_hypothetical_protein	A0A0F7L8N4_unrelaxed_rank_001_alphafold2_ptm_model_3_seed_000.pdb	A0A0F7L8N4_unrelaxed_rank_001_alphafold2_ptm_model_3_seed_000.pdb	2.689E+00	0.179	38	261	358	360	51	130	225	98	0.272	0.356
LOKIASV2_3151_ESMFold_hypothetical_protein	A0A8S5Q8Q3_unrelaxed_rank_001_alphafold2_ptm_model_3_seed_000.pdb	A0A8S5Q8Q3_unrelaxed_rank_001_alphafold2_ptm_model_3_seed_000.pdb	2.450E+00	0.179	38	247	358	360	18	154	490	140	0.311	0.280
LOKIASV2_3151_ESMFold_hypothetical_protein	A0A8S5NSI9_unrelaxed_rank_001_alphafold2_ptm_model_1_seed_000.pdb	A0A8S5NSI9_unrelaxed_rank_001_alphafold2_ptm_model_1_seed_000.pdb	1.690E+00	0.164	37	262	355	360	14	102	107	96	0.261	0.832
LOKIASV2_3151_ESMFold_hypothetical_protein	A0A2I7RH26_unrelaxed_rank_001_alphafold2_ptm_model_1_seed_000.pdb	A0A2I7RH26_unrelaxed_rank_001_alphafold2_ptm_model_1_seed_000.pdb	3.900E+00	0.164	37	192	341	360	32	181	182	162	0.417	0.824
LOKIASV2_3151_ESMFold_hypothetical_protein	A0A6G5Y5W1_unrelaxed_rank_001_alphafold2_ptm_model_2_seed_000.pdb	A0A6G5Y5W1_unrelaxed_rank_001_alphafold2_ptm_model_2_seed_000.pdb	4.279E+00	0.150	36	235	325	360	8	91	112	91	0.253	0.750
LOKIASV2_3151_ESMFold_hypothetical_protein	A0A6J5RNZ4_unrelaxed_rank_001_alphafold2_ptm_model_3_seed_000.pdb	A0A6J5RNZ4_unrelaxed_rank_001_alphafold2_ptm_model_3_seed_000.pdb	5.655E+00	0.150	36	244	326	360	8	88	114	88	0.231	0.711
LOKIASV2_3151_ESMFold_hypothetical_protein	A0A5J6TTM9_unrelaxed_rank_001_alphafold2_ptm_model_2_seed_000.pdb	A0A5J6TTM9_unrelaxed_rank_001_alphafold2_ptm_model_2_seed_000.pdb	5.924E+00	0.150	36	261	326	360	77	141	150	67	0.183	0.433
LOKIASV2_3151_ESMFold_hypothetical_protein	A0A516MI61_unrelaxed_rank_001_alphafold2_ptm_model_2_seed_000.pdb	A0A516MI61_unrelaxed_rank_001_alphafold2_ptm_model_2_seed_000.pdb	7.474E+00	0.150	36	231	326	360	42	127	152	105	0.267	0.566
LOKIASV2_3151_ESMFold_hypothetical_protein	A0A6N1NRW2_unrelaxed_rank_001_alphafold2_ptm_model_1_seed_000.pdb	A0A6N1NRW2_unrelaxed_rank_001_alphafold2_ptm_model_1_seed_000.pdb	3.553E+00	0.150	36	249	326	360	135	219	229	89	0.217	0.371
LOKIASV2_3151_ESMFold_hypothetical_protein	A0A516LPI6_1_unrelaxed_rank_001_alphafold2_ptm_model_3_seed_000.pdb	A0A516LPI6_1_unrelaxed_rank_001_alphafold2_ptm_model_3_seed_000.pdb	1.690E+00	0.150	36	175	343	360	529	658	1006	176	0.469	0.129
LOKIASV2_3151_ESMFold_hypothetical_protein	A0A6G5XY52_unrelaxed_rank_001_alphafold2_ptm_model_1_seed_000.pdb	A0A6G5XY52_unrelaxed_rank_001_alphafold2_ptm_model_1_seed_000.pdb	2.131E+00	0.138	35	172	358	360	9	145	173	187	0.519	0.792
LOKIASV2_3151_ESMFold_hypothetical_protein	Q6VY63_unrelaxed_rank_001_alphafold2_ptm_model_3_seed_000.pdb	Q6VY63_unrelaxed_rank_001_alphafold2_ptm_model_3_seed_000.pdb	3.722E+00	0.138	35	181	341	360	69	232	253	177	0.447	0.648
LOKIASV2_3151_ESMFold_hypothetical_protein	W6AT81_unrelaxed_rank_001_alphafold2_ptm_model_3_seed_000.pdb	W6AT81_unrelaxed_rank_001_alphafold2_ptm_model_3_seed_000.pdb	8.201E+00	0.138	35	262	339	360	308	376	388	80	0.217	0.178
LOKIASV2_3151_ESMFold_hypothetical_protein	A0A385EA69_unrelaxed_rank_001_alphafold2_ptm_model_1_seed_000.pdb	A0A385EA69_unrelaxed_rank_001_alphafold2_ptm_model_1_seed_000.pdb	5.924E+00	0.126	34	240	325	360	9	92	100	87	0.239	0.840
LOKIASV2_3151_ESMFold_hypothetical_protein	A0A249XU92_unrelaxed_rank_001_alphafold2_ptm_model_1_seed_000.pdb	A0A249XU92_unrelaxed_rank_001_alphafold2_ptm_model_1_seed_000.pdb	3.238E+00	0.126	34	176	322	360	5	131	137	152	0.408	0.927
LOKIASV2_3151_ESMFold_hypothetical_protein	A0A516M2C1_unrelaxed_rank_001_alphafold2_ptm_model_4_seed_000.pdb	A0A516M2C1_unrelaxed_rank_001_alphafold2_ptm_model_4_seed_000.pdb	7.474E+00	0.126	34	272	360	360	110	206	236	98	0.247	0.411
LOKIASV2_3151_ESMFold_hypothetical_protein	M1IMN9_unrelaxed_rank_001_alphafold2_ptm_model_5_seed_000.pdb	M1IMN9_unrelaxed_rank_001_alphafold2_ptm_model_5_seed_000.pdb	3.091E+00	0.126	34	193	360	360	72	231	253	178	0.467	0.632
LOKIASV2_3151_ESMFold_hypothetical_protein	A0A6J5S8M8_1_unrelaxed_rank_001_alphafold2_ptm_model_1_seed_000.pdb	A0A6J5S8M8_1_unrelaxed_rank_001_alphafold2_ptm_model_1_seed_000.pdb	2.131E+00	0.126	34	99	343	360	709	913	1128	253	0.681	0.182
LOKIASV2_3151_ESMFold_hypothetical_protein	A0A8S5V155_unrelaxed_rank_001_alphafold2_ptm_model_3_seed_000.pdb	A0A8S5V155_unrelaxed_rank_001_alphafold2_ptm_model_3_seed_000.pdb	4.919E+00	0.116	33	193	326	360	9	112	122	134	0.372	0.852
LOKIASV2_3151_ESMFold_hypothetical_protein	A0A385EDU9_unrelaxed_rank_001_alphafold2_ptm_model_5_seed_000.pdb	A0A385EDU9_unrelaxed_rank_001_alphafold2_ptm_model_5_seed_000.pdb	4.085E+00	0.116	33	202	345	360	4	139	371	153	0.400	0.367
LOKIASV2_3151_ESMFold_hypothetical_protein	A0A6M5C9U5_unrelaxed_rank_001_alphafold2_ptm_model_5_seed_000.pdb	A0A6M5C9U5_unrelaxed_rank_001_alphafold2_ptm_model_5_seed_000.pdb	4.696E+00	0.116	33	191	340	360	95	261	451	181	0.417	0.370
LOKIASV2_3151_ESMFold_hypothetical_protein	A0A481YQN8_unrelaxed_rank_001_alphafold2_ptm_model_3_seed_000.pdb	A0A481YQN8_unrelaxed_rank_001_alphafold2_ptm_model_3_seed_000.pdb	5.539E-01	0.116	33	85	326	360	171	469	551	308	0.672	0.543
LOKIASV2_3151_ESMFold_hypothetical_protein	A0A8F2E5G3_unrelaxed_rank_001_alphafold2_ptm_model_1_seed_000.pdb	A0A8F2E5G3_unrelaxed_rank_001_alphafold2_ptm_model_1_seed_000.pdb	4.919E+00	0.106	32	246	326	360	13	99	100	92	0.225	0.870
LOKIASV2_3151_ESMFold_hypothetical_protein	A0A7L8G7H5_unrelaxed_rank_001_alphafold2_ptm_model_1_seed_000.pdb	A0A7L8G7H5_unrelaxed_rank_001_alphafold2_ptm_model_1_seed_000.pdb	6.206E+00	0.106	32	262	335	360	25	92	150	76	0.206	0.453
LOKIASV2_3151_ESMFold_hypothetical_protein	H9YRT2_unrelaxed_rank_001_alphafold2_ptm_model_1_seed_000.pdb	H9YRT2_unrelaxed_rank_001_alphafold2_ptm_model_1_seed_000.pdb	3.900E+00	0.106	32	265	359	360	2	92	155	100	0.264	0.587
LOKIASV2_3151_ESMFold_hypothetical_protein	M1HCV1_unrelaxed_rank_001_alphafold2_ptm_model_5_seed_000.pdb	M1HCV1_unrelaxed_rank_001_alphafold2_ptm_model_5_seed_000.pdb	4.279E+00	0.106	32	193	360	360	72	231	319	177	0.467	0.502
LOKIASV2_3151_ESMFold_hypothetical_protein	A0A6J7WQJ4_unrelaxed_rank_001_alphafold2_ptm_model_1_seed_000.pdb	A0A6J7WQJ4_unrelaxed_rank_001_alphafold2_ptm_model_1_seed_000.pdb	6.501E+00	0.098	31	193	326	360	9	122	128	134	0.372	0.891
LOKIASV2_3151_ESMFold_hypothetical_protein	A0A890V6H6_unrelaxed_rank_001_alphafold2_ptm_model_1_seed_000.pdb	A0A890V6H6_unrelaxed_rank_001_alphafold2_ptm_model_1_seed_000.pdb	7.134E+00	0.098	31	191	325	360	73	174	178	136	0.375	0.573
LOKIASV2_3151_ESMFold_hypothetical_protein	A0A8S5UZK9_unrelaxed_rank_001_alphafold2_ptm_model_3_seed_000.pdb	A0A8S5UZK9_unrelaxed_rank_001_alphafold2_ptm_model_3_seed_000.pdb	5.153E+00	0.098	31	75	268	360	1	189	190	218	0.539	0.995
LOKIASV2_3151_ESMFold_hypothetical_protein	A0A481YMR9_unrelaxed_rank_001_alphafold2_ptm_model_2_seed_000.pdb	A0A481YMR9_unrelaxed_rank_001_alphafold2_ptm_model_2_seed_000.pdb	6.810E+00	0.098	31	215	342	360	62	224	543	164	0.356	0.300
LOKIASV2_3151_ESMFold_hypothetical_protein	X4YH35_2_unrelaxed_rank_001_alphafold2_ptm_model_1_seed_000.pdb	X4YH35_2_unrelaxed_rank_001_alphafold2_ptm_model_1_seed_000.pdb	1.339E+00	0.098	31	10	358	360	99	431	846	393	0.969	0.394
LOKIASV2_3151_ESMFold_hypothetical_protein	A0A0A0RMN4_unrelaxed_rank_001_alphafold2_ptm_model_3_seed_000.pdb	A0A0A0RMN4_unrelaxed_rank_001_alphafold2_ptm_model_3_seed_000.pdb	6.206E+00	0.090	30	185	341	360	60	223	223	183	0.436	0.735
LOKIASV2_3151_ESMFold_hypothetical_protein	A0A8S5UFF7_unrelaxed_rank_001_alphafold2_ptm_model_3_seed_000.pdb	A0A8S5UFF7_unrelaxed_rank_001_alphafold2_ptm_model_3_seed_000.pdb	3.900E+00	0.082	29	81	274	360	7	163	217	200	0.539	0.724
LOKIASV2_3151_ESMFold_hypothetical_protein	A0A481Z3Q1_unrelaxed_rank_001_alphafold2_ptm_model_5_seed_000.pdb	A0A481Z3Q1_unrelaxed_rank_001_alphafold2_ptm_model_5_seed_000.pdb	2.339E+00	0.082	29	2	237	360	16	219	220	254	0.656	0.927
LOKIASV2_3151_ESMFold_hypothetical_protein	A0A6J5LVH9_unrelaxed_rank_001_alphafold2_ptm_model_3_seed_000.pdb	A0A6J5LVH9_unrelaxed_rank_001_alphafold2_ptm_model_3_seed_000.pdb	3.900E+00	0.082	29	189	337	360	348	535	540	194	0.414	0.348
LOKIASV2_3151_ESMFold_hypothetical_protein	A0A8S5PF67_unrelaxed_rank_001_alphafold2_ptm_model_3_seed_000.pdb	A0A8S5PF67_unrelaxed_rank_001_alphafold2_ptm_model_3_seed_000.pdb	5.398E+00	0.076	28	189	360	360	22	161	161	179	0.478	0.870
LOKIASV2_3151_ESMFold_hypothetical_protein	A0A0A0RV43_unrelaxed_rank_001_alphafold2_ptm_model_3_seed_000.pdb	A0A0A0RV43_unrelaxed_rank_001_alphafold2_ptm_model_3_seed_000.pdb	5.655E+00	0.076	28	150	341	360	5	191	191	210	0.533	0.979
LOKIASV2_3151_ESMFold_hypothetical_protein	A0A482N4U3_unrelaxed_rank_001_alphafold2_ptm_model_2_seed_000.pdb	A0A482N4U3_unrelaxed_rank_001_alphafold2_ptm_model_2_seed_000.pdb	4.483E+00	0.076	28	208	355	360	4	154	194	168	0.411	0.778
LOKIASV2_3151_ESMFold_hypothetical_protein	A0A6G6XQB8_unrelaxed_rank_001_alphafold2_ptm_model_3_seed_000.pdb	A0A6G6XQB8_unrelaxed_rank_001_alphafold2_ptm_model_3_seed_000.pdb	9.877E+00	0.069	27	233	358	360	2	130	139	137	0.350	0.928
LOKIASV2_3151_ESMFold_hypothetical_protein	A0A6J5T7Y8_unrelaxed_rank_001_alphafold2_ptm_model_3_seed_000.pdb	A0A6J5T7Y8_unrelaxed_rank_001_alphafold2_ptm_model_3_seed_000.pdb	2.233E+00	0.069	27	101	327	360	277	482	504	248	0.631	0.409
LOKIASV2_3151_ESMFold_hypothetical_protein	A0A6J5SJM2_unrelaxed_rank_001_alphafold2_ptm_model_3_seed_000.pdb	A0A6J5SJM2_unrelaxed_rank_001_alphafold2_ptm_model_3_seed_000.pdb	1.220E+00	0.069	27	80	356	360	506	759	802	303	0.769	0.317
LOKIASV2_3151_ESMFold_hypothetical_protein	A0A141GF17_unrelaxed_rank_001_alphafold2_ptm_model_3_seed_000.pdb	A0A141GF17_unrelaxed_rank_001_alphafold2_ptm_model_3_seed_000.pdb	8.201E+00	0.063	26	248	354	360	22	119	124	118	0.297	0.790
LOKIASV2_3151_ESMFold_hypothetical_protein	A0A8S5MYX8_unrelaxed_rank_001_alphafold2_ptm_model_3_seed_000.pdb	A0A8S5MYX8_unrelaxed_rank_001_alphafold2_ptm_model_3_seed_000.pdb	9.000E+00	0.063	26	234	358	360	8	123	138	126	0.347	0.841
LOKIASV2_3151_ESMFold_hypothetical_protein	A0A7D9N084_unrelaxed_rank_001_alphafold2_ptm_model_3_seed_000.pdb	A0A7D9N084_unrelaxed_rank_001_alphafold2_ptm_model_3_seed_000.pdb	5.924E+00	0.057	25	86	211	360	19	127	128	127	0.350	0.852
LOKIASV2_3151_ESMFold_hypothetical_protein	A0A1B1IQU8_unrelaxed_rank_001_alphafold2_ptm_model_5_seed_000.pdb	A0A1B1IQU8_unrelaxed_rank_001_alphafold2_ptm_model_5_seed_000.pdb	2.233E+00	0.057	25	93	326	360	10	215	223	255	0.650	0.924
LOKIASV2_3151_ESMFold_hypothetical_protein	R4WAJ6_unrelaxed_rank_001_alphafold2_ptm_model_3_seed_000.pdb	R4WAJ6_unrelaxed_rank_001_alphafold2_ptm_model_3_seed_000.pdb	4.279E+00	0.057	25	137	358	360	83	306	312	265	0.617	0.718
LOKIASV2_3151_ESMFold_hypothetical_protein	A0A8K1XHI9_unrelaxed_rank_001_alphafold2_ptm_model_1_seed_000.pdb	A0A8K1XHI9_unrelaxed_rank_001_alphafold2_ptm_model_1_seed_000.pdb	2.339E+00	0.057	25	101	358	360	171	455	482	337	0.717	0.591
LOKIASV2_3151_ESMFold_hypothetical_protein	A0A6J5R7P3_unrelaxed_rank_001_alphafold2_ptm_model_3_seed_000.pdb	A0A6J5R7P3_unrelaxed_rank_001_alphafold2_ptm_model_3_seed_000.pdb	8.592E+00	0.051	24	193	326	360	96	223	254	146	0.372	0.504
LOKIASV2_3151_ESMFold_hypothetical_protein	A0A077X4P5_unrelaxed_rank_001_alphafold2_ptm_model_5_seed_000.pdb	A0A077X4P5_unrelaxed_rank_001_alphafold2_ptm_model_5_seed_000.pdb	6.206E+00	0.051	24	134	220	360	170	263	270	97	0.242	0.348
LOKIASV2_3151_ESMFold_hypothetical_protein	A0A8S5UYA5_unrelaxed_rank_001_alphafold2_ptm_model_3_seed_000.pdb	A0A8S5UYA5_unrelaxed_rank_001_alphafold2_ptm_model_3_seed_000.pdb	3.722E+00	0.051	24	82	358	360	351	619	666	312	0.769	0.404
LOKIASV2_3151_ESMFold_hypothetical_protein	Q6ZYJ1_unrelaxed_rank_001_alphafold2_ptm_model_3_seed_000.pdb	Q6ZYJ1_unrelaxed_rank_001_alphafold2_ptm_model_3_seed_000.pdb	8.592E+00	0.045	23	80	260	360	37	201	209	196	0.503	0.789
LOKIASV2_3151_ESMFold_hypothetical_protein	A0A8F9XRY6_unrelaxed_rank_001_alphafold2_ptm_model_4_seed_000.pdb	A0A8F9XRY6_unrelaxed_rank_001_alphafold2_ptm_model_4_seed_000.pdb	8.201E+00	0.045	23	78	263	360	32	206	228	200	0.517	0.768
LOKIASV2_3151_ESMFold_hypothetical_protein	A0A0K1R1E5_unrelaxed_rank_001_alphafold2_ptm_model_3_seed_000.pdb	A0A0K1R1E5_unrelaxed_rank_001_alphafold2_ptm_model_3_seed_000.pdb	4.696E+00	0.045	23	79	258	360	122	343	346	238	0.500	0.642
LOKIASV2_3151_ESMFold_hypothetical_protein	A0A2P1GMP6_unrelaxed_rank_001_alphafold2_ptm_model_1_seed_000.pdb	A0A2P1GMP6_unrelaxed_rank_001_alphafold2_ptm_model_1_seed_000.pdb	2.689E+00	0.045	23	74	325	360	242	512	561	302	0.700	0.483
LOKIASV2_3151_ESMFold_hypothetical_protein	A0A8F8PQZ9_unrelaxed_rank_001_alphafold2_ptm_model_1_seed_000.pdb	A0A8F8PQZ9_unrelaxed_rank_001_alphafold2_ptm_model_1_seed_000.pdb	2.450E+00	0.045	23	55	358	360	268	566	689	327	0.844	0.434
LOKIASV2_3151_ESMFold_hypothetical_protein	A0A1Z2RXF0_unrelaxed_rank_001_alphafold2_ptm_model_5_seed_000.pdb	A0A1Z2RXF0_unrelaxed_rank_001_alphafold2_ptm_model_5_seed_000.pdb	8.592E+00	0.040	22	80	329	360	2	178	201	254	0.694	0.881
LOKIASV2_3151_ESMFold_hypothetical_protein	A0A7T0Q4N6_unrelaxed_rank_001_alphafold2_ptm_model_3_seed_000.pdb	A0A7T0Q4N6_unrelaxed_rank_001_alphafold2_ptm_model_3_seed_000.pdb	3.900E+00	0.040	22	75	357	360	97	368	369	323	0.786	0.737
LOKIASV2_3151_ESMFold_hypothetical_protein	A0A916KQE4_unrelaxed_rank_001_alphafold2_ptm_model_3_seed_000.pdb	A0A916KQE4_unrelaxed_rank_001_alphafold2_ptm_model_3_seed_000.pdb	2.339E+00	0.040	22	149	360	360	163	393	393	254	0.589	0.588
LOKIASV2_3151_ESMFold_hypothetical_protein	A0A3G5AGG7_unrelaxed_rank_001_alphafold2_ptm_model_3_seed_000.pdb	A0A3G5AGG7_unrelaxed_rank_001_alphafold2_ptm_model_3_seed_000.pdb	1.690E+00	0.040	22	78	218	360	31	236	438	209	0.392	0.470
LOKIASV2_3151_ESMFold_hypothetical_protein	A0A8S5RV11_unrelaxed_rank_001_alphafold2_ptm_model_4_seed_000.pdb	A0A8S5RV11_unrelaxed_rank_001_alphafold2_ptm_model_4_seed_000.pdb	3.553E+00	0.034	21	14	198	360	25	205	207	202	0.514	0.874
LOKIASV2_3151_ESMFold_hypothetical_protein	A0A6J5S5B3_unrelaxed_rank_001_alphafold2_ptm_model_2_seed_000.pdb	A0A6J5S5B3_unrelaxed_rank_001_alphafold2_ptm_model_2_seed_000.pdb	6.810E+00	0.034	21	105	327	360	40	242	296	235	0.619	0.686
LOKIASV2_3151_ESMFold_hypothetical_protein	A0A8S5TGT5_unrelaxed_rank_001_alphafold2_ptm_model_3_seed_000.pdb	A0A8S5TGT5_unrelaxed_rank_001_alphafold2_ptm_model_3_seed_000.pdb	9.877E+00	0.029	20	89	258	360	12	199	200	197	0.472	0.940
LOKIASV2_3151_ESMFold_hypothetical_protein	A0A481Z815_unrelaxed_rank_001_alphafold2_ptm_model_5_seed_000.pdb	A0A481Z815_unrelaxed_rank_001_alphafold2_ptm_model_5_seed_000.pdb	8.201E+00	0.029	20	10	260	360	1	236	246	293	0.697	0.959
LOKIASV2_3151_ESMFold_hypothetical_protein	A0A6J5SA12_unrelaxed_rank_001_alphafold2_ptm_model_3_seed_000.pdb	A0A6J5SA12_unrelaxed_rank_001_alphafold2_ptm_model_3_seed_000.pdb	9.428E+00	0.024	19	10	360	360	1	305	306	378	0.975	0.997
LOKIASV2_3151_ESMFold_hypothetical_protein	A0A6J7WJV0_unrelaxed_rank_001_alphafold2_ptm_model_1_seed_000.pdb	A0A6J7WJV0_unrelaxed_rank_001_alphafold2_ptm_model_1_seed_000.pdb	4.085E+00	0.024	19	11	358	360	196	505	653	395	0.967	0.475
LOKIASV2_3151_ESMFold_hypothetical_protein	A0A0K1LMA8_unrelaxed_rank_001_alphafold2_ptm_model_4_seed_000.pdb	A0A0K1LMA8_unrelaxed_rank_001_alphafold2_ptm_model_4_seed_000.pdb	9.428E+00	0.020	18	85	321	360	3	209	223	260	0.658	0.928
LOKIASV2_3151_ESMFold_hypothetical_protein	A0A6J5LEX1_unrelaxed_rank_001_alphafold2_ptm_model_3_seed_000.pdb	A0A6J5LEX1_unrelaxed_rank_001_alphafold2_ptm_model_3_seed_000.pdb	6.810E+00	0.020	18	8	358	360	161	510	573	397	0.975	0.611
LOKIASV2_3151_ESMFold_hypothetical_protein	A0A1W6JS15_unrelaxed_rank_001_alphafold2_ptm_model_1_seed_000.pdb	A0A1W6JS15_unrelaxed_rank_001_alphafold2_ptm_model_1_seed_000.pdb	5.655E+00	0.016	17	74	359	360	320	562	602	308	0.794	0.404
LOKIASV2_3151_ESMFold_hypothetical_protein	A0A6N1NU74_unrelaxed_rank_001_alphafold2_ptm_model_3_seed_000.pdb	A0A6N1NU74_unrelaxed_rank_001_alphafold2_ptm_model_3_seed_000.pdb	4.919E+00	0.016	17	53	358	360	183	523	725	393	0.850	0.470
LOKIASV2_3151_ESMFold_hypothetical_protein	A0A1X6WFH5_unrelaxed_rank_001_alphafold2_ptm_model_3_seed_000.pdb	A0A1X6WFH5_unrelaxed_rank_001_alphafold2_ptm_model_3_seed_000.pdb	7.829E+00	0.014	16	75	274	360	31	257	257	245	0.556	0.883
LOKIASV2_3151_ESMFold_hypothetical_protein	A0A5S9HX53_unrelaxed_rank_001_alphafold2_ptm_model_3_seed_000.pdb	A0A5S9HX53_unrelaxed_rank_001_alphafold2_ptm_model_3_seed_000.pdb	8.592E+00	0.014	16	66	327	360	273	485	492	270	0.728	0.433
LOKIASV2_3151_ESMFold_hypothetical_protein	A0A8S5S222_unrelaxed_rank_001_alphafold2_ptm_model_3_seed_000.pdb	A0A8S5S222_unrelaxed_rank_001_alphafold2_ptm_model_3_seed_000.pdb	5.655E+00	0.014	16	56	358	360	183	488	993	371	0.842	0.308
LOKIASV2_3151_ESMFold_hypothetical_protein	A0A6J5NK03_1_unrelaxed_rank_001_alphafold2_ptm_model_2_seed_000.pdb	A0A6J5NK03_1_unrelaxed_rank_001_alphafold2_ptm_model_2_seed_000.pdb	8.592E+00	0.014	16	74	359	360	86	434	1158	375	0.794	0.301
LOKIASV2_3151_ESMFold_hypothetical_protein	A0A8D9PH04_unrelaxed_rank_001_alphafold2_ptm_model_3_seed_000.pdb	A0A8D9PH04_unrelaxed_rank_001_alphafold2_ptm_model_3_seed_000.pdb	8.592E+00	0.011	15	86	360	360	82	310	310	295	0.764	0.739
LOKIASV2_3151_ESMFold_hypothetical_protein	A0A7S5T4G8_unrelaxed_rank_001_alphafold2_ptm_model_1_seed_000.pdb	A0A7S5T4G8_unrelaxed_rank_001_alphafold2_ptm_model_1_seed_000.pdb	8.592E+00	0.011	15	75	358	360	11	357	385	372	0.789	0.901
LOKIASV2_3151_ESMFold_hypothetical_protein	A0A482N5E3_unrelaxed_rank_001_alphafold2_ptm_model_1_seed_000.pdb	A0A482N5E3_unrelaxed_rank_001_alphafold2_ptm_model_1_seed_000.pdb	7.829E+00	0.011	15	54	326	360	99	343	450	293	0.758	0.544
LOKIASV2_3151_ESMFold_hypothetical_protein	A0A8S5PYS8_unrelaxed_rank_001_alphafold2_ptm_model_3_seed_000.pdb	A0A8S5PYS8_unrelaxed_rank_001_alphafold2_ptm_model_3_seed_000.pdb	8.592E+00	0.011	15	82	341	360	274	517	912	296	0.722	0.268
