LOKIASV2_2778_ESMFold_4Fe-4S_single_cluster_domain-containing_protein	D9ZNH1_unrelaxed_rank_001_alphafold2_ptm_model_1_seed_000.pdb	D9ZNH1_unrelaxed_rank_001_alphafold2_ptm_model_1_seed_000.pdb	1.890E-09	1.000	290	6	153	196	2	148	148	153	0.755	0.993
LOKIASV2_2778_ESMFold_4Fe-4S_single_cluster_domain-containing_protein	A0A8S5SZV1_unrelaxed_rank_001_alphafold2_ptm_model_1_seed_000.pdb	A0A8S5SZV1_unrelaxed_rank_001_alphafold2_ptm_model_1_seed_000.pdb	7.801E-09	1.000	236	5	153	196	2	157	171	165	0.760	0.912
LOKIASV2_2778_ESMFold_4Fe-4S_single_cluster_domain-containing_protein	A0A2P0VNQ0_unrelaxed_rank_001_alphafold2_ptm_model_4_seed_000.pdb	A0A2P0VNQ0_unrelaxed_rank_001_alphafold2_ptm_model_4_seed_000.pdb	2.198E-04	1.000	125	6	123	196	50	165	287	130	0.602	0.404
LOKIASV2_2778_ESMFold_4Fe-4S_single_cluster_domain-containing_protein	Q2WG52_unrelaxed_rank_001_alphafold2_ptm_model_1_seed_000.pdb	Q2WG52_unrelaxed_rank_001_alphafold2_ptm_model_1_seed_000.pdb	1.335E-03	1.000	120	69	151	196	8	91	106	88	0.423	0.792
LOKIASV2_2778_ESMFold_4Fe-4S_single_cluster_domain-containing_protein	A0A6J5L1Z0_unrelaxed_rank_001_alphafold2_ptm_model_4_seed_000.pdb	A0A6J5L1Z0_unrelaxed_rank_001_alphafold2_ptm_model_4_seed_000.pdb	1.400E-04	1.000	117	1	103	196	1	129	260	134	0.526	0.496
LOKIASV2_2778_ESMFold_4Fe-4S_single_cluster_domain-containing_protein	A0A516LLF1_unrelaxed_rank_001_alphafold2_ptm_model_4_seed_000.pdb	A0A516LLF1_unrelaxed_rank_001_alphafold2_ptm_model_4_seed_000.pdb	7.477E-04	1.000	113	1	103	196	1	110	218	112	0.526	0.505
LOKIASV2_2778_ESMFold_4Fe-4S_single_cluster_domain-containing_protein	A0A2I7QX60_unrelaxed_rank_001_alphafold2_ptm_model_3_seed_000.pdb	A0A2I7QX60_unrelaxed_rank_001_alphafold2_ptm_model_3_seed_000.pdb	4.063E-02	0.956	73	26	103	196	6	84	197	82	0.398	0.401
LOKIASV2_2778_ESMFold_4Fe-4S_single_cluster_domain-containing_protein	A0A8S5QE31_unrelaxed_rank_001_alphafold2_ptm_model_5_seed_000.pdb	A0A8S5QE31_unrelaxed_rank_001_alphafold2_ptm_model_5_seed_000.pdb	1.274E-02	0.887	66	22	127	196	90	186	543	117	0.541	0.179
LOKIASV2_2778_ESMFold_4Fe-4S_single_cluster_domain-containing_protein	A0A8S5VGM6_unrelaxed_rank_001_alphafold2_ptm_model_2_seed_000.pdb	A0A8S5VGM6_unrelaxed_rank_001_alphafold2_ptm_model_2_seed_000.pdb	6.379E-02	0.855	64	26	123	196	18	108	341	102	0.500	0.267
LOKIASV2_2778_ESMFold_4Fe-4S_single_cluster_domain-containing_protein	A0A8S5PXJ3_unrelaxed_rank_001_alphafold2_ptm_model_4_seed_000.pdb	A0A8S5PXJ3_unrelaxed_rank_001_alphafold2_ptm_model_4_seed_000.pdb	7.256E-02	0.795	61	26	148	196	76	184	339	123	0.628	0.322
LOKIASV2_2778_ESMFold_4Fe-4S_single_cluster_domain-containing_protein	A0A481YN32_unrelaxed_rank_001_alphafold2_ptm_model_3_seed_000.pdb	A0A481YN32_unrelaxed_rank_001_alphafold2_ptm_model_3_seed_000.pdb	1.572E-01	0.772	60	53	125	196	65	135	175	75	0.372	0.406
LOKIASV2_2778_ESMFold_4Fe-4S_single_cluster_domain-containing_protein	A0A191SAZ3_unrelaxed_rank_001_alphafold2_ptm_model_3_seed_000.pdb	A0A191SAZ3_unrelaxed_rank_001_alphafold2_ptm_model_3_seed_000.pdb	1.600E+00	0.569	53	163	195	196	1	33	94	33	0.168	0.351
LOKIASV2_2778_ESMFold_4Fe-4S_single_cluster_domain-containing_protein	G3MBM1_unrelaxed_rank_001_alphafold2_ptm_model_3_seed_000.pdb	G3MBM1_unrelaxed_rank_001_alphafold2_ptm_model_3_seed_000.pdb	1.474E-01	0.537	52	55	135	196	405	490	549	87	0.413	0.157
LOKIASV2_2778_ESMFold_4Fe-4S_single_cluster_domain-containing_protein	UPI001CE4C174_unrelaxed_rank_001_alphafold2_ptm_model_3_seed_000.pdb	UPI001CE4C174_unrelaxed_rank_001_alphafold2_ptm_model_3_seed_000.pdb	3.634E-01	0.473	50	26	123	196	7	104	379	107	0.500	0.259
LOKIASV2_2778_ESMFold_4Fe-4S_single_cluster_domain-containing_protein	A0A6J7WI14_unrelaxed_rank_001_alphafold2_ptm_model_2_seed_000.pdb	A0A6J7WI14_unrelaxed_rank_001_alphafold2_ptm_model_2_seed_000.pdb	1.139E-01	0.411	48	32	125	196	111	212	378	106	0.480	0.270
LOKIASV2_2778_ESMFold_4Fe-4S_single_cluster_domain-containing_protein	UPI001E6AD6B5_unrelaxed_rank_001_alphafold2_ptm_model_3_seed_000.pdb	UPI001E6AD6B5_unrelaxed_rank_001_alphafold2_ptm_model_3_seed_000.pdb	3.876E-01	0.382	47	26	136	196	102	206	467	120	0.566	0.225
LOKIASV2_2778_ESMFold_4Fe-4S_single_cluster_domain-containing_protein	A0A1P8DJN0_unrelaxed_rank_001_alphafold2_ptm_model_3_seed_000.pdb	A0A1P8DJN0_unrelaxed_rank_001_alphafold2_ptm_model_3_seed_000.pdb	4.409E-01	0.382	47	54	128	196	461	534	659	82	0.383	0.112
LOKIASV2_2778_ESMFold_4Fe-4S_single_cluster_domain-containing_protein	A0A7D3QUH3_unrelaxed_rank_001_alphafold2_ptm_model_1_seed_000.pdb	A0A7D3QUH3_unrelaxed_rank_001_alphafold2_ptm_model_1_seed_000.pdb	1.572E-01	0.326	45	54	133	196	120	196	206	84	0.408	0.374
LOKIASV2_2778_ESMFold_4Fe-4S_single_cluster_domain-containing_protein	A0A8S5QAF3_unrelaxed_rank_001_alphafold2_ptm_model_5_seed_000.pdb	A0A8S5QAF3_unrelaxed_rank_001_alphafold2_ptm_model_5_seed_000.pdb	2.469E-01	0.277	43	11	105	196	31	133	270	112	0.485	0.381
LOKIASV2_2778_ESMFold_4Fe-4S_single_cluster_domain-containing_protein	A0A3G5ACL7_unrelaxed_rank_001_alphafold2_ptm_model_5_seed_000.pdb	A0A3G5ACL7_unrelaxed_rank_001_alphafold2_ptm_model_5_seed_000.pdb	6.490E-01	0.254	42	55	125	196	98	173	470	79	0.362	0.162
LOKIASV2_2778_ESMFold_4Fe-4S_single_cluster_domain-containing_protein	A0A516L4W7_unrelaxed_rank_001_alphafold2_ptm_model_3_seed_000.pdb	A0A516L4W7_unrelaxed_rank_001_alphafold2_ptm_model_3_seed_000.pdb	1.002E-01	0.233	41	14	133	196	60	204	260	160	0.612	0.558
LOKIASV2_2778_ESMFold_4Fe-4S_single_cluster_domain-containing_protein	A0A6J5R8L9_unrelaxed_rank_001_alphafold2_ptm_model_3_seed_000.pdb	A0A6J5R8L9_unrelaxed_rank_001_alphafold2_ptm_model_3_seed_000.pdb	1.002E-01	0.214	40	9	195	196	44	207	382	205	0.954	0.429
LOKIASV2_2778_ESMFold_4Fe-4S_single_cluster_domain-containing_protein	I6XCF1_unrelaxed_rank_001_alphafold2_ptm_model_3_seed_000.pdb	I6XCF1_unrelaxed_rank_001_alphafold2_ptm_model_3_seed_000.pdb	5.349E-01	0.196	39	30	121	196	101	192	350	107	0.469	0.263
LOKIASV2_2778_ESMFold_4Fe-4S_single_cluster_domain-containing_protein	A0A8S5UU14_unrelaxed_rank_001_alphafold2_ptm_model_1_seed_000.pdb	A0A8S5UU14_unrelaxed_rank_001_alphafold2_ptm_model_1_seed_000.pdb	8.398E-01	0.196	39	53	132	196	183	258	394	82	0.408	0.193
LOKIASV2_2778_ESMFold_4Fe-4S_single_cluster_domain-containing_protein	A0A6J5LA91_unrelaxed_rank_001_alphafold2_ptm_model_2_seed_000.pdb	A0A6J5LA91_unrelaxed_rank_001_alphafold2_ptm_model_2_seed_000.pdb	2.808E-01	0.196	39	56	136	196	402	506	517	108	0.413	0.203
LOKIASV2_2778_ESMFold_4Fe-4S_single_cluster_domain-containing_protein	A0A1S5R1E9_unrelaxed_rank_001_alphafold2_ptm_model_2_seed_000.pdb	A0A1S5R1E9_unrelaxed_rank_001_alphafold2_ptm_model_2_seed_000.pdb	1.319E+00	0.179	38	163	196	196	1	35	44	35	0.173	0.795
LOKIASV2_2778_ESMFold_4Fe-4S_single_cluster_domain-containing_protein	A0A7R7EQN7_unrelaxed_rank_001_alphafold2_ptm_model_3_seed_000.pdb	A0A7R7EQN7_unrelaxed_rank_001_alphafold2_ptm_model_3_seed_000.pdb	1.820E+00	0.179	38	163	195	196	1	33	88	33	0.168	0.375
LOKIASV2_2778_ESMFold_4Fe-4S_single_cluster_domain-containing_protein	A0A6J5PMC2_unrelaxed_rank_001_alphafold2_ptm_model_3_seed_000.pdb	A0A6J5PMC2_unrelaxed_rank_001_alphafold2_ptm_model_3_seed_000.pdb	1.941E+00	0.179	38	55	131	196	34	113	128	80	0.393	0.625
LOKIASV2_2778_ESMFold_4Fe-4S_single_cluster_domain-containing_protein	A0A8S5SYJ5_unrelaxed_rank_001_alphafold2_ptm_model_4_seed_000.pdb	A0A8S5SYJ5_unrelaxed_rank_001_alphafold2_ptm_model_4_seed_000.pdb	1.019E+00	0.164	37	26	120	196	12	101	444	108	0.485	0.203
LOKIASV2_2778_ESMFold_4Fe-4S_single_cluster_domain-containing_protein	A0A6J5LDK6_unrelaxed_rank_001_alphafold2_ptm_model_2_seed_000.pdb	A0A6J5LDK6_unrelaxed_rank_001_alphafold2_ptm_model_2_seed_000.pdb	1.236E+00	0.164	37	26	122	196	221	324	513	107	0.495	0.203
LOKIASV2_2778_ESMFold_4Fe-4S_single_cluster_domain-containing_protein	A0A0N9NIP4_unrelaxed_rank_001_alphafold2_ptm_model_3_seed_000.pdb	A0A0N9NIP4_unrelaxed_rank_001_alphafold2_ptm_model_3_seed_000.pdb	5.349E-01	0.164	37	55	130	196	678	754	770	86	0.388	0.100
LOKIASV2_2778_ESMFold_4Fe-4S_single_cluster_domain-containing_protein	A0A1W6JUR7_unrelaxed_rank_001_alphafold2_ptm_model_1_seed_000.pdb	A0A1W6JUR7_unrelaxed_rank_001_alphafold2_ptm_model_1_seed_000.pdb	2.512E+00	0.150	36	169	195	196	4	28	47	27	0.138	0.532
LOKIASV2_2778_ESMFold_4Fe-4S_single_cluster_domain-containing_protein	A0A4Y1NRH6_unrelaxed_rank_001_alphafold2_ptm_model_2_seed_000.pdb	A0A4Y1NRH6_unrelaxed_rank_001_alphafold2_ptm_model_2_seed_000.pdb	2.679E+00	0.150	36	162	195	196	2	35	60	34	0.173	0.567
LOKIASV2_2778_ESMFold_4Fe-4S_single_cluster_domain-containing_protein	A0A1C9LW30_unrelaxed_rank_001_alphafold2_ptm_model_3_seed_000.pdb	A0A1C9LW30_unrelaxed_rank_001_alphafold2_ptm_model_3_seed_000.pdb	3.697E+00	0.150	36	166	195	196	1	30	104	30	0.153	0.288
LOKIASV2_2778_ESMFold_4Fe-4S_single_cluster_domain-containing_protein	A0A8S5SCA7_unrelaxed_rank_001_alphafold2_ptm_model_3_seed_000.pdb	A0A8S5SCA7_unrelaxed_rank_001_alphafold2_ptm_model_3_seed_000.pdb	9.554E-01	0.150	36	55	132	196	157	250	267	94	0.398	0.352
LOKIASV2_2778_ESMFold_4Fe-4S_single_cluster_domain-containing_protein	A0A8S5Q759_unrelaxed_rank_001_alphafold2_ptm_model_5_seed_000.pdb	A0A8S5Q759_unrelaxed_rank_001_alphafold2_ptm_model_5_seed_000.pdb	4.409E-01	0.150	36	11	127	196	1	114	286	131	0.597	0.399
LOKIASV2_2778_ESMFold_4Fe-4S_single_cluster_domain-containing_protein	A0A516MAI7_unrelaxed_rank_001_alphafold2_ptm_model_1_seed_000.pdb	A0A516MAI7_unrelaxed_rank_001_alphafold2_ptm_model_1_seed_000.pdb	3.407E-01	0.150	36	12	126	196	5	104	334	129	0.587	0.299
LOKIASV2_2778_ESMFold_4Fe-4S_single_cluster_domain-containing_protein	Q6VT75_unrelaxed_rank_001_alphafold2_ptm_model_2_seed_000.pdb	Q6VT75_unrelaxed_rank_001_alphafold2_ptm_model_2_seed_000.pdb	6.085E-01	0.150	36	22	128	196	52	159	395	121	0.546	0.273
LOKIASV2_2778_ESMFold_4Fe-4S_single_cluster_domain-containing_protein	A0A8S5VC31_unrelaxed_rank_001_alphafold2_ptm_model_1_seed_000.pdb	A0A8S5VC31_unrelaxed_rank_001_alphafold2_ptm_model_1_seed_000.pdb	5.103E+00	0.138	35	168	195	196	28	56	82	29	0.143	0.354
LOKIASV2_2778_ESMFold_4Fe-4S_single_cluster_domain-containing_protein	G8J7R5_unrelaxed_rank_001_alphafold2_ptm_model_3_seed_000.pdb	G8J7R5_unrelaxed_rank_001_alphafold2_ptm_model_3_seed_000.pdb	5.103E+00	0.138	35	169	195	196	48	74	89	27	0.138	0.303
LOKIASV2_2778_ESMFold_4Fe-4S_single_cluster_domain-containing_protein	A0A6J5S3M6_unrelaxed_rank_001_alphafold2_ptm_model_3_seed_000.pdb	A0A6J5S3M6_unrelaxed_rank_001_alphafold2_ptm_model_3_seed_000.pdb	6.085E-01	0.138	35	10	128	196	54	165	356	135	0.607	0.315
LOKIASV2_2778_ESMFold_4Fe-4S_single_cluster_domain-containing_protein	S4W1T5_unrelaxed_rank_001_alphafold2_ptm_model_4_seed_000.pdb	S4W1T5_unrelaxed_rank_001_alphafold2_ptm_model_4_seed_000.pdb	1.019E+00	0.138	35	56	127	196	226	300	506	82	0.367	0.148
LOKIASV2_2778_ESMFold_4Fe-4S_single_cluster_domain-containing_protein	A0A8S5QS09_unrelaxed_rank_001_alphafold2_ptm_model_3_seed_000.pdb	A0A8S5QS09_unrelaxed_rank_001_alphafold2_ptm_model_3_seed_000.pdb	2.208E+00	0.138	35	53	123	196	258	332	571	79	0.362	0.131
LOKIASV2_2778_ESMFold_4Fe-4S_single_cluster_domain-containing_protein	A0A6B9JI18_unrelaxed_rank_001_alphafold2_ptm_model_1_seed_000.pdb	A0A6B9JI18_unrelaxed_rank_001_alphafold2_ptm_model_1_seed_000.pdb	6.085E-01	0.138	35	53	121	196	514	598	836	87	0.352	0.102
LOKIASV2_2778_ESMFold_4Fe-4S_single_cluster_domain-containing_protein	A0A3T0IJ37_unrelaxed_rank_001_alphafold2_ptm_model_3_seed_000.pdb	A0A3T0IJ37_unrelaxed_rank_001_alphafold2_ptm_model_3_seed_000.pdb	2.512E+00	0.126	34	166	194	196	2	30	30	29	0.148	0.967
LOKIASV2_2778_ESMFold_4Fe-4S_single_cluster_domain-containing_protein	A0A6V7C6S3_unrelaxed_rank_001_alphafold2_ptm_model_3_seed_000.pdb	A0A6V7C6S3_unrelaxed_rank_001_alphafold2_ptm_model_3_seed_000.pdb	4.784E+00	0.126	34	167	195	196	3	31	61	29	0.148	0.475
LOKIASV2_2778_ESMFold_4Fe-4S_single_cluster_domain-containing_protein	A0A127KLY8_unrelaxed_rank_001_alphafold2_ptm_model_3_seed_000.pdb	A0A127KLY8_unrelaxed_rank_001_alphafold2_ptm_model_3_seed_000.pdb	3.466E+00	0.126	34	168	195	196	4	32	84	29	0.143	0.345
LOKIASV2_2778_ESMFold_4Fe-4S_single_cluster_domain-containing_protein	A0A886NJR2_unrelaxed_rank_001_alphafold2_ptm_model_4_seed_000.pdb	A0A886NJR2_unrelaxed_rank_001_alphafold2_ptm_model_4_seed_000.pdb	6.490E-01	0.126	34	55	120	196	10	83	291	77	0.337	0.254
LOKIASV2_2778_ESMFold_4Fe-4S_single_cluster_domain-containing_protein	A0A6J5SVL3_unrelaxed_rank_001_alphafold2_ptm_model_1_seed_000.pdb	A0A6J5SVL3_unrelaxed_rank_001_alphafold2_ptm_model_1_seed_000.pdb	2.170E-01	0.126	34	55	161	196	24	118	358	122	0.546	0.265
LOKIASV2_2778_ESMFold_4Fe-4S_single_cluster_domain-containing_protein	A0A126DIM0_unrelaxed_rank_001_alphafold2_ptm_model_3_seed_000.pdb	A0A126DIM0_unrelaxed_rank_001_alphafold2_ptm_model_3_seed_000.pdb	1.474E-01	0.126	34	4	195	196	12	222	453	249	0.980	0.466
LOKIASV2_2778_ESMFold_4Fe-4S_single_cluster_domain-containing_protein	A0A3G8G8A3_unrelaxed_rank_001_alphafold2_ptm_model_3_seed_000.pdb	A0A3G8G8A3_unrelaxed_rank_001_alphafold2_ptm_model_3_seed_000.pdb	3.250E+00	0.116	33	165	196	196	6	38	38	33	0.163	0.868
LOKIASV2_2778_ESMFold_4Fe-4S_single_cluster_domain-containing_protein	A0A6J7W719_unrelaxed_rank_001_alphafold2_ptm_model_2_seed_000.pdb	A0A6J7W719_unrelaxed_rank_001_alphafold2_ptm_model_2_seed_000.pdb	5.103E+00	0.116	33	168	195	196	2	29	46	28	0.143	0.609
LOKIASV2_2778_ESMFold_4Fe-4S_single_cluster_domain-containing_protein	A0A6J5NF79_unrelaxed_rank_001_alphafold2_ptm_model_1_seed_000.pdb	A0A6J5NF79_unrelaxed_rank_001_alphafold2_ptm_model_1_seed_000.pdb	5.805E+00	0.116	33	168	195	196	11	38	61	28	0.143	0.459
LOKIASV2_2778_ESMFold_4Fe-4S_single_cluster_domain-containing_protein	A0A6J5LH42_unrelaxed_rank_001_alphafold2_ptm_model_1_seed_000.pdb	A0A6J5LH42_unrelaxed_rank_001_alphafold2_ptm_model_1_seed_000.pdb	3.943E+00	0.116	33	170	195	196	5	30	79	26	0.133	0.329
LOKIASV2_2778_ESMFold_4Fe-4S_single_cluster_domain-containing_protein	A0A2Z4QHH0_unrelaxed_rank_001_alphafold2_ptm_model_1_seed_000.pdb	A0A2Z4QHH0_unrelaxed_rank_001_alphafold2_ptm_model_1_seed_000.pdb	1.087E+00	0.116	33	81	136	196	23	71	131	56	0.286	0.374
LOKIASV2_2778_ESMFold_4Fe-4S_single_cluster_domain-containing_protein	A0A2P1MXT6_unrelaxed_rank_001_alphafold2_ptm_model_2_seed_000.pdb	A0A2P1MXT6_unrelaxed_rank_001_alphafold2_ptm_model_2_seed_000.pdb	7.383E-01	0.116	33	130	195	196	76	148	175	73	0.337	0.417
LOKIASV2_2778_ESMFold_4Fe-4S_single_cluster_domain-containing_protein	A7XXL8_unrelaxed_rank_001_alphafold2_ptm_model_5_seed_000.pdb	A7XXL8_unrelaxed_rank_001_alphafold2_ptm_model_5_seed_000.pdb	1.706E+00	0.116	33	55	131	196	472	540	563	81	0.393	0.123
LOKIASV2_2778_ESMFold_4Fe-4S_single_cluster_domain-containing_protein	E3SPE1_unrelaxed_rank_001_alphafold2_ptm_model_1_seed_000.pdb	E3SPE1_unrelaxed_rank_001_alphafold2_ptm_model_1_seed_000.pdb	5.442E+00	0.106	32	168	195	196	2	28	49	28	0.143	0.551
LOKIASV2_2778_ESMFold_4Fe-4S_single_cluster_domain-containing_protein	A0A6J5LD11_unrelaxed_rank_001_alphafold2_ptm_model_1_seed_000.pdb	A0A6J5LD11_unrelaxed_rank_001_alphafold2_ptm_model_1_seed_000.pdb	4.784E+00	0.106	32	170	195	196	5	30	52	26	0.133	0.500
LOKIASV2_2778_ESMFold_4Fe-4S_single_cluster_domain-containing_protein	A0A2D0ZWG5_unrelaxed_rank_001_alphafold2_ptm_model_1_seed_000.pdb	A0A2D0ZWG5_unrelaxed_rank_001_alphafold2_ptm_model_1_seed_000.pdb	5.805E+00	0.106	32	166	195	196	5	34	57	30	0.153	0.526
LOKIASV2_2778_ESMFold_4Fe-4S_single_cluster_domain-containing_protein	A0A879R1M1_unrelaxed_rank_001_alphafold2_ptm_model_3_seed_000.pdb	A0A879R1M1_unrelaxed_rank_001_alphafold2_ptm_model_3_seed_000.pdb	4.486E+00	0.106	32	167	196	196	11	40	61	30	0.153	0.492
LOKIASV2_2778_ESMFold_4Fe-4S_single_cluster_domain-containing_protein	A0A0C4K5Z4_unrelaxed_rank_001_alphafold2_ptm_model_3_seed_000.pdb	A0A0C4K5Z4_unrelaxed_rank_001_alphafold2_ptm_model_3_seed_000.pdb	4.784E+00	0.106	32	169	195	196	12	38	66	27	0.138	0.409
LOKIASV2_2778_ESMFold_4Fe-4S_single_cluster_domain-containing_protein	E7EJU1_unrelaxed_rank_001_alphafold2_ptm_model_2_seed_000.pdb	E7EJU1_unrelaxed_rank_001_alphafold2_ptm_model_2_seed_000.pdb	5.442E+00	0.106	32	165	195	196	71	102	116	32	0.158	0.276
LOKIASV2_2778_ESMFold_4Fe-4S_single_cluster_domain-containing_protein	I4AZH4_unrelaxed_rank_001_alphafold2_ptm_model_3_seed_000.pdb	I4AZH4_unrelaxed_rank_001_alphafold2_ptm_model_3_seed_000.pdb	7.383E-01	0.106	32	55	129	196	379	482	853	105	0.383	0.122
LOKIASV2_2778_ESMFold_4Fe-4S_single_cluster_domain-containing_protein	A0A0K1Y805_unrelaxed_rank_001_alphafold2_ptm_model_1_seed_000.pdb	A0A0K1Y805_unrelaxed_rank_001_alphafold2_ptm_model_1_seed_000.pdb	2.208E+00	0.106	32	155	184	196	584	613	878	30	0.153	0.034
LOKIASV2_2778_ESMFold_4Fe-4S_single_cluster_domain-containing_protein	A0A6J5L5F0_unrelaxed_rank_001_alphafold2_ptm_model_3_seed_000.pdb	A0A6J5L5F0_unrelaxed_rank_001_alphafold2_ptm_model_3_seed_000.pdb	7.043E+00	0.098	31	168	195	196	1	29	41	29	0.143	0.707
LOKIASV2_2778_ESMFold_4Fe-4S_single_cluster_domain-containing_protein	A0A8S5MF93_unrelaxed_rank_001_alphafold2_ptm_model_1_seed_000.pdb	A0A8S5MF93_unrelaxed_rank_001_alphafold2_ptm_model_1_seed_000.pdb	1.236E+00	0.098	31	151	195	196	61	109	119	49	0.230	0.412
LOKIASV2_2778_ESMFold_4Fe-4S_single_cluster_domain-containing_protein	A0A6J7WTN3_unrelaxed_rank_001_alphafold2_ptm_model_3_seed_000.pdb	A0A6J7WTN3_unrelaxed_rank_001_alphafold2_ptm_model_3_seed_000.pdb	4.486E+00	0.098	31	163	195	196	4	35	143	33	0.168	0.224
LOKIASV2_2778_ESMFold_4Fe-4S_single_cluster_domain-containing_protein	A0A171PVP3_unrelaxed_rank_001_alphafold2_ptm_model_1_seed_000.pdb	A0A171PVP3_unrelaxed_rank_001_alphafold2_ptm_model_1_seed_000.pdb	6.603E+00	0.098	31	166	195	196	1	30	173	30	0.153	0.173
LOKIASV2_2778_ESMFold_4Fe-4S_single_cluster_domain-containing_protein	A0A3G3C4Q0_unrelaxed_rank_001_alphafold2_ptm_model_1_seed_000.pdb	A0A3G3C4Q0_unrelaxed_rank_001_alphafold2_ptm_model_1_seed_000.pdb	9.720E+00	0.098	31	169	194	196	105	130	210	26	0.133	0.124
LOKIASV2_2778_ESMFold_4Fe-4S_single_cluster_domain-containing_protein	A0A6J5NTT0_unrelaxed_rank_001_alphafold2_ptm_model_1_seed_000.pdb	A0A6J5NTT0_unrelaxed_rank_001_alphafold2_ptm_model_1_seed_000.pdb	9.554E-01	0.098	31	54	118	196	315	388	456	74	0.332	0.162
LOKIASV2_2778_ESMFold_4Fe-4S_single_cluster_domain-containing_protein	A0A7T9B1A5_unrelaxed_rank_001_alphafold2_ptm_model_3_seed_000.pdb	A0A7T9B1A5_unrelaxed_rank_001_alphafold2_ptm_model_3_seed_000.pdb	3.047E+00	0.098	31	162	195	196	409	442	507	34	0.173	0.067
LOKIASV2_2778_ESMFold_4Fe-4S_single_cluster_domain-containing_protein	A0A6J5N8D2_unrelaxed_rank_001_alphafold2_ptm_model_2_seed_000.pdb	A0A6J5N8D2_unrelaxed_rank_001_alphafold2_ptm_model_2_seed_000.pdb	1.159E+00	0.098	31	55	129	196	449	518	535	81	0.383	0.131
LOKIASV2_2778_ESMFold_4Fe-4S_single_cluster_domain-containing_protein	A0A5K0U8U4_unrelaxed_rank_001_alphafold2_ptm_model_3_seed_000.pdb	A0A5K0U8U4_unrelaxed_rank_001_alphafold2_ptm_model_3_seed_000.pdb	1.406E+00	0.098	31	54	127	196	110	196	1000	95	0.378	0.087
LOKIASV2_2778_ESMFold_4Fe-4S_single_cluster_domain-containing_protein	A0A8S0I230_unrelaxed_rank_001_alphafold2_ptm_model_2_seed_000.pdb	A0A8S0I230_unrelaxed_rank_001_alphafold2_ptm_model_2_seed_000.pdb	3.697E+00	0.090	30	163	195	196	1	31	35	33	0.168	0.886
LOKIASV2_2778_ESMFold_4Fe-4S_single_cluster_domain-containing_protein	A0A343JPU4_unrelaxed_rank_001_alphafold2_ptm_model_3_seed_000.pdb	A0A343JPU4_unrelaxed_rank_001_alphafold2_ptm_model_3_seed_000.pdb	6.603E+00	0.090	30	168	195	196	3	29	42	28	0.143	0.643
LOKIASV2_2778_ESMFold_4Fe-4S_single_cluster_domain-containing_protein	A0A8S5LXT6_unrelaxed_rank_001_alphafold2_ptm_model_2_seed_000.pdb	A0A8S5LXT6_unrelaxed_rank_001_alphafold2_ptm_model_2_seed_000.pdb	3.697E+00	0.090	30	166	195	196	1	32	51	32	0.153	0.627
LOKIASV2_2778_ESMFold_4Fe-4S_single_cluster_domain-containing_protein	A0A879R3Y6_unrelaxed_rank_001_alphafold2_ptm_model_3_seed_000.pdb	A0A879R3Y6_unrelaxed_rank_001_alphafold2_ptm_model_3_seed_000.pdb	3.697E+00	0.090	30	166	195	196	1	30	55	30	0.153	0.545
LOKIASV2_2778_ESMFold_4Fe-4S_single_cluster_domain-containing_protein	A0A516MJU8_unrelaxed_rank_001_alphafold2_ptm_model_2_seed_000.pdb	A0A516MJU8_unrelaxed_rank_001_alphafold2_ptm_model_2_seed_000.pdb	6.603E+00	0.090	30	168	195	196	26	53	56	28	0.143	0.500
LOKIASV2_2778_ESMFold_4Fe-4S_single_cluster_domain-containing_protein	Q3V5E5_unrelaxed_rank_001_alphafold2_ptm_model_3_seed_000.pdb	Q3V5E5_unrelaxed_rank_001_alphafold2_ptm_model_3_seed_000.pdb	6.191E+00	0.090	30	168	196	196	31	58	58	29	0.148	0.483
LOKIASV2_2778_ESMFold_4Fe-4S_single_cluster_domain-containing_protein	A0A9E8RZB0_unrelaxed_rank_001_alphafold2_ptm_model_1_seed_000.pdb	A0A9E8RZB0_unrelaxed_rank_001_alphafold2_ptm_model_1_seed_000.pdb	3.697E+00	0.090	30	162	195	196	28	63	78	36	0.173	0.462
LOKIASV2_2778_ESMFold_4Fe-4S_single_cluster_domain-containing_protein	A0A7S5R893_unrelaxed_rank_001_alphafold2_ptm_model_3_seed_000.pdb	A0A7S5R893_unrelaxed_rank_001_alphafold2_ptm_model_3_seed_000.pdb	4.486E+00	0.090	30	169	196	196	59	86	86	28	0.143	0.326
LOKIASV2_2778_ESMFold_4Fe-4S_single_cluster_domain-containing_protein	A0A6J5S5E4_unrelaxed_rank_001_alphafold2_ptm_model_3_seed_000.pdb	A0A6J5S5E4_unrelaxed_rank_001_alphafold2_ptm_model_3_seed_000.pdb	2.070E+00	0.090	30	45	129	196	103	186	206	95	0.434	0.408
LOKIASV2_2778_ESMFold_4Fe-4S_single_cluster_domain-containing_protein	A0A0A8J8C8_unrelaxed_rank_001_alphafold2_ptm_model_2_seed_000.pdb	A0A0A8J8C8_unrelaxed_rank_001_alphafold2_ptm_model_2_seed_000.pdb	3.250E+00	0.090	30	153	187	196	128	162	245	35	0.179	0.143
LOKIASV2_2778_ESMFold_4Fe-4S_single_cluster_domain-containing_protein	A0A8D4KH03_unrelaxed_rank_001_alphafold2_ptm_model_3_seed_000.pdb	A0A8D4KH03_unrelaxed_rank_001_alphafold2_ptm_model_3_seed_000.pdb	3.047E+00	0.090	30	55	127	196	98	167	263	73	0.372	0.266
LOKIASV2_2778_ESMFold_4Fe-4S_single_cluster_domain-containing_protein	G8FVT4_unrelaxed_rank_001_alphafold2_ptm_model_2_seed_000.pdb	G8FVT4_unrelaxed_rank_001_alphafold2_ptm_model_2_seed_000.pdb	2.070E+00	0.090	30	55	121	196	406	477	1065	75	0.342	0.068
LOKIASV2_2778_ESMFold_4Fe-4S_single_cluster_domain-containing_protein	A0A386KRM5_unrelaxed_rank_001_alphafold2_ptm_model_3_seed_000.pdb	A0A386KRM5_unrelaxed_rank_001_alphafold2_ptm_model_3_seed_000.pdb	2.857E+00	0.090	30	57	122	196	1204	1280	1339	79	0.337	0.058
LOKIASV2_2778_ESMFold_4Fe-4S_single_cluster_domain-containing_protein	A0A2H5BQG2_unrelaxed_rank_001_alphafold2_ptm_model_1_seed_000.pdb	A0A2H5BQG2_unrelaxed_rank_001_alphafold2_ptm_model_1_seed_000.pdb	6.191E+00	0.082	29	168	195	196	2	29	42	28	0.143	0.667
LOKIASV2_2778_ESMFold_4Fe-4S_single_cluster_domain-containing_protein	A0A0E3G3D7_unrelaxed_rank_001_alphafold2_ptm_model_1_seed_000.pdb	A0A0E3G3D7_unrelaxed_rank_001_alphafold2_ptm_model_1_seed_000.pdb	8.011E+00	0.082	29	168	195	196	2	29	44	28	0.143	0.636
LOKIASV2_2778_ESMFold_4Fe-4S_single_cluster_domain-containing_protein	M4QPM4_unrelaxed_rank_001_alphafold2_ptm_model_1_seed_000.pdb	M4QPM4_unrelaxed_rank_001_alphafold2_ptm_model_1_seed_000.pdb	6.603E+00	0.082	29	167	196	196	4	33	54	30	0.153	0.556
LOKIASV2_2778_ESMFold_4Fe-4S_single_cluster_domain-containing_protein	A0A646QVX2_unrelaxed_rank_001_alphafold2_ptm_model_1_seed_000.pdb	A0A646QVX2_unrelaxed_rank_001_alphafold2_ptm_model_1_seed_000.pdb	3.250E+00	0.082	29	152	195	196	5	47	74	45	0.224	0.581
LOKIASV2_2778_ESMFold_4Fe-4S_single_cluster_domain-containing_protein	A0A6J5P5S1_unrelaxed_rank_001_alphafold2_ptm_model_1_seed_000.pdb	A0A6J5P5S1_unrelaxed_rank_001_alphafold2_ptm_model_1_seed_000.pdb	2.512E+00	0.082	29	154	195	196	17	59	77	43	0.214	0.558
LOKIASV2_2778_ESMFold_4Fe-4S_single_cluster_domain-containing_protein	A0A6J5TDD7_unrelaxed_rank_001_alphafold2_ptm_model_1_seed_000.pdb	A0A6J5TDD7_unrelaxed_rank_001_alphafold2_ptm_model_1_seed_000.pdb	3.943E+00	0.082	29	155	195	196	26	67	79	42	0.209	0.532
LOKIASV2_2778_ESMFold_4Fe-4S_single_cluster_domain-containing_protein	UPI0023297C45_unrelaxed_rank_001_alphafold2_ptm_model_3_seed_000.pdb	UPI0023297C45_unrelaxed_rank_001_alphafold2_ptm_model_3_seed_000.pdb	3.697E+00	0.082	29	157	195	196	37	79	100	43	0.199	0.430
LOKIASV2_2778_ESMFold_4Fe-4S_single_cluster_domain-containing_protein	Q3S498_unrelaxed_rank_001_alphafold2_ptm_model_3_seed_000.pdb	Q3S498_unrelaxed_rank_001_alphafold2_ptm_model_3_seed_000.pdb	5.442E+00	0.082	29	162	195	196	2	35	101	34	0.173	0.337
LOKIASV2_2778_ESMFold_4Fe-4S_single_cluster_domain-containing_protein	A0A1W5N0V7_unrelaxed_rank_001_alphafold2_ptm_model_1_seed_000.pdb	A0A1W5N0V7_unrelaxed_rank_001_alphafold2_ptm_model_1_seed_000.pdb	3.466E+00	0.082	29	36	111	196	78	151	165	81	0.388	0.448
LOKIASV2_2778_ESMFold_4Fe-4S_single_cluster_domain-containing_protein	A0A7M1CP70_unrelaxed_rank_001_alphafold2_ptm_model_1_seed_000.pdb	A0A7M1CP70_unrelaxed_rank_001_alphafold2_ptm_model_1_seed_000.pdb	3.466E+00	0.082	29	56	129	196	106	184	200	82	0.378	0.395
LOKIASV2_2778_ESMFold_4Fe-4S_single_cluster_domain-containing_protein	Q6JP92_unrelaxed_rank_001_alphafold2_ptm_model_3_seed_000.pdb	Q6JP92_unrelaxed_rank_001_alphafold2_ptm_model_3_seed_000.pdb	1.319E+00	0.082	29	26	117	196	14	90	209	95	0.469	0.368
LOKIASV2_2778_ESMFold_4Fe-4S_single_cluster_domain-containing_protein	A0A346ATT6_unrelaxed_rank_001_alphafold2_ptm_model_2_seed_000.pdb	A0A346ATT6_unrelaxed_rank_001_alphafold2_ptm_model_2_seed_000.pdb	4.206E+00	0.082	29	162	196	196	203	236	284	35	0.179	0.120
LOKIASV2_2778_ESMFold_4Fe-4S_single_cluster_domain-containing_protein	A5IZS9_unrelaxed_rank_001_alphafold2_ptm_model_3_seed_000.pdb	A5IZS9_unrelaxed_rank_001_alphafold2_ptm_model_3_seed_000.pdb	3.697E+00	0.082	29	76	136	196	145	200	299	61	0.311	0.187
LOKIASV2_2778_ESMFold_4Fe-4S_single_cluster_domain-containing_protein	A0A6J5LTH6_unrelaxed_rank_001_alphafold2_ptm_model_3_seed_000.pdb	A0A6J5LTH6_unrelaxed_rank_001_alphafold2_ptm_model_3_seed_000.pdb	7.874E-01	0.082	29	56	187	196	612	754	1134	159	0.673	0.126
LOKIASV2_2778_ESMFold_4Fe-4S_single_cluster_domain-containing_protein	B2D1C2_unrelaxed_rank_001_alphafold2_ptm_model_2_seed_000.pdb	B2D1C2_unrelaxed_rank_001_alphafold2_ptm_model_2_seed_000.pdb	6.603E+00	0.076	28	166	196	196	1	31	32	31	0.158	0.969
LOKIASV2_2778_ESMFold_4Fe-4S_single_cluster_domain-containing_protein	A0A8S5VQ95_unrelaxed_rank_001_alphafold2_ptm_model_1_seed_000.pdb	A0A8S5VQ95_unrelaxed_rank_001_alphafold2_ptm_model_1_seed_000.pdb	9.113E+00	0.076	28	168	195	196	2	29	39	28	0.143	0.718
LOKIASV2_2778_ESMFold_4Fe-4S_single_cluster_domain-containing_protein	A0A1I9SAC8_unrelaxed_rank_001_alphafold2_ptm_model_3_seed_000.pdb	A0A1I9SAC8_unrelaxed_rank_001_alphafold2_ptm_model_3_seed_000.pdb	8.545E+00	0.076	28	168	194	196	15	41	48	27	0.138	0.562
LOKIASV2_2778_ESMFold_4Fe-4S_single_cluster_domain-containing_protein	A0A516LS67_unrelaxed_rank_001_alphafold2_ptm_model_1_seed_000.pdb	A0A516LS67_unrelaxed_rank_001_alphafold2_ptm_model_1_seed_000.pdb	6.191E+00	0.076	28	170	195	196	20	45	52	26	0.133	0.500
LOKIASV2_2778_ESMFold_4Fe-4S_single_cluster_domain-containing_protein	G8EXV8_unrelaxed_rank_001_alphafold2_ptm_model_1_seed_000.pdb	G8EXV8_unrelaxed_rank_001_alphafold2_ptm_model_1_seed_000.pdb	8.011E+00	0.076	28	168	195	196	2	28	52	28	0.143	0.519
LOKIASV2_2778_ESMFold_4Fe-4S_single_cluster_domain-containing_protein	A0A514D6R9_unrelaxed_rank_001_alphafold2_ptm_model_1_seed_000.pdb	A0A514D6R9_unrelaxed_rank_001_alphafold2_ptm_model_1_seed_000.pdb	3.047E+00	0.076	28	158	195	196	12	49	57	38	0.194	0.667
LOKIASV2_2778_ESMFold_4Fe-4S_single_cluster_domain-containing_protein	G1JW26_unrelaxed_rank_001_alphafold2_ptm_model_3_seed_000.pdb	G1JW26_unrelaxed_rank_001_alphafold2_ptm_model_3_seed_000.pdb	6.603E+00	0.076	28	168	195	196	1	26	84	28	0.143	0.310
LOKIASV2_2778_ESMFold_4Fe-4S_single_cluster_domain-containing_protein	UPI00200C6C73_unrelaxed_rank_001_alphafold2_ptm_model_3_seed_000.pdb	UPI00200C6C73_unrelaxed_rank_001_alphafold2_ptm_model_3_seed_000.pdb	7.511E+00	0.076	28	167	195	196	6	34	138	29	0.148	0.210
LOKIASV2_2778_ESMFold_4Fe-4S_single_cluster_domain-containing_protein	A0A6J5M843_unrelaxed_rank_001_alphafold2_ptm_model_3_seed_000.pdb	A0A6J5M843_unrelaxed_rank_001_alphafold2_ptm_model_3_seed_000.pdb	8.398E-01	0.076	28	56	150	196	22	141	146	129	0.485	0.822
LOKIASV2_2778_ESMFold_4Fe-4S_single_cluster_domain-containing_protein	M1PCK3_unrelaxed_rank_001_alphafold2_ptm_model_1_seed_000.pdb	M1PCK3_unrelaxed_rank_001_alphafold2_ptm_model_1_seed_000.pdb	1.941E+00	0.076	28	58	136	196	39	128	149	99	0.403	0.604
LOKIASV2_2778_ESMFold_4Fe-4S_single_cluster_domain-containing_protein	Q8B6Y8_unrelaxed_rank_001_alphafold2_ptm_model_2_seed_000.pdb	Q8B6Y8_unrelaxed_rank_001_alphafold2_ptm_model_2_seed_000.pdb	4.486E+00	0.076	28	169	195	196	63	89	172	27	0.138	0.157
LOKIASV2_2778_ESMFold_4Fe-4S_single_cluster_domain-containing_protein	A0A5K0UAT5_unrelaxed_rank_001_alphafold2_ptm_model_4_seed_000.pdb	A0A5K0UAT5_unrelaxed_rank_001_alphafold2_ptm_model_4_seed_000.pdb	2.070E+00	0.076	28	49	140	196	120	222	301	105	0.469	0.342
LOKIASV2_2778_ESMFold_4Fe-4S_single_cluster_domain-containing_protein	A0A218MLS2_unrelaxed_rank_001_alphafold2_ptm_model_1_seed_000.pdb	A0A218MLS2_unrelaxed_rank_001_alphafold2_ptm_model_1_seed_000.pdb	3.943E+00	0.069	27	168	195	196	16	45	78	30	0.143	0.385
LOKIASV2_2778_ESMFold_4Fe-4S_single_cluster_domain-containing_protein	A2PZW4_unrelaxed_rank_001_alphafold2_ptm_model_1_seed_000.pdb	A2PZW4_unrelaxed_rank_001_alphafold2_ptm_model_1_seed_000.pdb	5.103E+00	0.069	27	168	195	196	1	31	111	31	0.143	0.279
LOKIASV2_2778_ESMFold_4Fe-4S_single_cluster_domain-containing_protein	A0A1L2BKI7_unrelaxed_rank_001_alphafold2_ptm_model_3_seed_000.pdb	A0A1L2BKI7_unrelaxed_rank_001_alphafold2_ptm_model_3_seed_000.pdb	3.466E+00	0.069	27	166	195	196	48	77	181	30	0.153	0.166
LOKIASV2_2778_ESMFold_4Fe-4S_single_cluster_domain-containing_protein	A0A7T0LYW5_unrelaxed_rank_001_alphafold2_ptm_model_1_seed_000.pdb	A0A7T0LYW5_unrelaxed_rank_001_alphafold2_ptm_model_1_seed_000.pdb	8.545E+00	0.069	27	167	187	196	89	109	181	21	0.107	0.116
LOKIASV2_2778_ESMFold_4Fe-4S_single_cluster_domain-containing_protein	I1V5E0_unrelaxed_rank_001_alphafold2_ptm_model_2_seed_000.pdb	I1V5E0_unrelaxed_rank_001_alphafold2_ptm_model_2_seed_000.pdb	6.603E+00	0.069	27	169	195	196	79	104	309	27	0.138	0.084
LOKIASV2_2778_ESMFold_4Fe-4S_single_cluster_domain-containing_protein	A0A6J5PWD3_unrelaxed_rank_001_alphafold2_ptm_model_3_seed_000.pdb	A0A6J5PWD3_unrelaxed_rank_001_alphafold2_ptm_model_3_seed_000.pdb	4.486E+00	0.069	27	57	125	196	33	110	326	82	0.352	0.239
LOKIASV2_2778_ESMFold_4Fe-4S_single_cluster_domain-containing_protein	A0A5P8D8S3_unrelaxed_rank_001_alphafold2_ptm_model_4_seed_000.pdb	A0A5P8D8S3_unrelaxed_rank_001_alphafold2_ptm_model_4_seed_000.pdb	1.500E+00	0.069	27	55	121	196	96	173	412	80	0.342	0.189
LOKIASV2_2778_ESMFold_4Fe-4S_single_cluster_domain-containing_protein	A0A8S5RRG9_unrelaxed_rank_001_alphafold2_ptm_model_4_seed_000.pdb	A0A8S5RRG9_unrelaxed_rank_001_alphafold2_ptm_model_4_seed_000.pdb	5.442E+00	0.069	27	30	103	196	71	157	424	89	0.378	0.205
LOKIASV2_2778_ESMFold_4Fe-4S_single_cluster_domain-containing_protein	A0A6J5L2Y8_unrelaxed_rank_001_alphafold2_ptm_model_3_seed_000.pdb	A0A6J5L2Y8_unrelaxed_rank_001_alphafold2_ptm_model_3_seed_000.pdb	7.511E+00	0.069	27	166	195	196	455	485	600	31	0.153	0.052
LOKIASV2_2778_ESMFold_4Fe-4S_single_cluster_domain-containing_protein	A0A8S5PSI3_unrelaxed_rank_001_alphafold2_ptm_model_1_seed_000.pdb	A0A8S5PSI3_unrelaxed_rank_001_alphafold2_ptm_model_1_seed_000.pdb	6.490E-01	0.069	27	54	149	196	116	255	630	145	0.490	0.222
LOKIASV2_2778_ESMFold_4Fe-4S_single_cluster_domain-containing_protein	A0A6J5MA14_unrelaxed_rank_001_alphafold2_ptm_model_2_seed_000.pdb	A0A6J5MA14_unrelaxed_rank_001_alphafold2_ptm_model_2_seed_000.pdb	8.398E-01	0.069	27	147	195	196	412	458	866	49	0.250	0.054
LOKIASV2_2778_ESMFold_4Fe-4S_single_cluster_domain-containing_protein	A0A1V0SAG0_1_unrelaxed_rank_001_alphafold2_ptm_model_2_seed_000.pdb	A0A1V0SAG0_1_unrelaxed_rank_001_alphafold2_ptm_model_2_seed_000.pdb	8.011E+00	0.069	27	163	187	196	1	25	1212	25	0.128	0.021
LOKIASV2_2778_ESMFold_4Fe-4S_single_cluster_domain-containing_protein	A0A8S5Q807_unrelaxed_rank_001_alphafold2_ptm_model_3_seed_000.pdb	A0A8S5Q807_unrelaxed_rank_001_alphafold2_ptm_model_3_seed_000.pdb	7.511E+00	0.063	26	166	195	196	1	30	34	30	0.153	0.882
LOKIASV2_2778_ESMFold_4Fe-4S_single_cluster_domain-containing_protein	A0A1J0MEV2_unrelaxed_rank_001_alphafold2_ptm_model_3_seed_000.pdb	A0A1J0MEV2_unrelaxed_rank_001_alphafold2_ptm_model_3_seed_000.pdb	4.784E+00	0.063	26	168	195	196	2	32	38	31	0.143	0.816
LOKIASV2_2778_ESMFold_4Fe-4S_single_cluster_domain-containing_protein	A0A2P0QGG8_unrelaxed_rank_001_alphafold2_ptm_model_3_seed_000.pdb	A0A2P0QGG8_unrelaxed_rank_001_alphafold2_ptm_model_3_seed_000.pdb	8.011E+00	0.063	26	170	195	196	4	29	39	26	0.133	0.667
LOKIASV2_2778_ESMFold_4Fe-4S_single_cluster_domain-containing_protein	A0A516L5F9_unrelaxed_rank_001_alphafold2_ptm_model_1_seed_000.pdb	A0A516L5F9_unrelaxed_rank_001_alphafold2_ptm_model_1_seed_000.pdb	5.103E+00	0.063	26	163	195	196	1	33	44	33	0.168	0.750
LOKIASV2_2778_ESMFold_4Fe-4S_single_cluster_domain-containing_protein	A0A4Y5TZN8_unrelaxed_rank_001_alphafold2_ptm_model_1_seed_000.pdb	A0A4Y5TZN8_unrelaxed_rank_001_alphafold2_ptm_model_1_seed_000.pdb	7.511E+00	0.063	26	168	195	196	2	33	48	32	0.143	0.667
LOKIASV2_2778_ESMFold_4Fe-4S_single_cluster_domain-containing_protein	A0A3G4ZTW1_unrelaxed_rank_001_alphafold2_ptm_model_2_seed_000.pdb	A0A3G4ZTW1_unrelaxed_rank_001_alphafold2_ptm_model_2_seed_000.pdb	9.113E+00	0.063	26	169	195	196	21	48	51	28	0.138	0.549
LOKIASV2_2778_ESMFold_4Fe-4S_single_cluster_domain-containing_protein	A0A8S5NLN2_unrelaxed_rank_001_alphafold2_ptm_model_3_seed_000.pdb	A0A8S5NLN2_unrelaxed_rank_001_alphafold2_ptm_model_3_seed_000.pdb	8.545E+00	0.063	26	166	193	196	5	34	55	30	0.143	0.545
LOKIASV2_2778_ESMFold_4Fe-4S_single_cluster_domain-containing_protein	M1F188_unrelaxed_rank_001_alphafold2_ptm_model_2_seed_000.pdb	M1F188_unrelaxed_rank_001_alphafold2_ptm_model_2_seed_000.pdb	7.043E+00	0.063	26	163	187	196	1	25	60	25	0.128	0.417
LOKIASV2_2778_ESMFold_4Fe-4S_single_cluster_domain-containing_protein	A0A6J5NPW2_unrelaxed_rank_001_alphafold2_ptm_model_1_seed_000.pdb	A0A6J5NPW2_unrelaxed_rank_001_alphafold2_ptm_model_1_seed_000.pdb	2.070E+00	0.063	26	144	195	196	12	59	72	55	0.265	0.667
LOKIASV2_2778_ESMFold_4Fe-4S_single_cluster_domain-containing_protein	A0A8S5UC03_unrelaxed_rank_001_alphafold2_ptm_model_3_seed_000.pdb	A0A8S5UC03_unrelaxed_rank_001_alphafold2_ptm_model_3_seed_000.pdb	3.697E+00	0.063	26	152	185	196	46	79	79	34	0.173	0.430
LOKIASV2_2778_ESMFold_4Fe-4S_single_cluster_domain-containing_protein	A0A8F3E484_unrelaxed_rank_001_alphafold2_ptm_model_3_seed_000.pdb	A0A8F3E484_unrelaxed_rank_001_alphafold2_ptm_model_3_seed_000.pdb	3.466E+00	0.063	26	161	195	196	23	59	83	37	0.179	0.446
LOKIASV2_2778_ESMFold_4Fe-4S_single_cluster_domain-containing_protein	I3ULN7_unrelaxed_rank_001_alphafold2_ptm_model_1_seed_000.pdb	I3ULN7_unrelaxed_rank_001_alphafold2_ptm_model_1_seed_000.pdb	1.500E+00	0.063	26	153	196	196	13	61	83	49	0.224	0.590
LOKIASV2_2778_ESMFold_4Fe-4S_single_cluster_domain-containing_protein	A0A0B5A2I1_unrelaxed_rank_001_alphafold2_ptm_model_3_seed_000.pdb	A0A0B5A2I1_unrelaxed_rank_001_alphafold2_ptm_model_3_seed_000.pdb	3.466E+00	0.063	26	150	195	196	50	96	112	47	0.235	0.420
LOKIASV2_2778_ESMFold_4Fe-4S_single_cluster_domain-containing_protein	A0A6G9W2J0_unrelaxed_rank_001_alphafold2_ptm_model_3_seed_000.pdb	A0A6G9W2J0_unrelaxed_rank_001_alphafold2_ptm_model_3_seed_000.pdb	3.943E+00	0.063	26	166	195	196	25	54	156	30	0.153	0.192
LOKIASV2_2778_ESMFold_4Fe-4S_single_cluster_domain-containing_protein	A0A4P8W5K6_unrelaxed_rank_001_alphafold2_ptm_model_3_seed_000.pdb	A0A4P8W5K6_unrelaxed_rank_001_alphafold2_ptm_model_3_seed_000.pdb	3.250E+00	0.063	26	166	195	196	22	51	168	30	0.153	0.179
LOKIASV2_2778_ESMFold_4Fe-4S_single_cluster_domain-containing_protein	M1PH61_unrelaxed_rank_001_alphafold2_ptm_model_3_seed_000.pdb	M1PH61_unrelaxed_rank_001_alphafold2_ptm_model_3_seed_000.pdb	6.603E+00	0.063	26	166	194	196	9	42	209	34	0.148	0.163
LOKIASV2_2778_ESMFold_4Fe-4S_single_cluster_domain-containing_protein	A0A0U3ATM8_unrelaxed_rank_001_alphafold2_ptm_model_5_seed_000.pdb	A0A0U3ATM8_unrelaxed_rank_001_alphafold2_ptm_model_5_seed_000.pdb	2.512E+00	0.063	26	147	196	196	173	226	266	55	0.255	0.203
LOKIASV2_2778_ESMFold_4Fe-4S_single_cluster_domain-containing_protein	A0A6J5KUB1_unrelaxed_rank_001_alphafold2_ptm_model_3_seed_000.pdb	A0A6J5KUB1_unrelaxed_rank_001_alphafold2_ptm_model_3_seed_000.pdb	5.103E+00	0.063	26	85	127	196	216	257	291	44	0.219	0.144
LOKIASV2_2778_ESMFold_4Fe-4S_single_cluster_domain-containing_protein	A0A6G9LLW3_unrelaxed_rank_001_alphafold2_ptm_model_3_seed_000.pdb	A0A6G9LLW3_unrelaxed_rank_001_alphafold2_ptm_model_3_seed_000.pdb	7.043E+00	0.063	26	53	123	196	44	115	320	75	0.362	0.225
LOKIASV2_2778_ESMFold_4Fe-4S_single_cluster_domain-containing_protein	A0A0N9QQA2_unrelaxed_rank_001_alphafold2_ptm_model_3_seed_000.pdb	A0A0N9QQA2_unrelaxed_rank_001_alphafold2_ptm_model_3_seed_000.pdb	5.103E+00	0.063	26	164	195	196	294	326	359	33	0.163	0.092
LOKIASV2_2778_ESMFold_4Fe-4S_single_cluster_domain-containing_protein	A0A6J7WIQ1_unrelaxed_rank_001_alphafold2_ptm_model_1_seed_000.pdb	A0A6J7WIQ1_unrelaxed_rank_001_alphafold2_ptm_model_1_seed_000.pdb	6.490E-01	0.063	26	55	195	196	87	215	415	160	0.719	0.311
LOKIASV2_2778_ESMFold_4Fe-4S_single_cluster_domain-containing_protein	A0A2H4N7I5_unrelaxed_rank_001_alphafold2_ptm_model_4_seed_000.pdb	A0A2H4N7I5_unrelaxed_rank_001_alphafold2_ptm_model_4_seed_000.pdb	2.512E+00	0.063	26	26	121	196	163	268	496	112	0.490	0.214
LOKIASV2_2778_ESMFold_4Fe-4S_single_cluster_domain-containing_protein	A0A8S5PYD1_unrelaxed_rank_001_alphafold2_ptm_model_3_seed_000.pdb	A0A8S5PYD1_unrelaxed_rank_001_alphafold2_ptm_model_3_seed_000.pdb	9.720E+00	0.057	25	166	195	196	2	31	38	30	0.153	0.789
LOKIASV2_2778_ESMFold_4Fe-4S_single_cluster_domain-containing_protein	A0A481YQ27_unrelaxed_rank_001_alphafold2_ptm_model_1_seed_000.pdb	A0A481YQ27_unrelaxed_rank_001_alphafold2_ptm_model_1_seed_000.pdb	7.043E+00	0.057	25	162	195	196	5	36	51	34	0.173	0.627
LOKIASV2_2778_ESMFold_4Fe-4S_single_cluster_domain-containing_protein	A0A3S7I7I0_unrelaxed_rank_001_alphafold2_ptm_model_3_seed_000.pdb	A0A3S7I7I0_unrelaxed_rank_001_alphafold2_ptm_model_3_seed_000.pdb	1.319E+00	0.057	25	142	193	196	15	64	65	52	0.265	0.769
LOKIASV2_2778_ESMFold_4Fe-4S_single_cluster_domain-containing_protein	Q94ML6_unrelaxed_rank_001_alphafold2_ptm_model_2_seed_000.pdb	Q94ML6_unrelaxed_rank_001_alphafold2_ptm_model_2_seed_000.pdb	9.720E+00	0.057	25	164	195	196	1	32	76	32	0.163	0.421
LOKIASV2_2778_ESMFold_4Fe-4S_single_cluster_domain-containing_protein	A0A2U8UUH1_unrelaxed_rank_001_alphafold2_ptm_model_1_seed_000.pdb	A0A2U8UUH1_unrelaxed_rank_001_alphafold2_ptm_model_1_seed_000.pdb	5.442E+00	0.057	25	153	195	196	38	77	84	43	0.219	0.476
LOKIASV2_2778_ESMFold_4Fe-4S_single_cluster_domain-containing_protein	A0A516KVG3_unrelaxed_rank_001_alphafold2_ptm_model_2_seed_000.pdb	A0A516KVG3_unrelaxed_rank_001_alphafold2_ptm_model_2_seed_000.pdb	6.603E+00	0.057	25	162	195	196	26	61	119	36	0.173	0.303
LOKIASV2_2778_ESMFold_4Fe-4S_single_cluster_domain-containing_protein	A0A8S5Q7F1_unrelaxed_rank_001_alphafold2_ptm_model_3_seed_000.pdb	A0A8S5Q7F1_unrelaxed_rank_001_alphafold2_ptm_model_3_seed_000.pdb	9.113E+00	0.057	25	168	195	196	4	32	127	29	0.143	0.228
LOKIASV2_2778_ESMFold_4Fe-4S_single_cluster_domain-containing_protein	A0A6J5MEE8_unrelaxed_rank_001_alphafold2_ptm_model_1_seed_000.pdb	A0A6J5MEE8_unrelaxed_rank_001_alphafold2_ptm_model_1_seed_000.pdb	3.250E+00	0.057	25	55	118	196	56	114	137	68	0.327	0.431
LOKIASV2_2778_ESMFold_4Fe-4S_single_cluster_domain-containing_protein	A0A6B7ERD9_unrelaxed_rank_001_alphafold2_ptm_model_5_seed_000.pdb	A0A6B7ERD9_unrelaxed_rank_001_alphafold2_ptm_model_5_seed_000.pdb	4.206E+00	0.057	25	150	195	196	1	53	274	53	0.235	0.193
LOKIASV2_2778_ESMFold_4Fe-4S_single_cluster_domain-containing_protein	Q9MC09_unrelaxed_rank_001_alphafold2_ptm_model_2_seed_000.pdb	Q9MC09_unrelaxed_rank_001_alphafold2_ptm_model_2_seed_000.pdb	5.442E+00	0.057	25	162	195	196	152	187	382	36	0.173	0.094
LOKIASV2_2778_ESMFold_4Fe-4S_single_cluster_domain-containing_protein	A0A5K0UAD8_unrelaxed_rank_001_alphafold2_ptm_model_1_seed_000.pdb	A0A5K0UAD8_unrelaxed_rank_001_alphafold2_ptm_model_1_seed_000.pdb	2.070E+00	0.057	25	55	119	196	13	85	393	76	0.332	0.186
LOKIASV2_2778_ESMFold_4Fe-4S_single_cluster_domain-containing_protein	A0A223LHD6_unrelaxed_rank_001_alphafold2_ptm_model_4_seed_000.pdb	A0A223LHD6_unrelaxed_rank_001_alphafold2_ptm_model_4_seed_000.pdb	1.236E+00	0.057	25	26	195	196	69	223	485	190	0.867	0.320
LOKIASV2_2778_ESMFold_4Fe-4S_single_cluster_domain-containing_protein	A0A5K0U7V2_unrelaxed_rank_001_alphafold2_ptm_model_3_seed_000.pdb	A0A5K0U7V2_unrelaxed_rank_001_alphafold2_ptm_model_3_seed_000.pdb	1.406E+00	0.057	25	12	195	196	286	415	502	209	0.939	0.259
LOKIASV2_2778_ESMFold_4Fe-4S_single_cluster_domain-containing_protein	A0A8S5PAI4_unrelaxed_rank_001_alphafold2_ptm_model_3_seed_000.pdb	A0A8S5PAI4_unrelaxed_rank_001_alphafold2_ptm_model_3_seed_000.pdb	5.805E+00	0.057	25	55	101	196	574	630	667	57	0.240	0.085
LOKIASV2_2778_ESMFold_4Fe-4S_single_cluster_domain-containing_protein	A0A1P8VV91_unrelaxed_rank_001_alphafold2_ptm_model_3_seed_000.pdb	A0A1P8VV91_unrelaxed_rank_001_alphafold2_ptm_model_3_seed_000.pdb	7.043E+00	0.057	25	55	130	196	418	487	810	79	0.388	0.086
LOKIASV2_2778_ESMFold_4Fe-4S_single_cluster_domain-containing_protein	A0A1V0SAE6_unrelaxed_rank_001_alphafold2_ptm_model_3_seed_000.pdb	A0A1V0SAE6_unrelaxed_rank_001_alphafold2_ptm_model_3_seed_000.pdb	4.486E+00	0.057	25	62	127	196	248	320	920	80	0.337	0.079
LOKIASV2_2778_ESMFold_4Fe-4S_single_cluster_domain-containing_protein	I6RTI3_unrelaxed_rank_001_alphafold2_ptm_model_3_seed_000.pdb	I6RTI3_unrelaxed_rank_001_alphafold2_ptm_model_3_seed_000.pdb	4.486E+00	0.057	25	62	120	196	653	721	1257	69	0.301	0.055
LOKIASV2_2778_ESMFold_4Fe-4S_single_cluster_domain-containing_protein	A0A5B8GB03_4_unrelaxed_rank_001_alphafold2_ptm_model_2_seed_000.pdb	A0A5B8GB03_4_unrelaxed_rank_001_alphafold2_ptm_model_2_seed_000.pdb	9.720E+00	0.057	25	166	195	196	1	29	1270	30	0.153	0.023
LOKIASV2_2778_ESMFold_4Fe-4S_single_cluster_domain-containing_protein	A0A2L1IV20_unrelaxed_rank_001_alphafold2_ptm_model_1_seed_000.pdb	A0A2L1IV20_unrelaxed_rank_001_alphafold2_ptm_model_1_seed_000.pdb	5.805E+00	0.051	24	155	190	196	4	39	40	36	0.184	0.900
LOKIASV2_2778_ESMFold_4Fe-4S_single_cluster_domain-containing_protein	G8I4S8_unrelaxed_rank_001_alphafold2_ptm_model_3_seed_000.pdb	G8I4S8_unrelaxed_rank_001_alphafold2_ptm_model_3_seed_000.pdb	6.603E+00	0.051	24	162	195	196	10	43	60	36	0.173	0.567
LOKIASV2_2778_ESMFold_4Fe-4S_single_cluster_domain-containing_protein	A0A3G2KFT0_unrelaxed_rank_001_alphafold2_ptm_model_2_seed_000.pdb	A0A3G2KFT0_unrelaxed_rank_001_alphafold2_ptm_model_2_seed_000.pdb	4.206E+00	0.051	24	153	188	196	8	40	67	36	0.184	0.493
LOKIASV2_2778_ESMFold_4Fe-4S_single_cluster_domain-containing_protein	A0A6J5RKW5_unrelaxed_rank_001_alphafold2_ptm_model_1_seed_000.pdb	A0A6J5RKW5_unrelaxed_rank_001_alphafold2_ptm_model_1_seed_000.pdb	8.011E+00	0.051	24	162	195	196	44	77	79	34	0.173	0.430
LOKIASV2_2778_ESMFold_4Fe-4S_single_cluster_domain-containing_protein	A0A516LVR1_unrelaxed_rank_001_alphafold2_ptm_model_1_seed_000.pdb	A0A516LVR1_unrelaxed_rank_001_alphafold2_ptm_model_1_seed_000.pdb	8.545E+00	0.051	24	153	195	196	4	47	82	44	0.219	0.537
LOKIASV2_2778_ESMFold_4Fe-4S_single_cluster_domain-containing_protein	A0A346HW31_unrelaxed_rank_001_alphafold2_ptm_model_3_seed_000.pdb	A0A346HW31_unrelaxed_rank_001_alphafold2_ptm_model_3_seed_000.pdb	7.043E+00	0.051	24	153	195	196	29	71	90	43	0.219	0.478
LOKIASV2_2778_ESMFold_4Fe-4S_single_cluster_domain-containing_protein	A0A2D1GQ38_unrelaxed_rank_001_alphafold2_ptm_model_3_seed_000.pdb	A0A2D1GQ38_unrelaxed_rank_001_alphafold2_ptm_model_3_seed_000.pdb	8.545E+00	0.051	24	157	195	196	36	73	95	40	0.199	0.400
LOKIASV2_2778_ESMFold_4Fe-4S_single_cluster_domain-containing_protein	G9E6D7_unrelaxed_rank_001_alphafold2_ptm_model_2_seed_000.pdb	G9E6D7_unrelaxed_rank_001_alphafold2_ptm_model_2_seed_000.pdb	2.857E+00	0.051	24	153	195	196	2	50	125	49	0.219	0.392
LOKIASV2_2778_ESMFold_4Fe-4S_single_cluster_domain-containing_protein	A0A7S5UZ74_unrelaxed_rank_001_alphafold2_ptm_model_3_seed_000.pdb	A0A7S5UZ74_unrelaxed_rank_001_alphafold2_ptm_model_3_seed_000.pdb	3.697E+00	0.051	24	153	195	196	20	61	130	43	0.219	0.323
LOKIASV2_2778_ESMFold_4Fe-4S_single_cluster_domain-containing_protein	A0A8S5MV50_unrelaxed_rank_001_alphafold2_ptm_model_1_seed_000.pdb	A0A8S5MV50_unrelaxed_rank_001_alphafold2_ptm_model_1_seed_000.pdb	7.043E+00	0.051	24	162	187	196	107	132	135	26	0.133	0.193
LOKIASV2_2778_ESMFold_4Fe-4S_single_cluster_domain-containing_protein	A0A8S5M6C7_unrelaxed_rank_001_alphafold2_ptm_model_1_seed_000.pdb	A0A8S5M6C7_unrelaxed_rank_001_alphafold2_ptm_model_1_seed_000.pdb	8.545E+00	0.051	24	163	194	196	1	32	150	32	0.163	0.213
LOKIASV2_2778_ESMFold_4Fe-4S_single_cluster_domain-containing_protein	A0A6J5L1F2_unrelaxed_rank_001_alphafold2_ptm_model_3_seed_000.pdb	A0A6J5L1F2_unrelaxed_rank_001_alphafold2_ptm_model_3_seed_000.pdb	2.679E+00	0.051	24	59	136	196	70	151	225	91	0.398	0.364
LOKIASV2_2778_ESMFold_4Fe-4S_single_cluster_domain-containing_protein	A0A6J5N9Y9_unrelaxed_rank_001_alphafold2_ptm_model_2_seed_000.pdb	A0A6J5N9Y9_unrelaxed_rank_001_alphafold2_ptm_model_2_seed_000.pdb	5.015E-01	0.051	24	56	195	196	44	235	243	207	0.714	0.790
LOKIASV2_2778_ESMFold_4Fe-4S_single_cluster_domain-containing_protein	A0A6N1NWP6_unrelaxed_rank_001_alphafold2_ptm_model_3_seed_000.pdb	A0A6N1NWP6_unrelaxed_rank_001_alphafold2_ptm_model_3_seed_000.pdb	1.941E+00	0.051	24	11	127	196	114	222	250	131	0.597	0.436
LOKIASV2_2778_ESMFold_4Fe-4S_single_cluster_domain-containing_protein	A0A345AX84_unrelaxed_rank_001_alphafold2_ptm_model_5_seed_000.pdb	A0A345AX84_unrelaxed_rank_001_alphafold2_ptm_model_5_seed_000.pdb	1.319E+00	0.051	24	11	195	196	57	258	266	232	0.944	0.759
LOKIASV2_2778_ESMFold_4Fe-4S_single_cluster_domain-containing_protein	A0A6J5QVW3_unrelaxed_rank_001_alphafold2_ptm_model_5_seed_000.pdb	A0A6J5QVW3_unrelaxed_rank_001_alphafold2_ptm_model_5_seed_000.pdb	3.697E+00	0.051	24	30	183	196	18	158	291	169	0.786	0.485
LOKIASV2_2778_ESMFold_4Fe-4S_single_cluster_domain-containing_protein	Q9MC14_unrelaxed_rank_001_alphafold2_ptm_model_5_seed_000.pdb	Q9MC14_unrelaxed_rank_001_alphafold2_ptm_model_5_seed_000.pdb	3.466E+00	0.051	24	56	121	196	154	229	321	84	0.337	0.237
LOKIASV2_2778_ESMFold_4Fe-4S_single_cluster_domain-containing_protein	A0A8A5LML0_unrelaxed_rank_001_alphafold2_ptm_model_4_seed_000.pdb	A0A8A5LML0_unrelaxed_rank_001_alphafold2_ptm_model_4_seed_000.pdb	6.603E+00	0.051	24	162	195	196	306	341	348	36	0.173	0.103
LOKIASV2_2778_ESMFold_4Fe-4S_single_cluster_domain-containing_protein	A0A6J5PIJ1_unrelaxed_rank_001_alphafold2_ptm_model_5_seed_000.pdb	A0A6J5PIJ1_unrelaxed_rank_001_alphafold2_ptm_model_5_seed_000.pdb	3.466E+00	0.051	24	53	135	196	57	165	438	112	0.423	0.249
LOKIASV2_2778_ESMFold_4Fe-4S_single_cluster_domain-containing_protein	A0A2U7UFW4_unrelaxed_rank_001_alphafold2_ptm_model_3_seed_000.pdb	A0A2U7UFW4_unrelaxed_rank_001_alphafold2_ptm_model_3_seed_000.pdb	3.697E+00	0.051	24	23	127	196	143	250	448	117	0.536	0.241
LOKIASV2_2778_ESMFold_4Fe-4S_single_cluster_domain-containing_protein	A0A6B9KRZ3_unrelaxed_rank_001_alphafold2_ptm_model_5_seed_000.pdb	A0A6B9KRZ3_unrelaxed_rank_001_alphafold2_ptm_model_5_seed_000.pdb	5.805E+00	0.051	24	155	184	196	278	309	460	32	0.153	0.070
LOKIASV2_2778_ESMFold_4Fe-4S_single_cluster_domain-containing_protein	R4THQ9_unrelaxed_rank_001_alphafold2_ptm_model_3_seed_000.pdb	R4THQ9_unrelaxed_rank_001_alphafold2_ptm_model_3_seed_000.pdb	7.874E-01	0.051	24	13	134	196	636	764	784	149	0.622	0.165
LOKIASV2_2778_ESMFold_4Fe-4S_single_cluster_domain-containing_protein	A7KUT8_unrelaxed_rank_001_alphafold2_ptm_model_3_seed_000.pdb	A7KUT8_unrelaxed_rank_001_alphafold2_ptm_model_3_seed_000.pdb	3.047E+00	0.051	24	46	129	196	475	558	1062	97	0.429	0.079
LOKIASV2_2778_ESMFold_4Fe-4S_single_cluster_domain-containing_protein	A0A6J5R4W9_unrelaxed_rank_001_alphafold2_ptm_model_1_seed_000.pdb	A0A6J5R4W9_unrelaxed_rank_001_alphafold2_ptm_model_1_seed_000.pdb	3.466E+00	0.045	23	153	195	196	9	50	54	43	0.219	0.778
LOKIASV2_2778_ESMFold_4Fe-4S_single_cluster_domain-containing_protein	J9PV94_unrelaxed_rank_001_alphafold2_ptm_model_3_seed_000.pdb	J9PV94_unrelaxed_rank_001_alphafold2_ptm_model_3_seed_000.pdb	3.697E+00	0.045	23	150	195	196	1	39	65	46	0.235	0.600
LOKIASV2_2778_ESMFold_4Fe-4S_single_cluster_domain-containing_protein	A0A516MIW5_unrelaxed_rank_001_alphafold2_ptm_model_1_seed_000.pdb	A0A516MIW5_unrelaxed_rank_001_alphafold2_ptm_model_1_seed_000.pdb	9.720E+00	0.045	23	163	195	196	1	33	69	33	0.168	0.478
LOKIASV2_2778_ESMFold_4Fe-4S_single_cluster_domain-containing_protein	Q56ER6_unrelaxed_rank_001_alphafold2_ptm_model_2_seed_000.pdb	Q56ER6_unrelaxed_rank_001_alphafold2_ptm_model_2_seed_000.pdb	6.603E+00	0.045	23	167	196	196	42	71	72	30	0.153	0.417
LOKIASV2_2778_ESMFold_4Fe-4S_single_cluster_domain-containing_protein	A0A5B9N488_unrelaxed_rank_001_alphafold2_ptm_model_2_seed_000.pdb	A0A5B9N488_unrelaxed_rank_001_alphafold2_ptm_model_2_seed_000.pdb	7.043E+00	0.045	23	166	196	196	42	73	73	33	0.158	0.438
LOKIASV2_2778_ESMFold_4Fe-4S_single_cluster_domain-containing_protein	A0A6J5LXQ5_unrelaxed_rank_001_alphafold2_ptm_model_1_seed_000.pdb	A0A6J5LXQ5_unrelaxed_rank_001_alphafold2_ptm_model_1_seed_000.pdb	7.043E+00	0.045	23	163	195	196	1	49	97	49	0.168	0.505
LOKIASV2_2778_ESMFold_4Fe-4S_single_cluster_domain-containing_protein	A0A4Y5TYH0_unrelaxed_rank_001_alphafold2_ptm_model_3_seed_000.pdb	A0A4Y5TYH0_unrelaxed_rank_001_alphafold2_ptm_model_3_seed_000.pdb	3.047E+00	0.045	23	161	195	196	44	80	104	37	0.179	0.356
LOKIASV2_2778_ESMFold_4Fe-4S_single_cluster_domain-containing_protein	A0A6J7X715_unrelaxed_rank_001_alphafold2_ptm_model_1_seed_000.pdb	A0A6J7X715_unrelaxed_rank_001_alphafold2_ptm_model_1_seed_000.pdb	6.191E+00	0.045	23	157	195	196	54	92	111	40	0.199	0.351
LOKIASV2_2778_ESMFold_4Fe-4S_single_cluster_domain-containing_protein	K4JVA0_unrelaxed_rank_001_alphafold2_ptm_model_2_seed_000.pdb	K4JVA0_unrelaxed_rank_001_alphafold2_ptm_model_2_seed_000.pdb	1.600E+00	0.045	23	142	195	196	45	103	111	61	0.276	0.532
LOKIASV2_2778_ESMFold_4Fe-4S_single_cluster_domain-containing_protein	A0A514D8D0_unrelaxed_rank_001_alphafold2_ptm_model_3_seed_000.pdb	A0A514D8D0_unrelaxed_rank_001_alphafold2_ptm_model_3_seed_000.pdb	4.784E+00	0.045	23	152	195	196	46	90	121	45	0.224	0.372
LOKIASV2_2778_ESMFold_4Fe-4S_single_cluster_domain-containing_protein	A0A3G5ABU9_unrelaxed_rank_001_alphafold2_ptm_model_1_seed_000.pdb	A0A3G5ABU9_unrelaxed_rank_001_alphafold2_ptm_model_1_seed_000.pdb	4.784E+00	0.045	23	153	195	196	93	138	163	46	0.219	0.282
LOKIASV2_2778_ESMFold_4Fe-4S_single_cluster_domain-containing_protein	Q6Q0J1_unrelaxed_rank_001_alphafold2_ptm_model_1_seed_000.pdb	Q6Q0J1_unrelaxed_rank_001_alphafold2_ptm_model_1_seed_000.pdb	5.103E+00	0.045	23	59	133	196	60	142	164	87	0.383	0.506
LOKIASV2_2778_ESMFold_4Fe-4S_single_cluster_domain-containing_protein	A0A2U7UAL4_unrelaxed_rank_001_alphafold2_ptm_model_2_seed_000.pdb	A0A2U7UAL4_unrelaxed_rank_001_alphafold2_ptm_model_2_seed_000.pdb	8.545E+00	0.045	23	154	187	196	134	168	168	35	0.173	0.208
LOKIASV2_2778_ESMFold_4Fe-4S_single_cluster_domain-containing_protein	A0A6J5S3M0_unrelaxed_rank_001_alphafold2_ptm_model_1_seed_000.pdb	A0A6J5S3M0_unrelaxed_rank_001_alphafold2_ptm_model_1_seed_000.pdb	2.070E+00	0.045	23	56	161	196	25	119	168	118	0.541	0.565
LOKIASV2_2778_ESMFold_4Fe-4S_single_cluster_domain-containing_protein	A0A5P8DEV9_unrelaxed_rank_001_alphafold2_ptm_model_3_seed_000.pdb	A0A5P8DEV9_unrelaxed_rank_001_alphafold2_ptm_model_3_seed_000.pdb	4.784E+00	0.045	23	156	195	196	40	78	191	40	0.204	0.204
LOKIASV2_2778_ESMFold_4Fe-4S_single_cluster_domain-containing_protein	A0A1V0SKI5_unrelaxed_rank_001_alphafold2_ptm_model_1_seed_000.pdb	A0A1V0SKI5_unrelaxed_rank_001_alphafold2_ptm_model_1_seed_000.pdb	5.103E+00	0.045	23	53	123	196	105	170	192	73	0.362	0.344
LOKIASV2_2778_ESMFold_4Fe-4S_single_cluster_domain-containing_protein	A0A2H4YFH7_unrelaxed_rank_001_alphafold2_ptm_model_3_seed_000.pdb	A0A2H4YFH7_unrelaxed_rank_001_alphafold2_ptm_model_3_seed_000.pdb	2.070E+00	0.045	23	55	195	196	28	140	241	149	0.719	0.469
LOKIASV2_2778_ESMFold_4Fe-4S_single_cluster_domain-containing_protein	L7THQ1_unrelaxed_rank_001_alphafold2_ptm_model_5_seed_000.pdb	L7THQ1_unrelaxed_rank_001_alphafold2_ptm_model_5_seed_000.pdb	9.720E+00	0.045	23	157	187	196	15	45	253	31	0.158	0.123
LOKIASV2_2778_ESMFold_4Fe-4S_single_cluster_domain-containing_protein	A0A8S5PP58_unrelaxed_rank_001_alphafold2_ptm_model_3_seed_000.pdb	A0A8S5PP58_unrelaxed_rank_001_alphafold2_ptm_model_3_seed_000.pdb	1.087E+00	0.045	23	56	163	196	130	224	352	119	0.551	0.270
LOKIASV2_2778_ESMFold_4Fe-4S_single_cluster_domain-containing_protein	A0A5P8DFJ8_unrelaxed_rank_001_alphafold2_ptm_model_4_seed_000.pdb	A0A5P8DFJ8_unrelaxed_rank_001_alphafold2_ptm_model_4_seed_000.pdb	4.784E+00	0.045	23	156	195	196	40	78	357	40	0.204	0.109
LOKIASV2_2778_ESMFold_4Fe-4S_single_cluster_domain-containing_protein	A0P8G1_unrelaxed_rank_001_alphafold2_ptm_model_2_seed_000.pdb	A0P8G1_unrelaxed_rank_001_alphafold2_ptm_model_2_seed_000.pdb	3.697E+00	0.045	23	155	195	196	119	161	362	44	0.209	0.119
LOKIASV2_2778_ESMFold_4Fe-4S_single_cluster_domain-containing_protein	A0A8S5RL68_unrelaxed_rank_001_alphafold2_ptm_model_5_seed_000.pdb	A0A8S5RL68_unrelaxed_rank_001_alphafold2_ptm_model_5_seed_000.pdb	9.113E+00	0.045	23	153	186	196	280	313	375	34	0.173	0.091
LOKIASV2_2778_ESMFold_4Fe-4S_single_cluster_domain-containing_protein	A0A0S2LKS6_unrelaxed_rank_001_alphafold2_ptm_model_4_seed_000.pdb	A0A0S2LKS6_unrelaxed_rank_001_alphafold2_ptm_model_4_seed_000.pdb	5.103E+00	0.045	23	155	195	196	50	87	405	41	0.209	0.094
LOKIASV2_2778_ESMFold_4Fe-4S_single_cluster_domain-containing_protein	A0A1B2ANT1_unrelaxed_rank_001_alphafold2_ptm_model_2_seed_000.pdb	A0A1B2ANT1_unrelaxed_rank_001_alphafold2_ptm_model_2_seed_000.pdb	5.805E+00	0.045	23	55	130	196	323	414	456	96	0.388	0.202
LOKIASV2_2778_ESMFold_4Fe-4S_single_cluster_domain-containing_protein	A0A8S5LLD6_unrelaxed_rank_001_alphafold2_ptm_model_3_seed_000.pdb	A0A8S5LLD6_unrelaxed_rank_001_alphafold2_ptm_model_3_seed_000.pdb	5.805E+00	0.045	23	54	100	196	409	455	466	47	0.240	0.101
LOKIASV2_2778_ESMFold_4Fe-4S_single_cluster_domain-containing_protein	D0UWK7_unrelaxed_rank_001_alphafold2_ptm_model_2_seed_000.pdb	D0UWK7_unrelaxed_rank_001_alphafold2_ptm_model_2_seed_000.pdb	8.011E+00	0.045	23	162	196	196	453	487	489	35	0.179	0.072
LOKIASV2_2778_ESMFold_4Fe-4S_single_cluster_domain-containing_protein	A0A8A9WNH9_2_unrelaxed_rank_001_alphafold2_ptm_model_2_seed_000.pdb	A0A8A9WNH9_2_unrelaxed_rank_001_alphafold2_ptm_model_2_seed_000.pdb	3.250E+00	0.045	23	151	195	196	306	347	1018	45	0.230	0.041
LOKIASV2_2778_ESMFold_4Fe-4S_single_cluster_domain-containing_protein	A0A1L3KNR9_1_unrelaxed_rank_001_alphafold2_ptm_model_4_seed_000.pdb	A0A1L3KNR9_1_unrelaxed_rank_001_alphafold2_ptm_model_4_seed_000.pdb	1.087E+00	0.045	23	30	136	196	692	835	1352	146	0.546	0.107
LOKIASV2_2778_ESMFold_4Fe-4S_single_cluster_domain-containing_protein	A0A8K1J8I6_1_unrelaxed_rank_001_alphafold2_ptm_model_2_seed_000.pdb	A0A8K1J8I6_1_unrelaxed_rank_001_alphafold2_ptm_model_2_seed_000.pdb	8.957E-01	0.045	23	65	195	196	602	759	1489	162	0.668	0.106
LOKIASV2_2778_ESMFold_4Fe-4S_single_cluster_domain-containing_protein	A0A6J5LF55_unrelaxed_rank_001_alphafold2_ptm_model_1_seed_000.pdb	A0A6J5LF55_unrelaxed_rank_001_alphafold2_ptm_model_1_seed_000.pdb	5.442E+00	0.040	22	162	195	196	2	34	52	34	0.173	0.635
LOKIASV2_2778_ESMFold_4Fe-4S_single_cluster_domain-containing_protein	A0A873WNW9_unrelaxed_rank_001_alphafold2_ptm_model_2_seed_000.pdb	A0A873WNW9_unrelaxed_rank_001_alphafold2_ptm_model_2_seed_000.pdb	9.720E+00	0.040	22	163	195	196	9	46	62	38	0.168	0.613
LOKIASV2_2778_ESMFold_4Fe-4S_single_cluster_domain-containing_protein	M4PZ96_unrelaxed_rank_001_alphafold2_ptm_model_2_seed_000.pdb	M4PZ96_unrelaxed_rank_001_alphafold2_ptm_model_2_seed_000.pdb	6.191E+00	0.040	22	163	195	196	1	37	70	37	0.168	0.529
LOKIASV2_2778_ESMFold_4Fe-4S_single_cluster_domain-containing_protein	A0A516M601_unrelaxed_rank_001_alphafold2_ptm_model_3_seed_000.pdb	A0A516M601_unrelaxed_rank_001_alphafold2_ptm_model_3_seed_000.pdb	7.511E+00	0.040	22	153	195	196	26	69	79	44	0.219	0.557
LOKIASV2_2778_ESMFold_4Fe-4S_single_cluster_domain-containing_protein	A0A6G5Y8U9_unrelaxed_rank_001_alphafold2_ptm_model_2_seed_000.pdb	A0A6G5Y8U9_unrelaxed_rank_001_alphafold2_ptm_model_2_seed_000.pdb	9.113E+00	0.040	22	153	186	196	45	79	79	35	0.173	0.443
LOKIASV2_2778_ESMFold_4Fe-4S_single_cluster_domain-containing_protein	A0A2I7RG57_unrelaxed_rank_001_alphafold2_ptm_model_2_seed_000.pdb	A0A2I7RG57_unrelaxed_rank_001_alphafold2_ptm_model_2_seed_000.pdb	3.250E+00	0.040	22	153	195	196	21	63	88	43	0.219	0.489
LOKIASV2_2778_ESMFold_4Fe-4S_single_cluster_domain-containing_protein	D5L2B6_unrelaxed_rank_001_alphafold2_ptm_model_2_seed_000.pdb	D5L2B6_unrelaxed_rank_001_alphafold2_ptm_model_2_seed_000.pdb	2.857E+00	0.040	22	142	195	196	35	98	105	65	0.276	0.610
LOKIASV2_2778_ESMFold_4Fe-4S_single_cluster_domain-containing_protein	A0A6J7X6X3_unrelaxed_rank_001_alphafold2_ptm_model_1_seed_000.pdb	A0A6J7X6X3_unrelaxed_rank_001_alphafold2_ptm_model_1_seed_000.pdb	3.697E+00	0.040	22	153	195	196	17	68	140	53	0.219	0.371
LOKIASV2_2778_ESMFold_4Fe-4S_single_cluster_domain-containing_protein	A0A2I2L5X4_unrelaxed_rank_001_alphafold2_ptm_model_1_seed_000.pdb	A0A2I2L5X4_unrelaxed_rank_001_alphafold2_ptm_model_1_seed_000.pdb	8.011E+00	0.040	22	79	134	196	57	112	164	57	0.286	0.341
LOKIASV2_2778_ESMFold_4Fe-4S_single_cluster_domain-containing_protein	A0A482N5X5_unrelaxed_rank_001_alphafold2_ptm_model_2_seed_000.pdb	A0A482N5X5_unrelaxed_rank_001_alphafold2_ptm_model_2_seed_000.pdb	1.159E+00	0.040	22	78	195	196	74	190	197	130	0.602	0.594
LOKIASV2_2778_ESMFold_4Fe-4S_single_cluster_domain-containing_protein	Q6JK78_unrelaxed_rank_001_alphafold2_ptm_model_1_seed_000.pdb	Q6JK78_unrelaxed_rank_001_alphafold2_ptm_model_1_seed_000.pdb	5.805E+00	0.040	22	155	195	196	147	187	209	41	0.209	0.196
LOKIASV2_2778_ESMFold_4Fe-4S_single_cluster_domain-containing_protein	A0A0M4JJQ0_unrelaxed_rank_001_alphafold2_ptm_model_2_seed_000.pdb	A0A0M4JJQ0_unrelaxed_rank_001_alphafold2_ptm_model_2_seed_000.pdb	4.784E+00	0.040	22	84	119	196	125	157	216	36	0.184	0.153
LOKIASV2_2778_ESMFold_4Fe-4S_single_cluster_domain-containing_protein	A0A4P6VP83_unrelaxed_rank_001_alphafold2_ptm_model_4_seed_000.pdb	A0A4P6VP83_unrelaxed_rank_001_alphafold2_ptm_model_4_seed_000.pdb	6.191E+00	0.040	22	163	195	196	1	35	283	35	0.168	0.124
LOKIASV2_2778_ESMFold_4Fe-4S_single_cluster_domain-containing_protein	A0A6J5L3D5_unrelaxed_rank_001_alphafold2_ptm_model_3_seed_000.pdb	A0A6J5L3D5_unrelaxed_rank_001_alphafold2_ptm_model_3_seed_000.pdb	3.047E+00	0.040	22	37	121	196	232	317	337	98	0.434	0.255
LOKIASV2_2778_ESMFold_4Fe-4S_single_cluster_domain-containing_protein	A0A3T1CX20_unrelaxed_rank_001_alphafold2_ptm_model_3_seed_000.pdb	A0A3T1CX20_unrelaxed_rank_001_alphafold2_ptm_model_3_seed_000.pdb	6.603E+00	0.040	22	59	106	196	60	124	459	67	0.245	0.142
LOKIASV2_2778_ESMFold_4Fe-4S_single_cluster_domain-containing_protein	A0A516MK91_unrelaxed_rank_001_alphafold2_ptm_model_3_seed_000.pdb	A0A516MK91_unrelaxed_rank_001_alphafold2_ptm_model_3_seed_000.pdb	1.087E+00	0.040	22	53	195	196	86	219	483	167	0.730	0.277
LOKIASV2_2778_ESMFold_4Fe-4S_single_cluster_domain-containing_protein	A0A3G3LYT8_unrelaxed_rank_001_alphafold2_ptm_model_1_seed_000.pdb	A0A3G3LYT8_unrelaxed_rank_001_alphafold2_ptm_model_1_seed_000.pdb	4.784E+00	0.040	22	55	121	196	497	579	581	84	0.342	0.143
LOKIASV2_2778_ESMFold_4Fe-4S_single_cluster_domain-containing_protein	A0A8S5QXN1_unrelaxed_rank_001_alphafold2_ptm_model_3_seed_000.pdb	A0A8S5QXN1_unrelaxed_rank_001_alphafold2_ptm_model_3_seed_000.pdb	5.442E+00	0.034	21	164	195	196	1	39	52	39	0.163	0.750
LOKIASV2_2778_ESMFold_4Fe-4S_single_cluster_domain-containing_protein	A0A8S0I2G1_unrelaxed_rank_001_alphafold2_ptm_model_3_seed_000.pdb	A0A8S0I2G1_unrelaxed_rank_001_alphafold2_ptm_model_3_seed_000.pdb	8.011E+00	0.034	21	157	196	196	13	52	56	40	0.204	0.714
LOKIASV2_2778_ESMFold_4Fe-4S_single_cluster_domain-containing_protein	A0A7D7F9B4_unrelaxed_rank_001_alphafold2_ptm_model_3_seed_000.pdb	A0A7D7F9B4_unrelaxed_rank_001_alphafold2_ptm_model_3_seed_000.pdb	8.011E+00	0.034	21	163	196	196	7	40	63	34	0.173	0.540
LOKIASV2_2778_ESMFold_4Fe-4S_single_cluster_domain-containing_protein	A0A516LAI2_unrelaxed_rank_001_alphafold2_ptm_model_3_seed_000.pdb	A0A516LAI2_unrelaxed_rank_001_alphafold2_ptm_model_3_seed_000.pdb	6.191E+00	0.034	21	153	196	196	17	59	70	44	0.224	0.614
LOKIASV2_2778_ESMFold_4Fe-4S_single_cluster_domain-containing_protein	M9MUJ2_unrelaxed_rank_001_alphafold2_ptm_model_3_seed_000.pdb	M9MUJ2_unrelaxed_rank_001_alphafold2_ptm_model_3_seed_000.pdb	9.720E+00	0.034	21	160	195	196	19	54	77	36	0.184	0.468
LOKIASV2_2778_ESMFold_4Fe-4S_single_cluster_domain-containing_protein	A0A142F042_unrelaxed_rank_001_alphafold2_ptm_model_1_seed_000.pdb	A0A142F042_unrelaxed_rank_001_alphafold2_ptm_model_1_seed_000.pdb	4.784E+00	0.034	21	152	195	196	29	71	79	45	0.224	0.544
LOKIASV2_2778_ESMFold_4Fe-4S_single_cluster_domain-containing_protein	A0A7G5AMB2_unrelaxed_rank_001_alphafold2_ptm_model_2_seed_000.pdb	A0A7G5AMB2_unrelaxed_rank_001_alphafold2_ptm_model_2_seed_000.pdb	7.511E+00	0.034	21	148	187	196	43	78	96	40	0.204	0.375
LOKIASV2_2778_ESMFold_4Fe-4S_single_cluster_domain-containing_protein	D5L2N3_unrelaxed_rank_001_alphafold2_ptm_model_1_seed_000.pdb	D5L2N3_unrelaxed_rank_001_alphafold2_ptm_model_1_seed_000.pdb	5.442E+00	0.034	21	56	133	196	52	121	136	83	0.398	0.515
LOKIASV2_2778_ESMFold_4Fe-4S_single_cluster_domain-containing_protein	A0A4P8W543_unrelaxed_rank_001_alphafold2_ptm_model_3_seed_000.pdb	A0A4P8W543_unrelaxed_rank_001_alphafold2_ptm_model_3_seed_000.pdb	8.545E+00	0.034	21	166	195	196	25	54	154	30	0.153	0.195
LOKIASV2_2778_ESMFold_4Fe-4S_single_cluster_domain-containing_protein	A0A8F5RBX9_unrelaxed_rank_001_alphafold2_ptm_model_2_seed_000.pdb	A0A8F5RBX9_unrelaxed_rank_001_alphafold2_ptm_model_2_seed_000.pdb	7.043E+00	0.034	21	166	195	196	28	57	163	30	0.153	0.184
LOKIASV2_2778_ESMFold_4Fe-4S_single_cluster_domain-containing_protein	Q91BA7_unrelaxed_rank_001_alphafold2_ptm_model_3_seed_000.pdb	Q91BA7_unrelaxed_rank_001_alphafold2_ptm_model_3_seed_000.pdb	6.603E+00	0.034	21	153	195	196	33	77	172	45	0.219	0.262
LOKIASV2_2778_ESMFold_4Fe-4S_single_cluster_domain-containing_protein	A0A0K2QRF9_unrelaxed_rank_001_alphafold2_ptm_model_3_seed_000.pdb	A0A0K2QRF9_unrelaxed_rank_001_alphafold2_ptm_model_3_seed_000.pdb	2.512E+00	0.034	21	130	187	196	57	121	186	69	0.296	0.349
LOKIASV2_2778_ESMFold_4Fe-4S_single_cluster_domain-containing_protein	A0A8S5TSN4_unrelaxed_rank_001_alphafold2_ptm_model_3_seed_000.pdb	A0A8S5TSN4_unrelaxed_rank_001_alphafold2_ptm_model_3_seed_000.pdb	9.113E+00	0.034	21	158	195	196	146	183	218	38	0.194	0.174
LOKIASV2_2778_ESMFold_4Fe-4S_single_cluster_domain-containing_protein	A0A2I2L5F8_unrelaxed_rank_001_alphafold2_ptm_model_4_seed_000.pdb	A0A2I2L5F8_unrelaxed_rank_001_alphafold2_ptm_model_4_seed_000.pdb	2.355E+00	0.034	21	3	125	196	24	140	268	143	0.628	0.437
LOKIASV2_2778_ESMFold_4Fe-4S_single_cluster_domain-containing_protein	A0A8S5PWU7_unrelaxed_rank_001_alphafold2_ptm_model_4_seed_000.pdb	A0A8S5PWU7_unrelaxed_rank_001_alphafold2_ptm_model_4_seed_000.pdb	9.720E+00	0.034	21	55	103	196	99	146	346	55	0.250	0.139
LOKIASV2_2778_ESMFold_4Fe-4S_single_cluster_domain-containing_protein	A0A6J7WS58_unrelaxed_rank_001_alphafold2_ptm_model_2_seed_000.pdb	A0A6J7WS58_unrelaxed_rank_001_alphafold2_ptm_model_2_seed_000.pdb	8.545E+00	0.034	21	55	121	196	271	335	357	71	0.342	0.182
LOKIASV2_2778_ESMFold_4Fe-4S_single_cluster_domain-containing_protein	A0A097ZP76_unrelaxed_rank_001_alphafold2_ptm_model_3_seed_000.pdb	A0A097ZP76_unrelaxed_rank_001_alphafold2_ptm_model_3_seed_000.pdb	3.876E-01	0.034	21	56	181	196	105	277	380	179	0.643	0.455
LOKIASV2_2778_ESMFold_4Fe-4S_single_cluster_domain-containing_protein	A0A6G5XZE9_unrelaxed_rank_001_alphafold2_ptm_model_5_seed_000.pdb	A0A6G5XZE9_unrelaxed_rank_001_alphafold2_ptm_model_5_seed_000.pdb	6.191E+00	0.034	21	56	187	196	136	228	449	134	0.673	0.207
LOKIASV2_2778_ESMFold_4Fe-4S_single_cluster_domain-containing_protein	A0A482MYZ4_unrelaxed_rank_001_alphafold2_ptm_model_3_seed_000.pdb	A0A482MYZ4_unrelaxed_rank_001_alphafold2_ptm_model_3_seed_000.pdb	2.679E+00	0.034	21	55	188	196	106	230	475	153	0.684	0.263
LOKIASV2_2778_ESMFold_4Fe-4S_single_cluster_domain-containing_protein	A0A0B4VFU8_unrelaxed_rank_001_alphafold2_ptm_model_2_seed_000.pdb	A0A0B4VFU8_unrelaxed_rank_001_alphafold2_ptm_model_2_seed_000.pdb	5.442E+00	0.034	21	152	195	196	220	262	481	44	0.224	0.089
LOKIASV2_2778_ESMFold_4Fe-4S_single_cluster_domain-containing_protein	A0A1L3KPD6_unrelaxed_rank_001_alphafold2_ptm_model_2_seed_000.pdb	A0A1L3KPD6_unrelaxed_rank_001_alphafold2_ptm_model_2_seed_000.pdb	7.511E+00	0.034	21	155	195	196	159	205	539	47	0.209	0.087
LOKIASV2_2778_ESMFold_4Fe-4S_single_cluster_domain-containing_protein	A0A3G2LQJ7_1_unrelaxed_rank_001_alphafold2_ptm_model_2_seed_000.pdb	A0A3G2LQJ7_1_unrelaxed_rank_001_alphafold2_ptm_model_2_seed_000.pdb	1.941E+00	0.034	21	65	182	196	472	608	780	154	0.602	0.176
LOKIASV2_2778_ESMFold_4Fe-4S_single_cluster_domain-containing_protein	A0A679KAS9_unrelaxed_rank_001_alphafold2_ptm_model_3_seed_000.pdb	A0A679KAS9_unrelaxed_rank_001_alphafold2_ptm_model_3_seed_000.pdb	5.103E+00	0.029	20	152	195	196	10	62	70	55	0.224	0.757
LOKIASV2_2778_ESMFold_4Fe-4S_single_cluster_domain-containing_protein	A0A5J6T773_unrelaxed_rank_001_alphafold2_ptm_model_1_seed_000.pdb	A0A5J6T773_unrelaxed_rank_001_alphafold2_ptm_model_1_seed_000.pdb	9.720E+00	0.029	20	155	195	196	17	65	77	49	0.209	0.636
LOKIASV2_2778_ESMFold_4Fe-4S_single_cluster_domain-containing_protein	A0A516KX62_unrelaxed_rank_001_alphafold2_ptm_model_1_seed_000.pdb	A0A516KX62_unrelaxed_rank_001_alphafold2_ptm_model_1_seed_000.pdb	8.545E+00	0.029	20	153	195	196	2	43	80	45	0.219	0.525
LOKIASV2_2778_ESMFold_4Fe-4S_single_cluster_domain-containing_protein	A0A7S5R0H2_unrelaxed_rank_001_alphafold2_ptm_model_1_seed_000.pdb	A0A7S5R0H2_unrelaxed_rank_001_alphafold2_ptm_model_1_seed_000.pdb	9.720E+00	0.029	20	157	195	196	28	65	81	39	0.199	0.469
LOKIASV2_2778_ESMFold_4Fe-4S_single_cluster_domain-containing_protein	A0A516LG53_unrelaxed_rank_001_alphafold2_ptm_model_1_seed_000.pdb	A0A516LG53_unrelaxed_rank_001_alphafold2_ptm_model_1_seed_000.pdb	7.043E+00	0.029	20	153	195	196	6	47	113	43	0.219	0.372
LOKIASV2_2778_ESMFold_4Fe-4S_single_cluster_domain-containing_protein	A0A8S5UUI9_unrelaxed_rank_001_alphafold2_ptm_model_2_seed_000.pdb	A0A8S5UUI9_unrelaxed_rank_001_alphafold2_ptm_model_2_seed_000.pdb	9.113E+00	0.029	20	162	191	196	4	35	140	32	0.153	0.229
LOKIASV2_2778_ESMFold_4Fe-4S_single_cluster_domain-containing_protein	A0A4P8W7Y7_unrelaxed_rank_001_alphafold2_ptm_model_1_seed_000.pdb	A0A4P8W7Y7_unrelaxed_rank_001_alphafold2_ptm_model_1_seed_000.pdb	9.113E+00	0.029	20	166	195	196	23	52	156	30	0.153	0.192
LOKIASV2_2778_ESMFold_4Fe-4S_single_cluster_domain-containing_protein	A0A0H3V0U5_unrelaxed_rank_001_alphafold2_ptm_model_1_seed_000.pdb	A0A0H3V0U5_unrelaxed_rank_001_alphafold2_ptm_model_1_seed_000.pdb	7.511E+00	0.029	20	56	119	196	57	115	161	65	0.327	0.366
LOKIASV2_2778_ESMFold_4Fe-4S_single_cluster_domain-containing_protein	A0A6G7KU41_unrelaxed_rank_001_alphafold2_ptm_model_2_seed_000.pdb	A0A6G7KU41_unrelaxed_rank_001_alphafold2_ptm_model_2_seed_000.pdb	6.191E+00	0.029	20	153	195	196	11	62	210	52	0.219	0.248
LOKIASV2_2778_ESMFold_4Fe-4S_single_cluster_domain-containing_protein	A0A345MY29_unrelaxed_rank_001_alphafold2_ptm_model_2_seed_000.pdb	A0A345MY29_unrelaxed_rank_001_alphafold2_ptm_model_2_seed_000.pdb	5.442E+00	0.029	20	153	195	196	149	184	235	43	0.219	0.153
LOKIASV2_2778_ESMFold_4Fe-4S_single_cluster_domain-containing_protein	A0A481Z3X5_unrelaxed_rank_001_alphafold2_ptm_model_1_seed_000.pdb	A0A481Z3X5_unrelaxed_rank_001_alphafold2_ptm_model_1_seed_000.pdb	4.206E+00	0.029	20	153	195	196	22	63	237	43	0.219	0.177
LOKIASV2_2778_ESMFold_4Fe-4S_single_cluster_domain-containing_protein	A0A8K1PIB1_unrelaxed_rank_001_alphafold2_ptm_model_3_seed_000.pdb	A0A8K1PIB1_unrelaxed_rank_001_alphafold2_ptm_model_3_seed_000.pdb	6.191E+00	0.029	20	162	195	196	180	213	276	35	0.173	0.123
LOKIASV2_2778_ESMFold_4Fe-4S_single_cluster_domain-containing_protein	A0A8S5PKT0_unrelaxed_rank_001_alphafold2_ptm_model_4_seed_000.pdb	A0A8S5PKT0_unrelaxed_rank_001_alphafold2_ptm_model_4_seed_000.pdb	3.697E+00	0.029	20	53	195	196	155	322	333	186	0.730	0.505
LOKIASV2_2778_ESMFold_4Fe-4S_single_cluster_domain-containing_protein	A0A8S5S6S3_1_unrelaxed_rank_001_alphafold2_ptm_model_2_seed_000.pdb	A0A8S5S6S3_1_unrelaxed_rank_001_alphafold2_ptm_model_2_seed_000.pdb	6.191E+00	0.029	20	155	195	196	560	610	1044	51	0.209	0.049
LOKIASV2_2778_ESMFold_4Fe-4S_single_cluster_domain-containing_protein	A0A1L3KHB7_unrelaxed_rank_001_alphafold2_ptm_model_3_seed_000.pdb	A0A1L3KHB7_unrelaxed_rank_001_alphafold2_ptm_model_3_seed_000.pdb	2.679E+00	0.029	20	64	195	196	324	470	1499	163	0.673	0.098
LOKIASV2_2778_ESMFold_4Fe-4S_single_cluster_domain-containing_protein	S4UAC8_unrelaxed_rank_001_alphafold2_ptm_model_1_seed_000.pdb	S4UAC8_unrelaxed_rank_001_alphafold2_ptm_model_1_seed_000.pdb	7.043E+00	0.024	19	168	194	196	33	61	75	29	0.138	0.387
LOKIASV2_2778_ESMFold_4Fe-4S_single_cluster_domain-containing_protein	A0A2P1CCM1_unrelaxed_rank_001_alphafold2_ptm_model_2_seed_000.pdb	A0A2P1CCM1_unrelaxed_rank_001_alphafold2_ptm_model_2_seed_000.pdb	8.545E+00	0.024	19	148	189	196	2	48	145	47	0.214	0.324
LOKIASV2_2778_ESMFold_4Fe-4S_single_cluster_domain-containing_protein	A0A516MCW7_unrelaxed_rank_001_alphafold2_ptm_model_3_seed_000.pdb	A0A516MCW7_unrelaxed_rank_001_alphafold2_ptm_model_3_seed_000.pdb	8.011E+00	0.024	19	153	193	196	9	49	148	41	0.209	0.277
LOKIASV2_2778_ESMFold_4Fe-4S_single_cluster_domain-containing_protein	A0A8E4ZL12_unrelaxed_rank_001_alphafold2_ptm_model_2_seed_000.pdb	A0A8E4ZL12_unrelaxed_rank_001_alphafold2_ptm_model_2_seed_000.pdb	3.250E+00	0.024	19	129	187	196	51	107	170	64	0.301	0.335
LOKIASV2_2778_ESMFold_4Fe-4S_single_cluster_domain-containing_protein	A0A2L2BM82_unrelaxed_rank_001_alphafold2_ptm_model_5_seed_000.pdb	A0A2L2BM82_unrelaxed_rank_001_alphafold2_ptm_model_5_seed_000.pdb	5.103E+00	0.024	19	153	195	196	41	86	211	46	0.219	0.218
LOKIASV2_2778_ESMFold_4Fe-4S_single_cluster_domain-containing_protein	A0A879R403_unrelaxed_rank_001_alphafold2_ptm_model_5_seed_000.pdb	A0A879R403_unrelaxed_rank_001_alphafold2_ptm_model_5_seed_000.pdb	7.511E+00	0.024	19	146	186	196	192	232	232	41	0.209	0.177
LOKIASV2_2778_ESMFold_4Fe-4S_single_cluster_domain-containing_protein	A0A3G5ACK2_unrelaxed_rank_001_alphafold2_ptm_model_3_seed_000.pdb	A0A3G5ACK2_unrelaxed_rank_001_alphafold2_ptm_model_3_seed_000.pdb	8.011E+00	0.024	19	55	104	196	74	123	263	53	0.255	0.190
LOKIASV2_2778_ESMFold_4Fe-4S_single_cluster_domain-containing_protein	A0A8F8SP25_unrelaxed_rank_001_alphafold2_ptm_model_5_seed_000.pdb	A0A8F8SP25_unrelaxed_rank_001_alphafold2_ptm_model_5_seed_000.pdb	3.466E+00	0.024	19	51	120	196	17	99	301	86	0.357	0.276
LOKIASV2_2778_ESMFold_4Fe-4S_single_cluster_domain-containing_protein	A0A7D3QVR0_unrelaxed_rank_001_alphafold2_ptm_model_3_seed_000.pdb	A0A7D3QVR0_unrelaxed_rank_001_alphafold2_ptm_model_3_seed_000.pdb	3.466E+00	0.024	19	127	195	196	7	78	400	73	0.352	0.180
LOKIASV2_2778_ESMFold_4Fe-4S_single_cluster_domain-containing_protein	A0A646TNG8_unrelaxed_rank_001_alphafold2_ptm_model_3_seed_000.pdb	A0A646TNG8_unrelaxed_rank_001_alphafold2_ptm_model_3_seed_000.pdb	1.600E+00	0.024	19	128	195	196	139	211	412	76	0.347	0.177
LOKIASV2_2778_ESMFold_4Fe-4S_single_cluster_domain-containing_protein	A0A4D6EII9_unrelaxed_rank_001_alphafold2_ptm_model_5_seed_000.pdb	A0A4D6EII9_unrelaxed_rank_001_alphafold2_ptm_model_5_seed_000.pdb	8.011E+00	0.024	19	56	121	196	160	233	442	77	0.337	0.167
LOKIASV2_2778_ESMFold_4Fe-4S_single_cluster_domain-containing_protein	A0A6G5XVD0_unrelaxed_rank_001_alphafold2_ptm_model_1_seed_000.pdb	A0A6G5XVD0_unrelaxed_rank_001_alphafold2_ptm_model_1_seed_000.pdb	3.466E+00	0.024	19	22	181	196	158	342	449	203	0.816	0.412
LOKIASV2_2778_ESMFold_4Fe-4S_single_cluster_domain-containing_protein	A0A0A0P263_unrelaxed_rank_001_alphafold2_ptm_model_3_seed_000.pdb	A0A0A0P263_unrelaxed_rank_001_alphafold2_ptm_model_3_seed_000.pdb	2.355E+00	0.024	19	30	195	196	233	448	515	243	0.847	0.419
LOKIASV2_2778_ESMFold_4Fe-4S_single_cluster_domain-containing_protein	A0A8A0R218_unrelaxed_rank_001_alphafold2_ptm_model_3_seed_000.pdb	A0A8A0R218_unrelaxed_rank_001_alphafold2_ptm_model_3_seed_000.pdb	1.941E+00	0.024	19	56	127	196	86	176	553	96	0.367	0.165
LOKIASV2_2778_ESMFold_4Fe-4S_single_cluster_domain-containing_protein	A0A6N1NNL9_unrelaxed_rank_001_alphafold2_ptm_model_3_seed_000.pdb	A0A6N1NNL9_unrelaxed_rank_001_alphafold2_ptm_model_3_seed_000.pdb	9.720E+00	0.024	19	84	120	196	333	366	758	37	0.189	0.045
LOKIASV2_2778_ESMFold_4Fe-4S_single_cluster_domain-containing_protein	A0A0K0N719_unrelaxed_rank_001_alphafold2_ptm_model_2_seed_000.pdb	A0A0K0N719_unrelaxed_rank_001_alphafold2_ptm_model_2_seed_000.pdb	8.545E+00	0.024	19	162	195	196	23	59	883	37	0.173	0.042
LOKIASV2_2778_ESMFold_4Fe-4S_single_cluster_domain-containing_protein	U5PUV5_unrelaxed_rank_001_alphafold2_ptm_model_1_seed_000.pdb	U5PUV5_unrelaxed_rank_001_alphafold2_ptm_model_1_seed_000.pdb	9.113E+00	0.024	19	74	101	196	538	565	1057	28	0.143	0.026
LOKIASV2_2778_ESMFold_4Fe-4S_single_cluster_domain-containing_protein	A0A1D8MBL0_4_unrelaxed_rank_001_alphafold2_ptm_model_2_seed_000.pdb	A0A1D8MBL0_4_unrelaxed_rank_001_alphafold2_ptm_model_2_seed_000.pdb	6.191E+00	0.024	19	155	187	196	335	367	1436	33	0.168	0.023
LOKIASV2_2778_ESMFold_4Fe-4S_single_cluster_domain-containing_protein	A0A2Z5ZCA0_unrelaxed_rank_001_alphafold2_ptm_model_1_seed_000.pdb	A0A2Z5ZCA0_unrelaxed_rank_001_alphafold2_ptm_model_1_seed_000.pdb	9.113E+00	0.020	18	162	195	196	7	37	47	34	0.173	0.660
LOKIASV2_2778_ESMFold_4Fe-4S_single_cluster_domain-containing_protein	A0A6N1NIE1_unrelaxed_rank_001_alphafold2_ptm_model_3_seed_000.pdb	A0A6N1NIE1_unrelaxed_rank_001_alphafold2_ptm_model_3_seed_000.pdb	4.784E+00	0.020	18	141	187	196	7	53	56	54	0.240	0.839
LOKIASV2_2778_ESMFold_4Fe-4S_single_cluster_domain-containing_protein	A0A8A6C8K6_unrelaxed_rank_001_alphafold2_ptm_model_3_seed_000.pdb	A0A8A6C8K6_unrelaxed_rank_001_alphafold2_ptm_model_3_seed_000.pdb	9.113E+00	0.020	18	155	194	196	14	58	76	45	0.204	0.592
LOKIASV2_2778_ESMFold_4Fe-4S_single_cluster_domain-containing_protein	A0A8S5NVX2_unrelaxed_rank_001_alphafold2_ptm_model_1_seed_000.pdb	A0A8S5NVX2_unrelaxed_rank_001_alphafold2_ptm_model_1_seed_000.pdb	5.805E+00	0.020	18	153	195	196	57	97	124	45	0.219	0.331
LOKIASV2_2778_ESMFold_4Fe-4S_single_cluster_domain-containing_protein	A0A5P8PH07_unrelaxed_rank_001_alphafold2_ptm_model_3_seed_000.pdb	A0A5P8PH07_unrelaxed_rank_001_alphafold2_ptm_model_3_seed_000.pdb	7.511E+00	0.020	18	152	195	196	13	51	127	46	0.224	0.307
LOKIASV2_2778_ESMFold_4Fe-4S_single_cluster_domain-containing_protein	A0A8S5LQX9_unrelaxed_rank_001_alphafold2_ptm_model_1_seed_000.pdb	A0A8S5LQX9_unrelaxed_rank_001_alphafold2_ptm_model_1_seed_000.pdb	5.103E+00	0.020	18	65	133	196	53	122	132	72	0.352	0.530
LOKIASV2_2778_ESMFold_4Fe-4S_single_cluster_domain-containing_protein	Q91FQ0_unrelaxed_rank_001_alphafold2_ptm_model_1_seed_000.pdb	Q91FQ0_unrelaxed_rank_001_alphafold2_ptm_model_1_seed_000.pdb	8.545E+00	0.020	18	152	196	196	3	45	136	46	0.230	0.316
LOKIASV2_2778_ESMFold_4Fe-4S_single_cluster_domain-containing_protein	A0A1L5JIX5_unrelaxed_rank_001_alphafold2_ptm_model_2_seed_000.pdb	A0A1L5JIX5_unrelaxed_rank_001_alphafold2_ptm_model_2_seed_000.pdb	8.545E+00	0.020	18	157	195	196	30	68	137	39	0.199	0.285
LOKIASV2_2778_ESMFold_4Fe-4S_single_cluster_domain-containing_protein	A0A6J5T1K0_unrelaxed_rank_001_alphafold2_ptm_model_1_seed_000.pdb	A0A6J5T1K0_unrelaxed_rank_001_alphafold2_ptm_model_1_seed_000.pdb	5.805E+00	0.020	18	97	153	196	74	147	147	76	0.291	0.503
LOKIASV2_2778_ESMFold_4Fe-4S_single_cluster_domain-containing_protein	A0A1D8H0D5_unrelaxed_rank_001_alphafold2_ptm_model_3_seed_000.pdb	A0A1D8H0D5_unrelaxed_rank_001_alphafold2_ptm_model_3_seed_000.pdb	7.511E+00	0.020	18	150	195	196	92	136	155	47	0.235	0.290
LOKIASV2_2778_ESMFold_4Fe-4S_single_cluster_domain-containing_protein	A0A217EQP0_unrelaxed_rank_001_alphafold2_ptm_model_4_seed_000.pdb	A0A217EQP0_unrelaxed_rank_001_alphafold2_ptm_model_4_seed_000.pdb	9.113E+00	0.020	18	57	195	196	93	209	285	149	0.709	0.411
LOKIASV2_2778_ESMFold_4Fe-4S_single_cluster_domain-containing_protein	A0A516LB21_unrelaxed_rank_001_alphafold2_ptm_model_3_seed_000.pdb	A0A516LB21_unrelaxed_rank_001_alphafold2_ptm_model_3_seed_000.pdb	8.545E+00	0.020	18	60	121	196	215	290	299	80	0.316	0.254
LOKIASV2_2778_ESMFold_4Fe-4S_single_cluster_domain-containing_protein	A0A3G5A2S2_unrelaxed_rank_001_alphafold2_ptm_model_3_seed_000.pdb	A0A3G5A2S2_unrelaxed_rank_001_alphafold2_ptm_model_3_seed_000.pdb	1.500E+00	0.020	18	59	196	196	64	242	315	183	0.704	0.568
LOKIASV2_2778_ESMFold_4Fe-4S_single_cluster_domain-containing_protein	A0A8D9FQC3_unrelaxed_rank_001_alphafold2_ptm_model_1_seed_000.pdb	A0A8D9FQC3_unrelaxed_rank_001_alphafold2_ptm_model_1_seed_000.pdb	2.355E+00	0.020	18	8	132	196	82	213	459	155	0.638	0.288
LOKIASV2_2778_ESMFold_4Fe-4S_single_cluster_domain-containing_protein	A0A8A4XCT4_unrelaxed_rank_001_alphafold2_ptm_model_5_seed_000.pdb	A0A8A4XCT4_unrelaxed_rank_001_alphafold2_ptm_model_5_seed_000.pdb	5.103E+00	0.020	18	98	161	196	343	407	460	65	0.327	0.141
LOKIASV2_2778_ESMFold_4Fe-4S_single_cluster_domain-containing_protein	A0A411CVZ4_unrelaxed_rank_001_alphafold2_ptm_model_3_seed_000.pdb	A0A411CVZ4_unrelaxed_rank_001_alphafold2_ptm_model_3_seed_000.pdb	8.545E+00	0.020	18	53	108	196	189	252	472	65	0.286	0.136
LOKIASV2_2778_ESMFold_4Fe-4S_single_cluster_domain-containing_protein	A0A1B4XWV8_unrelaxed_rank_001_alphafold2_ptm_model_3_seed_000.pdb	A0A1B4XWV8_unrelaxed_rank_001_alphafold2_ptm_model_3_seed_000.pdb	2.208E+00	0.020	18	56	183	196	119	276	524	176	0.653	0.302
LOKIASV2_2778_ESMFold_4Fe-4S_single_cluster_domain-containing_protein	A0A3G5AFK0_unrelaxed_rank_001_alphafold2_ptm_model_3_seed_000.pdb	A0A3G5AFK0_unrelaxed_rank_001_alphafold2_ptm_model_3_seed_000.pdb	6.603E+00	0.020	18	54	133	196	138	225	805	92	0.408	0.109
LOKIASV2_2778_ESMFold_4Fe-4S_single_cluster_domain-containing_protein	A0A1L3KJC8_1_unrelaxed_rank_001_alphafold2_ptm_model_3_seed_000.pdb	A0A1L3KJC8_1_unrelaxed_rank_001_alphafold2_ptm_model_3_seed_000.pdb	2.355E+00	0.020	18	98	195	196	500	598	823	119	0.500	0.120
LOKIASV2_2778_ESMFold_4Fe-4S_single_cluster_domain-containing_protein	A0A5B9QZS9_2_unrelaxed_rank_001_alphafold2_ptm_model_3_seed_000.pdb	A0A5B9QZS9_2_unrelaxed_rank_001_alphafold2_ptm_model_3_seed_000.pdb	4.206E+00	0.020	18	37	135	196	231	321	963	105	0.505	0.094
LOKIASV2_2778_ESMFold_4Fe-4S_single_cluster_domain-containing_protein	A0A097I4E4_unrelaxed_rank_001_alphafold2_ptm_model_2_seed_000.pdb	A0A097I4E4_unrelaxed_rank_001_alphafold2_ptm_model_2_seed_000.pdb	6.191E+00	0.020	18	138	195	196	883	949	979	69	0.296	0.068
LOKIASV2_2778_ESMFold_4Fe-4S_single_cluster_domain-containing_protein	A0A514D7Q3_unrelaxed_rank_001_alphafold2_ptm_model_2_seed_000.pdb	A0A514D7Q3_unrelaxed_rank_001_alphafold2_ptm_model_2_seed_000.pdb	7.511E+00	0.020	18	155	196	196	782	823	989	42	0.214	0.042
LOKIASV2_2778_ESMFold_4Fe-4S_single_cluster_domain-containing_protein	A0A166Y926_unrelaxed_rank_001_alphafold2_ptm_model_2_seed_000.pdb	A0A166Y926_unrelaxed_rank_001_alphafold2_ptm_model_2_seed_000.pdb	7.043E+00	0.020	18	58	127	196	872	961	1043	90	0.357	0.086
LOKIASV2_2778_ESMFold_4Fe-4S_single_cluster_domain-containing_protein	A0A1L3KKK8_1_unrelaxed_rank_001_alphafold2_ptm_model_1_seed_000.pdb	A0A1L3KKK8_1_unrelaxed_rank_001_alphafold2_ptm_model_1_seed_000.pdb	4.206E+00	0.020	18	66	146	196	596	710	1079	115	0.413	0.107
LOKIASV2_2778_ESMFold_4Fe-4S_single_cluster_domain-containing_protein	A0A386JCA0_1_unrelaxed_rank_001_alphafold2_ptm_model_1_seed_000.pdb	A0A386JCA0_1_unrelaxed_rank_001_alphafold2_ptm_model_1_seed_000.pdb	2.070E+00	0.020	18	96	195	196	334	437	1082	119	0.510	0.096
LOKIASV2_2778_ESMFold_4Fe-4S_single_cluster_domain-containing_protein	G3MAY5_unrelaxed_rank_001_alphafold2_ptm_model_1_seed_000.pdb	G3MAY5_unrelaxed_rank_001_alphafold2_ptm_model_1_seed_000.pdb	9.113E+00	0.016	17	157	191	196	2	36	59	35	0.179	0.593
LOKIASV2_2778_ESMFold_4Fe-4S_single_cluster_domain-containing_protein	A0A7G9UZ85_unrelaxed_rank_001_alphafold2_ptm_model_3_seed_000.pdb	A0A7G9UZ85_unrelaxed_rank_001_alphafold2_ptm_model_3_seed_000.pdb	6.603E+00	0.016	17	162	191	196	8	37	60	30	0.153	0.500
LOKIASV2_2778_ESMFold_4Fe-4S_single_cluster_domain-containing_protein	A0A8F2DCV1_unrelaxed_rank_001_alphafold2_ptm_model_3_seed_000.pdb	A0A8F2DCV1_unrelaxed_rank_001_alphafold2_ptm_model_3_seed_000.pdb	9.113E+00	0.016	17	149	186	196	20	49	60	38	0.194	0.500
LOKIASV2_2778_ESMFold_4Fe-4S_single_cluster_domain-containing_protein	A0A0N9R667_unrelaxed_rank_001_alphafold2_ptm_model_3_seed_000.pdb	A0A0N9R667_unrelaxed_rank_001_alphafold2_ptm_model_3_seed_000.pdb	7.043E+00	0.016	17	154	195	196	35	73	75	42	0.214	0.520
LOKIASV2_2778_ESMFold_4Fe-4S_single_cluster_domain-containing_protein	A0A6J5MIP5_unrelaxed_rank_001_alphafold2_ptm_model_2_seed_000.pdb	A0A6J5MIP5_unrelaxed_rank_001_alphafold2_ptm_model_2_seed_000.pdb	4.206E+00	0.016	17	142	187	196	11	54	77	46	0.235	0.571
LOKIASV2_2778_ESMFold_4Fe-4S_single_cluster_domain-containing_protein	A0A8S5LMR7_unrelaxed_rank_001_alphafold2_ptm_model_3_seed_000.pdb	A0A8S5LMR7_unrelaxed_rank_001_alphafold2_ptm_model_3_seed_000.pdb	1.820E+00	0.016	17	82	187	196	32	89	100	106	0.541	0.580
LOKIASV2_2778_ESMFold_4Fe-4S_single_cluster_domain-containing_protein	A0A6J5M756_unrelaxed_rank_001_alphafold2_ptm_model_3_seed_000.pdb	A0A6J5M756_unrelaxed_rank_001_alphafold2_ptm_model_3_seed_000.pdb	8.545E+00	0.016	17	153	195	196	8	48	152	45	0.219	0.270
LOKIASV2_2778_ESMFold_4Fe-4S_single_cluster_domain-containing_protein	A0A0K1LK22_unrelaxed_rank_001_alphafold2_ptm_model_3_seed_000.pdb	A0A0K1LK22_unrelaxed_rank_001_alphafold2_ptm_model_3_seed_000.pdb	2.857E+00	0.016	17	77	196	196	16	114	154	127	0.612	0.643
LOKIASV2_2778_ESMFold_4Fe-4S_single_cluster_domain-containing_protein	A0A6J5KPF7_unrelaxed_rank_001_alphafold2_ptm_model_5_seed_000.pdb	A0A6J5KPF7_unrelaxed_rank_001_alphafold2_ptm_model_5_seed_000.pdb	8.545E+00	0.016	17	56	121	196	75	135	209	69	0.337	0.292
LOKIASV2_2778_ESMFold_4Fe-4S_single_cluster_domain-containing_protein	A0A345N1E5_unrelaxed_rank_001_alphafold2_ptm_model_4_seed_000.pdb	A0A345N1E5_unrelaxed_rank_001_alphafold2_ptm_model_4_seed_000.pdb	8.011E+00	0.016	17	155	195	196	26	68	216	48	0.209	0.199
LOKIASV2_2778_ESMFold_4Fe-4S_single_cluster_domain-containing_protein	A0A2H4UUQ0_unrelaxed_rank_001_alphafold2_ptm_model_4_seed_000.pdb	A0A2H4UUQ0_unrelaxed_rank_001_alphafold2_ptm_model_4_seed_000.pdb	1.159E+00	0.016	17	56	195	196	31	185	230	184	0.714	0.674
LOKIASV2_2778_ESMFold_4Fe-4S_single_cluster_domain-containing_protein	A0A7D7EZ29_unrelaxed_rank_001_alphafold2_ptm_model_5_seed_000.pdb	A0A7D7EZ29_unrelaxed_rank_001_alphafold2_ptm_model_5_seed_000.pdb	5.805E+00	0.016	17	146	196	196	69	119	280	53	0.260	0.182
LOKIASV2_2778_ESMFold_4Fe-4S_single_cluster_domain-containing_protein	A0A2H4UUF9_unrelaxed_rank_001_alphafold2_ptm_model_3_seed_000.pdb	A0A2H4UUF9_unrelaxed_rank_001_alphafold2_ptm_model_3_seed_000.pdb	9.113E+00	0.016	17	55	195	196	84	215	315	156	0.719	0.419
LOKIASV2_2778_ESMFold_4Fe-4S_single_cluster_domain-containing_protein	A0A6B7EU86_unrelaxed_rank_001_alphafold2_ptm_model_2_seed_000.pdb	A0A6B7EU86_unrelaxed_rank_001_alphafold2_ptm_model_2_seed_000.pdb	3.697E+00	0.016	17	141	195	196	126	185	361	62	0.281	0.166
LOKIASV2_2778_ESMFold_4Fe-4S_single_cluster_domain-containing_protein	A0A3G5AI57_unrelaxed_rank_001_alphafold2_ptm_model_2_seed_000.pdb	A0A3G5AI57_unrelaxed_rank_001_alphafold2_ptm_model_2_seed_000.pdb	5.805E+00	0.016	17	56	121	196	273	382	398	110	0.337	0.276
LOKIASV2_2778_ESMFold_4Fe-4S_single_cluster_domain-containing_protein	A0A481YUL3_unrelaxed_rank_001_alphafold2_ptm_model_1_seed_000.pdb	A0A481YUL3_unrelaxed_rank_001_alphafold2_ptm_model_1_seed_000.pdb	3.250E+00	0.016	17	60	162	196	345	490	552	164	0.526	0.264
LOKIASV2_2778_ESMFold_4Fe-4S_single_cluster_domain-containing_protein	A0A385A1C8_unrelaxed_rank_001_alphafold2_ptm_model_1_seed_000.pdb	A0A385A1C8_unrelaxed_rank_001_alphafold2_ptm_model_1_seed_000.pdb	9.720E+00	0.016	17	48	107	196	299	375	574	81	0.306	0.134
LOKIASV2_2778_ESMFold_4Fe-4S_single_cluster_domain-containing_protein	A0A8S5P366_2_unrelaxed_rank_001_alphafold2_ptm_model_3_seed_000.pdb	A0A8S5P366_2_unrelaxed_rank_001_alphafold2_ptm_model_3_seed_000.pdb	7.043E+00	0.016	17	147	195	196	718	766	819	52	0.250	0.060
LOKIASV2_2778_ESMFold_4Fe-4S_single_cluster_domain-containing_protein	A0A1L3KH15_1_unrelaxed_rank_001_alphafold2_ptm_model_1_seed_000.pdb	A0A1L3KH15_1_unrelaxed_rank_001_alphafold2_ptm_model_1_seed_000.pdb	3.697E+00	0.016	17	56	195	196	610	775	929	184	0.714	0.179
LOKIASV2_2778_ESMFold_4Fe-4S_single_cluster_domain-containing_protein	A0A0K0LAR6_unrelaxed_rank_001_alphafold2_ptm_model_3_seed_000.pdb	A0A0K0LAR6_unrelaxed_rank_001_alphafold2_ptm_model_3_seed_000.pdb	1.820E+00	0.016	17	65	193	196	578	792	978	220	0.658	0.220
LOKIASV2_2778_ESMFold_4Fe-4S_single_cluster_domain-containing_protein	A0A514D018_unrelaxed_rank_001_alphafold2_ptm_model_3_seed_000.pdb	A0A514D018_unrelaxed_rank_001_alphafold2_ptm_model_3_seed_000.pdb	9.113E+00	0.014	16	152	195	196	8	57	64	51	0.224	0.781
LOKIASV2_2778_ESMFold_4Fe-4S_single_cluster_domain-containing_protein	A0A249XN93_unrelaxed_rank_001_alphafold2_ptm_model_2_seed_000.pdb	A0A249XN93_unrelaxed_rank_001_alphafold2_ptm_model_2_seed_000.pdb	7.511E+00	0.014	16	148	195	196	19	64	75	51	0.245	0.613
LOKIASV2_2778_ESMFold_4Fe-4S_single_cluster_domain-containing_protein	A0A097PUM5_unrelaxed_rank_001_alphafold2_ptm_model_3_seed_000.pdb	A0A097PUM5_unrelaxed_rank_001_alphafold2_ptm_model_3_seed_000.pdb	7.511E+00	0.014	16	151	195	196	55	96	101	45	0.230	0.416
LOKIASV2_2778_ESMFold_4Fe-4S_single_cluster_domain-containing_protein	D5KPH5_unrelaxed_rank_001_alphafold2_ptm_model_2_seed_000.pdb	D5KPH5_unrelaxed_rank_001_alphafold2_ptm_model_2_seed_000.pdb	2.512E+00	0.014	16	143	191	196	75	151	171	77	0.250	0.450
LOKIASV2_2778_ESMFold_4Fe-4S_single_cluster_domain-containing_protein	A0A8S5MJZ2_unrelaxed_rank_001_alphafold2_ptm_model_2_seed_000.pdb	A0A8S5MJZ2_unrelaxed_rank_001_alphafold2_ptm_model_2_seed_000.pdb	9.720E+00	0.014	16	139	185	196	146	190	190	47	0.240	0.237
LOKIASV2_2778_ESMFold_4Fe-4S_single_cluster_domain-containing_protein	A0A8S5QDK6_unrelaxed_rank_001_alphafold2_ptm_model_1_seed_000.pdb	A0A8S5QDK6_unrelaxed_rank_001_alphafold2_ptm_model_1_seed_000.pdb	4.486E+00	0.014	16	130	195	196	51	129	205	81	0.337	0.385
LOKIASV2_2778_ESMFold_4Fe-4S_single_cluster_domain-containing_protein	A0A8D9CA04_unrelaxed_rank_001_alphafold2_ptm_model_5_seed_000.pdb	A0A8D9CA04_unrelaxed_rank_001_alphafold2_ptm_model_5_seed_000.pdb	7.511E+00	0.014	16	157	187	196	73	106	207	34	0.158	0.164
LOKIASV2_2778_ESMFold_4Fe-4S_single_cluster_domain-containing_protein	A0A1V0SL68_unrelaxed_rank_001_alphafold2_ptm_model_3_seed_000.pdb	A0A1V0SL68_unrelaxed_rank_001_alphafold2_ptm_model_3_seed_000.pdb	7.511E+00	0.014	16	38	191	196	50	210	213	192	0.786	0.756
LOKIASV2_2778_ESMFold_4Fe-4S_single_cluster_domain-containing_protein	A0A1V0M7Z2_unrelaxed_rank_001_alphafold2_ptm_model_2_seed_000.pdb	A0A1V0M7Z2_unrelaxed_rank_001_alphafold2_ptm_model_2_seed_000.pdb	5.442E+00	0.014	16	142	195	196	9	83	275	75	0.276	0.273
LOKIASV2_2778_ESMFold_4Fe-4S_single_cluster_domain-containing_protein	A0A173GE06_unrelaxed_rank_001_alphafold2_ptm_model_2_seed_000.pdb	A0A173GE06_unrelaxed_rank_001_alphafold2_ptm_model_2_seed_000.pdb	1.941E+00	0.014	16	56	146	196	176	292	293	128	0.464	0.399
LOKIASV2_2778_ESMFold_4Fe-4S_single_cluster_domain-containing_protein	UPI00000381C2_unrelaxed_rank_001_alphafold2_ptm_model_4_seed_000.pdb	UPI00000381C2_unrelaxed_rank_001_alphafold2_ptm_model_4_seed_000.pdb	6.603E+00	0.014	16	146	194	196	48	103	308	56	0.250	0.182
LOKIASV2_2778_ESMFold_4Fe-4S_single_cluster_domain-containing_protein	A0A8S5VBC5_unrelaxed_rank_001_alphafold2_ptm_model_4_seed_000.pdb	A0A8S5VBC5_unrelaxed_rank_001_alphafold2_ptm_model_4_seed_000.pdb	7.043E+00	0.014	16	130	194	196	277	329	343	65	0.332	0.155
LOKIASV2_2778_ESMFold_4Fe-4S_single_cluster_domain-containing_protein	A0A1B1INJ0_unrelaxed_rank_001_alphafold2_ptm_model_4_seed_000.pdb	A0A1B1INJ0_unrelaxed_rank_001_alphafold2_ptm_model_4_seed_000.pdb	6.603E+00	0.014	16	153	195	196	278	321	349	47	0.219	0.126
LOKIASV2_2778_ESMFold_4Fe-4S_single_cluster_domain-containing_protein	A0A0A7DMK2_unrelaxed_rank_001_alphafold2_ptm_model_1_seed_000.pdb	A0A0A7DMK2_unrelaxed_rank_001_alphafold2_ptm_model_1_seed_000.pdb	4.206E+00	0.014	16	143	195	196	171	229	384	59	0.270	0.154
LOKIASV2_2778_ESMFold_4Fe-4S_single_cluster_domain-containing_protein	A0A8S5R923_unrelaxed_rank_001_alphafold2_ptm_model_3_seed_000.pdb	A0A8S5R923_unrelaxed_rank_001_alphafold2_ptm_model_3_seed_000.pdb	4.206E+00	0.014	16	1	121	196	447	598	650	170	0.617	0.234
LOKIASV2_2778_ESMFold_4Fe-4S_single_cluster_domain-containing_protein	A0A6J5PCY7_unrelaxed_rank_001_alphafold2_ptm_model_3_seed_000.pdb	A0A6J5PCY7_unrelaxed_rank_001_alphafold2_ptm_model_3_seed_000.pdb	8.545E+00	0.014	16	142	196	196	58	112	1022	57	0.281	0.054
LOKIASV2_2778_ESMFold_4Fe-4S_single_cluster_domain-containing_protein	A0A7G3W8S2_2_unrelaxed_rank_001_alphafold2_ptm_model_2_seed_000.pdb	A0A7G3W8S2_2_unrelaxed_rank_001_alphafold2_ptm_model_2_seed_000.pdb	5.103E+00	0.014	16	7	134	196	53	183	1089	150	0.653	0.120
LOKIASV2_2778_ESMFold_4Fe-4S_single_cluster_domain-containing_protein	A0A1L3KPI5_1_unrelaxed_rank_001_alphafold2_ptm_model_2_seed_000.pdb	A0A1L3KPI5_1_unrelaxed_rank_001_alphafold2_ptm_model_2_seed_000.pdb	1.019E+00	0.014	16	7	195	196	101	302	1118	243	0.964	0.181
LOKIASV2_2778_ESMFold_4Fe-4S_single_cluster_domain-containing_protein	A0A514DB98_unrelaxed_rank_001_alphafold2_ptm_model_2_seed_000.pdb	A0A514DB98_unrelaxed_rank_001_alphafold2_ptm_model_2_seed_000.pdb	5.103E+00	0.014	16	64	195	196	609	768	1157	166	0.673	0.138
LOKIASV2_2778_ESMFold_4Fe-4S_single_cluster_domain-containing_protein	A0A482MK06_unrelaxed_rank_001_alphafold2_ptm_model_1_seed_000.pdb	A0A482MK06_unrelaxed_rank_001_alphafold2_ptm_model_1_seed_000.pdb	5.805E+00	0.014	16	55	121	196	787	847	1454	73	0.342	0.042
LOKIASV2_2778_ESMFold_4Fe-4S_single_cluster_domain-containing_protein	A0A4V1EZY8_unrelaxed_rank_001_alphafold2_ptm_model_1_seed_000.pdb	A0A4V1EZY8_unrelaxed_rank_001_alphafold2_ptm_model_1_seed_000.pdb	6.603E+00	0.011	15	129	195	196	2	66	68	74	0.342	0.956
LOKIASV2_2778_ESMFold_4Fe-4S_single_cluster_domain-containing_protein	A0A7D5JS19_unrelaxed_rank_001_alphafold2_ptm_model_3_seed_000.pdb	A0A7D5JS19_unrelaxed_rank_001_alphafold2_ptm_model_3_seed_000.pdb	2.679E+00	0.011	15	130	195	196	19	115	118	101	0.337	0.822
LOKIASV2_2778_ESMFold_4Fe-4S_single_cluster_domain-containing_protein	R4TMP2_unrelaxed_rank_001_alphafold2_ptm_model_1_seed_000.pdb	R4TMP2_unrelaxed_rank_001_alphafold2_ptm_model_1_seed_000.pdb	7.511E+00	0.011	15	56	122	196	16	108	120	103	0.342	0.775
LOKIASV2_2778_ESMFold_4Fe-4S_single_cluster_domain-containing_protein	A0A1S5Y346_unrelaxed_rank_001_alphafold2_ptm_model_1_seed_000.pdb	A0A1S5Y346_unrelaxed_rank_001_alphafold2_ptm_model_1_seed_000.pdb	7.043E+00	0.011	15	7	132	196	20	127	138	155	0.643	0.783
LOKIASV2_2778_ESMFold_4Fe-4S_single_cluster_domain-containing_protein	Q6VT70_unrelaxed_rank_001_alphafold2_ptm_model_2_seed_000.pdb	Q6VT70_unrelaxed_rank_001_alphafold2_ptm_model_2_seed_000.pdb	5.442E+00	0.011	15	124	186	196	90	150	153	77	0.321	0.399
LOKIASV2_2778_ESMFold_4Fe-4S_single_cluster_domain-containing_protein	A0A4D6EIK0_unrelaxed_rank_001_alphafold2_ptm_model_3_seed_000.pdb	A0A4D6EIK0_unrelaxed_rank_001_alphafold2_ptm_model_3_seed_000.pdb	7.043E+00	0.011	15	53	123	196	131	229	275	105	0.362	0.360
LOKIASV2_2778_ESMFold_4Fe-4S_single_cluster_domain-containing_protein	A0A345MW13_unrelaxed_rank_001_alphafold2_ptm_model_3_seed_000.pdb	A0A345MW13_unrelaxed_rank_001_alphafold2_ptm_model_3_seed_000.pdb	9.720E+00	0.011	15	153	194	196	239	276	330	42	0.214	0.115
LOKIASV2_2778_ESMFold_4Fe-4S_single_cluster_domain-containing_protein	A0A8S5SNY2_unrelaxed_rank_001_alphafold2_ptm_model_1_seed_000.pdb	A0A8S5SNY2_unrelaxed_rank_001_alphafold2_ptm_model_1_seed_000.pdb	3.047E+00	0.011	15	7	120	196	28	119	422	128	0.582	0.218
LOKIASV2_2778_ESMFold_4Fe-4S_single_cluster_domain-containing_protein	A0A1L3KHN5_1_unrelaxed_rank_001_alphafold2_ptm_model_3_seed_000.pdb	A0A1L3KHN5_1_unrelaxed_rank_001_alphafold2_ptm_model_3_seed_000.pdb	3.697E+00	0.011	15	96	195	196	626	727	915	114	0.510	0.111
LOKIASV2_2778_ESMFold_4Fe-4S_single_cluster_domain-containing_protein	A0A1V0SFJ0_unrelaxed_rank_001_alphafold2_ptm_model_3_seed_000.pdb	A0A1V0SFJ0_unrelaxed_rank_001_alphafold2_ptm_model_3_seed_000.pdb	6.191E+00	0.011	15	55	156	196	933	1022	1139	110	0.520	0.079
LOKIASV2_2778_ESMFold_4Fe-4S_single_cluster_domain-containing_protein	A0A1X9VLI8_2_unrelaxed_rank_001_alphafold2_ptm_model_4_seed_000.pdb	A0A1X9VLI8_2_unrelaxed_rank_001_alphafold2_ptm_model_4_seed_000.pdb	6.191E+00	0.011	15	68	195	196	212	421	1243	212	0.653	0.169
LOKIASV2_2778_ESMFold_4Fe-4S_single_cluster_domain-containing_protein	A0A218NJU3_1_unrelaxed_rank_001_alphafold2_ptm_model_2_seed_000.pdb	A0A218NJU3_1_unrelaxed_rank_001_alphafold2_ptm_model_2_seed_000.pdb	2.355E+00	0.011	15	66	175	196	465	545	1304	117	0.561	0.062
LOKIASV2_2778_ESMFold_4Fe-4S_single_cluster_domain-containing_protein	A0A1L3KHD7_1_unrelaxed_rank_001_alphafold2_ptm_model_2_seed_000.pdb	A0A1L3KHD7_1_unrelaxed_rank_001_alphafold2_ptm_model_2_seed_000.pdb	9.113E+00	0.011	15	96	152	196	530	594	1322	67	0.291	0.049
LOKIASV2_2778_ESMFold_4Fe-4S_single_cluster_domain-containing_protein	A0A6J5MBI0_unrelaxed_rank_001_alphafold2_ptm_model_1_seed_000.pdb	A0A6J5MBI0_unrelaxed_rank_001_alphafold2_ptm_model_1_seed_000.pdb	3.047E+00	0.010	14	78	195	196	36	111	114	118	0.602	0.667
LOKIASV2_2778_ESMFold_4Fe-4S_single_cluster_domain-containing_protein	A9J4M4_unrelaxed_rank_001_alphafold2_ptm_model_3_seed_000.pdb	A9J4M4_unrelaxed_rank_001_alphafold2_ptm_model_3_seed_000.pdb	8.011E+00	0.010	14	133	194	196	60	112	139	63	0.316	0.381
LOKIASV2_2778_ESMFold_4Fe-4S_single_cluster_domain-containing_protein	A0A8S5M8K2_unrelaxed_rank_001_alphafold2_ptm_model_1_seed_000.pdb	A0A8S5M8K2_unrelaxed_rank_001_alphafold2_ptm_model_1_seed_000.pdb	7.043E+00	0.010	14	81	195	196	24	100	144	116	0.587	0.535
LOKIASV2_2778_ESMFold_4Fe-4S_single_cluster_domain-containing_protein	A0A7D7EXT0_unrelaxed_rank_001_alphafold2_ptm_model_3_seed_000.pdb	A0A7D7EXT0_unrelaxed_rank_001_alphafold2_ptm_model_3_seed_000.pdb	5.442E+00	0.010	14	79	191	196	46	131	147	116	0.577	0.585
LOKIASV2_2778_ESMFold_4Fe-4S_single_cluster_domain-containing_protein	A0A2K9VHJ6_unrelaxed_rank_001_alphafold2_ptm_model_1_seed_000.pdb	A0A2K9VHJ6_unrelaxed_rank_001_alphafold2_ptm_model_1_seed_000.pdb	7.511E+00	0.010	14	81	193	196	18	145	155	138	0.577	0.826
LOKIASV2_2778_ESMFold_4Fe-4S_single_cluster_domain-containing_protein	A0A481ZCP4_unrelaxed_rank_001_alphafold2_ptm_model_1_seed_000.pdb	A0A481ZCP4_unrelaxed_rank_001_alphafold2_ptm_model_1_seed_000.pdb	5.103E+00	0.010	14	78	196	196	38	129	155	120	0.607	0.594
LOKIASV2_2778_ESMFold_4Fe-4S_single_cluster_domain-containing_protein	D8V602_unrelaxed_rank_001_alphafold2_ptm_model_3_seed_000.pdb	D8V602_unrelaxed_rank_001_alphafold2_ptm_model_3_seed_000.pdb	2.208E+00	0.010	14	11	191	196	17	146	168	185	0.923	0.774
LOKIASV2_2778_ESMFold_4Fe-4S_single_cluster_domain-containing_protein	A0A1P8DIQ2_unrelaxed_rank_001_alphafold2_ptm_model_3_seed_000.pdb	A0A1P8DIQ2_unrelaxed_rank_001_alphafold2_ptm_model_3_seed_000.pdb	8.545E+00	0.010	14	56	121	196	86	152	187	76	0.337	0.358
LOKIASV2_2778_ESMFold_4Fe-4S_single_cluster_domain-containing_protein	G4KKN0_unrelaxed_rank_001_alphafold2_ptm_model_4_seed_000.pdb	G4KKN0_unrelaxed_rank_001_alphafold2_ptm_model_4_seed_000.pdb	3.697E+00	0.010	14	2	195	196	1	153	193	202	0.990	0.793
LOKIASV2_2778_ESMFold_4Fe-4S_single_cluster_domain-containing_protein	UPI001EA8AD5F_unrelaxed_rank_001_alphafold2_ptm_model_3_seed_000.pdb	UPI001EA8AD5F_unrelaxed_rank_001_alphafold2_ptm_model_3_seed_000.pdb	7.511E+00	0.010	14	53	161	196	13	115	204	130	0.556	0.505
LOKIASV2_2778_ESMFold_4Fe-4S_single_cluster_domain-containing_protein	A0A1X9VNM9_unrelaxed_rank_001_alphafold2_ptm_model_4_seed_000.pdb	A0A1X9VNM9_unrelaxed_rank_001_alphafold2_ptm_model_4_seed_000.pdb	3.697E+00	0.010	14	22	142	196	47	158	223	133	0.617	0.502
LOKIASV2_2778_ESMFold_4Fe-4S_single_cluster_domain-containing_protein	A0A0F7LC34_unrelaxed_rank_001_alphafold2_ptm_model_4_seed_000.pdb	A0A0F7LC34_unrelaxed_rank_001_alphafold2_ptm_model_4_seed_000.pdb	6.191E+00	0.010	14	128	191	196	195	269	270	80	0.327	0.278
LOKIASV2_2778_ESMFold_4Fe-4S_single_cluster_domain-containing_protein	A0A221LFE6_unrelaxed_rank_001_alphafold2_ptm_model_4_seed_000.pdb	A0A221LFE6_unrelaxed_rank_001_alphafold2_ptm_model_4_seed_000.pdb	7.043E+00	0.010	14	78	165	196	159	237	346	96	0.449	0.228
LOKIASV2_2778_ESMFold_4Fe-4S_single_cluster_domain-containing_protein	A0A6N1NNX0_unrelaxed_rank_001_alphafold2_ptm_model_5_seed_000.pdb	A0A6N1NNX0_unrelaxed_rank_001_alphafold2_ptm_model_5_seed_000.pdb	4.486E+00	0.010	14	10	120	196	56	175	546	143	0.566	0.220
LOKIASV2_2778_ESMFold_4Fe-4S_single_cluster_domain-containing_protein	A0A1L3KPE3_unrelaxed_rank_001_alphafold2_ptm_model_2_seed_000.pdb	A0A1L3KPE3_unrelaxed_rank_001_alphafold2_ptm_model_2_seed_000.pdb	7.043E+00	0.010	14	8	195	196	510	693	713	224	0.959	0.258
LOKIASV2_2778_ESMFold_4Fe-4S_single_cluster_domain-containing_protein	A0A2Z5WAE9_unrelaxed_rank_001_alphafold2_ptm_model_3_seed_000.pdb	A0A2Z5WAE9_unrelaxed_rank_001_alphafold2_ptm_model_3_seed_000.pdb	2.857E+00	0.010	14	55	195	196	534	635	835	141	0.719	0.122
LOKIASV2_2778_ESMFold_4Fe-4S_single_cluster_domain-containing_protein	A0A1L3KPB3_unrelaxed_rank_001_alphafold2_ptm_model_2_seed_000.pdb	A0A1L3KPB3_unrelaxed_rank_001_alphafold2_ptm_model_2_seed_000.pdb	7.043E+00	0.010	14	41	127	196	222	309	896	101	0.444	0.098
LOKIASV2_2778_ESMFold_4Fe-4S_single_cluster_domain-containing_protein	A0A8K1HGU1_1_unrelaxed_rank_001_alphafold2_ptm_model_2_seed_000.pdb	A0A8K1HGU1_1_unrelaxed_rank_001_alphafold2_ptm_model_2_seed_000.pdb	4.784E+00	0.010	14	67	187	196	622	750	958	151	0.617	0.135
LOKIASV2_2778_ESMFold_4Fe-4S_single_cluster_domain-containing_protein	A0A1L3KHR3_1_unrelaxed_rank_001_alphafold2_ptm_model_1_seed_000.pdb	A0A1L3KHR3_1_unrelaxed_rank_001_alphafold2_ptm_model_1_seed_000.pdb	9.720E+00	0.010	14	68	195	196	657	785	1041	154	0.653	0.124
LOKIASV2_2778_ESMFold_4Fe-4S_single_cluster_domain-containing_protein	A0A3G5ADB8_1_unrelaxed_rank_001_alphafold2_ptm_model_2_seed_000.pdb	A0A3G5ADB8_1_unrelaxed_rank_001_alphafold2_ptm_model_2_seed_000.pdb	4.206E+00	0.010	14	7	195	196	308	504	1115	227	0.964	0.177
LOKIASV2_2778_ESMFold_4Fe-4S_single_cluster_domain-containing_protein	A0A1S6GXF8_1_unrelaxed_rank_001_alphafold2_ptm_model_5_seed_000.pdb	A0A1S6GXF8_1_unrelaxed_rank_001_alphafold2_ptm_model_5_seed_000.pdb	9.113E+00	0.010	14	79	195	196	779	921	1337	149	0.597	0.107
LOKIASV2_2778_ESMFold_4Fe-4S_single_cluster_domain-containing_protein	A0A6J5LF07_unrelaxed_rank_001_alphafold2_ptm_model_1_seed_000.pdb	A0A6J5LF07_unrelaxed_rank_001_alphafold2_ptm_model_1_seed_000.pdb	7.043E+00	0.009	13	153	195	196	4	62	97	59	0.219	0.608
LOKIASV2_2778_ESMFold_4Fe-4S_single_cluster_domain-containing_protein	U6HC27_unrelaxed_rank_001_alphafold2_ptm_model_2_seed_000.pdb	U6HC27_unrelaxed_rank_001_alphafold2_ptm_model_2_seed_000.pdb	9.113E+00	0.009	13	148	196	196	66	113	113	57	0.250	0.425
LOKIASV2_2778_ESMFold_4Fe-4S_single_cluster_domain-containing_protein	A0A6J5PSW4_unrelaxed_rank_001_alphafold2_ptm_model_2_seed_000.pdb	A0A6J5PSW4_unrelaxed_rank_001_alphafold2_ptm_model_2_seed_000.pdb	4.784E+00	0.009	13	78	196	196	44	161	171	141	0.607	0.690
LOKIASV2_2778_ESMFold_4Fe-4S_single_cluster_domain-containing_protein	A0A499PJI6_unrelaxed_rank_001_alphafold2_ptm_model_3_seed_000.pdb	A0A499PJI6_unrelaxed_rank_001_alphafold2_ptm_model_3_seed_000.pdb	6.603E+00	0.009	13	144	196	196	61	139	177	79	0.270	0.446
LOKIASV2_2778_ESMFold_4Fe-4S_single_cluster_domain-containing_protein	A0A481Z8Z0_unrelaxed_rank_001_alphafold2_ptm_model_2_seed_000.pdb	A0A481Z8Z0_unrelaxed_rank_001_alphafold2_ptm_model_2_seed_000.pdb	8.011E+00	0.009	13	55	119	196	110	202	385	96	0.332	0.242
LOKIASV2_2778_ESMFold_4Fe-4S_single_cluster_domain-containing_protein	A0A6J5PUX6_unrelaxed_rank_001_alphafold2_ptm_model_1_seed_000.pdb	A0A6J5PUX6_unrelaxed_rank_001_alphafold2_ptm_model_1_seed_000.pdb	7.511E+00	0.009	13	128	194	196	57	121	420	67	0.342	0.155
LOKIASV2_2778_ESMFold_4Fe-4S_single_cluster_domain-containing_protein	A0A4P8W4X2_unrelaxed_rank_001_alphafold2_ptm_model_3_seed_000.pdb	A0A4P8W4X2_unrelaxed_rank_001_alphafold2_ptm_model_3_seed_000.pdb	4.784E+00	0.009	13	112	195	196	232	322	461	114	0.429	0.197
LOKIASV2_2778_ESMFold_4Fe-4S_single_cluster_domain-containing_protein	A0A6J5MA30_unrelaxed_rank_001_alphafold2_ptm_model_2_seed_000.pdb	A0A6J5MA30_unrelaxed_rank_001_alphafold2_ptm_model_2_seed_000.pdb	9.113E+00	0.009	13	24	122	196	394	499	626	122	0.505	0.169
LOKIASV2_2778_ESMFold_4Fe-4S_single_cluster_domain-containing_protein	A0A7T1GW30_1_unrelaxed_rank_001_alphafold2_ptm_model_2_seed_000.pdb	A0A7T1GW30_1_unrelaxed_rank_001_alphafold2_ptm_model_2_seed_000.pdb	5.442E+00	0.009	13	98	195	196	555	652	948	109	0.500	0.103
LOKIASV2_2778_ESMFold_4Fe-4S_single_cluster_domain-containing_protein	A0A8S5URQ4_unrelaxed_rank_001_alphafold2_ptm_model_2_seed_000.pdb	A0A8S5URQ4_unrelaxed_rank_001_alphafold2_ptm_model_2_seed_000.pdb	9.113E+00	0.008	12	125	187	196	22	85	85	69	0.321	0.753
LOKIASV2_2778_ESMFold_4Fe-4S_single_cluster_domain-containing_protein	Q708N8_unrelaxed_rank_001_alphafold2_ptm_model_3_seed_000.pdb	Q708N8_unrelaxed_rank_001_alphafold2_ptm_model_3_seed_000.pdb	9.113E+00	0.008	12	142	190	196	31	74	95	49	0.250	0.463
LOKIASV2_2778_ESMFold_4Fe-4S_single_cluster_domain-containing_protein	A0A8S5UAU8_unrelaxed_rank_001_alphafold2_ptm_model_1_seed_000.pdb	A0A8S5UAU8_unrelaxed_rank_001_alphafold2_ptm_model_1_seed_000.pdb	9.113E+00	0.008	12	55	196	196	6	91	103	142	0.724	0.835
LOKIASV2_2778_ESMFold_4Fe-4S_single_cluster_domain-containing_protein	D5KXV3_unrelaxed_rank_001_alphafold2_ptm_model_1_seed_000.pdb	D5KXV3_unrelaxed_rank_001_alphafold2_ptm_model_1_seed_000.pdb	9.113E+00	0.008	12	108	195	196	48	147	199	117	0.449	0.503
LOKIASV2_2778_ESMFold_4Fe-4S_single_cluster_domain-containing_protein	A0A1C3NF70_unrelaxed_rank_001_alphafold2_ptm_model_4_seed_000.pdb	A0A1C3NF70_unrelaxed_rank_001_alphafold2_ptm_model_4_seed_000.pdb	9.720E+00	0.008	12	59	119	196	192	244	262	65	0.311	0.202
LOKIASV2_2778_ESMFold_4Fe-4S_single_cluster_domain-containing_protein	A0A7T3UZ16_unrelaxed_rank_001_alphafold2_ptm_model_2_seed_000.pdb	A0A7T3UZ16_unrelaxed_rank_001_alphafold2_ptm_model_2_seed_000.pdb	5.103E+00	0.008	12	89	187	196	899	996	999	107	0.505	0.098
LOKIASV2_2778_ESMFold_4Fe-4S_single_cluster_domain-containing_protein	Q1I0U9_unrelaxed_rank_001_alphafold2_ptm_model_2_seed_000.pdb	Q1I0U9_unrelaxed_rank_001_alphafold2_ptm_model_2_seed_000.pdb	9.720E+00	0.008	12	122	186	196	935	995	1026	69	0.332	0.059
LOKIASV2_2778_ESMFold_4Fe-4S_single_cluster_domain-containing_protein	A0A8S5QKP0_unrelaxed_rank_001_alphafold2_ptm_model_1_seed_000.pdb	A0A8S5QKP0_unrelaxed_rank_001_alphafold2_ptm_model_1_seed_000.pdb	8.545E+00	0.007	11	142	195	196	16	73	88	60	0.276	0.659
LOKIASV2_2778_ESMFold_4Fe-4S_single_cluster_domain-containing_protein	A0A6M5C8H3_unrelaxed_rank_001_alphafold2_ptm_model_4_seed_000.pdb	A0A6M5C8H3_unrelaxed_rank_001_alphafold2_ptm_model_4_seed_000.pdb	9.720E+00	0.007	11	143	195	196	292	334	336	53	0.270	0.128
LOKIASV2_2778_ESMFold_4Fe-4S_single_cluster_domain-containing_protein	A0A8F4X536_2_unrelaxed_rank_001_alphafold2_ptm_model_2_seed_000.pdb	A0A8F4X536_2_unrelaxed_rank_001_alphafold2_ptm_model_2_seed_000.pdb	9.113E+00	0.007	11	53	196	196	721	853	896	162	0.735	0.148
LOKIASV2_2778_ESMFold_4Fe-4S_single_cluster_domain-containing_protein	A0A7M1RZ40_unrelaxed_rank_001_alphafold2_ptm_model_2_seed_000.pdb	A0A7M1RZ40_unrelaxed_rank_001_alphafold2_ptm_model_2_seed_000.pdb	9.720E+00	0.007	11	86	191	196	53	169	916	135	0.541	0.128
LOKIASV2_2778_ESMFold_4Fe-4S_single_cluster_domain-containing_protein	A0A6J5N3U1_unrelaxed_rank_001_alphafold2_ptm_model_2_seed_000.pdb	A0A6J5N3U1_unrelaxed_rank_001_alphafold2_ptm_model_2_seed_000.pdb	9.720E+00	0.000	10	146	191	196	26	72	110	50	0.235	0.427
LOKIASV2_2778_ESMFold_4Fe-4S_single_cluster_domain-containing_protein	Q83868_unrelaxed_rank_001_alphafold2_ptm_model_2_seed_000.pdb	Q83868_unrelaxed_rank_001_alphafold2_ptm_model_2_seed_000.pdb	6.603E+00	0.000	10	75	195	196	283	391	431	125	0.617	0.253
LOKIASV2_2778_ESMFold_4Fe-4S_single_cluster_domain-containing_protein	A0A0G2Y483_unrelaxed_rank_001_alphafold2_ptm_model_3_seed_000.pdb	A0A0G2Y483_unrelaxed_rank_001_alphafold2_ptm_model_3_seed_000.pdb	8.011E+00	0.000	10	43	183	196	61	210	544	175	0.719	0.276
LOKIASV2_2778_ESMFold_4Fe-4S_single_cluster_domain-containing_protein	A0A1X9T5J5_unrelaxed_rank_001_alphafold2_ptm_model_2_seed_000.pdb	A0A1X9T5J5_unrelaxed_rank_001_alphafold2_ptm_model_2_seed_000.pdb	8.011E+00	0.000	10	66	146	196	308	355	667	81	0.413	0.072
LOKIASV2_2778_ESMFold_4Fe-4S_single_cluster_domain-containing_protein	D0UWJ9_unrelaxed_rank_001_alphafold2_ptm_model_5_seed_000.pdb	D0UWJ9_unrelaxed_rank_001_alphafold2_ptm_model_5_seed_000.pdb	9.720E+00	0.000	8	11	195	196	95	251	448	216	0.944	0.350
