LOKIASV2_4403_ESMFold_NAD-dependent_succinate-semialdehyde_dehydrogenase	AF-A0A3L8BQ35-F1-model_v4	AF-A0A3L8BQ35-F1-model_v4 Aldehyde dehydrogenase	1.056E-53	1.000	2060	8	526	527	2	524	530	529	0.985	0.987
LOKIASV2_4403_ESMFold_NAD-dependent_succinate-semialdehyde_dehydrogenase	AF-A0A662KIM6-F1-model_v4	AF-A0A662KIM6-F1-model_v4 Aldehyde dehydrogenase	8.368E-51	1.000	1986	13	525	527	3	507	508	513	0.973	0.994
LOKIASV2_4403_ESMFold_NAD-dependent_succinate-semialdehyde_dehydrogenase	AF-A0A7D6ZEE8-F1-model_v4	AF-A0A7D6ZEE8-F1-model_v4 Succinate-semialdehyde dehydrogenase (NADP(+))	7.566E-49	1.000	1906	12	504	527	25	511	517	494	0.935	0.942
LOKIASV2_4403_ESMFold_NAD-dependent_succinate-semialdehyde_dehydrogenase	AF-A0A7S3ELC4-F1-model_v4	AF-A0A7S3ELC4-F1-model_v4 Hypothetical protein	7.335E-50	1.000	1889	8	521	527	111	637	673	530	0.975	0.783
LOKIASV2_4403_ESMFold_NAD-dependent_succinate-semialdehyde_dehydrogenase	AF-A0A136LV14-F1-model_v4	AF-A0A136LV14-F1-model_v4 Aldehyde dehydrogenase	2.293E-49	1.000	1885	5	509	527	9	505	506	509	0.958	0.982
LOKIASV2_4403_ESMFold_NAD-dependent_succinate-semialdehyde_dehydrogenase	AF-A0A5E4K846-F1-model_v4	AF-A0A5E4K846-F1-model_v4 Lactaldehyde dehydrogenase	4.198E-47	1.000	1872	9	481	527	14	478	480	474	0.898	0.969
LOKIASV2_4403_ESMFold_NAD-dependent_succinate-semialdehyde_dehydrogenase	AF-A0A4P5SU34-F1-model_v4	AF-A0A4P5SU34-F1-model_v4 Aldehyde dehydrogenase	5.635E-48	1.000	1851	8	525	527	6	505	513	518	0.983	0.975
LOKIASV2_4403_ESMFold_NAD-dependent_succinate-semialdehyde_dehydrogenase	AF-A0A5D0WZ96-F1-model_v4	AF-A0A5D0WZ96-F1-model_v4 HTH-type transcriptional regulator BetI	8.699E-48	1.000	1851	8	481	527	204	674	676	482	0.899	0.697
LOKIASV2_4403_ESMFold_NAD-dependent_succinate-semialdehyde_dehydrogenase	AF-A0A2T9YMJ2-F1-model_v4	AF-A0A2T9YMJ2-F1-model_v4 Aldedh domain-containing protein	1.168E-48	1.000	1846	12	518	527	75	597	599	526	0.962	0.873
LOKIASV2_4403_ESMFold_NAD-dependent_succinate-semialdehyde_dehydrogenase	AF-A0A3S3AJT5-F1-model_v4	AF-A0A3S3AJT5-F1-model_v4 Succinate-semialdehyde dehydrogenase (NADP(+))	1.000E-46	1.000	1835	13	479	527	26	488	517	471	0.886	0.896
LOKIASV2_4403_ESMFold_NAD-dependent_succinate-semialdehyde_dehydrogenase	AF-A0A2S6IF86-F1-model_v4	AF-A0A2S6IF86-F1-model_v4 Betaine-aldehyde dehydrogenase	1.056E-46	1.000	1819	9	490	527	57	533	542	486	0.915	0.880
LOKIASV2_4403_ESMFold_NAD-dependent_succinate-semialdehyde_dehydrogenase	AF-M2W269-F1-model_v4	AF-M2W269-F1-model_v4 Aldehyde dehydrogenase	1.106E-48	1.000	1819	12	520	527	146	668	670	529	0.966	0.781
LOKIASV2_4403_ESMFold_NAD-dependent_succinate-semialdehyde_dehydrogenase	AF-A0A6G2XBE6-F1-model_v4	AF-A0A6G2XBE6-F1-model_v4 Aldehyde dehydrogenase family protein	9.256E-46	1.000	1815	17	477	527	2	448	449	462	0.875	0.996
LOKIASV2_4403_ESMFold_NAD-dependent_succinate-semialdehyde_dehydrogenase	AF-A0A150M6E2-F1-model_v4	AF-A0A150M6E2-F1-model_v4 Aldehyde dehydrogenase	8.499E-47	1.000	1808	9	479	527	21	491	496	484	0.894	0.950
LOKIASV2_4403_ESMFold_NAD-dependent_succinate-semialdehyde_dehydrogenase	AF-A0A2S1R470-F1-model_v4	AF-A0A2S1R470-F1-model_v4 Succinic semialdehyde dehydrogenase	2.138E-46	1.000	1791	10	503	527	27	514	521	500	0.937	0.937
LOKIASV2_4403_ESMFold_NAD-dependent_succinate-semialdehyde_dehydrogenase	AF-H6RL57-F1-model_v4	AF-H6RL57-F1-model_v4 Aldehyde dehydrogenase	5.996E-46	1.000	1785	35	510	527	14	480	486	476	0.903	0.961
LOKIASV2_4403_ESMFold_NAD-dependent_succinate-semialdehyde_dehydrogenase	AF-A0A672LR44-F1-model_v4	AF-A0A672LR44-F1-model_v4 Retinal dehydrogenase 2-like	1.874E-45	1.000	1781	13	481	527	72	536	536	475	0.890	0.868
LOKIASV2_4403_ESMFold_NAD-dependent_succinate-semialdehyde_dehydrogenase	AF-A0A4W3HMV1-F1-model_v4	AF-A0A4W3HMV1-F1-model_v4 Aldedh domain-containing protein	8.304E-46	1.000	1780	9	481	527	14	482	482	479	0.898	0.973
LOKIASV2_4403_ESMFold_NAD-dependent_succinate-semialdehyde_dehydrogenase	AF-A0A7V0UIH9-F1-model_v4	AF-A0A7V0UIH9-F1-model_v4 Aldehyde dehydrogenase (NAD(+))	3.225E-45	1.000	1780	13	481	527	20	487	493	475	0.890	0.949
LOKIASV2_4403_ESMFold_NAD-dependent_succinate-semialdehyde_dehydrogenase	AF-A0A7V2LC33-F1-model_v4	AF-A0A7V2LC33-F1-model_v4 Aldehyde dehydrogenase	8.767E-46	1.000	1770	9	488	527	11	482	482	486	0.911	0.979
LOKIASV2_4403_ESMFold_NAD-dependent_succinate-semialdehyde_dehydrogenase	AF-A0A497WK05-F1-model_v4	AF-A0A497WK05-F1-model_v4 Succinate-semialdehyde dehydrogenase/glutarate-semialdehyde dehydrogenase	5.380E-46	1.000	1770	9	511	527	43	539	638	508	0.954	0.779
LOKIASV2_4403_ESMFold_NAD-dependent_succinate-semialdehyde_dehydrogenase	AF-A0A0G2HUK7-F1-model_v4	AF-A0A0G2HUK7-F1-model_v4 Putative aldehyde dehydrogenase	1.556E-44	1.000	1762	9	475	527	29	492	495	472	0.886	0.937
LOKIASV2_4403_ESMFold_NAD-dependent_succinate-semialdehyde_dehydrogenase	AF-A0A518B262-F1-model_v4	AF-A0A518B262-F1-model_v4 Aldehyde dehydrogenase	2.516E-46	1.000	1762	14	504	527	18	503	512	496	0.932	0.949
LOKIASV2_4403_ESMFold_NAD-dependent_succinate-semialdehyde_dehydrogenase	AF-H0WT05-F1-model_v4	AF-H0WT05-F1-model_v4 Aldedh domain-containing protein	4.978E-45	1.000	1760	9	481	527	44	511	512	478	0.898	0.914
LOKIASV2_4403_ESMFold_NAD-dependent_succinate-semialdehyde_dehydrogenase	AF-H3G8I6-F1-model_v4	AF-H3G8I6-F1-model_v4 Aldedh domain-containing protein	9.773E-46	1.000	1758	13	481	527	26	488	489	477	0.890	0.947
LOKIASV2_4403_ESMFold_NAD-dependent_succinate-semialdehyde_dehydrogenase	AF-A0A533MLV6-F1-model_v4	AF-A0A533MLV6-F1-model_v4 Aldehyde dehydrogenase	2.459E-45	1.000	1756	13	486	527	3	458	458	476	0.899	0.996
LOKIASV2_4403_ESMFold_NAD-dependent_succinate-semialdehyde_dehydrogenase	AF-A0A442FH67-F1-model_v4	AF-A0A442FH67-F1-model_v4 Aldehyde dehydrogenase	2.740E-45	1.000	1756	13	484	527	29	498	503	479	0.896	0.934
LOKIASV2_4403_ESMFold_NAD-dependent_succinate-semialdehyde_dehydrogenase	AF-X8IXK9-F1-model_v4	AF-X8IXK9-F1-model_v4 Meiotic sister-chromatid recombination aldehyde dehydrogenase	9.474E-47	1.000	1750	9	518	527	33	565	569	536	0.968	0.937
LOKIASV2_4403_ESMFold_NAD-dependent_succinate-semialdehyde_dehydrogenase	AF-A0A0U4FP13-F1-model_v4	AF-A0A0U4FP13-F1-model_v4 Aldehyde dehydrogenase	2.740E-45	1.000	1749	10	477	527	22	485	485	478	0.888	0.957
LOKIASV2_4403_ESMFold_NAD-dependent_succinate-semialdehyde_dehydrogenase	AF-A0A0L0FTA9-F1-model_v4	AF-A0A0L0FTA9-F1-model_v4 Aldedh domain-containing protein	6.530E-45	1.000	1745	11	477	527	31	489	489	471	0.886	0.939
LOKIASV2_4403_ESMFold_NAD-dependent_succinate-semialdehyde_dehydrogenase	AF-A0A5P6NVD8-F1-model_v4	AF-A0A5P6NVD8-F1-model_v4 Aldehyde dehydrogenase B	1.735E-44	1.000	1744	9	477	527	4	465	465	475	0.890	0.994
LOKIASV2_4403_ESMFold_NAD-dependent_succinate-semialdehyde_dehydrogenase	AF-A0A6N7FGL6-F1-model_v4	AF-A0A6N7FGL6-F1-model_v4 Aldehyde dehydrogenase family protein	5.859E-45	1.000	1744	9	491	527	16	500	502	490	0.917	0.966
LOKIASV2_4403_ESMFold_NAD-dependent_succinate-semialdehyde_dehydrogenase	AF-A0A3S0RG98-F1-model_v4	AF-A0A3S0RG98-F1-model_v4 Aldehyde dehydrogenase family protein	3.512E-44	1.000	1739	9	477	527	30	495	495	473	0.890	0.941
LOKIASV2_4403_ESMFold_NAD-dependent_succinate-semialdehyde_dehydrogenase	AF-A0A4V2W4N6-F1-model_v4	AF-A0A4V2W4N6-F1-model_v4 Succinate-semialdehyde dehydrogenase/glutarate-semialdehyde dehydrogenase	7.279E-45	1.000	1737	12	475	527	25	480	482	467	0.880	0.946
LOKIASV2_4403_ESMFold_NAD-dependent_succinate-semialdehyde_dehydrogenase	AF-A0A1Z9M7D8-F1-model_v4	AF-A0A1Z9M7D8-F1-model_v4 Aldehyde dehydrogenase	1.775E-45	1.000	1737	8	504	527	4	490	491	502	0.943	0.992
LOKIASV2_4403_ESMFold_NAD-dependent_succinate-semialdehyde_dehydrogenase	AF-A0A7R9V5S1-F1-model_v4	AF-A0A7R9V5S1-F1-model_v4 Hypothetical protein	6.530E-45	1.000	1730	13	475	527	118	577	579	471	0.879	0.794
LOKIASV2_4403_ESMFold_NAD-dependent_succinate-semialdehyde_dehydrogenase	AF-A0A431P348-F1-model_v4	AF-A0A431P348-F1-model_v4 NAD-dependent succinate-semialdehyde dehydrogenase	2.041E-44	1.000	1729	9	475	527	19	479	483	469	0.886	0.954
LOKIASV2_4403_ESMFold_NAD-dependent_succinate-semialdehyde_dehydrogenase	AF-A0A0Q3TGV6-F1-model_v4	AF-A0A0Q3TGV6-F1-model_v4 Betaine-aldehyde dehydrogenase	5.135E-44	1.000	1728	13	477	527	35	493	493	468	0.882	0.931
LOKIASV2_4403_ESMFold_NAD-dependent_succinate-semialdehyde_dehydrogenase	AF-A0A7M4EX93-F1-model_v4	AF-A0A7M4EX93-F1-model_v4 Aldehyde dehydrogenase 1 family member A2	3.151E-44	1.000	1726	19	481	527	1	459	459	470	0.879	1.000
LOKIASV2_4403_ESMFold_NAD-dependent_succinate-semialdehyde_dehydrogenase	AF-A0A150F3X9-F1-model_v4	AF-A0A150F3X9-F1-model_v4 Aldehyde dehydrogenase	3.915E-44	1.000	1726	12	475	527	3	460	461	471	0.880	0.993
LOKIASV2_4403_ESMFold_NAD-dependent_succinate-semialdehyde_dehydrogenase	AF-A0A2K9J0A1-F1-model_v4	AF-A0A2K9J0A1-F1-model_v4 Aldehyde dehydrogenase	5.859E-45	1.000	1725	9	474	527	17	472	475	471	0.884	0.960
LOKIASV2_4403_ESMFold_NAD-dependent_succinate-semialdehyde_dehydrogenase	AF-A0A2I0UI03-F1-model_v4	AF-A0A2I0UI03-F1-model_v4 Retinal dehydrogenase 1	3.327E-44	1.000	1723	13	481	527	118	582	582	475	0.890	0.799
LOKIASV2_4403_ESMFold_NAD-dependent_succinate-semialdehyde_dehydrogenase	AF-A0A1C5ATX3-F1-model_v4	AF-A0A1C5ATX3-F1-model_v4 Aldehyde dehydrogenase (NAD+)	2.223E-43	1.000	1722	9	477	527	16	480	480	474	0.890	0.969
LOKIASV2_4403_ESMFold_NAD-dependent_succinate-semialdehyde_dehydrogenase	AF-A0A439NVN5-F1-model_v4	AF-A0A439NVN5-F1-model_v4 Aldehyde dehydrogenase family protein	6.380E-44	1.000	1720	13	474	527	213	672	674	468	0.877	0.682
LOKIASV2_4403_ESMFold_NAD-dependent_succinate-semialdehyde_dehydrogenase	AF-A0A3D5DKH2-F1-model_v4	AF-A0A3D5DKH2-F1-model_v4 Aldehyde dehydrogenase	1.933E-44	1.000	1717	9	477	527	17	482	482	477	0.890	0.967
LOKIASV2_4403_ESMFold_NAD-dependent_succinate-semialdehyde_dehydrogenase	AF-A0A226NAZ8-F1-model_v4	AF-A0A226NAZ8-F1-model_v4 Aldedh domain-containing protein	4.133E-44	1.000	1717	13	481	527	496	960	960	475	0.890	0.484
LOKIASV2_4403_ESMFold_NAD-dependent_succinate-semialdehyde_dehydrogenase	AF-A0A7C9DRI5-F1-model_v4	AF-A0A7C9DRI5-F1-model_v4 Aldedh domain-containing protein	6.043E-44	1.000	1716	13	480	527	23	485	487	473	0.888	0.951
LOKIASV2_4403_ESMFold_NAD-dependent_succinate-semialdehyde_dehydrogenase	AF-A0A383W5Q6-F1-model_v4	AF-A0A383W5Q6-F1-model_v4 Uncharacterized protein	2.596E-45	1.000	1716	8	520	527	70	652	671	585	0.973	0.869
LOKIASV2_4403_ESMFold_NAD-dependent_succinate-semialdehyde_dehydrogenase	AF-A0A834TCE1-F1-model_v4	AF-A0A834TCE1-F1-model_v4 Aldehyde dehydrogenase family 2 member B7, mitochondrial-like isoform X1	6.530E-45	1.000	1715	9	480	527	444	910	912	480	0.896	0.512
LOKIASV2_4403_ESMFold_NAD-dependent_succinate-semialdehyde_dehydrogenase	AF-A0A285XK39-F1-model_v4	AF-A0A285XK39-F1-model_v4 Succinate-semialdehyde dehydrogenase / glutarate-semialdehyde dehydrogenase	8.836E-44	1.000	1713	11	475	527	32	489	491	470	0.882	0.933
LOKIASV2_4403_ESMFold_NAD-dependent_succinate-semialdehyde_dehydrogenase	AF-A0A6G8C2B3-F1-model_v4	AF-A0A6G8C2B3-F1-model_v4 Aldehyde dehydrogenase	6.043E-44	1.000	1711	9	477	527	14	477	477	473	0.890	0.973
LOKIASV2_4403_ESMFold_NAD-dependent_succinate-semialdehyde_dehydrogenase	AF-A0A1E7Q398-F1-model_v4	AF-A0A1E7Q398-F1-model_v4 Betaine-aldehyde dehydrogenase	6.736E-44	1.000	1711	12	474	527	28	491	493	471	0.879	0.941
LOKIASV2_4403_ESMFold_NAD-dependent_succinate-semialdehyde_dehydrogenase	AF-A0A3N9TIM1-F1-model_v4	AF-A0A3N9TIM1-F1-model_v4 NAD-dependent succinate-semialdehyde dehydrogenase	4.364E-44	1.000	1710	9	477	527	16	475	475	475	0.890	0.968
LOKIASV2_4403_ESMFold_NAD-dependent_succinate-semialdehyde_dehydrogenase	AF-A0A3Q2KZJ6-F1-model_v4	AF-A0A3Q2KZJ6-F1-model_v4 Retinal dehydrogenase 1	5.256E-45	1.000	1707	13	481	527	84	548	548	480	0.890	0.849
LOKIASV2_4403_ESMFold_NAD-dependent_succinate-semialdehyde_dehydrogenase	AF-A0A673VMW1-F1-model_v4	AF-A0A673VMW1-F1-model_v4 Aldedh domain-containing protein	1.735E-44	1.000	1705	10	481	527	12	479	479	480	0.896	0.977
LOKIASV2_4403_ESMFold_NAD-dependent_succinate-semialdehyde_dehydrogenase	AF-A0A2T2WUU2-F1-model_v4	AF-A0A2T2WUU2-F1-model_v4 Succinate-semialdehyde dehydrogenase (NADP(+))	1.695E-43	1.000	1703	13	475	527	19	473	474	467	0.879	0.960
LOKIASV2_4403_ESMFold_NAD-dependent_succinate-semialdehyde_dehydrogenase	AF-A0A3Q7QK13-F1-model_v4	AF-A0A3Q7QK13-F1-model_v4 Succinate-semialdehyde dehydrogenase	6.380E-44	1.000	1701	11	475	527	127	587	589	473	0.882	0.783
LOKIASV2_4403_ESMFold_NAD-dependent_succinate-semialdehyde_dehydrogenase	AF-A0A6P3D2K2-F1-model_v4	AF-A0A6P3D2K2-F1-model_v4 4-trimethylaminobutyraldehyde dehydrogenase A	1.831E-44	1.000	1700	8	481	527	29	504	504	488	0.899	0.944
LOKIASV2_4403_ESMFold_NAD-dependent_succinate-semialdehyde_dehydrogenase	AF-A0A1G3G7M7-F1-model_v4	AF-A0A1G3G7M7-F1-model_v4 Aldehyde dehydrogenase	1.008E-44	1.000	1699	9	475	527	17	471	482	475	0.886	0.944
LOKIASV2_4403_ESMFold_NAD-dependent_succinate-semialdehyde_dehydrogenase	AF-A0A7U0C6W9-F1-model_v4	AF-A0A7U0C6W9-F1-model_v4 Succinate-semialdehyde dehydrogenase (NADP(+))	4.364E-44	1.000	1699	13	477	527	31	485	515	468	0.882	0.883
LOKIASV2_4403_ESMFold_NAD-dependent_succinate-semialdehyde_dehydrogenase	AF-A0A7W6J7I1-F1-model_v4	AF-A0A7W6J7I1-F1-model_v4 Succinate-semialdehyde dehydrogenase/glutarate-semialdehyde dehydrogenase	1.292E-43	1.000	1695	9	475	527	30	489	491	472	0.886	0.937
LOKIASV2_4403_ESMFold_NAD-dependent_succinate-semialdehyde_dehydrogenase	AF-A0A6D2K1T4-F1-model_v4	AF-A0A6D2K1T4-F1-model_v4 Aldedh domain-containing protein	3.915E-44	1.000	1695	13	490	527	111	586	590	489	0.907	0.807
LOKIASV2_4403_ESMFold_NAD-dependent_succinate-semialdehyde_dehydrogenase	AF-A0A5F1XQQ0-F1-model_v4	AF-A0A5F1XQQ0-F1-model_v4 NAD-dependent succinate-semialdehyde dehydrogenase	9.849E-44	1.000	1691	9	475	527	26	484	486	473	0.886	0.944
LOKIASV2_4403_ESMFold_NAD-dependent_succinate-semialdehyde_dehydrogenase	AF-A0A3R8A6H0-F1-model_v4	AF-A0A3R8A6H0-F1-model_v4 Aldehyde dehydrogenase family protein	9.849E-44	1.000	1690	12	472	527	20	473	477	464	0.875	0.952
LOKIASV2_4403_ESMFold_NAD-dependent_succinate-semialdehyde_dehydrogenase	AF-A0A6I0EFV7-F1-model_v4	AF-A0A6I0EFV7-F1-model_v4 NAD-dependent succinate-semialdehyde dehydrogenase	1.364E-43	1.000	1690	9	477	527	20	481	481	473	0.890	0.960
LOKIASV2_4403_ESMFold_NAD-dependent_succinate-semialdehyde_dehydrogenase	AF-A0A8A9EFG8-F1-model_v4	AF-A0A8A9EFG8-F1-model_v4 Succinate-semialdehyde dehydrogenase	1.224E-43	1.000	1690	12	475	527	26	481	482	470	0.880	0.946
LOKIASV2_4403_ESMFold_NAD-dependent_succinate-semialdehyde_dehydrogenase	AF-A0A7Y5H031-F1-model_v4	AF-A0A7Y5H031-F1-model_v4 Aldehyde dehydrogenase family protein	2.616E-43	1.000	1689	13	481	527	21	486	491	475	0.890	0.949
LOKIASV2_4403_ESMFold_NAD-dependent_succinate-semialdehyde_dehydrogenase	AF-A0A371EY25-F1-model_v4	AF-A0A371EY25-F1-model_v4 Aldehyde dehydrogenase family 2 member C4	3.915E-44	1.000	1688	13	480	527	526	988	990	477	0.888	0.468
LOKIASV2_4403_ESMFold_NAD-dependent_succinate-semialdehyde_dehydrogenase	AF-A0A1J5DUS2-F1-model_v4	AF-A0A1J5DUS2-F1-model_v4 Aldedh domain-containing protein	4.038E-43	1.000	1687	9	476	527	17	483	493	475	0.888	0.947
LOKIASV2_4403_ESMFold_NAD-dependent_succinate-semialdehyde_dehydrogenase	AF-B0TW12-F1-model_v4	AF-B0TW12-F1-model_v4 Aldehyde dehydrogenase	1.994E-43	1.000	1686	9	475	527	16	475	477	471	0.886	0.964
LOKIASV2_4403_ESMFold_NAD-dependent_succinate-semialdehyde_dehydrogenase	AF-A0A2E5E9J4-F1-model_v4	AF-A0A2E5E9J4-F1-model_v4 Succinate-semialdehyde dehydrogenase	6.581E-43	1.000	1685	13	474	527	3	455	456	468	0.877	0.993
LOKIASV2_4403_ESMFold_NAD-dependent_succinate-semialdehyde_dehydrogenase	AF-A0A1E4TLM3-F1-model_v4	AF-A0A1E4TLM3-F1-model_v4 Aldedh domain-containing protein	1.016E-42	1.000	1685	12	477	527	34	493	493	470	0.884	0.933
LOKIASV2_4403_ESMFold_NAD-dependent_succinate-semialdehyde_dehydrogenase	AF-A0A3M7HWD3-F1-model_v4	AF-A0A3M7HWD3-F1-model_v4 Succinate-semialdehyde dehydrogenase	2.106E-43	1.000	1685	9	475	527	65	526	535	472	0.886	0.864
LOKIASV2_4403_ESMFold_NAD-dependent_succinate-semialdehyde_dehydrogenase	AF-A0A7Y9IVM9-F1-model_v4	AF-A0A7Y9IVM9-F1-model_v4 Aldehyde dehydrogenase (NAD+)	6.043E-44	1.000	1683	13	479	527	21	480	480	475	0.886	0.958
LOKIASV2_4403_ESMFold_NAD-dependent_succinate-semialdehyde_dehydrogenase	AF-A0A081NI45-F1-model_v4	AF-A0A081NI45-F1-model_v4 Succinate-semialdehyde dehydrogenase	2.985E-44	1.000	1683	9	475	527	21	479	481	474	0.886	0.954
LOKIASV2_4403_ESMFold_NAD-dependent_succinate-semialdehyde_dehydrogenase	AF-A0A1Y1ILN7-F1-model_v4	AF-A0A1Y1ILN7-F1-model_v4 Succinate-semialdehyde dehydrogenase	3.432E-43	1.000	1683	13	475	527	122	576	580	465	0.879	0.784
LOKIASV2_4403_ESMFold_NAD-dependent_succinate-semialdehyde_dehydrogenase	AF-M0DCI8-F1-model_v4	AF-M0DCI8-F1-model_v4 Aldehyde dehydrogenase (Acceptor)	1.159E-43	1.000	1681	9	475	527	11	468	471	473	0.886	0.972
LOKIASV2_4403_ESMFold_NAD-dependent_succinate-semialdehyde_dehydrogenase	AF-A0A4R7WB62-F1-model_v4	AF-A0A4R7WB62-F1-model_v4 Aldehyde dehydrogenase (NAD+)/phenylacetaldehyde dehydrogenase	2.223E-43	1.000	1681	9	477	527	32	498	498	474	0.890	0.938
LOKIASV2_4403_ESMFold_NAD-dependent_succinate-semialdehyde_dehydrogenase	AF-V8PDF5-F1-model_v4	AF-V8PDF5-F1-model_v4 Retinal dehydrogenase 1	5.135E-44	1.000	1679	9	481	527	31	499	499	482	0.898	0.940
LOKIASV2_4403_ESMFold_NAD-dependent_succinate-semialdehyde_dehydrogenase	AF-A0A522QI75-F1-model_v4	AF-A0A522QI75-F1-model_v4 Aldehyde dehydrogenase family protein	2.402E-44	1.000	1678	12	490	527	25	497	502	493	0.909	0.942
LOKIASV2_4403_ESMFold_NAD-dependent_succinate-semialdehyde_dehydrogenase	AF-F6X6W8-F1-model_v4	AF-F6X6W8-F1-model_v4 Aldehyde dehydrogenase 9 family member A1	1.040E-43	1.000	1678	8	481	527	216	685	687	481	0.899	0.684
LOKIASV2_4403_ESMFold_NAD-dependent_succinate-semialdehyde_dehydrogenase	AF-H0IXM8-F1-model_v4	AF-H0IXM8-F1-model_v4 Succinate-semialdehyde dehydrogenase I	1.292E-43	1.000	1677	9	475	527	24	483	485	474	0.886	0.948
LOKIASV2_4403_ESMFold_NAD-dependent_succinate-semialdehyde_dehydrogenase	AF-A0A7K5I1Z5-F1-model_v4	AF-A0A7K5I1Z5-F1-model_v4 ALDH2 protein	1.789E-43	1.000	1676	10	470	527	13	469	470	470	0.875	0.972
LOKIASV2_4403_ESMFold_NAD-dependent_succinate-semialdehyde_dehydrogenase	AF-A0A660NNV1-F1-model_v4	AF-A0A660NNV1-F1-model_v4 NAD-dependent succinate-semialdehyde dehydrogenase	2.347E-43	1.000	1676	13	476	527	27	482	485	468	0.880	0.940
LOKIASV2_4403_ESMFold_NAD-dependent_succinate-semialdehyde_dehydrogenase	AF-A0A522NUW9-F1-model_v4	AF-A0A522NUW9-F1-model_v4 Aldehyde dehydrogenase	4.038E-43	1.000	1676	12	481	527	20	485	493	475	0.892	0.945
LOKIASV2_4403_ESMFold_NAD-dependent_succinate-semialdehyde_dehydrogenase	AF-A0A7S9GSS9-F1-model_v4	AF-A0A7S9GSS9-F1-model_v4 NAD-dependent succinate-semialdehyde dehydrogenase	5.593E-43	1.000	1676	15	475	527	43	495	497	463	0.875	0.911
LOKIASV2_4403_ESMFold_NAD-dependent_succinate-semialdehyde_dehydrogenase	AF-A0A4V2PNK9-F1-model_v4	AF-A0A4V2PNK9-F1-model_v4 Succinate-semialdehyde dehydrogenase/glutarate-semialdehyde dehydrogenase	9.115E-43	1.000	1673	13	477	527	27	483	483	468	0.882	0.946
LOKIASV2_4403_ESMFold_NAD-dependent_succinate-semialdehyde_dehydrogenase	AF-A0A2R4M9A6-F1-model_v4	AF-A0A2R4M9A6-F1-model_v4 Aldehyde dehydrogenase	1.605E-43	1.000	1672	4	474	527	61	520	520	477	0.894	0.885
LOKIASV2_4403_ESMFold_NAD-dependent_succinate-semialdehyde_dehydrogenase	AF-A0A6P2C254-F1-model_v4	AF-A0A6P2C254-F1-model_v4 Aldehyde dehydrogenase family protein	5.017E-43	1.000	1671	9	481	527	17	484	488	481	0.898	0.959
LOKIASV2_4403_ESMFold_NAD-dependent_succinate-semialdehyde_dehydrogenase	AF-A0A225WP60-F1-model_v4	AF-A0A225WP60-F1-model_v4 Succinate semialdehyde dehydrogenase	6.234E-43	1.000	1670	31	476	527	1	441	444	453	0.846	0.993
LOKIASV2_4403_ESMFold_NAD-dependent_succinate-semialdehyde_dehydrogenase	AF-A0A1W6NW31-F1-model_v4	AF-A0A1W6NW31-F1-model_v4 Succinate-semialdehyde dehydrogenase / glutarate-semialdehyde dehydrogenase	9.115E-43	1.000	1670	13	475	527	21	475	476	465	0.879	0.956
LOKIASV2_4403_ESMFold_NAD-dependent_succinate-semialdehyde_dehydrogenase	AF-I9NIG9-F1-model_v4	AF-I9NIG9-F1-model_v4 Succinate-semialdehyde dehydrogenase	5.593E-43	1.000	1670	9	473	527	22	478	483	469	0.882	0.946
LOKIASV2_4403_ESMFold_NAD-dependent_succinate-semialdehyde_dehydrogenase	AF-C4XNC9-F1-model_v4	AF-C4XNC9-F1-model_v4 Aldehyde dehydrogenase family protein	1.292E-43	1.000	1668	5	477	527	46	509	509	479	0.898	0.912
LOKIASV2_4403_ESMFold_NAD-dependent_succinate-semialdehyde_dehydrogenase	AF-A0A291P988-F1-model_v4	AF-A0A291P988-F1-model_v4 Succinate-semialdehyde dehydrogenase [NAD(P)+]	5.905E-43	1.000	1667	11	477	527	22	481	481	473	0.886	0.956
LOKIASV2_4403_ESMFold_NAD-dependent_succinate-semialdehyde_dehydrogenase	AF-A0A4Y8SAT6-F1-model_v4	AF-A0A4Y8SAT6-F1-model_v4 Aldehyde dehydrogenase	1.520E-43	1.000	1667	9	474	527	33	492	493	472	0.884	0.933
LOKIASV2_4403_ESMFold_NAD-dependent_succinate-semialdehyde_dehydrogenase	AF-A0A2N5I9E7-F1-model_v4	AF-A0A2N5I9E7-F1-model_v4 Aldehyde dehydrogenase	1.695E-43	1.000	1665	9	478	527	16	482	482	478	0.892	0.969
LOKIASV2_4403_ESMFold_NAD-dependent_succinate-semialdehyde_dehydrogenase	AF-A0A1Z8JK18-F1-model_v4	AF-A0A1Z8JK18-F1-model_v4 Aldedh domain-containing protein	2.089E-45	1.000	1665	12	518	527	61	594	596	540	0.962	0.896
LOKIASV2_4403_ESMFold_NAD-dependent_succinate-semialdehyde_dehydrogenase	AF-A0A7C5IBU2-F1-model_v4	AF-A0A7C5IBU2-F1-model_v4 Aldehyde dehydrogenase family protein	9.623E-43	1.000	1663	13	468	527	20	475	475	466	0.865	0.960
LOKIASV2_4403_ESMFold_NAD-dependent_succinate-semialdehyde_dehydrogenase	AF-A0A0N0IBE3-F1-model_v4	AF-A0A0N0IBE3-F1-model_v4 5-carboxymethyl-2-hydroxymuconate semialdehyde dehydrogenase	1.789E-43	1.000	1663	12	475	527	27	483	487	472	0.880	0.938
LOKIASV2_4403_ESMFold_NAD-dependent_succinate-semialdehyde_dehydrogenase	AF-A0A399RUJ3-F1-model_v4	AF-A0A399RUJ3-F1-model_v4 NAD-dependent succinate-semialdehyde dehydrogenase	2.172E-42	1.000	1662	14	474	527	2	451	457	465	0.875	0.985
LOKIASV2_4403_ESMFold_NAD-dependent_succinate-semialdehyde_dehydrogenase	AF-A0A1L9PGE6-F1-model_v4	AF-A0A1L9PGE6-F1-model_v4 Uncharacterized protein	8.633E-43	1.000	1662	10	479	527	296	761	775	477	0.892	0.601
LOKIASV2_4403_ESMFold_NAD-dependent_succinate-semialdehyde_dehydrogenase	AF-A0A4R4XUG6-F1-model_v4	AF-A0A4R4XUG6-F1-model_v4 Aldehyde dehydrogenase family protein	4.501E-43	1.000	1659	9	477	527	17	478	479	477	0.890	0.965
LOKIASV2_4403_ESMFold_NAD-dependent_succinate-semialdehyde_dehydrogenase	AF-A0A5C7F4K6-F1-model_v4	AF-A0A5C7F4K6-F1-model_v4 Aldehyde dehydrogenase family protein	8.177E-43	1.000	1659	9	481	527	17	482	482	477	0.898	0.967
LOKIASV2_4403_ESMFold_NAD-dependent_succinate-semialdehyde_dehydrogenase	AF-A0A2H3IA77-F1-model_v4	AF-A0A2H3IA77-F1-model_v4 Aldehyde/histidinol dehydrogenase	5.905E-43	1.000	1659	13	475	527	28	485	486	471	0.879	0.942
LOKIASV2_4403_ESMFold_NAD-dependent_succinate-semialdehyde_dehydrogenase	AF-Q9UTM8-F1-model_v4	AF-Q9UTM8-F1-model_v4 Putative succinate-semialdehyde dehydrogenase C139.05 [NADP(+)]	2.421E-42	1.000	1659	13	477	527	34	493	493	472	0.882	0.933
LOKIASV2_4403_ESMFold_NAD-dependent_succinate-semialdehyde_dehydrogenase	AF-K2PN82-F1-model_v4	AF-K2PN82-F1-model_v4 Aldehyde dehydrogenase	1.407E-42	1.000	1657	13	475	527	24	478	479	465	0.879	0.950
LOKIASV2_4403_ESMFold_NAD-dependent_succinate-semialdehyde_dehydrogenase	AF-A0A0P9DTH2-F1-model_v4	AF-A0A0P9DTH2-F1-model_v4 Aldehyde dehydrogenase	1.568E-42	1.000	1657	9	477	527	17	485	485	477	0.890	0.967
LOKIASV2_4403_ESMFold_NAD-dependent_succinate-semialdehyde_dehydrogenase	AF-A0A7S3K9T1-F1-model_v4	AF-A0A7S3K9T1-F1-model_v4 Hypothetical protein	1.656E-42	1.000	1656	14	476	527	2	460	460	470	0.879	0.998
LOKIASV2_4403_ESMFold_NAD-dependent_succinate-semialdehyde_dehydrogenase	AF-A0A7V9GIK1-F1-model_v4	AF-A0A7V9GIK1-F1-model_v4 Aldehyde dehydrogenase (NAD(+))	3.540E-42	1.000	1656	13	481	527	3	471	481	477	0.890	0.975
LOKIASV2_4403_ESMFold_NAD-dependent_succinate-semialdehyde_dehydrogenase	AF-G8BSJ8-F1-model_v4	AF-G8BSJ8-F1-model_v4 Aldedh domain-containing protein	3.795E-45	1.000	1656	8	518	527	65	602	603	542	0.970	0.892
LOKIASV2_4403_ESMFold_NAD-dependent_succinate-semialdehyde_dehydrogenase	AF-A0A2E2E9S3-F1-model_v4	AF-A0A2E2E9S3-F1-model_v4 Aldehyde dehydrogenase	7.336E-43	1.000	1655	9	481	527	21	487	490	480	0.898	0.953
LOKIASV2_4403_ESMFold_NAD-dependent_succinate-semialdehyde_dehydrogenase	AF-A0A349LWT3-F1-model_v4	AF-A0A349LWT3-F1-model_v4 Succinate-semialdehyde dehydrogenase (NADP(+))	5.297E-43	1.000	1653	8	475	527	12	471	472	473	0.888	0.975
LOKIASV2_4403_ESMFold_NAD-dependent_succinate-semialdehyde_dehydrogenase	AF-A0A2W5QLY0-F1-model_v4	AF-A0A2W5QLY0-F1-model_v4 NAD-dependent succinate-semialdehyde dehydrogenase	4.752E-43	1.000	1653	9	475	527	18	476	479	473	0.886	0.958
LOKIASV2_4403_ESMFold_NAD-dependent_succinate-semialdehyde_dehydrogenase	AF-A0A1Z2L5J9-F1-model_v4	AF-A0A1Z2L5J9-F1-model_v4 Aldehyde dehydrogenase	2.041E-44	1.000	1653	13	474	527	19	485	487	481	0.877	0.959
LOKIASV2_4403_ESMFold_NAD-dependent_succinate-semialdehyde_dehydrogenase	AF-A0A6P1MAE7-F1-model_v4	AF-A0A6P1MAE7-F1-model_v4 Aldehyde dehydrogenase family protein	9.623E-43	1.000	1651	10	491	527	15	491	491	490	0.915	0.971
LOKIASV2_4403_ESMFold_NAD-dependent_succinate-semialdehyde_dehydrogenase	AF-A0A653JV52-F1-model_v4	AF-A0A653JV52-F1-model_v4 Aldehyde dehydrogenase	2.478E-43	1.000	1647	9	475	527	15	474	475	475	0.886	0.968
LOKIASV2_4403_ESMFold_NAD-dependent_succinate-semialdehyde_dehydrogenase	AF-A0A1G3QRQ4-F1-model_v4	AF-A0A1G3QRQ4-F1-model_v4 Aldehyde dehydrogenase	1.159E-43	1.000	1647	9	480	527	16	490	886	488	0.896	0.536
LOKIASV2_4403_ESMFold_NAD-dependent_succinate-semialdehyde_dehydrogenase	AF-H2KUR1-F1-model_v4	AF-H2KUR1-F1-model_v4 Succinate-semialdehyde dehydrogenase	3.079E-43	1.000	1646	9	475	527	153	618	620	481	0.886	0.752
LOKIASV2_4403_ESMFold_NAD-dependent_succinate-semialdehyde_dehydrogenase	AF-A0A2T4HBF5-F1-model_v4	AF-A0A2T4HBF5-F1-model_v4 Glutarate-semialdehyde dehydrogenase DavD	1.364E-43	1.000	1646	13	491	527	37	511	753	488	0.909	0.631
LOKIASV2_4403_ESMFold_NAD-dependent_succinate-semialdehyde_dehydrogenase	AF-A0A223QGP6-F1-model_v4	AF-A0A223QGP6-F1-model_v4 Aldehyde dehydrogenase family protein	9.329E-44	1.000	1644	9	472	527	14	471	473	475	0.880	0.968
LOKIASV2_4403_ESMFold_NAD-dependent_succinate-semialdehyde_dehydrogenase	AF-A0A0D2C3R8-F1-model_v4	AF-A0A0D2C3R8-F1-model_v4 Aldedh domain-containing protein	8.177E-43	1.000	1642	14	478	527	269	720	723	469	0.882	0.625
LOKIASV2_4403_ESMFold_NAD-dependent_succinate-semialdehyde_dehydrogenase	AF-A0A2A2RX52-F1-model_v4	AF-A0A2A2RX52-F1-model_v4 Aldehyde dehydrogenase family protein	3.008E-42	1.000	1641	9	476	527	16	483	485	476	0.888	0.965
LOKIASV2_4403_ESMFold_NAD-dependent_succinate-semialdehyde_dehydrogenase	AF-A0A3M2A2R2-F1-model_v4	AF-A0A3M2A2R2-F1-model_v4 Aldehyde dehydrogenase family protein	3.176E-42	1.000	1640	1	477	527	39	505	506	478	0.905	0.923
LOKIASV2_4403_ESMFold_NAD-dependent_succinate-semialdehyde_dehydrogenase	AF-A0A2V6X0P8-F1-model_v4	AF-A0A2V6X0P8-F1-model_v4 Aldedh domain-containing protein	4.398E-42	1.000	1639	13	475	527	249	709	711	470	0.879	0.648
LOKIASV2_4403_ESMFold_NAD-dependent_succinate-semialdehyde_dehydrogenase	AF-A0A2U1QFD1-F1-model_v4	AF-A0A2U1QFD1-F1-model_v4 Aldehyde/histidinol dehydrogenase	3.176E-42	1.000	1636	10	481	527	35	507	830	485	0.896	0.570
LOKIASV2_4403_ESMFold_NAD-dependent_succinate-semialdehyde_dehydrogenase	AF-A0A0R1UGN1-F1-model_v4	AF-A0A0R1UGN1-F1-model_v4 Aldehyde Dehydrogenase	2.421E-42	1.000	1634	13	476	527	2	456	456	469	0.880	0.998
LOKIASV2_4403_ESMFold_NAD-dependent_succinate-semialdehyde_dehydrogenase	AF-A0A0B0KRH7-F1-model_v4	AF-A0A0B0KRH7-F1-model_v4 Aldehyde dehydrogenase	8.435E-42	1.000	1633	13	474	527	17	471	471	464	0.877	0.966
LOKIASV2_4403_ESMFold_NAD-dependent_succinate-semialdehyde_dehydrogenase	AF-A0A4R7HXQ1-F1-model_v4	AF-A0A4R7HXQ1-F1-model_v4 Succinate-semialdehyde dehydrogenase/glutarate-semialdehyde dehydrogenase	5.905E-43	1.000	1633	7	479	527	2	471	472	486	0.898	0.996
LOKIASV2_4403_ESMFold_NAD-dependent_succinate-semialdehyde_dehydrogenase	AF-A0A7I7UFE3-F1-model_v4	AF-A0A7I7UFE3-F1-model_v4 Aldehyde dehydrogenase	6.949E-43	1.000	1631	28	515	527	1	485	486	494	0.926	0.998
LOKIASV2_4403_ESMFold_NAD-dependent_succinate-semialdehyde_dehydrogenase	AF-A0A7J4A9D4-F1-model_v4	AF-A0A7J4A9D4-F1-model_v4 Aldehyde dehydrogenase	2.293E-42	1.000	1631	11	477	527	43	500	500	472	0.886	0.916
LOKIASV2_4403_ESMFold_NAD-dependent_succinate-semialdehyde_dehydrogenase	AF-A4YHM7-F1-model_v4	AF-A4YHM7-F1-model_v4 Aldehyde dehydrogenase	1.846E-42	1.000	1630	10	477	527	13	480	480	476	0.888	0.975
LOKIASV2_4403_ESMFold_NAD-dependent_succinate-semialdehyde_dehydrogenase	AF-A0A0D2KZU4-F1-model_v4	AF-A0A0D2KZU4-F1-model_v4 Aldedh domain-containing protein	7.989E-42	1.000	1628	13	475	527	23	478	479	466	0.879	0.952
LOKIASV2_4403_ESMFold_NAD-dependent_succinate-semialdehyde_dehydrogenase	AF-A0A024GZ07-F1-model_v4	AF-A0A024GZ07-F1-model_v4 Aldehyde dehydrogenase family protein	7.168E-42	1.000	1625	11	475	527	15	469	472	467	0.882	0.964
LOKIASV2_4403_ESMFold_NAD-dependent_succinate-semialdehyde_dehydrogenase	AF-A0A2X5NTE4-F1-model_v4	AF-A0A2X5NTE4-F1-model_v4 Lactaldehyde dehydrogenase	2.293E-42	1.000	1624	9	477	527	23	487	487	478	0.890	0.955
LOKIASV2_4403_ESMFold_NAD-dependent_succinate-semialdehyde_dehydrogenase	AF-A0A210R486-F1-model_v4	AF-A0A210R486-F1-model_v4 Aldehyde dehydrogenase family 5 member A1	2.293E-42	1.000	1624	9	475	527	410	870	872	474	0.886	0.529
LOKIASV2_4403_ESMFold_NAD-dependent_succinate-semialdehyde_dehydrogenase	AF-A0A1F3SVB0-F1-model_v4	AF-A0A1F3SVB0-F1-model_v4 Aldedh domain-containing protein	5.176E-42	1.000	1623	14	474	527	3	457	458	469	0.875	0.993
LOKIASV2_4403_ESMFold_NAD-dependent_succinate-semialdehyde_dehydrogenase	AF-A0A672G2S3-F1-model_v4	AF-A0A672G2S3-F1-model_v4 Succinate-semialdehyde dehydrogenase	8.905E-42	1.000	1623	9	475	527	49	509	513	474	0.886	0.899
LOKIASV2_4403_ESMFold_NAD-dependent_succinate-semialdehyde_dehydrogenase	AF-A0A523MLL4-F1-model_v4	AF-A0A523MLL4-F1-model_v4 Aldehyde dehydrogenase family protein	3.946E-42	1.000	1622	9	475	527	11	472	473	474	0.886	0.977
LOKIASV2_4403_ESMFold_NAD-dependent_succinate-semialdehyde_dehydrogenase	AF-A0A536EE35-F1-model_v4	AF-A0A536EE35-F1-model_v4 Aldehyde dehydrogenase family protein	4.752E-43	1.000	1622	12	485	527	27	503	508	487	0.899	0.939
LOKIASV2_4403_ESMFold_NAD-dependent_succinate-semialdehyde_dehydrogenase	AF-A0A345PE50-F1-model_v4	AF-A0A345PE50-F1-model_v4 Aldehyde dehydrogenase	7.567E-42	1.000	1621	13	474	527	21	480	483	471	0.877	0.952
LOKIASV2_4403_ESMFold_NAD-dependent_succinate-semialdehyde_dehydrogenase	AF-A0A7X8GH82-F1-model_v4	AF-A0A7X8GH82-F1-model_v4 Aldehyde dehydrogenase family protein	9.926E-42	1.000	1619	9	475	527	20	480	481	469	0.886	0.958
LOKIASV2_4403_ESMFold_NAD-dependent_succinate-semialdehyde_dehydrogenase	AF-A0A556R9Q8-F1-model_v4	AF-A0A556R9Q8-F1-model_v4 NAD-dependent succinate-semialdehyde dehydrogenase	2.172E-42	1.000	1617	13	474	527	32	483	487	468	0.877	0.928
LOKIASV2_4403_ESMFold_NAD-dependent_succinate-semialdehyde_dehydrogenase	AF-A0A1C1YUC5-F1-model_v4	AF-A0A1C1YUC5-F1-model_v4 Gamma-aminobutyraldehyde dehydrogenase	4.398E-42	1.000	1615	9	477	527	14	475	475	473	0.890	0.973
LOKIASV2_4403_ESMFold_NAD-dependent_succinate-semialdehyde_dehydrogenase	AF-A0A2T0R202-F1-model_v4	AF-A0A2T0R202-F1-model_v4 Betaine-aldehyde dehydrogenase	1.048E-41	1.000	1615	13	475	527	20	475	478	470	0.879	0.954
LOKIASV2_4403_ESMFold_NAD-dependent_succinate-semialdehyde_dehydrogenase	AF-A0A1Q8ZVQ2-F1-model_v4	AF-A0A1Q8ZVQ2-F1-model_v4 Succinate-semialdehyde dehydrogenase (NADP(+))	2.057E-42	1.000	1615	9	475	527	24	482	485	473	0.886	0.946
LOKIASV2_4403_ESMFold_NAD-dependent_succinate-semialdehyde_dehydrogenase	AF-A0A672GSD0-F1-model_v4	AF-A0A672GSD0-F1-model_v4 Aldedh domain-containing protein	8.435E-42	1.000	1615	8	481	527	140	609	611	481	0.899	0.769
LOKIASV2_4403_ESMFold_NAD-dependent_succinate-semialdehyde_dehydrogenase	AF-A0A1V0LEC4-F1-model_v4	AF-A0A1V0LEC4-F1-model_v4 Succinate-semialdehyde dehydrogenase	2.365E-41	1.000	1613	9	477	527	4	462	462	471	0.890	0.994
LOKIASV2_4403_ESMFold_NAD-dependent_succinate-semialdehyde_dehydrogenase	AF-A0A6B2WZZ8-F1-model_v4	AF-A0A6B2WZZ8-F1-model_v4 Aldehyde dehydrogenase	1.106E-41	1.000	1613	9	481	527	16	484	492	480	0.898	0.953
LOKIASV2_4403_ESMFold_NAD-dependent_succinate-semialdehyde_dehydrogenase	AF-O02266-F1-model_v4	AF-O02266-F1-model_v4 Aldedh domain-containing protein	1.375E-41	1.000	1611	12	475	527	33	492	493	474	0.880	0.933
LOKIASV2_4403_ESMFold_NAD-dependent_succinate-semialdehyde_dehydrogenase	AF-A0A834GLZ6-F1-model_v4	AF-A0A834GLZ6-F1-model_v4 Uncharacterized protein	1.994E-43	1.000	1605	9	481	527	64	550	551	505	0.898	0.884
LOKIASV2_4403_ESMFold_NAD-dependent_succinate-semialdehyde_dehydrogenase	AF-E0TFA8-F1-model_v4	AF-E0TFA8-F1-model_v4 Succinic semialdehyde dehydrogenase	3.651E-41	1.000	1604	13	477	527	2	460	460	470	0.882	0.998
LOKIASV2_4403_ESMFold_NAD-dependent_succinate-semialdehyde_dehydrogenase	AF-A0A402CG55-F1-model_v4	AF-A0A402CG55-F1-model_v4 Aldehyde dehydrogenase	5.464E-42	1.000	1604	12	477	527	14	481	482	476	0.884	0.971
LOKIASV2_4403_ESMFold_NAD-dependent_succinate-semialdehyde_dehydrogenase	AF-M2UHJ7-F1-model_v4	AF-M2UHJ7-F1-model_v4 Fungal_trans domain-containing protein	1.233E-41	1.000	1604	9	480	527	21	491	1115	478	0.896	0.422
LOKIASV2_4403_ESMFold_NAD-dependent_succinate-semialdehyde_dehydrogenase	AF-A0A085F431-F1-model_v4	AF-A0A085F431-F1-model_v4 Putative aldehyde dehydrogenase	7.989E-42	1.000	1603	12	477	527	19	476	476	472	0.884	0.962
LOKIASV2_4403_ESMFold_NAD-dependent_succinate-semialdehyde_dehydrogenase	AF-A0A5A7ZY00-F1-model_v4	AF-A0A5A7ZY00-F1-model_v4 Aldehyde dehydrogenase	2.556E-42	1.000	1603	8	474	527	22	484	486	479	0.886	0.953
LOKIASV2_4403_ESMFold_NAD-dependent_succinate-semialdehyde_dehydrogenase	AF-J0Q6G2-F1-model_v4	AF-J0Q6G2-F1-model_v4 Aldedh domain-containing protein	2.497E-41	1.000	1601	9	472	527	17	473	476	467	0.880	0.960
LOKIASV2_4403_ESMFold_NAD-dependent_succinate-semialdehyde_dehydrogenase	AF-A0A6N4SPK7-F1-model_v4	AF-A0A6N4SPK7-F1-model_v4 Aldehyde dehydrogenase	4.297E-41	1.000	1600	14	477	527	2	457	457	467	0.880	0.998
LOKIASV2_4403_ESMFold_NAD-dependent_succinate-semialdehyde_dehydrogenase	AF-A0A2E1Q646-F1-model_v4	AF-A0A2E1Q646-F1-model_v4 2-hydroxymuconic semialdehyde dehydrogenase	1.708E-41	1.000	1600	9	475	527	16	480	481	475	0.886	0.967
LOKIASV2_4403_ESMFold_NAD-dependent_succinate-semialdehyde_dehydrogenase	AF-A0A7Y5N2U4-F1-model_v4	AF-A0A7Y5N2U4-F1-model_v4 5-carboxymethyl-2-hydroxymuconate semialdehyde dehydrogenase	5.951E-41	1.000	1599	12	481	527	19	485	491	475	0.892	0.951
LOKIASV2_4403_ESMFold_NAD-dependent_succinate-semialdehyde_dehydrogenase	AF-A0A5N6TY58-F1-model_v4	AF-A0A5N6TY58-F1-model_v4 Aldedh-domain-containing protein	9.329E-44	1.000	1598	10	518	527	489	1034	1035	552	0.966	0.528
LOKIASV2_4403_ESMFold_NAD-dependent_succinate-semialdehyde_dehydrogenase	AF-A0A1B6GMT7-F1-model_v4	AF-A0A1B6GMT7-F1-model_v4 Aldedh domain-containing protein	4.902E-42	1.000	1597	9	463	527	45	495	497	464	0.863	0.907
LOKIASV2_4403_ESMFold_NAD-dependent_succinate-semialdehyde_dehydrogenase	AF-A0A0J0D163-F1-model_v4	AF-A0A0J0D163-F1-model_v4 Putative UGA2-succinate semialdehyde dehydrogenase	5.951E-41	1.000	1597	13	475	527	99	558	563	473	0.879	0.817
LOKIASV2_4403_ESMFold_NAD-dependent_succinate-semialdehyde_dehydrogenase	AF-A0A2K2TNX4-F1-model_v4	AF-A0A2K2TNX4-F1-model_v4 NAD-dependent succinate-semialdehyde dehydrogenase	2.293E-42	1.000	1595	13	475	527	18	477	478	474	0.879	0.962
LOKIASV2_4403_ESMFold_NAD-dependent_succinate-semialdehyde_dehydrogenase	AF-A0A257L752-F1-model_v4	AF-A0A257L752-F1-model_v4 Succinate-semialdehyde dehydrogenase	6.430E-42	1.000	1594	14	474	527	4	456	456	469	0.875	0.993
LOKIASV2_4403_ESMFold_NAD-dependent_succinate-semialdehyde_dehydrogenase	AF-A0A2R6NMC7-F1-model_v4	AF-A0A2R6NMC7-F1-model_v4 Aldedh domain-containing protein	1.048E-41	1.000	1592	19	483	527	111	563	564	471	0.882	0.803
LOKIASV2_4403_ESMFold_NAD-dependent_succinate-semialdehyde_dehydrogenase	AF-A0A6A5L211-F1-model_v4	AF-A0A6A5L211-F1-model_v4 Aldedh domain-containing protein	1.098E-43	1.000	1592	9	491	527	12	483	784	494	0.917	0.602
LOKIASV2_4403_ESMFold_NAD-dependent_succinate-semialdehyde_dehydrogenase	AF-A0A1H5GCF8-F1-model_v4	AF-A0A1H5GCF8-F1-model_v4 Aminobutyraldehyde dehydrogenase	2.365E-41	1.000	1590	13	479	527	25	484	485	471	0.886	0.948
LOKIASV2_4403_ESMFold_NAD-dependent_succinate-semialdehyde_dehydrogenase	AF-A0A1G4JH16-F1-model_v4	AF-A0A1G4JH16-F1-model_v4 LAME_0E04808g1_1	1.451E-41	1.000	1590	9	478	527	32	502	502	480	0.892	0.938
LOKIASV2_4403_ESMFold_NAD-dependent_succinate-semialdehyde_dehydrogenase	AF-A0A0B7KC22-F1-model_v4	AF-A0A0B7KC22-F1-model_v4 Uncharacterized protein	1.233E-41	1.000	1590	12	483	527	311	773	774	479	0.896	0.598
LOKIASV2_4403_ESMFold_NAD-dependent_succinate-semialdehyde_dehydrogenase	AF-A0A0R1TUX0-F1-model_v4	AF-A0A0R1TUX0-F1-model_v4 Succinate-semialdehyde dehydrogenase (NADP+)	8.435E-42	1.000	1589	13	472	527	2	451	454	464	0.873	0.991
LOKIASV2_4403_ESMFold_NAD-dependent_succinate-semialdehyde_dehydrogenase	AF-A0A4R5VHL5-F1-model_v4	AF-A0A4R5VHL5-F1-model_v4 Aldehyde dehydrogenase	1.048E-41	1.000	1584	9	484	527	74	541	543	480	0.903	0.862
LOKIASV2_4403_ESMFold_NAD-dependent_succinate-semialdehyde_dehydrogenase	AF-G9NY54-F1-model_v4	AF-G9NY54-F1-model_v4 Aldedh domain-containing protein	2.616E-43	1.000	1584	10	518	527	87	615	616	540	0.966	0.859
LOKIASV2_4403_ESMFold_NAD-dependent_succinate-semialdehyde_dehydrogenase	AF-A0A7V9J828-F1-model_v4	AF-A0A7V9J828-F1-model_v4 Aldehyde dehydrogenase family protein	1.343E-40	1.000	1583	50	477	527	2	423	423	435	0.812	0.998
LOKIASV2_4403_ESMFold_NAD-dependent_succinate-semialdehyde_dehydrogenase	AF-A0A2T0T5B9-F1-model_v4	AF-A0A2T0T5B9-F1-model_v4 Succinate-semialdehyde dehydrogenase/glutarate-semialdehyde dehydrogenase	1.024E-40	1.000	1583	14	473	527	2	449	451	463	0.873	0.993
LOKIASV2_4403_ESMFold_NAD-dependent_succinate-semialdehyde_dehydrogenase	AF-A0A2A9FGT5-F1-model_v4	AF-A0A2A9FGT5-F1-model_v4 Acyl-CoA reductase-like NAD-dependent aldehyde dehydrogenase	1.904E-41	1.000	1583	13	472	527	14	461	463	464	0.873	0.968
LOKIASV2_4403_ESMFold_NAD-dependent_succinate-semialdehyde_dehydrogenase	AF-A0A2G6E8R1-F1-model_v4	AF-A0A2G6E8R1-F1-model_v4 Aldehyde dehydrogenase PuuC	4.166E-42	1.000	1582	9	479	527	30	493	493	482	0.894	0.941
LOKIASV2_4403_ESMFold_NAD-dependent_succinate-semialdehyde_dehydrogenase	AF-A0A6N8SDM8-F1-model_v4	AF-A0A6N8SDM8-F1-model_v4 Aldehyde dehydrogenase family protein	8.905E-42	1.000	1582	9	495	527	18	494	501	493	0.924	0.952
LOKIASV2_4403_ESMFold_NAD-dependent_succinate-semialdehyde_dehydrogenase	AF-A0A2U3PB92-F1-model_v4	AF-A0A2U3PB92-F1-model_v4 Acyl-CoA reductase or other NAD-dependent aldehyde dehydrogenase	2.556E-42	1.000	1582	12	474	527	23	508	509	493	0.879	0.955
LOKIASV2_4403_ESMFold_NAD-dependent_succinate-semialdehyde_dehydrogenase	AF-U6JWT3-F1-model_v4	AF-U6JWT3-F1-model_v4 Succinate-semialdehyde dehydrogenase, putative	4.166E-42	1.000	1582	9	474	527	510	992	994	492	0.884	0.486
LOKIASV2_4403_ESMFold_NAD-dependent_succinate-semialdehyde_dehydrogenase	AF-A0A7M2YXD1-F1-model_v4	AF-A0A7M2YXD1-F1-model_v4 NAD-dependent aldehyde dehydrogenase	6.789E-42	1.000	1580	9	479	527	13	481	481	484	0.894	0.975
LOKIASV2_4403_ESMFold_NAD-dependent_succinate-semialdehyde_dehydrogenase	AF-A0A0D6EP43-F1-model_v4	AF-A0A0D6EP43-F1-model_v4 SPOSA6832_03083-mRNA-1:cds	1.375E-41	1.000	1579	13	479	527	33	516	517	494	0.886	0.936
LOKIASV2_4403_ESMFold_NAD-dependent_succinate-semialdehyde_dehydrogenase	AF-A0A7H9ANC4-F1-model_v4	AF-A0A7H9ANC4-F1-model_v4 NAD-dependent succinate-semialdehyde dehydrogenase	3.766E-40	1.000	1577	14	476	527	2	451	451	465	0.879	0.998
LOKIASV2_4403_ESMFold_NAD-dependent_succinate-semialdehyde_dehydrogenase	AF-A0A7T9DHK5-F1-model_v4	AF-A0A7T9DHK5-F1-model_v4 Aldehyde dehydrogenase family protein	6.633E-41	1.000	1577	12	475	527	28	488	489	475	0.880	0.943
LOKIASV2_4403_ESMFold_NAD-dependent_succinate-semialdehyde_dehydrogenase	AF-A0A024FYY2-F1-model_v4	AF-A0A024FYY2-F1-model_v4 Uncharacterized protein	9.402E-42	1.000	1577	9	475	527	15	493	494	489	0.886	0.970
LOKIASV2_4403_ESMFold_NAD-dependent_succinate-semialdehyde_dehydrogenase	AF-A0A7S5TVJ8-F1-model_v4	AF-A0A7S5TVJ8-F1-model_v4 Aldehyde dehydrogenase family protein	1.048E-41	1.000	1575	13	477	527	15	476	476	476	0.882	0.971
LOKIASV2_4403_ESMFold_NAD-dependent_succinate-semialdehyde_dehydrogenase	AF-A0A6J4IJU2-F1-model_v4	AF-A0A6J4IJU2-F1-model_v4 2,5-dioxovalerate dehydrogenase	2.189E-40	1.000	1575	13	477	527	19	481	483	472	0.882	0.959
LOKIASV2_4403_ESMFold_NAD-dependent_succinate-semialdehyde_dehydrogenase	AF-M8CI37-F1-model_v4	AF-M8CI37-F1-model_v4 Aldehyde dehydrogenase family 2 member B4, mitochondrial	3.151E-44	1.000	1574	9	525	527	77	603	678	540	0.981	0.777
LOKIASV2_4403_ESMFold_NAD-dependent_succinate-semialdehyde_dehydrogenase	AF-A0A1G4Q934-F1-model_v4	AF-A0A1G4Q934-F1-model_v4 Aldehyde dehydrogenase (NAD+)	2.849E-42	1.000	1572	13	477	527	28	497	497	487	0.882	0.946
LOKIASV2_4403_ESMFold_NAD-dependent_succinate-semialdehyde_dehydrogenase	AF-A0A1I8IYE2-F1-model_v4	AF-A0A1I8IYE2-F1-model_v4 Uncharacterized protein	1.695E-43	1.000	1571	13	523	527	574	1074	1157	524	0.970	0.433
LOKIASV2_4403_ESMFold_NAD-dependent_succinate-semialdehyde_dehydrogenase	AF-A0A0D8BQD7-F1-model_v4	AF-A0A0D8BQD7-F1-model_v4 Acyl-CoA reductase family protein	6.283E-41	1.000	1569	8	477	527	14	474	475	473	0.892	0.971
LOKIASV2_4403_ESMFold_NAD-dependent_succinate-semialdehyde_dehydrogenase	AF-A0A1N6CMQ0-F1-model_v4	AF-A0A1N6CMQ0-F1-model_v4 Acyl-CoA reductase	4.166E-42	1.000	1568	15	490	527	2	473	473	481	0.903	0.998
LOKIASV2_4403_ESMFold_NAD-dependent_succinate-semialdehyde_dehydrogenase	AF-A0A4S4AV58-F1-model_v4	AF-A0A4S4AV58-F1-model_v4 Aldehyde dehydrogenase family protein	2.189E-40	1.000	1567	13	479	527	34	500	505	478	0.886	0.925
LOKIASV2_4403_ESMFold_NAD-dependent_succinate-semialdehyde_dehydrogenase	AF-C3JJI2-F1-model_v4	AF-C3JJI2-F1-model_v4 Aldehyde dehydrogenase (NAD) family protein	8.701E-41	1.000	1566	13	481	527	34	502	505	480	0.890	0.929
LOKIASV2_4403_ESMFold_NAD-dependent_succinate-semialdehyde_dehydrogenase	AF-A0A062NCL6-F1-model_v4	AF-A0A062NCL6-F1-model_v4 Aldehyde dehydrogenase family protein	1.205E-40	1.000	1564	9	474	527	30	493	495	471	0.884	0.937
LOKIASV2_4403_ESMFold_NAD-dependent_succinate-semialdehyde_dehydrogenase	AF-A0A2T4H6V7-F1-model_v4	AF-A0A2T4H6V7-F1-model_v4 Putative aldehyde dehydrogenase FUS7	2.122E-41	1.000	1559	11	479	527	27	457	457	471	0.890	0.943
LOKIASV2_4403_ESMFold_NAD-dependent_succinate-semialdehyde_dehydrogenase	AF-A0A3P4B5T3-F1-model_v4	AF-A0A3P4B5T3-F1-model_v4 Glutarate-semialdehyde dehydrogenase DavD	2.073E-40	1.000	1557	30	477	527	4	448	450	454	0.850	0.989
LOKIASV2_4403_ESMFold_NAD-dependent_succinate-semialdehyde_dehydrogenase	AF-A0A7D3WVQ5-F1-model_v4	AF-A0A7D3WVQ5-F1-model_v4 Aldehyde dehydrogenase	9.186E-41	1.000	1557	13	480	527	13	481	485	480	0.888	0.967
LOKIASV2_4403_ESMFold_NAD-dependent_succinate-semialdehyde_dehydrogenase	AF-F8ETG1-F1-model_v4	AF-F8ETG1-F1-model_v4 Succinate-semialdehyde dehydrogenase	1.343E-40	1.000	1556	13	475	527	25	484	485	469	0.879	0.948
LOKIASV2_4403_ESMFold_NAD-dependent_succinate-semialdehyde_dehydrogenase	AF-A0A4R8QD99-F1-model_v4	AF-A0A4R8QD99-F1-model_v4 Succinate-semialdehyde dehydrogenase [NADP(+)] GabD	2.365E-41	1.000	1556	13	491	527	31	509	553	491	0.909	0.866
LOKIASV2_4403_ESMFold_NAD-dependent_succinate-semialdehyde_dehydrogenase	AF-A0A381NCV3-F1-model_v4	AF-A0A381NCV3-F1-model_v4 Aldedh domain-containing protein	2.073E-40	1.000	1555	41	475	527	2	428	429	444	0.825	0.995
LOKIASV2_4403_ESMFold_NAD-dependent_succinate-semialdehyde_dehydrogenase	AF-A0A7V6XP86-F1-model_v4	AF-A0A7V6XP86-F1-model_v4 Aldehyde dehydrogenase	2.576E-40	1.000	1554	23	479	527	2	459	464	468	0.867	0.987
LOKIASV2_4403_ESMFold_NAD-dependent_succinate-semialdehyde_dehydrogenase	AF-A0A495QYE3-F1-model_v4	AF-A0A495QYE3-F1-model_v4 Succinate-semialdehyde dehydrogenase/glutarate-semialdehyde dehydrogenase	2.784E-41	1.000	1550	8	475	527	21	482	484	473	0.888	0.955
LOKIASV2_4403_ESMFold_NAD-dependent_succinate-semialdehyde_dehydrogenase	AF-R7N1B3-F1-model_v4	AF-R7N1B3-F1-model_v4 Aldehyde dehydrogenase (NAD) family protein	1.312E-39	1.000	1549	46	474	527	2	418	419	432	0.814	0.995
LOKIASV2_4403_ESMFold_NAD-dependent_succinate-semialdehyde_dehydrogenase	AF-A0A5B0DTS4-F1-model_v4	AF-A0A5B0DTS4-F1-model_v4 Aldehyde dehydrogenase family protein	2.720E-40	1.000	1548	13	481	527	29	493	493	477	0.890	0.943
LOKIASV2_4403_ESMFold_NAD-dependent_succinate-semialdehyde_dehydrogenase	AF-A0A248K018-F1-model_v4	AF-A0A248K018-F1-model_v4 Aldehyde dehydrogenase	4.432E-40	1.000	1548	9	479	527	31	501	506	482	0.894	0.931
LOKIASV2_4403_ESMFold_NAD-dependent_succinate-semialdehyde_dehydrogenase	AF-A0A257HYU0-F1-model_v4	AF-A0A257HYU0-F1-model_v4 Aldehyde dehydrogenase	6.283E-41	1.000	1547	12	480	527	27	495	499	479	0.890	0.940
LOKIASV2_4403_ESMFold_NAD-dependent_succinate-semialdehyde_dehydrogenase	AF-A0A0K1FAN1-F1-model_v4	AF-A0A0K1FAN1-F1-model_v4 Aldehyde dehydrogenase	1.860E-40	1.000	1543	12	480	527	35	503	507	480	0.890	0.925
LOKIASV2_4403_ESMFold_NAD-dependent_succinate-semialdehyde_dehydrogenase	AF-A0A628TRR3-F1-model_v4	AF-A0A628TRR3-F1-model_v4 Aldehyde dehydrogenase family protein	1.233E-41	1.000	1543	12	481	527	40	512	512	489	0.892	0.924
LOKIASV2_4403_ESMFold_NAD-dependent_succinate-semialdehyde_dehydrogenase	AF-A0A817VTZ4-F1-model_v4	AF-A0A817VTZ4-F1-model_v4 Hypothetical protein	6.138E-40	1.000	1543	13	479	527	491	952	952	472	0.886	0.485
LOKIASV2_4403_ESMFold_NAD-dependent_succinate-semialdehyde_dehydrogenase	AF-A0A2N7HTW6-F1-model_v4	AF-A0A2N7HTW6-F1-model_v4 Aldehyde dehydrogenase	3.567E-40	1.000	1542	13	479	527	35	496	501	478	0.886	0.922
LOKIASV2_4403_ESMFold_NAD-dependent_succinate-semialdehyde_dehydrogenase	AF-A0A3L7JXH6-F1-model_v4	AF-A0A3L7JXH6-F1-model_v4 Aldehyde dehydrogenase	6.283E-41	1.000	1540	34	502	527	6	462	468	472	0.890	0.976
LOKIASV2_4403_ESMFold_NAD-dependent_succinate-semialdehyde_dehydrogenase	AF-A0A520X9Q7-F1-model_v4	AF-A0A520X9Q7-F1-model_v4 Aldehyde dehydrogenase family protein	7.224E-40	1.000	1539	9	474	527	15	471	472	470	0.884	0.968
LOKIASV2_4403_ESMFold_NAD-dependent_succinate-semialdehyde_dehydrogenase	AF-A0A0B5ICN9-F1-model_v4	AF-A0A0B5ICN9-F1-model_v4 Aldehyde dehydrogenase	2.026E-39	1.000	1537	13	475	527	18	478	479	470	0.879	0.962
LOKIASV2_4403_ESMFold_NAD-dependent_succinate-semialdehyde_dehydrogenase	AF-A0A0D2DSK0-F1-model_v4	AF-A0A0D2DSK0-F1-model_v4 Unplaced genomic scaffold supercont1.4, whole genome shotgun sequence	3.201E-40	1.000	1537	8	475	527	24	485	488	476	0.888	0.947
LOKIASV2_4403_ESMFold_NAD-dependent_succinate-semialdehyde_dehydrogenase	AF-A0A2U9PJN5-F1-model_v4	AF-A0A2U9PJN5-F1-model_v4 Eptc-inducible aldehyde dehydrogenase	5.507E-40	1.000	1537	13	481	527	36	504	507	480	0.890	0.925
LOKIASV2_4403_ESMFold_NAD-dependent_succinate-semialdehyde_dehydrogenase	AF-A0A0A8RM89-F1-model_v4	AF-A0A0A8RM89-F1-model_v4 Aldehyde dehydrogenase	1.205E-40	1.000	1536	13	479	527	109	575	580	478	0.886	0.805
LOKIASV2_4403_ESMFold_NAD-dependent_succinate-semialdehyde_dehydrogenase	AF-A0A0B7JUV3-F1-model_v4	AF-A0A0B7JUV3-F1-model_v4 Uncharacterized protein	3.458E-41	1.000	1536	13	492	527	37	492	929	485	0.911	0.491
LOKIASV2_4403_ESMFold_NAD-dependent_succinate-semialdehyde_dehydrogenase	AF-A0A420BLX4-F1-model_v4	AF-A0A420BLX4-F1-model_v4 Betaine-aldehyde dehydrogenase	3.855E-41	1.000	1535	13	487	527	13	475	476	485	0.901	0.973
LOKIASV2_4403_ESMFold_NAD-dependent_succinate-semialdehyde_dehydrogenase	AF-A0A1M6XL62-F1-model_v4	AF-A0A1M6XL62-F1-model_v4 Acyl-CoA reductase	7.627E-40	1.000	1533	13	474	527	23	474	475	467	0.877	0.952
LOKIASV2_4403_ESMFold_NAD-dependent_succinate-semialdehyde_dehydrogenase	AF-A0A2W1R9T4-F1-model_v4	AF-A0A2W1R9T4-F1-model_v4 Aldehyde dehydrogenase	1.115E-39	1.000	1533	9	477	527	38	506	513	480	0.890	0.914
LOKIASV2_4403_ESMFold_NAD-dependent_succinate-semialdehyde_dehydrogenase	AF-A0A6A5L243-F1-model_v4	AF-A0A6A5L243-F1-model_v4 Uncharacterized protein	4.398E-42	1.000	1531	13	483	527	143	632	633	502	0.894	0.774
LOKIASV2_4403_ESMFold_NAD-dependent_succinate-semialdehyde_dehydrogenase	AF-R1E1R9-F1-model_v4	AF-R1E1R9-F1-model_v4 Aldehyde dehydrogenase	1.721E-39	1.000	1526	13	478	527	13	475	475	473	0.884	0.975
LOKIASV2_4403_ESMFold_NAD-dependent_succinate-semialdehyde_dehydrogenase	AF-A0A556C4R9-F1-model_v4	AF-A0A556C4R9-F1-model_v4 Aldehyde dehydrogenase family protein	5.814E-40	1.000	1526	9	473	527	39	498	500	474	0.882	0.920
LOKIASV2_4403_ESMFold_NAD-dependent_succinate-semialdehyde_dehydrogenase	AF-Q97UA1-F1-model_v4	AF-Q97UA1-F1-model_v4 2,5-dioxopentanoate dehydrogenase	6.842E-40	1.000	1524	8	475	527	13	477	478	481	0.888	0.973
LOKIASV2_4403_ESMFold_NAD-dependent_succinate-semialdehyde_dehydrogenase	AF-G2XD69-F1-model_v4	AF-G2XD69-F1-model_v4 Aldehyde dehydrogenase	4.680E-40	1.000	1520	11	477	527	20	479	482	479	0.886	0.954
LOKIASV2_4403_ESMFold_NAD-dependent_succinate-semialdehyde_dehydrogenase	AF-A0A244CPJ5-F1-model_v4	AF-A0A244CPJ5-F1-model_v4 Succinate-semialdehyde dehydrogenase (NADP(+))	3.201E-40	1.000	1520	9	477	527	22	487	487	482	0.890	0.957
LOKIASV2_4403_ESMFold_NAD-dependent_succinate-semialdehyde_dehydrogenase	AF-A0A7V0NE94-F1-model_v4	AF-A0A7V0NE94-F1-model_v4 Aldehyde dehydrogenase family protein	8.975E-40	1.000	1518	10	477	527	15	473	473	472	0.888	0.970
LOKIASV2_4403_ESMFold_NAD-dependent_succinate-semialdehyde_dehydrogenase	AF-A0A6P0N353-F1-model_v4	AF-A0A6P0N353-F1-model_v4 L-glutamate gamma-semialdehyde dehydrogenase	2.189E-40	1.000	1518	8	481	527	419	893	898	486	0.899	0.529
LOKIASV2_4403_ESMFold_NAD-dependent_succinate-semialdehyde_dehydrogenase	AF-A0A329J8K7-F1-model_v4	AF-A0A329J8K7-F1-model_v4 NAD-dependent succinate-semialdehyde dehydrogenase	6.481E-40	1.000	1515	9	475	527	29	484	485	476	0.886	0.940
LOKIASV2_4403_ESMFold_NAD-dependent_succinate-semialdehyde_dehydrogenase	AF-A0A6P1AVQ9-F1-model_v4	AF-A0A6P1AVQ9-F1-model_v4 Aldehyde dehydrogenase family protein	5.216E-40	1.000	1514	12	475	527	21	483	486	477	0.880	0.953
LOKIASV2_4403_ESMFold_NAD-dependent_succinate-semialdehyde_dehydrogenase	AF-A6G9N7-F1-model_v4	AF-A6G9N7-F1-model_v4 Succinate-semialdehyde dehydrogenase (NAD(P)+)	6.283E-41	1.000	1513	96	520	527	4	421	427	425	0.806	0.979
LOKIASV2_4403_ESMFold_NAD-dependent_succinate-semialdehyde_dehydrogenase	AF-A0A4P9VP71-F1-model_v4	AF-A0A4P9VP71-F1-model_v4 Aldehyde dehydrogenase family protein	1.544E-39	1.000	1512	11	481	527	4	468	479	474	0.894	0.971
LOKIASV2_4403_ESMFold_NAD-dependent_succinate-semialdehyde_dehydrogenase	AF-A0A1A9HNG0-F1-model_v4	AF-A0A1A9HNG0-F1-model_v4 Aldedh domain-containing protein	1.177E-39	1.000	1512	8	475	527	46	513	515	479	0.888	0.909
LOKIASV2_4403_ESMFold_NAD-dependent_succinate-semialdehyde_dehydrogenase	AF-A0A7I7R356-F1-model_v4	AF-A0A7I7R356-F1-model_v4 Aldehyde dehydrogenase	5.951E-41	1.000	1511	13	477	527	17	482	482	485	0.882	0.967
LOKIASV2_4403_ESMFold_NAD-dependent_succinate-semialdehyde_dehydrogenase	AF-A0A1M7A3R4-F1-model_v4	AF-A0A1M7A3R4-F1-model_v4 Aldehyde dehydrogenase	1.581E-40	1.000	1511	13	480	527	38	505	509	484	0.888	0.919
LOKIASV2_4403_ESMFold_NAD-dependent_succinate-semialdehyde_dehydrogenase	AF-A0A243DZW6-F1-model_v4	AF-A0A243DZW6-F1-model_v4 1-pyrroline-5-carboxylate dehydrogenase	4.331E-39	1.000	1510	9	475	527	47	514	515	476	0.886	0.909
LOKIASV2_4403_ESMFold_NAD-dependent_succinate-semialdehyde_dehydrogenase	AF-A0A3M0X0Y5-F1-model_v4	AF-A0A3M0X0Y5-F1-model_v4 Aldehyde dehydrogenase	8.975E-40	1.000	1509	12	479	527	34	500	505	478	0.888	0.925
LOKIASV2_4403_ESMFold_NAD-dependent_succinate-semialdehyde_dehydrogenase	AF-A0A6Q2ZDV9-F1-model_v4	AF-A0A6Q2ZDV9-F1-model_v4 Aldehyde dehydrogenase 9 family, member A1a, tandem duplicate 1	5.096E-39	1.000	1508	33	481	527	12	456	460	457	0.852	0.967
LOKIASV2_4403_ESMFold_NAD-dependent_succinate-semialdehyde_dehydrogenase	AF-A0A7Y5UYE3-F1-model_v4	AF-A0A7Y5UYE3-F1-model_v4 NAD-dependent succinate-semialdehyde dehydrogenase	3.486E-39	1.000	1507	63	475	527	2	408	409	416	0.784	0.995
LOKIASV2_4403_ESMFold_NAD-dependent_succinate-semialdehyde_dehydrogenase	AF-A0A2W1UKC8-F1-model_v4	AF-A0A2W1UKC8-F1-model_v4 Aldehyde dehydrogenase	2.517E-39	1.000	1507	9	479	527	38	508	513	482	0.894	0.918
LOKIASV2_4403_ESMFold_NAD-dependent_succinate-semialdehyde_dehydrogenase	AF-A0A5E5C065-F1-model_v4	AF-A0A5E5C065-F1-model_v4 Betaine-aldehyde dehydrogenase	7.627E-40	1.000	1506	9	481	527	25	486	491	479	0.898	0.941
LOKIASV2_4403_ESMFold_NAD-dependent_succinate-semialdehyde_dehydrogenase	AF-A0A097SQX2-F1-model_v4	AF-A0A097SQX2-F1-model_v4 Aldedh domain-containing protein	1.205E-40	1.000	1506	8	477	527	73	542	542	486	0.892	0.867
LOKIASV2_4403_ESMFold_NAD-dependent_succinate-semialdehyde_dehydrogenase	AF-A0A532CFX8-F1-model_v4	AF-A0A532CFX8-F1-model_v4 Aldehyde dehydrogenase family protein	5.380E-39	1.000	1505	13	477	527	133	596	604	475	0.882	0.768
LOKIASV2_4403_ESMFold_NAD-dependent_succinate-semialdehyde_dehydrogenase	AF-A0A7C1BE33-F1-model_v4	AF-A0A7C1BE33-F1-model_v4 NAD-dependent succinate-semialdehyde dehydrogenase	2.517E-39	1.000	1504	98	477	527	7	377	377	385	0.721	0.984
LOKIASV2_4403_ESMFold_NAD-dependent_succinate-semialdehyde_dehydrogenase	AF-A0A349X1W4-F1-model_v4	AF-A0A349X1W4-F1-model_v4 Aldehyde dehydrogenase	7.224E-40	1.000	1503	13	479	527	3	470	471	480	0.886	0.994
LOKIASV2_4403_ESMFold_NAD-dependent_succinate-semialdehyde_dehydrogenase	AF-A0A2A4CNU1-F1-model_v4	AF-A0A2A4CNU1-F1-model_v4 Aldehyde dehydrogenase	3.127E-39	1.000	1502	9	480	527	29	500	504	483	0.896	0.937
LOKIASV2_4403_ESMFold_NAD-dependent_succinate-semialdehyde_dehydrogenase	AF-A0A6G3CD40-F1-model_v4	AF-A0A6G3CD40-F1-model_v4 Aldehyde dehydrogenase family protein	2.384E-39	1.000	1499	13	480	527	35	501	505	479	0.888	0.925
LOKIASV2_4403_ESMFold_NAD-dependent_succinate-semialdehyde_dehydrogenase	AF-C6XQB8-F1-model_v4	AF-C6XQB8-F1-model_v4 Aldehyde dehydrogenase (NAD(+))	4.331E-39	1.000	1499	13	480	527	36	503	507	480	0.888	0.923
LOKIASV2_4403_ESMFold_NAD-dependent_succinate-semialdehyde_dehydrogenase	AF-A0A850P2Z2-F1-model_v4	AF-A0A850P2Z2-F1-model_v4 Aldehyde dehydrogenase family protein	7.451E-39	1.000	1498	13	475	527	33	492	493	473	0.879	0.933
LOKIASV2_4403_ESMFold_NAD-dependent_succinate-semialdehyde_dehydrogenase	AF-A0A545TVK2-F1-model_v4	AF-A0A545TVK2-F1-model_v4 Aldehyde dehydrogenase family protein	8.975E-40	1.000	1496	13	486	527	2	469	472	483	0.899	0.992
LOKIASV2_4403_ESMFold_NAD-dependent_succinate-semialdehyde_dehydrogenase	AF-A0A024H2L0-F1-model_v4	AF-A0A024H2L0-F1-model_v4 Aldehyde dehydrogenase family protein	1.343E-40	1.000	1494	9	475	527	23	486	487	477	0.886	0.953
LOKIASV2_4403_ESMFold_NAD-dependent_succinate-semialdehyde_dehydrogenase	AF-A0A126RF41-F1-model_v4	AF-A0A126RF41-F1-model_v4 NAD-dependent aldehyde dehydrogenase	6.138E-40	1.000	1489	9	479	527	31	501	506	488	0.894	0.931
LOKIASV2_4403_ESMFold_NAD-dependent_succinate-semialdehyde_dehydrogenase	AF-K6WGL2-F1-model_v4	AF-K6WGL2-F1-model_v4 Putative 5-carboxymethyl-2-hydroxymuconate semialdehyde dehydrogenase	5.681E-39	1.000	1489	12	481	527	290	753	759	476	0.892	0.611
LOKIASV2_4403_ESMFold_NAD-dependent_succinate-semialdehyde_dehydrogenase	AF-A0A352C3F0-F1-model_v4	AF-A0A352C3F0-F1-model_v4 Methylmalonate-semialdehyde dehydrogenase (CoA acylating)	4.331E-39	1.000	1488	9	481	527	16	488	495	482	0.898	0.956
LOKIASV2_4403_ESMFold_NAD-dependent_succinate-semialdehyde_dehydrogenase	AF-A0A3D8T900-F1-model_v4	AF-A0A3D8T900-F1-model_v4 Aldedh domain-containing protein	7.451E-39	1.000	1487	9	479	527	19	479	479	473	0.894	0.962
LOKIASV2_4403_ESMFold_NAD-dependent_succinate-semialdehyde_dehydrogenase	AF-A0A0D6LJU2-F1-model_v4	AF-A0A0D6LJU2-F1-model_v4 Uncharacterized protein	6.332E-39	1.000	1484	33	475	527	6	468	469	474	0.841	0.987
LOKIASV2_4403_ESMFold_NAD-dependent_succinate-semialdehyde_dehydrogenase	AF-A0A7C5R392-F1-model_v4	AF-A0A7C5R392-F1-model_v4 Aldehyde dehydrogenase family protein	4.331E-39	1.000	1483	30	477	527	2	444	445	448	0.850	0.996
LOKIASV2_4403_ESMFold_NAD-dependent_succinate-semialdehyde_dehydrogenase	AF-A0A536NKZ2-F1-model_v4	AF-A0A536NKZ2-F1-model_v4 Aldehyde dehydrogenase (NAD(+))	2.090E-38	1.000	1483	13	479	527	24	488	500	474	0.886	0.930
LOKIASV2_4403_ESMFold_NAD-dependent_succinate-semialdehyde_dehydrogenase	AF-A0A363TKG8-F1-model_v4	AF-A0A363TKG8-F1-model_v4 2-hydroxymuconic semialdehyde dehydrogenase	1.429E-38	1.000	1482	38	475	527	2	428	429	441	0.831	0.995
LOKIASV2_4403_ESMFold_NAD-dependent_succinate-semialdehyde_dehydrogenase	AF-A0A2A4VLI5-F1-model_v4	AF-A0A2A4VLI5-F1-model_v4 Aldehyde dehydrogenase	8.306E-39	1.000	1482	14	475	527	2	457	458	468	0.877	0.996
LOKIASV2_4403_ESMFold_NAD-dependent_succinate-semialdehyde_dehydrogenase	AF-A0A3D2M7T3-F1-model_v4	AF-A0A3D2M7T3-F1-model_v4 Aldehyde dehydrogenase	2.139E-39	1.000	1482	9	475	527	14	476	480	479	0.886	0.965
LOKIASV2_4403_ESMFold_NAD-dependent_succinate-semialdehyde_dehydrogenase	AF-W5W3N6-F1-model_v4	AF-W5W3N6-F1-model_v4 2-hydroxymuconic semialdehyde dehydrogenase	2.657E-39	1.000	1482	9	481	527	24	488	488	482	0.898	0.953
LOKIASV2_4403_ESMFold_NAD-dependent_succinate-semialdehyde_dehydrogenase	AF-F9F287-F1-model_v4	AF-F9F287-F1-model_v4 Aldedh domain-containing protein	2.720E-40	1.000	1477	9	491	527	29	506	1143	494	0.917	0.418
LOKIASV2_4403_ESMFold_NAD-dependent_succinate-semialdehyde_dehydrogenase	AF-A0A843D1Y5-F1-model_v4	AF-A0A843D1Y5-F1-model_v4 Aldehyde dehydrogenase	2.596E-38	1.000	1474	60	474	527	2	404	405	418	0.787	0.995
LOKIASV2_4403_ESMFold_NAD-dependent_succinate-semialdehyde_dehydrogenase	AF-A0A1I7BP77-F1-model_v4	AF-A0A1I7BP77-F1-model_v4 Glyceraldehyde-3-phosphate dehydrogenase (NADP+)	1.593E-38	1.000	1472	14	476	527	2	455	455	468	0.879	0.998
LOKIASV2_4403_ESMFold_NAD-dependent_succinate-semialdehyde_dehydrogenase	AF-A0A1K0FAP0-F1-model_v4	AF-A0A1K0FAP0-F1-model_v4 Succinate-semialdehyde dehydrogenase	4.572E-39	1.000	1472	9	478	527	13	460	463	475	0.892	0.968
LOKIASV2_4403_ESMFold_NAD-dependent_succinate-semialdehyde_dehydrogenase	AF-A0A1M7BQT7-F1-model_v4	AF-A0A1M7BQT7-F1-model_v4 Aldehyde dehydrogenase	8.769E-39	1.000	1471	25	479	527	2	456	461	471	0.863	0.987
LOKIASV2_4403_ESMFold_NAD-dependent_succinate-semialdehyde_dehydrogenase	AF-A0A842SZT2-F1-model_v4	AF-A0A842SZT2-F1-model_v4 Aldehyde dehydrogenase family protein	2.329E-38	1.000	1470	9	481	527	19	483	495	478	0.898	0.939
LOKIASV2_4403_ESMFold_NAD-dependent_succinate-semialdehyde_dehydrogenase	AF-A0A7X9A0M7-F1-model_v4	AF-A0A7X9A0M7-F1-model_v4 Aldehyde dehydrogenase family protein	1.032E-38	1.000	1466	43	477	527	2	432	432	441	0.825	0.998
LOKIASV2_4403_ESMFold_NAD-dependent_succinate-semialdehyde_dehydrogenase	AF-A0A668W219-F1-model_v4	AF-A0A668W219-F1-model_v4 Aldehyde dehydrogenase 1 family, member L2	5.550E-38	1.000	1465	13	463	527	59	507	510	457	0.856	0.880
LOKIASV2_4403_ESMFold_NAD-dependent_succinate-semialdehyde_dehydrogenase	AF-A0A2V5KWQ9-F1-model_v4	AF-A0A2V5KWQ9-F1-model_v4 L-glutamate gamma-semialdehyde dehydrogenase	3.055E-38	1.000	1465	10	475	527	129	595	618	479	0.884	0.756
LOKIASV2_4403_ESMFold_NAD-dependent_succinate-semialdehyde_dehydrogenase	AF-A0A5C4Y3H6-F1-model_v4	AF-A0A5C4Y3H6-F1-model_v4 Aldehyde dehydrogenase	5.380E-39	1.000	1464	12	474	527	25	502	504	487	0.879	0.948
LOKIASV2_4403_ESMFold_NAD-dependent_succinate-semialdehyde_dehydrogenase	AF-A0A7D7LP05-F1-model_v4	AF-A0A7D7LP05-F1-model_v4 Aldehyde dehydrogenase	1.032E-38	1.000	1461	9	480	527	27	498	502	482	0.896	0.940
LOKIASV2_4403_ESMFold_NAD-dependent_succinate-semialdehyde_dehydrogenase	AF-A0A1H4QXA5-F1-model_v4	AF-A0A1H4QXA5-F1-model_v4 Acyl-CoA reductase	7.451E-39	1.000	1461	9	482	527	40	507	894	483	0.899	0.523
LOKIASV2_4403_ESMFold_NAD-dependent_succinate-semialdehyde_dehydrogenase	AF-A0A099TEQ9-F1-model_v4	AF-A0A099TEQ9-F1-model_v4 Aldehyde dehydrogenase	1.150E-38	1.000	1459	13	480	527	36	503	507	480	0.888	0.923
LOKIASV2_4403_ESMFold_NAD-dependent_succinate-semialdehyde_dehydrogenase	AF-G3JQF7-F1-model_v4	AF-G3JQF7-F1-model_v4 Betaine aldehyde dehydrogenase	1.669E-40	1.000	1459	14	491	527	33	551	559	529	0.907	0.928
LOKIASV2_4403_ESMFold_NAD-dependent_succinate-semialdehyde_dehydrogenase	AF-A0A7K1DFY0-F1-model_v4	AF-A0A7K1DFY0-F1-model_v4 Aldehyde dehydrogenase family protein	3.301E-39	1.000	1458	74	475	527	3	399	401	409	0.763	0.990
LOKIASV2_4403_ESMFold_NAD-dependent_succinate-semialdehyde_dehydrogenase	AF-A0A0D2K380-F1-model_v4	AF-A0A0D2K380-F1-model_v4 PKS_ER domain-containing protein	2.596E-38	1.000	1458	9	481	527	24	482	800	481	0.898	0.574
LOKIASV2_4403_ESMFold_NAD-dependent_succinate-semialdehyde_dehydrogenase	AF-A0A7V1W317-F1-model_v4	AF-A0A7V1W317-F1-model_v4 Aldehyde dehydrogenase family protein	9.258E-39	1.000	1457	10	474	527	14	471	471	468	0.882	0.972
LOKIASV2_4403_ESMFold_NAD-dependent_succinate-semialdehyde_dehydrogenase	AF-A0A559M5X6-F1-model_v4	AF-A0A559M5X6-F1-model_v4 Salicylaldehyde dehydrogenase	1.593E-38	1.000	1456	10	477	527	16	476	476	474	0.888	0.968
LOKIASV2_4403_ESMFold_NAD-dependent_succinate-semialdehyde_dehydrogenase	AF-A0A7Z0PZQ0-F1-model_v4	AF-A0A7Z0PZQ0-F1-model_v4 Aldehyde dehydrogenase family protein	1.354E-38	1.000	1456	9	481	527	17	484	486	479	0.898	0.963
LOKIASV2_4403_ESMFold_NAD-dependent_succinate-semialdehyde_dehydrogenase	AF-A0A7V1M147-F1-model_v4	AF-A0A7V1M147-F1-model_v4 Aldehyde dehydrogenase family protein	3.595E-38	1.000	1455	13	470	527	35	475	475	463	0.869	0.928
LOKIASV2_4403_ESMFold_NAD-dependent_succinate-semialdehyde_dehydrogenase	AF-A0A2D9QIN4-F1-model_v4	AF-A0A2D9QIN4-F1-model_v4 Aldehyde dehydrogenase	1.214E-38	1.000	1454	13	483	527	3	466	471	475	0.894	0.985
LOKIASV2_4403_ESMFold_NAD-dependent_succinate-semialdehyde_dehydrogenase	AF-H3NTX8-F1-model_v4	AF-H3NTX8-F1-model_v4 NAD-dependent aldehyde dehydrogenase	2.894E-38	1.000	1450	62	475	527	2	409	411	423	0.786	0.993
LOKIASV2_4403_ESMFold_NAD-dependent_succinate-semialdehyde_dehydrogenase	AF-A0A7S3VF09-F1-model_v4	AF-A0A7S3VF09-F1-model_v4 Hypothetical protein	5.681E-39	1.000	1449	1	477	527	7	494	494	499	0.905	0.988
LOKIASV2_4403_ESMFold_NAD-dependent_succinate-semialdehyde_dehydrogenase	AF-A0A241TU07-F1-model_v4	AF-A0A241TU07-F1-model_v4 Succinate-semialdehyde dehydrogenase	8.306E-39	1.000	1448	13	475	527	4	460	461	475	0.879	0.991
LOKIASV2_4403_ESMFold_NAD-dependent_succinate-semialdehyde_dehydrogenase	AF-A0A7C2C510-F1-model_v4	AF-A0A7C2C510-F1-model_v4 CoA-acylating methylmalonate-semialdehyde dehydrogenase	2.827E-37	1.000	1448	8	475	527	12	473	474	474	0.888	0.975
LOKIASV2_4403_ESMFold_NAD-dependent_succinate-semialdehyde_dehydrogenase	AF-A0A091QXL6-F1-model_v4	AF-A0A091QXL6-F1-model_v4 Aldedh domain-containing protein	9.550E-38	1.000	1445	10	430	527	13	431	432	427	0.799	0.970
LOKIASV2_4403_ESMFold_NAD-dependent_succinate-semialdehyde_dehydrogenase	AF-X1WSJ7-F1-model_v4	AF-X1WSJ7-F1-model_v4 Uncharacterized protein	7.806E-41	1.000	1440	13	520	527	160	777	852	631	0.964	0.725
LOKIASV2_4403_ESMFold_NAD-dependent_succinate-semialdehyde_dehydrogenase	AF-A0A2D5TAW0-F1-model_v4	AF-A0A2D5TAW0-F1-model_v4 Methylmalonate-semialdehyde dehydrogenase (CoA acylating)	1.556E-37	1.000	1438	9	481	527	17	488	499	481	0.898	0.946
LOKIASV2_4403_ESMFold_NAD-dependent_succinate-semialdehyde_dehydrogenase	AF-A0A7C6WCS8-F1-model_v4	AF-A0A7C6WCS8-F1-model_v4 Aldehyde dehydrogenase	2.741E-38	1.000	1437	13	481	527	4	467	470	479	0.890	0.987
LOKIASV2_4403_ESMFold_NAD-dependent_succinate-semialdehyde_dehydrogenase	AF-A0A258RJ74-F1-model_v4	AF-A0A258RJ74-F1-model_v4 Aldedh domain-containing protein	1.875E-38	1.000	1435	6	475	527	2	475	477	484	0.892	0.994
LOKIASV2_4403_ESMFold_NAD-dependent_succinate-semialdehyde_dehydrogenase	AF-A0A6I2YS02-F1-model_v4	AF-A0A6I2YS02-F1-model_v4 Aldehyde dehydrogenase (NAD(+))	1.776E-38	1.000	1435	13	481	527	2	480	486	491	0.890	0.986
LOKIASV2_4403_ESMFold_NAD-dependent_succinate-semialdehyde_dehydrogenase	AF-A0A7J6YSW7-F1-model_v4	AF-A0A7J6YSW7-F1-model_v4 Uncharacterized protein	2.985E-37	1.000	1433	8	436	527	18	443	672	432	0.814	0.634
LOKIASV2_4403_ESMFold_NAD-dependent_succinate-semialdehyde_dehydrogenase	AF-A0A7J6T3T6-F1-model_v4	AF-A0A7J6T3T6-F1-model_v4 Succinate-semialdehyde dehydrogenase, mitochondrial	9.774E-39	1.000	1433	7	480	527	255	720	723	483	0.899	0.645
LOKIASV2_4403_ESMFold_NAD-dependent_succinate-semialdehyde_dehydrogenase	AF-A0A2D6SZB9-F1-model_v4	AF-A0A2D6SZB9-F1-model_v4 L-glutamate gamma-semialdehyde dehydrogenase	9.045E-38	1.000	1429	9	477	527	516	986	997	486	0.890	0.472
LOKIASV2_4403_ESMFold_NAD-dependent_succinate-semialdehyde_dehydrogenase	AF-A0A2Y9SSZ8-F1-model_v4	AF-A0A2Y9SSZ8-F1-model_v4 Aldehyde dehydrogenase (NAD(+))	1.253E-37	1.000	1428	12	479	527	14	479	489	479	0.888	0.953
LOKIASV2_4403_ESMFold_NAD-dependent_succinate-semialdehyde_dehydrogenase	AF-A0A3A8YQQ1-F1-model_v4	AF-A0A3A8YQQ1-F1-model_v4 Succinylglutamate-semialdehyde dehydrogenase	8.567E-38	1.000	1427	9	482	527	17	481	489	478	0.899	0.951
LOKIASV2_4403_ESMFold_NAD-dependent_succinate-semialdehyde_dehydrogenase	AF-A0A0M9YPN8-F1-model_v4	AF-A0A0M9YPN8-F1-model_v4 Aldehyde dehydrogenase	2.741E-38	1.000	1425	9	481	527	20	483	485	482	0.898	0.957
LOKIASV2_4403_ESMFold_NAD-dependent_succinate-semialdehyde_dehydrogenase	AF-A0A536VCE1-F1-model_v4	AF-A0A536VCE1-F1-model_v4 2-hydroxymuconic semialdehyde dehydrogenase	4.467E-38	1.000	1423	61	475	527	2	418	419	428	0.787	0.995
LOKIASV2_4403_ESMFold_NAD-dependent_succinate-semialdehyde_dehydrogenase	AF-A0A6P5XAH5-F1-model_v4	AF-A0A6P5XAH5-F1-model_v4 Aldehyde dehydrogenase (NAD(+))	3.327E-37	1.000	1423	8	479	527	129	597	607	481	0.896	0.773
LOKIASV2_4403_ESMFold_NAD-dependent_succinate-semialdehyde_dehydrogenase	AF-A0A2K5DM50-F1-model_v4	AF-A0A2K5DM50-F1-model_v4 Aldehyde dehydrogenase 1 family member A1	4.865E-37	1.000	1422	13	430	527	36	451	452	424	0.793	0.920
LOKIASV2_4403_ESMFold_NAD-dependent_succinate-semialdehyde_dehydrogenase	AF-A0A2V9UTV6-F1-model_v4	AF-A0A2V9UTV6-F1-model_v4 Methylmalonate-semialdehyde dehydrogenase (CoA acylating)	1.934E-37	1.000	1418	11	491	527	22	500	501	488	0.913	0.956
LOKIASV2_4403_ESMFold_NAD-dependent_succinate-semialdehyde_dehydrogenase	AF-A0A0V0Y4K4-F1-model_v4	AF-A0A0V0Y4K4-F1-model_v4 Retinal dehydrogenase 2	1.323E-37	1.000	1417	12	430	527	21	441	463	429	0.795	0.909
LOKIASV2_4403_ESMFold_NAD-dependent_succinate-semialdehyde_dehydrogenase	AF-A0A7K0RAW5-F1-model_v4	AF-A0A7K0RAW5-F1-model_v4 Aldehyde dehydrogenase family protein	1.008E-37	1.000	1415	13	481	527	25	483	485	479	0.890	0.946
LOKIASV2_4403_ESMFold_NAD-dependent_succinate-semialdehyde_dehydrogenase	AF-A0A1G8QT50-F1-model_v4	AF-A0A1G8QT50-F1-model_v4 5-carboxymethyl-2-hydroxymuconate semialdehyde dehydrogenase	6.737E-37	1.000	1412	9	435	527	31	453	464	429	0.810	0.912
LOKIASV2_4403_ESMFold_NAD-dependent_succinate-semialdehyde_dehydrogenase	AF-A0A7C3LZ44-F1-model_v4	AF-A0A7C3LZ44-F1-model_v4 CoA-acylating methylmalonate-semialdehyde dehydrogenase	5.725E-37	1.000	1412	8	479	527	17	483	483	481	0.896	0.967
LOKIASV2_4403_ESMFold_NAD-dependent_succinate-semialdehyde_dehydrogenase	AF-A0A430Q998-F1-model_v4	AF-A0A430Q998-F1-model_v4 Aldehyde dehydrogenase (NAD+)	7.280E-38	1.000	1410	35	481	527	2	442	455	456	0.848	0.969
LOKIASV2_4403_ESMFold_NAD-dependent_succinate-semialdehyde_dehydrogenase	AF-A0A074MWZ6-F1-model_v4	AF-A0A074MWZ6-F1-model_v4 Methylmalonate-semialdehyde dehydrogenase	1.187E-37	1.000	1409	9	481	527	15	490	503	489	0.898	0.946
LOKIASV2_4403_ESMFold_NAD-dependent_succinate-semialdehyde_dehydrogenase	AF-A0A6G3RBF7-F1-model_v4	AF-A0A6G3RBF7-F1-model_v4 Aldehyde dehydrogenase family protein	3.513E-37	1.000	1408	43	481	527	2	437	439	451	0.833	0.993
LOKIASV2_4403_ESMFold_NAD-dependent_succinate-semialdehyde_dehydrogenase	AF-A0A4Q3P7K1-F1-model_v4	AF-A0A4Q3P7K1-F1-model_v4 Aldehyde dehydrogenase	2.403E-37	1.000	1405	59	490	527	6	429	430	437	0.820	0.986
LOKIASV2_4403_ESMFold_NAD-dependent_succinate-semialdehyde_dehydrogenase	AF-A0A3P3DHB4-F1-model_v4	AF-A0A3P3DHB4-F1-model_v4 Aldehyde dehydrogenase family protein	1.474E-37	1.000	1403	9	481	527	16	473	477	483	0.898	0.960
LOKIASV2_4403_ESMFold_NAD-dependent_succinate-semialdehyde_dehydrogenase	AF-A0A151RT76-F1-model_v4	AF-A0A151RT76-F1-model_v4 NADP-dependent glyceraldehyde-3-phosphate dehydrogenase	4.134E-37	1.000	1399	9	475	527	28	487	496	477	0.886	0.927
LOKIASV2_4403_ESMFold_NAD-dependent_succinate-semialdehyde_dehydrogenase	AF-A0A2K3D5S6-F1-model_v4	AF-A0A2K3D5S6-F1-model_v4 Aldedh domain-containing protein	6.737E-37	1.000	1399	10	481	527	30	496	498	481	0.896	0.938
LOKIASV2_4403_ESMFold_NAD-dependent_succinate-semialdehyde_dehydrogenase	AF-A0A265E7R2-F1-model_v4	AF-A0A265E7R2-F1-model_v4 Aldedh domain-containing protein	3.151E-37	1.000	1398	18	477	527	25	477	477	468	0.873	0.950
LOKIASV2_4403_ESMFold_NAD-dependent_succinate-semialdehyde_dehydrogenase	AF-A0A520SGW6-F1-model_v4	AF-A0A520SGW6-F1-model_v4 CoA-acylating methylmalonate-semialdehyde dehydrogenase	7.510E-37	1.000	1396	9	481	527	17	488	499	485	0.898	0.946
LOKIASV2_4403_ESMFold_NAD-dependent_succinate-semialdehyde_dehydrogenase	AF-A0A7W3Y426-F1-model_v4	AF-A0A7W3Y426-F1-model_v4 Aldehyde dehydrogenase family protein	1.776E-38	1.000	1395	114	518	527	1	391	392	411	0.769	0.997
LOKIASV2_4403_ESMFold_NAD-dependent_succinate-semialdehyde_dehydrogenase	AF-A0A6A6Q2N1-F1-model_v4	AF-A0A6A6Q2N1-F1-model_v4 Aldehyde dehydrogenase domain-containing protein	2.223E-36	1.000	1393	64	481	527	3	416	417	426	0.793	0.993
LOKIASV2_4403_ESMFold_NAD-dependent_succinate-semialdehyde_dehydrogenase	AF-A0A0U3NVF7-F1-model_v4	AF-A0A0U3NVF7-F1-model_v4 Aldedh domain-containing protein	3.151E-37	1.000	1389	9	475	527	19	475	476	472	0.886	0.960
LOKIASV2_4403_ESMFold_NAD-dependent_succinate-semialdehyde_dehydrogenase	AF-A0A0K9PYW1-F1-model_v4	AF-A0A0K9PYW1-F1-model_v4 NADP-dependent glyceraldehyde-3-phosphate dehydrogenase	1.159E-36	1.000	1389	9	475	527	28	487	496	477	0.886	0.927
LOKIASV2_4403_ESMFold_NAD-dependent_succinate-semialdehyde_dehydrogenase	AF-X0D2J7-F1-model_v4	AF-X0D2J7-F1-model_v4 Succinate-semialdehyde dehydrogenase	2.616E-36	1.000	1388	70	475	527	2	402	405	411	0.770	0.990
LOKIASV2_4403_ESMFold_NAD-dependent_succinate-semialdehyde_dehydrogenase	AF-A0A1Q7M110-F1-model_v4	AF-A0A1Q7M110-F1-model_v4 NADP-dependent succinic semialdehyde dehydrogenase	5.018E-36	1.000	1388	14	425	527	2	407	409	416	0.782	0.993
LOKIASV2_4403_ESMFold_NAD-dependent_succinate-semialdehyde_dehydrogenase	AF-A0A409X775-F1-model_v4	AF-A0A409X775-F1-model_v4 Uncharacterized protein	4.680E-40	1.000	1387	12	513	527	23	529	1109	522	0.953	0.457
LOKIASV2_4403_ESMFold_NAD-dependent_succinate-semialdehyde_dehydrogenase	AF-A0A4W2H287-F1-model_v4	AF-A0A4W2H287-F1-model_v4 Aldehyde dehydrogenase 2 family member	8.115E-38	1.000	1386	10	481	527	53	490	490	480	0.896	0.894
LOKIASV2_4403_ESMFold_NAD-dependent_succinate-semialdehyde_dehydrogenase	AF-A0A6N2CDX9-F1-model_v4	AF-A0A6N2CDX9-F1-model_v4 Aldedh domain-containing protein	1.521E-36	1.000	1386	9	475	527	28	487	496	477	0.886	0.927
LOKIASV2_4403_ESMFold_NAD-dependent_succinate-semialdehyde_dehydrogenase	AF-A0A3Q0H7Q7-F1-model_v4	AF-A0A3Q0H7Q7-F1-model_v4 aldehyde dehydrogenase family 8 member A1 isoform X3	2.827E-37	1.000	1384	64	475	527	3	414	415	426	0.782	0.993
LOKIASV2_4403_ESMFold_NAD-dependent_succinate-semialdehyde_dehydrogenase	AF-A0A433QKM6-F1-model_v4	AF-A0A433QKM6-F1-model_v4 Aldehyde dehydrogenase family 8 member A1-like protein	4.102E-39	1.000	1383	13	474	527	25	539	541	534	0.877	0.952
LOKIASV2_4403_ESMFold_NAD-dependent_succinate-semialdehyde_dehydrogenase	AF-A0A316U609-F1-model_v4	AF-A0A316U609-F1-model_v4 Aldehyde dehydrogenase (NAD(+))	1.364E-36	1.000	1381	9	479	527	46	526	537	489	0.894	0.896
LOKIASV2_4403_ESMFold_NAD-dependent_succinate-semialdehyde_dehydrogenase	AF-A0A329EZP1-F1-model_v4	AF-A0A329EZP1-F1-model_v4 Betaine-aldehyde dehydrogenase	5.594E-36	1.000	1379	13	421	527	36	440	442	412	0.776	0.916
LOKIASV2_4403_ESMFold_NAD-dependent_succinate-semialdehyde_dehydrogenase	AF-A0A7X7T091-F1-model_v4	AF-A0A7X7T091-F1-model_v4 Aldehyde dehydrogenase	6.531E-38	1.000	1378	33	501	527	6	466	468	474	0.890	0.985
LOKIASV2_4403_ESMFold_NAD-dependent_succinate-semialdehyde_dehydrogenase	AF-A0A0R3RIT7-F1-model_v4	AF-A0A0R3RIT7-F1-model_v4 2-deoxy-D-ribose 5-phosphate aldolase	1.262E-35	1.000	1378	9	468	527	359	799	1112	461	0.873	0.397
LOKIASV2_4403_ESMFold_NAD-dependent_succinate-semialdehyde_dehydrogenase	AF-A0A0N4VIF1-F1-model_v4	AF-A0A0N4VIF1-F1-model_v4 Probable methylmalonate-semialdehyde dehydrogenase [acylating], mitochondrial	2.106E-36	1.000	1374	8	483	527	34	505	509	485	0.903	0.927
LOKIASV2_4403_ESMFold_NAD-dependent_succinate-semialdehyde_dehydrogenase	AF-A0A534M698-F1-model_v4	AF-A0A534M698-F1-model_v4 Aldehyde dehydrogenase family protein	1.253E-37	1.000	1373	40	475	527	2	472	473	478	0.827	0.996
LOKIASV2_4403_ESMFold_NAD-dependent_succinate-semialdehyde_dehydrogenase	AF-A0A4S3ZUH1-F1-model_v4	AF-A0A4S3ZUH1-F1-model_v4 Aldehyde dehydrogenase family protein	6.235E-36	1.000	1373	9	468	527	35	476	788	463	0.873	0.561
LOKIASV2_4403_ESMFold_NAD-dependent_succinate-semialdehyde_dehydrogenase	AF-A0A3T0RRI1-F1-model_v4	AF-A0A3T0RRI1-F1-model_v4 Aldedh domain-containing protein	4.008E-38	1.000	1371	8	479	527	6	483	483	495	0.896	0.990
LOKIASV2_4403_ESMFold_NAD-dependent_succinate-semialdehyde_dehydrogenase	AF-A0A7C2J8Q9-F1-model_v4	AF-A0A7C2J8Q9-F1-model_v4 Aldehyde dehydrogenase family protein	1.187E-37	1.000	1367	9	474	527	12	469	473	480	0.884	0.968
LOKIASV2_4403_ESMFold_NAD-dependent_succinate-semialdehyde_dehydrogenase	AF-A0A7V1EPE5-F1-model_v4	AF-A0A7V1EPE5-F1-model_v4 Aldehyde dehydrogenase (NAD(+))	5.423E-37	1.000	1367	8	491	527	25	502	505	497	0.918	0.947
LOKIASV2_4403_ESMFold_NAD-dependent_succinate-semialdehyde_dehydrogenase	AF-A0A812MCQ5-F1-model_v4	AF-A0A812MCQ5-F1-model_v4 Hypothetical protein	5.298E-36	1.000	1367	9	479	527	382	854	865	484	0.894	0.547
LOKIASV2_4403_ESMFold_NAD-dependent_succinate-semialdehyde_dehydrogenase	AF-A0A317WXJ0-F1-model_v4	AF-A0A317WXJ0-F1-model_v4 Methylmalonate-semialdehyde dehydrogenase (CoA acylating)	4.264E-36	1.000	1366	10	477	527	58	520	521	476	0.888	0.889
LOKIASV2_4403_ESMFold_NAD-dependent_succinate-semialdehyde_dehydrogenase	AF-A0A517M3F6-F1-model_v4	AF-A0A517M3F6-F1-model_v4 Succinate-semialdehyde dehydrogenase [NADP(+)]	2.985E-37	1.000	1364	30	519	527	3	481	486	502	0.930	0.986
LOKIASV2_4403_ESMFold_NAD-dependent_succinate-semialdehyde_dehydrogenase	AF-A0A6N9XWM5-F1-model_v4	AF-A0A6N9XWM5-F1-model_v4 Aldehyde dehydrogenase	6.583E-36	1.000	1361	54	481	527	1	416	417	431	0.812	0.998
LOKIASV2_4403_ESMFold_NAD-dependent_succinate-semialdehyde_dehydrogenase	AF-A0A016WQD3-F1-model_v4	AF-A0A016WQD3-F1-model_v4 Probable methylmalonate-semialdehyde dehydrogenase [acylating], mitochondrial	6.235E-36	1.000	1361	8	481	527	96	565	577	482	0.899	0.815
LOKIASV2_4403_ESMFold_NAD-dependent_succinate-semialdehyde_dehydrogenase	AF-A0A521XCE7-F1-model_v4	AF-A0A521XCE7-F1-model_v4 Aldehyde dehydrogenase family protein	9.116E-36	1.000	1359	131	491	527	2	363	364	367	0.685	0.995
LOKIASV2_4403_ESMFold_NAD-dependent_succinate-semialdehyde_dehydrogenase	AF-A0A4Q5XUA4-F1-model_v4	AF-A0A4Q5XUA4-F1-model_v4 N-succinylglutamate 5-semialdehyde dehydrogenase	1.995E-36	1.000	1356	8	482	527	18	485	493	484	0.901	0.949
LOKIASV2_4403_ESMFold_NAD-dependent_succinate-semialdehyde_dehydrogenase	AF-A0A2G9I9Z5-F1-model_v4	AF-A0A2G9I9Z5-F1-model_v4 Aldehyde dehydrogenase	2.347E-36	1.000	1354	98	490	527	3	389	393	400	0.746	0.985
LOKIASV2_4403_ESMFold_NAD-dependent_succinate-semialdehyde_dehydrogenase	AF-A0A5C5WAH7-F1-model_v4	AF-A0A5C5WAH7-F1-model_v4 N-succinylglutamate 5-semialdehyde dehydrogenase	5.136E-37	1.000	1354	9	482	527	16	480	488	483	0.899	0.953
LOKIASV2_4403_ESMFold_NAD-dependent_succinate-semialdehyde_dehydrogenase	AF-A0A177TJ24-F1-model_v4	AF-A0A177TJ24-F1-model_v4 Aldedh domain-containing protein	1.521E-36	1.000	1353	12	481	527	32	492	493	480	0.892	0.935
LOKIASV2_4403_ESMFold_NAD-dependent_succinate-semialdehyde_dehydrogenase	AF-A0A4R6MDV9-F1-model_v4	AF-A0A4R6MDV9-F1-model_v4 Aldehyde dehydrogenase	2.403E-37	1.000	1351	31	498	527	2	465	468	476	0.888	0.991
LOKIASV2_4403_ESMFold_NAD-dependent_succinate-semialdehyde_dehydrogenase	AF-A0A7K7J6I3-F1-model_v4	AF-A0A7K7J6I3-F1-model_v4 AL7A1 dehydrogenase	6.950E-36	1.000	1350	13	470	527	61	516	517	469	0.869	0.882
LOKIASV2_4403_ESMFold_NAD-dependent_succinate-semialdehyde_dehydrogenase	AF-A0A1L8G8V1-F1-model_v4	AF-A0A1L8G8V1-F1-model_v4 Uncharacterized protein	2.206E-38	1.000	1350	23	475	527	50	563	564	525	0.860	0.911
LOKIASV2_4403_ESMFold_NAD-dependent_succinate-semialdehyde_dehydrogenase	AF-A0A176WFT8-F1-model_v4	AF-A0A176WFT8-F1-model_v4 Aldedh domain-containing protein	8.567E-38	1.000	1347	9	508	527	28	524	661	512	0.949	0.752
LOKIASV2_4403_ESMFold_NAD-dependent_succinate-semialdehyde_dehydrogenase	AF-A0A7Y3DY30-F1-model_v4	AF-A0A7Y3DY30-F1-model_v4 Aldehyde dehydrogenase family protein	1.643E-37	1.000	1341	13	491	527	48	509	523	496	0.909	0.883
LOKIASV2_4403_ESMFold_NAD-dependent_succinate-semialdehyde_dehydrogenase	AF-A0A850C5Q4-F1-model_v4	AF-A0A850C5Q4-F1-model_v4 Aldehyde dehydrogenase	5.176E-35	1.000	1338	8	421	527	14	421	424	417	0.786	0.962
LOKIASV2_4403_ESMFold_NAD-dependent_succinate-semialdehyde_dehydrogenase	AF-A0A7W8Z2B5-F1-model_v4	AF-A0A7W8Z2B5-F1-model_v4 Succinate-semialdehyde dehydrogenase/glutarate-semialdehyde dehydrogenase	5.298E-36	1.000	1338	9	481	527	25	487	489	482	0.898	0.947
LOKIASV2_4403_ESMFold_NAD-dependent_succinate-semialdehyde_dehydrogenase	AF-A0A6G1NQJ6-F1-model_v4	AF-A0A6G1NQJ6-F1-model_v4 Aldedh domain-containing protein	7.569E-35	1.000	1337	129	479	527	88	436	437	356	0.666	0.799
LOKIASV2_4403_ESMFold_NAD-dependent_succinate-semialdehyde_dehydrogenase	AF-A0A3P9JYS2-F1-model_v4	AF-A0A3P9JYS2-F1-model_v4 Aldedh domain-containing protein	5.298E-36	1.000	1337	9	491	527	44	525	558	492	0.917	0.864
LOKIASV2_4403_ESMFold_NAD-dependent_succinate-semialdehyde_dehydrogenase	AF-A0A4U1HME9-F1-model_v4	AF-A0A4U1HME9-F1-model_v4 Aldehyde dehydrogenase family protein	5.136E-37	1.000	1336	14	491	527	25	510	513	499	0.907	0.947
LOKIASV2_4403_ESMFold_NAD-dependent_succinate-semialdehyde_dehydrogenase	AF-A0A7S0Z3S3-F1-model_v4	AF-A0A7S0Z3S3-F1-model_v4 Hypothetical protein	1.605E-36	1.000	1335	9	475	527	82	545	553	478	0.886	0.839
LOKIASV2_4403_ESMFold_NAD-dependent_succinate-semialdehyde_dehydrogenase	AF-A0A6P1VM57-F1-model_v4	AF-A0A6P1VM57-F1-model_v4 Aldehyde dehydrogenase	8.371E-37	1.000	1333	37	501	527	5	455	456	465	0.882	0.989
LOKIASV2_4403_ESMFold_NAD-dependent_succinate-semialdehyde_dehydrogenase	AF-A0A1F9CJJ1-F1-model_v4	AF-A0A1F9CJJ1-F1-model_v4 Aldedh domain-containing protein	7.929E-37	1.000	1333	8	490	527	18	490	497	493	0.917	0.952
LOKIASV2_4403_ESMFold_NAD-dependent_succinate-semialdehyde_dehydrogenase	AF-A0A843ENV2-F1-model_v4	AF-A0A843ENV2-F1-model_v4 Aldehyde dehydrogenase family protein	6.092E-35	1.000	1331	9	423	527	11	418	419	419	0.787	0.974
LOKIASV2_4403_ESMFold_NAD-dependent_succinate-semialdehyde_dehydrogenase	AF-A0A1E4FXN9-F1-model_v4	AF-A0A1E4FXN9-F1-model_v4 Aldehyde dehydrogenase PuuC	1.533E-34	1.000	1330	9	414	527	31	436	437	412	0.770	0.929
LOKIASV2_4403_ESMFold_NAD-dependent_succinate-semialdehyde_dehydrogenase	AF-A0A0D2E1J2-F1-model_v4	AF-A0A0D2E1J2-F1-model_v4 Aldedh domain-containing protein	1.407E-35	1.000	1330	9	477	527	26	488	492	483	0.890	0.941
LOKIASV2_4403_ESMFold_NAD-dependent_succinate-semialdehyde_dehydrogenase	AF-A0A1G0HTU6-F1-model_v4	AF-A0A1G0HTU6-F1-model_v4 Aldehyde dehydrogenase	3.624E-36	1.000	1327	28	498	527	7	465	469	473	0.894	0.979
LOKIASV2_4403_ESMFold_NAD-dependent_succinate-semialdehyde_dehydrogenase	AF-A0A0G2ENH0-F1-model_v4	AF-A0A0G2ENH0-F1-model_v4 Methylmalonate-semialdehyde dehydrogenase (CoA acylating)	3.826E-36	1.000	1325	9	504	527	95	590	708	508	0.941	0.701
LOKIASV2_4403_ESMFold_NAD-dependent_succinate-semialdehyde_dehydrogenase	AF-A0A6B0CS92-F1-model_v4	AF-A0A6B0CS92-F1-model_v4 Aldehyde dehydrogenase family protein	2.784E-34	1.000	1324	20	410	527	1	384	386	394	0.742	0.995
LOKIASV2_4403_ESMFold_NAD-dependent_succinate-semialdehyde_dehydrogenase	AF-A0A2E4QEN9-F1-model_v4	AF-A0A2E4QEN9-F1-model_v4 Bifunctional protein PutA	9.116E-36	1.000	1324	9	475	527	551	1017	1032	481	0.886	0.453
LOKIASV2_4403_ESMFold_NAD-dependent_succinate-semialdehyde_dehydrogenase	AF-A0A0H5DPC6-F1-model_v4	AF-A0A0H5DPC6-F1-model_v4 N-succinylglutamate 5-semialdehyde dehydrogenase	3.826E-36	1.000	1320	13	481	527	21	480	491	481	0.890	0.937
LOKIASV2_4403_ESMFold_NAD-dependent_succinate-semialdehyde_dehydrogenase	AF-A2Z1P2-F1-model_v4	AF-A2Z1P2-F1-model_v4 Aldehyde dehydrogenase (NAD(+))	1.302E-34	1.000	1317	25	479	527	3	454	464	467	0.863	0.974
LOKIASV2_4403_ESMFold_NAD-dependent_succinate-semialdehyde_dehydrogenase	AF-A0A833MSX5-F1-model_v4	AF-A0A833MSX5-F1-model_v4 Coniferyl aldehyde dehydrogenase	5.298E-36	1.000	1315	30	501	527	2	466	467	479	0.896	0.996
LOKIASV2_4403_ESMFold_NAD-dependent_succinate-semialdehyde_dehydrogenase	AF-A0A6G1NUT5-F1-model_v4	AF-A0A6G1NUT5-F1-model_v4 Amine oxidase	1.452E-34	1.000	1313	15	434	527	690	1104	1113	424	0.797	0.373
LOKIASV2_4403_ESMFold_NAD-dependent_succinate-semialdehyde_dehydrogenase	AF-A0A829PLS1-F1-model_v4	AF-A0A829PLS1-F1-model_v4 Acetaldehyde dehydrogenase 2	1.016E-35	1.000	1310	13	434	527	66	487	512	435	0.801	0.824
LOKIASV2_4403_ESMFold_NAD-dependent_succinate-semialdehyde_dehydrogenase	AF-T0MJW8-F1-model_v4	AF-T0MJW8-F1-model_v4 Tr-type G domain-containing protein	5.681E-39	1.000	1307	12	475	527	420	923	924	520	0.880	0.545
LOKIASV2_4403_ESMFold_NAD-dependent_succinate-semialdehyde_dehydrogenase	AF-M3ABT1-F1-model_v4	AF-M3ABT1-F1-model_v4 Aldedh domain-containing protein	6.583E-36	1.000	1302	13	481	527	28	463	466	477	0.890	0.936
LOKIASV2_4403_ESMFold_NAD-dependent_succinate-semialdehyde_dehydrogenase	AF-A0A2I2F663-F1-model_v4	AF-A0A2I2F663-F1-model_v4 Methylmalonate-semialdehyde dehydrogenase (CoA acylating)	1.533E-34	1.000	1296	9	477	527	119	582	583	481	0.890	0.796
LOKIASV2_4403_ESMFold_NAD-dependent_succinate-semialdehyde_dehydrogenase	AF-A0A7H4LEZ8-F1-model_v4	AF-A0A7H4LEZ8-F1-model_v4 Genome assembly, chromosome: II	2.849E-35	1.000	1293	9	481	527	28	492	534	486	0.898	0.871
LOKIASV2_4403_ESMFold_NAD-dependent_succinate-semialdehyde_dehydrogenase	AF-A0A7J7J810-F1-model_v4	AF-A0A7J7J810-F1-model_v4 Aldedh domain-containing protein	1.196E-35	1.000	1291	8	481	527	44	525	538	501	0.899	0.896
LOKIASV2_4403_ESMFold_NAD-dependent_succinate-semialdehyde_dehydrogenase	AF-A0A3M0WEK9-F1-model_v4	AF-A0A3M0WEK9-F1-model_v4 Mitochondrial thiamine pyrophosphate carrier 1	8.115E-38	1.000	1291	9	519	527	29	517	968	526	0.970	0.505
LOKIASV2_4403_ESMFold_NAD-dependent_succinate-semialdehyde_dehydrogenase	AF-A0A7X1LFQ6-F1-model_v4	AF-A0A7X1LFQ6-F1-model_v4 Bifunctional protein PutA	2.498E-34	1.000	1280	9	475	527	560	1023	1039	480	0.886	0.447
LOKIASV2_4403_ESMFold_NAD-dependent_succinate-semialdehyde_dehydrogenase	AF-A0A3M7NAX8-F1-model_v4	AF-A0A3M7NAX8-F1-model_v4 Uncharacterized protein	1.846E-35	1.000	1279	13	491	527	33	504	715	488	0.909	0.660
LOKIASV2_4403_ESMFold_NAD-dependent_succinate-semialdehyde_dehydrogenase	AF-A0A507QM36-F1-model_v4	AF-A0A507QM36-F1-model_v4 Uncharacterized protein	5.770E-35	1.000	1277	9	477	527	428	882	882	482	0.890	0.516
LOKIASV2_4403_ESMFold_NAD-dependent_succinate-semialdehyde_dehydrogenase	AF-S3CIM3-F1-model_v4	AF-S3CIM3-F1-model_v4 Salicylaldehyde dehydrogenase	1.333E-35	1.000	1274	9	478	527	29	495	707	491	0.892	0.661
LOKIASV2_4403_ESMFold_NAD-dependent_succinate-semialdehyde_dehydrogenase	AF-A0A2S4VTX5-F1-model_v4	AF-A0A2S4VTX5-F1-model_v4 Uncharacterized protein	3.008E-35	1.000	1274	9	469	527	35	497	998	494	0.875	0.464
LOKIASV2_4403_ESMFold_NAD-dependent_succinate-semialdehyde_dehydrogenase	AF-A0A3M0ZRV9-F1-model_v4	AF-A0A3M0ZRV9-F1-model_v4 Aldehyde dehydrogenase (NAD(+))	2.784E-34	1.000	1273	7	479	527	12	488	502	493	0.898	0.950
LOKIASV2_4403_ESMFold_NAD-dependent_succinate-semialdehyde_dehydrogenase	AF-A0A2S0XS71-F1-model_v4	AF-A0A2S0XS71-F1-model_v4 Aldehyde dehydrogenase, thermostable	2.241E-34	1.000	1272	30	472	527	15	454	456	447	0.841	0.965
LOKIASV2_4403_ESMFold_NAD-dependent_succinate-semialdehyde_dehydrogenase	AF-A0A151M3F6-F1-model_v4	AF-A0A151M3F6-F1-model_v4 Aldehyde dehydrogenase family 8 member A1	1.860E-33	1.000	1272	11	413	527	22	426	475	412	0.765	0.853
LOKIASV2_4403_ESMFold_NAD-dependent_succinate-semialdehyde_dehydrogenase	AF-A0A0G2FR75-F1-model_v4	AF-A0A0G2FR75-F1-model_v4 Methylmalonate-semialdehyde dehydrogenase (CoA acylating)	2.366E-34	1.000	1271	8	481	527	50	539	778	502	0.899	0.630
LOKIASV2_4403_ESMFold_NAD-dependent_succinate-semialdehyde_dehydrogenase	AF-A0A0S7ZKW5-F1-model_v4	AF-A0A0S7ZKW5-F1-model_v4 Aldehyde dehydrogenase	6.092E-35	1.000	1270	33	501	527	3	457	458	472	0.890	0.993
LOKIASV2_4403_ESMFold_NAD-dependent_succinate-semialdehyde_dehydrogenase	AF-A0A6B3HRB8-F1-model_v4	AF-A0A6B3HRB8-F1-model_v4 Aldehyde dehydrogenase family protein	1.669E-33	1.000	1268	118	474	527	4	344	344	361	0.677	0.991
LOKIASV2_4403_ESMFold_NAD-dependent_succinate-semialdehyde_dehydrogenase	AF-A0A3R7UNP2-F1-model_v4	AF-A0A3R7UNP2-F1-model_v4 Aldehyde dehydrogenase (NAD(+))	1.081E-33	1.000	1266	13	468	527	32	488	489	469	0.865	0.935
LOKIASV2_4403_ESMFold_NAD-dependent_succinate-semialdehyde_dehydrogenase	AF-A0A2H1PNI7-F1-model_v4	AF-A0A2H1PNI7-F1-model_v4 Betaine aldehyde dehydrogenase	5.637E-34	1.000	1263	99	474	527	2	366	367	383	0.713	0.995
LOKIASV2_4403_ESMFold_NAD-dependent_succinate-semialdehyde_dehydrogenase	AF-A0A379ZK43-F1-model_v4	AF-A0A379ZK43-F1-model_v4 Succinate-semialdehyde dehydrogenase [NADP(+)] GabD	1.205E-33	1.000	1263	10	408	527	4	400	417	406	0.757	0.952
LOKIASV2_4403_ESMFold_NAD-dependent_succinate-semialdehyde_dehydrogenase	AF-A0A7K0U8Q5-F1-model_v4	AF-A0A7K0U8Q5-F1-model_v4 Aldehyde dehydrogenase family protein	1.081E-33	1.000	1262	97	475	527	4	366	367	382	0.719	0.989
LOKIASV2_4403_ESMFold_NAD-dependent_succinate-semialdehyde_dehydrogenase	AF-A0A1H3GQP1-F1-model_v4	AF-A0A1H3GQP1-F1-model_v4 Aldehyde dehydrogenase (NAD+)	4.399E-35	1.000	1262	9	481	527	15	483	521	483	0.898	0.900
LOKIASV2_4403_ESMFold_NAD-dependent_succinate-semialdehyde_dehydrogenase	AF-A0A2A9G1P5-F1-model_v4	AF-A0A2A9G1P5-F1-model_v4 Phenylacetaldehyde dehydrogenase	1.016E-35	1.000	1260	15	481	527	27	490	490	488	0.886	0.947
LOKIASV2_4403_ESMFold_NAD-dependent_succinate-semialdehyde_dehydrogenase	AF-A0A6M2BVG8-F1-model_v4	AF-A0A6M2BVG8-F1-model_v4 Bifunctional protein PutA	8.702E-34	1.000	1259	13	475	527	556	1016	1031	475	0.879	0.447
LOKIASV2_4403_ESMFold_NAD-dependent_succinate-semialdehyde_dehydrogenase	AF-A0A481PNU6-F1-model_v4	AF-A0A481PNU6-F1-model_v4 Aldehyde dehydrogenase family protein	4.264E-36	1.000	1257	33	523	527	8	487	637	498	0.932	0.754
LOKIASV2_4403_ESMFold_NAD-dependent_succinate-semialdehyde_dehydrogenase	AF-A0A1F7FCR6-F1-model_v4	AF-A0A1F7FCR6-F1-model_v4 Aldehyde dehydrogenase	2.010E-34	1.000	1256	35	501	527	2	454	455	471	0.886	0.996
LOKIASV2_4403_ESMFold_NAD-dependent_succinate-semialdehyde_dehydrogenase	AF-A0A8B2EXJ4-F1-model_v4	AF-A0A8B2EXJ4-F1-model_v4 Aldehyde dehydrogenase family protein	3.946E-35	1.000	1254	35	501	527	2	461	462	474	0.886	0.996
LOKIASV2_4403_ESMFold_NAD-dependent_succinate-semialdehyde_dehydrogenase	AF-A0A165NRN3-F1-model_v4	AF-A0A165NRN3-F1-model_v4 Aldehyde dehydrogenase	3.176E-35	1.000	1254	37	501	527	2	467	468	477	0.882	0.996
LOKIASV2_4403_ESMFold_NAD-dependent_succinate-semialdehyde_dehydrogenase	AF-A0A163LPW4-F1-model_v4	AF-A0A163LPW4-F1-model_v4 Aldedh domain-containing protein	2.637E-34	1.000	1254	13	458	527	26	462	471	456	0.846	0.928
LOKIASV2_4403_ESMFold_NAD-dependent_succinate-semialdehyde_dehydrogenase	AF-A0A6N2D5M1-F1-model_v4	AF-A0A6N2D5M1-F1-model_v4 Aldehyde dehydrogenase family protein	1.343E-33	1.000	1251	13	482	527	27	492	496	482	0.892	0.940
LOKIASV2_4403_ESMFold_NAD-dependent_succinate-semialdehyde_dehydrogenase	AF-A0A2D7P2L1-F1-model_v4	AF-A0A2D7P2L1-F1-model_v4 Bifunctional protein PutA	1.762E-33	1.000	1251	9	475	527	553	1020	1034	479	0.886	0.453
LOKIASV2_4403_ESMFold_NAD-dependent_succinate-semialdehyde_dehydrogenase	AF-A0A178GWE4-F1-model_v4	AF-A0A178GWE4-F1-model_v4 Bifunctional protein PutA	2.311E-33	1.000	1251	9	483	527	563	1040	1046	486	0.901	0.457
LOKIASV2_4403_ESMFold_NAD-dependent_succinate-semialdehyde_dehydrogenase	AF-H5TUM9-F1-model_v4	AF-H5TUM9-F1-model_v4 Putative aldehyde dehydrogenase	3.201E-33	1.000	1247	13	402	527	21	414	586	402	0.740	0.672
LOKIASV2_4403_ESMFold_NAD-dependent_succinate-semialdehyde_dehydrogenase	AF-A0A7J0DGE6-F1-model_v4	AF-A0A7J0DGE6-F1-model_v4 Methylmalonate-semialdehyde dehydrogenase (CoA acylating)	5.058E-34	1.000	1247	9	481	527	420	908	922	501	0.898	0.530
LOKIASV2_4403_ESMFold_NAD-dependent_succinate-semialdehyde_dehydrogenase	AF-A0A2N5WYJ2-F1-model_v4	AF-A0A2N5WYJ2-F1-model_v4 Aldehyde dehydrogenase	2.172E-35	1.000	1246	33	495	527	11	473	482	474	0.879	0.961
LOKIASV2_4403_ESMFold_NAD-dependent_succinate-semialdehyde_dehydrogenase	AF-A0A2M9AAK7-F1-model_v4	AF-A0A2M9AAK7-F1-model_v4 Aldehyde dehydrogenase	2.784E-34	1.000	1243	39	498	527	4	447	451	467	0.873	0.984
LOKIASV2_4403_ESMFold_NAD-dependent_succinate-semialdehyde_dehydrogenase	AF-S7RFC3-F1-model_v4	AF-S7RFC3-F1-model_v4 Aldehyde dehydrogenase	1.107E-34	1.000	1242	28	501	527	1	466	473	482	0.899	0.985
LOKIASV2_4403_ESMFold_NAD-dependent_succinate-semialdehyde_dehydrogenase	AF-A0A1S3J988-F1-model_v4	AF-A0A1S3J988-F1-model_v4 Aldehyde dehydrogenase	1.048E-34	1.000	1240	38	498	527	8	458	472	467	0.875	0.956
LOKIASV2_4403_ESMFold_NAD-dependent_succinate-semialdehyde_dehydrogenase	AF-A0A4Y6KX26-F1-model_v4	AF-A0A4Y6KX26-F1-model_v4 Aldehyde dehydrogenase (NAD(+))	1.001E-32	1.000	1240	14	479	527	152	618	633	481	0.884	0.738
LOKIASV2_4403_ESMFold_NAD-dependent_succinate-semialdehyde_dehydrogenase	AF-M5UN66-F1-model_v4	AF-M5UN66-F1-model_v4 Succinate-semialdehyde dehydrogenase (NADP+)	1.497E-33	1.000	1238	9	417	527	16	420	423	417	0.776	0.957
LOKIASV2_4403_ESMFold_NAD-dependent_succinate-semialdehyde_dehydrogenase	AF-A0A6M2CN53-F1-model_v4	AF-A0A6M2CN53-F1-model_v4 Probable methylmalonate-semialdehyde dehydrogenase [acylating], mitochondrial	5.815E-33	1.000	1238	8	434	527	43	464	481	433	0.810	0.877
LOKIASV2_4403_ESMFold_NAD-dependent_succinate-semialdehyde_dehydrogenase	AF-A0A534LMX3-F1-model_v4	AF-A0A534LMX3-F1-model_v4 Aldehyde dehydrogenase family protein	4.790E-34	1.000	1237	10	450	527	142	583	584	459	0.837	0.757
LOKIASV2_4403_ESMFold_NAD-dependent_succinate-semialdehyde_dehydrogenase	AF-A0A1C7M4V2-F1-model_v4	AF-A0A1C7M4V2-F1-model_v4 Aldehyde dehydrogenase	1.048E-34	1.000	1237	8	481	527	32	737	760	725	0.899	0.929
LOKIASV2_4403_ESMFold_NAD-dependent_succinate-semialdehyde_dehydrogenase	AF-A0A1Q8JNN2-F1-model_v4	AF-A0A1Q8JNN2-F1-model_v4 Aldehyde dehydrogenase	1.818E-32	1.000	1236	13	425	527	35	442	442	419	0.784	0.923
LOKIASV2_4403_ESMFold_NAD-dependent_succinate-semialdehyde_dehydrogenase	AF-A0A519MEX4-F1-model_v4	AF-A0A519MEX4-F1-model_v4 Aldehyde dehydrogenase (NAD(+))	2.311E-33	1.000	1236	14	477	527	33	501	501	486	0.880	0.936
LOKIASV2_4403_ESMFold_NAD-dependent_succinate-semialdehyde_dehydrogenase	AF-A0A553PFT3-F1-model_v4	AF-A0A553PFT3-F1-model_v4 PX domain-containing protein	1.064E-37	1.000	1236	49	505	527	2	466	544	499	0.867	0.855
LOKIASV2_4403_ESMFold_NAD-dependent_succinate-semialdehyde_dehydrogenase	AF-A0A838QVV9-F1-model_v4	AF-A0A838QVV9-F1-model_v4 CoA-acylating methylmalonate-semialdehyde dehydrogenase	5.508E-33	1.000	1235	65	490	527	2	419	428	432	0.808	0.977
LOKIASV2_4403_ESMFold_NAD-dependent_succinate-semialdehyde_dehydrogenase	AF-S7RDU6-F1-model_v4	AF-S7RDU6-F1-model_v4 Aldehyde dehydrogenase	7.004E-34	1.000	1235	28	500	527	2	465	484	480	0.898	0.959
LOKIASV2_4403_ESMFold_NAD-dependent_succinate-semialdehyde_dehydrogenase	AF-A0A7V7TZX1-F1-model_v4	AF-A0A7V7TZX1-F1-model_v4 Bifunctional protein PutA	7.628E-33	1.000	1234	12	475	527	550	1013	1029	476	0.880	0.451
LOKIASV2_4403_ESMFold_NAD-dependent_succinate-semialdehyde_dehydrogenase	AF-A0A7W9PL64-F1-model_v4	AF-A0A7W9PL64-F1-model_v4 Acyl-CoA reductase-like NAD-dependent aldehyde dehydrogenase	5.217E-33	1.000	1230	98	477	527	5	384	384	391	0.721	0.990
LOKIASV2_4403_ESMFold_NAD-dependent_succinate-semialdehyde_dehydrogenase	AF-A0A258K6W3-F1-model_v4	AF-A0A258K6W3-F1-model_v4 Aldehyde dehydrogenase family protein	5.217E-33	1.000	1230	45	479	527	2	437	449	451	0.825	0.971
LOKIASV2_4403_ESMFold_NAD-dependent_succinate-semialdehyde_dehydrogenase	AF-A0A254RQ42-F1-model_v4	AF-A0A254RQ42-F1-model_v4 Aldehyde dehydrogenase	3.276E-34	1.000	1230	37	493	527	5	459	476	469	0.867	0.956
LOKIASV2_4403_ESMFold_NAD-dependent_succinate-semialdehyde_dehydrogenase	AF-R5Q269-F1-model_v4	AF-R5Q269-F1-model_v4 Piperideine-6-carboxylate dehydrogenase	7.225E-33	1.000	1225	14	478	527	24	487	487	482	0.882	0.953
LOKIASV2_4403_ESMFold_NAD-dependent_succinate-semialdehyde_dehydrogenase	AF-A0A418V6Y5-F1-model_v4	AF-A0A418V6Y5-F1-model_v4 Aldehyde dehydrogenase	2.074E-33	1.000	1222	28	498	527	1	468	474	484	0.894	0.987
LOKIASV2_4403_ESMFold_NAD-dependent_succinate-semialdehyde_dehydrogenase	AF-A0A4W5NEV7-F1-model_v4	AF-A0A4W5NEV7-F1-model_v4 Aldehyde dehydrogenase 5 family, member A1 (succinate-semialdehyde dehydrogenase)	1.762E-33	1.000	1217	11	476	527	49	464	467	473	0.884	0.891
LOKIASV2_4403_ESMFold_NAD-dependent_succinate-semialdehyde_dehydrogenase	AF-A0A7J6YLT2-F1-model_v4	AF-A0A7J6YLT2-F1-model_v4 Aldedh domain-containing protein	2.258E-32	1.000	1214	13	410	527	286	679	697	405	0.755	0.565
LOKIASV2_4403_ESMFold_NAD-dependent_succinate-semialdehyde_dehydrogenase	AF-A0A2D6TR70-F1-model_v4	AF-A0A2D6TR70-F1-model_v4 Bifunctional protein PutA	1.312E-32	1.000	1214	13	475	527	559	1023	1036	478	0.879	0.449
LOKIASV2_4403_ESMFold_NAD-dependent_succinate-semialdehyde_dehydrogenase	AF-A0A3E2TG96-F1-model_v4	AF-A0A3E2TG96-F1-model_v4 Aldehyde dehydrogenase	2.939E-34	1.000	1213	36	500	527	3	454	455	471	0.882	0.993
LOKIASV2_4403_ESMFold_NAD-dependent_succinate-semialdehyde_dehydrogenase	AF-A0A6P7DRR2-F1-model_v4	AF-A0A6P7DRR2-F1-model_v4 Multifunctional fusion protein	7.395E-34	1.000	1210	10	490	527	75	563	563	500	0.913	0.869
LOKIASV2_4403_ESMFold_NAD-dependent_succinate-semialdehyde_dehydrogenase	AF-A0A7R9Q8J0-F1-model_v4	AF-A0A7R9Q8J0-F1-model_v4 Hypothetical protein	4.433E-33	1.000	1210	116	475	527	4	357	726	372	0.683	0.488
LOKIASV2_4403_ESMFold_NAD-dependent_succinate-semialdehyde_dehydrogenase	AF-A0A366H1P8-F1-model_v4	AF-A0A366H1P8-F1-model_v4 Aldehyde dehydrogenase	7.395E-34	1.000	1209	62	501	527	2	430	433	444	0.835	0.991
LOKIASV2_4403_ESMFold_NAD-dependent_succinate-semialdehyde_dehydrogenase	AF-A0A7Y2TWU5-F1-model_v4	AF-A0A7Y2TWU5-F1-model_v4 NAD-dependent succinate-semialdehyde dehydrogenase	3.681E-32	1.000	1207	116	475	527	4	357	358	367	0.683	0.989
LOKIASV2_4403_ESMFold_NAD-dependent_succinate-semialdehyde_dehydrogenase	AF-A0A2H5P767-F1-model_v4	AF-A0A2H5P767-F1-model_v4 Aldehyde dehydrogenase	1.205E-33	1.000	1207	31	520	527	47	521	526	493	0.930	0.903
LOKIASV2_4403_ESMFold_NAD-dependent_succinate-semialdehyde_dehydrogenase	AF-A0A3T0Y0Q8-F1-model_v4	AF-A0A3T0Y0Q8-F1-model_v4 Aldehyde dehydrogenase	7.628E-33	1.000	1205	31	500	527	1	454	455	472	0.892	0.998
LOKIASV2_4403_ESMFold_NAD-dependent_succinate-semialdehyde_dehydrogenase	AF-A0A640WHC2-F1-model_v4	AF-A0A640WHC2-F1-model_v4 Aldehyde dehydrogenase	1.312E-32	1.000	1203	33	475	527	4	438	439	444	0.841	0.991
LOKIASV2_4403_ESMFold_NAD-dependent_succinate-semialdehyde_dehydrogenase	AF-A0A7X7DZI0-F1-model_v4	AF-A0A7X7DZI0-F1-model_v4 Aldehyde dehydrogenase	1.762E-33	1.000	1203	34	503	527	2	461	464	474	0.892	0.991
LOKIASV2_4403_ESMFold_NAD-dependent_succinate-semialdehyde_dehydrogenase	AF-A0A4Q3X093-F1-model_v4	AF-A0A4Q3X093-F1-model_v4 Aldehyde dehydrogenase family protein	7.868E-32	1.000	1200	63	466	527	2	396	396	406	0.767	0.997
LOKIASV2_4403_ESMFold_NAD-dependent_succinate-semialdehyde_dehydrogenase	AF-A0A2G8KT47-F1-model_v4	AF-A0A2G8KT47-F1-model_v4 Aldedh domain-containing protein	3.103E-34	1.000	1198	47	481	527	6	441	548	464	0.825	0.796
LOKIASV2_4403_ESMFold_NAD-dependent_succinate-semialdehyde_dehydrogenase	AF-A0A6J3B2E0-F1-model_v4	AF-A0A6J3B2E0-F1-model_v4 Multifunctional fusion protein	1.762E-33	1.000	1195	9	490	527	128	617	617	503	0.915	0.794
LOKIASV2_4403_ESMFold_NAD-dependent_succinate-semialdehyde_dehydrogenase	AF-A0A366RAV1-F1-model_v4	AF-A0A366RAV1-F1-model_v4 Aldedh domain-containing protein	8.502E-33	1.000	1192	25	476	527	22	461	461	469	0.858	0.954
LOKIASV2_4403_ESMFold_NAD-dependent_succinate-semialdehyde_dehydrogenase	AF-A0A352IZY9-F1-model_v4	AF-A0A352IZY9-F1-model_v4 Benzaldehyde dehydrogenase	1.919E-32	1.000	1188	97	481	527	3	374	376	391	0.731	0.989
LOKIASV2_4403_ESMFold_NAD-dependent_succinate-semialdehyde_dehydrogenase	AF-A9CXR2-F1-model_v4	AF-A9CXR2-F1-model_v4 Aldehyde dehydrogenase	4.331E-32	1.000	1184	30	432	527	25	430	431	415	0.765	0.942
LOKIASV2_4403_ESMFold_NAD-dependent_succinate-semialdehyde_dehydrogenase	AF-A0A4Q3CCN2-F1-model_v4	AF-A0A4Q3CCN2-F1-model_v4 Aldehyde dehydrogenase family protein	3.302E-32	1.000	1182	50	454	527	6	404	413	414	0.769	0.966
LOKIASV2_4403_ESMFold_NAD-dependent_succinate-semialdehyde_dehydrogenase	AF-A6QQT4-F1-model_v4	AF-A6QQT4-F1-model_v4 Aldehyde dehydrogenase	3.856E-34	1.000	1182	37	521	527	2	484	485	501	0.920	0.996
LOKIASV2_4403_ESMFold_NAD-dependent_succinate-semialdehyde_dehydrogenase	AF-X6NRR2-F1-model_v4	AF-X6NRR2-F1-model_v4 Betaine aldehyde dehydrogenase	2.498E-34	1.000	1182	10	491	527	45	540	546	520	0.915	0.908
LOKIASV2_4403_ESMFold_NAD-dependent_succinate-semialdehyde_dehydrogenase	AF-A0A2T4HYR9-F1-model_v4	AF-A0A2T4HYR9-F1-model_v4 Aldehyde dehydrogenase	1.964E-33	1.000	1181	38	501	527	15	471	473	478	0.880	0.966
LOKIASV2_4403_ESMFold_NAD-dependent_succinate-semialdehyde_dehydrogenase	AF-A0A5P1DVB6-F1-model_v4	AF-A0A5P1DVB6-F1-model_v4 Aldehyde dehydrogenase family protein	1.386E-32	1.000	1179	9	481	527	16	483	483	483	0.898	0.969
LOKIASV2_4403_ESMFold_NAD-dependent_succinate-semialdehyde_dehydrogenase	AF-A0EEH1-F1-model_v4	AF-A0EEH1-F1-model_v4 Aldehyde dehydrogenase	9.928E-35	1.000	1178	30	524	527	5	501	519	514	0.939	0.958
LOKIASV2_4403_ESMFold_NAD-dependent_succinate-semialdehyde_dehydrogenase	AF-A0A845M1V6-F1-model_v4	AF-A0A845M1V6-F1-model_v4 Aldehyde dehydrogenase family protein	4.232E-31	1.000	1174	13	419	527	13	416	419	415	0.772	0.964
LOKIASV2_4403_ESMFold_NAD-dependent_succinate-semialdehyde_dehydrogenase	AF-A0A350BC59-F1-model_v4	AF-A0A350BC59-F1-model_v4 Aldehyde dehydrogenase	2.806E-32	1.000	1171	36	501	527	3	455	456	468	0.884	0.993
LOKIASV2_4403_ESMFold_NAD-dependent_succinate-semialdehyde_dehydrogenase	AF-A0A4U9HH61-F1-model_v4	AF-A0A4U9HH61-F1-model_v4 Succinate-semialdehyde dehydrogenase [NADP(+)] GabD	9.047E-31	1.000	1170	12	389	527	26	397	397	381	0.717	0.937
LOKIASV2_4403_ESMFold_NAD-dependent_succinate-semialdehyde_dehydrogenase	AF-A0A1Q9PA36-F1-model_v4	AF-A0A1Q9PA36-F1-model_v4 Lactaldehyde dehydrogenase	9.477E-33	1.000	1168	24	476	527	90	552	552	479	0.860	0.839
LOKIASV2_4403_ESMFold_NAD-dependent_succinate-semialdehyde_dehydrogenase	AF-A0A2R8PEI5-F1-model_v4	AF-A0A2R8PEI5-F1-model_v4 Aldehyde dehydrogenase 3 family member B1	7.225E-33	1.000	1164	36	497	527	158	608	622	468	0.877	0.725
LOKIASV2_4403_ESMFold_NAD-dependent_succinate-semialdehyde_dehydrogenase	AF-A0A653EFN1-F1-model_v4	AF-A0A653EFN1-F1-model_v4 NAD/NADP-dependent betaine aldehyde dehydrogenase	6.686E-32	1.000	1163	110	481	527	2	369	369	380	0.706	0.997
LOKIASV2_4403_ESMFold_NAD-dependent_succinate-semialdehyde_dehydrogenase	AF-A0A6J5K481-F1-model_v4	AF-A0A6J5K481-F1-model_v4 Betaine aldehyde dehydrogenase	1.386E-32	1.000	1161	63	481	527	2	401	401	428	0.795	0.998
LOKIASV2_4403_ESMFold_NAD-dependent_succinate-semialdehyde_dehydrogenase	AF-A0A452CBT1-F1-model_v4	AF-A0A452CBT1-F1-model_v4 fatty aldehyde dehydrogenase isoform X1	2.258E-32	1.000	1161	37	481	527	2	439	523	451	0.844	0.837
LOKIASV2_4403_ESMFold_NAD-dependent_succinate-semialdehyde_dehydrogenase	AF-A0A5D0NR84-F1-model_v4	AF-A0A5D0NR84-F1-model_v4 L-glutamate gamma-semialdehyde dehydrogenase	5.097E-32	1.000	1161	9	490	527	54	543	543	501	0.915	0.902
LOKIASV2_4403_ESMFold_NAD-dependent_succinate-semialdehyde_dehydrogenase	AF-A0A0J8RWV1-F1-model_v4	AF-A0A0J8RWV1-F1-model_v4 Salicylaldehyde dehydrogenase	8.702E-34	1.000	1160	10	477	527	17	473	473	485	0.888	0.966
LOKIASV2_4403_ESMFold_NAD-dependent_succinate-semialdehyde_dehydrogenase	AF-A0A1Y2CSS9-F1-model_v4	AF-A0A1Y2CSS9-F1-model_v4 Aldehyde dehydrogenase	2.074E-33	1.000	1159	28	525	527	2	506	526	521	0.945	0.960
LOKIASV2_4403_ESMFold_NAD-dependent_succinate-semialdehyde_dehydrogenase	AF-A0A840DDA8-F1-model_v4	AF-A0A840DDA8-F1-model_v4 Aldehyde dehydrogenase (NAD+)	1.081E-33	1.000	1158	58	519	527	4	456	462	478	0.877	0.981
LOKIASV2_4403_ESMFold_NAD-dependent_succinate-semialdehyde_dehydrogenase	AF-A0A2I0LYR0-F1-model_v4	AF-A0A2I0LYR0-F1-model_v4 Aldehyde dehydrogenase	2.074E-33	1.000	1157	34	520	527	2	484	487	500	0.924	0.992
LOKIASV2_4403_ESMFold_NAD-dependent_succinate-semialdehyde_dehydrogenase	AF-A0A1F9GIR5-F1-model_v4	AF-A0A1F9GIR5-F1-model_v4 Aldedh domain-containing protein	1.215E-31	1.000	1157	9	475	527	53	520	522	485	0.886	0.897
LOKIASV2_4403_ESMFold_NAD-dependent_succinate-semialdehyde_dehydrogenase	AF-A0A834BGP3-F1-model_v4	AF-A0A834BGP3-F1-model_v4 Aldehyde dehydrogenase 6 family member A1	1.776E-31	1.000	1154	37	481	527	2	442	476	463	0.844	0.926
LOKIASV2_4403_ESMFold_NAD-dependent_succinate-semialdehyde_dehydrogenase	AF-A0A0H5QGD3-F1-model_v4	AF-A0A0H5QGD3-F1-model_v4 Aldehyde dehydrogenase	2.720E-33	1.000	1152	31	521	527	2	494	495	512	0.932	0.996
LOKIASV2_4403_ESMFold_NAD-dependent_succinate-semialdehyde_dehydrogenase	AF-A0A2T5X8K3-F1-model_v4	AF-A0A2T5X8K3-F1-model_v4 Aldehyde dehydrogenase (NAD+)	2.459E-31	1.000	1152	30	474	527	202	646	648	461	0.844	0.687
LOKIASV2_4403_ESMFold_NAD-dependent_succinate-semialdehyde_dehydrogenase	AF-A0A6A5UWG7-F1-model_v4	AF-A0A6A5UWG7-F1-model_v4 Acetaldehyde dehydrogenase	2.403E-30	1.000	1151	129	475	527	4	352	353	354	0.658	0.989
LOKIASV2_4403_ESMFold_NAD-dependent_succinate-semialdehyde_dehydrogenase	AF-L8GT08-F1-model_v4	AF-L8GT08-F1-model_v4 Multifunctional fusion protein	3.032E-33	1.000	1151	10	488	527	64	564	570	513	0.909	0.879
LOKIASV2_4403_ESMFold_NAD-dependent_succinate-semialdehyde_dehydrogenase	AF-A0A0D2XY20-F1-model_v4	AF-A0A0D2XY20-F1-model_v4 Aldedh domain-containing protein	7.453E-32	1.000	1150	115	475	527	68	432	434	378	0.685	0.841
LOKIASV2_4403_ESMFold_NAD-dependent_succinate-semialdehyde_dehydrogenase	AF-A0A5C8X3K7-F1-model_v4	AF-A0A5C8X3K7-F1-model_v4 Aldehyde dehydrogenase family protein	1.557E-30	1.000	1148	74	434	527	2	360	360	367	0.685	0.997
LOKIASV2_4403_ESMFold_NAD-dependent_succinate-semialdehyde_dehydrogenase	AF-F4RTS8-F1-model_v4	AF-F4RTS8-F1-model_v4 Aldehyde dehydrogenase	1.581E-33	1.000	1145	30	504	527	12	495	513	498	0.901	0.943
LOKIASV2_4403_ESMFold_NAD-dependent_succinate-semialdehyde_dehydrogenase	AF-A0A6V7H658-F1-model_v4	AF-A0A6V7H658-F1-model_v4 Multifunctional fusion protein	1.722E-32	1.000	1145	9	506	527	62	562	647	517	0.945	0.774
LOKIASV2_4403_ESMFold_NAD-dependent_succinate-semialdehyde_dehydrogenase	AF-A0A3L6DZX4-F1-model_v4	AF-A0A3L6DZX4-F1-model_v4 Methylmalonate-semialdehyde dehydrogenase (CoA acylating)	2.139E-32	1.000	1145	11	481	527	703	1167	1179	490	0.894	0.394
LOKIASV2_4403_ESMFold_NAD-dependent_succinate-semialdehyde_dehydrogenase	AF-A0A4Q4D1L5-F1-model_v4	AF-A0A4Q4D1L5-F1-model_v4 Aldehyde dehydrogenase family protein	5.258E-31	1.000	1143	135	472	527	2	337	342	346	0.641	0.982
LOKIASV2_4403_ESMFold_NAD-dependent_succinate-semialdehyde_dehydrogenase	AF-A0A841NAI1-F1-model_v4	AF-A0A841NAI1-F1-model_v4 Aldehyde dehydrogenase (NAD+)	5.258E-31	1.000	1143	33	476	527	6	439	439	450	0.843	0.989
LOKIASV2_4403_ESMFold_NAD-dependent_succinate-semialdehyde_dehydrogenase	AF-A0A0L0T152-F1-model_v4	AF-A0A0L0T152-F1-model_v4 Aldehyde dehydrogenase	1.497E-33	1.000	1141	29	500	527	38	547	553	519	0.896	0.922
LOKIASV2_4403_ESMFold_NAD-dependent_succinate-semialdehyde_dehydrogenase	AF-A0A0L0DVD5-F1-model_v4	AF-A0A0L0DVD5-F1-model_v4 Aldehyde dehydrogenase	2.189E-33	1.000	1139	7	504	527	37	523	523	505	0.945	0.931
LOKIASV2_4403_ESMFold_NAD-dependent_succinate-semialdehyde_dehydrogenase	AF-A0A5N5TJM8-F1-model_v4	AF-A0A5N5TJM8-F1-model_v4 Aldehyde dehydrogenase (NAD(+))	2.741E-31	1.000	1138	53	481	527	1	419	427	439	0.814	0.981
LOKIASV2_4403_ESMFold_NAD-dependent_succinate-semialdehyde_dehydrogenase	AF-A0A840VP86-F1-model_v4	AF-A0A840VP86-F1-model_v4 Coniferyl-aldehyde dehydrogenase	7.453E-32	1.000	1138	33	501	527	9	474	477	479	0.890	0.977
LOKIASV2_4403_ESMFold_NAD-dependent_succinate-semialdehyde_dehydrogenase	AF-A0A671MDC9-F1-model_v4	AF-A0A671MDC9-F1-model_v4 Aldehyde dehydrogenase family 4 member A1	1.115E-32	1.000	1133	10	481	527	289	773	780	504	0.896	0.622
LOKIASV2_4403_ESMFold_NAD-dependent_succinate-semialdehyde_dehydrogenase	AF-A0A7W1U3M2-F1-model_v4	AF-A0A7W1U3M2-F1-model_v4 Aldehyde dehydrogenase family protein	6.533E-31	1.000	1130	38	523	527	3	403	404	493	0.922	0.993
LOKIASV2_4403_ESMFold_NAD-dependent_succinate-semialdehyde_dehydrogenase	AF-A0A7K2YNS7-F1-model_v4	AF-A0A7K2YNS7-F1-model_v4 Aldehyde dehydrogenase family protein	6.045E-30	1.000	1129	136	468	527	1	331	340	341	0.632	0.974
LOKIASV2_4403_ESMFold_NAD-dependent_succinate-semialdehyde_dehydrogenase	AF-A0A553Q8V5-F1-model_v4	AF-A0A553Q8V5-F1-model_v4 Uncharacterized protein	2.658E-32	1.000	1129	9	472	527	51	469	476	469	0.880	0.880
LOKIASV2_4403_ESMFold_NAD-dependent_succinate-semialdehyde_dehydrogenase	AF-A0A2D4BK01-F1-model_v4	AF-A0A2D4BK01-F1-model_v4 Succinate semialdehyde dehydrogenase, mitochondrial	7.628E-33	1.000	1128	10	479	527	305	732	732	481	0.892	0.585
LOKIASV2_4403_ESMFold_NAD-dependent_succinate-semialdehyde_dehydrogenase	AF-A0A2Z6N342-F1-model_v4	AF-A0A2Z6N342-F1-model_v4 Uncharacterized protein	4.008E-31	1.000	1127	64	480	527	3	366	368	422	0.791	0.989
LOKIASV2_4403_ESMFold_NAD-dependent_succinate-semialdehyde_dehydrogenase	AF-A0A817GUK7-F1-model_v4	AF-A0A817GUK7-F1-model_v4 Hypothetical protein	6.139E-33	1.000	1127	30	525	527	3	496	635	511	0.941	0.778
LOKIASV2_4403_ESMFold_NAD-dependent_succinate-semialdehyde_dehydrogenase	AF-A0A1Y1WPQ6-F1-model_v4	AF-A0A1Y1WPQ6-F1-model_v4 Aldehyde dehydrogenase	4.102E-32	1.000	1125	9	475	527	13	484	502	489	0.886	0.940
LOKIASV2_4403_ESMFold_NAD-dependent_succinate-semialdehyde_dehydrogenase	AF-A0A4D5RZH7-F1-model_v4	AF-A0A4D5RZH7-F1-model_v4 Putative aldehyde dehydrogenase	2.311E-33	1.000	1125	38	527	527	98	593	593	512	0.930	0.836
LOKIASV2_4403_ESMFold_NAD-dependent_succinate-semialdehyde_dehydrogenase	AF-A0A1V6SA99-F1-model_v4	AF-A0A1V6SA99-F1-model_v4 Uncharacterized protein	7.059E-32	1.000	1122	13	481	527	4	436	440	482	0.890	0.984
LOKIASV2_4403_ESMFold_NAD-dependent_succinate-semialdehyde_dehydrogenase	AF-A0A7Y4YWC6-F1-model_v4	AF-A0A7Y4YWC6-F1-model_v4 Aldehyde dehydrogenase	4.468E-31	1.000	1122	34	499	527	4	463	469	470	0.884	0.981
LOKIASV2_4403_ESMFold_NAD-dependent_succinate-semialdehyde_dehydrogenase	AF-A0A6G0V5C5-F1-model_v4	AF-A0A6G0V5C5-F1-model_v4 Uncharacterized protein	7.225E-33	1.000	1120	38	519	527	6	493	1252	502	0.915	0.390
LOKIASV2_4403_ESMFold_NAD-dependent_succinate-semialdehyde_dehydrogenase	AF-A0A7K4ICM7-F1-model_v4	AF-A0A7K4ICM7-F1-model_v4 Aldehyde dehydrogenase family protein	7.868E-32	1.000	1110	24	481	527	88	555	555	488	0.869	0.843
LOKIASV2_4403_ESMFold_NAD-dependent_succinate-semialdehyde_dehydrogenase	AF-R0I7I0-F1-model_v4	AF-R0I7I0-F1-model_v4 Methylmalonate-semialdehyde dehydrogenase (CoA acylating)	2.597E-31	1.000	1110	11	481	527	75	549	561	504	0.894	0.847
LOKIASV2_4403_ESMFold_NAD-dependent_succinate-semialdehyde_dehydrogenase	AF-A0A1Q2CQQ7-F1-model_v4	AF-A0A1Q2CQQ7-F1-model_v4 Aldedh domain-containing protein	7.114E-30	1.000	1109	7	423	527	15	426	466	422	0.791	0.884
LOKIASV2_4403_ESMFold_NAD-dependent_succinate-semialdehyde_dehydrogenase	AF-A0A094KS90-F1-model_v4	AF-A0A094KS90-F1-model_v4 Retinal dehydrogenase 1	2.479E-29	1.000	1105	77	430	527	2	350	351	357	0.672	0.994
LOKIASV2_4403_ESMFold_NAD-dependent_succinate-semialdehyde_dehydrogenase	AF-A0A0Q8XEB2-F1-model_v4	AF-A0A0Q8XEB2-F1-model_v4 Aldedh domain-containing protein	4.468E-31	1.000	1103	8	477	527	17	484	485	486	0.892	0.965
LOKIASV2_4403_ESMFold_NAD-dependent_succinate-semialdehyde_dehydrogenase	AF-A0A3E2HM80-F1-model_v4	AF-A0A3E2HM80-F1-model_v4 L-glutamate gamma-semialdehyde dehydrogenase	5.998E-32	1.000	1102	8	522	527	87	641	831	566	0.977	0.668
LOKIASV2_4403_ESMFold_NAD-dependent_succinate-semialdehyde_dehydrogenase	AF-A0A5C3KFW4-F1-model_v4	AF-A0A5C3KFW4-F1-model_v4 Aldehyde dehydrogenase	1.292E-29	1.000	1100	70	479	527	2	367	368	416	0.778	0.995
LOKIASV2_4403_ESMFold_NAD-dependent_succinate-semialdehyde_dehydrogenase	AF-A0A7V8Y9I9-F1-model_v4	AF-A0A7V8Y9I9-F1-model_v4 Aldehyde dehydrogenase family protein	5.299E-29	1.000	1100	11	414	527	48	451	452	411	0.767	0.894
LOKIASV2_4403_ESMFold_NAD-dependent_succinate-semialdehyde_dehydrogenase	AF-D8H170-F1-model_v4	AF-D8H170-F1-model_v4 Aldehyde dehydrogenase, C-terminal domain protein	4.503E-29	1.000	1097	160	477	527	8	322	322	319	0.603	0.978
LOKIASV2_4403_ESMFold_NAD-dependent_succinate-semialdehyde_dehydrogenase	AF-A0A534Y9C7-F1-model_v4	AF-A0A534Y9C7-F1-model_v4 Aldehyde dehydrogenase family protein	5.019E-29	1.000	1094	12	434	527	3	389	389	429	0.803	0.995
LOKIASV2_4403_ESMFold_NAD-dependent_succinate-semialdehyde_dehydrogenase	AF-A0A0C2MDR3-F1-model_v4	AF-A0A0C2MDR3-F1-model_v4 Aldehyde dehydrogenase	1.354E-31	1.000	1093	35	515	527	6	478	479	494	0.913	0.987
LOKIASV2_4403_ESMFold_NAD-dependent_succinate-semialdehyde_dehydrogenase	AF-A0A857DF27-F1-model_v4	AF-A0A857DF27-F1-model_v4 Aldehyde dehydrogenase family protein	6.897E-31	1.000	1092	55	498	527	5	429	434	447	0.843	0.979
LOKIASV2_4403_ESMFold_NAD-dependent_succinate-semialdehyde_dehydrogenase	AF-A0A0F7UBE0-F1-model_v4	AF-A0A0F7UBE0-F1-model_v4 NADP-dependent succinate-semialdehyde dehydrogenase	8.116E-31	1.000	1086	81	477	527	2	422	423	435	0.753	0.995
LOKIASV2_4403_ESMFold_NAD-dependent_succinate-semialdehyde_dehydrogenase	AF-A0A6A4JFS5-F1-model_v4	AF-A0A6A4JFS5-F1-model_v4 Aldedh domain-containing protein	9.626E-29	1.000	1085	167	481	527	2	311	312	316	0.598	0.994
LOKIASV2_4403_ESMFold_NAD-dependent_succinate-semialdehyde_dehydrogenase	AF-A0A6A4SMR8-F1-model_v4	AF-A0A6A4SMR8-F1-model_v4 Aldedh domain-containing protein	8.770E-32	1.000	1085	13	435	527	64	437	443	426	0.803	0.844
LOKIASV2_4403_ESMFold_NAD-dependent_succinate-semialdehyde_dehydrogenase	AF-A0A0L0CQG4-F1-model_v4	AF-A0A0L0CQG4-F1-model_v4 Aldedh domain-containing protein	4.232E-31	1.000	1082	9	491	527	58	550	552	508	0.917	0.893
LOKIASV2_4403_ESMFold_NAD-dependent_succinate-semialdehyde_dehydrogenase	AF-A0A382R6P6-F1-model_v4	AF-A0A382R6P6-F1-model_v4 Aldedh domain-containing protein	1.016E-28	1.000	1081	139	458	527	1	322	324	329	0.607	0.994
LOKIASV2_4403_ESMFold_NAD-dependent_succinate-semialdehyde_dehydrogenase	AF-F2UAE5-F1-model_v4	AF-F2UAE5-F1-model_v4 Aldedh domain-containing protein	1.474E-30	1.000	1080	13	473	527	116	558	560	469	0.875	0.791
LOKIASV2_4403_ESMFold_NAD-dependent_succinate-semialdehyde_dehydrogenase	AF-A0A094H5G6-F1-model_v4	AF-A0A094H5G6-F1-model_v4 Uncharacterized protein	8.307E-32	1.000	1078	20	504	527	355	833	896	505	0.920	0.535
LOKIASV2_4403_ESMFold_NAD-dependent_succinate-semialdehyde_dehydrogenase	AF-A0A4U8UGM0-F1-model_v4	AF-A0A4U8UGM0-F1-model_v4 Probable methylmalonate-semialdehyde dehydrogenase [acylating], mitochondrial	3.826E-29	1.000	1077	9	404	527	38	429	522	404	0.751	0.751
LOKIASV2_4403_ESMFold_NAD-dependent_succinate-semialdehyde_dehydrogenase	AF-A0A291HKX7-F1-model_v4	AF-A0A291HKX7-F1-model_v4 Aldedh domain-containing protein	1.098E-29	1.000	1074	13	479	527	2	438	439	473	0.886	0.995
LOKIASV2_4403_ESMFold_NAD-dependent_succinate-semialdehyde_dehydrogenase	AF-A0A2T9Y9R8-F1-model_v4	AF-A0A2T9Y9R8-F1-model_v4 Aldehyde dehydrogenase	5.861E-31	1.000	1074	28	494	527	7	490	538	495	0.886	0.900
LOKIASV2_4403_ESMFold_NAD-dependent_succinate-semialdehyde_dehydrogenase	AF-A0A447L890-F1-model_v4	AF-A0A447L890-F1-model_v4 Aldehyde dehydrogenase	7.338E-29	1.000	1072	9	385	527	30	406	445	385	0.715	0.847
LOKIASV2_4403_ESMFold_NAD-dependent_succinate-semialdehyde_dehydrogenase	AF-D6PDJ3-F1-model_v4	AF-D6PDJ3-F1-model_v4 Aldedh domain-containing protein	2.106E-29	1.000	1070	13	436	527	10	424	427	431	0.805	0.972
LOKIASV2_4403_ESMFold_NAD-dependent_succinate-semialdehyde_dehydrogenase	AF-A0A438GK94-F1-model_v4	AF-A0A438GK94-F1-model_v4 Aldehyde dehydrogenase family 2 member B7, mitochondrial	2.479E-29	1.000	1068	139	482	527	75	412	414	352	0.653	0.816
LOKIASV2_4403_ESMFold_NAD-dependent_succinate-semialdehyde_dehydrogenase	AF-A0A3L6RFG0-F1-model_v4	AF-A0A3L6RFG0-F1-model_v4 Aldehyde dehydrogenase family 3 member H1-like	3.797E-31	1.000	1068	33	516	527	6	499	648	509	0.918	0.762
LOKIASV2_4403_ESMFold_NAD-dependent_succinate-semialdehyde_dehydrogenase	AF-A0A5N5QQT8-F1-model_v4	AF-A0A5N5QQT8-F1-model_v4 Aldehyde dehydrogenase	9.047E-31	1.000	1062	10	481	527	20	438	439	486	0.896	0.954
LOKIASV2_4403_ESMFold_NAD-dependent_succinate-semialdehyde_dehydrogenase	AF-A0A656YU69-F1-model_v4	AF-A0A656YU69-F1-model_v4 Benzaldehyde dehydrogenase	1.486E-28	1.000	1061	139	482	527	2	335	342	347	0.653	0.977
LOKIASV2_4403_ESMFold_NAD-dependent_succinate-semialdehyde_dehydrogenase	AF-A0A534H557-F1-model_v4	AF-A0A534H557-F1-model_v4 Aldehyde dehydrogenase family protein	2.699E-28	1.000	1060	158	472	527	3	315	319	319	0.598	0.981
LOKIASV2_4403_ESMFold_NAD-dependent_succinate-semialdehyde_dehydrogenase	AF-A0A354LUL6-F1-model_v4	AF-A0A354LUL6-F1-model_v4 Aldehyde dehydrogenase family protein	2.276E-30	1.000	1060	111	498	527	2	370	374	393	0.736	0.987
LOKIASV2_4403_ESMFold_NAD-dependent_succinate-semialdehyde_dehydrogenase	AF-A0A6P6F2T9-F1-model_v4	AF-A0A6P6F2T9-F1-model_v4 retinal dehydrogenase 1-like isoform X2	1.333E-28	1.000	1060	13	389	527	36	406	406	383	0.715	0.914
LOKIASV2_4403_ESMFold_NAD-dependent_succinate-semialdehyde_dehydrogenase	AF-A0A7M3Q2T0-F1-model_v4	AF-A0A7M3Q2T0-F1-model_v4 Hypothetical protein	5.508E-33	1.000	1060	12	491	527	159	714	715	580	0.911	0.778
LOKIASV2_4403_ESMFold_NAD-dependent_succinate-semialdehyde_dehydrogenase	AF-A0A259R6M0-F1-model_v4	AF-A0A259R6M0-F1-model_v4 Coniferyl aldehyde dehydrogenase	1.364E-29	1.000	1057	33	448	527	8	419	420	423	0.789	0.981
LOKIASV2_4403_ESMFold_NAD-dependent_succinate-semialdehyde_dehydrogenase	AF-G5LNT1-F1-model_v4	AF-G5LNT1-F1-model_v4 Aldehyde dehydrogenase	6.791E-28	1.000	1054	162	472	527	2	309	313	313	0.590	0.984
LOKIASV2_4403_ESMFold_NAD-dependent_succinate-semialdehyde_dehydrogenase	AF-A0A137QSK7-F1-model_v4	AF-A0A137QSK7-F1-model_v4 Aldehyde dehydrogenase	3.406E-31	1.000	1054	23	497	527	37	533	547	510	0.901	0.909
LOKIASV2_4403_ESMFold_NAD-dependent_succinate-semialdehyde_dehydrogenase	AF-A0A5N5NF89-F1-model_v4	AF-A0A5N5NF89-F1-model_v4 Aldehyde dehydrogenase	4.717E-31	1.000	1054	8	502	527	53	540	551	520	0.939	0.886
LOKIASV2_4403_ESMFold_NAD-dependent_succinate-semialdehyde_dehydrogenase	AF-A0A5F8G4F6-F1-model_v4	AF-A0A5F8G4F6-F1-model_v4 Aldehyde dehydrogenase family 4 member A1	8.116E-31	1.000	1054	9	481	527	73	543	777	498	0.898	0.606
LOKIASV2_4403_ESMFold_NAD-dependent_succinate-semialdehyde_dehydrogenase	AF-A0A7T9HK69-F1-model_v4	AF-A0A7T9HK69-F1-model_v4 Aldehyde dehydrogenase family protein	1.832E-30	1.000	1049	23	476	527	63	515	536	473	0.861	0.845
LOKIASV2_4403_ESMFold_NAD-dependent_succinate-semialdehyde_dehydrogenase	AF-A0A229TVD5-F1-model_v4	AF-A0A229TVD5-F1-model_v4 Uncharacterized protein	1.509E-31	1.000	1048	12	481	527	30	439	732	481	0.892	0.560
LOKIASV2_4403_ESMFold_NAD-dependent_succinate-semialdehyde_dehydrogenase	AF-A0A0U5GI60-F1-model_v4	AF-A0A0U5GI60-F1-model_v4 Aldedh domain-containing protein	6.382E-30	1.000	1043	9	427	527	16	425	426	430	0.795	0.962
LOKIASV2_4403_ESMFold_NAD-dependent_succinate-semialdehyde_dehydrogenase	AF-A0A7S1HQ63-F1-model_v4	AF-A0A7S1HQ63-F1-model_v4 Hypothetical protein	1.048E-27	1.000	1042	142	459	527	2	319	320	325	0.603	0.994
LOKIASV2_4403_ESMFold_NAD-dependent_succinate-semialdehyde_dehydrogenase	AF-K0VZ34-F1-model_v4	AF-K0VZ34-F1-model_v4 Bifunctional proline dehydrogenase/pyrroline-5-carboxylate dehydrogenase	1.832E-30	1.000	1042	50	527	527	2	453	471	490	0.907	0.960
LOKIASV2_4403_ESMFold_NAD-dependent_succinate-semialdehyde_dehydrogenase	AF-A0A2A2LH51-F1-model_v4	AF-A0A2A2LH51-F1-model_v4 Aldedh domain-containing protein	6.432E-28	1.000	1038	9	393	527	33	416	417	394	0.731	0.921
LOKIASV2_4403_ESMFold_NAD-dependent_succinate-semialdehyde_dehydrogenase	AF-A0A7J5XSV6-F1-model_v4	AF-A0A7J5XSV6-F1-model_v4 Aldedh domain-containing protein	3.486E-32	1.000	1037	12	483	527	104	499	526	477	0.896	0.753
LOKIASV2_4403_ESMFold_NAD-dependent_succinate-semialdehyde_dehydrogenase	AF-A0A3M1GH81-F1-model_v4	AF-A0A3M1GH81-F1-model_v4 L-glutamate gamma-semialdehyde dehydrogenase	1.832E-30	1.000	1033	9	503	527	100	581	770	511	0.939	0.626
LOKIASV2_4403_ESMFold_NAD-dependent_succinate-semialdehyde_dehydrogenase	AF-A0A366NWB5-F1-model_v4	AF-A0A366NWB5-F1-model_v4 Aldedh domain-containing protein	7.170E-28	1.000	1032	11	391	527	20	395	437	386	0.723	0.860
LOKIASV2_4403_ESMFold_NAD-dependent_succinate-semialdehyde_dehydrogenase	AF-A0A286ED72-F1-model_v4	AF-A0A286ED72-F1-model_v4 Bifunctional protein PutA	2.106E-29	1.000	1032	12	501	527	554	1022	1196	505	0.930	0.392
LOKIASV2_4403_ESMFold_NAD-dependent_succinate-semialdehyde_dehydrogenase	AF-A0A538A3A8-F1-model_v4	AF-A0A538A3A8-F1-model_v4 CoA-acylating methylmalonate-semialdehyde dehydrogenase	2.940E-27	1.000	1031	9	401	527	30	417	418	396	0.746	0.928
LOKIASV2_4403_ESMFold_NAD-dependent_succinate-semialdehyde_dehydrogenase	AF-A0A6A6FGW1-F1-model_v4	AF-A0A6A6FGW1-F1-model_v4 Aldehyde dehydrogenase	8.636E-29	1.000	1030	30	494	527	2	452	481	470	0.882	0.938
LOKIASV2_4403_ESMFold_NAD-dependent_succinate-semialdehyde_dehydrogenase	AF-A0A7C9VJJ3-F1-model_v4	AF-A0A7C9VJJ3-F1-model_v4 CoA-acylating methylmalonate-semialdehyde dehydrogenase	8.244E-27	1.000	1020	9	404	527	16	409	409	402	0.751	0.963
LOKIASV2_4403_ESMFold_NAD-dependent_succinate-semialdehyde_dehydrogenase	AF-A0A7S3M715-F1-model_v4	AF-A0A7S3M715-F1-model_v4 Hypothetical protein	1.790E-29	1.000	1020	25	498	527	2	463	467	494	0.899	0.989
LOKIASV2_4403_ESMFold_NAD-dependent_succinate-semialdehyde_dehydrogenase	AF-A0A7H9BFN3-F1-model_v4	AF-A0A7H9BFN3-F1-model_v4 Bifunctional protein PutA	5.594E-29	1.000	1019	9	495	527	529	1009	1167	509	0.924	0.412
LOKIASV2_4403_ESMFold_NAD-dependent_succinate-semialdehyde_dehydrogenase	AF-A0A7Y6E412-F1-model_v4	AF-A0A7Y6E412-F1-model_v4 Aldehyde dehydrogenase	3.856E-27	1.000	1017	136	455	527	18	337	337	328	0.607	0.950
LOKIASV2_4403_ESMFold_NAD-dependent_succinate-semialdehyde_dehydrogenase	AF-A0A0Q5A2R7-F1-model_v4	AF-A0A0Q5A2R7-F1-model_v4 Methylmalonate-semialdehyde dehydrogenase	2.366E-27	1.000	1016	112	481	527	4	372	383	377	0.702	0.963
LOKIASV2_4403_ESMFold_NAD-dependent_succinate-semialdehyde_dehydrogenase	AF-A0A0P1KMH2-F1-model_v4	AF-A0A0P1KMH2-F1-model_v4 Aldehyde dehydrogenase	5.861E-31	1.000	1016	30	521	527	5	521	523	534	0.934	0.989
LOKIASV2_4403_ESMFold_NAD-dependent_succinate-semialdehyde_dehydrogenase	AF-A0A7S3A5F0-F1-model_v4	AF-A0A7S3A5F0-F1-model_v4 Hypothetical protein	2.173E-28	1.000	1015	157	521	527	3	380	416	379	0.693	0.909
LOKIASV2_4403_ESMFold_NAD-dependent_succinate-semialdehyde_dehydrogenase	AF-A0A840W068-F1-model_v4	AF-A0A840W068-F1-model_v4 Betaine-aldehyde dehydrogenase	1.964E-26	1.000	1013	157	472	527	11	320	325	317	0.600	0.954
LOKIASV2_4403_ESMFold_NAD-dependent_succinate-semialdehyde_dehydrogenase	AF-A0A3B8V232-F1-model_v4	AF-A0A3B8V232-F1-model_v4 Succinate-semialdehyde dehydrogenase (NADP(+))	7.396E-27	1.000	1012	145	479	527	2	333	334	338	0.636	0.994
LOKIASV2_4403_ESMFold_NAD-dependent_succinate-semialdehyde_dehydrogenase	AF-A0A3P8XK25-F1-model_v4	AF-A0A3P8XK25-F1-model_v4 Aldehyde dehydrogenase	1.169E-27	1.000	1012	31	454	527	2	410	411	426	0.805	0.995
LOKIASV2_4403_ESMFold_NAD-dependent_succinate-semialdehyde_dehydrogenase	AF-A0A396JI29-F1-model_v4	AF-A0A396JI29-F1-model_v4 Aldehyde dehydrogenase	2.106E-29	1.000	1012	32	504	527	12	481	494	482	0.898	0.951
LOKIASV2_4403_ESMFold_NAD-dependent_succinate-semialdehyde_dehydrogenase	AF-A0A0L7QMS4-F1-model_v4	AF-A0A0L7QMS4-F1-model_v4 Fatty aldehyde dehydrogenase	1.124E-30	1.000	1012	35	525	527	47	577	585	545	0.932	0.908
LOKIASV2_4403_ESMFold_NAD-dependent_succinate-semialdehyde_dehydrogenase	AF-A0A1C2AX65-F1-model_v4	AF-A0A1C2AX65-F1-model_v4 Aldehyde dehydrogenase	3.277E-27	1.000	1008	157	481	527	8	328	328	330	0.617	0.979
LOKIASV2_4403_ESMFold_NAD-dependent_succinate-semialdehyde_dehydrogenase	AF-A0A2N2F780-F1-model_v4	AF-A0A2N2F780-F1-model_v4 Aldehyde dehydrogenase family protein	1.107E-27	1.000	1006	31	453	527	1	411	411	425	0.803	1.000
LOKIASV2_4403_ESMFold_NAD-dependent_succinate-semialdehyde_dehydrogenase	AF-A0A7Y2H0E0-F1-model_v4	AF-A0A7Y2H0E0-F1-model_v4 Aldehyde dehydrogenase family protein	4.071E-27	1.000	996	33	433	527	2	398	398	402	0.761	0.997
LOKIASV2_4403_ESMFold_NAD-dependent_succinate-semialdehyde_dehydrogenase	AF-A0A1Q3MXR9-F1-model_v4	AF-A0A1Q3MXR9-F1-model_v4 Aldedh domain-containing protein	9.118E-29	1.000	995	36	503	527	3	458	461	474	0.888	0.989
LOKIASV2_4403_ESMFold_NAD-dependent_succinate-semialdehyde_dehydrogenase	AF-A0A3M2RP30-F1-model_v4	AF-A0A3M2RP30-F1-model_v4 Aldehyde dehydrogenase	2.042E-30	1.000	995	30	525	527	15	530	539	533	0.941	0.957
LOKIASV2_4403_ESMFold_NAD-dependent_succinate-semialdehyde_dehydrogenase	AF-A0A846C358-F1-model_v4	AF-A0A846C358-F1-model_v4 Aldehyde dehydrogenase family protein	1.016E-28	1.000	994	101	500	527	2	382	383	403	0.759	0.995
LOKIASV2_4403_ESMFold_NAD-dependent_succinate-semialdehyde_dehydrogenase	AF-X6H1W9-F1-model_v4	AF-X6H1W9-F1-model_v4 Aldedh domain-containing protein	1.722E-25	1.000	989	212	481	527	2	264	264	271	0.512	0.996
LOKIASV2_4403_ESMFold_NAD-dependent_succinate-semialdehyde_dehydrogenase	AF-L1IXD5-F1-model_v4	AF-L1IXD5-F1-model_v4 Methylmalonate-semialdehyde dehydrogenase (CoA acylating)	5.771E-28	1.000	988	9	481	527	36	457	474	479	0.898	0.890
LOKIASV2_4403_ESMFold_NAD-dependent_succinate-semialdehyde_dehydrogenase	AF-A0A351TGN8-F1-model_v4	AF-A0A351TGN8-F1-model_v4 Aldehyde dehydrogenase family protein	6.635E-27	1.000	987	35	450	527	2	405	406	417	0.789	0.995
LOKIASV2_4403_ESMFold_NAD-dependent_succinate-semialdehyde_dehydrogenase	AF-A0A3B3YYS3-F1-model_v4	AF-A0A3B3YYS3-F1-model_v4 Aldehyde dehydrogenase	2.123E-27	1.000	986	30	502	527	27	474	490	478	0.898	0.914
LOKIASV2_4403_ESMFold_NAD-dependent_succinate-semialdehyde_dehydrogenase	AF-A0A443J5F2-F1-model_v4	AF-A0A443J5F2-F1-model_v4 NAD-dependent succinate-semialdehyde dehydrogenase	1.344E-26	1.000	985	162	472	527	2	307	311	315	0.590	0.984
LOKIASV2_4403_ESMFold_NAD-dependent_succinate-semialdehyde_dehydrogenase	AF-A0A7R9EYM6-F1-model_v4	AF-A0A7R9EYM6-F1-model_v4 Hypothetical protein	3.226E-31	1.000	983	16	517	527	60	700	719	653	0.953	0.892
LOKIASV2_4403_ESMFold_NAD-dependent_succinate-semialdehyde_dehydrogenase	AF-A0A3D0TKZ3-F1-model_v4	AF-A0A3D0TKZ3-F1-model_v4 Aldehyde dehydrogenase	6.236E-29	1.000	983	8	514	527	263	759	934	527	0.962	0.532
LOKIASV2_4403_ESMFold_NAD-dependent_succinate-semialdehyde_dehydrogenase	AF-A0A353B0K1-F1-model_v4	AF-A0A353B0K1-F1-model_v4 Proline dehydrogenase	9.405E-28	1.000	969	9	501	527	27	510	714	510	0.935	0.678
LOKIASV2_4403_ESMFold_NAD-dependent_succinate-semialdehyde_dehydrogenase	AF-A0A523L4W2-F1-model_v4	AF-A0A523L4W2-F1-model_v4 Aldehyde dehydrogenase family protein	8.978E-26	1.000	968	179	491	527	2	309	309	317	0.594	0.997
LOKIASV2_4403_ESMFold_NAD-dependent_succinate-semialdehyde_dehydrogenase	AF-A0A0H1BG30-F1-model_v4	AF-A0A0H1BG30-F1-model_v4 Aldehyde dehydrogenase (NAD+)	4.434E-26	1.000	967	179	481	527	28	323	326	305	0.575	0.908
LOKIASV2_4403_ESMFold_NAD-dependent_succinate-semialdehyde_dehydrogenase	AF-A0A751RJ95-F1-model_v4	AF-A0A751RJ95-F1-model_v4 Aldehyde dehydrogenase family protein	3.380E-26	1.000	967	8	378	527	3	365	365	373	0.704	0.995
LOKIASV2_4403_ESMFold_NAD-dependent_succinate-semialdehyde_dehydrogenase	AF-A0A656Z2W1-F1-model_v4	AF-A0A656Z2W1-F1-model_v4 Methylmalonate-semialdehyde dehydrogenase (Acylating)	4.681E-26	1.000	964	136	482	527	1	351	361	354	0.658	0.972
LOKIASV2_4403_ESMFold_NAD-dependent_succinate-semialdehyde_dehydrogenase	AF-A8DW01-F1-model_v4	AF-A8DW01-F1-model_v4 Predicted protein	1.594E-24	1.000	960	215	481	527	3	267	273	270	0.507	0.971
LOKIASV2_4403_ESMFold_NAD-dependent_succinate-semialdehyde_dehydrogenase	AF-A0A7C7P6E7-F1-model_v4	AF-A0A7C7P6E7-F1-model_v4 Aldehyde dehydrogenase family protein	7.060E-25	1.000	956	238	490	527	1	250	250	254	0.480	1.000
LOKIASV2_4403_ESMFold_NAD-dependent_succinate-semialdehyde_dehydrogenase	AF-A0A1B7YDH2-F1-model_v4	AF-A0A1B7YDH2-F1-model_v4 Succinate-semialdehyde dehydrogenase	3.569E-26	1.000	954	157	481	527	5	331	331	333	0.617	0.988
LOKIASV2_4403_ESMFold_NAD-dependent_succinate-semialdehyde_dehydrogenase	AF-A0A7Y2T7W4-F1-model_v4	AF-A0A7Y2T7W4-F1-model_v4 Bifunctional proline dehydrogenase/L-glutamate gamma-semialdehyde dehydrogenase	3.277E-27	1.000	949	10	504	527	541	1013	1190	510	0.939	0.397
LOKIASV2_4403_ESMFold_NAD-dependent_succinate-semialdehyde_dehydrogenase	AF-A0A7S0G8C2-F1-model_v4	AF-A0A7S0G8C2-F1-model_v4 Hypothetical protein	6.432E-28	1.000	948	9	458	527	36	492	495	478	0.854	0.923
LOKIASV2_4403_ESMFold_NAD-dependent_succinate-semialdehyde_dehydrogenase	AF-A0A5N5D9Z2-F1-model_v4	AF-A0A5N5D9Z2-F1-model_v4 Lactaldehyde dehydrogenase	2.963E-25	1.000	946	158	435	527	37	317	324	283	0.528	0.867
LOKIASV2_4403_ESMFold_NAD-dependent_succinate-semialdehyde_dehydrogenase	AF-A0A445K846-F1-model_v4	AF-A0A445K846-F1-model_v4 Aldehyde dehydrogenase	3.978E-26	1.000	946	32	440	527	15	416	459	410	0.776	0.876
LOKIASV2_4403_ESMFold_NAD-dependent_succinate-semialdehyde_dehydrogenase	AF-A0A3B8X983-F1-model_v4	AF-A0A3B8X983-F1-model_v4 Aldehyde dehydrogenase	5.682E-25	1.000	941	176	472	527	3	298	303	301	0.564	0.977
LOKIASV2_4403_ESMFold_NAD-dependent_succinate-semialdehyde_dehydrogenase	AF-A0A1A8B3U4-F1-model_v4	AF-A0A1A8B3U4-F1-model_v4 Aldehyde dehydrogenase	1.115E-25	1.000	941	37	448	527	3	402	403	415	0.782	0.993
LOKIASV2_4403_ESMFold_NAD-dependent_succinate-semialdehyde_dehydrogenase	AF-A0A1S3S2N9-F1-model_v4	AF-A0A1S3S2N9-F1-model_v4 aldehyde dehydrogenase family 3 member B1-like	4.791E-27	1.000	939	131	498	527	3	362	378	374	0.698	0.952
LOKIASV2_4403_ESMFold_NAD-dependent_succinate-semialdehyde_dehydrogenase	AF-W4UDB0-F1-model_v4	AF-W4UDB0-F1-model_v4 Proline dehydrogenase	3.277E-27	1.000	939	31	504	527	91	543	651	484	0.899	0.696
LOKIASV2_4403_ESMFold_NAD-dependent_succinate-semialdehyde_dehydrogenase	AF-A0A420PER3-F1-model_v4	AF-A0A420PER3-F1-model_v4 Aldedh domain-containing protein	2.259E-25	1.000	938	157	481	527	5	325	348	327	0.617	0.922
LOKIASV2_4403_ESMFold_NAD-dependent_succinate-semialdehyde_dehydrogenase	AF-A0A7G7CLV4-F1-model_v4	AF-A0A7G7CLV4-F1-model_v4 Phenylacetic acid degradation bifunctional protein PaaZ	3.856E-27	1.000	938	8	475	527	19	508	695	503	0.888	0.705
LOKIASV2_4403_ESMFold_NAD-dependent_succinate-semialdehyde_dehydrogenase	AF-A0A3P0RLX2-F1-model_v4	AF-A0A3P0RLX2-F1-model_v4 Phosphonoacetaldehyde dehydrogenase	2.441E-26	1.000	932	64	425	527	3	358	360	376	0.687	0.989
LOKIASV2_4403_ESMFold_NAD-dependent_succinate-semialdehyde_dehydrogenase	AF-A0A833GBR0-F1-model_v4	AF-A0A833GBR0-F1-model_v4 Aldehyde dehydrogenase family protein	3.303E-25	1.000	931	176	481	527	6	307	307	311	0.581	0.984
LOKIASV2_4403_ESMFold_NAD-dependent_succinate-semialdehyde_dehydrogenase	AF-A0A6A1VCB3-F1-model_v4	AF-A0A6A1VCB3-F1-model_v4 Aldehyde dehydrogenase (NAD(+))	8.438E-28	1.000	930	8	472	527	30	517	517	531	0.882	0.944
LOKIASV2_4403_ESMFold_NAD-dependent_succinate-semialdehyde_dehydrogenase	AF-A0A226M6Z0-F1-model_v4	AF-A0A226M6Z0-F1-model_v4 Aldedh domain-containing protein	4.718E-24	1.000	928	220	479	527	3	254	254	264	0.493	0.992
LOKIASV2_4403_ESMFold_NAD-dependent_succinate-semialdehyde_dehydrogenase	AF-A0A530BH51-F1-model_v4	AF-A0A530BH51-F1-model_v4 Aldehyde dehydrogenase	1.323E-23	1.000	926	223	472	527	2	244	248	250	0.474	0.980
LOKIASV2_4403_ESMFold_NAD-dependent_succinate-semialdehyde_dehydrogenase	AF-A0A233RJX7-F1-model_v4	AF-A0A233RJX7-F1-model_v4 Aldehyde dehydrogenase	5.340E-27	1.000	926	13	479	527	2	440	441	475	0.886	0.995
LOKIASV2_4403_ESMFold_NAD-dependent_succinate-semialdehyde_dehydrogenase	AF-A0A164RTP3-F1-model_v4	AF-A0A164RTP3-F1-model_v4 Aldehyde dehydrogenase (NAD(+))	2.721E-26	1.000	919	52	479	527	49	486	496	458	0.812	0.883
LOKIASV2_4403_ESMFold_NAD-dependent_succinate-semialdehyde_dehydrogenase	AF-A0A3T0RNW0-F1-model_v4	AF-A0A3T0RNW0-F1-model_v4 Aldedh domain-containing protein	5.816E-26	1.000	917	13	479	527	19	462	462	475	0.886	0.961
LOKIASV2_4403_ESMFold_NAD-dependent_succinate-semialdehyde_dehydrogenase	AF-U2R3B2-F1-model_v4	AF-U2R3B2-F1-model_v4 Aldehyde dehydrogenase family protein	8.704E-27	1.000	916	34	503	527	55	525	692	497	0.892	0.681
LOKIASV2_4403_ESMFold_NAD-dependent_succinate-semialdehyde_dehydrogenase	AF-M7SU84-F1-model_v4	AF-M7SU84-F1-model_v4 Putative aldehyde dehydrogenase protein	1.682E-24	1.000	915	9	381	527	21	384	385	376	0.708	0.945
LOKIASV2_4403_ESMFold_NAD-dependent_succinate-semialdehyde_dehydrogenase	AF-A0A358D5Q4-F1-model_v4	AF-A0A358D5Q4-F1-model_v4 5-carboxymethyl-2-hydroxymuconate semialdehyde dehydrogenase	7.454E-25	1.000	912	101	420	527	2	314	315	322	0.607	0.994
LOKIASV2_4403_ESMFold_NAD-dependent_succinate-semialdehyde_dehydrogenase	AF-A0A432TRZ0-F1-model_v4	AF-A0A432TRZ0-F1-model_v4 Aldehyde dehydrogenase	9.261E-25	1.000	909	168	481	527	1	302	303	315	0.596	0.997
LOKIASV2_4403_ESMFold_NAD-dependent_succinate-semialdehyde_dehydrogenase	AF-F2L0D0-F1-model_v4	AF-F2L0D0-F1-model_v4 Aldehyde dehydrogenase	2.090E-24	1.000	901	136	434	527	96	401	485	309	0.567	0.631
LOKIASV2_4403_ESMFold_NAD-dependent_succinate-semialdehyde_dehydrogenase	AF-A0A356WZ30-F1-model_v4	AF-A0A356WZ30-F1-model_v4 Succinate-semialdehyde dehydrogenase	1.040E-22	1.000	900	211	457	527	3	247	248	249	0.469	0.988
LOKIASV2_4403_ESMFold_NAD-dependent_succinate-semialdehyde_dehydrogenase	AF-A0A6V7PZJ0-F1-model_v4	AF-A0A6V7PZJ0-F1-model_v4 Aldehyde dehydrogenase	1.452E-27	1.000	899	85	522	527	13	446	448	456	0.831	0.969
LOKIASV2_4403_ESMFold_NAD-dependent_succinate-semialdehyde_dehydrogenase	AF-A0A367M2K3-F1-model_v4	AF-A0A367M2K3-F1-model_v4 Aldehyde dehydrogenase (NAD(+))	7.283E-24	1.000	895	44	398	527	2	356	357	368	0.674	0.994
LOKIASV2_4403_ESMFold_NAD-dependent_succinate-semialdehyde_dehydrogenase	AF-A0A851SF84-F1-model_v4	AF-A0A851SF84-F1-model_v4 AL3A2 dehydrogenase	1.313E-25	1.000	891	34	495	527	2	410	411	467	0.877	0.995
LOKIASV2_4403_ESMFold_NAD-dependent_succinate-semialdehyde_dehydrogenase	AF-A0A0M3KG34-F1-model_v4	AF-A0A0M3KG34-F1-model_v4 Aldedh domain-containing protein	2.742E-24	1.000	888	136	424	527	3	295	302	301	0.548	0.970
LOKIASV2_4403_ESMFold_NAD-dependent_succinate-semialdehyde_dehydrogenase	AF-A0A2R6BXB6-F1-model_v4	AF-A0A2R6BXB6-F1-model_v4 Aldedh domain-containing protein	4.829E-25	1.000	888	9	378	527	55	424	425	382	0.702	0.871
LOKIASV2_4403_ESMFold_NAD-dependent_succinate-semialdehyde_dehydrogenase	AF-A0A358A492-F1-model_v4	AF-A0A358A492-F1-model_v4 Aldehyde dehydrogenase	9.334E-23	1.000	887	221	472	527	1	250	254	255	0.478	0.984
LOKIASV2_4403_ESMFold_NAD-dependent_succinate-semialdehyde_dehydrogenase	AF-A0A800JFA2-F1-model_v4	AF-A0A800JFA2-F1-model_v4 Aldehyde dehydrogenase family protein	1.142E-26	1.000	887	71	503	527	2	419	568	448	0.822	0.736
LOKIASV2_4403_ESMFold_NAD-dependent_succinate-semialdehyde_dehydrogenase	AF-A0A2A2FNV6-F1-model_v4	AF-A0A2A2FNV6-F1-model_v4 Aldehyde dehydrogenase PuuC	7.512E-23	1.000	886	219	468	527	1	251	259	256	0.474	0.969
LOKIASV2_4403_ESMFold_NAD-dependent_succinate-semialdehyde_dehydrogenase	AF-A0A5N7YH62-F1-model_v4	AF-A0A5N7YH62-F1-model_v4 L-glutamate gamma-semialdehyde dehydrogenase	6.334E-25	1.000	885	137	467	527	9	345	470	347	0.628	0.717
LOKIASV2_4403_ESMFold_NAD-dependent_succinate-semialdehyde_dehydrogenase	AF-A0A358KLL3-F1-model_v4	AF-A0A358KLL3-F1-model_v4 Aldehyde dehydrogenase	1.606E-22	1.000	883	202	465	527	1	265	276	269	0.501	0.960
LOKIASV2_4403_ESMFold_NAD-dependent_succinate-semialdehyde_dehydrogenase	AF-A0A4Q5VV64-F1-model_v4	AF-A0A4Q5VV64-F1-model_v4 Aldehyde dehydrogenase family protein	2.963E-25	1.000	883	36	417	527	3	374	376	389	0.725	0.989
LOKIASV2_4403_ESMFold_NAD-dependent_succinate-semialdehyde_dehydrogenase	AF-A0A1E5E0A7-F1-model_v4	AF-A0A1E5E0A7-F1-model_v4 NAD-dependent succinate-semialdehyde dehydrogenase	1.065E-23	1.000	881	13	359	527	65	406	412	349	0.658	0.830
LOKIASV2_4403_ESMFold_NAD-dependent_succinate-semialdehyde_dehydrogenase	AF-D4XRV3-F1-model_v4	AF-D4XRV3-F1-model_v4 Aldehyde dehydrogenase (NAD) family protein	6.188E-24	1.000	878	9	363	527	14	368	370	364	0.674	0.959
LOKIASV2_4403_ESMFold_NAD-dependent_succinate-semialdehyde_dehydrogenase	AF-A0A090SYA4-F1-model_v4	AF-A0A090SYA4-F1-model_v4 Aldehyde dehydrogenase	4.469E-24	1.000	874	98	414	527	2	311	316	318	0.602	0.981
LOKIASV2_4403_ESMFold_NAD-dependent_succinate-semialdehyde_dehydrogenase	AF-A0A3C2DFK0-F1-model_v4	AF-A0A3C2DFK0-F1-model_v4 Aldehyde dehydrogenase	1.644E-23	1.000	873	13	365	527	25	371	372	356	0.670	0.933
LOKIASV2_4403_ESMFold_NAD-dependent_succinate-semialdehyde_dehydrogenase	AF-A0A2T4HAP4-F1-model_v4	AF-A0A2T4HAP4-F1-model_v4 Aldehyde dehydrogenase	1.032E-24	1.000	870	13	384	527	53	429	429	389	0.706	0.879
LOKIASV2_4403_ESMFold_NAD-dependent_succinate-semialdehyde_dehydrogenase	AF-A0A812H438-F1-model_v4	AF-A0A812H438-F1-model_v4 YwdH protein	1.375E-27	1.000	865	23	520	527	142	622	735	523	0.945	0.654
LOKIASV2_4403_ESMFold_NAD-dependent_succinate-semialdehyde_dehydrogenase	AF-W7RHB7-F1-model_v4	AF-W7RHB7-F1-model_v4 1-pyrroline-5-carboxylate dehydrogenase	7.689E-24	1.000	864	146	479	527	1	336	336	346	0.634	1.000
LOKIASV2_4403_ESMFold_NAD-dependent_succinate-semialdehyde_dehydrogenase	AF-A0A158IU65-F1-model_v4	AF-A0A158IU65-F1-model_v4 Aldehyde dehydrogenase (NAD) family protein superfamily protein	3.514E-23	1.000	863	193	481	527	9	291	292	291	0.548	0.969
LOKIASV2_4403_ESMFold_NAD-dependent_succinate-semialdehyde_dehydrogenase	AF-A0A1B6DJS2-F1-model_v4	AF-A0A1B6DJS2-F1-model_v4 Aldedh domain-containing protein	3.433E-22	1.000	860	190	430	527	2	242	243	243	0.457	0.992
LOKIASV2_4403_ESMFold_NAD-dependent_succinate-semialdehyde_dehydrogenase	AF-A0A348W3K6-F1-model_v4	AF-A0A348W3K6-F1-model_v4 Aldehyde dehydrogenase family protein	1.151E-24	1.000	860	143	504	527	2	350	351	367	0.687	0.994
LOKIASV2_4403_ESMFold_NAD-dependent_succinate-semialdehyde_dehydrogenase	AF-A0A0G1QSK2-F1-model_v4	AF-A0A0G1QSK2-F1-model_v4 Aldehyde Dehydrogenase	2.385E-25	1.000	855	52	472	527	46	445	447	432	0.799	0.895
LOKIASV2_4403_ESMFold_NAD-dependent_succinate-semialdehyde_dehydrogenase	AF-A0A1I1FZH5-F1-model_v4	AF-A0A1I1FZH5-F1-model_v4 Aldehyde dehydrogenase (NAD+)	6.384E-23	1.000	851	12	363	527	25	386	387	368	0.668	0.935
LOKIASV2_4403_ESMFold_NAD-dependent_succinate-semialdehyde_dehydrogenase	AF-A0A848VQP7-F1-model_v4	AF-A0A848VQP7-F1-model_v4 Aldehyde dehydrogenase family protein	1.090E-24	1.000	848	189	502	527	6	313	318	315	0.596	0.969
LOKIASV2_4403_ESMFold_NAD-dependent_succinate-semialdehyde_dehydrogenase	AF-A0A6G6FI36-F1-model_v4	AF-A0A6G6FI36-F1-model_v4 Aldehyde dehydrogenase	6.740E-23	1.000	845	9	359	527	36	387	388	355	0.666	0.907
LOKIASV2_4403_ESMFold_NAD-dependent_succinate-semialdehyde_dehydrogenase	AF-A0A3D0P418-F1-model_v4	AF-A0A3D0P418-F1-model_v4 Aldehyde dehydrogenase	2.479E-22	1.000	841	215	491	527	1	276	280	282	0.526	0.986
LOKIASV2_4403_ESMFold_NAD-dependent_succinate-semialdehyde_dehydrogenase	AF-A0A2K0ULL8-F1-model_v4	AF-A0A2K0ULL8-F1-model_v4 Aldedh domain-containing protein	1.323E-23	1.000	837	181	481	527	2	294	294	309	0.571	0.997
LOKIASV2_4403_ESMFold_NAD-dependent_succinate-semialdehyde_dehydrogenase	AF-A0A0C3Q8Z8-F1-model_v4	AF-A0A0C3Q8Z8-F1-model_v4 Aldehyde dehydrogenase	5.259E-24	1.000	837	30	421	527	15	403	405	403	0.744	0.960
LOKIASV2_4403_ESMFold_NAD-dependent_succinate-semialdehyde_dehydrogenase	AF-A0A0S8HML9-F1-model_v4	AF-A0A0S8HML9-F1-model_v4 Aldehyde dehydrogenase	2.828E-23	1.000	836	31	393	527	1	350	351	365	0.689	0.997
LOKIASV2_4403_ESMFold_NAD-dependent_succinate-semialdehyde_dehydrogenase	AF-A0A094C3H3-F1-model_v4	AF-A0A094C3H3-F1-model_v4 Aldedh domain-containing protein	1.196E-21	1.000	830	223	481	527	2	258	258	264	0.491	0.996
LOKIASV2_4403_ESMFold_NAD-dependent_succinate-semialdehyde_dehydrogenase	AF-A0A7K0V4H3-F1-model_v4	AF-A0A7K0V4H3-F1-model_v4 CoA-acylating methylmalonate-semialdehyde dehydrogenase	6.046E-23	1.000	827	144	490	527	2	343	353	353	0.658	0.969
LOKIASV2_4403_ESMFold_NAD-dependent_succinate-semialdehyde_dehydrogenase	AF-A0A402ANL5-F1-model_v4	AF-A0A402ANL5-F1-model_v4 Aldedh domain-containing protein	1.569E-21	1.000	825	166	434	527	3	270	300	270	0.510	0.893
LOKIASV2_4403_ESMFold_NAD-dependent_succinate-semialdehyde_dehydrogenase	AF-A0A2V5GV84-F1-model_v4	AF-A0A2V5GV84-F1-model_v4 ALDH-like protein	1.040E-22	1.000	823	176	474	527	3	293	293	306	0.567	0.993
LOKIASV2_4403_ESMFold_NAD-dependent_succinate-semialdehyde_dehydrogenase	AF-A0A1M3LNI5-F1-model_v4	AF-A0A1M3LNI5-F1-model_v4 Phenylacetic acid degradation bifunctional protein PaaZ	4.829E-25	1.000	823	13	475	527	30	524	694	512	0.879	0.713
LOKIASV2_4403_ESMFold_NAD-dependent_succinate-semialdehyde_dehydrogenase	AF-A0A5M4DBJ8-F1-model_v4	AF-A0A5M4DBJ8-F1-model_v4 Aldehyde dehydrogenase family protein	1.196E-21	1.000	815	203	481	527	4	268	269	280	0.529	0.985
LOKIASV2_4403_ESMFold_NAD-dependent_succinate-semialdehyde_dehydrogenase	AF-A0A382MAY9-F1-model_v4	AF-A0A382MAY9-F1-model_v4 Aldedh domain-containing protein	3.625E-22	1.000	814	11	344	527	17	347	348	340	0.634	0.951
LOKIASV2_4403_ESMFold_NAD-dependent_succinate-semialdehyde_dehydrogenase	AF-A0A1L8D714-F1-model_v4	AF-A0A1L8D714-F1-model_v4 Aldehyde dehydrogenase-2	1.205E-26	1.000	814	34	524	527	57	547	701	534	0.932	0.700
LOKIASV2_4403_ESMFold_NAD-dependent_succinate-semialdehyde_dehydrogenase	AF-A0A7C5DES7-F1-model_v4	AF-A0A7C5DES7-F1-model_v4 Aldehyde dehydrogenase family protein	1.065E-23	1.000	813	166	503	527	2	327	329	340	0.641	0.991
LOKIASV2_4403_ESMFold_NAD-dependent_succinate-semialdehyde_dehydrogenase	AF-A0A251XDV4-F1-model_v4	AF-A0A251XDV4-F1-model_v4 Succinate-semialdehyde dehydrogenase [NADP(+)] GabD	9.048E-24	1.000	813	28	391	527	1	366	388	381	0.691	0.943
LOKIASV2_4403_ESMFold_NAD-dependent_succinate-semialdehyde_dehydrogenase	AF-A0A6P4K6Z0-F1-model_v4	AF-A0A6P4K6Z0-F1-model_v4 phenylacetaldehyde dehydrogenase-like	4.866E-23	1.000	812	131	475	527	10	304	305	349	0.655	0.967
LOKIASV2_4403_ESMFold_NAD-dependent_succinate-semialdehyde_dehydrogenase	AF-A0A3D5EE55-F1-model_v4	AF-A0A3D5EE55-F1-model_v4 Succinate-semialdehyde dehydrogenase (NADP(+))	1.016E-21	1.000	810	9	326	527	17	330	332	321	0.603	0.946
LOKIASV2_4403_ESMFold_NAD-dependent_succinate-semialdehyde_dehydrogenase	AF-A0A7R9MHL6-F1-model_v4	AF-A0A7R9MHL6-F1-model_v4 Hypothetical protein	2.828E-23	1.000	810	191	482	527	2	333	337	341	0.554	0.985
LOKIASV2_4403_ESMFold_NAD-dependent_succinate-semialdehyde_dehydrogenase	AF-A0A091MSJ6-F1-model_v4	AF-A0A091MSJ6-F1-model_v4 Retinal dehydrogenase 1	6.094E-21	1.000	809	188	430	527	2	244	245	245	0.461	0.992
LOKIASV2_4403_ESMFold_NAD-dependent_succinate-semialdehyde_dehydrogenase	AF-A0A3D3H780-F1-model_v4	AF-A0A3D3H780-F1-model_v4 Aldedh domain-containing protein	2.785E-20	1.000	808	232	468	527	1	236	236	240	0.450	1.000
LOKIASV2_4403_ESMFold_NAD-dependent_succinate-semialdehyde_dehydrogenase	AF-A0A3N5UE37-F1-model_v4	AF-A0A3N5UE37-F1-model_v4 Aldehyde dehydrogenase family protein	4.168E-21	1.000	808	224	480	527	1	247	247	259	0.488	1.000
LOKIASV2_4403_ESMFold_NAD-dependent_succinate-semialdehyde_dehydrogenase	AF-A0A2G9NQE5-F1-model_v4	AF-A0A2G9NQE5-F1-model_v4 Uncharacterized protein	7.512E-23	1.000	806	59	473	527	2	348	350	419	0.787	0.991
LOKIASV2_4403_ESMFold_NAD-dependent_succinate-semialdehyde_dehydrogenase	AF-A0A212CSE0-F1-model_v4	AF-A0A212CSE0-F1-model_v4 Aldedh domain-containing protein	1.486E-21	1.000	804	9	325	527	91	406	436	323	0.602	0.725
LOKIASV2_4403_ESMFold_NAD-dependent_succinate-semialdehyde_dehydrogenase	AF-U7G7S9-F1-model_v4	AF-U7G7S9-F1-model_v4 Aldedh domain-containing protein	7.689E-24	1.000	798	176	504	527	2	325	326	338	0.624	0.994
LOKIASV2_4403_ESMFold_NAD-dependent_succinate-semialdehyde_dehydrogenase	AF-A0A7R9GCJ2-F1-model_v4	AF-A0A7R9GCJ2-F1-model_v4 Aldehyde dehydrogenase	3.710E-23	1.000	796	35	480	527	5	411	417	461	0.846	0.976
LOKIASV2_4403_ESMFold_NAD-dependent_succinate-semialdehyde_dehydrogenase	AF-A0A139HDG5-F1-model_v4	AF-A0A139HDG5-F1-model_v4 Aldedh domain-containing protein	9.119E-22	1.000	796	12	338	527	3	325	451	331	0.620	0.716
LOKIASV2_4403_ESMFold_NAD-dependent_succinate-semialdehyde_dehydrogenase	AF-T0YPX5-F1-model_v4	AF-T0YPX5-F1-model_v4 Aldehyde dehydrogenase (NAD(+))	6.434E-21	1.000	795	176	436	527	4	265	275	265	0.495	0.953
LOKIASV2_4403_ESMFold_NAD-dependent_succinate-semialdehyde_dehydrogenase	AF-A0A6P9EF41-F1-model_v4	AF-A0A6P9EF41-F1-model_v4 aldehyde dehydrogenase family 2 member C4-like	3.948E-21	1.000	792	13	321	527	2	309	310	314	0.586	0.994
LOKIASV2_4403_ESMFold_NAD-dependent_succinate-semialdehyde_dehydrogenase	AF-A0A5A7N4W9-F1-model_v4	AF-A0A5A7N4W9-F1-model_v4 Aldedh domain-containing protein	3.460E-20	1.000	790	214	434	527	4	222	234	221	0.419	0.936
LOKIASV2_4403_ESMFold_NAD-dependent_succinate-semialdehyde_dehydrogenase	AF-A0A843WUA1-F1-model_v4	AF-A0A843WUA1-F1-model_v4 Uncharacterized protein	2.139E-25	1.000	781	8	517	527	61	558	573	547	0.968	0.869
LOKIASV2_4403_ESMFold_NAD-dependent_succinate-semialdehyde_dehydrogenase	AF-A0A3Q7PKJ3-F1-model_v4	AF-A0A3Q7PKJ3-F1-model_v4 Aldehyde dehydrogenase	2.042E-23	1.000	779	115	478	527	2	390	434	406	0.691	0.896
LOKIASV2_4403_ESMFold_NAD-dependent_succinate-semialdehyde_dehydrogenase	AF-A0A7W0LX51-F1-model_v4	AF-A0A7W0LX51-F1-model_v4 Aldehyde dehydrogenase family protein	7.571E-21	1.000	777	255	504	527	1	248	254	250	0.474	0.976
LOKIASV2_4403_ESMFold_NAD-dependent_succinate-semialdehyde_dehydrogenase	AF-A0A6H9LQ30-F1-model_v4	AF-A0A6H9LQ30-F1-model_v4 Aldehyde dehydrogenase family protein	2.123E-20	1.000	774	237	481	527	6	242	242	246	0.465	0.979
LOKIASV2_4403_ESMFold_NAD-dependent_succinate-semialdehyde_dehydrogenase	AF-A0A6P1DJA4-F1-model_v4	AF-A0A6P1DJA4-F1-model_v4 Aldehyde dehydrogenase (NAD(+))	4.400E-21	1.000	772	12	347	527	37	370	370	344	0.638	0.903
LOKIASV2_4403_ESMFold_NAD-dependent_succinate-semialdehyde_dehydrogenase	AF-A0A7S4QM21-F1-model_v4	AF-A0A7S4QM21-F1-model_v4 Hypothetical protein	2.276E-23	1.000	770	82	481	527	2	405	412	425	0.759	0.981
LOKIASV2_4403_ESMFold_NAD-dependent_succinate-semialdehyde_dehydrogenase	AF-A0A0Q0A5W9-F1-model_v4	AF-A0A0Q0A5W9-F1-model_v4 Methylmalonate-semialdehyde dehydrogenase	1.452E-20	1.000	766	9	363	527	27	377	379	360	0.674	0.926
LOKIASV2_4403_ESMFold_NAD-dependent_succinate-semialdehyde_dehydrogenase	AF-K0SBM1-F1-model_v4	AF-K0SBM1-F1-model_v4 Aldedh domain-containing protein	2.763E-22	1.000	766	33	399	527	78	449	605	384	0.696	0.615
LOKIASV2_4403_ESMFold_NAD-dependent_succinate-semialdehyde_dehydrogenase	AF-A0A446LH69-F1-model_v4	AF-A0A446LH69-F1-model_v4 Methylmalonate-semialdehyde dehydrogenase (CoA acylating)	1.644E-23	1.000	765	8	481	527	52	446	452	492	0.899	0.874
LOKIASV2_4403_ESMFold_NAD-dependent_succinate-semialdehyde_dehydrogenase	AF-A0A2E7TMW7-F1-model_v4	AF-A0A2E7TMW7-F1-model_v4 Aldehyde dehydrogenase	1.533E-20	1.000	764	12	353	527	2	341	343	345	0.649	0.991
LOKIASV2_4403_ESMFold_NAD-dependent_succinate-semialdehyde_dehydrogenase	AF-Q6ZV71-F1-model_v4	AF-Q6ZV71-F1-model_v4 cDNA FLJ42918 fis, clone BRHIP3027137, highly similar to 10-formyltetrahydrofolate dehydrogenase	7.810E-20	1.000	763	233	481	527	196	446	470	255	0.472	0.534
LOKIASV2_4403_ESMFold_NAD-dependent_succinate-semialdehyde_dehydrogenase	AF-A0A165CH84-F1-model_v4	AF-A0A165CH84-F1-model_v4 Aldehyde dehydrogenase	3.433E-22	1.000	761	38	495	527	2	408	410	472	0.869	0.993
LOKIASV2_4403_ESMFold_NAD-dependent_succinate-semialdehyde_dehydrogenase	AF-A0A0P9UIG6-F1-model_v4	AF-A0A0P9UIG6-F1-model_v4 Benzaldehyde dehydrogenase	2.557E-21	1.000	760	9	342	527	27	356	377	340	0.634	0.875
LOKIASV2_4403_ESMFold_NAD-dependent_succinate-semialdehyde_dehydrogenase	AF-A0A257XCK9-F1-model_v4	AF-A0A257XCK9-F1-model_v4 Aldedh domain-containing protein	9.407E-21	1.000	760	10	356	527	89	431	435	350	0.658	0.789
LOKIASV2_4403_ESMFold_NAD-dependent_succinate-semialdehyde_dehydrogenase	AF-L7KV61-F1-model_v4	AF-L7KV61-F1-model_v4 Putative betaine aldehyde dehydrogenase	1.905E-20	1.000	757	239	491	527	1	261	262	269	0.480	0.996
LOKIASV2_4403_ESMFold_NAD-dependent_succinate-semialdehyde_dehydrogenase	AF-A0A383Z7Y6-F1-model_v4	AF-A0A383Z7Y6-F1-model_v4 Aldehyde dehydrogenase	5.682E-25	1.000	755	115	497	527	2	492	506	508	0.727	0.970
LOKIASV2_4403_ESMFold_NAD-dependent_succinate-semialdehyde_dehydrogenase	AF-A0A7C4A9I6-F1-model_v4	AF-A0A7C4A9I6-F1-model_v4 Aldehyde dehydrogenase family protein	3.948E-21	1.000	753	165	481	527	4	327	328	332	0.602	0.988
LOKIASV2_4403_ESMFold_NAD-dependent_succinate-semialdehyde_dehydrogenase	AF-A0A0U1LYV7-F1-model_v4	AF-A0A0U1LYV7-F1-model_v4 Aldehyde dehydrogenase (NAD+)	8.118E-24	1.000	751	9	481	527	30	412	960	476	0.898	0.399
LOKIASV2_4403_ESMFold_NAD-dependent_succinate-semialdehyde_dehydrogenase	AF-A0A0C3AKP7-F1-model_v4	AF-A0A0C3AKP7-F1-model_v4 Uncharacterized protein	7.340E-22	1.000	749	33	401	527	11	391	392	395	0.700	0.972
LOKIASV2_4403_ESMFold_NAD-dependent_succinate-semialdehyde_dehydrogenase	AF-A0A5C8BRJ3-F1-model_v4	AF-A0A5C8BRJ3-F1-model_v4 Aldehyde dehydrogenase family protein	9.931E-21	1.000	749	9	307	527	25	324	445	306	0.567	0.674
LOKIASV2_4403_ESMFold_NAD-dependent_succinate-semialdehyde_dehydrogenase	AF-A0A2N2T900-F1-model_v4	AF-A0A2N2T900-F1-model_v4 Aldehyde dehydrogenase	1.234E-20	1.000	748	13	348	527	35	369	369	343	0.638	0.908
LOKIASV2_4403_ESMFold_NAD-dependent_succinate-semialdehyde_dehydrogenase	AF-A0A7Y5BAL9-F1-model_v4	AF-A0A7Y5BAL9-F1-model_v4 Aldehyde dehydrogenase family protein	2.597E-24	1.000	746	8	474	527	60	546	548	510	0.886	0.889
LOKIASV2_4403_ESMFold_NAD-dependent_succinate-semialdehyde_dehydrogenase	AF-A0A7V7C0P9-F1-model_v4	AF-A0A7V7C0P9-F1-model_v4 Aldehyde dehydrogenase family protein	2.011E-20	1.000	745	12	342	527	20	344	344	338	0.628	0.945
LOKIASV2_4403_ESMFold_NAD-dependent_succinate-semialdehyde_dehydrogenase	AF-B6AY81-F1-model_v4	AF-B6AY81-F1-model_v4 Aldehyde dehydrogenase	1.107E-20	1.000	742	9	326	527	34	344	345	324	0.603	0.901
LOKIASV2_4403_ESMFold_NAD-dependent_succinate-semialdehyde_dehydrogenase	AF-A0A6F8YVM1-F1-model_v4	AF-A0A6F8YVM1-F1-model_v4 Aldedh domain-containing protein	3.080E-22	1.000	737	9	391	527	21	401	427	401	0.727	0.892
LOKIASV2_4403_ESMFold_NAD-dependent_succinate-semialdehyde_dehydrogenase	AF-A0A355QER4-F1-model_v4	AF-A0A355QER4-F1-model_v4 Methylmalonate-semialdehyde dehydrogenase (CoA acylating)	2.123E-20	1.000	735	160	491	527	11	335	344	336	0.630	0.945
LOKIASV2_4403_ESMFold_NAD-dependent_succinate-semialdehyde_dehydrogenase	AF-A0A7Y5Y0E8-F1-model_v4	AF-A0A7Y5Y0E8-F1-model_v4 Aldehyde dehydrogenase family protein	2.367E-20	1.000	734	9	333	527	27	347	349	333	0.617	0.920
LOKIASV2_4403_ESMFold_NAD-dependent_succinate-semialdehyde_dehydrogenase	AF-A0A7K2EFE0-F1-model_v4	AF-A0A7K2EFE0-F1-model_v4 Aldehyde dehydrogenase family protein	1.818E-18	1.000	729	245	463	527	3	216	233	219	0.416	0.918
LOKIASV2_4403_ESMFold_NAD-dependent_succinate-semialdehyde_dehydrogenase	AF-A0A445DXG7-F1-model_v4	AF-A0A445DXG7-F1-model_v4 Aldedh domain-containing protein	1.619E-20	1.000	728	188	489	527	2	279	279	307	0.573	0.996
LOKIASV2_4403_ESMFold_NAD-dependent_succinate-semialdehyde_dehydrogenase	AF-A0A7W0ZG41-F1-model_v4	AF-A0A7W0ZG41-F1-model_v4 Aldehyde dehydrogenase family protein	3.202E-19	1.000	727	13	306	527	23	312	318	295	0.558	0.912
LOKIASV2_4403_ESMFold_NAD-dependent_succinate-semialdehyde_dehydrogenase	AF-A0A829PW46-F1-model_v4	AF-A0A829PW46-F1-model_v4 Aldehyde dehydrogenase family protein	1.763E-19	1.000	726	9	330	527	25	342	406	328	0.611	0.783
LOKIASV2_4403_ESMFold_NAD-dependent_succinate-semialdehyde_dehydrogenase	AF-A0A1H4GFU8-F1-model_v4	AF-A0A1H4GFU8-F1-model_v4 Betaine-aldehyde dehydrogenase	6.094E-21	1.000	724	12	427	527	22	422	447	430	0.789	0.897
LOKIASV2_4403_ESMFold_NAD-dependent_succinate-semialdehyde_dehydrogenase	AF-B7QDA8-F1-model_v4	AF-B7QDA8-F1-model_v4 Aldehyde dehydrogenase, putative	3.768E-19	1.000	723	229	472	527	51	292	298	249	0.463	0.812
LOKIASV2_4403_ESMFold_NAD-dependent_succinate-semialdehyde_dehydrogenase	AF-A0A259NE93-F1-model_v4	AF-A0A259NE93-F1-model_v4 Aldedh domain-containing protein	1.049E-20	1.000	722	169	468	527	2	292	318	301	0.569	0.915
LOKIASV2_4403_ESMFold_NAD-dependent_succinate-semialdehyde_dehydrogenase	AF-A0A0N4WCT4-F1-model_v4	AF-A0A0N4WCT4-F1-model_v4 Aldedh domain-containing protein	2.348E-22	1.000	720	31	430	527	11	519	520	532	0.759	0.979
LOKIASV2_4403_ESMFold_NAD-dependent_succinate-semialdehyde_dehydrogenase	AF-A0A453KUB8-F1-model_v4	AF-A0A453KUB8-F1-model_v4 Aldehyde dehydrogenase (NAD(+))	3.202E-19	1.000	719	136	390	527	34	289	310	260	0.484	0.826
LOKIASV2_4403_ESMFold_NAD-dependent_succinate-semialdehyde_dehydrogenase	AF-H2ZTZ0-F1-model_v4	AF-H2ZTZ0-F1-model_v4 Aldedh domain-containing protein	5.424E-23	1.000	718	166	527	527	2	362	397	376	0.687	0.909
LOKIASV2_4403_ESMFold_NAD-dependent_succinate-semialdehyde_dehydrogenase	AF-A0A660LD77-F1-model_v4	AF-A0A660LD77-F1-model_v4 Acyl-CoA reductase-like NAD-dependent aldehyde dehydrogenase	5.727E-23	1.000	718	33	526	527	2	415	417	506	0.937	0.993
LOKIASV2_4403_ESMFold_NAD-dependent_succinate-semialdehyde_dehydrogenase	AF-A0A533IGF6-F1-model_v4	AF-A0A533IGF6-F1-model_v4 Aldehyde dehydrogenase family protein	1.419E-19	1.000	717	9	330	527	21	339	342	327	0.611	0.933
LOKIASV2_4403_ESMFold_NAD-dependent_succinate-semialdehyde_dehydrogenase	AF-A0A519YVZ6-F1-model_v4	AF-A0A519YVZ6-F1-model_v4 Aldehyde dehydrogenase family protein	1.569E-21	1.000	717	15	400	527	48	425	435	407	0.732	0.869
LOKIASV2_4403_ESMFold_NAD-dependent_succinate-semialdehyde_dehydrogenase	AF-A0A357IDB9-F1-model_v4	AF-A0A357IDB9-F1-model_v4 Succinate-semialdehyde dehydrogenase (NADP(+))	1.722E-18	1.000	713	245	472	527	1	222	226	231	0.433	0.982
LOKIASV2_4403_ESMFold_NAD-dependent_succinate-semialdehyde_dehydrogenase	AF-A0A7C5M0X0-F1-model_v4	AF-A0A7C5M0X0-F1-model_v4 Aldehyde dehydrogenase family protein	3.569E-19	1.000	713	9	342	527	34	370	372	339	0.634	0.906
LOKIASV2_4403_ESMFold_NAD-dependent_succinate-semialdehyde_dehydrogenase	AF-A0A7S3LT71-F1-model_v4	AF-A0A7S3LT71-F1-model_v4 Methylmalonate-semialdehyde dehydrogenase (CoA acylating)	2.312E-19	1.000	712	9	344	527	17	345	346	341	0.638	0.951
LOKIASV2_4403_ESMFold_NAD-dependent_succinate-semialdehyde_dehydrogenase	AF-A0A2E7MUM9-F1-model_v4	AF-A0A2E7MUM9-F1-model_v4 Aldedh domain-containing protein	5.510E-19	1.000	710	253	481	527	2	221	223	236	0.435	0.987
LOKIASV2_4403_ESMFold_NAD-dependent_succinate-semialdehyde_dehydrogenase	AF-W4TPM4-F1-model_v4	AF-W4TPM4-F1-model_v4 Succinate-semialdehyde dehydrogenase	2.312E-19	1.000	707	13	326	527	30	336	338	315	0.596	0.908
LOKIASV2_4403_ESMFold_NAD-dependent_succinate-semialdehyde_dehydrogenase	AF-A0A101XEU0-F1-model_v4	AF-A0A101XEU0-F1-model_v4 Aldedh domain-containing protein	3.653E-20	1.000	706	96	414	527	5	319	322	326	0.605	0.978
LOKIASV2_4403_ESMFold_NAD-dependent_succinate-semialdehyde_dehydrogenase	AF-G9QIX7-F1-model_v4	AF-G9QIX7-F1-model_v4 Aldedh domain-containing protein	5.383E-18	1.000	704	261	472	527	2	211	215	213	0.402	0.977
LOKIASV2_4403_ESMFold_NAD-dependent_succinate-semialdehyde_dehydrogenase	AF-A0A3S4IBM6-F1-model_v4	AF-A0A3S4IBM6-F1-model_v4 Succinate semialdehyde dehydrogenase [NAD(P)+] Sad	1.419E-19	1.000	704	13	321	527	3	296	300	311	0.586	0.980
LOKIASV2_4403_ESMFold_NAD-dependent_succinate-semialdehyde_dehydrogenase	AF-A0A6P7GN65-F1-model_v4	AF-A0A6P7GN65-F1-model_v4 uncharacterized protein LOC114340097 isoform X1	3.827E-22	1.000	703	8	466	527	47	479	702	483	0.871	0.617
LOKIASV2_4403_ESMFold_NAD-dependent_succinate-semialdehyde_dehydrogenase	AF-A3AW02-F1-model_v4	AF-A3AW02-F1-model_v4 Aldedh domain-containing protein	2.294E-21	1.000	701	157	522	527	10	361	363	373	0.694	0.970
LOKIASV2_4403_ESMFold_NAD-dependent_succinate-semialdehyde_dehydrogenase	AF-R8BCN3-F1-model_v4	AF-R8BCN3-F1-model_v4 Putative delta-1-pyrroline-5-carboxylate dehydrogenase protein	3.177E-21	1.000	700	86	432	527	6	358	359	369	0.658	0.983
LOKIASV2_4403_ESMFold_NAD-dependent_succinate-semialdehyde_dehydrogenase	AF-U3TTU7-F1-model_v4	AF-U3TTU7-F1-model_v4 Aldehyde dehydrogenase	9.703E-20	1.000	697	12	342	527	2	326	334	337	0.628	0.973
LOKIASV2_4403_ESMFold_NAD-dependent_succinate-semialdehyde_dehydrogenase	AF-A0A7Y6JTJ6-F1-model_v4	AF-A0A7Y6JTJ6-F1-model_v4 Aldehyde dehydrogenase family protein	3.277E-20	1.000	694	168	495	527	1	325	328	337	0.622	0.991
LOKIASV2_4403_ESMFold_NAD-dependent_succinate-semialdehyde_dehydrogenase	AF-A0A835IHM0-F1-model_v4	AF-A0A835IHM0-F1-model_v4 Uncharacterized protein	1.133E-21	1.000	693	133	515	527	60	429	432	394	0.727	0.856
LOKIASV2_4403_ESMFold_NAD-dependent_succinate-semialdehyde_dehydrogenase	AF-J2WH26-F1-model_v4	AF-J2WH26-F1-model_v4 NAD-dependent aldehyde dehydrogenase	5.099E-18	1.000	691	13	302	527	33	314	315	291	0.550	0.895
LOKIASV2_4403_ESMFold_NAD-dependent_succinate-semialdehyde_dehydrogenase	AF-E4ND72-F1-model_v4	AF-E4ND72-F1-model_v4 Putative oxidoreductase	4.905E-21	1.000	690	59	481	527	4	388	389	440	0.803	0.990
LOKIASV2_4403_ESMFold_NAD-dependent_succinate-semialdehyde_dehydrogenase	AF-A0A523SI58-F1-model_v4	AF-A0A523SI58-F1-model_v4 Aldehyde dehydrogenase family protein	1.178E-18	1.000	686	8	336	527	23	348	352	334	0.624	0.926
LOKIASV2_4403_ESMFold_NAD-dependent_succinate-semialdehyde_dehydrogenase	AF-A0A7Z0W9W8-F1-model_v4	AF-A0A7Z0W9W8-F1-model_v4 Aldehyde dehydrogenase (NAD(+))	7.630E-19	1.000	685	191	490	527	2	299	300	306	0.569	0.993
LOKIASV2_4403_ESMFold_NAD-dependent_succinate-semialdehyde_dehydrogenase	AF-X8DCH1-F1-model_v4	AF-X8DCH1-F1-model_v4 Aldehyde dehydrogenase family protein	5.059E-20	1.000	685	13	378	527	28	388	413	379	0.694	0.874
LOKIASV2_4403_ESMFold_NAD-dependent_succinate-semialdehyde_dehydrogenase	AF-A0A7X8FT49-F1-model_v4	AF-A0A7X8FT49-F1-model_v4 Aldehyde dehydrogenase family protein	4.135E-23	1.000	683	33	482	527	4	450	456	491	0.854	0.980
LOKIASV2_4403_ESMFold_NAD-dependent_succinate-semialdehyde_dehydrogenase	AF-A0A430LYG3-F1-model_v4	AF-A0A430LYG3-F1-model_v4 Aldedh domain-containing protein	6.335E-18	1.000	681	9	299	527	33	322	323	296	0.552	0.898
LOKIASV2_4403_ESMFold_NAD-dependent_succinate-semialdehyde_dehydrogenase	AF-A0A6P4SZJ9-F1-model_v4	AF-A0A6P4SZJ9-F1-model_v4 aldehyde dehydrogenase family 3 member B1 isoform X4	2.294E-21	1.000	681	70	400	527	4	336	361	348	0.628	0.922
LOKIASV2_4403_ESMFold_NAD-dependent_succinate-semialdehyde_dehydrogenase	AF-A0A6A4RT48-F1-model_v4	AF-A0A6A4RT48-F1-model_v4 Aldedh domain-containing protein	7.630E-19	1.000	680	166	448	527	1	274	275	285	0.537	0.996
LOKIASV2_4403_ESMFold_NAD-dependent_succinate-semialdehyde_dehydrogenase	AF-A0A849EDL2-F1-model_v4	AF-A0A849EDL2-F1-model_v4 Aldehyde dehydrogenase family protein	1.386E-18	1.000	678	215	482	527	1	272	282	278	0.509	0.965
LOKIASV2_4403_ESMFold_NAD-dependent_succinate-semialdehyde_dehydrogenase	AF-A0A3D0P3Z2-F1-model_v4	AF-A0A3D0P3Z2-F1-model_v4 Aldehyde dehydrogenase	9.050E-17	1.000	675	7	230	527	7	229	230	224	0.425	0.970
LOKIASV2_4403_ESMFold_NAD-dependent_succinate-semialdehyde_dehydrogenase	AF-F0GF65-F1-model_v4	AF-F0GF65-F1-model_v4 Succinate-semialdehyde dehydrogenase (NAD(P)(+))	1.510E-17	1.000	671	248	481	527	1	229	234	238	0.444	0.979
LOKIASV2_4403_ESMFold_NAD-dependent_succinate-semialdehyde_dehydrogenase	AF-A0A2X3EWP0-F1-model_v4	AF-A0A2X3EWP0-F1-model_v4 4-aminobutyraldehyde dehydrogenase	5.383E-18	1.000	670	9	310	527	154	451	461	304	0.573	0.646
LOKIASV2_4403_ESMFold_NAD-dependent_succinate-semialdehyde_dehydrogenase	AF-A0A0D0IIR8-F1-model_v4	AF-A0A0D0IIR8-F1-model_v4 Aldedh domain-containing protein	5.954E-20	1.000	667	38	504	527	525	978	1167	484	0.886	0.389
LOKIASV2_4403_ESMFold_NAD-dependent_succinate-semialdehyde_dehydrogenase	AF-A0A1Q7A373-F1-model_v4	AF-A0A1Q7A373-F1-model_v4 Aldedh domain-containing protein	1.683E-17	1.000	666	263	477	527	34	244	244	218	0.408	0.865
LOKIASV2_4403_ESMFold_NAD-dependent_succinate-semialdehyde_dehydrogenase	AF-A0A2W5CV60-F1-model_v4	AF-A0A2W5CV60-F1-model_v4 Aldehyde dehydrogenase	2.091E-17	1.000	666	39	295	527	16	269	269	257	0.488	0.944
LOKIASV2_4403_ESMFold_NAD-dependent_succinate-semialdehyde_dehydrogenase	AF-A0A4U3BMR1-F1-model_v4	AF-A0A4U3BMR1-F1-model_v4 Aldehyde dehydrogenase family protein	6.899E-17	1.000	665	211	462	527	2	256	256	257	0.478	0.996
LOKIASV2_4403_ESMFold_NAD-dependent_succinate-semialdehyde_dehydrogenase	AF-A0A7C5J007-F1-model_v4	AF-A0A7C5J007-F1-model_v4 Aldehyde dehydrogenase family protein	4.905E-21	1.000	665	104	480	527	3	385	642	402	0.715	0.597
LOKIASV2_4403_ESMFold_NAD-dependent_succinate-semialdehyde_dehydrogenase	AF-A0A5N5E9D1-F1-model_v4	AF-A0A5N5E9D1-F1-model_v4 Aldehyde dehydrogenase	1.776E-17	1.000	662	1	278	527	16	290	290	278	0.528	0.948
LOKIASV2_4403_ESMFold_NAD-dependent_succinate-semialdehyde_dehydrogenase	AF-A0A534W0B1-F1-model_v4	AF-A0A534W0B1-F1-model_v4 Aldehyde dehydrogenase family protein	2.259E-18	1.000	660	10	297	527	27	311	312	294	0.546	0.913
LOKIASV2_4403_ESMFold_NAD-dependent_succinate-semialdehyde_dehydrogenase	AF-A0A833PBU5-F1-model_v4	AF-A0A833PBU5-F1-model_v4 NADP/NAD-dependent aldehyde dehydrogenase PuuC	6.000E-18	1.000	654	37	324	527	5	291	291	295	0.546	0.986
LOKIASV2_4403_ESMFold_NAD-dependent_succinate-semialdehyde_dehydrogenase	AF-A0A1B8S8C9-F1-model_v4	AF-A0A1B8S8C9-F1-model_v4 Betaine-aldehyde dehydrogenase	2.518E-18	1.000	650	12	310	527	18	322	324	312	0.567	0.941
LOKIASV2_4403_ESMFold_NAD-dependent_succinate-semialdehyde_dehydrogenase	AF-A0A6I4MB68-F1-model_v4	AF-A0A6I4MB68-F1-model_v4 Aldehyde dehydrogenase family protein	2.011E-20	1.000	645	5	435	527	6	364	394	442	0.818	0.911
LOKIASV2_4403_ESMFold_NAD-dependent_succinate-semialdehyde_dehydrogenase	AF-A0A537IFU8-F1-model_v4	AF-A0A537IFU8-F1-model_v4 Aldehyde dehydrogenase family protein	4.233E-17	1.000	642	274	480	527	2	203	215	207	0.393	0.940
LOKIASV2_4403_ESMFold_NAD-dependent_succinate-semialdehyde_dehydrogenase	AF-X1NXY2-F1-model_v4	AF-X1NXY2-F1-model_v4 Aldedh domain-containing protein	1.283E-17	1.000	642	47	326	527	3	278	280	284	0.531	0.986
LOKIASV2_4403_ESMFold_NAD-dependent_succinate-semialdehyde_dehydrogenase	AF-A0A6V8KYL1-F1-model_v4	AF-A0A6V8KYL1-F1-model_v4 Aldedh domain-containing protein	7.455E-18	1.000	638	13	309	527	27	322	342	306	0.564	0.865
LOKIASV2_4403_ESMFold_NAD-dependent_succinate-semialdehyde_dehydrogenase	AF-A0A3M6YL55-F1-model_v4	AF-A0A3M6YL55-F1-model_v4 Uncharacterized protein	1.178E-18	1.000	637	184	481	527	2	281	281	301	0.565	0.996
LOKIASV2_4403_ESMFold_NAD-dependent_succinate-semialdehyde_dehydrogenase	AF-A0A359MJZ5-F1-model_v4	AF-A0A359MJZ5-F1-model_v4 2-hydroxymuconic semialdehyde dehydrogenase	4.469E-17	1.000	636	9	292	527	16	296	297	286	0.539	0.946
LOKIASV2_4403_ESMFold_NAD-dependent_succinate-semialdehyde_dehydrogenase	AF-A0A198XSJ6-F1-model_v4	AF-A0A198XSJ6-F1-model_v4 Proline dehydrogenase Proline oxidase	1.283E-17	1.000	636	13	330	527	563	864	866	327	0.603	0.349
LOKIASV2_4403_ESMFold_NAD-dependent_succinate-semialdehyde_dehydrogenase	AF-A0A533N7Z7-F1-model_v4	AF-A0A533N7Z7-F1-model_v4 Aldehyde dehydrogenase family protein	1.736E-16	1.000	635	255	481	527	1	227	232	229	0.431	0.978
LOKIASV2_4403_ESMFold_NAD-dependent_succinate-semialdehyde_dehydrogenase	AF-A0A7S3RDC6-F1-model_v4	AF-A0A7S3RDC6-F1-model_v4 Methylmalonate-semialdehyde dehydrogenase (CoA acylating)	1.354E-17	1.000	633	165	464	527	14	312	313	310	0.569	0.955
LOKIASV2_4403_ESMFold_NAD-dependent_succinate-semialdehyde_dehydrogenase	AF-A0A425C5E8-F1-model_v4	AF-A0A425C5E8-F1-model_v4 Methylmalonate-semialdehyde dehydrogenase (CoA acylating)	8.980E-19	1.000	633	12	391	527	37	359	421	382	0.721	0.767
LOKIASV2_4403_ESMFold_NAD-dependent_succinate-semialdehyde_dehydrogenase	AF-C7XLY1-F1-model_v4	AF-C7XLY1-F1-model_v4 Aldehyde-alcohol dehydrogenase 2	1.950E-21	1.000	633	33	481	527	20	465	694	490	0.852	0.643
LOKIASV2_4403_ESMFold_NAD-dependent_succinate-semialdehyde_dehydrogenase	AF-A0A357RR70-F1-model_v4	AF-A0A357RR70-F1-model_v4 Sorbosone dehydrogenase	4.233E-17	1.000	632	266	479	527	2	214	217	219	0.406	0.982
LOKIASV2_4403_ESMFold_NAD-dependent_succinate-semialdehyde_dehydrogenase	AF-A0A2D8TKW4-F1-model_v4	AF-A0A2D8TKW4-F1-model_v4 Aldehyde dehydrogenase	2.742E-17	1.000	631	13	297	527	24	307	308	291	0.541	0.922
LOKIASV2_4403_ESMFold_NAD-dependent_succinate-semialdehyde_dehydrogenase	AF-A0A444TL07-F1-model_v4	AF-A0A444TL07-F1-model_v4 4-trimethylaminobutyraldehyde dehydrogenase	5.099E-18	1.000	631	8	295	527	30	311	312	295	0.546	0.904
LOKIASV2_4403_ESMFold_NAD-dependent_succinate-semialdehyde_dehydrogenase	AF-A0A6I3HAM6-F1-model_v4	AF-A0A6I3HAM6-F1-model_v4 Aldehyde dehydrogenase family protein	4.982E-17	1.000	622	216	489	527	1	266	277	281	0.520	0.960
LOKIASV2_4403_ESMFold_NAD-dependent_succinate-semialdehyde_dehydrogenase	AF-A0A7Y3I380-F1-model_v4	AF-A0A7Y3I380-F1-model_v4 Aldehyde dehydrogenase family protein	8.119E-17	1.000	620	264	472	527	2	209	214	214	0.397	0.972
LOKIASV2_4403_ESMFold_NAD-dependent_succinate-semialdehyde_dehydrogenase	AF-A0A7C3UV11-F1-model_v4	AF-A0A7C3UV11-F1-model_v4 Aldehyde dehydrogenase family protein	2.173E-21	1.000	619	3	481	527	22	468	468	520	0.909	0.955
LOKIASV2_4403_ESMFold_NAD-dependent_succinate-semialdehyde_dehydrogenase	AF-A0A6N6PTH3-F1-model_v4	AF-A0A6N6PTH3-F1-model_v4 Aldehyde dehydrogenase family protein	4.367E-16	1.000	616	257	477	527	2	225	226	226	0.419	0.991
LOKIASV2_4403_ESMFold_NAD-dependent_succinate-semialdehyde_dehydrogenase	AF-A0A453NKU3-F1-model_v4	AF-A0A453NKU3-F1-model_v4 Aldedh domain-containing protein	9.335E-16	1.000	616	13	246	527	55	284	329	236	0.444	0.699
LOKIASV2_4403_ESMFold_NAD-dependent_succinate-semialdehyde_dehydrogenase	AF-A0A2Z6AMX2-F1-model_v4	AF-A0A2Z6AMX2-F1-model_v4 Benzaldehyde dehydrogenase (NAD(+))	5.728E-16	1.000	614	255	481	527	2	222	224	227	0.431	0.987
LOKIASV2_4403_ESMFold_NAD-dependent_succinate-semialdehyde_dehydrogenase	AF-A0A658JKH3-F1-model_v4	AF-A0A658JKH3-F1-model_v4 Aldehyde dehydrogenase family protein	6.385E-16	1.000	613	261	481	527	2	214	214	222	0.419	0.995
LOKIASV2_4403_ESMFold_NAD-dependent_succinate-semialdehyde_dehydrogenase	AF-A0A090R5C9-F1-model_v4	AF-A0A090R5C9-F1-model_v4 Methylmalonate-semialdehyde dehydrogenase	1.009E-16	1.000	612	202	481	527	3	283	319	291	0.531	0.881
LOKIASV2_4403_ESMFold_NAD-dependent_succinate-semialdehyde_dehydrogenase	AF-A0A388JSR8-F1-model_v4	AF-A0A388JSR8-F1-model_v4 Aldedh domain-containing protein	4.333E-18	1.000	610	13	333	527	34	328	332	329	0.609	0.889
LOKIASV2_4403_ESMFold_NAD-dependent_succinate-semialdehyde_dehydrogenase	AF-R9JES8-F1-model_v4	AF-R9JES8-F1-model_v4 Propionaldehyde dehydrogenase	8.439E-21	1.000	610	30	481	527	31	462	462	490	0.858	0.935
LOKIASV2_4403_ESMFold_NAD-dependent_succinate-semialdehyde_dehydrogenase	AF-A0A4U8Q977-F1-model_v4	AF-A0A4U8Q977-F1-model_v4 Aldehyde-alcohol dehydrogenase	2.011E-20	1.000	609	33	510	527	11	486	487	520	0.907	0.977
LOKIASV2_4403_ESMFold_NAD-dependent_succinate-semialdehyde_dehydrogenase	AF-A0A4Y7KK67-F1-model_v4	AF-A0A4Y7KK67-F1-model_v4 Aldedh domain-containing protein	1.099E-15	1.000	608	13	244	527	48	275	367	234	0.440	0.621
LOKIASV2_4403_ESMFold_NAD-dependent_succinate-semialdehyde_dehydrogenase	AF-A0A3C0KGN5-F1-model_v4	AF-A0A3C0KGN5-F1-model_v4 Coniferyl aldehyde dehydrogenase	1.354E-17	1.000	606	35	344	527	5	309	320	317	0.588	0.953
LOKIASV2_4403_ESMFold_NAD-dependent_succinate-semialdehyde_dehydrogenase	AF-A0A542QK48-F1-model_v4	AF-A0A542QK48-F1-model_v4 Aldehyde dehydrogenase family protein	3.227E-17	1.000	602	13	479	527	18	314	315	477	0.886	0.943
LOKIASV2_4403_ESMFold_NAD-dependent_succinate-semialdehyde_dehydrogenase	AF-T1AJY2-F1-model_v4	AF-T1AJY2-F1-model_v4 Delta-1-pyrroline-5-carboxylate dehydrogenase	4.610E-16	1.000	601	168	391	527	1	223	226	226	0.425	0.987
LOKIASV2_4403_ESMFold_NAD-dependent_succinate-semialdehyde_dehydrogenase	AF-A0A0G1KF28-F1-model_v4	AF-A0A0G1KF28-F1-model_v4 Aldedh domain-containing protein	1.082E-19	1.000	601	58	474	527	6	395	396	438	0.791	0.985
LOKIASV2_4403_ESMFold_NAD-dependent_succinate-semialdehyde_dehydrogenase	AF-A0A3E2CIX4-F1-model_v4	AF-A0A3E2CIX4-F1-model_v4 Bifunctional acetaldehyde-CoA/alcohol dehydrogenase	2.123E-20	1.000	601	33	481	527	30	479	848	488	0.852	0.531
LOKIASV2_4403_ESMFold_NAD-dependent_succinate-semialdehyde_dehydrogenase	AF-A0A4R2P9G3-F1-model_v4	AF-A0A4R2P9G3-F1-model_v4 Acetaldehyde dehydrogenase	5.300E-22	1.000	600	33	504	527	10	484	486	520	0.896	0.977
LOKIASV2_4403_ESMFold_NAD-dependent_succinate-semialdehyde_dehydrogenase	AF-A0A4P9VTP8-F1-model_v4	AF-A0A4P9VTP8-F1-model_v4 Aldehyde/histidinol dehydrogenase	1.776E-17	1.000	599	9	342	527	107	439	441	349	0.634	0.755
LOKIASV2_4403_ESMFold_NAD-dependent_succinate-semialdehyde_dehydrogenase	AF-A0A3M8ESM0-F1-model_v4	AF-A0A3M8ESM0-F1-model_v4 Aldehyde dehydrogenase family protein	5.219E-19	1.000	598	33	477	527	5	445	446	478	0.844	0.989
LOKIASV2_4403_ESMFold_NAD-dependent_succinate-semialdehyde_dehydrogenase	AF-R9MPC7-F1-model_v4	AF-R9MPC7-F1-model_v4 Aldedh domain-containing protein	1.234E-20	1.000	597	34	520	527	12	489	493	523	0.924	0.970
LOKIASV2_4403_ESMFold_NAD-dependent_succinate-semialdehyde_dehydrogenase	AF-X6MX25-F1-model_v4	AF-X6MX25-F1-model_v4 Aldehyde dehydrogenase family 7 member A1	4.756E-15	1.000	596	245	436	527	2	197	258	198	0.364	0.760
LOKIASV2_4403_ESMFold_NAD-dependent_succinate-semialdehyde_dehydrogenase	AF-W7DWD7-F1-model_v4	AF-W7DWD7-F1-model_v4 Aldehyde-alcohol dehydrogenase	2.700E-21	1.000	596	34	481	527	7	452	870	497	0.850	0.513
LOKIASV2_4403_ESMFold_NAD-dependent_succinate-semialdehyde_dehydrogenase	AF-A0A7V5PPM5-F1-model_v4	AF-A0A7V5PPM5-F1-model_v4 Aldehyde dehydrogenase family protein	1.225E-15	1.000	593	1	204	527	1	204	204	204	0.387	1.000
LOKIASV2_4403_ESMFold_NAD-dependent_succinate-semialdehyde_dehydrogenase	AF-A0A7V2WHN2-F1-model_v4	AF-A0A7V2WHN2-F1-model_v4 Aldehyde dehydrogenase family protein	4.469E-17	1.000	593	238	504	527	3	264	264	269	0.507	0.992
LOKIASV2_4403_ESMFold_NAD-dependent_succinate-semialdehyde_dehydrogenase	AF-A0A317HCS8-F1-model_v4	AF-A0A317HCS8-F1-model_v4 Betaine-aldehyde dehydrogenase	5.021E-15	1.000	592	13	251	527	21	256	256	245	0.454	0.922
LOKIASV2_4403_ESMFold_NAD-dependent_succinate-semialdehyde_dehydrogenase	AF-A0A7Y2QC60-F1-model_v4	AF-A0A7Y2QC60-F1-model_v4 Aldehyde dehydrogenase family protein	1.606E-15	1.000	591	9	281	527	16	283	293	275	0.518	0.915
LOKIASV2_4403_ESMFold_NAD-dependent_succinate-semialdehyde_dehydrogenase	AF-A0A435FF36-F1-model_v4	AF-A0A435FF36-F1-model_v4 Aldehyde dehydrogenase family protein	1.890E-15	1.000	590	198	405	527	2	211	211	212	0.395	0.995
LOKIASV2_4403_ESMFold_NAD-dependent_succinate-semialdehyde_dehydrogenase	AF-A0A8A7KF47-F1-model_v4	AF-A0A8A7KF47-F1-model_v4 Aldehyde dehydrogenase family protein	4.539E-20	1.000	589	30	472	527	35	456	465	472	0.841	0.908
LOKIASV2_4403_ESMFold_NAD-dependent_succinate-semialdehyde_dehydrogenase	AF-A0A3M1SWX1-F1-model_v4	AF-A0A3M1SWX1-F1-model_v4 Aldehyde dehydrogenase family protein	2.785E-20	1.000	589	30	501	527	5	475	480	523	0.896	0.981
LOKIASV2_4403_ESMFold_NAD-dependent_succinate-semialdehyde_dehydrogenase	AF-A0A0P9ZG68-F1-model_v4	AF-A0A0P9ZG68-F1-model_v4 Benzaldehyde dehydrogenase	1.041E-15	1.000	588	15	278	527	2	262	262	270	0.501	0.996
LOKIASV2_4403_ESMFold_NAD-dependent_succinate-semialdehyde_dehydrogenase	AF-A0A7X6H4V8-F1-model_v4	AF-A0A7X6H4V8-F1-model_v4 Aldehyde dehydrogenase family protein	2.742E-17	1.000	588	9	295	527	17	303	304	299	0.545	0.944
LOKIASV2_4403_ESMFold_NAD-dependent_succinate-semialdehyde_dehydrogenase	AF-A0A0B7K8P6-F1-model_v4	AF-A0A0B7K8P6-F1-model_v4 Uncharacterized protein	2.207E-24	1.000	588	8	491	527	19	427	428	490	0.918	0.956
LOKIASV2_4403_ESMFold_NAD-dependent_succinate-semialdehyde_dehydrogenase	AF-A0A348WDB4-F1-model_v4	AF-A0A348WDB4-F1-model_v4 Aldehyde dehydrogenase	1.293E-15	1.000	587	13	293	527	3	277	278	282	0.533	0.989
LOKIASV2_4403_ESMFold_NAD-dependent_succinate-semialdehyde_dehydrogenase	AF-W7A0U0-F1-model_v4	AF-W7A0U0-F1-model_v4 Aldedh domain-containing protein	1.606E-15	1.000	585	214	459	527	1	229	230	257	0.467	0.996
LOKIASV2_4403_ESMFold_NAD-dependent_succinate-semialdehyde_dehydrogenase	AF-A0A178FTF9-F1-model_v4	AF-A0A178FTF9-F1-model_v4 Aldedh domain-containing protein	5.021E-15	1.000	585	13	265	527	36	287	289	258	0.480	0.872
LOKIASV2_4403_ESMFold_NAD-dependent_succinate-semialdehyde_dehydrogenase	AF-A0A183LB10-F1-model_v4	AF-A0A183LB10-F1-model_v4 Aldedh domain-containing protein	2.480E-15	1.000	584	9	259	527	25	273	295	256	0.476	0.844
LOKIASV2_4403_ESMFold_NAD-dependent_succinate-semialdehyde_dehydrogenase	AF-A0A0U1D002-F1-model_v4	AF-A0A0U1D002-F1-model_v4 Aldehyde dehydrogenase (NAD(+))	1.099E-15	1.000	579	228	490	527	2	262	263	268	0.499	0.992
LOKIASV2_4403_ESMFold_NAD-dependent_succinate-semialdehyde_dehydrogenase	AF-Q5BW35-F1-model_v4	AF-Q5BW35-F1-model_v4 SJCHGC09324 protein	5.728E-16	1.000	578	35	331	527	4	296	297	300	0.564	0.987
LOKIASV2_4403_ESMFold_NAD-dependent_succinate-semialdehyde_dehydrogenase	AF-A0A350B7N8-F1-model_v4	AF-A0A350B7N8-F1-model_v4 Bifunctional acetaldehyde-CoA/alcohol dehydrogenase	2.499E-20	1.000	576	33	481	527	18	484	788	501	0.852	0.593
LOKIASV2_4403_ESMFold_NAD-dependent_succinate-semialdehyde_dehydrogenase	AF-Q4W6F9-F1-model_v4	AF-Q4W6F9-F1-model_v4 Aldehyde dehydrogenase	4.756E-15	1.000	575	9	263	527	16	266	271	259	0.484	0.926
LOKIASV2_4403_ESMFold_NAD-dependent_succinate-semialdehyde_dehydrogenase	AF-A0A2P2MR93-F1-model_v4	AF-A0A2P2MR93-F1-model_v4 Aldehyde dehydrogenase 22A1	2.107E-15	1.000	574	23	267	527	2	247	254	249	0.465	0.969
LOKIASV2_4403_ESMFold_NAD-dependent_succinate-semialdehyde_dehydrogenase	AF-X8BLA9-F1-model_v4	AF-X8BLA9-F1-model_v4 Aldehyde dehydrogenase family protein	1.124E-16	1.000	572	202	491	527	4	273	294	290	0.550	0.918
LOKIASV2_4403_ESMFold_NAD-dependent_succinate-semialdehyde_dehydrogenase	AF-A0A7S3XUC8-F1-model_v4	AF-A0A7S3XUC8-F1-model_v4 Hypothetical protein	1.365E-15	1.000	572	28	333	527	1	305	308	316	0.581	0.990
LOKIASV2_4403_ESMFold_NAD-dependent_succinate-semialdehyde_dehydrogenase	AF-A0A3D3SDK1-F1-model_v4	AF-A0A3D3SDK1-F1-model_v4 Aldehyde dehydrogenase	1.581E-19	1.000	570	34	490	527	3	461	461	508	0.867	0.996
LOKIASV2_4403_ESMFold_NAD-dependent_succinate-semialdehyde_dehydrogenase	AF-A0A3M1ASG0-F1-model_v4	AF-A0A3M1ASG0-F1-model_v4 Aldehyde dehydrogenase family protein	2.829E-16	1.000	568	231	501	527	2	273	279	279	0.514	0.975
LOKIASV2_4403_ESMFold_NAD-dependent_succinate-semialdehyde_dehydrogenase	AF-A0A377CWC8-F1-model_v4	AF-A0A377CWC8-F1-model_v4 Aldehyde dehydrogenase A	1.041E-15	1.000	568	9	279	527	19	285	298	278	0.514	0.896
LOKIASV2_4403_ESMFold_NAD-dependent_succinate-semialdehyde_dehydrogenase	AF-S2VEW1-F1-model_v4	AF-S2VEW1-F1-model_v4 Uncharacterized protein	3.768E-19	1.000	568	20	472	527	2	449	970	491	0.860	0.462
LOKIASV2_4403_ESMFold_NAD-dependent_succinate-semialdehyde_dehydrogenase	AF-A0A7C7U8G4-F1-model_v4	AF-A0A7C7U8G4-F1-model_v4 Aldehyde dehydrogenase family protein	1.151E-17	1.000	567	251	509	527	2	234	237	262	0.491	0.983
LOKIASV2_4403_ESMFold_NAD-dependent_succinate-semialdehyde_dehydrogenase	AF-A0A822AU83-F1-model_v4	AF-A0A822AU83-F1-model_v4 Hypothetical protein	7.284E-17	1.000	567	228	527	527	2	285	304	304	0.569	0.934
LOKIASV2_4403_ESMFold_NAD-dependent_succinate-semialdehyde_dehydrogenase	AF-A0A2W4M9I0-F1-model_v4	AF-A0A2W4M9I0-F1-model_v4 Aldehyde dehydrogenase	1.557E-16	1.000	567	13	299	527	28	316	324	302	0.545	0.892
LOKIASV2_4403_ESMFold_NAD-dependent_succinate-semialdehyde_dehydrogenase	AF-A0A545TV78-F1-model_v4	AF-A0A545TV78-F1-model_v4 Aldehyde dehydrogenase EutE	2.577E-19	1.000	567	36	472	527	38	459	468	474	0.829	0.902
LOKIASV2_4403_ESMFold_NAD-dependent_succinate-semialdehyde_dehydrogenase	AF-A0A1Q6UHW6-F1-model_v4	AF-A0A1Q6UHW6-F1-model_v4 Aldehyde dehydrogenase EutE	5.639E-20	1.000	567	39	472	527	44	461	470	473	0.824	0.889
LOKIASV2_4403_ESMFold_NAD-dependent_succinate-semialdehyde_dehydrogenase	AF-A0A523I4P7-F1-model_v4	AF-A0A523I4P7-F1-model_v4 Aldehyde dehydrogenase EutE	2.785E-20	1.000	567	37	472	527	56	479	488	487	0.827	0.869
LOKIASV2_4403_ESMFold_NAD-dependent_succinate-semialdehyde_dehydrogenase	AF-A0A6N6XD69-F1-model_v4	AF-A0A6N6XD69-F1-model_v4 Aldehyde dehydrogenase family protein	3.740E-14	1.000	566	235	430	527	1	200	201	204	0.372	0.995
LOKIASV2_4403_ESMFold_NAD-dependent_succinate-semialdehyde_dehydrogenase	AF-A0A519QSN7-F1-model_v4	AF-A0A519QSN7-F1-model_v4 Aldehyde dehydrogenase family protein	8.842E-16	1.000	566	44	285	527	2	237	241	246	0.459	0.979
LOKIASV2_4403_ESMFold_NAD-dependent_succinate-semialdehyde_dehydrogenase	AF-A0A161Q1N1-F1-model_v4	AF-A0A161Q1N1-F1-model_v4 Aldehyde-alcohol dehydrogenase	1.273E-19	1.000	566	33	507	527	11	486	489	512	0.901	0.973
LOKIASV2_4403_ESMFold_NAD-dependent_succinate-semialdehyde_dehydrogenase	AF-A0A7V7WHS3-F1-model_v4	AF-A0A7V7WHS3-F1-model_v4 Aldehyde dehydrogenase family protein	1.696E-15	1.000	564	7	281	527	12	280	283	276	0.522	0.951
LOKIASV2_4403_ESMFold_NAD-dependent_succinate-semialdehyde_dehydrogenase	AF-A0A0W0FCL9-F1-model_v4	AF-A0A0W0FCL9-F1-model_v4 Putative NAD-aldehyde dehydrogenase	8.842E-16	1.000	561	242	483	527	3	280	281	281	0.459	0.989
LOKIASV2_4403_ESMFold_NAD-dependent_succinate-semialdehyde_dehydrogenase	AF-A0A2D4JIV7-F1-model_v4	AF-A0A2D4JIV7-F1-model_v4 Aldedh domain-containing protein	7.933E-16	1.000	561	38	368	527	82	400	400	332	0.628	0.798
LOKIASV2_4403_ESMFold_NAD-dependent_succinate-semialdehyde_dehydrogenase	AF-A0A6G5QIS5-F1-model_v4	AF-A0A6G5QIS5-F1-model_v4 Gamma-glutamyl phosphate reductase	8.056E-19	1.000	561	35	480	527	3	415	415	480	0.846	0.995
LOKIASV2_4403_ESMFold_NAD-dependent_succinate-semialdehyde_dehydrogenase	AF-A0A7S7ETQ1-F1-model_v4	AF-A0A7S7ETQ1-F1-model_v4 Aldehyde dehydrogenase family protein	1.082E-19	1.000	561	33	507	527	11	492	495	535	0.901	0.974
LOKIASV2_4403_ESMFold_NAD-dependent_succinate-semialdehyde_dehydrogenase	AF-A0A813LBM3-F1-model_v4	AF-A0A813LBM3-F1-model_v4 Hypothetical protein	1.196E-14	1.000	558	37	309	527	2	269	274	276	0.518	0.978
LOKIASV2_4403_ESMFold_NAD-dependent_succinate-semialdehyde_dehydrogenase	AF-A0A3D0P5R9-F1-model_v4	AF-A0A3D0P5R9-F1-model_v4 Acetaldehyde dehydrogenase	8.505E-19	1.000	558	33	510	527	9	487	579	520	0.907	0.827
LOKIASV2_4403_ESMFold_NAD-dependent_succinate-semialdehyde_dehydrogenase	AF-R8BGP3-F1-model_v4	AF-R8BGP3-F1-model_v4 Putative aldehyde dehydrogenase protein	7.341E-15	1.000	554	9	279	527	54	321	321	276	0.514	0.835
LOKIASV2_4403_ESMFold_NAD-dependent_succinate-semialdehyde_dehydrogenase	AF-A0A212JC49-F1-model_v4	AF-A0A212JC49-F1-model_v4 Sulfoacetaldehyde dehydrogenase (Acylating)	5.510E-19	1.000	554	38	505	527	13	461	463	512	0.888	0.970
LOKIASV2_4403_ESMFold_NAD-dependent_succinate-semialdehyde_dehydrogenase	AF-A0A2N3X122-F1-model_v4	AF-A0A2N3X122-F1-model_v4 Sulfoacetaldehyde dehydrogenase	1.545E-18	1.000	554	33	490	527	10	470	470	506	0.869	0.981
LOKIASV2_4403_ESMFold_NAD-dependent_succinate-semialdehyde_dehydrogenase	AF-A0A441V469-F1-model_v4	AF-A0A441V469-F1-model_v4 Aldehyde dehydrogenase family protein	7.341E-15	1.000	553	278	477	527	1	194	194	200	0.380	1.000
LOKIASV2_4403_ESMFold_NAD-dependent_succinate-semialdehyde_dehydrogenase	AF-A0A7K3DF89-F1-model_v4	AF-A0A7K3DF89-F1-model_v4 Aldehyde dehydrogenase family protein	5.596E-15	1.000	551	274	479	527	1	189	189	210	0.391	1.000
LOKIASV2_4403_ESMFold_NAD-dependent_succinate-semialdehyde_dehydrogenase	AF-A0A2S8JCG4-F1-model_v4	AF-A0A2S8JCG4-F1-model_v4 Betaine-aldehyde dehydrogenase	1.049E-13	1.000	548	13	248	527	35	271	271	239	0.448	0.875
LOKIASV2_4403_ESMFold_NAD-dependent_succinate-semialdehyde_dehydrogenase	AF-A0A2G9UKL1-F1-model_v4	AF-A0A2G9UKL1-F1-model_v4 Aldehyde dehydrogenase family protein	1.521E-15	1.000	548	38	482	527	10	315	319	447	0.844	0.959
LOKIASV2_4403_ESMFold_NAD-dependent_succinate-semialdehyde_dehydrogenase	AF-A0A7C3TGY3-F1-model_v4	AF-A0A7C3TGY3-F1-model_v4 Gamma-glutamyl phosphate reductase	2.659E-18	1.000	547	33	481	527	4	417	417	484	0.852	0.993
LOKIASV2_4403_ESMFold_NAD-dependent_succinate-semialdehyde_dehydrogenase	AF-A0A2U1RS20-F1-model_v4	AF-A0A2U1RS20-F1-model_v4 Coniferyl aldehyde dehydrogenase	9.121E-15	1.000	546	35	298	527	4	265	266	265	0.501	0.985
LOKIASV2_4403_ESMFold_NAD-dependent_succinate-semialdehyde_dehydrogenase	AF-A0A379SJG6-F1-model_v4	AF-A0A379SJG6-F1-model_v4 5-carboxymethyl-2-hydroxymuconate semialdehyde dehydrogenase	8.639E-15	1.000	546	11	255	527	16	255	294	250	0.465	0.816
LOKIASV2_4403_ESMFold_NAD-dependent_succinate-semialdehyde_dehydrogenase	AF-A0A651H080-F1-model_v4	AF-A0A651H080-F1-model_v4 Aldehyde dehydrogenase family protein	4.104E-18	1.000	546	34	486	527	13	460	531	483	0.860	0.844
LOKIASV2_4403_ESMFold_NAD-dependent_succinate-semialdehyde_dehydrogenase	AF-A6N0S4-F1-model_v4	AF-A6N0S4-F1-model_v4 Retinal dehydrogenase 1, putative expressed	5.021E-15	1.000	544	284	484	527	1	194	195	206	0.381	0.995
LOKIASV2_4403_ESMFold_NAD-dependent_succinate-semialdehyde_dehydrogenase	AF-A0A6N2HM95-F1-model_v4	AF-A0A6N2HM95-F1-model_v4 Aldehyde dehydrogenase family protein	3.057E-17	1.000	543	55	465	527	503	888	910	431	0.780	0.424
LOKIASV2_4403_ESMFold_NAD-dependent_succinate-semialdehyde_dehydrogenase	AF-A0A377J4I6-F1-model_v4	AF-A0A377J4I6-F1-model_v4 Proline dehydrogenase	3.227E-17	1.000	543	52	499	527	545	967	1144	473	0.850	0.370
LOKIASV2_4403_ESMFold_NAD-dependent_succinate-semialdehyde_dehydrogenase	AF-A0A2H1HRM7-F1-model_v4	AF-A0A2H1HRM7-F1-model_v4 Aldehyde dehydrogenase family protein	1.263E-14	1.000	540	188	405	527	2	215	232	219	0.414	0.922
LOKIASV2_4403_ESMFold_NAD-dependent_succinate-semialdehyde_dehydrogenase	AF-X8DJI9-F1-model_v4	AF-X8DJI9-F1-model_v4 Aldehyde dehydrogenase, dimeric NADP-preferring	7.514E-16	1.000	540	23	353	527	7	327	329	334	0.628	0.976
LOKIASV2_4403_ESMFold_NAD-dependent_succinate-semialdehyde_dehydrogenase	AF-A0A402EM65-F1-model_v4	AF-A0A402EM65-F1-model_v4 Uncharacterized protein	1.090E-17	1.000	537	33	525	527	20	393	401	500	0.935	0.933
LOKIASV2_4403_ESMFold_NAD-dependent_succinate-semialdehyde_dehydrogenase	AF-A0A3S1XJ30-F1-model_v4	AF-A0A3S1XJ30-F1-model_v4 Aldehyde dehydrogenase family protein	7.995E-14	1.000	536	13	251	527	29	265	270	243	0.454	0.878
LOKIASV2_4403_ESMFold_NAD-dependent_succinate-semialdehyde_dehydrogenase	AF-A0A3M1KRC9-F1-model_v4	AF-A0A3M1KRC9-F1-model_v4 Aldehyde dehydrogenase family protein	3.542E-14	1.000	535	9	248	527	14	244	245	241	0.455	0.943
LOKIASV2_4403_ESMFold_NAD-dependent_succinate-semialdehyde_dehydrogenase	AF-A0A2K2V5S2-F1-model_v4	AF-A0A2K2V5S2-F1-model_v4 Methylmalonate-semialdehyde dehydrogenase (CoA acylating)	4.401E-14	1.000	534	9	281	527	25	292	293	275	0.518	0.915
LOKIASV2_4403_ESMFold_NAD-dependent_succinate-semialdehyde_dehydrogenase	AF-A0A351MHR2-F1-model_v4	AF-A0A351MHR2-F1-model_v4 Aldehyde dehydrogenase EutE	1.920E-18	1.000	534	30	478	527	49	477	479	483	0.852	0.896
LOKIASV2_4403_ESMFold_NAD-dependent_succinate-semialdehyde_dehydrogenase	AF-A0A2B3N4Z0-F1-model_v4	AF-A0A2B3N4Z0-F1-model_v4 Betaine-aldehyde dehydrogenase	1.950E-14	1.000	532	292	477	527	2	183	183	186	0.353	0.995
LOKIASV2_4403_ESMFold_NAD-dependent_succinate-semialdehyde_dehydrogenase	AF-A0A523PF04-F1-model_v4	AF-A0A523PF04-F1-model_v4 Aldehyde dehydrogenase family protein	1.107E-13	1.000	532	11	261	527	74	319	329	252	0.476	0.748
LOKIASV2_4403_ESMFold_NAD-dependent_succinate-semialdehyde_dehydrogenase	AF-A0A3D4YPV6-F1-model_v4	AF-A0A3D4YPV6-F1-model_v4 Betaine-aldehyde dehydrogenase	1.334E-14	1.000	531	286	477	527	1	191	191	199	0.364	1.000
LOKIASV2_4403_ESMFold_NAD-dependent_succinate-semialdehyde_dehydrogenase	AF-A0A377UYC9-F1-model_v4	AF-A0A377UYC9-F1-model_v4 Succinate-semialdehyde dehydrogenase	2.423E-14	1.000	527	136	359	527	5	228	231	225	0.425	0.970
LOKIASV2_4403_ESMFold_NAD-dependent_succinate-semialdehyde_dehydrogenase	AF-A0A2D8Z0A4-F1-model_v4	AF-A0A2D8Z0A4-F1-model_v4 Sulfoacetaldehyde dehydrogenase	1.386E-18	1.000	527	41	490	527	2	456	456	505	0.854	0.998
LOKIASV2_4403_ESMFold_NAD-dependent_succinate-semialdehyde_dehydrogenase	AF-A0A0B8N165-F1-model_v4	AF-A0A0B8N165-F1-model_v4 Aldedh domain-containing protein	1.709E-13	1.000	522	10	251	527	21	259	266	246	0.459	0.898
LOKIASV2_4403_ESMFold_NAD-dependent_succinate-semialdehyde_dehydrogenase	AF-A0A7C6Z8P0-F1-model_v4	AF-A0A7C6Z8P0-F1-model_v4 Acetaldehyde dehydrogenase (Acetylating)	7.061E-18	1.000	522	33	501	527	10	461	621	511	0.890	0.728
LOKIASV2_4403_ESMFold_NAD-dependent_succinate-semialdehyde_dehydrogenase	AF-A0A521SIN2-F1-model_v4	AF-A0A521SIN2-F1-model_v4 Aldehyde dehydrogenase family protein	4.646E-14	1.000	521	281	481	527	1	201	201	205	0.381	1.000
LOKIASV2_4403_ESMFold_NAD-dependent_succinate-semialdehyde_dehydrogenase	AF-A0A661CV15-F1-model_v4	AF-A0A661CV15-F1-model_v4 Aldehyde dehydrogenase	1.376E-13	1.000	521	13	258	527	35	275	287	247	0.467	0.840
LOKIASV2_4403_ESMFold_NAD-dependent_succinate-semialdehyde_dehydrogenase	AF-A0A4R7CPK9-F1-model_v4	AF-A0A4R7CPK9-F1-model_v4 Helix-turn-helix protein	4.233E-17	1.000	521	9	335	527	19	345	387	348	0.620	0.845
LOKIASV2_4403_ESMFold_NAD-dependent_succinate-semialdehyde_dehydrogenase	AF-M1P7S2-F1-model_v4	AF-M1P7S2-F1-model_v4 Alcohol dehydrogenase, class IV	2.259E-18	1.000	520	33	484	527	12	459	862	488	0.858	0.520
LOKIASV2_4403_ESMFold_NAD-dependent_succinate-semialdehyde_dehydrogenase	AF-A0A0F2J6G1-F1-model_v4	AF-A0A0F2J6G1-F1-model_v4 Coniferyl aldehyde dehydrogenase	4.266E-15	1.000	519	235	504	527	2	269	269	277	0.512	0.996
LOKIASV2_4403_ESMFold_NAD-dependent_succinate-semialdehyde_dehydrogenase	AF-A0A5K1HIR8-F1-model_v4	AF-A0A5K1HIR8-F1-model_v4 Aldedh domain-containing protein	5.425E-16	1.000	518	247	525	527	2	277	294	287	0.529	0.939
LOKIASV2_4403_ESMFold_NAD-dependent_succinate-semialdehyde_dehydrogenase	AF-A0A2E0MRM4-F1-model_v4	AF-A0A2E0MRM4-F1-model_v4 Aldedh domain-containing protein	2.941E-13	1.000	514	220	408	527	3	196	198	196	0.359	0.980
LOKIASV2_4403_ESMFold_NAD-dependent_succinate-semialdehyde_dehydrogenase	AF-A0A016S1L0-F1-model_v4	AF-A0A016S1L0-F1-model_v4 Aldedh domain-containing protein	6.335E-18	1.000	513	166	481	527	79	360	361	334	0.600	0.781
LOKIASV2_4403_ESMFold_NAD-dependent_succinate-semialdehyde_dehydrogenase	AF-U1ZSX9-F1-model_v4	AF-U1ZSX9-F1-model_v4 Aldedh domain-containing protein	2.423E-14	1.000	510	286	481	527	2	190	192	202	0.372	0.984
LOKIASV2_4403_ESMFold_NAD-dependent_succinate-semialdehyde_dehydrogenase	AF-A0A7X8AJG9-F1-model_v4	AF-A0A7X8AJG9-F1-model_v4 Aldehyde dehydrogenase family protein	6.000E-18	1.000	507	33	481	527	10	452	578	491	0.852	0.766
LOKIASV2_4403_ESMFold_NAD-dependent_succinate-semialdehyde_dehydrogenase	AF-A0A3D6BW45-F1-model_v4	AF-A0A3D6BW45-F1-model_v4 Succinate-semialdehyde dehydrogenase	4.168E-14	1.000	504	282	481	527	2	188	189	200	0.380	0.989
LOKIASV2_4403_ESMFold_NAD-dependent_succinate-semialdehyde_dehydrogenase	AF-A0A3S4J1E0-F1-model_v4	AF-A0A3S4J1E0-F1-model_v4 Gamma-aminobutyraldehyde dehydrogenase	5.908E-15	1.000	504	100	352	527	10	261	293	255	0.480	0.860
LOKIASV2_4403_ESMFold_NAD-dependent_succinate-semialdehyde_dehydrogenase	AF-A0A3D2RAU7-F1-model_v4	AF-A0A3D2RAU7-F1-model_v4 Aldehyde dehydrogenase	1.709E-13	1.000	503	276	474	527	1	193	198	200	0.378	0.975
LOKIASV2_4403_ESMFold_NAD-dependent_succinate-semialdehyde_dehydrogenase	AF-A0A7X9B4H1-F1-model_v4	AF-A0A7X9B4H1-F1-model_v4 Gamma-glutamyl phosphate reductase	1.876E-17	1.000	502	35	483	527	2	414	432	488	0.852	0.956
LOKIASV2_4403_ESMFold_NAD-dependent_succinate-semialdehyde_dehydrogenase	AF-A0A7W0N3R3-F1-model_v4	AF-A0A7W0N3R3-F1-model_v4 Aldehyde dehydrogenase family protein	3.654E-13	1.000	500	282	479	527	1	196	196	199	0.376	1.000
LOKIASV2_4403_ESMFold_NAD-dependent_succinate-semialdehyde_dehydrogenase	AF-L5LEE2-F1-model_v4	AF-L5LEE2-F1-model_v4 Aldehyde dehydrogenase family 3 member B1	1.619E-13	1.000	499	36	295	527	3	259	352	260	0.493	0.730
LOKIASV2_4403_ESMFold_NAD-dependent_succinate-semialdehyde_dehydrogenase	AF-A0A3D4JT86-F1-model_v4	AF-A0A3D4JT86-F1-model_v4 Aldehyde dehydrogenase	7.811E-13	1.000	494	36	257	527	5	219	219	224	0.421	0.982
LOKIASV2_4403_ESMFold_NAD-dependent_succinate-semialdehyde_dehydrogenase	AF-A0A0F7RV08-F1-model_v4	AF-A0A0F7RV08-F1-model_v4 Related to UGA2-succinate semialdehyde dehydrogenase	7.810E-20	1.000	492	10	477	527	34	405	405	476	0.888	0.919
LOKIASV2_4403_ESMFold_NAD-dependent_succinate-semialdehyde_dehydrogenase	AF-A0A2H4Z9V0-F1-model_v4	AF-A0A2H4Z9V0-F1-model_v4 Methylmalonate-semialdehyde dehydrogenase (CoA acylating)	1.498E-12	1.000	491	8	259	527	83	328	329	254	0.478	0.748
LOKIASV2_4403_ESMFold_NAD-dependent_succinate-semialdehyde_dehydrogenase	AF-A0A432TC34-F1-model_v4	AF-A0A432TC34-F1-model_v4 Aldehyde dehydrogenase	3.461E-13	1.000	489	279	468	527	1	184	191	190	0.361	0.963
LOKIASV2_4403_ESMFold_NAD-dependent_succinate-semialdehyde_dehydrogenase	AF-A0A1D6Q9M5-F1-model_v4	AF-A0A1D6Q9M5-F1-model_v4 Aldehyde dehydrogenase2	4.168E-14	1.000	483	53	320	527	1	261	274	276	0.509	0.953
LOKIASV2_4403_ESMFold_NAD-dependent_succinate-semialdehyde_dehydrogenase	AF-A0A1B6FKM0-F1-model_v4	AF-A0A1B6FKM0-F1-model_v4 Aldehyde dehydrogenase (NAD(+))	1.582E-12	1.000	482	227	416	527	2	187	190	193	0.361	0.979
LOKIASV2_4403_ESMFold_NAD-dependent_succinate-semialdehyde_dehydrogenase	AF-A0A7J3N0M1-F1-model_v4	AF-A0A7J3N0M1-F1-model_v4 Aldehyde dehydrogenase family protein	9.933E-14	1.000	482	275	483	527	3	205	212	213	0.397	0.958
LOKIASV2_4403_ESMFold_NAD-dependent_succinate-semialdehyde_dehydrogenase	AF-A0A4D9WVF7-F1-model_v4	AF-A0A4D9WVF7-F1-model_v4 Aldehyde dehydrogenase family protein	1.344E-12	1.000	482	9	244	527	4	233	233	238	0.448	0.987
LOKIASV2_4403_ESMFold_NAD-dependent_succinate-semialdehyde_dehydrogenase	AF-A0A1D2QJM2-F1-model_v4	AF-A0A1D2QJM2-F1-model_v4 Aldedh domain-containing protein	5.060E-13	1.000	481	278	481	527	1	201	201	205	0.387	1.000
LOKIASV2_4403_ESMFold_NAD-dependent_succinate-semialdehyde_dehydrogenase	AF-A0A5E4QD98-F1-model_v4	AF-A0A5E4QD98-F1-model_v4 Aldedh domain-containing protein	2.578E-12	1.000	481	9	244	527	20	249	261	240	0.448	0.881
LOKIASV2_4403_ESMFold_NAD-dependent_succinate-semialdehyde_dehydrogenase	AF-A0A0K2VDN2-F1-model_v4	AF-A0A0K2VDN2-F1-model_v4 Aldedh domain-containing protein	3.858E-13	1.000	480	292	468	527	2	174	177	179	0.336	0.977
LOKIASV2_4403_ESMFold_NAD-dependent_succinate-semialdehyde_dehydrogenase	AF-A0A847WZX7-F1-model_v4	AF-A0A847WZX7-F1-model_v4 Aldehyde dehydrogenase family protein	1.234E-13	1.000	478	294	474	527	2	179	181	187	0.343	0.983
LOKIASV2_4403_ESMFold_NAD-dependent_succinate-semialdehyde_dehydrogenase	AF-A0A380EB92-F1-model_v4	AF-A0A380EB92-F1-model_v4 Aldehyde dehydrogenase B	1.498E-12	1.000	474	9	236	527	25	247	249	233	0.433	0.896
LOKIASV2_4403_ESMFold_NAD-dependent_succinate-semialdehyde_dehydrogenase	AF-A0A537W3A8-F1-model_v4	AF-A0A537W3A8-F1-model_v4 Aldehyde dehydrogenase family protein	8.981E-12	1.000	471	12	240	527	86	310	311	232	0.435	0.723
LOKIASV2_4403_ESMFold_NAD-dependent_succinate-semialdehyde_dehydrogenase	AF-E2LKD3-F1-model_v4	AF-E2LKD3-F1-model_v4 Aldedh domain-containing protein	1.244E-11	1.000	470	277	430	527	3	157	158	156	0.292	0.981
LOKIASV2_4403_ESMFold_NAD-dependent_succinate-semialdehyde_dehydrogenase	AF-A0A351WJJ7-F1-model_v4	AF-A0A351WJJ7-F1-model_v4 Gamma-glutamyl phosphate reductase	9.050E-17	1.000	470	33	481	527	4	418	418	483	0.852	0.993
LOKIASV2_4403_ESMFold_NAD-dependent_succinate-semialdehyde_dehydrogenase	AF-A0A674PF36-F1-model_v4	AF-A0A674PF36-F1-model_v4 Delta-1-pyrroline-5-carboxylate synthase	4.469E-17	1.000	470	22	486	527	345	768	790	505	0.882	0.537
LOKIASV2_4403_ESMFold_NAD-dependent_succinate-semialdehyde_dehydrogenase	AF-A0A6L3X434-F1-model_v4	AF-A0A6L3X434-F1-model_v4 Aldehyde dehydrogenase family protein	2.499E-13	1.000	467	60	285	527	2	224	225	233	0.429	0.991
LOKIASV2_4403_ESMFold_NAD-dependent_succinate-semialdehyde_dehydrogenase	AF-A0A0D2K8S8-F1-model_v4	AF-A0A0D2K8S8-F1-model_v4 Succinate-semialdehyde dehydrogenase (NADP+)	1.749E-14	1.000	467	97	369	527	6	294	296	304	0.518	0.976
LOKIASV2_4403_ESMFold_NAD-dependent_succinate-semialdehyde_dehydrogenase	AF-J8S177-F1-model_v4	AF-J8S177-F1-model_v4 Succinate-semialdehyde dehydrogenase	9.705E-13	1.000	466	287	472	527	2	187	195	189	0.353	0.954
LOKIASV2_4403_ESMFold_NAD-dependent_succinate-semialdehyde_dehydrogenase	AF-T0ZT34-F1-model_v4	AF-T0ZT34-F1-model_v4 Bifunctional proline dehydrogenase/pyrroline-5-carboxylate dehydrogenase	1.545E-11	1.000	466	13	238	527	25	248	254	229	0.429	0.882
LOKIASV2_4403_ESMFold_NAD-dependent_succinate-semialdehyde_dehydrogenase	AF-A0A662DC53-F1-model_v4	AF-A0A662DC53-F1-model_v4 NAD-dependent succinate-semialdehyde dehydrogenase	1.545E-11	1.000	464	10	219	527	3	206	213	210	0.398	0.958
LOKIASV2_4403_ESMFold_NAD-dependent_succinate-semialdehyde_dehydrogenase	AF-A0A7X9A674-F1-model_v4	AF-A0A7X9A674-F1-model_v4 Acetaldehyde dehydrogenase (Acetylating)	1.557E-16	1.000	462	72	510	527	2	434	438	470	0.833	0.989
LOKIASV2_4403_ESMFold_NAD-dependent_succinate-semialdehyde_dehydrogenase	AF-A0A6N6WSA6-F1-model_v4	AF-A0A6N6WSA6-F1-model_v4 Aldehyde dehydrogenase family protein	2.075E-12	1.000	461	136	326	527	15	205	207	192	0.362	0.923
LOKIASV2_4403_ESMFold_NAD-dependent_succinate-semialdehyde_dehydrogenase	AF-A0A834BDA3-F1-model_v4	AF-A0A834BDA3-F1-model_v4 Aldehyde dehydrogenase 6 family member A1	2.259E-11	1.000	461	9	246	527	51	283	298	240	0.452	0.782
LOKIASV2_4403_ESMFold_NAD-dependent_succinate-semialdehyde_dehydrogenase	AF-A0A1J4P008-F1-model_v4	AF-A0A1J4P008-F1-model_v4 Aldedh domain-containing protein	7.229E-12	1.000	460	220	391	527	2	169	177	175	0.326	0.949
LOKIASV2_4403_ESMFold_NAD-dependent_succinate-semialdehyde_dehydrogenase	AF-A0A1E5JQJ7-F1-model_v4	AF-A0A1E5JQJ7-F1-model_v4 Succinate-semialdehyde dehydrogenase [NADP(+)]	1.116E-11	1.000	460	13	244	527	4	235	245	235	0.440	0.947
LOKIASV2_4403_ESMFold_NAD-dependent_succinate-semialdehyde_dehydrogenase	AF-A0A1F6R1F0-F1-model_v4	AF-A0A1F6R1F0-F1-model_v4 Aldedh domain-containing protein	1.569E-14	1.000	460	65	432	527	2	353	392	391	0.698	0.898
LOKIASV2_4403_ESMFold_NAD-dependent_succinate-semialdehyde_dehydrogenase	AF-A0A3L7U4D9-F1-model_v4	AF-A0A3L7U4D9-F1-model_v4 Aldehyde dehydrogenase family protein	1.178E-11	1.000	458	13	229	527	19	232	233	220	0.412	0.918
LOKIASV2_4403_ESMFold_NAD-dependent_succinate-semialdehyde_dehydrogenase	AF-A0A0M2PUV7-F1-model_v4	AF-A0A0M2PUV7-F1-model_v4 Gamma-glutamyl phosphate reductase	3.918E-16	1.000	458	36	481	527	11	423	423	481	0.846	0.976
LOKIASV2_4403_ESMFold_NAD-dependent_succinate-semialdehyde_dehydrogenase	AF-A0A6A3PA34-F1-model_v4	AF-A0A6A3PA34-F1-model_v4 Uncharacterized protein	2.499E-13	1.000	458	96	327	527	211	437	438	233	0.440	0.518
LOKIASV2_4403_ESMFold_NAD-dependent_succinate-semialdehyde_dehydrogenase	AF-A0A832RV35-F1-model_v4	AF-A0A832RV35-F1-model_v4 Aldehyde dehydrogenase family protein	4.105E-11	1.000	450	15	224	527	2	203	204	211	0.398	0.990
LOKIASV2_4403_ESMFold_NAD-dependent_succinate-semialdehyde_dehydrogenase	AF-A0A2J8MYN8-F1-model_v4	AF-A0A2J8MYN8-F1-model_v4 T0055793 isoform 1	2.259E-11	1.000	450	10	224	527	45	258	259	220	0.408	0.826
LOKIASV2_4403_ESMFold_NAD-dependent_succinate-semialdehyde_dehydrogenase	AF-A0A4Y9HDE6-F1-model_v4	AF-A0A4Y9HDE6-F1-model_v4 Aldehyde dehydrogenase family protein	1.861E-12	1.000	446	302	468	527	2	164	172	167	0.317	0.948
LOKIASV2_4403_ESMFold_NAD-dependent_succinate-semialdehyde_dehydrogenase	AF-A0A6S7HI56-F1-model_v4	AF-A0A6S7HI56-F1-model_v4 Fatty aldehyde dehydrogenase isoform X1	7.172E-14	1.000	444	252	522	527	3	272	281	282	0.514	0.961
LOKIASV2_4403_ESMFold_NAD-dependent_succinate-semialdehyde_dehydrogenase	AF-A0A7W1FFV2-F1-model_v4	AF-A0A7W1FFV2-F1-model_v4 Aldehyde dehydrogenase family protein	4.575E-11	1.000	443	10	230	527	17	233	234	223	0.419	0.927
LOKIASV2_4403_ESMFold_NAD-dependent_succinate-semialdehyde_dehydrogenase	AF-A0A183B060-F1-model_v4	AF-A0A183B060-F1-model_v4 Aldedh domain-containing protein	2.558E-14	1.000	443	89	388	527	24	307	371	308	0.569	0.765
LOKIASV2_4403_ESMFold_NAD-dependent_succinate-semialdehyde_dehydrogenase	AF-A0A2V6BS15-F1-model_v4	AF-A0A2V6BS15-F1-model_v4 NADP-dependent succinic semialdehyde dehydrogenase	4.830E-11	1.000	442	13	230	527	2	213	214	218	0.414	0.991
LOKIASV2_4403_ESMFold_NAD-dependent_succinate-semialdehyde_dehydrogenase	AF-A0A5N3VTE2-F1-model_v4	AF-A0A5N3VTE2-F1-model_v4 Glutamate-5-semialdehyde dehydrogenase	4.719E-17	1.000	442	23	486	527	284	686	704	503	0.880	0.572
LOKIASV2_4403_ESMFold_NAD-dependent_succinate-semialdehyde_dehydrogenase	AF-A0A193BUR0-F1-model_v4	AF-A0A193BUR0-F1-model_v4 Aldedh domain-containing protein	3.542E-14	1.000	437	167	480	527	25	317	335	324	0.596	0.875
LOKIASV2_4403_ESMFold_NAD-dependent_succinate-semialdehyde_dehydrogenase	AF-A0A4Q3V3V2-F1-model_v4	AF-A0A4Q3V3V2-F1-model_v4 Aldehyde dehydrogenase family protein	5.060E-13	1.000	436	9	353	527	44	398	400	369	0.655	0.887
LOKIASV2_4403_ESMFold_NAD-dependent_succinate-semialdehyde_dehydrogenase	AF-A0A383CMZ2-F1-model_v4	AF-A0A383CMZ2-F1-model_v4 Aldedh domain-containing protein	3.682E-11	1.000	434	8	210	527	10	208	209	205	0.385	0.952
LOKIASV2_4403_ESMFold_NAD-dependent_succinate-semialdehyde_dehydrogenase	AF-A0A7K4LM91-F1-model_v4	AF-A0A7K4LM91-F1-model_v4 ALDH2 protein	8.311E-11	1.000	431	10	226	527	29	244	245	222	0.412	0.882
LOKIASV2_4403_ESMFold_NAD-dependent_succinate-semialdehyde_dehydrogenase	AF-A0A537IRD4-F1-model_v4	AF-A0A537IRD4-F1-model_v4 Aldehyde dehydrogenase family protein	7.456E-11	1.000	429	11	203	527	28	215	219	194	0.366	0.858
LOKIASV2_4403_ESMFold_NAD-dependent_succinate-semialdehyde_dehydrogenase	AF-A0A4R7QS94-F1-model_v4	AF-A0A4R7QS94-F1-model_v4 Urea carboxylase system permease	2.011E-13	1.000	424	9	338	527	24	326	765	341	0.626	0.396
LOKIASV2_4403_ESMFold_NAD-dependent_succinate-semialdehyde_dehydrogenase	AF-A0A7D9MEU7-F1-model_v4	AF-A0A7D9MEU7-F1-model_v4 Aldehyde dehydrogenase family 16 member A1	2.807E-11	1.000	419	304	459	527	2	153	155	156	0.296	0.981
LOKIASV2_4403_ESMFold_NAD-dependent_succinate-semialdehyde_dehydrogenase	AF-A0A3C1AD17-F1-model_v4	AF-A0A3C1AD17-F1-model_v4 Aldehyde dehydrogenase	1.355E-10	1.000	419	11	228	527	16	232	233	219	0.414	0.931
LOKIASV2_4403_ESMFold_NAD-dependent_succinate-semialdehyde_dehydrogenase	AF-A0A2H0PD75-F1-model_v4	AF-A0A2H0PD75-F1-model_v4 Aldehyde dehydrogenase	1.215E-10	1.000	417	15	244	527	26	254	290	235	0.436	0.790
LOKIASV2_4403_ESMFold_NAD-dependent_succinate-semialdehyde_dehydrogenase	AF-K2S2G9-F1-model_v4	AF-K2S2G9-F1-model_v4 Aldedh domain-containing protein	3.888E-11	1.000	414	284	434	527	5	156	166	154	0.287	0.916
LOKIASV2_4403_ESMFold_NAD-dependent_succinate-semialdehyde_dehydrogenase	AF-A0A395YKS9-F1-model_v4	AF-A0A395YKS9-F1-model_v4 Aldehyde dehydrogenase family protein	2.480E-15	1.000	412	131	494	527	17	383	388	406	0.691	0.946
LOKIASV2_4403_ESMFold_NAD-dependent_succinate-semialdehyde_dehydrogenase	AF-A0A418H4Y6-F1-model_v4	AF-A0A418H4Y6-F1-model_v4 Aldehyde dehydrogenase family protein	6.001E-11	1.000	410	9	248	527	301	531	532	248	0.455	0.434
LOKIASV2_4403_ESMFold_NAD-dependent_succinate-semialdehyde_dehydrogenase	AF-A0A6J6A1G8-F1-model_v4	AF-A0A6J6A1G8-F1-model_v4 Unannotated protein	1.090E-10	1.000	409	322	472	527	1	148	152	151	0.287	0.974
LOKIASV2_4403_ESMFold_NAD-dependent_succinate-semialdehyde_dehydrogenase	AF-A0A4Q5WSK9-F1-model_v4	AF-A0A4Q5WSK9-F1-model_v4 Aldehyde dehydrogenase family protein	4.830E-11	1.000	409	9	216	527	14	217	221	214	0.395	0.923
LOKIASV2_4403_ESMFold_NAD-dependent_succinate-semialdehyde_dehydrogenase	AF-X1BRX7-F1-model_v4	AF-X1BRX7-F1-model_v4 Aldedh domain-containing protein	7.285E-10	1.000	408	41	236	527	2	192	193	198	0.372	0.990
LOKIASV2_4403_ESMFold_NAD-dependent_succinate-semialdehyde_dehydrogenase	AF-A0A527FXP8-F1-model_v4	AF-A0A527FXP8-F1-model_v4 Aldehyde dehydrogenase family protein	4.983E-10	1.000	405	13	211	527	36	231	235	202	0.378	0.834
LOKIASV2_4403_ESMFold_NAD-dependent_succinate-semialdehyde_dehydrogenase	AF-L8I2J9-F1-model_v4	AF-L8I2J9-F1-model_v4 Aldedh domain-containing protein	5.511E-12	1.000	405	86	326	527	1	236	237	244	0.457	0.996
LOKIASV2_4403_ESMFold_NAD-dependent_succinate-semialdehyde_dehydrogenase	AF-A0A834ZWQ0-F1-model_v4	AF-A0A834ZWQ0-F1-model_v4 Uncharacterized protein	1.313E-11	1.000	401	320	480	527	21	177	177	164	0.306	0.887
LOKIASV2_4403_ESMFold_NAD-dependent_succinate-semialdehyde_dehydrogenase	AF-Q86F17-F1-model_v4	AF-Q86F17-F1-model_v4 Clone ZZD1197 mRNA sequence	4.575E-11	1.000	399	270	481	527	2	196	200	215	0.402	0.975
LOKIASV2_4403_ESMFold_NAD-dependent_succinate-semialdehyde_dehydrogenase	AF-A0A3S1F850-F1-model_v4	AF-A0A3S1F850-F1-model_v4 Aldehyde dehydrogenase family protein	1.283E-10	1.000	399	15	244	527	221	444	478	235	0.436	0.469
LOKIASV2_4403_ESMFold_NAD-dependent_succinate-semialdehyde_dehydrogenase	AF-T5D7P0-F1-model_v4	AF-T5D7P0-F1-model_v4 1-pyrroline-5-carboxylate dehydrogenase	2.896E-10	1.000	398	8	247	527	517	742	742	242	0.455	0.305
LOKIASV2_4403_ESMFold_NAD-dependent_succinate-semialdehyde_dehydrogenase	AF-A0A3M5J089-F1-model_v4	AF-A0A3M5J089-F1-model_v4 Methylmalonate-semialdehyde dehydrogenase	5.384E-11	1.000	397	269	482	527	2	215	228	220	0.406	0.939
LOKIASV2_4403_ESMFold_NAD-dependent_succinate-semialdehyde_dehydrogenase	AF-A0A2I2G452-F1-model_v4	AF-A0A2I2G452-F1-model_v4 Uncharacterized protein	1.049E-13	1.000	395	36	524	527	3	484	486	529	0.928	0.992
LOKIASV2_4403_ESMFold_NAD-dependent_succinate-semialdehyde_dehydrogenase	AF-A0A2F0BKB3-F1-model_v4	AF-A0A2F0BKB3-F1-model_v4 Aldehyde dehydrogenase family 1 member A3	7.456E-11	1.000	394	324	483	527	2	156	156	160	0.304	0.994
LOKIASV2_4403_ESMFold_NAD-dependent_succinate-semialdehyde_dehydrogenase	AF-A0A7Y4QMI7-F1-model_v4	AF-A0A7Y4QMI7-F1-model_v4 Aldehyde dehydrogenase family protein	1.876E-10	1.000	394	13	246	527	28	259	291	244	0.444	0.797
LOKIASV2_4403_ESMFold_NAD-dependent_succinate-semialdehyde_dehydrogenase	AF-A0A553PM74-F1-model_v4	AF-A0A553PM74-F1-model_v4 Uncharacterized protein	6.637E-13	1.000	394	130	434	527	255	533	562	315	0.579	0.496
LOKIASV2_4403_ESMFold_NAD-dependent_succinate-semialdehyde_dehydrogenase	AF-A0A5D2EAF5-F1-model_v4	AF-A0A5D2EAF5-F1-model_v4 Aldedh domain-containing protein	1.510E-10	1.000	394	3	219	527	346	561	573	224	0.412	0.377
LOKIASV2_4403_ESMFold_NAD-dependent_succinate-semialdehyde_dehydrogenase	AF-A0A2S8MBT6-F1-model_v4	AF-A0A2S8MBT6-F1-model_v4 Aldehyde dehydrogenase	4.983E-10	1.000	393	13	228	527	36	246	246	219	0.410	0.858
LOKIASV2_4403_ESMFold_NAD-dependent_succinate-semialdehyde_dehydrogenase	AF-A0A259CHE6-F1-model_v4	AF-A0A259CHE6-F1-model_v4 Bifunctional proline dehydrogenase/L-glutamate gamma-semialdehyde dehydrogenase	6.689E-11	1.000	393	12	281	527	143	389	391	276	0.512	0.632
LOKIASV2_4403_ESMFold_NAD-dependent_succinate-semialdehyde_dehydrogenase	AF-A0A1F8S5J1-F1-model_v4	AF-A0A1F8S5J1-F1-model_v4 Aldehyde dehydrogenase	4.983E-10	1.000	390	13	244	527	33	262	301	244	0.440	0.764
LOKIASV2_4403_ESMFold_NAD-dependent_succinate-semialdehyde_dehydrogenase	AF-A0A7X6IQR6-F1-model_v4	AF-A0A7X6IQR6-F1-model_v4 Aldehyde dehydrogenase family protein	9.781E-11	1.000	389	314	472	527	1	156	162	159	0.302	0.963
LOKIASV2_4403_ESMFold_NAD-dependent_succinate-semialdehyde_dehydrogenase	AF-A0A059LJM4-F1-model_v4	AF-A0A059LJM4-F1-model_v4 Aldehyde dehydrogenase	1.920E-11	1.000	388	9	351	527	55	395	395	361	0.651	0.863
LOKIASV2_4403_ESMFold_NAD-dependent_succinate-semialdehyde_dehydrogenase	AF-X8ARH3-F1-model_v4	AF-X8ARH3-F1-model_v4 Aldehyde dehydrogenase family protein	1.355E-10	1.000	385	320	481	527	3	158	159	166	0.307	0.981
LOKIASV2_4403_ESMFold_NAD-dependent_succinate-semialdehyde_dehydrogenase	AF-A0A534NAT2-F1-model_v4	AF-A0A534NAT2-F1-model_v4 Aldehyde dehydrogenase family protein	2.404E-09	1.000	385	13	200	527	2	183	184	188	0.357	0.989
LOKIASV2_4403_ESMFold_NAD-dependent_succinate-semialdehyde_dehydrogenase	AF-B5GSY3-F1-model_v4	AF-B5GSY3-F1-model_v4 Aldehyde dehydrogenase family protein	4.234E-10	1.000	382	16	242	527	69	296	336	236	0.431	0.679
LOKIASV2_4403_ESMFold_NAD-dependent_succinate-semialdehyde_dehydrogenase	AF-A0A250XBP6-F1-model_v4	AF-A0A250XBP6-F1-model_v4 Aldedh domain-containing protein	2.295E-14	1.000	378	34	497	527	82	548	551	527	0.880	0.848
LOKIASV2_4403_ESMFold_NAD-dependent_succinate-semialdehyde_dehydrogenase	AF-A0A834Z403-F1-model_v4	AF-A0A834Z403-F1-model_v4 Uncharacterized protein	2.851E-14	1.000	377	37	483	527	136	636	650	556	0.848	0.771
LOKIASV2_4403_ESMFold_NAD-dependent_succinate-semialdehyde_dehydrogenase	AF-A0A5M3X375-F1-model_v4	AF-A0A5M3X375-F1-model_v4 Aldehyde dehydrogenase	6.536E-10	1.000	376	25	242	527	9	225	259	228	0.414	0.838
LOKIASV2_4403_ESMFold_NAD-dependent_succinate-semialdehyde_dehydrogenase	AF-A0A7C4M484-F1-model_v4	AF-A0A7C4M484-F1-model_v4 Aldehyde dehydrogenase family protein	1.876E-10	1.000	374	284	479	527	5	201	201	202	0.372	0.980
LOKIASV2_4403_ESMFold_NAD-dependent_succinate-semialdehyde_dehydrogenase	AF-A0A6M7Y2F0-F1-model_v4	AF-A0A6M7Y2F0-F1-model_v4 Aldehyde dehydrogenase family protein	2.743E-10	1.000	374	305	474	527	44	212	214	173	0.323	0.790
LOKIASV2_4403_ESMFold_NAD-dependent_succinate-semialdehyde_dehydrogenase	AF-A0A382SX50-F1-model_v4	AF-A0A382SX50-F1-model_v4 Aldedh domain-containing protein	2.598E-10	1.000	373	328	481	527	2	152	152	155	0.292	0.993
LOKIASV2_4403_ESMFold_NAD-dependent_succinate-semialdehyde_dehydrogenase	AF-A0A838PGK1-F1-model_v4	AF-A0A838PGK1-F1-model_v4 Aldehyde dehydrogenase family protein	3.598E-10	1.000	372	321	472	527	24	175	181	154	0.288	0.840
LOKIASV2_4403_ESMFold_NAD-dependent_succinate-semialdehyde_dehydrogenase	AF-W1WAS7-F1-model_v4	AF-W1WAS7-F1-model_v4 Aldehyde dehydrogenase B	6.191E-10	1.000	371	332	459	527	2	130	134	131	0.243	0.963
LOKIASV2_4403_ESMFold_NAD-dependent_succinate-semialdehyde_dehydrogenase	AF-I5CAP9-F1-model_v4	AF-I5CAP9-F1-model_v4 Aldehyde dehydrogenase	1.397E-09	1.000	370	13	212	527	3	201	205	207	0.380	0.971
LOKIASV2_4403_ESMFold_NAD-dependent_succinate-semialdehyde_dehydrogenase	AF-A0A0L8QKE5-F1-model_v4	AF-A0A0L8QKE5-F1-model_v4 Aldehyde dehydrogenase	2.896E-10	1.000	364	136	309	527	10	183	183	181	0.330	0.951
LOKIASV2_4403_ESMFold_NAD-dependent_succinate-semialdehyde_dehydrogenase	AF-A0A529L3P4-F1-model_v4	AF-A0A529L3P4-F1-model_v4 Aldehyde dehydrogenase family protein	6.536E-10	1.000	363	259	448	527	2	190	194	197	0.361	0.974
LOKIASV2_4403_ESMFold_NAD-dependent_succinate-semialdehyde_dehydrogenase	AF-A0A3D0MLY5-F1-model_v4	AF-A0A3D0MLY5-F1-model_v4 Aldehyde dehydrogenase	4.868E-09	1.000	359	13	246	527	26	256	289	239	0.444	0.799
LOKIASV2_4403_ESMFold_NAD-dependent_succinate-semialdehyde_dehydrogenase	AF-A0A257LMN9-F1-model_v4	AF-A0A257LMN9-F1-model_v4 NAD-dependent succinate-semialdehyde dehydrogenase	5.260E-10	1.000	358	136	309	527	4	178	181	177	0.330	0.967
LOKIASV2_4403_ESMFold_NAD-dependent_succinate-semialdehyde_dehydrogenase	AF-A0A2D4KL48-F1-model_v4	AF-A0A2D4KL48-F1-model_v4 Aldedh domain-containing protein	1.254E-09	1.000	358	208	365	527	26	188	195	167	0.300	0.836
LOKIASV2_4403_ESMFold_NAD-dependent_succinate-semialdehyde_dehydrogenase	AF-A0A7W0TNK0-F1-model_v4	AF-A0A7W0TNK0-F1-model_v4 Aldehyde dehydrogenase family protein	1.935E-09	1.000	358	16	242	527	37	272	311	246	0.431	0.759
LOKIASV2_4403_ESMFold_NAD-dependent_succinate-semialdehyde_dehydrogenase	AF-A0A2V6NGE9-F1-model_v4	AF-A0A2V6NGE9-F1-model_v4 2-hydroxymuconic semialdehyde dehydrogenase	6.048E-09	1.000	357	13	198	527	24	204	204	189	0.353	0.887
LOKIASV2_4403_ESMFold_NAD-dependent_succinate-semialdehyde_dehydrogenase	AF-A0A6S7IEN0-F1-model_v4	AF-A0A6S7IEN0-F1-model_v4 Aldehyde dehydrogenase family 16 member A1-like	2.208E-10	1.000	357	30	244	527	315	516	555	219	0.408	0.364
LOKIASV2_4403_ESMFold_NAD-dependent_succinate-semialdehyde_dehydrogenase	AF-A0A0D8Y492-F1-model_v4	AF-A0A0D8Y492-F1-model_v4 Betaine-aldehyde dehydrogenase domain protein	1.557E-09	1.000	356	9	203	527	141	329	334	198	0.370	0.566
LOKIASV2_4403_ESMFold_NAD-dependent_succinate-semialdehyde_dehydrogenase	AF-A0A821B0T4-F1-model_v4	AF-A0A821B0T4-F1-model_v4 (mimic poison frog) hypothetical protein	6.536E-10	1.000	354	157	334	527	5	186	211	183	0.338	0.863
LOKIASV2_4403_ESMFold_NAD-dependent_succinate-semialdehyde_dehydrogenase	AF-A0A835H984-F1-model_v4	AF-A0A835H984-F1-model_v4 Uncharacterized protein	9.192E-13	1.000	351	37	483	527	193	562	580	460	0.848	0.638
LOKIASV2_4403_ESMFold_NAD-dependent_succinate-semialdehyde_dehydrogenase	AF-A0A7S0C9M6-F1-model_v4	AF-A0A7S0C9M6-F1-model_v4 Hypothetical protein	1.475E-09	1.000	348	114	285	527	2	176	179	177	0.326	0.978
LOKIASV2_4403_ESMFold_NAD-dependent_succinate-semialdehyde_dehydrogenase	AF-A0A2X3ITS1-F1-model_v4	AF-A0A2X3ITS1-F1-model_v4 Phenylacetaldehyde dehydrogenase	1.009E-09	1.000	347	322	481	527	1	152	152	160	0.304	1.000
LOKIASV2_4403_ESMFold_NAD-dependent_succinate-semialdehyde_dehydrogenase	AF-A0A6M1YEA4-F1-model_v4	AF-A0A6M1YEA4-F1-model_v4 1-pyrroline-5-carboxylate dehydrogenase 1	1.160E-08	1.000	343	9	243	527	535	755	756	240	0.446	0.292
LOKIASV2_4403_ESMFold_NAD-dependent_succinate-semialdehyde_dehydrogenase	AF-F9VQ77-F1-model_v4	AF-F9VQ77-F1-model_v4 Putative aldehyde dehydrogenase	1.644E-09	1.000	342	319	481	527	1	166	166	167	0.309	1.000
LOKIASV2_4403_ESMFold_NAD-dependent_succinate-semialdehyde_dehydrogenase	AF-A0A5E4QSV4-F1-model_v4	AF-A0A5E4QSV4-F1-model_v4 Aldedh domain-containing protein	1.355E-10	1.000	342	36	326	527	16	278	281	296	0.552	0.936
LOKIASV2_4403_ESMFold_NAD-dependent_succinate-semialdehyde_dehydrogenase	AF-A0A2T2RYP7-F1-model_v4	AF-A0A2T2RYP7-F1-model_v4 Aldehyde dehydrogenase	1.557E-09	1.000	340	77	251	527	2	172	177	181	0.332	0.966
LOKIASV2_4403_ESMFold_NAD-dependent_succinate-semialdehyde_dehydrogenase	AF-A3F597-F1-model_v4	AF-A3F597-F1-model_v4 Aldehyde dehydrogenase	1.283E-10	1.000	340	272	499	527	2	208	225	230	0.433	0.920
LOKIASV2_4403_ESMFold_NAD-dependent_succinate-semialdehyde_dehydrogenase	AF-A0A660PJ95-F1-model_v4	AF-A0A660PJ95-F1-model_v4 Aldehyde dehydrogenase	2.680E-09	1.000	339	322	481	527	1	154	155	160	0.304	0.994
LOKIASV2_4403_ESMFold_NAD-dependent_succinate-semialdehyde_dehydrogenase	AF-A0A6F8U8R6-F1-model_v4	AF-A0A6F8U8R6-F1-model_v4 Aldedh domain-containing protein	2.538E-09	1.000	338	331	472	527	13	153	157	143	0.269	0.898
LOKIASV2_4403_ESMFold_NAD-dependent_succinate-semialdehyde_dehydrogenase	AF-A0A446VI23-F1-model_v4	AF-A0A446VI23-F1-model_v4 Uncharacterized protein	1.355E-10	1.000	337	157	515	527	10	280	282	365	0.681	0.961
LOKIASV2_4403_ESMFold_NAD-dependent_succinate-semialdehyde_dehydrogenase	AF-A0A6G3VNQ8-F1-model_v4	AF-A0A6G3VNQ8-F1-model_v4 Aldehyde dehydrogenase family protein	6.191E-10	1.000	336	344	481	527	1	129	133	138	0.262	0.970
LOKIASV2_4403_ESMFold_NAD-dependent_succinate-semialdehyde_dehydrogenase	AF-A0A2V7BCD6-F1-model_v4	AF-A0A2V7BCD6-F1-model_v4 Succinate-semialdehyde dehydrogenase (NADP(+))	1.522E-08	1.000	334	317	434	527	2	122	129	121	0.224	0.938
LOKIASV2_4403_ESMFold_NAD-dependent_succinate-semialdehyde_dehydrogenase	AF-T2A5R7-F1-model_v4	AF-T2A5R7-F1-model_v4 Succinate-semialdehyde dehydrogenase	1.293E-08	1.000	333	324	457	527	2	130	131	135	0.254	0.985
LOKIASV2_4403_ESMFold_NAD-dependent_succinate-semialdehyde_dehydrogenase	AF-A0A231GX08-F1-model_v4	AF-A0A231GX08-F1-model_v4 EPTC-inducible aldehyde dehydrogenase	8.573E-10	1.000	331	70	251	527	2	175	186	188	0.345	0.935
LOKIASV2_4403_ESMFold_NAD-dependent_succinate-semialdehyde_dehydrogenase	AF-A0A2S8MFT3-F1-model_v4	AF-A0A2S8MFT3-F1-model_v4 Methylmalonate-semialdehyde dehydrogenase (CoA acylating)	1.891E-08	1.000	329	136	330	527	10	202	203	196	0.370	0.951
LOKIASV2_4403_ESMFold_NAD-dependent_succinate-semialdehyde_dehydrogenase	AF-A0A3R9XS08-F1-model_v4	AF-A0A3R9XS08-F1-model_v4 Aldehyde dehydrogenase family protein	1.736E-09	1.000	326	142	336	527	2	200	202	204	0.370	0.985
LOKIASV2_4403_ESMFold_NAD-dependent_succinate-semialdehyde_dehydrogenase	AF-A0A2X3KBX8-F1-model_v4	AF-A0A2X3KBX8-F1-model_v4 Aldehyde dehydrogenase A	2.295E-07	1.000	318	255	382	527	1	127	134	128	0.243	0.948
LOKIASV2_4403_ESMFold_NAD-dependent_succinate-semialdehyde_dehydrogenase	AF-A0A1F2V6E0-F1-model_v4	AF-A0A1F2V6E0-F1-model_v4 Aldedh domain-containing protein	1.293E-08	1.000	309	326	481	527	13	165	165	159	0.296	0.927
LOKIASV2_4403_ESMFold_NAD-dependent_succinate-semialdehyde_dehydrogenase	AF-A0A243VCN4-F1-model_v4	AF-A0A243VCN4-F1-model_v4 Aldehyde dehydrogenase	6.587E-08	1.000	304	215	352	527	5	141	143	138	0.262	0.958
LOKIASV2_4403_ESMFold_NAD-dependent_succinate-semialdehyde_dehydrogenase	AF-A0A3N5H4D9-F1-model_v4	AF-A0A3N5H4D9-F1-model_v4 Aldehyde dehydrogenase family protein	6.048E-09	1.000	304	320	500	527	6	183	188	181	0.343	0.947
LOKIASV2_4403_ESMFold_NAD-dependent_succinate-semialdehyde_dehydrogenase	AF-A0A7J7K5S5-F1-model_v4	AF-A0A7J7K5S5-F1-model_v4 Aldh16a1	1.522E-08	1.000	304	61	244	527	2	178	217	188	0.349	0.816
LOKIASV2_4403_ESMFold_NAD-dependent_succinate-semialdehyde_dehydrogenase	AF-A0A435CZU1-F1-model_v4	AF-A0A435CZU1-F1-model_v4 Aldehyde dehydrogenase family protein	2.225E-08	1.000	302	167	333	527	2	168	169	168	0.317	0.988
LOKIASV2_4403_ESMFold_NAD-dependent_succinate-semialdehyde_dehydrogenase	AF-A0A5E7A0M0-F1-model_v4	AF-A0A5E7A0M0-F1-model_v4 Coniferyl aldehyde dehydrogenase	2.404E-09	1.000	293	286	501	527	2	216	219	226	0.410	0.982
LOKIASV2_4403_ESMFold_NAD-dependent_succinate-semialdehyde_dehydrogenase	AF-A0A7C7AYB6-F1-model_v4	AF-A0A7C7AYB6-F1-model_v4 Aldehyde dehydrogenase family protein	1.160E-08	1.000	292	320	505	527	8	190	192	186	0.353	0.953
LOKIASV2_4403_ESMFold_NAD-dependent_succinate-semialdehyde_dehydrogenase	AF-A0A7R9M567-F1-model_v4	AF-A0A7R9M567-F1-model_v4 Hypothetical protein	6.536E-10	1.000	292	336	520	527	4	171	234	185	0.351	0.718
LOKIASV2_4403_ESMFold_NAD-dependent_succinate-semialdehyde_dehydrogenase	AF-A0A4S0IGZ3-F1-model_v4	AF-A0A4S0IGZ3-F1-model_v4 Aldehyde dehydrogenase family protein	1.950E-07	1.000	288	331	434	527	2	104	110	105	0.197	0.936
LOKIASV2_4403_ESMFold_NAD-dependent_succinate-semialdehyde_dehydrogenase	AF-W6MGM7-F1-model_v4	AF-W6MGM7-F1-model_v4 Aldedh domain-containing protein	3.740E-07	1.000	286	12	170	527	104	263	285	161	0.302	0.561
LOKIASV2_4403_ESMFold_NAD-dependent_succinate-semialdehyde_dehydrogenase	AF-A0A2S8M349-F1-model_v4	AF-A0A2S8M349-F1-model_v4 Aldehyde dehydrogenase	8.913E-07	1.000	284	11	198	527	23	212	212	197	0.357	0.896
LOKIASV2_4403_ESMFold_NAD-dependent_succinate-semialdehyde_dehydrogenase	AF-A0A0F2PE51-F1-model_v4	AF-A0A0F2PE51-F1-model_v4 Aldehyde dehydrogenase	5.909E-08	1.000	283	344	465	527	2	122	133	124	0.231	0.910
LOKIASV2_4403_ESMFold_NAD-dependent_succinate-semialdehyde_dehydrogenase	AF-A0A0L0UNC1-F1-model_v4	AF-A0A0L0UNC1-F1-model_v4 Aldedh domain-containing protein	3.711E-09	1.000	280	193	397	527	11	200	208	218	0.389	0.913
LOKIASV2_4403_ESMFold_NAD-dependent_succinate-semialdehyde_dehydrogenase	AF-A0A090T2I7-F1-model_v4	AF-A0A090T2I7-F1-model_v4 Aldehyde dehydrogenase	2.480E-08	1.000	279	286	501	527	2	214	216	220	0.410	0.986
LOKIASV2_4403_ESMFold_NAD-dependent_succinate-semialdehyde_dehydrogenase	AF-A0A7Z0LGZ6-F1-model_v4	AF-A0A7Z0LGZ6-F1-model_v4 Aldehyde dehydrogenase family protein	2.851E-07	1.000	269	214	365	527	2	146	147	152	0.288	0.986
LOKIASV2_4403_ESMFold_NAD-dependent_succinate-semialdehyde_dehydrogenase	AF-A0A0G1W7D0-F1-model_v4	AF-A0A0G1W7D0-F1-model_v4 NADP-dependent glyceraldehyde-3-phosphate dehydrogenase	1.905E-06	1.000	267	9	202	527	30	223	225	198	0.368	0.862
LOKIASV2_4403_ESMFold_NAD-dependent_succinate-semialdehyde_dehydrogenase	AF-A0A7V8M839-F1-model_v4	AF-A0A7V8M839-F1-model_v4 NAD-dependent aldehyde dehydrogenase	4.647E-07	1.000	266	165	342	527	11	187	189	179	0.338	0.937
LOKIASV2_4403_ESMFold_NAD-dependent_succinate-semialdehyde_dehydrogenase	AF-A0A645D8W0-F1-model_v4	AF-A0A645D8W0-F1-model_v4 Succinate-semialdehyde dehydrogenase (Acetylating)	7.934E-09	1.000	263	212	439	527	2	218	260	246	0.433	0.835
LOKIASV2_4403_ESMFold_NAD-dependent_succinate-semialdehyde_dehydrogenase	AF-A0A3D0XAC2-F1-model_v4	AF-A0A3D0XAC2-F1-model_v4 Bifunctional acetaldehyde-CoA/alcohol dehydrogenase	7.118E-09	1.000	262	212	442	527	2	226	273	255	0.438	0.824
LOKIASV2_4403_ESMFold_NAD-dependent_succinate-semialdehyde_dehydrogenase	AF-A0A3E2BY34-F1-model_v4	AF-A0A3E2BY34-F1-model_v4 Bifunctional acetaldehyde-CoA/alcohol dehydrogenase	4.367E-09	1.000	262	208	434	527	5	228	710	259	0.431	0.315
LOKIASV2_4403_ESMFold_NAD-dependent_succinate-semialdehyde_dehydrogenase	AF-A0A7C2TRH4-F1-model_v4	AF-A0A7C2TRH4-F1-model_v4 Aldehyde dehydrogenase family protein	3.949E-07	1.000	251	343	481	527	24	160	160	139	0.264	0.856
LOKIASV2_4403_ESMFold_NAD-dependent_succinate-semialdehyde_dehydrogenase	AF-A0A0G4PEJ8-F1-model_v4	AF-A0A0G4PEJ8-F1-model_v4 Aldehyde/histidinol dehydrogenase	2.701E-07	1.000	250	347	481	527	3	131	131	135	0.256	0.985
LOKIASV2_4403_ESMFold_NAD-dependent_succinate-semialdehyde_dehydrogenase	AF-A0A1I1PMH7-F1-model_v4	AF-A0A1I1PMH7-F1-model_v4 Aldehyde dehydrogenase family protein	9.631E-08	1.000	248	178	352	527	78	246	247	180	0.332	0.684
LOKIASV2_4403_ESMFold_NAD-dependent_succinate-semialdehyde_dehydrogenase	AF-A0A7S3N4F4-F1-model_v4	AF-A0A7S3N4F4-F1-model_v4 Hypothetical protein	2.242E-06	1.000	247	334	434	527	2	107	107	106	0.192	0.991
LOKIASV2_4403_ESMFold_NAD-dependent_succinate-semialdehyde_dehydrogenase	AF-A0A645DH04-F1-model_v4	AF-A0A645DH04-F1-model_v4 Aldehyde-alcohol dehydrogenase	6.048E-09	1.000	244	209	527	527	5	328	328	352	0.605	0.988
LOKIASV2_4403_ESMFold_NAD-dependent_succinate-semialdehyde_dehydrogenase	AF-A0A6B3I7L0-F1-model_v4	AF-A0A6B3I7L0-F1-model_v4 Aldehyde dehydrogenase family protein	1.453E-06	1.000	241	320	459	527	13	145	149	140	0.266	0.893
LOKIASV2_4403_ESMFold_NAD-dependent_succinate-semialdehyde_dehydrogenase	AF-A0A7S2GF42-F1-model_v4	AF-A0A7S2GF42-F1-model_v4 Hypothetical protein	4.906E-07	1.000	238	176	365	527	2	192	194	200	0.361	0.985
LOKIASV2_4403_ESMFold_NAD-dependent_succinate-semialdehyde_dehydrogenase	AF-A0A0E0EGF2-F1-model_v4	AF-A0A0E0EGF2-F1-model_v4 Aldedh domain-containing protein	5.180E-07	1.000	232	376	525	527	5	160	171	159	0.285	0.912
LOKIASV2_4403_ESMFold_NAD-dependent_succinate-semialdehyde_dehydrogenase	AF-A0A3D2A4Z3-F1-model_v4	AF-A0A3D2A4Z3-F1-model_v4 Aldedh domain-containing protein	1.805E-06	1.000	230	333	472	527	3	133	137	140	0.266	0.956
LOKIASV2_4403_ESMFold_NAD-dependent_succinate-semialdehyde_dehydrogenase	AF-A0A379UNM4-F1-model_v4	AF-A0A379UNM4-F1-model_v4 Succinylglutamic semialdehyde dehydrogenase	3.461E-06	1.000	224	97	271	527	16	184	200	179	0.332	0.845
LOKIASV2_4403_ESMFold_NAD-dependent_succinate-semialdehyde_dehydrogenase	AF-A0A7J7NZA6-F1-model_v4	AF-A0A7J7NZA6-F1-model_v4 Aldedh domain-containing protein	3.278E-06	1.000	219	136	302	527	32	201	220	177	0.317	0.773
LOKIASV2_4403_ESMFold_NAD-dependent_succinate-semialdehyde_dehydrogenase	AF-A0A287IYG7-F1-model_v4	AF-A0A287IYG7-F1-model_v4 Aldedh domain-containing protein	1.570E-07	1.000	218	290	491	527	176	355	361	202	0.383	0.499
LOKIASV2_4403_ESMFold_NAD-dependent_succinate-semialdehyde_dehydrogenase	AF-A0A845JWH7-F1-model_v4	AF-A0A845JWH7-F1-model_v4 Aldehyde dehydrogenase family protein	2.941E-06	1.000	215	343	481	527	47	182	188	140	0.264	0.723
LOKIASV2_4403_ESMFold_NAD-dependent_succinate-semialdehyde_dehydrogenase	AF-A0A8A6KSU2-F1-model_v4	AF-A0A8A6KSU2-F1-model_v4 Aldehyde dehydrogenase family protein	2.722E-05	1.000	207	202	356	527	3	156	162	158	0.294	0.951
LOKIASV2_4403_ESMFold_NAD-dependent_succinate-semialdehyde_dehydrogenase	AF-A0A382X6A5-F1-model_v4	AF-A0A382X6A5-F1-model_v4 Aldedh domain-containing protein	1.670E-05	1.000	207	97	246	527	2	150	183	157	0.285	0.814
LOKIASV2_4403_ESMFold_NAD-dependent_succinate-semialdehyde_dehydrogenase	AF-X8CR24-F1-model_v4	AF-X8CR24-F1-model_v4 Aldehyde dehydrogenase family protein	1.582E-05	1.000	197	347	481	527	5	139	141	143	0.256	0.957
LOKIASV2_4403_ESMFold_NAD-dependent_succinate-semialdehyde_dehydrogenase	AF-A0A7Z9GEN7-F1-model_v4	AF-A0A7Z9GEN7-F1-model_v4 Aldehyde dehydrogenase family protein	2.075E-05	1.000	192	348	505	527	1	155	156	158	0.300	0.994
LOKIASV2_4403_ESMFold_NAD-dependent_succinate-semialdehyde_dehydrogenase	AF-S0FSC8-F1-model_v4	AF-S0FSC8-F1-model_v4 Putative aldehyde dehydrogenase	1.965E-05	1.000	183	343	498	527	5	153	162	156	0.296	0.920
LOKIASV2_4403_ESMFold_NAD-dependent_succinate-semialdehyde_dehydrogenase	AF-A0A818R4G2-F1-model_v4	AF-A0A818R4G2-F1-model_v4 Hypothetical protein	1.441E-08	1.000	176	136	520	527	11	451	733	475	0.731	0.602
LOKIASV2_4403_ESMFold_NAD-dependent_succinate-semialdehyde_dehydrogenase	AF-A0A3D3A7J0-F1-model_v4	AF-A0A3D3A7J0-F1-model_v4 Aldehyde dehydrogenase family protein	1.723E-04	1.000	166	366	509	527	3	140	141	144	0.273	0.979
LOKIASV2_4403_ESMFold_NAD-dependent_succinate-semialdehyde_dehydrogenase	AF-A0PST9-F1-model_v4	AF-A0PST9-F1-model_v4 Putative succinate-semialdehyde dehydrogenase [NADP(+)] 2	1.174E-49	1.000	1863	13	506	527	26	510	518	501	0.937	0.936
LOKIASV2_4403_ESMFold_NAD-dependent_succinate-semialdehyde_dehydrogenase	AF-P9WNX7-F1-model_v4	AF-P9WNX7-F1-model_v4 Putative succinate-semialdehyde dehydrogenase [NADP(+)] 2	7.201E-50	1.000	1860	9	507	527	22	511	518	506	0.947	0.946
LOKIASV2_4403_ESMFold_NAD-dependent_succinate-semialdehyde_dehydrogenase	AF-A5U390-F1-model_v4	AF-A5U390-F1-model_v4 Putative succinate-semialdehyde dehydrogenase [NADP(+)] 2	2.953E-49	1.000	1860	9	506	527	22	510	518	501	0.945	0.944
LOKIASV2_4403_ESMFold_NAD-dependent_succinate-semialdehyde_dehydrogenase	AF-Q4VKV0-F1-model_v4	AF-Q4VKV0-F1-model_v4 4,4'-diapolycopene aldehyde oxidase	3.291E-49	1.000	1859	13	527	527	3	510	530	518	0.977	0.958
LOKIASV2_4403_ESMFold_NAD-dependent_succinate-semialdehyde_dehydrogenase	AF-A1KJE8-F1-model_v4	AF-A1KJE8-F1-model_v4 Putative succinate-semialdehyde dehydrogenase [NADP(+)] 2	4.812E-49	1.000	1842	10	506	527	23	510	518	502	0.943	0.942
LOKIASV2_4403_ESMFold_NAD-dependent_succinate-semialdehyde_dehydrogenase	AF-Q7TZP3-F1-model_v4	AF-Q7TZP3-F1-model_v4 Putative succinate-semialdehyde dehydrogenase [NADP(+)] 2	2.649E-49	1.000	1840	9	507	527	22	511	518	506	0.947	0.946
LOKIASV2_4403_ESMFold_NAD-dependent_succinate-semialdehyde_dehydrogenase	AF-P9WNX6-F1-model_v4	AF-P9WNX6-F1-model_v4 Putative succinate-semialdehyde dehydrogenase [NADP(+)] 2	2.797E-49	1.000	1839	10	504	527	23	515	518	504	0.939	0.952
LOKIASV2_4403_ESMFold_NAD-dependent_succinate-semialdehyde_dehydrogenase	AF-Q4UYN4-F1-model_v4	AF-Q4UYN4-F1-model_v4 Betaine aldehyde dehydrogenase	2.976E-47	1.000	1833	13	481	527	23	488	490	476	0.890	0.951
LOKIASV2_4403_ESMFold_NAD-dependent_succinate-semialdehyde_dehydrogenase	AF-B5ZUG3-F1-model_v4	AF-B5ZUG3-F1-model_v4 Betaine aldehyde dehydrogenase	2.976E-47	1.000	1828	13	481	527	23	485	487	472	0.890	0.951
LOKIASV2_4403_ESMFold_NAD-dependent_succinate-semialdehyde_dehydrogenase	AF-B7VQ28-F1-model_v4	AF-B7VQ28-F1-model_v4 Betaine aldehyde dehydrogenase	3.502E-47	1.000	1826	9	481	527	16	483	486	477	0.898	0.963
LOKIASV2_4403_ESMFold_NAD-dependent_succinate-semialdehyde_dehydrogenase	AF-Q0WSF1-F1-model_v4	AF-Q0WSF1-F1-model_v4 Aldehyde dehydrogenase 22A1	8.280E-49	1.000	1826	1	525	527	53	585	596	541	0.996	0.894
LOKIASV2_4403_ESMFold_NAD-dependent_succinate-semialdehyde_dehydrogenase	AF-B0RNV0-F1-model_v4	AF-B0RNV0-F1-model_v4 Betaine aldehyde dehydrogenase	7.487E-47	1.000	1812	13	481	527	23	488	490	475	0.890	0.951
LOKIASV2_4403_ESMFold_NAD-dependent_succinate-semialdehyde_dehydrogenase	AF-Q1MJU3-F1-model_v4	AF-Q1MJU3-F1-model_v4 Betaine aldehyde dehydrogenase	9.821E-47	1.000	1811	13	481	527	23	485	487	472	0.890	0.951
LOKIASV2_4403_ESMFold_NAD-dependent_succinate-semialdehyde_dehydrogenase	AF-Q25417-F1-model_v4	AF-Q25417-F1-model_v4 Aldehyde dehydrogenase, mitochondrial	3.422E-46	1.000	1810	12	481	527	35	497	498	473	0.892	0.930
LOKIASV2_4403_ESMFold_NAD-dependent_succinate-semialdehyde_dehydrogenase	AF-C3MIE5-F1-model_v4	AF-C3MIE5-F1-model_v4 Betaine aldehyde dehydrogenase	9.821E-47	1.000	1809	13	481	527	23	485	487	472	0.890	0.951
LOKIASV2_4403_ESMFold_NAD-dependent_succinate-semialdehyde_dehydrogenase	AF-Q8D3K3-F1-model_v4	AF-Q8D3K3-F1-model_v4 Betaine aldehyde dehydrogenase	1.436E-46	1.000	1808	9	481	527	16	483	486	477	0.898	0.963
LOKIASV2_4403_ESMFold_NAD-dependent_succinate-semialdehyde_dehydrogenase	AF-Q6FDF8-F1-model_v4	AF-Q6FDF8-F1-model_v4 Betaine aldehyde dehydrogenase	9.821E-47	1.000	1807	9	481	527	19	488	490	481	0.898	0.959
LOKIASV2_4403_ESMFold_NAD-dependent_succinate-semialdehyde_dehydrogenase	AF-A0R4Q0-F1-model_v4	AF-A0R4Q0-F1-model_v4 Putative succinate-semialdehyde dehydrogenase [NADP(+)]	2.529E-47	1.000	1807	9	504	527	22	511	517	499	0.941	0.948
LOKIASV2_4403_ESMFold_NAD-dependent_succinate-semialdehyde_dehydrogenase	AF-Q7MF13-F1-model_v4	AF-Q7MF13-F1-model_v4 Betaine aldehyde dehydrogenase	1.690E-46	1.000	1804	8	481	527	15	483	486	478	0.899	0.965
LOKIASV2_4403_ESMFold_NAD-dependent_succinate-semialdehyde_dehydrogenase	AF-Q8P5D8-F1-model_v4	AF-Q8P5D8-F1-model_v4 Betaine aldehyde dehydrogenase	1.360E-46	1.000	1802	13	481	527	23	488	490	475	0.890	0.951
LOKIASV2_4403_ESMFold_NAD-dependent_succinate-semialdehyde_dehydrogenase	AF-A6W2P7-F1-model_v4	AF-A6W2P7-F1-model_v4 Betaine aldehyde dehydrogenase	2.217E-46	1.000	1799	9	481	527	16	483	485	477	0.898	0.965
LOKIASV2_4403_ESMFold_NAD-dependent_succinate-semialdehyde_dehydrogenase	AF-B3PTE1-F1-model_v4	AF-B3PTE1-F1-model_v4 Betaine aldehyde dehydrogenase	1.690E-46	1.000	1799	13	481	527	23	485	487	472	0.890	0.951
LOKIASV2_4403_ESMFold_NAD-dependent_succinate-semialdehyde_dehydrogenase	AF-Q8PPG7-F1-model_v4	AF-Q8PPG7-F1-model_v4 Betaine aldehyde dehydrogenase	7.487E-47	1.000	1798	13	481	527	23	488	490	477	0.890	0.951
LOKIASV2_4403_ESMFold_NAD-dependent_succinate-semialdehyde_dehydrogenase	AF-A6U6Y9-F1-model_v4	AF-A6U6Y9-F1-model_v4 Betaine aldehyde dehydrogenase	2.754E-46	1.000	1791	13	481	527	23	485	487	472	0.890	0.951
LOKIASV2_4403_ESMFold_NAD-dependent_succinate-semialdehyde_dehydrogenase	AF-B2HV80-F1-model_v4	AF-B2HV80-F1-model_v4 Betaine aldehyde dehydrogenase	1.013E-45	1.000	1783	9	481	527	19	488	490	478	0.898	0.959
LOKIASV2_4403_ESMFold_NAD-dependent_succinate-semialdehyde_dehydrogenase	AF-B7GYG4-F1-model_v4	AF-B7GYG4-F1-model_v4 Betaine aldehyde dehydrogenase	1.129E-45	1.000	1782	9	481	527	19	488	490	478	0.898	0.959
LOKIASV2_4403_ESMFold_NAD-dependent_succinate-semialdehyde_dehydrogenase	AF-A4VKC2-F1-model_v4	AF-A4VKC2-F1-model_v4 Betaine aldehyde dehydrogenase	1.192E-45	1.000	1781	9	481	527	19	488	490	478	0.898	0.959
LOKIASV2_4403_ESMFold_NAD-dependent_succinate-semialdehyde_dehydrogenase	AF-B9JBA3-F1-model_v4	AF-B9JBA3-F1-model_v4 Betaine aldehyde dehydrogenase	8.153E-46	1.000	1777	13	481	527	23	485	487	472	0.890	0.951
LOKIASV2_4403_ESMFold_NAD-dependent_succinate-semialdehyde_dehydrogenase	AF-Q3BXK7-F1-model_v4	AF-Q3BXK7-F1-model_v4 Betaine aldehyde dehydrogenase	2.471E-46	1.000	1777	13	481	527	23	488	490	477	0.890	0.951
LOKIASV2_4403_ESMFold_NAD-dependent_succinate-semialdehyde_dehydrogenase	AF-P54222-F1-model_v4	AF-P54222-F1-model_v4 Betaine aldehyde dehydrogenase 1	6.928E-46	1.000	1776	13	481	527	23	485	487	472	0.890	0.951
LOKIASV2_4403_ESMFold_NAD-dependent_succinate-semialdehyde_dehydrogenase	AF-Q2KB42-F1-model_v4	AF-Q2KB42-F1-model_v4 Betaine aldehyde dehydrogenase	7.315E-46	1.000	1775	13	481	527	23	485	487	472	0.890	0.951
LOKIASV2_4403_ESMFold_NAD-dependent_succinate-semialdehyde_dehydrogenase	AF-Q9HTJ1-F1-model_v4	AF-Q9HTJ1-F1-model_v4 NAD/NADP-dependent betaine aldehyde dehydrogenase	1.129E-45	1.000	1775	9	481	527	19	488	490	478	0.898	0.959
LOKIASV2_4403_ESMFold_NAD-dependent_succinate-semialdehyde_dehydrogenase	AF-P08157-F1-model_v4	AF-P08157-F1-model_v4 Aldehyde dehydrogenase	1.564E-45	1.000	1775	13	480	527	35	495	497	472	0.888	0.928
LOKIASV2_4403_ESMFold_NAD-dependent_succinate-semialdehyde_dehydrogenase	AF-O74187-F1-model_v4	AF-O74187-F1-model_v4 Aldehyde dehydrogenase	3.166E-45	1.000	1774	13	479	527	38	499	500	471	0.886	0.924
LOKIASV2_4403_ESMFold_NAD-dependent_succinate-semialdehyde_dehydrogenase	AF-Q8UH56-F1-model_v4	AF-Q8UH56-F1-model_v4 Betaine aldehyde dehydrogenase	1.564E-45	1.000	1769	13	481	527	29	491	493	472	0.890	0.939
LOKIASV2_4403_ESMFold_NAD-dependent_succinate-semialdehyde_dehydrogenase	AF-Q27640-F1-model_v4	AF-Q27640-F1-model_v4 Aldehyde dehydrogenase	1.070E-45	1.000	1768	13	475	527	34	492	497	469	0.879	0.924
LOKIASV2_4403_ESMFold_NAD-dependent_succinate-semialdehyde_dehydrogenase	AF-Q3J4E9-F1-model_v4	AF-Q3J4E9-F1-model_v4 Betaine aldehyde dehydrogenase	1.192E-45	1.000	1767	13	481	527	23	481	483	470	0.890	0.950
LOKIASV2_4403_ESMFold_NAD-dependent_succinate-semialdehyde_dehydrogenase	AF-B7UJG5-F1-model_v4	AF-B7UJG5-F1-model_v4 Betaine aldehyde dehydrogenase	1.564E-45	1.000	1767	9	481	527	19	488	490	478	0.898	0.959
LOKIASV2_4403_ESMFold_NAD-dependent_succinate-semialdehyde_dehydrogenase	AF-A4XPI6-F1-model_v4	AF-A4XPI6-F1-model_v4 Betaine aldehyde dehydrogenase	1.743E-45	1.000	1767	9	481	527	19	488	490	478	0.898	0.959
LOKIASV2_4403_ESMFold_NAD-dependent_succinate-semialdehyde_dehydrogenase	AF-B7I896-F1-model_v4	AF-B7I896-F1-model_v4 Betaine aldehyde dehydrogenase	2.691E-45	1.000	1767	9	481	527	19	488	490	478	0.898	0.959
LOKIASV2_4403_ESMFold_NAD-dependent_succinate-semialdehyde_dehydrogenase	AF-P94428-F1-model_v4	AF-P94428-F1-model_v4 Succinate-semialdehyde dehydrogenase [NADP(+)]	1.192E-45	1.000	1764	11	475	527	2	461	462	472	0.882	0.996
LOKIASV2_4403_ESMFold_NAD-dependent_succinate-semialdehyde_dehydrogenase	AF-Q0T7M9-F1-model_v4	AF-Q0T7M9-F1-model_v4 Betaine aldehyde dehydrogenase	2.051E-45	1.000	1762	9	481	527	19	488	490	478	0.898	0.959
LOKIASV2_4403_ESMFold_NAD-dependent_succinate-semialdehyde_dehydrogenase	AF-B0V944-F1-model_v4	AF-B0V944-F1-model_v4 Betaine aldehyde dehydrogenase	3.934E-45	1.000	1761	9	481	527	19	488	490	478	0.898	0.959
LOKIASV2_4403_ESMFold_NAD-dependent_succinate-semialdehyde_dehydrogenase	AF-B7V5R4-F1-model_v4	AF-B7V5R4-F1-model_v4 Betaine aldehyde dehydrogenase	2.841E-45	1.000	1760	9	481	527	19	488	490	478	0.898	0.959
LOKIASV2_4403_ESMFold_NAD-dependent_succinate-semialdehyde_dehydrogenase	AF-B5Y007-F1-model_v4	AF-B5Y007-F1-model_v4 Betaine aldehyde dehydrogenase	3.166E-45	1.000	1758	9	481	527	19	488	490	478	0.898	0.959
LOKIASV2_4403_ESMFold_NAD-dependent_succinate-semialdehyde_dehydrogenase	AF-Q02DY9-F1-model_v4	AF-Q02DY9-F1-model_v4 Betaine aldehyde dehydrogenase	3.529E-45	1.000	1756	9	481	527	19	488	490	478	0.898	0.959
LOKIASV2_4403_ESMFold_NAD-dependent_succinate-semialdehyde_dehydrogenase	AF-A3PI00-F1-model_v4	AF-A3PI00-F1-model_v4 Betaine aldehyde dehydrogenase	2.841E-45	1.000	1755	13	481	527	23	481	483	470	0.890	0.950
LOKIASV2_4403_ESMFold_NAD-dependent_succinate-semialdehyde_dehydrogenase	AF-Q985M6-F1-model_v4	AF-Q985M6-F1-model_v4 Betaine aldehyde dehydrogenase	9.595E-46	1.000	1753	9	481	527	18	485	487	478	0.898	0.961
LOKIASV2_4403_ESMFold_NAD-dependent_succinate-semialdehyde_dehydrogenase	AF-B2FQ90-F1-model_v4	AF-B2FQ90-F1-model_v4 Betaine aldehyde dehydrogenase	7.723E-46	1.000	1753	9	481	527	19	488	490	481	0.898	0.959
LOKIASV2_4403_ESMFold_NAD-dependent_succinate-semialdehyde_dehydrogenase	AF-B7MCD1-F1-model_v4	AF-B7MCD1-F1-model_v4 Betaine aldehyde dehydrogenase	1.743E-45	1.000	1752	9	481	527	19	488	490	479	0.898	0.959
LOKIASV2_4403_ESMFold_NAD-dependent_succinate-semialdehyde_dehydrogenase	AF-P54115-F1-model_v4	AF-P54115-F1-model_v4 Magnesium-activated aldehyde dehydrogenase, cytosolic	1.045E-44	1.000	1751	13	475	527	42	499	500	468	0.879	0.916
LOKIASV2_4403_ESMFold_NAD-dependent_succinate-semialdehyde_dehydrogenase	AF-B7M2V6-F1-model_v4	AF-B7M2V6-F1-model_v4 Betaine aldehyde dehydrogenase	2.051E-45	1.000	1750	9	481	527	19	488	490	479	0.898	0.959
LOKIASV2_4403_ESMFold_NAD-dependent_succinate-semialdehyde_dehydrogenase	AF-Q9L4K1-F1-model_v4	AF-Q9L4K1-F1-model_v4 Betaine aldehyde dehydrogenase	2.166E-45	1.000	1748	9	481	527	19	487	489	478	0.898	0.959
LOKIASV2_4403_ESMFold_NAD-dependent_succinate-semialdehyde_dehydrogenase	AF-B0VST2-F1-model_v4	AF-B0VST2-F1-model_v4 Betaine aldehyde dehydrogenase	8.410E-45	1.000	1748	9	481	527	19	488	490	478	0.898	0.959
LOKIASV2_4403_ESMFold_NAD-dependent_succinate-semialdehyde_dehydrogenase	AF-P42041-F1-model_v4	AF-P42041-F1-model_v4 Aldehyde dehydrogenase	4.888E-45	1.000	1748	13	480	527	34	495	497	472	0.888	0.930
LOKIASV2_4403_ESMFold_NAD-dependent_succinate-semialdehyde_dehydrogenase	AF-Q28399-F1-model_v4	AF-Q28399-F1-model_v4 Aldehyde dehydrogenase, cytosolic 1	9.088E-46	1.000	1748	13	481	527	37	500	501	475	0.890	0.926
LOKIASV2_4403_ESMFold_NAD-dependent_succinate-semialdehyde_dehydrogenase	AF-A3M365-F1-model_v4	AF-A3M365-F1-model_v4 Betaine aldehyde dehydrogenase	8.879E-45	1.000	1747	9	481	527	19	488	490	478	0.898	0.959
LOKIASV2_4403_ESMFold_NAD-dependent_succinate-semialdehyde_dehydrogenase	AF-Q9P7K9-F1-model_v4	AF-Q9P7K9-F1-model_v4 Putative aldehyde dehydrogenase-like protein C21C3	1.249E-47	1.000	1747	13	518	527	4	521	522	525	0.960	0.992
LOKIASV2_4403_ESMFold_NAD-dependent_succinate-semialdehyde_dehydrogenase	AF-A7ZWV5-F1-model_v4	AF-A7ZWV5-F1-model_v4 Betaine aldehyde dehydrogenase	2.691E-45	1.000	1746	9	481	527	19	488	490	479	0.898	0.959
LOKIASV2_4403_ESMFold_NAD-dependent_succinate-semialdehyde_dehydrogenase	AF-B1LIJ8-F1-model_v4	AF-B1LIJ8-F1-model_v4 Betaine aldehyde dehydrogenase	6.073E-45	1.000	1745	9	481	527	19	488	490	478	0.898	0.959
LOKIASV2_4403_ESMFold_NAD-dependent_succinate-semialdehyde_dehydrogenase	AF-A3P6B0-F1-model_v4	AF-A3P6B0-F1-model_v4 Betaine aldehyde dehydrogenase	9.375E-45	1.000	1744	9	481	527	19	487	489	478	0.898	0.959
LOKIASV2_4403_ESMFold_NAD-dependent_succinate-semialdehyde_dehydrogenase	AF-B1JSQ9-F1-model_v4	AF-B1JSQ9-F1-model_v4 Betaine aldehyde dehydrogenase	5.752E-45	1.000	1743	9	481	527	19	488	490	479	0.898	0.959
LOKIASV2_4403_ESMFold_NAD-dependent_succinate-semialdehyde_dehydrogenase	AF-B7NK50-F1-model_v4	AF-B7NK50-F1-model_v4 Betaine aldehyde dehydrogenase	3.166E-45	1.000	1743	9	481	527	19	488	490	479	0.898	0.959
LOKIASV2_4403_ESMFold_NAD-dependent_succinate-semialdehyde_dehydrogenase	AF-B7L441-F1-model_v4	AF-B7L441-F1-model_v4 Betaine aldehyde dehydrogenase	3.726E-45	1.000	1742	9	481	527	19	488	490	479	0.898	0.959
LOKIASV2_4403_ESMFold_NAD-dependent_succinate-semialdehyde_dehydrogenase	AF-B0KN18-F1-model_v4	AF-B0KN18-F1-model_v4 Betaine aldehyde dehydrogenase	8.879E-45	1.000	1742	9	481	527	19	488	490	478	0.898	0.959
LOKIASV2_4403_ESMFold_NAD-dependent_succinate-semialdehyde_dehydrogenase	AF-B1J0W5-F1-model_v4	AF-B1J0W5-F1-model_v4 Betaine aldehyde dehydrogenase	3.166E-45	1.000	1742	9	481	527	19	488	490	479	0.898	0.959
LOKIASV2_4403_ESMFold_NAD-dependent_succinate-semialdehyde_dehydrogenase	AF-Q87H52-F1-model_v4	AF-Q87H52-F1-model_v4 Betaine aldehyde dehydrogenase	1.129E-45	1.000	1741	9	481	527	16	483	486	482	0.898	0.963
LOKIASV2_4403_ESMFold_NAD-dependent_succinate-semialdehyde_dehydrogenase	AF-P42329-F1-model_v4	AF-P42329-F1-model_v4 Aldehyde dehydrogenase, thermostable	1.329E-45	1.000	1741	10	475	527	23	487	488	473	0.884	0.953
LOKIASV2_4403_ESMFold_NAD-dependent_succinate-semialdehyde_dehydrogenase	AF-B1XET7-F1-model_v4	AF-B1XET7-F1-model_v4 Betaine aldehyde dehydrogenase	3.343E-45	1.000	1741	9	481	527	19	488	490	479	0.898	0.959
LOKIASV2_4403_ESMFold_NAD-dependent_succinate-semialdehyde_dehydrogenase	AF-Q8K4D8-F1-model_v4	AF-Q8K4D8-F1-model_v4 Aldehyde dehydrogenase family 1 member A3	8.410E-45	1.000	1740	13	475	527	48	506	512	468	0.879	0.896
LOKIASV2_4403_ESMFold_NAD-dependent_succinate-semialdehyde_dehydrogenase	AF-Q8FKI8-F1-model_v4	AF-Q8FKI8-F1-model_v4 Betaine aldehyde dehydrogenase	4.153E-45	1.000	1739	9	481	527	19	488	490	479	0.898	0.959
LOKIASV2_4403_ESMFold_NAD-dependent_succinate-semialdehyde_dehydrogenase	AF-A4JJG5-F1-model_v4	AF-A4JJG5-F1-model_v4 Betaine aldehyde dehydrogenase	9.375E-45	1.000	1738	9	481	527	19	487	489	478	0.898	0.959
LOKIASV2_4403_ESMFold_NAD-dependent_succinate-semialdehyde_dehydrogenase	AF-Q4K4K8-F1-model_v4	AF-Q4K4K8-F1-model_v4 Betaine aldehyde dehydrogenase	8.879E-45	1.000	1738	9	481	527	19	488	490	478	0.898	0.959
LOKIASV2_4403_ESMFold_NAD-dependent_succinate-semialdehyde_dehydrogenase	AF-P17445-F1-model_v4	AF-P17445-F1-model_v4 Betaine aldehyde dehydrogenase	4.385E-45	1.000	1737	9	481	527	19	488	490	479	0.898	0.959
LOKIASV2_4403_ESMFold_NAD-dependent_succinate-semialdehyde_dehydrogenase	AF-Q8NVG4-F1-model_v4	AF-Q8NVG4-F1-model_v4 Putative aldehyde dehydrogenase	1.840E-45	1.000	1736	12	472	527	20	470	475	466	0.875	0.949
LOKIASV2_4403_ESMFold_NAD-dependent_succinate-semialdehyde_dehydrogenase	AF-O93344-F1-model_v4	AF-O93344-F1-model_v4 Retinal dehydrogenase 2	2.166E-45	1.000	1736	13	481	527	54	518	518	476	0.890	0.898
LOKIASV2_4403_ESMFold_NAD-dependent_succinate-semialdehyde_dehydrogenase	AF-Q1BQE1-F1-model_v4	AF-Q1BQE1-F1-model_v4 Betaine aldehyde dehydrogenase	1.103E-44	1.000	1735	9	481	527	19	487	489	478	0.898	0.959
LOKIASV2_4403_ESMFold_NAD-dependent_succinate-semialdehyde_dehydrogenase	AF-A4WUY6-F1-model_v4	AF-A4WUY6-F1-model_v4 Betaine aldehyde dehydrogenase	6.769E-45	1.000	1733	13	481	527	23	481	483	470	0.890	0.950
LOKIASV2_4403_ESMFold_NAD-dependent_succinate-semialdehyde_dehydrogenase	AF-Q29490-F1-model_v4	AF-Q29490-F1-model_v4 Aldehyde dehydrogenase, cytosolic 1	2.999E-45	1.000	1732	13	481	527	37	500	501	475	0.890	0.926
LOKIASV2_4403_ESMFold_NAD-dependent_succinate-semialdehyde_dehydrogenase	AF-B2TCJ9-F1-model_v4	AF-B2TCJ9-F1-model_v4 Betaine aldehyde dehydrogenase	1.230E-44	1.000	1731	9	481	527	19	487	489	478	0.898	0.959
LOKIASV2_4403_ESMFold_NAD-dependent_succinate-semialdehyde_dehydrogenase	AF-A5WA96-F1-model_v4	AF-A5WA96-F1-model_v4 Betaine aldehyde dehydrogenase	1.613E-44	1.000	1731	9	481	527	19	488	490	478	0.898	0.959
LOKIASV2_4403_ESMFold_NAD-dependent_succinate-semialdehyde_dehydrogenase	AF-B6I075-F1-model_v4	AF-B6I075-F1-model_v4 Betaine aldehyde dehydrogenase	7.147E-45	1.000	1731	9	481	527	19	488	490	479	0.898	0.959
LOKIASV2_4403_ESMFold_NAD-dependent_succinate-semialdehyde_dehydrogenase	AF-A7FKL5-F1-model_v4	AF-A7FKL5-F1-model_v4 Betaine aldehyde dehydrogenase	1.103E-44	1.000	1731	9	481	527	19	488	490	479	0.898	0.959
LOKIASV2_4403_ESMFold_NAD-dependent_succinate-semialdehyde_dehydrogenase	AF-B1J2K9-F1-model_v4	AF-B1J2K9-F1-model_v4 Betaine aldehyde dehydrogenase	1.703E-44	1.000	1731	9	481	527	19	488	490	478	0.898	0.959
LOKIASV2_4403_ESMFold_NAD-dependent_succinate-semialdehyde_dehydrogenase	AF-B9KNS6-F1-model_v4	AF-B9KNS6-F1-model_v4 Betaine aldehyde dehydrogenase	7.966E-45	1.000	1730	13	481	527	23	481	483	470	0.890	0.950
LOKIASV2_4403_ESMFold_NAD-dependent_succinate-semialdehyde_dehydrogenase	AF-Q63KK8-F1-model_v4	AF-Q63KK8-F1-model_v4 Betaine aldehyde dehydrogenase	1.703E-44	1.000	1730	9	481	527	19	487	489	478	0.898	0.959
LOKIASV2_4403_ESMFold_NAD-dependent_succinate-semialdehyde_dehydrogenase	AF-Q3JLL8-F1-model_v4	AF-Q3JLL8-F1-model_v4 Betaine aldehyde dehydrogenase	2.234E-44	1.000	1729	9	481	527	19	487	489	478	0.898	0.959
LOKIASV2_4403_ESMFold_NAD-dependent_succinate-semialdehyde_dehydrogenase	AF-Q13NG6-F1-model_v4	AF-Q13NG6-F1-model_v4 Betaine aldehyde dehydrogenase	7.545E-45	1.000	1729	9	481	527	19	487	489	479	0.898	0.959
LOKIASV2_4403_ESMFold_NAD-dependent_succinate-semialdehyde_dehydrogenase	AF-Q9JHW9-F1-model_v4	AF-Q9JHW9-F1-model_v4 Aldehyde dehydrogenase family 1 member A3	1.898E-44	1.000	1729	13	475	527	48	506	512	468	0.879	0.896
LOKIASV2_4403_ESMFold_NAD-dependent_succinate-semialdehyde_dehydrogenase	AF-P47895-F1-model_v4	AF-P47895-F1-model_v4 Aldehyde dehydrogenase family 1 member A3	7.966E-45	1.000	1729	9	475	527	44	506	512	473	0.886	0.904
LOKIASV2_4403_ESMFold_NAD-dependent_succinate-semialdehyde_dehydrogenase	AF-Q3K5H4-F1-model_v4	AF-Q3K5H4-F1-model_v4 Betaine aldehyde dehydrogenase	2.004E-44	1.000	1728	9	481	527	19	488	490	478	0.898	0.959
LOKIASV2_4403_ESMFold_NAD-dependent_succinate-semialdehyde_dehydrogenase	AF-P28237-F1-model_v4	AF-P28237-F1-model_v4 Betaine aldehyde dehydrogenase, chloroplastic	1.840E-45	1.000	1728	12	490	527	23	499	500	490	0.909	0.954
LOKIASV2_4403_ESMFold_NAD-dependent_succinate-semialdehyde_dehydrogenase	AF-B4SHW0-F1-model_v4	AF-B4SHW0-F1-model_v4 Betaine aldehyde dehydrogenase	3.934E-45	1.000	1727	9	481	527	19	488	490	481	0.898	0.959
LOKIASV2_4403_ESMFold_NAD-dependent_succinate-semialdehyde_dehydrogenase	AF-Q88CW7-F1-model_v4	AF-Q88CW7-F1-model_v4 Betaine aldehyde dehydrogenase	2.358E-44	1.000	1726	9	481	527	19	488	490	478	0.898	0.959
LOKIASV2_4403_ESMFold_NAD-dependent_succinate-semialdehyde_dehydrogenase	AF-Q1IG69-F1-model_v4	AF-Q1IG69-F1-model_v4 Betaine aldehyde dehydrogenase	2.358E-44	1.000	1726	9	481	527	19	488	490	478	0.898	0.959
LOKIASV2_4403_ESMFold_NAD-dependent_succinate-semialdehyde_dehydrogenase	AF-O34660-F1-model_v4	AF-O34660-F1-model_v4 Putative aldehyde dehydrogenase DhaS	2.414E-45	1.000	1726	9	477	527	32	494	495	475	0.890	0.935
LOKIASV2_4403_ESMFold_NAD-dependent_succinate-semialdehyde_dehydrogenase	AF-A2RWD6-F1-model_v4	AF-A2RWD6-F1-model_v4 Betaine aldehyde dehydrogenase	2.116E-44	1.000	1725	9	481	527	19	487	489	478	0.898	0.959
LOKIASV2_4403_ESMFold_NAD-dependent_succinate-semialdehyde_dehydrogenase	AF-A1UVS4-F1-model_v4	AF-A1UVS4-F1-model_v4 Betaine aldehyde dehydrogenase	2.234E-44	1.000	1725	9	481	527	19	487	489	478	0.898	0.959
LOKIASV2_4403_ESMFold_NAD-dependent_succinate-semialdehyde_dehydrogenase	AF-A6VEI4-F1-model_v4	AF-A6VEI4-F1-model_v4 Betaine aldehyde dehydrogenase	3.166E-45	1.000	1725	9	481	527	19	488	490	481	0.898	0.959
LOKIASV2_4403_ESMFold_NAD-dependent_succinate-semialdehyde_dehydrogenase	AF-Q2FK94-F1-model_v4	AF-Q2FK94-F1-model_v4 Putative aldehyde dehydrogenase AldA	2.691E-45	1.000	1725	9	481	527	25	492	495	481	0.898	0.945
LOKIASV2_4403_ESMFold_NAD-dependent_succinate-semialdehyde_dehydrogenase	AF-P80668-F1-model_v4	AF-P80668-F1-model_v4 Phenylacetaldehyde dehydrogenase	3.934E-45	1.000	1724	9	474	527	32	497	499	472	0.884	0.934
LOKIASV2_4403_ESMFold_NAD-dependent_succinate-semialdehyde_dehydrogenase	AF-P00352-F1-model_v4	AF-P00352-F1-model_v4 Retinal dehydrogenase 1	6.412E-45	1.000	1724	13	481	527	37	501	501	475	0.890	0.928
LOKIASV2_4403_ESMFold_NAD-dependent_succinate-semialdehyde_dehydrogenase	AF-P27463-F1-model_v4	AF-P27463-F1-model_v4 Retinal dehydrogenase 1	7.966E-45	1.000	1723	13	481	527	45	509	509	475	0.890	0.914
LOKIASV2_4403_ESMFold_NAD-dependent_succinate-semialdehyde_dehydrogenase	AF-P51977-F1-model_v4	AF-P51977-F1-model_v4 Retinal dehydrogenase 1	2.549E-45	1.000	1722	13	481	527	37	501	501	477	0.890	0.928
LOKIASV2_4403_ESMFold_NAD-dependent_succinate-semialdehyde_dehydrogenase	AF-Q8G1Z9-F1-model_v4	AF-Q8G1Z9-F1-model_v4 Betaine aldehyde dehydrogenase	2.234E-44	1.000	1721	13	481	527	23	485	487	473	0.890	0.951
LOKIASV2_4403_ESMFold_NAD-dependent_succinate-semialdehyde_dehydrogenase	AF-Q0TKW0-F1-model_v4	AF-Q0TKW0-F1-model_v4 Betaine aldehyde dehydrogenase	3.529E-45	1.000	1721	9	481	527	19	488	490	481	0.898	0.959
LOKIASV2_4403_ESMFold_NAD-dependent_succinate-semialdehyde_dehydrogenase	AF-P40047-F1-model_v4	AF-P40047-F1-model_v4 Aldehyde dehydrogenase 5, mitochondrial	6.769E-45	1.000	1721	13	481	527	60	520	520	474	0.890	0.887
LOKIASV2_4403_ESMFold_NAD-dependent_succinate-semialdehyde_dehydrogenase	AF-Q4L803-F1-model_v4	AF-Q4L803-F1-model_v4 Putative aldehyde dehydrogenase SH0913	3.343E-45	1.000	1720	12	472	527	20	470	475	466	0.875	0.949
LOKIASV2_4403_ESMFold_NAD-dependent_succinate-semialdehyde_dehydrogenase	AF-Q62CH7-F1-model_v4	AF-Q62CH7-F1-model_v4 Betaine aldehyde dehydrogenase	2.930E-44	1.000	1720	9	481	527	19	487	489	478	0.898	0.959
LOKIASV2_4403_ESMFold_NAD-dependent_succinate-semialdehyde_dehydrogenase	AF-Q4ZM62-F1-model_v4	AF-Q4ZM62-F1-model_v4 Betaine aldehyde dehydrogenase	3.094E-44	1.000	1720	9	481	527	19	488	490	478	0.898	0.959
LOKIASV2_4403_ESMFold_NAD-dependent_succinate-semialdehyde_dehydrogenase	AF-Q48CM6-F1-model_v4	AF-Q48CM6-F1-model_v4 Betaine aldehyde dehydrogenase	3.094E-44	1.000	1720	9	481	527	19	488	490	478	0.898	0.959
LOKIASV2_4403_ESMFold_NAD-dependent_succinate-semialdehyde_dehydrogenase	AF-P71016-F1-model_v4	AF-P71016-F1-model_v4 Betaine aldehyde dehydrogenase	8.608E-46	1.000	1720	11	481	527	17	490	490	487	0.894	0.967
LOKIASV2_4403_ESMFold_NAD-dependent_succinate-semialdehyde_dehydrogenase	AF-Q63639-F1-model_v4	AF-Q63639-F1-model_v4 Retinal dehydrogenase 2	5.448E-45	1.000	1720	13	481	527	54	518	518	476	0.890	0.898
LOKIASV2_4403_ESMFold_NAD-dependent_succinate-semialdehyde_dehydrogenase	AF-Q2FF06-F1-model_v4	AF-Q2FF06-F1-model_v4 Putative aldehyde dehydrogenase	5.160E-45	1.000	1719	12	472	527	20	470	475	466	0.875	0.949
LOKIASV2_4403_ESMFold_NAD-dependent_succinate-semialdehyde_dehydrogenase	AF-O04895-F1-model_v4	AF-O04895-F1-model_v4 Betaine aldehyde dehydrogenase, chloroplastic	2.999E-45	1.000	1719	12	490	527	23	500	501	490	0.909	0.954
LOKIASV2_4403_ESMFold_NAD-dependent_succinate-semialdehyde_dehydrogenase	AF-Q7AH91-F1-model_v4	AF-Q7AH91-F1-model_v4 Betaine aldehyde dehydrogenase	4.385E-45	1.000	1718	9	481	527	19	488	490	481	0.898	0.959
LOKIASV2_4403_ESMFold_NAD-dependent_succinate-semialdehyde_dehydrogenase	AF-A8GBX8-F1-model_v4	AF-A8GBX8-F1-model_v4 Betaine aldehyde dehydrogenase	1.045E-44	1.000	1718	9	481	527	19	488	490	480	0.898	0.959
LOKIASV2_4403_ESMFold_NAD-dependent_succinate-semialdehyde_dehydrogenase	AF-A7ZI51-F1-model_v4	AF-A7ZI51-F1-model_v4 Betaine aldehyde dehydrogenase	4.630E-45	1.000	1718	9	481	527	19	488	490	481	0.898	0.959
LOKIASV2_4403_ESMFold_NAD-dependent_succinate-semialdehyde_dehydrogenase	AF-Q8HYE4-F1-model_v4	AF-Q8HYE4-F1-model_v4 Retinal dehydrogenase 1	9.375E-45	1.000	1718	13	481	527	37	501	501	475	0.890	0.928
LOKIASV2_4403_ESMFold_NAD-dependent_succinate-semialdehyde_dehydrogenase	AF-B2K8U5-F1-model_v4	AF-B2K8U5-F1-model_v4 Betaine aldehyde dehydrogenase	3.726E-45	1.000	1717	9	481	527	19	488	490	482	0.898	0.959
LOKIASV2_4403_ESMFold_NAD-dependent_succinate-semialdehyde_dehydrogenase	AF-Q9STS1-F1-model_v4	AF-Q9STS1-F1-model_v4 Betaine aldehyde dehydrogenase 2, mitochondrial	8.410E-45	1.000	1717	13	491	527	24	500	503	488	0.909	0.948
LOKIASV2_4403_ESMFold_NAD-dependent_succinate-semialdehyde_dehydrogenase	AF-O94788-F1-model_v4	AF-O94788-F1-model_v4 Retinal dehydrogenase 2	7.147E-45	1.000	1717	13	481	527	54	518	518	476	0.890	0.898
LOKIASV2_4403_ESMFold_NAD-dependent_succinate-semialdehyde_dehydrogenase	AF-Q8CNI5-F1-model_v4	AF-Q8CNI5-F1-model_v4 Putative aldehyde dehydrogenase SE_1720	3.166E-45	1.000	1716	9	472	527	17	470	475	469	0.880	0.956
LOKIASV2_4403_ESMFold_NAD-dependent_succinate-semialdehyde_dehydrogenase	AF-Q5HMA0-F1-model_v4	AF-Q5HMA0-F1-model_v4 Putative aldehyde dehydrogenase SERP1729	2.999E-45	1.000	1716	9	472	527	17	470	475	469	0.880	0.956
LOKIASV2_4403_ESMFold_NAD-dependent_succinate-semialdehyde_dehydrogenase	AF-A7N2Q0-F1-model_v4	AF-A7N2Q0-F1-model_v4 Betaine aldehyde dehydrogenase	3.266E-44	1.000	1716	10	481	527	17	483	486	476	0.896	0.961
LOKIASV2_4403_ESMFold_NAD-dependent_succinate-semialdehyde_dehydrogenase	AF-C0RHQ3-F1-model_v4	AF-C0RHQ3-F1-model_v4 Betaine aldehyde dehydrogenase	2.116E-44	1.000	1716	13	480	527	23	485	487	473	0.888	0.951
LOKIASV2_4403_ESMFold_NAD-dependent_succinate-semialdehyde_dehydrogenase	AF-C3K3D2-F1-model_v4	AF-C3K3D2-F1-model_v4 Betaine aldehyde dehydrogenase	3.641E-44	1.000	1715	9	481	527	19	488	490	478	0.898	0.959
LOKIASV2_4403_ESMFold_NAD-dependent_succinate-semialdehyde_dehydrogenase	AF-B7N8L4-F1-model_v4	AF-B7N8L4-F1-model_v4 Betaine aldehyde dehydrogenase	6.073E-45	1.000	1714	9	481	527	19	488	490	481	0.898	0.959
LOKIASV2_4403_ESMFold_NAD-dependent_succinate-semialdehyde_dehydrogenase	AF-P55653-F1-model_v4	AF-P55653-F1-model_v4 Probable succinate-semialdehyde dehydrogenase [NADP(+)]	2.549E-45	1.000	1714	3	475	527	21	489	491	481	0.898	0.955
LOKIASV2_4403_ESMFold_NAD-dependent_succinate-semialdehyde_dehydrogenase	AF-Q7A4D8-F1-model_v4	AF-Q7A4D8-F1-model_v4 Putative aldehyde dehydrogenase	8.410E-45	1.000	1713	12	472	527	20	470	475	466	0.875	0.949
LOKIASV2_4403_ESMFold_NAD-dependent_succinate-semialdehyde_dehydrogenase	AF-A9M9H7-F1-model_v4	AF-A9M9H7-F1-model_v4 Betaine aldehyde dehydrogenase	2.629E-44	1.000	1713	13	481	527	23	485	487	473	0.890	0.951
LOKIASV2_4403_ESMFold_NAD-dependent_succinate-semialdehyde_dehydrogenase	AF-P40108-F1-model_v4	AF-P40108-F1-model_v4 Aldehyde dehydrogenase	5.323E-44	1.000	1713	13	480	527	34	494	496	472	0.888	0.929
LOKIASV2_4403_ESMFold_NAD-dependent_succinate-semialdehyde_dehydrogenase	AF-Q6GEV3-F1-model_v4	AF-Q6GEV3-F1-model_v4 Putative aldehyde dehydrogenase	8.410E-45	1.000	1712	12	472	527	20	470	475	466	0.875	0.949
LOKIASV2_4403_ESMFold_NAD-dependent_succinate-semialdehyde_dehydrogenase	AF-B1Z033-F1-model_v4	AF-B1Z033-F1-model_v4 Betaine aldehyde dehydrogenase	4.776E-44	1.000	1711	9	481	527	19	487	489	478	0.898	0.959
LOKIASV2_4403_ESMFold_NAD-dependent_succinate-semialdehyde_dehydrogenase	AF-Q7A1Y7-F1-model_v4	AF-Q7A1Y7-F1-model_v4 Putative aldehyde dehydrogenase AldA	2.691E-45	1.000	1711	9	481	527	25	492	495	482	0.898	0.945
LOKIASV2_4403_ESMFold_NAD-dependent_succinate-semialdehyde_dehydrogenase	AF-P48644-F1-model_v4	AF-P48644-F1-model_v4 Retinal dehydrogenase 1	4.630E-45	1.000	1711	13	481	527	37	501	501	477	0.890	0.928
LOKIASV2_4403_ESMFold_NAD-dependent_succinate-semialdehyde_dehydrogenase	AF-B4EHJ1-F1-model_v4	AF-B4EHJ1-F1-model_v4 Betaine aldehyde dehydrogenase	5.042E-44	1.000	1710	9	481	527	19	487	489	478	0.898	0.959
LOKIASV2_4403_ESMFold_NAD-dependent_succinate-semialdehyde_dehydrogenase	AF-B5Z1R1-F1-model_v4	AF-B5Z1R1-F1-model_v4 Betaine aldehyde dehydrogenase	7.545E-45	1.000	1710	9	481	527	19	488	490	481	0.898	0.959
LOKIASV2_4403_ESMFold_NAD-dependent_succinate-semialdehyde_dehydrogenase	AF-A3NKP8-F1-model_v4	AF-A3NKP8-F1-model_v4 Betaine aldehyde dehydrogenase	5.933E-44	1.000	1709	9	481	527	19	487	489	478	0.898	0.959
LOKIASV2_4403_ESMFold_NAD-dependent_succinate-semialdehyde_dehydrogenase	AF-B1K708-F1-model_v4	AF-B1K708-F1-model_v4 Betaine aldehyde dehydrogenase	5.323E-44	1.000	1709	9	481	527	19	487	489	478	0.898	0.959
LOKIASV2_4403_ESMFold_NAD-dependent_succinate-semialdehyde_dehydrogenase	AF-B9F3B6-F1-model_v4	AF-B9F3B6-F1-model_v4 Succinate-semialdehyde dehydrogenase, mitochondrial	2.775E-44	1.000	1709	13	476	527	70	525	527	466	0.880	0.865
LOKIASV2_4403_ESMFold_NAD-dependent_succinate-semialdehyde_dehydrogenase	AF-Q5R6B5-F1-model_v4	AF-Q5R6B5-F1-model_v4 Aldehyde dehydrogenase X, mitochondrial	1.613E-44	1.000	1708	10	481	527	50	517	517	478	0.896	0.905
LOKIASV2_4403_ESMFold_NAD-dependent_succinate-semialdehyde_dehydrogenase	AF-A9AN00-F1-model_v4	AF-A9AN00-F1-model_v4 Betaine aldehyde dehydrogenase	5.933E-44	1.000	1707	9	481	527	19	487	489	478	0.898	0.959
LOKIASV2_4403_ESMFold_NAD-dependent_succinate-semialdehyde_dehydrogenase	AF-Q99X54-F1-model_v4	AF-Q99X54-F1-model_v4 Putative aldehyde dehydrogenase AldA	3.343E-45	1.000	1707	9	481	527	25	492	495	482	0.898	0.945
LOKIASV2_4403_ESMFold_NAD-dependent_succinate-semialdehyde_dehydrogenase	AF-P13601-F1-model_v4	AF-P13601-F1-model_v4 Aldehyde dehydrogenase, cytosolic 1	2.775E-44	1.000	1707	13	481	527	37	501	501	475	0.890	0.928
LOKIASV2_4403_ESMFold_NAD-dependent_succinate-semialdehyde_dehydrogenase	AF-O24174-F1-model_v4	AF-O24174-F1-model_v4 Betaine aldehyde dehydrogenase 1	1.165E-44	1.000	1707	13	493	527	26	504	505	490	0.913	0.949
LOKIASV2_4403_ESMFold_NAD-dependent_succinate-semialdehyde_dehydrogenase	AF-Q5HE78-F1-model_v4	AF-Q5HE78-F1-model_v4 Putative aldehyde dehydrogenase	9.897E-45	1.000	1706	12	472	527	20	470	475	466	0.875	0.949
LOKIASV2_4403_ESMFold_NAD-dependent_succinate-semialdehyde_dehydrogenase	AF-B0CKN3-F1-model_v4	AF-B0CKN3-F1-model_v4 Betaine aldehyde dehydrogenase	4.284E-44	1.000	1705	13	480	527	23	485	487	473	0.888	0.951
LOKIASV2_4403_ESMFold_NAD-dependent_succinate-semialdehyde_dehydrogenase	AF-A0B2F6-F1-model_v4	AF-A0B2F6-F1-model_v4 Betaine aldehyde dehydrogenase	7.372E-44	1.000	1705	9	481	527	19	487	489	478	0.898	0.959
LOKIASV2_4403_ESMFold_NAD-dependent_succinate-semialdehyde_dehydrogenase	AF-Q39A43-F1-model_v4	AF-Q39A43-F1-model_v4 Betaine aldehyde dehydrogenase	6.614E-44	1.000	1705	9	481	527	19	487	489	478	0.898	0.959
LOKIASV2_4403_ESMFold_NAD-dependent_succinate-semialdehyde_dehydrogenase	AF-Q9URW9-F1-model_v4	AF-Q9URW9-F1-model_v4 Putative aldehyde dehydrogenase-like protein C922.07c	6.264E-44	1.000	1705	9	479	527	31	495	496	473	0.894	0.938
LOKIASV2_4403_ESMFold_NAD-dependent_succinate-semialdehyde_dehydrogenase	AF-C7A2A0-F1-model_v4	AF-C7A2A0-F1-model_v4 Benzaldehyde dehydrogenase, mitochondrial	6.073E-45	1.000	1705	9	480	527	66	532	534	478	0.896	0.875
LOKIASV2_4403_ESMFold_NAD-dependent_succinate-semialdehyde_dehydrogenase	AF-Q2YUN1-F1-model_v4	AF-Q2YUN1-F1-model_v4 Putative aldehyde dehydrogenase	1.103E-44	1.000	1703	12	472	527	20	470	475	466	0.875	0.949
LOKIASV2_4403_ESMFold_NAD-dependent_succinate-semialdehyde_dehydrogenase	AF-Q7A825-F1-model_v4	AF-Q7A825-F1-model_v4 Putative aldehyde dehydrogenase AldA	4.153E-45	1.000	1703	9	481	527	25	492	495	482	0.898	0.945
LOKIASV2_4403_ESMFold_NAD-dependent_succinate-semialdehyde_dehydrogenase	AF-A3MEC6-F1-model_v4	AF-A3MEC6-F1-model_v4 Betaine aldehyde dehydrogenase	8.675E-44	1.000	1702	9	481	527	19	487	489	478	0.898	0.959
LOKIASV2_4403_ESMFold_NAD-dependent_succinate-semialdehyde_dehydrogenase	AF-O14293-F1-model_v4	AF-O14293-F1-model_v4 Putative aldehyde dehydrogenase-like protein C9E9.09c	9.670E-44	1.000	1702	13	480	527	39	501	503	473	0.888	0.920
LOKIASV2_4403_ESMFold_NAD-dependent_succinate-semialdehyde_dehydrogenase	AF-C4ZVI3-F1-model_v4	AF-C4ZVI3-F1-model_v4 Gamma-aminobutyraldehyde dehydrogenase	2.004E-44	1.000	1701	9	475	527	14	473	474	469	0.886	0.970
LOKIASV2_4403_ESMFold_NAD-dependent_succinate-semialdehyde_dehydrogenase	AF-Q57EI0-F1-model_v4	AF-Q57EI0-F1-model_v4 Betaine aldehyde dehydrogenase	6.264E-44	1.000	1701	13	481	527	23	485	487	473	0.890	0.951
LOKIASV2_4403_ESMFold_NAD-dependent_succinate-semialdehyde_dehydrogenase	AF-Q0B712-F1-model_v4	AF-Q0B712-F1-model_v4 Betaine aldehyde dehydrogenase	8.675E-44	1.000	1701	9	481	527	19	487	489	478	0.898	0.959
LOKIASV2_4403_ESMFold_NAD-dependent_succinate-semialdehyde_dehydrogenase	AF-Q88AE9-F1-model_v4	AF-Q88AE9-F1-model_v4 Betaine aldehyde dehydrogenase	9.670E-44	1.000	1701	9	481	527	19	488	490	478	0.898	0.959
LOKIASV2_4403_ESMFold_NAD-dependent_succinate-semialdehyde_dehydrogenase	AF-P0DOV9-F1-model_v4	AF-P0DOV9-F1-model_v4 3-sulfolactaldehyde dehydrogenase	3.448E-44	1.000	1700	9	473	527	24	480	486	467	0.882	0.940
LOKIASV2_4403_ESMFold_NAD-dependent_succinate-semialdehyde_dehydrogenase	AF-Q1CFR8-F1-model_v4	AF-Q1CFR8-F1-model_v4 Betaine aldehyde dehydrogenase	1.045E-44	1.000	1700	9	481	527	19	488	490	482	0.898	0.959
LOKIASV2_4403_ESMFold_NAD-dependent_succinate-semialdehyde_dehydrogenase	AF-C6DD82-F1-model_v4	AF-C6DD82-F1-model_v4 Gamma-aminobutyraldehyde dehydrogenase	1.898E-44	1.000	1699	12	475	527	17	473	474	467	0.880	0.964
LOKIASV2_4403_ESMFold_NAD-dependent_succinate-semialdehyde_dehydrogenase	AF-Q1C931-F1-model_v4	AF-Q1C931-F1-model_v4 Betaine aldehyde dehydrogenase	1.165E-44	1.000	1699	9	481	527	19	488	490	482	0.898	0.959
LOKIASV2_4403_ESMFold_NAD-dependent_succinate-semialdehyde_dehydrogenase	AF-P17202-F1-model_v4	AF-P17202-F1-model_v4 Betaine aldehyde dehydrogenase, chloroplastic	1.230E-44	1.000	1699	12	490	527	23	496	497	487	0.909	0.954
LOKIASV2_4403_ESMFold_NAD-dependent_succinate-semialdehyde_dehydrogenase	AF-A0A2I7G3B0-F1-model_v4	AF-A0A2I7G3B0-F1-model_v4 Aldehyde dehydrogenase 1	1.898E-44	1.000	1699	13	480	527	35	497	499	475	0.888	0.928
LOKIASV2_4403_ESMFold_NAD-dependent_succinate-semialdehyde_dehydrogenase	AF-P86886-F1-model_v4	AF-P86886-F1-model_v4 Retinal dehydrogenase 1	4.284E-44	1.000	1699	13	481	527	37	501	501	475	0.890	0.928
LOKIASV2_4403_ESMFold_NAD-dependent_succinate-semialdehyde_dehydrogenase	AF-Q9SAK4-F1-model_v4	AF-Q9SAK4-F1-model_v4 Succinate-semialdehyde dehydrogenase, mitochondrial	3.641E-44	1.000	1699	13	475	527	69	523	528	465	0.879	0.862
LOKIASV2_4403_ESMFold_NAD-dependent_succinate-semialdehyde_dehydrogenase	AF-A5VPA5-F1-model_v4	AF-A5VPA5-F1-model_v4 Betaine aldehyde dehydrogenase	7.783E-44	1.000	1698	13	481	527	23	485	487	473	0.890	0.951
LOKIASV2_4403_ESMFold_NAD-dependent_succinate-semialdehyde_dehydrogenase	AF-Q8YFY0-F1-model_v4	AF-Q8YFY0-F1-model_v4 Betaine aldehyde dehydrogenase	7.783E-44	1.000	1698	13	481	527	23	485	487	473	0.890	0.951
LOKIASV2_4403_ESMFold_NAD-dependent_succinate-semialdehyde_dehydrogenase	AF-Q8ZGV9-F1-model_v4	AF-Q8ZGV9-F1-model_v4 Betaine aldehyde dehydrogenase	1.165E-44	1.000	1698	9	481	527	19	488	490	482	0.898	0.959
LOKIASV2_4403_ESMFold_NAD-dependent_succinate-semialdehyde_dehydrogenase	AF-Q6G7I8-F1-model_v4	AF-Q6G7I8-F1-model_v4 Putative aldehyde dehydrogenase	2.116E-44	1.000	1697	12	472	527	20	470	475	466	0.875	0.949
LOKIASV2_4403_ESMFold_NAD-dependent_succinate-semialdehyde_dehydrogenase	AF-O06478-F1-model_v4	AF-O06478-F1-model_v4 Benzaldehyde dehydrogenase YfmT	5.160E-45	1.000	1696	9	481	527	20	485	485	479	0.898	0.961
LOKIASV2_4403_ESMFold_NAD-dependent_succinate-semialdehyde_dehydrogenase	AF-A6ZR27-F1-model_v4	AF-A6ZR27-F1-model_v4 Aldehyde dehydrogenase 5, mitochondrial	9.897E-45	1.000	1694	13	480	527	60	520	520	476	0.888	0.887
LOKIASV2_4403_ESMFold_NAD-dependent_succinate-semialdehyde_dehydrogenase	AF-A4TNP1-F1-model_v4	AF-A4TNP1-F1-model_v4 Betaine aldehyde dehydrogenase	1.528E-44	1.000	1693	9	481	527	19	488	490	482	0.898	0.959
LOKIASV2_4403_ESMFold_NAD-dependent_succinate-semialdehyde_dehydrogenase	AF-B2SA42-F1-model_v4	AF-B2SA42-F1-model_v4 Betaine aldehyde dehydrogenase	1.078E-43	1.000	1692	13	481	527	23	485	487	473	0.890	0.951
LOKIASV2_4403_ESMFold_NAD-dependent_succinate-semialdehyde_dehydrogenase	AF-Q66D53-F1-model_v4	AF-Q66D53-F1-model_v4 Betaine aldehyde dehydrogenase	1.703E-44	1.000	1692	9	481	527	19	488	490	482	0.898	0.959
LOKIASV2_4403_ESMFold_NAD-dependent_succinate-semialdehyde_dehydrogenase	AF-Q9I8W8-F1-model_v4	AF-Q9I8W8-F1-model_v4 Retinal dehydrogenase 2	2.490E-44	1.000	1692	13	481	527	54	517	517	476	0.890	0.897
LOKIASV2_4403_ESMFold_NAD-dependent_succinate-semialdehyde_dehydrogenase	AF-Q5HLA3-F1-model_v4	AF-Q5HLA3-F1-model_v4 Putative aldehyde dehydrogenase AldA	1.798E-44	1.000	1691	9	481	527	26	494	497	481	0.898	0.944
LOKIASV2_4403_ESMFold_NAD-dependent_succinate-semialdehyde_dehydrogenase	AF-Q9S795-F1-model_v4	AF-Q9S795-F1-model_v4 Betaine aldehyde dehydrogenase 1, chloroplastic	1.528E-44	1.000	1691	13	491	527	24	500	501	490	0.909	0.952
LOKIASV2_4403_ESMFold_NAD-dependent_succinate-semialdehyde_dehydrogenase	AF-Q84LK3-F1-model_v4	AF-Q84LK3-F1-model_v4 Betaine aldehyde dehydrogenase 2	9.375E-45	1.000	1691	13	493	527	24	502	503	492	0.913	0.952
LOKIASV2_4403_ESMFold_NAD-dependent_succinate-semialdehyde_dehydrogenase	AF-C6DKY5-F1-model_v4	AF-C6DKY5-F1-model_v4 Betaine aldehyde dehydrogenase	1.045E-44	1.000	1690	9	481	527	19	488	490	482	0.898	0.959
LOKIASV2_4403_ESMFold_NAD-dependent_succinate-semialdehyde_dehydrogenase	AF-Q8MI17-F1-model_v4	AF-Q8MI17-F1-model_v4 Retinal dehydrogenase 1	5.620E-44	1.000	1690	13	481	527	32	496	496	475	0.890	0.938
LOKIASV2_4403_ESMFold_NAD-dependent_succinate-semialdehyde_dehydrogenase	AF-P30837-F1-model_v4	AF-P30837-F1-model_v4 Aldehyde dehydrogenase X, mitochondrial	5.323E-44	1.000	1690	10	481	527	50	517	517	478	0.896	0.905
LOKIASV2_4403_ESMFold_NAD-dependent_succinate-semialdehyde_dehydrogenase	AF-Q6D6E0-F1-model_v4	AF-Q6D6E0-F1-model_v4 Betaine aldehyde dehydrogenase	9.159E-44	1.000	1689	9	481	527	19	488	490	479	0.898	0.959
LOKIASV2_4403_ESMFold_NAD-dependent_succinate-semialdehyde_dehydrogenase	AF-Q5HJK3-F1-model_v4	AF-Q5HJK3-F1-model_v4 Putative aldehyde dehydrogenase AldA	1.103E-44	1.000	1688	9	481	527	25	492	495	482	0.898	0.945
LOKIASV2_4403_ESMFold_NAD-dependent_succinate-semialdehyde_dehydrogenase	AF-Q2G1J0-F1-model_v4	AF-Q2G1J0-F1-model_v4 Putative aldehyde dehydrogenase AldA	9.375E-45	1.000	1688	9	481	527	25	492	495	482	0.898	0.945
LOKIASV2_4403_ESMFold_NAD-dependent_succinate-semialdehyde_dehydrogenase	AF-Q62148-F1-model_v4	AF-Q62148-F1-model_v4 Retinal dehydrogenase 2	1.528E-44	1.000	1688	13	481	527	54	518	518	478	0.890	0.898
LOKIASV2_4403_ESMFold_NAD-dependent_succinate-semialdehyde_dehydrogenase	AF-P47738-F1-model_v4	AF-P47738-F1-model_v4 Aldehyde dehydrogenase, mitochondrial	1.298E-44	1.000	1688	10	481	527	52	519	519	480	0.896	0.902
LOKIASV2_4403_ESMFold_NAD-dependent_succinate-semialdehyde_dehydrogenase	AF-B2JS88-F1-model_v4	AF-B2JS88-F1-model_v4 Betaine aldehyde dehydrogenase	3.641E-44	1.000	1687	9	481	527	19	487	489	481	0.898	0.959
LOKIASV2_4403_ESMFold_NAD-dependent_succinate-semialdehyde_dehydrogenase	AF-Q2FWD6-F1-model_v4	AF-Q2FWD6-F1-model_v4 Putative aldehyde dehydrogenase	2.775E-44	1.000	1686	9	472	527	17	470	475	469	0.880	0.956
LOKIASV2_4403_ESMFold_NAD-dependent_succinate-semialdehyde_dehydrogenase	AF-P12762-F1-model_v4	AF-P12762-F1-model_v4 Aldehyde dehydrogenase, mitochondrial	1.613E-44	1.000	1686	10	481	527	33	500	500	480	0.896	0.936
LOKIASV2_4403_ESMFold_NAD-dependent_succinate-semialdehyde_dehydrogenase	AF-Q6GCV9-F1-model_v4	AF-Q6GCV9-F1-model_v4 Putative aldehyde dehydrogenase AldA	1.230E-44	1.000	1685	9	481	527	25	492	495	482	0.898	0.945
LOKIASV2_4403_ESMFold_NAD-dependent_succinate-semialdehyde_dehydrogenase	AF-Q8ZPC9-F1-model_v4	AF-Q8ZPC9-F1-model_v4 Gamma-aminobutyraldehyde dehydrogenase	6.614E-44	1.000	1684	9	475	527	14	473	474	469	0.886	0.970
LOKIASV2_4403_ESMFold_NAD-dependent_succinate-semialdehyde_dehydrogenase	AF-H2IFE7-F1-model_v4	AF-H2IFE7-F1-model_v4 3,6-anhydro-alpha-L-galactose dehydrogenase	5.448E-45	1.000	1684	13	477	527	20	480	480	476	0.882	0.960
LOKIASV2_4403_ESMFold_NAD-dependent_succinate-semialdehyde_dehydrogenase	AF-Q99SD6-F1-model_v4	AF-Q99SD6-F1-model_v4 Putative aldehyde dehydrogenase	5.042E-44	1.000	1683	12	472	527	20	470	475	466	0.875	0.949
LOKIASV2_4403_ESMFold_NAD-dependent_succinate-semialdehyde_dehydrogenase	AF-P41751-F1-model_v4	AF-P41751-F1-model_v4 Aldehyde dehydrogenase	2.183E-43	1.000	1683	13	479	527	36	497	497	473	0.886	0.930
LOKIASV2_4403_ESMFold_NAD-dependent_succinate-semialdehyde_dehydrogenase	AF-O59808-F1-model_v4	AF-O59808-F1-model_v4 Probable betaine aldehyde dehydrogenase	3.266E-44	1.000	1683	10	475	527	36	498	500	474	0.884	0.926
LOKIASV2_4403_ESMFold_NAD-dependent_succinate-semialdehyde_dehydrogenase	AF-Q9SU63-F1-model_v4	AF-Q9SU63-F1-model_v4 Aldehyde dehydrogenase family 2 member B4, mitochondrial	4.284E-44	1.000	1683	9	480	527	70	536	538	478	0.896	0.868
LOKIASV2_4403_ESMFold_NAD-dependent_succinate-semialdehyde_dehydrogenase	AF-Q6D6Y7-F1-model_v4	AF-Q6D6Y7-F1-model_v4 Gamma-aminobutyraldehyde dehydrogenase	4.523E-44	1.000	1682	9	475	527	14	473	474	470	0.886	0.970
LOKIASV2_4403_ESMFold_NAD-dependent_succinate-semialdehyde_dehydrogenase	AF-B1IS15-F1-model_v4	AF-B1IS15-F1-model_v4 Gamma-aminobutyraldehyde dehydrogenase	6.614E-44	1.000	1682	9	475	527	14	473	474	469	0.886	0.970
LOKIASV2_4403_ESMFold_NAD-dependent_succinate-semialdehyde_dehydrogenase	AF-P81178-F1-model_v4	AF-P81178-F1-model_v4 Aldehyde dehydrogenase, mitochondrial	1.613E-44	1.000	1682	10	481	527	33	500	500	480	0.896	0.936
LOKIASV2_4403_ESMFold_NAD-dependent_succinate-semialdehyde_dehydrogenase	AF-Q9CZS1-F1-model_v4	AF-Q9CZS1-F1-model_v4 Aldehyde dehydrogenase X, mitochondrial	7.372E-44	1.000	1682	10	481	527	52	518	519	478	0.896	0.900
LOKIASV2_4403_ESMFold_NAD-dependent_succinate-semialdehyde_dehydrogenase	AF-P47771-F1-model_v4	AF-P47771-F1-model_v4 Aldehyde dehydrogenase [NAD(P)+] 1	2.775E-44	1.000	1681	9	480	527	33	506	506	484	0.896	0.937
LOKIASV2_4403_ESMFold_NAD-dependent_succinate-semialdehyde_dehydrogenase	AF-P05091-F1-model_v4	AF-P05091-F1-model_v4 Aldehyde dehydrogenase, mitochondrial	2.930E-44	1.000	1681	10	481	527	50	517	517	480	0.896	0.905
LOKIASV2_4403_ESMFold_NAD-dependent_succinate-semialdehyde_dehydrogenase	AF-Q8CN24-F1-model_v4	AF-Q8CN24-F1-model_v4 Putative aldehyde dehydrogenase AldA	3.094E-44	1.000	1680	9	481	527	26	494	497	481	0.898	0.944
LOKIASV2_4403_ESMFold_NAD-dependent_succinate-semialdehyde_dehydrogenase	AF-B3VMC0-F1-model_v4	AF-B3VMC0-F1-model_v4 Betaine aldehyde dehydrogenase 2	1.898E-44	1.000	1680	13	493	527	24	502	503	492	0.913	0.952
LOKIASV2_4403_ESMFold_NAD-dependent_succinate-semialdehyde_dehydrogenase	AF-P42236-F1-model_v4	AF-P42236-F1-model_v4 Alpha-ketoglutaric semialdehyde dehydrogenase	1.201E-43	1.000	1679	9	475	527	22	487	488	474	0.886	0.955
LOKIASV2_4403_ESMFold_NAD-dependent_succinate-semialdehyde_dehydrogenase	AF-O35945-F1-model_v4	AF-O35945-F1-model_v4 Aldehyde dehydrogenase, cytosolic 1	2.490E-44	1.000	1679	10	481	527	34	501	501	479	0.896	0.934
LOKIASV2_4403_ESMFold_NAD-dependent_succinate-semialdehyde_dehydrogenase	AF-B6IAI9-F1-model_v4	AF-B6IAI9-F1-model_v4 Gamma-aminobutyraldehyde dehydrogenase	9.159E-44	1.000	1678	9	475	527	14	473	474	469	0.886	0.970
LOKIASV2_4403_ESMFold_NAD-dependent_succinate-semialdehyde_dehydrogenase	AF-B1XDF5-F1-model_v4	AF-B1XDF5-F1-model_v4 Gamma-aminobutyraldehyde dehydrogenase	8.217E-44	1.000	1678	9	475	527	14	473	474	469	0.886	0.970
LOKIASV2_4403_ESMFold_NAD-dependent_succinate-semialdehyde_dehydrogenase	AF-Q49Z69-F1-model_v4	AF-Q49Z69-F1-model_v4 Putative aldehyde dehydrogenase SSP0762	3.266E-44	1.000	1678	9	472	527	17	470	475	469	0.880	0.956
LOKIASV2_4403_ESMFold_NAD-dependent_succinate-semialdehyde_dehydrogenase	AF-Q59702-F1-model_v4	AF-Q59702-F1-model_v4 4-hydroxybenzaldehyde dehydrogenase (NADP(+))	5.042E-44	1.000	1678	9	481	527	24	491	491	479	0.898	0.953
LOKIASV2_4403_ESMFold_NAD-dependent_succinate-semialdehyde_dehydrogenase	AF-P77674-F1-model_v4	AF-P77674-F1-model_v4 Gamma-aminobutyraldehyde dehydrogenase	8.675E-44	1.000	1677	9	475	527	14	473	474	469	0.886	0.970
LOKIASV2_4403_ESMFold_NAD-dependent_succinate-semialdehyde_dehydrogenase	AF-P25526-F1-model_v4	AF-P25526-F1-model_v4 Succinate-semialdehyde dehydrogenase [NADP(+)] GabD	1.414E-43	1.000	1677	12	475	527	26	481	482	467	0.880	0.946
LOKIASV2_4403_ESMFold_NAD-dependent_succinate-semialdehyde_dehydrogenase	AF-Q83R90-F1-model_v4	AF-Q83R90-F1-model_v4 Gamma-aminobutyraldehyde dehydrogenase	9.670E-44	1.000	1676	9	475	527	14	473	474	469	0.886	0.970
LOKIASV2_4403_ESMFold_NAD-dependent_succinate-semialdehyde_dehydrogenase	AF-P51647-F1-model_v4	AF-P51647-F1-model_v4 Retinal dehydrogenase 1	1.757E-43	1.000	1676	13	481	527	37	501	501	475	0.890	0.928
LOKIASV2_4403_ESMFold_NAD-dependent_succinate-semialdehyde_dehydrogenase	AF-Q3Z1H6-F1-model_v4	AF-Q3Z1H6-F1-model_v4 Gamma-aminobutyraldehyde dehydrogenase	1.021E-43	1.000	1675	9	475	527	14	473	474	469	0.886	0.970
LOKIASV2_4403_ESMFold_NAD-dependent_succinate-semialdehyde_dehydrogenase	AF-Q0T431-F1-model_v4	AF-Q0T431-F1-model_v4 Gamma-aminobutyraldehyde dehydrogenase	1.021E-43	1.000	1675	9	475	527	14	473	474	469	0.886	0.970
LOKIASV2_4403_ESMFold_NAD-dependent_succinate-semialdehyde_dehydrogenase	AF-Q9I6M5-F1-model_v4	AF-Q9I6M5-F1-model_v4 Glutarate-semialdehyde dehydrogenase	2.183E-43	1.000	1675	13	473	527	27	479	483	463	0.875	0.938
LOKIASV2_4403_ESMFold_NAD-dependent_succinate-semialdehyde_dehydrogenase	AF-A6X2G8-F1-model_v4	AF-A6X2G8-F1-model_v4 Betaine aldehyde dehydrogenase	3.023E-43	1.000	1675	13	481	527	23	485	487	473	0.890	0.951
LOKIASV2_4403_ESMFold_NAD-dependent_succinate-semialdehyde_dehydrogenase	AF-P42757-F1-model_v4	AF-P42757-F1-model_v4 Betaine aldehyde dehydrogenase, chloroplastic	1.528E-44	1.000	1675	12	490	527	23	501	502	493	0.909	0.954
LOKIASV2_4403_ESMFold_NAD-dependent_succinate-semialdehyde_dehydrogenase	AF-P46367-F1-model_v4	AF-P46367-F1-model_v4 Potassium-activated aldehyde dehydrogenase, mitochondrial	3.369E-43	1.000	1675	13	477	527	61	518	519	470	0.882	0.882
LOKIASV2_4403_ESMFold_NAD-dependent_succinate-semialdehyde_dehydrogenase	AF-Q2YMP8-F1-model_v4	AF-Q2YMP8-F1-model_v4 Betaine aldehyde dehydrogenase	2.433E-43	1.000	1673	13	480	527	23	485	487	473	0.888	0.951
LOKIASV2_4403_ESMFold_NAD-dependent_succinate-semialdehyde_dehydrogenase	AF-Q6GKD8-F1-model_v4	AF-Q6GKD8-F1-model_v4 Putative aldehyde dehydrogenase AldA	2.930E-44	1.000	1673	9	481	527	25	492	495	482	0.898	0.945
LOKIASV2_4403_ESMFold_NAD-dependent_succinate-semialdehyde_dehydrogenase	AF-Q5RF00-F1-model_v4	AF-Q5RF00-F1-model_v4 Aldehyde dehydrogenase, mitochondrial	4.284E-44	1.000	1673	10	481	527	50	517	517	480	0.896	0.905
LOKIASV2_4403_ESMFold_NAD-dependent_succinate-semialdehyde_dehydrogenase	AF-P11884-F1-model_v4	AF-P11884-F1-model_v4 Aldehyde dehydrogenase, mitochondrial	3.094E-44	1.000	1673	10	481	527	52	519	519	480	0.896	0.902
LOKIASV2_4403_ESMFold_NAD-dependent_succinate-semialdehyde_dehydrogenase	AF-Q6A2H1-F1-model_v4	AF-Q6A2H1-F1-model_v4 Succinate-semialdehyde dehydrogenase, mitochondrial	1.078E-43	1.000	1673	11	475	527	73	533	535	473	0.882	0.862
LOKIASV2_4403_ESMFold_NAD-dependent_succinate-semialdehyde_dehydrogenase	AF-P20000-F1-model_v4	AF-P20000-F1-model_v4 Aldehyde dehydrogenase, mitochondrial	3.448E-44	1.000	1672	10	481	527	53	520	520	480	0.896	0.900
LOKIASV2_4403_ESMFold_NAD-dependent_succinate-semialdehyde_dehydrogenase	AF-B7L6F9-F1-model_v4	AF-B7L6F9-F1-model_v4 Gamma-aminobutyraldehyde dehydrogenase	1.414E-43	1.000	1671	9	475	527	14	473	474	469	0.886	0.970
LOKIASV2_4403_ESMFold_NAD-dependent_succinate-semialdehyde_dehydrogenase	AF-A4WAR9-F1-model_v4	AF-A4WAR9-F1-model_v4 Gamma-aminobutyraldehyde dehydrogenase	1.339E-43	1.000	1671	9	475	527	14	473	474	469	0.886	0.970
LOKIASV2_4403_ESMFold_NAD-dependent_succinate-semialdehyde_dehydrogenase	AF-Q1JUP4-F1-model_v4	AF-Q1JUP4-F1-model_v4 Alpha-ketoglutaric semialdehyde dehydrogenase 1	9.159E-44	1.000	1671	9	477	527	21	481	481	471	0.890	0.958
LOKIASV2_4403_ESMFold_NAD-dependent_succinate-semialdehyde_dehydrogenase	AF-Q29228-F1-model_v4	AF-Q29228-F1-model_v4 4-trimethylaminobutyraldehyde dehydrogenase	7.783E-44	1.000	1671	8	481	527	23	492	494	481	0.899	0.951
LOKIASV2_4403_ESMFold_NAD-dependent_succinate-semialdehyde_dehydrogenase	AF-Q5R8A4-F1-model_v4	AF-Q5R8A4-F1-model_v4 4-trimethylaminobutyraldehyde dehydrogenase	6.264E-44	1.000	1671	8	481	527	23	492	494	481	0.899	0.951
LOKIASV2_4403_ESMFold_NAD-dependent_succinate-semialdehyde_dehydrogenase	AF-Q2XQV4-F1-model_v4	AF-Q2XQV4-F1-model_v4 Aldehyde dehydrogenase, mitochondrial	5.323E-44	1.000	1671	10	481	527	54	521	521	480	0.896	0.898
LOKIASV2_4403_ESMFold_NAD-dependent_succinate-semialdehyde_dehydrogenase	AF-B7LZ33-F1-model_v4	AF-B7LZ33-F1-model_v4 Gamma-aminobutyraldehyde dehydrogenase	1.493E-43	1.000	1670	9	475	527	14	473	474	469	0.886	0.970
LOKIASV2_4403_ESMFold_NAD-dependent_succinate-semialdehyde_dehydrogenase	AF-Q8BWF0-F1-model_v4	AF-Q8BWF0-F1-model_v4 Succinate-semialdehyde dehydrogenase, mitochondrial	1.493E-43	1.000	1670	11	477	527	61	523	523	475	0.886	0.885
LOKIASV2_4403_ESMFold_NAD-dependent_succinate-semialdehyde_dehydrogenase	AF-A9MQY3-F1-model_v4	AF-A9MQY3-F1-model_v4 Gamma-aminobutyraldehyde dehydrogenase	1.078E-43	1.000	1669	9	475	527	14	473	474	470	0.886	0.970
LOKIASV2_4403_ESMFold_NAD-dependent_succinate-semialdehyde_dehydrogenase	AF-Q9H2A2-F1-model_v4	AF-Q9H2A2-F1-model_v4 2-aminomuconic semialdehyde dehydrogenase	2.568E-43	1.000	1669	11	475	527	22	486	487	472	0.882	0.955
LOKIASV2_4403_ESMFold_NAD-dependent_succinate-semialdehyde_dehydrogenase	AF-A1AB46-F1-model_v4	AF-A1AB46-F1-model_v4 Gamma-aminobutyraldehyde dehydrogenase	1.664E-43	1.000	1668	9	475	527	14	473	474	469	0.886	0.970
LOKIASV2_4403_ESMFold_NAD-dependent_succinate-semialdehyde_dehydrogenase	AF-Q0THX6-F1-model_v4	AF-Q0THX6-F1-model_v4 Gamma-aminobutyraldehyde dehydrogenase	1.201E-43	1.000	1668	9	475	527	14	473	474	469	0.886	0.970
LOKIASV2_4403_ESMFold_NAD-dependent_succinate-semialdehyde_dehydrogenase	AF-P24549-F1-model_v4	AF-P24549-F1-model_v4 Retinal dehydrogenase 1	1.021E-43	1.000	1668	13	481	527	37	501	501	476	0.890	0.928
LOKIASV2_4403_ESMFold_NAD-dependent_succinate-semialdehyde_dehydrogenase	AF-Q3MSM4-F1-model_v4	AF-Q3MSM4-F1-model_v4 Succinate-semialdehyde dehydrogenase, mitochondrial	1.493E-43	1.000	1668	11	475	527	73	533	535	473	0.882	0.862
LOKIASV2_4403_ESMFold_NAD-dependent_succinate-semialdehyde_dehydrogenase	AF-Q57P61-F1-model_v4	AF-Q57P61-F1-model_v4 Gamma-aminobutyraldehyde dehydrogenase	1.021E-43	1.000	1667	9	475	527	14	473	474	469	0.886	0.970
LOKIASV2_4403_ESMFold_NAD-dependent_succinate-semialdehyde_dehydrogenase	AF-Q40024-F1-model_v4	AF-Q40024-F1-model_v4 Betaine aldehyde dehydrogenase	3.448E-44	1.000	1667	13	491	527	26	504	505	492	0.909	0.949
LOKIASV2_4403_ESMFold_NAD-dependent_succinate-semialdehyde_dehydrogenase	AF-Q66HF8-F1-model_v4	AF-Q66HF8-F1-model_v4 Aldehyde dehydrogenase X, mitochondrial	2.183E-43	1.000	1667	10	481	527	52	518	519	478	0.896	0.900
LOKIASV2_4403_ESMFold_NAD-dependent_succinate-semialdehyde_dehydrogenase	AF-A9MYQ4-F1-model_v4	AF-A9MYQ4-F1-model_v4 Gamma-aminobutyraldehyde dehydrogenase	1.201E-43	1.000	1666	9	475	527	14	473	474	469	0.886	0.970
LOKIASV2_4403_ESMFold_NAD-dependent_succinate-semialdehyde_dehydrogenase	AF-Q56YU0-F1-model_v4	AF-Q56YU0-F1-model_v4 Aldehyde dehydrogenase family 2 member C4	1.138E-43	1.000	1666	9	480	527	32	499	501	479	0.896	0.934
LOKIASV2_4403_ESMFold_NAD-dependent_succinate-semialdehyde_dehydrogenase	AF-P9WNX9-F1-model_v4	AF-P9WNX9-F1-model_v4 Succinate-semialdehyde dehydrogenase [NADP(+)] 1	2.568E-43	1.000	1665	14	473	527	3	455	457	463	0.873	0.991
LOKIASV2_4403_ESMFold_NAD-dependent_succinate-semialdehyde_dehydrogenase	AF-Q8S528-F1-model_v4	AF-Q8S528-F1-model_v4 Aldehyde dehydrogenase family 2 member B7, mitochondrial	6.264E-44	1.000	1664	12	481	527	69	533	534	477	0.892	0.871
LOKIASV2_4403_ESMFold_NAD-dependent_succinate-semialdehyde_dehydrogenase	AF-B7LR95-F1-model_v4	AF-B7LR95-F1-model_v4 Gamma-aminobutyraldehyde dehydrogenase	2.067E-43	1.000	1663	9	475	527	14	473	474	469	0.886	0.970
LOKIASV2_4403_ESMFold_NAD-dependent_succinate-semialdehyde_dehydrogenase	AF-P54114-F1-model_v4	AF-P54114-F1-model_v4 Aldehyde dehydrogenase [NAD(P)+] 2	4.058E-44	1.000	1663	9	480	527	33	506	506	484	0.896	0.937
LOKIASV2_4403_ESMFold_NAD-dependent_succinate-semialdehyde_dehydrogenase	AF-Q3MSM3-F1-model_v4	AF-Q3MSM3-F1-model_v4 Succinate-semialdehyde dehydrogenase, mitochondrial	2.067E-43	1.000	1663	11	475	527	73	533	535	473	0.882	0.862
LOKIASV2_4403_ESMFold_NAD-dependent_succinate-semialdehyde_dehydrogenase	AF-Q8Z747-F1-model_v4	AF-Q8Z747-F1-model_v4 Gamma-aminobutyraldehyde dehydrogenase	1.757E-43	1.000	1662	9	475	527	14	473	474	469	0.886	0.970
LOKIASV2_4403_ESMFold_NAD-dependent_succinate-semialdehyde_dehydrogenase	AF-A8AGJ9-F1-model_v4	AF-A8AGJ9-F1-model_v4 Gamma-aminobutyraldehyde dehydrogenase	1.855E-43	1.000	1661	9	475	527	14	473	474	469	0.886	0.970
LOKIASV2_4403_ESMFold_NAD-dependent_succinate-semialdehyde_dehydrogenase	AF-B7MMS8-F1-model_v4	AF-B7MMS8-F1-model_v4 Gamma-aminobutyraldehyde dehydrogenase	2.568E-43	1.000	1661	9	475	527	14	473	474	469	0.886	0.970
LOKIASV2_4403_ESMFold_NAD-dependent_succinate-semialdehyde_dehydrogenase	AF-Q2YV11-F1-model_v4	AF-Q2YV11-F1-model_v4 Putative aldehyde dehydrogenase AldA	5.620E-44	1.000	1661	9	481	527	25	492	495	482	0.898	0.945
LOKIASV2_4403_ESMFold_NAD-dependent_succinate-semialdehyde_dehydrogenase	AF-Q9UTM8-F1-model_v4	AF-Q9UTM8-F1-model_v4 Putative succinate-semialdehyde dehydrogenase C139.05 [NADP(+)]	6.121E-43	1.000	1659	13	477	527	34	493	493	472	0.882	0.933
LOKIASV2_4403_ESMFold_NAD-dependent_succinate-semialdehyde_dehydrogenase	AF-A7ZLN7-F1-model_v4	AF-A7ZLN7-F1-model_v4 Gamma-aminobutyraldehyde dehydrogenase	3.191E-43	1.000	1658	9	475	527	14	473	474	469	0.886	0.970
LOKIASV2_4403_ESMFold_NAD-dependent_succinate-semialdehyde_dehydrogenase	AF-Q2KJH9-F1-model_v4	AF-Q2KJH9-F1-model_v4 4-trimethylaminobutyraldehyde dehydrogenase	8.217E-44	1.000	1658	8	481	527	23	492	494	481	0.899	0.951
LOKIASV2_4403_ESMFold_NAD-dependent_succinate-semialdehyde_dehydrogenase	AF-A8A002-F1-model_v4	AF-A8A002-F1-model_v4 Gamma-aminobutyraldehyde dehydrogenase	3.191E-43	1.000	1657	9	475	527	14	473	474	469	0.886	0.970
LOKIASV2_4403_ESMFold_NAD-dependent_succinate-semialdehyde_dehydrogenase	AF-B1LFH3-F1-model_v4	AF-B1LFH3-F1-model_v4 Gamma-aminobutyraldehyde dehydrogenase	3.369E-43	1.000	1655	9	475	527	14	473	474	469	0.886	0.970
LOKIASV2_4403_ESMFold_NAD-dependent_succinate-semialdehyde_dehydrogenase	AF-Q8FHK7-F1-model_v4	AF-Q8FHK7-F1-model_v4 Gamma-aminobutyraldehyde dehydrogenase	3.369E-43	1.000	1655	9	475	527	14	473	474	469	0.886	0.970
LOKIASV2_4403_ESMFold_NAD-dependent_succinate-semialdehyde_dehydrogenase	AF-Q88RC0-F1-model_v4	AF-Q88RC0-F1-model_v4 Glutarate-semialdehyde dehydrogenase	3.023E-43	1.000	1655	13	475	527	27	479	480	466	0.879	0.944
LOKIASV2_4403_ESMFold_NAD-dependent_succinate-semialdehyde_dehydrogenase	AF-P49189-F1-model_v4	AF-P49189-F1-model_v4 4-trimethylaminobutyraldehyde dehydrogenase	2.183E-43	1.000	1654	8	481	527	23	492	494	481	0.899	0.951
LOKIASV2_4403_ESMFold_NAD-dependent_succinate-semialdehyde_dehydrogenase	AF-P51649-F1-model_v4	AF-P51649-F1-model_v4 Succinate-semialdehyde dehydrogenase, mitochondrial	2.863E-43	1.000	1654	11	475	527	73	533	535	473	0.882	0.862
LOKIASV2_4403_ESMFold_NAD-dependent_succinate-semialdehyde_dehydrogenase	AF-Q8X9W5-F1-model_v4	AF-Q8X9W5-F1-model_v4 Gamma-aminobutyraldehyde dehydrogenase	4.419E-43	1.000	1653	9	475	527	14	473	474	469	0.886	0.970
LOKIASV2_4403_ESMFold_NAD-dependent_succinate-semialdehyde_dehydrogenase	AF-Q32FQ5-F1-model_v4	AF-Q32FQ5-F1-model_v4 Gamma-aminobutyraldehyde dehydrogenase	3.191E-43	1.000	1653	9	475	527	14	473	474	469	0.886	0.970
LOKIASV2_4403_ESMFold_NAD-dependent_succinate-semialdehyde_dehydrogenase	AF-P15437-F1-model_v4	AF-P15437-F1-model_v4 Retinal dehydrogenase 1	3.448E-44	1.000	1653	13	481	527	37	501	501	480	0.890	0.928
LOKIASV2_4403_ESMFold_NAD-dependent_succinate-semialdehyde_dehydrogenase	AF-B7URJ0-F1-model_v4	AF-B7URJ0-F1-model_v4 Gamma-aminobutyraldehyde dehydrogenase	3.369E-43	1.000	1652	9	475	527	14	473	474	469	0.886	0.970
LOKIASV2_4403_ESMFold_NAD-dependent_succinate-semialdehyde_dehydrogenase	AF-B7N4K1-F1-model_v4	AF-B7N4K1-F1-model_v4 Gamma-aminobutyraldehyde dehydrogenase	3.965E-43	1.000	1652	9	475	527	14	473	474	469	0.886	0.970
LOKIASV2_4403_ESMFold_NAD-dependent_succinate-semialdehyde_dehydrogenase	AF-P30841-F1-model_v4	AF-P30841-F1-model_v4 Omega-crystallin	9.159E-44	1.000	1651	13	481	527	32	496	496	477	0.890	0.938
LOKIASV2_4403_ESMFold_NAD-dependent_succinate-semialdehyde_dehydrogenase	AF-Q1RBX3-F1-model_v4	AF-Q1RBX3-F1-model_v4 Gamma-aminobutyraldehyde dehydrogenase	4.666E-43	1.000	1650	9	475	527	14	473	474	469	0.886	0.970
LOKIASV2_4403_ESMFold_NAD-dependent_succinate-semialdehyde_dehydrogenase	AF-B7MUN0-F1-model_v4	AF-B7MUN0-F1-model_v4 Gamma-aminobutyraldehyde dehydrogenase	4.666E-43	1.000	1650	9	475	527	14	473	474	469	0.886	0.970
LOKIASV2_4403_ESMFold_NAD-dependent_succinate-semialdehyde_dehydrogenase	AF-P51650-F1-model_v4	AF-P51650-F1-model_v4 Succinate-semialdehyde dehydrogenase, mitochondrial	4.926E-43	1.000	1650	10	475	527	60	521	523	474	0.884	0.883
LOKIASV2_4403_ESMFold_NAD-dependent_succinate-semialdehyde_dehydrogenase	AF-A5TYV9-F1-model_v4	AF-A5TYV9-F1-model_v4 Succinate-semialdehyde dehydrogenase [NADP(+)] 1	6.462E-43	1.000	1649	14	473	527	3	455	457	463	0.873	0.991
LOKIASV2_4403_ESMFold_NAD-dependent_succinate-semialdehyde_dehydrogenase	AF-B5Z0W0-F1-model_v4	AF-B5Z0W0-F1-model_v4 Gamma-aminobutyraldehyde dehydrogenase	5.201E-43	1.000	1649	9	475	527	14	473	474	469	0.886	0.970
LOKIASV2_4403_ESMFold_NAD-dependent_succinate-semialdehyde_dehydrogenase	AF-P38694-F1-model_v4	AF-P38694-F1-model_v4 Putative aldehyde dehydrogenase-like protein YHR039C	1.743E-45	1.000	1649	12	518	527	110	642	644	534	0.962	0.828
LOKIASV2_4403_ESMFold_NAD-dependent_succinate-semialdehyde_dehydrogenase	AF-O32507-F1-model_v4	AF-O32507-F1-model_v4 Succinate-semialdehyde dehydrogenase [NADP(+)]	1.371E-44	1.000	1648	1	481	527	1	471	477	487	0.913	0.987
LOKIASV2_4403_ESMFold_NAD-dependent_succinate-semialdehyde_dehydrogenase	AF-P25553-F1-model_v4	AF-P25553-F1-model_v4 Lactaldehyde dehydrogenase	1.339E-43	1.000	1647	9	475	527	19	478	479	474	0.886	0.960
LOKIASV2_4403_ESMFold_NAD-dependent_succinate-semialdehyde_dehydrogenase	AF-Q8GAK7-F1-model_v4	AF-Q8GAK7-F1-model_v4 Aldehyde dehydrogenase	5.201E-43	1.000	1646	13	474	527	2	457	458	465	0.877	0.996
LOKIASV2_4403_ESMFold_NAD-dependent_succinate-semialdehyde_dehydrogenase	AF-Q5PHV8-F1-model_v4	AF-Q5PHV8-F1-model_v4 Gamma-aminobutyraldehyde dehydrogenase	4.419E-43	1.000	1646	9	475	527	14	473	474	469	0.886	0.970
LOKIASV2_4403_ESMFold_NAD-dependent_succinate-semialdehyde_dehydrogenase	AF-Q9US47-F1-model_v4	AF-Q9US47-F1-model_v4 Putative succinate-semialdehyde dehydrogenase C1002.12c [NADP(+)]	5.201E-43	1.000	1646	9	477	527	85	547	547	474	0.890	0.846
LOKIASV2_4403_ESMFold_NAD-dependent_succinate-semialdehyde_dehydrogenase	AF-Q3SY69-F1-model_v4	AF-Q3SY69-F1-model_v4 Mitochondrial 10-formyltetrahydrofolate dehydrogenase	1.239E-42	1.000	1646	13	474	527	459	921	923	468	0.877	0.502
LOKIASV2_4403_ESMFold_NAD-dependent_succinate-semialdehyde_dehydrogenase	AF-P9WNX8-F1-model_v4	AF-P9WNX8-F1-model_v4 Succinate-semialdehyde dehydrogenase [NADP(+)] 1	5.201E-43	1.000	1645	14	473	527	3	455	457	462	0.873	0.991
LOKIASV2_4403_ESMFold_NAD-dependent_succinate-semialdehyde_dehydrogenase	AF-C0Q4N4-F1-model_v4	AF-C0Q4N4-F1-model_v4 Gamma-aminobutyraldehyde dehydrogenase	5.201E-43	1.000	1645	9	475	527	14	473	474	469	0.886	0.970
LOKIASV2_4403_ESMFold_NAD-dependent_succinate-semialdehyde_dehydrogenase	AF-Q4L919-F1-model_v4	AF-Q4L919-F1-model_v4 Putative aldehyde dehydrogenase AldA	3.191E-43	1.000	1643	9	481	527	26	494	497	481	0.898	0.944
LOKIASV2_4403_ESMFold_NAD-dependent_succinate-semialdehyde_dehydrogenase	AF-A1KF54-F1-model_v4	AF-A1KF54-F1-model_v4 Succinate-semialdehyde dehydrogenase [NADP(+)] 1	1.112E-42	1.000	1641	14	473	527	3	455	457	463	0.873	0.991
LOKIASV2_4403_ESMFold_NAD-dependent_succinate-semialdehyde_dehydrogenase	AF-A0PN13-F1-model_v4	AF-A0PN13-F1-model_v4 Succinate-semialdehyde dehydrogenase [NADP(+)] 1	7.203E-43	1.000	1641	14	474	527	3	457	458	464	0.875	0.993
LOKIASV2_4403_ESMFold_NAD-dependent_succinate-semialdehyde_dehydrogenase	AF-Q8BH00-F1-model_v4	AF-Q8BH00-F1-model_v4 2-aminomuconic semialdehyde dehydrogenase	4.926E-43	1.000	1641	11	475	527	22	486	487	474	0.882	0.955
LOKIASV2_4403_ESMFold_NAD-dependent_succinate-semialdehyde_dehydrogenase	AF-Q7U2I0-F1-model_v4	AF-Q7U2I0-F1-model_v4 Succinate-semialdehyde dehydrogenase [NADP(+)] 1	7.604E-43	1.000	1639	14	473	527	3	455	457	462	0.873	0.991
LOKIASV2_4403_ESMFold_NAD-dependent_succinate-semialdehyde_dehydrogenase	AF-H8ZPX2-F1-model_v4	AF-H8ZPX2-F1-model_v4 3-succinoylsemialdehyde-pyridine dehydrogenase	3.557E-43	1.000	1638	13	472	527	21	471	477	468	0.873	0.945
LOKIASV2_4403_ESMFold_NAD-dependent_succinate-semialdehyde_dehydrogenase	AF-P28037-F1-model_v4	AF-P28037-F1-model_v4 Cytosolic 10-formyltetrahydrofolate dehydrogenase	1.458E-42	1.000	1637	9	474	527	434	900	902	472	0.884	0.518
LOKIASV2_4403_ESMFold_NAD-dependent_succinate-semialdehyde_dehydrogenase	AF-Q6LX65-F1-model_v4	AF-Q6LX65-F1-model_v4 Lactaldehyde dehydrogenase	1.664E-43	1.000	1635	14	477	527	13	465	465	472	0.880	0.974
LOKIASV2_4403_ESMFold_NAD-dependent_succinate-semialdehyde_dehydrogenase	AF-Q92YD2-F1-model_v4	AF-Q92YD2-F1-model_v4 Betaine aldehyde dehydrogenase 2	1.812E-42	1.000	1635	12	477	527	25	480	481	467	0.884	0.948
LOKIASV2_4403_ESMFold_NAD-dependent_succinate-semialdehyde_dehydrogenase	AF-Q9JLJ3-F1-model_v4	AF-Q9JLJ3-F1-model_v4 4-trimethylaminobutyraldehyde dehydrogenase	2.863E-43	1.000	1635	8	481	527	23	492	494	481	0.899	0.951
LOKIASV2_4403_ESMFold_NAD-dependent_succinate-semialdehyde_dehydrogenase	AF-Q63ZT8-F1-model_v4	AF-Q63ZT8-F1-model_v4 Cytosolic 10-formyltetrahydrofolate dehydrogenase	1.626E-42	1.000	1634	10	474	527	435	900	902	471	0.882	0.517
LOKIASV2_4403_ESMFold_NAD-dependent_succinate-semialdehyde_dehydrogenase	AF-Q55585-F1-model_v4	AF-Q55585-F1-model_v4 Probable succinate-semialdehyde dehydrogenase [NADP(+)]	3.292E-42	1.000	1633	13	473	527	2	452	454	463	0.875	0.993
LOKIASV2_4403_ESMFold_NAD-dependent_succinate-semialdehyde_dehydrogenase	AF-Q6GNL7-F1-model_v4	AF-Q6GNL7-F1-model_v4 Cytosolic 10-formyltetrahydrofolate dehydrogenase	2.377E-42	1.000	1631	10	474	527	435	900	902	471	0.882	0.517
LOKIASV2_4403_ESMFold_NAD-dependent_succinate-semialdehyde_dehydrogenase	AF-A6VH72-F1-model_v4	AF-A6VH72-F1-model_v4 Lactaldehyde dehydrogenase	4.419E-43	1.000	1630	14	477	527	13	465	465	471	0.880	0.974
LOKIASV2_4403_ESMFold_NAD-dependent_succinate-semialdehyde_dehydrogenase	AF-Q6F9G0-F1-model_v4	AF-Q6F9G0-F1-model_v4 Succinate semialdehyde dehydrogenase	4.058E-44	1.000	1630	7	475	527	4	481	483	492	0.890	0.990
LOKIASV2_4403_ESMFold_NAD-dependent_succinate-semialdehyde_dehydrogenase	AF-P52476-F1-model_v4	AF-P52476-F1-model_v4 Aldehyde dehydrogenase X, mitochondrial	1.540E-42	1.000	1630	10	481	527	44	511	511	478	0.896	0.916
LOKIASV2_4403_ESMFold_NAD-dependent_succinate-semialdehyde_dehydrogenase	AF-Q8R0Y6-F1-model_v4	AF-Q8R0Y6-F1-model_v4 Cytosolic 10-formyltetrahydrofolate dehydrogenase	3.874E-42	1.000	1627	13	474	527	438	900	902	468	0.877	0.513
LOKIASV2_4403_ESMFold_NAD-dependent_succinate-semialdehyde_dehydrogenase	AF-Q5RFM9-F1-model_v4	AF-Q5RFM9-F1-model_v4 Cytosolic 10-formyltetrahydrofolate dehydrogenase	4.318E-42	1.000	1625	13	474	527	438	900	902	468	0.877	0.513
LOKIASV2_4403_ESMFold_NAD-dependent_succinate-semialdehyde_dehydrogenase	AF-O06837-F1-model_v4	AF-O06837-F1-model_v4 Phenylacetaldehyde dehydrogenase	2.304E-43	1.000	1622	9	474	527	33	500	502	478	0.884	0.932
LOKIASV2_4403_ESMFold_NAD-dependent_succinate-semialdehyde_dehydrogenase	AF-A8GHZ8-F1-model_v4	AF-A8GHZ8-F1-model_v4 Gamma-aminobutyraldehyde dehydrogenase	1.239E-42	1.000	1620	13	475	527	18	473	474	466	0.879	0.962
LOKIASV2_4403_ESMFold_NAD-dependent_succinate-semialdehyde_dehydrogenase	AF-O75891-F1-model_v4	AF-O75891-F1-model_v4 Cytosolic 10-formyltetrahydrofolate dehydrogenase	5.980E-42	1.000	1620	13	474	527	438	900	902	468	0.877	0.513
LOKIASV2_4403_ESMFold_NAD-dependent_succinate-semialdehyde_dehydrogenase	AF-O69497-F1-model_v4	AF-O69497-F1-model_v4 Succinate-semialdehyde dehydrogenase [NADP(+)]	5.980E-42	1.000	1619	14	473	527	3	455	457	463	0.873	0.991
LOKIASV2_4403_ESMFold_NAD-dependent_succinate-semialdehyde_dehydrogenase	AF-P76149-F1-model_v4	AF-P76149-F1-model_v4 Succinate semialdehyde dehydrogenase [NAD(P)+] Sad	3.475E-42	1.000	1618	9	477	527	4	462	462	471	0.890	0.994
LOKIASV2_4403_ESMFold_NAD-dependent_succinate-semialdehyde_dehydrogenase	AF-C5I9X1-F1-model_v4	AF-C5I9X1-F1-model_v4 Aldehyde dehydrogenase 1	2.132E-42	1.000	1616	12	481	527	34	498	499	475	0.892	0.932
LOKIASV2_4403_ESMFold_NAD-dependent_succinate-semialdehyde_dehydrogenase	AF-Q9JLJ2-F1-model_v4	AF-Q9JLJ2-F1-model_v4 4-trimethylaminobutyraldehyde dehydrogenase	3.118E-42	1.000	1611	8	481	527	23	492	494	481	0.899	0.951
LOKIASV2_4403_ESMFold_NAD-dependent_succinate-semialdehyde_dehydrogenase	AF-A4FW36-F1-model_v4	AF-A4FW36-F1-model_v4 Lactaldehyde dehydrogenase	1.239E-42	1.000	1609	14	477	527	13	465	465	471	0.880	0.974
LOKIASV2_4403_ESMFold_NAD-dependent_succinate-semialdehyde_dehydrogenase	AF-P56533-F1-model_v4	AF-P56533-F1-model_v4 4-trimethylaminobutyraldehyde dehydrogenase	6.313E-42	1.000	1604	8	481	527	32	501	503	480	0.899	0.934
LOKIASV2_4403_ESMFold_NAD-dependent_succinate-semialdehyde_dehydrogenase	AF-Q8K009-F1-model_v4	AF-Q8K009-F1-model_v4 Mitochondrial 10-formyltetrahydrofolate dehydrogenase	1.425E-41	1.000	1604	12	474	527	458	921	923	469	0.879	0.503
LOKIASV2_4403_ESMFold_NAD-dependent_succinate-semialdehyde_dehydrogenase	AF-P23883-F1-model_v4	AF-P23883-F1-model_v4 NADP/NAD-dependent aldehyde dehydrogenase PuuC	4.186E-43	1.000	1602	12	475	527	35	492	495	475	0.880	0.925
LOKIASV2_4403_ESMFold_NAD-dependent_succinate-semialdehyde_dehydrogenase	AF-H1ZV37-F1-model_v4	AF-H1ZV37-F1-model_v4 Geranial dehydrogenase	2.953E-42	1.000	1599	8	474	527	18	476	478	473	0.886	0.960
LOKIASV2_4403_ESMFold_NAD-dependent_succinate-semialdehyde_dehydrogenase	AF-A0QMB9-F1-model_v4	AF-A0QMB9-F1-model_v4 Succinate-semialdehyde dehydrogenase [NADP(+)]	3.475E-42	1.000	1598	14	481	527	3	464	472	470	0.888	0.979
LOKIASV2_4403_ESMFold_NAD-dependent_succinate-semialdehyde_dehydrogenase	AF-P19059-F1-model_v4	AF-P19059-F1-model_v4 2-hydroxymuconic semialdehyde dehydrogenase	6.462E-43	1.000	1598	9	475	527	16	485	486	482	0.886	0.967
LOKIASV2_4403_ESMFold_NAD-dependent_succinate-semialdehyde_dehydrogenase	AF-Q66I21-F1-model_v4	AF-Q66I21-F1-model_v4 2-aminomuconic semialdehyde dehydrogenase	3.669E-42	1.000	1594	11	475	527	22	486	487	474	0.882	0.955
LOKIASV2_4403_ESMFold_NAD-dependent_succinate-semialdehyde_dehydrogenase	AF-Q9HK01-F1-model_v4	AF-Q9HK01-F1-model_v4 D-glyceraldehyde dehydrogenase (NADP(+))	1.381E-42	1.000	1589	9	494	527	15	491	493	494	0.922	0.968
LOKIASV2_4403_ESMFold_NAD-dependent_succinate-semialdehyde_dehydrogenase	AF-Q0P5F9-F1-model_v4	AF-Q0P5F9-F1-model_v4 2-aminomuconic semialdehyde dehydrogenase	3.118E-42	1.000	1588	11	475	527	22	486	487	477	0.882	0.955
LOKIASV2_4403_ESMFold_NAD-dependent_succinate-semialdehyde_dehydrogenase	AF-A6UQD0-F1-model_v4	AF-A6UQD0-F1-model_v4 Lactaldehyde dehydrogenase	2.020E-42	1.000	1587	15	477	527	14	465	465	471	0.879	0.972
LOKIASV2_4403_ESMFold_NAD-dependent_succinate-semialdehyde_dehydrogenase	AF-P30842-F1-model_v4	AF-P30842-F1-model_v4 Omega-crystallin	5.980E-42	1.000	1585	9	481	527	28	495	495	480	0.898	0.945
LOKIASV2_4403_ESMFold_NAD-dependent_succinate-semialdehyde_dehydrogenase	AF-P0C6D7-F1-model_v4	AF-P0C6D7-F1-model_v4 Aldehyde dehydrogenase	5.365E-42	1.000	1578	12	479	527	34	501	506	478	0.888	0.925
LOKIASV2_4403_ESMFold_NAD-dependent_succinate-semialdehyde_dehydrogenase	AF-Q1ERI2-F1-model_v4	AF-Q1ERI2-F1-model_v4 Aldehyde dehydrogenase mpl4	6.666E-42	1.000	1576	8	476	527	23	484	501	476	0.890	0.922
LOKIASV2_4403_ESMFold_NAD-dependent_succinate-semialdehyde_dehydrogenase	AF-Q73TP5-F1-model_v4	AF-Q73TP5-F1-model_v4 Succinate-semialdehyde dehydrogenase [NADP(+)]	7.844E-42	1.000	1573	14	481	527	3	466	472	472	0.888	0.983
LOKIASV2_4403_ESMFold_NAD-dependent_succinate-semialdehyde_dehydrogenase	AF-Q6L285-F1-model_v4	AF-Q6L285-F1-model_v4 D-glyceraldehyde dehydrogenase (NADP(+))	5.980E-42	1.000	1573	9	481	527	13	480	493	484	0.898	0.949
LOKIASV2_4403_ESMFold_NAD-dependent_succinate-semialdehyde_dehydrogenase	AF-Q8GAI8-F1-model_v4	AF-Q8GAI8-F1-model_v4 Succinate-semialdehyde dehydrogenase	5.242E-41	1.000	1569	25	480	527	2	450	450	463	0.865	0.998
LOKIASV2_4403_ESMFold_NAD-dependent_succinate-semialdehyde_dehydrogenase	AF-A0A162J448-F1-model_v4	AF-A0A162J448-F1-model_v4 Aldehyde dehydrogenase citD	1.029E-41	1.000	1569	8	476	527	23	484	501	476	0.890	0.922
LOKIASV2_4403_ESMFold_NAD-dependent_succinate-semialdehyde_dehydrogenase	AF-Q802W2-F1-model_v4	AF-Q802W2-F1-model_v4 4-trimethylaminobutyraldehyde dehydrogenase B	2.452E-41	1.000	1569	8	481	527	47	516	518	481	0.899	0.907
LOKIASV2_4403_ESMFold_NAD-dependent_succinate-semialdehyde_dehydrogenase	AF-A5F3A7-F1-model_v4	AF-A5F3A7-F1-model_v4 Aldehyde dehydrogenase	3.874E-42	1.000	1568	12	479	527	34	501	506	482	0.888	0.925
LOKIASV2_4403_ESMFold_NAD-dependent_succinate-semialdehyde_dehydrogenase	AF-Q2BN77-F1-model_v4	AF-Q2BN77-F1-model_v4 Sulfoacetaldehyde dehydrogenase	1.350E-41	1.000	1564	11	474	527	2	456	456	475	0.880	0.998
LOKIASV2_4403_ESMFold_NAD-dependent_succinate-semialdehyde_dehydrogenase	AF-P46368-F1-model_v4	AF-P46368-F1-model_v4 Acetaldehyde dehydrogenase 2	8.543E-41	1.000	1562	12	479	527	34	501	506	479	0.888	0.925
LOKIASV2_4403_ESMFold_NAD-dependent_succinate-semialdehyde_dehydrogenase	AF-Q19A30-F1-model_v4	AF-Q19A30-F1-model_v4 4-trimethylaminobutyraldehyde dehydrogenase	1.504E-41	1.000	1561	8	481	527	34	503	505	482	0.899	0.931
LOKIASV2_4403_ESMFold_NAD-dependent_succinate-semialdehyde_dehydrogenase	AF-Q3YAT5-F1-model_v4	AF-Q3YAT5-F1-model_v4 Hydroxyisobutyraldehyde dehydrogenase	1.147E-41	1.000	1559	13	493	527	33	501	504	489	0.913	0.931
LOKIASV2_4403_ESMFold_NAD-dependent_succinate-semialdehyde_dehydrogenase	AF-Q7ZVB2-F1-model_v4	AF-Q7ZVB2-F1-model_v4 4-trimethylaminobutyraldehyde dehydrogenase A	2.083E-41	1.000	1556	8	481	527	37	506	508	483	0.899	0.925
LOKIASV2_4403_ESMFold_NAD-dependent_succinate-semialdehyde_dehydrogenase	AF-A6UVT6-F1-model_v4	AF-A6UVT6-F1-model_v4 Lactaldehyde dehydrogenase	2.885E-41	1.000	1554	14	477	527	13	465	465	471	0.880	0.974
LOKIASV2_4403_ESMFold_NAD-dependent_succinate-semialdehyde_dehydrogenase	AF-P38067-F1-model_v4	AF-P38067-F1-model_v4 Succinate-semialdehyde dehydrogenase [NADP(+)]	2.322E-41	1.000	1552	8	475	527	29	491	497	475	0.888	0.932
LOKIASV2_4403_ESMFold_NAD-dependent_succinate-semialdehyde_dehydrogenase	AF-Q79EM7-F1-model_v4	AF-Q79EM7-F1-model_v4 2-formylbenzoate dehydrogenase	1.121E-40	1.000	1551	9	474	527	22	482	485	473	0.884	0.951
LOKIASV2_4403_ESMFold_NAD-dependent_succinate-semialdehyde_dehydrogenase	AF-E1V7V8-F1-model_v4	AF-E1V7V8-F1-model_v4 Aspartate-semialdehyde dehydrogenase (Non-phosphorylating)	2.036E-40	1.000	1551	15	476	527	33	486	493	467	0.877	0.921
LOKIASV2_4403_ESMFold_NAD-dependent_succinate-semialdehyde_dehydrogenase	AF-P32872-F1-model_v4	AF-P32872-F1-model_v4 Aldehyde dehydrogenase 2, mitochondrial	1.504E-41	1.000	1549	9	463	527	53	510	511	466	0.863	0.896
LOKIASV2_4403_ESMFold_NAD-dependent_succinate-semialdehyde_dehydrogenase	AF-P94358-F1-model_v4	AF-P94358-F1-model_v4 Putative aldehyde dehydrogenase AldY	2.083E-41	1.000	1546	9	481	527	19	483	485	480	0.898	0.959
LOKIASV2_4403_ESMFold_NAD-dependent_succinate-semialdehyde_dehydrogenase	AF-Q58806-F1-model_v4	AF-Q58806-F1-model_v4 Lactaldehyde dehydrogenase	1.249E-40	1.000	1540	15	476	527	14	463	463	468	0.877	0.972
LOKIASV2_4403_ESMFold_NAD-dependent_succinate-semialdehyde_dehydrogenase	AF-Q9RYG9-F1-model_v4	AF-Q9RYG9-F1-model_v4 Aldehyde dehydrogenase	5.242E-41	1.000	1540	13	480	527	45	511	515	480	0.888	0.907
LOKIASV2_4403_ESMFold_NAD-dependent_succinate-semialdehyde_dehydrogenase	AF-Q9RJZ6-F1-model_v4	AF-Q9RJZ6-F1-model_v4 Probable aldehyde dehydrogenase	1.730E-40	1.000	1539	13	480	527	36	503	507	479	0.888	0.923
LOKIASV2_4403_ESMFold_NAD-dependent_succinate-semialdehyde_dehydrogenase	AF-Q9FDS1-F1-model_v4	AF-Q9FDS1-F1-model_v4 Long-chain-aldehyde dehydrogenase	4.702E-41	1.000	1537	13	479	527	35	498	503	475	0.886	0.922
LOKIASV2_4403_ESMFold_NAD-dependent_succinate-semialdehyde_dehydrogenase	AF-A1B4L2-F1-model_v4	AF-A1B4L2-F1-model_v4 Aldehyde dehydrogenase	2.269E-40	1.000	1537	13	480	527	37	504	508	479	0.888	0.921
LOKIASV2_4403_ESMFold_NAD-dependent_succinate-semialdehyde_dehydrogenase	AF-D4GP41-F1-model_v4	AF-D4GP41-F1-model_v4 Alpha-ketoglutarate semialdehyde dehydrogenase	9.019E-41	1.000	1533	9	475	527	15	481	482	479	0.886	0.969
LOKIASV2_4403_ESMFold_NAD-dependent_succinate-semialdehyde_dehydrogenase	AF-P43503-F1-model_v4	AF-P43503-F1-model_v4 Benzaldehyde dehydrogenase [NAD(+)]	3.698E-40	1.000	1533	13	481	527	26	485	487	473	0.890	0.945
LOKIASV2_4403_ESMFold_NAD-dependent_succinate-semialdehyde_dehydrogenase	AF-Q9AHG1-F1-model_v4	AF-Q9AHG1-F1-model_v4 Putative 4-(hydroxymethyl)benzenesulfonate dehydrogenase TsaD2	2.396E-40	1.000	1530	9	475	527	21	476	477	469	0.886	0.956
LOKIASV2_4403_ESMFold_NAD-dependent_succinate-semialdehyde_dehydrogenase	AF-Q53197-F1-model_v4	AF-Q53197-F1-model_v4 Putative aldehyde-dehydrogenase-like protein y4uC	2.885E-41	1.000	1530	1	477	527	45	512	512	483	0.905	0.914
LOKIASV2_4403_ESMFold_NAD-dependent_succinate-semialdehyde_dehydrogenase	AF-B8M9K4-F1-model_v4	AF-B8M9K4-F1-model_v4 Aldehyde dehydrogenase tropH	3.046E-41	1.000	1530	15	483	527	34	503	515	479	0.890	0.913
LOKIASV2_4403_ESMFold_NAD-dependent_succinate-semialdehyde_dehydrogenase	AF-P46369-F1-model_v4	AF-P46369-F1-model_v4 EPTC-inducible aldehyde dehydrogenase	1.061E-40	1.000	1528	13	481	527	36	503	506	480	0.890	0.925
LOKIASV2_4403_ESMFold_NAD-dependent_succinate-semialdehyde_dehydrogenase	AF-Q97UA1-F1-model_v4	AF-Q97UA1-F1-model_v4 2,5-dioxopentanoate dehydrogenase	1.730E-40	1.000	1524	8	475	527	13	477	478	481	0.888	0.973
LOKIASV2_4403_ESMFold_NAD-dependent_succinate-semialdehyde_dehydrogenase	AF-Q6F9F7-F1-model_v4	AF-Q6F9F7-F1-model_v4 (Z)-2-((N-methylformamido)methylene)-5-hydroxybutyrolactone dehydrogenase	1.319E-40	1.000	1518	11	491	527	16	488	488	488	0.913	0.969
LOKIASV2_4403_ESMFold_NAD-dependent_succinate-semialdehyde_dehydrogenase	AF-W7MWX4-F1-model_v4	AF-W7MWX4-F1-model_v4 Putative aldehyde dehydrogenase FUS7	1.552E-40	1.000	1516	8	476	527	15	461	461	471	0.890	0.970
LOKIASV2_4403_ESMFold_NAD-dependent_succinate-semialdehyde_dehydrogenase	AF-Q8EMV4-F1-model_v4	AF-Q8EMV4-F1-model_v4 Malonate-semialdehyde dehydrogenase 2	1.884E-39	1.000	1514	10	475	527	22	484	486	473	0.884	0.953
LOKIASV2_4403_ESMFold_NAD-dependent_succinate-semialdehyde_dehydrogenase	AF-P94682-F1-model_v4	AF-P94682-F1-model_v4 4-(hydroxymethyl)benzenesulfonate dehydrogenase TsaD1	5.708E-40	1.000	1512	9	475	527	21	475	476	469	0.886	0.956
LOKIASV2_4403_ESMFold_NAD-dependent_succinate-semialdehyde_dehydrogenase	AF-P62028-F1-model_v4	AF-P62028-F1-model_v4 1-pyrroline-5-carboxylate dehydrogenase	1.156E-39	1.000	1510	9	475	527	47	514	515	476	0.886	0.909
LOKIASV2_4403_ESMFold_NAD-dependent_succinate-semialdehyde_dehydrogenase	AF-P37685-F1-model_v4	AF-P37685-F1-model_v4 Aldehyde dehydrogenase B	1.121E-40	1.000	1507	12	481	527	40	512	512	484	0.892	0.924
LOKIASV2_4403_ESMFold_NAD-dependent_succinate-semialdehyde_dehydrogenase	AF-Q9K9B2-F1-model_v4	AF-Q9K9B2-F1-model_v4 1-pyrroline-5-carboxylate dehydrogenase 1	1.095E-39	1.000	1505	9	475	527	47	514	515	478	0.886	0.909
LOKIASV2_4403_ESMFold_NAD-dependent_succinate-semialdehyde_dehydrogenase	AF-P9WNY1-F1-model_v4	AF-P9WNY1-F1-model_v4 Probable aldehyde dehydrogenase	6.363E-40	1.000	1504	13	481	527	36	507	507	483	0.890	0.931
LOKIASV2_4403_ESMFold_NAD-dependent_succinate-semialdehyde_dehydrogenase	AF-P9WNY0-F1-model_v4	AF-P9WNY0-F1-model_v4 Probable aldehyde dehydrogenase	6.718E-40	1.000	1502	13	481	527	36	507	507	483	0.890	0.931
LOKIASV2_4403_ESMFold_NAD-dependent_succinate-semialdehyde_dehydrogenase	AF-Q81IP0-F1-model_v4	AF-Q81IP0-F1-model_v4 1-pyrroline-5-carboxylate dehydrogenase	1.989E-39	1.000	1502	9	475	527	47	514	515	476	0.886	0.909
LOKIASV2_4403_ESMFold_NAD-dependent_succinate-semialdehyde_dehydrogenase	AF-Q63GS0-F1-model_v4	AF-Q63GS0-F1-model_v4 1-pyrroline-5-carboxylate dehydrogenase	2.754E-39	1.000	1497	9	475	527	47	514	515	476	0.886	0.909
LOKIASV2_4403_ESMFold_NAD-dependent_succinate-semialdehyde_dehydrogenase	AF-Q9ZA11-F1-model_v4	AF-Q9ZA11-F1-model_v4 Aldehyde dehydrogenase	3.904E-40	1.000	1495	12	479	527	34	501	506	481	0.888	0.925
LOKIASV2_4403_ESMFold_NAD-dependent_succinate-semialdehyde_dehydrogenase	AF-Q2FDV3-F1-model_v4	AF-Q2FDV3-F1-model_v4 1-pyrroline-5-carboxylate dehydrogenase	2.341E-39	1.000	1494	11	475	527	49	513	514	474	0.882	0.905
LOKIASV2_4403_ESMFold_NAD-dependent_succinate-semialdehyde_dehydrogenase	AF-Q4L966-F1-model_v4	AF-Q4L966-F1-model_v4 1-pyrroline-5-carboxylate dehydrogenase	2.908E-39	1.000	1492	9	475	527	47	513	514	476	0.886	0.909
LOKIASV2_4403_ESMFold_NAD-dependent_succinate-semialdehyde_dehydrogenase	AF-P63938-F1-model_v4	AF-P63938-F1-model_v4 Probable aldehyde dehydrogenase	3.815E-39	1.000	1490	13	479	527	36	502	507	478	0.886	0.921
LOKIASV2_4403_ESMFold_NAD-dependent_succinate-semialdehyde_dehydrogenase	AF-B8DCT8-F1-model_v4	AF-B8DCT8-F1-model_v4 Malonate-semialdehyde dehydrogenase	2.100E-39	1.000	1489	9	490	527	19	488	488	487	0.915	0.963
LOKIASV2_4403_ESMFold_NAD-dependent_succinate-semialdehyde_dehydrogenase	AF-Q8NUR2-F1-model_v4	AF-Q8NUR2-F1-model_v4 1-pyrroline-5-carboxylate dehydrogenase	3.613E-39	1.000	1489	11	475	527	49	513	514	474	0.882	0.905
LOKIASV2_4403_ESMFold_NAD-dependent_succinate-semialdehyde_dehydrogenase	AF-C3PBP4-F1-model_v4	AF-C3PBP4-F1-model_v4 1-pyrroline-5-carboxylate dehydrogenase	5.004E-39	1.000	1489	9	475	527	47	514	515	476	0.886	0.909
LOKIASV2_4403_ESMFold_NAD-dependent_succinate-semialdehyde_dehydrogenase	AF-Q6HP91-F1-model_v4	AF-Q6HP91-F1-model_v4 1-pyrroline-5-carboxylate dehydrogenase	4.739E-39	1.000	1489	9	475	527	47	514	515	476	0.886	0.909
LOKIASV2_4403_ESMFold_NAD-dependent_succinate-semialdehyde_dehydrogenase	AF-F8JX40-F1-model_v4	AF-F8JX40-F1-model_v4 Fluoroacetaldehyde dehydrogenase	3.422E-39	1.000	1486	13	479	527	36	502	507	479	0.886	0.921
LOKIASV2_4403_ESMFold_NAD-dependent_succinate-semialdehyde_dehydrogenase	AF-Q2FV67-F1-model_v4	AF-Q2FV67-F1-model_v4 1-pyrroline-5-carboxylate dehydrogenase	3.815E-39	1.000	1486	11	475	527	49	513	514	474	0.882	0.905
LOKIASV2_4403_ESMFold_NAD-dependent_succinate-semialdehyde_dehydrogenase	AF-Q6GDP4-F1-model_v4	AF-Q6GDP4-F1-model_v4 1-pyrroline-5-carboxylate dehydrogenase	4.027E-39	1.000	1485	11	475	527	49	513	514	474	0.882	0.905
LOKIASV2_4403_ESMFold_NAD-dependent_succinate-semialdehyde_dehydrogenase	AF-B7IUW8-F1-model_v4	AF-B7IUW8-F1-model_v4 1-pyrroline-5-carboxylate dehydrogenase	6.217E-39	1.000	1485	9	475	527	47	514	515	476	0.886	0.909
LOKIASV2_4403_ESMFold_NAD-dependent_succinate-semialdehyde_dehydrogenase	AF-B9J1L9-F1-model_v4	AF-B9J1L9-F1-model_v4 1-pyrroline-5-carboxylate dehydrogenase	6.929E-39	1.000	1484	9	475	527	47	514	515	476	0.886	0.909
LOKIASV2_4403_ESMFold_NAD-dependent_succinate-semialdehyde_dehydrogenase	AF-Q9KWS5-F1-model_v4	AF-Q9KWS5-F1-model_v4 2-aminomuconic 6-semialdehyde dehydrogenase	1.601E-39	1.000	1483	9	483	527	14	489	491	484	0.901	0.969
LOKIASV2_4403_ESMFold_NAD-dependent_succinate-semialdehyde_dehydrogenase	AF-B7H4V1-F1-model_v4	AF-B7H4V1-F1-model_v4 1-pyrroline-5-carboxylate dehydrogenase	6.929E-39	1.000	1483	9	475	527	47	514	515	476	0.886	0.909
LOKIASV2_4403_ESMFold_NAD-dependent_succinate-semialdehyde_dehydrogenase	AF-Q9K5Z5-F1-model_v4	AF-Q9K5Z5-F1-model_v4 1-pyrroline-5-carboxylate dehydrogenase 2	1.884E-39	1.000	1483	9	475	527	47	514	515	480	0.886	0.909
LOKIASV2_4403_ESMFold_NAD-dependent_succinate-semialdehyde_dehydrogenase	AF-Q9KAH5-F1-model_v4	AF-Q9KAH5-F1-model_v4 Malonate-semialdehyde dehydrogenase	1.564E-38	1.000	1482	9	475	527	22	484	485	473	0.886	0.955
LOKIASV2_4403_ESMFold_NAD-dependent_succinate-semialdehyde_dehydrogenase	AF-A8Z3F5-F1-model_v4	AF-A8Z3F5-F1-model_v4 1-pyrroline-5-carboxylate dehydrogenase	5.004E-39	1.000	1482	11	475	527	49	513	514	474	0.882	0.905
LOKIASV2_4403_ESMFold_NAD-dependent_succinate-semialdehyde_dehydrogenase	AF-C5D4J5-F1-model_v4	AF-C5D4J5-F1-model_v4 1-pyrroline-5-carboxylate dehydrogenase	5.121E-40	1.000	1481	9	475	527	47	514	515	481	0.886	0.909
LOKIASV2_4403_ESMFold_NAD-dependent_succinate-semialdehyde_dehydrogenase	AF-Q6G6C0-F1-model_v4	AF-Q6G6C0-F1-model_v4 1-pyrroline-5-carboxylate dehydrogenase	5.004E-39	1.000	1480	11	475	527	49	513	514	474	0.882	0.905
LOKIASV2_4403_ESMFold_NAD-dependent_succinate-semialdehyde_dehydrogenase	AF-A0R909-F1-model_v4	AF-A0R909-F1-model_v4 1-pyrroline-5-carboxylate dehydrogenase	8.610E-39	1.000	1480	9	475	527	47	514	515	476	0.886	0.909
LOKIASV2_4403_ESMFold_NAD-dependent_succinate-semialdehyde_dehydrogenase	AF-A6U4T5-F1-model_v4	AF-A6U4T5-F1-model_v4 1-pyrroline-5-carboxylate dehydrogenase	5.888E-39	1.000	1479	11	475	527	49	513	514	474	0.882	0.905
LOKIASV2_4403_ESMFold_NAD-dependent_succinate-semialdehyde_dehydrogenase	AF-A7GKJ4-F1-model_v4	AF-A7GKJ4-F1-model_v4 1-pyrroline-5-carboxylate dehydrogenase	6.217E-39	1.000	1479	9	475	527	47	514	515	477	0.886	0.909
LOKIASV2_4403_ESMFold_NAD-dependent_succinate-semialdehyde_dehydrogenase	AF-S0ENH1-F1-model_v4	AF-S0ENH1-F1-model_v4 Putative aldehyde dehydrogenase FUS7	4.594E-40	1.000	1478	8	476	527	15	461	461	474	0.890	0.970
LOKIASV2_4403_ESMFold_NAD-dependent_succinate-semialdehyde_dehydrogenase	AF-A6QK44-F1-model_v4	AF-A6QK44-F1-model_v4 1-pyrroline-5-carboxylate dehydrogenase	6.929E-39	1.000	1477	11	475	527	49	513	514	474	0.882	0.905
LOKIASV2_4403_ESMFold_NAD-dependent_succinate-semialdehyde_dehydrogenase	AF-B7JM99-F1-model_v4	AF-B7JM99-F1-model_v4 1-pyrroline-5-carboxylate dehydrogenase	1.013E-38	1.000	1477	9	475	527	47	514	515	476	0.886	0.909
LOKIASV2_4403_ESMFold_NAD-dependent_succinate-semialdehyde_dehydrogenase	AF-Q92EQ7-F1-model_v4	AF-Q92EQ7-F1-model_v4 Malonate-semialdehyde dehydrogenase	5.283E-39	1.000	1476	11	490	527	21	488	488	485	0.911	0.959
LOKIASV2_4403_ESMFold_NAD-dependent_succinate-semialdehyde_dehydrogenase	AF-A7X6R7-F1-model_v4	AF-A7X6R7-F1-model_v4 1-pyrroline-5-carboxylate dehydrogenase	7.316E-39	1.000	1476	11	475	527	49	513	514	474	0.882	0.905
LOKIASV2_4403_ESMFold_NAD-dependent_succinate-semialdehyde_dehydrogenase	AF-Q2YWA6-F1-model_v4	AF-Q2YWA6-F1-model_v4 1-pyrroline-5-carboxylate dehydrogenase	7.316E-39	1.000	1476	11	475	527	49	513	514	474	0.882	0.905
LOKIASV2_4403_ESMFold_NAD-dependent_succinate-semialdehyde_dehydrogenase	AF-A5IVY0-F1-model_v4	AF-A5IVY0-F1-model_v4 1-pyrroline-5-carboxylate dehydrogenase	6.929E-39	1.000	1476	11	475	527	49	513	514	474	0.882	0.905
LOKIASV2_4403_ESMFold_NAD-dependent_succinate-semialdehyde_dehydrogenase	AF-A9VRG6-F1-model_v4	AF-A9VRG6-F1-model_v4 1-pyrroline-5-carboxylate dehydrogenase	1.129E-38	1.000	1476	9	475	527	47	514	515	476	0.886	0.909
LOKIASV2_4403_ESMFold_NAD-dependent_succinate-semialdehyde_dehydrogenase	AF-P42269-F1-model_v4	AF-P42269-F1-model_v4 5-carboxymethyl-2-hydroxymuconate semialdehyde dehydrogenase	1.288E-39	1.000	1475	11	468	527	16	468	468	469	0.869	0.968
LOKIASV2_4403_ESMFold_NAD-dependent_succinate-semialdehyde_dehydrogenase	AF-P81406-F1-model_v4	AF-P81406-F1-model_v4 NADP-dependent glyceraldehyde-3-phosphate dehydrogenase	1.784E-39	1.000	1474	9	475	527	28	487	496	475	0.886	0.927
LOKIASV2_4403_ESMFold_NAD-dependent_succinate-semialdehyde_dehydrogenase	AF-C3L546-F1-model_v4	AF-C3L546-F1-model_v4 1-pyrroline-5-carboxylate dehydrogenase	1.329E-38	1.000	1473	9	475	527	47	514	515	476	0.886	0.909
LOKIASV2_4403_ESMFold_NAD-dependent_succinate-semialdehyde_dehydrogenase	AF-Q59931-F1-model_v4	AF-Q59931-F1-model_v4 NADP-dependent glyceraldehyde-3-phosphate dehydrogenase	5.121E-40	1.000	1472	11	477	527	17	475	475	473	0.886	0.966
LOKIASV2_4403_ESMFold_NAD-dependent_succinate-semialdehyde_dehydrogenase	AF-Q9ZAA1-F1-model_v4	AF-Q9ZAA1-F1-model_v4 Acetaldehyde dehydrogenase	2.908E-39	1.000	1472	13	479	527	35	501	506	478	0.886	0.923
LOKIASV2_4403_ESMFold_NAD-dependent_succinate-semialdehyde_dehydrogenase	AF-A4IJP9-F1-model_v4	AF-A4IJP9-F1-model_v4 1-pyrroline-5-carboxylate dehydrogenase	1.601E-39	1.000	1472	10	475	527	48	514	515	478	0.884	0.907
LOKIASV2_4403_ESMFold_NAD-dependent_succinate-semialdehyde_dehydrogenase	AF-Q8Y9Y4-F1-model_v4	AF-Q8Y9Y4-F1-model_v4 Malonate-semialdehyde dehydrogenase	5.888E-39	1.000	1471	9	490	527	19	488	488	487	0.915	0.963
LOKIASV2_4403_ESMFold_NAD-dependent_succinate-semialdehyde_dehydrogenase	AF-P63939-F1-model_v4	AF-P63939-F1-model_v4 1-pyrroline-5-carboxylate dehydrogenase	1.013E-38	1.000	1470	11	475	527	49	513	514	474	0.882	0.905
LOKIASV2_4403_ESMFold_NAD-dependent_succinate-semialdehyde_dehydrogenase	AF-P99076-F1-model_v4	AF-P99076-F1-model_v4 1-pyrroline-5-carboxylate dehydrogenase	1.013E-38	1.000	1470	11	475	527	49	513	514	474	0.882	0.905
LOKIASV2_4403_ESMFold_NAD-dependent_succinate-semialdehyde_dehydrogenase	AF-B7HSW8-F1-model_v4	AF-B7HSW8-F1-model_v4 1-pyrroline-5-carboxylate dehydrogenase	1.481E-38	1.000	1470	9	475	527	47	514	515	476	0.886	0.909
LOKIASV2_4403_ESMFold_NAD-dependent_succinate-semialdehyde_dehydrogenase	AF-A0A5C1REZ4-F1-model_v4	AF-A0A5C1REZ4-F1-model_v4 Aldehyde dehydrogenase	1.516E-39	1.000	1469	8	485	527	14	488	494	488	0.907	0.962
LOKIASV2_4403_ESMFold_NAD-dependent_succinate-semialdehyde_dehydrogenase	AF-Q5L3K8-F1-model_v4	AF-Q5L3K8-F1-model_v4 1-pyrroline-5-carboxylate dehydrogenase	1.884E-39	1.000	1469	10	475	527	48	514	515	478	0.884	0.907
LOKIASV2_4403_ESMFold_NAD-dependent_succinate-semialdehyde_dehydrogenase	AF-Q65IX1-F1-model_v4	AF-Q65IX1-F1-model_v4 Malonate-semialdehyde dehydrogenase 1	5.449E-38	1.000	1468	11	475	527	23	482	484	470	0.882	0.950
LOKIASV2_4403_ESMFold_NAD-dependent_succinate-semialdehyde_dehydrogenase	AF-Q4V1F6-F1-model_v4	AF-Q4V1F6-F1-model_v4 Malonate-semialdehyde dehydrogenase 3	3.000E-38	1.000	1468	10	477	527	22	486	487	475	0.888	0.955
LOKIASV2_4403_ESMFold_NAD-dependent_succinate-semialdehyde_dehydrogenase	AF-Q2G9T9-F1-model_v4	AF-Q2G9T9-F1-model_v4 N-succinylglutamate 5-semialdehyde dehydrogenase	2.609E-39	1.000	1467	13	481	527	5	463	471	472	0.890	0.975
LOKIASV2_4403_ESMFold_NAD-dependent_succinate-semialdehyde_dehydrogenase	AF-Q5HCZ6-F1-model_v4	AF-Q5HCZ6-F1-model_v4 1-pyrroline-5-carboxylate dehydrogenase	1.192E-38	1.000	1467	11	475	527	49	513	514	474	0.882	0.905
LOKIASV2_4403_ESMFold_NAD-dependent_succinate-semialdehyde_dehydrogenase	AF-A9VMS6-F1-model_v4	AF-A9VMS6-F1-model_v4 Malonate-semialdehyde dehydrogenase 2	3.530E-38	1.000	1465	9	475	527	19	482	483	474	0.886	0.961
LOKIASV2_4403_ESMFold_NAD-dependent_succinate-semialdehyde_dehydrogenase	AF-C1KZ99-F1-model_v4	AF-C1KZ99-F1-model_v4 Malonate-semialdehyde dehydrogenase	1.192E-38	1.000	1465	11	490	527	21	488	488	485	0.911	0.959
LOKIASV2_4403_ESMFold_NAD-dependent_succinate-semialdehyde_dehydrogenase	AF-P94391-F1-model_v4	AF-P94391-F1-model_v4 1-pyrroline-5-carboxylate dehydrogenase 2	1.403E-38	1.000	1465	9	475	527	47	514	515	477	0.886	0.909
LOKIASV2_4403_ESMFold_NAD-dependent_succinate-semialdehyde_dehydrogenase	AF-Q3C1A6-F1-model_v4	AF-Q3C1A6-F1-model_v4 NADP-dependent glyceraldehyde-3-phosphate dehydrogenase	1.156E-39	1.000	1464	8	477	527	14	475	476	477	0.892	0.971
LOKIASV2_4403_ESMFold_NAD-dependent_succinate-semialdehyde_dehydrogenase	AF-Q63B74-F1-model_v4	AF-Q63B74-F1-model_v4 Malonate-semialdehyde dehydrogenase 2	4.154E-38	1.000	1464	10	477	527	23	487	488	475	0.888	0.953
LOKIASV2_4403_ESMFold_NAD-dependent_succinate-semialdehyde_dehydrogenase	AF-Q5HL59-F1-model_v4	AF-Q5HL59-F1-model_v4 1-pyrroline-5-carboxylate dehydrogenase	9.597E-39	1.000	1464	9	475	527	47	513	514	476	0.886	0.909
LOKIASV2_4403_ESMFold_NAD-dependent_succinate-semialdehyde_dehydrogenase	AF-Q5WKZ1-F1-model_v4	AF-Q5WKZ1-F1-model_v4 Malonate-semialdehyde dehydrogenase 1	3.530E-38	1.000	1462	9	481	527	23	487	491	478	0.898	0.947
LOKIASV2_4403_ESMFold_NAD-dependent_succinate-semialdehyde_dehydrogenase	AF-C1EV77-F1-model_v4	AF-C1EV77-F1-model_v4 1-pyrroline-5-carboxylate dehydrogenase	2.841E-38	1.000	1461	9	475	527	47	514	515	476	0.886	0.909
LOKIASV2_4403_ESMFold_NAD-dependent_succinate-semialdehyde_dehydrogenase	AF-Q81QB6-F1-model_v4	AF-Q81QB6-F1-model_v4 Malonate-semialdehyde dehydrogenase 2	5.753E-38	1.000	1459	10	477	527	22	486	487	475	0.888	0.955
LOKIASV2_4403_ESMFold_NAD-dependent_succinate-semialdehyde_dehydrogenase	AF-Q5KYK0-F1-model_v4	AF-Q5KYK0-F1-model_v4 Malonate-semialdehyde dehydrogenase 3	5.161E-38	1.000	1458	9	477	527	19	484	484	476	0.890	0.963
LOKIASV2_4403_ESMFold_NAD-dependent_succinate-semialdehyde_dehydrogenase	AF-Q8LK61-F1-model_v4	AF-Q8LK61-F1-model_v4 NADP-dependent glyceraldehyde-3-phosphate dehydrogenase	2.908E-39	1.000	1458	9	475	527	28	487	496	476	0.886	0.927
LOKIASV2_4403_ESMFold_NAD-dependent_succinate-semialdehyde_dehydrogenase	AF-A7BJC4-F1-model_v4	AF-A7BJC4-F1-model_v4 Malonate-semialdehyde dehydrogenase	4.154E-38	1.000	1457	9	481	527	19	483	487	478	0.898	0.955
LOKIASV2_4403_ESMFold_NAD-dependent_succinate-semialdehyde_dehydrogenase	AF-P39634-F1-model_v4	AF-P39634-F1-model_v4 1-pyrroline-5-carboxylate dehydrogenase	1.192E-38	1.000	1456	9	475	527	47	514	515	478	0.886	0.909
LOKIASV2_4403_ESMFold_NAD-dependent_succinate-semialdehyde_dehydrogenase	AF-Q81ZF8-F1-model_v4	AF-Q81ZF8-F1-model_v4 1-pyrroline-5-carboxylate dehydrogenase	4.154E-38	1.000	1454	9	475	527	47	514	515	476	0.886	0.909
LOKIASV2_4403_ESMFold_NAD-dependent_succinate-semialdehyde_dehydrogenase	AF-A0REB5-F1-model_v4	AF-A0REB5-F1-model_v4 Malonate-semialdehyde dehydrogenase 2	8.412E-38	1.000	1453	10	477	527	22	486	487	475	0.888	0.955
LOKIASV2_4403_ESMFold_NAD-dependent_succinate-semialdehyde_dehydrogenase	AF-A8F9T1-F1-model_v4	AF-A8F9T1-F1-model_v4 1-pyrroline-5-carboxylate dehydrogenase	1.259E-38	1.000	1453	9	475	527	47	514	515	478	0.886	0.909
LOKIASV2_4403_ESMFold_NAD-dependent_succinate-semialdehyde_dehydrogenase	AF-P83401-F1-model_v4	AF-P83401-F1-model_v4 Putative aldehyde dehydrogenase family 7 member A1 homolog	2.691E-38	1.000	1452	12	481	527	33	501	509	478	0.892	0.921
LOKIASV2_4403_ESMFold_NAD-dependent_succinate-semialdehyde_dehydrogenase	AF-Q6HIK3-F1-model_v4	AF-Q6HIK3-F1-model_v4 Malonate-semialdehyde dehydrogenase 2	8.881E-38	1.000	1451	10	477	527	22	486	487	475	0.888	0.955
LOKIASV2_4403_ESMFold_NAD-dependent_succinate-semialdehyde_dehydrogenase	AF-Q723T1-F1-model_v4	AF-Q723T1-F1-model_v4 Malonate-semialdehyde dehydrogenase	2.691E-38	1.000	1451	11	490	527	21	488	488	485	0.911	0.959
LOKIASV2_4403_ESMFold_NAD-dependent_succinate-semialdehyde_dehydrogenase	AF-Q8ERF4-F1-model_v4	AF-Q8ERF4-F1-model_v4 1-pyrroline-5-carboxylate dehydrogenase	4.889E-38	1.000	1448	10	475	527	48	514	515	475	0.884	0.907
LOKIASV2_4403_ESMFold_NAD-dependent_succinate-semialdehyde_dehydrogenase	AF-Q65NN2-F1-model_v4	AF-Q65NN2-F1-model_v4 1-pyrroline-5-carboxylate dehydrogenase	1.651E-38	1.000	1448	9	475	527	48	515	516	480	0.886	0.907
LOKIASV2_4403_ESMFold_NAD-dependent_succinate-semialdehyde_dehydrogenase	AF-B7GFV3-F1-model_v4	AF-B7GFV3-F1-model_v4 1-pyrroline-5-carboxylate dehydrogenase	3.613E-39	1.000	1446	10	475	527	48	514	515	480	0.884	0.907
LOKIASV2_4403_ESMFold_NAD-dependent_succinate-semialdehyde_dehydrogenase	AF-Q65D00-F1-model_v4	AF-Q65D00-F1-model_v4 Malonate-semialdehyde dehydrogenase 2	8.412E-38	1.000	1443	9	481	527	19	487	487	479	0.898	0.963
LOKIASV2_4403_ESMFold_NAD-dependent_succinate-semialdehyde_dehydrogenase	AF-A5YBJ3-F1-model_v4	AF-A5YBJ3-F1-model_v4 Malonate-semialdehyde dehydrogenase	1.230E-37	1.000	1443	9	480	527	23	490	492	477	0.896	0.951
LOKIASV2_4403_ESMFold_NAD-dependent_succinate-semialdehyde_dehydrogenase	AF-Q9ZPB7-F1-model_v4	AF-Q9ZPB7-F1-model_v4 Aldehyde dehydrogenase family 7 member A1	1.743E-38	1.000	1442	8	481	527	30	500	508	483	0.899	0.927
LOKIASV2_4403_ESMFold_NAD-dependent_succinate-semialdehyde_dehydrogenase	AF-A4IPB2-F1-model_v4	AF-A4IPB2-F1-model_v4 Malonate-semialdehyde dehydrogenase 1	1.298E-37	1.000	1441	8	475	527	20	483	484	475	0.888	0.959
LOKIASV2_4403_ESMFold_NAD-dependent_succinate-semialdehyde_dehydrogenase	AF-Q4A0E7-F1-model_v4	AF-Q4A0E7-F1-model_v4 1-pyrroline-5-carboxylate dehydrogenase	6.929E-39	1.000	1441	10	475	527	48	513	514	477	0.884	0.907
LOKIASV2_4403_ESMFold_NAD-dependent_succinate-semialdehyde_dehydrogenase	AF-P46562-F1-model_v4	AF-P46562-F1-model_v4 Putative aldehyde dehydrogenase family 7 member A1 homolog	1.943E-38	1.000	1440	9	481	527	51	523	531	484	0.898	0.891
LOKIASV2_4403_ESMFold_NAD-dependent_succinate-semialdehyde_dehydrogenase	AF-Q5KYR4-F1-model_v4	AF-Q5KYR4-F1-model_v4 Malonate-semialdehyde dehydrogenase 2	2.234E-37	1.000	1438	10	475	527	21	483	484	473	0.884	0.957
LOKIASV2_4403_ESMFold_NAD-dependent_succinate-semialdehyde_dehydrogenase	AF-Q1WIQ6-F1-model_v4	AF-Q1WIQ6-F1-model_v4 NADP-dependent glyceraldehyde-3-phosphate dehydrogenase	1.070E-38	1.000	1437	9	475	527	28	487	496	476	0.886	0.927
LOKIASV2_4403_ESMFold_NAD-dependent_succinate-semialdehyde_dehydrogenase	AF-P0A390-F1-model_v4	AF-P0A390-F1-model_v4 Salicylaldehyde dehydrogenase	2.166E-38	1.000	1436	9	481	527	15	480	483	479	0.898	0.965
LOKIASV2_4403_ESMFold_NAD-dependent_succinate-semialdehyde_dehydrogenase	AF-Q9SNX8-F1-model_v4	AF-Q9SNX8-F1-model_v4 NADP-dependent glyceraldehyde-3-phosphate dehydrogenase	1.329E-38	1.000	1435	9	475	527	28	487	496	476	0.886	0.927
LOKIASV2_4403_ESMFold_NAD-dependent_succinate-semialdehyde_dehydrogenase	AF-Q8ES27-F1-model_v4	AF-Q8ES27-F1-model_v4 Malonate-semialdehyde dehydrogenase 1	2.234E-37	1.000	1432	9	475	527	21	484	486	474	0.886	0.955
LOKIASV2_4403_ESMFold_NAD-dependent_succinate-semialdehyde_dehydrogenase	AF-Q9SYG7-F1-model_v4	AF-Q9SYG7-F1-model_v4 Aldehyde dehydrogenase family 7 member B4	5.161E-38	1.000	1431	13	481	527	35	500	508	478	0.890	0.917
LOKIASV2_4403_ESMFold_NAD-dependent_succinate-semialdehyde_dehydrogenase	AF-A4IPF5-F1-model_v4	AF-A4IPF5-F1-model_v4 Malonate-semialdehyde dehydrogenase 2	4.059E-37	1.000	1428	9	475	527	19	482	483	474	0.886	0.961
LOKIASV2_4403_ESMFold_NAD-dependent_succinate-semialdehyde_dehydrogenase	AF-A7ZAI1-F1-model_v4	AF-A7ZAI1-F1-model_v4 Malonate-semialdehyde dehydrogenase	2.776E-37	1.000	1423	9	481	527	19	487	487	479	0.898	0.963
LOKIASV2_4403_ESMFold_NAD-dependent_succinate-semialdehyde_dehydrogenase	AF-P25795-F1-model_v4	AF-P25795-F1-model_v4 Aldehyde dehydrogenase family 7 member A1	7.148E-38	1.000	1423	8	481	527	30	500	508	483	0.899	0.927
LOKIASV2_4403_ESMFold_NAD-dependent_succinate-semialdehyde_dehydrogenase	AF-P23105-F1-model_v4	AF-P23105-F1-model_v4 2-hydroxymuconic semialdehyde dehydrogenase	8.812E-40	1.000	1421	9	475	527	16	485	486	483	0.886	0.967
LOKIASV2_4403_ESMFold_NAD-dependent_succinate-semialdehyde_dehydrogenase	AF-A9VF06-F1-model_v4	AF-A9VF06-F1-model_v4 Malonate-semialdehyde dehydrogenase 1	4.776E-37	1.000	1420	9	475	527	21	484	486	473	0.886	0.955
LOKIASV2_4403_ESMFold_NAD-dependent_succinate-semialdehyde_dehydrogenase	AF-Q64057-F1-model_v4	AF-Q64057-F1-model_v4 Alpha-aminoadipic semialdehyde dehydrogenase	2.549E-38	1.000	1420	12	481	527	64	531	539	481	0.892	0.868
LOKIASV2_4403_ESMFold_NAD-dependent_succinate-semialdehyde_dehydrogenase	AF-Q43272-F1-model_v4	AF-Q43272-F1-model_v4 NADP-dependent glyceraldehyde-3-phosphate dehydrogenase	3.000E-38	1.000	1418	9	475	527	30	489	498	474	0.886	0.924
LOKIASV2_4403_ESMFold_NAD-dependent_succinate-semialdehyde_dehydrogenase	AF-O69763-F1-model_v4	AF-O69763-F1-model_v4 Vanillin dehydrogenase	7.148E-38	1.000	1416	13	481	527	20	482	482	477	0.890	0.961
LOKIASV2_4403_ESMFold_NAD-dependent_succinate-semialdehyde_dehydrogenase	AF-P49419-F1-model_v4	AF-P49419-F1-model_v4 Alpha-aminoadipic semialdehyde dehydrogenase	4.154E-38	1.000	1415	12	481	527	64	531	539	481	0.892	0.868
LOKIASV2_4403_ESMFold_NAD-dependent_succinate-semialdehyde_dehydrogenase	AF-P0A391-F1-model_v4	AF-P0A391-F1-model_v4 Salicylaldehyde dehydrogenase	9.376E-38	1.000	1413	9	481	527	15	480	483	479	0.898	0.965
LOKIASV2_4403_ESMFold_NAD-dependent_succinate-semialdehyde_dehydrogenase	AF-Q6HJ19-F1-model_v4	AF-Q6HJ19-F1-model_v4 Malonate-semialdehyde dehydrogenase 1	6.615E-37	1.000	1413	9	475	527	21	484	486	474	0.886	0.955
LOKIASV2_4403_ESMFold_NAD-dependent_succinate-semialdehyde_dehydrogenase	AF-B7H597-F1-model_v4	AF-B7H597-F1-model_v4 Malonate-semialdehyde dehydrogenase	8.219E-37	1.000	1411	9	475	527	21	484	486	474	0.886	0.955
LOKIASV2_4403_ESMFold_NAD-dependent_succinate-semialdehyde_dehydrogenase	AF-Q5WH11-F1-model_v4	AF-Q5WH11-F1-model_v4 Malonate-semialdehyde dehydrogenase 2	2.116E-37	1.000	1410	9	480	527	21	486	486	481	0.896	0.959
LOKIASV2_4403_ESMFold_NAD-dependent_succinate-semialdehyde_dehydrogenase	AF-B7HR31-F1-model_v4	AF-B7HR31-F1-model_v4 Malonate-semialdehyde dehydrogenase	9.161E-37	1.000	1410	9	475	527	21	484	486	474	0.886	0.955
LOKIASV2_4403_ESMFold_NAD-dependent_succinate-semialdehyde_dehydrogenase	AF-Q8CN04-F1-model_v4	AF-Q8CN04-F1-model_v4 1-pyrroline-5-carboxylate dehydrogenase	3.935E-38	1.000	1409	9	475	527	47	513	514	478	0.886	0.909
LOKIASV2_4403_ESMFold_NAD-dependent_succinate-semialdehyde_dehydrogenase	AF-Q63BL0-F1-model_v4	AF-Q63BL0-F1-model_v4 Malonate-semialdehyde dehydrogenase 1	1.269E-36	1.000	1408	9	475	527	21	484	486	474	0.886	0.955
LOKIASV2_4403_ESMFold_NAD-dependent_succinate-semialdehyde_dehydrogenase	AF-P42412-F1-model_v4	AF-P42412-F1-model_v4 Malonate-semialdehyde dehydrogenase	5.934E-37	1.000	1407	9	481	527	19	487	487	478	0.898	0.963
LOKIASV2_4403_ESMFold_NAD-dependent_succinate-semialdehyde_dehydrogenase	AF-B9IZZ7-F1-model_v4	AF-B9IZZ7-F1-model_v4 Malonate-semialdehyde dehydrogenase	9.672E-37	1.000	1406	9	475	527	21	484	486	474	0.886	0.955
LOKIASV2_4403_ESMFold_NAD-dependent_succinate-semialdehyde_dehydrogenase	AF-Q81DR5-F1-model_v4	AF-Q81DR5-F1-model_v4 Malonate-semialdehyde dehydrogenase	1.078E-36	1.000	1405	9	475	527	21	484	486	474	0.886	0.955
LOKIASV2_4403_ESMFold_NAD-dependent_succinate-semialdehyde_dehydrogenase	AF-Q5L025-F1-model_v4	AF-Q5L025-F1-model_v4 Malonate-semialdehyde dehydrogenase 1	7.373E-37	1.000	1404	9	478	527	23	488	488	477	0.892	0.955
LOKIASV2_4403_ESMFold_NAD-dependent_succinate-semialdehyde_dehydrogenase	AF-P93338-F1-model_v4	AF-P93338-F1-model_v4 NADP-dependent glyceraldehyde-3-phosphate dehydrogenase	9.376E-38	1.000	1404	9	475	527	28	487	496	476	0.886	0.927
LOKIASV2_4403_ESMFold_NAD-dependent_succinate-semialdehyde_dehydrogenase	AF-Q2KJC9-F1-model_v4	AF-Q2KJC9-F1-model_v4 Alpha-aminoadipic semialdehyde dehydrogenase	8.881E-38	1.000	1403	12	481	527	64	531	539	481	0.892	0.868
LOKIASV2_4403_ESMFold_NAD-dependent_succinate-semialdehyde_dehydrogenase	AF-A8FDV4-F1-model_v4	AF-A8FDV4-F1-model_v4 Malonate-semialdehyde dehydrogenase	1.202E-36	1.000	1402	8	477	527	21	486	486	477	0.892	0.959
LOKIASV2_4403_ESMFold_NAD-dependent_succinate-semialdehyde_dehydrogenase	AF-Q738L2-F1-model_v4	AF-Q738L2-F1-model_v4 Malonate-semialdehyde dehydrogenase	1.493E-36	1.000	1402	9	475	527	21	484	486	474	0.886	0.955
LOKIASV2_4403_ESMFold_NAD-dependent_succinate-semialdehyde_dehydrogenase	AF-P28810-F1-model_v4	AF-P28810-F1-model_v4 Methylmalonate-semialdehyde dehydrogenase [acylating]	2.629E-37	1.000	1402	11	482	527	19	485	497	478	0.896	0.940
LOKIASV2_4403_ESMFold_NAD-dependent_succinate-semialdehyde_dehydrogenase	AF-B7IW48-F1-model_v4	AF-B7IW48-F1-model_v4 Malonate-semialdehyde dehydrogenase	1.757E-36	1.000	1401	9	475	527	21	484	486	474	0.886	0.955
LOKIASV2_4403_ESMFold_NAD-dependent_succinate-semialdehyde_dehydrogenase	AF-A0RDW1-F1-model_v4	AF-A0RDW1-F1-model_v4 Malonate-semialdehyde dehydrogenase 1	1.855E-36	1.000	1399	9	475	527	21	484	486	474	0.886	0.955
LOKIASV2_4403_ESMFold_NAD-dependent_succinate-semialdehyde_dehydrogenase	AF-Q9DBF1-F1-model_v4	AF-Q9DBF1-F1-model_v4 Alpha-aminoadipic semialdehyde dehydrogenase	9.899E-38	1.000	1399	12	481	527	64	531	539	481	0.892	0.868
LOKIASV2_4403_ESMFold_NAD-dependent_succinate-semialdehyde_dehydrogenase	AF-Q9EQ20-F1-model_v4	AF-Q9EQ20-F1-model_v4 Methylmalonate-semialdehyde dehydrogenase [acylating], mitochondrial	1.165E-37	1.000	1396	9	483	527	52	520	535	483	0.901	0.877
LOKIASV2_4403_ESMFold_NAD-dependent_succinate-semialdehyde_dehydrogenase	AF-Q7QC84-F1-model_v4	AF-Q7QC84-F1-model_v4 Probable methylmalonate-semialdehyde dehydrogenase [acylating], mitochondrial	9.376E-38	1.000	1393	9	481	527	39	512	521	485	0.898	0.910
LOKIASV2_4403_ESMFold_NAD-dependent_succinate-semialdehyde_dehydrogenase	AF-Q9I702-F1-model_v4	AF-Q9I702-F1-model_v4 Putative 3-oxopropanoate dehydrogenase	1.103E-37	1.000	1392	9	481	527	15	488	497	487	0.898	0.954
LOKIASV2_4403_ESMFold_NAD-dependent_succinate-semialdehyde_dehydrogenase	AF-A7GPH3-F1-model_v4	AF-A7GPH3-F1-model_v4 Malonate-semialdehyde dehydrogenase	3.192E-36	1.000	1391	9	475	527	21	484	486	474	0.886	0.955
LOKIASV2_4403_ESMFold_NAD-dependent_succinate-semialdehyde_dehydrogenase	AF-Q17M80-F1-model_v4	AF-Q17M80-F1-model_v4 Probable methylmalonate-semialdehyde dehydrogenase [acylating], mitochondrial	8.881E-38	1.000	1386	8	481	527	39	512	521	486	0.899	0.910
LOKIASV2_4403_ESMFold_NAD-dependent_succinate-semialdehyde_dehydrogenase	AF-Q81QR5-F1-model_v4	AF-Q81QR5-F1-model_v4 Malonate-semialdehyde dehydrogenase 1	5.492E-36	1.000	1381	9	475	527	21	484	486	474	0.886	0.955
LOKIASV2_4403_ESMFold_NAD-dependent_succinate-semialdehyde_dehydrogenase	AF-Q15Y60-F1-model_v4	AF-Q15Y60-F1-model_v4 N-succinylglutamate 5-semialdehyde dehydrogenase	2.004E-37	1.000	1380	13	481	527	19	481	490	473	0.890	0.945
LOKIASV2_4403_ESMFold_NAD-dependent_succinate-semialdehyde_dehydrogenase	AF-Q29HB2-F1-model_v4	AF-Q29HB2-F1-model_v4 Probable methylmalonate-semialdehyde dehydrogenase [acylating], mitochondrial	5.934E-37	1.000	1380	9	478	527	38	504	520	478	0.892	0.898
LOKIASV2_4403_ESMFold_NAD-dependent_succinate-semialdehyde_dehydrogenase	AF-Q07536-F1-model_v4	AF-Q07536-F1-model_v4 Methylmalonate-semialdehyde dehydrogenase [acylating], mitochondrial	4.059E-37	1.000	1377	9	483	527	54	522	537	483	0.901	0.873
LOKIASV2_4403_ESMFold_NAD-dependent_succinate-semialdehyde_dehydrogenase	AF-O05619-F1-model_v4	AF-O05619-F1-model_v4 Vanillin dehydrogenase	1.371E-37	1.000	1373	9	481	527	16	481	481	485	0.898	0.969
LOKIASV2_4403_ESMFold_NAD-dependent_succinate-semialdehyde_dehydrogenase	AF-Q6LVE5-F1-model_v4	AF-Q6LVE5-F1-model_v4 N-succinylglutamate 5-semialdehyde dehydrogenase	3.641E-37	1.000	1369	9	481	527	12	476	485	477	0.898	0.959
LOKIASV2_4403_ESMFold_NAD-dependent_succinate-semialdehyde_dehydrogenase	AF-Q02253-F1-model_v4	AF-Q02253-F1-model_v4 Methylmalonate-semialdehyde dehydrogenase [acylating], mitochondrial	1.414E-36	1.000	1368	9	478	527	52	518	535	478	0.892	0.873
LOKIASV2_4403_ESMFold_NAD-dependent_succinate-semialdehyde_dehydrogenase	AF-Q3IC91-F1-model_v4	AF-Q3IC91-F1-model_v4 N-succinylglutamate 5-semialdehyde dehydrogenase 2	5.043E-37	1.000	1367	13	481	527	17	478	488	475	0.890	0.947
LOKIASV2_4403_ESMFold_NAD-dependent_succinate-semialdehyde_dehydrogenase	AF-Q1QTQ7-F1-model_v4	AF-Q1QTQ7-F1-model_v4 N-succinylglutamate 5-semialdehyde dehydrogenase	1.703E-37	1.000	1367	13	482	527	20	481	489	477	0.892	0.945
LOKIASV2_4403_ESMFold_NAD-dependent_succinate-semialdehyde_dehydrogenase	AF-Q54I10-F1-model_v4	AF-Q54I10-F1-model_v4 Probable methylmalonate-semialdehyde dehydrogenase [acylating], mitochondrial	1.958E-36	1.000	1367	9	478	527	42	509	528	479	0.892	0.886
LOKIASV2_4403_ESMFold_NAD-dependent_succinate-semialdehyde_dehydrogenase	AF-B6EML5-F1-model_v4	AF-B6EML5-F1-model_v4 N-succinylglutamate 5-semialdehyde dehydrogenase	9.161E-37	1.000	1366	12	479	527	15	474	485	474	0.888	0.948
LOKIASV2_4403_ESMFold_NAD-dependent_succinate-semialdehyde_dehydrogenase	AF-Q02252-F1-model_v4	AF-Q02252-F1-model_v4 Methylmalonate-semialdehyde dehydrogenase [acylating], mitochondrial	8.677E-37	1.000	1365	9	483	527	52	520	535	483	0.901	0.877
LOKIASV2_4403_ESMFold_NAD-dependent_succinate-semialdehyde_dehydrogenase	AF-P46329-F1-model_v4	AF-P46329-F1-model_v4 Putative aldehyde dehydrogenase AldX	1.298E-37	1.000	1362	33	477	527	6	444	445	454	0.844	0.987
LOKIASV2_4403_ESMFold_NAD-dependent_succinate-semialdehyde_dehydrogenase	AF-Q4ZQH8-F1-model_v4	AF-Q4ZQH8-F1-model_v4 N-succinylglutamate 5-semialdehyde dehydrogenase	1.138E-36	1.000	1362	12	481	527	16	478	488	474	0.892	0.949
LOKIASV2_4403_ESMFold_NAD-dependent_succinate-semialdehyde_dehydrogenase	AF-Q9AAL5-F1-model_v4	AF-Q9AAL5-F1-model_v4 N-succinylglutamate 5-semialdehyde dehydrogenase 1	1.138E-36	1.000	1361	9	481	527	1	465	472	480	0.898	0.985
LOKIASV2_4403_ESMFold_NAD-dependent_succinate-semialdehyde_dehydrogenase	AF-Q3IFT7-F1-model_v4	AF-Q3IFT7-F1-model_v4 N-succinylglutamate 5-semialdehyde dehydrogenase 1	9.161E-37	1.000	1361	13	481	527	19	479	489	472	0.890	0.943
LOKIASV2_4403_ESMFold_NAD-dependent_succinate-semialdehyde_dehydrogenase	AF-B5FBM2-F1-model_v4	AF-B5FBM2-F1-model_v4 N-succinylglutamate 5-semialdehyde dehydrogenase	8.219E-37	1.000	1359	9	482	527	12	477	485	480	0.899	0.961
LOKIASV2_4403_ESMFold_NAD-dependent_succinate-semialdehyde_dehydrogenase	AF-Q5E2G9-F1-model_v4	AF-Q5E2G9-F1-model_v4 N-succinylglutamate 5-semialdehyde dehydrogenase	5.621E-37	1.000	1359	9	482	527	12	477	485	481	0.899	0.961
LOKIASV2_4403_ESMFold_NAD-dependent_succinate-semialdehyde_dehydrogenase	AF-O50174-F1-model_v4	AF-O50174-F1-model_v4 N-succinylglutamate 5-semialdehyde dehydrogenase	3.844E-37	1.000	1359	12	481	527	16	478	487	477	0.892	0.951
LOKIASV2_4403_ESMFold_NAD-dependent_succinate-semialdehyde_dehydrogenase	AF-Q1GV29-F1-model_v4	AF-Q1GV29-F1-model_v4 N-succinylglutamate 5-semialdehyde dehydrogenase	2.776E-37	1.000	1358	12	481	527	3	462	481	476	0.892	0.956
LOKIASV2_4403_ESMFold_NAD-dependent_succinate-semialdehyde_dehydrogenase	AF-Q7NXX7-F1-model_v4	AF-Q7NXX7-F1-model_v4 N-succinylglutamate 5-semialdehyde dehydrogenase	6.984E-37	1.000	1358	9	481	527	13	477	486	479	0.898	0.957
LOKIASV2_4403_ESMFold_NAD-dependent_succinate-semialdehyde_dehydrogenase	AF-Q8FH01-F1-model_v4	AF-Q8FH01-F1-model_v4 N-succinylglutamate 5-semialdehyde dehydrogenase	3.094E-37	1.000	1357	13	481	527	16	477	492	477	0.890	0.939
LOKIASV2_4403_ESMFold_NAD-dependent_succinate-semialdehyde_dehydrogenase	AF-Q41247-F1-model_v4	AF-Q41247-F1-model_v4 Aldehyde dehydrogenase family 7 member A1	4.927E-36	1.000	1357	13	472	527	36	494	494	471	0.873	0.929
LOKIASV2_4403_ESMFold_NAD-dependent_succinate-semialdehyde_dehydrogenase	AF-Q0WM29-F1-model_v4	AF-Q0WM29-F1-model_v4 Methylmalonate-semialdehyde dehydrogenase [acylating], mitochondrial	1.855E-36	1.000	1354	9	481	527	126	596	607	485	0.898	0.776
LOKIASV2_4403_ESMFold_NAD-dependent_succinate-semialdehyde_dehydrogenase	AF-Q88EI4-F1-model_v4	AF-Q88EI4-F1-model_v4 N-succinylglutamate 5-semialdehyde dehydrogenase	9.672E-37	1.000	1351	12	481	527	16	478	487	474	0.892	0.951
LOKIASV2_4403_ESMFold_NAD-dependent_succinate-semialdehyde_dehydrogenase	AF-B1JCH3-F1-model_v4	AF-B1JCH3-F1-model_v4 N-succinylglutamate 5-semialdehyde dehydrogenase	1.138E-36	1.000	1351	12	481	527	16	478	487	474	0.892	0.951
LOKIASV2_4403_ESMFold_NAD-dependent_succinate-semialdehyde_dehydrogenase	AF-A5W0D5-F1-model_v4	AF-A5W0D5-F1-model_v4 N-succinylglutamate 5-semialdehyde dehydrogenase	1.021E-36	1.000	1350	12	481	527	16	478	487	474	0.892	0.951
LOKIASV2_4403_ESMFold_NAD-dependent_succinate-semialdehyde_dehydrogenase	AF-Q7KW39-F1-model_v4	AF-Q7KW39-F1-model_v4 Probable methylmalonate-semialdehyde dehydrogenase [acylating], mitochondrial	3.641E-37	1.000	1349	8	491	527	38	514	520	492	0.918	0.917
LOKIASV2_4403_ESMFold_NAD-dependent_succinate-semialdehyde_dehydrogenase	AF-B7VLI4-F1-model_v4	AF-B7VLI4-F1-model_v4 N-succinylglutamate 5-semialdehyde dehydrogenase	8.677E-37	1.000	1347	9	481	527	12	476	485	479	0.898	0.959
LOKIASV2_4403_ESMFold_NAD-dependent_succinate-semialdehyde_dehydrogenase	AF-Q1C8A9-F1-model_v4	AF-Q1C8A9-F1-model_v4 N-succinylglutamate 5-semialdehyde dehydrogenase	2.863E-36	1.000	1347	13	481	527	30	491	505	473	0.890	0.915
LOKIASV2_4403_ESMFold_NAD-dependent_succinate-semialdehyde_dehydrogenase	AF-Q9A777-F1-model_v4	AF-Q9A777-F1-model_v4 Probable coniferyl aldehyde dehydrogenase	1.651E-38	1.000	1345	32	504	527	12	483	485	484	0.898	0.973
LOKIASV2_4403_ESMFold_NAD-dependent_succinate-semialdehyde_dehydrogenase	AF-Q7MH21-F1-model_v4	AF-Q7MH21-F1-model_v4 N-succinylglutamate 5-semialdehyde dehydrogenase	2.305E-36	1.000	1345	12	481	527	15	476	485	475	0.892	0.953
LOKIASV2_4403_ESMFold_NAD-dependent_succinate-semialdehyde_dehydrogenase	AF-Q885J7-F1-model_v4	AF-Q885J7-F1-model_v4 N-succinylglutamate 5-semialdehyde dehydrogenase	3.966E-36	1.000	1343	12	481	527	16	478	488	474	0.892	0.949
LOKIASV2_4403_ESMFold_NAD-dependent_succinate-semialdehyde_dehydrogenase	AF-B2K296-F1-model_v4	AF-B2K296-F1-model_v4 N-succinylglutamate 5-semialdehyde dehydrogenase	2.183E-36	1.000	1343	13	481	527	30	491	505	473	0.890	0.915
LOKIASV2_4403_ESMFold_NAD-dependent_succinate-semialdehyde_dehydrogenase	AF-Q66B19-F1-model_v4	AF-Q66B19-F1-model_v4 N-succinylglutamate 5-semialdehyde dehydrogenase	2.068E-36	1.000	1343	13	481	527	30	491	505	473	0.890	0.915
LOKIASV2_4403_ESMFold_NAD-dependent_succinate-semialdehyde_dehydrogenase	AF-Q8DCS9-F1-model_v4	AF-Q8DCS9-F1-model_v4 N-succinylglutamate 5-semialdehyde dehydrogenase	2.712E-36	1.000	1341	12	481	527	15	476	485	475	0.892	0.953
LOKIASV2_4403_ESMFold_NAD-dependent_succinate-semialdehyde_dehydrogenase	AF-Q9KNW4-F1-model_v4	AF-Q9KNW4-F1-model_v4 N-succinylglutamate 5-semialdehyde dehydrogenase	2.569E-36	1.000	1340	9	481	527	12	476	485	478	0.898	0.959
LOKIASV2_4403_ESMFold_NAD-dependent_succinate-semialdehyde_dehydrogenase	AF-A0KN18-F1-model_v4	AF-A0KN18-F1-model_v4 N-succinylglutamate 5-semialdehyde dehydrogenase	1.414E-36	1.000	1338	13	482	527	19	481	489	476	0.892	0.947
LOKIASV2_4403_ESMFold_NAD-dependent_succinate-semialdehyde_dehydrogenase	AF-A5F529-F1-model_v4	AF-A5F529-F1-model_v4 N-succinylglutamate 5-semialdehyde dehydrogenase	3.370E-36	1.000	1337	9	481	527	12	476	485	478	0.898	0.959
LOKIASV2_4403_ESMFold_NAD-dependent_succinate-semialdehyde_dehydrogenase	AF-B8EBC2-F1-model_v4	AF-B8EBC2-F1-model_v4 N-succinylglutamate 5-semialdehyde dehydrogenase	9.161E-37	1.000	1337	13	481	527	16	475	486	475	0.890	0.947
LOKIASV2_4403_ESMFold_NAD-dependent_succinate-semialdehyde_dehydrogenase	AF-A4TJU5-F1-model_v4	AF-A4TJU5-F1-model_v4 N-succinylglutamate 5-semialdehyde dehydrogenase	3.192E-36	1.000	1336	13	481	527	30	491	505	473	0.890	0.915
LOKIASV2_4403_ESMFold_NAD-dependent_succinate-semialdehyde_dehydrogenase	AF-P52713-F1-model_v4	AF-P52713-F1-model_v4 Probable methylmalonate-semialdehyde dehydrogenase [acylating], mitochondrial	4.187E-36	1.000	1334	8	481	527	42	511	523	484	0.899	0.899
LOKIASV2_4403_ESMFold_NAD-dependent_succinate-semialdehyde_dehydrogenase	AF-Q9ZC68-F1-model_v4	AF-Q9ZC68-F1-model_v4 N-succinylglutamate 5-semialdehyde dehydrogenase	4.420E-36	1.000	1333	13	481	527	30	491	505	473	0.890	0.915
LOKIASV2_4403_ESMFold_NAD-dependent_succinate-semialdehyde_dehydrogenase	AF-Q1I6Z5-F1-model_v4	AF-Q1I6Z5-F1-model_v4 N-succinylglutamate 5-semialdehyde dehydrogenase	3.558E-36	1.000	1332	12	481	527	16	478	487	474	0.892	0.951
LOKIASV2_4403_ESMFold_NAD-dependent_succinate-semialdehyde_dehydrogenase	AF-Q87L22-F1-model_v4	AF-Q87L22-F1-model_v4 N-succinylglutamate 5-semialdehyde dehydrogenase	3.370E-36	1.000	1329	9	481	527	12	476	485	478	0.898	0.959
LOKIASV2_4403_ESMFold_NAD-dependent_succinate-semialdehyde_dehydrogenase	AF-Q62LN5-F1-model_v4	AF-Q62LN5-F1-model_v4 N-succinylglutamate 5-semialdehyde dehydrogenase	3.370E-36	1.000	1329	9	481	527	13	478	487	477	0.898	0.957
LOKIASV2_4403_ESMFold_NAD-dependent_succinate-semialdehyde_dehydrogenase	AF-Q3K885-F1-model_v4	AF-Q3K885-F1-model_v4 N-succinylglutamate 5-semialdehyde dehydrogenase	8.950E-36	1.000	1329	12	481	527	16	478	488	474	0.892	0.949
LOKIASV2_4403_ESMFold_NAD-dependent_succinate-semialdehyde_dehydrogenase	AF-Q7ADE6-F1-model_v4	AF-Q7ADE6-F1-model_v4 N-succinylglutamate 5-semialdehyde dehydrogenase	1.757E-36	1.000	1329	13	481	527	16	477	492	476	0.890	0.939
LOKIASV2_4403_ESMFold_NAD-dependent_succinate-semialdehyde_dehydrogenase	AF-B1XGK7-F1-model_v4	AF-B1XGK7-F1-model_v4 N-succinylglutamate 5-semialdehyde dehydrogenase	3.023E-36	1.000	1329	13	481	527	16	477	492	476	0.890	0.939
LOKIASV2_4403_ESMFold_NAD-dependent_succinate-semialdehyde_dehydrogenase	AF-B1JMD1-F1-model_v4	AF-B1JMD1-F1-model_v4 N-succinylglutamate 5-semialdehyde dehydrogenase	5.492E-36	1.000	1329	13	481	527	30	491	505	473	0.890	0.915
LOKIASV2_4403_ESMFold_NAD-dependent_succinate-semialdehyde_dehydrogenase	AF-Q9I6C8-F1-model_v4	AF-Q9I6C8-F1-model_v4 Probable coniferyl aldehyde dehydrogenase	2.004E-37	1.000	1328	33	500	527	15	473	476	473	0.888	0.964
LOKIASV2_4403_ESMFold_NAD-dependent_succinate-semialdehyde_dehydrogenase	AF-B0KR47-F1-model_v4	AF-B0KR47-F1-model_v4 N-succinylglutamate 5-semialdehyde dehydrogenase	1.855E-36	1.000	1328	9	481	527	13	478	487	481	0.898	0.957
LOKIASV2_4403_ESMFold_NAD-dependent_succinate-semialdehyde_dehydrogenase	AF-Q0BGV0-F1-model_v4	AF-Q0BGV0-F1-model_v4 N-succinylglutamate 5-semialdehyde dehydrogenase	5.934E-37	1.000	1328	9	481	527	13	476	487	480	0.898	0.953
LOKIASV2_4403_ESMFold_NAD-dependent_succinate-semialdehyde_dehydrogenase	AF-A9EN94-F1-model_v4	AF-A9EN94-F1-model_v4 N-succinylglutamate 5-semialdehyde dehydrogenase	7.606E-36	1.000	1327	9	481	527	13	478	489	477	0.898	0.953
LOKIASV2_4403_ESMFold_NAD-dependent_succinate-semialdehyde_dehydrogenase	AF-Q2SKP1-F1-model_v4	AF-Q2SKP1-F1-model_v4 N-succinylglutamate 5-semialdehyde dehydrogenase	3.192E-36	1.000	1327	13	481	527	20	479	490	473	0.890	0.939
LOKIASV2_4403_ESMFold_NAD-dependent_succinate-semialdehyde_dehydrogenase	AF-Q4K837-F1-model_v4	AF-Q4K837-F1-model_v4 N-succinylglutamate 5-semialdehyde dehydrogenase	7.204E-36	1.000	1326	9	481	527	13	478	488	477	0.898	0.955
LOKIASV2_4403_ESMFold_NAD-dependent_succinate-semialdehyde_dehydrogenase	AF-B7USC7-F1-model_v4	AF-B7USC7-F1-model_v4 N-succinylglutamate 5-semialdehyde dehydrogenase	1.757E-36	1.000	1326	13	481	527	16	477	492	477	0.890	0.939
LOKIASV2_4403_ESMFold_NAD-dependent_succinate-semialdehyde_dehydrogenase	AF-A9N276-F1-model_v4	AF-A9N276-F1-model_v4 N-succinylglutamate 5-semialdehyde dehydrogenase	1.757E-36	1.000	1326	9	481	527	12	477	492	482	0.898	0.947
LOKIASV2_4403_ESMFold_NAD-dependent_succinate-semialdehyde_dehydrogenase	AF-B1YW19-F1-model_v4	AF-B1YW19-F1-model_v4 N-succinylglutamate 5-semialdehyde dehydrogenase	6.615E-37	1.000	1325	9	481	527	13	476	487	480	0.898	0.953
LOKIASV2_4403_ESMFold_NAD-dependent_succinate-semialdehyde_dehydrogenase	AF-A9QZ61-F1-model_v4	AF-A9QZ61-F1-model_v4 N-succinylglutamate 5-semialdehyde dehydrogenase	6.823E-36	1.000	1325	13	481	527	30	491	505	473	0.890	0.915
LOKIASV2_4403_ESMFold_NAD-dependent_succinate-semialdehyde_dehydrogenase	AF-B1KDF2-F1-model_v4	AF-B1KDF2-F1-model_v4 N-succinylglutamate 5-semialdehyde dehydrogenase	2.183E-36	1.000	1324	13	481	527	16	475	486	473	0.890	0.947
LOKIASV2_4403_ESMFold_NAD-dependent_succinate-semialdehyde_dehydrogenase	AF-A4XWE7-F1-model_v4	AF-A4XWE7-F1-model_v4 N-succinylglutamate 5-semialdehyde dehydrogenase	3.756E-36	1.000	1324	12	481	527	16	478	487	477	0.892	0.951
LOKIASV2_4403_ESMFold_NAD-dependent_succinate-semialdehyde_dehydrogenase	AF-A3NBM7-F1-model_v4	AF-A3NBM7-F1-model_v4 N-succinylglutamate 5-semialdehyde dehydrogenase	1.855E-36	1.000	1323	9	481	527	13	476	487	477	0.898	0.953
LOKIASV2_4403_ESMFold_NAD-dependent_succinate-semialdehyde_dehydrogenase	AF-Q6FCQ0-F1-model_v4	AF-Q6FCQ0-F1-model_v4 N-succinylglutamate 5-semialdehyde dehydrogenase	1.053E-35	1.000	1323	9	482	527	15	481	489	478	0.899	0.955
LOKIASV2_4403_ESMFold_NAD-dependent_succinate-semialdehyde_dehydrogenase	AF-B7L6M0-F1-model_v4	AF-B7L6M0-F1-model_v4 N-succinylglutamate 5-semialdehyde dehydrogenase	5.202E-36	1.000	1323	13	481	527	16	477	492	476	0.890	0.939
LOKIASV2_4403_ESMFold_NAD-dependent_succinate-semialdehyde_dehydrogenase	AF-A1U5W8-F1-model_v4	AF-A1U5W8-F1-model_v4 N-succinylglutamate 5-semialdehyde dehydrogenase	7.204E-36	1.000	1322	13	482	527	21	482	491	475	0.892	0.941
LOKIASV2_4403_ESMFold_NAD-dependent_succinate-semialdehyde_dehydrogenase	AF-A8H8E0-F1-model_v4	AF-A8H8E0-F1-model_v4 N-succinylglutamate 5-semialdehyde dehydrogenase	2.863E-36	1.000	1319	13	481	527	16	475	486	474	0.890	0.947
LOKIASV2_4403_ESMFold_NAD-dependent_succinate-semialdehyde_dehydrogenase	AF-Q1BXP1-F1-model_v4	AF-Q1BXP1-F1-model_v4 N-succinylglutamate 5-semialdehyde dehydrogenase	1.021E-36	1.000	1319	9	481	527	13	476	487	480	0.898	0.953
LOKIASV2_4403_ESMFold_NAD-dependent_succinate-semialdehyde_dehydrogenase	AF-Q12QD2-F1-model_v4	AF-Q12QD2-F1-model_v4 N-succinylglutamate 5-semialdehyde dehydrogenase 1	3.756E-36	1.000	1319	13	481	527	27	488	498	476	0.890	0.928
LOKIASV2_4403_ESMFold_NAD-dependent_succinate-semialdehyde_dehydrogenase	AF-A0KST2-F1-model_v4	AF-A0KST2-F1-model_v4 N-succinylglutamate 5-semialdehyde dehydrogenase	5.492E-36	1.000	1318	13	481	527	16	475	487	474	0.890	0.945
LOKIASV2_4403_ESMFold_NAD-dependent_succinate-semialdehyde_dehydrogenase	AF-B7NT31-F1-model_v4	AF-B7NT31-F1-model_v4 N-succinylglutamate 5-semialdehyde dehydrogenase	2.569E-36	1.000	1318	13	481	527	16	477	492	477	0.890	0.939
LOKIASV2_4403_ESMFold_NAD-dependent_succinate-semialdehyde_dehydrogenase	AF-Q5WVZ4-F1-model_v4	AF-Q5WVZ4-F1-model_v4 N-succinylglutamate 5-semialdehyde dehydrogenase	3.756E-36	1.000	1318	13	481	527	25	483	495	474	0.890	0.927
LOKIASV2_4403_ESMFold_NAD-dependent_succinate-semialdehyde_dehydrogenase	AF-C3LRS7-F1-model_v4	AF-C3LRS7-F1-model_v4 N-succinylglutamate 5-semialdehyde dehydrogenase	1.112E-35	1.000	1317	9	481	527	12	476	485	478	0.898	0.959
LOKIASV2_4403_ESMFold_NAD-dependent_succinate-semialdehyde_dehydrogenase	AF-A1V675-F1-model_v4	AF-A1V675-F1-model_v4 N-succinylglutamate 5-semialdehyde dehydrogenase	2.712E-36	1.000	1317	9	481	527	13	476	487	477	0.898	0.953
LOKIASV2_4403_ESMFold_NAD-dependent_succinate-semialdehyde_dehydrogenase	AF-A8GFQ3-F1-model_v4	AF-A8GFQ3-F1-model_v4 N-succinylglutamate 5-semialdehyde dehydrogenase	9.977E-36	1.000	1317	13	481	527	19	480	490	475	0.890	0.943
LOKIASV2_4403_ESMFold_NAD-dependent_succinate-semialdehyde_dehydrogenase	AF-Q5X4K4-F1-model_v4	AF-Q5X4K4-F1-model_v4 N-succinylglutamate 5-semialdehyde dehydrogenase	3.966E-36	1.000	1317	13	481	527	25	483	495	474	0.890	0.927
LOKIASV2_4403_ESMFold_NAD-dependent_succinate-semialdehyde_dehydrogenase	AF-B8CIT6-F1-model_v4	AF-B8CIT6-F1-model_v4 N-succinylglutamate 5-semialdehyde dehydrogenase	5.202E-36	1.000	1316	13	481	527	16	475	486	473	0.890	0.947
LOKIASV2_4403_ESMFold_NAD-dependent_succinate-semialdehyde_dehydrogenase	AF-A7MX96-F1-model_v4	AF-A7MX96-F1-model_v4 N-succinylglutamate 5-semialdehyde dehydrogenase	9.977E-36	1.000	1315	9	481	527	12	476	485	477	0.898	0.959
LOKIASV2_4403_ESMFold_NAD-dependent_succinate-semialdehyde_dehydrogenase	AF-C3JXY7-F1-model_v4	AF-C3JXY7-F1-model_v4 N-succinylglutamate 5-semialdehyde dehydrogenase	8.478E-36	1.000	1315	9	481	527	13	478	488	480	0.898	0.955
LOKIASV2_4403_ESMFold_NAD-dependent_succinate-semialdehyde_dehydrogenase	AF-B6IBG6-F1-model_v4	AF-B6IBG6-F1-model_v4 N-succinylglutamate 5-semialdehyde dehydrogenase	6.463E-36	1.000	1315	13	481	527	16	477	492	476	0.890	0.939
LOKIASV2_4403_ESMFold_NAD-dependent_succinate-semialdehyde_dehydrogenase	AF-Q141D3-F1-model_v4	AF-Q141D3-F1-model_v4 N-succinylglutamate 5-semialdehyde dehydrogenase	6.984E-37	1.000	1314	9	481	527	13	476	487	483	0.898	0.953
LOKIASV2_4403_ESMFold_NAD-dependent_succinate-semialdehyde_dehydrogenase	AF-B7LQ46-F1-model_v4	AF-B7LQ46-F1-model_v4 N-succinylglutamate 5-semialdehyde dehydrogenase	4.187E-36	1.000	1314	13	481	527	16	477	492	478	0.890	0.939
LOKIASV2_4403_ESMFold_NAD-dependent_succinate-semialdehyde_dehydrogenase	AF-A5ICK3-F1-model_v4	AF-A5ICK3-F1-model_v4 N-succinylglutamate 5-semialdehyde dehydrogenase	5.492E-36	1.000	1314	13	481	527	25	483	495	474	0.890	0.927
LOKIASV2_4403_ESMFold_NAD-dependent_succinate-semialdehyde_dehydrogenase	AF-A9AD19-F1-model_v4	AF-A9AD19-F1-model_v4 N-succinylglutamate 5-semialdehyde dehydrogenase	1.493E-36	1.000	1313	9	481	527	13	476	487	480	0.898	0.953
LOKIASV2_4403_ESMFold_NAD-dependent_succinate-semialdehyde_dehydrogenase	AF-Q3JQC6-F1-model_v4	AF-Q3JQC6-F1-model_v4 N-succinylglutamate 5-semialdehyde dehydrogenase	3.558E-36	1.000	1313	9	481	527	13	476	487	477	0.898	0.953
LOKIASV2_4403_ESMFold_NAD-dependent_succinate-semialdehyde_dehydrogenase	AF-Q5QVX3-F1-model_v4	AF-Q5QVX3-F1-model_v4 N-succinylglutamate 5-semialdehyde dehydrogenase	6.463E-36	1.000	1313	9	482	527	15	481	489	480	0.899	0.955
LOKIASV2_4403_ESMFold_NAD-dependent_succinate-semialdehyde_dehydrogenase	AF-Q5ZUT5-F1-model_v4	AF-Q5ZUT5-F1-model_v4 N-succinylglutamate 5-semialdehyde dehydrogenase	5.492E-36	1.000	1313	13	481	527	26	484	496	474	0.890	0.925
LOKIASV2_4403_ESMFold_NAD-dependent_succinate-semialdehyde_dehydrogenase	AF-A6WST7-F1-model_v4	AF-A6WST7-F1-model_v4 N-succinylglutamate 5-semialdehyde dehydrogenase	2.569E-36	1.000	1312	13	481	527	16	475	486	478	0.890	0.947
LOKIASV2_4403_ESMFold_NAD-dependent_succinate-semialdehyde_dehydrogenase	AF-A0K608-F1-model_v4	AF-A0K608-F1-model_v4 N-succinylglutamate 5-semialdehyde dehydrogenase	3.966E-36	1.000	1311	9	481	527	13	476	487	477	0.898	0.953
LOKIASV2_4403_ESMFold_NAD-dependent_succinate-semialdehyde_dehydrogenase	AF-B5QWI8-F1-model_v4	AF-B5QWI8-F1-model_v4 N-succinylglutamate 5-semialdehyde dehydrogenase	5.202E-36	1.000	1310	9	481	527	12	477	492	482	0.898	0.947
LOKIASV2_4403_ESMFold_NAD-dependent_succinate-semialdehyde_dehydrogenase	AF-A4Y344-F1-model_v4	AF-A4Y344-F1-model_v4 N-succinylglutamate 5-semialdehyde dehydrogenase	4.927E-36	1.000	1309	13	481	527	16	475	486	478	0.890	0.947
LOKIASV2_4403_ESMFold_NAD-dependent_succinate-semialdehyde_dehydrogenase	AF-B1JYT5-F1-model_v4	AF-B1JYT5-F1-model_v4 N-succinylglutamate 5-semialdehyde dehydrogenase	2.068E-36	1.000	1309	9	481	527	13	476	487	480	0.898	0.953
LOKIASV2_4403_ESMFold_NAD-dependent_succinate-semialdehyde_dehydrogenase	AF-P12693-F1-model_v4	AF-P12693-F1-model_v4 Aldehyde dehydrogenase	3.844E-37	1.000	1308	31	503	527	17	479	483	480	0.898	0.959
LOKIASV2_4403_ESMFold_NAD-dependent_succinate-semialdehyde_dehydrogenase	AF-A8FRE9-F1-model_v4	AF-A8FRE9-F1-model_v4 N-succinylglutamate 5-semialdehyde dehydrogenase	7.204E-36	1.000	1308	13	481	527	16	475	486	473	0.890	0.947
LOKIASV2_4403_ESMFold_NAD-dependent_succinate-semialdehyde_dehydrogenase	AF-A4JCW0-F1-model_v4	AF-A4JCW0-F1-model_v4 N-succinylglutamate 5-semialdehyde dehydrogenase	1.757E-36	1.000	1307	9	481	527	13	476	487	480	0.898	0.953
LOKIASV2_4403_ESMFold_NAD-dependent_succinate-semialdehyde_dehydrogenase	AF-B2U3C8-F1-model_v4	AF-B2U3C8-F1-model_v4 N-succinylglutamate 5-semialdehyde dehydrogenase	1.053E-35	1.000	1307	13	481	527	16	477	492	476	0.890	0.939
LOKIASV2_4403_ESMFold_NAD-dependent_succinate-semialdehyde_dehydrogenase	AF-Q5PHC0-F1-model_v4	AF-Q5PHC0-F1-model_v4 N-succinylglutamate 5-semialdehyde dehydrogenase	7.606E-36	1.000	1307	9	481	527	12	477	492	482	0.898	0.947
LOKIASV2_4403_ESMFold_NAD-dependent_succinate-semialdehyde_dehydrogenase	AF-B7N582-F1-model_v4	AF-B7N582-F1-model_v4 N-succinylglutamate 5-semialdehyde dehydrogenase	3.023E-36	1.000	1306	13	481	527	16	477	492	477	0.890	0.939
LOKIASV2_4403_ESMFold_NAD-dependent_succinate-semialdehyde_dehydrogenase	AF-P76217-F1-model_v4	AF-P76217-F1-model_v4 N-succinylglutamate 5-semialdehyde dehydrogenase	1.493E-36	1.000	1306	13	491	527	16	489	492	489	0.909	0.963
LOKIASV2_4403_ESMFold_NAD-dependent_succinate-semialdehyde_dehydrogenase	AF-A3D039-F1-model_v4	AF-A3D039-F1-model_v4 N-succinylglutamate 5-semialdehyde dehydrogenase	4.420E-36	1.000	1305	13	481	527	16	475	486	478	0.890	0.947
LOKIASV2_4403_ESMFold_NAD-dependent_succinate-semialdehyde_dehydrogenase	AF-B4TUC3-F1-model_v4	AF-B4TUC3-F1-model_v4 N-succinylglutamate 5-semialdehyde dehydrogenase	6.463E-36	1.000	1305	9	481	527	12	477	492	482	0.898	0.947
LOKIASV2_4403_ESMFold_NAD-dependent_succinate-semialdehyde_dehydrogenase	AF-Q1RB47-F1-model_v4	AF-Q1RB47-F1-model_v4 N-succinylglutamate 5-semialdehyde dehydrogenase	5.798E-36	1.000	1304	13	481	527	16	477	492	479	0.890	0.939
LOKIASV2_4403_ESMFold_NAD-dependent_succinate-semialdehyde_dehydrogenase	AF-Q8EJ54-F1-model_v4	AF-Q8EJ54-F1-model_v4 N-succinylglutamate 5-semialdehyde dehydrogenase	1.382E-35	1.000	1303	13	481	527	16	475	487	474	0.890	0.945
LOKIASV2_4403_ESMFold_NAD-dependent_succinate-semialdehyde_dehydrogenase	AF-C0Q6X8-F1-model_v4	AF-C0Q6X8-F1-model_v4 N-succinylglutamate 5-semialdehyde dehydrogenase	8.030E-36	1.000	1303	9	481	527	12	477	492	482	0.898	0.947
LOKIASV2_4403_ESMFold_NAD-dependent_succinate-semialdehyde_dehydrogenase	AF-Q12JA9-F1-model_v4	AF-Q12JA9-F1-model_v4 N-succinylglutamate 5-semialdehyde dehydrogenase 2	9.450E-36	1.000	1302	12	481	527	15	475	486	474	0.892	0.949
LOKIASV2_4403_ESMFold_NAD-dependent_succinate-semialdehyde_dehydrogenase	AF-Q63SD7-F1-model_v4	AF-Q63SD7-F1-model_v4 N-succinylglutamate 5-semialdehyde dehydrogenase	6.823E-36	1.000	1302	9	481	527	13	476	487	477	0.898	0.953
LOKIASV2_4403_ESMFold_NAD-dependent_succinate-semialdehyde_dehydrogenase	AF-A3NXG2-F1-model_v4	AF-A3NXG2-F1-model_v4 N-succinylglutamate 5-semialdehyde dehydrogenase	7.204E-36	1.000	1302	9	481	527	13	476	487	477	0.898	0.953
LOKIASV2_4403_ESMFold_NAD-dependent_succinate-semialdehyde_dehydrogenase	AF-B7MVM5-F1-model_v4	AF-B7MVM5-F1-model_v4 N-succinylglutamate 5-semialdehyde dehydrogenase	1.459E-35	1.000	1302	13	481	527	16	477	492	476	0.890	0.939
LOKIASV2_4403_ESMFold_NAD-dependent_succinate-semialdehyde_dehydrogenase	AF-B0TU38-F1-model_v4	AF-B0TU38-F1-model_v4 N-succinylglutamate 5-semialdehyde dehydrogenase	1.053E-35	1.000	1301	13	481	527	16	475	486	473	0.890	0.947
LOKIASV2_4403_ESMFold_NAD-dependent_succinate-semialdehyde_dehydrogenase	AF-B5RAZ9-F1-model_v4	AF-B5RAZ9-F1-model_v4 N-succinylglutamate 5-semialdehyde dehydrogenase	9.450E-36	1.000	1301	9	481	527	12	477	492	482	0.898	0.947
LOKIASV2_4403_ESMFold_NAD-dependent_succinate-semialdehyde_dehydrogenase	AF-Q0TH84-F1-model_v4	AF-Q0TH84-F1-model_v4 N-succinylglutamate 5-semialdehyde dehydrogenase	7.204E-36	1.000	1301	13	481	527	16	477	492	477	0.890	0.939
LOKIASV2_4403_ESMFold_NAD-dependent_succinate-semialdehyde_dehydrogenase	AF-B4ECZ8-F1-model_v4	AF-B4ECZ8-F1-model_v4 N-succinylglutamate 5-semialdehyde dehydrogenase	3.756E-36	1.000	1300	9	481	527	13	476	487	480	0.898	0.953
LOKIASV2_4403_ESMFold_NAD-dependent_succinate-semialdehyde_dehydrogenase	AF-Q39I25-F1-model_v4	AF-Q39I25-F1-model_v4 N-succinylglutamate 5-semialdehyde dehydrogenase	3.966E-36	1.000	1300	9	481	527	13	476	487	480	0.898	0.953
LOKIASV2_4403_ESMFold_NAD-dependent_succinate-semialdehyde_dehydrogenase	AF-Q2SXN9-F1-model_v4	AF-Q2SXN9-F1-model_v4 N-succinylglutamate 5-semialdehyde dehydrogenase	3.118E-35	1.000	1300	9	481	527	13	478	487	478	0.898	0.957
LOKIASV2_4403_ESMFold_NAD-dependent_succinate-semialdehyde_dehydrogenase	AF-Q321N8-F1-model_v4	AF-Q321N8-F1-model_v4 N-succinylglutamate 5-semialdehyde dehydrogenase	8.950E-36	1.000	1300	13	481	527	16	477	492	478	0.890	0.939
LOKIASV2_4403_ESMFold_NAD-dependent_succinate-semialdehyde_dehydrogenase	AF-C4ZZA2-F1-model_v4	AF-C4ZZA2-F1-model_v4 N-succinylglutamate 5-semialdehyde dehydrogenase	5.202E-36	1.000	1299	13	491	527	16	489	492	488	0.909	0.963
LOKIASV2_4403_ESMFold_NAD-dependent_succinate-semialdehyde_dehydrogenase	AF-B5FJD6-F1-model_v4	AF-B5FJD6-F1-model_v4 N-succinylglutamate 5-semialdehyde dehydrogenase	1.174E-35	1.000	1299	9	481	527	12	477	492	482	0.898	0.947
LOKIASV2_4403_ESMFold_NAD-dependent_succinate-semialdehyde_dehydrogenase	AF-A1RNU4-F1-model_v4	AF-A1RNU4-F1-model_v4 N-succinylglutamate 5-semialdehyde dehydrogenase	6.823E-36	1.000	1297	13	481	527	16	475	486	478	0.890	0.947
LOKIASV2_4403_ESMFold_NAD-dependent_succinate-semialdehyde_dehydrogenase	AF-Q48G19-F1-model_v4	AF-Q48G19-F1-model_v4 N-succinylglutamate 5-semialdehyde dehydrogenase	1.717E-35	1.000	1296	12	481	527	16	478	488	478	0.892	0.949
LOKIASV2_4403_ESMFold_NAD-dependent_succinate-semialdehyde_dehydrogenase	AF-Q488Y0-F1-model_v4	AF-Q488Y0-F1-model_v4 N-succinylglutamate 5-semialdehyde dehydrogenase	1.138E-36	1.000	1296	13	482	527	21	484	492	482	0.892	0.943
LOKIASV2_4403_ESMFold_NAD-dependent_succinate-semialdehyde_dehydrogenase	AF-Q0T4V3-F1-model_v4	AF-Q0T4V3-F1-model_v4 N-succinylglutamate 5-semialdehyde dehydrogenase	1.053E-35	1.000	1296	13	481	527	16	477	492	477	0.890	0.939
LOKIASV2_4403_ESMFold_NAD-dependent_succinate-semialdehyde_dehydrogenase	AF-B5YQ33-F1-model_v4	AF-B5YQ33-F1-model_v4 N-succinylglutamate 5-semialdehyde dehydrogenase	7.204E-36	1.000	1296	13	481	527	16	477	492	478	0.890	0.939
LOKIASV2_4403_ESMFold_NAD-dependent_succinate-semialdehyde_dehydrogenase	AF-A9MFG0-F1-model_v4	AF-A9MFG0-F1-model_v4 N-succinylglutamate 5-semialdehyde dehydrogenase	4.667E-36	1.000	1296	9	481	527	12	477	492	486	0.898	0.947
LOKIASV2_4403_ESMFold_NAD-dependent_succinate-semialdehyde_dehydrogenase	AF-Q8Z6G1-F1-model_v4	AF-Q8Z6G1-F1-model_v4 N-succinylglutamate 5-semialdehyde dehydrogenase	1.174E-35	1.000	1295	9	481	527	12	477	492	482	0.898	0.947
LOKIASV2_4403_ESMFold_NAD-dependent_succinate-semialdehyde_dehydrogenase	AF-Q7UCI7-F1-model_v4	AF-Q7UCI7-F1-model_v4 N-succinylglutamate 5-semialdehyde dehydrogenase	9.977E-36	1.000	1294	9	481	527	12	477	492	481	0.898	0.947
LOKIASV2_4403_ESMFold_NAD-dependent_succinate-semialdehyde_dehydrogenase	AF-O57693-F1-model_v4	AF-O57693-F1-model_v4 NAD(P)-dependent glyceraldehyde-3-phosphate dehydrogenase	6.823E-36	1.000	1294	9	480	527	29	499	501	485	0.896	0.940
LOKIASV2_4403_ESMFold_NAD-dependent_succinate-semialdehyde_dehydrogenase	AF-B1IPI4-F1-model_v4	AF-B1IPI4-F1-model_v4 N-succinylglutamate 5-semialdehyde dehydrogenase	3.292E-35	1.000	1293	13	481	527	16	477	492	476	0.890	0.939
LOKIASV2_4403_ESMFold_NAD-dependent_succinate-semialdehyde_dehydrogenase	AF-B7MAV7-F1-model_v4	AF-B7MAV7-F1-model_v4 N-succinylglutamate 5-semialdehyde dehydrogenase	1.382E-35	1.000	1293	13	481	527	16	477	492	477	0.890	0.939
LOKIASV2_4403_ESMFold_NAD-dependent_succinate-semialdehyde_dehydrogenase	AF-B4TGE2-F1-model_v4	AF-B4TGE2-F1-model_v4 N-succinylglutamate 5-semialdehyde dehydrogenase	1.717E-35	1.000	1292	9	481	527	12	477	492	482	0.898	0.947
LOKIASV2_4403_ESMFold_NAD-dependent_succinate-semialdehyde_dehydrogenase	AF-B5F7J0-F1-model_v4	AF-B5F7J0-F1-model_v4 N-succinylglutamate 5-semialdehyde dehydrogenase	5.492E-36	1.000	1290	9	481	527	12	477	492	487	0.898	0.947
LOKIASV2_4403_ESMFold_NAD-dependent_succinate-semialdehyde_dehydrogenase	AF-Q32G88-F1-model_v4	AF-Q32G88-F1-model_v4 N-succinylglutamate 5-semialdehyde dehydrogenase	8.030E-36	1.000	1288	13	491	527	16	486	490	486	0.909	0.961
LOKIASV2_4403_ESMFold_NAD-dependent_succinate-semialdehyde_dehydrogenase	AF-B7M1F8-F1-model_v4	AF-B7M1F8-F1-model_v4 N-succinylglutamate 5-semialdehyde dehydrogenase	9.977E-36	1.000	1288	13	491	527	16	489	492	488	0.909	0.963
LOKIASV2_4403_ESMFold_NAD-dependent_succinate-semialdehyde_dehydrogenase	AF-A4SK35-F1-model_v4	AF-A4SK35-F1-model_v4 N-succinylglutamate 5-semialdehyde dehydrogenase	1.174E-35	1.000	1287	9	482	527	15	481	489	483	0.899	0.955
LOKIASV2_4403_ESMFold_NAD-dependent_succinate-semialdehyde_dehydrogenase	AF-A8A0T8-F1-model_v4	AF-A8A0T8-F1-model_v4 N-succinylglutamate 5-semialdehyde dehydrogenase	1.812E-35	1.000	1287	13	481	527	16	477	492	477	0.890	0.939
LOKIASV2_4403_ESMFold_NAD-dependent_succinate-semialdehyde_dehydrogenase	AF-B1LDY5-F1-model_v4	AF-B1LDY5-F1-model_v4 N-succinylglutamate 5-semialdehyde dehydrogenase	1.913E-35	1.000	1287	13	481	527	16	477	492	477	0.890	0.939
LOKIASV2_4403_ESMFold_NAD-dependent_succinate-semialdehyde_dehydrogenase	AF-Q7N2G9-F1-model_v4	AF-Q7N2G9-F1-model_v4 N-succinylglutamate 5-semialdehyde dehydrogenase	3.476E-35	1.000	1286	9	482	527	15	481	491	481	0.899	0.951
LOKIASV2_4403_ESMFold_NAD-dependent_succinate-semialdehyde_dehydrogenase	AF-B4T3Z6-F1-model_v4	AF-B4T3Z6-F1-model_v4 N-succinylglutamate 5-semialdehyde dehydrogenase	8.478E-36	1.000	1284	9	481	527	12	477	492	487	0.898	0.947
LOKIASV2_4403_ESMFold_NAD-dependent_succinate-semialdehyde_dehydrogenase	AF-A7ZML4-F1-model_v4	AF-A7ZML4-F1-model_v4 N-succinylglutamate 5-semialdehyde dehydrogenase	2.133E-35	1.000	1284	13	481	527	16	477	492	477	0.890	0.939
LOKIASV2_4403_ESMFold_NAD-dependent_succinate-semialdehyde_dehydrogenase	AF-B2VJX8-F1-model_v4	AF-B2VJX8-F1-model_v4 N-succinylglutamate 5-semialdehyde dehydrogenase	4.420E-36	1.000	1282	9	492	527	12	483	489	491	0.918	0.965
LOKIASV2_4403_ESMFold_NAD-dependent_succinate-semialdehyde_dehydrogenase	AF-A9L3U4-F1-model_v4	AF-A9L3U4-F1-model_v4 N-succinylglutamate 5-semialdehyde dehydrogenase	2.020E-35	1.000	1279	13	481	527	16	475	486	478	0.890	0.947
LOKIASV2_4403_ESMFold_NAD-dependent_succinate-semialdehyde_dehydrogenase	AF-A6T7T5-F1-model_v4	AF-A6T7T5-F1-model_v4 N-succinylglutamate 5-semialdehyde dehydrogenase	6.314E-35	1.000	1275	13	481	527	16	477	492	478	0.890	0.939
LOKIASV2_4403_ESMFold_NAD-dependent_succinate-semialdehyde_dehydrogenase	AF-B5BA70-F1-model_v4	AF-B5BA70-F1-model_v4 N-succinylglutamate 5-semialdehyde dehydrogenase	6.667E-35	1.000	1271	9	481	527	12	477	492	482	0.898	0.947
LOKIASV2_4403_ESMFold_NAD-dependent_succinate-semialdehyde_dehydrogenase	AF-P39616-F1-model_v4	AF-P39616-F1-model_v4 Putative aldehyde dehydrogenase YwdH	2.252E-35	1.000	1270	36	501	527	4	455	456	468	0.884	0.991
LOKIASV2_4403_ESMFold_NAD-dependent_succinate-semialdehyde_dehydrogenase	AF-A4W9J7-F1-model_v4	AF-A4W9J7-F1-model_v4 N-succinylglutamate 5-semialdehyde dehydrogenase	7.606E-36	1.000	1270	9	492	527	12	487	495	497	0.918	0.962
LOKIASV2_4403_ESMFold_NAD-dependent_succinate-semialdehyde_dehydrogenase	AF-P30840-F1-model_v4	AF-P30840-F1-model_v4 Aldehyde dehydrogenase 1	1.138E-36	1.000	1270	28	499	527	59	517	529	477	0.896	0.868
LOKIASV2_4403_ESMFold_NAD-dependent_succinate-semialdehyde_dehydrogenase	AF-Q92UV7-F1-model_v4	AF-Q92UV7-F1-model_v4 Phosphonoacetaldehyde dehydrogenase	3.874E-35	1.000	1269	9	475	527	23	483	485	481	0.886	0.951
LOKIASV2_4403_ESMFold_NAD-dependent_succinate-semialdehyde_dehydrogenase	AF-Q8ZPV0-F1-model_v4	AF-Q8ZPV0-F1-model_v4 N-succinylglutamate 5-semialdehyde dehydrogenase	2.510E-35	1.000	1268	9	481	527	12	477	492	487	0.898	0.947
LOKIASV2_4403_ESMFold_NAD-dependent_succinate-semialdehyde_dehydrogenase	AF-A8AHD8-F1-model_v4	AF-A8AHD8-F1-model_v4 N-succinylglutamate 5-semialdehyde dehydrogenase	1.147E-34	1.000	1265	9	482	527	12	478	492	482	0.899	0.949
LOKIASV2_4403_ESMFold_NAD-dependent_succinate-semialdehyde_dehydrogenase	AF-B0T8I8-F1-model_v4	AF-B0T8I8-F1-model_v4 N-succinylglutamate 5-semialdehyde dehydrogenase	1.279E-34	1.000	1256	9	480	527	14	474	484	477	0.896	0.952
LOKIASV2_4403_ESMFold_NAD-dependent_succinate-semialdehyde_dehydrogenase	AF-Q07XY1-F1-model_v4	AF-Q07XY1-F1-model_v4 N-succinylglutamate 5-semialdehyde dehydrogenase	1.350E-34	1.000	1256	13	481	527	16	477	486	477	0.890	0.951
LOKIASV2_4403_ESMFold_NAD-dependent_succinate-semialdehyde_dehydrogenase	AF-A7MNV8-F1-model_v4	AF-A7MNV8-F1-model_v4 N-succinylglutamate 5-semialdehyde dehydrogenase	2.020E-35	1.000	1253	9	493	527	12	488	492	497	0.920	0.970
LOKIASV2_4403_ESMFold_NAD-dependent_succinate-semialdehyde_dehydrogenase	AF-O86447-F1-model_v4	AF-O86447-F1-model_v4 Coniferyl aldehyde dehydrogenase	5.798E-36	1.000	1245	15	504	527	1	476	481	499	0.930	0.990
LOKIASV2_4403_ESMFold_NAD-dependent_succinate-semialdehyde_dehydrogenase	AF-O74766-F1-model_v4	AF-O74766-F1-model_v4 Probable delta-1-pyrroline-5-carboxylate dehydrogenase	3.047E-34	1.000	1245	9	481	527	55	541	548	494	0.898	0.889
LOKIASV2_4403_ESMFold_NAD-dependent_succinate-semialdehyde_dehydrogenase	AF-Q84DC3-F1-model_v4	AF-Q84DC3-F1-model_v4 NAD(P)-dependent benzaldehyde dehydrogenase	9.021E-34	1.000	1244	28	474	527	1	434	436	450	0.848	0.995
LOKIASV2_4403_ESMFold_NAD-dependent_succinate-semialdehyde_dehydrogenase	AF-Q2FWX9-F1-model_v4	AF-Q2FWX9-F1-model_v4 4,4'-diaponeurosporen-aldehyde dehydrogenase	1.211E-34	1.000	1242	36	502	527	4	458	459	468	0.886	0.991
LOKIASV2_4403_ESMFold_NAD-dependent_succinate-semialdehyde_dehydrogenase	AF-Q54RA2-F1-model_v4	AF-Q54RA2-F1-model_v4 Delta-1-pyrroline-5-carboxylate dehydrogenase, mitochondrial	1.913E-35	1.000	1242	10	491	527	64	555	558	506	0.915	0.882
LOKIASV2_4403_ESMFold_NAD-dependent_succinate-semialdehyde_dehydrogenase	AF-Q9A7W2-F1-model_v4	AF-Q9A7W2-F1-model_v4 N-succinylglutamate 5-semialdehyde dehydrogenase 2	2.886E-34	1.000	1241	13	480	527	18	475	485	474	0.888	0.944
LOKIASV2_4403_ESMFold_NAD-dependent_succinate-semialdehyde_dehydrogenase	AF-Q70DU8-F1-model_v4	AF-Q70DU8-F1-model_v4 Aldehyde dehydrogenase family 3 member H1	7.038E-35	1.000	1234	30	515	527	6	483	484	491	0.922	0.988
LOKIASV2_4403_ESMFold_NAD-dependent_succinate-semialdehyde_dehydrogenase	AF-Q8W033-F1-model_v4	AF-Q8W033-F1-model_v4 Aldehyde dehydrogenase family 3 member I1, chloroplastic	8.745E-35	1.000	1226	32	515	527	71	546	550	486	0.918	0.865
LOKIASV2_4403_ESMFold_NAD-dependent_succinate-semialdehyde_dehydrogenase	AF-Q8CHT0-F1-model_v4	AF-Q8CHT0-F1-model_v4 Delta-1-pyrroline-5-carboxylate dehydrogenase, mitochondrial	6.314E-35	1.000	1225	10	490	527	74	562	562	500	0.913	0.870
LOKIASV2_4403_ESMFold_NAD-dependent_succinate-semialdehyde_dehydrogenase	AF-Q97U30-F1-model_v4	AF-Q97U30-F1-model_v4 NAD(P)-dependent glyceraldehyde-3-phosphate dehydrogenase	8.544E-34	1.000	1218	9	481	527	36	508	509	487	0.898	0.929
LOKIASV2_4403_ESMFold_NAD-dependent_succinate-semialdehyde_dehydrogenase	AF-P30038-F1-model_v4	AF-P30038-F1-model_v4 Delta-1-pyrroline-5-carboxylate dehydrogenase, mitochondrial	4.560E-35	1.000	1214	9	490	527	74	563	563	504	0.915	0.870
LOKIASV2_4403_ESMFold_NAD-dependent_succinate-semialdehyde_dehydrogenase	AF-Q9P8I0-F1-model_v4	AF-Q9P8I0-F1-model_v4 Delta-1-pyrroline-5-carboxylate dehydrogenase, mitochondrial	6.667E-35	1.000	1212	9	490	527	78	571	572	506	0.915	0.864
LOKIASV2_4403_ESMFold_NAD-dependent_succinate-semialdehyde_dehydrogenase	AF-P43353-F1-model_v4	AF-P43353-F1-model_v4 Aldehyde dehydrogenase family 3 member B1	2.886E-34	1.000	1209	36	497	527	4	454	468	465	0.877	0.964
LOKIASV2_4403_ESMFold_NAD-dependent_succinate-semialdehyde_dehydrogenase	AF-Q80VQ0-F1-model_v4	AF-Q80VQ0-F1-model_v4 Aldehyde dehydrogenase family 3 member B1	3.047E-34	1.000	1206	37	497	527	5	454	468	464	0.875	0.962
LOKIASV2_4403_ESMFold_NAD-dependent_succinate-semialdehyde_dehydrogenase	AF-Q5XI42-F1-model_v4	AF-Q5XI42-F1-model_v4 Aldehyde dehydrogenase family 3 member B1	3.586E-34	1.000	1205	37	497	527	5	454	468	464	0.875	0.962
LOKIASV2_4403_ESMFold_NAD-dependent_succinate-semialdehyde_dehydrogenase	AF-P51648-F1-model_v4	AF-P51648-F1-model_v4 Aldehyde dehydrogenase family 3 member A2	7.431E-35	1.000	1203	37	525	527	2	477	485	495	0.928	0.981
LOKIASV2_4403_ESMFold_NAD-dependent_succinate-semialdehyde_dehydrogenase	AF-P47739-F1-model_v4	AF-P47739-F1-model_v4 Aldehyde dehydrogenase, dimeric NADP-preferring	1.005E-33	1.000	1202	34	490	527	2	444	453	461	0.867	0.978
LOKIASV2_4403_ESMFold_NAD-dependent_succinate-semialdehyde_dehydrogenase	AF-P30838-F1-model_v4	AF-P30838-F1-model_v4 Aldehyde dehydrogenase, dimeric NADP-preferring	1.005E-33	1.000	1202	36	483	527	4	438	453	451	0.850	0.960
LOKIASV2_4403_ESMFold_NAD-dependent_succinate-semialdehyde_dehydrogenase	AF-P30839-F1-model_v4	AF-P30839-F1-model_v4 Aldehyde dehydrogenase family 3 member A2	5.082E-35	1.000	1200	37	527	527	2	484	484	504	0.932	0.998
LOKIASV2_4403_ESMFold_NAD-dependent_succinate-semialdehyde_dehydrogenase	AF-P11883-F1-model_v4	AF-P11883-F1-model_v4 Aldehyde dehydrogenase, dimeric NADP-preferring	9.524E-34	1.000	1197	36	490	527	4	444	453	459	0.863	0.974
LOKIASV2_4403_ESMFold_NAD-dependent_succinate-semialdehyde_dehydrogenase	AF-Q5RF60-F1-model_v4	AF-Q5RF60-F1-model_v4 Aldehyde dehydrogenase family 3 member A2	1.147E-34	1.000	1197	37	525	527	2	477	485	495	0.928	0.981
LOKIASV2_4403_ESMFold_NAD-dependent_succinate-semialdehyde_dehydrogenase	AF-A7YWE4-F1-model_v4	AF-A7YWE4-F1-model_v4 Delta-1-pyrroline-5-carboxylate dehydrogenase, mitochondrial	2.084E-34	1.000	1189	9	490	527	74	563	563	505	0.915	0.870
LOKIASV2_4403_ESMFold_NAD-dependent_succinate-semialdehyde_dehydrogenase	AF-Q1JPA0-F1-model_v4	AF-Q1JPA0-F1-model_v4 Aldehyde dehydrogenase family 3 member B1	1.392E-33	1.000	1188	36	497	527	4	454	468	466	0.877	0.964
LOKIASV2_4403_ESMFold_NAD-dependent_succinate-semialdehyde_dehydrogenase	AF-Q70E96-F1-model_v4	AF-Q70E96-F1-model_v4 Aldehyde dehydrogenase family 3 member F1	9.524E-34	1.000	1187	33	522	527	5	482	484	496	0.930	0.988
LOKIASV2_4403_ESMFold_NAD-dependent_succinate-semialdehyde_dehydrogenase	AF-P0C2X9-F1-model_v4	AF-P0C2X9-F1-model_v4 Delta-1-pyrroline-5-carboxylate dehydrogenase, mitochondrial	5.243E-34	1.000	1185	10	490	527	74	563	563	501	0.913	0.870
LOKIASV2_4403_ESMFold_NAD-dependent_succinate-semialdehyde_dehydrogenase	AF-P47740-F1-model_v4	AF-P47740-F1-model_v4 Aldehyde dehydrogenase family 3 member A2	1.677E-34	1.000	1180	37	520	527	2	483	484	497	0.918	0.996
LOKIASV2_4403_ESMFold_NAD-dependent_succinate-semialdehyde_dehydrogenase	AF-Q60HH8-F1-model_v4	AF-Q60HH8-F1-model_v4 Aldehyde dehydrogenase family 3 member A2	2.200E-34	1.000	1180	37	525	527	2	477	485	496	0.928	0.981
LOKIASV2_4403_ESMFold_NAD-dependent_succinate-semialdehyde_dehydrogenase	AF-A3RF36-F1-model_v4	AF-A3RF36-F1-model_v4 Aldehyde dehydrogenase, dimeric NADP-preferring	7.907E-33	1.000	1177	36	483	527	4	438	453	451	0.850	0.960
LOKIASV2_4403_ESMFold_NAD-dependent_succinate-semialdehyde_dehydrogenase	AF-P78568-F1-model_v4	AF-P78568-F1-model_v4 Delta-1-pyrroline-5-carboxylate dehydrogenase	1.730E-33	1.000	1175	10	489	527	58	544	546	507	0.911	0.892
LOKIASV2_4403_ESMFold_NAD-dependent_succinate-semialdehyde_dehydrogenase	AF-E9Q3E1-F1-model_v4	AF-E9Q3E1-F1-model_v4 Aldehyde dehydrogenase family 3 member B2	5.243E-34	1.000	1173	28	497	527	11	467	479	477	0.892	0.954
LOKIASV2_4403_ESMFold_NAD-dependent_succinate-semialdehyde_dehydrogenase	AF-Q54DG1-F1-model_v4	AF-Q54DG1-F1-model_v4 Aldehyde dehydrogenase family 3 comG	1.552E-33	1.000	1168	36	509	527	11	470	470	478	0.899	0.979
LOKIASV2_4403_ESMFold_NAD-dependent_succinate-semialdehyde_dehydrogenase	AF-Q7SY23-F1-model_v4	AF-Q7SY23-F1-model_v4 Delta-1-pyrroline-5-carboxylate dehydrogenase, mitochondrial	3.217E-34	1.000	1167	9	490	527	67	556	556	509	0.915	0.881
LOKIASV2_4403_ESMFold_NAD-dependent_succinate-semialdehyde_dehydrogenase	AF-Q8VXQ2-F1-model_v4	AF-Q8VXQ2-F1-model_v4 Aldehyde dehydrogenase	5.709E-33	1.000	1164	35	522	527	5	477	479	490	0.926	0.987
LOKIASV2_4403_ESMFold_NAD-dependent_succinate-semialdehyde_dehydrogenase	AF-J3QMK6-F1-model_v4	AF-J3QMK6-F1-model_v4 Aldehyde dehydrogenase family 3 member B3	1.827E-33	1.000	1158	38	499	527	19	469	479	469	0.877	0.942
LOKIASV2_4403_ESMFold_NAD-dependent_succinate-semialdehyde_dehydrogenase	AF-P0DPF0-F1-model_v4	AF-P0DPF0-F1-model_v4 4,4'-diapolycopene-4,4'-dial dehydrogenase	1.221E-32	1.000	1152	33	480	527	6	443	453	457	0.850	0.967
LOKIASV2_4403_ESMFold_NAD-dependent_succinate-semialdehyde_dehydrogenase	AF-F6IBC7-F1-model_v4	AF-F6IBC7-F1-model_v4 Beta-apo-4'-carotenal oxygenase	1.392E-33	1.000	1125	1	504	527	1	478	539	512	0.956	0.887
LOKIASV2_4403_ESMFold_NAD-dependent_succinate-semialdehyde_dehydrogenase	AF-O52485-F1-model_v4	AF-O52485-F1-model_v4 Bifunctional protein PutA	5.450E-31	1.000	1106	9	469	527	656	1112	1312	482	0.875	0.348
LOKIASV2_4403_ESMFold_NAD-dependent_succinate-semialdehyde_dehydrogenase	AF-Q1K615-F1-model_v4	AF-Q1K615-F1-model_v4 Beta-apo-4'-carotenal oxygenase	1.944E-31	1.000	1098	30	500	527	13	475	533	481	0.894	0.869
LOKIASV2_4403_ESMFold_NAD-dependent_succinate-semialdehyde_dehydrogenase	AF-P09546-F1-model_v4	AF-P09546-F1-model_v4 Bifunctional protein PutA	5.325E-30	1.000	1071	9	470	527	656	1113	1320	482	0.877	0.347
LOKIASV2_4403_ESMFold_NAD-dependent_succinate-semialdehyde_dehydrogenase	AF-P07275-F1-model_v4	AF-P07275-F1-model_v4 Delta-1-pyrroline-5-carboxylate dehydrogenase, mitochondrial	4.286E-30	1.000	1046	11	491	527	75	575	575	514	0.913	0.871
LOKIASV2_4403_ESMFold_NAD-dependent_succinate-semialdehyde_dehydrogenase	AF-Q04458-F1-model_v4	AF-Q04458-F1-model_v4 Fatty aldehyde dehydrogenase HFD1	2.755E-32	1.000	1037	30	525	527	9	529	532	538	0.941	0.979
LOKIASV2_4403_ESMFold_NAD-dependent_succinate-semialdehyde_dehydrogenase	AF-P33008-F1-model_v4	AF-P33008-F1-model_v4 Probable aldehyde dehydrogenase	1.021E-29	1.000	1025	9	477	527	35	488	488	479	0.890	0.930
LOKIASV2_4403_ESMFold_NAD-dependent_succinate-semialdehyde_dehydrogenase	AF-P10503-F1-model_v4	AF-P10503-F1-model_v4 Bifunctional protein PutA	1.269E-29	1.000	1006	9	522	527	656	1166	1320	546	0.975	0.387
LOKIASV2_4403_ESMFold_NAD-dependent_succinate-semialdehyde_dehydrogenase	AF-P48448-F1-model_v4	AF-P48448-F1-model_v4 Aldehyde dehydrogenase family 3 member B2	1.112E-28	1.000	980	115	497	527	2	373	385	386	0.727	0.966
LOKIASV2_4403_ESMFold_NAD-dependent_succinate-semialdehyde_dehydrogenase	AF-Q3T1L0-F1-model_v4	AF-Q3T1L0-F1-model_v4 Aldehyde dehydrogenase family 16 member A1	5.083E-28	1.000	972	8	469	527	50	487	802	469	0.877	0.546
LOKIASV2_4403_ESMFold_NAD-dependent_succinate-semialdehyde_dehydrogenase	AF-P95629-F1-model_v4	AF-P95629-F1-model_v4 Bifunctional protein PutA	1.914E-28	1.000	967	9	502	527	579	1049	1224	508	0.937	0.385
LOKIASV2_4403_ESMFold_NAD-dependent_succinate-semialdehyde_dehydrogenase	AF-A6QR56-F1-model_v4	AF-A6QR56-F1-model_v4 Aldehyde dehydrogenase family 16 member A1	4.560E-28	1.000	950	8	492	527	50	500	800	490	0.920	0.564
LOKIASV2_4403_ESMFold_NAD-dependent_succinate-semialdehyde_dehydrogenase	AF-Q571I9-F1-model_v4	AF-Q571I9-F1-model_v4 Aldehyde dehydrogenase family 16 member A1	7.667E-27	1.000	930	8	469	527	50	487	802	470	0.877	0.546
LOKIASV2_4403_ESMFold_NAD-dependent_succinate-semialdehyde_dehydrogenase	AF-Q6FFQ0-F1-model_v4	AF-Q6FFQ0-F1-model_v4 Alpha-ketoglutaric semialdehyde dehydrogenase	3.217E-27	1.000	884	9	482	527	17	505	526	510	0.899	0.930
LOKIASV2_4403_ESMFold_NAD-dependent_succinate-semialdehyde_dehydrogenase	AF-Q8IZ83-F1-model_v4	AF-Q8IZ83-F1-model_v4 Aldehyde dehydrogenase family 16 member A1	2.671E-26	1.000	881	8	469	527	50	487	802	473	0.877	0.546
LOKIASV2_4403_ESMFold_NAD-dependent_succinate-semialdehyde_dehydrogenase	AF-P77455-F1-model_v4	AF-P77455-F1-model_v4 Bifunctional protein PaaZ	9.825E-26	1.000	873	13	475	527	19	502	681	494	0.879	0.711
LOKIASV2_4403_ESMFold_NAD-dependent_succinate-semialdehyde_dehydrogenase	AF-Q8VZC3-F1-model_v4	AF-Q8VZC3-F1-model_v4 Delta-1-pyrroline-5-carboxylate dehydrogenase 12A1, mitochondrial	6.171E-27	1.000	841	9	490	527	63	556	556	520	0.915	0.888
LOKIASV2_4403_ESMFold_NAD-dependent_succinate-semialdehyde_dehydrogenase	AF-Q40255-F1-model_v4	AF-Q40255-F1-model_v4 Probable aldehyde dehydrogenase	2.671E-26	1.000	823	9	480	527	59	542	551	512	0.896	0.878
LOKIASV2_4403_ESMFold_NAD-dependent_succinate-semialdehyde_dehydrogenase	AF-Q29491-F1-model_v4	AF-Q29491-F1-model_v4 Aldehyde dehydrogenase, cytosolic 2	7.433E-21	1.000	788	238	481	527	1	239	240	244	0.463	0.996
LOKIASV2_4403_ESMFold_NAD-dependent_succinate-semialdehyde_dehydrogenase	AF-P38947-F1-model_v4	AF-P38947-F1-model_v4 Succinate-semialdehyde dehydrogenase (acetylating)	2.651E-21	1.000	628	30	481	527	4	445	453	490	0.858	0.976
LOKIASV2_4403_ESMFold_NAD-dependent_succinate-semialdehyde_dehydrogenase	AF-P33744-F1-model_v4	AF-P33744-F1-model_v4 Aldehyde-alcohol dehydrogenase	1.856E-22	1.000	627	28	481	527	1	449	862	499	0.861	0.521
LOKIASV2_4403_ESMFold_NAD-dependent_succinate-semialdehyde_dehydrogenase	AF-B5YEQ8-F1-model_v4	AF-B5YEQ8-F1-model_v4 Gamma-glutamyl phosphate reductase	4.815E-21	1.000	606	34	481	527	2	415	415	481	0.850	0.998
LOKIASV2_4403_ESMFold_NAD-dependent_succinate-semialdehyde_dehydrogenase	AF-P0A9Q8-F1-model_v4	AF-P0A9Q8-F1-model_v4 Aldehyde-alcohol dehydrogenase	2.021E-21	1.000	600	30	481	527	3	451	891	496	0.858	0.504
LOKIASV2_4403_ESMFold_NAD-dependent_succinate-semialdehyde_dehydrogenase	AF-Q311G6-F1-model_v4	AF-Q311G6-F1-model_v4 Gamma-glutamyl phosphate reductase	2.453E-20	1.000	597	33	481	527	4	419	419	476	0.852	0.993
LOKIASV2_4403_ESMFold_NAD-dependent_succinate-semialdehyde_dehydrogenase	AF-P41793-F1-model_v4	AF-P41793-F1-model_v4 Acetaldehyde dehydrogenase (acetylating) EutE	2.085E-20	1.000	597	2	472	527	19	458	467	498	0.894	0.942
LOKIASV2_4403_ESMFold_NAD-dependent_succinate-semialdehyde_dehydrogenase	AF-A8MFQ5-F1-model_v4	AF-A8MFQ5-F1-model_v4 Gamma-glutamyl phosphate reductase	1.639E-19	1.000	594	36	481	527	4	413	413	479	0.846	0.993
LOKIASV2_4403_ESMFold_NAD-dependent_succinate-semialdehyde_dehydrogenase	AF-P0A9Q7-F1-model_v4	AF-P0A9Q7-F1-model_v4 Aldehyde-alcohol dehydrogenase	2.134E-21	1.000	587	30	481	527	3	451	891	497	0.858	0.504
LOKIASV2_4403_ESMFold_NAD-dependent_succinate-semialdehyde_dehydrogenase	AF-Q72AN9-F1-model_v4	AF-Q72AN9-F1-model_v4 Gamma-glutamyl phosphate reductase	1.121E-19	1.000	581	33	481	527	4	419	419	477	0.852	0.993
LOKIASV2_4403_ESMFold_NAD-dependent_succinate-semialdehyde_dehydrogenase	AF-Q02XW0-F1-model_v4	AF-Q02XW0-F1-model_v4 Gamma-glutamyl phosphate reductase	8.095E-20	1.000	579	36	480	527	2	413	413	475	0.844	0.998
LOKIASV2_4403_ESMFold_NAD-dependent_succinate-semialdehyde_dehydrogenase	AF-P77445-F1-model_v4	AF-P77445-F1-model_v4 Ethanolamine utilization protein EutE	5.846E-20	1.000	578	28	472	527	32	458	467	480	0.844	0.914
LOKIASV2_4403_ESMFold_NAD-dependent_succinate-semialdehyde_dehydrogenase	AF-A1VCR9-F1-model_v4	AF-A1VCR9-F1-model_v4 Gamma-glutamyl phosphate reductase	1.471E-19	1.000	577	33	481	527	4	419	419	477	0.852	0.993
LOKIASV2_4403_ESMFold_NAD-dependent_succinate-semialdehyde_dehydrogenase	AF-B0VKT1-F1-model_v4	AF-B0VKT1-F1-model_v4 Gamma-glutamyl phosphate reductase	9.024E-20	1.000	576	33	481	527	6	421	421	480	0.852	0.988
LOKIASV2_4403_ESMFold_NAD-dependent_succinate-semialdehyde_dehydrogenase	AF-Q93Q55-F1-model_v4	AF-Q93Q55-F1-model_v4 Gamma-glutamyl phosphate reductase	1.929E-19	1.000	575	35	481	527	3	415	415	481	0.848	0.995
LOKIASV2_4403_ESMFold_NAD-dependent_succinate-semialdehyde_dehydrogenase	AF-Q2SA27-F1-model_v4	AF-Q2SA27-F1-model_v4 Gamma-glutamyl phosphate reductase	3.787E-20	1.000	574	33	481	527	4	418	418	479	0.852	0.993
LOKIASV2_4403_ESMFold_NAD-dependent_succinate-semialdehyde_dehydrogenase	AF-A1SYT9-F1-model_v4	AF-A1SYT9-F1-model_v4 Gamma-glutamyl phosphate reductase	1.184E-19	1.000	568	35	481	527	2	415	415	479	0.848	0.998
LOKIASV2_4403_ESMFold_NAD-dependent_succinate-semialdehyde_dehydrogenase	AF-B7I5F5-F1-model_v4	AF-B7I5F5-F1-model_v4 Gamma-glutamyl phosphate reductase	9.527E-20	1.000	567	33	481	527	6	421	421	478	0.852	0.988
LOKIASV2_4403_ESMFold_NAD-dependent_succinate-semialdehyde_dehydrogenase	AF-A2RJM8-F1-model_v4	AF-A2RJM8-F1-model_v4 Gamma-glutamyl phosphate reductase	1.929E-19	1.000	566	36	480	527	2	413	413	475	0.844	0.998
LOKIASV2_4403_ESMFold_NAD-dependent_succinate-semialdehyde_dehydrogenase	AF-Q8EHU1-F1-model_v4	AF-Q8EHU1-F1-model_v4 Gamma-glutamyl phosphate reductase	1.929E-19	1.000	564	33	481	527	7	425	425	481	0.852	0.986
LOKIASV2_4403_ESMFold_NAD-dependent_succinate-semialdehyde_dehydrogenase	AF-Q2N9V1-F1-model_v4	AF-Q2N9V1-F1-model_v4 Gamma-glutamyl phosphate reductase	1.147E-20	1.000	563	33	481	527	9	421	421	483	0.852	0.981
LOKIASV2_4403_ESMFold_NAD-dependent_succinate-semialdehyde_dehydrogenase	AF-B9M0D6-F1-model_v4	AF-B9M0D6-F1-model_v4 Gamma-glutamyl phosphate reductase	1.929E-19	1.000	562	33	481	527	4	418	418	478	0.852	0.993
LOKIASV2_4403_ESMFold_NAD-dependent_succinate-semialdehyde_dehydrogenase	AF-Q1GZB2-F1-model_v4	AF-Q1GZB2-F1-model_v4 Gamma-glutamyl phosphate reductase	1.827E-19	1.000	562	33	481	527	5	419	419	482	0.852	0.990
LOKIASV2_4403_ESMFold_NAD-dependent_succinate-semialdehyde_dehydrogenase	AF-Q3SG61-F1-model_v4	AF-Q3SG61-F1-model_v4 Gamma-glutamyl phosphate reductase	1.250E-19	1.000	561	33	481	527	4	425	425	476	0.852	0.993
LOKIASV2_4403_ESMFold_NAD-dependent_succinate-semialdehyde_dehydrogenase	AF-Q0AL88-F1-model_v4	AF-Q0AL88-F1-model_v4 Gamma-glutamyl phosphate reductase	4.705E-20	1.000	559	33	481	527	6	418	418	477	0.852	0.988
LOKIASV2_4403_ESMFold_NAD-dependent_succinate-semialdehyde_dehydrogenase	AF-B4U4K6-F1-model_v4	AF-B4U4K6-F1-model_v4 Gamma-glutamyl phosphate reductase	8.351E-19	1.000	558	36	481	527	4	416	416	483	0.846	0.993
LOKIASV2_4403_ESMFold_NAD-dependent_succinate-semialdehyde_dehydrogenase	AF-Q2SZ88-F1-model_v4	AF-Q2SZ88-F1-model_v4 Gamma-glutamyl phosphate reductase	1.827E-19	1.000	556	34	481	527	5	423	423	478	0.850	0.991
LOKIASV2_4403_ESMFold_NAD-dependent_succinate-semialdehyde_dehydrogenase	AF-A8FYU6-F1-model_v4	AF-A8FYU6-F1-model_v4 Gamma-glutamyl phosphate reductase	3.906E-19	1.000	555	33	481	527	6	424	424	480	0.852	0.988
LOKIASV2_4403_ESMFold_NAD-dependent_succinate-semialdehyde_dehydrogenase	AF-B1KD27-F1-model_v4	AF-B1KD27-F1-model_v4 Gamma-glutamyl phosphate reductase	4.853E-19	1.000	555	33	481	527	6	424	424	480	0.852	0.988
LOKIASV2_4403_ESMFold_NAD-dependent_succinate-semialdehyde_dehydrogenase	AF-Q7WH30-F1-model_v4	AF-Q7WH30-F1-model_v4 Gamma-glutamyl phosphate reductase	7.668E-20	1.000	554	34	481	527	6	419	419	483	0.850	0.988
LOKIASV2_4403_ESMFold_NAD-dependent_succinate-semialdehyde_dehydrogenase	AF-A9KMV0-F1-model_v4	AF-A9KMV0-F1-model_v4 Gamma-glutamyl phosphate reductase	4.853E-19	1.000	553	35	481	527	3	415	415	483	0.848	0.995
LOKIASV2_4403_ESMFold_NAD-dependent_succinate-semialdehyde_dehydrogenase	AF-B8FM70-F1-model_v4	AF-B8FM70-F1-model_v4 Gamma-glutamyl phosphate reductase	2.978E-19	1.000	553	33	481	527	4	418	418	482	0.852	0.993
LOKIASV2_4403_ESMFold_NAD-dependent_succinate-semialdehyde_dehydrogenase	AF-Q7W9M7-F1-model_v4	AF-Q7W9M7-F1-model_v4 Gamma-glutamyl phosphate reductase	7.263E-20	1.000	553	34	481	527	6	419	419	483	0.850	0.988
LOKIASV2_4403_ESMFold_NAD-dependent_succinate-semialdehyde_dehydrogenase	AF-Q839W3-F1-model_v4	AF-Q839W3-F1-model_v4 Gamma-glutamyl phosphate reductase	8.816E-19	1.000	552	35	481	527	5	417	417	477	0.848	0.990
LOKIASV2_4403_ESMFold_NAD-dependent_succinate-semialdehyde_dehydrogenase	AF-Q5QY68-F1-model_v4	AF-Q5QY68-F1-model_v4 Gamma-glutamyl phosphate reductase	6.030E-19	1.000	551	33	481	527	2	417	417	478	0.852	0.998
LOKIASV2_4403_ESMFold_NAD-dependent_succinate-semialdehyde_dehydrogenase	AF-C4XSQ4-F1-model_v4	AF-C4XSQ4-F1-model_v4 Gamma-glutamyl phosphate reductase	3.906E-19	1.000	551	33	481	527	4	419	419	481	0.852	0.993
LOKIASV2_4403_ESMFold_NAD-dependent_succinate-semialdehyde_dehydrogenase	AF-A6T242-F1-model_v4	AF-A6T242-F1-model_v4 Gamma-glutamyl phosphate reductase	1.319E-19	1.000	551	33	481	527	4	421	421	486	0.852	0.993
LOKIASV2_4403_ESMFold_NAD-dependent_succinate-semialdehyde_dehydrogenase	AF-E5Y379-F1-model_v4	AF-E5Y379-F1-model_v4 Acetaldehyde dehydrogenase (acetylating)	1.929E-19	1.000	551	36	477	527	48	480	484	480	0.839	0.895
LOKIASV2_4403_ESMFold_NAD-dependent_succinate-semialdehyde_dehydrogenase	AF-Q0K845-F1-model_v4	AF-Q0K845-F1-model_v4 Sulfoacetaldehyde dehydrogenase (acylating)	1.639E-19	1.000	551	33	493	527	32	492	493	507	0.875	0.935
LOKIASV2_4403_ESMFold_NAD-dependent_succinate-semialdehyde_dehydrogenase	AF-B5YK66-F1-model_v4	AF-B5YK66-F1-model_v4 Gamma-glutamyl phosphate reductase	4.853E-19	1.000	549	33	481	527	4	418	418	479	0.852	0.993
LOKIASV2_4403_ESMFold_NAD-dependent_succinate-semialdehyde_dehydrogenase	AF-Q3K693-F1-model_v4	AF-Q3K693-F1-model_v4 Gamma-glutamyl phosphate reductase	4.354E-19	1.000	549	33	480	527	6	418	423	477	0.850	0.976
LOKIASV2_4403_ESMFold_NAD-dependent_succinate-semialdehyde_dehydrogenase	AF-Q890J4-F1-model_v4	AF-Q890J4-F1-model_v4 Gamma-glutamyl phosphate reductase	6.030E-19	1.000	548	35	481	527	3	412	412	483	0.848	0.995
LOKIASV2_4403_ESMFold_NAD-dependent_succinate-semialdehyde_dehydrogenase	AF-Q48RY7-F1-model_v4	AF-Q48RY7-F1-model_v4 Gamma-glutamyl phosphate reductase	2.756E-18	1.000	548	35	481	527	3	416	416	482	0.848	0.995
LOKIASV2_4403_ESMFold_NAD-dependent_succinate-semialdehyde_dehydrogenase	AF-B9DV79-F1-model_v4	AF-B9DV79-F1-model_v4 Gamma-glutamyl phosphate reductase	2.610E-18	1.000	548	36	481	527	4	416	416	481	0.846	0.993
LOKIASV2_4403_ESMFold_NAD-dependent_succinate-semialdehyde_dehydrogenase	AF-Q1QXB4-F1-model_v4	AF-Q1QXB4-F1-model_v4 Gamma-glutamyl phosphate reductase	3.144E-19	1.000	548	33	481	527	14	428	428	485	0.852	0.970
LOKIASV2_4403_ESMFold_NAD-dependent_succinate-semialdehyde_dehydrogenase	AF-Q65KU7-F1-model_v4	AF-Q65KU7-F1-model_v4 Gamma-glutamyl phosphate reductase 1	2.037E-19	1.000	547	35	481	527	3	415	415	481	0.848	0.995
LOKIASV2_4403_ESMFold_NAD-dependent_succinate-semialdehyde_dehydrogenase	AF-A5F602-F1-model_v4	AF-A5F602-F1-model_v4 Gamma-glutamyl phosphate reductase	1.393E-19	1.000	547	35	481	527	2	416	416	486	0.848	0.998
LOKIASV2_4403_ESMFold_NAD-dependent_succinate-semialdehyde_dehydrogenase	AF-Q1GHC8-F1-model_v4	AF-Q1GHC8-F1-model_v4 Gamma-glutamyl phosphate reductase	8.351E-19	1.000	547	33	481	527	8	421	421	484	0.852	0.983
LOKIASV2_4403_ESMFold_NAD-dependent_succinate-semialdehyde_dehydrogenase	AF-Q7NEF6-F1-model_v4	AF-Q7NEF6-F1-model_v4 Gamma-glutamyl phosphate reductase	2.270E-19	1.000	546	33	481	527	6	419	419	484	0.852	0.988
LOKIASV2_4403_ESMFold_NAD-dependent_succinate-semialdehyde_dehydrogenase	AF-P0DD21-F1-model_v4	AF-P0DD21-F1-model_v4 Gamma-glutamyl phosphate reductase	1.990E-18	1.000	545	35	481	527	3	416	416	482	0.848	0.995
LOKIASV2_4403_ESMFold_NAD-dependent_succinate-semialdehyde_dehydrogenase	AF-Q9KPT9-F1-model_v4	AF-Q9KPT9-F1-model_v4 Gamma-glutamyl phosphate reductase	4.124E-19	1.000	544	35	481	527	2	416	416	478	0.848	0.998
LOKIASV2_4403_ESMFold_NAD-dependent_succinate-semialdehyde_dehydrogenase	AF-Q03J03-F1-model_v4	AF-Q03J03-F1-model_v4 Gamma-glutamyl phosphate reductase	7.492E-19	1.000	544	36	481	527	4	416	416	485	0.846	0.993
LOKIASV2_4403_ESMFold_NAD-dependent_succinate-semialdehyde_dehydrogenase	AF-Q3ZYH9-F1-model_v4	AF-Q3ZYH9-F1-model_v4 Gamma-glutamyl phosphate reductase	8.547E-20	1.000	544	33	481	527	5	424	424	483	0.852	0.991
LOKIASV2_4403_ESMFold_NAD-dependent_succinate-semialdehyde_dehydrogenase	AF-Q7UNV2-F1-model_v4	AF-Q7UNV2-F1-model_v4 Gamma-glutamyl phosphate reductase	1.319E-19	1.000	544	33	481	527	20	434	434	481	0.852	0.956
LOKIASV2_4403_ESMFold_NAD-dependent_succinate-semialdehyde_dehydrogenase	AF-Q9WYC9-F1-model_v4	AF-Q9WYC9-F1-model_v4 Gamma-glutamyl phosphate reductase	3.144E-19	1.000	543	35	481	527	3	415	415	483	0.848	0.995
LOKIASV2_4403_ESMFold_NAD-dependent_succinate-semialdehyde_dehydrogenase	AF-Q99YJ8-F1-model_v4	AF-Q99YJ8-F1-model_v4 Gamma-glutamyl phosphate reductase	2.909E-18	1.000	542	35	481	527	3	416	416	482	0.848	0.995
LOKIASV2_4403_ESMFold_NAD-dependent_succinate-semialdehyde_dehydrogenase	AF-A2RD38-F1-model_v4	AF-A2RD38-F1-model_v4 Gamma-glutamyl phosphate reductase	2.610E-18	1.000	542	35	481	527	3	416	416	482	0.848	0.995
LOKIASV2_4403_ESMFold_NAD-dependent_succinate-semialdehyde_dehydrogenase	AF-P96489-F1-model_v4	AF-P96489-F1-model_v4 Gamma-glutamyl phosphate reductase	2.610E-18	1.000	542	36	481	527	4	416	416	479	0.846	0.993
LOKIASV2_4403_ESMFold_NAD-dependent_succinate-semialdehyde_dehydrogenase	AF-O86053-F1-model_v4	AF-O86053-F1-model_v4 Gamma-glutamyl phosphate reductase	1.639E-19	1.000	542	33	481	527	4	417	417	479	0.852	0.993
LOKIASV2_4403_ESMFold_NAD-dependent_succinate-semialdehyde_dehydrogenase	AF-Q2KXE0-F1-model_v4	AF-Q2KXE0-F1-model_v4 Gamma-glutamyl phosphate reductase	2.672E-19	1.000	542	33	481	527	5	419	419	484	0.852	0.990
LOKIASV2_4403_ESMFold_NAD-dependent_succinate-semialdehyde_dehydrogenase	AF-A7Z3T1-F1-model_v4	AF-A7Z3T1-F1-model_v4 Gamma-glutamyl phosphate reductase	2.397E-19	1.000	541	35	481	527	3	415	415	486	0.848	0.995
LOKIASV2_4403_ESMFold_NAD-dependent_succinate-semialdehyde_dehydrogenase	AF-Q3IP72-F1-model_v4	AF-Q3IP72-F1-model_v4 Gamma-glutamyl phosphate reductase	1.062E-19	1.000	541	31	479	527	3	415	438	482	0.852	0.943
LOKIASV2_4403_ESMFold_NAD-dependent_succinate-semialdehyde_dehydrogenase	AF-Q2JDN7-F1-model_v4	AF-Q2JDN7-F1-model_v4 Gamma-glutamyl phosphate reductase	4.354E-19	1.000	540	30	480	527	2	419	419	483	0.856	0.998
LOKIASV2_4403_ESMFold_NAD-dependent_succinate-semialdehyde_dehydrogenase	AF-C1DMQ0-F1-model_v4	AF-C1DMQ0-F1-model_v4 Gamma-glutamyl phosphate reductase	4.124E-19	1.000	540	33	481	527	6	421	421	487	0.852	0.988
LOKIASV2_4403_ESMFold_NAD-dependent_succinate-semialdehyde_dehydrogenase	AF-A4JBI4-F1-model_v4	AF-A4JBI4-F1-model_v4 Gamma-glutamyl phosphate reductase	6.030E-19	1.000	540	34	481	527	5	423	423	478	0.850	0.991
LOKIASV2_4403_ESMFold_NAD-dependent_succinate-semialdehyde_dehydrogenase	AF-Q3J7T1-F1-model_v4	AF-Q3J7T1-F1-model_v4 Gamma-glutamyl phosphate reductase	3.906E-19	1.000	539	33	481	527	4	418	418	484	0.852	0.993
LOKIASV2_4403_ESMFold_NAD-dependent_succinate-semialdehyde_dehydrogenase	AF-Q5M2U1-F1-model_v4	AF-Q5M2U1-F1-model_v4 Gamma-glutamyl phosphate reductase	1.038E-18	1.000	538	36	481	527	4	416	416	475	0.846	0.993
LOKIASV2_4403_ESMFold_NAD-dependent_succinate-semialdehyde_dehydrogenase	AF-Q0AEA6-F1-model_v4	AF-Q0AEA6-F1-model_v4 Gamma-glutamyl phosphate reductase	3.906E-19	1.000	538	33	481	527	8	422	422	481	0.852	0.983
LOKIASV2_4403_ESMFold_NAD-dependent_succinate-semialdehyde_dehydrogenase	AF-Q1I4F0-F1-model_v4	AF-Q1I4F0-F1-model_v4 Gamma-glutamyl phosphate reductase	2.150E-19	1.000	538	33	483	527	6	422	423	481	0.856	0.986
LOKIASV2_4403_ESMFold_NAD-dependent_succinate-semialdehyde_dehydrogenase	AF-Q8DVM9-F1-model_v4	AF-Q8DVM9-F1-model_v4 Gamma-glutamyl phosphate reductase	1.691E-18	1.000	537	36	481	527	4	416	416	481	0.846	0.993
LOKIASV2_4403_ESMFold_NAD-dependent_succinate-semialdehyde_dehydrogenase	AF-Q1JAG3-F1-model_v4	AF-Q1JAG3-F1-model_v4 Gamma-glutamyl phosphate reductase	4.254E-18	1.000	537	35	481	527	3	416	416	482	0.848	0.995
LOKIASV2_4403_ESMFold_NAD-dependent_succinate-semialdehyde_dehydrogenase	AF-Q5LRY6-F1-model_v4	AF-Q5LRY6-F1-model_v4 Gamma-glutamyl phosphate reductase	1.156E-18	1.000	537	33	481	527	8	417	417	478	0.852	0.983
LOKIASV2_4403_ESMFold_NAD-dependent_succinate-semialdehyde_dehydrogenase	AF-P39821-F1-model_v4	AF-P39821-F1-model_v4 Gamma-glutamyl phosphate reductase	1.731E-19	1.000	536	35	481	527	3	415	415	489	0.848	0.995
LOKIASV2_4403_ESMFold_NAD-dependent_succinate-semialdehyde_dehydrogenase	AF-Q1JKL4-F1-model_v4	AF-Q1JKL4-F1-model_v4 Gamma-glutamyl phosphate reductase	4.742E-18	1.000	536	35	481	527	3	416	416	482	0.848	0.995
LOKIASV2_4403_ESMFold_NAD-dependent_succinate-semialdehyde_dehydrogenase	AF-Q5XAL0-F1-model_v4	AF-Q5XAL0-F1-model_v4 Gamma-glutamyl phosphate reductase	4.491E-18	1.000	536	35	481	527	3	416	416	482	0.848	0.995
LOKIASV2_4403_ESMFold_NAD-dependent_succinate-semialdehyde_dehydrogenase	AF-Q39JM2-F1-model_v4	AF-Q39JM2-F1-model_v4 Gamma-glutamyl phosphate reductase	1.038E-18	1.000	536	34	481	527	5	423	423	478	0.850	0.991
LOKIASV2_4403_ESMFold_NAD-dependent_succinate-semialdehyde_dehydrogenase	AF-A1VYR7-F1-model_v4	AF-A1VYR7-F1-model_v4 Gamma-glutamyl phosphate reductase	1.437E-18	1.000	535	37	481	527	2	410	410	468	0.844	0.998
LOKIASV2_4403_ESMFold_NAD-dependent_succinate-semialdehyde_dehydrogenase	AF-Q1J5F6-F1-model_v4	AF-Q1J5F6-F1-model_v4 Gamma-glutamyl phosphate reductase	4.742E-18	1.000	535	35	481	527	3	416	416	482	0.848	0.995
LOKIASV2_4403_ESMFold_NAD-dependent_succinate-semialdehyde_dehydrogenase	AF-C4LBK4-F1-model_v4	AF-C4LBK4-F1-model_v4 Gamma-glutamyl phosphate reductase	1.885E-18	1.000	535	36	481	527	3	419	419	478	0.846	0.995
LOKIASV2_4403_ESMFold_NAD-dependent_succinate-semialdehyde_dehydrogenase	AF-A5FYS4-F1-model_v4	AF-A5FYS4-F1-model_v4 Gamma-glutamyl phosphate reductase	1.929E-19	1.000	535	33	481	527	9	420	420	478	0.852	0.981
LOKIASV2_4403_ESMFold_NAD-dependent_succinate-semialdehyde_dehydrogenase	AF-A9HWX2-F1-model_v4	AF-A9HWX2-F1-model_v4 Gamma-glutamyl phosphate reductase	1.038E-18	1.000	535	34	481	527	8	421	421	480	0.850	0.983
LOKIASV2_4403_ESMFold_NAD-dependent_succinate-semialdehyde_dehydrogenase	AF-B1J133-F1-model_v4	AF-B1J133-F1-model_v4 Gamma-glutamyl phosphate reductase	3.504E-19	1.000	535	33	480	527	6	418	423	477	0.850	0.976
LOKIASV2_4403_ESMFold_NAD-dependent_succinate-semialdehyde_dehydrogenase	AF-Q67LC2-F1-model_v4	AF-Q67LC2-F1-model_v4 Gamma-glutamyl phosphate reductase	6.030E-19	1.000	534	35	480	527	2	425	425	478	0.846	0.998
LOKIASV2_4403_ESMFold_NAD-dependent_succinate-semialdehyde_dehydrogenase	AF-Q0TM73-F1-model_v4	AF-Q0TM73-F1-model_v4 Gamma-glutamyl phosphate reductase	1.038E-18	1.000	533	35	480	527	4	415	415	482	0.846	0.993
LOKIASV2_4403_ESMFold_NAD-dependent_succinate-semialdehyde_dehydrogenase	AF-Q47MW1-F1-model_v4	AF-Q47MW1-F1-model_v4 Gamma-glutamyl phosphate reductase	5.124E-19	1.000	533	33	480	527	5	418	418	485	0.850	0.990
LOKIASV2_4403_ESMFold_NAD-dependent_succinate-semialdehyde_dehydrogenase	AF-C1D6E4-F1-model_v4	AF-C1D6E4-F1-model_v4 Gamma-glutamyl phosphate reductase	6.030E-19	1.000	533	34	481	527	5	420	420	480	0.850	0.990
LOKIASV2_4403_ESMFold_NAD-dependent_succinate-semialdehyde_dehydrogenase	AF-Q6HHC2-F1-model_v4	AF-Q6HHC2-F1-model_v4 Gamma-glutamyl phosphate reductase	1.437E-18	1.000	532	35	481	527	3	415	415	482	0.848	0.995
LOKIASV2_4403_ESMFold_NAD-dependent_succinate-semialdehyde_dehydrogenase	AF-B5XML5-F1-model_v4	AF-B5XML5-F1-model_v4 Gamma-glutamyl phosphate reductase	7.320E-18	1.000	532	35	481	527	3	416	416	482	0.848	0.995
LOKIASV2_4403_ESMFold_NAD-dependent_succinate-semialdehyde_dehydrogenase	AF-C5BNN0-F1-model_v4	AF-C5BNN0-F1-model_v4 Gamma-glutamyl phosphate reductase	3.615E-18	1.000	532	33	481	527	4	418	418	477	0.852	0.993
LOKIASV2_4403_ESMFold_NAD-dependent_succinate-semialdehyde_dehydrogenase	AF-Q7VWZ0-F1-model_v4	AF-Q7VWZ0-F1-model_v4 Gamma-glutamyl phosphate reductase	1.006E-19	1.000	532	34	481	527	6	419	419	484	0.850	0.988
LOKIASV2_4403_ESMFold_NAD-dependent_succinate-semialdehyde_dehydrogenase	AF-A4G8E9-F1-model_v4	AF-A4G8E9-F1-model_v4 Gamma-glutamyl phosphate reductase	1.095E-18	1.000	532	33	481	527	4	421	421	484	0.852	0.993
LOKIASV2_4403_ESMFold_NAD-dependent_succinate-semialdehyde_dehydrogenase	AF-B9LE47-F1-model_v4	AF-B9LE47-F1-model_v4 Gamma-glutamyl phosphate reductase	8.816E-19	1.000	532	35	481	527	3	422	422	475	0.848	0.995
LOKIASV2_4403_ESMFold_NAD-dependent_succinate-semialdehyde_dehydrogenase	AF-Q24803-F1-model_v4	AF-Q24803-F1-model_v4 Aldehyde-alcohol dehydrogenase 2	5.124E-19	1.000	532	33	481	527	10	464	870	490	0.852	0.523
LOKIASV2_4403_ESMFold_NAD-dependent_succinate-semialdehyde_dehydrogenase	AF-A3N3P3-F1-model_v4	AF-A3N3P3-F1-model_v4 Gamma-glutamyl phosphate reductase	1.785E-18	1.000	531	36	481	527	3	412	412	483	0.846	0.995
LOKIASV2_4403_ESMFold_NAD-dependent_succinate-semialdehyde_dehydrogenase	AF-Q7MN58-F1-model_v4	AF-Q7MN58-F1-model_v4 Gamma-glutamyl phosphate reductase	1.885E-18	1.000	531	35	481	527	2	416	416	482	0.848	0.998
LOKIASV2_4403_ESMFold_NAD-dependent_succinate-semialdehyde_dehydrogenase	AF-Q5LY84-F1-model_v4	AF-Q5LY84-F1-model_v4 Gamma-glutamyl phosphate reductase	8.816E-19	1.000	531	36	481	527	4	416	416	487	0.846	0.993
LOKIASV2_4403_ESMFold_NAD-dependent_succinate-semialdehyde_dehydrogenase	AF-B5FBJ5-F1-model_v4	AF-B5FBJ5-F1-model_v4 Gamma-glutamyl phosphate reductase	6.366E-19	1.000	531	36	481	527	3	418	418	485	0.846	0.995
LOKIASV2_4403_ESMFold_NAD-dependent_succinate-semialdehyde_dehydrogenase	AF-A1VTR9-F1-model_v4	AF-A1VTR9-F1-model_v4 Gamma-glutamyl phosphate reductase	1.038E-18	1.000	531	33	481	527	7	430	430	492	0.852	0.986
LOKIASV2_4403_ESMFold_NAD-dependent_succinate-semialdehyde_dehydrogenase	AF-A8M064-F1-model_v4	AF-A8M064-F1-model_v4 Gamma-glutamyl phosphate reductase	2.218E-18	1.000	530	38	480	527	5	413	413	482	0.841	0.990
LOKIASV2_4403_ESMFold_NAD-dependent_succinate-semialdehyde_dehydrogenase	AF-Q8XHA7-F1-model_v4	AF-Q8XHA7-F1-model_v4 Gamma-glutamyl phosphate reductase	7.492E-19	1.000	530	35	480	527	4	415	415	482	0.846	0.993
LOKIASV2_4403_ESMFold_NAD-dependent_succinate-semialdehyde_dehydrogenase	AF-Q8NZX9-F1-model_v4	AF-Q8NZX9-F1-model_v4 Gamma-glutamyl phosphate reductase	6.933E-18	1.000	530	35	481	527	3	416	416	482	0.848	0.995
LOKIASV2_4403_ESMFold_NAD-dependent_succinate-semialdehyde_dehydrogenase	AF-C5CE09-F1-model_v4	AF-C5CE09-F1-model_v4 Gamma-glutamyl phosphate reductase	3.243E-18	1.000	529	34	481	527	2	414	414	482	0.850	0.998
LOKIASV2_4403_ESMFold_NAD-dependent_succinate-semialdehyde_dehydrogenase	AF-B8F6K8-F1-model_v4	AF-B8F6K8-F1-model_v4 Gamma-glutamyl phosphate reductase	9.827E-19	1.000	529	36	481	527	3	416	416	482	0.846	0.995
LOKIASV2_4403_ESMFold_NAD-dependent_succinate-semialdehyde_dehydrogenase	AF-Q9UT44-F1-model_v4	AF-Q9UT44-F1-model_v4 Probable gamma-glutamyl phosphate reductase	6.366E-19	1.000	529	36	480	527	3	423	451	483	0.844	0.933
LOKIASV2_4403_ESMFold_NAD-dependent_succinate-semialdehyde_dehydrogenase	AF-Q30SG0-F1-model_v4	AF-Q30SG0-F1-model_v4 Gamma-glutamyl phosphate reductase	3.816E-18	1.000	528	37	480	527	2	410	410	473	0.843	0.998
LOKIASV2_4403_ESMFold_NAD-dependent_succinate-semialdehyde_dehydrogenase	AF-Q5SH02-F1-model_v4	AF-Q5SH02-F1-model_v4 Gamma-glutamyl phosphate reductase	1.990E-18	1.000	528	38	481	527	8	413	413	470	0.843	0.983
LOKIASV2_4403_ESMFold_NAD-dependent_succinate-semialdehyde_dehydrogenase	AF-C3NZU4-F1-model_v4	AF-C3NZU4-F1-model_v4 Gamma-glutamyl phosphate reductase	1.602E-18	1.000	528	35	481	527	3	414	414	481	0.848	0.995
LOKIASV2_4403_ESMFold_NAD-dependent_succinate-semialdehyde_dehydrogenase	AF-Q0SPX8-F1-model_v4	AF-Q0SPX8-F1-model_v4 Gamma-glutamyl phosphate reductase	1.437E-18	1.000	528	35	480	527	4	415	415	482	0.846	0.993
LOKIASV2_4403_ESMFold_NAD-dependent_succinate-semialdehyde_dehydrogenase	AF-A6VZ85-F1-model_v4	AF-A6VZ85-F1-model_v4 Gamma-glutamyl phosphate reductase	2.101E-18	1.000	528	34	481	527	5	418	419	480	0.850	0.988
LOKIASV2_4403_ESMFold_NAD-dependent_succinate-semialdehyde_dehydrogenase	AF-A9WBM7-F1-model_v4	AF-A9WBM7-F1-model_v4 Gamma-glutamyl phosphate reductase	1.289E-18	1.000	527	35	481	527	3	422	422	475	0.848	0.995
LOKIASV2_4403_ESMFold_NAD-dependent_succinate-semialdehyde_dehydrogenase	AF-Q8DF94-F1-model_v4	AF-Q8DF94-F1-model_v4 Gamma-glutamyl phosphate reductase	4.491E-18	1.000	526	35	481	527	2	416	416	478	0.848	0.998
LOKIASV2_4403_ESMFold_NAD-dependent_succinate-semialdehyde_dehydrogenase	AF-Q5E6W0-F1-model_v4	AF-Q5E6W0-F1-model_v4 Gamma-glutamyl phosphate reductase	1.038E-18	1.000	526	35	481	527	2	418	418	486	0.848	0.998
LOKIASV2_4403_ESMFold_NAD-dependent_succinate-semialdehyde_dehydrogenase	AF-Q4K5F9-F1-model_v4	AF-Q4K5F9-F1-model_v4 Gamma-glutamyl phosphate reductase	7.492E-19	1.000	526	33	481	527	6	421	421	487	0.852	0.988
LOKIASV2_4403_ESMFold_NAD-dependent_succinate-semialdehyde_dehydrogenase	AF-A9VK31-F1-model_v4	AF-A9VK31-F1-model_v4 Gamma-glutamyl phosphate reductase	1.885E-18	1.000	525	35	481	527	3	415	415	486	0.848	0.995
LOKIASV2_4403_ESMFold_NAD-dependent_succinate-semialdehyde_dehydrogenase	AF-B9J498-F1-model_v4	AF-B9J498-F1-model_v4 Gamma-glutamyl phosphate reductase	1.517E-18	1.000	525	35	481	527	3	415	415	486	0.848	0.995
LOKIASV2_4403_ESMFold_NAD-dependent_succinate-semialdehyde_dehydrogenase	AF-C1EZ15-F1-model_v4	AF-C1EZ15-F1-model_v4 Gamma-glutamyl phosphate reductase	7.910E-19	1.000	525	35	481	527	3	415	415	489	0.848	0.995
LOKIASV2_4403_ESMFold_NAD-dependent_succinate-semialdehyde_dehydrogenase	AF-A1TC11-F1-model_v4	AF-A1TC11-F1-model_v4 Gamma-glutamyl phosphate reductase	8.159E-18	1.000	525	33	481	527	12	415	415	482	0.852	0.973
LOKIASV2_4403_ESMFold_NAD-dependent_succinate-semialdehyde_dehydrogenase	AF-Q8E783-F1-model_v4	AF-Q8E783-F1-model_v4 Gamma-glutamyl phosphate reductase	1.691E-18	1.000	525	36	481	527	4	417	417	478	0.846	0.993
LOKIASV2_4403_ESMFold_NAD-dependent_succinate-semialdehyde_dehydrogenase	AF-Q8E1R9-F1-model_v4	AF-Q8E1R9-F1-model_v4 Gamma-glutamyl phosphate reductase	1.691E-18	1.000	525	36	481	527	4	417	417	481	0.846	0.993
LOKIASV2_4403_ESMFold_NAD-dependent_succinate-semialdehyde_dehydrogenase	AF-A4SJF6-F1-model_v4	AF-A4SJF6-F1-model_v4 Gamma-glutamyl phosphate reductase	5.580E-18	1.000	525	36	481	527	3	417	417	483	0.846	0.995
LOKIASV2_4403_ESMFold_NAD-dependent_succinate-semialdehyde_dehydrogenase	AF-B2JGX3-F1-model_v4	AF-B2JGX3-F1-model_v4 Gamma-glutamyl phosphate reductase	1.221E-18	1.000	524	34	481	527	5	423	423	482	0.850	0.991
LOKIASV2_4403_ESMFold_NAD-dependent_succinate-semialdehyde_dehydrogenase	AF-C4Z075-F1-model_v4	AF-C4Z075-F1-model_v4 Gamma-glutamyl phosphate reductase	8.816E-19	1.000	523	36	481	527	4	415	415	482	0.846	0.993
LOKIASV2_4403_ESMFold_NAD-dependent_succinate-semialdehyde_dehydrogenase	AF-B0U111-F1-model_v4	AF-B0U111-F1-model_v4 Gamma-glutamyl phosphate reductase	6.933E-18	1.000	522	36	481	527	3	414	414	486	0.846	0.995
LOKIASV2_4403_ESMFold_NAD-dependent_succinate-semialdehyde_dehydrogenase	AF-Q4QJW6-F1-model_v4	AF-Q4QJW6-F1-model_v4 Gamma-glutamyl phosphate reductase	3.816E-18	1.000	522	36	481	527	2	417	417	488	0.846	0.998
LOKIASV2_4403_ESMFold_NAD-dependent_succinate-semialdehyde_dehydrogenase	AF-Q97E62-F1-model_v4	AF-Q97E62-F1-model_v4 Gamma-glutamyl phosphate reductase	8.816E-19	1.000	522	33	481	527	4	418	418	486	0.852	0.993
LOKIASV2_4403_ESMFold_NAD-dependent_succinate-semialdehyde_dehydrogenase	AF-A5UF66-F1-model_v4	AF-A5UF66-F1-model_v4 Gamma-glutamyl phosphate reductase	4.742E-18	1.000	521	36	481	527	2	417	417	487	0.846	0.998
LOKIASV2_4403_ESMFold_NAD-dependent_succinate-semialdehyde_dehydrogenase	AF-A1KAH8-F1-model_v4	AF-A1KAH8-F1-model_v4 Gamma-glutamyl phosphate reductase	2.218E-18	1.000	521	37	481	527	2	419	419	480	0.844	0.998
LOKIASV2_4403_ESMFold_NAD-dependent_succinate-semialdehyde_dehydrogenase	AF-A4T2I0-F1-model_v4	AF-A4T2I0-F1-model_v4 Gamma-glutamyl phosphate reductase	5.891E-18	1.000	520	33	481	527	12	415	415	485	0.852	0.973
LOKIASV2_4403_ESMFold_NAD-dependent_succinate-semialdehyde_dehydrogenase	AF-A6VMV2-F1-model_v4	AF-A6VMV2-F1-model_v4 Gamma-glutamyl phosphate reductase	4.491E-18	1.000	520	36	481	527	4	416	416	485	0.846	0.993
LOKIASV2_4403_ESMFold_NAD-dependent_succinate-semialdehyde_dehydrogenase	AF-Q47IN4-F1-model_v4	AF-Q47IN4-F1-model_v4 Gamma-glutamyl phosphate reductase	2.101E-18	1.000	520	33	481	527	4	418	418	484	0.852	0.993
LOKIASV2_4403_ESMFold_NAD-dependent_succinate-semialdehyde_dehydrogenase	AF-Q1BZ67-F1-model_v4	AF-Q1BZ67-F1-model_v4 Gamma-glutamyl phosphate reductase	5.124E-19	1.000	520	33	481	527	4	423	423	485	0.852	0.993
LOKIASV2_4403_ESMFold_NAD-dependent_succinate-semialdehyde_dehydrogenase	AF-A2BVQ3-F1-model_v4	AF-A2BVQ3-F1-model_v4 Gamma-glutamyl phosphate reductase	1.990E-18	1.000	520	35	484	527	13	424	436	482	0.854	0.945
LOKIASV2_4403_ESMFold_NAD-dependent_succinate-semialdehyde_dehydrogenase	AF-Q3K395-F1-model_v4	AF-Q3K395-F1-model_v4 Gamma-glutamyl phosphate reductase	2.756E-18	1.000	519	36	481	527	4	417	417	481	0.846	0.993
LOKIASV2_4403_ESMFold_NAD-dependent_succinate-semialdehyde_dehydrogenase	AF-Q6LTX2-F1-model_v4	AF-Q6LTX2-F1-model_v4 Gamma-glutamyl phosphate reductase	4.491E-18	1.000	519	36	481	527	3	418	418	479	0.846	0.995
LOKIASV2_4403_ESMFold_NAD-dependent_succinate-semialdehyde_dehydrogenase	AF-Q18J39-F1-model_v4	AF-Q18J39-F1-model_v4 Gamma-glutamyl phosphate reductase	1.221E-18	1.000	519	31	479	527	10	428	456	480	0.852	0.919
LOKIASV2_4403_ESMFold_NAD-dependent_succinate-semialdehyde_dehydrogenase	AF-Q9CBZ7-F1-model_v4	AF-Q9CBZ7-F1-model_v4 Gamma-glutamyl phosphate reductase	9.827E-19	1.000	518	33	481	527	2	408	409	484	0.852	0.995
LOKIASV2_4403_ESMFold_NAD-dependent_succinate-semialdehyde_dehydrogenase	AF-Q12SX8-F1-model_v4	AF-Q12SX8-F1-model_v4 Gamma-glutamyl phosphate reductase	1.437E-18	1.000	518	38	481	527	11	420	420	474	0.843	0.976
LOKIASV2_4403_ESMFold_NAD-dependent_succinate-semialdehyde_dehydrogenase	AF-B8G8E0-F1-model_v4	AF-B8G8E0-F1-model_v4 Gamma-glutamyl phosphate reductase	1.785E-18	1.000	518	35	481	527	3	422	422	478	0.848	0.995
LOKIASV2_4403_ESMFold_NAD-dependent_succinate-semialdehyde_dehydrogenase	AF-Q28Q10-F1-model_v4	AF-Q28Q10-F1-model_v4 Gamma-glutamyl phosphate reductase	2.218E-18	1.000	518	33	481	527	9	422	422	480	0.852	0.981
LOKIASV2_4403_ESMFold_NAD-dependent_succinate-semialdehyde_dehydrogenase	AF-Q62H23-F1-model_v4	AF-Q62H23-F1-model_v4 Gamma-glutamyl phosphate reductase	2.101E-18	1.000	518	33	481	527	4	423	423	477	0.852	0.993
LOKIASV2_4403_ESMFold_NAD-dependent_succinate-semialdehyde_dehydrogenase	AF-Q2VZT9-F1-model_v4	AF-Q2VZT9-F1-model_v4 Gamma-glutamyl phosphate reductase	1.517E-18	1.000	518	33	481	527	8	422	423	487	0.852	0.981
LOKIASV2_4403_ESMFold_NAD-dependent_succinate-semialdehyde_dehydrogenase	AF-Q1GVM0-F1-model_v4	AF-Q1GVM0-F1-model_v4 Gamma-glutamyl phosphate reductase	1.885E-18	1.000	518	33	481	527	17	429	429	483	0.852	0.963
LOKIASV2_4403_ESMFold_NAD-dependent_succinate-semialdehyde_dehydrogenase	AF-A5CR34-F1-model_v4	AF-A5CR34-F1-model_v4 Gamma-glutamyl phosphate reductase	2.218E-18	1.000	518	23	481	527	8	432	432	498	0.871	0.984
LOKIASV2_4403_ESMFold_NAD-dependent_succinate-semialdehyde_dehydrogenase	AF-A8GAD4-F1-model_v4	AF-A8GAD4-F1-model_v4 Gamma-glutamyl phosphate reductase	1.785E-18	1.000	517	36	481	527	2	417	417	491	0.846	0.998
LOKIASV2_4403_ESMFold_NAD-dependent_succinate-semialdehyde_dehydrogenase	AF-B0BTX9-F1-model_v4	AF-B0BTX9-F1-model_v4 Gamma-glutamyl phosphate reductase	5.891E-18	1.000	516	35	481	527	2	412	412	482	0.848	0.998
LOKIASV2_4403_ESMFold_NAD-dependent_succinate-semialdehyde_dehydrogenase	AF-C3LEW9-F1-model_v4	AF-C3LEW9-F1-model_v4 Gamma-glutamyl phosphate reductase	3.424E-18	1.000	516	35	481	527	3	414	414	485	0.848	0.995
LOKIASV2_4403_ESMFold_NAD-dependent_succinate-semialdehyde_dehydrogenase	AF-A3DC22-F1-model_v4	AF-A3DC22-F1-model_v4 Gamma-glutamyl phosphate reductase	2.821E-19	1.000	516	38	483	527	5	413	431	481	0.846	0.949
LOKIASV2_4403_ESMFold_NAD-dependent_succinate-semialdehyde_dehydrogenase	AF-A1UIZ7-F1-model_v4	AF-A1UIZ7-F1-model_v4 Gamma-glutamyl phosphate reductase	8.159E-18	1.000	515	33	481	527	12	415	415	485	0.852	0.973
LOKIASV2_4403_ESMFold_NAD-dependent_succinate-semialdehyde_dehydrogenase	AF-B7ILK1-F1-model_v4	AF-B7ILK1-F1-model_v4 Gamma-glutamyl phosphate reductase	4.742E-18	1.000	515	35	481	527	3	415	415	482	0.848	0.995
LOKIASV2_4403_ESMFold_NAD-dependent_succinate-semialdehyde_dehydrogenase	AF-Q24XR6-F1-model_v4	AF-Q24XR6-F1-model_v4 Gamma-glutamyl phosphate reductase	2.610E-18	1.000	515	35	481	527	6	417	417	482	0.848	0.988
LOKIASV2_4403_ESMFold_NAD-dependent_succinate-semialdehyde_dehydrogenase	AF-Q3A1E0-F1-model_v4	AF-Q3A1E0-F1-model_v4 Gamma-glutamyl phosphate reductase	2.218E-18	1.000	515	33	481	527	4	418	418	483	0.852	0.993
LOKIASV2_4403_ESMFold_NAD-dependent_succinate-semialdehyde_dehydrogenase	AF-A1URN6-F1-model_v4	AF-A1URN6-F1-model_v4 Gamma-glutamyl phosphate reductase	2.472E-18	1.000	514	38	481	527	3	412	412	479	0.843	0.995
LOKIASV2_4403_ESMFold_NAD-dependent_succinate-semialdehyde_dehydrogenase	AF-B7H673-F1-model_v4	AF-B7H673-F1-model_v4 Gamma-glutamyl phosphate reductase	2.218E-18	1.000	514	35	481	527	3	415	415	489	0.848	0.995
LOKIASV2_4403_ESMFold_NAD-dependent_succinate-semialdehyde_dehydrogenase	AF-Q325P3-F1-model_v4	AF-Q325P3-F1-model_v4 Gamma-glutamyl phosphate reductase	5.006E-18	1.000	514	36	481	527	2	417	417	486	0.846	0.998
LOKIASV2_4403_ESMFold_NAD-dependent_succinate-semialdehyde_dehydrogenase	AF-Q73XR2-F1-model_v4	AF-Q73XR2-F1-model_v4 Gamma-glutamyl phosphate reductase	6.366E-19	1.000	514	33	481	527	28	434	435	487	0.852	0.936
LOKIASV2_4403_ESMFold_NAD-dependent_succinate-semialdehyde_dehydrogenase	AF-Q94688-F1-model_v4	AF-Q94688-F1-model_v4 Aldehyde dehydrogenase 9	8.482E-15	1.000	513	161	376	527	13	228	228	221	0.410	0.947
LOKIASV2_4403_ESMFold_NAD-dependent_succinate-semialdehyde_dehydrogenase	AF-P53000-F1-model_v4	AF-P53000-F1-model_v4 Gamma-glutamyl phosphate reductase	6.933E-18	1.000	513	37	481	527	2	410	410	475	0.844	0.998
LOKIASV2_4403_ESMFold_NAD-dependent_succinate-semialdehyde_dehydrogenase	AF-Q720G3-F1-model_v4	AF-Q720G3-F1-model_v4 Gamma-glutamyl phosphate reductase	3.816E-18	1.000	513	35	481	527	3	415	415	479	0.848	0.995
LOKIASV2_4403_ESMFold_NAD-dependent_succinate-semialdehyde_dehydrogenase	AF-B7JD15-F1-model_v4	AF-B7JD15-F1-model_v4 Gamma-glutamyl phosphate reductase	3.424E-18	1.000	513	35	481	527	3	415	415	486	0.848	0.995
LOKIASV2_4403_ESMFold_NAD-dependent_succinate-semialdehyde_dehydrogenase	AF-P45121-F1-model_v4	AF-P45121-F1-model_v4 Gamma-glutamyl phosphate reductase	7.728E-18	1.000	513	36	481	527	2	417	417	488	0.846	0.998
LOKIASV2_4403_ESMFold_NAD-dependent_succinate-semialdehyde_dehydrogenase	AF-Q66DY8-F1-model_v4	AF-Q66DY8-F1-model_v4 Gamma-glutamyl phosphate reductase	2.472E-18	1.000	513	36	481	527	4	419	419	486	0.846	0.993
LOKIASV2_4403_ESMFold_NAD-dependent_succinate-semialdehyde_dehydrogenase	AF-A4YKF1-F1-model_v4	AF-A4YKF1-F1-model_v4 Gamma-glutamyl phosphate reductase	6.030E-19	1.000	513	33	481	527	15	429	429	483	0.852	0.967
LOKIASV2_4403_ESMFold_NAD-dependent_succinate-semialdehyde_dehydrogenase	AF-B3H321-F1-model_v4	AF-B3H321-F1-model_v4 Gamma-glutamyl phosphate reductase	6.567E-18	1.000	512	35	481	527	2	412	412	484	0.848	0.998
LOKIASV2_4403_ESMFold_NAD-dependent_succinate-semialdehyde_dehydrogenase	AF-Q8PK35-F1-model_v4	AF-Q8PK35-F1-model_v4 Gamma-glutamyl phosphate reductase	6.567E-18	1.000	512	36	481	527	3	414	414	481	0.846	0.995
LOKIASV2_4403_ESMFold_NAD-dependent_succinate-semialdehyde_dehydrogenase	AF-B7HVK6-F1-model_v4	AF-B7HVK6-F1-model_v4 Gamma-glutamyl phosphate reductase	4.254E-18	1.000	512	35	481	527	3	415	415	486	0.848	0.995
LOKIASV2_4403_ESMFold_NAD-dependent_succinate-semialdehyde_dehydrogenase	AF-Q1B639-F1-model_v4	AF-Q1B639-F1-model_v4 Gamma-glutamyl phosphate reductase	9.094E-18	1.000	512	33	481	527	12	415	415	484	0.852	0.973
LOKIASV2_4403_ESMFold_NAD-dependent_succinate-semialdehyde_dehydrogenase	AF-Q2GCB4-F1-model_v4	AF-Q2GCB4-F1-model_v4 Gamma-glutamyl phosphate reductase	2.756E-18	1.000	512	33	481	527	13	425	425	482	0.852	0.972
LOKIASV2_4403_ESMFold_NAD-dependent_succinate-semialdehyde_dehydrogenase	AF-A4W028-F1-model_v4	AF-A4W028-F1-model_v4 Gamma-glutamyl phosphate reductase	3.615E-18	1.000	511	31	479	527	2	412	412	489	0.852	0.998
LOKIASV2_4403_ESMFold_NAD-dependent_succinate-semialdehyde_dehydrogenase	AF-B2THG5-F1-model_v4	AF-B2THG5-F1-model_v4 Gamma-glutamyl phosphate reductase	7.492E-19	1.000	511	34	480	527	2	414	414	483	0.848	0.998
LOKIASV2_4403_ESMFold_NAD-dependent_succinate-semialdehyde_dehydrogenase	AF-B0TBV8-F1-model_v4	AF-B0TBV8-F1-model_v4 Gamma-glutamyl phosphate reductase	6.933E-18	1.000	511	35	480	527	6	417	417	479	0.846	0.988
LOKIASV2_4403_ESMFold_NAD-dependent_succinate-semialdehyde_dehydrogenase	AF-A8AX77-F1-model_v4	AF-A8AX77-F1-model_v4 Gamma-glutamyl phosphate reductase	5.891E-18	1.000	511	31	481	527	2	420	420	492	0.856	0.998
LOKIASV2_4403_ESMFold_NAD-dependent_succinate-semialdehyde_dehydrogenase	AF-B0JWW5-F1-model_v4	AF-B0JWW5-F1-model_v4 Gamma-glutamyl phosphate reductase	3.072E-18	1.000	511	36	491	527	8	421	431	491	0.865	0.961
LOKIASV2_4403_ESMFold_NAD-dependent_succinate-semialdehyde_dehydrogenase	AF-Q220P2-F1-model_v4	AF-Q220P2-F1-model_v4 Gamma-glutamyl phosphate reductase	3.072E-18	1.000	511	33	481	527	7	444	444	482	0.852	0.986
LOKIASV2_4403_ESMFold_NAD-dependent_succinate-semialdehyde_dehydrogenase	AF-Q2NVE9-F1-model_v4	AF-Q2NVE9-F1-model_v4 Gamma-glutamyl phosphate reductase	3.424E-18	1.000	510	36	481	527	2	417	417	487	0.846	0.998
LOKIASV2_4403_ESMFold_NAD-dependent_succinate-semialdehyde_dehydrogenase	AF-A0KNQ8-F1-model_v4	AF-A0KNQ8-F1-model_v4 Gamma-glutamyl phosphate reductase	2.416E-17	1.000	509	36	481	527	3	417	417	478	0.846	0.995
LOKIASV2_4403_ESMFold_NAD-dependent_succinate-semialdehyde_dehydrogenase	AF-Q6AK09-F1-model_v4	AF-Q6AK09-F1-model_v4 Gamma-glutamyl phosphate reductase	7.728E-18	1.000	509	33	481	527	4	418	418	481	0.852	0.993
LOKIASV2_4403_ESMFold_NAD-dependent_succinate-semialdehyde_dehydrogenase	AF-B1XLA4-F1-model_v4	AF-B1XLA4-F1-model_v4 Gamma-glutamyl phosphate reductase	1.990E-18	1.000	509	33	490	527	2	421	428	490	0.869	0.981
LOKIASV2_4403_ESMFold_NAD-dependent_succinate-semialdehyde_dehydrogenase	AF-B8EQH0-F1-model_v4	AF-B8EQH0-F1-model_v4 Gamma-glutamyl phosphate reductase	1.785E-18	1.000	509	33	481	527	14	429	429	486	0.852	0.970
LOKIASV2_4403_ESMFold_NAD-dependent_succinate-semialdehyde_dehydrogenase	AF-Q87RU9-F1-model_v4	AF-Q87RU9-F1-model_v4 Gamma-glutamyl phosphate reductase	5.006E-18	1.000	508	35	481	527	2	416	416	481	0.848	0.998
LOKIASV2_4403_ESMFold_NAD-dependent_succinate-semialdehyde_dehydrogenase	AF-A8EVN0-F1-model_v4	AF-A8EVN0-F1-model_v4 Gamma-glutamyl phosphate reductase	1.841E-17	1.000	507	37	481	527	2	411	412	477	0.844	0.995
LOKIASV2_4403_ESMFold_NAD-dependent_succinate-semialdehyde_dehydrogenase	AF-B2UX78-F1-model_v4	AF-B2UX78-F1-model_v4 Gamma-glutamyl phosphate reductase	1.361E-18	1.000	506	35	480	527	3	414	414	482	0.846	0.995
LOKIASV2_4403_ESMFold_NAD-dependent_succinate-semialdehyde_dehydrogenase	AF-Q5WWN7-F1-model_v4	AF-Q5WWN7-F1-model_v4 Gamma-glutamyl phosphate reductase	1.404E-17	1.000	506	35	481	527	4	417	417	480	0.848	0.993
LOKIASV2_4403_ESMFold_NAD-dependent_succinate-semialdehyde_dehydrogenase	AF-A5UBQ2-F1-model_v4	AF-A5UBQ2-F1-model_v4 Gamma-glutamyl phosphate reductase	6.220E-18	1.000	506	36	481	527	2	417	417	492	0.846	0.998
LOKIASV2_4403_ESMFold_NAD-dependent_succinate-semialdehyde_dehydrogenase	AF-B2IE42-F1-model_v4	AF-B2IE42-F1-model_v4 Gamma-glutamyl phosphate reductase	1.221E-18	1.000	506	33	481	527	16	431	431	484	0.852	0.965
LOKIASV2_4403_ESMFold_NAD-dependent_succinate-semialdehyde_dehydrogenase	AF-A4SVE2-F1-model_v4	AF-A4SVE2-F1-model_v4 Gamma-glutamyl phosphate reductase	5.580E-18	1.000	505	37	481	527	2	417	417	474	0.844	0.998
LOKIASV2_4403_ESMFold_NAD-dependent_succinate-semialdehyde_dehydrogenase	AF-Q83SH9-F1-model_v4	AF-Q83SH9-F1-model_v4 Gamma-glutamyl phosphate reductase	1.014E-17	1.000	505	36	481	527	2	417	417	486	0.846	0.998
LOKIASV2_4403_ESMFold_NAD-dependent_succinate-semialdehyde_dehydrogenase	AF-A8ZRY3-F1-model_v4	AF-A8ZRY3-F1-model_v4 Gamma-glutamyl phosphate reductase	1.014E-17	1.000	505	33	481	527	4	418	418	480	0.852	0.993
LOKIASV2_4403_ESMFold_NAD-dependent_succinate-semialdehyde_dehydrogenase	AF-Q0I2E5-F1-model_v4	AF-Q0I2E5-F1-model_v4 Gamma-glutamyl phosphate reductase	6.933E-18	1.000	505	36	481	527	3	418	418	484	0.846	0.995
LOKIASV2_4403_ESMFold_NAD-dependent_succinate-semialdehyde_dehydrogenase	AF-P54903-F1-model_v4	AF-P54903-F1-model_v4 Gamma-glutamyl phosphate reductase	3.615E-18	1.000	504	38	481	527	8	413	413	471	0.843	0.983
LOKIASV2_4403_ESMFold_NAD-dependent_succinate-semialdehyde_dehydrogenase	AF-A1KLC0-F1-model_v4	AF-A1KLC0-F1-model_v4 Gamma-glutamyl phosphate reductase	1.330E-17	1.000	504	33	481	527	12	414	415	485	0.852	0.971
LOKIASV2_4403_ESMFold_NAD-dependent_succinate-semialdehyde_dehydrogenase	AF-A5ICA4-F1-model_v4	AF-A5ICA4-F1-model_v4 Gamma-glutamyl phosphate reductase	2.843E-17	1.000	504	35	481	527	4	417	417	478	0.848	0.993
LOKIASV2_4403_ESMFold_NAD-dependent_succinate-semialdehyde_dehydrogenase	AF-B4EUV1-F1-model_v4	AF-B4EUV1-F1-model_v4 Gamma-glutamyl phosphate reductase	2.416E-17	1.000	504	36	481	527	2	417	417	485	0.846	0.998
LOKIASV2_4403_ESMFold_NAD-dependent_succinate-semialdehyde_dehydrogenase	AF-A7HT65-F1-model_v4	AF-A7HT65-F1-model_v4 Gamma-glutamyl phosphate reductase	1.990E-18	1.000	504	33	481	527	9	424	424	487	0.852	0.981
LOKIASV2_4403_ESMFold_NAD-dependent_succinate-semialdehyde_dehydrogenase	AF-Q9RDK1-F1-model_v4	AF-Q9RDK1-F1-model_v4 Gamma-glutamyl phosphate reductase	1.130E-17	1.000	504	38	481	527	15	428	428	483	0.843	0.967
LOKIASV2_4403_ESMFold_NAD-dependent_succinate-semialdehyde_dehydrogenase	AF-A1SHP5-F1-model_v4	AF-A1SHP5-F1-model_v4 Gamma-glutamyl phosphate reductase	7.320E-18	1.000	504	33	479	527	17	429	429	486	0.848	0.963
LOKIASV2_4403_ESMFold_NAD-dependent_succinate-semialdehyde_dehydrogenase	AF-P22281-F1-model_v4	AF-P22281-F1-model_v4 Aldehyde dehydrogenase 1, mitochondrial	1.990E-18	1.000	504	161	472	527	152	508	533	373	0.592	0.670
LOKIASV2_4403_ESMFold_NAD-dependent_succinate-semialdehyde_dehydrogenase	AF-C1AQZ3-F1-model_v4	AF-C1AQZ3-F1-model_v4 Gamma-glutamyl phosphate reductase	1.404E-17	1.000	503	33	481	527	12	414	415	484	0.852	0.971
LOKIASV2_4403_ESMFold_NAD-dependent_succinate-semialdehyde_dehydrogenase	AF-A5IKB6-F1-model_v4	AF-A5IKB6-F1-model_v4 Gamma-glutamyl phosphate reductase	2.218E-18	1.000	503	34	481	527	2	415	415	488	0.850	0.998
LOKIASV2_4403_ESMFold_NAD-dependent_succinate-semialdehyde_dehydrogenase	AF-B1LHT9-F1-model_v4	AF-B1LHT9-F1-model_v4 Gamma-glutamyl phosphate reductase	1.259E-17	1.000	503	36	481	527	2	417	417	486	0.846	0.998
LOKIASV2_4403_ESMFold_NAD-dependent_succinate-semialdehyde_dehydrogenase	AF-Q5X4U9-F1-model_v4	AF-Q5X4U9-F1-model_v4 Gamma-glutamyl phosphate reductase	3.345E-17	1.000	503	34	481	527	3	417	417	478	0.850	0.995
LOKIASV2_4403_ESMFold_NAD-dependent_succinate-semialdehyde_dehydrogenase	AF-P17857-F1-model_v4	AF-P17857-F1-model_v4 Gamma-glutamyl phosphate reductase	3.816E-18	1.000	503	36	481	527	2	417	417	485	0.846	0.998
LOKIASV2_4403_ESMFold_NAD-dependent_succinate-semialdehyde_dehydrogenase	AF-A4X1X0-F1-model_v4	AF-A4X1X0-F1-model_v4 Gamma-glutamyl phosphate reductase	1.841E-17	1.000	502	38	480	527	5	413	413	482	0.841	0.990
LOKIASV2_4403_ESMFold_NAD-dependent_succinate-semialdehyde_dehydrogenase	AF-Q639W9-F1-model_v4	AF-Q639W9-F1-model_v4 Gamma-glutamyl phosphate reductase	8.614E-18	1.000	502	35	481	527	3	415	415	485	0.848	0.995
LOKIASV2_4403_ESMFold_NAD-dependent_succinate-semialdehyde_dehydrogenase	AF-Q9CM98-F1-model_v4	AF-Q9CM98-F1-model_v4 Gamma-glutamyl phosphate reductase	8.159E-18	1.000	502	36	481	527	5	420	420	485	0.846	0.990
LOKIASV2_4403_ESMFold_NAD-dependent_succinate-semialdehyde_dehydrogenase	AF-P54902-F1-model_v4	AF-P54902-F1-model_v4 Gamma-glutamyl phosphate reductase 1	4.491E-18	1.000	502	36	484	527	10	420	433	485	0.852	0.949
LOKIASV2_4403_ESMFold_NAD-dependent_succinate-semialdehyde_dehydrogenase	AF-Q6A9H6-F1-model_v4	AF-Q6A9H6-F1-model_v4 Gamma-glutamyl phosphate reductase	1.652E-17	1.000	501	38	481	527	9	415	415	479	0.843	0.981
LOKIASV2_4403_ESMFold_NAD-dependent_succinate-semialdehyde_dehydrogenase	AF-B1XDY6-F1-model_v4	AF-B1XDY6-F1-model_v4 Gamma-glutamyl phosphate reductase	1.565E-17	1.000	501	36	481	527	2	417	417	486	0.846	0.998
LOKIASV2_4403_ESMFold_NAD-dependent_succinate-semialdehyde_dehydrogenase	AF-B0USH2-F1-model_v4	AF-B0USH2-F1-model_v4 Gamma-glutamyl phosphate reductase	7.728E-18	1.000	501	36	481	527	3	418	418	484	0.846	0.995
LOKIASV2_4403_ESMFold_NAD-dependent_succinate-semialdehyde_dehydrogenase	AF-B5BDP7-F1-model_v4	AF-B5BDP7-F1-model_v4 Gamma-glutamyl phosphate reductase	6.220E-18	1.000	500	36	481	527	2	416	416	489	0.846	0.998
LOKIASV2_4403_ESMFold_NAD-dependent_succinate-semialdehyde_dehydrogenase	AF-A0R115-F1-model_v4	AF-A0R115-F1-model_v4 Gamma-glutamyl phosphate reductase	4.891E-17	1.000	500	33	481	527	21	423	424	483	0.852	0.950
LOKIASV2_4403_ESMFold_NAD-dependent_succinate-semialdehyde_dehydrogenase	AF-Q2RV06-F1-model_v4	AF-Q2RV06-F1-model_v4 Gamma-glutamyl phosphate reductase	2.218E-18	1.000	500	34	481	527	10	427	427	486	0.850	0.979
LOKIASV2_4403_ESMFold_NAD-dependent_succinate-semialdehyde_dehydrogenase	AF-B7VJB0-F1-model_v4	AF-B7VJB0-F1-model_v4 Gamma-glutamyl phosphate reductase	1.482E-17	1.000	499	35	481	527	2	416	416	482	0.848	0.998
LOKIASV2_4403_ESMFold_NAD-dependent_succinate-semialdehyde_dehydrogenase	AF-B7M272-F1-model_v4	AF-B7M272-F1-model_v4 Gamma-glutamyl phosphate reductase	2.053E-17	1.000	499	36	481	527	2	417	417	486	0.846	0.998
LOKIASV2_4403_ESMFold_NAD-dependent_succinate-semialdehyde_dehydrogenase	AF-Q65S49-F1-model_v4	AF-Q65S49-F1-model_v4 Gamma-glutamyl phosphate reductase	1.193E-17	1.000	498	35	481	527	3	419	419	482	0.848	0.995
LOKIASV2_4403_ESMFold_NAD-dependent_succinate-semialdehyde_dehydrogenase	AF-A7FLI1-F1-model_v4	AF-A7FLI1-F1-model_v4 Gamma-glutamyl phosphate reductase	4.254E-18	1.000	498	36	481	527	4	419	419	489	0.846	0.993
LOKIASV2_4403_ESMFold_NAD-dependent_succinate-semialdehyde_dehydrogenase	AF-A9WWW7-F1-model_v4	AF-A9WWW7-F1-model_v4 Gamma-glutamyl phosphate reductase	3.424E-18	1.000	498	33	481	527	12	423	423	483	0.852	0.974
LOKIASV2_4403_ESMFold_NAD-dependent_succinate-semialdehyde_dehydrogenase	AF-Q0SH62-F1-model_v4	AF-Q0SH62-F1-model_v4 Gamma-glutamyl phosphate reductase	2.843E-17	1.000	497	33	481	527	4	412	413	480	0.852	0.990
LOKIASV2_4403_ESMFold_NAD-dependent_succinate-semialdehyde_dehydrogenase	AF-A5U5C2-F1-model_v4	AF-A5U5C2-F1-model_v4 Gamma-glutamyl phosphate reductase	1.652E-17	1.000	497	33	481	527	12	414	415	486	0.852	0.971
LOKIASV2_4403_ESMFold_NAD-dependent_succinate-semialdehyde_dehydrogenase	AF-B5EWK6-F1-model_v4	AF-B5EWK6-F1-model_v4 Gamma-glutamyl phosphate reductase	1.330E-17	1.000	497	36	481	527	2	416	416	481	0.846	0.998
LOKIASV2_4403_ESMFold_NAD-dependent_succinate-semialdehyde_dehydrogenase	AF-Q2IMG0-F1-model_v4	AF-Q2IMG0-F1-model_v4 Gamma-glutamyl phosphate reductase	1.259E-17	1.000	497	33	480	527	10	427	427	479	0.850	0.979
LOKIASV2_4403_ESMFold_NAD-dependent_succinate-semialdehyde_dehydrogenase	AF-A6WDM6-F1-model_v4	AF-A6WDM6-F1-model_v4 Gamma-glutamyl phosphate reductase	1.565E-17	1.000	497	23	479	527	7	431	432	489	0.867	0.984
LOKIASV2_4403_ESMFold_NAD-dependent_succinate-semialdehyde_dehydrogenase	AF-Q7V293-F1-model_v4	AF-Q7V293-F1-model_v4 Gamma-glutamyl phosphate reductase	5.006E-18	1.000	497	35	479	527	13	420	436	480	0.844	0.936
LOKIASV2_4403_ESMFold_NAD-dependent_succinate-semialdehyde_dehydrogenase	AF-A2BQ71-F1-model_v4	AF-A2BQ71-F1-model_v4 Gamma-glutamyl phosphate reductase	1.885E-18	1.000	497	35	479	527	13	420	436	482	0.844	0.936
LOKIASV2_4403_ESMFold_NAD-dependent_succinate-semialdehyde_dehydrogenase	AF-Q5ZV33-F1-model_v4	AF-Q5ZV33-F1-model_v4 Gamma-glutamyl phosphate reductase	4.891E-17	1.000	496	35	481	527	4	417	417	477	0.848	0.993
LOKIASV2_4403_ESMFold_NAD-dependent_succinate-semialdehyde_dehydrogenase	AF-A9R2X0-F1-model_v4	AF-A9R2X0-F1-model_v4 Gamma-glutamyl phosphate reductase	9.601E-18	1.000	496	36	481	527	4	419	419	486	0.846	0.993
LOKIASV2_4403_ESMFold_NAD-dependent_succinate-semialdehyde_dehydrogenase	AF-A9C1G5-F1-model_v4	AF-A9C1G5-F1-model_v4 Gamma-glutamyl phosphate reductase	1.565E-17	1.000	496	33	481	527	7	426	426	483	0.852	0.986
LOKIASV2_4403_ESMFold_NAD-dependent_succinate-semialdehyde_dehydrogenase	AF-B8I6T0-F1-model_v4	AF-B8I6T0-F1-model_v4 Gamma-glutamyl phosphate reductase	7.910E-19	1.000	496	35	490	527	2	419	432	487	0.865	0.968
LOKIASV2_4403_ESMFold_NAD-dependent_succinate-semialdehyde_dehydrogenase	AF-B8FUB6-F1-model_v4	AF-B8FUB6-F1-model_v4 Gamma-glutamyl phosphate reductase	1.259E-17	1.000	495	35	481	527	6	417	417	482	0.848	0.988
LOKIASV2_4403_ESMFold_NAD-dependent_succinate-semialdehyde_dehydrogenase	AF-Q2LU85-F1-model_v4	AF-Q2LU85-F1-model_v4 Gamma-glutamyl phosphate reductase	2.288E-17	1.000	495	33	481	527	4	418	418	482	0.852	0.993
LOKIASV2_4403_ESMFold_NAD-dependent_succinate-semialdehyde_dehydrogenase	AF-A8G3V6-F1-model_v4	AF-A8G3V6-F1-model_v4 Gamma-glutamyl phosphate reductase	1.990E-18	1.000	495	35	479	527	13	420	436	480	0.844	0.936
LOKIASV2_4403_ESMFold_NAD-dependent_succinate-semialdehyde_dehydrogenase	AF-Q735X3-F1-model_v4	AF-Q735X3-F1-model_v4 Gamma-glutamyl phosphate reductase	1.130E-17	1.000	494	35	481	527	3	415	415	488	0.848	0.995
LOKIASV2_4403_ESMFold_NAD-dependent_succinate-semialdehyde_dehydrogenase	AF-B2K6Q4-F1-model_v4	AF-B2K6Q4-F1-model_v4 Gamma-glutamyl phosphate reductase	6.220E-18	1.000	494	36	481	527	4	419	419	489	0.846	0.993
LOKIASV2_4403_ESMFold_NAD-dependent_succinate-semialdehyde_dehydrogenase	AF-Q1C4E7-F1-model_v4	AF-Q1C4E7-F1-model_v4 Gamma-glutamyl phosphate reductase	1.070E-17	1.000	494	36	481	527	4	419	419	486	0.846	0.993
LOKIASV2_4403_ESMFold_NAD-dependent_succinate-semialdehyde_dehydrogenase	AF-P30907-F1-model_v4	AF-P30907-F1-model_v4 Aldehyde dehydrogenase, dimeric NADP-preferring	2.134E-14	1.000	493	250	491	527	1	234	239	244	0.459	0.979
LOKIASV2_4403_ESMFold_NAD-dependent_succinate-semialdehyde_dehydrogenase	AF-Q8ZC09-F1-model_v4	AF-Q8ZC09-F1-model_v4 Gamma-glutamyl phosphate reductase	1.404E-17	1.000	493	36	481	527	4	419	419	486	0.846	0.993
LOKIASV2_4403_ESMFold_NAD-dependent_succinate-semialdehyde_dehydrogenase	AF-B3QPW0-F1-model_v4	AF-B3QPW0-F1-model_v4 Gamma-glutamyl phosphate reductase	1.744E-17	1.000	493	33	481	527	4	419	420	488	0.852	0.990
LOKIASV2_4403_ESMFold_NAD-dependent_succinate-semialdehyde_dehydrogenase	AF-Q92LB2-F1-model_v4	AF-Q92LB2-F1-model_v4 Gamma-glutamyl phosphate reductase	6.220E-18	1.000	493	33	481	527	12	427	427	484	0.852	0.974
LOKIASV2_4403_ESMFold_NAD-dependent_succinate-semialdehyde_dehydrogenase	AF-A4TPK0-F1-model_v4	AF-A4TPK0-F1-model_v4 Gamma-glutamyl phosphate reductase	6.933E-18	1.000	492	36	481	527	4	419	419	489	0.846	0.993
LOKIASV2_4403_ESMFold_NAD-dependent_succinate-semialdehyde_dehydrogenase	AF-A0PU04-F1-model_v4	AF-A0PU04-F1-model_v4 Gamma-glutamyl phosphate reductase	1.070E-17	1.000	492	21	481	527	2	422	423	503	0.875	0.995
LOKIASV2_4403_ESMFold_NAD-dependent_succinate-semialdehyde_dehydrogenase	AF-B1ZMC1-F1-model_v4	AF-B1ZMC1-F1-model_v4 Gamma-glutamyl phosphate reductase	5.580E-18	1.000	492	33	481	527	6	425	425	497	0.852	0.988
LOKIASV2_4403_ESMFold_NAD-dependent_succinate-semialdehyde_dehydrogenase	AF-A5CZ28-F1-model_v4	AF-A5CZ28-F1-model_v4 Gamma-glutamyl phosphate reductase	3.072E-18	1.000	492	35	483	527	2	413	434	483	0.852	0.949
LOKIASV2_4403_ESMFold_NAD-dependent_succinate-semialdehyde_dehydrogenase	AF-Q2JQB4-F1-model_v4	AF-Q2JQB4-F1-model_v4 Gamma-glutamyl phosphate reductase	3.243E-18	1.000	492	36	487	527	19	438	455	499	0.858	0.923
LOKIASV2_4403_ESMFold_NAD-dependent_succinate-semialdehyde_dehydrogenase	AF-A4VTT5-F1-model_v4	AF-A4VTT5-F1-model_v4 Gamma-glutamyl phosphate reductase	3.937E-17	1.000	491	31	479	527	2	412	412	491	0.852	0.998
LOKIASV2_4403_ESMFold_NAD-dependent_succinate-semialdehyde_dehydrogenase	AF-B2VHM6-F1-model_v4	AF-B2VHM6-F1-model_v4 Gamma-glutamyl phosphate reductase	3.816E-18	1.000	491	36	481	527	2	417	417	486	0.846	0.998
LOKIASV2_4403_ESMFold_NAD-dependent_succinate-semialdehyde_dehydrogenase	AF-Q7N7B1-F1-model_v4	AF-Q7N7B1-F1-model_v4 Gamma-glutamyl phosphate reductase	1.070E-17	1.000	491	36	481	527	2	417	417	488	0.846	0.998
LOKIASV2_4403_ESMFold_NAD-dependent_succinate-semialdehyde_dehydrogenase	AF-B1JIH2-F1-model_v4	AF-B1JIH2-F1-model_v4 Gamma-glutamyl phosphate reductase	1.565E-17	1.000	489	36	481	527	4	419	419	486	0.846	0.993
LOKIASV2_4403_ESMFold_NAD-dependent_succinate-semialdehyde_dehydrogenase	AF-Q5KYA2-F1-model_v4	AF-Q5KYA2-F1-model_v4 Gamma-glutamyl phosphate reductase	1.070E-17	1.000	488	35	481	527	3	413	414	486	0.848	0.993
LOKIASV2_4403_ESMFold_NAD-dependent_succinate-semialdehyde_dehydrogenase	AF-Q65IS9-F1-model_v4	AF-Q65IS9-F1-model_v4 Gamma-glutamyl phosphate reductase 2	2.053E-17	1.000	487	33	481	527	9	423	423	491	0.852	0.981
LOKIASV2_4403_ESMFold_NAD-dependent_succinate-semialdehyde_dehydrogenase	AF-B2HME9-F1-model_v4	AF-B2HME9-F1-model_v4 Gamma-glutamyl phosphate reductase	1.404E-17	1.000	487	21	481	527	2	422	423	503	0.875	0.995
LOKIASV2_4403_ESMFold_NAD-dependent_succinate-semialdehyde_dehydrogenase	AF-B1ZFJ0-F1-model_v4	AF-B1ZFJ0-F1-model_v4 Gamma-glutamyl phosphate reductase	1.014E-17	1.000	487	33	481	527	17	432	432	487	0.852	0.963
LOKIASV2_4403_ESMFold_NAD-dependent_succinate-semialdehyde_dehydrogenase	AF-A3PBW4-F1-model_v4	AF-A3PBW4-F1-model_v4 Gamma-glutamyl phosphate reductase	8.614E-18	1.000	486	35	479	527	13	420	436	482	0.844	0.936
LOKIASV2_4403_ESMFold_NAD-dependent_succinate-semialdehyde_dehydrogenase	AF-C1CDS9-F1-model_v4	AF-C1CDS9-F1-model_v4 Gamma-glutamyl phosphate reductase	7.971E-17	1.000	485	37	481	527	5	420	420	492	0.844	0.990
LOKIASV2_4403_ESMFold_NAD-dependent_succinate-semialdehyde_dehydrogenase	AF-B0CFL0-F1-model_v4	AF-B0CFL0-F1-model_v4 Gamma-glutamyl phosphate reductase	1.744E-17	1.000	485	36	479	527	8	414	431	472	0.843	0.944
LOKIASV2_4403_ESMFold_NAD-dependent_succinate-semialdehyde_dehydrogenase	AF-B0UMS9-F1-model_v4	AF-B0UMS9-F1-model_v4 Gamma-glutamyl phosphate reductase	7.320E-18	1.000	484	33	481	527	16	431	431	486	0.852	0.965
LOKIASV2_4403_ESMFold_NAD-dependent_succinate-semialdehyde_dehydrogenase	AF-Q64Z29-F1-model_v4	AF-Q64Z29-F1-model_v4 Gamma-glutamyl phosphate reductase	6.416E-17	1.000	483	36	481	527	3	415	415	479	0.846	0.995
LOKIASV2_4403_ESMFold_NAD-dependent_succinate-semialdehyde_dehydrogenase	AF-Q8KCE9-F1-model_v4	AF-Q8KCE9-F1-model_v4 Gamma-glutamyl phosphate reductase	2.843E-17	1.000	483	33	481	527	4	419	420	483	0.852	0.990
LOKIASV2_4403_ESMFold_NAD-dependent_succinate-semialdehyde_dehydrogenase	AF-Q3B2U3-F1-model_v4	AF-Q3B2U3-F1-model_v4 Gamma-glutamyl phosphate reductase	2.692E-17	1.000	483	33	481	527	4	419	420	482	0.852	0.990
LOKIASV2_4403_ESMFold_NAD-dependent_succinate-semialdehyde_dehydrogenase	AF-Q5N0Z7-F1-model_v4	AF-Q5N0Z7-F1-model_v4 Gamma-glutamyl phosphate reductase	6.933E-18	1.000	483	33	480	527	5	415	431	482	0.850	0.954
LOKIASV2_4403_ESMFold_NAD-dependent_succinate-semialdehyde_dehydrogenase	AF-B3EPD4-F1-model_v4	AF-B3EPD4-F1-model_v4 Gamma-glutamyl phosphate reductase	9.904E-17	1.000	482	33	481	527	2	417	417	488	0.852	0.998
LOKIASV2_4403_ESMFold_NAD-dependent_succinate-semialdehyde_dehydrogenase	AF-P54887-F1-model_v4	AF-P54887-F1-model_v4 Delta-1-pyrroline-5-carboxylate synthase A	2.342E-18	1.000	482	33	483	527	292	703	717	488	0.856	0.575
LOKIASV2_4403_ESMFold_NAD-dependent_succinate-semialdehyde_dehydrogenase	AF-Q8CUQ4-F1-model_v4	AF-Q8CUQ4-F1-model_v4 Gamma-glutamyl phosphate reductase	6.567E-18	1.000	481	35	481	527	3	415	415	489	0.848	0.995
LOKIASV2_4403_ESMFold_NAD-dependent_succinate-semialdehyde_dehydrogenase	AF-B8HYG3-F1-model_v4	AF-B8HYG3-F1-model_v4 Gamma-glutamyl phosphate reductase	1.014E-17	1.000	481	35	490	527	9	426	433	495	0.865	0.965
LOKIASV2_4403_ESMFold_NAD-dependent_succinate-semialdehyde_dehydrogenase	AF-Q9JZG3-F1-model_v4	AF-Q9JZG3-F1-model_v4 Gamma-glutamyl phosphate reductase	1.104E-16	1.000	480	34	481	527	2	420	420	479	0.850	0.998
LOKIASV2_4403_ESMFold_NAD-dependent_succinate-semialdehyde_dehydrogenase	AF-B2IZ89-F1-model_v4	AF-B2IZ89-F1-model_v4 Gamma-glutamyl phosphate reductase	5.164E-17	1.000	480	36	479	527	10	417	435	480	0.843	0.938
LOKIASV2_4403_ESMFold_NAD-dependent_succinate-semialdehyde_dehydrogenase	AF-A9W6Q2-F1-model_v4	AF-A9W6Q2-F1-model_v4 Gamma-glutamyl phosphate reductase	1.070E-17	1.000	479	33	481	527	17	432	432	492	0.852	0.963
LOKIASV2_4403_ESMFold_NAD-dependent_succinate-semialdehyde_dehydrogenase	AF-Q8YV15-F1-model_v4	AF-Q8YV15-F1-model_v4 Gamma-glutamyl phosphate reductase	1.070E-17	1.000	479	36	491	527	10	424	434	495	0.865	0.956
LOKIASV2_4403_ESMFold_NAD-dependent_succinate-semialdehyde_dehydrogenase	AF-Q31BU4-F1-model_v4	AF-Q31BU4-F1-model_v4 Gamma-glutamyl phosphate reductase	4.156E-17	1.000	479	35	479	527	13	420	436	474	0.844	0.936
LOKIASV2_4403_ESMFold_NAD-dependent_succinate-semialdehyde_dehydrogenase	AF-Q5LI24-F1-model_v4	AF-Q5LI24-F1-model_v4 Gamma-glutamyl phosphate reductase	4.891E-17	1.000	478	35	481	527	2	415	415	483	0.848	0.998
LOKIASV2_4403_ESMFold_NAD-dependent_succinate-semialdehyde_dehydrogenase	AF-Q8PYP2-F1-model_v4	AF-Q8PYP2-F1-model_v4 Gamma-glutamyl phosphate reductase	5.285E-18	1.000	477	33	479	527	2	422	447	488	0.848	0.942
LOKIASV2_4403_ESMFold_NAD-dependent_succinate-semialdehyde_dehydrogenase	AF-B4SG68-F1-model_v4	AF-B4SG68-F1-model_v4 Gamma-glutamyl phosphate reductase	6.774E-17	1.000	476	33	481	527	2	417	418	487	0.852	0.995
LOKIASV2_4403_ESMFold_NAD-dependent_succinate-semialdehyde_dehydrogenase	AF-B6YS10-F1-model_v4	AF-B6YS10-F1-model_v4 Gamma-glutamyl phosphate reductase	1.231E-16	1.000	476	32	481	527	3	419	419	489	0.854	0.995
LOKIASV2_4403_ESMFold_NAD-dependent_succinate-semialdehyde_dehydrogenase	AF-Q97R94-F1-model_v4	AF-Q97R94-F1-model_v4 Gamma-glutamyl phosphate reductase	1.372E-16	1.000	476	37	481	527	5	420	420	481	0.844	0.990
LOKIASV2_4403_ESMFold_NAD-dependent_succinate-semialdehyde_dehydrogenase	AF-Q112S1-F1-model_v4	AF-Q112S1-F1-model_v4 Gamma-glutamyl phosphate reductase	2.053E-17	1.000	475	36	490	527	7	424	431	493	0.863	0.970
LOKIASV2_4403_ESMFold_NAD-dependent_succinate-semialdehyde_dehydrogenase	AF-O65361-F1-model_v4	AF-O65361-F1-model_v4 Delta-1-pyrroline-5-carboxylate synthase	7.728E-18	1.000	475	36	483	527	292	702	719	483	0.850	0.572
LOKIASV2_4403_ESMFold_NAD-dependent_succinate-semialdehyde_dehydrogenase	AF-Q1IS80-F1-model_v4	AF-Q1IS80-F1-model_v4 Gamma-glutamyl phosphate reductase	2.777E-16	1.000	474	31	480	527	1	409	409	482	0.854	1.000
LOKIASV2_4403_ESMFold_NAD-dependent_succinate-semialdehyde_dehydrogenase	AF-B3EE24-F1-model_v4	AF-B3EE24-F1-model_v4 Gamma-glutamyl phosphate reductase	3.169E-17	1.000	473	33	481	527	2	417	418	484	0.852	0.995
LOKIASV2_4403_ESMFold_NAD-dependent_succinate-semialdehyde_dehydrogenase	AF-Q9JUK8-F1-model_v4	AF-Q9JUK8-F1-model_v4 Gamma-glutamyl phosphate reductase	1.529E-16	1.000	472	35	481	527	3	420	420	486	0.848	0.995
LOKIASV2_4403_ESMFold_NAD-dependent_succinate-semialdehyde_dehydrogenase	AF-Q5F8D3-F1-model_v4	AF-Q5F8D3-F1-model_v4 Gamma-glutamyl phosphate reductase	8.416E-17	1.000	471	37	481	527	5	420	420	487	0.844	0.990
LOKIASV2_4403_ESMFold_NAD-dependent_succinate-semialdehyde_dehydrogenase	AF-Q46LW0-F1-model_v4	AF-Q46LW0-F1-model_v4 Gamma-glutamyl phosphate reductase	4.254E-18	1.000	471	35	478	527	13	420	438	484	0.843	0.932
LOKIASV2_4403_ESMFold_NAD-dependent_succinate-semialdehyde_dehydrogenase	AF-Q2RKZ6-F1-model_v4	AF-Q2RKZ6-F1-model_v4 Gamma-glutamyl phosphate reductase	1.652E-17	1.000	470	33	481	527	4	418	418	487	0.852	0.993
LOKIASV2_4403_ESMFold_NAD-dependent_succinate-semialdehyde_dehydrogenase	AF-B1IBA0-F1-model_v4	AF-B1IBA0-F1-model_v4 Gamma-glutamyl phosphate reductase	1.799E-16	1.000	469	37	481	527	5	420	420	482	0.844	0.990
LOKIASV2_4403_ESMFold_NAD-dependent_succinate-semialdehyde_dehydrogenase	AF-Q8DKU1-F1-model_v4	AF-Q8DKU1-F1-model_v4 Gamma-glutamyl phosphate reductase	2.550E-17	1.000	469	36	479	527	14	420	439	484	0.843	0.927
LOKIASV2_4403_ESMFold_NAD-dependent_succinate-semialdehyde_dehydrogenase	AF-Q0I8Z0-F1-model_v4	AF-Q0I8Z0-F1-model_v4 Gamma-glutamyl phosphate reductase	6.077E-17	1.000	469	35	482	527	12	422	440	486	0.850	0.934
LOKIASV2_4403_ESMFold_NAD-dependent_succinate-semialdehyde_dehydrogenase	AF-B8ZP35-F1-model_v4	AF-B8ZP35-F1-model_v4 Gamma-glutamyl phosphate reductase	1.372E-16	1.000	468	37	481	527	5	420	420	489	0.844	0.990
LOKIASV2_4403_ESMFold_NAD-dependent_succinate-semialdehyde_dehydrogenase	AF-P54888-F1-model_v4	AF-P54888-F1-model_v4 Delta-1-pyrroline-5-carboxylate synthase B	9.094E-18	1.000	468	32	483	527	294	703	726	485	0.858	0.565
LOKIASV2_4403_ESMFold_NAD-dependent_succinate-semialdehyde_dehydrogenase	AF-A3CMT1-F1-model_v4	AF-A3CMT1-F1-model_v4 Gamma-glutamyl phosphate reductase	5.164E-17	1.000	467	37	481	527	5	420	420	496	0.844	0.990
LOKIASV2_4403_ESMFold_NAD-dependent_succinate-semialdehyde_dehydrogenase	AF-B8IEM1-F1-model_v4	AF-B8IEM1-F1-model_v4 Gamma-glutamyl phosphate reductase	1.014E-17	1.000	467	28	481	527	7	431	431	497	0.861	0.986
LOKIASV2_4403_ESMFold_NAD-dependent_succinate-semialdehyde_dehydrogenase	AF-Q3MH53-F1-model_v4	AF-Q3MH53-F1-model_v4 Gamma-glutamyl phosphate reductase	9.601E-18	1.000	466	33	491	527	7	424	434	498	0.871	0.963
LOKIASV2_4403_ESMFold_NAD-dependent_succinate-semialdehyde_dehydrogenase	AF-A9LYY9-F1-model_v4	AF-A9LYY9-F1-model_v4 Gamma-glutamyl phosphate reductase	2.005E-16	1.000	465	37	481	527	5	420	420	479	0.844	0.990
LOKIASV2_4403_ESMFold_NAD-dependent_succinate-semialdehyde_dehydrogenase	AF-Q3AKU8-F1-model_v4	AF-Q3AKU8-F1-model_v4 Gamma-glutamyl phosphate reductase	3.729E-17	1.000	465	36	483	527	11	421	435	485	0.850	0.945
LOKIASV2_4403_ESMFold_NAD-dependent_succinate-semialdehyde_dehydrogenase	AF-B5E435-F1-model_v4	AF-B5E435-F1-model_v4 Gamma-glutamyl phosphate reductase	2.360E-16	1.000	464	37	481	527	5	420	420	499	0.844	0.990
LOKIASV2_4403_ESMFold_NAD-dependent_succinate-semialdehyde_dehydrogenase	AF-A4QG75-F1-model_v4	AF-A4QG75-F1-model_v4 Gamma-glutamyl phosphate reductase	1.900E-16	1.000	464	33	481	527	16	432	432	489	0.852	0.965
LOKIASV2_4403_ESMFold_NAD-dependent_succinate-semialdehyde_dehydrogenase	AF-Q8FN87-F1-model_v4	AF-Q8FN87-F1-model_v4 Gamma-glutamyl phosphate reductase	8.885E-17	1.000	464	33	481	527	22	438	438	485	0.852	0.952
LOKIASV2_4403_ESMFold_NAD-dependent_succinate-semialdehyde_dehydrogenase	AF-P0C1E1-F1-model_v4	AF-P0C1E1-F1-model_v4 Gamma-glutamyl phosphate reductase	1.799E-16	1.000	462	34	481	527	14	432	432	484	0.850	0.970
LOKIASV2_4403_ESMFold_NAD-dependent_succinate-semialdehyde_dehydrogenase	AF-B4RLE6-F1-model_v4	AF-B4RLE6-F1-model_v4 Gamma-glutamyl phosphate reductase	7.550E-17	1.000	460	37	481	527	5	420	420	493	0.844	0.990
LOKIASV2_4403_ESMFold_NAD-dependent_succinate-semialdehyde_dehydrogenase	AF-P0C1E0-F1-model_v4	AF-P0C1E0-F1-model_v4 Gamma-glutamyl phosphate reductase	2.005E-16	1.000	460	34	481	527	14	432	432	487	0.850	0.970
LOKIASV2_4403_ESMFold_NAD-dependent_succinate-semialdehyde_dehydrogenase	AF-O04226-F1-model_v4	AF-O04226-F1-model_v4 Delta-1-pyrroline-5-carboxylate synthase 1	1.404E-17	1.000	459	37	483	527	296	703	716	483	0.848	0.570
LOKIASV2_4403_ESMFold_NAD-dependent_succinate-semialdehyde_dehydrogenase	AF-A6LE74-F1-model_v4	AF-A6LE74-F1-model_v4 Gamma-glutamyl phosphate reductase	4.526E-16	1.000	457	38	481	527	5	415	415	479	0.843	0.990
LOKIASV2_4403_ESMFold_NAD-dependent_succinate-semialdehyde_dehydrogenase	AF-Q8A1E8-F1-model_v4	AF-Q8A1E8-F1-model_v4 Gamma-glutamyl phosphate reductase	2.235E-16	1.000	455	33	481	527	2	417	417	487	0.852	0.998
LOKIASV2_4403_ESMFold_NAD-dependent_succinate-semialdehyde_dehydrogenase	AF-Q96480-F1-model_v4	AF-Q96480-F1-model_v4 Delta-1-pyrroline-5-carboxylate synthase	3.345E-17	1.000	453	35	483	527	294	703	717	488	0.852	0.572
LOKIASV2_4403_ESMFold_NAD-dependent_succinate-semialdehyde_dehydrogenase	AF-Q9Z110-F1-model_v4	AF-Q9Z110-F1-model_v4 Delta-1-pyrroline-5-carboxylate synthase	2.053E-17	1.000	453	23	486	527	357	777	795	503	0.880	0.530
LOKIASV2_4403_ESMFold_NAD-dependent_succinate-semialdehyde_dehydrogenase	AF-A4SFP8-F1-model_v4	AF-A4SFP8-F1-model_v4 Gamma-glutamyl phosphate reductase	1.704E-16	1.000	451	28	481	527	1	421	422	490	0.861	0.998
LOKIASV2_4403_ESMFold_NAD-dependent_succinate-semialdehyde_dehydrogenase	AF-A5GJS5-F1-model_v4	AF-A5GJS5-F1-model_v4 Gamma-glutamyl phosphate reductase	5.756E-17	1.000	450	35	482	527	10	420	435	484	0.850	0.945
LOKIASV2_4403_ESMFold_NAD-dependent_succinate-semialdehyde_dehydrogenase	AF-A2C148-F1-model_v4	AF-A2C148-F1-model_v4 Gamma-glutamyl phosphate reductase	1.372E-16	1.000	450	35	482	527	13	423	438	485	0.850	0.938
LOKIASV2_4403_ESMFold_NAD-dependent_succinate-semialdehyde_dehydrogenase	AF-Q941T1-F1-model_v4	AF-Q941T1-F1-model_v4 Delta-1-pyrroline-5-carboxylate synthase 2	2.053E-17	1.000	450	37	483	527	315	722	735	488	0.848	0.555
LOKIASV2_4403_ESMFold_NAD-dependent_succinate-semialdehyde_dehydrogenase	AF-Q5R4M8-F1-model_v4	AF-Q5R4M8-F1-model_v4 Delta-1-pyrroline-5-carboxylate synthase	4.891E-17	1.000	446	23	486	527	357	777	795	506	0.880	0.530
LOKIASV2_4403_ESMFold_NAD-dependent_succinate-semialdehyde_dehydrogenase	AF-P54886-F1-model_v4	AF-P54886-F1-model_v4 Delta-1-pyrroline-5-carboxylate synthase	1.193E-17	1.000	445	23	486	527	357	777	795	506	0.880	0.530
LOKIASV2_4403_ESMFold_NAD-dependent_succinate-semialdehyde_dehydrogenase	AF-A1KTV4-F1-model_v4	AF-A1KTV4-F1-model_v4 Gamma-glutamyl phosphate reductase	7.788E-16	1.000	444	37	481	527	5	420	420	479	0.844	0.990
LOKIASV2_4403_ESMFold_NAD-dependent_succinate-semialdehyde_dehydrogenase	AF-Q31KX4-F1-model_v4	AF-Q31KX4-F1-model_v4 Gamma-glutamyl phosphate reductase	6.077E-17	1.000	444	33	480	527	5	415	431	495	0.850	0.954
LOKIASV2_4403_ESMFold_NAD-dependent_succinate-semialdehyde_dehydrogenase	AF-Q7U654-F1-model_v4	AF-Q7U654-F1-model_v4 Gamma-glutamyl phosphate reductase	9.677E-16	1.000	441	35	479	527	10	417	435	483	0.844	0.938
LOKIASV2_4403_ESMFold_NAD-dependent_succinate-semialdehyde_dehydrogenase	AF-Q7VBM1-F1-model_v4	AF-Q7VBM1-F1-model_v4 Gamma-glutamyl phosphate reductase	1.340E-15	1.000	441	35	482	527	13	423	436	484	0.850	0.943
LOKIASV2_4403_ESMFold_NAD-dependent_succinate-semialdehyde_dehydrogenase	AF-O04015-F1-model_v4	AF-O04015-F1-model_v4 Delta-1-pyrroline-5-carboxylate synthase	6.774E-17	1.000	441	37	483	527	296	703	717	483	0.848	0.569
LOKIASV2_4403_ESMFold_NAD-dependent_succinate-semialdehyde_dehydrogenase	AF-Q3ARL1-F1-model_v4	AF-Q3ARL1-F1-model_v4 Gamma-glutamyl phosphate reductase	9.677E-16	1.000	435	33	481	527	2	417	418	489	0.852	0.995
LOKIASV2_4403_ESMFold_NAD-dependent_succinate-semialdehyde_dehydrogenase	AF-Q7V8C3-F1-model_v4	AF-Q7V8C3-F1-model_v4 Gamma-glutamyl phosphate reductase	5.045E-16	1.000	430	35	479	527	13	420	438	485	0.844	0.932
LOKIASV2_4403_ESMFold_NAD-dependent_succinate-semialdehyde_dehydrogenase	AF-A5GSH0-F1-model_v4	AF-A5GSH0-F1-model_v4 Gamma-glutamyl phosphate reductase	1.202E-15	1.000	428	37	479	527	19	427	445	483	0.841	0.919
LOKIASV2_4403_ESMFold_NAD-dependent_succinate-semialdehyde_dehydrogenase	AF-A2CAS7-F1-model_v4	AF-A2CAS7-F1-model_v4 Gamma-glutamyl phosphate reductase	6.618E-16	1.000	426	35	479	527	13	420	438	485	0.844	0.932
LOKIASV2_4403_ESMFold_NAD-dependent_succinate-semialdehyde_dehydrogenase	AF-P32296-F1-model_v4	AF-P32296-F1-model_v4 Delta-1-pyrroline-5-carboxylate synthase	7.208E-15	1.000	373	33	436	527	296	655	671	429	0.767	0.537
LOKIASV2_4403_ESMFold_NAD-dependent_succinate-semialdehyde_dehydrogenase	AF-Q4DFG3-F1-model_v4	AF-Q4DFG3-F1-model_v4 Aldehyde dehydrogenase, putative	5.639E-55	1.000	2101	13	522	527	11	526	554	519	0.968	0.931
LOKIASV2_4403_ESMFold_NAD-dependent_succinate-semialdehyde_dehydrogenase	AF-A4IDU0-F1-model_v4	AF-A4IDU0-F1-model_v4 Aldehyde dehydrogenase	5.218E-54	1.000	2087	13	522	527	4	521	532	519	0.968	0.974
LOKIASV2_4403_ESMFold_NAD-dependent_succinate-semialdehyde_dehydrogenase	AF-Q54WJ9-F1-model_v4	AF-Q54WJ9-F1-model_v4 Aldehyde dehydrogenase	2.618E-50	1.000	1885	8	524	527	62	586	589	531	0.981	0.891
LOKIASV2_4403_ESMFold_NAD-dependent_succinate-semialdehyde_dehydrogenase	AF-P9WNX7-F1-model_v4	AF-P9WNX7-F1-model_v4 Putative succinate-semialdehyde dehydrogenase [NADP(+)] 2	7.750E-50	1.000	1860	9	507	527	22	511	518	506	0.947	0.946
LOKIASV2_4403_ESMFold_NAD-dependent_succinate-semialdehyde_dehydrogenase	AF-X8F8B1-F1-model_v4	AF-X8F8B1-F1-model_v4 Aldehyde dehydrogenase family protein	1.657E-49	1.000	1858	13	506	527	26	510	518	501	0.937	0.936
LOKIASV2_4403_ESMFold_NAD-dependent_succinate-semialdehyde_dehydrogenase	AF-K0F181-F1-model_v4	AF-K0F181-F1-model_v4 Succinic semialdehyde dehydrogenase	1.905E-48	1.000	1840	13	506	527	26	513	517	499	0.937	0.944
LOKIASV2_4403_ESMFold_NAD-dependent_succinate-semialdehyde_dehydrogenase	AF-I6X8S7-F1-model_v4	AF-I6X8S7-F1-model_v4 Probable aldehyde dehydrogenase	1.582E-47	1.000	1833	9	481	527	21	487	487	479	0.898	0.959
LOKIASV2_4403_ESMFold_NAD-dependent_succinate-semialdehyde_dehydrogenase	AF-I1MRQ4-F1-model_v4	AF-I1MRQ4-F1-model_v4 Aldedh domain-containing protein	4.401E-49	1.000	1829	1	517	527	53	580	596	533	0.981	0.886
LOKIASV2_4403_ESMFold_NAD-dependent_succinate-semialdehyde_dehydrogenase	AF-Q0WSF1-F1-model_v4	AF-Q0WSF1-F1-model_v4 Aldehyde dehydrogenase 22A1	8.911E-49	1.000	1826	1	525	527	53	585	596	541	0.996	0.894
LOKIASV2_4403_ESMFold_NAD-dependent_succinate-semialdehyde_dehydrogenase	AF-Q8H5F0-F1-model_v4	AF-Q8H5F0-F1-model_v4 Os07g0688800 protein	1.107E-48	1.000	1826	9	525	527	61	585	597	529	0.981	0.879
LOKIASV2_4403_ESMFold_NAD-dependent_succinate-semialdehyde_dehydrogenase	AF-X8FA47-F1-model_v4	AF-X8FA47-F1-model_v4 Aldehyde dehydrogenase family protein	4.682E-47	1.000	1821	9	490	527	15	489	492	483	0.915	0.965
LOKIASV2_4403_ESMFold_NAD-dependent_succinate-semialdehyde_dehydrogenase	AF-K0EWY6-F1-model_v4	AF-K0EWY6-F1-model_v4 Succinic semialdehyde dehydrogenase	7.007E-48	1.000	1817	8	510	527	32	528	530	506	0.954	0.938
LOKIASV2_4403_ESMFold_NAD-dependent_succinate-semialdehyde_dehydrogenase	AF-K0ERS0-F1-model_v4	AF-K0ERS0-F1-model_v4 Aldehyde dehydrogenase	4.682E-47	1.000	1808	12	503	527	27	513	535	495	0.934	0.910
LOKIASV2_4403_ESMFold_NAD-dependent_succinate-semialdehyde_dehydrogenase	AF-K0EUD3-F1-model_v4	AF-K0EUD3-F1-model_v4 Succinic semialdehyde dehydrogenase	3.033E-47	1.000	1807	10	510	527	29	522	523	503	0.951	0.945
LOKIASV2_4403_ESMFold_NAD-dependent_succinate-semialdehyde_dehydrogenase	AF-Q0H2G3-F1-model_v4	AF-Q0H2G3-F1-model_v4 Aldehyde dehydrogenase 1 family member A3	3.888E-46	1.000	1797	9	475	527	44	506	513	472	0.886	0.903
LOKIASV2_4403_ESMFold_NAD-dependent_succinate-semialdehyde_dehydrogenase	AF-K0F8Q5-F1-model_v4	AF-K0F8Q5-F1-model_v4 Aldehyde dehydrogenase	7.062E-46	1.000	1796	9	472	527	16	473	481	467	0.880	0.952
LOKIASV2_4403_ESMFold_NAD-dependent_succinate-semialdehyde_dehydrogenase	AF-Q54IU0-F1-model_v4	AF-Q54IU0-F1-model_v4 Aldehyde dehydrogenase	3.488E-46	1.000	1787	11	478	527	32	503	503	477	0.888	0.938
LOKIASV2_4403_ESMFold_NAD-dependent_succinate-semialdehyde_dehydrogenase	AF-I1MGF2-F1-model_v4	AF-I1MGF2-F1-model_v4 Aldedh domain-containing protein	2.312E-47	1.000	1783	1	525	527	53	585	597	538	0.996	0.893
LOKIASV2_4403_ESMFold_NAD-dependent_succinate-semialdehyde_dehydrogenase	AF-A0A0D2DDF9-F1-model_v4	AF-A0A0D2DDF9-F1-model_v4 Unplaced genomic scaffold supercont1.7, whole genome shotgun sequence	1.430E-45	1.000	1782	13	481	527	40	503	510	472	0.890	0.910
LOKIASV2_4403_ESMFold_NAD-dependent_succinate-semialdehyde_dehydrogenase	AF-A0A1D6IP11-F1-model_v4	AF-A0A1D6IP11-F1-model_v4 BADH-like protein	3.654E-48	1.000	1779	8	525	527	53	585	599	540	0.983	0.890
LOKIASV2_4403_ESMFold_NAD-dependent_succinate-semialdehyde_dehydrogenase	AF-A4I5W9-F1-model_v4	AF-A4I5W9-F1-model_v4 Aldehyde_dehydrogenase_-_putative	3.202E-47	1.000	1778	8	516	527	60	572	585	521	0.966	0.877
LOKIASV2_4403_ESMFold_NAD-dependent_succinate-semialdehyde_dehydrogenase	AF-I1L4H0-F1-model_v4	AF-I1L4H0-F1-model_v4 Aldedh domain-containing protein	4.830E-46	1.000	1777	13	480	527	37	499	501	473	0.888	0.924
LOKIASV2_4403_ESMFold_NAD-dependent_succinate-semialdehyde_dehydrogenase	AF-K0EYG7-F1-model_v4	AF-K0EYG7-F1-model_v4 Aldehyde dehydrogenase	2.441E-47	1.000	1777	1	504	527	1	497	502	508	0.956	0.990
LOKIASV2_4403_ESMFold_NAD-dependent_succinate-semialdehyde_dehydrogenase	AF-Q9HTJ1-F1-model_v4	AF-Q9HTJ1-F1-model_v4 NAD/NADP-dependent betaine aldehyde dehydrogenase	1.215E-45	1.000	1775	9	481	527	19	488	490	478	0.898	0.959
LOKIASV2_4403_ESMFold_NAD-dependent_succinate-semialdehyde_dehydrogenase	AF-Q586Y8-F1-model_v4	AF-Q586Y8-F1-model_v4 Aldehyde dehydrogenase, putative	1.273E-47	1.000	1773	8	517	527	73	585	595	522	0.968	0.862
LOKIASV2_4403_ESMFold_NAD-dependent_succinate-semialdehyde_dehydrogenase	AF-A0A0R0K6H9-F1-model_v4	AF-A0A0R0K6H9-F1-model_v4 Aldedh domain-containing protein	6.336E-46	1.000	1772	13	481	527	38	501	502	474	0.890	0.924
LOKIASV2_4403_ESMFold_NAD-dependent_succinate-semialdehyde_dehydrogenase	AF-I1KMR6-F1-model_v4	AF-I1KMR6-F1-model_v4 Aldedh domain-containing protein	8.246E-48	1.000	1767	8	517	527	56	580	597	530	0.968	0.879
LOKIASV2_4403_ESMFold_NAD-dependent_succinate-semialdehyde_dehydrogenase	AF-U7PJQ4-F1-model_v4	AF-U7PJQ4-F1-model_v4 Aldehyde dehydrogenase	4.719E-45	1.000	1763	13	475	527	36	491	493	466	0.879	0.925
LOKIASV2_4403_ESMFold_NAD-dependent_succinate-semialdehyde_dehydrogenase	AF-Q54FY3-F1-model_v4	AF-Q54FY3-F1-model_v4 Aldehyde dehydrogenase	1.283E-45	1.000	1761	13	480	527	25	490	494	475	0.888	0.943
LOKIASV2_4403_ESMFold_NAD-dependent_succinate-semialdehyde_dehydrogenase	AF-C1GYR7-F1-model_v4	AF-C1GYR7-F1-model_v4 Aldehyde dehydrogenase	4.010E-45	1.000	1761	9	479	527	32	501	502	478	0.894	0.936
LOKIASV2_4403_ESMFold_NAD-dependent_succinate-semialdehyde_dehydrogenase	AF-A0A0H3GTN1-F1-model_v4	AF-A0A0H3GTN1-F1-model_v4 Betaine aldehyde dehydrogenase	2.896E-45	1.000	1760	9	481	527	19	488	490	478	0.898	0.959
LOKIASV2_4403_ESMFold_NAD-dependent_succinate-semialdehyde_dehydrogenase	AF-I1K5U0-F1-model_v4	AF-I1K5U0-F1-model_v4 Aldedh domain-containing protein	3.303E-46	1.000	1760	13	480	527	74	536	538	476	0.888	0.861
LOKIASV2_4403_ESMFold_NAD-dependent_succinate-semialdehyde_dehydrogenase	AF-A0A0R4J5H1-F1-model_v4	AF-A0A0R4J5H1-F1-model_v4 Succinate-semialdehyde dehydrogenase	1.876E-45	1.000	1757	13	475	527	78	532	537	464	0.879	0.847
LOKIASV2_4403_ESMFold_NAD-dependent_succinate-semialdehyde_dehydrogenase	AF-U7Q3D9-F1-model_v4	AF-U7Q3D9-F1-model_v4 Aldedh domain-containing protein	1.777E-45	1.000	1757	9	479	527	75	552	552	486	0.894	0.866
LOKIASV2_4403_ESMFold_NAD-dependent_succinate-semialdehyde_dehydrogenase	AF-I1KQ30-F1-model_v4	AF-I1KQ30-F1-model_v4 Aldedh domain-containing protein	7.872E-46	1.000	1753	13	480	527	41	503	505	475	0.888	0.917
LOKIASV2_4403_ESMFold_NAD-dependent_succinate-semialdehyde_dehydrogenase	AF-A0A0K0E5J6-F1-model_v4	AF-A0A0K0E5J6-F1-model_v4 Aldedh domain-containing protein	1.683E-45	1.000	1752	13	481	527	46	510	510	475	0.890	0.912
LOKIASV2_4403_ESMFold_NAD-dependent_succinate-semialdehyde_dehydrogenase	AF-Q54FY2-F1-model_v4	AF-Q54FY2-F1-model_v4 Aldehyde dehydrogenase	4.234E-45	1.000	1751	13	479	527	25	490	495	474	0.886	0.941
LOKIASV2_4403_ESMFold_NAD-dependent_succinate-semialdehyde_dehydrogenase	AF-P54115-F1-model_v4	AF-P54115-F1-model_v4 Magnesium-activated aldehyde dehydrogenase, cytosolic	1.125E-44	1.000	1751	13	475	527	42	499	500	468	0.879	0.916
LOKIASV2_4403_ESMFold_NAD-dependent_succinate-semialdehyde_dehydrogenase	AF-I1KQ26-F1-model_v4	AF-I1KQ26-F1-model_v4 Aldedh domain-containing protein	1.151E-45	1.000	1751	13	484	527	37	500	501	477	0.896	0.926
LOKIASV2_4403_ESMFold_NAD-dependent_succinate-semialdehyde_dehydrogenase	AF-Q9P7K9-F1-model_v4	AF-Q9P7K9-F1-model_v4 Putative aldehyde dehydrogenase-like protein C21C3	1.344E-47	1.000	1747	13	518	527	4	521	522	525	0.960	0.992
LOKIASV2_4403_ESMFold_NAD-dependent_succinate-semialdehyde_dehydrogenase	AF-A0A0H3GS44-F1-model_v4	AF-A0A0H3GS44-F1-model_v4 Phenylacetaldehyde dehydrogenase	1.594E-45	1.000	1746	9	474	527	32	497	499	471	0.884	0.934
LOKIASV2_4403_ESMFold_NAD-dependent_succinate-semialdehyde_dehydrogenase	AF-I1KIS3-F1-model_v4	AF-I1KIS3-F1-model_v4 Aldedh domain-containing protein	6.689E-46	1.000	1740	13	480	527	37	499	501	475	0.888	0.924
LOKIASV2_4403_ESMFold_NAD-dependent_succinate-semialdehyde_dehydrogenase	AF-Q8K4D8-F1-model_v4	AF-Q8K4D8-F1-model_v4 Aldehyde dehydrogenase family 1 member A3	9.051E-45	1.000	1740	13	475	527	48	506	512	468	0.879	0.896
LOKIASV2_4403_ESMFold_NAD-dependent_succinate-semialdehyde_dehydrogenase	AF-A0A1C1CGM7-F1-model_v4	AF-A0A1C1CGM7-F1-model_v4 Putative aldehyde dehydrogenase-like protein	4.982E-45	1.000	1739	9	477	527	34	489	489	472	0.890	0.933
LOKIASV2_4403_ESMFold_NAD-dependent_succinate-semialdehyde_dehydrogenase	AF-P17445-F1-model_v4	AF-P17445-F1-model_v4 Betaine aldehyde dehydrogenase	4.719E-45	1.000	1737	9	481	527	19	488	490	479	0.898	0.959
LOKIASV2_4403_ESMFold_NAD-dependent_succinate-semialdehyde_dehydrogenase	AF-A0A1C1CEH7-F1-model_v4	AF-A0A1C1CEH7-F1-model_v4 Aldehyde dehydrogenase	4.234E-45	1.000	1736	9	479	527	32	500	501	478	0.894	0.936
LOKIASV2_4403_ESMFold_NAD-dependent_succinate-semialdehyde_dehydrogenase	AF-Q90Y03-F1-model_v4	AF-Q90Y03-F1-model_v4 Aldehyde dehydrogenase 1 family, member A2	3.798E-45	1.000	1736	13	481	527	54	518	518	475	0.890	0.898
LOKIASV2_4403_ESMFold_NAD-dependent_succinate-semialdehyde_dehydrogenase	AF-A0A0H3GPI3-F1-model_v4	AF-A0A0H3GPI3-F1-model_v4 Putative aldehyde dehydrogenase	9.556E-45	1.000	1734	12	474	527	35	495	497	466	0.879	0.928
LOKIASV2_4403_ESMFold_NAD-dependent_succinate-semialdehyde_dehydrogenase	AF-A0A0K0DTE9-F1-model_v4	AF-A0A0K0DTE9-F1-model_v4 Aldedh domain-containing protein	5.260E-45	1.000	1732	9	483	527	25	496	497	482	0.901	0.950
LOKIASV2_4403_ESMFold_NAD-dependent_succinate-semialdehyde_dehydrogenase	AF-Q20780-F1-model_v4	AF-Q20780-F1-model_v4 Aldedh domain-containing protein	1.430E-45	1.000	1732	9	481	527	42	510	510	481	0.898	0.920
LOKIASV2_4403_ESMFold_NAD-dependent_succinate-semialdehyde_dehydrogenase	AF-A4IDE7-F1-model_v4	AF-A4IDE7-F1-model_v4 Aldehyde_dehydrogenase_-_putative	2.207E-45	1.000	1731	10	477	527	49	509	509	475	0.888	0.906
LOKIASV2_4403_ESMFold_NAD-dependent_succinate-semialdehyde_dehydrogenase	AF-Q9I6R9-F1-model_v4	AF-Q9I6R9-F1-model_v4 Probable aldehyde dehydrogenase	3.228E-45	1.000	1730	9	477	527	30	496	496	477	0.890	0.942
LOKIASV2_4403_ESMFold_NAD-dependent_succinate-semialdehyde_dehydrogenase	AF-I1KTW3-F1-model_v4	AF-I1KTW3-F1-model_v4 Succinate-semialdehyde dehydrogenase	5.863E-45	1.000	1730	13	475	527	78	532	537	465	0.879	0.847
LOKIASV2_4403_ESMFold_NAD-dependent_succinate-semialdehyde_dehydrogenase	AF-X8EZ14-F1-model_v4	AF-X8EZ14-F1-model_v4 Aldehyde dehydrogenase	6.689E-46	1.000	1729	62	502	527	2	439	450	444	0.837	0.973
LOKIASV2_4403_ESMFold_NAD-dependent_succinate-semialdehyde_dehydrogenase	AF-A0A077ZGE9-F1-model_v4	AF-A0A077ZGE9-F1-model_v4 Aldehyde dehydrogenase	2.598E-45	1.000	1729	9	476	527	23	484	486	474	0.888	0.951
LOKIASV2_4403_ESMFold_NAD-dependent_succinate-semialdehyde_dehydrogenase	AF-Q9JHW9-F1-model_v4	AF-Q9JHW9-F1-model_v4 Aldehyde dehydrogenase family 1 member A3	2.043E-44	1.000	1729	13	475	527	48	506	512	468	0.879	0.896
LOKIASV2_4403_ESMFold_NAD-dependent_succinate-semialdehyde_dehydrogenase	AF-P47895-F1-model_v4	AF-P47895-F1-model_v4 Aldehyde dehydrogenase family 1 member A3	8.573E-45	1.000	1729	9	475	527	44	506	512	473	0.886	0.904
LOKIASV2_4403_ESMFold_NAD-dependent_succinate-semialdehyde_dehydrogenase	AF-Q9LRE9-F1-model_v4	AF-Q9LRE9-F1-model_v4 Cytosolic aldehyde dehydrogenase	1.736E-44	1.000	1727	13	480	527	38	500	502	472	0.888	0.922
LOKIASV2_4403_ESMFold_NAD-dependent_succinate-semialdehyde_dehydrogenase	AF-P80668-F1-model_v4	AF-P80668-F1-model_v4 Phenylacetaldehyde dehydrogenase	4.234E-45	1.000	1724	9	474	527	32	497	499	472	0.884	0.934
LOKIASV2_4403_ESMFold_NAD-dependent_succinate-semialdehyde_dehydrogenase	AF-P00352-F1-model_v4	AF-P00352-F1-model_v4 Retinal dehydrogenase 1	6.900E-45	1.000	1724	13	481	527	37	501	501	475	0.890	0.928
LOKIASV2_4403_ESMFold_NAD-dependent_succinate-semialdehyde_dehydrogenase	AF-K0EQY8-F1-model_v4	AF-K0EQY8-F1-model_v4 Aldehyde dehydrogenase	2.538E-44	1.000	1723	13	475	527	36	493	495	466	0.879	0.925
LOKIASV2_4403_ESMFold_NAD-dependent_succinate-semialdehyde_dehydrogenase	AF-A0A0D2H5M9-F1-model_v4	AF-A0A0D2H5M9-F1-model_v4 Unplaced genomic scaffold supercont1.1, whole genome shotgun sequence	2.538E-44	1.000	1723	13	480	527	34	494	496	472	0.888	0.929
LOKIASV2_4403_ESMFold_NAD-dependent_succinate-semialdehyde_dehydrogenase	AF-P40047-F1-model_v4	AF-P40047-F1-model_v4 Aldehyde dehydrogenase 5, mitochondrial	7.285E-45	1.000	1721	13	481	527	60	520	520	474	0.890	0.887
LOKIASV2_4403_ESMFold_NAD-dependent_succinate-semialdehyde_dehydrogenase	AF-A0A175VNT3-F1-model_v4	AF-A0A175VNT3-F1-model_v4 Putative betaine aldehyde dehydrogenase	1.644E-44	1.000	1720	12	479	527	4	467	467	473	0.888	0.994
LOKIASV2_4403_ESMFold_NAD-dependent_succinate-semialdehyde_dehydrogenase	AF-A0A0D2H488-F1-model_v4	AF-A0A0D2H488-F1-model_v4 Unplaced genomic scaffold supercont1.4, whole genome shotgun sequence	1.323E-44	1.000	1720	8	479	527	22	481	481	474	0.896	0.956
LOKIASV2_4403_ESMFold_NAD-dependent_succinate-semialdehyde_dehydrogenase	AF-A0A0D2G4M9-F1-model_v4	AF-A0A0D2G4M9-F1-model_v4 Unplaced genomic scaffold supercont1.7, whole genome shotgun sequence	1.557E-44	1.000	1720	9	479	527	25	482	482	472	0.894	0.950
LOKIASV2_4403_ESMFold_NAD-dependent_succinate-semialdehyde_dehydrogenase	AF-Q63639-F1-model_v4	AF-Q63639-F1-model_v4 Retinal dehydrogenase 2	5.863E-45	1.000	1720	13	481	527	54	518	518	476	0.890	0.898
LOKIASV2_4403_ESMFold_NAD-dependent_succinate-semialdehyde_dehydrogenase	AF-I1KXG9-F1-model_v4	AF-I1KXG9-F1-model_v4 Aldedh domain-containing protein	3.057E-45	1.000	1720	9	481	527	68	535	536	479	0.898	0.873
LOKIASV2_4403_ESMFold_NAD-dependent_succinate-semialdehyde_dehydrogenase	AF-A0A0K0DTP4-F1-model_v4	AF-A0A0K0DTP4-F1-model_v4 Aldedh domain-containing protein	3.798E-45	1.000	1719	13	481	527	48	512	512	479	0.890	0.908
LOKIASV2_4403_ESMFold_NAD-dependent_succinate-semialdehyde_dehydrogenase	AF-Q9STS1-F1-model_v4	AF-Q9STS1-F1-model_v4 Betaine aldehyde dehydrogenase 2, mitochondrial	9.051E-45	1.000	1717	13	491	527	24	500	503	488	0.909	0.948
LOKIASV2_4403_ESMFold_NAD-dependent_succinate-semialdehyde_dehydrogenase	AF-O94788-F1-model_v4	AF-O94788-F1-model_v4 Retinal dehydrogenase 2	7.691E-45	1.000	1717	13	481	527	54	518	518	476	0.890	0.898
LOKIASV2_4403_ESMFold_NAD-dependent_succinate-semialdehyde_dehydrogenase	AF-A4I1F4-F1-model_v4	AF-A4I1F4-F1-model_v4 Aldehyde dehydrogenase, mitochondrial	6.741E-44	1.000	1714	12	481	527	35	499	499	475	0.892	0.932
LOKIASV2_4403_ESMFold_NAD-dependent_succinate-semialdehyde_dehydrogenase	AF-I1L4H1-F1-model_v4	AF-I1L4H1-F1-model_v4 Aldedh domain-containing protein	4.719E-45	1.000	1714	13	480	527	37	499	501	475	0.888	0.924
LOKIASV2_4403_ESMFold_NAD-dependent_succinate-semialdehyde_dehydrogenase	AF-G4VN20-F1-model_v4	AF-G4VN20-F1-model_v4 Putative aldehyde dehydrogenase	4.982E-45	1.000	1714	9	481	527	51	518	519	479	0.898	0.902
LOKIASV2_4403_ESMFold_NAD-dependent_succinate-semialdehyde_dehydrogenase	AF-C0NSW3-F1-model_v4	AF-C0NSW3-F1-model_v4 Aldehyde dehydrogenase	4.367E-44	1.000	1712	13	480	527	34	494	496	472	0.888	0.929
LOKIASV2_4403_ESMFold_NAD-dependent_succinate-semialdehyde_dehydrogenase	AF-Q9HWV5-F1-model_v4	AF-Q9HWV5-F1-model_v4 Probable aldehyde dehydrogenase	2.987E-44	1.000	1711	13	474	527	33	493	495	469	0.877	0.931
LOKIASV2_4403_ESMFold_NAD-dependent_succinate-semialdehyde_dehydrogenase	AF-A0A1C1C9A8-F1-model_v4	AF-A0A1C1C9A8-F1-model_v4 Aldehyde dehydrogenase	6.741E-44	1.000	1711	13	480	527	34	494	496	472	0.888	0.929
LOKIASV2_4403_ESMFold_NAD-dependent_succinate-semialdehyde_dehydrogenase	AF-A0A1C1D2D8-F1-model_v4	AF-A0A1C1D2D8-F1-model_v4 Betaine aldehyde dehydrogenase, chloroplastic	2.043E-44	1.000	1709	9	476	527	24	478	480	472	0.888	0.948
LOKIASV2_4403_ESMFold_NAD-dependent_succinate-semialdehyde_dehydrogenase	AF-U7PKC1-F1-model_v4	AF-U7PKC1-F1-model_v4 Aldedh domain-containing protein	8.843E-44	1.000	1709	13	479	527	36	502	503	475	0.886	0.928
LOKIASV2_4403_ESMFold_NAD-dependent_succinate-semialdehyde_dehydrogenase	AF-B9F3B6-F1-model_v4	AF-B9F3B6-F1-model_v4 Succinate-semialdehyde dehydrogenase, mitochondrial	2.987E-44	1.000	1709	13	476	527	70	525	527	466	0.880	0.865
LOKIASV2_4403_ESMFold_NAD-dependent_succinate-semialdehyde_dehydrogenase	AF-A0A1D8PGT5-F1-model_v4	AF-A0A1D8PGT5-F1-model_v4 Aldehyde dehydrogenase (NAD(P)(+))	4.868E-44	1.000	1708	13	480	527	40	499	499	471	0.888	0.922
LOKIASV2_4403_ESMFold_NAD-dependent_succinate-semialdehyde_dehydrogenase	AF-A0A0D2E2B8-F1-model_v4	AF-A0A0D2E2B8-F1-model_v4 Unplaced genomic scaffold supercont1.2, whole genome shotgun sequence	2.043E-44	1.000	1708	9	479	527	32	500	501	478	0.894	0.936
LOKIASV2_4403_ESMFold_NAD-dependent_succinate-semialdehyde_dehydrogenase	AF-A0A1D6FYF4-F1-model_v4	AF-A0A1D6FYF4-F1-model_v4 Aldehyde dehydrogenase family 2 member C4	1.187E-44	1.000	1708	9	479	527	44	511	512	479	0.894	0.914
LOKIASV2_4403_ESMFold_NAD-dependent_succinate-semialdehyde_dehydrogenase	AF-Q2FV10-F1-model_v4	AF-Q2FV10-F1-model_v4 Betaine aldehyde dehydrogenase	4.719E-45	1.000	1707	9	481	527	21	496	496	487	0.898	0.960
LOKIASV2_4403_ESMFold_NAD-dependent_succinate-semialdehyde_dehydrogenase	AF-P13601-F1-model_v4	AF-P13601-F1-model_v4 Aldehyde dehydrogenase, cytosolic 1	2.987E-44	1.000	1707	13	481	527	37	501	501	475	0.890	0.928
LOKIASV2_4403_ESMFold_NAD-dependent_succinate-semialdehyde_dehydrogenase	AF-O24174-F1-model_v4	AF-O24174-F1-model_v4 Betaine aldehyde dehydrogenase 1	1.253E-44	1.000	1707	13	493	527	26	504	505	490	0.913	0.949
LOKIASV2_4403_ESMFold_NAD-dependent_succinate-semialdehyde_dehydrogenase	AF-Q9URW9-F1-model_v4	AF-Q9URW9-F1-model_v4 Putative aldehyde dehydrogenase-like protein C922.07c	6.741E-44	1.000	1705	9	479	527	31	495	496	473	0.894	0.938
LOKIASV2_4403_ESMFold_NAD-dependent_succinate-semialdehyde_dehydrogenase	AF-Q9TXM0-F1-model_v4	AF-Q9TXM0-F1-model_v4 Aldedh domain-containing protein	8.573E-45	1.000	1704	9	481	527	46	514	514	481	0.898	0.912
LOKIASV2_4403_ESMFold_NAD-dependent_succinate-semialdehyde_dehydrogenase	AF-U7PZ31-F1-model_v4	AF-U7PZ31-F1-model_v4 Aldedh domain-containing protein	2.404E-44	1.000	1702	12	479	527	4	468	468	474	0.888	0.994
LOKIASV2_4403_ESMFold_NAD-dependent_succinate-semialdehyde_dehydrogenase	AF-O14293-F1-model_v4	AF-O14293-F1-model_v4 Putative aldehyde dehydrogenase-like protein C9E9.09c	1.041E-43	1.000	1702	13	480	527	39	501	503	473	0.888	0.920
LOKIASV2_4403_ESMFold_NAD-dependent_succinate-semialdehyde_dehydrogenase	AF-A0A1D8PHY1-F1-model_v4	AF-A0A1D8PHY1-F1-model_v4 Meiotic recombination directing protein	3.682E-46	1.000	1700	12	518	527	83	612	614	535	0.962	0.863
LOKIASV2_4403_ESMFold_NAD-dependent_succinate-semialdehyde_dehydrogenase	AF-A0A1D6KPH6-F1-model_v4	AF-A0A1D6KPH6-F1-model_v4 Aminoaldehyde dehydrogenase 1b	4.982E-45	1.000	1699	13	493	527	27	505	506	492	0.913	0.947
LOKIASV2_4403_ESMFold_NAD-dependent_succinate-semialdehyde_dehydrogenase	AF-Q9SAK4-F1-model_v4	AF-Q9SAK4-F1-model_v4 Succinate-semialdehyde dehydrogenase, mitochondrial	3.918E-44	1.000	1699	13	475	527	69	523	528	465	0.879	0.862
LOKIASV2_4403_ESMFold_NAD-dependent_succinate-semialdehyde_dehydrogenase	AF-K0EVK0-F1-model_v4	AF-K0EVK0-F1-model_v4 Aldehyde dehydrogenase	3.408E-45	1.000	1697	1	504	527	1	498	501	513	0.956	0.994
LOKIASV2_4403_ESMFold_NAD-dependent_succinate-semialdehyde_dehydrogenase	AF-C0P9J6-F1-model_v4	AF-C0P9J6-F1-model_v4 Aminoaldehyde dehydrogenase 1	7.285E-45	1.000	1697	13	492	527	26	503	505	491	0.911	0.947
LOKIASV2_4403_ESMFold_NAD-dependent_succinate-semialdehyde_dehydrogenase	AF-A0A3Q0KRE5-F1-model_v4	AF-A0A3Q0KRE5-F1-model_v4 Putative succinate semialdehyde dehydrogenase	3.408E-45	1.000	1697	13	479	527	64	539	539	487	0.886	0.883
LOKIASV2_4403_ESMFold_NAD-dependent_succinate-semialdehyde_dehydrogenase	AF-B4FYG3-F1-model_v4	AF-B4FYG3-F1-model_v4 Aldehyde dehydrogenase	4.367E-44	1.000	1696	13	475	527	70	524	527	466	0.879	0.863
LOKIASV2_4403_ESMFold_NAD-dependent_succinate-semialdehyde_dehydrogenase	AF-C1H3P9-F1-model_v4	AF-C1H3P9-F1-model_v4 Betaine aldehyde dehydrogenase	1.365E-43	1.000	1695	9	479	527	20	478	478	472	0.894	0.960
LOKIASV2_4403_ESMFold_NAD-dependent_succinate-semialdehyde_dehydrogenase	AF-I1N1F9-F1-model_v4	AF-I1N1F9-F1-model_v4 Aldedh domain-containing protein	1.125E-44	1.000	1694	9	481	527	68	535	536	480	0.898	0.873
LOKIASV2_4403_ESMFold_NAD-dependent_succinate-semialdehyde_dehydrogenase	AF-C1GZG6-F1-model_v4	AF-C1GZG6-F1-model_v4 Aldehyde dehydrogenase	3.918E-44	1.000	1692	12	479	527	4	471	471	477	0.888	0.994
LOKIASV2_4403_ESMFold_NAD-dependent_succinate-semialdehyde_dehydrogenase	AF-Q8ZM28-F1-model_v4	AF-Q8ZM28-F1-model_v4 Putative NAD-dependent aldehyde dehydrogenase	4.611E-44	1.000	1692	13	474	527	33	492	494	468	0.877	0.931
LOKIASV2_4403_ESMFold_NAD-dependent_succinate-semialdehyde_dehydrogenase	AF-Q4DYS1-F1-model_v4	AF-Q4DYS1-F1-model_v4 Aldehyde dehydrogenase, putative	3.515E-44	1.000	1692	9	477	527	42	504	504	475	0.890	0.919
LOKIASV2_4403_ESMFold_NAD-dependent_succinate-semialdehyde_dehydrogenase	AF-Q8ZMM2-F1-model_v4	AF-Q8ZMM2-F1-model_v4 NADP-dependent succinate-semialdehyde dehydrogenase I	2.680E-44	1.000	1691	12	475	527	26	481	482	468	0.880	0.946
LOKIASV2_4403_ESMFold_NAD-dependent_succinate-semialdehyde_dehydrogenase	AF-Q9S795-F1-model_v4	AF-Q9S795-F1-model_v4 Betaine aldehyde dehydrogenase 1, chloroplastic	1.644E-44	1.000	1691	13	491	527	24	500	501	490	0.909	0.952
LOKIASV2_4403_ESMFold_NAD-dependent_succinate-semialdehyde_dehydrogenase	AF-Q84LK3-F1-model_v4	AF-Q84LK3-F1-model_v4 Betaine aldehyde dehydrogenase 2	1.009E-44	1.000	1691	13	493	527	24	502	503	492	0.913	0.952
LOKIASV2_4403_ESMFold_NAD-dependent_succinate-semialdehyde_dehydrogenase	AF-I1KIS2-F1-model_v4	AF-I1KIS2-F1-model_v4 Aldedh domain-containing protein	1.833E-44	1.000	1690	13	480	527	37	499	501	475	0.888	0.924
LOKIASV2_4403_ESMFold_NAD-dependent_succinate-semialdehyde_dehydrogenase	AF-P30837-F1-model_v4	AF-P30837-F1-model_v4 Aldehyde dehydrogenase X, mitochondrial	5.729E-44	1.000	1690	10	481	527	50	517	517	478	0.896	0.905
LOKIASV2_4403_ESMFold_NAD-dependent_succinate-semialdehyde_dehydrogenase	AF-Q9VLC5-F1-model_v4	AF-Q9VLC5-F1-model_v4 Aldehyde dehydrogenase	3.711E-44	1.000	1690	9	481	527	52	519	520	479	0.898	0.900
LOKIASV2_4403_ESMFold_NAD-dependent_succinate-semialdehyde_dehydrogenase	AF-Q2G1J0-F1-model_v4	AF-Q2G1J0-F1-model_v4 Putative aldehyde dehydrogenase AldA	1.009E-44	1.000	1688	9	481	527	25	492	495	482	0.898	0.945
LOKIASV2_4403_ESMFold_NAD-dependent_succinate-semialdehyde_dehydrogenase	AF-A0A1D8PSW6-F1-model_v4	AF-A0A1D8PSW6-F1-model_v4 Aldedh domain-containing protein	6.385E-44	1.000	1688	13	479	527	37	500	501	475	0.886	0.926
LOKIASV2_4403_ESMFold_NAD-dependent_succinate-semialdehyde_dehydrogenase	AF-Q62148-F1-model_v4	AF-Q62148-F1-model_v4 Retinal dehydrogenase 2	1.644E-44	1.000	1688	13	481	527	54	518	518	478	0.890	0.898
LOKIASV2_4403_ESMFold_NAD-dependent_succinate-semialdehyde_dehydrogenase	AF-P47738-F1-model_v4	AF-P47738-F1-model_v4 Aldehyde dehydrogenase, mitochondrial	1.397E-44	1.000	1688	10	481	527	52	519	519	480	0.896	0.902
LOKIASV2_4403_ESMFold_NAD-dependent_succinate-semialdehyde_dehydrogenase	AF-Q2FWD6-F1-model_v4	AF-Q2FWD6-F1-model_v4 Putative aldehyde dehydrogenase	2.987E-44	1.000	1686	9	472	527	17	470	475	469	0.880	0.956
LOKIASV2_4403_ESMFold_NAD-dependent_succinate-semialdehyde_dehydrogenase	AF-B4G044-F1-model_v4	AF-B4G044-F1-model_v4 Betaine aldehyde dehydrogenase 2 mitochondrial	1.736E-44	1.000	1685	13	492	527	26	504	506	492	0.911	0.947
LOKIASV2_4403_ESMFold_NAD-dependent_succinate-semialdehyde_dehydrogenase	AF-E7EXW7-F1-model_v4	AF-E7EXW7-F1-model_v4 10-formyltetrahydrofolate dehydrogenase	1.996E-43	1.000	1685	13	474	527	451	913	915	468	0.877	0.506
LOKIASV2_4403_ESMFold_NAD-dependent_succinate-semialdehyde_dehydrogenase	AF-Q8ZPC9-F1-model_v4	AF-Q8ZPC9-F1-model_v4 Gamma-aminobutyraldehyde dehydrogenase	7.117E-44	1.000	1684	9	475	527	14	473	474	469	0.886	0.970
LOKIASV2_4403_ESMFold_NAD-dependent_succinate-semialdehyde_dehydrogenase	AF-Q5F7V6-F1-model_v4	AF-Q5F7V6-F1-model_v4 Succinate-semialdehyde dehydrogenase	6.741E-44	1.000	1684	9	475	527	17	475	477	472	0.886	0.962
LOKIASV2_4403_ESMFold_NAD-dependent_succinate-semialdehyde_dehydrogenase	AF-Q9HYA5-F1-model_v4	AF-Q9HYA5-F1-model_v4 Probable aldehyde dehydrogenase	4.611E-44	1.000	1684	9	489	527	19	494	494	489	0.913	0.964
LOKIASV2_4403_ESMFold_NAD-dependent_succinate-semialdehyde_dehydrogenase	AF-Q54FY1-F1-model_v4	AF-Q54FY1-F1-model_v4 Aldehyde dehydrogenase	6.385E-44	1.000	1684	13	479	527	25	488	494	476	0.886	0.939
LOKIASV2_4403_ESMFold_NAD-dependent_succinate-semialdehyde_dehydrogenase	AF-A0A0D2HB69-F1-model_v4	AF-A0A0D2HB69-F1-model_v4 Unplaced genomic scaffold supercont1.3, whole genome shotgun sequence	2.538E-44	1.000	1684	10	491	527	19	491	496	487	0.915	0.954
LOKIASV2_4403_ESMFold_NAD-dependent_succinate-semialdehyde_dehydrogenase	AF-O59808-F1-model_v4	AF-O59808-F1-model_v4 Probable betaine aldehyde dehydrogenase	3.515E-44	1.000	1683	10	475	527	36	498	500	474	0.884	0.926
LOKIASV2_4403_ESMFold_NAD-dependent_succinate-semialdehyde_dehydrogenase	AF-Q9SU63-F1-model_v4	AF-Q9SU63-F1-model_v4 Aldehyde dehydrogenase family 2 member B4, mitochondrial	4.611E-44	1.000	1683	9	480	527	70	536	538	478	0.896	0.868
LOKIASV2_4403_ESMFold_NAD-dependent_succinate-semialdehyde_dehydrogenase	AF-C1H3A6-F1-model_v4	AF-C1H3A6-F1-model_v4 Aldehyde dehydrogenase	1.791E-43	1.000	1682	13	479	527	34	495	496	473	0.886	0.931
LOKIASV2_4403_ESMFold_NAD-dependent_succinate-semialdehyde_dehydrogenase	AF-Q9CZS1-F1-model_v4	AF-Q9CZS1-F1-model_v4 Aldehyde dehydrogenase X, mitochondrial	7.933E-44	1.000	1682	10	481	527	52	518	519	478	0.896	0.900
LOKIASV2_4403_ESMFold_NAD-dependent_succinate-semialdehyde_dehydrogenase	AF-I1KCH8-F1-model_v4	AF-I1KCH8-F1-model_v4 Aldedh domain-containing protein	4.136E-44	1.000	1682	9	481	527	72	539	540	479	0.898	0.867
LOKIASV2_4403_ESMFold_NAD-dependent_succinate-semialdehyde_dehydrogenase	AF-C0NLT7-F1-model_v4	AF-C0NLT7-F1-model_v4 Succinate-semialdehyde dehydrogenase	5.301E-43	1.000	1681	13	475	527	35	495	500	469	0.879	0.922
LOKIASV2_4403_ESMFold_NAD-dependent_succinate-semialdehyde_dehydrogenase	AF-P47771-F1-model_v4	AF-P47771-F1-model_v4 Aldehyde dehydrogenase [NAD(P)+] 1	2.987E-44	1.000	1681	9	480	527	33	506	506	484	0.896	0.937
LOKIASV2_4403_ESMFold_NAD-dependent_succinate-semialdehyde_dehydrogenase	AF-P05091-F1-model_v4	AF-P05091-F1-model_v4 Aldehyde dehydrogenase, mitochondrial	3.153E-44	1.000	1681	10	481	527	50	517	517	480	0.896	0.905
LOKIASV2_4403_ESMFold_NAD-dependent_succinate-semialdehyde_dehydrogenase	AF-A0A0H3GM18-F1-model_v4	AF-A0A0H3GM18-F1-model_v4 Putative aldehyde dehydrogenase	3.153E-44	1.000	1680	13	476	527	2	456	456	470	0.880	0.998
LOKIASV2_4403_ESMFold_NAD-dependent_succinate-semialdehyde_dehydrogenase	AF-C0NMH9-F1-model_v4	AF-C0NMH9-F1-model_v4 Retinal dehydrogenase	2.225E-43	1.000	1680	9	479	527	66	535	536	478	0.894	0.877
LOKIASV2_4403_ESMFold_NAD-dependent_succinate-semialdehyde_dehydrogenase	AF-A0A1D6Q9M2-F1-model_v4	AF-A0A1D6Q9M2-F1-model_v4 Aldehyde dehydrogenase2	1.736E-44	1.000	1680	9	480	527	111	577	579	480	0.896	0.807
LOKIASV2_4403_ESMFold_NAD-dependent_succinate-semialdehyde_dehydrogenase	AF-O35945-F1-model_v4	AF-O35945-F1-model_v4 Aldehyde dehydrogenase, cytosolic 1	2.680E-44	1.000	1679	10	481	527	34	501	501	479	0.896	0.934
LOKIASV2_4403_ESMFold_NAD-dependent_succinate-semialdehyde_dehydrogenase	AF-I1J5A5-F1-model_v4	AF-I1J5A5-F1-model_v4 Aldedh domain-containing protein	6.048E-44	1.000	1679	13	480	527	74	536	538	474	0.888	0.861
LOKIASV2_4403_ESMFold_NAD-dependent_succinate-semialdehyde_dehydrogenase	AF-Q8S529-F1-model_v4	AF-Q8S529-F1-model_v4 Aldehyde dehydrogenase5	6.741E-44	1.000	1678	9	481	527	43	510	511	479	0.898	0.916
LOKIASV2_4403_ESMFold_NAD-dependent_succinate-semialdehyde_dehydrogenase	AF-I1JC17-F1-model_v4	AF-I1JC17-F1-model_v4 Aldedh domain-containing protein	1.187E-44	1.000	1678	13	481	527	75	538	539	479	0.890	0.861
LOKIASV2_4403_ESMFold_NAD-dependent_succinate-semialdehyde_dehydrogenase	AF-P77674-F1-model_v4	AF-P77674-F1-model_v4 Gamma-aminobutyraldehyde dehydrogenase	9.336E-44	1.000	1677	9	475	527	14	473	474	469	0.886	0.970
LOKIASV2_4403_ESMFold_NAD-dependent_succinate-semialdehyde_dehydrogenase	AF-P25526-F1-model_v4	AF-P25526-F1-model_v4 Succinate-semialdehyde dehydrogenase [NADP(+)] GabD	1.522E-43	1.000	1677	12	475	527	26	481	482	467	0.880	0.946
LOKIASV2_4403_ESMFold_NAD-dependent_succinate-semialdehyde_dehydrogenase	AF-G5ECV9-F1-model_v4	AF-G5ECV9-F1-model_v4 10-formyltetrahydrofolate dehydrogenase	2.349E-43	1.000	1677	13	474	527	444	906	908	468	0.877	0.510
LOKIASV2_4403_ESMFold_NAD-dependent_succinate-semialdehyde_dehydrogenase	AF-P51647-F1-model_v4	AF-P51647-F1-model_v4 Retinal dehydrogenase 1	1.890E-43	1.000	1676	13	481	527	37	501	501	475	0.890	0.928
LOKIASV2_4403_ESMFold_NAD-dependent_succinate-semialdehyde_dehydrogenase	AF-Q9I6M5-F1-model_v4	AF-Q9I6M5-F1-model_v4 Glutarate-semialdehyde dehydrogenase	2.349E-43	1.000	1675	13	473	527	27	479	483	463	0.875	0.938
LOKIASV2_4403_ESMFold_NAD-dependent_succinate-semialdehyde_dehydrogenase	AF-B0M1A6-F1-model_v4	AF-B0M1A6-F1-model_v4 Betaine aldehyde dehydrogenase	1.397E-44	1.000	1675	12	491	527	23	500	503	492	0.911	0.950
LOKIASV2_4403_ESMFold_NAD-dependent_succinate-semialdehyde_dehydrogenase	AF-P46367-F1-model_v4	AF-P46367-F1-model_v4 Potassium-activated aldehyde dehydrogenase, mitochondrial	3.626E-43	1.000	1675	13	477	527	61	518	519	470	0.882	0.882
LOKIASV2_4403_ESMFold_NAD-dependent_succinate-semialdehyde_dehydrogenase	AF-A0A0D2EX05-F1-model_v4	AF-A0A0D2EX05-F1-model_v4 Unplaced genomic scaffold supercont1.5, whole genome shotgun sequence	4.234E-45	1.000	1675	2	527	527	92	636	673	550	0.998	0.810
LOKIASV2_4403_ESMFold_NAD-dependent_succinate-semialdehyde_dehydrogenase	AF-Q9HWQ8-F1-model_v4	AF-Q9HWQ8-F1-model_v4 5-carboxy-2-hydroxymuconate semialdehyde dehydrogenase	4.868E-44	1.000	1673	9	475	527	12	475	486	475	0.886	0.955
LOKIASV2_4403_ESMFold_NAD-dependent_succinate-semialdehyde_dehydrogenase	AF-A0A1C1C843-F1-model_v4	AF-A0A1C1C843-F1-model_v4 NAD/NADP-dependent betaine aldehyde dehydrogenase	1.160E-43	1.000	1673	10	487	527	19	487	496	483	0.907	0.946
LOKIASV2_4403_ESMFold_NAD-dependent_succinate-semialdehyde_dehydrogenase	AF-P11884-F1-model_v4	AF-P11884-F1-model_v4 Aldehyde dehydrogenase, mitochondrial	3.329E-44	1.000	1673	10	481	527	52	519	519	480	0.896	0.902
LOKIASV2_4403_ESMFold_NAD-dependent_succinate-semialdehyde_dehydrogenase	AF-Q54QC5-F1-model_v4	AF-Q54QC5-F1-model_v4 Aldehyde dehydrogenase	3.711E-44	1.000	1672	13	475	527	23	492	495	478	0.879	0.949
LOKIASV2_4403_ESMFold_NAD-dependent_succinate-semialdehyde_dehydrogenase	AF-Q94JC6-F1-model_v4	AF-Q94JC6-F1-model_v4 Os01g0591300 protein	1.225E-43	1.000	1672	9	480	527	39	505	507	478	0.896	0.921
LOKIASV2_4403_ESMFold_NAD-dependent_succinate-semialdehyde_dehydrogenase	AF-Q9LRI6-F1-model_v4	AF-Q9LRI6-F1-model_v4 Mitochondrial aldehyde dehydrogenase ALDH2a	1.644E-44	1.000	1672	9	481	527	85	552	553	481	0.898	0.846
LOKIASV2_4403_ESMFold_NAD-dependent_succinate-semialdehyde_dehydrogenase	AF-Q7Z1Q3-F1-model_v4	AF-Q7Z1Q3-F1-model_v4 Aldedh domain-containing protein	4.267E-43	1.000	1671	9	481	527	24	496	499	479	0.898	0.948
LOKIASV2_4403_ESMFold_NAD-dependent_succinate-semialdehyde_dehydrogenase	AF-Q8BWF0-F1-model_v4	AF-Q8BWF0-F1-model_v4 Succinate-semialdehyde dehydrogenase, mitochondrial	1.606E-43	1.000	1670	11	477	527	61	523	523	475	0.886	0.885
LOKIASV2_4403_ESMFold_NAD-dependent_succinate-semialdehyde_dehydrogenase	AF-I1M026-F1-model_v4	AF-I1M026-F1-model_v4 Aldedh domain-containing protein	2.680E-44	1.000	1670	9	481	527	72	539	540	481	0.898	0.867
LOKIASV2_4403_ESMFold_NAD-dependent_succinate-semialdehyde_dehydrogenase	AF-J9FMR1-F1-model_v4	AF-J9FMR1-F1-model_v4 Aldehyde dehydrogenase 11	1.441E-43	1.000	1670	9	483	527	225	695	697	482	0.901	0.676
LOKIASV2_4403_ESMFold_NAD-dependent_succinate-semialdehyde_dehydrogenase	AF-Q9H2A2-F1-model_v4	AF-Q9H2A2-F1-model_v4 2-aminomuconic semialdehyde dehydrogenase	2.764E-43	1.000	1669	11	475	527	22	486	487	472	0.882	0.955
LOKIASV2_4403_ESMFold_NAD-dependent_succinate-semialdehyde_dehydrogenase	AF-Q551V0-F1-model_v4	AF-Q551V0-F1-model_v4 Aldehyde dehydrogenase	1.510E-45	1.000	1669	12	513	527	64	556	625	517	0.953	0.789
LOKIASV2_4403_ESMFold_NAD-dependent_succinate-semialdehyde_dehydrogenase	AF-P24549-F1-model_v4	AF-P24549-F1-model_v4 Retinal dehydrogenase 1	1.099E-43	1.000	1668	13	481	527	37	501	501	476	0.890	0.928
LOKIASV2_4403_ESMFold_NAD-dependent_succinate-semialdehyde_dehydrogenase	AF-Q66HF8-F1-model_v4	AF-Q66HF8-F1-model_v4 Aldehyde dehydrogenase X, mitochondrial	2.349E-43	1.000	1667	10	481	527	52	518	519	478	0.896	0.900
LOKIASV2_4403_ESMFold_NAD-dependent_succinate-semialdehyde_dehydrogenase	AF-Q9VIC9-F1-model_v4	AF-Q9VIC9-F1-model_v4 10-formyltetrahydrofolate dehydrogenase	2.764E-43	1.000	1667	10	474	527	446	911	913	470	0.882	0.510
LOKIASV2_4403_ESMFold_NAD-dependent_succinate-semialdehyde_dehydrogenase	AF-A0A0H3GMI2-F1-model_v4	AF-A0A0H3GMI2-F1-model_v4 Putative aldehyde dehydrogenase	4.868E-44	1.000	1666	13	475	527	27	481	482	470	0.879	0.944
LOKIASV2_4403_ESMFold_NAD-dependent_succinate-semialdehyde_dehydrogenase	AF-Q56YU0-F1-model_v4	AF-Q56YU0-F1-model_v4 Aldehyde dehydrogenase family 2 member C4	1.225E-43	1.000	1666	9	480	527	32	499	501	479	0.896	0.934
LOKIASV2_4403_ESMFold_NAD-dependent_succinate-semialdehyde_dehydrogenase	AF-A0A0R4IIB7-F1-model_v4	AF-A0A0R4IIB7-F1-model_v4 Succinate-semialdehyde dehydrogenase	2.618E-43	1.000	1666	9	475	527	59	519	522	472	0.886	0.883
LOKIASV2_4403_ESMFold_NAD-dependent_succinate-semialdehyde_dehydrogenase	AF-P9WNX9-F1-model_v4	AF-P9WNX9-F1-model_v4 Succinate-semialdehyde dehydrogenase [NADP(+)] 1	2.764E-43	1.000	1665	14	473	527	3	455	457	463	0.873	0.991
LOKIASV2_4403_ESMFold_NAD-dependent_succinate-semialdehyde_dehydrogenase	AF-Q8S528-F1-model_v4	AF-Q8S528-F1-model_v4 Aldehyde dehydrogenase family 2 member B7, mitochondrial	6.741E-44	1.000	1664	12	481	527	69	533	534	477	0.892	0.871
LOKIASV2_4403_ESMFold_NAD-dependent_succinate-semialdehyde_dehydrogenase	AF-Q8ZJZ3-F1-model_v4	AF-Q8ZJZ3-F1-model_v4 Putative NAD-dependent aldehyde dehydrogenase	2.764E-43	1.000	1663	13	476	527	2	456	456	467	0.880	0.998
LOKIASV2_4403_ESMFold_NAD-dependent_succinate-semialdehyde_dehydrogenase	AF-P54114-F1-model_v4	AF-P54114-F1-model_v4 Aldehyde dehydrogenase [NAD(P)+] 2	4.367E-44	1.000	1663	9	480	527	33	506	506	484	0.896	0.937
LOKIASV2_4403_ESMFold_NAD-dependent_succinate-semialdehyde_dehydrogenase	AF-F1QZU7-F1-model_v4	AF-F1QZU7-F1-model_v4 Aldehyde dehydrogenase 2 family member, tandem duplicate 2	3.918E-44	1.000	1663	10	481	527	49	515	516	480	0.896	0.905
LOKIASV2_4403_ESMFold_NAD-dependent_succinate-semialdehyde_dehydrogenase	AF-C0NPF8-F1-model_v4	AF-C0NPF8-F1-model_v4 Succinate semialdehyde dehydrogenase	2.107E-43	1.000	1662	12	479	527	4	471	471	477	0.888	0.994
LOKIASV2_4403_ESMFold_NAD-dependent_succinate-semialdehyde_dehydrogenase	AF-A0A0H3GIS3-F1-model_v4	AF-A0A0H3GIS3-F1-model_v4 Succinate-semialdehyde dehydrogenase I	5.597E-43	1.000	1661	12	475	527	26	481	482	466	0.880	0.946
LOKIASV2_4403_ESMFold_NAD-dependent_succinate-semialdehyde_dehydrogenase	AF-A0A1D6LSK8-F1-model_v4	AF-A0A1D6LSK8-F1-model_v4 Aldehyde dehydrogenase family 2 member C4	2.987E-44	1.000	1660	12	480	527	48	531	533	496	0.890	0.908
LOKIASV2_4403_ESMFold_NAD-dependent_succinate-semialdehyde_dehydrogenase	AF-A0A1C1CY54-F1-model_v4	AF-A0A1C1CY54-F1-model_v4 Putative aldehyde dehydrogenase-like protein C21C3	8.120E-45	1.000	1660	9	522	527	77	612	623	540	0.975	0.860
LOKIASV2_4403_ESMFold_NAD-dependent_succinate-semialdehyde_dehydrogenase	AF-Q9UTM8-F1-model_v4	AF-Q9UTM8-F1-model_v4 Putative succinate-semialdehyde dehydrogenase C139.05 [NADP(+)]	6.587E-43	1.000	1659	13	477	527	34	493	493	472	0.882	0.933
LOKIASV2_4403_ESMFold_NAD-dependent_succinate-semialdehyde_dehydrogenase	AF-A0A2R8Q2N0-F1-model_v4	AF-A0A2R8Q2N0-F1-model_v4 10-formyltetrahydrofolate dehydrogenase	8.184E-43	1.000	1659	10	474	527	436	901	903	471	0.882	0.516
LOKIASV2_4403_ESMFold_NAD-dependent_succinate-semialdehyde_dehydrogenase	AF-A0A1C1C9A3-F1-model_v4	AF-A0A1C1C9A3-F1-model_v4 Phenylacetaldehyde dehydrogenase	5.426E-44	1.000	1658	12	479	527	4	476	476	483	0.888	0.994
LOKIASV2_4403_ESMFold_NAD-dependent_succinate-semialdehyde_dehydrogenase	AF-Q9HTP2-F1-model_v4	AF-Q9HTP2-F1-model_v4 Probable aldehyde dehydrogenase	2.349E-43	1.000	1657	9	475	527	32	496	497	477	0.886	0.936
LOKIASV2_4403_ESMFold_NAD-dependent_succinate-semialdehyde_dehydrogenase	AF-A0A0D2G894-F1-model_v4	AF-A0A0D2G894-F1-model_v4 Unplaced genomic scaffold supercont1.8, whole genome shotgun sequence	5.909E-43	1.000	1656	9	476	527	34	488	488	471	0.888	0.932
LOKIASV2_4403_ESMFold_NAD-dependent_succinate-semialdehyde_dehydrogenase	AF-A0A0H3GSZ8-F1-model_v4	AF-A0A0H3GSZ8-F1-model_v4 Putative aldehyde dehydrogenase	1.791E-43	1.000	1656	9	482	527	15	486	489	483	0.899	0.965
LOKIASV2_4403_ESMFold_NAD-dependent_succinate-semialdehyde_dehydrogenase	AF-P49189-F1-model_v4	AF-P49189-F1-model_v4 4-trimethylaminobutyraldehyde dehydrogenase	2.349E-43	1.000	1654	8	481	527	23	492	494	481	0.899	0.951
LOKIASV2_4403_ESMFold_NAD-dependent_succinate-semialdehyde_dehydrogenase	AF-P51649-F1-model_v4	AF-P51649-F1-model_v4 Succinate-semialdehyde dehydrogenase, mitochondrial	3.081E-43	1.000	1654	11	475	527	73	533	535	473	0.882	0.862
LOKIASV2_4403_ESMFold_NAD-dependent_succinate-semialdehyde_dehydrogenase	AF-Q9FRX7-F1-model_v4	AF-Q9FRX7-F1-model_v4 Aldehyde dehydrogenase ALDH2b	2.225E-43	1.000	1654	9	481	527	81	548	549	479	0.898	0.852
LOKIASV2_4403_ESMFold_NAD-dependent_succinate-semialdehyde_dehydrogenase	AF-Q32FQ5-F1-model_v4	AF-Q32FQ5-F1-model_v4 Gamma-aminobutyraldehyde dehydrogenase	3.434E-43	1.000	1653	9	475	527	14	473	474	469	0.886	0.970
LOKIASV2_4403_ESMFold_NAD-dependent_succinate-semialdehyde_dehydrogenase	AF-U7PHD6-F1-model_v4	AF-U7PHD6-F1-model_v4 Succinate-semialdehyde dehydrogenase	2.680E-44	1.000	1653	9	481	527	9	484	486	491	0.898	0.979
LOKIASV2_4403_ESMFold_NAD-dependent_succinate-semialdehyde_dehydrogenase	AF-Q38AY7-F1-model_v4	AF-Q38AY7-F1-model_v4 Aldehyde dehydrogenase, putative	2.349E-43	1.000	1653	9	475	527	102	561	563	471	0.886	0.817
LOKIASV2_4403_ESMFold_NAD-dependent_succinate-semialdehyde_dehydrogenase	AF-A2BGR9-F1-model_v4	AF-A2BGR9-F1-model_v4 Aldehyde dehydrogenase 2 family member, tandem duplicate 1	8.843E-44	1.000	1651	10	481	527	49	516	516	480	0.896	0.907
LOKIASV2_4403_ESMFold_NAD-dependent_succinate-semialdehyde_dehydrogenase	AF-A0A0R0I3A5-F1-model_v4	AF-A0A0R0I3A5-F1-model_v4 Aldedh domain-containing protein	1.151E-45	1.000	1651	8	525	527	60	572	584	532	0.983	0.878
LOKIASV2_4403_ESMFold_NAD-dependent_succinate-semialdehyde_dehydrogenase	AF-P51650-F1-model_v4	AF-P51650-F1-model_v4 Succinate-semialdehyde dehydrogenase, mitochondrial	5.301E-43	1.000	1650	10	475	527	60	521	523	474	0.884	0.883
LOKIASV2_4403_ESMFold_NAD-dependent_succinate-semialdehyde_dehydrogenase	AF-A0A0D2DC55-F1-model_v4	AF-A0A0D2DC55-F1-model_v4 Unplaced genomic scaffold supercont1.8, whole genome shotgun sequence	3.711E-44	1.000	1649	10	475	527	26	486	489	473	0.884	0.943
LOKIASV2_4403_ESMFold_NAD-dependent_succinate-semialdehyde_dehydrogenase	AF-C0NQH7-F1-model_v4	AF-C0NQH7-F1-model_v4 Aldedh domain-containing protein	1.125E-44	1.000	1649	6	518	527	80	633	634	557	0.973	0.874
LOKIASV2_4403_ESMFold_NAD-dependent_succinate-semialdehyde_dehydrogenase	AF-P38694-F1-model_v4	AF-P38694-F1-model_v4 Putative aldehyde dehydrogenase-like protein YHR039C	1.876E-45	1.000	1649	12	518	527	110	642	644	534	0.962	0.828
LOKIASV2_4403_ESMFold_NAD-dependent_succinate-semialdehyde_dehydrogenase	AF-P25553-F1-model_v4	AF-P25553-F1-model_v4 Lactaldehyde dehydrogenase	1.441E-43	1.000	1647	9	475	527	19	478	479	474	0.886	0.960
LOKIASV2_4403_ESMFold_NAD-dependent_succinate-semialdehyde_dehydrogenase	AF-Q9HUR4-F1-model_v4	AF-Q9HUR4-F1-model_v4 Probable aldehyde dehydrogenase	4.041E-43	1.000	1646	9	481	527	22	487	489	480	0.898	0.953
LOKIASV2_4403_ESMFold_NAD-dependent_succinate-semialdehyde_dehydrogenase	AF-A0A2K6VJ94-F1-model_v4	AF-A0A2K6VJ94-F1-model_v4 Aldedh domain-containing protein	2.349E-43	1.000	1646	13	475	527	48	505	506	472	0.879	0.905
LOKIASV2_4403_ESMFold_NAD-dependent_succinate-semialdehyde_dehydrogenase	AF-Q9US47-F1-model_v4	AF-Q9US47-F1-model_v4 Putative succinate-semialdehyde dehydrogenase C1002.12c [NADP(+)]	5.597E-43	1.000	1646	9	477	527	85	547	547	474	0.890	0.846
LOKIASV2_4403_ESMFold_NAD-dependent_succinate-semialdehyde_dehydrogenase	AF-Q3SY69-F1-model_v4	AF-Q3SY69-F1-model_v4 Mitochondrial 10-formyltetrahydrofolate dehydrogenase	1.334E-42	1.000	1646	13	474	527	459	921	923	468	0.877	0.502
LOKIASV2_4403_ESMFold_NAD-dependent_succinate-semialdehyde_dehydrogenase	AF-Q20352-F1-model_v4	AF-Q20352-F1-model_v4 Aldedh domain-containing protein	4.367E-44	1.000	1644	9	481	527	218	685	687	486	0.898	0.681
LOKIASV2_4403_ESMFold_NAD-dependent_succinate-semialdehyde_dehydrogenase	AF-A0A0D2HE72-F1-model_v4	AF-A0A0D2HE72-F1-model_v4 Unplaced genomic scaffold supercont1.2, whole genome shotgun sequence	5.597E-43	1.000	1643	9	484	527	16	484	488	478	0.903	0.961
LOKIASV2_4403_ESMFold_NAD-dependent_succinate-semialdehyde_dehydrogenase	AF-Q8ZPI3-F1-model_v4	AF-Q8ZPI3-F1-model_v4 Putative succinate-semialdehyde dehydrogenase	8.184E-43	1.000	1642	8	477	527	3	462	462	475	0.892	0.996
LOKIASV2_4403_ESMFold_NAD-dependent_succinate-semialdehyde_dehydrogenase	AF-K0EZV2-F1-model_v4	AF-K0EZV2-F1-model_v4 Phenylacetaldehyde dehydrogenase FeaB	3.918E-44	1.000	1642	9	474	527	17	471	471	477	0.884	0.966
LOKIASV2_4403_ESMFold_NAD-dependent_succinate-semialdehyde_dehydrogenase	AF-G4LWI3-F1-model_v4	AF-G4LWI3-F1-model_v4 Aldehyde dehydrogenase,putative	3.153E-44	1.000	1642	9	481	527	25	491	491	484	0.898	0.951
LOKIASV2_4403_ESMFold_NAD-dependent_succinate-semialdehyde_dehydrogenase	AF-A0A175WF97-F1-model_v4	AF-A0A175WF97-F1-model_v4 Succinate-semialdehyde dehydrogenase	1.996E-43	1.000	1642	13	480	527	68	533	533	476	0.888	0.874
LOKIASV2_4403_ESMFold_NAD-dependent_succinate-semialdehyde_dehydrogenase	AF-Q8BH00-F1-model_v4	AF-Q8BH00-F1-model_v4 2-aminomuconic semialdehyde dehydrogenase	5.301E-43	1.000	1641	11	475	527	22	486	487	474	0.882	0.955
LOKIASV2_4403_ESMFold_NAD-dependent_succinate-semialdehyde_dehydrogenase	AF-A0A0B4K6I6-F1-model_v4	AF-A0A0B4K6I6-F1-model_v4 Uncharacterized protein, isoform B	2.107E-43	1.000	1641	13	475	527	50	506	508	472	0.879	0.900
LOKIASV2_4403_ESMFold_NAD-dependent_succinate-semialdehyde_dehydrogenase	AF-P28037-F1-model_v4	AF-P28037-F1-model_v4 Cytosolic 10-formyltetrahydrofolate dehydrogenase	1.570E-42	1.000	1637	9	474	527	434	900	902	472	0.884	0.518
LOKIASV2_4403_ESMFold_NAD-dependent_succinate-semialdehyde_dehydrogenase	AF-A0A077Z0V3-F1-model_v4	AF-A0A077Z0V3-F1-model_v4 Aldehyde dehydrogenase, mitochondrial	6.385E-44	1.000	1636	13	483	527	15	508	518	505	0.894	0.954
LOKIASV2_4403_ESMFold_NAD-dependent_succinate-semialdehyde_dehydrogenase	AF-Q9JLJ3-F1-model_v4	AF-Q9JLJ3-F1-model_v4 4-trimethylaminobutyraldehyde dehydrogenase	3.081E-43	1.000	1635	8	481	527	23	492	494	481	0.899	0.951
LOKIASV2_4403_ESMFold_NAD-dependent_succinate-semialdehyde_dehydrogenase	AF-A0A0D2HP26-F1-model_v4	AF-A0A0D2HP26-F1-model_v4 Unplaced genomic scaffold supercont1.1, whole genome shotgun sequence	2.618E-43	1.000	1634	12	479	527	4	477	477	483	0.888	0.994
LOKIASV2_4403_ESMFold_NAD-dependent_succinate-semialdehyde_dehydrogenase	AF-A0A183XUQ2-F1-model_v4	AF-A0A183XUQ2-F1-model_v4 Aldedh domain-containing protein	1.749E-42	1.000	1633	10	475	527	45	505	506	472	0.884	0.911
LOKIASV2_4403_ESMFold_NAD-dependent_succinate-semialdehyde_dehydrogenase	AF-Q59T88-F1-model_v4	AF-Q59T88-F1-model_v4 Succinate-semialdehyde dehydrogenase	6.954E-43	1.000	1633	9	475	527	40	505	509	475	0.886	0.916
LOKIASV2_4403_ESMFold_NAD-dependent_succinate-semialdehyde_dehydrogenase	AF-C1GZA1-F1-model_v4	AF-C1GZA1-F1-model_v4 Succinate-semialdehyde dehydrogenase	4.906E-42	1.000	1631	13	475	527	34	494	499	472	0.879	0.924
LOKIASV2_4403_ESMFold_NAD-dependent_succinate-semialdehyde_dehydrogenase	AF-A0A1C1CC79-F1-model_v4	AF-A0A1C1CC79-F1-model_v4 Succinate-semialdehyde dehydrogenase	5.597E-43	1.000	1630	9	475	527	27	489	497	476	0.886	0.932
LOKIASV2_4403_ESMFold_NAD-dependent_succinate-semialdehyde_dehydrogenase	AF-U7PK64-F1-model_v4	AF-U7PK64-F1-model_v4 Aldedh domain-containing protein	2.059E-42	1.000	1630	9	475	527	30	494	499	476	0.886	0.932
LOKIASV2_4403_ESMFold_NAD-dependent_succinate-semialdehyde_dehydrogenase	AF-K0F7Y5-F1-model_v4	AF-K0F7Y5-F1-model_v4 Aldehyde dehydrogenase	1.017E-42	1.000	1629	13	472	527	28	481	484	466	0.873	0.938
LOKIASV2_4403_ESMFold_NAD-dependent_succinate-semialdehyde_dehydrogenase	AF-G4VAZ9-F1-model_v4	AF-G4VAZ9-F1-model_v4 Aldedh domain-containing protein	7.933E-44	1.000	1628	15	481	527	45	509	513	477	0.886	0.906
LOKIASV2_4403_ESMFold_NAD-dependent_succinate-semialdehyde_dehydrogenase	AF-Q9VBP6-F1-model_v4	AF-Q9VBP6-F1-model_v4 Succinate-semialdehyde dehydrogenase	5.597E-43	1.000	1627	5	475	527	41	504	509	477	0.894	0.912
LOKIASV2_4403_ESMFold_NAD-dependent_succinate-semialdehyde_dehydrogenase	AF-Q8R0Y6-F1-model_v4	AF-Q8R0Y6-F1-model_v4 Cytosolic 10-formyltetrahydrofolate dehydrogenase	4.169E-42	1.000	1627	13	474	527	438	900	902	468	0.877	0.513
LOKIASV2_4403_ESMFold_NAD-dependent_succinate-semialdehyde_dehydrogenase	AF-A0A0H3GM33-F1-model_v4	AF-A0A0H3GM33-F1-model_v4 4-hydroxyphenylacetate catabolism	2.918E-43	1.000	1626	11	481	527	16	483	488	482	0.894	0.959
LOKIASV2_4403_ESMFold_NAD-dependent_succinate-semialdehyde_dehydrogenase	AF-D3ZXY4-F1-model_v4	AF-D3ZXY4-F1-model_v4 Aldehyde dehydrogenase 8 family, member A1	1.847E-42	1.000	1623	11	475	527	22	486	487	473	0.882	0.955
LOKIASV2_4403_ESMFold_NAD-dependent_succinate-semialdehyde_dehydrogenase	AF-A0A0D2GVZ7-F1-model_v4	AF-A0A0D2GVZ7-F1-model_v4 Succinate-semialdehyde dehydrogenase	7.751E-43	1.000	1622	9	481	527	27	497	497	483	0.898	0.948
LOKIASV2_4403_ESMFold_NAD-dependent_succinate-semialdehyde_dehydrogenase	AF-A0A0D2FED2-F1-model_v4	AF-A0A0D2FED2-F1-model_v4 Unplaced genomic scaffold supercont1.1, whole genome shotgun sequence	4.169E-42	1.000	1621	13	475	527	33	490	493	469	0.879	0.929
LOKIASV2_4403_ESMFold_NAD-dependent_succinate-semialdehyde_dehydrogenase	AF-A0A0D2GX81-F1-model_v4	AF-A0A0D2GX81-F1-model_v4 Unplaced genomic scaffold supercont1.1, whole genome shotgun sequence	5.301E-43	1.000	1621	13	490	527	24	494	502	484	0.907	0.938
LOKIASV2_4403_ESMFold_NAD-dependent_succinate-semialdehyde_dehydrogenase	AF-X8FBL7-F1-model_v4	AF-X8FBL7-F1-model_v4 Aldehyde dehydrogenase family protein	1.408E-42	1.000	1620	9	477	527	17	483	484	478	0.890	0.965
LOKIASV2_4403_ESMFold_NAD-dependent_succinate-semialdehyde_dehydrogenase	AF-O75891-F1-model_v4	AF-O75891-F1-model_v4 Cytosolic 10-formyltetrahydrofolate dehydrogenase	6.435E-42	1.000	1620	13	474	527	438	900	902	468	0.877	0.513
LOKIASV2_4403_ESMFold_NAD-dependent_succinate-semialdehyde_dehydrogenase	AF-O69497-F1-model_v4	AF-O69497-F1-model_v4 Succinate-semialdehyde dehydrogenase [NADP(+)]	6.435E-42	1.000	1619	14	473	527	3	455	457	463	0.873	0.991
LOKIASV2_4403_ESMFold_NAD-dependent_succinate-semialdehyde_dehydrogenase	AF-Q32FZ9-F1-model_v4	AF-Q32FZ9-F1-model_v4 Putative aldehyde dehydrogenase	3.355E-42	1.000	1619	9	477	527	12	470	470	470	0.890	0.977
LOKIASV2_4403_ESMFold_NAD-dependent_succinate-semialdehyde_dehydrogenase	AF-P76149-F1-model_v4	AF-P76149-F1-model_v4 Succinate semialdehyde dehydrogenase [NAD(P)+] Sad	3.740E-42	1.000	1618	9	477	527	4	462	462	471	0.890	0.994
LOKIASV2_4403_ESMFold_NAD-dependent_succinate-semialdehyde_dehydrogenase	AF-C1HD77-F1-model_v4	AF-C1HD77-F1-model_v4 Succinate-semialdehyde dehydrogenase	5.021E-43	1.000	1618	9	481	527	27	497	497	484	0.898	0.948
LOKIASV2_4403_ESMFold_NAD-dependent_succinate-semialdehyde_dehydrogenase	AF-A0A0D2DAY4-F1-model_v4	AF-A0A0D2DAY4-F1-model_v4 Unplaced genomic scaffold supercont1.8, whole genome shotgun sequence	2.174E-42	1.000	1616	8	475	527	116	577	580	474	0.888	0.797
LOKIASV2_4403_ESMFold_NAD-dependent_succinate-semialdehyde_dehydrogenase	AF-U7PYT1-F1-model_v4	AF-U7PYT1-F1-model_v4 Aldedh domain-containing protein	1.644E-44	1.000	1616	9	518	527	75	620	621	549	0.968	0.879
LOKIASV2_4403_ESMFold_NAD-dependent_succinate-semialdehyde_dehydrogenase	AF-C1H1C0-F1-model_v4	AF-C1H1C0-F1-model_v4 Betaine aldehyde dehydrogenase	1.557E-44	1.000	1615	11	518	527	85	633	634	555	0.964	0.866
LOKIASV2_4403_ESMFold_NAD-dependent_succinate-semialdehyde_dehydrogenase	AF-A0A0D2H0E1-F1-model_v4	AF-A0A0D2H0E1-F1-model_v4 Unplaced genomic scaffold supercont1.2, whole genome shotgun sequence	2.295E-42	1.000	1614	13	475	527	33	490	493	471	0.879	0.929
LOKIASV2_4403_ESMFold_NAD-dependent_succinate-semialdehyde_dehydrogenase	AF-K0F1X2-F1-model_v4	AF-K0F1X2-F1-model_v4 Betaine-aldehyde dehydrogenase	1.263E-42	1.000	1614	12	482	527	20	488	493	478	0.894	0.951
LOKIASV2_4403_ESMFold_NAD-dependent_succinate-semialdehyde_dehydrogenase	AF-I1MTI7-F1-model_v4	AF-I1MTI7-F1-model_v4 Aldedh domain-containing protein	3.178E-42	1.000	1613	33	481	527	7	450	451	455	0.852	0.984
LOKIASV2_4403_ESMFold_NAD-dependent_succinate-semialdehyde_dehydrogenase	AF-K0F2T5-F1-model_v4	AF-K0F2T5-F1-model_v4 Putative succinate-semialdehyde dehydrogenase [NADP+] (SSDH)	1.570E-42	1.000	1612	9	475	527	29	488	489	474	0.886	0.941
LOKIASV2_4403_ESMFold_NAD-dependent_succinate-semialdehyde_dehydrogenase	AF-A0A0K0E226-F1-model_v4	AF-A0A0K0E226-F1-model_v4 Aldedh domain-containing protein	3.355E-42	1.000	1612	13	475	527	45	503	504	472	0.879	0.911
LOKIASV2_4403_ESMFold_NAD-dependent_succinate-semialdehyde_dehydrogenase	AF-O02266-F1-model_v4	AF-O02266-F1-model_v4 Aldedh domain-containing protein	3.740E-42	1.000	1611	12	475	527	33	492	493	474	0.880	0.933
LOKIASV2_4403_ESMFold_NAD-dependent_succinate-semialdehyde_dehydrogenase	AF-Q9JLJ2-F1-model_v4	AF-Q9JLJ2-F1-model_v4 4-trimethylaminobutyraldehyde dehydrogenase	3.355E-42	1.000	1611	8	481	527	23	492	494	481	0.899	0.951
LOKIASV2_4403_ESMFold_NAD-dependent_succinate-semialdehyde_dehydrogenase	AF-A0A1C1CMZ8-F1-model_v4	AF-A0A1C1CMZ8-F1-model_v4 Glutarate-semialdehyde dehydrogenase DavD	8.912E-42	1.000	1610	13	475	527	33	490	493	469	0.879	0.929
LOKIASV2_4403_ESMFold_NAD-dependent_succinate-semialdehyde_dehydrogenase	AF-K0EYN5-F1-model_v4	AF-K0EYN5-F1-model_v4 Putative aldehyde dehydrogenase	1.441E-43	1.000	1608	13	475	527	21	484	485	477	0.879	0.957
LOKIASV2_4403_ESMFold_NAD-dependent_succinate-semialdehyde_dehydrogenase	AF-A0A077YZA6-F1-model_v4	AF-A0A077YZA6-F1-model_v4 Retinal dehydrogenase 2	3.081E-43	1.000	1604	13	480	527	48	526	529	492	0.888	0.905
LOKIASV2_4403_ESMFold_NAD-dependent_succinate-semialdehyde_dehydrogenase	AF-Q8K009-F1-model_v4	AF-Q8K009-F1-model_v4 Mitochondrial 10-formyltetrahydrofolate dehydrogenase	1.533E-41	1.000	1604	12	474	527	458	921	923	469	0.879	0.503
LOKIASV2_4403_ESMFold_NAD-dependent_succinate-semialdehyde_dehydrogenase	AF-A0A0K0EKV3-F1-model_v4	AF-A0A0K0EKV3-F1-model_v4 Aldedh domain-containing protein	4.401E-42	1.000	1603	13	479	527	219	686	686	478	0.886	0.682
LOKIASV2_4403_ESMFold_NAD-dependent_succinate-semialdehyde_dehydrogenase	AF-P23883-F1-model_v4	AF-P23883-F1-model_v4 NADP/NAD-dependent aldehyde dehydrogenase PuuC	4.505E-43	1.000	1602	12	475	527	35	492	495	475	0.880	0.925
LOKIASV2_4403_ESMFold_NAD-dependent_succinate-semialdehyde_dehydrogenase	AF-A0A1C1CZ66-F1-model_v4	AF-A0A1C1CZ66-F1-model_v4 Succinate-semialdehyde dehydrogenase [NADP(+)]	2.295E-42	1.000	1602	9	475	527	31	507	512	485	0.886	0.932
LOKIASV2_4403_ESMFold_NAD-dependent_succinate-semialdehyde_dehydrogenase	AF-K0EY66-F1-model_v4	AF-K0EY66-F1-model_v4 Putative succinate-semialdehyde dehydrogenase	3.178E-42	1.000	1601	13	477	527	29	484	484	470	0.882	0.942
LOKIASV2_4403_ESMFold_NAD-dependent_succinate-semialdehyde_dehydrogenase	AF-A0A0D2GVW3-F1-model_v4	AF-A0A0D2GVW3-F1-model_v4 Unplaced genomic scaffold supercont1.1, whole genome shotgun sequence	7.996E-42	1.000	1597	9	478	527	24	481	481	474	0.892	0.952
LOKIASV2_4403_ESMFold_NAD-dependent_succinate-semialdehyde_dehydrogenase	AF-Q8ZQ48-F1-model_v4	AF-Q8ZQ48-F1-model_v4 4-hydroxyphenylacetate catabolism protein	5.301E-43	1.000	1597	11	481	527	16	485	488	484	0.894	0.963
LOKIASV2_4403_ESMFold_NAD-dependent_succinate-semialdehyde_dehydrogenase	AF-A0A0D2GTW0-F1-model_v4	AF-A0A0D2GTW0-F1-model_v4 Unplaced genomic scaffold supercont1.7, whole genome shotgun sequence	1.408E-42	1.000	1595	8	476	527	2	461	464	476	0.890	0.991
LOKIASV2_4403_ESMFold_NAD-dependent_succinate-semialdehyde_dehydrogenase	AF-C0NUM3-F1-model_v4	AF-C0NUM3-F1-model_v4 Succinate-semialdehyde dehydrogenase	5.468E-42	1.000	1595	9	474	527	27	488	497	475	0.884	0.930
LOKIASV2_4403_ESMFold_NAD-dependent_succinate-semialdehyde_dehydrogenase	AF-X8F539-F1-model_v4	AF-X8F539-F1-model_v4 Aldehyde dehydrogenase family protein	5.909E-43	1.000	1595	11	479	527	25	514	515	500	0.890	0.951
LOKIASV2_4403_ESMFold_NAD-dependent_succinate-semialdehyde_dehydrogenase	AF-Q66I21-F1-model_v4	AF-Q66I21-F1-model_v4 2-aminomuconic semialdehyde dehydrogenase	3.949E-42	1.000	1594	11	475	527	22	486	487	474	0.882	0.955
LOKIASV2_4403_ESMFold_NAD-dependent_succinate-semialdehyde_dehydrogenase	AF-A0A0H3GL64-F1-model_v4	AF-A0A0H3GL64-F1-model_v4 Gamma-glutamyl-gamma-aminobutyraldehyde dehydrogenase	2.059E-42	1.000	1591	12	475	527	35	492	495	475	0.880	0.925
LOKIASV2_4403_ESMFold_NAD-dependent_succinate-semialdehyde_dehydrogenase	AF-O33340-F1-model_v4	AF-O33340-F1-model_v4 Probable aldehyde dehydrogenase AldC	3.740E-42	1.000	1589	13	479	527	3	454	455	475	0.886	0.993
LOKIASV2_4403_ESMFold_NAD-dependent_succinate-semialdehyde_dehydrogenase	AF-K0F581-F1-model_v4	AF-K0F581-F1-model_v4 Phenylacetaldehyde dehydrogenase	5.468E-42	1.000	1588	13	475	527	3	451	452	468	0.879	0.993
LOKIASV2_4403_ESMFold_NAD-dependent_succinate-semialdehyde_dehydrogenase	AF-U7PXM7-F1-model_v4	AF-U7PXM7-F1-model_v4 Succinate-semialdehyde dehydrogenase	5.468E-42	1.000	1586	13	481	527	30	495	495	479	0.890	0.941
LOKIASV2_4403_ESMFold_NAD-dependent_succinate-semialdehyde_dehydrogenase	AF-A0A0D2GXJ8-F1-model_v4	AF-A0A0D2GXJ8-F1-model_v4 Unplaced genomic scaffold supercont1.6, whole genome shotgun sequence	7.573E-42	1.000	1586	10	481	527	20	497	498	486	0.896	0.960
LOKIASV2_4403_ESMFold_NAD-dependent_succinate-semialdehyde_dehydrogenase	AF-A0A0R0IG82-F1-model_v4	AF-A0A0R0IG82-F1-model_v4 Aldedh domain-containing protein	1.833E-44	1.000	1585	1	480	527	1	515	517	527	0.911	0.996
LOKIASV2_4403_ESMFold_NAD-dependent_succinate-semialdehyde_dehydrogenase	AF-A0A044UTH7-F1-model_v4	AF-A0A044UTH7-F1-model_v4 Aldedh domain-containing protein	4.401E-42	1.000	1584	9	483	527	225	692	694	484	0.901	0.674
LOKIASV2_4403_ESMFold_NAD-dependent_succinate-semialdehyde_dehydrogenase	AF-Q5F8U5-F1-model_v4	AF-Q5F8U5-F1-model_v4 Aldehyde dehydrogenase	2.012E-41	1.000	1583	14	474	527	2	446	447	462	0.875	0.996
LOKIASV2_4403_ESMFold_NAD-dependent_succinate-semialdehyde_dehydrogenase	AF-A0A0N4UBM3-F1-model_v4	AF-A0A0N4UBM3-F1-model_v4 Aldedh domain-containing protein	1.533E-41	1.000	1581	10	475	527	29	493	494	476	0.884	0.941
LOKIASV2_4403_ESMFold_NAD-dependent_succinate-semialdehyde_dehydrogenase	AF-A0A175VQ73-F1-model_v4	AF-A0A175VQ73-F1-model_v4 Aldehyde dehydrogenase 5, mitochondrial	3.858E-41	1.000	1580	10	480	527	18	477	477	475	0.894	0.964
LOKIASV2_4403_ESMFold_NAD-dependent_succinate-semialdehyde_dehydrogenase	AF-Q9HWJ2-F1-model_v4	AF-Q9HWJ2-F1-model_v4 Probable aldehyde dehydrogenase	3.543E-42	1.000	1579	12	477	527	36	496	496	478	0.884	0.929
LOKIASV2_4403_ESMFold_NAD-dependent_succinate-semialdehyde_dehydrogenase	AF-A0A1C1CBF4-F1-model_v4	AF-A0A1C1CBF4-F1-model_v4 Aldehyde dehydrogenase	8.441E-42	1.000	1576	9	481	527	17	484	486	480	0.898	0.963
LOKIASV2_4403_ESMFold_NAD-dependent_succinate-semialdehyde_dehydrogenase	AF-C1GS74-F1-model_v4	AF-C1GS74-F1-model_v4 Betaine aldehyde dehydrogenase	4.041E-43	1.000	1576	9	481	527	21	498	499	492	0.898	0.958
LOKIASV2_4403_ESMFold_NAD-dependent_succinate-semialdehyde_dehydrogenase	AF-A0A0H3GPP5-F1-model_v4	AF-A0A0H3GPP5-F1-model_v4 Putative aldehyde dehydrogenase	4.540E-41	1.000	1575	12	477	527	7	462	462	467	0.884	0.987
LOKIASV2_4403_ESMFold_NAD-dependent_succinate-semialdehyde_dehydrogenase	AF-A0A175WGS3-F1-model_v4	AF-A0A175WGS3-F1-model_v4 Aldehyde dehydrogenase	6.095E-42	1.000	1575	9	479	527	22	486	486	476	0.894	0.957
LOKIASV2_4403_ESMFold_NAD-dependent_succinate-semialdehyde_dehydrogenase	AF-A0A0N4UNX2-F1-model_v4	AF-A0A0N4UNX2-F1-model_v4 Aldedh domain-containing protein	7.008E-41	1.000	1573	53	481	527	1	422	422	432	0.814	1.000
LOKIASV2_4403_ESMFold_NAD-dependent_succinate-semialdehyde_dehydrogenase	AF-Q802W2-F1-model_v4	AF-Q802W2-F1-model_v4 4-trimethylaminobutyraldehyde dehydrogenase B	2.639E-41	1.000	1569	8	481	527	47	516	518	481	0.899	0.907
LOKIASV2_4403_ESMFold_NAD-dependent_succinate-semialdehyde_dehydrogenase	AF-A0A1C1CNE3-F1-model_v4	AF-A0A1C1CNE3-F1-model_v4 Putative aldehyde dehydrogenase-like protein	4.756E-43	1.000	1566	9	481	527	24	484	487	484	0.898	0.947
LOKIASV2_4403_ESMFold_NAD-dependent_succinate-semialdehyde_dehydrogenase	AF-A0A0K0DVM0-F1-model_v4	AF-A0A0K0DVM0-F1-model_v4 Aldedh domain-containing protein	3.178E-42	1.000	1565	9	475	527	32	498	499	480	0.886	0.936
LOKIASV2_4403_ESMFold_NAD-dependent_succinate-semialdehyde_dehydrogenase	AF-A0A0D2EY66-F1-model_v4	AF-A0A0D2EY66-F1-model_v4 Unplaced genomic scaffold supercont1.5, whole genome shotgun sequence	2.367E-41	1.000	1563	9	481	527	17	484	485	482	0.898	0.965
LOKIASV2_4403_ESMFold_NAD-dependent_succinate-semialdehyde_dehydrogenase	AF-C0P037-F1-model_v4	AF-C0P037-F1-model_v4 NAD+-dependent betaine aldehyde dehydrogenase	2.558E-42	1.000	1563	9	481	527	48	525	526	490	0.898	0.909
LOKIASV2_4403_ESMFold_NAD-dependent_succinate-semialdehyde_dehydrogenase	AF-A0A0D2G736-F1-model_v4	AF-A0A0D2G736-F1-model_v4 Unplaced genomic scaffold supercont1.7, whole genome shotgun sequence	5.468E-42	1.000	1562	13	475	527	31	490	491	473	0.879	0.937
LOKIASV2_4403_ESMFold_NAD-dependent_succinate-semialdehyde_dehydrogenase	AF-D3ZTP0-F1-model_v4	AF-D3ZTP0-F1-model_v4 10-formyltetrahydrofolate dehydrogenase	1.142E-40	1.000	1558	12	474	527	458	920	922	469	0.879	0.502
LOKIASV2_4403_ESMFold_NAD-dependent_succinate-semialdehyde_dehydrogenase	AF-U7Q6W9-F1-model_v4	AF-U7Q6W9-F1-model_v4 Aldedh domain-containing protein	1.619E-41	1.000	1557	9	479	527	19	483	483	478	0.894	0.963
LOKIASV2_4403_ESMFold_NAD-dependent_succinate-semialdehyde_dehydrogenase	AF-A0A0D2GI01-F1-model_v4	AF-A0A0D2GI01-F1-model_v4 Unplaced genomic scaffold supercont1.5, whole genome shotgun sequence	7.399E-41	1.000	1557	9	479	527	29	509	510	490	0.894	0.943
LOKIASV2_4403_ESMFold_NAD-dependent_succinate-semialdehyde_dehydrogenase	AF-A0A175VY79-F1-model_v4	AF-A0A175VY79-F1-model_v4 NAD/NADP-dependent betaine aldehyde dehydrogenase	2.499E-41	1.000	1556	9	476	527	26	486	486	480	0.888	0.949
LOKIASV2_4403_ESMFold_NAD-dependent_succinate-semialdehyde_dehydrogenase	AF-U7PZS4-F1-model_v4	AF-U7PZS4-F1-model_v4 Aldedh domain-containing protein	2.124E-41	1.000	1556	9	475	527	33	504	505	482	0.886	0.935
LOKIASV2_4403_ESMFold_NAD-dependent_succinate-semialdehyde_dehydrogenase	AF-Q7ZVB2-F1-model_v4	AF-Q7ZVB2-F1-model_v4 4-trimethylaminobutyraldehyde dehydrogenase A	2.242E-41	1.000	1556	8	481	527	37	506	508	483	0.899	0.925
LOKIASV2_4403_ESMFold_NAD-dependent_succinate-semialdehyde_dehydrogenase	AF-A0A0D2GA90-F1-model_v4	AF-A0A0D2GA90-F1-model_v4 Unplaced genomic scaffold supercont1.6, whole genome shotgun sequence	8.248E-41	1.000	1555	8	475	527	28	487	489	471	0.888	0.941
LOKIASV2_4403_ESMFold_NAD-dependent_succinate-semialdehyde_dehydrogenase	AF-B0S7W5-F1-model_v4	AF-B0S7W5-F1-model_v4 Aldehyde dehydrogenase 9 family, member A1a, tandem duplicate 2	3.858E-41	1.000	1555	8	481	527	37	506	508	483	0.899	0.925
LOKIASV2_4403_ESMFold_NAD-dependent_succinate-semialdehyde_dehydrogenase	AF-Q8ZL72-F1-model_v4	AF-Q8ZL72-F1-model_v4 Aldehyde dehydrogenase B	1.234E-41	1.000	1555	12	481	527	40	512	512	484	0.892	0.924
LOKIASV2_4403_ESMFold_NAD-dependent_succinate-semialdehyde_dehydrogenase	AF-P38067-F1-model_v4	AF-P38067-F1-model_v4 Succinate-semialdehyde dehydrogenase [NADP(+)]	2.499E-41	1.000	1552	8	475	527	29	491	497	475	0.888	0.932
LOKIASV2_4403_ESMFold_NAD-dependent_succinate-semialdehyde_dehydrogenase	AF-A0A0D2DLR0-F1-model_v4	AF-A0A0D2DLR0-F1-model_v4 Unplaced genomic scaffold supercont1.5, whole genome shotgun sequence	1.234E-41	1.000	1550	9	475	527	29	492	493	477	0.886	0.941
LOKIASV2_4403_ESMFold_NAD-dependent_succinate-semialdehyde_dehydrogenase	AF-A0A1C1CCI1-F1-model_v4	AF-A0A1C1CCI1-F1-model_v4 NAD/NADP-dependent betaine aldehyde dehydrogenase	1.452E-41	1.000	1550	6	481	527	16	497	498	491	0.903	0.968
LOKIASV2_4403_ESMFold_NAD-dependent_succinate-semialdehyde_dehydrogenase	AF-K0EZH6-F1-model_v4	AF-K0EZH6-F1-model_v4 Dehydrogenase	1.763E-40	1.000	1543	13	479	527	36	502	507	478	0.886	0.921
LOKIASV2_4403_ESMFold_NAD-dependent_succinate-semialdehyde_dehydrogenase	AF-X8EZG3-F1-model_v4	AF-X8EZG3-F1-model_v4 EPTC-inducible aldehyde dehydrogenase	6.288E-41	1.000	1541	13	481	527	36	507	507	483	0.890	0.931
LOKIASV2_4403_ESMFold_NAD-dependent_succinate-semialdehyde_dehydrogenase	AF-Q58806-F1-model_v4	AF-Q58806-F1-model_v4 Lactaldehyde dehydrogenase	1.344E-40	1.000	1540	15	476	527	14	463	463	468	0.877	0.972
LOKIASV2_4403_ESMFold_NAD-dependent_succinate-semialdehyde_dehydrogenase	AF-A0A0D2GYQ4-F1-model_v4	AF-A0A0D2GYQ4-F1-model_v4 Unplaced genomic scaffold supercont1.2, whole genome shotgun sequence	9.706E-41	1.000	1540	9	475	527	32	508	513	486	0.886	0.930
LOKIASV2_4403_ESMFold_NAD-dependent_succinate-semialdehyde_dehydrogenase	AF-Q18822-F1-model_v4	AF-Q18822-F1-model_v4 Aldedh domain-containing protein	4.540E-41	1.000	1539	10	481	527	39	506	506	482	0.896	0.925
LOKIASV2_4403_ESMFold_NAD-dependent_succinate-semialdehyde_dehydrogenase	AF-A0A0D2DSK0-F1-model_v4	AF-A0A0D2DSK0-F1-model_v4 Unplaced genomic scaffold supercont1.4, whole genome shotgun sequence	8.708E-41	1.000	1537	8	475	527	24	485	488	476	0.888	0.947
LOKIASV2_4403_ESMFold_NAD-dependent_succinate-semialdehyde_dehydrogenase	AF-A0A0D2GMU9-F1-model_v4	AF-A0A0D2GMU9-F1-model_v4 Unplaced genomic scaffold supercont1.4, whole genome shotgun sequence	1.142E-40	1.000	1537	10	474	527	27	488	489	473	0.882	0.945
LOKIASV2_4403_ESMFold_NAD-dependent_succinate-semialdehyde_dehydrogenase	AF-U7Q5F6-F1-model_v4	AF-U7Q5F6-F1-model_v4 Aldedh domain-containing protein	1.862E-40	1.000	1535	9	481	527	22	494	496	480	0.898	0.954
LOKIASV2_4403_ESMFold_NAD-dependent_succinate-semialdehyde_dehydrogenase	AF-Q5AEC3-F1-model_v4	AF-Q5AEC3-F1-model_v4 Succinate-semialdehyde dehydrogenase	7.008E-41	1.000	1533	9	479	527	25	491	491	480	0.894	0.951
LOKIASV2_4403_ESMFold_NAD-dependent_succinate-semialdehyde_dehydrogenase	AF-A0A0D2H8E4-F1-model_v4	AF-A0A0D2H8E4-F1-model_v4 Unplaced genomic scaffold supercont1.3, whole genome shotgun sequence	1.025E-40	1.000	1528	9	475	527	33	492	493	472	0.886	0.933
LOKIASV2_4403_ESMFold_NAD-dependent_succinate-semialdehyde_dehydrogenase	AF-A0A1C1C7N8-F1-model_v4	AF-A0A1C1C7N8-F1-model_v4 Putative succinate-semialdehyde dehydrogenase	1.965E-40	1.000	1528	13	477	527	49	510	510	474	0.882	0.906
LOKIASV2_4403_ESMFold_NAD-dependent_succinate-semialdehyde_dehydrogenase	AF-K0EZC6-F1-model_v4	AF-K0EZC6-F1-model_v4 Aldehyde dehydrogenase	2.722E-40	1.000	1527	9	477	527	18	476	476	470	0.890	0.964
LOKIASV2_4403_ESMFold_NAD-dependent_succinate-semialdehyde_dehydrogenase	AF-A0A0D2FIQ7-F1-model_v4	AF-A0A0D2FIQ7-F1-model_v4 Unplaced genomic scaffold supercont1.1, whole genome shotgun sequence	1.169E-41	1.000	1526	3	474	527	192	654	656	480	0.896	0.706
LOKIASV2_4403_ESMFold_NAD-dependent_succinate-semialdehyde_dehydrogenase	AF-K0F1R9-F1-model_v4	AF-K0F1R9-F1-model_v4 Succinate-semialdehyde dehydrogenase (NAD(P)(+))	3.203E-40	1.000	1524	14	481	527	2	459	459	473	0.888	0.998
LOKIASV2_4403_ESMFold_NAD-dependent_succinate-semialdehyde_dehydrogenase	AF-A0A0D2E0P5-F1-model_v4	AF-A0A0D2E0P5-F1-model_v4 Unplaced genomic scaffold supercont1.2, whole genome shotgun sequence	3.858E-41	1.000	1524	9	479	527	26	491	491	482	0.894	0.949
LOKIASV2_4403_ESMFold_NAD-dependent_succinate-semialdehyde_dehydrogenase	AF-K0F0C7-F1-model_v4	AF-K0F0C7-F1-model_v4 Aldehyde dehydrogenase	2.191E-40	1.000	1524	13	481	527	35	502	505	480	0.890	0.927
LOKIASV2_4403_ESMFold_NAD-dependent_succinate-semialdehyde_dehydrogenase	AF-A0A0D2H5J8-F1-model_v4	AF-A0A0D2H5J8-F1-model_v4 Unplaced genomic scaffold supercont1.4, whole genome shotgun sequence	5.343E-41	1.000	1523	9	477	527	21	487	487	481	0.890	0.959
LOKIASV2_4403_ESMFold_NAD-dependent_succinate-semialdehyde_dehydrogenase	AF-A0A1C1CAV1-F1-model_v4	AF-A0A1C1CAV1-F1-model_v4 Putative aldehyde dehydrogenase AldA	7.573E-42	1.000	1520	8	490	527	18	502	502	499	0.917	0.966
LOKIASV2_4403_ESMFold_NAD-dependent_succinate-semialdehyde_dehydrogenase	AF-A0A0D2GXQ1-F1-model_v4	AF-A0A0D2GXQ1-F1-model_v4 Unplaced genomic scaffold supercont1.6, whole genome shotgun sequence	1.498E-40	1.000	1519	13	477	527	35	496	497	473	0.882	0.930
LOKIASV2_4403_ESMFold_NAD-dependent_succinate-semialdehyde_dehydrogenase	AF-A0A175VQ65-F1-model_v4	AF-A0A175VQ65-F1-model_v4 Aldehyde dehydrogenase	4.073E-41	1.000	1517	9	477	527	15	475	475	478	0.890	0.971
LOKIASV2_4403_ESMFold_NAD-dependent_succinate-semialdehyde_dehydrogenase	AF-A0A0R0ESV8-F1-model_v4	AF-A0A0R0ESV8-F1-model_v4 Aldedh domain-containing protein	4.793E-41	1.000	1517	9	480	527	69	526	528	479	0.896	0.867
LOKIASV2_4403_ESMFold_NAD-dependent_succinate-semialdehyde_dehydrogenase	AF-A0A1C1CR02-F1-model_v4	AF-A0A1C1CR02-F1-model_v4 Aldehyde dehydrogenase	2.578E-40	1.000	1514	9	475	527	33	492	493	472	0.886	0.933
LOKIASV2_4403_ESMFold_NAD-dependent_succinate-semialdehyde_dehydrogenase	AF-C1H4S9-F1-model_v4	AF-C1H4S9-F1-model_v4 Succinate-semialdehyde dehydrogenase	7.008E-41	1.000	1513	10	475	527	17	474	475	478	0.884	0.964
LOKIASV2_4403_ESMFold_NAD-dependent_succinate-semialdehyde_dehydrogenase	AF-A0A077Z029-F1-model_v4	AF-A0A077Z029-F1-model_v4 Succinate-semialdehyde dehydrogenase, mitochondri al	4.073E-41	1.000	1513	13	475	527	22	497	499	494	0.879	0.954
LOKIASV2_4403_ESMFold_NAD-dependent_succinate-semialdehyde_dehydrogenase	AF-K0F4E4-F1-model_v4	AF-K0F4E4-F1-model_v4 5-carboxymethyl-2-hydroxymuconate semialdehyde dehydrogenase	3.203E-40	1.000	1513	13	481	527	37	499	508	475	0.890	0.911
LOKIASV2_4403_ESMFold_NAD-dependent_succinate-semialdehyde_dehydrogenase	AF-U7PUC0-F1-model_v4	AF-U7PUC0-F1-model_v4 Aldedh domain-containing protein	2.191E-40	1.000	1512	8	475	527	39	499	502	476	0.888	0.918
LOKIASV2_4403_ESMFold_NAD-dependent_succinate-semialdehyde_dehydrogenase	AF-Q9HX05-F1-model_v4	AF-Q9HX05-F1-model_v4 Probable aldehyde dehydrogenase	5.819E-40	1.000	1512	13	479	527	35	501	506	478	0.886	0.923
LOKIASV2_4403_ESMFold_NAD-dependent_succinate-semialdehyde_dehydrogenase	AF-K0EZB2-F1-model_v4	AF-K0EZB2-F1-model_v4 Aldehyde dehydrogenase	1.313E-39	1.000	1507	8	475	527	8	460	463	470	0.888	0.978
LOKIASV2_4403_ESMFold_NAD-dependent_succinate-semialdehyde_dehydrogenase	AF-A0A077ZH52-F1-model_v4	AF-A0A077ZH52-F1-model_v4 Aldedh domain containing protein	2.313E-40	1.000	1507	12	481	527	40	512	512	484	0.892	0.924
LOKIASV2_4403_ESMFold_NAD-dependent_succinate-semialdehyde_dehydrogenase	AF-P37685-F1-model_v4	AF-P37685-F1-model_v4 Aldehyde dehydrogenase B	1.206E-40	1.000	1507	12	481	527	40	512	512	484	0.892	0.924
LOKIASV2_4403_ESMFold_NAD-dependent_succinate-semialdehyde_dehydrogenase	AF-A0A175VN22-F1-model_v4	AF-A0A175VN22-F1-model_v4 Succinate-semialdehyde dehydrogenase [NADP(+)]	9.122E-43	1.000	1507	9	518	527	78	589	590	536	0.968	0.868
LOKIASV2_4403_ESMFold_NAD-dependent_succinate-semialdehyde_dehydrogenase	AF-A0A1C1CVL6-F1-model_v4	AF-A0A1C1CVL6-F1-model_v4 Aldehyde dehydrogenase	7.008E-41	1.000	1505	9	477	527	23	489	490	482	0.890	0.953
LOKIASV2_4403_ESMFold_NAD-dependent_succinate-semialdehyde_dehydrogenase	AF-A0A0D2DWQ3-F1-model_v4	AF-A0A0D2DWQ3-F1-model_v4 Unplaced genomic scaffold supercont1.3, whole genome shotgun sequence	2.012E-41	1.000	1504	8	475	527	25	486	489	482	0.888	0.945
LOKIASV2_4403_ESMFold_NAD-dependent_succinate-semialdehyde_dehydrogenase	AF-P9WNY1-F1-model_v4	AF-P9WNY1-F1-model_v4 Probable aldehyde dehydrogenase	6.847E-40	1.000	1504	13	481	527	36	507	507	483	0.890	0.931
LOKIASV2_4403_ESMFold_NAD-dependent_succinate-semialdehyde_dehydrogenase	AF-A0A0D2GXS2-F1-model_v4	AF-A0A0D2GXS2-F1-model_v4 Unplaced genomic scaffold supercont1.2, whole genome shotgun sequence	9.706E-41	1.000	1502	8	474	527	22	484	485	484	0.886	0.955
LOKIASV2_4403_ESMFold_NAD-dependent_succinate-semialdehyde_dehydrogenase	AF-K0EN48-F1-model_v4	AF-K0EN48-F1-model_v4 Aldehyde dehydrogenase	1.670E-40	1.000	1502	8	503	527	16	502	508	497	0.941	0.959
LOKIASV2_4403_ESMFold_NAD-dependent_succinate-semialdehyde_dehydrogenase	AF-X8FGE9-F1-model_v4	AF-X8FGE9-F1-model_v4 Aldehyde dehydrogenase family protein	2.578E-40	1.000	1500	13	474	527	29	486	488	473	0.877	0.939
LOKIASV2_4403_ESMFold_NAD-dependent_succinate-semialdehyde_dehydrogenase	AF-U7PTV7-F1-model_v4	AF-U7PTV7-F1-model_v4 Aldedh domain-containing protein	3.203E-40	1.000	1492	9	481	527	21	505	506	498	0.898	0.958
LOKIASV2_4403_ESMFold_NAD-dependent_succinate-semialdehyde_dehydrogenase	AF-Q9I2C4-F1-model_v4	AF-Q9I2C4-F1-model_v4 NAD+ dependent aldehyde dehydrogenase ExaC	9.483E-40	1.000	1488	13	479	527	35	501	506	478	0.886	0.923
LOKIASV2_4403_ESMFold_NAD-dependent_succinate-semialdehyde_dehydrogenase	AF-Q2FV67-F1-model_v4	AF-Q2FV67-F1-model_v4 1-pyrroline-5-carboxylate dehydrogenase	4.105E-39	1.000	1486	11	475	527	49	513	514	474	0.882	0.905
LOKIASV2_4403_ESMFold_NAD-dependent_succinate-semialdehyde_dehydrogenase	AF-Q55CJ9-F1-model_v4	AF-Q55CJ9-F1-model_v4 Aldehyde dehydrogenase	6.486E-40	1.000	1484	9	481	527	26	495	495	483	0.898	0.949
LOKIASV2_4403_ESMFold_NAD-dependent_succinate-semialdehyde_dehydrogenase	AF-I6X9R9-F1-model_v4	AF-I6X9R9-F1-model_v4 Probable aldehyde dehydrogenase NAD dependent AldA (Aldehyde dehydrogenase [NAD+])	7.812E-41	1.000	1477	13	477	527	24	489	489	482	0.882	0.953
LOKIASV2_4403_ESMFold_NAD-dependent_succinate-semialdehyde_dehydrogenase	AF-K0EP10-F1-model_v4	AF-K0EP10-F1-model_v4 Methylmalonate-semialdehyde dehydrogenase	3.304E-39	1.000	1477	9	482	527	17	489	499	482	0.899	0.948
LOKIASV2_4403_ESMFold_NAD-dependent_succinate-semialdehyde_dehydrogenase	AF-A0A0D2GW97-F1-model_v4	AF-A0A0D2GW97-F1-model_v4 Unplaced genomic scaffold supercont1.6, whole genome shotgun sequence	3.570E-40	1.000	1476	15	475	527	33	488	491	472	0.875	0.929
LOKIASV2_4403_ESMFold_NAD-dependent_succinate-semialdehyde_dehydrogenase	AF-A0A0D2DLU5-F1-model_v4	AF-A0A0D2DLU5-F1-model_v4 Unplaced genomic scaffold supercont1.5, whole genome shotgun sequence	9.193E-41	1.000	1476	8	490	527	16	501	501	499	0.917	0.970
LOKIASV2_4403_ESMFold_NAD-dependent_succinate-semialdehyde_dehydrogenase	AF-Q8DPS7-F1-model_v4	AF-Q8DPS7-F1-model_v4 NADP-dependent glyceraldehyde-3-phosphate dehydrogenase	1.313E-39	1.000	1473	8	477	527	13	474	474	475	0.892	0.975
LOKIASV2_4403_ESMFold_NAD-dependent_succinate-semialdehyde_dehydrogenase	AF-A0A1D6NYE7-F1-model_v4	AF-A0A1D6NYE7-F1-model_v4 Restorer of fertility2	1.303E-41	1.000	1473	9	481	527	81	585	586	518	0.898	0.862
LOKIASV2_4403_ESMFold_NAD-dependent_succinate-semialdehyde_dehydrogenase	AF-A0A1C1CMP4-F1-model_v4	AF-A0A1C1CMP4-F1-model_v4 2-formylbenzoate dehydrogenase	4.831E-39	1.000	1471	12	475	527	29	487	488	471	0.880	0.941
LOKIASV2_4403_ESMFold_NAD-dependent_succinate-semialdehyde_dehydrogenase	AF-A0A1C1CTD1-F1-model_v4	AF-A0A1C1CTD1-F1-model_v4 Putative succinate-semialdehyde dehydrogenase	4.683E-40	1.000	1467	9	475	527	30	503	504	488	0.886	0.940
LOKIASV2_4403_ESMFold_NAD-dependent_succinate-semialdehyde_dehydrogenase	AF-A0A132Z1N0-F1-model_v4	AF-A0A132Z1N0-F1-model_v4 CoA-acylating methylmalonate-semialdehyde dehydrogenase	4.720E-38	1.000	1466	8	478	527	17	481	484	475	0.894	0.961
LOKIASV2_4403_ESMFold_NAD-dependent_succinate-semialdehyde_dehydrogenase	AF-Q9I1Z0-F1-model_v4	AF-Q9I1Z0-F1-model_v4 Probable aldehyde dehydrogenase	1.313E-39	1.000	1465	9	479	527	15	482	482	481	0.894	0.971
LOKIASV2_4403_ESMFold_NAD-dependent_succinate-semialdehyde_dehydrogenase	AF-A0A1C1CG78-F1-model_v4	AF-A0A1C1CG78-F1-model_v4 Vanillin dehydrogenase	4.576E-39	1.000	1458	11	475	527	34	488	489	471	0.882	0.930
LOKIASV2_4403_ESMFold_NAD-dependent_succinate-semialdehyde_dehydrogenase	AF-U7PPV0-F1-model_v4	AF-U7PPV0-F1-model_v4 Aldedh domain-containing protein	4.576E-39	1.000	1453	10	477	527	30	494	495	477	0.888	0.939
LOKIASV2_4403_ESMFold_NAD-dependent_succinate-semialdehyde_dehydrogenase	AF-P83401-F1-model_v4	AF-P83401-F1-model_v4 Putative aldehyde dehydrogenase family 7 member A1 homolog	2.896E-38	1.000	1452	12	481	527	33	501	509	478	0.892	0.921
LOKIASV2_4403_ESMFold_NAD-dependent_succinate-semialdehyde_dehydrogenase	AF-A0A0D2G1I0-F1-model_v4	AF-A0A0D2G1I0-F1-model_v4 Unplaced genomic scaffold supercont1.8, whole genome shotgun sequence	3.888E-39	1.000	1450	11	475	527	34	494	495	474	0.882	0.931
LOKIASV2_4403_ESMFold_NAD-dependent_succinate-semialdehyde_dehydrogenase	AF-A0A0D2GTJ6-F1-model_v4	AF-A0A0D2GTJ6-F1-model_v4 Unplaced genomic scaffold supercont1.7, whole genome shotgun sequence	6.002E-39	1.000	1450	15	475	527	76	537	538	473	0.875	0.859
LOKIASV2_4403_ESMFold_NAD-dependent_succinate-semialdehyde_dehydrogenase	AF-K0F8J7-F1-model_v4	AF-K0F8J7-F1-model_v4 Aldehyde dehydrogenase	8.312E-39	1.000	1446	8	478	527	19	486	488	481	0.894	0.959
LOKIASV2_4403_ESMFold_NAD-dependent_succinate-semialdehyde_dehydrogenase	AF-I1JZW5-F1-model_v4	AF-I1JZW5-F1-model_v4 Aldedh domain-containing protein	5.100E-39	1.000	1441	12	492	527	23	486	488	490	0.913	0.951
LOKIASV2_4403_ESMFold_NAD-dependent_succinate-semialdehyde_dehydrogenase	AF-I1MT35-F1-model_v4	AF-I1MT35-F1-model_v4 Aldedh domain-containing protein	9.782E-39	1.000	1441	9	475	527	29	488	497	476	0.886	0.926
LOKIASV2_4403_ESMFold_NAD-dependent_succinate-semialdehyde_dehydrogenase	AF-A0A1C1CTF6-F1-model_v4	AF-A0A1C1CTF6-F1-model_v4 Aldehyde dehydrogenase, cytosolic 1	1.116E-39	1.000	1441	13	491	527	24	558	564	544	0.909	0.949
LOKIASV2_4403_ESMFold_NAD-dependent_succinate-semialdehyde_dehydrogenase	AF-A0A0N4U701-F1-model_v4	AF-A0A0N4U701-F1-model_v4 Carrier domain-containing protein	1.723E-39	1.000	1441	13	472	527	195	699	699	512	0.873	0.722
LOKIASV2_4403_ESMFold_NAD-dependent_succinate-semialdehyde_dehydrogenase	AF-P46562-F1-model_v4	AF-P46562-F1-model_v4 Putative aldehyde dehydrogenase family 7 member A1 homolog	2.091E-38	1.000	1440	9	481	527	51	523	531	484	0.898	0.891
LOKIASV2_4403_ESMFold_NAD-dependent_succinate-semialdehyde_dehydrogenase	AF-Q1WIQ6-F1-model_v4	AF-Q1WIQ6-F1-model_v4 NADP-dependent glyceraldehyde-3-phosphate dehydrogenase	1.151E-38	1.000	1437	9	475	527	28	487	496	476	0.886	0.927
LOKIASV2_4403_ESMFold_NAD-dependent_succinate-semialdehyde_dehydrogenase	AF-I1MHG6-F1-model_v4	AF-I1MHG6-F1-model_v4 Aldedh domain-containing protein	4.471E-38	1.000	1437	8	481	527	30	500	508	483	0.899	0.927
LOKIASV2_4403_ESMFold_NAD-dependent_succinate-semialdehyde_dehydrogenase	AF-A0A1C1CLY9-F1-model_v4	AF-A0A1C1CLY9-F1-model_v4 Putative aldehyde dehydrogenase	1.683E-38	1.000	1435	13	481	527	345	787	787	472	0.890	0.563
LOKIASV2_4403_ESMFold_NAD-dependent_succinate-semialdehyde_dehydrogenase	AF-Q9SYG7-F1-model_v4	AF-Q9SYG7-F1-model_v4 Aldehyde dehydrogenase family 7 member B4	5.554E-38	1.000	1431	13	481	527	35	500	508	478	0.890	0.917
LOKIASV2_4403_ESMFold_NAD-dependent_succinate-semialdehyde_dehydrogenase	AF-Q6Z9G0-F1-model_v4	AF-Q6Z9G0-F1-model_v4 Os08g0440800 protein	1.283E-38	1.000	1423	9	475	527	31	490	499	474	0.886	0.922
LOKIASV2_4403_ESMFold_NAD-dependent_succinate-semialdehyde_dehydrogenase	AF-Q64057-F1-model_v4	AF-Q64057-F1-model_v4 Alpha-aminoadipic semialdehyde dehydrogenase	2.743E-38	1.000	1420	12	481	527	64	531	539	481	0.892	0.868
LOKIASV2_4403_ESMFold_NAD-dependent_succinate-semialdehyde_dehydrogenase	AF-Q43272-F1-model_v4	AF-Q43272-F1-model_v4 NADP-dependent glyceraldehyde-3-phosphate dehydrogenase	3.228E-38	1.000	1418	9	475	527	30	489	498	474	0.886	0.924
LOKIASV2_4403_ESMFold_NAD-dependent_succinate-semialdehyde_dehydrogenase	AF-A0A0D2ELZ6-F1-model_v4	AF-A0A0D2ELZ6-F1-model_v4 Unplaced genomic scaffold supercont1.7, whole genome shotgun sequence	2.808E-39	1.000	1416	11	478	527	38	475	477	474	0.888	0.918
LOKIASV2_4403_ESMFold_NAD-dependent_succinate-semialdehyde_dehydrogenase	AF-I1L1Q8-F1-model_v4	AF-I1L1Q8-F1-model_v4 Aldedh domain-containing protein	1.644E-37	1.000	1416	8	481	527	31	501	509	483	0.899	0.925
LOKIASV2_4403_ESMFold_NAD-dependent_succinate-semialdehyde_dehydrogenase	AF-P49419-F1-model_v4	AF-P49419-F1-model_v4 Alpha-aminoadipic semialdehyde dehydrogenase	4.471E-38	1.000	1415	12	481	527	64	531	539	481	0.892	0.868
LOKIASV2_4403_ESMFold_NAD-dependent_succinate-semialdehyde_dehydrogenase	AF-A0A175VRD2-F1-model_v4	AF-A0A175VRD2-F1-model_v4 Salicylaldehyde dehydrogenase	5.554E-38	1.000	1412	13	481	527	29	497	499	479	0.890	0.940
LOKIASV2_4403_ESMFold_NAD-dependent_succinate-semialdehyde_dehydrogenase	AF-A0A175VTI5-F1-model_v4	AF-A0A175VTI5-F1-model_v4 Vanillin dehydrogenase	2.140E-39	1.000	1411	11	475	527	27	482	483	477	0.882	0.944
LOKIASV2_4403_ESMFold_NAD-dependent_succinate-semialdehyde_dehydrogenase	AF-X8FI51-F1-model_v4	AF-X8FI51-F1-model_v4 Methylmalonate-semialdehyde dehydrogenase	9.052E-38	1.000	1411	9	482	527	17	496	506	489	0.899	0.949
LOKIASV2_4403_ESMFold_NAD-dependent_succinate-semialdehyde_dehydrogenase	AF-A0A0D2GQA3-F1-model_v4	AF-A0A0D2GQA3-F1-model_v4 Unplaced genomic scaffold supercont1.2, whole genome shotgun sequence	1.833E-37	1.000	1408	9	481	527	24	482	482	481	0.898	0.952
LOKIASV2_4403_ESMFold_NAD-dependent_succinate-semialdehyde_dehydrogenase	AF-I1JGN1-F1-model_v4	AF-I1JGN1-F1-model_v4 Aldedh domain-containing protein	6.901E-38	1.000	1407	9	475	527	29	488	497	474	0.886	0.926
LOKIASV2_4403_ESMFold_NAD-dependent_succinate-semialdehyde_dehydrogenase	AF-A0A0D2E4T5-F1-model_v4	AF-A0A0D2E4T5-F1-model_v4 Unplaced genomic scaffold supercont1.1, whole genome shotgun sequence	6.690E-39	1.000	1405	9	475	527	25	477	478	474	0.886	0.948
LOKIASV2_4403_ESMFold_NAD-dependent_succinate-semialdehyde_dehydrogenase	AF-O53816-F1-model_v4	AF-O53816-F1-model_v4 Probable methylmalonate-semialdehyde dehydrogenase MmsA (Methylmalonic acid semialdehyde dehydrogenase) (MMSDH)	1.558E-37	1.000	1404	9	482	527	17	500	510	493	0.899	0.949
LOKIASV2_4403_ESMFold_NAD-dependent_succinate-semialdehyde_dehydrogenase	AF-P28810-F1-model_v4	AF-P28810-F1-model_v4 Methylmalonate-semialdehyde dehydrogenase [acylating]	2.830E-37	1.000	1402	11	482	527	19	485	497	478	0.896	0.940
LOKIASV2_4403_ESMFold_NAD-dependent_succinate-semialdehyde_dehydrogenase	AF-U7PV66-F1-model_v4	AF-U7PV66-F1-model_v4 Uncharacterized protein	2.386E-39	1.000	1401	13	491	527	3	516	524	528	0.909	0.981
LOKIASV2_4403_ESMFold_NAD-dependent_succinate-semialdehyde_dehydrogenase	AF-A0A0D2HAX9-F1-model_v4	AF-A0A0D2HAX9-F1-model_v4 Unplaced genomic scaffold supercont1.3, whole genome shotgun sequence	1.833E-37	1.000	1399	9	481	527	25	486	492	478	0.898	0.939
LOKIASV2_4403_ESMFold_NAD-dependent_succinate-semialdehyde_dehydrogenase	AF-Q9DBF1-F1-model_v4	AF-Q9DBF1-F1-model_v4 Alpha-aminoadipic semialdehyde dehydrogenase	1.065E-37	1.000	1399	12	481	527	64	531	539	481	0.892	0.868
LOKIASV2_4403_ESMFold_NAD-dependent_succinate-semialdehyde_dehydrogenase	AF-Q9EQ20-F1-model_v4	AF-Q9EQ20-F1-model_v4 Methylmalonate-semialdehyde dehydrogenase [acylating], mitochondrial	1.254E-37	1.000	1396	9	483	527	52	520	535	483	0.901	0.877
LOKIASV2_4403_ESMFold_NAD-dependent_succinate-semialdehyde_dehydrogenase	AF-A0A0D2E4S4-F1-model_v4	AF-A0A0D2E4S4-F1-model_v4 Unplaced genomic scaffold supercont1.1, whole genome shotgun sequence	8.121E-38	1.000	1394	12	475	527	29	487	488	476	0.880	0.941
LOKIASV2_4403_ESMFold_NAD-dependent_succinate-semialdehyde_dehydrogenase	AF-Q6DHT4-F1-model_v4	AF-Q6DHT4-F1-model_v4 Aldehyde dehydrogenase 6 family, member A1	1.324E-37	1.000	1394	8	483	527	42	510	525	483	0.903	0.893
LOKIASV2_4403_ESMFold_NAD-dependent_succinate-semialdehyde_dehydrogenase	AF-I1MWZ7-F1-model_v4	AF-I1MWZ7-F1-model_v4 Aldedh domain-containing protein	1.736E-37	1.000	1393	9	475	527	28	487	496	474	0.886	0.927
LOKIASV2_4403_ESMFold_NAD-dependent_succinate-semialdehyde_dehydrogenase	AF-Q9I702-F1-model_v4	AF-Q9I702-F1-model_v4 Putative 3-oxopropanoate dehydrogenase	1.187E-37	1.000	1392	9	481	527	15	488	497	487	0.898	0.954
LOKIASV2_4403_ESMFold_NAD-dependent_succinate-semialdehyde_dehydrogenase	AF-Q8SXQ1-F1-model_v4	AF-Q8SXQ1-F1-model_v4 Aldehyde dehydrogenase 7 family member A1	5.140E-37	1.000	1390	13	491	527	63	540	540	489	0.909	0.885
LOKIASV2_4403_ESMFold_NAD-dependent_succinate-semialdehyde_dehydrogenase	AF-C1H859-F1-model_v4	AF-C1H859-F1-model_v4 Methylmalonate-semialdehyde dehydrogenase (CoA acylating)	7.516E-37	1.000	1388	9	478	527	103	570	586	478	0.892	0.799
LOKIASV2_4403_ESMFold_NAD-dependent_succinate-semialdehyde_dehydrogenase	AF-A0A0H3GLS8-F1-model_v4	AF-A0A0H3GLS8-F1-model_v4 Putative aldehyde dehydrogenase	4.611E-37	1.000	1386	9	481	527	16	490	501	485	0.898	0.948
LOKIASV2_4403_ESMFold_NAD-dependent_succinate-semialdehyde_dehydrogenase	AF-A0A175VVB8-F1-model_v4	AF-A0A175VVB8-F1-model_v4 Methylmalonate-semialdehyde dehydrogenase (CoA acylating)	2.987E-37	1.000	1386	9	481	527	100	574	583	485	0.898	0.815
LOKIASV2_4403_ESMFold_NAD-dependent_succinate-semialdehyde_dehydrogenase	AF-A0A1D8PM94-F1-model_v4	AF-A0A1D8PM94-F1-model_v4 Methylmalonate-semialdehyde dehydrogenase (CoA acylating)	5.864E-38	1.000	1384	9	482	527	52	527	541	488	0.899	0.880
LOKIASV2_4403_ESMFold_NAD-dependent_succinate-semialdehyde_dehydrogenase	AF-K0F4F6-F1-model_v4	AF-K0F4F6-F1-model_v4 Methylmalonate-semialdehyde dehydrogenase	3.154E-37	1.000	1380	9	490	527	16	486	496	491	0.915	0.950
LOKIASV2_4403_ESMFold_NAD-dependent_succinate-semialdehyde_dehydrogenase	AF-U7PJV3-F1-model_v4	AF-U7PJV3-F1-model_v4 Aldedh domain-containing protein	4.334E-39	1.000	1380	13	491	527	29	511	539	506	0.909	0.896
LOKIASV2_4403_ESMFold_NAD-dependent_succinate-semialdehyde_dehydrogenase	AF-Q8ZK61-F1-model_v4	AF-Q8ZK61-F1-model_v4 Putative NAD-dependent aldehyde dehydrogenase	6.743E-37	1.000	1379	9	481	527	16	490	501	486	0.898	0.948
LOKIASV2_4403_ESMFold_NAD-dependent_succinate-semialdehyde_dehydrogenase	AF-F1QR17-F1-model_v4	AF-F1QR17-F1-model_v4 Aldehyde dehydrogenase 7 family, member A1	7.935E-37	1.000	1379	12	481	527	66	533	541	481	0.892	0.865
LOKIASV2_4403_ESMFold_NAD-dependent_succinate-semialdehyde_dehydrogenase	AF-A0A0D2HAM5-F1-model_v4	AF-A0A0D2HAM5-F1-model_v4 Methylmalonate-semialdehyde dehydrogenase (CoA acylating)	3.435E-36	1.000	1379	9	477	527	98	560	560	474	0.890	0.827
LOKIASV2_4403_ESMFold_NAD-dependent_succinate-semialdehyde_dehydrogenase	AF-A0A0D2GSR2-F1-model_v4	AF-A0A0D2GSR2-F1-model_v4 Unplaced genomic scaffold supercont1.3, whole genome shotgun sequence	1.475E-37	1.000	1378	10	476	527	32	487	487	476	0.886	0.936
LOKIASV2_4403_ESMFold_NAD-dependent_succinate-semialdehyde_dehydrogenase	AF-A0A1C1C6S5-F1-model_v4	AF-A0A1C1C6S5-F1-model_v4 Methylmalonate-semialdehyde dehydrogenase (CoA acylating)	1.891E-36	1.000	1375	8	481	527	83	553	566	482	0.899	0.832
LOKIASV2_4403_ESMFold_NAD-dependent_succinate-semialdehyde_dehydrogenase	AF-K7M9V5-F1-model_v4	AF-K7M9V5-F1-model_v4 Methylmalonate-semialdehyde dehydrogenase (CoA acylating)	2.349E-36	1.000	1369	9	481	527	34	503	517	479	0.898	0.909
LOKIASV2_4403_ESMFold_NAD-dependent_succinate-semialdehyde_dehydrogenase	AF-B4G066-F1-model_v4	AF-B4G066-F1-model_v4 Methylmalonate-semialdehyde dehydrogenase (CoA acylating)	2.225E-36	1.000	1369	11	481	527	58	525	537	478	0.894	0.872
LOKIASV2_4403_ESMFold_NAD-dependent_succinate-semialdehyde_dehydrogenase	AF-A0A0D2H6C2-F1-model_v4	AF-A0A0D2H6C2-F1-model_v4 Unplaced genomic scaffold supercont1.4, whole genome shotgun sequence	2.539E-37	1.000	1368	53	474	527	1	417	418	437	0.801	0.998
LOKIASV2_4403_ESMFold_NAD-dependent_succinate-semialdehyde_dehydrogenase	AF-A0A1C1CQP6-F1-model_v4	AF-A0A1C1CQP6-F1-model_v4 Putative succinate-semialdehyde dehydrogenase	2.896E-38	1.000	1368	12	475	527	36	534	535	513	0.880	0.933
LOKIASV2_4403_ESMFold_NAD-dependent_succinate-semialdehyde_dehydrogenase	AF-Q02253-F1-model_v4	AF-Q02253-F1-model_v4 Methylmalonate-semialdehyde dehydrogenase [acylating], mitochondrial	1.522E-36	1.000	1368	9	478	527	52	518	535	478	0.892	0.873
LOKIASV2_4403_ESMFold_NAD-dependent_succinate-semialdehyde_dehydrogenase	AF-C0NN27-F1-model_v4	AF-C0NN27-F1-model_v4 Methylmalonate-semialdehyde dehydrogenase (CoA acylating)	6.049E-37	1.000	1368	11	481	527	105	577	586	484	0.894	0.807
LOKIASV2_4403_ESMFold_NAD-dependent_succinate-semialdehyde_dehydrogenase	AF-Q54I10-F1-model_v4	AF-Q54I10-F1-model_v4 Probable methylmalonate-semialdehyde dehydrogenase [acylating], mitochondrial	2.108E-36	1.000	1367	9	478	527	42	509	528	479	0.892	0.886
LOKIASV2_4403_ESMFold_NAD-dependent_succinate-semialdehyde_dehydrogenase	AF-I1KQX0-F1-model_v4	AF-I1KQX0-F1-model_v4 Methylmalonate-semialdehyde dehydrogenase (CoA acylating)	1.365E-36	1.000	1367	8	481	527	59	528	541	480	0.899	0.869
LOKIASV2_4403_ESMFold_NAD-dependent_succinate-semialdehyde_dehydrogenase	AF-A0A0K0EJX1-F1-model_v4	AF-A0A0K0EJX1-F1-model_v4 Probable methylmalonate-semialdehyde dehydrogenase [acylating], mitochondrial	2.680E-37	1.000	1365	8	490	527	36	510	519	491	0.917	0.915
LOKIASV2_4403_ESMFold_NAD-dependent_succinate-semialdehyde_dehydrogenase	AF-Q02252-F1-model_v4	AF-Q02252-F1-model_v4 Methylmalonate-semialdehyde dehydrogenase [acylating], mitochondrial	9.338E-37	1.000	1365	9	483	527	52	520	535	483	0.901	0.877
LOKIASV2_4403_ESMFold_NAD-dependent_succinate-semialdehyde_dehydrogenase	AF-A0A1D6Q1L8-F1-model_v4	AF-A0A1D6Q1L8-F1-model_v4 Glyceraldehyde-3-phosphate deHaseN1	2.830E-37	1.000	1364	9	475	527	30	497	506	485	0.886	0.925
LOKIASV2_4403_ESMFold_NAD-dependent_succinate-semialdehyde_dehydrogenase	AF-Q6Z4E4-F1-model_v4	AF-Q6Z4E4-F1-model_v4 Methylmalonate-semialdehyde dehydrogenase (CoA acylating)	2.619E-36	1.000	1364	11	481	527	55	522	534	478	0.894	0.876
LOKIASV2_4403_ESMFold_NAD-dependent_succinate-semialdehyde_dehydrogenase	AF-I1KL66-F1-model_v4	AF-I1KL66-F1-model_v4 Methylmalonate-semialdehyde dehydrogenase (CoA acylating)	1.607E-36	1.000	1363	8	481	527	55	524	537	482	0.899	0.875
LOKIASV2_4403_ESMFold_NAD-dependent_succinate-semialdehyde_dehydrogenase	AF-U7PTE5-F1-model_v4	AF-U7PTE5-F1-model_v4 Methylmalonate-semialdehyde dehydrogenase (CoA acylating)	8.377E-37	1.000	1362	8	481	527	91	566	575	485	0.899	0.828
LOKIASV2_4403_ESMFold_NAD-dependent_succinate-semialdehyde_dehydrogenase	AF-O50174-F1-model_v4	AF-O50174-F1-model_v4 N-succinylglutamate 5-semialdehyde dehydrogenase	4.137E-37	1.000	1359	12	481	527	16	478	487	477	0.892	0.951
LOKIASV2_4403_ESMFold_NAD-dependent_succinate-semialdehyde_dehydrogenase	AF-A0A0D2GAK1-F1-model_v4	AF-A0A0D2GAK1-F1-model_v4 Methylmalonate-semialdehyde dehydrogenase (CoA acylating)	7.753E-36	1.000	1355	8	478	527	86	553	569	479	0.894	0.822
LOKIASV2_4403_ESMFold_NAD-dependent_succinate-semialdehyde_dehydrogenase	AF-Q0WM29-F1-model_v4	AF-Q0WM29-F1-model_v4 Methylmalonate-semialdehyde dehydrogenase [acylating], mitochondrial	1.996E-36	1.000	1354	9	481	527	126	596	607	485	0.898	0.776
LOKIASV2_4403_ESMFold_NAD-dependent_succinate-semialdehyde_dehydrogenase	AF-Q69P84-F1-model_v4	AF-Q69P84-F1-model_v4 Os09g0440300 protein	6.588E-36	1.000	1353	13	481	527	36	501	509	477	0.890	0.916
LOKIASV2_4403_ESMFold_NAD-dependent_succinate-semialdehyde_dehydrogenase	AF-A0A175W8T6-F1-model_v4	AF-A0A175W8T6-F1-model_v4 Aldehyde dehydrogenase family 8 member A1	5.427E-37	1.000	1352	8	474	527	55	518	521	481	0.886	0.891
LOKIASV2_4403_ESMFold_NAD-dependent_succinate-semialdehyde_dehydrogenase	AF-Q7KW39-F1-model_v4	AF-Q7KW39-F1-model_v4 Probable methylmalonate-semialdehyde dehydrogenase [acylating], mitochondrial	3.919E-37	1.000	1349	8	491	527	38	514	520	492	0.918	0.917
LOKIASV2_4403_ESMFold_NAD-dependent_succinate-semialdehyde_dehydrogenase	AF-A0A1C1CP08-F1-model_v4	AF-A0A1C1CP08-F1-model_v4 Vanillin dehydrogenase	5.427E-37	1.000	1346	3	480	527	2	480	482	500	0.907	0.994
LOKIASV2_4403_ESMFold_NAD-dependent_succinate-semialdehyde_dehydrogenase	AF-A0A077ZHK5-F1-model_v4	AF-A0A077ZHK5-F1-model_v4 Succinate semialdehyde dehydrogenase	2.108E-36	1.000	1345	98	481	527	13	393	400	385	0.729	0.952
LOKIASV2_4403_ESMFold_NAD-dependent_succinate-semialdehyde_dehydrogenase	AF-Q9I5I2-F1-model_v4	AF-Q9I5I2-F1-model_v4 Probable aldehyde dehydrogenase	2.765E-36	1.000	1338	10	491	527	18	499	502	493	0.915	0.960
LOKIASV2_4403_ESMFold_NAD-dependent_succinate-semialdehyde_dehydrogenase	AF-K0EQL6-F1-model_v4	AF-K0EQL6-F1-model_v4 Aldehyde dehydrogenase	5.302E-36	1.000	1335	14	479	527	41	506	516	481	0.884	0.903
LOKIASV2_4403_ESMFold_NAD-dependent_succinate-semialdehyde_dehydrogenase	AF-P52713-F1-model_v4	AF-P52713-F1-model_v4 Probable methylmalonate-semialdehyde dehydrogenase [acylating], mitochondrial	4.506E-36	1.000	1334	8	481	527	42	511	523	484	0.899	0.899
LOKIASV2_4403_ESMFold_NAD-dependent_succinate-semialdehyde_dehydrogenase	AF-Q9I4U7-F1-model_v4	AF-Q9I4U7-F1-model_v4 Aldehyde dehydrogenase (NAD(+))	2.423E-35	1.000	1331	14	479	527	53	519	529	482	0.884	0.883
LOKIASV2_4403_ESMFold_NAD-dependent_succinate-semialdehyde_dehydrogenase	AF-Q9I6C8-F1-model_v4	AF-Q9I6C8-F1-model_v4 Probable coniferyl aldehyde dehydrogenase	2.157E-37	1.000	1328	33	500	527	15	473	476	473	0.888	0.964
LOKIASV2_4403_ESMFold_NAD-dependent_succinate-semialdehyde_dehydrogenase	AF-A0A0K0E2N6-F1-model_v4	AF-A0A0K0E2N6-F1-model_v4 Probable methylmalonate-semialdehyde dehydrogenase [acylating], mitochondrial	3.011E-35	1.000	1322	9	478	527	36	502	519	478	0.892	0.900
LOKIASV2_4403_ESMFold_NAD-dependent_succinate-semialdehyde_dehydrogenase	AF-A0A1D6ER22-F1-model_v4	AF-A0A1D6ER22-F1-model_v4 Aldehyde dehydrogenase family 7 member B4	4.907E-35	1.000	1321	13	481	527	36	503	511	480	0.890	0.916
LOKIASV2_4403_ESMFold_NAD-dependent_succinate-semialdehyde_dehydrogenase	AF-A0A0R0J325-F1-model_v4	AF-A0A0R0J325-F1-model_v4 Methylmalonate-semialdehyde dehydrogenase (CoA acylating)	7.343E-36	1.000	1317	11	487	527	227	696	1003	483	0.905	0.469
LOKIASV2_4403_ESMFold_NAD-dependent_succinate-semialdehyde_dehydrogenase	AF-L7N650-F1-model_v4	AF-L7N650-F1-model_v4 Probable piperideine-6-carboxilic acid dehydrogenase Pcd (Piperideine-6-carboxylate dehydrogenase)	4.907E-35	1.000	1316	14	479	527	22	484	494	475	0.884	0.937
LOKIASV2_4403_ESMFold_NAD-dependent_succinate-semialdehyde_dehydrogenase	AF-A0A0H3GMM3-F1-model_v4	AF-A0A0H3GMM3-F1-model_v4 N-succinylglutamate 5-semialdehyde dehydrogenase	3.829E-36	1.000	1313	9	481	527	15	479	488	480	0.898	0.953
LOKIASV2_4403_ESMFold_NAD-dependent_succinate-semialdehyde_dehydrogenase	AF-P76217-F1-model_v4	AF-P76217-F1-model_v4 N-succinylglutamate 5-semialdehyde dehydrogenase	1.607E-36	1.000	1306	13	491	527	16	489	492	489	0.909	0.963
LOKIASV2_4403_ESMFold_NAD-dependent_succinate-semialdehyde_dehydrogenase	AF-A0A0D2GYQ0-F1-model_v4	AF-A0A0D2GYQ0-F1-model_v4 Methylmalonate-semialdehyde dehydrogenase (CoA acylating)	2.295E-35	1.000	1303	9	481	527	54	530	537	488	0.898	0.888
LOKIASV2_4403_ESMFold_NAD-dependent_succinate-semialdehyde_dehydrogenase	AF-A0A3P7SMK5-F1-model_v4	AF-A0A3P7SMK5-F1-model_v4 Probable methylmalonate-semialdehyde dehydrogenase [acylating], mitochondrial	9.632E-36	1.000	1301	8	491	527	45	521	528	493	0.918	0.903
LOKIASV2_4403_ESMFold_NAD-dependent_succinate-semialdehyde_dehydrogenase	AF-A0A0H3GU60-F1-model_v4	AF-A0A0H3GU60-F1-model_v4 Putative NAD-dependent aldehyde dehydrogenase	6.096E-35	1.000	1299	13	481	527	21	475	477	474	0.890	0.954
LOKIASV2_4403_ESMFold_NAD-dependent_succinate-semialdehyde_dehydrogenase	AF-Q0PB23-F1-model_v4	AF-Q0PB23-F1-model_v4 Putative aldehyde dehydrogenase C-terminus	2.701E-35	1.000	1295	83	481	527	3	393	393	400	0.757	0.995
LOKIASV2_4403_ESMFold_NAD-dependent_succinate-semialdehyde_dehydrogenase	AF-Q32G88-F1-model_v4	AF-Q32G88-F1-model_v4 N-succinylglutamate 5-semialdehyde dehydrogenase	8.641E-36	1.000	1288	13	491	527	16	486	490	486	0.909	0.961
LOKIASV2_4403_ESMFold_NAD-dependent_succinate-semialdehyde_dehydrogenase	AF-A0A0H3GN76-F1-model_v4	AF-A0A0H3GN76-F1-model_v4 N-succinylglutamate 5-semialdehyde dehydrogenase	3.741E-35	1.000	1283	13	481	527	16	477	492	478	0.890	0.939
LOKIASV2_4403_ESMFold_NAD-dependent_succinate-semialdehyde_dehydrogenase	AF-A0A0K0ES83-F1-model_v4	AF-A0A0K0ES83-F1-model_v4 Multifunctional fusion protein	7.119E-37	1.000	1278	15	490	527	120	605	605	500	0.903	0.803
LOKIASV2_4403_ESMFold_NAD-dependent_succinate-semialdehyde_dehydrogenase	AF-Q9I5F6-F1-model_v4	AF-Q9I5F6-F1-model_v4 Bifunctional protein PutA	5.061E-34	1.000	1270	13	475	527	582	1043	1060	473	0.879	0.436
LOKIASV2_4403_ESMFold_NAD-dependent_succinate-semialdehyde_dehydrogenase	AF-Q8ZPV0-F1-model_v4	AF-Q8ZPV0-F1-model_v4 N-succinylglutamate 5-semialdehyde dehydrogenase	2.701E-35	1.000	1268	9	481	527	12	477	492	487	0.898	0.947
LOKIASV2_4403_ESMFold_NAD-dependent_succinate-semialdehyde_dehydrogenase	AF-A0A1D6NL27-F1-model_v4	AF-A0A1D6NL27-F1-model_v4 Aldehyde dehydrogenase3	5.864E-38	1.000	1266	13	480	527	38	581	583	555	0.888	0.933
LOKIASV2_4403_ESMFold_NAD-dependent_succinate-semialdehyde_dehydrogenase	AF-A0A0D2HJX3-F1-model_v4	AF-A0A0D2HJX3-F1-model_v4 Unplaced genomic scaffold supercont1.1, whole genome shotgun sequence	2.442E-33	1.000	1261	9	429	527	36	453	459	424	0.799	0.911
LOKIASV2_4403_ESMFold_NAD-dependent_succinate-semialdehyde_dehydrogenase	AF-A0A0N4UA31-F1-model_v4	AF-A0A0N4UA31-F1-model_v4 Aldedh domain-containing protein	6.795E-35	1.000	1260	8	483	527	228	670	672	488	0.903	0.659
LOKIASV2_4403_ESMFold_NAD-dependent_succinate-semialdehyde_dehydrogenase	AF-C0NEY8-F1-model_v4	AF-C0NEY8-F1-model_v4 Aldehyde dehydrogenase	1.303E-34	1.000	1259	36	479	527	18	438	438	451	0.843	0.961
LOKIASV2_4403_ESMFold_NAD-dependent_succinate-semialdehyde_dehydrogenase	AF-Q9CCZ5-F1-model_v4	AF-Q9CCZ5-F1-model_v4 Aldehyde dehydrogenase	3.741E-35	1.000	1255	30	500	527	40	500	501	474	0.894	0.920
LOKIASV2_4403_ESMFold_NAD-dependent_succinate-semialdehyde_dehydrogenase	AF-I1MA57-F1-model_v4	AF-I1MA57-F1-model_v4 Aldehyde dehydrogenase	1.334E-35	1.000	1253	28	514	527	17	495	496	490	0.924	0.966
LOKIASV2_4403_ESMFold_NAD-dependent_succinate-semialdehyde_dehydrogenase	AF-X8EYQ6-F1-model_v4	AF-X8EYQ6-F1-model_v4 Aldehyde dehydrogenase	7.574E-35	1.000	1250	35	500	527	33	493	494	472	0.884	0.933
LOKIASV2_4403_ESMFold_NAD-dependent_succinate-semialdehyde_dehydrogenase	AF-A0A0H3GP48-F1-model_v4	AF-A0A0H3GP48-F1-model_v4 AldA, aldehyde dehydrogenase A	8.509E-33	1.000	1246	133	474	527	2	341	343	345	0.649	0.991
LOKIASV2_4403_ESMFold_NAD-dependent_succinate-semialdehyde_dehydrogenase	AF-I1JZ49-F1-model_v4	AF-I1JZ49-F1-model_v4 Aldehyde dehydrogenase	5.469E-35	1.000	1246	32	514	527	12	486	488	486	0.917	0.973
LOKIASV2_4403_ESMFold_NAD-dependent_succinate-semialdehyde_dehydrogenase	AF-P96824-F1-model_v4	AF-P96824-F1-model_v4 Aldehyde dehydrogenase	5.910E-36	1.000	1246	20	500	527	33	505	506	486	0.913	0.935
LOKIASV2_4403_ESMFold_NAD-dependent_succinate-semialdehyde_dehydrogenase	AF-A0A158Q2Q9-F1-model_v4	AF-A0A158Q2Q9-F1-model_v4 Aldehyde dehydrogenase (NAD(+))	7.574E-35	1.000	1246	8	481	527	78	543	551	494	0.899	0.846
LOKIASV2_4403_ESMFold_NAD-dependent_succinate-semialdehyde_dehydrogenase	AF-O74766-F1-model_v4	AF-O74766-F1-model_v4 Probable delta-1-pyrroline-5-carboxylate dehydrogenase	3.279E-34	1.000	1245	9	481	527	55	541	548	494	0.898	0.889
LOKIASV2_4403_ESMFold_NAD-dependent_succinate-semialdehyde_dehydrogenase	AF-Q2FWX9-F1-model_v4	AF-Q2FWX9-F1-model_v4 4,4'-diaponeurosporen-aldehyde dehydrogenase	1.303E-34	1.000	1242	36	502	527	4	458	459	468	0.886	0.991
LOKIASV2_4403_ESMFold_NAD-dependent_succinate-semialdehyde_dehydrogenase	AF-Q54RA2-F1-model_v4	AF-Q54RA2-F1-model_v4 Delta-1-pyrroline-5-carboxylate dehydrogenase, mitochondrial	2.059E-35	1.000	1242	10	491	527	64	555	558	506	0.915	0.882
LOKIASV2_4403_ESMFold_NAD-dependent_succinate-semialdehyde_dehydrogenase	AF-A0A3Q0KTF3-F1-model_v4	AF-A0A3Q0KTF3-F1-model_v4 Aldehyde dehydrogenase	1.234E-34	1.000	1239	33	498	527	2	459	473	472	0.884	0.968
LOKIASV2_4403_ESMFold_NAD-dependent_succinate-semialdehyde_dehydrogenase	AF-Q70DU8-F1-model_v4	AF-Q70DU8-F1-model_v4 Aldehyde dehydrogenase family 3 member H1	7.574E-35	1.000	1234	30	515	527	6	483	484	491	0.922	0.988
LOKIASV2_4403_ESMFold_NAD-dependent_succinate-semialdehyde_dehydrogenase	AF-B4FUA7-F1-model_v4	AF-B4FUA7-F1-model_v4 Aldehyde dehydrogenase	2.012E-34	1.000	1231	37	502	527	3	460	478	469	0.884	0.958
LOKIASV2_4403_ESMFold_NAD-dependent_succinate-semialdehyde_dehydrogenase	AF-Q9VNX4-F1-model_v4	AF-Q9VNX4-F1-model_v4 Multifunctional fusion protein	8.443E-35	1.000	1231	9	488	527	83	571	574	499	0.911	0.852
LOKIASV2_4403_ESMFold_NAD-dependent_succinate-semialdehyde_dehydrogenase	AF-Q8W033-F1-model_v4	AF-Q8W033-F1-model_v4 Aldehyde dehydrogenase family 3 member I1, chloroplastic	9.411E-35	1.000	1226	32	515	527	71	546	550	486	0.918	0.865
LOKIASV2_4403_ESMFold_NAD-dependent_succinate-semialdehyde_dehydrogenase	AF-Q8CHT0-F1-model_v4	AF-Q8CHT0-F1-model_v4 Delta-1-pyrroline-5-carboxylate dehydrogenase, mitochondrial	6.795E-35	1.000	1225	10	490	527	74	562	562	500	0.913	0.870
LOKIASV2_4403_ESMFold_NAD-dependent_succinate-semialdehyde_dehydrogenase	AF-C1GY78-F1-model_v4	AF-C1GY78-F1-model_v4 Multifunctional fusion protein	2.701E-35	1.000	1224	9	481	527	20	520	527	514	0.898	0.951
LOKIASV2_4403_ESMFold_NAD-dependent_succinate-semialdehyde_dehydrogenase	AF-A0A0D2DXF0-F1-model_v4	AF-A0A0D2DXF0-F1-model_v4 Multifunctional fusion protein	7.997E-35	1.000	1223	9	490	527	55	549	550	509	0.915	0.900
LOKIASV2_4403_ESMFold_NAD-dependent_succinate-semialdehyde_dehydrogenase	AF-I1JFT5-F1-model_v4	AF-I1JFT5-F1-model_v4 Aldehyde dehydrogenase	1.534E-34	1.000	1219	30	514	527	19	495	496	488	0.920	0.962
LOKIASV2_4403_ESMFold_NAD-dependent_succinate-semialdehyde_dehydrogenase	AF-C0NKB2-F1-model_v4	AF-C0NKB2-F1-model_v4 Multifunctional fusion protein	1.376E-34	1.000	1219	9	481	527	56	549	556	506	0.898	0.888
LOKIASV2_4403_ESMFold_NAD-dependent_succinate-semialdehyde_dehydrogenase	AF-Q90ZZ7-F1-model_v4	AF-Q90ZZ7-F1-model_v4 Aldehyde dehydrogenase	7.401E-34	1.000	1215	37	498	527	5	457	473	465	0.877	0.958
LOKIASV2_4403_ESMFold_NAD-dependent_succinate-semialdehyde_dehydrogenase	AF-Q53NG8-F1-model_v4	AF-Q53NG8-F1-model_v4 Aldehyde dehydrogenase	5.956E-34	1.000	1215	31	502	527	1	464	482	476	0.896	0.963
LOKIASV2_4403_ESMFold_NAD-dependent_succinate-semialdehyde_dehydrogenase	AF-P30038-F1-model_v4	AF-P30038-F1-model_v4 Delta-1-pyrroline-5-carboxylate dehydrogenase, mitochondrial	4.907E-35	1.000	1214	9	490	527	74	563	563	504	0.915	0.870
LOKIASV2_4403_ESMFold_NAD-dependent_succinate-semialdehyde_dehydrogenase	AF-A0A175W9Z4-F1-model_v4	AF-A0A175W9Z4-F1-model_v4 Multifunctional fusion protein	9.936E-35	1.000	1214	10	491	527	94	590	590	511	0.915	0.842
LOKIASV2_4403_ESMFold_NAD-dependent_succinate-semialdehyde_dehydrogenase	AF-A0A1D8PC76-F1-model_v4	AF-A0A1D8PC76-F1-model_v4 Aldehyde dehydrogenase	1.197E-35	1.000	1210	30	523	527	22	541	542	533	0.937	0.959
LOKIASV2_4403_ESMFold_NAD-dependent_succinate-semialdehyde_dehydrogenase	AF-P43353-F1-model_v4	AF-P43353-F1-model_v4 Aldehyde dehydrogenase family 3 member B1	3.106E-34	1.000	1209	36	497	527	4	454	468	465	0.877	0.964
LOKIASV2_4403_ESMFold_NAD-dependent_succinate-semialdehyde_dehydrogenase	AF-Q4DRT8-F1-model_v4	AF-Q4DRT8-F1-model_v4 Multifunctional fusion protein	7.813E-34	1.000	1207	10	491	527	61	558	561	505	0.915	0.888
LOKIASV2_4403_ESMFold_NAD-dependent_succinate-semialdehyde_dehydrogenase	AF-Q80VQ0-F1-model_v4	AF-Q80VQ0-F1-model_v4 Aldehyde dehydrogenase family 3 member B1	3.279E-34	1.000	1206	37	497	527	5	454	468	464	0.875	0.962
LOKIASV2_4403_ESMFold_NAD-dependent_succinate-semialdehyde_dehydrogenase	AF-Q5XI42-F1-model_v4	AF-Q5XI42-F1-model_v4 Aldehyde dehydrogenase family 3 member B1	3.859E-34	1.000	1205	37	497	527	5	454	468	464	0.875	0.962
LOKIASV2_4403_ESMFold_NAD-dependent_succinate-semialdehyde_dehydrogenase	AF-P51648-F1-model_v4	AF-P51648-F1-model_v4 Aldehyde dehydrogenase family 3 member A2	7.997E-35	1.000	1203	37	525	527	2	477	485	495	0.928	0.981
LOKIASV2_4403_ESMFold_NAD-dependent_succinate-semialdehyde_dehydrogenase	AF-P47739-F1-model_v4	AF-P47739-F1-model_v4 Aldehyde dehydrogenase, dimeric NADP-preferring	1.082E-33	1.000	1202	34	490	527	2	444	453	461	0.867	0.978
LOKIASV2_4403_ESMFold_NAD-dependent_succinate-semialdehyde_dehydrogenase	AF-P30838-F1-model_v4	AF-P30838-F1-model_v4 Aldehyde dehydrogenase, dimeric NADP-preferring	1.082E-33	1.000	1202	36	483	527	4	438	453	451	0.850	0.960
LOKIASV2_4403_ESMFold_NAD-dependent_succinate-semialdehyde_dehydrogenase	AF-P30839-F1-model_v4	AF-P30839-F1-model_v4 Aldehyde dehydrogenase family 3 member A2	5.469E-35	1.000	1200	37	527	527	2	484	484	504	0.932	0.998
LOKIASV2_4403_ESMFold_NAD-dependent_succinate-semialdehyde_dehydrogenase	AF-I1JCK5-F1-model_v4	AF-I1JCK5-F1-model_v4 Aldehyde dehydrogenase	1.234E-34	1.000	1198	38	522	527	9	481	485	491	0.920	0.975
LOKIASV2_4403_ESMFold_NAD-dependent_succinate-semialdehyde_dehydrogenase	AF-P11883-F1-model_v4	AF-P11883-F1-model_v4 Aldehyde dehydrogenase, dimeric NADP-preferring	1.025E-33	1.000	1197	36	490	527	4	444	453	459	0.863	0.974
LOKIASV2_4403_ESMFold_NAD-dependent_succinate-semialdehyde_dehydrogenase	AF-B8A0M2-F1-model_v4	AF-B8A0M2-F1-model_v4 Aldehyde dehydrogenase	1.142E-33	1.000	1196	33	513	527	10	482	491	483	0.913	0.963
LOKIASV2_4403_ESMFold_NAD-dependent_succinate-semialdehyde_dehydrogenase	AF-A0A077ZKY4-F1-model_v4	AF-A0A077ZKY4-F1-model_v4 Aldehyde dehydrogenase	3.543E-35	1.000	1196	38	517	527	7	495	496	508	0.911	0.986
LOKIASV2_4403_ESMFold_NAD-dependent_succinate-semialdehyde_dehydrogenase	AF-A4HRT1-F1-model_v4	AF-A4HRT1-F1-model_v4 Multifunctional fusion protein	3.655E-34	1.000	1196	9	491	527	60	557	560	508	0.917	0.889
LOKIASV2_4403_ESMFold_NAD-dependent_succinate-semialdehyde_dehydrogenase	AF-O44555-F1-model_v4	AF-O44555-F1-model_v4 Aldehyde dehydrogenase	8.060E-33	1.000	1195	36	479	527	3	436	437	447	0.843	0.993
LOKIASV2_4403_ESMFold_NAD-dependent_succinate-semialdehyde_dehydrogenase	AF-Q38BS5-F1-model_v4	AF-Q38BS5-F1-model_v4 Multifunctional fusion protein	1.499E-33	1.000	1193	10	490	527	61	557	561	507	0.913	0.886
LOKIASV2_4403_ESMFold_NAD-dependent_succinate-semialdehyde_dehydrogenase	AF-C1H3B0-F1-model_v4	AF-C1H3B0-F1-model_v4 Multifunctional fusion protein	7.010E-34	1.000	1192	9	490	527	76	572	573	511	0.915	0.867
LOKIASV2_4403_ESMFold_NAD-dependent_succinate-semialdehyde_dehydrogenase	AF-I1KAB0-F1-model_v4	AF-I1KAB0-F1-model_v4 Aldehyde dehydrogenase	1.966E-33	1.000	1188	32	514	527	15	489	491	484	0.917	0.967
LOKIASV2_4403_ESMFold_NAD-dependent_succinate-semialdehyde_dehydrogenase	AF-Q70E96-F1-model_v4	AF-Q70E96-F1-model_v4 Aldehyde dehydrogenase family 3 member F1	1.025E-33	1.000	1187	33	522	527	5	482	484	496	0.930	0.988
LOKIASV2_4403_ESMFold_NAD-dependent_succinate-semialdehyde_dehydrogenase	AF-A0A486WWU7-F1-model_v4	AF-A0A486WWU7-F1-model_v4 Aldehyde dehydrogenase	1.710E-34	1.000	1187	36	525	527	3	489	495	503	0.930	0.984
LOKIASV2_4403_ESMFold_NAD-dependent_succinate-semialdehyde_dehydrogenase	AF-I1KNX5-F1-model_v4	AF-I1KNX5-F1-model_v4 Aldehyde dehydrogenase	1.499E-33	1.000	1187	30	520	527	63	538	541	494	0.932	0.880
LOKIASV2_4403_ESMFold_NAD-dependent_succinate-semialdehyde_dehydrogenase	AF-U7PS86-F1-model_v4	AF-U7PS86-F1-model_v4 Multifunctional fusion protein	1.534E-34	1.000	1186	11	491	527	103	598	598	508	0.913	0.829
LOKIASV2_4403_ESMFold_NAD-dependent_succinate-semialdehyde_dehydrogenase	AF-P0C2X9-F1-model_v4	AF-P0C2X9-F1-model_v4 Delta-1-pyrroline-5-carboxylate dehydrogenase, mitochondrial	5.642E-34	1.000	1185	10	490	527	74	563	563	501	0.913	0.870
LOKIASV2_4403_ESMFold_NAD-dependent_succinate-semialdehyde_dehydrogenase	AF-Q5AK46-F1-model_v4	AF-Q5AK46-F1-model_v4 Multifunctional fusion protein	5.221E-33	1.000	1182	11	491	527	102	595	595	506	0.913	0.830
LOKIASV2_4403_ESMFold_NAD-dependent_succinate-semialdehyde_dehydrogenase	AF-A0A1C1CTW2-F1-model_v4	AF-A0A1C1CTW2-F1-model_v4 Multifunctional fusion protein	9.195E-34	1.000	1181	9	490	527	55	549	550	509	0.915	0.900
LOKIASV2_4403_ESMFold_NAD-dependent_succinate-semialdehyde_dehydrogenase	AF-P47740-F1-model_v4	AF-P47740-F1-model_v4 Aldehyde dehydrogenase family 3 member A2	1.805E-34	1.000	1180	37	520	527	2	483	484	497	0.918	0.996
LOKIASV2_4403_ESMFold_NAD-dependent_succinate-semialdehyde_dehydrogenase	AF-K0F5W8-F1-model_v4	AF-K0F5W8-F1-model_v4 L-glutamate gamma-semialdehyde dehydrogenase	4.202E-33	1.000	1174	13	491	527	57	544	547	500	0.909	0.892
LOKIASV2_4403_ESMFold_NAD-dependent_succinate-semialdehyde_dehydrogenase	AF-E9Q3E1-F1-model_v4	AF-E9Q3E1-F1-model_v4 Aldehyde dehydrogenase family 3 member B2	5.642E-34	1.000	1173	28	497	527	11	467	479	477	0.892	0.954
LOKIASV2_4403_ESMFold_NAD-dependent_succinate-semialdehyde_dehydrogenase	AF-A0A044UEP7-F1-model_v4	AF-A0A044UEP7-F1-model_v4 Aldehyde dehydrogenase	8.443E-35	1.000	1173	38	520	527	13	501	503	502	0.917	0.972
LOKIASV2_4403_ESMFold_NAD-dependent_succinate-semialdehyde_dehydrogenase	AF-C0NSV6-F1-model_v4	AF-C0NSV6-F1-model_v4 Multifunctional fusion protein	2.191E-33	1.000	1173	9	490	527	88	584	585	509	0.915	0.850
LOKIASV2_4403_ESMFold_NAD-dependent_succinate-semialdehyde_dehydrogenase	AF-Q7XR89-F1-model_v4	AF-Q7XR89-F1-model_v4 Aldehyde dehydrogenase	6.289E-34	1.000	1170	36	522	527	26	497	499	493	0.924	0.946
LOKIASV2_4403_ESMFold_NAD-dependent_succinate-semialdehyde_dehydrogenase	AF-Q54DG1-F1-model_v4	AF-Q54DG1-F1-model_v4 Aldehyde dehydrogenase family 3 comG	1.670E-33	1.000	1168	36	509	527	11	470	470	478	0.899	0.979
LOKIASV2_4403_ESMFold_NAD-dependent_succinate-semialdehyde_dehydrogenase	AF-A0A0K0E8J1-F1-model_v4	AF-A0A0K0E8J1-F1-model_v4 Uncharacterized protein	4.074E-34	1.000	1168	35	520	527	580	1064	1070	496	0.922	0.453
LOKIASV2_4403_ESMFold_NAD-dependent_succinate-semialdehyde_dehydrogenase	AF-A0A1U7F3Y0-F1-model_v4	AF-A0A1U7F3Y0-F1-model_v4 Aldehyde dehydrogenase	4.541E-34	1.000	1167	38	521	527	13	493	510	494	0.918	0.943
LOKIASV2_4403_ESMFold_NAD-dependent_succinate-semialdehyde_dehydrogenase	AF-Q7SY23-F1-model_v4	AF-Q7SY23-F1-model_v4 Delta-1-pyrroline-5-carboxylate dehydrogenase, mitochondrial	3.462E-34	1.000	1167	9	490	527	67	556	556	509	0.915	0.881
LOKIASV2_4403_ESMFold_NAD-dependent_succinate-semialdehyde_dehydrogenase	AF-Q0DZ46-F1-model_v4	AF-Q0DZ46-F1-model_v4 Aldehyde dehydrogenase	9.708E-34	1.000	1162	19	520	527	3	487	491	506	0.953	0.988
LOKIASV2_4403_ESMFold_NAD-dependent_succinate-semialdehyde_dehydrogenase	AF-G5EC31-F1-model_v4	AF-G5EC31-F1-model_v4 Multifunctional fusion protein	1.966E-33	1.000	1161	15	490	527	80	563	563	500	0.903	0.860
LOKIASV2_4403_ESMFold_NAD-dependent_succinate-semialdehyde_dehydrogenase	AF-A0A0D2DS70-F1-model_v4	AF-A0A0D2DS70-F1-model_v4 Multifunctional fusion protein	1.419E-33	1.000	1160	15	490	527	56	541	542	502	0.903	0.897
LOKIASV2_4403_ESMFold_NAD-dependent_succinate-semialdehyde_dehydrogenase	AF-A0A0D2GZ15-F1-model_v4	AF-A0A0D2GZ15-F1-model_v4 Multifunctional fusion protein	1.387E-32	1.000	1160	8	481	527	92	578	585	497	0.899	0.832
LOKIASV2_4403_ESMFold_NAD-dependent_succinate-semialdehyde_dehydrogenase	AF-A0A2R8PW97-F1-model_v4	AF-A0A2R8PW97-F1-model_v4 Aldehyde dehydrogenase	9.411E-35	1.000	1159	37	524	527	5	484	504	499	0.926	0.952
LOKIASV2_4403_ESMFold_NAD-dependent_succinate-semialdehyde_dehydrogenase	AF-J3QMK6-F1-model_v4	AF-J3QMK6-F1-model_v4 Aldehyde dehydrogenase family 3 member B3	1.966E-33	1.000	1158	38	499	527	19	469	479	469	0.877	0.942
LOKIASV2_4403_ESMFold_NAD-dependent_succinate-semialdehyde_dehydrogenase	AF-A0A1C1C820-F1-model_v4	AF-A0A1C1C820-F1-model_v4 Multifunctional fusion protein	3.305E-32	1.000	1157	8	481	527	93	579	586	495	0.899	0.831
LOKIASV2_4403_ESMFold_NAD-dependent_succinate-semialdehyde_dehydrogenase	AF-I1M506-F1-model_v4	AF-I1M506-F1-model_v4 Aldehyde dehydrogenase	2.722E-33	1.000	1155	31	515	527	3	482	494	491	0.920	0.972
LOKIASV2_4403_ESMFold_NAD-dependent_succinate-semialdehyde_dehydrogenase	AF-Q5AH20-F1-model_v4	AF-Q5AH20-F1-model_v4 Aldedh domain-containing protein	3.106E-34	1.000	1151	30	520	527	143	657	661	530	0.932	0.779
LOKIASV2_4403_ESMFold_NAD-dependent_succinate-semialdehyde_dehydrogenase	AF-Q5AI07-F1-model_v4	AF-Q5AI07-F1-model_v4 Aldedh domain-containing protein	1.387E-32	1.000	1149	9	475	527	17	477	478	488	0.886	0.964
LOKIASV2_4403_ESMFold_NAD-dependent_succinate-semialdehyde_dehydrogenase	AF-Q6H627-F1-model_v4	AF-Q6H627-F1-model_v4 Aldehyde dehydrogenase	5.820E-33	1.000	1147	36	527	527	10	485	487	496	0.934	0.977
LOKIASV2_4403_ESMFold_NAD-dependent_succinate-semialdehyde_dehydrogenase	AF-A0A3P7EBV6-F1-model_v4	AF-A0A3P7EBV6-F1-model_v4 Aldehyde dehydrogenase	3.859E-34	1.000	1146	22	521	527	36	532	549	511	0.949	0.905
LOKIASV2_4403_ESMFold_NAD-dependent_succinate-semialdehyde_dehydrogenase	AF-A0A1D6EH87-F1-model_v4	AF-A0A1D6EH87-F1-model_v4 Aldehyde dehydrogenase	1.387E-32	1.000	1144	37	516	527	3	481	488	494	0.911	0.982
LOKIASV2_4403_ESMFold_NAD-dependent_succinate-semialdehyde_dehydrogenase	AF-A0A2R8RIE8-F1-model_v4	AF-A0A2R8RIE8-F1-model_v4 Aldehyde dehydrogenase	3.683E-32	1.000	1140	30	503	527	28	493	502	480	0.899	0.928
LOKIASV2_4403_ESMFold_NAD-dependent_succinate-semialdehyde_dehydrogenase	AF-X8FHU5-F1-model_v4	AF-X8FHU5-F1-model_v4 EPTC-inducible aldehyde dehydrogenase	1.151E-31	1.000	1139	131	481	527	2	357	360	367	0.666	0.989
LOKIASV2_4403_ESMFold_NAD-dependent_succinate-semialdehyde_dehydrogenase	AF-Q4DZ74-F1-model_v4	AF-Q4DZ74-F1-model_v4 Aldehyde dehydrogenase	3.980E-33	1.000	1139	30	526	527	7	499	510	511	0.943	0.967
LOKIASV2_4403_ESMFold_NAD-dependent_succinate-semialdehyde_dehydrogenase	AF-K0ENS5-F1-model_v4	AF-K0ENS5-F1-model_v4 L-glutamate gamma-semialdehyde dehydrogenase	6.849E-33	1.000	1136	9	490	527	53	544	545	511	0.915	0.903
LOKIASV2_4403_ESMFold_NAD-dependent_succinate-semialdehyde_dehydrogenase	AF-A0A0K0E3U9-F1-model_v4	AF-A0A0K0E3U9-F1-model_v4 Aldehyde dehydrogenase	1.632E-32	1.000	1131	35	504	527	2	462	466	477	0.892	0.989
LOKIASV2_4403_ESMFold_NAD-dependent_succinate-semialdehyde_dehydrogenase	AF-Q95TY8-F1-model_v4	AF-Q95TY8-F1-model_v4 GH20963p	1.546E-32	1.000	1131	11	491	527	97	577	581	499	0.913	0.828
LOKIASV2_4403_ESMFold_NAD-dependent_succinate-semialdehyde_dehydrogenase	AF-I1MDB2-F1-model_v4	AF-I1MDB2-F1-model_v4 Aldehyde dehydrogenase	1.001E-32	1.000	1127	31	515	527	3	482	494	493	0.920	0.972
LOKIASV2_4403_ESMFold_NAD-dependent_succinate-semialdehyde_dehydrogenase	AF-I1MN90-F1-model_v4	AF-I1MN90-F1-model_v4 Aldehyde dehydrogenase	7.231E-33	1.000	1125	33	522	527	49	526	530	497	0.930	0.902
LOKIASV2_4403_ESMFold_NAD-dependent_succinate-semialdehyde_dehydrogenase	AF-C1H8G5-F1-model_v4	AF-C1H8G5-F1-model_v4 Aldehyde dehydrogenase	8.509E-33	1.000	1118	30	499	527	11	471	517	485	0.892	0.892
LOKIASV2_4403_ESMFold_NAD-dependent_succinate-semialdehyde_dehydrogenase	AF-X1WBM4-F1-model_v4	AF-X1WBM4-F1-model_v4 Aldehyde dehydrogenase	5.820E-33	1.000	1114	37	522	527	3	488	489	504	0.922	0.994
LOKIASV2_4403_ESMFold_NAD-dependent_succinate-semialdehyde_dehydrogenase	AF-Q4DVV3-F1-model_v4	AF-Q4DVV3-F1-model_v4 Aldehyde dehydrogenase	1.001E-32	1.000	1114	30	521	527	7	504	510	519	0.934	0.976
LOKIASV2_4403_ESMFold_NAD-dependent_succinate-semialdehyde_dehydrogenase	AF-A0A0D2G8D0-F1-model_v4	AF-A0A0D2G8D0-F1-model_v4 Aldehyde dehydrogenase	4.576E-32	1.000	1114	30	500	527	11	474	533	483	0.894	0.871
LOKIASV2_4403_ESMFold_NAD-dependent_succinate-semialdehyde_dehydrogenase	AF-A0A0K0ECB6-F1-model_v4	AF-A0A0K0ECB6-F1-model_v4 Aldehyde dehydrogenase (NAD(+))	9.054E-31	1.000	1109	86	479	527	3	397	407	405	0.748	0.971
LOKIASV2_4403_ESMFold_NAD-dependent_succinate-semialdehyde_dehydrogenase	AF-I1LQJ4-F1-model_v4	AF-I1LQJ4-F1-model_v4 Aldehyde dehydrogenase	3.889E-32	1.000	1107	35	522	527	7	482	494	494	0.926	0.964
LOKIASV2_4403_ESMFold_NAD-dependent_succinate-semialdehyde_dehydrogenase	AF-E9QH31-F1-model_v4	AF-E9QH31-F1-model_v4 Aldehyde dehydrogenase	2.260E-32	1.000	1103	37	525	527	5	487	490	498	0.928	0.986
LOKIASV2_4403_ESMFold_NAD-dependent_succinate-semialdehyde_dehydrogenase	AF-A0A044R6E3-F1-model_v4	AF-A0A044R6E3-F1-model_v4 Multifunctional fusion protein	1.510E-31	1.000	1103	15	490	527	86	569	569	499	0.903	0.851
LOKIASV2_4403_ESMFold_NAD-dependent_succinate-semialdehyde_dehydrogenase	AF-A0A1C1CGS8-F1-model_v4	AF-A0A1C1CGS8-F1-model_v4 Aldehyde dehydrogenase	6.338E-32	1.000	1094	16	500	527	3	476	536	497	0.920	0.884
LOKIASV2_4403_ESMFold_NAD-dependent_succinate-semialdehyde_dehydrogenase	AF-O50443-F1-model_v4	AF-O50443-F1-model_v4 L-glutamate gamma-semialdehyde dehydrogenase	4.984E-31	1.000	1093	9	490	527	53	541	543	502	0.915	0.901
LOKIASV2_4403_ESMFold_NAD-dependent_succinate-semialdehyde_dehydrogenase	AF-A0A0C4DHC8-F1-model_v4	AF-A0A0C4DHC8-F1-model_v4 Aldehyde dehydrogenase type III, isoform Q	1.819E-32	1.000	1093	33	525	527	67	560	564	509	0.935	0.876
LOKIASV2_4403_ESMFold_NAD-dependent_succinate-semialdehyde_dehydrogenase	AF-I1LJV8-F1-model_v4	AF-I1LJV8-F1-model_v4 Aldehyde dehydrogenase	1.355E-31	1.000	1092	33	522	527	5	482	494	496	0.930	0.968
LOKIASV2_4403_ESMFold_NAD-dependent_succinate-semialdehyde_dehydrogenase	AF-A0A158Q2I1-F1-model_v4	AF-A0A158Q2I1-F1-model_v4 Aldehyde dehydrogenase	9.054E-31	1.000	1088	39	483	527	7	428	430	450	0.844	0.981
LOKIASV2_4403_ESMFold_NAD-dependent_succinate-semialdehyde_dehydrogenase	AF-A0A183XPX7-F1-model_v4	AF-A0A183XPX7-F1-model_v4 Multifunctional fusion protein	2.897E-31	1.000	1087	15	490	527	86	569	569	501	0.903	0.851
LOKIASV2_4403_ESMFold_NAD-dependent_succinate-semialdehyde_dehydrogenase	AF-A0A1C1CYA4-F1-model_v4	AF-A0A1C1CYA4-F1-model_v4 Aldehyde dehydrogenase family 3 member B1	8.314E-32	1.000	1086	31	497	527	112	568	635	477	0.886	0.720
LOKIASV2_4403_ESMFold_NAD-dependent_succinate-semialdehyde_dehydrogenase	AF-F1LT79-F1-model_v4	AF-F1LT79-F1-model_v4 Aldehyde dehydrogenase	1.683E-31	1.000	1085	94	498	527	2	395	406	408	0.769	0.970
LOKIASV2_4403_ESMFold_NAD-dependent_succinate-semialdehyde_dehydrogenase	AF-A0A3Q0KGZ5-F1-model_v4	AF-A0A3Q0KGZ5-F1-model_v4 Multifunctional fusion protein	1.065E-30	1.000	1082	9	454	527	73	526	535	470	0.846	0.849
LOKIASV2_4403_ESMFold_NAD-dependent_succinate-semialdehyde_dehydrogenase	AF-C0NN99-F1-model_v4	AF-C0NN99-F1-model_v4 Aldehyde dehydrogenase	3.382E-33	1.000	1081	17	527	527	4	531	531	549	0.970	0.994
LOKIASV2_4403_ESMFold_NAD-dependent_succinate-semialdehyde_dehydrogenase	AF-Q583M9-F1-model_v4	AF-Q583M9-F1-model_v4 Aldehyde dehydrogenase	1.314E-32	1.000	1081	28	521	527	6	521	543	532	0.937	0.950
LOKIASV2_4403_ESMFold_NAD-dependent_succinate-semialdehyde_dehydrogenase	AF-A0A175VV00-F1-model_v4	AF-A0A175VV00-F1-model_v4 Aldehyde dehydrogenase	3.229E-31	1.000	1077	30	502	527	12	478	531	486	0.898	0.879
LOKIASV2_4403_ESMFold_NAD-dependent_succinate-semialdehyde_dehydrogenase	AF-P09546-F1-model_v4	AF-P09546-F1-model_v4 Bifunctional protein PutA	5.730E-30	1.000	1071	9	470	527	656	1113	1320	482	0.877	0.347
LOKIASV2_4403_ESMFold_NAD-dependent_succinate-semialdehyde_dehydrogenase	AF-A0A0G2KZR6-F1-model_v4	AF-A0A0G2KZR6-F1-model_v4 Aldedh domain-containing protein	4.506E-29	1.000	1053	157	481	527	5	326	327	329	0.617	0.985
LOKIASV2_4403_ESMFold_NAD-dependent_succinate-semialdehyde_dehydrogenase	AF-Q8T0Q8-F1-model_v4	AF-Q8T0Q8-F1-model_v4 Delta-1-Pyrroline-5-carboxylate dehydrogenase 2, isoform A	1.091E-31	1.000	1048	9	504	527	92	596	614	520	0.941	0.822
LOKIASV2_4403_ESMFold_NAD-dependent_succinate-semialdehyde_dehydrogenase	AF-P07275-F1-model_v4	AF-P07275-F1-model_v4 Delta-1-pyrroline-5-carboxylate dehydrogenase, mitochondrial	4.612E-30	1.000	1046	11	491	527	75	575	575	514	0.913	0.871
LOKIASV2_4403_ESMFold_NAD-dependent_succinate-semialdehyde_dehydrogenase	AF-U7Q1T6-F1-model_v4	AF-U7Q1T6-F1-model_v4 Aldehyde dehydrogenase	9.054E-31	1.000	1045	30	500	527	13	490	534	494	0.894	0.895
LOKIASV2_4403_ESMFold_NAD-dependent_succinate-semialdehyde_dehydrogenase	AF-Q04458-F1-model_v4	AF-Q04458-F1-model_v4 Fatty aldehyde dehydrogenase HFD1	2.965E-32	1.000	1037	30	525	527	9	529	532	538	0.941	0.979
LOKIASV2_4403_ESMFold_NAD-dependent_succinate-semialdehyde_dehydrogenase	AF-A0A1D6JB94-F1-model_v4	AF-A0A1D6JB94-F1-model_v4 Aldehyde dehydrogenase	1.216E-31	1.000	1026	33	522	527	21	506	508	511	0.930	0.957
LOKIASV2_4403_ESMFold_NAD-dependent_succinate-semialdehyde_dehydrogenase	AF-A0A0D2GHE3-F1-model_v4	AF-A0A0D2GHE3-F1-model_v4 Aldehyde dehydrogenase	4.984E-31	1.000	1019	28	525	527	2	510	526	526	0.945	0.968
LOKIASV2_4403_ESMFold_NAD-dependent_succinate-semialdehyde_dehydrogenase	AF-Q9I1F5-F1-model_v4	AF-Q9I1F5-F1-model_v4 Probable glyceraldehyde-3-phosphate dehydrogenase	4.369E-30	1.000	1014	9	478	527	41	517	541	494	0.892	0.882
LOKIASV2_4403_ESMFold_NAD-dependent_succinate-semialdehyde_dehydrogenase	AF-P10503-F1-model_v4	AF-P10503-F1-model_v4 Bifunctional protein PutA	1.366E-29	1.000	1006	9	522	527	656	1166	1320	546	0.975	0.387
LOKIASV2_4403_ESMFold_NAD-dependent_succinate-semialdehyde_dehydrogenase	AF-P48448-F1-model_v4	AF-P48448-F1-model_v4 Aldehyde dehydrogenase family 3 member B2	1.197E-28	1.000	980	115	497	527	2	373	385	386	0.727	0.966
LOKIASV2_4403_ESMFold_NAD-dependent_succinate-semialdehyde_dehydrogenase	AF-A0A0H4IVH0-F1-model_v4	AF-A0A0H4IVH0-F1-model_v4 Bifunctional protein PutA	8.846E-30	1.000	977	12	503	527	564	1054	1201	521	0.934	0.409
LOKIASV2_4403_ESMFold_NAD-dependent_succinate-semialdehyde_dehydrogenase	AF-Q3T1L0-F1-model_v4	AF-Q3T1L0-F1-model_v4 Aldehyde dehydrogenase family 16 member A1	5.470E-28	1.000	972	8	469	527	50	487	802	469	0.877	0.546
LOKIASV2_4403_ESMFold_NAD-dependent_succinate-semialdehyde_dehydrogenase	AF-O24897-F1-model_v4	AF-O24897-F1-model_v4 Bifunctional protein PutA	1.074E-28	1.000	963	8	501	527	517	1002	1185	513	0.937	0.410
LOKIASV2_4403_ESMFold_NAD-dependent_succinate-semialdehyde_dehydrogenase	AF-Q0P8B5-F1-model_v4	AF-Q0P8B5-F1-model_v4 Bifunctional protein PutA	5.775E-28	1.000	947	12	503	527	518	995	1162	505	0.934	0.411
LOKIASV2_4403_ESMFold_NAD-dependent_succinate-semialdehyde_dehydrogenase	AF-A0A0H3GSM6-F1-model_v4	AF-A0A0H3GSM6-F1-model_v4 Bifunctional aldehyde dehydrogenase/enoyl-CoA hydratase	2.124E-27	1.000	944	13	475	527	19	502	681	494	0.879	0.711
LOKIASV2_4403_ESMFold_NAD-dependent_succinate-semialdehyde_dehydrogenase	AF-Q571I9-F1-model_v4	AF-Q571I9-F1-model_v4 Aldehyde dehydrogenase family 16 member A1	8.250E-27	1.000	930	8	469	527	50	487	802	470	0.877	0.546
LOKIASV2_4403_ESMFold_NAD-dependent_succinate-semialdehyde_dehydrogenase	AF-A0A5K4EF84-F1-model_v4	AF-A0A5K4EF84-F1-model_v4 Putative aldehyde dehydrogenase	7.011E-27	1.000	896	75	454	527	2	387	396	404	0.721	0.975
LOKIASV2_4403_ESMFold_NAD-dependent_succinate-semialdehyde_dehydrogenase	AF-F1QGP1-F1-model_v4	AF-F1QGP1-F1-model_v4 Aldehyde dehydrogenase 16 family, member A1	6.145E-26	1.000	886	9	469	527	50	473	795	466	0.875	0.533
LOKIASV2_4403_ESMFold_NAD-dependent_succinate-semialdehyde_dehydrogenase	AF-Q8IZ83-F1-model_v4	AF-Q8IZ83-F1-model_v4 Aldehyde dehydrogenase family 16 member A1	2.875E-26	1.000	881	8	469	527	50	487	802	473	0.877	0.546
LOKIASV2_4403_ESMFold_NAD-dependent_succinate-semialdehyde_dehydrogenase	AF-P77455-F1-model_v4	AF-P77455-F1-model_v4 Bifunctional protein PaaZ	1.057E-25	1.000	873	13	475	527	19	502	681	494	0.879	0.711
LOKIASV2_4403_ESMFold_NAD-dependent_succinate-semialdehyde_dehydrogenase	AF-A0A0N4UIQ8-F1-model_v4	AF-A0A0N4UIQ8-F1-model_v4 Aldedh domain-containing protein	6.488E-26	1.000	872	136	490	527	3	367	367	371	0.674	0.995
LOKIASV2_4403_ESMFold_NAD-dependent_succinate-semialdehyde_dehydrogenase	AF-B9FLB9-F1-model_v4	AF-B9FLB9-F1-model_v4 Os05g0536400 protein	3.859E-27	1.000	854	9	482	527	58	543	550	511	0.899	0.884
LOKIASV2_4403_ESMFold_NAD-dependent_succinate-semialdehyde_dehydrogenase	AF-I1JZR6-F1-model_v4	AF-I1JZR6-F1-model_v4 Aldedh domain-containing protein	9.196E-27	1.000	842	9	490	527	62	554	554	521	0.915	0.890
LOKIASV2_4403_ESMFold_NAD-dependent_succinate-semialdehyde_dehydrogenase	AF-Q8VZC3-F1-model_v4	AF-Q8VZC3-F1-model_v4 Delta-1-pyrroline-5-carboxylate dehydrogenase 12A1, mitochondrial	6.640E-27	1.000	841	9	490	527	63	556	556	520	0.915	0.888
LOKIASV2_4403_ESMFold_NAD-dependent_succinate-semialdehyde_dehydrogenase	AF-A0A0R0JQ82-F1-model_v4	AF-A0A0R0JQ82-F1-model_v4 Aldedh domain-containing protein	1.274E-26	1.000	837	9	490	527	50	542	542	519	0.915	0.910
LOKIASV2_4403_ESMFold_NAD-dependent_succinate-semialdehyde_dehydrogenase	AF-Q9I1Q0-F1-model_v4	AF-Q9I1Q0-F1-model_v4 Probable aldehyde dehydrogenase	6.145E-26	1.000	834	13	484	527	21	500	527	510	0.896	0.911
LOKIASV2_4403_ESMFold_NAD-dependent_succinate-semialdehyde_dehydrogenase	AF-A0A0R0FAJ6-F1-model_v4	AF-A0A0R0FAJ6-F1-model_v4 Aldedh domain-containing protein	3.035E-26	1.000	825	9	490	527	61	567	567	528	0.915	0.894
LOKIASV2_4403_ESMFold_NAD-dependent_succinate-semialdehyde_dehydrogenase	AF-X8F6W2-F1-model_v4	AF-X8F6W2-F1-model_v4 Aldehyde dehydrogenase family protein	1.891E-22	1.000	813	8	310	527	3	304	332	306	0.575	0.910
LOKIASV2_4403_ESMFold_NAD-dependent_succinate-semialdehyde_dehydrogenase	AF-K0EMN4-F1-model_v4	AF-K0EMN4-F1-model_v4 Aldehyde dehydrogenase	1.216E-24	1.000	806	30	473	527	10	460	489	479	0.843	0.922
LOKIASV2_4403_ESMFold_NAD-dependent_succinate-semialdehyde_dehydrogenase	AF-Q9I491-F1-model_v4	AF-Q9I491-F1-model_v4 Probable semialdehyde dehydrogenase	3.889E-25	1.000	806	13	473	527	21	493	526	503	0.875	0.899
LOKIASV2_4403_ESMFold_NAD-dependent_succinate-semialdehyde_dehydrogenase	AF-X8EYT2-F1-model_v4	AF-X8EYT2-F1-model_v4 Aldehyde dehydrogenase family protein	4.269E-22	1.000	800	14	342	527	3	328	329	331	0.624	0.991
LOKIASV2_4403_ESMFold_NAD-dependent_succinate-semialdehyde_dehydrogenase	AF-A0A0D2DU32-F1-model_v4	AF-A0A0D2DU32-F1-model_v4 Unplaced genomic scaffold supercont1.3, whole genome shotgun sequence	2.044E-23	1.000	792	37	427	527	4	356	367	399	0.742	0.962
LOKIASV2_4403_ESMFold_NAD-dependent_succinate-semialdehyde_dehydrogenase	AF-Q4DHF8-F1-model_v4	AF-Q4DHF8-F1-model_v4 Aldehyde dehydrogenase, putative	7.755E-22	1.000	773	8	333	527	59	386	387	337	0.619	0.848
LOKIASV2_4403_ESMFold_NAD-dependent_succinate-semialdehyde_dehydrogenase	AF-A0A0P0Y7S8-F1-model_v4	AF-A0A0P0Y7S8-F1-model_v4 Os12g0178000 protein	3.331E-23	1.000	760	144	519	527	3	363	367	385	0.713	0.984
LOKIASV2_4403_ESMFold_NAD-dependent_succinate-semialdehyde_dehydrogenase	AF-Q4DCP7-F1-model_v4	AF-Q4DCP7-F1-model_v4 Aldehyde dehydrogenase, putative	5.223E-19	1.000	683	8	285	527	59	337	342	283	0.528	0.816
LOKIASV2_4403_ESMFold_NAD-dependent_succinate-semialdehyde_dehydrogenase	AF-A0A5K4F3C8-F1-model_v4	AF-A0A5K4F3C8-F1-model_v4 Aldedh domain-containing protein	3.685E-18	1.000	644	274	481	527	3	205	206	208	0.395	0.985
LOKIASV2_4403_ESMFold_NAD-dependent_succinate-semialdehyde_dehydrogenase	AF-I1M2L7-F1-model_v4	AF-I1M2L7-F1-model_v4 Methylmalonate-semialdehyde dehydrogenase (CoA acylating)	3.205E-19	1.000	638	177	477	527	14	311	312	310	0.571	0.955
LOKIASV2_4403_ESMFold_NAD-dependent_succinate-semialdehyde_dehydrogenase	AF-A0A1D6HEQ6-F1-model_v4	AF-A0A1D6HEQ6-F1-model_v4 Aldehyde dehydrogenase	7.937E-23	1.000	638	36	516	527	17	442	446	488	0.913	0.955
LOKIASV2_4403_ESMFold_NAD-dependent_succinate-semialdehyde_dehydrogenase	AF-Q9XDN1-F1-model_v4	AF-Q9XDN1-F1-model_v4 Propanediol utilization CoA-dependent propionaldehyde dehydrogenase	2.296E-21	1.000	631	36	481	527	37	464	464	470	0.846	0.922
LOKIASV2_4403_ESMFold_NAD-dependent_succinate-semialdehyde_dehydrogenase	AF-A0A0H3GRD3-F1-model_v4	AF-A0A0H3GRD3-F1-model_v4 Aldehyde-alcohol dehydrogenase	1.366E-22	1.000	630	30	481	527	3	451	891	492	0.858	0.504
LOKIASV2_4403_ESMFold_NAD-dependent_succinate-semialdehyde_dehydrogenase	AF-A0A5K4F546-F1-model_v4	AF-A0A5K4F546-F1-model_v4 Aldedh domain-containing protein	7.290E-17	1.000	628	274	456	527	3	181	183	183	0.347	0.978
LOKIASV2_4403_ESMFold_NAD-dependent_succinate-semialdehyde_dehydrogenase	AF-A0A0H3GX09-F1-model_v4	AF-A0A0H3GX09-F1-model_v4 Propanediol utilization: CoA-dependent propionaldehyde dehydrogenase	2.243E-20	1.000	606	35	481	527	34	462	462	470	0.848	0.929
LOKIASV2_4403_ESMFold_NAD-dependent_succinate-semialdehyde_dehydrogenase	AF-Q2G1K9-F1-model_v4	AF-Q2G1K9-F1-model_v4 Aldehyde-alcohol dehydrogenase	5.776E-21	1.000	601	33	481	527	18	461	869	482	0.852	0.511
LOKIASV2_4403_ESMFold_NAD-dependent_succinate-semialdehyde_dehydrogenase	AF-A0A077ZLX1-F1-model_v4	AF-A0A077ZLX1-F1-model_v4 Aldehyde-alcohol dehydrogenase	2.296E-21	1.000	600	30	481	527	3	455	891	497	0.858	0.508
LOKIASV2_4403_ESMFold_NAD-dependent_succinate-semialdehyde_dehydrogenase	AF-Q8ZP45-F1-model_v4	AF-Q8ZP45-F1-model_v4 Aldehyde-alcohol dehydrogenase	2.296E-21	1.000	599	30	481	527	3	451	892	496	0.858	0.503
LOKIASV2_4403_ESMFold_NAD-dependent_succinate-semialdehyde_dehydrogenase	AF-A0A0H3GMW7-F1-model_v4	AF-A0A0H3GMW7-F1-model_v4 Aldehyde dehydrogenase	1.409E-21	1.000	598	34	518	527	12	570	574	588	0.920	0.974
LOKIASV2_4403_ESMFold_NAD-dependent_succinate-semialdehyde_dehydrogenase	AF-A0A0D2HIZ0-F1-model_v4	AF-A0A0D2HIZ0-F1-model_v4 Unplaced genomic scaffold supercont1.2, whole genome shotgun sequence	3.410E-17	1.000	597	229	465	527	82	307	320	240	0.450	0.706
LOKIASV2_4403_ESMFold_NAD-dependent_succinate-semialdehyde_dehydrogenase	AF-P41793-F1-model_v4	AF-P41793-F1-model_v4 Acetaldehyde dehydrogenase (acetylating) EutE	2.243E-20	1.000	597	2	472	527	19	458	467	498	0.894	0.942
LOKIASV2_4403_ESMFold_NAD-dependent_succinate-semialdehyde_dehydrogenase	AF-A0A132Z2T6-F1-model_v4	AF-A0A132Z2T6-F1-model_v4 Aldehyde-alcohol dehydrogenase	1.235E-20	1.000	596	33	472	527	16	452	865	475	0.835	0.505
LOKIASV2_4403_ESMFold_NAD-dependent_succinate-semialdehyde_dehydrogenase	AF-K7KKW1-F1-model_v4	AF-K7KKW1-F1-model_v4 Uncharacterized protein	1.345E-19	1.000	595	9	479	527	64	441	444	488	0.894	0.851
LOKIASV2_4403_ESMFold_NAD-dependent_succinate-semialdehyde_dehydrogenase	AF-Q32GW3-F1-model_v4	AF-Q32GW3-F1-model_v4 Aldehyde-alcohol dehydrogenase	1.074E-21	1.000	593	34	481	527	7	451	891	493	0.850	0.499
LOKIASV2_4403_ESMFold_NAD-dependent_succinate-semialdehyde_dehydrogenase	AF-Q8DNA5-F1-model_v4	AF-Q8DNA5-F1-model_v4 Aldehyde-alcohol dehydrogenase	2.060E-21	1.000	587	33	481	527	24	476	890	492	0.852	0.509
LOKIASV2_4403_ESMFold_NAD-dependent_succinate-semialdehyde_dehydrogenase	AF-P0A9Q7-F1-model_v4	AF-P0A9Q7-F1-model_v4 Aldehyde-alcohol dehydrogenase	2.296E-21	1.000	587	30	481	527	3	451	891	497	0.858	0.504
LOKIASV2_4403_ESMFold_NAD-dependent_succinate-semialdehyde_dehydrogenase	AF-A0A0H3GVZ5-F1-model_v4	AF-A0A0H3GVZ5-F1-model_v4 Ethanolamine utilization protein	1.620E-20	1.000	579	4	472	527	20	458	467	507	0.890	0.940
LOKIASV2_4403_ESMFold_NAD-dependent_succinate-semialdehyde_dehydrogenase	AF-Q4CM74-F1-model_v4	AF-Q4CM74-F1-model_v4 Delta-1-pyrroline-5-carboxylate dehydrogenase, putative	8.579E-17	1.000	578	243	491	527	4	262	265	262	0.472	0.977
LOKIASV2_4403_ESMFold_NAD-dependent_succinate-semialdehyde_dehydrogenase	AF-P77445-F1-model_v4	AF-P77445-F1-model_v4 Ethanolamine utilization protein EutE	6.291E-20	1.000	578	28	472	527	32	458	467	480	0.844	0.914
LOKIASV2_4403_ESMFold_NAD-dependent_succinate-semialdehyde_dehydrogenase	AF-A0A1D6MB64-F1-model_v4	AF-A0A1D6MB64-F1-model_v4 Putative aldehyde dehydrogenase MIS1	6.798E-21	1.000	558	9	490	527	79	566	566	544	0.915	0.862
LOKIASV2_4403_ESMFold_NAD-dependent_succinate-semialdehyde_dehydrogenase	AF-K0EFS6-F1-model_v4	AF-K0EFS6-F1-model_v4 Aldehyde dehydrogenase	3.035E-19	1.000	557	30	518	527	4	562	566	588	0.928	0.988
LOKIASV2_4403_ESMFold_NAD-dependent_succinate-semialdehyde_dehydrogenase	AF-Q9UT44-F1-model_v4	AF-Q9UT44-F1-model_v4 Probable gamma-glutamyl phosphate reductase	6.851E-19	1.000	529	36	480	527	3	423	451	483	0.844	0.933
LOKIASV2_4403_ESMFold_NAD-dependent_succinate-semialdehyde_dehydrogenase	AF-K0F664-F1-model_v4	AF-K0F664-F1-model_v4 Aldedh domain-containing protein	1.091E-17	1.000	524	12	472	527	8	454	458	493	0.875	0.976
LOKIASV2_4403_ESMFold_NAD-dependent_succinate-semialdehyde_dehydrogenase	AF-X8FM13-F1-model_v4	AF-X8FM13-F1-model_v4 Aldehyde dehydrogenase family protein	7.519E-16	1.000	521	284	502	527	5	222	250	221	0.416	0.872
LOKIASV2_4403_ESMFold_NAD-dependent_succinate-semialdehyde_dehydrogenase	AF-P07004-F1-model_v4	AF-P07004-F1-model_v4 Gamma-glutamyl phosphate reductase	3.685E-18	1.000	519	36	481	527	2	417	417	486	0.846	0.998
LOKIASV2_4403_ESMFold_NAD-dependent_succinate-semialdehyde_dehydrogenase	AF-Q9CBZ7-F1-model_v4	AF-Q9CBZ7-F1-model_v4 Gamma-glutamyl phosphate reductase	1.058E-18	1.000	518	33	481	527	2	408	409	484	0.852	0.995
LOKIASV2_4403_ESMFold_NAD-dependent_succinate-semialdehyde_dehydrogenase	AF-A0A132Z318-F1-model_v4	AF-A0A132Z318-F1-model_v4 Gamma-glutamyl phosphate reductase	2.966E-18	1.000	517	35	481	527	3	415	415	480	0.848	0.995
LOKIASV2_4403_ESMFold_NAD-dependent_succinate-semialdehyde_dehydrogenase	AF-K0ESN3-F1-model_v4	AF-K0ESN3-F1-model_v4 Gamma-glutamyl phosphate reductase	9.787E-18	1.000	514	33	481	527	12	420	421	478	0.852	0.971
LOKIASV2_4403_ESMFold_NAD-dependent_succinate-semialdehyde_dehydrogenase	AF-P53000-F1-model_v4	AF-P53000-F1-model_v4 Gamma-glutamyl phosphate reductase	7.461E-18	1.000	513	37	481	527	2	410	410	475	0.844	0.998
LOKIASV2_4403_ESMFold_NAD-dependent_succinate-semialdehyde_dehydrogenase	AF-P45121-F1-model_v4	AF-P45121-F1-model_v4 Gamma-glutamyl phosphate reductase	8.316E-18	1.000	513	36	481	527	2	417	417	488	0.846	0.998
LOKIASV2_4403_ESMFold_NAD-dependent_succinate-semialdehyde_dehydrogenase	AF-Q4D112-F1-model_v4	AF-Q4D112-F1-model_v4 Glutamate-5-semialdehyde dehydrogenase	2.192E-19	1.000	511	33	490	527	10	435	452	501	0.869	0.942
LOKIASV2_4403_ESMFold_NAD-dependent_succinate-semialdehyde_dehydrogenase	AF-X8FI41-F1-model_v4	AF-X8FI41-F1-model_v4 Aldehyde dehydrogenase family protein	9.637E-15	1.000	506	297	480	527	2	182	184	189	0.349	0.984
LOKIASV2_4403_ESMFold_NAD-dependent_succinate-semialdehyde_dehydrogenase	AF-A0A0H3GNT9-F1-model_v4	AF-A0A0H3GNT9-F1-model_v4 Gamma-glutamyl phosphate reductase	1.431E-17	1.000	501	36	481	527	2	417	417	486	0.846	0.998
LOKIASV2_4403_ESMFold_NAD-dependent_succinate-semialdehyde_dehydrogenase	AF-A0A0H3GTI2-F1-model_v4	AF-A0A0H3GTI2-F1-model_v4 Gamma-aminobutyraldehyde dehydrogenase	1.050E-13	1.000	500	9	276	527	20	283	313	269	0.509	0.843
LOKIASV2_4403_ESMFold_NAD-dependent_succinate-semialdehyde_dehydrogenase	AF-P9WHV1-F1-model_v4	AF-P9WHV1-F1-model_v4 Gamma-glutamyl phosphate reductase	1.431E-17	1.000	500	33	481	527	12	414	415	484	0.852	0.971
LOKIASV2_4403_ESMFold_NAD-dependent_succinate-semialdehyde_dehydrogenase	AF-A0A3Q0KNY0-F1-model_v4	AF-A0A3Q0KNY0-F1-model_v4 Delta-1-pyrroline-5-carboxylate synthase	1.465E-18	1.000	499	33	473	527	339	758	783	484	0.837	0.536
LOKIASV2_4403_ESMFold_NAD-dependent_succinate-semialdehyde_dehydrogenase	AF-P54889-F1-model_v4	AF-P54889-F1-model_v4 Probable delta-1-pyrroline-5-carboxylate synthase	3.306E-18	1.000	499	36	482	527	356	769	802	481	0.848	0.516
LOKIASV2_4403_ESMFold_NAD-dependent_succinate-semialdehyde_dehydrogenase	AF-Q9HX20-F1-model_v4	AF-Q9HX20-F1-model_v4 Gamma-glutamyl phosphate reductase	9.787E-18	1.000	498	33	481	527	6	421	421	488	0.852	0.988
LOKIASV2_4403_ESMFold_NAD-dependent_succinate-semialdehyde_dehydrogenase	AF-Q4DIU8-F1-model_v4	AF-Q4DIU8-F1-model_v4 Uncharacterized protein	6.694E-18	1.000	496	13	398	527	50	506	519	478	0.732	0.881
LOKIASV2_4403_ESMFold_NAD-dependent_succinate-semialdehyde_dehydrogenase	AF-X8F5K7-F1-model_v4	AF-X8F5K7-F1-model_v4 Gamma-glutamyl phosphate reductase	3.890E-18	1.000	491	21	481	527	2	422	423	505	0.875	0.995
LOKIASV2_4403_ESMFold_NAD-dependent_succinate-semialdehyde_dehydrogenase	AF-P40861-F1-model_v4	AF-P40861-F1-model_v4 Gamma-glutamyl phosphate reductase	1.152E-17	1.000	490	36	481	527	2	416	416	489	0.846	0.998
LOKIASV2_4403_ESMFold_NAD-dependent_succinate-semialdehyde_dehydrogenase	AF-A0A1D6H1N2-F1-model_v4	AF-A0A1D6H1N2-F1-model_v4 Succinate-semialdehyde dehydrogenase mitochondrial	2.060E-14	1.000	489	259	479	527	1	219	219	239	0.419	1.000
LOKIASV2_4403_ESMFold_NAD-dependent_succinate-semialdehyde_dehydrogenase	AF-Q32J27-F1-model_v4	AF-Q32J27-F1-model_v4 Gamma-glutamyl phosphate reductase	1.982E-17	1.000	488	36	481	527	2	417	417	486	0.846	0.998
LOKIASV2_4403_ESMFold_NAD-dependent_succinate-semialdehyde_dehydrogenase	AF-I1JI26-F1-model_v4	AF-I1JI26-F1-model_v4 Delta-1-pyrroline-5-carboxylate synthase	1.058E-18	1.000	486	29	483	527	289	701	713	489	0.863	0.579
LOKIASV2_4403_ESMFold_NAD-dependent_succinate-semialdehyde_dehydrogenase	AF-P54887-F1-model_v4	AF-P54887-F1-model_v4 Delta-1-pyrroline-5-carboxylate synthase A	2.520E-18	1.000	482	33	483	527	292	703	717	488	0.856	0.575
LOKIASV2_4403_ESMFold_NAD-dependent_succinate-semialdehyde_dehydrogenase	AF-A0A0K0ESL0-F1-model_v4	AF-A0A0K0ESL0-F1-model_v4 Delta-1-pyrroline-5-carboxylate synthase	6.694E-18	1.000	481	36	482	527	353	766	782	485	0.848	0.529
LOKIASV2_4403_ESMFold_NAD-dependent_succinate-semialdehyde_dehydrogenase	AF-U7Q351-F1-model_v4	AF-U7Q351-F1-model_v4 Glutamate-5-semialdehyde dehydrogenase	2.028E-18	1.000	479	37	480	527	9	438	457	484	0.843	0.941
LOKIASV2_4403_ESMFold_NAD-dependent_succinate-semialdehyde_dehydrogenase	AF-A0A077Z1A2-F1-model_v4	AF-A0A077Z1A2-F1-model_v4 Delta-1-pyrroline-5-carboxylate synthase	1.284E-17	1.000	478	36	487	527	304	738	753	499	0.858	0.578
LOKIASV2_4403_ESMFold_NAD-dependent_succinate-semialdehyde_dehydrogenase	AF-A0A0N4UNI9-F1-model_v4	AF-A0A0N4UNI9-F1-model_v4 Delta-1-pyrroline-5-carboxylate synthase	4.833E-18	1.000	476	33	488	527	343	763	778	496	0.865	0.541
LOKIASV2_4403_ESMFold_NAD-dependent_succinate-semialdehyde_dehydrogenase	AF-X8F3E9-F1-model_v4	AF-X8F3E9-F1-model_v4 Bifunctional acetaldehyde-CoA/alcohol dehydrogenase	4.578E-18	1.000	473	71	481	527	2	409	831	450	0.780	0.491
LOKIASV2_4403_ESMFold_NAD-dependent_succinate-semialdehyde_dehydrogenase	AF-Q5F8D3-F1-model_v4	AF-Q5F8D3-F1-model_v4 Gamma-glutamyl phosphate reductase	9.057E-17	1.000	471	37	481	527	5	420	420	487	0.844	0.990
LOKIASV2_4403_ESMFold_NAD-dependent_succinate-semialdehyde_dehydrogenase	AF-K7L1J3-F1-model_v4	AF-K7L1J3-F1-model_v4 Delta-1-pyrroline-5-carboxylate synthase	2.092E-17	1.000	470	37	483	527	344	751	765	481	0.848	0.533
LOKIASV2_4403_ESMFold_NAD-dependent_succinate-semialdehyde_dehydrogenase	AF-P54888-F1-model_v4	AF-P54888-F1-model_v4 Delta-1-pyrroline-5-carboxylate synthase B	9.787E-18	1.000	468	32	483	527	294	703	726	485	0.858	0.565
LOKIASV2_4403_ESMFold_NAD-dependent_succinate-semialdehyde_dehydrogenase	AF-Q8DQ60-F1-model_v4	AF-Q8DQ60-F1-model_v4 Gamma-glutamyl phosphate reductase	1.834E-16	1.000	467	37	481	527	5	420	420	482	0.844	0.990
LOKIASV2_4403_ESMFold_NAD-dependent_succinate-semialdehyde_dehydrogenase	AF-Q5ADR2-F1-model_v4	AF-Q5ADR2-F1-model_v4 Glutamate-5-semialdehyde dehydrogenase	4.237E-17	1.000	467	31	479	527	1	425	446	486	0.852	0.953
LOKIASV2_4403_ESMFold_NAD-dependent_succinate-semialdehyde_dehydrogenase	AF-Q57U66-F1-model_v4	AF-Q57U66-F1-model_v4 Aldedh domain-containing protein	3.801E-17	1.000	463	9	398	527	53	544	559	512	0.740	0.880
LOKIASV2_4403_ESMFold_NAD-dependent_succinate-semialdehyde_dehydrogenase	AF-I1M826-F1-model_v4	AF-I1M826-F1-model_v4 Delta-1-pyrroline-5-carboxylate synthase	1.091E-17	1.000	462	35	483	527	292	701	713	490	0.852	0.575
LOKIASV2_4403_ESMFold_NAD-dependent_succinate-semialdehyde_dehydrogenase	AF-A0A0R0EVL3-F1-model_v4	AF-A0A0R0EVL3-F1-model_v4 Delta-1-pyrroline-5-carboxylate synthase	1.284E-17	1.000	460	31	483	527	293	703	715	490	0.860	0.575
LOKIASV2_4403_ESMFold_NAD-dependent_succinate-semialdehyde_dehydrogenase	AF-A4I8D9-F1-model_v4	AF-A4I8D9-F1-model_v4 Glutamate-5-semialdehyde dehydrogenase	2.332E-17	1.000	459	33	481	527	12	435	479	496	0.852	0.885
LOKIASV2_4403_ESMFold_NAD-dependent_succinate-semialdehyde_dehydrogenase	AF-O04226-F1-model_v4	AF-O04226-F1-model_v4 Delta-1-pyrroline-5-carboxylate synthase 1	1.511E-17	1.000	459	37	483	527	296	703	716	483	0.848	0.570
LOKIASV2_4403_ESMFold_NAD-dependent_succinate-semialdehyde_dehydrogenase	AF-K7MTA0-F1-model_v4	AF-K7MTA0-F1-model_v4 Delta-1-pyrroline-5-carboxylate synthase	5.557E-17	1.000	457	37	483	527	299	706	720	483	0.848	0.567
LOKIASV2_4403_ESMFold_NAD-dependent_succinate-semialdehyde_dehydrogenase	AF-A0A1D6M5N6-F1-model_v4	AF-A0A1D6M5N6-F1-model_v4 Delta-1-pyrroline-5-carboxylate synthase	4.986E-17	1.000	453	23	479	527	288	712	729	501	0.867	0.583
LOKIASV2_4403_ESMFold_NAD-dependent_succinate-semialdehyde_dehydrogenase	AF-Q9Z110-F1-model_v4	AF-Q9Z110-F1-model_v4 Delta-1-pyrroline-5-carboxylate synthase	2.209E-17	1.000	453	23	486	527	357	777	795	503	0.880	0.530
LOKIASV2_4403_ESMFold_NAD-dependent_succinate-semialdehyde_dehydrogenase	AF-P54885-F1-model_v4	AF-P54885-F1-model_v4 Gamma-glutamyl phosphate reductase	1.778E-17	1.000	452	38	482	527	6	434	456	483	0.844	0.941
LOKIASV2_4403_ESMFold_NAD-dependent_succinate-semialdehyde_dehydrogenase	AF-D3ZIE9-F1-model_v4	AF-D3ZIE9-F1-model_v4 Delta-1-pyrroline-5-carboxylate synthase	4.986E-17	1.000	451	23	486	527	357	777	795	505	0.880	0.530
LOKIASV2_4403_ESMFold_NAD-dependent_succinate-semialdehyde_dehydrogenase	AF-Q941T1-F1-model_v4	AF-Q941T1-F1-model_v4 Delta-1-pyrroline-5-carboxylate synthase 2	2.209E-17	1.000	450	37	483	527	315	722	735	488	0.848	0.555
LOKIASV2_4403_ESMFold_NAD-dependent_succinate-semialdehyde_dehydrogenase	AF-Q9VNW6-F1-model_v4	AF-Q9VNW6-F1-model_v4 Delta-1-pyrroline-5-carboxylate synthase	1.254E-16	1.000	449	36	480	527	348	757	776	479	0.844	0.528
LOKIASV2_4403_ESMFold_NAD-dependent_succinate-semialdehyde_dehydrogenase	AF-A0A0H3GRA2-F1-model_v4	AF-A0A0H3GRA2-F1-model_v4 Bifunctional protein PutA	1.764E-12	1.000	448	9	310	527	656	947	986	310	0.573	0.296
LOKIASV2_4403_ESMFold_NAD-dependent_succinate-semialdehyde_dehydrogenase	AF-I1J6X7-F1-model_v4	AF-I1J6X7-F1-model_v4 Delta-1-pyrroline-5-carboxylate synthase	9.057E-17	1.000	446	37	483	527	334	741	755	481	0.848	0.540
LOKIASV2_4403_ESMFold_NAD-dependent_succinate-semialdehyde_dehydrogenase	AF-C1HB13-F1-model_v4	AF-C1HB13-F1-model_v4 Glutamate-5-semialdehyde dehydrogenase	3.714E-16	1.000	445	37	480	527	9	437	456	494	0.843	0.941
LOKIASV2_4403_ESMFold_NAD-dependent_succinate-semialdehyde_dehydrogenase	AF-P54886-F1-model_v4	AF-P54886-F1-model_v4 Delta-1-pyrroline-5-carboxylate synthase	1.284E-17	1.000	445	23	486	527	357	777	795	506	0.880	0.530
LOKIASV2_4403_ESMFold_NAD-dependent_succinate-semialdehyde_dehydrogenase	AF-A0A0D2GRS6-F1-model_v4	AF-A0A0D2GRS6-F1-model_v4 Glutamate-5-semialdehyde dehydrogenase	1.066E-16	1.000	444	37	480	527	9	460	479	512	0.843	0.944
LOKIASV2_4403_ESMFold_NAD-dependent_succinate-semialdehyde_dehydrogenase	AF-X8FBH3-F1-model_v4	AF-X8FBH3-F1-model_v4 Aldehyde dehydrogenase family protein	6.490E-12	1.000	441	14	244	527	32	261	270	239	0.438	0.852
LOKIASV2_4403_ESMFold_NAD-dependent_succinate-semialdehyde_dehydrogenase	AF-C0NMF7-F1-model_v4	AF-C0NMF7-F1-model_v4 Glutamate-5-semialdehyde dehydrogenase	3.332E-16	1.000	440	31	480	527	6	436	455	499	0.854	0.947
LOKIASV2_4403_ESMFold_NAD-dependent_succinate-semialdehyde_dehydrogenase	AF-I1JLN5-F1-model_v4	AF-I1JLN5-F1-model_v4 Delta-1-pyrroline-5-carboxylate synthase	7.290E-17	1.000	438	37	483	527	335	742	756	481	0.848	0.540
LOKIASV2_4403_ESMFold_NAD-dependent_succinate-semialdehyde_dehydrogenase	AF-A4IGC8-F1-model_v4	AF-A4IGC8-F1-model_v4 Delta-1-pyrroline-5-carboxylate synthase	1.877E-17	1.000	438	22	489	527	336	759	782	507	0.888	0.542
LOKIASV2_4403_ESMFold_NAD-dependent_succinate-semialdehyde_dehydrogenase	AF-A0A077ZAM5-F1-model_v4	AF-A0A077ZAM5-F1-model_v4 Acetate kinase and PTA PTB and Aldedh domain cont aining protein	3.437E-15	1.000	437	137	439	527	32	328	966	331	0.575	0.307
LOKIASV2_4403_ESMFold_NAD-dependent_succinate-semialdehyde_dehydrogenase	AF-U7PQ65-F1-model_v4	AF-U7PQ65-F1-model_v4 Aldedh domain-containing protein	1.010E-16	1.000	430	34	525	527	6	510	525	563	0.934	0.962
LOKIASV2_4403_ESMFold_NAD-dependent_succinate-semialdehyde_dehydrogenase	AF-Q4D6R4-F1-model_v4	AF-Q4D6R4-F1-model_v4 Aldehyde dehydrogenase, putative	1.907E-13	1.000	427	324	516	527	15	209	219	199	0.366	0.890
LOKIASV2_4403_ESMFold_NAD-dependent_succinate-semialdehyde_dehydrogenase	AF-K0EZ16-F1-model_v4	AF-K0EZ16-F1-model_v4 Acyl-CoA reductase	5.305E-15	1.000	424	8	495	527	18	468	481	517	0.926	0.938
LOKIASV2_4403_ESMFold_NAD-dependent_succinate-semialdehyde_dehydrogenase	AF-X8FL33-F1-model_v4	AF-X8FL33-F1-model_v4 Aldehyde dehydrogenase family protein	1.058E-11	1.000	414	322	477	527	1	155	155	157	0.296	1.000
LOKIASV2_4403_ESMFold_NAD-dependent_succinate-semialdehyde_dehydrogenase	AF-A0A0H3GU66-F1-model_v4	AF-A0A0H3GU66-F1-model_v4 Gamma-aminobutyraldehyde dehydrogenase	9.489E-12	1.000	412	305	472	527	3	167	172	169	0.319	0.959
LOKIASV2_4403_ESMFold_NAD-dependent_succinate-semialdehyde_dehydrogenase	AF-A0A1C1CHE6-F1-model_v4	AF-A0A1C1CHE6-F1-model_v4 Glutamate-5-semialdehyde dehydrogenase	1.099E-15	1.000	410	37	493	527	9	465	476	532	0.867	0.960
LOKIASV2_4403_ESMFold_NAD-dependent_succinate-semialdehyde_dehydrogenase	AF-Q4CM65-F1-model_v4	AF-Q4CM65-F1-model_v4 Glutamate-5-semialdehyde dehydrogenase	3.156E-16	1.000	398	60	485	527	2	376	398	461	0.808	0.942
LOKIASV2_4403_ESMFold_NAD-dependent_succinate-semialdehyde_dehydrogenase	AF-A0A1D6FNZ7-F1-model_v4	AF-A0A1D6FNZ7-F1-model_v4 Delta-1-pyrroline-5-carboxylate synthase	7.290E-17	1.000	397	37	483	527	297	755	768	533	0.848	0.598
LOKIASV2_4403_ESMFold_NAD-dependent_succinate-semialdehyde_dehydrogenase	AF-A0A1D6ECT0-F1-model_v4	AF-A0A1D6ECT0-F1-model_v4 Aldehyde dehydrogenase family 7 member B4	2.809E-11	1.000	395	231	480	527	2	207	215	256	0.474	0.958
LOKIASV2_4403_ESMFold_NAD-dependent_succinate-semialdehyde_dehydrogenase	AF-A0A5K4F5H9-F1-model_v4	AF-A0A5K4F5H9-F1-model_v4 Aldedh domain-containing protein	2.142E-11	1.000	387	319	481	527	1	166	170	170	0.309	0.976
LOKIASV2_4403_ESMFold_NAD-dependent_succinate-semialdehyde_dehydrogenase	AF-X8FI13-F1-model_v4	AF-X8FI13-F1-model_v4 Aldehyde dehydrogenase family protein	7.068E-11	1.000	380	136	305	527	17	187	202	172	0.323	0.847
LOKIASV2_4403_ESMFold_NAD-dependent_succinate-semialdehyde_dehydrogenase	AF-X8F875-F1-model_v4	AF-X8F875-F1-model_v4 Aldehyde dehydrogenase family protein	2.209E-10	1.000	376	9	204	527	19	215	253	205	0.372	0.779
LOKIASV2_4403_ESMFold_NAD-dependent_succinate-semialdehyde_dehydrogenase	AF-X8FNS5-F1-model_v4	AF-X8FNS5-F1-model_v4 Aldehyde dehydrogenase family protein	5.104E-11	1.000	366	332	481	527	2	153	209	153	0.285	0.727
LOKIASV2_4403_ESMFold_NAD-dependent_succinate-semialdehyde_dehydrogenase	AF-Q4D4U6-F1-model_v4	AF-Q4D4U6-F1-model_v4 Aldehyde dehydrogenase, putative	4.204E-12	1.000	350	336	516	527	2	184	194	187	0.343	0.943
LOKIASV2_4403_ESMFold_NAD-dependent_succinate-semialdehyde_dehydrogenase	AF-A0A1D6G8E7-F1-model_v4	AF-A0A1D6G8E7-F1-model_v4 Delta-1-pyrroline-5-carboxylate synthase	1.848E-14	1.000	342	34	483	527	340	715	755	478	0.854	0.498
LOKIASV2_4403_ESMFold_NAD-dependent_succinate-semialdehyde_dehydrogenase	AF-A0A0H3GS16-F1-model_v4	AF-A0A0H3GS16-F1-model_v4 Aldehyde dehydrogenase B (Lactaldehyde dehydrogenase)	3.332E-09	1.000	338	12	216	527	34	230	240	207	0.389	0.821
LOKIASV2_4403_ESMFold_NAD-dependent_succinate-semialdehyde_dehydrogenase	AF-X8FHQ8-F1-model_v4	AF-X8FHQ8-F1-model_v4 Aldehyde dehydrogenase family protein	4.986E-10	1.000	332	9	273	527	53	321	353	284	0.503	0.762
LOKIASV2_4403_ESMFold_NAD-dependent_succinate-semialdehyde_dehydrogenase	AF-A4HRQ8-F1-model_v4	AF-A4HRQ8-F1-model_v4 Gamma-glutamyl phosphate reductase-like protein	5.959E-13	1.000	327	129	478	527	338	653	659	379	0.664	0.480
LOKIASV2_4403_ESMFold_NAD-dependent_succinate-semialdehyde_dehydrogenase	AF-A0A0D2GX80-F1-model_v4	AF-A0A0D2GX80-F1-model_v4 Unplaced genomic scaffold supercont1.6, whole genome shotgun sequence	1.125E-09	1.000	306	284	458	527	2	152	171	175	0.332	0.883
LOKIASV2_4403_ESMFold_NAD-dependent_succinate-semialdehyde_dehydrogenase	AF-A0A0D2GHT6-F1-model_v4	AF-A0A0D2GHT6-F1-model_v4 Unplaced genomic scaffold supercont1.4, whole genome shotgun sequence	8.782E-11	1.000	288	39	434	527	11	382	481	431	0.751	0.773
LOKIASV2_4403_ESMFold_NAD-dependent_succinate-semialdehyde_dehydrogenase	AF-A0A1D6H1N0-F1-model_v4	AF-A0A1D6H1N0-F1-model_v4 Succinate semialdehyde dehydrogenase	3.714E-09	1.000	287	136	307	527	10	174	184	175	0.326	0.897
LOKIASV2_4403_ESMFold_NAD-dependent_succinate-semialdehyde_dehydrogenase	AF-A0A1D6Q1W2-F1-model_v4	AF-A0A1D6Q1W2-F1-model_v4 Aldehyde dehydrogenase family 7 member B4	2.989E-09	1.000	275	202	468	527	27	296	300	295	0.507	0.900
LOKIASV2_4403_ESMFold_NAD-dependent_succinate-semialdehyde_dehydrogenase	AF-X8F6U5-F1-model_v4	AF-X8F6U5-F1-model_v4 Aldehyde dehydrogenase family protein	4.045E-08	1.000	272	158	340	527	7	188	209	187	0.347	0.871
LOKIASV2_4403_ESMFold_NAD-dependent_succinate-semialdehyde_dehydrogenase	AF-A0A3Q0KEJ5-F1-model_v4	AF-A0A3Q0KEJ5-F1-model_v4 Uncharacterized protein	7.234E-12	1.000	269	1	521	527	1	463	655	582	0.989	0.707
LOKIASV2_4403_ESMFold_NAD-dependent_succinate-semialdehyde_dehydrogenase	AF-A0A1D6MRK0-F1-model_v4	AF-A0A1D6MRK0-F1-model_v4 Betaine aldehyde dehydrogenase 2 mitochondrial	2.244E-06	1.000	229	158	285	527	6	134	176	129	0.243	0.733
LOKIASV2_4403_ESMFold_NAD-dependent_succinate-semialdehyde_dehydrogenase	AF-X8F943-F1-model_v4	AF-X8F943-F1-model_v4 Aldehyde dehydrogenase family protein	5.347E-06	1.000	219	366	481	527	3	115	115	116	0.220	0.983
LOKIASV2_4403_ESMFold_NAD-dependent_succinate-semialdehyde_dehydrogenase	AF-A0A1D6NHK1-F1-model_v4	AF-A0A1D6NHK1-F1-model_v4 Betaine aldehyde dehydrogenase 2 mitochondrial	5.347E-06	1.000	219	158	285	527	6	134	176	129	0.243	0.733
LOKIASV2_4403_ESMFold_NAD-dependent_succinate-semialdehyde_dehydrogenase	AF-Q9VI33-F1-model_v4	AF-Q9VI33-F1-model_v4 AT02555p	1.108E-06	1.000	212	247	434	527	97	264	322	194	0.357	0.522
LOKIASV2_4403_ESMFold_NAD-dependent_succinate-semialdehyde_dehydrogenase	AF-X8FGS4-F1-model_v4	AF-X8FGS4-F1-model_v4 Aldehyde dehydrogenase family protein	5.646E-06	1.000	207	169	285	527	2	118	131	118	0.222	0.893
LOKIASV2_4403_ESMFold_NAD-dependent_succinate-semialdehyde_dehydrogenase	AF-A0A0R0J0P1-F1-model_v4	AF-A0A0R0J0P1-F1-model_v4 Aldedh domain-containing protein	8.449E-07	1.000	207	59	305	527	2	194	198	250	0.469	0.975
LOKIASV2_4403_ESMFold_NAD-dependent_succinate-semialdehyde_dehydrogenase	AF-Q9VYG8-F1-model_v4	AF-Q9VYG8-F1-model_v4 CG15717-PA	3.013E-07	1.000	206	233	435	527	15	204	252	218	0.385	0.754
LOKIASV2_4403_ESMFold_NAD-dependent_succinate-semialdehyde_dehydrogenase	AF-A0A1D6QSA7-F1-model_v4	AF-A0A1D6QSA7-F1-model_v4 Betaine aldehyde dehydrogenase 2 mitochondrial	1.765E-05	1.000	204	158	285	527	6	134	158	129	0.243	0.816
LOKIASV2_4403_ESMFold_NAD-dependent_succinate-semialdehyde_dehydrogenase	AF-X8FK41-F1-model_v4	AF-X8FK41-F1-model_v4 Aldehyde dehydrogenase family protein	1.026E-05	1.000	202	170	300	527	2	134	154	135	0.249	0.864
LOKIASV2_4403_ESMFold_NAD-dependent_succinate-semialdehyde_dehydrogenase	AF-Q32EE9-F1-model_v4	AF-Q32EE9-F1-model_v4 Histidinol dehydrogenase	1.792E-08	1.000	193	47	525	527	17	433	434	528	0.909	0.961
LOKIASV2_4403_ESMFold_NAD-dependent_succinate-semialdehyde_dehydrogenase	AF-X8F9C8-F1-model_v4	AF-X8F9C8-F1-model_v4 Aldehyde dehydrogenase family protein	1.058E-04	1.000	187	243	351	527	2	109	109	109	0.207	0.991
LOKIASV2_4403_ESMFold_NAD-dependent_succinate-semialdehyde_dehydrogenase	AF-A0A1D6PBV6-F1-model_v4	AF-A0A1D6PBV6-F1-model_v4 Betaine aldehyde dehydrogenase 2 mitochondrial	4.205E-05	1.000	187	158	262	527	6	111	329	106	0.199	0.322
LOKIASV2_4403_ESMFold_NAD-dependent_succinate-semialdehyde_dehydrogenase	AF-P06988-F1-model_v4	AF-P06988-F1-model_v4 Histidinol dehydrogenase	3.831E-08	1.000	187	47	525	527	17	433	434	529	0.909	0.961
LOKIASV2_4403_ESMFold_NAD-dependent_succinate-semialdehyde_dehydrogenase	AF-I1KRC8-F1-model_v4	AF-I1KRC8-F1-model_v4 Histidinol dehydrogenase, chloroplastic	2.351E-08	1.000	187	34	524	527	12	428	436	541	0.932	0.956
LOKIASV2_4403_ESMFold_NAD-dependent_succinate-semialdehyde_dehydrogenase	AF-A0A175WIR1-F1-model_v4	AF-A0A175WIR1-F1-model_v4 Histidine biosynthesis trifunctional protein	5.733E-09	1.000	184	1	525	527	414	861	864	580	0.996	0.519
LOKIASV2_4403_ESMFold_NAD-dependent_succinate-semialdehyde_dehydrogenase	AF-P44001-F1-model_v4	AF-P44001-F1-model_v4 Histidinol dehydrogenase	5.026E-08	1.000	181	47	527	527	14	427	427	541	0.913	0.970
LOKIASV2_4403_ESMFold_NAD-dependent_succinate-semialdehyde_dehydrogenase	AF-A0A0H3GQM4-F1-model_v4	AF-A0A0H3GQM4-F1-model_v4 Histidinol dehydrogenase	6.960E-08	1.000	181	47	525	527	17	433	434	525	0.909	0.961
LOKIASV2_4403_ESMFold_NAD-dependent_succinate-semialdehyde_dehydrogenase	AF-X8F6W6-F1-model_v4	AF-X8F6W6-F1-model_v4 Aldehyde dehydrogenase family protein	3.983E-05	1.000	179	366	481	527	3	121	172	122	0.220	0.692
LOKIASV2_4403_ESMFold_NAD-dependent_succinate-semialdehyde_dehydrogenase	AF-Q9C5U8-F1-model_v4	AF-Q9C5U8-F1-model_v4 Histidinol dehydrogenase, chloroplastic	4.509E-08	1.000	177	30	524	527	34	459	466	556	0.939	0.914
LOKIASV2_4403_ESMFold_NAD-dependent_succinate-semialdehyde_dehydrogenase	AF-C0NEX3-F1-model_v4	AF-C0NEX3-F1-model_v4 Histidine biosynthesis trifunctional protein	2.921E-08	1.000	176	44	525	527	447	874	875	537	0.915	0.489
LOKIASV2_4403_ESMFold_NAD-dependent_succinate-semialdehyde_dehydrogenase	AF-Q9W1T5-F1-model_v4	AF-Q9W1T5-F1-model_v4 AT07608p	1.026E-05	1.000	175	250	433	527	42	213	260	200	0.349	0.662
LOKIASV2_4403_ESMFold_NAD-dependent_succinate-semialdehyde_dehydrogenase	AF-I1L0G2-F1-model_v4	AF-I1L0G2-F1-model_v4 Histidinol dehydrogenase, chloroplastic	1.018E-07	1.000	168	30	525	527	40	469	473	557	0.941	0.909
LOKIASV2_4403_ESMFold_NAD-dependent_succinate-semialdehyde_dehydrogenase	AF-I1MG54-F1-model_v4	AF-I1MG54-F1-model_v4 Histidinol dehydrogenase, chloroplastic	1.134E-07	1.000	162	30	524	527	38	463	471	553	0.939	0.904
LOKIASV2_4403_ESMFold_NAD-dependent_succinate-semialdehyde_dehydrogenase	AF-U7PLZ0-F1-model_v4	AF-U7PLZ0-F1-model_v4 Histidine biosynthesis trifunctional protein	2.560E-07	1.000	157	53	527	527	460	873	873	537	0.901	0.474
LOKIASV2_4403_ESMFold_NAD-dependent_succinate-semialdehyde_dehydrogenase	AF-Q9HVW9-F1-model_v4	AF-Q9HVW9-F1-model_v4 Histidinol dehydrogenase	2.854E-07	1.000	156	34	522	527	19	434	440	539	0.928	0.945
LOKIASV2_4403_ESMFold_NAD-dependent_succinate-semialdehyde_dehydrogenase	AF-Q5NAY4-F1-model_v4	AF-Q5NAY4-F1-model_v4 Histidinol dehydrogenase, chloroplastic	2.061E-07	1.000	156	3	524	527	26	466	473	582	0.991	0.932
LOKIASV2_4403_ESMFold_NAD-dependent_succinate-semialdehyde_dehydrogenase	AF-X8EZH9-F1-model_v4	AF-X8EZH9-F1-model_v4 Aldehyde dehydrogenase family protein	1.724E-04	1.000	146	253	358	527	2	106	132	115	0.201	0.795
LOKIASV2_4403_ESMFold_NAD-dependent_succinate-semialdehyde_dehydrogenase	AF-X8FL78-F1-model_v4	AF-X8FL78-F1-model_v4 Aldehyde dehydrogenase family protein	2.210E-03	1.000	133	1	163	527	5	167	171	170	0.309	0.953
LOKIASV2_4403_ESMFold_NAD-dependent_succinate-semialdehyde_dehydrogenase	AF-Q0DB86-F1-model_v4	AF-Q0DB86-F1-model_v4 Os06g0592400 protein	1.596E-03	1.000	125	364	481	527	5	103	104	119	0.224	0.952
LOKIASV2_4403_ESMFold_NAD-dependent_succinate-semialdehyde_dehydrogenase	AF-A0A0P0XAG0-F1-model_v4	AF-A0A0P0XAG0-F1-model_v4 Os07g0689150 protein	2.279E-02	1.000	100	1	113	527	44	153	186	113	0.214	0.591
LOKIASV2_4403_ESMFold_NAD-dependent_succinate-semialdehyde_dehydrogenase	AF-X8FKF7-F1-model_v4	AF-X8FKF7-F1-model_v4 Aldehyde dehydrogenase family protein	9.060E-03	0.999	98	358	481	527	1	122	122	130	0.235	1.000
LOKIASV2_4403_ESMFold_NAD-dependent_succinate-semialdehyde_dehydrogenase	AF-X8FN74-F1-model_v4	AF-X8FN74-F1-model_v4 Aldehyde dehydrogenase family protein	1.226E-01	0.997	91	62	164	527	2	104	107	105	0.195	0.963
LOKIASV2_4403_ESMFold_NAD-dependent_succinate-semialdehyde_dehydrogenase	AF-A0A0H3GL88-F1-model_v4	AF-A0A0H3GL88-F1-model_v4 Trifunctional transcriptional regulator/proline dehydrogenase/pyrroline-5-carboxylate dehydrogenase	2.093E-03	0.996	90	53	246	527	159	310	346	200	0.368	0.439
LOKIASV2_4403_ESMFold_NAD-dependent_succinate-semialdehyde_dehydrogenase	AF-X8F6J2-F1-model_v4	AF-X8F6J2-F1-model_v4 Aldehyde dehydrogenase family protein	1.608E-01	0.994	87	10	108	527	20	118	120	99	0.188	0.825
LOKIASV2_4403_ESMFold_NAD-dependent_succinate-semialdehyde_dehydrogenase	AF-X8FJ16-F1-model_v4	AF-X8FJ16-F1-model_v4 Aldehyde dehydrogenase family protein	5.307E-01	0.956	73	12	110	527	35	133	139	99	0.188	0.712
LOKIASV2_4403_ESMFold_NAD-dependent_succinate-semialdehyde_dehydrogenase	AF-A0A0H3GS72-F1-model_v4	AF-A0A0H3GS72-F1-model_v4 NAD-linked aldehyde dehydrogenase A	5.307E-01	0.956	73	11	120	527	21	128	139	110	0.209	0.777
LOKIASV2_4403_ESMFold_NAD-dependent_succinate-semialdehyde_dehydrogenase	AF-F4I261-F1-model_v4	AF-F4I261-F1-model_v4 S-adenosyl-L-methionine-dependent methyltransferases superfamily protein	4.238E-03	0.923	69	97	281	527	97	267	307	201	0.351	0.557
LOKIASV2_4403_ESMFold_NAD-dependent_succinate-semialdehyde_dehydrogenase	AF-A0A0N4U1N8-F1-model_v4	AF-A0A0N4U1N8-F1-model_v4 Uncharacterized protein	8.384E-02	0.912	68	136	244	527	87	194	245	119	0.207	0.441
LOKIASV2_4403_ESMFold_NAD-dependent_succinate-semialdehyde_dehydrogenase	AF-O13926-F1-model_v4	AF-O13926-F1-model_v4 UPF0665 family protein C23C4.06c	2.832E-02	0.855	64	139	246	527	182	289	327	116	0.205	0.330
LOKIASV2_4403_ESMFold_NAD-dependent_succinate-semialdehyde_dehydrogenase	AF-O07431-F1-model_v4	AF-O07431-F1-model_v4 Catechol O-methyltransferase	3.333E-02	0.692	57	98	276	527	30	181	220	194	0.340	0.691
LOKIASV2_4403_ESMFold_NAD-dependent_succinate-semialdehyde_dehydrogenase	AF-Q58841-F1-model_v4	AF-Q58841-F1-model_v4 Probable dihydroorotate dehydrogenase B (NAD(+)), electron transfer subunit	1.608E-01	0.632	55	138	245	527	92	201	257	126	0.205	0.428
LOKIASV2_4403_ESMFold_NAD-dependent_succinate-semialdehyde_dehydrogenase	AF-K0F5U0-F1-model_v4	AF-K0F5U0-F1-model_v4 O-methyltransferase	5.734E-02	0.601	54	74	305	527	8	178	199	248	0.440	0.859
LOKIASV2_4403_ESMFold_NAD-dependent_succinate-semialdehyde_dehydrogenase	AF-B4F890-F1-model_v4	AF-B4F890-F1-model_v4 3-hydroxybutyryl-CoA dehydrogenase	3.157E-02	0.505	51	137	340	527	6	210	299	235	0.387	0.686
LOKIASV2_4403_ESMFold_NAD-dependent_succinate-semialdehyde_dehydrogenase	AF-A0A1D6ELM0-F1-model_v4	AF-A0A1D6ELM0-F1-model_v4 Delta-1-pyrroline-5-carboxylate synthase B	4.761E-01	0.473	50	92	218	527	195	318	374	138	0.241	0.332
LOKIASV2_4403_ESMFold_NAD-dependent_succinate-semialdehyde_dehydrogenase	AF-A0A0H3GSN2-F1-model_v4	AF-A0A0H3GSN2-F1-model_v4 Putative phenylacetic acid degradation NADH oxidoreductase	1.366E-01	0.411	48	138	256	527	113	269	356	168	0.226	0.441
LOKIASV2_4403_ESMFold_NAD-dependent_succinate-semialdehyde_dehydrogenase	AF-Q8S1G9-F1-model_v4	AF-Q8S1G9-F1-model_v4 Os01g0796400 protein	4.873E-02	0.382	47	136	342	527	9	214	302	241	0.393	0.682
LOKIASV2_4403_ESMFold_NAD-dependent_succinate-semialdehyde_dehydrogenase	AF-C0PBB4-F1-model_v4	AF-C0PBB4-F1-model_v4 S-adenosyl-L-methionine-dependent methyltransferase superfamily protein	1.892E-01	0.353	46	97	281	527	86	256	294	205	0.351	0.582
LOKIASV2_4403_ESMFold_NAD-dependent_succinate-semialdehyde_dehydrogenase	AF-Q9HW70-F1-model_v4	AF-Q9HW70-F1-model_v4 Probable ferredoxin reductase	1.198E+00	0.353	46	137	246	527	191	303	308	122	0.209	0.367
LOKIASV2_4403_ESMFold_NAD-dependent_succinate-semialdehyde_dehydrogenase	AF-K7N0B7-F1-model_v4	AF-K7N0B7-F1-model_v4 Uncharacterized protein	1.659E+00	0.326	45	137	240	527	43	137	138	108	0.197	0.688
LOKIASV2_4403_ESMFold_NAD-dependent_succinate-semialdehyde_dehydrogenase	AF-X8F139-F1-model_v4	AF-X8F139-F1-model_v4 2Fe-2S iron-sulfur cluster binding domain protein	2.227E-01	0.326	45	136	283	527	435	631	673	202	0.281	0.293
LOKIASV2_4403_ESMFold_NAD-dependent_succinate-semialdehyde_dehydrogenase	AF-Q9SIT5-F1-model_v4	AF-Q9SIT5-F1-model_v4 Cation/H(+) antiporter 15	1.835E-02	0.326	45	136	411	527	450	743	821	351	0.524	0.358
LOKIASV2_4403_ESMFold_NAD-dependent_succinate-semialdehyde_dehydrogenase	AF-Q9CCA7-F1-model_v4	AF-Q9CCA7-F1-model_v4 Putative O-methyltransferase ML1075	1.018E+00	0.301	44	137	268	527	68	181	224	146	0.250	0.509
LOKIASV2_4403_ESMFold_NAD-dependent_succinate-semialdehyde_dehydrogenase	AF-U7Q2Z9-F1-model_v4	AF-U7Q2Z9-F1-model_v4 Uncharacterized protein	2.227E-01	0.301	44	137	255	527	421	547	646	143	0.226	0.197
LOKIASV2_4403_ESMFold_NAD-dependent_succinate-semialdehyde_dehydrogenase	AF-O15294-F1-model_v4	AF-O15294-F1-model_v4 UDP-N-acetylglucosamine--peptide N-acetylglucosaminyltransferase 110 kDa subunit	1.134E+00	0.301	44	139	243	527	841	944	1046	118	0.199	0.099
LOKIASV2_4403_ESMFold_NAD-dependent_succinate-semialdehyde_dehydrogenase	AF-A0A3P7DN93-F1-model_v4	AF-A0A3P7DN93-F1-model_v4 GlcNAc kinase	2.176E+00	0.233	41	136	246	527	3	116	487	124	0.211	0.234
LOKIASV2_4403_ESMFold_NAD-dependent_succinate-semialdehyde_dehydrogenase	AF-Q8CGY8-F1-model_v4	AF-Q8CGY8-F1-model_v4 UDP-N-acetylglucosamine--peptide N-acetylglucosaminyltransferase 110 kDa subunit	1.659E+00	0.233	41	139	243	527	841	944	1046	118	0.199	0.099
LOKIASV2_4403_ESMFold_NAD-dependent_succinate-semialdehyde_dehydrogenase	AF-A0A0K0JM48-F1-model_v4	AF-A0A0K0JM48-F1-model_v4 GlcNAc kinase	2.061E+00	0.214	40	136	234	527	28	123	520	102	0.188	0.185
LOKIASV2_4403_ESMFold_NAD-dependent_succinate-semialdehyde_dehydrogenase	AF-P40925-F1-model_v4	AF-P40925-F1-model_v4 Malate dehydrogenase, cytoplasmic	5.026E-01	0.196	39	139	271	527	4	168	334	175	0.252	0.494
LOKIASV2_4403_ESMFold_NAD-dependent_succinate-semialdehyde_dehydrogenase	AF-Q5A931-F1-model_v4	AF-Q5A931-F1-model_v4 tRNA wybutosine-synthesizing protein 4	1.792E-01	0.196	39	34	269	527	24	264	689	283	0.448	0.350
LOKIASV2_4403_ESMFold_NAD-dependent_succinate-semialdehyde_dehydrogenase	AF-P14152-F1-model_v4	AF-P14152-F1-model_v4 Malate dehydrogenase, cytoplasmic	4.509E-01	0.179	38	139	271	527	4	168	334	182	0.252	0.494
LOKIASV2_4403_ESMFold_NAD-dependent_succinate-semialdehyde_dehydrogenase	AF-Q32FS8-F1-model_v4	AF-Q32FS8-F1-model_v4 Carnitine monooxygenase reductase subunit	1.849E+00	0.164	37	136	246	527	111	224	321	130	0.211	0.355
LOKIASV2_4403_ESMFold_NAD-dependent_succinate-semialdehyde_dehydrogenase	AF-O88989-F1-model_v4	AF-O88989-F1-model_v4 Malate dehydrogenase, cytoplasmic	5.307E-01	0.164	37	139	271	527	4	168	334	182	0.252	0.494
LOKIASV2_4403_ESMFold_NAD-dependent_succinate-semialdehyde_dehydrogenase	AF-Q584V2-F1-model_v4	AF-Q584V2-F1-model_v4 Nitrate reductase, putative	2.854E+00	0.164	37	138	244	527	247	393	394	148	0.203	0.373
LOKIASV2_4403_ESMFold_NAD-dependent_succinate-semialdehyde_dehydrogenase	AF-U7Q4A5-F1-model_v4	AF-U7Q4A5-F1-model_v4 DUF5672 domain-containing protein	1.134E+00	0.164	37	138	246	527	76	175	413	115	0.207	0.242
LOKIASV2_4403_ESMFold_NAD-dependent_succinate-semialdehyde_dehydrogenase	AF-Q0P8H6-F1-model_v4	AF-Q0P8H6-F1-model_v4 Putative sugar transferase	2.297E+00	0.164	37	137	221	527	7	92	776	91	0.161	0.111
LOKIASV2_4403_ESMFold_NAD-dependent_succinate-semialdehyde_dehydrogenase	AF-P76254-F1-model_v4	AF-P76254-F1-model_v4 Carnitine monooxygenase reductase subunit	2.561E+00	0.150	36	136	246	527	111	224	321	126	0.211	0.355
LOKIASV2_4403_ESMFold_NAD-dependent_succinate-semialdehyde_dehydrogenase	AF-P9WMY7-F1-model_v4	AF-P9WMY7-F1-model_v4 D-inositol 3-phosphate glycosyltransferase	5.779E+00	0.150	36	138	242	527	265	369	480	112	0.199	0.219
LOKIASV2_4403_ESMFold_NAD-dependent_succinate-semialdehyde_dehydrogenase	AF-A0A381MQ29-F1-model_v4	AF-A0A381MQ29-F1-model_v4 Peptidase_m20/m25/m40_family-like_protein	1.226E-01	0.138	35	61	224	527	4	196	471	223	0.311	0.410
LOKIASV2_4403_ESMFold_NAD-dependent_succinate-semialdehyde_dehydrogenase	AF-O25058-F1-model_v4	AF-O25058-F1-model_v4 RCK C-terminal domain-containing protein	1.265E+00	0.138	35	137	304	527	235	411	480	188	0.319	0.369
LOKIASV2_4403_ESMFold_NAD-dependent_succinate-semialdehyde_dehydrogenase	AF-I1KHV3-F1-model_v4	AF-I1KHV3-F1-model_v4 Uncharacterized protein	1.952E+00	0.126	34	62	246	527	8	150	238	192	0.351	0.601
LOKIASV2_4403_ESMFold_NAD-dependent_succinate-semialdehyde_dehydrogenase	AF-F4JNX3-F1-model_v4	AF-F4JNX3-F1-model_v4 Calmodulin-lysine N-methyltransferase	1.952E+00	0.126	34	80	247	527	94	241	304	179	0.319	0.487
LOKIASV2_4403_ESMFold_NAD-dependent_succinate-semialdehyde_dehydrogenase	AF-A0A1C1CRY5-F1-model_v4	AF-A0A1C1CRY5-F1-model_v4 Peptide hydrolase	3.157E-02	0.126	34	14	265	527	89	311	389	297	0.478	0.573
LOKIASV2_4403_ESMFold_NAD-dependent_succinate-semialdehyde_dehydrogenase	AF-Q0P8I0-F1-model_v4	AF-Q0P8I0-F1-model_v4 Putative sugar transferase	3.359E+00	0.126	34	137	221	527	7	92	445	91	0.161	0.193
LOKIASV2_4403_ESMFold_NAD-dependent_succinate-semialdehyde_dehydrogenase	AF-C0NXF9-F1-model_v4	AF-C0NXF9-F1-model_v4 Phosphopantothenoylcysteine decarboxylase	1.751E+00	0.116	33	137	249	527	27	167	233	144	0.214	0.605
LOKIASV2_4403_ESMFold_NAD-dependent_succinate-semialdehyde_dehydrogenase	AF-Q9SVL4-F1-model_v4	AF-Q9SVL4-F1-model_v4 At3g50850	2.176E+00	0.116	33	98	239	527	56	186	251	153	0.269	0.522
LOKIASV2_4403_ESMFold_NAD-dependent_succinate-semialdehyde_dehydrogenase	AF-P0A3N0-F1-model_v4	AF-P0A3N0-F1-model_v4 L-lactate dehydrogenase	1.571E+00	0.116	33	142	272	527	9	158	328	164	0.249	0.457
LOKIASV2_4403_ESMFold_NAD-dependent_succinate-semialdehyde_dehydrogenase	AF-Q4CTR7-F1-model_v4	AF-Q4CTR7-F1-model_v4 Malate dehydrogenase	7.349E-01	0.116	33	138	271	527	5	172	332	185	0.254	0.506
LOKIASV2_4403_ESMFold_NAD-dependent_succinate-semialdehyde_dehydrogenase	AF-P76081-F1-model_v4	AF-P76081-F1-model_v4 1,2-phenylacetyl-CoA epoxidase, subunit E	3.546E+00	0.116	33	134	245	527	102	242	356	150	0.213	0.396
LOKIASV2_4403_ESMFold_NAD-dependent_succinate-semialdehyde_dehydrogenase	AF-A0A0K0IYY1-F1-model_v4	AF-A0A0K0IYY1-F1-model_v4 Alpha-1,3/1,6-mannosyltransferase ALG2	1.892E-01	0.116	33	140	503	527	2	373	413	479	0.691	0.901
LOKIASV2_4403_ESMFold_NAD-dependent_succinate-semialdehyde_dehydrogenase	AF-A1Z9L3-F1-model_v4	AF-A1Z9L3-F1-model_v4 ATP-dependent RNA helicase DHX8	1.294E-01	0.116	33	140	439	527	604	929	1242	396	0.569	0.262
LOKIASV2_4403_ESMFold_NAD-dependent_succinate-semialdehyde_dehydrogenase	AF-Q59VX9-F1-model_v4	AF-Q59VX9-F1-model_v4 NAD(P)H-hydrate epimerase	5.603E-01	0.106	32	29	307	527	8	250	258	321	0.529	0.942
LOKIASV2_4403_ESMFold_NAD-dependent_succinate-semialdehyde_dehydrogenase	AF-A0A044R9C8-F1-model_v4	AF-A0A044R9C8-F1-model_v4 GlcNAc kinase	7.180E+00	0.098	31	136	246	527	22	136	677	127	0.211	0.170
LOKIASV2_4403_ESMFold_NAD-dependent_succinate-semialdehyde_dehydrogenase	AF-I1L838-F1-model_v4	AF-I1L838-F1-model_v4 Epimerase domain-containing protein	1.698E-01	0.090	30	135	340	527	75	337	404	296	0.391	0.651
LOKIASV2_4403_ESMFold_NAD-dependent_succinate-semialdehyde_dehydrogenase	AF-A0A0D2F978-F1-model_v4	AF-A0A0D2F978-F1-model_v4 tRNA (adenine(58)-N(1))-methyltransferase catalytic subunit TRM61	2.703E+00	0.090	30	98	250	527	112	301	453	210	0.290	0.419
LOKIASV2_4403_ESMFold_NAD-dependent_succinate-semialdehyde_dehydrogenase	AF-A0A0J9XQQ0-F1-model_v4	AF-A0A0J9XQQ0-F1-model_v4 Bm9179	1.751E+00	0.082	29	138	280	527	11	178	305	183	0.271	0.551
LOKIASV2_4403_ESMFold_NAD-dependent_succinate-semialdehyde_dehydrogenase	AF-Q55AW8-F1-model_v4	AF-Q55AW8-F1-model_v4 Uncharacterized protein	5.026E-01	0.082	29	129	248	527	139	319	345	183	0.228	0.525
LOKIASV2_4403_ESMFold_NAD-dependent_succinate-semialdehyde_dehydrogenase	AF-Q9LYA9-F1-model_v4	AF-Q9LYA9-F1-model_v4 Chloroplast stem-loop binding protein of 41 kDa a, chloroplastic	4.761E-01	0.082	29	117	287	527	72	265	406	233	0.324	0.478
LOKIASV2_4403_ESMFold_NAD-dependent_succinate-semialdehyde_dehydrogenase	AF-A0A0K0EIV9-F1-model_v4	AF-A0A0K0EIV9-F1-model_v4 Uncharacterized protein	2.176E+00	0.082	29	138	219	527	263	352	599	100	0.156	0.150
LOKIASV2_4403_ESMFold_NAD-dependent_succinate-semialdehyde_dehydrogenase	AF-I1NIK8-F1-model_v4	AF-I1NIK8-F1-model_v4 Probable UDP-N-acetylglucosamine--peptide N-acetylglucosaminyltransferase SPINDLY	2.561E+00	0.082	29	106	256	527	754	887	988	166	0.287	0.136
LOKIASV2_4403_ESMFold_NAD-dependent_succinate-semialdehyde_dehydrogenase	AF-A2A4P0-F1-model_v4	AF-A2A4P0-F1-model_v4 ATP-dependent RNA helicase DHX8	4.271E-01	0.082	29	157	439	527	695	932	1244	328	0.537	0.191
LOKIASV2_4403_ESMFold_NAD-dependent_succinate-semialdehyde_dehydrogenase	AF-Q7KWM9-F1-model_v4	AF-Q7KWM9-F1-model_v4 Probable ribonucleoside hydrolase	1.998E-01	0.076	28	138	398	527	5	321	340	354	0.495	0.932
LOKIASV2_4403_ESMFold_NAD-dependent_succinate-semialdehyde_dehydrogenase	AF-A0A0P0VJ70-F1-model_v4	AF-A0A0P0VJ70-F1-model_v4 Os02g0489550 protein	5.474E+00	0.076	28	137	203	527	493	559	654	77	0.127	0.102
LOKIASV2_4403_ESMFold_NAD-dependent_succinate-semialdehyde_dehydrogenase	AF-Q4D123-F1-model_v4	AF-Q4D123-F1-model_v4 Malate dehydrogenase	8.649E-01	0.069	27	140	333	527	7	237	332	260	0.368	0.696
LOKIASV2_4403_ESMFold_NAD-dependent_succinate-semialdehyde_dehydrogenase	AF-A0A0D2GW72-F1-model_v4	AF-A0A0D2GW72-F1-model_v4 Peptide hydrolase	2.990E-02	0.069	27	9	303	527	84	308	388	314	0.560	0.580
LOKIASV2_4403_ESMFold_NAD-dependent_succinate-semialdehyde_dehydrogenase	AF-Q502M5-F1-model_v4	AF-Q502M5-F1-model_v4 Enhancer of mRNA-decapping protein 3	9.131E-01	0.069	27	1	259	527	243	450	507	288	0.491	0.410
LOKIASV2_4403_ESMFold_NAD-dependent_succinate-semialdehyde_dehydrogenase	AF-A8WHX0-F1-model_v4	AF-A8WHX0-F1-model_v4 tRNA wybutosine-synthesizing protein 4	1.952E+00	0.069	27	34	299	527	6	263	673	314	0.505	0.383
LOKIASV2_4403_ESMFold_NAD-dependent_succinate-semialdehyde_dehydrogenase	AF-A4ICP7-F1-model_v4	AF-A4ICP7-F1-model_v4 Pre-mRNA_splicing_factor_ATP-dependent_RNA_helicase_-_putative	5.603E-01	0.069	27	157	439	527	339	577	944	319	0.537	0.253
LOKIASV2_4403_ESMFold_NAD-dependent_succinate-semialdehyde_dehydrogenase	AF-Q9UAV5-F1-model_v4	AF-Q9UAV5-F1-model_v4 Malate dehydrogenase	3.013E+00	0.063	26	141	283	527	5	180	336	199	0.271	0.524
LOKIASV2_4403_ESMFold_NAD-dependent_succinate-semialdehyde_dehydrogenase	AF-U7Q5N4-F1-model_v4	AF-U7Q5N4-F1-model_v4 Peptide hydrolase	5.145E-02	0.063	26	16	259	527	90	302	412	281	0.463	0.517
LOKIASV2_4403_ESMFold_NAD-dependent_succinate-semialdehyde_dehydrogenase	AF-Q9W1D1-F1-model_v4	AF-Q9W1D1-F1-model_v4 FI19481p1	6.442E+00	0.063	26	246	303	527	154	212	458	60	0.110	0.129
LOKIASV2_4403_ESMFold_NAD-dependent_succinate-semialdehyde_dehydrogenase	AF-Q68D06-F1-model_v4	AF-Q68D06-F1-model_v4 Schlafen family member 13	5.307E-01	0.063	26	136	432	527	623	895	897	369	0.564	0.304
LOKIASV2_4403_ESMFold_NAD-dependent_succinate-semialdehyde_dehydrogenase	AF-I1MFH5-F1-model_v4	AF-I1MFH5-F1-model_v4 Uncharacterized protein	2.767E-01	0.063	26	168	443	527	841	1126	1166	344	0.524	0.245
LOKIASV2_4403_ESMFold_NAD-dependent_succinate-semialdehyde_dehydrogenase	AF-A0A0H3GMN8-F1-model_v4	AF-A0A0H3GMN8-F1-model_v4 DNA-binding transcriptional repressor MalI	1.198E+00	0.057	25	140	441	527	66	312	342	341	0.573	0.722
LOKIASV2_4403_ESMFold_NAD-dependent_succinate-semialdehyde_dehydrogenase	AF-C0NPH3-F1-model_v4	AF-C0NPH3-F1-model_v4 Uncharacterized protein	9.944E+00	0.051	24	136	201	527	299	362	365	69	0.125	0.175
LOKIASV2_4403_ESMFold_NAD-dependent_succinate-semialdehyde_dehydrogenase	AF-P26388-F1-model_v4	AF-P26388-F1-model_v4 Putative colanic acid biosynthesis glycosyltransferase WcaL	3.438E-01	0.051	24	136	409	527	115	334	406	305	0.520	0.542
LOKIASV2_4403_ESMFold_NAD-dependent_succinate-semialdehyde_dehydrogenase	AF-P87172-F1-model_v4	AF-P87172-F1-model_v4 Phosphatidylinositol N-acetylglucosaminyltransferase gpi3 subunit	6.245E-01	0.051	24	138	332	527	87	264	456	220	0.370	0.390
LOKIASV2_4403_ESMFold_NAD-dependent_succinate-semialdehyde_dehydrogenase	AF-Q6DW75-F1-model_v4	AF-Q6DW75-F1-model_v4 Digalactosyldiacylglycerol synthase 2, chloroplastic	8.649E-01	0.051	24	136	439	527	2	337	463	394	0.577	0.726
LOKIASV2_4403_ESMFold_NAD-dependent_succinate-semialdehyde_dehydrogenase	AF-K7LDJ6-F1-model_v4	AF-K7LDJ6-F1-model_v4 Na_H_Exchanger domain-containing protein	9.131E-01	0.051	24	136	411	527	449	725	777	366	0.524	0.356
LOKIASV2_4403_ESMFold_NAD-dependent_succinate-semialdehyde_dehydrogenase	AF-Q869R8-F1-model_v4	AF-Q869R8-F1-model_v4 Triosephosphate isomerase	8.192E-01	0.045	23	133	472	527	2	257	257	377	0.645	0.996
LOKIASV2_4403_ESMFold_NAD-dependent_succinate-semialdehyde_dehydrogenase	AF-U7Q2Z4-F1-model_v4	AF-U7Q2Z4-F1-model_v4 DUF5672 domain-containing protein	7.581E+00	0.045	23	138	250	527	90	191	415	120	0.214	0.246
LOKIASV2_4403_ESMFold_NAD-dependent_succinate-semialdehyde_dehydrogenase	AF-Q329L8-F1-model_v4	AF-Q329L8-F1-model_v4 Coenzyme A biosynthesis bifunctional protein CoaBC	8.649E-01	0.045	23	136	466	527	28	414	430	465	0.628	0.900
LOKIASV2_4403_ESMFold_NAD-dependent_succinate-semialdehyde_dehydrogenase	AF-Q54QB2-F1-model_v4	AF-Q54QB2-F1-model_v4 GlcNAc-PI synthesis protein	5.603E-01	0.045	23	140	332	527	181	357	523	220	0.366	0.338
LOKIASV2_4403_ESMFold_NAD-dependent_succinate-semialdehyde_dehydrogenase	AF-C0NFA9-F1-model_v4	AF-C0NFA9-F1-model_v4 Enhancer of mRNA-decapping protein 3	1.198E+00	0.045	23	12	286	527	491	698	761	300	0.522	0.273
LOKIASV2_4403_ESMFold_NAD-dependent_succinate-semialdehyde_dehydrogenase	AF-Q9M008-F1-model_v4	AF-Q9M008-F1-model_v4 Cation/H(+) antiporter 26	1.410E+00	0.045	23	134	411	527	454	730	784	355	0.528	0.353
LOKIASV2_4403_ESMFold_NAD-dependent_succinate-semialdehyde_dehydrogenase	AF-A0A0G2K283-F1-model_v4	AF-A0A0G2K283-F1-model_v4 RNA helicase	3.629E-01	0.045	23	15	439	527	481	930	1242	552	0.806	0.362
LOKIASV2_4403_ESMFold_NAD-dependent_succinate-semialdehyde_dehydrogenase	AF-B0UYA3-F1-model_v4	AF-B0UYA3-F1-model_v4 Crystallin, lambda 1	3.953E+00	0.040	22	138	342	527	6	214	315	247	0.389	0.663
LOKIASV2_4403_ESMFold_NAD-dependent_succinate-semialdehyde_dehydrogenase	AF-K0EKL5-F1-model_v4	AF-K0EKL5-F1-model_v4 Putative NADH dehydrogenase	8.921E+00	0.040	22	138	202	527	145	207	391	69	0.123	0.161
LOKIASV2_4403_ESMFold_NAD-dependent_succinate-semialdehyde_dehydrogenase	AF-A0A0K0ENA7-F1-model_v4	AF-A0A0K0ENA7-F1-model_v4 Uncharacterized protein	9.419E+00	0.040	22	88	246	527	268	426	488	180	0.302	0.326
LOKIASV2_4403_ESMFold_NAD-dependent_succinate-semialdehyde_dehydrogenase	AF-P39998-F1-model_v4	AF-P39998-F1-model_v4 Enhancer of mRNA-decapping protein 3	3.359E+00	0.040	22	75	288	527	292	467	551	238	0.406	0.319
LOKIASV2_4403_ESMFold_NAD-dependent_succinate-semialdehyde_dehydrogenase	AF-Q8BYR1-F1-model_v4	AF-Q8BYR1-F1-model_v4 tRNA wybutosine-synthesizing protein 4	4.173E+00	0.040	22	34	299	527	4	262	686	317	0.505	0.378
LOKIASV2_4403_ESMFold_NAD-dependent_succinate-semialdehyde_dehydrogenase	AF-I1NCU2-F1-model_v4	AF-I1NCU2-F1-model_v4 Uncharacterized protein	5.779E+00	0.040	22	136	277	527	312	474	846	178	0.269	0.193
LOKIASV2_4403_ESMFold_NAD-dependent_succinate-semialdehyde_dehydrogenase	AF-I1M0Z8-F1-model_v4	AF-I1M0Z8-F1-model_v4 Uncharacterized protein	7.349E-01	0.040	22	168	443	527	824	1109	1149	347	0.524	0.249
LOKIASV2_4403_ESMFold_NAD-dependent_succinate-semialdehyde_dehydrogenase	AF-U7PTX4-F1-model_v4	AF-U7PTX4-F1-model_v4 Uncharacterized protein	1.751E+00	0.034	21	135	385	527	40	254	306	279	0.476	0.703
LOKIASV2_4403_ESMFold_NAD-dependent_succinate-semialdehyde_dehydrogenase	AF-A0A286V0T0-F1-model_v4	AF-A0A286V0T0-F1-model_v4 Glycosyl transferase family 2	3.013E+00	0.034	21	138	268	527	2	154	351	170	0.249	0.436
LOKIASV2_4403_ESMFold_NAD-dependent_succinate-semialdehyde_dehydrogenase	AF-Q94BX4-F1-model_v4	AF-Q94BX4-F1-model_v4 Phosphatidylinositol N-acetylglucosaminyltransferase subunit A	1.849E+00	0.034	21	138	305	527	97	256	447	194	0.319	0.358
LOKIASV2_4403_ESMFold_NAD-dependent_succinate-semialdehyde_dehydrogenase	AF-Q0J9Z0-F1-model_v4	AF-Q0J9Z0-F1-model_v4 Os04g0624600 protein	1.335E+00	0.034	21	168	441	527	892	1175	1216	342	0.520	0.234
LOKIASV2_4403_ESMFold_NAD-dependent_succinate-semialdehyde_dehydrogenase	AF-O45866-F1-model_v4	AF-O45866-F1-model_v4 Uncharacterized protein	9.944E+00	0.029	20	136	248	527	121	220	461	128	0.214	0.217
LOKIASV2_4403_ESMFold_NAD-dependent_succinate-semialdehyde_dehydrogenase	AF-Q75LD5-F1-model_v4	AF-Q75LD5-F1-model_v4 Probable ion channel CASTOR	6.801E+00	0.029	20	136	277	527	358	520	893	181	0.269	0.183
LOKIASV2_4403_ESMFold_NAD-dependent_succinate-semialdehyde_dehydrogenase	AF-Q90XG0-F1-model_v4	AF-Q90XG0-F1-model_v4 Triosephosphate isomerase B	5.185E+00	0.024	19	139	248	527	122	233	248	130	0.209	0.452
LOKIASV2_4403_ESMFold_NAD-dependent_succinate-semialdehyde_dehydrogenase	AF-Q10KC9-F1-model_v4	AF-Q10KC9-F1-model_v4 Hydrolase, alpha/beta fold family protein, putative, expressed	1.571E+00	0.024	19	99	401	527	30	310	338	362	0.575	0.831
LOKIASV2_4403_ESMFold_NAD-dependent_succinate-semialdehyde_dehydrogenase	AF-O60294-F1-model_v4	AF-O60294-F1-model_v4 tRNA wybutosine-synthesizing protein 4	7.581E+00	0.024	19	34	299	527	4	262	686	319	0.505	0.378
LOKIASV2_4403_ESMFold_NAD-dependent_succinate-semialdehyde_dehydrogenase	AF-K7TNQ6-F1-model_v4	AF-K7TNQ6-F1-model_v4 Starch synthase IIIb-1	2.854E+00	0.024	19	169	429	527	866	1133	1191	322	0.495	0.225
LOKIASV2_4403_ESMFold_NAD-dependent_succinate-semialdehyde_dehydrogenase	AF-P29613-F1-model_v4	AF-P29613-F1-model_v4 Triosephosphate isomerase	7.180E+00	0.020	18	140	248	527	123	232	247	133	0.207	0.445
LOKIASV2_4403_ESMFold_NAD-dependent_succinate-semialdehyde_dehydrogenase	AF-K7LG76-F1-model_v4	AF-K7LG76-F1-model_v4 Digalactosyldiacylglycerol synthase	6.961E-01	0.020	18	136	439	527	2	337	463	383	0.577	0.726
LOKIASV2_4403_ESMFold_NAD-dependent_succinate-semialdehyde_dehydrogenase	AF-Q9FHG3-F1-model_v4	AF-Q9FHG3-F1-model_v4 16S rRNA processing protein RimM family	4.406E+00	0.020	18	22	203	527	263	481	653	239	0.345	0.335
LOKIASV2_4403_ESMFold_NAD-dependent_succinate-semialdehyde_dehydrogenase	AF-Q9FFB7-F1-model_v4	AF-Q9FFB7-F1-model_v4 Cation/H(+) antiporter 9	2.854E+00	0.020	18	136	411	527	472	750	800	358	0.524	0.349
LOKIASV2_4403_ESMFold_NAD-dependent_succinate-semialdehyde_dehydrogenase	AF-I1KSK3-F1-model_v4	AF-I1KSK3-F1-model_v4 Uncharacterized protein	5.185E+00	0.016	17	34	201	527	282	482	656	220	0.319	0.306
LOKIASV2_4403_ESMFold_NAD-dependent_succinate-semialdehyde_dehydrogenase	AF-Q9SAK8-F1-model_v4	AF-Q9SAK8-F1-model_v4 Cation/H(+) antiporter 2	3.744E+00	0.016	17	88	414	527	397	732	783	410	0.620	0.429
LOKIASV2_4403_ESMFold_NAD-dependent_succinate-semialdehyde_dehydrogenase	AF-Q9M8Y0-F1-model_v4	AF-Q9M8Y0-F1-model_v4 Probable UDP-N-acetylglucosamine--peptide N-acetylglucosaminyltransferase SEC	1.571E+00	0.016	17	37	444	527	492	912	977	511	0.774	0.431
LOKIASV2_4403_ESMFold_NAD-dependent_succinate-semialdehyde_dehydrogenase	AF-U7PXL6-F1-model_v4	AF-U7PXL6-F1-model_v4 DNA helicase	1.265E+00	0.016	17	37	335	527	240	545	1304	351	0.567	0.235
LOKIASV2_4403_ESMFold_NAD-dependent_succinate-semialdehyde_dehydrogenase	AF-U7Q2I1-F1-model_v4	AF-U7Q2I1-F1-model_v4 Uncharacterized protein	8.450E+00	0.014	16	249	342	527	75	165	393	110	0.178	0.232
LOKIASV2_4403_ESMFold_NAD-dependent_succinate-semialdehyde_dehydrogenase	AF-E7FAY4-F1-model_v4	AF-E7FAY4-F1-model_v4 Disco-interacting protein 2 homolog Ca	3.744E+00	0.014	16	98	342	527	1021	1265	1577	319	0.465	0.155
LOKIASV2_4403_ESMFold_NAD-dependent_succinate-semialdehyde_dehydrogenase	AF-O26013-F1-model_v4	AF-O26013-F1-model_v4 DNA helicase	4.911E+00	0.011	15	157	340	527	192	386	682	217	0.349	0.286
LOKIASV2_4403_ESMFold_NAD-dependent_succinate-semialdehyde_dehydrogenase	AF-I1LBT2-F1-model_v4	AF-I1LBT2-F1-model_v4 Probable UDP-N-acetylglucosamine--peptide N-acetylglucosaminyltransferase SPINDLY	2.703E+00	0.011	15	37	444	527	503	923	988	517	0.774	0.426
LOKIASV2_4403_ESMFold_NAD-dependent_succinate-semialdehyde_dehydrogenase	AF-A0A175VW70-F1-model_v4	AF-A0A175VW70-F1-model_v4 DNA helicase	4.652E+00	0.011	15	157	341	527	211	407	989	223	0.351	0.199
LOKIASV2_4403_ESMFold_NAD-dependent_succinate-semialdehyde_dehydrogenase	AF-C0NFD3-F1-model_v4	AF-C0NFD3-F1-model_v4 Triosephosphate isomerase	3.359E+00	0.010	14	211	441	527	27	226	231	263	0.438	0.866
LOKIASV2_4403_ESMFold_NAD-dependent_succinate-semialdehyde_dehydrogenase	AF-Q9P940-F1-model_v4	AF-Q9P940-F1-model_v4 Triosephosphate isomerase	8.450E+00	0.010	14	136	332	527	2	221	248	253	0.374	0.887
LOKIASV2_4403_ESMFold_NAD-dependent_succinate-semialdehyde_dehydrogenase	AF-A0A0D2GZE9-F1-model_v4	AF-A0A0D2GZE9-F1-model_v4 Triosephosphate isomerase	8.921E+00	0.010	14	136	333	527	2	223	281	252	0.376	0.790
LOKIASV2_4403_ESMFold_NAD-dependent_succinate-semialdehyde_dehydrogenase	AF-Q8DPU8-F1-model_v4	AF-Q8DPU8-F1-model_v4 ATP-dependent DNA helicase	6.102E+00	0.007	11	37	434	527	89	616	763	608	0.755	0.692
LOKIASV2_4403_ESMFold_NAD-dependent_succinate-semialdehyde_dehydrogenase	af_I6X8S7_24_476_3.40.605.10	af_I6X8S7_24_476_3.40.605.10	2.500E-48	1.000	1903	12	470	527	1	453	453	463	0.871	1.000
LOKIASV2_4403_ESMFold_NAD-dependent_succinate-semialdehyde_dehydrogenase	af_P9WNX7_1_483_3.40.605.10	af_P9WNX7_1_483_3.40.605.10	1.134E-49	1.000	1898	9	474	527	22	483	483	473	0.884	0.957
LOKIASV2_4403_ESMFold_NAD-dependent_succinate-semialdehyde_dehydrogenase	af_P54115_41_494_1.10.132.50	af_P54115_41_494_1.10.132.50	6.193E-45	1.000	1763	13	470	527	2	454	454	463	0.869	0.998
LOKIASV2_4403_ESMFold_NAD-dependent_succinate-semialdehyde_dehydrogenase	af_Q54IU0_33_495_3.40.605.10	af_Q54IU0_33_495_3.40.605.10	3.229E-45	1.000	1751	12	470	527	1	463	463	468	0.871	1.000
LOKIASV2_4403_ESMFold_NAD-dependent_succinate-semialdehyde_dehydrogenase	af_A4IDE7_13_506_3.40.605.10	af_A4IDE7_13_506_3.40.605.10	2.744E-45	1.000	1720	10	474	527	37	494	494	472	0.882	0.927
LOKIASV2_4403_ESMFold_NAD-dependent_succinate-semialdehyde_dehydrogenase	af_Q9URW9_34_486_3.40.605.10	af_Q9URW9_34_486_3.40.605.10	8.380E-44	1.000	1708	12	470	527	1	453	453	461	0.871	1.000
LOKIASV2_4403_ESMFold_NAD-dependent_succinate-semialdehyde_dehydrogenase	af_B4G044_25_486_3.40.605.10	af_B4G044_25_486_3.40.605.10	4.138E-44	1.000	1698	13	470	527	2	462	462	470	0.869	0.998
LOKIASV2_4403_ESMFold_NAD-dependent_succinate-semialdehyde_dehydrogenase	af_O14293_38_491_2.130.10.10	af_O14293_38_491_2.130.10.10	2.350E-43	1.000	1694	13	470	527	2	454	454	463	0.869	0.998
LOKIASV2_4403_ESMFold_NAD-dependent_succinate-semialdehyde_dehydrogenase	af_P80668_35_493_2.30.29.30	af_P80668_35_493_2.30.29.30	4.369E-44	1.000	1684	13	470	527	2	459	459	463	0.869	0.998
LOKIASV2_4403_ESMFold_NAD-dependent_succinate-semialdehyde_dehydrogenase	af_Q9VBP6_28_503_3.40.605.10	af_Q9VBP6_28_503_3.40.605.10	6.051E-44	1.000	1659	5	474	527	14	476	476	476	0.892	0.973
LOKIASV2_4403_ESMFold_NAD-dependent_succinate-semialdehyde_dehydrogenase	af_Q9UTM8_7_490_3.40.605.10	af_Q9UTM8_7_490_3.40.605.10	4.758E-43	1.000	1654	13	474	527	28	484	484	469	0.877	0.944
LOKIASV2_4403_ESMFold_NAD-dependent_succinate-semialdehyde_dehydrogenase	af_P25553_3_477_1.20.900.10	af_P25553_3_477_1.20.900.10	9.862E-44	1.000	1650	9	474	527	17	475	475	473	0.884	0.966
LOKIASV2_4403_ESMFold_NAD-dependent_succinate-semialdehyde_dehydrogenase	af_Q59T88_43_500_3.40.605.10	af_Q59T88_43_500_3.40.605.10	4.507E-43	1.000	1634	12	474	527	1	458	458	471	0.879	1.000
LOKIASV2_4403_ESMFold_NAD-dependent_succinate-semialdehyde_dehydrogenase	af_P9WNX9_1_452_3.40.605.10	af_P9WNX9_1_452_3.40.605.10	9.126E-43	1.000	1627	14	470	527	3	452	452	458	0.867	0.996
LOKIASV2_4403_ESMFold_NAD-dependent_succinate-semialdehyde_dehydrogenase	af_P76149_8_455_2.40.10.10	af_P76149_8_455_2.40.10.10	9.710E-41	1.000	1563	14	470	527	2	448	448	459	0.867	0.998
LOKIASV2_4403_ESMFold_NAD-dependent_succinate-semialdehyde_dehydrogenase	af_O33340_2_445_3.40.50.720	af_O33340_2_445_3.40.50.720	2.243E-41	1.000	1549	13	470	527	2	444	444	467	0.869	0.998
LOKIASV2_4403_ESMFold_NAD-dependent_succinate-semialdehyde_dehydrogenase	af_P23883_36_487_3.30.420.40	af_P23883_36_487_3.30.420.40	3.107E-41	1.000	1542	15	470	527	3	452	452	467	0.865	0.996
LOKIASV2_4403_ESMFold_NAD-dependent_succinate-semialdehyde_dehydrogenase	af_Q58806_13_457_3.40.605.10	af_Q58806_13_457_3.40.605.10	3.035E-40	1.000	1539	15	470	527	2	445	445	461	0.865	0.998
LOKIASV2_4403_ESMFold_NAD-dependent_succinate-semialdehyde_dehydrogenase	af_P37685_40_498_1.10.520.10	af_P37685_40_498_1.10.520.10	2.579E-40	1.000	1534	12	470	527	1	459	459	470	0.871	1.000
LOKIASV2_4403_ESMFold_NAD-dependent_succinate-semialdehyde_dehydrogenase	af_I6X9R9_23_482_3.20.20.30	af_I6X9R9_23_482_3.20.20.30	9.198E-41	1.000	1505	13	470	527	2	460	460	472	0.869	0.998
LOKIASV2_4403_ESMFold_NAD-dependent_succinate-semialdehyde_dehydrogenase	af_Q55CJ9_14_489_3.40.605.10	af_Q55CJ9_14_489_3.40.605.10	1.966E-40	1.000	1475	9	474	527	13	476	476	481	0.884	0.975
LOKIASV2_4403_ESMFold_NAD-dependent_succinate-semialdehyde_dehydrogenase	af_Q43272_8_488_3.40.605.10	af_Q43272_8_488_3.40.605.10	3.306E-39	1.000	1448	9	474	527	23	481	481	474	0.884	0.954
LOKIASV2_4403_ESMFold_NAD-dependent_succinate-semialdehyde_dehydrogenase	af_Q9SYG7_8_493_3.40.605.10	af_Q9SYG7_8_493_3.40.605.10	7.289E-38	1.000	1421	13	474	527	28	486	486	471	0.877	0.944
LOKIASV2_4403_ESMFold_NAD-dependent_succinate-semialdehyde_dehydrogenase	af_Q02253_6_514_3.40.50.150	af_Q02253_6_514_3.40.50.150	3.920E-37	1.000	1383	9	474	527	47	509	509	474	0.884	0.910
LOKIASV2_4403_ESMFold_NAD-dependent_succinate-semialdehyde_dehydrogenase	af_P76217_1_470_3.30.420.40	af_P76217_1_470_3.30.420.40	1.099E-36	1.000	1329	13	474	527	16	470	470	470	0.877	0.968
LOKIASV2_4403_ESMFold_NAD-dependent_succinate-semialdehyde_dehydrogenase	af_L7N650_3_479_3.40.50.720	af_L7N650_3_479_3.40.50.720	1.017E-35	1.000	1319	14	474	527	20	477	477	471	0.875	0.960
LOKIASV2_4403_ESMFold_NAD-dependent_succinate-semialdehyde_dehydrogenase	af_Q5AI07_3_476_3.40.605.10	af_Q5AI07_3_476_3.40.605.10	2.076E-33	1.000	1178	9	474	527	15	474	474	484	0.884	0.970
LOKIASV2_4403_ESMFold_NAD-dependent_succinate-semialdehyde_dehydrogenase	af_Q54DG1_9_434_3.40.605.10	af_Q54DG1_9_434_3.40.605.10	1.058E-32	1.000	1163	36	470	527	3	426	426	438	0.825	0.995
LOKIASV2_4403_ESMFold_NAD-dependent_succinate-semialdehyde_dehydrogenase	af_I1JFT5_21_452_3.40.605.10	af_I1JFT5_21_452_3.40.605.10	1.033E-31	1.000	1148	33	470	527	2	432	432	441	0.831	0.998
LOKIASV2_4403_ESMFold_NAD-dependent_succinate-semialdehyde_dehydrogenase	af_A0A2R8PW97_5_423_3.40.605.10	af_A0A2R8PW97_5_423_3.40.605.10	4.108E-32	1.000	1138	39	468	527	3	419	419	435	0.816	0.995
LOKIASV2_4403_ESMFold_NAD-dependent_succinate-semialdehyde_dehydrogenase	af_Q70E96_5_438_3.40.605.10	af_Q70E96_5_438_3.40.605.10	4.723E-31	1.000	1115	34	470	527	2	434	434	441	0.829	0.998
LOKIASV2_4403_ESMFold_NAD-dependent_succinate-semialdehyde_dehydrogenase	af_O44555_6_429_3.30.300.30	af_O44555_6_429_3.30.300.30	2.898E-31	1.000	1102	45	470	527	3	424	424	433	0.808	0.995
LOKIASV2_4403_ESMFold_NAD-dependent_succinate-semialdehyde_dehydrogenase	af_A0A0G2KZR6_2_316_3.40.605.10	af_A0A0G2KZR6_2_316_3.40.605.10	7.348E-29	1.000	1054	157	468	527	4	313	315	316	0.592	0.984
LOKIASV2_4403_ESMFold_NAD-dependent_succinate-semialdehyde_dehydrogenase	af_Q4DFG3_10_325_3.40.605.10	af_Q4DFG3_10_325_3.40.605.10	1.108E-27	1.000	1003	13	327	527	2	315	316	316	0.598	0.994
LOKIASV2_4403_ESMFold_NAD-dependent_succinate-semialdehyde_dehydrogenase	af_P77674_249_472_1.10.560.10	af_P77674_249_472_1.10.560.10	3.181E-21	1.000	815	248	472	527	1	222	224	226	0.427	0.991
LOKIASV2_4403_ESMFold_NAD-dependent_succinate-semialdehyde_dehydrogenase	af_I1KQ26_25_349_3.40.309.10	af_I1KQ26_25_349_3.40.309.10	3.629E-22	1.000	805	13	326	527	13	324	325	318	0.596	0.960
LOKIASV2_4403_ESMFold_NAD-dependent_succinate-semialdehyde_dehydrogenase	af_Q4DFG3_249_466_3.40.309.10	af_Q4DFG3_249_466_3.40.309.10	4.173E-21	1.000	802	251	468	527	1	218	218	219	0.414	1.000
LOKIASV2_4403_ESMFold_NAD-dependent_succinate-semialdehyde_dehydrogenase	af_A0A0R0K6H9_274_501_3.40.309.10	af_A0A0R0K6H9_274_501_3.40.309.10	3.181E-21	1.000	788	250	484	527	1	228	228	236	0.446	1.000
LOKIASV2_4403_ESMFold_NAD-dependent_succinate-semialdehyde_dehydrogenase	af_Q551V0_294_513_3.40.309.10	af_Q551V0_294_513_3.40.309.10	5.066E-20	1.000	777	248	463	527	1	215	220	217	0.410	0.977
LOKIASV2_4403_ESMFold_NAD-dependent_succinate-semialdehyde_dehydrogenase	af_Q4DFG3_12_248_3.40.605.10	af_Q4DFG3_12_248_3.40.605.10	8.003E-21	1.000	777	14	250	527	1	237	237	237	0.450	1.000
LOKIASV2_4403_ESMFold_NAD-dependent_succinate-semialdehyde_dehydrogenase	af_I6X8S7_263_447_3.40.309.10	af_I6X8S7_263_447_3.40.309.10	5.225E-19	1.000	741	255	434	527	2	181	185	181	0.342	0.973
LOKIASV2_4403_ESMFold_NAD-dependent_succinate-semialdehyde_dehydrogenase	af_P77674_250_439_3.40.309.10	af_P77674_250_439_3.40.309.10	9.492E-19	1.000	739	249	435	527	1	186	190	188	0.355	0.979
LOKIASV2_4403_ESMFold_NAD-dependent_succinate-semialdehyde_dehydrogenase	af_Q2FWD6_250_434_3.40.309.10	af_Q2FWD6_250_434_3.40.309.10	1.388E-18	1.000	733	250	433	527	1	185	185	186	0.349	1.000
LOKIASV2_4403_ESMFold_NAD-dependent_succinate-semialdehyde_dehydrogenase	af_A0A0P0Y7S8_3_315_3.40.605.10	af_A0A0P0Y7S8_3_315_3.40.605.10	1.075E-21	1.000	726	157	465	527	10	312	313	315	0.586	0.968
LOKIASV2_4403_ESMFold_NAD-dependent_succinate-semialdehyde_dehydrogenase	af_P9WNX7_259_442_3.40.309.10	af_P9WNX7_259_442_3.40.309.10	2.388E-18	1.000	725	250	434	527	1	184	184	185	0.351	1.000
LOKIASV2_4403_ESMFold_NAD-dependent_succinate-semialdehyde_dehydrogenase	af_A4I5W9_304_534_3.40.309.10	af_A4I5W9_304_534_3.40.309.10	1.765E-19	1.000	725	251	481	527	1	228	231	232	0.438	0.987
LOKIASV2_4403_ESMFold_NAD-dependent_succinate-semialdehyde_dehydrogenase	4o5hD02	4o5hD02	2.262E-18	1.000	724	248	434	527	1	185	190	187	0.355	0.974
LOKIASV2_4403_ESMFold_NAD-dependent_succinate-semialdehyde_dehydrogenase	af_Q4DYS1_277_499_3.40.309.10	af_Q4DYS1_277_499_3.40.309.10	4.206E-19	1.000	724	248	472	527	1	223	223	227	0.427	1.000
LOKIASV2_4403_ESMFold_NAD-dependent_succinate-semialdehyde_dehydrogenase	af_P40047_292_478_3.40.309.10	af_P40047_292_478_3.40.309.10	6.343E-18	1.000	720	249	434	527	1	184	187	186	0.353	0.984
LOKIASV2_4403_ESMFold_NAD-dependent_succinate-semialdehyde_dehydrogenase	af_O59808_274_459_3.40.309.10	af_O59808_274_459_3.40.309.10	3.892E-18	1.000	717	248	434	527	1	186	186	187	0.355	1.000
LOKIASV2_4403_ESMFold_NAD-dependent_succinate-semialdehyde_dehydrogenase	4qf6B02	4qf6B02	2.521E-18	1.000	716	248	434	527	1	185	190	187	0.355	0.974
LOKIASV2_4403_ESMFold_NAD-dependent_succinate-semialdehyde_dehydrogenase	af_Q9H2A2_256_485_3.40.309.10	af_Q9H2A2_256_485_3.40.309.10	1.117E-18	1.000	711	248	472	527	1	228	230	231	0.427	0.991
LOKIASV2_4403_ESMFold_NAD-dependent_succinate-semialdehyde_dehydrogenase	af_P25526_258_476_3.40.605.10	af_P25526_258_476_3.40.605.10	8.991E-19	1.000	703	248	468	527	1	217	219	224	0.419	0.991
LOKIASV2_4403_ESMFold_NAD-dependent_succinate-semialdehyde_dehydrogenase	3ed6A02	3ed6A02	8.784E-18	1.000	701	248	435	527	1	190	194	191	0.357	0.979
LOKIASV2_4403_ESMFold_NAD-dependent_succinate-semialdehyde_dehydrogenase	af_I1KMR6_303_540_3.40.309.10	af_I1KMR6_303_540_3.40.309.10	3.037E-19	1.000	701	250	481	527	1	234	238	235	0.440	0.983
LOKIASV2_4403_ESMFold_NAD-dependent_succinate-semialdehyde_dehydrogenase	5vbfG02	5vbfG02	7.881E-18	1.000	697	248	434	527	1	185	190	187	0.355	0.974
LOKIASV2_4403_ESMFold_NAD-dependent_succinate-semialdehyde_dehydrogenase	af_Q7Z1Q3_262_496_3.40.309.10	af_Q7Z1Q3_262_496_3.40.309.10	2.388E-18	1.000	697	248	481	527	1	235	235	238	0.444	1.000
LOKIASV2_4403_ESMFold_NAD-dependent_succinate-semialdehyde_dehydrogenase	3iwkA02	3iwkA02	2.463E-17	1.000	696	248	434	527	1	187	192	188	0.355	0.974
LOKIASV2_4403_ESMFold_NAD-dependent_succinate-semialdehyde_dehydrogenase	af_Q9JLJ2_258_468_3.40.309.10	af_Q9JLJ2_258_468_3.40.309.10	4.109E-18	1.000	693	249	457	527	1	211	211	216	0.397	1.000
LOKIASV2_4403_ESMFold_NAD-dependent_succinate-semialdehyde_dehydrogenase	2impA02	2impA02	7.465E-18	1.000	692	248	434	527	1	186	191	187	0.355	0.974
LOKIASV2_4403_ESMFold_NAD-dependent_succinate-semialdehyde_dehydrogenase	af_Q54QC5_257_458_3.40.309.10	af_Q54QC5_257_458_3.40.309.10	2.262E-18	1.000	690	250	435	527	1	198	202	202	0.353	0.980
LOKIASV2_4403_ESMFold_NAD-dependent_succinate-semialdehyde_dehydrogenase	af_O02266_269_489_2.130.10.10	af_O02266_269_489_2.130.10.10	1.633E-18	1.000	688	248	472	527	1	221	221	229	0.427	1.000
LOKIASV2_4403_ESMFold_NAD-dependent_succinate-semialdehyde_dehydrogenase	4jz6A02	4jz6A02	1.547E-18	1.000	684	248	481	527	1	228	231	234	0.444	0.987
LOKIASV2_4403_ESMFold_NAD-dependent_succinate-semialdehyde_dehydrogenase	4h73A02	4h73A02	3.061E-17	1.000	678	248	436	527	1	185	189	189	0.359	0.979
LOKIASV2_4403_ESMFold_NAD-dependent_succinate-semialdehyde_dehydrogenase	af_Q9UTM8_272_454_3.40.309.10	af_Q9UTM8_272_454_3.40.309.10	1.596E-17	1.000	676	254	434	527	2	181	183	181	0.343	0.984
LOKIASV2_4403_ESMFold_NAD-dependent_succinate-semialdehyde_dehydrogenase	4go3C02	4go3C02	2.333E-17	1.000	674	248	435	527	1	189	193	191	0.357	0.979
LOKIASV2_4403_ESMFold_NAD-dependent_succinate-semialdehyde_dehydrogenase	af_Q8BH00_258_452_3.40.309.10	af_Q8BH00_258_452_3.40.309.10	2.746E-17	1.000	673	250	435	527	1	191	195	192	0.353	0.979
LOKIASV2_4403_ESMFold_NAD-dependent_succinate-semialdehyde_dehydrogenase	af_A0A1D8PHY1_327_571_3.40.309.10	af_A0A1D8PHY1_327_571_3.40.309.10	1.967E-19	1.000	673	250	490	527	1	239	245	246	0.457	0.976
LOKIASV2_4403_ESMFold_NAD-dependent_succinate-semialdehyde_dehydrogenase	4go3B01	4go3B01	2.029E-18	1.000	672	13	250	527	19	252	294	239	0.452	0.796
LOKIASV2_4403_ESMFold_NAD-dependent_succinate-semialdehyde_dehydrogenase	af_Q54WJ9_307_492_3.40.309.10	af_Q54WJ9_307_492_3.40.309.10	3.602E-17	1.000	668	251	434	527	1	184	186	185	0.349	0.989
LOKIASV2_4403_ESMFold_NAD-dependent_succinate-semialdehyde_dehydrogenase	4ogdA02	4ogdA02	3.411E-17	1.000	666	248	435	527	1	186	190	188	0.357	0.979
LOKIASV2_4403_ESMFold_NAD-dependent_succinate-semialdehyde_dehydrogenase	af_I1MRQ4_57_302_3.40.605.10	af_I1MRQ4_57_302_3.40.605.10	3.492E-18	1.000	664	6	249	527	2	246	246	249	0.463	0.996
LOKIASV2_4403_ESMFold_NAD-dependent_succinate-semialdehyde_dehydrogenase	af_P9WNX7_4_258_3.40.605.10	af_P9WNX7_4_258_3.40.605.10	1.547E-18	1.000	664	9	249	527	19	255	255	248	0.457	0.929
LOKIASV2_4403_ESMFold_NAD-dependent_succinate-semialdehyde_dehydrogenase	3i44A01	3i44A01	5.691E-18	1.000	664	9	250	527	17	254	285	243	0.459	0.835
LOKIASV2_4403_ESMFold_NAD-dependent_succinate-semialdehyde_dehydrogenase	af_Q2G1J0_261_449_3.40.309.10	af_Q2G1J0_261_449_3.40.309.10	1.596E-17	1.000	663	250	434	527	2	187	189	188	0.351	0.984
LOKIASV2_4403_ESMFold_NAD-dependent_succinate-semialdehyde_dehydrogenase	af_A4IDE7_286_468_3.40.309.10	af_A4IDE7_286_468_3.40.309.10	1.010E-16	1.000	658	251	434	527	1	183	183	185	0.349	1.000
LOKIASV2_4403_ESMFold_NAD-dependent_succinate-semialdehyde_dehydrogenase	3vz1A02	3vz1A02	7.700E-17	1.000	658	248	435	527	1	186	190	188	0.357	0.979
LOKIASV2_4403_ESMFold_NAD-dependent_succinate-semialdehyde_dehydrogenase	4i1wC02	4i1wC02	5.266E-17	1.000	658	248	435	527	1	191	195	192	0.357	0.979
LOKIASV2_4403_ESMFold_NAD-dependent_succinate-semialdehyde_dehydrogenase	af_I6X9R9_264_453_3.40.309.10	af_I6X9R9_264_453_3.40.309.10	9.061E-17	1.000	648	250	433	527	1	184	190	185	0.349	0.968
LOKIASV2_4403_ESMFold_NAD-dependent_succinate-semialdehyde_dehydrogenase	af_P80668_278_463_3.40.309.10	af_P80668_278_463_3.40.309.10	7.700E-17	1.000	641	251	435	527	1	183	186	185	0.351	0.984
LOKIASV2_4403_ESMFold_NAD-dependent_succinate-semialdehyde_dehydrogenase	2d4eC02	2d4eC02	1.835E-16	1.000	636	248	434	527	1	192	197	194	0.355	0.975
LOKIASV2_4403_ESMFold_NAD-dependent_succinate-semialdehyde_dehydrogenase	af_O33340_2_231_3.40.605.10	af_O33340_2_231_3.40.605.10	2.093E-17	1.000	636	13	247	527	2	230	230	239	0.446	0.996
LOKIASV2_4403_ESMFold_NAD-dependent_succinate-semialdehyde_dehydrogenase	4yweB01	4yweB01	1.983E-17	1.000	634	12	249	527	16	249	283	241	0.452	0.827
LOKIASV2_4403_ESMFold_NAD-dependent_succinate-semialdehyde_dehydrogenase	af_P76149_240_424_3.40.309.10	af_P76149_240_424_3.40.309.10	3.519E-16	1.000	633	251	434	527	1	182	185	184	0.349	0.984
LOKIASV2_4403_ESMFold_NAD-dependent_succinate-semialdehyde_dehydrogenase	2o2pA02	2o2pA02	4.372E-16	1.000	633	248	434	527	1	187	192	189	0.355	0.974
LOKIASV2_4403_ESMFold_NAD-dependent_succinate-semialdehyde_dehydrogenase	4lihE02	4lihE02	4.372E-16	1.000	631	248	434	527	1	186	192	189	0.355	0.969
LOKIASV2_4403_ESMFold_NAD-dependent_succinate-semialdehyde_dehydrogenase	af_P25526_261_445_3.40.309.10	af_P25526_261_445_3.40.309.10	3.333E-16	1.000	629	251	434	527	1	182	185	184	0.349	0.984
LOKIASV2_4403_ESMFold_NAD-dependent_succinate-semialdehyde_dehydrogenase	3k2wG01	3k2wG01	5.390E-18	1.000	628	9	249	527	19	255	290	245	0.457	0.817
LOKIASV2_4403_ESMFold_NAD-dependent_succinate-semialdehyde_dehydrogenase	3u4jB02	3u4jB02	7.126E-16	1.000	623	248	435	527	1	183	187	189	0.357	0.979
LOKIASV2_4403_ESMFold_NAD-dependent_succinate-semialdehyde_dehydrogenase	1uzbB02	1uzbB02	4.141E-16	1.000	623	247	436	527	1	186	190	190	0.361	0.979
LOKIASV2_4403_ESMFold_NAD-dependent_succinate-semialdehyde_dehydrogenase	5mz5B02	5mz5B02	2.407E-16	1.000	621	248	436	527	1	185	189	190	0.359	0.979
LOKIASV2_4403_ESMFold_NAD-dependent_succinate-semialdehyde_dehydrogenase	af_I6X8S7_1_262_3.40.605.10	af_I6X8S7_1_262_3.40.605.10	1.010E-16	1.000	620	9	250	527	21	259	262	245	0.459	0.912
LOKIASV2_4403_ESMFold_NAD-dependent_succinate-semialdehyde_dehydrogenase	3iwjA01	3iwjA01	3.602E-17	1.000	618	13	249	527	21	261	308	245	0.450	0.782
LOKIASV2_4403_ESMFold_NAD-dependent_succinate-semialdehyde_dehydrogenase	4kwfF02	4kwfF02	6.749E-16	1.000	616	248	434	527	1	185	190	187	0.355	0.974
LOKIASV2_4403_ESMFold_NAD-dependent_succinate-semialdehyde_dehydrogenase	af_A0A1D6Q1L8_277_500_3.40.309.10	af_A0A1D6Q1L8_277_500_3.40.309.10	1.477E-16	1.000	616	248	481	527	1	224	224	235	0.444	1.000
LOKIASV2_4403_ESMFold_NAD-dependent_succinate-semialdehyde_dehydrogenase	2w8rA01	2w8rA01	5.870E-17	1.000	614	11	249	527	23	260	294	246	0.454	0.810
LOKIASV2_4403_ESMFold_NAD-dependent_succinate-semialdehyde_dehydrogenase	af_A0A1D6HEQ6_22_404_3.40.605.10	af_A0A1D6HEQ6_22_404_3.40.605.10	2.560E-21	1.000	614	63	474	527	19	383	383	419	0.782	0.953
LOKIASV2_4403_ESMFold_NAD-dependent_succinate-semialdehyde_dehydrogenase	af_O02266_272_456_3.40.309.10	af_O02266_272_456_3.40.309.10	6.055E-16	1.000	612	251	434	527	1	182	185	185	0.349	0.984
LOKIASV2_4403_ESMFold_NAD-dependent_succinate-semialdehyde_dehydrogenase	3v9gA02	3v9gA02	2.045E-16	1.000	612	247	436	527	1	195	199	196	0.361	0.980
LOKIASV2_4403_ESMFold_NAD-dependent_succinate-semialdehyde_dehydrogenase	af_Q9URW9_271_454_3.40.309.10	af_Q9URW9_271_454_3.40.309.10	6.749E-16	1.000	611	252	434	527	2	182	184	184	0.347	0.984
LOKIASV2_4403_ESMFold_NAD-dependent_succinate-semialdehyde_dehydrogenase	2o2pA01	2o2pA01	1.066E-16	1.000	610	13	249	527	29	268	301	241	0.450	0.797
LOKIASV2_4403_ESMFold_NAD-dependent_succinate-semialdehyde_dehydrogenase	3rosA02	3rosA02	1.399E-16	1.000	609	248	435	527	1	184	188	188	0.357	0.979
LOKIASV2_4403_ESMFold_NAD-dependent_succinate-semialdehyde_dehydrogenase	3k2wA02	3k2wA02	1.443E-15	1.000	608	248	434	527	1	180	185	187	0.355	0.973
LOKIASV2_4403_ESMFold_NAD-dependent_succinate-semialdehyde_dehydrogenase	af_Q9URW9_21_270_3.40.605.10	af_Q9URW9_21_270_3.40.605.10	2.541E-16	1.000	608	9	251	527	11	249	250	244	0.461	0.956
LOKIASV2_4403_ESMFold_NAD-dependent_succinate-semialdehyde_dehydrogenase	4yweA02	4yweA02	9.347E-16	1.000	605	248	435	527	1	188	193	190	0.357	0.974
LOKIASV2_4403_ESMFold_NAD-dependent_succinate-semialdehyde_dehydrogenase	af_Q18822_278_465_3.40.309.10	af_Q18822_278_465_3.40.309.10	1.100E-15	1.000	603	250	435	527	1	186	188	191	0.353	0.989
LOKIASV2_4403_ESMFold_NAD-dependent_succinate-semialdehyde_dehydrogenase	3r64C02	3r64C02	5.735E-16	1.000	599	248	434	527	1	180	180	187	0.355	1.000
LOKIASV2_4403_ESMFold_NAD-dependent_succinate-semialdehyde_dehydrogenase	af_Q5AEC3_266_451_3.40.309.10	af_Q5AEC3_266_451_3.40.309.10	9.868E-16	1.000	599	251	434	527	1	183	186	185	0.349	0.984
LOKIASV2_4403_ESMFold_NAD-dependent_succinate-semialdehyde_dehydrogenase	af_P77445_42_458_3.40.50.720	af_P77445_42_458_3.40.50.720	1.907E-20	1.000	594	43	472	527	2	417	417	467	0.816	0.998
LOKIASV2_4403_ESMFold_NAD-dependent_succinate-semialdehyde_dehydrogenase	3i44A02	3i44A02	4.372E-16	1.000	590	247	433	527	2	186	191	189	0.355	0.969
LOKIASV2_4403_ESMFold_NAD-dependent_succinate-semialdehyde_dehydrogenase	3vz0C02	3vz0C02	6.393E-16	1.000	589	248	435	527	1	180	184	189	0.357	0.978
LOKIASV2_4403_ESMFold_NAD-dependent_succinate-semialdehyde_dehydrogenase	af_P80668_7_277_3.40.605.10	af_P80668_7_277_3.40.605.10	7.523E-16	1.000	586	9	250	527	26	271	271	247	0.459	0.908
LOKIASV2_4403_ESMFold_NAD-dependent_succinate-semialdehyde_dehydrogenase	3r31A01	3r31A01	7.126E-16	1.000	585	13	247	527	24	253	253	237	0.446	0.909
LOKIASV2_4403_ESMFold_NAD-dependent_succinate-semialdehyde_dehydrogenase	1t90B01	1t90B01	8.385E-16	1.000	582	11	245	527	19	248	280	237	0.446	0.821
LOKIASV2_4403_ESMFold_NAD-dependent_succinate-semialdehyde_dehydrogenase	af_O59808_22_273_3.40.605.10	af_O59808_22_273_3.40.605.10	7.943E-16	1.000	580	10	247	527	15	252	252	245	0.452	0.944
LOKIASV2_4403_ESMFold_NAD-dependent_succinate-semialdehyde_dehydrogenase	af_P54115_18_274_3.40.605.10	af_P54115_18_274_3.40.605.10	1.893E-15	1.000	580	13	247	527	25	257	257	239	0.446	0.907
LOKIASV2_4403_ESMFold_NAD-dependent_succinate-semialdehyde_dehydrogenase	1uxvA02	1uxvA02	1.793E-15	1.000	578	250	435	527	2	186	198	189	0.353	0.934
LOKIASV2_4403_ESMFold_NAD-dependent_succinate-semialdehyde_dehydrogenase	4nmkF01	4nmkF01	1.937E-16	1.000	577	13	251	527	24	258	301	244	0.454	0.781
LOKIASV2_4403_ESMFold_NAD-dependent_succinate-semialdehyde_dehydrogenase	af_P23883_272_456_3.40.309.10	af_P23883_272_456_3.40.309.10	1.608E-15	1.000	576	250	434	527	2	182	185	186	0.351	0.978
LOKIASV2_4403_ESMFold_NAD-dependent_succinate-semialdehyde_dehydrogenase	af_Q1WIQ6_268_458_3.40.309.10	af_Q1WIQ6_268_458_3.40.309.10	6.246E-15	1.000	576	249	435	527	1	181	191	188	0.355	0.948
LOKIASV2_4403_ESMFold_NAD-dependent_succinate-semialdehyde_dehydrogenase	1t90D02	1t90D02	1.751E-14	1.000	576	247	434	527	1	187	199	188	0.357	0.940
LOKIASV2_4403_ESMFold_NAD-dependent_succinate-semialdehyde_dehydrogenase	2jg7A01	2jg7A01	3.519E-16	1.000	576	12	247	527	35	269	316	243	0.448	0.744
LOKIASV2_4403_ESMFold_NAD-dependent_succinate-semialdehyde_dehydrogenase	3r64D01	3r64D01	1.646E-16	1.000	575	9	247	527	21	257	276	244	0.454	0.859
LOKIASV2_4403_ESMFold_NAD-dependent_succinate-semialdehyde_dehydrogenase	4qyjD02	4qyjD02	5.307E-15	1.000	573	248	435	527	1	188	192	190	0.357	0.979
LOKIASV2_4403_ESMFold_NAD-dependent_succinate-semialdehyde_dehydrogenase	5u0lB01	5u0lB01	3.157E-16	1.000	569	12	249	527	17	245	297	240	0.452	0.771
LOKIASV2_4403_ESMFold_NAD-dependent_succinate-semialdehyde_dehydrogenase	4h7nD02	4h7nD02	1.135E-14	1.000	568	248	438	527	1	185	186	191	0.362	0.995
LOKIASV2_4403_ESMFold_NAD-dependent_succinate-semialdehyde_dehydrogenase	af_Q54WJ9_75_306_3.40.605.10	af_Q54WJ9_75_306_3.40.605.10	6.393E-16	1.000	568	23	250	527	3	232	232	235	0.433	0.991
LOKIASV2_4403_ESMFold_NAD-dependent_succinate-semialdehyde_dehydrogenase	4it9A01	4it9A01	1.523E-15	1.000	568	14	251	527	1	229	262	239	0.452	0.874
LOKIASV2_4403_ESMFold_NAD-dependent_succinate-semialdehyde_dehydrogenase	af_Q9P7K9_242_432_3.40.309.10	af_Q9P7K9_242_432_3.40.309.10	1.018E-14	1.000	567	248	435	527	1	190	191	191	0.357	0.995
LOKIASV2_4403_ESMFold_NAD-dependent_succinate-semialdehyde_dehydrogenase	af_Q551V0_65_289_3.40.605.10	af_Q551V0_65_289_3.40.605.10	7.350E-15	1.000	566	14	242	527	2	224	225	229	0.435	0.991
LOKIASV2_4403_ESMFold_NAD-dependent_succinate-semialdehyde_dehydrogenase	3b4wA01	3b4wA01	1.294E-15	1.000	566	9	251	527	18	254	292	248	0.461	0.812
LOKIASV2_4403_ESMFold_NAD-dependent_succinate-semialdehyde_dehydrogenase	1zumA01	1zumA01	6.749E-16	1.000	565	10	247	527	27	257	279	243	0.452	0.828
LOKIASV2_4403_ESMFold_NAD-dependent_succinate-semialdehyde_dehydrogenase	af_Q4DYS1_27_279_3.40.605.10	af_Q4DYS1_27_279_3.40.605.10	4.616E-16	1.000	564	9	248	527	16	251	253	246	0.455	0.933
LOKIASV2_4403_ESMFold_NAD-dependent_succinate-semialdehyde_dehydrogenase	2d4eD01	2d4eD01	1.042E-15	1.000	564	9	247	527	30	264	309	244	0.454	0.761
LOKIASV2_4403_ESMFold_NAD-dependent_succinate-semialdehyde_dehydrogenase	3u4jD01	3u4jD01	6.055E-16	1.000	563	9	251	527	23	258	300	248	0.461	0.787
LOKIASV2_4403_ESMFold_NAD-dependent_succinate-semialdehyde_dehydrogenase	af_Q59T88_20_282_3.40.605.10	af_Q59T88_20_282_3.40.605.10	2.621E-15	1.000	562	9	248	527	21	261	263	247	0.455	0.916
LOKIASV2_4403_ESMFold_NAD-dependent_succinate-semialdehyde_dehydrogenase	af_A0A1D8PHY1_83_326_3.40.605.10	af_A0A1D8PHY1_83_326_3.40.605.10	1.226E-15	1.000	557	12	249	527	1	244	244	245	0.452	1.000
LOKIASV2_4403_ESMFold_NAD-dependent_succinate-semialdehyde_dehydrogenase	af_Q84LK3_9_267_3.40.605.10	af_Q84LK3_9_267_3.40.605.10	1.698E-15	1.000	557	13	251	527	16	258	259	249	0.454	0.938
LOKIASV2_4403_ESMFold_NAD-dependent_succinate-semialdehyde_dehydrogenase	af_Q55CJ9_265_456_3.40.309.10	af_Q55CJ9_265_456_3.40.309.10	2.767E-15	1.000	556	250	436	527	2	188	192	195	0.355	0.974
LOKIASV2_4403_ESMFold_NAD-dependent_succinate-semialdehyde_dehydrogenase	af_Q18822_26_277_3.40.605.10	af_Q18822_26_277_3.40.605.10	2.922E-15	1.000	556	10	249	527	14	252	252	244	0.455	0.948
LOKIASV2_4403_ESMFold_NAD-dependent_succinate-semialdehyde_dehydrogenase	af_Q7Z1Q3_1_261_3.40.605.10	af_Q7Z1Q3_1_261_3.40.605.10	5.916E-15	1.000	556	9	247	527	24	261	261	243	0.454	0.912
LOKIASV2_4403_ESMFold_NAD-dependent_succinate-semialdehyde_dehydrogenase	3pqaB01	3pqaB01	7.943E-16	1.000	556	10	251	527	3	240	272	248	0.459	0.875
LOKIASV2_4403_ESMFold_NAD-dependent_succinate-semialdehyde_dehydrogenase	af_Q2G1J0_14_259_3.40.605.10	af_Q2G1J0_14_259_3.40.605.10	1.893E-15	1.000	553	9	248	527	12	246	246	243	0.455	0.955
LOKIASV2_4403_ESMFold_NAD-dependent_succinate-semialdehyde_dehydrogenase	5kj5B01	5kj5B01	7.943E-16	1.000	551	9	249	527	14	256	289	246	0.457	0.841
LOKIASV2_4403_ESMFold_NAD-dependent_succinate-semialdehyde_dehydrogenase	3pqaB02	3pqaB02	2.855E-14	1.000	550	248	437	527	1	183	186	190	0.361	0.984
LOKIASV2_4403_ESMFold_NAD-dependent_succinate-semialdehyde_dehydrogenase	af_O53816_250_463_3.40.309.10	af_O53816_250_463_3.40.309.10	1.571E-14	1.000	550	247	434	527	1	202	214	203	0.357	0.944
LOKIASV2_4403_ESMFold_NAD-dependent_succinate-semialdehyde_dehydrogenase	af_Q2FWD6_2_247_3.40.605.10	af_Q2FWD6_2_247_3.40.605.10	1.659E-14	1.000	550	12	247	527	19	246	246	237	0.448	0.927
LOKIASV2_4403_ESMFold_NAD-dependent_succinate-semialdehyde_dehydrogenase	5j6bB02	5j6bB02	1.751E-14	1.000	548	248	436	527	1	186	190	193	0.359	0.979
LOKIASV2_4403_ESMFold_NAD-dependent_succinate-semialdehyde_dehydrogenase	4o5hD01	4o5hD01	8.650E-15	1.000	548	9	247	527	28	270	270	244	0.454	0.900
LOKIASV2_4403_ESMFold_NAD-dependent_succinate-semialdehyde_dehydrogenase	4dngB01	4dngB01	3.832E-15	1.000	546	9	247	527	19	250	268	241	0.454	0.866
LOKIASV2_4403_ESMFold_NAD-dependent_succinate-semialdehyde_dehydrogenase	2iluA01	2iluA01	1.523E-15	1.000	546	13	249	527	21	252	285	243	0.450	0.814
LOKIASV2_4403_ESMFold_NAD-dependent_succinate-semialdehyde_dehydrogenase	af_P9WNY1_267_462_3.40.309.10	af_P9WNY1_267_462_3.40.309.10	4.912E-14	1.000	544	249	434	527	1	193	196	196	0.353	0.985
LOKIASV2_4403_ESMFold_NAD-dependent_succinate-semialdehyde_dehydrogenase	3fg0G01	3fg0G01	7.943E-16	1.000	542	9	249	527	28	266	309	249	0.457	0.773
LOKIASV2_4403_ESMFold_NAD-dependent_succinate-semialdehyde_dehydrogenase	4dngB02	4dngB02	6.102E-14	1.000	540	248	434	527	1	179	179	187	0.355	1.000
LOKIASV2_4403_ESMFold_NAD-dependent_succinate-semialdehyde_dehydrogenase	af_Q9P7K9_6_236_3.40.605.10	af_Q9P7K9_6_236_3.40.605.10	1.335E-14	1.000	540	16	241	527	2	230	231	231	0.429	0.991
LOKIASV2_4403_ESMFold_NAD-dependent_succinate-semialdehyde_dehydrogenase	af_P9WNY1_18_266_3.40.605.10	af_P9WNY1_18_266_3.40.605.10	8.193E-15	1.000	540	13	248	527	19	249	249	238	0.448	0.928
LOKIASV2_4403_ESMFold_NAD-dependent_succinate-semialdehyde_dehydrogenase	af_Q5AEC3_4_265_3.40.605.10	af_Q5AEC3_4_265_3.40.605.10	1.198E-14	1.000	540	8	248	527	22	260	262	245	0.457	0.912
LOKIASV2_4403_ESMFold_NAD-dependent_succinate-semialdehyde_dehydrogenase	6dbbC02	6dbbC02	2.176E-14	1.000	539	248	436	527	1	190	194	193	0.359	0.979
LOKIASV2_4403_ESMFold_NAD-dependent_succinate-semialdehyde_dehydrogenase	af_P76217_3_248_3.40.605.10	af_P76217_3_248_3.40.605.10	1.135E-14	1.000	537	13	250	527	14	246	246	240	0.452	0.947
LOKIASV2_4403_ESMFold_NAD-dependent_succinate-semialdehyde_dehydrogenase	af_D3ZXY4_1_255_3.40.605.10	af_D3ZXY4_1_255_3.40.605.10	2.855E-14	1.000	535	11	247	527	22	255	255	238	0.450	0.918
LOKIASV2_4403_ESMFold_NAD-dependent_succinate-semialdehyde_dehydrogenase	4x0uD02	4x0uD02	2.297E-14	1.000	534	248	435	527	1	186	193	192	0.357	0.964
LOKIASV2_4403_ESMFold_NAD-dependent_succinate-semialdehyde_dehydrogenase	af_Q9UTM8_17_271_3.40.605.10	af_Q9UTM8_17_271_3.40.605.10	3.359E-14	1.000	533	13	251	527	18	254	255	242	0.454	0.929
LOKIASV2_4403_ESMFold_NAD-dependent_succinate-semialdehyde_dehydrogenase	5vbfH01	5vbfH01	1.998E-15	1.000	533	13	249	527	22	254	287	242	0.450	0.812
LOKIASV2_4403_ESMFold_NAD-dependent_succinate-semialdehyde_dehydrogenase	af_Q5AI07_260_470_3.40.309.10	af_Q5AI07_260_470_3.40.309.10	2.483E-15	1.000	531	253	465	527	2	208	211	221	0.404	0.981
LOKIASV2_4403_ESMFold_NAD-dependent_succinate-semialdehyde_dehydrogenase	af_Q9VBP6_26_282_3.40.605.10	af_Q9VBP6_26_282_3.40.605.10	1.410E-14	1.000	527	5	248	527	16	255	257	249	0.463	0.934
LOKIASV2_4403_ESMFold_NAD-dependent_succinate-semialdehyde_dehydrogenase	3rh9B02	3rh9B02	4.406E-14	1.000	519	248	434	527	1	178	183	189	0.355	0.973
LOKIASV2_4403_ESMFold_NAD-dependent_succinate-semialdehyde_dehydrogenase	af_O33340_232_417_3.40.309.10	af_O33340_232_417_3.40.309.10	1.305E-13	1.000	519	248	434	527	1	180	186	190	0.355	0.968
LOKIASV2_4403_ESMFold_NAD-dependent_succinate-semialdehyde_dehydrogenase	4i3tA02	4i3tA02	5.475E-14	1.000	519	250	436	527	2	187	198	191	0.355	0.939
LOKIASV2_4403_ESMFold_NAD-dependent_succinate-semialdehyde_dehydrogenase	af_A0A1D8PM94_284_484_3.40.309.10	af_A0A1D8PM94_284_484_3.40.309.10	9.420E-14	1.000	518	247	434	527	1	195	201	196	0.357	0.970
LOKIASV2_4403_ESMFold_NAD-dependent_succinate-semialdehyde_dehydrogenase	af_Q2FV10_3_257_3.40.605.10	af_Q2FV10_3_257_3.40.605.10	8.451E-14	1.000	518	9	247	527	19	255	255	242	0.454	0.929
LOKIASV2_4403_ESMFold_NAD-dependent_succinate-semialdehyde_dehydrogenase	4lihA01	4lihA01	1.265E-14	1.000	518	13	247	527	34	266	266	241	0.446	0.876
LOKIASV2_4403_ESMFold_NAD-dependent_succinate-semialdehyde_dehydrogenase	af_Q58806_1_244_3.40.605.10	af_Q58806_1_244_3.40.605.10	3.182E-14	1.000	517	15	248	527	14	243	244	239	0.444	0.943
LOKIASV2_4403_ESMFold_NAD-dependent_succinate-semialdehyde_dehydrogenase	3rjlA01	3rjlA01	2.561E-14	1.000	516	9	245	527	45	284	322	247	0.450	0.745
LOKIASV2_4403_ESMFold_NAD-dependent_succinate-semialdehyde_dehydrogenase	af_P25553_8_256_3.40.605.10	af_P25553_8_256_3.40.605.10	2.297E-14	1.000	508	9	249	527	12	248	249	248	0.457	0.952
LOKIASV2_4403_ESMFold_NAD-dependent_succinate-semialdehyde_dehydrogenase	af_P9WNX9_3_238_3.40.605.10	af_P9WNX9_3_238_3.40.605.10	8.451E-14	1.000	507	14	251	527	1	235	236	238	0.452	0.996
LOKIASV2_4403_ESMFold_NAD-dependent_succinate-semialdehyde_dehydrogenase	af_O53816_3_249_3.40.605.10	af_O53816_3_249_3.40.605.10	1.907E-13	1.000	507	9	244	527	15	245	247	238	0.448	0.935
LOKIASV2_4403_ESMFold_NAD-dependent_succinate-semialdehyde_dehydrogenase	2esdD01	2esdD01	2.704E-14	1.000	506	11	244	527	16	248	274	239	0.444	0.850
LOKIASV2_4403_ESMFold_NAD-dependent_succinate-semialdehyde_dehydrogenase	af_Q2FWX9_214_408_3.40.309.10	af_Q2FWX9_214_408_3.40.309.10	1.109E-13	1.000	503	249	450	527	1	195	195	202	0.383	1.000
LOKIASV2_4403_ESMFold_NAD-dependent_succinate-semialdehyde_dehydrogenase	af_P76149_9_239_3.40.605.10	af_P76149_9_239_3.40.605.10	2.561E-14	1.000	503	15	250	527	2	231	231	241	0.448	0.996
LOKIASV2_4403_ESMFold_NAD-dependent_succinate-semialdehyde_dehydrogenase	af_A0A1D8PM94_38_281_3.40.605.10	af_A0A1D8PM94_38_281_3.40.605.10	1.621E-13	1.000	500	9	242	527	15	242	244	235	0.444	0.934
LOKIASV2_4403_ESMFold_NAD-dependent_succinate-semialdehyde_dehydrogenase	af_I1M2L7_83_268_3.40.309.10	af_I1M2L7_83_268_3.40.309.10	1.621E-13	1.000	499	247	433	527	1	183	186	191	0.355	0.984
LOKIASV2_4403_ESMFold_NAD-dependent_succinate-semialdehyde_dehydrogenase	af_Q90ZZ7_213_410_3.40.309.10	af_Q90ZZ7_213_410_3.40.309.10	2.642E-13	1.000	496	248	450	527	1	196	198	203	0.385	0.990
LOKIASV2_4403_ESMFold_NAD-dependent_succinate-semialdehyde_dehydrogenase	5mypA01	5mypA01	3.014E-14	1.000	496	30	247	527	6	220	277	220	0.414	0.776
LOKIASV2_4403_ESMFold_NAD-dependent_succinate-semialdehyde_dehydrogenase	1uzbB01	1uzbB01	8.451E-14	1.000	495	9	245	527	48	288	326	248	0.450	0.739
LOKIASV2_4403_ESMFold_NAD-dependent_succinate-semialdehyde_dehydrogenase	af_A0A486WWU7_213_408_3.40.309.10	af_A0A486WWU7_213_408_3.40.309.10	1.109E-13	1.000	492	249	450	527	1	194	196	202	0.383	0.990
LOKIASV2_4403_ESMFold_NAD-dependent_succinate-semialdehyde_dehydrogenase	af_Q54I10_27_272_3.40.605.10	af_Q54I10_27_272_3.40.605.10	2.642E-13	1.000	492	8	242	527	16	244	246	236	0.446	0.931
LOKIASV2_4403_ESMFold_NAD-dependent_succinate-semialdehyde_dehydrogenase	5kf0A01	5kf0A01	1.711E-13	1.000	491	14	249	527	24	256	290	237	0.448	0.803
LOKIASV2_4403_ESMFold_NAD-dependent_succinate-semialdehyde_dehydrogenase	3vz0C01	3vz0C01	2.704E-14	1.000	487	13	249	527	2	229	261	242	0.450	0.874
LOKIASV2_4403_ESMFold_NAD-dependent_succinate-semialdehyde_dehydrogenase	4dalH01	4dalH01	1.849E-14	1.000	487	9	246	527	13	241	275	240	0.452	0.833
LOKIASV2_4403_ESMFold_NAD-dependent_succinate-semialdehyde_dehydrogenase	af_A0A1D6LSK8_32_301_3.40.605.10	af_A0A1D6LSK8_32_301_3.40.605.10	3.359E-14	1.000	483	12	249	527	17	270	270	263	0.452	0.941
LOKIASV2_4403_ESMFold_NAD-dependent_succinate-semialdehyde_dehydrogenase	af_A0A2R8RIE8_244_439_3.40.309.10	af_A0A2R8RIE8_244_439_3.40.309.10	3.465E-13	1.000	482	249	450	527	1	194	196	204	0.383	0.990
LOKIASV2_4403_ESMFold_NAD-dependent_succinate-semialdehyde_dehydrogenase	4h7nD01	4h7nD01	1.377E-13	1.000	480	13	248	527	2	228	273	238	0.448	0.832
LOKIASV2_4403_ESMFold_NAD-dependent_succinate-semialdehyde_dehydrogenase	4iymA01	4iymA01	1.454E-13	1.000	478	9	244	527	15	236	269	238	0.448	0.825
LOKIASV2_4403_ESMFold_NAD-dependent_succinate-semialdehyde_dehydrogenase	3rh9A01	3rh9A01	2.061E-14	1.000	476	11	249	527	23	249	280	245	0.454	0.811
LOKIASV2_4403_ESMFold_NAD-dependent_succinate-semialdehyde_dehydrogenase	af_Q54DG1_224_414_3.40.309.10	af_Q54DG1_224_414_3.40.309.10	2.944E-13	1.000	474	251	450	527	1	191	191	200	0.380	1.000
LOKIASV2_4403_ESMFold_NAD-dependent_succinate-semialdehyde_dehydrogenase	af_I1MTI7_10_220_3.40.605.10	af_I1MTI7_10_220_3.40.605.10	1.584E-12	1.000	470	37	247	527	2	211	211	216	0.400	0.995
LOKIASV2_4403_ESMFold_NAD-dependent_succinate-semialdehyde_dehydrogenase	af_Q8SXQ1_33_298_3.40.605.10	af_Q8SXQ1_33_298_3.40.605.10	1.026E-12	1.000	468	13	250	527	31	266	266	244	0.452	0.887
LOKIASV2_4403_ESMFold_NAD-dependent_succinate-semialdehyde_dehydrogenase	6dbbC01	6dbbC01	2.789E-13	1.000	467	14	247	527	21	259	308	248	0.444	0.776
LOKIASV2_4403_ESMFold_NAD-dependent_succinate-semialdehyde_dehydrogenase	af_P96824_259_454_3.40.309.10	af_P96824_259_454_3.40.309.10	1.275E-12	1.000	461	250	448	527	1	195	196	203	0.378	0.995
LOKIASV2_4403_ESMFold_NAD-dependent_succinate-semialdehyde_dehydrogenase	af_A0A2R8PW97_217_407_3.40.309.10	af_A0A2R8PW97_217_407_3.40.309.10	4.799E-13	1.000	457	254	450	527	2	189	191	199	0.374	0.984
LOKIASV2_4403_ESMFold_NAD-dependent_succinate-semialdehyde_dehydrogenase	af_P77674_1_248_3.40.309.10	af_P77674_1_248_3.40.309.10	2.077E-12	1.000	457	9	247	527	14	248	248	240	0.454	0.948
LOKIASV2_4403_ESMFold_NAD-dependent_succinate-semialdehyde_dehydrogenase	af_A0A1D6H1N2_5_217_3.40.309.10	af_A0A1D6H1N2_5_217_3.40.309.10	1.170E-13	1.000	455	266	472	527	3	209	213	225	0.393	0.972
LOKIASV2_4403_ESMFold_NAD-dependent_succinate-semialdehyde_dehydrogenase	af_A0A0R0ESV8_56_300_3.40.605.10	af_A0A0R0ESV8_56_300_3.40.605.10	3.109E-13	1.000	455	9	250	527	14	245	245	248	0.459	0.947
LOKIASV2_4403_ESMFold_NAD-dependent_succinate-semialdehyde_dehydrogenase	af_Q55CJ9_31_264_3.40.605.10	af_Q55CJ9_31_264_3.40.605.10	3.984E-12	1.000	454	15	248	527	2	234	234	238	0.444	0.996
LOKIASV2_4403_ESMFold_NAD-dependent_succinate-semialdehyde_dehydrogenase	3etfA01	3etfA01	7.582E-14	1.000	454	14	247	527	4	223	259	238	0.444	0.849
LOKIASV2_4403_ESMFold_NAD-dependent_succinate-semialdehyde_dehydrogenase	3lv1D02	3lv1D02	4.689E-12	1.000	452	249	450	527	1	192	194	204	0.383	0.990
LOKIASV2_4403_ESMFold_NAD-dependent_succinate-semialdehyde_dehydrogenase	6qakC01	6qakC01	1.864E-12	1.000	451	8	215	527	24	224	260	208	0.395	0.773
LOKIASV2_4403_ESMFold_NAD-dependent_succinate-semialdehyde_dehydrogenase	4h80A01	4h80A01	1.026E-12	1.000	448	37	250	527	2	212	247	214	0.406	0.854
LOKIASV2_4403_ESMFold_NAD-dependent_succinate-semialdehyde_dehydrogenase	4oe6A02	4oe6A02	2.193E-12	1.000	446	247	437	527	1	189	190	198	0.362	0.995
LOKIASV2_4403_ESMFold_NAD-dependent_succinate-semialdehyde_dehydrogenase	af_A0A1D8PC76_240_444_3.40.309.10	af_A0A1D8PC76_240_444_3.40.309.10	8.257E-13	1.000	446	249	448	527	1	204	205	210	0.380	0.995
LOKIASV2_4403_ESMFold_NAD-dependent_succinate-semialdehyde_dehydrogenase	af_L7N650_6_256_3.40.605.10	af_L7N650_6_256_3.40.605.10	4.441E-12	1.000	442	14	248	527	17	250	251	243	0.446	0.932
LOKIASV2_4403_ESMFold_NAD-dependent_succinate-semialdehyde_dehydrogenase	af_I6X9R9_10_263_3.40.605.10	af_I6X9R9_10_263_3.40.605.10	2.370E-13	1.000	439	13	249	527	15	254	254	253	0.450	0.945
LOKIASV2_4403_ESMFold_NAD-dependent_succinate-semialdehyde_dehydrogenase	af_Q4DFG3_326_468_3.40.309.10	af_Q4DFG3_326_468_3.40.309.10	1.144E-12	1.000	433	331	468	527	3	141	143	139	0.262	0.972
LOKIASV2_4403_ESMFold_NAD-dependent_succinate-semialdehyde_dehydrogenase	af_I1JGN1_15_262_3.40.605.10	af_I1JGN1_15_262_3.40.605.10	6.493E-12	1.000	433	9	241	527	15	247	248	244	0.442	0.940
LOKIASV2_4403_ESMFold_NAD-dependent_succinate-semialdehyde_dehydrogenase	af_A0A1D8PC76_28_239_3.40.605.10	af_A0A1D8PC76_28_239_3.40.605.10	3.984E-12	1.000	431	37	248	527	2	212	212	215	0.402	0.995
LOKIASV2_4403_ESMFold_NAD-dependent_succinate-semialdehyde_dehydrogenase	af_Q4D6R4_11_164_3.40.309.10	af_Q4D6R4_11_164_3.40.309.10	2.445E-12	1.000	425	324	477	527	5	154	154	154	0.292	0.974
LOKIASV2_4403_ESMFold_NAD-dependent_succinate-semialdehyde_dehydrogenase	4i3xF01	4i3xF01	1.144E-12	1.000	423	11	244	527	16	244	272	246	0.444	0.842
LOKIASV2_4403_ESMFold_NAD-dependent_succinate-semialdehyde_dehydrogenase	3lnsB01	3lnsB01	6.855E-12	1.000	419	37	244	527	2	206	232	209	0.395	0.884
LOKIASV2_4403_ESMFold_NAD-dependent_succinate-semialdehyde_dehydrogenase	af_P96824_48_258_3.40.605.10	af_P96824_48_258_3.40.605.10	1.117E-11	1.000	418	38	249	527	3	211	211	213	0.402	0.991
LOKIASV2_4403_ESMFold_NAD-dependent_succinate-semialdehyde_dehydrogenase	3rosA01	3rosA01	1.275E-12	1.000	414	15	249	527	4	226	261	239	0.446	0.854
LOKIASV2_4403_ESMFold_NAD-dependent_succinate-semialdehyde_dehydrogenase	af_I1JFT5_22_234_3.40.605.10	af_I1JFT5_22_234_3.40.605.10	3.492E-11	1.000	411	34	248	527	2	213	213	215	0.408	0.995
LOKIASV2_4403_ESMFold_NAD-dependent_succinate-semialdehyde_dehydrogenase	af_Q4DZ74_13_221_3.40.605.10	af_Q4DZ74_13_221_3.40.605.10	2.662E-11	1.000	404	37	247	527	2	209	209	213	0.400	0.995
LOKIASV2_4403_ESMFold_NAD-dependent_succinate-semialdehyde_dehydrogenase	1uxuA01	1uxuA01	1.765E-12	1.000	402	9	246	527	14	247	273	248	0.452	0.857
LOKIASV2_4403_ESMFold_NAD-dependent_succinate-semialdehyde_dehydrogenase	af_P77455_262_467_3.40.309.10	af_P77455_262_467_3.40.309.10	7.882E-11	1.000	400	252	437	527	2	195	206	196	0.353	0.942
LOKIASV2_4403_ESMFold_NAD-dependent_succinate-semialdehyde_dehydrogenase	3ju8B02	3ju8B02	1.432E-10	1.000	398	250	436	527	2	185	189	190	0.355	0.974
LOKIASV2_4403_ESMFold_NAD-dependent_succinate-semialdehyde_dehydrogenase	af_Q5AI07_9_259_3.40.605.10	af_Q5AI07_9_259_3.40.605.10	1.547E-11	1.000	398	9	250	527	9	250	251	251	0.459	0.964
LOKIASV2_4403_ESMFold_NAD-dependent_succinate-semialdehyde_dehydrogenase	af_A0A486WWU7_1_211_3.40.605.10	af_A0A486WWU7_1_211_3.40.605.10	7.882E-11	1.000	396	36	247	527	3	211	211	212	0.402	0.991
LOKIASV2_4403_ESMFold_NAD-dependent_succinate-semialdehyde_dehydrogenase	4ns3E02	4ns3E02	3.308E-11	1.000	395	247	434	527	1	181	186	193	0.357	0.973
LOKIASV2_4403_ESMFold_NAD-dependent_succinate-semialdehyde_dehydrogenase	af_Q04458_48_239_3.40.605.10	af_Q04458_48_239_3.40.605.10	3.893E-11	1.000	388	58	248	527	2	192	192	194	0.362	0.995
LOKIASV2_4403_ESMFold_NAD-dependent_succinate-semialdehyde_dehydrogenase	af_A0A1D6EH87_212_410_3.40.309.10	af_A0A1D6EH87_212_410_3.40.309.10	8.322E-11	1.000	388	249	440	527	1	198	199	205	0.364	0.995
LOKIASV2_4403_ESMFold_NAD-dependent_succinate-semialdehyde_dehydrogenase	af_P30839_7_209_3.40.605.10	af_P30839_7_209_3.40.605.10	1.152E-10	1.000	386	43	247	527	2	203	203	206	0.389	0.995
LOKIASV2_4403_ESMFold_NAD-dependent_succinate-semialdehyde_dehydrogenase	4jz6A01	4jz6A01	1.634E-11	1.000	386	9	247	527	16	253	253	251	0.454	0.941
LOKIASV2_4403_ESMFold_NAD-dependent_succinate-semialdehyde_dehydrogenase	5fhzF02	5fhzF02	1.685E-10	1.000	383	248	435	527	1	155	159	188	0.357	0.975
LOKIASV2_4403_ESMFold_NAD-dependent_succinate-semialdehyde_dehydrogenase	5nnoB02	5nnoB02	5.692E-11	1.000	378	248	438	527	1	200	208	207	0.362	0.962
LOKIASV2_4403_ESMFold_NAD-dependent_succinate-semialdehyde_dehydrogenase	af_I1KQ26_350_501_1.20.120.550	af_I1KQ26_350_501_1.20.120.550	2.143E-11	1.000	377	329	484	527	2	151	152	157	0.296	0.987
LOKIASV2_4403_ESMFold_NAD-dependent_succinate-semialdehyde_dehydrogenase	4lemE01	4lemE01	1.180E-11	1.000	376	9	247	527	54	294	345	250	0.454	0.699
LOKIASV2_4403_ESMFold_NAD-dependent_succinate-semialdehyde_dehydrogenase	1eyyA01	1eyyA01	2.522E-11	1.000	375	10	258	527	1	256	314	266	0.472	0.815
LOKIASV2_4403_ESMFold_NAD-dependent_succinate-semialdehyde_dehydrogenase	af_Q4D4U6_1_139_3.40.309.10	af_Q4D4U6_1_139_3.40.309.10	7.882E-11	1.000	372	336	463	527	2	125	139	128	0.243	0.892
LOKIASV2_4403_ESMFold_NAD-dependent_succinate-semialdehyde_dehydrogenase	af_Q54DG1_11_223_3.40.605.10	af_Q54DG1_11_223_3.40.605.10	4.239E-10	1.000	371	37	250	527	2	213	213	215	0.406	0.995
LOKIASV2_4403_ESMFold_NAD-dependent_succinate-semialdehyde_dehydrogenase	af_Q571I9_526_789_3.40.605.10	af_Q571I9_526_789_3.40.605.10	9.276E-11	1.000	371	16	244	527	21	242	264	235	0.435	0.841
LOKIASV2_4403_ESMFold_NAD-dependent_succinate-semialdehyde_dehydrogenase	af_F1QGP1_508_771_3.40.605.10	af_F1QGP1_508_771_3.40.605.10	1.685E-10	1.000	368	9	244	527	19	248	264	243	0.448	0.871
LOKIASV2_4403_ESMFold_NAD-dependent_succinate-semialdehyde_dehydrogenase	4lh1B01	4lh1B01	1.217E-10	1.000	366	9	247	527	56	296	346	249	0.454	0.697
LOKIASV2_4403_ESMFold_NAD-dependent_succinate-semialdehyde_dehydrogenase	4oe5C01	4oe5C01	9.276E-11	1.000	364	10	247	527	34	275	305	249	0.452	0.793
LOKIASV2_4403_ESMFold_NAD-dependent_succinate-semialdehyde_dehydrogenase	af_A0A0C4DHC8_71_279_3.40.605.10	af_A0A0C4DHC8_71_279_3.40.605.10	1.477E-09	1.000	356	38	248	527	2	209	209	211	0.400	0.995
LOKIASV2_4403_ESMFold_NAD-dependent_succinate-semialdehyde_dehydrogenase	2y51B02	2y51B02	5.561E-10	1.000	354	249	434	527	2	206	220	208	0.353	0.932
LOKIASV2_4403_ESMFold_NAD-dependent_succinate-semialdehyde_dehydrogenase	af_Q4DVV3_222_409_3.40.309.10	af_Q4DVV3_222_409_3.40.309.10	5.871E-10	1.000	351	248	438	527	1	185	188	197	0.362	0.984
LOKIASV2_4403_ESMFold_NAD-dependent_succinate-semialdehyde_dehydrogenase	af_Q2FWX9_4_206_3.40.605.10	af_Q2FWX9_4_206_3.40.605.10	3.334E-09	1.000	347	37	241	527	2	203	203	205	0.389	0.995
LOKIASV2_4403_ESMFold_NAD-dependent_succinate-semialdehyde_dehydrogenase	af_Q04458_240_433_3.40.309.10	af_Q04458_240_433_3.40.309.10	9.568E-10	1.000	339	249	438	527	1	191	194	201	0.361	0.985
LOKIASV2_4403_ESMFold_NAD-dependent_succinate-semialdehyde_dehydrogenase	3v9iD02	3v9iD02	3.412E-10	1.000	334	249	436	527	1	172	173	196	0.357	0.994
LOKIASV2_4403_ESMFold_NAD-dependent_succinate-semialdehyde_dehydrogenase	af_A0A1D6JB94_246_435_3.40.309.10	af_A0A1D6JB94_246_435_3.40.309.10	9.568E-10	1.000	328	249	441	527	1	188	190	200	0.366	0.989
LOKIASV2_4403_ESMFold_NAD-dependent_succinate-semialdehyde_dehydrogenase	af_A0A2R8RIE8_39_243_3.40.605.10	af_A0A2R8RIE8_39_243_3.40.605.10	1.999E-08	1.000	319	42	246	527	2	203	205	205	0.389	0.985
LOKIASV2_4403_ESMFold_NAD-dependent_succinate-semialdehyde_dehydrogenase	5jfnC01	5jfnC01	4.476E-10	1.000	316	36	248	527	16	221	259	226	0.404	0.795
LOKIASV2_4403_ESMFold_NAD-dependent_succinate-semialdehyde_dehydrogenase	af_Q6H627_18_212_3.40.605.10	af_Q6H627_18_212_3.40.605.10	1.698E-08	1.000	313	54	241	527	11	195	195	188	0.357	0.949
LOKIASV2_4403_ESMFold_NAD-dependent_succinate-semialdehyde_dehydrogenase	af_A0A0R0JQ82_294_483_3.40.309.10	af_A0A0R0JQ82_294_483_3.40.309.10	5.871E-10	1.000	310	252	430	527	2	188	190	196	0.340	0.984
LOKIASV2_4403_ESMFold_NAD-dependent_succinate-semialdehyde_dehydrogenase	4ghkA01	4ghkA01	7.127E-09	1.000	295	34	244	527	4	217	262	223	0.400	0.817
LOKIASV2_4403_ESMFold_NAD-dependent_succinate-semialdehyde_dehydrogenase	5j7iC01	5j7iC01	9.348E-09	1.000	293	33	244	527	11	216	255	219	0.402	0.808
LOKIASV2_4403_ESMFold_NAD-dependent_succinate-semialdehyde_dehydrogenase	3my7A01	3my7A01	4.142E-09	1.000	292	38	244	527	8	197	217	212	0.393	0.876
LOKIASV2_4403_ESMFold_NAD-dependent_succinate-semialdehyde_dehydrogenase	af_Q8VZC3_51_302_3.40.605.10	af_Q8VZC3_51_302_3.40.605.10	9.870E-09	1.000	288	9	245	527	13	251	252	253	0.450	0.948
LOKIASV2_4403_ESMFold_NAD-dependent_succinate-semialdehyde_dehydrogenase	2y52B01	2y52B01	3.716E-09	1.000	283	14	250	527	22	261	308	254	0.450	0.779
LOKIASV2_4403_ESMFold_NAD-dependent_succinate-semialdehyde_dehydrogenase	af_F1LT79_6_152_3.40.605.10	af_F1LT79_6_152_3.40.605.10	1.752E-07	1.000	256	98	247	527	2	147	147	150	0.285	0.993
LOKIASV2_4403_ESMFold_NAD-dependent_succinate-semialdehyde_dehydrogenase	af_P07275_43_316_3.40.605.10	af_P07275_43_316_3.40.605.10	1.335E-07	1.000	256	11	244	527	33	272	274	257	0.444	0.876
LOKIASV2_4403_ESMFold_NAD-dependent_succinate-semialdehyde_dehydrogenase	3v4cB02	3v4cB02	1.335E-07	1.000	251	247	436	527	1	182	186	206	0.361	0.978
LOKIASV2_4403_ESMFold_NAD-dependent_succinate-semialdehyde_dehydrogenase	af_Q9VI33_102_267_3.40.309.10	af_Q9VI33_102_267_3.40.309.10	2.062E-07	1.000	239	251	433	527	2	162	166	187	0.347	0.970
LOKIASV2_4403_ESMFold_NAD-dependent_succinate-semialdehyde_dehydrogenase	1o20A01	1o20A01	4.047E-08	1.000	235	35	243	527	2	217	263	238	0.397	0.821
LOKIASV2_4403_ESMFold_NAD-dependent_succinate-semialdehyde_dehydrogenase	af_P48448_2_131_3.40.605.10	af_P48448_2_131_3.40.605.10	2.370E-06	1.000	230	115	247	527	1	130	130	133	0.252	1.000
LOKIASV2_4403_ESMFold_NAD-dependent_succinate-semialdehyde_dehydrogenase	1vluA01	1vluA01	1.265E-07	1.000	230	38	242	527	6	217	247	228	0.389	0.858
LOKIASV2_4403_ESMFold_NAD-dependent_succinate-semialdehyde_dehydrogenase	af_Q4DIU8_339_507_3.40.309.10	af_Q4DIU8_339_507_3.40.309.10	2.561E-07	1.000	228	255	398	527	1	168	169	169	0.273	0.994
LOKIASV2_4403_ESMFold_NAD-dependent_succinate-semialdehyde_dehydrogenase	5dbvA02	5dbvA02	1.953E-07	1.000	225	251	439	527	2	178	183	197	0.359	0.967
LOKIASV2_4403_ESMFold_NAD-dependent_succinate-semialdehyde_dehydrogenase	af_P54885_3_222_3.40.605.10	af_P54885_3_222_3.40.605.10	4.174E-07	1.000	221	38	242	527	4	220	220	228	0.389	0.986
LOKIASV2_4403_ESMFold_NAD-dependent_succinate-semialdehyde_dehydrogenase	1o20A02	1o20A02	2.370E-06	1.000	218	248	436	527	2	145	149	197	0.359	0.966
LOKIASV2_4403_ESMFold_NAD-dependent_succinate-semialdehyde_dehydrogenase	af_Q4CM65_181_327_3.40.309.10	af_Q4CM65_181_327_3.40.309.10	1.378E-06	1.000	217	248	439	527	1	146	147	200	0.364	0.993
LOKIASV2_4403_ESMFold_NAD-dependent_succinate-semialdehyde_dehydrogenase	af_P9WHV1_235_371_3.40.605.10	af_P9WHV1_235_371_3.40.605.10	1.144E-05	1.000	214	248	439	527	2	136	137	196	0.364	0.985
LOKIASV2_4403_ESMFold_NAD-dependent_succinate-semialdehyde_dehydrogenase	af_P07004_222_374_3.40.605.10	af_P07004_222_374_3.40.605.10	2.502E-06	1.000	212	248	439	527	2	152	153	201	0.364	0.987
LOKIASV2_4403_ESMFold_NAD-dependent_succinate-semialdehyde_dehydrogenase	af_P77445_29_233_3.40.605.10	af_P77445_29_233_3.40.605.10	7.583E-07	1.000	212	36	242	527	8	204	205	222	0.393	0.961
LOKIASV2_4403_ESMFold_NAD-dependent_succinate-semialdehyde_dehydrogenase	af_Q9VYG8_38_250_3.40.309.10	af_Q9VYG8_38_250_3.40.309.10	3.745E-07	1.000	210	247	435	527	2	167	213	194	0.359	0.779
LOKIASV2_4403_ESMFold_NAD-dependent_succinate-semialdehyde_dehydrogenase	af_P77445_240_430_3.40.309.10	af_P77445_240_430_3.40.309.10	7.183E-07	1.000	209	251	439	527	2	186	191	207	0.359	0.969
LOKIASV2_4403_ESMFold_NAD-dependent_succinate-semialdehyde_dehydrogenase	4jbeB01	4jbeB01	1.752E-07	1.000	205	33	243	527	5	224	269	238	0.400	0.818
LOKIASV2_4403_ESMFold_NAD-dependent_succinate-semialdehyde_dehydrogenase	af_Q9UT44_226_381_3.40.605.10	af_Q9UT44_226_381_3.40.605.10	9.205E-06	1.000	202	247	439	527	1	155	156	198	0.366	0.994
LOKIASV2_4403_ESMFold_NAD-dependent_succinate-semialdehyde_dehydrogenase	af_P77455_1_261_3.40.605.10	af_P77455_1_261_3.40.605.10	8.258E-06	1.000	202	13	246	527	19	257	261	248	0.444	0.916
LOKIASV2_4403_ESMFold_NAD-dependent_succinate-semialdehyde_dehydrogenase	af_Q9V9P6_64_279_3.40.309.10	af_Q9V9P6_64_279_3.40.309.10	3.659E-06	1.000	198	247	433	527	3	168	216	192	0.355	0.769
LOKIASV2_4403_ESMFold_NAD-dependent_succinate-semialdehyde_dehydrogenase	2h5gA01	2h5gA01	2.014E-06	1.000	195	36	242	527	3	206	270	230	0.393	0.756
LOKIASV2_4403_ESMFold_NAD-dependent_succinate-semialdehyde_dehydrogenase	1co3A02	1co3A02	3.283E-06	1.000	193	249	436	527	2	184	185	213	0.357	0.989
LOKIASV2_4403_ESMFold_NAD-dependent_succinate-semialdehyde_dehydrogenase	af_I1J6X7_550_696_3.40.605.10	af_I1J6X7_550_696_3.40.605.10	1.584E-05	1.000	190	248	438	527	2	145	147	197	0.362	0.980
LOKIASV2_4403_ESMFold_NAD-dependent_succinate-semialdehyde_dehydrogenase	af_Q9W2S6_22_243_3.40.309.10	af_Q9W2S6_22_243_3.40.309.10	2.127E-06	1.000	187	248	435	527	2	176	222	199	0.357	0.788
LOKIASV2_4403_ESMFold_NAD-dependent_succinate-semialdehyde_dehydrogenase	3my7C02	3my7C02	2.789E-06	1.000	184	251	434	527	2	176	180	202	0.349	0.972
LOKIASV2_4403_ESMFold_NAD-dependent_succinate-semialdehyde_dehydrogenase	af_Q9W1T5_37_260_3.40.309.10	af_Q9W1T5_37_260_3.40.309.10	4.546E-06	1.000	177	247	433	527	2	177	224	199	0.355	0.786
LOKIASV2_4403_ESMFold_NAD-dependent_succinate-semialdehyde_dehydrogenase	5j78C02	5j78C02	3.985E-05	1.000	168	251	438	527	1	181	183	212	0.357	0.989
LOKIASV2_4403_ESMFold_NAD-dependent_succinate-semialdehyde_dehydrogenase	af_A0A1D6Q1W2_166_269_3.40.309.10	af_A0A1D6Q1W2_166_269_3.40.309.10	5.227E-05	1.000	166	338	433	527	2	97	104	102	0.182	0.923
LOKIASV2_4403_ESMFold_NAD-dependent_succinate-semialdehyde_dehydrogenase	af_A0A1D6MRK0_1_96_3.40.605.10	af_A0A1D6MRK0_1_96_3.40.605.10	4.340E-04	1.000	164	158	247	527	6	96	96	91	0.171	0.948
LOKIASV2_4403_ESMFold_NAD-dependent_succinate-semialdehyde_dehydrogenase	3k9dB02	3k9dB02	6.494E-05	1.000	159	251	437	527	2	183	185	209	0.355	0.984
LOKIASV2_4403_ESMFold_NAD-dependent_succinate-semialdehyde_dehydrogenase	2h5gA02	2h5gA02	3.493E-04	1.000	156	250	436	527	2	133	141	191	0.355	0.936
LOKIASV2_4403_ESMFold_NAD-dependent_succinate-semialdehyde_dehydrogenase	4jbeB02	4jbeB02	1.821E-04	1.000	155	248	436	527	1	136	140	194	0.359	0.971
LOKIASV2_4403_ESMFold_NAD-dependent_succinate-semialdehyde_dehydrogenase	af_Q9VAW6_82_298_3.40.309.10	af_Q9VAW6_82_298_3.40.309.10	6.494E-05	1.000	155	247	438	527	1	176	217	206	0.364	0.811
LOKIASV2_4403_ESMFold_NAD-dependent_succinate-semialdehyde_dehydrogenase	af_Q8T485_35_252_3.40.309.10	af_Q8T485_35_252_3.40.309.10	6.856E-05	1.000	155	248	433	527	3	170	218	195	0.353	0.771
LOKIASV2_4403_ESMFold_NAD-dependent_succinate-semialdehyde_dehydrogenase	af_Q5ADR2_223_384_3.40.605.10	af_Q5ADR2_223_384_3.40.605.10	1.821E-04	1.000	153	248	439	527	2	161	162	199	0.364	0.988
LOKIASV2_4403_ESMFold_NAD-dependent_succinate-semialdehyde_dehydrogenase	4ghkC02	4ghkC02	1.356E-03	1.000	132	248	439	527	2	133	134	200	0.364	0.985
LOKIASV2_4403_ESMFold_NAD-dependent_succinate-semialdehyde_dehydrogenase	af_Q4DIU8_54_295_3.40.605.10	af_Q4DIU8_54_295_3.40.605.10	1.466E-04	1.000	126	33	248	527	21	233	242	254	0.410	0.880
LOKIASV2_4403_ESMFold_NAD-dependent_succinate-semialdehyde_dehydrogenase	af_A0A0P0Y7S8_7_101_3.40.605.10	af_A0A0P0Y7S8_7_101_3.40.605.10	3.804E-03	1.000	118	158	248	527	7	95	95	92	0.173	0.937
LOKIASV2_4403_ESMFold_NAD-dependent_succinate-semialdehyde_dehydrogenase	af_Q4CM65_2_175_3.40.605.10	af_Q4CM65_2_175_3.40.605.10	2.900E-03	1.000	103	88	242	527	19	174	174	170	0.294	0.897
LOKIASV2_4403_ESMFold_NAD-dependent_succinate-semialdehyde_dehydrogenase	1vluB02	1vluB02	1.042E-01	0.949	72	251	438	527	2	142	144	194	0.357	0.979
LOKIASV2_4403_ESMFold_NAD-dependent_succinate-semialdehyde_dehydrogenase	af_O13926_136_327_3.40.50.150	af_O13926_136_327_3.40.50.150	1.938E-02	0.872	65	139	246	527	47	154	192	115	0.205	0.562
LOKIASV2_4403_ESMFold_NAD-dependent_succinate-semialdehyde_dehydrogenase	af_A1Y9I9_44_257_3.40.50.150	af_A1Y9I9_44_257_3.40.50.150	7.525E-02	0.837	63	137	245	527	56	167	214	122	0.207	0.523
LOKIASV2_4403_ESMFold_NAD-dependent_succinate-semialdehyde_dehydrogenase	af_P9WMY7_260_428_3.40.50.2000	af_P9WMY7_260_428_3.40.50.2000	1.609E-01	0.747	59	138	242	527	6	110	169	115	0.199	0.621
LOKIASV2_4403_ESMFold_NAD-dependent_succinate-semialdehyde_dehydrogenase	af_Q8S1G9_1_195_3.40.50.720	af_Q8S1G9_1_195_3.40.50.720	7.945E-02	0.720	58	136	250	527	9	127	195	131	0.218	0.610
LOKIASV2_4403_ESMFold_NAD-dependent_succinate-semialdehyde_dehydrogenase	af_Q55DL2_114_292_3.40.50.150	af_Q55DL2_114_292_3.40.50.150	6.057E-02	0.692	57	98	250	527	22	149	179	165	0.290	0.715
LOKIASV2_4403_ESMFold_NAD-dependent_succinate-semialdehyde_dehydrogenase	af_A0A1D6NJA1_323_507_3.40.50.2000	af_A0A1D6NJA1_323_507_3.40.50.2000	1.609E-01	0.663	56	136	244	527	17	139	185	130	0.207	0.665
LOKIASV2_4403_ESMFold_NAD-dependent_succinate-semialdehyde_dehydrogenase	4pyjA01	4pyjA01	2.923E-01	0.601	54	136	245	527	50	161	195	125	0.209	0.574
LOKIASV2_4403_ESMFold_NAD-dependent_succinate-semialdehyde_dehydrogenase	5zw3A00	5zw3A00	1.443E-01	0.601	54	101	245	527	21	158	207	157	0.275	0.667
LOKIASV2_4403_ESMFold_NAD-dependent_succinate-semialdehyde_dehydrogenase	af_O07431_3_220_3.40.50.150	af_O07431_3_220_3.40.50.150	2.542E-02	0.569	53	86	276	527	7	179	218	212	0.362	0.794
LOKIASV2_4403_ESMFold_NAD-dependent_succinate-semialdehyde_dehydrogenase	af_Q19265_201_383_3.40.50.2000	af_Q19265_201_383_3.40.50.2000	2.352E-01	0.537	52	137	220	527	8	104	183	102	0.159	0.530
LOKIASV2_4403_ESMFold_NAD-dependent_succinate-semialdehyde_dehydrogenase	5a01A04	5a01A04	2.622E-01	0.505	51	141	256	527	3	109	164	121	0.220	0.652
LOKIASV2_4403_ESMFold_NAD-dependent_succinate-semialdehyde_dehydrogenase	af_P32622_70_246_3.30.559.70	af_P32622_70_246_3.30.559.70	7.525E-02	0.505	51	100	243	527	15	141	177	151	0.273	0.718
LOKIASV2_4403_ESMFold_NAD-dependent_succinate-semialdehyde_dehydrogenase	3mczA02	3mczA02	4.875E-02	0.473	50	59	244	527	6	177	239	201	0.353	0.720
LOKIASV2_4403_ESMFold_NAD-dependent_succinate-semialdehyde_dehydrogenase	4wesB04	4wesB04	4.047E-01	0.442	49	140	244	527	2	96	98	106	0.199	0.969
LOKIASV2_4403_ESMFold_NAD-dependent_succinate-semialdehyde_dehydrogenase	af_K7V2Z8_1022_1160_3.40.50.1380	af_K7V2Z8_1022_1160_3.40.50.1380	2.923E-01	0.411	48	137	244	527	4	107	139	122	0.205	0.748
LOKIASV2_4403_ESMFold_NAD-dependent_succinate-semialdehyde_dehydrogenase	5x7fA00	5x7fA00	7.353E-01	0.411	48	136	244	527	48	153	198	119	0.207	0.535
LOKIASV2_4403_ESMFold_NAD-dependent_succinate-semialdehyde_dehydrogenase	af_Q8IEN3_2218_2372_3.40.50.1380	af_Q8IEN3_2218_2372_3.40.50.1380	5.918E-01	0.353	46	137	244	527	2	120	155	131	0.205	0.768
LOKIASV2_4403_ESMFold_NAD-dependent_succinate-semialdehyde_dehydrogenase	af_A0A0R0I704_45_187_3.40.50.2000	af_A0A0R0I704_45_187_3.40.50.2000	5.309E-01	0.326	45	140	242	527	23	123	143	110	0.195	0.706
LOKIASV2_4403_ESMFold_NAD-dependent_succinate-semialdehyde_dehydrogenase	4fk8B02	4fk8B02	3.086E-01	0.326	45	137	246	527	10	147	151	145	0.209	0.914
LOKIASV2_4403_ESMFold_NAD-dependent_succinate-semialdehyde_dehydrogenase	1djnA02	1djnA02	2.622E-01	0.326	45	136	244	527	4	135	168	142	0.207	0.786
LOKIASV2_4403_ESMFold_NAD-dependent_succinate-semialdehyde_dehydrogenase	af_P21373_91_293_3.40.50.10330	af_P21373_91_293_3.40.50.10330	9.871E-02	0.301	44	97	257	527	12	147	203	170	0.306	0.670
LOKIASV2_4403_ESMFold_NAD-dependent_succinate-semialdehyde_dehydrogenase	af_Q09924_253_462_3.40.50.10470	af_Q09924_253_462_3.40.50.10470	5.029E-01	0.301	44	136	247	527	15	125	210	129	0.213	0.529
LOKIASV2_4403_ESMFold_NAD-dependent_succinate-semialdehyde_dehydrogenase	5ilnA02	5ilnA02	2.483E-01	0.277	43	138	246	527	10	115	134	117	0.207	0.791
LOKIASV2_4403_ESMFold_NAD-dependent_succinate-semialdehyde_dehydrogenase	af_P53954_295_482_3.40.50.2000	af_P53954_295_482_3.40.50.2000	6.248E-01	0.277	43	136	247	527	11	130	188	130	0.213	0.638
LOKIASV2_4403_ESMFold_NAD-dependent_succinate-semialdehyde_dehydrogenase	4e13A01	4e13A01	3.834E-01	0.277	43	136	250	527	3	123	193	139	0.218	0.627
LOKIASV2_4403_ESMFold_NAD-dependent_succinate-semialdehyde_dehydrogenase	4krgB02	4krgB02	6.964E-01	0.277	43	136	249	527	33	146	202	129	0.216	0.564
LOKIASV2_4403_ESMFold_NAD-dependent_succinate-semialdehyde_dehydrogenase	af_K7K6Y4_88_474_3.40.50.150	af_K7K6Y4_88_474_3.40.50.150	2.991E-02	0.277	43	36	244	527	5	236	387	262	0.397	0.599
LOKIASV2_4403_ESMFold_NAD-dependent_succinate-semialdehyde_dehydrogenase	af_Q04869_4_115_3.40.50.720	af_Q04869_4_115_3.40.50.720	1.265E+00	0.254	42	140	245	527	2	96	112	108	0.201	0.848
LOKIASV2_4403_ESMFold_NAD-dependent_succinate-semialdehyde_dehydrogenase	af_P76254_106_225_3.40.50.80	af_P76254_106_225_3.40.50.80	6.248E-01	0.254	42	136	246	527	6	119	120	123	0.211	0.950
LOKIASV2_4403_ESMFold_NAD-dependent_succinate-semialdehyde_dehydrogenase	af_Q4DB76_342_532_3.40.50.720	af_Q4DB76_342_532_3.40.50.720	3.631E-01	0.254	42	137	249	527	4	128	191	140	0.214	0.654
LOKIASV2_4403_ESMFold_NAD-dependent_succinate-semialdehyde_dehydrogenase	af_P9WMY9_212_374_3.40.50.2000	af_P9WMY9_212_374_3.40.50.2000	5.309E-01	0.233	41	119	244	527	1	110	163	139	0.239	0.675
LOKIASV2_4403_ESMFold_NAD-dependent_succinate-semialdehyde_dehydrogenase	af_Q2G268_1_185_3.40.50.1950	af_Q2G268_1_185_3.40.50.1950	3.834E-01	0.233	41	138	247	527	2	119	185	131	0.209	0.638
LOKIASV2_4403_ESMFold_NAD-dependent_succinate-semialdehyde_dehydrogenase	4om8B01	4om8B01	6.248E-01	0.233	41	140	250	527	4	119	185	127	0.211	0.627
LOKIASV2_4403_ESMFold_NAD-dependent_succinate-semialdehyde_dehydrogenase	af_Q54C64_7_186_3.40.50.10320	af_Q54C64_7_186_3.40.50.10320	1.162E-01	0.214	40	137	238	527	10	132	180	130	0.194	0.683
LOKIASV2_4403_ESMFold_NAD-dependent_succinate-semialdehyde_dehydrogenase	af_I1K0H6_7_189_3.40.50.150	af_I1K0H6_7_189_3.40.50.150	3.834E-01	0.214	40	97	246	527	3	138	183	164	0.285	0.743
LOKIASV2_4403_ESMFold_NAD-dependent_succinate-semialdehyde_dehydrogenase	af_P0ABQ0_1_184_3.40.50.1950	af_P0ABQ0_1_184_3.40.50.1950	5.605E-01	0.214	40	136	244	527	4	120	184	133	0.207	0.636
LOKIASV2_4403_ESMFold_NAD-dependent_succinate-semialdehyde_dehydrogenase	af_I1MKP7_311_497_3.40.50.2000	af_I1MKP7_311_497_3.40.50.2000	5.605E-01	0.214	40	119	244	527	6	141	187	156	0.239	0.727
LOKIASV2_4403_ESMFold_NAD-dependent_succinate-semialdehyde_dehydrogenase	4gicB02	4gicB02	2.483E-01	0.214	40	54	242	527	1	204	235	227	0.359	0.868
LOKIASV2_4403_ESMFold_NAD-dependent_succinate-semialdehyde_dehydrogenase	af_P9WHV7_4_108_3.40.50.1260	af_P9WHV7_4_108_3.40.50.1260	1.265E+00	0.196	39	138	244	527	2	101	105	112	0.203	0.952
LOKIASV2_4403_ESMFold_NAD-dependent_succinate-semialdehyde_dehydrogenase	af_K7N0B7_9_135_3.40.50.150	af_K7N0B7_9_135_3.40.50.150	1.660E+00	0.196	39	137	234	527	35	123	127	102	0.186	0.701
LOKIASV2_4403_ESMFold_NAD-dependent_succinate-semialdehyde_dehydrogenase	af_P76081_101_242_3.40.50.80	af_P76081_101_242_3.40.50.80	1.135E+00	0.196	39	137	245	527	12	142	142	136	0.207	0.923
LOKIASV2_4403_ESMFold_NAD-dependent_succinate-semialdehyde_dehydrogenase	af_Q5RJL2_20_200_3.40.50.150	af_Q5RJL2_20_200_3.40.50.150	5.029E-01	0.196	39	97	246	527	21	146	181	160	0.285	0.696
LOKIASV2_4403_ESMFold_NAD-dependent_succinate-semialdehyde_dehydrogenase	4rifA01	4rifA01	5.605E-01	0.196	39	140	246	527	2	126	201	144	0.203	0.622
LOKIASV2_4403_ESMFold_NAD-dependent_succinate-semialdehyde_dehydrogenase	af_Q9SIT5_442_821_3.40.50.12370	af_Q9SIT5_442_821_3.40.50.12370	2.833E-02	0.196	39	136	411	527	9	302	380	353	0.524	0.774
LOKIASV2_4403_ESMFold_NAD-dependent_succinate-semialdehyde_dehydrogenase	1c30A08	1c30A08	1.410E+00	0.179	38	136	244	527	3	106	137	120	0.207	0.759
LOKIASV2_4403_ESMFold_NAD-dependent_succinate-semialdehyde_dehydrogenase	1gq3B02	1gq3B02	3.439E-01	0.179	38	98	246	527	4	117	143	155	0.283	0.797
LOKIASV2_4403_ESMFold_NAD-dependent_succinate-semialdehyde_dehydrogenase	1u0rD01	1u0rD01	1.135E+00	0.179	38	137	248	527	3	104	164	116	0.213	0.622
LOKIASV2_4403_ESMFold_NAD-dependent_succinate-semialdehyde_dehydrogenase	af_P42598_32_210_3.40.50.620	af_P42598_32_210_3.40.50.620	1.336E+00	0.179	38	137	244	527	25	142	179	124	0.205	0.659
LOKIASV2_4403_ESMFold_NAD-dependent_succinate-semialdehyde_dehydrogenase	af_O53493_586_855_3.90.550.10	af_O53493_586_855_3.90.550.10	5.309E-01	0.179	38	137	219	527	24	112	270	92	0.157	0.330
LOKIASV2_4403_ESMFold_NAD-dependent_succinate-semialdehyde_dehydrogenase	1lthR01	1lthR01	1.410E+00	0.164	37	139	246	527	2	118	143	130	0.205	0.818
LOKIASV2_4403_ESMFold_NAD-dependent_succinate-semialdehyde_dehydrogenase	af_A0A1D6NX60_419_567_3.40.50.150	af_A0A1D6NX60_419_567_3.40.50.150	1.265E+00	0.164	37	138	221	527	32	112	149	86	0.159	0.544
LOKIASV2_4403_ESMFold_NAD-dependent_succinate-semialdehyde_dehydrogenase	4rwzA00	4rwzA00	1.265E+00	0.164	37	136	247	527	24	140	195	124	0.213	0.600
LOKIASV2_4403_ESMFold_NAD-dependent_succinate-semialdehyde_dehydrogenase	af_I1JCQ3_42_258_3.40.50.150	af_I1JCQ3_42_258_3.40.50.150	8.196E-01	0.164	37	98	246	527	30	173	217	164	0.283	0.664
LOKIASV2_4403_ESMFold_NAD-dependent_succinate-semialdehyde_dehydrogenase	af_P40389_59_288_3.40.50.150	af_P40389_59_288_3.40.50.150	6.596E-01	0.164	37	141	246	527	79	193	230	123	0.201	0.500
LOKIASV2_4403_ESMFold_NAD-dependent_succinate-semialdehyde_dehydrogenase	af_Q86D18_188_431_3.40.50.10810	af_Q86D18_188_431_3.40.50.10810	1.524E-01	0.164	37	247	444	527	19	192	244	225	0.376	0.713
LOKIASV2_4403_ESMFold_NAD-dependent_succinate-semialdehyde_dehydrogenase	af_Q54CB1_16_276_3.40.50.150	af_Q54CB1_16_276_3.40.50.150	4.763E-01	0.164	37	97	242	527	49	193	261	177	0.277	0.556
LOKIASV2_4403_ESMFold_NAD-dependent_succinate-semialdehyde_dehydrogenase	2ob2A00	2ob2A00	1.524E-01	0.164	37	33	301	527	6	275	326	321	0.510	0.828
LOKIASV2_4403_ESMFold_NAD-dependent_succinate-semialdehyde_dehydrogenase	af_Q9VFP9_6_144_3.40.50.150	af_Q9VFP9_6_144_3.40.50.150	1.075E+00	0.150	36	90	242	527	8	131	139	164	0.290	0.892
LOKIASV2_4403_ESMFold_NAD-dependent_succinate-semialdehyde_dehydrogenase	1k75B01	1k75B01	2.705E+00	0.150	36	247	434	527	17	134	155	192	0.357	0.761
LOKIASV2_4403_ESMFold_NAD-dependent_succinate-semialdehyde_dehydrogenase	af_A0A1D6P7G5_299_486_3.40.50.2000	af_A0A1D6P7G5_299_486_3.40.50.2000	1.752E+00	0.150	36	137	244	527	21	140	188	129	0.205	0.638
LOKIASV2_4403_ESMFold_NAD-dependent_succinate-semialdehyde_dehydrogenase	af_Q5U1B0_1_189_3.40.50.720	af_Q5U1B0_1_189_3.40.50.720	1.850E+00	0.150	36	138	246	527	3	118	189	126	0.207	0.614
LOKIASV2_4403_ESMFold_NAD-dependent_succinate-semialdehyde_dehydrogenase	1suiD00	1suiD00	5.918E-01	0.150	36	98	238	527	25	163	227	166	0.268	0.612
LOKIASV2_4403_ESMFold_NAD-dependent_succinate-semialdehyde_dehydrogenase	af_Q9M007_450_767_3.40.50.12370	af_Q9M007_450_767_3.40.50.12370	5.434E-02	0.150	36	138	474	527	10	317	318	419	0.639	0.969
LOKIASV2_4403_ESMFold_NAD-dependent_succinate-semialdehyde_dehydrogenase	af_P9WHV7_5_137_3.40.50.10330	af_P9WHV7_5_137_3.40.50.10330	1.752E+00	0.138	35	139	244	527	2	100	133	113	0.201	0.744
LOKIASV2_4403_ESMFold_NAD-dependent_succinate-semialdehyde_dehydrogenase	af_P71846_447_583_3.40.50.80	af_P71846_447_583_3.40.50.80	2.062E+00	0.138	35	137	246	527	2	133	137	139	0.209	0.964
LOKIASV2_4403_ESMFold_NAD-dependent_succinate-semialdehyde_dehydrogenase	af_O13871_19_175_3.40.50.150	af_O13871_19_175_3.40.50.150	1.336E+00	0.138	35	142	244	527	25	131	157	119	0.195	0.682
LOKIASV2_4403_ESMFold_NAD-dependent_succinate-semialdehyde_dehydrogenase	3ia7A01	3ia7A01	1.953E+00	0.138	35	136	248	527	2	131	233	146	0.214	0.558
LOKIASV2_4403_ESMFold_NAD-dependent_succinate-semialdehyde_dehydrogenase	af_Q5A931_8_353_3.40.50.150	af_Q5A931_8_353_3.40.50.150	1.609E-01	0.138	35	34	251	527	17	242	346	263	0.414	0.653
LOKIASV2_4403_ESMFold_NAD-dependent_succinate-semialdehyde_dehydrogenase	af_A0A1D6K5B6_15_173_3.40.50.720	af_A0A1D6K5B6_15_173_3.40.50.720	1.265E+00	0.126	34	140	246	527	7	130	159	139	0.203	0.780
LOKIASV2_4403_ESMFold_NAD-dependent_succinate-semialdehyde_dehydrogenase	3sdsA02	3sdsA02	7.353E-01	0.126	34	137	247	527	16	134	160	134	0.211	0.744
LOKIASV2_4403_ESMFold_NAD-dependent_succinate-semialdehyde_dehydrogenase	af_Q59VX9_5_258_3.40.50.10260	af_Q59VX9_5_258_3.40.50.10260	2.768E-01	0.126	34	29	248	527	4	179	254	242	0.417	0.693
LOKIASV2_4403_ESMFold_NAD-dependent_succinate-semialdehyde_dehydrogenase	af_Q9FYC1_476_817_3.40.50.12370	af_Q9FYC1_476_817_3.40.50.12370	5.147E-02	0.126	34	136	477	527	13	339	342	431	0.649	0.956
LOKIASV2_4403_ESMFold_NAD-dependent_succinate-semialdehyde_dehydrogenase	af_Q27483_399_545_3.40.50.450	af_Q27483_399_545_3.40.50.450	8.653E-01	0.116	33	138	247	527	5	131	147	135	0.209	0.864
LOKIASV2_4403_ESMFold_NAD-dependent_succinate-semialdehyde_dehydrogenase	af_Q2FZ63_56_217_3.40.50.300	af_Q2FZ63_56_217_3.40.50.300	1.198E+00	0.116	33	139	239	527	14	120	162	110	0.192	0.660
LOKIASV2_4403_ESMFold_NAD-dependent_succinate-semialdehyde_dehydrogenase	af_I1KHV3_5_195_3.40.50.150	af_I1KHV3_5_195_3.40.50.150	1.198E+00	0.116	33	62	246	527	4	146	191	192	0.351	0.749
LOKIASV2_4403_ESMFold_NAD-dependent_succinate-semialdehyde_dehydrogenase	af_Q2FX51_17_230_3.40.50.300	af_Q2FX51_17_230_3.40.50.300	5.309E-01	0.116	33	123	252	527	3	152	214	163	0.247	0.701
LOKIASV2_4403_ESMFold_NAD-dependent_succinate-semialdehyde_dehydrogenase	af_P9WID3_12_317_3.40.1190.20	af_P9WID3_12_317_3.40.1190.20	2.622E-01	0.116	33	139	316	527	2	202	306	248	0.338	0.657
LOKIASV2_4403_ESMFold_NAD-dependent_succinate-semialdehyde_dehydrogenase	af_I1L5M7_429_775_3.40.50.12370	af_I1L5M7_429_775_3.40.50.12370	6.395E-02	0.116	33	136	491	527	9	343	347	442	0.676	0.965
LOKIASV2_4403_ESMFold_NAD-dependent_succinate-semialdehyde_dehydrogenase	4iq0A01	4iq0A01	4.913E+00	0.106	32	140	245	527	4	93	114	109	0.201	0.789
LOKIASV2_4403_ESMFold_NAD-dependent_succinate-semialdehyde_dehydrogenase	af_A0A368UL97_81_217_3.40.50.150	af_A0A368UL97_81_217_3.40.50.150	2.705E+00	0.106	32	137	221	527	36	115	137	90	0.161	0.584
LOKIASV2_4403_ESMFold_NAD-dependent_succinate-semialdehyde_dehydrogenase	af_Q6LA56_43_203_3.40.50.10330	af_Q6LA56_43_203_3.40.50.10330	8.196E-01	0.106	32	104	244	527	18	127	161	151	0.268	0.683
LOKIASV2_4403_ESMFold_NAD-dependent_succinate-semialdehyde_dehydrogenase	af_Q4CQ54_10_268_3.40.50.150	af_Q4CQ54_10_268_3.40.50.150	5.918E-01	0.106	32	37	246	527	9	223	259	257	0.398	0.830
LOKIASV2_4403_ESMFold_NAD-dependent_succinate-semialdehyde_dehydrogenase	af_Q60E84_301_451_3.40.50.720	af_Q60E84_301_451_3.40.50.720	1.489E+00	0.098	31	139	261	527	6	126	151	143	0.233	0.801
LOKIASV2_4403_ESMFold_NAD-dependent_succinate-semialdehyde_dehydrogenase	af_Q4D123_7_158_3.40.50.720	af_Q4D123_7_158_3.40.50.720	2.298E+00	0.098	31	141	246	527	2	125	152	130	0.201	0.816
LOKIASV2_4403_ESMFold_NAD-dependent_succinate-semialdehyde_dehydrogenase	af_P96407_190_356_3.40.50.2000	af_P96407_190_356_3.40.50.2000	4.408E+00	0.098	31	136	244	527	8	115	167	122	0.207	0.647
LOKIASV2_4403_ESMFold_NAD-dependent_succinate-semialdehyde_dehydrogenase	af_F1QR61_64_290_3.40.50.150	af_F1QR61_64_290_3.40.50.150	1.953E+00	0.098	31	100	246	527	2	144	227	164	0.279	0.630
LOKIASV2_4403_ESMFold_NAD-dependent_succinate-semialdehyde_dehydrogenase	af_Q5AL17_111_343_3.40.50.150	af_Q5AL17_111_343_3.40.50.150	1.198E+00	0.098	31	136	304	527	21	160	233	188	0.321	0.601
LOKIASV2_4403_ESMFold_NAD-dependent_succinate-semialdehyde_dehydrogenase	af_P77414_1_259_3.90.550.10	af_P77414_1_259_3.90.550.10	1.336E+00	0.098	31	140	219	527	6	89	259	91	0.152	0.324
LOKIASV2_4403_ESMFold_NAD-dependent_succinate-semialdehyde_dehydrogenase	af_B4FEA1_59_338_3.40.50.150	af_B4FEA1_59_338_3.40.50.150	1.265E+00	0.098	31	77	247	527	68	218	280	188	0.324	0.539
LOKIASV2_4403_ESMFold_NAD-dependent_succinate-semialdehyde_dehydrogenase	af_Q10216_3_284_3.40.50.720	af_Q10216_3_284_3.40.50.720	5.605E-01	0.098	31	137	288	527	41	220	282	210	0.288	0.638
LOKIASV2_4403_ESMFold_NAD-dependent_succinate-semialdehyde_dehydrogenase	af_P39998_255_539_3.40.50.10260	af_P39998_255_539_3.40.50.10260	3.834E-01	0.098	31	71	286	527	34	238	285	251	0.410	0.719
LOKIASV2_4403_ESMFold_NAD-dependent_succinate-semialdehyde_dehydrogenase	af_A0A0R0G8S7_482_810_3.40.50.12370	af_A0A0R0G8S7_482_810_3.40.50.12370	7.128E-02	0.098	31	136	481	527	11	328	329	426	0.657	0.967
LOKIASV2_4403_ESMFold_NAD-dependent_succinate-semialdehyde_dehydrogenase	5ue9D02	5ue9D02	2.298E+00	0.090	30	136	247	527	5	116	117	125	0.213	0.957
LOKIASV2_4403_ESMFold_NAD-dependent_succinate-semialdehyde_dehydrogenase	af_Q4KML2_1_138_3.40.50.620	af_Q4KML2_1_138_3.40.50.620	3.015E+00	0.090	30	140	247	527	4	138	138	138	0.205	0.978
LOKIASV2_4403_ESMFold_NAD-dependent_succinate-semialdehyde_dehydrogenase	6jfwA00	6jfwA00	5.029E-01	0.090	30	98	201	527	2	111	141	128	0.197	0.780
LOKIASV2_4403_ESMFold_NAD-dependent_succinate-semialdehyde_dehydrogenase	af_Q9M8Y0_757_931_3.40.50.2000	af_Q9M8Y0_757_931_3.40.50.2000	1.850E+00	0.090	30	137	257	527	11	121	175	138	0.230	0.634
LOKIASV2_4403_ESMFold_NAD-dependent_succinate-semialdehyde_dehydrogenase	af_A0A1D8PLX3_221_417_3.40.50.150	af_A0A1D8PLX3_221_417_3.40.50.150	1.336E+00	0.090	30	138	363	527	29	190	197	236	0.429	0.822
LOKIASV2_4403_ESMFold_NAD-dependent_succinate-semialdehyde_dehydrogenase	af_K7U2L5_3_258_3.30.40.10	af_K7U2L5_3_258_3.30.40.10	1.572E+00	0.090	30	137	279	527	2	171	256	183	0.271	0.664
LOKIASV2_4403_ESMFold_NAD-dependent_succinate-semialdehyde_dehydrogenase	af_A8WHX0_2_322_3.40.50.150	af_A8WHX0_2_322_3.40.50.150	1.018E+00	0.090	30	63	250	527	8	221	321	232	0.357	0.667
LOKIASV2_4403_ESMFold_NAD-dependent_succinate-semialdehyde_dehydrogenase	af_A0A0R0IJI3_1_109_3.40.50.720	af_A0A0R0IJI3_1_109_3.40.50.720	1.953E+00	0.082	29	142	246	527	2	83	109	107	0.199	0.752
LOKIASV2_4403_ESMFold_NAD-dependent_succinate-semialdehyde_dehydrogenase	af_Q944R7_406_555_3.40.50.150	af_Q944R7_406_555_3.40.50.150	4.175E+00	0.082	29	138	219	527	36	111	150	86	0.156	0.507
LOKIASV2_4403_ESMFold_NAD-dependent_succinate-semialdehyde_dehydrogenase	4jxjA01	4jxjA01	3.746E+00	0.082	29	136	267	527	19	129	181	138	0.250	0.613
LOKIASV2_4403_ESMFold_NAD-dependent_succinate-semialdehyde_dehydrogenase	af_Q7F0M0_147_335_3.40.50.150	af_Q7F0M0_147_335_3.40.50.150	2.426E+00	0.082	29	137	244	527	31	141	189	129	0.205	0.587
LOKIASV2_4403_ESMFold_NAD-dependent_succinate-semialdehyde_dehydrogenase	af_Q12333_412_618_3.40.50.80	af_Q12333_412_618_3.40.50.80	7.763E-01	0.082	29	136	246	527	11	206	207	197	0.211	0.947
LOKIASV2_4403_ESMFold_NAD-dependent_succinate-semialdehyde_dehydrogenase	af_P38347_190_408_3.40.50.150	af_P38347_190_408_3.40.50.150	2.177E+00	0.082	29	96	246	527	38	179	219	167	0.287	0.648
LOKIASV2_4403_ESMFold_NAD-dependent_succinate-semialdehyde_dehydrogenase	3gwzD02	3gwzD02	5.605E-01	0.082	29	37	250	527	2	189	247	234	0.406	0.761
LOKIASV2_4403_ESMFold_NAD-dependent_succinate-semialdehyde_dehydrogenase	af_Q4CUY7_207_349_3.40.50.2000	af_Q4CUY7_207_349_3.40.50.2000	3.955E+00	0.076	28	140	244	527	4	107	143	120	0.199	0.727
LOKIASV2_4403_ESMFold_NAD-dependent_succinate-semialdehyde_dehydrogenase	af_P0AFY2_46_199_3.40.50.620	af_P0AFY2_46_199_3.40.50.620	4.654E+00	0.076	28	141	244	527	2	121	154	124	0.197	0.779
LOKIASV2_4403_ESMFold_NAD-dependent_succinate-semialdehyde_dehydrogenase	2wtbA02	2wtbA02	3.086E-01	0.076	28	139	391	527	2	180	180	282	0.480	0.994
LOKIASV2_4403_ESMFold_NAD-dependent_succinate-semialdehyde_dehydrogenase	6iumB02	6iumB02	9.645E-01	0.076	28	136	319	527	12	186	191	217	0.349	0.916
LOKIASV2_4403_ESMFold_NAD-dependent_succinate-semialdehyde_dehydrogenase	2y0cC03	2y0cC03	8.653E-01	0.076	28	62	254	527	34	190	220	214	0.366	0.714
LOKIASV2_4403_ESMFold_NAD-dependent_succinate-semialdehyde_dehydrogenase	af_Q8IEF7_65_300_3.40.50.150	af_Q8IEF7_65_300_3.40.50.150	4.913E+00	0.076	28	136	244	527	31	135	236	121	0.207	0.445
LOKIASV2_4403_ESMFold_NAD-dependent_succinate-semialdehyde_dehydrogenase	af_K7UQJ6_43_293_3.40.50.1820	af_K7UQJ6_43_293_3.40.50.1820	5.605E-01	0.076	28	114	246	527	18	214	251	202	0.252	0.785
LOKIASV2_4403_ESMFold_NAD-dependent_succinate-semialdehyde_dehydrogenase	3r3sA00	3r3sA00	9.645E-01	0.076	28	136	288	527	47	227	292	211	0.290	0.620
LOKIASV2_4403_ESMFold_NAD-dependent_succinate-semialdehyde_dehydrogenase	af_I1MZU6_450_779_3.40.50.12370	af_I1MZU6_450_779_3.40.50.12370	2.110E-01	0.076	28	140	482	527	13	325	330	414	0.651	0.948
LOKIASV2_4403_ESMFold_NAD-dependent_succinate-semialdehyde_dehydrogenase	af_A0A1D6QMY8_446_825_3.40.50.12370	af_A0A1D6QMY8_446_825_3.40.50.12370	2.110E-01	0.076	28	136	483	527	12	378	380	463	0.660	0.966
LOKIASV2_4403_ESMFold_NAD-dependent_succinate-semialdehyde_dehydrogenase	2j5kB01	2j5kB01	3.360E+00	0.069	27	140	246	527	2	112	137	126	0.203	0.810
LOKIASV2_4403_ESMFold_NAD-dependent_succinate-semialdehyde_dehydrogenase	af_Q9C9G5_4_160_3.40.50.620	af_Q9C9G5_4_160_3.40.50.620	2.062E+00	0.069	27	137	246	527	6	154	157	161	0.209	0.949
LOKIASV2_4403_ESMFold_NAD-dependent_succinate-semialdehyde_dehydrogenase	2xgsB03	2xgsB03	4.913E+00	0.069	27	139	243	527	14	117	179	116	0.199	0.581
LOKIASV2_4403_ESMFold_NAD-dependent_succinate-semialdehyde_dehydrogenase	3dxzA00	3dxzA00	5.477E+00	0.069	27	139	224	527	29	108	200	92	0.163	0.400
LOKIASV2_4403_ESMFold_NAD-dependent_succinate-semialdehyde_dehydrogenase	3rs9A01	3rs9A01	9.135E-01	0.069	27	73	286	527	2	173	207	244	0.406	0.831
LOKIASV2_4403_ESMFold_NAD-dependent_succinate-semialdehyde_dehydrogenase	3mq2B00	3mq2B00	1.850E+00	0.069	27	117	302	527	10	171	215	198	0.353	0.753
LOKIASV2_4403_ESMFold_NAD-dependent_succinate-semialdehyde_dehydrogenase	5g4kB00	5g4kB00	1.572E+00	0.069	27	136	293	527	14	207	264	212	0.300	0.735
LOKIASV2_4403_ESMFold_NAD-dependent_succinate-semialdehyde_dehydrogenase	af_Q54KU5_1264_1539_3.40.50.150	af_Q54KU5_1264_1539_3.40.50.150	1.018E+00	0.069	27	111	244	527	11	164	276	174	0.254	0.558
LOKIASV2_4403_ESMFold_NAD-dependent_succinate-semialdehyde_dehydrogenase	af_F1Q911_35_322_3.40.50.720	af_F1Q911_35_322_3.40.50.720	5.918E-01	0.069	27	141	319	527	12	230	288	246	0.340	0.760
LOKIASV2_4403_ESMFold_NAD-dependent_succinate-semialdehyde_dehydrogenase	af_C0HFB6_422_795_3.40.50.12370	af_C0HFB6_422_795_3.40.50.12370	1.953E+00	0.069	27	119	222	527	150	287	374	144	0.197	0.369
LOKIASV2_4403_ESMFold_NAD-dependent_succinate-semialdehyde_dehydrogenase	3gztB01	3gztB01	2.705E+00	0.063	26	140	250	527	10	108	150	124	0.211	0.660
LOKIASV2_4403_ESMFold_NAD-dependent_succinate-semialdehyde_dehydrogenase	3p2iA00	3p2iA00	4.913E+00	0.063	26	141	246	527	26	136	199	120	0.201	0.558
LOKIASV2_4403_ESMFold_NAD-dependent_succinate-semialdehyde_dehydrogenase	af_A0A1D6GLI2_397_602_3.40.50.10470	af_A0A1D6GLI2_397_602_3.40.50.10470	7.184E+00	0.063	26	136	244	527	15	122	206	123	0.207	0.524
LOKIASV2_4403_ESMFold_NAD-dependent_succinate-semialdehyde_dehydrogenase	af_Q54F44_930_1142_3.40.50.80	af_Q54F44_930_1142_3.40.50.80	1.075E+00	0.063	26	248	435	527	17	211	213	237	0.357	0.915
LOKIASV2_4403_ESMFold_NAD-dependent_succinate-semialdehyde_dehydrogenase	1iirA01	1iirA01	3.955E+00	0.063	26	139	249	527	2	120	221	135	0.211	0.538
LOKIASV2_4403_ESMFold_NAD-dependent_succinate-semialdehyde_dehydrogenase	af_G5ECZ5_21_267_3.90.550.10	af_G5ECZ5_21_267_3.90.550.10	5.187E+00	0.063	26	247	302	527	2	54	247	56	0.106	0.215
LOKIASV2_4403_ESMFold_NAD-dependent_succinate-semialdehyde_dehydrogenase	af_Q9UT93_1_269_3.40.50.720	af_Q9UT93_1_269_3.40.50.720	3.015E+00	0.063	26	100	244	527	5	149	269	172	0.275	0.539
LOKIASV2_4403_ESMFold_NAD-dependent_succinate-semialdehyde_dehydrogenase	af_K7LDJ6_439_777_3.40.50.12370	af_K7LDJ6_439_777_3.40.50.12370	3.258E-01	0.063	26	136	411	527	11	287	339	366	0.524	0.817
LOKIASV2_4403_ESMFold_NAD-dependent_succinate-semialdehyde_dehydrogenase	4a73C01	4a73C01	6.445E+00	0.057	25	140	247	527	2	114	140	125	0.205	0.807
LOKIASV2_4403_ESMFold_NAD-dependent_succinate-semialdehyde_dehydrogenase	af_Q5NAY4_267_415_3.40.50.1980	af_Q5NAY4_267_415_3.40.50.1980	5.187E+00	0.057	25	137	247	527	6	122	149	127	0.211	0.785
LOKIASV2_4403_ESMFold_NAD-dependent_succinate-semialdehyde_dehydrogenase	1x1bA02	1x1bA02	4.408E+00	0.057	25	111	244	527	6	119	160	146	0.254	0.712
LOKIASV2_4403_ESMFold_NAD-dependent_succinate-semialdehyde_dehydrogenase	af_Q811X6_1_192_3.40.50.720	af_Q811X6_1_192_3.40.50.720	5.782E+00	0.057	25	142	248	527	8	125	192	126	0.203	0.615
LOKIASV2_4403_ESMFold_NAD-dependent_succinate-semialdehyde_dehydrogenase	af_Q4DUC7_6_234_3.40.50.150	af_Q4DUC7_6_234_3.40.50.150	1.135E+00	0.057	25	49	239	527	3	167	229	211	0.362	0.721
LOKIASV2_4403_ESMFold_NAD-dependent_succinate-semialdehyde_dehydrogenase	1jztA00	1jztA00	3.015E+00	0.057	25	97	244	527	29	165	240	165	0.281	0.571
LOKIASV2_4403_ESMFold_NAD-dependent_succinate-semialdehyde_dehydrogenase	af_P9WGP9_1_269_3.40.50.720	af_P9WGP9_1_269_3.40.50.720	5.605E-01	0.057	25	136	322	527	3	182	269	211	0.355	0.669
LOKIASV2_4403_ESMFold_NAD-dependent_succinate-semialdehyde_dehydrogenase	3wj2A00	3wj2A00	2.923E-01	0.057	25	115	247	527	47	267	299	226	0.252	0.739
LOKIASV2_4403_ESMFold_NAD-dependent_succinate-semialdehyde_dehydrogenase	3k30B03	3k30B03	2.177E+00	0.051	24	135	201	527	33	98	133	73	0.127	0.496
LOKIASV2_4403_ESMFold_NAD-dependent_succinate-semialdehyde_dehydrogenase	2vcyB02	2vcyB02	3.548E+00	0.051	24	136	247	527	12	117	152	127	0.213	0.697
LOKIASV2_4403_ESMFold_NAD-dependent_succinate-semialdehyde_dehydrogenase	2ejbA00	2ejbA00	3.183E+00	0.051	24	137	259	527	2	124	176	147	0.233	0.699
LOKIASV2_4403_ESMFold_NAD-dependent_succinate-semialdehyde_dehydrogenase	af_Q2FWN8_3_180_3.40.630.10	af_Q2FWN8_3_180_3.40.630.10	6.248E-01	0.051	24	70	205	527	5	167	178	181	0.258	0.916
LOKIASV2_4403_ESMFold_NAD-dependent_succinate-semialdehyde_dehydrogenase	af_E9AH88_143_327_3.40.50.720	af_E9AH88_143_327_3.40.50.720	2.855E+00	0.051	24	142	277	527	6	162	185	175	0.258	0.849
LOKIASV2_4403_ESMFold_NAD-dependent_succinate-semialdehyde_dehydrogenase	3o8oG03	3o8oG03	2.855E+00	0.051	24	138	245	527	8	134	211	140	0.205	0.602
LOKIASV2_4403_ESMFold_NAD-dependent_succinate-semialdehyde_dehydrogenase	af_Q55AW8_119_343_3.40.50.1820	af_Q55AW8_119_343_3.40.50.1820	5.029E-01	0.051	24	129	248	527	21	201	225	183	0.228	0.804
LOKIASV2_4403_ESMFold_NAD-dependent_succinate-semialdehyde_dehydrogenase	af_Q4CXJ6_69_296_3.40.50.150	af_Q4CXJ6_69_296_3.40.50.150	5.187E+00	0.051	24	136	250	527	19	136	228	134	0.218	0.518
LOKIASV2_4403_ESMFold_NAD-dependent_succinate-semialdehyde_dehydrogenase	af_A4I737_67_321_3.40.50.10810	af_A4I737_67_321_3.40.50.10810	3.360E+00	0.051	24	249	432	527	33	195	255	208	0.349	0.639
LOKIASV2_4403_ESMFold_NAD-dependent_succinate-semialdehyde_dehydrogenase	af_Q9LPR8_54_479_3.40.50.150	af_Q9LPR8_54_479_3.40.50.150	4.913E+00	0.051	24	140	237	527	111	221	426	117	0.186	0.261
LOKIASV2_4403_ESMFold_NAD-dependent_succinate-semialdehyde_dehydrogenase	af_Q54X02_3_472_3.40.630.10	af_Q54X02_3_472_3.40.630.10	1.226E-01	0.051	24	53	303	527	1	283	470	332	0.476	0.602
LOKIASV2_4403_ESMFold_NAD-dependent_succinate-semialdehyde_dehydrogenase	af_Q2G2P2_252_379_3.40.50.80	af_Q2G2P2_252_379_3.40.50.80	7.584E+00	0.045	23	136	246	527	7	121	128	127	0.211	0.898
LOKIASV2_4403_ESMFold_NAD-dependent_succinate-semialdehyde_dehydrogenase	1vhkA02	1vhkA02	1.953E+00	0.045	23	136	246	527	2	107	160	121	0.211	0.663
LOKIASV2_4403_ESMFold_NAD-dependent_succinate-semialdehyde_dehydrogenase	af_Q9HBY0_387_568_3.40.50.80	af_Q9HBY0_387_568_3.40.50.80	6.248E-01	0.045	23	137	301	527	13	163	182	194	0.313	0.830
LOKIASV2_4403_ESMFold_NAD-dependent_succinate-semialdehyde_dehydrogenase	af_Q4CWB6_396_583_3.40.50.720	af_Q4CWB6_396_583_3.40.50.720	2.562E+00	0.045	23	137	322	527	2	180	188	228	0.353	0.952
LOKIASV2_4403_ESMFold_NAD-dependent_succinate-semialdehyde_dehydrogenase	af_A0A1D6IF36_1_203_3.40.50.2000	af_A0A1D6IF36_1_203_3.40.50.2000	5.782E+00	0.045	23	138	270	527	2	152	203	164	0.252	0.744
LOKIASV2_4403_ESMFold_NAD-dependent_succinate-semialdehyde_dehydrogenase	af_O94752_189_449_3.40.50.10260	af_O94752_189_449_3.40.50.10260	1.018E+00	0.045	23	71	247	527	32	233	261	235	0.336	0.774
LOKIASV2_4403_ESMFold_NAD-dependent_succinate-semialdehyde_dehydrogenase	af_Q8N3Y7_32_292_3.40.50.720	af_Q8N3Y7_32_292_3.40.50.720	2.298E+00	0.045	23	136	254	527	2	192	261	202	0.226	0.732
LOKIASV2_4403_ESMFold_NAD-dependent_succinate-semialdehyde_dehydrogenase	af_P9WJN1_3_287_3.40.50.10320	af_P9WJN1_3_287_3.40.50.10320	1.660E+00	0.045	23	139	270	527	3	191	285	198	0.250	0.663
LOKIASV2_4403_ESMFold_NAD-dependent_succinate-semialdehyde_dehydrogenase	af_A0A1D8PM93_214_508_3.40.50.10260	af_A0A1D8PM93_214_508_3.40.50.10260	8.653E-01	0.045	23	9	220	527	12	165	295	223	0.402	0.522
LOKIASV2_4403_ESMFold_NAD-dependent_succinate-semialdehyde_dehydrogenase	af_A4HWQ4_359_657_3.40.50.300	af_A4HWQ4_359_657_3.40.50.300	1.336E+00	0.045	23	249	432	527	2	174	299	227	0.349	0.579
LOKIASV2_4403_ESMFold_NAD-dependent_succinate-semialdehyde_dehydrogenase	af_Q3UNZ8_155_284_3.40.50.720	af_Q3UNZ8_155_284_3.40.50.720	7.184E+00	0.040	22	136	246	527	8	109	130	122	0.211	0.785
LOKIASV2_4403_ESMFold_NAD-dependent_succinate-semialdehyde_dehydrogenase	af_O94631_143_301_3.40.1280.10	af_O94631_143_301_3.40.1280.10	1.850E+00	0.040	22	247	468	527	3	159	159	240	0.421	0.987
LOKIASV2_4403_ESMFold_NAD-dependent_succinate-semialdehyde_dehydrogenase	3oy2B01	3oy2B01	2.562E+00	0.040	22	139	298	527	2	151	160	181	0.304	0.938
LOKIASV2_4403_ESMFold_NAD-dependent_succinate-semialdehyde_dehydrogenase	af_P0AGJ5_179_345_3.40.1280.10	af_P0AGJ5_179_345_3.40.1280.10	8.196E-01	0.040	22	247	395	527	16	124	167	156	0.283	0.653
LOKIASV2_4403_ESMFold_NAD-dependent_succinate-semialdehyde_dehydrogenase	3c0kB03	3c0kB03	3.746E+00	0.040	22	136	248	527	38	146	208	134	0.214	0.524
LOKIASV2_4403_ESMFold_NAD-dependent_succinate-semialdehyde_dehydrogenase	af_Q9LNB3_1_212_3.40.50.150	af_Q9LNB3_1_212_3.40.50.150	7.584E+00	0.040	22	137	244	527	42	148	212	122	0.205	0.505
LOKIASV2_4403_ESMFold_NAD-dependent_succinate-semialdehyde_dehydrogenase	2iyfA01	2iyfA01	7.584E+00	0.040	22	140	246	527	2	125	226	142	0.203	0.549
LOKIASV2_4403_ESMFold_NAD-dependent_succinate-semialdehyde_dehydrogenase	1q8jB02	1q8jB02	4.175E+00	0.040	22	140	242	527	109	225	248	121	0.195	0.472
LOKIASV2_4403_ESMFold_NAD-dependent_succinate-semialdehyde_dehydrogenase	af_Q2G0F3_2_260_3.40.50.1820	af_Q2G0F3_2_260_3.40.50.1820	8.196E-01	0.040	22	129	440	527	9	242	259	340	0.592	0.903
LOKIASV2_4403_ESMFold_NAD-dependent_succinate-semialdehyde_dehydrogenase	af_P11290_1_267_3.90.550.10	af_P11290_1_267_3.90.550.10	5.187E+00	0.040	22	136	221	527	4	91	267	99	0.163	0.330
LOKIASV2_4403_ESMFold_NAD-dependent_succinate-semialdehyde_dehydrogenase	af_Q5M875_26_292_3.40.50.720	af_Q5M875_26_292_3.40.50.720	2.426E+00	0.040	22	137	288	527	10	195	267	206	0.288	0.697
LOKIASV2_4403_ESMFold_NAD-dependent_succinate-semialdehyde_dehydrogenase	af_Q4CRA8_1_295_3.40.50.150	af_Q4CRA8_1_295_3.40.50.150	7.184E+00	0.040	22	140	244	527	70	192	295	128	0.199	0.417
LOKIASV2_4403_ESMFold_NAD-dependent_succinate-semialdehyde_dehydrogenase	af_Q8BYR1_3_315_3.40.50.150	af_Q8BYR1_3_315_3.40.50.150	2.562E+00	0.040	22	34	246	527	2	215	313	259	0.404	0.684
LOKIASV2_4403_ESMFold_NAD-dependent_succinate-semialdehyde_dehydrogenase	3raoB00	3raoB00	5.309E-01	0.040	22	157	395	527	99	326	342	292	0.454	0.667
LOKIASV2_4403_ESMFold_NAD-dependent_succinate-semialdehyde_dehydrogenase	2z5lA00	2z5lA00	4.047E-01	0.040	22	131	302	527	8	254	453	263	0.326	0.545
LOKIASV2_4403_ESMFold_NAD-dependent_succinate-semialdehyde_dehydrogenase	af_Q9XUC3_2_154_3.40.50.20	af_Q9XUC3_2_154_3.40.50.20	4.913E+00	0.034	21	137	221	527	29	118	153	102	0.161	0.588
LOKIASV2_4403_ESMFold_NAD-dependent_succinate-semialdehyde_dehydrogenase	af_Q4DJM7_134_301_3.40.50.720	af_Q4DJM7_134_301_3.40.50.720	8.007E+00	0.034	21	137	253	527	12	111	168	123	0.222	0.595
LOKIASV2_4403_ESMFold_NAD-dependent_succinate-semialdehyde_dehydrogenase	af_F1LPQ2_1520_1723_3.40.50.300	af_F1LPQ2_1520_1723_3.40.50.300	7.184E+00	0.034	21	250	432	527	2	184	204	219	0.347	0.897
LOKIASV2_4403_ESMFold_NAD-dependent_succinate-semialdehyde_dehydrogenase	af_Q8BZB2_1_204_3.40.50.1950	af_Q8BZB2_1_204_3.40.50.1950	7.184E+00	0.034	21	137	244	527	17	135	204	132	0.205	0.583
LOKIASV2_4403_ESMFold_NAD-dependent_succinate-semialdehyde_dehydrogenase	af_A0A1D8PSP9_76_290_3.40.50.150	af_A0A1D8PSP9_76_290_3.40.50.150	7.584E+00	0.034	21	138	249	527	30	178	215	154	0.213	0.693
LOKIASV2_4403_ESMFold_NAD-dependent_succinate-semialdehyde_dehydrogenase	5du2A01	5du2A01	8.007E+00	0.034	21	140	248	527	4	121	221	134	0.207	0.534
LOKIASV2_4403_ESMFold_NAD-dependent_succinate-semialdehyde_dehydrogenase	af_I1K6T6_92_324_3.40.50.150	af_I1K6T6_92_324_3.40.50.150	2.855E+00	0.034	21	65	360	527	4	224	233	316	0.562	0.948
LOKIASV2_4403_ESMFold_NAD-dependent_succinate-semialdehyde_dehydrogenase	af_P0AED7_3_244_3.40.630.10	af_P0AED7_3_244_3.40.630.10	1.075E+00	0.034	21	76	203	527	3	162	242	173	0.243	0.661
LOKIASV2_4403_ESMFold_NAD-dependent_succinate-semialdehyde_dehydrogenase	af_Q5A1C0_1_261_3.40.50.720	af_Q5A1C0_1_261_3.40.50.720	4.408E+00	0.034	21	135	297	527	3	217	261	235	0.309	0.824
LOKIASV2_4403_ESMFold_NAD-dependent_succinate-semialdehyde_dehydrogenase	af_P53878_45_376_3.40.50.720	af_P53878_45_376_3.40.50.720	6.596E-01	0.034	21	135	387	527	3	229	332	288	0.480	0.684
LOKIASV2_4403_ESMFold_NAD-dependent_succinate-semialdehyde_dehydrogenase	af_Q9FHG3_280_619_3.90.550.10	af_Q9FHG3_280_619_3.90.550.10	1.135E+00	0.034	21	34	203	527	11	202	340	223	0.323	0.565
LOKIASV2_4403_ESMFold_NAD-dependent_succinate-semialdehyde_dehydrogenase	af_P53966_86_447_3.90.550.10	af_P53966_86_447_3.90.550.10	3.746E+00	0.034	21	250	342	527	3	93	362	105	0.176	0.251
LOKIASV2_4403_ESMFold_NAD-dependent_succinate-semialdehyde_dehydrogenase	af_P9WNZ1_7_185_3.40.50.1950	af_P9WNZ1_7_185_3.40.50.1950	4.408E+00	0.029	20	137	253	527	2	114	179	136	0.222	0.631
LOKIASV2_4403_ESMFold_NAD-dependent_succinate-semialdehyde_dehydrogenase	af_C0P791_2_201_3.40.50.2000	af_C0P791_2_201_3.40.50.2000	8.007E+00	0.029	20	137	246	527	6	149	200	154	0.209	0.720
LOKIASV2_4403_ESMFold_NAD-dependent_succinate-semialdehyde_dehydrogenase	af_Q58849_1_219_3.20.20.70	af_Q58849_1_219_3.20.20.70	2.062E+00	0.029	20	143	307	527	2	164	219	188	0.313	0.744
LOKIASV2_4403_ESMFold_NAD-dependent_succinate-semialdehyde_dehydrogenase	af_Q9RQP9_29_257_3.90.550.10	af_Q9RQP9_29_257_3.90.550.10	4.913E+00	0.029	20	117	236	527	9	155	229	166	0.228	0.642
LOKIASV2_4403_ESMFold_NAD-dependent_succinate-semialdehyde_dehydrogenase	af_Q58619_2_238_3.90.550.10	af_Q58619_2_238_3.90.550.10	7.584E+00	0.029	20	140	212	527	18	82	237	74	0.139	0.274
LOKIASV2_4403_ESMFold_NAD-dependent_succinate-semialdehyde_dehydrogenase	af_Q2FXK4_2_247_3.20.20.190	af_Q2FXK4_2_247_3.20.20.190	1.660E+00	0.029	20	158	310	527	103	217	246	162	0.290	0.467
LOKIASV2_4403_ESMFold_NAD-dependent_succinate-semialdehyde_dehydrogenase	2c1xA01	2c1xA01	2.177E+00	0.029	20	139	430	527	2	227	257	338	0.554	0.879
LOKIASV2_4403_ESMFold_NAD-dependent_succinate-semialdehyde_dehydrogenase	af_O33263_1_266_3.40.50.720	af_O33263_1_266_3.40.50.720	2.562E+00	0.029	20	137	306	527	5	208	266	232	0.323	0.767
LOKIASV2_4403_ESMFold_NAD-dependent_succinate-semialdehyde_dehydrogenase	af_F4JJR8_49_355_3.40.50.720	af_F4JJR8_49_355_3.40.50.720	2.426E+00	0.029	20	140	304	527	10	249	307	248	0.313	0.782
LOKIASV2_4403_ESMFold_NAD-dependent_succinate-semialdehyde_dehydrogenase	af_Q8SZ46_42_353_3.40.50.720	af_Q8SZ46_42_353_3.40.50.720	4.175E+00	0.029	20	135	286	527	4	218	312	225	0.288	0.689
LOKIASV2_4403_ESMFold_NAD-dependent_succinate-semialdehyde_dehydrogenase	af_Q4DVQ0_88_418_3.40.50.150	af_Q4DVQ0_88_418_3.40.50.150	4.175E+00	0.029	20	52	246	527	12	227	331	251	0.370	0.653
LOKIASV2_4403_ESMFold_NAD-dependent_succinate-semialdehyde_dehydrogenase	af_P56258_1_356_3.40.50.2000	af_P56258_1_356_3.40.50.2000	1.660E+00	0.029	20	141	431	527	2	292	356	385	0.552	0.817
LOKIASV2_4403_ESMFold_NAD-dependent_succinate-semialdehyde_dehydrogenase	af_I1JAB3_439_806_3.40.50.12370	af_I1JAB3_439_806_3.40.50.12370	1.752E+00	0.029	20	139	479	527	15	344	368	445	0.647	0.897
LOKIASV2_4403_ESMFold_NAD-dependent_succinate-semialdehyde_dehydrogenase	af_I1LW58_434_813_3.40.50.12370	af_I1LW58_434_813_3.40.50.12370	8.196E-01	0.029	20	136	411	527	12	312	380	366	0.524	0.792
LOKIASV2_4403_ESMFold_NAD-dependent_succinate-semialdehyde_dehydrogenase	af_P45895_285_804_3.90.550.10	af_P45895_285_804_3.90.550.10	5.187E+00	0.029	20	134	201	527	224	307	520	89	0.129	0.162
LOKIASV2_4403_ESMFold_NAD-dependent_succinate-semialdehyde_dehydrogenase	af_Q6K8F2_1_591_3.90.550.10	af_Q6K8F2_1_591_3.90.550.10	5.187E+00	0.029	20	98	240	527	132	277	591	168	0.271	0.247
LOKIASV2_4403_ESMFold_NAD-dependent_succinate-semialdehyde_dehydrogenase	1y3hA01	1y3hA01	6.804E+00	0.024	19	139	260	527	2	73	131	122	0.231	0.550
LOKIASV2_4403_ESMFold_NAD-dependent_succinate-semialdehyde_dehydrogenase	af_A4I589_392_536_3.40.50.80	af_A4I589_392_536_3.40.50.80	1.265E+00	0.024	19	138	304	527	4	133	145	182	0.317	0.897
LOKIASV2_4403_ESMFold_NAD-dependent_succinate-semialdehyde_dehydrogenase	af_E7F9M6_15_179_3.40.50.450	af_E7F9M6_15_179_3.40.50.450	4.175E+00	0.024	19	140	250	527	3	152	165	160	0.211	0.909
LOKIASV2_4403_ESMFold_NAD-dependent_succinate-semialdehyde_dehydrogenase	af_Q4CP19_201_380_3.40.50.300	af_Q4CP19_201_380_3.40.50.300	8.454E+00	0.024	19	248	439	527	2	173	180	228	0.364	0.956
LOKIASV2_4403_ESMFold_NAD-dependent_succinate-semialdehyde_dehydrogenase	af_P33751_55_242_3.40.50.1950	af_P33751_55_242_3.40.50.1950	9.423E+00	0.024	19	138	246	527	1	120	188	132	0.207	0.638
LOKIASV2_4403_ESMFold_NAD-dependent_succinate-semialdehyde_dehydrogenase	af_Q9UT94_16_227_3.40.50.150	af_Q9UT94_16_227_3.40.50.150	8.454E+00	0.024	19	93	225	527	7	118	212	141	0.252	0.528
LOKIASV2_4403_ESMFold_NAD-dependent_succinate-semialdehyde_dehydrogenase	af_A0A1D6E5M7_314_533_3.40.50.10810	af_A0A1D6E5M7_314_533_3.40.50.10810	4.913E+00	0.024	19	252	434	527	48	198	220	215	0.347	0.686
LOKIASV2_4403_ESMFold_NAD-dependent_succinate-semialdehyde_dehydrogenase	3otgA01	3otgA01	2.177E+00	0.024	19	138	305	527	2	162	221	219	0.319	0.729
LOKIASV2_4403_ESMFold_NAD-dependent_succinate-semialdehyde_dehydrogenase	af_G5EBG7_70_294_3.90.550.10	af_G5EBG7_70_294_3.90.550.10	5.477E+00	0.024	19	139	246	527	4	103	225	126	0.205	0.444
LOKIASV2_4403_ESMFold_NAD-dependent_succinate-semialdehyde_dehydrogenase	3d3kB00	3d3kB00	4.175E+00	0.024	19	12	254	527	3	187	233	270	0.461	0.794
LOKIASV2_4403_ESMFold_NAD-dependent_succinate-semialdehyde_dehydrogenase	af_Q54XQ9_524_764_3.90.550.10	af_Q54XQ9_524_764_3.90.550.10	8.454E+00	0.024	19	136	221	527	23	112	241	96	0.163	0.373
LOKIASV2_4403_ESMFold_NAD-dependent_succinate-semialdehyde_dehydrogenase	af_A0A1D6M7J2_18_279_3.40.50.2000	af_A0A1D6M7J2_18_279_3.40.50.2000	3.548E+00	0.024	19	136	432	527	5	249	262	354	0.564	0.935
LOKIASV2_4403_ESMFold_NAD-dependent_succinate-semialdehyde_dehydrogenase	af_Q7KWM9_8_331_3.90.245.10	af_Q7KWM9_8_331_3.90.245.10	3.834E-01	0.024	19	217	398	527	125	314	324	222	0.345	0.586
LOKIASV2_4403_ESMFold_NAD-dependent_succinate-semialdehyde_dehydrogenase	af_Q54J74_22_368_3.40.50.150	af_Q54J74_22_368_3.40.50.150	5.477E+00	0.024	19	52	244	527	20	235	347	247	0.366	0.622
LOKIASV2_4403_ESMFold_NAD-dependent_succinate-semialdehyde_dehydrogenase	af_Q9CAN3_274_654_3.40.50.150	af_Q9CAN3_274_654_3.40.50.150	7.184E+00	0.024	19	33	250	527	17	239	381	255	0.414	0.585
LOKIASV2_4403_ESMFold_NAD-dependent_succinate-semialdehyde_dehydrogenase	af_P07702_958_1359_3.40.50.720	af_P07702_958_1359_3.40.50.720	2.855E+00	0.024	19	136	288	527	9	219	402	228	0.290	0.525
LOKIASV2_4403_ESMFold_NAD-dependent_succinate-semialdehyde_dehydrogenase	af_Q2FXH9_1_469_3.40.630.10	af_Q2FXH9_1_469_3.40.630.10	2.062E+00	0.024	19	61	147	527	2	85	469	93	0.165	0.179
LOKIASV2_4403_ESMFold_NAD-dependent_succinate-semialdehyde_dehydrogenase	4a27B02	4a27B02	4.408E+00	0.020	18	136	244	527	20	118	152	126	0.207	0.651
LOKIASV2_4403_ESMFold_NAD-dependent_succinate-semialdehyde_dehydrogenase	af_C6TCU8_69_240_3.40.1280.10	af_C6TCU8_69_240_3.40.1280.10	2.562E+00	0.020	18	247	441	527	7	156	172	213	0.370	0.872
LOKIASV2_4403_ESMFold_NAD-dependent_succinate-semialdehyde_dehydrogenase	af_Q566V3_221_422_3.40.1280.10	af_Q566V3_221_422_3.40.1280.10	2.298E+00	0.020	18	247	441	527	6	189	202	230	0.370	0.911
LOKIASV2_4403_ESMFold_NAD-dependent_succinate-semialdehyde_dehydrogenase	3uxlA02	3uxlA02	3.548E+00	0.020	18	123	305	527	3	169	230	200	0.347	0.726
LOKIASV2_4403_ESMFold_NAD-dependent_succinate-semialdehyde_dehydrogenase	af_K7U3E5_26_278_3.40.50.720	af_K7U3E5_26_278_3.40.50.720	4.175E+00	0.020	18	133	251	527	2	194	253	202	0.226	0.763
LOKIASV2_4403_ESMFold_NAD-dependent_succinate-semialdehyde_dehydrogenase	2yc8C00	2yc8C00	1.489E+00	0.020	18	137	387	527	3	236	254	281	0.476	0.921
LOKIASV2_4403_ESMFold_NAD-dependent_succinate-semialdehyde_dehydrogenase	6eqfA00	6eqfA00	3.548E+00	0.020	18	130	298	527	37	193	269	197	0.321	0.584
LOKIASV2_4403_ESMFold_NAD-dependent_succinate-semialdehyde_dehydrogenase	af_A0PJE2_34_316_3.40.50.720	af_A0PJE2_34_316_3.40.50.720	5.782E+00	0.020	18	136	302	527	4	218	283	236	0.317	0.760
LOKIASV2_4403_ESMFold_NAD-dependent_succinate-semialdehyde_dehydrogenase	3zzgB00	3zzgB00	5.477E+00	0.020	18	248	441	527	35	274	289	264	0.368	0.830
LOKIASV2_4403_ESMFold_NAD-dependent_succinate-semialdehyde_dehydrogenase	5a0tB01	5a0tB01	7.184E+00	0.020	18	136	199	527	197	265	293	72	0.121	0.235
LOKIASV2_4403_ESMFold_NAD-dependent_succinate-semialdehyde_dehydrogenase	af_Q9M2K7_135_456_3.90.550.10	af_Q9M2K7_135_456_3.90.550.10	5.477E+00	0.020	18	251	399	527	6	141	322	174	0.283	0.422
LOKIASV2_4403_ESMFold_NAD-dependent_succinate-semialdehyde_dehydrogenase	5efzB00	5efzB00	9.135E-01	0.020	18	129	440	527	30	324	345	372	0.592	0.855
LOKIASV2_4403_ESMFold_NAD-dependent_succinate-semialdehyde_dehydrogenase	af_Q2G0E1_2_140_3.40.50.720	af_Q2G0E1_2_140_3.40.50.720	6.104E+00	0.016	17	142	244	527	3	133	139	150	0.195	0.942
LOKIASV2_4403_ESMFold_NAD-dependent_succinate-semialdehyde_dehydrogenase	af_E9AH73_281_472_3.40.1280.10	af_E9AH73_281_472_3.40.1280.10	6.964E-01	0.016	17	249	398	527	2	153	192	190	0.285	0.792
LOKIASV2_4403_ESMFold_NAD-dependent_succinate-semialdehyde_dehydrogenase	af_I1KMX1_1_216_3.40.50.1820	af_I1KMX1_1_216_3.40.50.1820	3.015E+00	0.016	17	114	244	527	4	125	216	157	0.249	0.565
LOKIASV2_4403_ESMFold_NAD-dependent_succinate-semialdehyde_dehydrogenase	3ru7A01	3ru7A01	4.913E+00	0.016	17	137	432	527	16	217	234	319	0.562	0.863
LOKIASV2_4403_ESMFold_NAD-dependent_succinate-semialdehyde_dehydrogenase	af_I1JV54_91_333_3.40.50.10260	af_I1JV54_91_333_3.40.50.10260	3.548E+00	0.016	17	30	289	527	4	194	243	281	0.493	0.786
LOKIASV2_4403_ESMFold_NAD-dependent_succinate-semialdehyde_dehydrogenase	4y90A00	4y90A00	5.187E+00	0.016	17	140	244	527	122	226	244	122	0.199	0.430
LOKIASV2_4403_ESMFold_NAD-dependent_succinate-semialdehyde_dehydrogenase	af_Q96F86_250_508_3.40.50.10260	af_Q96F86_250_508_3.40.50.10260	5.782E+00	0.016	17	27	244	527	29	192	259	244	0.414	0.633
LOKIASV2_4403_ESMFold_NAD-dependent_succinate-semialdehyde_dehydrogenase	1z6zA00	1z6zA00	5.477E+00	0.016	17	136	304	527	6	240	264	252	0.321	0.890
LOKIASV2_4403_ESMFold_NAD-dependent_succinate-semialdehyde_dehydrogenase	af_A4IDK8_19_291_3.40.50.720	af_A4IDK8_19_291_3.40.50.720	4.408E+00	0.016	17	138	392	527	11	263	273	323	0.484	0.927
LOKIASV2_4403_ESMFold_NAD-dependent_succinate-semialdehyde_dehydrogenase	1ehyB00	1ehyB00	4.408E+00	0.016	17	114	248	527	8	130	282	151	0.256	0.436
LOKIASV2_4403_ESMFold_NAD-dependent_succinate-semialdehyde_dehydrogenase	2puhA00	2puhA00	2.062E+00	0.016	17	111	432	527	3	256	283	366	0.611	0.898
LOKIASV2_4403_ESMFold_NAD-dependent_succinate-semialdehyde_dehydrogenase	af_P91871_1158_1483_3.40.50.150	af_P91871_1158_1483_3.40.50.150	2.426E+00	0.016	17	33	246	527	27	256	326	272	0.406	0.706
LOKIASV2_4403_ESMFold_NAD-dependent_succinate-semialdehyde_dehydrogenase	af_K7K9D1_92_423_2.60.120.260	af_K7K9D1_92_423_2.60.120.260	8.454E+00	0.016	17	135	191	527	53	111	332	64	0.108	0.178
LOKIASV2_4403_ESMFold_NAD-dependent_succinate-semialdehyde_dehydrogenase	af_Q9SAK8_421_783_3.40.50.12370	af_Q9SAK8_421_783_3.40.50.12370	3.183E+00	0.016	17	136	411	527	9	309	363	365	0.524	0.829
LOKIASV2_4403_ESMFold_NAD-dependent_succinate-semialdehyde_dehydrogenase	3t5pC01	3t5pC01	7.184E+00	0.014	16	137	246	527	6	92	134	122	0.209	0.649
LOKIASV2_4403_ESMFold_NAD-dependent_succinate-semialdehyde_dehydrogenase	3reqB02	3reqB02	9.423E+00	0.014	16	142	244	527	13	117	135	115	0.195	0.778
LOKIASV2_4403_ESMFold_NAD-dependent_succinate-semialdehyde_dehydrogenase	6e8yA01	6e8yA01	1.752E+00	0.014	16	247	432	527	1	183	187	235	0.353	0.979
LOKIASV2_4403_ESMFold_NAD-dependent_succinate-semialdehyde_dehydrogenase	af_P9WJY7_198_393_1.20.1250.20	af_P9WJY7_198_393_1.20.1250.20	3.955E+00	0.014	16	47	239	527	2	178	196	229	0.366	0.903
LOKIASV2_4403_ESMFold_NAD-dependent_succinate-semialdehyde_dehydrogenase	af_A1L4V7_217_421_3.40.50.1100	af_A1L4V7_217_421_3.40.50.1100	7.184E+00	0.014	16	136	201	527	53	131	205	84	0.125	0.385
LOKIASV2_4403_ESMFold_NAD-dependent_succinate-semialdehyde_dehydrogenase	af_B0BNM1_50_282_3.40.50.10260	af_B0BNM1_50_282_3.40.50.10260	2.562E+00	0.014	16	29	247	527	3	204	233	278	0.416	0.867
LOKIASV2_4403_ESMFold_NAD-dependent_succinate-semialdehyde_dehydrogenase	4nvtA00	4nvtA00	2.177E+00	0.014	16	137	398	527	3	219	249	308	0.497	0.871
LOKIASV2_4403_ESMFold_NAD-dependent_succinate-semialdehyde_dehydrogenase	4x22A00	4x22A00	2.855E+00	0.014	16	142	317	527	4	208	249	228	0.334	0.823
LOKIASV2_4403_ESMFold_NAD-dependent_succinate-semialdehyde_dehydrogenase	af_Q9FYR8_55_359_3.90.550.10	af_Q9FYR8_55_359_3.90.550.10	9.423E+00	0.014	16	135	191	527	49	109	305	67	0.108	0.200
LOKIASV2_4403_ESMFold_NAD-dependent_succinate-semialdehyde_dehydrogenase	af_Q9S7H5_50_413_3.40.50.150	af_Q9S7H5_50_413_3.40.50.150	8.007E+00	0.014	16	58	244	527	5	232	364	255	0.355	0.626
LOKIASV2_4403_ESMFold_NAD-dependent_succinate-semialdehyde_dehydrogenase	af_B4FRH7_21_490_3.90.550.10	af_B4FRH7_21_490_3.90.550.10	3.015E+00	0.014	16	57	201	527	5	193	470	213	0.275	0.402
LOKIASV2_4403_ESMFold_NAD-dependent_succinate-semialdehyde_dehydrogenase	2pjrA01	2pjrA01	8.925E+00	0.011	15	247	434	527	14	163	194	207	0.357	0.773
LOKIASV2_4403_ESMFold_NAD-dependent_succinate-semialdehyde_dehydrogenase	3wadA01	3wadA01	4.408E+00	0.011	15	139	318	527	2	165	229	229	0.342	0.716
LOKIASV2_4403_ESMFold_NAD-dependent_succinate-semialdehyde_dehydrogenase	3ugvE02	3ugvE02	7.584E+00	0.011	15	123	247	527	3	156	236	164	0.237	0.653
LOKIASV2_4403_ESMFold_NAD-dependent_succinate-semialdehyde_dehydrogenase	3b8iC00	3b8iC00	3.183E+00	0.011	15	154	342	527	66	250	278	221	0.359	0.665
LOKIASV2_4403_ESMFold_NAD-dependent_succinate-semialdehyde_dehydrogenase	3b12A00	3b12A00	3.360E+00	0.011	15	113	440	527	2	275	294	367	0.622	0.932
LOKIASV2_4403_ESMFold_NAD-dependent_succinate-semialdehyde_dehydrogenase	4mebB00	4mebB00	6.445E+00	0.011	15	99	222	527	13	157	324	152	0.235	0.448
LOKIASV2_4403_ESMFold_NAD-dependent_succinate-semialdehyde_dehydrogenase	af_P0CG16_472_796_3.40.50.12370	af_P0CG16_472_796_3.40.50.12370	3.548E+00	0.011	15	140	473	527	12	319	325	416	0.634	0.948
LOKIASV2_4403_ESMFold_NAD-dependent_succinate-semialdehyde_dehydrogenase	af_Q9VKS9_88_453_3.40.50.1820	af_Q9VKS9_88_453_3.40.50.1820	2.426E+00	0.011	15	95	303	527	1	217	366	269	0.397	0.593
LOKIASV2_4403_ESMFold_NAD-dependent_succinate-semialdehyde_dehydrogenase	af_A0A1D6HHV6_443_827_3.40.50.12370	af_A0A1D6HHV6_443_827_3.40.50.12370	3.746E+00	0.011	15	141	504	527	15	359	385	450	0.691	0.896
LOKIASV2_4403_ESMFold_NAD-dependent_succinate-semialdehyde_dehydrogenase	1xi3B00	1xi3B00	5.782E+00	0.010	14	141	298	527	8	169	202	193	0.300	0.802
LOKIASV2_4403_ESMFold_NAD-dependent_succinate-semialdehyde_dehydrogenase	af_P9WLF1_25_300_3.20.20.190	af_P9WLF1_25_300_3.20.20.190	2.705E+00	0.010	14	157	440	527	106	273	276	287	0.539	0.609
LOKIASV2_4403_ESMFold_NAD-dependent_succinate-semialdehyde_dehydrogenase	3kd2B01	3kd2B01	9.949E+00	0.010	14	115	222	527	3	120	284	125	0.205	0.415
LOKIASV2_4403_ESMFold_NAD-dependent_succinate-semialdehyde_dehydrogenase	af_Q9W404_65_353_3.40.50.720	af_Q9W404_65_353_3.40.50.720	9.949E+00	0.010	14	136	321	527	7	256	289	274	0.353	0.865
LOKIASV2_4403_ESMFold_NAD-dependent_succinate-semialdehyde_dehydrogenase	5ng7B00	5ng7B00	2.426E+00	0.010	14	112	389	527	2	264	290	333	0.528	0.907
LOKIASV2_4403_ESMFold_NAD-dependent_succinate-semialdehyde_dehydrogenase	5mkpA00	5mkpA00	6.445E+00	0.010	14	97	234	527	27	172	307	180	0.262	0.476
LOKIASV2_4403_ESMFold_NAD-dependent_succinate-semialdehyde_dehydrogenase	af_Q9VKT2_32_388_3.40.50.1820	af_Q9VKT2_32_388_3.40.50.1820	4.654E+00	0.010	14	97	452	527	3	344	357	435	0.676	0.958
LOKIASV2_4403_ESMFold_NAD-dependent_succinate-semialdehyde_dehydrogenase	af_E7F9M6_18_383_3.40.50.450	af_E7F9M6_18_383_3.40.50.450	4.408E+00	0.010	14	141	466	527	2	334	366	430	0.619	0.910
LOKIASV2_4403_ESMFold_NAD-dependent_succinate-semialdehyde_dehydrogenase	af_A0A0R0LCZ4_378_558_3.40.50.720	af_A0A0R0LCZ4_378_558_3.40.50.720	7.184E+00	0.009	13	136	302	527	30	142	181	173	0.317	0.624
LOKIASV2_4403_ESMFold_NAD-dependent_succinate-semialdehyde_dehydrogenase	af_A0A1D8PEU2_41_245_3.40.50.10320	af_A0A1D8PEU2_41_245_3.40.50.10320	6.104E+00	0.009	13	117	387	527	15	202	205	298	0.514	0.917
LOKIASV2_4403_ESMFold_NAD-dependent_succinate-semialdehyde_dehydrogenase	af_F1R8D4_802_1032_3.40.525.10	af_F1R8D4_802_1032_3.40.525.10	7.184E+00	0.009	13	248	434	527	39	221	231	221	0.355	0.792
LOKIASV2_4403_ESMFold_NAD-dependent_succinate-semialdehyde_dehydrogenase	3cpxA01	3cpxA01	5.477E+00	0.009	13	98	246	527	24	187	241	199	0.283	0.680
LOKIASV2_4403_ESMFold_NAD-dependent_succinate-semialdehyde_dehydrogenase	af_Q9VEU9_80_321_3.20.20.190	af_Q9VEU9_80_321_3.20.20.190	6.104E+00	0.009	13	163	310	527	96	217	242	152	0.281	0.504
LOKIASV2_4403_ESMFold_NAD-dependent_succinate-semialdehyde_dehydrogenase	af_A0A144A4G4_1_248_3.20.20.70	af_A0A144A4G4_1_248_3.20.20.70	4.654E+00	0.009	13	218	441	527	38	243	248	266	0.425	0.831
LOKIASV2_4403_ESMFold_NAD-dependent_succinate-semialdehyde_dehydrogenase	af_O77370_97_356_3.20.20.70	af_O77370_97_356_3.20.20.70	7.584E+00	0.009	13	137	336	527	7	234	260	255	0.380	0.877
LOKIASV2_4403_ESMFold_NAD-dependent_succinate-semialdehyde_dehydrogenase	af_Q0DKB2_23_303_3.40.50.2000	af_Q0DKB2_23_303_3.40.50.2000	6.104E+00	0.009	13	137	444	527	7	268	281	345	0.584	0.932
LOKIASV2_4403_ESMFold_NAD-dependent_succinate-semialdehyde_dehydrogenase	af_Q9W0S9_441_941_3.40.50.12780	af_Q9W0S9_441_941_3.40.50.12780	2.298E+00	0.009	13	136	309	527	70	310	501	255	0.330	0.481
LOKIASV2_4403_ESMFold_NAD-dependent_succinate-semialdehyde_dehydrogenase	af_P23908_15_171_3.40.630.10	af_P23908_15_171_3.40.630.10	8.007E+00	0.008	12	98	203	527	22	157	157	145	0.201	0.866
LOKIASV2_4403_ESMFold_NAD-dependent_succinate-semialdehyde_dehydrogenase	af_P43123_1_476_3.90.550.10	af_P43123_1_476_3.90.550.10	6.804E+00	0.008	12	64	246	527	3	250	476	281	0.347	0.521
LOKIASV2_4403_ESMFold_NAD-dependent_succinate-semialdehyde_dehydrogenase	af_Q54GN5_2_485_3.90.550.10	af_Q54GN5_2_485_3.90.550.10	5.782E+00	0.008	12	52	246	527	2	253	484	289	0.370	0.521
LOKIASV2_4403_ESMFold_NAD-dependent_succinate-semialdehyde_dehydrogenase	3kxpG00	3kxpG00	8.925E+00	0.007	11	116	441	527	4	250	265	355	0.619	0.932
LOKIASV2_4403_ESMFold_NAD-dependent_succinate-semialdehyde_dehydrogenase	3zq4E01	3zq4E01	6.804E+00	0.007	11	233	476	527	53	288	292	302	0.463	0.808
LOKIASV2_4403_ESMFold_NAD-dependent_succinate-semialdehyde_dehydrogenase	af_A0A1D6FH69_648_967_3.60.15.10	af_A0A1D6FH69_648_967_3.60.15.10	3.360E+00	0.007	11	152	434	527	49	286	320	324	0.537	0.744
LOKIASV2_4403_ESMFold_NAD-dependent_succinate-semialdehyde_dehydrogenase	af_Q7ZWD4_2_438_3.90.550.10	af_Q7ZWD4_2_438_3.90.550.10	6.104E+00	0.007	11	36	393	527	2	402	437	462	0.679	0.918
LOKIASV2_4403_ESMFold_NAD-dependent_succinate-semialdehyde_dehydrogenase	af_I1KAF3_13_467_3.90.550.10	af_I1KAF3_13_467_3.90.550.10	5.477E+00	0.007	11	34	388	527	2	408	455	482	0.674	0.895
LOKIASV2_4403_ESMFold_NAD-dependent_succinate-semialdehyde_dehydrogenase	af_P76387_443_720_3.40.50.300	af_P76387_443_720_3.40.50.300	8.925E+00	0.000	10	179	434	527	63	255	278	293	0.486	0.694
LOKIASV2_4403_ESMFold_NAD-dependent_succinate-semialdehyde_dehydrogenase	af_O16467_341_658_3.40.50.1110	af_O16467_341_658_3.40.50.1110	8.454E+00	0.000	10	98	222	527	43	201	318	179	0.237	0.500
LOKIASV2_4403_ESMFold_NAD-dependent_succinate-semialdehyde_dehydrogenase	af_Q9UP65_3_516_3.40.1090.10	af_Q9UP65_3_516_3.40.1090.10	9.423E+00	0.000	10	249	524	527	39	286	514	321	0.524	0.482
LOKIASV2_4403_ESMFold_NAD-dependent_succinate-semialdehyde_dehydrogenase	af_F1QGX0_77_782_3.40.50.410	af_F1QGX0_77_782_3.40.50.410	6.445E+00	0.000	10	129	434	527	40	272	706	341	0.581	0.330
LOKIASV2_4403_ESMFold_NAD-dependent_succinate-semialdehyde_dehydrogenase	4lxhA00	4lxhA00	5.782E+00	0.000	9	115	438	527	4	258	276	398	0.615	0.924
LOKIASV2_4403_ESMFold_NAD-dependent_succinate-semialdehyde_dehydrogenase	3etcB01	3etcB01	5.477E+00	0.000	9	97	429	527	70	342	449	406	0.632	0.608
LOKIASV2_4403_ESMFold_NAD-dependent_succinate-semialdehyde_dehydrogenase	af_Q09773_142_653_3.40.50.12780	af_Q09773_142_653_3.40.50.12780	3.955E+00	0.000	9	97	424	527	52	295	512	385	0.622	0.477
LOKIASV2_4403_ESMFold_NAD-dependent_succinate-semialdehyde_dehydrogenase	4qet-assembly1.cif.gz_C	4qet-assembly1.cif.gz_C Structure of Aldehyde Dehydrogenase from Bacillus cereus, G224D mutant	3.024E-46	1.000	1766	13	477	527	33	491	491	469	0.882	0.935
LOKIASV2_4403_ESMFold_NAD-dependent_succinate-semialdehyde_dehydrogenase	5gtk-assembly1.cif.gz_A	5gtk-assembly1.cif.gz_A NAD+ complex structure of aldehyde dehydrogenase from bacillus cereus	3.875E-45	1.000	1737	13	477	527	33	491	491	468	0.882	0.935
LOKIASV2_4403_ESMFold_NAD-dependent_succinate-semialdehyde_dehydrogenase	4go3-assembly4.cif.gz_E	4go3-assembly4.cif.gz_E Crystal structure of PnpE from Pseudomonas sp. WBC-3	5.982E-45	1.000	1724	13	475	527	19	476	485	468	0.879	0.944
LOKIASV2_4403_ESMFold_NAD-dependent_succinate-semialdehyde_dehydrogenase	4o5h-assembly1.cif.gz_A	4o5h-assembly1.cif.gz_A X-ray crystal structure of a putative phenylacetaldehyde dehydrogenase from Burkholderia cenocepacia	1.087E-44	1.000	1722	9	477	527	43	511	511	474	0.890	0.918
LOKIASV2_4403_ESMFold_NAD-dependent_succinate-semialdehyde_dehydrogenase	5ez4-assembly1.cif.gz_D	5ez4-assembly1.cif.gz_D 2.11 Angstrom resolution crystal structure of betaine aldehyde dehydrogenase (betB) P449M/Y450L double mutant from Staphylococcus aureus in complex with NAD+ and BME-modified Cys289	1.626E-45	1.000	1719	9	481	527	18	493	493	485	0.898	0.966
LOKIASV2_4403_ESMFold_NAD-dependent_succinate-semialdehyde_dehydrogenase	3iwk-assembly2.cif.gz_C	3iwk-assembly2.cif.gz_C Crystal structure of aminoaldehyde dehydrogenase 1 from Pisum sativum (PsAMADH1)	1.240E-45	1.000	1719	13	487	527	18	493	495	486	0.901	0.962
LOKIASV2_4403_ESMFold_NAD-dependent_succinate-semialdehyde_dehydrogenase	4o6r-assembly1.cif.gz_D	4o6r-assembly1.cif.gz_D Crystal Structure of a Putative Aldehyde Dehydrogenase from Burkholderia cenocepacia	2.378E-45	1.000	1713	13	481	527	20	489	489	479	0.890	0.961
LOKIASV2_4403_ESMFold_NAD-dependent_succinate-semialdehyde_dehydrogenase	4qf6-assembly1.cif.gz_C	4qf6-assembly1.cif.gz_C Structure of Aldehyde Dehydrogenase from Bacillus cereus, E194S mutant	9.750E-45	1.000	1711	13	477	527	33	491	491	469	0.882	0.935
LOKIASV2_4403_ESMFold_NAD-dependent_succinate-semialdehyde_dehydrogenase	5eyu-assembly1.cif.gz_B	5eyu-assembly1.cif.gz_B 1.72 Angstrom resolution crystal structure of betaine aldehyde dehydrogenase (betB) P449M point mutant from Staphylococcus aureus in complex with NAD+ and BME-modified Cys289	4.561E-45	1.000	1708	9	481	527	16	491	491	485	0.898	0.969
LOKIASV2_4403_ESMFold_NAD-dependent_succinate-semialdehyde_dehydrogenase	6alj-assembly1.cif.gz_A	6alj-assembly1.cif.gz_A ALDH1A2 liganded with NAD and compound WIN18,446	5.367E-45	1.000	1706	13	481	527	28	492	492	476	0.890	0.945
LOKIASV2_4403_ESMFold_NAD-dependent_succinate-semialdehyde_dehydrogenase	7mjc-assembly1.cif.gz_B	7mjc-assembly1.cif.gz_B Crystal Structure Analysis of ALDH1B1	9.235E-45	1.000	1702	10	481	527	26	493	493	478	0.896	0.949
LOKIASV2_4403_ESMFold_NAD-dependent_succinate-semialdehyde_dehydrogenase	8u9b-assembly1.cif.gz_A	8u9b-assembly1.cif.gz_A Crystal Structure of Betaine aldehyde dehydrogenase (BetB) from Klebsiella aerogenes (Apo, P21 Form)	3.397E-44	1.000	1702	9	481	527	24	493	495	478	0.898	0.949
LOKIASV2_4403_ESMFold_NAD-dependent_succinate-semialdehyde_dehydrogenase	7w5k-assembly1.cif.gz_B	7w5k-assembly1.cif.gz_B The C296A mutant of L-sorbosone dehydrogenase (SNDH) from Gluconobacter Oxydans WSH-004	9.235E-45	1.000	1701	11	481	527	21	487	490	478	0.894	0.953
LOKIASV2_4403_ESMFold_NAD-dependent_succinate-semialdehyde_dehydrogenase	7swk-assembly1.cif.gz_A	7swk-assembly1.cif.gz_A NAD/NADP-dependent betaine aldehyde dehydrogenase from Klebsiella pneumoniae subsp. pneumoniae	4.704E-44	1.000	1696	9	481	527	16	485	487	479	0.898	0.965
LOKIASV2_4403_ESMFold_NAD-dependent_succinate-semialdehyde_dehydrogenase	6wsa-assembly1.cif.gz_A	6wsa-assembly1.cif.gz_A Crystal structure of a betaine aldehyde dehydrogenase from Burkholderia pseudomallei without cofactor	8.095E-44	1.000	1695	9	481	527	18	486	489	478	0.898	0.959
LOKIASV2_4403_ESMFold_NAD-dependent_succinate-semialdehyde_dehydrogenase	6bpg-assembly1.cif.gz_B	6bpg-assembly1.cif.gz_B Crystal structure of betaine aldehyde dehydrogenase from Pseudomonas aeruginosa with bound rubidium ions	8.546E-44	1.000	1691	9	481	527	18	487	489	478	0.898	0.961
LOKIASV2_4403_ESMFold_NAD-dependent_succinate-semialdehyde_dehydrogenase	8u9b-assembly3.cif.gz_C	8u9b-assembly3.cif.gz_C Crystal Structure of Betaine aldehyde dehydrogenase (BetB) from Klebsiella aerogenes (Apo, P21 Form)	6.515E-44	1.000	1691	9	481	527	22	491	493	478	0.898	0.953
LOKIASV2_4403_ESMFold_NAD-dependent_succinate-semialdehyde_dehydrogenase	6j75-assembly1.cif.gz_A	6j75-assembly1.cif.gz_A Structure of 3,6-anhydro-L-galactose Dehydrogenase	1.813E-45	1.000	1689	9	475	527	14	476	477	478	0.886	0.971
LOKIASV2_4403_ESMFold_NAD-dependent_succinate-semialdehyde_dehydrogenase	6tgw-assembly1.cif.gz_D	6tgw-assembly1.cif.gz_D Crystal structure of human Aldehyde dehydrogenase 1A3 in complex with a selective inhibitor	7.262E-44	1.000	1684	9	475	527	16	477	478	472	0.886	0.967
LOKIASV2_4403_ESMFold_NAD-dependent_succinate-semialdehyde_dehydrogenase	3zqa-assembly1.cif.gz_D	3zqa-assembly1.cif.gz_D CRYSTALLOGRAPHIC STRUCTURE OF BETAINE ALDEHYDE DEHYDROGENASE MUTANT C286A FROM PSEUDOMONAS AERUGINOSA IN COMPLEX WITH NADPH	3.218E-44	1.000	1684	9	481	527	18	487	489	480	0.898	0.961
LOKIASV2_4403_ESMFold_NAD-dependent_succinate-semialdehyde_dehydrogenase	8hap-assembly1.cif.gz_A	8hap-assembly1.cif.gz_A Crystal structure of thermostable acetaldehyde dehydrogenase from hyperthermophilic archaeon Sulfolobus tokodaii	4.815E-45	1.000	1680	12	475	527	1	464	466	478	0.880	0.996
LOKIASV2_4403_ESMFold_NAD-dependent_succinate-semialdehyde_dehydrogenase	2xdr-assembly1.cif.gz_D	2xdr-assembly1.cif.gz_D CRYSTALLOGRAPHIC STRUCTURE OF BETAINE ALDEHYDE DEHYDROGENASE MUTANT E252A FROM PSEUDOMONAS AERUGINOSA	1.553E-43	1.000	1680	9	481	527	18	487	489	478	0.898	0.961
LOKIASV2_4403_ESMFold_NAD-dependent_succinate-semialdehyde_dehydrogenase	5vbf-assembly2.cif.gz_E	5vbf-assembly2.cif.gz_E Crystal structure of succinate semialdehyde dehydrogenase from Burkholderia vietnamiensis	4.704E-44	1.000	1677	13	475	527	21	475	476	466	0.879	0.956
LOKIASV2_4403_ESMFold_NAD-dependent_succinate-semialdehyde_dehydrogenase	3b4w-assembly1.cif.gz_A-2	3b4w-assembly1.cif.gz_A-2 Crystal structure of Mycobacterium tuberculosis aldehyde dehydrogenase complexed with NAD+	3.998E-44	1.000	1677	9	481	527	18	482	483	479	0.898	0.963
LOKIASV2_4403_ESMFold_NAD-dependent_succinate-semialdehyde_dehydrogenase	4fr8-assembly1.cif.gz_C	4fr8-assembly1.cif.gz_C Crystal structure of human aldehyde dehydrogenase-2 in complex with nitroglycerin	1.870E-44	1.000	1674	10	481	527	29	496	496	480	0.896	0.944
LOKIASV2_4403_ESMFold_NAD-dependent_succinate-semialdehyde_dehydrogenase	7w5n-assembly1.cif.gz_A	7w5n-assembly1.cif.gz_A The crystal structure of the reduced form of Gluconobacter oxydans WSH-004 SNDH	5.536E-44	1.000	1668	11	481	527	23	489	492	482	0.894	0.949
LOKIASV2_4403_ESMFold_NAD-dependent_succinate-semialdehyde_dehydrogenase	3n82-assembly1.cif.gz_D	3n82-assembly1.cif.gz_D T244A mutant of Human mitochondrial aldehyde dehydrogenase, NADH complex	2.201E-44	1.000	1668	10	481	527	27	494	494	480	0.896	0.947
LOKIASV2_4403_ESMFold_NAD-dependent_succinate-semialdehyde_dehydrogenase	3iwj-assembly1.cif.gz_B	3iwj-assembly1.cif.gz_B Crystal structure of aminoaldehyde dehydrogenase 2 from Pisum sativum (PsAMADH2)	1.426E-44	1.000	1668	13	490	527	21	499	500	489	0.907	0.958
LOKIASV2_4403_ESMFold_NAD-dependent_succinate-semialdehyde_dehydrogenase	4go4-assembly4.cif.gz_G	4go4-assembly4.cif.gz_G Crystal structure of PnpE in complex with Nicotinamide adenine dinucleotide	1.639E-43	1.000	1667	13	482	527	19	484	487	475	0.892	0.957
LOKIASV2_4403_ESMFold_NAD-dependent_succinate-semialdehyde_dehydrogenase	4pz2-assembly1.cif.gz_C	4pz2-assembly1.cif.gz_C Structure of Zm ALDH2-6 (RF2F) in complex with NAD	2.323E-44	1.000	1666	12	479	527	25	488	491	480	0.888	0.945
LOKIASV2_4403_ESMFold_NAD-dependent_succinate-semialdehyde_dehydrogenase	4v37-assembly1.cif.gz_B	4v37-assembly1.cif.gz_B Crystal structure of betaine aldehyde dehydrogenase from spinach showing a thiohemiacetal with 3-aminopropionaldehyde	2.084E-44	1.000	1664	12	490	527	20	493	494	488	0.909	0.960
LOKIASV2_4403_ESMFold_NAD-dependent_succinate-semialdehyde_dehydrogenase	4pxl-assembly1.cif.gz_A	4pxl-assembly1.cif.gz_A Structure of Zm ALDH2-3 (RF2C) in complex with NAD	9.750E-45	1.000	1662	12	481	527	21	485	486	480	0.892	0.957
LOKIASV2_4403_ESMFold_NAD-dependent_succinate-semialdehyde_dehydrogenase	4pz2-assembly1.cif.gz_B	4pz2-assembly1.cif.gz_B Structure of Zm ALDH2-6 (RF2F) in complex with NAD	3.586E-44	1.000	1660	12	479	527	26	491	494	481	0.888	0.943
LOKIASV2_4403_ESMFold_NAD-dependent_succinate-semialdehyde_dehydrogenase	8ene-assembly1.cif.gz_B	8ene-assembly1.cif.gz_B Aldehyde dehydrogenase 1 family member A1 from human liver	2.084E-44	1.000	1656	13	481	527	29	493	493	479	0.890	0.943
LOKIASV2_4403_ESMFold_NAD-dependent_succinate-semialdehyde_dehydrogenase	5l13-assembly2.cif.gz_E	5l13-assembly2.cif.gz_E Structure of ALDH2 in complex with 2P3	7.667E-44	1.000	1656	10	481	527	28	495	495	480	0.896	0.945
LOKIASV2_4403_ESMFold_NAD-dependent_succinate-semialdehyde_dehydrogenase	4ywe-assembly1.cif.gz_D	4ywe-assembly1.cif.gz_D Crystal Structure of a Putative Aldehyde Dehydrogenase from Burkholderia cenocepacia	1.827E-43	1.000	1653	13	475	527	17	474	476	468	0.879	0.962
LOKIASV2_4403_ESMFold_NAD-dependent_succinate-semialdehyde_dehydrogenase	2onp-assembly1.cif.gz_A	2onp-assembly1.cif.gz_A Arg475Gln Mutant of Human Mitochondrial Aldehyde Dehydrogenase, complexed with NAD+	8.095E-44	1.000	1653	10	481	527	27	494	494	480	0.896	0.947
LOKIASV2_4403_ESMFold_NAD-dependent_succinate-semialdehyde_dehydrogenase	1o9j-assembly1.cif.gz_D	1o9j-assembly1.cif.gz_D The X-ray crystal structure of eta-crystallin	1.319E-43	1.000	1652	13	481	527	30	494	494	475	0.890	0.941
LOKIASV2_4403_ESMFold_NAD-dependent_succinate-semialdehyde_dehydrogenase	4q92-assembly1.cif.gz_D	4q92-assembly1.cif.gz_D 1.90 Angstrom resolution crystal structure of apo betaine aldehyde dehydrogenase (betB) G234S mutant from Staphylococcus aureus (IDP00699) with BME-modified Cys289	8.095E-44	1.000	1652	9	481	527	26	501	501	485	0.898	0.950
LOKIASV2_4403_ESMFold_NAD-dependent_succinate-semialdehyde_dehydrogenase	3ek1-assembly2.cif.gz_G	3ek1-assembly2.cif.gz_G Crystal structure of aldehyde dehydrogenase from brucella melitensis biovar abortus 2308	4.456E-44	1.000	1651	13	477	527	27	481	482	471	0.882	0.944
LOKIASV2_4403_ESMFold_NAD-dependent_succinate-semialdehyde_dehydrogenase	7a6q-assembly1.cif.gz_B	7a6q-assembly1.cif.gz_B Crystal structure of human aldehyde dehydrogenase 1A3 in complex with selective NR6 inhibitor compound	4.853E-43	1.000	1648	9	475	527	26	488	489	472	0.886	0.947
LOKIASV2_4403_ESMFold_NAD-dependent_succinate-semialdehyde_dehydrogenase	4pz2-assembly1.cif.gz_D	4pz2-assembly1.cif.gz_D Structure of Zm ALDH2-6 (RF2F) in complex with NAD	1.121E-43	1.000	1648	12	479	527	26	488	491	477	0.888	0.943
LOKIASV2_4403_ESMFold_NAD-dependent_succinate-semialdehyde_dehydrogenase	5dib-assembly1.cif.gz_B	5dib-assembly1.cif.gz_B 2.25 Angstrom resolution crystal structure of betaine aldehyde dehydrogenase (betB) Y450L point mutant from Staphylococcus aureus in complex with NAD+ and BME-modified Cys289	5.845E-44	1.000	1648	9	481	527	21	496	496	487	0.898	0.960
LOKIASV2_4403_ESMFold_NAD-dependent_succinate-semialdehyde_dehydrogenase	5abm-assembly1.cif.gz_C	5abm-assembly1.cif.gz_C Sheep aldehyde dehydrogenase 1A1	4.596E-43	1.000	1645	13	481	527	30	494	494	475	0.890	0.941
LOKIASV2_4403_ESMFold_NAD-dependent_succinate-semialdehyde_dehydrogenase	7jso-assembly1.cif.gz_A	7jso-assembly1.cif.gz_A P. syringae AldA Indole-3-Acetaldehyde Dehydrogenase C302A mutant in complex with NAD+ and IAA	2.397E-43	1.000	1645	9	475	527	30	494	495	477	0.886	0.939
LOKIASV2_4403_ESMFold_NAD-dependent_succinate-semialdehyde_dehydrogenase	7w5k-assembly1.cif.gz_C	7w5k-assembly1.cif.gz_C The C296A mutant of L-sorbosone dehydrogenase (SNDH) from Gluconobacter Oxydans WSH-004	1.470E-43	1.000	1643	11	473	527	22	479	481	471	0.879	0.952
LOKIASV2_4403_ESMFold_NAD-dependent_succinate-semialdehyde_dehydrogenase	3inl-assembly2.cif.gz_H	3inl-assembly2.cif.gz_H Human Mitochondrial Aldehyde Dehydrogenase Asian Variant, ALDH2*2, complexed with agonist Alda-1	1.470E-43	1.000	1643	10	481	527	28	495	495	480	0.896	0.945
LOKIASV2_4403_ESMFold_NAD-dependent_succinate-semialdehyde_dehydrogenase	4zxu-assembly1.cif.gz_B	4zxu-assembly1.cif.gz_B 2.85 Angstrom resolution crystal structure of betaine aldehyde dehydrogenase (betB) H448F/P449M double mutant from Staphylococcus aureus in complex with NAD+ and BME-free Cys289	1.121E-43	1.000	1642	9	481	527	22	497	497	487	0.898	0.958
LOKIASV2_4403_ESMFold_NAD-dependent_succinate-semialdehyde_dehydrogenase	2onm-assembly1.cif.gz_D	2onm-assembly1.cif.gz_D Human Mitochondrial Aldehyde Dehydrogenase Asian Variant, ALDH2*2, complexed with NAD+	8.095E-44	1.000	1641	10	481	527	27	494	494	481	0.896	0.947
LOKIASV2_4403_ESMFold_NAD-dependent_succinate-semialdehyde_dehydrogenase	4v3f-assembly1.cif.gz_A	4v3f-assembly1.cif.gz_A Crystal structure of betaine aldehyde dehydrogenase from spinach showing a thiohemiacetal with betaine aldehyde	1.730E-43	1.000	1639	12	490	527	21	494	495	487	0.909	0.958
LOKIASV2_4403_ESMFold_NAD-dependent_succinate-semialdehyde_dehydrogenase	3jz4-assembly1.cif.gz_B	3jz4-assembly1.cif.gz_B Crystal structure of E. coli NADP dependent enzyme	4.124E-43	1.000	1638	12	475	527	25	480	481	470	0.880	0.948
LOKIASV2_4403_ESMFold_NAD-dependent_succinate-semialdehyde_dehydrogenase	8dr9-assembly1.cif.gz_B	8dr9-assembly1.cif.gz_B Crystal structure of human ALDH2 in complex with NAD+ and PEG MME 550	2.150E-43	1.000	1638	10	481	527	28	495	495	480	0.896	0.945
LOKIASV2_4403_ESMFold_NAD-dependent_succinate-semialdehyde_dehydrogenase	3vz3-assembly1.cif.gz_B	3vz3-assembly1.cif.gz_B Structural insights into substrate and cofactor selection by sp2771	2.756E-42	1.000	1634	14	473	527	2	451	453	461	0.873	0.993
LOKIASV2_4403_ESMFold_NAD-dependent_succinate-semialdehyde_dehydrogenase	6tgw-assembly1.cif.gz_B	6tgw-assembly1.cif.gz_B Crystal structure of human Aldehyde dehydrogenase 1A3 in complex with a selective inhibitor	4.354E-43	1.000	1634	9	475	527	18	477	478	473	0.886	0.962
LOKIASV2_4403_ESMFold_NAD-dependent_succinate-semialdehyde_dehydrogenase	8c54-assembly1.cif.gz_D	8c54-assembly1.cif.gz_D Cryo-EM structure of NADH bound SLA dehydrogenase RlGabD from Rhizobium leguminosarum bv. trifolii SRD1565	6.366E-43	1.000	1634	11	477	527	24	482	482	471	0.886	0.952
LOKIASV2_4403_ESMFold_NAD-dependent_succinate-semialdehyde_dehydrogenase	4zwl-assembly1.cif.gz_C	4zwl-assembly1.cif.gz_C 2.60 Angstrom resolution crystal structure of betaine aldehyde dehydrogenase (betB) H448F/Y450L double mutant from Staphylococcus aureus in complex with NAD+ and BME-free Cys289	1.827E-43	1.000	1634	9	481	527	24	499	499	487	0.898	0.954
LOKIASV2_4403_ESMFold_NAD-dependent_succinate-semialdehyde_dehydrogenase	6b4r-assembly1.cif.gz_D	6b4r-assembly1.cif.gz_D The crystal structure of the aldehyde dehydrogenase KauB from Pseudomonas aeruginosa	7.909E-43	1.000	1632	9	475	527	30	494	495	477	0.886	0.939
LOKIASV2_4403_ESMFold_NAD-dependent_succinate-semialdehyde_dehydrogenase	5iuv-assembly1.cif.gz_A	5iuv-assembly1.cif.gz_A Crystal Structure of Indole-3-acetaldehyde Dehydrogenase in complexed with NAD+	5.711E-43	1.000	1630	9	475	527	30	494	495	477	0.886	0.939
LOKIASV2_4403_ESMFold_NAD-dependent_succinate-semialdehyde_dehydrogenase	6c43-assembly1.cif.gz_A	6c43-assembly1.cif.gz_A 2.9 Angstrom Resolution Crystal Structure of Gamma-Aminobutyraldehyde Dehydrogenase from Salmonella typhimurium.	6.029E-43	1.000	1629	9	475	527	13	472	473	470	0.886	0.973
LOKIASV2_4403_ESMFold_NAD-dependent_succinate-semialdehyde_dehydrogenase	3rho-assembly1.cif.gz_D	3rho-assembly1.cif.gz_D Crystal structure of the E673Q MUTANT OF C-Terminal domain of 10'FORMYLTETRAHYDROFOLATE DEHYDROGENASE in complex with NADP	1.601E-42	1.000	1628	13	474	527	34	496	498	468	0.877	0.930
LOKIASV2_4403_ESMFold_NAD-dependent_succinate-semialdehyde_dehydrogenase	2opx-assembly1.cif.gz_A	2opx-assembly1.cif.gz_A Crystal Structure of Lactaldehyde Dehydrogenase from Escherichia coli	2.671E-43	1.000	1622	13	475	527	21	476	477	471	0.879	0.956
LOKIASV2_4403_ESMFold_NAD-dependent_succinate-semialdehyde_dehydrogenase	3u4j-assembly1.cif.gz_B	3u4j-assembly1.cif.gz_B Crystal structure of NAD-dependent aldehyde dehydrogenase from Sinorhizobium meliloti	9.307E-43	1.000	1621	9	485	527	32	501	502	482	0.905	0.936
LOKIASV2_4403_ESMFold_NAD-dependent_succinate-semialdehyde_dehydrogenase	3rhl-assembly1.cif.gz_B	3rhl-assembly1.cif.gz_B Crystal structure of the E673A/C707A double mutant of the C-Terminal domain of RAT 10'FORMYLTETRAHYDROFOLATE DEHYDROGENASE in complex with co-purified NADP	2.756E-42	1.000	1619	13	474	527	34	496	498	468	0.877	0.930
LOKIASV2_4403_ESMFold_NAD-dependent_succinate-semialdehyde_dehydrogenase	4ywe-assembly2.cif.gz_H	4ywe-assembly2.cif.gz_H Crystal Structure of a Putative Aldehyde Dehydrogenase from Burkholderia cenocepacia	1.095E-42	1.000	1618	12	475	527	16	472	474	469	0.880	0.964
LOKIASV2_4403_ESMFold_NAD-dependent_succinate-semialdehyde_dehydrogenase	3vz2-assembly1.cif.gz_A	3vz2-assembly1.cif.gz_A Structural insights into substrate and cofactor selection by sp2771	6.566E-42	1.000	1617	14	473	527	2	451	453	462	0.873	0.993
LOKIASV2_4403_ESMFold_NAD-dependent_succinate-semialdehyde_dehydrogenase	2hg2-assembly1.cif.gz_A	2hg2-assembly1.cif.gz_A Structure of Lactaldehyde Dehydrogenase	3.699E-43	1.000	1617	11	475	527	19	476	477	473	0.882	0.960
LOKIASV2_4403_ESMFold_NAD-dependent_succinate-semialdehyde_dehydrogenase	4i9b-assembly1.cif.gz_B	4i9b-assembly1.cif.gz_B Structure of aminoaldehyde dehydrogenase 1 from Solanum lycopersium (SlAMADH1) with a thiohemiacetal intermediate	2.978E-43	1.000	1616	12	479	527	21	488	496	480	0.888	0.944
LOKIASV2_4403_ESMFold_NAD-dependent_succinate-semialdehyde_dehydrogenase	3k2w-assembly2.cif.gz_E	3k2w-assembly2.cif.gz_E CRYSTAL STRUCTURE OF betaine-aldehyde dehydrogenase FROM Pseudoalteromonas atlantica T6c	1.062E-43	1.000	1615	9	477	527	21	485	486	480	0.890	0.957
LOKIASV2_4403_ESMFold_NAD-dependent_succinate-semialdehyde_dehydrogenase	6x9l-assembly1.cif.gz_A	6x9l-assembly1.cif.gz_A Crystal Structure of Aldehyde Dehydrogenase C (AldC) mutant (C291A) from Pseudomonas syringae in complexed with NAD+ and Octanal	5.244E-44	1.000	1612	10	472	527	25	477	485	476	0.879	0.934
LOKIASV2_4403_ESMFold_NAD-dependent_succinate-semialdehyde_dehydrogenase	3u4j-assembly1.cif.gz_C	3u4j-assembly1.cif.gz_C Crystal structure of NAD-dependent aldehyde dehydrogenase from Sinorhizobium meliloti	5.409E-43	1.000	1611	9	485	527	34	504	505	486	0.905	0.933
LOKIASV2_4403_ESMFold_NAD-dependent_succinate-semialdehyde_dehydrogenase	5x5t-assembly1.cif.gz_A	5x5t-assembly1.cif.gz_A Crystal structure of alpha-ketoglutarate semialdehyde dehydrogenase (KGSADH) from Azospirillum brasilense	2.342E-42	1.000	1610	9	475	527	17	475	476	469	0.886	0.964
LOKIASV2_4403_ESMFold_NAD-dependent_succinate-semialdehyde_dehydrogenase	3rhr-assembly1.cif.gz_B	3rhr-assembly1.cif.gz_B Crystal structure of the C707A mutant of the C-Terminal domain of 10'FORMYLTETRAHYDROFOLATE DEHYDROGENASE in complex with NADPH	5.580E-42	1.000	1609	13	474	527	34	496	498	468	0.877	0.930
LOKIASV2_4403_ESMFold_NAD-dependent_succinate-semialdehyde_dehydrogenase	4nea-assembly1.cif.gz_A	4nea-assembly1.cif.gz_A 1.90 Angstrom resolution crystal structure of betaine aldehyde dehydrogenase (betB) from Staphylococcus aureus in complex with NAD+ and BME-free Cys289	3.906E-43	1.000	1605	9	481	527	30	505	505	491	0.898	0.943
LOKIASV2_4403_ESMFold_NAD-dependent_succinate-semialdehyde_dehydrogenase	7yob-assembly2.cif.gz_E	7yob-assembly2.cif.gz_E Crystal structure of Aldehyde dehydrogenase 1A1 from mouse	8.350E-43	1.000	1604	13	481	527	30	494	494	478	0.890	0.941
LOKIASV2_4403_ESMFold_NAD-dependent_succinate-semialdehyde_dehydrogenase	4mpb-assembly1.cif.gz_A	4mpb-assembly1.cif.gz_A 1.7 Angstrom resolution crystal structure of betaine aldehyde dehydrogenase (betB) from Staphylococcus aureus	7.491E-43	1.000	1601	9	481	527	27	502	502	487	0.898	0.948
LOKIASV2_4403_ESMFold_NAD-dependent_succinate-semialdehyde_dehydrogenase	1wnb-assembly1.cif.gz_A	1wnb-assembly1.cif.gz_A Escherichia coli YdcW gene product is a medium-chain aldehyde dehydrogenase (complexed with nadh and betaine aldehyde)	6.932E-42	1.000	1600	9	475	527	14	473	474	469	0.886	0.970
LOKIASV2_4403_ESMFold_NAD-dependent_succinate-semialdehyde_dehydrogenase	4i8p-assembly1.cif.gz_B	4i8p-assembly1.cif.gz_B Crystal structure of aminoaldehyde dehydrogenase 1a from Zea mays (ZmAMADH1a)	6.721E-43	1.000	1599	13	491	527	21	497	498	490	0.909	0.958
LOKIASV2_4403_ESMFold_NAD-dependent_succinate-semialdehyde_dehydrogenase	4go2-assembly1.cif.gz_C	4go2-assembly1.cif.gz_C Crystal structure of the c-terminal domain of 10'formyltetrahydrofolate dehydrogenase in complex with Thio-NADP	1.130E-41	1.000	1598	13	474	527	34	496	498	468	0.877	0.930
LOKIASV2_4403_ESMFold_NAD-dependent_succinate-semialdehyde_dehydrogenase	4it9-assembly1.cif.gz_B	4it9-assembly1.cif.gz_B Structure of Bacterial Enzyme	4.891E-41	1.000	1591	14	473	527	1	450	452	461	0.873	0.996
LOKIASV2_4403_ESMFold_NAD-dependent_succinate-semialdehyde_dehydrogenase	7uyy-assembly1.cif.gz_A	7uyy-assembly1.cif.gz_A The crystal structure of the Pseudomonas aeruginosa aldehyde dehydrogenase encoded by the PA4189 gene in complex with NADH	1.437E-42	1.000	1591	12	477	527	36	496	496	474	0.884	0.929
LOKIASV2_4403_ESMFold_NAD-dependent_succinate-semialdehyde_dehydrogenase	3rhj-assembly1.cif.gz_D	3rhj-assembly1.cif.gz_D Crystal structure of the E673A mutant of the C-terminal domain of RAT 10'FORMYLTETRAHYDROFOLATE DEHYDROGENASE in complex with co-purified NADP	2.167E-41	1.000	1587	13	474	527	34	496	498	468	0.877	0.930
LOKIASV2_4403_ESMFold_NAD-dependent_succinate-semialdehyde_dehydrogenase	3i44-assembly1.cif.gz_A-2	3i44-assembly1.cif.gz_A-2 Crystal structure of aldehyde dehydrogenase from bartonella henselae at 2.0A resolution	4.029E-42	1.000	1586	9	472	527	17	473	476	471	0.880	0.960
LOKIASV2_4403_ESMFold_NAD-dependent_succinate-semialdehyde_dehydrogenase	3vz0-assembly2.cif.gz_C	3vz0-assembly2.cif.gz_C Structural insights into cofactor and substrate selection by Gox0499	5.285E-42	1.000	1583	12	474	527	2	455	456	469	0.879	0.996
LOKIASV2_4403_ESMFold_NAD-dependent_succinate-semialdehyde_dehydrogenase	5klm-assembly1.cif.gz_A	5klm-assembly1.cif.gz_A Crystal structure of 2-hydroxymuconate-6-semialdehyde derived intermediate in NAD(+)-bound 2-aminomuconate 6-semialdehyde dehydrogenase N169D	2.756E-42	1.000	1583	9	473	527	14	481	484	474	0.882	0.967
LOKIASV2_4403_ESMFold_NAD-dependent_succinate-semialdehyde_dehydrogenase	4go0-assembly1.cif.gz_B	4go0-assembly1.cif.gz_B Crystal structure of the c707s mutant of c-terminal domain of 10'formyltetrahydrofolate dehydrogenase in complex with NADPH	1.070E-41	1.000	1581	9	474	527	30	496	498	473	0.884	0.938
LOKIASV2_4403_ESMFold_NAD-dependent_succinate-semialdehyde_dehydrogenase	6pnu-assembly1.cif.gz_D	6pnu-assembly1.cif.gz_D Crystal structure of native DauA	4.741E-42	1.000	1580	9	476	527	21	480	482	474	0.888	0.954
LOKIASV2_4403_ESMFold_NAD-dependent_succinate-semialdehyde_dehydrogenase	4i8q-assembly1.cif.gz_A-2	4i8q-assembly1.cif.gz_A-2 Structure of the aminoaldehyde dehydrogenase 1 E260A mutant from Solanum lycopersicum (SlAMADH1-E260A)	6.219E-42	1.000	1576	12	479	527	20	487	495	477	0.888	0.945
LOKIASV2_4403_ESMFold_NAD-dependent_succinate-semialdehyde_dehydrogenase	4nmk-assembly3.cif.gz_F	4nmk-assembly3.cif.gz_F Thermostable aldehyde dehydrogenase from Pyrobaculum sp. crystallized in microgravity (complex with NADP+)	3.243E-42	1.000	1574	13	491	527	24	490	490	485	0.909	0.953
LOKIASV2_4403_ESMFold_NAD-dependent_succinate-semialdehyde_dehydrogenase	5j77-assembly1.cif.gz_A	5j77-assembly1.cif.gz_A Mutant glyceraldehyde dehydrogenase (F34M+S405N) from Thermoplasma acidophilum	6.932E-42	1.000	1572	13	483	527	19	486	492	481	0.894	0.951
LOKIASV2_4403_ESMFold_NAD-dependent_succinate-semialdehyde_dehydrogenase	7rlu-assembly1.cif.gz_B	7rlu-assembly1.cif.gz_B Structure of ALDH1L1 (10-formyltetrahydrofolate dehydrogenase) in complex with NADP	9.601E-42	1.000	1570	10	474	527	116	581	583	471	0.882	0.799
LOKIASV2_4403_ESMFold_NAD-dependent_succinate-semialdehyde_dehydrogenase	5fhz-assembly2.cif.gz_E	5fhz-assembly2.cif.gz_E Human aldehyde dehydrogenase 1A3 complexed with NAD(+) and retinoic acid	1.841E-41	1.000	1567	13	475	527	26	477	478	468	0.879	0.946
LOKIASV2_4403_ESMFold_NAD-dependent_succinate-semialdehyde_dehydrogenase	5izd-assembly1.cif.gz_D	5izd-assembly1.cif.gz_D Wild-type glyceraldehyde dehydrogenase from Thermoplasma acidophilum in complex with NADP	8.613E-42	1.000	1565	9	479	527	15	478	487	478	0.894	0.953
LOKIASV2_4403_ESMFold_NAD-dependent_succinate-semialdehyde_dehydrogenase	8dno-assembly1.cif.gz_A	8dno-assembly1.cif.gz_A Human Brain Aldehyde Dehydrogenase 1 family, member A1	1.165E-40	1.000	1563	12	475	527	28	487	493	470	0.880	0.933
LOKIASV2_4403_ESMFold_NAD-dependent_succinate-semialdehyde_dehydrogenase	4dal-assembly1.cif.gz_B	4dal-assembly1.cif.gz_B Crystal structure of Putative aldehyde dehydrogenase from Sinorhizobium meliloti 1021	9.093E-42	1.000	1556	9	475	527	15	474	476	472	0.886	0.966
LOKIASV2_4403_ESMFold_NAD-dependent_succinate-semialdehyde_dehydrogenase	4v6h-assembly1.cif.gz_A	4v6h-assembly1.cif.gz_A Crystal structure of succinate-semialdehyde dehydrogenase from Burkholderia pseudomallei	3.345E-41	1.000	1555	9	475	527	23	481	482	472	0.886	0.952
LOKIASV2_4403_ESMFold_NAD-dependent_succinate-semialdehyde_dehydrogenase	1ag8-assembly1.cif.gz_D	1ag8-assembly1.cif.gz_D ALDEHYDE DEHYDROGENASE FROM BOVINE MITOCHONDRIA	8.158E-42	1.000	1553	10	475	527	26	487	493	477	0.884	0.937
LOKIASV2_4403_ESMFold_NAD-dependent_succinate-semialdehyde_dehydrogenase	5fhz-assembly1.cif.gz_B	5fhz-assembly1.cif.gz_B Human aldehyde dehydrogenase 1A3 complexed with NAD(+) and retinoic acid	5.891E-42	1.000	1551	9	475	527	23	473	475	472	0.886	0.949
LOKIASV2_4403_ESMFold_NAD-dependent_succinate-semialdehyde_dehydrogenase	7kqv-assembly1.cif.gz_D	7kqv-assembly1.cif.gz_D Crystal Structure of aldehyde dehydrogenase (ChALDH) from Cladosporium herbarum	3.001E-41	1.000	1550	13	475	527	17	467	469	470	0.879	0.962
LOKIASV2_4403_ESMFold_NAD-dependent_succinate-semialdehyde_dehydrogenase	5izd-assembly2.cif.gz_H	5izd-assembly2.cif.gz_H Wild-type glyceraldehyde dehydrogenase from Thermoplasma acidophilum in complex with NADP	3.243E-42	1.000	1547	9	494	527	15	491	492	498	0.922	0.970
LOKIASV2_4403_ESMFold_NAD-dependent_succinate-semialdehyde_dehydrogenase	3k2w-assembly1.cif.gz_A	3k2w-assembly1.cif.gz_A CRYSTAL STRUCTURE OF betaine-aldehyde dehydrogenase FROM Pseudoalteromonas atlantica T6c	1.193E-41	1.000	1539	9	476	527	19	473	475	476	0.888	0.958
LOKIASV2_4403_ESMFold_NAD-dependent_succinate-semialdehyde_dehydrogenase	6try-assembly1.cif.gz_A	6try-assembly1.cif.gz_A Crystal structure of human Aldehyde dehydrogenase 1A3 in complex with MF13 inhibitor compound	1.299E-40	1.000	1538	9	475	527	19	476	478	472	0.886	0.958
LOKIASV2_4403_ESMFold_NAD-dependent_succinate-semialdehyde_dehydrogenase	4qyj-assembly1.cif.gz_A	4qyj-assembly1.cif.gz_A Structure of Phenylacetaldehyde Dehydrogenase from Pseudomonas putida S12	9.380E-41	1.000	1537	9	474	527	12	479	481	473	0.884	0.973
LOKIASV2_4403_ESMFold_NAD-dependent_succinate-semialdehyde_dehydrogenase	2d4e-assembly1.cif.gz_B	2d4e-assembly1.cif.gz_B Crystal Structure of the HpcC from Thermus Thermophilus HB8	2.842E-41	1.000	1536	9	481	527	37	513	513	488	0.898	0.930
LOKIASV2_4403_ESMFold_NAD-dependent_succinate-semialdehyde_dehydrogenase	4ou2-assembly1.cif.gz_C	4ou2-assembly1.cif.gz_C A 2.15 Angstroms X-ray crystal structure of E268A 2-aminomuconate 6-semialdehyde dehydrogenase catalytic intermediate from Pseudomonas fluorescens	5.451E-41	1.000	1535	11	475	527	15	482	483	474	0.882	0.969
LOKIASV2_4403_ESMFold_NAD-dependent_succinate-semialdehyde_dehydrogenase	4u3w-assembly1.cif.gz_A	4u3w-assembly1.cif.gz_A X-ray crystal structure of 2-aminomuconate 6-semialdehyde dehydrogenase from Burkholderia cenocepacia	2.550E-41	1.000	1535	9	474	527	14	482	485	480	0.884	0.967
LOKIASV2_4403_ESMFold_NAD-dependent_succinate-semialdehyde_dehydrogenase	3efv-assembly1.cif.gz_A	3efv-assembly1.cif.gz_A Crystal Structure of a Putative Succinate-Semialdehyde Dehydrogenase from Salmonella typhimurium LT2 with bound NAD	1.230E-40	1.000	1533	9	477	527	1	459	459	474	0.890	1.000
LOKIASV2_4403_ESMFold_NAD-dependent_succinate-semialdehyde_dehydrogenase	2w8p-assembly1.cif.gz_A	2w8p-assembly1.cif.gz_A The crystal structure of human C340A SSADH	1.046E-40	1.000	1533	11	475	527	23	483	485	473	0.882	0.951
LOKIASV2_4403_ESMFold_NAD-dependent_succinate-semialdehyde_dehydrogenase	3rh9-assembly1.cif.gz_A	3rh9-assembly1.cif.gz_A The crystal structure of oxidoreductase from Marinobacter aquaeolei	8.613E-42	1.000	1532	11	473	527	24	479	481	473	0.879	0.948
LOKIASV2_4403_ESMFold_NAD-dependent_succinate-semialdehyde_dehydrogenase	4i25-assembly1.cif.gz_A	4i25-assembly1.cif.gz_A 2.00 Angstroms X-ray crystal structure of NAD- and substrate-bound 2-aminomuconate 6-semialdehyde dehydrogenase from Pseudomonas fluorescens	2.167E-41	1.000	1532	9	473	527	13	480	483	479	0.882	0.969
LOKIASV2_4403_ESMFold_NAD-dependent_succinate-semialdehyde_dehydrogenase	3r31-assembly1.cif.gz_A	3r31-assembly1.cif.gz_A Crystal structure of betaine aldehyde dehydrogenase from Agrobacterium tumefaciens	4.632E-41	1.000	1527	13	477	527	24	482	482	468	0.882	0.952
LOKIASV2_4403_ESMFold_NAD-dependent_succinate-semialdehyde_dehydrogenase	4ywv-assembly1.cif.gz_B	4ywv-assembly1.cif.gz_B Structural insight into the substrate inhibition mechanism of NADP+-dependent succinic semialdehyde dehydrogenase from Streptococcus pyogenes	4.891E-41	1.000	1525	15	475	527	3	454	455	468	0.875	0.993
LOKIASV2_4403_ESMFold_NAD-dependent_succinate-semialdehyde_dehydrogenase	6vr6-assembly1.cif.gz_B	6vr6-assembly1.cif.gz_B Structure of ALDH9A1 complexed with NAD+ in space group P1	7.971E-41	1.000	1519	9	481	527	22	490	492	483	0.898	0.953
LOKIASV2_4403_ESMFold_NAD-dependent_succinate-semialdehyde_dehydrogenase	5kln-assembly1.cif.gz_B	5kln-assembly1.cif.gz_B Crystal structure of 2-aminomuconate 6-semialdehyde dehydrogenase N169A in complex with NAD+	4.156E-41	1.000	1517	9	473	527	13	480	483	479	0.882	0.969
LOKIASV2_4403_ESMFold_NAD-dependent_succinate-semialdehyde_dehydrogenase	6pnu-assembly1.cif.gz_C	6pnu-assembly1.cif.gz_C Crystal structure of native DauA	1.614E-40	1.000	1512	9	476	527	22	481	483	475	0.888	0.952
LOKIASV2_4403_ESMFold_NAD-dependent_succinate-semialdehyde_dehydrogenase	3ros-assembly1.cif.gz_A-2	3ros-assembly1.cif.gz_A-2 Crystal structure of NAD-dependent aldehyde dehydrogenase from Lactobacillus acidophilus	2.550E-41	1.000	1507	15	474	527	5	454	459	464	0.873	0.980
LOKIASV2_4403_ESMFold_NAD-dependent_succinate-semialdehyde_dehydrogenase	5mz8-assembly1.cif.gz_D	5mz8-assembly1.cif.gz_D Crystal structure of aldehyde dehydrogenase 21 (ALDH21) from Physcomitrella patens in complex with the reaction product succinate	1.046E-40	1.000	1506	9	475	527	16	476	481	473	0.886	0.958
LOKIASV2_4403_ESMFold_NAD-dependent_succinate-semialdehyde_dehydrogenase	7bzv-assembly1.cif.gz_B	7bzv-assembly1.cif.gz_B Crystal structure of 2-aminomuconic 6-semialdehyde dehydrogenase from Pseudomonas species AP-3	5.937E-40	1.000	1502	9	477	527	15	488	490	480	0.890	0.967
LOKIASV2_4403_ESMFold_NAD-dependent_succinate-semialdehyde_dehydrogenase	4lih-assembly2.cif.gz_F	4lih-assembly2.cif.gz_F The crystal structure of Gamma-glutamyl-gamma-aminobutyraldehyde dehydrogenase from Burkholderia cenocepacia J2315	1.614E-40	1.000	1489	13	477	527	33	493	493	475	0.882	0.935
LOKIASV2_4403_ESMFold_NAD-dependent_succinate-semialdehyde_dehydrogenase	3ty7-assembly1.cif.gz_B	3ty7-assembly1.cif.gz_B Crystal Structure of Aldehyde Dehydrogenase family Protein from Staphylococcus aureus	1.165E-40	1.000	1486	9	472	527	18	449	454	468	0.880	0.952
LOKIASV2_4403_ESMFold_NAD-dependent_succinate-semialdehyde_dehydrogenase	5kf0-assembly1.cif.gz_A	5kf0-assembly1.cif.gz_A Crystal structure of an Aldedhyde dehydrogenase from Burkholderia vietnamiensis	1.665E-39	1.000	1481	14	477	527	24	480	480	468	0.880	0.952
LOKIASV2_4403_ESMFold_NAD-dependent_succinate-semialdehyde_dehydrogenase	6fk3-assembly1.cif.gz_A	6fk3-assembly1.cif.gz_A Structure and function of aldehyde dehydrogenase from Thermus thermophilus: An enzyme with an evolutionarily-distinct C-terminal arm (Recombinant full-length protein in complex with propanal)	1.079E-39	1.000	1481	13	481	527	28	507	530	487	0.890	0.906
LOKIASV2_4403_ESMFold_NAD-dependent_succinate-semialdehyde_dehydrogenase	5j6b-assembly1.cif.gz_D	5j6b-assembly1.cif.gz_D Crystal structure of Aldehyde dehydrogenase from Burkholderia thailandensis in covelent complex with NADPH	8.681E-40	1.000	1478	10	477	527	17	477	477	473	0.888	0.966
LOKIASV2_4403_ESMFold_NAD-dependent_succinate-semialdehyde_dehydrogenase	1bpw-assembly1.cif.gz_A	1bpw-assembly1.cif.gz_A BETAINE ALDEHYDE DEHYDROGENASE FROM COD LIVER	6.987E-40	1.000	1477	6	481	527	30	501	503	484	0.903	0.938
LOKIASV2_4403_ESMFold_NAD-dependent_succinate-semialdehyde_dehydrogenase	3pqa-assembly1.cif.gz_B	3pqa-assembly1.cif.gz_B Crystal structure of glyceraldehyde-3-phosphate dehydrogenase GapN from Methanocaldococcus jannaschii DSM 2661	3.024E-39	1.000	1475	10	477	527	3	458	458	474	0.888	0.996
LOKIASV2_4403_ESMFold_NAD-dependent_succinate-semialdehyde_dehydrogenase	6s6w-assembly1.cif.gz_A-2	6s6w-assembly1.cif.gz_A-2 Crystal Structure of human ALDH1A3 in complex with 2,6-diphenylimidazo[1,2-a]pyridine (compound GA11) and NAD+	7.376E-40	1.000	1474	9	475	527	22	474	476	473	0.886	0.952
LOKIASV2_4403_ESMFold_NAD-dependent_succinate-semialdehyde_dehydrogenase	3rjl-assembly10.cif.gz_B	3rjl-assembly10.cif.gz_B Crystal structure of 1-pyrroline-5-carboxylate dehydrogenase from Bacillus licheniformis (Target NYSGRC-000337)	1.577E-39	1.000	1473	9	475	527	46	513	514	479	0.886	0.911
LOKIASV2_4403_ESMFold_NAD-dependent_succinate-semialdehyde_dehydrogenase	1euh-assembly1.cif.gz_A	1euh-assembly1.cif.gz_A APO FORM OF A NADP DEPENDENT ALDEHYDE DEHYDROGENASE FROM STREPTOCOCCUS MUTANS	5.045E-40	1.000	1467	11	477	527	16	474	474	473	0.886	0.968
LOKIASV2_4403_ESMFold_NAD-dependent_succinate-semialdehyde_dehydrogenase	1bi9-assembly1.cif.gz_D	1bi9-assembly1.cif.gz_D RETINAL DEHYDROGENASE TYPE TWO WITH NAD BOUND	2.235E-40	1.000	1467	13	481	527	35	482	482	475	0.890	0.929
LOKIASV2_4403_ESMFold_NAD-dependent_succinate-semialdehyde_dehydrogenase	3rhh-assembly1.cif.gz_A	3rhh-assembly1.cif.gz_A Crystal structure of NADP-dependent glyceraldehyde-3-phosphate dehydrogenase from Bacillus halodurans C-125 complexed with NADP	1.269E-39	1.000	1464	11	475	527	18	474	475	470	0.882	0.962
LOKIASV2_4403_ESMFold_NAD-dependent_succinate-semialdehyde_dehydrogenase	7pkj-assembly1.cif.gz_C	7pkj-assembly1.cif.gz_C Streptococcus pyogenes apo GapN	1.079E-39	1.000	1463	11	477	527	17	475	475	473	0.886	0.966
LOKIASV2_4403_ESMFold_NAD-dependent_succinate-semialdehyde_dehydrogenase	5izd-assembly1.cif.gz_C	5izd-assembly1.cif.gz_C Wild-type glyceraldehyde dehydrogenase from Thermoplasma acidophilum in complex with NADP	1.079E-39	1.000	1462	9	494	527	15	483	484	493	0.922	0.969
LOKIASV2_4403_ESMFold_NAD-dependent_succinate-semialdehyde_dehydrogenase	7pkc-assembly2.cif.gz_H	7pkc-assembly2.cif.gz_H Streptococcus pyogenes Apo-GapN C284S variant	1.959E-39	1.000	1460	11	477	527	18	476	476	472	0.886	0.964
LOKIASV2_4403_ESMFold_NAD-dependent_succinate-semialdehyde_dehydrogenase	2id2-assembly1.cif.gz_C	2id2-assembly1.cif.gz_C GAPN T244S mutant X-ray structure at 2.5 A	1.202E-39	1.000	1454	11	477	527	16	474	474	472	0.886	0.968
LOKIASV2_4403_ESMFold_NAD-dependent_succinate-semialdehyde_dehydrogenase	4h7n-assembly2.cif.gz_C	4h7n-assembly2.cif.gz_C The Structure of Putative Aldehyde Dehydrogenase PutA from Anabaena variabilis.	2.068E-39	1.000	1453	13	486	527	3	468	469	477	0.899	0.994
LOKIASV2_4403_ESMFold_NAD-dependent_succinate-semialdehyde_dehydrogenase	6fjx-assembly1.cif.gz_A	6fjx-assembly1.cif.gz_A Structure and function of aldehyde dehydrogenase from Thermus thermophilus: An enzyme with an evolutionarily-distinct C-terminal arm (Native protein)	8.481E-39	1.000	1453	13	481	527	28	507	529	487	0.890	0.907
LOKIASV2_4403_ESMFold_NAD-dependent_succinate-semialdehyde_dehydrogenase	3ty7-assembly1.cif.gz_A	3ty7-assembly1.cif.gz_A Crystal Structure of Aldehyde Dehydrogenase family Protein from Staphylococcus aureus	1.022E-39	1.000	1451	9	472	527	18	447	452	467	0.880	0.951
LOKIASV2_4403_ESMFold_NAD-dependent_succinate-semialdehyde_dehydrogenase	4x2q-assembly1.cif.gz_D	4x2q-assembly1.cif.gz_D Crystal Structure of Human Aldehyde Dehydrogenase, ALDH1a2	3.643E-40	1.000	1449	13	481	527	29	474	474	476	0.890	0.941
LOKIASV2_4403_ESMFold_NAD-dependent_succinate-semialdehyde_dehydrogenase	5jry-assembly1.cif.gz_A	5jry-assembly1.cif.gz_A Crystal structure of a NAD-dependent Aldehyde dehydrogenase from Burkholderia multivorans in covalent complex with NAD	3.559E-39	1.000	1448	14	477	527	21	477	477	470	0.880	0.958
LOKIASV2_4403_ESMFold_NAD-dependent_succinate-semialdehyde_dehydrogenase	3qan-assembly2.cif.gz_C-2	3qan-assembly2.cif.gz_C-2 Crystal structure of 1-pyrroline-5-carboxylate dehydrogenase from bacillus halodurans	1.541E-38	1.000	1447	9	477	527	46	515	515	481	0.890	0.913
LOKIASV2_4403_ESMFold_NAD-dependent_succinate-semialdehyde_dehydrogenase	1t90-assembly1.cif.gz_D	1t90-assembly1.cif.gz_D Crystal structure of methylmalonate semialdehyde dehydrogenase from Bacillus subtilis	2.511E-38	1.000	1442	9	481	527	17	484	484	479	0.898	0.967
LOKIASV2_4403_ESMFold_NAD-dependent_succinate-semialdehyde_dehydrogenase	1bi9-assembly1.cif.gz_C	1bi9-assembly1.cif.gz_C RETINAL DEHYDROGENASE TYPE TWO WITH NAD BOUND	6.987E-40	1.000	1441	13	481	527	35	480	480	475	0.890	0.929
LOKIASV2_4403_ESMFold_NAD-dependent_succinate-semialdehyde_dehydrogenase	6qhn-assembly2.cif.gz_D	6qhn-assembly2.cif.gz_D Metagenome-derived salicylaldehyde dehydrogenase from alpine soil in complex with protocatechuic acid	7.376E-40	1.000	1440	13	481	527	3	466	466	482	0.890	0.996
LOKIASV2_4403_ESMFold_NAD-dependent_succinate-semialdehyde_dehydrogenase	4x2q-assembly1.cif.gz_B	4x2q-assembly1.cif.gz_B Crystal Structure of Human Aldehyde Dehydrogenase, ALDH1a2	8.222E-40	1.000	1440	13	481	527	29	472	472	476	0.890	0.941
LOKIASV2_4403_ESMFold_NAD-dependent_succinate-semialdehyde_dehydrogenase	5m4x-assembly2.cif.gz_D	5m4x-assembly2.cif.gz_D Mutant glyceraldehyde dehydrogenase (F34M+Y399C+S405N) from Thermoplasma acidophilum	3.846E-40	1.000	1439	9	494	527	15	469	472	493	0.922	0.964
LOKIASV2_4403_ESMFold_NAD-dependent_succinate-semialdehyde_dehydrogenase	3rh9-assembly1.cif.gz_B	3rh9-assembly1.cif.gz_B The crystal structure of oxidoreductase from Marinobacter aquaeolei	8.681E-40	1.000	1439	11	474	527	24	476	476	476	0.880	0.952
LOKIASV2_4403_ESMFold_NAD-dependent_succinate-semialdehyde_dehydrogenase	5m4x-assembly1.cif.gz_B	5m4x-assembly1.cif.gz_B Mutant glyceraldehyde dehydrogenase (F34M+Y399C+S405N) from Thermoplasma acidophilum	5.045E-40	1.000	1437	9	494	527	15	465	468	493	0.922	0.964
LOKIASV2_4403_ESMFold_NAD-dependent_succinate-semialdehyde_dehydrogenase	4iym-assembly1.cif.gz_C	4iym-assembly1.cif.gz_C Crystal structure of putative methylmalonate-semialdehyde dehydrogenase from Sinorhizobium meliloti 1021 complexed with NAD, target 011934	4.188E-39	1.000	1437	9	482	527	19	491	491	487	0.899	0.963
LOKIASV2_4403_ESMFold_NAD-dependent_succinate-semialdehyde_dehydrogenase	4k57-assembly1.cif.gz_A	4k57-assembly1.cif.gz_A Structure of Thermus thermophilus 1-pyrroline-5-carboxylate dehydrogenase R100A mutant	2.134E-38	1.000	1436	9	475	527	48	515	516	479	0.886	0.907
LOKIASV2_4403_ESMFold_NAD-dependent_succinate-semialdehyde_dehydrogenase	2bhp-assembly1.cif.gz_A	2bhp-assembly1.cif.gz_A Crystal Analysis of 1-Pyrroline-5-Carboxylate Dehydrogenase from Thermus with bound NAD.	4.561E-38	1.000	1430	9	475	527	48	515	516	479	0.886	0.907
LOKIASV2_4403_ESMFold_NAD-dependent_succinate-semialdehyde_dehydrogenase	5ur2-assembly1.cif.gz_B	5ur2-assembly1.cif.gz_B Crystal structure of proline utilization A (PutA) from Bdellovibrio bacteriovorus inactivated by N-propargylglycine	5.084E-38	1.000	1428	9	475	527	483	949	959	476	0.886	0.487
LOKIASV2_4403_ESMFold_NAD-dependent_succinate-semialdehyde_dehydrogenase	1qi1-assembly1.cif.gz_A	1qi1-assembly1.cif.gz_A Ternary Complex of an NADP Dependent Aldehyde Dehydrogenase	6.466E-39	1.000	1426	11	477	527	16	474	474	473	0.886	0.968
LOKIASV2_4403_ESMFold_NAD-dependent_succinate-semialdehyde_dehydrogenase	2jg7-assembly1.cif.gz_B	2jg7-assembly1.cif.gz_B Crystal structure of Seabream Antiquitin and Elucidation of its substrate specificity	1.813E-38	1.000	1426	12	481	527	35	502	509	481	0.892	0.919
LOKIASV2_4403_ESMFold_NAD-dependent_succinate-semialdehyde_dehydrogenase	1zum-assembly2.cif.gz_E	1zum-assembly2.cif.gz_E Human Mitochondrial Aldehyde Dehydrogenase Asian Variant, ALDH2*2, Apo Form	9.981E-39	1.000	1420	10	481	527	27	469	469	477	0.896	0.945
LOKIASV2_4403_ESMFold_NAD-dependent_succinate-semialdehyde_dehydrogenase	2qe0-assembly1.cif.gz_C	2qe0-assembly1.cif.gz_C Thioacylenzyme Intermediate of GAPN from S. Mutans, New Data Integration and Refinement.	2.651E-38	1.000	1414	11	477	527	16	474	474	473	0.886	0.968
LOKIASV2_4403_ESMFold_NAD-dependent_succinate-semialdehyde_dehydrogenase	2w8n-assembly1.cif.gz_A	2w8n-assembly1.cif.gz_A The crystal structure of the oxidized form of human SSADH	1.717E-38	1.000	1410	11	477	527	18	480	480	478	0.886	0.965
LOKIASV2_4403_ESMFold_NAD-dependent_succinate-semialdehyde_dehydrogenase	1uzb-assembly1.cif.gz_B	1uzb-assembly1.cif.gz_B 1-PYRROLINE-5-CARBOXYLATE DEHYDROGENASE	1.030E-37	1.000	1405	9	475	527	48	515	516	479	0.886	0.907
LOKIASV2_4403_ESMFold_NAD-dependent_succinate-semialdehyde_dehydrogenase	7kqv-assembly1.cif.gz_A	7kqv-assembly1.cif.gz_A Crystal Structure of aldehyde dehydrogenase (ChALDH) from Cladosporium herbarum	8.748E-38	1.000	1396	10	475	527	20	448	449	471	0.884	0.955
LOKIASV2_4403_ESMFold_NAD-dependent_succinate-semialdehyde_dehydrogenase	6o4c-assembly2.cif.gz_F	6o4c-assembly2.cif.gz_F Structure of ALDH7A1 mutant W175A complexed with NAD	1.771E-37	1.000	1396	12	481	527	34	501	509	480	0.892	0.919
LOKIASV2_4403_ESMFold_NAD-dependent_succinate-semialdehyde_dehydrogenase	5m4x-assembly1.cif.gz_A	5m4x-assembly1.cif.gz_A Mutant glyceraldehyde dehydrogenase (F34M+Y399C+S405N) from Thermoplasma acidophilum	3.559E-39	1.000	1395	9	494	527	15	458	461	495	0.922	0.963
LOKIASV2_4403_ESMFold_NAD-dependent_succinate-semialdehyde_dehydrogenase	5ur2-assembly1.cif.gz_A	5ur2-assembly1.cif.gz_A Crystal structure of proline utilization A (PutA) from Bdellovibrio bacteriovorus inactivated by N-propargylglycine	4.968E-37	1.000	1394	9	477	527	480	948	956	478	0.890	0.491
LOKIASV2_4403_ESMFold_NAD-dependent_succinate-semialdehyde_dehydrogenase	5ur2-assembly2.cif.gz_D	5ur2-assembly2.cif.gz_D Crystal structure of proline utilization A (PutA) from Bdellovibrio bacteriovorus inactivated by N-propargylglycine	3.787E-37	1.000	1394	9	475	527	483	949	959	477	0.886	0.487
LOKIASV2_4403_ESMFold_NAD-dependent_succinate-semialdehyde_dehydrogenase	5m4x-assembly2.cif.gz_C	5m4x-assembly2.cif.gz_C Mutant glyceraldehyde dehydrogenase (F34M+Y399C+S405N) from Thermoplasma acidophilum	5.801E-39	1.000	1393	9	494	527	15	458	461	492	0.922	0.963
LOKIASV2_4403_ESMFold_NAD-dependent_succinate-semialdehyde_dehydrogenase	4nm9-assembly1.cif.gz_A	4nm9-assembly1.cif.gz_A Crystal structure of the resting state of proline utilization A (PutA) from Geobacter sulfurreducens PCA	1.030E-37	1.000	1393	10	477	527	495	963	977	478	0.888	0.480
LOKIASV2_4403_ESMFold_NAD-dependent_succinate-semialdehyde_dehydrogenase	6o4g-assembly2.cif.gz_H	6o4g-assembly2.cif.gz_H Structure of ALDH7A1 mutant P169S complexed with alpha-aminoadipate	1.426E-37	1.000	1391	12	479	527	34	499	509	478	0.888	0.916
LOKIASV2_4403_ESMFold_NAD-dependent_succinate-semialdehyde_dehydrogenase	6o4l-assembly1.cif.gz_C	6o4l-assembly1.cif.gz_C Structure of ALDH7A1 mutant E399D complexed with NAD	8.748E-38	1.000	1390	12	481	527	34	501	508	481	0.892	0.921
LOKIASV2_4403_ESMFold_NAD-dependent_succinate-semialdehyde_dehydrogenase	5fhz-assembly2.cif.gz_G	5fhz-assembly2.cif.gz_G Human aldehyde dehydrogenase 1A3 complexed with NAD(+) and retinoic acid	1.212E-37	1.000	1389	9	475	527	16	461	462	478	0.886	0.965
LOKIASV2_4403_ESMFold_NAD-dependent_succinate-semialdehyde_dehydrogenase	7na0-assembly1.cif.gz_A	7na0-assembly1.cif.gz_A Structure of Geobacter sulfurreducens proline utilization A (PutA) variant A206W	2.590E-37	1.000	1389	10	477	527	498	966	981	477	0.888	0.478
LOKIASV2_4403_ESMFold_NAD-dependent_succinate-semialdehyde_dehydrogenase	5ur2-assembly2.cif.gz_C	5ur2-assembly2.cif.gz_C Crystal structure of proline utilization A (PutA) from Bdellovibrio bacteriovorus inactivated by N-propargylglycine	5.245E-37	1.000	1388	9	477	527	482	950	958	479	0.890	0.490
LOKIASV2_4403_ESMFold_NAD-dependent_succinate-semialdehyde_dehydrogenase	6o4b-assembly1.cif.gz_D	6o4b-assembly1.cif.gz_D Structure of ALDH7A1 mutant W175G complexed with NAD	1.678E-37	1.000	1385	12	481	527	34	501	509	481	0.892	0.919
LOKIASV2_4403_ESMFold_NAD-dependent_succinate-semialdehyde_dehydrogenase	6v0z-assembly1.cif.gz_B	6v0z-assembly1.cif.gz_B Structure of ALDH7A1 mutant R441C complexed with NAD	1.426E-37	1.000	1384	12	481	527	34	501	509	481	0.892	0.919
LOKIASV2_4403_ESMFold_NAD-dependent_succinate-semialdehyde_dehydrogenase	6o4h-assembly2.cif.gz_G	6o4h-assembly2.cif.gz_G Structure of ALDH7A1 mutant A171V complexed with NAD	1.678E-37	1.000	1383	12	477	527	34	497	497	476	0.884	0.934
LOKIASV2_4403_ESMFold_NAD-dependent_succinate-semialdehyde_dehydrogenase	2j6l-assembly2.cif.gz_F	2j6l-assembly2.cif.gz_F Structure of aminoadipate-semialdehyde dehydrogenase	2.085E-37	1.000	1383	12	477	527	35	498	498	477	0.884	0.932
LOKIASV2_4403_ESMFold_NAD-dependent_succinate-semialdehyde_dehydrogenase	1bi9-assembly1.cif.gz_A	1bi9-assembly1.cif.gz_A RETINAL DEHYDROGENASE TYPE TWO WITH NAD BOUND	2.021E-38	1.000	1381	13	481	527	35	478	478	476	0.890	0.929
LOKIASV2_4403_ESMFold_NAD-dependent_succinate-semialdehyde_dehydrogenase	1zum-assembly2.cif.gz_F	1zum-assembly2.cif.gz_F Human Mitochondrial Aldehyde Dehydrogenase Asian Variant, ALDH2*2, Apo Form	5.084E-38	1.000	1377	10	481	527	27	468	468	481	0.896	0.944
LOKIASV2_4403_ESMFold_NAD-dependent_succinate-semialdehyde_dehydrogenase	6o4e-assembly1.cif.gz_C	6o4e-assembly1.cif.gz_C Structure of ALDH7A1 mutant N167S complexed with NAD	3.587E-37	1.000	1377	12	479	527	34	499	508	479	0.888	0.917
LOKIASV2_4403_ESMFold_NAD-dependent_succinate-semialdehyde_dehydrogenase	1zum-assembly1.cif.gz_D	1zum-assembly1.cif.gz_D Human Mitochondrial Aldehyde Dehydrogenase Asian Variant, ALDH2*2, Apo Form	8.748E-38	1.000	1376	10	481	527	27	468	468	477	0.896	0.944
LOKIASV2_4403_ESMFold_NAD-dependent_succinate-semialdehyde_dehydrogenase	4zz7-assembly2.cif.gz_G	4zz7-assembly2.cif.gz_G Crystal structure of methylmalonate-semialdehyde dehydrogenase (DddC) from Oceanimonas doudoroffii	5.245E-37	1.000	1375	9	480	527	15	485	487	484	0.896	0.967
LOKIASV2_4403_ESMFold_NAD-dependent_succinate-semialdehyde_dehydrogenase	6u2x-assembly2.cif.gz_G	6u2x-assembly2.cif.gz_G Structure of ALDH7A1 mutant E399G complexed with NAD	2.324E-37	1.000	1374	12	479	527	34	499	499	479	0.888	0.934
LOKIASV2_4403_ESMFold_NAD-dependent_succinate-semialdehyde_dehydrogenase	1zum-assembly3.cif.gz_J	1zum-assembly3.cif.gz_J Human Mitochondrial Aldehyde Dehydrogenase Asian Variant, ALDH2*2, Apo Form	9.236E-38	1.000	1369	10	481	527	27	467	467	479	0.896	0.944
LOKIASV2_4403_ESMFold_NAD-dependent_succinate-semialdehyde_dehydrogenase	1zum-assembly1.cif.gz_A	1zum-assembly1.cif.gz_A Human Mitochondrial Aldehyde Dehydrogenase Asian Variant, ALDH2*2, Apo Form	5.983E-38	1.000	1367	10	481	527	27	469	469	477	0.896	0.945
LOKIASV2_4403_ESMFold_NAD-dependent_succinate-semialdehyde_dehydrogenase	4nmb-assembly1.cif.gz_A	4nmb-assembly1.cif.gz_A Crystal structure of proline utilization A (PutA) from Geobacter sulfurreducens PCA in complex with L-lactate	5.245E-37	1.000	1366	10	477	527	494	962	976	478	0.888	0.481
LOKIASV2_4403_ESMFold_NAD-dependent_succinate-semialdehyde_dehydrogenase	4jz6-assembly1.cif.gz_A-2	4jz6-assembly1.cif.gz_A-2 Crystal structure of a salicylaldehyde dehydrogenase from Pseudomonas putida G7 complexed with salicylaldehyde	2.453E-37	1.000	1361	9	481	527	16	481	484	483	0.898	0.963
LOKIASV2_4403_ESMFold_NAD-dependent_succinate-semialdehyde_dehydrogenase	6o4k-assembly1.cif.gz_D	6o4k-assembly1.cif.gz_D Structure of ALDH7A1 mutant E399Q complexed with NAD	1.771E-37	1.000	1361	12	491	527	34	509	509	491	0.911	0.935
LOKIASV2_4403_ESMFold_NAD-dependent_succinate-semialdehyde_dehydrogenase	1zum-assembly3.cif.gz_I	1zum-assembly3.cif.gz_I Human Mitochondrial Aldehyde Dehydrogenase Asian Variant, ALDH2*2, Apo Form	6.669E-38	1.000	1357	10	481	527	27	468	468	482	0.896	0.944
LOKIASV2_4403_ESMFold_NAD-dependent_succinate-semialdehyde_dehydrogenase	4nmc-assembly1.cif.gz_A	4nmc-assembly1.cif.gz_A Crystal structure of oxidized proline utilization A (PutA) from Geobacter sulfurreducens PCA complexed with Zwittergent 3-12	1.250E-36	1.000	1357	10	477	527	460	928	941	478	0.888	0.498
LOKIASV2_4403_ESMFold_NAD-dependent_succinate-semialdehyde_dehydrogenase	4nme-assembly1.cif.gz_B	4nme-assembly1.cif.gz_B Crystal structure of proline utilization A (PutA) from Geobacter sulfurreducens PCA inactivated by N-propargylglycine	1.121E-36	1.000	1356	10	477	527	496	964	978	478	0.888	0.480
LOKIASV2_4403_ESMFold_NAD-dependent_succinate-semialdehyde_dehydrogenase	5fhz-assembly2.cif.gz_F	5fhz-assembly2.cif.gz_F Human aldehyde dehydrogenase 1A3 complexed with NAD(+) and retinoic acid	5.537E-37	1.000	1352	9	475	527	17	448	449	472	0.886	0.962
LOKIASV2_4403_ESMFold_NAD-dependent_succinate-semialdehyde_dehydrogenase	3r64-assembly1.cif.gz_B	3r64-assembly1.cif.gz_B Crystal structure of a NAD-dependent benzaldehyde dehydrogenase from Corynebacterium glutamicum	2.201E-37	1.000	1350	9	476	527	20	459	459	474	0.888	0.959
LOKIASV2_4403_ESMFold_NAD-dependent_succinate-semialdehyde_dehydrogenase	3r64-assembly1.cif.gz_A	3r64-assembly1.cif.gz_A Crystal structure of a NAD-dependent benzaldehyde dehydrogenase from Corynebacterium glutamicum	1.589E-37	1.000	1350	9	481	527	20	465	468	477	0.898	0.953
LOKIASV2_4403_ESMFold_NAD-dependent_succinate-semialdehyde_dehydrogenase	3r64-assembly1.cif.gz_C	3r64-assembly1.cif.gz_C Crystal structure of a NAD-dependent benzaldehyde dehydrogenase from Corynebacterium glutamicum	5.368E-38	1.000	1348	9	476	527	20	453	453	473	0.888	0.958
LOKIASV2_4403_ESMFold_NAD-dependent_succinate-semialdehyde_dehydrogenase	2w8o-assembly1.cif.gz_A	2w8o-assembly1.cif.gz_A The crystal structure of the reduced form of human SSADH	2.672E-36	1.000	1347	11	477	527	23	480	480	475	0.886	0.954
LOKIASV2_4403_ESMFold_NAD-dependent_succinate-semialdehyde_dehydrogenase	4nmf-assembly1.cif.gz_A	4nmf-assembly1.cif.gz_A Crystal structure of proline utilization A (PutA) from Geobacter sulfurreducens PCA inactivated by N-propargylglycine and complexed with menadione bisulfite	1.393E-36	1.000	1346	10	477	527	491	959	973	481	0.888	0.482
LOKIASV2_4403_ESMFold_NAD-dependent_succinate-semialdehyde_dehydrogenase	7kqv-assembly1.cif.gz_B-2	7kqv-assembly1.cif.gz_B-2 Crystal Structure of aldehyde dehydrogenase (ChALDH) from Cladosporium herbarum	1.393E-36	1.000	1344	13	473	527	25	456	460	465	0.875	0.939
LOKIASV2_4403_ESMFold_NAD-dependent_succinate-semialdehyde_dehydrogenase	4nmf-assembly1.cif.gz_B	4nmf-assembly1.cif.gz_B Crystal structure of proline utilization A (PutA) from Geobacter sulfurreducens PCA inactivated by N-propargylglycine and complexed with menadione bisulfite	2.270E-36	1.000	1344	10	477	527	497	965	979	478	0.888	0.479
LOKIASV2_4403_ESMFold_NAD-dependent_succinate-semialdehyde_dehydrogenase	1zum-assembly1.cif.gz_B	1zum-assembly1.cif.gz_B Human Mitochondrial Aldehyde Dehydrogenase Asian Variant, ALDH2*2, Apo Form	1.870E-37	1.000	1340	10	481	527	27	465	465	481	0.896	0.944
LOKIASV2_4403_ESMFold_NAD-dependent_succinate-semialdehyde_dehydrogenase	4nmd-assembly1.cif.gz_A	4nmd-assembly1.cif.gz_A Crystal structure of proline utilization A (PutA) from Geobacter sulfurreducens PCA reduced with dithionite	1.553E-36	1.000	1339	10	477	527	497	965	979	482	0.888	0.479
LOKIASV2_4403_ESMFold_NAD-dependent_succinate-semialdehyde_dehydrogenase	4nma-assembly1.cif.gz_A	4nma-assembly1.cif.gz_A Crystal structure of proline utilization A (PutA) from Geobacter sulfurreducens PCA in complex with L-tetrahydro-2-furoic acid	2.672E-36	1.000	1338	10	477	527	495	963	977	481	0.888	0.480
LOKIASV2_4403_ESMFold_NAD-dependent_succinate-semialdehyde_dehydrogenase	4nma-assembly1.cif.gz_B	4nma-assembly1.cif.gz_B Crystal structure of proline utilization A (PutA) from Geobacter sulfurreducens PCA in complex with L-tetrahydro-2-furoic acid	3.320E-36	1.000	1338	10	477	527	497	965	979	478	0.888	0.479
LOKIASV2_4403_ESMFold_NAD-dependent_succinate-semialdehyde_dehydrogenase	4zvw-assembly1.cif.gz_D	4zvw-assembly1.cif.gz_D Structure of apo human ALDH7A1 in space group C2	2.672E-36	1.000	1332	12	481	527	33	500	508	481	0.892	0.921
LOKIASV2_4403_ESMFold_NAD-dependent_succinate-semialdehyde_dehydrogenase	4nmc-assembly1.cif.gz_B	4nmc-assembly1.cif.gz_B Crystal structure of oxidized proline utilization A (PutA) from Geobacter sulfurreducens PCA complexed with Zwittergent 3-12	8.548E-37	1.000	1332	10	481	527	489	963	969	488	0.896	0.490
LOKIASV2_4403_ESMFold_NAD-dependent_succinate-semialdehyde_dehydrogenase	7na0-assembly1.cif.gz_B	7na0-assembly1.cif.gz_B Structure of Geobacter sulfurreducens proline utilization A (PutA) variant A206W	5.410E-36	1.000	1330	10	477	527	495	963	978	478	0.888	0.480
LOKIASV2_4403_ESMFold_NAD-dependent_succinate-semialdehyde_dehydrogenase	4nme-assembly1.cif.gz_A	4nme-assembly1.cif.gz_A Crystal structure of proline utilization A (PutA) from Geobacter sulfurreducens PCA inactivated by N-propargylglycine	2.978E-36	1.000	1327	10	477	527	490	958	972	482	0.888	0.483
LOKIASV2_4403_ESMFold_NAD-dependent_succinate-semialdehyde_dehydrogenase	4nmb-assembly1.cif.gz_B	4nmb-assembly1.cif.gz_B Crystal structure of proline utilization A (PutA) from Geobacter sulfurreducens PCA in complex with L-lactate	5.410E-36	1.000	1326	10	477	527	494	962	976	481	0.888	0.481
LOKIASV2_4403_ESMFold_NAD-dependent_succinate-semialdehyde_dehydrogenase	1uxv-assembly1.cif.gz_A	1uxv-assembly1.cif.gz_A Structural basis for allosteric regulation and substrate specificity of the non-phosphorylating glyceraldehyde-3-phosphate dehydrogenase (GAPN) from Thermoproteus tenax	1.121E-36	1.000	1311	9	480	527	27	497	499	485	0.896	0.944
LOKIASV2_4403_ESMFold_NAD-dependent_succinate-semialdehyde_dehydrogenase	4kna-assembly1.cif.gz_B	4kna-assembly1.cif.gz_B Crystal structure of an N-succinylglutamate 5-semialdehyde dehydrogenase from Burkholderia thailandensis	8.351E-36	1.000	1304	9	481	527	12	477	486	477	0.898	0.959
LOKIASV2_4403_ESMFold_NAD-dependent_succinate-semialdehyde_dehydrogenase	1zum-assembly3.cif.gz_L	1zum-assembly3.cif.gz_L Human Mitochondrial Aldehyde Dehydrogenase Asian Variant, ALDH2*2, Apo Form	2.672E-36	1.000	1303	10	481	527	27	462	462	481	0.896	0.944
LOKIASV2_4403_ESMFold_NAD-dependent_succinate-semialdehyde_dehydrogenase	3r64-assembly1.cif.gz_D	3r64-assembly1.cif.gz_D Crystal structure of a NAD-dependent benzaldehyde dehydrogenase from Corynebacterium glutamicum	2.978E-36	1.000	1300	9	474	527	21	458	459	471	0.884	0.954
LOKIASV2_4403_ESMFold_NAD-dependent_succinate-semialdehyde_dehydrogenase	3ju8-assembly1.cif.gz_B	3ju8-assembly1.cif.gz_B Crystal Structure of Succinylglutamic Semialdehyde Dehydrogenase from Pseudomonas aeruginosa.	1.095E-35	1.000	1300	12	481	527	16	478	485	476	0.892	0.955
LOKIASV2_4403_ESMFold_NAD-dependent_succinate-semialdehyde_dehydrogenase	4pxn-assembly1.cif.gz_A	4pxn-assembly1.cif.gz_A Structure of Zm ALDH7 in complex with NAD	4.742E-35	1.000	1296	9	481	527	27	496	498	485	0.898	0.944
LOKIASV2_4403_ESMFold_NAD-dependent_succinate-semialdehyde_dehydrogenase	4x0u-assembly2.cif.gz_D-2	4x0u-assembly2.cif.gz_D-2 Structure ALDH7A1 inactivated by 4-diethylaminobenzaldehyde	1.393E-36	1.000	1295	12	475	527	34	485	487	474	0.880	0.928
LOKIASV2_4403_ESMFold_NAD-dependent_succinate-semialdehyde_dehydrogenase	6rts-assembly1.cif.gz_A	6rts-assembly1.cif.gz_A Piperideine-6-carboxylate dehydrogenase from Streptomyces clavuligerus complexed with NAD+	6.220E-35	1.000	1291	12	481	527	31	501	509	482	0.892	0.925
LOKIASV2_4403_ESMFold_NAD-dependent_succinate-semialdehyde_dehydrogenase	4dng-assembly1.cif.gz_B	4dng-assembly1.cif.gz_B Crystal structure of putative aldehyde dehydrogenase from Bacillus subtilis subsp. subtilis str. 168	1.517E-35	1.000	1289	9	476	527	19	447	447	470	0.888	0.960
LOKIASV2_4403_ESMFold_NAD-dependent_succinate-semialdehyde_dehydrogenase	6dbb-assembly1.cif.gz_A	6dbb-assembly1.cif.gz_A Crystal structure of a Putative aldehyde dehydrogenase family protein Burkholderia cenocepacia J2315 in complex with partially reduced NADH	1.990E-35	1.000	1289	14	481	527	23	495	504	487	0.888	0.938
LOKIASV2_4403_ESMFold_NAD-dependent_succinate-semialdehyde_dehydrogenase	5u0m-assembly1.cif.gz_B	5u0m-assembly1.cif.gz_B Fatty aldehyde dehydrogenase from Marinobacter aquaeolei VT8 and cofactor complex	1.437E-35	1.000	1284	13	482	527	18	479	487	476	0.892	0.949
LOKIASV2_4403_ESMFold_NAD-dependent_succinate-semialdehyde_dehydrogenase	6rtu-assembly1.cif.gz_A-2	6rtu-assembly1.cif.gz_A-2 Piperideine-6-carboxylate dehydrogenase from Streptomyces clavuligerus complexed with alpha-aminoadipic acid	1.193E-34	1.000	1282	12	481	527	30	497	505	481	0.892	0.927
LOKIASV2_4403_ESMFold_NAD-dependent_succinate-semialdehyde_dehydrogenase	6bjp-assembly1.cif.gz_A-2	6bjp-assembly1.cif.gz_A-2 Apo form of the E124S mutant of betaine aldehyde dehydrogenase from Pseudomonas aeruginosa	1.121E-36	1.000	1279	9	481	527	18	458	460	484	0.898	0.959
LOKIASV2_4403_ESMFold_NAD-dependent_succinate-semialdehyde_dehydrogenase	6bjp-assembly1.cif.gz_D-2	6bjp-assembly1.cif.gz_D-2 Apo form of the E124S mutant of betaine aldehyde dehydrogenase from Pseudomonas aeruginosa	1.121E-36	1.000	1279	9	481	527	18	459	461	482	0.898	0.959
LOKIASV2_4403_ESMFold_NAD-dependent_succinate-semialdehyde_dehydrogenase	4zvx-assembly1.cif.gz_A	4zvx-assembly1.cif.gz_A Structure of apo human ALDH7A1 in space group P4212	5.124E-36	1.000	1274	12	477	527	34	474	474	476	0.884	0.930
LOKIASV2_4403_ESMFold_NAD-dependent_succinate-semialdehyde_dehydrogenase	4x0u-assembly1.cif.gz_B-3	4x0u-assembly1.cif.gz_B-3 Structure ALDH7A1 inactivated by 4-diethylaminobenzaldehyde	3.906E-36	1.000	1272	12	475	527	34	482	484	474	0.880	0.928
LOKIASV2_4403_ESMFold_NAD-dependent_succinate-semialdehyde_dehydrogenase	4i3x-assembly2.cif.gz_C	4i3x-assembly2.cif.gz_C Structure of phosphonoacetaldehyde dehydrogenase in complex with phosphonoacetate and cofactor NAD+	2.910E-35	1.000	1269	9	475	527	13	473	475	480	0.886	0.971
LOKIASV2_4403_ESMFold_NAD-dependent_succinate-semialdehyde_dehydrogenase	1ky8-assembly1.cif.gz_A	1ky8-assembly1.cif.gz_A Crystal Structure of the Non-phosphorylating glyceraldehyde-3-phosphate Dehydrogenase	2.473E-35	1.000	1256	9	480	527	27	497	499	487	0.896	0.944
LOKIASV2_4403_ESMFold_NAD-dependent_succinate-semialdehyde_dehydrogenase	6bjp-assembly1.cif.gz_C	6bjp-assembly1.cif.gz_C Apo form of the E124S mutant of betaine aldehyde dehydrogenase from Pseudomonas aeruginosa	3.144E-36	1.000	1251	9	481	527	18	461	463	484	0.898	0.959
LOKIASV2_4403_ESMFold_NAD-dependent_succinate-semialdehyde_dehydrogenase	6rtr-assembly1.cif.gz_A	6rtr-assembly1.cif.gz_A Piperideine-6-carboxylate dehydrogenase from Streptomyces clavuligerus	2.416E-34	1.000	1251	12	481	527	32	497	505	482	0.892	0.923
LOKIASV2_4403_ESMFold_NAD-dependent_succinate-semialdehyde_dehydrogenase	3v9l-assembly1.cif.gz_A	3v9l-assembly1.cif.gz_A Crystal structure of mouse 1-pyrroline-5-carboxylate dehydrogenase complexed with NAD+	8.351E-36	1.000	1251	9	490	527	45	534	534	501	0.915	0.918
LOKIASV2_4403_ESMFold_NAD-dependent_succinate-semialdehyde_dehydrogenase	6bjp-assembly1.cif.gz_B	6bjp-assembly1.cif.gz_B Apo form of the E124S mutant of betaine aldehyde dehydrogenase from Pseudomonas aeruginosa	5.410E-36	1.000	1250	9	481	527	18	464	466	486	0.898	0.959
LOKIASV2_4403_ESMFold_NAD-dependent_succinate-semialdehyde_dehydrogenase	4dng-assembly1.cif.gz_A	4dng-assembly1.cif.gz_A Crystal structure of putative aldehyde dehydrogenase from Bacillus subtilis subsp. subtilis str. 168	7.320E-35	1.000	1249	9	476	527	19	452	452	472	0.888	0.960
LOKIASV2_4403_ESMFold_NAD-dependent_succinate-semialdehyde_dehydrogenase	4zvy-assembly1.cif.gz_A-2	4zvy-assembly1.cif.gz_A-2 Structure of human ALDH7A1 complexed with NAD+ in space group P4212	2.473E-35	1.000	1247	12	475	527	34	471	472	474	0.880	0.928
LOKIASV2_4403_ESMFold_NAD-dependent_succinate-semialdehyde_dehydrogenase	3v9g-assembly1.cif.gz_B	3v9g-assembly1.cif.gz_B Crystal structure of human 1-pyrroline-5-carboxylate dehydrogenase	8.351E-36	1.000	1240	10	490	527	53	541	541	502	0.913	0.904
LOKIASV2_4403_ESMFold_NAD-dependent_succinate-semialdehyde_dehydrogenase	7w5l-assembly1.cif.gz_A	7w5l-assembly1.cif.gz_A The crystal structure of the oxidized form of Gluconobacter oxydans WSH-004 SNDH	5.581E-35	1.000	1239	8	475	527	20	456	457	474	0.888	0.956
LOKIASV2_4403_ESMFold_NAD-dependent_succinate-semialdehyde_dehydrogenase	6rtu-assembly1.cif.gz_B-2	6rtu-assembly1.cif.gz_B-2 Piperideine-6-carboxylate dehydrogenase from Streptomyces clavuligerus complexed with alpha-aminoadipic acid	1.744E-34	1.000	1239	12	481	527	29	493	502	486	0.892	0.926
LOKIASV2_4403_ESMFold_NAD-dependent_succinate-semialdehyde_dehydrogenase	1zum-assembly3.cif.gz_K	1zum-assembly3.cif.gz_K Human Mitochondrial Aldehyde Dehydrogenase Asian Variant, ALDH2*2, Apo Form	2.910E-35	1.000	1236	10	481	527	27	456	456	479	0.896	0.943
LOKIASV2_4403_ESMFold_NAD-dependent_succinate-semialdehyde_dehydrogenase	1uxn-assembly1.cif.gz_A	1uxn-assembly1.cif.gz_A Structural basis for allosteric regulation and substrate specificity of the non-phosphorylating glyceraldehyde-3-phosphate dehydrogenase (GAPN) from Thermoproteus tenax	1.482E-34	1.000	1229	9	480	527	27	497	499	486	0.896	0.944
LOKIASV2_4403_ESMFold_NAD-dependent_succinate-semialdehyde_dehydrogenase	4x0u-assembly2.cif.gz_C-2	4x0u-assembly2.cif.gz_C-2 Structure ALDH7A1 inactivated by 4-diethylaminobenzaldehyde	7.320E-35	1.000	1225	12	477	527	34	473	485	476	0.884	0.907
LOKIASV2_4403_ESMFold_NAD-dependent_succinate-semialdehyde_dehydrogenase	7yjj-assembly1.cif.gz_E	7yjj-assembly1.cif.gz_E Human Cytosolic 10-formyltetrahydrofolate dehydrogenase and Gossypol complex	5.452E-34	1.000	1224	12	474	527	33	496	498	470	0.879	0.932
LOKIASV2_4403_ESMFold_NAD-dependent_succinate-semialdehyde_dehydrogenase	3v9h-assembly2.cif.gz_C	3v9h-assembly2.cif.gz_C Crystal structure of human 1-pyrroline-5-carboxylate dehydrogenase mutant S352A	6.934E-35	1.000	1222	10	488	527	53	537	538	497	0.909	0.901
LOKIASV2_4403_ESMFold_NAD-dependent_succinate-semialdehyde_dehydrogenase	3v9h-assembly1.cif.gz_B	3v9h-assembly1.cif.gz_B Crystal structure of human 1-pyrroline-5-carboxylate dehydrogenase mutant S352A	4.492E-35	1.000	1214	10	490	527	53	541	541	504	0.913	0.904
LOKIASV2_4403_ESMFold_NAD-dependent_succinate-semialdehyde_dehydrogenase	3v9h-assembly2.cif.gz_D	3v9h-assembly2.cif.gz_D Crystal structure of human 1-pyrroline-5-carboxylate dehydrogenase mutant S352A	5.581E-35	1.000	1213	10	488	527	49	530	531	498	0.909	0.908
LOKIASV2_4403_ESMFold_NAD-dependent_succinate-semialdehyde_dehydrogenase	4q71-assembly1.cif.gz_B-2	4q71-assembly1.cif.gz_B-2 Crystal Structure of Bradyrhizobium japonicum Proline Utilization A (PutA) Mutant D779W	1.079E-32	1.000	1202	30	475	527	525	965	970	454	0.846	0.455
LOKIASV2_4403_ESMFold_NAD-dependent_succinate-semialdehyde_dehydrogenase	5myp-assembly1.cif.gz_B	5myp-assembly1.cif.gz_B Structure of apo-TbALDH3	6.220E-35	1.000	1200	30	501	527	6	484	485	491	0.896	0.988
LOKIASV2_4403_ESMFold_NAD-dependent_succinate-semialdehyde_dehydrogenase	4qgk-assembly1.cif.gz_B	4qgk-assembly1.cif.gz_B Structure of the Human Sjogren Larsson Syndrome enzyme fatty aldehyde dehydrogenase (FALDH)	7.152E-34	1.000	1197	36	498	527	2	453	458	467	0.879	0.987
LOKIASV2_4403_ESMFold_NAD-dependent_succinate-semialdehyde_dehydrogenase	8bb8-assembly1.cif.gz_A	8bb8-assembly1.cif.gz_A Crystal structure of human aldehyde dehydrogenase ALDH3A1 in complex with octanal	1.046E-33	1.000	1192	35	485	527	2	439	447	454	0.856	0.980
LOKIASV2_4403_ESMFold_NAD-dependent_succinate-semialdehyde_dehydrogenase	6bsn-assembly1.cif.gz_B-2	6bsn-assembly1.cif.gz_B-2 Structure of proline utilization A (PutA) with proline bound in remote sites	1.665E-32	1.000	1192	30	475	527	529	969	973	454	0.846	0.453
LOKIASV2_4403_ESMFold_NAD-dependent_succinate-semialdehyde_dehydrogenase	6k0z-assembly1.cif.gz_A	6k0z-assembly1.cif.gz_A Substrate bound state of Staphylococcus Aureus AldH	2.236E-33	1.000	1191	36	501	527	4	457	458	466	0.884	0.991
LOKIASV2_4403_ESMFold_NAD-dependent_succinate-semialdehyde_dehydrogenase	5ucd-assembly1.cif.gz_B	5ucd-assembly1.cif.gz_B Benzaldehyde Dehydrogenase, a Class 3 Aldehyde Dehydrogenase, with bound NADP+ and Benzoate Adduct	2.306E-32	1.000	1183	30	473	527	2	431	434	446	0.843	0.991
LOKIASV2_4403_ESMFold_NAD-dependent_succinate-semialdehyde_dehydrogenase	4l1o-assembly1.cif.gz_A	4l1o-assembly1.cif.gz_A Crystal structure of human ALDH3A1 with inhibitor 1-{[4-(1,3-benzodioxol-5-ylmethyl)piperazin-1-yl]methyl}-1H-indole-2,3-dione	2.631E-33	1.000	1183	35	482	527	2	436	447	451	0.850	0.973
LOKIASV2_4403_ESMFold_NAD-dependent_succinate-semialdehyde_dehydrogenase	4x0u-assembly1.cif.gz_A-3	4x0u-assembly1.cif.gz_A-3 Structure ALDH7A1 inactivated by 4-diethylaminobenzaldehyde	1.046E-33	1.000	1176	12	481	527	34	476	477	480	0.892	0.929
LOKIASV2_4403_ESMFold_NAD-dependent_succinate-semialdehyde_dehydrogenase	4q71-assembly1.cif.gz_A-2	4q71-assembly1.cif.gz_A-2 Crystal Structure of Bradyrhizobium japonicum Proline Utilization A (PutA) Mutant D779W	7.208E-32	1.000	1173	30	475	527	528	968	972	454	0.846	0.454
LOKIASV2_4403_ESMFold_NAD-dependent_succinate-semialdehyde_dehydrogenase	1ad3-assembly1.cif.gz_B	1ad3-assembly1.cif.gz_B CLASS 3 ALDEHYDE DEHYDROGENASE COMPLEX WITH NICOTINAMIDE-ADENINE-DINUCLEOTIDE	3.643E-33	1.000	1172	38	485	527	4	439	446	452	0.850	0.978
LOKIASV2_4403_ESMFold_NAD-dependent_succinate-semialdehyde_dehydrogenase	6qao-assembly2.cif.gz_F	6qao-assembly2.cif.gz_F Structure of human aldehyde dehydrogenase 9A1 in P21 space group	1.404E-34	1.000	1172	8	481	527	24	468	470	479	0.899	0.947
LOKIASV2_4403_ESMFold_NAD-dependent_succinate-semialdehyde_dehydrogenase	5nno-assembly1.cif.gz_B	5nno-assembly1.cif.gz_B Structure of TbALDH3 complexed with NAD and AN3057 aldehyde	1.900E-33	1.000	1158	28	500	527	4	483	484	493	0.898	0.992
LOKIASV2_4403_ESMFold_NAD-dependent_succinate-semialdehyde_dehydrogenase	6qap-assembly1.cif.gz_C	6qap-assembly1.cif.gz_C Structure of the human aldehyde dehydrogenase 9A1 in C2 space group	4.633E-34	1.000	1154	8	481	527	24	469	471	487	0.899	0.947
LOKIASV2_4403_ESMFold_NAD-dependent_succinate-semialdehyde_dehydrogenase	6bsn-assembly1.cif.gz_A-2	6bsn-assembly1.cif.gz_A-2 Structure of proline utilization A (PutA) with proline bound in remote sites	2.511E-31	1.000	1154	30	475	527	529	969	973	454	0.846	0.453
LOKIASV2_4403_ESMFold_NAD-dependent_succinate-semialdehyde_dehydrogenase	6qao-assembly2.cif.gz_H	6qao-assembly2.cif.gz_H Structure of human aldehyde dehydrogenase 9A1 in P21 space group	9.382E-34	1.000	1151	8	481	527	24	466	468	482	0.899	0.947
LOKIASV2_4403_ESMFold_NAD-dependent_succinate-semialdehyde_dehydrogenase	4q72-assembly1.cif.gz_B-2	4q72-assembly1.cif.gz_B-2 Crystal Structure of Bradyrhizobium japonicum Proline Utilization A (PutA) Mutant D779Y	2.651E-31	1.000	1151	30	475	527	524	964	969	454	0.846	0.455
LOKIASV2_4403_ESMFold_NAD-dependent_succinate-semialdehyde_dehydrogenase	4q72-assembly1.cif.gz_A-2	4q72-assembly1.cif.gz_A-2 Crystal Structure of Bradyrhizobium japonicum Proline Utilization A (PutA) Mutant D779Y	4.093E-31	1.000	1149	30	475	527	526	966	971	454	0.846	0.454
LOKIASV2_4403_ESMFold_NAD-dependent_succinate-semialdehyde_dehydrogenase	6qap-assembly1.cif.gz_B	6qap-assembly1.cif.gz_B Structure of the human aldehyde dehydrogenase 9A1 in C2 space group	1.299E-33	1.000	1148	8	481	527	24	468	470	480	0.899	0.947
LOKIASV2_4403_ESMFold_NAD-dependent_succinate-semialdehyde_dehydrogenase	4q73-assembly1.cif.gz_A-2	4q73-assembly1.cif.gz_A-2 Crystal Structure of Bradyrhizobium japonicum Proline Utilization A (PutA) Mutant D778Y	6.671E-31	1.000	1145	30	475	527	526	966	971	454	0.846	0.454
LOKIASV2_4403_ESMFold_NAD-dependent_succinate-semialdehyde_dehydrogenase	6mvu-assembly1.cif.gz_A	6mvu-assembly1.cif.gz_A Structure of a bacterial ALDH16 active site mutant C295A complexed with p-nitrophenylacetate	6.269E-33	1.000	1142	9	469	527	28	462	752	474	0.875	0.578
LOKIASV2_4403_ESMFold_NAD-dependent_succinate-semialdehyde_dehydrogenase	4q73-assembly1.cif.gz_B-2	4q73-assembly1.cif.gz_B-2 Crystal Structure of Bradyrhizobium japonicum Proline Utilization A (PutA) Mutant D778Y	7.435E-31	1.000	1141	30	475	527	525	965	970	454	0.846	0.455
LOKIASV2_4403_ESMFold_NAD-dependent_succinate-semialdehyde_dehydrogenase	6vwf-assembly1.cif.gz_A	6vwf-assembly1.cif.gz_A Structure of ALDH9A1 complexed with NAD+ in space group C222	1.960E-32	1.000	1140	8	481	527	23	448	450	479	0.899	0.947
LOKIASV2_4403_ESMFold_NAD-dependent_succinate-semialdehyde_dehydrogenase	6qao-assembly2.cif.gz_G	6qao-assembly2.cif.gz_G Structure of human aldehyde dehydrogenase 9A1 in P21 space group	2.236E-33	1.000	1140	8	481	527	24	467	469	486	0.899	0.947
LOKIASV2_4403_ESMFold_NAD-dependent_succinate-semialdehyde_dehydrogenase	3haz-assembly1.cif.gz_A-2	3haz-assembly1.cif.gz_A-2 Crystal structure of bifunctional proline utilization A (PutA) protein	3.877E-31	1.000	1138	22	475	527	533	978	983	462	0.861	0.454
LOKIASV2_4403_ESMFold_NAD-dependent_succinate-semialdehyde_dehydrogenase	6qao-assembly2.cif.gz_E	6qao-assembly2.cif.gz_E Structure of human aldehyde dehydrogenase 9A1 in P21 space group	5.938E-33	1.000	1126	8	481	527	24	463	465	488	0.899	0.946
LOKIASV2_4403_ESMFold_NAD-dependent_succinate-semialdehyde_dehydrogenase	3haz-assembly1.cif.gz_B-2	3haz-assembly1.cif.gz_B-2 Crystal structure of bifunctional proline utilization A (PutA) protein	1.506E-30	1.000	1125	30	475	527	529	969	974	454	0.846	0.453
LOKIASV2_4403_ESMFold_NAD-dependent_succinate-semialdehyde_dehydrogenase	6mvs-assembly1.cif.gz_A	6mvs-assembly1.cif.gz_A Structure of a bacterial ALDH16 complexed with NAD	2.435E-32	1.000	1122	9	469	527	28	462	751	471	0.875	0.579
LOKIASV2_4403_ESMFold_NAD-dependent_succinate-semialdehyde_dehydrogenase	5iuu-assembly1.cif.gz_B-2	5iuu-assembly1.cif.gz_B-2 Crystal Structure of Indole-3-acetaldehyde Dehydrogenase in Apo form	6.827E-32	1.000	1117	9	475	527	30	422	423	476	0.886	0.929
LOKIASV2_4403_ESMFold_NAD-dependent_succinate-semialdehyde_dehydrogenase	6x99-assembly3.cif.gz_A	6x99-assembly3.cif.gz_A Structure of proline utilization A with D-proline bound in the L-glutamate-gamma-semialdehyde dehydrogenase active site	8.483E-32	1.000	1079	9	499	527	568	1055	1216	514	0.932	0.401
LOKIASV2_4403_ESMFold_NAD-dependent_succinate-semialdehyde_dehydrogenase	5iuu-assembly1.cif.gz_A-2	5iuu-assembly1.cif.gz_A-2 Crystal Structure of Indole-3-acetaldehyde Dehydrogenase in Apo form	2.253E-31	1.000	1078	9	475	527	30	435	436	475	0.886	0.931
LOKIASV2_4403_ESMFold_NAD-dependent_succinate-semialdehyde_dehydrogenase	4oe5-assembly2.cif.gz_D	4oe5-assembly2.cif.gz_D Structure of Human ALDH4A1 Crystallized in Space Group P21	3.025E-32	1.000	1074	9	475	527	52	506	507	488	0.886	0.897
LOKIASV2_4403_ESMFold_NAD-dependent_succinate-semialdehyde_dehydrogenase	6x9c-assembly3.cif.gz_B	6x9c-assembly3.cif.gz_B Structure of proline utilization A with L-proline bound in the L-glutamate-gamma-semialdehyde dehydrogenase active site	1.054E-31	1.000	1061	9	507	527	564	1043	1208	519	0.947	0.397
LOKIASV2_4403_ESMFold_NAD-dependent_succinate-semialdehyde_dehydrogenase	6ufp-assembly1.cif.gz_B	6ufp-assembly1.cif.gz_B Structure of proline utilization A with the FAD covalently modified by L-thiazolidine-2-carboxylate and three cysteines (Cys46, Cys470, Cys638) modified to S,S-(2-HYDROXYETHYL)THIOCYSTEINE	2.651E-31	1.000	1056	9	499	527	551	1038	1197	515	0.932	0.408
LOKIASV2_4403_ESMFold_NAD-dependent_succinate-semialdehyde_dehydrogenase	4oe5-assembly2.cif.gz_C	4oe5-assembly2.cif.gz_C Structure of Human ALDH4A1 Crystallized in Space Group P21	1.382E-31	1.000	1055	10	475	527	53	519	520	487	0.884	0.898
LOKIASV2_4403_ESMFold_NAD-dependent_succinate-semialdehyde_dehydrogenase	6x99-assembly2.cif.gz_B	6x99-assembly2.cif.gz_B Structure of proline utilization A with D-proline bound in the L-glutamate-gamma-semialdehyde dehydrogenase active site	3.672E-31	1.000	1052	9	502	527	566	1039	1214	514	0.937	0.390
LOKIASV2_4403_ESMFold_NAD-dependent_succinate-semialdehyde_dehydrogenase	4oe5-assembly1.cif.gz_B	4oe5-assembly1.cif.gz_B Structure of Human ALDH4A1 Crystallized in Space Group P21	3.120E-31	1.000	1045	10	475	527	53	521	522	487	0.884	0.898
LOKIASV2_4403_ESMFold_NAD-dependent_succinate-semialdehyde_dehydrogenase	6x9a-assembly3.cif.gz_B	6x9a-assembly3.cif.gz_B Structure of proline utilization A with trans-4-hydroxy-D-proline bound in the L-glutamate-gamma-semialdehyde dehydrogenase active site	1.351E-30	1.000	1045	9	502	527	565	1038	1213	511	0.937	0.391
LOKIASV2_4403_ESMFold_NAD-dependent_succinate-semialdehyde_dehydrogenase	6ufp-assembly1.cif.gz_A	6ufp-assembly1.cif.gz_A Structure of proline utilization A with the FAD covalently modified by L-thiazolidine-2-carboxylate and three cysteines (Cys46, Cys470, Cys638) modified to S,S-(2-HYDROXYETHYL)THIOCYSTEINE	5.984E-31	1.000	1036	9	502	527	551	1024	1197	514	0.937	0.396
LOKIASV2_4403_ESMFold_NAD-dependent_succinate-semialdehyde_dehydrogenase	6vz9-assembly1.cif.gz_A	6vz9-assembly1.cif.gz_A Structure of proline utilization A with the FAD covalently modified by L-thiazolidine-2-carboxylate	2.201E-30	1.000	1034	9	499	527	569	1056	1217	514	0.932	0.401
LOKIASV2_4403_ESMFold_NAD-dependent_succinate-semialdehyde_dehydrogenase	6x9b-assembly1.cif.gz_A	6x9b-assembly1.cif.gz_A Structure of proline utilization A with cis-4-hydroxy-D-proline bound in the L-glutamate-gamma-semialdehyde dehydrogenase active site	1.279E-30	1.000	1031	9	499	527	566	1053	1214	515	0.932	0.402
LOKIASV2_4403_ESMFold_NAD-dependent_succinate-semialdehyde_dehydrogenase	7my9-assembly1.cif.gz_A	7my9-assembly1.cif.gz_A Structure of proline utilization A with 1,3-dithiolane-2-carboxylate bound in the proline dehydrogenase active site	2.201E-30	1.000	1031	9	499	527	568	1055	1216	515	0.932	0.401
LOKIASV2_4403_ESMFold_NAD-dependent_succinate-semialdehyde_dehydrogenase	6x9d-assembly3.cif.gz_A	6x9d-assembly3.cif.gz_A Structure of proline utilization A with trans-4-hydroxy-L-proline bound in the L-glutamate-gamma-semialdehyde dehydrogenase active site	2.454E-30	1.000	1031	9	499	527	570	1057	1218	514	0.932	0.401
LOKIASV2_4403_ESMFold_NAD-dependent_succinate-semialdehyde_dehydrogenase	7kqv-assembly1.cif.gz_C-2	7kqv-assembly1.cif.gz_C-2 Crystal Structure of aldehyde dehydrogenase (ChALDH) from Cladosporium herbarum	9.310E-29	1.000	1027	11	479	527	22	399	399	476	0.890	0.947
LOKIASV2_4403_ESMFold_NAD-dependent_succinate-semialdehyde_dehydrogenase	7mya-assembly1.cif.gz_A	7mya-assembly1.cif.gz_A Structure of proline utilization A with the FAD covalently-modified by 1,3-dithiolane	4.222E-30	1.000	1024	9	499	527	569	1056	1217	514	0.932	0.401
LOKIASV2_4403_ESMFold_NAD-dependent_succinate-semialdehyde_dehydrogenase	5kf6-assembly3.cif.gz_B	5kf6-assembly3.cif.gz_B Structure of proline utilization A from Sinorhizobium meliloti complexed with L-tetrahydrofuroic acid and NAD+ in space group P21	1.121E-29	1.000	1006	9	507	527	554	1033	1200	516	0.947	0.400
LOKIASV2_4403_ESMFold_NAD-dependent_succinate-semialdehyde_dehydrogenase	5kf6-assembly3.cif.gz_A	5kf6-assembly3.cif.gz_A Structure of proline utilization A from Sinorhizobium meliloti complexed with L-tetrahydrofuroic acid and NAD+ in space group P21	1.184E-29	1.000	1006	9	499	527	561	1048	1207	514	0.932	0.404
LOKIASV2_4403_ESMFold_NAD-dependent_succinate-semialdehyde_dehydrogenase	4oe5-assembly1.cif.gz_A	4oe5-assembly1.cif.gz_A Structure of Human ALDH4A1 Crystallized in Space Group P21	6.881E-30	1.000	1002	10	475	527	53	504	505	485	0.884	0.895
LOKIASV2_4403_ESMFold_NAD-dependent_succinate-semialdehyde_dehydrogenase	4ns3-assembly1.cif.gz_B	4ns3-assembly1.cif.gz_B Crystal structure of the Delta-pyrroline-5-carboxylate dehydrogenase from Mycobacterium tuberculosis bound with NAD and cobalamin	8.549E-30	1.000	994	9	490	527	54	541	542	505	0.915	0.900
LOKIASV2_4403_ESMFold_NAD-dependent_succinate-semialdehyde_dehydrogenase	5tjr-assembly1.cif.gz_B	5tjr-assembly1.cif.gz_B X-ray Crystal structure of a methylmalonate semialdehyde dehydrogenase from Pseudomonas sp. AAC	4.222E-30	1.000	993	9	481	527	15	457	465	489	0.898	0.953
LOKIASV2_4403_ESMFold_NAD-dependent_succinate-semialdehyde_dehydrogenase	4oe4-assembly1.cif.gz_A	4oe4-assembly1.cif.gz_A Crystal Structure of Yeast ALDH4A1 Complexed with NAD+	3.145E-29	1.000	988	6	479	527	31	479	479	494	0.899	0.937
LOKIASV2_4403_ESMFold_NAD-dependent_succinate-semialdehyde_dehydrogenase	5tjr-assembly1.cif.gz_C	5tjr-assembly1.cif.gz_C X-ray Crystal structure of a methylmalonate semialdehyde dehydrogenase from Pseudomonas sp. AAC	1.121E-29	1.000	981	9	481	527	14	453	461	489	0.898	0.954
LOKIASV2_4403_ESMFold_NAD-dependent_succinate-semialdehyde_dehydrogenase	4lem-assembly4.cif.gz_F	4lem-assembly4.cif.gz_F Crystal structure of the Delta-pyrroline-5-carboxylate dehydrogenase from Mycobacterium tuberculosis	9.026E-30	1.000	980	9	490	527	53	538	538	506	0.915	0.903
LOKIASV2_4403_ESMFold_NAD-dependent_succinate-semialdehyde_dehydrogenase	4oe6-assembly1.cif.gz_B	4oe6-assembly1.cif.gz_B Crystal Structure of Yeast ALDH4A1	8.353E-29	1.000	967	12	479	527	35	486	486	491	0.888	0.930
LOKIASV2_4403_ESMFold_NAD-dependent_succinate-semialdehyde_dehydrogenase	5tjr-assembly1.cif.gz_E	5tjr-assembly1.cif.gz_E X-ray Crystal structure of a methylmalonate semialdehyde dehydrogenase from Pseudomonas sp. AAC	1.930E-29	1.000	966	9	481	527	14	447	455	491	0.898	0.954
LOKIASV2_4403_ESMFold_NAD-dependent_succinate-semialdehyde_dehydrogenase	4oe6-assembly1.cif.gz_A-3	4oe6-assembly1.cif.gz_A-3 Crystal Structure of Yeast ALDH4A1	4.355E-29	1.000	966	11	479	527	33	485	485	495	0.890	0.934
LOKIASV2_4403_ESMFold_NAD-dependent_succinate-semialdehyde_dehydrogenase	4lem-assembly2.cif.gz_C	4lem-assembly2.cif.gz_C Crystal structure of the Delta-pyrroline-5-carboxylate dehydrogenase from Mycobacterium tuberculosis	2.979E-29	1.000	965	9	490	527	54	542	544	513	0.915	0.899
LOKIASV2_4403_ESMFold_NAD-dependent_succinate-semialdehyde_dehydrogenase	4jdc-assembly1.cif.gz_A	4jdc-assembly1.cif.gz_A Crystal structure of the Delta-pyrroline-5-carboxylate dehydrogenase from Mycobacterium tuberculosis	2.672E-29	1.000	962	9	490	527	53	534	536	507	0.915	0.899
LOKIASV2_4403_ESMFold_NAD-dependent_succinate-semialdehyde_dehydrogenase	5tjr-assembly1.cif.gz_D	5tjr-assembly1.cif.gz_D X-ray Crystal structure of a methylmalonate semialdehyde dehydrogenase from Pseudomonas sp. AAC	2.531E-29	1.000	959	9	481	527	14	460	468	492	0.898	0.955
LOKIASV2_4403_ESMFold_NAD-dependent_succinate-semialdehyde_dehydrogenase	4idm-assembly1.cif.gz_A	4idm-assembly1.cif.gz_A Crystal structure of the Delta-pyrroline-5-carboxylate dehydrogenase from Mycobacterium tuberculosis	3.505E-29	1.000	957	9	490	527	54	534	536	509	0.915	0.897
LOKIASV2_4403_ESMFold_NAD-dependent_succinate-semialdehyde_dehydrogenase	4lem-assembly4.cif.gz_E	4lem-assembly4.cif.gz_E Crystal structure of the Delta-pyrroline-5-carboxylate dehydrogenase from Mycobacterium tuberculosis	1.930E-29	1.000	956	9	481	527	54	532	540	499	0.898	0.887
LOKIASV2_4403_ESMFold_NAD-dependent_succinate-semialdehyde_dehydrogenase	4ns3-assembly1.cif.gz_E	4ns3-assembly1.cif.gz_E Crystal structure of the Delta-pyrroline-5-carboxylate dehydrogenase from Mycobacterium tuberculosis bound with NAD and cobalamin	5.713E-29	1.000	955	9	490	527	54	531	532	505	0.915	0.898
LOKIASV2_4403_ESMFold_NAD-dependent_succinate-semialdehyde_dehydrogenase	4ihi-assembly1.cif.gz_A	4ihi-assembly1.cif.gz_A Crystal structure of the Delta-pyrroline-5-carboxylate dehydrogenase from Mycobacterium tuberculosis bound with NAD	7.098E-29	1.000	952	9	490	527	53	534	535	509	0.915	0.901
LOKIASV2_4403_ESMFold_NAD-dependent_succinate-semialdehyde_dehydrogenase	5tjr-assembly1.cif.gz_A	5tjr-assembly1.cif.gz_A X-ray Crystal structure of a methylmalonate semialdehyde dehydrogenase from Pseudomonas sp. AAC	4.125E-29	1.000	950	9	481	527	15	452	460	489	0.898	0.952
LOKIASV2_4403_ESMFold_NAD-dependent_succinate-semialdehyde_dehydrogenase	4ids-assembly1.cif.gz_A	4ids-assembly1.cif.gz_A Crystal structure of the Delta-pyrroline-5-carboxylate dehydrogenase from Mycobacterium tuberculosis	4.598E-29	1.000	946	9	490	527	54	540	541	509	0.915	0.900
LOKIASV2_4403_ESMFold_NAD-dependent_succinate-semialdehyde_dehydrogenase	5tjr-assembly1.cif.gz_F	5tjr-assembly1.cif.gz_F X-ray Crystal structure of a methylmalonate semialdehyde dehydrogenase from Pseudomonas sp. AAC	2.219E-28	1.000	942	9	481	527	15	446	454	489	0.898	0.952
LOKIASV2_4403_ESMFold_NAD-dependent_succinate-semialdehyde_dehydrogenase	3v9i-assembly1.cif.gz_B	3v9i-assembly1.cif.gz_B Crystal structure of human 1-pyrroline-5-carboxylate dehydrogenase mutant S352L	2.037E-29	1.000	936	10	490	527	53	502	502	500	0.913	0.896
LOKIASV2_4403_ESMFold_NAD-dependent_succinate-semialdehyde_dehydrogenase	3v9i-assembly1.cif.gz_A	3v9i-assembly1.cif.gz_A Crystal structure of human 1-pyrroline-5-carboxylate dehydrogenase mutant S352L	4.355E-29	1.000	935	10	488	527	53	505	506	497	0.909	0.895
LOKIASV2_4403_ESMFold_NAD-dependent_succinate-semialdehyde_dehydrogenase	4oe4-assembly1.cif.gz_B	4oe4-assembly1.cif.gz_B Crystal Structure of Yeast ALDH4A1 Complexed with NAD+	1.652E-27	1.000	932	11	479	527	33	481	481	492	0.890	0.933
LOKIASV2_4403_ESMFold_NAD-dependent_succinate-semialdehyde_dehydrogenase	3v9i-assembly2.cif.gz_C	3v9i-assembly2.cif.gz_C Crystal structure of human 1-pyrroline-5-carboxylate dehydrogenase mutant S352L	1.193E-27	1.000	912	10	472	527	53	488	492	480	0.879	0.886
LOKIASV2_4403_ESMFold_NAD-dependent_succinate-semialdehyde_dehydrogenase	6d97-assembly1.cif.gz_A	6d97-assembly1.cif.gz_A Structure of aldehyde dehydrogenase 12 (ALDH12) from Zea mays	2.342E-28	1.000	894	9	481	527	30	515	522	511	0.898	0.931
LOKIASV2_4403_ESMFold_NAD-dependent_succinate-semialdehyde_dehydrogenase	2y51-assembly1.cif.gz_B	2y51-assembly1.cif.gz_B Crystal structure of E167A mutant of the box pathway encoded ALDH from Burkholderia xenovorans LB400	1.615E-26	1.000	872	14	476	527	22	516	528	509	0.879	0.938
LOKIASV2_4403_ESMFold_NAD-dependent_succinate-semialdehyde_dehydrogenase	2vro-assembly1.cif.gz_A	2vro-assembly1.cif.gz_A Crystal structure of aldehyde dehydrogenase from Burkholderia xenovorans LB400	2.631E-26	1.000	859	14	475	527	22	514	521	508	0.877	0.946
LOKIASV2_4403_ESMFold_NAD-dependent_succinate-semialdehyde_dehydrogenase	2y52-assembly1.cif.gz_A	2y52-assembly1.cif.gz_A Crystal structure of E496A mutant of the box pathway encoded ALDH from Burkholderia xenovorans LB400	4.062E-26	1.000	854	14	475	527	22	514	519	508	0.877	0.950
LOKIASV2_4403_ESMFold_NAD-dependent_succinate-semialdehyde_dehydrogenase	2y51-assembly1.cif.gz_A	2y51-assembly1.cif.gz_A Crystal structure of E167A mutant of the box pathway encoded ALDH from Burkholderia xenovorans LB400	1.079E-25	1.000	838	9	476	527	18	517	529	516	0.888	0.945
LOKIASV2_4403_ESMFold_NAD-dependent_succinate-semialdehyde_dehydrogenase	2y53-assembly1.cif.gz_B	2y53-assembly1.cif.gz_B Crystal structure of E257Q mutant of the box pathway encoded ALDH from Burkholderia xenovorans LB400	2.571E-25	1.000	836	9	475	527	18	513	524	511	0.886	0.947
LOKIASV2_4403_ESMFold_NAD-dependent_succinate-semialdehyde_dehydrogenase	5ux5-assembly1.cif.gz_A	5ux5-assembly1.cif.gz_A Structure of Proline Utilization A (PutA) from Corynebacterium freiburgense	3.025E-25	1.000	834	40	496	527	391	833	963	470	0.867	0.460
LOKIASV2_4403_ESMFold_NAD-dependent_succinate-semialdehyde_dehydrogenase	5ux5-assembly4.cif.gz_D	5ux5-assembly4.cif.gz_D Structure of Proline Utilization A (PutA) from Corynebacterium freiburgense	3.969E-25	1.000	833	40	496	527	390	832	962	470	0.867	0.460
LOKIASV2_4403_ESMFold_NAD-dependent_succinate-semialdehyde_dehydrogenase	2y52-assembly1.cif.gz_B	2y52-assembly1.cif.gz_B Crystal structure of E496A mutant of the box pathway encoded ALDH from Burkholderia xenovorans LB400	1.022E-25	1.000	829	14	475	527	22	513	526	512	0.877	0.935
LOKIASV2_4403_ESMFold_NAD-dependent_succinate-semialdehyde_dehydrogenase	2y5d-assembly1.cif.gz_A	2y5d-assembly1.cif.gz_A Crystal structure of C296A mutant of the box pathway encoded ALDH from Burkholderia xenovorans LB400	4.190E-25	1.000	825	14	475	527	22	514	521	507	0.877	0.946
LOKIASV2_4403_ESMFold_NAD-dependent_succinate-semialdehyde_dehydrogenase	3v4c-assembly1.cif.gz_B	3v4c-assembly1.cif.gz_B Crystal structure of a semialdehyde dehydrogenase from Sinorhizobium meliloti 1021	6.270E-26	1.000	823	12	482	527	15	500	500	511	0.894	0.972
LOKIASV2_4403_ESMFold_NAD-dependent_succinate-semialdehyde_dehydrogenase	6jql-assembly1.cif.gz_A	6jql-assembly1.cif.gz_A Structure of PaaZ, a bifunctional enzyme	1.627E-24	1.000	814	13	473	527	18	499	678	497	0.875	0.711
LOKIASV2_4403_ESMFold_NAD-dependent_succinate-semialdehyde_dehydrogenase	2y5d-assembly1.cif.gz_B	2y5d-assembly1.cif.gz_B Crystal structure of C296A mutant of the box pathway encoded ALDH from Burkholderia xenovorans LB400	5.803E-25	1.000	812	14	476	527	22	513	527	508	0.879	0.934
LOKIASV2_4403_ESMFold_NAD-dependent_succinate-semialdehyde_dehydrogenase	2vro-assembly1.cif.gz_B	2vro-assembly1.cif.gz_B Crystal structure of aldehyde dehydrogenase from Burkholderia xenovorans LB400	1.665E-25	1.000	810	14	476	527	22	513	527	517	0.879	0.934
LOKIASV2_4403_ESMFold_NAD-dependent_succinate-semialdehyde_dehydrogenase	1eyy-assembly1.cif.gz_A	1eyy-assembly1.cif.gz_A CRYSTAL STRUCTURE OF THE NADP+ DEPENDENT ALDEHYDE DEHYDROGENASE FROM VIBRIO HARVEYI.	1.030E-23	1.000	757	10	474	527	1	477	504	507	0.882	0.946
LOKIASV2_4403_ESMFold_NAD-dependent_succinate-semialdehyde_dehydrogenase	3v9i-assembly2.cif.gz_D	3v9i-assembly2.cif.gz_D Crystal structure of human 1-pyrroline-5-carboxylate dehydrogenase mutant S352L	5.496E-25	1.000	744	10	488	527	52	481	482	501	0.909	0.892
LOKIASV2_4403_ESMFold_NAD-dependent_succinate-semialdehyde_dehydrogenase	5uju-assembly1.cif.gz_B	5uju-assembly1.cif.gz_B Crystal structure of NAD-dependent aldehyde dehydrogenase from Burkholderia multivorans	1.871E-23	1.000	691	9	474	527	65	553	557	515	0.884	0.878
LOKIASV2_4403_ESMFold_NAD-dependent_succinate-semialdehyde_dehydrogenase	8cej-assembly1.cif.gz_A	8cej-assembly1.cif.gz_A Succinyl-CoA Reductase from Clostridium kluyveri (SucD) with Mesaconyl-C1-CoA	2.979E-22	1.000	663	36	481	527	3	441	449	483	0.846	0.978
LOKIASV2_4403_ESMFold_NAD-dependent_succinate-semialdehyde_dehydrogenase	6gvs-assembly3.cif.gz_I	6gvs-assembly3.cif.gz_I Engineered glycolyl-CoA reductase comprising 8 mutations with bound NADP+	5.714E-22	1.000	637	36	481	527	11	441	441	480	0.846	0.977
LOKIASV2_4403_ESMFold_NAD-dependent_succinate-semialdehyde_dehydrogenase	4c3s-assembly1.cif.gz_A-2	4c3s-assembly1.cif.gz_A-2 Structure of a propionaldehyde dehydrogenase from the Clostridium phytofermentans fucose utilisation bacterial microcompartment	7.731E-21	1.000	621	30	481	527	4	435	435	486	0.858	0.993
LOKIASV2_4403_ESMFold_NAD-dependent_succinate-semialdehyde_dehydrogenase	5j78-assembly1.cif.gz_D	5j78-assembly1.cif.gz_D Crystal structure of an Acetylating Aldehyde Dehydrogenase from Geobacillus thermoglucosidasius	2.911E-21	1.000	610	33	481	527	9	451	452	489	0.852	0.980
LOKIASV2_4403_ESMFold_NAD-dependent_succinate-semialdehyde_dehydrogenase	5jfm-assembly2.cif.gz_F	5jfm-assembly2.cif.gz_F Crystal structure of Rhodopseudomonas palustris propionaldehyde dehydrogenase with bound propionyl-CoA	3.616E-21	1.000	607	36	472	527	22	443	452	465	0.829	0.934
LOKIASV2_4403_ESMFold_NAD-dependent_succinate-semialdehyde_dehydrogenase	5dbv-assembly1.cif.gz_A	5dbv-assembly1.cif.gz_A Structure of a C269A mutant of propionaldehyde dehydrogenase from the Clostridium phytofermentans fucose utilisation bacterial microcompartment	5.454E-20	1.000	599	35	481	527	6	431	431	481	0.848	0.988
LOKIASV2_4403_ESMFold_NAD-dependent_succinate-semialdehyde_dehydrogenase	3my7-assembly2.cif.gz_C	3my7-assembly2.cif.gz_C The Crystal Structure of the ACDH domain of an Alcohol Dehydrogenase from Vibrio parahaemolyticus to 2.25A	1.071E-20	1.000	591	30	477	527	2	415	416	475	0.850	0.995
LOKIASV2_4403_ESMFold_NAD-dependent_succinate-semialdehyde_dehydrogenase	5j7i-assembly1.cif.gz_A	5j7i-assembly1.cif.gz_A Crystal structure of a Geobacillus thermoglucosidasius Acetylating Aldehyde Dehydrogenase in complex with ADP	2.844E-20	1.000	590	34	481	527	11	451	454	480	0.850	0.971
LOKIASV2_4403_ESMFold_NAD-dependent_succinate-semialdehyde_dehydrogenase	5dru-assembly1.cif.gz_A	5dru-assembly1.cif.gz_A Structure of His387Ala mutant of the propionaldehyde dehydrogenase from the Clostridium phytofermentans fucose utilisation bacterial microcompartment	8.419E-20	1.000	585	40	481	527	12	435	435	478	0.839	0.975
LOKIASV2_4403_ESMFold_NAD-dependent_succinate-semialdehyde_dehydrogenase	3my7-assembly2.cif.gz_B	3my7-assembly2.cif.gz_B The Crystal Structure of the ACDH domain of an Alcohol Dehydrogenase from Vibrio parahaemolyticus to 2.25A	3.347E-20	1.000	571	34	477	527	6	414	415	474	0.843	0.986
LOKIASV2_4403_ESMFold_NAD-dependent_succinate-semialdehyde_dehydrogenase	5jfn-assembly1.cif.gz_C	5jfn-assembly1.cif.gz_C Crystal structure of Rhodopseudomonas palustris propionaldehyde dehydrogenase with bound CoA and acylated Cys330	3.938E-20	1.000	567	30	475	527	5	437	445	487	0.846	0.973
LOKIASV2_4403_ESMFold_NAD-dependent_succinate-semialdehyde_dehydrogenase	1o20-assembly1.cif.gz_A	1o20-assembly1.cif.gz_A Crystal structure of Gamma-glutamyl phosphate reductase (TM0293) from Thermotoga maritima at 2.00 A resolution	1.231E-19	1.000	554	35	481	527	2	414	414	482	0.848	0.998
LOKIASV2_4403_ESMFold_NAD-dependent_succinate-semialdehyde_dehydrogenase	3my7-assembly1.cif.gz_D	3my7-assembly1.cif.gz_D The Crystal Structure of the ACDH domain of an Alcohol Dehydrogenase from Vibrio parahaemolyticus to 2.25A	3.452E-19	1.000	548	35	472	527	4	406	409	463	0.831	0.985
LOKIASV2_4403_ESMFold_NAD-dependent_succinate-semialdehyde_dehydrogenase	3my7-assembly1.cif.gz_A	3my7-assembly1.cif.gz_A The Crystal Structure of the ACDH domain of an Alcohol Dehydrogenase from Vibrio parahaemolyticus to 2.25A	1.104E-19	1.000	545	34	438	527	6	393	411	445	0.769	0.944
LOKIASV2_4403_ESMFold_NAD-dependent_succinate-semialdehyde_dehydrogenase	3k9d-assembly2.cif.gz_D	3k9d-assembly2.cif.gz_D CRYSTAL STRUCTURE OF PROBABLE ALDEHYDE DEHYDROGENASE FROM Listeria monocytogenes EGD-e	3.969E-18	1.000	536	34	483	527	9	452	453	484	0.854	0.980
LOKIASV2_4403_ESMFold_NAD-dependent_succinate-semialdehyde_dehydrogenase	4ghk-assembly2.cif.gz_A	4ghk-assembly2.cif.gz_A X-ray Crystal Structure of Gamma-glutamyl phosphate reductase from Burkholderia thailandensis	1.666E-18	1.000	514	34	481	527	4	404	404	473	0.850	0.993
LOKIASV2_4403_ESMFold_NAD-dependent_succinate-semialdehyde_dehydrogenase	4ghk-assembly2.cif.gz_B	4ghk-assembly2.cif.gz_B X-ray Crystal Structure of Gamma-glutamyl phosphate reductase from Burkholderia thailandensis	5.207E-18	1.000	486	33	477	527	3	410	410	480	0.844	0.995
LOKIASV2_4403_ESMFold_NAD-dependent_succinate-semialdehyde_dehydrogenase	4ghk-assembly3.cif.gz_C	4ghk-assembly3.cif.gz_C X-ray Crystal Structure of Gamma-glutamyl phosphate reductase from Burkholderia thailandensis	5.087E-17	1.000	482	33	481	527	3	398	398	477	0.852	0.995
LOKIASV2_4403_ESMFold_NAD-dependent_succinate-semialdehyde_dehydrogenase	4ghk-assembly3.cif.gz_D	4ghk-assembly3.cif.gz_D X-ray Crystal Structure of Gamma-glutamyl phosphate reductase from Burkholderia thailandensis	7.211E-18	1.000	478	33	477	527	2	400	400	483	0.844	0.998
LOKIASV2_4403_ESMFold_NAD-dependent_succinate-semialdehyde_dehydrogenase	2h5g-assembly2.cif.gz_B	2h5g-assembly2.cif.gz_B Crystal structure of human pyrroline-5-carboxylate synthetase	7.045E-17	1.000	476	36	486	527	2	408	425	486	0.856	0.958
LOKIASV2_4403_ESMFold_NAD-dependent_succinate-semialdehyde_dehydrogenase	2h5g-assembly1.cif.gz_A-2	2h5g-assembly1.cif.gz_A-2 Crystal structure of human pyrroline-5-carboxylate synthetase	7.672E-16	1.000	469	36	486	527	3	401	417	486	0.856	0.957
LOKIASV2_4403_ESMFold_NAD-dependent_succinate-semialdehyde_dehydrogenase	6ahc-assembly1.cif.gz_B	6ahc-assembly1.cif.gz_B Cryo-EM structure of aldehyde-alcohol dehydrogenase reveals a high-order helical architecture critical for its activity	7.792E-19	1.000	469	30	481	527	3	451	869	496	0.858	0.517
LOKIASV2_4403_ESMFold_NAD-dependent_succinate-semialdehyde_dehydrogenase	4jbe-assembly1.cif.gz_A	4jbe-assembly1.cif.gz_A 1.95 Angstrom Crystal Structure of Gamma-glutamyl phosphate Reductase from Saccharomonospora viridis.	1.506E-16	1.000	462	33	475	527	4	408	411	482	0.841	0.985
LOKIASV2_4403_ESMFold_NAD-dependent_succinate-semialdehyde_dehydrogenase	7dag-assembly1.cif.gz_H	7dag-assembly1.cif.gz_H Vibrio cholera aldehyde-alcohol dehrogenase	1.310E-17	1.000	457	30	477	527	2	447	448	490	0.850	0.996
LOKIASV2_4403_ESMFold_NAD-dependent_succinate-semialdehyde_dehydrogenase	7dag-assembly1.cif.gz_A	7dag-assembly1.cif.gz_A Vibrio cholera aldehyde-alcohol dehrogenase	1.241E-17	1.000	457	30	481	527	2	451	867	496	0.858	0.519
LOKIASV2_4403_ESMFold_NAD-dependent_succinate-semialdehyde_dehydrogenase	7wxf-assembly1.cif.gz_A	7wxf-assembly1.cif.gz_A GPR domain of Drosophila P5CS filament with glutamate	1.250E-15	1.000	408	37	482	527	3	413	430	488	0.846	0.956
LOKIASV2_4403_ESMFold_NAD-dependent_succinate-semialdehyde_dehydrogenase	7f5t-assembly1.cif.gz_B	7f5t-assembly1.cif.gz_B Drosophila P5CS filament with glutamate	1.184E-15	1.000	402	38	487	527	248	660	674	483	0.854	0.613
LOKIASV2_4403_ESMFold_NAD-dependent_succinate-semialdehyde_dehydrogenase	7f5u-assembly1.cif.gz_A	7f5u-assembly1.cif.gz_A Drosophila P5CS filament with glutamate and ATPgammaS	1.732E-15	1.000	393	38	486	527	259	671	685	483	0.852	0.603
LOKIASV2_4403_ESMFold_NAD-dependent_succinate-semialdehyde_dehydrogenase	7f5v-assembly1.cif.gz_A	7f5v-assembly1.cif.gz_A Drosophila P5CS filament with glutamate, ATP, and NADPH	1.038E-14	1.000	369	38	488	527	264	677	690	482	0.856	0.600
LOKIASV2_4403_ESMFold_NAD-dependent_succinate-semialdehyde_dehydrogenase	7xc6-assembly1.cif.gz_A	7xc6-assembly1.cif.gz_A Photobacterium phosphoreum fatty acid reductase complex LuxC-LuxE	2.219E-14	1.000	331	36	492	527	54	464	477	476	0.867	0.862
LOKIASV2_4403_ESMFold_NAD-dependent_succinate-semialdehyde_dehydrogenase	1vlu-assembly1.cif.gz_A-2	1vlu-assembly1.cif.gz_A-2 Crystal structure of Gamma-glutamyl phosphate reductase (yor323c) from Saccharomyces cerevisiae at 2.40 A resolution	1.653E-13	1.000	313	30	482	527	2	394	395	487	0.860	0.995
LOKIASV2_4403_ESMFold_NAD-dependent_succinate-semialdehyde_dehydrogenase	1vlu-assembly2.cif.gz_B-2	1vlu-assembly2.cif.gz_B-2 Crystal structure of Gamma-glutamyl phosphate reductase (yor323c) from Saccharomyces cerevisiae at 2.40 A resolution	6.081E-13	1.000	297	30	482	527	2	396	397	491	0.860	0.995
LOKIASV2_4403_ESMFold_NAD-dependent_succinate-semialdehyde_dehydrogenase	5vlc-assembly3.cif.gz_E	5vlc-assembly3.cif.gz_E Crystal Structure of Medicago truncatula L-Histidinol Dehydrogenase in Complex with L-Histidinol	8.553E-09	1.000	187	30	525	527	4	429	430	560	0.941	0.991
LOKIASV2_4403_ESMFold_NAD-dependent_succinate-semialdehyde_dehydrogenase	5vld-assembly1.cif.gz_A	5vld-assembly1.cif.gz_A Crystal Structure of Medicago truncatula L-Histidinol Dehydrogenase in Complex with L-Histidine and NAD+	8.553E-09	1.000	187	30	527	527	4	430	430	551	0.945	0.993
LOKIASV2_4403_ESMFold_NAD-dependent_succinate-semialdehyde_dehydrogenase	4g09-assembly1.cif.gz_A-2	4g09-assembly1.cif.gz_A-2 The crystal structure of the C366S mutant of HDH from Brucella suis in complex with a substituted benzyl ketone	9.030E-09	1.000	186	35	523	527	10	423	432	537	0.928	0.958
LOKIASV2_4403_ESMFold_NAD-dependent_succinate-semialdehyde_dehydrogenase	5vlc-assembly2.cif.gz_D	5vlc-assembly2.cif.gz_D Crystal Structure of Medicago truncatula L-Histidinol Dehydrogenase in Complex with L-Histidinol	2.823E-08	1.000	173	30	527	527	4	432	432	561	0.945	0.993
LOKIASV2_4403_ESMFold_NAD-dependent_succinate-semialdehyde_dehydrogenase	6an0-assembly1.cif.gz_A-2	6an0-assembly1.cif.gz_A-2 Crystal Structure of Histidinol Dehydrogenase from Elizabethkingia anophelis	8.823E-08	1.000	172	62	523	527	35	425	433	519	0.877	0.903
LOKIASV2_4403_ESMFold_NAD-dependent_succinate-semialdehyde_dehydrogenase	5vld-assembly1.cif.gz_B	5vld-assembly1.cif.gz_B Crystal Structure of Medicago truncatula L-Histidinol Dehydrogenase in Complex with L-Histidine and NAD+	1.603E-07	1.000	165	30	527	527	4	429	429	555	0.945	0.993
LOKIASV2_4403_ESMFold_NAD-dependent_succinate-semialdehyde_dehydrogenase	4g07-assembly1.cif.gz_A-2	4g07-assembly1.cif.gz_A-2 The crystal structure of the C366S mutant of HDH from Brucella suis	1.290E-07	1.000	161	47	525	527	15	423	427	540	0.909	0.958
LOKIASV2_4403_ESMFold_NAD-dependent_succinate-semialdehyde_dehydrogenase	4gic-assembly1.cif.gz_B	4gic-assembly1.cif.gz_B Crystal Structure Of a Putative Histidinol dehydrogenase (Target PSI-014034) from Methylococcus capsulatus	8.620E-07	1.000	144	47	475	527	19	381	382	474	0.814	0.950
LOKIASV2_4403_ESMFold_NAD-dependent_succinate-semialdehyde_dehydrogenase	6jcl-assembly1.cif.gz_A	6jcl-assembly1.cif.gz_A Crystal structure of cofactor-bound Rv0187 from MTB	4.460E-02	0.949	72	137	248	527	57	162	218	116	0.213	0.486
LOKIASV2_4403_ESMFold_NAD-dependent_succinate-semialdehyde_dehydrogenase	4xvz-assembly2.cif.gz_C	4xvz-assembly2.cif.gz_C MycF mycinamicin III 3'-O-methyltransferase in complex with Mg	8.103E-02	0.923	69	137	245	527	51	162	203	123	0.207	0.552
LOKIASV2_4403_ESMFold_NAD-dependent_succinate-semialdehyde_dehydrogenase	5zw3-assembly1.cif.gz_B	5zw3-assembly1.cif.gz_B Crystal Structure of TrmR from B. subtilis	1.472E-01	0.720	58	101	245	527	20	157	193	156	0.275	0.715
LOKIASV2_4403_ESMFold_NAD-dependent_succinate-semialdehyde_dehydrogenase	4rhe-assembly1.cif.gz_B	4rhe-assembly1.cif.gz_B Crystal structure of UbiX, an aromatic acid decarboxylase from the Colwellia psychrerythraea 34H	1.122E-01	0.720	58	136	246	527	2	138	203	140	0.211	0.675
LOKIASV2_4403_ESMFold_NAD-dependent_succinate-semialdehyde_dehydrogenase	6o0a-assembly1.cif.gz_A	6o0a-assembly1.cif.gz_A Crystal structure of flavohemoglobin from Malassezia yamatoensis with bound FAD and heme determined by iron SAD phasing	1.829E-01	0.692	57	137	246	527	261	381	383	129	0.209	0.316
LOKIASV2_4403_ESMFold_NAD-dependent_succinate-semialdehyde_dehydrogenase	4rhf-assembly1.cif.gz_A	4rhf-assembly1.cif.gz_A Crystal structure of UbiX mutant V47S from Colwellia psychrerythraea 34H	1.732E-01	0.632	55	136	246	527	1	137	200	147	0.211	0.685
LOKIASV2_4403_ESMFold_NAD-dependent_succinate-semialdehyde_dehydrogenase	6kbh-assembly1.cif.gz_A	6kbh-assembly1.cif.gz_A Crystal structure of an intact type IV self-sufficient cytochrome P450 monooxygenase	1.122E-01	0.632	55	136	253	527	554	684	765	138	0.224	0.171
LOKIASV2_4403_ESMFold_NAD-dependent_succinate-semialdehyde_dehydrogenase	4krg-assembly2.cif.gz_B	4krg-assembly2.cif.gz_B SeMet Haemonchus contortus Phosphoethanolamine N-methyltransferase 1 in complex with phosphoethanolamine and S-adenosylhomocysteine	2.823E-01	0.601	54	136	249	527	294	409	466	127	0.216	0.249
LOKIASV2_4403_ESMFold_NAD-dependent_succinate-semialdehyde_dehydrogenase	6g7d-assembly1.cif.gz_A	6g7d-assembly1.cif.gz_A Structure of MeT1 from Mycobacterium hassiacum in complex with SAM and glycerol.	2.039E-01	0.505	51	135	245	527	35	168	220	144	0.211	0.609
LOKIASV2_4403_ESMFold_NAD-dependent_succinate-semialdehyde_dehydrogenase	8cm9-assembly2.cif.gz_B	8cm9-assembly2.cif.gz_B Structure of human O-GlcNAc transferase in complex with UDP and tP11	5.129E-01	0.505	51	139	243	527	502	605	699	110	0.199	0.149
LOKIASV2_4403_ESMFold_NAD-dependent_succinate-semialdehyde_dehydrogenase	5zy6-assembly2.cif.gz_B	5zy6-assembly2.cif.gz_B catechol methyltransferase spCOMT	7.499E-01	0.442	49	137	245	527	64	181	245	128	0.207	0.482
LOKIASV2_4403_ESMFold_NAD-dependent_succinate-semialdehyde_dehydrogenase	5x7f-assembly1.cif.gz_A-2	5x7f-assembly1.cif.gz_A-2 Structure of a O-methyltransferase from Mycobacterium tuberculosis at 2.0 resolution	9.317E-01	0.411	48	136	244	527	48	153	198	119	0.207	0.535
LOKIASV2_4403_ESMFold_NAD-dependent_succinate-semialdehyde_dehydrogenase	6g80-assembly1.cif.gz_A	6g80-assembly1.cif.gz_A Structure of Mycobacterium hassiacum MeT1 from orthorhombic crystals.	1.641E-01	0.411	48	98	245	527	5	159	213	180	0.281	0.728
LOKIASV2_4403_ESMFold_NAD-dependent_succinate-semialdehyde_dehydrogenase	6ibo-assembly1.cif.gz_A	6ibo-assembly1.cif.gz_A Catalytic deficiency of O-GlcNAc transferase leads to X-linked intellectual disability	6.727E-01	0.411	48	140	243	527	500	602	695	109	0.197	0.148
LOKIASV2_4403_ESMFold_NAD-dependent_succinate-semialdehyde_dehydrogenase	4yry-assembly1.cif.gz_A	4yry-assembly1.cif.gz_A Insights into flavin-based electron bifurcation via the NADH-dependent reduced ferredoxin-NADP oxidoreductase structure	5.717E-01	0.382	47	136	248	527	101	216	276	129	0.214	0.420
LOKIASV2_4403_ESMFold_NAD-dependent_succinate-semialdehyde_dehydrogenase	5ahw-assembly3.cif.gz_E	5ahw-assembly3.cif.gz_E Crystal structure of universal stress protein MSMEG_3811 in complex with cAMP	6.035E-01	0.353	46	135	244	527	3	121	125	125	0.209	0.952
LOKIASV2_4403_ESMFold_NAD-dependent_succinate-semialdehyde_dehydrogenase	2zlb-assembly1.cif.gz_A	2zlb-assembly1.cif.gz_A Crystal structure of APO form of rat catechol-O-methyltransferase	1.641E-01	0.353	46	75	244	527	6	166	212	195	0.323	0.759
LOKIASV2_4403_ESMFold_NAD-dependent_succinate-semialdehyde_dehydrogenase	4gyw-assembly1.cif.gz_C	4gyw-assembly1.cif.gz_C Crystal structure of human O-GlcNAc Transferase in complex with UDP and a glycopeptide	9.317E-01	0.353	46	138	243	527	476	580	674	111	0.201	0.156
LOKIASV2_4403_ESMFold_NAD-dependent_succinate-semialdehyde_dehydrogenase	4gyw-assembly2.cif.gz_A	4gyw-assembly2.cif.gz_A Crystal structure of human O-GlcNAc Transferase in complex with UDP and a glycopeptide	6.727E-01	0.353	46	138	243	527	497	601	695	113	0.201	0.151
LOKIASV2_4403_ESMFold_NAD-dependent_succinate-semialdehyde_dehydrogenase	5lwv-assembly1.cif.gz_A	5lwv-assembly1.cif.gz_A Human OGT in complex with UDP and fused substrate peptide (HCF1)	9.317E-01	0.353	46	139	243	527	513	616	711	111	0.199	0.146
LOKIASV2_4403_ESMFold_NAD-dependent_succinate-semialdehyde_dehydrogenase	1il0-assembly1.cif.gz_B	1il0-assembly1.cif.gz_B X-RAY CRYSTAL STRUCTURE OF THE E170Q MUTANT OF HUMAN L-3-HYDROXYACYL-COA DEHYDROGENASE	3.400E-02	0.326	45	136	342	527	3	215	291	255	0.393	0.732
LOKIASV2_4403_ESMFold_NAD-dependent_succinate-semialdehyde_dehydrogenase	5dsx-assembly2.cif.gz_B	5dsx-assembly2.cif.gz_B Crystal structure of Dot1L in complex with inhibitor CPD10 [6'-chloro-1,4-dimethyl-5'-(2-methyl-6-((4-(methylamino)pyrimidin-2-yl)amino)-1H-indol-1-yl)-[3,3'-bipyridin]-2(1H)-one]	3.910E-01	0.277	43	96	245	527	104	261	321	182	0.285	0.492
LOKIASV2_4403_ESMFold_NAD-dependent_succinate-semialdehyde_dehydrogenase	7s1x-assembly1.cif.gz_A	7s1x-assembly1.cif.gz_A Cryo-EM structure of human NKCC1 K289NA492EL671C bound with bumetanide	7.269E-02	0.277	43	136	336	527	542	768	871	249	0.381	0.261
LOKIASV2_4403_ESMFold_NAD-dependent_succinate-semialdehyde_dehydrogenase	3lyu-assembly1.cif.gz_B	3lyu-assembly1.cif.gz_B Crystal Structure of the C-terminal domain (residues 83-215) of PF1911 hydrogenase from Pyrococcus furiosus, Northeast Structural Genomics Consortium Target PfR246A	8.824E-01	0.254	42	136	244	527	10	130	131	131	0.207	0.924
LOKIASV2_4403_ESMFold_NAD-dependent_succinate-semialdehyde_dehydrogenase	4pca-assembly2.cif.gz_B	4pca-assembly2.cif.gz_B X-ray crystal structure of an O-methyltransferase from Anaplasma phagocytophilum bound to SAH and Manganese	9.836E-01	0.233	41	101	244	527	24	162	218	164	0.273	0.638
LOKIASV2_4403_ESMFold_NAD-dependent_succinate-semialdehyde_dehydrogenase	5zy6-assembly1.cif.gz_A	5zy6-assembly1.cif.gz_A catechol methyltransferase spCOMT	9.317E-01	0.233	41	137	248	527	64	177	240	124	0.213	0.475
LOKIASV2_4403_ESMFold_NAD-dependent_succinate-semialdehyde_dehydrogenase	5hgv-assembly1.cif.gz_A	5hgv-assembly1.cif.gz_A Structure of an O-GlcNAc transferase point mutant, D554N in complex with peptide	1.362E+00	0.233	41	138	243	527	497	601	695	113	0.201	0.151
LOKIASV2_4403_ESMFold_NAD-dependent_succinate-semialdehyde_dehydrogenase	6q4m-assembly1.cif.gz_A	6q4m-assembly1.cif.gz_A Crystal structure of the O-GlcNAc transferase Asn648Tyr mutation	1.438E+00	0.233	41	140	243	527	503	605	698	111	0.197	0.148
LOKIASV2_4403_ESMFold_NAD-dependent_succinate-semialdehyde_dehydrogenase	5zy5-assembly1.cif.gz_A	5zy5-assembly1.cif.gz_A spCOMT apo structure	3.703E-01	0.214	40	42	248	527	2	178	241	231	0.393	0.734
LOKIASV2_4403_ESMFold_NAD-dependent_succinate-semialdehyde_dehydrogenase	5hgv-assembly2.cif.gz_C	5hgv-assembly2.cif.gz_C Structure of an O-GlcNAc transferase point mutant, D554N in complex with peptide	1.692E+00	0.214	40	138	243	527	476	580	674	113	0.201	0.156
LOKIASV2_4403_ESMFold_NAD-dependent_succinate-semialdehyde_dehydrogenase	2hdh-assembly1.cif.gz_B	2hdh-assembly1.cif.gz_B BIOCHEMICAL CHARACTERIZATION AND STRUCTURE DETERMINATION OF HUMAN HEART SHORT CHAIN L-3-HYDROXYACYL COA DEHYDROGENASE PROVIDE INSIGHT INTO CATALYTIC MECHANISM	9.536E-02	0.196	39	140	342	527	4	215	291	244	0.385	0.729
LOKIASV2_4403_ESMFold_NAD-dependent_succinate-semialdehyde_dehydrogenase	6laa-assembly1.cif.gz_A	6laa-assembly1.cif.gz_A Crystal structure of full-length CYP116B46 from Tepidiphilus thermophilus	7.102E-01	0.196	39	137	247	527	543	651	753	122	0.211	0.145
LOKIASV2_4403_ESMFold_NAD-dependent_succinate-semialdehyde_dehydrogenase	7ntf-assembly1.cif.gz_A	7ntf-assembly1.cif.gz_A Cryo-EM structure of unliganded O-GlcNAc transferase	9.317E-01	0.196	39	136	243	527	723	827	918	122	0.205	0.114
LOKIASV2_4403_ESMFold_NAD-dependent_succinate-semialdehyde_dehydrogenase	3had-assembly1.cif.gz_B	3had-assembly1.cif.gz_B BIOCHEMICAL CHARACTERIZATION AND STRUCTURE DETERMINATION OF HUMAN HEART SHORT CHAIN L-3-HYDROXYACYL COA DEHYDROGENASE PROVIDE INSIGHT INTO CATALYTIC MECHANISM	9.536E-02	0.179	38	138	342	527	2	215	291	249	0.389	0.735
LOKIASV2_4403_ESMFold_NAD-dependent_succinate-semialdehyde_dehydrogenase	1u0r-assembly1.cif.gz_D	1u0r-assembly1.cif.gz_D Crystal structure of Mycobacterium tuberculosis NAD kinase	1.518E+00	0.179	38	137	248	527	3	104	301	116	0.213	0.339
LOKIASV2_4403_ESMFold_NAD-dependent_succinate-semialdehyde_dehydrogenase	8cm9-assembly3.cif.gz_C	8cm9-assembly3.cif.gz_C Structure of human O-GlcNAc transferase in complex with UDP and tP11	2.344E+00	0.179	38	139	243	527	507	610	704	110	0.199	0.148
LOKIASV2_4403_ESMFold_NAD-dependent_succinate-semialdehyde_dehydrogenase	5u76-assembly1.cif.gz_A	5u76-assembly1.cif.gz_A Chicken Slo2.2 in a closed conformation vitrified in the presence of 300 mM NaCl	4.128E-01	0.179	38	137	271	527	239	388	878	168	0.256	0.171
LOKIASV2_4403_ESMFold_NAD-dependent_succinate-semialdehyde_dehydrogenase	4rwz-assembly1.cif.gz_A	4rwz-assembly1.cif.gz_A Crystal structure of the antibiotic-resistance methyltransferase Kmr	1.603E+00	0.164	37	136	247	527	24	140	195	124	0.213	0.600
LOKIASV2_4403_ESMFold_NAD-dependent_succinate-semialdehyde_dehydrogenase	2e37-assembly4.cif.gz_D	2e37-assembly4.cif.gz_D Structure of TT0471 protein from Thermus thermophilus	6.372E-01	0.164	37	140	272	527	2	143	302	159	0.252	0.470
LOKIASV2_4403_ESMFold_NAD-dependent_succinate-semialdehyde_dehydrogenase	3i58-assembly1.cif.gz_A	3i58-assembly1.cif.gz_A Crystal structure of an O-methyltransferase (NcsB1) from neocarzinostatin biosynthesis in complex with S-adenosyl-L-homocysteine (SAH) and 2-hydroxy-7-methoxy-5-methyl naphthoic acid (NA)	4.601E-01	0.164	37	70	244	527	101	268	328	203	0.332	0.512
LOKIASV2_4403_ESMFold_NAD-dependent_succinate-semialdehyde_dehydrogenase	3mcz-assembly1.cif.gz_B	3mcz-assembly1.cif.gz_B The Structure of an O-methyltransferase family protein from Burkholderia thailandensis.	1.321E-01	0.164	37	53	354	527	76	319	332	328	0.573	0.735
LOKIASV2_4403_ESMFold_NAD-dependent_succinate-semialdehyde_dehydrogenase	5vie-assembly1.cif.gz_C	5vie-assembly1.cif.gz_C Electrophilic probes for deciphering substrate recognition by O-GlcNAc transferase	1.603E+00	0.164	37	138	256	527	471	580	667	126	0.226	0.165
LOKIASV2_4403_ESMFold_NAD-dependent_succinate-semialdehyde_dehydrogenase	5a01-assembly3.cif.gz_C	5a01-assembly3.cif.gz_C O-GlcNAc transferase from Drososphila melanogaster	2.912E+00	0.164	37	139	243	527	483	586	681	110	0.199	0.153
LOKIASV2_4403_ESMFold_NAD-dependent_succinate-semialdehyde_dehydrogenase	7km3-assembly1.cif.gz_G	7km3-assembly1.cif.gz_G Dodecameric Structure of the Chlamydia trachomatis Flavin Prenyltransferase UbiX Ortholog CT220 with FMN and DMAP	1.518E+00	0.150	36	139	246	527	2	121	183	131	0.205	0.656
LOKIASV2_4403_ESMFold_NAD-dependent_succinate-semialdehyde_dehydrogenase	3dr5-assembly1.cif.gz_A-2	3dr5-assembly1.cif.gz_A-2 Crystal structure of the Q8NRD3_CORGL protein from Corynebacterium glutamicum. Northeast Structural Genomics Consortium target CgR117.	1.096E+00	0.150	36	100	244	527	18	159	216	165	0.275	0.657
LOKIASV2_4403_ESMFold_NAD-dependent_succinate-semialdehyde_dehydrogenase	1f0y-assembly1.cif.gz_B	1f0y-assembly1.cif.gz_B L-3-HYDROXYACYL-COA DEHYDROGENASE COMPLEXED WITH ACETOACETYL-COA AND NAD+	1.829E-01	0.150	36	136	342	527	3	215	291	244	0.393	0.732
LOKIASV2_4403_ESMFold_NAD-dependent_succinate-semialdehyde_dehydrogenase	7xcr-assembly1.cif.gz_K	7xcr-assembly1.cif.gz_K Cryo-EM structure of Dot1L and H2BK34ub-H3K79Nle nucleosome 1:1 complex	1.222E+00	0.150	36	96	245	527	105	265	328	181	0.285	0.491
LOKIASV2_4403_ESMFold_NAD-dependent_succinate-semialdehyde_dehydrogenase	4f9f-assembly3.cif.gz_E	4f9f-assembly3.cif.gz_E Crystal Structure of VldE, the pseudo-glycosyltransferase, in complex with GDP and Trehalose	1.886E+00	0.150	36	136	222	527	264	363	463	104	0.165	0.216
LOKIASV2_4403_ESMFold_NAD-dependent_succinate-semialdehyde_dehydrogenase	5vie-assembly1.cif.gz_A	5vie-assembly1.cif.gz_A Electrophilic probes for deciphering substrate recognition by O-GlcNAc transferase	2.220E+00	0.150	36	140	243	527	470	573	666	112	0.197	0.156
LOKIASV2_4403_ESMFold_NAD-dependent_succinate-semialdehyde_dehydrogenase	4gz5-assembly1.cif.gz_A	4gz5-assembly1.cif.gz_A Crystal structure of human O-GlcNAc Transferase with UDP-GlcNAc	3.246E+00	0.150	36	139	243	527	503	606	700	110	0.199	0.149
LOKIASV2_4403_ESMFold_NAD-dependent_succinate-semialdehyde_dehydrogenase	1m6v-assembly1.cif.gz_G	1m6v-assembly1.cif.gz_G Crystal Structure of the G359F (small subunit) Point Mutant of Carbamoyl Phosphate Synthetase	1.692E+00	0.150	36	136	244	527	925	1028	1059	122	0.207	0.098
LOKIASV2_4403_ESMFold_NAD-dependent_succinate-semialdehyde_dehydrogenase	5ksw-assembly1.cif.gz_B	5ksw-assembly1.cif.gz_B DHODB-I74D mutant	2.344E+00	0.138	35	136	248	527	108	222	262	126	0.214	0.439
LOKIASV2_4403_ESMFold_NAD-dependent_succinate-semialdehyde_dehydrogenase	3hdh-assembly2.cif.gz_C-2	3hdh-assembly2.cif.gz_C-2 PIG HEART SHORT CHAIN L-3-HYDROXYACYL COA DEHYDROGENASE REVISITED: SEQUENCE ANALYSIS AND CRYSTAL STRUCTURE DETERMINATION	2.272E-01	0.138	35	136	335	527	3	208	265	247	0.380	0.777
LOKIASV2_4403_ESMFold_NAD-dependent_succinate-semialdehyde_dehydrogenase	2e37-assembly2.cif.gz_C	2e37-assembly2.cif.gz_C Structure of TT0471 protein from Thermus thermophilus	6.727E-01	0.138	35	140	272	527	2	149	310	169	0.252	0.477
LOKIASV2_4403_ESMFold_NAD-dependent_succinate-semialdehyde_dehydrogenase	7rrl-assembly1.cif.gz_A	7rrl-assembly1.cif.gz_A Alternate Crystal Form of Human Malate Dehydrogenase I	3.508E-01	0.138	35	139	287	527	4	183	327	194	0.283	0.550
LOKIASV2_4403_ESMFold_NAD-dependent_succinate-semialdehyde_dehydrogenase	7rrl-assembly1.cif.gz_B	7rrl-assembly1.cif.gz_B Alternate Crystal Form of Human Malate Dehydrogenase I	4.858E-01	0.138	35	136	260	527	3	135	328	156	0.237	0.405
LOKIASV2_4403_ESMFold_NAD-dependent_succinate-semialdehyde_dehydrogenase	1bxr-assembly1.cif.gz_A	1bxr-assembly1.cif.gz_A STRUCTURE OF CARBAMOYL PHOSPHATE SYNTHETASE COMPLEXED WITH THE ATP ANALOG AMPPNP	1.438E+00	0.138	35	136	246	527	939	1042	1073	120	0.211	0.097
LOKIASV2_4403_ESMFold_NAD-dependent_succinate-semialdehyde_dehydrogenase	4rwz-assembly2.cif.gz_B	4rwz-assembly2.cif.gz_B Crystal structure of the antibiotic-resistance methyltransferase Kmr	2.475E+00	0.126	34	136	247	527	24	140	195	124	0.213	0.600
LOKIASV2_4403_ESMFold_NAD-dependent_succinate-semialdehyde_dehydrogenase	6zhl-assembly1.cif.gz_A	6zhl-assembly1.cif.gz_A Crystal Structure of Staphylococcus aureus RsgA bound to ppGpp.	1.038E+00	0.126	34	139	234	527	75	176	268	106	0.182	0.381
LOKIASV2_4403_ESMFold_NAD-dependent_succinate-semialdehyde_dehydrogenase	1m75-assembly1.cif.gz_B	1m75-assembly1.cif.gz_B Crystal Structure of the N208S Mutant of L-3-Hydroxyacyl-COA Dehydrogenase in Complex with NAD and Acetoacetyl-COA	3.508E-01	0.126	34	136	342	527	3	215	291	241	0.393	0.732
LOKIASV2_4403_ESMFold_NAD-dependent_succinate-semialdehyde_dehydrogenase	1jji-assembly1.cif.gz_A	1jji-assembly1.cif.gz_A The Crystal Structure of a Hyper-thermophilic Carboxylesterase from the Archaeon Archaeoglobus fulgidus	8.103E-02	0.126	34	88	246	527	32	279	311	264	0.302	0.797
LOKIASV2_4403_ESMFold_NAD-dependent_succinate-semialdehyde_dehydrogenase	6um4-assembly4.cif.gz_H	6um4-assembly4.cif.gz_H Crystal structure of malate dehydrogenase from Naegleria fowleri ATCC 30863	6.372E-01	0.126	34	139	271	527	5	169	326	178	0.252	0.506
LOKIASV2_4403_ESMFold_NAD-dependent_succinate-semialdehyde_dehydrogenase	2xgm-assembly1.cif.gz_A	2xgm-assembly1.cif.gz_A Substrate and product analogues as human O-GlcNAc transferase inhibitors.	2.912E+00	0.126	34	139	220	527	321	402	512	86	0.156	0.160
LOKIASV2_4403_ESMFold_NAD-dependent_succinate-semialdehyde_dehydrogenase	7km3-assembly1.cif.gz_E	7km3-assembly1.cif.gz_E Dodecameric Structure of the Chlamydia trachomatis Flavin Prenyltransferase UbiX Ortholog CT220 with FMN and DMAP	2.758E+00	0.116	33	139	246	527	2	122	182	131	0.205	0.665
LOKIASV2_4403_ESMFold_NAD-dependent_succinate-semialdehyde_dehydrogenase	7km2-assembly1.cif.gz_F	7km2-assembly1.cif.gz_F Dodecameric Structure of the Chlamydia trachomatis Flavin Prenyltransferase UbiX Ortholog CT220 with FMN	2.475E+00	0.116	33	138	246	527	2	125	189	132	0.207	0.656
LOKIASV2_4403_ESMFold_NAD-dependent_succinate-semialdehyde_dehydrogenase	4rx1-assembly3.cif.gz_B	4rx1-assembly3.cif.gz_B Crystal Structure of antibiotic-resistance methyltransferase Kmr	2.758E+00	0.116	33	136	247	527	24	140	198	124	0.213	0.591
LOKIASV2_4403_ESMFold_NAD-dependent_succinate-semialdehyde_dehydrogenase	2an1-assembly3.cif.gz_A	2an1-assembly3.cif.gz_A Structural Genomics, The crystal structure of a putative kinase from Salmonella typhimurim LT2	2.912E+00	0.116	33	134	249	527	1	87	275	117	0.220	0.316
LOKIASV2_4403_ESMFold_NAD-dependent_succinate-semialdehyde_dehydrogenase	1ldb-assembly1.cif.gz_A	1ldb-assembly1.cif.gz_A STRUCTURE DETERMINATION AND REFINEMENT OF BACILLUS STEAROTHERMOPHILUS LACTATE DEHYDROGENASE	1.438E+00	0.116	33	136	269	527	5	124	294	147	0.254	0.408
LOKIASV2_4403_ESMFold_NAD-dependent_succinate-semialdehyde_dehydrogenase	4er5-assembly1.cif.gz_A	4er5-assembly1.cif.gz_A Crystal structure of human DOT1L in complex with 2 molecules of EPZ004777	1.886E+00	0.116	33	96	245	527	100	260	329	180	0.285	0.489
LOKIASV2_4403_ESMFold_NAD-dependent_succinate-semialdehyde_dehydrogenase	5vif-assembly1.cif.gz_A	5vif-assembly1.cif.gz_A Electrophilic probes for deciphering substrate recognition by O-GlcNAc transferase	3.427E+00	0.116	33	136	256	527	486	595	683	126	0.230	0.161
LOKIASV2_4403_ESMFold_NAD-dependent_succinate-semialdehyde_dehydrogenase	3hdh-assembly1.cif.gz_B	3hdh-assembly1.cif.gz_B PIG HEART SHORT CHAIN L-3-HYDROXYACYL COA DEHYDROGENASE REVISITED: SEQUENCE ANALYSIS AND CRYSTAL STRUCTURE DETERMINATION	4.601E-01	0.106	32	137	344	527	4	217	291	247	0.395	0.735
LOKIASV2_4403_ESMFold_NAD-dependent_succinate-semialdehyde_dehydrogenase	1f12-assembly1.cif.gz_A	1f12-assembly1.cif.gz_A L-3-HYDROXYACYL-COA DEHYDROGENASE COMPLEXED WITH 3-HYDROXYBUTYRYL-COA	3.910E-01	0.106	32	136	342	527	3	215	293	247	0.393	0.727
LOKIASV2_4403_ESMFold_NAD-dependent_succinate-semialdehyde_dehydrogenase	6wlf-assembly1.cif.gz_A	6wlf-assembly1.cif.gz_A Phosphoethanolamine Methyltransferase from the Pine Wilt Nematode Bursaphelenchus xylophilus	1.438E+00	0.106	32	96	248	527	238	390	431	174	0.290	0.355
LOKIASV2_4403_ESMFold_NAD-dependent_succinate-semialdehyde_dehydrogenase	6m9u-assembly1.cif.gz_A	6m9u-assembly1.cif.gz_A Structure of the apo-form of 20beta-Hydroxysteroid Dehydrogenase from Bifidobacterium adolescentis strain L2-32	1.518E+00	0.098	31	136	297	527	22	209	251	209	0.307	0.749
LOKIASV2_4403_ESMFold_NAD-dependent_succinate-semialdehyde_dehydrogenase	5dt2-assembly1.cif.gz_A	5dt2-assembly1.cif.gz_A Crystal structure of Dot1L in complex with inhibitor CPD11 [N4-methyl-N2-(2-methyl-1-(2-phenoxyphenyl)-1H-indol-6-yl)pyrimidine-2,4-diamine]	7.917E-01	0.098	31	13	245	527	2	252	311	291	0.442	0.807
LOKIASV2_4403_ESMFold_NAD-dependent_succinate-semialdehyde_dehydrogenase	5dt2-assembly2.cif.gz_B	5dt2-assembly2.cif.gz_B Crystal structure of Dot1L in complex with inhibitor CPD11 [N4-methyl-N2-(2-methyl-1-(2-phenoxyphenyl)-1H-indol-6-yl)pyrimidine-2,4-diamine]	2.220E+00	0.098	31	76	245	527	99	256	315	187	0.323	0.502
LOKIASV2_4403_ESMFold_NAD-dependent_succinate-semialdehyde_dehydrogenase	5dsx-assembly1.cif.gz_A	5dsx-assembly1.cif.gz_A Crystal structure of Dot1L in complex with inhibitor CPD10 [6'-chloro-1,4-dimethyl-5'-(2-methyl-6-((4-(methylamino)pyrimidin-2-yl)amino)-1H-indol-1-yl)-[3,3'-bipyridin]-2(1H)-one]	7.499E-01	0.098	31	13	245	527	2	256	316	295	0.442	0.807
LOKIASV2_4403_ESMFold_NAD-dependent_succinate-semialdehyde_dehydrogenase	3qox-assembly1.cif.gz_A	3qox-assembly1.cif.gz_A DOT1L structure in complex with SAH	1.992E+00	0.098	31	96	245	527	103	263	326	180	0.285	0.494
LOKIASV2_4403_ESMFold_NAD-dependent_succinate-semialdehyde_dehydrogenase	4wvl-assembly1.cif.gz_A	4wvl-assembly1.cif.gz_A Structure-Guided DOT1L Probe Optimization by Label-Free Ligand Displacement	6.035E-01	0.098	31	13	245	527	3	253	331	286	0.442	0.758
LOKIASV2_4403_ESMFold_NAD-dependent_succinate-semialdehyde_dehydrogenase	2y1c-assembly1.cif.gz_A	2y1c-assembly1.cif.gz_A X-ray structure of 1-deoxy-D-xylulose 5-phosphate reductoisomerase, DXR, Rv2870c, from Mycobacterium tuberculosis, in complex with manganese.	3.246E+00	0.098	31	139	266	527	1	117	372	139	0.243	0.315
LOKIASV2_4403_ESMFold_NAD-dependent_succinate-semialdehyde_dehydrogenase	8hi6-assembly1.cif.gz_A-2	8hi6-assembly1.cif.gz_A-2 Crystal structure of the NADP+ and MSA bound N terminal domain of bi-functional malonyl-CoA reductase from Roseiflexus castenholzii	1.641E-01	0.098	31	141	432	527	7	366	534	414	0.554	0.674
LOKIASV2_4403_ESMFold_NAD-dependent_succinate-semialdehyde_dehydrogenase	6hyt-assembly4.cif.gz_D	6hyt-assembly4.cif.gz_D Crystal structure of DHX8 helicase domain bound to ADP at 2.3 Angstrom	1.185E-01	0.098	31	141	439	527	27	351	630	392	0.567	0.516
LOKIASV2_4403_ESMFold_NAD-dependent_succinate-semialdehyde_dehydrogenase	5bnw-assembly1.cif.gz_A	5bnw-assembly1.cif.gz_A The active site of O-GlcNAc transferase imposes constraints on substrate sequence	6.226E+00	0.098	31	139	243	527	497	600	694	110	0.199	0.150
LOKIASV2_4403_ESMFold_NAD-dependent_succinate-semialdehyde_dehydrogenase	8fuf-assembly1.cif.gz_A	8fuf-assembly1.cif.gz_A Crystal structure of human O-GlcNAc transferase (OGT) in complex with an exosite-binding peptide (ZNF831) and UDP-GlcNAc	3.618E+00	0.098	31	140	243	527	499	602	695	116	0.197	0.150
LOKIASV2_4403_ESMFold_NAD-dependent_succinate-semialdehyde_dehydrogenase	5lvv-assembly1.cif.gz_A	5lvv-assembly1.cif.gz_A Human OGT in complex with UDP and fused substrate peptide (Tab1)	5.290E+00	0.098	31	140	243	527	524	626	720	111	0.197	0.143
LOKIASV2_4403_ESMFold_NAD-dependent_succinate-semialdehyde_dehydrogenase	2a0f-assembly1.cif.gz_A	2a0f-assembly1.cif.gz_A Structure of D236A mutant E. coli Aspartate Transcarbamoylase in presence of Phosphonoacetamide at 2.90 A resolution	8.824E-01	0.090	30	97	246	527	136	265	310	171	0.285	0.419
LOKIASV2_4403_ESMFold_NAD-dependent_succinate-semialdehyde_dehydrogenase	4i1i-assembly1.cif.gz_B	4i1i-assembly1.cif.gz_B Crystal structure of a putative Cytosolic malate dehydrogenase from Leishmania major Friedlin in complex with NAD	1.438E+00	0.090	30	139	271	527	2	167	313	177	0.252	0.530
LOKIASV2_4403_ESMFold_NAD-dependent_succinate-semialdehyde_dehydrogenase	3vse-assembly1.cif.gz_A	3vse-assembly1.cif.gz_A Crystal structure of methyltransferase	2.475E+00	0.090	30	142	304	527	217	354	390	183	0.309	0.354
LOKIASV2_4403_ESMFold_NAD-dependent_succinate-semialdehyde_dehydrogenase	6tka-assembly1.cif.gz_AAA	6tka-assembly1.cif.gz_AAA Crystal structure of human O-GlcNAc transferase bound to substrate 7 and a peptide from HCF-1 pro-repeat 2 (11-26)	6.573E+00	0.090	30	139	243	527	498	601	694	110	0.199	0.150
LOKIASV2_4403_ESMFold_NAD-dependent_succinate-semialdehyde_dehydrogenase	8fe7-assembly4.cif.gz_G	8fe7-assembly4.cif.gz_G Crystal structure of human O-GlcNAc transferase (OGT) in complex with an exosite-binding peptide (SMG9) and UDP-GlcNAc	6.573E+00	0.090	30	139	243	527	507	610	705	110	0.199	0.148
LOKIASV2_4403_ESMFold_NAD-dependent_succinate-semialdehyde_dehydrogenase	7ntf-assembly1.cif.gz_B	7ntf-assembly1.cif.gz_B Cryo-EM structure of unliganded O-GlcNAc transferase	3.075E+00	0.090	30	136	220	527	624	706	822	95	0.161	0.101
LOKIASV2_4403_ESMFold_NAD-dependent_succinate-semialdehyde_dehydrogenase	1a9x-assembly1.cif.gz_A	1a9x-assembly1.cif.gz_A CARBAMOYL PHOSPHATE SYNTHETASE: CAUGHT IN THE ACT OF GLUTAMINE HYDROLYSIS	2.912E+00	0.090	30	136	244	527	924	1027	1058	121	0.207	0.098
LOKIASV2_4403_ESMFold_NAD-dependent_succinate-semialdehyde_dehydrogenase	1ce8-assembly1.cif.gz_A	1ce8-assembly1.cif.gz_A CARBAMOYL PHOSPHATE SYNTHETASE FROM ESCHERICHIS COLI WITH COMPLEXED WITH THE ALLOSTERIC LIGAND IMP	2.220E+00	0.090	30	136	238	527	924	1014	1058	109	0.195	0.086
LOKIASV2_4403_ESMFold_NAD-dependent_succinate-semialdehyde_dehydrogenase	3g40-assembly1.cif.gz_A	3g40-assembly1.cif.gz_A Crystal structure of the cytoplasmic domain of a prokaryotic cation chloride cotransporter	1.096E+00	0.082	29	136	329	527	2	209	258	225	0.368	0.806
LOKIASV2_4403_ESMFold_NAD-dependent_succinate-semialdehyde_dehydrogenase	6zeq-assembly1.cif.gz_A	6zeq-assembly1.cif.gz_A Aspergillus oryzae Leucine Aminopeptidase A mature enzyme	1.321E-01	0.082	29	15	265	527	2	221	301	293	0.476	0.731
LOKIASV2_4403_ESMFold_NAD-dependent_succinate-semialdehyde_dehydrogenase	6tel-assembly1.cif.gz_A	6tel-assembly1.cif.gz_A Crystal structure of Dot1L in complex with an inhibitor (compound 10).	8.358E-01	0.082	29	13	245	527	2	252	312	298	0.442	0.804
LOKIASV2_4403_ESMFold_NAD-dependent_succinate-semialdehyde_dehydrogenase	7km3-assembly1.cif.gz_H	7km3-assembly1.cif.gz_H Dodecameric Structure of the Chlamydia trachomatis Flavin Prenyltransferase UbiX Ortholog CT220 with FMN and DMAP	4.746E+00	0.076	28	138	246	527	2	122	182	134	0.207	0.665
LOKIASV2_4403_ESMFold_NAD-dependent_succinate-semialdehyde_dehydrogenase	5g4k-assembly1.cif.gz_A-2	5g4k-assembly1.cif.gz_A-2 Phloroglucinol reductase from Clostridium sp. apo-form	1.096E+00	0.076	28	136	306	527	14	229	264	239	0.324	0.818
LOKIASV2_4403_ESMFold_NAD-dependent_succinate-semialdehyde_dehydrogenase	2an1-assembly3.cif.gz_C	2an1-assembly3.cif.gz_C Structural Genomics, The crystal structure of a putative kinase from Salmonella typhimurim LT2	5.897E+00	0.076	28	139	248	527	2	82	271	114	0.209	0.299
LOKIASV2_4403_ESMFold_NAD-dependent_succinate-semialdehyde_dehydrogenase	4o1m-assembly2.cif.gz_D-2	4o1m-assembly2.cif.gz_D-2 Toxoplasma gondii Enoyl acyl carrier protein reductase	3.910E-01	0.076	28	135	307	527	2	245	296	256	0.328	0.824
LOKIASV2_4403_ESMFold_NAD-dependent_succinate-semialdehyde_dehydrogenase	5mw4-assembly1.cif.gz_A	5mw4-assembly1.cif.gz_A Crystal structure of Dot1L in complex with inhibitor CPD7 [N-(3-(((R)-1-(7H-pyrrolo[2,3-d]pyrimidin-4-yl)piperidin-3-yl)(methyl)amino)propyl)-2-(3-(2-chloro-3-(2-methylpyridin-3-yl)benzo[b]thiophen-5-yl)ureido)acetamide]	3.427E+00	0.076	28	96	245	527	98	246	305	174	0.285	0.489
LOKIASV2_4403_ESMFold_NAD-dependent_succinate-semialdehyde_dehydrogenase	4mdh-assembly1.cif.gz_A	4mdh-assembly1.cif.gz_A REFINED CRYSTAL STRUCTURE OF CYTOPLASMIC MALATE DEHYDROGENASE AT 2.5-ANGSTROMS RESOLUTION	1.290E+00	0.076	28	140	283	527	3	178	333	192	0.273	0.529
LOKIASV2_4403_ESMFold_NAD-dependent_succinate-semialdehyde_dehydrogenase	2w37-assembly1.cif.gz_A	2w37-assembly1.cif.gz_A CRYSTAL STRUCTURE OF THE HEXAMERIC CATABOLIC ORNITHINE TRANSCARBAMYLASE FROM Lactobacillus hilgardii	7.102E-01	0.076	28	136	426	527	48	252	341	325	0.552	0.601
LOKIASV2_4403_ESMFold_NAD-dependent_succinate-semialdehyde_dehydrogenase	6su7-assembly2.cif.gz_B	6su7-assembly2.cif.gz_B Complex between a UDP-glucosyltransferase from Polygonum tinctorium capable of glucosylating indoxyl and 3,4-Dichloroaniline	2.039E-01	0.076	28	137	441	527	3	376	452	423	0.579	0.827
LOKIASV2_4403_ESMFold_NAD-dependent_succinate-semialdehyde_dehydrogenase	8fe6-assembly4.cif.gz_G	8fe6-assembly4.cif.gz_G Crystal structure of human O-GlcNAc transferase (OGT) in complex with an exosite-binding peptide and UDP-GlcNAc	4.746E+00	0.076	28	142	243	527	500	603	696	115	0.194	0.149
LOKIASV2_4403_ESMFold_NAD-dependent_succinate-semialdehyde_dehydrogenase	6qlg-assembly1.cif.gz_A	6qlg-assembly1.cif.gz_A Crystal structure of AnUbiX (PadA1) in complex with FMN and dimethylallyl pyrophosphate	5.011E+00	0.069	27	137	246	527	2	122	188	132	0.209	0.644
LOKIASV2_4403_ESMFold_NAD-dependent_succinate-semialdehyde_dehydrogenase	4wrr-assembly1.cif.gz_B	4wrr-assembly1.cif.gz_B A putative diacylglycerol kinase from Bacillus anthracis str. Sterne	9.317E-01	0.069	27	136	267	527	3	105	292	143	0.250	0.353
LOKIASV2_4403_ESMFold_NAD-dependent_succinate-semialdehyde_dehydrogenase	4q9n-assembly1.cif.gz_D	4q9n-assembly1.cif.gz_D Crystal structure of Chlamydia trachomatis enoyl-ACP reductase (FabI) in complex with NADH and AFN-1252	1.038E+00	0.069	27	136	301	527	5	246	295	249	0.315	0.820
LOKIASV2_4403_ESMFold_NAD-dependent_succinate-semialdehyde_dehydrogenase	1acm-assembly1.cif.gz_A	1acm-assembly1.cif.gz_A ARGININE 54 IN THE ACTIVE SITE OF ESCHERICHIA COLI ASPARTATE TRANSCARBAMOYLASE IS CRITICAL FOR CATALYSIS: A SITE-SPECIFIC MUTAGENESIS, NMR AND X-RAY CRYSTALLOGRAPHY STUDY	1.362E+00	0.069	27	135	467	527	34	303	310	383	0.632	0.871
LOKIASV2_4403_ESMFold_NAD-dependent_succinate-semialdehyde_dehydrogenase	4kdf-assembly2.cif.gz_C	4kdf-assembly2.cif.gz_C Crystal Structure of Thermus thermophilus Malate Dehydrogenase in Complex with NAD	1.222E+00	0.069	27	138	284	527	2	172	318	190	0.279	0.538
LOKIASV2_4403_ESMFold_NAD-dependent_succinate-semialdehyde_dehydrogenase	1rrv-assembly2.cif.gz_B	1rrv-assembly2.cif.gz_B X-ray crystal structure of TDP-vancosaminyltransferase GtfD as a complex with TDP and the natural substrate, desvancosaminyl vancomycin.	2.039E-01	0.069	27	139	440	527	2	337	400	403	0.573	0.840
LOKIASV2_4403_ESMFold_NAD-dependent_succinate-semialdehyde_dehydrogenase	6sy7-assembly1.cif.gz_D	6sy7-assembly1.cif.gz_D Structure of Trypanosome Brucei Phosphofructokinase in complex with AMP.	3.508E-01	0.069	27	132	527	527	69	452	452	491	0.751	0.850
LOKIASV2_4403_ESMFold_NAD-dependent_succinate-semialdehyde_dehydrogenase	4ay5-assembly2.cif.gz_B	4ay5-assembly2.cif.gz_B Human O-GlcNAc transferase (OGT) in complex with UDP and glycopeptide	3.246E+00	0.069	27	139	300	527	501	642	698	176	0.307	0.203
LOKIASV2_4403_ESMFold_NAD-dependent_succinate-semialdehyde_dehydrogenase	3mq2-assembly2.cif.gz_B	3mq2-assembly2.cif.gz_B Crystal Structure of 16S rRNA Methyltranferase KamB	2.758E+00	0.063	26	117	302	527	10	171	215	198	0.353	0.753
LOKIASV2_4403_ESMFold_NAD-dependent_succinate-semialdehyde_dehydrogenase	4o1m-assembly1.cif.gz_C	4o1m-assembly1.cif.gz_C Toxoplasma gondii Enoyl acyl carrier protein reductase	6.372E-01	0.063	26	135	307	527	3	245	297	254	0.328	0.818
LOKIASV2_4403_ESMFold_NAD-dependent_succinate-semialdehyde_dehydrogenase	4o1m-assembly2.cif.gz_F	4o1m-assembly2.cif.gz_F Toxoplasma gondii Enoyl acyl carrier protein reductase	9.317E-01	0.063	26	135	307	527	2	246	298	256	0.328	0.822
LOKIASV2_4403_ESMFold_NAD-dependent_succinate-semialdehyde_dehydrogenase	5nue-assembly1.cif.gz_A	5nue-assembly1.cif.gz_A Cytosolic Malate Dehydrogenase 1 (peroxide-treated)	1.886E+00	0.063	26	141	304	527	5	172	331	189	0.311	0.508
LOKIASV2_4403_ESMFold_NAD-dependent_succinate-semialdehyde_dehydrogenase	6sy7-assembly1.cif.gz_C	6sy7-assembly1.cif.gz_C Structure of Trypanosome Brucei Phosphofructokinase in complex with AMP.	4.358E-01	0.063	26	132	527	527	67	451	451	490	0.751	0.854
LOKIASV2_4403_ESMFold_NAD-dependent_succinate-semialdehyde_dehydrogenase	6sy7-assembly2.cif.gz_G	6sy7-assembly2.cif.gz_G Structure of Trypanosome Brucei Phosphofructokinase in complex with AMP.	4.601E-01	0.063	26	132	527	527	69	452	452	482	0.751	0.850
LOKIASV2_4403_ESMFold_NAD-dependent_succinate-semialdehyde_dehydrogenase	2y0e-assembly1.cif.gz_D	2y0e-assembly1.cif.gz_D BceC and the final step of UGDs reaction	9.317E-01	0.063	26	47	221	527	211	399	454	227	0.332	0.416
LOKIASV2_4403_ESMFold_NAD-dependent_succinate-semialdehyde_dehydrogenase	7bvb-assembly2.cif.gz_B	7bvb-assembly2.cif.gz_B Crystal structure of UDP-N-acetylmuramic Acid L-alanine ligase (MurC) from Mycobacterium bovis in complex with UDP-N-acetylglucosamine	9.317E-01	0.063	26	136	425	527	5	200	463	306	0.550	0.423
LOKIASV2_4403_ESMFold_NAD-dependent_succinate-semialdehyde_dehydrogenase	2vsn-assembly1.cif.gz_A	2vsn-assembly1.cif.gz_A Structure and topological arrangement of an O-GlcNAc transferase homolog: insight into molecular control of intracellular glycosylation	5.585E+00	0.063	26	139	243	527	343	446	534	121	0.199	0.195
LOKIASV2_4403_ESMFold_NAD-dependent_succinate-semialdehyde_dehydrogenase	8hi5-assembly1.cif.gz_A	8hi5-assembly1.cif.gz_A Crystal structure of the NADP+ and MSA bound C terminal domain of bi-functional malonyl-CoA reductase from Roseiflexus castenholzii	3.322E-01	0.063	26	141	342	527	14	241	647	279	0.383	0.352
LOKIASV2_4403_ESMFold_NAD-dependent_succinate-semialdehyde_dehydrogenase	7pb1-assembly1.cif.gz_B-2	7pb1-assembly1.cif.gz_B-2 Structure of the human heterotetrameric cis-prenyltransferase complex in complex with magnesium, GGPP and IsPP	4.258E+00	0.057	25	136	244	527	16	154	182	149	0.207	0.764
LOKIASV2_4403_ESMFold_NAD-dependent_succinate-semialdehyde_dehydrogenase	7pl1-assembly1.cif.gz_A	7pl1-assembly1.cif.gz_A Crystal structure of human METTL1 bound to Sinefungin	8.166E+00	0.057	25	136	246	527	28	142	210	124	0.211	0.548
LOKIASV2_4403_ESMFold_NAD-dependent_succinate-semialdehyde_dehydrogenase	3f5s-assembly1.cif.gz_A	3f5s-assembly1.cif.gz_A CRYSTAL STRUCTURE OF putatitve short chain dehydrogenase from Shigella flexneri 2a str. 301	1.362E+00	0.057	25	141	288	527	8	188	226	203	0.281	0.801
LOKIASV2_4403_ESMFold_NAD-dependent_succinate-semialdehyde_dehydrogenase	3wj2-assembly1.cif.gz_A	3wj2-assembly1.cif.gz_A Crystal structure of ESTFA (FE-lacking apo form)	3.703E-01	0.057	25	115	247	527	47	267	299	226	0.252	0.739
LOKIASV2_4403_ESMFold_NAD-dependent_succinate-semialdehyde_dehydrogenase	4h7p-assembly1.cif.gz_B	4h7p-assembly1.cif.gz_B Crystal structure of a putative Cytosolic malate dehydrogenase from Leishmania major Friedlin	3.075E+00	0.057	25	139	267	527	2	136	306	156	0.245	0.441
LOKIASV2_4403_ESMFold_NAD-dependent_succinate-semialdehyde_dehydrogenase	5vmq-assembly1.cif.gz_C	5vmq-assembly1.cif.gz_C STRUCTURE OF THE R105A MUTANT CATALYTIC TRIMER OF ESCHERICHIA COLI ASPARTATE TRANSCARBAMOYLASE AT 2.0-A RESOLUTION	1.992E+00	0.057	25	97	467	527	22	303	309	417	0.704	0.913
LOKIASV2_4403_ESMFold_NAD-dependent_succinate-semialdehyde_dehydrogenase	7uoi-assembly1.cif.gz_A-2	7uoi-assembly1.cif.gz_A-2 Crystallographic structure of DapE from Enterococcus faecium	6.372E-01	0.057	25	75	225	527	9	170	383	189	0.287	0.423
LOKIASV2_4403_ESMFold_NAD-dependent_succinate-semialdehyde_dehydrogenase	2y0c-assembly2.cif.gz_D	2y0c-assembly2.cif.gz_D BceC mutation Y10S	1.362E+00	0.057	25	47	264	527	211	436	454	272	0.414	0.498
LOKIASV2_4403_ESMFold_NAD-dependent_succinate-semialdehyde_dehydrogenase	7air-assembly1.cif.gz_B	7air-assembly1.cif.gz_B Structure of Human Potassium Chloride Transporter KCC1 in NaCl (Subclass 2)	1.518E+00	0.057	25	137	424	527	567	844	866	354	0.546	0.321
LOKIASV2_4403_ESMFold_NAD-dependent_succinate-semialdehyde_dehydrogenase	6m8t-assembly1.cif.gz_A	6m8t-assembly1.cif.gz_A Crystal structure of UbiX-like FMN prenyltransferase AF1214 from Archaeoglobus fulgidus, FMN complex	9.610E+00	0.051	24	138	259	527	7	133	189	144	0.231	0.672
LOKIASV2_4403_ESMFold_NAD-dependent_succinate-semialdehyde_dehydrogenase	4igf-assembly1.cif.gz_A	4igf-assembly1.cif.gz_A Crystal structure of Plasmodium falciparum FabI complexed with NAD and inhibitor 3-(4-Chloro-2-hydroxyphenoxy)-7-hydroxy-2H-chromen-2-one	1.992E+00	0.051	24	141	307	527	3	233	277	241	0.317	0.834
LOKIASV2_4403_ESMFold_NAD-dependent_succinate-semialdehyde_dehydrogenase	6um4-assembly5.cif.gz_J	6um4-assembly5.cif.gz_J Crystal structure of malate dehydrogenase from Naegleria fowleri ATCC 30863	2.758E+00	0.051	24	139	271	527	5	166	323	180	0.252	0.502
LOKIASV2_4403_ESMFold_NAD-dependent_succinate-semialdehyde_dehydrogenase	6j31-assembly2.cif.gz_B	6j31-assembly2.cif.gz_B Crystal Structure Analysis of the Glycotransferase of kitacinnamycin	5.717E-01	0.051	24	135	443	527	2	329	387	395	0.586	0.848
LOKIASV2_4403_ESMFold_NAD-dependent_succinate-semialdehyde_dehydrogenase	6sy7-assembly1.cif.gz_B	6sy7-assembly1.cif.gz_B Structure of Trypanosome Brucei Phosphofructokinase in complex with AMP.	6.372E-01	0.051	24	132	527	527	70	454	454	494	0.751	0.848
LOKIASV2_4403_ESMFold_NAD-dependent_succinate-semialdehyde_dehydrogenase	7r7m-assembly1.cif.gz_B	7r7m-assembly1.cif.gz_B Crystal structure of Triosephosphate isomerase from Candidate division Katanobacteria (WWE3) bacterium	1.362E+00	0.045	23	142	298	527	3	191	216	203	0.298	0.875
LOKIASV2_4403_ESMFold_NAD-dependent_succinate-semialdehyde_dehydrogenase	7vvw-assembly1.cif.gz_A	7vvw-assembly1.cif.gz_A MmtN-SAM complex	8.622E+00	0.045	23	136	239	527	26	132	269	119	0.197	0.398
LOKIASV2_4403_ESMFold_NAD-dependent_succinate-semialdehyde_dehydrogenase	5dh2-assembly1.cif.gz_B	5dh2-assembly1.cif.gz_B Structure of the siderophore periplasmic binding protein from the fuscachelin gene cluster of Thermobifida fusca in I222	8.358E-01	0.045	23	134	439	527	4	255	274	364	0.581	0.920
LOKIASV2_4403_ESMFold_NAD-dependent_succinate-semialdehyde_dehydrogenase	4bgu-assembly1.cif.gz_D	4bgu-assembly1.cif.gz_D 1.50 A resolution structure of the malate dehydrogenase from Haloferax volcanii	4.033E+00	0.045	23	140	271	527	2	158	303	182	0.250	0.518
LOKIASV2_4403_ESMFold_NAD-dependent_succinate-semialdehyde_dehydrogenase	5nue-assembly1.cif.gz_B	5nue-assembly1.cif.gz_B Cytosolic Malate Dehydrogenase 1 (peroxide-treated)	1.992E+00	0.045	23	141	304	527	6	171	330	190	0.311	0.503
LOKIASV2_4403_ESMFold_NAD-dependent_succinate-semialdehyde_dehydrogenase	6sy7-assembly2.cif.gz_F	6sy7-assembly2.cif.gz_F Structure of Trypanosome Brucei Phosphofructokinase in complex with AMP.	9.317E-01	0.045	23	132	527	527	68	450	450	487	0.751	0.851
LOKIASV2_4403_ESMFold_NAD-dependent_succinate-semialdehyde_dehydrogenase	2y0e-assembly1.cif.gz_C	2y0e-assembly1.cif.gz_C BceC and the final step of UGDs reaction	1.787E+00	0.045	23	45	254	527	211	426	455	266	0.398	0.475
LOKIASV2_4403_ESMFold_NAD-dependent_succinate-semialdehyde_dehydrogenase	4xz2-assembly1.cif.gz_D	4xz2-assembly1.cif.gz_D Human platelet phosphofructokinase in an R-state in complex with ADP and F6P, crystal form I	1.038E+00	0.045	23	96	401	527	358	631	725	371	0.581	0.378
LOKIASV2_4403_ESMFold_NAD-dependent_succinate-semialdehyde_dehydrogenase	7zep-assembly1.cif.gz_B	7zep-assembly1.cif.gz_B Human SLFN11 E209A dimer	8.824E-01	0.045	23	101	432	527	530	823	827	397	0.630	0.356
LOKIASV2_4403_ESMFold_NAD-dependent_succinate-semialdehyde_dehydrogenase	7rgc-assembly1.cif.gz_A-4	7rgc-assembly1.cif.gz_A-4 Crystal structure of triosephosphate isomerase from Candidatus Absconditabacteria (Sr1) bacterium	5.011E+00	0.040	22	138	236	527	123	237	238	119	0.188	0.483
LOKIASV2_4403_ESMFold_NAD-dependent_succinate-semialdehyde_dehydrogenase	4wrr-assembly1.cif.gz_D	4wrr-assembly1.cif.gz_D A putative diacylglycerol kinase from Bacillus anthracis str. Sterne	2.758E+00	0.040	22	137	267	527	4	105	279	142	0.249	0.366
LOKIASV2_4403_ESMFold_NAD-dependent_succinate-semialdehyde_dehydrogenase	1m76-assembly1.cif.gz_B	1m76-assembly1.cif.gz_B Crystal Structure of the S137C Mutant of L-3-HYDROXYACYL-COA Dehydrogenase in Complex with NAD and Acetoacetyl-COA	2.399E-01	0.040	22	136	342	527	3	215	291	252	0.393	0.732
LOKIASV2_4403_ESMFold_NAD-dependent_succinate-semialdehyde_dehydrogenase	4wrr-assembly1.cif.gz_A	4wrr-assembly1.cif.gz_A A putative diacylglycerol kinase from Bacillus anthracis str. Sterne	2.758E+00	0.040	22	137	267	527	4	105	293	142	0.249	0.348
LOKIASV2_4403_ESMFold_NAD-dependent_succinate-semialdehyde_dehydrogenase	3rqs-assembly1.cif.gz_B	3rqs-assembly1.cif.gz_B Crystal Structure of human L-3- Hydroxyacyl-CoA dehydrogenase (EC1.1.1.35) from mitochondria at the resolution 2.0 A, Northeast Structural Genomics Consortium Target HR487, Mitochondrial Protein Partnership	1.829E-01	0.040	22	136	398	527	28	235	316	298	0.499	0.658
LOKIASV2_4403_ESMFold_NAD-dependent_succinate-semialdehyde_dehydrogenase	4i1i-assembly1.cif.gz_A	4i1i-assembly1.cif.gz_A Crystal structure of a putative Cytosolic malate dehydrogenase from Leishmania major Friedlin in complex with NAD	6.226E+00	0.040	22	139	267	527	5	139	320	149	0.245	0.422
LOKIASV2_4403_ESMFold_NAD-dependent_succinate-semialdehyde_dehydrogenase	3qbd-assembly1.cif.gz_B	3qbd-assembly1.cif.gz_B 3-Dehydroquinate Synthase (aroB) from Mycobacterium tuberculosis in complex with NAD	1.518E+00	0.040	22	136	266	527	31	137	342	140	0.249	0.313
LOKIASV2_4403_ESMFold_NAD-dependent_succinate-semialdehyde_dehydrogenase	2z5l-assembly1.cif.gz_A	2z5l-assembly1.cif.gz_A The first ketoreductase of the tylosin PKS	5.129E-01	0.040	22	131	302	527	8	254	453	263	0.326	0.545
LOKIASV2_4403_ESMFold_NAD-dependent_succinate-semialdehyde_dehydrogenase	2dzp-assembly1.cif.gz_A	2dzp-assembly1.cif.gz_A Structure of mutant tryptophan synthase alpha-subunit (D17N) from a hyperthermophile, Pyrococcus furiosus	1.290E+00	0.034	21	134	301	527	1	184	244	214	0.319	0.754
LOKIASV2_4403_ESMFold_NAD-dependent_succinate-semialdehyde_dehydrogenase	6z4n-assembly1.cif.gz_BBB	6z4n-assembly1.cif.gz_BBB CRYSTAL STRUCTURE OF OASS COMPLEXED WITH UPAR INHIBITOR	1.362E+00	0.034	21	95	439	527	41	307	318	377	0.655	0.840
LOKIASV2_4403_ESMFold_NAD-dependent_succinate-semialdehyde_dehydrogenase	7vlb-assembly2.cif.gz_B	7vlb-assembly2.cif.gz_B Crystal structure of UGT109A1 from Bacillus	1.222E+00	0.034	21	139	440	527	2	310	353	379	0.573	0.875
LOKIASV2_4403_ESMFold_NAD-dependent_succinate-semialdehyde_dehydrogenase	8bao-assembly1.cif.gz_B	8bao-assembly1.cif.gz_B Dysgonamonadaceae bacterium CRISPR ancillary nuclease 2	1.362E+00	0.034	21	140	440	527	3	355	367	422	0.571	0.962
LOKIASV2_4403_ESMFold_NAD-dependent_succinate-semialdehyde_dehydrogenase	3oy7-assembly1.cif.gz_B	3oy7-assembly1.cif.gz_B Crystal structure of a virus encoded glycosyltransferase in complex with GDP-mannose	7.917E-01	0.034	21	139	409	527	2	278	392	346	0.514	0.707
LOKIASV2_4403_ESMFold_NAD-dependent_succinate-semialdehyde_dehydrogenase	2z87-assembly3.cif.gz_B	2z87-assembly3.cif.gz_B Crystal structure of chondroitin polymerase from Escherichia coli strain K4 (K4CP) complexed with UDP-GalNAc and UDP	5.290E+00	0.034	21	137	246	527	343	430	591	121	0.209	0.149
LOKIASV2_4403_ESMFold_NAD-dependent_succinate-semialdehyde_dehydrogenase	2wtb-assembly1.cif.gz_A	2wtb-assembly1.cif.gz_A Arabidopsis thaliana multifuctional protein, MFP2	7.499E-01	0.034	21	88	387	527	249	469	676	328	0.569	0.327
LOKIASV2_4403_ESMFold_NAD-dependent_succinate-semialdehyde_dehydrogenase	3v1l-assembly1.cif.gz_A	3v1l-assembly1.cif.gz_A Crystal Structure of the S112A/H265Q mutant of a C-C hydrolase, BphD from Burkholderia xenovorans LB400	1.362E+00	0.029	20	111	432	527	3	256	283	356	0.611	0.898
LOKIASV2_4403_ESMFold_NAD-dependent_succinate-semialdehyde_dehydrogenase	6kj9-assembly2.cif.gz_C	6kj9-assembly2.cif.gz_C E. coli ATCase catalytic subunit mutant - G128/130A	4.495E+00	0.029	20	97	308	527	22	214	291	255	0.402	0.663
LOKIASV2_4403_ESMFold_NAD-dependent_succinate-semialdehyde_dehydrogenase	5o2g-assembly1.cif.gz_B	5o2g-assembly1.cif.gz_B Crystal structure determination from picosecond infrared laser ablated protein crystals by serial synchrotron crystallography	8.824E-01	0.029	20	113	440	527	6	282	296	379	0.622	0.936
LOKIASV2_4403_ESMFold_NAD-dependent_succinate-semialdehyde_dehydrogenase	2j5k-assembly1.cif.gz_B	2j5k-assembly1.cif.gz_B 2.0 A resolution structure of the wild type malate dehydrogenase from Haloarcula marismortui (radiation damage series)	8.166E+00	0.029	20	140	263	527	2	122	298	143	0.235	0.406
LOKIASV2_4403_ESMFold_NAD-dependent_succinate-semialdehyde_dehydrogenase	3ebl-assembly6.cif.gz_F	3ebl-assembly6.cif.gz_F Crystal Structure of Rice GID1 complexed with GA4	1.603E+00	0.029	20	116	246	527	49	272	305	224	0.249	0.734
LOKIASV2_4403_ESMFold_NAD-dependent_succinate-semialdehyde_dehydrogenase	1d09-assembly1.cif.gz_A	1d09-assembly1.cif.gz_A ASPARTATE TRANSCARBAMOYLASE COMPLEXED WITH N-PHOSPHONACETYL-L-ASPARTATE (PALA)	5.011E+00	0.029	20	97	467	527	22	303	310	417	0.704	0.910
LOKIASV2_4403_ESMFold_NAD-dependent_succinate-semialdehyde_dehydrogenase	8oi7-assembly1.cif.gz_A	8oi7-assembly1.cif.gz_A Trichomonas vaginalis riboside hydrolase	1.222E+00	0.029	20	139	398	527	2	330	346	363	0.493	0.951
LOKIASV2_4403_ESMFold_NAD-dependent_succinate-semialdehyde_dehydrogenase	5gl5-assembly1.cif.gz_A	5gl5-assembly1.cif.gz_A Sterol 3-beta-glucosyltransferase (ugt51) from Saccharomyces cerevisiae (strain ATCC 204508 / S288c): UDPG complex	5.717E-01	0.029	20	136	440	527	3	379	431	436	0.579	0.875
LOKIASV2_4403_ESMFold_NAD-dependent_succinate-semialdehyde_dehydrogenase	1joa-assembly1.cif.gz_A	1joa-assembly1.cif.gz_A NADH PEROXIDASE WITH CYSTEINE-SULFENIC ACID	4.033E+00	0.029	20	135	202	527	149	211	447	81	0.129	0.141
LOKIASV2_4403_ESMFold_NAD-dependent_succinate-semialdehyde_dehydrogenase	7ec7-assembly2.cif.gz_B	7ec7-assembly2.cif.gz_B Crystal structure of SdgB (complexed with phosphate ions)	1.362E+00	0.029	20	156	305	527	202	375	494	190	0.285	0.352
LOKIASV2_4403_ESMFold_NAD-dependent_succinate-semialdehyde_dehydrogenase	6iro-assembly1.cif.gz_L	6iro-assembly1.cif.gz_L the crosslinked complex of ISWI-nucleosome in the ADP-bound state	8.622E+00	0.029	20	249	434	527	69	208	496	196	0.353	0.282
LOKIASV2_4403_ESMFold_NAD-dependent_succinate-semialdehyde_dehydrogenase	5vat-assembly2.cif.gz_B	5vat-assembly2.cif.gz_B Haemophilus influenzae LpoA: Monoclinic form (Mon2) with 2 molecules per a.u.	9.836E-01	0.029	20	33	430	527	130	451	542	438	0.755	0.594
LOKIASV2_4403_ESMFold_NAD-dependent_succinate-semialdehyde_dehydrogenase	5fxk-assembly1.cif.gz_D	5fxk-assembly1.cif.gz_D GluN1b-GluN2B NMDA receptor structure-Class Y	1.518E+00	0.029	20	136	410	527	2	220	766	316	0.522	0.286
LOKIASV2_4403_ESMFold_NAD-dependent_succinate-semialdehyde_dehydrogenase	5fxk-assembly1.cif.gz_B	5fxk-assembly1.cif.gz_B GluN1b-GluN2B NMDA receptor structure-Class Y	1.518E+00	0.029	20	136	410	527	2	220	767	316	0.522	0.286
LOKIASV2_4403_ESMFold_NAD-dependent_succinate-semialdehyde_dehydrogenase	4heh-assembly1.cif.gz_B	4heh-assembly1.cif.gz_B Crystal structure of AppA SCHIC domain from Rb. sphaeroides	3.427E+00	0.024	19	39	242	527	3	198	213	237	0.387	0.920
LOKIASV2_4403_ESMFold_NAD-dependent_succinate-semialdehyde_dehydrogenase	6nlh-assembly1.cif.gz_E	6nlh-assembly1.cif.gz_E Structure of human triose phosphate isomerase R189A	4.495E+00	0.024	19	155	248	527	104	223	238	122	0.178	0.504
LOKIASV2_4403_ESMFold_NAD-dependent_succinate-semialdehyde_dehydrogenase	7rgc-assembly1.cif.gz_B-3	7rgc-assembly1.cif.gz_B-3 Crystal structure of triosephosphate isomerase from Candidatus Absconditabacteria (Sr1) bacterium	8.166E+00	0.024	19	138	236	527	121	241	242	125	0.188	0.500
LOKIASV2_4403_ESMFold_NAD-dependent_succinate-semialdehyde_dehydrogenase	1jzt-assembly1.cif.gz_A	1jzt-assembly1.cif.gz_A Crystal structure of yeast ynu0, YNL200c	5.897E+00	0.024	19	28	244	527	1	168	243	239	0.412	0.691
LOKIASV2_4403_ESMFold_NAD-dependent_succinate-semialdehyde_dehydrogenase	1yb1-assembly1.cif.gz_A	1yb1-assembly1.cif.gz_A Crystal structure of human 17-beta-hydroxysteroid dehydrogenase type XI	3.075E+00	0.024	19	136	304	527	4	164	243	190	0.321	0.663
LOKIASV2_4403_ESMFold_NAD-dependent_succinate-semialdehyde_dehydrogenase	6nee-assembly1.cif.gz_A	6nee-assembly1.cif.gz_A Crystal structure of a reconstructed ancestor of Triosephosphate isomerase from eukaryotes	2.344E+00	0.024	19	136	305	527	1	195	250	214	0.323	0.780
LOKIASV2_4403_ESMFold_NAD-dependent_succinate-semialdehyde_dehydrogenase	1u0t-assembly1.cif.gz_B-2	1u0t-assembly1.cif.gz_B-2 Crystal structure of Mycobacterium tuberculosis NAD kinase	8.166E+00	0.024	19	140	258	527	3	79	276	119	0.226	0.279
LOKIASV2_4403_ESMFold_NAD-dependent_succinate-semialdehyde_dehydrogenase	1lso-assembly1.cif.gz_B	1lso-assembly1.cif.gz_B Crystal Structure of the S137A mutant of L-3-Hydroxyacyl-CoA Dehydrogenase in Complex with NAD	6.727E-01	0.024	19	136	342	527	3	214	291	252	0.393	0.729
LOKIASV2_4403_ESMFold_NAD-dependent_succinate-semialdehyde_dehydrogenase	3t5p-assembly2.cif.gz_G	3t5p-assembly2.cif.gz_G Crystal structure of a putative diacylglycerol kinase from Bacillus anthracis str. Sterne	6.939E+00	0.024	19	136	267	527	3	105	291	142	0.250	0.354
LOKIASV2_4403_ESMFold_NAD-dependent_succinate-semialdehyde_dehydrogenase	3t5p-assembly3.cif.gz_E	3t5p-assembly3.cif.gz_E Crystal structure of a putative diacylglycerol kinase from Bacillus anthracis str. Sterne	6.573E+00	0.024	19	137	267	527	4	105	295	141	0.249	0.346
LOKIASV2_4403_ESMFold_NAD-dependent_succinate-semialdehyde_dehydrogenase	2q5r-assembly2.cif.gz_C	2q5r-assembly2.cif.gz_C Structure of apo Staphylococcus aureus D-tagatose-6-phosphate kinase	6.939E+00	0.024	19	167	250	527	131	228	303	103	0.159	0.323
LOKIASV2_4403_ESMFold_NAD-dependent_succinate-semialdehyde_dehydrogenase	4h7p-assembly1.cif.gz_A	4h7p-assembly1.cif.gz_A Crystal structure of a putative Cytosolic malate dehydrogenase from Leishmania major Friedlin	8.166E+00	0.024	19	139	267	527	3	137	313	157	0.245	0.431
LOKIASV2_4403_ESMFold_NAD-dependent_succinate-semialdehyde_dehydrogenase	4mea-assembly1.cif.gz_B	4mea-assembly1.cif.gz_B Crystal structure of the Cif epoxide hydrolase from Acinetobacter nosocomialis	3.246E+00	0.024	19	99	224	527	12	158	323	154	0.239	0.455
LOKIASV2_4403_ESMFold_NAD-dependent_succinate-semialdehyde_dehydrogenase	6j32-assembly1.cif.gz_D	6j32-assembly1.cif.gz_D Crystal Structure Analysis of the Glycotransferase of kitacinnamycin	1.992E+00	0.024	19	140	443	527	5	327	385	387	0.577	0.839
LOKIASV2_4403_ESMFold_NAD-dependent_succinate-semialdehyde_dehydrogenase	7r37-assembly1.cif.gz_A	7r37-assembly1.cif.gz_A Crystal structure of S-adenosyl-L-homocysteine hydrolase from Pyrococcus furiosus in complex with inosine	4.495E+00	0.024	19	53	414	527	10	275	421	395	0.687	0.632
LOKIASV2_4403_ESMFold_NAD-dependent_succinate-semialdehyde_dehydrogenase	5nlm-assembly2.cif.gz_B	5nlm-assembly2.cif.gz_B Complex between a UDP-glucosyltransferase from Polygonum tinctorium capable of glucosylating indoxyl and indoxyl sulfate	7.102E-01	0.024	19	135	444	527	4	375	448	435	0.588	0.830
LOKIASV2_4403_ESMFold_NAD-dependent_succinate-semialdehyde_dehydrogenase	7ca3-assembly1.cif.gz_A	7ca3-assembly1.cif.gz_A Cryo-EM structure of human GABA(B) receptor bound to the positive allosteric modulator rac-BHFF	2.103E+00	0.024	19	138	411	527	2	227	669	306	0.520	0.338
LOKIASV2_4403_ESMFold_NAD-dependent_succinate-semialdehyde_dehydrogenase	6qid-assembly1.cif.gz_A	6qid-assembly1.cif.gz_A Crystal structure of DEAH-box ATPase Prp43-S387A	9.317E-01	0.024	19	140	409	527	55	338	703	354	0.512	0.404
LOKIASV2_4403_ESMFold_NAD-dependent_succinate-semialdehyde_dehydrogenase	2j41-assembly2.cif.gz_D	2j41-assembly2.cif.gz_D Crystal structure of Staphylococcus aureus guanylate monophosphate kinase	5.290E+00	0.020	18	282	441	527	4	149	178	176	0.304	0.820
LOKIASV2_4403_ESMFold_NAD-dependent_succinate-semialdehyde_dehydrogenase	5upr-assembly2.cif.gz_B	5upr-assembly2.cif.gz_B X-ray structure of a putative triosephosphate isomerase from Toxoplasma gondii ME49	1.886E+00	0.020	18	137	441	527	6	254	258	350	0.579	0.965
LOKIASV2_4403_ESMFold_NAD-dependent_succinate-semialdehyde_dehydrogenase	2pu7-assembly1.cif.gz_A	2pu7-assembly1.cif.gz_A Crystal Structure of S112A/H265A double mutant of a C-C hydrolase, BphD, from Burkholderia xenovorans LB400	1.886E+00	0.020	18	129	432	527	20	256	283	335	0.577	0.837
LOKIASV2_4403_ESMFold_NAD-dependent_succinate-semialdehyde_dehydrogenase	3r3x-assembly1.cif.gz_A	3r3x-assembly1.cif.gz_A Crystal Structure of the Fluoroacetate Dehalogenase RPA1163 - Asp110Asn/Bromoacetate	1.438E+00	0.020	18	115	440	527	7	278	293	379	0.619	0.928
LOKIASV2_4403_ESMFold_NAD-dependent_succinate-semialdehyde_dehydrogenase	5k3e-assembly1.cif.gz_A	5k3e-assembly1.cif.gz_A Crystal Structure of the Fluoroacetate Dehalogenase RPA1163 - Asp110Asn/Glycolate - Cocrystallized	1.158E+00	0.020	18	113	440	527	4	280	295	382	0.622	0.939
LOKIASV2_4403_ESMFold_NAD-dependent_succinate-semialdehyde_dehydrogenase	6qhz-assembly1.cif.gz_B	6qhz-assembly1.cif.gz_B Time resolved structural analysis of the full turnover of an enzyme - 6788 ms	1.438E+00	0.020	18	113	432	527	4	269	295	369	0.607	0.902
LOKIASV2_4403_ESMFold_NAD-dependent_succinate-semialdehyde_dehydrogenase	3r3v-assembly1.cif.gz_A	3r3v-assembly1.cif.gz_A Crystal Structure of the Fluoroacetate Dehalogenase RPA1163 - Asp110Asn/Fluoroacetate	1.518E+00	0.020	18	113	440	527	4	281	296	386	0.622	0.939
LOKIASV2_4403_ESMFold_NAD-dependent_succinate-semialdehyde_dehydrogenase	5swn-assembly1.cif.gz_A	5swn-assembly1.cif.gz_A Crystal Structure of the Fluoroacetate Dehalogenase RPA1163 - Asp110Asn/Fluoroacetate - Cocrystallized	9.317E-01	0.020	18	113	440	527	4	281	296	386	0.622	0.939
LOKIASV2_4403_ESMFold_NAD-dependent_succinate-semialdehyde_dehydrogenase	6qkw-assembly1.cif.gz_A	6qkw-assembly1.cif.gz_A Crystal Structure of the Fluoroacetate Dehalogenase RPA1163 - Tyr219Phe - Fluoroacetate soaked 2hr	1.038E+00	0.020	18	113	440	527	5	283	298	387	0.622	0.936
LOKIASV2_4403_ESMFold_NAD-dependent_succinate-semialdehyde_dehydrogenase	3r3z-assembly1.cif.gz_A	3r3z-assembly1.cif.gz_A Crystal Structure of the Fluoroacetate Dehalogenase RPA1163 - WT/Glycolate	1.290E+00	0.020	18	116	440	527	13	287	304	379	0.617	0.905
LOKIASV2_4403_ESMFold_NAD-dependent_succinate-semialdehyde_dehydrogenase	5b3h-assembly1.cif.gz_A	5b3h-assembly1.cif.gz_A The crystal structure of the JACKDAW/IDD10 bound to the heterodimeric SHR-SCR complex	7.326E+00	0.020	18	34	244	527	2	234	368	265	0.400	0.633
LOKIASV2_4403_ESMFold_NAD-dependent_succinate-semialdehyde_dehydrogenase	6j31-assembly4.cif.gz_D	6j31-assembly4.cif.gz_D Crystal Structure Analysis of the Glycotransferase of kitacinnamycin	6.573E+00	0.020	18	139	337	527	4	159	387	225	0.378	0.403
LOKIASV2_4403_ESMFold_NAD-dependent_succinate-semialdehyde_dehydrogenase	6t2b-assembly2.cif.gz_D	6t2b-assembly2.cif.gz_D Glycoside hydrolase family 109 from Akkermansia muciniphila in complex with GalNAc and NAD+.	9.610E+00	0.020	18	137	294	527	28	199	437	191	0.300	0.394
LOKIASV2_4403_ESMFold_NAD-dependent_succinate-semialdehyde_dehydrogenase	4bma-assembly2.cif.gz_B	4bma-assembly2.cif.gz_B structural of Aspergillus fumigatus UDP-N-acetylglucosamine pyrophosphorylase	7.917E-01	0.020	18	34	434	527	4	442	447	538	0.761	0.982
LOKIASV2_4403_ESMFold_NAD-dependent_succinate-semialdehyde_dehydrogenase	2y0c-assembly2.cif.gz_C	2y0c-assembly2.cif.gz_C BceC mutation Y10S	5.011E+00	0.020	18	45	254	527	213	428	458	265	0.398	0.472
LOKIASV2_4403_ESMFold_NAD-dependent_succinate-semialdehyde_dehydrogenase	1q8j-assembly2.cif.gz_B	1q8j-assembly2.cif.gz_B Cobalamin-dependent methionine synthase (1-566) from Thermotoga maritima (Cd2+, Hcy, methyltetrahydrofolate complex)	1.096E+00	0.020	18	154	432	527	80	428	538	411	0.529	0.649
LOKIASV2_4403_ESMFold_NAD-dependent_succinate-semialdehyde_dehydrogenase	3r3w-assembly1.cif.gz_A	3r3w-assembly1.cif.gz_A Crystal Structure of the Fluoroacetate Dehalogenase RPA1163 - Asp110Asn/Chloroacetate	1.603E+00	0.016	17	115	440	527	7	280	295	381	0.619	0.929
LOKIASV2_4403_ESMFold_NAD-dependent_succinate-semialdehyde_dehydrogenase	6kj8-assembly1.cif.gz_A-2	6kj8-assembly1.cif.gz_A-2 E. coli ATCase holoenzyme mutant - G166P (catalytic chain)	6.939E+00	0.016	17	97	467	527	22	295	301	422	0.704	0.910
LOKIASV2_4403_ESMFold_NAD-dependent_succinate-semialdehyde_dehydrogenase	5xmd-assembly1.cif.gz_C-2	5xmd-assembly1.cif.gz_C-2 Crystal structure of epoxide hydrolase VrEH1 from Vigna radiata	3.427E+00	0.016	17	112	440	527	4	289	305	376	0.624	0.938
LOKIASV2_4403_ESMFold_NAD-dependent_succinate-semialdehyde_dehydrogenase	3npm-assembly1.cif.gz_A	3npm-assembly1.cif.gz_A Crystal Structure of the C47A/A241C disulfide-linked C6 Aspartate Transcarbamoylase enzyme	5.585E+00	0.016	17	97	415	527	21	232	307	338	0.605	0.691
LOKIASV2_4403_ESMFold_NAD-dependent_succinate-semialdehyde_dehydrogenase	4e2f-assembly1.cif.gz_A	4e2f-assembly1.cif.gz_A Crystal Structure of E. coli Aspartate Transcarbamoylase K164E/E239K Mutant in an intermediate state	5.011E+00	0.016	17	14	246	527	9	265	310	309	0.442	0.829
LOKIASV2_4403_ESMFold_NAD-dependent_succinate-semialdehyde_dehydrogenase	8oia-assembly1.cif.gz_A	8oia-assembly1.cif.gz_A Trichomonas vaginalis riboside hydrolase in complex with D-ribose	3.246E+00	0.016	17	140	398	527	2	318	331	364	0.491	0.958
LOKIASV2_4403_ESMFold_NAD-dependent_succinate-semialdehyde_dehydrogenase	8oia-assembly1.cif.gz_D	8oia-assembly1.cif.gz_D Trichomonas vaginalis riboside hydrolase in complex with D-ribose	3.246E+00	0.016	17	140	398	527	2	322	335	369	0.491	0.958
LOKIASV2_4403_ESMFold_NAD-dependent_succinate-semialdehyde_dehydrogenase	4hnc-assembly1.cif.gz_A	4hnc-assembly1.cif.gz_A P. putida C92S/K166C/C264S mandelate racemase co-crystallized with benzilic acid	5.129E-01	0.016	17	12	342	527	1	289	357	384	0.628	0.810
LOKIASV2_4403_ESMFold_NAD-dependent_succinate-semialdehyde_dehydrogenase	6j32-assembly2.cif.gz_C	6j32-assembly2.cif.gz_C Crystal Structure Analysis of the Glycotransferase of kitacinnamycin	3.618E+00	0.016	17	140	443	527	5	327	385	388	0.577	0.839
LOKIASV2_4403_ESMFold_NAD-dependent_succinate-semialdehyde_dehydrogenase	4bma-assembly1.cif.gz_A	4bma-assembly1.cif.gz_A structural of Aspergillus fumigatus UDP-N-acetylglucosamine pyrophosphorylase	7.102E-01	0.016	17	34	432	527	4	463	465	564	0.757	0.989
LOKIASV2_4403_ESMFold_NAD-dependent_succinate-semialdehyde_dehydrogenase	6g9w-assembly2.cif.gz_B	6g9w-assembly2.cif.gz_B Crystal Structure of Aspergillus fumigatus UDP-N-acetylglucosamine pyrophosphorylase in complex with UTP	1.096E+00	0.016	17	137	432	527	95	465	468	421	0.562	0.793
LOKIASV2_4403_ESMFold_NAD-dependent_succinate-semialdehyde_dehydrogenase	5kkn-assembly2.cif.gz_C	5kkn-assembly2.cif.gz_C Crystal structure of human ACC2 BC domain in complex with ND-646, the primary amide of ND-630	6.226E+00	0.016	17	135	305	527	16	196	470	215	0.324	0.385
LOKIASV2_4403_ESMFold_NAD-dependent_succinate-semialdehyde_dehydrogenase	7vfk-assembly1.cif.gz_B	7vfk-assembly1.cif.gz_B Crystal structure of SdgB (ligand-free form)	1.787E+00	0.016	17	156	465	527	195	478	492	363	0.588	0.577
LOKIASV2_4403_ESMFold_NAD-dependent_succinate-semialdehyde_dehydrogenase	1qhg-assembly1.cif.gz_A	1qhg-assembly1.cif.gz_A STRUCTURE OF DNA HELICASE MUTANT WITH ADPNP	1.438E+00	0.016	17	153	434	527	202	591	622	441	0.535	0.627
LOKIASV2_4403_ESMFold_NAD-dependent_succinate-semialdehyde_dehydrogenase	8dtg-assembly1.cif.gz_A	8dtg-assembly1.cif.gz_A Cryo-EM structure of Arabidopsis SPY alternative conformation 1	2.912E+00	0.016	17	60	305	527	351	664	802	347	0.467	0.392
LOKIASV2_4403_ESMFold_NAD-dependent_succinate-semialdehyde_dehydrogenase	4jgi-assembly3.cif.gz_B-2	4jgi-assembly3.cif.gz_B-2 1.5 Angstrom crystal structure of a novel cobalamin-binding protein from Desulfitobacterium hafniense DCB-2	5.290E+00	0.014	16	52	232	527	1	186	206	228	0.343	0.903
LOKIASV2_4403_ESMFold_NAD-dependent_succinate-semialdehyde_dehydrogenase	5bnk-assembly1.cif.gz_A	5bnk-assembly1.cif.gz_A Crystal structure of T75C mutant of Triosephosphate isomerase from Plasmodium falciparum	2.912E+00	0.014	16	142	441	527	4	239	244	350	0.569	0.967
LOKIASV2_4403_ESMFold_NAD-dependent_succinate-semialdehyde_dehydrogenase	4x22-assembly1.cif.gz_A-2	4x22-assembly1.cif.gz_A-2 Crystal structure of Leptospira Interrogans Triosephosphate Isomerase (LiTIM)	3.618E+00	0.014	16	142	317	527	4	208	249	228	0.334	0.823
LOKIASV2_4403_ESMFold_NAD-dependent_succinate-semialdehyde_dehydrogenase	6qi1-assembly1.cif.gz_B	6qi1-assembly1.cif.gz_B Time resolved structural analysis of the full turnover of an enzyme - 12312 ms	2.220E+00	0.014	16	116	440	527	11	280	294	372	0.617	0.918
LOKIASV2_4403_ESMFold_NAD-dependent_succinate-semialdehyde_dehydrogenase	3ado-assembly1.cif.gz_A	3ado-assembly1.cif.gz_A Crystal Structure of the Rabbit L-Gulonate 3-Dehydrogenase	9.610E+00	0.014	16	142	341	527	2	207	310	242	0.380	0.665
LOKIASV2_4403_ESMFold_NAD-dependent_succinate-semialdehyde_dehydrogenase	4um9-assembly1.cif.gz_D	4um9-assembly1.cif.gz_D Crystal structure of alpha V beta 6 with peptide	2.912E+00	0.014	16	243	441	527	98	334	455	271	0.378	0.521
LOKIASV2_4403_ESMFold_NAD-dependent_succinate-semialdehyde_dehydrogenase	5kkn-assembly1.cif.gz_B	5kkn-assembly1.cif.gz_B Crystal structure of human ACC2 BC domain in complex with ND-646, the primary amide of ND-630	8.166E+00	0.014	16	135	305	527	16	198	482	213	0.324	0.380
LOKIASV2_4403_ESMFold_NAD-dependent_succinate-semialdehyde_dehydrogenase	7vfn-assembly1.cif.gz_A	7vfn-assembly1.cif.gz_A Crystal structure of SdgB (SD peptide-binding form)	2.912E+00	0.014	16	156	465	527	203	478	491	358	0.588	0.562
LOKIASV2_4403_ESMFold_NAD-dependent_succinate-semialdehyde_dehydrogenase	7ec7-assembly1.cif.gz_A	7ec7-assembly1.cif.gz_A Crystal structure of SdgB (complexed with phosphate ions)	4.033E+00	0.014	16	156	305	527	202	377	496	187	0.285	0.355
LOKIASV2_4403_ESMFold_NAD-dependent_succinate-semialdehyde_dehydrogenase	7zes-assembly1.cif.gz_A	7zes-assembly1.cif.gz_A Human SLFN11 dimer bound to ssDNA	2.344E+00	0.014	16	101	432	527	530	824	827	403	0.630	0.357
LOKIASV2_4403_ESMFold_NAD-dependent_succinate-semialdehyde_dehydrogenase	7yea-assembly1.cif.gz_B	7yea-assembly1.cif.gz_B Human O-GlcNAc transferase Dimer	1.886E+00	0.014	16	34	397	527	435	765	1017	417	0.691	0.325
LOKIASV2_4403_ESMFold_NAD-dependent_succinate-semialdehyde_dehydrogenase	6fn6-assembly1.cif.gz_A	6fn6-assembly1.cif.gz_A Modifying region (DH-ER-KR) of an insect fatty acid synthase (FAS)	7.735E+00	0.014	16	139	288	527	298	484	1093	210	0.285	0.171
LOKIASV2_4403_ESMFold_NAD-dependent_succinate-semialdehyde_dehydrogenase	5gzp-assembly1.cif.gz_B	5gzp-assembly1.cif.gz_B Y74COX MUTANT OF PLASMODIUM FALCIPARUM TRIOSEPHOSPHATE ISOMERASE	3.618E+00	0.011	15	136	441	527	2	241	246	355	0.581	0.976
LOKIASV2_4403_ESMFold_NAD-dependent_succinate-semialdehyde_dehydrogenase	3fyo-assembly1.cif.gz_B	3fyo-assembly1.cif.gz_B Crystal structure of the triple mutant (N23C/D247E/P249A) of 3-deoxy-D-manno-octulosonate 8-phosphate synthase (KDO8PS) from Neisseria meningitidis	5.897E+00	0.011	15	136	304	527	14	217	262	227	0.321	0.779
LOKIASV2_4403_ESMFold_NAD-dependent_succinate-semialdehyde_dehydrogenase	3b8i-assembly1.cif.gz_C	3b8i-assembly1.cif.gz_C Crystal Structure of Oxaloacetate Decarboxylase from Pseudomonas Aeruginosa (PA4872) in complex with oxalate and Mg2+.	4.033E+00	0.011	15	154	342	527	66	250	278	221	0.359	0.665
LOKIASV2_4403_ESMFold_NAD-dependent_succinate-semialdehyde_dehydrogenase	3r3x-assembly1.cif.gz_B	3r3x-assembly1.cif.gz_B Crystal Structure of the Fluoroacetate Dehalogenase RPA1163 - Asp110Asn/Bromoacetate	2.758E+00	0.011	15	113	440	527	4	274	289	382	0.622	0.938
LOKIASV2_4403_ESMFold_NAD-dependent_succinate-semialdehyde_dehydrogenase	3r3u-assembly1.cif.gz_B	3r3u-assembly1.cif.gz_B Crystal Structure of the Fluoroacetate Dehalogenase RPA1163 - WT/apo	3.246E+00	0.011	15	113	440	527	9	278	294	384	0.622	0.918
LOKIASV2_4403_ESMFold_NAD-dependent_succinate-semialdehyde_dehydrogenase	8fs4-assembly1.cif.gz_E	8fs4-assembly1.cif.gz_E Structure of S. cerevisiae Rad24-RFC loading the 9-1-1 clamp onto a 10-nt gapped DNA in step 2 (open 9-1-1 ring and flexibly bound chamber DNA)	2.103E+00	0.011	15	101	340	527	45	267	349	281	0.455	0.639
LOKIASV2_4403_ESMFold_NAD-dependent_succinate-semialdehyde_dehydrogenase	6nmi-assembly1.cif.gz_E	6nmi-assembly1.cif.gz_E Cryo-EM structure of the human TFIIH core complex	8.166E+00	0.011	15	243	441	527	39	215	366	232	0.378	0.484
LOKIASV2_4403_ESMFold_NAD-dependent_succinate-semialdehyde_dehydrogenase	1gy8-assembly2.cif.gz_C	1gy8-assembly2.cif.gz_C Trypanosoma brucei UDP-galactose 4' epimerase	2.758E+00	0.011	15	140	397	527	2	340	370	392	0.490	0.916
LOKIASV2_4403_ESMFold_NAD-dependent_succinate-semialdehyde_dehydrogenase	5gl5-assembly1.cif.gz_B	5gl5-assembly1.cif.gz_B Sterol 3-beta-glucosyltransferase (ugt51) from Saccharomyces cerevisiae (strain ATCC 204508 / S288c): UDPG complex	2.475E+00	0.011	15	136	444	527	1	384	431	438	0.586	0.891
LOKIASV2_4403_ESMFold_NAD-dependent_succinate-semialdehyde_dehydrogenase	6z3s-assembly1.cif.gz_D-2	6z3s-assembly1.cif.gz_D-2 Crystal structure of delta466-491 cystathionine beta-synthase from Toxoplasma gondii with O-Acetylserine	4.495E+00	0.011	15	78	251	527	25	214	468	235	0.330	0.406
LOKIASV2_4403_ESMFold_NAD-dependent_succinate-semialdehyde_dehydrogenase	2yqj-assembly2.cif.gz_B	2yqj-assembly2.cif.gz_B Crystal Structure of uridine-diphospho-N-acetylglucosamine pyrophosphorylase from Candida albicans, in the reaction-completed form	2.220E+00	0.011	15	52	434	527	1	469	471	537	0.727	0.996
LOKIASV2_4403_ESMFold_NAD-dependent_succinate-semialdehyde_dehydrogenase	6ksh-assembly1.cif.gz_C	6ksh-assembly1.cif.gz_C Crystal structure of pyruvate kinase (PYK) from Plasmodium falciparum in complex with oxalate and ATP	8.166E+00	0.011	15	77	211	527	365	458	490	138	0.256	0.192
LOKIASV2_4403_ESMFold_NAD-dependent_succinate-semialdehyde_dehydrogenase	6g2i-assembly1.cif.gz_R	6g2i-assembly1.cif.gz_R Filament of acetyl-CoA carboxylase and BRCT domains of BRCA1 (ACC-BRCT) at 5.9 A resolution	7.735E+00	0.011	15	137	305	527	17	192	1323	206	0.321	0.133
LOKIASV2_4403_ESMFold_NAD-dependent_succinate-semialdehyde_dehydrogenase	5bnk-assembly1.cif.gz_B	5bnk-assembly1.cif.gz_B Crystal structure of T75C mutant of Triosephosphate isomerase from Plasmodium falciparum	8.166E+00	0.010	14	142	309	527	4	197	235	215	0.319	0.826
LOKIASV2_4403_ESMFold_NAD-dependent_succinate-semialdehyde_dehydrogenase	6om1-assembly4.cif.gz_H	6om1-assembly4.cif.gz_H Crystal structure of an atypical integrin	7.735E+00	0.010	14	247	441	527	30	254	336	251	0.370	0.670
LOKIASV2_4403_ESMFold_NAD-dependent_succinate-semialdehyde_dehydrogenase	4rie-assembly1.cif.gz_B	4rie-assembly1.cif.gz_B Landomycin Glycosyltransferase LanGT2	1.158E+00	0.010	14	139	431	527	2	281	351	365	0.556	0.798
LOKIASV2_4403_ESMFold_NAD-dependent_succinate-semialdehyde_dehydrogenase	2is1-assembly1.cif.gz_A	2is1-assembly1.cif.gz_A Crystal structure of UvrD-DNA-SO4 complex	2.220E+00	0.010	14	30	341	527	112	400	649	364	0.592	0.445
LOKIASV2_4403_ESMFold_NAD-dependent_succinate-semialdehyde_dehydrogenase	4unk-assembly1.cif.gz_B	4unk-assembly1.cif.gz_B Crystal structure of human triosephosphate isomerase (mutant N15D)	5.011E+00	0.009	13	138	304	527	2	190	242	233	0.317	0.781
LOKIASV2_4403_ESMFold_NAD-dependent_succinate-semialdehyde_dehydrogenase	3psv-assembly1.cif.gz_A	3psv-assembly1.cif.gz_A Structure of E97D mutant of TIM from Plasmodium falciparum	8.622E+00	0.009	13	218	441	527	36	238	243	275	0.425	0.835
LOKIASV2_4403_ESMFold_NAD-dependent_succinate-semialdehyde_dehydrogenase	3psv-assembly1.cif.gz_B	3psv-assembly1.cif.gz_B Structure of E97D mutant of TIM from Plasmodium falciparum	9.610E+00	0.009	13	157	242	527	138	225	244	108	0.163	0.361
LOKIASV2_4403_ESMFold_NAD-dependent_succinate-semialdehyde_dehydrogenase	4z0j-assembly1.cif.gz_A	4z0j-assembly1.cif.gz_A F96S/S73A Double mutant of Plasmodium Falciparum Triosephosphate Isomerase	8.622E+00	0.009	13	164	304	527	34	189	244	180	0.268	0.639
LOKIASV2_4403_ESMFold_NAD-dependent_succinate-semialdehyde_dehydrogenase	2dzt-assembly2.cif.gz_B	2dzt-assembly2.cif.gz_B Structure of mutant tryptophan synthase alpha-subunit (D110A) from a hyperthermophile, Pyrococcus furiosus	3.820E+00	0.009	13	135	318	527	2	157	245	213	0.349	0.637
LOKIASV2_4403_ESMFold_NAD-dependent_succinate-semialdehyde_dehydrogenase	7pek-assembly2.cif.gz_C	7pek-assembly2.cif.gz_C Crystal structure of Triosephosphate Isomerase C216A mutant from Schizosaccharomyces pombe (SpTIM C216A)	9.610E+00	0.009	13	136	304	527	2	191	247	213	0.321	0.769
LOKIASV2_4403_ESMFold_NAD-dependent_succinate-semialdehyde_dehydrogenase	6nxx-assembly1.cif.gz_B	6nxx-assembly1.cif.gz_B Crystal structure of Arabidopsis thaliana cytosolic triosephosphate isomerase C218K mutant	4.495E+00	0.009	13	136	441	527	2	246	250	354	0.581	0.980
LOKIASV2_4403_ESMFold_NAD-dependent_succinate-semialdehyde_dehydrogenase	6nkk-assembly1.cif.gz_C	6nkk-assembly1.cif.gz_C Structure of PhqE Reductase/Diels-Alderase from Penicillium fellutanum in complex with NADP+ and premalbrancheamide	6.573E+00	0.009	13	138	390	527	4	250	256	309	0.480	0.965
LOKIASV2_4403_ESMFold_NAD-dependent_succinate-semialdehyde_dehydrogenase	4bau-assembly1.cif.gz_A-2	4bau-assembly1.cif.gz_A-2 Structure of a putative epoxide hydrolase t131d mutant from Pseudomonas aeruginosa, with bound MFA	8.622E+00	0.009	13	115	221	527	6	124	295	136	0.203	0.403
LOKIASV2_4403_ESMFold_NAD-dependent_succinate-semialdehyde_dehydrogenase	3x44-assembly1.cif.gz_A	3x44-assembly1.cif.gz_A Crystal structure of O-ureido-L-serine-bound K43A mutant of O-ureido-L-serine synthase	6.226E+00	0.009	13	90	397	527	34	298	321	364	0.584	0.826
LOKIASV2_4403_ESMFold_NAD-dependent_succinate-semialdehyde_dehydrogenase	5efz-assembly3.cif.gz_D	5efz-assembly3.cif.gz_D Monoclinic structure of the acetyl esterase MekB	4.746E+00	0.009	13	130	440	527	30	325	345	382	0.590	0.858
LOKIASV2_4403_ESMFold_NAD-dependent_succinate-semialdehyde_dehydrogenase	2cnb-assembly1.cif.gz_A	2cnb-assembly1.cif.gz_A Trypanosoma brucei UDP-galactose-4-epimerase in ternary complex with NAD and the substrate analogue UDP-4-deoxy-4-fluoro-alpha-D-galactose	8.166E+00	0.009	13	140	336	527	2	308	366	321	0.374	0.839
LOKIASV2_4403_ESMFold_NAD-dependent_succinate-semialdehyde_dehydrogenase	5ixj-assembly2.cif.gz_B	5ixj-assembly2.cif.gz_B Tryptophan Synthase beta-subunit from Pyrococcus furiosus with L-threonine non-covalently bound in the active site	4.033E+00	0.009	13	30	286	527	7	250	388	313	0.488	0.629
LOKIASV2_4403_ESMFold_NAD-dependent_succinate-semialdehyde_dehydrogenase	3otg-assembly1.cif.gz_A	3otg-assembly1.cif.gz_A Crystal Structure of CalG1, Calicheamicin Glycostyltransferase, TDP bound form	6.226E+00	0.009	13	136	440	527	2	350	391	429	0.579	0.893
LOKIASV2_4403_ESMFold_NAD-dependent_succinate-semialdehyde_dehydrogenase	4c2t-assembly1.cif.gz_A	4c2t-assembly1.cif.gz_A Crystal structure of full length Deinococcus radiodurans UvrD in complex with DNA	3.427E+00	0.009	13	30	434	527	111	615	650	586	0.769	0.777
LOKIASV2_4403_ESMFold_NAD-dependent_succinate-semialdehyde_dehydrogenase	4c2t-assembly2.cif.gz_C	4c2t-assembly2.cif.gz_C Crystal structure of full length Deinococcus radiodurans UvrD in complex with DNA	5.011E+00	0.009	13	153	336	527	209	436	651	244	0.349	0.350
LOKIASV2_4403_ESMFold_NAD-dependent_succinate-semialdehyde_dehydrogenase	5bmx-assembly1.cif.gz_D	5bmx-assembly1.cif.gz_D Crystal structure of T75N mutant of Triosephosphate isomerase from Plasmodium falciparum	7.326E+00	0.008	12	142	441	527	4	234	239	346	0.569	0.967
LOKIASV2_4403_ESMFold_NAD-dependent_succinate-semialdehyde_dehydrogenase	2vfg-assembly2.cif.gz_D	2vfg-assembly2.cif.gz_D Crystal structure of the F96H mutant of Plasmodium falciparum triosephosphate isomerase with 3-phosphoglycerate bound at the dimer interface	5.290E+00	0.008	12	218	441	527	36	241	246	271	0.425	0.837
LOKIASV2_4403_ESMFold_NAD-dependent_succinate-semialdehyde_dehydrogenase	1qds-assembly1.cif.gz_A	1qds-assembly1.cif.gz_A SUPERSTABLE E65Q MUTANT OF LEISHMANIA MEXICANA TRIOSEPHOSPHATE ISOMERASE (TIM)	8.622E+00	0.008	12	136	302	527	3	225	250	244	0.317	0.892
LOKIASV2_4403_ESMFold_NAD-dependent_succinate-semialdehyde_dehydrogenase	4bi5-assembly3.cif.gz_E	4bi5-assembly3.cif.gz_E CRYSTAL STRUCTURE OF A DOUBLE MUTANT (C202A AND C222D) OF TRIOSEPHOSPHATE ISOMERASE FROM GIARDIA LAMBLIA.	8.622E+00	0.008	12	136	296	527	3	225	254	242	0.306	0.878
LOKIASV2_4403_ESMFold_NAD-dependent_succinate-semialdehyde_dehydrogenase	4bi6-assembly1.cif.gz_A-2	4bi6-assembly1.cif.gz_A-2 CRYSTAL STRUCTURE OF A TRIPLE MUTANT (A198V, C202A AND C222N) OF TRIOSEPHOSPHATE ISOMERASE FROM GIARDIA LAMBLIA. COMPLEXED WITH 2- PHOSPHOGLYCOLIC ACID	9.103E+00	0.008	12	137	441	527	1	247	255	347	0.579	0.969
LOKIASV2_4403_ESMFold_NAD-dependent_succinate-semialdehyde_dehydrogenase	5tgl-assembly1.cif.gz_A-2	5tgl-assembly1.cif.gz_A-2 A MODEL FOR INTERFACIAL ACTIVATION IN LIPASES FROM THE STRUCTURE OF A FUNGAL LIPASE-INHIBITOR COMPLEX	5.290E+00	0.008	12	110	249	527	86	198	265	164	0.266	0.426
LOKIASV2_4403_ESMFold_NAD-dependent_succinate-semialdehyde_dehydrogenase	4lma-assembly1.cif.gz_B	4lma-assembly1.cif.gz_B Crystal structure analysis of O-acetylserine sulfhydrylase CysK1 from Microcystis aeruginosa 7806	8.622E+00	0.008	12	95	398	527	44	305	312	343	0.577	0.840
LOKIASV2_4403_ESMFold_NAD-dependent_succinate-semialdehyde_dehydrogenase	1gy8-assembly1.cif.gz_A	1gy8-assembly1.cif.gz_A Trypanosoma brucei UDP-galactose 4' epimerase	6.573E+00	0.008	12	140	363	527	2	332	367	362	0.425	0.902
LOKIASV2_4403_ESMFold_NAD-dependent_succinate-semialdehyde_dehydrogenase	4xgu-assembly1.cif.gz_C	4xgu-assembly1.cif.gz_C Structure of C. elegans PCH-2	7.735E+00	0.008	12	88	236	527	117	292	374	203	0.283	0.471
LOKIASV2_4403_ESMFold_NAD-dependent_succinate-semialdehyde_dehydrogenase	4wjk-assembly1.cif.gz_B	4wjk-assembly1.cif.gz_B Metal Ion and Ligand Binding of Integrin	4.495E+00	0.008	12	115	473	527	86	384	424	415	0.681	0.705
LOKIASV2_4403_ESMFold_NAD-dependent_succinate-semialdehyde_dehydrogenase	6k6w-assembly1.cif.gz_A	6k6w-assembly1.cif.gz_A Structure of RNase J2 from Staphylococcus epidermidis	7.735E+00	0.008	12	132	440	527	52	381	442	420	0.586	0.747
LOKIASV2_4403_ESMFold_NAD-dependent_succinate-semialdehyde_dehydrogenase	4eog-assembly1.cif.gz_A-2	4eog-assembly1.cif.gz_A-2 Crystal structure of Csx1 of Pyrococcus furiosus	3.246E+00	0.008	12	139	286	527	2	160	466	184	0.281	0.341
LOKIASV2_4403_ESMFold_NAD-dependent_succinate-semialdehyde_dehydrogenase	4c2t-assembly1.cif.gz_B	4c2t-assembly1.cif.gz_B Crystal structure of full length Deinococcus radiodurans UvrD in complex with DNA	7.735E+00	0.008	12	154	442	527	207	633	645	454	0.548	0.662
LOKIASV2_4403_ESMFold_NAD-dependent_succinate-semialdehyde_dehydrogenase	7cum-assembly1.cif.gz_A	7cum-assembly1.cif.gz_A Cryo-EM structure of human GABA(B) receptor bound to the antagonist CGP54626	8.622E+00	0.008	12	136	413	527	1	231	683	317	0.528	0.338
LOKIASV2_4403_ESMFold_NAD-dependent_succinate-semialdehyde_dehydrogenase	7rde-assembly1.cif.gz_B	7rde-assembly1.cif.gz_B Human Triose Phosphate Isomerase Q181P	9.103E+00	0.007	11	138	298	527	3	213	238	230	0.306	0.887
LOKIASV2_4403_ESMFold_NAD-dependent_succinate-semialdehyde_dehydrogenase	2dzv-assembly1.cif.gz_A	2dzv-assembly1.cif.gz_A Structure of mutant tryptophan synthase alpha-subunit (D146A) from a hyperthermophile, Pyrococcus furiosus	7.735E+00	0.007	11	135	432	527	2	215	244	330	0.565	0.877
LOKIASV2_4403_ESMFold_NAD-dependent_succinate-semialdehyde_dehydrogenase	2bht-assembly2.cif.gz_C	2bht-assembly2.cif.gz_C Crystal structure of O-acetylserine sulfhydrylase B	9.610E+00	0.007	11	97	388	527	43	277	292	325	0.554	0.805
LOKIASV2_4403_ESMFold_NAD-dependent_succinate-semialdehyde_dehydrogenase	6om2-assembly1.cif.gz_D	6om2-assembly1.cif.gz_D Crystal structure of atypical integrin alphaV beta8 with proTGF-beta1 ligand peptide	4.033E+00	0.007	11	128	431	527	12	242	330	334	0.577	0.700
LOKIASV2_4403_ESMFold_NAD-dependent_succinate-semialdehyde_dehydrogenase	6om1-assembly3.cif.gz_F	6om1-assembly3.cif.gz_F Crystal structure of an atypical integrin	5.897E+00	0.007	11	129	441	527	20	254	332	364	0.594	0.708
LOKIASV2_4403_ESMFold_NAD-dependent_succinate-semialdehyde_dehydrogenase	6om1-assembly1.cif.gz_B	6om1-assembly1.cif.gz_B Crystal structure of an atypical integrin	6.939E+00	0.007	11	129	441	527	21	255	333	341	0.594	0.706
LOKIASV2_4403_ESMFold_NAD-dependent_succinate-semialdehyde_dehydrogenase	1jv3-assembly1.cif.gz_B	1jv3-assembly1.cif.gz_B CRYSTAL STRUCTURE OF HUMAN AGX1 COMPLEXED WITH UDPGALNAC	4.746E+00	0.007	11	65	409	527	3	426	484	508	0.655	0.876
LOKIASV2_4403_ESMFold_NAD-dependent_succinate-semialdehyde_dehydrogenase	7k3z-assembly1.cif.gz_D	7k3z-assembly1.cif.gz_D P. falciparum Cpn60 D474A mutant bound to ATP	8.622E+00	0.007	11	32	201	527	85	272	562	211	0.323	0.335
LOKIASV2_4403_ESMFold_NAD-dependent_succinate-semialdehyde_dehydrogenase	4c2t-assembly2.cif.gz_D	4c2t-assembly2.cif.gz_D Crystal structure of full length Deinococcus radiodurans UvrD in complex with DNA	7.735E+00	0.007	11	153	335	527	206	400	645	216	0.347	0.302
LOKIASV2_4403_ESMFold_NAD-dependent_succinate-semialdehyde_dehydrogenase	6up8-assembly1.cif.gz_B	6up8-assembly1.cif.gz_B Triosephosphate isomerase deficiency: Effect of F240L mutation on enzyme structure	9.103E+00	0.000	10	136	319	527	1	226	246	261	0.349	0.919
LOKIASV2_4403_ESMFold_NAD-dependent_succinate-semialdehyde_dehydrogenase	6nxs-assembly1.cif.gz_B	6nxs-assembly1.cif.gz_B Crystal structure of Arabidopsis thaliana cytosolic triosephosphate isomerase C218Y mutant	6.573E+00	0.000	10	136	330	527	2	219	248	252	0.370	0.879
LOKIASV2_4403_ESMFold_NAD-dependent_succinate-semialdehyde_dehydrogenase	6nxy-assembly1.cif.gz_A-2	6nxy-assembly1.cif.gz_A-2 Crystal structure of Arabidopsis thaliana cytosolic triosephosphate isomerase C218D mutant	7.735E+00	0.000	10	136	295	527	2	221	251	236	0.304	0.876
LOKIASV2_4403_ESMFold_NAD-dependent_succinate-semialdehyde_dehydrogenase	6k4d-assembly1.cif.gz_A	6k4d-assembly1.cif.gz_A Ancestral luciferase AncLamp in complex with ATP and D-luciferin	6.226E+00	0.000	10	9	300	527	1	330	539	415	0.554	0.612
LOKIASV2_4403_ESMFold_NAD-dependent_succinate-semialdehyde_dehydrogenase	2pjr-assembly1.cif.gz_F	2pjr-assembly1.cif.gz_F HELICASE PRODUCT COMPLEX	8.166E+00	0.000	10	37	336	527	91	396	544	367	0.569	0.562
LOKIASV2_4403_ESMFold_NAD-dependent_succinate-semialdehyde_dehydrogenase	5yym-assembly2.cif.gz_B	5yym-assembly2.cif.gz_B Crystal structures of E.coli arginyl-trna synthetase (argrs) in complex with substrate Arg	6.573E+00	0.000	10	137	434	527	119	366	573	349	0.565	0.433
LOKIASV2_4403_ESMFold_NAD-dependent_succinate-semialdehyde_dehydrogenase	4cei-assembly1.cif.gz_B	4cei-assembly1.cif.gz_B Crystal structure of ADPNP-bound AddAB with a forked DNA substrate	5.290E+00	0.000	10	53	344	527	86	392	1152	387	0.554	0.266
LOKIASV2_4403_ESMFold_NAD-dependent_succinate-semialdehyde_dehydrogenase	4lxh-assembly1.cif.gz_A	4lxh-assembly1.cif.gz_A Crystal Structure of the S105A mutant of a carbon-carbon bond hydrolase, DxnB2 from Sphingomonas wittichii RW1, in complex with 3-Cl HOPDA	7.326E+00	0.000	9	115	438	527	4	258	276	398	0.615	0.924
LOKIASV2_4403_ESMFold_NAD-dependent_succinate-semialdehyde_dehydrogenase	5n6y-assembly1.cif.gz_E	5n6y-assembly1.cif.gz_E Azotobacter vinelandii vanadium nitrogenase	7.735E+00	0.000	9	135	465	527	18	438	464	481	0.628	0.907
LOKIASV2_4403_ESMFold_NAD-dependent_succinate-semialdehyde_dehydrogenase	7wit-assembly1.cif.gz_A	7wit-assembly1.cif.gz_A Structure of SUR1 in complex with mitiglinide	5.290E+00	0.000	9	33	526	527	219	636	1133	565	0.937	0.369
LOKIASV2_4403_ESMFold_NAD-dependent_succinate-semialdehyde_dehydrogenase	MGYP001175072191.pdb.gz	MGYP001175072191.pdb.gz	1.133E-58	1.000	2307	7	524	527	7	548	549	545	0.983	0.987
LOKIASV2_4403_ESMFold_NAD-dependent_succinate-semialdehyde_dehydrogenase	MGYP000980217330.pdb.gz	MGYP000980217330.pdb.gz	5.217E-56	1.000	2176	1	520	527	1	519	529	525	0.987	0.981
LOKIASV2_4403_ESMFold_NAD-dependent_succinate-semialdehyde_dehydrogenase	MGYP001142059647.pdb.gz	MGYP001142059647.pdb.gz	1.090E-54	1.000	2154	13	516	527	2	501	508	508	0.956	0.984
LOKIASV2_4403_ESMFold_NAD-dependent_succinate-semialdehyde_dehydrogenase	MGYP001570854533.pdb.gz	MGYP001570854533.pdb.gz	5.423E-53	1.000	2087	13	525	527	3	514	518	519	0.973	0.988
LOKIASV2_4403_ESMFold_NAD-dependent_succinate-semialdehyde_dehydrogenase	MGYP002780365263.pdb.gz	MGYP002780365263.pdb.gz	1.159E-52	1.000	2042	9	519	527	17	538	541	524	0.970	0.965
LOKIASV2_4403_ESMFold_NAD-dependent_succinate-semialdehyde_dehydrogenase	MGYP002777659949.pdb.gz	MGYP002777659949.pdb.gz	9.626E-52	1.000	1972	3	527	527	6	531	531	536	0.996	0.991
LOKIASV2_4403_ESMFold_NAD-dependent_succinate-semialdehyde_dehydrogenase	MGYP001619094825.pdb.gz	MGYP001619094825.pdb.gz	1.302E-50	1.000	1942	8	524	527	11	525	532	522	0.981	0.968
LOKIASV2_4403_ESMFold_NAD-dependent_succinate-semialdehyde_dehydrogenase	MGYP001812964163.pdb.gz	MGYP001812964163.pdb.gz	5.953E-50	1.000	1936	8	498	527	45	527	541	493	0.932	0.893
LOKIASV2_4403_ESMFold_NAD-dependent_succinate-semialdehyde_dehydrogenase	MGYP000187472278.pdb.gz	MGYP000187472278.pdb.gz	3.978E-49	1.000	1902	8	481	527	14	494	502	487	0.899	0.958
LOKIASV2_4403_ESMFold_NAD-dependent_succinate-semialdehyde_dehydrogenase	MGYP001035362425.pdb.gz	MGYP001035362425.pdb.gz	5.953E-50	1.000	1888	1	514	527	16	524	525	517	0.975	0.970
LOKIASV2_4403_ESMFold_NAD-dependent_succinate-semialdehyde_dehydrogenase	MGYP001314739826.pdb.gz	MGYP001314739826.pdb.gz	1.669E-49	1.000	1880	1	504	527	3	503	508	514	0.956	0.986
LOKIASV2_4403_ESMFold_NAD-dependent_succinate-semialdehyde_dehydrogenase	MGYP003575071694.pdb.gz	MGYP003575071694.pdb.gz	1.776E-47	1.000	1868	13	478	527	4	458	465	467	0.884	0.978
LOKIASV2_4403_ESMFold_NAD-dependent_succinate-semialdehyde_dehydrogenase	MGYP000145935135.pdb.gz	MGYP000145935135.pdb.gz	2.207E-47	1.000	1861	9	475	527	41	502	504	472	0.886	0.917
LOKIASV2_4403_ESMFold_NAD-dependent_succinate-semialdehyde_dehydrogenase	MGYP001497398464.pdb.gz	MGYP001497398464.pdb.gz	4.103E-48	1.000	1854	1	503	527	14	508	512	504	0.954	0.967
LOKIASV2_4403_ESMFold_NAD-dependent_succinate-semialdehyde_dehydrogenase	MGYP000927225393.pdb.gz	MGYP000927225393.pdb.gz	6.046E-46	1.000	1826	9	475	527	31	491	496	470	0.886	0.929
LOKIASV2_4403_ESMFold_NAD-dependent_succinate-semialdehyde_dehydrogenase	MGYP000004394359.pdb.gz	MGYP000004394359.pdb.gz	7.226E-49	1.000	1823	12	504	527	5	502	503	506	0.935	0.990
LOKIASV2_4403_ESMFold_NAD-dependent_succinate-semialdehyde_dehydrogenase	MGYP001056631142.pdb.gz	MGYP001056631142.pdb.gz	8.840E-46	1.000	1820	13	477	527	25	484	484	468	0.882	0.950
LOKIASV2_4403_ESMFold_NAD-dependent_succinate-semialdehyde_dehydrogenase	MGYP001059076204.pdb.gz	MGYP001059076204.pdb.gz	1.009E-46	1.000	1819	9	475	527	17	477	480	469	0.886	0.960
LOKIASV2_4403_ESMFold_NAD-dependent_succinate-semialdehyde_dehydrogenase	MGYP001003675441.pdb.gz	MGYP001003675441.pdb.gz	1.644E-46	1.000	1816	11	490	527	16	487	487	482	0.911	0.969
LOKIASV2_4403_ESMFold_NAD-dependent_succinate-semialdehyde_dehydrogenase	MGYP001454450378.pdb.gz	MGYP001454450378.pdb.gz	1.397E-46	1.000	1815	13	490	527	19	491	491	484	0.907	0.963
LOKIASV2_4403_ESMFold_NAD-dependent_succinate-semialdehyde_dehydrogenase	MGYP001025063873.pdb.gz	MGYP001025063873.pdb.gz	5.424E-46	1.000	1814	13	476	527	2	453	453	466	0.880	0.998
LOKIASV2_4403_ESMFold_NAD-dependent_succinate-semialdehyde_dehydrogenase	MGYP002760252452.pdb.gz	MGYP002760252452.pdb.gz	1.098E-45	1.000	1811	12	474	527	2	455	456	463	0.879	0.996
LOKIASV2_4403_ESMFold_NAD-dependent_succinate-semialdehyde_dehydrogenase	MGYP003646289500.pdb.gz	MGYP003646289500.pdb.gz	7.115E-46	1.000	1810	9	477	527	35	502	502	473	0.890	0.932
LOKIASV2_4403_ESMFold_NAD-dependent_succinate-semialdehyde_dehydrogenase	MGYP001942164720.pdb.gz	MGYP001942164720.pdb.gz	3.917E-46	1.000	1808	13	481	527	3	463	463	472	0.890	0.996
LOKIASV2_4403_ESMFold_NAD-dependent_succinate-semialdehyde_dehydrogenase	MGYP001294712685.pdb.gz	MGYP001294712685.pdb.gz	1.151E-47	1.000	1808	9	504	527	1	498	502	510	0.941	0.992
LOKIASV2_4403_ESMFold_NAD-dependent_succinate-semialdehyde_dehydrogenase	MGYP001558953484.pdb.gz	MGYP001558953484.pdb.gz	4.135E-46	1.000	1806	8	465	527	2	449	450	459	0.869	0.996
LOKIASV2_4403_ESMFold_NAD-dependent_succinate-semialdehyde_dehydrogenase	MGYP001081667865.pdb.gz	MGYP001081667865.pdb.gz	9.333E-46	1.000	1802	12	491	527	18	494	494	484	0.911	0.966
LOKIASV2_4403_ESMFold_NAD-dependent_succinate-semialdehyde_dehydrogenase	MGYP000727507826.pdb.gz	MGYP000727507826.pdb.gz	9.854E-46	1.000	1799	9	477	527	34	499	499	475	0.890	0.934
LOKIASV2_4403_ESMFold_NAD-dependent_succinate-semialdehyde_dehydrogenase	MGYP000417870109.pdb.gz	MGYP000417870109.pdb.gz	3.080E-45	1.000	1797	12	475	527	24	479	480	466	0.880	0.950
LOKIASV2_4403_ESMFold_NAD-dependent_succinate-semialdehyde_dehydrogenase	MGYP000734191189.pdb.gz	MGYP000734191189.pdb.gz	2.617E-45	1.000	1794	9	475	527	15	475	477	470	0.886	0.966
LOKIASV2_4403_ESMFold_NAD-dependent_succinate-semialdehyde_dehydrogenase	MGYP002622019180.pdb.gz	MGYP002622019180.pdb.gz	1.735E-46	1.000	1793	9	504	527	48	532	534	496	0.941	0.908
LOKIASV2_4403_ESMFold_NAD-dependent_succinate-semialdehyde_dehydrogenase	MGYP001088958691.pdb.gz	MGYP001088958691.pdb.gz	3.827E-45	1.000	1792	13	476	527	3	459	459	467	0.880	0.996
LOKIASV2_4403_ESMFold_NAD-dependent_succinate-semialdehyde_dehydrogenase	MGYP001791345761.pdb.gz	MGYP001791345761.pdb.gz	2.763E-45	1.000	1792	12	477	527	3	470	470	473	0.884	0.996
LOKIASV2_4403_ESMFold_NAD-dependent_succinate-semialdehyde_dehydrogenase	MGYP002623130669.pdb.gz	MGYP002623130669.pdb.gz	2.348E-45	1.000	1789	13	479	527	2	458	458	473	0.886	0.998
LOKIASV2_4403_ESMFold_NAD-dependent_succinate-semialdehyde_dehydrogenase	MGYP000025029006.pdb.gz	MGYP000025029006.pdb.gz	3.152E-46	1.000	1785	8	474	527	16	474	475	469	0.886	0.966
LOKIASV2_4403_ESMFold_NAD-dependent_succinate-semialdehyde_dehydrogenase	MGYP001413434907.pdb.gz	MGYP001413434907.pdb.gz	5.138E-46	1.000	1785	9	472	527	17	474	482	473	0.880	0.950
LOKIASV2_4403_ESMFold_NAD-dependent_succinate-semialdehyde_dehydrogenase	MGYP003820546321.pdb.gz	MGYP003820546321.pdb.gz	2.224E-45	1.000	1781	13	476	527	3	457	457	466	0.880	0.996
LOKIASV2_4403_ESMFold_NAD-dependent_succinate-semialdehyde_dehydrogenase	MGYP001071560907.pdb.gz	MGYP001071560907.pdb.gz	5.907E-45	1.000	1781	9	477	527	22	483	484	472	0.890	0.955
LOKIASV2_4403_ESMFold_NAD-dependent_succinate-semialdehyde_dehydrogenase	MGYP001627744526.pdb.gz	MGYP001627744526.pdb.gz	2.763E-45	1.000	1780	9	481	527	17	483	485	477	0.898	0.963
LOKIASV2_4403_ESMFold_NAD-dependent_succinate-semialdehyde_dehydrogenase	MGYP001421318924.pdb.gz	MGYP001421318924.pdb.gz	1.365E-45	1.000	1778	9	474	527	38	506	508	476	0.884	0.923
LOKIASV2_4403_ESMFold_NAD-dependent_succinate-semialdehyde_dehydrogenase	MGYP001290829759.pdb.gz	MGYP001290829759.pdb.gz	7.339E-45	1.000	1773	13	477	527	3	466	467	471	0.882	0.994
LOKIASV2_4403_ESMFold_NAD-dependent_succinate-semialdehyde_dehydrogenase	MGYP001161003549.pdb.gz	MGYP001161003549.pdb.gz	1.557E-46	1.000	1773	9	510	527	5	486	487	503	0.953	0.990
LOKIASV2_4403_ESMFold_NAD-dependent_succinate-semialdehyde_dehydrogenase	MGYP001083900027.pdb.gz	MGYP001083900027.pdb.gz	1.224E-45	1.000	1770	9	479	527	26	483	483	476	0.894	0.948
LOKIASV2_4403_ESMFold_NAD-dependent_succinate-semialdehyde_dehydrogenase	MGYP001121562085.pdb.gz	MGYP001121562085.pdb.gz	2.224E-45	1.000	1768	11	474	527	27	482	483	468	0.880	0.944
LOKIASV2_4403_ESMFold_NAD-dependent_succinate-semialdehyde_dehydrogenase	MGYP003373011015.pdb.gz	MGYP003373011015.pdb.gz	2.224E-45	1.000	1768	9	489	527	13	488	494	485	0.913	0.964
LOKIASV2_4403_ESMFold_NAD-dependent_succinate-semialdehyde_dehydrogenase	MGYP002623158653.pdb.gz	MGYP002623158653.pdb.gz	7.339E-45	1.000	1767	9	475	527	29	492	495	472	0.886	0.937
LOKIASV2_4403_ESMFold_NAD-dependent_succinate-semialdehyde_dehydrogenase	MGYP000378900448.pdb.gz	MGYP000378900448.pdb.gz	9.854E-46	1.000	1767	9	481	527	21	493	499	484	0.898	0.948
LOKIASV2_4403_ESMFold_NAD-dependent_succinate-semialdehyde_dehydrogenase	MGYP000188634625.pdb.gz	MGYP000188634625.pdb.gz	4.040E-45	1.000	1765	10	476	527	16	469	469	471	0.886	0.968
LOKIASV2_4403_ESMFold_NAD-dependent_succinate-semialdehyde_dehydrogenase	MGYP001302364158.pdb.gz	MGYP001302364158.pdb.gz	7.749E-45	1.000	1765	9	481	527	15	482	484	477	0.898	0.967
LOKIASV2_4403_ESMFold_NAD-dependent_succinate-semialdehyde_dehydrogenase	MGYP000099498751.pdb.gz	MGYP000099498751.pdb.gz	6.952E-45	1.000	1764	9	475	527	10	472	473	472	0.886	0.979
LOKIASV2_4403_ESMFold_NAD-dependent_succinate-semialdehyde_dehydrogenase	MGYP001791723329.pdb.gz	MGYP001791723329.pdb.gz	1.073E-44	1.000	1764	12	481	527	19	486	497	475	0.892	0.942
LOKIASV2_4403_ESMFold_NAD-dependent_succinate-semialdehyde_dehydrogenase	MGYP001106718398.pdb.gz	MGYP001106718398.pdb.gz	1.365E-45	1.000	1764	9	481	527	17	490	498	482	0.898	0.952
LOKIASV2_4403_ESMFold_NAD-dependent_succinate-semialdehyde_dehydrogenase	MGYP000653039642.pdb.gz	MGYP000653039642.pdb.gz	3.433E-45	1.000	1764	9	475	527	32	496	499	477	0.886	0.932
LOKIASV2_4403_ESMFold_NAD-dependent_succinate-semialdehyde_dehydrogenase	MGYP000382564552.pdb.gz	MGYP000382564552.pdb.gz	2.700E-44	1.000	1763	28	477	527	1	446	446	453	0.854	1.000
LOKIASV2_4403_ESMFold_NAD-dependent_succinate-semialdehyde_dehydrogenase	MGYP001406698561.pdb.gz	MGYP001406698561.pdb.gz	1.333E-44	1.000	1759	9	477	527	6	468	468	472	0.890	0.989
LOKIASV2_4403_ESMFold_NAD-dependent_succinate-semialdehyde_dehydrogenase	MGYP000444419552.pdb.gz	MGYP000444419552.pdb.gz	7.339E-45	1.000	1759	9	475	527	21	483	485	473	0.886	0.955
LOKIASV2_4403_ESMFold_NAD-dependent_succinate-semialdehyde_dehydrogenase	MGYP001158096955.pdb.gz	MGYP001158096955.pdb.gz	1.657E-44	1.000	1757	13	477	527	2	456	456	470	0.882	0.998
LOKIASV2_4403_ESMFold_NAD-dependent_succinate-semialdehyde_dehydrogenase	MGYP000067479353.pdb.gz	MGYP000067479353.pdb.gz	1.657E-44	1.000	1751	28	475	527	3	441	442	451	0.850	0.993
LOKIASV2_4403_ESMFold_NAD-dependent_succinate-semialdehyde_dehydrogenase	MGYP000385443641.pdb.gz	MGYP000385443641.pdb.gz	2.557E-44	1.000	1751	15	474	527	3	453	454	461	0.873	0.993
LOKIASV2_4403_ESMFold_NAD-dependent_succinate-semialdehyde_dehydrogenase	MGYP000408358496.pdb.gz	MGYP000408358496.pdb.gz	6.585E-45	1.000	1747	9	477	527	21	480	480	475	0.890	0.958
LOKIASV2_4403_ESMFold_NAD-dependent_succinate-semialdehyde_dehydrogenase	MGYP002624031653.pdb.gz	MGYP002624031653.pdb.gz	6.046E-46	1.000	1746	30	525	527	6	491	500	497	0.941	0.972
LOKIASV2_4403_ESMFold_NAD-dependent_succinate-semialdehyde_dehydrogenase	MGYP001350629129.pdb.gz	MGYP001350629129.pdb.gz	8.909E-44	1.000	1744	12	477	527	2	457	457	468	0.884	0.998
LOKIASV2_4403_ESMFold_NAD-dependent_succinate-semialdehyde_dehydrogenase	MGYP001047239296.pdb.gz	MGYP001047239296.pdb.gz	2.107E-45	1.000	1744	9	475	527	13	475	476	477	0.886	0.973
LOKIASV2_4403_ESMFold_NAD-dependent_succinate-semialdehyde_dehydrogenase	MGYP000943694504.pdb.gz	MGYP000943694504.pdb.gz	3.080E-45	1.000	1743	13	491	527	23	496	497	486	0.909	0.954
LOKIASV2_4403_ESMFold_NAD-dependent_succinate-semialdehyde_dehydrogenase	MGYP000294032727.pdb.gz	MGYP000294032727.pdb.gz	5.020E-45	1.000	1742	9	472	527	19	474	475	468	0.880	0.960
LOKIASV2_4403_ESMFold_NAD-dependent_succinate-semialdehyde_dehydrogenase	MGYP000297790686.pdb.gz	MGYP000297790686.pdb.gz	6.094E-44	1.000	1740	14	474	527	2	453	454	462	0.875	0.996
LOKIASV2_4403_ESMFold_NAD-dependent_succinate-semialdehyde_dehydrogenase	MGYP001354406446.pdb.gz	MGYP001354406446.pdb.gz	5.020E-45	1.000	1739	13	479	527	36	500	500	478	0.886	0.930
LOKIASV2_4403_ESMFold_NAD-dependent_succinate-semialdehyde_dehydrogenase	MGYP001389725263.pdb.gz	MGYP001389725263.pdb.gz	3.252E-45	1.000	1737	8	479	527	11	471	471	475	0.896	0.979
LOKIASV2_4403_ESMFold_NAD-dependent_succinate-semialdehyde_dehydrogenase	MGYP001035612464.pdb.gz	MGYP001035612464.pdb.gz	1.196E-44	1.000	1737	13	481	527	19	482	487	477	0.890	0.953
LOKIASV2_4403_ESMFold_NAD-dependent_succinate-semialdehyde_dehydrogenase	MGYP001272990189.pdb.gz	MGYP001272990189.pdb.gz	7.339E-45	1.000	1737	9	481	527	17	486	491	481	0.898	0.957
LOKIASV2_4403_ESMFold_NAD-dependent_succinate-semialdehyde_dehydrogenase	MGYP000927604297.pdb.gz	MGYP000927604297.pdb.gz	2.294E-44	1.000	1735	13	474	527	2	457	458	464	0.877	0.996
LOKIASV2_4403_ESMFold_NAD-dependent_succinate-semialdehyde_dehydrogenase	MGYP000417335862.pdb.gz	MGYP000417335862.pdb.gz	6.433E-44	1.000	1735	13	475	527	54	508	510	467	0.879	0.892
LOKIASV2_4403_ESMFold_NAD-dependent_succinate-semialdehyde_dehydrogenase	MGYP000721674492.pdb.gz	MGYP000721674492.pdb.gz	1.846E-44	1.000	1734	13	475	527	20	476	478	467	0.879	0.956
LOKIASV2_4403_ESMFold_NAD-dependent_succinate-semialdehyde_dehydrogenase	MGYP001816132192.pdb.gz	MGYP001816132192.pdb.gz	1.133E-44	1.000	1734	13	475	527	25	486	490	475	0.879	0.943
LOKIASV2_4403_ESMFold_NAD-dependent_succinate-semialdehyde_dehydrogenase	MGYP000259458612.pdb.gz	MGYP000259458612.pdb.gz	1.486E-44	1.000	1734	9	491	527	21	499	500	489	0.917	0.958
LOKIASV2_4403_ESMFold_NAD-dependent_succinate-semialdehyde_dehydrogenase	MGYP001827789842.pdb.gz	MGYP001827789842.pdb.gz	1.569E-44	1.000	1733	11	472	527	19	471	477	466	0.877	0.950
LOKIASV2_4403_ESMFold_NAD-dependent_succinate-semialdehyde_dehydrogenase	MGYP001255537238.pdb.gz	MGYP001255537238.pdb.gz	3.177E-44	1.000	1733	13	475	527	18	479	481	467	0.879	0.960
LOKIASV2_4403_ESMFold_NAD-dependent_succinate-semialdehyde_dehydrogenase	MGYP003361822103.pdb.gz	MGYP003361822103.pdb.gz	9.119E-45	1.000	1732	13	484	527	29	498	503	479	0.896	0.934
LOKIASV2_4403_ESMFold_NAD-dependent_succinate-semialdehyde_dehydrogenase	MGYP000094327760.pdb.gz	MGYP000094327760.pdb.gz	6.952E-45	1.000	1731	14	479	527	2	460	460	472	0.884	0.998
LOKIASV2_4403_ESMFold_NAD-dependent_succinate-semialdehyde_dehydrogenase	MGYP000246844476.pdb.gz	MGYP000246844476.pdb.gz	4.645E-44	1.000	1731	13	475	527	38	494	496	467	0.879	0.921
LOKIASV2_4403_ESMFold_NAD-dependent_succinate-semialdehyde_dehydrogenase	MGYP003145164992.pdb.gz	MGYP003145164992.pdb.gz	1.846E-44	1.000	1728	9	480	527	27	490	490	478	0.896	0.947
LOKIASV2_4403_ESMFold_NAD-dependent_succinate-semialdehyde_dehydrogenase	MGYP003568664877.pdb.gz	MGYP003568664877.pdb.gz	2.173E-44	1.000	1727	11	477	527	15	467	467	468	0.886	0.970
LOKIASV2_4403_ESMFold_NAD-dependent_succinate-semialdehyde_dehydrogenase	MGYP003605542454.pdb.gz	MGYP003605542454.pdb.gz	1.949E-44	1.000	1727	9	481	527	50	517	522	477	0.898	0.897
LOKIASV2_4403_ESMFold_NAD-dependent_succinate-semialdehyde_dehydrogenase	MGYP000045609569.pdb.gz	MGYP000045609569.pdb.gz	7.993E-44	1.000	1726	12	475	527	21	481	482	470	0.880	0.956
LOKIASV2_4403_ESMFold_NAD-dependent_succinate-semialdehyde_dehydrogenase	MGYP003367493165.pdb.gz	MGYP003367493165.pdb.gz	2.700E-44	1.000	1726	9	475	527	28	488	490	472	0.886	0.941
LOKIASV2_4403_ESMFold_NAD-dependent_succinate-semialdehyde_dehydrogenase	MGYP000895481751.pdb.gz	MGYP000895481751.pdb.gz	1.657E-44	1.000	1724	9	477	527	14	474	474	477	0.890	0.973
LOKIASV2_4403_ESMFold_NAD-dependent_succinate-semialdehyde_dehydrogenase	MGYP000399508170.pdb.gz	MGYP000399508170.pdb.gz	3.947E-44	1.000	1723	9	477	527	19	478	478	472	0.890	0.962
LOKIASV2_4403_ESMFold_NAD-dependent_succinate-semialdehyde_dehydrogenase	MGYP003662848428.pdb.gz	MGYP003662848428.pdb.gz	3.177E-44	1.000	1723	9	475	527	29	489	490	473	0.886	0.941
LOKIASV2_4403_ESMFold_NAD-dependent_succinate-semialdehyde_dehydrogenase	MGYP001048523130.pdb.gz	MGYP001048523130.pdb.gz	1.234E-43	1.000	1723	13	477	527	34	496	496	468	0.882	0.933
LOKIASV2_4403_ESMFold_NAD-dependent_succinate-semialdehyde_dehydrogenase	MGYP001385836495.pdb.gz	MGYP001385836495.pdb.gz	2.700E-44	1.000	1720	9	475	527	11	470	471	471	0.886	0.977
LOKIASV2_4403_ESMFold_NAD-dependent_succinate-semialdehyde_dehydrogenase	MGYP001815696623.pdb.gz	MGYP001815696623.pdb.gz	2.940E-43	1.000	1718	9	474	527	28	489	490	469	0.884	0.943
LOKIASV2_4403_ESMFold_NAD-dependent_succinate-semialdehyde_dehydrogenase	MGYP001045156107.pdb.gz	MGYP001045156107.pdb.gz	8.439E-44	1.000	1718	8	475	527	26	490	491	475	0.888	0.947
LOKIASV2_4403_ESMFold_NAD-dependent_succinate-semialdehyde_dehydrogenase	MGYP001270056888.pdb.gz	MGYP001270056888.pdb.gz	4.904E-44	1.000	1714	12	475	527	25	487	488	471	0.880	0.949
LOKIASV2_4403_ESMFold_NAD-dependent_succinate-semialdehyde_dehydrogenase	MGYP000935943448.pdb.gz	MGYP000935943448.pdb.gz	2.366E-43	1.000	1714	12	481	527	19	486	489	477	0.892	0.957
LOKIASV2_4403_ESMFold_NAD-dependent_succinate-semialdehyde_dehydrogenase	MGYP001176425667.pdb.gz	MGYP001176425667.pdb.gz	4.168E-44	1.000	1713	10	479	527	17	480	480	476	0.892	0.967
LOKIASV2_4403_ESMFold_NAD-dependent_succinate-semialdehyde_dehydrogenase	MGYP001224408831.pdb.gz	MGYP001224408831.pdb.gz	2.700E-44	1.000	1713	13	475	527	43	504	506	472	0.879	0.913
LOKIASV2_4403_ESMFold_NAD-dependent_succinate-semialdehyde_dehydrogenase	MGYP000712081811.pdb.gz	MGYP000712081811.pdb.gz	1.804E-43	1.000	1713	13	481	527	26	493	516	476	0.890	0.907
LOKIASV2_4403_ESMFold_NAD-dependent_succinate-semialdehyde_dehydrogenase	MGYP000582346481.pdb.gz	MGYP000582346481.pdb.gz	1.949E-44	1.000	1712	13	481	527	2	460	460	474	0.890	0.998
LOKIASV2_4403_ESMFold_NAD-dependent_succinate-semialdehyde_dehydrogenase	MGYP001809923222.pdb.gz	MGYP001809923222.pdb.gz	3.177E-44	1.000	1712	9	477	527	18	483	483	475	0.890	0.965
LOKIASV2_4403_ESMFold_NAD-dependent_succinate-semialdehyde_dehydrogenase	MGYP001317434277.pdb.gz	MGYP001317434277.pdb.gz	2.700E-44	1.000	1712	12	490	527	18	488	488	487	0.909	0.965
LOKIASV2_4403_ESMFold_NAD-dependent_succinate-semialdehyde_dehydrogenase	MGYP000647159663.pdb.gz	MGYP000647159663.pdb.gz	5.772E-44	1.000	1711	13	475	527	31	493	496	475	0.879	0.933
LOKIASV2_4403_ESMFold_NAD-dependent_succinate-semialdehyde_dehydrogenase	MGYP000468500436.pdb.gz	MGYP000468500436.pdb.gz	1.107E-43	1.000	1710	9	478	527	19	480	480	472	0.892	0.962
LOKIASV2_4403_ESMFold_NAD-dependent_succinate-semialdehyde_dehydrogenase	MGYP001157885018.pdb.gz	MGYP001157885018.pdb.gz	6.952E-45	1.000	1709	61	525	527	2	460	463	467	0.882	0.991
LOKIASV2_4403_ESMFold_NAD-dependent_succinate-semialdehyde_dehydrogenase	MGYP000998556318.pdb.gz	MGYP000998556318.pdb.gz	2.241E-43	1.000	1708	12	481	527	22	485	487	474	0.892	0.953
LOKIASV2_4403_ESMFold_NAD-dependent_succinate-semialdehyde_dehydrogenase	MGYP002716016997.pdb.gz	MGYP002716016997.pdb.gz	4.168E-44	1.000	1708	9	481	527	26	494	497	479	0.898	0.944
LOKIASV2_4403_ESMFold_NAD-dependent_succinate-semialdehyde_dehydrogenase	MGYP001156563512.pdb.gz	MGYP001156563512.pdb.gz	6.094E-44	1.000	1707	9	475	527	16	474	475	470	0.886	0.966
LOKIASV2_4403_ESMFold_NAD-dependent_succinate-semialdehyde_dehydrogenase	MGYP001302734070.pdb.gz	MGYP001302734070.pdb.gz	5.772E-44	1.000	1707	12	472	527	20	470	475	467	0.875	0.949
LOKIASV2_4403_ESMFold_NAD-dependent_succinate-semialdehyde_dehydrogenase	MGYP000701383937.pdb.gz	MGYP000701383937.pdb.gz	1.749E-44	1.000	1707	13	475	527	38	495	496	473	0.879	0.923
LOKIASV2_4403_ESMFold_NAD-dependent_succinate-semialdehyde_dehydrogenase	MGYP002620478075.pdb.gz	MGYP002620478075.pdb.gz	1.375E-43	1.000	1706	9	475	527	17	475	477	469	0.886	0.962
LOKIASV2_4403_ESMFold_NAD-dependent_succinate-semialdehyde_dehydrogenase	MGYP001823432326.pdb.gz	MGYP001823432326.pdb.gz	1.234E-43	1.000	1706	9	473	527	17	476	479	470	0.882	0.960
LOKIASV2_4403_ESMFold_NAD-dependent_succinate-semialdehyde_dehydrogenase	MGYP001942914470.pdb.gz	MGYP001942914470.pdb.gz	1.073E-44	1.000	1705	13	475	527	33	493	494	475	0.879	0.933
LOKIASV2_4403_ESMFold_NAD-dependent_succinate-semialdehyde_dehydrogenase	MGYP001042574033.pdb.gz	MGYP001042574033.pdb.gz	6.433E-44	1.000	1704	11	475	527	15	466	469	467	0.882	0.964
LOKIASV2_4403_ESMFold_NAD-dependent_succinate-semialdehyde_dehydrogenase	MGYP001814465606.pdb.gz	MGYP001814465606.pdb.gz	5.772E-44	1.000	1704	13	475	527	16	475	476	473	0.879	0.966
LOKIASV2_4403_ESMFold_NAD-dependent_succinate-semialdehyde_dehydrogenase	MGYP002759337733.pdb.gz	MGYP002759337733.pdb.gz	2.011E-43	1.000	1704	12	475	527	33	493	494	469	0.880	0.933
LOKIASV2_4403_ESMFold_NAD-dependent_succinate-semialdehyde_dehydrogenase	MGYP003575757575.pdb.gz	MGYP003575757575.pdb.gz	1.569E-44	1.000	1702	11	481	527	19	477	479	478	0.894	0.958
LOKIASV2_4403_ESMFold_NAD-dependent_succinate-semialdehyde_dehydrogenase	MGYP002622288149.pdb.gz	MGYP002622288149.pdb.gz	1.048E-43	1.000	1702	13	475	527	43	502	504	470	0.879	0.913
LOKIASV2_4403_ESMFold_NAD-dependent_succinate-semialdehyde_dehydrogenase	MGYP002135181814.pdb.gz	MGYP002135181814.pdb.gz	1.804E-43	1.000	1701	13	479	527	35	493	493	472	0.886	0.931
LOKIASV2_4403_ESMFold_NAD-dependent_succinate-semialdehyde_dehydrogenase	MGYP000723344169.pdb.gz	MGYP000723344169.pdb.gz	1.709E-43	1.000	1700	13	481	527	25	487	490	472	0.890	0.945
LOKIASV2_4403_ESMFold_NAD-dependent_succinate-semialdehyde_dehydrogenase	MGYP003566181260.pdb.gz	MGYP003566181260.pdb.gz	5.178E-44	1.000	1699	12	475	527	3	462	465	475	0.880	0.989
LOKIASV2_4403_ESMFold_NAD-dependent_succinate-semialdehyde_dehydrogenase	MGYP003575556909.pdb.gz	MGYP003575556909.pdb.gz	7.006E-43	1.000	1698	15	475	527	4	461	462	466	0.875	0.991
LOKIASV2_4403_ESMFold_NAD-dependent_succinate-semialdehyde_dehydrogenase	MGYP003338547917.pdb.gz	MGYP003338547917.pdb.gz	2.241E-43	1.000	1697	13	470	527	22	468	468	462	0.869	0.955
LOKIASV2_4403_ESMFold_NAD-dependent_succinate-semialdehyde_dehydrogenase	MGYP000442147349.pdb.gz	MGYP000442147349.pdb.gz	9.931E-44	1.000	1696	13	472	527	21	470	472	465	0.873	0.953
LOKIASV2_4403_ESMFold_NAD-dependent_succinate-semialdehyde_dehydrogenase	MGYP001430040832.pdb.gz	MGYP001430040832.pdb.gz	4.904E-44	1.000	1696	11	477	527	13	471	472	472	0.886	0.972
LOKIASV2_4403_ESMFold_NAD-dependent_succinate-semialdehyde_dehydrogenase	MGYP001761646423.pdb.gz	MGYP001761646423.pdb.gz	1.169E-43	1.000	1696	8	477	527	23	484	484	474	0.892	0.955
LOKIASV2_4403_ESMFold_NAD-dependent_succinate-semialdehyde_dehydrogenase	MGYP003671406232.pdb.gz	MGYP003671406232.pdb.gz	3.354E-44	1.000	1696	9	479	527	14	483	489	483	0.894	0.961
LOKIASV2_4403_ESMFold_NAD-dependent_succinate-semialdehyde_dehydrogenase	MGYP002780756161.pdb.gz	MGYP002780756161.pdb.gz	2.638E-43	1.000	1695	9	473	527	35	491	496	470	0.882	0.921
LOKIASV2_4403_ESMFold_NAD-dependent_succinate-semialdehyde_dehydrogenase	MGYP001340715079.pdb.gz	MGYP001340715079.pdb.gz	8.245E-43	1.000	1693	9	423	527	1	415	416	416	0.787	0.998
LOKIASV2_4403_ESMFold_NAD-dependent_succinate-semialdehyde_dehydrogenase	MGYP001197857580.pdb.gz	MGYP001197857580.pdb.gz	5.467E-44	1.000	1693	9	474	527	16	478	480	474	0.884	0.965
LOKIASV2_4403_ESMFold_NAD-dependent_succinate-semialdehyde_dehydrogenase	MGYP003288387691.pdb.gz	MGYP003288387691.pdb.gz	1.905E-43	1.000	1693	13	475	527	20	480	481	470	0.879	0.958
LOKIASV2_4403_ESMFold_NAD-dependent_succinate-semialdehyde_dehydrogenase	MGYP001355753307.pdb.gz	MGYP001355753307.pdb.gz	5.178E-44	1.000	1692	9	477	527	33	499	499	479	0.890	0.936
LOKIASV2_4403_ESMFold_NAD-dependent_succinate-semialdehyde_dehydrogenase	MGYP000853291793.pdb.gz	MGYP000853291793.pdb.gz	5.954E-43	1.000	1691	13	477	527	2	457	457	467	0.882	0.998
LOKIASV2_4403_ESMFold_NAD-dependent_succinate-semialdehyde_dehydrogenase	MGYP001201663545.pdb.gz	MGYP001201663545.pdb.gz	8.909E-44	1.000	1691	13	474	527	21	484	486	474	0.877	0.955
LOKIASV2_4403_ESMFold_NAD-dependent_succinate-semialdehyde_dehydrogenase	MGYP000442259247.pdb.gz	MGYP000442259247.pdb.gz	2.785E-43	1.000	1690	8	475	527	25	482	484	470	0.888	0.946
LOKIASV2_4403_ESMFold_NAD-dependent_succinate-semialdehyde_dehydrogenase	MGYP001222614324.pdb.gz	MGYP001222614324.pdb.gz	1.375E-43	1.000	1690	12	472	527	20	473	484	466	0.875	0.938
LOKIASV2_4403_ESMFold_NAD-dependent_succinate-semialdehyde_dehydrogenase	MGYP001496386444.pdb.gz	MGYP001496386444.pdb.gz	1.452E-43	1.000	1687	13	477	527	36	498	498	475	0.882	0.930
LOKIASV2_4403_ESMFold_NAD-dependent_succinate-semialdehyde_dehydrogenase	MGYP001249939986.pdb.gz	MGYP001249939986.pdb.gz	1.619E-43	1.000	1686	13	474	527	3	458	459	464	0.877	0.993
LOKIASV2_4403_ESMFold_NAD-dependent_succinate-semialdehyde_dehydrogenase	MGYP000877968113.pdb.gz	MGYP000877968113.pdb.gz	3.541E-44	1.000	1685	9	477	527	17	472	472	474	0.890	0.966
LOKIASV2_4403_ESMFold_NAD-dependent_succinate-semialdehyde_dehydrogenase	MGYP000002908719.pdb.gz	MGYP000002908719.pdb.gz	3.857E-43	1.000	1685	13	472	527	25	472	476	463	0.873	0.941
LOKIASV2_4403_ESMFold_NAD-dependent_succinate-semialdehyde_dehydrogenase	MGYP001564907946.pdb.gz	MGYP001564907946.pdb.gz	1.024E-42	1.000	1684	25	476	527	2	444	444	453	0.858	0.998
LOKIASV2_4403_ESMFold_NAD-dependent_succinate-semialdehyde_dehydrogenase	MGYP002783839360.pdb.gz	MGYP002783839360.pdb.gz	2.011E-43	1.000	1684	13	475	527	42	502	505	471	0.879	0.913
LOKIASV2_4403_ESMFold_NAD-dependent_succinate-semialdehyde_dehydrogenase	MGYP000565138716.pdb.gz	MGYP000565138716.pdb.gz	4.904E-44	1.000	1682	9	476	527	28	484	484	474	0.888	0.944
LOKIASV2_4403_ESMFold_NAD-dependent_succinate-semialdehyde_dehydrogenase	MGYP001150021471.pdb.gz	MGYP001150021471.pdb.gz	7.006E-43	1.000	1682	13	474	527	37	495	495	468	0.877	0.927
LOKIASV2_4403_ESMFold_NAD-dependent_succinate-semialdehyde_dehydrogenase	MGYP003945707405.pdb.gz	MGYP003945707405.pdb.gz	1.804E-43	1.000	1682	9	480	527	37	509	514	481	0.896	0.920
LOKIASV2_4403_ESMFold_NAD-dependent_succinate-semialdehyde_dehydrogenase	MGYP000892887756.pdb.gz	MGYP000892887756.pdb.gz	7.993E-44	1.000	1681	12	479	527	20	475	475	472	0.888	0.960
LOKIASV2_4403_ESMFold_NAD-dependent_succinate-semialdehyde_dehydrogenase	MGYP001380933424.pdb.gz	MGYP001380933424.pdb.gz	1.048E-43	1.000	1681	13	475	527	20	476	479	471	0.879	0.954
LOKIASV2_4403_ESMFold_NAD-dependent_succinate-semialdehyde_dehydrogenase	MGYP001246678500.pdb.gz	MGYP001246678500.pdb.gz	3.653E-43	1.000	1681	9	481	527	36	501	506	476	0.898	0.921
LOKIASV2_4403_ESMFold_NAD-dependent_succinate-semialdehyde_dehydrogenase	MGYP000739289985.pdb.gz	MGYP000739289985.pdb.gz	2.498E-43	1.000	1679	11	479	527	20	484	484	475	0.890	0.961
LOKIASV2_4403_ESMFold_NAD-dependent_succinate-semialdehyde_dehydrogenase	MGYP001278563584.pdb.gz	MGYP001278563584.pdb.gz	2.785E-43	1.000	1679	9	475	527	28	487	491	473	0.886	0.937
LOKIASV2_4403_ESMFold_NAD-dependent_succinate-semialdehyde_dehydrogenase	MGYP000545046578.pdb.gz	MGYP000545046578.pdb.gz	5.639E-43	1.000	1678	12	474	527	3	442	442	463	0.879	0.995
LOKIASV2_4403_ESMFold_NAD-dependent_succinate-semialdehyde_dehydrogenase	MGYP000875656057.pdb.gz	MGYP000875656057.pdb.gz	5.059E-43	1.000	1678	13	481	527	20	484	489	474	0.890	0.951
LOKIASV2_4403_ESMFold_NAD-dependent_succinate-semialdehyde_dehydrogenase	MGYP001765904913.pdb.gz	MGYP001765904913.pdb.gz	4.792E-43	1.000	1677	9	475	527	22	480	482	472	0.886	0.952
LOKIASV2_4403_ESMFold_NAD-dependent_succinate-semialdehyde_dehydrogenase	MGYP000252837087.pdb.gz	MGYP000252837087.pdb.gz	7.397E-43	1.000	1677	9	481	527	20	488	488	477	0.898	0.961
LOKIASV2_4403_ESMFold_NAD-dependent_succinate-semialdehyde_dehydrogenase	MGYP001259860692.pdb.gz	MGYP001259860692.pdb.gz	4.539E-43	1.000	1676	8	477	527	16	481	482	475	0.892	0.967
LOKIASV2_4403_ESMFold_NAD-dependent_succinate-semialdehyde_dehydrogenase	MGYP001054299164.pdb.gz	MGYP001054299164.pdb.gz	4.072E-43	1.000	1676	9	475	527	35	501	502	475	0.886	0.930
LOKIASV2_4403_ESMFold_NAD-dependent_succinate-semialdehyde_dehydrogenase	MGYP000719451131.pdb.gz	MGYP000719451131.pdb.gz	1.344E-42	1.000	1676	13	477	527	66	522	523	469	0.882	0.874
LOKIASV2_4403_ESMFold_NAD-dependent_succinate-semialdehyde_dehydrogenase	MGYP003365512472.pdb.gz	MGYP003365512472.pdb.gz	1.375E-43	1.000	1675	13	475	527	36	497	502	474	0.879	0.920
LOKIASV2_4403_ESMFold_NAD-dependent_succinate-semialdehyde_dehydrogenase	MGYP001393576165.pdb.gz	MGYP001393576165.pdb.gz	5.954E-43	1.000	1674	13	477	527	38	495	495	470	0.882	0.925
LOKIASV2_4403_ESMFold_NAD-dependent_succinate-semialdehyde_dehydrogenase	MGYP000035198157.pdb.gz	MGYP000035198157.pdb.gz	7.993E-44	1.000	1673	11	474	527	19	475	475	471	0.880	0.962
LOKIASV2_4403_ESMFold_NAD-dependent_succinate-semialdehyde_dehydrogenase	MGYP002622925669.pdb.gz	MGYP002622925669.pdb.gz	1.452E-43	1.000	1673	9	475	527	14	472	475	473	0.886	0.966
LOKIASV2_4403_ESMFold_NAD-dependent_succinate-semialdehyde_dehydrogenase	MGYP001039034175.pdb.gz	MGYP001039034175.pdb.gz	4.072E-43	1.000	1673	13	477	527	34	487	487	470	0.882	0.932
LOKIASV2_4403_ESMFold_NAD-dependent_succinate-semialdehyde_dehydrogenase	MGYP001095366357.pdb.gz	MGYP001095366357.pdb.gz	2.312E-42	1.000	1672	13	475	527	4	453	454	465	0.879	0.991
LOKIASV2_4403_ESMFold_NAD-dependent_succinate-semialdehyde_dehydrogenase	MGYP003583103598.pdb.gz	MGYP003583103598.pdb.gz	3.857E-43	1.000	1672	9	475	527	23	482	487	474	0.886	0.945
LOKIASV2_4403_ESMFold_NAD-dependent_succinate-semialdehyde_dehydrogenase	MGYP003304631512.pdb.gz	MGYP003304631512.pdb.gz	3.354E-44	1.000	1670	9	493	527	17	501	512	495	0.920	0.947
LOKIASV2_4403_ESMFold_NAD-dependent_succinate-semialdehyde_dehydrogenase	MGYP001627938962.pdb.gz	MGYP001627938962.pdb.gz	1.581E-42	1.000	1669	12	477	527	3	458	458	468	0.884	0.996
LOKIASV2_4403_ESMFold_NAD-dependent_succinate-semialdehyde_dehydrogenase	MGYP000264558464.pdb.gz	MGYP000264558464.pdb.gz	1.273E-42	1.000	1669	9	481	527	8	473	475	478	0.898	0.981
LOKIASV2_4403_ESMFold_NAD-dependent_succinate-semialdehyde_dehydrogenase	MGYP003365649994.pdb.gz	MGYP003365649994.pdb.gz	3.202E-42	1.000	1668	13	478	527	64	522	528	470	0.884	0.869
LOKIASV2_4403_ESMFold_NAD-dependent_succinate-semialdehyde_dehydrogenase	MGYP000026490826.pdb.gz	MGYP000026490826.pdb.gz	8.705E-43	1.000	1667	13	476	527	20	483	485	472	0.880	0.957
LOKIASV2_4403_ESMFold_NAD-dependent_succinate-semialdehyde_dehydrogenase	MGYP003542313984.pdb.gz	MGYP003542313984.pdb.gz	5.341E-43	1.000	1666	9	477	527	16	481	481	479	0.890	0.969
LOKIASV2_4403_ESMFold_NAD-dependent_succinate-semialdehyde_dehydrogenase	MGYP001365425558.pdb.gz	MGYP001365425558.pdb.gz	3.739E-44	1.000	1665	9	472	527	24	478	480	471	0.880	0.948
LOKIASV2_4403_ESMFold_NAD-dependent_succinate-semialdehyde_dehydrogenase	MGYP001432893098.pdb.gz	MGYP001432893098.pdb.gz	7.006E-43	1.000	1665	11	475	527	29	484	485	470	0.882	0.940
LOKIASV2_4403_ESMFold_NAD-dependent_succinate-semialdehyde_dehydrogenase	MGYP001343951584.pdb.gz	MGYP001343951584.pdb.gz	8.705E-43	1.000	1663	15	474	527	2	452	453	463	0.873	0.996
LOKIASV2_4403_ESMFold_NAD-dependent_succinate-semialdehyde_dehydrogenase	MGYP001446403262.pdb.gz	MGYP001446403262.pdb.gz	1.082E-42	1.000	1663	9	481	527	34	499	502	476	0.898	0.928
LOKIASV2_4403_ESMFold_NAD-dependent_succinate-semialdehyde_dehydrogenase	MGYP001627189693.pdb.gz	MGYP001627189693.pdb.gz	6.792E-44	1.000	1662	9	491	527	16	499	502	498	0.917	0.964
LOKIASV2_4403_ESMFold_NAD-dependent_succinate-semialdehyde_dehydrogenase	MGYP000326896333.pdb.gz	MGYP000326896333.pdb.gz	5.059E-43	1.000	1661	13	477	527	4	455	455	470	0.882	0.993
LOKIASV2_4403_ESMFold_NAD-dependent_succinate-semialdehyde_dehydrogenase	MGYP002621131056.pdb.gz	MGYP002621131056.pdb.gz	9.931E-44	1.000	1661	13	477	527	23	482	482	477	0.882	0.954
LOKIASV2_4403_ESMFold_NAD-dependent_succinate-semialdehyde_dehydrogenase	MGYP000268294221.pdb.gz	MGYP000268294221.pdb.gz	2.721E-42	1.000	1661	9	481	527	17	488	499	479	0.898	0.946
LOKIASV2_4403_ESMFold_NAD-dependent_succinate-semialdehyde_dehydrogenase	MGYP003113776885.pdb.gz	MGYP003113776885.pdb.gz	2.498E-43	1.000	1660	1	477	527	3	474	474	482	0.905	0.996
LOKIASV2_4403_ESMFold_NAD-dependent_succinate-semialdehyde_dehydrogenase	MGYP000560214705.pdb.gz	MGYP000560214705.pdb.gz	3.104E-43	1.000	1659	13	477	527	36	494	494	473	0.882	0.929
LOKIASV2_4403_ESMFold_NAD-dependent_succinate-semialdehyde_dehydrogenase	MGYP003344088887.pdb.gz	MGYP003344088887.pdb.gz	4.792E-43	1.000	1659	13	478	527	32	493	496	476	0.884	0.931
LOKIASV2_4403_ESMFold_NAD-dependent_succinate-semialdehyde_dehydrogenase	MGYP003582321605.pdb.gz	MGYP003582321605.pdb.gz	8.245E-43	1.000	1657	13	475	527	21	477	478	470	0.879	0.956
LOKIASV2_4403_ESMFold_NAD-dependent_succinate-semialdehyde_dehydrogenase	MGYP001794643387.pdb.gz	MGYP001794643387.pdb.gz	1.142E-42	1.000	1654	9	481	527	56	528	531	484	0.898	0.891
LOKIASV2_4403_ESMFold_NAD-dependent_succinate-semialdehyde_dehydrogenase	MGYP000874505091.pdb.gz	MGYP000874505091.pdb.gz	4.200E-42	1.000	1652	11	475	527	15	476	477	470	0.882	0.969
LOKIASV2_4403_ESMFold_NAD-dependent_succinate-semialdehyde_dehydrogenase	MGYP001348963314.pdb.gz	MGYP001348963314.pdb.gz	9.190E-43	1.000	1652	9	474	527	21	476	477	470	0.884	0.956
LOKIASV2_4403_ESMFold_NAD-dependent_succinate-semialdehyde_dehydrogenase	MGYP001984072538.pdb.gz	MGYP001984072538.pdb.gz	1.763E-42	1.000	1652	13	491	527	37	505	505	483	0.909	0.929
LOKIASV2_4403_ESMFold_NAD-dependent_succinate-semialdehyde_dehydrogenase	MGYP003945540133.pdb.gz	MGYP003945540133.pdb.gz	1.082E-42	1.000	1652	8	481	527	30	499	509	480	0.899	0.923
LOKIASV2_4403_ESMFold_NAD-dependent_succinate-semialdehyde_dehydrogenase	MGYP001627795597.pdb.gz	MGYP001627795597.pdb.gz	4.539E-43	1.000	1651	9	481	527	18	480	483	477	0.898	0.959
LOKIASV2_4403_ESMFold_NAD-dependent_succinate-semialdehyde_dehydrogenase	MGYP002621522762.pdb.gz	MGYP002621522762.pdb.gz	2.441E-42	1.000	1650	9	481	527	32	505	512	482	0.898	0.926
LOKIASV2_4403_ESMFold_NAD-dependent_succinate-semialdehyde_dehydrogenase	MGYP001156148107.pdb.gz	MGYP001156148107.pdb.gz	1.763E-42	1.000	1649	9	477	527	15	474	474	472	0.890	0.970
LOKIASV2_4403_ESMFold_NAD-dependent_succinate-semialdehyde_dehydrogenase	MGYP001248645129.pdb.gz	MGYP001248645129.pdb.gz	1.709E-43	1.000	1649	9	479	527	16	475	475	478	0.894	0.968
LOKIASV2_4403_ESMFold_NAD-dependent_succinate-semialdehyde_dehydrogenase	MGYP000907963658.pdb.gz	MGYP000907963658.pdb.gz	8.245E-43	1.000	1649	13	481	527	43	520	525	489	0.890	0.910
LOKIASV2_4403_ESMFold_NAD-dependent_succinate-semialdehyde_dehydrogenase	MGYP003342212444.pdb.gz	MGYP003342212444.pdb.gz	1.082E-42	1.000	1646	13	474	527	26	481	483	469	0.877	0.944
LOKIASV2_4403_ESMFold_NAD-dependent_succinate-semialdehyde_dehydrogenase	MGYP001390962890.pdb.gz	MGYP001390962890.pdb.gz	1.763E-42	1.000	1646	13	484	527	26	495	497	483	0.896	0.946
LOKIASV2_4403_ESMFold_NAD-dependent_succinate-semialdehyde_dehydrogenase	MGYP002639479327.pdb.gz	MGYP002639479327.pdb.gz	1.545E-41	1.000	1645	13	476	527	3	453	453	466	0.880	0.996
LOKIASV2_4403_ESMFold_NAD-dependent_succinate-semialdehyde_dehydrogenase	MGYP000701345078.pdb.gz	MGYP000701345078.pdb.gz	3.768E-42	1.000	1645	9	481	527	26	494	501	477	0.898	0.936
LOKIASV2_4403_ESMFold_NAD-dependent_succinate-semialdehyde_dehydrogenase	MGYP001068845878.pdb.gz	MGYP001068845878.pdb.gz	7.630E-42	1.000	1644	13	478	527	3	462	462	474	0.884	0.996
LOKIASV2_4403_ESMFold_NAD-dependent_succinate-semialdehyde_dehydrogenase	MGYP000073664026.pdb.gz	MGYP000073664026.pdb.gz	2.441E-42	1.000	1644	9	477	527	1	464	465	477	0.890	0.998
LOKIASV2_4403_ESMFold_NAD-dependent_succinate-semialdehyde_dehydrogenase	MGYP001488063645.pdb.gz	MGYP001488063645.pdb.gz	6.636E-43	1.000	1644	9	476	527	15	473	473	472	0.888	0.970
LOKIASV2_4403_ESMFold_NAD-dependent_succinate-semialdehyde_dehydrogenase	MGYP000412513445.pdb.gz	MGYP000412513445.pdb.gz	4.072E-43	1.000	1644	9	474	527	19	475	476	473	0.884	0.960
LOKIASV2_4403_ESMFold_NAD-dependent_succinate-semialdehyde_dehydrogenase	MGYP002760438903.pdb.gz	MGYP002760438903.pdb.gz	3.381E-42	1.000	1644	13	481	527	26	484	484	474	0.890	0.948
LOKIASV2_4403_ESMFold_NAD-dependent_succinate-semialdehyde_dehydrogenase	MGYP001571878617.pdb.gz	MGYP001571878617.pdb.gz	1.107E-43	1.000	1644	13	491	527	56	530	532	492	0.909	0.893
LOKIASV2_4403_ESMFold_NAD-dependent_succinate-semialdehyde_dehydrogenase	MGYP001495056870.pdb.gz	MGYP001495056870.pdb.gz	1.545E-41	1.000	1643	38	475	527	2	431	433	440	0.831	0.993
LOKIASV2_4403_ESMFold_NAD-dependent_succinate-semialdehyde_dehydrogenase	MGYP002654322941.pdb.gz	MGYP002654322941.pdb.gz	3.460E-43	1.000	1643	13	481	527	28	489	489	477	0.890	0.945
LOKIASV2_4403_ESMFold_NAD-dependent_succinate-semialdehyde_dehydrogenase	MGYP001058085167.pdb.gz	MGYP001058085167.pdb.gz	1.670E-42	1.000	1642	9	480	527	26	494	502	480	0.896	0.934
LOKIASV2_4403_ESMFold_NAD-dependent_succinate-semialdehyde_dehydrogenase	MGYP000909581058.pdb.gz	MGYP000909581058.pdb.gz	4.682E-42	1.000	1640	15	476	527	2	452	452	467	0.877	0.998
LOKIASV2_4403_ESMFold_NAD-dependent_succinate-semialdehyde_dehydrogenase	MGYP002714021231.pdb.gz	MGYP002714021231.pdb.gz	2.074E-42	1.000	1639	13	477	527	3	460	460	473	0.882	0.996
LOKIASV2_4403_ESMFold_NAD-dependent_succinate-semialdehyde_dehydrogenase	MGYP000898497352.pdb.gz	MGYP000898497352.pdb.gz	1.313E-41	1.000	1638	13	475	527	2	454	457	467	0.879	0.991
LOKIASV2_4403_ESMFold_NAD-dependent_succinate-semialdehyde_dehydrogenase	MGYP001272238246.pdb.gz	MGYP001272238246.pdb.gz	1.818E-41	1.000	1637	12	474	527	2	456	457	466	0.879	0.996
LOKIASV2_4403_ESMFold_NAD-dependent_succinate-semialdehyde_dehydrogenase	MGYP000438511991.pdb.gz	MGYP000438511991.pdb.gz	7.809E-43	1.000	1637	9	481	527	15	482	482	479	0.898	0.971
LOKIASV2_4403_ESMFold_NAD-dependent_succinate-semialdehyde_dehydrogenase	MGYP001620181180.pdb.gz	MGYP001620181180.pdb.gz	9.703E-43	1.000	1635	10	491	527	17	489	498	487	0.915	0.950
LOKIASV2_4403_ESMFold_NAD-dependent_succinate-semialdehyde_dehydrogenase	MGYP001600689894.pdb.gz	MGYP001600689894.pdb.gz	5.510E-42	1.000	1633	13	477	527	28	484	484	471	0.882	0.944
LOKIASV2_4403_ESMFold_NAD-dependent_succinate-semialdehyde_dehydrogenase	MGYP000134254604.pdb.gz	MGYP000134254604.pdb.gz	2.873E-42	1.000	1633	11	481	527	41	506	509	477	0.894	0.916
LOKIASV2_4403_ESMFold_NAD-dependent_succinate-semialdehyde_dehydrogenase	MGYP000385041471.pdb.gz	MGYP000385041471.pdb.gz	6.484E-42	1.000	1631	13	474	527	21	475	477	469	0.877	0.954
LOKIASV2_4403_ESMFold_NAD-dependent_succinate-semialdehyde_dehydrogenase	MGYP000750539288.pdb.gz	MGYP000750539288.pdb.gz	2.123E-43	1.000	1631	13	477	527	25	487	488	481	0.882	0.949
LOKIASV2_4403_ESMFold_NAD-dependent_succinate-semialdehyde_dehydrogenase	MGYP000938484747.pdb.gz	MGYP000938484747.pdb.gz	3.277E-43	1.000	1631	13	481	527	37	498	506	476	0.890	0.913
LOKIASV2_4403_ESMFold_NAD-dependent_succinate-semialdehyde_dehydrogenase	MGYP003772250691.pdb.gz	MGYP003772250691.pdb.gz	6.141E-42	1.000	1627	9	477	527	21	481	481	471	0.890	0.958
LOKIASV2_4403_ESMFold_NAD-dependent_succinate-semialdehyde_dehydrogenase	MGYP001381485573.pdb.gz	MGYP001381485573.pdb.gz	8.056E-42	1.000	1625	9	474	527	39	500	502	473	0.884	0.920
LOKIASV2_4403_ESMFold_NAD-dependent_succinate-semialdehyde_dehydrogenase	MGYP002712966419.pdb.gz	MGYP002712966419.pdb.gz	6.000E-41	1.000	1624	14	474	527	2	452	454	462	0.875	0.993
LOKIASV2_4403_ESMFold_NAD-dependent_succinate-semialdehyde_dehydrogenase	MGYP001122160890.pdb.gz	MGYP001122160890.pdb.gz	9.703E-43	1.000	1624	9	476	527	2	460	460	476	0.888	0.998
LOKIASV2_4403_ESMFold_NAD-dependent_succinate-semialdehyde_dehydrogenase	MGYP000579423238.pdb.gz	MGYP000579423238.pdb.gz	1.001E-41	1.000	1624	12	477	527	3	462	463	472	0.884	0.994
LOKIASV2_4403_ESMFold_NAD-dependent_succinate-semialdehyde_dehydrogenase	MGYP000867449000.pdb.gz	MGYP000867449000.pdb.gz	2.638E-43	1.000	1624	12	472	527	20	474	476	476	0.875	0.956
LOKIASV2_4403_ESMFold_NAD-dependent_succinate-semialdehyde_dehydrogenase	MGYP001586012119.pdb.gz	MGYP001586012119.pdb.gz	1.386E-41	1.000	1622	13	474	527	12	460	461	463	0.877	0.974
LOKIASV2_4403_ESMFold_NAD-dependent_succinate-semialdehyde_dehydrogenase	MGYP001545871137.pdb.gz	MGYP001545871137.pdb.gz	3.569E-42	1.000	1622	9	475	527	16	477	479	474	0.886	0.965
LOKIASV2_4403_ESMFold_NAD-dependent_succinate-semialdehyde_dehydrogenase	MGYP001063354764.pdb.gz	MGYP001063354764.pdb.gz	9.703E-43	1.000	1621	9	472	527	17	470	472	469	0.880	0.962
LOKIASV2_4403_ESMFold_NAD-dependent_succinate-semialdehyde_dehydrogenase	MGYP001795099928.pdb.gz	MGYP001795099928.pdb.gz	1.344E-42	1.000	1621	11	476	527	31	485	485	472	0.884	0.938
LOKIASV2_4403_ESMFold_NAD-dependent_succinate-semialdehyde_dehydrogenase	MGYP002524630770.pdb.gz	MGYP002524630770.pdb.gz	1.344E-42	1.000	1620	13	470	527	17	464	465	465	0.869	0.963
LOKIASV2_4403_ESMFold_NAD-dependent_succinate-semialdehyde_dehydrogenase	MGYP001117440595.pdb.gz	MGYP001117440595.pdb.gz	4.539E-43	1.000	1618	9	477	527	15	474	474	477	0.890	0.970
LOKIASV2_4403_ESMFold_NAD-dependent_succinate-semialdehyde_dehydrogenase	MGYP001578123135.pdb.gz	MGYP001578123135.pdb.gz	2.190E-42	1.000	1618	9	482	527	20	492	496	485	0.899	0.954
LOKIASV2_4403_ESMFold_NAD-dependent_succinate-semialdehyde_dehydrogenase	MGYP001791183811.pdb.gz	MGYP001791183811.pdb.gz	2.027E-41	1.000	1618	11	477	527	35	498	499	473	0.886	0.930
LOKIASV2_4403_ESMFold_NAD-dependent_succinate-semialdehyde_dehydrogenase	MGYP001247328389.pdb.gz	MGYP001247328389.pdb.gz	8.979E-42	1.000	1617	13	475	527	2	456	466	463	0.879	0.976
LOKIASV2_4403_ESMFold_NAD-dependent_succinate-semialdehyde_dehydrogenase	MGYP000910919532.pdb.gz	MGYP000910919532.pdb.gz	4.682E-42	1.000	1616	9	477	527	21	482	482	474	0.890	0.959
LOKIASV2_4403_ESMFold_NAD-dependent_succinate-semialdehyde_dehydrogenase	MGYP001140126165.pdb.gz	MGYP001140126165.pdb.gz	8.979E-42	1.000	1615	8	478	527	2	465	465	480	0.894	0.998
LOKIASV2_4403_ESMFold_NAD-dependent_succinate-semialdehyde_dehydrogenase	MGYP000182350370.pdb.gz	MGYP000182350370.pdb.gz	1.498E-42	1.000	1614	9	475	527	32	490	501	480	0.886	0.916
LOKIASV2_4403_ESMFold_NAD-dependent_succinate-semialdehyde_dehydrogenase	MGYP001320275718.pdb.gz	MGYP001320275718.pdb.gz	2.721E-42	1.000	1614	9	478	527	21	491	502	484	0.892	0.938
LOKIASV2_4403_ESMFold_NAD-dependent_succinate-semialdehyde_dehydrogenase	MGYP001416835677.pdb.gz	MGYP001416835677.pdb.gz	1.032E-40	1.000	1612	12	476	527	3	458	458	468	0.882	0.996
LOKIASV2_4403_ESMFold_NAD-dependent_succinate-semialdehyde_dehydrogenase	MGYP003336420980.pdb.gz	MGYP003336420980.pdb.gz	4.943E-42	1.000	1609	38	503	527	10	460	463	468	0.884	0.974
LOKIASV2_4403_ESMFold_NAD-dependent_succinate-semialdehyde_dehydrogenase	MGYP000654531023.pdb.gz	MGYP000654531023.pdb.gz	1.463E-41	1.000	1609	13	475	527	20	478	479	469	0.879	0.958
LOKIASV2_4403_ESMFold_NAD-dependent_succinate-semialdehyde_dehydrogenase	MGYP001207586657.pdb.gz	MGYP001207586657.pdb.gz	4.434E-42	1.000	1606	9	477	527	17	477	477	475	0.890	0.966
LOKIASV2_4403_ESMFold_NAD-dependent_succinate-semialdehyde_dehydrogenase	MGYP000710496018.pdb.gz	MGYP000710496018.pdb.gz	3.978E-42	1.000	1606	12	475	527	37	495	496	474	0.880	0.925
LOKIASV2_4403_ESMFold_NAD-dependent_succinate-semialdehyde_dehydrogenase	MGYP001560247705.pdb.gz	MGYP001560247705.pdb.gz	2.140E-41	1.000	1606	9	477	527	32	497	498	476	0.890	0.936
LOKIASV2_4403_ESMFold_NAD-dependent_succinate-semialdehyde_dehydrogenase	MGYP003298028431.pdb.gz	MGYP003298028431.pdb.gz	1.178E-41	1.000	1603	13	477	527	25	479	480	469	0.882	0.948
LOKIASV2_4403_ESMFold_NAD-dependent_succinate-semialdehyde_dehydrogenase	MGYP000092847231.pdb.gz	MGYP000092847231.pdb.gz	5.639E-43	1.000	1602	9	476	527	5	468	472	481	0.888	0.983
LOKIASV2_4403_ESMFold_NAD-dependent_succinate-semialdehyde_dehydrogenase	MGYP001105316550.pdb.gz	MGYP001105316550.pdb.gz	1.670E-42	1.000	1602	9	477	527	19	482	483	478	0.890	0.961
LOKIASV2_4403_ESMFold_NAD-dependent_succinate-semialdehyde_dehydrogenase	MGYP001186438559.pdb.gz	MGYP001186438559.pdb.gz	3.381E-42	1.000	1601	9	475	527	33	494	499	479	0.886	0.926
LOKIASV2_4403_ESMFold_NAD-dependent_succinate-semialdehyde_dehydrogenase	MGYP000538769831.pdb.gz	MGYP000538769831.pdb.gz	1.463E-41	1.000	1600	53	503	527	2	440	444	453	0.856	0.989
LOKIASV2_4403_ESMFold_NAD-dependent_succinate-semialdehyde_dehydrogenase	MGYP001366506159.pdb.gz	MGYP001366506159.pdb.gz	9.480E-42	1.000	1600	13	484	527	32	499	502	479	0.896	0.932
LOKIASV2_4403_ESMFold_NAD-dependent_succinate-semialdehyde_dehydrogenase	MGYP000941016724.pdb.gz	MGYP000941016724.pdb.gz	1.386E-41	1.000	1599	9	475	527	16	477	478	474	0.886	0.967
LOKIASV2_4403_ESMFold_NAD-dependent_succinate-semialdehyde_dehydrogenase	MGYP000017845781.pdb.gz	MGYP000017845781.pdb.gz	2.807E-41	1.000	1599	9	481	527	16	478	481	477	0.898	0.963
LOKIASV2_4403_ESMFold_NAD-dependent_succinate-semialdehyde_dehydrogenase	MGYP003365336194.pdb.gz	MGYP003365336194.pdb.gz	1.965E-42	1.000	1598	11	474	527	19	471	471	471	0.880	0.962
LOKIASV2_4403_ESMFold_NAD-dependent_succinate-semialdehyde_dehydrogenase	MGYP000968433774.pdb.gz	MGYP000968433774.pdb.gz	3.381E-42	1.000	1598	13	483	527	13	477	481	478	0.894	0.967
LOKIASV2_4403_ESMFold_NAD-dependent_succinate-semialdehyde_dehydrogenase	MGYP002719474513.pdb.gz	MGYP002719474513.pdb.gz	1.206E-42	1.000	1597	14	487	527	11	478	484	481	0.899	0.967
LOKIASV2_4403_ESMFold_NAD-dependent_succinate-semialdehyde_dehydrogenase	MGYP001227000221.pdb.gz	MGYP001227000221.pdb.gz	2.658E-41	1.000	1596	13	474	527	2	454	455	465	0.877	0.996
LOKIASV2_4403_ESMFold_NAD-dependent_succinate-semialdehyde_dehydrogenase	MGYP000870930928.pdb.gz	MGYP000870930928.pdb.gz	2.963E-41	1.000	1596	11	475	527	16	472	473	469	0.882	0.966
LOKIASV2_4403_ESMFold_NAD-dependent_succinate-semialdehyde_dehydrogenase	MGYP001495980522.pdb.gz	MGYP001495980522.pdb.gz	1.313E-41	1.000	1596	12	475	527	26	482	484	471	0.880	0.944
LOKIASV2_4403_ESMFold_NAD-dependent_succinate-semialdehyde_dehydrogenase	MGYP001409390107.pdb.gz	MGYP001409390107.pdb.gz	2.190E-42	1.000	1596	8	490	527	24	507	507	498	0.917	0.955
LOKIASV2_4403_ESMFold_NAD-dependent_succinate-semialdehyde_dehydrogenase	MGYP003626550019.pdb.gz	MGYP003626550019.pdb.gz	1.142E-42	1.000	1593	12	488	527	19	492	493	493	0.905	0.961
LOKIASV2_4403_ESMFold_NAD-dependent_succinate-semialdehyde_dehydrogenase	MGYP002757083577.pdb.gz	MGYP002757083577.pdb.gz	4.682E-42	1.000	1592	12	474	527	48	505	507	473	0.879	0.903
LOKIASV2_4403_ESMFold_NAD-dependent_succinate-semialdehyde_dehydrogenase	MGYP001288755024.pdb.gz	MGYP001288755024.pdb.gz	4.333E-41	1.000	1591	13	479	527	3	461	461	470	0.886	0.996
LOKIASV2_4403_ESMFold_NAD-dependent_succinate-semialdehyde_dehydrogenase	MGYP002623275948.pdb.gz	MGYP002623275948.pdb.gz	2.027E-41	1.000	1591	13	475	527	20	479	480	469	0.879	0.958
LOKIASV2_4403_ESMFold_NAD-dependent_succinate-semialdehyde_dehydrogenase	MGYP003584817684.pdb.gz	MGYP003584817684.pdb.gz	1.244E-41	1.000	1591	13	475	527	37	495	498	473	0.879	0.922
LOKIASV2_4403_ESMFold_NAD-dependent_succinate-semialdehyde_dehydrogenase	MGYP000719320283.pdb.gz	MGYP000719320283.pdb.gz	4.104E-41	1.000	1590	9	477	527	45	508	508	475	0.890	0.913
LOKIASV2_4403_ESMFold_NAD-dependent_succinate-semialdehyde_dehydrogenase	MGYP002629210758.pdb.gz	MGYP002629210758.pdb.gz	1.861E-42	1.000	1589	9	474	527	17	471	471	479	0.884	0.966
LOKIASV2_4403_ESMFold_NAD-dependent_succinate-semialdehyde_dehydrogenase	MGYP000719839793.pdb.gz	MGYP000719839793.pdb.gz	1.001E-41	1.000	1589	9	474	527	13	477	479	475	0.884	0.971
LOKIASV2_4403_ESMFold_NAD-dependent_succinate-semialdehyde_dehydrogenase	MGYP002629417971.pdb.gz	MGYP002629417971.pdb.gz	5.383E-41	1.000	1589	13	474	527	20	479	481	469	0.877	0.956
LOKIASV2_4403_ESMFold_NAD-dependent_succinate-semialdehyde_dehydrogenase	MGYP000718167672.pdb.gz	MGYP000718167672.pdb.gz	5.383E-41	1.000	1588	8	477	527	19	484	484	475	0.892	0.963
LOKIASV2_4403_ESMFold_NAD-dependent_succinate-semialdehyde_dehydrogenase	MGYP001450951083.pdb.gz	MGYP001450951083.pdb.gz	2.330E-40	1.000	1587	40	486	527	2	443	444	453	0.848	0.995
LOKIASV2_4403_ESMFold_NAD-dependent_succinate-semialdehyde_dehydrogenase	MGYP001226904595.pdb.gz	MGYP001226904595.pdb.gz	1.386E-41	1.000	1587	9	475	527	13	474	477	475	0.886	0.969
LOKIASV2_4403_ESMFold_NAD-dependent_succinate-semialdehyde_dehydrogenase	MGYP000943533255.pdb.gz	MGYP000943533255.pdb.gz	3.487E-41	1.000	1587	13	475	527	26	481	482	471	0.879	0.946
LOKIASV2_4403_ESMFold_NAD-dependent_succinate-semialdehyde_dehydrogenase	MGYP001099496863.pdb.gz	MGYP001099496863.pdb.gz	5.219E-42	1.000	1585	13	474	527	43	498	498	471	0.877	0.916
LOKIASV2_4403_ESMFold_NAD-dependent_succinate-semialdehyde_dehydrogenase	MGYP001473464193.pdb.gz	MGYP001473464193.pdb.gz	4.829E-41	1.000	1585	13	474	527	45	509	511	473	0.877	0.910
LOKIASV2_4403_ESMFold_NAD-dependent_succinate-semialdehyde_dehydrogenase	MGYP002759333877.pdb.gz	MGYP002759333877.pdb.gz	4.829E-41	1.000	1585	13	480	527	45	514	518	481	0.888	0.907
LOKIASV2_4403_ESMFold_NAD-dependent_succinate-semialdehyde_dehydrogenase	MGYP000123048910.pdb.gz	MGYP000123048910.pdb.gz	3.487E-41	1.000	1584	13	477	527	13	463	464	468	0.882	0.972
LOKIASV2_4403_ESMFold_NAD-dependent_succinate-semialdehyde_dehydrogenase	MGYP001347602307.pdb.gz	MGYP001347602307.pdb.gz	1.354E-40	1.000	1584	13	481	527	21	483	490	473	0.890	0.945
LOKIASV2_4403_ESMFold_NAD-dependent_succinate-semialdehyde_dehydrogenase	MGYP001491825527.pdb.gz	MGYP001491825527.pdb.gz	3.768E-42	1.000	1584	13	478	527	29	495	497	476	0.884	0.940
LOKIASV2_4403_ESMFold_NAD-dependent_succinate-semialdehyde_dehydrogenase	MGYP000398648442.pdb.gz	MGYP000398648442.pdb.gz	3.978E-42	1.000	1584	9	491	527	19	507	508	498	0.917	0.963
LOKIASV2_4403_ESMFold_NAD-dependent_succinate-semialdehyde_dehydrogenase	MGYP000987275562.pdb.gz	MGYP000987275562.pdb.gz	1.763E-42	1.000	1583	12	475	527	20	472	472	472	0.880	0.960
LOKIASV2_4403_ESMFold_NAD-dependent_succinate-semialdehyde_dehydrogenase	MGYP000306539456.pdb.gz	MGYP000306539456.pdb.gz	4.829E-41	1.000	1582	9	472	527	17	474	474	472	0.880	0.966
LOKIASV2_4403_ESMFold_NAD-dependent_succinate-semialdehyde_dehydrogenase	MGYP001809741712.pdb.gz	MGYP001809741712.pdb.gz	1.151E-40	1.000	1582	11	475	527	16	477	478	472	0.882	0.967
LOKIASV2_4403_ESMFold_NAD-dependent_succinate-semialdehyde_dehydrogenase	MGYP003386444464.pdb.gz	MGYP003386444464.pdb.gz	1.178E-41	1.000	1581	9	481	527	19	496	499	489	0.898	0.958
LOKIASV2_4403_ESMFold_NAD-dependent_succinate-semialdehyde_dehydrogenase	MGYP001418072920.pdb.gz	MGYP001418072920.pdb.gz	2.259E-41	1.000	1577	9	475	527	19	481	484	474	0.886	0.957
LOKIASV2_4403_ESMFold_NAD-dependent_succinate-semialdehyde_dehydrogenase	MGYP001466926688.pdb.gz	MGYP001466926688.pdb.gz	2.027E-41	1.000	1576	9	474	527	35	497	499	475	0.884	0.928
LOKIASV2_4403_ESMFold_NAD-dependent_succinate-semialdehyde_dehydrogenase	MGYP001057817860.pdb.gz	MGYP001057817860.pdb.gz	9.262E-41	1.000	1575	13	477	527	4	462	463	470	0.882	0.991
LOKIASV2_4403_ESMFold_NAD-dependent_succinate-semialdehyde_dehydrogenase	MGYP003571144035.pdb.gz	MGYP003571144035.pdb.gz	1.032E-40	1.000	1574	13	475	527	69	531	532	474	0.879	0.870
LOKIASV2_4403_ESMFold_NAD-dependent_succinate-semialdehyde_dehydrogenase	MGYP000919702370.pdb.gz	MGYP000919702370.pdb.gz	1.722E-41	1.000	1573	13	477	527	26	485	485	473	0.882	0.948
LOKIASV2_4403_ESMFold_NAD-dependent_succinate-semialdehyde_dehydrogenase	MGYP003325709488.pdb.gz	MGYP003325709488.pdb.gz	1.498E-42	1.000	1573	9	491	527	24	500	509	499	0.917	0.937
LOKIASV2_4403_ESMFold_NAD-dependent_succinate-semialdehyde_dehydrogenase	MGYP000665571051.pdb.gz	MGYP000665571051.pdb.gz	1.313E-41	1.000	1572	12	481	527	19	483	490	479	0.892	0.949
LOKIASV2_4403_ESMFold_NAD-dependent_succinate-semialdehyde_dehydrogenase	MGYP001371877160.pdb.gz	MGYP001371877160.pdb.gz	2.658E-41	1.000	1572	7	477	527	36	497	497	477	0.894	0.930
LOKIASV2_4403_ESMFold_NAD-dependent_succinate-semialdehyde_dehydrogenase	MGYP000629541407.pdb.gz	MGYP000629541407.pdb.gz	6.141E-42	1.000	1571	39	516	527	7	480	481	486	0.907	0.985
LOKIASV2_4403_ESMFold_NAD-dependent_succinate-semialdehyde_dehydrogenase	MGYP000042967574.pdb.gz	MGYP000042967574.pdb.gz	1.722E-41	1.000	1571	13	491	527	23	495	495	487	0.909	0.956
LOKIASV2_4403_ESMFold_NAD-dependent_succinate-semialdehyde_dehydrogenase	MGYP003337570954.pdb.gz	MGYP003337570954.pdb.gz	1.386E-41	1.000	1569	9	475	527	21	471	472	470	0.886	0.956
LOKIASV2_4403_ESMFold_NAD-dependent_succinate-semialdehyde_dehydrogenase	MGYP001365094487.pdb.gz	MGYP001365094487.pdb.gz	1.283E-40	1.000	1569	9	481	527	16	481	485	479	0.898	0.961
LOKIASV2_4403_ESMFold_NAD-dependent_succinate-semialdehyde_dehydrogenase	MGYP000929351228.pdb.gz	MGYP000929351228.pdb.gz	7.227E-42	1.000	1566	9	475	527	28	494	495	482	0.886	0.943
LOKIASV2_4403_ESMFold_NAD-dependent_succinate-semialdehyde_dehydrogenase	MGYP001420755564.pdb.gz	MGYP001420755564.pdb.gz	8.979E-42	1.000	1566	9	472	527	44	498	507	479	0.880	0.897
LOKIASV2_4403_ESMFold_NAD-dependent_succinate-semialdehyde_dehydrogenase	MGYP001667936016.pdb.gz	MGYP001667936016.pdb.gz	1.386E-41	1.000	1562	9	475	527	29	488	489	473	0.886	0.941
LOKIASV2_4403_ESMFold_NAD-dependent_succinate-semialdehyde_dehydrogenase	MGYP001530240956.pdb.gz	MGYP001530240956.pdb.gz	4.718E-40	1.000	1560	42	479	527	2	429	429	444	0.831	0.998
LOKIASV2_4403_ESMFold_NAD-dependent_succinate-semialdehyde_dehydrogenase	MGYP000909920521.pdb.gz	MGYP000909920521.pdb.gz	2.742E-40	1.000	1560	9	480	527	17	475	475	473	0.896	0.966
LOKIASV2_4403_ESMFold_NAD-dependent_succinate-semialdehyde_dehydrogenase	MGYP001311053776.pdb.gz	MGYP001311053776.pdb.gz	3.227E-40	1.000	1559	9	481	527	21	486	488	478	0.898	0.955
LOKIASV2_4403_ESMFold_NAD-dependent_succinate-semialdehyde_dehydrogenase	MGYP000081310634.pdb.gz	MGYP000081310634.pdb.gz	9.262E-41	1.000	1559	13	475	527	54	519	520	477	0.879	0.896
LOKIASV2_4403_ESMFold_NAD-dependent_succinate-semialdehyde_dehydrogenase	MGYP003324925076.pdb.gz	MGYP003324925076.pdb.gz	1.876E-40	1.000	1554	12	476	527	21	477	477	473	0.882	0.958
LOKIASV2_4403_ESMFold_NAD-dependent_succinate-semialdehyde_dehydrogenase	MGYP000128899050.pdb.gz	MGYP000128899050.pdb.gz	2.330E-40	1.000	1554	13	477	527	34	491	492	471	0.882	0.931
LOKIASV2_4403_ESMFold_NAD-dependent_succinate-semialdehyde_dehydrogenase	MGYP001343409807.pdb.gz	MGYP001343409807.pdb.gz	5.259E-40	1.000	1553	11	480	527	24	490	490	477	0.892	0.953
LOKIASV2_4403_ESMFold_NAD-dependent_succinate-semialdehyde_dehydrogenase	MGYP001072591740.pdb.gz	MGYP001072591740.pdb.gz	4.829E-41	1.000	1553	13	481	527	88	556	559	485	0.890	0.839
LOKIASV2_4403_ESMFold_NAD-dependent_succinate-semialdehyde_dehydrogenase	MGYP001417162662.pdb.gz	MGYP001417162662.pdb.gz	1.545E-41	1.000	1552	13	491	527	46	517	517	489	0.909	0.913
LOKIASV2_4403_ESMFold_NAD-dependent_succinate-semialdehyde_dehydrogenase	MGYP000339064917.pdb.gz	MGYP000339064917.pdb.gz	1.323E-39	1.000	1550	13	475	527	19	480	481	471	0.879	0.960
LOKIASV2_4403_ESMFold_NAD-dependent_succinate-semialdehyde_dehydrogenase	MGYP001077689073.pdb.gz	MGYP001077689073.pdb.gz	1.057E-41	1.000	1550	9	491	527	24	490	490	489	0.917	0.953
LOKIASV2_4403_ESMFold_NAD-dependent_succinate-semialdehyde_dehydrogenase	MGYP001279823006.pdb.gz	MGYP001279823006.pdb.gz	4.982E-40	1.000	1549	10	480	527	47	517	517	481	0.894	0.911
LOKIASV2_4403_ESMFold_NAD-dependent_succinate-semialdehyde_dehydrogenase	MGYP001758750414.pdb.gz	MGYP001758750414.pdb.gz	5.383E-41	1.000	1548	12	481	527	35	503	506	484	0.892	0.927
LOKIASV2_4403_ESMFold_NAD-dependent_succinate-semialdehyde_dehydrogenase	MGYP001371411695.pdb.gz	MGYP001371411695.pdb.gz	1.510E-40	1.000	1547	9	475	527	21	480	481	473	0.886	0.956
LOKIASV2_4403_ESMFold_NAD-dependent_succinate-semialdehyde_dehydrogenase	MGYP001821058620.pdb.gz	MGYP001821058620.pdb.gz	1.832E-39	1.000	1544	12	412	527	3	397	397	401	0.761	0.995
LOKIASV2_4403_ESMFold_NAD-dependent_succinate-semialdehyde_dehydrogenase	MGYP001036962802.pdb.gz	MGYP001036962802.pdb.gz	9.779E-41	1.000	1544	8	477	527	13	471	472	481	0.892	0.972
LOKIASV2_4403_ESMFold_NAD-dependent_succinate-semialdehyde_dehydrogenase	MGYP000141386256.pdb.gz	MGYP000141386256.pdb.gz	2.460E-40	1.000	1544	9	480	527	23	484	484	475	0.896	0.955
LOKIASV2_4403_ESMFold_NAD-dependent_succinate-semialdehyde_dehydrogenase	MGYP000365511272.pdb.gz	MGYP000365511272.pdb.gz	2.207E-40	1.000	1544	9	475	527	51	522	523	480	0.886	0.902
LOKIASV2_4403_ESMFold_NAD-dependent_succinate-semialdehyde_dehydrogenase	MGYP001549422417.pdb.gz	MGYP001549422417.pdb.gz	2.742E-40	1.000	1539	9	480	527	15	474	477	475	0.896	0.964
LOKIASV2_4403_ESMFold_NAD-dependent_succinate-semialdehyde_dehydrogenase	MGYP001489799575.pdb.gz	MGYP001489799575.pdb.gz	1.116E-41	1.000	1539	9	490	527	24	495	495	492	0.915	0.954
LOKIASV2_4403_ESMFold_NAD-dependent_succinate-semialdehyde_dehydrogenase	MGYP003337700820.pdb.gz	MGYP003337700820.pdb.gz	3.597E-40	1.000	1539	13	475	527	68	526	527	477	0.879	0.871
LOKIASV2_4403_ESMFold_NAD-dependent_succinate-semialdehyde_dehydrogenase	MGYP001002341869.pdb.gz	MGYP001002341869.pdb.gz	3.597E-40	1.000	1538	9	475	527	17	474	475	470	0.886	0.964
LOKIASV2_4403_ESMFold_NAD-dependent_succinate-semialdehyde_dehydrogenase	MGYP000526557088.pdb.gz	MGYP000526557088.pdb.gz	1.323E-39	1.000	1536	14	476	527	21	474	474	465	0.879	0.958
LOKIASV2_4403_ESMFold_NAD-dependent_succinate-semialdehyde_dehydrogenase	MGYP002628202812.pdb.gz	MGYP002628202812.pdb.gz	9.050E-40	1.000	1535	10	477	527	3	463	464	476	0.888	0.994
LOKIASV2_4403_ESMFold_NAD-dependent_succinate-semialdehyde_dehydrogenase	MGYP000205446166.pdb.gz	MGYP000205446166.pdb.gz	4.982E-40	1.000	1535	8	474	527	26	485	485	474	0.886	0.948
LOKIASV2_4403_ESMFold_NAD-dependent_succinate-semialdehyde_dehydrogenase	MGYP000158737996.pdb.gz	MGYP000158737996.pdb.gz	1.124E-39	1.000	1534	9	479	527	17	482	482	475	0.894	0.967
LOKIASV2_4403_ESMFold_NAD-dependent_succinate-semialdehyde_dehydrogenase	MGYP001396274174.pdb.gz	MGYP001396274174.pdb.gz	1.151E-40	1.000	1534	9	490	527	22	503	503	492	0.915	0.958
LOKIASV2_4403_ESMFold_NAD-dependent_succinate-semialdehyde_dehydrogenase	MGYP000482837391.pdb.gz	MGYP000482837391.pdb.gz	1.032E-40	1.000	1534	12	481	527	27	506	509	490	0.892	0.943
LOKIASV2_4403_ESMFold_NAD-dependent_succinate-semialdehyde_dehydrogenase	MGYP001627217046.pdb.gz	MGYP001627217046.pdb.gz	5.259E-40	1.000	1532	13	474	527	19	476	478	474	0.877	0.958
LOKIASV2_4403_ESMFold_NAD-dependent_succinate-semialdehyde_dehydrogenase	MGYP000334595339.pdb.gz	MGYP000334595339.pdb.gz	1.557E-39	1.000	1532	9	475	527	51	519	520	478	0.886	0.902
LOKIASV2_4403_ESMFold_NAD-dependent_succinate-semialdehyde_dehydrogenase	MGYP000892859466.pdb.gz	MGYP000892859466.pdb.gz	2.460E-40	1.000	1531	50	479	527	1	421	421	435	0.816	1.000
LOKIASV2_4403_ESMFold_NAD-dependent_succinate-semialdehyde_dehydrogenase	MGYP000574668135.pdb.gz	MGYP000574668135.pdb.gz	9.779E-41	1.000	1531	9	480	527	24	489	489	481	0.896	0.953
LOKIASV2_4403_ESMFold_NAD-dependent_succinate-semialdehyde_dehydrogenase	MGYP001137361353.pdb.gz	MGYP001137361353.pdb.gz	4.469E-40	1.000	1529	9	481	527	14	481	481	476	0.898	0.973
LOKIASV2_4403_ESMFold_NAD-dependent_succinate-semialdehyde_dehydrogenase	MGYP001357783048.pdb.gz	MGYP001357783048.pdb.gz	6.534E-40	1.000	1529	9	468	527	26	482	482	467	0.873	0.948
LOKIASV2_4403_ESMFold_NAD-dependent_succinate-semialdehyde_dehydrogenase	MGYP001263282181.pdb.gz	MGYP001263282181.pdb.gz	1.644E-39	1.000	1529	9	474	527	16	484	486	477	0.884	0.965
LOKIASV2_4403_ESMFold_NAD-dependent_succinate-semialdehyde_dehydrogenase	MGYP003460582396.pdb.gz	MGYP003460582396.pdb.gz	4.982E-40	1.000	1528	9	475	527	13	475	480	475	0.886	0.965
LOKIASV2_4403_ESMFold_NAD-dependent_succinate-semialdehyde_dehydrogenase	MGYP001329289381.pdb.gz	MGYP001329289381.pdb.gz	4.718E-40	1.000	1528	12	484	527	22	492	495	483	0.898	0.952
LOKIASV2_4403_ESMFold_NAD-dependent_succinate-semialdehyde_dehydrogenase	MGYP001384625059.pdb.gz	MGYP001384625059.pdb.gz	1.722E-41	1.000	1527	9	491	527	22	494	505	496	0.917	0.937
LOKIASV2_4403_ESMFold_NAD-dependent_succinate-semialdehyde_dehydrogenase	MGYP003586269427.pdb.gz	MGYP003586269427.pdb.gz	9.262E-41	1.000	1523	9	476	527	55	529	529	488	0.888	0.898
LOKIASV2_4403_ESMFold_NAD-dependent_succinate-semialdehyde_dehydrogenase	MGYP003957828401.pdb.gz	MGYP003957828401.pdb.gz	1.644E-39	1.000	1522	52	474	527	2	418	418	428	0.803	0.998
LOKIASV2_4403_ESMFold_NAD-dependent_succinate-semialdehyde_dehydrogenase	MGYP002747726833.pdb.gz	MGYP002747726833.pdb.gz	4.574E-41	1.000	1521	9	480	527	13	481	481	486	0.896	0.975
LOKIASV2_4403_ESMFold_NAD-dependent_succinate-semialdehyde_dehydrogenase	MGYP000341496079.pdb.gz	MGYP000341496079.pdb.gz	2.597E-40	1.000	1518	9	481	527	19	485	492	484	0.898	0.949
LOKIASV2_4403_ESMFold_NAD-dependent_succinate-semialdehyde_dehydrogenase	MGYP003546692103.pdb.gz	MGYP003546692103.pdb.gz	9.779E-41	1.000	1516	9	481	527	22	484	486	484	0.898	0.953
LOKIASV2_4403_ESMFold_NAD-dependent_succinate-semialdehyde_dehydrogenase	MGYP001446791360.pdb.gz	MGYP001446791360.pdb.gz	1.832E-39	1.000	1516	13	470	527	50	491	491	462	0.869	0.900
LOKIASV2_4403_ESMFold_NAD-dependent_succinate-semialdehyde_dehydrogenase	MGYP001364620094.pdb.gz	MGYP001364620094.pdb.gz	3.917E-39	1.000	1514	9	475	527	15	479	495	474	0.886	0.939
LOKIASV2_4403_ESMFold_NAD-dependent_succinate-semialdehyde_dehydrogenase	MGYP000294128080.pdb.gz	MGYP000294128080.pdb.gz	2.538E-39	1.000	1513	11	483	527	22	485	490	476	0.898	0.947
LOKIASV2_4403_ESMFold_NAD-dependent_succinate-semialdehyde_dehydrogenase	MGYP003625655641.pdb.gz	MGYP003625655641.pdb.gz	5.862E-40	1.000	1512	15	483	527	2	466	476	475	0.890	0.977
LOKIASV2_4403_ESMFold_NAD-dependent_succinate-semialdehyde_dehydrogenase	MGYP001548192483.pdb.gz	MGYP001548192483.pdb.gz	7.284E-40	1.000	1509	9	479	527	13	483	483	482	0.894	0.975
LOKIASV2_4403_ESMFold_NAD-dependent_succinate-semialdehyde_dehydrogenase	MGYP000884358606.pdb.gz	MGYP000884358606.pdb.gz	1.644E-39	1.000	1506	13	474	527	2	453	454	467	0.877	0.996
LOKIASV2_4403_ESMFold_NAD-dependent_succinate-semialdehyde_dehydrogenase	MGYP001009949797.pdb.gz	MGYP001009949797.pdb.gz	1.323E-39	1.000	1505	8	481	527	37	512	521	485	0.899	0.914
LOKIASV2_4403_ESMFold_NAD-dependent_succinate-semialdehyde_dehydrogenase	MGYP003642742511.pdb.gz	MGYP003642742511.pdb.gz	7.690E-40	1.000	1504	13	481	527	25	492	495	483	0.890	0.945
LOKIASV2_4403_ESMFold_NAD-dependent_succinate-semialdehyde_dehydrogenase	MGYP000450652814.pdb.gz	MGYP000450652814.pdb.gz	1.475E-39	1.000	1501	13	491	527	25	494	496	485	0.909	0.948
LOKIASV2_4403_ESMFold_NAD-dependent_succinate-semialdehyde_dehydrogenase	MGYP001627398466.pdb.gz	MGYP001627398466.pdb.gz	2.986E-39	1.000	1495	9	479	527	1	466	466	477	0.894	1.000
LOKIASV2_4403_ESMFold_NAD-dependent_succinate-semialdehyde_dehydrogenase	MGYP001025092456.pdb.gz	MGYP001025092456.pdb.gz	2.986E-39	1.000	1494	9	476	527	18	482	482	476	0.888	0.965
LOKIASV2_4403_ESMFold_NAD-dependent_succinate-semialdehyde_dehydrogenase	MGYP003365695316.pdb.gz	MGYP003365695316.pdb.gz	2.679E-39	1.000	1492	9	475	527	25	483	486	476	0.886	0.944
LOKIASV2_4403_ESMFold_NAD-dependent_succinate-semialdehyde_dehydrogenase	MGYP001954066612.pdb.gz	MGYP001954066612.pdb.gz	2.224E-38	1.000	1484	15	434	527	3	420	432	425	0.797	0.968
LOKIASV2_4403_ESMFold_NAD-dependent_succinate-semialdehyde_dehydrogenase	MGYP000733289470.pdb.gz	MGYP000733289470.pdb.gz	4.867E-39	1.000	1483	10	478	527	15	478	481	477	0.890	0.965
LOKIASV2_4403_ESMFold_NAD-dependent_succinate-semialdehyde_dehydrogenase	MGYP001445046763.pdb.gz	MGYP001445046763.pdb.gz	2.679E-39	1.000	1479	10	472	527	12	481	482	483	0.879	0.975
LOKIASV2_4403_ESMFold_NAD-dependent_succinate-semialdehyde_dehydrogenase	MGYP001102468604.pdb.gz	MGYP001102468604.pdb.gz	1.696E-38	1.000	1475	11	475	527	18	475	476	470	0.882	0.962
LOKIASV2_4403_ESMFold_NAD-dependent_succinate-semialdehyde_dehydrogenase	MGYP001277829081.pdb.gz	MGYP001277829081.pdb.gz	1.441E-38	1.000	1475	9	481	527	46	494	785	474	0.898	0.572
LOKIASV2_4403_ESMFold_NAD-dependent_succinate-semialdehyde_dehydrogenase	MGYP000576351261.pdb.gz	MGYP000576351261.pdb.gz	2.348E-38	1.000	1474	11	475	527	49	520	521	481	0.882	0.906
LOKIASV2_4403_ESMFold_NAD-dependent_succinate-semialdehyde_dehydrogenase	MGYP000396665285.pdb.gz	MGYP000396665285.pdb.gz	3.153E-39	1.000	1473	11	481	527	16	489	502	483	0.894	0.944
LOKIASV2_4403_ESMFold_NAD-dependent_succinate-semialdehyde_dehydrogenase	MGYP003605842293.pdb.gz	MGYP003605842293.pdb.gz	2.829E-39	1.000	1471	15	475	527	21	474	477	469	0.875	0.952
LOKIASV2_4403_ESMFold_NAD-dependent_succinate-semialdehyde_dehydrogenase	MGYP001202965608.pdb.gz	MGYP001202965608.pdb.gz	4.504E-38	1.000	1471	9	475	527	18	479	480	471	0.886	0.962
LOKIASV2_4403_ESMFold_NAD-dependent_succinate-semialdehyde_dehydrogenase	MGYP001129656380.pdb.gz	MGYP001129656380.pdb.gz	1.065E-39	1.000	1471	9	477	527	67	544	544	491	0.890	0.879
LOKIASV2_4403_ESMFold_NAD-dependent_succinate-semialdehyde_dehydrogenase	MGYP002635143914.pdb.gz	MGYP002635143914.pdb.gz	2.618E-38	1.000	1469	20	454	527	1	429	429	443	0.825	1.000
LOKIASV2_4403_ESMFold_NAD-dependent_succinate-semialdehyde_dehydrogenase	MGYP000579403406.pdb.gz	MGYP000579403406.pdb.gz	3.227E-40	1.000	1466	13	481	527	19	487	489	486	0.890	0.959
LOKIASV2_4403_ESMFold_NAD-dependent_succinate-semialdehyde_dehydrogenase	MGYP000221102403.pdb.gz	MGYP000221102403.pdb.gz	4.136E-39	1.000	1465	9	481	527	1	468	481	480	0.898	0.973
LOKIASV2_4403_ESMFold_NAD-dependent_succinate-semialdehyde_dehydrogenase	MGYP000547609812.pdb.gz	MGYP000547609812.pdb.gz	1.441E-38	1.000	1464	9	483	527	16	492	500	486	0.901	0.954
LOKIASV2_4403_ESMFold_NAD-dependent_succinate-semialdehyde_dehydrogenase	MGYP003362191447.pdb.gz	MGYP003362191447.pdb.gz	1.041E-38	1.000	1464	13	481	527	37	504	512	482	0.890	0.914
LOKIASV2_4403_ESMFold_NAD-dependent_succinate-semialdehyde_dehydrogenase	MGYP000970554996.pdb.gz	MGYP000970554996.pdb.gz	1.521E-38	1.000	1460	64	477	527	2	406	406	423	0.786	0.998
LOKIASV2_4403_ESMFold_NAD-dependent_succinate-semialdehyde_dehydrogenase	MGYP001413871256.pdb.gz	MGYP001413871256.pdb.gz	1.441E-38	1.000	1460	23	475	527	2	449	452	464	0.860	0.991
LOKIASV2_4403_ESMFold_NAD-dependent_succinate-semialdehyde_dehydrogenase	MGYP001254802990.pdb.gz	MGYP001254802990.pdb.gz	1.441E-38	1.000	1459	9	475	527	34	491	496	478	0.886	0.923
LOKIASV2_4403_ESMFold_NAD-dependent_succinate-semialdehyde_dehydrogenase	MGYP000613184322.pdb.gz	MGYP000613184322.pdb.gz	7.116E-39	1.000	1459	9	481	527	24	498	508	491	0.898	0.935
LOKIASV2_4403_ESMFold_NAD-dependent_succinate-semialdehyde_dehydrogenase	MGYP000549899111.pdb.gz	MGYP000549899111.pdb.gz	1.099E-38	1.000	1456	9	472	527	75	519	519	468	0.880	0.857
LOKIASV2_4403_ESMFold_NAD-dependent_succinate-semialdehyde_dehydrogenase	MGYP003111508914.pdb.gz	MGYP003111508914.pdb.gz	8.119E-40	1.000	1455	9	481	527	29	491	493	488	0.898	0.939
LOKIASV2_4403_ESMFold_NAD-dependent_succinate-semialdehyde_dehydrogenase	MGYP001489832031.pdb.gz	MGYP001489832031.pdb.gz	3.252E-38	1.000	1455	8	481	527	58	526	536	482	0.899	0.875
LOKIASV2_4403_ESMFold_NAD-dependent_succinate-semialdehyde_dehydrogenase	MGYP001206654411.pdb.gz	MGYP001206654411.pdb.gz	4.755E-38	1.000	1453	9	481	527	25	496	498	485	0.898	0.948
LOKIASV2_4403_ESMFold_NAD-dependent_succinate-semialdehyde_dehydrogenase	MGYP000537644284.pdb.gz	MGYP000537644284.pdb.gz	4.367E-39	1.000	1452	13	487	527	25	491	492	486	0.901	0.949
LOKIASV2_4403_ESMFold_NAD-dependent_succinate-semialdehyde_dehydrogenase	MGYP001194451334.pdb.gz	MGYP001194451334.pdb.gz	1.696E-38	1.000	1449	13	481	527	28	489	491	479	0.890	0.941
LOKIASV2_4403_ESMFold_NAD-dependent_succinate-semialdehyde_dehydrogenase	MGYP000987485198.pdb.gz	MGYP000987485198.pdb.gz	1.224E-38	1.000	1448	14	491	527	48	526	527	491	0.907	0.909
LOKIASV2_4403_ESMFold_NAD-dependent_succinate-semialdehyde_dehydrogenase	MGYP001325868434.pdb.gz	MGYP001325868434.pdb.gz	2.558E-37	1.000	1446	9	475	527	45	510	528	475	0.886	0.883
LOKIASV2_4403_ESMFold_NAD-dependent_succinate-semialdehyde_dehydrogenase	MGYP000350770112.pdb.gz	MGYP000350770112.pdb.gz	9.554E-40	1.000	1445	9	456	527	16	464	466	472	0.850	0.964
LOKIASV2_4403_ESMFold_NAD-dependent_succinate-semialdehyde_dehydrogenase	MGYP003631926971.pdb.gz	MGYP003631926971.pdb.gz	6.586E-38	1.000	1443	9	482	527	16	486	498	483	0.899	0.946
LOKIASV2_4403_ESMFold_NAD-dependent_succinate-semialdehyde_dehydrogenase	MGYP002629635978.pdb.gz	MGYP002629635978.pdb.gz	4.867E-39	1.000	1440	30	505	527	18	485	488	478	0.903	0.959
LOKIASV2_4403_ESMFold_NAD-dependent_succinate-semialdehyde_dehydrogenase	MGYP001478816373.pdb.gz	MGYP001478816373.pdb.gz	3.081E-38	1.000	1438	31	490	527	1	451	451	463	0.873	1.000
LOKIASV2_4403_ESMFold_NAD-dependent_succinate-semialdehyde_dehydrogenase	MGYP000951873535.pdb.gz	MGYP000951873535.pdb.gz	8.639E-38	1.000	1438	13	477	527	3	461	462	471	0.882	0.994
LOKIASV2_4403_ESMFold_NAD-dependent_succinate-semialdehyde_dehydrogenase	MGYP000544681566.pdb.gz	MGYP000544681566.pdb.gz	8.182E-38	1.000	1437	25	481	527	1	458	462	470	0.867	0.991
LOKIASV2_4403_ESMFold_NAD-dependent_succinate-semialdehyde_dehydrogenase	MGYP001612401114.pdb.gz	MGYP001612401114.pdb.gz	3.948E-37	1.000	1437	9	477	527	30	493	494	476	0.890	0.939
LOKIASV2_4403_ESMFold_NAD-dependent_succinate-semialdehyde_dehydrogenase	MGYP002759691553.pdb.gz	MGYP002759691553.pdb.gz	2.224E-38	1.000	1436	13	481	527	28	493	493	480	0.890	0.945
LOKIASV2_4403_ESMFold_NAD-dependent_succinate-semialdehyde_dehydrogenase	MGYP000022605919.pdb.gz	MGYP000022605919.pdb.gz	4.266E-38	1.000	1436	9	491	527	16	496	498	493	0.917	0.966
LOKIASV2_4403_ESMFold_NAD-dependent_succinate-semialdehyde_dehydrogenase	MGYP000069297538.pdb.gz	MGYP000069297538.pdb.gz	7.341E-38	1.000	1435	11	435	527	27	439	450	427	0.806	0.918
LOKIASV2_4403_ESMFold_NAD-dependent_succinate-semialdehyde_dehydrogenase	MGYP001071849546.pdb.gz	MGYP001071849546.pdb.gz	1.996E-38	1.000	1434	13	481	527	19	480	489	478	0.890	0.945
LOKIASV2_4403_ESMFold_NAD-dependent_succinate-semialdehyde_dehydrogenase	MGYP000453272148.pdb.gz	MGYP000453272148.pdb.gz	1.073E-37	1.000	1433	13	481	527	35	507	513	484	0.890	0.922
LOKIASV2_4403_ESMFold_NAD-dependent_succinate-semialdehyde_dehydrogenase	MGYP000853995591.pdb.gz	MGYP000853995591.pdb.gz	3.178E-37	1.000	1431	58	475	527	2	412	413	421	0.793	0.995
LOKIASV2_4403_ESMFold_NAD-dependent_succinate-semialdehyde_dehydrogenase	MGYP003973987713.pdb.gz	MGYP003973987713.pdb.gz	2.618E-38	1.000	1431	11	491	527	19	494	498	489	0.913	0.956
LOKIASV2_4403_ESMFold_NAD-dependent_succinate-semialdehyde_dehydrogenase	MGYP000499676878.pdb.gz	MGYP000499676878.pdb.gz	4.905E-37	1.000	1430	9	475	527	20	483	484	477	0.886	0.959
LOKIASV2_4403_ESMFold_NAD-dependent_succinate-semialdehyde_dehydrogenase	MGYP001097766061.pdb.gz	MGYP001097766061.pdb.gz	7.513E-39	1.000	1429	9	482	527	13	479	488	484	0.899	0.957
LOKIASV2_4403_ESMFold_NAD-dependent_succinate-semialdehyde_dehydrogenase	MGYP003337247334.pdb.gz	MGYP003337247334.pdb.gz	1.996E-38	1.000	1428	13	491	527	2	493	497	506	0.909	0.990
LOKIASV2_4403_ESMFold_NAD-dependent_succinate-semialdehyde_dehydrogenase	MGYP000113648381.pdb.gz	MGYP000113648381.pdb.gz	2.918E-38	1.000	1427	72	477	527	118	514	514	410	0.770	0.772
LOKIASV2_4403_ESMFold_NAD-dependent_succinate-semialdehyde_dehydrogenase	MGYP001425501837.pdb.gz	MGYP001425501837.pdb.gz	1.996E-38	1.000	1426	14	477	527	4	460	461	479	0.880	0.991
LOKIASV2_4403_ESMFold_NAD-dependent_succinate-semialdehyde_dehydrogenase	MGYP003401826340.pdb.gz	MGYP003401826340.pdb.gz	2.173E-37	1.000	1426	13	481	527	522	991	993	481	0.890	0.473
LOKIASV2_4403_ESMFold_NAD-dependent_succinate-semialdehyde_dehydrogenase	MGYP000358402612.pdb.gz	MGYP000358402612.pdb.gz	1.196E-37	1.000	1425	9	481	527	33	494	499	484	0.898	0.926
LOKIASV2_4403_ESMFold_NAD-dependent_succinate-semialdehyde_dehydrogenase	MGYP001818596882.pdb.gz	MGYP001818596882.pdb.gz	4.401E-37	1.000	1425	9	477	527	31	497	512	481	0.890	0.912
LOKIASV2_4403_ESMFold_NAD-dependent_succinate-semialdehyde_dehydrogenase	MGYP003333352157.pdb.gz	MGYP003333352157.pdb.gz	4.905E-37	1.000	1417	9	475	527	20	485	486	479	0.886	0.959
LOKIASV2_4403_ESMFold_NAD-dependent_succinate-semialdehyde_dehydrogenase	MGYP001182681642.pdb.gz	MGYP001182681642.pdb.gz	3.740E-37	1.000	1415	9	491	527	17	499	503	493	0.917	0.960
LOKIASV2_4403_ESMFold_NAD-dependent_succinate-semialdehyde_dehydrogenase	MGYP001794959250.pdb.gz	MGYP001794959250.pdb.gz	5.773E-37	1.000	1415	9	480	527	30	504	511	484	0.896	0.930
LOKIASV2_4403_ESMFold_NAD-dependent_succinate-semialdehyde_dehydrogenase	MGYP000004396272.pdb.gz	MGYP000004396272.pdb.gz	5.301E-38	1.000	1415	13	476	527	52	524	524	485	0.880	0.903
LOKIASV2_4403_ESMFold_NAD-dependent_succinate-semialdehyde_dehydrogenase	MGYP001567354030.pdb.gz	MGYP001567354030.pdb.gz	4.401E-37	1.000	1413	9	477	527	30	483	484	474	0.890	0.938
LOKIASV2_4403_ESMFold_NAD-dependent_succinate-semialdehyde_dehydrogenase	MGYP000908112452.pdb.gz	MGYP000908112452.pdb.gz	3.178E-37	1.000	1412	13	491	527	4	473	476	488	0.909	0.987
LOKIASV2_4403_ESMFold_NAD-dependent_succinate-semialdehyde_dehydrogenase	MGYP002860095234.pdb.gz	MGYP002860095234.pdb.gz	3.178E-37	1.000	1411	30	483	527	21	479	482	467	0.861	0.952
LOKIASV2_4403_ESMFold_NAD-dependent_succinate-semialdehyde_dehydrogenase	MGYP000913336704.pdb.gz	MGYP000913336704.pdb.gz	6.586E-38	1.000	1410	13	474	527	22	475	477	475	0.877	0.952
LOKIASV2_4403_ESMFold_NAD-dependent_succinate-semialdehyde_dehydrogenase	MGYP000849028369.pdb.gz	MGYP000849028369.pdb.gz	1.486E-37	1.000	1410	8	482	527	22	493	504	485	0.901	0.937
LOKIASV2_4403_ESMFold_NAD-dependent_succinate-semialdehyde_dehydrogenase	MGYP000506618280.pdb.gz	MGYP000506618280.pdb.gz	5.908E-38	1.000	1409	13	434	527	21	455	458	442	0.801	0.950
LOKIASV2_4403_ESMFold_NAD-dependent_succinate-semialdehyde_dehydrogenase	MGYP000311066070.pdb.gz	MGYP000311066070.pdb.gz	3.827E-38	1.000	1409	11	475	527	30	485	486	475	0.882	0.938
LOKIASV2_4403_ESMFold_NAD-dependent_succinate-semialdehyde_dehydrogenase	MGYP003108399257.pdb.gz	MGYP003108399257.pdb.gz	7.341E-38	1.000	1405	13	482	527	22	484	493	480	0.892	0.939
LOKIASV2_4403_ESMFold_NAD-dependent_succinate-semialdehyde_dehydrogenase	MGYP002621836264.pdb.gz	MGYP002621836264.pdb.gz	5.179E-37	1.000	1403	13	491	527	35	510	511	491	0.909	0.932
LOKIASV2_4403_ESMFold_NAD-dependent_succinate-semialdehyde_dehydrogenase	MGYP000468377013.pdb.gz	MGYP000468377013.pdb.gz	2.851E-37	1.000	1402	9	469	527	45	486	806	470	0.875	0.548
LOKIASV2_4403_ESMFold_NAD-dependent_succinate-semialdehyde_dehydrogenase	MGYP000505668191.pdb.gz	MGYP000505668191.pdb.gz	1.657E-37	1.000	1400	9	492	527	47	505	797	485	0.918	0.576
LOKIASV2_4403_ESMFold_NAD-dependent_succinate-semialdehyde_dehydrogenase	MGYP000132264841.pdb.gz	MGYP000132264841.pdb.gz	1.017E-37	1.000	1399	9	477	527	14	479	480	480	0.890	0.971
LOKIASV2_4403_ESMFold_NAD-dependent_succinate-semialdehyde_dehydrogenase	MGYP003635947486.pdb.gz	MGYP003635947486.pdb.gz	3.654E-36	1.000	1399	10	475	527	18	481	483	474	0.884	0.961
LOKIASV2_4403_ESMFold_NAD-dependent_succinate-semialdehyde_dehydrogenase	MGYP001365118945.pdb.gz	MGYP001365118945.pdb.gz	7.513E-39	1.000	1398	13	491	527	41	541	545	516	0.909	0.919
LOKIASV2_4403_ESMFold_NAD-dependent_succinate-semialdehyde_dehydrogenase	MGYP003617741735.pdb.gz	MGYP003617741735.pdb.gz	1.452E-36	1.000	1397	32	472	527	14	440	444	442	0.837	0.962
LOKIASV2_4403_ESMFold_NAD-dependent_succinate-semialdehyde_dehydrogenase	MGYP000082479482.pdb.gz	MGYP000082479482.pdb.gz	8.182E-38	1.000	1397	33	498	527	5	461	468	469	0.884	0.976
LOKIASV2_4403_ESMFold_NAD-dependent_succinate-semialdehyde_dehydrogenase	MGYP000748917043.pdb.gz	MGYP000748917043.pdb.gz	9.933E-37	1.000	1394	1	465	527	1	443	444	467	0.882	0.998
LOKIASV2_4403_ESMFold_NAD-dependent_succinate-semialdehyde_dehydrogenase	MGYP001085035979.pdb.gz	MGYP001085035979.pdb.gz	2.011E-36	1.000	1393	9	475	527	18	482	484	475	0.886	0.961
LOKIASV2_4403_ESMFold_NAD-dependent_succinate-semialdehyde_dehydrogenase	MGYP001408482142.pdb.gz	MGYP001408482142.pdb.gz	3.827E-38	1.000	1391	15	504	527	1	483	483	492	0.930	1.000
LOKIASV2_4403_ESMFold_NAD-dependent_succinate-semialdehyde_dehydrogenase	MGYP003115556706.pdb.gz	MGYP003115556706.pdb.gz	3.278E-36	1.000	1390	9	481	527	16	487	499	481	0.898	0.946
LOKIASV2_4403_ESMFold_NAD-dependent_succinate-semialdehyde_dehydrogenase	MGYP000417108295.pdb.gz	MGYP000417108295.pdb.gz	3.857E-36	1.000	1389	8	468	527	42	481	780	462	0.875	0.564
LOKIASV2_4403_ESMFold_NAD-dependent_succinate-semialdehyde_dehydrogenase	MGYP000943007302.pdb.gz	MGYP000943007302.pdb.gz	7.172E-37	1.000	1389	8	481	527	513	987	989	486	0.899	0.480
LOKIASV2_4403_ESMFold_NAD-dependent_succinate-semialdehyde_dehydrogenase	MGYP001401979004.pdb.gz	MGYP001401979004.pdb.gz	3.654E-36	1.000	1386	12	472	527	29	489	489	473	0.875	0.943
LOKIASV2_4403_ESMFold_NAD-dependent_succinate-semialdehyde_dehydrogenase	MGYP003402700497.pdb.gz	MGYP003402700497.pdb.gz	2.173E-37	1.000	1385	36	504	527	4	463	463	472	0.890	0.994
LOKIASV2_4403_ESMFold_NAD-dependent_succinate-semialdehyde_dehydrogenase	MGYP002713091229.pdb.gz	MGYP002713091229.pdb.gz	2.499E-36	1.000	1385	15	477	527	27	481	481	466	0.879	0.946
LOKIASV2_4403_ESMFold_NAD-dependent_succinate-semialdehyde_dehydrogenase	MGYP000278574652.pdb.gz	MGYP000278574652.pdb.gz	1.749E-37	1.000	1385	8	491	527	21	502	503	494	0.918	0.958
LOKIASV2_4403_ESMFold_NAD-dependent_succinate-semialdehyde_dehydrogenase	MGYP003973369495.pdb.gz	MGYP003973369495.pdb.gz	6.434E-37	1.000	1383	12	475	527	3	460	461	477	0.880	0.993
LOKIASV2_4403_ESMFold_NAD-dependent_succinate-semialdehyde_dehydrogenase	MGYP000353077791.pdb.gz	MGYP000353077791.pdb.gz	2.764E-38	1.000	1382	13	482	527	17	479	487	483	0.892	0.951
LOKIASV2_4403_ESMFold_NAD-dependent_succinate-semialdehyde_dehydrogenase	MGYP000617992070.pdb.gz	MGYP000617992070.pdb.gz	9.120E-38	1.000	1375	33	504	527	27	493	495	479	0.896	0.943
LOKIASV2_4403_ESMFold_NAD-dependent_succinate-semialdehyde_dehydrogenase	MGYP002737807311.pdb.gz	MGYP002737807311.pdb.gz	1.206E-35	1.000	1375	8	481	527	25	495	506	481	0.899	0.931
LOKIASV2_4403_ESMFold_NAD-dependent_succinate-semialdehyde_dehydrogenase	MGYP000731182235.pdb.gz	MGYP000731182235.pdb.gz	1.533E-36	1.000	1374	13	490	527	4	471	478	486	0.907	0.979
LOKIASV2_4403_ESMFold_NAD-dependent_succinate-semialdehyde_dehydrogenase	MGYP000099785794.pdb.gz	MGYP000099785794.pdb.gz	8.246E-36	1.000	1373	62	475	527	2	407	408	417	0.786	0.995
LOKIASV2_4403_ESMFold_NAD-dependent_succinate-semialdehyde_dehydrogenase	MGYP001168702029.pdb.gz	MGYP001168702029.pdb.gz	5.908E-38	1.000	1368	9	475	527	18	474	476	478	0.886	0.960
LOKIASV2_4403_ESMFold_NAD-dependent_succinate-semialdehyde_dehydrogenase	MGYP001080851571.pdb.gz	MGYP001080851571.pdb.gz	2.367E-36	1.000	1367	14	481	527	27	501	510	489	0.888	0.931
LOKIASV2_4403_ESMFold_NAD-dependent_succinate-semialdehyde_dehydrogenase	MGYP000270524551.pdb.gz	MGYP000270524551.pdb.gz	4.646E-37	1.000	1365	33	502	527	4	467	469	472	0.892	0.989
LOKIASV2_4403_ESMFold_NAD-dependent_succinate-semialdehyde_dehydrogenase	MGYP002879122430.pdb.gz	MGYP002879122430.pdb.gz	9.855E-39	1.000	1362	14	491	527	32	503	505	496	0.907	0.935
LOKIASV2_4403_ESMFold_NAD-dependent_succinate-semialdehyde_dehydrogenase	MGYP000125265692.pdb.gz	MGYP000125265692.pdb.gz	2.011E-36	1.000	1357	8	482	527	2	477	484	488	0.901	0.983
LOKIASV2_4403_ESMFold_NAD-dependent_succinate-semialdehyde_dehydrogenase	MGYP000954042976.pdb.gz	MGYP000954042976.pdb.gz	1.486E-37	1.000	1351	35	501	527	10	467	468	469	0.886	0.979
LOKIASV2_4403_ESMFold_NAD-dependent_succinate-semialdehyde_dehydrogenase	MGYP001295777798.pdb.gz	MGYP001295777798.pdb.gz	4.539E-36	1.000	1345	14	481	527	22	491	500	488	0.888	0.940
LOKIASV2_4403_ESMFold_NAD-dependent_succinate-semialdehyde_dehydrogenase	MGYP002629333136.pdb.gz	MGYP002629333136.pdb.gz	2.059E-37	1.000	1343	11	475	527	32	490	493	480	0.882	0.931
LOKIASV2_4403_ESMFold_NAD-dependent_succinate-semialdehyde_dehydrogenase	MGYP001396287667.pdb.gz	MGYP001396287667.pdb.gz	9.704E-36	1.000	1342	8	481	527	18	480	485	484	0.899	0.955
LOKIASV2_4403_ESMFold_NAD-dependent_succinate-semialdehyde_dehydrogenase	MGYP000673696630.pdb.gz	MGYP000673696630.pdb.gz	1.303E-36	1.000	1340	13	481	527	18	490	497	486	0.890	0.952
LOKIASV2_4403_ESMFold_NAD-dependent_succinate-semialdehyde_dehydrogenase	MGYP001548787342.pdb.gz	MGYP001548787342.pdb.gz	8.506E-35	1.000	1339	9	414	527	16	422	422	412	0.770	0.964
LOKIASV2_4403_ESMFold_NAD-dependent_succinate-semialdehyde_dehydrogenase	MGYP000358172553.pdb.gz	MGYP000358172553.pdb.gz	1.234E-36	1.000	1338	12	482	527	18	481	489	479	0.894	0.949
LOKIASV2_4403_ESMFold_NAD-dependent_succinate-semialdehyde_dehydrogenase	MGYP003706027477.pdb.gz	MGYP003706027477.pdb.gz	2.259E-34	1.000	1337	131	472	527	3	343	348	344	0.649	0.980
LOKIASV2_4403_ESMFold_NAD-dependent_succinate-semialdehyde_dehydrogenase	MGYP001112788836.pdb.gz	MGYP001112788836.pdb.gz	1.334E-37	1.000	1335	28	500	527	13	492	493	491	0.898	0.974
LOKIASV2_4403_ESMFold_NAD-dependent_succinate-semialdehyde_dehydrogenase	MGYP000520447681.pdb.gz	MGYP000520447681.pdb.gz	1.273E-35	1.000	1329	9	481	527	30	502	513	489	0.898	0.922
LOKIASV2_4403_ESMFold_NAD-dependent_succinate-semialdehyde_dehydrogenase	MGYP001602724340.pdb.gz	MGYP001602724340.pdb.gz	1.545E-34	1.000	1327	9	415	527	19	420	421	410	0.772	0.955
LOKIASV2_4403_ESMFold_NAD-dependent_succinate-semialdehyde_dehydrogenase	MGYP001405016503.pdb.gz	MGYP001405016503.pdb.gz	1.452E-36	1.000	1327	8	476	527	19	465	465	476	0.890	0.961
LOKIASV2_4403_ESMFold_NAD-dependent_succinate-semialdehyde_dehydrogenase	MGYP000431903291.pdb.gz	MGYP000431903291.pdb.gz	6.142E-35	1.000	1326	86	476	527	2	385	387	395	0.742	0.992
LOKIASV2_4403_ESMFold_NAD-dependent_succinate-semialdehyde_dehydrogenase	MGYP001309316045.pdb.gz	MGYP001309316045.pdb.gz	3.654E-36	1.000	1325	14	483	527	31	501	509	481	0.892	0.925
LOKIASV2_4403_ESMFold_NAD-dependent_succinate-semialdehyde_dehydrogenase	MGYP000467502750.pdb.gz	MGYP000467502750.pdb.gz	2.123E-36	1.000	1323	9	490	527	586	1071	1071	500	0.915	0.454
LOKIASV2_4403_ESMFold_NAD-dependent_succinate-semialdehyde_dehydrogenase	MGYP003734275645.pdb.gz	MGYP003734275645.pdb.gz	3.769E-35	1.000	1322	12	456	527	30	476	478	459	0.844	0.935
LOKIASV2_4403_ESMFold_NAD-dependent_succinate-semialdehyde_dehydrogenase	MGYP001417203419.pdb.gz	MGYP001417203419.pdb.gz	1.313E-34	1.000	1321	12	422	527	19	428	429	419	0.780	0.956
LOKIASV2_4403_ESMFold_NAD-dependent_succinate-semialdehyde_dehydrogenase	MGYP001162956161.pdb.gz	MGYP001162956161.pdb.gz	6.434E-37	1.000	1317	10	475	527	20	479	482	481	0.884	0.954
LOKIASV2_4403_ESMFold_NAD-dependent_succinate-semialdehyde_dehydrogenase	MGYP002713148648.pdb.gz	MGYP002713148648.pdb.gz	1.920E-34	1.000	1314	36	436	527	2	398	401	406	0.761	0.990
LOKIASV2_4403_ESMFold_NAD-dependent_succinate-semialdehyde_dehydrogenase	MGYP003476954837.pdb.gz	MGYP003476954837.pdb.gz	2.385E-34	1.000	1310	9	433	527	19	434	434	427	0.806	0.959
LOKIASV2_4403_ESMFold_NAD-dependent_succinate-semialdehyde_dehydrogenase	MGYP001773736466.pdb.gz	MGYP001773736466.pdb.gz	4.683E-35	1.000	1308	8	475	527	16	478	480	479	0.888	0.965
LOKIASV2_4403_ESMFold_NAD-dependent_succinate-semialdehyde_dehydrogenase	MGYP001326655326.pdb.gz	MGYP001326655326.pdb.gz	2.190E-35	1.000	1307	33	481	527	4	440	444	453	0.852	0.984
LOKIASV2_4403_ESMFold_NAD-dependent_succinate-semialdehyde_dehydrogenase	MGYP001264919762.pdb.gz	MGYP001264919762.pdb.gz	7.007E-36	1.000	1307	21	500	527	2	462	463	482	0.911	0.996
LOKIASV2_4403_ESMFold_NAD-dependent_succinate-semialdehyde_dehydrogenase	MGYP001116246179.pdb.gz	MGYP001116246179.pdb.gz	4.793E-36	1.000	1307	33	500	527	18	471	473	470	0.888	0.960
LOKIASV2_4403_ESMFold_NAD-dependent_succinate-semialdehyde_dehydrogenase	MGYP001627742982.pdb.gz	MGYP001627742982.pdb.gz	7.811E-36	1.000	1302	8	491	527	576	1060	1061	497	0.918	0.457
LOKIASV2_4403_ESMFold_NAD-dependent_succinate-semialdehyde_dehydrogenase	MGYP000688732907.pdb.gz	MGYP000688732907.pdb.gz	2.721E-35	1.000	1301	14	477	527	27	483	483	472	0.880	0.946
LOKIASV2_4403_ESMFold_NAD-dependent_succinate-semialdehyde_dehydrogenase	MGYP001420732416.pdb.gz	MGYP001420732416.pdb.gz	3.948E-37	1.000	1301	32	507	527	5	483	503	495	0.903	0.952
LOKIASV2_4403_ESMFold_NAD-dependent_succinate-semialdehyde_dehydrogenase	MGYP000917582589.pdb.gz	MGYP000917582589.pdb.gz	7.172E-37	1.000	1301	33	517	527	27	506	508	495	0.920	0.945
LOKIASV2_4403_ESMFold_NAD-dependent_succinate-semialdehyde_dehydrogenase	MGYP000489431557.pdb.gz	MGYP000489431557.pdb.gz	2.140E-34	1.000	1300	9	429	527	17	429	430	424	0.799	0.960
LOKIASV2_4403_ESMFold_NAD-dependent_succinate-semialdehyde_dehydrogenase	MGYP001099455220.pdb.gz	MGYP001099455220.pdb.gz	2.851E-37	1.000	1300	28	515	527	4	483	493	494	0.926	0.974
LOKIASV2_4403_ESMFold_NAD-dependent_succinate-semialdehyde_dehydrogenase	MGYP000671537630.pdb.gz	MGYP000671537630.pdb.gz	3.304E-34	1.000	1296	9	475	527	23	489	491	474	0.886	0.951
LOKIASV2_4403_ESMFold_NAD-dependent_succinate-semialdehyde_dehydrogenase	MGYP001065097280.pdb.gz	MGYP001065097280.pdb.gz	2.578E-35	1.000	1296	9	490	527	53	541	543	500	0.915	0.901
LOKIASV2_4403_ESMFold_NAD-dependent_succinate-semialdehyde_dehydrogenase	MGYP003971535617.pdb.gz	MGYP003971535617.pdb.gz	2.518E-34	1.000	1293	50	481	527	2	432	434	440	0.820	0.993
LOKIASV2_4403_ESMFold_NAD-dependent_succinate-semialdehyde_dehydrogenase	MGYP003369368153.pdb.gz	MGYP003369368153.pdb.gz	2.441E-35	1.000	1291	31	502	527	1	458	460	475	0.896	0.996
LOKIASV2_4403_ESMFold_NAD-dependent_succinate-semialdehyde_dehydrogenase	MGYP003290681564.pdb.gz	MGYP003290681564.pdb.gz	4.830E-34	1.000	1287	31	444	527	1	408	413	418	0.786	0.988
LOKIASV2_4403_ESMFold_NAD-dependent_succinate-semialdehyde_dehydrogenase	MGYP001420055430.pdb.gz	MGYP001420055430.pdb.gz	8.311E-34	1.000	1287	11	398	527	155	553	557	401	0.736	0.716
LOKIASV2_4403_ESMFold_NAD-dependent_succinate-semialdehyde_dehydrogenase	MGYP000859542261.pdb.gz	MGYP000859542261.pdb.gz	8.981E-35	1.000	1281	11	481	527	25	494	499	493	0.894	0.942
LOKIASV2_4403_ESMFold_NAD-dependent_succinate-semialdehyde_dehydrogenase	MGYP000698487100.pdb.gz	MGYP000698487100.pdb.gz	9.264E-34	1.000	1279	13	419	527	21	419	420	410	0.772	0.950
LOKIASV2_4403_ESMFold_NAD-dependent_succinate-semialdehyde_dehydrogenase	MGYP001190377114.pdb.gz	MGYP001190377114.pdb.gz	1.142E-35	1.000	1279	33	500	527	14	476	478	474	0.888	0.969
LOKIASV2_4403_ESMFold_NAD-dependent_succinate-semialdehyde_dehydrogenase	MGYP000735921228.pdb.gz	MGYP000735921228.pdb.gz	7.994E-37	1.000	1279	33	505	527	11	484	485	491	0.898	0.977
LOKIASV2_4403_ESMFold_NAD-dependent_succinate-semialdehyde_dehydrogenase	MGYP000875170811.pdb.gz	MGYP000875170811.pdb.gz	3.381E-35	1.000	1279	15	477	527	38	492	492	472	0.879	0.925
LOKIASV2_4403_ESMFold_NAD-dependent_succinate-semialdehyde_dehydrogenase	MGYP000968051776.pdb.gz	MGYP000968051776.pdb.gz	7.172E-37	1.000	1279	13	513	527	16	497	533	513	0.951	0.904
LOKIASV2_4403_ESMFold_NAD-dependent_succinate-semialdehyde_dehydrogenase	MGYP003575709482.pdb.gz	MGYP003575709482.pdb.gz	1.283E-33	1.000	1278	12	434	527	31	451	461	431	0.803	0.913
LOKIASV2_4403_ESMFold_NAD-dependent_succinate-semialdehyde_dehydrogenase	MGYP001130149036.pdb.gz	MGYP001130149036.pdb.gz	4.435E-35	1.000	1277	10	481	527	54	534	534	492	0.896	0.901
LOKIASV2_4403_ESMFold_NAD-dependent_succinate-semialdehyde_dehydrogenase	MGYP001382730743.pdb.gz	MGYP001382730743.pdb.gz	2.807E-34	1.000	1276	131	474	527	5	341	341	350	0.653	0.988
LOKIASV2_4403_ESMFold_NAD-dependent_succinate-semialdehyde_dehydrogenase	MGYP001354238070.pdb.gz	MGYP001354238070.pdb.gz	6.142E-35	1.000	1276	35	482	527	38	477	480	448	0.850	0.917
LOKIASV2_4403_ESMFold_NAD-dependent_succinate-semialdehyde_dehydrogenase	MGYP003967398449.pdb.gz	MGYP003967398449.pdb.gz	3.598E-33	1.000	1275	12	448	527	50	486	489	445	0.829	0.894
LOKIASV2_4403_ESMFold_NAD-dependent_succinate-semialdehyde_dehydrogenase	MGYP001441357306.pdb.gz	MGYP001441357306.pdb.gz	4.575E-34	1.000	1272	36	480	527	3	434	434	445	0.844	0.995
LOKIASV2_4403_ESMFold_NAD-dependent_succinate-semialdehyde_dehydrogenase	MGYP001460843748.pdb.gz	MGYP001460843748.pdb.gz	7.631E-35	1.000	1266	10	475	527	54	528	529	488	0.884	0.898
LOKIASV2_4403_ESMFold_NAD-dependent_succinate-semialdehyde_dehydrogenase	MGYP003302247283.pdb.gz	MGYP003302247283.pdb.gz	2.027E-34	1.000	1258	10	488	527	63	546	550	496	0.909	0.880
LOKIASV2_4403_ESMFold_NAD-dependent_succinate-semialdehyde_dehydrogenase	MGYP000600761332.pdb.gz	MGYP000600761332.pdb.gz	2.140E-34	1.000	1253	32	501	527	10	472	474	474	0.892	0.977
LOKIASV2_4403_ESMFold_NAD-dependent_succinate-semialdehyde_dehydrogenase	MGYP001070983929.pdb.gz	MGYP001070983929.pdb.gz	2.807E-34	1.000	1246	10	475	527	53	527	530	485	0.884	0.896
LOKIASV2_4403_ESMFold_NAD-dependent_succinate-semialdehyde_dehydrogenase	MGYP001819673180.pdb.gz	MGYP001819673180.pdb.gz	5.684E-34	1.000	1245	32	470	527	12	446	447	443	0.833	0.973
LOKIASV2_4403_ESMFold_NAD-dependent_succinate-semialdehyde_dehydrogenase	MGYP000859691215.pdb.gz	MGYP000859691215.pdb.gz	5.100E-34	1.000	1237	33	501	527	7	460	461	473	0.890	0.985
LOKIASV2_4403_ESMFold_NAD-dependent_succinate-semialdehyde_dehydrogenase	MGYP000888645129.pdb.gz	MGYP000888645129.pdb.gz	3.304E-34	1.000	1237	9	475	527	53	528	530	489	0.886	0.898
LOKIASV2_4403_ESMFold_NAD-dependent_succinate-semialdehyde_dehydrogenase	MGYP003124129256.pdb.gz	MGYP003124129256.pdb.gz	6.689E-34	1.000	1231	52	525	527	1	461	467	485	0.899	0.987
LOKIASV2_4403_ESMFold_NAD-dependent_succinate-semialdehyde_dehydrogenase	MGYP000616237037.pdb.gz	MGYP000616237037.pdb.gz	2.829E-32	1.000	1221	9	414	527	23	426	426	412	0.770	0.948
LOKIASV2_4403_ESMFold_NAD-dependent_succinate-semialdehyde_dehydrogenase	MGYP000026064718.pdb.gz	MGYP000026064718.pdb.gz	3.057E-33	1.000	1221	9	477	527	47	501	502	476	0.890	0.906
LOKIASV2_4403_ESMFold_NAD-dependent_succinate-semialdehyde_dehydrogenase	MGYP000465428086.pdb.gz	MGYP000465428086.pdb.gz	2.385E-34	1.000	1219	35	498	527	2	450	458	471	0.880	0.980
LOKIASV2_4403_ESMFold_NAD-dependent_succinate-semialdehyde_dehydrogenase	MGYP000631704208.pdb.gz	MGYP000631704208.pdb.gz	9.780E-34	1.000	1219	31	501	527	1	457	458	477	0.894	0.998
LOKIASV2_4403_ESMFold_NAD-dependent_succinate-semialdehyde_dehydrogenase	MGYP001765551587.pdb.gz	MGYP001765551587.pdb.gz	4.575E-34	1.000	1219	39	502	527	9	478	479	481	0.880	0.981
LOKIASV2_4403_ESMFold_NAD-dependent_succinate-semialdehyde_dehydrogenase	MGYP001190795822.pdb.gz	MGYP001190795822.pdb.gz	1.441E-31	1.000	1217	17	458	527	2	437	437	454	0.839	0.998
LOKIASV2_4403_ESMFold_NAD-dependent_succinate-semialdehyde_dehydrogenase	MGYP002640422459.pdb.gz	MGYP002640422459.pdb.gz	1.033E-33	1.000	1217	37	503	527	2	453	454	470	0.886	0.996
LOKIASV2_4403_ESMFold_NAD-dependent_succinate-semialdehyde_dehydrogenase	MGYP003194472647.pdb.gz	MGYP003194472647.pdb.gz	5.384E-34	1.000	1214	9	491	527	53	542	543	505	0.917	0.902
LOKIASV2_4403_ESMFold_NAD-dependent_succinate-semialdehyde_dehydrogenase	MGYP001606866538.pdb.gz	MGYP001606866538.pdb.gz	4.137E-32	1.000	1213	12	401	527	35	424	425	397	0.740	0.918
LOKIASV2_4403_ESMFold_NAD-dependent_succinate-semialdehyde_dehydrogenase	MGYP001474700407.pdb.gz	MGYP001474700407.pdb.gz	8.843E-32	1.000	1210	9	400	527	20	405	405	394	0.744	0.953
LOKIASV2_4403_ESMFold_NAD-dependent_succinate-semialdehyde_dehydrogenase	MGYP000591732913.pdb.gz	MGYP000591732913.pdb.gz	1.777E-33	1.000	1210	30	501	527	12	470	470	475	0.896	0.977
LOKIASV2_4403_ESMFold_NAD-dependent_succinate-semialdehyde_dehydrogenase	MGYP002515659947.pdb.gz	MGYP002515659947.pdb.gz	2.091E-33	1.000	1209	36	501	527	4	453	454	469	0.884	0.991
LOKIASV2_4403_ESMFold_NAD-dependent_succinate-semialdehyde_dehydrogenase	MGYP000678143201.pdb.gz	MGYP000678143201.pdb.gz	1.996E-31	1.000	1208	9	412	527	16	415	415	408	0.767	0.964
LOKIASV2_4403_ESMFold_NAD-dependent_succinate-semialdehyde_dehydrogenase	MGYP001445203271.pdb.gz	MGYP001445203271.pdb.gz	1.980E-33	1.000	1203	28	501	527	1	458	459	480	0.899	0.998
LOKIASV2_4403_ESMFold_NAD-dependent_succinate-semialdehyde_dehydrogenase	MGYP000945055545.pdb.gz	MGYP000945055545.pdb.gz	4.470E-33	1.000	1197	38	501	527	5	456	457	470	0.880	0.989
LOKIASV2_4403_ESMFold_NAD-dependent_succinate-semialdehyde_dehydrogenase	MGYP001472601565.pdb.gz	MGYP001472601565.pdb.gz	9.556E-33	1.000	1196	9	490	527	545	1029	1029	497	0.915	0.471
LOKIASV2_4403_ESMFold_NAD-dependent_succinate-semialdehyde_dehydrogenase	MGYP003527280362.pdb.gz	MGYP003527280362.pdb.gz	1.397E-32	1.000	1193	34	483	527	9	456	461	466	0.854	0.972
LOKIASV2_4403_ESMFold_NAD-dependent_succinate-semialdehyde_dehydrogenase	MGYP000045684519.pdb.gz	MGYP000045684519.pdb.gz	2.764E-31	1.000	1192	144	477	527	2	332	334	339	0.634	0.991
LOKIASV2_4403_ESMFold_NAD-dependent_succinate-semialdehyde_dehydrogenase	MGYP003670146045.pdb.gz	MGYP003670146045.pdb.gz	2.091E-33	1.000	1190	38	498	527	19	466	469	465	0.875	0.955
LOKIASV2_4403_ESMFold_NAD-dependent_succinate-semialdehyde_dehydrogenase	MGYP001378641932.pdb.gz	MGYP001378641932.pdb.gz	2.764E-31	1.000	1188	137	472	527	1	333	339	339	0.638	0.982
LOKIASV2_4403_ESMFold_NAD-dependent_succinate-semialdehyde_dehydrogenase	MGYP000214473887.pdb.gz	MGYP000214473887.pdb.gz	1.791E-31	1.000	1187	9	423	527	32	439	440	419	0.787	0.927
LOKIASV2_4403_ESMFold_NAD-dependent_succinate-semialdehyde_dehydrogenase	MGYP001829260411.pdb.gz	MGYP001829260411.pdb.gz	1.323E-32	1.000	1185	40	475	527	2	445	450	457	0.827	0.987
LOKIASV2_4403_ESMFold_NAD-dependent_succinate-semialdehyde_dehydrogenase	MGYP000470312955.pdb.gz	MGYP000470312955.pdb.gz	3.228E-33	1.000	1185	12	490	527	53	538	540	499	0.909	0.900
LOKIASV2_4403_ESMFold_NAD-dependent_succinate-semialdehyde_dehydrogenase	MGYP003290247140.pdb.gz	MGYP003290247140.pdb.gz	3.798E-33	1.000	1184	30	495	527	2	462	472	476	0.884	0.977
LOKIASV2_4403_ESMFold_NAD-dependent_succinate-semialdehyde_dehydrogenase	MGYP001127030745.pdb.gz	MGYP001127030745.pdb.gz	3.626E-31	1.000	1181	136	472	527	1	335	340	347	0.639	0.985
LOKIASV2_4403_ESMFold_NAD-dependent_succinate-semialdehyde_dehydrogenase	MGYP002672938363.pdb.gz	MGYP002672938363.pdb.gz	1.935E-32	1.000	1178	25	500	527	9	466	467	477	0.903	0.981
LOKIASV2_4403_ESMFold_NAD-dependent_succinate-semialdehyde_dehydrogenase	MGYP000850273264.pdb.gz	MGYP000850273264.pdb.gz	4.470E-33	1.000	1175	38	503	527	5	450	453	470	0.884	0.985
LOKIASV2_4403_ESMFold_NAD-dependent_succinate-semialdehyde_dehydrogenase	MGYP003620441817.pdb.gz	MGYP003620441817.pdb.gz	9.857E-32	1.000	1173	23	457	527	3	428	428	447	0.825	0.995
LOKIASV2_4403_ESMFold_NAD-dependent_succinate-semialdehyde_dehydrogenase	MGYP000798080454.pdb.gz	MGYP000798080454.pdb.gz	6.190E-33	1.000	1169	25	500	527	57	532	533	485	0.903	0.893
LOKIASV2_4403_ESMFold_NAD-dependent_succinate-semialdehyde_dehydrogenase	MGYP001343007392.pdb.gz	MGYP001343007392.pdb.gz	3.626E-31	1.000	1167	131	481	527	2	346	350	354	0.666	0.986
LOKIASV2_4403_ESMFold_NAD-dependent_succinate-semialdehyde_dehydrogenase	MGYP000933831468.pdb.gz	MGYP000933831468.pdb.gz	1.187E-32	1.000	1165	47	491	527	3	453	454	464	0.844	0.993
LOKIASV2_4403_ESMFold_NAD-dependent_succinate-semialdehyde_dehydrogenase	MGYP003376708937.pdb.gz	MGYP003376708937.pdb.gz	1.009E-32	1.000	1165	53	439	527	78	457	479	395	0.734	0.793
LOKIASV2_4403_ESMFold_NAD-dependent_succinate-semialdehyde_dehydrogenase	MGYP003577234317.pdb.gz	MGYP003577234317.pdb.gz	9.934E-30	1.000	1161	142	470	527	2	326	333	330	0.624	0.976
LOKIASV2_4403_ESMFold_NAD-dependent_succinate-semialdehyde_dehydrogenase	MGYP000867310298.pdb.gz	MGYP000867310298.pdb.gz	4.470E-33	1.000	1161	36	501	527	9	459	460	472	0.884	0.980
LOKIASV2_4403_ESMFold_NAD-dependent_succinate-semialdehyde_dehydrogenase	MGYP000911147463.pdb.gz	MGYP000911147463.pdb.gz	1.017E-30	1.000	1160	101	472	527	2	365	366	378	0.706	0.995
LOKIASV2_4403_ESMFold_NAD-dependent_succinate-semialdehyde_dehydrogenase	MGYP001377428873.pdb.gz	MGYP001377428873.pdb.gz	2.107E-31	1.000	1160	13	426	527	3	420	420	427	0.786	0.995
LOKIASV2_4403_ESMFold_NAD-dependent_succinate-semialdehyde_dehydrogenase	MGYP001462061209.pdb.gz	MGYP001462061209.pdb.gz	5.426E-32	1.000	1156	7	478	527	568	1030	1270	485	0.896	0.365
LOKIASV2_4403_ESMFold_NAD-dependent_succinate-semialdehyde_dehydrogenase	MGYP001813433854.pdb.gz	MGYP001813433854.pdb.gz	1.487E-30	1.000	1147	9	395	527	33	418	419	395	0.734	0.921
LOKIASV2_4403_ESMFold_NAD-dependent_succinate-semialdehyde_dehydrogenase	MGYP000564862084.pdb.gz	MGYP000564862084.pdb.gz	1.935E-32	1.000	1137	9	499	527	563	1051	1208	513	0.932	0.405
LOKIASV2_4403_ESMFold_NAD-dependent_succinate-semialdehyde_dehydrogenase	MGYP001270319833.pdb.gz	MGYP001270319833.pdb.gz	2.558E-30	1.000	1135	9	391	527	16	396	397	392	0.727	0.960
LOKIASV2_4403_ESMFold_NAD-dependent_succinate-semialdehyde_dehydrogenase	MGYP003374748034.pdb.gz	MGYP003374748034.pdb.gz	6.794E-30	1.000	1129	13	389	527	30	401	401	379	0.715	0.928
LOKIASV2_4403_ESMFold_NAD-dependent_succinate-semialdehyde_dehydrogenase	MGYP001477548058.pdb.gz	MGYP001477548058.pdb.gz	9.934E-30	1.000	1122	69	450	527	2	375	376	384	0.725	0.995
LOKIASV2_4403_ESMFold_NAD-dependent_succinate-semialdehyde_dehydrogenase	MGYP002715578340.pdb.gz	MGYP002715578340.pdb.gz	8.184E-31	1.000	1119	10	463	527	541	982	988	473	0.861	0.447
LOKIASV2_4403_ESMFold_NAD-dependent_succinate-semialdehyde_dehydrogenase	MGYP000955591626.pdb.gz	MGYP000955591626.pdb.gz	3.434E-31	1.000	1108	8	469	527	579	1038	1251	485	0.877	0.368
LOKIASV2_4403_ESMFold_NAD-dependent_succinate-semialdehyde_dehydrogenase	MGYP003460943809.pdb.gz	MGYP003460943809.pdb.gz	1.303E-29	1.000	1105	9	375	527	13	373	376	370	0.696	0.960
LOKIASV2_4403_ESMFold_NAD-dependent_succinate-semialdehyde_dehydrogenase	MGYP001021825903.pdb.gz	MGYP001021825903.pdb.gz	2.295E-30	1.000	1103	12	390	527	22	405	405	395	0.719	0.948
LOKIASV2_4403_ESMFold_NAD-dependent_succinate-semialdehyde_dehydrogenase	MGYP001388137332.pdb.gz	MGYP001388137332.pdb.gz	7.173E-30	1.000	1098	13	406	527	3	392	392	402	0.748	0.995
LOKIASV2_4403_ESMFold_NAD-dependent_succinate-semialdehyde_dehydrogenase	MGYP000527467419.pdb.gz	MGYP000527467419.pdb.gz	6.638E-29	1.000	1094	170	472	527	1	304	309	311	0.575	0.984
LOKIASV2_4403_ESMFold_NAD-dependent_succinate-semialdehyde_dehydrogenase	MGYP001497140557.pdb.gz	MGYP001497140557.pdb.gz	3.355E-30	1.000	1086	31	478	527	3	447	471	457	0.850	0.945
LOKIASV2_4403_ESMFold_NAD-dependent_succinate-semialdehyde_dehydrogenase	MGYP003547028048.pdb.gz	MGYP003547028048.pdb.gz	2.295E-30	1.000	1081	54	440	527	1	382	390	394	0.734	0.979
LOKIASV2_4403_ESMFold_NAD-dependent_succinate-semialdehyde_dehydrogenase	MGYP001079831270.pdb.gz	MGYP001079831270.pdb.gz	4.073E-29	1.000	1081	13	404	527	49	423	423	393	0.744	0.887
LOKIASV2_4403_ESMFold_NAD-dependent_succinate-semialdehyde_dehydrogenase	MGYP003344161583.pdb.gz	MGYP003344161583.pdb.gz	2.499E-29	1.000	1075	10	468	527	516	955	1111	473	0.871	0.396
LOKIASV2_4403_ESMFold_NAD-dependent_succinate-semialdehyde_dehydrogenase	MGYP001124115362.pdb.gz	MGYP001124115362.pdb.gz	1.049E-29	1.000	1073	8	468	527	558	992	1157	471	0.875	0.376
LOKIASV2_4403_ESMFold_NAD-dependent_succinate-semialdehyde_dehydrogenase	MGYP000874996502.pdb.gz	MGYP000874996502.pdb.gz	3.461E-29	1.000	1072	137	481	527	1	354	360	362	0.655	0.983
LOKIASV2_4403_ESMFold_NAD-dependent_succinate-semialdehyde_dehydrogenase	MGYP000082257814.pdb.gz	MGYP000082257814.pdb.gz	2.786E-29	1.000	1066	41	445	527	2	397	397	408	0.769	0.997
LOKIASV2_4403_ESMFold_NAD-dependent_succinate-semialdehyde_dehydrogenase	MGYP002787120912.pdb.gz	MGYP002787120912.pdb.gz	2.918E-31	1.000	1062	15	474	527	31	481	483	486	0.873	0.934
LOKIASV2_4403_ESMFold_NAD-dependent_succinate-semialdehyde_dehydrogenase	MGYP001253783474.pdb.gz	MGYP001253783474.pdb.gz	8.912E-30	1.000	1059	86	490	527	4	408	409	415	0.769	0.990
LOKIASV2_4403_ESMFold_NAD-dependent_succinate-semialdehyde_dehydrogenase	MGYP003567461136.pdb.gz	MGYP003567461136.pdb.gz	3.355E-30	1.000	1052	23	504	527	72	539	550	497	0.915	0.851
LOKIASV2_4403_ESMFold_NAD-dependent_succinate-semialdehyde_dehydrogenase	MGYP001372366714.pdb.gz	MGYP001372366714.pdb.gz	7.230E-28	1.000	1050	157	481	527	5	330	335	329	0.617	0.973
LOKIASV2_4403_ESMFold_NAD-dependent_succinate-semialdehyde_dehydrogenase	MGYP001554559121.pdb.gz	MGYP001554559121.pdb.gz	2.386E-27	1.000	1046	136	474	527	2	343	345	344	0.643	0.991
LOKIASV2_4403_ESMFold_NAD-dependent_succinate-semialdehyde_dehydrogenase	MGYP000306432397.pdb.gz	MGYP000306432397.pdb.gz	8.912E-30	1.000	1044	43	439	527	6	394	395	402	0.753	0.985
LOKIASV2_4403_ESMFold_NAD-dependent_succinate-semialdehyde_dehydrogenase	MGYP002738702856.pdb.gz	MGYP002738702856.pdb.gz	1.057E-27	1.000	1041	34	386	527	2	359	360	362	0.670	0.994
LOKIASV2_4403_ESMFold_NAD-dependent_succinate-semialdehyde_dehydrogenase	MGYP000622798088.pdb.gz	MGYP000622798088.pdb.gz	8.248E-29	1.000	1041	56	453	527	2	387	387	402	0.755	0.997
LOKIASV2_4403_ESMFold_NAD-dependent_succinate-semialdehyde_dehydrogenase	MGYP001603643928.pdb.gz	MGYP001603643928.pdb.gz	3.858E-29	1.000	1041	30	429	527	9	400	401	403	0.759	0.978
LOKIASV2_4403_ESMFold_NAD-dependent_succinate-semialdehyde_dehydrogenase	MGYP001030747088.pdb.gz	MGYP001030747088.pdb.gz	7.009E-29	1.000	1041	96	481	527	14	396	405	400	0.732	0.946
LOKIASV2_4403_ESMFold_NAD-dependent_succinate-semialdehyde_dehydrogenase	MGYP003632857344.pdb.gz	MGYP003632857344.pdb.gz	1.263E-30	1.000	1041	6	503	527	554	1038	1261	516	0.945	0.385
LOKIASV2_4403_ESMFold_NAD-dependent_succinate-semialdehyde_dehydrogenase	MGYP000437758968.pdb.gz	MGYP000437758968.pdb.gz	2.701E-30	1.000	1037	9	511	527	533	1008	1201	521	0.954	0.396
LOKIASV2_4403_ESMFold_NAD-dependent_succinate-semialdehyde_dehydrogenase	MGYP001189622581.pdb.gz	MGYP001189622581.pdb.gz	4.042E-31	1.000	1033	10	501	527	35	518	532	516	0.934	0.910
LOKIASV2_4403_ESMFold_NAD-dependent_succinate-semialdehyde_dehydrogenase	MGYP001228277525.pdb.gz	MGYP001228277525.pdb.gz	8.184E-31	1.000	1030	12	501	527	49	530	544	515	0.930	0.886
LOKIASV2_4403_ESMFold_NAD-dependent_succinate-semialdehyde_dehydrogenase	MGYP000356624034.pdb.gz	MGYP000356624034.pdb.gz	8.982E-28	1.000	1029	8	365	527	24	376	377	361	0.679	0.936
LOKIASV2_4403_ESMFold_NAD-dependent_succinate-semialdehyde_dehydrogenase	MGYP000090027490.pdb.gz	MGYP000090027490.pdb.gz	1.234E-29	1.000	1029	10	467	527	556	990	1161	476	0.869	0.375
LOKIASV2_4403_ESMFold_NAD-dependent_succinate-semialdehyde_dehydrogenase	MGYP000479421615.pdb.gz	MGYP000479421615.pdb.gz	4.105E-27	1.000	1028	178	468	527	84	373	381	297	0.552	0.761
LOKIASV2_4403_ESMFold_NAD-dependent_succinate-semialdehyde_dehydrogenase	MGYP002756992075.pdb.gz	MGYP002756992075.pdb.gz	1.025E-28	1.000	1028	53	488	527	1	422	431	438	0.827	0.979
LOKIASV2_4403_ESMFold_NAD-dependent_succinate-semialdehyde_dehydrogenase	MGYP000223855723.pdb.gz	MGYP000223855723.pdb.gz	4.831E-27	1.000	1026	142	435	527	2	294	392	297	0.558	0.747
LOKIASV2_4403_ESMFold_NAD-dependent_succinate-semialdehyde_dehydrogenase	MGYP000965403032.pdb.gz	MGYP000965403032.pdb.gz	3.130E-27	1.000	1026	9	376	527	34	395	395	370	0.698	0.916
LOKIASV2_4403_ESMFold_NAD-dependent_succinate-semialdehyde_dehydrogenase	MGYP000073370394.pdb.gz	MGYP000073370394.pdb.gz	7.063E-27	1.000	1015	9	384	527	32	402	402	381	0.713	0.923
LOKIASV2_4403_ESMFold_NAD-dependent_succinate-semialdehyde_dehydrogenase	MGYP000119377580.pdb.gz	MGYP000119377580.pdb.gz	1.387E-27	1.000	1015	9	408	527	17	427	429	422	0.759	0.958
LOKIASV2_4403_ESMFold_NAD-dependent_succinate-semialdehyde_dehydrogenase	MGYP003343042210.pdb.gz	MGYP003343042210.pdb.gz	2.386E-27	1.000	1012	97	481	527	12	401	403	398	0.731	0.968
LOKIASV2_4403_ESMFold_NAD-dependent_succinate-semialdehyde_dehydrogenase	MGYP000939481492.pdb.gz	MGYP000939481492.pdb.gz	2.786E-29	1.000	1011	13	454	527	81	528	529	474	0.839	0.847
LOKIASV2_4403_ESMFold_NAD-dependent_succinate-semialdehyde_dehydrogenase	MGYP000025683438.pdb.gz	MGYP000025683438.pdb.gz	8.708E-29	1.000	1010	47	454	527	2	415	416	436	0.774	0.995
LOKIASV2_4403_ESMFold_NAD-dependent_succinate-semialdehyde_dehydrogenase	MGYP000610265763.pdb.gz	MGYP000610265763.pdb.gz	3.382E-28	1.000	1007	12	468	527	552	981	1141	472	0.867	0.377
LOKIASV2_4403_ESMFold_NAD-dependent_succinate-semialdehyde_dehydrogenase	MGYP001549919029.pdb.gz	MGYP001549919029.pdb.gz	7.457E-27	1.000	1006	9	377	527	16	382	382	375	0.700	0.961
LOKIASV2_4403_ESMFold_NAD-dependent_succinate-semialdehyde_dehydrogenase	MGYP001822902034.pdb.gz	MGYP001822902034.pdb.gz	9.782E-27	1.000	1005	11	395	527	21	403	404	392	0.731	0.948
LOKIASV2_4403_ESMFold_NAD-dependent_succinate-semialdehyde_dehydrogenase	MGYP001044107249.pdb.gz	MGYP001044107249.pdb.gz	2.059E-30	1.000	1004	12	502	527	35	514	527	511	0.932	0.911
LOKIASV2_4403_ESMFold_NAD-dependent_succinate-semialdehyde_dehydrogenase	MGYP001225467000.pdb.gz	MGYP001225467000.pdb.gz	1.244E-27	1.000	994	216	527	527	1	316	316	320	0.592	1.000
LOKIASV2_4403_ESMFold_NAD-dependent_succinate-semialdehyde_dehydrogenase	MGYP001398521961.pdb.gz	MGYP001398521961.pdb.gz	1.670E-28	1.000	992	13	496	527	390	840	978	493	0.918	0.461
LOKIASV2_4403_ESMFold_NAD-dependent_succinate-semialdehyde_dehydrogenase	MGYP000621428977.pdb.gz	MGYP000621428977.pdb.gz	3.799E-26	1.000	982	9	394	527	18	392	393	390	0.732	0.954
LOKIASV2_4403_ESMFold_NAD-dependent_succinate-semialdehyde_dehydrogenase	MGYP001271677666.pdb.gz	MGYP001271677666.pdb.gz	2.386E-27	1.000	982	8	504	527	532	1007	1182	506	0.943	0.403
LOKIASV2_4403_ESMFold_NAD-dependent_succinate-semialdehyde_dehydrogenase	MGYP001670615953.pdb.gz	MGYP001670615953.pdb.gz	1.206E-28	1.000	982	31	507	527	542	999	1205	488	0.905	0.380
LOKIASV2_4403_ESMFold_NAD-dependent_succinate-semialdehyde_dehydrogenase	MGYP001563501482.pdb.gz	MGYP001563501482.pdb.gz	2.598E-26	1.000	980	9	391	527	14	392	393	395	0.727	0.964
LOKIASV2_4403_ESMFold_NAD-dependent_succinate-semialdehyde_dehydrogenase	MGYP001018958313.pdb.gz	MGYP001018958313.pdb.gz	5.555E-26	1.000	979	13	378	527	10	372	372	372	0.694	0.976
LOKIASV2_4403_ESMFold_NAD-dependent_succinate-semialdehyde_dehydrogenase	MGYP000339077116.pdb.gz	MGYP000339077116.pdb.gz	2.208E-26	1.000	971	74	400	527	2	325	325	333	0.620	0.997
LOKIASV2_4403_ESMFold_NAD-dependent_succinate-semialdehyde_dehydrogenase	MGYP001249293108.pdb.gz	MGYP001249293108.pdb.gz	2.743E-26	1.000	964	8	381	527	14	379	379	378	0.710	0.966
LOKIASV2_4403_ESMFold_NAD-dependent_succinate-semialdehyde_dehydrogenase	MGYP000456889969.pdb.gz	MGYP000456889969.pdb.gz	4.983E-26	1.000	958	166	481	527	2	308	308	321	0.600	0.997
LOKIASV2_4403_ESMFold_NAD-dependent_succinate-semialdehyde_dehydrogenase	MGYP000916139640.pdb.gz	MGYP000916139640.pdb.gz	1.387E-27	1.000	954	34	504	527	590	1049	1240	487	0.894	0.371
LOKIASV2_4403_ESMFold_NAD-dependent_succinate-semialdehyde_dehydrogenase	MGYP002683294683.pdb.gz	MGYP002683294683.pdb.gz	7.935E-25	1.000	950	136	410	527	4	277	279	276	0.522	0.982
LOKIASV2_4403_ESMFold_NAD-dependent_succinate-semialdehyde_dehydrogenase	MGYP002628025076.pdb.gz	MGYP002628025076.pdb.gz	3.888E-27	1.000	948	34	498	527	515	959	1090	475	0.882	0.408
LOKIASV2_4403_ESMFold_NAD-dependent_succinate-semialdehyde_dehydrogenase	MGYP001764307756.pdb.gz	MGYP001764307756.pdb.gz	1.355E-26	1.000	947	136	462	527	5	327	327	336	0.620	0.988
LOKIASV2_4403_ESMFold_NAD-dependent_succinate-semialdehyde_dehydrogenase	MGYP000325938555.pdb.gz	MGYP000325938555.pdb.gz	1.464E-27	1.000	943	15	476	527	41	527	542	500	0.877	0.899
LOKIASV2_4403_ESMFold_NAD-dependent_succinate-semialdehyde_dehydrogenase	MGYP001656270865.pdb.gz	MGYP001656270865.pdb.gz	1.041E-24	1.000	941	207	482	527	4	269	272	277	0.524	0.978
LOKIASV2_4403_ESMFold_NAD-dependent_succinate-semialdehyde_dehydrogenase	MGYP001457742276.pdb.gz	MGYP001457742276.pdb.gz	4.720E-26	1.000	936	9	390	527	19	393	395	390	0.725	0.949
LOKIASV2_4403_ESMFold_NAD-dependent_succinate-semialdehyde_dehydrogenase	MGYP002622756131.pdb.gz	MGYP002622756131.pdb.gz	4.945E-28	1.000	933	24	476	527	54	523	523	490	0.860	0.899
LOKIASV2_4403_ESMFold_NAD-dependent_succinate-semialdehyde_dehydrogenase	MGYP003387888019.pdb.gz	MGYP003387888019.pdb.gz	1.696E-24	1.000	932	144	436	527	2	297	298	297	0.556	0.993
LOKIASV2_4403_ESMFold_NAD-dependent_succinate-semialdehyde_dehydrogenase	MGYP001083636705.pdb.gz	MGYP001083636705.pdb.gz	1.791E-24	1.000	926	220	481	527	4	258	258	266	0.497	0.988
LOKIASV2_4403_ESMFold_NAD-dependent_succinate-semialdehyde_dehydrogenase	MGYP000679771600.pdb.gz	MGYP000679771600.pdb.gz	5.022E-24	1.000	919	209	465	527	2	259	261	262	0.488	0.989
LOKIASV2_4403_ESMFold_NAD-dependent_succinate-semialdehyde_dehydrogenase	MGYP002714777765.pdb.gz	MGYP002714777765.pdb.gz	1.041E-24	1.000	915	181	472	527	9	295	301	301	0.554	0.953
LOKIASV2_4403_ESMFold_NAD-dependent_succinate-semialdehyde_dehydrogenase	MGYP001482497172.pdb.gz	MGYP001482497172.pdb.gz	1.876E-26	1.000	914	133	500	527	2	363	365	376	0.698	0.992
LOKIASV2_4403_ESMFold_NAD-dependent_succinate-semialdehyde_dehydrogenase	MGYP001324394318.pdb.gz	MGYP001324394318.pdb.gz	1.365E-24	1.000	910	182	481	527	2	291	291	302	0.569	0.997
LOKIASV2_4403_ESMFold_NAD-dependent_succinate-semialdehyde_dehydrogenase	MGYP001818097937.pdb.gz	MGYP001818097937.pdb.gz	1.522E-24	1.000	910	8	359	527	118	463	463	354	0.668	0.747
LOKIASV2_4403_ESMFold_NAD-dependent_succinate-semialdehyde_dehydrogenase	MGYP003961228513.pdb.gz	MGYP003961228513.pdb.gz	6.191E-26	1.000	908	9	398	527	52	445	447	408	0.740	0.881
LOKIASV2_4403_ESMFold_NAD-dependent_succinate-semialdehyde_dehydrogenase	MGYP000096350037.pdb.gz	MGYP000096350037.pdb.gz	7.286E-26	1.000	907	23	402	527	3	374	375	384	0.721	0.992
LOKIASV2_4403_ESMFold_NAD-dependent_succinate-semialdehyde_dehydrogenase	MGYP002477620817.pdb.gz	MGYP002477620817.pdb.gz	1.594E-26	1.000	902	97	490	527	3	396	405	410	0.748	0.973
LOKIASV2_4403_ESMFold_NAD-dependent_succinate-semialdehyde_dehydrogenase	MGYP001447767802.pdb.gz	MGYP001447767802.pdb.gz	1.215E-26	1.000	902	13	476	527	20	431	434	481	0.880	0.949
LOKIASV2_4403_ESMFold_NAD-dependent_succinate-semialdehyde_dehydrogenase	MGYP001800872421.pdb.gz	MGYP001800872421.pdb.gz	1.777E-26	1.000	902	12	434	527	45	459	462	443	0.803	0.898
LOKIASV2_4403_ESMFold_NAD-dependent_succinate-semialdehyde_dehydrogenase	MGYP003295331363.pdb.gz	MGYP003295331363.pdb.gz	1.187E-25	1.000	900	9	468	527	41	463	463	467	0.873	0.914
LOKIASV2_4403_ESMFold_NAD-dependent_succinate-semialdehyde_dehydrogenase	MGYP000081966982.pdb.gz	MGYP000081966982.pdb.gz	1.387E-27	1.000	900	30	490	527	20	464	512	479	0.875	0.869
LOKIASV2_4403_ESMFold_NAD-dependent_succinate-semialdehyde_dehydrogenase	MGYP000919657895.pdb.gz	MGYP000919657895.pdb.gz	3.626E-24	1.000	897	9	394	527	19	402	406	394	0.732	0.946
LOKIASV2_4403_ESMFold_NAD-dependent_succinate-semialdehyde_dehydrogenase	MGYP001103291562.pdb.gz	MGYP001103291562.pdb.gz	6.049E-25	1.000	894	9	394	527	46	417	422	396	0.732	0.882
LOKIASV2_4403_ESMFold_NAD-dependent_succinate-semialdehyde_dehydrogenase	MGYP002145087628.pdb.gz	MGYP002145087628.pdb.gz	8.185E-24	1.000	893	176	472	527	3	302	306	303	0.564	0.980
LOKIASV2_4403_ESMFold_NAD-dependent_succinate-semialdehyde_dehydrogenase	MGYP003976442751.pdb.gz	MGYP003976442751.pdb.gz	2.108E-24	1.000	888	62	389	527	2	320	320	332	0.622	0.997
LOKIASV2_4403_ESMFold_NAD-dependent_succinate-semialdehyde_dehydrogenase	MGYP000542084162.pdb.gz	MGYP000542084162.pdb.gz	4.042E-24	1.000	887	9	365	527	3	358	409	367	0.677	0.870
LOKIASV2_4403_ESMFold_NAD-dependent_succinate-semialdehyde_dehydrogenase	MGYP000752371098.pdb.gz	MGYP000752371098.pdb.gz	1.453E-22	1.000	882	207	456	527	3	254	362	254	0.474	0.696
LOKIASV2_4403_ESMFold_NAD-dependent_succinate-semialdehyde_dehydrogenase	MGYP001258469713.pdb.gz	MGYP001258469713.pdb.gz	1.657E-23	1.000	873	161	456	527	6	301	301	304	0.562	0.983
LOKIASV2_4403_ESMFold_NAD-dependent_succinate-semialdehyde_dehydrogenase	MGYP000181609316.pdb.gz	MGYP000181609316.pdb.gz	8.642E-24	1.000	872	207	490	527	4	278	378	286	0.539	0.728
LOKIASV2_4403_ESMFold_NAD-dependent_succinate-semialdehyde_dehydrogenase	MGYP002623923167.pdb.gz	MGYP002623923167.pdb.gz	3.356E-23	1.000	868	9	302	527	1	291	303	296	0.558	0.960
LOKIASV2_4403_ESMFold_NAD-dependent_succinate-semialdehyde_dehydrogenase	MGYP001942053470.pdb.gz	MGYP001942053470.pdb.gz	1.334E-23	1.000	868	31	403	527	1	363	364	375	0.708	0.997
LOKIASV2_4403_ESMFold_NAD-dependent_succinate-semialdehyde_dehydrogenase	MGYP000440395390.pdb.gz	MGYP000440395390.pdb.gz	5.775E-23	1.000	864	12	336	527	20	335	338	326	0.617	0.935
LOKIASV2_4403_ESMFold_NAD-dependent_succinate-semialdehyde_dehydrogenase	MGYP003603690219.pdb.gz	MGYP003603690219.pdb.gz	5.302E-24	1.000	863	157	479	527	3	317	318	328	0.613	0.991
LOKIASV2_4403_ESMFold_NAD-dependent_succinate-semialdehyde_dehydrogenase	MGYP000029016806.pdb.gz	MGYP000029016806.pdb.gz	3.082E-24	1.000	862	136	448	527	13	314	314	315	0.594	0.962
LOKIASV2_4403_ESMFold_NAD-dependent_succinate-semialdehyde_dehydrogenase	MGYP003589698698.pdb.gz	MGYP003589698698.pdb.gz	5.022E-24	1.000	860	37	414	527	9	374	375	380	0.717	0.976
LOKIASV2_4403_ESMFold_NAD-dependent_succinate-semialdehyde_dehydrogenase	MGYP000648425631.pdb.gz	MGYP000648425631.pdb.gz	4.170E-23	1.000	852	12	318	527	3	309	310	312	0.583	0.990
LOKIASV2_4403_ESMFold_NAD-dependent_succinate-semialdehyde_dehydrogenase	MGYP001500960434.pdb.gz	MGYP001500960434.pdb.gz	4.170E-23	1.000	851	9	365	527	14	369	371	364	0.677	0.960
LOKIASV2_4403_ESMFold_NAD-dependent_succinate-semialdehyde_dehydrogenase	MGYP000122540909.pdb.gz	MGYP000122540909.pdb.gz	3.011E-23	1.000	850	142	427	527	2	288	434	291	0.543	0.661
LOKIASV2_4403_ESMFold_NAD-dependent_succinate-semialdehyde_dehydrogenase	MGYP000507032400.pdb.gz	MGYP000507032400.pdb.gz	1.534E-22	1.000	847	158	434	527	2	284	285	287	0.526	0.993
LOKIASV2_4403_ESMFold_NAD-dependent_succinate-semialdehyde_dehydrogenase	MGYP003546567070.pdb.gz	MGYP003546567070.pdb.gz	1.453E-22	1.000	839	13	322	527	19	323	324	312	0.588	0.941
LOKIASV2_4403_ESMFold_NAD-dependent_succinate-semialdehyde_dehydrogenase	MGYP002143391057.pdb.gz	MGYP002143391057.pdb.gz	1.049E-22	1.000	838	11	342	527	31	360	492	337	0.630	0.671
LOKIASV2_4403_ESMFold_NAD-dependent_succinate-semialdehyde_dehydrogenase	MGYP001432853373.pdb.gz	MGYP001432853373.pdb.gz	1.453E-22	1.000	836	13	359	527	3	344	345	351	0.658	0.991
LOKIASV2_4403_ESMFold_NAD-dependent_succinate-semialdehyde_dehydrogenase	MGYP000095914377.pdb.gz	MGYP000095914377.pdb.gz	9.859E-25	1.000	830	183	504	527	2	318	318	327	0.611	0.997
LOKIASV2_4403_ESMFold_NAD-dependent_succinate-semialdehyde_dehydrogenase	MGYP000621774230.pdb.gz	MGYP000621774230.pdb.gz	2.919E-24	1.000	830	10	408	527	55	459	460	425	0.757	0.880
LOKIASV2_4403_ESMFold_NAD-dependent_succinate-semialdehyde_dehydrogenase	MGYP000275853175.pdb.gz	MGYP000275853175.pdb.gz	2.368E-22	1.000	826	7	312	527	13	314	315	306	0.581	0.959
LOKIASV2_4403_ESMFold_NAD-dependent_succinate-semialdehyde_dehydrogenase	MGYP003347995350.pdb.gz	MGYP003347995350.pdb.gz	4.437E-21	1.000	825	215	465	527	65	311	316	251	0.476	0.782
LOKIASV2_4403_ESMFold_NAD-dependent_succinate-semialdehyde_dehydrogenase	MGYP001130924038.pdb.gz	MGYP001130924038.pdb.gz	9.557E-26	1.000	825	9	475	527	45	490	490	498	0.886	0.910
LOKIASV2_4403_ESMFold_NAD-dependent_succinate-semialdehyde_dehydrogenase	MGYP001569984856.pdb.gz	MGYP001569984856.pdb.gz	1.134E-23	1.000	821	59	474	527	2	349	350	420	0.789	0.994
LOKIASV2_4403_ESMFold_NAD-dependent_succinate-semialdehyde_dehydrogenase	MGYP002760611010.pdb.gz	MGYP002760611010.pdb.gz	5.344E-22	1.000	815	139	401	527	2	262	262	268	0.499	0.996
LOKIASV2_4403_ESMFold_NAD-dependent_succinate-semialdehyde_dehydrogenase	MGYP003382533469.pdb.gz	MGYP003382533469.pdb.gz	1.819E-20	1.000	814	216	434	527	1	221	222	222	0.416	0.995
LOKIASV2_4403_ESMFold_NAD-dependent_succinate-semialdehyde_dehydrogenase	MGYP001287878942.pdb.gz	MGYP001287878942.pdb.gz	1.582E-21	1.000	812	13	299	527	26	308	310	287	0.545	0.913
LOKIASV2_4403_ESMFold_NAD-dependent_succinate-semialdehyde_dehydrogenase	MGYP003336208741.pdb.gz	MGYP003336208741.pdb.gz	9.411E-23	1.000	811	34	386	527	3	345	346	356	0.670	0.991
LOKIASV2_4403_ESMFold_NAD-dependent_succinate-semialdehyde_dehydrogenase	MGYP003398374236.pdb.gz	MGYP003398374236.pdb.gz	3.279E-22	1.000	805	50	427	527	2	371	371	393	0.717	0.997
LOKIASV2_4403_ESMFold_NAD-dependent_succinate-semialdehyde_dehydrogenase	MGYP002624310262.pdb.gz	MGYP002624310262.pdb.gz	2.701E-23	1.000	803	157	491	527	5	349	350	349	0.636	0.986
LOKIASV2_4403_ESMFold_NAD-dependent_succinate-semialdehyde_dehydrogenase	MGYP001191877200.pdb.gz	MGYP001191877200.pdb.gz	1.570E-23	1.000	803	10	397	527	54	447	448	415	0.736	0.879
LOKIASV2_4403_ESMFold_NAD-dependent_succinate-semialdehyde_dehydrogenase	MGYP003971313905.pdb.gz	MGYP003971313905.pdb.gz	9.708E-22	1.000	802	171	470	527	3	308	314	310	0.569	0.975
LOKIASV2_4403_ESMFold_NAD-dependent_succinate-semialdehyde_dehydrogenase	MGYP001586575843.pdb.gz	MGYP001586575843.pdb.gz	3.279E-22	1.000	801	49	405	527	2	358	360	369	0.677	0.992
LOKIASV2_4403_ESMFold_NAD-dependent_succinate-semialdehyde_dehydrogenase	MGYP001567441183.pdb.gz	MGYP001567441183.pdb.gz	1.273E-21	1.000	800	9	327	527	18	331	333	325	0.605	0.943
LOKIASV2_4403_ESMFold_NAD-dependent_succinate-semialdehyde_dehydrogenase	MGYP000355306163.pdb.gz	MGYP000355306163.pdb.gz	6.796E-23	1.000	798	136	456	527	10	326	326	327	0.609	0.972
LOKIASV2_4403_ESMFold_NAD-dependent_succinate-semialdehyde_dehydrogenase	MGYP001096189058.pdb.gz	MGYP001096189058.pdb.gz	2.942E-22	1.000	792	33	385	527	6	346	347	356	0.670	0.983
LOKIASV2_4403_ESMFold_NAD-dependent_succinate-semialdehyde_dehydrogenase	MGYP001200400449.pdb.gz	MGYP001200400449.pdb.gz	6.003E-20	1.000	786	228	472	527	1	246	250	249	0.465	0.984
LOKIASV2_4403_ESMFold_NAD-dependent_succinate-semialdehyde_dehydrogenase	MGYP000096801405.pdb.gz	MGYP000096801405.pdb.gz	5.642E-22	1.000	786	28	381	527	1	346	346	355	0.672	1.000
LOKIASV2_4403_ESMFold_NAD-dependent_succinate-semialdehyde_dehydrogenase	MGYP000653406206.pdb.gz	MGYP000653406206.pdb.gz	3.770E-21	1.000	783	23	365	527	1	342	343	349	0.651	0.997
LOKIASV2_4403_ESMFold_NAD-dependent_succinate-semialdehyde_dehydrogenase	MGYP000226111936.pdb.gz	MGYP000226111936.pdb.gz	2.519E-20	1.000	783	220	435	527	124	342	348	219	0.410	0.629
LOKIASV2_4403_ESMFold_NAD-dependent_succinate-semialdehyde_dehydrogenase	MGYP001159729111.pdb.gz	MGYP001159729111.pdb.gz	1.632E-20	1.000	782	160	424	527	12	278	403	269	0.503	0.663
LOKIASV2_4403_ESMFold_NAD-dependent_succinate-semialdehyde_dehydrogenase	MGYP003748229981.pdb.gz	MGYP003748229981.pdb.gz	2.639E-22	1.000	775	1	357	527	119	495	496	385	0.677	0.760
LOKIASV2_4403_ESMFold_NAD-dependent_succinate-semialdehyde_dehydrogenase	MGYP001954816949.pdb.gz	MGYP001954816949.pdb.gz	3.382E-21	1.000	774	15	354	527	50	383	387	344	0.645	0.863
LOKIASV2_4403_ESMFold_NAD-dependent_succinate-semialdehyde_dehydrogenase	MGYP003344838659.pdb.gz	MGYP003344838659.pdb.gz	1.206E-21	1.000	774	169	454	527	98	391	415	297	0.543	0.708
LOKIASV2_4403_ESMFold_NAD-dependent_succinate-semialdehyde_dehydrogenase	MGYP000423136447.pdb.gz	MGYP000423136447.pdb.gz	3.229E-19	1.000	770	236	429	527	2	195	196	195	0.368	0.990
LOKIASV2_4403_ESMFold_NAD-dependent_succinate-semialdehyde_dehydrogenase	MGYP000954242864.pdb.gz	MGYP000954242864.pdb.gz	1.777E-19	1.000	770	245	468	527	1	224	232	227	0.425	0.966
LOKIASV2_4403_ESMFold_NAD-dependent_succinate-semialdehyde_dehydrogenase	MGYP001317666068.pdb.gz	MGYP001317666068.pdb.gz	1.441E-24	1.000	770	16	474	527	71	551	556	503	0.871	0.865
LOKIASV2_4403_ESMFold_NAD-dependent_succinate-semialdehyde_dehydrogenase	MGYP003527336813.pdb.gz	MGYP003527336813.pdb.gz	2.331E-19	1.000	767	223	462	527	1	236	236	242	0.455	1.000
LOKIASV2_4403_ESMFold_NAD-dependent_succinate-semialdehyde_dehydrogenase	MGYP001585545374.pdb.gz	MGYP001585545374.pdb.gz	1.116E-20	1.000	767	11	321	527	17	324	324	317	0.590	0.951
LOKIASV2_4403_ESMFold_NAD-dependent_succinate-semialdehyde_dehydrogenase	MGYP001602177958.pdb.gz	MGYP001602177958.pdb.gz	5.221E-21	1.000	766	43	340	527	2	293	294	301	0.565	0.993
LOKIASV2_4403_ESMFold_NAD-dependent_succinate-semialdehyde_dehydrogenase	MGYP000719413759.pdb.gz	MGYP000719413759.pdb.gz	8.509E-21	1.000	764	12	342	527	17	343	343	335	0.628	0.953
LOKIASV2_4403_ESMFold_NAD-dependent_succinate-semialdehyde_dehydrogenase	MGYP003706249063.pdb.gz	MGYP003706249063.pdb.gz	1.632E-20	1.000	761	158	414	527	4	267	268	264	0.488	0.985
LOKIASV2_4403_ESMFold_NAD-dependent_succinate-semialdehyde_dehydrogenase	MGYP000938493328.pdb.gz	MGYP000938493328.pdb.gz	1.025E-21	1.000	759	183	481	527	14	309	311	306	0.567	0.952
LOKIASV2_4403_ESMFold_NAD-dependent_succinate-semialdehyde_dehydrogenase	MGYP001809798267.pdb.gz	MGYP001809798267.pdb.gz	7.875E-20	1.000	758	202	459	527	11	270	272	264	0.490	0.956
LOKIASV2_4403_ESMFold_NAD-dependent_succinate-semialdehyde_dehydrogenase	MGYP000682546529.pdb.gz	MGYP000682546529.pdb.gz	2.578E-21	1.000	758	64	372	527	3	304	305	316	0.586	0.990
LOKIASV2_4403_ESMFold_NAD-dependent_succinate-semialdehyde_dehydrogenase	MGYP000738840963.pdb.gz	MGYP000738840963.pdb.gz	3.382E-21	1.000	757	9	316	527	27	323	433	311	0.584	0.686
LOKIASV2_4403_ESMFold_NAD-dependent_succinate-semialdehyde_dehydrogenase	MGYP001815205386.pdb.gz	MGYP001815205386.pdb.gz	1.464E-20	1.000	755	17	279	527	20	279	281	265	0.499	0.925
LOKIASV2_4403_ESMFold_NAD-dependent_succinate-semialdehyde_dehydrogenase	MGYP002734299306.pdb.gz	MGYP002734299306.pdb.gz	5.262E-19	1.000	752	218	425	527	2	208	209	208	0.395	0.990
LOKIASV2_4403_ESMFold_NAD-dependent_succinate-semialdehyde_dehydrogenase	MGYP000061662379.pdb.gz	MGYP000061662379.pdb.gz	8.777E-20	1.000	752	30	293	527	2	264	265	265	0.501	0.992
LOKIASV2_4403_ESMFold_NAD-dependent_succinate-semialdehyde_dehydrogenase	MGYP003384143924.pdb.gz	MGYP003384143924.pdb.gz	8.249E-22	1.000	750	197	504	527	6	310	310	314	0.584	0.984
LOKIASV2_4403_ESMFold_NAD-dependent_succinate-semialdehyde_dehydrogenase	MGYP001549736271.pdb.gz	MGYP001549736271.pdb.gz	1.169E-22	1.000	750	30	470	527	42	441	446	452	0.837	0.897
LOKIASV2_4403_ESMFold_NAD-dependent_succinate-semialdehyde_dehydrogenase	MGYP000014338018.pdb.gz	MGYP000014338018.pdb.gz	1.057E-20	1.000	746	93	394	527	85	378	380	304	0.573	0.774
LOKIASV2_4403_ESMFold_NAD-dependent_succinate-semialdehyde_dehydrogenase	MGYP000149533402.pdb.gz	MGYP000149533402.pdb.gz	6.338E-20	1.000	744	9	347	527	13	345	354	343	0.643	0.941
LOKIASV2_4403_ESMFold_NAD-dependent_succinate-semialdehyde_dehydrogenase	MGYP001437162795.pdb.gz	MGYP001437162795.pdb.gz	6.955E-24	1.000	744	9	481	527	65	557	560	521	0.898	0.880
LOKIASV2_4403_ESMFold_NAD-dependent_succinate-semialdehyde_dehydrogenase	MGYP002624753794.pdb.gz	MGYP002624753794.pdb.gz	5.221E-21	1.000	741	165	474	527	2	298	299	315	0.588	0.993
LOKIASV2_4403_ESMFold_NAD-dependent_succinate-semialdehyde_dehydrogenase	MGYP001823614463.pdb.gz	MGYP001823614463.pdb.gz	5.512E-21	1.000	738	217	495	527	1	269	271	281	0.529	0.993
LOKIASV2_4403_ESMFold_NAD-dependent_succinate-semialdehyde_dehydrogenase	MGYP003651975317.pdb.gz	MGYP003651975317.pdb.gz	5.262E-19	1.000	734	242	468	527	85	308	318	232	0.431	0.704
LOKIASV2_4403_ESMFold_NAD-dependent_succinate-semialdehyde_dehydrogenase	MGYP002231071147.pdb.gz	MGYP002231071147.pdb.gz	1.001E-20	1.000	734	33	391	527	4	353	360	359	0.681	0.972
LOKIASV2_4403_ESMFold_NAD-dependent_succinate-semialdehyde_dehydrogenase	MGYP002136843470.pdb.gz	MGYP002136843470.pdb.gz	7.875E-20	1.000	733	9	305	527	5	304	304	307	0.564	0.987
LOKIASV2_4403_ESMFold_NAD-dependent_succinate-semialdehyde_dehydrogenase	MGYP001592213866.pdb.gz	MGYP001592213866.pdb.gz	1.091E-19	1.000	731	9	327	527	65	381	383	327	0.605	0.828
LOKIASV2_4403_ESMFold_NAD-dependent_succinate-semialdehyde_dehydrogenase	MGYP000671477114.pdb.gz	MGYP000671477114.pdb.gz	4.471E-19	1.000	730	235	468	527	3	229	238	237	0.444	0.954
LOKIASV2_4403_ESMFold_NAD-dependent_succinate-semialdehyde_dehydrogenase	MGYP000567510963.pdb.gz	MGYP000567510963.pdb.gz	1.033E-19	1.000	729	161	425	527	11	281	283	275	0.503	0.958
LOKIASV2_4403_ESMFold_NAD-dependent_succinate-semialdehyde_dehydrogenase	MGYP002152658531.pdb.gz	MGYP002152658531.pdb.gz	4.369E-18	1.000	728	223	436	527	2	214	220	214	0.406	0.968
LOKIASV2_4403_ESMFold_NAD-dependent_succinate-semialdehyde_dehydrogenase	MGYP003122393373.pdb.gz	MGYP003122393373.pdb.gz	4.012E-19	1.000	728	221	474	527	2	253	256	255	0.482	0.984
LOKIASV2_4403_ESMFold_NAD-dependent_succinate-semialdehyde_dehydrogenase	MGYP000371439292.pdb.gz	MGYP000371439292.pdb.gz	2.897E-19	1.000	727	8	302	527	16	306	307	297	0.560	0.948
LOKIASV2_4403_ESMFold_NAD-dependent_succinate-semialdehyde_dehydrogenase	MGYP001501286447.pdb.gz	MGYP001501286447.pdb.gz	3.382E-21	1.000	727	188	490	527	2	317	317	321	0.575	0.997
LOKIASV2_4403_ESMFold_NAD-dependent_succinate-semialdehyde_dehydrogenase	MGYP000423127439.pdb.gz	MGYP000423127439.pdb.gz	1.645E-18	1.000	718	217	416	527	1	201	202	202	0.380	0.995
LOKIASV2_4403_ESMFold_NAD-dependent_succinate-semialdehyde_dehydrogenase	MGYP001567969496.pdb.gz	MGYP001567969496.pdb.gz	3.859E-22	1.000	712	15	478	527	21	480	480	497	0.880	0.958
LOKIASV2_4403_ESMFold_NAD-dependent_succinate-semialdehyde_dehydrogenase	MGYP001224279703.pdb.gz	MGYP001224279703.pdb.gz	1.876E-19	1.000	711	9	337	527	16	338	448	334	0.624	0.721
LOKIASV2_4403_ESMFold_NAD-dependent_succinate-semialdehyde_dehydrogenase	MGYP000120775243.pdb.gz	MGYP000120775243.pdb.gz	9.267E-20	1.000	709	157	481	527	111	431	433	332	0.617	0.741
LOKIASV2_4403_ESMFold_NAD-dependent_succinate-semialdehyde_dehydrogenase	MGYP003493936682.pdb.gz	MGYP003493936682.pdb.gz	3.330E-18	1.000	708	260	468	527	7	211	218	209	0.397	0.940
LOKIASV2_4403_ESMFold_NAD-dependent_succinate-semialdehyde_dehydrogenase	MGYP001578604906.pdb.gz	MGYP001578604906.pdb.gz	1.997E-17	1.000	707	247	436	527	5	194	196	193	0.361	0.969
LOKIASV2_4403_ESMFold_NAD-dependent_succinate-semialdehyde_dehydrogenase	MGYP001289805832.pdb.gz	MGYP001289805832.pdb.gz	5.262E-19	1.000	707	9	302	527	17	306	306	299	0.558	0.948
LOKIASV2_4403_ESMFold_NAD-dependent_succinate-semialdehyde_dehydrogenase	MGYP001628313952.pdb.gz	MGYP001628313952.pdb.gz	6.050E-18	1.000	704	216	430	527	1	211	212	216	0.408	0.995
LOKIASV2_4403_ESMFold_NAD-dependent_succinate-semialdehyde_dehydrogenase	MGYP003350200954.pdb.gz	MGYP003350200954.pdb.gz	8.576E-19	1.000	704	9	319	527	47	359	359	319	0.590	0.872
LOKIASV2_4403_ESMFold_NAD-dependent_succinate-semialdehyde_dehydrogenase	MGYP001281897431.pdb.gz	MGYP001281897431.pdb.gz	4.721E-19	1.000	703	15	331	527	3	310	311	322	0.602	0.990
LOKIASV2_4403_ESMFold_NAD-dependent_succinate-semialdehyde_dehydrogenase	MGYP001387577761.pdb.gz	MGYP001387577761.pdb.gz	4.106E-20	1.000	701	9	307	527	7	293	294	305	0.567	0.976
LOKIASV2_4403_ESMFold_NAD-dependent_succinate-semialdehyde_dehydrogenase	MGYP001172167589.pdb.gz	MGYP001172167589.pdb.gz	2.681E-18	1.000	699	209	432	527	13	231	332	229	0.425	0.660
LOKIASV2_4403_ESMFold_NAD-dependent_succinate-semialdehyde_dehydrogenase	MGYP000703450570.pdb.gz	MGYP000703450570.pdb.gz	1.862E-21	1.000	698	178	501	527	90	416	420	336	0.615	0.779
LOKIASV2_4403_ESMFold_NAD-dependent_succinate-semialdehyde_dehydrogenase	MGYP001392318021.pdb.gz	MGYP001392318021.pdb.gz	4.043E-17	1.000	697	241	431	527	1	190	191	191	0.362	0.995
LOKIASV2_4403_ESMFold_NAD-dependent_succinate-semialdehyde_dehydrogenase	MGYP001801135958.pdb.gz	MGYP001801135958.pdb.gz	6.050E-18	1.000	692	202	420	527	1	222	223	223	0.416	0.996
LOKIASV2_4403_ESMFold_NAD-dependent_succinate-semialdehyde_dehydrogenase	MGYP000269916433.pdb.gz	MGYP000269916433.pdb.gz	1.009E-18	1.000	692	178	454	527	111	383	388	280	0.526	0.704
LOKIASV2_4403_ESMFold_NAD-dependent_succinate-semialdehyde_dehydrogenase	MGYP001229686851.pdb.gz	MGYP001229686851.pdb.gz	1.188E-18	1.000	690	35	325	527	2	293	293	298	0.552	0.997
LOKIASV2_4403_ESMFold_NAD-dependent_succinate-semialdehyde_dehydrogenase	MGYP001554234215.pdb.gz	MGYP001554234215.pdb.gz	4.471E-19	1.000	689	111	394	527	6	287	288	292	0.539	0.979
LOKIASV2_4403_ESMFold_NAD-dependent_succinate-semialdehyde_dehydrogenase	MGYP001596699024.pdb.gz	MGYP001596699024.pdb.gz	6.388E-18	1.000	687	253	481	527	2	229	232	231	0.435	0.983
LOKIASV2_4403_ESMFold_NAD-dependent_succinate-semialdehyde_dehydrogenase	MGYP001325278994.pdb.gz	MGYP001325278994.pdb.gz	3.980E-21	1.000	687	1	336	527	1	321	371	341	0.638	0.865
LOKIASV2_4403_ESMFold_NAD-dependent_succinate-semialdehyde_dehydrogenase	MGYP001098785476.pdb.gz	MGYP001098785476.pdb.gz	6.050E-18	1.000	686	211	434	527	2	226	228	228	0.425	0.987
LOKIASV2_4403_ESMFold_NAD-dependent_succinate-semialdehyde_dehydrogenase	MGYP000352548896.pdb.gz	MGYP000352548896.pdb.gz	3.800E-19	1.000	681	207	491	527	48	332	332	294	0.541	0.858
LOKIASV2_4403_ESMFold_NAD-dependent_succinate-semialdehyde_dehydrogenase	MGYP003317220360.pdb.gz	MGYP003317220360.pdb.gz	4.721E-19	1.000	679	9	299	527	19	305	376	296	0.552	0.763
LOKIASV2_4403_ESMFold_NAD-dependent_succinate-semialdehyde_dehydrogenase	MGYP000697517875.pdb.gz	MGYP000697517875.pdb.gz	4.721E-19	1.000	676	34	329	527	63	356	389	303	0.562	0.756
LOKIASV2_4403_ESMFold_NAD-dependent_succinate-semialdehyde_dehydrogenase	MGYP000016855801.pdb.gz	MGYP000016855801.pdb.gz	2.744E-19	1.000	674	99	355	527	3	257	259	257	0.488	0.985
LOKIASV2_4403_ESMFold_NAD-dependent_succinate-semialdehyde_dehydrogenase	MGYP001439584011.pdb.gz	MGYP001439584011.pdb.gz	1.197E-16	1.000	672	250	434	527	1	187	201	188	0.351	0.930
LOKIASV2_4403_ESMFold_NAD-dependent_succinate-semialdehyde_dehydrogenase	MGYP001565729226.pdb.gz	MGYP001565729226.pdb.gz	7.517E-18	1.000	672	136	386	527	10	259	259	253	0.476	0.965
LOKIASV2_4403_ESMFold_NAD-dependent_succinate-semialdehyde_dehydrogenase	MGYP002717917113.pdb.gz	MGYP002717917113.pdb.gz	1.683E-19	1.000	672	231	510	527	2	279	346	287	0.531	0.803
LOKIASV2_4403_ESMFold_NAD-dependent_succinate-semialdehyde_dehydrogenase	MGYP001261935674.pdb.gz	MGYP001261935674.pdb.gz	3.106E-22	1.000	672	36	481	527	43	470	470	477	0.846	0.911
LOKIASV2_4403_ESMFold_NAD-dependent_succinate-semialdehyde_dehydrogenase	MGYP001134776885.pdb.gz	MGYP001134776885.pdb.gz	1.099E-17	1.000	671	253	483	527	2	230	233	233	0.438	0.983
LOKIASV2_4403_ESMFold_NAD-dependent_succinate-semialdehyde_dehydrogenase	MGYP000099367851.pdb.gz	MGYP000099367851.pdb.gz	6.589E-17	1.000	670	239	434	527	5	200	202	199	0.372	0.970
LOKIASV2_4403_ESMFold_NAD-dependent_succinate-semialdehyde_dehydrogenase	MGYP001258353108.pdb.gz	MGYP001258353108.pdb.gz	5.865E-19	1.000	670	3	355	527	379	712	719	361	0.670	0.465
LOKIASV2_4403_ESMFold_NAD-dependent_succinate-semialdehyde_dehydrogenase	MGYP001988122235.pdb.gz	MGYP001988122235.pdb.gz	2.681E-18	1.000	666	52	365	527	1	295	302	321	0.596	0.977
LOKIASV2_4403_ESMFold_NAD-dependent_succinate-semialdehyde_dehydrogenase	MGYP003704237323.pdb.gz	MGYP003704237323.pdb.gz	7.120E-18	1.000	666	11	285	527	31	304	306	280	0.522	0.895
LOKIASV2_4403_ESMFold_NAD-dependent_succinate-semialdehyde_dehydrogenase	MGYP000446813637.pdb.gz	MGYP000446813637.pdb.gz	2.539E-18	1.000	665	12	339	527	27	350	351	334	0.622	0.923
LOKIASV2_4403_ESMFold_NAD-dependent_succinate-semialdehyde_dehydrogenase	MGYP000188537830.pdb.gz	MGYP000188537830.pdb.gz	1.324E-18	1.000	662	70	390	527	2	304	304	331	0.609	0.997
LOKIASV2_4403_ESMFold_NAD-dependent_succinate-semialdehyde_dehydrogenase	MGYP001429017609.pdb.gz	MGYP001429017609.pdb.gz	4.138E-18	1.000	661	13	317	527	36	335	336	306	0.579	0.893
LOKIASV2_4403_ESMFold_NAD-dependent_succinate-semialdehyde_dehydrogenase	MGYP001274492943.pdb.gz	MGYP001274492943.pdb.gz	1.737E-18	1.000	661	9	331	527	112	437	442	335	0.613	0.738
LOKIASV2_4403_ESMFold_NAD-dependent_succinate-semialdehyde_dehydrogenase	MGYP000335226002.pdb.gz	MGYP000335226002.pdb.gz	3.204E-21	1.000	660	110	479	527	13	348	348	374	0.702	0.966
LOKIASV2_4403_ESMFold_NAD-dependent_succinate-semialdehyde_dehydrogenase	MGYP000052284821.pdb.gz	MGYP000052284821.pdb.gz	3.435E-17	1.000	657	13	295	527	14	288	289	284	0.537	0.952
LOKIASV2_4403_ESMFold_NAD-dependent_succinate-semialdehyde_dehydrogenase	MGYP001822570393.pdb.gz	MGYP001822570393.pdb.gz	6.388E-18	1.000	657	9	310	527	24	326	330	309	0.573	0.918
LOKIASV2_4403_ESMFold_NAD-dependent_succinate-semialdehyde_dehydrogenase	MGYP001092724255.pdb.gz	MGYP001092724255.pdb.gz	4.268E-17	1.000	656	183	410	527	2	230	231	230	0.433	0.991
LOKIASV2_4403_ESMFold_NAD-dependent_succinate-semialdehyde_dehydrogenase	MGYP001667885054.pdb.gz	MGYP001667885054.pdb.gz	2.012E-22	1.000	656	40	483	527	2	442	447	485	0.843	0.987
LOKIASV2_4403_ESMFold_NAD-dependent_succinate-semialdehyde_dehydrogenase	MGYP000054419836.pdb.gz	MGYP000054419836.pdb.gz	2.786E-22	1.000	653	16	480	527	70	559	564	522	0.882	0.869
LOKIASV2_4403_ESMFold_NAD-dependent_succinate-semialdehyde_dehydrogenase	MGYP000064728655.pdb.gz	MGYP000064728655.pdb.gz	1.750E-16	1.000	652	12	250	527	21	251	251	240	0.454	0.920
LOKIASV2_4403_ESMFold_NAD-dependent_succinate-semialdehyde_dehydrogenase	MGYP000601196848.pdb.gz	MGYP000601196848.pdb.gz	5.599E-17	1.000	651	208	451	527	2	248	249	250	0.463	0.992
LOKIASV2_4403_ESMFold_NAD-dependent_succinate-semialdehyde_dehydrogenase	MGYP000170956467.pdb.gz	MGYP000170956467.pdb.gz	4.870E-18	1.000	650	9	305	527	16	314	318	311	0.564	0.940
LOKIASV2_4403_ESMFold_NAD-dependent_succinate-semialdehyde_dehydrogenase	MGYP000673660110.pdb.gz	MGYP000673660110.pdb.gz	1.264E-16	1.000	645	202	413	527	13	222	222	213	0.402	0.946
LOKIASV2_4403_ESMFold_NAD-dependent_succinate-semialdehyde_dehydrogenase	MGYP003596913554.pdb.gz	MGYP003596913554.pdb.gz	3.155E-18	1.000	645	33	347	527	32	341	350	320	0.598	0.886
LOKIASV2_4403_ESMFold_NAD-dependent_succinate-semialdehyde_dehydrogenase	MGYP000550079711.pdb.gz	MGYP000550079711.pdb.gz	1.737E-18	1.000	641	146	434	527	2	296	297	301	0.548	0.993
LOKIASV2_4403_ESMFold_NAD-dependent_succinate-semialdehyde_dehydrogenase	MGYP001570465240.pdb.gz	MGYP001570465240.pdb.gz	3.330E-18	1.000	640	185	448	527	2	284	336	293	0.501	0.842
LOKIASV2_4403_ESMFold_NAD-dependent_succinate-semialdehyde_dehydrogenase	MGYP000603998406.pdb.gz	MGYP000603998406.pdb.gz	1.074E-16	1.000	638	190	390	527	2	201	201	202	0.381	0.995
LOKIASV2_4403_ESMFold_NAD-dependent_succinate-semialdehyde_dehydrogenase	MGYP002714255482.pdb.gz	MGYP002714255482.pdb.gz	8.643E-17	1.000	636	11	276	527	165	433	443	270	0.505	0.607
LOKIASV2_4403_ESMFold_NAD-dependent_succinate-semialdehyde_dehydrogenase	MGYP003513356131.pdb.gz	MGYP003513356131.pdb.gz	8.186E-17	1.000	633	144	384	527	2	245	245	246	0.457	0.996
LOKIASV2_4403_ESMFold_NAD-dependent_succinate-semialdehyde_dehydrogenase	MGYP001796995899.pdb.gz	MGYP001796995899.pdb.gz	7.634E-21	1.000	632	33	481	527	17	458	477	486	0.852	0.927
LOKIASV2_4403_ESMFold_NAD-dependent_succinate-semialdehyde_dehydrogenase	MGYP003648989733.pdb.gz	MGYP003648989733.pdb.gz	5.599E-17	1.000	629	13	289	527	15	286	286	279	0.526	0.951
LOKIASV2_4403_ESMFold_NAD-dependent_succinate-semialdehyde_dehydrogenase	MGYP001242242416.pdb.gz	MGYP001242242416.pdb.gz	8.445E-16	1.000	628	17	234	527	20	236	237	219	0.414	0.916
LOKIASV2_4403_ESMFold_NAD-dependent_succinate-semialdehyde_dehydrogenase	MGYP002652555471.pdb.gz	MGYP002652555471.pdb.gz	1.017E-16	1.000	628	9	256	527	16	265	299	257	0.471	0.836
LOKIASV2_4403_ESMFold_NAD-dependent_succinate-semialdehyde_dehydrogenase	MGYP001619656748.pdb.gz	MGYP001619656748.pdb.gz	6.589E-17	1.000	626	251	468	527	2	213	222	221	0.414	0.955
LOKIASV2_4403_ESMFold_NAD-dependent_succinate-semialdehyde_dehydrogenase	MGYP000742242194.pdb.gz	MGYP000742242194.pdb.gz	1.235E-15	1.000	625	9	212	527	4	206	212	204	0.387	0.958
LOKIASV2_4403_ESMFold_NAD-dependent_succinate-semialdehyde_dehydrogenase	MGYP001498073657.pdb.gz	MGYP001498073657.pdb.gz	2.124E-15	1.000	623	254	435	527	2	187	192	187	0.345	0.969
LOKIASV2_4403_ESMFold_NAD-dependent_succinate-semialdehyde_dehydrogenase	MGYP001821292892.pdb.gz	MGYP001821292892.pdb.gz	3.382E-21	1.000	616	25	390	527	6	414	443	417	0.694	0.923
LOKIASV2_4403_ESMFold_NAD-dependent_succinate-semialdehyde_dehydrogenase	MGYP000873728546.pdb.gz	MGYP000873728546.pdb.gz	1.522E-17	1.000	611	62	331	527	2	265	270	275	0.512	0.978
LOKIASV2_4403_ESMFold_NAD-dependent_succinate-semialdehyde_dehydrogenase	MGYP000383171335.pdb.gz	MGYP000383171335.pdb.gz	5.776E-16	1.000	607	220	458	527	3	242	249	246	0.454	0.964
LOKIASV2_4403_ESMFold_NAD-dependent_succinate-semialdehyde_dehydrogenase	MGYP000505864705.pdb.gz	MGYP000505864705.pdb.gz	1.848E-16	1.000	607	177	429	527	5	252	253	258	0.480	0.980
LOKIASV2_4403_ESMFold_NAD-dependent_succinate-semialdehyde_dehydrogenase	MGYP001769830531.pdb.gz	MGYP001769830531.pdb.gz	1.334E-16	1.000	605	271	481	527	2	201	203	214	0.400	0.985
LOKIASV2_4403_ESMFold_NAD-dependent_succinate-semialdehyde_dehydrogenase	MGYP003577439283.pdb.gz	MGYP003577439283.pdb.gz	8.915E-16	1.000	605	14	260	527	2	242	246	247	0.469	0.980
LOKIASV2_4403_ESMFold_NAD-dependent_succinate-semialdehyde_dehydrogenase	MGYP001546836169.pdb.gz	MGYP001546836169.pdb.gz	2.424E-16	1.000	602	41	310	527	2	269	275	274	0.512	0.975
LOKIASV2_4403_ESMFold_NAD-dependent_succinate-semialdehyde_dehydrogenase	MGYP002632707277.pdb.gz	MGYP002632707277.pdb.gz	7.634E-21	1.000	602	33	500	527	17	470	481	511	0.888	0.944
LOKIASV2_4403_ESMFold_NAD-dependent_succinate-semialdehyde_dehydrogenase	MGYP000660141682.pdb.gz	MGYP000660141682.pdb.gz	6.192E-19	1.000	600	11	342	527	32	357	396	343	0.630	0.823
LOKIASV2_4403_ESMFold_NAD-dependent_succinate-semialdehyde_dehydrogenase	MGYP001357930481.pdb.gz	MGYP001357930481.pdb.gz	1.632E-20	1.000	600	33	494	527	6	463	469	501	0.877	0.977
LOKIASV2_4403_ESMFold_NAD-dependent_succinate-semialdehyde_dehydrogenase	MGYP001604587014.pdb.gz	MGYP001604587014.pdb.gz	2.028E-20	1.000	600	1	481	527	26	474	474	512	0.913	0.947
LOKIASV2_4403_ESMFold_NAD-dependent_succinate-semialdehyde_dehydrogenase	MGYP003471280423.pdb.gz	MGYP003471280423.pdb.gz	2.942E-15	1.000	598	231	414	527	2	187	187	187	0.349	0.995
LOKIASV2_4403_ESMFold_NAD-dependent_succinate-semialdehyde_dehydrogenase	MGYP002651909800.pdb.gz	MGYP002651909800.pdb.gz	3.435E-17	1.000	598	33	299	527	83	344	381	274	0.507	0.688
LOKIASV2_4403_ESMFold_NAD-dependent_succinate-semialdehyde_dehydrogenase	MGYP001549714617.pdb.gz	MGYP001549714617.pdb.gz	3.279E-15	1.000	597	228	410	527	1	182	184	183	0.347	0.989
LOKIASV2_4403_ESMFold_NAD-dependent_succinate-semialdehyde_dehydrogenase	MGYP002625330095.pdb.gz	MGYP002625330095.pdb.gz	8.251E-15	1.000	595	8	218	527	13	220	220	211	0.400	0.945
LOKIASV2_4403_ESMFold_NAD-dependent_succinate-semialdehyde_dehydrogenase	MGYP000721348883.pdb.gz	MGYP000721348883.pdb.gz	2.619E-17	1.000	595	39	341	527	27	324	336	306	0.575	0.887
LOKIASV2_4403_ESMFold_NAD-dependent_succinate-semialdehyde_dehydrogenase	MGYP002655308845.pdb.gz	MGYP002655308845.pdb.gz	9.938E-16	1.000	594	30	281	527	4	254	256	257	0.478	0.980
LOKIASV2_4403_ESMFold_NAD-dependent_succinate-semialdehyde_dehydrogenase	MGYP000616146127.pdb.gz	MGYP000616146127.pdb.gz	3.357E-16	1.000	592	189	405	527	64	274	274	217	0.412	0.770
LOKIASV2_4403_ESMFold_NAD-dependent_succinate-semialdehyde_dehydrogenase	MGYP003340338250.pdb.gz	MGYP003340338250.pdb.gz	1.169E-15	1.000	591	209	427	527	24	240	312	222	0.416	0.696
LOKIASV2_4403_ESMFold_NAD-dependent_succinate-semialdehyde_dehydrogenase	MGYP001483323169.pdb.gz	MGYP001483323169.pdb.gz	2.092E-19	1.000	589	31	481	527	1	423	423	483	0.856	1.000
LOKIASV2_4403_ESMFold_NAD-dependent_succinate-semialdehyde_dehydrogenase	MGYP001270869263.pdb.gz	MGYP001270869263.pdb.gz	7.231E-21	1.000	589	32	481	527	45	482	482	491	0.854	0.909
LOKIASV2_4403_ESMFold_NAD-dependent_succinate-semialdehyde_dehydrogenase	MGYP001235294289.pdb.gz	MGYP001235294289.pdb.gz	2.897E-19	1.000	588	1	481	527	1	429	429	515	0.913	1.000
LOKIASV2_4403_ESMFold_NAD-dependent_succinate-semialdehyde_dehydrogenase	MGYP000884136786.pdb.gz	MGYP000884136786.pdb.gz	2.519E-20	1.000	587	34	495	527	21	479	480	514	0.877	0.956
LOKIASV2_4403_ESMFold_NAD-dependent_succinate-semialdehyde_dehydrogenase	MGYP000940742260.pdb.gz	MGYP000940742260.pdb.gz	3.106E-15	1.000	586	215	403	527	4	195	198	193	0.359	0.970
LOKIASV2_4403_ESMFold_NAD-dependent_succinate-semialdehyde_dehydrogenase	MGYP000536202147.pdb.gz	MGYP000536202147.pdb.gz	4.542E-15	1.000	585	266	455	527	2	192	192	194	0.361	0.995
LOKIASV2_4403_ESMFold_NAD-dependent_succinate-semialdehyde_dehydrogenase	MGYP000380188986.pdb.gz	MGYP000380188986.pdb.gz	8.915E-16	1.000	583	14	301	527	33	321	388	298	0.546	0.745
LOKIASV2_4403_ESMFold_NAD-dependent_succinate-semialdehyde_dehydrogenase	MGYP002581350718.pdb.gz	MGYP002581350718.pdb.gz	2.852E-16	1.000	581	37	331	527	3	292	293	295	0.560	0.990
LOKIASV2_4403_ESMFold_NAD-dependent_succinate-semialdehyde_dehydrogenase	MGYP000450190575.pdb.gz	MGYP000450190575.pdb.gz	4.403E-16	1.000	578	138	405	527	1	267	267	274	0.509	1.000
LOKIASV2_4403_ESMFold_NAD-dependent_succinate-semialdehyde_dehydrogenase	MGYP000484200554.pdb.gz	MGYP000484200554.pdb.gz	1.595E-19	1.000	577	33	494	527	4	462	463	507	0.877	0.991
LOKIASV2_4403_ESMFold_NAD-dependent_succinate-semialdehyde_dehydrogenase	MGYP001021963464.pdb.gz	MGYP001021963464.pdb.gz	1.570E-16	1.000	574	192	454	527	1	265	267	276	0.499	0.993
LOKIASV2_4403_ESMFold_NAD-dependent_succinate-semialdehyde_dehydrogenase	MGYP002877310893.pdb.gz	MGYP002877310893.pdb.gz	3.771E-14	1.000	573	251	420	527	2	169	170	170	0.323	0.988
LOKIASV2_4403_ESMFold_NAD-dependent_succinate-semialdehyde_dehydrogenase	MGYP001217608364.pdb.gz	MGYP001217608364.pdb.gz	2.500E-15	1.000	573	13	261	527	2	244	255	253	0.472	0.953
LOKIASV2_4403_ESMFold_NAD-dependent_succinate-semialdehyde_dehydrogenase	MGYP000515848832.pdb.gz	MGYP000515848832.pdb.gz	3.279E-15	1.000	573	28	285	527	1	257	260	263	0.490	0.988
LOKIASV2_4403_ESMFold_NAD-dependent_succinate-semialdehyde_dehydrogenase	MGYP003586514734.pdb.gz	MGYP003586514734.pdb.gz	3.409E-19	1.000	573	33	481	527	4	418	418	478	0.852	0.993
LOKIASV2_4403_ESMFold_NAD-dependent_succinate-semialdehyde_dehydrogenase	MGYP003661121597.pdb.gz	MGYP003661121597.pdb.gz	9.938E-16	1.000	572	47	309	527	2	264	268	272	0.499	0.981
LOKIASV2_4403_ESMFold_NAD-dependent_succinate-semialdehyde_dehydrogenase	MGYP000622121419.pdb.gz	MGYP000622121419.pdb.gz	3.950E-16	1.000	569	207	494	527	1	283	287	299	0.546	0.986
LOKIASV2_4403_ESMFold_NAD-dependent_succinate-semialdehyde_dehydrogenase	MGYP003313898648.pdb.gz	MGYP003313898648.pdb.gz	7.576E-16	1.000	568	274	481	527	3	210	261	214	0.395	0.797
LOKIASV2_4403_ESMFold_NAD-dependent_succinate-semialdehyde_dehydrogenase	MGYP003345522070.pdb.gz	MGYP003345522070.pdb.gz	3.800E-19	1.000	568	33	481	527	5	419	419	477	0.852	0.990
LOKIASV2_4403_ESMFold_NAD-dependent_succinate-semialdehyde_dehydrogenase	MGYP001561884687.pdb.gz	MGYP001561884687.pdb.gz	3.655E-15	1.000	567	37	295	527	2	262	263	266	0.491	0.992
LOKIASV2_4403_ESMFold_NAD-dependent_succinate-semialdehyde_dehydrogenase	MGYP001339388591.pdb.gz	MGYP001339388591.pdb.gz	1.710E-15	1.000	566	12	278	527	25	287	287	272	0.507	0.916
LOKIASV2_4403_ESMFold_NAD-dependent_succinate-semialdehyde_dehydrogenase	MGYP000010298798.pdb.gz	MGYP000010298798.pdb.gz	2.278E-18	1.000	566	31	480	527	1	411	411	484	0.854	1.000
LOKIASV2_4403_ESMFold_NAD-dependent_succinate-semialdehyde_dehydrogenase	MGYP003365041576.pdb.gz	MGYP003365041576.pdb.gz	1.777E-19	1.000	565	36	481	527	4	415	415	484	0.846	0.993
LOKIASV2_4403_ESMFold_NAD-dependent_succinate-semialdehyde_dehydrogenase	MGYP000501065531.pdb.gz	MGYP000501065531.pdb.gz	4.235E-19	1.000	565	35	481	527	3	407	427	483	0.848	0.948
LOKIASV2_4403_ESMFold_NAD-dependent_succinate-semialdehyde_dehydrogenase	MGYP002001006789.pdb.gz	MGYP002001006789.pdb.gz	4.302E-15	1.000	564	266	472	527	1	204	210	211	0.393	0.971
LOKIASV2_4403_ESMFold_NAD-dependent_succinate-semialdehyde_dehydrogenase	MGYP000314746203.pdb.gz	MGYP000314746203.pdb.gz	1.645E-18	1.000	564	33	481	527	5	415	419	476	0.852	0.981
LOKIASV2_4403_ESMFold_NAD-dependent_succinate-semialdehyde_dehydrogenase	MGYP001129421716.pdb.gz	MGYP001129421716.pdb.gz	4.170E-16	1.000	563	169	453	527	3	302	309	307	0.541	0.971
LOKIASV2_4403_ESMFold_NAD-dependent_succinate-semialdehyde_dehydrogenase	MGYP001384870804.pdb.gz	MGYP001384870804.pdb.gz	9.340E-18	1.000	563	33	429	527	6	373	387	406	0.753	0.951
LOKIASV2_4403_ESMFold_NAD-dependent_succinate-semialdehyde_dehydrogenase	MGYP002717649952.pdb.gz	MGYP002717649952.pdb.gz	4.542E-15	1.000	563	13	259	527	36	281	399	253	0.469	0.617
LOKIASV2_4403_ESMFold_NAD-dependent_succinate-semialdehyde_dehydrogenase	MGYP003386086286.pdb.gz	MGYP003386086286.pdb.gz	3.279E-15	1.000	561	274	478	527	16	215	215	205	0.389	0.930
LOKIASV2_4403_ESMFold_NAD-dependent_succinate-semialdehyde_dehydrogenase	MGYP001826959358.pdb.gz	MGYP001826959358.pdb.gz	4.795E-15	1.000	560	9	278	527	35	301	301	276	0.512	0.887
LOKIASV2_4403_ESMFold_NAD-dependent_succinate-semialdehyde_dehydrogenase	MGYP001396249664.pdb.gz	MGYP001396249664.pdb.gz	5.062E-15	1.000	556	245	481	527	20	257	260	244	0.450	0.915
LOKIASV2_4403_ESMFold_NAD-dependent_succinate-semialdehyde_dehydrogenase	MGYP000695473253.pdb.gz	MGYP000695473253.pdb.gz	1.188E-18	1.000	556	35	479	527	3	414	414	481	0.844	0.995
LOKIASV2_4403_ESMFold_NAD-dependent_succinate-semialdehyde_dehydrogenase	MGYP000621833823.pdb.gz	MGYP000621833823.pdb.gz	1.876E-19	1.000	554	31	517	527	8	504	505	548	0.924	0.984
LOKIASV2_4403_ESMFold_NAD-dependent_succinate-semialdehyde_dehydrogenase	MGYP001136892999.pdb.gz	MGYP001136892999.pdb.gz	2.044E-18	1.000	553	31	489	527	4	459	466	498	0.871	0.979
LOKIASV2_4403_ESMFold_NAD-dependent_succinate-semialdehyde_dehydrogenase	MGYP001185099551.pdb.gz	MGYP001185099551.pdb.gz	6.850E-14	1.000	550	10	215	527	23	228	231	208	0.391	0.892
LOKIASV2_4403_ESMFold_NAD-dependent_succinate-semialdehyde_dehydrogenase	MGYP000564844604.pdb.gz	MGYP000564844604.pdb.gz	7.576E-16	1.000	550	290	524	527	2	238	241	239	0.446	0.983
LOKIASV2_4403_ESMFold_NAD-dependent_succinate-semialdehyde_dehydrogenase	MGYP003339879452.pdb.gz	MGYP003339879452.pdb.gz	1.737E-18	1.000	550	36	480	527	5	419	419	480	0.844	0.990
LOKIASV2_4403_ESMFold_NAD-dependent_succinate-semialdehyde_dehydrogenase	MGYP001394865294.pdb.gz	MGYP001394865294.pdb.gz	3.330E-18	1.000	550	33	481	527	23	442	442	484	0.852	0.950
LOKIASV2_4403_ESMFold_NAD-dependent_succinate-semialdehyde_dehydrogenase	MGYP003143200572.pdb.gz	MGYP003143200572.pdb.gz	8.123E-19	1.000	549	33	481	527	9	420	420	477	0.852	0.981
LOKIASV2_4403_ESMFold_NAD-dependent_succinate-semialdehyde_dehydrogenase	MGYP001799589624.pdb.gz	MGYP001799589624.pdb.gz	2.640E-15	1.000	547	167	419	527	1	252	253	262	0.480	0.996
LOKIASV2_4403_ESMFold_NAD-dependent_succinate-semialdehyde_dehydrogenase	MGYP000782502352.pdb.gz	MGYP000782502352.pdb.gz	2.076E-14	1.000	546	12	263	527	41	293	295	262	0.478	0.858
LOKIASV2_4403_ESMFold_NAD-dependent_succinate-semialdehyde_dehydrogenase	MGYP002519300539.pdb.gz	MGYP002519300539.pdb.gz	5.428E-18	1.000	543	38	481	527	3	409	409	471	0.843	0.995
LOKIASV2_4403_ESMFold_NAD-dependent_succinate-semialdehyde_dehydrogenase	MGYP003965331779.pdb.gz	MGYP003965331779.pdb.gz	6.388E-18	1.000	543	33	481	527	5	413	413	483	0.852	0.990
LOKIASV2_4403_ESMFold_NAD-dependent_succinate-semialdehyde_dehydrogenase	MGYP001334064160.pdb.gz	MGYP001334064160.pdb.gz	2.028E-13	1.000	542	13	239	527	21	239	240	228	0.431	0.913
LOKIASV2_4403_ESMFold_NAD-dependent_succinate-semialdehyde_dehydrogenase	MGYP001124738357.pdb.gz	MGYP001124738357.pdb.gz	1.632E-13	1.000	538	250	450	527	1	200	202	205	0.381	0.990
LOKIASV2_4403_ESMFold_NAD-dependent_succinate-semialdehyde_dehydrogenase	MGYP001305078645.pdb.gz	MGYP001305078645.pdb.gz	1.324E-18	1.000	538	33	481	527	5	419	419	478	0.852	0.990
LOKIASV2_4403_ESMFold_NAD-dependent_succinate-semialdehyde_dehydrogenase	MGYP001585536130.pdb.gz	MGYP001585536130.pdb.gz	4.832E-20	1.000	538	33	524	527	10	511	605	544	0.934	0.830
LOKIASV2_4403_ESMFold_NAD-dependent_succinate-semialdehyde_dehydrogenase	MGYP002653879133.pdb.gz	MGYP002653879133.pdb.gz	2.942E-15	1.000	535	9	298	527	17	302	348	296	0.550	0.822
LOKIASV2_4403_ESMFold_NAD-dependent_succinate-semialdehyde_dehydrogenase	MGYP001613363665.pdb.gz	MGYP001613363665.pdb.gz	4.758E-17	1.000	535	203	503	527	5	327	414	337	0.571	0.780
LOKIASV2_4403_ESMFold_NAD-dependent_succinate-semialdehyde_dehydrogenase	MGYP000993595306.pdb.gz	MGYP000993595306.pdb.gz	3.919E-18	1.000	535	35	490	527	7	427	427	487	0.865	0.986
LOKIASV2_4403_ESMFold_NAD-dependent_succinate-semialdehyde_dehydrogenase	MGYP000494627320.pdb.gz	MGYP000494627320.pdb.gz	7.936E-18	1.000	533	31	481	527	1	435	435	486	0.856	1.000
LOKIASV2_4403_ESMFold_NAD-dependent_succinate-semialdehyde_dehydrogenase	MGYP000745529930.pdb.gz	MGYP000745529930.pdb.gz	1.723E-13	1.000	531	279	434	527	1	155	168	156	0.296	0.923
LOKIASV2_4403_ESMFold_NAD-dependent_succinate-semialdehyde_dehydrogenase	MGYP000550156994.pdb.gz	MGYP000550156994.pdb.gz	1.819E-13	1.000	529	9	242	527	20	247	248	235	0.444	0.919
LOKIASV2_4403_ESMFold_NAD-dependent_succinate-semialdehyde_dehydrogenase	MGYP003951038865.pdb.gz	MGYP003951038865.pdb.gz	1.936E-18	1.000	529	37	480	527	2	410	434	481	0.843	0.942
LOKIASV2_4403_ESMFold_NAD-dependent_succinate-semialdehyde_dehydrogenase	MGYP003660387180.pdb.gz	MGYP003660387180.pdb.gz	2.520E-13	1.000	527	13	231	527	19	234	235	222	0.416	0.919
LOKIASV2_4403_ESMFold_NAD-dependent_succinate-semialdehyde_dehydrogenase	MGYP001619023168.pdb.gz	MGYP001619023168.pdb.gz	4.685E-14	1.000	527	187	423	527	2	236	237	241	0.450	0.992
LOKIASV2_4403_ESMFold_NAD-dependent_succinate-semialdehyde_dehydrogenase	MGYP001125967486.pdb.gz	MGYP001125967486.pdb.gz	6.538E-19	1.000	527	25	490	527	5	428	437	501	0.884	0.970
LOKIASV2_4403_ESMFold_NAD-dependent_succinate-semialdehyde_dehydrogenase	MGYP000739305651.pdb.gz	MGYP000739305651.pdb.gz	9.269E-13	1.000	526	248	429	527	1	178	179	182	0.345	0.994
LOKIASV2_4403_ESMFold_NAD-dependent_succinate-semialdehyde_dehydrogenase	MGYP003603532619.pdb.gz	MGYP003603532619.pdb.gz	8.061E-14	1.000	525	8	266	527	19	272	272	260	0.491	0.934
LOKIASV2_4403_ESMFold_NAD-dependent_succinate-semialdehyde_dehydrogenase	MGYP001569614740.pdb.gz	MGYP001569614740.pdb.gz	1.966E-14	1.000	523	136	363	527	9	238	240	231	0.433	0.958
LOKIASV2_4403_ESMFold_NAD-dependent_succinate-semialdehyde_dehydrogenase	MGYP001065418564.pdb.gz	MGYP001065418564.pdb.gz	2.028E-13	1.000	522	9	216	527	7	213	213	209	0.395	0.972
LOKIASV2_4403_ESMFold_NAD-dependent_succinate-semialdehyde_dehydrogenase	MGYP002653703630.pdb.gz	MGYP002653703630.pdb.gz	4.437E-14	1.000	522	52	297	527	87	328	329	247	0.467	0.736
LOKIASV2_4403_ESMFold_NAD-dependent_succinate-semialdehyde_dehydrogenase	MGYP001044759959.pdb.gz	MGYP001044759959.pdb.gz	7.936E-18	1.000	519	33	481	527	5	430	430	488	0.852	0.991
LOKIASV2_4403_ESMFold_NAD-dependent_succinate-semialdehyde_dehydrogenase	MGYP003339869960.pdb.gz	MGYP003339869960.pdb.gz	2.809E-13	1.000	518	13	247	527	8	229	230	237	0.446	0.965
LOKIASV2_4403_ESMFold_NAD-dependent_succinate-semialdehyde_dehydrogenase	MGYP003126054339.pdb.gz	MGYP003126054339.pdb.gz	8.061E-14	1.000	516	9	250	527	18	256	256	247	0.459	0.934
LOKIASV2_4403_ESMFold_NAD-dependent_succinate-semialdehyde_dehydrogenase	MGYP000986591794.pdb.gz	MGYP000986591794.pdb.gz	2.174E-16	1.000	516	58	395	527	3	326	388	347	0.641	0.835
LOKIASV2_4403_ESMFold_NAD-dependent_succinate-semialdehyde_dehydrogenase	MGYP001253619624.pdb.gz	MGYP001253619624.pdb.gz	1.099E-17	1.000	516	38	481	527	9	419	419	478	0.843	0.981
LOKIASV2_4403_ESMFold_NAD-dependent_succinate-semialdehyde_dehydrogenase	MGYP000707879341.pdb.gz	MGYP000707879341.pdb.gz	2.158E-18	1.000	516	33	508	527	13	473	528	516	0.903	0.873
LOKIASV2_4403_ESMFold_NAD-dependent_succinate-semialdehyde_dehydrogenase	MGYP002634490445.pdb.gz	MGYP002634490445.pdb.gz	6.488E-14	1.000	515	15	300	527	29	310	311	291	0.543	0.907
LOKIASV2_4403_ESMFold_NAD-dependent_succinate-semialdehyde_dehydrogenase	MGYP001570352667.pdb.gz	MGYP001570352667.pdb.gz	6.004E-13	1.000	514	262	434	527	2	169	170	173	0.328	0.988
LOKIASV2_4403_ESMFold_NAD-dependent_succinate-semialdehyde_dehydrogenase	MGYP002568869012.pdb.gz	MGYP002568869012.pdb.gz	5.599E-17	1.000	514	34	434	527	16	406	407	430	0.761	0.961
LOKIASV2_4403_ESMFold_NAD-dependent_succinate-semialdehyde_dehydrogenase	MGYP000729937336.pdb.gz	MGYP000729937336.pdb.gz	7.066E-13	1.000	511	228	398	527	1	171	245	172	0.324	0.698
LOKIASV2_4403_ESMFold_NAD-dependent_succinate-semialdehyde_dehydrogenase	MGYP000452714625.pdb.gz	MGYP000452714625.pdb.gz	6.388E-18	1.000	511	36	481	527	21	437	437	483	0.846	0.954
LOKIASV2_4403_ESMFold_NAD-dependent_succinate-semialdehyde_dehydrogenase	MGYP000223599703.pdb.gz	MGYP000223599703.pdb.gz	4.336E-13	1.000	510	259	433	527	1	168	172	175	0.332	0.977
LOKIASV2_4403_ESMFold_NAD-dependent_succinate-semialdehyde_dehydrogenase	MGYP001278400840.pdb.gz	MGYP001278400840.pdb.gz	2.028E-13	1.000	510	33	261	527	2	227	230	229	0.435	0.983
LOKIASV2_4403_ESMFold_NAD-dependent_succinate-semialdehyde_dehydrogenase	MGYP002514922142.pdb.gz	MGYP002514922142.pdb.gz	2.681E-18	1.000	510	38	491	527	8	422	435	486	0.861	0.954
LOKIASV2_4403_ESMFold_NAD-dependent_succinate-semialdehyde_dehydrogenase	MGYP001593772435.pdb.gz	MGYP001593772435.pdb.gz	2.092E-12	1.000	509	265	434	527	2	173	174	173	0.323	0.989
LOKIASV2_4403_ESMFold_NAD-dependent_succinate-semialdehyde_dehydrogenase	MGYP003584547449.pdb.gz	MGYP003584547449.pdb.gz	7.120E-18	1.000	509	31	480	527	4	426	429	494	0.854	0.986
LOKIASV2_4403_ESMFold_NAD-dependent_succinate-semialdehyde_dehydrogenase	MGYP001427157414.pdb.gz	MGYP001427157414.pdb.gz	2.640E-15	1.000	508	104	350	527	14	254	254	250	0.469	0.949
LOKIASV2_4403_ESMFold_NAD-dependent_succinate-semialdehyde_dehydrogenase	MGYP003593663606.pdb.gz	MGYP003593663606.pdb.gz	4.203E-14	1.000	507	276	478	527	2	197	197	203	0.385	0.995
LOKIASV2_4403_ESMFold_NAD-dependent_succinate-semialdehyde_dehydrogenase	MGYP003333976852.pdb.gz	MGYP003333976852.pdb.gz	1.764E-14	1.000	506	240	481	527	110	352	355	254	0.459	0.685
LOKIASV2_4403_ESMFold_NAD-dependent_succinate-semialdehyde_dehydrogenase	MGYP001482655748.pdb.gz	MGYP001482655748.pdb.gz	7.815E-15	1.000	503	158	391	527	5	229	229	237	0.444	0.983
LOKIASV2_4403_ESMFold_NAD-dependent_succinate-semialdehyde_dehydrogenase	MGYP000410856983.pdb.gz	MGYP000410856983.pdb.gz	2.988E-18	1.000	502	34	481	527	14	426	426	487	0.850	0.969
LOKIASV2_4403_ESMFold_NAD-dependent_succinate-semialdehyde_dehydrogenase	MGYP000424104655.pdb.gz	MGYP000424104655.pdb.gz	1.314E-13	1.000	501	158	381	527	9	232	232	226	0.425	0.966
LOKIASV2_4403_ESMFold_NAD-dependent_succinate-semialdehyde_dehydrogenase	MGYP001488183422.pdb.gz	MGYP001488183422.pdb.gz	8.779E-13	1.000	500	9	219	527	21	227	228	213	0.400	0.908
LOKIASV2_4403_ESMFold_NAD-dependent_succinate-semialdehyde_dehydrogenase	MGYP003949219941.pdb.gz	MGYP003949219941.pdb.gz	8.061E-14	1.000	500	50	290	527	2	239	265	244	0.457	0.898
LOKIASV2_4403_ESMFold_NAD-dependent_succinate-semialdehyde_dehydrogenase	MGYP003492902938.pdb.gz	MGYP003492902938.pdb.gz	1.387E-13	1.000	498	53	295	527	2	231	232	243	0.461	0.991
LOKIASV2_4403_ESMFold_NAD-dependent_succinate-semialdehyde_dehydrogenase	MGYP001487099193.pdb.gz	MGYP001487099193.pdb.gz	9.269E-13	1.000	496	13	235	527	2	222	223	228	0.423	0.991
LOKIASV2_4403_ESMFold_NAD-dependent_succinate-semialdehyde_dehydrogenase	MGYP000666067582.pdb.gz	MGYP000666067582.pdb.gz	1.235E-15	1.000	496	178	493	527	116	423	558	330	0.600	0.552
LOKIASV2_4403_ESMFold_NAD-dependent_succinate-semialdehyde_dehydrogenase	MGYP001551839198.pdb.gz	MGYP001551839198.pdb.gz	1.877E-12	1.000	495	9	235	527	13	235	235	229	0.431	0.949
LOKIASV2_4403_ESMFold_NAD-dependent_succinate-semialdehyde_dehydrogenase	MGYP001218871737.pdb.gz	MGYP001218871737.pdb.gz	3.106E-15	1.000	494	140	435	527	2	291	358	309	0.562	0.810
LOKIASV2_4403_ESMFold_NAD-dependent_succinate-semialdehyde_dehydrogenase	MGYP001555464783.pdb.gz	MGYP001555464783.pdb.gz	6.693E-13	1.000	493	12	259	527	2	252	253	262	0.471	0.992
LOKIASV2_4403_ESMFold_NAD-dependent_succinate-semialdehyde_dehydrogenase	MGYP001814517410.pdb.gz	MGYP001814517410.pdb.gz	7.344E-17	1.000	491	32	481	527	23	440	441	485	0.854	0.948
LOKIASV2_4403_ESMFold_NAD-dependent_succinate-semialdehyde_dehydrogenase	MGYP001568448511.pdb.gz	MGYP001568448511.pdb.gz	1.778E-12	1.000	490	9	248	527	17	252	252	242	0.455	0.937
LOKIASV2_4403_ESMFold_NAD-dependent_succinate-semialdehyde_dehydrogenase	MGYP000462907039.pdb.gz	MGYP000462907039.pdb.gz	1.274E-14	1.000	487	328	526	527	2	203	206	203	0.378	0.981
LOKIASV2_4403_ESMFold_NAD-dependent_succinate-semialdehyde_dehydrogenase	MGYP001239904504.pdb.gz	MGYP001239904504.pdb.gz	1.206E-14	1.000	485	28	332	527	5	292	314	312	0.579	0.917
LOKIASV2_4403_ESMFold_NAD-dependent_succinate-semialdehyde_dehydrogenase	MGYP001077255235.pdb.gz	MGYP001077255235.pdb.gz	2.092E-12	1.000	484	270	433	527	2	169	169	169	0.311	0.994
LOKIASV2_4403_ESMFold_NAD-dependent_succinate-semialdehyde_dehydrogenase	MGYP003589138320.pdb.gz	MGYP003589138320.pdb.gz	8.379E-18	1.000	484	38	483	527	8	416	435	479	0.846	0.940
LOKIASV2_4403_ESMFold_NAD-dependent_succinate-semialdehyde_dehydrogenase	MGYP000111579787.pdb.gz	MGYP000111579787.pdb.gz	1.002E-13	1.000	482	188	414	527	2	222	336	233	0.431	0.658
LOKIASV2_4403_ESMFold_NAD-dependent_succinate-semialdehyde_dehydrogenase	MGYP000878019734.pdb.gz	MGYP000878019734.pdb.gz	2.092E-12	1.000	481	249	421	527	1	176	177	178	0.328	0.994
LOKIASV2_4403_ESMFold_NAD-dependent_succinate-semialdehyde_dehydrogenase	MGYP001130089707.pdb.gz	MGYP001130089707.pdb.gz	1.009E-11	1.000	480	254	423	527	2	171	172	171	0.323	0.988
LOKIASV2_4403_ESMFold_NAD-dependent_succinate-semialdehyde_dehydrogenase	MGYP003352445162.pdb.gz	MGYP003352445162.pdb.gz	1.877E-12	1.000	480	13	250	527	23	258	258	243	0.452	0.915
LOKIASV2_4403_ESMFold_NAD-dependent_succinate-semialdehyde_dehydrogenase	MGYP000553064706.pdb.gz	MGYP000553064706.pdb.gz	8.315E-13	1.000	479	287	459	527	2	172	172	175	0.328	0.994
LOKIASV2_4403_ESMFold_NAD-dependent_succinate-semialdehyde_dehydrogenase	MGYP003961258515.pdb.gz	MGYP003961258515.pdb.gz	8.846E-18	1.000	478	35	481	527	10	420	449	481	0.848	0.915
LOKIASV2_4403_ESMFold_NAD-dependent_succinate-semialdehyde_dehydrogenase	MGYP001617613365.pdb.gz	MGYP001617613365.pdb.gz	6.539E-12	1.000	477	30	234	527	2	202	203	207	0.389	0.990
LOKIASV2_4403_ESMFold_NAD-dependent_succinate-semialdehyde_dehydrogenase	MGYP002530850930.pdb.gz	MGYP002530850930.pdb.gz	3.409E-12	1.000	475	220	388	527	2	170	170	170	0.321	0.994
LOKIASV2_4403_ESMFold_NAD-dependent_succinate-semialdehyde_dehydrogenase	MGYP002784937168.pdb.gz	MGYP002784937168.pdb.gz	7.289E-12	1.000	474	239	394	527	4	162	163	159	0.296	0.975
LOKIASV2_4403_ESMFold_NAD-dependent_succinate-semialdehyde_dehydrogenase	MGYP000585143554.pdb.gz	MGYP000585143554.pdb.gz	4.722E-12	1.000	473	247	414	527	3	172	172	172	0.319	0.988
LOKIASV2_4403_ESMFold_NAD-dependent_succinate-semialdehyde_dehydrogenase	MGYP003446163229.pdb.gz	MGYP003446163229.pdb.gz	2.332E-12	1.000	473	31	250	527	1	217	217	220	0.417	1.000
LOKIASV2_4403_ESMFold_NAD-dependent_succinate-semialdehyde_dehydrogenase	MGYP001307796665.pdb.gz	MGYP001307796665.pdb.gz	4.012E-12	1.000	468	267	435	527	2	172	178	172	0.321	0.961
LOKIASV2_4403_ESMFold_NAD-dependent_succinate-semialdehyde_dehydrogenase	MGYP003575638943.pdb.gz	MGYP003575638943.pdb.gz	1.819E-13	1.000	468	46	281	527	2	237	241	245	0.448	0.979
LOKIASV2_4403_ESMFold_NAD-dependent_succinate-semialdehyde_dehydrogenase	MGYP000461717737.pdb.gz	MGYP000461717737.pdb.gz	2.660E-13	1.000	468	181	398	527	2	225	307	227	0.414	0.730
LOKIASV2_4403_ESMFold_NAD-dependent_succinate-semialdehyde_dehydrogenase	MGYP001636561009.pdb.gz	MGYP001636561009.pdb.gz	2.332E-12	1.000	466	23	263	527	7	247	253	248	0.457	0.953
LOKIASV2_4403_ESMFold_NAD-dependent_succinate-semialdehyde_dehydrogenase	MGYP003327869670.pdb.gz	MGYP003327869670.pdb.gz	1.244E-13	1.000	464	137	365	527	36	269	379	237	0.435	0.617
LOKIASV2_4403_ESMFold_NAD-dependent_succinate-semialdehyde_dehydrogenase	MGYP000311719061.pdb.gz	MGYP000311719061.pdb.gz	1.009E-11	1.000	459	9	229	527	25	242	244	223	0.419	0.893
LOKIASV2_4403_ESMFold_NAD-dependent_succinate-semialdehyde_dehydrogenase	MGYP003945778041.pdb.gz	MGYP003945778041.pdb.gz	4.012E-12	1.000	459	9	244	527	23	259	293	245	0.448	0.809
LOKIASV2_4403_ESMFold_NAD-dependent_succinate-semialdehyde_dehydrogenase	MGYP000471910476.pdb.gz	MGYP000471910476.pdb.gz	2.619E-17	1.000	457	53	504	527	1	442	504	505	0.858	0.877
LOKIASV2_4403_ESMFold_NAD-dependent_succinate-semialdehyde_dehydrogenase	MGYP001236408013.pdb.gz	MGYP001236408013.pdb.gz	1.476E-11	1.000	456	9	239	527	40	268	269	235	0.438	0.851
LOKIASV2_4403_ESMFold_NAD-dependent_succinate-semialdehyde_dehydrogenase	MGYP001229660265.pdb.gz	MGYP001229660265.pdb.gz	1.066E-11	1.000	456	9	248	527	46	288	288	248	0.455	0.844
LOKIASV2_4403_ESMFold_NAD-dependent_succinate-semialdehyde_dehydrogenase	MGYP000556157878.pdb.gz	MGYP000556157878.pdb.gz	2.158E-11	1.000	451	31	250	527	1	199	204	221	0.417	0.975
LOKIASV2_4403_ESMFold_NAD-dependent_succinate-semialdehyde_dehydrogenase	MGYP002789556412.pdb.gz	MGYP002789556412.pdb.gz	4.369E-11	1.000	451	9	233	527	22	243	244	226	0.427	0.910
LOKIASV2_4403_ESMFold_NAD-dependent_succinate-semialdehyde_dehydrogenase	MGYP003395266391.pdb.gz	MGYP003395266391.pdb.gz	1.981E-12	1.000	449	164	394	527	1	232	239	237	0.438	0.971
LOKIASV2_4403_ESMFold_NAD-dependent_succinate-semialdehyde_dehydrogenase	MGYP003295823906.pdb.gz	MGYP003295823906.pdb.gz	2.044E-11	1.000	444	9	212	527	20	221	277	208	0.387	0.729
LOKIASV2_4403_ESMFold_NAD-dependent_succinate-semialdehyde_dehydrogenase	MGYP003513864224.pdb.gz	MGYP003513864224.pdb.gz	8.124E-12	1.000	444	35	259	527	106	328	336	226	0.427	0.664
LOKIASV2_4403_ESMFold_NAD-dependent_succinate-semialdehyde_dehydrogenase	MGYP002631431008.pdb.gz	MGYP002631431008.pdb.gz	5.222E-14	1.000	443	9	398	527	15	375	384	405	0.740	0.940
LOKIASV2_4403_ESMFold_NAD-dependent_succinate-semialdehyde_dehydrogenase	MGYP001204076606.pdb.gz	MGYP001204076606.pdb.gz	1.834E-11	1.000	443	10	241	527	167	400	403	238	0.440	0.581
LOKIASV2_4403_ESMFold_NAD-dependent_succinate-semialdehyde_dehydrogenase	MGYP001592197609.pdb.gz	MGYP001592197609.pdb.gz	4.472E-12	1.000	442	156	374	527	9	231	232	224	0.416	0.961
LOKIASV2_4403_ESMFold_NAD-dependent_succinate-semialdehyde_dehydrogenase	MGYP000941348479.pdb.gz	MGYP000941348479.pdb.gz	2.988E-11	1.000	441	9	247	527	16	249	252	240	0.454	0.929
LOKIASV2_4403_ESMFold_NAD-dependent_succinate-semialdehyde_dehydrogenase	MGYP003384959237.pdb.gz	MGYP003384959237.pdb.gz	4.139E-11	1.000	440	8	216	527	8	212	216	211	0.397	0.949
LOKIASV2_4403_ESMFold_NAD-dependent_succinate-semialdehyde_dehydrogenase	MGYP003321326339.pdb.gz	MGYP003321326339.pdb.gz	1.066E-11	1.000	439	226	432	527	28	234	273	213	0.393	0.758
LOKIASV2_4403_ESMFold_NAD-dependent_succinate-semialdehyde_dehydrogenase	MGYP003611078782.pdb.gz	MGYP003611078782.pdb.gz	1.324E-11	1.000	438	250	459	527	1	212	411	216	0.398	0.516
LOKIASV2_4403_ESMFold_NAD-dependent_succinate-semialdehyde_dehydrogenase	MGYP000945125313.pdb.gz	MGYP000945125313.pdb.gz	6.539E-12	1.000	437	8	244	527	55	284	339	248	0.450	0.678
LOKIASV2_4403_ESMFold_NAD-dependent_succinate-semialdehyde_dehydrogenase	MGYP001339368216.pdb.gz	MGYP001339368216.pdb.gz	4.870E-11	1.000	436	13	224	527	139	345	346	213	0.402	0.598
LOKIASV2_4403_ESMFold_NAD-dependent_succinate-semialdehyde_dehydrogenase	MGYP003308184769.pdb.gz	MGYP003308184769.pdb.gz	1.464E-13	1.000	434	300	498	527	4	195	226	199	0.378	0.850
LOKIASV2_4403_ESMFold_NAD-dependent_succinate-semialdehyde_dehydrogenase	MGYP002714591135.pdb.gz	MGYP002714591135.pdb.gz	7.121E-11	1.000	430	50	247	527	2	194	194	202	0.376	0.995
LOKIASV2_4403_ESMFold_NAD-dependent_succinate-semialdehyde_dehydrogenase	MGYP001037352532.pdb.gz	MGYP001037352532.pdb.gz	8.380E-11	1.000	430	11	224	527	30	243	244	222	0.406	0.877
LOKIASV2_4403_ESMFold_NAD-dependent_succinate-semialdehyde_dehydrogenase	MGYP000589699329.pdb.gz	MGYP000589699329.pdb.gz	4.369E-11	1.000	430	9	246	527	21	254	285	242	0.452	0.821
LOKIASV2_4403_ESMFold_NAD-dependent_succinate-semialdehyde_dehydrogenase	MGYP000328930632.pdb.gz	MGYP000328930632.pdb.gz	9.341E-11	1.000	428	9	221	527	16	224	301	215	0.404	0.694
LOKIASV2_4403_ESMFold_NAD-dependent_succinate-semialdehyde_dehydrogenase	MGYP003330858993.pdb.gz	MGYP003330858993.pdb.gz	5.142E-11	1.000	427	286	434	527	2	148	158	149	0.283	0.930
LOKIASV2_4403_ESMFold_NAD-dependent_succinate-semialdehyde_dehydrogenase	MGYP000096424487.pdb.gz	MGYP000096424487.pdb.gz	1.082E-14	1.000	427	40	430	527	3	353	354	416	0.742	0.992
LOKIASV2_4403_ESMFold_NAD-dependent_succinate-semialdehyde_dehydrogenase	MGYP000680316230.pdb.gz	MGYP000680316230.pdb.gz	2.539E-11	1.000	425	13	244	527	26	251	284	239	0.440	0.796
LOKIASV2_4403_ESMFold_NAD-dependent_succinate-semialdehyde_dehydrogenase	MGYP000093959087.pdb.gz	MGYP000093959087.pdb.gz	5.556E-12	1.000	421	297	472	527	47	218	225	180	0.334	0.764
LOKIASV2_4403_ESMFold_NAD-dependent_succinate-semialdehyde_dehydrogenase	MGYP000512817726.pdb.gz	MGYP000512817726.pdb.gz	5.142E-11	1.000	420	247	436	527	13	201	203	196	0.361	0.931
LOKIASV2_4403_ESMFold_NAD-dependent_succinate-semialdehyde_dehydrogenase	MGYP001176876308.pdb.gz	MGYP001176876308.pdb.gz	5.142E-11	1.000	420	33	249	527	11	225	225	219	0.412	0.956
LOKIASV2_4403_ESMFold_NAD-dependent_succinate-semialdehyde_dehydrogenase	MGYP000194260210.pdb.gz	MGYP000194260210.pdb.gz	1.125E-11	1.000	420	164	374	527	2	210	258	212	0.400	0.810
LOKIASV2_4403_ESMFold_NAD-dependent_succinate-semialdehyde_dehydrogenase	MGYP003437662937.pdb.gz	MGYP003437662937.pdb.gz	1.442E-10	1.000	418	247	434	527	2	188	190	191	0.357	0.984
LOKIASV2_4403_ESMFold_NAD-dependent_succinate-semialdehyde_dehydrogenase	MGYP001021268663.pdb.gz	MGYP001021268663.pdb.gz	9.862E-11	1.000	417	40	232	527	9	210	211	203	0.366	0.957
LOKIASV2_4403_ESMFold_NAD-dependent_succinate-semialdehyde_dehydrogenase	MGYP000872784627.pdb.gz	MGYP000872784627.pdb.gz	4.044E-10	1.000	415	13	215	527	25	220	223	203	0.385	0.879
LOKIASV2_4403_ESMFold_NAD-dependent_succinate-semialdehyde_dehydrogenase	MGYP001132407719.pdb.gz	MGYP001132407719.pdb.gz	2.988E-11	1.000	412	13	243	527	3	210	215	234	0.438	0.967
LOKIASV2_4403_ESMFold_NAD-dependent_succinate-semialdehyde_dehydrogenase	MGYP000970380306.pdb.gz	MGYP000970380306.pdb.gz	1.041E-10	1.000	409	253	434	527	2	178	178	186	0.345	0.994
LOKIASV2_4403_ESMFold_NAD-dependent_succinate-semialdehyde_dehydrogenase	MGYP003457115887.pdb.gz	MGYP003457115887.pdb.gz	5.600E-10	1.000	409	35	236	527	8	204	205	205	0.383	0.961
LOKIASV2_4403_ESMFold_NAD-dependent_succinate-semialdehyde_dehydrogenase	MGYP001386231086.pdb.gz	MGYP001386231086.pdb.gz	2.766E-10	1.000	408	40	228	527	2	186	187	191	0.359	0.989
LOKIASV2_4403_ESMFold_NAD-dependent_succinate-semialdehyde_dehydrogenase	MGYP001379913766.pdb.gz	MGYP001379913766.pdb.gz	2.158E-11	1.000	406	301	481	527	2	175	175	181	0.343	0.994
LOKIASV2_4403_ESMFold_NAD-dependent_succinate-semialdehyde_dehydrogenase	MGYP003768446059.pdb.gz	MGYP003768446059.pdb.gz	9.561E-12	1.000	405	80	324	527	2	231	232	249	0.465	0.991
LOKIASV2_4403_ESMFold_NAD-dependent_succinate-semialdehyde_dehydrogenase	MGYP000003864666.pdb.gz	MGYP000003864666.pdb.gz	3.436E-10	1.000	402	253	438	527	2	183	278	187	0.353	0.655
LOKIASV2_4403_ESMFold_NAD-dependent_succinate-semialdehyde_dehydrogenase	MGYP000988287619.pdb.gz	MGYP000988287619.pdb.gz	1.558E-11	1.000	401	293	481	527	2	183	410	191	0.359	0.444
LOKIASV2_4403_ESMFold_NAD-dependent_succinate-semialdehyde_dehydrogenase	MGYP000308724531.pdb.gz	MGYP000308724531.pdb.gz	1.197E-09	1.000	398	41	204	527	2	162	169	164	0.311	0.953
LOKIASV2_4403_ESMFold_NAD-dependent_succinate-semialdehyde_dehydrogenase	MGYP002790704665.pdb.gz	MGYP002790704665.pdb.gz	9.127E-10	1.000	398	37	216	527	2	175	183	180	0.342	0.951
LOKIASV2_4403_ESMFold_NAD-dependent_succinate-semialdehyde_dehydrogenase	MGYP001040010049.pdb.gz	MGYP001040010049.pdb.gz	4.870E-11	1.000	398	25	242	527	9	226	260	227	0.414	0.838
LOKIASV2_4403_ESMFold_NAD-dependent_succinate-semialdehyde_dehydrogenase	MGYP003783851339.pdb.gz	MGYP003783851339.pdb.gz	5.732E-11	1.000	395	188	373	527	3	188	188	188	0.353	0.989
LOKIASV2_4403_ESMFold_NAD-dependent_succinate-semialdehyde_dehydrogenase	MGYP001316476751.pdb.gz	MGYP001316476751.pdb.gz	4.139E-11	1.000	395	61	257	527	2	214	214	214	0.374	0.995
LOKIASV2_4403_ESMFold_NAD-dependent_succinate-semialdehyde_dehydrogenase	MGYP000325745504.pdb.gz	MGYP000325745504.pdb.gz	4.870E-11	1.000	395	3	200	527	38	236	238	208	0.376	0.836
LOKIASV2_4403_ESMFold_NAD-dependent_succinate-semialdehyde_dehydrogenase	MGYP003352155716.pdb.gz	MGYP003352155716.pdb.gz	1.074E-09	1.000	392	13	206	527	89	279	280	196	0.368	0.682
LOKIASV2_4403_ESMFold_NAD-dependent_succinate-semialdehyde_dehydrogenase	MGYP001248387565.pdb.gz	MGYP001248387565.pdb.gz	3.628E-10	1.000	389	9	228	527	24	240	241	226	0.417	0.900
LOKIASV2_4403_ESMFold_NAD-dependent_succinate-semialdehyde_dehydrogenase	MGYP003341118480.pdb.gz	MGYP003341118480.pdb.gz	3.331E-11	1.000	387	304	472	527	24	185	185	169	0.321	0.876
LOKIASV2_4403_ESMFold_NAD-dependent_succinate-semialdehyde_dehydrogenase	MGYP001359876603.pdb.gz	MGYP001359876603.pdb.gz	2.424E-09	1.000	383	34	228	527	2	194	195	198	0.370	0.990
LOKIASV2_4403_ESMFold_NAD-dependent_succinate-semialdehyde_dehydrogenase	MGYP000950033905.pdb.gz	MGYP000950033905.pdb.gz	7.460E-13	1.000	383	30	450	527	2	369	398	442	0.799	0.925
LOKIASV2_4403_ESMFold_NAD-dependent_succinate-semialdehyde_dehydrogenase	MGYP000025253223.pdb.gz	MGYP000025253223.pdb.gz	8.644E-10	1.000	381	15	226	527	2	211	212	220	0.402	0.991
LOKIASV2_4403_ESMFold_NAD-dependent_succinate-semialdehyde_dehydrogenase	MGYP001941633834.pdb.gz	MGYP001941633834.pdb.gz	2.108E-10	1.000	380	57	247	527	3	188	188	198	0.362	0.989
LOKIASV2_4403_ESMFold_NAD-dependent_succinate-semialdehyde_dehydrogenase	MGYP000305936512.pdb.gz	MGYP000305936512.pdb.gz	1.134E-09	1.000	379	59	236	527	2	175	177	180	0.338	0.983
LOKIASV2_4403_ESMFold_NAD-dependent_succinate-semialdehyde_dehydrogenase	MGYP003765987743.pdb.gz	MGYP003765987743.pdb.gz	4.985E-12	1.000	377	111	344	527	9	248	250	251	0.444	0.960
LOKIASV2_4403_ESMFold_NAD-dependent_succinate-semialdehyde_dehydrogenase	MGYP000213343713.pdb.gz	MGYP000213343713.pdb.gz	1.294E-10	1.000	376	324	481	527	1	156	156	163	0.300	1.000
LOKIASV2_4403_ESMFold_NAD-dependent_succinate-semialdehyde_dehydrogenase	MGYP003510738084.pdb.gz	MGYP003510738084.pdb.gz	7.346E-10	1.000	371	259	434	527	2	179	187	183	0.334	0.952
LOKIASV2_4403_ESMFold_NAD-dependent_succinate-semialdehyde_dehydrogenase	MGYP001319066097.pdb.gz	MGYP001319066097.pdb.gz	1.017E-09	1.000	368	198	369	527	2	174	175	175	0.326	0.989
LOKIASV2_4403_ESMFold_NAD-dependent_succinate-semialdehyde_dehydrogenase	MGYP000626796653.pdb.gz	MGYP000626796653.pdb.gz	2.920E-10	1.000	364	202	382	527	5	181	182	185	0.343	0.973
LOKIASV2_4403_ESMFold_NAD-dependent_succinate-semialdehyde_dehydrogenase	MGYP000930573082.pdb.gz	MGYP000930573082.pdb.gz	1.074E-09	1.000	364	31	282	527	526	761	761	254	0.478	0.310
LOKIASV2_4403_ESMFold_NAD-dependent_succinate-semialdehyde_dehydrogenase	MGYP002749829847.pdb.gz	MGYP002749829847.pdb.gz	6.242E-10	1.000	360	247	435	527	3	184	256	193	0.359	0.711
LOKIASV2_4403_ESMFold_NAD-dependent_succinate-semialdehyde_dehydrogenase	MGYP001270395982.pdb.gz	MGYP001270395982.pdb.gz	7.177E-09	1.000	359	50	231	527	1	180	181	186	0.345	0.994
LOKIASV2_4403_ESMFold_NAD-dependent_succinate-semialdehyde_dehydrogenase	MGYP000952857497.pdb.gz	MGYP000952857497.pdb.gz	7.755E-10	1.000	358	328	472	527	2	143	150	146	0.275	0.947
LOKIASV2_4403_ESMFold_NAD-dependent_succinate-semialdehyde_dehydrogenase	MGYP001598055566.pdb.gz	MGYP001598055566.pdb.gz	6.242E-10	1.000	356	281	481	527	2	185	185	201	0.381	0.995
LOKIASV2_4403_ESMFold_NAD-dependent_succinate-semialdehyde_dehydrogenase	MGYP001347351495.pdb.gz	MGYP001347351495.pdb.gz	1.951E-09	1.000	356	50	239	527	3	189	190	196	0.361	0.984
LOKIASV2_4403_ESMFold_NAD-dependent_succinate-semialdehyde_dehydrogenase	MGYP000448053816.pdb.gz	MGYP000448053816.pdb.gz	2.175E-09	1.000	355	296	463	527	62	225	231	168	0.319	0.710
LOKIASV2_4403_ESMFold_NAD-dependent_succinate-semialdehyde_dehydrogenase	MGYP002654871952.pdb.gz	MGYP002654871952.pdb.gz	8.917E-09	1.000	355	9	195	527	84	265	266	188	0.355	0.684
LOKIASV2_4403_ESMFold_NAD-dependent_succinate-semialdehyde_dehydrogenase	MGYP001313566400.pdb.gz	MGYP001313566400.pdb.gz	1.134E-09	1.000	353	198	372	527	3	178	179	181	0.332	0.983
LOKIASV2_4403_ESMFold_NAD-dependent_succinate-semialdehyde_dehydrogenase	MGYP001828675787.pdb.gz	MGYP001828675787.pdb.gz	3.331E-11	1.000	353	292	524	527	2	234	238	244	0.442	0.979
LOKIASV2_4403_ESMFold_NAD-dependent_succinate-semialdehyde_dehydrogenase	MGYP000094193844.pdb.gz	MGYP000094193844.pdb.gz	4.613E-11	1.000	351	51	365	527	5	301	307	335	0.598	0.967
LOKIASV2_4403_ESMFold_NAD-dependent_succinate-semialdehyde_dehydrogenase	MGYP001056587498.pdb.gz	MGYP001056587498.pdb.gz	8.315E-13	1.000	351	30	477	527	8	431	431	481	0.850	0.984
LOKIASV2_4403_ESMFold_NAD-dependent_succinate-semialdehyde_dehydrogenase	MGYP003334504574.pdb.gz	MGYP003334504574.pdb.gz	6.958E-10	1.000	347	168	391	527	1	220	245	226	0.425	0.898
LOKIASV2_4403_ESMFold_NAD-dependent_succinate-semialdehyde_dehydrogenase	MGYP000249247111.pdb.gz	MGYP000249247111.pdb.gz	1.792E-10	1.000	347	55	339	527	6	273	293	298	0.541	0.915
LOKIASV2_4403_ESMFold_NAD-dependent_succinate-semialdehyde_dehydrogenase	MGYP000934493728.pdb.gz	MGYP000934493728.pdb.gz	4.909E-09	1.000	341	14	224	527	91	304	306	229	0.400	0.699
LOKIASV2_4403_ESMFold_NAD-dependent_succinate-semialdehyde_dehydrogenase	MGYP000066974935.pdb.gz	MGYP000066974935.pdb.gz	2.243E-08	1.000	338	50	219	527	2	166	167	170	0.323	0.988
LOKIASV2_4403_ESMFold_NAD-dependent_succinate-semialdehyde_dehydrogenase	MGYP001487279201.pdb.gz	MGYP001487279201.pdb.gz	2.125E-08	1.000	337	33	219	527	2	185	188	187	0.355	0.979
LOKIASV2_4403_ESMFold_NAD-dependent_succinate-semialdehyde_dehydrogenase	MGYP000720968106.pdb.gz	MGYP000720968106.pdb.gz	2.853E-09	1.000	335	329	474	527	3	145	148	146	0.277	0.966
LOKIASV2_4403_ESMFold_NAD-dependent_succinate-semialdehyde_dehydrogenase	MGYP003317595414.pdb.gz	MGYP003317595414.pdb.gz	2.853E-09	1.000	333	64	247	527	2	186	209	193	0.349	0.885
LOKIASV2_4403_ESMFold_NAD-dependent_succinate-semialdehyde_dehydrogenase	MGYP003573757420.pdb.gz	MGYP003573757420.pdb.gz	5.346E-08	1.000	324	11	190	527	3	176	178	180	0.342	0.978
LOKIASV2_4403_ESMFold_NAD-dependent_succinate-semialdehyde_dehydrogenase	MGYP000025185134.pdb.gz	MGYP000025185134.pdb.gz	8.446E-09	1.000	317	23	242	527	81	283	311	225	0.417	0.653
LOKIASV2_4403_ESMFold_NAD-dependent_succinate-semialdehyde_dehydrogenase	MGYP003317283703.pdb.gz	MGYP003317283703.pdb.gz	2.368E-08	1.000	298	34	250	527	70	289	289	232	0.412	0.761
LOKIASV2_4403_ESMFold_NAD-dependent_succinate-semialdehyde_dehydrogenase	MGYP002024767333.pdb.gz	MGYP002024767333.pdb.gz	4.686E-07	1.000	289	33	235	527	5	206	206	205	0.385	0.981
LOKIASV2_4403_ESMFold_NAD-dependent_succinate-semialdehyde_dehydrogenase	MGYP000278506296.pdb.gz	MGYP000278506296.pdb.gz	5.346E-08	1.000	287	36	256	527	3	218	258	229	0.419	0.837
LOKIASV2_4403_ESMFold_NAD-dependent_succinate-semialdehyde_dehydrogenase	MGYP001115955103.pdb.gz	MGYP001115955103.pdb.gz	9.198E-08	1.000	284	33	248	527	4	211	211	222	0.410	0.986
LOKIASV2_4403_ESMFold_NAD-dependent_succinate-semialdehyde_dehydrogenase	MGYP003690772379.pdb.gz	MGYP003690772379.pdb.gz	3.572E-07	1.000	276	296	433	527	2	137	150	140	0.262	0.907
LOKIASV2_4403_ESMFold_NAD-dependent_succinate-semialdehyde_dehydrogenase	MGYP001337674987.pdb.gz	MGYP001337674987.pdb.gz	1.534E-08	1.000	276	327	481	527	2	150	152	161	0.294	0.980
LOKIASV2_4403_ESMFold_NAD-dependent_succinate-semialdehyde_dehydrogenase	MGYP001094841824.pdb.gz	MGYP001094841824.pdb.gz	3.463E-08	1.000	274	329	468	527	3	137	147	146	0.266	0.918
LOKIASV2_4403_ESMFold_NAD-dependent_succinate-semialdehyde_dehydrogenase	MGYP003490983081.pdb.gz	MGYP003490983081.pdb.gz	1.387E-06	1.000	274	53	244	527	1	190	200	197	0.364	0.950
LOKIASV2_4403_ESMFold_NAD-dependent_succinate-semialdehyde_dehydrogenase	MGYP001321791822.pdb.gz	MGYP001321791822.pdb.gz	3.920E-11	1.000	272	259	477	527	1	266	266	270	0.416	1.000
LOKIASV2_4403_ESMFold_NAD-dependent_succinate-semialdehyde_dehydrogenase	MGYP000977308812.pdb.gz	MGYP000977308812.pdb.gz	1.058E-06	1.000	270	9	191	527	17	190	191	183	0.347	0.911
LOKIASV2_4403_ESMFold_NAD-dependent_succinate-semialdehyde_dehydrogenase	MGYP000344621452.pdb.gz	MGYP000344621452.pdb.gz	1.862E-07	1.000	269	81	263	527	2	183	190	188	0.347	0.958
LOKIASV2_4403_ESMFold_NAD-dependent_succinate-semialdehyde_dehydrogenase	MGYP000217147383.pdb.gz	MGYP000217147383.pdb.gz	5.346E-08	1.000	267	33	274	527	8	244	253	254	0.459	0.937
LOKIASV2_4403_ESMFold_NAD-dependent_succinate-semialdehyde_dehydrogenase	MGYP001603453777.pdb.gz	MGYP001603453777.pdb.gz	9.711E-08	1.000	265	167	410	527	1	232	245	251	0.463	0.947
LOKIASV2_4403_ESMFold_NAD-dependent_succinate-semialdehyde_dehydrogenase	MGYP000968324720.pdb.gz	MGYP000968324720.pdb.gz	1.921E-06	1.000	263	46	243	527	3	174	175	199	0.376	0.983
LOKIASV2_4403_ESMFold_NAD-dependent_succinate-semialdehyde_dehydrogenase	MGYP001442730700.pdb.gz	MGYP001442730700.pdb.gz	5.688E-06	1.000	261	10	193	527	18	200	202	185	0.349	0.906
LOKIASV2_4403_ESMFold_NAD-dependent_succinate-semialdehyde_dehydrogenase	MGYP000647329289.pdb.gz	MGYP000647329289.pdb.gz	4.438E-07	1.000	259	218	342	527	2	126	163	125	0.237	0.767
LOKIASV2_4403_ESMFold_NAD-dependent_succinate-semialdehyde_dehydrogenase	MGYP000473370554.pdb.gz	MGYP000473370554.pdb.gz	1.058E-06	1.000	257	202	325	527	4	127	191	125	0.235	0.649
LOKIASV2_4403_ESMFold_NAD-dependent_succinate-semialdehyde_dehydrogenase	MGYP001440894028.pdb.gz	MGYP001440894028.pdb.gz	8.712E-08	1.000	253	211	442	527	2	224	234	247	0.440	0.953
LOKIASV2_4403_ESMFold_NAD-dependent_succinate-semialdehyde_dehydrogenase	MGYP002652603842.pdb.gz	MGYP002652603842.pdb.gz	3.205E-07	1.000	244	168	335	527	13	185	186	175	0.319	0.930
LOKIASV2_4403_ESMFold_NAD-dependent_succinate-semialdehyde_dehydrogenase	MGYP002626167484.pdb.gz	MGYP002626167484.pdb.gz	2.809E-06	1.000	244	33	248	527	10	219	229	222	0.410	0.917
LOKIASV2_4403_ESMFold_NAD-dependent_succinate-semialdehyde_dehydrogenase	MGYP000715407586.pdb.gz	MGYP000715407586.pdb.gz	3.306E-06	1.000	242	211	336	527	3	129	157	127	0.239	0.809
LOKIASV2_4403_ESMFold_NAD-dependent_succinate-semialdehyde_dehydrogenase	MGYP002715606868.pdb.gz	MGYP002715606868.pdb.gz	3.490E-06	1.000	242	209	344	527	49	184	186	137	0.258	0.731
LOKIASV2_4403_ESMFold_NAD-dependent_succinate-semialdehyde_dehydrogenase	MGYP000662195686.pdb.gz	MGYP000662195686.pdb.gz	4.909E-09	1.000	239	62	474	527	25	392	392	444	0.784	0.939
LOKIASV2_4403_ESMFold_NAD-dependent_succinate-semialdehyde_dehydrogenase	MGYP001618759411.pdb.gz	MGYP001618759411.pdb.gz	8.062E-07	1.000	234	115	305	527	1	184	206	194	0.362	0.893
LOKIASV2_4403_ESMFold_NAD-dependent_succinate-semialdehyde_dehydrogenase	MGYP002312145477.pdb.gz	MGYP002312145477.pdb.gz	8.062E-07	1.000	215	184	432	527	2	237	278	263	0.472	0.849
LOKIASV2_4403_ESMFold_NAD-dependent_succinate-semialdehyde_dehydrogenase	MGYP002709050288.pdb.gz	MGYP002709050288.pdb.gz	3.306E-06	1.000	211	34	244	527	9	213	219	232	0.400	0.936
LOKIASV2_4403_ESMFold_NAD-dependent_succinate-semialdehyde_dehydrogenase	MGYP001583698721.pdb.gz	MGYP001583698721.pdb.gz	5.223E-07	1.000	210	209	432	527	11	199	200	239	0.425	0.945
LOKIASV2_4403_ESMFold_NAD-dependent_succinate-semialdehyde_dehydrogenase	MGYP001996424358.pdb.gz	MGYP001996424358.pdb.gz	4.722E-05	1.000	206	207	304	527	2	100	128	99	0.186	0.773
LOKIASV2_4403_ESMFold_NAD-dependent_succinate-semialdehyde_dehydrogenase	MGYP002637314954.pdb.gz	MGYP002637314954.pdb.gz	2.209E-05	1.000	206	110	291	527	4	183	184	188	0.345	0.978
LOKIASV2_4403_ESMFold_NAD-dependent_succinate-semialdehyde_dehydrogenase	MGYP001109646914.pdb.gz	MGYP001109646914.pdb.gz	1.511E-05	1.000	203	33	242	527	13	216	217	222	0.398	0.940
LOKIASV2_4403_ESMFold_NAD-dependent_succinate-semialdehyde_dehydrogenase	MGYP002515344871.pdb.gz	MGYP002515344871.pdb.gz	3.230E-05	1.000	193	336	480	527	3	146	146	145	0.275	0.986
LOKIASV2_4403_ESMFold_NAD-dependent_succinate-semialdehyde_dehydrogenase	MGYP000611433865.pdb.gz	MGYP000611433865.pdb.gz	2.966E-06	1.000	191	207	414	527	14	213	215	232	0.395	0.930
LOKIASV2_4403_ESMFold_NAD-dependent_succinate-semialdehyde_dehydrogenase	MGYP001335313422.pdb.gz	MGYP001335313422.pdb.gz	3.332E-04	1.000	176	9	125	527	1	117	135	117	0.222	0.867
LOKIASV2_4403_ESMFold_NAD-dependent_succinate-semialdehyde_dehydrogenase	MGYP001176433992.pdb.gz	MGYP001176433992.pdb.gz	2.158E-04	1.000	149	34	200	527	12	175	194	179	0.317	0.845
LOKIASV2_4403_ESMFold_NAD-dependent_succinate-semialdehyde_dehydrogenase	LevyLab_P00352_V1_3_relaxed_A	LevyLab_P00352_V1_3_relaxed_A 	1.224E-46	1.000	1757	13	481	527	37	501	501	477	0.890	0.928
LOKIASV2_4403_ESMFold_NAD-dependent_succinate-semialdehyde_dehydrogenase	ProtVar_O94788_P22748_A	ProtVar_O94788_P22748_A 	4.753E-46	1.000	1757	13	481	527	54	518	518	476	0.890	0.898
LOKIASV2_4403_ESMFold_NAD-dependent_succinate-semialdehyde_dehydrogenase	LevyLab_P47895_V1_5_relaxed_A	LevyLab_P47895_V1_5_relaxed_A 	5.593E-46	1.000	1751	9	481	527	44	511	512	479	0.898	0.914
LOKIASV2_4403_ESMFold_NAD-dependent_succinate-semialdehyde_dehydrogenase	ModelArchive_ma-rap-bacsu-004_B	ModelArchive_ma-rap-bacsu-004_B Predicted interaction between dhaS and gabD Predicted interaction between dhaS and gabD	5.298E-46	1.000	1744	12	475	527	3	461	462	472	0.880	0.994
LOKIASV2_4403_ESMFold_NAD-dependent_succinate-semialdehyde_dehydrogenase	LevyLab_P54115_V1_4_relaxed_B	LevyLab_P54115_V1_4_relaxed_B 	7.568E-45	1.000	1742	13	475	527	42	499	500	468	0.879	0.916
LOKIASV2_4403_ESMFold_NAD-dependent_succinate-semialdehyde_dehydrogenase	LevyLab_Q8X9U1_V1_3_relaxed_B	LevyLab_Q8X9U1_V1_3_relaxed_B 	7.990E-45	1.000	1728	9	475	527	19	478	479	471	0.886	0.960
LOKIASV2_4403_ESMFold_NAD-dependent_succinate-semialdehyde_dehydrogenase	LevyLab_P40047_V1_3_relaxed_B	LevyLab_P40047_V1_3_relaxed_B 	1.452E-44	1.000	1696	13	481	527	60	520	520	474	0.890	0.887
LOKIASV2_4403_ESMFold_NAD-dependent_succinate-semialdehyde_dehydrogenase	ProtVar_P07954_P30837_B	ProtVar_P07954_P30837_B 	1.708E-44	1.000	1693	10	481	527	50	517	517	478	0.896	0.905
LOKIASV2_4403_ESMFold_NAD-dependent_succinate-semialdehyde_dehydrogenase	LevyLab_P05091_V1_3_relaxed_B	LevyLab_P05091_V1_3_relaxed_B 	9.403E-45	1.000	1691	10	481	527	50	517	517	480	0.896	0.905
LOKIASV2_4403_ESMFold_NAD-dependent_succinate-semialdehyde_dehydrogenase	ModelArchive_ma-rap-bacsu-004_A	ModelArchive_ma-rap-bacsu-004_A Predicted interaction between dhaS and gabD Predicted interaction between dhaS and gabD	1.168E-44	1.000	1689	9	477	527	32	494	495	475	0.890	0.935
LOKIASV2_4403_ESMFold_NAD-dependent_succinate-semialdehyde_dehydrogenase	LevyLab_Q7AH91_V1_3_relaxed_B	LevyLab_Q7AH91_V1_3_relaxed_B 	2.122E-44	1.000	1683	9	481	527	19	488	490	481	0.898	0.959
LOKIASV2_4403_ESMFold_NAD-dependent_succinate-semialdehyde_dehydrogenase	LevyLab_O75891_V1_3_relaxed_A	LevyLab_O75891_V1_3_relaxed_A 	2.074E-43	1.000	1677	13	474	527	438	900	902	468	0.877	0.513
LOKIASV2_4403_ESMFold_NAD-dependent_succinate-semialdehyde_dehydrogenase	LevyLab_P46367_V1_3_relaxed_B	LevyLab_P46367_V1_3_relaxed_B 	2.872E-43	1.000	1668	13	477	527	61	518	519	469	0.882	0.882
LOKIASV2_4403_ESMFold_NAD-dependent_succinate-semialdehyde_dehydrogenase	LevyLab_Q8X950_V1_2_relaxed_B	LevyLab_Q8X950_V1_2_relaxed_B 	7.807E-44	1.000	1658	12	475	527	26	481	482	471	0.880	0.946
LOKIASV2_4403_ESMFold_NAD-dependent_succinate-semialdehyde_dehydrogenase	LevyLab_P38694_V1_3_relaxed_A	LevyLab_P38694_V1_3_relaxed_A 	1.748E-45	1.000	1627	12	518	527	110	642	644	537	0.962	0.828
LOKIASV2_4403_ESMFold_NAD-dependent_succinate-semialdehyde_dehydrogenase	LevyLab_Q8XAZ8_V1_3_relaxed_B	LevyLab_Q8XAZ8_V1_3_relaxed_B 	1.631E-42	1.000	1624	8	477	527	3	462	462	472	0.892	0.996
LOKIASV2_4403_ESMFold_NAD-dependent_succinate-semialdehyde_dehydrogenase	ProtVar_Q99439_Q9H2A2_B	ProtVar_Q99439_Q9H2A2_B 	3.767E-43	1.000	1624	11	475	527	22	486	487	475	0.882	0.955
LOKIASV2_4403_ESMFold_NAD-dependent_succinate-semialdehyde_dehydrogenase	LevyLab_P54114_V1_5_relaxed_B	LevyLab_P54114_V1_5_relaxed_B 	6.283E-44	1.000	1613	9	480	527	33	506	506	488	0.896	0.937
LOKIASV2_4403_ESMFold_NAD-dependent_succinate-semialdehyde_dehydrogenase	ProtVar_Q3SY69_Q8WWC4_A	ProtVar_Q3SY69_Q8WWC4_A 	4.102E-42	1.000	1611	13	474	527	459	921	923	468	0.877	0.502
LOKIASV2_4403_ESMFold_NAD-dependent_succinate-semialdehyde_dehydrogenase	LevyLab_Q8X9W5_V1_1_relaxed_B	LevyLab_Q8X9W5_V1_1_relaxed_B 	3.379E-43	1.000	1610	12	475	527	17	473	474	471	0.880	0.964
LOKIASV2_4403_ESMFold_NAD-dependent_succinate-semialdehyde_dehydrogenase	LevyLab_Q8X7G6_V1_4_relaxed_B	LevyLab_Q8X7G6_V1_4_relaxed_B 	1.964E-43	1.000	1599	12	475	527	35	492	495	476	0.880	0.925
LOKIASV2_4403_ESMFold_NAD-dependent_succinate-semialdehyde_dehydrogenase	ProtVar_P04156_P51649_B	ProtVar_P04156_P51649_B 	3.680E-42	1.000	1587	11	475	527	73	533	535	476	0.882	0.862
LOKIASV2_4403_ESMFold_NAD-dependent_succinate-semialdehyde_dehydrogenase	ProtVar_P30084_P49189_B	ProtVar_P30084_P49189_B 	2.139E-42	1.000	1572	8	481	527	23	492	494	484	0.899	0.951
LOKIASV2_4403_ESMFold_NAD-dependent_succinate-semialdehyde_dehydrogenase	LevyLab_P38067_V1_5_relaxed_B	LevyLab_P38067_V1_5_relaxed_B 	4.468E-41	1.000	1539	8	481	527	29	496	497	479	0.899	0.942
LOKIASV2_4403_ESMFold_NAD-dependent_succinate-semialdehyde_dehydrogenase	LevyLab_Q8XDJ1_V1_5_relaxed_B	LevyLab_Q8XDJ1_V1_5_relaxed_B 	4.980E-41	1.000	1504	12	481	527	40	512	512	484	0.892	0.924
LOKIASV2_4403_ESMFold_NAD-dependent_succinate-semialdehyde_dehydrogenase	ProtVar_Q30201_Q81QB6_B	ProtVar_Q30201_Q81QB6_B 	5.594E-39	1.000	1480	10	477	527	22	486	487	475	0.888	0.955
LOKIASV2_4403_ESMFold_NAD-dependent_succinate-semialdehyde_dehydrogenase	ModelArchive_ma-rap-bacsu-110_A	ModelArchive_ma-rap-bacsu-110_A Predicted interaction between rocA and putC Predicted interaction between rocA and putC	1.159E-39	1.000	1456	9	475	527	47	514	515	487	0.886	0.909
LOKIASV2_4403_ESMFold_NAD-dependent_succinate-semialdehyde_dehydrogenase	ProtVar_P0C1Z6_P49419-2_B	ProtVar_P0C1Z6_P49419-2_B 	4.039E-39	1.000	1438	12	481	527	36	503	511	481	0.892	0.916
LOKIASV2_4403_ESMFold_NAD-dependent_succinate-semialdehyde_dehydrogenase	ProtVar_P30038_P49419_B	ProtVar_P30038_P49419_B 	3.826E-39	1.000	1438	12	479	527	64	529	539	479	0.888	0.865
LOKIASV2_4403_ESMFold_NAD-dependent_succinate-semialdehyde_dehydrogenase	ModelArchive_ma-rap-bacsu-110_B	ModelArchive_ma-rap-bacsu-110_B Predicted interaction between rocA and putC Predicted interaction between rocA and putC	2.173E-38	1.000	1416	9	475	527	47	514	515	481	0.886	0.909
LOKIASV2_4403_ESMFold_NAD-dependent_succinate-semialdehyde_dehydrogenase	ProtVar_Q00444_Q02252_B	ProtVar_Q00444_Q02252_B 	3.277E-37	1.000	1377	9	481	527	52	521	535	481	0.898	0.879
LOKIASV2_4403_ESMFold_NAD-dependent_succinate-semialdehyde_dehydrogenase	LevyLab_Q8U2S5_V1_3_relaxed_B	LevyLab_Q8U2S5_V1_3_relaxed_B 	1.762E-36	1.000	1296	11	481	527	36	505	506	486	0.894	0.929
LOKIASV2_4403_ESMFold_NAD-dependent_succinate-semialdehyde_dehydrogenase	LevyLab_Q7ADE6_V1_5_relaxed_B	LevyLab_Q7ADE6_V1_5_relaxed_B 	1.243E-35	1.000	1250	13	481	527	16	477	492	481	0.890	0.939
LOKIASV2_4403_ESMFold_NAD-dependent_succinate-semialdehyde_dehydrogenase	ProtVar_O15126_P43353_B	ProtVar_O15126_P43353_B 	1.354E-34	1.000	1210	36	497	527	4	454	468	465	0.877	0.964
LOKIASV2_4403_ESMFold_NAD-dependent_succinate-semialdehyde_dehydrogenase	ProtVar_P30838_P51648-2_B	ProtVar_P30838_P51648-2_B 	1.545E-35	1.000	1193	37	525	527	2	477	508	498	0.928	0.937
LOKIASV2_4403_ESMFold_NAD-dependent_succinate-semialdehyde_dehydrogenase	ProtVar_P15121_P51648_B	ProtVar_P15121_P51648_B 	1.215E-34	1.000	1189	37	525	527	2	477	485	497	0.928	0.981
LOKIASV2_4403_ESMFold_NAD-dependent_succinate-semialdehyde_dehydrogenase	ProtVar_B9A064_P30838_B	ProtVar_B9A064_P30838_B 	1.934E-33	1.000	1181	36	483	527	4	438	453	449	0.850	0.960
LOKIASV2_4403_ESMFold_NAD-dependent_succinate-semialdehyde_dehydrogenase	ProtVar_O75716_P30038_B	ProtVar_O75716_P30038_B 	7.060E-35	1.000	1175	10	490	527	75	563	563	505	0.913	0.869
LOKIASV2_4403_ESMFold_NAD-dependent_succinate-semialdehyde_dehydrogenase	LevyLab_P07275_V1_3_relaxed_B	LevyLab_P07275_V1_3_relaxed_B 	3.080E-32	1.000	1113	11	491	527	75	575	575	514	0.913	0.871
LOKIASV2_4403_ESMFold_NAD-dependent_succinate-semialdehyde_dehydrogenase	LevyLab_Q04458_V1_4_relaxed_A	LevyLab_Q04458_V1_4_relaxed_A 	2.917E-32	1.000	1070	28	502	527	9	491	532	499	0.901	0.908
LOKIASV2_4403_ESMFold_NAD-dependent_succinate-semialdehyde_dehydrogenase	ProtVar_P25445_P48448_B	ProtVar_P25445_P48448_B 	2.940E-30	1.000	1018	115	498	527	2	374	385	387	0.729	0.969
LOKIASV2_4403_ESMFold_NAD-dependent_succinate-semialdehyde_dehydrogenase	ProtVar_Q8IZ83_Q96AG4_A	ProtVar_Q8IZ83_Q96AG4_A 	1.253E-26	1.000	899	8	469	527	50	487	802	470	0.877	0.546
LOKIASV2_4403_ESMFold_NAD-dependent_succinate-semialdehyde_dehydrogenase	ProtVar_P31943_P43353-2_B	ProtVar_P31943_P43353-2_B 	1.244E-28	1.000	853	68	497	527	10	417	431	439	0.816	0.947
LOKIASV2_4403_ESMFold_NAD-dependent_succinate-semialdehyde_dehydrogenase	LevyLab_P0A9Q8_V1_3_relaxed_A	LevyLab_P0A9Q8_V1_3_relaxed_A 	8.506E-22	1.000	591	30	481	527	3	451	891	492	0.858	0.504
LOKIASV2_4403_ESMFold_NAD-dependent_succinate-semialdehyde_dehydrogenase	LevyLab_Q8XBG8_V1_3_relaxed_B	LevyLab_Q8XBG8_V1_3_relaxed_B 	3.682E-21	1.000	588	36	472	527	36	458	467	473	0.829	0.906
LOKIASV2_4403_ESMFold_NAD-dependent_succinate-semialdehyde_dehydrogenase	LevyLab_Q8X7N4_V1_3_relaxed_B	LevyLab_Q8X7N4_V1_3_relaxed_B 	5.597E-18	1.000	488	36	481	527	2	417	417	487	0.846	0.998
LOKIASV2_4403_ESMFold_NAD-dependent_succinate-semialdehyde_dehydrogenase	ProtVar_P54886_Q9UGI8_A	ProtVar_P54886_Q9UGI8_A 	8.640E-18	1.000	466	23	482	527	357	773	795	502	0.873	0.525
LOKIASV2_4403_ESMFold_NAD-dependent_succinate-semialdehyde_dehydrogenase	LevyLab_P54885_V1_3_relaxed_B	LevyLab_P54885_V1_3_relaxed_B 	3.828E-18	1.000	459	37	482	527	5	434	456	483	0.846	0.943
LOKIASV2_4403_ESMFold_NAD-dependent_succinate-semialdehyde_dehydrogenase	LevyLab_Q8X8T3_V1_3_relaxed_B	LevyLab_Q8X8T3_V1_3_relaxed_B 	3.382E-08	1.000	177	34	525	527	15	433	434	538	0.934	0.965
LOKIASV2_4403_ESMFold_NAD-dependent_succinate-semialdehyde_dehydrogenase	ProtVar_P39687_Q8ZFX5_B	ProtVar_P39687_Q8ZFX5_B 	1.632E-07	1.000	166	47	525	527	20	436	443	532	0.909	0.941
LOKIASV2_4403_ESMFold_NAD-dependent_succinate-semialdehyde_dehydrogenase	LevyLab_P00815_V1_3_relaxed_A	LevyLab_P00815_V1_3_relaxed_A 	2.141E-07	1.000	147	30	527	527	361	794	799	556	0.945	0.543
LOKIASV2_4403_ESMFold_NAD-dependent_succinate-semialdehyde_dehydrogenase	LevyLab_O59626_V1_4_relaxed_B	LevyLab_O59626_V1_4_relaxed_B 	5.555E-06	1.000	140	53	523	527	1	372	375	521	0.894	0.992
LOKIASV2_4403_ESMFold_NAD-dependent_succinate-semialdehyde_dehydrogenase	LevyLab_Q8X3M8_V1_3_relaxed_B	LevyLab_Q8X3M8_V1_3_relaxed_B 	9.196E-02	0.663	56	137	244	527	178	282	352	122	0.205	0.298
LOKIASV2_4403_ESMFold_NAD-dependent_succinate-semialdehyde_dehydrogenase	ProtVar_A0PK00_P21964_A	ProtVar_A0PK00_P21964_A 	2.579E-01	0.632	55	136	248	527	108	220	271	122	0.214	0.417
LOKIASV2_4403_ESMFold_NAD-dependent_succinate-semialdehyde_dehydrogenase	ProtVar_O00148_Q8WXB1_B	ProtVar_O00148_Q8WXB1_B 	1.274E-01	0.505	51	98	244	527	49	171	218	158	0.279	0.564
LOKIASV2_4403_ESMFold_NAD-dependent_succinate-semialdehyde_dehydrogenase	ProtVar_O15047_O15294_B	ProtVar_O15047_O15294_B 	5.222E-01	0.382	47	139	243	527	841	944	1046	110	0.199	0.099
LOKIASV2_4403_ESMFold_NAD-dependent_succinate-semialdehyde_dehydrogenase	ProtVar_O75409_Q8NBX0_B	ProtVar_O75409_Q8NBX0_B 	2.314E-01	0.277	43	137	288	527	7	149	429	168	0.288	0.333
LOKIASV2_4403_ESMFold_NAD-dependent_succinate-semialdehyde_dehydrogenase	ProtVar_B2RUZ4_P21964-2_B	ProtVar_B2RUZ4_P21964-2_B 	3.771E-01	0.254	42	76	244	527	6	168	221	187	0.321	0.738
LOKIASV2_4403_ESMFold_NAD-dependent_succinate-semialdehyde_dehydrogenase	LevyLab_Q86VU5_V1_1_relaxed_A	LevyLab_Q86VU5_V1_1_relaxed_A 	7.232E-01	0.233	41	136	244	527	102	210	262	119	0.207	0.416
LOKIASV2_4403_ESMFold_NAD-dependent_succinate-semialdehyde_dehydrogenase	LevyLab_A6NDL7_V1_4_relaxed_B	LevyLab_A6NDL7_V1_4_relaxed_B 	7.635E-01	0.196	39	98	244	527	98	225	271	159	0.279	0.472
LOKIASV2_4403_ESMFold_NAD-dependent_succinate-semialdehyde_dehydrogenase	LevyLab_P32263_V1_4_relaxed_B	LevyLab_P32263_V1_4_relaxed_B 	1.179E+00	0.196	39	140	248	527	4	117	286	125	0.207	0.399
LOKIASV2_4403_ESMFold_NAD-dependent_succinate-semialdehyde_dehydrogenase	ProtVar_P07327_Q16836_B	ProtVar_P07327_Q16836_B 	6.290E-02	0.196	39	136	342	527	26	238	314	245	0.393	0.678
LOKIASV2_4403_ESMFold_NAD-dependent_succinate-semialdehyde_dehydrogenase	LevyLab_P58057_V1_4_relaxed_B	LevyLab_P58057_V1_4_relaxed_B 	8.061E-01	0.179	38	134	248	527	4	96	292	121	0.218	0.318
LOKIASV2_4403_ESMFold_NAD-dependent_succinate-semialdehyde_dehydrogenase	ProtVar_Q16543_Q99873-3_B	ProtVar_Q16543_Q99873-3_B 	2.191E-01	0.179	38	94	273	527	50	201	353	200	0.342	0.431
LOKIASV2_4403_ESMFold_NAD-dependent_succinate-semialdehyde_dehydrogenase	ProtVar_O60896_Q9Y2B2_B	ProtVar_O60896_Q9Y2B2_B 	3.981E-01	0.164	37	136	237	527	40	163	252	127	0.194	0.492
LOKIASV2_4403_ESMFold_NAD-dependent_succinate-semialdehyde_dehydrogenase	ModelArchive_ma-rap-bacsu-072_A	ModelArchive_ma-rap-bacsu-072_A Predicted interaction between mgsA and crh Predicted interaction between mgsA and crh	1.179E+00	0.150	36	140	242	527	2	105	137	123	0.195	0.759
LOKIASV2_4403_ESMFold_NAD-dependent_succinate-semialdehyde_dehydrogenase	LevyLab_Q8XDR8_V1_5_relaxed_B	LevyLab_Q8XDR8_V1_5_relaxed_B 	8.061E-01	0.150	36	136	256	527	111	240	321	139	0.230	0.405
LOKIASV2_4403_ESMFold_NAD-dependent_succinate-semialdehyde_dehydrogenase	LevyLab_P40925_V1_3_relaxed_A	LevyLab_P40925_V1_3_relaxed_A 	2.191E-01	0.150	36	139	271	527	4	168	334	182	0.252	0.494
LOKIASV2_4403_ESMFold_NAD-dependent_succinate-semialdehyde_dehydrogenase	LevyLab_P0AG04_V1_3_relaxed_B	LevyLab_P0AG04_V1_3_relaxed_B 	8.985E-01	0.138	35	138	246	527	2	122	189	132	0.207	0.640
LOKIASV2_4403_ESMFold_NAD-dependent_succinate-semialdehyde_dehydrogenase	LevyLab_Q03648_V1_3_relaxed_B	LevyLab_Q03648_V1_3_relaxed_B 	2.443E-01	0.138	35	69	248	527	202	390	457	225	0.342	0.414
LOKIASV2_4403_ESMFold_NAD-dependent_succinate-semialdehyde_dehydrogenase	ProtVar_O60678_P40337_A	ProtVar_O60678_P40337_A 	7.232E-01	0.138	35	94	242	527	235	352	531	156	0.283	0.222
LOKIASV2_4403_ESMFold_NAD-dependent_succinate-semialdehyde_dehydrogenase	ProtVar_P14061_Q6PCB8_A	ProtVar_P14061_Q6PCB8_A 	1.632E+00	0.126	34	136	248	527	2	142	328	145	0.214	0.430
LOKIASV2_4403_ESMFold_NAD-dependent_succinate-semialdehyde_dehydrogenase	LevyLab_Q04869_V1_3_relaxed_B	LevyLab_Q04869_V1_3_relaxed_B 	4.685E-01	0.126	34	136	307	527	2	146	349	178	0.326	0.415
LOKIASV2_4403_ESMFold_NAD-dependent_succinate-semialdehyde_dehydrogenase	LevyLab_Q8XBT3_V1_4_relaxed_B	LevyLab_Q8XBT3_V1_4_relaxed_B 	1.002E+00	0.116	33	248	432	527	2	140	142	206	0.351	0.979
LOKIASV2_4403_ESMFold_NAD-dependent_succinate-semialdehyde_dehydrogenase	ProtVar_O95544_Q06892_B	ProtVar_O95544_Q06892_B 	2.579E-01	0.116	33	116	251	527	48	181	414	163	0.258	0.324
LOKIASV2_4403_ESMFold_NAD-dependent_succinate-semialdehyde_dehydrogenase	ProtVar_Q96SF2_Q9NRZ9-2_B	ProtVar_Q96SF2_Q9NRZ9-2_B 	4.946E-01	0.116	33	225	432	527	211	364	822	217	0.395	0.187
LOKIASV2_4403_ESMFold_NAD-dependent_succinate-semialdehyde_dehydrogenase	LevyLab_Q8XDG3_V1_4_relaxed_B	LevyLab_Q8XDG3_V1_4_relaxed_B 	7.635E-01	0.106	32	72	271	527	5	163	261	216	0.380	0.609
LOKIASV2_4403_ESMFold_NAD-dependent_succinate-semialdehyde_dehydrogenase	LevyLab_Q8XCB8_V1_3_relaxed_B	LevyLab_Q8XCB8_V1_3_relaxed_B 	5.222E-01	0.106	32	136	331	527	44	223	334	231	0.372	0.539
LOKIASV2_4403_ESMFold_NAD-dependent_succinate-semialdehyde_dehydrogenase	LevyLab_P38074_V1_3_relaxed_B	LevyLab_P38074_V1_3_relaxed_B 	7.635E-01	0.106	32	88	273	527	32	189	348	203	0.353	0.454
LOKIASV2_4403_ESMFold_NAD-dependent_succinate-semialdehyde_dehydrogenase	ProtVar_O43148_Q99873_B	ProtVar_O43148_Q99873_B 	4.437E-01	0.106	32	89	273	527	54	219	371	214	0.351	0.447
LOKIASV2_4403_ESMFold_NAD-dependent_succinate-semialdehyde_dehydrogenase	ProtVar_Q08AF3_Q15393_A	ProtVar_Q08AF3_Q15393_A 	1.582E-01	0.106	32	136	434	527	602	889	891	361	0.567	0.323
LOKIASV2_4403_ESMFold_NAD-dependent_succinate-semialdehyde_dehydrogenase	ProtVar_O43186_Q03920_B	ProtVar_O43186_Q03920_B 	8.511E-01	0.098	31	137	244	527	40	152	221	125	0.205	0.511
LOKIASV2_4403_ESMFold_NAD-dependent_succinate-semialdehyde_dehydrogenase	ProtVar_Q9BT22_Q9H553_B	ProtVar_Q9BT22_Q9H553_B 	2.942E-02	0.098	31	136	438	527	14	350	416	398	0.575	0.810
LOKIASV2_4403_ESMFold_NAD-dependent_succinate-semialdehyde_dehydrogenase	ProtVar_P68871_Q7L1T6_B	ProtVar_P68871_Q7L1T6_B 	2.260E+00	0.098	31	137	244	527	390	518	521	137	0.205	0.248
LOKIASV2_4403_ESMFold_NAD-dependent_succinate-semialdehyde_dehydrogenase	ProtVar_P22083_Q10981_B	ProtVar_P22083_Q10981_B 	2.141E+00	0.090	30	137	244	527	192	305	343	130	0.205	0.332
LOKIASV2_4403_ESMFold_NAD-dependent_succinate-semialdehyde_dehydrogenase	ProtVar_O60676_Q8N335_B	ProtVar_O60676_Q8N335_B 	1.632E+00	0.090	30	137	251	527	5	126	351	132	0.218	0.348
LOKIASV2_4403_ESMFold_NAD-dependent_succinate-semialdehyde_dehydrogenase	LevyLab_Q00055_V1_2_relaxed_B	LevyLab_Q00055_V1_2_relaxed_B 	1.723E+00	0.090	30	136	248	527	33	153	391	133	0.214	0.309
LOKIASV2_4403_ESMFold_NAD-dependent_succinate-semialdehyde_dehydrogenase	ProtVar_Q5T8I9_Q9H903_A	ProtVar_Q5T8I9_Q9H903_A 	1.314E+00	0.090	30	137	250	527	48	164	393	130	0.216	0.298
LOKIASV2_4403_ESMFold_NAD-dependent_succinate-semialdehyde_dehydrogenase	LevyLab_Q8U1A7_V1_1_relaxed_B	LevyLab_Q8U1A7_V1_1_relaxed_B 	2.260E+00	0.082	29	140	247	527	2	140	185	144	0.205	0.751
LOKIASV2_4403_ESMFold_NAD-dependent_succinate-semialdehyde_dehydrogenase	LevyLab_P36150_V1_3_relaxed_A	LevyLab_P36150_V1_3_relaxed_A 	6.004E+00	0.082	29	136	244	527	21	132	593	121	0.207	0.189
LOKIASV2_4403_ESMFold_NAD-dependent_succinate-semialdehyde_dehydrogenase	LevyLab_Q8X576_V1_5_relaxed_B	LevyLab_Q8X576_V1_5_relaxed_B 	4.203E-01	0.076	28	66	246	527	45	202	248	198	0.343	0.637
LOKIASV2_4403_ESMFold_NAD-dependent_succinate-semialdehyde_dehydrogenase	LevyLab_P0AG85_V1_5_relaxed_B	LevyLab_P0AG85_V1_5_relaxed_B 	4.795E-02	0.076	28	136	390	527	49	288	294	318	0.484	0.816
LOKIASV2_4403_ESMFold_NAD-dependent_succinate-semialdehyde_dehydrogenase	LevyLab_Q51742_V1_3_relaxed_B	LevyLab_Q51742_V1_3_relaxed_B 	3.771E-01	0.076	28	97	426	527	23	252	315	368	0.626	0.730
LOKIASV2_4403_ESMFold_NAD-dependent_succinate-semialdehyde_dehydrogenase	ProtVar_Q6PJ69_Q9Y2S2_B	ProtVar_Q6PJ69_Q9Y2S2_B 	3.981E-01	0.076	28	142	340	527	8	212	319	237	0.378	0.643
LOKIASV2_4403_ESMFold_NAD-dependent_succinate-semialdehyde_dehydrogenase	ProtVar_P21695_Q8N335_A	ProtVar_P21695_Q8N335_A 	2.809E+00	0.076	28	136	251	527	2	124	349	133	0.220	0.352
LOKIASV2_4403_ESMFold_NAD-dependent_succinate-semialdehyde_dehydrogenase	ProtVar_Q8NI38_Q9NVM4-3_B	ProtVar_Q8NI38_Q9NVM4-3_B 	3.684E+00	0.076	28	136	243	527	350	461	642	125	0.205	0.174
LOKIASV2_4403_ESMFold_NAD-dependent_succinate-semialdehyde_dehydrogenase	ProtVar_Q15185_Q9H6R0_B	ProtVar_Q15185_Q9H6R0_B 	1.420E-01	0.076	28	98	439	527	63	423	707	445	0.649	0.511
LOKIASV2_4403_ESMFold_NAD-dependent_succinate-semialdehyde_dehydrogenase	ProtVar_Q9BWT1_Q9NRZ9_B	ProtVar_Q9BWT1_Q9NRZ9_B 	1.921E+00	0.076	28	247	432	527	243	380	838	196	0.353	0.165
LOKIASV2_4403_ESMFold_NAD-dependent_succinate-semialdehyde_dehydrogenase	ProtVar_O14960_P19823_B	ProtVar_O14960_P19823_B 	2.875E-01	0.076	28	117	250	527	287	481	946	202	0.254	0.206
LOKIASV2_4403_ESMFold_NAD-dependent_succinate-semialdehyde_dehydrogenase	LevyLab_P16862_V1_3_relaxed_B	LevyLab_P16862_V1_3_relaxed_B 	1.082E-01	0.076	28	137	526	527	195	568	959	495	0.740	0.390
LOKIASV2_4403_ESMFold_NAD-dependent_succinate-semialdehyde_dehydrogenase	ProtVar_P23246_P55011_B	ProtVar_P23246_P55011_B 	2.965E+00	0.076	28	136	249	527	788	924	1212	148	0.216	0.113
LOKIASV2_4403_ESMFold_NAD-dependent_succinate-semialdehyde_dehydrogenase	LevyLab_P0A732_V1_5_relaxed_B	LevyLab_P0A732_V1_5_relaxed_B 	3.890E+00	0.069	27	131	244	527	3	118	152	133	0.216	0.763
LOKIASV2_4403_ESMFold_NAD-dependent_succinate-semialdehyde_dehydrogenase	LevyLab_Q8X7Q3_V1_4_relaxed_B	LevyLab_Q8X7Q3_V1_4_relaxed_B 	3.035E-01	0.069	27	69	203	527	14	149	211	163	0.256	0.645
LOKIASV2_4403_ESMFold_NAD-dependent_succinate-semialdehyde_dehydrogenase	ProtVar_Q9H765_Q9HBH5_B	ProtVar_Q9H765_Q9HBH5_B 	4.203E-01	0.069	27	98	302	527	17	274	336	288	0.389	0.768
LOKIASV2_4403_ESMFold_NAD-dependent_succinate-semialdehyde_dehydrogenase	ProtVar_P49458_Q5NEY7_B	ProtVar_P49458_Q5NEY7_B 	7.402E-02	0.069	27	33	465	527	3	312	341	493	0.822	0.909
LOKIASV2_4403_ESMFold_NAD-dependent_succinate-semialdehyde_dehydrogenase	ProtVar_Q5JS54_Q8TE96-2_B	ProtVar_Q5JS54_Q8TE96-2_B 	4.437E-01	0.069	27	141	433	527	48	269	599	328	0.556	0.371
LOKIASV2_4403_ESMFold_NAD-dependent_succinate-semialdehyde_dehydrogenase	ProtVar_P01116_Q96CD2_B	ProtVar_P01116_Q96CD2_B 	2.387E+00	0.063	26	136	244	527	15	135	204	138	0.207	0.593
LOKIASV2_4403_ESMFold_NAD-dependent_succinate-semialdehyde_dehydrogenase	ProtVar_O95858_Q96NR8_B	ProtVar_O95858_Q96NR8_B 	6.488E-01	0.063	26	137	319	527	38	257	316	245	0.347	0.696
LOKIASV2_4403_ESMFold_NAD-dependent_succinate-semialdehyde_dehydrogenase	ProtVar_P84090_Q99873-2_B	ProtVar_P84090_Q99873-2_B 	1.921E+00	0.063	26	90	244	527	26	167	347	173	0.294	0.409
LOKIASV2_4403_ESMFold_NAD-dependent_succinate-semialdehyde_dehydrogenase	ProtVar_Q8NI37_Q96GJ1_B	ProtVar_Q8NI37_Q96GJ1_B 	5.687E+00	0.063	26	101	246	527	328	448	504	152	0.277	0.240
LOKIASV2_4403_ESMFold_NAD-dependent_succinate-semialdehyde_dehydrogenase	ProtVar_P04839_P27449_A	ProtVar_P04839_P27449_A 	3.383E-01	0.063	26	137	298	527	401	549	570	187	0.307	0.261
LOKIASV2_4403_ESMFold_NAD-dependent_succinate-semialdehyde_dehydrogenase	ProtVar_P23786_Q9UHK6-2_B	ProtVar_P23786_Q9UHK6-2_B 	6.004E+00	0.057	25	141	246	527	6	106	229	114	0.201	0.441
LOKIASV2_4403_ESMFold_NAD-dependent_succinate-semialdehyde_dehydrogenase	LevyLab_Q8U4B3_V1_5_relaxed_B	LevyLab_Q8U4B3_V1_5_relaxed_B 	5.102E+00	0.057	25	142	257	527	2	101	230	122	0.220	0.435
LOKIASV2_4403_ESMFold_NAD-dependent_succinate-semialdehyde_dehydrogenase	ModelArchive_ma-sysbio-bei-28_E	ModelArchive_ma-sysbio-bei-28_E Ubi metabolome (UbiEFGHIJK) - AlphaFold-Multimer model Ubi metabolome (UbiEFGHIJK) - AlphaFold-Multimer model	2.520E+00	0.057	25	97	276	527	20	173	240	194	0.342	0.642
LOKIASV2_4403_ESMFold_NAD-dependent_succinate-semialdehyde_dehydrogenase	ProtVar_Q8TC12_Q9Y5E6_A	ProtVar_Q8TC12_Q9Y5E6_A 	9.486E-01	0.057	25	136	288	527	38	232	318	215	0.290	0.613
LOKIASV2_4403_ESMFold_NAD-dependent_succinate-semialdehyde_dehydrogenase	LevyLab_P65809_V1_3_relaxed_B	LevyLab_P65809_V1_3_relaxed_B 	6.488E-01	0.057	25	62	222	527	7	173	403	205	0.306	0.414
LOKIASV2_4403_ESMFold_NAD-dependent_succinate-semialdehyde_dehydrogenase	ProtVar_P15941_Q86SR1_B	ProtVar_P15941_Q86SR1_B 	6.339E+00	0.057	25	137	203	527	145	212	603	73	0.127	0.113
LOKIASV2_4403_ESMFold_NAD-dependent_succinate-semialdehyde_dehydrogenase	ProtVar_Q9NRN9_Q9UI30_A	ProtVar_Q9NRN9_Q9UI30_A 	7.460E+00	0.051	24	140	247	527	54	158	209	119	0.205	0.502
LOKIASV2_4403_ESMFold_NAD-dependent_succinate-semialdehyde_dehydrogenase	ProtVar_O95749_Q9H867_B	ProtVar_O95749_Q9H867_B 	4.335E+00	0.051	24	97	244	527	44	171	229	158	0.281	0.559
LOKIASV2_4403_ESMFold_NAD-dependent_succinate-semialdehyde_dehydrogenase	LevyLab_P33751_V1_4_relaxed_B	LevyLab_P33751_V1_4_relaxed_B 	3.489E+00	0.051	24	137	246	527	54	174	242	136	0.209	0.500
LOKIASV2_4403_ESMFold_NAD-dependent_succinate-semialdehyde_dehydrogenase	LevyLab_Q8X4T8_V1_5_relaxed_B	LevyLab_Q8X4T8_V1_5_relaxed_B 	7.635E-01	0.051	24	48	246	527	32	202	248	217	0.378	0.690
LOKIASV2_4403_ESMFold_NAD-dependent_succinate-semialdehyde_dehydrogenase	LevyLab_Q8X4L5_V1_3_relaxed_B	LevyLab_Q8X4L5_V1_3_relaxed_B 	4.203E-01	0.051	24	140	341	527	19	246	286	257	0.383	0.797
LOKIASV2_4403_ESMFold_NAD-dependent_succinate-semialdehyde_dehydrogenase	LevyLab_A0A0H3JCJ9_V1_4_relaxed_B	LevyLab_A0A0H3JCJ9_V1_4_relaxed_B 	5.222E-01	0.051	24	141	342	527	74	265	302	230	0.383	0.636
LOKIASV2_4403_ESMFold_NAD-dependent_succinate-semialdehyde_dehydrogenase	LevyLab_Q8X8M5_V1_3_relaxed_B	LevyLab_Q8X8M5_V1_3_relaxed_B 	1.764E-01	0.051	24	116	432	527	3	273	306	363	0.602	0.886
LOKIASV2_4403_ESMFold_NAD-dependent_succinate-semialdehyde_dehydrogenase	ProtVar_P00338_P07864_B	ProtVar_P00338_P07864_B 	2.260E+00	0.051	24	136	272	527	18	170	332	178	0.260	0.461
LOKIASV2_4403_ESMFold_NAD-dependent_succinate-semialdehyde_dehydrogenase	LevyLab_Q8X667_V1_5_relaxed_B	LevyLab_Q8X667_V1_5_relaxed_B 	4.946E-01	0.051	24	140	435	527	66	336	342	362	0.562	0.792
LOKIASV2_4403_ESMFold_NAD-dependent_succinate-semialdehyde_dehydrogenase	LevyLab_P0AGJ6_V1_4_relaxed_B	LevyLab_P0AGJ6_V1_4_relaxed_B 	3.571E-01	0.051	24	247	441	527	194	334	345	205	0.370	0.409
LOKIASV2_4403_ESMFold_NAD-dependent_succinate-semialdehyde_dehydrogenase	LevyLab_Q8XBE0_V1_3_relaxed_B	LevyLab_Q8XBE0_V1_3_relaxed_B 	4.437E-01	0.051	24	76	222	527	5	161	375	186	0.279	0.419
LOKIASV2_4403_ESMFold_NAD-dependent_succinate-semialdehyde_dehydrogenase	LevyLab_Q8U375_V1_5_relaxed_B	LevyLab_Q8U375_V1_5_relaxed_B 	3.981E-01	0.051	24	58	222	527	62	215	440	196	0.313	0.350
LOKIASV2_4403_ESMFold_NAD-dependent_succinate-semialdehyde_dehydrogenase	LevyLab_P0A6C7_V1_3_relaxed_B	LevyLab_P0A6C7_V1_3_relaxed_B 	1.244E+00	0.051	24	247	411	527	24	208	443	215	0.313	0.418
LOKIASV2_4403_ESMFold_NAD-dependent_succinate-semialdehyde_dehydrogenase	ProtVar_P19623_Q49AN0_B	ProtVar_P19623_Q49AN0_B 	3.131E+00	0.051	24	136	307	527	20	180	593	195	0.326	0.272
LOKIASV2_4403_ESMFold_NAD-dependent_succinate-semialdehyde_dehydrogenase	ProtVar_P04637_Q86X55_B	ProtVar_P04637_Q86X55_B 	4.106E+00	0.051	24	136	244	527	184	285	608	120	0.207	0.168
LOKIASV2_4403_ESMFold_NAD-dependent_succinate-semialdehyde_dehydrogenase	ProtVar_P42263_Q13224_B	ProtVar_P42263_Q13224_B 	4.437E-01	0.051	24	136	411	527	31	259	1484	320	0.524	0.154
LOKIASV2_4403_ESMFold_NAD-dependent_succinate-semialdehyde_dehydrogenase	LevyLab_Q8U3W2_V1_5_relaxed_B	LevyLab_Q8U3W2_V1_5_relaxed_B 	4.833E+00	0.045	23	136	250	527	158	261	316	126	0.218	0.329
LOKIASV2_4403_ESMFold_NAD-dependent_succinate-semialdehyde_dehydrogenase	LevyLab_Q8TZR0_V1_4_relaxed_B	LevyLab_Q8TZR0_V1_4_relaxed_B 	8.061E-01	0.045	23	107	247	527	150	302	358	170	0.268	0.427
LOKIASV2_4403_ESMFold_NAD-dependent_succinate-semialdehyde_dehydrogenase	ProtVar_O14645_Q96LA8_B	ProtVar_O14645_Q96LA8_B 	5.387E+00	0.045	23	136	244	527	82	184	375	122	0.207	0.275
LOKIASV2_4403_ESMFold_NAD-dependent_succinate-semialdehyde_dehydrogenase	ProtVar_P37287_P40259_A	ProtVar_P37287_P40259_A 	3.571E-01	0.045	23	140	332	527	124	299	484	220	0.366	0.364
LOKIASV2_4403_ESMFold_NAD-dependent_succinate-semialdehyde_dehydrogenase	ProtVar_Q6NUQ4_Q8TDX6_B	ProtVar_Q6NUQ4_Q8TDX6_B 	1.244E+00	0.045	23	129	215	527	235	350	532	121	0.165	0.218
LOKIASV2_4403_ESMFold_NAD-dependent_succinate-semialdehyde_dehydrogenase	LevyLab_P39998_V1_5_relaxed_B	LevyLab_P39998_V1_5_relaxed_B 	1.057E+00	0.045	23	9	286	527	269	492	551	308	0.528	0.407
LOKIASV2_4403_ESMFold_NAD-dependent_succinate-semialdehyde_dehydrogenase	ProtVar_P02462_Q8NBJ5_B	ProtVar_P02462_Q8NBJ5_B 	2.141E+00	0.045	23	137	246	527	52	166	622	135	0.209	0.185
LOKIASV2_4403_ESMFold_NAD-dependent_succinate-semialdehyde_dehydrogenase	LevyLab_Q8U479_V1_5_relaxed_B	LevyLab_Q8U479_V1_5_relaxed_B 	9.486E-01	0.040	22	267	431	527	45	246	270	213	0.313	0.748
LOKIASV2_4403_ESMFold_NAD-dependent_succinate-semialdehyde_dehydrogenase	LevyLab_Q8X8P1_V1_3_relaxed_B	LevyLab_Q8X8P1_V1_3_relaxed_B 	1.057E+00	0.040	22	57	220	527	3	168	481	192	0.311	0.345
LOKIASV2_4403_ESMFold_NAD-dependent_succinate-semialdehyde_dehydrogenase	ProtVar_O60636_Q2TAA5_B	ProtVar_O60636_Q2TAA5_B 	4.685E-01	0.040	22	143	465	527	171	447	492	384	0.613	0.563
LOKIASV2_4403_ESMFold_NAD-dependent_succinate-semialdehyde_dehydrogenase	ProtVar_Q86UR1_Q9Y5S8_B	ProtVar_Q86UR1_Q9Y5S8_B 	1.116E+00	0.040	22	137	298	527	395	543	564	185	0.307	0.264
LOKIASV2_4403_ESMFold_NAD-dependent_succinate-semialdehyde_dehydrogenase	ProtVar_Q9BQA9_Q9HBY0_B	ProtVar_Q9BQA9_Q9HBY0_B 	8.061E-01	0.040	22	137	301	527	399	549	568	191	0.313	0.266
LOKIASV2_4403_ESMFold_NAD-dependent_succinate-semialdehyde_dehydrogenase	ProtVar_O95231_Q5T4B2_B	ProtVar_O95231_Q5T4B2_B 	4.106E+00	0.040	22	137	203	527	31	100	595	76	0.127	0.118
LOKIASV2_4403_ESMFold_NAD-dependent_succinate-semialdehyde_dehydrogenase	ProtVar_P35052_Q9H1B5-2_B	ProtVar_P35052_Q9H1B5-2_B 	4.577E+00	0.040	22	137	199	527	231	289	638	67	0.120	0.092
LOKIASV2_4403_ESMFold_NAD-dependent_succinate-semialdehyde_dehydrogenase	ProtVar_O14744_Q08426_B	ProtVar_O14744_Q08426_B 	3.684E+00	0.040	22	88	250	527	249	414	723	190	0.309	0.230
LOKIASV2_4403_ESMFold_NAD-dependent_succinate-semialdehyde_dehydrogenase	LevyLab_P55017_V1_2_relaxed_B	LevyLab_P55017_V1_2_relaxed_B 	1.723E+00	0.040	22	138	335	527	643	915	1021	290	0.376	0.267
LOKIASV2_4403_ESMFold_NAD-dependent_succinate-semialdehyde_dehydrogenase	LevyLab_P40165_V1_2_relaxed_B	LevyLab_P40165_V1_2_relaxed_B 	2.387E+00	0.034	21	74	289	527	9	199	246	238	0.410	0.776
LOKIASV2_4403_ESMFold_NAD-dependent_succinate-semialdehyde_dehydrogenase	LevyLab_Q8X7C3_V1_3_relaxed_B	LevyLab_Q8X7C3_V1_3_relaxed_B 	1.921E+00	0.034	21	134	289	527	2	195	252	217	0.296	0.770
LOKIASV2_4403_ESMFold_NAD-dependent_succinate-semialdehyde_dehydrogenase	ModelArchive_ma-bak-cepc-0473_A	ModelArchive_ma-bak-cepc-0473_A Predicted interaction between VPS29 and VPS35 Predicted interaction between VPS29 and VPS35	9.785E+00	0.034	21	208	247	527	22	63	282	42	0.076	0.149
LOKIASV2_4403_ESMFold_NAD-dependent_succinate-semialdehyde_dehydrogenase	ProtVar_P10253_Q8ZG77_B	ProtVar_P10253_Q8ZG77_B 	4.106E+00	0.034	21	174	238	527	279	334	353	66	0.123	0.159
LOKIASV2_4403_ESMFold_NAD-dependent_succinate-semialdehyde_dehydrogenase	LevyLab_Q8U2A1_V1_5_relaxed_B	LevyLab_Q8U2A1_V1_5_relaxed_B 	1.206E-01	0.034	21	131	434	527	25	362	424	404	0.577	0.797
LOKIASV2_4403_ESMFold_NAD-dependent_succinate-semialdehyde_dehydrogenase	ProtVar_A0PJZ3_Q9Y4Z2_A	ProtVar_A0PJZ3_Q9Y4Z2_A 	2.028E+00	0.034	21	250	345	527	110	210	443	114	0.182	0.228
LOKIASV2_4403_ESMFold_NAD-dependent_succinate-semialdehyde_dehydrogenase	LevyLab_P38999_V1_3_relaxed_B	LevyLab_P38999_V1_3_relaxed_B 	3.489E+00	0.034	21	137	345	527	2	147	446	218	0.397	0.327
LOKIASV2_4403_ESMFold_NAD-dependent_succinate-semialdehyde_dehydrogenase	ModelArchive_ma-bak-cepc-0879_B	ModelArchive_ma-bak-cepc-0879_B Predicted interaction between GPI19 and SPT14 Predicted interaction between GPI19 and SPT14	4.685E-01	0.034	21	140	441	527	94	334	452	341	0.573	0.533
LOKIASV2_4403_ESMFold_NAD-dependent_succinate-semialdehyde_dehydrogenase	ProtVar_O14978_O43865_B	ProtVar_O14978_O43865_B 	7.232E-01	0.034	21	53	470	527	107	451	530	493	0.793	0.651
LOKIASV2_4403_ESMFold_NAD-dependent_succinate-semialdehyde_dehydrogenase	LevyLab_P46151_V1_5_relaxed_A	LevyLab_P46151_V1_5_relaxed_A 	4.437E-01	0.034	21	136	319	527	12	282	657	295	0.349	0.412
LOKIASV2_4403_ESMFold_NAD-dependent_succinate-semialdehyde_dehydrogenase	ProtVar_P17858_P17858_A	ProtVar_P17858_P17858_A 	1.116E+00	0.034	21	88	431	527	370	657	780	385	0.653	0.369
LOKIASV2_4403_ESMFold_NAD-dependent_succinate-semialdehyde_dehydrogenase	ProtVar_P18827_Q86Y38_B	ProtVar_P18827_Q86Y38_B 	4.577E+00	0.034	21	136	246	527	325	423	959	122	0.211	0.103
LOKIASV2_4403_ESMFold_NAD-dependent_succinate-semialdehyde_dehydrogenase	ModelArchive_ma-bak-cepc-0254_B	ModelArchive_ma-bak-cepc-0254_B Predicted interaction between PEX4 and PEX22 Predicted interaction between PEX4 and PEX22	6.339E+00	0.029	20	97	220	527	22	137	180	132	0.235	0.644
LOKIASV2_4403_ESMFold_NAD-dependent_succinate-semialdehyde_dehydrogenase	ProtVar_O14874_Q6NUN0-2_B	ProtVar_O14874_Q6NUN0-2_B 	6.004E+00	0.029	20	136	246	527	113	191	208	115	0.211	0.380
LOKIASV2_4403_ESMFold_NAD-dependent_succinate-semialdehyde_dehydrogenase	LevyLab_Q7Z5J1_V1_4_relaxed_B	LevyLab_Q7Z5J1_V1_4_relaxed_B 	1.244E+00	0.029	20	142	320	527	32	204	315	209	0.340	0.549
LOKIASV2_4403_ESMFold_NAD-dependent_succinate-semialdehyde_dehydrogenase	LevyLab_Q8X5C3_V1_3_relaxed_B	LevyLab_Q8X5C3_V1_3_relaxed_B 	1.244E+00	0.029	20	139	342	527	48	225	317	228	0.387	0.562
LOKIASV2_4403_ESMFold_NAD-dependent_succinate-semialdehyde_dehydrogenase	LevyLab_Q8X824_V1_1_relaxed_B	LevyLab_Q8X824_V1_1_relaxed_B 	1.819E+00	0.029	20	136	282	527	32	144	362	160	0.279	0.312
LOKIASV2_4403_ESMFold_NAD-dependent_succinate-semialdehyde_dehydrogenase	LevyLab_Q8XDA2_V1_4_relaxed_B	LevyLab_Q8XDA2_V1_4_relaxed_B 	5.222E-01	0.029	20	136	426	527	4	348	406	417	0.552	0.850
LOKIASV2_4403_ESMFold_NAD-dependent_succinate-semialdehyde_dehydrogenase	ProtVar_P10632_P34913_B	ProtVar_P10632_P34913_B 	6.488E-01	0.029	20	115	434	527	238	518	555	360	0.607	0.506
LOKIASV2_4403_ESMFold_NAD-dependent_succinate-semialdehyde_dehydrogenase	ProtVar_Q7L8J4_Q86X55-1_B	ProtVar_Q7L8J4_Q86X55-1_B 	3.305E+00	0.029	20	59	244	527	147	285	585	194	0.353	0.238
LOKIASV2_4403_ESMFold_NAD-dependent_succinate-semialdehyde_dehydrogenase	ProtVar_P08237_Q15198_A	ProtVar_P08237_Q15198_A 	1.179E+00	0.029	20	80	466	527	354	679	780	444	0.734	0.418
LOKIASV2_4403_ESMFold_NAD-dependent_succinate-semialdehyde_dehydrogenase	LevyLab_P22102_V1_5_relaxed_B	LevyLab_P22102_V1_5_relaxed_B 	9.268E+00	0.029	20	138	248	527	2	96	1010	121	0.211	0.094
LOKIASV2_4403_ESMFold_NAD-dependent_succinate-semialdehyde_dehydrogenase	LevyLab_P69772_V1_4_relaxed_B	LevyLab_P69772_V1_4_relaxed_B 	8.779E+00	0.024	19	139	246	527	2	121	197	136	0.205	0.609
LOKIASV2_4403_ESMFold_NAD-dependent_succinate-semialdehyde_dehydrogenase	ProtVar_P00450_Q8N9F7-2_B	ProtVar_P00450_Q8N9F7-2_B 	1.314E+00	0.024	19	157	301	527	137	240	290	147	0.275	0.359
LOKIASV2_4403_ESMFold_NAD-dependent_succinate-semialdehyde_dehydrogenase	LevyLab_Q8U0B3_V1_3_relaxed_B	LevyLab_Q8U0B3_V1_3_relaxed_B 	6.488E-01	0.024	19	52	221	527	1	137	326	198	0.323	0.420
LOKIASV2_4403_ESMFold_NAD-dependent_succinate-semialdehyde_dehydrogenase	ProtVar_Q5T700_Q9NZC7-2_B	ProtVar_Q5T700_Q9NZC7-2_B 	3.489E+00	0.024	19	136	293	527	121	264	363	176	0.300	0.397
LOKIASV2_4403_ESMFold_NAD-dependent_succinate-semialdehyde_dehydrogenase	ProtVar_P42898_Q96PH1-3_B	ProtVar_P42898_Q96PH1-3_B 	4.106E+00	0.024	19	138	245	527	554	735	737	183	0.205	0.247
LOKIASV2_4403_ESMFold_NAD-dependent_succinate-semialdehyde_dehydrogenase	LevyLab_Q8TZZ0_V1_5_relaxed_B	LevyLab_Q8TZZ0_V1_5_relaxed_B 	6.339E+00	0.020	18	139	242	527	2	137	201	148	0.197	0.677
LOKIASV2_4403_ESMFold_NAD-dependent_succinate-semialdehyde_dehydrogenase	ProtVar_Q7Z4W1_Q7Z4W1_A	ProtVar_Q7Z4W1_Q7Z4W1_A 	3.305E+00	0.020	18	139	309	527	7	207	244	226	0.324	0.824
LOKIASV2_4403_ESMFold_NAD-dependent_succinate-semialdehyde_dehydrogenase	LevyLab_Q8XDV1_V1_3_relaxed_B	LevyLab_Q8XDV1_V1_3_relaxed_B 	1.819E+00	0.020	18	140	341	527	18	247	278	247	0.383	0.827
LOKIASV2_4403_ESMFold_NAD-dependent_succinate-semialdehyde_dehydrogenase	LevyLab_Q8U435_V1_5_relaxed_B	LevyLab_Q8U435_V1_5_relaxed_B 	5.102E+00	0.020	18	139	246	527	2	131	376	135	0.205	0.346
LOKIASV2_4403_ESMFold_NAD-dependent_succinate-semialdehyde_dehydrogenase	LevyLab_Q8U0F9_V1_4_relaxed_B	LevyLab_Q8U0F9_V1_4_relaxed_B 	2.028E+00	0.020	18	155	435	527	69	300	380	331	0.533	0.611
LOKIASV2_4403_ESMFold_NAD-dependent_succinate-semialdehyde_dehydrogenase	LevyLab_Q8TZE7_V1_3_relaxed_B	LevyLab_Q8TZE7_V1_3_relaxed_B 	1.002E+00	0.020	18	76	221	527	17	171	446	195	0.277	0.348
LOKIASV2_4403_ESMFold_NAD-dependent_succinate-semialdehyde_dehydrogenase	ModelArchive_ma-bak-cepc-0214_A	ModelArchive_ma-bak-cepc-0214_A Predicted interaction between RAD57 and RAD55 Predicted interaction between RAD57 and RAD55	1.464E+00	0.020	18	137	342	527	117	347	460	275	0.391	0.502
LOKIASV2_4403_ESMFold_NAD-dependent_succinate-semialdehyde_dehydrogenase	LevyLab_Q96F86_V1_2_relaxed_A	LevyLab_Q96F86_V1_2_relaxed_A 	3.489E+00	0.020	18	13	244	527	261	441	508	254	0.440	0.356
LOKIASV2_4403_ESMFold_NAD-dependent_succinate-semialdehyde_dehydrogenase	ProtVar_Q13144_Q9UI10_B	ProtVar_Q13144_Q9UI10_B 	5.387E+00	0.020	18	37	246	527	205	438	523	261	0.398	0.447
LOKIASV2_4403_ESMFold_NAD-dependent_succinate-semialdehyde_dehydrogenase	ModelArchive_ma-bak-cepc-0583_A	ModelArchive_ma-bak-cepc-0583_A Predicted interaction between NOP2 and FPR4 Predicted interaction between NOP2 and FPR4	9.785E+00	0.020	18	136	237	527	345	437	618	109	0.194	0.150
LOKIASV2_4403_ESMFold_NAD-dependent_succinate-semialdehyde_dehydrogenase	ProtVar_O95863_Q86TI2-2_B	ProtVar_O95863_Q86TI2-2_B 	4.577E+00	0.020	18	140	246	527	754	863	892	132	0.203	0.123
LOKIASV2_4403_ESMFold_NAD-dependent_succinate-semialdehyde_dehydrogenase	ProtVar_Q5VV42_Q96BW1-3_B	ProtVar_Q5VV42_Q96BW1-3_B 	3.131E+00	0.016	17	91	201	527	21	154	167	149	0.211	0.802
LOKIASV2_4403_ESMFold_NAD-dependent_succinate-semialdehyde_dehydrogenase	LevyLab_P63179_V1_3_relaxed_B	LevyLab_P63179_V1_3_relaxed_B 	1.632E+00	0.016	17	179	441	527	35	233	243	289	0.499	0.819
LOKIASV2_4403_ESMFold_NAD-dependent_succinate-semialdehyde_dehydrogenase	ProtVar_O94830_P53004_B	ProtVar_O94830_P53004_B 	1.632E+00	0.016	17	136	290	527	4	195	296	225	0.294	0.649
LOKIASV2_4403_ESMFold_NAD-dependent_succinate-semialdehyde_dehydrogenase	LevyLab_O75911_V1_3_relaxed_A	LevyLab_O75911_V1_3_relaxed_A 	6.693E+00	0.016	17	208	303	527	56	147	302	108	0.182	0.305
LOKIASV2_4403_ESMFold_NAD-dependent_succinate-semialdehyde_dehydrogenase	LevyLab_P0AF07_V1_4_relaxed_B	LevyLab_P0AF07_V1_4_relaxed_B 	1.921E+00	0.016	17	55	202	527	106	240	308	179	0.281	0.438
LOKIASV2_4403_ESMFold_NAD-dependent_succinate-semialdehyde_dehydrogenase	LevyLab_Q8U373_V1_3_relaxed_B	LevyLab_Q8U373_V1_3_relaxed_B 	4.335E+00	0.016	17	31	246	527	14	266	308	297	0.410	0.821
LOKIASV2_4403_ESMFold_NAD-dependent_succinate-semialdehyde_dehydrogenase	LevyLab_P0A797_V1_4_relaxed_B	LevyLab_P0A797_V1_4_relaxed_B 	2.520E+00	0.016	17	139	482	527	3	311	320	416	0.653	0.966
LOKIASV2_4403_ESMFold_NAD-dependent_succinate-semialdehyde_dehydrogenase	ProtVar_O43502_O75771-5_B	ProtVar_O43502_O75771-5_B 	4.335E+00	0.016	17	137	250	527	99	254	328	165	0.216	0.476
LOKIASV2_4403_ESMFold_NAD-dependent_succinate-semialdehyde_dehydrogenase	LevyLab_O43502_V1_2_relaxed_A	LevyLab_O43502_V1_2_relaxed_A 	3.489E+00	0.016	17	137	248	527	117	284	376	174	0.213	0.447
LOKIASV2_4403_ESMFold_NAD-dependent_succinate-semialdehyde_dehydrogenase	LevyLab_Q8U3R6_V1_5_relaxed_B	LevyLab_Q8U3R6_V1_5_relaxed_B 	9.486E-01	0.016	17	100	441	527	20	365	385	427	0.649	0.899
LOKIASV2_4403_ESMFold_NAD-dependent_succinate-semialdehyde_dehydrogenase	LevyLab_E7FHA4_V1_3_relaxed_B	LevyLab_E7FHA4_V1_3_relaxed_B 	2.387E+00	0.016	17	139	465	527	19	391	402	440	0.620	0.928
LOKIASV2_4403_ESMFold_NAD-dependent_succinate-semialdehyde_dehydrogenase	LevyLab_Q8X7P4_V1_4_relaxed_B	LevyLab_Q8X7P4_V1_4_relaxed_B 	1.179E+00	0.016	17	140	441	527	2	361	426	402	0.573	0.845
LOKIASV2_4403_ESMFold_NAD-dependent_succinate-semialdehyde_dehydrogenase	ModelArchive_ma-t3vr3-254_B	ModelArchive_ma-t3vr3-254_B Predicted interaction between ITGAV (30-990) and ITGB6 (23-497) Predicted interaction between ITGAV (30-990) and ITGB6 (23-497)	2.387E+00	0.016	17	243	434	527	105	330	475	248	0.364	0.476
LOKIASV2_4403_ESMFold_NAD-dependent_succinate-semialdehyde_dehydrogenase	ProtVar_O00219_Q96FZ5_A	ProtVar_O00219_Q96FZ5_A 	1.314E+00	0.016	17	95	342	527	60	362	553	347	0.471	0.548
LOKIASV2_4403_ESMFold_NAD-dependent_succinate-semialdehyde_dehydrogenase	ProtVar_O00571_Q92841_B	ProtVar_O00571_Q92841_B 	2.028E+00	0.016	17	136	432	527	244	520	729	360	0.564	0.380
LOKIASV2_4403_ESMFold_NAD-dependent_succinate-semialdehyde_dehydrogenase	LevyLab_Q9BQN1_V1_3_relaxed_B	LevyLab_Q9BQN1_V1_3_relaxed_B 	7.460E+00	0.016	17	131	201	527	146	233	747	95	0.135	0.118
LOKIASV2_4403_ESMFold_NAD-dependent_succinate-semialdehyde_dehydrogenase	ProtVar_P15153_Q8WUI4-6_B	ProtVar_P15153_Q8WUI4-6_B 	9.268E+00	0.016	17	137	246	527	720	861	974	155	0.209	0.146
LOKIASV2_4403_ESMFold_NAD-dependent_succinate-semialdehyde_dehydrogenase	ProtVar_Q12879_Q9BU23-2_A	ProtVar_Q12879_Q9BU23-2_A 	1.921E+00	0.016	17	137	411	527	31	258	1464	324	0.522	0.156
LOKIASV2_4403_ESMFold_NAD-dependent_succinate-semialdehyde_dehydrogenase	ProtVar_P10321_Q96E22_B	ProtVar_P10321_Q96E22_B 	3.489E+00	0.014	16	250	398	527	102	281	293	199	0.283	0.614
LOKIASV2_4403_ESMFold_NAD-dependent_succinate-semialdehyde_dehydrogenase	ProtVar_Q86SG7_Q8NBN7_B	ProtVar_Q86SG7_Q8NBN7_B 	2.028E+00	0.014	16	137	358	527	37	223	331	247	0.421	0.565
LOKIASV2_4403_ESMFold_NAD-dependent_succinate-semialdehyde_dehydrogenase	ProtVar_Q3SXP7_Q8N2K0-2_B	ProtVar_Q3SXP7_Q8N2K0-2_B 	2.809E+00	0.014	16	98	246	527	94	363	404	276	0.283	0.668
LOKIASV2_4403_ESMFold_NAD-dependent_succinate-semialdehyde_dehydrogenase	LevyLab_P50251_V1_4_relaxed_B	LevyLab_P50251_V1_4_relaxed_B 	3.890E+00	0.014	16	53	434	527	10	297	421	427	0.725	0.684
LOKIASV2_4403_ESMFold_NAD-dependent_succinate-semialdehyde_dehydrogenase	LevyLab_P36024_V1_4_relaxed_B	LevyLab_P36024_V1_4_relaxed_B 	8.315E+00	0.014	16	136	250	527	261	428	562	173	0.218	0.299
LOKIASV2_4403_ESMFold_NAD-dependent_succinate-semialdehyde_dehydrogenase	LevyLab_Q8U3D5_V1_3_relaxed_A	LevyLab_Q8U3D5_V1_3_relaxed_A 	8.061E-01	0.014	16	133	479	527	245	646	646	482	0.658	0.622
LOKIASV2_4403_ESMFold_NAD-dependent_succinate-semialdehyde_dehydrogenase	ProtVar_P28482_Q9NRA0_B	ProtVar_P28482_Q9NRA0_B 	6.339E+00	0.014	16	137	271	527	180	290	654	146	0.256	0.170
LOKIASV2_4403_ESMFold_NAD-dependent_succinate-semialdehyde_dehydrogenase	ProtVar_P17858_Q01813_B	ProtVar_P17858_Q01813_B 	1.314E+00	0.014	16	87	475	527	356	769	784	508	0.738	0.528
LOKIASV2_4403_ESMFold_NAD-dependent_succinate-semialdehyde_dehydrogenase	ProtVar_Q13075_Q9NR28_A	ProtVar_Q13075_Q9NR28_A 	1.921E+00	0.014	16	143	432	527	1137	1392	1403	326	0.550	0.182
LOKIASV2_4403_ESMFold_NAD-dependent_succinate-semialdehyde_dehydrogenase	ProtVar_Q1HG44_Q9NRD8_B	ProtVar_Q1HG44_Q9NRD8_B 	7.876E+00	0.014	16	137	246	527	1377	1545	1548	174	0.209	0.109
LOKIASV2_4403_ESMFold_NAD-dependent_succinate-semialdehyde_dehydrogenase	ModelArchive_ma-rap-bacsu-150_B	ModelArchive_ma-rap-bacsu-150_B Predicted interaction between yojF and bshB2 Predicted interaction between yojF and bshB2	7.066E+00	0.011	15	137	244	527	2	147	221	156	0.205	0.661
LOKIASV2_4403_ESMFold_NAD-dependent_succinate-semialdehyde_dehydrogenase	LevyLab_P0AGJ3_V1_1_relaxed_B	LevyLab_P0AGJ3_V1_1_relaxed_B 	5.387E+00	0.011	15	245	402	527	15	136	229	165	0.300	0.533
LOKIASV2_4403_ESMFold_NAD-dependent_succinate-semialdehyde_dehydrogenase	ProtVar_Q6PJ69_Q8NB37-2_B	ProtVar_Q6PJ69_Q8NB37-2_B 	9.268E+00	0.011	15	136	244	527	9	123	250	134	0.207	0.460
LOKIASV2_4403_ESMFold_NAD-dependent_succinate-semialdehyde_dehydrogenase	LevyLab_P35270_V1_2_relaxed_A	LevyLab_P35270_V1_2_relaxed_A 	5.687E+00	0.011	15	139	317	527	6	231	261	245	0.340	0.866
LOKIASV2_4403_ESMFold_NAD-dependent_succinate-semialdehyde_dehydrogenase	LevyLab_Q8NCW5_V1_5_relaxed_B	LevyLab_Q8NCW5_V1_5_relaxed_B 	4.577E+00	0.011	15	29	289	527	58	242	288	275	0.495	0.642
LOKIASV2_4403_ESMFold_NAD-dependent_succinate-semialdehyde_dehydrogenase	LevyLab_Q8XBS1_V1_3_relaxed_B	LevyLab_Q8XBS1_V1_3_relaxed_B 	4.106E+00	0.011	15	99	342	527	72	348	352	326	0.463	0.787
LOKIASV2_4403_ESMFold_NAD-dependent_succinate-semialdehyde_dehydrogenase	LevyLab_Q8U2N9_V1_3_relaxed_B	LevyLab_Q8U2N9_V1_3_relaxed_B 	3.489E+00	0.011	15	155	504	527	68	356	358	404	0.664	0.807
LOKIASV2_4403_ESMFold_NAD-dependent_succinate-semialdehyde_dehydrogenase	LevyLab_Q8X9E3_V1_5_relaxed_B	LevyLab_Q8X9E3_V1_5_relaxed_B 	3.890E+00	0.011	15	34	253	527	6	213	373	255	0.417	0.558
LOKIASV2_4403_ESMFold_NAD-dependent_succinate-semialdehyde_dehydrogenase	LevyLab_Q8IWR1_V1_2_relaxed_A	LevyLab_Q8IWR1_V1_2_relaxed_A 	7.460E+00	0.011	15	463	525	527	297	351	403	63	0.120	0.136
LOKIASV2_4403_ESMFold_NAD-dependent_succinate-semialdehyde_dehydrogenase	LevyLab_Q8X8G5_V1_3_relaxed_B	LevyLab_Q8X8G5_V1_3_relaxed_B 	7.876E+00	0.011	15	138	201	527	170	245	434	88	0.121	0.175
LOKIASV2_4403_ESMFold_NAD-dependent_succinate-semialdehyde_dehydrogenase	ProtVar_P26572_P78381-2_A	ProtVar_P26572_P78381-2_A 	5.687E+00	0.011	15	136	246	527	104	209	445	137	0.211	0.238
LOKIASV2_4403_ESMFold_NAD-dependent_succinate-semialdehyde_dehydrogenase	ProtVar_O00461_Q8N6G5_B	ProtVar_O00461_Q8N6G5_B 	4.833E+00	0.011	15	129	203	527	244	340	542	108	0.142	0.179
LOKIASV2_4403_ESMFold_NAD-dependent_succinate-semialdehyde_dehydrogenase	ProtVar_A6NCF5_P10809_B	ProtVar_A6NCF5_P10809_B 	2.028E+00	0.011	15	38	219	527	96	324	573	247	0.345	0.400
LOKIASV2_4403_ESMFold_NAD-dependent_succinate-semialdehyde_dehydrogenase	ProtVar_Q4G176_Q6P587-2_A	ProtVar_Q4G176_Q6P587-2_A 	2.260E+00	0.011	15	97	431	527	70	330	576	382	0.636	0.453
LOKIASV2_4403_ESMFold_NAD-dependent_succinate-semialdehyde_dehydrogenase	ProtVar_O60294_P11142_A	ProtVar_O60294_P11142_A 	9.268E+00	0.011	15	34	299	527	4	262	686	316	0.505	0.378
LOKIASV2_4403_ESMFold_NAD-dependent_succinate-semialdehyde_dehydrogenase	ProtVar_O60907_Q8WUI4_B	ProtVar_O60907_Q8WUI4_B 	9.268E+00	0.011	15	137	246	527	698	839	952	159	0.209	0.149
LOKIASV2_4403_ESMFold_NAD-dependent_succinate-semialdehyde_dehydrogenase	LevyLab_Q8XDF6_V1_5_relaxed_B	LevyLab_Q8XDF6_V1_5_relaxed_B 	7.066E+00	0.010	14	251	308	527	3	75	157	79	0.110	0.465
LOKIASV2_4403_ESMFold_NAD-dependent_succinate-semialdehyde_dehydrogenase	LevyLab_P23919_V1_3_relaxed_A	LevyLab_P23919_V1_3_relaxed_A 	2.965E+00	0.010	14	248	465	527	5	157	212	228	0.414	0.722
LOKIASV2_4403_ESMFold_NAD-dependent_succinate-semialdehyde_dehydrogenase	LevyLab_P62002_V1_3_relaxed_B	LevyLab_P62002_V1_3_relaxed_B 	7.460E+00	0.010	14	135	247	527	4	182	228	182	0.214	0.785
LOKIASV2_4403_ESMFold_NAD-dependent_succinate-semialdehyde_dehydrogenase	LevyLab_Q8XA83_V1_3_relaxed_B	LevyLab_Q8XA83_V1_3_relaxed_B 	5.102E+00	0.010	14	248	527	527	3	245	245	336	0.531	0.992
LOKIASV2_4403_ESMFold_NAD-dependent_succinate-semialdehyde_dehydrogenase	LevyLab_Q8U142_V1_4_relaxed_B	LevyLab_Q8U142_V1_4_relaxed_B 	7.460E+00	0.010	14	37	260	527	33	200	280	240	0.425	0.600
LOKIASV2_4403_ESMFold_NAD-dependent_succinate-semialdehyde_dehydrogenase	ProtVar_O14521_P36542_B	ProtVar_O14521_P36542_B 	5.387E+00	0.010	14	55	219	527	31	183	298	188	0.313	0.513
LOKIASV2_4403_ESMFold_NAD-dependent_succinate-semialdehyde_dehydrogenase	LevyLab_P0A788_V1_3_relaxed_B	LevyLab_P0A788_V1_3_relaxed_B 	8.779E+00	0.010	14	97	479	527	23	311	311	435	0.727	0.929
LOKIASV2_4403_ESMFold_NAD-dependent_succinate-semialdehyde_dehydrogenase	LevyLab_P15703_V1_4_relaxed_B	LevyLab_P15703_V1_4_relaxed_B 	3.131E+00	0.010	14	139	320	527	25	227	313	236	0.345	0.649
LOKIASV2_4403_ESMFold_NAD-dependent_succinate-semialdehyde_dehydrogenase	ProtVar_O75409_Q8N9F7_B	ProtVar_O75409_Q8N9F7_B 	2.660E+00	0.010	14	157	441	527	137	308	314	287	0.541	0.548
LOKIASV2_4403_ESMFold_NAD-dependent_succinate-semialdehyde_dehydrogenase	LevyLab_Q8U4G4_V1_4_relaxed_B	LevyLab_Q8U4G4_V1_4_relaxed_B 	3.890E+00	0.010	14	39	204	527	2	188	341	208	0.315	0.548
LOKIASV2_4403_ESMFold_NAD-dependent_succinate-semialdehyde_dehydrogenase	LevyLab_O74036_V1_4_relaxed_B	LevyLab_O74036_V1_4_relaxed_B 	9.268E+00	0.010	14	134	246	527	127	284	349	167	0.214	0.453
LOKIASV2_4403_ESMFold_NAD-dependent_succinate-semialdehyde_dehydrogenase	ProtVar_P60510_Q9Y570_B	ProtVar_P60510_Q9Y570_B 	1.819E+00	0.010	14	129	479	527	65	383	386	441	0.666	0.826
LOKIASV2_4403_ESMFold_NAD-dependent_succinate-semialdehyde_dehydrogenase	LevyLab_Q8XBT8_V1_3_relaxed_B	LevyLab_Q8XBT8_V1_3_relaxed_B 	5.102E+00	0.010	14	136	286	527	29	136	387	161	0.287	0.279
LOKIASV2_4403_ESMFold_NAD-dependent_succinate-semialdehyde_dehydrogenase	ProtVar_O00220_Q16739_B	ProtVar_O00220_Q16739_B 	5.387E+00	0.010	14	68	278	527	3	207	394	246	0.400	0.520
LOKIASV2_4403_ESMFold_NAD-dependent_succinate-semialdehyde_dehydrogenase	LevyLab_P40510_V1_3_relaxed_B	LevyLab_P40510_V1_3_relaxed_B 	2.387E+00	0.010	14	135	431	527	51	284	469	329	0.564	0.499
LOKIASV2_4403_ESMFold_NAD-dependent_succinate-semialdehyde_dehydrogenase	ProtVar_O60551_Q96NN9-2_B	ProtVar_O60551_Q96NN9-2_B 	2.260E+00	0.010	14	138	406	527	199	449	604	332	0.510	0.416
LOKIASV2_4403_ESMFold_NAD-dependent_succinate-semialdehyde_dehydrogenase	LevyLab_P36143_V1_5_relaxed_B	LevyLab_P36143_V1_5_relaxed_B 	3.305E+00	0.010	14	136	272	527	2	93	616	143	0.260	0.149
LOKIASV2_4403_ESMFold_NAD-dependent_succinate-semialdehyde_dehydrogenase	LevyLab_O95461_V1_4_relaxed_B	LevyLab_O95461_V1_4_relaxed_B 	5.102E+00	0.010	14	98	221	527	426	561	756	158	0.235	0.180
LOKIASV2_4403_ESMFold_NAD-dependent_succinate-semialdehyde_dehydrogenase	ProtVar_P13164_P40939_B	ProtVar_P13164_P40939_B 	6.004E+00	0.010	14	136	331	527	360	622	763	293	0.372	0.345
LOKIASV2_4403_ESMFold_NAD-dependent_succinate-semialdehyde_dehydrogenase	LevyLab_Q8U2T5_V1_3_relaxed_B	LevyLab_Q8U2T5_V1_3_relaxed_B 	6.004E+00	0.009	13	33	195	527	14	168	211	184	0.309	0.735
LOKIASV2_4403_ESMFold_NAD-dependent_succinate-semialdehyde_dehydrogenase	LevyLab_Q8U066_V1_3_relaxed_B	LevyLab_Q8U066_V1_3_relaxed_B 	7.066E+00	0.009	13	58	246	527	10	235	237	283	0.359	0.954
LOKIASV2_4403_ESMFold_NAD-dependent_succinate-semialdehyde_dehydrogenase	ProtVar_Q9H4I8_Q9Y4D1-2_A	ProtVar_Q9H4I8_Q9Y4D1-2_A 	4.335E+00	0.009	13	129	439	527	22	290	314	354	0.590	0.857
LOKIASV2_4403_ESMFold_NAD-dependent_succinate-semialdehyde_dehydrogenase	LevyLab_Q8U2R6_V1_4_relaxed_B	LevyLab_Q8U2R6_V1_4_relaxed_B 	8.315E+00	0.009	13	140	373	527	3	168	316	251	0.444	0.525
LOKIASV2_4403_ESMFold_NAD-dependent_succinate-semialdehyde_dehydrogenase	ProtVar_Q00765_Q9NZC3_B	ProtVar_Q00765_Q9NZC3_B 	4.833E+00	0.009	13	158	319	527	161	318	331	191	0.307	0.477
LOKIASV2_4403_ESMFold_NAD-dependent_succinate-semialdehyde_dehydrogenase	ProtVar_P00480_P27708_A	ProtVar_P00480_P27708_A 	7.876E+00	0.009	13	97	425	527	56	281	354	357	0.624	0.638
LOKIASV2_4403_ESMFold_NAD-dependent_succinate-semialdehyde_dehydrogenase	ProtVar_O60896_Q9NRZ5_B	ProtVar_O60896_Q9NRZ5_B 	2.520E+00	0.009	13	33	202	527	9	174	378	205	0.323	0.439
LOKIASV2_4403_ESMFold_NAD-dependent_succinate-semialdehyde_dehydrogenase	ProtVar_O95149_O95395_B	ProtVar_O95149_O95395_B 	7.876E+00	0.009	13	69	248	527	81	229	438	194	0.342	0.340
LOKIASV2_4403_ESMFold_NAD-dependent_succinate-semialdehyde_dehydrogenase	ModelArchive_ma-tbvar3d-19_F	ModelArchive_ma-tbvar3d-19_F TBvar3D model for ATP6_MYCTU (P9WPV7), ATPL_MYCTU (P9WPS1) with Bedaquiline TBvar3D model for ATP6_MYCTU (P9WPV7), ATPL_MYCTU (P9WPS1) with Bedaquiline	6.004E+00	0.009	13	117	341	527	127	377	463	300	0.427	0.542
LOKIASV2_4403_ESMFold_NAD-dependent_succinate-semialdehyde_dehydrogenase	LevyLab_Q8XCC6_V1_3_relaxed_B	LevyLab_Q8XCC6_V1_3_relaxed_B 	4.106E+00	0.009	13	34	201	527	11	205	486	219	0.319	0.401
LOKIASV2_4403_ESMFold_NAD-dependent_succinate-semialdehyde_dehydrogenase	ProtVar_P06756_P26012_B	ProtVar_P06756_P26012_B 	1.464E+00	0.009	13	129	431	527	134	363	769	351	0.575	0.299
LOKIASV2_4403_ESMFold_NAD-dependent_succinate-semialdehyde_dehydrogenase	ProtVar_O15218_Q05469-2_B	ProtVar_O15218_Q05469-2_B 	4.335E+00	0.009	13	136	265	527	341	468	775	163	0.247	0.165
LOKIASV2_4403_ESMFold_NAD-dependent_succinate-semialdehyde_dehydrogenase	LevyLab_A5YM72_V1_5_relaxed_A	LevyLab_A5YM72_V1_5_relaxed_A 	7.460E+00	0.009	13	136	199	527	392	472	827	86	0.121	0.098
LOKIASV2_4403_ESMFold_NAD-dependent_succinate-semialdehyde_dehydrogenase	ProtVar_Q6V1X1_Q9Y616_A	ProtVar_Q6V1X1_Q9Y616_A 	5.387E+00	0.009	13	129	246	527	646	859	898	224	0.224	0.238
LOKIASV2_4403_ESMFold_NAD-dependent_succinate-semialdehyde_dehydrogenase	LevyLab_P0AEL9_V1_1_relaxed_B	LevyLab_P0AEL9_V1_1_relaxed_B 	9.785E+00	0.008	12	136	342	527	2	171	210	232	0.393	0.810
LOKIASV2_4403_ESMFold_NAD-dependent_succinate-semialdehyde_dehydrogenase	LevyLab_Q8U071_V1_5_relaxed_B	LevyLab_Q8U071_V1_5_relaxed_B 	5.687E+00	0.008	12	248	465	527	2	162	210	227	0.414	0.767
LOKIASV2_4403_ESMFold_NAD-dependent_succinate-semialdehyde_dehydrogenase	ProtVar_Q15388_Q86WA6-2_B	ProtVar_Q15388_Q86WA6-2_B 	6.693E+00	0.008	12	104	432	527	8	249	274	365	0.624	0.883
LOKIASV2_4403_ESMFold_NAD-dependent_succinate-semialdehyde_dehydrogenase	LevyLab_Q03148_V1_5_relaxed_B	LevyLab_Q03148_V1_5_relaxed_B 	4.106E+00	0.008	12	137	444	527	17	255	297	360	0.584	0.805
LOKIASV2_4403_ESMFold_NAD-dependent_succinate-semialdehyde_dehydrogenase	LevyLab_Q8XBK6_V1_2_relaxed_B	LevyLab_Q8XBK6_V1_2_relaxed_B 	7.460E+00	0.008	12	97	391	527	43	281	303	328	0.560	0.789
LOKIASV2_4403_ESMFold_NAD-dependent_succinate-semialdehyde_dehydrogenase	ProtVar_Q00535_Q5MJ70_B	ProtVar_Q00535_Q5MJ70_B 	7.460E+00	0.008	12	1	109	527	48	136	313	114	0.207	0.284
LOKIASV2_4403_ESMFold_NAD-dependent_succinate-semialdehyde_dehydrogenase	ProtVar_Q02338_Q9UBK5_A	ProtVar_Q02338_Q9UBK5_A 	7.876E+00	0.008	12	135	389	527	50	320	343	346	0.484	0.790
LOKIASV2_4403_ESMFold_NAD-dependent_succinate-semialdehyde_dehydrogenase	ProtVar_P32246_Q9H6B9_B	ProtVar_P32246_Q9H6B9_B 	5.387E+00	0.008	12	68	262	527	19	203	360	242	0.370	0.514
LOKIASV2_4403_ESMFold_NAD-dependent_succinate-semialdehyde_dehydrogenase	ProtVar_P02792_Q67FW5_B	ProtVar_P02792_Q67FW5_B 	5.102E+00	0.008	12	136	432	527	17	291	361	353	0.564	0.762
LOKIASV2_4403_ESMFold_NAD-dependent_succinate-semialdehyde_dehydrogenase	ProtVar_P05412_P17980_B	ProtVar_P05412_P17980_B 	3.489E+00	0.008	12	100	259	527	193	380	439	213	0.304	0.428
LOKIASV2_4403_ESMFold_NAD-dependent_succinate-semialdehyde_dehydrogenase	ProtVar_Q8N465_Q96AD5_B	ProtVar_Q8N465_Q96AD5_B 	7.876E+00	0.008	12	249	383	527	7	153	504	163	0.256	0.292
LOKIASV2_4403_ESMFold_NAD-dependent_succinate-semialdehyde_dehydrogenase	LevyLab_Q8U4M4_V1_3_relaxed_A	LevyLab_Q8U4M4_V1_3_relaxed_A 	1.819E+00	0.008	12	130	298	527	208	361	551	202	0.321	0.279
LOKIASV2_4403_ESMFold_NAD-dependent_succinate-semialdehyde_dehydrogenase	LevyLab_A0A0H3JES0_V1_4_relaxed_A	LevyLab_A0A0H3JES0_V1_4_relaxed_A 	2.260E+00	0.008	12	98	466	527	95	533	553	527	0.700	0.794
LOKIASV2_4403_ESMFold_NAD-dependent_succinate-semialdehyde_dehydrogenase	LevyLab_Q8XCG9_V1_4_relaxed_B	LevyLab_Q8XCG9_V1_4_relaxed_B 	3.489E+00	0.008	12	88	306	527	487	669	692	247	0.416	0.264
LOKIASV2_4403_ESMFold_NAD-dependent_succinate-semialdehyde_dehydrogenase	LevyLab_P40433_V1_5_relaxed_B	LevyLab_P40433_V1_5_relaxed_B 	9.785E+00	0.008	12	245	423	527	178	320	827	193	0.340	0.173
LOKIASV2_4403_ESMFold_NAD-dependent_succinate-semialdehyde_dehydrogenase	ProtVar_O15381_Q9GZL7_A	ProtVar_O15381_Q9GZL7_A 	5.387E+00	0.008	12	137	273	527	614	789	856	189	0.260	0.206
LOKIASV2_4403_ESMFold_NAD-dependent_succinate-semialdehyde_dehydrogenase	Predictome_0fzdrg4_XRCC4_HUMAN__MSH2_HUMAN__1270aa_unrelaxed_af2mv3_model_2_B	Predictome_0fzdrg4_XRCC4_HUMAN__MSH2_HUMAN__1270aa_unrelaxed_af2mv3_model_2_B 	5.387E+00	0.008	12	116	342	527	150	370	934	275	0.431	0.237
LOKIASV2_4403_ESMFold_NAD-dependent_succinate-semialdehyde_dehydrogenase	LevyLab_P38329_V1_4_relaxed_B	LevyLab_P38329_V1_4_relaxed_B 	6.693E+00	0.008	12	152	420	527	472	647	1120	287	0.510	0.157
LOKIASV2_4403_ESMFold_NAD-dependent_succinate-semialdehyde_dehydrogenase	ProtVar_Q86WA6_Q9NZH8_A	ProtVar_Q86WA6_Q9NZH8_A 	8.779E+00	0.007	11	108	432	527	32	266	291	352	0.617	0.808
LOKIASV2_4403_ESMFold_NAD-dependent_succinate-semialdehyde_dehydrogenase	LevyLab_P06773_V1_3_relaxed_B	LevyLab_P06773_V1_3_relaxed_B 	4.577E+00	0.007	11	140	436	527	2	307	312	367	0.564	0.981
LOKIASV2_4403_ESMFold_NAD-dependent_succinate-semialdehyde_dehydrogenase	LevyLab_Q8X742_V1_3_relaxed_B	LevyLab_Q8X742_V1_3_relaxed_B 	5.102E+00	0.007	11	130	225	527	62	172	383	135	0.182	0.290
LOKIASV2_4403_ESMFold_NAD-dependent_succinate-semialdehyde_dehydrogenase	ProtVar_O95970_Q9H497_B	ProtVar_O95970_Q9H497_B 	4.833E+00	0.007	11	89	342	527	105	354	397	310	0.482	0.630
LOKIASV2_4403_ESMFold_NAD-dependent_succinate-semialdehyde_dehydrogenase	ProtVar_Q10469_Q9Y5Y6_A	ProtVar_Q10469_Q9Y5Y6_A 	4.577E+00	0.007	11	93	202	527	83	175	447	123	0.209	0.208
LOKIASV2_4403_ESMFold_NAD-dependent_succinate-semialdehyde_dehydrogenase	ModelArchive_ma-tbvar3d-13_B	ModelArchive_ma-tbvar3d-13_B TBvar3D model for MSHA_MYCTU (P9WMY7) TBvar3D model for MSHA_MYCTU (P9WMY7)	4.833E+00	0.007	11	136	441	527	43	399	480	421	0.581	0.744
LOKIASV2_4403_ESMFold_NAD-dependent_succinate-semialdehyde_dehydrogenase	ProtVar_Q16222_Q16222_A	ProtVar_Q16222_Q16222_A 	3.684E+00	0.007	11	63	388	527	4	397	522	473	0.619	0.755
LOKIASV2_4403_ESMFold_NAD-dependent_succinate-semialdehyde_dehydrogenase	ProtVar_O60844_Q8IVS8_A	ProtVar_O60844_Q8IVS8_A 	6.339E+00	0.007	11	75	411	527	24	334	523	402	0.639	0.595
LOKIASV2_4403_ESMFold_NAD-dependent_succinate-semialdehyde_dehydrogenase	ModelArchive_ma-bak-cepc-0261_B	ModelArchive_ma-bak-cepc-0261_B Predicted interaction between SEC65 and SRP54 Predicted interaction between SEC65 and SRP54	9.268E+00	0.007	11	36	245	527	3	282	541	311	0.398	0.518
LOKIASV2_4403_ESMFold_NAD-dependent_succinate-semialdehyde_dehydrogenase	ProtVar_O43692_P30613-2_B	ProtVar_O43692_P30613-2_B 	8.779E+00	0.007	11	88	206	527	410	534	543	155	0.226	0.230
LOKIASV2_4403_ESMFold_NAD-dependent_succinate-semialdehyde_dehydrogenase	LevyLab_Q8XBW3_V1_3_relaxed_B	LevyLab_Q8XBW3_V1_3_relaxed_B 	5.387E+00	0.007	11	96	221	527	272	440	619	203	0.239	0.273
LOKIASV2_4403_ESMFold_NAD-dependent_succinate-semialdehyde_dehydrogenase	ProtVar_P13612_P18564_B	ProtVar_P13612_P18564_B 	6.339E+00	0.007	11	243	441	527	127	363	788	274	0.378	0.301
LOKIASV2_4403_ESMFold_NAD-dependent_succinate-semialdehyde_dehydrogenase	ModelArchive_ma-rap-bacsu-003_A	ModelArchive_ma-rap-bacsu-003_A Predicted interaction between addB and addA Predicted interaction between addB and addA	2.260E+00	0.007	11	139	432	527	2	233	1166	333	0.558	0.199
LOKIASV2_4403_ESMFold_NAD-dependent_succinate-semialdehyde_dehydrogenase	ProtVar_Q14432_Q8IY17-2_B	ProtVar_Q14432_Q8IY17-2_B 	8.315E+00	0.007	11	88	342	527	682	1002	1327	357	0.484	0.242
LOKIASV2_4403_ESMFold_NAD-dependent_succinate-semialdehyde_dehydrogenase	LevyLab_Q8XBC7_V1_2_relaxed_B	LevyLab_Q8XBC7_V1_2_relaxed_B 	7.876E+00	0.000	10	137	386	527	67	313	328	308	0.474	0.753
LOKIASV2_4403_ESMFold_NAD-dependent_succinate-semialdehyde_dehydrogenase	LevyLab_Q8U0Q6_V1_4_relaxed_B	LevyLab_Q8U0Q6_V1_4_relaxed_B 	7.876E+00	0.000	10	137	441	527	24	294	335	357	0.579	0.809
LOKIASV2_4403_ESMFold_NAD-dependent_succinate-semialdehyde_dehydrogenase	LevyLab_Q8XB85_V1_3_relaxed_B	LevyLab_Q8XB85_V1_3_relaxed_B 	9.268E+00	0.000	10	34	237	527	164	379	383	273	0.387	0.564
LOKIASV2_4403_ESMFold_NAD-dependent_succinate-semialdehyde_dehydrogenase	LevyLab_Q8X613_V1_5_relaxed_B	LevyLab_Q8X613_V1_5_relaxed_B 	3.684E+00	0.000	10	140	397	527	52	290	441	311	0.490	0.542
LOKIASV2_4403_ESMFold_NAD-dependent_succinate-semialdehyde_dehydrogenase	LevyLab_P0AD62_V1_4_relaxed_B	LevyLab_P0AD62_V1_4_relaxed_B 	5.102E+00	0.000	10	155	431	527	173	417	470	335	0.526	0.521
LOKIASV2_4403_ESMFold_NAD-dependent_succinate-semialdehyde_dehydrogenase	ProtVar_P61586_Q8ZCT9_B	ProtVar_P61586_Q8ZCT9_B 	4.335E+00	0.000	10	151	391	527	278	467	495	274	0.457	0.384
LOKIASV2_4403_ESMFold_NAD-dependent_succinate-semialdehyde_dehydrogenase	LevyLab_P00549_V1_4_relaxed_B	LevyLab_P00549_V1_4_relaxed_B 	9.785E+00	0.000	10	97	193	527	378	473	500	126	0.184	0.192
LOKIASV2_4403_ESMFold_NAD-dependent_succinate-semialdehyde_dehydrogenase	LevyLab_Q8U4D1_V1_3_relaxed_B	LevyLab_Q8U4D1_V1_3_relaxed_B 	4.833E+00	0.000	10	50	325	527	254	559	598	355	0.524	0.512
LOKIASV2_4403_ESMFold_NAD-dependent_succinate-semialdehyde_dehydrogenase	ProtVar_Q15654_Q9Y223_B	ProtVar_Q15654_Q9Y223_B 	9.785E+00	0.000	10	137	305	527	7	272	722	290	0.321	0.368
LOKIASV2_4403_ESMFold_NAD-dependent_succinate-semialdehyde_dehydrogenase	ProtVar_P05107_P05362_A	ProtVar_P05107_P05362_A 	6.693E+00	0.000	10	129	305	527	114	339	769	257	0.336	0.294
LOKIASV2_4403_ESMFold_NAD-dependent_succinate-semialdehyde_dehydrogenase	ProtVar_P27361_Q6ZMI0_B	ProtVar_P27361_Q6ZMI0_B 	5.687E+00	0.000	10	32	305	527	248	447	780	294	0.520	0.256
LOKIASV2_4403_ESMFold_NAD-dependent_succinate-semialdehyde_dehydrogenase	ProtVar_Q9BXD5_Q9BXD5_A	ProtVar_Q9BXD5_Q9BXD5_A 	7.876E+00	0.000	9	157	342	527	64	237	320	211	0.353	0.544
LOKIASV2_4403_ESMFold_NAD-dependent_succinate-semialdehyde_dehydrogenase	ModelArchive_ma-cwr9z_D	ModelArchive_ma-cwr9z_D LACTOSE OPERON REPRESSOR COMPLEXED WITH DNA LACTOSE OPERON REPRESSOR COMPLEXED WITH DNA	5.102E+00	0.000	9	140	309	527	63	272	357	246	0.323	0.588
LOKIASV2_4403_ESMFold_NAD-dependent_succinate-semialdehyde_dehydrogenase	LevyLab_P53206_V1_4_relaxed_B	LevyLab_P53206_V1_4_relaxed_B 	7.066E+00	0.000	9	77	397	527	61	372	393	393	0.609	0.794
LOKIASV2_4403_ESMFold_NAD-dependent_succinate-semialdehyde_dehydrogenase	LevyLab_Q8U1S8_V1_4_relaxed_B	LevyLab_Q8U1S8_V1_4_relaxed_B 	5.387E+00	0.000	9	141	287	527	2	159	478	185	0.279	0.331
LOKIASV2_4403_ESMFold_NAD-dependent_succinate-semialdehyde_dehydrogenase	LevyLab_P53128_V1_4_relaxed_B	LevyLab_P53128_V1_4_relaxed_B 	9.268E+00	0.000	9	136	398	527	16	292	600	330	0.499	0.462
LOKIASV2_4403_ESMFold_NAD-dependent_succinate-semialdehyde_dehydrogenase	ProtVar_P01834_Q81UI7_B	ProtVar_P01834_Q81UI7_B 	6.693E+00	0.000	9	34	432	527	18	483	788	560	0.757	0.591
LOKIASV2_4403_ESMFold_NAD-dependent_succinate-semialdehyde_dehydrogenase	ProtVar_O94766_Q9P260-2_B	ProtVar_O94766_Q9P260-2_B 	7.460E+00	0.000	9	33	342	527	490	736	1250	355	0.588	0.198
LOKIASV2_4403_ESMFold_NAD-dependent_succinate-semialdehyde_dehydrogenase	LevyLab_A0A0H3JGN4_V1_1_relaxed_B	LevyLab_A0A0H3JGN4_V1_1_relaxed_B 	8.779E+00	0.000	8	155	320	527	215	420	477	241	0.315	0.432
LOKIASV2_4403_ESMFold_NAD-dependent_succinate-semialdehyde_dehydrogenase	ProtVar_Q15185_Q5FWF4-3_B	ProtVar_Q15185_Q5FWF4-3_B 	4.833E+00	0.000	8	141	491	527	82	517	1077	533	0.666	0.405
LOKIASV2_4403_ESMFold_NAD-dependent_succinate-semialdehyde_dehydrogenase	A0A8S5TGG8_unrelaxed_rank_001_alphafold2_ptm_model_5_seed_000.pdb	A0A8S5TGG8_unrelaxed_rank_001_alphafold2_ptm_model_5_seed_000.pdb	5.886E-02	0.795	61	136	246	527	61	200	339	147	0.211	0.413
LOKIASV2_4403_ESMFold_NAD-dependent_succinate-semialdehyde_dehydrogenase	A0A6J7WNI4_unrelaxed_rank_001_alphafold2_ptm_model_1_seed_000.pdb	A0A6J7WNI4_unrelaxed_rank_001_alphafold2_ptm_model_1_seed_000.pdb	2.690E-01	0.601	54	140	246	527	2	115	116	119	0.203	0.983
LOKIASV2_4403_ESMFold_NAD-dependent_succinate-semialdehyde_dehydrogenase	A0A3G5AEH1_unrelaxed_rank_001_alphafold2_ptm_model_3_seed_000.pdb	A0A3G5AEH1_unrelaxed_rank_001_alphafold2_ptm_model_3_seed_000.pdb	3.166E-01	0.505	51	141	245	527	56	165	219	118	0.199	0.502
LOKIASV2_4403_ESMFold_NAD-dependent_succinate-semialdehyde_dehydrogenase	A0A8S0I3Z3_unrelaxed_rank_001_alphafold2_ptm_model_1_seed_000.pdb	A0A8S0I3Z3_unrelaxed_rank_001_alphafold2_ptm_model_1_seed_000.pdb	7.781E+00	0.301	44	488	522	527	41	75	81	35	0.066	0.432
LOKIASV2_4403_ESMFold_NAD-dependent_succinate-semialdehyde_dehydrogenase	A0A0H4XWU2_unrelaxed_rank_001_alphafold2_ptm_model_2_seed_000.pdb	A0A0H4XWU2_unrelaxed_rank_001_alphafold2_ptm_model_2_seed_000.pdb	6.410E-01	0.277	43	137	246	527	7	122	662	122	0.209	0.175
LOKIASV2_4403_ESMFold_NAD-dependent_succinate-semialdehyde_dehydrogenase	A0A6J5MGV9_unrelaxed_rank_001_alphafold2_ptm_model_3_seed_000.pdb	A0A6J5MGV9_unrelaxed_rank_001_alphafold2_ptm_model_3_seed_000.pdb	1.516E-02	0.233	41	139	527	527	2	333	333	439	0.738	0.997
LOKIASV2_4403_ESMFold_NAD-dependent_succinate-semialdehyde_dehydrogenase	A0A345BPP5_unrelaxed_rank_001_alphafold2_ptm_model_1_seed_000.pdb	A0A345BPP5_unrelaxed_rank_001_alphafold2_ptm_model_1_seed_000.pdb	1.103E+00	0.214	40	140	246	527	2	109	112	119	0.203	0.964
LOKIASV2_4403_ESMFold_NAD-dependent_succinate-semialdehyde_dehydrogenase	A0A2D1ADU9_unrelaxed_rank_001_alphafold2_ptm_model_2_seed_000.pdb	A0A2D1ADU9_unrelaxed_rank_001_alphafold2_ptm_model_2_seed_000.pdb	1.045E+00	0.196	39	138	246	527	10	144	150	137	0.207	0.900
LOKIASV2_4403_ESMFold_NAD-dependent_succinate-semialdehyde_dehydrogenase	A0A5B8HVV0_unrelaxed_rank_001_alphafold2_ptm_model_4_seed_000.pdb	A0A5B8HVV0_unrelaxed_rank_001_alphafold2_ptm_model_4_seed_000.pdb	2.358E+00	0.196	39	140	250	527	91	202	305	121	0.211	0.367
LOKIASV2_4403_ESMFold_NAD-dependent_succinate-semialdehyde_dehydrogenase	A0A3G5AH61_unrelaxed_rank_001_alphafold2_ptm_model_3_seed_000.pdb	A0A3G5AH61_unrelaxed_rank_001_alphafold2_ptm_model_3_seed_000.pdb	3.725E-01	0.196	39	141	250	527	186	303	319	128	0.209	0.370
LOKIASV2_4403_ESMFold_NAD-dependent_succinate-semialdehyde_dehydrogenase	A0A5Q2W920_unrelaxed_rank_001_alphafold2_ptm_model_2_seed_000.pdb	A0A5Q2W920_unrelaxed_rank_001_alphafold2_ptm_model_2_seed_000.pdb	3.529E-01	0.196	39	108	224	527	116	224	412	129	0.222	0.265
LOKIASV2_4403_ESMFold_NAD-dependent_succinate-semialdehyde_dehydrogenase	A0A6J7X0N6_unrelaxed_rank_001_alphafold2_ptm_model_1_seed_000.pdb	A0A6J7X0N6_unrelaxed_rank_001_alphafold2_ptm_model_1_seed_000.pdb	1.798E+00	0.179	38	140	246	527	2	121	122	128	0.203	0.984
LOKIASV2_4403_ESMFold_NAD-dependent_succinate-semialdehyde_dehydrogenase	G8DH34_unrelaxed_rank_001_alphafold2_ptm_model_5_seed_000.pdb	G8DH34_unrelaxed_rank_001_alphafold2_ptm_model_5_seed_000.pdb	1.045E+00	0.179	38	98	261	527	52	205	307	182	0.311	0.502
LOKIASV2_4403_ESMFold_NAD-dependent_succinate-semialdehyde_dehydrogenase	A0A481NNF6_unrelaxed_rank_001_alphafold2_ptm_model_2_seed_000.pdb	A0A481NNF6_unrelaxed_rank_001_alphafold2_ptm_model_2_seed_000.pdb	4.152E-01	0.164	37	133	244	527	6	138	216	136	0.213	0.616
LOKIASV2_4403_ESMFold_NAD-dependent_succinate-semialdehyde_dehydrogenase	A0A5J6VPG4_unrelaxed_rank_001_alphafold2_ptm_model_3_seed_000.pdb	A0A5J6VPG4_unrelaxed_rank_001_alphafold2_ptm_model_3_seed_000.pdb	3.240E-02	0.164	37	135	441	527	317	635	677	388	0.583	0.471
LOKIASV2_4403_ESMFold_NAD-dependent_succinate-semialdehyde_dehydrogenase	A0A8D9CBY1_unrelaxed_rank_001_alphafold2_ptm_model_1_seed_000.pdb	A0A8D9CBY1_unrelaxed_rank_001_alphafold2_ptm_model_1_seed_000.pdb	3.447E+00	0.150	36	139	244	527	57	154	195	111	0.201	0.503
LOKIASV2_4403_ESMFold_NAD-dependent_succinate-semialdehyde_dehydrogenase	A0A6J4EH88_unrelaxed_rank_001_alphafold2_ptm_model_4_seed_000.pdb	A0A6J4EH88_unrelaxed_rank_001_alphafold2_ptm_model_4_seed_000.pdb	2.358E+00	0.138	35	140	244	527	199	299	370	114	0.199	0.273
LOKIASV2_4403_ESMFold_NAD-dependent_succinate-semialdehyde_dehydrogenase	A0A2P0VN78_unrelaxed_rank_001_alphafold2_ptm_model_3_seed_000.pdb	A0A2P0VN78_unrelaxed_rank_001_alphafold2_ptm_model_3_seed_000.pdb	3.093E+00	0.138	35	136	244	527	291	394	664	117	0.207	0.157
LOKIASV2_4403_ESMFold_NAD-dependent_succinate-semialdehyde_dehydrogenase	A0A6J7X1T7_unrelaxed_rank_001_alphafold2_ptm_model_3_seed_000.pdb	A0A6J7X1T7_unrelaxed_rank_001_alphafold2_ptm_model_3_seed_000.pdb	1.103E+00	0.138	35	137	246	527	16	125	1272	118	0.209	0.086
LOKIASV2_4403_ESMFold_NAD-dependent_succinate-semialdehyde_dehydrogenase	A0A067XQU8_unrelaxed_rank_001_alphafold2_ptm_model_2_seed_000.pdb	A0A067XQU8_unrelaxed_rank_001_alphafold2_ptm_model_2_seed_000.pdb	7.145E-01	0.126	34	136	273	527	57	198	268	151	0.262	0.530
LOKIASV2_4403_ESMFold_NAD-dependent_succinate-semialdehyde_dehydrogenase	A0A6J7WD63_unrelaxed_rank_001_alphafold2_ptm_model_1_seed_000.pdb	A0A6J7WD63_unrelaxed_rank_001_alphafold2_ptm_model_1_seed_000.pdb	1.898E+00	0.116	33	162	247	527	84	183	269	102	0.163	0.372
LOKIASV2_4403_ESMFold_NAD-dependent_succinate-semialdehyde_dehydrogenase	A0A3G4ZS00_unrelaxed_rank_001_alphafold2_ptm_model_4_seed_000.pdb	A0A3G4ZS00_unrelaxed_rank_001_alphafold2_ptm_model_4_seed_000.pdb	3.447E+00	0.116	33	136	244	527	91	202	289	119	0.207	0.388
LOKIASV2_4403_ESMFold_NAD-dependent_succinate-semialdehyde_dehydrogenase	A0A1V0SAN6_unrelaxed_rank_001_alphafold2_ptm_model_2_seed_000.pdb	A0A1V0SAN6_unrelaxed_rank_001_alphafold2_ptm_model_2_seed_000.pdb	2.286E-01	0.116	33	140	441	527	2	277	311	389	0.573	0.887
LOKIASV2_4403_ESMFold_NAD-dependent_succinate-semialdehyde_dehydrogenase	A0A3G5A4B1_unrelaxed_rank_001_alphafold2_ptm_model_3_seed_000.pdb	A0A3G5A4B1_unrelaxed_rank_001_alphafold2_ptm_model_3_seed_000.pdb	5.886E-02	0.116	33	134	440	527	406	692	746	376	0.583	0.385
LOKIASV2_4403_ESMFold_NAD-dependent_succinate-semialdehyde_dehydrogenase	A0A6J5RJG1_unrelaxed_rank_001_alphafold2_ptm_model_1_seed_000.pdb	A0A6J5RJG1_unrelaxed_rank_001_alphafold2_ptm_model_1_seed_000.pdb	2.930E+00	0.106	32	141	247	527	2	122	122	128	0.203	0.992
LOKIASV2_4403_ESMFold_NAD-dependent_succinate-semialdehyde_dehydrogenase	A0A5B8IQ59_unrelaxed_rank_001_alphafold2_ptm_model_3_seed_000.pdb	A0A5B8IQ59_unrelaxed_rank_001_alphafold2_ptm_model_3_seed_000.pdb	9.895E-01	0.106	32	142	222	527	226	303	896	86	0.154	0.087
LOKIASV2_4403_ESMFold_NAD-dependent_succinate-semialdehyde_dehydrogenase	A0A6J7X0W5_unrelaxed_rank_001_alphafold2_ptm_model_1_seed_000.pdb	A0A6J7X0W5_unrelaxed_rank_001_alphafold2_ptm_model_1_seed_000.pdb	1.613E+00	0.098	31	79	245	527	7	160	189	191	0.317	0.815
LOKIASV2_4403_ESMFold_NAD-dependent_succinate-semialdehyde_dehydrogenase	A0A514CT10_1_unrelaxed_rank_001_alphafold2_ptm_model_3_seed_000.pdb	A0A514CT10_1_unrelaxed_rank_001_alphafold2_ptm_model_3_seed_000.pdb	9.895E-01	0.098	31	252	432	527	576	731	764	211	0.343	0.204
LOKIASV2_4403_ESMFold_NAD-dependent_succinate-semialdehyde_dehydrogenase	A0A1V0SAK7_2_unrelaxed_rank_001_alphafold2_ptm_model_3_seed_000.pdb	A0A1V0SAK7_2_unrelaxed_rank_001_alphafold2_ptm_model_3_seed_000.pdb	9.086E-02	0.098	31	90	437	527	123	471	910	427	0.660	0.384
LOKIASV2_4403_ESMFold_NAD-dependent_succinate-semialdehyde_dehydrogenase	Q25BG4_unrelaxed_rank_001_alphafold2_ptm_model_3_seed_000.pdb	Q25BG4_unrelaxed_rank_001_alphafold2_ptm_model_3_seed_000.pdb	1.942E-01	0.090	30	136	439	527	5	267	314	366	0.577	0.838
LOKIASV2_4403_ESMFold_NAD-dependent_succinate-semialdehyde_dehydrogenase	A0A6J5L613_unrelaxed_rank_001_alphafold2_ptm_model_1_seed_000.pdb	A0A6J5L613_unrelaxed_rank_001_alphafold2_ptm_model_1_seed_000.pdb	3.093E+00	0.082	29	165	247	527	92	188	197	104	0.157	0.492
LOKIASV2_4403_ESMFold_NAD-dependent_succinate-semialdehyde_dehydrogenase	A0A2D1AE70_unrelaxed_rank_001_alphafold2_ptm_model_4_seed_000.pdb	A0A2D1AE70_unrelaxed_rank_001_alphafold2_ptm_model_4_seed_000.pdb	1.798E+00	0.082	29	135	246	527	78	219	223	151	0.213	0.637
LOKIASV2_4403_ESMFold_NAD-dependent_succinate-semialdehyde_dehydrogenase	A0A7S9XG83_unrelaxed_rank_001_alphafold2_ptm_model_3_seed_000.pdb	A0A7S9XG83_unrelaxed_rank_001_alphafold2_ptm_model_3_seed_000.pdb	4.283E+00	0.082	29	153	251	527	107	204	235	107	0.188	0.417
LOKIASV2_4403_ESMFold_NAD-dependent_succinate-semialdehyde_dehydrogenase	A0A0B4VFQ6_unrelaxed_rank_001_alphafold2_ptm_model_5_seed_000.pdb	A0A0B4VFQ6_unrelaxed_rank_001_alphafold2_ptm_model_5_seed_000.pdb	7.721E-02	0.082	29	88	250	527	21	259	291	249	0.309	0.821
LOKIASV2_4403_ESMFold_NAD-dependent_succinate-semialdehyde_dehydrogenase	A0A7D3ULK0_unrelaxed_rank_001_alphafold2_ptm_model_5_seed_000.pdb	A0A7D3ULK0_unrelaxed_rank_001_alphafold2_ptm_model_5_seed_000.pdb	1.447E+00	0.082	29	97	251	527	36	184	293	182	0.294	0.509
LOKIASV2_4403_ESMFold_NAD-dependent_succinate-semialdehyde_dehydrogenase	W5S5X0_unrelaxed_rank_001_alphafold2_ptm_model_3_seed_000.pdb	W5S5X0_unrelaxed_rank_001_alphafold2_ptm_model_3_seed_000.pdb	1.563E-01	0.082	29	141	405	527	13	287	521	325	0.503	0.528
LOKIASV2_4403_ESMFold_NAD-dependent_succinate-semialdehyde_dehydrogenase	A0A481YS16_unrelaxed_rank_001_alphafold2_ptm_model_1_seed_000.pdb	A0A481YS16_unrelaxed_rank_001_alphafold2_ptm_model_1_seed_000.pdb	4.057E+00	0.076	28	142	222	527	26	96	181	81	0.154	0.392
LOKIASV2_4403_ESMFold_NAD-dependent_succinate-semialdehyde_dehydrogenase	A0A218MN00_unrelaxed_rank_001_alphafold2_ptm_model_3_seed_000.pdb	A0A218MN00_unrelaxed_rank_001_alphafold2_ptm_model_3_seed_000.pdb	2.358E+00	0.076	28	157	256	527	75	162	197	104	0.190	0.447
LOKIASV2_4403_ESMFold_NAD-dependent_succinate-semialdehyde_dehydrogenase	A0A8D9FR24_unrelaxed_rank_001_alphafold2_ptm_model_4_seed_000.pdb	A0A8D9FR24_unrelaxed_rank_001_alphafold2_ptm_model_4_seed_000.pdb	6.263E+00	0.076	28	136	221	527	3	89	405	92	0.163	0.215
LOKIASV2_4403_ESMFold_NAD-dependent_succinate-semialdehyde_dehydrogenase	A0A218MKC0_unrelaxed_rank_001_alphafold2_ptm_model_3_seed_000.pdb	A0A218MKC0_unrelaxed_rank_001_alphafold2_ptm_model_3_seed_000.pdb	2.413E-01	0.076	28	137	432	527	101	399	426	374	0.562	0.702
LOKIASV2_4403_ESMFold_NAD-dependent_succinate-semialdehyde_dehydrogenase	A0A411HAW5_3_unrelaxed_rank_001_alphafold2_ptm_model_5_seed_000.pdb	A0A411HAW5_3_unrelaxed_rank_001_alphafold2_ptm_model_5_seed_000.pdb	6.612E+00	0.076	28	134	234	527	991	1087	1203	106	0.192	0.081
LOKIASV2_4403_ESMFold_NAD-dependent_succinate-semialdehyde_dehydrogenase	A0A6J5TCK3_unrelaxed_rank_001_alphafold2_ptm_model_1_seed_000.pdb	A0A6J5TCK3_unrelaxed_rank_001_alphafold2_ptm_model_1_seed_000.pdb	2.628E+00	0.069	27	156	247	527	85	172	200	98	0.175	0.440
LOKIASV2_4403_ESMFold_NAD-dependent_succinate-semialdehyde_dehydrogenase	A0A3G4ZZM7_unrelaxed_rank_001_alphafold2_ptm_model_3_seed_000.pdb	A0A3G4ZZM7_unrelaxed_rank_001_alphafold2_ptm_model_3_seed_000.pdb	6.612E+00	0.069	27	138	244	527	202	315	392	125	0.203	0.291
LOKIASV2_4403_ESMFold_NAD-dependent_succinate-semialdehyde_dehydrogenase	A0A1J0F9W9_unrelaxed_rank_001_alphafold2_ptm_model_4_seed_000.pdb	A0A1J0F9W9_unrelaxed_rank_001_alphafold2_ptm_model_4_seed_000.pdb	1.481E-01	0.069	27	135	409	527	12	317	409	369	0.522	0.748
LOKIASV2_4403_ESMFold_NAD-dependent_succinate-semialdehyde_dehydrogenase	A0A410T6C5_unrelaxed_rank_001_alphafold2_ptm_model_3_seed_000.pdb	A0A410T6C5_unrelaxed_rank_001_alphafold2_ptm_model_3_seed_000.pdb	4.057E+00	0.069	27	138	298	527	336	481	484	165	0.306	0.302
LOKIASV2_4403_ESMFold_NAD-dependent_succinate-semialdehyde_dehydrogenase	A0A2I7RBG1_unrelaxed_rank_001_alphafold2_ptm_model_3_seed_000.pdb	A0A2I7RBG1_unrelaxed_rank_001_alphafold2_ptm_model_3_seed_000.pdb	4.057E+00	0.063	26	136	244	527	3	106	139	114	0.207	0.748
LOKIASV2_4403_ESMFold_NAD-dependent_succinate-semialdehyde_dehydrogenase	A0A2I7SA76_unrelaxed_rank_001_alphafold2_ptm_model_4_seed_000.pdb	A0A2I7SA76_unrelaxed_rank_001_alphafold2_ptm_model_4_seed_000.pdb	2.233E+00	0.063	26	138	299	527	2	158	188	184	0.307	0.835
LOKIASV2_4403_ESMFold_NAD-dependent_succinate-semialdehyde_dehydrogenase	A0A481Z3X3_unrelaxed_rank_001_alphafold2_ptm_model_3_seed_000.pdb	A0A481Z3X3_unrelaxed_rank_001_alphafold2_ptm_model_3_seed_000.pdb	1.613E+00	0.063	26	96	244	527	17	169	206	177	0.283	0.743
LOKIASV2_4403_ESMFold_NAD-dependent_succinate-semialdehyde_dehydrogenase	A0A6J5PWU7_unrelaxed_rank_001_alphafold2_ptm_model_3_seed_000.pdb	A0A6J5PWU7_unrelaxed_rank_001_alphafold2_ptm_model_3_seed_000.pdb	6.981E+00	0.063	26	136	244	527	44	141	212	116	0.207	0.462
LOKIASV2_4403_ESMFold_NAD-dependent_succinate-semialdehyde_dehydrogenase	H9NC93_unrelaxed_rank_001_alphafold2_ptm_model_1_seed_000.pdb	H9NC93_unrelaxed_rank_001_alphafold2_ptm_model_1_seed_000.pdb	2.775E+00	0.063	26	136	240	527	7	132	329	133	0.199	0.383
LOKIASV2_4403_ESMFold_NAD-dependent_succinate-semialdehyde_dehydrogenase	A0A6J5L7D2_unrelaxed_rank_001_alphafold2_ptm_model_1_seed_000.pdb	A0A6J5L7D2_unrelaxed_rank_001_alphafold2_ptm_model_1_seed_000.pdb	3.447E+00	0.063	26	136	221	527	233	319	461	96	0.163	0.189
LOKIASV2_4403_ESMFold_NAD-dependent_succinate-semialdehyde_dehydrogenase	A0A6J5SCQ4_unrelaxed_rank_001_alphafold2_ptm_model_3_seed_000.pdb	A0A6J5SCQ4_unrelaxed_rank_001_alphafold2_ptm_model_3_seed_000.pdb	3.093E+00	0.063	26	138	302	527	17	156	827	174	0.313	0.169
LOKIASV2_4403_ESMFold_NAD-dependent_succinate-semialdehyde_dehydrogenase	A0A2I2L5Y7_unrelaxed_rank_001_alphafold2_ptm_model_1_seed_000.pdb	A0A2I2L5Y7_unrelaxed_rank_001_alphafold2_ptm_model_1_seed_000.pdb	5.932E+00	0.057	25	137	247	527	19	147	156	135	0.211	0.827
LOKIASV2_4403_ESMFold_NAD-dependent_succinate-semialdehyde_dehydrogenase	A0A7G5CHF3_unrelaxed_rank_001_alphafold2_ptm_model_3_seed_000.pdb	A0A7G5CHF3_unrelaxed_rank_001_alphafold2_ptm_model_3_seed_000.pdb	3.640E+00	0.057	25	136	246	527	27	146	178	129	0.211	0.674
LOKIASV2_4403_ESMFold_NAD-dependent_succinate-semialdehyde_dehydrogenase	A0A292GAB8_unrelaxed_rank_001_alphafold2_ptm_model_5_seed_000.pdb	A0A292GAB8_unrelaxed_rank_001_alphafold2_ptm_model_5_seed_000.pdb	5.619E+00	0.057	25	165	247	527	84	162	193	87	0.157	0.409
LOKIASV2_4403_ESMFold_NAD-dependent_succinate-semialdehyde_dehydrogenase	A0A1C9C5K5_unrelaxed_rank_001_alphafold2_ptm_model_5_seed_000.pdb	A0A1C9C5K5_unrelaxed_rank_001_alphafold2_ptm_model_5_seed_000.pdb	9.157E+00	0.057	25	138	246	527	53	169	215	125	0.207	0.544
LOKIASV2_4403_ESMFold_NAD-dependent_succinate-semialdehyde_dehydrogenase	A0A172Q0F0_unrelaxed_rank_001_alphafold2_ptm_model_1_seed_000.pdb	A0A172Q0F0_unrelaxed_rank_001_alphafold2_ptm_model_1_seed_000.pdb	3.093E+00	0.057	25	137	247	527	78	236	236	165	0.211	0.674
LOKIASV2_4403_ESMFold_NAD-dependent_succinate-semialdehyde_dehydrogenase	A0A6N1NPT3_unrelaxed_rank_001_alphafold2_ptm_model_4_seed_000.pdb	A0A6N1NPT3_unrelaxed_rank_001_alphafold2_ptm_model_4_seed_000.pdb	5.041E+00	0.057	25	139	209	527	5	77	284	82	0.135	0.257
LOKIASV2_4403_ESMFold_NAD-dependent_succinate-semialdehyde_dehydrogenase	A0A481YV38_unrelaxed_rank_001_alphafold2_ptm_model_5_seed_000.pdb	A0A481YV38_unrelaxed_rank_001_alphafold2_ptm_model_5_seed_000.pdb	9.157E+00	0.057	25	140	246	527	187	296	298	119	0.203	0.369
LOKIASV2_4403_ESMFold_NAD-dependent_succinate-semialdehyde_dehydrogenase	A0A3G5AJT7_unrelaxed_rank_001_alphafold2_ptm_model_4_seed_000.pdb	A0A3G5AJT7_unrelaxed_rank_001_alphafold2_ptm_model_4_seed_000.pdb	1.527E+00	0.057	25	142	340	527	13	270	472	290	0.378	0.547
LOKIASV2_4403_ESMFold_NAD-dependent_succinate-semialdehyde_dehydrogenase	A0A6J5PM39_unrelaxed_rank_001_alphafold2_ptm_model_4_seed_000.pdb	A0A6J5PM39_unrelaxed_rank_001_alphafold2_ptm_model_4_seed_000.pdb	2.775E+00	0.057	25	123	250	527	16	161	476	160	0.243	0.307
LOKIASV2_4403_ESMFold_NAD-dependent_succinate-semialdehyde_dehydrogenase	A0A5K0U7G4_unrelaxed_rank_001_alphafold2_ptm_model_2_seed_000.pdb	A0A5K0U7G4_unrelaxed_rank_001_alphafold2_ptm_model_2_seed_000.pdb	7.313E-02	0.057	25	136	521	527	456	804	894	462	0.732	0.390
LOKIASV2_4403_ESMFold_NAD-dependent_succinate-semialdehyde_dehydrogenase	A0A481Z590_unrelaxed_rank_001_alphafold2_ptm_model_3_seed_000.pdb	A0A481Z590_unrelaxed_rank_001_alphafold2_ptm_model_3_seed_000.pdb	1.527E+00	0.051	24	17	250	527	167	399	463	286	0.444	0.503
LOKIASV2_4403_ESMFold_NAD-dependent_succinate-semialdehyde_dehydrogenase	A0A8S5RUM5_unrelaxed_rank_001_alphafold2_ptm_model_3_seed_000.pdb	A0A8S5RUM5_unrelaxed_rank_001_alphafold2_ptm_model_3_seed_000.pdb	4.887E-01	0.051	24	152	440	527	105	399	483	360	0.548	0.611
LOKIASV2_4403_ESMFold_NAD-dependent_succinate-semialdehyde_dehydrogenase	A0A481YNG5_unrelaxed_rank_001_alphafold2_ptm_model_3_seed_000.pdb	A0A481YNG5_unrelaxed_rank_001_alphafold2_ptm_model_3_seed_000.pdb	2.628E+00	0.051	24	61	250	527	108	326	870	240	0.361	0.252
LOKIASV2_4403_ESMFold_NAD-dependent_succinate-semialdehyde_dehydrogenase	A7IY54_unrelaxed_rank_001_alphafold2_ptm_model_1_seed_000.pdb	A7IY54_unrelaxed_rank_001_alphafold2_ptm_model_1_seed_000.pdb	5.322E+00	0.045	23	466	527	527	97	153	153	62	0.118	0.373
LOKIASV2_4403_ESMFold_NAD-dependent_succinate-semialdehyde_dehydrogenase	A0A5Q2F773_unrelaxed_rank_001_alphafold2_ptm_model_1_seed_000.pdb	A0A5Q2F773_unrelaxed_rank_001_alphafold2_ptm_model_1_seed_000.pdb	6.263E+00	0.045	23	156	201	527	102	145	154	48	0.087	0.286
LOKIASV2_4403_ESMFold_NAD-dependent_succinate-semialdehyde_dehydrogenase	A0A1V0S9X5_unrelaxed_rank_001_alphafold2_ptm_model_1_seed_000.pdb	A0A1V0S9X5_unrelaxed_rank_001_alphafold2_ptm_model_1_seed_000.pdb	8.673E+00	0.045	23	218	247	527	87	116	170	30	0.057	0.176
LOKIASV2_4403_ESMFold_NAD-dependent_succinate-semialdehyde_dehydrogenase	A0A6J5RIP7_unrelaxed_rank_001_alphafold2_ptm_model_1_seed_000.pdb	A0A6J5RIP7_unrelaxed_rank_001_alphafold2_ptm_model_1_seed_000.pdb	5.619E+00	0.045	23	139	247	527	2	117	175	129	0.207	0.663
LOKIASV2_4403_ESMFold_NAD-dependent_succinate-semialdehyde_dehydrogenase	A0A2P0VNT2_unrelaxed_rank_001_alphafold2_ptm_model_3_seed_000.pdb	A0A2P0VNT2_unrelaxed_rank_001_alphafold2_ptm_model_3_seed_000.pdb	6.612E+00	0.045	23	136	245	527	44	155	224	129	0.209	0.500
LOKIASV2_4403_ESMFold_NAD-dependent_succinate-semialdehyde_dehydrogenase	A0A223LI65_unrelaxed_rank_001_alphafold2_ptm_model_5_seed_000.pdb	A0A223LI65_unrelaxed_rank_001_alphafold2_ptm_model_5_seed_000.pdb	5.041E+00	0.045	23	157	224	527	100	172	225	74	0.129	0.324
LOKIASV2_4403_ESMFold_NAD-dependent_succinate-semialdehyde_dehydrogenase	A0A345MCH6_unrelaxed_rank_001_alphafold2_ptm_model_3_seed_000.pdb	A0A345MCH6_unrelaxed_rank_001_alphafold2_ptm_model_3_seed_000.pdb	1.370E+00	0.045	23	137	222	527	2	123	275	139	0.163	0.444
LOKIASV2_4403_ESMFold_NAD-dependent_succinate-semialdehyde_dehydrogenase	UPI00206A9AA0_unrelaxed_rank_001_alphafold2_ptm_model_5_seed_000.pdb	UPI00206A9AA0_unrelaxed_rank_001_alphafold2_ptm_model_5_seed_000.pdb	3.093E+00	0.045	23	136	244	527	4	173	277	179	0.207	0.614
LOKIASV2_4403_ESMFold_NAD-dependent_succinate-semialdehyde_dehydrogenase	A0A6N1NSF7_unrelaxed_rank_001_alphafold2_ptm_model_2_seed_000.pdb	A0A6N1NSF7_unrelaxed_rank_001_alphafold2_ptm_model_2_seed_000.pdb	6.071E-01	0.045	23	137	375	527	2	234	302	293	0.454	0.772
LOKIASV2_4403_ESMFold_NAD-dependent_succinate-semialdehyde_dehydrogenase	A0A3G5AAA6_unrelaxed_rank_001_alphafold2_ptm_model_3_seed_000.pdb	A0A3G5AAA6_unrelaxed_rank_001_alphafold2_ptm_model_3_seed_000.pdb	9.895E-01	0.045	23	140	431	527	3	239	328	343	0.554	0.723
LOKIASV2_4403_ESMFold_NAD-dependent_succinate-semialdehyde_dehydrogenase	A0A481YWU0_unrelaxed_rank_001_alphafold2_ptm_model_5_seed_000.pdb	A0A481YWU0_unrelaxed_rank_001_alphafold2_ptm_model_5_seed_000.pdb	2.548E-01	0.045	23	116	439	527	48	339	364	394	0.615	0.802
LOKIASV2_4403_ESMFold_NAD-dependent_succinate-semialdehyde_dehydrogenase	A0A8D9CAL9_unrelaxed_rank_001_alphafold2_ptm_model_1_seed_000.pdb	A0A8D9CAL9_unrelaxed_rank_001_alphafold2_ptm_model_1_seed_000.pdb	3.640E+00	0.045	23	108	219	527	221	333	479	126	0.213	0.236
LOKIASV2_4403_ESMFold_NAD-dependent_succinate-semialdehyde_dehydrogenase	A0A481YY38_unrelaxed_rank_001_alphafold2_ptm_model_3_seed_000.pdb	A0A481YY38_unrelaxed_rank_001_alphafold2_ptm_model_3_seed_000.pdb	9.372E-01	0.045	23	136	441	527	231	522	730	368	0.581	0.400
LOKIASV2_4403_ESMFold_NAD-dependent_succinate-semialdehyde_dehydrogenase	H9NBU5_unrelaxed_rank_001_alphafold2_ptm_model_3_seed_000.pdb	H9NBU5_unrelaxed_rank_001_alphafold2_ptm_model_3_seed_000.pdb	2.165E-01	0.045	23	167	432	527	677	886	1304	297	0.505	0.161
LOKIASV2_4403_ESMFold_NAD-dependent_succinate-semialdehyde_dehydrogenase	A0A1V0DY91_unrelaxed_rank_001_alphafold2_ptm_model_1_seed_000.pdb	A0A1V0DY91_unrelaxed_rank_001_alphafold2_ptm_model_1_seed_000.pdb	4.283E+00	0.040	22	157	247	527	80	167	200	98	0.173	0.440
LOKIASV2_4403_ESMFold_NAD-dependent_succinate-semialdehyde_dehydrogenase	A0A6J7WSJ3_unrelaxed_rank_001_alphafold2_ptm_model_1_seed_000.pdb	A0A6J7WSJ3_unrelaxed_rank_001_alphafold2_ptm_model_1_seed_000.pdb	5.041E+00	0.040	22	98	246	527	6	152	200	180	0.283	0.735
LOKIASV2_4403_ESMFold_NAD-dependent_succinate-semialdehyde_dehydrogenase	A0A068L6Z0_unrelaxed_rank_001_alphafold2_ptm_model_3_seed_000.pdb	A0A068L6Z0_unrelaxed_rank_001_alphafold2_ptm_model_3_seed_000.pdb	3.640E+00	0.040	22	140	235	527	78	157	298	101	0.182	0.268
LOKIASV2_4403_ESMFold_NAD-dependent_succinate-semialdehyde_dehydrogenase	F2Y1P4_unrelaxed_rank_001_alphafold2_ptm_model_4_seed_000.pdb	F2Y1P4_unrelaxed_rank_001_alphafold2_ptm_model_4_seed_000.pdb	3.640E+00	0.040	22	248	432	527	10	153	361	209	0.351	0.399
LOKIASV2_4403_ESMFold_NAD-dependent_succinate-semialdehyde_dehydrogenase	A0A3G5A882_unrelaxed_rank_001_alphafold2_ptm_model_2_seed_000.pdb	A0A3G5A882_unrelaxed_rank_001_alphafold2_ptm_model_2_seed_000.pdb	3.447E+00	0.040	22	55	246	527	137	299	437	219	0.364	0.373
LOKIASV2_4403_ESMFold_NAD-dependent_succinate-semialdehyde_dehydrogenase	M1I9Z9_unrelaxed_rank_001_alphafold2_ptm_model_4_seed_000.pdb	M1I9Z9_unrelaxed_rank_001_alphafold2_ptm_model_4_seed_000.pdb	1.298E+00	0.040	22	140	304	527	86	250	533	210	0.313	0.310
LOKIASV2_4403_ESMFold_NAD-dependent_succinate-semialdehyde_dehydrogenase	A0A1C9C5J4_1_unrelaxed_rank_001_alphafold2_ptm_model_1_seed_000.pdb	A0A1C9C5J4_1_unrelaxed_rank_001_alphafold2_ptm_model_1_seed_000.pdb	3.843E+00	0.040	22	137	222	527	5	103	920	107	0.163	0.108
LOKIASV2_4403_ESMFold_NAD-dependent_succinate-semialdehyde_dehydrogenase	A0A6J5PMC2_unrelaxed_rank_001_alphafold2_ptm_model_3_seed_000.pdb	A0A6J5PMC2_unrelaxed_rank_001_alphafold2_ptm_model_3_seed_000.pdb	2.775E+00	0.034	21	141	246	527	19	111	128	121	0.201	0.727
LOKIASV2_4403_ESMFold_NAD-dependent_succinate-semialdehyde_dehydrogenase	A0A1Z2YAJ3_unrelaxed_rank_001_alphafold2_ptm_model_3_seed_000.pdb	A0A1Z2YAJ3_unrelaxed_rank_001_alphafold2_ptm_model_3_seed_000.pdb	2.115E+00	0.034	21	140	224	527	39	102	237	86	0.161	0.270
LOKIASV2_4403_ESMFold_NAD-dependent_succinate-semialdehyde_dehydrogenase	A0A481YY33_unrelaxed_rank_001_alphafold2_ptm_model_4_seed_000.pdb	A0A481YY33_unrelaxed_rank_001_alphafold2_ptm_model_4_seed_000.pdb	3.093E+00	0.034	21	95	246	527	17	133	284	165	0.288	0.412
LOKIASV2_4403_ESMFold_NAD-dependent_succinate-semialdehyde_dehydrogenase	A0A6J5MZX6_unrelaxed_rank_001_alphafold2_ptm_model_1_seed_000.pdb	A0A6J5MZX6_unrelaxed_rank_001_alphafold2_ptm_model_1_seed_000.pdb	2.775E+00	0.034	21	142	292	527	5	128	350	162	0.287	0.354
LOKIASV2_4403_ESMFold_NAD-dependent_succinate-semialdehyde_dehydrogenase	A0A481YVX1_unrelaxed_rank_001_alphafold2_ptm_model_4_seed_000.pdb	A0A481YVX1_unrelaxed_rank_001_alphafold2_ptm_model_4_seed_000.pdb	2.840E-01	0.034	21	108	441	527	37	344	359	386	0.634	0.858
LOKIASV2_4403_ESMFold_NAD-dependent_succinate-semialdehyde_dehydrogenase	A0A0A1IVI3_unrelaxed_rank_001_alphafold2_ptm_model_4_seed_000.pdb	A0A0A1IVI3_unrelaxed_rank_001_alphafold2_ptm_model_4_seed_000.pdb	5.322E+00	0.034	21	136	250	527	177	340	422	169	0.218	0.389
LOKIASV2_4403_ESMFold_NAD-dependent_succinate-semialdehyde_dehydrogenase	A0A5J6VKL3_unrelaxed_rank_001_alphafold2_ptm_model_4_seed_000.pdb	A0A5J6VKL3_unrelaxed_rank_001_alphafold2_ptm_model_4_seed_000.pdb	8.215E+00	0.034	21	136	245	527	178	302	463	143	0.209	0.270
LOKIASV2_4403_ESMFold_NAD-dependent_succinate-semialdehyde_dehydrogenase	A0A386JTA0_unrelaxed_rank_001_alphafold2_ptm_model_3_seed_000.pdb	A0A386JTA0_unrelaxed_rank_001_alphafold2_ptm_model_3_seed_000.pdb	5.041E+00	0.034	21	96	228	527	154	286	528	154	0.252	0.252
LOKIASV2_4403_ESMFold_NAD-dependent_succinate-semialdehyde_dehydrogenase	A0A8A5J3W8_unrelaxed_rank_001_alphafold2_ptm_model_2_seed_000.pdb	A0A8A5J3W8_unrelaxed_rank_001_alphafold2_ptm_model_2_seed_000.pdb	1.942E-01	0.034	21	220	435	527	245	432	530	255	0.410	0.355
LOKIASV2_4403_ESMFold_NAD-dependent_succinate-semialdehyde_dehydrogenase	A0A8K1XZ64_1_unrelaxed_rank_001_alphafold2_ptm_model_3_seed_000.pdb	A0A8K1XZ64_1_unrelaxed_rank_001_alphafold2_ptm_model_3_seed_000.pdb	2.358E+00	0.034	21	249	432	527	88	265	1164	210	0.349	0.153
LOKIASV2_4403_ESMFold_NAD-dependent_succinate-semialdehyde_dehydrogenase	A0A2H5BIQ1_unrelaxed_rank_001_alphafold2_ptm_model_3_seed_000.pdb	A0A2H5BIQ1_unrelaxed_rank_001_alphafold2_ptm_model_3_seed_000.pdb	9.668E+00	0.029	20	138	246	527	5	119	126	125	0.207	0.913
LOKIASV2_4403_ESMFold_NAD-dependent_succinate-semialdehyde_dehydrogenase	A0A3G4ZQT4_unrelaxed_rank_001_alphafold2_ptm_model_4_seed_000.pdb	A0A3G4ZQT4_unrelaxed_rank_001_alphafold2_ptm_model_4_seed_000.pdb	8.673E+00	0.029	20	135	201	527	40	96	293	68	0.127	0.195
LOKIASV2_4403_ESMFold_NAD-dependent_succinate-semialdehyde_dehydrogenase	A0A7G5AY79_unrelaxed_rank_001_alphafold2_ptm_model_4_seed_000.pdb	A0A7G5AY79_unrelaxed_rank_001_alphafold2_ptm_model_4_seed_000.pdb	5.041E+00	0.029	20	149	244	527	158	285	308	134	0.182	0.416
LOKIASV2_4403_ESMFold_NAD-dependent_succinate-semialdehyde_dehydrogenase	A0A7D3QV03_unrelaxed_rank_001_alphafold2_ptm_model_4_seed_000.pdb	A0A7D3QV03_unrelaxed_rank_001_alphafold2_ptm_model_4_seed_000.pdb	6.981E+00	0.029	20	137	222	527	3	91	358	96	0.163	0.249
LOKIASV2_4403_ESMFold_NAD-dependent_succinate-semialdehyde_dehydrogenase	A0A7M1CPF9_unrelaxed_rank_001_alphafold2_ptm_model_4_seed_000.pdb	A0A7M1CPF9_unrelaxed_rank_001_alphafold2_ptm_model_4_seed_000.pdb	2.775E+00	0.029	20	166	305	527	66	226	380	175	0.266	0.424
LOKIASV2_4403_ESMFold_NAD-dependent_succinate-semialdehyde_dehydrogenase	A0A8K1ZQN5_unrelaxed_rank_001_alphafold2_ptm_model_2_seed_000.pdb	A0A8K1ZQN5_unrelaxed_rank_001_alphafold2_ptm_model_2_seed_000.pdb	4.057E+00	0.029	20	1	249	527	45	292	425	294	0.472	0.584
LOKIASV2_4403_ESMFold_NAD-dependent_succinate-semialdehyde_dehydrogenase	A0A7D3QV18_unrelaxed_rank_001_alphafold2_ptm_model_2_seed_000.pdb	A0A7D3QV18_unrelaxed_rank_001_alphafold2_ptm_model_2_seed_000.pdb	7.964E-01	0.029	20	138	435	527	139	420	500	343	0.565	0.564
LOKIASV2_4403_ESMFold_NAD-dependent_succinate-semialdehyde_dehydrogenase	A0A6G6XQ87_unrelaxed_rank_001_alphafold2_ptm_model_1_seed_000.pdb	A0A6G6XQ87_unrelaxed_rank_001_alphafold2_ptm_model_1_seed_000.pdb	2.358E+00	0.029	20	123	298	527	102	337	539	259	0.334	0.438
LOKIASV2_4403_ESMFold_NAD-dependent_succinate-semialdehyde_dehydrogenase	A0A7S9PR43_unrelaxed_rank_001_alphafold2_ptm_model_3_seed_000.pdb	A0A7S9PR43_unrelaxed_rank_001_alphafold2_ptm_model_3_seed_000.pdb	1.898E+00	0.029	20	136	434	527	420	727	947	395	0.567	0.325
LOKIASV2_4403_ESMFold_NAD-dependent_succinate-semialdehyde_dehydrogenase	A0A8F4X4Y5_unrelaxed_rank_001_alphafold2_ptm_model_2_seed_000.pdb	A0A8F4X4Y5_unrelaxed_rank_001_alphafold2_ptm_model_2_seed_000.pdb	1.370E+00	0.029	20	48	302	527	1018	1397	1429	413	0.484	0.266
LOKIASV2_4403_ESMFold_NAD-dependent_succinate-semialdehyde_dehydrogenase	A0A6J5SYC8_unrelaxed_rank_001_alphafold2_ptm_model_4_seed_000.pdb	A0A6J5SYC8_unrelaxed_rank_001_alphafold2_ptm_model_4_seed_000.pdb	6.981E+00	0.024	19	136	203	527	2	70	262	78	0.129	0.263
LOKIASV2_4403_ESMFold_NAD-dependent_succinate-semialdehyde_dehydrogenase	A0A1S6L1X9_unrelaxed_rank_001_alphafold2_ptm_model_3_seed_000.pdb	A0A1S6L1X9_unrelaxed_rank_001_alphafold2_ptm_model_3_seed_000.pdb	5.619E+00	0.024	19	71	242	527	151	303	310	198	0.326	0.494
LOKIASV2_4403_ESMFold_NAD-dependent_succinate-semialdehyde_dehydrogenase	A0A6J5TBX0_unrelaxed_rank_001_alphafold2_ptm_model_5_seed_000.pdb	A0A6J5TBX0_unrelaxed_rank_001_alphafold2_ptm_model_5_seed_000.pdb	3.265E+00	0.024	19	133	244	527	5	153	324	153	0.213	0.460
LOKIASV2_4403_ESMFold_NAD-dependent_succinate-semialdehyde_dehydrogenase	R4TIK5_unrelaxed_rank_001_alphafold2_ptm_model_2_seed_000.pdb	R4TIK5_unrelaxed_rank_001_alphafold2_ptm_model_2_seed_000.pdb	2.930E+00	0.024	19	247	498	527	26	338	344	349	0.478	0.910
LOKIASV2_4403_ESMFold_NAD-dependent_succinate-semialdehyde_dehydrogenase	A0A6N1NNJ1_unrelaxed_rank_001_alphafold2_ptm_model_2_seed_000.pdb	A0A6N1NNJ1_unrelaxed_rank_001_alphafold2_ptm_model_2_seed_000.pdb	3.843E+00	0.024	19	139	293	527	18	250	365	244	0.294	0.638
LOKIASV2_4403_ESMFold_NAD-dependent_succinate-semialdehyde_dehydrogenase	A0A6J7WT06_unrelaxed_rank_001_alphafold2_ptm_model_5_seed_000.pdb	A0A6J7WT06_unrelaxed_rank_001_alphafold2_ptm_model_5_seed_000.pdb	8.673E+00	0.024	19	134	244	527	42	196	377	159	0.211	0.411
LOKIASV2_4403_ESMFold_NAD-dependent_succinate-semialdehyde_dehydrogenase	A0A873WBD4_unrelaxed_rank_001_alphafold2_ptm_model_4_seed_000.pdb	A0A873WBD4_unrelaxed_rank_001_alphafold2_ptm_model_4_seed_000.pdb	6.981E+00	0.024	19	141	298	527	3	178	383	202	0.300	0.460
LOKIASV2_4403_ESMFold_NAD-dependent_succinate-semialdehyde_dehydrogenase	A0A6J5R7S3_unrelaxed_rank_001_alphafold2_ptm_model_4_seed_000.pdb	A0A6J5R7S3_unrelaxed_rank_001_alphafold2_ptm_model_4_seed_000.pdb	9.157E+00	0.024	19	136	249	527	67	203	440	150	0.216	0.311
LOKIASV2_4403_ESMFold_NAD-dependent_succinate-semialdehyde_dehydrogenase	A0A5K0UC94_unrelaxed_rank_001_alphafold2_ptm_model_5_seed_000.pdb	A0A5K0UC94_unrelaxed_rank_001_alphafold2_ptm_model_5_seed_000.pdb	4.774E+00	0.024	19	98	249	527	50	179	532	171	0.288	0.244
LOKIASV2_4403_ESMFold_NAD-dependent_succinate-semialdehyde_dehydrogenase	A0A7G3WH55_unrelaxed_rank_001_alphafold2_ptm_model_1_seed_000.pdb	A0A7G3WH55_unrelaxed_rank_001_alphafold2_ptm_model_1_seed_000.pdb	2.115E+00	0.024	19	226	503	527	46	283	566	309	0.528	0.420
LOKIASV2_4403_ESMFold_NAD-dependent_succinate-semialdehyde_dehydrogenase	A0A513ZVD8_unrelaxed_rank_001_alphafold2_ptm_model_3_seed_000.pdb	A0A513ZVD8_unrelaxed_rank_001_alphafold2_ptm_model_3_seed_000.pdb	6.263E+00	0.024	19	102	244	527	105	238	622	161	0.271	0.215
LOKIASV2_4403_ESMFold_NAD-dependent_succinate-semialdehyde_dehydrogenase	A0A1V0SI72_unrelaxed_rank_001_alphafold2_ptm_model_3_seed_000.pdb	A0A1V0SI72_unrelaxed_rank_001_alphafold2_ptm_model_3_seed_000.pdb	2.628E+00	0.024	19	249	421	527	405	528	624	180	0.328	0.199
LOKIASV2_4403_ESMFold_NAD-dependent_succinate-semialdehyde_dehydrogenase	A0A8S5RSN3_unrelaxed_rank_001_alphafold2_ptm_model_3_seed_000.pdb	A0A8S5RSN3_unrelaxed_rank_001_alphafold2_ptm_model_3_seed_000.pdb	5.447E-01	0.024	19	154	432	527	444	763	814	355	0.529	0.393
LOKIASV2_4403_ESMFold_NAD-dependent_succinate-semialdehyde_dehydrogenase	A0A7S9XE01_unrelaxed_rank_001_alphafold2_ptm_model_1_seed_000.pdb	A0A7S9XE01_unrelaxed_rank_001_alphafold2_ptm_model_1_seed_000.pdb	1.703E+00	0.024	19	137	465	527	284	610	985	399	0.624	0.332
LOKIASV2_4403_ESMFold_NAD-dependent_succinate-semialdehyde_dehydrogenase	G4YAB4_unrelaxed_rank_001_alphafold2_ptm_model_3_seed_000.pdb	G4YAB4_unrelaxed_rank_001_alphafold2_ptm_model_3_seed_000.pdb	9.157E+00	0.020	18	140	213	527	35	114	144	88	0.140	0.556
LOKIASV2_4403_ESMFold_NAD-dependent_succinate-semialdehyde_dehydrogenase	A0A5J6K831_unrelaxed_rank_001_alphafold2_ptm_model_1_seed_000.pdb	A0A5J6K831_unrelaxed_rank_001_alphafold2_ptm_model_1_seed_000.pdb	6.612E+00	0.020	18	140	235	527	12	91	191	109	0.182	0.419
LOKIASV2_4403_ESMFold_NAD-dependent_succinate-semialdehyde_dehydrogenase	A0A3G5A0J0_unrelaxed_rank_001_alphafold2_ptm_model_3_seed_000.pdb	A0A3G5A0J0_unrelaxed_rank_001_alphafold2_ptm_model_3_seed_000.pdb	5.322E+00	0.020	18	209	525	527	21	254	259	346	0.602	0.903
LOKIASV2_4403_ESMFold_NAD-dependent_succinate-semialdehyde_dehydrogenase	A0A1M7XV24_unrelaxed_rank_001_alphafold2_ptm_model_4_seed_000.pdb	A0A1M7XV24_unrelaxed_rank_001_alphafold2_ptm_model_4_seed_000.pdb	3.093E+00	0.020	18	102	250	527	11	198	263	219	0.283	0.715
LOKIASV2_4403_ESMFold_NAD-dependent_succinate-semialdehyde_dehydrogenase	A0A3G4ZJX7_unrelaxed_rank_001_alphafold2_ptm_model_4_seed_000.pdb	A0A3G4ZJX7_unrelaxed_rank_001_alphafold2_ptm_model_4_seed_000.pdb	2.358E+00	0.020	18	157	309	527	102	215	264	157	0.290	0.432
LOKIASV2_4403_ESMFold_NAD-dependent_succinate-semialdehyde_dehydrogenase	A0A5P8D573_unrelaxed_rank_001_alphafold2_ptm_model_2_seed_000.pdb	A0A5P8D573_unrelaxed_rank_001_alphafold2_ptm_model_2_seed_000.pdb	2.775E+00	0.020	18	138	433	527	48	346	606	364	0.562	0.493
LOKIASV2_4403_ESMFold_NAD-dependent_succinate-semialdehyde_dehydrogenase	W5ZZU1_1_unrelaxed_rank_001_alphafold2_ptm_model_1_seed_000.pdb	W5ZZU1_1_unrelaxed_rank_001_alphafold2_ptm_model_1_seed_000.pdb	1.447E+00	0.020	18	108	441	527	472	761	1002	382	0.634	0.289
LOKIASV2_4403_ESMFold_NAD-dependent_succinate-semialdehyde_dehydrogenase	A0A0S2C3Q1_2_unrelaxed_rank_001_alphafold2_ptm_model_3_seed_000.pdb	A0A0S2C3Q1_2_unrelaxed_rank_001_alphafold2_ptm_model_3_seed_000.pdb	2.358E+00	0.020	18	139	434	527	196	507	1058	392	0.562	0.295
LOKIASV2_4403_ESMFold_NAD-dependent_succinate-semialdehyde_dehydrogenase	A0A173GDV4_unrelaxed_rank_001_alphafold2_ptm_model_3_seed_000.pdb	A0A173GDV4_unrelaxed_rank_001_alphafold2_ptm_model_3_seed_000.pdb	8.673E+00	0.016	17	99	246	527	12	122	140	154	0.281	0.793
LOKIASV2_4403_ESMFold_NAD-dependent_succinate-semialdehyde_dehydrogenase	B2ZY85_unrelaxed_rank_001_alphafold2_ptm_model_1_seed_000.pdb	B2ZY85_unrelaxed_rank_001_alphafold2_ptm_model_1_seed_000.pdb	6.981E+00	0.016	17	61	247	527	4	151	151	208	0.355	0.980
LOKIASV2_4403_ESMFold_NAD-dependent_succinate-semialdehyde_dehydrogenase	A0A811AB16_unrelaxed_rank_001_alphafold2_ptm_model_5_seed_000.pdb	A0A811AB16_unrelaxed_rank_001_alphafold2_ptm_model_5_seed_000.pdb	5.041E+00	0.016	17	133	241	527	74	213	228	157	0.207	0.614
LOKIASV2_4403_ESMFold_NAD-dependent_succinate-semialdehyde_dehydrogenase	A0A6J5PTV4_unrelaxed_rank_001_alphafold2_ptm_model_3_seed_000.pdb	A0A6J5PTV4_unrelaxed_rank_001_alphafold2_ptm_model_3_seed_000.pdb	9.372E-01	0.016	17	103	264	527	28	161	246	187	0.307	0.545
LOKIASV2_4403_ESMFold_NAD-dependent_succinate-semialdehyde_dehydrogenase	M4QRB4_unrelaxed_rank_001_alphafold2_ptm_model_5_seed_000.pdb	M4QRB4_unrelaxed_rank_001_alphafold2_ptm_model_5_seed_000.pdb	6.612E+00	0.016	17	136	212	527	24	95	252	84	0.146	0.286
LOKIASV2_4403_ESMFold_NAD-dependent_succinate-semialdehyde_dehydrogenase	A0A0N9P735_unrelaxed_rank_001_alphafold2_ptm_model_3_seed_000.pdb	A0A0N9P735_unrelaxed_rank_001_alphafold2_ptm_model_3_seed_000.pdb	4.774E+00	0.016	17	137	439	527	2	239	313	325	0.575	0.760
LOKIASV2_4403_ESMFold_NAD-dependent_succinate-semialdehyde_dehydrogenase	A0A190WHA5_unrelaxed_rank_001_alphafold2_ptm_model_1_seed_000.pdb	A0A190WHA5_unrelaxed_rank_001_alphafold2_ptm_model_1_seed_000.pdb	2.358E+00	0.016	17	230	431	527	161	299	401	220	0.383	0.347
LOKIASV2_4403_ESMFold_NAD-dependent_succinate-semialdehyde_dehydrogenase	A0A3G5A8C0_unrelaxed_rank_001_alphafold2_ptm_model_3_seed_000.pdb	A0A3G5A8C0_unrelaxed_rank_001_alphafold2_ptm_model_3_seed_000.pdb	2.930E+00	0.016	17	136	433	527	56	327	428	366	0.565	0.636
LOKIASV2_4403_ESMFold_NAD-dependent_succinate-semialdehyde_dehydrogenase	A0A6G6AAM5_unrelaxed_rank_001_alphafold2_ptm_model_5_seed_000.pdb	A0A6G6AAM5_unrelaxed_rank_001_alphafold2_ptm_model_5_seed_000.pdb	6.263E+00	0.016	17	99	260	527	211	357	447	186	0.307	0.329
LOKIASV2_4403_ESMFold_NAD-dependent_succinate-semialdehyde_dehydrogenase	A0A8S5LRC8_unrelaxed_rank_001_alphafold2_ptm_model_4_seed_000.pdb	A0A8S5LRC8_unrelaxed_rank_001_alphafold2_ptm_model_4_seed_000.pdb	7.781E+00	0.016	17	249	434	527	98	252	451	204	0.353	0.344
LOKIASV2_4403_ESMFold_NAD-dependent_succinate-semialdehyde_dehydrogenase	E3T526_unrelaxed_rank_001_alphafold2_ptm_model_3_seed_000.pdb	E3T526_unrelaxed_rank_001_alphafold2_ptm_model_3_seed_000.pdb	4.522E+00	0.016	17	95	246	527	78	198	634	163	0.288	0.191
LOKIASV2_4403_ESMFold_NAD-dependent_succinate-semialdehyde_dehydrogenase	A0A2P0VMT3_unrelaxed_rank_001_alphafold2_ptm_model_3_seed_000.pdb	A0A2P0VMT3_unrelaxed_rank_001_alphafold2_ptm_model_3_seed_000.pdb	2.358E+00	0.016	17	17	280	527	400	632	741	303	0.501	0.314
LOKIASV2_4403_ESMFold_NAD-dependent_succinate-semialdehyde_dehydrogenase	A0A2I2L5Q3_unrelaxed_rank_001_alphafold2_ptm_model_2_seed_000.pdb	A0A2I2L5Q3_unrelaxed_rank_001_alphafold2_ptm_model_2_seed_000.pdb	1.447E+00	0.016	17	142	441	527	355	752	773	445	0.569	0.515
LOKIASV2_4403_ESMFold_NAD-dependent_succinate-semialdehyde_dehydrogenase	A0A6N1NUF0_2_unrelaxed_rank_001_alphafold2_ptm_model_3_seed_000.pdb	A0A6N1NUF0_2_unrelaxed_rank_001_alphafold2_ptm_model_3_seed_000.pdb	2.930E+00	0.016	17	138	434	527	84	398	841	389	0.564	0.375
LOKIASV2_4403_ESMFold_NAD-dependent_succinate-semialdehyde_dehydrogenase	A0A0E3G768_unrelaxed_rank_001_alphafold2_ptm_model_1_seed_000.pdb	A0A0E3G768_unrelaxed_rank_001_alphafold2_ptm_model_1_seed_000.pdb	5.041E+00	0.016	17	247	357	527	290	399	962	124	0.211	0.114
LOKIASV2_4403_ESMFold_NAD-dependent_succinate-semialdehyde_dehydrogenase	A0A1D8MBL0_3_unrelaxed_rank_001_alphafold2_ptm_model_4_seed_000.pdb	A0A1D8MBL0_3_unrelaxed_rank_001_alphafold2_ptm_model_4_seed_000.pdb	1.798E+00	0.016	17	55	431	527	525	922	1436	518	0.715	0.277
LOKIASV2_4403_ESMFold_NAD-dependent_succinate-semialdehyde_dehydrogenase	A0A8K1XW05_3_unrelaxed_rank_001_alphafold2_ptm_model_3_seed_000.pdb	A0A8K1XW05_3_unrelaxed_rank_001_alphafold2_ptm_model_3_seed_000.pdb	4.283E+00	0.016	17	137	438	527	259	605	1490	416	0.573	0.233
LOKIASV2_4403_ESMFold_NAD-dependent_succinate-semialdehyde_dehydrogenase	P0C6T5_1_unrelaxed_rank_001_alphafold2_ptm_model_3_seed_000.pdb	P0C6T5_1_unrelaxed_rank_001_alphafold2_ptm_model_3_seed_000.pdb	1.103E+00	0.016	17	108	441	527	1181	1472	1493	388	0.634	0.196
LOKIASV2_4403_ESMFold_NAD-dependent_succinate-semialdehyde_dehydrogenase	A0A6G6XI83_unrelaxed_rank_001_alphafold2_ptm_model_1_seed_000.pdb	A0A6G6XI83_unrelaxed_rank_001_alphafold2_ptm_model_1_seed_000.pdb	5.619E+00	0.014	16	214	434	527	11	193	207	265	0.419	0.884
LOKIASV2_4403_ESMFold_NAD-dependent_succinate-semialdehyde_dehydrogenase	A0A4P2THC6_unrelaxed_rank_001_alphafold2_ptm_model_5_seed_000.pdb	A0A4P2THC6_unrelaxed_rank_001_alphafold2_ptm_model_5_seed_000.pdb	8.673E+00	0.014	16	466	524	527	185	241	303	60	0.112	0.188
LOKIASV2_4403_ESMFold_NAD-dependent_succinate-semialdehyde_dehydrogenase	A0A7D3V8H6_unrelaxed_rank_001_alphafold2_ptm_model_3_seed_000.pdb	A0A7D3V8H6_unrelaxed_rank_001_alphafold2_ptm_model_3_seed_000.pdb	6.612E+00	0.014	16	141	340	527	2	218	306	240	0.380	0.709
LOKIASV2_4403_ESMFold_NAD-dependent_succinate-semialdehyde_dehydrogenase	A0A0H4XWF1_unrelaxed_rank_001_alphafold2_ptm_model_4_seed_000.pdb	A0A0H4XWF1_unrelaxed_rank_001_alphafold2_ptm_model_4_seed_000.pdb	4.522E+00	0.014	16	102	222	527	51	143	330	135	0.230	0.282
LOKIASV2_4403_ESMFold_NAD-dependent_succinate-semialdehyde_dehydrogenase	A0A6J5QG82_unrelaxed_rank_001_alphafold2_ptm_model_3_seed_000.pdb	A0A6J5QG82_unrelaxed_rank_001_alphafold2_ptm_model_3_seed_000.pdb	9.157E+00	0.014	16	137	240	527	212	287	332	108	0.197	0.229
LOKIASV2_4403_ESMFold_NAD-dependent_succinate-semialdehyde_dehydrogenase	A0A6N1NEP7_unrelaxed_rank_001_alphafold2_ptm_model_4_seed_000.pdb	A0A6N1NEP7_unrelaxed_rank_001_alphafold2_ptm_model_4_seed_000.pdb	5.041E+00	0.014	16	137	434	527	2	302	360	369	0.565	0.836
LOKIASV2_4403_ESMFold_NAD-dependent_succinate-semialdehyde_dehydrogenase	A0A8D4KGQ6_unrelaxed_rank_001_alphafold2_ptm_model_3_seed_000.pdb	A0A8D4KGQ6_unrelaxed_rank_001_alphafold2_ptm_model_3_seed_000.pdb	2.489E+00	0.014	16	96	432	527	21	333	399	399	0.639	0.784
LOKIASV2_4403_ESMFold_NAD-dependent_succinate-semialdehyde_dehydrogenase	A0A345MNH0_unrelaxed_rank_001_alphafold2_ptm_model_4_seed_000.pdb	A0A345MNH0_unrelaxed_rank_001_alphafold2_ptm_model_4_seed_000.pdb	4.774E+00	0.014	16	140	247	527	109	218	401	132	0.205	0.274
LOKIASV2_4403_ESMFold_NAD-dependent_succinate-semialdehyde_dehydrogenase	A0A2I7R721_unrelaxed_rank_001_alphafold2_ptm_model_1_seed_000.pdb	A0A2I7R721_unrelaxed_rank_001_alphafold2_ptm_model_1_seed_000.pdb	3.093E+00	0.014	16	154	432	527	97	344	519	335	0.529	0.478
LOKIASV2_4403_ESMFold_NAD-dependent_succinate-semialdehyde_dehydrogenase	A0A8S5MD37_unrelaxed_rank_001_alphafold2_ptm_model_4_seed_000.pdb	A0A8S5MD37_unrelaxed_rank_001_alphafold2_ptm_model_4_seed_000.pdb	2.930E+00	0.014	16	138	289	527	21	147	547	171	0.288	0.232
LOKIASV2_4403_ESMFold_NAD-dependent_succinate-semialdehyde_dehydrogenase	A0A481Z534_unrelaxed_rank_001_alphafold2_ptm_model_1_seed_000.pdb	A0A481Z534_unrelaxed_rank_001_alphafold2_ptm_model_1_seed_000.pdb	8.215E+00	0.014	16	138	318	527	269	451	565	214	0.343	0.324
LOKIASV2_4403_ESMFold_NAD-dependent_succinate-semialdehyde_dehydrogenase	A0A5J6VK53_unrelaxed_rank_001_alphafold2_ptm_model_2_seed_000.pdb	A0A5J6VK53_unrelaxed_rank_001_alphafold2_ptm_model_2_seed_000.pdb	8.673E+00	0.014	16	108	246	527	364	488	655	159	0.264	0.191
LOKIASV2_4403_ESMFold_NAD-dependent_succinate-semialdehyde_dehydrogenase	A0A6G5XWN5_unrelaxed_rank_001_alphafold2_ptm_model_1_seed_000.pdb	A0A6G5XWN5_unrelaxed_rank_001_alphafold2_ptm_model_1_seed_000.pdb	2.628E+00	0.014	16	137	425	527	150	486	710	391	0.548	0.475
LOKIASV2_4403_ESMFold_NAD-dependent_succinate-semialdehyde_dehydrogenase	A0A1P8DJA7_unrelaxed_rank_001_alphafold2_ptm_model_1_seed_000.pdb	A0A1P8DJA7_unrelaxed_rank_001_alphafold2_ptm_model_1_seed_000.pdb	3.093E+00	0.014	16	162	432	527	199	447	720	336	0.514	0.346
LOKIASV2_4403_ESMFold_NAD-dependent_succinate-semialdehyde_dehydrogenase	A0A5K0U9E2_unrelaxed_rank_001_alphafold2_ptm_model_2_seed_000.pdb	A0A5K0U9E2_unrelaxed_rank_001_alphafold2_ptm_model_2_seed_000.pdb	2.930E+00	0.014	16	138	334	527	442	717	792	299	0.374	0.348
LOKIASV2_4403_ESMFold_NAD-dependent_succinate-semialdehyde_dehydrogenase	W6A0I8_1_unrelaxed_rank_001_alphafold2_ptm_model_1_seed_000.pdb	W6A0I8_1_unrelaxed_rank_001_alphafold2_ptm_model_1_seed_000.pdb	1.527E+00	0.014	16	108	441	527	472	761	1011	390	0.634	0.287
LOKIASV2_4403_ESMFold_NAD-dependent_succinate-semialdehyde_dehydrogenase	J7KIS5_2_unrelaxed_rank_001_alphafold2_ptm_model_2_seed_000.pdb	J7KIS5_2_unrelaxed_rank_001_alphafold2_ptm_model_2_seed_000.pdb	3.093E+00	0.014	16	139	441	527	198	537	1025	412	0.575	0.332
LOKIASV2_4403_ESMFold_NAD-dependent_succinate-semialdehyde_dehydrogenase	A0A7H0XAH7_unrelaxed_rank_001_alphafold2_ptm_model_1_seed_000.pdb	A0A7H0XAH7_unrelaxed_rank_001_alphafold2_ptm_model_1_seed_000.pdb	6.612E+00	0.011	15	249	432	527	9	190	243	213	0.349	0.749
LOKIASV2_4403_ESMFold_NAD-dependent_succinate-semialdehyde_dehydrogenase	A0A4D6EGW8_unrelaxed_rank_001_alphafold2_ptm_model_2_seed_000.pdb	A0A4D6EGW8_unrelaxed_rank_001_alphafold2_ptm_model_2_seed_000.pdb	9.157E+00	0.011	15	260	402	527	79	243	278	176	0.271	0.594
LOKIASV2_4403_ESMFold_NAD-dependent_succinate-semialdehyde_dehydrogenase	A0A8S5QTP0_unrelaxed_rank_001_alphafold2_ptm_model_1_seed_000.pdb	A0A8S5QTP0_unrelaxed_rank_001_alphafold2_ptm_model_1_seed_000.pdb	5.619E+00	0.011	15	154	432	527	48	314	395	349	0.529	0.676
LOKIASV2_4403_ESMFold_NAD-dependent_succinate-semialdehyde_dehydrogenase	A0A0F7L2F7_unrelaxed_rank_001_alphafold2_ptm_model_2_seed_000.pdb	A0A0F7L2F7_unrelaxed_rank_001_alphafold2_ptm_model_2_seed_000.pdb	7.781E+00	0.011	15	136	336	527	13	328	401	336	0.381	0.788
LOKIASV2_4403_ESMFold_NAD-dependent_succinate-semialdehyde_dehydrogenase	R4T8P0_unrelaxed_rank_001_alphafold2_ptm_model_3_seed_000.pdb	R4T8P0_unrelaxed_rank_001_alphafold2_ptm_model_3_seed_000.pdb	7.781E+00	0.011	15	71	252	527	32	220	621	225	0.345	0.304
LOKIASV2_4403_ESMFold_NAD-dependent_succinate-semialdehyde_dehydrogenase	A0A1I9UVN9_2_unrelaxed_rank_001_alphafold2_ptm_model_2_seed_000.pdb	A0A1I9UVN9_2_unrelaxed_rank_001_alphafold2_ptm_model_2_seed_000.pdb	9.668E+00	0.011	15	248	411	527	376	531	816	188	0.311	0.191
LOKIASV2_4403_ESMFold_NAD-dependent_succinate-semialdehyde_dehydrogenase	A0A6J5SUQ0_unrelaxed_rank_001_alphafold2_ptm_model_1_seed_000.pdb	A0A6J5SUQ0_unrelaxed_rank_001_alphafold2_ptm_model_1_seed_000.pdb	4.057E+00	0.011	15	136	286	527	189	438	936	268	0.287	0.267
LOKIASV2_4403_ESMFold_NAD-dependent_succinate-semialdehyde_dehydrogenase	A0A2P1CXV7_2_unrelaxed_rank_001_alphafold2_ptm_model_1_seed_000.pdb	A0A2P1CXV7_2_unrelaxed_rank_001_alphafold2_ptm_model_1_seed_000.pdb	2.930E+00	0.011	15	176	403	527	595	774	1030	256	0.433	0.175
LOKIASV2_4403_ESMFold_NAD-dependent_succinate-semialdehyde_dehydrogenase	A0A8S5LQ16_unrelaxed_rank_001_alphafold2_ptm_model_3_seed_000.pdb	A0A8S5LQ16_unrelaxed_rank_001_alphafold2_ptm_model_3_seed_000.pdb	4.522E+00	0.011	15	99	432	527	454	755	1150	402	0.634	0.263
LOKIASV2_4403_ESMFold_NAD-dependent_succinate-semialdehyde_dehydrogenase	A0A7G9V4L0_unrelaxed_rank_001_alphafold2_ptm_model_2_seed_000.pdb	A0A7G9V4L0_unrelaxed_rank_001_alphafold2_ptm_model_2_seed_000.pdb	4.283E+00	0.010	14	325	526	527	14	159	167	215	0.383	0.874
LOKIASV2_4403_ESMFold_NAD-dependent_succinate-semialdehyde_dehydrogenase	A0A6J5KWB8_unrelaxed_rank_001_alphafold2_ptm_model_1_seed_000.pdb	A0A6J5KWB8_unrelaxed_rank_001_alphafold2_ptm_model_1_seed_000.pdb	6.263E+00	0.010	14	220	441	527	2	222	230	284	0.421	0.961
LOKIASV2_4403_ESMFold_NAD-dependent_succinate-semialdehyde_dehydrogenase	D5GVS6_unrelaxed_rank_001_alphafold2_ptm_model_3_seed_000.pdb	D5GVS6_unrelaxed_rank_001_alphafold2_ptm_model_3_seed_000.pdb	9.157E+00	0.010	14	136	274	527	8	157	263	162	0.264	0.570
LOKIASV2_4403_ESMFold_NAD-dependent_succinate-semialdehyde_dehydrogenase	A0A481W6E6_unrelaxed_rank_001_alphafold2_ptm_model_4_seed_000.pdb	A0A481W6E6_unrelaxed_rank_001_alphafold2_ptm_model_4_seed_000.pdb	6.612E+00	0.010	14	248	501	527	6	227	287	299	0.482	0.774
LOKIASV2_4403_ESMFold_NAD-dependent_succinate-semialdehyde_dehydrogenase	A0A0H4Y0T3_unrelaxed_rank_001_alphafold2_ptm_model_4_seed_000.pdb	A0A0H4Y0T3_unrelaxed_rank_001_alphafold2_ptm_model_4_seed_000.pdb	6.612E+00	0.010	14	136	304	527	39	194	317	206	0.321	0.492
LOKIASV2_4403_ESMFold_NAD-dependent_succinate-semialdehyde_dehydrogenase	A0A1Y0T107_unrelaxed_rank_001_alphafold2_ptm_model_4_seed_000.pdb	A0A1Y0T107_unrelaxed_rank_001_alphafold2_ptm_model_4_seed_000.pdb	5.932E+00	0.010	14	137	360	527	5	193	326	249	0.425	0.580
LOKIASV2_4403_ESMFold_NAD-dependent_succinate-semialdehyde_dehydrogenase	A0A1V0SAT6_unrelaxed_rank_001_alphafold2_ptm_model_4_seed_000.pdb	A0A1V0SAT6_unrelaxed_rank_001_alphafold2_ptm_model_4_seed_000.pdb	9.668E+00	0.010	14	138	438	527	92	349	394	355	0.571	0.655
LOKIASV2_4403_ESMFold_NAD-dependent_succinate-semialdehyde_dehydrogenase	A0A889IQE1_unrelaxed_rank_001_alphafold2_ptm_model_5_seed_000.pdb	A0A889IQE1_unrelaxed_rank_001_alphafold2_ptm_model_5_seed_000.pdb	5.932E+00	0.010	14	136	398	527	4	324	425	363	0.499	0.755
LOKIASV2_4403_ESMFold_NAD-dependent_succinate-semialdehyde_dehydrogenase	A0A2L0V159_unrelaxed_rank_001_alphafold2_ptm_model_5_seed_000.pdb	A0A2L0V159_unrelaxed_rank_001_alphafold2_ptm_model_5_seed_000.pdb	2.628E+00	0.010	14	175	434	527	141	475	492	384	0.493	0.681
LOKIASV2_4403_ESMFold_NAD-dependent_succinate-semialdehyde_dehydrogenase	A0A481YT30_unrelaxed_rank_001_alphafold2_ptm_model_2_seed_000.pdb	A0A481YT30_unrelaxed_rank_001_alphafold2_ptm_model_2_seed_000.pdb	3.843E+00	0.010	14	34	341	527	195	536	571	400	0.584	0.599
LOKIASV2_4403_ESMFold_NAD-dependent_succinate-semialdehyde_dehydrogenase	A0A6J5SCU0_unrelaxed_rank_001_alphafold2_ptm_model_3_seed_000.pdb	A0A6J5SCU0_unrelaxed_rank_001_alphafold2_ptm_model_3_seed_000.pdb	1.703E+00	0.010	14	98	481	527	158	607	637	518	0.729	0.706
LOKIASV2_4403_ESMFold_NAD-dependent_succinate-semialdehyde_dehydrogenase	X5LU21_2_unrelaxed_rank_001_alphafold2_ptm_model_3_seed_000.pdb	X5LU21_2_unrelaxed_rank_001_alphafold2_ptm_model_3_seed_000.pdb	8.673E+00	0.010	14	138	224	527	30	173	786	146	0.165	0.183
LOKIASV2_4403_ESMFold_NAD-dependent_succinate-semialdehyde_dehydrogenase	A0A893A7G9_1_unrelaxed_rank_001_alphafold2_ptm_model_2_seed_000.pdb	A0A893A7G9_1_unrelaxed_rank_001_alphafold2_ptm_model_2_seed_000.pdb	2.004E+00	0.010	14	156	521	527	404	690	896	417	0.694	0.320
LOKIASV2_4403_ESMFold_NAD-dependent_succinate-semialdehyde_dehydrogenase	A0A6N1NX85_unrelaxed_rank_001_alphafold2_ptm_model_3_seed_000.pdb	A0A6N1NX85_unrelaxed_rank_001_alphafold2_ptm_model_3_seed_000.pdb	8.215E+00	0.009	13	131	246	527	30	222	248	206	0.220	0.778
LOKIASV2_4403_ESMFold_NAD-dependent_succinate-semialdehyde_dehydrogenase	A0A385EF55_unrelaxed_rank_001_alphafold2_ptm_model_3_seed_000.pdb	A0A385EF55_unrelaxed_rank_001_alphafold2_ptm_model_3_seed_000.pdb	4.283E+00	0.009	13	250	441	527	2	242	253	266	0.364	0.953
LOKIASV2_4403_ESMFold_NAD-dependent_succinate-semialdehyde_dehydrogenase	M1HWL2_unrelaxed_rank_001_alphafold2_ptm_model_5_seed_000.pdb	M1HWL2_unrelaxed_rank_001_alphafold2_ptm_model_5_seed_000.pdb	6.612E+00	0.009	13	129	437	527	16	253	274	351	0.586	0.869
LOKIASV2_4403_ESMFold_NAD-dependent_succinate-semialdehyde_dehydrogenase	A0A516MBE4_unrelaxed_rank_001_alphafold2_ptm_model_3_seed_000.pdb	A0A516MBE4_unrelaxed_rank_001_alphafold2_ptm_model_3_seed_000.pdb	7.370E+00	0.009	13	52	432	527	2	351	451	468	0.723	0.776
LOKIASV2_4403_ESMFold_NAD-dependent_succinate-semialdehyde_dehydrogenase	A0A2I6UH65_unrelaxed_rank_001_alphafold2_ptm_model_3_seed_000.pdb	A0A2I6UH65_unrelaxed_rank_001_alphafold2_ptm_model_3_seed_000.pdb	5.932E+00	0.009	13	99	432	527	38	367	619	448	0.634	0.533
LOKIASV2_4403_ESMFold_NAD-dependent_succinate-semialdehyde_dehydrogenase	A0A8G0QXD6_1_unrelaxed_rank_001_alphafold2_ptm_model_3_seed_000.pdb	A0A8G0QXD6_1_unrelaxed_rank_001_alphafold2_ptm_model_3_seed_000.pdb	5.619E+00	0.009	13	55	432	527	485	775	843	431	0.717	0.345
LOKIASV2_4403_ESMFold_NAD-dependent_succinate-semialdehyde_dehydrogenase	A0A1L3KH91_1_unrelaxed_rank_001_alphafold2_ptm_model_3_seed_000.pdb	A0A1L3KH91_1_unrelaxed_rank_001_alphafold2_ptm_model_3_seed_000.pdb	3.093E+00	0.009	13	173	425	527	426	615	884	282	0.480	0.215
LOKIASV2_4403_ESMFold_NAD-dependent_succinate-semialdehyde_dehydrogenase	A0A1Q3DLZ4_unrelaxed_rank_001_alphafold2_ptm_model_3_seed_000.pdb	A0A1Q3DLZ4_unrelaxed_rank_001_alphafold2_ptm_model_3_seed_000.pdb	6.612E+00	0.009	13	34	135	527	148	260	939	115	0.194	0.120
LOKIASV2_4403_ESMFold_NAD-dependent_succinate-semialdehyde_dehydrogenase	A0A1L3KKK8_1_unrelaxed_rank_001_alphafold2_ptm_model_1_seed_000.pdb	A0A1L3KKK8_1_unrelaxed_rank_001_alphafold2_ptm_model_1_seed_000.pdb	3.093E+00	0.009	13	155	400	527	477	675	1079	286	0.467	0.184
LOKIASV2_4403_ESMFold_NAD-dependent_succinate-semialdehyde_dehydrogenase	A0A6J5KPH4_unrelaxed_rank_001_alphafold2_ptm_model_1_seed_000.pdb	A0A6J5KPH4_unrelaxed_rank_001_alphafold2_ptm_model_1_seed_000.pdb	5.322E+00	0.009	13	37	240	527	158	307	1202	228	0.387	0.125
LOKIASV2_4403_ESMFold_NAD-dependent_succinate-semialdehyde_dehydrogenase	A0A1N7TEH5_unrelaxed_rank_001_alphafold2_ptm_model_4_seed_000.pdb	A0A1N7TEH5_unrelaxed_rank_001_alphafold2_ptm_model_4_seed_000.pdb	8.215E+00	0.008	12	229	432	527	84	220	221	213	0.387	0.620
LOKIASV2_4403_ESMFold_NAD-dependent_succinate-semialdehyde_dehydrogenase	A0A886NII0_unrelaxed_rank_001_alphafold2_ptm_model_4_seed_000.pdb	A0A886NII0_unrelaxed_rank_001_alphafold2_ptm_model_4_seed_000.pdb	6.612E+00	0.008	12	247	441	527	6	276	281	297	0.370	0.964
LOKIASV2_4403_ESMFold_NAD-dependent_succinate-semialdehyde_dehydrogenase	A0A8S5PS40_unrelaxed_rank_001_alphafold2_ptm_model_3_seed_000.pdb	A0A8S5PS40_unrelaxed_rank_001_alphafold2_ptm_model_3_seed_000.pdb	7.370E+00	0.008	12	133	314	527	2	166	312	202	0.345	0.529
LOKIASV2_4403_ESMFold_NAD-dependent_succinate-semialdehyde_dehydrogenase	A0A0H4YFD4_unrelaxed_rank_001_alphafold2_ptm_model_5_seed_000.pdb	A0A0H4YFD4_unrelaxed_rank_001_alphafold2_ptm_model_5_seed_000.pdb	4.283E+00	0.008	12	197	444	527	83	311	316	293	0.471	0.725
LOKIASV2_4403_ESMFold_NAD-dependent_succinate-semialdehyde_dehydrogenase	A0A1B0WMZ0_unrelaxed_rank_001_alphafold2_ptm_model_2_seed_000.pdb	A0A1B0WMZ0_unrelaxed_rank_001_alphafold2_ptm_model_2_seed_000.pdb	2.775E+00	0.008	12	137	432	527	36	296	403	354	0.562	0.648
LOKIASV2_4403_ESMFold_NAD-dependent_succinate-semialdehyde_dehydrogenase	A0A8K1WRT4_unrelaxed_rank_001_alphafold2_ptm_model_3_seed_000.pdb	A0A8K1WRT4_unrelaxed_rank_001_alphafold2_ptm_model_3_seed_000.pdb	9.668E+00	0.008	12	31	128	527	181	295	744	117	0.186	0.155
LOKIASV2_4403_ESMFold_NAD-dependent_succinate-semialdehyde_dehydrogenase	A0A1L3KMA8_1_unrelaxed_rank_001_alphafold2_ptm_model_3_seed_000.pdb	A0A1L3KMA8_1_unrelaxed_rank_001_alphafold2_ptm_model_3_seed_000.pdb	5.932E+00	0.008	12	226	426	527	359	521	789	229	0.381	0.207
LOKIASV2_4403_ESMFold_NAD-dependent_succinate-semialdehyde_dehydrogenase	A0A218NJT0_1_unrelaxed_rank_001_alphafold2_ptm_model_3_seed_000.pdb	A0A218NJT0_1_unrelaxed_rank_001_alphafold2_ptm_model_3_seed_000.pdb	4.522E+00	0.008	12	225	524	527	397	632	820	341	0.569	0.288
LOKIASV2_4403_ESMFold_NAD-dependent_succinate-semialdehyde_dehydrogenase	A0A2P0VMS1_unrelaxed_rank_001_alphafold2_ptm_model_3_seed_000.pdb	A0A2P0VMS1_unrelaxed_rank_001_alphafold2_ptm_model_3_seed_000.pdb	7.781E+00	0.007	11	66	257	527	108	339	395	262	0.364	0.587
LOKIASV2_4403_ESMFold_NAD-dependent_succinate-semialdehyde_dehydrogenase	E3T4D9_unrelaxed_rank_001_alphafold2_ptm_model_3_seed_000.pdb	E3T4D9_unrelaxed_rank_001_alphafold2_ptm_model_3_seed_000.pdb	3.447E+00	0.007	11	33	368	527	5	346	490	427	0.638	0.698
LOKIASV2_4403_ESMFold_NAD-dependent_succinate-semialdehyde_dehydrogenase	A0A0D3MJT6_unrelaxed_rank_001_alphafold2_ptm_model_3_seed_000.pdb	A0A0D3MJT6_unrelaxed_rank_001_alphafold2_ptm_model_3_seed_000.pdb	6.263E+00	0.007	11	98	485	527	102	528	548	513	0.736	0.779
LOKIASV2_4403_ESMFold_NAD-dependent_succinate-semialdehyde_dehydrogenase	A0A5J6VMP8_unrelaxed_rank_001_alphafold2_ptm_model_3_seed_000.pdb	A0A5J6VMP8_unrelaxed_rank_001_alphafold2_ptm_model_3_seed_000.pdb	6.612E+00	0.007	11	197	439	527	104	458	620	382	0.461	0.573
LOKIASV2_4403_ESMFold_NAD-dependent_succinate-semialdehyde_dehydrogenase	Q6UYJ1_unrelaxed_rank_001_alphafold2_ptm_model_1_seed_000.pdb	Q6UYJ1_unrelaxed_rank_001_alphafold2_ptm_model_1_seed_000.pdb	9.668E+00	0.007	11	31	238	527	344	540	830	251	0.395	0.237
LOKIASV2_4403_ESMFold_NAD-dependent_succinate-semialdehyde_dehydrogenase	A0A3G2LQG0_1_unrelaxed_rank_001_alphafold2_ptm_model_1_seed_000.pdb	A0A3G2LQG0_1_unrelaxed_rank_001_alphafold2_ptm_model_1_seed_000.pdb	4.774E+00	0.007	11	226	523	527	421	664	868	339	0.565	0.281
LOKIASV2_4403_ESMFold_NAD-dependent_succinate-semialdehyde_dehydrogenase	A0A1L3KH63_1_unrelaxed_rank_001_alphafold2_ptm_model_3_seed_000.pdb	A0A1L3KH63_1_unrelaxed_rank_001_alphafold2_ptm_model_3_seed_000.pdb	3.447E+00	0.007	11	173	524	527	474	753	885	405	0.668	0.316
LOKIASV2_4403_ESMFold_NAD-dependent_succinate-semialdehyde_dehydrogenase	A0A8F8PMB8_unrelaxed_rank_001_alphafold2_ptm_model_1_seed_000.pdb	A0A8F8PMB8_unrelaxed_rank_001_alphafold2_ptm_model_1_seed_000.pdb	9.157E+00	0.007	11	137	432	527	466	784	1160	414	0.562	0.275
LOKIASV2_4403_ESMFold_NAD-dependent_succinate-semialdehyde_dehydrogenase	A0A6J5RTK8_unrelaxed_rank_001_alphafold2_ptm_model_2_seed_000.pdb	A0A6J5RTK8_unrelaxed_rank_001_alphafold2_ptm_model_2_seed_000.pdb	9.157E+00	0.000	10	142	302	527	92	257	284	215	0.306	0.585
LOKIASV2_4403_ESMFold_NAD-dependent_succinate-semialdehyde_dehydrogenase	A0A649V6M2_unrelaxed_rank_001_alphafold2_ptm_model_3_seed_000.pdb	A0A649V6M2_unrelaxed_rank_001_alphafold2_ptm_model_3_seed_000.pdb	5.322E+00	0.000	10	133	391	527	37	396	478	414	0.491	0.753
LOKIASV2_4403_ESMFold_NAD-dependent_succinate-semialdehyde_dehydrogenase	Q4A256_unrelaxed_rank_001_alphafold2_ptm_model_3_seed_000.pdb	Q4A256_unrelaxed_rank_001_alphafold2_ptm_model_3_seed_000.pdb	6.263E+00	0.000	10	99	434	527	39	397	646	439	0.638	0.556
LOKIASV2_4403_ESMFold_NAD-dependent_succinate-semialdehyde_dehydrogenase	A0A059PY24_2_unrelaxed_rank_001_alphafold2_ptm_model_3_seed_000.pdb	A0A059PY24_2_unrelaxed_rank_001_alphafold2_ptm_model_3_seed_000.pdb	7.370E+00	0.000	10	178	342	527	517	770	859	265	0.313	0.296
LOKIASV2_4403_ESMFold_NAD-dependent_succinate-semialdehyde_dehydrogenase	A0A386JCA0_1_unrelaxed_rank_001_alphafold2_ptm_model_1_seed_000.pdb	A0A386JCA0_1_unrelaxed_rank_001_alphafold2_ptm_model_1_seed_000.pdb	5.041E+00	0.000	9	33	524	527	22	452	1082	587	0.934	0.398
LOKIASV2_4403_ESMFold_NAD-dependent_succinate-semialdehyde_dehydrogenase	A0A2P1GN93_2_unrelaxed_rank_001_alphafold2_ptm_model_3_seed_000.pdb	A0A2P1GN93_2_unrelaxed_rank_001_alphafold2_ptm_model_3_seed_000.pdb	6.981E+00	0.000	9	23	301	527	46	253	1162	313	0.529	0.179
LOKIASV2_4403_ESMFold_NAD-dependent_succinate-semialdehyde_dehydrogenase	A0A1L3KMB1_1_unrelaxed_rank_001_alphafold2_ptm_model_5_seed_000.pdb	A0A1L3KMB1_1_unrelaxed_rank_001_alphafold2_ptm_model_5_seed_000.pdb	8.673E+00	0.000	9	172	425	527	310	476	1286	279	0.482	0.130
LOKIASV2_4403_ESMFold_NAD-dependent_succinate-semialdehyde_dehydrogenase	A0A481Z3B9_unrelaxed_rank_001_alphafold2_ptm_model_3_seed_000.pdb	A0A481Z3B9_unrelaxed_rank_001_alphafold2_ptm_model_3_seed_000.pdb	9.668E+00	0.000	8	136	432	527	221	384	528	308	0.564	0.311
LOKIASV2_4403_ESMFold_NAD-dependent_succinate-semialdehyde_dehydrogenase	Q853C4_unrelaxed_rank_001_alphafold2_ptm_model_1_seed_000.pdb	Q853C4_unrelaxed_rank_001_alphafold2_ptm_model_1_seed_000.pdb	8.673E+00	0.000	8	97	432	527	146	566	620	502	0.638	0.679
