LOKIASV2_2698_ESMFold_hypothetical_protein	AF-Q8Z8I0-F1-model_v4	AF-Q8Z8I0-F1-model_v4 Endolytic peptidoglycan transglycosylase RlpA	9.605E-01	0.747	59	2	66	212	304	363	377	67	0.307	0.159
LOKIASV2_2698_ESMFold_hypothetical_protein	AF-Q8ZR01-F1-model_v4	AF-Q8ZR01-F1-model_v4 Endolytic peptidoglycan transglycosylase RlpA	1.161E+00	0.692	57	2	66	212	308	367	381	67	0.307	0.157
LOKIASV2_2698_ESMFold_hypothetical_protein	AF-P38841-F1-model_v4	AF-P38841-F1-model_v4 Uncharacterized protein YHR138C	5.108E-01	0.663	56	2	65	212	21	84	114	65	0.302	0.561
LOKIASV2_2698_ESMFold_hypothetical_protein	AF-P10100-F1-model_v4	AF-P10100-F1-model_v4 Endolytic peptidoglycan transglycosylase RlpA	7.004E-01	0.632	55	1	66	212	287	348	362	70	0.311	0.171
LOKIASV2_2698_ESMFold_hypothetical_protein	AF-Q8XBQ1-F1-model_v4	AF-Q8XBQ1-F1-model_v4 Endolytic peptidoglycan transglycosylase RlpA	1.237E+00	0.473	50	1	66	212	287	348	362	70	0.311	0.171
LOKIASV2_2698_ESMFold_hypothetical_protein	AF-Q6PHZ5-F1-model_v4	AF-Q6PHZ5-F1-model_v4 Putative RNA-binding protein 15B	5.795E-01	0.473	50	3	69	212	135	200	887	69	0.316	0.074
LOKIASV2_2698_ESMFold_hypothetical_protein	AF-Q8NDT2-F1-model_v4	AF-Q8NDT2-F1-model_v4 Putative RNA-binding protein 15B	1.023E+00	0.442	49	3	69	212	138	203	890	69	0.316	0.074
LOKIASV2_2698_ESMFold_hypothetical_protein	AF-P0CT05-F1-model_v4	AF-P0CT05-F1-model_v4 Protease B inhibitor 1	5.795E-01	0.411	48	2	65	212	1	58	75	64	0.302	0.773
LOKIASV2_2698_ESMFold_hypothetical_protein	AF-Q9FKF2-F1-model_v4	AF-Q9FKF2-F1-model_v4 ABC transporter A family member 11	5.795E-01	0.382	47	2	69	212	756	825	953	71	0.321	0.073
LOKIASV2_2698_ESMFold_hypothetical_protein	AF-P0CT04-F1-model_v4	AF-P0CT04-F1-model_v4 Protease B inhibitor 2	7.947E-01	0.353	46	2	65	212	1	58	75	64	0.302	0.773
LOKIASV2_2698_ESMFold_hypothetical_protein	AF-Q9CGI8-F1-model_v4	AF-Q9CGI8-F1-model_v4 Elongation factor 4	2.183E+00	0.353	46	3	66	212	303	364	607	67	0.302	0.102
LOKIASV2_2698_ESMFold_hypothetical_protein	AF-Q02Z80-F1-model_v4	AF-Q02Z80-F1-model_v4 Elongation factor 4	1.806E+00	0.326	45	3	66	212	303	364	607	69	0.302	0.102
LOKIASV2_2698_ESMFold_hypothetical_protein	AF-O51634-F1-model_v4	AF-O51634-F1-model_v4 Elongation factor G 2	6.576E-01	0.326	45	1	71	212	396	463	669	72	0.335	0.102
LOKIASV2_2698_ESMFold_hypothetical_protein	AF-Q973G0-F1-model_v4	AF-Q973G0-F1-model_v4 Translation initiation factor 2 subunit alpha	1.806E+00	0.277	43	2	65	212	177	242	263	67	0.302	0.251
LOKIASV2_2698_ESMFold_hypothetical_protein	AF-Q8EVH8-F1-model_v4	AF-Q8EVH8-F1-model_v4 Probable tRNA sulfurtransferase	7.004E-01	0.277	43	2	63	212	1	62	383	63	0.292	0.162
LOKIASV2_2698_ESMFold_hypothetical_protein	AF-C1CKU6-F1-model_v4	AF-C1CKU6-F1-model_v4 Elongation factor 4	2.477E+00	0.277	43	3	66	212	303	364	607	69	0.302	0.102
LOKIASV2_2698_ESMFold_hypothetical_protein	AF-Q8EWZ9-F1-model_v4	AF-Q8EWZ9-F1-model_v4 Elongation factor 4	1.023E+00	0.254	42	3	66	212	298	359	600	70	0.302	0.103
LOKIASV2_2698_ESMFold_hypothetical_protein	AF-Q0SRD8-F1-model_v4	AF-Q0SRD8-F1-model_v4 Elongation factor 4	2.050E+00	0.254	42	1	66	212	296	359	600	72	0.311	0.107
LOKIASV2_2698_ESMFold_hypothetical_protein	AF-A5N6L8-F1-model_v4	AF-A5N6L8-F1-model_v4 Elongation factor 4	1.924E+00	0.254	42	1	66	212	297	360	602	72	0.311	0.106
LOKIASV2_2698_ESMFold_hypothetical_protein	AF-Q044A7-F1-model_v4	AF-Q044A7-F1-model_v4 Elongation factor 4	2.326E+00	0.254	42	3	66	212	303	364	612	70	0.302	0.101
LOKIASV2_2698_ESMFold_hypothetical_protein	AF-P54499-F1-model_v4	AF-P54499-F1-model_v4 UPF0045 protein YqgV	1.317E+00	0.233	41	4	60	212	2	58	104	60	0.269	0.548
LOKIASV2_2698_ESMFold_hypothetical_protein	AF-A8GW16-F1-model_v4	AF-A8GW16-F1-model_v4 Elongation factor 4	2.477E+00	0.233	41	3	66	212	297	358	600	70	0.302	0.103
LOKIASV2_2698_ESMFold_hypothetical_protein	AF-Q8XIS6-F1-model_v4	AF-Q8XIS6-F1-model_v4 Elongation factor 4	2.183E+00	0.233	41	1	66	212	296	359	600	72	0.311	0.107
LOKIASV2_2698_ESMFold_hypothetical_protein	AF-Q97QK5-F1-model_v4	AF-Q97QK5-F1-model_v4 Elongation factor 4	2.994E+00	0.233	41	3	66	212	303	364	607	69	0.302	0.102
LOKIASV2_2698_ESMFold_hypothetical_protein	AF-A2RL76-F1-model_v4	AF-A2RL76-F1-model_v4 Elongation factor 4	2.639E+00	0.233	41	3	66	212	303	364	607	70	0.302	0.102
LOKIASV2_2698_ESMFold_hypothetical_protein	AF-Q049W8-F1-model_v4	AF-Q049W8-F1-model_v4 Elongation factor 4	2.326E+00	0.233	41	3	66	212	303	364	612	66	0.302	0.101
LOKIASV2_2698_ESMFold_hypothetical_protein	AF-Q5FUP6-F1-model_v4	AF-Q5FUP6-F1-model_v4 Elongation factor G	6.173E-01	0.233	41	1	71	212	412	479	700	75	0.335	0.097
LOKIASV2_2698_ESMFold_hypothetical_protein	AF-Q2TVZ2-F1-model_v4	AF-Q2TVZ2-F1-model_v4 Translation machinery-associated protein 22	2.994E+00	0.214	40	24	64	212	128	171	194	44	0.193	0.227
LOKIASV2_2698_ESMFold_hypothetical_protein	AF-D1AMK8-F1-model_v4	AF-D1AMK8-F1-model_v4 Protein translocase subunit SecF	3.082E-01	0.214	40	2	68	212	40	105	308	67	0.316	0.214
LOKIASV2_2698_ESMFold_hypothetical_protein	AF-Q0TNS2-F1-model_v4	AF-Q0TNS2-F1-model_v4 Elongation factor 4	2.639E+00	0.214	40	1	66	212	296	359	600	72	0.311	0.107
LOKIASV2_2698_ESMFold_hypothetical_protein	AF-A7GHI0-F1-model_v4	AF-A7GHI0-F1-model_v4 Elongation factor 4	2.183E+00	0.214	40	1	66	212	297	360	602	72	0.311	0.106
LOKIASV2_2698_ESMFold_hypothetical_protein	AF-A7FXL9-F1-model_v4	AF-A7FXL9-F1-model_v4 Elongation factor 4	2.183E+00	0.214	40	1	66	212	297	360	602	72	0.311	0.106
LOKIASV2_2698_ESMFold_hypothetical_protein	AF-A7GT14-F1-model_v4	AF-A7GT14-F1-model_v4 Elongation factor 4	3.619E+00	0.214	40	3	66	212	303	364	608	68	0.302	0.102
LOKIASV2_2698_ESMFold_hypothetical_protein	AF-B5XLC6-F1-model_v4	AF-B5XLC6-F1-model_v4 Elongation factor 4	2.811E+00	0.214	40	3	66	212	303	364	610	70	0.302	0.102
LOKIASV2_2698_ESMFold_hypothetical_protein	AF-A7Z6W5-F1-model_v4	AF-A7Z6W5-F1-model_v4 Elongation factor 4	2.994E+00	0.214	40	3	66	212	304	365	611	70	0.302	0.101
LOKIASV2_2698_ESMFold_hypothetical_protein	AF-A8FFD6-F1-model_v4	AF-A8FFD6-F1-model_v4 Elongation factor 4	2.811E+00	0.214	40	3	66	212	304	365	612	70	0.302	0.101
LOKIASV2_2698_ESMFold_hypothetical_protein	AF-P50337-F1-model_v4	AF-P50337-F1-model_v4 Uncharacterized HTH-type transcriptional regulator y4sM	1.023E+00	0.196	39	2	68	212	37	101	127	70	0.316	0.512
LOKIASV2_2698_ESMFold_hypothetical_protein	AF-B6IUG3-F1-model_v4	AF-B6IUG3-F1-model_v4 Elongation factor 4	2.811E+00	0.196	39	1	66	212	295	358	600	68	0.311	0.107
LOKIASV2_2698_ESMFold_hypothetical_protein	AF-B0UFE0-F1-model_v4	AF-B0UFE0-F1-model_v4 Elongation factor 4	2.811E+00	0.196	39	1	66	212	297	360	601	72	0.311	0.106
LOKIASV2_2698_ESMFold_hypothetical_protein	AF-B3CRQ1-F1-model_v4	AF-B3CRQ1-F1-model_v4 Elongation factor 4	3.189E+00	0.196	39	3	66	212	297	358	601	70	0.302	0.103
LOKIASV2_2698_ESMFold_hypothetical_protein	AF-Q97JJ6-F1-model_v4	AF-Q97JJ6-F1-model_v4 Elongation factor 4	2.477E+00	0.196	39	1	66	212	298	361	602	72	0.311	0.106
LOKIASV2_2698_ESMFold_hypothetical_protein	AF-B7HCU5-F1-model_v4	AF-B7HCU5-F1-model_v4 Elongation factor 4	3.189E+00	0.196	39	3	66	212	303	364	607	70	0.302	0.102
LOKIASV2_2698_ESMFold_hypothetical_protein	AF-B8ZQ69-F1-model_v4	AF-B8ZQ69-F1-model_v4 Elongation factor 4	3.189E+00	0.196	39	3	66	212	303	364	607	70	0.302	0.102
LOKIASV2_2698_ESMFold_hypothetical_protein	AF-B7GKC4-F1-model_v4	AF-B7GKC4-F1-model_v4 Elongation factor 4	3.189E+00	0.196	39	3	66	212	303	364	608	70	0.302	0.102
LOKIASV2_2698_ESMFold_hypothetical_protein	AF-B9DSE0-F1-model_v4	AF-B9DSE0-F1-model_v4 Elongation factor 4	3.619E+00	0.196	39	3	66	212	303	364	610	69	0.302	0.102
LOKIASV2_2698_ESMFold_hypothetical_protein	AF-Q73R08-F1-model_v4	AF-Q73R08-F1-model_v4 Elongation factor G 1	1.090E+00	0.196	39	1	65	212	398	459	683	66	0.307	0.091
LOKIASV2_2698_ESMFold_hypothetical_protein	AF-O87844-F1-model_v4	AF-O87844-F1-model_v4 Elongation factor G 2	1.090E+00	0.196	39	2	71	212	398	464	686	70	0.330	0.098
LOKIASV2_2698_ESMFold_hypothetical_protein	AF-P10869-F1-model_v4	AF-P10869-F1-model_v4 Aspartokinase	2.477E+00	0.179	38	2	71	212	359	427	527	72	0.330	0.131
LOKIASV2_2698_ESMFold_hypothetical_protein	AF-Q892Q6-F1-model_v4	AF-Q892Q6-F1-model_v4 Elongation factor 4	2.811E+00	0.179	38	1	66	212	297	360	602	72	0.311	0.106
LOKIASV2_2698_ESMFold_hypothetical_protein	AF-C1CEG3-F1-model_v4	AF-C1CEG3-F1-model_v4 Elongation factor 4	3.619E+00	0.179	38	3	66	212	303	364	607	70	0.302	0.102
LOKIASV2_2698_ESMFold_hypothetical_protein	AF-A4W0W0-F1-model_v4	AF-A4W0W0-F1-model_v4 Elongation factor 4	3.397E+00	0.179	38	3	66	212	303	364	610	70	0.302	0.102
LOKIASV2_2698_ESMFold_hypothetical_protein	AF-P65273-F1-model_v4	AF-P65273-F1-model_v4 Elongation factor 4	3.854E+00	0.179	38	3	66	212	303	364	610	70	0.302	0.102
LOKIASV2_2698_ESMFold_hypothetical_protein	AF-Q8DTF3-F1-model_v4	AF-Q8DTF3-F1-model_v4 Elongation factor 4	3.619E+00	0.179	38	3	66	212	303	364	611	70	0.302	0.101
LOKIASV2_2698_ESMFold_hypothetical_protein	AF-Q38W39-F1-model_v4	AF-Q38W39-F1-model_v4 Elongation factor 4	4.373E+00	0.179	38	3	66	212	303	364	612	68	0.302	0.101
LOKIASV2_2698_ESMFold_hypothetical_protein	AF-P60790-F1-model_v4	AF-P60790-F1-model_v4 Elongation factor 4	3.619E+00	0.179	38	3	66	212	303	364	612	70	0.302	0.101
LOKIASV2_2698_ESMFold_hypothetical_protein	AF-Q0BSG5-F1-model_v4	AF-Q0BSG5-F1-model_v4 Elongation factor G	6.576E-01	0.179	38	1	65	212	405	466	693	69	0.307	0.089
LOKIASV2_2698_ESMFold_hypothetical_protein	AF-Q7LL14-F1-model_v4	AF-Q7LL14-F1-model_v4 Probable U2 small nuclear ribonucleoprotein B''	1.495E+00	0.164	37	1	58	212	1	58	111	61	0.274	0.523
LOKIASV2_2698_ESMFold_hypothetical_protein	AF-Q9Z7M0-F1-model_v4	AF-Q9Z7M0-F1-model_v4 Probable chromosome-partitioning protein ParB	3.619E+00	0.164	37	12	68	212	219	277	286	59	0.269	0.206
LOKIASV2_2698_ESMFold_hypothetical_protein	AF-A1S3X9-F1-model_v4	AF-A1S3X9-F1-model_v4 Elongation factor 4	1.806E+00	0.164	37	3	68	212	294	360	596	75	0.311	0.112
LOKIASV2_2698_ESMFold_hypothetical_protein	AF-Q820H8-F1-model_v4	AF-Q820H8-F1-model_v4 Elongation factor 4	4.106E+00	0.164	37	3	71	212	295	361	598	75	0.325	0.112
LOKIASV2_2698_ESMFold_hypothetical_protein	AF-A4VIX2-F1-model_v4	AF-A4VIX2-F1-model_v4 Elongation factor 4	1.924E+00	0.164	37	3	68	212	297	363	599	75	0.311	0.112
LOKIASV2_2698_ESMFold_hypothetical_protein	AF-Q8PB55-F1-model_v4	AF-Q8PB55-F1-model_v4 Elongation factor 4	3.397E+00	0.164	37	3	68	212	299	365	601	72	0.311	0.111
LOKIASV2_2698_ESMFold_hypothetical_protein	AF-C1FVU4-F1-model_v4	AF-C1FVU4-F1-model_v4 Elongation factor 4	3.397E+00	0.164	37	1	66	212	297	360	602	72	0.311	0.106
LOKIASV2_2698_ESMFold_hypothetical_protein	AF-A5D3X6-F1-model_v4	AF-A5D3X6-F1-model_v4 Elongation factor 4	2.183E+00	0.164	37	1	68	212	296	364	602	73	0.321	0.115
LOKIASV2_2698_ESMFold_hypothetical_protein	AF-Q48TU0-F1-model_v4	AF-Q48TU0-F1-model_v4 Elongation factor 4	4.106E+00	0.164	37	3	66	212	303	364	610	70	0.302	0.102
LOKIASV2_2698_ESMFold_hypothetical_protein	AF-A6WDJ3-F1-model_v4	AF-A6WDJ3-F1-model_v4 Elongation factor 4	4.106E+00	0.164	37	3	66	212	308	369	622	68	0.302	0.100
LOKIASV2_2698_ESMFold_hypothetical_protein	AF-B4HEQ8-F1-model_v4	AF-B4HEQ8-F1-model_v4 Ribosome-releasing factor 2, mitochondrial	2.477E+00	0.164	37	3	71	212	402	465	692	70	0.325	0.092
LOKIASV2_2698_ESMFold_hypothetical_protein	AF-Q87L45-F1-model_v4	AF-Q87L45-F1-model_v4 Elongation factor G 1	7.461E-01	0.164	37	1	66	212	409	471	699	70	0.311	0.090
LOKIASV2_2698_ESMFold_hypothetical_protein	AF-B3DT30-F1-model_v4	AF-B3DT30-F1-model_v4 Elongation factor G	7.461E-01	0.164	37	1	66	212	414	476	707	70	0.311	0.089
LOKIASV2_2698_ESMFold_hypothetical_protein	AF-Q56200-F1-model_v4	AF-Q56200-F1-model_v4 UPF0045 protein in glkA 3'region	1.403E+00	0.150	36	4	69	212	2	70	107	72	0.311	0.645
LOKIASV2_2698_ESMFold_hypothetical_protein	AF-Q8T9B6-F1-model_v4	AF-Q8T9B6-F1-model_v4 LDLR chaperone boca	2.183E+00	0.150	36	3	55	212	93	143	180	53	0.250	0.283
LOKIASV2_2698_ESMFold_hypothetical_protein	AF-Q2Y873-F1-model_v4	AF-Q2Y873-F1-model_v4 Elongation factor 4	5.998E+00	0.150	36	3	71	212	294	360	597	72	0.325	0.112
LOKIASV2_2698_ESMFold_hypothetical_protein	AF-P75498-F1-model_v4	AF-P75498-F1-model_v4 Elongation factor 4	2.639E+00	0.150	36	3	71	212	295	361	598	73	0.325	0.112
LOKIASV2_2698_ESMFold_hypothetical_protein	AF-O67618-F1-model_v4	AF-O67618-F1-model_v4 Elongation factor 4	4.659E+00	0.150	36	3	71	212	296	362	600	71	0.325	0.112
LOKIASV2_2698_ESMFold_hypothetical_protein	AF-Q4UKS2-F1-model_v4	AF-Q4UKS2-F1-model_v4 Elongation factor 4	4.373E+00	0.150	36	3	66	212	297	358	600	70	0.302	0.103
LOKIASV2_2698_ESMFold_hypothetical_protein	AF-A5I644-F1-model_v4	AF-A5I644-F1-model_v4 Elongation factor 4	3.854E+00	0.150	36	1	66	212	297	360	602	72	0.311	0.106
LOKIASV2_2698_ESMFold_hypothetical_protein	AF-Q3MG20-F1-model_v4	AF-Q3MG20-F1-model_v4 Elongation factor 4	2.183E+00	0.150	36	3	68	212	299	365	603	75	0.311	0.111
LOKIASV2_2698_ESMFold_hypothetical_protein	AF-P0DC22-F1-model_v4	AF-P0DC22-F1-model_v4 Elongation factor 4	4.373E+00	0.150	36	3	66	212	303	364	610	70	0.302	0.102
LOKIASV2_2698_ESMFold_hypothetical_protein	AF-Q1JLY8-F1-model_v4	AF-Q1JLY8-F1-model_v4 Elongation factor 4	4.373E+00	0.150	36	3	66	212	303	364	610	70	0.302	0.102
LOKIASV2_2698_ESMFold_hypothetical_protein	AF-Q1G9R4-F1-model_v4	AF-Q1G9R4-F1-model_v4 Elongation factor 4	4.106E+00	0.150	36	3	66	212	303	364	612	70	0.302	0.101
LOKIASV2_2698_ESMFold_hypothetical_protein	AF-P20397-F1-model_v4	AF-P20397-F1-model_v4 Nucleolin	1.317E+00	0.150	36	5	64	212	234	291	651	62	0.283	0.089
LOKIASV2_2698_ESMFold_hypothetical_protein	AF-Q8TRC3-F1-model_v4	AF-Q8TRC3-F1-model_v4 Elongation factor 2	1.237E+00	0.150	36	2	66	212	388	449	730	65	0.307	0.085
LOKIASV2_2698_ESMFold_hypothetical_protein	AF-O93637-F1-model_v4	AF-O93637-F1-model_v4 Elongation factor 2	1.161E+00	0.150	36	2	66	212	388	449	730	65	0.307	0.085
LOKIASV2_2698_ESMFold_hypothetical_protein	AF-Q8PUR7-F1-model_v4	AF-Q8PUR7-F1-model_v4 Elongation factor 2	1.237E+00	0.150	36	2	66	212	388	449	730	65	0.307	0.085
LOKIASV2_2698_ESMFold_hypothetical_protein	AF-Q29BD5-F1-model_v4	AF-Q29BD5-F1-model_v4 Ribosome-releasing factor 2, mitochondrial	3.619E+00	0.150	36	3	71	212	447	510	737	70	0.325	0.087
LOKIASV2_2698_ESMFold_hypothetical_protein	AF-A4QVI3-F1-model_v4	AF-A4QVI3-F1-model_v4 Translation machinery-associated protein 22	2.994E+00	0.138	35	24	68	212	130	176	201	47	0.212	0.234
LOKIASV2_2698_ESMFold_hypothetical_protein	AF-P94393-F1-model_v4	AF-P94393-F1-model_v4 Proline-responsive transcriptional activator PutR	1.403E+00	0.138	35	3	65	212	189	258	411	73	0.297	0.170
LOKIASV2_2698_ESMFold_hypothetical_protein	AF-P47384-F1-model_v4	AF-P47384-F1-model_v4 Elongation factor 4	2.811E+00	0.138	35	3	71	212	295	361	598	73	0.325	0.112
LOKIASV2_2698_ESMFold_hypothetical_protein	AF-Q5GRW9-F1-model_v4	AF-Q5GRW9-F1-model_v4 Elongation factor 4	4.962E+00	0.138	35	3	66	212	294	355	598	70	0.302	0.104
LOKIASV2_2698_ESMFold_hypothetical_protein	AF-Q5FUC2-F1-model_v4	AF-Q5FUC2-F1-model_v4 Elongation factor 4	3.854E+00	0.138	35	1	66	212	297	360	600	68	0.311	0.107
LOKIASV2_2698_ESMFold_hypothetical_protein	AF-Q7NGX4-F1-model_v4	AF-Q7NGX4-F1-model_v4 Elongation factor 4	2.326E+00	0.138	35	3	68	212	299	365	602	75	0.311	0.111
LOKIASV2_2698_ESMFold_hypothetical_protein	AF-B2SC25-F1-model_v4	AF-B2SC25-F1-model_v4 Elongation factor 4	4.962E+00	0.138	35	1	66	212	297	360	602	72	0.311	0.106
LOKIASV2_2698_ESMFold_hypothetical_protein	AF-A6WYK4-F1-model_v4	AF-A6WYK4-F1-model_v4 Elongation factor 4	4.659E+00	0.138	35	1	66	212	297	360	602	72	0.311	0.106
LOKIASV2_2698_ESMFold_hypothetical_protein	AF-Q8YU48-F1-model_v4	AF-Q8YU48-F1-model_v4 Elongation factor 4	2.477E+00	0.138	35	3	68	212	299	365	603	75	0.311	0.111
LOKIASV2_2698_ESMFold_hypothetical_protein	AF-Q3ALG5-F1-model_v4	AF-Q3ALG5-F1-model_v4 Elongation factor 4	2.639E+00	0.138	35	3	68	212	299	365	606	75	0.311	0.111
LOKIASV2_2698_ESMFold_hypothetical_protein	AF-A4IR35-F1-model_v4	AF-A4IR35-F1-model_v4 Elongation factor 4	5.630E+00	0.138	35	3	66	212	303	364	609	70	0.302	0.102
LOKIASV2_2698_ESMFold_hypothetical_protein	AF-Q5FJP6-F1-model_v4	AF-Q5FJP6-F1-model_v4 Elongation factor 4	7.249E+00	0.138	35	3	66	212	303	364	612	67	0.302	0.101
LOKIASV2_2698_ESMFold_hypothetical_protein	AF-O93640-F1-model_v4	AF-O93640-F1-model_v4 Elongation factor 2	1.403E+00	0.138	35	2	66	212	388	449	730	65	0.307	0.085
LOKIASV2_2698_ESMFold_hypothetical_protein	AF-Q8T6J1-F1-model_v4	AF-Q8T6J1-F1-model_v4 ABC transporter A family member 6	1.161E+00	0.138	35	2	141	212	716	815	1631	141	0.660	0.061
LOKIASV2_2698_ESMFold_hypothetical_protein	AF-A7HKU7-F1-model_v4	AF-A7HKU7-F1-model_v4 30S ribosomal protein S6	1.403E+00	0.126	34	2	141	212	1	113	124	154	0.660	0.911
LOKIASV2_2698_ESMFold_hypothetical_protein	AF-Q10277-F1-model_v4	AF-Q10277-F1-model_v4 Multicopy suppressor of sporulation protein msa1	2.183E+00	0.126	34	1	62	212	74	137	533	67	0.292	0.120
LOKIASV2_2698_ESMFold_hypothetical_protein	AF-P49093-F1-model_v4	AF-P49093-F1-model_v4 Asparagine synthetase [glutamine-hydrolyzing] 2	2.639E+00	0.126	34	2	52	212	1	49	586	51	0.241	0.084
LOKIASV2_2698_ESMFold_hypothetical_protein	AF-Q5FHQ1-F1-model_v4	AF-Q5FHQ1-F1-model_v4 Elongation factor 4	3.397E+00	0.126	34	3	66	212	296	357	598	67	0.302	0.104
LOKIASV2_2698_ESMFold_hypothetical_protein	AF-Q5PAX8-F1-model_v4	AF-Q5PAX8-F1-model_v4 Elongation factor 4	2.994E+00	0.126	34	3	66	212	297	358	599	67	0.302	0.104
LOKIASV2_2698_ESMFold_hypothetical_protein	AF-Q8GCP5-F1-model_v4	AF-Q8GCP5-F1-model_v4 Elongation factor 4	3.189E+00	0.126	34	3	71	212	292	358	599	73	0.325	0.112
LOKIASV2_2698_ESMFold_hypothetical_protein	AF-B1X3K4-F1-model_v4	AF-B1X3K4-F1-model_v4 Translation factor GUF1 homolog, organellar chromatophore	4.373E+00	0.126	34	3	68	212	299	365	602	73	0.311	0.111
LOKIASV2_2698_ESMFold_hypothetical_protein	AF-B1ILM7-F1-model_v4	AF-B1ILM7-F1-model_v4 Elongation factor 4	4.962E+00	0.126	34	1	66	212	297	360	602	72	0.311	0.106
LOKIASV2_2698_ESMFold_hypothetical_protein	AF-B0B9H2-F1-model_v4	AF-B0B9H2-F1-model_v4 Elongation factor 4	4.659E+00	0.126	34	3	66	212	300	361	602	67	0.302	0.103
LOKIASV2_2698_ESMFold_hypothetical_protein	AF-Q5KWZ3-F1-model_v4	AF-Q5KWZ3-F1-model_v4 Elongation factor 4	5.630E+00	0.126	34	3	66	212	303	364	609	70	0.302	0.102
LOKIASV2_2698_ESMFold_hypothetical_protein	AF-C5DWG7-F1-model_v4	AF-C5DWG7-F1-model_v4 Translation factor GUF1, mitochondrial	1.592E+00	0.126	34	3	67	212	337	402	643	72	0.307	0.103
LOKIASV2_2698_ESMFold_hypothetical_protein	AF-P9WK97-F1-model_v4	AF-P9WK97-F1-model_v4 Elongation factor 4	4.373E+00	0.126	34	3	68	212	344	410	653	72	0.311	0.103
LOKIASV2_2698_ESMFold_hypothetical_protein	AF-A2BYN5-F1-model_v4	AF-A2BYN5-F1-model_v4 Elongation factor G	1.696E+00	0.126	34	1	63	212	400	463	691	67	0.297	0.093
LOKIASV2_2698_ESMFold_hypothetical_protein	AF-Q0ABH8-F1-model_v4	AF-Q0ABH8-F1-model_v4 Elongation factor G	1.592E+00	0.126	34	1	63	212	411	474	699	66	0.297	0.092
LOKIASV2_2698_ESMFold_hypothetical_protein	AF-A1SNN6-F1-model_v4	AF-A1SNN6-F1-model_v4 Elongation factor G	1.237E+00	0.126	34	1	65	212	407	468	703	69	0.307	0.088
LOKIASV2_2698_ESMFold_hypothetical_protein	AF-Q464Z3-F1-model_v4	AF-Q464Z3-F1-model_v4 Elongation factor 2	1.495E+00	0.126	34	2	66	212	388	449	730	65	0.307	0.085
LOKIASV2_2698_ESMFold_hypothetical_protein	AF-Q2FRY8-F1-model_v4	AF-Q2FRY8-F1-model_v4 Elongation factor 1-beta	7.004E-01	0.116	33	1	62	212	1	64	85	66	0.292	0.753
LOKIASV2_2698_ESMFold_hypothetical_protein	AF-A7I5K0-F1-model_v4	AF-A7I5K0-F1-model_v4 Elongation factor 1-beta	1.806E+00	0.116	33	3	52	212	5	51	85	54	0.236	0.553
LOKIASV2_2698_ESMFold_hypothetical_protein	AF-Q4WBL6-F1-model_v4	AF-Q4WBL6-F1-model_v4 Translation machinery-associated protein 22	3.397E+00	0.116	33	24	83	212	128	179	194	62	0.283	0.268
LOKIASV2_2698_ESMFold_hypothetical_protein	AF-Q9ERE7-F1-model_v4	AF-Q9ERE7-F1-model_v4 LRP chaperone MESD	2.326E+00	0.116	33	3	51	212	104	150	224	52	0.231	0.210
LOKIASV2_2698_ESMFold_hypothetical_protein	AF-Q5U2R7-F1-model_v4	AF-Q5U2R7-F1-model_v4 LRP chaperone MESD	2.183E+00	0.116	33	3	51	212	104	150	224	52	0.231	0.210
LOKIASV2_2698_ESMFold_hypothetical_protein	AF-Q5R6F1-F1-model_v4	AF-Q5R6F1-F1-model_v4 LRP chaperone MESD	1.924E+00	0.116	33	3	51	212	113	159	234	49	0.231	0.201
LOKIASV2_2698_ESMFold_hypothetical_protein	AF-Q14696-F1-model_v4	AF-Q14696-F1-model_v4 LRP chaperone MESD	1.924E+00	0.116	33	3	51	212	113	159	234	49	0.231	0.201
LOKIASV2_2698_ESMFold_hypothetical_protein	AF-Q8ZDG6-F1-model_v4	AF-Q8ZDG6-F1-model_v4 Endolytic peptidoglycan transglycosylase RlpA	3.854E+00	0.116	33	3	51	212	287	330	360	51	0.231	0.122
LOKIASV2_2698_ESMFold_hypothetical_protein	AF-Q9JV65-F1-model_v4	AF-Q9JV65-F1-model_v4 Elongation factor 4	6.805E+00	0.116	33	1	66	212	292	355	597	72	0.311	0.107
LOKIASV2_2698_ESMFold_hypothetical_protein	AF-Q1QDV6-F1-model_v4	AF-Q1QDV6-F1-model_v4 Elongation factor 4	2.994E+00	0.116	33	1	68	212	295	363	598	77	0.321	0.115
LOKIASV2_2698_ESMFold_hypothetical_protein	AF-Q4KHT3-F1-model_v4	AF-Q4KHT3-F1-model_v4 Elongation factor 4	3.189E+00	0.116	33	3	68	212	297	363	599	75	0.311	0.112
LOKIASV2_2698_ESMFold_hypothetical_protein	AF-A0Q1R8-F1-model_v4	AF-A0Q1R8-F1-model_v4 Elongation factor 4	2.811E+00	0.116	33	1	68	212	297	365	601	77	0.321	0.115
LOKIASV2_2698_ESMFold_hypothetical_protein	AF-A4J7F8-F1-model_v4	AF-A4J7F8-F1-model_v4 Elongation factor 4	3.397E+00	0.116	33	1	68	212	296	364	601	77	0.321	0.115
LOKIASV2_2698_ESMFold_hypothetical_protein	AF-B0C9R9-F1-model_v4	AF-B0C9R9-F1-model_v4 Elongation factor 4	3.189E+00	0.116	33	3	68	212	299	365	603	75	0.311	0.111
LOKIASV2_2698_ESMFold_hypothetical_protein	AF-Q5R104-F1-model_v4	AF-Q5R104-F1-model_v4 Elongation factor 4	6.805E+00	0.116	33	3	71	212	301	367	603	73	0.325	0.111
LOKIASV2_2698_ESMFold_hypothetical_protein	AF-Q8RFD1-F1-model_v4	AF-Q8RFD1-F1-model_v4 Elongation factor 4	4.106E+00	0.116	33	1	71	212	298	366	604	74	0.335	0.114
LOKIASV2_2698_ESMFold_hypothetical_protein	AF-B0VTM2-F1-model_v4	AF-B0VTM2-F1-model_v4 Elongation factor 4	3.619E+00	0.116	33	3	68	212	303	369	605	75	0.311	0.111
LOKIASV2_2698_ESMFold_hypothetical_protein	AF-Q3J8D2-F1-model_v4	AF-Q3J8D2-F1-model_v4 Elongation factor 4	3.619E+00	0.116	33	3	68	212	302	368	606	75	0.311	0.111
LOKIASV2_2698_ESMFold_hypothetical_protein	AF-B2GHU9-F1-model_v4	AF-B2GHU9-F1-model_v4 Elongation factor 4	4.659E+00	0.116	33	3	63	212	308	370	618	69	0.288	0.102
LOKIASV2_2698_ESMFold_hypothetical_protein	AF-B3CLA3-F1-model_v4	AF-B3CLA3-F1-model_v4 Elongation factor G	1.403E+00	0.116	33	2	65	212	403	463	691	68	0.302	0.088
LOKIASV2_2698_ESMFold_hypothetical_protein	AF-Q8R602-F1-model_v4	AF-Q8R602-F1-model_v4 Elongation factor G	1.495E+00	0.116	33	1	66	212	405	467	693	70	0.311	0.091
LOKIASV2_2698_ESMFold_hypothetical_protein	AF-B1GZ80-F1-model_v4	AF-B1GZ80-F1-model_v4 Elongation factor G	1.403E+00	0.116	33	1	65	212	403	464	693	69	0.307	0.089
LOKIASV2_2698_ESMFold_hypothetical_protein	AF-Q82T70-F1-model_v4	AF-Q82T70-F1-model_v4 Elongation factor G	1.237E+00	0.116	33	1	65	212	409	470	696	69	0.307	0.089
LOKIASV2_2698_ESMFold_hypothetical_protein	AF-Q2YB00-F1-model_v4	AF-Q2YB00-F1-model_v4 Elongation factor G	1.237E+00	0.116	33	1	65	212	409	470	696	69	0.307	0.089
LOKIASV2_2698_ESMFold_hypothetical_protein	AF-Q160Y3-F1-model_v4	AF-Q160Y3-F1-model_v4 Elongation factor G	1.696E+00	0.116	33	1	65	212	417	478	705	67	0.307	0.088
LOKIASV2_2698_ESMFold_hypothetical_protein	AF-Q1R0H8-F1-model_v4	AF-Q1R0H8-F1-model_v4 Elongation factor G	1.495E+00	0.116	33	1	66	212	411	473	706	70	0.311	0.089
LOKIASV2_2698_ESMFold_hypothetical_protein	AF-Q9V1Z8-F1-model_v4	AF-Q9V1Z8-F1-model_v4 Elongation factor 2	1.696E+00	0.116	33	2	63	212	387	449	732	65	0.292	0.086
LOKIASV2_2698_ESMFold_hypothetical_protein	AF-Q6L200-F1-model_v4	AF-Q6L200-F1-model_v4 Elongation factor 2	2.326E+00	0.116	33	2	66	212	387	449	732	66	0.307	0.086
LOKIASV2_2698_ESMFold_hypothetical_protein	AF-Q84K47-F1-model_v4	AF-Q84K47-F1-model_v4 ABC transporter A family member 2	1.924E+00	0.116	33	2	68	212	755	827	983	74	0.316	0.074
LOKIASV2_2698_ESMFold_hypothetical_protein	AF-O35600-F1-model_v4	AF-O35600-F1-model_v4 Retinal-specific phospholipid-transporting ATPase ABCA4	2.477E+00	0.116	33	2	66	212	2161	2224	2310	66	0.307	0.028
LOKIASV2_2698_ESMFold_hypothetical_protein	AF-O34446-F1-model_v4	AF-O34446-F1-model_v4 Uncharacterized protein YjpA	1.806E+00	0.106	32	2	62	212	1	62	85	64	0.288	0.729
LOKIASV2_2698_ESMFold_hypothetical_protein	AF-P0C2M8-F1-model_v4	AF-P0C2M8-F1-model_v4 Chaperone protein YscB	2.326E+00	0.106	32	1	73	212	39	121	137	83	0.344	0.606
LOKIASV2_2698_ESMFold_hypothetical_protein	AF-A1JU93-F1-model_v4	AF-A1JU93-F1-model_v4 Chaperone protein YscB	2.183E+00	0.106	32	1	73	212	39	121	137	83	0.344	0.606
LOKIASV2_2698_ESMFold_hypothetical_protein	AF-P45265-F1-model_v4	AF-P45265-F1-model_v4 Leucine-responsive regulatory protein	2.326E+00	0.106	32	4	63	212	78	135	166	62	0.283	0.349
LOKIASV2_2698_ESMFold_hypothetical_protein	AF-Q5ZKK4-F1-model_v4	AF-Q5ZKK4-F1-model_v4 LRP chaperone MESD	2.183E+00	0.106	32	3	51	212	97	143	220	49	0.231	0.214
LOKIASV2_2698_ESMFold_hypothetical_protein	AF-Q3T0U1-F1-model_v4	AF-Q3T0U1-F1-model_v4 LRP chaperone MESD	2.183E+00	0.106	32	3	51	212	111	157	232	49	0.231	0.203
LOKIASV2_2698_ESMFold_hypothetical_protein	AF-Q68XT3-F1-model_v4	AF-Q68XT3-F1-model_v4 Probable chromosome-partitioning protein ParB	6.389E+00	0.106	32	12	65	212	230	284	286	55	0.255	0.192
LOKIASV2_2698_ESMFold_hypothetical_protein	AF-P19252-F1-model_v4	AF-P19252-F1-model_v4 Asparagine synthetase, root [glutamine-hydrolyzing]	3.619E+00	0.106	32	2	52	212	1	49	583	51	0.241	0.084
LOKIASV2_2698_ESMFold_hypothetical_protein	AF-P49078-F1-model_v4	AF-P49078-F1-model_v4 Asparagine synthetase [glutamine-hydrolyzing] 1	3.854E+00	0.106	32	4	52	212	3	49	584	49	0.231	0.080
LOKIASV2_2698_ESMFold_hypothetical_protein	AF-Q07YZ4-F1-model_v4	AF-Q07YZ4-F1-model_v4 Elongation factor 4	3.619E+00	0.106	32	3	68	212	294	360	596	75	0.311	0.112
LOKIASV2_2698_ESMFold_hypothetical_protein	AF-A6VLV6-F1-model_v4	AF-A6VLV6-F1-model_v4 Elongation factor 4	4.106E+00	0.106	32	3	68	212	294	360	597	73	0.311	0.112
LOKIASV2_2698_ESMFold_hypothetical_protein	AF-A1K601-F1-model_v4	AF-A1K601-F1-model_v4 Elongation factor 4	4.659E+00	0.106	32	3	66	212	294	355	598	70	0.302	0.104
LOKIASV2_2698_ESMFold_hypothetical_protein	AF-Q5HBH4-F1-model_v4	AF-Q5HBH4-F1-model_v4 Elongation factor 4	4.373E+00	0.106	32	3	66	212	296	357	598	67	0.302	0.104
LOKIASV2_2698_ESMFold_hypothetical_protein	AF-B4RVA8-F1-model_v4	AF-B4RVA8-F1-model_v4 Elongation factor 4	3.397E+00	0.106	32	3	68	212	296	362	598	73	0.311	0.112
LOKIASV2_2698_ESMFold_hypothetical_protein	AF-A9N944-F1-model_v4	AF-A9N944-F1-model_v4 Elongation factor 4	4.106E+00	0.106	32	3	68	212	299	365	602	73	0.311	0.111
LOKIASV2_2698_ESMFold_hypothetical_protein	AF-B8HLK8-F1-model_v4	AF-B8HLK8-F1-model_v4 Elongation factor 4	3.619E+00	0.106	32	3	68	212	299	365	603	75	0.311	0.111
LOKIASV2_2698_ESMFold_hypothetical_protein	AF-A3M7P5-F1-model_v4	AF-A3M7P5-F1-model_v4 Elongation factor 4	3.854E+00	0.106	32	3	68	212	303	369	605	75	0.311	0.111
LOKIASV2_2698_ESMFold_hypothetical_protein	AF-Q7U5L9-F1-model_v4	AF-Q7U5L9-F1-model_v4 Elongation factor 4	3.619E+00	0.106	32	3	68	212	299	365	606	75	0.311	0.111
LOKIASV2_2698_ESMFold_hypothetical_protein	AF-Q0SH84-F1-model_v4	AF-Q0SH84-F1-model_v4 Elongation factor 4	4.373E+00	0.106	32	3	63	212	321	383	630	67	0.288	0.100
LOKIASV2_2698_ESMFold_hypothetical_protein	AF-C8ZDQ3-F1-model_v4	AF-C8ZDQ3-F1-model_v4 Translation factor GUF1, mitochondrial	1.924E+00	0.106	32	3	67	212	339	404	645	72	0.307	0.102
LOKIASV2_2698_ESMFold_hypothetical_protein	AF-A7TPD4-F1-model_v4	AF-A7TPD4-F1-model_v4 Translation factor GUF1, mitochondrial	3.854E+00	0.106	32	3	68	212	342	408	658	71	0.311	0.102
LOKIASV2_2698_ESMFold_hypothetical_protein	AF-Q2S6X1-F1-model_v4	AF-Q2S6X1-F1-model_v4 Elongation factor G 2	2.326E+00	0.106	32	3	63	212	395	455	678	64	0.288	0.090
LOKIASV2_2698_ESMFold_hypothetical_protein	AF-B2A4D6-F1-model_v4	AF-B2A4D6-F1-model_v4 Elongation factor G	1.696E+00	0.106	32	1	65	212	405	466	691	69	0.307	0.090
LOKIASV2_2698_ESMFold_hypothetical_protein	AF-A7HM55-F1-model_v4	AF-A7HM55-F1-model_v4 Elongation factor G	1.806E+00	0.106	32	1	66	212	405	467	691	70	0.311	0.091
LOKIASV2_2698_ESMFold_hypothetical_protein	AF-Q83FP1-F1-model_v4	AF-Q83FP1-F1-model_v4 Elongation factor G	1.592E+00	0.106	32	1	65	212	408	469	701	69	0.307	0.088
LOKIASV2_2698_ESMFold_hypothetical_protein	AF-Q83NA0-F1-model_v4	AF-Q83NA0-F1-model_v4 Elongation factor G	1.806E+00	0.106	32	1	65	212	408	469	701	69	0.307	0.088
LOKIASV2_2698_ESMFold_hypothetical_protein	AF-Q5GWS9-F1-model_v4	AF-Q5GWS9-F1-model_v4 Elongation factor G	2.326E+00	0.106	32	3	65	212	411	470	705	63	0.297	0.085
LOKIASV2_2698_ESMFold_hypothetical_protein	AF-B4PMC6-F1-model_v4	AF-B4PMC6-F1-model_v4 Ribosome-releasing factor 2, mitochondrial	5.286E+00	0.106	32	3	71	212	421	485	712	71	0.325	0.091
LOKIASV2_2698_ESMFold_hypothetical_protein	AF-B6YVG5-F1-model_v4	AF-B6YVG5-F1-model_v4 Elongation factor 2	1.924E+00	0.106	32	2	63	212	387	449	732	65	0.292	0.086
LOKIASV2_2698_ESMFold_hypothetical_protein	AF-B4JSI3-F1-model_v4	AF-B4JSI3-F1-model_v4 Ribosome-releasing factor 2, mitochondrial	4.659E+00	0.106	32	3	71	212	443	507	734	71	0.325	0.089
LOKIASV2_2698_ESMFold_hypothetical_protein	AF-B4NAU8-F1-model_v4	AF-B4NAU8-F1-model_v4 Ribosome-releasing factor 2, mitochondrial	4.962E+00	0.106	32	3	71	212	451	514	741	70	0.325	0.086
LOKIASV2_2698_ESMFold_hypothetical_protein	AF-B3M011-F1-model_v4	AF-B3M011-F1-model_v4 Ribosome-releasing factor 2, mitochondrial	5.630E+00	0.106	32	3	71	212	451	514	741	70	0.325	0.086
LOKIASV2_2698_ESMFold_hypothetical_protein	AF-Q74M52-F1-model_v4	AF-Q74M52-F1-model_v4 Elongation factor 2	2.639E+00	0.106	32	3	66	212	401	462	743	65	0.302	0.083
LOKIASV2_2698_ESMFold_hypothetical_protein	AF-Q61139-F1-model_v4	AF-Q61139-F1-model_v4 Proprotein convertase subtilisin/kexin type 7	5.630E+00	0.106	32	1	55	212	48	101	770	56	0.259	0.070
LOKIASV2_2698_ESMFold_hypothetical_protein	AF-Q10F39-F1-model_v4	AF-Q10F39-F1-model_v4 Protein argonaute 11	1.696E+00	0.106	32	3	55	212	153	207	892	56	0.250	0.062
LOKIASV2_2698_ESMFold_hypothetical_protein	AF-P35195-F1-model_v4	AF-P35195-F1-model_v4 UPF0045 protein ECM15	6.576E-01	0.098	31	1	69	212	1	70	104	74	0.325	0.673
LOKIASV2_2698_ESMFold_hypothetical_protein	AF-Q6CA08-F1-model_v4	AF-Q6CA08-F1-model_v4 Translation machinery-associated protein 22	3.854E+00	0.098	31	17	69	212	119	170	188	56	0.250	0.277
LOKIASV2_2698_ESMFold_hypothetical_protein	AF-Q57581-F1-model_v4	AF-Q57581-F1-model_v4 Translation initiation factor 2 subunit alpha	3.397E+00	0.098	31	2	64	212	177	245	266	72	0.297	0.259
LOKIASV2_2698_ESMFold_hypothetical_protein	AF-Q8U1R5-F1-model_v4	AF-Q8U1R5-F1-model_v4 Translation initiation factor 2 subunit alpha	1.161E+00	0.098	31	4	64	212	174	245	275	72	0.288	0.262
LOKIASV2_2698_ESMFold_hypothetical_protein	AF-Q21412-F1-model_v4	AF-Q21412-F1-model_v4 3'-5' exoribonuclease parn-1	2.050E+00	0.098	31	3	52	212	444	494	566	53	0.236	0.090
LOKIASV2_2698_ESMFold_hypothetical_protein	AF-P49092-F1-model_v4	AF-P49092-F1-model_v4 Asparagine synthetase [glutamine-hydrolyzing] 1	4.962E+00	0.098	31	4	52	212	2	49	586	49	0.231	0.082
LOKIASV2_2698_ESMFold_hypothetical_protein	AF-A1AWP9-F1-model_v4	AF-A1AWP9-F1-model_v4 Elongation factor 4	2.994E+00	0.098	31	3	68	212	294	360	595	73	0.311	0.113
LOKIASV2_2698_ESMFold_hypothetical_protein	AF-B3ESU2-F1-model_v4	AF-B3ESU2-F1-model_v4 Elongation factor 4	5.286E+00	0.098	31	3	66	212	293	354	595	70	0.302	0.104
LOKIASV2_2698_ESMFold_hypothetical_protein	AF-B7VK81-F1-model_v4	AF-B7VK81-F1-model_v4 Elongation factor 4	4.373E+00	0.098	31	3	68	212	294	360	597	75	0.311	0.112
LOKIASV2_2698_ESMFold_hypothetical_protein	AF-Q1BXU3-F1-model_v4	AF-Q1BXU3-F1-model_v4 Elongation factor 4	5.286E+00	0.098	31	3	68	212	294	360	597	71	0.311	0.112
LOKIASV2_2698_ESMFold_hypothetical_protein	AF-Q15R31-F1-model_v4	AF-Q15R31-F1-model_v4 Elongation factor 4	4.373E+00	0.098	31	3	68	212	296	362	598	75	0.311	0.112
LOKIASV2_2698_ESMFold_hypothetical_protein	AF-Q4ZPD8-F1-model_v4	AF-Q4ZPD8-F1-model_v4 Elongation factor 4	4.659E+00	0.098	31	3	68	212	297	363	598	75	0.311	0.112
LOKIASV2_2698_ESMFold_hypothetical_protein	AF-C3K6G8-F1-model_v4	AF-C3K6G8-F1-model_v4 Elongation factor 4	4.659E+00	0.098	31	1	68	212	295	363	599	77	0.321	0.115
LOKIASV2_2698_ESMFold_hypothetical_protein	AF-Q02HR9-F1-model_v4	AF-Q02HR9-F1-model_v4 Elongation factor 4	4.659E+00	0.098	31	3	68	212	297	363	599	75	0.311	0.112
LOKIASV2_2698_ESMFold_hypothetical_protein	AF-Q32CV2-F1-model_v4	AF-Q32CV2-F1-model_v4 Elongation factor 4	4.373E+00	0.098	31	3	68	212	294	360	599	75	0.311	0.112
LOKIASV2_2698_ESMFold_hypothetical_protein	AF-Q21IH3-F1-model_v4	AF-Q21IH3-F1-model_v4 Elongation factor 4	4.659E+00	0.098	31	3	68	212	297	363	599	75	0.311	0.112
LOKIASV2_2698_ESMFold_hypothetical_protein	AF-B5EQB5-F1-model_v4	AF-B5EQB5-F1-model_v4 Elongation factor 4	4.106E+00	0.098	31	3	68	212	297	363	600	75	0.311	0.112
LOKIASV2_2698_ESMFold_hypothetical_protein	AF-B8FUP2-F1-model_v4	AF-B8FUP2-F1-model_v4 Elongation factor 4	6.389E+00	0.098	31	1	71	212	296	364	601	74	0.335	0.115
LOKIASV2_2698_ESMFold_hypothetical_protein	AF-A9KF98-F1-model_v4	AF-A9KF98-F1-model_v4 Elongation factor 4	4.373E+00	0.098	31	3	68	212	299	365	602	73	0.311	0.111
LOKIASV2_2698_ESMFold_hypothetical_protein	AF-A1TLE7-F1-model_v4	AF-A1TLE7-F1-model_v4 Elongation factor 4	3.854E+00	0.098	31	3	68	212	300	366	602	72	0.311	0.111
LOKIASV2_2698_ESMFold_hypothetical_protein	AF-P74751-F1-model_v4	AF-P74751-F1-model_v4 Elongation factor 4	4.106E+00	0.098	31	3	68	212	299	365	603	75	0.311	0.111
LOKIASV2_2698_ESMFold_hypothetical_protein	AF-B2UYA7-F1-model_v4	AF-B2UYA7-F1-model_v4 Elongation factor G	2.326E+00	0.098	31	1	66	212	401	463	688	70	0.311	0.092
LOKIASV2_2698_ESMFold_hypothetical_protein	AF-B1I1I5-F1-model_v4	AF-B1I1I5-F1-model_v4 Elongation factor G	2.050E+00	0.098	31	1	66	212	402	464	689	70	0.311	0.091
LOKIASV2_2698_ESMFold_hypothetical_protein	AF-P38525-F1-model_v4	AF-P38525-F1-model_v4 Elongation factor G	2.811E+00	0.098	31	1	65	212	403	464	692	65	0.307	0.090
LOKIASV2_2698_ESMFold_hypothetical_protein	AF-Q4AAQ6-F1-model_v4	AF-Q4AAQ6-F1-model_v4 Elongation factor G	2.326E+00	0.098	31	1	66	212	401	463	694	70	0.311	0.091
LOKIASV2_2698_ESMFold_hypothetical_protein	AF-Q0AUH7-F1-model_v4	AF-Q0AUH7-F1-model_v4 Elongation factor G 2	3.189E+00	0.098	31	1	65	212	402	467	694	69	0.307	0.095
LOKIASV2_2698_ESMFold_hypothetical_protein	AF-Q11HP9-F1-model_v4	AF-Q11HP9-F1-model_v4 Elongation factor G	1.806E+00	0.098	31	1	65	212	408	469	696	69	0.307	0.089
LOKIASV2_2698_ESMFold_hypothetical_protein	AF-Q0I0A8-F1-model_v4	AF-Q0I0A8-F1-model_v4 Elongation factor G 1	2.183E+00	0.098	31	1	66	212	409	471	698	70	0.311	0.090
LOKIASV2_2698_ESMFold_hypothetical_protein	AF-A4FPM8-F1-model_v4	AF-A4FPM8-F1-model_v4 Elongation factor G	1.696E+00	0.098	31	1	65	212	406	467	700	69	0.307	0.089
LOKIASV2_2698_ESMFold_hypothetical_protein	AF-A5CXN7-F1-model_v4	AF-A5CXN7-F1-model_v4 Elongation factor G	1.924E+00	0.098	31	2	65	212	412	472	700	68	0.302	0.087
LOKIASV2_2698_ESMFold_hypothetical_protein	AF-Q47LJ0-F1-model_v4	AF-Q47LJ0-F1-model_v4 Elongation factor G	1.924E+00	0.098	31	1	65	212	408	469	704	69	0.307	0.088
LOKIASV2_2698_ESMFold_hypothetical_protein	AF-A0B7D5-F1-model_v4	AF-A0B7D5-F1-model_v4 Elongation factor 2	2.639E+00	0.098	31	2	66	212	388	449	730	65	0.307	0.085
LOKIASV2_2698_ESMFold_hypothetical_protein	AF-P61877-F1-model_v4	AF-P61877-F1-model_v4 Elongation factor 2	2.326E+00	0.098	31	2	63	212	387	449	732	65	0.292	0.086
LOKIASV2_2698_ESMFold_hypothetical_protein	AF-A9RFQ5-F1-model_v4	AF-A9RFQ5-F1-model_v4 Translation factor GUF1 homolog, chloroplastic	3.619E+00	0.098	31	3	68	212	429	495	735	72	0.311	0.091
LOKIASV2_2698_ESMFold_hypothetical_protein	AF-A9X185-F1-model_v4	AF-A9X185-F1-model_v4 Oocyte-expressed protein homolog	2.183E+00	0.090	30	4	107	212	49	146	149	113	0.491	0.658
LOKIASV2_2698_ESMFold_hypothetical_protein	AF-A1C8E3-F1-model_v4	AF-A1C8E3-F1-model_v4 Translation machinery-associated protein 22	5.286E+00	0.090	30	24	83	212	128	179	194	62	0.283	0.268
LOKIASV2_2698_ESMFold_hypothetical_protein	AF-A5DGV3-F1-model_v4	AF-A5DGV3-F1-model_v4 Translation machinery-associated protein 22	2.050E+00	0.090	30	17	100	212	117	199	201	94	0.396	0.413
LOKIASV2_2698_ESMFold_hypothetical_protein	AF-B2KAA3-F1-model_v4	AF-B2KAA3-F1-model_v4 Urease accessory protein UreE	7.249E+00	0.090	30	3	65	212	84	144	231	65	0.297	0.264
LOKIASV2_2698_ESMFold_hypothetical_protein	AF-Q39244-F1-model_v4	AF-Q39244-F1-model_v4 U1 small nuclear ribonucleoprotein A	5.286E+00	0.090	30	5	62	212	19	76	250	61	0.274	0.232
LOKIASV2_2698_ESMFold_hypothetical_protein	AF-C5A4Z9-F1-model_v4	AF-C5A4Z9-F1-model_v4 Translation initiation factor 2 subunit alpha	1.696E+00	0.090	30	2	64	212	172	245	273	76	0.297	0.271
LOKIASV2_2698_ESMFold_hypothetical_protein	AF-Q5JE49-F1-model_v4	AF-Q5JE49-F1-model_v4 Translation initiation factor 2 subunit alpha	1.696E+00	0.090	30	4	64	212	174	245	275	74	0.288	0.262
LOKIASV2_2698_ESMFold_hypothetical_protein	AF-Q9RYD8-F1-model_v4	AF-Q9RYD8-F1-model_v4 Probable chromosome 1-partitioning protein ParB	6.389E+00	0.090	30	12	64	212	228	280	288	53	0.250	0.184
LOKIASV2_2698_ESMFold_hypothetical_protein	AF-B5FAH2-F1-model_v4	AF-B5FAH2-F1-model_v4 Elongation factor 4	5.286E+00	0.090	30	3	68	212	294	360	597	75	0.311	0.112
LOKIASV2_2698_ESMFold_hypothetical_protein	AF-Q3JQ75-F1-model_v4	AF-Q3JQ75-F1-model_v4 Elongation factor 4	3.397E+00	0.090	30	3	68	212	294	360	597	72	0.311	0.112
LOKIASV2_2698_ESMFold_hypothetical_protein	AF-Q5P089-F1-model_v4	AF-Q5P089-F1-model_v4 Elongation factor 4	5.630E+00	0.090	30	3	66	212	294	355	598	70	0.302	0.104
LOKIASV2_2698_ESMFold_hypothetical_protein	AF-P60787-F1-model_v4	AF-P60787-F1-model_v4 Elongation factor 4	5.286E+00	0.090	30	3	68	212	294	360	599	73	0.311	0.112
LOKIASV2_2698_ESMFold_hypothetical_protein	AF-B7LUZ5-F1-model_v4	AF-B7LUZ5-F1-model_v4 Elongation factor 4	4.962E+00	0.090	30	3	68	212	294	360	599	75	0.311	0.112
LOKIASV2_2698_ESMFold_hypothetical_protein	AF-A4TKY0-F1-model_v4	AF-A4TKY0-F1-model_v4 Elongation factor 4	4.373E+00	0.090	30	3	68	212	294	360	599	75	0.311	0.112
LOKIASV2_2698_ESMFold_hypothetical_protein	AF-B2TYI0-F1-model_v4	AF-B2TYI0-F1-model_v4 Elongation factor 4	4.962E+00	0.090	30	3	68	212	294	360	599	75	0.311	0.112
LOKIASV2_2698_ESMFold_hypothetical_protein	AF-Q2SL35-F1-model_v4	AF-Q2SL35-F1-model_v4 Elongation factor 4	4.962E+00	0.090	30	1	68	212	295	363	599	77	0.321	0.115
LOKIASV2_2698_ESMFold_hypothetical_protein	AF-B7MYK1-F1-model_v4	AF-B7MYK1-F1-model_v4 Elongation factor 4	5.286E+00	0.090	30	3	68	212	294	360	599	75	0.311	0.112
LOKIASV2_2698_ESMFold_hypothetical_protein	AF-A4SVW0-F1-model_v4	AF-A4SVW0-F1-model_v4 Elongation factor 4	2.811E+00	0.090	30	3	68	212	299	365	601	73	0.311	0.111
LOKIASV2_2698_ESMFold_hypothetical_protein	AF-Q126K0-F1-model_v4	AF-Q126K0-F1-model_v4 Elongation factor 4	3.619E+00	0.090	30	3	68	212	301	367	603	72	0.311	0.111
LOKIASV2_2698_ESMFold_hypothetical_protein	AF-B0JQT7-F1-model_v4	AF-B0JQT7-F1-model_v4 Elongation factor 4	4.659E+00	0.090	30	3	68	212	299	365	603	75	0.311	0.111
LOKIASV2_2698_ESMFold_hypothetical_protein	AF-C4Z541-F1-model_v4	AF-C4Z541-F1-model_v4 Elongation factor 4	4.373E+00	0.090	30	3	68	212	300	366	604	75	0.311	0.111
LOKIASV2_2698_ESMFold_hypothetical_protein	AF-Q0A8Z4-F1-model_v4	AF-Q0A8Z4-F1-model_v4 Elongation factor 4	4.373E+00	0.090	30	1	68	212	320	388	627	77	0.321	0.110
LOKIASV2_2698_ESMFold_hypothetical_protein	AF-P9WK96-F1-model_v4	AF-P9WK96-F1-model_v4 Elongation factor 4	5.998E+00	0.090	30	3	68	212	344	410	653	73	0.311	0.103
LOKIASV2_2698_ESMFold_hypothetical_protein	AF-A9KD34-F1-model_v4	AF-A9KD34-F1-model_v4 Elongation factor G	2.183E+00	0.090	30	1	65	212	411	472	699	69	0.307	0.089
LOKIASV2_2698_ESMFold_hypothetical_protein	AF-A2RP72-F1-model_v4	AF-A2RP72-F1-model_v4 Elongation factor G	1.924E+00	0.090	30	2	65	212	418	478	709	68	0.302	0.086
LOKIASV2_2698_ESMFold_hypothetical_protein	AF-P38741-F1-model_v4	AF-P38741-F1-model_v4 Meiotic activator RIM4	5.286E+00	0.090	30	5	66	212	94	155	713	65	0.292	0.087
LOKIASV2_2698_ESMFold_hypothetical_protein	AF-Q02588-F1-model_v4	AF-Q02588-F1-model_v4 Polyketide synthase CurG	3.854E+00	0.082	29	1	63	212	1	66	107	72	0.297	0.617
LOKIASV2_2698_ESMFold_hypothetical_protein	AF-Q6FXQ4-F1-model_v4	AF-Q6FXQ4-F1-model_v4 Translation machinery-associated protein 22	2.994E+00	0.082	29	8	69	212	97	171	196	75	0.292	0.383
LOKIASV2_2698_ESMFold_hypothetical_protein	AF-Q6UR32-F1-model_v4	AF-Q6UR32-F1-model_v4 Urease accessory protein UreE	8.225E+00	0.082	29	3	65	212	84	144	228	65	0.297	0.268
LOKIASV2_2698_ESMFold_hypothetical_protein	AF-Q6ML86-F1-model_v4	AF-Q6ML86-F1-model_v4 tRNA uridine(34) hydroxylase	2.477E+00	0.082	29	3	67	212	6	70	350	68	0.307	0.186
LOKIASV2_2698_ESMFold_hypothetical_protein	AF-A6LL44-F1-model_v4	AF-A6LL44-F1-model_v4 CinA-like protein	3.854E+00	0.082	29	1	66	212	171	237	401	71	0.311	0.167
LOKIASV2_2698_ESMFold_hypothetical_protein	AF-P49091-F1-model_v4	AF-P49091-F1-model_v4 Asparagine synthetase [glutamine-hydrolyzing]	5.998E+00	0.082	29	4	52	212	3	49	586	49	0.231	0.080
LOKIASV2_2698_ESMFold_hypothetical_protein	AF-P31752-F1-model_v4	AF-P31752-F1-model_v4 Asparagine synthetase [glutamine-hydrolyzing]	5.630E+00	0.082	29	4	52	212	3	49	590	49	0.231	0.080
LOKIASV2_2698_ESMFold_hypothetical_protein	AF-Q5F9P9-F1-model_v4	AF-Q5F9P9-F1-model_v4 Elongation factor 4	9.941E+00	0.082	29	1	66	212	292	355	597	72	0.311	0.107
LOKIASV2_2698_ESMFold_hypothetical_protein	AF-Q9K055-F1-model_v4	AF-Q9K055-F1-model_v4 Elongation factor 4	6.389E+00	0.082	29	1	66	212	292	355	597	72	0.311	0.107
LOKIASV2_2698_ESMFold_hypothetical_protein	AF-Q39I75-F1-model_v4	AF-Q39I75-F1-model_v4 Elongation factor 4	4.106E+00	0.082	29	3	68	212	294	360	597	72	0.311	0.112
LOKIASV2_2698_ESMFold_hypothetical_protein	AF-Q0AF67-F1-model_v4	AF-Q0AF67-F1-model_v4 Elongation factor 4	6.389E+00	0.082	29	3	71	212	295	361	598	73	0.325	0.112
LOKIASV2_2698_ESMFold_hypothetical_protein	AF-B7M8I2-F1-model_v4	AF-B7M8I2-F1-model_v4 Elongation factor 4	6.389E+00	0.082	29	3	68	212	294	360	599	73	0.311	0.112
LOKIASV2_2698_ESMFold_hypothetical_protein	AF-B7UH09-F1-model_v4	AF-B7UH09-F1-model_v4 Elongation factor 4	5.998E+00	0.082	29	3	68	212	294	360	599	75	0.311	0.112
LOKIASV2_2698_ESMFold_hypothetical_protein	AF-B1LP82-F1-model_v4	AF-B1LP82-F1-model_v4 Elongation factor 4	6.389E+00	0.082	29	3	68	212	294	360	599	73	0.311	0.112
LOKIASV2_2698_ESMFold_hypothetical_protein	AF-C4ZYJ2-F1-model_v4	AF-C4ZYJ2-F1-model_v4 Elongation factor 4	5.630E+00	0.082	29	3	68	212	294	360	599	75	0.311	0.112
LOKIASV2_2698_ESMFold_hypothetical_protein	AF-Q1R8G3-F1-model_v4	AF-Q1R8G3-F1-model_v4 Elongation factor 4	6.389E+00	0.082	29	3	68	212	294	360	599	73	0.311	0.112
LOKIASV2_2698_ESMFold_hypothetical_protein	AF-B5Z143-F1-model_v4	AF-B5Z143-F1-model_v4 Elongation factor 4	6.389E+00	0.082	29	3	68	212	294	360	599	73	0.311	0.112
LOKIASV2_2698_ESMFold_hypothetical_protein	AF-B7NRM2-F1-model_v4	AF-B7NRM2-F1-model_v4 Elongation factor 4	5.998E+00	0.082	29	3	68	212	294	360	599	75	0.311	0.112
LOKIASV2_2698_ESMFold_hypothetical_protein	AF-P60785-F1-model_v4	AF-P60785-F1-model_v4 Elongation factor 4	5.998E+00	0.082	29	3	68	212	294	360	599	75	0.311	0.112
LOKIASV2_2698_ESMFold_hypothetical_protein	AF-Q0TER9-F1-model_v4	AF-Q0TER9-F1-model_v4 Elongation factor 4	5.630E+00	0.082	29	3	68	212	294	360	599	73	0.311	0.112
LOKIASV2_2698_ESMFold_hypothetical_protein	AF-Q6MEF3-F1-model_v4	AF-Q6MEF3-F1-model_v4 Elongation factor 4	6.389E+00	0.082	29	3	66	212	299	360	602	67	0.302	0.103
LOKIASV2_2698_ESMFold_hypothetical_protein	AF-A4XKA0-F1-model_v4	AF-A4XKA0-F1-model_v4 Elongation factor 4	6.805E+00	0.082	29	3	68	212	299	365	602	71	0.311	0.111
LOKIASV2_2698_ESMFold_hypothetical_protein	AF-Q3AF13-F1-model_v4	AF-Q3AF13-F1-model_v4 Elongation factor 4	3.854E+00	0.082	29	3	68	212	298	364	603	72	0.311	0.111
LOKIASV2_2698_ESMFold_hypothetical_protein	AF-Q8RB72-F1-model_v4	AF-Q8RB72-F1-model_v4 Elongation factor 4	3.619E+00	0.082	29	1	68	212	296	364	603	74	0.321	0.114
LOKIASV2_2698_ESMFold_hypothetical_protein	AF-B7KJX0-F1-model_v4	AF-B7KJX0-F1-model_v4 Elongation factor 4	3.397E+00	0.082	29	3	68	212	299	365	604	75	0.311	0.111
LOKIASV2_2698_ESMFold_hypothetical_protein	AF-P46943-F1-model_v4	AF-P46943-F1-model_v4 Translation factor GUF1, mitochondrial	3.397E+00	0.082	29	3	67	212	339	404	645	72	0.307	0.102
LOKIASV2_2698_ESMFold_hypothetical_protein	AF-A7A1H2-F1-model_v4	AF-A7A1H2-F1-model_v4 Translation factor GUF1, mitochondrial	3.397E+00	0.082	29	3	67	212	339	404	645	72	0.307	0.102
LOKIASV2_2698_ESMFold_hypothetical_protein	AF-C0R543-F1-model_v4	AF-C0R543-F1-model_v4 Elongation factor G	2.639E+00	0.082	29	2	65	212	403	463	691	68	0.302	0.088
LOKIASV2_2698_ESMFold_hypothetical_protein	AF-Q1D777-F1-model_v4	AF-Q1D777-F1-model_v4 Elongation factor G 2	3.854E+00	0.082	29	2	65	212	409	469	691	64	0.302	0.088
LOKIASV2_2698_ESMFold_hypothetical_protein	AF-Q2GD82-F1-model_v4	AF-Q2GD82-F1-model_v4 Elongation factor G	2.050E+00	0.082	29	4	63	212	406	466	692	65	0.283	0.088
LOKIASV2_2698_ESMFold_hypothetical_protein	AF-Q3A6Q0-F1-model_v4	AF-Q3A6Q0-F1-model_v4 Elongation factor G 2	2.477E+00	0.082	29	1	65	212	403	464	692	69	0.307	0.090
LOKIASV2_2698_ESMFold_hypothetical_protein	AF-A1KB30-F1-model_v4	AF-A1KB30-F1-model_v4 Elongation factor G	2.639E+00	0.082	29	4	65	212	412	470	698	66	0.292	0.085
LOKIASV2_2698_ESMFold_hypothetical_protein	AF-B5ELX6-F1-model_v4	AF-B5ELX6-F1-model_v4 Elongation factor G	1.495E+00	0.082	29	1	63	212	410	473	699	70	0.297	0.092
LOKIASV2_2698_ESMFold_hypothetical_protein	AF-Q7VTD5-F1-model_v4	AF-Q7VTD5-F1-model_v4 Elongation factor G	2.477E+00	0.082	29	1	65	212	409	470	700	69	0.307	0.089
LOKIASV2_2698_ESMFold_hypothetical_protein	AF-A0LRL7-F1-model_v4	AF-A0LRL7-F1-model_v4 Elongation factor G	1.495E+00	0.082	29	1	63	212	406	469	700	70	0.297	0.091
LOKIASV2_2698_ESMFold_hypothetical_protein	AF-Q6MJ13-F1-model_v4	AF-Q6MJ13-F1-model_v4 Elongation factor G 1	2.326E+00	0.082	29	2	63	212	410	472	701	67	0.292	0.090
LOKIASV2_2698_ESMFold_hypothetical_protein	AF-C1N1Y2-F1-model_v4	AF-C1N1Y2-F1-model_v4 Translation factor GUF1 homolog, chloroplastic	5.998E+00	0.082	29	3	68	212	393	459	702	75	0.311	0.095
LOKIASV2_2698_ESMFold_hypothetical_protein	AF-A2SR44-F1-model_v4	AF-A2SR44-F1-model_v4 Elongation factor 1-beta	1.592E+00	0.076	28	1	62	212	1	64	86	69	0.292	0.744
LOKIASV2_2698_ESMFold_hypothetical_protein	AF-O28021-F1-model_v4	AF-O28021-F1-model_v4 Uncharacterized protein AF_2263	4.962E+00	0.076	28	24	95	212	44	112	122	73	0.340	0.566
LOKIASV2_2698_ESMFold_hypothetical_protein	AF-Q6BH22-F1-model_v4	AF-Q6BH22-F1-model_v4 Translation machinery-associated protein 22	3.189E+00	0.076	28	8	71	212	96	170	189	79	0.302	0.397
LOKIASV2_2698_ESMFold_hypothetical_protein	AF-Q75CN1-F1-model_v4	AF-Q75CN1-F1-model_v4 Translation machinery-associated protein 22	3.854E+00	0.076	28	8	69	212	97	171	199	79	0.292	0.377
LOKIASV2_2698_ESMFold_hypothetical_protein	AF-A8FSD4-F1-model_v4	AF-A8FSD4-F1-model_v4 Elongation factor 4	7.721E+00	0.076	28	3	68	212	294	360	596	75	0.311	0.112
LOKIASV2_2698_ESMFold_hypothetical_protein	AF-A1KT27-F1-model_v4	AF-A1KT27-F1-model_v4 Elongation factor 4	8.225E+00	0.076	28	3	66	212	294	355	597	70	0.302	0.104
LOKIASV2_2698_ESMFold_hypothetical_protein	AF-A2S9Z3-F1-model_v4	AF-A2S9Z3-F1-model_v4 Elongation factor 4	4.659E+00	0.076	28	3	68	212	294	360	597	72	0.311	0.112
LOKIASV2_2698_ESMFold_hypothetical_protein	AF-Q31XR8-F1-model_v4	AF-Q31XR8-F1-model_v4 Elongation factor 4	6.805E+00	0.076	28	3	68	212	294	360	599	75	0.311	0.112
LOKIASV2_2698_ESMFold_hypothetical_protein	AF-A1AE99-F1-model_v4	AF-A1AE99-F1-model_v4 Elongation factor 4	7.249E+00	0.076	28	3	68	212	294	360	599	73	0.311	0.112
LOKIASV2_2698_ESMFold_hypothetical_protein	AF-Q57LC8-F1-model_v4	AF-Q57LC8-F1-model_v4 Elongation factor 4	6.805E+00	0.076	28	3	68	212	294	360	599	75	0.311	0.112
LOKIASV2_2698_ESMFold_hypothetical_protein	AF-B7MIQ4-F1-model_v4	AF-B7MIQ4-F1-model_v4 Elongation factor 4	7.249E+00	0.076	28	3	68	212	294	360	599	73	0.311	0.112
LOKIASV2_2698_ESMFold_hypothetical_protein	AF-P0A1W4-F1-model_v4	AF-P0A1W4-F1-model_v4 Elongation factor 4	6.805E+00	0.076	28	3	68	212	294	360	599	75	0.311	0.112
LOKIASV2_2698_ESMFold_hypothetical_protein	AF-B1XB43-F1-model_v4	AF-B1XB43-F1-model_v4 Elongation factor 4	5.998E+00	0.076	28	3	68	212	294	360	599	73	0.311	0.112
LOKIASV2_2698_ESMFold_hypothetical_protein	AF-Q8ZD74-F1-model_v4	AF-Q8ZD74-F1-model_v4 Elongation factor 4	5.630E+00	0.076	28	3	68	212	294	360	599	75	0.311	0.112
LOKIASV2_2698_ESMFold_hypothetical_protein	AF-Q72E76-F1-model_v4	AF-Q72E76-F1-model_v4 Elongation factor 4	6.389E+00	0.076	28	3	68	212	297	363	601	75	0.311	0.111
LOKIASV2_2698_ESMFold_hypothetical_protein	AF-B9MJZ5-F1-model_v4	AF-B9MJZ5-F1-model_v4 Elongation factor 4	7.721E+00	0.076	28	3	68	212	299	365	602	71	0.311	0.111
LOKIASV2_2698_ESMFold_hypothetical_protein	AF-B8I3E6-F1-model_v4	AF-B8I3E6-F1-model_v4 Elongation factor 4	4.659E+00	0.076	28	3	68	212	300	366	602	75	0.311	0.111
LOKIASV2_2698_ESMFold_hypothetical_protein	AF-B0KA85-F1-model_v4	AF-B0KA85-F1-model_v4 Elongation factor 4	4.373E+00	0.076	28	1	68	212	296	364	603	74	0.321	0.114
LOKIASV2_2698_ESMFold_hypothetical_protein	AF-B0K3Y4-F1-model_v4	AF-B0K3Y4-F1-model_v4 Elongation factor 4	4.106E+00	0.076	28	1	68	212	296	364	603	74	0.321	0.114
LOKIASV2_2698_ESMFold_hypothetical_protein	AF-B1V9C5-F1-model_v4	AF-B1V9C5-F1-model_v4 Elongation factor 4	8.225E+00	0.076	28	3	66	212	303	364	605	67	0.302	0.102
LOKIASV2_2698_ESMFold_hypothetical_protein	AF-C5M6K8-F1-model_v4	AF-C5M6K8-F1-model_v4 Translation factor GUF1, mitochondrial	2.994E+00	0.076	28	3	68	212	347	413	653	73	0.311	0.103
LOKIASV2_2698_ESMFold_hypothetical_protein	AF-P60791-F1-model_v4	AF-P60791-F1-model_v4 Elongation factor 4	8.761E+00	0.076	28	3	68	212	351	417	660	73	0.311	0.102
LOKIASV2_2698_ESMFold_hypothetical_protein	AF-Q5VQ69-F1-model_v4	AF-Q5VQ69-F1-model_v4 Translation factor GUF1 homolog, mitochondrial	7.249E+00	0.076	28	3	66	212	356	417	663	70	0.302	0.094
LOKIASV2_2698_ESMFold_hypothetical_protein	AF-Q8K948-F1-model_v4	AF-Q8K948-F1-model_v4 Elongation factor G	2.994E+00	0.076	28	2	65	212	412	472	702	68	0.302	0.087
LOKIASV2_2698_ESMFold_hypothetical_protein	AF-B8DTV6-F1-model_v4	AF-B8DTV6-F1-model_v4 Elongation factor G	2.994E+00	0.076	28	1	65	212	416	477	709	69	0.307	0.087
LOKIASV2_2698_ESMFold_hypothetical_protein	AF-Q6DJB9-F1-model_v4	AF-Q6DJB9-F1-model_v4 Protein argonaute-2	2.477E+00	0.076	28	4	53	212	57	106	871	55	0.236	0.057
LOKIASV2_2698_ESMFold_hypothetical_protein	AF-A6NGQ2-F1-model_v4	AF-A6NGQ2-F1-model_v4 Oocyte-expressed protein homolog	2.326E+00	0.069	27	27	107	212	69	146	149	83	0.382	0.523
LOKIASV2_2698_ESMFold_hypothetical_protein	AF-Q9V029-F1-model_v4	AF-Q9V029-F1-model_v4 Uncharacterized HTH-type transcriptional regulator PYRAB09690	4.659E+00	0.069	27	3	65	212	64	130	162	68	0.297	0.414
LOKIASV2_2698_ESMFold_hypothetical_protein	AF-Q8U2H1-F1-model_v4	AF-Q8U2H1-F1-model_v4 Uncharacterized HTH-type transcriptional regulator PF0864	2.994E+00	0.069	27	3	65	212	64	130	162	70	0.297	0.414
LOKIASV2_2698_ESMFold_hypothetical_protein	AF-P47089-F1-model_v4	AF-P47089-F1-model_v4 Translation machinery-associated protein 22	4.373E+00	0.069	27	8	69	212	99	173	198	79	0.292	0.379
LOKIASV2_2698_ESMFold_hypothetical_protein	AF-Q6CJ30-F1-model_v4	AF-Q6CJ30-F1-model_v4 Translation machinery-associated protein 22	4.373E+00	0.069	27	8	69	212	95	169	200	79	0.292	0.375
LOKIASV2_2698_ESMFold_hypothetical_protein	AF-Q58498-F1-model_v4	AF-Q58498-F1-model_v4 Uncharacterized protein MJ1098	2.811E+00	0.069	27	2	57	212	161	219	254	69	0.264	0.232
LOKIASV2_2698_ESMFold_hypothetical_protein	AF-O32138-F1-model_v4	AF-O32138-F1-model_v4 Purine catabolism regulatory protein	1.161E+00	0.069	27	3	201	212	302	522	531	256	0.939	0.416
LOKIASV2_2698_ESMFold_hypothetical_protein	AF-B4RK41-F1-model_v4	AF-B4RK41-F1-model_v4 Elongation factor 4	8.761E+00	0.069	27	1	66	212	292	355	597	72	0.311	0.107
LOKIASV2_2698_ESMFold_hypothetical_protein	AF-A1V6B9-F1-model_v4	AF-A1V6B9-F1-model_v4 Elongation factor 4	5.286E+00	0.069	27	3	68	212	294	360	597	72	0.311	0.112
LOKIASV2_2698_ESMFold_hypothetical_protein	AF-A9M3J8-F1-model_v4	AF-A9M3J8-F1-model_v4 Elongation factor 4	8.761E+00	0.069	27	1	66	212	292	355	597	72	0.311	0.107
LOKIASV2_2698_ESMFold_hypothetical_protein	AF-A6H1S4-F1-model_v4	AF-A6H1S4-F1-model_v4 Elongation factor 4	7.249E+00	0.069	27	3	66	212	293	354	598	67	0.302	0.104
LOKIASV2_2698_ESMFold_hypothetical_protein	AF-B4TE17-F1-model_v4	AF-B4TE17-F1-model_v4 Elongation factor 4	8.225E+00	0.069	27	3	68	212	294	360	599	75	0.311	0.112
LOKIASV2_2698_ESMFold_hypothetical_protein	AF-A7MH13-F1-model_v4	AF-A7MH13-F1-model_v4 Elongation factor 4	5.998E+00	0.069	27	3	68	212	294	360	599	75	0.311	0.112
LOKIASV2_2698_ESMFold_hypothetical_protein	AF-A6TSM4-F1-model_v4	AF-A6TSM4-F1-model_v4 Elongation factor 4	8.225E+00	0.069	27	1	68	212	297	365	602	73	0.321	0.115
LOKIASV2_2698_ESMFold_hypothetical_protein	AF-Q5X443-F1-model_v4	AF-Q5X443-F1-model_v4 Elongation factor 4	3.397E+00	0.069	27	3	68	212	306	372	610	73	0.311	0.110
LOKIASV2_2698_ESMFold_hypothetical_protein	AF-A5ID24-F1-model_v4	AF-A5ID24-F1-model_v4 Elongation factor 4	3.397E+00	0.069	27	3	68	212	306	372	610	73	0.311	0.110
LOKIASV2_2698_ESMFold_hypothetical_protein	AF-Q5GSU1-F1-model_v4	AF-Q5GSU1-F1-model_v4 Elongation factor G	2.183E+00	0.069	27	3	63	212	404	465	688	68	0.288	0.090
LOKIASV2_2698_ESMFold_hypothetical_protein	AF-Q9JX07-F1-model_v4	AF-Q9JX07-F1-model_v4 Elongation factor G	1.924E+00	0.069	27	1	63	212	410	473	701	70	0.297	0.091
LOKIASV2_2698_ESMFold_hypothetical_protein	AF-Q5LMR4-F1-model_v4	AF-Q5LMR4-F1-model_v4 Elongation factor G	4.962E+00	0.069	27	3	63	212	419	480	705	65	0.288	0.088
LOKIASV2_2698_ESMFold_hypothetical_protein	AF-P0C117-F1-model_v4	AF-P0C117-F1-model_v4 Protein translocase subunit SecDF	4.962E+00	0.069	27	2	52	212	490	535	758	53	0.241	0.061
LOKIASV2_2698_ESMFold_hypothetical_protein	AF-Q8CJF8-F1-model_v4	AF-Q8CJF8-F1-model_v4 Protein argonaute-4	3.397E+00	0.069	27	4	53	212	45	94	861	53	0.236	0.058
LOKIASV2_2698_ESMFold_hypothetical_protein	AF-Q4KLV6-F1-model_v4	AF-Q4KLV6-F1-model_v4 Protein argonaute-4	3.189E+00	0.069	27	4	53	212	68	117	884	53	0.236	0.057
LOKIASV2_2698_ESMFold_hypothetical_protein	AF-Q852N2-F1-model_v4	AF-Q852N2-F1-model_v4 Protein argonaute 13	4.659E+00	0.069	27	4	55	212	30	81	1192	55	0.245	0.044
LOKIASV2_2698_ESMFold_hypothetical_protein	AF-O55207-F1-model_v4	AF-O55207-F1-model_v4 Synaptojanin-2	7.249E+00	0.069	27	5	64	212	908	967	1496	63	0.283	0.040
LOKIASV2_2698_ESMFold_hypothetical_protein	AF-P44649-F1-model_v4	AF-P44649-F1-model_v4 Uncharacterized protein HI_0341	6.805E+00	0.063	26	3	55	212	20	73	114	56	0.250	0.474
LOKIASV2_2698_ESMFold_hypothetical_protein	AF-A7TES6-F1-model_v4	AF-A7TES6-F1-model_v4 Translation machinery-associated protein 22	3.854E+00	0.063	26	8	69	212	98	172	206	75	0.292	0.364
LOKIASV2_2698_ESMFold_hypothetical_protein	AF-Q2GFU2-F1-model_v4	AF-Q2GFU2-F1-model_v4 tRNA uridine(34) hydroxylase	2.811E+00	0.063	26	2	64	212	1	61	275	67	0.297	0.222
LOKIASV2_2698_ESMFold_hypothetical_protein	AF-Q9X234-F1-model_v4	AF-Q9X234-F1-model_v4 Probable cell division protein WhiA	5.630E+00	0.063	26	21	79	212	141	215	295	75	0.278	0.254
LOKIASV2_2698_ESMFold_hypothetical_protein	AF-Q6ZSC3-F1-model_v4	AF-Q6ZSC3-F1-model_v4 RNA-binding protein 43	4.659E+00	0.063	26	5	58	212	16	72	357	61	0.255	0.160
LOKIASV2_2698_ESMFold_hypothetical_protein	AF-A9X7L0-F1-model_v4	AF-A9X7L0-F1-model_v4 Anthranilate N-methyltransferase	6.805E+00	0.063	26	22	54	212	79	111	364	33	0.156	0.091
LOKIASV2_2698_ESMFold_hypothetical_protein	AF-A9ML47-F1-model_v4	AF-A9ML47-F1-model_v4 Putative glutamate--cysteine ligase 2	9.332E+00	0.063	26	4	53	212	16	64	372	51	0.236	0.132
LOKIASV2_2698_ESMFold_hypothetical_protein	AF-A5UKU4-F1-model_v4	AF-A5UKU4-F1-model_v4 Probable tRNA sulfurtransferase	7.721E+00	0.063	26	1	58	212	1	56	381	58	0.274	0.147
LOKIASV2_2698_ESMFold_hypothetical_protein	AF-A9NHG7-F1-model_v4	AF-A9NHG7-F1-model_v4 Probable tRNA sulfurtransferase	4.106E+00	0.063	26	2	54	212	1	54	412	55	0.250	0.131
LOKIASV2_2698_ESMFold_hypothetical_protein	AF-Q89B00-F1-model_v4	AF-Q89B00-F1-model_v4 Flagellar M-ring protein	4.962E+00	0.063	26	1	66	212	48	105	555	67	0.311	0.105
LOKIASV2_2698_ESMFold_hypothetical_protein	AF-O24661-F1-model_v4	AF-O24661-F1-model_v4 Asparagine synthetase [glutamine-hydrolyzing]	8.761E+00	0.063	26	4	52	212	3	49	586	49	0.231	0.080
LOKIASV2_2698_ESMFold_hypothetical_protein	AF-Q0K8N0-F1-model_v4	AF-Q0K8N0-F1-model_v4 Elongation factor 4	5.630E+00	0.063	26	3	68	212	294	360	597	72	0.311	0.112
LOKIASV2_2698_ESMFold_hypothetical_protein	AF-B1YVM2-F1-model_v4	AF-B1YVM2-F1-model_v4 Elongation factor 4	4.106E+00	0.063	26	3	68	212	294	360	597	73	0.311	0.112
LOKIASV2_2698_ESMFold_hypothetical_protein	AF-Q3YYU7-F1-model_v4	AF-Q3YYU7-F1-model_v4 Elongation factor 4	8.761E+00	0.063	26	3	68	212	294	360	599	73	0.311	0.112
LOKIASV2_2698_ESMFold_hypothetical_protein	AF-C6DC02-F1-model_v4	AF-C6DC02-F1-model_v4 Elongation factor 4	4.962E+00	0.063	26	3	68	212	294	360	599	75	0.311	0.112
LOKIASV2_2698_ESMFold_hypothetical_protein	AF-Q1CKE6-F1-model_v4	AF-Q1CKE6-F1-model_v4 Elongation factor 4	4.962E+00	0.063	26	3	68	212	294	360	599	75	0.311	0.112
LOKIASV2_2698_ESMFold_hypothetical_protein	AF-Q254E1-F1-model_v4	AF-Q254E1-F1-model_v4 Elongation factor 4	8.225E+00	0.063	26	3	63	212	300	362	602	68	0.288	0.105
LOKIASV2_2698_ESMFold_hypothetical_protein	AF-B9MDP9-F1-model_v4	AF-B9MDP9-F1-model_v4 Elongation factor 4	6.389E+00	0.063	26	3	68	212	300	366	602	72	0.311	0.111
LOKIASV2_2698_ESMFold_hypothetical_protein	AF-Q2JQ51-F1-model_v4	AF-Q2JQ51-F1-model_v4 Elongation factor 4	5.286E+00	0.063	26	3	68	212	299	365	603	75	0.311	0.111
LOKIASV2_2698_ESMFold_hypothetical_protein	AF-B8D7F7-F1-model_v4	AF-B8D7F7-F1-model_v4 Elongation factor 4	4.962E+00	0.063	26	3	68	212	307	373	610	73	0.311	0.110
LOKIASV2_2698_ESMFold_hypothetical_protein	AF-C5DN84-F1-model_v4	AF-C5DN84-F1-model_v4 Translation factor GUF1, mitochondrial	5.998E+00	0.063	26	3	53	212	334	382	640	55	0.241	0.077
LOKIASV2_2698_ESMFold_hypothetical_protein	AF-A6QLJ3-F1-model_v4	AF-A6QLJ3-F1-model_v4 Translation factor GUF1, mitochondrial	3.189E+00	0.063	26	3	68	212	356	422	669	73	0.311	0.100
LOKIASV2_2698_ESMFold_hypothetical_protein	AF-Q2IXR3-F1-model_v4	AF-Q2IXR3-F1-model_v4 Elongation factor G	2.050E+00	0.063	26	3	68	212	404	469	690	73	0.311	0.096
LOKIASV2_2698_ESMFold_hypothetical_protein	AF-B1ZLK1-F1-model_v4	AF-B1ZLK1-F1-model_v4 Elongation factor G	2.326E+00	0.063	26	3	68	212	405	470	691	73	0.311	0.096
LOKIASV2_2698_ESMFold_hypothetical_protein	AF-Q1H4P0-F1-model_v4	AF-Q1H4P0-F1-model_v4 Elongation factor G	2.326E+00	0.063	26	2	63	212	410	472	697	69	0.292	0.090
LOKIASV2_2698_ESMFold_hypothetical_protein	AF-Q605A9-F1-model_v4	AF-Q605A9-F1-model_v4 Elongation factor G 2	2.811E+00	0.063	26	2	63	212	410	472	698	69	0.292	0.090
LOKIASV2_2698_ESMFold_hypothetical_protein	AF-B7J464-F1-model_v4	AF-B7J464-F1-model_v4 Elongation factor G	2.477E+00	0.063	26	2	63	212	411	473	699	69	0.292	0.090
LOKIASV2_2698_ESMFold_hypothetical_protein	AF-Q9I244-F1-model_v4	AF-Q9I244-F1-model_v4 Elongation factor G 2	3.397E+00	0.063	26	3	52	212	612	655	702	52	0.236	0.063
LOKIASV2_2698_ESMFold_hypothetical_protein	AF-Q89AR4-F1-model_v4	AF-Q89AR4-F1-model_v4 Bifunctional aspartokinase/homoserine dehydrogenase	4.373E+00	0.063	26	3	72	212	314	385	816	75	0.330	0.088
LOKIASV2_2698_ESMFold_hypothetical_protein	AF-Q9UL18-F1-model_v4	AF-Q9UL18-F1-model_v4 Protein argonaute-1	3.854E+00	0.063	26	4	53	212	53	102	857	55	0.236	0.058
LOKIASV2_2698_ESMFold_hypothetical_protein	AF-Q9SMX9-F1-model_v4	AF-Q9SMX9-F1-model_v4 Squamosa promoter-binding-like protein 1	4.962E+00	0.063	26	3	64	212	361	422	881	64	0.292	0.070
LOKIASV2_2698_ESMFold_hypothetical_protein	AF-P38521-F1-model_v4	AF-P38521-F1-model_v4 Uncharacterized protein YggL	5.998E+00	0.057	25	3	69	212	19	92	108	75	0.316	0.685
LOKIASV2_2698_ESMFold_hypothetical_protein	AF-P0ACN2-F1-model_v4	AF-P0ACN2-F1-model_v4 Uncharacterized HTH-type transcriptional regulator YtfH	2.639E+00	0.057	25	15	80	212	55	121	126	68	0.311	0.532
LOKIASV2_2698_ESMFold_hypothetical_protein	AF-Q587J8-F1-model_v4	AF-Q587J8-F1-model_v4 KH domain-containing protein 3	4.106E+00	0.057	25	4	98	212	42	137	217	106	0.448	0.442
LOKIASV2_2698_ESMFold_hypothetical_protein	AF-Q47EG0-F1-model_v4	AF-Q47EG0-F1-model_v4 Elongation factor 4	6.805E+00	0.057	25	3	68	212	294	360	596	75	0.311	0.112
LOKIASV2_2698_ESMFold_hypothetical_protein	AF-Q46Z15-F1-model_v4	AF-Q46Z15-F1-model_v4 Elongation factor 4	6.805E+00	0.057	25	3	68	212	294	360	597	72	0.311	0.112
LOKIASV2_2698_ESMFold_hypothetical_protein	AF-A0M6M2-F1-model_v4	AF-A0M6M2-F1-model_v4 Elongation factor 4	9.941E+00	0.057	25	3	66	212	293	354	598	67	0.302	0.104
LOKIASV2_2698_ESMFold_hypothetical_protein	AF-A9A0N0-F1-model_v4	AF-A9A0N0-F1-model_v4 Elongation factor 4	8.225E+00	0.057	25	3	68	212	294	360	598	75	0.311	0.112
LOKIASV2_2698_ESMFold_hypothetical_protein	AF-Q7N1X3-F1-model_v4	AF-Q7N1X3-F1-model_v4 Elongation factor 4	5.998E+00	0.057	25	3	68	212	294	360	598	73	0.311	0.112
LOKIASV2_2698_ESMFold_hypothetical_protein	AF-B1JRC5-F1-model_v4	AF-B1JRC5-F1-model_v4 Elongation factor 4	5.630E+00	0.057	25	3	68	212	294	360	599	73	0.311	0.112
LOKIASV2_2698_ESMFold_hypothetical_protein	AF-A6TCI3-F1-model_v4	AF-A6TCI3-F1-model_v4 Elongation factor 4	5.630E+00	0.057	25	3	68	212	294	360	599	73	0.311	0.112
LOKIASV2_2698_ESMFold_hypothetical_protein	AF-C5BRN3-F1-model_v4	AF-C5BRN3-F1-model_v4 Elongation factor 4	5.630E+00	0.057	25	3	68	212	297	363	599	73	0.311	0.112
LOKIASV2_2698_ESMFold_hypothetical_protein	AF-Q04SN9-F1-model_v4	AF-Q04SN9-F1-model_v4 Elongation factor 4	5.286E+00	0.057	25	3	68	212	298	364	601	75	0.311	0.111
LOKIASV2_2698_ESMFold_hypothetical_protein	AF-A3DF29-F1-model_v4	AF-A3DF29-F1-model_v4 Elongation factor 4	9.332E+00	0.057	25	3	68	212	300	366	603	72	0.311	0.111
LOKIASV2_2698_ESMFold_hypothetical_protein	AF-B8D953-F1-model_v4	AF-B8D953-F1-model_v4 Elongation factor 4	5.286E+00	0.057	25	3	68	212	307	373	610	73	0.311	0.110
LOKIASV2_2698_ESMFold_hypothetical_protein	AF-P57348-F1-model_v4	AF-P57348-F1-model_v4 Elongation factor 4	5.630E+00	0.057	25	3	68	212	307	373	610	73	0.311	0.110
LOKIASV2_2698_ESMFold_hypothetical_protein	AF-Q9NXZ2-F1-model_v4	AF-Q9NXZ2-F1-model_v4 Probable ATP-dependent RNA helicase DDX43	7.249E+00	0.057	25	2	81	212	67	143	648	80	0.377	0.119
LOKIASV2_2698_ESMFold_hypothetical_protein	AF-Q59P53-F1-model_v4	AF-Q59P53-F1-model_v4 Translation factor GUF1, mitochondrial	5.286E+00	0.057	25	3	68	212	348	414	654	73	0.311	0.102
LOKIASV2_2698_ESMFold_hypothetical_protein	AF-Q73IX7-F1-model_v4	AF-Q73IX7-F1-model_v4 Elongation factor G	2.994E+00	0.057	25	3	63	212	404	465	691	68	0.288	0.090
LOKIASV2_2698_ESMFold_hypothetical_protein	AF-A7AQ93-F1-model_v4	AF-A7AQ93-F1-model_v4 Translation factor GUF1 homolog, mitochondrial	8.761E+00	0.057	25	3	66	212	401	462	705	68	0.302	0.088
LOKIASV2_2698_ESMFold_hypothetical_protein	AF-Q6CK29-F1-model_v4	AF-Q6CK29-F1-model_v4 Ribosome-releasing factor 2, mitochondrial	9.332E+00	0.057	25	3	66	212	451	511	800	65	0.302	0.076
LOKIASV2_2698_ESMFold_hypothetical_protein	AF-Q8CJG1-F1-model_v4	AF-Q8CJG1-F1-model_v4 Protein argonaute-1	4.106E+00	0.057	25	4	53	212	53	102	857	55	0.236	0.058
LOKIASV2_2698_ESMFold_hypothetical_protein	AF-Q700C2-F1-model_v4	AF-Q700C2-F1-model_v4 Squamosa promoter-binding-like protein 16	5.630E+00	0.057	25	3	80	212	469	543	988	81	0.368	0.076
LOKIASV2_2698_ESMFold_hypothetical_protein	AF-B8GF55-F1-model_v4	AF-B8GF55-F1-model_v4 Elongation factor 1-beta	2.183E+00	0.051	24	1	51	212	1	50	85	55	0.241	0.588
LOKIASV2_2698_ESMFold_hypothetical_protein	AF-Q8J1F7-F1-model_v4	AF-Q8J1F7-F1-model_v4 UPF0045 protein ECM15	2.326E+00	0.051	24	1	68	212	1	69	105	73	0.321	0.657
LOKIASV2_2698_ESMFold_hypothetical_protein	AF-P42406-F1-model_v4	AF-P42406-F1-model_v4 HTH-type transcriptional activator HxlR	3.397E+00	0.051	24	17	91	212	49	119	120	75	0.354	0.592
LOKIASV2_2698_ESMFold_hypothetical_protein	AF-Q9CQI7-F1-model_v4	AF-Q9CQI7-F1-model_v4 U2 small nuclear ribonucleoprotein B''	3.189E+00	0.051	24	5	141	212	8	106	225	144	0.646	0.440
LOKIASV2_2698_ESMFold_hypothetical_protein	AF-Q9HQS9-F1-model_v4	AF-Q9HQS9-F1-model_v4 GTP cyclohydrolase III 2	7.721E+00	0.051	24	4	60	212	133	200	253	69	0.269	0.269
LOKIASV2_2698_ESMFold_hypothetical_protein	AF-Q3YSP9-F1-model_v4	AF-Q3YSP9-F1-model_v4 tRNA uridine(34) hydroxylase	7.249E+00	0.051	24	2	64	212	1	60	274	64	0.297	0.219
LOKIASV2_2698_ESMFold_hypothetical_protein	AF-Q5HV18-F1-model_v4	AF-Q5HV18-F1-model_v4 Methionine import ATP-binding protein MetN	8.225E+00	0.051	24	3	68	212	263	327	336	75	0.311	0.193
LOKIASV2_2698_ESMFold_hypothetical_protein	AF-Q9ZJZ7-F1-model_v4	AF-Q9ZJZ7-F1-model_v4 Aspartokinase	3.397E+00	0.051	24	3	73	212	263	328	405	77	0.335	0.163
LOKIASV2_2698_ESMFold_hypothetical_protein	AF-P56865-F1-model_v4	AF-P56865-F1-model_v4 Elongation factor 4	7.721E+00	0.051	24	3	68	212	294	360	597	75	0.311	0.112
LOKIASV2_2698_ESMFold_hypothetical_protein	AF-Q0BH06-F1-model_v4	AF-Q0BH06-F1-model_v4 Elongation factor 4	6.805E+00	0.051	24	3	68	212	294	360	597	73	0.311	0.112
LOKIASV2_2698_ESMFold_hypothetical_protein	AF-Q7WD30-F1-model_v4	AF-Q7WD30-F1-model_v4 Elongation factor 4	6.389E+00	0.051	24	3	68	212	294	360	597	73	0.311	0.112
LOKIASV2_2698_ESMFold_hypothetical_protein	AF-B8ENL1-F1-model_v4	AF-B8ENL1-F1-model_v4 Elongation factor 4	4.373E+00	0.051	24	3	52	212	406	448	601	51	0.236	0.072
LOKIASV2_2698_ESMFold_hypothetical_protein	AF-B0TAD2-F1-model_v4	AF-B0TAD2-F1-model_v4 Elongation factor 4	6.805E+00	0.051	24	1	68	212	296	364	601	74	0.321	0.115
LOKIASV2_2698_ESMFold_hypothetical_protein	AF-C4Y8M4-F1-model_v4	AF-C4Y8M4-F1-model_v4 Translation factor GUF1, mitochondrial	5.286E+00	0.051	24	3	68	212	357	423	664	73	0.311	0.101
LOKIASV2_2698_ESMFold_hypothetical_protein	AF-Q2GFN5-F1-model_v4	AF-Q2GFN5-F1-model_v4 Elongation factor G	3.397E+00	0.051	24	3	63	212	405	466	690	68	0.288	0.090
LOKIASV2_2698_ESMFold_hypothetical_protein	AF-B2S682-F1-model_v4	AF-B2S682-F1-model_v4 Elongation factor G	4.106E+00	0.051	24	3	63	212	409	470	694	68	0.288	0.089
LOKIASV2_2698_ESMFold_hypothetical_protein	AF-Q3JV86-F1-model_v4	AF-Q3JV86-F1-model_v4 Elongation factor G 1	3.854E+00	0.051	24	1	63	212	410	473	704	70	0.297	0.091
LOKIASV2_2698_ESMFold_hypothetical_protein	AF-P42113-F1-model_v4	AF-P42113-F1-model_v4 Asparagine synthetase [glutamine-hydrolyzing] 2	9.941E+00	0.051	24	4	53	212	3	52	747	50	0.236	0.067
LOKIASV2_2698_ESMFold_hypothetical_protein	AF-P84738-F1-model_v4	AF-P84738-F1-model_v4 Photoactivated adenylate cyclase subunit alpha-like protein 1224-5/1F	7.721E+00	0.051	24	2	52	212	465	517	1019	54	0.241	0.052
LOKIASV2_2698_ESMFold_hypothetical_protein	AF-P72699-F1-model_v4	AF-P72699-F1-model_v4 UPF0045 protein sll0230	6.389E+00	0.045	23	3	141	212	22	120	121	144	0.656	0.818
LOKIASV2_2698_ESMFold_hypothetical_protein	AF-Q7A732-F1-model_v4	AF-Q7A732-F1-model_v4 Transcriptional regulator SarA	5.630E+00	0.045	23	17	85	212	61	123	124	69	0.325	0.508
LOKIASV2_2698_ESMFold_hypothetical_protein	AF-P0ACN3-F1-model_v4	AF-P0ACN3-F1-model_v4 Uncharacterized HTH-type transcriptional regulator YtfH	4.373E+00	0.045	23	17	86	212	57	123	126	70	0.330	0.532
LOKIASV2_2698_ESMFold_hypothetical_protein	AF-Q0ZFW8-F1-model_v4	AF-Q0ZFW8-F1-model_v4 Oocyte-expressed protein	4.659E+00	0.045	23	27	103	212	69	142	149	79	0.363	0.497
LOKIASV2_2698_ESMFold_hypothetical_protein	AF-A3LSY0-F1-model_v4	AF-A3LSY0-F1-model_v4 Translation machinery-associated protein 22	6.389E+00	0.045	23	8	68	212	94	167	195	78	0.288	0.379
LOKIASV2_2698_ESMFold_hypothetical_protein	AF-A1L243-F1-model_v4	AF-A1L243-F1-model_v4 LRP chaperone MESD	9.332E+00	0.045	23	3	51	212	93	139	206	49	0.231	0.228
LOKIASV2_2698_ESMFold_hypothetical_protein	AF-Q6UR75-F1-model_v4	AF-Q6UR75-F1-model_v4 Urease accessory protein UreE	8.225E+00	0.045	23	3	65	212	83	144	227	67	0.297	0.273
LOKIASV2_2698_ESMFold_hypothetical_protein	AF-Q6UR83-F1-model_v4	AF-Q6UR83-F1-model_v4 Urease accessory protein UreE	8.225E+00	0.045	23	3	65	212	83	144	230	67	0.297	0.270
LOKIASV2_2698_ESMFold_hypothetical_protein	AF-C4Z4T8-F1-model_v4	AF-C4Z4T8-F1-model_v4 Probable cell division protein WhiA	8.761E+00	0.045	23	5	64	212	45	100	317	68	0.283	0.177
LOKIASV2_2698_ESMFold_hypothetical_protein	AF-Q4PGU6-F1-model_v4	AF-Q4PGU6-F1-model_v4 Pre-mRNA-splicing factor SLT11	6.389E+00	0.045	23	3	58	212	226	281	324	58	0.264	0.173
LOKIASV2_2698_ESMFold_hypothetical_protein	AF-Q62LT1-F1-model_v4	AF-Q62LT1-F1-model_v4 Elongation factor 4	7.721E+00	0.045	23	3	68	212	294	360	597	73	0.311	0.112
LOKIASV2_2698_ESMFold_hypothetical_protein	AF-B2JFK0-F1-model_v4	AF-B2JFK0-F1-model_v4 Elongation factor 4	7.249E+00	0.045	23	3	68	212	294	360	597	73	0.311	0.112
LOKIASV2_2698_ESMFold_hypothetical_protein	AF-A0K5V7-F1-model_v4	AF-A0K5V7-F1-model_v4 Elongation factor 4	7.721E+00	0.045	23	3	68	212	294	360	597	73	0.311	0.112
LOKIASV2_2698_ESMFold_hypothetical_protein	AF-P60786-F1-model_v4	AF-P60786-F1-model_v4 Elongation factor 4	8.225E+00	0.045	23	3	68	212	294	360	599	73	0.311	0.112
LOKIASV2_2698_ESMFold_hypothetical_protein	AF-C0M8H9-F1-model_v4	AF-C0M8H9-F1-model_v4 Elongation factor 4	3.189E+00	0.045	23	3	51	212	410	451	610	50	0.231	0.069
LOKIASV2_2698_ESMFold_hypothetical_protein	AF-C0SHD5-F1-model_v4	AF-C0SHD5-F1-model_v4 Translation factor GUF1, mitochondrial	6.389E+00	0.045	23	1	65	212	351	417	658	73	0.307	0.102
LOKIASV2_2698_ESMFold_hypothetical_protein	AF-A5DG70-F1-model_v4	AF-A5DG70-F1-model_v4 Translation factor GUF1, mitochondrial	4.373E+00	0.045	23	3	53	212	466	511	662	57	0.241	0.069
LOKIASV2_2698_ESMFold_hypothetical_protein	AF-A8EXK1-F1-model_v4	AF-A8EXK1-F1-model_v4 Elongation factor G	4.659E+00	0.045	23	3	63	212	405	466	690	68	0.288	0.090
LOKIASV2_2698_ESMFold_hypothetical_protein	AF-Q8G075-F1-model_v4	AF-Q8G075-F1-model_v4 Elongation factor G	4.962E+00	0.045	23	3	63	212	409	470	694	68	0.288	0.089
LOKIASV2_2698_ESMFold_hypothetical_protein	AF-A6KYJ7-F1-model_v4	AF-A6KYJ7-F1-model_v4 Elongation factor G	9.332E+00	0.045	23	1	66	212	407	469	705	70	0.311	0.089
LOKIASV2_2698_ESMFold_hypothetical_protein	AF-A7TQJ9-F1-model_v4	AF-A7TQJ9-F1-model_v4 Ribosome-releasing factor 2, mitochondrial	6.805E+00	0.045	23	2	63	212	448	510	799	67	0.292	0.079
LOKIASV2_2698_ESMFold_hypothetical_protein	AF-Q6FLG2-F1-model_v4	AF-Q6FLG2-F1-model_v4 Ribosome-releasing factor 2, mitochondrial	9.332E+00	0.045	23	3	63	212	462	521	807	63	0.288	0.074
LOKIASV2_2698_ESMFold_hypothetical_protein	AF-A6ZQM4-F1-model_v4	AF-A6ZQM4-F1-model_v4 Ribosome-releasing factor 2, mitochondrial	6.805E+00	0.045	23	2	63	212	470	530	819	64	0.292	0.074
LOKIASV2_2698_ESMFold_hypothetical_protein	AF-A4HAG7-F1-model_v4	AF-A4HAG7-F1-model_v4 Translation factor GUF1 homolog, mitochondrial	5.286E+00	0.045	23	3	62	212	517	577	831	67	0.283	0.073
LOKIASV2_2698_ESMFold_hypothetical_protein	AF-A2R994-F1-model_v4	AF-A2R994-F1-model_v4 Ribosome-releasing factor 2, mitochondrial	8.761E+00	0.045	23	5	63	212	487	542	861	61	0.278	0.065
LOKIASV2_2698_ESMFold_hypothetical_protein	AF-A0JNQ6-F1-model_v4	AF-A0JNQ6-F1-model_v4 Oocyte-expressed protein homolog	7.721E+00	0.040	22	26	108	212	59	138	140	85	0.392	0.571
LOKIASV2_2698_ESMFold_hypothetical_protein	AF-Q06VW1-F1-model_v4	AF-Q06VW1-F1-model_v4 Oocyte-expressed protein homolog	5.630E+00	0.040	22	26	106	212	68	145	149	84	0.382	0.523
LOKIASV2_2698_ESMFold_hypothetical_protein	AF-Q9CWE6-F1-model_v4	AF-Q9CWE6-F1-model_v4 Oocyte-expressed protein homolog	5.630E+00	0.040	22	28	110	212	65	152	164	88	0.392	0.537
LOKIASV2_2698_ESMFold_hypothetical_protein	AF-Q6UR59-F1-model_v4	AF-Q6UR59-F1-model_v4 Urease accessory protein UreE	9.941E+00	0.040	22	3	65	212	83	144	226	67	0.297	0.274
LOKIASV2_2698_ESMFold_hypothetical_protein	AF-Q5HBX1-F1-model_v4	AF-Q5HBX1-F1-model_v4 tRNA uridine(34) hydroxylase	5.286E+00	0.040	22	2	64	212	1	60	272	66	0.297	0.221
LOKIASV2_2698_ESMFold_hypothetical_protein	AF-Q6CJI0-F1-model_v4	AF-Q6CJI0-F1-model_v4 Pre-mRNA-splicing factor SLT11	6.389E+00	0.040	22	3	54	212	147	197	302	55	0.245	0.169
LOKIASV2_2698_ESMFold_hypothetical_protein	AF-A3NBT1-F1-model_v4	AF-A3NBT1-F1-model_v4 Elongation factor 4	7.721E+00	0.040	22	3	68	212	294	360	597	73	0.311	0.112
LOKIASV2_2698_ESMFold_hypothetical_protein	AF-A6SXR0-F1-model_v4	AF-A6SXR0-F1-model_v4 Elongation factor 4	8.225E+00	0.040	22	3	68	212	294	360	597	73	0.311	0.112
LOKIASV2_2698_ESMFold_hypothetical_protein	AF-A4G6S1-F1-model_v4	AF-A4G6S1-F1-model_v4 Elongation factor 4	7.721E+00	0.040	22	1	68	212	292	360	597	75	0.321	0.116
LOKIASV2_2698_ESMFold_hypothetical_protein	AF-Q2SXT6-F1-model_v4	AF-Q2SXT6-F1-model_v4 Elongation factor 4	7.721E+00	0.040	22	3	68	212	294	360	597	73	0.311	0.112
LOKIASV2_2698_ESMFold_hypothetical_protein	AF-Q2RKX8-F1-model_v4	AF-Q2RKX8-F1-model_v4 Elongation factor 4	8.761E+00	0.040	22	1	68	212	296	364	602	77	0.321	0.115
LOKIASV2_2698_ESMFold_hypothetical_protein	AF-B1IC02-F1-model_v4	AF-B1IC02-F1-model_v4 Elongation factor 4	2.639E+00	0.040	22	3	64	212	410	470	607	72	0.292	0.100
LOKIASV2_2698_ESMFold_hypothetical_protein	AF-Q3YSU3-F1-model_v4	AF-Q3YSU3-F1-model_v4 Elongation factor G	5.630E+00	0.040	22	3	63	212	405	466	690	68	0.288	0.090
LOKIASV2_2698_ESMFold_hypothetical_protein	AF-B9KHV3-F1-model_v4	AF-B9KHV3-F1-model_v4 Elongation factor G	4.373E+00	0.040	22	1	63	212	402	467	690	72	0.297	0.096
LOKIASV2_2698_ESMFold_hypothetical_protein	AF-Q2W2I8-F1-model_v4	AF-Q2W2I8-F1-model_v4 Elongation factor G	5.630E+00	0.040	22	3	63	212	407	468	694	68	0.288	0.089
LOKIASV2_2698_ESMFold_hypothetical_protein	AF-P39677-F1-model_v4	AF-P39677-F1-model_v4 Ribosome-releasing factor 2, mitochondrial	7.249E+00	0.040	22	2	63	212	470	530	819	66	0.292	0.074
LOKIASV2_2698_ESMFold_hypothetical_protein	AF-B3LQ11-F1-model_v4	AF-B3LQ11-F1-model_v4 Ribosome-releasing factor 2, mitochondrial	7.249E+00	0.040	22	2	63	212	470	530	819	66	0.292	0.074
LOKIASV2_2698_ESMFold_hypothetical_protein	AF-P68879-F1-model_v4	AF-P68879-F1-model_v4 Chaperone protein IpgE	5.998E+00	0.034	21	8	80	212	32	116	120	88	0.344	0.708
LOKIASV2_2698_ESMFold_hypothetical_protein	AF-P62089-F1-model_v4	AF-P62089-F1-model_v4 HTH-type transcriptional regulator PrsX	6.805E+00	0.034	21	19	98	212	83	160	166	81	0.377	0.470
LOKIASV2_2698_ESMFold_hypothetical_protein	AF-B1IFW1-F1-model_v4	AF-B1IFW1-F1-model_v4 Probable cell division protein WhiA	5.998E+00	0.034	21	3	144	212	150	258	315	146	0.670	0.346
LOKIASV2_2698_ESMFold_hypothetical_protein	AF-A5U3S0-F1-model_v4	AF-A5U3S0-F1-model_v4 CinA-like protein	7.721E+00	0.034	21	2	65	212	194	260	430	74	0.302	0.156
LOKIASV2_2698_ESMFold_hypothetical_protein	AF-O54239-F1-model_v4	AF-O54239-F1-model_v4 Flagellar M-ring protein	1.696E+00	0.034	21	2	204	212	45	236	557	230	0.958	0.345
LOKIASV2_2698_ESMFold_hypothetical_protein	AF-A3MM44-F1-model_v4	AF-A3MM44-F1-model_v4 Elongation factor 4	9.332E+00	0.034	21	3	68	212	294	360	597	73	0.311	0.112
LOKIASV2_2698_ESMFold_hypothetical_protein	AF-Q63S94-F1-model_v4	AF-Q63S94-F1-model_v4 Elongation factor 4	9.941E+00	0.034	21	3	68	212	294	360	597	73	0.311	0.112
LOKIASV2_2698_ESMFold_hypothetical_protein	AF-Q6KHP1-F1-model_v4	AF-Q6KHP1-F1-model_v4 Elongation factor 4	7.721E+00	0.034	21	3	51	212	399	440	598	53	0.231	0.070
LOKIASV2_2698_ESMFold_hypothetical_protein	AF-C1C7G9-F1-model_v4	AF-C1C7G9-F1-model_v4 Elongation factor 4	3.397E+00	0.034	21	3	64	212	410	470	607	72	0.292	0.100
LOKIASV2_2698_ESMFold_hypothetical_protein	AF-Q8DPN5-F1-model_v4	AF-Q8DPN5-F1-model_v4 Elongation factor 4	3.189E+00	0.034	21	3	64	212	410	470	607	72	0.292	0.100
LOKIASV2_2698_ESMFold_hypothetical_protein	AF-Q5ZUD2-F1-model_v4	AF-Q5ZUD2-F1-model_v4 Elongation factor 4	4.659E+00	0.034	21	3	64	212	413	472	610	68	0.292	0.098
LOKIASV2_2698_ESMFold_hypothetical_protein	AF-Q8KTB8-F1-model_v4	AF-Q8KTB8-F1-model_v4 Elongation factor G	6.389E+00	0.034	21	3	63	212	405	466	699	68	0.288	0.089
LOKIASV2_2698_ESMFold_hypothetical_protein	AF-Q8S9G8-F1-model_v4	AF-Q8S9G8-F1-model_v4 Squamosa promoter-binding-like protein 7	9.941E+00	0.034	21	2	71	212	319	387	801	72	0.330	0.086
LOKIASV2_2698_ESMFold_hypothetical_protein	AF-Q6GJ52-F1-model_v4	AF-Q6GJ52-F1-model_v4 Transcriptional regulator SarA	9.941E+00	0.029	20	17	85	212	61	123	124	69	0.325	0.508
LOKIASV2_2698_ESMFold_hypothetical_protein	AF-Q2YSV9-F1-model_v4	AF-Q2YSV9-F1-model_v4 Transcriptional regulator SarA	9.941E+00	0.029	20	17	85	212	61	123	124	69	0.325	0.508
LOKIASV2_2698_ESMFold_hypothetical_protein	AF-P62573-F1-model_v4	AF-P62573-F1-model_v4 Homoprotocatechuate degradative operon repressor	5.998E+00	0.029	20	18	112	212	57	147	148	97	0.448	0.615
LOKIASV2_2698_ESMFold_hypothetical_protein	AF-P62574-F1-model_v4	AF-P62574-F1-model_v4 Homoprotocatechuate degradative operon repressor	6.389E+00	0.029	20	18	112	212	57	147	148	98	0.448	0.615
LOKIASV2_2698_ESMFold_hypothetical_protein	AF-O31472-F1-model_v4	AF-O31472-F1-model_v4 Uncharacterized HTH-type transcriptional regulator YcgE	4.659E+00	0.029	20	18	96	212	66	153	154	90	0.373	0.571
LOKIASV2_2698_ESMFold_hypothetical_protein	AF-P54295-F1-model_v4	AF-P54295-F1-model_v4 Transcriptional activator protein YenR	4.659E+00	0.029	20	29	109	212	98	183	244	90	0.382	0.352
LOKIASV2_2698_ESMFold_hypothetical_protein	AF-Q3SZA0-F1-model_v4	AF-Q3SZA0-F1-model_v4 COP9 signalosome complex subunit 4	9.332E+00	0.029	20	17	94	212	329	405	406	79	0.368	0.190
LOKIASV2_2698_ESMFold_hypothetical_protein	AF-Q5R648-F1-model_v4	AF-Q5R648-F1-model_v4 COP9 signalosome complex subunit 4	8.761E+00	0.029	20	17	94	212	329	405	406	79	0.368	0.190
LOKIASV2_2698_ESMFold_hypothetical_protein	AF-P18486-F1-model_v4	AF-P18486-F1-model_v4 3,4-dihydroxyphenylacetaldehyde synthase	8.761E+00	0.029	20	8	104	212	398	508	510	112	0.458	0.218
LOKIASV2_2698_ESMFold_hypothetical_protein	AF-C1CR98-F1-model_v4	AF-C1CR98-F1-model_v4 Elongation factor 4	4.106E+00	0.029	20	3	64	212	410	470	607	72	0.292	0.100
LOKIASV2_2698_ESMFold_hypothetical_protein	AF-Q8C3X4-F1-model_v4	AF-Q8C3X4-F1-model_v4 Translation factor Guf1, mitochondrial	9.332E+00	0.029	20	3	68	212	338	404	651	73	0.311	0.103
LOKIASV2_2698_ESMFold_hypothetical_protein	AF-P23159-F1-model_v4	AF-P23159-F1-model_v4 Uncharacterized protein SCO5314	6.805E+00	0.024	19	1	63	212	1	67	111	67	0.297	0.604
LOKIASV2_2698_ESMFold_hypothetical_protein	AF-P96673-F1-model_v4	AF-P96673-F1-model_v4 Uncharacterized HTH-type transcriptional regulator YdeP	7.249E+00	0.024	19	17	93	212	55	127	128	78	0.363	0.570
LOKIASV2_2698_ESMFold_hypothetical_protein	AF-P94578-F1-model_v4	AF-P94578-F1-model_v4 Uncharacterized HTH-type transcriptional regulator YwoH	8.761E+00	0.024	19	18	89	212	60	132	137	77	0.340	0.533
LOKIASV2_2698_ESMFold_hypothetical_protein	AF-P0ACR9-F1-model_v4	AF-P0ACR9-F1-model_v4 Transcriptional repressor MprA	9.332E+00	0.024	19	19	99	212	84	163	176	83	0.382	0.455
LOKIASV2_2698_ESMFold_hypothetical_protein	AF-P64710-F1-model_v4	AF-P64710-F1-model_v4 Uncharacterized protein Mb0497	9.941E+00	0.024	19	1	53	212	54	106	183	54	0.250	0.290
LOKIASV2_2698_ESMFold_hypothetical_protein	AF-A9KSS5-F1-model_v4	AF-A9KSS5-F1-model_v4 Probable cell division protein WhiA	6.389E+00	0.024	19	3	150	212	150	264	313	149	0.698	0.367
LOKIASV2_2698_ESMFold_hypothetical_protein	AF-A7TQZ1-F1-model_v4	AF-A7TQZ1-F1-model_v4 Altered inheritance of mitochondria protein 23, mitochondrial	4.659E+00	0.024	19	12	95	212	277	365	367	95	0.396	0.243
LOKIASV2_2698_ESMFold_hypothetical_protein	AF-A1UGI7-F1-model_v4	AF-A1UGI7-F1-model_v4 CinA-like protein	9.941E+00	0.024	19	2	68	212	189	258	421	77	0.316	0.166
LOKIASV2_2698_ESMFold_hypothetical_protein	AF-Q1B8H0-F1-model_v4	AF-Q1B8H0-F1-model_v4 CinA-like protein	8.761E+00	0.024	19	2	68	212	189	258	421	77	0.316	0.166
LOKIASV2_2698_ESMFold_hypothetical_protein	AF-A1KJW6-F1-model_v4	AF-A1KJW6-F1-model_v4 CinA-like protein	9.332E+00	0.024	19	2	65	212	194	260	430	74	0.302	0.156
LOKIASV2_2698_ESMFold_hypothetical_protein	AF-P9WPE2-F1-model_v4	AF-P9WPE2-F1-model_v4 CinA-like protein	7.249E+00	0.024	19	2	65	212	194	260	430	74	0.302	0.156
LOKIASV2_2698_ESMFold_hypothetical_protein	AF-Q83MZ5-F1-model_v4	AF-Q83MZ5-F1-model_v4 Elongation factor 4	5.998E+00	0.024	19	3	65	212	405	466	601	70	0.297	0.103
LOKIASV2_2698_ESMFold_hypothetical_protein	AF-O58741-F1-model_v4	AF-O58741-F1-model_v4 Uncharacterized HTH-type transcriptional regulator PH1013	7.249E+00	0.020	18	3	65	212	64	130	162	73	0.297	0.414
LOKIASV2_2698_ESMFold_hypothetical_protein	AF-P42195-F1-model_v4	AF-P42195-F1-model_v4 HTH-type transcriptional regulator PecS	9.941E+00	0.020	18	18	98	212	83	165	166	86	0.382	0.500
LOKIASV2_2698_ESMFold_hypothetical_protein	AF-O25827-F1-model_v4	AF-O25827-F1-model_v4 Aspartokinase	8.225E+00	0.020	18	5	51	212	264	310	405	52	0.222	0.116
LOKIASV2_2698_ESMFold_hypothetical_protein	AF-Q9ZVU5-F1-model_v4	AF-Q9ZVU5-F1-model_v4 KIN17-like protein	5.286E+00	0.020	18	25	110	212	116	196	411	87	0.406	0.197
LOKIASV2_2698_ESMFold_hypothetical_protein	AF-P14752-F1-model_v4	AF-P14752-F1-model_v4 Protein RepS	8.761E+00	0.020	18	4	112	212	388	492	496	112	0.514	0.212
LOKIASV2_2698_ESMFold_hypothetical_protein	AF-Q7ZU92-F1-model_v4	AF-Q7ZU92-F1-model_v4 Poly(A)-specific ribonuclease PARN	9.332E+00	0.020	18	4	69	212	196	257	660	72	0.311	0.094
LOKIASV2_2698_ESMFold_hypothetical_protein	AF-Q02230-F1-model_v4	AF-Q02230-F1-model_v4 Protein GvpE	9.941E+00	0.016	17	16	98	212	113	191	192	83	0.392	0.411
LOKIASV2_2698_ESMFold_hypothetical_protein	AF-Q47188-F1-model_v4	AF-Q47188-F1-model_v4 Transcriptional activator protein ExpR	5.630E+00	0.016	17	3	98	212	29	175	250	148	0.453	0.588
LOKIASV2_2698_ESMFold_hypothetical_protein	AF-Q5NLP5-F1-model_v4	AF-Q5NLP5-F1-model_v4 Elongation factor 4	8.761E+00	0.016	17	3	62	212	405	465	602	69	0.283	0.101
LOKIASV2_2698_ESMFold_hypothetical_protein	AF-Q3UE17-F1-model_v4	AF-Q3UE17-F1-model_v4 RNA-binding protein MEX3D	9.941E+00	0.016	17	12	78	212	152	237	643	86	0.316	0.134
LOKIASV2_2698_ESMFold_hypothetical_protein	AF-Q9L8J3-F1-model_v4	AF-Q9L8J3-F1-model_v4 Protein AhpA	4.106E+00	0.014	16	3	109	212	88	213	226	128	0.505	0.558
LOKIASV2_2698_ESMFold_hypothetical_protein	AF-Q49WC7-F1-model_v4	AF-Q49WC7-F1-model_v4 Adapter protein MecA	4.106E+00	0.014	16	21	115	212	38	138	238	106	0.448	0.424
LOKIASV2_2698_ESMFold_hypothetical_protein	AF-B9MN06-F1-model_v4	AF-B9MN06-F1-model_v4 Probable cell division protein WhiA	9.332E+00	0.014	16	5	144	212	152	258	325	143	0.660	0.329
LOKIASV2_2698_ESMFold_hypothetical_protein	AF-Q9LV03-F1-model_v4	AF-Q9LV03-F1-model_v4 Glutamate synthase 1 [NADH], chloroplastic	5.630E+00	0.014	16	8	112	212	1577	1687	2208	123	0.495	0.050
LOKIASV2_2698_ESMFold_hypothetical_protein	AF-P64589-F1-model_v4	AF-P64589-F1-model_v4 Uncharacterized protein YqjI	9.941E+00	0.011	15	18	141	212	95	201	207	128	0.585	0.517
LOKIASV2_2698_ESMFold_hypothetical_protein	AF-P51916-F1-model_v4	AF-P51916-F1-model_v4 Gap junction Cx32.7 protein	9.941E+00	0.011	15	20	141	212	157	264	282	128	0.575	0.383
LOKIASV2_2698_ESMFold_hypothetical_protein	AF-C4Y2I7-F1-model_v4	AF-C4Y2I7-F1-model_v4 Altered inheritance of mitochondria protein 23, mitochondrial	6.389E+00	0.011	15	12	100	212	258	360	365	107	0.420	0.282
LOKIASV2_2698_ESMFold_hypothetical_protein	AF-Q6R4A8-F1-model_v4	AF-Q6R4A8-F1-model_v4 Gap junction gamma-1 protein	4.962E+00	0.011	15	20	212	212	184	364	396	206	0.910	0.457
LOKIASV2_2698_ESMFold_hypothetical_protein	AF-Q54I78-F1-model_v4	AF-Q54I78-F1-model_v4 Probable valine--tRNA ligase, mitochondrial	7.249E+00	0.011	15	2	113	212	906	1031	1051	137	0.528	0.120
LOKIASV2_2698_ESMFold_hypothetical_protein	AF-P53102-F1-model_v4	AF-P53102-F1-model_v4 Meiotic nuclear division protein 1	4.962E+00	0.010	14	18	208	212	43	195	219	191	0.901	0.699
LOKIASV2_2698_ESMFold_hypothetical_protein	AF-Q9ESZ8-F1-model_v4	AF-Q9ESZ8-F1-model_v4 General transcription factor II-I	5.286E+00	0.010	14	22	185	212	28	175	998	178	0.774	0.148
LOKIASV2_2698_ESMFold_hypothetical_protein	AF-Q58948-F1-model_v4	AF-Q58948-F1-model_v4 Uncharacterized HTH-type transcriptional regulator MJ1553	9.332E+00	0.009	13	19	143	212	33	146	157	131	0.590	0.726
LOKIASV2_2698_ESMFold_hypothetical_protein	AF-Q09739-F1-model_v4	AF-Q09739-F1-model_v4 Meiotic coiled-coil protein 7	6.805E+00	0.009	13	16	209	212	38	167	210	195	0.915	0.619
LOKIASV2_2698_ESMFold_hypothetical_protein	AF-Q6PYT3-F1-model_v4	AF-Q6PYT3-F1-model_v4 Gap junction gamma-1 protein	9.941E+00	0.009	13	20	212	212	184	364	396	206	0.910	0.457
LOKIASV2_2698_ESMFold_hypothetical_protein	AF-P28229-F1-model_v4	AF-P28229-F1-model_v4 Gap junction gamma-1 protein	9.332E+00	0.009	13	12	212	212	156	364	396	234	0.948	0.528
LOKIASV2_2698_ESMFold_hypothetical_protein	AF-Q46967-F1-model_v4	AF-Q46967-F1-model_v4 Transcriptional activator protein EchR	9.941E+00	0.008	12	3	144	212	29	205	250	195	0.670	0.708
LOKIASV2_2698_ESMFold_hypothetical_protein	AF-Q6ZT52-F1-model_v4	AF-Q6ZT52-F1-model_v4 Protein FAM43B	9.941E+00	0.008	12	37	192	212	162	304	329	170	0.736	0.435
LOKIASV2_2698_ESMFold_hypothetical_protein	AF-P18861-F1-model_v4	AF-P18861-F1-model_v4 Gap junction gamma-1 protein	7.721E+00	0.007	11	12	212	212	156	365	394	237	0.948	0.533
