LOKIASV2_4119_ESMFold_glycosyltransferase_family_2_protein	MGYP000260838753.pdb.gz	MGYP000260838753.pdb.gz	1.061E-21	1.000	739	36	255	259	2	226	345	226	0.849	0.652
LOKIASV2_4119_ESMFold_glycosyltransferase_family_2_protein	MGYP001764334241.pdb.gz	MGYP001764334241.pdb.gz	1.362E-21	1.000	718	36	255	259	3	227	333	228	0.849	0.676
LOKIASV2_4119_ESMFold_glycosyltransferase_family_2_protein	MGYP002624078631.pdb.gz	MGYP002624078631.pdb.gz	2.394E-21	1.000	717	36	256	259	1	226	253	229	0.853	0.893
LOKIASV2_4119_ESMFold_glycosyltransferase_family_2_protein	MGYP001221535855.pdb.gz	MGYP001221535855.pdb.gz	4.206E-21	1.000	714	36	257	259	2	228	315	229	0.857	0.721
LOKIASV2_4119_ESMFold_glycosyltransferase_family_2_protein	MGYP000675226206.pdb.gz	MGYP000675226206.pdb.gz	7.284E-22	1.000	697	19	259	259	105	340	340	252	0.931	0.694
LOKIASV2_4119_ESMFold_glycosyltransferase_family_2_protein	MGYP000446547061.pdb.gz	MGYP000446547061.pdb.gz	4.206E-21	1.000	696	36	259	259	3	226	226	228	0.865	0.991
LOKIASV2_4119_ESMFold_glycosyltransferase_family_2_protein	MGYP001611939224.pdb.gz	MGYP001611939224.pdb.gz	8.256E-22	1.000	696	36	250	259	5	226	228	225	0.830	0.974
LOKIASV2_4119_ESMFold_glycosyltransferase_family_2_protein	MGYP003526688439.pdb.gz	MGYP003526688439.pdb.gz	6.521E-21	1.000	688	36	257	259	20	244	245	229	0.857	0.918
LOKIASV2_4119_ESMFold_glycosyltransferase_family_2_protein	MGYP001817347648.pdb.gz	MGYP001817347648.pdb.gz	1.668E-20	1.000	685	36	256	259	7	235	331	233	0.853	0.692
LOKIASV2_4119_ESMFold_glycosyltransferase_family_2_protein	MGYP000272654910.pdb.gz	MGYP000272654910.pdb.gz	2.931E-20	1.000	684	36	256	259	1	226	321	227	0.853	0.704
LOKIASV2_4119_ESMFold_glycosyltransferase_family_2_protein	MGYP000442261639.pdb.gz	MGYP000442261639.pdb.gz	1.837E-22	1.000	682	36	258	259	1	220	224	228	0.861	0.982
LOKIASV2_4119_ESMFold_glycosyltransferase_family_2_protein	MGYP002789350088.pdb.gz	MGYP002789350088.pdb.gz	1.220E-20	1.000	679	36	258	259	2	229	287	231	0.861	0.794
LOKIASV2_4119_ESMFold_glycosyltransferase_family_2_protein	MGYP003586447678.pdb.gz	MGYP003586447678.pdb.gz	2.753E-20	1.000	678	28	256	259	5	237	344	238	0.884	0.677
LOKIASV2_4119_ESMFold_glycosyltransferase_family_2_protein	MGYP000078019444.pdb.gz	MGYP000078019444.pdb.gz	4.268E-20	1.000	676	36	256	259	1	226	314	227	0.853	0.720
LOKIASV2_4119_ESMFold_glycosyltransferase_family_2_protein	MGYP001220978099.pdb.gz	MGYP001220978099.pdb.gz	5.404E-21	1.000	672	36	236	259	3	202	202	208	0.776	0.990
LOKIASV2_4119_ESMFold_glycosyltransferase_family_2_protein	MGYP000884368024.pdb.gz	MGYP000884368024.pdb.gz	2.013E-20	1.000	672	36	257	259	1	228	305	230	0.857	0.748
LOKIASV2_4119_ESMFold_glycosyltransferase_family_2_protein	MGYP000878433255.pdb.gz	MGYP000878433255.pdb.gz	4.268E-20	1.000	672	36	257	259	159	383	384	230	0.857	0.586
LOKIASV2_4119_ESMFold_glycosyltransferase_family_2_protein	MGYP000255550534.pdb.gz	MGYP000255550534.pdb.gz	1.318E-19	1.000	668	41	259	259	2	228	228	228	0.846	0.996
LOKIASV2_4119_ESMFold_glycosyltransferase_family_2_protein	MGYP000865769943.pdb.gz	MGYP000865769943.pdb.gz	2.753E-20	1.000	667	36	257	259	1	227	310	231	0.857	0.732
LOKIASV2_4119_ESMFold_glycosyltransferase_family_2_protein	MGYP001362652409.pdb.gz	MGYP001362652409.pdb.gz	2.586E-20	1.000	667	36	256	259	1	228	311	229	0.853	0.733
LOKIASV2_4119_ESMFold_glycosyltransferase_family_2_protein	MGYP000585143251.pdb.gz	MGYP000585143251.pdb.gz	3.121E-20	1.000	664	36	255	259	2	215	216	226	0.849	0.991
LOKIASV2_4119_ESMFold_glycosyltransferase_family_2_protein	MGYP000929362955.pdb.gz	MGYP000929362955.pdb.gz	2.931E-20	1.000	659	33	251	259	9	236	326	232	0.846	0.699
LOKIASV2_4119_ESMFold_glycosyltransferase_family_2_protein	MGYP001327231455.pdb.gz	MGYP001327231455.pdb.gz	5.753E-21	1.000	655	10	256	259	2	249	343	252	0.954	0.723
LOKIASV2_4119_ESMFold_glycosyltransferase_family_2_protein	MGYP001239401922.pdb.gz	MGYP001239401922.pdb.gz	5.837E-20	1.000	654	36	255	259	1	219	241	227	0.849	0.909
LOKIASV2_4119_ESMFold_glycosyltransferase_family_2_protein	MGYP001237347386.pdb.gz	MGYP001237347386.pdb.gz	7.499E-20	1.000	654	36	257	259	1	227	337	231	0.857	0.674
LOKIASV2_4119_ESMFold_glycosyltransferase_family_2_protein	MGYP000377078608.pdb.gz	MGYP000377078608.pdb.gz	2.624E-19	1.000	651	36	256	259	1	226	331	229	0.853	0.683
LOKIASV2_4119_ESMFold_glycosyltransferase_family_2_protein	MGYP002779663764.pdb.gz	MGYP002779663764.pdb.gz	7.984E-20	1.000	650	36	259	259	2	230	342	234	0.865	0.670
LOKIASV2_4119_ESMFold_glycosyltransferase_family_2_protein	MGYP000392022185.pdb.gz	MGYP000392022185.pdb.gz	2.713E-21	1.000	649	15	257	259	4	247	342	252	0.938	0.713
LOKIASV2_4119_ESMFold_glycosyltransferase_family_2_protein	MGYP000722271575.pdb.gz	MGYP000722271575.pdb.gz	1.026E-19	1.000	647	38	255	259	6	225	229	231	0.842	0.961
LOKIASV2_4119_ESMFold_glycosyltransferase_family_2_protein	MGYP001062834440.pdb.gz	MGYP001062834440.pdb.gz	1.299E-20	1.000	646	37	258	259	3	235	238	234	0.857	0.979
LOKIASV2_4119_ESMFold_glycosyltransferase_family_2_protein	MGYP000297746025.pdb.gz	MGYP000297746025.pdb.gz	5.483E-20	1.000	642	36	256	259	1	234	326	237	0.853	0.718
LOKIASV2_4119_ESMFold_glycosyltransferase_family_2_protein	MGYP002626174868.pdb.gz	MGYP002626174868.pdb.gz	1.092E-19	1.000	641	36	247	259	1	213	215	216	0.819	0.991
LOKIASV2_4119_ESMFold_glycosyltransferase_family_2_protein	MGYP002627248243.pdb.gz	MGYP002627248243.pdb.gz	4.610E-19	1.000	639	36	238	259	1	206	207	207	0.784	0.995
LOKIASV2_4119_ESMFold_glycosyltransferase_family_2_protein	MGYP001070573225.pdb.gz	MGYP001070573225.pdb.gz	3.711E-21	1.000	639	36	258	259	6	225	228	231	0.861	0.965
LOKIASV2_4119_ESMFold_glycosyltransferase_family_2_protein	MGYP000162485011.pdb.gz	MGYP000162485011.pdb.gz	1.776E-20	1.000	639	36	255	259	1	228	242	232	0.849	0.942
LOKIASV2_4119_ESMFold_glycosyltransferase_family_2_protein	MGYP003303942363.pdb.gz	MGYP003303942363.pdb.gz	3.371E-19	1.000	634	36	230	259	2	199	199	201	0.753	0.995
LOKIASV2_4119_ESMFold_glycosyltransferase_family_2_protein	MGYP001557949421.pdb.gz	MGYP001557949421.pdb.gz	1.146E-20	1.000	634	36	258	259	1	219	228	230	0.861	0.961
LOKIASV2_4119_ESMFold_glycosyltransferase_family_2_protein	MGYP000247372785.pdb.gz	MGYP000247372785.pdb.gz	1.776E-20	1.000	633	1	257	259	12	262	350	265	0.992	0.717
LOKIASV2_4119_ESMFold_glycosyltransferase_family_2_protein	MGYP001574785081.pdb.gz	MGYP001574785081.pdb.gz	7.499E-20	1.000	632	36	259	259	4	219	219	231	0.865	0.986
LOKIASV2_4119_ESMFold_glycosyltransferase_family_2_protein	MGYP001366386937.pdb.gz	MGYP001366386937.pdb.gz	2.013E-20	1.000	631	36	258	259	5	232	240	234	0.861	0.950
LOKIASV2_4119_ESMFold_glycosyltransferase_family_2_protein	MGYP001582864507.pdb.gz	MGYP001582864507.pdb.gz	2.586E-20	1.000	628	36	258	259	1	223	227	230	0.861	0.982
LOKIASV2_4119_ESMFold_glycosyltransferase_family_2_protein	MGYP001597138945.pdb.gz	MGYP001597138945.pdb.gz	2.753E-20	1.000	627	36	258	259	1	220	223	228	0.861	0.987
LOKIASV2_4119_ESMFold_glycosyltransferase_family_2_protein	MGYP000212138979.pdb.gz	MGYP000212138979.pdb.gz	1.146E-20	1.000	627	35	255	259	2	234	237	239	0.853	0.983
LOKIASV2_4119_ESMFold_glycosyltransferase_family_2_protein	MGYP000324191983.pdb.gz	MGYP000324191983.pdb.gz	1.337E-18	1.000	627	36	258	259	1	224	301	228	0.861	0.744
LOKIASV2_4119_ESMFold_glycosyltransferase_family_2_protein	MGYP000303679718.pdb.gz	MGYP000303679718.pdb.gz	2.624E-19	1.000	626	37	258	259	7	222	226	226	0.857	0.956
LOKIASV2_4119_ESMFold_glycosyltransferase_family_2_protein	MGYP001327836156.pdb.gz	MGYP001327836156.pdb.gz	2.043E-19	1.000	626	36	254	259	1	224	315	228	0.846	0.711
LOKIASV2_4119_ESMFold_glycosyltransferase_family_2_protein	MGYP000706880215.pdb.gz	MGYP000706880215.pdb.gz	1.256E-18	1.000	626	36	255	259	23	244	319	226	0.849	0.696
LOKIASV2_4119_ESMFold_glycosyltransferase_family_2_protein	MGYP001463044616.pdb.gz	MGYP001463044616.pdb.gz	1.919E-19	1.000	625	36	255	259	1	228	315	232	0.849	0.724
LOKIASV2_4119_ESMFold_glycosyltransferase_family_2_protein	MGYP001369818666.pdb.gz	MGYP001369818666.pdb.gz	2.624E-19	1.000	623	38	257	259	118	340	341	230	0.849	0.654
LOKIASV2_4119_ESMFold_glycosyltransferase_family_2_protein	MGYP000343439986.pdb.gz	MGYP000343439986.pdb.gz	2.175E-19	1.000	622	36	258	259	6	235	264	236	0.861	0.871
LOKIASV2_4119_ESMFold_glycosyltransferase_family_2_protein	MGYP001125192114.pdb.gz	MGYP001125192114.pdb.gz	1.493E-19	1.000	622	20	254	259	37	270	369	241	0.907	0.634
LOKIASV2_4119_ESMFold_glycosyltransferase_family_2_protein	MGYP001573402144.pdb.gz	MGYP001573402144.pdb.gz	3.766E-20	1.000	621	36	258	259	2	224	227	232	0.861	0.982
LOKIASV2_4119_ESMFold_glycosyltransferase_family_2_protein	MGYP001558872337.pdb.gz	MGYP001558872337.pdb.gz	3.018E-18	1.000	621	36	258	259	6	233	247	231	0.861	0.923
LOKIASV2_4119_ESMFold_glycosyltransferase_family_2_protein	MGYP003552270395.pdb.gz	MGYP003552270395.pdb.gz	5.226E-19	1.000	619	35	231	259	10	211	212	205	0.761	0.953
LOKIASV2_4119_ESMFold_glycosyltransferase_family_2_protein	MGYP003879206557.pdb.gz	MGYP003879206557.pdb.gz	7.499E-20	1.000	619	36	259	259	3	238	238	241	0.865	0.992
LOKIASV2_4119_ESMFold_glycosyltransferase_family_2_protein	MGYP000982322614.pdb.gz	MGYP000982322614.pdb.gz	3.371E-19	1.000	618	37	259	259	8	225	225	227	0.861	0.969
LOKIASV2_4119_ESMFold_glycosyltransferase_family_2_protein	MGYP000728645833.pdb.gz	MGYP000728645833.pdb.gz	1.162E-19	1.000	616	36	256	259	1	227	232	233	0.853	0.978
LOKIASV2_4119_ESMFold_glycosyltransferase_family_2_protein	MGYP000315471736.pdb.gz	MGYP000315471736.pdb.gz	4.068E-19	1.000	616	36	258	259	23	248	255	229	0.861	0.886
LOKIASV2_4119_ESMFold_glycosyltransferase_family_2_protein	MGYP001576364370.pdb.gz	MGYP001576364370.pdb.gz	5.923E-19	1.000	614	36	255	259	3	239	253	237	0.849	0.937
LOKIASV2_4119_ESMFold_glycosyltransferase_family_2_protein	MGYP000379549230.pdb.gz	MGYP000379549230.pdb.gz	3.121E-20	1.000	613	23	257	259	1	235	340	246	0.907	0.691
LOKIASV2_4119_ESMFold_glycosyltransferase_family_2_protein	MGYP000657949059.pdb.gz	MGYP000657949059.pdb.gz	4.127E-18	1.000	612	36	257	259	2	231	242	232	0.857	0.950
LOKIASV2_4119_ESMFold_glycosyltransferase_family_2_protein	MGYP001614708990.pdb.gz	MGYP001614708990.pdb.gz	6.010E-18	1.000	609	36	227	259	1	197	197	200	0.741	1.000
LOKIASV2_4119_ESMFold_glycosyltransferase_family_2_protein	MGYP001209719391.pdb.gz	MGYP001209719391.pdb.gz	2.501E-18	1.000	609	36	257	259	5	234	318	235	0.857	0.723
LOKIASV2_4119_ESMFold_glycosyltransferase_family_2_protein	MGYP001378222534.pdb.gz	MGYP001378222534.pdb.gz	3.166E-19	1.000	609	36	256	259	1	226	330	233	0.853	0.685
LOKIASV2_4119_ESMFold_glycosyltransferase_family_2_protein	MGYP000557145505.pdb.gz	MGYP000557145505.pdb.gz	6.616E-20	1.000	608	36	255	259	16	244	250	237	0.849	0.916
LOKIASV2_4119_ESMFold_glycosyltransferase_family_2_protein	MGYP001243127582.pdb.gz	MGYP001243127582.pdb.gz	1.829E-18	1.000	607	36	255	259	1	225	322	230	0.849	0.699
LOKIASV2_4119_ESMFold_glycosyltransferase_family_2_protein	MGYP000604807475.pdb.gz	MGYP000604807475.pdb.gz	7.609E-19	1.000	606	36	257	259	1	218	227	228	0.857	0.960
LOKIASV2_4119_ESMFold_glycosyltransferase_family_2_protein	MGYP001359123738.pdb.gz	MGYP001359123738.pdb.gz	3.018E-18	1.000	605	37	228	259	5	190	191	194	0.741	0.974
LOKIASV2_4119_ESMFold_glycosyltransferase_family_2_protein	MGYP000369971374.pdb.gz	MGYP000369971374.pdb.gz	1.590E-19	1.000	605	38	246	259	6	216	217	218	0.807	0.972
LOKIASV2_4119_ESMFold_glycosyltransferase_family_2_protein	MGYP000527652132.pdb.gz	MGYP000527652132.pdb.gz	3.371E-19	1.000	605	37	259	259	9	228	228	230	0.861	0.965
LOKIASV2_4119_ESMFold_glycosyltransferase_family_2_protein	MGYP001585913061.pdb.gz	MGYP001585913061.pdb.gz	4.610E-19	1.000	605	36	256	259	1	221	291	233	0.853	0.759
LOKIASV2_4119_ESMFold_glycosyltransferase_family_2_protein	MGYP001565898552.pdb.gz	MGYP001565898552.pdb.gz	1.403E-19	1.000	604	36	258	259	1	219	227	230	0.861	0.965
LOKIASV2_4119_ESMFold_glycosyltransferase_family_2_protein	MGYP000718298578.pdb.gz	MGYP000718298578.pdb.gz	6.713E-19	1.000	603	36	258	259	4	237	241	238	0.861	0.971
LOKIASV2_4119_ESMFold_glycosyltransferase_family_2_protein	MGYP001410142390.pdb.gz	MGYP001410142390.pdb.gz	1.718E-18	1.000	602	36	257	259	1	234	250	241	0.857	0.936
LOKIASV2_4119_ESMFold_glycosyltransferase_family_2_protein	MGYP001213423016.pdb.gz	MGYP001213423016.pdb.gz	2.974E-19	1.000	600	36	256	259	3	235	237	239	0.853	0.983
LOKIASV2_4119_ESMFold_glycosyltransferase_family_2_protein	MGYP002540682196.pdb.gz	MGYP002540682196.pdb.gz	3.018E-18	1.000	600	36	246	259	1	216	297	220	0.815	0.727
LOKIASV2_4119_ESMFold_glycosyltransferase_family_2_protein	MGYP001021069298.pdb.gz	MGYP001021069298.pdb.gz	2.663E-18	1.000	599	36	257	259	4	228	237	227	0.857	0.949
LOKIASV2_4119_ESMFold_glycosyltransferase_family_2_protein	MGYP001572447642.pdb.gz	MGYP001572447642.pdb.gz	1.197E-17	1.000	599	36	256	259	5	222	252	224	0.853	0.865
LOKIASV2_4119_ESMFold_glycosyltransferase_family_2_protein	MGYP001315195875.pdb.gz	MGYP001315195875.pdb.gz	1.693E-19	1.000	598	41	239	259	2	204	205	212	0.768	0.990
LOKIASV2_4119_ESMFold_glycosyltransferase_family_2_protein	MGYP001296835113.pdb.gz	MGYP001296835113.pdb.gz	1.041E-18	1.000	598	36	259	259	4	214	216	226	0.865	0.977
LOKIASV2_4119_ESMFold_glycosyltransferase_family_2_protein	MGYP003329189033.pdb.gz	MGYP003329189033.pdb.gz	6.306E-19	1.000	597	36	254	259	1	222	225	234	0.846	0.987
LOKIASV2_4119_ESMFold_glycosyltransferase_family_2_protein	MGYP000459837541.pdb.gz	MGYP000459837541.pdb.gz	1.256E-18	1.000	597	36	259	259	1	219	228	230	0.865	0.961
LOKIASV2_4119_ESMFold_glycosyltransferase_family_2_protein	MGYP000622021285.pdb.gz	MGYP000622021285.pdb.gz	1.919E-19	1.000	597	35	258	259	4	236	239	238	0.865	0.975
LOKIASV2_4119_ESMFold_glycosyltransferase_family_2_protein	MGYP003338698342.pdb.gz	MGYP003338698342.pdb.gz	4.394E-18	1.000	596	36	257	259	1	220	223	226	0.857	0.987
LOKIASV2_4119_ESMFold_glycosyltransferase_family_2_protein	MGYP002713102575.pdb.gz	MGYP002713102575.pdb.gz	2.624E-19	1.000	596	35	253	259	22	246	265	235	0.846	0.849
LOKIASV2_4119_ESMFold_glycosyltransferase_family_2_protein	MGYP003684149639.pdb.gz	MGYP003684149639.pdb.gz	1.337E-18	1.000	595	36	255	259	1	224	312	228	0.849	0.718
LOKIASV2_4119_ESMFold_glycosyltransferase_family_2_protein	MGYP000500445401.pdb.gz	MGYP000500445401.pdb.gz	4.678E-18	1.000	594	36	244	259	4	219	220	220	0.807	0.982
LOKIASV2_4119_ESMFold_glycosyltransferase_family_2_protein	MGYP001366747769.pdb.gz	MGYP001366747769.pdb.gz	8.624E-19	1.000	594	35	251	259	4	235	241	234	0.838	0.963
LOKIASV2_4119_ESMFold_glycosyltransferase_family_2_protein	MGYP001460691198.pdb.gz	MGYP001460691198.pdb.gz	1.590E-19	1.000	594	26	255	259	2	222	299	236	0.888	0.739
LOKIASV2_4119_ESMFold_glycosyltransferase_family_2_protein	MGYP001563893516.pdb.gz	MGYP001563893516.pdb.gz	4.394E-18	1.000	593	36	253	259	1	220	223	230	0.842	0.987
LOKIASV2_4119_ESMFold_glycosyltransferase_family_2_protein	MGYP001233138545.pdb.gz	MGYP001233138545.pdb.gz	9.182E-19	1.000	593	36	255	259	1	230	296	239	0.849	0.777
LOKIASV2_4119_ESMFold_glycosyltransferase_family_2_protein	MGYP003980491897.pdb.gz	MGYP003980491897.pdb.gz	4.331E-19	1.000	592	33	257	259	1	212	219	231	0.869	0.968
LOKIASV2_4119_ESMFold_glycosyltransferase_family_2_protein	MGYP000350905925.pdb.gz	MGYP000350905925.pdb.gz	8.101E-19	1.000	592	36	258	259	1	228	231	235	0.861	0.987
LOKIASV2_4119_ESMFold_glycosyltransferase_family_2_protein	MGYP003564601517.pdb.gz	MGYP003564601517.pdb.gz	2.794E-19	1.000	592	36	257	259	2	226	239	233	0.857	0.941
LOKIASV2_4119_ESMFold_glycosyltransferase_family_2_protein	MGYP000412768694.pdb.gz	MGYP000412768694.pdb.gz	2.835E-18	1.000	591	35	258	259	3	227	229	233	0.865	0.983
LOKIASV2_4119_ESMFold_glycosyltransferase_family_2_protein	MGYP001430207046.pdb.gz	MGYP001430207046.pdb.gz	1.493E-19	1.000	591	35	257	259	3	227	236	234	0.861	0.953
LOKIASV2_4119_ESMFold_glycosyltransferase_family_2_protein	MGYP000540908502.pdb.gz	MGYP000540908502.pdb.gz	2.974E-19	1.000	591	36	258	259	6	230	242	233	0.861	0.930
LOKIASV2_4119_ESMFold_glycosyltransferase_family_2_protein	MGYP003577492545.pdb.gz	MGYP003577492545.pdb.gz	1.337E-18	1.000	591	24	258	259	3	241	258	246	0.907	0.926
LOKIASV2_4119_ESMFold_glycosyltransferase_family_2_protein	MGYP000005428321.pdb.gz	MGYP000005428321.pdb.gz	5.302E-18	1.000	590	36	259	259	1	229	229	231	0.865	1.000
LOKIASV2_4119_ESMFold_glycosyltransferase_family_2_protein	MGYP002514917257.pdb.gz	MGYP002514917257.pdb.gz	5.226E-19	1.000	590	36	258	259	1	228	238	234	0.861	0.958
LOKIASV2_4119_ESMFold_glycosyltransferase_family_2_protein	MGYP000460071407.pdb.gz	MGYP000460071407.pdb.gz	6.306E-19	1.000	590	36	258	259	2	241	248	243	0.861	0.968
LOKIASV2_4119_ESMFold_glycosyltransferase_family_2_protein	MGYP001219136374.pdb.gz	MGYP001219136374.pdb.gz	4.908E-19	1.000	590	36	258	259	5	234	312	238	0.861	0.737
LOKIASV2_4119_ESMFold_glycosyltransferase_family_2_protein	MGYP001079598465.pdb.gz	MGYP001079598465.pdb.gz	4.610E-19	1.000	589	36	258	259	3	224	238	229	0.861	0.933
LOKIASV2_4119_ESMFold_glycosyltransferase_family_2_protein	MGYP001816182150.pdb.gz	MGYP001816182150.pdb.gz	5.563E-19	1.000	589	36	258	259	1	233	240	239	0.861	0.971
LOKIASV2_4119_ESMFold_glycosyltransferase_family_2_protein	MGYP001561851724.pdb.gz	MGYP001561851724.pdb.gz	8.751E-18	1.000	588	35	230	259	3	204	205	206	0.757	0.985
LOKIASV2_4119_ESMFold_glycosyltransferase_family_2_protein	MGYP001040436638.pdb.gz	MGYP001040436638.pdb.gz	2.974E-19	1.000	587	36	239	259	13	219	220	212	0.788	0.941
LOKIASV2_4119_ESMFold_glycosyltransferase_family_2_protein	MGYP001821431954.pdb.gz	MGYP001821431954.pdb.gz	1.613E-18	1.000	587	35	248	259	15	232	279	222	0.826	0.781
LOKIASV2_4119_ESMFold_glycosyltransferase_family_2_protein	MGYP003335507111.pdb.gz	MGYP003335507111.pdb.gz	2.206E-18	1.000	587	36	252	259	1	219	294	227	0.838	0.745
LOKIASV2_4119_ESMFold_glycosyltransferase_family_2_protein	MGYP000393834692.pdb.gz	MGYP000393834692.pdb.gz	1.919E-19	1.000	586	36	258	259	9	236	246	233	0.861	0.927
LOKIASV2_4119_ESMFold_glycosyltransferase_family_2_protein	MGYP000321297426.pdb.gz	MGYP000321297426.pdb.gz	1.274E-17	1.000	586	36	252	259	15	233	306	223	0.838	0.716
LOKIASV2_4119_ESMFold_glycosyltransferase_family_2_protein	MGYP001584086740.pdb.gz	MGYP001584086740.pdb.gz	2.624E-19	1.000	585	20	248	259	1	223	229	235	0.884	0.974
LOKIASV2_4119_ESMFold_glycosyltransferase_family_2_protein	MGYP000730510872.pdb.gz	MGYP000730510872.pdb.gz	5.483E-20	1.000	584	36	257	259	1	219	228	232	0.857	0.961
LOKIASV2_4119_ESMFold_glycosyltransferase_family_2_protein	MGYP001602085520.pdb.gz	MGYP001602085520.pdb.gz	4.610E-19	1.000	584	21	255	259	1	237	301	248	0.907	0.787
LOKIASV2_4119_ESMFold_glycosyltransferase_family_2_protein	MGYP000874950641.pdb.gz	MGYP000874950641.pdb.gz	2.835E-18	1.000	583	36	255	259	1	228	232	237	0.849	0.983
LOKIASV2_4119_ESMFold_glycosyltransferase_family_2_protein	MGYP001142047405.pdb.gz	MGYP001142047405.pdb.gz	1.162E-19	1.000	583	20	257	259	2	240	249	254	0.919	0.960
LOKIASV2_4119_ESMFold_glycosyltransferase_family_2_protein	MGYP001574348083.pdb.gz	MGYP001574348083.pdb.gz	2.501E-18	1.000	583	35	258	259	4	236	256	237	0.865	0.910
LOKIASV2_4119_ESMFold_glycosyltransferase_family_2_protein	MGYP001608220617.pdb.gz	MGYP001608220617.pdb.gz	2.349E-18	1.000	583	36	255	259	10	230	302	228	0.849	0.732
LOKIASV2_4119_ESMFold_glycosyltransferase_family_2_protein	MGYP000114834381.pdb.gz	MGYP000114834381.pdb.gz	1.238E-19	1.000	583	20	248	259	4	232	316	239	0.884	0.725
LOKIASV2_4119_ESMFold_glycosyltransferase_family_2_protein	MGYP000624926975.pdb.gz	MGYP000624926975.pdb.gz	6.713E-19	1.000	582	36	257	259	3	232	239	235	0.857	0.962
LOKIASV2_4119_ESMFold_glycosyltransferase_family_2_protein	MGYP004003240173.pdb.gz	MGYP004003240173.pdb.gz	1.056E-17	1.000	582	38	255	259	2	234	239	238	0.842	0.975
LOKIASV2_4119_ESMFold_glycosyltransferase_family_2_protein	MGYP003477026587.pdb.gz	MGYP003477026587.pdb.gz	4.981E-18	1.000	581	35	244	259	4	220	342	219	0.811	0.635
LOKIASV2_4119_ESMFold_glycosyltransferase_family_2_protein	MGYP001573605806.pdb.gz	MGYP001573605806.pdb.gz	1.637E-17	1.000	580	41	247	259	2	213	215	215	0.799	0.986
LOKIASV2_4119_ESMFold_glycosyltransferase_family_2_protein	MGYP001602978421.pdb.gz	MGYP001602978421.pdb.gz	6.812E-18	1.000	580	36	253	259	3	221	222	224	0.842	0.986
LOKIASV2_4119_ESMFold_glycosyltransferase_family_2_protein	MGYP001191600278.pdb.gz	MGYP001191600278.pdb.gz	4.678E-18	1.000	580	36	258	259	2	231	240	235	0.861	0.958
LOKIASV2_4119_ESMFold_glycosyltransferase_family_2_protein	MGYP001557905130.pdb.gz	MGYP001557905130.pdb.gz	3.642E-18	1.000	580	35	251	259	4	229	262	231	0.838	0.863
LOKIASV2_4119_ESMFold_glycosyltransferase_family_2_protein	MGYP000982537332.pdb.gz	MGYP000982537332.pdb.gz	7.147E-19	1.000	580	20	258	259	11	251	267	245	0.923	0.903
LOKIASV2_4119_ESMFold_glycosyltransferase_family_2_protein	MGYP000599893245.pdb.gz	MGYP000599893245.pdb.gz	6.306E-19	1.000	579	37	248	259	18	226	233	219	0.819	0.897
LOKIASV2_4119_ESMFold_glycosyltransferase_family_2_protein	MGYP001211183995.pdb.gz	MGYP001211183995.pdb.gz	1.274E-17	1.000	578	37	258	259	5	225	228	227	0.857	0.969
LOKIASV2_4119_ESMFold_glycosyltransferase_family_2_protein	MGYP001393759396.pdb.gz	MGYP001393759396.pdb.gz	6.306E-19	1.000	577	36	257	259	5	213	221	226	0.857	0.946
LOKIASV2_4119_ESMFold_glycosyltransferase_family_2_protein	MGYP000887314613.pdb.gz	MGYP000887314613.pdb.gz	2.073E-18	1.000	577	36	258	259	1	230	243	240	0.861	0.947
LOKIASV2_4119_ESMFold_glycosyltransferase_family_2_protein	MGYP000521896114.pdb.gz	MGYP000521896114.pdb.gz	1.613E-18	1.000	577	1	255	259	2	243	319	261	0.985	0.759
LOKIASV2_4119_ESMFold_glycosyltransferase_family_2_protein	MGYP004002735559.pdb.gz	MGYP004002735559.pdb.gz	2.073E-18	1.000	576	36	245	259	5	211	212	217	0.811	0.976
LOKIASV2_4119_ESMFold_glycosyltransferase_family_2_protein	MGYP003662839298.pdb.gz	MGYP003662839298.pdb.gz	3.934E-17	1.000	576	35	258	259	4	235	246	236	0.865	0.943
LOKIASV2_4119_ESMFold_glycosyltransferase_family_2_protein	MGYP000748596566.pdb.gz	MGYP000748596566.pdb.gz	3.589E-19	1.000	575	24	251	259	1	242	248	249	0.880	0.976
LOKIASV2_4119_ESMFold_glycosyltransferase_family_2_protein	MGYP001576624198.pdb.gz	MGYP001576624198.pdb.gz	1.180E-18	1.000	574	35	228	259	7	202	203	201	0.749	0.966
LOKIASV2_4119_ESMFold_glycosyltransferase_family_2_protein	MGYP000085461516.pdb.gz	MGYP000085461516.pdb.gz	1.180E-18	1.000	574	32	248	259	4	217	224	223	0.838	0.955
LOKIASV2_4119_ESMFold_glycosyltransferase_family_2_protein	MGYP000567510157.pdb.gz	MGYP000567510157.pdb.gz	7.147E-19	1.000	574	35	258	259	5	226	234	235	0.865	0.949
LOKIASV2_4119_ESMFold_glycosyltransferase_family_2_protein	MGYP000565208309.pdb.gz	MGYP000565208309.pdb.gz	2.794E-19	1.000	574	35	258	259	7	235	243	242	0.865	0.942
LOKIASV2_4119_ESMFold_glycosyltransferase_family_2_protein	MGYP000456878570.pdb.gz	MGYP000456878570.pdb.gz	2.501E-18	1.000	574	36	255	259	5	231	310	230	0.849	0.732
LOKIASV2_4119_ESMFold_glycosyltransferase_family_2_protein	MGYP001141542110.pdb.gz	MGYP001141542110.pdb.gz	1.947E-18	1.000	573	21	228	259	1	207	208	211	0.803	0.995
LOKIASV2_4119_ESMFold_glycosyltransferase_family_2_protein	MGYP002762534790.pdb.gz	MGYP002762534790.pdb.gz	1.337E-18	1.000	573	36	258	259	5	230	237	231	0.861	0.954
LOKIASV2_4119_ESMFold_glycosyltransferase_family_2_protein	MGYP001591437883.pdb.gz	MGYP001591437883.pdb.gz	8.751E-18	1.000	573	36	258	259	14	239	247	233	0.861	0.915
LOKIASV2_4119_ESMFold_glycosyltransferase_family_2_protein	MGYP001423758339.pdb.gz	MGYP001423758339.pdb.gz	2.538E-17	1.000	572	36	213	259	5	185	189	181	0.687	0.958
LOKIASV2_4119_ESMFold_glycosyltransferase_family_2_protein	MGYP000316161950.pdb.gz	MGYP000316161950.pdb.gz	4.068E-19	1.000	572	36	258	259	2	237	244	246	0.861	0.967
LOKIASV2_4119_ESMFold_glycosyltransferase_family_2_protein	MGYP000742923008.pdb.gz	MGYP000742923008.pdb.gz	1.180E-18	1.000	571	36	251	259	1	212	221	226	0.834	0.959
LOKIASV2_4119_ESMFold_glycosyltransferase_family_2_protein	MGYP001393454651.pdb.gz	MGYP001393454651.pdb.gz	1.855E-17	1.000	571	35	245	259	8	225	234	222	0.815	0.932
LOKIASV2_4119_ESMFold_glycosyltransferase_family_2_protein	MGYP001187877442.pdb.gz	MGYP001187877442.pdb.gz	8.751E-18	1.000	571	36	254	259	5	237	253	235	0.846	0.921
LOKIASV2_4119_ESMFold_glycosyltransferase_family_2_protein	MGYP000122354580.pdb.gz	MGYP000122354580.pdb.gz	5.302E-18	1.000	571	38	255	259	38	265	266	239	0.842	0.857
LOKIASV2_4119_ESMFold_glycosyltransferase_family_2_protein	MGYP001386374183.pdb.gz	MGYP001386374183.pdb.gz	5.226E-19	1.000	570	36	253	259	1	224	225	238	0.842	0.996
LOKIASV2_4119_ESMFold_glycosyltransferase_family_2_protein	MGYP000149538120.pdb.gz	MGYP000149538120.pdb.gz	5.302E-18	1.000	570	36	254	259	2	224	240	229	0.846	0.929
LOKIASV2_4119_ESMFold_glycosyltransferase_family_2_protein	MGYP000367123515.pdb.gz	MGYP000367123515.pdb.gz	2.175E-19	1.000	570	26	255	259	6	241	249	248	0.888	0.948
LOKIASV2_4119_ESMFold_glycosyltransferase_family_2_protein	MGYP000295368610.pdb.gz	MGYP000295368610.pdb.gz	1.718E-18	1.000	570	36	258	259	3	240	261	243	0.861	0.912
LOKIASV2_4119_ESMFold_glycosyltransferase_family_2_protein	MGYP001570972329.pdb.gz	MGYP001570972329.pdb.gz	1.108E-18	1.000	570	19	247	259	36	269	271	239	0.884	0.863
LOKIASV2_4119_ESMFold_glycosyltransferase_family_2_protein	MGYP000263730017.pdb.gz	MGYP000263730017.pdb.gz	8.751E-18	1.000	570	36	254	259	1	220	311	227	0.846	0.707
LOKIASV2_4119_ESMFold_glycosyltransferase_family_2_protein	MGYP001593162793.pdb.gz	MGYP001593162793.pdb.gz	9.182E-19	1.000	569	36	258	259	14	241	245	237	0.861	0.931
LOKIASV2_4119_ESMFold_glycosyltransferase_family_2_protein	MGYP001608286996.pdb.gz	MGYP001608286996.pdb.gz	1.357E-17	1.000	568	36	230	259	1	196	198	200	0.753	0.990
LOKIASV2_4119_ESMFold_glycosyltransferase_family_2_protein	MGYP001391921761.pdb.gz	MGYP001391921761.pdb.gz	3.642E-18	1.000	568	35	255	259	4	228	229	234	0.853	0.983
LOKIASV2_4119_ESMFold_glycosyltransferase_family_2_protein	MGYP001610710051.pdb.gz	MGYP001610710051.pdb.gz	1.162E-19	1.000	567	36	257	259	1	221	227	233	0.857	0.974
LOKIASV2_4119_ESMFold_glycosyltransferase_family_2_protein	MGYP001461721436.pdb.gz	MGYP001461721436.pdb.gz	1.056E-17	1.000	567	37	258	259	4	236	243	238	0.857	0.959
LOKIASV2_4119_ESMFold_glycosyltransferase_family_2_protein	MGYP002631851621.pdb.gz	MGYP002631851621.pdb.gz	8.220E-18	1.000	567	36	258	259	37	267	283	234	0.861	0.816
LOKIASV2_4119_ESMFold_glycosyltransferase_family_2_protein	MGYP001561367327.pdb.gz	MGYP001561367327.pdb.gz	9.919E-18	1.000	567	36	259	259	1	224	292	232	0.865	0.767
LOKIASV2_4119_ESMFold_glycosyltransferase_family_2_protein	MGYP001769233520.pdb.gz	MGYP001769233520.pdb.gz	6.912E-17	1.000	566	36	234	259	6	202	202	204	0.768	0.975
LOKIASV2_4119_ESMFold_glycosyltransferase_family_2_protein	MGYP000073578894.pdb.gz	MGYP000073578894.pdb.gz	6.010E-18	1.000	565	36	258	259	4	213	215	229	0.861	0.977
LOKIASV2_4119_ESMFold_glycosyltransferase_family_2_protein	MGYP002603428557.pdb.gz	MGYP002603428557.pdb.gz	1.829E-18	1.000	565	36	258	259	5	231	234	233	0.861	0.970
LOKIASV2_4119_ESMFold_glycosyltransferase_family_2_protein	MGYP001367064331.pdb.gz	MGYP001367064331.pdb.gz	8.220E-18	1.000	565	36	257	259	3	231	247	234	0.857	0.927
LOKIASV2_4119_ESMFold_glycosyltransferase_family_2_protein	MGYP001488344722.pdb.gz	MGYP001488344722.pdb.gz	2.349E-18	1.000	564	36	234	259	2	205	205	212	0.768	0.995
LOKIASV2_4119_ESMFold_glycosyltransferase_family_2_protein	MGYP000545038697.pdb.gz	MGYP000545038697.pdb.gz	4.678E-18	1.000	564	38	251	259	2	216	222	222	0.826	0.968
LOKIASV2_4119_ESMFold_glycosyltransferase_family_2_protein	MGYP001312654652.pdb.gz	MGYP001312654652.pdb.gz	1.538E-17	1.000	564	36	257	259	1	240	243	245	0.857	0.988
LOKIASV2_4119_ESMFold_glycosyltransferase_family_2_protein	MGYP000849933510.pdb.gz	MGYP000849933510.pdb.gz	3.877E-18	1.000	564	35	244	259	7	219	244	222	0.811	0.873
LOKIASV2_4119_ESMFold_glycosyltransferase_family_2_protein	MGYP000642007945.pdb.gz	MGYP000642007945.pdb.gz	2.835E-18	1.000	563	36	257	259	1	222	234	228	0.857	0.949
LOKIASV2_4119_ESMFold_glycosyltransferase_family_2_protein	MGYP001269831009.pdb.gz	MGYP001269831009.pdb.gz	1.124E-17	1.000	563	36	257	259	1	235	240	236	0.857	0.979
LOKIASV2_4119_ESMFold_glycosyltransferase_family_2_protein	MGYP001091982136.pdb.gz	MGYP001091982136.pdb.gz	2.538E-17	1.000	562	36	227	259	10	202	202	200	0.741	0.955
LOKIASV2_4119_ESMFold_glycosyltransferase_family_2_protein	MGYP001302454119.pdb.gz	MGYP001302454119.pdb.gz	4.394E-18	1.000	562	36	258	259	2	209	212	228	0.861	0.981
LOKIASV2_4119_ESMFold_glycosyltransferase_family_2_protein	MGYP001199309708.pdb.gz	MGYP001199309708.pdb.gz	8.751E-18	1.000	562	36	252	259	1	230	239	232	0.838	0.962
LOKIASV2_4119_ESMFold_glycosyltransferase_family_2_protein	MGYP000296260051.pdb.gz	MGYP000296260051.pdb.gz	3.420E-18	1.000	562	18	251	259	4	235	301	241	0.903	0.771
LOKIASV2_4119_ESMFold_glycosyltransferase_family_2_protein	MGYP001176196538.pdb.gz	MGYP001176196538.pdb.gz	4.127E-18	1.000	561	36	252	259	1	225	231	232	0.838	0.974
LOKIASV2_4119_ESMFold_glycosyltransferase_family_2_protein	MGYP001562704964.pdb.gz	MGYP001562704964.pdb.gz	1.238E-19	1.000	561	36	259	259	4	232	234	241	0.865	0.979
LOKIASV2_4119_ESMFold_glycosyltransferase_family_2_protein	MGYP001351521444.pdb.gz	MGYP001351521444.pdb.gz	2.206E-18	1.000	561	26	258	259	8	242	255	244	0.900	0.922
LOKIASV2_4119_ESMFold_glycosyltransferase_family_2_protein	MGYP001102824309.pdb.gz	MGYP001102824309.pdb.gz	4.394E-18	1.000	561	38	251	259	2	219	292	228	0.826	0.747
LOKIASV2_4119_ESMFold_glycosyltransferase_family_2_protein	MGYP001287934989.pdb.gz	MGYP001287934989.pdb.gz	1.274E-17	1.000	561	35	258	259	4	233	310	235	0.865	0.742
LOKIASV2_4119_ESMFold_glycosyltransferase_family_2_protein	MGYP000900746570.pdb.gz	MGYP000900746570.pdb.gz	2.206E-18	1.000	560	33	234	259	1	206	206	210	0.780	1.000
LOKIASV2_4119_ESMFold_glycosyltransferase_family_2_protein	MGYP002725605552.pdb.gz	MGYP002725605552.pdb.gz	4.678E-18	1.000	560	36	248	259	1	212	219	219	0.822	0.968
LOKIASV2_4119_ESMFold_glycosyltransferase_family_2_protein	MGYP001189692425.pdb.gz	MGYP001189692425.pdb.gz	5.645E-18	1.000	560	36	248	259	6	228	304	226	0.822	0.734
LOKIASV2_4119_ESMFold_glycosyltransferase_family_2_protein	MGYP001051705987.pdb.gz	MGYP001051705987.pdb.gz	3.420E-18	1.000	560	37	251	259	30	248	329	229	0.830	0.666
LOKIASV2_4119_ESMFold_glycosyltransferase_family_2_protein	MGYP003976082975.pdb.gz	MGYP003976082975.pdb.gz	9.775E-19	1.000	559	36	247	259	4	202	203	216	0.819	0.980
LOKIASV2_4119_ESMFold_glycosyltransferase_family_2_protein	MGYP000928626156.pdb.gz	MGYP000928626156.pdb.gz	2.073E-18	1.000	559	36	254	259	1	219	226	228	0.846	0.969
LOKIASV2_4119_ESMFold_glycosyltransferase_family_2_protein	MGYP002154251822.pdb.gz	MGYP002154251822.pdb.gz	1.423E-18	1.000	559	36	251	259	2	222	230	229	0.834	0.961
LOKIASV2_4119_ESMFold_glycosyltransferase_family_2_protein	MGYP000241016547.pdb.gz	MGYP000241016547.pdb.gz	1.357E-17	1.000	559	38	251	259	2	217	291	224	0.826	0.742
LOKIASV2_4119_ESMFold_glycosyltransferase_family_2_protein	MGYP002624541639.pdb.gz	MGYP002624541639.pdb.gz	3.213E-18	1.000	558	36	255	259	1	231	244	236	0.849	0.947
LOKIASV2_4119_ESMFold_glycosyltransferase_family_2_protein	MGYP001603785205.pdb.gz	MGYP001603785205.pdb.gz	2.538E-17	1.000	557	30	227	259	2	200	201	203	0.764	0.990
LOKIASV2_4119_ESMFold_glycosyltransferase_family_2_protein	MGYP000465850221.pdb.gz	MGYP000465850221.pdb.gz	2.835E-18	1.000	557	36	253	259	1	216	217	229	0.842	0.995
LOKIASV2_4119_ESMFold_glycosyltransferase_family_2_protein	MGYP001367787533.pdb.gz	MGYP001367787533.pdb.gz	1.515E-18	1.000	557	36	251	259	2	222	224	228	0.834	0.987
LOKIASV2_4119_ESMFold_glycosyltransferase_family_2_protein	MGYP001082970961.pdb.gz	MGYP001082970961.pdb.gz	3.877E-18	1.000	557	35	253	259	13	231	232	228	0.846	0.944
LOKIASV2_4119_ESMFold_glycosyltransferase_family_2_protein	MGYP001323858615.pdb.gz	MGYP001323858615.pdb.gz	2.349E-18	1.000	556	17	227	259	57	264	264	217	0.815	0.788
LOKIASV2_4119_ESMFold_glycosyltransferase_family_2_protein	MGYP001104443896.pdb.gz	MGYP001104443896.pdb.gz	2.384E-17	1.000	556	36	258	259	34	258	293	231	0.861	0.768
LOKIASV2_4119_ESMFold_glycosyltransferase_family_2_protein	MGYP001348084274.pdb.gz	MGYP001348084274.pdb.gz	5.645E-18	1.000	555	36	258	259	4	213	217	225	0.861	0.968
LOKIASV2_4119_ESMFold_glycosyltransferase_family_2_protein	MGYP001573433592.pdb.gz	MGYP001573433592.pdb.gz	5.054E-17	1.000	555	36	252	259	1	215	218	226	0.838	0.986
LOKIASV2_4119_ESMFold_glycosyltransferase_family_2_protein	MGYP002627348614.pdb.gz	MGYP002627348614.pdb.gz	4.981E-18	1.000	555	36	255	259	3	227	236	235	0.849	0.953
LOKIASV2_4119_ESMFold_glycosyltransferase_family_2_protein	MGYP000092878182.pdb.gz	MGYP000092878182.pdb.gz	2.239E-17	1.000	555	35	251	259	67	294	296	231	0.838	0.770
LOKIASV2_4119_ESMFold_glycosyltransferase_family_2_protein	MGYP001266308592.pdb.gz	MGYP001266308592.pdb.gz	4.188E-17	1.000	554	36	254	259	3	223	225	226	0.846	0.982
LOKIASV2_4119_ESMFold_glycosyltransferase_family_2_protein	MGYP001570778467.pdb.gz	MGYP001570778467.pdb.gz	3.213E-18	1.000	554	36	258	259	2	223	235	237	0.861	0.945
LOKIASV2_4119_ESMFold_glycosyltransferase_family_2_protein	MGYP001800699000.pdb.gz	MGYP001800699000.pdb.gz	1.124E-17	1.000	553	38	240	259	7	207	208	212	0.784	0.966
LOKIASV2_4119_ESMFold_glycosyltransferase_family_2_protein	MGYP001562558654.pdb.gz	MGYP001562558654.pdb.gz	2.663E-18	1.000	552	36	247	259	1	217	220	229	0.819	0.986
LOKIASV2_4119_ESMFold_glycosyltransferase_family_2_protein	MGYP001299195349.pdb.gz	MGYP001299195349.pdb.gz	8.220E-18	1.000	552	36	251	259	1	224	225	231	0.834	0.996
LOKIASV2_4119_ESMFold_glycosyltransferase_family_2_protein	MGYP000368127862.pdb.gz	MGYP000368127862.pdb.gz	4.678E-18	1.000	551	36	256	259	4	221	228	234	0.853	0.956
LOKIASV2_4119_ESMFold_glycosyltransferase_family_2_protein	MGYP002153776696.pdb.gz	MGYP002153776696.pdb.gz	3.018E-18	1.000	551	36	257	259	4	235	245	237	0.857	0.947
LOKIASV2_4119_ESMFold_glycosyltransferase_family_2_protein	MGYP003925361581.pdb.gz	MGYP003925361581.pdb.gz	6.912E-17	1.000	551	35	255	259	11	235	247	226	0.853	0.911
LOKIASV2_4119_ESMFold_glycosyltransferase_family_2_protein	MGYP000853333990.pdb.gz	MGYP000853333990.pdb.gz	1.975E-17	1.000	551	35	257	259	4	234	314	236	0.861	0.736
LOKIASV2_4119_ESMFold_glycosyltransferase_family_2_protein	MGYP001045001391.pdb.gz	MGYP001045001391.pdb.gz	3.642E-18	1.000	550	36	251	259	2	216	226	224	0.834	0.951
LOKIASV2_4119_ESMFold_glycosyltransferase_family_2_protein	MGYP001595894726.pdb.gz	MGYP001595894726.pdb.gz	1.718E-18	1.000	550	36	258	259	5	224	228	233	0.861	0.965
LOKIASV2_4119_ESMFold_glycosyltransferase_family_2_protein	MGYP000550196324.pdb.gz	MGYP000550196324.pdb.gz	2.876E-17	1.000	550	35	259	259	10	242	269	242	0.869	0.866
LOKIASV2_4119_ESMFold_glycosyltransferase_family_2_protein	MGYP001222474523.pdb.gz	MGYP001222474523.pdb.gz	1.141E-16	1.000	549	36	244	259	1	217	218	219	0.807	0.995
LOKIASV2_4119_ESMFold_glycosyltransferase_family_2_protein	MGYP001056584678.pdb.gz	MGYP001056584678.pdb.gz	6.812E-18	1.000	549	37	255	259	7	230	244	230	0.846	0.918
LOKIASV2_4119_ESMFold_glycosyltransferase_family_2_protein	MGYP000343049556.pdb.gz	MGYP000343049556.pdb.gz	7.721E-18	1.000	548	36	254	259	2	227	233	235	0.846	0.970
LOKIASV2_4119_ESMFold_glycosyltransferase_family_2_protein	MGYP002777981678.pdb.gz	MGYP002777981678.pdb.gz	3.420E-18	1.000	548	34	255	259	45	270	274	243	0.857	0.825
LOKIASV2_4119_ESMFold_glycosyltransferase_family_2_protein	MGYP001601663860.pdb.gz	MGYP001601663860.pdb.gz	7.252E-18	1.000	548	33	257	259	1	219	278	230	0.869	0.788
LOKIASV2_4119_ESMFold_glycosyltransferase_family_2_protein	MGYP000098742653.pdb.gz	MGYP000098742653.pdb.gz	3.642E-18	1.000	547	20	259	259	1	230	259	247	0.927	0.888
LOKIASV2_4119_ESMFold_glycosyltransferase_family_2_protein	MGYP001997507261.pdb.gz	MGYP001997507261.pdb.gz	1.337E-18	1.000	546	36	258	259	3	218	221	235	0.861	0.977
LOKIASV2_4119_ESMFold_glycosyltransferase_family_2_protein	MGYP001057462085.pdb.gz	MGYP001057462085.pdb.gz	8.751E-18	1.000	546	37	258	259	6	229	232	234	0.857	0.966
LOKIASV2_4119_ESMFold_glycosyltransferase_family_2_protein	MGYP000861897820.pdb.gz	MGYP000861897820.pdb.gz	2.103E-17	1.000	545	36	257	259	3	223	227	230	0.857	0.974
LOKIASV2_4119_ESMFold_glycosyltransferase_family_2_protein	MGYP001147211813.pdb.gz	MGYP001147211813.pdb.gz	2.419E-16	1.000	545	38	258	259	6	226	228	227	0.853	0.969
LOKIASV2_4119_ESMFold_glycosyltransferase_family_2_protein	MGYP000991731367.pdb.gz	MGYP000991731367.pdb.gz	8.751E-18	1.000	545	37	258	259	4	243	246	245	0.857	0.976
LOKIASV2_4119_ESMFold_glycosyltransferase_family_2_protein	MGYP000554317276.pdb.gz	MGYP000554317276.pdb.gz	9.453E-17	1.000	545	35	258	259	4	235	247	235	0.865	0.939
LOKIASV2_4119_ESMFold_glycosyltransferase_family_2_protein	MGYP003294525312.pdb.gz	MGYP003294525312.pdb.gz	2.663E-18	1.000	545	23	248	259	5	235	311	239	0.873	0.743
LOKIASV2_4119_ESMFold_glycosyltransferase_family_2_protein	MGYP003394410105.pdb.gz	MGYP003394410105.pdb.gz	3.695E-17	1.000	545	35	255	259	18	236	311	225	0.853	0.704
LOKIASV2_4119_ESMFold_glycosyltransferase_family_2_protein	MGYP000294949792.pdb.gz	MGYP000294949792.pdb.gz	1.274E-17	1.000	544	36	255	259	4	225	231	232	0.849	0.961
LOKIASV2_4119_ESMFold_glycosyltransferase_family_2_protein	MGYP000557146374.pdb.gz	MGYP000557146374.pdb.gz	1.041E-18	1.000	544	36	257	259	5	235	242	243	0.857	0.955
LOKIASV2_4119_ESMFold_glycosyltransferase_family_2_protein	MGYP001100330025.pdb.gz	MGYP001100330025.pdb.gz	2.835E-18	1.000	543	37	258	259	3	221	225	233	0.857	0.973
LOKIASV2_4119_ESMFold_glycosyltransferase_family_2_protein	MGYP001160717497.pdb.gz	MGYP001160717497.pdb.gz	4.981E-18	1.000	543	24	229	259	18	233	243	224	0.795	0.889
LOKIASV2_4119_ESMFold_glycosyltransferase_family_2_protein	MGYP001361351091.pdb.gz	MGYP001361351091.pdb.gz	6.812E-18	1.000	543	36	258	259	1	234	243	239	0.861	0.963
LOKIASV2_4119_ESMFold_glycosyltransferase_family_2_protein	MGYP001172768743.pdb.gz	MGYP001172768743.pdb.gz	1.337E-18	1.000	543	1	259	259	2	250	250	270	1.000	0.996
LOKIASV2_4119_ESMFold_glycosyltransferase_family_2_protein	MGYP001579670087.pdb.gz	MGYP001579670087.pdb.gz	6.098E-17	1.000	542	36	251	259	4	218	219	225	0.834	0.982
LOKIASV2_4119_ESMFold_glycosyltransferase_family_2_protein	MGYP001600581495.pdb.gz	MGYP001600581495.pdb.gz	3.642E-18	1.000	541	36	257	259	1	225	232	235	0.857	0.970
LOKIASV2_4119_ESMFold_glycosyltransferase_family_2_protein	MGYP000618897901.pdb.gz	MGYP000618897901.pdb.gz	4.459E-17	1.000	541	41	258	259	2	236	238	238	0.842	0.987
LOKIASV2_4119_ESMFold_glycosyltransferase_family_2_protein	MGYP002630457658.pdb.gz	MGYP002630457658.pdb.gz	4.188E-17	1.000	541	35	258	259	4	232	258	238	0.865	0.888
LOKIASV2_4119_ESMFold_glycosyltransferase_family_2_protein	MGYP000668528704.pdb.gz	MGYP000668528704.pdb.gz	4.747E-17	1.000	541	36	254	259	4	233	319	234	0.846	0.721
LOKIASV2_4119_ESMFold_glycosyltransferase_family_2_protein	MGYP001492770849.pdb.gz	MGYP001492770849.pdb.gz	5.054E-17	1.000	540	17	255	259	5	249	273	251	0.923	0.897
LOKIASV2_4119_ESMFold_glycosyltransferase_family_2_protein	MGYP001183058106.pdb.gz	MGYP001183058106.pdb.gz	3.471E-17	1.000	539	42	252	259	2	209	221	217	0.815	0.941
LOKIASV2_4119_ESMFold_glycosyltransferase_family_2_protein	MGYP001569184810.pdb.gz	MGYP001569184810.pdb.gz	2.349E-18	1.000	539	36	256	259	5	213	223	228	0.853	0.937
LOKIASV2_4119_ESMFold_glycosyltransferase_family_2_protein	MGYP000868677582.pdb.gz	MGYP000868677582.pdb.gz	8.751E-18	1.000	539	36	255	259	7	240	246	244	0.849	0.951
LOKIASV2_4119_ESMFold_glycosyltransferase_family_2_protein	MGYP001410092251.pdb.gz	MGYP001410092251.pdb.gz	1.975E-17	1.000	539	33	258	259	5	237	248	237	0.873	0.940
LOKIASV2_4119_ESMFold_glycosyltransferase_family_2_protein	MGYP000521162297.pdb.gz	MGYP000521162297.pdb.gz	3.260E-17	1.000	538	36	243	259	1	197	202	212	0.803	0.975
LOKIASV2_4119_ESMFold_glycosyltransferase_family_2_protein	MGYP000139939683.pdb.gz	MGYP000139939683.pdb.gz	7.721E-18	1.000	538	38	251	259	4	223	258	232	0.826	0.853
LOKIASV2_4119_ESMFold_glycosyltransferase_family_2_protein	MGYP000672230200.pdb.gz	MGYP000672230200.pdb.gz	2.538E-17	1.000	538	36	257	259	4	221	296	228	0.857	0.736
LOKIASV2_4119_ESMFold_glycosyltransferase_family_2_protein	MGYP001459822359.pdb.gz	MGYP001459822359.pdb.gz	2.575E-16	1.000	536	35	227	259	4	202	202	204	0.745	0.985
LOKIASV2_4119_ESMFold_glycosyltransferase_family_2_protein	MGYP001092209310.pdb.gz	MGYP001092209310.pdb.gz	6.492E-17	1.000	536	36	255	259	1	217	219	230	0.849	0.991
LOKIASV2_4119_ESMFold_glycosyltransferase_family_2_protein	MGYP001226483602.pdb.gz	MGYP001226483602.pdb.gz	9.919E-18	1.000	536	36	258	259	4	217	220	232	0.861	0.973
LOKIASV2_4119_ESMFold_glycosyltransferase_family_2_protein	MGYP003588299719.pdb.gz	MGYP003588299719.pdb.gz	1.444E-17	1.000	536	36	258	259	17	245	322	237	0.861	0.711
LOKIASV2_4119_ESMFold_glycosyltransferase_family_2_protein	MGYP001618685078.pdb.gz	MGYP001618685078.pdb.gz	1.357E-17	1.000	535	37	253	259	7	226	228	231	0.838	0.965
LOKIASV2_4119_ESMFold_glycosyltransferase_family_2_protein	MGYP001172380945.pdb.gz	MGYP001172380945.pdb.gz	1.214E-16	1.000	534	36	258	259	4	223	227	231	0.861	0.969
LOKIASV2_4119_ESMFold_glycosyltransferase_family_2_protein	MGYP003575385731.pdb.gz	MGYP003575385731.pdb.gz	1.855E-17	1.000	534	36	251	259	6	221	229	225	0.834	0.943
LOKIASV2_4119_ESMFold_glycosyltransferase_family_2_protein	MGYP001018567267.pdb.gz	MGYP001018567267.pdb.gz	1.718E-18	1.000	534	15	258	259	36	277	299	259	0.942	0.809
LOKIASV2_4119_ESMFold_glycosyltransferase_family_2_protein	MGYP000938791124.pdb.gz	MGYP000938791124.pdb.gz	1.975E-17	1.000	534	35	255	259	5	235	335	234	0.853	0.690
LOKIASV2_4119_ESMFold_glycosyltransferase_family_2_protein	MGYP000488684335.pdb.gz	MGYP000488684335.pdb.gz	1.661E-16	1.000	533	36	193	259	4	166	171	164	0.610	0.953
LOKIASV2_4119_ESMFold_glycosyltransferase_family_2_protein	MGYP001116885165.pdb.gz	MGYP001116885165.pdb.gz	4.459E-17	1.000	533	37	251	259	8	230	297	230	0.830	0.751
LOKIASV2_4119_ESMFold_glycosyltransferase_family_2_protein	MGYP001590648181.pdb.gz	MGYP001590648181.pdb.gz	2.419E-16	1.000	532	36	258	259	1	215	219	226	0.861	0.982
LOKIASV2_4119_ESMFold_glycosyltransferase_family_2_protein	MGYP000619438756.pdb.gz	MGYP000619438756.pdb.gz	6.010E-18	1.000	532	20	255	259	3	242	250	248	0.911	0.960
LOKIASV2_4119_ESMFold_glycosyltransferase_family_2_protein	MGYP002884579315.pdb.gz	MGYP002884579315.pdb.gz	5.054E-17	1.000	532	24	256	259	12	252	258	245	0.900	0.934
LOKIASV2_4119_ESMFold_glycosyltransferase_family_2_protein	MGYP001818888263.pdb.gz	MGYP001818888263.pdb.gz	3.991E-16	1.000	531	35	244	259	4	220	222	219	0.811	0.977
LOKIASV2_4119_ESMFold_glycosyltransferase_family_2_protein	MGYP000945635054.pdb.gz	MGYP000945635054.pdb.gz	2.073E-18	1.000	531	36	258	259	1	222	226	237	0.861	0.982
LOKIASV2_4119_ESMFold_glycosyltransferase_family_2_protein	MGYP001613049394.pdb.gz	MGYP001613049394.pdb.gz	1.141E-16	1.000	531	36	252	259	1	229	236	231	0.838	0.970
LOKIASV2_4119_ESMFold_glycosyltransferase_family_2_protein	MGYP001043443320.pdb.gz	MGYP001043443320.pdb.gz	1.560E-16	1.000	530	36	230	259	1	193	193	205	0.753	1.000
LOKIASV2_4119_ESMFold_glycosyltransferase_family_2_protein	MGYP000846665487.pdb.gz	MGYP000846665487.pdb.gz	1.855E-17	1.000	530	38	256	259	17	240	255	233	0.846	0.878
LOKIASV2_4119_ESMFold_glycosyltransferase_family_2_protein	MGYP001086026084.pdb.gz	MGYP001086026084.pdb.gz	9.453E-17	1.000	530	35	250	259	29	246	280	225	0.834	0.779
LOKIASV2_4119_ESMFold_glycosyltransferase_family_2_protein	MGYP001255722824.pdb.gz	MGYP001255722824.pdb.gz	2.384E-17	1.000	529	36	239	259	1	193	196	208	0.788	0.985
LOKIASV2_4119_ESMFold_glycosyltransferase_family_2_protein	MGYP001413568771.pdb.gz	MGYP001413568771.pdb.gz	1.855E-17	1.000	528	37	256	259	6	221	223	224	0.849	0.969
LOKIASV2_4119_ESMFold_glycosyltransferase_family_2_protein	MGYP000608223006.pdb.gz	MGYP000608223006.pdb.gz	5.054E-17	1.000	528	36	259	259	3	230	233	235	0.865	0.979
LOKIASV2_4119_ESMFold_glycosyltransferase_family_2_protein	MGYP001605912100.pdb.gz	MGYP001605912100.pdb.gz	4.459E-17	1.000	528	36	256	259	1	230	234	236	0.853	0.983
LOKIASV2_4119_ESMFold_glycosyltransferase_family_2_protein	MGYP000067322214.pdb.gz	MGYP000067322214.pdb.gz	1.538E-17	1.000	527	20	230	259	1	207	209	218	0.815	0.990
LOKIASV2_4119_ESMFold_glycosyltransferase_family_2_protein	MGYP001324772462.pdb.gz	MGYP001324772462.pdb.gz	5.128E-16	1.000	527	36	256	259	3	219	220	226	0.853	0.986
LOKIASV2_4119_ESMFold_glycosyltransferase_family_2_protein	MGYP000970286910.pdb.gz	MGYP000970286910.pdb.gz	7.949E-16	1.000	527	36	259	259	3	224	224	229	0.865	0.991
LOKIASV2_4119_ESMFold_glycosyltransferase_family_2_protein	MGYP000858706846.pdb.gz	MGYP000858706846.pdb.gz	1.006E-16	1.000	527	36	258	259	4	227	231	234	0.861	0.970
LOKIASV2_4119_ESMFold_glycosyltransferase_family_2_protein	MGYP000867422217.pdb.gz	MGYP000867422217.pdb.gz	2.419E-16	1.000	527	39	256	259	2	228	233	231	0.842	0.974
LOKIASV2_4119_ESMFold_glycosyltransferase_family_2_protein	MGYP001595578412.pdb.gz	MGYP001595578412.pdb.gz	3.471E-17	1.000	527	36	258	259	12	233	237	234	0.861	0.937
LOKIASV2_4119_ESMFold_glycosyltransferase_family_2_protein	MGYP001036878160.pdb.gz	MGYP001036878160.pdb.gz	1.855E-17	1.000	527	36	258	259	1	231	323	237	0.861	0.715
LOKIASV2_4119_ESMFold_glycosyltransferase_family_2_protein	MGYP000607288900.pdb.gz	MGYP000607288900.pdb.gz	5.380E-17	1.000	526	35	257	259	2	214	218	232	0.861	0.977
LOKIASV2_4119_ESMFold_glycosyltransferase_family_2_protein	MGYP001566614232.pdb.gz	MGYP001566614232.pdb.gz	4.249E-16	1.000	526	36	258	259	1	217	223	226	0.861	0.973
LOKIASV2_4119_ESMFold_glycosyltransferase_family_2_protein	MGYP001769780088.pdb.gz	MGYP001769780088.pdb.gz	1.829E-18	1.000	526	20	258	259	1	230	244	251	0.923	0.943
LOKIASV2_4119_ESMFold_glycosyltransferase_family_2_protein	MGYP001569767965.pdb.gz	MGYP001569767965.pdb.gz	3.062E-17	1.000	524	36	253	259	6	223	225	234	0.842	0.969
LOKIASV2_4119_ESMFold_glycosyltransferase_family_2_protein	MGYP001572439797.pdb.gz	MGYP001572439797.pdb.gz	2.103E-17	1.000	524	36	256	259	1	225	231	238	0.853	0.974
LOKIASV2_4119_ESMFold_glycosyltransferase_family_2_protein	MGYP001577076026.pdb.gz	MGYP001577076026.pdb.gz	5.380E-17	1.000	524	36	258	259	1	230	236	238	0.861	0.975
LOKIASV2_4119_ESMFold_glycosyltransferase_family_2_protein	MGYP001340009091.pdb.gz	MGYP001340009091.pdb.gz	2.918E-16	1.000	524	36	257	259	4	233	239	234	0.857	0.962
LOKIASV2_4119_ESMFold_glycosyltransferase_family_2_protein	MGYP002830354996.pdb.gz	MGYP002830354996.pdb.gz	4.459E-17	1.000	523	36	258	259	1	225	232	241	0.861	0.970
LOKIASV2_4119_ESMFold_glycosyltransferase_family_2_protein	MGYP002880121265.pdb.gz	MGYP002880121265.pdb.gz	4.981E-18	1.000	523	35	254	259	4	237	240	244	0.849	0.975
LOKIASV2_4119_ESMFold_glycosyltransferase_family_2_protein	MGYP000159064219.pdb.gz	MGYP000159064219.pdb.gz	3.877E-18	1.000	523	20	259	259	3	239	241	253	0.927	0.983
LOKIASV2_4119_ESMFold_glycosyltransferase_family_2_protein	MGYP001778137873.pdb.gz	MGYP001778137873.pdb.gz	2.835E-18	1.000	523	36	248	259	11	242	244	237	0.822	0.951
LOKIASV2_4119_ESMFold_glycosyltransferase_family_2_protein	MGYP001271377418.pdb.gz	MGYP001271377418.pdb.gz	5.728E-17	1.000	522	35	259	259	9	222	222	231	0.869	0.964
LOKIASV2_4119_ESMFold_glycosyltransferase_family_2_protein	MGYP001217421215.pdb.gz	MGYP001217421215.pdb.gz	2.876E-17	1.000	521	35	257	259	4	233	240	238	0.861	0.958
LOKIASV2_4119_ESMFold_glycosyltransferase_family_2_protein	MGYP000942951989.pdb.gz	MGYP000942951989.pdb.gz	8.879E-17	1.000	521	36	251	259	5	228	254	231	0.834	0.882
LOKIASV2_4119_ESMFold_glycosyltransferase_family_2_protein	MGYP001244988351.pdb.gz	MGYP001244988351.pdb.gz	2.538E-17	1.000	520	36	258	259	3	233	240	245	0.861	0.962
LOKIASV2_4119_ESMFold_glycosyltransferase_family_2_protein	MGYP000710484609.pdb.gz	MGYP000710484609.pdb.gz	1.293E-16	1.000	520	36	255	259	2	221	297	234	0.849	0.741
LOKIASV2_4119_ESMFold_glycosyltransferase_family_2_protein	MGYP002855675716.pdb.gz	MGYP002855675716.pdb.gz	6.587E-16	1.000	520	36	257	259	2	221	302	228	0.857	0.728
LOKIASV2_4119_ESMFold_glycosyltransferase_family_2_protein	MGYP001421481337.pdb.gz	MGYP001421481337.pdb.gz	1.444E-17	1.000	518	36	253	259	1	213	215	227	0.842	0.991
LOKIASV2_4119_ESMFold_glycosyltransferase_family_2_protein	MGYP001270937585.pdb.gz	MGYP001270937585.pdb.gz	1.214E-16	1.000	518	38	259	259	2	236	236	241	0.857	0.996
LOKIASV2_4119_ESMFold_glycosyltransferase_family_2_protein	MGYP001143566415.pdb.gz	MGYP001143566415.pdb.gz	4.188E-17	1.000	517	36	252	259	4	211	221	227	0.838	0.941
LOKIASV2_4119_ESMFold_glycosyltransferase_family_2_protein	MGYP000686921346.pdb.gz	MGYP000686921346.pdb.gz	6.587E-16	1.000	517	38	258	259	9	239	241	233	0.853	0.959
LOKIASV2_4119_ESMFold_glycosyltransferase_family_2_protein	MGYP001817775213.pdb.gz	MGYP001817775213.pdb.gz	4.747E-17	1.000	517	37	251	259	16	232	248	226	0.830	0.875
LOKIASV2_4119_ESMFold_glycosyltransferase_family_2_protein	MGYP003705948611.pdb.gz	MGYP003705948611.pdb.gz	8.879E-17	1.000	517	35	255	259	14	242	343	235	0.853	0.668
LOKIASV2_4119_ESMFold_glycosyltransferase_family_2_protein	MGYP000554199372.pdb.gz	MGYP000554199372.pdb.gz	5.459E-16	1.000	516	26	235	259	1	200	200	214	0.811	1.000
LOKIASV2_4119_ESMFold_glycosyltransferase_family_2_protein	MGYP001274743570.pdb.gz	MGYP001274743570.pdb.gz	4.188E-17	1.000	516	36	251	259	2	221	226	230	0.834	0.973
LOKIASV2_4119_ESMFold_glycosyltransferase_family_2_protein	MGYP000978997425.pdb.gz	MGYP000978997425.pdb.gz	3.308E-16	1.000	516	35	258	259	2	231	256	234	0.865	0.898
LOKIASV2_4119_ESMFold_glycosyltransferase_family_2_protein	MGYP001063500253.pdb.gz	MGYP001063500253.pdb.gz	2.134E-16	1.000	515	37	254	259	25	253	352	232	0.842	0.651
LOKIASV2_4119_ESMFold_glycosyltransferase_family_2_protein	MGYP001225936920.pdb.gz	MGYP001225936920.pdb.gz	5.054E-17	1.000	513	36	235	259	3	211	211	216	0.772	0.991
LOKIASV2_4119_ESMFold_glycosyltransferase_family_2_protein	MGYP000265337079.pdb.gz	MGYP000265337079.pdb.gz	5.459E-16	1.000	513	35	236	259	5	200	226	206	0.780	0.867
LOKIASV2_4119_ESMFold_glycosyltransferase_family_2_protein	MGYP003288649190.pdb.gz	MGYP003288649190.pdb.gz	2.702E-17	1.000	513	35	256	259	4	232	311	238	0.857	0.736
LOKIASV2_4119_ESMFold_glycosyltransferase_family_2_protein	MGYP000218058013.pdb.gz	MGYP000218058013.pdb.gz	3.471E-17	1.000	512	36	257	259	4	214	217	229	0.857	0.972
LOKIASV2_4119_ESMFold_glycosyltransferase_family_2_protein	MGYP000117752869.pdb.gz	MGYP000117752869.pdb.gz	3.934E-17	1.000	512	36	256	259	11	228	230	226	0.853	0.948
LOKIASV2_4119_ESMFold_glycosyltransferase_family_2_protein	MGYP001371847282.pdb.gz	MGYP001371847282.pdb.gz	1.560E-16	1.000	512	36	258	259	15	243	256	238	0.861	0.895
LOKIASV2_4119_ESMFold_glycosyltransferase_family_2_protein	MGYP001589675623.pdb.gz	MGYP001589675623.pdb.gz	2.384E-17	1.000	512	36	258	259	3	240	272	247	0.861	0.875
LOKIASV2_4119_ESMFold_glycosyltransferase_family_2_protein	MGYP001061000661.pdb.gz	MGYP001061000661.pdb.gz	6.188E-16	1.000	511	36	255	259	1	215	219	227	0.849	0.982
LOKIASV2_4119_ESMFold_glycosyltransferase_family_2_protein	MGYP001622968071.pdb.gz	MGYP001622968071.pdb.gz	3.749E-16	1.000	511	36	257	259	1	217	279	227	0.857	0.778
LOKIASV2_4119_ESMFold_glycosyltransferase_family_2_protein	MGYP001059219639.pdb.gz	MGYP001059219639.pdb.gz	2.918E-16	1.000	511	36	251	259	13	232	318	227	0.834	0.692
LOKIASV2_4119_ESMFold_glycosyltransferase_family_2_protein	MGYP000447797910.pdb.gz	MGYP000447797910.pdb.gz	2.575E-16	1.000	509	38	258	259	7	227	229	231	0.853	0.965
LOKIASV2_4119_ESMFold_glycosyltransferase_family_2_protein	MGYP000911765229.pdb.gz	MGYP000911765229.pdb.gz	2.134E-16	1.000	508	36	237	259	1	212	212	216	0.780	1.000
LOKIASV2_4119_ESMFold_glycosyltransferase_family_2_protein	MGYP001611680013.pdb.gz	MGYP001611680013.pdb.gz	3.308E-16	1.000	508	36	249	259	1	220	223	227	0.826	0.987
LOKIASV2_4119_ESMFold_glycosyltransferase_family_2_protein	MGYP002628167764.pdb.gz	MGYP002628167764.pdb.gz	5.728E-17	1.000	508	36	255	259	2	220	230	228	0.849	0.952
LOKIASV2_4119_ESMFold_glycosyltransferase_family_2_protein	MGYP003393002551.pdb.gz	MGYP003393002551.pdb.gz	4.524E-16	1.000	508	36	259	259	2	242	244	244	0.865	0.988
LOKIASV2_4119_ESMFold_glycosyltransferase_family_2_protein	MGYP001409832478.pdb.gz	MGYP001409832478.pdb.gz	7.013E-16	1.000	508	35	251	259	4	226	245	232	0.838	0.910
LOKIASV2_4119_ESMFold_glycosyltransferase_family_2_protein	MGYP003576760025.pdb.gz	MGYP003576760025.pdb.gz	6.492E-17	1.000	508	5	259	259	3	255	255	269	0.985	0.992
LOKIASV2_4119_ESMFold_glycosyltransferase_family_2_protein	MGYP003973517851.pdb.gz	MGYP003973517851.pdb.gz	2.419E-16	1.000	507	37	256	259	4	213	219	228	0.849	0.959
LOKIASV2_4119_ESMFold_glycosyltransferase_family_2_protein	MGYP002336239855.pdb.gz	MGYP002336239855.pdb.gz	7.721E-18	1.000	507	37	256	259	24	237	246	229	0.849	0.870
LOKIASV2_4119_ESMFold_glycosyltransferase_family_2_protein	MGYP003981641235.pdb.gz	MGYP003981641235.pdb.gz	4.459E-17	1.000	507	15	259	259	27	279	304	258	0.946	0.832
LOKIASV2_4119_ESMFold_glycosyltransferase_family_2_protein	MGYP001599669248.pdb.gz	MGYP001599669248.pdb.gz	4.249E-16	1.000	506	37	250	259	3	219	224	227	0.826	0.969
LOKIASV2_4119_ESMFold_glycosyltransferase_family_2_protein	MGYP001469784746.pdb.gz	MGYP001469784746.pdb.gz	3.749E-16	1.000	506	38	255	259	2	228	313	232	0.842	0.725
LOKIASV2_4119_ESMFold_glycosyltransferase_family_2_protein	MGYP001613860331.pdb.gz	MGYP001613860331.pdb.gz	3.934E-17	1.000	505	36	256	259	1	222	228	240	0.853	0.974
LOKIASV2_4119_ESMFold_glycosyltransferase_family_2_protein	MGYP001045795503.pdb.gz	MGYP001045795503.pdb.gz	7.949E-16	1.000	505	36	258	259	1	232	237	236	0.861	0.979
LOKIASV2_4119_ESMFold_glycosyltransferase_family_2_protein	MGYP002408584147.pdb.gz	MGYP002408584147.pdb.gz	2.702E-17	1.000	505	12	246	259	2	241	326	248	0.907	0.736
LOKIASV2_4119_ESMFold_glycosyltransferase_family_2_protein	MGYP001337521869.pdb.gz	MGYP001337521869.pdb.gz	3.308E-16	1.000	504	36	258	259	2	213	215	229	0.861	0.986
LOKIASV2_4119_ESMFold_glycosyltransferase_family_2_protein	MGYP001343943575.pdb.gz	MGYP001343943575.pdb.gz	1.661E-16	1.000	504	36	259	259	4	219	219	233	0.865	0.986
LOKIASV2_4119_ESMFold_glycosyltransferase_family_2_protein	MGYP001160901627.pdb.gz	MGYP001160901627.pdb.gz	1.465E-16	1.000	504	37	255	259	2	211	226	225	0.846	0.929
LOKIASV2_4119_ESMFold_glycosyltransferase_family_2_protein	MGYP001611937949.pdb.gz	MGYP001611937949.pdb.gz	3.934E-17	1.000	504	36	251	259	3	226	230	235	0.834	0.974
LOKIASV2_4119_ESMFold_glycosyltransferase_family_2_protein	MGYP001178821155.pdb.gz	MGYP001178821155.pdb.gz	8.340E-17	1.000	504	36	257	259	4	227	237	238	0.857	0.945
LOKIASV2_4119_ESMFold_glycosyltransferase_family_2_protein	MGYP001592733715.pdb.gz	MGYP001592733715.pdb.gz	4.524E-16	1.000	504	36	258	259	2	232	238	238	0.861	0.971
LOKIASV2_4119_ESMFold_glycosyltransferase_family_2_protein	MGYP001483593783.pdb.gz	MGYP001483593783.pdb.gz	1.232E-15	1.000	503	36	252	259	3	219	220	226	0.838	0.986
LOKIASV2_4119_ESMFold_glycosyltransferase_family_2_protein	MGYP000029457675.pdb.gz	MGYP000029457675.pdb.gz	6.492E-17	1.000	503	40	255	259	2	226	227	233	0.834	0.991
LOKIASV2_4119_ESMFold_glycosyltransferase_family_2_protein	MGYP001602549984.pdb.gz	MGYP001602549984.pdb.gz	2.134E-16	1.000	503	35	259	259	6	238	238	249	0.869	0.979
LOKIASV2_4119_ESMFold_glycosyltransferase_family_2_protein	MGYP000700463652.pdb.gz	MGYP000700463652.pdb.gz	1.157E-15	1.000	503	30	231	259	3	204	270	208	0.780	0.748
LOKIASV2_4119_ESMFold_glycosyltransferase_family_2_protein	MGYP001338663715.pdb.gz	MGYP001338663715.pdb.gz	9.453E-17	1.000	502	36	257	259	1	208	214	228	0.857	0.972
LOKIASV2_4119_ESMFold_glycosyltransferase_family_2_protein	MGYP001214899053.pdb.gz	MGYP001214899053.pdb.gz	6.098E-17	1.000	502	16	257	259	3	232	233	247	0.934	0.987
LOKIASV2_4119_ESMFold_glycosyltransferase_family_2_protein	MGYP001578370085.pdb.gz	MGYP001578370085.pdb.gz	1.768E-16	1.000	502	36	258	259	1	231	235	238	0.861	0.983
LOKIASV2_4119_ESMFold_glycosyltransferase_family_2_protein	MGYP001591181558.pdb.gz	MGYP001591181558.pdb.gz	1.794E-15	1.000	502	36	259	259	6	239	239	237	0.865	0.979
LOKIASV2_4119_ESMFold_glycosyltransferase_family_2_protein	MGYP001276541127.pdb.gz	MGYP001276541127.pdb.gz	2.419E-16	1.000	501	38	253	259	5	222	223	225	0.834	0.978
LOKIASV2_4119_ESMFold_glycosyltransferase_family_2_protein	MGYP000145780861.pdb.gz	MGYP000145780861.pdb.gz	9.010E-16	1.000	501	36	255	259	1	220	224	233	0.849	0.982
LOKIASV2_4119_ESMFold_glycosyltransferase_family_2_protein	MGYP000532441534.pdb.gz	MGYP000532441534.pdb.gz	2.419E-16	1.000	501	36	256	259	6	234	239	236	0.853	0.958
LOKIASV2_4119_ESMFold_glycosyltransferase_family_2_protein	MGYP001134316045.pdb.gz	MGYP001134316045.pdb.gz	2.419E-16	1.000	501	36	258	259	4	238	240	241	0.861	0.979
LOKIASV2_4119_ESMFold_glycosyltransferase_family_2_protein	MGYP001023439291.pdb.gz	MGYP001023439291.pdb.gz	2.918E-16	1.000	501	21	247	259	1	231	271	239	0.876	0.852
LOKIASV2_4119_ESMFold_glycosyltransferase_family_2_protein	MGYP001801507067.pdb.gz	MGYP001801507067.pdb.gz	5.459E-16	1.000	500	38	232	259	2	193	194	204	0.753	0.990
LOKIASV2_4119_ESMFold_glycosyltransferase_family_2_protein	MGYP000429948373.pdb.gz	MGYP000429948373.pdb.gz	2.272E-16	1.000	500	36	254	259	4	208	212	224	0.846	0.967
LOKIASV2_4119_ESMFold_glycosyltransferase_family_2_protein	MGYP001563079303.pdb.gz	MGYP001563079303.pdb.gz	1.071E-16	1.000	500	36	236	259	1	212	213	220	0.776	0.995
LOKIASV2_4119_ESMFold_glycosyltransferase_family_2_protein	MGYP001242044287.pdb.gz	MGYP001242044287.pdb.gz	2.961E-15	1.000	500	36	251	259	3	217	220	220	0.834	0.977
LOKIASV2_4119_ESMFold_glycosyltransferase_family_2_protein	MGYP001307661752.pdb.gz	MGYP001307661752.pdb.gz	2.272E-16	1.000	500	35	257	259	3	220	221	234	0.861	0.986
LOKIASV2_4119_ESMFold_glycosyltransferase_family_2_protein	MGYP000630286278.pdb.gz	MGYP000630286278.pdb.gz	7.013E-16	1.000	500	35	251	259	4	226	228	231	0.838	0.978
LOKIASV2_4119_ESMFold_glycosyltransferase_family_2_protein	MGYP001355743466.pdb.gz	MGYP001355743466.pdb.gz	3.107E-16	1.000	499	36	255	259	1	224	228	235	0.849	0.982
LOKIASV2_4119_ESMFold_glycosyltransferase_family_2_protein	MGYP000137106566.pdb.gz	MGYP000137106566.pdb.gz	9.453E-17	1.000	499	12	251	259	36	266	359	247	0.927	0.643
LOKIASV2_4119_ESMFold_glycosyltransferase_family_2_protein	MGYP001569751654.pdb.gz	MGYP001569751654.pdb.gz	2.004E-16	1.000	498	36	255	259	2	226	232	233	0.849	0.970
LOKIASV2_4119_ESMFold_glycosyltransferase_family_2_protein	MGYP001608796132.pdb.gz	MGYP001608796132.pdb.gz	6.398E-18	1.000	497	36	254	259	1	241	244	249	0.846	0.988
LOKIASV2_4119_ESMFold_glycosyltransferase_family_2_protein	MGYP001182391276.pdb.gz	MGYP001182391276.pdb.gz	3.749E-16	1.000	497	36	258	259	5	240	258	243	0.861	0.915
LOKIASV2_4119_ESMFold_glycosyltransferase_family_2_protein	MGYP000969815222.pdb.gz	MGYP000969815222.pdb.gz	2.004E-16	1.000	496	36	253	259	4	212	214	226	0.842	0.977
LOKIASV2_4119_ESMFold_glycosyltransferase_family_2_protein	MGYP001047816626.pdb.gz	MGYP001047816626.pdb.gz	2.103E-17	1.000	496	31	252	259	58	299	301	253	0.857	0.804
LOKIASV2_4119_ESMFold_glycosyltransferase_family_2_protein	MGYP000931480488.pdb.gz	MGYP000931480488.pdb.gz	4.524E-16	1.000	495	36	251	259	1	220	225	231	0.834	0.978
LOKIASV2_4119_ESMFold_glycosyltransferase_family_2_protein	MGYP000853259365.pdb.gz	MGYP000853259365.pdb.gz	7.358E-17	1.000	495	37	258	259	5	222	226	232	0.857	0.965
LOKIASV2_4119_ESMFold_glycosyltransferase_family_2_protein	MGYP001181012460.pdb.gz	MGYP001181012460.pdb.gz	1.487E-15	1.000	495	36	251	259	1	224	232	232	0.834	0.966
LOKIASV2_4119_ESMFold_glycosyltransferase_family_2_protein	MGYP000240409202.pdb.gz	MGYP000240409202.pdb.gz	1.071E-16	1.000	495	36	254	259	1	229	242	242	0.846	0.946
LOKIASV2_4119_ESMFold_glycosyltransferase_family_2_protein	MGYP001128115857.pdb.gz	MGYP001128115857.pdb.gz	3.991E-16	1.000	495	20	259	259	2	248	250	259	0.927	0.988
LOKIASV2_4119_ESMFold_glycosyltransferase_family_2_protein	MGYP001245414865.pdb.gz	MGYP001245414865.pdb.gz	2.575E-16	1.000	494	36	256	259	3	221	222	233	0.853	0.986
LOKIASV2_4119_ESMFold_glycosyltransferase_family_2_protein	MGYP000991848290.pdb.gz	MGYP000991848290.pdb.gz	4.816E-16	1.000	494	38	253	259	7	225	247	229	0.834	0.887
LOKIASV2_4119_ESMFold_glycosyltransferase_family_2_protein	MGYP000128901692.pdb.gz	MGYP000128901692.pdb.gz	4.459E-17	1.000	494	26	257	259	1	241	255	249	0.896	0.945
LOKIASV2_4119_ESMFold_glycosyltransferase_family_2_protein	MGYP001294619102.pdb.gz	MGYP001294619102.pdb.gz	2.034E-15	1.000	492	36	228	259	1	198	199	204	0.745	0.995
LOKIASV2_4119_ESMFold_glycosyltransferase_family_2_protein	MGYP000970528810.pdb.gz	MGYP000970528810.pdb.gz	8.879E-17	1.000	492	36	255	259	10	216	224	228	0.849	0.924
LOKIASV2_4119_ESMFold_glycosyltransferase_family_2_protein	MGYP001019710119.pdb.gz	MGYP001019710119.pdb.gz	4.249E-16	1.000	492	26	258	259	5	236	240	245	0.900	0.967
LOKIASV2_4119_ESMFold_glycosyltransferase_family_2_protein	MGYP001176132535.pdb.gz	MGYP001176132535.pdb.gz	2.165E-15	1.000	492	36	239	259	3	214	358	217	0.788	0.592
LOKIASV2_4119_ESMFold_glycosyltransferase_family_2_protein	MGYP001263028452.pdb.gz	MGYP001263028452.pdb.gz	5.812E-16	1.000	491	36	257	259	4	215	221	231	0.857	0.959
LOKIASV2_4119_ESMFold_glycosyltransferase_family_2_protein	MGYP001201943288.pdb.gz	MGYP001201943288.pdb.gz	1.293E-16	1.000	491	36	257	259	8	233	237	239	0.857	0.954
LOKIASV2_4119_ESMFold_glycosyltransferase_family_2_protein	MGYP001576470036.pdb.gz	MGYP001576470036.pdb.gz	4.816E-16	1.000	491	35	248	259	13	226	259	224	0.826	0.826
LOKIASV2_4119_ESMFold_glycosyltransferase_family_2_protein	MGYP001430981869.pdb.gz	MGYP001430981869.pdb.gz	7.358E-17	1.000	490	38	255	259	5	212	213	226	0.842	0.977
LOKIASV2_4119_ESMFold_glycosyltransferase_family_2_protein	MGYP001437457335.pdb.gz	MGYP001437457335.pdb.gz	4.249E-16	1.000	490	36	255	259	1	228	230	237	0.849	0.991
LOKIASV2_4119_ESMFold_glycosyltransferase_family_2_protein	MGYP003645939839.pdb.gz	MGYP003645939839.pdb.gz	1.883E-16	1.000	489	33	257	259	5	232	237	238	0.869	0.962
LOKIASV2_4119_ESMFold_glycosyltransferase_family_2_protein	MGYP001767849227.pdb.gz	MGYP001767849227.pdb.gz	2.741E-16	1.000	489	35	258	259	7	231	237	234	0.865	0.949
LOKIASV2_4119_ESMFold_glycosyltransferase_family_2_protein	MGYP000479263062.pdb.gz	MGYP000479263062.pdb.gz	1.883E-16	1.000	489	37	255	259	10	233	256	231	0.846	0.875
LOKIASV2_4119_ESMFold_glycosyltransferase_family_2_protein	MGYP001617771008.pdb.gz	MGYP001617771008.pdb.gz	1.883E-16	1.000	489	36	254	259	1	227	288	242	0.846	0.788
LOKIASV2_4119_ESMFold_glycosyltransferase_family_2_protein	MGYP001003035588.pdb.gz	MGYP001003035588.pdb.gz	1.465E-16	1.000	487	36	257	259	1	209	210	233	0.857	0.995
LOKIASV2_4119_ESMFold_glycosyltransferase_family_2_protein	MGYP001305907886.pdb.gz	MGYP001305907886.pdb.gz	3.749E-16	1.000	487	36	256	259	4	237	238	241	0.853	0.983
LOKIASV2_4119_ESMFold_glycosyltransferase_family_2_protein	MGYP003663383662.pdb.gz	MGYP003663383662.pdb.gz	6.912E-17	1.000	487	35	251	259	21	246	251	238	0.838	0.900
LOKIASV2_4119_ESMFold_glycosyltransferase_family_2_protein	MGYP003377441073.pdb.gz	MGYP003377441073.pdb.gz	7.013E-16	1.000	487	38	257	259	19	244	259	235	0.849	0.873
LOKIASV2_4119_ESMFold_glycosyltransferase_family_2_protein	MGYP000509975803.pdb.gz	MGYP000509975803.pdb.gz	3.107E-16	1.000	486	36	258	259	7	230	236	239	0.861	0.949
LOKIASV2_4119_ESMFold_glycosyltransferase_family_2_protein	MGYP000721494210.pdb.gz	MGYP000721494210.pdb.gz	6.912E-17	1.000	486	20	255	259	14	254	273	253	0.911	0.883
LOKIASV2_4119_ESMFold_glycosyltransferase_family_2_protein	MGYP001268381438.pdb.gz	MGYP001268381438.pdb.gz	1.487E-15	1.000	486	36	254	259	1	230	317	238	0.846	0.726
LOKIASV2_4119_ESMFold_glycosyltransferase_family_2_protein	MGYP001285786302.pdb.gz	MGYP001285786302.pdb.gz	1.232E-15	1.000	485	36	258	259	1	230	233	235	0.861	0.987
LOKIASV2_4119_ESMFold_glycosyltransferase_family_2_protein	MGYP000983913504.pdb.gz	MGYP000983913504.pdb.gz	9.592E-16	1.000	484	36	229	259	3	196	196	205	0.749	0.990
LOKIASV2_4119_ESMFold_glycosyltransferase_family_2_protein	MGYP000249798901.pdb.gz	MGYP000249798901.pdb.gz	1.214E-16	1.000	484	20	258	259	1	247	265	254	0.923	0.932
LOKIASV2_4119_ESMFold_glycosyltransferase_family_2_protein	MGYP001377448952.pdb.gz	MGYP001377448952.pdb.gz	5.812E-16	1.000	483	36	256	259	1	229	240	236	0.853	0.954
LOKIASV2_4119_ESMFold_glycosyltransferase_family_2_protein	MGYP001221957614.pdb.gz	MGYP001221957614.pdb.gz	1.376E-16	1.000	483	36	255	259	3	231	247	242	0.849	0.927
LOKIASV2_4119_ESMFold_glycosyltransferase_family_2_protein	MGYP001409950133.pdb.gz	MGYP001409950133.pdb.gz	2.575E-16	1.000	483	36	258	259	2	232	255	245	0.861	0.906
LOKIASV2_4119_ESMFold_glycosyltransferase_family_2_protein	MGYP001345691599.pdb.gz	MGYP001345691599.pdb.gz	1.232E-15	1.000	483	35	251	259	5	223	305	229	0.838	0.718
LOKIASV2_4119_ESMFold_glycosyltransferase_family_2_protein	MGYP001161182952.pdb.gz	MGYP001161182952.pdb.gz	8.463E-16	1.000	482	36	258	259	1	209	214	227	0.861	0.977
LOKIASV2_4119_ESMFold_glycosyltransferase_family_2_protein	MGYP001401186961.pdb.gz	MGYP001401186961.pdb.gz	2.272E-16	1.000	482	36	258	259	1	221	228	230	0.861	0.969
LOKIASV2_4119_ESMFold_glycosyltransferase_family_2_protein	MGYP000920501019.pdb.gz	MGYP000920501019.pdb.gz	3.308E-16	1.000	482	36	251	259	2	218	287	234	0.834	0.756
LOKIASV2_4119_ESMFold_glycosyltransferase_family_2_protein	MGYP000904840812.pdb.gz	MGYP000904840812.pdb.gz	1.883E-16	1.000	480	37	256	259	9	226	230	231	0.849	0.948
LOKIASV2_4119_ESMFold_glycosyltransferase_family_2_protein	MGYP000067779700.pdb.gz	MGYP000067779700.pdb.gz	6.188E-16	1.000	480	35	258	259	23	243	264	231	0.865	0.837
LOKIASV2_4119_ESMFold_glycosyltransferase_family_2_protein	MGYP001235838685.pdb.gz	MGYP001235838685.pdb.gz	1.232E-15	1.000	479	36	231	259	1	202	202	211	0.757	1.000
LOKIASV2_4119_ESMFold_glycosyltransferase_family_2_protein	MGYP003575312668.pdb.gz	MGYP003575312668.pdb.gz	6.188E-16	1.000	479	36	251	259	1	220	225	232	0.834	0.978
LOKIASV2_4119_ESMFold_glycosyltransferase_family_2_protein	MGYP001582844012.pdb.gz	MGYP001582844012.pdb.gz	3.573E-15	1.000	479	36	255	259	1	226	231	235	0.849	0.978
LOKIASV2_4119_ESMFold_glycosyltransferase_family_2_protein	MGYP001578208284.pdb.gz	MGYP001578208284.pdb.gz	5.380E-17	1.000	478	37	258	259	22	240	245	231	0.857	0.894
LOKIASV2_4119_ESMFold_glycosyltransferase_family_2_protein	MGYP001414242979.pdb.gz	MGYP001414242979.pdb.gz	4.887E-15	1.000	478	35	251	259	23	244	256	225	0.838	0.867
LOKIASV2_4119_ESMFold_glycosyltransferase_family_2_protein	MGYP000031627090.pdb.gz	MGYP000031627090.pdb.gz	3.749E-16	1.000	478	38	258	259	22	261	270	247	0.853	0.889
LOKIASV2_4119_ESMFold_glycosyltransferase_family_2_protein	MGYP003706019779.pdb.gz	MGYP003706019779.pdb.gz	1.397E-15	1.000	477	38	225	259	7	193	193	192	0.726	0.969
LOKIASV2_4119_ESMFold_glycosyltransferase_family_2_protein	MGYP003890185621.pdb.gz	MGYP003890185621.pdb.gz	6.587E-16	1.000	477	36	215	259	1	170	193	184	0.695	0.881
LOKIASV2_4119_ESMFold_glycosyltransferase_family_2_protein	MGYP001290602710.pdb.gz	MGYP001290602710.pdb.gz	1.232E-15	1.000	477	36	251	259	3	226	229	231	0.834	0.978
LOKIASV2_4119_ESMFold_glycosyltransferase_family_2_protein	MGYP000913351025.pdb.gz	MGYP000913351025.pdb.gz	2.918E-16	1.000	477	20	258	259	11	259	263	257	0.923	0.947
LOKIASV2_4119_ESMFold_glycosyltransferase_family_2_protein	MGYP001265597004.pdb.gz	MGYP001265597004.pdb.gz	2.454E-15	1.000	476	38	258	259	2	223	228	234	0.853	0.974
LOKIASV2_4119_ESMFold_glycosyltransferase_family_2_protein	MGYP000076113776.pdb.gz	MGYP000076113776.pdb.gz	6.188E-16	1.000	476	36	255	259	3	229	231	235	0.849	0.983
LOKIASV2_4119_ESMFold_glycosyltransferase_family_2_protein	MGYP001353020371.pdb.gz	MGYP001353020371.pdb.gz	2.034E-15	1.000	475	35	231	259	11	208	214	210	0.761	0.925
LOKIASV2_4119_ESMFold_glycosyltransferase_family_2_protein	MGYP001461869733.pdb.gz	MGYP001461869733.pdb.gz	1.397E-15	1.000	475	36	256	259	1	222	228	237	0.853	0.974
LOKIASV2_4119_ESMFold_glycosyltransferase_family_2_protein	MGYP000321371548.pdb.gz	MGYP000321371548.pdb.gz	3.153E-15	1.000	475	36	255	259	9	223	256	225	0.849	0.840
LOKIASV2_4119_ESMFold_glycosyltransferase_family_2_protein	MGYP001502469547.pdb.gz	MGYP001502469547.pdb.gz	2.918E-16	1.000	475	36	258	259	5	235	258	245	0.861	0.895
LOKIASV2_4119_ESMFold_glycosyltransferase_family_2_protein	MGYP001998182154.pdb.gz	MGYP001998182154.pdb.gz	2.034E-15	1.000	475	36	254	259	16	251	264	239	0.846	0.894
LOKIASV2_4119_ESMFold_glycosyltransferase_family_2_protein	MGYP002351169555.pdb.gz	MGYP002351169555.pdb.gz	4.816E-16	1.000	475	36	258	259	20	254	265	243	0.861	0.887
LOKIASV2_4119_ESMFold_glycosyltransferase_family_2_protein	MGYP000047099261.pdb.gz	MGYP000047099261.pdb.gz	2.384E-17	1.000	474	33	255	259	4	221	244	235	0.861	0.893
LOKIASV2_4119_ESMFold_glycosyltransferase_family_2_protein	MGYP003630896827.pdb.gz	MGYP003630896827.pdb.gz	3.749E-16	1.000	474	36	255	259	1	246	248	253	0.849	0.992
LOKIASV2_4119_ESMFold_glycosyltransferase_family_2_protein	MGYP002655020305.pdb.gz	MGYP002655020305.pdb.gz	4.816E-16	1.000	473	36	234	259	69	270	270	214	0.768	0.748
LOKIASV2_4119_ESMFold_glycosyltransferase_family_2_protein	MGYP000433668650.pdb.gz	MGYP000433668650.pdb.gz	4.524E-16	1.000	473	36	252	259	3	230	284	234	0.838	0.803
LOKIASV2_4119_ESMFold_glycosyltransferase_family_2_protein	MGYP002640757187.pdb.gz	MGYP002640757187.pdb.gz	5.128E-16	1.000	472	39	258	259	6	233	238	237	0.849	0.958
LOKIASV2_4119_ESMFold_glycosyltransferase_family_2_protein	MGYP000110546468.pdb.gz	MGYP000110546468.pdb.gz	4.590E-15	1.000	471	36	259	259	3	230	230	237	0.865	0.991
LOKIASV2_4119_ESMFold_glycosyltransferase_family_2_protein	MGYP001214100630.pdb.gz	MGYP001214100630.pdb.gz	1.087E-15	1.000	471	36	258	259	6	237	239	239	0.861	0.971
LOKIASV2_4119_ESMFold_glycosyltransferase_family_2_protein	MGYP001277244096.pdb.gz	MGYP001277244096.pdb.gz	7.949E-16	1.000	470	36	238	259	4	192	204	208	0.784	0.926
LOKIASV2_4119_ESMFold_glycosyltransferase_family_2_protein	MGYP002626272911.pdb.gz	MGYP002626272911.pdb.gz	6.188E-16	1.000	470	20	251	259	1	239	243	250	0.896	0.984
LOKIASV2_4119_ESMFold_glycosyltransferase_family_2_protein	MGYP000256078340.pdb.gz	MGYP000256078340.pdb.gz	6.278E-15	1.000	469	36	256	259	3	218	219	235	0.853	0.986
LOKIASV2_4119_ESMFold_glycosyltransferase_family_2_protein	MGYP001613434178.pdb.gz	MGYP001613434178.pdb.gz	5.459E-16	1.000	469	36	252	259	1	224	234	238	0.838	0.957
LOKIASV2_4119_ESMFold_glycosyltransferase_family_2_protein	MGYP002132627318.pdb.gz	MGYP002132627318.pdb.gz	4.524E-16	1.000	469	24	255	259	3	234	322	243	0.896	0.720
LOKIASV2_4119_ESMFold_glycosyltransferase_family_2_protein	MGYP004001348829.pdb.gz	MGYP004001348829.pdb.gz	4.375E-14	1.000	468	36	213	259	1	175	185	179	0.687	0.946
LOKIASV2_4119_ESMFold_glycosyltransferase_family_2_protein	MGYP001608322904.pdb.gz	MGYP001608322904.pdb.gz	4.887E-15	1.000	468	36	258	259	2	233	241	238	0.861	0.963
LOKIASV2_4119_ESMFold_glycosyltransferase_family_2_protein	MGYP001378688724.pdb.gz	MGYP001378688724.pdb.gz	1.312E-15	1.000	467	36	230	259	2	202	202	212	0.753	0.995
LOKIASV2_4119_ESMFold_glycosyltransferase_family_2_protein	MGYP000559694234.pdb.gz	MGYP000559694234.pdb.gz	5.621E-14	1.000	466	37	255	259	7	221	227	223	0.846	0.947
LOKIASV2_4119_ESMFold_glycosyltransferase_family_2_protein	MGYP001099221309.pdb.gz	MGYP001099221309.pdb.gz	1.087E-15	1.000	466	36	251	259	1	225	254	235	0.834	0.886
LOKIASV2_4119_ESMFold_glycosyltransferase_family_2_protein	MGYP000911698302.pdb.gz	MGYP000911698302.pdb.gz	4.524E-16	1.000	466	1	251	259	1	267	379	276	0.969	0.704
LOKIASV2_4119_ESMFold_glycosyltransferase_family_2_protein	MGYP003338456066.pdb.gz	MGYP003338456066.pdb.gz	1.312E-15	1.000	465	36	232	259	14	204	211	203	0.761	0.905
LOKIASV2_4119_ESMFold_glycosyltransferase_family_2_protein	MGYP001498570398.pdb.gz	MGYP001498570398.pdb.gz	1.312E-15	1.000	465	26	255	259	1	211	212	239	0.888	0.995
LOKIASV2_4119_ESMFold_glycosyltransferase_family_2_protein	MGYP001475080289.pdb.gz	MGYP001475080289.pdb.gz	2.741E-16	1.000	465	36	258	259	1	209	224	231	0.861	0.933
LOKIASV2_4119_ESMFold_glycosyltransferase_family_2_protein	MGYP000996397350.pdb.gz	MGYP000996397350.pdb.gz	2.961E-15	1.000	465	38	252	259	2	223	352	236	0.830	0.631
LOKIASV2_4119_ESMFold_glycosyltransferase_family_2_protein	MGYP002540726550.pdb.gz	MGYP002540726550.pdb.gz	3.573E-15	1.000	464	36	212	259	1	189	191	192	0.683	0.990
LOKIASV2_4119_ESMFold_glycosyltransferase_family_2_protein	MGYP001496894336.pdb.gz	MGYP001496894336.pdb.gz	5.279E-14	1.000	464	37	259	259	6	222	222	230	0.861	0.977
LOKIASV2_4119_ESMFold_glycosyltransferase_family_2_protein	MGYP000984678730.pdb.gz	MGYP000984678730.pdb.gz	1.606E-14	1.000	464	36	258	259	1	224	229	231	0.861	0.978
LOKIASV2_4119_ESMFold_glycosyltransferase_family_2_protein	MGYP001075234369.pdb.gz	MGYP001075234369.pdb.gz	1.883E-16	1.000	464	16	255	259	17	260	272	254	0.927	0.897
LOKIASV2_4119_ESMFold_glycosyltransferase_family_2_protein	MGYP003393983183.pdb.gz	MGYP003393983183.pdb.gz	1.487E-15	1.000	462	36	252	259	3	220	227	229	0.838	0.960
LOKIASV2_4119_ESMFold_glycosyltransferase_family_2_protein	MGYP001599723451.pdb.gz	MGYP001599723451.pdb.gz	1.214E-16	1.000	462	37	251	259	7	224	229	233	0.830	0.952
LOKIASV2_4119_ESMFold_glycosyltransferase_family_2_protein	MGYP001578050503.pdb.gz	MGYP001578050503.pdb.gz	2.961E-15	1.000	461	36	236	259	1	203	209	211	0.776	0.971
LOKIASV2_4119_ESMFold_glycosyltransferase_family_2_protein	MGYP001422569048.pdb.gz	MGYP001422569048.pdb.gz	1.910E-15	1.000	461	24	251	259	3	233	324	245	0.880	0.713
LOKIASV2_4119_ESMFold_glycosyltransferase_family_2_protein	MGYP001285936149.pdb.gz	MGYP001285936149.pdb.gz	9.733E-15	1.000	460	35	258	259	2	232	235	241	0.865	0.983
LOKIASV2_4119_ESMFold_glycosyltransferase_family_2_protein	MGYP000885070201.pdb.gz	MGYP000885070201.pdb.gz	3.804E-15	1.000	460	36	255	259	1	236	239	237	0.849	0.987
LOKIASV2_4119_ESMFold_glycosyltransferase_family_2_protein	MGYP001322163872.pdb.gz	MGYP001322163872.pdb.gz	4.312E-15	1.000	460	36	258	259	1	238	242	244	0.861	0.983
LOKIASV2_4119_ESMFold_glycosyltransferase_family_2_protein	MGYP003576549550.pdb.gz	MGYP003576549550.pdb.gz	1.036E-14	1.000	460	36	258	259	1	221	309	231	0.861	0.715
LOKIASV2_4119_ESMFold_glycosyltransferase_family_2_protein	MGYP002510063445.pdb.gz	MGYP002510063445.pdb.gz	4.249E-16	1.000	460	32	257	259	128	372	376	255	0.873	0.652
LOKIASV2_4119_ESMFold_glycosyltransferase_family_2_protein	MGYP001324766747.pdb.gz	MGYP001324766747.pdb.gz	8.463E-16	1.000	459	36	251	259	1	221	224	233	0.834	0.987
LOKIASV2_4119_ESMFold_glycosyltransferase_family_2_protein	MGYP001102458721.pdb.gz	MGYP001102458721.pdb.gz	3.860E-14	1.000	458	36	232	259	1	202	202	210	0.761	1.000
LOKIASV2_4119_ESMFold_glycosyltransferase_family_2_protein	MGYP001497849415.pdb.gz	MGYP001497849415.pdb.gz	6.587E-16	1.000	458	17	259	259	6	246	255	261	0.938	0.945
LOKIASV2_4119_ESMFold_glycosyltransferase_family_2_protein	MGYP001128907229.pdb.gz	MGYP001128907229.pdb.gz	6.188E-16	1.000	458	20	252	259	4	274	296	280	0.900	0.916
LOKIASV2_4119_ESMFold_glycosyltransferase_family_2_protein	MGYP001191184528.pdb.gz	MGYP001191184528.pdb.gz	1.685E-15	1.000	457	36	258	259	5	235	242	242	0.861	0.955
LOKIASV2_4119_ESMFold_glycosyltransferase_family_2_protein	MGYP001429382769.pdb.gz	MGYP001429382769.pdb.gz	8.066E-15	1.000	457	36	255	259	2	223	290	230	0.849	0.766
LOKIASV2_4119_ESMFold_glycosyltransferase_family_2_protein	MGYP000686248666.pdb.gz	MGYP000686248666.pdb.gz	1.103E-14	1.000	457	38	250	259	6	217	291	222	0.822	0.729
LOKIASV2_4119_ESMFold_glycosyltransferase_family_2_protein	MGYP000916849679.pdb.gz	MGYP000916849679.pdb.gz	4.887E-15	1.000	456	36	259	259	1	231	231	242	0.865	1.000
LOKIASV2_4119_ESMFold_glycosyltransferase_family_2_protein	MGYP001611857993.pdb.gz	MGYP001611857993.pdb.gz	1.685E-15	1.000	456	20	258	259	1	243	379	257	0.923	0.641
LOKIASV2_4119_ESMFold_glycosyltransferase_family_2_protein	MGYP000711728668.pdb.gz	MGYP000711728668.pdb.gz	1.397E-15	1.000	455	36	226	259	4	206	206	211	0.737	0.985
LOKIASV2_4119_ESMFold_glycosyltransferase_family_2_protein	MGYP001094778717.pdb.gz	MGYP001094778717.pdb.gz	2.454E-15	1.000	455	36	229	259	1	204	208	213	0.749	0.981
LOKIASV2_4119_ESMFold_glycosyltransferase_family_2_protein	MGYP002623239191.pdb.gz	MGYP002623239191.pdb.gz	1.232E-15	1.000	455	37	254	259	4	240	243	243	0.842	0.975
LOKIASV2_4119_ESMFold_glycosyltransferase_family_2_protein	MGYP001173763930.pdb.gz	MGYP001173763930.pdb.gz	4.887E-15	1.000	454	36	259	259	8	241	241	242	0.865	0.971
LOKIASV2_4119_ESMFold_glycosyltransferase_family_2_protein	MGYP003394023357.pdb.gz	MGYP003394023357.pdb.gz	3.153E-15	1.000	452	36	251	259	6	233	243	234	0.834	0.938
LOKIASV2_4119_ESMFold_glycosyltransferase_family_2_protein	MGYP003525099626.pdb.gz	MGYP003525099626.pdb.gz	2.339E-14	1.000	452	36	257	259	1	225	313	233	0.857	0.719
LOKIASV2_4119_ESMFold_glycosyltransferase_family_2_protein	MGYP001133504103.pdb.gz	MGYP001133504103.pdb.gz	2.781E-15	1.000	452	5	252	259	3	255	349	263	0.958	0.725
LOKIASV2_4119_ESMFold_glycosyltransferase_family_2_protein	MGYP000656297367.pdb.gz	MGYP000656297367.pdb.gz	1.174E-14	1.000	451	36	257	259	2	224	233	231	0.857	0.957
LOKIASV2_4119_ESMFold_glycosyltransferase_family_2_protein	MGYP000591379697.pdb.gz	MGYP000591379697.pdb.gz	3.804E-15	1.000	451	36	258	259	1	240	242	249	0.861	0.992
LOKIASV2_4119_ESMFold_glycosyltransferase_family_2_protein	MGYP001382809122.pdb.gz	MGYP001382809122.pdb.gz	1.397E-15	1.000	451	35	256	259	3	232	250	246	0.857	0.920
LOKIASV2_4119_ESMFold_glycosyltransferase_family_2_protein	MGYP000883662292.pdb.gz	MGYP000883662292.pdb.gz	4.110E-14	1.000	450	36	257	259	1	231	232	238	0.857	0.996
LOKIASV2_4119_ESMFold_glycosyltransferase_family_2_protein	MGYP003956232967.pdb.gz	MGYP003956232967.pdb.gz	1.331E-14	1.000	450	36	254	259	1	231	248	237	0.846	0.931
LOKIASV2_4119_ESMFold_glycosyltransferase_family_2_protein	MGYP002510222710.pdb.gz	MGYP002510222710.pdb.gz	1.312E-15	1.000	449	36	256	259	1	228	240	240	0.853	0.950
LOKIASV2_4119_ESMFold_glycosyltransferase_family_2_protein	MGYP000350060902.pdb.gz	MGYP000350060902.pdb.gz	6.188E-16	1.000	449	26	255	259	2	229	324	243	0.888	0.704
LOKIASV2_4119_ESMFold_glycosyltransferase_family_2_protein	MGYP000895806514.pdb.gz	MGYP000895806514.pdb.gz	4.816E-16	1.000	448	1	259	259	7	272	286	282	1.000	0.930
LOKIASV2_4119_ESMFold_glycosyltransferase_family_2_protein	MGYP002522504331.pdb.gz	MGYP002522504331.pdb.gz	1.710E-14	1.000	446	37	253	259	6	221	245	228	0.838	0.882
LOKIASV2_4119_ESMFold_glycosyltransferase_family_2_protein	MGYP000143160727.pdb.gz	MGYP000143160727.pdb.gz	8.066E-15	1.000	446	36	251	259	1	222	258	233	0.834	0.860
LOKIASV2_4119_ESMFold_glycosyltransferase_family_2_protein	MGYP001460741680.pdb.gz	MGYP001460741680.pdb.gz	8.066E-15	1.000	445	36	251	259	3	220	226	229	0.834	0.965
LOKIASV2_4119_ESMFold_glycosyltransferase_family_2_protein	MGYP003482564841.pdb.gz	MGYP003482564841.pdb.gz	2.064E-14	1.000	445	41	257	259	2	221	238	228	0.838	0.924
LOKIASV2_4119_ESMFold_glycosyltransferase_family_2_protein	MGYP003706127471.pdb.gz	MGYP003706127471.pdb.gz	1.606E-14	1.000	444	35	259	259	2	232	232	239	0.869	0.996
LOKIASV2_4119_ESMFold_glycosyltransferase_family_2_protein	MGYP001271210652.pdb.gz	MGYP001271210652.pdb.gz	1.250E-14	1.000	444	24	250	259	3	232	242	244	0.876	0.950
LOKIASV2_4119_ESMFold_glycosyltransferase_family_2_protein	MGYP001265655738.pdb.gz	MGYP001265655738.pdb.gz	1.606E-14	1.000	443	36	231	259	2	203	203	211	0.757	0.995
LOKIASV2_4119_ESMFold_glycosyltransferase_family_2_protein	MGYP001285623614.pdb.gz	MGYP001285623614.pdb.gz	1.331E-14	1.000	443	36	256	259	4	209	211	224	0.853	0.976
LOKIASV2_4119_ESMFold_glycosyltransferase_family_2_protein	MGYP000355948352.pdb.gz	MGYP000355948352.pdb.gz	7.576E-15	1.000	442	36	255	259	1	226	238	235	0.849	0.950
LOKIASV2_4119_ESMFold_glycosyltransferase_family_2_protein	MGYP000397957636.pdb.gz	MGYP000397957636.pdb.gz	2.918E-16	1.000	441	26	259	259	1	253	253	265	0.903	1.000
LOKIASV2_4119_ESMFold_glycosyltransferase_family_2_protein	MGYP000515187395.pdb.gz	MGYP000515187395.pdb.gz	7.576E-15	1.000	440	32	248	259	16	231	326	227	0.838	0.663
LOKIASV2_4119_ESMFold_glycosyltransferase_family_2_protein	MGYP001362511413.pdb.gz	MGYP001362511413.pdb.gz	4.050E-15	1.000	437	26	254	259	1	236	244	249	0.884	0.967
LOKIASV2_4119_ESMFold_glycosyltransferase_family_2_protein	MGYP001002090772.pdb.gz	MGYP001002090772.pdb.gz	1.331E-14	1.000	436	33	256	259	1	228	238	235	0.865	0.958
LOKIASV2_4119_ESMFold_glycosyltransferase_family_2_protein	MGYP001100526499.pdb.gz	MGYP001100526499.pdb.gz	7.221E-14	1.000	435	37	255	259	5	228	240	233	0.846	0.933
LOKIASV2_4119_ESMFold_glycosyltransferase_family_2_protein	MGYP001325154073.pdb.gz	MGYP001325154073.pdb.gz	4.375E-14	1.000	434	36	259	259	2	229	229	240	0.865	0.996
LOKIASV2_4119_ESMFold_glycosyltransferase_family_2_protein	MGYP001562355159.pdb.gz	MGYP001562355159.pdb.gz	5.279E-14	1.000	433	36	255	259	3	229	231	238	0.849	0.983
LOKIASV2_4119_ESMFold_glycosyltransferase_family_2_protein	MGYP000244303653.pdb.gz	MGYP000244303653.pdb.gz	1.192E-13	1.000	433	36	258	259	9	225	231	232	0.861	0.939
LOKIASV2_4119_ESMFold_glycosyltransferase_family_2_protein	MGYP001409799486.pdb.gz	MGYP001409799486.pdb.gz	5.621E-14	1.000	431	38	222	259	7	193	195	194	0.714	0.959
LOKIASV2_4119_ESMFold_glycosyltransferase_family_2_protein	MGYP002517602878.pdb.gz	MGYP002517602878.pdb.gz	1.036E-14	1.000	431	35	258	259	5	236	242	244	0.865	0.959
LOKIASV2_4119_ESMFold_glycosyltransferase_family_2_protein	MGYP001615512161.pdb.gz	MGYP001615512161.pdb.gz	9.733E-15	1.000	430	46	259	259	4	209	209	223	0.826	0.986
LOKIASV2_4119_ESMFold_glycosyltransferase_family_2_protein	MGYP001424050456.pdb.gz	MGYP001424050456.pdb.gz	1.269E-13	1.000	430	36	236	259	1	200	224	206	0.776	0.893
LOKIASV2_4119_ESMFold_glycosyltransferase_family_2_protein	MGYP003350528152.pdb.gz	MGYP003350528152.pdb.gz	2.339E-14	1.000	430	38	256	259	2	220	233	231	0.846	0.940
LOKIASV2_4119_ESMFold_glycosyltransferase_family_2_protein	MGYP000860894591.pdb.gz	MGYP000860894591.pdb.gz	1.174E-14	1.000	429	37	251	259	4	217	219	228	0.830	0.977
LOKIASV2_4119_ESMFold_glycosyltransferase_family_2_protein	MGYP001324497103.pdb.gz	MGYP001324497103.pdb.gz	9.876E-14	1.000	429	35	251	259	4	225	246	231	0.838	0.902
LOKIASV2_4119_ESMFold_glycosyltransferase_family_2_protein	MGYP001596966110.pdb.gz	MGYP001596966110.pdb.gz	1.606E-14	1.000	428	36	258	259	1	225	238	244	0.861	0.945
LOKIASV2_4119_ESMFold_glycosyltransferase_family_2_protein	MGYP000001287944.pdb.gz	MGYP000001287944.pdb.gz	1.417E-14	1.000	427	67	259	259	16	221	221	209	0.745	0.932
LOKIASV2_4119_ESMFold_glycosyltransferase_family_2_protein	MGYP001283218196.pdb.gz	MGYP001283218196.pdb.gz	5.203E-15	1.000	427	36	257	259	1	238	239	245	0.857	0.996
LOKIASV2_4119_ESMFold_glycosyltransferase_family_2_protein	MGYP001414037401.pdb.gz	MGYP001414037401.pdb.gz	1.036E-14	1.000	425	36	258	259	1	246	248	255	0.861	0.992
LOKIASV2_4119_ESMFold_glycosyltransferase_family_2_protein	MGYP000283037458.pdb.gz	MGYP000283037458.pdb.gz	8.587E-15	1.000	424	36	258	259	1	206	208	233	0.861	0.990
LOKIASV2_4119_ESMFold_glycosyltransferase_family_2_protein	MGYP001344331774.pdb.gz	MGYP001344331774.pdb.gz	1.103E-14	1.000	424	32	258	259	1	221	225	244	0.876	0.982
LOKIASV2_4119_ESMFold_glycosyltransferase_family_2_protein	MGYP001213505387.pdb.gz	MGYP001213505387.pdb.gz	4.375E-14	1.000	423	33	251	259	1	228	237	240	0.846	0.962
LOKIASV2_4119_ESMFold_glycosyltransferase_family_2_protein	MGYP001338558809.pdb.gz	MGYP001338558809.pdb.gz	1.509E-14	1.000	423	36	257	259	3	231	237	237	0.857	0.966
LOKIASV2_4119_ESMFold_glycosyltransferase_family_2_protein	MGYP000509371817.pdb.gz	MGYP000509371817.pdb.gz	5.621E-14	1.000	422	38	258	259	2	230	232	240	0.853	0.987
LOKIASV2_4119_ESMFold_glycosyltransferase_family_2_protein	MGYP001584286883.pdb.gz	MGYP001584286883.pdb.gz	4.658E-14	1.000	422	36	257	259	5	240	248	242	0.857	0.952
LOKIASV2_4119_ESMFold_glycosyltransferase_family_2_protein	MGYP000054548563.pdb.gz	MGYP000054548563.pdb.gz	4.050E-15	1.000	422	1	213	259	43	253	254	221	0.822	0.831
LOKIASV2_4119_ESMFold_glycosyltransferase_family_2_protein	MGYP001583935277.pdb.gz	MGYP001583935277.pdb.gz	1.192E-13	1.000	421	36	206	259	6	183	188	180	0.660	0.947
LOKIASV2_4119_ESMFold_glycosyltransferase_family_2_protein	MGYP001285171214.pdb.gz	MGYP001285171214.pdb.gz	4.439E-13	1.000	417	36	259	259	1	230	246	237	0.865	0.935
LOKIASV2_4119_ESMFold_glycosyltransferase_family_2_protein	MGYP003998360663.pdb.gz	MGYP003998360663.pdb.gz	1.438E-13	1.000	416	46	230	259	5	180	180	188	0.714	0.978
LOKIASV2_4119_ESMFold_glycosyltransferase_family_2_protein	MGYP002625405143.pdb.gz	MGYP002625405143.pdb.gz	9.876E-14	1.000	416	37	252	259	30	250	276	232	0.834	0.801
LOKIASV2_4119_ESMFold_glycosyltransferase_family_2_protein	MGYP001368645992.pdb.gz	MGYP001368645992.pdb.gz	6.782E-14	1.000	416	38	258	259	5	224	292	232	0.853	0.753
LOKIASV2_4119_ESMFold_glycosyltransferase_family_2_protein	MGYP001224965183.pdb.gz	MGYP001224965183.pdb.gz	3.626E-14	1.000	415	36	258	259	2	233	241	241	0.861	0.963
LOKIASV2_4119_ESMFold_glycosyltransferase_family_2_protein	MGYP000997201005.pdb.gz	MGYP000997201005.pdb.gz	2.527E-13	1.000	413	65	257	259	1	196	286	201	0.745	0.685
LOKIASV2_4119_ESMFold_glycosyltransferase_family_2_protein	MGYP000352372963.pdb.gz	MGYP000352372963.pdb.gz	6.371E-14	1.000	413	36	255	259	101	330	339	238	0.849	0.678
LOKIASV2_4119_ESMFold_glycosyltransferase_family_2_protein	MGYP002620307707.pdb.gz	MGYP002620307707.pdb.gz	1.312E-15	1.000	413	12	251	259	16	268	416	267	0.927	0.608
LOKIASV2_4119_ESMFold_glycosyltransferase_family_2_protein	MGYP003991153999.pdb.gz	MGYP003991153999.pdb.gz	2.125E-12	1.000	412	48	228	259	2	180	180	184	0.699	0.994
LOKIASV2_4119_ESMFold_glycosyltransferase_family_2_protein	MGYP001357910368.pdb.gz	MGYP001357910368.pdb.gz	3.406E-14	1.000	412	38	251	259	24	244	253	231	0.826	0.874
LOKIASV2_4119_ESMFold_glycosyltransferase_family_2_protein	MGYP002065110254.pdb.gz	MGYP002065110254.pdb.gz	2.373E-13	1.000	412	36	212	259	2	177	257	187	0.683	0.685
LOKIASV2_4119_ESMFold_glycosyltransferase_family_2_protein	MGYP000936641510.pdb.gz	MGYP000936641510.pdb.gz	4.658E-14	1.000	410	36	212	259	6	182	188	188	0.683	0.941
LOKIASV2_4119_ESMFold_glycosyltransferase_family_2_protein	MGYP001454761375.pdb.gz	MGYP001454761375.pdb.gz	6.782E-14	1.000	409	36	258	259	2	232	234	239	0.861	0.987
LOKIASV2_4119_ESMFold_glycosyltransferase_family_2_protein	MGYP000334052236.pdb.gz	MGYP000334052236.pdb.gz	6.072E-13	1.000	407	20	257	259	4	245	287	252	0.919	0.843
LOKIASV2_4119_ESMFold_glycosyltransferase_family_2_protein	MGYP002752664903.pdb.gz	MGYP002752664903.pdb.gz	7.221E-14	1.000	405	36	249	259	1	219	290	229	0.826	0.755
LOKIASV2_4119_ESMFold_glycosyltransferase_family_2_protein	MGYP003819508181.pdb.gz	MGYP003819508181.pdb.gz	9.276E-14	1.000	403	36	251	259	6	229	363	234	0.834	0.617
LOKIASV2_4119_ESMFold_glycosyltransferase_family_2_protein	MGYP002626585079.pdb.gz	MGYP002626585079.pdb.gz	2.339E-14	1.000	401	36	248	259	4	216	364	226	0.822	0.585
LOKIASV2_4119_ESMFold_glycosyltransferase_family_2_protein	MGYP001196067824.pdb.gz	MGYP001196067824.pdb.gz	4.959E-14	1.000	399	37	256	259	4	226	235	235	0.849	0.949
LOKIASV2_4119_ESMFold_glycosyltransferase_family_2_protein	MGYP000346659311.pdb.gz	MGYP000346659311.pdb.gz	3.246E-13	1.000	397	36	254	259	1	232	236	238	0.846	0.983
LOKIASV2_4119_ESMFold_glycosyltransferase_family_2_protein	MGYP001382051454.pdb.gz	MGYP001382051454.pdb.gz	6.882E-13	1.000	395	36	222	259	1	186	187	195	0.722	0.995
LOKIASV2_4119_ESMFold_glycosyltransferase_family_2_protein	MGYP003572641595.pdb.gz	MGYP003572641595.pdb.gz	7.221E-14	1.000	395	33	255	259	16	242	259	244	0.861	0.876
LOKIASV2_4119_ESMFold_glycosyltransferase_family_2_protein	MGYP003673899931.pdb.gz	MGYP003673899931.pdb.gz	1.509E-14	1.000	395	38	256	259	5	235	344	243	0.846	0.672
LOKIASV2_4119_ESMFold_glycosyltransferase_family_2_protein	MGYP000052580990.pdb.gz	MGYP000052580990.pdb.gz	5.984E-14	1.000	394	36	252	259	2	221	249	236	0.838	0.884
LOKIASV2_4119_ESMFold_glycosyltransferase_family_2_protein	MGYP000651175229.pdb.gz	MGYP000651175229.pdb.gz	2.443E-11	1.000	391	35	146	259	30	145	163	116	0.432	0.712
LOKIASV2_4119_ESMFold_glycosyltransferase_family_2_protein	MGYP003751590567.pdb.gz	MGYP003751590567.pdb.gz	9.276E-14	1.000	390	36	258	259	17	247	251	248	0.861	0.920
LOKIASV2_4119_ESMFold_glycosyltransferase_family_2_protein	MGYP001611201364.pdb.gz	MGYP001611201364.pdb.gz	9.876E-14	1.000	390	36	258	259	2	233	261	243	0.861	0.889
LOKIASV2_4119_ESMFold_glycosyltransferase_family_2_protein	MGYP002638797101.pdb.gz	MGYP002638797101.pdb.gz	5.032E-13	1.000	387	17	255	259	29	272	289	254	0.923	0.844
LOKIASV2_4119_ESMFold_glycosyltransferase_family_2_protein	MGYP000568328283.pdb.gz	MGYP000568328283.pdb.gz	2.373E-13	1.000	385	36	255	259	1	223	255	235	0.849	0.875
LOKIASV2_4119_ESMFold_glycosyltransferase_family_2_protein	MGYP001816540041.pdb.gz	MGYP001816540041.pdb.gz	2.408E-12	1.000	384	36	227	259	6	201	201	205	0.741	0.975
LOKIASV2_4119_ESMFold_glycosyltransferase_family_2_protein	MGYP001558440354.pdb.gz	MGYP001558440354.pdb.gz	1.630E-13	1.000	384	36	256	259	6	236	238	243	0.853	0.971
LOKIASV2_4119_ESMFold_glycosyltransferase_family_2_protein	MGYP001136960096.pdb.gz	MGYP001136960096.pdb.gz	2.729E-12	1.000	382	36	200	259	6	174	189	175	0.637	0.894
LOKIASV2_4119_ESMFold_glycosyltransferase_family_2_protein	MGYP002633772138.pdb.gz	MGYP002633772138.pdb.gz	3.049E-13	1.000	380	36	251	259	3	216	280	235	0.834	0.764
LOKIASV2_4119_ESMFold_glycosyltransferase_family_2_protein	MGYP001296084831.pdb.gz	MGYP001296084831.pdb.gz	4.504E-12	1.000	377	37	195	259	6	154	160	162	0.614	0.931
LOKIASV2_4119_ESMFold_glycosyltransferase_family_2_protein	MGYP000989024755.pdb.gz	MGYP000989024755.pdb.gz	4.796E-12	1.000	375	36	195	259	3	161	167	164	0.618	0.952
LOKIASV2_4119_ESMFold_glycosyltransferase_family_2_protein	MGYP001169347796.pdb.gz	MGYP001169347796.pdb.gz	3.293E-12	1.000	375	36	215	259	3	183	184	185	0.695	0.984
LOKIASV2_4119_ESMFold_glycosyltransferase_family_2_protein	MGYP003388631715.pdb.gz	MGYP003388631715.pdb.gz	2.729E-12	1.000	371	67	245	259	9	192	194	187	0.691	0.948
LOKIASV2_4119_ESMFold_glycosyltransferase_family_2_protein	MGYP001572398930.pdb.gz	MGYP001572398930.pdb.gz	2.564E-12	1.000	371	33	250	259	3	231	249	238	0.842	0.920
LOKIASV2_4119_ESMFold_glycosyltransferase_family_2_protein	MGYP001361532209.pdb.gz	MGYP001361532209.pdb.gz	8.304E-13	1.000	367	43	246	259	2	197	202	216	0.788	0.970
LOKIASV2_4119_ESMFold_glycosyltransferase_family_2_protein	MGYP000617764053.pdb.gz	MGYP000617764053.pdb.gz	9.876E-14	1.000	367	2	258	259	1	268	293	278	0.992	0.915
LOKIASV2_4119_ESMFold_glycosyltransferase_family_2_protein	MGYP002634856814.pdb.gz	MGYP002634856814.pdb.gz	1.209E-12	1.000	364	24	236	259	2	224	226	232	0.822	0.987
LOKIASV2_4119_ESMFold_glycosyltransferase_family_2_protein	MGYP000987505637.pdb.gz	MGYP000987505637.pdb.gz	1.735E-13	1.000	361	36	251	259	2	205	225	232	0.834	0.907
LOKIASV2_4119_ESMFold_glycosyltransferase_family_2_protein	MGYP001562458510.pdb.gz	MGYP001562458510.pdb.gz	1.067E-12	1.000	357	38	253	259	2	228	236	241	0.834	0.962
LOKIASV2_4119_ESMFold_glycosyltransferase_family_2_protein	MGYP003425507973.pdb.gz	MGYP003425507973.pdb.gz	1.287E-12	1.000	352	36	254	259	2	219	250	235	0.846	0.872
LOKIASV2_4119_ESMFold_glycosyltransferase_family_2_protein	MGYP001339677297.pdb.gz	MGYP001339677297.pdb.gz	1.654E-12	1.000	352	36	258	259	2	234	261	247	0.861	0.893
LOKIASV2_4119_ESMFold_glycosyltransferase_family_2_protein	MGYP003507583954.pdb.gz	MGYP003507583954.pdb.gz	1.345E-09	1.000	348	36	145	259	55	163	184	110	0.425	0.592
LOKIASV2_4119_ESMFold_glycosyltransferase_family_2_protein	MGYP000138553023.pdb.gz	MGYP000138553023.pdb.gz	4.726E-13	1.000	347	36	243	259	1	216	217	232	0.803	0.995
LOKIASV2_4119_ESMFold_glycosyltransferase_family_2_protein	MGYP002744422917.pdb.gz	MGYP002744422917.pdb.gz	5.787E-12	1.000	346	20	258	259	6	249	276	257	0.923	0.884
LOKIASV2_4119_ESMFold_glycosyltransferase_family_2_protein	MGYP001480347988.pdb.gz	MGYP001480347988.pdb.gz	4.866E-11	1.000	345	21	152	259	1	129	183	137	0.510	0.705
LOKIASV2_4119_ESMFold_glycosyltransferase_family_2_protein	MGYP001055849361.pdb.gz	MGYP001055849361.pdb.gz	1.786E-11	1.000	345	50	255	259	1	212	302	220	0.795	0.702
LOKIASV2_4119_ESMFold_glycosyltransferase_family_2_protein	MGYP001606112601.pdb.gz	MGYP001606112601.pdb.gz	4.571E-11	1.000	343	67	230	259	10	174	174	170	0.633	0.948
LOKIASV2_4119_ESMFold_glycosyltransferase_family_2_protein	MGYP000664800032.pdb.gz	MGYP000664800032.pdb.gz	5.787E-12	1.000	343	36	213	259	5	188	206	191	0.687	0.893
LOKIASV2_4119_ESMFold_glycosyltransferase_family_2_protein	MGYP000391702194.pdb.gz	MGYP000391702194.pdb.gz	1.371E-12	1.000	342	37	236	259	14	231	244	234	0.772	0.893
LOKIASV2_4119_ESMFold_glycosyltransferase_family_2_protein	MGYP000561723305.pdb.gz	MGYP000561723305.pdb.gz	2.025E-11	1.000	337	38	212	259	2	162	178	180	0.676	0.904
LOKIASV2_4119_ESMFold_glycosyltransferase_family_2_protein	MGYP001438873529.pdb.gz	MGYP001438873529.pdb.gz	5.180E-11	1.000	336	35	228	259	3	197	200	206	0.749	0.975
LOKIASV2_4119_ESMFold_glycosyltransferase_family_2_protein	MGYP000438588019.pdb.gz	MGYP000438588019.pdb.gz	5.435E-12	1.000	329	47	230	259	3	182	183	194	0.710	0.984
LOKIASV2_4119_ESMFold_glycosyltransferase_family_2_protein	MGYP001591684142.pdb.gz	MGYP001591684142.pdb.gz	6.983E-12	1.000	326	38	226	259	2	193	195	203	0.730	0.985
LOKIASV2_4119_ESMFold_glycosyltransferase_family_2_protein	MGYP003313848236.pdb.gz	MGYP003313848236.pdb.gz	5.010E-09	1.000	322	35	146	259	58	167	191	112	0.432	0.576
LOKIASV2_4119_ESMFold_glycosyltransferase_family_2_protein	MGYP001283431519.pdb.gz	MGYP001283431519.pdb.gz	8.550E-11	1.000	322	36	223	259	4	194	195	200	0.726	0.979
LOKIASV2_4119_ESMFold_glycosyltransferase_family_2_protein	MGYP003747235337.pdb.gz	MGYP003747235337.pdb.gz	1.728E-09	1.000	321	91	259	259	8	181	238	177	0.653	0.731
LOKIASV2_4119_ESMFold_glycosyltransferase_family_2_protein	MGYP001772342260.pdb.gz	MGYP001772342260.pdb.gz	1.227E-11	1.000	319	38	254	259	7	229	234	236	0.838	0.953
LOKIASV2_4119_ESMFold_glycosyltransferase_family_2_protein	MGYP001441737541.pdb.gz	MGYP001441737541.pdb.gz	1.761E-12	1.000	315	36	259	259	1	218	305	235	0.865	0.715
LOKIASV2_4119_ESMFold_glycosyltransferase_family_2_protein	MGYP001315308582.pdb.gz	MGYP001315308582.pdb.gz	5.256E-10	1.000	314	91	258	259	1	170	174	179	0.649	0.977
LOKIASV2_4119_ESMFold_glycosyltransferase_family_2_protein	MGYP003947618489.pdb.gz	MGYP003947618489.pdb.gz	5.515E-11	1.000	313	38	254	259	6	213	278	234	0.838	0.748
LOKIASV2_4119_ESMFold_glycosyltransferase_family_2_protein	MGYP000973146574.pdb.gz	MGYP000973146574.pdb.gz	3.733E-12	1.000	310	21	259	259	7	240	299	259	0.923	0.783
LOKIASV2_4119_ESMFold_glycosyltransferase_family_2_protein	MGYP003446192958.pdb.gz	MGYP003446192958.pdb.gz	1.098E-10	1.000	302	35	193	259	7	170	176	170	0.614	0.932
LOKIASV2_4119_ESMFold_glycosyltransferase_family_2_protein	MGYP001216321537.pdb.gz	MGYP001216321537.pdb.gz	5.872E-11	1.000	298	36	254	259	3	222	307	237	0.846	0.717
LOKIASV2_4119_ESMFold_glycosyltransferase_family_2_protein	MGYP000606131859.pdb.gz	MGYP000606131859.pdb.gz	3.342E-11	1.000	297	36	254	259	1	227	340	238	0.846	0.668
LOKIASV2_4119_ESMFold_glycosyltransferase_family_2_protein	MGYP000560094784.pdb.gz	MGYP000560094784.pdb.gz	9.102E-11	1.000	294	36	255	259	1	231	240	246	0.849	0.962
LOKIASV2_4119_ESMFold_glycosyltransferase_family_2_protein	MGYP003963996257.pdb.gz	MGYP003963996257.pdb.gz	2.639E-10	1.000	292	38	258	259	2	219	323	231	0.853	0.675
LOKIASV2_4119_ESMFold_glycosyltransferase_family_2_protein	MGYP001284330103.pdb.gz	MGYP001284330103.pdb.gz	1.391E-11	1.000	290	32	258	259	1	238	338	252	0.876	0.704
LOKIASV2_4119_ESMFold_glycosyltransferase_family_2_protein	MGYP001594469514.pdb.gz	MGYP001594469514.pdb.gz	1.169E-10	1.000	287	38	252	259	2	223	236	234	0.830	0.941
LOKIASV2_4119_ESMFold_glycosyltransferase_family_2_protein	MGYP000855605470.pdb.gz	MGYP000855605470.pdb.gz	3.558E-11	1.000	286	35	257	259	5	238	252	248	0.861	0.929
LOKIASV2_4119_ESMFold_glycosyltransferase_family_2_protein	MGYP001582513937.pdb.gz	MGYP001582513937.pdb.gz	1.411E-10	1.000	286	38	246	259	7	205	289	219	0.807	0.689
LOKIASV2_4119_ESMFold_glycosyltransferase_family_2_protein	MGYP000738722331.pdb.gz	MGYP000738722331.pdb.gz	4.866E-11	1.000	286	37	248	259	7	223	299	230	0.819	0.726
LOKIASV2_4119_ESMFold_glycosyltransferase_family_2_protein	MGYP000865848843.pdb.gz	MGYP000865848843.pdb.gz	4.638E-10	1.000	285	36	258	259	4	228	329	244	0.861	0.684
LOKIASV2_4119_ESMFold_glycosyltransferase_family_2_protein	MGYP001091019025.pdb.gz	MGYP001091019025.pdb.gz	4.356E-10	1.000	283	36	254	259	3	220	236	244	0.846	0.924
LOKIASV2_4119_ESMFold_glycosyltransferase_family_2_protein	MGYP001617301296.pdb.gz	MGYP001617301296.pdb.gz	9.371E-09	1.000	282	37	153	259	9	120	147	119	0.452	0.762
LOKIASV2_4119_ESMFold_glycosyltransferase_family_2_protein	MGYP001495506117.pdb.gz	MGYP001495506117.pdb.gz	1.502E-10	1.000	282	36	230	259	16	209	210	217	0.753	0.924
LOKIASV2_4119_ESMFold_glycosyltransferase_family_2_protein	MGYP000547651092.pdb.gz	MGYP000547651092.pdb.gz	2.363E-09	1.000	281	36	176	259	7	144	152	143	0.544	0.908
LOKIASV2_4119_ESMFold_glycosyltransferase_family_2_protein	MGYP001142567039.pdb.gz	MGYP001142567039.pdb.gz	4.092E-10	1.000	281	34	254	259	3	222	290	243	0.853	0.759
LOKIASV2_4119_ESMFold_glycosyltransferase_family_2_protein	MGYP001127589995.pdb.gz	MGYP001127589995.pdb.gz	4.706E-09	1.000	280	36	230	259	3	191	191	202	0.753	0.990
LOKIASV2_4119_ESMFold_glycosyltransferase_family_2_protein	MGYP003952355195.pdb.gz	MGYP003952355195.pdb.gz	5.872E-11	1.000	280	32	254	259	9	233	239	246	0.861	0.941
LOKIASV2_4119_ESMFold_glycosyltransferase_family_2_protein	MGYP000168735168.pdb.gz	MGYP000168735168.pdb.gz	1.703E-10	1.000	280	36	257	259	4	242	368	253	0.857	0.649
LOKIASV2_4119_ESMFold_glycosyltransferase_family_2_protein	MGYP001562934061.pdb.gz	MGYP001562934061.pdb.gz	8.550E-11	1.000	278	33	224	259	1	204	311	213	0.741	0.656
LOKIASV2_4119_ESMFold_glycosyltransferase_family_2_protein	MGYP001302956520.pdb.gz	MGYP001302956520.pdb.gz	9.691E-11	1.000	277	30	228	259	2	207	209	217	0.768	0.986
LOKIASV2_4119_ESMFold_glycosyltransferase_family_2_protein	MGYP001557917685.pdb.gz	MGYP001557917685.pdb.gz	4.092E-10	1.000	277	36	251	259	5	224	239	231	0.834	0.921
LOKIASV2_4119_ESMFold_glycosyltransferase_family_2_protein	MGYP000432312853.pdb.gz	MGYP000432312853.pdb.gz	2.769E-11	1.000	276	16	240	259	57	280	383	240	0.869	0.585
LOKIASV2_4119_ESMFold_glycosyltransferase_family_2_protein	MGYP002412215387.pdb.gz	MGYP002412215387.pdb.gz	7.085E-11	1.000	275	37	258	259	2	233	235	253	0.857	0.987
LOKIASV2_4119_ESMFold_glycosyltransferase_family_2_protein	MGYP000853207781.pdb.gz	MGYP000853207781.pdb.gz	8.675E-10	1.000	274	36	227	259	5	194	195	204	0.741	0.974
LOKIASV2_4119_ESMFold_glycosyltransferase_family_2_protein	MGYP001263814720.pdb.gz	MGYP001263814720.pdb.gz	8.149E-10	1.000	274	36	258	259	3	230	234	251	0.861	0.974
LOKIASV2_4119_ESMFold_glycosyltransferase_family_2_protein	MGYP000070129365.pdb.gz	MGYP000070129365.pdb.gz	1.599E-10	1.000	274	36	258	259	4	228	303	248	0.861	0.743
LOKIASV2_4119_ESMFold_glycosyltransferase_family_2_protein	MGYP000621476072.pdb.gz	MGYP000621476072.pdb.gz	1.032E-10	1.000	274	24	247	259	33	255	377	244	0.865	0.592
LOKIASV2_4119_ESMFold_glycosyltransferase_family_2_protein	MGYP001149758074.pdb.gz	MGYP001149758074.pdb.gz	5.958E-10	1.000	273	38	258	259	2	215	217	245	0.853	0.986
LOKIASV2_4119_ESMFold_glycosyltransferase_family_2_protein	MGYP001406683777.pdb.gz	MGYP001406683777.pdb.gz	3.843E-10	1.000	273	36	259	259	1	231	329	243	0.865	0.702
LOKIASV2_4119_ESMFold_glycosyltransferase_family_2_protein	MGYP000385522638.pdb.gz	MGYP000385522638.pdb.gz	1.325E-10	1.000	272	37	254	259	4	227	228	239	0.842	0.982
LOKIASV2_4119_ESMFold_glycosyltransferase_family_2_protein	MGYP000656560498.pdb.gz	MGYP000656560498.pdb.gz	2.479E-10	1.000	272	37	259	259	15	230	278	239	0.861	0.777
LOKIASV2_4119_ESMFold_glycosyltransferase_family_2_protein	MGYP001094280845.pdb.gz	MGYP001094280845.pdb.gz	4.937E-10	1.000	272	36	255	259	3	221	286	238	0.849	0.766
LOKIASV2_4119_ESMFold_glycosyltransferase_family_2_protein	MGYP000125204874.pdb.gz	MGYP000125204874.pdb.gz	2.329E-10	1.000	272	36	254	259	2	222	296	247	0.846	0.747
LOKIASV2_4119_ESMFold_glycosyltransferase_family_2_protein	MGYP003417656070.pdb.gz	MGYP003417656070.pdb.gz	3.342E-11	1.000	272	36	259	259	21	276	302	274	0.865	0.848
LOKIASV2_4119_ESMFold_glycosyltransferase_family_2_protein	MGYP000087697041.pdb.gz	MGYP000087697041.pdb.gz	5.256E-10	1.000	272	30	236	259	7	217	344	222	0.799	0.613
LOKIASV2_4119_ESMFold_glycosyltransferase_family_2_protein	MGYP000703560161.pdb.gz	MGYP000703560161.pdb.gz	2.810E-10	1.000	272	36	258	259	30	252	351	241	0.861	0.635
LOKIASV2_4119_ESMFold_glycosyltransferase_family_2_protein	MGYP001285301233.pdb.gz	MGYP001285301233.pdb.gz	1.502E-10	1.000	272	24	259	259	52	289	400	252	0.911	0.595
LOKIASV2_4119_ESMFold_glycosyltransferase_family_2_protein	MGYP000135278723.pdb.gz	MGYP000135278723.pdb.gz	2.187E-10	1.000	270	35	255	259	2	238	343	248	0.853	0.691
LOKIASV2_4119_ESMFold_glycosyltransferase_family_2_protein	MGYP003392841473.pdb.gz	MGYP003392841473.pdb.gz	1.576E-11	1.000	270	21	244	259	1	222	350	240	0.865	0.634
LOKIASV2_4119_ESMFold_glycosyltransferase_family_2_protein	MGYP000554741517.pdb.gz	MGYP000554741517.pdb.gz	3.957E-08	1.000	269	36	160	259	2	120	127	126	0.483	0.937
LOKIASV2_4119_ESMFold_glycosyltransferase_family_2_protein	MGYP001610520952.pdb.gz	MGYP001610520952.pdb.gz	3.441E-09	1.000	269	37	259	259	13	266	271	256	0.861	0.937
LOKIASV2_4119_ESMFold_glycosyltransferase_family_2_protein	MGYP003575271940.pdb.gz	MGYP003575271940.pdb.gz	2.187E-10	1.000	269	36	256	259	2	229	287	246	0.853	0.794
LOKIASV2_4119_ESMFold_glycosyltransferase_family_2_protein	MGYP002509564502.pdb.gz	MGYP002509564502.pdb.gz	5.596E-10	1.000	269	36	255	259	3	231	394	246	0.849	0.581
LOKIASV2_4119_ESMFold_glycosyltransferase_family_2_protein	MGYP000889807228.pdb.gz	MGYP000889807228.pdb.gz	5.180E-11	1.000	269	35	233	259	46	255	403	223	0.768	0.521
LOKIASV2_4119_ESMFold_glycosyltransferase_family_2_protein	MGYP000038288092.pdb.gz	MGYP000038288092.pdb.gz	4.356E-10	1.000	268	21	258	259	1	236	404	262	0.919	0.584
LOKIASV2_4119_ESMFold_glycosyltransferase_family_2_protein	MGYP003394189217.pdb.gz	MGYP003394189217.pdb.gz	7.189E-10	1.000	267	36	258	259	3	231	240	242	0.861	0.954
LOKIASV2_4119_ESMFold_glycosyltransferase_family_2_protein	MGYP003704739965.pdb.gz	MGYP003704739965.pdb.gz	4.092E-10	1.000	266	36	240	259	8	218	220	234	0.792	0.959
LOKIASV2_4119_ESMFold_glycosyltransferase_family_2_protein	MGYP002510901597.pdb.gz	MGYP002510901597.pdb.gz	1.502E-10	1.000	266	36	251	259	3	242	272	252	0.834	0.882
LOKIASV2_4119_ESMFold_glycosyltransferase_family_2_protein	MGYP003577028872.pdb.gz	MGYP003577028872.pdb.gz	1.131E-08	1.000	265	90	259	259	52	220	276	176	0.656	0.612
LOKIASV2_4119_ESMFold_glycosyltransferase_family_2_protein	MGYP001446117776.pdb.gz	MGYP001446117776.pdb.gz	2.516E-09	1.000	264	38	230	259	12	204	204	214	0.745	0.946
LOKIASV2_4119_ESMFold_glycosyltransferase_family_2_protein	MGYP000514760140.pdb.gz	MGYP000514760140.pdb.gz	4.356E-10	1.000	264	36	229	259	2	205	214	213	0.749	0.953
LOKIASV2_4119_ESMFold_glycosyltransferase_family_2_protein	MGYP001317099585.pdb.gz	MGYP001317099585.pdb.gz	1.958E-09	1.000	264	36	251	259	3	223	347	233	0.834	0.637
LOKIASV2_4119_ESMFold_glycosyltransferase_family_2_protein	MGYP001309692374.pdb.gz	MGYP001309692374.pdb.gz	3.610E-10	1.000	264	36	259	259	45	272	387	250	0.865	0.589
LOKIASV2_4119_ESMFold_glycosyltransferase_family_2_protein	MGYP001614046298.pdb.gz	MGYP001614046298.pdb.gz	3.663E-09	1.000	263	36	258	259	4	220	290	236	0.861	0.748
LOKIASV2_4119_ESMFold_glycosyltransferase_family_2_protein	MGYP000371370111.pdb.gz	MGYP000371370111.pdb.gz	1.930E-10	1.000	263	36	254	259	2	243	304	257	0.846	0.796
LOKIASV2_4119_ESMFold_glycosyltransferase_family_2_protein	MGYP001110732366.pdb.gz	MGYP001110732366.pdb.gz	2.992E-10	1.000	263	36	259	259	4	236	311	250	0.865	0.749
LOKIASV2_4119_ESMFold_glycosyltransferase_family_2_protein	MGYP001225567600.pdb.gz	MGYP001225567600.pdb.gz	1.502E-10	1.000	263	36	243	259	4	212	329	227	0.803	0.635
LOKIASV2_4119_ESMFold_glycosyltransferase_family_2_protein	MGYP001828463244.pdb.gz	MGYP001828463244.pdb.gz	2.187E-10	1.000	263	20	259	259	10	251	393	262	0.927	0.616
LOKIASV2_4119_ESMFold_glycosyltransferase_family_2_protein	MGYP000218057080.pdb.gz	MGYP000218057080.pdb.gz	3.185E-10	1.000	261	36	251	259	4	221	297	241	0.834	0.734
LOKIASV2_4119_ESMFold_glycosyltransferase_family_2_protein	MGYP002635520358.pdb.gz	MGYP002635520358.pdb.gz	9.833E-10	1.000	261	23	258	259	2	232	333	256	0.911	0.694
LOKIASV2_4119_ESMFold_glycosyltransferase_family_2_protein	MGYP001590181615.pdb.gz	MGYP001590181615.pdb.gz	7.654E-10	1.000	260	37	255	259	2	216	227	237	0.846	0.947
LOKIASV2_4119_ESMFold_glycosyltransferase_family_2_protein	MGYP002519716284.pdb.gz	MGYP002519716284.pdb.gz	7.189E-10	1.000	260	36	252	259	5	231	232	242	0.838	0.978
LOKIASV2_4119_ESMFold_glycosyltransferase_family_2_protein	MGYP001351140922.pdb.gz	MGYP001351140922.pdb.gz	4.356E-10	1.000	260	24	250	259	1	234	237	265	0.876	0.987
LOKIASV2_4119_ESMFold_glycosyltransferase_family_2_protein	MGYP000311197333.pdb.gz	MGYP000311197333.pdb.gz	4.638E-10	1.000	260	37	258	259	13	238	307	245	0.857	0.736
LOKIASV2_4119_ESMFold_glycosyltransferase_family_2_protein	MGYP001553862477.pdb.gz	MGYP001553862477.pdb.gz	4.420E-09	1.000	260	38	258	259	17	242	318	242	0.853	0.711
LOKIASV2_4119_ESMFold_glycosyltransferase_family_2_protein	MGYP001477702888.pdb.gz	MGYP001477702888.pdb.gz	7.654E-10	1.000	259	36	251	259	1	218	278	236	0.834	0.784
LOKIASV2_4119_ESMFold_glycosyltransferase_family_2_protein	MGYP000632416182.pdb.gz	MGYP000632416182.pdb.gz	3.843E-10	1.000	258	36	248	259	18	257	321	250	0.822	0.748
LOKIASV2_4119_ESMFold_glycosyltransferase_family_2_protein	MGYP003578523035.pdb.gz	MGYP003578523035.pdb.gz	3.558E-11	1.000	258	30	230	259	30	246	377	233	0.776	0.576
LOKIASV2_4119_ESMFold_glycosyltransferase_family_2_protein	MGYP003684255075.pdb.gz	MGYP003684255075.pdb.gz	2.187E-10	1.000	258	37	258	259	58	282	393	247	0.857	0.573
LOKIASV2_4119_ESMFold_glycosyltransferase_family_2_protein	MGYP003347061410.pdb.gz	MGYP003347061410.pdb.gz	2.516E-09	1.000	257	32	251	259	3	227	270	239	0.849	0.833
LOKIASV2_4119_ESMFold_glycosyltransferase_family_2_protein	MGYP000874064137.pdb.gz	MGYP000874064137.pdb.gz	6.753E-10	1.000	257	37	254	259	6	236	273	251	0.842	0.846
LOKIASV2_4119_ESMFold_glycosyltransferase_family_2_protein	MGYP000969614243.pdb.gz	MGYP000969614243.pdb.gz	3.843E-10	1.000	257	36	231	259	1	201	313	217	0.757	0.642
LOKIASV2_4119_ESMFold_glycosyltransferase_family_2_protein	MGYP000033866951.pdb.gz	MGYP000033866951.pdb.gz	3.185E-10	1.000	257	35	256	259	43	286	395	256	0.857	0.618
LOKIASV2_4119_ESMFold_glycosyltransferase_family_2_protein	MGYP001130293310.pdb.gz	MGYP001130293310.pdb.gz	1.345E-09	1.000	256	38	254	259	8	228	308	240	0.838	0.718
LOKIASV2_4119_ESMFold_glycosyltransferase_family_2_protein	MGYP001120858716.pdb.gz	MGYP001120858716.pdb.gz	4.092E-10	1.000	256	18	254	259	13	257	329	264	0.915	0.745
LOKIASV2_4119_ESMFold_glycosyltransferase_family_2_protein	MGYP001431582980.pdb.gz	MGYP001431582980.pdb.gz	9.236E-10	1.000	255	36	257	259	7	222	245	245	0.857	0.882
LOKIASV2_4119_ESMFold_glycosyltransferase_family_2_protein	MGYP001569937110.pdb.gz	MGYP001569937110.pdb.gz	3.185E-10	1.000	255	36	239	259	2	203	299	230	0.788	0.676
LOKIASV2_4119_ESMFold_glycosyltransferase_family_2_protein	MGYP003576419089.pdb.gz	MGYP003576419089.pdb.gz	9.833E-10	1.000	255	36	255	259	7	240	313	247	0.849	0.748
LOKIASV2_4119_ESMFold_glycosyltransferase_family_2_protein	MGYP001554019492.pdb.gz	MGYP001554019492.pdb.gz	5.083E-08	1.000	254	37	146	259	7	116	148	116	0.425	0.743
LOKIASV2_4119_ESMFold_glycosyltransferase_family_2_protein	MGYP002634316318.pdb.gz	MGYP002634316318.pdb.gz	1.432E-09	1.000	254	36	237	259	1	202	280	223	0.780	0.721
LOKIASV2_4119_ESMFold_glycosyltransferase_family_2_protein	MGYP001142144361.pdb.gz	MGYP001142144361.pdb.gz	1.263E-09	1.000	254	36	258	259	4	237	282	249	0.861	0.830
LOKIASV2_4119_ESMFold_glycosyltransferase_family_2_protein	MGYP000294703650.pdb.gz	MGYP000294703650.pdb.gz	1.432E-09	1.000	254	37	251	259	7	223	293	244	0.830	0.741
LOKIASV2_4119_ESMFold_glycosyltransferase_family_2_protein	MGYP000283049609.pdb.gz	MGYP000283049609.pdb.gz	4.638E-10	1.000	254	36	248	259	2	228	310	245	0.822	0.732
LOKIASV2_4119_ESMFold_glycosyltransferase_family_2_protein	MGYP000542333139.pdb.gz	MGYP000542333139.pdb.gz	3.843E-10	1.000	254	36	229	259	6	206	322	217	0.749	0.624
LOKIASV2_4119_ESMFold_glycosyltransferase_family_2_protein	MGYP000031583974.pdb.gz	MGYP000031583974.pdb.gz	1.432E-09	1.000	253	36	251	259	4	223	321	237	0.834	0.685
LOKIASV2_4119_ESMFold_glycosyltransferase_family_2_protein	MGYP000541725057.pdb.gz	MGYP000541725057.pdb.gz	2.851E-09	1.000	252	36	228	259	3	202	203	213	0.745	0.985
LOKIASV2_4119_ESMFold_glycosyltransferase_family_2_protein	MGYP001053931532.pdb.gz	MGYP001053931532.pdb.gz	3.185E-10	1.000	252	36	257	259	3	236	240	262	0.857	0.975
LOKIASV2_4119_ESMFold_glycosyltransferase_family_2_protein	MGYP002605725085.pdb.gz	MGYP002605725085.pdb.gz	1.524E-09	1.000	252	36	258	259	4	242	341	250	0.861	0.701
LOKIASV2_4119_ESMFold_glycosyltransferase_family_2_protein	MGYP001368065281.pdb.gz	MGYP001368065281.pdb.gz	1.728E-09	1.000	251	38	254	259	5	222	226	241	0.838	0.965
LOKIASV2_4119_ESMFold_glycosyltransferase_family_2_protein	MGYP001003657687.pdb.gz	MGYP001003657687.pdb.gz	4.638E-10	1.000	251	26	246	259	3	228	307	242	0.853	0.736
LOKIASV2_4119_ESMFold_glycosyltransferase_family_2_protein	MGYP000394688904.pdb.gz	MGYP000394688904.pdb.gz	3.185E-10	1.000	251	36	258	259	11	264	307	264	0.861	0.827
LOKIASV2_4119_ESMFold_glycosyltransferase_family_2_protein	MGYP001209486022.pdb.gz	MGYP001209486022.pdb.gz	7.189E-10	1.000	251	36	259	259	5	235	319	247	0.865	0.724
LOKIASV2_4119_ESMFold_glycosyltransferase_family_2_protein	MGYP001994639375.pdb.gz	MGYP001994639375.pdb.gz	1.839E-09	1.000	251	37	249	259	6	230	336	236	0.822	0.670
LOKIASV2_4119_ESMFold_glycosyltransferase_family_2_protein	MGYP002606796049.pdb.gz	MGYP002606796049.pdb.gz	1.958E-09	1.000	250	36	244	259	4	213	215	239	0.807	0.977
LOKIASV2_4119_ESMFold_glycosyltransferase_family_2_protein	MGYP003347864567.pdb.gz	MGYP003347864567.pdb.gz	3.957E-08	1.000	250	116	252	259	4	143	254	147	0.529	0.551
LOKIASV2_4119_ESMFold_glycosyltransferase_family_2_protein	MGYP000942242050.pdb.gz	MGYP000942242050.pdb.gz	1.187E-09	1.000	250	36	254	259	4	221	272	234	0.846	0.801
LOKIASV2_4119_ESMFold_glycosyltransferase_family_2_protein	MGYP001375678513.pdb.gz	MGYP001375678513.pdb.gz	4.152E-09	1.000	250	36	258	259	3	229	286	246	0.861	0.794
LOKIASV2_4119_ESMFold_glycosyltransferase_family_2_protein	MGYP001188126884.pdb.gz	MGYP001188126884.pdb.gz	8.149E-10	1.000	250	26	254	259	26	258	302	253	0.884	0.772
LOKIASV2_4119_ESMFold_glycosyltransferase_family_2_protein	MGYP001386789320.pdb.gz	MGYP001386789320.pdb.gz	1.728E-09	1.000	249	20	259	259	39	273	324	257	0.927	0.725
LOKIASV2_4119_ESMFold_glycosyltransferase_family_2_protein	MGYP003302982033.pdb.gz	MGYP003302982033.pdb.gz	9.102E-11	1.000	249	36	255	259	3	236	335	251	0.849	0.699
LOKIASV2_4119_ESMFold_glycosyltransferase_family_2_protein	MGYP001567345652.pdb.gz	MGYP001567345652.pdb.gz	9.833E-10	1.000	248	38	251	259	6	223	249	238	0.826	0.876
LOKIASV2_4119_ESMFold_glycosyltransferase_family_2_protein	MGYP001264945289.pdb.gz	MGYP001264945289.pdb.gz	1.432E-09	1.000	248	36	254	259	6	239	258	246	0.846	0.907
LOKIASV2_4119_ESMFold_glycosyltransferase_family_2_protein	MGYP001425497435.pdb.gz	MGYP001425497435.pdb.gz	5.678E-09	1.000	247	36	252	259	2	221	222	237	0.838	0.991
LOKIASV2_4119_ESMFold_glycosyltransferase_family_2_protein	MGYP000976849221.pdb.gz	MGYP000976849221.pdb.gz	7.189E-10	1.000	247	33	257	259	1	233	264	258	0.869	0.883
LOKIASV2_4119_ESMFold_glycosyltransferase_family_2_protein	MGYP003706036003.pdb.gz	MGYP003706036003.pdb.gz	7.189E-10	1.000	247	35	252	259	5	221	279	233	0.842	0.778
LOKIASV2_4119_ESMFold_glycosyltransferase_family_2_protein	MGYP000449589510.pdb.gz	MGYP000449589510.pdb.gz	1.047E-09	1.000	247	29	233	259	38	251	383	230	0.792	0.559
LOKIASV2_4119_ESMFold_glycosyltransferase_family_2_protein	MGYP001345395297.pdb.gz	MGYP001345395297.pdb.gz	6.753E-10	1.000	246	36	231	259	4	207	216	220	0.757	0.944
LOKIASV2_4119_ESMFold_glycosyltransferase_family_2_protein	MGYP000203288398.pdb.gz	MGYP000203288398.pdb.gz	5.334E-09	1.000	246	36	255	259	3	227	281	239	0.849	0.801
LOKIASV2_4119_ESMFold_glycosyltransferase_family_2_protein	MGYP001259416579.pdb.gz	MGYP001259416579.pdb.gz	3.441E-09	1.000	246	36	248	259	2	217	344	234	0.822	0.628
LOKIASV2_4119_ESMFold_glycosyltransferase_family_2_protein	MGYP000133099587.pdb.gz	MGYP000133099587.pdb.gz	1.263E-09	1.000	246	36	254	259	4	230	345	242	0.846	0.658
LOKIASV2_4119_ESMFold_glycosyltransferase_family_2_protein	MGYP001260749437.pdb.gz	MGYP001260749437.pdb.gz	9.833E-10	1.000	245	36	250	259	10	233	235	252	0.830	0.953
LOKIASV2_4119_ESMFold_glycosyltransferase_family_2_protein	MGYP000476854312.pdb.gz	MGYP000476854312.pdb.gz	2.363E-09	1.000	245	37	251	259	3	222	245	234	0.830	0.898
LOKIASV2_4119_ESMFold_glycosyltransferase_family_2_protein	MGYP002265737496.pdb.gz	MGYP002265737496.pdb.gz	4.420E-09	1.000	245	36	246	259	14	223	266	226	0.815	0.789
LOKIASV2_4119_ESMFold_glycosyltransferase_family_2_protein	MGYP001292629175.pdb.gz	MGYP001292629175.pdb.gz	1.958E-09	1.000	245	36	253	259	1	224	281	237	0.842	0.797
LOKIASV2_4119_ESMFold_glycosyltransferase_family_2_protein	MGYP001761673154.pdb.gz	MGYP001761673154.pdb.gz	5.010E-09	1.000	245	36	247	259	2	216	303	237	0.819	0.710
LOKIASV2_4119_ESMFold_glycosyltransferase_family_2_protein	MGYP000896884789.pdb.gz	MGYP000896884789.pdb.gz	1.047E-09	1.000	245	36	231	259	2	206	307	227	0.757	0.668
LOKIASV2_4119_ESMFold_glycosyltransferase_family_2_protein	MGYP001034152306.pdb.gz	MGYP001034152306.pdb.gz	3.610E-10	1.000	245	28	259	259	5	225	312	246	0.896	0.708
LOKIASV2_4119_ESMFold_glycosyltransferase_family_2_protein	MGYP001096362920.pdb.gz	MGYP001096362920.pdb.gz	7.295E-09	1.000	245	36	240	259	2	211	316	224	0.792	0.665
LOKIASV2_4119_ESMFold_glycosyltransferase_family_2_protein	MGYP001229532277.pdb.gz	MGYP001229532277.pdb.gz	2.363E-09	1.000	245	36	255	259	24	253	320	249	0.849	0.719
LOKIASV2_4119_ESMFold_glycosyltransferase_family_2_protein	MGYP001578480494.pdb.gz	MGYP001578480494.pdb.gz	2.219E-09	1.000	245	20	258	259	19	257	366	260	0.923	0.653
LOKIASV2_4119_ESMFold_glycosyltransferase_family_2_protein	MGYP000910042555.pdb.gz	MGYP000910042555.pdb.gz	1.345E-09	1.000	244	37	254	259	8	228	246	245	0.842	0.898
LOKIASV2_4119_ESMFold_glycosyltransferase_family_2_protein	MGYP001771806970.pdb.gz	MGYP001771806970.pdb.gz	1.623E-09	1.000	244	36	259	259	4	238	275	252	0.865	0.855
LOKIASV2_4119_ESMFold_glycosyltransferase_family_2_protein	MGYP001303442011.pdb.gz	MGYP001303442011.pdb.gz	4.706E-09	1.000	244	38	251	259	7	228	302	237	0.826	0.735
LOKIASV2_4119_ESMFold_glycosyltransferase_family_2_protein	MGYP000540918103.pdb.gz	MGYP000540918103.pdb.gz	1.098E-10	1.000	244	36	248	259	1	225	305	244	0.822	0.738
LOKIASV2_4119_ESMFold_glycosyltransferase_family_2_protein	MGYP001024520294.pdb.gz	MGYP001024520294.pdb.gz	5.958E-10	1.000	244	36	258	259	5	234	306	254	0.861	0.752
LOKIASV2_4119_ESMFold_glycosyltransferase_family_2_protein	MGYP000248479344.pdb.gz	MGYP000248479344.pdb.gz	4.152E-09	1.000	244	38	258	259	2	234	325	247	0.853	0.717
LOKIASV2_4119_ESMFold_glycosyltransferase_family_2_protein	MGYP003575444865.pdb.gz	MGYP003575444865.pdb.gz	6.343E-10	1.000	244	20	254	259	13	262	329	274	0.907	0.760
LOKIASV2_4119_ESMFold_glycosyltransferase_family_2_protein	MGYP000420097753.pdb.gz	MGYP000420097753.pdb.gz	3.900E-09	1.000	244	36	244	259	10	228	337	233	0.807	0.650
LOKIASV2_4119_ESMFold_glycosyltransferase_family_2_protein	MGYP001495205481.pdb.gz	MGYP001495205481.pdb.gz	3.843E-10	1.000	244	16	233	259	30	255	394	247	0.842	0.574
LOKIASV2_4119_ESMFold_glycosyltransferase_family_2_protein	MGYP002750772514.pdb.gz	MGYP002750772514.pdb.gz	9.649E-07	1.000	243	35	143	259	58	169	181	114	0.421	0.619
LOKIASV2_4119_ESMFold_glycosyltransferase_family_2_protein	MGYP001258882749.pdb.gz	MGYP001258882749.pdb.gz	2.851E-09	1.000	243	36	244	259	3	215	309	233	0.807	0.689
LOKIASV2_4119_ESMFold_glycosyltransferase_family_2_protein	MGYP001226952794.pdb.gz	MGYP001226952794.pdb.gz	2.678E-09	1.000	243	36	259	259	4	241	327	253	0.865	0.728
LOKIASV2_4119_ESMFold_glycosyltransferase_family_2_protein	MGYP000717890173.pdb.gz	MGYP000717890173.pdb.gz	4.356E-10	1.000	243	19	251	259	25	269	350	262	0.900	0.700
LOKIASV2_4119_ESMFold_glycosyltransferase_family_2_protein	MGYP002142096470.pdb.gz	MGYP002142096470.pdb.gz	5.596E-10	1.000	242	35	251	259	11	224	285	243	0.838	0.751
LOKIASV2_4119_ESMFold_glycosyltransferase_family_2_protein	MGYP000539444948.pdb.gz	MGYP000539444948.pdb.gz	3.843E-10	1.000	242	36	244	259	3	225	292	243	0.807	0.764
LOKIASV2_4119_ESMFold_glycosyltransferase_family_2_protein	MGYP000492318407.pdb.gz	MGYP000492318407.pdb.gz	1.839E-09	1.000	242	35	237	259	19	239	319	228	0.784	0.693
LOKIASV2_4119_ESMFold_glycosyltransferase_family_2_protein	MGYP001081663256.pdb.gz	MGYP001081663256.pdb.gz	7.766E-09	1.000	242	20	236	259	6	234	325	239	0.838	0.705
LOKIASV2_4119_ESMFold_glycosyltransferase_family_2_protein	MGYP001257622568.pdb.gz	MGYP001257622568.pdb.gz	2.893E-08	1.000	241	36	195	259	4	161	163	172	0.618	0.969
LOKIASV2_4119_ESMFold_glycosyltransferase_family_2_protein	MGYP001588630986.pdb.gz	MGYP001588630986.pdb.gz	4.420E-09	1.000	241	36	251	259	4	235	241	247	0.834	0.963
LOKIASV2_4119_ESMFold_glycosyltransferase_family_2_protein	MGYP001453633127.pdb.gz	MGYP001453633127.pdb.gz	7.654E-10	1.000	241	36	259	259	4	232	296	252	0.865	0.774
LOKIASV2_4119_ESMFold_glycosyltransferase_family_2_protein	MGYP001483300587.pdb.gz	MGYP001483300587.pdb.gz	9.977E-09	1.000	241	36	258	259	3	231	299	246	0.861	0.766
LOKIASV2_4119_ESMFold_glycosyltransferase_family_2_protein	MGYP000446121589.pdb.gz	MGYP000446121589.pdb.gz	5.010E-09	1.000	241	36	258	259	5	231	329	245	0.861	0.690
LOKIASV2_4119_ESMFold_glycosyltransferase_family_2_protein	MGYP000126429236.pdb.gz	MGYP000126429236.pdb.gz	2.851E-09	1.000	240	37	258	259	6	242	253	252	0.857	0.937
LOKIASV2_4119_ESMFold_glycosyltransferase_family_2_protein	MGYP001068965833.pdb.gz	MGYP001068965833.pdb.gz	6.753E-10	1.000	240	21	259	259	1	261	287	278	0.923	0.909
LOKIASV2_4119_ESMFold_glycosyltransferase_family_2_protein	MGYP000645736652.pdb.gz	MGYP000645736652.pdb.gz	3.036E-09	1.000	240	36	258	259	1	229	289	247	0.861	0.792
LOKIASV2_4119_ESMFold_glycosyltransferase_family_2_protein	MGYP001627208610.pdb.gz	MGYP001627208610.pdb.gz	2.851E-09	1.000	240	36	252	259	7	232	295	240	0.838	0.766
LOKIASV2_4119_ESMFold_glycosyltransferase_family_2_protein	MGYP000744448601.pdb.gz	MGYP000744448601.pdb.gz	2.329E-10	1.000	240	20	253	259	1	229	334	254	0.903	0.686
LOKIASV2_4119_ESMFold_glycosyltransferase_family_2_protein	MGYP003390045749.pdb.gz	MGYP003390045749.pdb.gz	1.524E-09	1.000	240	21	259	259	38	276	383	260	0.923	0.624
LOKIASV2_4119_ESMFold_glycosyltransferase_family_2_protein	MGYP001159151189.pdb.gz	MGYP001159151189.pdb.gz	2.398E-08	1.000	239	93	250	259	1	168	169	174	0.610	0.994
LOKIASV2_4119_ESMFold_glycosyltransferase_family_2_protein	MGYP001226333869.pdb.gz	MGYP001226333869.pdb.gz	1.703E-10	1.000	239	36	252	259	1	246	250	256	0.838	0.984
LOKIASV2_4119_ESMFold_glycosyltransferase_family_2_protein	MGYP001419851020.pdb.gz	MGYP001419851020.pdb.gz	4.420E-09	1.000	239	36	258	259	3	228	259	244	0.861	0.873
LOKIASV2_4119_ESMFold_glycosyltransferase_family_2_protein	MGYP000306724074.pdb.gz	MGYP000306724074.pdb.gz	5.678E-09	1.000	239	36	229	259	9	204	271	217	0.749	0.723
LOKIASV2_4119_ESMFold_glycosyltransferase_family_2_protein	MGYP001571537686.pdb.gz	MGYP001571537686.pdb.gz	1.839E-09	1.000	239	36	247	259	4	229	307	243	0.819	0.736
LOKIASV2_4119_ESMFold_glycosyltransferase_family_2_protein	MGYP002796097339.pdb.gz	MGYP002796097339.pdb.gz	2.085E-09	1.000	239	36	251	259	4	241	307	247	0.834	0.775
LOKIASV2_4119_ESMFold_glycosyltransferase_family_2_protein	MGYP001079151806.pdb.gz	MGYP001079151806.pdb.gz	8.675E-10	1.000	239	36	259	259	8	244	335	254	0.865	0.707
LOKIASV2_4119_ESMFold_glycosyltransferase_family_2_protein	MGYP000406156355.pdb.gz	MGYP000406156355.pdb.gz	7.654E-10	1.000	239	20	247	259	31	259	374	249	0.880	0.612
LOKIASV2_4119_ESMFold_glycosyltransferase_family_2_protein	MGYP000174399502.pdb.gz	MGYP000174399502.pdb.gz	1.012E-07	1.000	239	36	164	259	1	126	411	133	0.498	0.307
LOKIASV2_4119_ESMFold_glycosyltransferase_family_2_protein	MGYP001443866679.pdb.gz	MGYP001443866679.pdb.gz	6.045E-09	1.000	238	36	229	259	5	201	213	214	0.749	0.925
LOKIASV2_4119_ESMFold_glycosyltransferase_family_2_protein	MGYP001288131261.pdb.gz	MGYP001288131261.pdb.gz	5.334E-09	1.000	238	36	244	259	5	219	220	230	0.807	0.977
LOKIASV2_4119_ESMFold_glycosyltransferase_family_2_protein	MGYP003393931117.pdb.gz	MGYP003393931117.pdb.gz	6.045E-09	1.000	238	17	258	259	3	255	282	272	0.934	0.897
LOKIASV2_4119_ESMFold_glycosyltransferase_family_2_protein	MGYP001576690831.pdb.gz	MGYP001576690831.pdb.gz	5.010E-09	1.000	238	36	255	259	8	235	302	242	0.849	0.755
LOKIASV2_4119_ESMFold_glycosyltransferase_family_2_protein	MGYP003705842925.pdb.gz	MGYP003705842925.pdb.gz	9.977E-09	1.000	238	35	251	259	14	236	320	240	0.838	0.697
LOKIASV2_4119_ESMFold_glycosyltransferase_family_2_protein	MGYP001363608128.pdb.gz	MGYP001363608128.pdb.gz	1.062E-08	1.000	238	33	229	259	3	194	353	211	0.761	0.544
LOKIASV2_4119_ESMFold_glycosyltransferase_family_2_protein	MGYP001400732466.pdb.gz	MGYP001400732466.pdb.gz	6.852E-09	1.000	237	36	229	259	4	201	209	216	0.749	0.947
LOKIASV2_4119_ESMFold_glycosyltransferase_family_2_protein	MGYP001432314833.pdb.gz	MGYP001432314833.pdb.gz	4.152E-09	1.000	237	36	247	259	2	213	300	229	0.819	0.707
LOKIASV2_4119_ESMFold_glycosyltransferase_family_2_protein	MGYP000567594666.pdb.gz	MGYP000567594666.pdb.gz	3.036E-09	1.000	237	20	255	259	9	244	360	264	0.911	0.656
LOKIASV2_4119_ESMFold_glycosyltransferase_family_2_protein	MGYP000929710416.pdb.gz	MGYP000929710416.pdb.gz	1.114E-09	1.000	237	36	250	259	37	266	360	248	0.830	0.639
LOKIASV2_4119_ESMFold_glycosyltransferase_family_2_protein	MGYP001500246398.pdb.gz	MGYP001500246398.pdb.gz	1.647E-08	1.000	236	36	258	259	4	233	245	244	0.861	0.939
LOKIASV2_4119_ESMFold_glycosyltransferase_family_2_protein	MGYP001432317028.pdb.gz	MGYP001432317028.pdb.gz	4.706E-09	1.000	236	36	247	259	6	221	265	235	0.819	0.815
LOKIASV2_4119_ESMFold_glycosyltransferase_family_2_protein	MGYP001476877682.pdb.gz	MGYP001476877682.pdb.gz	1.204E-08	1.000	236	36	229	259	5	215	288	219	0.749	0.733
LOKIASV2_4119_ESMFold_glycosyltransferase_family_2_protein	MGYP001186821785.pdb.gz	MGYP001186821785.pdb.gz	1.958E-09	1.000	236	36	248	259	3	226	290	243	0.822	0.772
LOKIASV2_4119_ESMFold_glycosyltransferase_family_2_protein	MGYP001563836888.pdb.gz	MGYP001563836888.pdb.gz	1.131E-08	1.000	236	38	239	259	5	207	312	221	0.780	0.651
LOKIASV2_4119_ESMFold_glycosyltransferase_family_2_protein	MGYP001443618985.pdb.gz	MGYP001443618985.pdb.gz	9.977E-09	1.000	236	38	259	259	10	248	337	257	0.857	0.709
LOKIASV2_4119_ESMFold_glycosyltransferase_family_2_protein	MGYP000181364943.pdb.gz	MGYP000181364943.pdb.gz	1.958E-09	1.000	236	19	258	259	8	247	363	260	0.927	0.661
LOKIASV2_4119_ESMFold_glycosyltransferase_family_2_protein	MGYP003362268103.pdb.gz	MGYP003362268103.pdb.gz	9.833E-10	1.000	236	21	251	259	62	290	399	255	0.892	0.574
LOKIASV2_4119_ESMFold_glycosyltransferase_family_2_protein	MGYP003295442198.pdb.gz	MGYP003295442198.pdb.gz	5.083E-08	1.000	235	36	146	259	2	112	157	117	0.429	0.707
LOKIASV2_4119_ESMFold_glycosyltransferase_family_2_protein	MGYP001573306835.pdb.gz	MGYP001573306835.pdb.gz	7.766E-09	1.000	235	37	247	259	4	216	333	230	0.815	0.640
LOKIASV2_4119_ESMFold_glycosyltransferase_family_2_protein	MGYP001588225613.pdb.gz	MGYP001588225613.pdb.gz	3.491E-08	1.000	234	24	226	259	1	204	204	221	0.784	1.000
LOKIASV2_4119_ESMFold_glycosyltransferase_family_2_protein	MGYP000957574280.pdb.gz	MGYP000957574280.pdb.gz	4.420E-09	1.000	234	36	251	259	1	219	244	236	0.834	0.898
LOKIASV2_4119_ESMFold_glycosyltransferase_family_2_protein	MGYP001160155521.pdb.gz	MGYP001160155521.pdb.gz	3.232E-09	1.000	234	36	258	259	4	228	253	242	0.861	0.889
LOKIASV2_4119_ESMFold_glycosyltransferase_family_2_protein	MGYP000656311055.pdb.gz	MGYP000656311055.pdb.gz	1.547E-08	1.000	234	35	238	259	2	212	278	229	0.788	0.759
LOKIASV2_4119_ESMFold_glycosyltransferase_family_2_protein	MGYP000492573939.pdb.gz	MGYP000492573939.pdb.gz	6.436E-09	1.000	234	38	246	259	2	218	286	237	0.807	0.759
LOKIASV2_4119_ESMFold_glycosyltransferase_family_2_protein	MGYP000143643395.pdb.gz	MGYP000143643395.pdb.gz	3.185E-10	1.000	234	25	258	259	57	287	294	257	0.903	0.786
LOKIASV2_4119_ESMFold_glycosyltransferase_family_2_protein	MGYP000974471143.pdb.gz	MGYP000974471143.pdb.gz	2.810E-10	1.000	234	21	254	259	1	241	304	265	0.903	0.793
LOKIASV2_4119_ESMFold_glycosyltransferase_family_2_protein	MGYP000948190197.pdb.gz	MGYP000948190197.pdb.gz	3.232E-09	1.000	234	36	258	259	1	231	346	246	0.861	0.668
LOKIASV2_4119_ESMFold_glycosyltransferase_family_2_protein	MGYP001340866228.pdb.gz	MGYP001340866228.pdb.gz	5.010E-09	1.000	234	38	258	259	48	270	380	246	0.853	0.587
LOKIASV2_4119_ESMFold_glycosyltransferase_family_2_protein	MGYP001571276814.pdb.gz	MGYP001571276814.pdb.gz	4.420E-09	1.000	233	36	255	259	8	238	248	254	0.849	0.931
LOKIASV2_4119_ESMFold_glycosyltransferase_family_2_protein	MGYP001371270986.pdb.gz	MGYP001371270986.pdb.gz	7.295E-09	1.000	233	36	258	259	5	247	279	256	0.861	0.871
LOKIASV2_4119_ESMFold_glycosyltransferase_family_2_protein	MGYP000500384424.pdb.gz	MGYP000500384424.pdb.gz	1.345E-09	1.000	233	38	259	259	6	257	304	269	0.857	0.829
LOKIASV2_4119_ESMFold_glycosyltransferase_family_2_protein	MGYP000479237361.pdb.gz	MGYP000479237361.pdb.gz	1.866E-08	1.000	233	36	246	259	2	218	307	236	0.815	0.707
LOKIASV2_4119_ESMFold_glycosyltransferase_family_2_protein	MGYP001445323299.pdb.gz	MGYP001445323299.pdb.gz	4.485E-08	1.000	232	36	229	259	3	194	197	207	0.749	0.975
LOKIASV2_4119_ESMFold_glycosyltransferase_family_2_protein	MGYP001273893214.pdb.gz	MGYP001273893214.pdb.gz	3.663E-09	1.000	232	36	229	259	5	208	222	223	0.749	0.919
LOKIASV2_4119_ESMFold_glycosyltransferase_family_2_protein	MGYP003351125939.pdb.gz	MGYP003351125939.pdb.gz	3.441E-09	1.000	232	36	228	259	36	236	236	218	0.745	0.852
LOKIASV2_4119_ESMFold_glycosyltransferase_family_2_protein	MGYP003288595666.pdb.gz	MGYP003288595666.pdb.gz	2.516E-09	1.000	232	36	254	259	3	233	313	244	0.846	0.738
LOKIASV2_4119_ESMFold_glycosyltransferase_family_2_protein	MGYP002638603348.pdb.gz	MGYP002638603348.pdb.gz	8.268E-09	1.000	231	33	247	259	4	224	225	241	0.830	0.982
LOKIASV2_4119_ESMFold_glycosyltransferase_family_2_protein	MGYP001339498003.pdb.gz	MGYP001339498003.pdb.gz	9.649E-07	1.000	230	36	148	259	22	132	192	115	0.436	0.578
LOKIASV2_4119_ESMFold_glycosyltransferase_family_2_protein	MGYP000405423631.pdb.gz	MGYP000405423631.pdb.gz	1.987E-08	1.000	230	33	251	259	4	244	300	253	0.846	0.803
LOKIASV2_4119_ESMFold_glycosyltransferase_family_2_protein	MGYP001403941410.pdb.gz	MGYP001403941410.pdb.gz	2.851E-09	1.000	230	36	259	259	2	238	306	255	0.865	0.775
LOKIASV2_4119_ESMFold_glycosyltransferase_family_2_protein	MGYP003288291030.pdb.gz	MGYP003288291030.pdb.gz	6.045E-09	1.000	230	29	228	259	35	236	381	216	0.772	0.530
LOKIASV2_4119_ESMFold_glycosyltransferase_family_2_protein	MGYP001590930350.pdb.gz	MGYP001590930350.pdb.gz	1.453E-08	1.000	229	36	205	259	5	169	182	180	0.656	0.907
LOKIASV2_4119_ESMFold_glycosyltransferase_family_2_protein	MGYP003517354114.pdb.gz	MGYP003517354114.pdb.gz	2.252E-08	1.000	229	35	203	259	3	173	191	185	0.653	0.895
LOKIASV2_4119_ESMFold_glycosyltransferase_family_2_protein	MGYP003340262359.pdb.gz	MGYP003340262359.pdb.gz	4.706E-09	1.000	229	36	229	259	2	193	198	220	0.749	0.970
LOKIASV2_4119_ESMFold_glycosyltransferase_family_2_protein	MGYP002510292436.pdb.gz	MGYP002510292436.pdb.gz	1.411E-10	1.000	229	36	257	259	2	273	306	284	0.857	0.889
LOKIASV2_4119_ESMFold_glycosyltransferase_family_2_protein	MGYP000222731962.pdb.gz	MGYP000222731962.pdb.gz	4.420E-09	1.000	229	23	231	259	43	259	340	235	0.807	0.638
LOKIASV2_4119_ESMFold_glycosyltransferase_family_2_protein	MGYP001090946240.pdb.gz	MGYP001090946240.pdb.gz	9.977E-09	1.000	228	36	227	259	5	205	209	218	0.741	0.962
LOKIASV2_4119_ESMFold_glycosyltransferase_family_2_protein	MGYP001181190385.pdb.gz	MGYP001181190385.pdb.gz	5.334E-09	1.000	228	36	252	259	9	236	251	242	0.838	0.908
LOKIASV2_4119_ESMFold_glycosyltransferase_family_2_protein	MGYP000750372979.pdb.gz	MGYP000750372979.pdb.gz	9.977E-09	1.000	228	36	237	259	3	219	288	237	0.780	0.753
LOKIASV2_4119_ESMFold_glycosyltransferase_family_2_protein	MGYP003370860755.pdb.gz	MGYP003370860755.pdb.gz	4.706E-09	1.000	227	36	229	259	9	211	238	220	0.749	0.853
LOKIASV2_4119_ESMFold_glycosyltransferase_family_2_protein	MGYP001341563950.pdb.gz	MGYP001341563950.pdb.gz	3.036E-09	1.000	227	33	229	259	6	231	245	233	0.761	0.922
LOKIASV2_4119_ESMFold_glycosyltransferase_family_2_protein	MGYP001044608586.pdb.gz	MGYP001044608586.pdb.gz	7.295E-09	1.000	227	36	254	259	2	230	246	243	0.846	0.931
LOKIASV2_4119_ESMFold_glycosyltransferase_family_2_protein	MGYP000382577311.pdb.gz	MGYP000382577311.pdb.gz	9.977E-09	1.000	227	36	258	259	2	225	259	246	0.861	0.865
LOKIASV2_4119_ESMFold_glycosyltransferase_family_2_protein	MGYP002654479146.pdb.gz	MGYP002654479146.pdb.gz	1.263E-09	1.000	227	26	258	259	1	237	287	262	0.900	0.826
LOKIASV2_4119_ESMFold_glycosyltransferase_family_2_protein	MGYP000262174375.pdb.gz	MGYP000262174375.pdb.gz	1.345E-09	1.000	227	36	258	259	4	244	292	263	0.861	0.825
LOKIASV2_4119_ESMFold_glycosyltransferase_family_2_protein	MGYP000896343197.pdb.gz	MGYP000896343197.pdb.gz	2.115E-08	1.000	227	38	254	259	6	228	304	242	0.838	0.734
LOKIASV2_4119_ESMFold_glycosyltransferase_family_2_protein	MGYP001242074031.pdb.gz	MGYP001242074031.pdb.gz	2.363E-09	1.000	227	36	233	259	8	217	320	223	0.764	0.656
LOKIASV2_4119_ESMFold_glycosyltransferase_family_2_protein	MGYP001608388234.pdb.gz	MGYP001608388234.pdb.gz	1.062E-08	1.000	227	36	251	259	1	248	343	259	0.834	0.723
LOKIASV2_4119_ESMFold_glycosyltransferase_family_2_protein	MGYP001559478543.pdb.gz	MGYP001559478543.pdb.gz	1.524E-09	1.000	227	38	251	259	58	295	390	251	0.826	0.610
LOKIASV2_4119_ESMFold_glycosyltransferase_family_2_protein	MGYP000464330960.pdb.gz	MGYP000464330960.pdb.gz	8.268E-09	1.000	226	36	258	259	3	236	251	249	0.861	0.932
LOKIASV2_4119_ESMFold_glycosyltransferase_family_2_protein	MGYP000680991902.pdb.gz	MGYP000680991902.pdb.gz	9.371E-09	1.000	226	38	255	259	7	230	290	244	0.842	0.772
LOKIASV2_4119_ESMFold_glycosyltransferase_family_2_protein	MGYP001764897004.pdb.gz	MGYP001764897004.pdb.gz	1.062E-08	1.000	226	33	258	259	3	237	303	253	0.873	0.776
LOKIASV2_4119_ESMFold_glycosyltransferase_family_2_protein	MGYP001774153174.pdb.gz	MGYP001774153174.pdb.gz	3.441E-09	1.000	226	36	259	259	1	230	330	244	0.865	0.697
LOKIASV2_4119_ESMFold_glycosyltransferase_family_2_protein	MGYP001137411078.pdb.gz	MGYP001137411078.pdb.gz	7.766E-09	1.000	225	36	255	259	5	232	242	244	0.849	0.942
LOKIASV2_4119_ESMFold_glycosyltransferase_family_2_protein	MGYP001020240647.pdb.gz	MGYP001020240647.pdb.gz	3.663E-09	1.000	225	36	254	259	1	222	244	240	0.846	0.910
LOKIASV2_4119_ESMFold_glycosyltransferase_family_2_protein	MGYP001139816282.pdb.gz	MGYP001139816282.pdb.gz	8.675E-10	1.000	225	36	256	259	1	256	299	269	0.853	0.856
LOKIASV2_4119_ESMFold_glycosyltransferase_family_2_protein	MGYP001563560410.pdb.gz	MGYP001563560410.pdb.gz	3.663E-09	1.000	225	36	241	259	3	220	309	238	0.795	0.706
LOKIASV2_4119_ESMFold_glycosyltransferase_family_2_protein	MGYP003586750763.pdb.gz	MGYP003586750763.pdb.gz	4.152E-09	1.000	225	36	239	259	6	222	317	235	0.788	0.685
LOKIASV2_4119_ESMFold_glycosyltransferase_family_2_protein	MGYP001571649887.pdb.gz	MGYP001571649887.pdb.gz	3.036E-09	1.000	225	20	246	259	1	229	330	247	0.876	0.694
LOKIASV2_4119_ESMFold_glycosyltransferase_family_2_protein	MGYP000205105683.pdb.gz	MGYP000205105683.pdb.gz	3.441E-09	1.000	225	20	244	259	6	230	366	243	0.869	0.615
LOKIASV2_4119_ESMFold_glycosyltransferase_family_2_protein	MGYP001013398779.pdb.gz	MGYP001013398779.pdb.gz	2.718E-08	1.000	224	33	205	259	3	175	188	187	0.668	0.920
LOKIASV2_4119_ESMFold_glycosyltransferase_family_2_protein	MGYP003508729450.pdb.gz	MGYP003508729450.pdb.gz	1.078E-07	1.000	224	77	257	259	1	183	222	194	0.699	0.824
LOKIASV2_4119_ESMFold_glycosyltransferase_family_2_protein	MGYP001329945070.pdb.gz	MGYP001329945070.pdb.gz	1.623E-09	1.000	224	38	253	259	7	233	267	253	0.834	0.850
LOKIASV2_4119_ESMFold_glycosyltransferase_family_2_protein	MGYP001489214617.pdb.gz	MGYP001489214617.pdb.gz	7.766E-09	1.000	224	36	259	259	2	230	298	248	0.865	0.768
LOKIASV2_4119_ESMFold_glycosyltransferase_family_2_protein	MGYP001094529261.pdb.gz	MGYP001094529261.pdb.gz	5.958E-10	1.000	224	18	253	259	24	282	364	274	0.911	0.712
LOKIASV2_4119_ESMFold_glycosyltransferase_family_2_protein	MGYP000673207967.pdb.gz	MGYP000673207967.pdb.gz	1.866E-08	1.000	223	36	229	259	1	191	284	214	0.749	0.673
LOKIASV2_4119_ESMFold_glycosyltransferase_family_2_protein	MGYP002478482511.pdb.gz	MGYP002478482511.pdb.gz	5.010E-09	1.000	223	36	227	259	7	217	360	231	0.741	0.586
LOKIASV2_4119_ESMFold_glycosyltransferase_family_2_protein	MGYP001039486267.pdb.gz	MGYP001039486267.pdb.gz	8.268E-09	1.000	223	21	252	259	1	242	372	262	0.896	0.651
LOKIASV2_4119_ESMFold_glycosyltransferase_family_2_protein	MGYP000488728132.pdb.gz	MGYP000488728132.pdb.gz	6.436E-09	1.000	223	20	233	259	34	249	380	236	0.826	0.568
LOKIASV2_4119_ESMFold_glycosyltransferase_family_2_protein	MGYP001574399803.pdb.gz	MGYP001574399803.pdb.gz	7.510E-07	1.000	222	36	137	259	2	100	129	105	0.394	0.767
LOKIASV2_4119_ESMFold_glycosyltransferase_family_2_protein	MGYP002519582632.pdb.gz	MGYP002519582632.pdb.gz	1.547E-08	1.000	222	24	254	259	2	230	256	255	0.892	0.895
LOKIASV2_4119_ESMFold_glycosyltransferase_family_2_protein	MGYP000636765779.pdb.gz	MGYP000636765779.pdb.gz	1.753E-08	1.000	222	36	251	259	7	245	302	243	0.834	0.791
LOKIASV2_4119_ESMFold_glycosyltransferase_family_2_protein	MGYP001363478891.pdb.gz	MGYP001363478891.pdb.gz	1.987E-08	1.000	222	36	259	259	1	235	348	247	0.865	0.675
LOKIASV2_4119_ESMFold_glycosyltransferase_family_2_protein	MGYP001183482513.pdb.gz	MGYP001183482513.pdb.gz	5.083E-08	1.000	221	36	249	259	4	222	224	234	0.826	0.978
LOKIASV2_4119_ESMFold_glycosyltransferase_family_2_protein	MGYP001607946595.pdb.gz	MGYP001607946595.pdb.gz	7.766E-09	1.000	221	37	244	259	4	239	299	245	0.803	0.789
LOKIASV2_4119_ESMFold_glycosyltransferase_family_2_protein	MGYP003387185184.pdb.gz	MGYP003387185184.pdb.gz	2.516E-09	1.000	221	36	250	259	2	237	302	254	0.830	0.781
LOKIASV2_4119_ESMFold_glycosyltransferase_family_2_protein	MGYP002550132520.pdb.gz	MGYP002550132520.pdb.gz	1.131E-08	1.000	221	38	229	259	10	209	337	217	0.741	0.593
LOKIASV2_4119_ESMFold_glycosyltransferase_family_2_protein	MGYP001591735855.pdb.gz	MGYP001591735855.pdb.gz	4.152E-09	1.000	220	36	228	259	7	205	207	220	0.745	0.961
LOKIASV2_4119_ESMFold_glycosyltransferase_family_2_protein	MGYP001458515888.pdb.gz	MGYP001458515888.pdb.gz	5.678E-09	1.000	220	36	238	259	5	212	223	232	0.784	0.933
LOKIASV2_4119_ESMFold_glycosyltransferase_family_2_protein	MGYP000549904183.pdb.gz	MGYP000549904183.pdb.gz	2.893E-08	1.000	220	36	259	259	8	244	244	250	0.865	0.971
LOKIASV2_4119_ESMFold_glycosyltransferase_family_2_protein	MGYP001030487434.pdb.gz	MGYP001030487434.pdb.gz	1.432E-09	1.000	220	38	259	259	2	224	300	247	0.857	0.743
LOKIASV2_4119_ESMFold_glycosyltransferase_family_2_protein	MGYP001613129339.pdb.gz	MGYP001613129339.pdb.gz	1.866E-08	1.000	220	16	251	259	5	296	317	306	0.911	0.921
LOKIASV2_4119_ESMFold_glycosyltransferase_family_2_protein	MGYP001457198906.pdb.gz	MGYP001457198906.pdb.gz	2.893E-08	1.000	220	37	254	259	6	245	321	256	0.842	0.748
LOKIASV2_4119_ESMFold_glycosyltransferase_family_2_protein	MGYP003971290091.pdb.gz	MGYP003971290091.pdb.gz	3.232E-09	1.000	220	20	252	259	2	254	334	272	0.900	0.757
LOKIASV2_4119_ESMFold_glycosyltransferase_family_2_protein	MGYP001551222568.pdb.gz	MGYP001551222568.pdb.gz	4.706E-09	1.000	219	26	251	259	1	244	325	258	0.873	0.751
LOKIASV2_4119_ESMFold_glycosyltransferase_family_2_protein	MGYP002653651266.pdb.gz	MGYP002653651266.pdb.gz	1.496E-06	1.000	218	36	141	259	5	111	187	111	0.409	0.572
LOKIASV2_4119_ESMFold_glycosyltransferase_family_2_protein	MGYP001211918473.pdb.gz	MGYP001211918473.pdb.gz	1.062E-08	1.000	218	28	254	259	2	234	239	256	0.876	0.975
LOKIASV2_4119_ESMFold_glycosyltransferase_family_2_protein	MGYP001291011496.pdb.gz	MGYP001291011496.pdb.gz	1.958E-09	1.000	218	38	258	259	8	239	242	256	0.853	0.959
LOKIASV2_4119_ESMFold_glycosyltransferase_family_2_protein	MGYP000899366164.pdb.gz	MGYP000899366164.pdb.gz	6.852E-09	1.000	218	36	254	259	1	221	243	239	0.846	0.909
LOKIASV2_4119_ESMFold_glycosyltransferase_family_2_protein	MGYP000203297411.pdb.gz	MGYP000203297411.pdb.gz	8.803E-09	1.000	218	33	258	259	1	232	277	249	0.873	0.838
LOKIASV2_4119_ESMFold_glycosyltransferase_family_2_protein	MGYP000987485306.pdb.gz	MGYP000987485306.pdb.gz	6.852E-09	1.000	218	20	251	259	41	273	419	256	0.896	0.556
LOKIASV2_4119_ESMFold_glycosyltransferase_family_2_protein	MGYP000078002741.pdb.gz	MGYP000078002741.pdb.gz	2.893E-08	1.000	217	36	229	259	7	206	219	224	0.749	0.913
LOKIASV2_4119_ESMFold_glycosyltransferase_family_2_protein	MGYP000763853905.pdb.gz	MGYP000763853905.pdb.gz	6.530E-08	1.000	217	36	252	259	7	224	234	236	0.838	0.932
LOKIASV2_4119_ESMFold_glycosyltransferase_family_2_protein	MGYP001438447221.pdb.gz	MGYP001438447221.pdb.gz	1.753E-08	1.000	217	36	236	259	5	214	321	224	0.776	0.654
LOKIASV2_4119_ESMFold_glycosyltransferase_family_2_protein	MGYP001794681098.pdb.gz	MGYP001794681098.pdb.gz	1.365E-08	1.000	217	35	257	259	5	243	321	271	0.861	0.745
LOKIASV2_4119_ESMFold_glycosyltransferase_family_2_protein	MGYP003575426532.pdb.gz	MGYP003575426532.pdb.gz	1.131E-08	1.000	217	36	244	259	1	219	321	233	0.807	0.682
LOKIASV2_4119_ESMFold_glycosyltransferase_family_2_protein	MGYP000022558947.pdb.gz	MGYP000022558947.pdb.gz	8.268E-09	1.000	217	36	258	259	3	264	322	275	0.861	0.814
LOKIASV2_4119_ESMFold_glycosyltransferase_family_2_protein	MGYP003583539095.pdb.gz	MGYP003583539095.pdb.gz	2.851E-09	1.000	217	36	252	259	9	246	324	257	0.838	0.735
LOKIASV2_4119_ESMFold_glycosyltransferase_family_2_protein	MGYP000285048513.pdb.gz	MGYP000285048513.pdb.gz	1.365E-08	1.000	216	20	193	259	1	187	193	194	0.672	0.969
LOKIASV2_4119_ESMFold_glycosyltransferase_family_2_protein	MGYP003151275308.pdb.gz	MGYP003151275308.pdb.gz	1.204E-08	1.000	216	36	251	259	1	217	223	235	0.834	0.973
LOKIASV2_4119_ESMFold_glycosyltransferase_family_2_protein	MGYP001067918836.pdb.gz	MGYP001067918836.pdb.gz	3.957E-08	1.000	216	36	254	259	4	224	250	241	0.846	0.884
LOKIASV2_4119_ESMFold_glycosyltransferase_family_2_protein	MGYP000890042178.pdb.gz	MGYP000890042178.pdb.gz	3.491E-08	1.000	216	36	255	259	7	241	260	249	0.849	0.904
LOKIASV2_4119_ESMFold_glycosyltransferase_family_2_protein	MGYP001273934514.pdb.gz	MGYP001273934514.pdb.gz	3.232E-09	1.000	216	36	234	259	4	219	293	231	0.768	0.737
LOKIASV2_4119_ESMFold_glycosyltransferase_family_2_protein	MGYP001330529477.pdb.gz	MGYP001330529477.pdb.gz	3.279E-08	1.000	216	36	255	259	5	242	303	254	0.849	0.785
LOKIASV2_4119_ESMFold_glycosyltransferase_family_2_protein	MGYP001249572110.pdb.gz	MGYP001249572110.pdb.gz	4.775E-08	1.000	216	36	234	259	12	218	304	219	0.768	0.681
LOKIASV2_4119_ESMFold_glycosyltransferase_family_2_protein	MGYP000330086556.pdb.gz	MGYP000330086556.pdb.gz	4.213E-08	1.000	216	24	247	259	3	230	308	245	0.865	0.740
LOKIASV2_4119_ESMFold_glycosyltransferase_family_2_protein	MGYP000524441961.pdb.gz	MGYP000524441961.pdb.gz	6.134E-08	1.000	216	26	229	259	1	202	315	232	0.788	0.641
LOKIASV2_4119_ESMFold_glycosyltransferase_family_2_protein	MGYP003637111718.pdb.gz	MGYP003637111718.pdb.gz	6.045E-09	1.000	216	35	255	259	55	290	395	257	0.853	0.597
LOKIASV2_4119_ESMFold_glycosyltransferase_family_2_protein	MGYP001455186994.pdb.gz	MGYP001455186994.pdb.gz	4.213E-08	1.000	215	36	242	259	1	218	219	238	0.799	0.995
LOKIASV2_4119_ESMFold_glycosyltransferase_family_2_protein	MGYP001263404802.pdb.gz	MGYP001263404802.pdb.gz	4.706E-09	1.000	215	37	242	259	5	216	285	238	0.795	0.744
LOKIASV2_4119_ESMFold_glycosyltransferase_family_2_protein	MGYP000027849459.pdb.gz	MGYP000027849459.pdb.gz	1.062E-08	1.000	215	36	255	259	2	236	341	256	0.849	0.689
LOKIASV2_4119_ESMFold_glycosyltransferase_family_2_protein	MGYP003332805449.pdb.gz	MGYP003332805449.pdb.gz	1.282E-08	1.000	215	22	226	259	31	239	376	226	0.792	0.556
LOKIASV2_4119_ESMFold_glycosyltransferase_family_2_protein	MGYP000904159649.pdb.gz	MGYP000904159649.pdb.gz	2.252E-08	1.000	215	29	247	259	36	257	383	242	0.846	0.580
LOKIASV2_4119_ESMFold_glycosyltransferase_family_2_protein	MGYP001315840272.pdb.gz	MGYP001315840272.pdb.gz	6.953E-08	1.000	214	36	254	259	3	235	237	250	0.846	0.983
LOKIASV2_4119_ESMFold_glycosyltransferase_family_2_protein	MGYP001750772419.pdb.gz	MGYP001750772419.pdb.gz	1.987E-08	1.000	214	26	259	259	1	245	285	263	0.903	0.860
LOKIASV2_4119_ESMFold_glycosyltransferase_family_2_protein	MGYP001205076427.pdb.gz	MGYP001205076427.pdb.gz	1.453E-08	1.000	214	36	236	259	2	232	325	238	0.776	0.711
LOKIASV2_4119_ESMFold_glycosyltransferase_family_2_protein	MGYP002581924119.pdb.gz	MGYP002581924119.pdb.gz	6.436E-09	1.000	214	35	238	259	2	209	330	237	0.788	0.630
LOKIASV2_4119_ESMFold_glycosyltransferase_family_2_protein	MGYP000855914305.pdb.gz	MGYP000855914305.pdb.gz	1.987E-08	1.000	214	36	258	259	4	239	331	253	0.861	0.713
LOKIASV2_4119_ESMFold_glycosyltransferase_family_2_protein	MGYP001027203513.pdb.gz	MGYP001027203513.pdb.gz	2.016E-07	1.000	213	36	196	259	2	159	161	172	0.622	0.981
LOKIASV2_4119_ESMFold_glycosyltransferase_family_2_protein	MGYP000860152485.pdb.gz	MGYP000860152485.pdb.gz	3.279E-08	1.000	213	36	230	259	16	219	219	225	0.753	0.932
LOKIASV2_4119_ESMFold_glycosyltransferase_family_2_protein	MGYP001357382585.pdb.gz	MGYP001357382585.pdb.gz	3.957E-08	1.000	213	11	258	259	1	251	282	285	0.958	0.890
LOKIASV2_4119_ESMFold_glycosyltransferase_family_2_protein	MGYP000672310162.pdb.gz	MGYP000672310162.pdb.gz	1.453E-08	1.000	213	37	244	259	6	228	294	247	0.803	0.759
LOKIASV2_4119_ESMFold_glycosyltransferase_family_2_protein	MGYP000218909912.pdb.gz	MGYP000218909912.pdb.gz	8.803E-09	1.000	213	36	243	259	1	224	298	239	0.803	0.752
LOKIASV2_4119_ESMFold_glycosyltransferase_family_2_protein	MGYP001323217928.pdb.gz	MGYP001323217928.pdb.gz	9.371E-09	1.000	213	36	251	259	5	239	309	248	0.834	0.761
LOKIASV2_4119_ESMFold_glycosyltransferase_family_2_protein	MGYP001009880596.pdb.gz	MGYP001009880596.pdb.gz	2.553E-08	1.000	213	26	237	259	1	231	336	251	0.819	0.688
LOKIASV2_4119_ESMFold_glycosyltransferase_family_2_protein	MGYP001562371524.pdb.gz	MGYP001562371524.pdb.gz	3.491E-08	1.000	212	38	212	259	2	181	183	204	0.676	0.984
LOKIASV2_4119_ESMFold_glycosyltransferase_family_2_protein	MGYP001568027334.pdb.gz	MGYP001568027334.pdb.gz	1.147E-07	1.000	212	36	232	259	1	193	283	215	0.761	0.682
LOKIASV2_4119_ESMFold_glycosyltransferase_family_2_protein	MGYP000609546985.pdb.gz	MGYP000609546985.pdb.gz	2.798E-06	1.000	211	36	141	259	5	110	147	114	0.409	0.721
LOKIASV2_4119_ESMFold_glycosyltransferase_family_2_protein	MGYP000965305882.pdb.gz	MGYP000965305882.pdb.gz	1.094E-06	1.000	211	36	144	259	2	110	154	115	0.421	0.708
LOKIASV2_4119_ESMFold_glycosyltransferase_family_2_protein	MGYP001223590013.pdb.gz	MGYP001223590013.pdb.gz	1.062E-08	1.000	211	36	229	259	2	198	213	214	0.749	0.925
LOKIASV2_4119_ESMFold_glycosyltransferase_family_2_protein	MGYP001793538629.pdb.gz	MGYP001793538629.pdb.gz	3.279E-08	1.000	211	27	236	259	4	229	229	237	0.811	0.987
LOKIASV2_4119_ESMFold_glycosyltransferase_family_2_protein	MGYP001015111632.pdb.gz	MGYP001015111632.pdb.gz	6.852E-09	1.000	211	36	246	259	6	222	240	240	0.815	0.904
LOKIASV2_4119_ESMFold_glycosyltransferase_family_2_protein	MGYP000933242118.pdb.gz	MGYP000933242118.pdb.gz	2.398E-08	1.000	211	20	237	259	2	231	299	246	0.842	0.769
LOKIASV2_4119_ESMFold_glycosyltransferase_family_2_protein	MGYP000597765295.pdb.gz	MGYP000597765295.pdb.gz	1.365E-08	1.000	211	33	249	259	1	233	304	255	0.838	0.766
LOKIASV2_4119_ESMFold_glycosyltransferase_family_2_protein	MGYP001625182457.pdb.gz	MGYP001625182457.pdb.gz	2.718E-08	1.000	211	35	255	259	6	257	342	266	0.853	0.737
LOKIASV2_4119_ESMFold_glycosyltransferase_family_2_protein	MGYP003705879577.pdb.gz	MGYP003705879577.pdb.gz	8.932E-08	1.000	210	36	258	259	8	220	241	236	0.861	0.884
LOKIASV2_4119_ESMFold_glycosyltransferase_family_2_protein	MGYP001460361723.pdb.gz	MGYP001460361723.pdb.gz	6.436E-09	1.000	210	24	251	259	3	242	316	258	0.880	0.759
LOKIASV2_4119_ESMFold_glycosyltransferase_family_2_protein	MGYP000574246910.pdb.gz	MGYP000574246910.pdb.gz	1.647E-08	1.000	209	36	182	259	1	133	157	151	0.568	0.847
LOKIASV2_4119_ESMFold_glycosyltransferase_family_2_protein	MGYP000911662084.pdb.gz	MGYP000911662084.pdb.gz	3.080E-08	1.000	209	20	199	259	2	183	183	206	0.695	0.995
LOKIASV2_4119_ESMFold_glycosyltransferase_family_2_protein	MGYP001227481833.pdb.gz	MGYP001227481833.pdb.gz	1.078E-07	1.000	209	36	205	259	5	171	186	184	0.656	0.898
LOKIASV2_4119_ESMFold_glycosyltransferase_family_2_protein	MGYP003685693609.pdb.gz	MGYP003685693609.pdb.gz	5.412E-08	1.000	209	36	259	259	2	236	262	247	0.865	0.897
LOKIASV2_4119_ESMFold_glycosyltransferase_family_2_protein	MGYP001333605866.pdb.gz	MGYP001333605866.pdb.gz	1.062E-08	1.000	209	35	246	259	2	213	270	237	0.819	0.785
LOKIASV2_4119_ESMFold_glycosyltransferase_family_2_protein	MGYP001604454453.pdb.gz	MGYP001604454453.pdb.gz	3.491E-08	1.000	209	36	252	259	4	228	337	249	0.838	0.668
LOKIASV2_4119_ESMFold_glycosyltransferase_family_2_protein	MGYP000592644111.pdb.gz	MGYP000592644111.pdb.gz	5.762E-08	1.000	208	36	258	259	8	248	280	255	0.861	0.861
LOKIASV2_4119_ESMFold_glycosyltransferase_family_2_protein	MGYP000565328463.pdb.gz	MGYP000565328463.pdb.gz	1.222E-07	1.000	207	36	258	259	1	226	245	242	0.861	0.922
LOKIASV2_4119_ESMFold_glycosyltransferase_family_2_protein	MGYP001297630681.pdb.gz	MGYP001297630681.pdb.gz	3.717E-08	1.000	207	38	254	259	8	229	265	248	0.838	0.838
LOKIASV2_4119_ESMFold_glycosyltransferase_family_2_protein	MGYP002623620605.pdb.gz	MGYP002623620605.pdb.gz	2.893E-08	1.000	207	36	255	259	3	231	320	244	0.849	0.716
LOKIASV2_4119_ESMFold_glycosyltransferase_family_2_protein	MGYP001452569260.pdb.gz	MGYP001452569260.pdb.gz	3.827E-06	1.000	206	36	143	259	3	107	109	112	0.417	0.963
LOKIASV2_4119_ESMFold_glycosyltransferase_family_2_protein	MGYP001496614568.pdb.gz	MGYP001496614568.pdb.gz	2.252E-08	1.000	206	24	258	259	1	245	252	275	0.907	0.972
LOKIASV2_4119_ESMFold_glycosyltransferase_family_2_protein	MGYP001266899152.pdb.gz	MGYP001266899152.pdb.gz	1.282E-08	1.000	206	38	258	259	9	246	300	256	0.853	0.793
LOKIASV2_4119_ESMFold_glycosyltransferase_family_2_protein	MGYP000311075168.pdb.gz	MGYP000311075168.pdb.gz	4.775E-08	1.000	205	12	197	259	7	175	176	194	0.718	0.960
LOKIASV2_4119_ESMFold_glycosyltransferase_family_2_protein	MGYP001170138401.pdb.gz	MGYP001170138401.pdb.gz	3.717E-08	1.000	205	35	254	259	4	231	286	246	0.849	0.797
LOKIASV2_4119_ESMFold_glycosyltransferase_family_2_protein	MGYP000847419246.pdb.gz	MGYP000847419246.pdb.gz	1.078E-07	1.000	205	36	251	259	4	223	315	239	0.834	0.698
LOKIASV2_4119_ESMFold_glycosyltransferase_family_2_protein	MGYP001611958686.pdb.gz	MGYP001611958686.pdb.gz	1.282E-08	1.000	204	36	231	259	1	219	302	234	0.757	0.725
LOKIASV2_4119_ESMFold_glycosyltransferase_family_2_protein	MGYP001092024844.pdb.gz	MGYP001092024844.pdb.gz	1.753E-08	1.000	204	36	229	259	2	222	327	239	0.749	0.676
LOKIASV2_4119_ESMFold_glycosyltransferase_family_2_protein	MGYP001000126648.pdb.gz	MGYP001000126648.pdb.gz	6.134E-08	1.000	204	27	239	259	14	249	328	259	0.822	0.720
LOKIASV2_4119_ESMFold_glycosyltransferase_family_2_protein	MGYP001770897282.pdb.gz	MGYP001770897282.pdb.gz	5.412E-08	1.000	203	36	243	259	1	224	304	240	0.803	0.737
LOKIASV2_4119_ESMFold_glycosyltransferase_family_2_protein	MGYP002249037106.pdb.gz	MGYP002249037106.pdb.gz	1.547E-08	1.000	203	35	258	259	34	286	365	275	0.865	0.693
LOKIASV2_4119_ESMFold_glycosyltransferase_family_2_protein	MGYP000940650645.pdb.gz	MGYP000940650645.pdb.gz	1.753E-08	1.000	201	38	246	259	6	230	310	249	0.807	0.726
LOKIASV2_4119_ESMFold_glycosyltransferase_family_2_protein	MGYP003489636532.pdb.gz	MGYP003489636532.pdb.gz	4.015E-07	1.000	200	36	177	259	8	150	176	152	0.548	0.812
LOKIASV2_4119_ESMFold_glycosyltransferase_family_2_protein	MGYP003543380443.pdb.gz	MGYP003543380443.pdb.gz	1.474E-07	1.000	200	26	204	259	2	181	201	193	0.691	0.896
LOKIASV2_4119_ESMFold_glycosyltransferase_family_2_protein	MGYP001103033387.pdb.gz	MGYP001103033387.pdb.gz	7.402E-08	1.000	200	36	248	259	5	209	230	232	0.822	0.891
LOKIASV2_4119_ESMFold_glycosyltransferase_family_2_protein	MGYP001121296189.pdb.gz	MGYP001121296189.pdb.gz	2.553E-08	1.000	200	21	258	259	1	246	261	271	0.919	0.943
LOKIASV2_4119_ESMFold_glycosyltransferase_family_2_protein	MGYP001615314030.pdb.gz	MGYP001615314030.pdb.gz	1.365E-08	1.000	200	36	251	259	5	232	352	255	0.834	0.648
LOKIASV2_4119_ESMFold_glycosyltransferase_family_2_protein	MGYP000047110824.pdb.gz	MGYP000047110824.pdb.gz	1.222E-07	1.000	199	36	205	259	2	168	182	187	0.656	0.918
LOKIASV2_4119_ESMFold_glycosyltransferase_family_2_protein	MGYP003337553807.pdb.gz	MGYP003337553807.pdb.gz	1.671E-07	1.000	199	36	240	259	30	256	268	245	0.792	0.847
LOKIASV2_4119_ESMFold_glycosyltransferase_family_2_protein	MGYP000916180711.pdb.gz	MGYP000916180711.pdb.gz	1.012E-07	1.000	198	24	258	259	1	230	245	266	0.907	0.939
LOKIASV2_4119_ESMFold_glycosyltransferase_family_2_protein	MGYP001612882290.pdb.gz	MGYP001612882290.pdb.gz	3.279E-08	1.000	198	20	249	259	1	244	245	263	0.888	0.996
LOKIASV2_4119_ESMFold_glycosyltransferase_family_2_protein	MGYP001149525528.pdb.gz	MGYP001149525528.pdb.gz	2.718E-08	1.000	198	36	248	259	1	234	334	250	0.822	0.701
LOKIASV2_4119_ESMFold_glycosyltransferase_family_2_protein	MGYP000079473676.pdb.gz	MGYP000079473676.pdb.gz	3.717E-08	1.000	197	32	251	259	5	230	239	256	0.849	0.946
LOKIASV2_4119_ESMFold_glycosyltransferase_family_2_protein	MGYP000656655700.pdb.gz	MGYP000656655700.pdb.gz	3.327E-07	1.000	197	36	251	259	2	217	280	235	0.834	0.771
LOKIASV2_4119_ESMFold_glycosyltransferase_family_2_protein	MGYP003705862143.pdb.gz	MGYP003705862143.pdb.gz	4.485E-08	1.000	197	20	258	259	2	238	301	262	0.923	0.787
LOKIASV2_4119_ESMFold_glycosyltransferase_family_2_protein	MGYP002641873030.pdb.gz	MGYP002641873030.pdb.gz	3.957E-08	1.000	197	26	248	259	2	251	312	268	0.861	0.801
LOKIASV2_4119_ESMFold_glycosyltransferase_family_2_protein	MGYP003382251699.pdb.gz	MGYP003382251699.pdb.gz	4.485E-08	1.000	196	36	230	259	1	218	315	233	0.753	0.692
LOKIASV2_4119_ESMFold_glycosyltransferase_family_2_protein	MGYP001591534467.pdb.gz	MGYP001591534467.pdb.gz	5.491E-07	1.000	195	36	196	259	2	168	193	175	0.622	0.865
LOKIASV2_4119_ESMFold_glycosyltransferase_family_2_protein	MGYP001244091025.pdb.gz	MGYP001244091025.pdb.gz	3.491E-08	1.000	195	36	258	259	3	258	264	273	0.861	0.970
LOKIASV2_4119_ESMFold_glycosyltransferase_family_2_protein	MGYP000878147138.pdb.gz	MGYP000878147138.pdb.gz	4.485E-08	1.000	195	20	255	259	9	246	269	267	0.911	0.885
LOKIASV2_4119_ESMFold_glycosyltransferase_family_2_protein	MGYP000278833995.pdb.gz	MGYP000278833995.pdb.gz	4.213E-08	1.000	195	37	247	259	11	224	281	235	0.815	0.762
LOKIASV2_4119_ESMFold_glycosyltransferase_family_2_protein	MGYP000736349379.pdb.gz	MGYP000736349379.pdb.gz	1.779E-07	1.000	194	36	248	259	3	231	290	244	0.822	0.790
LOKIASV2_4119_ESMFold_glycosyltransferase_family_2_protein	MGYP000724240117.pdb.gz	MGYP000724240117.pdb.gz	1.496E-06	1.000	194	36	252	259	9	242	314	258	0.838	0.745
LOKIASV2_4119_ESMFold_glycosyltransferase_family_2_protein	MGYP000433408919.pdb.gz	MGYP000433408919.pdb.gz	3.327E-07	1.000	193	26	196	259	2	148	161	183	0.660	0.913
LOKIASV2_4119_ESMFold_glycosyltransferase_family_2_protein	MGYP001600379612.pdb.gz	MGYP001600379612.pdb.gz	3.327E-07	1.000	193	35	193	259	4	167	169	177	0.614	0.970
LOKIASV2_4119_ESMFold_glycosyltransferase_family_2_protein	MGYP000894775904.pdb.gz	MGYP000894775904.pdb.gz	1.405E-06	1.000	193	36	195	259	2	166	173	171	0.618	0.954
LOKIASV2_4119_ESMFold_glycosyltransferase_family_2_protein	MGYP002763652220.pdb.gz	MGYP002763652220.pdb.gz	5.412E-08	1.000	193	36	254	259	2	241	319	257	0.846	0.752
LOKIASV2_4119_ESMFold_glycosyltransferase_family_2_protein	MGYP001507662764.pdb.gz	MGYP001507662764.pdb.gz	3.279E-08	1.000	193	1	258	259	6	268	390	291	0.996	0.674
LOKIASV2_4119_ESMFold_glycosyltransferase_family_2_protein	MGYP001355548111.pdb.gz	MGYP001355548111.pdb.gz	3.022E-05	1.000	192	36	142	259	1	107	130	109	0.413	0.823
LOKIASV2_4119_ESMFold_glycosyltransferase_family_2_protein	MGYP001053791964.pdb.gz	MGYP001053791964.pdb.gz	1.592E-06	1.000	192	36	141	259	6	116	159	111	0.409	0.698
LOKIASV2_4119_ESMFold_glycosyltransferase_family_2_protein	MGYP000032153786.pdb.gz	MGYP000032153786.pdb.gz	2.590E-07	1.000	192	36	195	259	2	174	186	184	0.618	0.930
LOKIASV2_4119_ESMFold_glycosyltransferase_family_2_protein	MGYP000530011896.pdb.gz	MGYP000530011896.pdb.gz	3.080E-08	1.000	192	26	228	259	3	212	345	232	0.784	0.609
LOKIASV2_4119_ESMFold_glycosyltransferase_family_2_protein	MGYP000875889006.pdb.gz	MGYP000875889006.pdb.gz	1.671E-07	1.000	191	13	229	259	2	199	332	234	0.838	0.596
LOKIASV2_4119_ESMFold_glycosyltransferase_family_2_protein	MGYP001595513012.pdb.gz	MGYP001595513012.pdb.gz	3.171E-06	1.000	190	36	141	259	3	108	154	112	0.409	0.688
LOKIASV2_4119_ESMFold_glycosyltransferase_family_2_protein	MGYP000989005097.pdb.gz	MGYP000989005097.pdb.gz	9.977E-09	1.000	190	21	258	259	1	252	256	281	0.919	0.984
LOKIASV2_4119_ESMFold_glycosyltransferase_family_2_protein	MGYP000092979164.pdb.gz	MGYP000092979164.pdb.gz	2.016E-07	1.000	190	1	258	259	5	274	339	298	0.996	0.796
LOKIASV2_4119_ESMFold_glycosyltransferase_family_2_protein	MGYP000751091337.pdb.gz	MGYP000751091337.pdb.gz	2.433E-07	1.000	189	36	242	259	9	224	226	232	0.799	0.956
LOKIASV2_4119_ESMFold_glycosyltransferase_family_2_protein	MGYP001239759448.pdb.gz	MGYP001239759448.pdb.gz	1.301E-07	1.000	189	27	226	259	30	238	239	224	0.772	0.874
LOKIASV2_4119_ESMFold_glycosyltransferase_family_2_protein	MGYP003973525853.pdb.gz	MGYP003973525853.pdb.gz	8.390E-08	1.000	189	37	258	259	4	239	245	260	0.857	0.963
LOKIASV2_4119_ESMFold_glycosyltransferase_family_2_protein	MGYP001121148172.pdb.gz	MGYP001121148172.pdb.gz	8.390E-08	1.000	189	26	258	259	1	246	252	272	0.900	0.976
LOKIASV2_4119_ESMFold_glycosyltransferase_family_2_protein	MGYP000524030792.pdb.gz	MGYP000524030792.pdb.gz	4.551E-07	1.000	189	21	259	259	4	248	343	264	0.923	0.714
LOKIASV2_4119_ESMFold_glycosyltransferase_family_2_protein	MGYP001577401129.pdb.gz	MGYP001577401129.pdb.gz	3.327E-07	1.000	189	16	247	259	31	260	375	251	0.896	0.613
LOKIASV2_4119_ESMFold_glycosyltransferase_family_2_protein	MGYP001242205898.pdb.gz	MGYP001242205898.pdb.gz	1.078E-07	1.000	188	35	258	259	3	250	307	268	0.865	0.808
LOKIASV2_4119_ESMFold_glycosyltransferase_family_2_protein	MGYP003577224353.pdb.gz	MGYP003577224353.pdb.gz	8.638E-06	1.000	187	36	137	259	2	100	110	105	0.394	0.900
LOKIASV2_4119_ESMFold_glycosyltransferase_family_2_protein	MGYP001170187325.pdb.gz	MGYP001170187325.pdb.gz	3.376E-06	1.000	187	10	124	259	8	122	132	117	0.444	0.871
LOKIASV2_4119_ESMFold_glycosyltransferase_family_2_protein	MGYP001188072062.pdb.gz	MGYP001188072062.pdb.gz	5.083E-08	1.000	186	38	250	259	13	238	279	249	0.822	0.810
LOKIASV2_4119_ESMFold_glycosyltransferase_family_2_protein	MGYP001795201783.pdb.gz	MGYP001795201783.pdb.gz	3.542E-07	1.000	186	17	244	259	5	223	290	248	0.880	0.755
LOKIASV2_4119_ESMFold_glycosyltransferase_family_2_protein	MGYP002777580107.pdb.gz	MGYP002777580107.pdb.gz	4.134E-05	1.000	185	36	143	259	5	109	115	110	0.417	0.913
LOKIASV2_4119_ESMFold_glycosyltransferase_family_2_protein	MGYP001178183304.pdb.gz	MGYP001178183304.pdb.gz	6.224E-07	1.000	185	36	240	259	5	222	295	237	0.792	0.739
LOKIASV2_4119_ESMFold_glycosyltransferase_family_2_protein	MGYP001390895831.pdb.gz	MGYP001390895831.pdb.gz	2.146E-07	1.000	185	38	240	259	2	228	305	237	0.784	0.744
LOKIASV2_4119_ESMFold_glycosyltransferase_family_2_protein	MGYP000462655565.pdb.gz	MGYP000462655565.pdb.gz	6.953E-08	1.000	185	20	229	259	1	215	334	237	0.811	0.644
LOKIASV2_4119_ESMFold_glycosyltransferase_family_2_protein	MGYP000920866466.pdb.gz	MGYP000920866466.pdb.gz	2.757E-07	1.000	185	36	243	259	3	209	351	232	0.803	0.590
LOKIASV2_4119_ESMFold_glycosyltransferase_family_2_protein	MGYP001453758560.pdb.gz	MGYP001453758560.pdb.gz	5.158E-07	1.000	184	36	173	259	3	149	150	153	0.533	0.980
LOKIASV2_4119_ESMFold_glycosyltransferase_family_2_protein	MGYP000502672251.pdb.gz	MGYP000502672251.pdb.gz	4.275E-07	1.000	184	36	259	259	2	223	319	245	0.865	0.696
LOKIASV2_4119_ESMFold_glycosyltransferase_family_2_protein	MGYP001318078960.pdb.gz	MGYP001318078960.pdb.gz	3.771E-07	1.000	183	36	258	259	3	238	249	263	0.861	0.948
LOKIASV2_4119_ESMFold_glycosyltransferase_family_2_protein	MGYP001595064324.pdb.gz	MGYP001595064324.pdb.gz	2.046E-06	1.000	182	36	160	259	3	127	142	132	0.483	0.880
LOKIASV2_4119_ESMFold_glycosyltransferase_family_2_protein	MGYP001015686566.pdb.gz	MGYP001015686566.pdb.gz	1.474E-07	1.000	181	20	258	259	1	285	370	312	0.923	0.770
LOKIASV2_4119_ESMFold_glycosyltransferase_family_2_protein	MGYP000499782439.pdb.gz	MGYP000499782439.pdb.gz	1.181E-05	1.000	180	32	141	259	4	111	115	115	0.425	0.939
LOKIASV2_4119_ESMFold_glycosyltransferase_family_2_protein	MGYP001544715708.pdb.gz	MGYP001544715708.pdb.gz	2.798E-06	1.000	180	35	193	259	2	176	176	186	0.614	0.994
LOKIASV2_4119_ESMFold_glycosyltransferase_family_2_protein	MGYP001177088222.pdb.gz	MGYP001177088222.pdb.gz	1.921E-06	1.000	180	36	228	259	4	222	222	226	0.745	0.986
LOKIASV2_4119_ESMFold_glycosyltransferase_family_2_protein	MGYP002784302275.pdb.gz	MGYP002784302275.pdb.gz	1.164E-06	1.000	180	36	226	259	2	206	305	221	0.737	0.672
LOKIASV2_4119_ESMFold_glycosyltransferase_family_2_protein	MGYP002366210451.pdb.gz	MGYP002366210451.pdb.gz	2.979E-06	1.000	179	36	215	259	22	198	269	193	0.695	0.658
LOKIASV2_4119_ESMFold_glycosyltransferase_family_2_protein	MGYP001826965530.pdb.gz	MGYP001826965530.pdb.gz	1.950E-05	1.000	178	17	111	259	4	97	98	98	0.367	0.959
LOKIASV2_4119_ESMFold_glycosyltransferase_family_2_protein	MGYP000716503509.pdb.gz	MGYP000716503509.pdb.gz	4.134E-05	1.000	177	24	143	259	28	144	172	124	0.463	0.680
LOKIASV2_4119_ESMFold_glycosyltransferase_family_2_protein	MGYP000420163242.pdb.gz	MGYP000420163242.pdb.gz	2.016E-07	1.000	177	8	209	259	17	209	210	215	0.780	0.919
LOKIASV2_4119_ESMFold_glycosyltransferase_family_2_protein	MGYP000715512712.pdb.gz	MGYP000715512712.pdb.gz	4.551E-07	1.000	177	36	232	259	4	202	218	215	0.761	0.913
LOKIASV2_4119_ESMFold_glycosyltransferase_family_2_protein	MGYP000129693372.pdb.gz	MGYP000129693372.pdb.gz	6.822E-05	1.000	176	37	142	259	9	111	156	110	0.409	0.660
LOKIASV2_4119_ESMFold_glycosyltransferase_family_2_protein	MGYP001415041355.pdb.gz	MGYP001415041355.pdb.gz	3.327E-07	1.000	175	31	258	259	2	249	251	272	0.880	0.988
LOKIASV2_4119_ESMFold_glycosyltransferase_family_2_protein	MGYP003629417611.pdb.gz	MGYP003629417611.pdb.gz	1.222E-07	1.000	174	36	243	259	3	229	291	247	0.803	0.780
LOKIASV2_4119_ESMFold_glycosyltransferase_family_2_protein	MGYP003591800704.pdb.gz	MGYP003591800704.pdb.gz	4.551E-07	1.000	173	21	215	259	1	207	211	231	0.753	0.981
LOKIASV2_4119_ESMFold_glycosyltransferase_family_2_protein	MGYP001380127873.pdb.gz	MGYP001380127873.pdb.gz	2.178E-06	1.000	171	26	254	259	1	252	334	270	0.884	0.754
LOKIASV2_4119_ESMFold_glycosyltransferase_family_2_protein	MGYP001327272615.pdb.gz	MGYP001327272615.pdb.gz	2.468E-06	1.000	170	36	192	259	11	166	167	168	0.606	0.934
LOKIASV2_4119_ESMFold_glycosyltransferase_family_2_protein	MGYP001798279491.pdb.gz	MGYP001798279491.pdb.gz	3.594E-06	1.000	169	33	204	259	1	162	162	180	0.664	1.000
LOKIASV2_4119_ESMFold_glycosyltransferase_family_2_protein	MGYP003346582340.pdb.gz	MGYP003346582340.pdb.gz	2.433E-07	1.000	167	20	251	259	3	253	288	284	0.896	0.872
LOKIASV2_4119_ESMFold_glycosyltransferase_family_2_protein	MGYP003954947687.pdb.gz	MGYP003954947687.pdb.gz	1.276E-04	1.000	166	27	143	259	39	153	183	120	0.452	0.628
LOKIASV2_4119_ESMFold_glycosyltransferase_family_2_protein	MGYP003241476312.pdb.gz	MGYP003241476312.pdb.gz	5.234E-06	1.000	166	35	236	259	6	214	290	232	0.780	0.721
LOKIASV2_4119_ESMFold_glycosyltransferase_family_2_protein	MGYP001088634350.pdb.gz	MGYP001088634350.pdb.gz	3.771E-07	1.000	164	38	247	259	2	269	350	287	0.811	0.766
LOKIASV2_4119_ESMFold_glycosyltransferase_family_2_protein	MGYP001369780558.pdb.gz	MGYP001369780558.pdb.gz	4.618E-06	1.000	163	36	258	259	3	232	279	246	0.861	0.824
LOKIASV2_4119_ESMFold_glycosyltransferase_family_2_protein	MGYP001287063889.pdb.gz	MGYP001287063889.pdb.gz	7.158E-06	1.000	161	32	195	259	4	168	177	183	0.633	0.932
LOKIASV2_4119_ESMFold_glycosyltransferase_family_2_protein	MGYP002860199742.pdb.gz	MGYP002860199742.pdb.gz	2.798E-06	1.000	160	38	258	259	9	231	240	249	0.853	0.929
LOKIASV2_4119_ESMFold_glycosyltransferase_family_2_protein	MGYP001793645781.pdb.gz	MGYP001793645781.pdb.gz	2.178E-06	1.000	159	36	197	259	2	202	454	209	0.625	0.443
LOKIASV2_4119_ESMFold_glycosyltransferase_family_2_protein	MGYP003590337002.pdb.gz	MGYP003590337002.pdb.gz	3.594E-06	1.000	156	39	247	259	2	198	300	229	0.807	0.657
LOKIASV2_4119_ESMFold_glycosyltransferase_family_2_protein	MGYP000533545878.pdb.gz	MGYP000533545878.pdb.gz	1.921E-06	1.000	156	36	197	259	13	189	420	189	0.625	0.421
LOKIASV2_4119_ESMFold_glycosyltransferase_family_2_protein	MGYP003340750327.pdb.gz	MGYP003340750327.pdb.gz	8.638E-06	1.000	155	17	251	259	5	256	275	276	0.907	0.916
LOKIASV2_4119_ESMFold_glycosyltransferase_family_2_protein	MGYP001370649007.pdb.gz	MGYP001370649007.pdb.gz	4.134E-05	1.000	154	36	146	259	8	119	179	115	0.429	0.626
LOKIASV2_4119_ESMFold_glycosyltransferase_family_2_protein	MGYP000446719219.pdb.gz	MGYP000446719219.pdb.gz	9.196E-06	1.000	153	1	194	259	7	190	191	213	0.749	0.963
LOKIASV2_4119_ESMFold_glycosyltransferase_family_2_protein	MGYP000355963816.pdb.gz	MGYP000355963816.pdb.gz	2.979E-06	1.000	151	1	246	259	1	257	285	290	0.950	0.902
LOKIASV2_4119_ESMFold_glycosyltransferase_family_2_protein	MGYP000847687405.pdb.gz	MGYP000847687405.pdb.gz	3.594E-06	1.000	151	38	249	259	8	250	442	256	0.819	0.550
LOKIASV2_4119_ESMFold_glycosyltransferase_family_2_protein	MGYP002002974603.pdb.gz	MGYP002002974603.pdb.gz	5.572E-06	1.000	150	36	258	259	1	230	293	253	0.861	0.785
LOKIASV2_4119_ESMFold_glycosyltransferase_family_2_protein	MGYP001586258159.pdb.gz	MGYP001586258159.pdb.gz	4.618E-06	1.000	148	20	193	259	12	190	191	198	0.672	0.937
LOKIASV2_4119_ESMFold_glycosyltransferase_family_2_protein	MGYP001209774743.pdb.gz	MGYP001209774743.pdb.gz	1.720E-05	1.000	148	38	228	259	6	198	286	213	0.737	0.675
LOKIASV2_4119_ESMFold_glycosyltransferase_family_2_protein	MGYP000109406164.pdb.gz	MGYP000109406164.pdb.gz	9.331E-05	1.000	147	38	258	259	2	221	229	250	0.853	0.961
LOKIASV2_4119_ESMFold_glycosyltransferase_family_2_protein	MGYP001473496556.pdb.gz	MGYP001473496556.pdb.gz	1.518E-05	1.000	146	36	258	259	4	237	274	254	0.861	0.854
LOKIASV2_4119_ESMFold_glycosyltransferase_family_2_protein	MGYP001269611281.pdb.gz	MGYP001269611281.pdb.gz	1.110E-05	1.000	140	39	254	259	2	254	458	269	0.834	0.552
LOKIASV2_4119_ESMFold_glycosyltransferase_family_2_protein	MGYP000406138219.pdb.gz	MGYP000406138219.pdb.gz	5.932E-06	1.000	140	36	247	259	6	231	481	259	0.819	0.470
LOKIASV2_4119_ESMFold_glycosyltransferase_family_2_protein	MGYP001140788890.pdb.gz	MGYP001140788890.pdb.gz	2.839E-05	1.000	139	17	196	259	41	230	289	208	0.695	0.657
LOKIASV2_4119_ESMFold_glycosyltransferase_family_2_protein	MGYP000930761663.pdb.gz	MGYP000930761663.pdb.gz	4.916E-06	1.000	137	36	238	259	1	214	287	242	0.784	0.746
LOKIASV2_4119_ESMFold_glycosyltransferase_family_2_protein	MGYP003458281779.pdb.gz	MGYP003458281779.pdb.gz	2.106E-04	1.000	127	2	142	259	4	149	154	152	0.544	0.948
