LOKIASV2_1570_ESMFold_triose-phosphate_isomerase	4y96A00	4y96A00	1.136E-32	1.000	1213	1	261	267	1	249	250	261	0.978	0.996
LOKIASV2_1570_ESMFold_triose-phosphate_isomerase	af_P0A858_1_255_3.20.20.70	af_P0A858_1_255_3.20.20.70	7.871E-31	1.000	1123	1	267	267	1	255	255	267	1.000	1.000
LOKIASV2_1570_ESMFold_triose-phosphate_isomerase	4g1kC00	4g1kC00	1.574E-28	1.000	1028	1	261	267	1	247	248	261	0.978	0.996
LOKIASV2_1570_ESMFold_triose-phosphate_isomerase	1m6jA00	1m6jA00	4.064E-29	1.000	1028	2	262	267	3	257	260	268	0.978	0.981
LOKIASV2_1570_ESMFold_triose-phosphate_isomerase	4nvtA00	4nvtA00	2.226E-27	1.000	993	3	262	267	2	248	249	262	0.974	0.992
LOKIASV2_1570_ESMFold_triose-phosphate_isomerase	3uwyA00	3uwyA00	3.383E-28	1.000	991	2	261	267	10	260	261	263	0.974	0.962
LOKIASV2_1570_ESMFold_triose-phosphate_isomerase	af_Q4DV43_1_251_3.20.20.70	af_Q4DV43_1_251_3.20.20.70	1.865E-27	1.000	977	2	261	267	5	250	251	260	0.974	0.980
LOKIASV2_1570_ESMFold_triose-phosphate_isomerase	3taoB00	3taoB00	3.780E-27	1.000	976	1	261	267	1	254	258	265	0.978	0.984
LOKIASV2_1570_ESMFold_triose-phosphate_isomerase	4x22A00	4x22A00	8.126E-27	1.000	975	3	257	267	2	248	249	257	0.955	0.992
LOKIASV2_1570_ESMFold_triose-phosphate_isomerase	6bveB00	6bveB00	8.619E-27	1.000	943	1	258	267	1	238	242	258	0.966	0.983
LOKIASV2_1570_ESMFold_triose-phosphate_isomerase	3krsB00	3krsB00	1.853E-26	1.000	938	1	261	267	1	248	249	264	0.978	0.996
LOKIASV2_1570_ESMFold_triose-phosphate_isomerase	2yc8C00	2yc8C00	8.561E-26	1.000	906	1	263	267	2	253	254	266	0.985	0.992
LOKIASV2_1570_ESMFold_triose-phosphate_isomerase	4o4vA00	4o4vA00	1.952E-25	1.000	902	3	260	267	2	246	251	258	0.966	0.976
LOKIASV2_1570_ESMFold_triose-phosphate_isomerase	4y90A00	4y90A00	3.929E-24	1.000	854	1	262	267	1	244	244	262	0.981	1.000
LOKIASV2_1570_ESMFold_triose-phosphate_isomerase	af_A0A144A4G4_1_248_3.20.20.70	af_A0A144A4G4_1_248_3.20.20.70	2.056E-24	1.000	843	2	261	267	3	247	248	264	0.974	0.988
LOKIASV2_1570_ESMFold_triose-phosphate_isomerase	af_P17751_41_299_3.20.20.70	af_P17751_41_299_3.20.20.70	1.062E-22	1.000	805	44	260	267	3	207	209	217	0.813	0.981
LOKIASV2_1570_ESMFold_triose-phosphate_isomerase	1timA00	1timA00	1.126E-22	1.000	781	3	258	267	4	243	247	259	0.959	0.972
LOKIASV2_1570_ESMFold_triose-phosphate_isomerase	5ujwB00	5ujwB00	2.029E-22	1.000	750	6	261	267	3	237	239	256	0.959	0.983
LOKIASV2_1570_ESMFold_triose-phosphate_isomerase	af_A0A368UHG1_1_225_3.20.20.70	af_A0A368UHG1_1_225_3.20.20.70	6.167E-21	1.000	700	2	225	267	3	213	225	224	0.839	0.938
LOKIASV2_1570_ESMFold_triose-phosphate_isomerase	af_O77370_97_356_3.20.20.70	af_O77370_97_356_3.20.20.70	1.326E-20	1.000	651	2	261	267	7	259	260	273	0.974	0.973
LOKIASV2_1570_ESMFold_triose-phosphate_isomerase	2jgqB00	2jgqB00	3.184E-19	1.000	624	3	260	267	2	231	232	264	0.966	0.991
LOKIASV2_1570_ESMFold_triose-phosphate_isomerase	3s6dA00	3s6dA00	2.651E-18	1.000	561	1	266	267	6	268	270	289	0.996	0.974
LOKIASV2_1570_ESMFold_triose-phosphate_isomerase	1w0mA00	1w0mA00	1.248E-11	1.000	356	1	267	267	1	225	226	272	1.000	0.996
LOKIASV2_1570_ESMFold_triose-phosphate_isomerase	2h6rC00	2h6rC00	1.168E-10	1.000	296	5	265	267	2	203	204	268	0.978	0.990
LOKIASV2_1570_ESMFold_triose-phosphate_isomerase	5cssA00	5cssA00	1.752E-09	1.000	271	4	265	267	2	213	214	266	0.981	0.991
LOKIASV2_1570_ESMFold_triose-phosphate_isomerase	af_A0A1D6MQG5_2_109_3.20.20.70	af_A0A1D6MQG5_2_109_3.20.20.70	1.206E-06	1.000	224	163	262	267	15	105	108	100	0.375	0.843
LOKIASV2_1570_ESMFold_triose-phosphate_isomerase	af_A0A1D6KAX1_115_218_3.20.20.70	af_A0A1D6KAX1_115_218_3.20.20.70	6.651E-06	1.000	188	147	250	267	3	93	104	104	0.390	0.875
LOKIASV2_1570_ESMFold_triose-phosphate_isomerase	af_A0A1Q1BV54_1_105_3.20.20.70	af_A0A1Q1BV54_1_105_3.20.20.70	1.919E-05	1.000	174	147	249	267	8	97	105	103	0.386	0.857
LOKIASV2_1570_ESMFold_triose-phosphate_isomerase	3f4wB00	3f4wB00	6.651E-06	1.000	160	4	263	267	2	209	211	273	0.974	0.986
LOKIASV2_1570_ESMFold_triose-phosphate_isomerase	1vcvB00	1vcvB00	3.480E-06	1.000	144	1	249	267	1	222	226	267	0.933	0.982
LOKIASV2_1570_ESMFold_triose-phosphate_isomerase	af_Q58093_1_217_3.20.20.70	af_Q58093_1_217_3.20.20.70	3.259E-05	1.000	137	4	263	267	2	216	217	281	0.974	0.991
LOKIASV2_1570_ESMFold_triose-phosphate_isomerase	af_Q57926_26_296_3.20.20.70	af_Q57926_26_296_3.20.20.70	8.416E-06	1.000	137	3	266	267	6	268	271	316	0.989	0.970
LOKIASV2_1570_ESMFold_triose-phosphate_isomerase	3o6cA00	3o6cA00	2.593E-06	1.000	136	4	262	267	3	249	256	288	0.970	0.965
LOKIASV2_1570_ESMFold_triose-phosphate_isomerase	af_Q58927_1_237_3.20.20.70	af_Q58927_1_237_3.20.20.70	8.416E-06	1.000	134	4	267	267	2	237	237	301	0.989	0.996
LOKIASV2_1570_ESMFold_triose-phosphate_isomerase	af_Q2FYR6_1_260_3.20.20.70	af_Q2FYR6_1_260_3.20.20.70	6.270E-06	1.000	134	4	258	267	49	253	260	279	0.955	0.788
LOKIASV2_1570_ESMFold_triose-phosphate_isomerase	3ajxA00	3ajxA00	3.889E-05	1.000	133	6	260	267	2	205	207	273	0.955	0.986
LOKIASV2_1570_ESMFold_triose-phosphate_isomerase	af_P00912_12_224_3.20.20.70	af_P00912_12_224_3.20.20.70	1.516E-05	1.000	133	6	262	267	2	212	213	285	0.963	0.991
LOKIASV2_1570_ESMFold_triose-phosphate_isomerase	5h91B00	5h91B00	7.431E-05	1.000	133	3	249	267	8	212	217	258	0.925	0.945
LOKIASV2_1570_ESMFold_triose-phosphate_isomerase	3gk0A00	3gk0A00	9.468E-06	1.000	130	1	265	267	5	251	252	301	0.993	0.980
LOKIASV2_1570_ESMFold_triose-phosphate_isomerase	2yw3A00	2yw3A00	7.482E-06	1.000	129	3	264	267	8	194	195	275	0.981	0.959
LOKIASV2_1570_ESMFold_triose-phosphate_isomerase	4n2yC00	4n2yC00	8.360E-05	1.000	129	3	266	267	2	197	201	273	0.989	0.975
LOKIASV2_1570_ESMFold_triose-phosphate_isomerase	af_A0A0G2JW38_1_228_3.20.20.70	af_A0A0G2JW38_1_228_3.20.20.70	2.035E-05	1.000	129	1	266	267	3	222	228	288	0.996	0.965
LOKIASV2_1570_ESMFold_triose-phosphate_isomerase	af_B4F800_73_338_3.20.20.70	af_B4F800_73_338_3.20.20.70	6.651E-06	1.000	126	3	266	267	13	262	266	319	0.989	0.940
LOKIASV2_1570_ESMFold_triose-phosphate_isomerase	1xi3B00	1xi3B00	7.882E-05	1.000	125	3	266	267	6	198	202	272	0.989	0.955
LOKIASV2_1570_ESMFold_triose-phosphate_isomerase	af_Q3U4H6_6_322_3.20.20.80	af_Q3U4H6_6_322_3.20.20.80	2.445E-06	1.000	125	1	261	267	1	316	317	367	0.978	0.997
LOKIASV2_1570_ESMFold_triose-phosphate_isomerase	3kaoA00	3kaoA00	1.706E-05	1.000	125	3	266	267	18	311	321	324	0.989	0.916
LOKIASV2_1570_ESMFold_triose-phosphate_isomerase	4z1aA00	4z1aA00	7.431E-05	1.000	124	4	266	267	2	258	260	313	0.985	0.988
LOKIASV2_1570_ESMFold_triose-phosphate_isomerase	af_Q4DZ14_56_274_3.20.20.70	af_Q4DZ14_56_274_3.20.20.70	8.867E-05	1.000	123	3	249	267	8	212	219	256	0.925	0.936
LOKIASV2_1570_ESMFold_triose-phosphate_isomerase	af_I1K319_40_285_3.20.20.70	af_I1K319_40_285_3.20.20.70	3.259E-05	1.000	123	3	260	267	28	245	246	274	0.966	0.886
LOKIASV2_1570_ESMFold_triose-phosphate_isomerase	3mbdA00	3mbdA00	1.706E-05	1.000	123	5	266	267	23	320	336	329	0.981	0.887
LOKIASV2_1570_ESMFold_triose-phosphate_isomerase	1dl3A00	1dl3A00	6.606E-05	1.000	122	5	262	267	2	189	191	279	0.966	0.984
LOKIASV2_1570_ESMFold_triose-phosphate_isomerase	2c3zA00	2c3zA00	1.190E-04	1.000	122	3	249	267	18	209	220	260	0.925	0.873
LOKIASV2_1570_ESMFold_triose-phosphate_isomerase	3jr2B00	3jr2B00	8.360E-05	1.000	121	1	266	267	1	203	207	283	0.996	0.981
LOKIASV2_1570_ESMFold_triose-phosphate_isomerase	5g4eA00	5g4eA00	7.882E-05	1.000	121	5	263	267	2	219	220	287	0.970	0.991
LOKIASV2_1570_ESMFold_triose-phosphate_isomerase	af_Q5AEJ1_1_231_3.20.20.70	af_Q5AEJ1_1_231_3.20.20.70	8.360E-05	1.000	121	2	261	267	8	230	231	287	0.974	0.965
LOKIASV2_1570_ESMFold_triose-phosphate_isomerase	af_Q653W2_25_286_3.20.20.70	af_Q653W2_25_286_3.20.20.70	9.404E-05	1.000	121	3	267	267	9	261	262	305	0.993	0.966
LOKIASV2_1570_ESMFold_triose-phosphate_isomerase	af_Q652S1_1097_1376_3.20.20.70	af_Q652S1_1097_1376_3.20.20.70	2.428E-05	1.000	121	3	265	267	16	267	280	297	0.985	0.900
LOKIASV2_1570_ESMFold_triose-phosphate_isomerase	af_Q4DBL0_19_243_3.20.20.70	af_Q4DBL0_19_243_3.20.20.70	5.537E-05	1.000	120	1	263	267	1	221	225	292	0.985	0.982
LOKIASV2_1570_ESMFold_triose-phosphate_isomerase	1kv8B00	1kv8B00	1.262E-04	1.000	119	1	266	267	1	208	215	282	0.996	0.967
LOKIASV2_1570_ESMFold_triose-phosphate_isomerase	1rr2A01	1rr2A01	3.073E-05	1.000	119	6	265	267	4	272	284	323	0.974	0.947
LOKIASV2_1570_ESMFold_triose-phosphate_isomerase	af_A4IBQ7_24_252_3.20.20.70	af_A4IBQ7_24_252_3.20.20.70	4.922E-05	1.000	118	3	266	267	2	219	229	285	0.989	0.952
LOKIASV2_1570_ESMFold_triose-phosphate_isomerase	1qo2A00	1qo2A00	3.457E-05	1.000	117	5	262	267	2	238	238	300	0.966	0.996
LOKIASV2_1570_ESMFold_triose-phosphate_isomerase	af_B4FS35_106_381_3.20.20.70	af_B4FS35_106_381_3.20.20.70	7.882E-05	1.000	115	2	267	267	58	274	276	284	0.996	0.786
LOKIASV2_1570_ESMFold_triose-phosphate_isomerase	1yadC00	1yadC00	1.339E-04	1.000	114	4	266	267	2	188	190	281	0.985	0.984
LOKIASV2_1570_ESMFold_triose-phosphate_isomerase	4mwaH00	4mwaH00	4.922E-05	1.000	114	3	264	267	21	250	251	287	0.981	0.916
LOKIASV2_1570_ESMFold_triose-phosphate_isomerase	6bmaB00	6bmaB00	1.694E-04	1.000	113	1	264	267	49	258	259	273	0.989	0.811
LOKIASV2_1570_ESMFold_triose-phosphate_isomerase	3t4cC00	3t4cC00	1.597E-04	1.000	113	1	267	267	14	256	262	299	1.000	0.927
LOKIASV2_1570_ESMFold_triose-phosphate_isomerase	5ey5A00	5ey5A00	6.228E-05	1.000	112	2	265	267	16	249	261	310	0.989	0.897
LOKIASV2_1570_ESMFold_triose-phosphate_isomerase	4hnvD04	4hnvD04	1.122E-04	1.000	112	3	250	267	51	292	420	293	0.929	0.576
LOKIASV2_1570_ESMFold_triose-phosphate_isomerase	af_P9WI51_4_223_3.20.20.70	af_P9WI51_4_223_3.20.20.70	1.597E-04	1.000	111	2	263	267	4	219	220	290	0.981	0.982
LOKIASV2_1570_ESMFold_triose-phosphate_isomerase	af_A4HSZ9_32_281_3.20.20.70	af_A4HSZ9_32_281_3.20.20.70	6.228E-05	1.000	111	3	258	267	40	248	250	275	0.959	0.836
LOKIASV2_1570_ESMFold_triose-phosphate_isomerase	3tsmB00	3tsmB00	1.058E-04	1.000	111	2	264	267	50	257	260	284	0.985	0.800
LOKIASV2_1570_ESMFold_triose-phosphate_isomerase	3ivsA01	3ivsA01	1.271E-05	1.000	111	3	267	267	11	247	261	310	0.993	0.908
LOKIASV2_1570_ESMFold_triose-phosphate_isomerase	1jcjA00	1jcjA00	1.262E-04	1.000	110	3	249	267	14	245	252	280	0.925	0.921
LOKIASV2_1570_ESMFold_triose-phosphate_isomerase	2fiqD01	2fiqD01	9.404E-05	1.000	110	3	262	267	12	275	280	310	0.974	0.943
LOKIASV2_1570_ESMFold_triose-phosphate_isomerase	af_P00937_209_484_3.20.20.70	af_P00937_209_484_3.20.20.70	2.878E-04	1.000	109	4	258	267	61	275	276	277	0.955	0.779
LOKIASV2_1570_ESMFold_triose-phosphate_isomerase	4aajA00	4aajA00	2.412E-04	1.000	108	5	263	267	2	199	200	277	0.970	0.990
LOKIASV2_1570_ESMFold_triose-phosphate_isomerase	1vlwB00	1vlwB00	2.144E-04	1.000	108	3	266	267	13	201	207	273	0.989	0.913
LOKIASV2_1570_ESMFold_triose-phosphate_isomerase	5ud6B00	5ud6B00	6.606E-05	1.000	107	1	266	267	1	228	297	299	0.996	0.768
LOKIASV2_1570_ESMFold_triose-phosphate_isomerase	af_Q2FZS6_1_311_3.20.20.70	af_Q2FZS6_1_311_3.20.20.70	7.882E-05	1.000	105	4	245	267	2	220	311	274	0.906	0.704
LOKIASV2_1570_ESMFold_triose-phosphate_isomerase	3t40A00	3t40A00	4.346E-04	1.000	104	2	246	267	47	225	251	257	0.918	0.713
LOKIASV2_1570_ESMFold_triose-phosphate_isomerase	2a4aB00	2a4aB00	7.381E-04	1.000	103	3	265	267	13	246	247	275	0.985	0.947
LOKIASV2_1570_ESMFold_triose-phosphate_isomerase	3r12A00	3r12A00	2.558E-04	1.000	103	3	263	267	40	245	248	266	0.978	0.831
LOKIASV2_1570_ESMFold_triose-phosphate_isomerase	af_Q58014_2_298_3.20.20.70	af_Q58014_2_298_3.20.20.70	2.713E-04	1.000	103	4	263	267	31	290	297	310	0.974	0.875
LOKIASV2_1570_ESMFold_triose-phosphate_isomerase	af_K7V589_59_265_3.20.20.70	af_K7V589_59_265_3.20.20.70	4.889E-04	1.000	102	6	264	267	2	206	207	279	0.970	0.990
LOKIASV2_1570_ESMFold_triose-phosphate_isomerase	af_A0A1D6MYJ2_339_548_3.20.20.70	af_A0A1D6MYJ2_339_548_3.20.20.70	5.499E-04	1.000	101	4	267	267	5	210	210	282	0.989	0.981
LOKIASV2_1570_ESMFold_triose-phosphate_isomerase	1j2wC00	1j2wC00	1.182E-03	1.000	101	4	248	267	6	206	212	255	0.918	0.948
LOKIASV2_1570_ESMFold_triose-phosphate_isomerase	1vizA00	1vizA00	9.975E-05	1.000	101	4	252	267	9	219	225	274	0.933	0.938
LOKIASV2_1570_ESMFold_triose-phosphate_isomerase	3ewbX00	3ewbX00	1.339E-04	1.000	101	4	243	267	3	218	268	269	0.899	0.806
LOKIASV2_1570_ESMFold_triose-phosphate_isomerase	af_Q57854_1_272_3.20.20.70	af_Q57854_1_272_3.20.20.70	1.262E-04	1.000	101	1	264	267	2	265	272	321	0.989	0.971
LOKIASV2_1570_ESMFold_triose-phosphate_isomerase	2yr1A00	2yr1A00	3.642E-04	0.999	99	1	266	267	19	253	257	296	0.996	0.914
LOKIASV2_1570_ESMFold_triose-phosphate_isomerase	3oa3B00	3oa3B00	6.186E-04	0.999	97	1	262	267	37	252	252	278	0.981	0.857
LOKIASV2_1570_ESMFold_triose-phosphate_isomerase	5d38A00	5d38A00	2.412E-04	0.999	97	1	266	267	1	243	263	304	0.996	0.924
LOKIASV2_1570_ESMFold_triose-phosphate_isomerase	1wdwE00	1wdwE00	5.833E-04	0.998	94	1	267	267	1	248	248	312	1.000	1.000
LOKIASV2_1570_ESMFold_triose-phosphate_isomerase	4lsbB01	4lsbB01	3.052E-04	0.998	93	2	245	267	19	230	230	281	0.914	0.922
LOKIASV2_1570_ESMFold_triose-phosphate_isomerase	1l9wC00	1l9wC00	4.097E-04	0.998	93	2	267	267	15	251	252	302	0.996	0.940
LOKIASV2_1570_ESMFold_triose-phosphate_isomerase	1ok6A00	1ok6A00	8.304E-04	0.997	92	3	266	267	15	248	254	298	0.989	0.921
LOKIASV2_1570_ESMFold_triose-phosphate_isomerase	2yxgD00	2yxgD00	4.609E-04	0.997	92	6	266	267	3	220	288	294	0.978	0.757
LOKIASV2_1570_ESMFold_triose-phosphate_isomerase	af_P9WPQ7_39_344_3.20.20.70	af_P9WPQ7_39_344_3.20.20.70	1.587E-03	0.997	92	2	265	267	33	301	306	325	0.989	0.879
LOKIASV2_1570_ESMFold_triose-phosphate_isomerase	2wmhA01	2wmhA01	7.381E-04	0.996	89	3	263	267	11	296	339	341	0.978	0.844
LOKIASV2_1570_ESMFold_triose-phosphate_isomerase	af_Q54Q74_39_346_3.20.20.60	af_Q54Q74_39_346_3.20.20.60	5.499E-04	0.995	88	2	261	267	12	255	308	294	0.974	0.792
LOKIASV2_1570_ESMFold_triose-phosphate_isomerase	af_P60664_1_258_3.20.20.70	af_P60664_1_258_3.20.20.70	1.182E-03	0.994	87	2	267	267	4	251	258	311	0.996	0.961
LOKIASV2_1570_ESMFold_triose-phosphate_isomerase	2qjgK00	2qjgK00	2.130E-03	0.994	87	3	266	267	24	249	266	295	0.989	0.850
LOKIASV2_1570_ESMFold_triose-phosphate_isomerase	2hrwA00	2hrwA00	9.908E-04	0.993	86	3	266	267	14	245	281	292	0.989	0.826
LOKIASV2_1570_ESMFold_triose-phosphate_isomerase	2gjnA00	2gjnA00	2.008E-03	0.993	86	8	249	267	16	203	324	253	0.906	0.580
LOKIASV2_1570_ESMFold_triose-phosphate_isomerase	af_B1GRK5_5_368_3.20.20.70	af_B1GRK5_5_368_3.20.20.70	2.022E-04	0.993	86	5	263	267	73	337	364	317	0.970	0.728
LOKIASV2_1570_ESMFold_triose-phosphate_isomerase	af_A0A0R0J447_77_328_3.20.20.60	af_A0A0R0J447_77_328_3.20.20.60	4.097E-04	0.991	84	2	245	267	12	225	252	267	0.914	0.849
LOKIASV2_1570_ESMFold_triose-phosphate_isomerase	3vkaA00	3vkaA00	7.829E-04	0.991	84	3	245	267	18	236	253	271	0.910	0.866
LOKIASV2_1570_ESMFold_triose-phosphate_isomerase	af_Q4CPS5_96_347_3.20.20.70	af_Q4CPS5_96_347_3.20.20.70	6.959E-04	0.990	83	4	262	267	2	249	252	306	0.970	0.984
LOKIASV2_1570_ESMFold_triose-phosphate_isomerase	af_O06334_8_264_3.20.20.70	af_O06334_8_264_3.20.20.70	8.304E-04	0.990	83	4	263	267	2	256	257	329	0.974	0.992
LOKIASV2_1570_ESMFold_triose-phosphate_isomerase	af_P0AFQ7_2_265_3.20.20.140	af_P0AFQ7_2_265_3.20.20.140	1.694E-04	0.990	83	4	221	267	2	203	264	239	0.816	0.765
LOKIASV2_1570_ESMFold_triose-phosphate_isomerase	3glcA00	3glcA00	1.330E-03	0.990	83	3	263	267	41	275	276	303	0.978	0.851
LOKIASV2_1570_ESMFold_triose-phosphate_isomerase	5kzmA00	5kzmA00	8.807E-04	0.988	82	3	266	267	15	243	256	303	0.989	0.895
LOKIASV2_1570_ESMFold_triose-phosphate_isomerase	af_A0A5K1K8R3_265_452_3.20.20.70	af_A0A5K1K8R3_265_452_3.20.20.70	7.332E-03	0.986	81	48	261	267	30	187	188	222	0.801	0.840
LOKIASV2_1570_ESMFold_triose-phosphate_isomerase	af_Q7T3H9_4_269_3.20.20.150	af_Q7T3H9_4_269_3.20.20.150	3.238E-04	0.984	80	6	267	267	3	266	266	327	0.981	0.992
LOKIASV2_1570_ESMFold_triose-phosphate_isomerase	2wmiA01	2wmiA01	2.259E-03	0.984	80	2	263	267	12	318	362	351	0.981	0.848
LOKIASV2_1570_ESMFold_triose-phosphate_isomerase	af_Q4DGT6_3_267_3.20.20.60	af_Q4DGT6_3_267_3.20.20.60	1.410E-03	0.978	78	2	266	267	15	255	265	301	0.993	0.909
LOKIASV2_1570_ESMFold_triose-phosphate_isomerase	1mxsA00	1mxsA00	4.856E-03	0.975	77	3	266	267	17	211	216	280	0.989	0.903
LOKIASV2_1570_ESMFold_triose-phosphate_isomerase	3qfwA02	3qfwA02	7.829E-04	0.975	77	1	266	267	17	236	245	305	0.996	0.898
LOKIASV2_1570_ESMFold_triose-phosphate_isomerase	af_Q9D8X1_24_272_3.20.20.380	af_Q9D8X1_24_272_3.20.20.380	4.346E-04	0.975	77	4	246	267	2	201	249	266	0.910	0.803
LOKIASV2_1570_ESMFold_triose-phosphate_isomerase	af_Q58432_42_362_3.20.20.540	af_Q58432_42_362_3.20.20.540	3.216E-03	0.975	77	1	263	267	17	313	321	344	0.985	0.925
LOKIASV2_1570_ESMFold_triose-phosphate_isomerase	af_Q4E0C3_1_211_3.20.20.380	af_Q4E0C3_1_211_3.20.20.380	8.248E-03	0.971	76	6	243	267	3	204	211	257	0.891	0.957
LOKIASV2_1570_ESMFold_triose-phosphate_isomerase	af_Q9Z2Y8_11_258_3.20.20.10	af_Q9Z2Y8_11_258_3.20.20.10	4.578E-03	0.971	76	2	251	267	30	238	248	267	0.936	0.843
LOKIASV2_1570_ESMFold_triose-phosphate_isomerase	4mf4F00	4mf4F00	2.259E-03	0.967	75	51	263	267	2	201	257	250	0.798	0.778
LOKIASV2_1570_ESMFold_triose-phosphate_isomerase	af_P0A9I1_3_299_3.20.20.60	af_P0A9I1_3_299_3.20.20.60	1.182E-03	0.967	75	3	249	267	10	238	297	282	0.925	0.771
LOKIASV2_1570_ESMFold_triose-phosphate_isomerase	1p0nA00	1p0nA00	1.174E-02	0.967	75	6	263	267	37	257	305	279	0.966	0.725
LOKIASV2_1570_ESMFold_triose-phosphate_isomerase	af_Q58692_136_357_3.20.20.70	af_Q58692_136_357_3.20.20.70	1.254E-03	0.961	74	1	245	267	2	200	222	258	0.918	0.896
LOKIASV2_1570_ESMFold_triose-phosphate_isomerase	af_P33371_1_242_3.20.20.70	af_P33371_1_242_3.20.20.70	1.245E-02	0.961	74	5	259	267	4	238	242	288	0.955	0.971
LOKIASV2_1570_ESMFold_triose-phosphate_isomerase	af_P07670_43_366_3.20.20.70	af_P07670_43_366_3.20.20.70	1.115E-03	0.961	74	48	267	267	103	324	324	263	0.824	0.685
LOKIASV2_1570_ESMFold_triose-phosphate_isomerase	af_Q6P1R4_16_248_3.20.20.70	af_Q6P1R4_16_248_3.20.20.70	1.174E-02	0.956	73	1	256	267	1	229	233	288	0.959	0.983
LOKIASV2_1570_ESMFold_triose-phosphate_isomerase	af_Q54KD6_54_339_3.20.20.140	af_Q54KD6_54_339_3.20.20.140	6.186E-04	0.956	73	5	267	267	2	268	286	321	0.985	0.934
LOKIASV2_1570_ESMFold_triose-phosphate_isomerase	af_A0A2R8QJ98_12_317_3.20.20.80	af_A0A2R8QJ98_12_317_3.20.20.80	1.893E-03	0.956	73	6	244	267	1	287	306	338	0.895	0.938
LOKIASV2_1570_ESMFold_triose-phosphate_isomerase	af_Q75JL7_37_281_3.20.20.10	af_Q75JL7_37_281_3.20.20.10	6.517E-03	0.949	72	14	266	267	1	236	245	290	0.948	0.963
LOKIASV2_1570_ESMFold_triose-phosphate_isomerase	af_K7M9J3_35_296_3.20.20.80	af_K7M9J3_35_296_3.20.20.80	4.070E-03	0.949	72	4	245	267	2	252	262	299	0.906	0.958
LOKIASV2_1570_ESMFold_triose-phosphate_isomerase	4xslC00	4xslC00	1.182E-03	0.949	72	3	266	267	2	283	297	335	0.989	0.949
LOKIASV2_1570_ESMFold_triose-phosphate_isomerase	1ofpA00	1ofpA00	3.411E-03	0.949	72	2	267	267	48	307	307	343	0.996	0.847
LOKIASV2_1570_ESMFold_triose-phosphate_isomerase	4mg4B00	4mg4B00	4.578E-03	0.941	71	2	266	267	19	245	251	303	0.993	0.904
LOKIASV2_1570_ESMFold_triose-phosphate_isomerase	af_P52057_2_244_3.20.20.10	af_P52057_2_244_3.20.20.10	4.316E-03	0.933	70	16	249	267	1	234	243	281	0.876	0.963
LOKIASV2_1570_ESMFold_triose-phosphate_isomerase	af_P9WNS7_19_267_3.20.20.70	af_P9WNS7_19_267_3.20.20.70	1.773E-02	0.933	70	1	261	267	1	247	249	293	0.978	0.992
LOKIASV2_1570_ESMFold_triose-phosphate_isomerase	af_Q9AT30_27_303_3.20.20.80	af_Q9AT30_27_303_3.20.20.80	1.044E-02	0.933	70	1	265	267	1	274	277	331	0.993	0.989
LOKIASV2_1570_ESMFold_triose-phosphate_isomerase	af_P71847_8_353_3.20.20.70	af_P71847_8_353_3.20.20.70	1.672E-02	0.933	70	4	249	267	6	192	346	255	0.921	0.540
LOKIASV2_1570_ESMFold_triose-phosphate_isomerase	af_Q9U367_413_945_3.20.20.80	af_Q9U367_413_945_3.20.20.80	4.070E-03	0.933	70	2	261	267	45	289	533	312	0.974	0.460
LOKIASV2_1570_ESMFold_triose-phosphate_isomerase	af_K7LFS0_36_255_3.20.20.70	af_K7LFS0_36_255_3.20.20.70	5.794E-03	0.923	69	5	263	267	17	208	220	279	0.970	0.873
LOKIASV2_1570_ESMFold_triose-phosphate_isomerase	af_Q54YD3_63_332_3.20.20.140	af_Q54YD3_63_332_3.20.20.140	1.182E-03	0.923	69	3	263	267	10	263	270	315	0.978	0.941
LOKIASV2_1570_ESMFold_triose-phosphate_isomerase	3s5oA00	3s5oA00	1.107E-02	0.912	68	1	266	267	2	231	295	298	0.996	0.780
LOKIASV2_1570_ESMFold_triose-phosphate_isomerase	5f1uA00	5f1uA00	3.032E-03	0.900	67	1	266	267	1	234	297	308	0.996	0.788
LOKIASV2_1570_ESMFold_triose-phosphate_isomerase	4xkyA00	4xkyA00	1.245E-02	0.900	67	1	265	267	11	229	298	289	0.993	0.735
LOKIASV2_1570_ESMFold_triose-phosphate_isomerase	af_Q57962_866_1187_3.20.20.60	af_Q57962_866_1187_3.20.20.60	1.496E-03	0.900	67	1	266	267	22	309	322	336	0.996	0.894
LOKIASV2_1570_ESMFold_triose-phosphate_isomerase	1eokA00	1eokA00	2.244E-02	0.887	66	3	265	267	1	281	282	335	0.985	0.996
LOKIASV2_1570_ESMFold_triose-phosphate_isomerase	af_Q92370_536_758_3.20.20.70	af_Q92370_536_758_3.20.20.70	2.259E-03	0.872	65	6	267	267	1	223	223	297	0.981	1.000
LOKIASV2_1570_ESMFold_triose-phosphate_isomerase	af_K7KSI5_9_375_3.20.20.70	af_K7KSI5_9_375_3.20.20.70	2.396E-03	0.872	65	3	245	267	28	321	367	331	0.910	0.801
LOKIASV2_1570_ESMFold_triose-phosphate_isomerase	af_Q54RR4_1_380_3.20.20.360	af_Q54RR4_1_380_3.20.20.360	1.401E-02	0.872	65	3	267	267	66	356	380	332	0.993	0.766
LOKIASV2_1570_ESMFold_triose-phosphate_isomerase	1qwgA00	1qwgA00	1.496E-03	0.855	64	3	260	267	12	236	251	303	0.966	0.896
LOKIASV2_1570_ESMFold_triose-phosphate_isomerase	af_Q1ZXI6_1_255_3.20.20.10	af_Q1ZXI6_1_255_3.20.20.10	6.145E-03	0.855	64	17	249	267	7	246	255	292	0.873	0.941
LOKIASV2_1570_ESMFold_triose-phosphate_isomerase	af_Q2FV21_2_270_3.20.20.60	af_Q2FV21_2_270_3.20.20.60	6.959E-04	0.855	64	45	246	267	1	212	269	235	0.757	0.788
LOKIASV2_1570_ESMFold_triose-phosphate_isomerase	af_Q58197_11_360_3.20.20.70	af_Q58197_11_360_3.20.20.70	1.486E-02	0.855	64	5	266	267	60	340	350	333	0.981	0.803
LOKIASV2_1570_ESMFold_triose-phosphate_isomerase	af_P77671_53_418_3.20.20.140	af_P77671_53_418_3.20.20.140	3.618E-03	0.855	64	2	222	267	1	215	366	260	0.828	0.587
LOKIASV2_1570_ESMFold_triose-phosphate_isomerase	af_Q2FZU7_3_368_3.20.20.70	af_Q2FZU7_3_368_3.20.20.70	3.837E-03	0.855	64	3	263	267	21	333	366	356	0.978	0.855
LOKIASV2_1570_ESMFold_triose-phosphate_isomerase	af_P77671_2_435_3.40.605.10	af_P77671_2_435_3.40.605.10	3.216E-03	0.855	64	2	222	267	52	266	434	260	0.828	0.495
LOKIASV2_1570_ESMFold_triose-phosphate_isomerase	3ijdB00	3ijdB00	9.841E-03	0.837	63	2	264	267	12	281	285	332	0.985	0.947
LOKIASV2_1570_ESMFold_triose-phosphate_isomerase	3vavB00	3vavB00	6.186E-04	0.817	62	3	266	267	17	250	260	308	0.989	0.900
LOKIASV2_1570_ESMFold_triose-phosphate_isomerase	af_Q8VYW2_77_527_3.20.20.80	af_Q8VYW2_77_527_3.20.20.80	1.576E-02	0.817	62	5	265	267	11	426	451	451	0.978	0.922
LOKIASV2_1570_ESMFold_triose-phosphate_isomerase	af_I1M261_41_499_3.20.20.140	af_I1M261_41_499_3.20.20.140	8.748E-03	0.817	62	1	231	267	63	291	459	276	0.865	0.499
LOKIASV2_1570_ESMFold_triose-phosphate_isomerase	af_Q2FZX4_3_265_3.20.20.70	af_Q2FZX4_3_265_3.20.20.70	1.174E-02	0.795	61	83	245	267	92	234	263	174	0.610	0.544
LOKIASV2_1570_ESMFold_triose-phosphate_isomerase	2y7dC00	2y7dC00	2.677E-02	0.795	61	1	266	267	1	250	269	319	0.996	0.929
LOKIASV2_1570_ESMFold_triose-phosphate_isomerase	af_P25889_6_307_3.20.20.70	af_P25889_6_307_3.20.20.70	1.576E-02	0.795	61	49	266	267	86	296	302	246	0.816	0.699
LOKIASV2_1570_ESMFold_triose-phosphate_isomerase	af_Q8WTK2_49_364_3.20.20.80	af_Q8WTK2_49_364_3.20.20.80	7.776E-03	0.795	61	3	261	267	2	315	316	360	0.970	0.994
LOKIASV2_1570_ESMFold_triose-phosphate_isomerase	1oy0A00	1oy0A00	2.244E-02	0.772	60	3	244	267	18	201	248	257	0.906	0.742
LOKIASV2_1570_ESMFold_triose-phosphate_isomerase	4i6kA00	4i6kA00	1.401E-02	0.772	60	3	267	267	2	249	267	321	0.993	0.929
LOKIASV2_1570_ESMFold_triose-phosphate_isomerase	af_Q9AWZ7_81_360_3.20.20.60	af_Q9AWZ7_81_360_3.20.20.60	6.145E-03	0.772	60	44	246	267	3	218	280	239	0.760	0.771
LOKIASV2_1570_ESMFold_triose-phosphate_isomerase	3rjyA00	3rjyA00	2.259E-03	0.772	60	50	245	267	37	284	310	265	0.734	0.800
LOKIASV2_1570_ESMFold_triose-phosphate_isomerase	af_Q680B7_195_510_3.20.20.80	af_Q680B7_195_510_3.20.20.80	9.841E-03	0.772	60	1	266	267	11	302	316	338	0.996	0.924
LOKIASV2_1570_ESMFold_triose-phosphate_isomerase	af_A0A1D6G7A1_170_514_3.20.20.80	af_A0A1D6G7A1_170_514_3.20.20.80	3.593E-02	0.772	60	2	267	267	1	308	345	374	0.996	0.893
LOKIASV2_1570_ESMFold_triose-phosphate_isomerase	3lmyA02	3lmyA02	1.880E-02	0.772	60	3	245	267	5	285	350	341	0.910	0.803
LOKIASV2_1570_ESMFold_triose-phosphate_isomerase	af_Q54S53_26_280_3.20.20.80	af_Q54S53_26_280_3.20.20.80	2.524E-02	0.747	59	6	256	267	2	253	255	316	0.940	0.988
LOKIASV2_1570_ESMFold_triose-phosphate_isomerase	3qc0A00	3qc0A00	1.995E-02	0.747	59	3	266	267	4	261	267	312	0.989	0.966
LOKIASV2_1570_ESMFold_triose-phosphate_isomerase	af_Q55DK1_60_348_3.20.20.140	af_Q55DK1_60_348_3.20.20.140	2.859E-03	0.747	59	3	267	267	2	288	289	341	0.993	0.993
LOKIASV2_1570_ESMFold_triose-phosphate_isomerase	6bs6B02	6bs6B02	6.145E-03	0.747	59	3	233	267	7	253	356	287	0.865	0.694
LOKIASV2_1570_ESMFold_triose-phosphate_isomerase	af_Q54K56_193_563_3.20.20.80	af_Q54K56_193_563_3.20.20.80	3.811E-02	0.747	59	2	265	267	1	325	371	385	0.989	0.876
LOKIASV2_1570_ESMFold_triose-phosphate_isomerase	3ve7B00	3ve7B00	4.823E-02	0.720	58	3	266	267	2	198	205	283	0.989	0.961
LOKIASV2_1570_ESMFold_triose-phosphate_isomerase	af_P39408_1_259_3.20.20.140	af_P39408_1_259_3.20.20.140	6.913E-03	0.720	58	1	266	267	1	250	259	315	0.996	0.965
LOKIASV2_1570_ESMFold_triose-phosphate_isomerase	af_Q2FX16_20_293_3.20.20.70	af_Q2FX16_20_293_3.20.20.70	2.380E-02	0.720	58	2	241	267	7	265	274	305	0.899	0.945
LOKIASV2_1570_ESMFold_triose-phosphate_isomerase	af_O53619_74_357_3.20.20.140	af_O53619_74_357_3.20.20.140	1.107E-02	0.720	58	19	266	267	31	260	284	289	0.929	0.810
LOKIASV2_1570_ESMFold_triose-phosphate_isomerase	4y9qA00	4y9qA00	1.868E-01	0.692	57	2	150	267	87	224	256	158	0.558	0.539
LOKIASV2_1570_ESMFold_triose-phosphate_isomerase	2ashB00	2ashB00	1.486E-02	0.692	57	5	244	267	28	259	360	284	0.899	0.644
LOKIASV2_1570_ESMFold_triose-phosphate_isomerase	af_Q20964_12_214_3.20.20.80	af_Q20964_12_214_3.20.20.80	6.913E-03	0.663	56	5	185	267	9	173	203	205	0.678	0.813
LOKIASV2_1570_ESMFold_triose-phosphate_isomerase	1l6wA00	1l6wA00	4.547E-02	0.663	56	1	265	267	1	195	220	285	0.993	0.886
LOKIASV2_1570_ESMFold_triose-phosphate_isomerase	af_Q09504_1_230_3.20.20.70	af_Q09504_1_230_3.20.20.70	8.193E-02	0.663	56	58	243	267	46	205	230	207	0.697	0.696
LOKIASV2_1570_ESMFold_triose-phosphate_isomerase	af_Q9P6Q1_1_232_3.20.20.10	af_Q9P6Q1_1_232_3.20.20.10	1.672E-02	0.663	56	2	251	267	23	221	232	270	0.936	0.858
LOKIASV2_1570_ESMFold_triose-phosphate_isomerase	4tv5A00	4tv5A00	6.474E-02	0.663	56	83	266	267	27	192	245	212	0.689	0.678
LOKIASV2_1570_ESMFold_triose-phosphate_isomerase	4ovxA00	4ovxA00	1.995E-02	0.663	56	3	266	267	2	256	262	307	0.989	0.973
LOKIASV2_1570_ESMFold_triose-phosphate_isomerase	1s2vC00	1s2vC00	1.401E-02	0.663	56	14	266	267	2	245	282	293	0.948	0.865
LOKIASV2_1570_ESMFold_triose-phosphate_isomerase	3manA00	3manA00	3.388E-02	0.663	56	4	245	267	20	248	297	279	0.906	0.771
LOKIASV2_1570_ESMFold_triose-phosphate_isomerase	2v5cB02	2v5cB02	6.104E-02	0.663	56	4	266	267	5	276	316	323	0.985	0.861
LOKIASV2_1570_ESMFold_triose-phosphate_isomerase	af_K7M508_28_384_3.20.20.70	af_K7M508_28_384_3.20.20.70	6.866E-02	0.663	56	1	267	267	10	355	357	392	1.000	0.969
LOKIASV2_1570_ESMFold_triose-phosphate_isomerase	af_A0A1D6LWN3_1149_1341_3.20.20.70	af_A0A1D6LWN3_1149_1341_3.20.20.70	4.287E-02	0.632	55	6	156	267	17	166	193	179	0.566	0.777
LOKIASV2_1570_ESMFold_triose-phosphate_isomerase	3qpeB02	3qpeB02	5.116E-02	0.632	55	4	245	267	14	221	255	273	0.906	0.816
LOKIASV2_1570_ESMFold_triose-phosphate_isomerase	af_X1WDW3_94_388_3.20.20.80	af_X1WDW3_94_388_3.20.20.80	1.880E-02	0.632	55	2	267	267	11	289	295	340	0.996	0.946
LOKIASV2_1570_ESMFold_triose-phosphate_isomerase	af_A0A1D6KYR2_167_481_3.20.20.540	af_A0A1D6KYR2_167_481_3.20.20.540	5.755E-02	0.632	55	1	263	267	16	307	315	348	0.985	0.927
LOKIASV2_1570_ESMFold_triose-phosphate_isomerase	1yhtA00	1yhtA00	2.380E-02	0.632	55	3	261	267	2	333	344	390	0.970	0.965
LOKIASV2_1570_ESMFold_triose-phosphate_isomerase	af_Q9N5C0_13_376_3.20.20.70	af_Q9N5C0_13_376_3.20.20.70	1.107E-02	0.632	55	3	266	267	18	351	364	381	0.989	0.918
LOKIASV2_1570_ESMFold_triose-phosphate_isomerase	af_Q86JD3_41_264_3.20.20.80	af_Q86JD3_41_264_3.20.20.80	7.724E-02	0.601	54	92	222	267	20	124	224	135	0.491	0.469
LOKIASV2_1570_ESMFold_triose-phosphate_isomerase	3qldB02	3qldB02	3.194E-02	0.601	54	2	245	267	14	194	227	266	0.914	0.797
LOKIASV2_1570_ESMFold_triose-phosphate_isomerase	af_P9WLN9_1_257_3.20.20.60	af_P9WLN9_1_257_3.20.20.60	5.116E-02	0.601	54	2	266	267	12	231	257	306	0.993	0.856
LOKIASV2_1570_ESMFold_triose-phosphate_isomerase	af_P9WQ13_1_251_3.20.20.150	af_P9WQ13_1_251_3.20.20.150	5.755E-02	0.569	53	4	261	267	2	250	251	302	0.966	0.992
LOKIASV2_1570_ESMFold_triose-phosphate_isomerase	af_P37649_409_662_3.20.20.450	af_P37649_409_662_3.20.20.450	1.476E-01	0.569	53	33	153	267	117	227	254	127	0.453	0.437
LOKIASV2_1570_ESMFold_triose-phosphate_isomerase	af_I1KA45_29_340_3.20.20.80	af_I1KA45_29_340_3.20.20.80	2.677E-02	0.569	53	6	222	267	1	171	312	225	0.813	0.548
LOKIASV2_1570_ESMFold_triose-phosphate_isomerase	af_Q54SD3_1_323_3.20.20.140	af_Q54SD3_1_323_3.20.20.140	3.012E-02	0.569	53	1	236	267	1	234	323	283	0.884	0.724
LOKIASV2_1570_ESMFold_triose-phosphate_isomerase	af_P47177_23_401_3.20.20.70	af_P47177_23_401_3.20.20.70	3.811E-02	0.569	53	6	263	267	15	320	379	363	0.966	0.807
LOKIASV2_1570_ESMFold_triose-phosphate_isomerase	af_Q8LPI9_65_212_3.20.20.70	af_Q8LPI9_65_212_3.20.20.70	4.547E-02	0.537	52	5	169	267	3	132	148	180	0.618	0.878
LOKIASV2_1570_ESMFold_triose-phosphate_isomerase	4h6rA00	4h6rA00	1.107E-02	0.537	52	7	252	267	34	267	272	286	0.921	0.860
LOKIASV2_1570_ESMFold_triose-phosphate_isomerase	3dhuA01	3dhuA01	2.839E-02	0.537	52	6	263	267	8	340	347	377	0.966	0.960
LOKIASV2_1570_ESMFold_triose-phosphate_isomerase	5k1wA00	5k1wA00	3.194E-02	0.537	52	16	264	267	1	339	354	368	0.933	0.958
LOKIASV2_1570_ESMFold_triose-phosphate_isomerase	4awuA00	4awuA00	6.913E-03	0.537	52	3	243	267	18	321	364	349	0.903	0.835
LOKIASV2_1570_ESMFold_triose-phosphate_isomerase	af_P32134_16_258_3.20.20.150	af_P32134_16_258_3.20.20.150	4.823E-02	0.505	51	83	263	267	22	183	243	197	0.678	0.667
LOKIASV2_1570_ESMFold_triose-phosphate_isomerase	af_P37325_17_284_3.20.20.80	af_P37325_17_284_3.20.20.80	2.380E-02	0.505	51	67	260	267	5	213	268	235	0.727	0.780
LOKIASV2_1570_ESMFold_triose-phosphate_isomerase	3h4uA02	3h4uA02	2.380E-02	0.505	51	5	261	267	2	253	309	316	0.963	0.816
LOKIASV2_1570_ESMFold_triose-phosphate_isomerase	2zruD00	2zruD00	1.773E-02	0.505	51	19	266	267	2	235	356	289	0.929	0.657
LOKIASV2_1570_ESMFold_triose-phosphate_isomerase	af_Q9SYK0_169_572_3.20.20.80	af_Q9SYK0_169_572_3.20.20.80	3.388E-02	0.505	51	2	264	267	1	353	404	413	0.985	0.874
LOKIASV2_1570_ESMFold_triose-phosphate_isomerase	4mzyA02	4mzyA02	2.229E-01	0.473	50	3	246	267	2	165	168	249	0.914	0.976
LOKIASV2_1570_ESMFold_triose-phosphate_isomerase	af_Q01459_67_271_3.20.20.80	af_Q01459_67_271_3.20.20.80	6.474E-02	0.473	50	93	236	267	14	134	205	155	0.539	0.590
LOKIASV2_1570_ESMFold_triose-phosphate_isomerase	af_A2BGP9_54_286_3.20.20.190	af_A2BGP9_54_286_3.20.20.190	2.839E-02	0.473	50	39	221	267	70	226	233	201	0.685	0.674
LOKIASV2_1570_ESMFold_triose-phosphate_isomerase	af_Q54KC0_85_320_3.20.20.80	af_Q54KC0_85_320_3.20.20.80	6.474E-02	0.473	50	33	219	267	22	207	236	212	0.700	0.788
LOKIASV2_1570_ESMFold_triose-phosphate_isomerase	af_P77334_408_660_3.20.20.450	af_P77334_408_660_3.20.20.450	1.392E-01	0.473	50	5	138	267	89	219	253	151	0.502	0.518
LOKIASV2_1570_ESMFold_triose-phosphate_isomerase	af_Q9VMY9_69_390_3.20.20.140	af_Q9VMY9_69_390_3.20.20.140	8.689E-02	0.473	50	16	233	267	40	229	322	245	0.816	0.590
LOKIASV2_1570_ESMFold_triose-phosphate_isomerase	af_Q9VEB8_189_512_3.20.20.80	af_Q9VEB8_189_512_3.20.20.80	3.388E-02	0.473	50	4	261	267	2	323	324	372	0.966	0.994
LOKIASV2_1570_ESMFold_triose-phosphate_isomerase	3ozpA02	3ozpA02	1.312E-01	0.473	50	2	265	267	1	343	388	398	0.989	0.884
LOKIASV2_1570_ESMFold_triose-phosphate_isomerase	1w8gA00	1w8gA00	1.312E-01	0.442	49	2	251	267	27	225	226	277	0.936	0.881
LOKIASV2_1570_ESMFold_triose-phosphate_isomerase	af_Q59015_207_434_3.80.30.20	af_Q59015_207_434_3.80.30.20	5.462E-03	0.442	49	16	264	267	26	223	228	280	0.933	0.868
LOKIASV2_1570_ESMFold_triose-phosphate_isomerase	4gbdA02	4gbdA02	4.823E-02	0.442	49	4	267	267	2	270	291	320	0.989	0.924
LOKIASV2_1570_ESMFold_triose-phosphate_isomerase	3wnnB02	3wnnB02	5.116E-02	0.442	49	1	266	267	1	335	343	373	0.996	0.977
LOKIASV2_1570_ESMFold_triose-phosphate_isomerase	3eolB00	3eolB00	3.012E-02	0.442	49	3	266	267	55	322	362	326	0.989	0.740
LOKIASV2_1570_ESMFold_triose-phosphate_isomerase	af_Q22492_168_547_3.20.20.80	af_Q22492_168_547_3.20.20.80	9.775E-02	0.442	49	2	264	267	1	334	380	397	0.985	0.879
LOKIASV2_1570_ESMFold_triose-phosphate_isomerase	af_Q2G2J4_253_651_3.20.20.80	af_Q2G2J4_253_651_3.20.20.80	1.486E-02	0.442	49	1	262	267	44	285	399	308	0.981	0.607
LOKIASV2_1570_ESMFold_triose-phosphate_isomerase	5aybA00	5aybA00	1.672E-02	0.442	49	7	267	267	74	440	440	400	0.978	0.834
LOKIASV2_1570_ESMFold_triose-phosphate_isomerase	af_A0A0R0KUU2_4_202_3.20.20.140	af_A0A0R0KUU2_4_202_3.20.20.140	7.283E-02	0.411	48	50	266	267	3	185	199	240	0.813	0.920
LOKIASV2_1570_ESMFold_triose-phosphate_isomerase	2ze3A01	2ze3A01	8.248E-03	0.411	48	3	245	267	17	209	232	260	0.910	0.832
LOKIASV2_1570_ESMFold_triose-phosphate_isomerase	af_A0A0R0HZ77_165_408_3.20.20.80	af_A0A0R0HZ77_165_408_3.20.20.80	3.811E-02	0.411	48	3	221	267	22	242	244	258	0.820	0.906
LOKIASV2_1570_ESMFold_triose-phosphate_isomerase	5jh1A00	5jh1A00	9.216E-02	0.411	48	1	267	267	12	246	262	328	1.000	0.897
LOKIASV2_1570_ESMFold_triose-phosphate_isomerase	2whjA00	2whjA00	5.116E-02	0.411	48	1	246	267	20	249	308	292	0.921	0.747
LOKIASV2_1570_ESMFold_triose-phosphate_isomerase	af_Q07729_95_405_3.20.20.140	af_Q07729_95_405_3.20.20.140	4.042E-02	0.411	48	4	207	267	2	233	311	267	0.764	0.746
LOKIASV2_1570_ESMFold_triose-phosphate_isomerase	af_Q10427_16_385_3.20.20.80	af_Q10427_16_385_3.20.20.80	4.823E-02	0.411	48	3	266	267	6	367	370	403	0.989	0.978
LOKIASV2_1570_ESMFold_triose-phosphate_isomerase	af_Q58275_166_383_3.80.30.20	af_Q58275_166_383_3.80.30.20	1.037E-01	0.382	47	16	185	267	33	205	218	209	0.637	0.794
LOKIASV2_1570_ESMFold_triose-phosphate_isomerase	3cpgA00	3cpgA00	4.823E-02	0.382	47	17	249	267	17	246	247	289	0.873	0.931
LOKIASV2_1570_ESMFold_triose-phosphate_isomerase	af_A0A1D6F477_4_263_3.40.50.2000	af_A0A1D6F477_4_263_3.40.50.2000	7.776E-03	0.382	47	1	221	267	1	237	260	291	0.828	0.912
LOKIASV2_1570_ESMFold_triose-phosphate_isomerase	4cv1H00	4cv1H00	1.486E-02	0.382	47	1	252	267	11	261	263	293	0.944	0.954
LOKIASV2_1570_ESMFold_triose-phosphate_isomerase	2j6vB00	2j6vB00	2.244E-02	0.382	47	3	204	267	4	221	274	254	0.757	0.796
LOKIASV2_1570_ESMFold_triose-phosphate_isomerase	2i9uB02	2i9uB02	5.116E-02	0.382	47	21	251	267	41	258	308	272	0.865	0.708
LOKIASV2_1570_ESMFold_triose-phosphate_isomerase	af_A0A1D8PQQ8_111_453_3.20.20.140	af_A0A1D8PQQ8_111_453_3.20.20.140	8.193E-02	0.382	47	17	251	267	55	280	343	277	0.880	0.659
LOKIASV2_1570_ESMFold_triose-phosphate_isomerase	af_Q6P1J0_93_448_3.20.20.80	af_Q6P1J0_93_448_3.20.20.80	1.100E-01	0.382	47	21	244	267	71	306	356	294	0.839	0.663
LOKIASV2_1570_ESMFold_triose-phosphate_isomerase	af_Q9FZ29_25_401_3.20.20.80	af_Q9FZ29_25_401_3.20.20.80	3.837E-03	0.382	47	4	239	267	21	245	377	286	0.884	0.597
LOKIASV2_1570_ESMFold_triose-phosphate_isomerase	af_Q9W3C4_233_622_3.20.20.80	af_Q9W3C4_233_622_3.20.20.80	7.724E-02	0.382	47	2	245	267	1	319	390	372	0.914	0.818
LOKIASV2_1570_ESMFold_triose-phosphate_isomerase	2j47A02	2j47A02	1.237E-01	0.353	46	4	262	267	8	265	286	321	0.970	0.902
LOKIASV2_1570_ESMFold_triose-phosphate_isomerase	4u3aB00	4u3aB00	5.755E-02	0.353	46	21	261	267	7	293	294	325	0.903	0.976
LOKIASV2_1570_ESMFold_triose-phosphate_isomerase	2jg5B00	2jg5B00	2.229E-01	0.353	46	17	128	267	113	216	306	122	0.419	0.340
LOKIASV2_1570_ESMFold_triose-phosphate_isomerase	af_G5EFL1_118_431_3.20.20.80	af_G5EFL1_118_431_3.20.20.80	2.244E-02	0.353	46	9	264	267	2	313	314	361	0.959	0.994
LOKIASV2_1570_ESMFold_triose-phosphate_isomerase	af_I1M1G0_30_355_3.20.20.80	af_I1M1G0_30_355_3.20.20.80	1.565E-01	0.353	46	3	245	267	2	289	326	324	0.910	0.883
LOKIASV2_1570_ESMFold_triose-phosphate_isomerase	af_Q9NEU3_1_372_3.20.20.105	af_Q9NEU3_1_372_3.20.20.105	1.576E-02	0.353	46	3	243	267	61	273	372	279	0.903	0.573
LOKIASV2_1570_ESMFold_triose-phosphate_isomerase	af_Q09670_1_377_3.20.20.70	af_Q09670_1_377_3.20.20.70	1.868E-01	0.353	46	5	265	267	22	350	377	377	0.978	0.873
LOKIASV2_1570_ESMFold_triose-phosphate_isomerase	af_Q8WSF3_274_660_3.20.20.80	af_Q8WSF3_274_660_3.20.20.80	1.565E-01	0.353	46	2	266	267	1	338	387	408	0.993	0.873
LOKIASV2_1570_ESMFold_triose-phosphate_isomerase	af_A0A1D8PNR7_164_555_3.20.20.80	af_A0A1D8PNR7_164_555_3.20.20.80	9.216E-02	0.353	46	2	262	267	1	339	392	405	0.978	0.865
LOKIASV2_1570_ESMFold_triose-phosphate_isomerase	af_Q0DM18_1_261_3.40.50.720	af_Q0DM18_1_261_3.40.50.720	1.995E-02	0.326	45	1	249	267	6	252	261	288	0.933	0.946
LOKIASV2_1570_ESMFold_triose-phosphate_isomerase	af_Q9P6I7_4_353_3.20.20.140	af_Q9P6I7_4_353_3.20.20.140	1.392E-01	0.326	45	12	266	267	73	344	350	330	0.955	0.777
LOKIASV2_1570_ESMFold_triose-phosphate_isomerase	af_P22133_12_178_3.40.50.720	af_P22133_12_178_3.40.50.720	8.689E-02	0.301	44	4	167	267	3	166	167	186	0.614	0.982
LOKIASV2_1570_ESMFold_triose-phosphate_isomerase	af_Q57910_41_261_3.80.30.20	af_Q57910_41_261_3.80.30.20	1.166E-01	0.301	44	27	193	267	43	218	221	206	0.625	0.796
LOKIASV2_1570_ESMFold_triose-phosphate_isomerase	af_Q9VJ06_24_256_3.20.20.70	af_Q9VJ06_24_256_3.20.20.70	1.100E-01	0.301	44	5	245	267	3	217	233	275	0.903	0.923
LOKIASV2_1570_ESMFold_triose-phosphate_isomerase	af_I6YB54_43_336_3.20.20.80	af_I6YB54_43_336_3.20.20.80	7.283E-02	0.301	44	63	261	267	5	273	294	287	0.745	0.915
LOKIASV2_1570_ESMFold_triose-phosphate_isomerase	3e74C02	3e74C02	3.012E-02	0.301	44	14	224	267	9	189	314	243	0.790	0.576
LOKIASV2_1570_ESMFold_triose-phosphate_isomerase	af_P22333_2_333_3.20.20.140	af_P22333_2_333_3.20.20.140	1.565E-01	0.301	44	16	263	267	71	309	332	303	0.929	0.720
LOKIASV2_1570_ESMFold_triose-phosphate_isomerase	af_A0A1D6LEQ2_66_461_3.20.20.80	af_A0A1D6LEQ2_66_461_3.20.20.80	1.166E-01	0.301	44	1	267	267	20	396	396	399	1.000	0.952
LOKIASV2_1570_ESMFold_triose-phosphate_isomerase	af_A0A0R0FXW2_31_300_3.20.20.80	af_A0A0R0FXW2_31_300_3.20.20.80	4.287E-02	0.277	43	6	265	267	2	219	270	290	0.974	0.807
LOKIASV2_1570_ESMFold_triose-phosphate_isomerase	5f5lA00	5f5lA00	1.392E-01	0.277	43	3	170	267	2	143	285	174	0.629	0.498
LOKIASV2_1570_ESMFold_triose-phosphate_isomerase	af_A0A1D6JS18_73_374_3.20.20.70	af_A0A1D6JS18_73_374_3.20.20.70	3.811E-02	0.277	43	33	238	267	139	294	302	213	0.772	0.517
LOKIASV2_1570_ESMFold_triose-phosphate_isomerase	1hp5A01	1hp5A01	2.229E-01	0.277	43	4	221	267	5	237	321	293	0.816	0.726
LOKIASV2_1570_ESMFold_triose-phosphate_isomerase	6idwD00	6idwD00	1.037E-01	0.277	43	22	224	267	15	235	322	251	0.760	0.686
LOKIASV2_1570_ESMFold_triose-phosphate_isomerase	3a64A00	3a64A00	6.913E-03	0.277	43	17	221	267	19	218	371	238	0.768	0.539
LOKIASV2_1570_ESMFold_triose-phosphate_isomerase	af_A4I2Q1_3_379_3.20.20.140	af_A4I2Q1_3_379_3.20.20.140	1.312E-01	0.277	43	1	243	267	7	288	377	329	0.910	0.748
LOKIASV2_1570_ESMFold_triose-phosphate_isomerase	af_Q4DZ00_1_394_3.20.20.70	af_Q4DZ00_1_394_3.20.20.70	1.100E-01	0.277	43	3	266	267	25	364	394	376	0.989	0.863
LOKIASV2_1570_ESMFold_triose-phosphate_isomerase	3r8rB00	3r8rB00	4.259E-01	0.254	42	4	267	267	2	212	212	294	0.989	0.995
LOKIASV2_1570_ESMFold_triose-phosphate_isomerase	af_A0A0P0VCW2_1_233_3.20.20.80	af_A0A0P0VCW2_1_233_3.20.20.80	1.312E-01	0.254	42	5	221	267	7	232	233	273	0.813	0.970
LOKIASV2_1570_ESMFold_triose-phosphate_isomerase	af_P32701_269_524_3.20.20.450	af_P32701_269_524_3.20.20.450	6.063E-01	0.254	42	5	149	267	91	225	256	155	0.543	0.527
LOKIASV2_1570_ESMFold_triose-phosphate_isomerase	af_P37177_404_736_3.20.20.60	af_P37177_404_736_3.20.20.60	2.677E-02	0.254	42	4	265	267	33	332	333	338	0.981	0.901
LOKIASV2_1570_ESMFold_triose-phosphate_isomerase	af_Q9Y251_55_411_3.20.20.80	af_Q9Y251_55_411_3.20.20.80	1.773E-02	0.254	42	3	242	267	4	239	357	293	0.899	0.661
LOKIASV2_1570_ESMFold_triose-phosphate_isomerase	af_O14154_27_395_3.20.20.80	af_O14154_27_395_3.20.20.80	5.426E-02	0.254	42	3	266	267	8	369	369	386	0.989	0.981
LOKIASV2_1570_ESMFold_triose-phosphate_isomerase	af_Q9Y7S9_23_399_3.20.20.80	af_Q9Y7S9_23_399_3.20.20.80	4.547E-02	0.254	42	3	263	267	8	358	377	390	0.978	0.931
LOKIASV2_1570_ESMFold_triose-phosphate_isomerase	3oa5B02	3oa5B02	9.775E-02	0.254	42	39	266	267	149	367	382	283	0.854	0.573
LOKIASV2_1570_ESMFold_triose-phosphate_isomerase	af_Q54SV0_1_129_3.40.50.300	af_Q54SV0_1_129_3.40.50.300	2.229E-01	0.233	41	109	204	267	45	123	129	97	0.360	0.612
LOKIASV2_1570_ESMFold_triose-phosphate_isomerase	3canA00	3canA00	4.259E-01	0.233	41	40	219	267	3	156	158	200	0.674	0.975
LOKIASV2_1570_ESMFold_triose-phosphate_isomerase	4m0xB02	4m0xB02	4.517E-01	0.233	41	112	263	267	29	170	235	173	0.569	0.604
LOKIASV2_1570_ESMFold_triose-phosphate_isomerase	af_O33329_320_559_3.40.50.300	af_O33329_320_559_3.40.50.300	1.312E-01	0.233	41	7	266	267	2	238	240	300	0.974	0.988
LOKIASV2_1570_ESMFold_triose-phosphate_isomerase	4fojA00	4fojA00	1.981E-01	0.233	41	48	222	267	78	217	253	194	0.655	0.553
LOKIASV2_1570_ESMFold_triose-phosphate_isomerase	af_O48812_29_340_3.20.20.80	af_O48812_29_340_3.20.20.80	9.216E-02	0.233	41	4	246	267	4	280	312	327	0.910	0.888
LOKIASV2_1570_ESMFold_triose-phosphate_isomerase	5m99B01	5m99B01	4.823E-02	0.233	41	6	247	267	1	256	353	300	0.906	0.725
LOKIASV2_1570_ESMFold_triose-phosphate_isomerase	af_F8VPT3_74_267_3.20.20.80	af_F8VPT3_74_267_3.20.20.80	1.981E-01	0.214	40	93	249	267	17	167	194	181	0.588	0.778
LOKIASV2_1570_ESMFold_triose-phosphate_isomerase	af_Q58218_60_281_3.20.20.70	af_Q58218_60_281_3.20.20.70	9.216E-02	0.214	40	80	264	267	47	212	222	210	0.693	0.748
LOKIASV2_1570_ESMFold_triose-phosphate_isomerase	af_Q9P6J8_2_337_3.20.20.140	af_Q9P6J8_2_337_3.20.20.140	3.173E-01	0.214	40	14	267	267	70	300	336	298	0.951	0.688
LOKIASV2_1570_ESMFold_triose-phosphate_isomerase	3banB00	3banB00	1.312E-01	0.214	40	1	266	267	1	323	349	376	0.996	0.926
LOKIASV2_1570_ESMFold_triose-phosphate_isomerase	af_Q8WWQ2_77_449_3.20.20.80	af_Q8WWQ2_77_449_3.20.20.80	9.216E-02	0.214	40	3	237	267	1	248	373	292	0.880	0.665
LOKIASV2_1570_ESMFold_triose-phosphate_isomerase	af_Q54MU9_255_682_3.20.20.80	af_Q54MU9_255_682_3.20.20.80	2.991E-01	0.214	40	2	246	267	1	344	428	398	0.918	0.804
LOKIASV2_1570_ESMFold_triose-phosphate_isomerase	af_P9WKN5_1_280_3.20.20.30	af_P9WKN5_1_280_3.20.20.30	8.689E-02	0.196	39	6	266	267	3	276	280	348	0.978	0.979
LOKIASV2_1570_ESMFold_triose-phosphate_isomerase	4iqdB00	4iqdB00	1.037E-01	0.196	39	2	266	267	19	241	283	311	0.993	0.788
LOKIASV2_1570_ESMFold_triose-phosphate_isomerase	af_Q6DG22_4_359_3.20.20.140	af_Q6DG22_4_359_3.20.20.140	3.388E-02	0.196	39	1	267	267	1	314	356	366	1.000	0.882
LOKIASV2_1570_ESMFold_triose-phosphate_isomerase	4aysA02	4aysA02	1.660E-01	0.196	39	1	222	267	1	196	371	256	0.831	0.528
LOKIASV2_1570_ESMFold_triose-phosphate_isomerase	5jy7C01	5jy7C01	6.474E-02	0.196	39	3	231	267	30	203	414	240	0.858	0.420
LOKIASV2_1570_ESMFold_triose-phosphate_isomerase	af_P9WJI7_150_316_3.20.140.10	af_P9WJI7_150_316_3.20.140.10	5.389E-01	0.179	38	6	248	267	4	166	167	251	0.910	0.976
LOKIASV2_1570_ESMFold_triose-phosphate_isomerase	af_Q7KWW8_54_255_3.20.20.80	af_Q7KWW8_54_255_3.20.20.80	2.659E-01	0.179	38	93	233	267	9	120	202	145	0.528	0.554
LOKIASV2_1570_ESMFold_triose-phosphate_isomerase	4x6lA01	4x6lA01	2.991E-01	0.179	38	1	267	267	1	204	204	284	1.000	1.000
LOKIASV2_1570_ESMFold_triose-phosphate_isomerase	af_A0A1D6HHV0_62_293_3.40.50.300	af_A0A1D6HHV0_62_293_3.40.50.300	7.724E-02	0.179	38	1	205	267	1	211	232	240	0.768	0.909
LOKIASV2_1570_ESMFold_triose-phosphate_isomerase	af_A0A1D6EED8_3_275_3.40.50.2000	af_A0A1D6EED8_3_275_3.40.50.2000	4.547E-02	0.179	38	2	250	267	4	252	273	292	0.933	0.912
LOKIASV2_1570_ESMFold_triose-phosphate_isomerase	af_Q92342_61_367_3.20.20.140	af_Q92342_61_367_3.20.20.140	3.786E-01	0.179	38	4	266	267	2	280	307	335	0.985	0.909
LOKIASV2_1570_ESMFold_triose-phosphate_isomerase	af_Q9UUF1_4_312_3.20.20.140	af_Q9UUF1_4_312_3.20.20.140	1.565E-01	0.179	38	11	170	267	30	206	309	195	0.599	0.573
LOKIASV2_1570_ESMFold_triose-phosphate_isomerase	af_A0A0R0FR52_22_351_3.20.20.80	af_A0A0R0FR52_22_351_3.20.20.80	1.476E-01	0.179	38	4	266	267	1	232	330	306	0.985	0.703
LOKIASV2_1570_ESMFold_triose-phosphate_isomerase	5ot1A02	5ot1A02	4.823E-02	0.179	38	6	266	267	48	347	357	346	0.978	0.840
LOKIASV2_1570_ESMFold_triose-phosphate_isomerase	af_Q874I4_58_444_3.20.20.70	af_Q874I4_58_444_3.20.20.70	2.507E-01	0.179	38	17	266	267	125	373	387	297	0.936	0.643
LOKIASV2_1570_ESMFold_triose-phosphate_isomerase	af_P95147_1_180_3.40.50.720	af_P95147_1_180_3.40.50.720	4.547E-02	0.164	37	5	190	267	2	159	180	218	0.697	0.878
LOKIASV2_1570_ESMFold_triose-phosphate_isomerase	af_I6XEF6_16_197_3.40.50.450	af_I6XEF6_16_197_3.40.50.450	7.724E-02	0.164	37	1	128	267	10	131	182	144	0.479	0.670
LOKIASV2_1570_ESMFold_triose-phosphate_isomerase	af_X1WCF0_19_238_3.40.50.300	af_X1WCF0_19_238_3.40.50.300	5.116E-02	0.164	37	5	267	267	4	186	220	277	0.985	0.832
LOKIASV2_1570_ESMFold_triose-phosphate_isomerase	af_P53720_3_268_3.20.20.70	af_P53720_3_268_3.20.20.70	3.365E-01	0.164	37	40	258	267	5	256	266	283	0.820	0.947
LOKIASV2_1570_ESMFold_triose-phosphate_isomerase	6fz6B02	6fz6B02	1.037E-01	0.164	37	32	222	267	121	264	278	197	0.715	0.518
LOKIASV2_1570_ESMFold_triose-phosphate_isomerase	2pcqA00	2pcqA00	9.216E-02	0.164	37	1	249	267	1	194	279	274	0.933	0.695
LOKIASV2_1570_ESMFold_triose-phosphate_isomerase	af_Q4DTK0_105_434_3.40.50.720	af_Q4DTK0_105_434_3.40.50.720	1.237E-01	0.164	37	4	170	267	9	173	330	202	0.625	0.500
LOKIASV2_1570_ESMFold_triose-phosphate_isomerase	af_Q21301_163_672_3.80.10.10	af_Q21301_163_672_3.80.10.10	4.547E-02	0.164	37	43	266	267	276	504	510	259	0.839	0.449
LOKIASV2_1570_ESMFold_triose-phosphate_isomerase	af_Q4CUJ9_220_394_3.30.750.200	af_Q4CUJ9_220_394_3.30.750.200	1.229E+00	0.150	36	50	169	267	39	157	175	130	0.449	0.680
LOKIASV2_1570_ESMFold_triose-phosphate_isomerase	af_P96395_164_380_3.80.30.20	af_P96395_164_380_3.80.30.20	2.659E-01	0.150	36	17	162	267	37	191	217	172	0.547	0.714
LOKIASV2_1570_ESMFold_triose-phosphate_isomerase	af_O05456_89_320_3.40.50.300	af_O05456_89_320_3.40.50.300	2.229E-01	0.150	36	4	227	267	2	211	232	256	0.839	0.905
LOKIASV2_1570_ESMFold_triose-phosphate_isomerase	1bxkA01	1bxkA01	8.689E-02	0.150	36	4	222	267	2	185	252	236	0.820	0.730
LOKIASV2_1570_ESMFold_triose-phosphate_isomerase	af_E9AHV7_5_359_3.20.20.140	af_E9AHV7_5_359_3.20.20.140	1.237E-01	0.150	36	11	242	267	38	231	355	257	0.869	0.546
LOKIASV2_1570_ESMFold_triose-phosphate_isomerase	af_Q553D7_264_632_3.80.10.10	af_Q553D7_264_632_3.80.10.10	6.474E-02	0.150	36	3	245	267	13	332	369	362	0.910	0.867
LOKIASV2_1570_ESMFold_triose-phosphate_isomerase	af_E9QG14_13_195_3.40.50.300	af_E9QG14_13_195_3.40.50.300	4.015E-01	0.138	35	107	219	267	60	148	183	113	0.423	0.486
LOKIASV2_1570_ESMFold_triose-phosphate_isomerase	af_A0A2R8QEP8_60_262_3.40.50.300	af_A0A2R8QEP8_60_262_3.40.50.300	1.476E-01	0.138	35	108	264	267	64	202	203	173	0.588	0.685
LOKIASV2_1570_ESMFold_triose-phosphate_isomerase	af_A0A0P0WMK1_31_283_3.90.550.10	af_A0A0P0WMK1_31_283_3.90.550.10	3.786E-01	0.138	35	1	85	267	1	81	253	87	0.318	0.320
LOKIASV2_1570_ESMFold_triose-phosphate_isomerase	af_P53909_2_346_3.20.20.140	af_P53909_2_346_3.20.20.140	8.138E-01	0.138	35	14	267	267	73	307	345	298	0.951	0.681
LOKIASV2_1570_ESMFold_triose-phosphate_isomerase	2bhtB02	2bhtB02	1.030E+00	0.126	34	15	103	267	4	79	91	92	0.333	0.835
LOKIASV2_1570_ESMFold_triose-phosphate_isomerase	2ixbA01	2ixbA01	2.101E-01	0.126	34	3	167	267	2	129	169	170	0.618	0.757
LOKIASV2_1570_ESMFold_triose-phosphate_isomerase	af_Q60319_32_220_3.20.20.150	af_Q60319_32_220_3.20.20.150	2.101E-01	0.126	34	1	244	267	5	166	189	259	0.914	0.857
LOKIASV2_1570_ESMFold_triose-phosphate_isomerase	af_Q86KC1_16_212_3.20.20.80	af_Q86KC1_16_212_3.20.20.80	6.063E-01	0.126	34	40	222	267	9	155	197	196	0.685	0.746
LOKIASV2_1570_ESMFold_triose-phosphate_isomerase	af_O53620_68_280_3.40.640.10	af_O53620_68_280_3.40.640.10	3.569E-01	0.126	34	17	129	267	29	133	213	120	0.423	0.493
LOKIASV2_1570_ESMFold_triose-phosphate_isomerase	af_I1M2K7_2_223_3.40.50.2000	af_I1M2K7_2_223_3.40.50.2000	2.364E-01	0.126	34	3	221	267	4	210	222	265	0.820	0.932
LOKIASV2_1570_ESMFold_triose-phosphate_isomerase	3cz8A01	3cz8A01	3.569E-01	0.126	34	113	267	267	47	202	245	193	0.581	0.637
LOKIASV2_1570_ESMFold_triose-phosphate_isomerase	af_K7KS94_60_331_3.40.50.720	af_K7KS94_60_331_3.40.50.720	8.193E-02	0.126	34	25	267	267	5	211	272	267	0.910	0.761
LOKIASV2_1570_ESMFold_triose-phosphate_isomerase	af_P48559_179_356_3.40.50.300	af_P48559_179_356_3.40.50.300	6.063E-01	0.116	33	127	266	267	71	166	178	140	0.524	0.539
LOKIASV2_1570_ESMFold_triose-phosphate_isomerase	af_Q58104_37_240_3.40.50.720	af_Q58104_37_240_3.40.50.720	1.100E-01	0.116	33	1	131	267	11	133	204	154	0.491	0.603
LOKIASV2_1570_ESMFold_triose-phosphate_isomerase	af_P38097_892_1101_3.20.20.450	af_P38097_892_1101_3.20.20.450	4.015E-01	0.116	33	14	244	267	22	193	210	248	0.865	0.819
LOKIASV2_1570_ESMFold_triose-phosphate_isomerase	1j32B02	1j32B02	4.517E-01	0.116	33	17	181	267	38	180	223	182	0.618	0.641
LOKIASV2_1570_ESMFold_triose-phosphate_isomerase	af_O14209_49_295_3.40.640.10	af_O14209_49_295_3.40.640.10	4.517E-01	0.116	33	17	167	267	56	195	247	170	0.566	0.567
LOKIASV2_1570_ESMFold_triose-phosphate_isomerase	3zs7A00	3zs7A00	5.426E-02	0.116	33	1	204	267	1	168	277	221	0.764	0.606
LOKIASV2_1570_ESMFold_triose-phosphate_isomerase	3m1rA01	3m1rA01	1.660E-01	0.116	33	4	261	267	16	279	286	310	0.966	0.923
LOKIASV2_1570_ESMFold_triose-phosphate_isomerase	4kttE00	4kttE00	1.392E-01	0.116	33	2	246	267	1	255	306	314	0.918	0.833
LOKIASV2_1570_ESMFold_triose-phosphate_isomerase	af_Q8S5U3_68_406_3.40.1190.20	af_Q8S5U3_68_406_3.40.1190.20	1.660E-01	0.116	33	3	221	267	2	253	339	299	0.820	0.743
LOKIASV2_1570_ESMFold_triose-phosphate_isomerase	af_Q9VDS1_3_367_3.40.50.720	af_Q9VDS1_3_367_3.40.50.720	1.761E-01	0.116	33	3	251	267	16	310	365	330	0.933	0.808
LOKIASV2_1570_ESMFold_triose-phosphate_isomerase	af_Q5VN31_391_791_3.20.20.80	af_Q5VN31_391_791_3.20.20.80	7.283E-02	0.116	33	1	222	267	11	228	401	279	0.831	0.544
LOKIASV2_1570_ESMFold_triose-phosphate_isomerase	af_Q5A4J9_2_408_3.20.20.70	af_Q5A4J9_2_408_3.20.20.70	5.755E-02	0.116	33	44	235	267	48	272	407	253	0.719	0.553
LOKIASV2_1570_ESMFold_triose-phosphate_isomerase	af_Q4D1A2_16_204_3.40.50.300	af_Q4D1A2_16_204_3.40.50.300	9.216E-02	0.106	32	2	169	267	6	157	189	184	0.629	0.804
LOKIASV2_1570_ESMFold_triose-phosphate_isomerase	af_Q4DGH9_219_424_3.40.50.620	af_Q4DGH9_219_424_3.40.50.620	1.761E-01	0.106	32	5	167	267	7	184	206	208	0.610	0.864
LOKIASV2_1570_ESMFold_triose-phosphate_isomerase	af_Q04857_817_1023_3.40.50.410	af_Q04857_817_1023_3.40.50.410	1.761E-01	0.106	32	2	167	267	7	186	207	211	0.622	0.870
LOKIASV2_1570_ESMFold_triose-phosphate_isomerase	af_A0A0R0KBV4_1_209_3.40.640.10	af_A0A0R0KBV4_1_209_3.40.640.10	4.791E-01	0.106	32	22	170	267	20	173	209	175	0.558	0.737
LOKIASV2_1570_ESMFold_triose-phosphate_isomerase	5m1tB00	5m1tB00	2.659E-01	0.106	32	93	236	267	70	205	225	164	0.539	0.604
LOKIASV2_1570_ESMFold_triose-phosphate_isomerase	3vghA02	3vghA02	1.476E-01	0.106	32	3	209	267	5	231	362	259	0.775	0.627
LOKIASV2_1570_ESMFold_triose-phosphate_isomerase	3tp4A01	3tp4A01	1.166E-01	0.106	32	4	247	267	29	317	364	322	0.914	0.794
LOKIASV2_1570_ESMFold_triose-phosphate_isomerase	af_A0A0R0G6P2_199_293_3.40.50.2000	af_A0A0R0G6P2_199_293_3.40.50.2000	2.490E+00	0.098	31	1	66	267	1	64	95	71	0.247	0.674
LOKIASV2_1570_ESMFold_triose-phosphate_isomerase	af_A4I2L1_581_723_3.40.50.280	af_A4I2L1_581_723_3.40.50.280	6.063E-01	0.098	31	119	266	267	7	136	143	169	0.554	0.909
LOKIASV2_1570_ESMFold_triose-phosphate_isomerase	af_K7TZT4_67_247_1.10.520.10	af_K7TZT4_67_247_1.10.520.10	7.234E-01	0.098	31	76	169	267	84	176	181	108	0.352	0.514
LOKIASV2_1570_ESMFold_triose-phosphate_isomerase	af_Q5EAR1_17_206_3.40.50.300	af_Q5EAR1_17_206_3.40.50.300	2.101E-01	0.098	31	108	263	267	59	168	190	164	0.584	0.579
LOKIASV2_1570_ESMFold_triose-phosphate_isomerase	3dxfA01	3dxfA01	3.365E-01	0.098	31	50	245	267	18	174	192	207	0.734	0.818
LOKIASV2_1570_ESMFold_triose-phosphate_isomerase	af_Q86I68_326_532_3.40.50.300	af_Q86I68_326_532_3.40.50.300	1.466E+00	0.098	31	80	169	267	111	190	207	91	0.337	0.386
LOKIASV2_1570_ESMFold_triose-phosphate_isomerase	1v4vB01	1v4vB01	3.569E-01	0.098	31	5	264	267	3	195	210	275	0.974	0.919
LOKIASV2_1570_ESMFold_triose-phosphate_isomerase	4alnK00	4alnK00	1.030E+00	0.098	31	1	248	267	2	213	218	276	0.929	0.972
LOKIASV2_1570_ESMFold_triose-phosphate_isomerase	af_A0A1D8PRL8_58_286_3.40.640.10	af_A0A1D8PRL8_58_286_3.40.640.10	6.430E-01	0.098	31	20	129	267	39	146	229	120	0.412	0.472
LOKIASV2_1570_ESMFold_triose-phosphate_isomerase	4yrbD00	4yrbD00	2.820E-01	0.098	31	1	210	267	1	215	232	260	0.787	0.927
LOKIASV2_1570_ESMFold_triose-phosphate_isomerase	2zklA01	2zklA01	3.569E-01	0.098	31	5	133	267	2	125	242	147	0.483	0.512
LOKIASV2_1570_ESMFold_triose-phosphate_isomerase	4hu4B00	4hu4B00	5.716E-01	0.098	31	48	237	267	74	218	247	206	0.712	0.587
LOKIASV2_1570_ESMFold_triose-phosphate_isomerase	af_P75800_529_779_3.20.20.450	af_P75800_529_779_3.20.20.450	2.991E-01	0.098	31	93	241	267	93	231	251	168	0.558	0.554
LOKIASV2_1570_ESMFold_triose-phosphate_isomerase	af_Q9FHQ1_16_345_3.40.50.1110	af_Q9FHQ1_16_345_3.40.50.1110	9.775E-02	0.098	31	2	266	267	10	233	330	291	0.993	0.679
LOKIASV2_1570_ESMFold_triose-phosphate_isomerase	5ns7A00	5ns7A00	6.820E-01	0.098	31	83	227	267	64	224	439	177	0.543	0.367
LOKIASV2_1570_ESMFold_triose-phosphate_isomerase	af_P39002_99_545_3.40.50.12780	af_P39002_99_545_3.40.50.12780	5.716E-01	0.098	31	14	169	267	1	140	447	166	0.584	0.313
LOKIASV2_1570_ESMFold_triose-phosphate_isomerase	af_A0A0P0VNP8_71_268_3.40.50.300	af_A0A0P0VNP8_71_268_3.40.50.300	6.820E-01	0.090	30	5	193	267	3	195	198	229	0.708	0.975
LOKIASV2_1570_ESMFold_triose-phosphate_isomerase	af_X1WDF8_474_676_3.40.50.300	af_X1WDF8_474_676_3.40.50.300	2.507E-01	0.090	30	5	266	267	5	183	203	283	0.981	0.882
LOKIASV2_1570_ESMFold_triose-phosphate_isomerase	3c3eA01	3c3eA01	3.173E-01	0.090	30	115	266	267	85	206	210	170	0.569	0.581
LOKIASV2_1570_ESMFold_triose-phosphate_isomerase	af_E7F463_239_456_3.40.50.410	af_E7F463_239_456_3.40.50.410	2.229E-01	0.090	30	5	267	267	19	217	218	290	0.985	0.913
LOKIASV2_1570_ESMFold_triose-phosphate_isomerase	af_A0A1D6G4P8_1_279_3.20.20.80	af_A0A1D6G4P8_1_279_3.20.20.80	7.234E-01	0.090	30	69	266	267	2	194	279	231	0.742	0.692
LOKIASV2_1570_ESMFold_triose-phosphate_isomerase	af_P16703_7_287_3.30.360.10	af_P16703_7_287_3.30.360.10	1.660E-01	0.090	30	17	244	267	34	225	281	259	0.854	0.683
LOKIASV2_1570_ESMFold_triose-phosphate_isomerase	af_A0A0R0L1A2_24_340_3.20.20.80	af_A0A0R0L1A2_24_340_3.20.20.80	4.517E-01	0.090	30	19	246	267	8	283	317	320	0.854	0.871
LOKIASV2_1570_ESMFold_triose-phosphate_isomerase	af_I1MEP1_25_353_3.40.50.1110	af_I1MEP1_25_353_3.40.50.1110	9.775E-02	0.090	30	3	266	267	14	238	329	283	0.989	0.684
LOKIASV2_1570_ESMFold_triose-phosphate_isomerase	af_Q9STX2_25_388_3.40.50.720	af_Q9STX2_25_388_3.40.50.720	2.229E-01	0.090	30	3	171	267	2	177	364	215	0.633	0.484
LOKIASV2_1570_ESMFold_triose-phosphate_isomerase	af_H2L0M0_122_284_3.40.50.20	af_H2L0M0_122_284_3.40.50.20	4.791E-01	0.082	29	7	127	267	40	151	163	128	0.453	0.687
LOKIASV2_1570_ESMFold_triose-phosphate_isomerase	af_A0A140LGH1_5_203_3.40.50.300	af_A0A140LGH1_5_203_3.40.50.300	5.081E-01	0.082	29	108	221	267	67	161	199	122	0.427	0.477
LOKIASV2_1570_ESMFold_triose-phosphate_isomerase	af_A8WG18_13_218_3.40.50.300	af_A8WG18_13_218_3.40.50.300	3.365E-01	0.082	29	114	264	267	71	183	206	157	0.566	0.549
LOKIASV2_1570_ESMFold_triose-phosphate_isomerase	af_A0A0R4IW29_2_229_3.40.50.300	af_A0A0R4IW29_2_229_3.40.50.300	1.466E+00	0.082	29	109	200	267	68	143	228	93	0.345	0.333
LOKIASV2_1570_ESMFold_triose-phosphate_isomerase	2x5dA02	2x5dA02	1.092E+00	0.082	29	16	131	267	48	153	231	125	0.434	0.459
LOKIASV2_1570_ESMFold_triose-phosphate_isomerase	af_Q9N365_72_303_3.40.50.150	af_Q9N365_72_303_3.40.50.150	1.030E+00	0.082	29	2	129	267	79	186	232	132	0.479	0.466
LOKIASV2_1570_ESMFold_triose-phosphate_isomerase	af_Q6S5G3_133_379_3.40.50.300	af_Q6S5G3_133_379_3.40.50.300	1.855E+00	0.082	29	96	221	267	95	209	247	135	0.472	0.466
LOKIASV2_1570_ESMFold_triose-phosphate_isomerase	af_A0A0R0EX33_1_248_3.20.20.300	af_A0A0R0EX33_1_248_3.20.20.300	1.649E+00	0.082	29	165	222	267	41	93	248	58	0.217	0.214
LOKIASV2_1570_ESMFold_triose-phosphate_isomerase	af_Q0IPL3_20_290_3.20.20.60	af_Q0IPL3_20_290_3.20.20.60	3.569E-01	0.082	29	83	266	267	6	224	271	254	0.689	0.808
LOKIASV2_1570_ESMFold_triose-phosphate_isomerase	3nl6B02	3nl6B02	2.659E-01	0.082	29	3	266	267	5	277	291	329	0.989	0.938
LOKIASV2_1570_ESMFold_triose-phosphate_isomerase	af_Q10988_245_544_3.20.20.150	af_Q10988_245_544_3.20.20.150	3.365E-01	0.082	29	3	246	267	4	293	300	333	0.914	0.967
LOKIASV2_1570_ESMFold_triose-phosphate_isomerase	af_P76641_77_378_3.20.20.140	af_P76641_77_378_3.20.20.140	3.569E-01	0.082	29	4	221	267	2	248	302	279	0.816	0.818
LOKIASV2_1570_ESMFold_triose-phosphate_isomerase	af_Q6Z8Z9_126_447_3.40.50.1110	af_Q6Z8Z9_126_447_3.40.50.1110	1.312E-01	0.082	29	2	267	267	7	241	322	297	0.996	0.730
LOKIASV2_1570_ESMFold_triose-phosphate_isomerase	af_B4G013_22_353_3.40.50.1110	af_B4G013_22_353_3.40.50.1110	4.547E-02	0.082	29	3	266	267	10	243	332	297	0.989	0.705
LOKIASV2_1570_ESMFold_triose-phosphate_isomerase	af_A0A0R0KBV4_1_334_3.40.640.10	af_A0A0R0KBV4_1_334_3.40.640.10	8.631E-01	0.082	29	22	170	267	20	173	334	182	0.558	0.461
LOKIASV2_1570_ESMFold_triose-phosphate_isomerase	2d1fA02	2d1fA02	4.759E+00	0.076	28	83	169	267	10	70	98	88	0.326	0.622
LOKIASV2_1570_ESMFold_triose-phosphate_isomerase	3uuwB01	3uuwB01	8.631E-01	0.076	28	3	128	267	2	118	119	139	0.472	0.983
LOKIASV2_1570_ESMFold_triose-phosphate_isomerase	3fg9F01	3fg9F01	8.631E-01	0.076	28	93	181	267	3	85	129	94	0.333	0.643
LOKIASV2_1570_ESMFold_triose-phosphate_isomerase	af_I1MZG8_3_134_3.40.50.720	af_I1MZG8_3_134_3.40.50.720	3.569E-01	0.076	28	3	129	267	4	100	132	133	0.476	0.735
LOKIASV2_1570_ESMFold_triose-phosphate_isomerase	af_Q8C196_1357_1494_3.40.50.1380	af_Q8C196_1357_1494_3.40.50.1380	6.063E-01	0.076	28	1	128	267	3	108	138	130	0.479	0.768
LOKIASV2_1570_ESMFold_triose-phosphate_isomerase	af_A0A368UGV7_9_166_3.40.50.2000	af_A0A368UGV7_9_166_3.40.50.2000	8.631E-01	0.076	28	3	128	267	2	135	158	155	0.472	0.848
LOKIASV2_1570_ESMFold_triose-phosphate_isomerase	2l82A00	2l82A00	4.791E-01	0.076	28	4	211	267	2	157	162	226	0.779	0.963
LOKIASV2_1570_ESMFold_triose-phosphate_isomerase	af_D3ZN64_788_986_3.40.50.410	af_D3ZN64_788_986_3.40.50.410	1.660E-01	0.076	28	2	183	267	8	184	199	226	0.682	0.889
LOKIASV2_1570_ESMFold_triose-phosphate_isomerase	3kzpB00	3kzpB00	5.081E-01	0.076	28	16	244	267	44	222	228	245	0.858	0.785
LOKIASV2_1570_ESMFold_triose-phosphate_isomerase	3ewsB01	3ewsB01	2.820E-01	0.076	28	6	128	267	74	210	241	149	0.461	0.568
LOKIASV2_1570_ESMFold_triose-phosphate_isomerase	1d2fB02	1d2fB02	1.092E+00	0.076	28	23	129	267	55	160	243	118	0.401	0.436
LOKIASV2_1570_ESMFold_triose-phosphate_isomerase	af_P23842_476_729_3.20.20.450	af_P23842_476_729_3.20.20.450	2.641E+00	0.076	28	33	149	267	126	236	254	126	0.438	0.437
LOKIASV2_1570_ESMFold_triose-phosphate_isomerase	af_Q58527_9_278_3.20.20.140	af_Q58527_9_278_3.20.20.140	2.991E-01	0.076	28	1	266	267	1	245	270	321	0.996	0.907
LOKIASV2_1570_ESMFold_triose-phosphate_isomerase	3mt0A00	3mt0A00	8.193E-02	0.076	28	5	263	267	8	278	279	326	0.970	0.971
LOKIASV2_1570_ESMFold_triose-phosphate_isomerase	af_Q58A41_79_393_3.40.50.300	af_Q58A41_79_393_3.40.50.300	3.786E-01	0.076	28	5	266	267	2	251	315	304	0.981	0.794
LOKIASV2_1570_ESMFold_triose-phosphate_isomerase	af_P34342_448_779_3.80.10.10	af_P34342_448_779_3.80.10.10	1.100E-01	0.076	28	46	249	267	14	237	332	270	0.764	0.675
LOKIASV2_1570_ESMFold_triose-phosphate_isomerase	af_Q9SIQ3_22_354_3.40.50.1110	af_Q9SIQ3_22_354_3.40.50.1110	1.312E-01	0.076	28	140	266	267	116	242	333	143	0.476	0.381
LOKIASV2_1570_ESMFold_triose-phosphate_isomerase	af_Q9SIZ6_24_358_3.40.50.1110	af_Q9SIZ6_24_358_3.40.50.1110	1.100E-01	0.076	28	2	262	267	10	235	335	291	0.978	0.675
LOKIASV2_1570_ESMFold_triose-phosphate_isomerase	af_Q9TZL9_5_350_3.40.50.720	af_Q9TZL9_5_350_3.40.50.720	5.081E-01	0.076	28	3	202	267	7	255	346	277	0.749	0.720
LOKIASV2_1570_ESMFold_triose-phosphate_isomerase	3wy1B01	3wy1B01	6.474E-02	0.076	28	3	222	267	7	197	391	262	0.824	0.488
LOKIASV2_1570_ESMFold_triose-phosphate_isomerase	af_A0A1D8PRP2_2_428_3.20.20.70	af_A0A1D8PRP2_2_428_3.20.20.70	1.392E-01	0.076	28	23	224	267	33	186	427	211	0.757	0.361
LOKIASV2_1570_ESMFold_triose-phosphate_isomerase	3qp9C00	3qp9C00	2.229E-01	0.076	28	1	245	267	14	274	465	314	0.918	0.561
LOKIASV2_1570_ESMFold_triose-phosphate_isomerase	af_Q9VVK5_64_539_3.20.20.140	af_Q9VVK5_64_539_3.20.20.140	2.991E-01	0.076	28	46	239	267	169	318	476	214	0.727	0.315
LOKIASV2_1570_ESMFold_triose-phosphate_isomerase	af_E7F1D0_590_652_3.80.10.10	af_E7F1D0_590_652_3.80.10.10	3.545E+00	0.069	27	190	267	267	1	63	63	81	0.292	1.000
LOKIASV2_1570_ESMFold_triose-phosphate_isomerase	af_Q19082_292_467_3.40.50.2000	af_Q19082_292_467_3.40.50.2000	9.154E-01	0.069	27	3	129	267	18	118	176	135	0.476	0.574
LOKIASV2_1570_ESMFold_triose-phosphate_isomerase	af_A0A1D6NJA1_323_507_3.40.50.2000	af_A0A1D6NJA1_323_507_3.40.50.2000	1.100E-01	0.069	27	3	265	267	20	171	185	278	0.985	0.822
LOKIASV2_1570_ESMFold_triose-phosphate_isomerase	af_I1MKP7_311_497_3.40.50.2000	af_I1MKP7_311_497_3.40.50.2000	1.030E+00	0.069	27	3	129	267	20	142	187	143	0.476	0.658
LOKIASV2_1570_ESMFold_triose-phosphate_isomerase	af_P38426_560_747_3.40.50.2000	af_P38426_560_747_3.40.50.2000	2.820E-01	0.069	27	3	212	267	11	186	188	232	0.787	0.936
LOKIASV2_1570_ESMFold_triose-phosphate_isomerase	3p1jA00	3p1jA00	3.569E-01	0.069	27	111	266	267	63	165	190	158	0.584	0.542
LOKIASV2_1570_ESMFold_triose-phosphate_isomerase	af_O14081_436_635_3.40.50.2000	af_O14081_436_635_3.40.50.2000	4.791E-01	0.069	27	3	129	267	21	149	200	156	0.476	0.645
LOKIASV2_1570_ESMFold_triose-phosphate_isomerase	5jijA02	5jijA02	3.365E-01	0.069	27	2	164	267	27	199	209	200	0.610	0.828
LOKIASV2_1570_ESMFold_triose-phosphate_isomerase	3b1cA02	3b1cA02	1.158E+00	0.069	27	18	129	267	28	141	225	129	0.419	0.507
LOKIASV2_1570_ESMFold_triose-phosphate_isomerase	af_Q58874_55_291_3.40.640.10	af_Q58874_55_291_3.40.640.10	1.229E+00	0.069	27	17	129	267	51	156	237	124	0.423	0.447
LOKIASV2_1570_ESMFold_triose-phosphate_isomerase	4f4eB02	4f4eB02	1.092E+00	0.069	27	17	210	267	45	224	240	208	0.727	0.750
LOKIASV2_1570_ESMFold_triose-phosphate_isomerase	af_Q23244_121_373_3.20.20.190	af_Q23244_121_373_3.20.20.190	1.855E+00	0.069	27	36	141	267	122	238	253	132	0.397	0.462
LOKIASV2_1570_ESMFold_triose-phosphate_isomerase	af_P75995_245_500_3.20.20.450	af_P75995_245_500_3.20.20.450	8.631E-01	0.069	27	23	142	267	76	232	256	167	0.449	0.613
LOKIASV2_1570_ESMFold_triose-phosphate_isomerase	af_A0A1D6PAC1_596_878_3.20.20.80	af_A0A1D6PAC1_596_878_3.20.20.80	5.716E-01	0.069	27	48	265	267	116	260	283	220	0.816	0.512
LOKIASV2_1570_ESMFold_triose-phosphate_isomerase	af_Q59Z55_3_308_3.20.20.100	af_Q59Z55_3_308_3.20.20.100	1.855E+00	0.069	27	8	262	267	25	264	306	294	0.955	0.784
LOKIASV2_1570_ESMFold_triose-phosphate_isomerase	af_I1JZD2_34_354_3.40.50.1110	af_I1JZD2_34_354_3.40.50.1110	3.173E-01	0.069	27	143	263	267	110	262	321	165	0.453	0.477
LOKIASV2_1570_ESMFold_triose-phosphate_isomerase	af_Q9VMQ2_127_460_3.20.20.80	af_Q9VMQ2_127_460_3.20.20.80	1.555E+00	0.069	27	16	266	267	56	327	334	344	0.940	0.814
LOKIASV2_1570_ESMFold_triose-phosphate_isomerase	af_C0HFB6_422_795_3.40.50.12370	af_C0HFB6_422_795_3.40.50.12370	2.229E-01	0.069	27	22	241	267	118	303	374	246	0.824	0.497
LOKIASV2_1570_ESMFold_triose-phosphate_isomerase	af_A0A1D6EIX8_54_433_3.20.20.80	af_A0A1D6EIX8_54_433_3.20.20.80	5.426E-02	0.069	27	4	240	267	17	238	380	295	0.888	0.584
LOKIASV2_1570_ESMFold_triose-phosphate_isomerase	3edeA02	3edeA02	8.631E-01	0.069	27	2	248	267	7	355	419	382	0.925	0.833
LOKIASV2_1570_ESMFold_triose-phosphate_isomerase	af_Q4E3H7_40_178_3.40.50.1820	af_Q4E3H7_40_178_3.40.50.1820	5.353E+00	0.063	26	191	246	267	79	132	139	58	0.210	0.388
LOKIASV2_1570_ESMFold_triose-phosphate_isomerase	3hebB00	3hebB00	1.968E+00	0.063	26	93	267	267	3	133	139	181	0.655	0.942
LOKIASV2_1570_ESMFold_triose-phosphate_isomerase	3mk3100	3mk3100	3.786E-01	0.063	26	1	155	267	10	143	154	164	0.581	0.870
LOKIASV2_1570_ESMFold_triose-phosphate_isomerase	af_Q9TYN8_132_287_3.40.50.150	af_Q9TYN8_132_287_3.40.50.150	1.158E+00	0.063	26	2	150	267	5	132	156	163	0.558	0.821
LOKIASV2_1570_ESMFold_triose-phosphate_isomerase	af_Q4D4A1_26_187_3.40.50.720	af_Q4D4A1_26_187_3.40.50.720	4.259E-01	0.063	26	34	149	267	3	151	162	152	0.434	0.920
LOKIASV2_1570_ESMFold_triose-phosphate_isomerase	af_Q93242_289_455_3.40.50.2000	af_Q93242_289_455_3.40.50.2000	1.158E+00	0.063	26	1	215	267	7	157	167	217	0.805	0.904
LOKIASV2_1570_ESMFold_triose-phosphate_isomerase	2vptA00	2vptA00	1.466E+00	0.063	26	4	169	267	3	154	198	189	0.622	0.768
LOKIASV2_1570_ESMFold_triose-phosphate_isomerase	af_Q6P9H5_40_260_3.40.50.300	af_Q6P9H5_40_260_3.40.50.300	7.234E-01	0.063	26	110	265	267	71	184	221	162	0.584	0.516
LOKIASV2_1570_ESMFold_triose-phosphate_isomerase	af_P52892_139_384_3.40.640.10	af_P52892_139_384_3.40.640.10	1.382E+00	0.063	26	114	228	267	63	151	246	120	0.431	0.362
LOKIASV2_1570_ESMFold_triose-phosphate_isomerase	af_A4I904_46_295_3.40.640.10	af_A4I904_46_295_3.40.640.10	8.631E-01	0.063	26	20	132	267	58	166	250	122	0.423	0.436
LOKIASV2_1570_ESMFold_triose-phosphate_isomerase	af_I1KFX9_182_439_3.40.50.2000	af_I1KFX9_182_439_3.40.50.2000	6.820E-01	0.063	26	17	124	267	109	243	258	137	0.404	0.523
LOKIASV2_1570_ESMFold_triose-phosphate_isomerase	af_Q9SSA7_35_366_3.40.50.1110	af_Q9SSA7_35_366_3.40.50.1110	2.507E-01	0.063	26	137	266	267	117	235	332	138	0.487	0.358
LOKIASV2_1570_ESMFold_triose-phosphate_isomerase	af_I1MMZ0_17_353_3.40.50.1110	af_I1MMZ0_17_353_3.40.50.1110	1.868E-01	0.063	26	2	266	267	11	252	337	298	0.993	0.718
LOKIASV2_1570_ESMFold_triose-phosphate_isomerase	af_P13723_153_511_3.20.20.80	af_P13723_153_511_3.20.20.80	1.466E+00	0.063	26	2	245	267	1	289	359	326	0.914	0.805
LOKIASV2_1570_ESMFold_triose-phosphate_isomerase	af_M9PHQ2_836_1218_3.40.800.20	af_M9PHQ2_836_1218_3.40.800.20	6.063E-01	0.063	26	111	267	267	164	343	383	205	0.588	0.470
LOKIASV2_1570_ESMFold_triose-phosphate_isomerase	5ok7A00	5ok7A00	1.303E+00	0.063	26	90	237	267	72	241	462	188	0.554	0.368
LOKIASV2_1570_ESMFold_triose-phosphate_isomerase	af_P37702_20_512_3.20.20.80	af_P37702_20_512_3.20.20.80	8.631E-01	0.063	26	1	226	267	25	259	493	283	0.846	0.477
LOKIASV2_1570_ESMFold_triose-phosphate_isomerase	2jc3H02	2jc3H02	4.759E+00	0.057	25	15	101	267	4	83	106	91	0.326	0.755
LOKIASV2_1570_ESMFold_triose-phosphate_isomerase	3qtbA00	3qtbA00	1.968E+00	0.057	25	4	95	267	2	99	123	113	0.345	0.797
LOKIASV2_1570_ESMFold_triose-phosphate_isomerase	3gfgI01	3gfgI01	1.092E+00	0.057	25	1	169	267	1	118	137	174	0.633	0.861
LOKIASV2_1570_ESMFold_triose-phosphate_isomerase	af_K7DYB1_1_152_3.40.50.300	af_K7DYB1_1_152_3.40.50.300	6.820E-01	0.057	25	127	267	267	17	116	152	146	0.528	0.658
LOKIASV2_1570_ESMFold_triose-phosphate_isomerase	af_A0A131MBU2_246_418_3.40.50.2000	af_A0A131MBU2_246_418_3.40.50.2000	2.348E+00	0.057	25	1	129	267	16	115	173	132	0.483	0.578
LOKIASV2_1570_ESMFold_triose-phosphate_isomerase	af_A0A1D6JPH1_313_485_3.40.50.720	af_A0A1D6JPH1_313_485_3.40.50.720	9.154E-01	0.057	25	93	246	267	3	149	173	167	0.577	0.850
LOKIASV2_1570_ESMFold_triose-phosphate_isomerase	af_A0A1D8PH56_338_514_3.90.190.20	af_A0A1D8PH56_338_514_3.90.190.20	1.968E+00	0.057	25	93	266	267	15	173	177	189	0.652	0.898
LOKIASV2_1570_ESMFold_triose-phosphate_isomerase	af_A0A0G2L7C5_2204_2384_3.40.50.300	af_A0A0G2L7C5_2204_2384_3.40.50.300	8.631E-01	0.057	25	99	266	267	55	174	181	176	0.629	0.663
LOKIASV2_1570_ESMFold_triose-phosphate_isomerase	af_Q4CSX5_3_183_3.40.50.410	af_Q4CSX5_3_183_3.40.50.410	2.087E+00	0.057	25	167	259	267	108	179	181	98	0.348	0.398
LOKIASV2_1570_ESMFold_triose-phosphate_isomerase	3hp4A00	3hp4A00	1.092E+00	0.057	25	5	129	267	3	107	182	140	0.468	0.577
LOKIASV2_1570_ESMFold_triose-phosphate_isomerase	af_F1RBS9_33_217_3.40.50.300	af_F1RBS9_33_217_3.40.50.300	6.063E-01	0.057	25	114	267	267	60	185	185	165	0.577	0.681
LOKIASV2_1570_ESMFold_triose-phosphate_isomerase	af_Q75IP6_1_195_3.40.50.410	af_Q75IP6_1_195_3.40.50.410	3.173E-01	0.057	25	93	245	267	11	194	195	203	0.573	0.944
LOKIASV2_1570_ESMFold_triose-phosphate_isomerase	af_Q58448_7_221_3.40.50.300	af_Q58448_7_221_3.40.50.300	2.991E-01	0.057	25	4	169	267	16	198	215	227	0.622	0.851
LOKIASV2_1570_ESMFold_triose-phosphate_isomerase	3lxwA00	3lxwA00	7.672E-01	0.057	25	96	266	267	54	182	217	172	0.640	0.594
LOKIASV2_1570_ESMFold_triose-phosphate_isomerase	4dgtB02	4dgtB02	1.466E+00	0.057	25	16	129	267	36	140	223	126	0.427	0.471
LOKIASV2_1570_ESMFold_triose-phosphate_isomerase	4l51A00	4l51A00	1.761E-01	0.057	25	1	259	267	44	245	246	298	0.970	0.821
LOKIASV2_1570_ESMFold_triose-phosphate_isomerase	af_Q9NZC3_58_325_3.20.20.190	af_Q9NZC3_58_325_3.20.20.190	4.517E-01	0.057	25	2	242	267	7	241	268	292	0.903	0.877
LOKIASV2_1570_ESMFold_triose-phosphate_isomerase	af_A0A1D6L3W6_10_280_3.40.50.2000	af_A0A1D6L3W6_10_280_3.40.50.2000	1.968E+00	0.057	25	2	129	267	6	143	271	157	0.479	0.509
LOKIASV2_1570_ESMFold_triose-phosphate_isomerase	af_O13716_32_303_3.20.20.80	af_O13716_32_303_3.20.20.80	1.303E+00	0.057	25	21	226	267	7	188	272	242	0.772	0.669
LOKIASV2_1570_ESMFold_triose-phosphate_isomerase	af_Q5Z608_39_349_3.40.800.20	af_Q5Z608_39_349_3.40.800.20	8.138E-01	0.057	25	112	266	267	141	303	311	192	0.581	0.524
LOKIASV2_1570_ESMFold_triose-phosphate_isomerase	af_Q9FFC6_25_356_3.40.50.1110	af_Q9FFC6_25_356_3.40.50.1110	2.507E-01	0.057	25	1	263	267	8	241	332	304	0.985	0.705
LOKIASV2_1570_ESMFold_triose-phosphate_isomerase	2z09A00	2z09A00	2.087E+00	0.051	24	92	177	267	3	102	124	107	0.322	0.806
LOKIASV2_1570_ESMFold_triose-phosphate_isomerase	af_Q4CM65_181_327_3.40.309.10	af_Q4CM65_181_327_3.40.309.10	9.154E-01	0.051	24	6	252	267	2	144	147	252	0.925	0.973
LOKIASV2_1570_ESMFold_triose-phosphate_isomerase	af_Q5N941_412_573_3.40.50.720	af_Q5N941_412_573_3.40.50.720	1.092E+00	0.051	24	5	183	267	2	157	162	202	0.670	0.963
LOKIASV2_1570_ESMFold_triose-phosphate_isomerase	af_Q10941_279_451_3.40.50.2000	af_Q10941_279_451_3.40.50.2000	1.030E+00	0.051	24	3	215	267	14	165	173	221	0.798	0.879
LOKIASV2_1570_ESMFold_triose-phosphate_isomerase	af_I1N508_109_283_3.40.50.720	af_I1N508_109_283_3.40.50.720	1.649E+00	0.051	24	93	263	267	7	166	175	200	0.640	0.914
LOKIASV2_1570_ESMFold_triose-phosphate_isomerase	af_A0A2R8QD03_39_214_3.40.50.300	af_A0A2R8QD03_39_214_3.40.50.300	4.791E-01	0.051	24	4	182	267	2	133	176	189	0.670	0.750
LOKIASV2_1570_ESMFold_triose-phosphate_isomerase	4pyrA01	4pyrA01	7.672E-01	0.051	24	4	214	267	2	140	177	219	0.790	0.785
LOKIASV2_1570_ESMFold_triose-phosphate_isomerase	af_F4JNL1_2_188_3.40.50.10140	af_F4JNL1_2_188_3.40.50.10140	5.716E-01	0.051	24	40	266	267	10	185	187	243	0.850	0.941
LOKIASV2_1570_ESMFold_triose-phosphate_isomerase	af_A0A0G2KEF2_16_219_3.40.50.300	af_A0A0G2KEF2_16_219_3.40.50.300	2.490E+00	0.051	24	94	221	267	57	160	204	131	0.479	0.510
LOKIASV2_1570_ESMFold_triose-phosphate_isomerase	af_B8JLT8_11_219_3.40.50.300	af_B8JLT8_11_219_3.40.50.300	5.389E-01	0.051	24	108	267	267	67	188	209	168	0.599	0.584
LOKIASV2_1570_ESMFold_triose-phosphate_isomerase	af_Q2FUT9_22_240_3.40.640.10	af_Q2FUT9_22_240_3.40.640.10	1.649E+00	0.051	24	20	129	267	39	139	219	120	0.412	0.461
LOKIASV2_1570_ESMFold_triose-phosphate_isomerase	af_A0A2R8QCG5_34_255_3.40.50.300	af_A0A2R8QCG5_34_255_3.40.50.300	4.517E-01	0.051	24	113	266	267	67	202	222	180	0.577	0.613
LOKIASV2_1570_ESMFold_triose-phosphate_isomerase	af_K7KVW4_1_222_3.40.50.720	af_K7KVW4_1_222_3.40.50.720	4.015E-01	0.051	24	4	244	267	2	216	222	271	0.903	0.968
LOKIASV2_1570_ESMFold_triose-phosphate_isomerase	af_F8W2W4_28_250_3.40.50.300	af_F8W2W4_28_250_3.40.50.300	7.672E-01	0.051	24	94	266	267	59	182	223	183	0.648	0.556
LOKIASV2_1570_ESMFold_triose-phosphate_isomerase	af_Q9FRM1_7_232_3.40.50.720	af_Q9FRM1_7_232_3.40.50.720	1.158E+00	0.051	24	7	171	267	2	146	226	184	0.618	0.642
LOKIASV2_1570_ESMFold_triose-phosphate_isomerase	af_Q7XDA3_47_275_3.40.640.10	af_Q7XDA3_47_275_3.40.640.10	1.855E+00	0.051	24	17	129	267	48	150	229	120	0.423	0.450
LOKIASV2_1570_ESMFold_triose-phosphate_isomerase	2j5vB01	2j5vB01	1.030E+00	0.051	24	127	266	267	4	159	231	168	0.524	0.675
LOKIASV2_1570_ESMFold_triose-phosphate_isomerase	af_A6H684_34_265_3.90.550.10	af_A6H684_34_265_3.90.550.10	2.214E+00	0.051	24	4	129	267	15	134	232	140	0.472	0.517
LOKIASV2_1570_ESMFold_triose-phosphate_isomerase	5vyeD02	5vyeD02	2.087E+00	0.051	24	19	129	267	52	158	239	126	0.416	0.448
LOKIASV2_1570_ESMFold_triose-phosphate_isomerase	2o0rA02	2o0rA02	1.649E+00	0.051	24	19	129	267	56	160	241	122	0.416	0.436
LOKIASV2_1570_ESMFold_triose-phosphate_isomerase	af_Q9S7E9_101_345_3.40.640.10	af_Q9S7E9_101_345_3.40.640.10	8.631E-01	0.051	24	21	221	267	10	185	245	226	0.753	0.718
LOKIASV2_1570_ESMFold_triose-phosphate_isomerase	af_K7K1C9_30_277_3.30.70.330	af_K7K1C9_30_277_3.30.70.330	5.716E-01	0.051	24	5	244	267	2	242	248	300	0.899	0.972
LOKIASV2_1570_ESMFold_triose-phosphate_isomerase	af_P9WM07_54_307_3.20.20.450	af_P9WM07_54_307_3.20.20.450	1.092E+00	0.051	24	12	222	267	64	219	254	221	0.790	0.614
LOKIASV2_1570_ESMFold_triose-phosphate_isomerase	af_A0A1D6Q519_18_304_3.40.50.1110	af_A0A1D6Q519_18_304_3.40.50.1110	2.364E-01	0.051	24	143	266	267	78	204	287	137	0.464	0.443
LOKIASV2_1570_ESMFold_triose-phosphate_isomerase	af_Q17556_327_630_3.40.50.720	af_Q17556_327_630_3.40.50.720	6.430E-01	0.051	24	1	245	267	6	257	304	295	0.918	0.829
LOKIASV2_1570_ESMFold_triose-phosphate_isomerase	af_K7LDJ6_439_777_3.40.50.12370	af_K7LDJ6_439_777_3.40.50.12370	1.166E-01	0.051	24	1	246	267	11	262	339	310	0.921	0.743
LOKIASV2_1570_ESMFold_triose-phosphate_isomerase	af_I1MUF8_145_496_3.40.800.20	af_I1MUF8_145_496_3.40.800.20	7.234E-01	0.051	24	3	265	267	1	313	352	368	0.985	0.889
LOKIASV2_1570_ESMFold_triose-phosphate_isomerase	af_Q84N64_27_393_3.40.50.300	af_Q84N64_27_393_3.40.50.300	7.672E-01	0.051	24	99	266	267	145	317	367	206	0.629	0.471
LOKIASV2_1570_ESMFold_triose-phosphate_isomerase	1c3sA00	1c3sA00	3.786E-01	0.051	24	1	266	267	1	282	372	350	0.996	0.758
LOKIASV2_1570_ESMFold_triose-phosphate_isomerase	af_Q95UC5_298_697_3.40.50.200	af_Q95UC5_298_697_3.40.50.200	7.672E-01	0.051	24	1	129	267	21	160	400	156	0.483	0.350
LOKIASV2_1570_ESMFold_triose-phosphate_isomerase	af_B1Q257_1_491_3.40.50.2300	af_B1Q257_1_491_3.40.50.2300	3.786E-01	0.051	24	18	264	267	85	332	491	299	0.925	0.505
LOKIASV2_1570_ESMFold_triose-phosphate_isomerase	af_A0A2R8QTX5_10_135_3.40.50.20	af_A0A2R8QTX5_10_135_3.40.50.20	2.490E+00	0.045	23	160	266	267	12	115	126	116	0.401	0.825
LOKIASV2_1570_ESMFold_triose-phosphate_isomerase	af_A0A1D6FNR0_662_791_3.40.50.620	af_A0A1D6FNR0_662_791_3.40.50.620	1.649E+00	0.045	23	5	128	267	20	121	130	132	0.464	0.785
LOKIASV2_1570_ESMFold_triose-phosphate_isomerase	5u95C02	5u95C02	2.641E+00	0.045	23	18	128	267	2	97	147	120	0.416	0.653
LOKIASV2_1570_ESMFold_triose-phosphate_isomerase	af_O80617_5_169_3.40.50.10140	af_O80617_5_169_3.40.50.10140	6.430E-01	0.045	23	3	266	267	2	161	165	284	0.989	0.970
LOKIASV2_1570_ESMFold_triose-phosphate_isomerase	af_Q7KLI1_117_282_3.40.50.300	af_Q7KLI1_117_282_3.40.50.300	9.154E-01	0.045	23	112	245	267	14	149	166	156	0.502	0.819
LOKIASV2_1570_ESMFold_triose-phosphate_isomerase	af_F4JT82_1398_1566_3.40.50.10140	af_F4JT82_1398_1566_3.40.50.10140	8.631E-01	0.045	23	93	266	267	7	160	169	208	0.652	0.911
LOKIASV2_1570_ESMFold_triose-phosphate_isomerase	af_Q6NPD9_14_184_3.40.50.10140	af_Q6NPD9_14_184_3.40.50.10140	4.259E-01	0.045	23	2	154	267	3	137	171	180	0.573	0.789
LOKIASV2_1570_ESMFold_triose-phosphate_isomerase	af_I1LHP1_155_326_1.25.40.10	af_I1LHP1_155_326_1.25.40.10	8.083E+00	0.045	23	181	213	267	22	54	172	33	0.124	0.192
LOKIASV2_1570_ESMFold_triose-phosphate_isomerase	af_A0A0J9YJF6_40_227_3.40.50.300	af_A0A0J9YJF6_40_227_3.40.50.300	1.649E+00	0.045	23	3	266	267	2	174	188	274	0.989	0.920
LOKIASV2_1570_ESMFold_triose-phosphate_isomerase	5vg5T01	5vg5T01	1.303E+00	0.045	23	93	245	267	7	136	193	166	0.573	0.674
LOKIASV2_1570_ESMFold_triose-phosphate_isomerase	af_A0A140LFW6_245_445_3.40.50.300	af_A0A140LFW6_245_445_3.40.50.300	1.229E+00	0.045	23	110	263	267	68	185	201	162	0.577	0.587
LOKIASV2_1570_ESMFold_triose-phosphate_isomerase	af_F1QFC1_7_208_3.40.50.300	af_F1QFC1_7_208_3.40.50.300	1.229E+00	0.045	23	109	267	267	68	184	202	165	0.596	0.579
LOKIASV2_1570_ESMFold_triose-phosphate_isomerase	af_Q54Y66_1_202_3.40.50.300	af_Q54Y66_1_202_3.40.50.300	2.087E+00	0.045	23	159	266	267	71	166	202	122	0.404	0.475
LOKIASV2_1570_ESMFold_triose-phosphate_isomerase	2wagA00	2wagA00	6.063E-01	0.045	23	67	225	267	17	168	217	196	0.596	0.700
LOKIASV2_1570_ESMFold_triose-phosphate_isomerase	af_A0A2R8PXZ2_414_634_3.80.10.10	af_A0A2R8PXZ2_414_634_3.80.10.10	2.641E+00	0.045	23	7	245	267	24	216	221	262	0.895	0.873
LOKIASV2_1570_ESMFold_triose-phosphate_isomerase	4my5C02	4my5C02	2.801E+00	0.045	23	17	129	267	42	146	225	121	0.423	0.467
LOKIASV2_1570_ESMFold_triose-phosphate_isomerase	2yjnA01	2yjnA01	3.786E-01	0.045	23	1	160	267	1	177	247	211	0.599	0.717
LOKIASV2_1570_ESMFold_triose-phosphate_isomerase	af_Q93971_392_656_3.40.50.450	af_Q93971_392_656_3.40.50.450	9.154E-01	0.045	23	93	267	267	32	166	265	188	0.655	0.509
LOKIASV2_1570_ESMFold_triose-phosphate_isomerase	4gklB01	4gklB01	1.303E+00	0.045	23	3	267	267	5	326	331	386	0.993	0.973
LOKIASV2_1570_ESMFold_triose-phosphate_isomerase	3suuA01	3suuA01	9.154E-01	0.045	23	1	247	267	15	250	359	301	0.925	0.657
LOKIASV2_1570_ESMFold_triose-phosphate_isomerase	af_K7LKF3_43_463_3.40.50.12780	af_K7LKF3_43_463_3.40.50.12780	1.749E+00	0.045	23	8	128	267	31	136	421	129	0.453	0.252
LOKIASV2_1570_ESMFold_triose-phosphate_isomerase	2vuyA02	2vuyA02	8.138E-01	0.045	23	3	221	267	20	245	445	281	0.820	0.508
LOKIASV2_1570_ESMFold_triose-phosphate_isomerase	af_Q7KGG1_55_528_3.20.20.140	af_Q7KGG1_55_528_3.20.20.140	1.466E+00	0.045	23	84	241	267	178	317	474	178	0.592	0.295
LOKIASV2_1570_ESMFold_triose-phosphate_isomerase	af_A4I505_25_150_3.80.10.10	af_A4I505_25_150_3.80.10.10	2.087E+00	0.040	22	159	266	267	30	123	126	120	0.404	0.746
LOKIASV2_1570_ESMFold_triose-phosphate_isomerase	2qvgA00	2qvgA00	4.486E+00	0.040	22	92	267	267	3	126	126	179	0.659	0.984
LOKIASV2_1570_ESMFold_triose-phosphate_isomerase	5ahwB00	5ahwB00	2.641E+00	0.040	22	92	221	267	4	123	127	152	0.487	0.945
LOKIASV2_1570_ESMFold_triose-phosphate_isomerase	2p11B01	2p11B01	6.820E-01	0.040	22	1	129	267	1	103	135	140	0.483	0.763
LOKIASV2_1570_ESMFold_triose-phosphate_isomerase	af_I1LCD5_595_730_3.40.50.2300	af_I1LCD5_595_730_3.40.50.2300	3.545E+00	0.040	22	2	94	267	15	118	136	122	0.348	0.765
LOKIASV2_1570_ESMFold_triose-phosphate_isomerase	af_Q9XUC3_2_154_3.40.50.20	af_Q9XUC3_2_154_3.40.50.20	5.716E-01	0.040	22	72	252	267	4	146	153	196	0.678	0.935
LOKIASV2_1570_ESMFold_triose-phosphate_isomerase	af_F4JU09_46_216_3.40.50.10140	af_F4JU09_46_216_3.40.50.10140	1.382E+00	0.040	22	40	263	267	6	167	171	236	0.839	0.947
LOKIASV2_1570_ESMFold_triose-phosphate_isomerase	af_A0A2R8QK87_73_249_3.40.50.300	af_A0A2R8QK87_73_249_3.40.50.300	4.517E-01	0.040	22	127	266	267	61	155	177	145	0.524	0.537
LOKIASV2_1570_ESMFold_triose-phosphate_isomerase	af_Q58577_2_178_3.40.50.2000	af_Q58577_2_178_3.40.50.2000	2.641E+00	0.040	22	3	185	267	2	177	177	207	0.685	0.994
LOKIASV2_1570_ESMFold_triose-phosphate_isomerase	af_Q0WSX8_5_187_3.40.50.10140	af_Q0WSX8_5_187_3.40.50.10140	1.092E+00	0.040	22	1	267	267	5	183	183	281	1.000	0.978
LOKIASV2_1570_ESMFold_triose-phosphate_isomerase	af_P34604_110_305_3.40.50.10470	af_P34604_110_305_3.40.50.10470	8.631E-01	0.040	22	93	222	267	21	124	196	141	0.487	0.531
LOKIASV2_1570_ESMFold_triose-phosphate_isomerase	af_H0WEU1_13_217_3.40.50.300	af_H0WEU1_13_217_3.40.50.300	1.382E+00	0.040	22	109	266	267	70	180	205	166	0.592	0.541
LOKIASV2_1570_ESMFold_triose-phosphate_isomerase	af_O97267_834_1040_3.40.50.410	af_O97267_834_1040_3.40.50.410	1.749E+00	0.040	22	5	266	267	18	202	207	279	0.981	0.894
LOKIASV2_1570_ESMFold_triose-phosphate_isomerase	af_A0A0R4IYU8_62_269_3.40.50.300	af_A0A0R4IYU8_62_269_3.40.50.300	3.151E+00	0.040	22	106	221	267	65	161	208	123	0.434	0.466
LOKIASV2_1570_ESMFold_triose-phosphate_isomerase	1u9cA00	1u9cA00	5.081E-01	0.040	22	1	149	267	1	176	220	210	0.558	0.800
LOKIASV2_1570_ESMFold_triose-phosphate_isomerase	af_Q84WV4_281_526_3.40.50.410	af_Q84WV4_281_526_3.40.50.410	1.030E+00	0.040	22	5	267	267	3	243	246	322	0.985	0.980
LOKIASV2_1570_ESMFold_triose-phosphate_isomerase	1yiyB02	1yiyB02	2.214E+00	0.040	22	14	129	267	55	169	257	129	0.434	0.447
LOKIASV2_1570_ESMFold_triose-phosphate_isomerase	af_F1Q8U9_1_287_3.40.50.2000	af_F1Q8U9_1_287_3.40.50.2000	7.672E-01	0.040	22	5	209	267	57	263	287	249	0.768	0.721
LOKIASV2_1570_ESMFold_triose-phosphate_isomerase	3rcnA02	3rcnA02	7.234E-01	0.040	22	4	245	267	2	297	331	351	0.906	0.894
LOKIASV2_1570_ESMFold_triose-phosphate_isomerase	af_A0A1D6H318_19_357_3.40.50.1110	af_A0A1D6H318_19_357_3.40.50.1110	1.466E+00	0.040	22	2	266	267	9	243	339	292	0.993	0.693
LOKIASV2_1570_ESMFold_triose-phosphate_isomerase	af_A4I6Y4_11_351_3.40.525.10	af_A4I6Y4_11_351_3.40.525.10	5.389E-01	0.040	22	79	254	267	152	300	341	193	0.659	0.437
LOKIASV2_1570_ESMFold_triose-phosphate_isomerase	af_Q2QNS6_398_796_3.90.550.10	af_Q2QNS6_398_796_3.90.550.10	6.774E+00	0.040	22	1	55	267	11	70	399	62	0.206	0.150
LOKIASV2_1570_ESMFold_triose-phosphate_isomerase	af_Q2G0V4_40_140_3.40.50.1100	af_Q2G0V4_40_140_3.40.50.1100	5.678E+00	0.034	21	41	126	267	23	96	101	88	0.322	0.733
LOKIASV2_1570_ESMFold_triose-phosphate_isomerase	4ja2A00	4ja2A00	5.353E+00	0.034	21	93	267	267	5	120	120	175	0.655	0.967
LOKIASV2_1570_ESMFold_triose-phosphate_isomerase	af_F4JT82_5_161_3.40.50.10140	af_F4JT82_5_161_3.40.50.10140	1.555E+00	0.034	21	92	267	267	2	157	157	197	0.659	0.994
LOKIASV2_1570_ESMFold_triose-phosphate_isomerase	af_K7M3G4_291_448_3.40.50.2000	af_K7M3G4_291_448_3.40.50.2000	1.229E+00	0.034	21	1	109	267	1	122	158	131	0.408	0.772
LOKIASV2_1570_ESMFold_triose-phosphate_isomerase	af_F4JT78_575_737_3.40.50.10140	af_F4JT78_575_737_3.40.50.10140	1.855E+00	0.034	21	3	164	267	2	127	163	163	0.607	0.773
LOKIASV2_1570_ESMFold_triose-phosphate_isomerase	af_Q2FY66_6_179_3.40.50.720	af_Q2FY66_6_179_3.40.50.720	1.649E+00	0.034	21	1	165	267	1	172	174	201	0.618	0.989
LOKIASV2_1570_ESMFold_triose-phosphate_isomerase	af_Q56XU3_212_388_3.40.50.10140	af_Q56XU3_212_388_3.40.50.10140	1.158E+00	0.034	21	2	153	267	4	136	177	176	0.569	0.751
LOKIASV2_1570_ESMFold_triose-phosphate_isomerase	4q9dA03	4q9dA03	3.988E+00	0.034	21	2	96	267	27	149	178	130	0.356	0.691
LOKIASV2_1570_ESMFold_triose-phosphate_isomerase	af_X1WEZ4_993_1183_3.40.50.410	af_X1WEZ4_993_1183_3.40.50.410	1.229E+00	0.034	21	5	149	267	4	156	191	177	0.543	0.801
LOKIASV2_1570_ESMFold_triose-phosphate_isomerase	af_P0A7B5_2_195_3.40.1160.10	af_P0A7B5_2_195_3.40.1160.10	2.348E+00	0.034	21	127	265	267	5	155	194	162	0.521	0.778
LOKIASV2_1570_ESMFold_triose-phosphate_isomerase	af_Q05473_114_309_3.40.50.300	af_Q05473_114_309_3.40.50.300	1.649E+00	0.034	21	3	169	267	19	173	196	199	0.625	0.791
LOKIASV2_1570_ESMFold_triose-phosphate_isomerase	3a11F02	3a11F02	1.749E+00	0.034	21	17	193	267	3	147	199	188	0.663	0.729
LOKIASV2_1570_ESMFold_triose-phosphate_isomerase	af_Q58890_51_250_3.90.226.10	af_Q58890_51_250_3.90.226.10	6.820E-01	0.034	21	65	212	267	11	168	200	188	0.554	0.790
LOKIASV2_1570_ESMFold_triose-phosphate_isomerase	af_Q13368_372_585_3.40.50.300	af_Q13368_372_585_3.40.50.300	6.820E-01	0.034	21	2	266	267	14	199	214	290	0.993	0.869
LOKIASV2_1570_ESMFold_triose-phosphate_isomerase	af_O45380_555_774_3.40.50.2000	af_O45380_555_774_3.40.50.2000	1.555E+00	0.034	21	1	141	267	25	173	220	181	0.528	0.677
LOKIASV2_1570_ESMFold_triose-phosphate_isomerase	af_Q9LNE6_8_231_3.40.50.2000	af_Q9LNE6_8_231_3.40.50.2000	1.382E+00	0.034	21	4	183	267	2	182	224	215	0.674	0.808
LOKIASV2_1570_ESMFold_triose-phosphate_isomerase	af_Q75JH8_1313_1537_3.20.20.80	af_Q75JH8_1313_1537_3.20.20.80	3.151E+00	0.034	21	68	131	267	11	96	225	87	0.240	0.382
LOKIASV2_1570_ESMFold_triose-phosphate_isomerase	af_Q99JY3_30_257_3.40.50.300	af_Q99JY3_30_257_3.40.50.300	2.087E+00	0.034	21	146	267	267	101	190	228	122	0.457	0.395
LOKIASV2_1570_ESMFold_triose-phosphate_isomerase	af_A0A1D8PL85_69_320_3.40.640.10	af_A0A1D8PL85_69_320_3.40.640.10	9.154E-01	0.034	21	19	171	267	42	150	252	163	0.573	0.433
LOKIASV2_1570_ESMFold_triose-phosphate_isomerase	af_Q4DEE9_198_459_3.90.550.10	af_Q4DEE9_198_459_3.90.550.10	8.083E+00	0.034	21	5	49	267	2	46	262	49	0.169	0.172
LOKIASV2_1570_ESMFold_triose-phosphate_isomerase	af_Q57622_11_370_3.40.640.10	af_Q57622_11_370_3.40.640.10	1.382E+00	0.034	21	2	128	267	88	194	360	154	0.476	0.297
LOKIASV2_1570_ESMFold_triose-phosphate_isomerase	af_D3ZVD8_79_465_3.40.800.20	af_D3ZVD8_79_465_3.40.800.20	1.092E+00	0.034	21	14	261	267	67	322	387	307	0.929	0.661
LOKIASV2_1570_ESMFold_triose-phosphate_isomerase	af_P37751_1_156_3.40.50.2000	af_P37751_1_156_3.40.50.2000	3.545E+00	0.029	20	1	95	267	1	90	156	103	0.356	0.577
LOKIASV2_1570_ESMFold_triose-phosphate_isomerase	4kq6B00	4kq6B00	1.092E+00	0.029	20	3	214	267	2	144	158	230	0.794	0.905
LOKIASV2_1570_ESMFold_triose-phosphate_isomerase	af_A0A368UIT8_57_229_3.40.50.10140	af_A0A368UIT8_57_229_3.40.50.10140	1.649E+00	0.029	20	40	164	267	5	133	173	143	0.468	0.746
LOKIASV2_1570_ESMFold_triose-phosphate_isomerase	af_F4JNL1_342_515_3.40.50.10140	af_F4JNL1_342_515_3.40.50.10140	1.649E+00	0.029	20	5	266	267	4	168	174	266	0.981	0.948
LOKIASV2_1570_ESMFold_triose-phosphate_isomerase	af_Q6K5H5_33_208_3.40.50.720	af_Q6K5H5_33_208_3.40.50.720	2.087E+00	0.029	20	4	225	267	2	149	176	228	0.831	0.841
LOKIASV2_1570_ESMFold_triose-phosphate_isomerase	af_Q2TAA5_293_474_3.40.50.2000	af_Q2TAA5_293_474_3.40.50.2000	8.138E-01	0.029	20	93	263	267	13	177	182	208	0.640	0.907
LOKIASV2_1570_ESMFold_triose-phosphate_isomerase	af_Q965F9_374_561_3.40.50.300	af_Q965F9_374_561_3.40.50.300	1.855E+00	0.029	20	5	169	267	2	168	188	202	0.618	0.888
LOKIASV2_1570_ESMFold_triose-phosphate_isomerase	4h08A00	4h08A00	1.158E+00	0.029	20	2	209	267	21	197	199	233	0.779	0.889
LOKIASV2_1570_ESMFold_triose-phosphate_isomerase	af_Q54JZ2_32_231_3.80.10.10	af_Q54JZ2_32_231_3.80.10.10	1.382E+00	0.029	20	84	262	267	31	196	200	203	0.670	0.830
LOKIASV2_1570_ESMFold_triose-phosphate_isomerase	af_E7FDG9_37_237_3.40.50.300	af_E7FDG9_37_237_3.40.50.300	2.801E+00	0.029	20	106	266	267	63	185	201	172	0.603	0.612
LOKIASV2_1570_ESMFold_triose-phosphate_isomerase	af_E9QHM5_18_218_3.40.50.300	af_E9QHM5_18_218_3.40.50.300	2.348E+00	0.029	20	117	221	267	64	149	201	112	0.393	0.428
LOKIASV2_1570_ESMFold_triose-phosphate_isomerase	af_Q8IAL0_83_287_3.40.50.410	af_Q8IAL0_83_287_3.40.50.410	1.229E+00	0.029	20	3	169	267	12	187	205	208	0.625	0.859
LOKIASV2_1570_ESMFold_triose-phosphate_isomerase	af_Q57622_37_253_3.40.640.10	af_Q57622_37_253_3.40.640.10	1.649E+00	0.029	20	2	128	267	62	168	217	154	0.476	0.493
LOKIASV2_1570_ESMFold_triose-phosphate_isomerase	af_Q8R379_7_225_3.40.50.300	af_Q8R379_7_225_3.40.50.300	2.087E+00	0.029	20	150	266	267	68	179	219	140	0.438	0.511
LOKIASV2_1570_ESMFold_triose-phosphate_isomerase	4tuiC01	4tuiC01	3.151E+00	0.029	20	18	131	267	24	161	248	148	0.427	0.556
LOKIASV2_1570_ESMFold_triose-phosphate_isomerase	3ke3A02	3ke3A02	2.641E+00	0.029	20	17	129	267	47	158	251	130	0.423	0.446
LOKIASV2_1570_ESMFold_triose-phosphate_isomerase	af_Q5VMI0_9_263_3.40.50.2000	af_Q5VMI0_9_263_3.40.50.2000	1.092E+00	0.029	20	2	245	267	4	233	255	291	0.914	0.902
LOKIASV2_1570_ESMFold_triose-phosphate_isomerase	af_K7LK48_364_621_3.40.50.150	af_K7LK48_364_621_3.40.50.150	2.641E+00	0.029	20	17	153	267	81	195	258	156	0.513	0.446
LOKIASV2_1570_ESMFold_triose-phosphate_isomerase	af_Q58094_1_274_3.40.50.970	af_Q58094_1_274_3.40.50.970	3.988E+00	0.029	20	17	128	267	124	237	274	128	0.419	0.416
LOKIASV2_1570_ESMFold_triose-phosphate_isomerase	af_A0A1D8PHC9_73_353_3.40.640.10	af_A0A1D8PHC9_73_353_3.40.640.10	2.490E+00	0.029	20	115	238	267	95	190	281	129	0.464	0.342
LOKIASV2_1570_ESMFold_triose-phosphate_isomerase	af_F1QCV2_361_675_3.40.800.20	af_F1QCV2_361_675_3.40.800.20	1.749E+00	0.029	20	1	266	267	49	302	315	326	0.996	0.806
LOKIASV2_1570_ESMFold_triose-phosphate_isomerase	af_Q2G1J3_4_329_3.40.50.2000	af_Q2G1J3_4_329_3.40.50.2000	9.709E-01	0.029	20	6	245	267	1	258	326	291	0.899	0.791
LOKIASV2_1570_ESMFold_triose-phosphate_isomerase	3czeA02	3czeA02	1.555E+00	0.029	20	6	220	267	1	154	380	231	0.805	0.405
LOKIASV2_1570_ESMFold_triose-phosphate_isomerase	2z1kB01	2z1kB01	3.343E+00	0.029	20	23	266	267	47	378	382	355	0.914	0.869
LOKIASV2_1570_ESMFold_triose-phosphate_isomerase	af_D0TZF0_227_692_3.20.20.80	af_D0TZF0_227_692_3.20.20.80	1.968E+00	0.029	20	5	221	267	19	261	466	282	0.813	0.521
LOKIASV2_1570_ESMFold_triose-phosphate_isomerase	af_A0A1D8PR61_110_591_1.25.40.1040	af_A0A1D8PR61_110_591_1.25.40.1040	3.151E+00	0.029	20	93	207	267	24	135	482	126	0.431	0.232
LOKIASV2_1570_ESMFold_triose-phosphate_isomerase	3jteA00	3jteA00	3.545E+00	0.024	19	143	267	267	34	126	126	129	0.468	0.738
LOKIASV2_1570_ESMFold_triose-phosphate_isomerase	3lloA00	3lloA00	5.678E+00	0.024	19	164	244	267	52	119	132	89	0.303	0.515
LOKIASV2_1570_ESMFold_triose-phosphate_isomerase	af_P0AEC5_652_786_3.40.50.2300	af_P0AEC5_652_786_3.40.50.2300	4.759E+00	0.024	19	1	106	267	15	128	135	128	0.397	0.844
LOKIASV2_1570_ESMFold_triose-phosphate_isomerase	af_K7L9W1_7_149_3.40.50.10140	af_K7L9W1_7_149_3.40.50.10140	3.988E+00	0.024	19	70	157	267	13	100	143	96	0.330	0.615
LOKIASV2_1570_ESMFold_triose-phosphate_isomerase	af_Q4D3N9_291_434_3.80.10.10	af_Q4D3N9_291_434_3.80.10.10	2.348E+00	0.024	19	151	266	267	35	134	144	135	0.434	0.694
LOKIASV2_1570_ESMFold_triose-phosphate_isomerase	af_Q9C9G5_4_160_3.40.50.620	af_Q9C9G5_4_160_3.40.50.620	8.138E-01	0.024	19	5	221	267	6	152	157	225	0.813	0.936
LOKIASV2_1570_ESMFold_triose-phosphate_isomerase	af_F4HR53_11_175_3.40.50.10140	af_F4HR53_11_175_3.40.50.10140	1.855E+00	0.024	19	1	164	267	1	131	165	174	0.614	0.794
LOKIASV2_1570_ESMFold_triose-phosphate_isomerase	af_Q9Y119_299_464_3.40.50.2000	af_Q9Y119_299_464_3.40.50.2000	1.555E+00	0.024	19	1	131	267	1	133	166	162	0.491	0.801
LOKIASV2_1570_ESMFold_triose-phosphate_isomerase	af_Q8I7M7_85_253_3.80.10.10	af_Q8I7M7_85_253_3.80.10.10	1.229E+00	0.024	19	109	266	267	23	160	169	189	0.592	0.817
LOKIASV2_1570_ESMFold_triose-phosphate_isomerase	af_Q9SSN9_7_177_3.40.50.10140	af_Q9SSN9_7_177_3.40.50.10140	2.087E+00	0.024	19	1	164	267	1	129	171	173	0.614	0.754
LOKIASV2_1570_ESMFold_triose-phosphate_isomerase	af_Q9VP06_273_455_3.40.50.2000	af_Q9VP06_273_455_3.40.50.2000	1.382E+00	0.024	19	93	266	267	13	181	183	209	0.652	0.923
LOKIASV2_1570_ESMFold_triose-phosphate_isomerase	af_Q2PMR0_6_196_3.90.226.10	af_Q2PMR0_6_196_3.90.226.10	3.343E+00	0.024	19	4	122	267	28	156	191	150	0.446	0.675
LOKIASV2_1570_ESMFold_triose-phosphate_isomerase	af_Q4DPG7_54_250_3.40.640.10	af_Q4DPG7_54_250_3.40.640.10	6.774E+00	0.024	19	40	129	267	76	163	197	101	0.337	0.447
LOKIASV2_1570_ESMFold_triose-phosphate_isomerase	4r81C00	4r81C00	1.030E+00	0.024	19	3	178	267	2	179	197	226	0.659	0.904
LOKIASV2_1570_ESMFold_triose-phosphate_isomerase	af_Q02788_835_1034_3.40.50.410	af_Q02788_835_1034_3.40.50.410	1.466E+00	0.024	19	3	167	267	10	179	200	212	0.618	0.850
LOKIASV2_1570_ESMFold_triose-phosphate_isomerase	af_Q9XWZ3_1_200_3.40.50.300	af_Q9XWZ3_1_200_3.40.50.300	1.855E+00	0.024	19	4	169	267	8	151	200	185	0.622	0.720
LOKIASV2_1570_ESMFold_triose-phosphate_isomerase	5tvgA02	5tvgA02	3.343E+00	0.024	19	3	132	267	27	159	209	163	0.487	0.636
LOKIASV2_1570_ESMFold_triose-phosphate_isomerase	af_B0S5W4_17_231_3.40.50.300	af_B0S5W4_17_231_3.40.50.300	1.466E+00	0.024	19	112	266	267	66	171	215	169	0.581	0.493
LOKIASV2_1570_ESMFold_triose-phosphate_isomerase	2nwqD01	2nwqD01	3.760E+00	0.024	19	6	171	267	3	178	215	200	0.622	0.819
LOKIASV2_1570_ESMFold_triose-phosphate_isomerase	af_F4HT21_24_239_3.40.50.300	af_F4HT21_24_239_3.40.50.300	1.030E+00	0.024	19	41	267	267	5	191	216	261	0.850	0.866
LOKIASV2_1570_ESMFold_triose-phosphate_isomerase	af_Q2FZL1_60_277_3.40.640.10	af_Q2FZL1_60_277_3.40.640.10	5.047E+00	0.024	19	23	129	267	38	140	218	118	0.401	0.472
LOKIASV2_1570_ESMFold_triose-phosphate_isomerase	af_Q58786_71_297_3.40.640.10	af_Q58786_71_297_3.40.640.10	1.855E+00	0.024	19	127	264	267	61	206	227	173	0.517	0.643
LOKIASV2_1570_ESMFold_triose-phosphate_isomerase	af_O50434_40_267_3.40.640.10	af_O50434_40_267_3.40.640.10	3.760E+00	0.024	19	20	129	267	54	146	228	119	0.412	0.408
LOKIASV2_1570_ESMFold_triose-phosphate_isomerase	af_Q12386_259_487_3.30.420.40	af_Q12386_259_487_3.30.420.40	4.486E+00	0.024	19	173	244	267	148	223	229	81	0.270	0.332
LOKIASV2_1570_ESMFold_triose-phosphate_isomerase	af_Q12004_19_253_3.40.50.410	af_Q12004_19_253_3.40.50.410	1.303E+00	0.024	19	2	265	267	5	234	235	298	0.989	0.979
LOKIASV2_1570_ESMFold_triose-phosphate_isomerase	af_Q4E2N6_115_360_3.40.640.10	af_Q4E2N6_115_360_3.40.640.10	5.047E+00	0.024	19	114	266	267	70	226	246	185	0.573	0.638
LOKIASV2_1570_ESMFold_triose-phosphate_isomerase	af_Q4D516_150_398_3.40.50.300	af_Q4D516_150_398_3.40.50.300	2.214E+00	0.024	19	1	266	267	1	243	249	315	0.996	0.976
LOKIASV2_1570_ESMFold_triose-phosphate_isomerase	af_Q59S74_71_325_3.40.50.150	af_Q59S74_71_325_3.40.50.150	3.343E+00	0.024	19	129	212	267	14	96	255	93	0.315	0.325
LOKIASV2_1570_ESMFold_triose-phosphate_isomerase	af_K7U2L5_3_258_3.30.40.10	af_K7U2L5_3_258_3.30.40.10	1.855E+00	0.024	19	2	129	267	1	140	256	166	0.479	0.547
LOKIASV2_1570_ESMFold_triose-phosphate_isomerase	af_D3ZJ23_22_294_3.90.550.10	af_D3ZJ23_22_294_3.90.550.10	5.353E+00	0.024	19	1	128	267	45	168	273	143	0.479	0.454
LOKIASV2_1570_ESMFold_triose-phosphate_isomerase	af_G3XA12_52_326_3.90.550.10	af_G3XA12_52_326_3.90.550.10	3.760E+00	0.024	19	1	129	267	47	168	275	146	0.483	0.444
LOKIASV2_1570_ESMFold_triose-phosphate_isomerase	af_B2GV39_98_387_3.90.550.10	af_B2GV39_98_387_3.90.550.10	2.641E+00	0.024	19	1	129	267	43	169	290	150	0.483	0.438
LOKIASV2_1570_ESMFold_triose-phosphate_isomerase	af_Q9FGT9_354_655_3.20.20.190	af_Q9FGT9_354_655_3.20.20.190	1.968E+00	0.024	19	112	265	267	120	301	302	208	0.577	0.603
LOKIASV2_1570_ESMFold_triose-phosphate_isomerase	af_Q9C5N8_28_334_3.40.50.1110	af_Q9C5N8_28_334_3.40.50.1110	7.234E-01	0.024	19	2	266	267	3	213	307	291	0.993	0.687
LOKIASV2_1570_ESMFold_triose-phosphate_isomerase	af_Q58899_3_336_3.40.50.2000	af_Q58899_3_336_3.40.50.2000	4.486E+00	0.024	19	4	167	267	199	320	334	171	0.614	0.365
LOKIASV2_1570_ESMFold_triose-phosphate_isomerase	af_A0A1D6Q6S5_27_393_3.40.50.1110	af_A0A1D6Q6S5_27_393_3.40.50.1110	9.709E-01	0.024	19	2	263	267	9	272	367	320	0.981	0.719
LOKIASV2_1570_ESMFold_triose-phosphate_isomerase	af_A0A1D8PFV8_33_409_3.20.20.80	af_A0A1D8PFV8_33_409_3.20.20.80	1.968E+00	0.024	19	15	244	267	65	337	377	312	0.861	0.724
LOKIASV2_1570_ESMFold_triose-phosphate_isomerase	af_P9WPZ5_1_390_3.40.50.720	af_P9WPZ5_1_390_3.40.50.720	2.971E+00	0.024	19	16	129	267	91	198	390	130	0.427	0.277
LOKIASV2_1570_ESMFold_triose-phosphate_isomerase	af_P28903_121_687_3.20.70.20	af_P28903_121_687_3.20.70.20	1.229E+00	0.024	19	47	237	267	148	437	567	300	0.715	0.511
LOKIASV2_1570_ESMFold_triose-phosphate_isomerase	4hktB01	4hktB01	3.988E+00	0.020	18	4	129	267	2	91	117	127	0.472	0.769
LOKIASV2_1570_ESMFold_triose-phosphate_isomerase	1pzxA01	1pzxA01	5.678E+00	0.020	18	166	264	267	4	105	120	119	0.371	0.850
LOKIASV2_1570_ESMFold_triose-phosphate_isomerase	af_A0A1D8PP13_367_492_3.80.10.10	af_A0A1D8PP13_367_492_3.80.10.10	3.988E+00	0.020	18	156	262	267	9	123	126	133	0.401	0.913
LOKIASV2_1570_ESMFold_triose-phosphate_isomerase	af_O65506_437_573_3.40.50.10140	af_O65506_437_573_3.40.50.10140	3.343E+00	0.020	18	93	264	267	3	136	137	189	0.644	0.978
LOKIASV2_1570_ESMFold_triose-phosphate_isomerase	1jlkA00	1jlkA00	6.774E+00	0.020	18	93	264	267	6	129	141	173	0.644	0.879
LOKIASV2_1570_ESMFold_triose-phosphate_isomerase	2h1fB01	2h1fB01	6.774E+00	0.020	18	5	129	267	2	102	153	138	0.468	0.660
LOKIASV2_1570_ESMFold_triose-phosphate_isomerase	af_Q9SCZ3_3_157_3.40.50.10140	af_Q9SCZ3_3_157_3.40.50.10140	4.230E+00	0.020	18	92	261	267	4	152	155	194	0.637	0.961
LOKIASV2_1570_ESMFold_triose-phosphate_isomerase	af_B4FBV7_62_217_3.40.50.960	af_B4FBV7_62_217_3.40.50.960	2.801E+00	0.020	18	4	124	267	14	110	156	128	0.453	0.622
LOKIASV2_1570_ESMFold_triose-phosphate_isomerase	af_Q9FKE3_10_173_3.40.50.10140	af_Q9FKE3_10_173_3.40.50.10140	1.229E+00	0.020	18	2	267	267	5	162	164	277	0.996	0.963
LOKIASV2_1570_ESMFold_triose-phosphate_isomerase	2x0dB02	2x0dB02	1.968E+00	0.020	18	1	129	267	17	120	164	142	0.483	0.634
LOKIASV2_1570_ESMFold_triose-phosphate_isomerase	af_I1JJ81_185_353_3.40.50.10140	af_I1JJ81_185_353_3.40.50.10140	2.971E+00	0.020	18	3	221	267	2	146	169	226	0.820	0.858
LOKIASV2_1570_ESMFold_triose-phosphate_isomerase	af_F4JU08_4_175_3.40.50.10140	af_F4JU08_4_175_3.40.50.10140	1.555E+00	0.020	18	1	266	267	1	167	172	280	0.996	0.971
LOKIASV2_1570_ESMFold_triose-phosphate_isomerase	af_A0A1D6PF29_100_278_3.40.50.300	af_A0A1D6PF29_100_278_3.40.50.300	2.490E+00	0.020	18	127	245	267	45	165	179	137	0.446	0.676
LOKIASV2_1570_ESMFold_triose-phosphate_isomerase	af_A0A140LGH1_204_387_3.40.50.300	af_A0A140LGH1_204_387_3.40.50.300	3.760E+00	0.020	18	114	267	267	60	184	184	167	0.577	0.679
LOKIASV2_1570_ESMFold_triose-phosphate_isomerase	af_Q5AI14_322_507_3.40.50.2000	af_Q5AI14_322_507_3.40.50.2000	1.749E+00	0.020	18	2	164	267	10	178	186	196	0.610	0.909
LOKIASV2_1570_ESMFold_triose-phosphate_isomerase	af_A0A1D6NEB8_5_191_3.20.20.60	af_A0A1D6NEB8_5_191_3.20.20.60	7.185E+00	0.020	18	6	128	267	2	132	187	160	0.461	0.701
LOKIASV2_1570_ESMFold_triose-phosphate_isomerase	af_Q4E002_14_200_3.40.50.300	af_Q4E002_14_200_3.40.50.300	3.343E+00	0.020	18	165	266	267	89	177	187	115	0.382	0.476
LOKIASV2_1570_ESMFold_triose-phosphate_isomerase	af_Q04949_14_206_1.20.1250.20	af_Q04949_14_206_1.20.1250.20	3.151E+00	0.020	18	5	177	267	15	177	193	198	0.648	0.845
LOKIASV2_1570_ESMFold_triose-phosphate_isomerase	4es4G00	4es4G00	3.343E+00	0.020	18	93	245	267	13	186	199	193	0.573	0.874
LOKIASV2_1570_ESMFold_triose-phosphate_isomerase	af_Q8K349_103_303_3.40.50.300	af_Q8K349_103_303_3.40.50.300	1.749E+00	0.020	18	127	265	267	85	183	201	149	0.521	0.493
LOKIASV2_1570_ESMFold_triose-phosphate_isomerase	af_A0A0P0Y3J9_82_289_3.40.640.10	af_A0A0P0Y3J9_82_289_3.40.640.10	3.988E+00	0.020	18	1	90	267	64	177	208	119	0.337	0.548
LOKIASV2_1570_ESMFold_triose-phosphate_isomerase	af_Q658D6_1_208_3.40.50.410	af_Q658D6_1_208_3.40.50.410	4.759E+00	0.020	18	4	171	267	3	190	208	215	0.629	0.904
LOKIASV2_1570_ESMFold_triose-phosphate_isomerase	5if3B00	5if3B00	1.968E+00	0.020	18	2	186	267	1	206	209	239	0.693	0.986
LOKIASV2_1570_ESMFold_triose-phosphate_isomerase	af_X1WDF8_10_230_3.40.50.300	af_X1WDF8_10_230_3.40.50.300	2.490E+00	0.020	18	5	266	267	5	180	221	274	0.981	0.796
LOKIASV2_1570_ESMFold_triose-phosphate_isomerase	4fypB00	4fypB00	2.490E+00	0.020	18	114	245	267	116	210	221	139	0.494	0.430
LOKIASV2_1570_ESMFold_triose-phosphate_isomerase	af_Q9HDW1_278_502_3.30.870.10	af_Q9HDW1_278_502_3.30.870.10	4.486E+00	0.020	18	159	221	267	71	129	225	67	0.236	0.262
LOKIASV2_1570_ESMFold_triose-phosphate_isomerase	af_Q9W591_1_240_3.90.226.10	af_Q9W591_1_240_3.90.226.10	4.259E-01	0.020	18	42	266	267	25	224	240	276	0.843	0.833
LOKIASV2_1570_ESMFold_triose-phosphate_isomerase	af_K7MEL0_1_254_3.40.50.1110	af_K7MEL0_1_254_3.40.50.1110	4.230E+00	0.020	18	143	229	267	50	140	254	98	0.326	0.358
LOKIASV2_1570_ESMFold_triose-phosphate_isomerase	4qkqA00	4qkqA00	7.672E-01	0.020	18	2	221	267	40	198	257	236	0.824	0.619
LOKIASV2_1570_ESMFold_triose-phosphate_isomerase	3n5mD02	3n5mD02	4.230E+00	0.020	18	17	130	267	49	180	263	139	0.427	0.502
LOKIASV2_1570_ESMFold_triose-phosphate_isomerase	af_I1L2Y7_4_269_3.40.50.2000	af_I1L2Y7_4_269_3.40.50.2000	2.490E+00	0.020	18	93	263	267	5	212	266	229	0.640	0.782
LOKIASV2_1570_ESMFold_triose-phosphate_isomerase	af_A0A0B4LFG2_13_330_3.80.10.10	af_A0A0B4LFG2_13_330_3.80.10.10	8.631E-01	0.020	18	11	262	267	1	240	318	307	0.944	0.755
LOKIASV2_1570_ESMFold_triose-phosphate_isomerase	af_P56523_54_422_3.40.800.20	af_P56523_54_422_3.40.800.20	2.087E+00	0.020	18	4	266	267	2	332	369	376	0.985	0.897
LOKIASV2_1570_ESMFold_triose-phosphate_isomerase	af_A0A1D6QMY8_446_825_3.40.50.12370	af_A0A1D6QMY8_446_825_3.40.50.12370	9.154E-01	0.020	18	14	235	267	107	312	380	259	0.831	0.542
LOKIASV2_1570_ESMFold_triose-phosphate_isomerase	af_Q5QLT6_55_454_3.50.50.100	af_Q5QLT6_55_454_3.50.50.100	3.151E+00	0.020	18	2	245	267	6	249	400	311	0.914	0.610
LOKIASV2_1570_ESMFold_triose-phosphate_isomerase	1qbbA03	1qbbA03	2.087E+00	0.020	18	2	227	267	1	307	484	344	0.846	0.634
LOKIASV2_1570_ESMFold_triose-phosphate_isomerase	af_A4HRU3_53_179_3.30.420.40	af_A4HRU3_53_179_3.30.420.40	9.644E+00	0.016	17	174	246	267	42	127	127	89	0.273	0.677
LOKIASV2_1570_ESMFold_triose-phosphate_isomerase	af_Q58408_2_139_3.40.1380.20	af_Q58408_2_139_3.40.1380.20	5.353E+00	0.016	17	108	221	267	1	118	138	132	0.427	0.855
LOKIASV2_1570_ESMFold_triose-phosphate_isomerase	2eihB02	2eihB02	3.343E+00	0.016	17	2	134	267	19	120	143	140	0.498	0.713
LOKIASV2_1570_ESMFold_triose-phosphate_isomerase	af_O14002_2159_2304_3.40.50.2300	af_O14002_2159_2304_3.40.50.2300	9.093E+00	0.016	17	99	244	267	12	129	146	155	0.547	0.808
LOKIASV2_1570_ESMFold_triose-phosphate_isomerase	af_P34209_28_181_3.40.50.620	af_P34209_28_181_3.40.50.620	1.030E+00	0.016	17	1	158	267	9	144	154	177	0.592	0.883
LOKIASV2_1570_ESMFold_triose-phosphate_isomerase	af_Q9SSP1_3_158_3.40.50.10140	af_Q9SSP1_3_158_3.40.50.10140	3.151E+00	0.016	17	3	128	267	4	134	156	150	0.472	0.840
LOKIASV2_1570_ESMFold_triose-phosphate_isomerase	af_K7KD03_28_185_3.40.50.10140	af_K7KD03_28_185_3.40.50.10140	2.971E+00	0.016	17	40	167	267	5	154	158	161	0.479	0.949
LOKIASV2_1570_ESMFold_triose-phosphate_isomerase	af_F4IUF0_1_170_3.40.50.10140	af_F4IUF0_1_170_3.40.50.10140	3.343E+00	0.016	17	92	266	267	10	166	170	206	0.655	0.924
LOKIASV2_1570_ESMFold_triose-phosphate_isomerase	af_K7M4Z6_13_182_3.40.50.10140	af_K7M4Z6_13_182_3.40.50.10140	7.672E-01	0.016	17	3	267	267	6	170	170	285	0.993	0.971
LOKIASV2_1570_ESMFold_triose-phosphate_isomerase	af_F4KD45_12_182_3.40.50.10140	af_F4KD45_12_182_3.40.50.10140	1.555E+00	0.016	17	2	266	267	6	169	171	275	0.993	0.959
LOKIASV2_1570_ESMFold_triose-phosphate_isomerase	af_P25519_197_367_3.40.50.300	af_P25519_197_367_3.40.50.300	3.343E+00	0.016	17	108	213	267	64	169	171	125	0.397	0.620
LOKIASV2_1570_ESMFold_triose-phosphate_isomerase	af_Q10M94_152_326_3.40.50.720	af_Q10M94_152_326_3.40.50.720	4.759E+00	0.016	17	5	165	267	5	173	175	202	0.603	0.966
LOKIASV2_1570_ESMFold_triose-phosphate_isomerase	af_P46118_92_277_3.40.50.10490	af_P46118_92_277_3.40.50.10490	5.353E+00	0.016	17	5	90	267	39	128	186	110	0.322	0.484
LOKIASV2_1570_ESMFold_triose-phosphate_isomerase	af_Q9SUS7_222_407_3.40.50.10140	af_Q9SUS7_222_407_3.40.50.10140	2.214E+00	0.016	17	2	221	267	1	159	186	229	0.824	0.855
LOKIASV2_1570_ESMFold_triose-phosphate_isomerase	af_K7LW76_7_194_3.40.50.2000	af_K7LW76_7_194_3.40.50.2000	4.759E+00	0.016	17	4	128	267	2	129	188	150	0.468	0.681
LOKIASV2_1570_ESMFold_triose-phosphate_isomerase	af_Q9LZA4_408_600_3.40.50.150	af_Q9LZA4_408_600_3.40.50.150	8.083E+00	0.016	17	19	107	267	21	123	193	112	0.333	0.534
LOKIASV2_1570_ESMFold_triose-phosphate_isomerase	af_D3Z973_1_203_3.90.1640.10	af_D3Z973_1_203_3.90.1640.10	1.555E+00	0.016	17	3	213	267	7	178	203	241	0.790	0.847
LOKIASV2_1570_ESMFold_triose-phosphate_isomerase	af_Q5AGX6_129_332_3.30.420.10	af_Q5AGX6_129_332_3.30.420.10	4.759E+00	0.016	17	196	264	267	123	188	204	70	0.258	0.324
LOKIASV2_1570_ESMFold_triose-phosphate_isomerase	af_Q9C8U5_24_227_3.40.50.300	af_Q9C8U5_24_227_3.40.50.300	3.343E+00	0.016	17	108	266	267	62	180	204	170	0.596	0.583
LOKIASV2_1570_ESMFold_triose-phosphate_isomerase	af_P9WJH9_71_290_3.20.20.140	af_P9WJH9_71_290_3.20.20.140	8.573E+00	0.016	17	2	221	267	1	218	220	286	0.824	0.991
LOKIASV2_1570_ESMFold_triose-phosphate_isomerase	af_A0A2R8QU83_45_267_3.40.50.300	af_A0A2R8QU83_45_267_3.40.50.300	3.545E+00	0.016	17	113	266	267	72	183	223	159	0.577	0.502
LOKIASV2_1570_ESMFold_triose-phosphate_isomerase	2p0yA00	2p0yA00	3.343E+00	0.016	17	1	213	267	1	219	233	273	0.798	0.940
LOKIASV2_1570_ESMFold_triose-phosphate_isomerase	3jtxA02	3jtxA02	4.230E+00	0.016	17	109	224	267	58	163	242	134	0.434	0.438
LOKIASV2_1570_ESMFold_triose-phosphate_isomerase	af_Q95ZM2_1_254_3.60.15.10	af_Q95ZM2_1_254_3.60.15.10	6.022E+00	0.016	17	81	157	267	80	143	254	78	0.288	0.252
LOKIASV2_1570_ESMFold_triose-phosphate_isomerase	af_A0A2R8QK87_863_1117_3.40.50.300	af_A0A2R8QK87_863_1117_3.40.50.300	6.774E+00	0.016	17	102	221	267	98	221	255	149	0.449	0.486
LOKIASV2_1570_ESMFold_triose-phosphate_isomerase	af_Q08558_2_259_3.90.226.10	af_Q08558_2_259_3.90.226.10	8.138E-01	0.016	17	12	267	267	23	209	258	275	0.959	0.725
LOKIASV2_1570_ESMFold_triose-phosphate_isomerase	af_Q10DY0_3_261_3.40.50.300	af_Q10DY0_3_261_3.40.50.300	3.760E+00	0.016	17	5	266	267	5	243	259	310	0.981	0.923
LOKIASV2_1570_ESMFold_triose-phosphate_isomerase	af_Q46807_1_310_3.40.1160.10	af_Q46807_1_310_3.40.1160.10	3.545E+00	0.016	17	1	131	267	1	114	310	140	0.491	0.368
LOKIASV2_1570_ESMFold_triose-phosphate_isomerase	af_A0A1D6MCY5_300_622_3.90.550.10	af_A0A1D6MCY5_300_622_3.90.550.10	6.774E+00	0.016	17	3	129	267	117	253	323	159	0.476	0.424
LOKIASV2_1570_ESMFold_triose-phosphate_isomerase	af_Q0WUV7_16_341_3.40.50.1110	af_Q0WUV7_16_341_3.40.50.1110	6.820E-01	0.016	17	21	263	267	60	235	326	261	0.910	0.540
LOKIASV2_1570_ESMFold_triose-phosphate_isomerase	af_K7V3U2_23_349_3.40.50.1110	af_K7V3U2_23_349_3.40.50.1110	3.151E+00	0.016	17	2	231	267	10	204	327	253	0.861	0.596
LOKIASV2_1570_ESMFold_triose-phosphate_isomerase	af_Q8LCU7_44_375_3.90.180.10	af_Q8LCU7_44_375_3.90.180.10	1.968E+00	0.016	17	93	266	267	146	288	332	192	0.652	0.431
LOKIASV2_1570_ESMFold_triose-phosphate_isomerase	af_A0A1D6P1Q4_62_405_3.40.50.1110	af_A0A1D6P1Q4_62_405_3.40.50.1110	1.030E+00	0.016	17	2	266	267	10	257	344	306	0.993	0.721
LOKIASV2_1570_ESMFold_triose-phosphate_isomerase	af_Q54M37_20_441_3.80.10.10	af_Q54M37_20_441_3.80.10.10	2.971E+00	0.016	17	47	265	267	42	347	422	334	0.820	0.725
LOKIASV2_1570_ESMFold_triose-phosphate_isomerase	af_Q9VFS1_26_498_3.20.20.140	af_Q9VFS1_26_498_3.20.20.140	5.678E+00	0.016	17	20	266	267	192	445	473	311	0.925	0.537
LOKIASV2_1570_ESMFold_triose-phosphate_isomerase	af_A4IBB8_1_107_3.40.50.20	af_A4IBB8_1_107_3.40.50.20	3.151E+00	0.014	16	41	124	267	7	98	107	103	0.315	0.860
LOKIASV2_1570_ESMFold_triose-phosphate_isomerase	4airB02	4airB02	6.774E+00	0.014	16	11	167	267	1	105	121	161	0.588	0.868
LOKIASV2_1570_ESMFold_triose-phosphate_isomerase	af_A0A0R0KP92_1_138_3.40.50.10140	af_A0A0R0KP92_1_138_3.40.50.10140	7.621E+00	0.014	16	72	164	267	11	104	138	99	0.348	0.681
LOKIASV2_1570_ESMFold_triose-phosphate_isomerase	af_P9WFD3_1_146_3.40.50.620	af_P9WFD3_1_146_3.40.50.620	4.486E+00	0.014	16	93	221	267	11	135	146	155	0.483	0.856
LOKIASV2_1570_ESMFold_triose-phosphate_isomerase	af_F4I871_17_168_3.40.50.10140	af_F4I871_17_168_3.40.50.10140	2.214E+00	0.014	16	159	267	267	51	140	152	124	0.408	0.592
LOKIASV2_1570_ESMFold_triose-phosphate_isomerase	1yx1B01	1yx1B01	9.093E+00	0.014	16	45	170	267	16	127	161	135	0.472	0.696
LOKIASV2_1570_ESMFold_triose-phosphate_isomerase	af_A0A0R0G9U0_73_234_3.40.50.10140	af_A0A0R0G9U0_73_234_3.40.50.10140	3.988E+00	0.014	16	159	266	267	51	159	162	140	0.404	0.673
LOKIASV2_1570_ESMFold_triose-phosphate_isomerase	af_Q5A599_874_1036_3.40.50.2300	af_Q5A599_874_1036_3.40.50.2300	6.022E+00	0.014	16	108	267	267	7	131	163	169	0.599	0.767
LOKIASV2_1570_ESMFold_triose-phosphate_isomerase	4lk5B01	4lk5B01	6.022E+00	0.014	16	83	170	267	38	110	166	100	0.330	0.440
LOKIASV2_1570_ESMFold_triose-phosphate_isomerase	1zzgB02	1zzgB02	3.760E+00	0.014	16	18	261	267	16	166	169	256	0.914	0.893
LOKIASV2_1570_ESMFold_triose-phosphate_isomerase	af_P77187_342_512_3.40.50.261	af_P77187_342_512_3.40.50.261	7.621E+00	0.014	16	166	265	267	86	168	171	107	0.375	0.485
LOKIASV2_1570_ESMFold_triose-phosphate_isomerase	3p5mE01	3p5mE01	1.382E+00	0.014	16	16	171	267	27	114	173	159	0.584	0.509
LOKIASV2_1570_ESMFold_triose-phosphate_isomerase	4s1pA00	4s1pA00	2.087E+00	0.014	16	5	126	267	4	135	174	155	0.457	0.759
LOKIASV2_1570_ESMFold_triose-phosphate_isomerase	af_A0A0R0JXY0_17_196_3.40.50.10140	af_A0A0R0JXY0_17_196_3.40.50.10140	5.047E+00	0.014	16	92	266	267	7	175	180	218	0.655	0.939
LOKIASV2_1570_ESMFold_triose-phosphate_isomerase	af_O88879_102_284_3.40.50.300	af_O88879_102_284_3.40.50.300	1.855E+00	0.014	16	48	245	267	33	163	183	201	0.742	0.716
LOKIASV2_1570_ESMFold_triose-phosphate_isomerase	af_Q59002_1_190_3.40.50.2000	af_Q59002_1_190_3.40.50.2000	7.621E+00	0.014	16	5	229	267	2	185	190	269	0.843	0.968
LOKIASV2_1570_ESMFold_triose-phosphate_isomerase	af_Q9FJ57_499_701_3.40.50.300	af_Q9FJ57_499_701_3.40.50.300	8.083E+00	0.014	16	165	266	267	88	199	203	124	0.382	0.552
LOKIASV2_1570_ESMFold_triose-phosphate_isomerase	af_O53816_250_463_3.40.309.10	af_O53816_250_463_3.40.309.10	6.022E+00	0.014	16	1	107	267	1	91	214	117	0.401	0.425
LOKIASV2_1570_ESMFold_triose-phosphate_isomerase	af_E7FA02_35_253_3.40.50.300	af_E7FA02_35_253_3.40.50.300	4.759E+00	0.014	16	114	267	267	72	187	219	162	0.577	0.530
LOKIASV2_1570_ESMFold_triose-phosphate_isomerase	af_A8WFZ9_18_237_3.40.50.300	af_A8WFZ9_18_237_3.40.50.300	5.047E+00	0.014	16	113	266	267	69	180	220	163	0.577	0.509
LOKIASV2_1570_ESMFold_triose-phosphate_isomerase	af_Q4DC85_142_361_3.40.50.620	af_Q4DC85_142_361_3.40.50.620	8.573E+00	0.014	16	18	135	267	14	128	220	129	0.442	0.523
LOKIASV2_1570_ESMFold_triose-phosphate_isomerase	af_Q9USP0_120_341_3.40.50.10470	af_Q9USP0_120_341_3.40.50.10470	5.047E+00	0.014	16	112	222	267	29	124	222	120	0.416	0.432
LOKIASV2_1570_ESMFold_triose-phosphate_isomerase	3ff1B01	3ff1B01	4.230E+00	0.014	16	3	127	267	74	188	222	133	0.468	0.518
LOKIASV2_1570_ESMFold_triose-phosphate_isomerase	3nraB02	3nraB02	7.185E+00	0.014	16	41	129	267	59	146	224	100	0.333	0.393
LOKIASV2_1570_ESMFold_triose-phosphate_isomerase	af_Q4DEY7_99_338_3.40.50.150	af_Q4DEY7_99_338_3.40.50.150	3.343E+00	0.014	16	3	128	267	47	179	240	157	0.472	0.554
LOKIASV2_1570_ESMFold_triose-phosphate_isomerase	af_P04694_91_334_3.40.640.10	af_P04694_91_334_3.40.640.10	8.573E+00	0.014	16	113	222	267	80	157	244	113	0.412	0.320
LOKIASV2_1570_ESMFold_triose-phosphate_isomerase	af_Q4DWT3_307_553_3.40.50.410	af_Q4DWT3_307_553_3.40.50.410	3.545E+00	0.014	16	2	267	267	1	247	247	323	0.996	1.000
LOKIASV2_1570_ESMFold_triose-phosphate_isomerase	af_Q6VMN7_78_336_3.40.640.10	af_Q6VMN7_78_336_3.40.640.10	3.760E+00	0.014	16	166	264	267	133	243	259	137	0.371	0.429
LOKIASV2_1570_ESMFold_triose-phosphate_isomerase	af_A0A1D8PRL4_649_910_3.40.50.300	af_A0A1D8PRL4_649_910_3.40.50.300	6.387E+00	0.014	16	82	266	267	93	245	262	204	0.693	0.584
LOKIASV2_1570_ESMFold_triose-phosphate_isomerase	af_A0A1D8PCJ9_329_593_3.30.420.40	af_A0A1D8PCJ9_329_593_3.30.420.40	8.573E+00	0.014	16	174	247	267	181	261	265	82	0.277	0.306
LOKIASV2_1570_ESMFold_triose-phosphate_isomerase	af_A0A1D6FRI3_3_284_3.40.525.10	af_A0A1D6FRI3_3_284_3.40.525.10	5.678E+00	0.014	16	74	169	267	132	235	282	118	0.360	0.369
LOKIASV2_1570_ESMFold_triose-phosphate_isomerase	af_Q7G307_33_338_3.40.50.1110	af_Q7G307_33_338_3.40.50.1110	1.229E+00	0.014	16	3	266	267	13	253	306	326	0.989	0.788
LOKIASV2_1570_ESMFold_triose-phosphate_isomerase	af_Q7XMQ2_33_350_3.40.50.1110	af_Q7XMQ2_33_350_3.40.50.1110	3.545E+00	0.014	16	147	266	267	115	226	318	126	0.449	0.352
LOKIASV2_1570_ESMFold_triose-phosphate_isomerase	af_A4HW45_78_437_3.40.50.300	af_A4HW45_78_437_3.40.50.300	1.749E+00	0.014	16	3	267	267	41	336	360	352	0.993	0.822
LOKIASV2_1570_ESMFold_triose-phosphate_isomerase	af_Q20296_427_796_3.40.800.20	af_Q20296_427_796_3.40.800.20	2.087E+00	0.014	16	5	266	267	2	319	370	365	0.981	0.859
LOKIASV2_1570_ESMFold_triose-phosphate_isomerase	af_I1MCK2_8_390_3.40.640.10	af_I1MCK2_8_390_3.40.640.10	7.185E+00	0.014	16	17	129	267	91	197	383	129	0.423	0.279
LOKIASV2_1570_ESMFold_triose-phosphate_isomerase	af_Q6P5U7_1_390_3.40.50.450	af_Q6P5U7_1_390_3.40.50.450	1.466E+00	0.014	16	5	221	267	40	321	390	319	0.813	0.723
LOKIASV2_1570_ESMFold_triose-phosphate_isomerase	af_P96843_2_408_3.40.50.12780	af_P96843_2_408_3.40.50.12780	3.343E+00	0.014	16	2	159	267	21	168	407	172	0.592	0.364
LOKIASV2_1570_ESMFold_triose-phosphate_isomerase	af_Q19878_97_541_3.40.50.12780	af_Q19878_97_541_3.40.50.12780	2.971E+00	0.014	16	3	262	267	28	316	445	355	0.974	0.649
LOKIASV2_1570_ESMFold_triose-phosphate_isomerase	af_A0A0R0JI83_21_139_3.40.50.300	af_A0A0R0JI83_21_139_3.40.50.300	3.988E+00	0.011	15	127	214	267	12	109	119	102	0.330	0.824
LOKIASV2_1570_ESMFold_triose-phosphate_isomerase	af_Q8IL89_36_165_3.40.50.720	af_Q8IL89_36_165_3.40.50.720	5.678E+00	0.011	15	2	127	267	8	127	130	156	0.472	0.923
LOKIASV2_1570_ESMFold_triose-phosphate_isomerase	af_A0A0R0E307_43_209_3.40.50.10140	af_A0A0R0E307_43_209_3.40.50.10140	3.151E+00	0.011	15	1	128	267	1	148	167	171	0.479	0.886
LOKIASV2_1570_ESMFold_triose-phosphate_isomerase	af_A0A0R0GYE0_51_217_3.40.50.1820	af_A0A0R0GYE0_51_217_3.40.50.1820	7.621E+00	0.011	15	193	265	267	84	157	167	80	0.273	0.443
LOKIASV2_1570_ESMFold_triose-phosphate_isomerase	af_I1MM77_25_200_3.40.50.10140	af_I1MM77_25_200_3.40.50.10140	4.230E+00	0.011	15	1	266	267	1	170	176	279	0.996	0.966
LOKIASV2_1570_ESMFold_triose-phosphate_isomerase	af_O88767_1_189_3.40.50.880	af_O88767_1_189_3.40.50.880	5.678E+00	0.011	15	1	214	267	2	178	189	235	0.801	0.937
LOKIASV2_1570_ESMFold_triose-phosphate_isomerase	af_Q4CX00_18_207_3.30.420.10	af_Q4CX00_18_207_3.30.420.10	8.083E+00	0.011	15	194	266	267	113	179	190	77	0.273	0.353
LOKIASV2_1570_ESMFold_triose-phosphate_isomerase	af_A0A0P0XSQ4_7_200_3.40.50.300	af_A0A0P0XSQ4_7_200_3.40.50.300	4.759E+00	0.011	15	3	128	267	5	127	194	146	0.472	0.634
LOKIASV2_1570_ESMFold_triose-phosphate_isomerase	af_Q9URZ7_9_204_3.40.50.300	af_Q9URZ7_9_204_3.40.50.300	2.971E+00	0.011	15	5	267	267	2	194	196	292	0.985	0.985
LOKIASV2_1570_ESMFold_triose-phosphate_isomerase	3ih5A00	3ih5A00	3.760E+00	0.011	15	1	155	267	1	112	202	159	0.581	0.554
LOKIASV2_1570_ESMFold_triose-phosphate_isomerase	6dvsA02	6dvsA02	6.022E+00	0.011	15	20	129	267	54	139	210	120	0.412	0.410
LOKIASV2_1570_ESMFold_triose-phosphate_isomerase	af_A0A0P0WAT9_121_333_3.40.50.300	af_A0A0P0WAT9_121_333_3.40.50.300	5.353E+00	0.011	15	108	266	267	71	194	213	172	0.596	0.582
LOKIASV2_1570_ESMFold_triose-phosphate_isomerase	af_P9WPC3_1_214_3.90.226.10	af_P9WPC3_1_214_3.90.226.10	4.486E+00	0.011	15	5	119	267	43	172	214	152	0.431	0.607
LOKIASV2_1570_ESMFold_triose-phosphate_isomerase	af_O48520_170_440_3.60.21.50	af_O48520_170_440_3.60.21.50	3.151E+00	0.011	15	1	225	267	9	219	271	264	0.843	0.779
LOKIASV2_1570_ESMFold_triose-phosphate_isomerase	3zzgB00	3zzgB00	4.759E+00	0.011	15	104	224	267	46	209	289	173	0.453	0.567
LOKIASV2_1570_ESMFold_triose-phosphate_isomerase	af_O01300_41_340_1.10.287.3240	af_O01300_41_340_1.10.287.3240	2.087E+00	0.011	15	2	237	267	12	224	300	290	0.884	0.710
LOKIASV2_1570_ESMFold_triose-phosphate_isomerase	af_Q7XA74_45_348_3.40.50.1110	af_Q7XA74_45_348_3.40.50.1110	4.759E+00	0.011	15	6	219	267	8	231	304	265	0.801	0.737
LOKIASV2_1570_ESMFold_triose-phosphate_isomerase	2hpgA00	2hpgA00	6.774E+00	0.011	15	2	71	267	4	70	308	77	0.262	0.218
LOKIASV2_1570_ESMFold_triose-phosphate_isomerase	3khkB02	3khkB02	7.185E+00	0.011	15	3	95	267	46	135	318	105	0.348	0.283
LOKIASV2_1570_ESMFold_triose-phosphate_isomerase	af_Q99J10_5_327_3.40.50.620	af_Q99J10_5_327_3.40.50.620	4.230E+00	0.011	15	92	231	267	48	173	323	158	0.524	0.390
LOKIASV2_1570_ESMFold_triose-phosphate_isomerase	af_Q60179_69_392_3.40.50.1100	af_Q60179_69_392_3.40.50.1100	2.971E+00	0.011	15	16	222	267	30	197	324	230	0.775	0.519
LOKIASV2_1570_ESMFold_triose-phosphate_isomerase	1u2xA01	1u2xA01	2.801E+00	0.011	15	1	221	267	1	213	327	285	0.828	0.651
LOKIASV2_1570_ESMFold_triose-phosphate_isomerase	af_A9C3S9_33_428_3.20.20.70	af_A9C3S9_33_428_3.20.20.70	2.348E+00	0.011	15	111	265	267	83	321	396	245	0.581	0.604
LOKIASV2_1570_ESMFold_triose-phosphate_isomerase	af_Q2G294_6_454_3.40.50.12780	af_Q2G294_6_454_3.40.50.12780	2.641E+00	0.011	15	4	239	267	57	290	449	297	0.884	0.521
LOKIASV2_1570_ESMFold_triose-phosphate_isomerase	af_P76217_1_470_3.30.420.40	af_P76217_1_470_3.30.420.40	3.343E+00	0.011	15	1	261	267	244	462	470	312	0.978	0.466
LOKIASV2_1570_ESMFold_triose-phosphate_isomerase	5jiwA00	5jiwA00	2.971E+00	0.011	15	48	252	267	194	459	499	294	0.768	0.533
LOKIASV2_1570_ESMFold_triose-phosphate_isomerase	3umvA01	3umvA01	6.387E+00	0.010	14	1	124	267	17	143	150	160	0.464	0.847
LOKIASV2_1570_ESMFold_triose-phosphate_isomerase	4k9lA02	4k9lA02	3.343E+00	0.010	14	4	95	267	23	116	159	115	0.345	0.591
LOKIASV2_1570_ESMFold_triose-phosphate_isomerase	af_A0A1D6JQI9_41_205_3.40.50.2000	af_A0A1D6JQI9_41_205_3.40.50.2000	6.387E+00	0.010	14	37	182	267	11	157	165	175	0.547	0.891
LOKIASV2_1570_ESMFold_triose-phosphate_isomerase	af_F4IF04_31_227_3.40.50.10140	af_F4IF04_31_227_3.40.50.10140	3.760E+00	0.010	14	1	233	267	5	157	197	241	0.873	0.777
LOKIASV2_1570_ESMFold_triose-phosphate_isomerase	af_Q4E245_51_257_3.40.50.300	af_Q4E245_51_257_3.40.50.300	9.093E+00	0.010	14	59	169	267	70	187	207	136	0.416	0.570
LOKIASV2_1570_ESMFold_triose-phosphate_isomerase	af_I1MZ54_84_294_3.40.50.1000	af_I1MZ54_84_294_3.40.50.1000	6.022E+00	0.010	14	17	244	267	35	205	211	243	0.854	0.810
LOKIASV2_1570_ESMFold_triose-phosphate_isomerase	af_A4ICW5_2_228_3.90.550.10	af_A4ICW5_2_228_3.90.550.10	9.093E+00	0.010	14	5	122	267	3	109	227	129	0.442	0.471
LOKIASV2_1570_ESMFold_triose-phosphate_isomerase	af_O74914_1_241_3.40.50.880	af_O74914_1_241_3.40.50.880	5.047E+00	0.010	14	2	263	267	3	240	241	313	0.981	0.988
LOKIASV2_1570_ESMFold_triose-phosphate_isomerase	af_Q8VYP2_56_300_3.40.640.10	af_Q8VYP2_56_300_3.40.640.10	8.573E+00	0.010	14	114	266	267	81	225	245	186	0.573	0.592
LOKIASV2_1570_ESMFold_triose-phosphate_isomerase	af_Q4CX40_69_330_3.40.525.10	af_Q4CX40_69_330_3.40.525.10	2.087E+00	0.010	14	67	266	267	68	259	262	248	0.749	0.733
LOKIASV2_1570_ESMFold_triose-phosphate_isomerase	2j5tC01	2j5tC01	6.774E+00	0.010	14	127	266	267	4	159	262	167	0.524	0.595
LOKIASV2_1570_ESMFold_triose-phosphate_isomerase	af_Q9VUH5_24_337_3.90.550.10	af_Q9VUH5_24_337_3.90.550.10	8.083E+00	0.010	14	2	129	267	62	186	314	146	0.479	0.398
LOKIASV2_1570_ESMFold_triose-phosphate_isomerase	1um9A00	1um9A00	2.971E+00	0.010	14	17	266	267	36	272	331	305	0.936	0.716
LOKIASV2_1570_ESMFold_triose-phosphate_isomerase	af_K7LNI1_68_407_3.40.50.1820	af_K7LNI1_68_407_3.40.50.1820	3.343E+00	0.010	14	12	133	267	182	282	340	130	0.457	0.297
LOKIASV2_1570_ESMFold_triose-phosphate_isomerase	5burB00	5burB00	6.774E+00	0.010	14	3	128	267	16	121	365	133	0.472	0.290
LOKIASV2_1570_ESMFold_triose-phosphate_isomerase	af_P45895_285_804_3.90.550.10	af_P45895_285_804_3.90.550.10	4.230E+00	0.010	14	3	262	267	228	503	520	337	0.974	0.531
LOKIASV2_1570_ESMFold_triose-phosphate_isomerase	af_I1LDU7_37_194_3.40.50.720	af_I1LDU7_37_194_3.40.50.720	8.573E+00	0.009	13	40	190	267	3	158	158	179	0.566	0.987
LOKIASV2_1570_ESMFold_triose-phosphate_isomerase	af_O48573_8_175_3.40.50.10140	af_O48573_8_175_3.40.50.10140	2.348E+00	0.009	13	1	266	267	1	166	168	285	0.996	0.988
LOKIASV2_1570_ESMFold_triose-phosphate_isomerase	af_K7K6E2_8_179_3.40.50.10140	af_K7K6E2_8_179_3.40.50.10140	8.573E+00	0.009	13	159	264	267	54	171	172	142	0.397	0.686
LOKIASV2_1570_ESMFold_triose-phosphate_isomerase	af_C0PHZ9_79_286_3.90.550.50	af_C0PHZ9_79_286_3.90.550.50	3.988E+00	0.009	13	92	201	267	12	101	208	117	0.412	0.433
LOKIASV2_1570_ESMFold_triose-phosphate_isomerase	af_A0A1D6JTD6_2_230_3.40.525.10	af_A0A1D6JTD6_2_230_3.40.525.10	8.573E+00	0.009	13	88	246	267	93	221	229	168	0.596	0.563
LOKIASV2_1570_ESMFold_triose-phosphate_isomerase	af_I1JXP1_18_357_3.40.50.1110	af_I1JXP1_18_357_3.40.50.1110	6.774E+00	0.009	13	147	267	267	123	239	340	140	0.453	0.344
LOKIASV2_1570_ESMFold_triose-phosphate_isomerase	af_Q94C90_30_380_3.40.50.12710	af_Q94C90_30_380_3.40.50.12710	6.774E+00	0.009	13	112	247	267	15	168	351	166	0.509	0.439
LOKIASV2_1570_ESMFold_triose-phosphate_isomerase	af_K7KCY7_148_518_3.40.50.150	af_K7KCY7_148_518_3.40.50.150	1.555E+00	0.009	13	2	170	267	99	200	371	170	0.633	0.275
LOKIASV2_1570_ESMFold_triose-phosphate_isomerase	af_B9FCJ4_18_159_1.25.40.10	af_B9FCJ4_18_159_1.25.40.10	6.774E+00	0.008	12	45	218	267	19	123	142	177	0.652	0.739
LOKIASV2_1570_ESMFold_triose-phosphate_isomerase	5tecB00	5tecB00	8.573E+00	0.008	12	157	266	267	32	144	148	138	0.412	0.764
LOKIASV2_1570_ESMFold_triose-phosphate_isomerase	af_Q9M0Q0_9_180_3.40.50.10140	af_Q9M0Q0_9_180_3.40.50.10140	6.022E+00	0.008	12	1	164	267	1	127	172	171	0.614	0.738
LOKIASV2_1570_ESMFold_triose-phosphate_isomerase	af_P38071_155_337_3.40.50.720	af_P38071_155_337_3.40.50.720	6.774E+00	0.008	12	113	266	267	36	176	183	176	0.577	0.770
LOKIASV2_1570_ESMFold_triose-phosphate_isomerase	af_Q4DE27_24_226_3.80.10.10	af_Q4DE27_24_226_3.80.10.10	6.387E+00	0.008	12	97	266	267	32	185	203	211	0.637	0.759
LOKIASV2_1570_ESMFold_triose-phosphate_isomerase	1dciC01	1dciC01	3.988E+00	0.008	12	44	266	267	27	209	212	248	0.835	0.863
LOKIASV2_1570_ESMFold_triose-phosphate_isomerase	af_Q9TYL2_20_237_3.90.226.10	af_Q9TYL2_20_237_3.90.226.10	4.759E+00	0.008	12	44	170	267	30	141	218	144	0.476	0.514
LOKIASV2_1570_ESMFold_triose-phosphate_isomerase	3bs4A00	3bs4A00	9.644E+00	0.008	12	93	267	267	22	169	245	193	0.655	0.604
LOKIASV2_1570_ESMFold_triose-phosphate_isomerase	5ihpA00	5ihpA00	8.573E+00	0.008	12	5	157	267	2	202	246	234	0.573	0.817
LOKIASV2_1570_ESMFold_triose-phosphate_isomerase	3a05A01	3a05A01	7.185E+00	0.008	12	26	244	267	23	240	251	267	0.820	0.869
LOKIASV2_1570_ESMFold_triose-phosphate_isomerase	3gkbA00	3gkbA00	3.988E+00	0.008	12	48	266	267	32	197	274	237	0.820	0.606
LOKIASV2_1570_ESMFold_triose-phosphate_isomerase	af_A0A1D6ENA4_216_498_3.30.870.10	af_A0A1D6ENA4_216_498_3.30.870.10	9.644E+00	0.008	12	159	221	267	62	120	283	70	0.236	0.208
LOKIASV2_1570_ESMFold_triose-phosphate_isomerase	af_A0A1D6HEQ6_22_404_3.40.605.10	af_A0A1D6HEQ6_22_404_3.40.605.10	5.047E+00	0.008	12	2	245	267	69	296	383	290	0.914	0.595
LOKIASV2_1570_ESMFold_triose-phosphate_isomerase	af_I1JAL4_4_443_3.40.50.12780	af_I1JAL4_4_443_3.40.50.12780	5.678E+00	0.008	12	18	245	267	44	326	440	334	0.854	0.643
LOKIASV2_1570_ESMFold_triose-phosphate_isomerase	af_Q9LXF4_114_249_1.25.40.10	af_Q9LXF4_114_249_1.25.40.10	8.083E+00	0.007	11	178	266	267	21	120	136	116	0.333	0.735
LOKIASV2_1570_ESMFold_triose-phosphate_isomerase	af_Q9SZ66_8_176_3.40.50.10140	af_Q9SZ66_8_176_3.40.50.10140	5.353E+00	0.007	11	1	164	267	1	131	169	187	0.614	0.775
LOKIASV2_1570_ESMFold_triose-phosphate_isomerase	4rzxB00	4rzxB00	8.573E+00	0.007	11	127	264	267	3	109	199	143	0.517	0.538
LOKIASV2_1570_ESMFold_triose-phosphate_isomerase	af_A0A1D6PF59_3_296_3.40.50.300	af_A0A1D6PF59_3_296_3.40.50.300	8.083E+00	0.007	11	4	204	267	36	188	294	229	0.753	0.520
LOKIASV2_1570_ESMFold_triose-phosphate_isomerase	af_I1JJ81_3_184_3.40.50.10140	af_I1JJ81_3_184_3.40.50.10140	9.093E+00	0.000	10	40	266	267	8	175	182	247	0.850	0.923
LOKIASV2_1570_ESMFold_triose-phosphate_isomerase	af_Q9JLV6_338_522_3.40.50.300	af_Q9JLV6_338_522_3.40.50.300	6.774E+00	0.000	10	1	157	267	24	131	185	163	0.588	0.584
LOKIASV2_1570_ESMFold_triose-phosphate_isomerase	4cehA01	4cehA01	9.644E+00	0.000	9	1	194	267	17	182	227	215	0.727	0.731
