LOKIASV2_0201_ESMFold_hypothetical_protein	AF-X1JJZ7-F1-model_v4	AF-X1JJZ7-F1-model_v4 Uncharacterized protein	1.884E-19	1.000	765	157	371	482	1	223	229	223	0.446	0.974
LOKIASV2_0201_ESMFold_hypothetical_protein	AF-A0A850M9R3-F1-model_v4	AF-A0A850M9R3-F1-model_v4 Uncharacterized protein	4.994E-12	1.000	537	4	152	482	169	318	354	150	0.309	0.424
LOKIASV2_0201_ESMFold_hypothetical_protein	AF-A0A524DR79-F1-model_v4	AF-A0A524DR79-F1-model_v4 Uncharacterized protein	3.840E-19	1.000	491	1	365	482	1	352	370	378	0.757	0.951
LOKIASV2_0201_ESMFold_hypothetical_protein	AF-A0A850LUG8-F1-model_v4	AF-A0A850LUG8-F1-model_v4 Uncharacterized protein	3.248E-17	1.000	458	4	357	482	4	326	408	365	0.734	0.792
LOKIASV2_0201_ESMFold_hypothetical_protein	AF-A0A842VMM8-F1-model_v4	AF-A0A842VMM8-F1-model_v4 Uncharacterized protein	2.213E-17	1.000	456	4	359	482	4	326	359	365	0.739	0.900
LOKIASV2_0201_ESMFold_hypothetical_protein	AF-A0A842VX42-F1-model_v4	AF-A0A842VX42-F1-model_v4 Uncharacterized protein	4.512E-17	1.000	451	4	359	482	4	332	395	369	0.739	0.833
LOKIASV2_0201_ESMFold_hypothetical_protein	AF-A0A532TF72-F1-model_v4	AF-A0A532TF72-F1-model_v4 Uncharacterized protein	1.265E-10	1.000	440	1	157	482	1	162	255	162	0.326	0.635
LOKIASV2_0201_ESMFold_hypothetical_protein	AF-A0A4P9X923-F1-model_v4	AF-A0A4P9X923-F1-model_v4 Uncharacterized protein	2.555E-04	1.000	170	4	139	482	12	138	427	138	0.282	0.297
LOKIASV2_0201_ESMFold_hypothetical_protein	AF-A0A6P7U9X7-F1-model_v4	AF-A0A6P7U9X7-F1-model_v4 DENN domain-containing protein 11	6.474E-03	1.000	108	4	140	482	64	220	431	162	0.284	0.364
LOKIASV2_0201_ESMFold_hypothetical_protein	AF-R4M453-F1-model_v4	AF-R4M453-F1-model_v4 Transcriptional regulatory protein	8.979E-02	0.988	82	269	416	482	3	139	139	157	0.307	0.986
LOKIASV2_0201_ESMFold_hypothetical_protein	AF-A0A1A0JH59-F1-model_v4	AF-A0A1A0JH59-F1-model_v4 HTH arsR-type domain-containing protein	3.538E-02	0.971	76	280	439	482	6	179	345	186	0.332	0.504
LOKIASV2_0201_ESMFold_hypothetical_protein	AF-A0A843D0V7-F1-model_v4	AF-A0A843D0V7-F1-model_v4 ArsR family transcriptional regulator	2.046E-02	0.941	71	278	476	482	7	212	311	221	0.413	0.662
LOKIASV2_0201_ESMFold_hypothetical_protein	AF-A0A4D4JXQ8-F1-model_v4	AF-A0A4D4JXQ8-F1-model_v4 HTH hxlR-type domain-containing protein	2.997E-01	0.900	67	273	430	482	15	162	195	161	0.328	0.759
LOKIASV2_0201_ESMFold_hypothetical_protein	AF-R4MKT9-F1-model_v4	AF-R4MKT9-F1-model_v4 ArsR family transcriptional regulator	2.837E-01	0.872	65	278	439	482	3	167	181	175	0.336	0.912
LOKIASV2_0201_ESMFold_hypothetical_protein	AF-A0A7S1ANA8-F1-model_v4	AF-A0A7S1ANA8-F1-model_v4 Hypothetical protein	1.738E-03	0.663	56	84	433	482	170	513	529	400	0.726	0.650
LOKIASV2_0201_ESMFold_hypothetical_protein	AF-A0A1J5ECT9-F1-model_v4	AF-A0A1J5ECT9-F1-model_v4 Uncharacterized protein	3.737E-02	0.663	56	200	441	482	50	234	530	246	0.502	0.349
LOKIASV2_0201_ESMFold_hypothetical_protein	AF-A0A7V1XX82-F1-model_v4	AF-A0A7V1XX82-F1-model_v4 Uncharacterized protein	1.120E-02	0.277	43	5	441	482	38	373	508	473	0.907	0.661
LOKIASV2_0201_ESMFold_hypothetical_protein	AF-A0A5C7J847-F1-model_v4	AF-A0A5C7J847-F1-model_v4 Uncharacterized protein	2.403E+00	0.214	40	269	434	482	7	199	242	203	0.344	0.798
LOKIASV2_0201_ESMFold_hypothetical_protein	AF-W7TKM0-F1-model_v4	AF-W7TKM0-F1-model_v4 Double-strand-break repair protein rad21	1.245E+00	0.196	39	268	430	482	267	426	453	179	0.338	0.353
LOKIASV2_0201_ESMFold_hypothetical_protein	AF-A0A5B0VBW8-F1-model_v4	AF-A0A5B0VBW8-F1-model_v4 DNA primase	1.730E+00	0.179	38	246	434	482	7	191	283	202	0.392	0.654
LOKIASV2_0201_ESMFold_hypothetical_protein	AF-A0A495PPH2-F1-model_v4	AF-A0A495PPH2-F1-model_v4 Uncharacterized protein	8.965E-01	0.179	38	247	474	482	19	264	579	260	0.473	0.425
LOKIASV2_0201_ESMFold_hypothetical_protein	AF-A0A1Z7ZMH0-F1-model_v4	AF-A0A1Z7ZMH0-F1-model_v4 Phg_2220_C domain-containing protein	1.116E+00	0.164	37	282	433	482	11	169	310	176	0.315	0.513
LOKIASV2_0201_ESMFold_hypothetical_protein	AF-A0A812XNZ3-F1-model_v4	AF-A0A812XNZ3-F1-model_v4 Hypothetical protein	4.645E-01	0.150	36	256	477	482	4	239	250	261	0.461	0.944
LOKIASV2_0201_ESMFold_hypothetical_protein	AF-A0A7W9VZ81-F1-model_v4	AF-A0A7W9VZ81-F1-model_v4 Uncharacterized protein	1.730E+00	0.150	36	234	432	482	3	179	333	211	0.413	0.532
LOKIASV2_0201_ESMFold_hypothetical_protein	AF-A0A1I7CZ67-F1-model_v4	AF-A0A1I7CZ67-F1-model_v4 Helix-turn-helix domain-containing protein	1.730E+00	0.126	34	258	432	482	8	175	222	191	0.363	0.757
LOKIASV2_0201_ESMFold_hypothetical_protein	AF-A0A258KYN1-F1-model_v4	AF-A0A258KYN1-F1-model_v4 Uncharacterized protein	1.116E+00	0.126	34	246	462	482	55	269	318	246	0.450	0.676
LOKIASV2_0201_ESMFold_hypothetical_protein	AF-A0A379WT79-F1-model_v4	AF-A0A379WT79-F1-model_v4 Regulatory protein	8.950E+00	0.106	32	290	432	482	2	137	157	156	0.297	0.866
LOKIASV2_0201_ESMFold_hypothetical_protein	AF-A0A316PE21-F1-model_v4	AF-A0A316PE21-F1-model_v4 Uncharacterized protein	8.950E+00	0.098	31	313	434	482	74	174	273	122	0.253	0.370
LOKIASV2_0201_ESMFold_hypothetical_protein	AF-A0A3B9KW31-F1-model_v4	AF-A0A3B9KW31-F1-model_v4 Uncharacterized protein	4.391E+00	0.090	30	285	471	482	3	189	208	208	0.388	0.899
LOKIASV2_0201_ESMFold_hypothetical_protein	AF-A0A7W7WCE2-F1-model_v4	AF-A0A7W7WCE2-F1-model_v4 Uncharacterized protein	6.806E+00	0.090	30	287	441	482	63	212	384	161	0.322	0.391
LOKIASV2_0201_ESMFold_hypothetical_protein	AF-A0A5C5VZA7-F1-model_v4	AF-A0A5C5VZA7-F1-model_v4 Uncharacterized protein	9.454E+00	0.090	30	292	432	482	304	444	461	154	0.293	0.306
LOKIASV2_0201_ESMFold_hypothetical_protein	AF-A0A2J6P0P9-F1-model_v4	AF-A0A2J6P0P9-F1-model_v4 Replication protein	4.391E+00	0.082	29	275	457	482	35	219	330	198	0.380	0.561
LOKIASV2_0201_ESMFold_hypothetical_protein	AF-A0A3M2FPY2-F1-model_v4	AF-A0A3M2FPY2-F1-model_v4 HU family DNA-binding protein	3.161E+00	0.082	29	307	482	482	22	221	387	208	0.365	0.517
LOKIASV2_0201_ESMFold_hypothetical_protein	AF-A0A482WNQ4-F1-model_v4	AF-A0A482WNQ4-F1-model_v4 LEM domain-containing protein	7.594E+00	0.082	29	298	435	482	638	753	1240	141	0.286	0.094
LOKIASV2_0201_ESMFold_hypothetical_protein	AF-A0A7Z0FAE8-F1-model_v4	AF-A0A7Z0FAE8-F1-model_v4 Uncharacterized protein	4.391E+00	0.076	28	266	435	482	11	185	300	194	0.353	0.583
LOKIASV2_0201_ESMFold_hypothetical_protein	AF-A0A2G9S6N9-F1-model_v4	AF-A0A2G9S6N9-F1-model_v4 Uncharacterized protein	4.638E+00	0.076	28	262	439	482	90	259	345	188	0.369	0.493
LOKIASV2_0201_ESMFold_hypothetical_protein	AF-K9WNZ1-F1-model_v4	AF-K9WNZ1-F1-model_v4 Uncharacterized protein	8.950E+00	0.076	28	268	474	482	20	231	402	227	0.429	0.527
LOKIASV2_0201_ESMFold_hypothetical_protein	AF-A0A120I101-F1-model_v4	AF-A0A120I101-F1-model_v4 Uncharacterized protein	3.935E+00	0.069	27	261	446	482	4	194	212	214	0.386	0.901
LOKIASV2_0201_ESMFold_hypothetical_protein	AF-A0A4Y3RX20-F1-model_v4	AF-A0A4Y3RX20-F1-model_v4 Uncharacterized protein	4.899E+00	0.069	27	308	435	482	56	184	259	138	0.266	0.498
LOKIASV2_0201_ESMFold_hypothetical_protein	AF-A0A5S6PUM5-F1-model_v4	AF-A0A5S6PUM5-F1-model_v4 "Bm7427, isoform a	6.806E+00	0.063	26	268	439	482	140	328	617	201	0.357	0.306
LOKIASV2_0201_ESMFold_hypothetical_protein	AF-A0A7T9HED3-F1-model_v4	AF-A0A7T9HED3-F1-model_v4 Helix-turn-helix domain-containing protein	9.987E+00	0.057	25	266	441	482	6	178	372	198	0.365	0.465
LOKIASV2_0201_ESMFold_hypothetical_protein	AF-J9FFK4-F1-model_v4	AF-J9FFK4-F1-model_v4 SAM domain-containing protein	8.950E+00	0.057	25	309	482	482	386	582	915	204	0.361	0.215
LOKIASV2_0201_ESMFold_hypothetical_protein	AF-A0A165GRU9-F1-model_v4	AF-A0A165GRU9-F1-model_v4 Uncharacterized protein	9.987E+00	0.051	24	309	433	482	190	313	415	130	0.259	0.299
LOKIASV2_0201_ESMFold_hypothetical_protein	AF-A0A5D3C8N1-F1-model_v4	AF-A0A5D3C8N1-F1-model_v4 Ulp1-like peptidase	7.594E+00	0.045	23	303	478	482	10	199	202	202	0.365	0.941
LOKIASV2_0201_ESMFold_hypothetical_protein	AF-U6G9M7-F1-model_v4	AF-U6G9M7-F1-model_v4 Trehalose 6-phosphate phosphatase	7.594E+00	0.045	23	286	482	482	94	293	309	221	0.409	0.647
LOKIASV2_0201_ESMFold_hypothetical_protein	AF-A0A0K0EJ93-F1-model_v4	AF-A0A0K0EJ93-F1-model_v4 Uncharacterized protein	2.154E+00	0.045	23	256	482	482	4	228	378	257	0.471	0.595
LOKIASV2_0201_ESMFold_hypothetical_protein	AF-A0A6G1H9X5-F1-model_v4	AF-A0A6G1H9X5-F1-model_v4 Uncharacterized protein	3.339E+00	0.045	23	198	434	482	111	329	818	262	0.492	0.268
LOKIASV2_0201_ESMFold_hypothetical_protein	AF-A0A0B6Y708-F1-model_v4	AF-A0A0B6Y708-F1-model_v4 RRM domain-containing protein	9.987E+00	0.040	22	309	475	482	22	223	284	216	0.346	0.711
LOKIASV2_0201_ESMFold_hypothetical_protein	AF-A0A3D3VX18-F1-model_v4	AF-A0A3D3VX18-F1-model_v4 Uncharacterized protein	3.161E+00	0.040	22	228	482	482	36	309	328	326	0.529	0.835
LOKIASV2_0201_ESMFold_hypothetical_protein	AF-M2Y237-F1-model_v4	AF-M2Y237-F1-model_v4 Uncharacterized protein	1.000E+00	0.040	22	83	476	482	23	411	427	460	0.817	0.911
LOKIASV2_0201_ESMFold_hypothetical_protein	AF-A0A0N4WGQ3-F1-model_v4	AF-A0A0N4WGQ3-F1-model_v4 R3H domain-containing protein	6.806E+00	0.040	22	278	477	482	756	948	967	220	0.415	0.200
LOKIASV2_0201_ESMFold_hypothetical_protein	AF-E6UHX3-F1-model_v4	AF-E6UHX3-F1-model_v4 Chromosome segregation and condensation protein ScpA	8.473E+00	0.034	21	87	449	482	31	324	568	385	0.753	0.518
LOKIASV2_0201_ESMFold_hypothetical_protein	AF-A0A0V1PV64-F1-model_v4	AF-A0A0V1PV64-F1-model_v4 RRM domain-containing protein	7.594E+00	0.029	20	309	441	482	44	207	568	170	0.276	0.289
LOKIASV2_0201_ESMFold_hypothetical_protein	AF-A0A1Y2GA05-F1-model_v4	AF-A0A1Y2GA05-F1-model_v4 Uncharacterized protein	4.391E+00	0.029	20	167	482	482	233	533	609	356	0.656	0.494
LOKIASV2_0201_ESMFold_hypothetical_protein	AF-A0A1I8QAZ3-F1-model_v4	AF-A0A1I8QAZ3-F1-model_v4 RING-type domain-containing protein	5.175E+00	0.024	19	196	432	482	99	288	465	252	0.492	0.409
LOKIASV2_0201_ESMFold_hypothetical_protein	AF-A0A7Y2DBQ8-F1-model_v4	AF-A0A7Y2DBQ8-F1-model_v4 Histidine kinase domain-containing protein	4.638E+00	0.024	19	96	482	482	305	698	844	465	0.803	0.467
LOKIASV2_0201_ESMFold_hypothetical_protein	AF-A0A2Z7BCJ4-F1-model_v4	AF-A0A2Z7BCJ4-F1-model_v4 Uncharacterized protein	6.099E+00	0.020	18	154	477	482	90	362	521	350	0.672	0.524
LOKIASV2_0201_ESMFold_hypothetical_protein	AF-A0A2M8F594-F1-model_v4	AF-A0A2M8F594-F1-model_v4 Uncharacterized protein	2.275E+00	0.020	18	245	479	482	3	248	600	298	0.488	0.410
LOKIASV2_0201_ESMFold_hypothetical_protein	AF-A0A7S0SBH8-F1-model_v4	AF-A0A7S0SBH8-F1-model_v4 Hypothetical protein	8.950E+00	0.016	17	231	482	482	75	362	385	320	0.523	0.748
LOKIASV2_0201_ESMFold_hypothetical_protein	AF-A0A2H3BSM7-F1-model_v4	AF-A0A2H3BSM7-F1-model_v4 Uncharacterized protein	9.987E+00	0.010	14	198	456	482	15	275	321	313	0.537	0.813
LOKIASV2_0201_ESMFold_hypothetical_protein	AF-Q09346-F1-model_v4	AF-Q09346-F1-model_v4 Guanine nucleotide exchange protein smcr-8	2.693E-06	1.000	172	2	155	482	26	207	511	185	0.320	0.356
LOKIASV2_0201_ESMFold_hypothetical_protein	AF-Q4FZX0-F1-model_v4	AF-Q4FZX0-F1-model_v4 DENN domain-containing protein 11	2.038E-03	1.000	118	4	125	482	60	182	434	128	0.253	0.283
LOKIASV2_0201_ESMFold_hypothetical_protein	AF-Q5E9U9-F1-model_v4	AF-Q5E9U9-F1-model_v4 GATOR complex protein NPRL2	1.472E-05	1.000	112	4	333	482	9	329	380	394	0.685	0.845
LOKIASV2_0201_ESMFold_hypothetical_protein	AF-Q9WUE4-F1-model_v4	AF-Q9WUE4-F1-model_v4 GATOR complex protein NPRL2	5.188E-05	1.000	103	4	333	482	9	329	380	396	0.685	0.845
LOKIASV2_0201_ESMFold_hypothetical_protein	AF-Q8WTW4-F1-model_v4	AF-Q8WTW4-F1-model_v4 GATOR complex protein NPRL2	1.001E-04	1.000	102	4	328	482	9	317	380	400	0.674	0.813
LOKIASV2_0201_ESMFold_hypothetical_protein	AF-O42857-F1-model_v4	AF-O42857-F1-model_v4 Nitrogen permease regulator 2 homolog	1.832E-05	1.000	100	4	323	482	21	344	409	384	0.664	0.792
LOKIASV2_0201_ESMFold_hypothetical_protein	AF-O42907-F1-model_v4	AF-O42907-F1-model_v4 Uncharacterized protein C119.16c	9.996E-04	0.998	95	4	167	482	5	179	448	183	0.340	0.391
LOKIASV2_0201_ESMFold_hypothetical_protein	AF-Q3UHG7-F1-model_v4	AF-Q3UHG7-F1-model_v4 DENN domain-containing protein 11	1.639E-04	0.967	75	4	327	482	79	441	455	405	0.672	0.798
LOKIASV2_0201_ESMFold_hypothetical_protein	AF-A4D1U4-F1-model_v4	AF-A4D1U4-F1-model_v4 DENN domain-containing protein 11	1.117E-04	0.967	75	4	327	482	79	441	455	407	0.672	0.798
LOKIASV2_0201_ESMFold_hypothetical_protein	AF-Q0PGW2-F1-model_v4	AF-Q0PGW2-F1-model_v4 DENN domain-containing protein 11	1.469E-04	0.949	72	4	327	482	79	441	455	412	0.672	0.798
LOKIASV2_0201_ESMFold_hypothetical_protein	AF-Q9STP2-F1-model_v4	AF-Q9STP2-F1-model_v4 Phytolongin Phyl2.1	2.146E-01	0.747	59	4	149	482	10	128	260	146	0.303	0.458
LOKIASV2_0201_ESMFold_hypothetical_protein	AF-Q1LX49-F1-model_v4	AF-Q1LX49-F1-model_v4 DENN domain-containing protein 11	2.152E-03	0.720	58	4	327	482	113	476	490	399	0.672	0.743
LOKIASV2_0201_ESMFold_hypothetical_protein	AF-Q8BLS7-F1-model_v4	AF-Q8BLS7-F1-model_v4 Ankyrin repeat domain-containing protein SOWAHA	1.239E+00	0.179	38	289	430	482	19	147	548	152	0.295	0.235
LOKIASV2_0201_ESMFold_hypothetical_protein	AF-Q2M3V2-F1-model_v4	AF-Q2M3V2-F1-model_v4 Ankyrin repeat domain-containing protein SOWAHA	2.028E+00	0.126	34	289	434	482	17	163	549	157	0.303	0.268
LOKIASV2_0201_ESMFold_hypothetical_protein	AF-Q8TB45-F1-model_v4	AF-Q8TB45-F1-model_v4 DEP domain-containing mTOR-interacting protein	7.565E-01	0.116	33	158	432	482	26	287	409	318	0.571	0.641
LOKIASV2_0201_ESMFold_hypothetical_protein	AF-Q570Y9-F1-model_v4	AF-Q570Y9-F1-model_v4 DEP domain-containing mTOR-interacting protein	3.513E-01	0.106	32	160	436	482	24	306	409	335	0.575	0.692
LOKIASV2_0201_ESMFold_hypothetical_protein	AF-Q2NL05-F1-model_v4	AF-Q2NL05-F1-model_v4 Kinesin-like protein KIF2A	1.382E+00	0.098	31	324	480	482	5	143	660	159	0.326	0.211
LOKIASV2_0201_ESMFold_hypothetical_protein	AF-Q03YU3-F1-model_v4	AF-Q03YU3-F1-model_v4 Probable DNA-directed RNA polymerase subunit delta	2.028E+00	0.090	30	278	438	482	16	177	195	180	0.334	0.831
LOKIASV2_0201_ESMFold_hypothetical_protein	AF-O89047-F1-model_v4	AF-O89047-F1-model_v4 Potassium voltage-gated channel subfamily H member 3	2.976E+00	0.090	30	2	80	482	26	130	1087	108	0.164	0.097
LOKIASV2_0201_ESMFold_hypothetical_protein	AF-O35261-F1-model_v4	AF-O35261-F1-model_v4 Transcription factor E2F3	3.920E-01	0.076	28	155	439	482	167	412	457	306	0.591	0.538
LOKIASV2_0201_ESMFold_hypothetical_protein	AF-Q6GEU7-F1-model_v4	AF-Q6GEU7-F1-model_v4 Probable DNA-directed RNA polymerase subunit delta	3.320E+00	0.069	27	266	430	482	3	173	176	185	0.342	0.972
LOKIASV2_0201_ESMFold_hypothetical_protein	AF-Q21341-F1-model_v4	AF-Q21341-F1-model_v4 Protein let-99	7.565E-01	0.063	26	247	430	482	2	187	698	214	0.382	0.266
LOKIASV2_0201_ESMFold_hypothetical_protein	AF-O00716-F1-model_v4	AF-O00716-F1-model_v4 Transcription factor E2F3	8.441E-01	0.051	24	155	439	482	175	420	465	307	0.591	0.529
LOKIASV2_0201_ESMFold_hypothetical_protein	AF-D3YXK1-F1-model_v4	AF-D3YXK1-F1-model_v4 Atherin	7.978E+00	0.051	24	286	441	482	33	187	519	167	0.324	0.299
LOKIASV2_0201_ESMFold_hypothetical_protein	AF-P55265-F1-model_v4	AF-P55265-F1-model_v4 Double-stranded RNA-specific adenosine deaminase	4.613E+00	0.051	24	251	439	482	127	274	1226	194	0.392	0.121
LOKIASV2_0201_ESMFold_hypothetical_protein	AF-Q92615-F1-model_v4	AF-Q92615-F1-model_v4 La-related protein 4B	2.142E+00	0.045	23	155	439	482	151	413	738	324	0.591	0.356
LOKIASV2_0201_ESMFold_hypothetical_protein	AF-Q22XZ3-F1-model_v4	AF-Q22XZ3-F1-model_v4 Alpha-tubulin N-acetyltransferase	7.552E+00	0.034	21	319	477	482	150	292	399	160	0.330	0.358
LOKIASV2_0201_ESMFold_hypothetical_protein	AF-C7GWZ2-F1-model_v4	AF-C7GWZ2-F1-model_v4 Pheromone-processing carboxypeptidase KEX1	3.705E+00	0.034	21	315	469	482	476	628	737	166	0.322	0.208
LOKIASV2_0201_ESMFold_hypothetical_protein	AF-O74889-F1-model_v4	AF-O74889-F1-model_v4 SAC3 family protein 1	1.173E+00	0.034	21	109	433	482	224	538	1024	390	0.674	0.308
LOKIASV2_0201_ESMFold_hypothetical_protein	AF-Q55D16-F1-model_v4	AF-Q55D16-F1-model_v4 KIN17-like protein	3.507E+00	0.029	20	102	477	482	12	304	445	392	0.780	0.658
LOKIASV2_0201_ESMFold_hypothetical_protein	AF-Q01543-F1-model_v4	AF-Q01543-F1-model_v4 Friend leukemia integration 1 transcription factor	4.613E+00	0.029	20	314	439	482	332	442	452	130	0.261	0.246
LOKIASV2_0201_ESMFold_hypothetical_protein	AF-Q8TD91-F1-model_v4	AF-Q8TD91-F1-model_v4 Melanoma-associated antigen C3	2.976E+00	0.029	20	156	434	482	175	380	643	294	0.579	0.320
LOKIASV2_0201_ESMFold_hypothetical_protein	AF-Q9WV63-F1-model_v4	AF-Q9WV63-F1-model_v4 Kinesin-like protein KIF2A	7.978E+00	0.029	20	324	480	482	32	188	705	169	0.326	0.223
LOKIASV2_0201_ESMFold_hypothetical_protein	AF-Q6A0A2-F1-model_v4	AF-Q6A0A2-F1-model_v4 La-related protein 4B	2.667E+00	0.029	20	154	430	482	153	414	741	320	0.575	0.354
LOKIASV2_0201_ESMFold_hypothetical_protein	AF-Q9Y2K5-F1-model_v4	AF-Q9Y2K5-F1-model_v4 R3H domain-containing protein 2	3.320E+00	0.029	20	245	430	482	145	335	976	216	0.386	0.196
LOKIASV2_0201_ESMFold_hypothetical_protein	AF-Q8NCM2-F1-model_v4	AF-Q8NCM2-F1-model_v4 Potassium voltage-gated channel subfamily H member 5	9.418E-01	0.029	20	2	328	482	25	341	988	399	0.678	0.321
LOKIASV2_0201_ESMFold_hypothetical_protein	AF-A1A5G4-F1-model_v4	AF-A1A5G4-F1-model_v4 Membrane-associated guanylate kinase, WW and PDZ domain-containing protein 3	5.743E+00	0.029	20	318	452	482	161	286	1107	140	0.280	0.114
LOKIASV2_0201_ESMFold_hypothetical_protein	AF-Q9Z7T1-F1-model_v4	AF-Q9Z7T1-F1-model_v4 Uncharacterized protein CPn_0623/CP_0124/CPj0623/CpB0649	6.066E+00	0.024	19	330	482	482	49	184	277	155	0.317	0.491
LOKIASV2_0201_ESMFold_hypothetical_protein	AF-Q6BXL9-F1-model_v4	AF-Q6BXL9-F1-model_v4 Mediator of RNA polymerase II transcription subunit 18	4.872E+00	0.024	19	27	107	482	218	322	341	105	0.168	0.308
LOKIASV2_0201_ESMFold_hypothetical_protein	AF-F4KDN0-F1-model_v4	AF-F4KDN0-F1-model_v4 KH domain-containing protein HEN4	2.263E+00	0.024	19	182	482	482	52	342	857	345	0.624	0.340
LOKIASV2_0201_ESMFold_hypothetical_protein	AF-A1K7B9-F1-model_v4	AF-A1K7B9-F1-model_v4 Translation initiation factor IF-2	2.817E+00	0.024	19	234	476	482	2	246	940	289	0.504	0.261
LOKIASV2_0201_ESMFold_hypothetical_protein	AF-Q7RZK7-F1-model_v4	AF-Q7RZK7-F1-model_v4 Protein AF-9 homolog	8.902E+00	0.020	18	310	478	482	129	300	309	193	0.351	0.557
LOKIASV2_0201_ESMFold_hypothetical_protein	AF-E3SXU5-F1-model_v4	AF-E3SXU5-F1-model_v4 Truncated basic helix-loop-helix protein A	3.705E+00	0.020	18	245	442	482	56	271	358	231	0.411	0.603
LOKIASV2_0201_ESMFold_hypothetical_protein	AF-C8Z852-F1-model_v4	AF-C8Z852-F1-model_v4 Pheromone-processing carboxypeptidase KEX1	5.743E+00	0.020	18	315	469	482	476	628	737	166	0.322	0.208
LOKIASV2_0201_ESMFold_hypothetical_protein	AF-Q6P1V4-F1-model_v4	AF-Q6P1V4-F1-model_v4 Eukaryotic translation initiation factor 3 subunit C	3.705E+00	0.020	18	238	482	482	74	297	922	263	0.508	0.243
LOKIASV2_0201_ESMFold_hypothetical_protein	AF-Q4A0X4-F1-model_v4	AF-Q4A0X4-F1-model_v4 Probable transglycosylase SceD 2	7.978E+00	0.016	17	309	439	482	32	172	249	142	0.272	0.566
LOKIASV2_0201_ESMFold_hypothetical_protein	AF-Q73SA8-F1-model_v4	AF-Q73SA8-F1-model_v4 30S ribosomal protein S3	6.066E+00	0.016	17	330	429	482	186	280	280	105	0.207	0.339
LOKIASV2_0201_ESMFold_hypothetical_protein	AF-A1UBP2-F1-model_v4	AF-A1UBP2-F1-model_v4 30S ribosomal protein S3	9.932E+00	0.016	17	330	429	482	186	287	287	105	0.207	0.355
LOKIASV2_0201_ESMFold_hypothetical_protein	AF-Q9PJN7-F1-model_v4	AF-Q9PJN7-F1-model_v4 Uncharacterized protein TC_0791	7.978E+00	0.016	17	330	466	482	49	185	287	148	0.284	0.477
LOKIASV2_0201_ESMFold_hypothetical_protein	AF-Q8L719-F1-model_v4	AF-Q8L719-F1-model_v4 THO complex subunit 4B	6.408E+00	0.016	17	321	467	482	162	290	292	147	0.305	0.442
LOKIASV2_0201_ESMFold_hypothetical_protein	AF-P26323-F1-model_v4	AF-P26323-F1-model_v4 Friend leukemia integration 1 transcription factor	9.403E+00	0.016	17	314	439	482	332	442	452	130	0.261	0.246
LOKIASV2_0201_ESMFold_hypothetical_protein	AF-Q652B0-F1-model_v4	AF-Q652B0-F1-model_v4 Heat stress transcription factor B-2c	7.150E+00	0.016	17	247	478	482	15	251	454	256	0.481	0.522
LOKIASV2_0201_ESMFold_hypothetical_protein	AF-Q4KMZ1-F1-model_v4	AF-Q4KMZ1-F1-model_v4 IQ domain-containing protein C	7.552E+00	0.016	17	289	474	482	20	185	466	200	0.386	0.356
LOKIASV2_0201_ESMFold_hypothetical_protein	AF-Q9UUD0-F1-model_v4	AF-Q9UUD0-F1-model_v4 Uncharacterized protein C19C2.10	1.460E+00	0.016	17	84	432	482	23	305	501	390	0.724	0.565
LOKIASV2_0201_ESMFold_hypothetical_protein	AF-G3XA57-F1-model_v4	AF-G3XA57-F1-model_v4 Rab11 family-interacting protein 2	5.147E+00	0.016	17	318	433	482	105	222	512	125	0.241	0.230
LOKIASV2_0201_ESMFold_hypothetical_protein	AF-Q3JQ88-F1-model_v4	AF-Q3JQ88-F1-model_v4 UvrABC system protein C	6.769E+00	0.016	17	273	442	482	196	380	747	192	0.353	0.248
LOKIASV2_0201_ESMFold_hypothetical_protein	AF-O22315-F1-model_v4	AF-O22315-F1-model_v4 Serine/arginine-rich-splicing factor SR34	7.978E+00	0.014	16	319	434	482	167	276	303	117	0.241	0.363
LOKIASV2_0201_ESMFold_hypothetical_protein	AF-Q7ZX20-F1-model_v4	AF-Q7ZX20-F1-model_v4 E3 ubiquitin-protein ligase rnf8-A	3.320E+00	0.014	16	84	432	482	210	535	540	401	0.724	0.604
LOKIASV2_0201_ESMFold_hypothetical_protein	AF-Q5RFT7-F1-model_v4	AF-Q5RFT7-F1-model_v4 RNA-binding protein 12B	2.263E+00	0.014	16	199	434	482	358	568	761	270	0.490	0.277
LOKIASV2_0201_ESMFold_hypothetical_protein	AF-Q92540-F1-model_v4	AF-Q92540-F1-model_v4 Protein SMG7	1.721E+00	0.014	16	90	432	482	273	586	1137	392	0.712	0.276
LOKIASV2_0201_ESMFold_hypothetical_protein	AF-O60225-F1-model_v4	AF-O60225-F1-model_v4 Protein SSX5	8.902E+00	0.011	15	286	445	482	19	163	188	172	0.332	0.771
LOKIASV2_0201_ESMFold_hypothetical_protein	AF-Q50H33-F1-model_v4	AF-Q50H33-F1-model_v4 BTB/POZ domain-containing protein KCTD8	7.150E+00	0.011	15	317	434	482	279	400	476	130	0.245	0.256
LOKIASV2_0201_ESMFold_hypothetical_protein	AF-A5PLL1-F1-model_v4	AF-A5PLL1-F1-model_v4 Ankyrin repeat domain-containing protein 34B	4.367E+00	0.011	15	270	430	482	84	247	514	192	0.334	0.319
LOKIASV2_0201_ESMFold_hypothetical_protein	AF-A1YEQ3-F1-model_v4	AF-A1YEQ3-F1-model_v4 Zinc finger protein 449	2.525E+00	0.011	15	240	464	482	7	222	518	260	0.467	0.417
LOKIASV2_0201_ESMFold_hypothetical_protein	AF-Q81A26-F1-model_v4	AF-Q81A26-F1-model_v4 DNA mismatch repair protein MutL	9.403E+00	0.011	15	276	468	482	162	446	647	293	0.400	0.440
LOKIASV2_0201_ESMFold_hypothetical_protein	AF-Q8J0U2-F1-model_v4	AF-Q8J0U2-F1-model_v4 Histone H1	8.902E+00	0.010	14	258	432	482	40	179	236	179	0.363	0.593
LOKIASV2_0201_ESMFold_hypothetical_protein	AF-P70333-F1-model_v4	AF-P70333-F1-model_v4 Heterogeneous nuclear ribonucleoprotein H2	5.147E+00	0.010	14	199	447	482	62	278	449	283	0.517	0.483
LOKIASV2_0201_ESMFold_hypothetical_protein	AF-Q02203-F1-model_v4	AF-Q02203-F1-model_v4 Uncharacterized protein YKR005C	7.552E+00	0.010	14	309	439	482	105	266	525	171	0.272	0.309
LOKIASV2_0201_ESMFold_hypothetical_protein	AF-B9IV58-F1-model_v4	AF-B9IV58-F1-model_v4 DNA mismatch repair protein MutL	7.552E+00	0.010	14	276	468	482	162	446	647	298	0.400	0.440
LOKIASV2_0201_ESMFold_hypothetical_protein	AF-Q03601-F1-model_v4	AF-Q03601-F1-model_v4 RING finger protein nhl-1	5.147E+00	0.010	14	27	482	482	113	543	974	516	0.946	0.443
LOKIASV2_0201_ESMFold_hypothetical_protein	AF-Q9JK71-F1-model_v4	AF-Q9JK71-F1-model_v4 Membrane-associated guanylate kinase, WW and PDZ domain-containing protein 3	8.902E+00	0.010	14	279	435	482	128	285	1470	176	0.326	0.107
LOKIASV2_0201_ESMFold_hypothetical_protein	AF-Q5E9J1-F1-model_v4	AF-Q5E9J1-F1-model_v4 Heterogeneous nuclear ribonucleoprotein F	7.552E+00	0.009	13	199	448	482	62	282	414	288	0.519	0.534
LOKIASV2_0201_ESMFold_hypothetical_protein	AF-Q794E4-F1-model_v4	AF-Q794E4-F1-model_v4 Heterogeneous nuclear ribonucleoprotein F	6.769E+00	0.009	13	199	446	482	62	278	415	284	0.515	0.523
LOKIASV2_0201_ESMFold_hypothetical_protein	AF-Q8I480-F1-model_v4	AF-Q8I480-F1-model_v4 RING finger protein PFE0100w	9.403E+00	0.009	13	83	478	482	578	915	1272	421	0.822	0.266
LOKIASV2_0201_ESMFold_hypothetical_protein	AF-Q8LST2-F1-model_v4	AF-Q8LST2-F1-model_v4 Probable serine/threonine-protein kinase WNK7	7.552E+00	0.008	12	236	476	482	197	541	557	366	0.500	0.619
LOKIASV2_0201_ESMFold_hypothetical_protein	AF-Q66JV4-F1-model_v4	AF-Q66JV4-F1-model_v4 RNA-binding protein 12B-B	8.427E+00	0.008	12	199	434	482	357	544	834	263	0.490	0.225
LOKIASV2_0201_ESMFold_hypothetical_protein	AF-Q5RJH6-F1-model_v4	AF-Q5RJH6-F1-model_v4 Protein SMG7	5.437E+00	0.008	12	90	434	482	273	584	1138	395	0.716	0.274
LOKIASV2_0201_ESMFold_hypothetical_protein	AF-Q6FSJ9-F1-model_v4	AF-Q6FSJ9-F1-model_v4 Autophagy-related protein 13	9.932E+00	0.000	10	225	430	482	112	330	660	255	0.427	0.332
LOKIASV2_0201_ESMFold_hypothetical_protein	AF-Q9VJJ7-F1-model_v4	AF-Q9VJJ7-F1-model_v4 Transient receptor potential-gamma protein	7.552E+00	0.000	10	105	436	482	597	912	1128	398	0.689	0.280
LOKIASV2_0201_ESMFold_hypothetical_protein	AF-C1GR16-F1-model_v4	AF-C1GR16-F1-model_v4 Uncharacterized protein	1.968E-04	1.000	144	1	139	482	1	149	543	154	0.288	0.274
LOKIASV2_0201_ESMFold_hypothetical_protein	AF-C0NCF2-F1-model_v4	AF-C0NCF2-F1-model_v4 Nitrogen permease regulator family	2.320E-04	1.000	140	4	139	482	4	149	521	151	0.282	0.280
LOKIASV2_0201_ESMFold_hypothetical_protein	AF-Q55BD9-F1-model_v4	AF-Q55BD9-F1-model_v4 NPR2 family protein	2.597E-06	1.000	119	4	350	482	7	392	392	444	0.720	0.985
LOKIASV2_0201_ESMFold_hypothetical_protein	AF-A4I4N9-F1-model_v4	AF-A4I4N9-F1-model_v4 Vesicle_coat_protein_involved_in_Golgi_to_plasma_ membrane_transport_-_putative	2.316E-03	1.000	102	3	136	482	5	173	620	175	0.278	0.273
LOKIASV2_0201_ESMFold_hypothetical_protein	AF-O42857-F1-model_v4	AF-O42857-F1-model_v4 Nitrogen permease regulator 2 homolog	1.972E-05	1.000	100	4	323	482	21	344	409	384	0.664	0.792
LOKIASV2_0201_ESMFold_hypothetical_protein	AF-O42907-F1-model_v4	AF-O42907-F1-model_v4 Uncharacterized protein C119.16c	1.076E-03	0.998	95	4	167	482	5	179	448	183	0.340	0.391
LOKIASV2_0201_ESMFold_hypothetical_protein	AF-Q3UHG7-F1-model_v4	AF-Q3UHG7-F1-model_v4 DENN domain-containing protein 11	1.764E-04	0.967	75	4	327	482	79	441	455	405	0.672	0.798
LOKIASV2_0201_ESMFold_hypothetical_protein	AF-A4D1U4-F1-model_v4	AF-A4D1U4-F1-model_v4 DENN domain-containing protein 11	1.202E-04	0.967	75	4	327	482	79	441	455	407	0.672	0.798
LOKIASV2_0201_ESMFold_hypothetical_protein	AF-Q0PGW2-F1-model_v4	AF-Q0PGW2-F1-model_v4 DENN domain-containing protein 11	1.581E-04	0.949	72	4	327	482	79	441	455	412	0.672	0.798
LOKIASV2_0201_ESMFold_hypothetical_protein	AF-Q9STP2-F1-model_v4	AF-Q9STP2-F1-model_v4 Phytolongin Phyl2.1	2.309E-01	0.747	59	4	149	482	10	128	260	146	0.303	0.458
LOKIASV2_0201_ESMFold_hypothetical_protein	AF-Q1LX49-F1-model_v4	AF-Q1LX49-F1-model_v4 DENN domain-containing protein 11	2.316E-03	0.720	58	4	327	482	113	476	490	399	0.672	0.743
LOKIASV2_0201_ESMFold_hypothetical_protein	AF-A0A1D6L850-F1-model_v4	AF-A0A1D6L850-F1-model_v4 Vesicle-associated membrane protein 722	1.131E+00	0.505	51	1	157	482	3	162	285	172	0.326	0.561
LOKIASV2_0201_ESMFold_hypothetical_protein	AF-Q69XQ4-F1-model_v4	AF-Q69XQ4-F1-model_v4 Non-structural maintenance of chromosomes element 4	8.154E-02	0.179	38	84	482	482	19	394	399	461	0.828	0.942
LOKIASV2_0201_ESMFold_hypothetical_protein	AF-A0A0N4UI55-F1-model_v4	AF-A0A0N4UI55-F1-model_v4 Uncharacterized protein	4.463E-02	0.126	34	116	445	482	101	446	581	397	0.685	0.596
LOKIASV2_0201_ESMFold_hypothetical_protein	AF-A0A2R8PZK5-F1-model_v4	AF-A0A2R8PZK5-F1-model_v4 Uncharacterized protein	2.186E-01	0.126	34	159	429	482	1593	1866	2309	326	0.562	0.119
LOKIASV2_0201_ESMFold_hypothetical_protein	AF-Q54DZ9-F1-model_v4	AF-Q54DZ9-F1-model_v4 Uncharacterized protein	4.699E+00	0.090	30	297	432	482	740	865	922	140	0.282	0.137
LOKIASV2_0201_ESMFold_hypothetical_protein	AF-Q8XEZ2-F1-model_v4	AF-Q8XEZ2-F1-model_v4 Gifsy-1 prophage protein	1.852E+00	0.076	28	260	440	482	36	224	327	210	0.376	0.578
LOKIASV2_0201_ESMFold_hypothetical_protein	AF-O35261-F1-model_v4	AF-O35261-F1-model_v4 Transcription factor E2F3	4.218E-01	0.076	28	155	439	482	167	412	457	306	0.591	0.538
LOKIASV2_0201_ESMFold_hypothetical_protein	AF-Q21341-F1-model_v4	AF-Q21341-F1-model_v4 Protein let-99	8.141E-01	0.063	26	247	430	482	2	187	698	214	0.382	0.266
LOKIASV2_0201_ESMFold_hypothetical_protein	AF-A0A5K4ESN4-F1-model_v4	AF-A0A5K4ESN4-F1-model_v4 Uncharacterized protein	2.870E+00	0.063	26	287	439	482	765	935	1322	178	0.317	0.129
LOKIASV2_0201_ESMFold_hypothetical_protein	AF-A0A5S6PV96-F1-model_v4	AF-A0A5S6PV96-F1-model_v4 "Bm7427, isoform a	1.956E+00	0.051	24	260	439	482	148	328	638	200	0.373	0.284
LOKIASV2_0201_ESMFold_hypothetical_protein	AF-A0A0K0EJ93-F1-model_v4	AF-A0A0K0EJ93-F1-model_v4 Uncharacterized protein	5.860E-01	0.045	23	256	482	482	4	228	378	257	0.471	0.595
LOKIASV2_0201_ESMFold_hypothetical_protein	AF-Q54BI2-F1-model_v4	AF-Q54BI2-F1-model_v4 Uncharacterized protein	6.190E-01	0.045	23	154	482	482	2	265	444	363	0.683	0.595
LOKIASV2_0201_ESMFold_hypothetical_protein	AF-A0A0K0DWD6-F1-model_v4	AF-A0A0K0DWD6-F1-model_v4 R3H domain-containing protein	3.032E+00	0.045	23	248	441	482	66	250	467	208	0.402	0.396
LOKIASV2_0201_ESMFold_hypothetical_protein	AF-A0A0H5SB69-F1-model_v4	AF-A0A0H5SB69-F1-model_v4 Bm7427, isoform a	2.572E+00	0.045	23	285	439	482	162	330	640	179	0.322	0.264
LOKIASV2_0201_ESMFold_hypothetical_protein	AF-U7PRD5-F1-model_v4	AF-U7PRD5-F1-model_v4 EAF domain-containing protein	8.128E+00	0.045	23	330	482	482	101	268	647	168	0.317	0.260
LOKIASV2_0201_ESMFold_hypothetical_protein	AF-A0A3P7FIB6-F1-model_v4	AF-A0A3P7FIB6-F1-model_v4 R3H domain-containing protein	3.202E+00	0.040	22	260	439	482	148	329	406	202	0.373	0.448
LOKIASV2_0201_ESMFold_hypothetical_protein	AF-A0A7I4KDJ1-F1-model_v4	AF-A0A7I4KDJ1-F1-model_v4 MADS-box domain-containing protein	4.449E+00	0.040	22	302	480	482	83	270	406	197	0.371	0.463
LOKIASV2_0201_ESMFold_hypothetical_protein	AF-Q8IEM0-F1-model_v4	AF-Q8IEM0-F1-model_v4 HORMA domain protein, putative	4.699E+00	0.040	22	243	432	482	968	1131	1327	192	0.394	0.124
LOKIASV2_0201_ESMFold_hypothetical_protein	AF-Q54ZT5-F1-model_v4	AF-Q54ZT5-F1-model_v4 Uncharacterized protein	1.262E+00	0.034	21	185	482	482	16	265	444	339	0.618	0.563
LOKIASV2_0201_ESMFold_hypothetical_protein	AF-A0A0D2ENM0-F1-model_v4	AF-A0A0D2ENM0-F1-model_v4 Unplaced genomic scaffold supercont1.7, whole genome shotgun sequence	3.775E+00	0.034	21	268	460	482	240	419	803	207	0.400	0.224
LOKIASV2_0201_ESMFold_hypothetical_protein	AF-A0A044S511-F1-model_v4	AF-A0A044S511-F1-model_v4 HTH OST-type domain-containing protein	3.987E+00	0.034	21	246	432	482	224	394	849	215	0.388	0.201
LOKIASV2_0201_ESMFold_hypothetical_protein	AF-A0A3P7FG42-F1-model_v4	AF-A0A3P7FG42-F1-model_v4 SAM domain-containing protein	6.180E+00	0.034	21	309	469	482	668	838	1197	173	0.334	0.143
LOKIASV2_0201_ESMFold_hypothetical_protein	AF-A0A2R8Q552-F1-model_v4	AF-A0A2R8Q552-F1-model_v4 Uncharacterized protein	2.717E+00	0.029	20	254	444	482	3	198	266	215	0.396	0.737
LOKIASV2_0201_ESMFold_hypothetical_protein	AF-F4JA81-F1-model_v4	AF-F4JA81-F1-model_v4 Myosin heavy chain-like protein	2.066E+00	0.029	20	89	479	482	14	356	358	418	0.811	0.958
LOKIASV2_0201_ESMFold_hypothetical_protein	AF-Q55D16-F1-model_v4	AF-Q55D16-F1-model_v4 KIN17-like protein	3.775E+00	0.029	20	102	477	482	12	304	445	392	0.780	0.658
LOKIASV2_0201_ESMFold_hypothetical_protein	AF-Q9WV63-F1-model_v4	AF-Q9WV63-F1-model_v4 Kinesin-like protein KIF2A	8.585E+00	0.029	20	324	480	482	32	188	705	169	0.326	0.223
LOKIASV2_0201_ESMFold_hypothetical_protein	AF-Q55BU4-F1-model_v4	AF-Q55BU4-F1-model_v4 Uncharacterized protein	1.571E+00	0.024	19	196	432	482	20	226	243	267	0.492	0.852
LOKIASV2_0201_ESMFold_hypothetical_protein	AF-C0PKA0-F1-model_v4	AF-C0PKA0-F1-model_v4 Trihelix transcription factor	3.573E+00	0.024	19	241	477	482	165	381	436	261	0.492	0.498
LOKIASV2_0201_ESMFold_hypothetical_protein	AF-A0A5K4F6G9-F1-model_v4	AF-A0A5K4F6G9-F1-model_v4 Uncharacterized protein	6.528E+00	0.024	19	266	434	482	163	329	1539	179	0.351	0.109
LOKIASV2_0201_ESMFold_hypothetical_protein	AF-D3ZD48-F1-model_v4	AF-D3ZD48-F1-model_v4 RAB11 family interacting protein 2 (Class I) (Predicted), isoform CRA_a	6.180E+00	0.020	18	318	433	482	105	222	512	125	0.241	0.230
LOKIASV2_0201_ESMFold_hypothetical_protein	AF-Q8L719-F1-model_v4	AF-Q8L719-F1-model_v4 THO complex subunit 4B	6.896E+00	0.016	17	321	467	482	162	290	292	147	0.305	0.442
LOKIASV2_0201_ESMFold_hypothetical_protein	AF-A0A2R8QI30-F1-model_v4	AF-A0A2R8QI30-F1-model_v4 RRM domain-containing protein	3.202E+00	0.016	17	214	478	482	3	285	304	329	0.550	0.931
LOKIASV2_0201_ESMFold_hypothetical_protein	AF-Q54EA7-F1-model_v4	AF-Q54EA7-F1-model_v4 Uncharacterized protein	5.851E+00	0.016	17	309	434	482	64	191	313	144	0.261	0.409
LOKIASV2_0201_ESMFold_hypothetical_protein	AF-Q54XB8-F1-model_v4	AF-Q54XB8-F1-model_v4 Uncharacterized protein	3.032E+00	0.016	17	197	432	482	21	216	359	262	0.490	0.546
LOKIASV2_0201_ESMFold_hypothetical_protein	AF-Q4DCJ3-F1-model_v4	AF-Q4DCJ3-F1-model_v4 Uncharacterized protein	2.870E+00	0.016	17	86	479	482	1	371	378	439	0.817	0.981
LOKIASV2_0201_ESMFold_hypothetical_protein	AF-Q4KMZ1-F1-model_v4	AF-Q4KMZ1-F1-model_v4 IQ domain-containing protein C	8.128E+00	0.016	17	289	474	482	20	185	466	200	0.386	0.356
LOKIASV2_0201_ESMFold_hypothetical_protein	AF-G3XA57-F1-model_v4	AF-G3XA57-F1-model_v4 Rab11 family-interacting protein 2	5.539E+00	0.016	17	318	433	482	105	222	512	125	0.241	0.230
LOKIASV2_0201_ESMFold_hypothetical_protein	AF-B4F9M6-F1-model_v4	AF-B4F9M6-F1-model_v4 KH domain-containing protein	4.449E+00	0.016	17	182	439	482	147	395	690	312	0.535	0.361
LOKIASV2_0201_ESMFold_hypothetical_protein	AF-A0A2R8QKC3-F1-model_v4	AF-A0A2R8QKC3-F1-model_v4 PDZ domain-containing protein	6.180E+00	0.014	16	315	430	482	99	204	230	124	0.241	0.461
LOKIASV2_0201_ESMFold_hypothetical_protein	AF-A0A0P0Y4M3-F1-model_v4	AF-A0A0P0Y4M3-F1-model_v4 Os11g0637000 protein	6.896E+00	0.014	16	154	482	482	25	311	357	347	0.683	0.804
LOKIASV2_0201_ESMFold_hypothetical_protein	AF-A4HUI0-F1-model_v4	AF-A4HUI0-F1-model_v4 Hypothetical_protein_-_conserved	9.069E+00	0.014	16	240	481	482	171	415	505	282	0.502	0.485
LOKIASV2_0201_ESMFold_hypothetical_protein	AF-Q92540-F1-model_v4	AF-Q92540-F1-model_v4 Protein SMG7	1.852E+00	0.014	16	90	432	482	273	586	1137	392	0.712	0.276
LOKIASV2_0201_ESMFold_hypothetical_protein	AF-Q551Q6-F1-model_v4	AF-Q551Q6-F1-model_v4 Uncharacterized protein	6.896E+00	0.011	15	196	432	482	20	227	337	272	0.492	0.617
LOKIASV2_0201_ESMFold_hypothetical_protein	AF-Q05AJ1-F1-model_v4	AF-Q05AJ1-F1-model_v4 La ribonucleoprotein 4B	5.851E+00	0.011	15	116	432	482	125	405	723	363	0.658	0.389
LOKIASV2_0201_ESMFold_hypothetical_protein	AF-G4VTG8-F1-model_v4	AF-G4VTG8-F1-model_v4 Enoyl-CoA hydratase-related	9.580E+00	0.011	15	246	439	482	395	556	1015	211	0.402	0.160
LOKIASV2_0201_ESMFold_hypothetical_protein	AF-O45781-F1-model_v4	AF-O45781-F1-model_v4 RRM domain-containing protein	8.128E+00	0.010	14	228	465	482	6	205	207	271	0.494	0.966
LOKIASV2_0201_ESMFold_hypothetical_protein	AF-A0A0P0X3W0-F1-model_v4	AF-A0A0P0X3W0-F1-model_v4 Os07g0237100 protein	5.851E+00	0.010	14	186	463	482	113	339	340	296	0.577	0.668
LOKIASV2_0201_ESMFold_hypothetical_protein	AF-P70333-F1-model_v4	AF-P70333-F1-model_v4 Heterogeneous nuclear ribonucleoprotein H2	5.539E+00	0.010	14	199	447	482	62	278	449	283	0.517	0.483
LOKIASV2_0201_ESMFold_hypothetical_protein	AF-Q02203-F1-model_v4	AF-Q02203-F1-model_v4 Uncharacterized protein YKR005C	8.128E+00	0.010	14	309	439	482	105	266	525	171	0.272	0.309
LOKIASV2_0201_ESMFold_hypothetical_protein	AF-C0H4S3-F1-model_v4	AF-C0H4S3-F1-model_v4 Kinesin-like protein, putative	3.573E+00	0.010	14	3	482	482	163	688	943	601	0.996	0.558
LOKIASV2_0201_ESMFold_hypothetical_protein	AF-Q03601-F1-model_v4	AF-Q03601-F1-model_v4 RING finger protein nhl-1	5.539E+00	0.010	14	27	482	482	113	543	974	516	0.946	0.443
LOKIASV2_0201_ESMFold_hypothetical_protein	AF-Q4CRZ6-F1-model_v4	AF-Q4CRZ6-F1-model_v4 Uncharacterized protein	5.539E+00	0.009	13	198	433	482	36	254	362	271	0.490	0.605
LOKIASV2_0201_ESMFold_hypothetical_protein	AF-Q794E4-F1-model_v4	AF-Q794E4-F1-model_v4 Heterogeneous nuclear ribonucleoprotein F	7.284E+00	0.009	13	199	446	482	62	278	415	284	0.515	0.523
LOKIASV2_0201_ESMFold_hypothetical_protein	AF-I1K4W4-F1-model_v4	AF-I1K4W4-F1-model_v4 ATG13 domain-containing protein	3.383E+00	0.009	13	217	440	482	137	363	618	269	0.465	0.367
LOKIASV2_0201_ESMFold_hypothetical_protein	af_Q9WUE4_5_279_3.30.450.80	af_Q9WUE4_5_279_3.30.450.80	1.779E-05	1.000	180	4	146	482	5	136	275	151	0.297	0.480
LOKIASV2_0201_ESMFold_hypothetical_protein	af_P39923_1_130_1.10.472.10	af_P39923_1_130_1.10.472.10	6.624E-05	1.000	174	4	116	482	13	130	130	120	0.234	0.908
LOKIASV2_0201_ESMFold_hypothetical_protein	af_O42857_1_149_3.30.360.10	af_O42857_1_149_3.30.360.10	4.046E-05	1.000	166	4	131	482	21	148	149	138	0.266	0.859
LOKIASV2_0201_ESMFold_hypothetical_protein	af_Q54JF7_296_417_3.30.450.200	af_Q54JF7_296_417_3.30.450.200	1.028E-05	1.000	161	1	105	482	2	120	122	126	0.218	0.975
LOKIASV2_0201_ESMFold_hypothetical_protein	af_O45074_15_176_3.30.530.20	af_O45074_15_176_3.30.530.20	1.876E-04	1.000	144	4	103	482	3	134	162	132	0.207	0.815
LOKIASV2_0201_ESMFold_hypothetical_protein	af_A0A1D6JWT2_1_222_3.30.530.20	af_A0A1D6JWT2_1_222_3.30.530.20	4.267E-04	1.000	144	4	107	482	36	162	222	127	0.216	0.572
LOKIASV2_0201_ESMFold_hypothetical_protein	af_W6RQZ3_35_444_3.30.530.20	af_W6RQZ3_35_444_3.30.530.20	1.876E-04	1.000	135	4	146	482	5	140	410	156	0.297	0.332
LOKIASV2_0201_ESMFold_hypothetical_protein	af_D4A544_59_200_3.30.530.20	af_D4A544_59_200_3.30.530.20	1.982E-04	1.000	134	4	104	482	3	138	142	139	0.210	0.958
LOKIASV2_0201_ESMFold_hypothetical_protein	af_I1MUG0_1_259_3.30.530.20	af_I1MUG0_1_259_3.30.530.20	2.606E-04	1.000	125	4	103	482	28	183	259	156	0.207	0.602
LOKIASV2_0201_ESMFold_hypothetical_protein	af_Q10NT2_32_166_3.30.530.20	af_Q10NT2_32_166_3.30.530.20	2.336E-04	1.000	122	4	103	482	2	129	135	130	0.207	0.948
LOKIASV2_0201_ESMFold_hypothetical_protein	af_Q55BD9_3_281_3.30.450.80	af_Q55BD9_3_281_3.30.450.80	4.052E-06	1.000	120	4	336	482	5	244	279	353	0.691	0.860
LOKIASV2_0201_ESMFold_hypothetical_protein	3f6oB00	3f6oB00	2.899E-02	1.000	111	275	343	482	2	69	91	69	0.143	0.747
LOKIASV2_0201_ESMFold_hypothetical_protein	3f6vA00	3f6vA00	2.899E-02	1.000	110	281	343	482	6	67	96	63	0.131	0.646
LOKIASV2_0201_ESMFold_hypothetical_protein	af_P9WMI5_37_134_1.10.10.10	af_P9WMI5_37_134_1.10.10.10	2.899E-02	1.000	109	274	344	482	10	79	98	73	0.147	0.714
LOKIASV2_0201_ESMFold_hypothetical_protein	af_Q9W4D1_47_198_3.30.530.20	af_Q9W4D1_47_198_3.30.530.20	1.873E-03	1.000	109	4	125	482	3	152	152	158	0.253	0.987
LOKIASV2_0201_ESMFold_hypothetical_protein	af_Q58721_1_88_1.10.10.10	af_Q58721_1_88_1.10.10.10	3.062E-02	1.000	107	274	343	482	5	74	88	71	0.145	0.795
LOKIASV2_0201_ESMFold_hypothetical_protein	2oqgC00	2oqgC00	5.909E-02	1.000	102	274	343	482	5	73	105	70	0.145	0.657
LOKIASV2_0201_ESMFold_hypothetical_protein	af_Q9VXA0_38_311_3.30.450.80	af_Q9VXA0_38_311_3.30.450.80	4.776E-06	1.000	102	4	328	482	5	260	274	347	0.674	0.934
LOKIASV2_0201_ESMFold_hypothetical_protein	af_P9WMI9_1_89_1.10.10.10	af_P9WMI9_1_89_1.10.10.10	4.746E-02	1.000	101	274	344	482	9	78	89	73	0.147	0.787
LOKIASV2_0201_ESMFold_hypothetical_protein	af_Q4E4R5_36_184_3.30.530.20	af_Q4E4R5_36_184_3.30.530.20	4.753E-03	1.000	101	5	103	482	2	147	149	146	0.205	0.980
LOKIASV2_0201_ESMFold_hypothetical_protein	af_Q2FXF7_1_94_1.10.10.10	af_Q2FXF7_1_94_1.10.10.10	3.609E-02	0.999	99	156	227	482	1	72	94	77	0.149	0.766
LOKIASV2_0201_ESMFold_hypothetical_protein	af_P9WMI7_2_106_1.10.10.10	af_P9WMI7_2_106_1.10.10.10	6.241E-02	0.999	99	280	344	482	13	77	105	68	0.135	0.619
LOKIASV2_0201_ESMFold_hypothetical_protein	af_O53478_1_106_1.10.10.10	af_O53478_1_106_1.10.10.10	3.812E-02	0.998	94	278	360	482	9	81	106	83	0.172	0.689
LOKIASV2_0201_ESMFold_hypothetical_protein	af_P37309_5_97_1.10.10.10	af_P37309_5_97_1.10.10.10	1.420E-01	0.997	91	277	343	482	3	69	93	68	0.139	0.720
LOKIASV2_0201_ESMFold_hypothetical_protein	1u2wC00	1u2wC00	2.459E-02	0.997	91	260	360	482	2	91	98	104	0.210	0.918
LOKIASV2_0201_ESMFold_hypothetical_protein	af_A0A0R4IRC7_10_493_3.30.450.200	af_A0A0R4IRC7_10_493_3.30.450.200	2.459E-02	0.997	91	4	108	482	3	129	484	131	0.218	0.262
LOKIASV2_0201_ESMFold_hypothetical_protein	af_Q58948_3_81_1.10.10.10	af_Q58948_3_81_1.10.10.10	1.420E-01	0.996	90	285	343	482	4	61	79	59	0.122	0.734
LOKIASV2_0201_ESMFold_hypothetical_protein	af_Q58793_322_389_1.10.10.10	af_Q58793_322_389_1.10.10.10	1.344E-01	0.994	87	289	344	482	8	62	68	58	0.116	0.809
LOKIASV2_0201_ESMFold_hypothetical_protein	af_F1LNS2_1_156_3.30.450.60	af_F1LNS2_1_156_3.30.450.60	1.770E-02	0.994	87	4	123	482	14	141	156	130	0.249	0.821
LOKIASV2_0201_ESMFold_hypothetical_protein	2vxzA01	2vxzA01	1.767E-01	0.993	86	287	343	482	8	63	65	59	0.118	0.862
LOKIASV2_0201_ESMFold_hypothetical_protein	1r22B00	1r22B00	7.771E-02	0.992	85	269	344	482	1	78	97	81	0.158	0.804
LOKIASV2_0201_ESMFold_hypothetical_protein	af_P77295_1_99_1.10.10.10	af_P77295_1_99_1.10.10.10	1.500E-01	0.992	85	274	344	482	12	82	99	72	0.147	0.717
LOKIASV2_0201_ESMFold_hypothetical_protein	3f72B00	3f72B00	2.328E-02	0.991	84	247	360	482	1	98	108	117	0.237	0.907
LOKIASV2_0201_ESMFold_hypothetical_protein	2jscA01	2jscA01	1.673E-01	0.988	82	278	344	482	3	68	79	69	0.139	0.835
LOKIASV2_0201_ESMFold_hypothetical_protein	3jthB00	3jthB00	1.767E-01	0.988	82	274	343	482	6	72	88	72	0.145	0.761
LOKIASV2_0201_ESMFold_hypothetical_protein	2oqgA00	2oqgA00	2.594E-01	0.986	81	274	343	482	7	75	107	70	0.145	0.645
LOKIASV2_0201_ESMFold_hypothetical_protein	af_Q20069_1_175_3.30.450.80	af_Q20069_1_175_3.30.450.80	5.013E-02	0.986	81	4	112	482	16	164	175	152	0.226	0.851
LOKIASV2_0201_ESMFold_hypothetical_protein	af_O53921_2_101_1.10.10.10	af_O53921_2_101_1.10.10.10	2.455E-01	0.981	79	274	344	482	9	78	100	73	0.147	0.700
LOKIASV2_0201_ESMFold_hypothetical_protein	af_O08446_1_107_1.10.10.10	af_O08446_1_107_1.10.10.10	4.027E-02	0.981	79	248	360	482	1	89	107	115	0.234	0.832
LOKIASV2_0201_ESMFold_hypothetical_protein	af_Q58184_329_408_1.10.10.10	af_Q58184_329_408_1.10.10.10	3.057E-01	0.978	78	168	227	482	5	64	80	65	0.124	0.750
LOKIASV2_0201_ESMFold_hypothetical_protein	3gw2A00	3gw2A00	1.022E-01	0.978	78	274	360	482	7	82	92	87	0.180	0.826
LOKIASV2_0201_ESMFold_hypothetical_protein	af_P0ACN2_1_125_1.10.10.10	af_P0ACN2_1_125_1.10.10.10	3.603E-01	0.961	74	279	343	482	25	92	125	68	0.135	0.544
LOKIASV2_0201_ESMFold_hypothetical_protein	af_I6Y1A7_25_116_1.10.10.10	af_I6Y1A7_25_116_1.10.10.10	1.079E-01	0.956	73	272	360	482	1	85	92	97	0.185	0.924
LOKIASV2_0201_ESMFold_hypothetical_protein	af_Q58793_245_317_1.10.10.10	af_Q58793_245_317_1.10.10.10	5.287E-01	0.949	72	281	344	482	4	67	73	65	0.133	0.877
LOKIASV2_0201_ESMFold_hypothetical_protein	af_Q8I5Y0_438_518_1.10.10.10	af_Q8I5Y0_438_518_1.10.10.10	1.867E-01	0.941	71	289	344	482	14	72	81	62	0.116	0.728
LOKIASV2_0201_ESMFold_hypothetical_protein	1saxB01	1saxB01	2.200E-01	0.933	70	287	343	482	6	63	64	60	0.118	0.906
LOKIASV2_0201_ESMFold_hypothetical_protein	af_Q9HGK2_5_85_1.10.10.10	af_Q9HGK2_5_85_1.10.10.10	2.200E-01	0.933	70	285	343	482	11	72	81	62	0.122	0.765
LOKIASV2_0201_ESMFold_hypothetical_protein	af_O53838_4_115_1.10.10.10	af_O53838_4_115_1.10.10.10	2.324E-01	0.933	70	269	360	482	4	89	112	96	0.191	0.768
LOKIASV2_0201_ESMFold_hypothetical_protein	4r3aA01	4r3aA01	3.062E-02	0.923	69	1	149	482	9	174	176	180	0.309	0.943
LOKIASV2_0201_ESMFold_hypothetical_protein	af_A4IDI2_2_125_3.30.530.20	af_A4IDI2_2_125_3.30.530.20	2.083E-01	0.912	68	8	100	482	2	123	124	122	0.193	0.984
LOKIASV2_0201_ESMFold_hypothetical_protein	1wq2A00	1wq2A00	8.195E-01	0.887	66	285	344	482	2	61	65	60	0.124	0.923
LOKIASV2_0201_ESMFold_hypothetical_protein	af_O53773_1_99_1.10.10.10	af_O53773_1_99_1.10.10.10	1.079E-01	0.872	65	163	272	482	2	97	99	115	0.228	0.970
LOKIASV2_0201_ESMFold_hypothetical_protein	af_K7MH68_426_767_3.80.10.10	af_K7MH68_426_767_3.80.10.10	3.057E-01	0.872	65	155	227	482	2	64	342	74	0.151	0.184
LOKIASV2_0201_ESMFold_hypothetical_protein	af_Q55CU7_28_378_3.40.50.300	af_Q55CU7_28_378_3.40.50.300	4.027E-02	0.872	65	116	227	482	249	345	351	116	0.232	0.276
LOKIASV2_0201_ESMFold_hypothetical_protein	1sd4B01	1sd4B01	3.057E-01	0.855	64	290	343	482	7	61	62	57	0.112	0.887
LOKIASV2_0201_ESMFold_hypothetical_protein	3m8eB00	3m8eB00	4.247E-01	0.855	64	269	343	482	4	80	93	80	0.156	0.828
LOKIASV2_0201_ESMFold_hypothetical_protein	2lkpB00	2lkpB00	2.455E-01	0.855	64	279	361	482	25	97	119	83	0.172	0.613
LOKIASV2_0201_ESMFold_hypothetical_protein	af_Q8VWG4_7_109_1.10.10.10	af_Q8VWG4_7_109_1.10.10.10	6.964E-02	0.817	62	243	343	482	3	96	103	104	0.210	0.913
LOKIASV2_0201_ESMFold_hypothetical_protein	af_Q4CTJ9_159_297_3.30.450.40	af_Q4CTJ9_159_297_3.30.450.40	1.022E-01	0.817	62	4	110	482	22	138	139	119	0.222	0.842
LOKIASV2_0201_ESMFold_hypothetical_protein	3l09D02	3l09D02	1.342E+00	0.795	61	171	227	482	4	65	82	65	0.118	0.756
LOKIASV2_0201_ESMFold_hypothetical_protein	af_P53187_9_87_1.10.10.10	af_P53187_9_87_1.10.10.10	6.231E-01	0.772	60	167	227	482	11	70	79	64	0.127	0.759
LOKIASV2_0201_ESMFold_hypothetical_protein	af_Q58651_380_469_1.10.10.10	af_Q58651_380_469_1.10.10.10	1.140E-01	0.747	59	248	343	482	1	82	90	98	0.199	0.911
LOKIASV2_0201_ESMFold_hypothetical_protein	4on0C00	4on0C00	5.005E-01	0.747	59	162	258	482	17	96	97	97	0.201	0.825
LOKIASV2_0201_ESMFold_hypothetical_protein	1sd6A01	1sd6A01	7.345E-01	0.720	58	287	343	482	6	63	64	60	0.118	0.906
LOKIASV2_0201_ESMFold_hypothetical_protein	af_Q4DPL3_4_78_1.10.10.10	af_Q4DPL3_4_78_1.10.10.10	4.486E-01	0.720	58	154	227	482	3	71	75	79	0.154	0.920
LOKIASV2_0201_ESMFold_hypothetical_protein	af_Q54UM1_2_78_1.10.10.10	af_Q54UM1_2_78_1.10.10.10	2.594E-01	0.663	56	154	228	482	2	69	77	80	0.156	0.883
LOKIASV2_0201_ESMFold_hypothetical_protein	af_A4D1U4_80_347_3.40.50.11500	af_A4D1U4_80_347_3.40.50.11500	9.690E-03	0.663	56	6	285	482	2	203	268	297	0.581	0.754
LOKIASV2_0201_ESMFold_hypothetical_protein	af_Q9NFA1_23_114_1.20.58.870	af_Q9NFA1_23_114_1.20.58.870	3.603E-01	0.632	55	156	227	482	9	86	92	82	0.149	0.848
LOKIASV2_0201_ESMFold_hypothetical_protein	af_P0C0A2_317_386_1.10.10.10	af_P0C0A2_317_386_1.10.10.10	1.417E+00	0.601	54	286	344	482	6	64	70	60	0.122	0.843
LOKIASV2_0201_ESMFold_hypothetical_protein	af_A0A1D8PMI3_4_97_1.10.10.10	af_A0A1D8PMI3_4_97_1.10.10.10	2.740E-01	0.601	54	171	256	482	8	91	94	92	0.178	0.894
LOKIASV2_0201_ESMFold_hypothetical_protein	af_A4I343_8_85_1.10.10.10	af_A4I343_8_85_1.10.10.10	7.345E-01	0.569	53	156	227	482	3	69	78	74	0.149	0.859
LOKIASV2_0201_ESMFold_hypothetical_protein	af_A4ICT5_130_274_3.30.450.40	af_A4ICT5_130_274_3.30.450.40	1.584E-01	0.537	52	4	110	482	15	132	145	121	0.222	0.814
LOKIASV2_0201_ESMFold_hypothetical_protein	1w1wE00	1w1wE00	1.765E+00	0.505	51	286	343	482	5	65	71	61	0.120	0.859
LOKIASV2_0201_ESMFold_hypothetical_protein	af_Q2FY19_1_81_1.10.10.10	af_Q2FY19_1_81_1.10.10.10	3.411E-01	0.473	50	256	341	482	4	80	81	90	0.178	0.951
LOKIASV2_0201_ESMFold_hypothetical_protein	af_Q6YTK0_650_726_1.10.10.580	af_Q6YTK0_650_726_1.10.10.580	1.342E+00	0.442	49	289	343	482	7	70	77	64	0.114	0.831
LOKIASV2_0201_ESMFold_hypothetical_protein	5k5oD00	5k5oD00	1.765E+00	0.442	49	285	343	482	12	69	92	61	0.122	0.630
LOKIASV2_0201_ESMFold_hypothetical_protein	af_P71983_1_102_1.10.10.10	af_P71983_1_102_1.10.10.10	6.953E-01	0.442	49	269	362	482	7	86	102	95	0.195	0.784
LOKIASV2_0201_ESMFold_hypothetical_protein	af_Q9FQ20_732_804_1.10.10.580	af_Q9FQ20_732_804_1.10.10.580	1.417E+00	0.411	48	289	343	482	11	71	73	61	0.114	0.836
LOKIASV2_0201_ESMFold_hypothetical_protein	1xmkA00	1xmkA00	1.671E+00	0.382	47	166	227	482	4	68	79	67	0.129	0.823
LOKIASV2_0201_ESMFold_hypothetical_protein	3ov8A00	3ov8A00	1.969E+00	0.382	47	293	343	482	21	70	91	51	0.106	0.549
LOKIASV2_0201_ESMFold_hypothetical_protein	af_A0A1D6IQV9_53_379_1.10.10.10	af_A0A1D6IQV9_53_379_1.10.10.10	1.140E-01	0.382	47	156	342	482	2	156	327	199	0.388	0.474
LOKIASV2_0201_ESMFold_hypothetical_protein	af_A0A0R0IAE9_37_364_1.10.10.10	af_A0A0R0IAE9_37_364_1.10.10.10	7.356E-02	0.353	46	159	343	482	15	162	328	196	0.384	0.451
LOKIASV2_0201_ESMFold_hypothetical_protein	4rb2C01	4rb2C01	1.203E+00	0.326	45	290	344	482	18	79	80	62	0.114	0.775
LOKIASV2_0201_ESMFold_hypothetical_protein	1ucrA00	1ucrA00	1.078E+00	0.301	44	156	227	482	1	65	74	75	0.149	0.878
LOKIASV2_0201_ESMFold_hypothetical_protein	af_O96689_621_712_1.10.10.580	af_O96689_621_712_1.10.10.580	6.953E-01	0.301	44	245	343	482	8	86	92	101	0.205	0.859
LOKIASV2_0201_ESMFold_hypothetical_protein	af_Q53LW0_5_107_1.10.10.10	af_Q53LW0_5_107_1.10.10.10	3.229E-01	0.301	44	234	343	482	4	96	103	112	0.228	0.903
LOKIASV2_0201_ESMFold_hypothetical_protein	af_Q7XUF3_631_742_1.10.10.580	af_Q7XUF3_631_742_1.10.10.580	1.138E+00	0.301	44	275	343	482	37	105	112	75	0.143	0.616
LOKIASV2_0201_ESMFold_hypothetical_protein	af_O94553_12_71_1.10.10.10	af_O94553_12_71_1.10.10.10	4.014E+00	0.277	43	285	342	482	1	59	60	59	0.120	0.983
LOKIASV2_0201_ESMFold_hypothetical_protein	af_B7ZZ31_405_498_1.10.10.10	af_B7ZZ31_405_498_1.10.10.10	1.864E+00	0.277	43	161	227	482	4	84	94	81	0.139	0.862
LOKIASV2_0201_ESMFold_hypothetical_protein	2l01B00	2l01B00	1.342E+00	0.254	42	156	228	482	1	69	77	76	0.151	0.896
LOKIASV2_0201_ESMFold_hypothetical_protein	af_A0A2R8PZN8_269_360_1.10.10.10	af_A0A2R8PZN8_269_360_1.10.10.10	9.144E-01	0.254	42	269	343	482	4	84	92	84	0.156	0.880
LOKIASV2_0201_ESMFold_hypothetical_protein	af_A3KNM1_7_98_1.10.10.10	af_A3KNM1_7_98_1.10.10.10	9.144E-01	0.214	40	247	343	482	1	84	92	100	0.201	0.913
LOKIASV2_0201_ESMFold_hypothetical_protein	4hi4A00	4hi4A00	4.247E-01	0.214	40	1	85	482	14	119	119	113	0.176	0.891
LOKIASV2_0201_ESMFold_hypothetical_protein	2hj9C01	2hj9C01	2.889E+00	0.214	40	6	85	482	63	144	156	85	0.166	0.526
LOKIASV2_0201_ESMFold_hypothetical_protein	2v9vA01	2v9vA01	2.451E+00	0.196	39	285	342	482	2	59	60	63	0.120	0.967
LOKIASV2_0201_ESMFold_hypothetical_protein	af_Q5N861_978_1053_1.10.10.580	af_Q5N861_978_1053_1.10.10.580	1.497E+00	0.196	39	293	358	482	17	75	76	67	0.137	0.776
LOKIASV2_0201_ESMFold_hypothetical_protein	af_Q9XWS0_117_243_1.10.10.1890	af_Q9XWS0_117_243_1.10.10.1890	3.411E-01	0.196	39	236	341	482	7	125	127	125	0.220	0.937
LOKIASV2_0201_ESMFold_hypothetical_protein	4hboB00	4hboB00	3.229E-01	0.179	38	4	78	482	4	72	75	81	0.156	0.920
LOKIASV2_0201_ESMFold_hypothetical_protein	af_K7MXC7_462_539_1.10.10.580	af_K7MXC7_462_539_1.10.10.580	1.417E+00	0.179	38	289	361	482	13	78	78	75	0.151	0.846
LOKIASV2_0201_ESMFold_hypothetical_protein	3a0sA00	3a0sA00	9.144E-01	0.179	38	1	79	482	1	94	96	99	0.164	0.979
LOKIASV2_0201_ESMFold_hypothetical_protein	3f72F00	3f72F00	2.080E+00	0.179	38	247	340	482	1	84	102	97	0.195	0.824
LOKIASV2_0201_ESMFold_hypothetical_protein	af_Q9JHS2_237_365_3.30.450.20	af_Q9JHS2_237_365_3.30.450.20	4.738E-01	0.179	38	5	88	482	2	108	129	110	0.174	0.829
LOKIASV2_0201_ESMFold_hypothetical_protein	3caxA02	3caxA02	1.673E-01	0.179	38	5	88	482	29	134	138	111	0.174	0.768
LOKIASV2_0201_ESMFold_hypothetical_protein	af_Q6TEL1_569_636_1.10.10.580	af_Q6TEL1_569_636_1.10.10.580	4.240E+00	0.164	37	288	342	482	11	67	68	57	0.114	0.838
LOKIASV2_0201_ESMFold_hypothetical_protein	af_Q57551_10_151_1.10.10.10	af_Q57551_10_151_1.10.10.10	2.080E+00	0.164	37	248	343	482	1	79	142	96	0.199	0.556
LOKIASV2_0201_ESMFold_hypothetical_protein	af_C1JIE2_229_347_3.30.450.20	af_C1JIE2_229_347_3.30.450.20	8.657E-01	0.126	34	2	88	482	10	117	119	113	0.180	0.908
LOKIASV2_0201_ESMFold_hypothetical_protein	af_A0A2R8Q2I0_299_439_3.30.450.20	af_A0A2R8Q2I0_299_439_3.30.450.20	3.229E-01	0.116	33	5	99	482	11	140	141	134	0.197	0.922
LOKIASV2_0201_ESMFold_hypothetical_protein	af_Q65XL5_64_213_1.10.10.10	af_Q65XL5_64_213_1.10.10.10	9.659E-01	0.116	33	150	326	482	6	127	150	181	0.367	0.813
LOKIASV2_0201_ESMFold_hypothetical_protein	5nwmA00	5nwmA00	9.659E-01	0.098	31	2	87	482	7	117	132	116	0.178	0.841
LOKIASV2_0201_ESMFold_hypothetical_protein	3volA00	3volA00	1.270E+00	0.098	31	1	100	482	14	134	138	129	0.207	0.877
LOKIASV2_0201_ESMFold_hypothetical_protein	af_O96824_1_90_3.30.450.30	af_O96824_1_90_3.30.450.30	2.080E+00	0.090	30	4	80	482	20	87	90	82	0.160	0.756
LOKIASV2_0201_ESMFold_hypothetical_protein	af_Q98TW1_253_374_3.30.450.20	af_Q98TW1_253_374_3.30.450.20	7.758E-01	0.090	30	2	82	482	15	120	122	110	0.168	0.869
LOKIASV2_0201_ESMFold_hypothetical_protein	af_Q9UT07_1_161_3.30.530.20	af_Q9UT07_1_161_3.30.530.20	2.451E+00	0.090	30	55	110	482	103	158	161	56	0.116	0.348
LOKIASV2_0201_ESMFold_hypothetical_protein	af_O07750_26_140_2.60.40.1850	af_O07750_26_140_2.60.40.1850	4.240E+00	0.076	28	46	84	482	77	115	115	39	0.081	0.339
LOKIASV2_0201_ESMFold_hypothetical_protein	4ca0B00	4ca0B00	2.321E+00	0.076	28	242	343	482	21	118	119	108	0.212	0.824
LOKIASV2_0201_ESMFold_hypothetical_protein	af_Q559Z2_740_834_1.10.10.10	af_Q559Z2_740_834_1.10.10.10	1.864E+00	0.069	27	258	346	482	7	95	95	97	0.185	0.937
LOKIASV2_0201_ESMFold_hypothetical_protein	af_Q5A107_1_178_3.30.530.20	af_Q5A107_1_178_3.30.530.20	1.342E+00	0.069	27	55	139	482	104	175	178	86	0.176	0.404
LOKIASV2_0201_ESMFold_hypothetical_protein	af_P9WK61_41_158_2.60.40.1850	af_P9WK61_41_158_2.60.40.1850	5.279E+00	0.063	26	46	82	482	80	116	118	37	0.077	0.314
LOKIASV2_0201_ESMFold_hypothetical_protein	af_A0A0P0Y6R1_53_184_1.10.10.10	af_A0A0P0Y6R1_53_184_1.10.10.10	3.800E+00	0.063	26	159	321	482	14	128	132	166	0.338	0.871
LOKIASV2_0201_ESMFold_hypothetical_protein	3suzA01	3suzA01	6.953E-01	0.063	26	48	146	482	98	185	187	104	0.205	0.471
LOKIASV2_0201_ESMFold_hypothetical_protein	af_A0A0R0KYL2_36_218_3.30.450.20	af_A0A0R0KYL2_36_218_3.30.450.20	5.576E+00	0.051	24	5	88	482	2	108	183	110	0.174	0.585
LOKIASV2_0201_ESMFold_hypothetical_protein	af_A0A1D8PU11_3_151_3.30.530.20	af_A0A1D8PU11_3_151_3.30.530.20	4.479E+00	0.045	23	55	93	482	104	145	149	42	0.081	0.282
LOKIASV2_0201_ESMFold_hypothetical_protein	af_P34566_1_385_1.10.132.70	af_P34566_1_385_1.10.132.70	9.144E-01	0.045	23	262	477	482	122	368	385	261	0.448	0.642
LOKIASV2_0201_ESMFold_hypothetical_protein	5excJ00	5excJ00	2.321E+00	0.040	22	2	87	482	22	120	166	108	0.178	0.596
LOKIASV2_0201_ESMFold_hypothetical_protein	af_Q5BI42_1_825_3.40.50.410	af_Q5BI42_1_825_3.40.50.410	3.405E+00	0.040	22	2	87	482	608	707	825	108	0.178	0.121
LOKIASV2_0201_ESMFold_hypothetical_protein	3f7sA00	3f7sA00	4.731E+00	0.034	21	46	79	482	69	103	134	35	0.071	0.261
LOKIASV2_0201_ESMFold_hypothetical_protein	af_F1Q4X8_128_316_1.20.58.60	af_F1Q4X8_128_316_1.20.58.60	6.572E+00	0.034	21	88	212	482	30	147	189	127	0.259	0.624
LOKIASV2_0201_ESMFold_hypothetical_protein	af_Q54WS5_1048_1167_3.30.310.200	af_Q54WS5_1048_1167_3.30.310.200	1.581E+00	0.029	20	1	81	482	1	81	120	98	0.168	0.675
LOKIASV2_0201_ESMFold_hypothetical_protein	af_Q6NVF4_1_498_1.10.10.2220	af_Q6NVF4_1_498_1.10.10.2220	4.997E+00	0.029	20	259	414	482	266	422	498	175	0.324	0.315
LOKIASV2_0201_ESMFold_hypothetical_protein	af_Q5AMT0_1_193_2.40.128.20	af_Q5AMT0_1_193_2.40.128.20	8.643E+00	0.024	19	49	88	482	62	101	193	40	0.083	0.207
LOKIASV2_0201_ESMFold_hypothetical_protein	af_C0P5T3_10_241_3.30.530.20	af_C0P5T3_10_241_3.30.530.20	2.321E+00	0.024	19	7	101	482	124	206	232	112	0.197	0.358
LOKIASV2_0201_ESMFold_hypothetical_protein	af_Q9UT82_1_110_3.30.70.60	af_Q9UT82_1_110_3.30.70.60	4.240E+00	0.020	18	1	85	482	1	78	110	89	0.176	0.709
LOKIASV2_0201_ESMFold_hypothetical_protein	af_Q9ZV65_473_725_3.30.530.20	af_Q9ZV65_473_725_3.30.530.20	3.052E+00	0.020	18	47	146	482	149	248	253	131	0.207	0.395
LOKIASV2_0201_ESMFold_hypothetical_protein	af_P9WK59_83_224_3.40.1000.10	af_P9WK59_83_224_3.40.1000.10	6.572E+00	0.016	17	3	81	482	34	119	142	99	0.164	0.606
LOKIASV2_0201_ESMFold_hypothetical_protein	4kf5B00	4kf5B00	5.890E+00	0.016	17	3	87	482	87	187	189	108	0.176	0.534
LOKIASV2_0201_ESMFold_hypothetical_protein	af_Q66HY8_318_751_3.90.1150.10	af_Q66HY8_318_751_3.90.1150.10	7.758E-01	0.016	17	33	432	482	32	426	434	454	0.830	0.910
LOKIASV2_0201_ESMFold_hypothetical_protein	af_E7F9N5_56_275_3.30.530.20	af_E7F9N5_56_275_3.30.530.20	6.572E+00	0.014	16	47	108	482	132	218	220	89	0.129	0.395
LOKIASV2_0201_ESMFold_hypothetical_protein	af_Q9M0J8_233_461_3.30.530.20	af_Q9M0J8_233_461_3.30.530.20	5.890E+00	0.014	16	2	109	482	144	227	229	109	0.224	0.367
LOKIASV2_0201_ESMFold_hypothetical_protein	af_A0A2R8RJ61_146_457_2.60.40.10	af_A0A2R8RJ61_146_457_2.60.40.10	2.451E+00	0.014	16	218	442	482	69	289	312	276	0.467	0.708
LOKIASV2_0201_ESMFold_hypothetical_protein	af_Q9US26_1_351_3.40.50.12050	af_Q9US26_1_351_3.40.50.12050	8.182E+00	0.014	16	33	138	482	251	345	351	112	0.220	0.271
LOKIASV2_0201_ESMFold_hypothetical_protein	af_Q4CW22_11_117_3.30.110.20	af_Q4CW22_11_117_3.30.110.20	9.129E+00	0.011	15	30	108	482	40	106	107	79	0.164	0.626
LOKIASV2_0201_ESMFold_hypothetical_protein	af_H2KYV2_42_295_3.80.10.10	af_H2KYV2_42_295_3.80.10.10	7.746E+00	0.011	15	33	88	482	200	251	254	58	0.116	0.205
LOKIASV2_0201_ESMFold_hypothetical_protein	af_Q4DZ21_262_528_3.90.1410.10	af_Q4DZ21_262_528_3.90.1410.10	2.451E+00	0.011	15	212	433	482	4	233	267	282	0.461	0.861
LOKIASV2_0201_ESMFold_hypothetical_protein	af_Q54C78_138_535_2.60.120.260	af_Q54C78_138_535_2.60.120.260	8.643E+00	0.011	15	337	466	482	257	395	398	142	0.270	0.349
LOKIASV2_0201_ESMFold_hypothetical_protein	af_Q4D5X5_457_1150_1.25.10.10	af_Q4D5X5_457_1150_1.25.10.10	2.589E+00	0.011	15	93	436	482	327	616	694	374	0.714	0.418
LOKIASV2_0201_ESMFold_hypothetical_protein	af_Q304F0_1_147_3.30.530.20	af_Q304F0_1_147_3.30.530.20	6.572E+00	0.010	14	2	109	482	44	141	147	126	0.224	0.667
LOKIASV2_0201_ESMFold_hypothetical_protein	af_I1MGJ7_35_194_3.30.530.20	af_I1MGJ7_35_194_3.30.530.20	7.746E+00	0.010	14	51	115	482	92	145	160	70	0.135	0.338
LOKIASV2_0201_ESMFold_hypothetical_protein	af_Q7XXF4_28_246_2.60.120.200	af_Q7XXF4_28_246_2.60.120.200	9.644E+00	0.010	14	1	80	482	74	141	219	87	0.166	0.311
LOKIASV2_0201_ESMFold_hypothetical_protein	af_Q552Q7_653_1450_1.25.10.10	af_Q552Q7_653_1450_1.25.10.10	1.864E+00	0.010	14	85	433	482	404	754	798	416	0.724	0.440
LOKIASV2_0201_ESMFold_hypothetical_protein	af_Q9XZ10_27_842_1.20.58.390	af_Q9XZ10_27_842_1.20.58.390	7.746E+00	0.010	14	1	154	482	165	280	816	160	0.320	0.142
LOKIASV2_0201_ESMFold_hypothetical_protein	af_Q57803_2_154_3.10.420.10	af_Q57803_2_154_3.10.420.10	7.333E+00	0.009	13	46	139	482	37	142	153	110	0.195	0.693
LOKIASV2_0201_ESMFold_hypothetical_protein	af_F1QK90_1_653_3.40.50.300	af_F1QK90_1_653_3.40.50.300	4.731E+00	0.009	13	85	432	482	207	491	653	402	0.722	0.436
LOKIASV2_0201_ESMFold_hypothetical_protein	af_Q86KU2_937_1072_3.30.300.20	af_Q86KU2_937_1072_3.30.300.20	8.182E+00	0.008	12	185	329	482	14	136	136	164	0.301	0.904
LOKIASV2_0201_ESMFold_hypothetical_protein	af_Q4DRH3_677_890_3.30.530.20	af_Q4DRH3_677_890_3.30.530.20	4.997E+00	0.008	12	2	96	482	82	195	214	126	0.197	0.533
LOKIASV2_0201_ESMFold_hypothetical_protein	af_A0A0G2K4S7_175_436_3.90.70.10	af_A0A0G2K4S7_175_436_3.90.70.10	8.643E+00	0.008	12	273	430	482	124	262	262	169	0.328	0.531
LOKIASV2_0201_ESMFold_hypothetical_protein	af_P59114_87_444_1.20.1270.10	af_P59114_87_444_1.20.1270.10	6.572E+00	0.008	12	241	357	482	211	357	358	156	0.243	0.411
LOKIASV2_0201_ESMFold_hypothetical_protein	af_A0A0R4IZR5_265_1276_1.25.10.10	af_A0A0R4IZR5_265_1276_1.25.10.10	4.731E+00	0.008	12	82	482	482	573	935	1012	438	0.832	0.359
LOKIASV2_0201_ESMFold_hypothetical_protein	af_Q9ES45_1_1052_1.10.640.10	af_Q9ES45_1_1052_1.10.640.10	3.800E+00	0.008	12	1	466	482	644	1012	1052	524	0.967	0.351
LOKIASV2_0201_ESMFold_hypothetical_protein	af_Q54NG0_238_448_2.30.29.30	af_Q54NG0_238_448_2.30.29.30	6.572E+00	0.007	11	290	412	482	112	207	211	124	0.255	0.455
LOKIASV2_0201_ESMFold_hypothetical_protein	af_K7MCQ2_67_421_3.30.420.10	af_K7MCQ2_67_421_3.30.420.10	5.890E+00	0.007	11	33	327	482	119	348	355	318	0.612	0.648
LOKIASV2_0201_ESMFold_hypothetical_protein	af_Q6IVV8_1_521_1.20.120.350	af_Q6IVV8_1_521_1.20.120.350	9.129E+00	0.007	11	8	153	482	313	510	521	205	0.303	0.380
LOKIASV2_0201_ESMFold_hypothetical_protein	af_A0A1D6HCD2_1_625_1.25.10.10	af_A0A1D6HCD2_1_625_1.25.10.10	9.129E+00	0.007	11	90	450	482	273	624	625	411	0.749	0.563
LOKIASV2_0201_ESMFold_hypothetical_protein	af_O06299_1_217_3.40.50.300	af_O06299_1_217_3.40.50.300	9.129E+00	0.000	10	119	353	482	23	215	217	264	0.488	0.889
LOKIASV2_0201_ESMFold_hypothetical_protein	af_G5EFY6_345_761_1.25.40.1030	af_G5EFY6_345_761_1.25.40.1030	7.746E+00	0.000	10	50	337	482	12	372	417	406	0.598	0.866
LOKIASV2_0201_ESMFold_hypothetical_protein	af_Q24592_1_591_3.30.505.10	af_Q24592_1_591_3.30.505.10	9.129E+00	0.000	10	239	429	482	180	324	591	204	0.396	0.245
LOKIASV2_0201_ESMFold_hypothetical_protein	af_H2L033_1_635_3.30.420.10	af_H2L033_1_635_3.30.420.10	9.644E+00	0.000	10	24	323	482	286	544	635	332	0.622	0.408
LOKIASV2_0201_ESMFold_hypothetical_protein	af_I1L2Z9_46_295_1.25.40.10	af_I1L2Z9_46_295_1.25.40.10	9.129E+00	0.000	9	111	407	482	7	250	250	327	0.616	0.976
LOKIASV2_0201_ESMFold_hypothetical_protein	af_O17972_279_682_2.60.40.150	af_O17972_279_682_2.60.40.150	8.182E+00	0.000	8	3	158	482	108	384	404	290	0.324	0.686
LOKIASV2_0201_ESMFold_hypothetical_protein	8fw5-assembly1.cif.gz_B	8fw5-assembly1.cif.gz_B Chimeric HsGATOR1-SpGtr-SpLam complex	4.111E-04	1.000	146	4	139	482	4	132	362	138	0.282	0.356
LOKIASV2_0201_ESMFold_hypothetical_protein	8adl-assembly1.cif.gz_T	8adl-assembly1.cif.gz_T Cryo-EM structure of the SEA complex	1.102E-03	1.000	142	4	107	482	7	114	402	108	0.216	0.269
LOKIASV2_0201_ESMFold_hypothetical_protein	3f6o-assembly1.cif.gz_A	3f6o-assembly1.cif.gz_A Crystal structure of ArsR family transcriptional regulator, RHA00566	4.580E-03	1.000	131	269	343	482	1	74	97	75	0.156	0.763
LOKIASV2_0201_ESMFold_hypothetical_protein	7p6f-assembly2.cif.gz_CCC-2	7p6f-assembly2.cif.gz_CCC-2 1.93 A resolution X-ray crystal structure of the transcriptional regulator SrnR from Streptomyces griseus	1.529E-02	1.000	122	274	343	482	5	73	103	70	0.145	0.670
LOKIASV2_0201_ESMFold_hypothetical_protein	3f6o-assembly1.cif.gz_B	3f6o-assembly1.cif.gz_B Crystal structure of ArsR family transcriptional regulator, RHA00566	3.673E-02	1.000	111	275	343	482	2	69	91	69	0.143	0.747
LOKIASV2_0201_ESMFold_hypothetical_protein	7p6f-assembly1.cif.gz_BBB	7p6f-assembly1.cif.gz_BBB 1.93 A resolution X-ray crystal structure of the transcriptional regulator SrnR from Streptomyces griseus	6.023E-03	1.000	111	274	364	482	6	94	101	98	0.189	0.881
LOKIASV2_0201_ESMFold_hypothetical_protein	3f6v-assembly1.cif.gz_A-2	3f6v-assembly1.cif.gz_A-2 Crystal structure of Possible transcriptional regulator for arsenical resistance	3.673E-02	1.000	110	281	343	482	6	67	96	63	0.131	0.646
LOKIASV2_0201_ESMFold_hypothetical_protein	8dhb-assembly1.cif.gz_J	8dhb-assembly1.cif.gz_J Active FLCN GAP complex	4.111E-04	1.000	107	3	166	482	2	190	361	197	0.340	0.524
LOKIASV2_0201_ESMFold_hypothetical_protein	6o8o-assembly2.cif.gz_D	6o8o-assembly2.cif.gz_D Crystal Structure of C9S disulfide state of Sulfide-responsive transcriptional repressor (SqrR) from Rhodobacter capsulatus.	8.824E-02	0.999	98	165	227	482	21	81	99	65	0.131	0.616
LOKIASV2_0201_ESMFold_hypothetical_protein	6ulg-assembly1.cif.gz_L	6ulg-assembly1.cif.gz_L Cryo-EM structure of the FLCN-FNIP2-Rag-Ragulator complex	1.042E-02	0.999	98	3	158	482	2	214	458	215	0.324	0.465
LOKIASV2_0201_ESMFold_hypothetical_protein	7t3a-assembly1.cif.gz_B	7t3a-assembly1.cif.gz_B GATOR1-RAG-RAGULATOR - Inhibitory Complex	2.124E-02	0.999	97	4	139	482	4	132	362	140	0.282	0.356
LOKIASV2_0201_ESMFold_hypothetical_protein	3jth-assembly1.cif.gz_A	3jth-assembly1.cif.gz_A Crystal structure of a transcriptional regulator HlyU from Vibrio vulnificus CMCP6	8.354E-02	0.999	96	274	343	482	11	79	96	70	0.145	0.719
LOKIASV2_0201_ESMFold_hypothetical_protein	6cda-assembly1.cif.gz_A-2	6cda-assembly1.cif.gz_A-2 Crystal structure of L34A CzrA in the Zn(II)bound state	1.445E-01	0.998	93	274	344	482	7	76	95	73	0.147	0.737
LOKIASV2_0201_ESMFold_hypothetical_protein	3pqj-assembly2.cif.gz_C	3pqj-assembly2.cif.gz_C Crystal Structure of the transcriptional repressor BigR from Xylella fastidiosa	1.295E-01	0.998	93	278	343	482	15	79	98	68	0.137	0.663
LOKIASV2_0201_ESMFold_hypothetical_protein	1u2w-assembly1.cif.gz_B	1u2w-assembly1.cif.gz_B Crystal Structure of the Staphylococcus aureus pI258 CadC	1.802E-02	0.997	92	256	360	482	4	97	107	108	0.218	0.879
LOKIASV2_0201_ESMFold_hypothetical_protein	6ulg-assembly1.cif.gz_N	6ulg-assembly1.cif.gz_N Cryo-EM structure of the FLCN-FNIP2-Rag-Ragulator complex	1.164E-03	0.997	92	3	139	482	7	169	483	169	0.284	0.337
LOKIASV2_0201_ESMFold_hypothetical_protein	1u2w-assembly2.cif.gz_C	1u2w-assembly2.cif.gz_C Crystal Structure of the Staphylococcus aureus pI258 CadC	3.116E-02	0.997	91	260	360	482	2	91	98	104	0.210	0.918
LOKIASV2_0201_ESMFold_hypothetical_protein	3f72-assembly1.cif.gz_A	3f72-assembly1.cif.gz_A Crystal Structure of the Staphylococcus aureus pI258 CadC Metal Binding Site 2 Mutant	3.880E-02	0.995	88	256	344	482	6	91	107	92	0.185	0.804
LOKIASV2_0201_ESMFold_hypothetical_protein	1r1u-assembly1.cif.gz_B	1r1u-assembly1.cif.gz_B Crystal structure of the metal-sensing transcriptional repressor CzrA from Staphylococcus aureus in the apo-form	1.526E-01	0.994	87	274	344	482	6	75	93	74	0.147	0.753
LOKIASV2_0201_ESMFold_hypothetical_protein	1r1v-assembly2.cif.gz_B	1r1v-assembly2.cif.gz_B Crystal structure of the metal-sensing transcriptional repressor CzrA from Staphylococcus aureus in the Zn2-form	2.240E-01	0.993	86	274	344	482	6	75	96	73	0.147	0.729
LOKIASV2_0201_ESMFold_hypothetical_protein	1r22-assembly1.cif.gz_B	1r22-assembly1.cif.gz_B Crystal structure of the cyanobacterial metallothionein repressor SmtB (C14S/C61S/C121S mutant) in the Zn2alpha5-form	9.846E-02	0.992	85	269	344	482	1	78	97	81	0.158	0.804
LOKIASV2_0201_ESMFold_hypothetical_protein	2oqg-assembly1.cif.gz_D	2oqg-assembly1.cif.gz_D ArsR-like Transcriptional Regulator from Rhodococcus sp. RHA1	2.007E-01	0.992	85	274	343	482	5	73	106	70	0.145	0.651
LOKIASV2_0201_ESMFold_hypothetical_protein	3f72-assembly1.cif.gz_B	3f72-assembly1.cif.gz_B Crystal Structure of the Staphylococcus aureus pI258 CadC Metal Binding Site 2 Mutant	2.950E-02	0.991	84	247	360	482	1	98	108	117	0.237	0.907
LOKIASV2_0201_ESMFold_hypothetical_protein	1r1u-assembly2.cif.gz_D	1r1u-assembly2.cif.gz_D Crystal structure of the metal-sensing transcriptional repressor CzrA from Staphylococcus aureus in the apo-form	2.945E-01	0.988	82	274	344	482	6	75	95	73	0.147	0.737
LOKIASV2_0201_ESMFold_hypothetical_protein	6o8o-assembly2.cif.gz_C	6o8o-assembly2.cif.gz_C Crystal Structure of C9S disulfide state of Sulfide-responsive transcriptional repressor (SqrR) from Rhodobacter capsulatus.	1.040E-01	0.988	82	165	260	482	18	92	96	96	0.199	0.781
LOKIASV2_0201_ESMFold_hypothetical_protein	6nzd-assembly1.cif.gz_H	6nzd-assembly1.cif.gz_H Cryo-EM Structure of the Lysosomal Folliculin Complex (FLCN-FNIP2-RagA-RagC-Ragulator)	2.644E-02	0.988	82	3	167	482	2	217	387	219	0.342	0.558
LOKIASV2_0201_ESMFold_hypothetical_protein	2kjc-assembly1.cif.gz_B	2kjc-assembly1.cif.gz_B Solution structure of CzrA in the Zn(II) state	3.286E-01	0.986	81	165	227	482	14	74	95	63	0.131	0.642
LOKIASV2_0201_ESMFold_hypothetical_protein	6o8m-assembly1.cif.gz_A	6o8m-assembly1.cif.gz_A Crystal Structure of C9S apo Sulfide-responsive transcriptional repressor (SqrR) from Rhodobacter capsulated bound to diamide (tetramethylazodicarboxamide).	5.389E-02	0.986	81	165	257	482	15	86	95	96	0.193	0.758
LOKIASV2_0201_ESMFold_hypothetical_protein	4ooi-assembly1.cif.gz_B	4ooi-assembly1.cif.gz_B Reduced HlyU from Vibrio cholerae N16961	9.846E-02	0.986	81	274	361	482	10	94	96	95	0.183	0.885
LOKIASV2_0201_ESMFold_hypothetical_protein	6o8o-assembly1.cif.gz_B	6o8o-assembly1.cif.gz_B Crystal Structure of C9S disulfide state of Sulfide-responsive transcriptional repressor (SqrR) from Rhodobacter capsulatus.	2.503E-02	0.986	81	124	260	482	3	104	108	143	0.284	0.944
LOKIASV2_0201_ESMFold_hypothetical_protein	2kko-assembly1.cif.gz_A	2kko-assembly1.cif.gz_A Solution NMR structure of the homodimeric winged helix-turn-helix DNA-binding domain (fragment 1-100) Mb0332 from Mycobacterium bovis, a possible ArsR-family transcriptional regulator. Northeast Structural Genomics Consortium Target MbR242E.	4.098E-02	0.981	79	246	344	482	3	82	108	101	0.205	0.741
LOKIASV2_0201_ESMFold_hypothetical_protein	2oqg-assembly1.cif.gz_B	2oqg-assembly1.cif.gz_B ArsR-like Transcriptional Regulator from Rhodococcus sp. RHA1	4.091E-01	0.978	78	274	343	482	7	75	109	70	0.145	0.633
LOKIASV2_0201_ESMFold_hypothetical_protein	7o75-assembly1.cif.gz_2	7o75-assembly1.cif.gz_2 Yeast RNA polymerase II transcription pre-initiation complex with open promoter DNA	3.477E-02	0.978	78	241	343	482	6	96	445	105	0.214	0.204
LOKIASV2_0201_ESMFold_hypothetical_protein	7zsb-assembly1.cif.gz_2	7zsb-assembly1.cif.gz_2 Yeast RNA polymerase II transcription pre-initiation complex with the +1 nucleosome and NTP, complex C	5.389E-02	0.971	76	241	344	482	7	97	452	106	0.216	0.201
LOKIASV2_0201_ESMFold_hypothetical_protein	3gw2-assembly1.cif.gz_A-2	3gw2-assembly1.cif.gz_A-2 Crystal structure of possible transcriptional regulatory protein (fragment 1-100) from Mycobacterium bovis. Northeast Structural Genomics Consortium Target MbR242E.	1.703E-01	0.967	75	274	360	482	7	83	93	89	0.180	0.828
LOKIASV2_0201_ESMFold_hypothetical_protein	6jmi-assembly2.cif.gz_B	6jmi-assembly2.cif.gz_B Crystal structure of M.tuberculosis Rv0081	1.160E-01	0.967	75	165	264	482	13	89	96	101	0.207	0.802
LOKIASV2_0201_ESMFold_hypothetical_protein	2jsc-assembly1.cif.gz_B	2jsc-assembly1.cif.gz_B NMR structure of the cadmium metal-sensor CMTR from Mycobacterium tuberculosis	1.703E-01	0.961	74	278	367	482	4	83	97	90	0.187	0.825
LOKIASV2_0201_ESMFold_hypothetical_protein	6jmi-assembly2.cif.gz_C	6jmi-assembly2.cif.gz_C Crystal structure of M.tuberculosis Rv0081	1.703E-01	0.956	73	269	360	482	1	80	96	92	0.191	0.833
LOKIASV2_0201_ESMFold_hypothetical_protein	4zy8-assembly4.cif.gz_D	4zy8-assembly4.cif.gz_D K. lactis Lst4 longin domain	6.013E-02	0.956	73	3	142	482	2	144	145	156	0.290	0.986
LOKIASV2_0201_ESMFold_hypothetical_protein	1r1t-assembly1.cif.gz_B	1r1t-assembly1.cif.gz_B Crystal structure of the cyanobacterial metallothionein repressor SmtB in the apo-form	2.366E-01	0.949	72	267	344	482	5	84	99	83	0.162	0.808
LOKIASV2_0201_ESMFold_hypothetical_protein	3f72-assembly2.cif.gz_C	3f72-assembly2.cif.gz_C Crystal Structure of the Staphylococcus aureus pI258 CadC Metal Binding Site 2 Mutant	9.846E-02	0.949	72	256	360	482	4	94	103	108	0.218	0.883
LOKIASV2_0201_ESMFold_hypothetical_protein	2kko-assembly1.cif.gz_B	2kko-assembly1.cif.gz_B Solution NMR structure of the homodimeric winged helix-turn-helix DNA-binding domain (fragment 1-100) Mb0332 from Mycobacterium bovis, a possible ArsR-family transcriptional regulator. Northeast Structural Genomics Consortium Target MbR242E.	5.102E-02	0.949	72	247	360	482	4	89	108	116	0.237	0.796
LOKIASV2_0201_ESMFold_hypothetical_protein	4zy8-assembly3.cif.gz_B	4zy8-assembly3.cif.gz_B K. lactis Lst4 longin domain	3.673E-02	0.949	72	3	142	482	2	143	144	155	0.290	0.986
LOKIASV2_0201_ESMFold_hypothetical_protein	7t3c-assembly1.cif.gz_C	7t3c-assembly1.cif.gz_C GATOR1-RAG-RAGULATOR - Dual Complex	2.130E-04	0.949	72	4	359	482	4	402	406	482	0.739	0.983
LOKIASV2_0201_ESMFold_hypothetical_protein	2fsw-assembly1.cif.gz_A	2fsw-assembly1.cif.gz_A Crystal Structure of the Putative Transcriptional Regualator, MarR family from Porphyromonas gingivalis W83	7.076E-01	0.941	71	279	343	482	13	80	102	68	0.135	0.667
LOKIASV2_0201_ESMFold_hypothetical_protein	7o2w-assembly1.cif.gz_A	7o2w-assembly1.cif.gz_A Structure of the C9orf72-SMCR8 complex	8.824E-02	0.941	71	4	149	482	15	166	418	168	0.303	0.364
LOKIASV2_0201_ESMFold_hypothetical_protein	6j05-assembly1.cif.gz_B	6j05-assembly1.cif.gz_B Structures of two ArsR As(III)-responsive repressors: implications for the mechanism of derepression	7.475E-01	0.923	69	271	343	482	2	76	90	76	0.151	0.833
LOKIASV2_0201_ESMFold_hypothetical_protein	2m30-assembly1.cif.gz_A	2m30-assembly1.cif.gz_A Solution NMR refinement of a metal ion bound protein using quantum mechanical/molecular mechanical and molecular dynamics methods	5.381E-01	0.923	69	278	344	482	10	75	95	67	0.139	0.695
LOKIASV2_0201_ESMFold_hypothetical_protein	2jsc-assembly1.cif.gz_A	2jsc-assembly1.cif.gz_A NMR structure of the cadmium metal-sensor CMTR from Mycobacterium tuberculosis	2.366E-01	0.923	69	278	367	482	3	82	96	92	0.187	0.833
LOKIASV2_0201_ESMFold_hypothetical_protein	6cdb-assembly1.cif.gz_A	6cdb-assembly1.cif.gz_A Crystal Structure of V66L CzrA in the Zn(II)bound state	2.366E-01	0.923	69	246	344	482	2	78	97	101	0.205	0.794
LOKIASV2_0201_ESMFold_hypothetical_protein	1r1t-assembly1.cif.gz_A	1r1t-assembly1.cif.gz_A Crystal structure of the cyanobacterial metallothionein repressor SmtB in the apo-form	3.667E-01	0.923	69	269	344	482	3	80	98	81	0.158	0.796
LOKIASV2_0201_ESMFold_hypothetical_protein	6ekk-assembly2.cif.gz_B	6ekk-assembly2.cif.gz_B Crystal structure of GEF domain of DENND 1A in complex with Rab GTPase Rab35-GDP bound state.	2.124E-02	0.923	69	4	117	482	14	124	381	125	0.237	0.291
LOKIASV2_0201_ESMFold_hypothetical_protein	3pqj-assembly2.cif.gz_D	3pqj-assembly2.cif.gz_D Crystal Structure of the transcriptional repressor BigR from Xylella fastidiosa	1.799E-01	0.912	68	128	227	482	3	73	90	100	0.207	0.789
LOKIASV2_0201_ESMFold_hypothetical_protein	4omz-assembly2.cif.gz_C	4omz-assembly2.cif.gz_C Crystal Structure of NolR from Sinorhizobium fredii	2.640E-01	0.912	68	247	360	482	4	90	100	116	0.237	0.870
LOKIASV2_0201_ESMFold_hypothetical_protein	5k5q-assembly1.cif.gz_C	5k5q-assembly1.cif.gz_C Structure of AspA-DNA complex: novel centromere bindng protein-centromere complex	3.471E-01	0.900	67	282	343	482	9	69	91	62	0.129	0.670
LOKIASV2_0201_ESMFold_hypothetical_protein	3cuo-assembly2.cif.gz_C	3cuo-assembly2.cif.gz_C Crystal structure of the predicted DNA-binding transcriptional regulator from E. coli	7.475E-01	0.900	67	274	344	482	10	80	95	74	0.147	0.747
LOKIASV2_0201_ESMFold_hypothetical_protein	6jmi-assembly1.cif.gz_A	6jmi-assembly1.cif.gz_A Crystal structure of M.tuberculosis Rv0081	2.366E-01	0.900	67	165	264	482	14	93	100	103	0.207	0.800
LOKIASV2_0201_ESMFold_hypothetical_protein	6j05-assembly1.cif.gz_A	6j05-assembly1.cif.gz_A Structures of two ArsR As(III)-responsive repressors: implications for the mechanism of derepression	7.475E-01	0.900	67	271	343	482	1	75	101	76	0.151	0.743
LOKIASV2_0201_ESMFold_hypothetical_protein	5gpo-assembly1.cif.gz_B	5gpo-assembly1.cif.gz_B The sensor domain structure of the zinc-responsive histidine kinase CzcS from Pseudomonas Aeruginosa	2.950E-02	0.900	67	2	79	482	48	121	124	80	0.162	0.597
LOKIASV2_0201_ESMFold_hypothetical_protein	1wq2-assembly1.cif.gz_A	1wq2-assembly1.cif.gz_A Neutron Crystal Structure Of Dissimilatory Sulfite Reductase D (DsrD)	1.038E+00	0.887	66	285	344	482	2	61	65	60	0.124	0.923
LOKIASV2_0201_ESMFold_hypothetical_protein	2hzt-assembly2.cif.gz_D	2hzt-assembly2.cif.gz_D Crystal Structure of a putative HTH-type transcriptional regulator ytcD	2.366E-01	0.887	66	289	360	482	15	76	92	72	0.149	0.674
LOKIASV2_0201_ESMFold_hypothetical_protein	4ggg-assembly2.cif.gz_B	4ggg-assembly2.cif.gz_B Crystal structure of V66A/L68V CzrA in the Zn(II)bound state.	4.565E-01	0.887	66	274	344	482	6	75	93	76	0.147	0.753
LOKIASV2_0201_ESMFold_hypothetical_protein	6uvu-assembly1.cif.gz_A	6uvu-assembly1.cif.gz_A Crystal structure of the AntR antimony-specific transcriptional repressor	3.873E-01	0.887	66	274	360	482	20	98	111	88	0.180	0.712
LOKIASV2_0201_ESMFold_hypothetical_protein	7t3b-assembly1.cif.gz_C	7t3b-assembly1.cif.gz_C GATOR1-RAG-RAGULATOR - GAP Complex	6.033E-04	0.887	66	4	359	482	4	401	405	474	0.739	0.983
LOKIASV2_0201_ESMFold_hypothetical_protein	8ebw-assembly1.cif.gz_D	8ebw-assembly1.cif.gz_D Initial DNA-lesion (AP) binding by XPC and TFIIH complex2	1.368E-01	0.887	66	240	343	482	3	94	446	107	0.216	0.206
LOKIASV2_0201_ESMFold_hypothetical_protein	3m8f-assembly1.cif.gz_A	3m8f-assembly1.cif.gz_A Protein structure of type III plasmid segregation TubR mutant	4.822E-01	0.872	65	269	343	482	3	79	96	80	0.156	0.802
LOKIASV2_0201_ESMFold_hypothetical_protein	3pqk-assembly2.cif.gz_D	3pqk-assembly2.cif.gz_D Crystal Structure of the transcriptional repressor BigR from Xylella fastidiosa	4.091E-01	0.872	65	252	343	482	2	78	101	94	0.191	0.762
LOKIASV2_0201_ESMFold_hypothetical_protein	5hs8-assembly1.cif.gz_A	5hs8-assembly1.cif.gz_A Crystal structure of the diamide-treated YodB from B. subtilis	1.366E+00	0.855	64	274	343	482	5	77	101	73	0.145	0.723
LOKIASV2_0201_ESMFold_hypothetical_protein	7kd3-assembly1.cif.gz_A	7kd3-assembly1.cif.gz_A Structure of an HxlR/DUF24 family transcription regulator, CdTR_3200 from hypervirulent Clostridioides difficile R20291	7.475E-01	0.855	64	269	343	482	2	76	101	78	0.156	0.743
LOKIASV2_0201_ESMFold_hypothetical_protein	1r23-assembly1.cif.gz_A	1r23-assembly1.cif.gz_A Crystal structure of the cyanobacterial metallothionein repressor SmtB in the Zn1-form (one Zn(II) per dimer)	2.366E-01	0.855	64	243	344	482	7	86	104	104	0.212	0.769
LOKIASV2_0201_ESMFold_hypothetical_protein	1yyv-assembly1.cif.gz_B	1yyv-assembly1.cif.gz_B Putative transcriptional regulator ytfH from Salmonella typhimurium	1.224E+00	0.855	64	279	343	482	14	81	112	68	0.135	0.607
LOKIASV2_0201_ESMFold_hypothetical_protein	2lkp-assembly1.cif.gz_B	2lkp-assembly1.cif.gz_B solution structure of apo-NmtR	3.111E-01	0.855	64	279	361	482	25	97	119	83	0.172	0.613
LOKIASV2_0201_ESMFold_hypothetical_protein	4rs8-assembly1.cif.gz_B	4rs8-assembly1.cif.gz_B Apo structure of novel pNOB8 plasmid centromere binding protein	7.076E-01	0.837	63	285	343	482	5	62	82	59	0.122	0.707
LOKIASV2_0201_ESMFold_hypothetical_protein	7kd3-assembly1.cif.gz_B	7kd3-assembly1.cif.gz_B Structure of an HxlR/DUF24 family transcription regulator, CdTR_3200 from hypervirulent Clostridioides difficile R20291	1.159E+00	0.837	63	279	343	482	9	71	96	65	0.135	0.656
LOKIASV2_0201_ESMFold_hypothetical_protein	1u2w-assembly1.cif.gz_A	1u2w-assembly1.cif.gz_A Crystal Structure of the Staphylococcus aureus pI258 CadC	2.640E-01	0.837	63	256	360	482	4	93	105	108	0.218	0.857
LOKIASV2_0201_ESMFold_hypothetical_protein	8ebx-assembly1.cif.gz_D	8ebx-assembly1.cif.gz_D XPA repositioning Core7 of TFIIH relative to XPC-DNA lesion (AP)	2.120E-01	0.837	63	241	343	482	4	94	434	106	0.214	0.210
LOKIASV2_0201_ESMFold_hypothetical_protein	8ebt-assembly1.cif.gz_D	8ebt-assembly1.cif.gz_D XPA repositioning Core7 of TFIIH relative to XPC-DNA lesion (Cy5)	2.120E-01	0.837	63	241	343	482	4	94	436	106	0.214	0.209
LOKIASV2_0201_ESMFold_hypothetical_protein	3m8e-assembly1.cif.gz_A	3m8e-assembly1.cif.gz_A Protein structure of Type III plasmid segregation TubR	8.340E-01	0.817	62	287	343	482	22	82	101	62	0.118	0.604
LOKIASV2_0201_ESMFold_hypothetical_protein	5hs7-assembly1.cif.gz_A	5hs7-assembly1.cif.gz_A Reduced form of the transcriptional regulator YodB from B. subtilis	1.700E+00	0.817	62	274	343	482	4	76	102	73	0.145	0.716
LOKIASV2_0201_ESMFold_hypothetical_protein	5kk1-assembly1.cif.gz_E	5kk1-assembly1.cif.gz_E Structure of pNOB8 AspA-DNA complex.	7.896E-01	0.772	60	285	343	482	12	69	91	61	0.122	0.637
LOKIASV2_0201_ESMFold_hypothetical_protein	6gym-assembly1.cif.gz_2	6gym-assembly1.cif.gz_2 Structure of a yeast closed complex with distorted DNA (CCdist)	2.788E-01	0.772	60	241	343	482	8	98	395	107	0.214	0.230
LOKIASV2_0201_ESMFold_hypothetical_protein	5k5r-assembly2.cif.gz_E	5k5r-assembly2.cif.gz_E AspA-32mer DNA,crystal form 2	7.896E-01	0.720	58	282	343	482	9	69	91	62	0.129	0.670
LOKIASV2_0201_ESMFold_hypothetical_protein	6o8n-assembly1.cif.gz_A	6o8n-assembly1.cif.gz_A Crystal Structure of C9S tetrasulfide state of Sulfide-responsive transcriptional repressor (SqrR) from Rhodobacter capsulatus.	1.526E-01	0.720	58	130	261	482	2	88	91	135	0.274	0.956
LOKIASV2_0201_ESMFold_hypothetical_protein	2vxz-assembly1.cif.gz_A	2vxz-assembly1.cif.gz_A Crystal Structure of hypothetical protein PyrSV_gp04 from Pyrobaculum spherical virus	4.329E-02	0.692	57	170	343	482	8	149	153	182	0.361	0.928
LOKIASV2_0201_ESMFold_hypothetical_protein	8byq-assembly1.cif.gz_3	8byq-assembly1.cif.gz_3 RNA polymerase II pre-initiation complex with the proximal +1 nucleosome (PIC-Nuc10W)	1.445E-01	0.663	56	232	366	482	2	121	452	146	0.280	0.265
LOKIASV2_0201_ESMFold_hypothetical_protein	4a5m-assembly1.cif.gz_B	4a5m-assembly1.cif.gz_B Redox regulator HypR in its oxidized form	2.362E+00	0.601	54	279	343	482	6	73	97	71	0.135	0.701
LOKIASV2_0201_ESMFold_hypothetical_protein	6aht-assembly1.cif.gz_B	6aht-assembly1.cif.gz_B Plasmid partitioning protein TubR from Bacillus cereus	9.306E-01	0.601	54	158	227	482	7	90	109	85	0.145	0.771
LOKIASV2_0201_ESMFold_hypothetical_protein	4zy8-assembly1.cif.gz_C	4zy8-assembly1.cif.gz_C K. lactis Lst4 longin domain	1.612E-01	0.601	54	3	142	482	3	143	144	161	0.290	0.979
LOKIASV2_0201_ESMFold_hypothetical_protein	5k5q-assembly1.cif.gz_A	5k5q-assembly1.cif.gz_A Structure of AspA-DNA complex: novel centromere bindng protein-centromere complex	1.524E+00	0.569	53	283	343	482	7	66	89	61	0.127	0.674
LOKIASV2_0201_ESMFold_hypothetical_protein	5gpo-assembly1.cif.gz_A	5gpo-assembly1.cif.gz_A The sensor domain structure of the zinc-responsive histidine kinase CzcS from Pseudomonas Aeruginosa	1.295E-01	0.569	53	2	79	482	46	118	121	80	0.162	0.603
LOKIASV2_0201_ESMFold_hypothetical_protein	7jl6-assembly1.cif.gz_A	7jl6-assembly1.cif.gz_A Heme binding to SrrB PAS domain plays a role in redox regulation of S. aureus SrrAB two-component system	2.240E-01	0.537	52	1	80	482	11	93	104	88	0.166	0.798
LOKIASV2_0201_ESMFold_hypothetical_protein	7yx0-assembly1.cif.gz_C	7yx0-assembly1.cif.gz_C Crystal structure of the full-length short LOV protein SBW25-LOV from Pseudomonas fluorescens (light state)	7.487E-02	0.537	52	1	116	482	14	150	150	142	0.241	0.913
LOKIASV2_0201_ESMFold_hypothetical_protein	7yx0-assembly1.cif.gz_A	7yx0-assembly1.cif.gz_A Crystal structure of the full-length short LOV protein SBW25-LOV from Pseudomonas fluorescens (light state)	4.830E-02	0.537	52	1	113	482	32	165	166	139	0.234	0.807
LOKIASV2_0201_ESMFold_hypothetical_protein	5ey0-assembly1.cif.gz_B	5ey0-assembly1.cif.gz_B Crystal structure of CodY from Staphylococcus aureus with GTP and Ile	3.116E-02	0.537	52	3	227	482	37	242	253	261	0.467	0.814
LOKIASV2_0201_ESMFold_hypothetical_protein	7v6j-assembly1.cif.gz_B	7v6j-assembly1.cif.gz_B LcCOMT in complex with SAM	1.366E+00	0.537	52	290	343	482	31	91	341	61	0.112	0.179
LOKIASV2_0201_ESMFold_hypothetical_protein	7ml1-assembly1.cif.gz_2	7ml1-assembly1.cif.gz_2 RNA polymerase II pre-initiation complex (PIC2)	5.381E-01	0.537	52	239	343	482	3	94	460	107	0.218	0.200
LOKIASV2_0201_ESMFold_hypothetical_protein	4esf-assembly1.cif.gz_A-2	4esf-assembly1.cif.gz_A-2 Crystal structure of PadR-like transcriptional regulator (BCE3449) from Bacillus cereus strain ATCC 10987	2.635E+00	0.505	51	174	227	482	14	71	100	58	0.112	0.580
LOKIASV2_0201_ESMFold_hypothetical_protein	4r3a-assembly1.cif.gz_A	4r3a-assembly1.cif.gz_A Erythrobacter litoralis EL346 blue-light activated histidine kinase	2.793E-02	0.505	51	1	361	482	9	318	318	435	0.749	0.975
LOKIASV2_0201_ESMFold_hypothetical_protein	7t3c-assembly1.cif.gz_B	7t3c-assembly1.cif.gz_B GATOR1-RAG-RAGULATOR - Dual Complex	5.389E-02	0.505	51	4	317	482	4	351	362	404	0.651	0.961
LOKIASV2_0201_ESMFold_hypothetical_protein	1wq2-assembly1.cif.gz_B	1wq2-assembly1.cif.gz_B Neutron Crystal Structure Of Dissimilatory Sulfite Reductase D (DsrD)	2.236E+00	0.442	49	290	344	482	6	64	66	59	0.114	0.894
LOKIASV2_0201_ESMFold_hypothetical_protein	4i99-assembly1.cif.gz_C	4i99-assembly1.cif.gz_C Crystal structure of the SmcHead bound to the C-winged helix domain of ScpA	1.897E+00	0.442	49	289	343	482	10	69	70	60	0.114	0.857
LOKIASV2_0201_ESMFold_hypothetical_protein	5k5o-assembly1.cif.gz_D	5k5o-assembly1.cif.gz_D Structure of AspA-26mer DNA complex	2.236E+00	0.442	49	285	343	482	12	69	92	61	0.122	0.630
LOKIASV2_0201_ESMFold_hypothetical_protein	2w57-assembly1.cif.gz_B	2w57-assembly1.cif.gz_B Crystal structure of the Vibrio cholerae ferric uptake regulator (Fur) reveals structural rearrangement of the DNA-binding domains	6.699E-01	0.442	49	286	360	482	16	110	131	96	0.156	0.725
LOKIASV2_0201_ESMFold_hypothetical_protein	5h67-assembly1.cif.gz_C	5h67-assembly1.cif.gz_C Crystal structure of the Bacillus subtilis SMC head domain complexed with the cognate ScpA C-terminal domain and soaked ATP	1.097E+00	0.411	48	171	227	482	6	65	67	67	0.118	0.896
LOKIASV2_0201_ESMFold_hypothetical_protein	4aso-assembly1.cif.gz_A	4aso-assembly1.cif.gz_A TubR bound to 24 bp of tubC from Bacillus thuringiensis serovar israelensis pBtoxis	2.362E+00	0.411	48	269	343	482	2	78	93	80	0.156	0.828
LOKIASV2_0201_ESMFold_hypothetical_protein	1z7u-assembly1.cif.gz_B	1z7u-assembly1.cif.gz_B Crystal Structure of the Putitive Transcriptional Regulator of MarR Family from Enterococcus faecalis V583	1.038E+00	0.411	48	246	343	482	5	82	110	101	0.203	0.709
LOKIASV2_0201_ESMFold_hypothetical_protein	1xmk-assembly1.cif.gz_A	1xmk-assembly1.cif.gz_A The Crystal structure of the Zb domain from the RNA editing enzyme ADAR1	2.117E+00	0.382	47	166	227	482	4	68	79	67	0.129	0.823
LOKIASV2_0201_ESMFold_hypothetical_protein	3ov8-assembly1.cif.gz_A	3ov8-assembly1.cif.gz_A Crystal structure of AF1382 from Archaeoglobus fulgidus, High resolution	2.495E+00	0.382	47	293	343	482	21	70	91	51	0.106	0.549
LOKIASV2_0201_ESMFold_hypothetical_protein	5fd5-assembly2.cif.gz_B	5fd5-assembly2.cif.gz_B manganese uptake regulator	1.293E+00	0.382	47	285	343	482	18	83	136	67	0.122	0.485
LOKIASV2_0201_ESMFold_hypothetical_protein	7lbm-assembly1.cif.gz_Z	7lbm-assembly1.cif.gz_Z Structure of the human Mediator-bound transcription pre-initiation complex	7.076E-01	0.382	47	234	343	482	6	104	436	115	0.228	0.227
LOKIASV2_0201_ESMFold_hypothetical_protein	6juv-assembly1.cif.gz_A	6juv-assembly1.cif.gz_A Crytsal structure of ScpB derived from Pyrococcus yayanosii	7.487E-02	0.353	46	158	367	482	6	158	192	219	0.436	0.797
LOKIASV2_0201_ESMFold_hypothetical_protein	2p7c-assembly1.cif.gz_B	2p7c-assembly1.cif.gz_B Solution structure of the bacillus licheniformis BlaI monomeric form in complex with the blaP half-operator.	3.466E+00	0.326	45	300	346	482	24	73	82	50	0.098	0.610
LOKIASV2_0201_ESMFold_hypothetical_protein	5ujm-assembly1.cif.gz_B	5ujm-assembly1.cif.gz_B Structure of the active form of human Origin Recognition Complex and its ATPase motor module	1.700E+00	0.326	45	153	227	482	194	272	287	83	0.156	0.275
LOKIASV2_0201_ESMFold_hypothetical_protein	8iuh-assembly1.cif.gz_P	8iuh-assembly1.cif.gz_P RNA polymerase III pre-initiation complex open complex 1	9.321E-02	0.326	45	164	344	482	2	140	303	189	0.376	0.459
LOKIASV2_0201_ESMFold_hypothetical_protein	1ucr-assembly1.cif.gz_A	1ucr-assembly1.cif.gz_A Three-dimensional crystal structure of dissimilatory sulfite reductase D (DsrD)	1.366E+00	0.301	44	156	227	482	1	65	74	75	0.149	0.878
LOKIASV2_0201_ESMFold_hypothetical_protein	2l02-assembly1.cif.gz_B	2l02-assembly1.cif.gz_B Solution NMR Structure of protein BT2368 from Bacteroides thetaiotaomicron, Northeast Structural Genomics Consortium Target BtR375	3.106E+00	0.301	44	286	344	482	11	66	82	61	0.122	0.683
LOKIASV2_0201_ESMFold_hypothetical_protein	6aht-assembly1.cif.gz_A	6aht-assembly1.cif.gz_A Plasmid partitioning protein TubR from Bacillus cereus	1.796E+00	0.301	44	268	343	482	5	97	111	95	0.158	0.838
LOKIASV2_0201_ESMFold_hypothetical_protein	5ey2-assembly1.cif.gz_C	5ey2-assembly1.cif.gz_C Crystal structure of CodY from Bacillus cereus	7.088E-02	0.301	44	5	227	482	35	219	231	243	0.463	0.801
LOKIASV2_0201_ESMFold_hypothetical_protein	5ey2-assembly1.cif.gz_B	5ey2-assembly1.cif.gz_B Crystal structure of CodY from Bacillus cereus	7.908E-02	0.301	44	5	227	482	37	242	254	252	0.463	0.811
LOKIASV2_0201_ESMFold_hypothetical_protein	8c7o-assembly1.cif.gz_A	8c7o-assembly1.cif.gz_A Unliganded transcriptional pleiotropic repressor CodY from Staphylococcus aureus	2.503E-02	0.301	44	3	227	482	37	244	256	269	0.467	0.812
LOKIASV2_0201_ESMFold_hypothetical_protein	1w1w-assembly1.cif.gz_F	1w1w-assembly1.cif.gz_F Sc Smc1hd:Scc1-C complex, ATPgS	2.635E+00	0.277	43	286	343	482	8	65	70	60	0.120	0.829
LOKIASV2_0201_ESMFold_hypothetical_protein	2l02-assembly1.cif.gz_A	2l02-assembly1.cif.gz_A Solution NMR Structure of protein BT2368 from Bacteroides thetaiotaomicron, Northeast Structural Genomics Consortium Target BtR375	4.315E+00	0.277	43	286	343	482	8	65	82	61	0.120	0.707
LOKIASV2_0201_ESMFold_hypothetical_protein	7bzd-assembly1.cif.gz_A-2	7bzd-assembly1.cif.gz_A-2 Structure of Bacillus subtilis HxlR, wild type	4.558E+00	0.277	43	277	343	482	13	82	110	70	0.139	0.636
LOKIASV2_0201_ESMFold_hypothetical_protein	2l01-assembly1.cif.gz_B	2l01-assembly1.cif.gz_B Solution NMR Structure of protein BVU3908 from Bacteroides vulgatus, Northeast Structural Genomics Consortium Target BvR153	1.700E+00	0.254	42	156	228	482	1	69	77	76	0.151	0.896
LOKIASV2_0201_ESMFold_hypothetical_protein	4zr7-assembly2.cif.gz_B	4zr7-assembly2.cif.gz_B The structure of a domain of a functionally unknown protein from Bacillus subtilis subsp. subtilis str. 168	4.822E-01	0.254	42	2	87	482	37	116	116	94	0.178	0.690
LOKIASV2_0201_ESMFold_hypothetical_protein	5k5r-assembly2.cif.gz_F	5k5r-assembly2.cif.gz_F AspA-32mer DNA,crystal form 2	1.224E+00	0.233	41	168	267	482	12	89	92	103	0.207	0.848
LOKIASV2_0201_ESMFold_hypothetical_protein	4hi4-assembly1.cif.gz_B	4hi4-assembly1.cif.gz_B Crystal structure of the 5-coordinate ferric heme-binding PAS domain of Aer2 from P. aeruginosa	4.822E-01	0.233	41	1	85	482	14	119	119	113	0.176	0.891
LOKIASV2_0201_ESMFold_hypothetical_protein	1sd4-assembly1.cif.gz_B	1sd4-assembly1.cif.gz_B Crystal Structure of a SeMet derivative of BlaI at 2.0 A	1.796E+00	0.233	41	287	360	482	10	76	122	77	0.154	0.549
LOKIASV2_0201_ESMFold_hypothetical_protein	7cb8-assembly1.cif.gz_A	7cb8-assembly1.cif.gz_A Structure of a FIC-domain protein from Mycobacterium marinum in complex with CDP	6.342E-01	0.233	41	251	343	482	289	375	394	100	0.193	0.221
LOKIASV2_0201_ESMFold_hypothetical_protein	4hw0-assembly2.cif.gz_B	4hw0-assembly2.cif.gz_B Crystal structure of Sso10a-2, a DNA-binding protein from Sulfolobus solfataricus	3.466E+00	0.214	40	292	343	482	8	60	95	56	0.108	0.558
LOKIASV2_0201_ESMFold_hypothetical_protein	3f72-assembly2.cif.gz_D	3f72-assembly2.cif.gz_D Crystal Structure of the Staphylococcus aureus pI258 CadC Metal Binding Site 2 Mutant	2.941E+00	0.214	40	247	344	482	1	85	100	101	0.203	0.850
LOKIASV2_0201_ESMFold_hypothetical_protein	5djt-assembly1.cif.gz_A	5djt-assembly1.cif.gz_A Crystal structure of LOV2 (C450A) domain in complex with Zdk2	1.897E+00	0.214	40	1	110	482	9	142	144	136	0.228	0.931
LOKIASV2_0201_ESMFold_hypothetical_protein	4hbo-assembly2.cif.gz_B-3	4hbo-assembly2.cif.gz_B-3 Crystal Structure of Rubella virus capsid protein (residues 127-277)	3.471E-01	0.196	39	4	78	482	4	72	76	81	0.156	0.908
LOKIASV2_0201_ESMFold_hypothetical_protein	7jl6-assembly1.cif.gz_B	7jl6-assembly1.cif.gz_B Heme binding to SrrB PAS domain plays a role in redox regulation of S. aureus SrrAB two-component system	1.097E+00	0.196	39	5	80	482	6	86	90	84	0.158	0.900
LOKIASV2_0201_ESMFold_hypothetical_protein	1xsd-assembly1.cif.gz_A-2	1xsd-assembly1.cif.gz_A-2 Crystal structure of the BlaI repressor in complex with DNA	2.004E+00	0.196	39	287	360	482	13	79	125	77	0.154	0.536
LOKIASV2_0201_ESMFold_hypothetical_protein	2v1b-assembly1.cif.gz_A	2v1b-assembly1.cif.gz_A N- and C-terminal helices of oat LOV2 (404-546) are involved in light-induced signal transduction (room temperature (293K) light structure of LOV2 (404-546))	2.004E+00	0.196	39	1	108	482	9	140	144	134	0.224	0.917
LOKIASV2_0201_ESMFold_hypothetical_protein	3s2w-assembly1.cif.gz_A	3s2w-assembly1.cif.gz_A The crystal structure of a MarR transcriptional regulator from Methanosarcina mazei Go1	1.159E+00	0.196	39	159	326	482	21	140	146	178	0.349	0.822
LOKIASV2_0201_ESMFold_hypothetical_protein	3a0s-assembly1.cif.gz_A	3a0s-assembly1.cif.gz_A PAS domain of histidine kinase ThkA (TM1359)	1.159E+00	0.179	38	1	79	482	1	94	96	99	0.164	0.979
LOKIASV2_0201_ESMFold_hypothetical_protein	2d1h-assembly1.cif.gz_B	2d1h-assembly1.cif.gz_B Crystal structure of ST1889 protein from thermoacidophilic archaeon Sulfolobus tokodaii	7.475E-01	0.179	38	256	359	482	4	85	99	106	0.216	0.828
LOKIASV2_0201_ESMFold_hypothetical_protein	3f72-assembly3.cif.gz_F	3f72-assembly3.cif.gz_F Crystal Structure of the Staphylococcus aureus pI258 CadC Metal Binding Site 2 Mutant	2.635E+00	0.179	38	247	340	482	1	84	102	97	0.195	0.824
LOKIASV2_0201_ESMFold_hypothetical_protein	2kdk-assembly1.cif.gz_A	2kdk-assembly1.cif.gz_A Structure of human circadian clock protein BMAL2 C-terminal PAS domain	2.788E-01	0.179	38	5	87	482	11	118	118	111	0.172	0.915
LOKIASV2_0201_ESMFold_hypothetical_protein	2wkr-assembly1.cif.gz_A	2wkr-assembly1.cif.gz_A Structure of a photoactivatable Rac1 containing the Lov2 C450M Mutant	2.236E+00	0.179	38	2	107	482	8	137	317	133	0.220	0.410
LOKIASV2_0201_ESMFold_hypothetical_protein	5icg-assembly1.cif.gz_A-2	5icg-assembly1.cif.gz_A-2 Crystal structure of apo (S)-norcoclaurine 6-O-methyltransferase	6.004E-01	0.179	38	124	326	482	1	156	323	216	0.421	0.483
LOKIASV2_0201_ESMFold_hypothetical_protein	1sax-assembly1.cif.gz_A	1sax-assembly1.cif.gz_A Three-dimensional structure of s.aureus methicillin-resistance regulating transcriptional repressor meci in complex with 25-bp ds-DNA	1.038E+00	0.164	37	170	322	482	12	119	120	158	0.317	0.900
LOKIASV2_0201_ESMFold_hypothetical_protein	5gwp-assembly2.cif.gz_D	5gwp-assembly2.cif.gz_D Crystal structure of RCAR3:PP2C wild-type with (+)-ABA	1.159E+00	0.164	37	50	107	482	84	142	149	62	0.120	0.396
LOKIASV2_0201_ESMFold_hypothetical_protein	5yqq-assembly1.cif.gz_A	5yqq-assembly1.cif.gz_A Crystal structure of a domain-swapped dimer of the second StARkin domain of Lam2	6.699E-01	0.164	37	54	113	482	97	154	159	61	0.124	0.365
LOKIASV2_0201_ESMFold_hypothetical_protein	2wkq-assembly1.cif.gz_A	2wkq-assembly1.cif.gz_A Structure of a photoactivatable Rac1 containing the Lov2 C450A Mutant	2.635E+00	0.164	37	2	107	482	8	137	317	132	0.220	0.410
LOKIASV2_0201_ESMFold_hypothetical_protein	6sv4-assembly1.cif.gz_Cc	6sv4-assembly1.cif.gz_Cc The cryo-EM structure of SDD1-stalled collided trisome.	1.224E+00	0.150	36	289	364	482	8	83	92	84	0.158	0.826
LOKIASV2_0201_ESMFold_hypothetical_protein	2b0l-assembly1.cif.gz_A-2	2b0l-assembly1.cif.gz_A-2 C-terminal DNA binding domain of transcriptional pleiotropic repressor CodY.	1.293E+00	0.150	36	256	365	482	6	98	98	116	0.228	0.949
LOKIASV2_0201_ESMFold_hypothetical_protein	6ceq-assembly3.cif.gz_C	6ceq-assembly3.cif.gz_C The Aer2 Receptor from Vibrio cholerae is a Dual PAS-Heme Oxygen Sensor	1.159E+00	0.150	36	5	81	482	7	108	111	106	0.160	0.919
LOKIASV2_0201_ESMFold_hypothetical_protein	2v9v-assembly1.cif.gz_A	2v9v-assembly1.cif.gz_A Crystal Structure of Moorella thermoacetica SelB(377-511)	7.076E-01	0.150	36	157	344	482	1	129	135	197	0.390	0.956
LOKIASV2_0201_ESMFold_hypothetical_protein	4wf0-assembly2.cif.gz_B	4wf0-assembly2.cif.gz_B Crystal Structure of iLID - an Improved Light-Inducible Dimer	1.796E+00	0.150	36	1	112	482	6	143	144	140	0.232	0.958
LOKIASV2_0201_ESMFold_hypothetical_protein	1u5t-assembly1.cif.gz_B	1u5t-assembly1.cif.gz_B Structure of the ESCRT-II endosomal trafficking complex	3.667E-01	0.150	36	154	344	482	3	164	169	211	0.396	0.959
LOKIASV2_0201_ESMFold_hypothetical_protein	2hj9-assembly1.cif.gz_D	2hj9-assembly1.cif.gz_D Crystal structure of the Autoinducer-2-bound form of Vibrio harveyi LuxP complexed with the periplasmic domain of LuxQ	2.236E+00	0.138	35	6	127	482	57	177	203	137	0.253	0.596
LOKIASV2_0201_ESMFold_hypothetical_protein	1u5t-assembly1.cif.gz_A	1u5t-assembly1.cif.gz_A Structure of the ESCRT-II endosomal trafficking complex	3.111E-01	0.138	35	85	344	482	1	207	213	275	0.539	0.972
LOKIASV2_0201_ESMFold_hypothetical_protein	4xin-assembly1.cif.gz_B	4xin-assembly1.cif.gz_B X-ray Crystal Structure of an LpqH orthologue from Mycobacterium avium	1.897E+00	0.126	34	41	82	482	71	112	114	42	0.087	0.368
LOKIASV2_0201_ESMFold_hypothetical_protein	1sd6-assembly1.cif.gz_B	1sd6-assembly1.cif.gz_B Crystal Structure of Native MecI at 2.65 A	4.315E+00	0.126	34	269	343	482	2	67	118	78	0.156	0.559
LOKIASV2_0201_ESMFold_hypothetical_protein	3zec-assembly1.cif.gz_A	3zec-assembly1.cif.gz_A Fic protein from SHEWANELLA ONEIDENSIS (E73G mutant) in complex with AMPPNP	2.941E+00	0.126	34	250	343	482	265	352	369	97	0.195	0.238
LOKIASV2_0201_ESMFold_hypothetical_protein	3s2w-assembly2.cif.gz_D	3s2w-assembly2.cif.gz_D The crystal structure of a MarR transcriptional regulator from Methanosarcina mazei Go1	2.635E+00	0.116	33	127	326	482	2	132	138	208	0.415	0.949
LOKIASV2_0201_ESMFold_hypothetical_protein	1txc-assembly1.cif.gz_B	1txc-assembly1.cif.gz_B Complex crystal structure of SPE16 with ANS	2.236E+00	0.116	33	51	116	482	90	157	157	71	0.137	0.433
LOKIASV2_0201_ESMFold_hypothetical_protein	1zhh-assembly1.cif.gz_B	1zhh-assembly1.cif.gz_B Crystal Structure of the Apo Form of Vibrio Harveyi LUXP Complexed with the Periplasmic Domain of LUXQ	5.372E+00	0.116	33	6	85	482	64	145	208	85	0.166	0.394
LOKIASV2_0201_ESMFold_hypothetical_protein	6neh-assembly1.cif.gz_B	6neh-assembly1.cif.gz_B N191D, F205S mutant of scoulerine 9-O-methyltransferase from Thalictrum flavum complexed with (13aS)-3,10-dimethoxy-5,8,13,13a-tetrahydro-6H-isoquino[3,2-a]isoquinoline-2,9-diol and S-ADENOSYL-L-HOMOCYSTEINE	2.236E+00	0.116	33	254	343	482	4	86	342	94	0.187	0.243
LOKIASV2_0201_ESMFold_hypothetical_protein	6nej-assembly1.cif.gz_A	6nej-assembly1.cif.gz_A scoulerine 9-O-methyltransferase from Thalictrum flavum complexed (13aS)-3,10-dimethoxy-5,8,13,13a-tetrahydro-6H-isoquino[3,2-a]isoquinoline-2,9-diol and with S-ADENOSYL-L-HOMOCYSTEINE	2.117E+00	0.116	33	253	343	482	3	85	343	94	0.189	0.242
LOKIASV2_0201_ESMFold_hypothetical_protein	4evi-assembly1.cif.gz_B	4evi-assembly1.cif.gz_B Crystal Structure Analysis of Coniferyl Alcohol 9-O-Methyltransferase from Linum Nodiflorum in Complex with Coniferyl Alcohol 9-Methyl Ether and S -Adenosyl-L-Homocysteine	1.610E+00	0.116	33	242	363	482	10	105	354	124	0.253	0.271
LOKIASV2_0201_ESMFold_hypothetical_protein	4a5n-assembly2.cif.gz_D	4a5n-assembly2.cif.gz_D Redoxregulator HypR in its reduced form	4.315E+00	0.106	32	174	269	482	18	101	101	102	0.199	0.832
LOKIASV2_0201_ESMFold_hypothetical_protein	1okr-assembly1.cif.gz_A	1okr-assembly1.cif.gz_A Three-dimensional structure of S.aureus methicillin-resistance regulating transcriptional repressor MecI.	1.443E+00	0.106	32	155	322	482	4	118	120	173	0.349	0.958
LOKIASV2_0201_ESMFold_hypothetical_protein	4c9y-assembly2.cif.gz_B	4c9y-assembly2.cif.gz_B Structural Basis for the microtubule binding of the human kinetochore Ska complex	1.038E+00	0.106	32	253	343	482	31	122	123	101	0.189	0.748
LOKIASV2_0201_ESMFold_hypothetical_protein	6pcp-assembly2.cif.gz_B	6pcp-assembly2.cif.gz_B Mechanism for regulation of DNA binding of Bordetella bronchiseptica BpsR by 6-hydroxynicotinic acid	1.443E+00	0.106	32	116	295	482	4	130	135	181	0.373	0.941
LOKIASV2_0201_ESMFold_hypothetical_protein	6zj8-assembly7.cif.gz_G	6zj8-assembly7.cif.gz_G Structure of the PAS domain from Bordetella pertussis BvgS	1.293E+00	0.106	32	1	100	482	14	135	136	129	0.207	0.897
LOKIASV2_0201_ESMFold_hypothetical_protein	7tal-assembly1.cif.gz_A	7tal-assembly1.cif.gz_A LOV2-DARPIN fusion : D4_deltaDARP	2.495E+00	0.106	32	1	154	482	14	196	196	188	0.320	0.934
LOKIASV2_0201_ESMFold_hypothetical_protein	3a0v-assembly1.cif.gz_A	3a0v-assembly1.cif.gz_A PAS domain of histidine kinase ThkA (TM1359) (SeMet, F486M/F489M)	4.085E+00	0.098	31	1	79	482	1	94	96	98	0.164	0.979
LOKIASV2_0201_ESMFold_hypothetical_protein	5nwm-assembly1.cif.gz_A	5nwm-assembly1.cif.gz_A Insight into the molecular recognition mechanism of the coactivator NCoA1 by STAT6	1.224E+00	0.098	31	2	87	482	7	117	132	116	0.178	0.841
LOKIASV2_0201_ESMFold_hypothetical_protein	3vol-assembly1.cif.gz_A-2	3vol-assembly1.cif.gz_A-2 X-ray Crystal Structure of PAS-HAMP Aer2 in the CN-bound Form	1.610E+00	0.098	31	1	100	482	14	134	138	129	0.207	0.877
LOKIASV2_0201_ESMFold_hypothetical_protein	6r3c-assembly1.cif.gz_A	6r3c-assembly1.cif.gz_A Solution structure of birch pollen allergen Bet v 1a	2.941E+00	0.098	31	54	117	482	95	159	159	67	0.133	0.409
LOKIASV2_0201_ESMFold_hypothetical_protein	5zch-assembly2.cif.gz_D	5zch-assembly2.cif.gz_D Crystal structure of OsPP2C50 I267W:OsPYL/RCAR3 with (+)-ABA	3.106E+00	0.098	31	50	107	482	97	155	163	62	0.120	0.362
LOKIASV2_0201_ESMFold_hypothetical_protein	5fcj-assembly1.cif.gz_c0	5fcj-assembly1.cif.gz_c0 Structure of the anisomycin-containing uL3 W255C mutant 80S yeast ribosome	2.784E+00	0.090	30	314	361	482	39	80	96	48	0.100	0.438
LOKIASV2_0201_ESMFold_hypothetical_protein	8t8f-assembly1.cif.gz_G	8t8f-assembly1.cif.gz_G Smc5/6 8mer	7.883E+00	0.090	30	285	360	482	1	84	115	84	0.158	0.730
LOKIASV2_0201_ESMFold_hypothetical_protein	3kdi-assembly1.cif.gz_A	3kdi-assembly1.cif.gz_A Structure of (+)-ABA bound PYL2	3.106E+00	0.090	30	50	106	482	113	172	181	61	0.118	0.331
LOKIASV2_0201_ESMFold_hypothetical_protein	2hj9-assembly1.cif.gz_C	2hj9-assembly1.cif.gz_C Crystal structure of the Autoinducer-2-bound form of Vibrio harveyi LuxP complexed with the periplasmic domain of LuxQ	3.106E+00	0.090	30	6	138	482	63	189	210	148	0.276	0.605
LOKIASV2_0201_ESMFold_hypothetical_protein	5ft0-assembly1.cif.gz_B	5ft0-assembly1.cif.gz_B Crystal structure of gp37(Dip) from bacteriophage phiKZ	1.700E+00	0.090	30	27	88	482	161	234	253	82	0.129	0.292
LOKIASV2_0201_ESMFold_hypothetical_protein	7ph0-assembly1.cif.gz_AAA	7ph0-assembly1.cif.gz_AAA Structure of light-adapted AsLOV2 Q513L	5.994E+00	0.082	29	1	108	482	11	142	146	135	0.224	0.904
LOKIASV2_0201_ESMFold_hypothetical_protein	6hk6-assembly3.cif.gz_E	6hk6-assembly3.cif.gz_E Human RIOK2 bound to inhibitor	8.796E+00	0.082	29	154	227	482	9	74	289	76	0.154	0.228
LOKIASV2_0201_ESMFold_hypothetical_protein	4a6d-assembly1.cif.gz_A	4a6d-assembly1.cif.gz_A Crystal structure of human N-acetylserotonin methyltransferase (ASMT) in complex with SAM	1.700E+00	0.082	29	121	329	482	3	171	345	228	0.434	0.490
LOKIASV2_0201_ESMFold_hypothetical_protein	4evi-assembly1.cif.gz_A	4evi-assembly1.cif.gz_A Crystal Structure Analysis of Coniferyl Alcohol 9-O-Methyltransferase from Linum Nodiflorum in Complex with Coniferyl Alcohol 9-Methyl Ether and S -Adenosyl-L-Homocysteine	2.236E+00	0.082	29	241	363	482	6	101	360	125	0.255	0.267
LOKIASV2_0201_ESMFold_hypothetical_protein	6zj8-assembly4.cif.gz_D	6zj8-assembly4.cif.gz_D Structure of the PAS domain from Bordetella pertussis BvgS	1.610E+00	0.076	28	1	99	482	13	114	115	111	0.205	0.887
LOKIASV2_0201_ESMFold_hypothetical_protein	4ca0-assembly2.cif.gz_B	4ca0-assembly2.cif.gz_B Structural Basis for the microtubule binding of the human kinetochore Ska complex	2.941E+00	0.076	28	242	343	482	21	118	119	108	0.212	0.824
LOKIASV2_0201_ESMFold_hypothetical_protein	4rb2-assembly1.cif.gz_C	4rb2-assembly1.cif.gz_C Crystal structure of Magnetospirillum gryphiswaldense MSR-1 SeMet-Fur-Mn2+-feoAB1 operator	9.830E-01	0.076	28	260	360	482	7	109	134	118	0.210	0.769
LOKIASV2_0201_ESMFold_hypothetical_protein	3l09-assembly2.cif.gz_C	3l09-assembly2.cif.gz_C Crystal structure of Putative transcriptional regulator (JANN_22DEC04_CONTIG27_REVISED_GENE3569) from Jannaschia sp. CCS1 at 2.81 A resolution	3.661E+00	0.076	28	154	254	482	17	125	253	127	0.210	0.431
LOKIASV2_0201_ESMFold_hypothetical_protein	4zp4-assembly1.cif.gz_B	4zp4-assembly1.cif.gz_B Crystal Structure of the Heterodimeric HIF-2a:ARNT Complex	1.293E+00	0.076	28	5	87	482	178	283	295	111	0.172	0.359
LOKIASV2_0201_ESMFold_hypothetical_protein	2wkp-assembly1.cif.gz_A	2wkp-assembly1.cif.gz_A Structure of a photoactivatable Rac1 containing Lov2 Wildtype	7.883E+00	0.076	28	2	107	482	9	138	320	134	0.220	0.406
LOKIASV2_0201_ESMFold_hypothetical_protein	3kx0-assembly1.cif.gz_X-2	3kx0-assembly1.cif.gz_X-2 Crystal Structure of the PAS domain of Rv1364c	4.085E+00	0.069	27	5	80	482	23	116	127	99	0.158	0.740
LOKIASV2_0201_ESMFold_hypothetical_protein	2lyc-assembly1.cif.gz_A	2lyc-assembly1.cif.gz_A Structure of C-terminal domain of Ska1	1.796E+00	0.069	27	233	343	482	7	127	130	131	0.230	0.931
LOKIASV2_0201_ESMFold_hypothetical_protein	6zj8-assembly5.cif.gz_E	6zj8-assembly5.cif.gz_E Structure of the PAS domain from Bordetella pertussis BvgS	2.004E+00	0.069	27	1	80	482	19	117	133	103	0.166	0.744
LOKIASV2_0201_ESMFold_hypothetical_protein	7mwn-assembly1.cif.gz_A	7mwn-assembly1.cif.gz_A An engineered PYL2-based WIN 55,212-2 synthetic cannabinoid sensor with a stabilized HAB1 variant	5.372E+00	0.069	27	50	106	482	113	172	180	61	0.118	0.333
LOKIASV2_0201_ESMFold_hypothetical_protein	5ft1-assembly2.cif.gz_G	5ft1-assembly2.cif.gz_G Crystal structure of gp37(Dip) from bacteriophage phiKZ bound to RNase E of Pseudomonas aeruginosa	3.867E+00	0.069	27	27	94	482	158	237	249	82	0.141	0.321
LOKIASV2_0201_ESMFold_hypothetical_protein	4zqd-assembly2.cif.gz_D	4zqd-assembly2.cif.gz_D Crystal Structure of the Heterodimeric HIF-2a:ARNT Complex with the Benzoxadiazole Antagonist 0X3	2.495E+00	0.069	27	2	88	482	171	278	290	113	0.180	0.372
LOKIASV2_0201_ESMFold_hypothetical_protein	8fw5-assembly1.cif.gz_G	8fw5-assembly1.cif.gz_G Chimeric HsGATOR1-SpGtr-SpLam complex	3.106E+00	0.063	26	4	106	482	21	154	160	141	0.214	0.837
LOKIASV2_0201_ESMFold_hypothetical_protein	6mab-assembly1.cif.gz_A	6mab-assembly1.cif.gz_A 1.7A resolution structure of RsbU from Chlamydia trachomatis (periplasmic domain)	6.688E+00	0.063	26	4	79	482	74	149	269	76	0.158	0.283
LOKIASV2_0201_ESMFold_hypothetical_protein	4zjm-assembly5.cif.gz_E	4zjm-assembly5.cif.gz_E Crystal Structure of Mycobacterium tuberculosis LpqH (Rv3763)	6.688E+00	0.057	25	46	87	482	72	113	115	42	0.087	0.365
LOKIASV2_0201_ESMFold_hypothetical_protein	4dsc-assembly1.cif.gz_A	4dsc-assembly1.cif.gz_A Complex structure of abscisic acid receptor PYL3 with (+)-ABA in spacegroup of H32 at 1.95A	7.065E+00	0.057	25	50	106	482	109	165	173	60	0.118	0.329
LOKIASV2_0201_ESMFold_hypothetical_protein	3kay-assembly1.cif.gz_B	3kay-assembly1.cif.gz_B Crystal structure of abscisic acid receptor PYL1	5.372E+00	0.057	25	55	110	482	113	170	175	59	0.116	0.331
LOKIASV2_0201_ESMFold_hypothetical_protein	5mmq-assembly1.cif.gz_B	5mmq-assembly1.cif.gz_B ABA RECEPTOR FROM CITRUS, CSPYL1	5.675E+00	0.057	25	55	107	482	131	184	188	56	0.110	0.287
LOKIASV2_0201_ESMFold_hypothetical_protein	6eu8-assembly1.cif.gz_A	6eu8-assembly1.cif.gz_A Crystal structure of Tannerella forsythia Apo HmuY analog (TFO)	7.883E+00	0.057	25	42	80	482	150	189	192	40	0.081	0.208
LOKIASV2_0201_ESMFold_hypothetical_protein	5ujv-assembly1.cif.gz_A	5ujv-assembly1.cif.gz_A Crystal structure of FePYR1 in complex with abscisic acid	8.327E+00	0.057	25	50	110	482	122	185	192	65	0.127	0.333
LOKIASV2_0201_ESMFold_hypothetical_protein	6l1d-assembly2.cif.gz_B	6l1d-assembly2.cif.gz_B Structure of human StAR-related lipid transfer protein 4	2.495E+00	0.057	25	47	108	482	115	199	200	86	0.129	0.425
LOKIASV2_0201_ESMFold_hypothetical_protein	3suz-assembly1.cif.gz_A	3suz-assembly1.cif.gz_A Crystal structure of Rat Mint2 PPC	1.097E+00	0.057	25	48	146	482	98	185	287	104	0.205	0.307
LOKIASV2_0201_ESMFold_hypothetical_protein	3a0r-assembly1.cif.gz_A-2	3a0r-assembly1.cif.gz_A-2 Crystal structure of histidine kinase ThkA (TM1359) in complex with response regulator protein TrrA (TM1360)	4.322E-01	0.057	25	6	355	482	12	332	334	427	0.726	0.961
LOKIASV2_0201_ESMFold_hypothetical_protein	3cax-assembly1.cif.gz_A-2	3cax-assembly1.cif.gz_A-2 Crystal structure of uncharacterized protein PF0695	2.236E+00	0.057	25	5	88	482	246	351	355	111	0.174	0.299
LOKIASV2_0201_ESMFold_hypothetical_protein	4qdf-assembly2.cif.gz_B	4qdf-assembly2.cif.gz_B Crystal structure of apo KshA5 and KshA1 in complex with 1,4-30Q-CoA from R. rhodochrous	3.667E-01	0.057	25	2	146	482	172	311	357	169	0.301	0.392
LOKIASV2_0201_ESMFold_hypothetical_protein	4rlj-assembly1.cif.gz_A	4rlj-assembly1.cif.gz_A Crystal Structure of (3R)-hydroxyacyl-ACP dehydratase HadAB hetero-dimer from Mycobacterium tuberculosis	8.327E+00	0.051	24	49	84	482	110	144	144	37	0.075	0.243
LOKIASV2_0201_ESMFold_hypothetical_protein	7mld-assembly1.cif.gz_A	7mld-assembly1.cif.gz_A PYL10 bound to the ABA pan-antagonist antabactin	1.097E+00	0.051	24	50	139	482	85	149	153	92	0.187	0.425
LOKIASV2_0201_ESMFold_hypothetical_protein	3r6p-assembly1.cif.gz_A	3r6p-assembly1.cif.gz_A Crystal structure of abscisic acid-bound PYL10	1.610E+00	0.051	24	50	103	482	87	137	154	56	0.112	0.331
LOKIASV2_0201_ESMFold_hypothetical_protein	6i4y-assembly1.cif.gz_B-2	6i4y-assembly1.cif.gz_B-2 X-ray structure of the human mitochondrial PRELID3b-TRIAP1 complex	3.867E+00	0.051	24	54	110	482	105	163	173	60	0.118	0.341
LOKIASV2_0201_ESMFold_hypothetical_protein	3kl1-assembly1.cif.gz_B	3kl1-assembly1.cif.gz_B Crystal structure of abscisic acid receptor PYL2 at 1.55 A	2.941E+00	0.051	24	50	96	482	110	156	175	49	0.098	0.269
LOKIASV2_0201_ESMFold_hypothetical_protein	3oji-assembly1.cif.gz_A	3oji-assembly1.cif.gz_A X-ray crystal structure of the Py13 -pyrabactin complex	6.688E+00	0.051	24	55	106	482	119	176	181	61	0.108	0.320
LOKIASV2_0201_ESMFold_hypothetical_protein	3nj1-assembly1.cif.gz_A-2	3nj1-assembly1.cif.gz_A-2 X-ray crystal structure of the PYL2(V114I)-pyrabactin A complex	7.883E+00	0.051	24	50	106	482	112	171	182	61	0.118	0.330
LOKIASV2_0201_ESMFold_hypothetical_protein	6r2h-assembly1.cif.gz_A	6r2h-assembly1.cif.gz_A Crystal structure of Apo PinO from Porphyromonas gingivitis	9.815E+00	0.051	24	42	84	482	148	191	191	44	0.089	0.230
LOKIASV2_0201_ESMFold_hypothetical_protein	6ghb-assembly1.cif.gz_B	6ghb-assembly1.cif.gz_B Crystal structure of Spx in complex with YjbH (oxidized)	5.994E+00	0.051	24	255	343	482	186	261	263	96	0.185	0.289
LOKIASV2_0201_ESMFold_hypothetical_protein	8csr-assembly1.cif.gz_E	8csr-assembly1.cif.gz_E Human mitochondrial small subunit assembly intermediate (State C)	1.610E+00	0.045	23	3	92	482	2	78	108	94	0.187	0.713
LOKIASV2_0201_ESMFold_hypothetical_protein	5y7w-assembly2.cif.gz_B	5y7w-assembly2.cif.gz_B Crystal structure of the Nco-A1 PAS-B domain with YL-2	2.362E+00	0.045	23	3	84	482	2	108	108	111	0.170	0.991
LOKIASV2_0201_ESMFold_hypothetical_protein	6kyl-assembly2.cif.gz_D	6kyl-assembly2.cif.gz_D Crystal Structure of Phosphatidic acid Transporter Ups1/Mdm35 in Complex with (2R)-3-(phosphonooxy)propane-1,2-diyl dihexanoate	3.106E+00	0.045	23	53	109	482	96	151	160	58	0.118	0.350
LOKIASV2_0201_ESMFold_hypothetical_protein	3kl1-assembly1.cif.gz_A	3kl1-assembly1.cif.gz_A Crystal structure of abscisic acid receptor PYL2 at 1.55 A	8.796E+00	0.045	23	55	106	482	115	168	176	57	0.108	0.307
LOKIASV2_0201_ESMFold_hypothetical_protein	6l1m-assembly1.cif.gz_A	6l1m-assembly1.cif.gz_A Structure of human StAR-related lipid transfer protein 4 mutant - LWNI107-110GG	1.897E+00	0.045	23	47	107	482	115	198	200	86	0.127	0.420
LOKIASV2_0201_ESMFold_hypothetical_protein	5jqm-assembly1.cif.gz_B	5jqm-assembly1.cif.gz_B Crystal Structure of Phosphatidic acid Transporter Ups1/Mdm35 Void of Bound Phospholipid from Saccharomyces Cerevisiae at 1.5 Angstroms Resolution	7.475E-01	0.045	23	55	157	482	104	232	235	134	0.214	0.549
LOKIASV2_0201_ESMFold_hypothetical_protein	5f7y-assembly1.cif.gz_A	5f7y-assembly1.cif.gz_A Blood group antigen binding adhesin BabA of Helicobacter pylori strain 17875 in complex with blood group A type-1 hexasaccharide	2.635E+00	0.045	23	43	157	482	171	345	417	176	0.239	0.420
LOKIASV2_0201_ESMFold_hypothetical_protein	5f97-assembly3.cif.gz_C	5f97-assembly3.cif.gz_C Blood group antigen binding adhesin BabA of Helicobacter pylori strain A730 in complex with blood group A type 1 hexasaccharide	2.004E+00	0.045	23	21	154	482	159	348	426	196	0.278	0.446
LOKIASV2_0201_ESMFold_hypothetical_protein	7z30-assembly1.cif.gz_O	7z30-assembly1.cif.gz_O Structure of yeast RNA Polymerase III-Ty1 integrase complex at 2.9 A (focus subunit C11 terminal Zn-ribbon in the funnel pore).	9.830E-01	0.045	23	78	344	482	254	483	568	308	0.554	0.405
LOKIASV2_0201_ESMFold_hypothetical_protein	5mxw-assembly1.cif.gz_A	5mxw-assembly1.cif.gz_A Crystal structure of yellow lupin LLPR-10.2B protein in complex with melatonin and trans-zeatin.	4.558E+00	0.040	22	16	108	482	82	148	155	97	0.193	0.432
LOKIASV2_0201_ESMFold_hypothetical_protein	4ryv-assembly1.cif.gz_A	4ryv-assembly1.cif.gz_A Crystal structure of yellow lupin LLPR-10.1A protein in complex with trans-zeatin	4.815E+00	0.040	22	52	116	482	91	155	155	68	0.135	0.419
LOKIASV2_0201_ESMFold_hypothetical_protein	4c9i-assembly5.cif.gz_E	4c9i-assembly5.cif.gz_E Crystal Structure of the Strawberry Pathogenesis-Related 10 (PR-10) Fra a 1E protein (Form B)	4.085E+00	0.040	22	47	117	482	68	158	158	93	0.147	0.576
LOKIASV2_0201_ESMFold_hypothetical_protein	4c9i-assembly6.cif.gz_F	4c9i-assembly6.cif.gz_F Crystal Structure of the Strawberry Pathogenesis-Related 10 (PR-10) Fra a 1E protein (Form B)	4.315E+00	0.040	22	47	108	482	72	153	162	84	0.129	0.506
LOKIASV2_0201_ESMFold_hypothetical_protein	5exc-assembly2.cif.gz_bb-2	5exc-assembly2.cif.gz_bb-2 Photoconverted red fluorescent protein DendRFP	2.941E+00	0.040	22	2	87	482	22	120	166	108	0.178	0.596
LOKIASV2_0201_ESMFold_hypothetical_protein	3nr4-assembly1.cif.gz_B	3nr4-assembly1.cif.gz_B Pyrabactin-bound PYL2	7.463E+00	0.040	22	55	94	482	113	154	175	44	0.083	0.240
LOKIASV2_0201_ESMFold_hypothetical_protein	5f7m-assembly1.cif.gz_A	5f7m-assembly1.cif.gz_A Blood group antigen binding adhesin BabA of Helicobacter pylori strain 17875 in complex with blood group H Lewis b hexasaccharide	3.281E+00	0.040	22	46	157	482	178	347	419	171	0.232	0.406
LOKIASV2_0201_ESMFold_hypothetical_protein	4ydz-assembly1.cif.gz_B	4ydz-assembly1.cif.gz_B Stress-induced protein 1 from Caenorhabditis elegans	1.610E+00	0.034	21	41	87	482	17	88	97	73	0.098	0.742
LOKIASV2_0201_ESMFold_hypothetical_protein	7nql-assembly1.cif.gz_AF	7nql-assembly1.cif.gz_AF 55S mammalian mitochondrial ribosome with ICT1 and P site tRNAMet	1.897E+00	0.034	21	1	108	482	1	84	122	111	0.224	0.689
LOKIASV2_0201_ESMFold_hypothetical_protein	4c9c-assembly2.cif.gz_B	4c9c-assembly2.cif.gz_B Crystal Structure of the Strawberry Pathogenesis-Related 10 (PR-10) Fra a 1E protein (Form A)	7.883E+00	0.034	21	56	110	482	95	149	157	58	0.114	0.350
LOKIASV2_0201_ESMFold_hypothetical_protein	4bk6-assembly1.cif.gz_A	4bk6-assembly1.cif.gz_A Crystal Structure of a dimeric variant of Bet v 1	4.315E+00	0.034	21	51	107	482	91	145	159	62	0.118	0.346
LOKIASV2_0201_ESMFold_hypothetical_protein	3rt0-assembly1.cif.gz_C	3rt0-assembly1.cif.gz_C Crystal structure of PYL10-HAB1 complex in the absence of abscisic acid (ABA)	3.281E+00	0.034	21	50	96	482	103	149	172	50	0.098	0.273
LOKIASV2_0201_ESMFold_hypothetical_protein	4ds8-assembly1.cif.gz_A	4ds8-assembly1.cif.gz_A Complex structure of abscisic acid receptor PYL3-(+)-ABA-HAB1 in the presence of Mn2+	4.815E+00	0.034	21	50	96	482	112	159	176	50	0.098	0.273
LOKIASV2_0201_ESMFold_hypothetical_protein	3nj0-assembly2.cif.gz_C-2	3nj0-assembly2.cif.gz_C-2 X-ray crystal structure of the PYL2-pyrabactin A complex	5.675E+00	0.034	21	55	94	482	114	156	177	44	0.083	0.243
LOKIASV2_0201_ESMFold_hypothetical_protein	2zyl-assembly1.cif.gz_A	2zyl-assembly1.cif.gz_A Crystal structure of 3-ketosteroid-9-alpha-hydroxylase (KshA) from M. tuberculosis	2.495E+00	0.034	21	47	146	482	228	322	359	103	0.207	0.265
LOKIASV2_0201_ESMFold_hypothetical_protein	2v9a-assembly2.cif.gz_B	2v9a-assembly2.cif.gz_B Structure of Citrate-free Periplasmic Domain of Sensor Histidine Kinase CitA	5.675E+00	0.029	20	5	82	482	54	104	105	78	0.162	0.486
LOKIASV2_0201_ESMFold_hypothetical_protein	4z3l-assembly4.cif.gz_E	4z3l-assembly4.cif.gz_E CRYSTAL STRUCTURE OF BIRCH POLLEN ALLERGEN BET V 1 MUTANT G26L, D69I, P90L, K97I	6.332E+00	0.029	20	56	112	482	97	150	159	61	0.118	0.340
LOKIASV2_0201_ESMFold_hypothetical_protein	3rt2-assembly1.cif.gz_A	3rt2-assembly1.cif.gz_A Crystal structure of apo-PYL10	2.784E+00	0.029	20	50	103	482	102	152	171	58	0.112	0.298
LOKIASV2_0201_ESMFold_hypothetical_protein	6i3v-assembly1.cif.gz_B	6i3v-assembly1.cif.gz_B x-ray structure of the human mitochondrial PRELID1 in complex with TRIAP1	8.796E+00	0.029	20	55	113	482	107	164	173	59	0.122	0.335
LOKIASV2_0201_ESMFold_hypothetical_protein	1pn2-assembly1.cif.gz_B	1pn2-assembly1.cif.gz_B Crystal structure analysis of the selenomethionine labelled 2-enoyl-CoA hydratase 2 domain of Candida tropicalis multifunctional enzyme type 2	4.315E+00	0.029	20	1	82	482	68	129	270	89	0.170	0.230
LOKIASV2_0201_ESMFold_hypothetical_protein	1pn4-assembly1.cif.gz_B	1pn4-assembly1.cif.gz_B Crystal structure of 2-enoyl-CoA hydratase 2 domain of Candida tropicalis multifunctional enzyme type 2 complexed with (3R)-hydroxydecanoyl-CoA.	4.558E+00	0.029	20	1	82	482	68	129	272	89	0.170	0.228
LOKIASV2_0201_ESMFold_hypothetical_protein	8eow-assembly1.cif.gz_A	8eow-assembly1.cif.gz_A Eag Kv channel with voltage sensor in the up conformation	1.097E+00	0.029	20	3	326	482	19	330	701	387	0.672	0.445
LOKIASV2_0201_ESMFold_hypothetical_protein	7pnv-assembly1.cif.gz_E	7pnv-assembly1.cif.gz_E Assembly intermediate of mouse mitochondrial ribosome small subunit without mS37 in complex with RbfA and Mettl15	1.700E+00	0.024	19	3	97	482	3	81	119	98	0.197	0.664
LOKIASV2_0201_ESMFold_hypothetical_protein	5y7w-assembly1.cif.gz_A	5y7w-assembly1.cif.gz_A Crystal structure of the Nco-A1 PAS-B domain with YL-2	5.994E+00	0.024	19	2	82	482	20	125	125	110	0.168	0.848
LOKIASV2_0201_ESMFold_hypothetical_protein	6stb-assembly2.cif.gz_B	6stb-assembly2.cif.gz_B Crystal structure of the strawberry pathogenesis-related 10 (PR-10) Fra a 1.02 protein, Q64W mutant	8.796E+00	0.024	19	55	111	482	97	151	158	61	0.118	0.348
LOKIASV2_0201_ESMFold_hypothetical_protein	7zmf-assembly1.cif.gz_A	7zmf-assembly1.cif.gz_A Dehydratase domain of module 3 from Brevibacillus Brevis orphan BGC11	2.941E+00	0.024	19	1	88	482	61	128	273	99	0.183	0.249
LOKIASV2_0201_ESMFold_hypothetical_protein	6hk6-assembly5.cif.gz_H	6hk6-assembly5.cif.gz_H Human RIOK2 bound to inhibitor	5.086E+00	0.024	19	154	343	482	8	170	282	225	0.394	0.578
LOKIASV2_0201_ESMFold_hypothetical_protein	7zqt-assembly2.cif.gz_E	7zqt-assembly2.cif.gz_E Helicobacter pylori adhesin BabA bound to neutralising human antibody.	4.558E+00	0.024	19	46	157	482	178	342	413	171	0.232	0.400
LOKIASV2_0201_ESMFold_hypothetical_protein	5f8r-assembly1.cif.gz_A	5f8r-assembly1.cif.gz_A Blood group antigen binding adhesin BabA of Helicobacter pylori strain S831 in complex with blood group H Lewis b hexasaccharide	5.994E+00	0.024	19	46	157	482	178	345	417	169	0.232	0.403
LOKIASV2_0201_ESMFold_hypothetical_protein	5f93-assembly3.cif.gz_E	5f93-assembly3.cif.gz_E Blood group antigen binding adhesin BabA of Helicobacter pylori strain A730 in complex with blood group H Lewis b hexasaccharide	8.327E+00	0.024	19	21	81	482	159	218	420	69	0.127	0.143
LOKIASV2_0201_ESMFold_hypothetical_protein	3oml-assembly1.cif.gz_A	3oml-assembly1.cif.gz_A Structure of full-length peroxisomal multifunctional enzyme type 2 from Drosophila melanogaster	2.784E+00	0.024	19	1	88	482	337	403	532	97	0.183	0.126
LOKIASV2_0201_ESMFold_hypothetical_protein	6kaf-assembly1.cif.gz_O	6kaf-assembly1.cif.gz_O C2S2M2N2-type PSII-LHCII	8.796E+00	0.020	18	47	81	482	165	204	210	40	0.073	0.190
LOKIASV2_0201_ESMFold_hypothetical_protein	2a46-assembly1.cif.gz_A	2a46-assembly1.cif.gz_A Crystal structures of amFP486, a cyan fluorescent protein from Anemonia majano, and variants	4.085E+00	0.020	18	3	87	482	86	183	217	111	0.176	0.452
LOKIASV2_0201_ESMFold_hypothetical_protein	6sh5-assembly1.cif.gz_A	6sh5-assembly1.cif.gz_A Structure of the Apo2 state of the heptameric Bcs1 AAA-ATPase	7.065E+00	0.020	18	5	104	482	26	107	334	104	0.207	0.246
LOKIASV2_0201_ESMFold_hypothetical_protein	2bg9-assembly1.cif.gz_A	2bg9-assembly1.cif.gz_A REFINED STRUCTURE OF THE NICOTINIC ACETYLCHOLINE RECEPTOR AT 4A RESOLUTION.	3.867E+00	0.020	18	45	143	482	161	262	370	109	0.205	0.276
LOKIASV2_0201_ESMFold_hypothetical_protein	5f7l-assembly2.cif.gz_C	5f7l-assembly2.cif.gz_C Blood group antigen binding adhesin BabA of Helicobacter pylori strain 17875 in complex with Nanobody Nb-ER14	3.661E+00	0.020	18	46	152	482	155	265	375	123	0.222	0.296
LOKIASV2_0201_ESMFold_hypothetical_protein	6nf8-assembly1.cif.gz_F	6nf8-assembly1.cif.gz_F Structure of human mitochondrial translation initiation factor 3 bound to the small ribosomal subunit -Class I	3.281E+00	0.016	17	1	106	482	1	83	124	110	0.220	0.669
LOKIASV2_0201_ESMFold_hypothetical_protein	6y3i-assembly1.cif.gz_A	6y3i-assembly1.cif.gz_A NMR solution structure of the hazelnut allergen Cor a 1.0402	9.815E+00	0.016	17	56	116	482	97	145	160	64	0.127	0.306
LOKIASV2_0201_ESMFold_hypothetical_protein	6i3y-assembly1.cif.gz_C	6i3y-assembly1.cif.gz_C Crystal structure of the human mitochondrial PRELID1K58V-TRIAP1 complex with PS	9.291E+00	0.016	17	47	139	482	97	168	173	95	0.193	0.416
LOKIASV2_0201_ESMFold_hypothetical_protein	4kf5-assembly2.cif.gz_B	4kf5-assembly2.cif.gz_B Crystal Structure of Split GFP complexed with engineered sfCherry with an insertion of GFP fragment	7.463E+00	0.016	17	3	87	482	87	187	189	108	0.176	0.534
LOKIASV2_0201_ESMFold_hypothetical_protein	7t7e-assembly1.cif.gz_A	7t7e-assembly1.cif.gz_A MA-1-206-OXA-23 3 minute complex	7.065E+00	0.016	17	27	109	482	157	237	239	93	0.172	0.339
LOKIASV2_0201_ESMFold_hypothetical_protein	4x55-assembly1.cif.gz_A	4x55-assembly1.cif.gz_A Structure of the class D Beta-Lactamase OXA-225 K82D in Acyl-Enzyme Complex with Ceftazidime	7.065E+00	0.016	17	27	109	482	161	241	243	93	0.172	0.333
LOKIASV2_0201_ESMFold_hypothetical_protein	8c0t-assembly1.cif.gz_A	8c0t-assembly1.cif.gz_A NRS 1.2: Fluorescent Sensors for Imaging Interstitial Calcium	7.883E+00	0.016	17	13	88	482	190	256	281	80	0.158	0.238
LOKIASV2_0201_ESMFold_hypothetical_protein	4i5s-assembly1.cif.gz_B	4i5s-assembly1.cif.gz_B Structure and function of sensor histidine kinase	2.941E+00	0.016	17	1	342	482	76	392	395	406	0.710	0.803
LOKIASV2_0201_ESMFold_hypothetical_protein	5f93-assembly1.cif.gz_A	5f93-assembly1.cif.gz_A Blood group antigen binding adhesin BabA of Helicobacter pylori strain A730 in complex with blood group H Lewis b hexasaccharide	5.675E+00	0.016	17	42	145	482	178	291	424	126	0.216	0.269
LOKIASV2_0201_ESMFold_hypothetical_protein	7ydq-assembly1.cif.gz_A	7ydq-assembly1.cif.gz_A Structure of PfNT1(Y190A)-GFP in complex with GSK4	5.994E+00	0.016	17	2	81	482	417	511	598	106	0.166	0.159
LOKIASV2_0201_ESMFold_hypothetical_protein	2bk0-assembly2.cif.gz_B	2bk0-assembly2.cif.gz_B Crystal structure of the major celery allergen Api G 1	5.994E+00	0.014	16	56	115	482	96	146	153	64	0.124	0.333
LOKIASV2_0201_ESMFold_hypothetical_protein	6w1s-assembly1.cif.gz_M	6w1s-assembly1.cif.gz_M Atomic model of the mammalian Mediator complex	2.784E+00	0.014	16	3	107	482	36	172	180	142	0.218	0.761
LOKIASV2_0201_ESMFold_hypothetical_protein	2a48-assembly1.cif.gz_A	2a48-assembly1.cif.gz_A Crystal structure of amFP486 E150Q	5.675E+00	0.014	16	3	87	482	81	178	212	113	0.176	0.462
LOKIASV2_0201_ESMFold_hypothetical_protein	2a47-assembly1.cif.gz_A	2a47-assembly1.cif.gz_A Crystal structure of amFP486 H199T	5.994E+00	0.014	16	3	87	482	86	183	217	111	0.176	0.452
LOKIASV2_0201_ESMFold_hypothetical_protein	1pn2-assembly2.cif.gz_C	1pn2-assembly2.cif.gz_C Crystal structure analysis of the selenomethionine labelled 2-enoyl-CoA hydratase 2 domain of Candida tropicalis multifunctional enzyme type 2	9.291E+00	0.014	16	1	82	482	64	125	267	88	0.170	0.232
LOKIASV2_0201_ESMFold_hypothetical_protein	5wvi-assembly1.cif.gz_S	5wvi-assembly1.cif.gz_S The resting state of yeast proteasome	8.796E+00	0.014	16	82	269	482	173	350	353	213	0.390	0.504
LOKIASV2_0201_ESMFold_hypothetical_protein	7ql6-assembly1.cif.gz_D	7ql6-assembly1.cif.gz_D Torpedo muscle-type nicotinic acetylcholine receptor - carbamylcholine-bound conformation	5.675E+00	0.014	16	42	141	482	171	256	368	102	0.207	0.234
LOKIASV2_0201_ESMFold_hypothetical_protein	7pla-assembly1.cif.gz_A	7pla-assembly1.cif.gz_A Cryo-EM structure of ShCas12k in complex with a sgRNA and a dsDNA target	2.941E+00	0.014	16	5	138	482	85	227	437	157	0.278	0.327
LOKIASV2_0201_ESMFold_hypothetical_protein	6m9y-assembly1.cif.gz_D	6m9y-assembly1.cif.gz_D X-ray Structure of Branchiostoma floridae fluorescent protein lanFP6A	6.332E+00	0.011	15	3	89	482	26	126	163	113	0.180	0.620
LOKIASV2_0201_ESMFold_hypothetical_protein	7z7o-assembly2.cif.gz_D-2	7z7o-assembly2.cif.gz_D-2 Structure of the fluorescent protein NeonCyan0.95 at pH 7.5	6.332E+00	0.011	15	3	92	482	79	182	214	116	0.187	0.486
LOKIASV2_0201_ESMFold_hypothetical_protein	4jeo-assembly1.cif.gz_A	4jeo-assembly1.cif.gz_A Crystal structure of red fluorescent protein lanRFPdam exposed to prolonged X-ray irradiation	9.815E+00	0.011	15	3	92	482	82	185	217	116	0.187	0.479
LOKIASV2_0201_ESMFold_hypothetical_protein	4kag-assembly1.cif.gz_A	4kag-assembly1.cif.gz_A Crystal structure analysis of a single amino acid deletion mutation in EGFP	9.815E+00	0.011	15	2	81	482	86	179	224	102	0.166	0.420
LOKIASV2_0201_ESMFold_hypothetical_protein	7ewm-assembly1.cif.gz_A	7ewm-assembly1.cif.gz_A Native crystal structure of S. cerevisiae Csn12 in complex with Thp3 and Sem1	9.815E+00	0.011	15	126	344	482	89	261	272	229	0.454	0.636
LOKIASV2_0201_ESMFold_hypothetical_protein	4u2v-assembly2.cif.gz_A	4u2v-assembly2.cif.gz_A Bak BH3-in-Groove dimer (GFP)	3.867E+00	0.011	15	4	143	482	143	303	305	179	0.290	0.528
LOKIASV2_0201_ESMFold_hypothetical_protein	6y5b-assembly1.cif.gz_C	6y5b-assembly1.cif.gz_C 5-HT3A receptor in Salipro (apo, asymmetric)	1.443E+00	0.011	15	50	212	482	175	336	378	194	0.338	0.429
LOKIASV2_0201_ESMFold_hypothetical_protein	7qko-assembly1.cif.gz_D	7qko-assembly1.cif.gz_D Torpedo muscle-type nicotinic acetylcholine receptor - Resting conformation	5.372E+00	0.011	15	42	142	482	171	255	380	102	0.210	0.224
LOKIASV2_0201_ESMFold_hypothetical_protein	5f93-assembly4.cif.gz_G	5f93-assembly4.cif.gz_G Blood group antigen binding adhesin BabA of Helicobacter pylori strain A730 in complex with blood group H Lewis b hexasaccharide	4.558E+00	0.011	15	21	145	482	159	284	422	149	0.259	0.299
LOKIASV2_0201_ESMFold_hypothetical_protein	6l26-assembly1.cif.gz_A	6l26-assembly1.cif.gz_A Neutron crystal structure of the mutant green fluorescent protein (EGFP)	8.796E+00	0.010	14	3	87	482	87	186	225	109	0.176	0.444
LOKIASV2_0201_ESMFold_hypothetical_protein	6ssp-assembly2.cif.gz_G	6ssp-assembly2.cif.gz_G Structure of the pentameric ligand-gated ion channel ELIC in complex with a NAM nanobody	6.688E+00	0.010	14	37	152	482	142	262	303	142	0.241	0.399
LOKIASV2_0201_ESMFold_hypothetical_protein	7tve-assembly1.cif.gz_G	7tve-assembly1.cif.gz_G ATP and DNA bound SMC5/6 core complex	9.815E+00	0.010	14	87	360	482	1	276	307	319	0.568	0.899
LOKIASV2_0201_ESMFold_hypothetical_protein	2bg9-assembly1.cif.gz_C	2bg9-assembly1.cif.gz_C REFINED STRUCTURE OF THE NICOTINIC ACETYLCHOLINE RECEPTOR AT 4A RESOLUTION.	7.065E+00	0.010	14	50	212	482	170	326	369	174	0.338	0.425
LOKIASV2_0201_ESMFold_hypothetical_protein	3zkb-assembly3.cif.gz_L	3zkb-assembly3.cif.gz_L CRYSTAL STRUCTURE OF THE ATPASE REGION OF Mycobacterium tuberculosis GyrB WITH AMPPNP	8.327E+00	0.010	14	23	139	482	203	380	382	188	0.243	0.466
LOKIASV2_0201_ESMFold_hypothetical_protein	8j07-assembly1.cif.gz_c2	8j07-assembly1.cif.gz_c2 96nm repeat of human respiratory doublet microtubule and associated axonemal complexes	8.796E+00	0.010	14	84	325	482	184	430	631	286	0.502	0.391
LOKIASV2_0201_ESMFold_hypothetical_protein	7kzp-assembly1.cif.gz_O	7kzp-assembly1.cif.gz_O Structure of the human Fanconi anaemia Core complex	9.815E+00	0.010	14	4	156	482	536	693	693	188	0.317	0.228
LOKIASV2_0201_ESMFold_hypothetical_protein	6dv5-assembly1.cif.gz_B	6dv5-assembly1.cif.gz_B Oligomeric complex of a Hsp27 24-mer at 3.6 A resolution	6.688E+00	0.009	13	39	88	482	71	143	156	76	0.104	0.468
LOKIASV2_0201_ESMFold_hypothetical_protein	3lf4-assembly1.cif.gz_B	3lf4-assembly1.cif.gz_B Crystal Structure of Fluorescent Timer Precursor Blue102	7.883E+00	0.009	13	3	80	482	23	113	159	103	0.162	0.572
LOKIASV2_0201_ESMFold_hypothetical_protein	7z7p-assembly3.cif.gz_C	7z7p-assembly3.cif.gz_C Structure of the fluorescent protein NeonCyan0.95 at pH 5.6	9.291E+00	0.009	13	3	92	482	84	187	226	120	0.187	0.460
LOKIASV2_0201_ESMFold_hypothetical_protein	6ssp-assembly1.cif.gz_A	6ssp-assembly1.cif.gz_A Structure of the pentameric ligand-gated ion channel ELIC in complex with a NAM nanobody	4.315E+00	0.009	13	40	157	482	146	274	299	149	0.245	0.431
LOKIASV2_0201_ESMFold_hypothetical_protein	8f6z-assembly1.cif.gz_A	8f6z-assembly1.cif.gz_A Cryo-EM structure of Torpedo nicotinic acetylcholine receptor in complex with succinylcholine, desensitized-like state	2.941E+00	0.009	13	42	212	482	171	351	387	206	0.355	0.468
LOKIASV2_0201_ESMFold_hypothetical_protein	3nwf-assembly4.cif.gz_D	3nwf-assembly4.cif.gz_D Glycoprotein B from Herpes simplex virus type 1, low-pH	5.994E+00	0.009	13	3	81	482	65	169	605	114	0.164	0.174
LOKIASV2_0201_ESMFold_hypothetical_protein	3ggn-assembly3.cif.gz_B	3ggn-assembly3.cif.gz_B Crystal structure of DR_A0006 from Deinococcus radiodurans. Northeast Structural Genomics Consortium Target DrR147D	7.883E+00	0.008	12	2	82	482	43	107	131	84	0.168	0.496
LOKIASV2_0201_ESMFold_hypothetical_protein	6wg3-assembly1.cif.gz_C	6wg3-assembly1.cif.gz_C Cryo-EM structure of human Cohesin-NIPBL-DNA complex	8.796E+00	0.008	12	89	227	482	61	242	248	197	0.288	0.734
LOKIASV2_0201_ESMFold_hypothetical_protein	5v3o-assembly1.cif.gz_C	5v3o-assembly1.cif.gz_C Cereblon in complex with DDB1 and CC-220	4.085E+00	0.008	12	2	178	482	49	200	363	207	0.367	0.419
LOKIASV2_0201_ESMFold_hypothetical_protein	7ql5-assembly1.cif.gz_A	7ql5-assembly1.cif.gz_A Torpedo muscle-type nicotinic acetylcholine receptor - nicotine-bound conformation	4.815E+00	0.008	12	42	210	482	171	339	390	208	0.351	0.433
LOKIASV2_0201_ESMFold_hypothetical_protein	7xn9-assembly1.cif.gz_A	7xn9-assembly1.cif.gz_A Crystal structure of SSTR2 and L-054,522 complex	8.327E+00	0.008	12	2	158	482	252	476	476	249	0.326	0.473
LOKIASV2_0201_ESMFold_hypothetical_protein	3kdj-assembly1.cif.gz_A	3kdj-assembly1.cif.gz_A Complex structure of (+)-ABA-bound PYL1 and ABI1	9.291E+00	0.007	11	50	149	482	112	175	179	106	0.207	0.358
LOKIASV2_0201_ESMFold_hypothetical_protein	7ql5-assembly1.cif.gz_D	7ql5-assembly1.cif.gz_D Torpedo muscle-type nicotinic acetylcholine receptor - nicotine-bound conformation	7.065E+00	0.007	11	42	212	482	171	346	371	209	0.355	0.474
LOKIASV2_0201_ESMFold_hypothetical_protein	6pv7-assembly1.cif.gz_A	6pv7-assembly1.cif.gz_A Human alpha3beta4 nicotinic acetylcholine receptor in complex with nicotine	7.065E+00	0.007	11	42	211	482	171	358	387	209	0.353	0.486
LOKIASV2_0201_ESMFold_hypothetical_protein	7xna-assembly1.cif.gz_A	7xna-assembly1.cif.gz_A Crystal structure of somatostatin receptor 2 (SSTR2) with peptide antagonist CYN 154806	8.796E+00	0.007	11	3	142	482	261	440	472	211	0.290	0.381
LOKIASV2_0201_ESMFold_hypothetical_protein	8hsi-assembly1.cif.gz_A	8hsi-assembly1.cif.gz_A Cryo-EM structure of human TMEM87A, PE-bound	8.796E+00	0.000	10	2	326	482	38	342	405	390	0.674	0.753
LOKIASV2_0201_ESMFold_hypothetical_protein	6i7s-assembly1.cif.gz_G	6i7s-assembly1.cif.gz_G Microsomal triglyceride transfer protein	5.994E+00	0.000	10	42	324	482	176	528	863	395	0.587	0.409
LOKIASV2_0201_ESMFold_hypothetical_protein	6i7s-assembly2.cif.gz_H	6i7s-assembly2.cif.gz_H Microsomal triglyceride transfer protein	7.883E+00	0.000	9	55	317	482	211	522	862	358	0.546	0.362
LOKIASV2_0201_ESMFold_hypothetical_protein	MGYP001256495886.pdb.gz	MGYP001256495886.pdb.gz	8.783E-16	1.000	646	1	166	482	1	166	171	166	0.344	0.971
LOKIASV2_0201_ESMFold_hypothetical_protein	MGYP000005724329.pdb.gz	MGYP000005724329.pdb.gz	4.336E-20	1.000	548	4	359	482	4	331	360	368	0.739	0.911
LOKIASV2_0201_ESMFold_hypothetical_protein	MGYP000492268570.pdb.gz	MGYP000492268570.pdb.gz	1.709E-20	1.000	538	4	360	482	4	329	360	369	0.741	0.906
LOKIASV2_0201_ESMFold_hypothetical_protein	MGYP000259327551.pdb.gz	MGYP000259327551.pdb.gz	7.100E-20	1.000	509	1	366	482	1	362	380	398	0.759	0.953
LOKIASV2_0201_ESMFold_hypothetical_protein	MGYP001070058595.pdb.gz	MGYP001070058595.pdb.gz	1.159E-17	1.000	483	4	360	482	4	330	367	367	0.741	0.891
LOKIASV2_0201_ESMFold_hypothetical_protein	MGYP000232778829.pdb.gz	MGYP000232778829.pdb.gz	2.499E-18	1.000	478	4	359	482	4	328	373	365	0.739	0.871
LOKIASV2_0201_ESMFold_hypothetical_protein	MGYP001053537269.pdb.gz	MGYP001053537269.pdb.gz	6.700E-18	1.000	458	1	359	482	1	346	375	370	0.745	0.923
LOKIASV2_0201_ESMFold_hypothetical_protein	MGYP000194439526.pdb.gz	MGYP000194439526.pdb.gz	3.650E-15	1.000	441	46	359	482	5	276	304	324	0.651	0.895
LOKIASV2_0201_ESMFold_hypothetical_protein	MGYP000713439593.pdb.gz	MGYP000713439593.pdb.gz	6.700E-18	1.000	436	1	357	482	1	340	398	380	0.741	0.854
LOKIASV2_0201_ESMFold_hypothetical_protein	MGYP000872181311.pdb.gz	MGYP000872181311.pdb.gz	1.364E-16	1.000	424	4	359	482	4	330	373	371	0.739	0.877
LOKIASV2_0201_ESMFold_hypothetical_protein	MGYP000928681385.pdb.gz	MGYP000928681385.pdb.gz	4.040E-10	1.000	387	2	157	482	66	217	223	162	0.324	0.682
LOKIASV2_0201_ESMFold_hypothetical_protein	MGYP001182415069.pdb.gz	MGYP001182415069.pdb.gz	5.304E-09	1.000	376	4	155	482	2	146	162	155	0.315	0.895
LOKIASV2_0201_ESMFold_hypothetical_protein	MGYP000143731481.pdb.gz	MGYP000143731481.pdb.gz	3.417E-08	1.000	345	3	127	482	2	120	123	125	0.259	0.967
LOKIASV2_0201_ESMFold_hypothetical_protein	MGYP001179656095.pdb.gz	MGYP001179656095.pdb.gz	2.598E-08	1.000	343	5	145	482	2	141	156	146	0.293	0.897
LOKIASV2_0201_ESMFold_hypothetical_protein	MGYP000371500829.pdb.gz	MGYP000371500829.pdb.gz	5.006E-07	1.000	294	4	120	482	2	117	117	120	0.243	0.991
LOKIASV2_0201_ESMFold_hypothetical_protein	MGYP001286290865.pdb.gz	MGYP001286290865.pdb.gz	2.456E-07	1.000	291	2	107	482	9	112	114	110	0.220	0.912
LOKIASV2_0201_ESMFold_hypothetical_protein	MGYP000612584130.pdb.gz	MGYP000612584130.pdb.gz	2.083E-07	1.000	269	3	138	482	2	128	129	139	0.282	0.984
LOKIASV2_0201_ESMFold_hypothetical_protein	MGYP001456926475.pdb.gz	MGYP001456926475.pdb.gz	1.140E-07	1.000	266	3	157	482	2	155	155	165	0.322	0.994
LOKIASV2_0201_ESMFold_hypothetical_protein	MGYP000387952298.pdb.gz	MGYP000387952298.pdb.gz	8.644E-06	1.000	234	4	111	482	26	135	142	112	0.224	0.775
LOKIASV2_0201_ESMFold_hypothetical_protein	MGYP003706858871.pdb.gz	MGYP003706858871.pdb.gz	6.573E-06	1.000	234	4	146	482	12	139	177	145	0.297	0.723
LOKIASV2_0201_ESMFold_hypothetical_protein	MGYP000008669956.pdb.gz	MGYP000008669956.pdb.gz	8.657E-07	1.000	231	1	136	482	4	128	129	140	0.282	0.969
LOKIASV2_0201_ESMFold_hypothetical_protein	MGYP000061762501.pdb.gz	MGYP000061762501.pdb.gz	1.582E-06	1.000	227	2	151	482	10	163	174	158	0.311	0.885
LOKIASV2_0201_ESMFold_hypothetical_protein	MGYP001204021707.pdb.gz	MGYP001204021707.pdb.gz	6.212E-05	1.000	208	4	108	482	20	126	138	107	0.218	0.775
LOKIASV2_0201_ESMFold_hypothetical_protein	MGYP000435650021.pdb.gz	MGYP000435650021.pdb.gz	3.052E-06	1.000	207	3	139	482	4	113	118	137	0.284	0.932
LOKIASV2_0201_ESMFold_hypothetical_protein	MGYP000264637034.pdb.gz	MGYP000264637034.pdb.gz	2.731E-05	1.000	194	1	125	482	1	114	121	131	0.259	0.942
LOKIASV2_0201_ESMFold_hypothetical_protein	MGYP002631872084.pdb.gz	MGYP002631872084.pdb.gz	4.008E-05	1.000	193	4	133	482	4	131	159	133	0.270	0.805
LOKIASV2_0201_ESMFold_hypothetical_protein	MGYP000377270689.pdb.gz	MGYP000377270689.pdb.gz	4.731E-06	1.000	191	1	139	482	7	136	137	140	0.288	0.949
LOKIASV2_0201_ESMFold_hypothetical_protein	MGYP001547160857.pdb.gz	MGYP001547160857.pdb.gz	4.472E-05	1.000	190	4	126	482	35	158	163	129	0.255	0.761
LOKIASV2_0201_ESMFold_hypothetical_protein	MGYP002843404361.pdb.gz	MGYP002843404361.pdb.gz	4.233E-05	1.000	184	4	137	482	32	161	218	139	0.278	0.596
LOKIASV2_0201_ESMFold_hypothetical_protein	MGYP001067425027.pdb.gz	MGYP001067425027.pdb.gz	4.001E-04	1.000	179	4	81	482	6	85	110	82	0.162	0.727
LOKIASV2_0201_ESMFold_hypothetical_protein	MGYP001209279317.pdb.gz	MGYP001209279317.pdb.gz	4.008E-05	1.000	179	1	157	482	14	147	148	162	0.326	0.905
LOKIASV2_0201_ESMFold_hypothetical_protein	MGYP001361944938.pdb.gz	MGYP001361944938.pdb.gz	5.262E-04	1.000	178	1	82	482	1	83	87	86	0.170	0.954
LOKIASV2_0201_ESMFold_hypothetical_protein	MGYP000568943907.pdb.gz	MGYP000568943907.pdb.gz	9.660E-07	1.000	172	1	227	482	7	215	247	243	0.471	0.846
LOKIASV2_0201_ESMFold_hypothetical_protein	MGYP003891052645.pdb.gz	MGYP003891052645.pdb.gz	2.880E-04	1.000	171	4	138	482	9	131	151	139	0.280	0.815
LOKIASV2_0201_ESMFold_hypothetical_protein	MGYP003952613175.pdb.gz	MGYP003952613175.pdb.gz	4.465E-04	1.000	168	6	133	482	2	121	186	130	0.266	0.645
LOKIASV2_0201_ESMFold_hypothetical_protein	MGYP000859666181.pdb.gz	MGYP000859666181.pdb.gz	1.665E-04	1.000	167	4	133	482	26	147	189	136	0.270	0.646
LOKIASV2_0201_ESMFold_hypothetical_protein	MGYP001085432859.pdb.gz	MGYP001085432859.pdb.gz	1.413E-04	1.000	165	1	141	482	5	128	129	147	0.293	0.961
LOKIASV2_0201_ESMFold_hypothetical_protein	MGYP001293055631.pdb.gz	MGYP001293055631.pdb.gz	1.495E-05	1.000	160	4	158	482	14	179	186	171	0.322	0.892
LOKIASV2_0201_ESMFold_hypothetical_protein	MGYP000879950152.pdb.gz	MGYP000879950152.pdb.gz	1.966E-05	1.000	160	3	154	482	11	198	208	190	0.315	0.904
LOKIASV2_0201_ESMFold_hypothetical_protein	MGYP001371588571.pdb.gz	MGYP001371588571.pdb.gz	5.872E-04	1.000	158	4	146	482	17	149	171	149	0.297	0.778
LOKIASV2_0201_ESMFold_hypothetical_protein	MGYP000193119527.pdb.gz	MGYP000193119527.pdb.gz	1.858E-04	1.000	157	159	343	482	3	181	237	201	0.384	0.755
LOKIASV2_0201_ESMFold_hypothetical_protein	MGYP001293443426.pdb.gz	MGYP001293443426.pdb.gz	1.577E-04	1.000	154	1	134	482	25	158	183	148	0.278	0.732
LOKIASV2_0201_ESMFold_hypothetical_protein	MGYP003963194645.pdb.gz	MGYP003963194645.pdb.gz	2.885E-05	1.000	152	1	158	482	17	179	187	176	0.328	0.872
LOKIASV2_0201_ESMFold_hypothetical_protein	MGYP001140058798.pdb.gz	MGYP001140058798.pdb.gz	4.990E-05	1.000	150	3	158	482	4	158	163	170	0.324	0.951
LOKIASV2_0201_ESMFold_hypothetical_protein	MGYP002840080460.pdb.gz	MGYP002840080460.pdb.gz	2.187E-03	1.000	144	1	100	482	21	124	130	104	0.207	0.800
LOKIASV2_0201_ESMFold_hypothetical_protein	MGYP003963699795.pdb.gz	MGYP003963699795.pdb.gz	5.881E-05	1.000	137	4	227	482	12	162	167	228	0.465	0.904
LOKIASV2_0201_ESMFold_hypothetical_protein	MGYP000935033209.pdb.gz	MGYP000935033209.pdb.gz	1.413E-04	1.000	133	1	212	482	1	174	181	219	0.440	0.961
LOKIASV2_0201_ESMFold_hypothetical_protein	MGYP002844378812.pdb.gz	MGYP002844378812.pdb.gz	9.101E-04	1.000	129	4	127	482	12	140	346	136	0.257	0.373
LOKIASV2_0201_ESMFold_hypothetical_protein	MGYP001107407941.pdb.gz	MGYP001107407941.pdb.gz	2.444E-04	1.000	127	4	222	482	32	214	250	225	0.454	0.732
LOKIASV2_0201_ESMFold_hypothetical_protein	MGYP001773517094.pdb.gz	MGYP001773517094.pdb.gz	2.067E-02	1.000	121	274	360	482	6	84	85	87	0.180	0.929
LOKIASV2_0201_ESMFold_hypothetical_protein	MGYP000100086602.pdb.gz	MGYP000100086602.pdb.gz	6.909E-03	1.000	121	4	141	482	4	125	126	141	0.286	0.968
LOKIASV2_0201_ESMFold_hypothetical_protein	MGYP001026050094.pdb.gz	MGYP001026050094.pdb.gz	9.072E-02	1.000	118	271	343	482	2	74	107	73	0.151	0.682
LOKIASV2_0201_ESMFold_hypothetical_protein	MGYP002027275305.pdb.gz	MGYP002027275305.pdb.gz	2.310E-03	1.000	111	4	130	482	38	162	332	136	0.263	0.377
LOKIASV2_0201_ESMFold_hypothetical_protein	MGYP002477770395.pdb.gz	MGYP002477770395.pdb.gz	4.982E-04	1.000	110	4	139	482	4	160	162	169	0.282	0.969
LOKIASV2_0201_ESMFold_hypothetical_protein	MGYP000515684685.pdb.gz	MGYP000515684685.pdb.gz	8.589E-02	1.000	105	278	360	482	7	80	128	83	0.172	0.578
LOKIASV2_0201_ESMFold_hypothetical_protein	MGYP003685705945.pdb.gz	MGYP003685705945.pdb.gz	5.550E-03	1.000	102	4	142	482	85	205	534	141	0.288	0.227
LOKIASV2_0201_ESMFold_hypothetical_protein	MGYP000701451723.pdb.gz	MGYP000701451723.pdb.gz	5.872E-04	0.993	86	4	325	482	8	343	344	387	0.668	0.977
LOKIASV2_0201_ESMFold_hypothetical_protein	MGYP001128559680.pdb.gz	MGYP001128559680.pdb.gz	1.852E-02	0.988	82	4	212	482	9	178	220	212	0.434	0.773
LOKIASV2_0201_ESMFold_hypothetical_protein	MGYP001098657906.pdb.gz	MGYP001098657906.pdb.gz	1.488E-02	0.949	72	1	136	482	64	216	218	158	0.282	0.702
LOKIASV2_0201_ESMFold_hypothetical_protein	MGYP000957842870.pdb.gz	MGYP000957842870.pdb.gz	1.849E-01	0.872	65	243	388	482	294	416	426	147	0.303	0.289
LOKIASV2_0201_ESMFold_hypothetical_protein	MGYP000704610858.pdb.gz	MGYP000704610858.pdb.gz	5.237E-01	0.837	63	286	392	482	326	430	449	113	0.222	0.234
LOKIASV2_0201_ESMFold_hypothetical_protein	MGYP001386689556.pdb.gz	MGYP001386689556.pdb.gz	4.966E-02	0.817	62	2	139	482	27	160	185	144	0.286	0.724
LOKIASV2_0201_ESMFold_hypothetical_protein	MGYP002622860745.pdb.gz	MGYP002622860745.pdb.gz	4.213E-02	0.772	60	1	145	482	99	259	270	168	0.301	0.596
LOKIASV2_0201_ESMFold_hypothetical_protein	MGYP001501772908.pdb.gz	MGYP001501772908.pdb.gz	2.310E-03	0.537	52	2	341	482	25	315	453	394	0.705	0.642
LOKIASV2_0201_ESMFold_hypothetical_protein	MGYP000183382107.pdb.gz	MGYP000183382107.pdb.gz	1.131E-02	0.442	49	1	353	482	244	558	563	408	0.732	0.560
LOKIASV2_0201_ESMFold_hypothetical_protein	MGYP002524355863.pdb.gz	MGYP002524355863.pdb.gz	1.569E-01	0.382	47	5	197	482	3	195	259	224	0.400	0.745
LOKIASV2_0201_ESMFold_hypothetical_protein	MGYP000918019898.pdb.gz	MGYP000918019898.pdb.gz	3.379E-01	0.326	45	1	152	482	7	180	195	180	0.315	0.892
LOKIASV2_0201_ESMFold_hypothetical_protein	MGYP000895004317.pdb.gz	MGYP000895004317.pdb.gz	1.258E+00	0.277	43	269	451	482	263	426	438	189	0.380	0.374
LOKIASV2_0201_ESMFold_hypothetical_protein	MGYP002212971746.pdb.gz	MGYP002212971746.pdb.gz	4.436E+00	0.277	43	275	438	482	374	533	541	173	0.340	0.296
LOKIASV2_0201_ESMFold_hypothetical_protein	MGYP001104010969.pdb.gz	MGYP001104010969.pdb.gz	1.657E-01	0.233	41	1	225	482	12	274	310	290	0.467	0.848
LOKIASV2_0201_ESMFold_hypothetical_protein	MGYP003683666547.pdb.gz	MGYP003683666547.pdb.gz	2.862E+00	0.164	37	262	388	482	52	199	231	153	0.263	0.641
LOKIASV2_0201_ESMFold_hypothetical_protein	MGYP001304175114.pdb.gz	MGYP001304175114.pdb.gz	1.130E-01	0.164	37	1	282	482	79	384	390	345	0.585	0.785
LOKIASV2_0201_ESMFold_hypothetical_protein	MGYP000411210749.pdb.gz	MGYP000411210749.pdb.gz	7.685E-01	0.150	36	4	212	482	28	197	200	215	0.434	0.850
LOKIASV2_0201_ESMFold_hypothetical_protein	MGYP000718546378.pdb.gz	MGYP000718546378.pdb.gz	2.565E+00	0.138	35	273	446	482	422	611	613	208	0.361	0.310
LOKIASV2_0201_ESMFold_hypothetical_protein	MGYP002563251827.pdb.gz	MGYP002563251827.pdb.gz	2.432E-01	0.098	31	4	439	482	28	472	472	537	0.905	0.943
LOKIASV2_0201_ESMFold_hypothetical_protein	MGYP002246550568.pdb.gz	MGYP002246550568.pdb.gz	7.264E+00	0.076	28	29	145	482	40	158	174	135	0.243	0.684
LOKIASV2_0201_ESMFold_hypothetical_protein	MGYP002150182260.pdb.gz	MGYP002150182260.pdb.gz	1.128E+00	0.076	28	186	426	482	30	297	297	304	0.500	0.902
LOKIASV2_0201_ESMFold_hypothetical_protein	MGYP001574909058.pdb.gz	MGYP001574909058.pdb.gz	1.258E+00	0.076	28	214	439	482	30	228	353	248	0.469	0.564
LOKIASV2_0201_ESMFold_hypothetical_protein	MGYP001123190178.pdb.gz	MGYP001123190178.pdb.gz	4.950E+00	0.069	27	240	446	482	50	288	904	257	0.429	0.264
LOKIASV2_0201_ESMFold_hypothetical_protein	MGYP000380344910.pdb.gz	MGYP000380344910.pdb.gz	8.105E+00	0.057	25	203	446	482	257	452	490	257	0.506	0.400
LOKIASV2_0201_ESMFold_hypothetical_protein	MGYP000607286527.pdb.gz	MGYP000607286527.pdb.gz	6.510E+00	0.040	22	235	464	482	117	383	385	293	0.477	0.694
LOKIASV2_0201_ESMFold_hypothetical_protein	MGYP002625543438.pdb.gz	MGYP002625543438.pdb.gz	5.834E+00	0.034	21	89	467	482	12	352	355	442	0.786	0.961
LOKIASV2_0201_ESMFold_hypothetical_protein	MGYP001358080237.pdb.gz	MGYP001358080237.pdb.gz	5.229E+00	0.034	21	119	451	482	10	329	361	409	0.691	0.886
LOKIASV2_0201_ESMFold_hypothetical_protein	MGYP001469475747.pdb.gz	MGYP001469475747.pdb.gz	9.043E+00	0.034	21	330	481	482	459	603	608	156	0.315	0.238
LOKIASV2_0201_ESMFold_hypothetical_protein	MGYP000856421234.pdb.gz	MGYP000856421234.pdb.gz	5.229E+00	0.029	20	202	427	482	26	247	247	266	0.469	0.899
LOKIASV2_0201_ESMFold_hypothetical_protein	MGYP001583454600.pdb.gz	MGYP001583454600.pdb.gz	3.976E+00	0.029	20	112	437	482	151	453	460	383	0.676	0.659
LOKIASV2_0201_ESMFold_hypothetical_protein	MGYP001480179974.pdb.gz	MGYP001480179974.pdb.gz	3.976E+00	0.020	18	1	353	482	146	551	562	478	0.732	0.722
LOKIASV2_0201_ESMFold_hypothetical_protein	MGYP000276062250.pdb.gz	MGYP000276062250.pdb.gz	8.561E+00	0.016	17	1	441	482	1	494	541	573	0.915	0.913
LOKIASV2_0201_ESMFold_hypothetical_protein	MGYP001007221448.pdb.gz	MGYP001007221448.pdb.gz	3.373E+00	0.016	17	1	446	482	18	419	556	531	0.925	0.723
LOKIASV2_0201_ESMFold_hypothetical_protein	MGYP001575230763.pdb.gz	MGYP001575230763.pdb.gz	5.834E+00	0.016	17	90	478	482	169	592	626	482	0.807	0.677
LOKIASV2_0201_ESMFold_hypothetical_protein	ProtVar_Q8TEV9_Q9HAD4_A	ProtVar_Q8TEV9_Q9HAD4_A 	8.138E-06	1.000	142	3	158	482	56	259	937	207	0.324	0.218
LOKIASV2_0201_ESMFold_hypothetical_protein	ProtVar_Q5VZM2_Q8WTW4_B	ProtVar_Q5VZM2_Q8WTW4_B 	1.013E-05	0.999	99	4	333	482	9	329	380	390	0.685	0.845
LOKIASV2_0201_ESMFold_hypothetical_protein	ProtVar_A4D1U4_Q9UBX7-1_A	ProtVar_A4D1U4_Q9UBX7-1_A 	3.376E-04	0.855	64	4	327	482	79	441	455	405	0.672	0.798
LOKIASV2_0201_ESMFold_hypothetical_protein	ProtVar_P00973_P55265_B	ProtVar_P00973_P55265_B 	3.749E-01	0.254	42	289	432	482	141	274	1226	155	0.299	0.109
LOKIASV2_0201_ESMFold_hypothetical_protein	LevyLab_A0A0H3JHF8_V1_5_relaxed_B	LevyLab_A0A0H3JHF8_V1_5_relaxed_B 	5.501E-01	0.116	33	277	434	482	20	176	320	177	0.328	0.491
LOKIASV2_0201_ESMFold_hypothetical_protein	ProtVar_P04198_Q14209_B	ProtVar_P04198_Q14209_B 	9.530E-02	0.116	33	170	444	482	137	389	437	295	0.571	0.579
LOKIASV2_0201_ESMFold_hypothetical_protein	ModelArchive_ma-t3vr3-655_A	ModelArchive_ma-t3vr3-655_A Predicted interaction between FOXA1 (1-472) and PLOD1 (1-727) Predicted interaction between FOXA1 (1-472) and PLOD1 (1-727)	2.551E+00	0.063	26	265	430	482	162	321	472	183	0.344	0.339
LOKIASV2_0201_ESMFold_hypothetical_protein	ProtVar_P12273_Q4KMZ1_B	ProtVar_P12273_Q4KMZ1_B 	1.475E+00	0.040	22	324	480	482	37	202	466	177	0.326	0.356
LOKIASV2_0201_ESMFold_hypothetical_protein	ProtVar_Q99743_Q9WTL8_A	ProtVar_Q99743_Q9WTL8_A 	4.412E+00	0.040	22	3	87	482	95	236	824	147	0.176	0.172
LOKIASV2_0201_ESMFold_hypothetical_protein	ModelArchive_ma-t3vr3-818_A	ModelArchive_ma-t3vr3-818_A Predicted interaction between PLEC (1-200) and CYLD (1-215) Predicted interaction between PLEC (1-200) and CYLD (1-215)	2.415E+00	0.034	21	314	463	482	45	195	200	161	0.311	0.755
LOKIASV2_0201_ESMFold_hypothetical_protein	Predictome_07026rh_ETAA1_HUMAN__CDC6_HUMAN__1486aa_unrelaxed_af2mv3_model_1_B	Predictome_07026rh_ETAA1_HUMAN__CDC6_HUMAN__1486aa_unrelaxed_af2mv3_model_1_B 	9.500E+00	0.024	19	255	346	482	434	537	560	109	0.191	0.186
LOKIASV2_0201_ESMFold_hypothetical_protein	LevyLab_Q9BUG6_V1_4_relaxed_B	LevyLab_Q9BUG6_V1_4_relaxed_B 	1.646E+00	0.020	18	256	433	482	41	235	496	221	0.369	0.393
LOKIASV2_0201_ESMFold_hypothetical_protein	ModelArchive_ma-low-csi-0027_A	ModelArchive_ma-low-csi-0027_A Predicted interaction between HNRNPDL and HNRNPU Predicted interaction between HNRNPDL and HNRNPU	9.008E-01	0.016	17	203	442	482	200	389	420	262	0.498	0.452
LOKIASV2_0201_ESMFold_hypothetical_protein	LevyLab_A6NGD5_V1_5_relaxed_B	LevyLab_A6NGD5_V1_5_relaxed_B 	1.738E+00	0.016	17	246	437	482	37	206	496	213	0.398	0.343
LOKIASV2_0201_ESMFold_hypothetical_protein	ProtVar_P67870_Q9BUG6_B	ProtVar_P67870_Q9BUG6_B 	2.164E+00	0.016	17	256	433	482	41	235	496	217	0.369	0.393
LOKIASV2_0201_ESMFold_hypothetical_protein	LevyLab_Q969M2_V1_5_relaxed_B	LevyLab_Q969M2_V1_5_relaxed_B 	3.743E+00	0.016	17	88	432	482	86	325	543	367	0.716	0.442
LOKIASV2_0201_ESMFold_hypothetical_protein	ProtVar_P61962_Q96CP6_B	ProtVar_P61962_Q96CP6_B 	6.474E+00	0.016	17	54	125	482	472	547	724	79	0.149	0.105
LOKIASV2_0201_ESMFold_hypothetical_protein	ModelArchive_ma-bak-cepc-0992_A	ModelArchive_ma-bak-cepc-0992_A Predicted interaction between CTI6 and DEP1 Predicted interaction between CTI6 and DEP1	6.129E+00	0.014	16	329	482	482	124	273	506	167	0.320	0.296
LOKIASV2_0201_ESMFold_hypothetical_protein	ProtVar_Q14203_Q86V48_B	ProtVar_Q14203_Q86V48_B 	1.475E+00	0.014	16	89	475	482	15	336	1076	422	0.803	0.299
LOKIASV2_0201_ESMFold_hypothetical_protein	ProtVar_O15160_P31943_A	ProtVar_O15160_P31943_A 	2.551E+00	0.011	15	199	439	482	62	270	449	283	0.500	0.465
LOKIASV2_0201_ESMFold_hypothetical_protein	ProtVar_P26196_Q9NWH7-2_B	ProtVar_P26196_Q9NWH7-2_B 	3.544E+00	0.011	15	328	445	482	121	249	472	137	0.245	0.273
LOKIASV2_0201_ESMFold_hypothetical_protein	LevyLab_O00499_V1_3_relaxed_A	LevyLab_O00499_V1_3_relaxed_A 	2.551E+00	0.011	15	89	430	482	64	347	593	372	0.710	0.479
LOKIASV2_0201_ESMFold_hypothetical_protein	ProtVar_P67812_Q9NP99_B	ProtVar_P67812_Q9NP99_B 	5.493E+00	0.010	14	2	85	482	50	104	234	84	0.174	0.235
LOKIASV2_0201_ESMFold_hypothetical_protein	ModelArchive_ma-low-csi-0480_A	ModelArchive_ma-low-csi-0480_A Predicted interaction between HNRNPH2 and HMGB3 Predicted interaction between HNRNPH2 and HMGB3	2.286E+00	0.010	14	199	446	482	62	278	449	291	0.515	0.483
LOKIASV2_0201_ESMFold_hypothetical_protein	ProtVar_Q10570_Q9BWT3_B	ProtVar_Q10570_Q9BWT3_B 	3.176E+00	0.010	14	265	433	482	366	568	736	222	0.351	0.276
LOKIASV2_0201_ESMFold_hypothetical_protein	ModelArchive_ma-low-csi-0193_B	ModelArchive_ma-low-csi-0193_B Predicted interaction between HNRNPA1 and HNRNPH3 Predicted interaction between HNRNPA1 and HNRNPH3	7.223E+00	0.009	13	231	432	482	18	169	346	215	0.419	0.439
LOKIASV2_0201_ESMFold_hypothetical_protein	LevyLab_P17028_V1_2_relaxed_A	LevyLab_P17028_V1_2_relaxed_A 	6.838E+00	0.009	13	256	435	482	49	229	368	207	0.373	0.492
LOKIASV2_0201_ESMFold_hypothetical_protein	ProtVar_P61981_Q9Y2X7-3_B	ProtVar_P61981_Q9Y2X7-3_B 	8.514E+00	0.009	13	243	482	482	255	486	770	274	0.498	0.301
LOKIASV2_0201_ESMFold_hypothetical_protein	ModelArchive_ma-bak-cepc-0933_A	ModelArchive_ma-bak-cepc-0933_A Predicted interaction between VTA1 and VPS4 Predicted interaction between VTA1 and VPS4	3.544E+00	0.008	12	242	463	482	32	293	330	279	0.461	0.794
LOKIASV2_0201_ESMFold_hypothetical_protein	ProtVar_P28472_P43681_A	ProtVar_P28472_P43681_A 	4.177E+00	0.008	12	39	201	482	203	361	473	184	0.338	0.336
LOKIASV2_0201_ESMFold_hypothetical_protein	ProtVar_O00203_Q6NXG1_B	ProtVar_O00203_Q6NXG1_B 	6.838E+00	0.008	12	329	435	482	476	607	681	133	0.222	0.194
LOKIASV2_0201_ESMFold_hypothetical_protein	LevyLab_Q07666_V1_5_relaxed_B	LevyLab_Q07666_V1_5_relaxed_B 	7.630E+00	0.007	11	154	434	482	95	334	443	315	0.583	0.542
LOKIASV2_0201_ESMFold_hypothetical_protein	LevyLab_Q9H257_V1_4_relaxed_B	LevyLab_Q9H257_V1_4_relaxed_B 	8.993E+00	0.000	10	83	482	482	239	521	536	400	0.830	0.528
LOKIASV2_0201_ESMFold_hypothetical_protein	ProtVar_P37235_Q7DB77_B	ProtVar_P37235_Q7DB77_B 	6.129E+00	0.000	10	1	435	482	103	458	558	495	0.902	0.638
LOKIASV2_0201_ESMFold_hypothetical_protein	ProtVar_Q6ICB4_Q8N4B1-4_B	ProtVar_Q6ICB4_Q8N4B1-4_B 	8.060E+00	0.000	9	4	125	482	34	158	262	148	0.253	0.477
LOKIASV2_0201_ESMFold_hypothetical_protein	ProtVar_Q9NZI2_Q9UK17_B	ProtVar_Q9NZI2_Q9UK17_B 	7.223E+00	0.000	9	88	427	482	304	585	655	375	0.705	0.431
LOKIASV2_0201_ESMFold_hypothetical_protein	ProtVar_O95292_Q99593_B	ProtVar_O95292_Q99593_B 	8.060E+00	0.000	8	3	132	482	102	264	518	176	0.270	0.315
LOKIASV2_0201_ESMFold_hypothetical_protein	Q5UQT0_unrelaxed_rank_001_alphafold2_ptm_model_3_seed_000.pdb	Q5UQT0_unrelaxed_rank_001_alphafold2_ptm_model_3_seed_000.pdb	2.805E-01	0.326	45	287	433	482	109	254	281	153	0.305	0.520
LOKIASV2_0201_ESMFold_hypothetical_protein	A0A8S5NNT8_unrelaxed_rank_001_alphafold2_ptm_model_3_seed_000.pdb	A0A8S5NNT8_unrelaxed_rank_001_alphafold2_ptm_model_3_seed_000.pdb	1.911E-01	0.196	39	266	434	482	9	164	295	180	0.351	0.529
LOKIASV2_0201_ESMFold_hypothetical_protein	A0A8S5U6Y0_unrelaxed_rank_001_alphafold2_ptm_model_1_seed_000.pdb	A0A8S5U6Y0_unrelaxed_rank_001_alphafold2_ptm_model_1_seed_000.pdb	1.622E-01	0.164	37	232	444	482	2	187	328	231	0.442	0.567
LOKIASV2_0201_ESMFold_hypothetical_protein	A0A6J5QZA5_unrelaxed_rank_001_alphafold2_ptm_model_3_seed_000.pdb	A0A6J5QZA5_unrelaxed_rank_001_alphafold2_ptm_model_3_seed_000.pdb	4.851E-01	0.150	36	282	444	482	11	208	323	203	0.338	0.613
LOKIASV2_0201_ESMFold_hypothetical_protein	A0A7S5RNB9_unrelaxed_rank_001_alphafold2_ptm_model_3_seed_000.pdb	A0A7S5RNB9_unrelaxed_rank_001_alphafold2_ptm_model_3_seed_000.pdb	2.133E-01	0.138	35	247	441	482	4	186	310	217	0.405	0.590
LOKIASV2_0201_ESMFold_hypothetical_protein	F8V5L6_unrelaxed_rank_001_alphafold2_ptm_model_3_seed_000.pdb	F8V5L6_unrelaxed_rank_001_alphafold2_ptm_model_3_seed_000.pdb	7.531E-02	0.116	33	92	433	482	37	398	425	419	0.710	0.852
LOKIASV2_0201_ESMFold_hypothetical_protein	A0A384WJB9_unrelaxed_rank_001_alphafold2_ptm_model_3_seed_000.pdb	A0A384WJB9_unrelaxed_rank_001_alphafold2_ptm_model_3_seed_000.pdb	5.124E-01	0.106	32	275	442	482	29	194	331	195	0.349	0.502
LOKIASV2_0201_ESMFold_hypothetical_protein	A0A6J5KYW8_unrelaxed_rank_001_alphafold2_ptm_model_1_seed_000.pdb	A0A6J5KYW8_unrelaxed_rank_001_alphafold2_ptm_model_1_seed_000.pdb	1.303E-01	0.106	32	246	460	482	26	235	360	250	0.446	0.583
LOKIASV2_0201_ESMFold_hypothetical_protein	U6C6J3_unrelaxed_rank_001_alphafold2_ptm_model_1_seed_000.pdb	U6C6J3_unrelaxed_rank_001_alphafold2_ptm_model_1_seed_000.pdb	1.911E-01	0.098	31	232	431	482	2	180	311	229	0.415	0.576
LOKIASV2_0201_ESMFold_hypothetical_protein	A0A386KRS8_unrelaxed_rank_001_alphafold2_ptm_model_3_seed_000.pdb	A0A386KRS8_unrelaxed_rank_001_alphafold2_ptm_model_3_seed_000.pdb	7.943E-01	0.090	30	266	460	482	17	212	244	221	0.405	0.803
LOKIASV2_0201_ESMFold_hypothetical_protein	A0A516KW12_unrelaxed_rank_001_alphafold2_ptm_model_3_seed_000.pdb	A0A516KW12_unrelaxed_rank_001_alphafold2_ptm_model_3_seed_000.pdb	3.301E+00	0.082	29	284	429	482	25	184	299	176	0.303	0.535
LOKIASV2_0201_ESMFold_hypothetical_protein	A0A345MVH7_unrelaxed_rank_001_alphafold2_ptm_model_2_seed_000.pdb	A0A345MVH7_unrelaxed_rank_001_alphafold2_ptm_model_2_seed_000.pdb	1.231E+00	0.069	27	247	433	482	1	164	176	199	0.388	0.932
LOKIASV2_0201_ESMFold_hypothetical_protein	A0A6J5KLV9_unrelaxed_rank_001_alphafold2_ptm_model_2_seed_000.pdb	A0A6J5KLV9_unrelaxed_rank_001_alphafold2_ptm_model_2_seed_000.pdb	2.651E+00	0.069	27	283	441	482	5	148	310	166	0.330	0.465
LOKIASV2_0201_ESMFold_hypothetical_protein	B1PM20_unrelaxed_rank_001_alphafold2_ptm_model_2_seed_000.pdb	B1PM20_unrelaxed_rank_001_alphafold2_ptm_model_2_seed_000.pdb	1.374E+00	0.063	26	213	437	482	12	199	223	237	0.467	0.843
LOKIASV2_0201_ESMFold_hypothetical_protein	A0A3G5A258_unrelaxed_rank_001_alphafold2_ptm_model_3_seed_000.pdb	A0A3G5A258_unrelaxed_rank_001_alphafold2_ptm_model_3_seed_000.pdb	1.453E-01	0.063	26	82	442	482	282	582	678	394	0.749	0.444
LOKIASV2_0201_ESMFold_hypothetical_protein	A0A3G4ZRF1_unrelaxed_rank_001_alphafold2_ptm_model_3_seed_000.pdb	A0A3G4ZRF1_unrelaxed_rank_001_alphafold2_ptm_model_3_seed_000.pdb	1.807E+00	0.051	24	309	482	482	49	214	252	184	0.361	0.659
LOKIASV2_0201_ESMFold_hypothetical_protein	G8XUK1_unrelaxed_rank_001_alphafold2_ptm_model_2_seed_000.pdb	G8XUK1_unrelaxed_rank_001_alphafold2_ptm_model_2_seed_000.pdb	2.510E+00	0.051	24	299	440	482	68	217	357	157	0.295	0.420
LOKIASV2_0201_ESMFold_hypothetical_protein	A0A5K0U7I0_unrelaxed_rank_001_alphafold2_ptm_model_2_seed_000.pdb	A0A5K0U7I0_unrelaxed_rank_001_alphafold2_ptm_model_2_seed_000.pdb	1.046E-01	0.051	24	86	445	482	108	458	503	417	0.747	0.698
LOKIASV2_0201_ESMFold_hypothetical_protein	A0A345ML01_unrelaxed_rank_001_alphafold2_ptm_model_1_seed_000.pdb	A0A345ML01_unrelaxed_rank_001_alphafold2_ptm_model_1_seed_000.pdb	1.231E+00	0.045	23	309	435	482	5	132	155	137	0.263	0.826
LOKIASV2_0201_ESMFold_hypothetical_protein	A0A345N363_unrelaxed_rank_001_alphafold2_ptm_model_3_seed_000.pdb	A0A345N363_unrelaxed_rank_001_alphafold2_ptm_model_3_seed_000.pdb	5.709E+00	0.045	23	331	482	482	118	251	380	155	0.315	0.353
LOKIASV2_0201_ESMFold_hypothetical_protein	A0A513WW47_unrelaxed_rank_001_alphafold2_ptm_model_3_seed_000.pdb	A0A513WW47_unrelaxed_rank_001_alphafold2_ptm_model_3_seed_000.pdb	4.593E-01	0.045	23	39	480	482	4	365	607	483	0.917	0.596
LOKIASV2_0201_ESMFold_hypothetical_protein	A0A7T1JPU8_unrelaxed_rank_001_alphafold2_ptm_model_1_seed_000.pdb	A0A7T1JPU8_unrelaxed_rank_001_alphafold2_ptm_model_1_seed_000.pdb	1.301E+00	0.040	22	309	434	482	5	131	143	134	0.261	0.888
LOKIASV2_0201_ESMFold_hypothetical_protein	A0A5J6VN90_unrelaxed_rank_001_alphafold2_ptm_model_3_seed_000.pdb	A0A5J6VN90_unrelaxed_rank_001_alphafold2_ptm_model_3_seed_000.pdb	2.800E+00	0.040	22	330	479	482	8	161	161	167	0.311	0.957
LOKIASV2_0201_ESMFold_hypothetical_protein	A0A4D6TAN9_unrelaxed_rank_001_alphafold2_ptm_model_3_seed_000.pdb	A0A4D6TAN9_unrelaxed_rank_001_alphafold2_ptm_model_3_seed_000.pdb	2.958E+00	0.034	21	330	444	482	8	128	138	129	0.239	0.877
LOKIASV2_0201_ESMFold_hypothetical_protein	A0A8E5K7E5_unrelaxed_rank_001_alphafold2_ptm_model_1_seed_000.pdb	A0A8E5K7E5_unrelaxed_rank_001_alphafold2_ptm_model_1_seed_000.pdb	4.116E-01	0.034	21	258	420	482	9	199	200	198	0.338	0.955
LOKIASV2_0201_ESMFold_hypothetical_protein	A0A3G5A852_unrelaxed_rank_001_alphafold2_ptm_model_2_seed_000.pdb	A0A3G5A852_unrelaxed_rank_001_alphafold2_ptm_model_2_seed_000.pdb	3.487E+00	0.034	21	250	481	482	18	210	219	245	0.481	0.881
LOKIASV2_0201_ESMFold_hypothetical_protein	A0A6J5LZC8_unrelaxed_rank_001_alphafold2_ptm_model_1_seed_000.pdb	A0A6J5LZC8_unrelaxed_rank_001_alphafold2_ptm_model_1_seed_000.pdb	2.129E+00	0.034	21	258	478	482	5	231	297	262	0.459	0.764
LOKIASV2_0201_ESMFold_hypothetical_protein	A0A7D3UET4_unrelaxed_rank_001_alphafold2_ptm_model_3_seed_000.pdb	A0A7D3UET4_unrelaxed_rank_001_alphafold2_ptm_model_3_seed_000.pdb	7.943E-01	0.034	21	27	144	482	96	227	623	149	0.245	0.212
LOKIASV2_0201_ESMFold_hypothetical_protein	A0A6J7XJS1_unrelaxed_rank_001_alphafold2_ptm_model_1_seed_000.pdb	A0A6J7XJS1_unrelaxed_rank_001_alphafold2_ptm_model_1_seed_000.pdb	4.843E+00	0.029	20	261	446	482	12	187	297	204	0.386	0.593
LOKIASV2_0201_ESMFold_hypothetical_protein	A0A8A4XDS2_unrelaxed_rank_001_alphafold2_ptm_model_3_seed_000.pdb	A0A8A4XDS2_unrelaxed_rank_001_alphafold2_ptm_model_3_seed_000.pdb	1.231E+00	0.029	20	3	482	482	201	722	751	628	0.996	0.695
LOKIASV2_0201_ESMFold_hypothetical_protein	A0A6J5NHA4_2_unrelaxed_rank_001_alphafold2_ptm_model_1_seed_000.pdb	A0A6J5NHA4_2_unrelaxed_rank_001_alphafold2_ptm_model_1_seed_000.pdb	8.390E-01	0.029	20	84	433	482	333	591	1496	359	0.726	0.173
LOKIASV2_0201_ESMFold_hypothetical_protein	A0A5Q2W7F3_unrelaxed_rank_001_alphafold2_ptm_model_3_seed_000.pdb	A0A5Q2W7F3_unrelaxed_rank_001_alphafold2_ptm_model_3_seed_000.pdb	3.683E+00	0.024	19	309	442	482	12	160	164	153	0.278	0.909
LOKIASV2_0201_ESMFold_hypothetical_protein	A0A6J5KYT9_unrelaxed_rank_001_alphafold2_ptm_model_3_seed_000.pdb	A0A6J5KYT9_unrelaxed_rank_001_alphafold2_ptm_model_3_seed_000.pdb	2.510E+00	0.024	19	103	482	482	42	387	408	430	0.788	0.848
LOKIASV2_0201_ESMFold_hypothetical_protein	A0A2U7P5Q5_unrelaxed_rank_001_alphafold2_ptm_model_3_seed_000.pdb	A0A2U7P5Q5_unrelaxed_rank_001_alphafold2_ptm_model_3_seed_000.pdb	8.390E-01	0.024	19	231	482	482	139	393	451	307	0.523	0.565
LOKIASV2_0201_ESMFold_hypothetical_protein	A0A1L3KED5_unrelaxed_rank_001_alphafold2_ptm_model_3_seed_000.pdb	A0A1L3KED5_unrelaxed_rank_001_alphafold2_ptm_model_3_seed_000.pdb	2.380E-01	0.024	19	27	479	482	326	757	757	518	0.940	0.571
LOKIASV2_0201_ESMFold_hypothetical_protein	M4W9T9_unrelaxed_rank_001_alphafold2_ptm_model_1_seed_000.pdb	M4W9T9_unrelaxed_rank_001_alphafold2_ptm_model_1_seed_000.pdb	6.030E+00	0.016	17	330	430	482	111	205	215	101	0.210	0.442
LOKIASV2_0201_ESMFold_hypothetical_protein	A0A6J5NYC7_unrelaxed_rank_001_alphafold2_ptm_model_3_seed_000.pdb	A0A6J5NYC7_unrelaxed_rank_001_alphafold2_ptm_model_3_seed_000.pdb	8.377E+00	0.016	17	268	479	482	57	243	243	222	0.440	0.770
LOKIASV2_0201_ESMFold_hypothetical_protein	G3G9Y8_unrelaxed_rank_001_alphafold2_ptm_model_3_seed_000.pdb	G3G9Y8_unrelaxed_rank_001_alphafold2_ptm_model_3_seed_000.pdb	3.890E+00	0.016	17	309	441	482	19	149	252	147	0.276	0.520
LOKIASV2_0201_ESMFold_hypothetical_protein	A0A1D8MJW9_unrelaxed_rank_001_alphafold2_ptm_model_3_seed_000.pdb	A0A1D8MJW9_unrelaxed_rank_001_alphafold2_ptm_model_3_seed_000.pdb	1.908E+00	0.016	17	115	440	482	31	306	369	359	0.676	0.748
LOKIASV2_0201_ESMFold_hypothetical_protein	A0A1X9T5H1_unrelaxed_rank_001_alphafold2_ptm_model_2_seed_000.pdb	A0A1X9T5H1_unrelaxed_rank_001_alphafold2_ptm_model_2_seed_000.pdb	1.533E+00	0.016	17	91	432	482	165	530	807	434	0.710	0.454
LOKIASV2_0201_ESMFold_hypothetical_protein	A0A679E101_unrelaxed_rank_001_alphafold2_ptm_model_2_seed_000.pdb	A0A679E101_unrelaxed_rank_001_alphafold2_ptm_model_2_seed_000.pdb	3.890E+00	0.016	17	42	140	482	780	904	1003	137	0.205	0.125
LOKIASV2_0201_ESMFold_hypothetical_protein	A0A514D7Y8_unrelaxed_rank_001_alphafold2_ptm_model_2_seed_000.pdb	A0A514D7Y8_unrelaxed_rank_001_alphafold2_ptm_model_2_seed_000.pdb	3.487E+00	0.014	16	243	472	482	36	268	270	262	0.477	0.863
LOKIASV2_0201_ESMFold_hypothetical_protein	A0A514K357_unrelaxed_rank_001_alphafold2_ptm_model_3_seed_000.pdb	A0A514K357_unrelaxed_rank_001_alphafold2_ptm_model_3_seed_000.pdb	5.116E+00	0.014	16	91	456	482	61	366	369	404	0.759	0.829
LOKIASV2_0201_ESMFold_hypothetical_protein	A0A142II85_unrelaxed_rank_001_alphafold2_ptm_model_2_seed_000.pdb	A0A142II85_unrelaxed_rank_001_alphafold2_ptm_model_2_seed_000.pdb	9.873E+00	0.011	15	314	434	482	90	214	238	132	0.251	0.525
LOKIASV2_0201_ESMFold_hypothetical_protein	A0A190WHC8_unrelaxed_rank_001_alphafold2_ptm_model_2_seed_000.pdb	A0A190WHC8_unrelaxed_rank_001_alphafold2_ptm_model_2_seed_000.pdb	9.873E+00	0.011	15	330	434	482	59	158	284	111	0.218	0.352
LOKIASV2_0201_ESMFold_hypothetical_protein	S5VV97_unrelaxed_rank_001_alphafold2_ptm_model_3_seed_000.pdb	S5VV97_unrelaxed_rank_001_alphafold2_ptm_model_3_seed_000.pdb	3.301E+00	0.011	15	116	457	482	19	285	332	357	0.710	0.804
LOKIASV2_0201_ESMFold_hypothetical_protein	A0A5K0U7R5_unrelaxed_rank_001_alphafold2_ptm_model_4_seed_000.pdb	A0A5K0U7R5_unrelaxed_rank_001_alphafold2_ptm_model_4_seed_000.pdb	1.807E+00	0.011	15	95	482	482	64	409	409	430	0.805	0.846
LOKIASV2_0201_ESMFold_hypothetical_protein	A0A1B4XWT0_unrelaxed_rank_001_alphafold2_ptm_model_1_seed_000.pdb	A0A1B4XWT0_unrelaxed_rank_001_alphafold2_ptm_model_1_seed_000.pdb	2.651E+00	0.011	15	2	477	482	35	436	527	547	0.988	0.763
LOKIASV2_0201_ESMFold_hypothetical_protein	U5XK58_unrelaxed_rank_001_alphafold2_ptm_model_1_seed_000.pdb	U5XK58_unrelaxed_rank_001_alphafold2_ptm_model_1_seed_000.pdb	5.404E+00	0.010	14	288	437	482	4	176	239	189	0.311	0.724
LOKIASV2_0201_ESMFold_hypothetical_protein	A0A141ZMY0_unrelaxed_rank_001_alphafold2_ptm_model_4_seed_000.pdb	A0A141ZMY0_unrelaxed_rank_001_alphafold2_ptm_model_4_seed_000.pdb	4.109E+00	0.010	14	171	448	482	13	288	291	333	0.577	0.948
LOKIASV2_0201_ESMFold_hypothetical_protein	A0A1L6Z2Z4_unrelaxed_rank_001_alphafold2_ptm_model_3_seed_000.pdb	A0A1L6Z2Z4_unrelaxed_rank_001_alphafold2_ptm_model_3_seed_000.pdb	9.873E+00	0.010	14	271	434	482	79	261	329	198	0.340	0.556
LOKIASV2_0201_ESMFold_hypothetical_protein	A0A1V0SIF0_unrelaxed_rank_001_alphafold2_ptm_model_5_seed_000.pdb	A0A1V0SIF0_unrelaxed_rank_001_alphafold2_ptm_model_5_seed_000.pdb	3.301E+00	0.010	14	108	477	482	7	270	469	373	0.768	0.563
LOKIASV2_0201_ESMFold_hypothetical_protein	A0A7M1VIY5_unrelaxed_rank_001_alphafold2_ptm_model_2_seed_000.pdb	A0A7M1VIY5_unrelaxed_rank_001_alphafold2_ptm_model_2_seed_000.pdb	2.651E+00	0.010	14	38	481	482	155	533	575	496	0.921	0.659
LOKIASV2_0201_ESMFold_hypothetical_protein	A0A7D3QKC6_unrelaxed_rank_001_alphafold2_ptm_model_5_seed_000.pdb	A0A7D3QKC6_unrelaxed_rank_001_alphafold2_ptm_model_5_seed_000.pdb	3.683E+00	0.009	13	84	448	482	102	495	550	439	0.757	0.716
LOKIASV2_0201_ESMFold_hypothetical_protein	A0A3G4ZYK2_unrelaxed_rank_001_alphafold2_ptm_model_1_seed_000.pdb	A0A3G4ZYK2_unrelaxed_rank_001_alphafold2_ptm_model_1_seed_000.pdb	6.728E+00	0.008	12	198	432	482	18	240	242	279	0.488	0.921
LOKIASV2_0201_ESMFold_hypothetical_protein	A0A191S3U3_unrelaxed_rank_001_alphafold2_ptm_model_3_seed_000.pdb	A0A191S3U3_unrelaxed_rank_001_alphafold2_ptm_model_3_seed_000.pdb	7.507E+00	0.008	12	255	442	482	165	318	382	190	0.390	0.403
LOKIASV2_0201_ESMFold_hypothetical_protein	A0A1D8MK33_unrelaxed_rank_001_alphafold2_ptm_model_2_seed_000.pdb	A0A1D8MK33_unrelaxed_rank_001_alphafold2_ptm_model_2_seed_000.pdb	4.341E+00	0.008	12	1	429	482	4	357	415	491	0.890	0.853
LOKIASV2_0201_ESMFold_hypothetical_protein	A0A0K0K640_unrelaxed_rank_001_alphafold2_ptm_model_3_seed_000.pdb	A0A0K0K640_unrelaxed_rank_001_alphafold2_ptm_model_3_seed_000.pdb	5.404E+00	0.008	12	84	482	482	13	320	506	416	0.828	0.609
LOKIASV2_0201_ESMFold_hypothetical_protein	A0A346TPE3_unrelaxed_rank_001_alphafold2_ptm_model_3_seed_000.pdb	A0A346TPE3_unrelaxed_rank_001_alphafold2_ptm_model_3_seed_000.pdb	4.109E+00	0.008	12	45	434	482	4	363	818	455	0.809	0.440
LOKIASV2_0201_ESMFold_hypothetical_protein	B0YLK1_unrelaxed_rank_001_alphafold2_ptm_model_2_seed_000.pdb	B0YLK1_unrelaxed_rank_001_alphafold2_ptm_model_2_seed_000.pdb	6.728E+00	0.007	11	102	477	482	6	378	404	443	0.780	0.923
LOKIASV2_0201_ESMFold_hypothetical_protein	A0A513Q7U3_unrelaxed_rank_001_alphafold2_ptm_model_5_seed_000.pdb	A0A513Q7U3_unrelaxed_rank_001_alphafold2_ptm_model_5_seed_000.pdb	9.347E+00	0.007	11	1	212	482	154	342	444	240	0.440	0.426
LOKIASV2_0201_ESMFold_hypothetical_protein	A0A7G5M430_unrelaxed_rank_001_alphafold2_ptm_model_3_seed_000.pdb	A0A7G5M430_unrelaxed_rank_001_alphafold2_ptm_model_3_seed_000.pdb	8.849E+00	0.007	11	2	442	482	128	486	586	505	0.915	0.613
LOKIASV2_0201_ESMFold_hypothetical_protein	A0A0G2Y310_unrelaxed_rank_001_alphafold2_ptm_model_1_seed_000.pdb	A0A0G2Y310_unrelaxed_rank_001_alphafold2_ptm_model_1_seed_000.pdb	7.930E+00	0.000	10	92	443	482	11	254	477	361	0.730	0.512
LOKIASV2_0201_ESMFold_hypothetical_protein	A0A8S5VGV6_unrelaxed_rank_001_alphafold2_ptm_model_3_seed_000.pdb	A0A8S5VGV6_unrelaxed_rank_001_alphafold2_ptm_model_3_seed_000.pdb	8.377E+00	0.000	10	98	441	482	38	277	511	349	0.714	0.470
LOKIASV2_0201_ESMFold_hypothetical_protein	A0A6C0RTV6_unrelaxed_rank_001_alphafold2_ptm_model_3_seed_000.pdb	A0A6C0RTV6_unrelaxed_rank_001_alphafold2_ptm_model_3_seed_000.pdb	9.873E+00	0.000	10	99	482	482	143	452	546	419	0.797	0.568
LOKIASV2_0201_ESMFold_hypothetical_protein	A0A499SEY3_1_unrelaxed_rank_001_alphafold2_ptm_model_3_seed_000.pdb	A0A499SEY3_1_unrelaxed_rank_001_alphafold2_ptm_model_3_seed_000.pdb	8.849E+00	0.000	10	84	446	482	540	879	1053	409	0.753	0.323
LOKIASV2_0201_ESMFold_hypothetical_protein	A0A5J6VIV3_unrelaxed_rank_001_alphafold2_ptm_model_2_seed_000.pdb	A0A5J6VIV3_unrelaxed_rank_001_alphafold2_ptm_model_2_seed_000.pdb	8.377E+00	0.000	9	102	433	482	167	524	535	425	0.689	0.669
