LOKIASV2_3667_ESMFold_hypothetical_protein	AF-Q2YJB6-F1-model_v4	AF-Q2YJB6-F1-model_v4 Putative binding protein BAB2_1146	7.976E-20	1.000	565	57	355	359	21	318	319	313	0.833	0.934
LOKIASV2_3667_ESMFold_hypothetical_protein	AF-Q8YDR6-F1-model_v4	AF-Q8YDR6-F1-model_v4 Putative binding protein BMEII0109	1.066E-19	1.000	562	57	355	359	21	318	319	313	0.833	0.934
LOKIASV2_3667_ESMFold_hypothetical_protein	AF-Q8FUN4-F1-model_v4	AF-Q8FUN4-F1-model_v4 Putative binding protein BRA1186/BS1330_II1177	1.426E-19	1.000	558	57	355	359	21	318	319	315	0.833	0.934
LOKIASV2_3667_ESMFold_hypothetical_protein	AF-Q576E1-F1-model_v4	AF-Q576E1-F1-model_v4 Putative binding protein BruAb2_1122	2.404E-19	1.000	555	57	355	359	21	318	319	313	0.833	0.934
LOKIASV2_3667_ESMFold_hypothetical_protein	AF-P75853-F1-model_v4	AF-P75853-F1-model_v4 Putative aliphatic sulfonates-binding protein	2.755E-18	1.000	546	55	334	359	18	299	319	297	0.780	0.884
LOKIASV2_3667_ESMFold_hypothetical_protein	AF-A9WGD2-F1-model_v4	AF-A9WGD2-F1-model_v4 Riboflavin-binding protein RibY	1.048E-17	1.000	532	57	333	359	41	328	351	295	0.772	0.821
LOKIASV2_3667_ESMFold_hypothetical_protein	AF-P40400-F1-model_v4	AF-P40400-F1-model_v4 Putative aliphatic sulfonates-binding protein	1.027E-18	1.000	527	60	355	359	29	324	332	319	0.825	0.892
LOKIASV2_3667_ESMFold_hypothetical_protein	AF-P38045-F1-model_v4	AF-P38045-F1-model_v4 Nitrate import ATP-binding protein NrtC	3.983E-17	1.000	510	58	358	359	276	605	659	345	0.838	0.501
LOKIASV2_3667_ESMFold_hypothetical_protein	AF-Q47537-F1-model_v4	AF-Q47537-F1-model_v4 Taurine-binding periplasmic protein	6.717E-17	1.000	493	57	338	359	19	299	320	298	0.786	0.878
LOKIASV2_3667_ESMFold_hypothetical_protein	AF-P44658-F1-model_v4	AF-P44658-F1-model_v4 Putative thiamine biosynthesis protein HI_0357	4.064E-16	1.000	489	60	331	359	23	301	314	289	0.758	0.889
LOKIASV2_3667_ESMFold_hypothetical_protein	AF-Q9K9G5-F1-model_v4	AF-Q9K9G5-F1-model_v4 Formylaminopyrimidine-binding protein	9.517E-17	1.000	487	57	335	359	27	314	330	300	0.777	0.873
LOKIASV2_3667_ESMFold_hypothetical_protein	AF-C0SP84-F1-model_v4	AF-C0SP84-F1-model_v4 Putative binding protein YtlA	2.707E-16	1.000	472	29	329	359	1	312	334	319	0.838	0.934
LOKIASV2_3667_ESMFold_hypothetical_protein	AF-Q44292-F1-model_v4	AF-Q44292-F1-model_v4 Nitrate/nitrite binding protein NrtA	6.102E-16	1.000	451	62	357	359	61	400	440	346	0.825	0.773
LOKIASV2_3667_ESMFold_hypothetical_protein	AF-Q5A3Y5-F1-model_v4	AF-Q5A3Y5-F1-model_v4 4-amino-5-hydroxymethyl-2-methylpyrimidine phosphate synthase	5.127E-16	1.000	444	64	326	359	5	286	339	295	0.733	0.832
LOKIASV2_3667_ESMFold_hypothetical_protein	AF-Q5ZV75-F1-model_v4	AF-Q5ZV75-F1-model_v4 4-amino-5-hydroxymethyl-2-methylpyrimidine phosphate synthase	9.349E-15	1.000	434	57	335	359	4	283	316	295	0.777	0.886
LOKIASV2_3667_ESMFold_hypothetical_protein	AF-P73452-F1-model_v4	AF-P73452-F1-model_v4 Nitrate/nitrite binding protein NrtA	1.949E-15	1.000	433	62	352	359	63	389	446	336	0.811	0.733
LOKIASV2_3667_ESMFold_hypothetical_protein	AF-Q07748-F1-model_v4	AF-Q07748-F1-model_v4 4-amino-5-hydroxymethyl-2-methylpyrimidine phosphate synthase THI13	3.692E-15	1.000	427	64	332	359	5	292	340	301	0.749	0.847
LOKIASV2_3667_ESMFold_hypothetical_protein	AF-P36597-F1-model_v4	AF-P36597-F1-model_v4 4-amino-5-hydroxymethyl-2-methylpyrimidine phosphate synthase	3.484E-15	1.000	427	64	335	359	5	287	346	298	0.758	0.818
LOKIASV2_3667_ESMFold_hypothetical_protein	AF-Q55462-F1-model_v4	AF-Q55462-F1-model_v4 Bicarbonate transport ATP-binding protein CmpC	8.821E-15	1.000	422	63	357	359	281	610	667	342	0.822	0.495
LOKIASV2_3667_ESMFold_hypothetical_protein	AF-P42883-F1-model_v4	AF-P42883-F1-model_v4 4-amino-5-hydroxymethyl-2-methylpyrimidine phosphate synthase THI12	1.113E-14	1.000	420	61	332	359	3	292	340	303	0.758	0.853
LOKIASV2_3667_ESMFold_hypothetical_protein	AF-O00057-F1-model_v4	AF-O00057-F1-model_v4 4-amino-5-hydroxymethyl-2-methylpyrimidine phosphate synthase	1.179E-14	1.000	419	62	335	359	5	288	341	298	0.763	0.833
LOKIASV2_3667_ESMFold_hypothetical_protein	AF-P47183-F1-model_v4	AF-P47183-F1-model_v4 4-amino-5-hydroxymethyl-2-methylpyrimidine phosphate synthase THI11	8.821E-15	1.000	418	64	332	359	5	292	340	301	0.749	0.847
LOKIASV2_3667_ESMFold_hypothetical_protein	AF-Q55460-F1-model_v4	AF-Q55460-F1-model_v4 Bicarbonate-binding protein CmpA	8.324E-15	1.000	414	62	355	359	60	411	452	354	0.819	0.779
LOKIASV2_3667_ESMFold_hypothetical_protein	AF-P43534-F1-model_v4	AF-P43534-F1-model_v4 4-amino-5-hydroxymethyl-2-methylpyrimidine phosphate synthase THI5	1.250E-14	1.000	413	64	332	359	5	292	340	297	0.749	0.847
LOKIASV2_3667_ESMFold_hypothetical_protein	AF-C4YMW2-F1-model_v4	AF-C4YMW2-F1-model_v4 4-amino-5-hydroxymethyl-2-methylpyrimidine phosphate synthase	5.758E-16	1.000	405	64	354	359	5	329	339	339	0.811	0.959
LOKIASV2_3667_ESMFold_hypothetical_protein	AF-P42882-F1-model_v4	AF-P42882-F1-model_v4 4-amino-5-hydroxymethyl-2-methylpyrimidine phosphate synthase	1.771E-14	1.000	405	64	326	359	5	286	342	293	0.733	0.825
LOKIASV2_3667_ESMFold_hypothetical_protein	AF-P73450-F1-model_v4	AF-P73450-F1-model_v4 Nitrate import ATP-binding protein NrtC	2.234E-14	1.000	404	27	339	359	238	613	670	383	0.872	0.561
LOKIASV2_3667_ESMFold_hypothetical_protein	AF-C0QY54-F1-model_v4	AF-C0QY54-F1-model_v4 Putative ABC transporter periplasmic binding protein BHWA1_00430	1.352E-13	1.000	402	56	358	359	30	340	346	329	0.844	0.899
LOKIASV2_3667_ESMFold_hypothetical_protein	AF-Q5MZ56-F1-model_v4	AF-Q5MZ56-F1-model_v4 Bicarbonate-binding protein CmpA	3.287E-15	1.000	400	62	358	359	58	447	450	392	0.827	0.867
LOKIASV2_3667_ESMFold_hypothetical_protein	AF-Q55107-F1-model_v4	AF-Q55107-F1-model_v4 Bicarbonate transport ATP-binding protein CmpC	1.113E-14	1.000	393	62	357	359	280	616	663	347	0.825	0.508
LOKIASV2_3667_ESMFold_hypothetical_protein	AF-Q5MZ54-F1-model_v4	AF-Q5MZ54-F1-model_v4 Bicarbonate transport ATP-binding protein CmpC	3.165E-14	1.000	388	38	358	359	248	643	663	405	0.894	0.597
LOKIASV2_3667_ESMFold_hypothetical_protein	AF-P39660-F1-model_v4	AF-P39660-F1-model_v4 Bicarbonate-binding protein CmpA	1.250E-14	1.000	387	62	358	359	58	447	450	392	0.827	0.867
LOKIASV2_3667_ESMFold_hypothetical_protein	AF-P38043-F1-model_v4	AF-P38043-F1-model_v4 Nitrate/nitrite binding protein NrtA	1.325E-14	1.000	367	62	356	359	57	407	443	361	0.822	0.792
LOKIASV2_3667_ESMFold_hypothetical_protein	AF-Q9L0T8-F1-model_v4	AF-Q9L0T8-F1-model_v4 Chorismate dehydratase	7.873E-12	1.000	336	57	335	359	2	271	282	299	0.777	0.957
LOKIASV2_3667_ESMFold_hypothetical_protein	AF-P54997-F1-model_v4	AF-P54997-F1-model_v4 2'-hydroxybiphenyl-2-sulfinate desulfinase	3.922E-12	1.000	297	58	356	359	15	360	365	358	0.833	0.948
LOKIASV2_3667_ESMFold_hypothetical_protein	AF-A3PC74-F1-model_v4	AF-A3PC74-F1-model_v4 Probable ABC transporter phosphite binding protein PhnD1	2.665E-11	1.000	286	57	331	359	23	295	297	299	0.766	0.919
LOKIASV2_3667_ESMFold_hypothetical_protein	AF-P16682-F1-model_v4	AF-P16682-F1-model_v4 Phosphonates-binding periplasmic protein	2.993E-11	1.000	276	57	356	359	27	313	338	322	0.836	0.849
LOKIASV2_3667_ESMFold_hypothetical_protein	AF-O69052-F1-model_v4	AF-O69052-F1-model_v4 Probable phosphite transport system-binding protein PtxB	2.156E-10	1.000	260	55	329	359	17	279	287	300	0.766	0.916
LOKIASV2_3667_ESMFold_hypothetical_protein	AF-A0QQ71-F1-model_v4	AF-A0QQ71-F1-model_v4 Phosphate-import protein PhnD	3.853E-10	1.000	256	56	331	359	26	315	321	317	0.769	0.903
LOKIASV2_3667_ESMFold_hypothetical_protein	AF-Q46125-F1-model_v4	AF-Q46125-F1-model_v4 Probable histidine-binding protein	1.465E-09	1.000	250	57	297	359	33	256	256	259	0.671	0.875
LOKIASV2_3667_ESMFold_hypothetical_protein	AF-A3PDP9-F1-model_v4	AF-A3PDP9-F1-model_v4 Probable ABC transporter phosphonate/phosphite binding protein PhnD2	1.034E-09	1.000	245	62	349	359	34	290	292	304	0.802	0.880
LOKIASV2_3667_ESMFold_hypothetical_protein	AF-Q9KTJ7-F1-model_v4	AF-Q9KTJ7-F1-model_v4 Probable D-methionine-binding lipoprotein MetQ	8.687E-10	1.000	244	2	312	359	1	268	269	335	0.866	0.996
LOKIASV2_3667_ESMFold_hypothetical_protein	AF-Q08870-F1-model_v4	AF-Q08870-F1-model_v4 Outer membrane lipoprotein 3	1.382E-09	1.000	243	57	295	359	21	256	263	262	0.666	0.897
LOKIASV2_3667_ESMFold_hypothetical_protein	AF-Q9CK95-F1-model_v4	AF-Q9CK95-F1-model_v4 Probable D-methionine-binding lipoprotein MetQ	1.848E-09	1.000	241	57	295	359	34	269	276	264	0.666	0.855
LOKIASV2_3667_ESMFold_hypothetical_protein	AF-P28635-F1-model_v4	AF-P28635-F1-model_v4 D-methionine-binding lipoprotein MetQ	2.775E-09	1.000	240	57	295	359	27	264	271	260	0.666	0.878
LOKIASV2_3667_ESMFold_hypothetical_protein	AF-Q08869-F1-model_v4	AF-Q08869-F1-model_v4 Outer membrane lipoprotein 2	1.382E-09	1.000	240	57	295	359	34	269	276	264	0.666	0.855
LOKIASV2_3667_ESMFold_hypothetical_protein	AF-P0A3T3-F1-model_v4	AF-P0A3T3-F1-model_v4 31 kDa immunogenic protein	1.206E-10	1.000	237	29	277	359	4	292	329	310	0.694	0.878
LOKIASV2_3667_ESMFold_hypothetical_protein	AF-Q8ZRN1-F1-model_v4	AF-Q8ZRN1-F1-model_v4 D-methionine-binding lipoprotein MetQ	2.331E-09	1.000	236	55	295	359	25	264	271	263	0.671	0.886
LOKIASV2_3667_ESMFold_hypothetical_protein	AF-Q8ZH40-F1-model_v4	AF-Q8ZH40-F1-model_v4 D-methionine-binding lipoprotein MetQ	2.618E-09	1.000	236	62	295	359	32	264	271	256	0.652	0.860
LOKIASV2_3667_ESMFold_hypothetical_protein	AF-Q8Z992-F1-model_v4	AF-Q8Z992-F1-model_v4 D-methionine-binding lipoprotein MetQ	4.959E-09	1.000	234	57	295	359	27	264	271	260	0.666	0.878
LOKIASV2_3667_ESMFold_hypothetical_protein	AF-P04846-F1-model_v4	AF-P04846-F1-model_v4 Lipoprotein 28	6.256E-09	1.000	233	56	295	359	27	265	272	264	0.669	0.879
LOKIASV2_3667_ESMFold_hypothetical_protein	AF-O07950-F1-model_v4	AF-O07950-F1-model_v4 Membrane lipoprotein TpN32	1.584E-08	1.000	232	57	279	359	26	255	268	246	0.621	0.858
LOKIASV2_3667_ESMFold_hypothetical_protein	AF-P54594-F1-model_v4	AF-P54594-F1-model_v4 Uncharacterized lipoprotein YhcJ	1.231E-09	1.000	232	56	286	359	21	256	276	257	0.643	0.855
LOKIASV2_3667_ESMFold_hypothetical_protein	AF-Q8X8V9-F1-model_v4	AF-Q8X8V9-F1-model_v4 D-methionine-binding lipoprotein MetQ	5.903E-09	1.000	231	57	295	359	27	264	271	260	0.666	0.878
LOKIASV2_3667_ESMFold_hypothetical_protein	AF-Q8XC50-F1-model_v4	AF-Q8XC50-F1-model_v4 Lipoprotein 28	2.941E-09	1.000	231	56	295	359	27	265	272	267	0.669	0.879
LOKIASV2_3667_ESMFold_hypothetical_protein	AF-Q08868-F1-model_v4	AF-Q08868-F1-model_v4 Outer membrane lipoprotein 1	4.959E-09	1.000	230	57	291	359	34	266	277	258	0.655	0.841
LOKIASV2_3667_ESMFold_hypothetical_protein	AF-Q59727-F1-model_v4	AF-Q59727-F1-model_v4 4,5-dihydroxyphthalate decarboxylase	7.734E-10	1.000	230	60	337	359	3	311	330	330	0.774	0.936
LOKIASV2_3667_ESMFold_hypothetical_protein	AF-Q08597-F1-model_v4	AF-Q08597-F1-model_v4 Nitrogen assimilation regulatory protein nac	7.446E-09	1.000	226	30	272	359	58	291	305	256	0.677	0.767
LOKIASV2_3667_ESMFold_hypothetical_protein	AF-P31728-F1-model_v4	AF-P31728-F1-model_v4 Probable D-methionine-binding lipoprotein MetQ	3.303E-09	1.000	220	57	291	359	30	262	273	262	0.655	0.853
LOKIASV2_3667_ESMFold_hypothetical_protein	AF-Q0VRG6-F1-model_v4	AF-Q0VRG6-F1-model_v4 Membrane-bound lytic murein transglycosylase F	6.886E-10	1.000	216	32	328	359	2	297	467	328	0.827	0.634
LOKIASV2_3667_ESMFold_hypothetical_protein	AF-P0A3T2-F1-model_v4	AF-P0A3T2-F1-model_v4 31 kDa immunogenic protein	8.197E-10	1.000	215	28	277	359	3	292	329	316	0.696	0.881
LOKIASV2_3667_ESMFold_hypothetical_protein	AF-Q04778-F1-model_v4	AF-Q04778-F1-model_v4 HTH-type transcriptional regulator AlsR	1.886E-08	1.000	211	30	283	359	58	300	302	276	0.708	0.805
LOKIASV2_3667_ESMFold_hypothetical_protein	AF-Q6LU25-F1-model_v4	AF-Q6LU25-F1-model_v4 Membrane-bound lytic murein transglycosylase F	4.166E-09	1.000	211	29	325	359	2	299	514	329	0.827	0.580
LOKIASV2_3667_ESMFold_hypothetical_protein	AF-A9KWW4-F1-model_v4	AF-A9KWW4-F1-model_v4 Membrane-bound lytic murein transglycosylase F	1.465E-09	1.000	209	32	322	359	2	285	476	319	0.811	0.597
LOKIASV2_3667_ESMFold_hypothetical_protein	AF-Q3IHZ1-F1-model_v4	AF-Q3IHZ1-F1-model_v4 Membrane-bound lytic murein transglycosylase F	3.500E-09	1.000	208	37	301	359	2	267	470	298	0.738	0.566
LOKIASV2_3667_ESMFold_hypothetical_protein	AF-O34439-F1-model_v4	AF-O34439-F1-model_v4 UPF0065 protein YflP	7.892E-09	1.000	207	61	330	359	30	319	319	322	0.752	0.909
LOKIASV2_3667_ESMFold_hypothetical_protein	AF-O06702-F1-model_v4	AF-O06702-F1-model_v4 UPF0065 protein BB4329	1.679E-08	1.000	206	62	331	359	46	332	335	313	0.752	0.857
LOKIASV2_3667_ESMFold_hypothetical_protein	AF-O34852-F1-model_v4	AF-O34852-F1-model_v4 L-cystine-binding protein TcyK	1.679E-08	1.000	205	60	295	359	35	262	270	262	0.657	0.844
LOKIASV2_3667_ESMFold_hypothetical_protein	AF-Q65RJ5-F1-model_v4	AF-Q65RJ5-F1-model_v4 Membrane-bound lytic murein transglycosylase F	3.303E-09	1.000	204	29	325	359	1	295	484	330	0.827	0.610
LOKIASV2_3667_ESMFold_hypothetical_protein	AF-A4XXV1-F1-model_v4	AF-A4XXV1-F1-model_v4 Membrane-bound lytic murein transglycosylase F	6.630E-09	1.000	202	43	331	359	12	303	488	324	0.805	0.598
LOKIASV2_3667_ESMFold_hypothetical_protein	AF-Q9CPJ2-F1-model_v4	AF-Q9CPJ2-F1-model_v4 Membrane-bound lytic murein transglycosylase F	3.117E-09	1.000	202	33	325	359	2	296	492	327	0.816	0.600
LOKIASV2_3667_ESMFold_hypothetical_protein	AF-A3D6V0-F1-model_v4	AF-A3D6V0-F1-model_v4 Membrane-bound lytic murein transglycosylase F	1.553E-09	1.000	200	32	346	359	2	292	476	336	0.877	0.611
LOKIASV2_3667_ESMFold_hypothetical_protein	AF-A0KUK5-F1-model_v4	AF-A0KUK5-F1-model_v4 Membrane-bound lytic murein transglycosylase F	2.941E-09	1.000	199	32	322	359	2	285	478	320	0.811	0.594
LOKIASV2_3667_ESMFold_hypothetical_protein	AF-A5UAQ3-F1-model_v4	AF-A5UAQ3-F1-model_v4 Membrane-bound lytic murein transglycosylase F	4.680E-09	1.000	199	33	325	359	2	295	482	325	0.816	0.610
LOKIASV2_3667_ESMFold_hypothetical_protein	AF-O34406-F1-model_v4	AF-O34406-F1-model_v4 L-cystine-binding protein TcyJ	1.679E-08	1.000	198	57	314	359	27	266	269	285	0.719	0.892
LOKIASV2_3667_ESMFold_hypothetical_protein	AF-A4Y8T1-F1-model_v4	AF-A4Y8T1-F1-model_v4 Membrane-bound lytic murein transglycosylase F	3.931E-09	1.000	198	29	322	359	1	285	477	321	0.819	0.597
LOKIASV2_3667_ESMFold_hypothetical_protein	AF-Q0HX48-F1-model_v4	AF-Q0HX48-F1-model_v4 Membrane-bound lytic murein transglycosylase F	3.710E-09	1.000	198	32	322	359	2	285	478	320	0.811	0.594
LOKIASV2_3667_ESMFold_hypothetical_protein	AF-P52677-F1-model_v4	AF-P52677-F1-model_v4 Probable hydrogen peroxide-inducible genes activator	4.011E-08	1.000	197	30	281	359	65	303	311	272	0.702	0.768
LOKIASV2_3667_ESMFold_hypothetical_protein	AF-A8FY01-F1-model_v4	AF-A8FY01-F1-model_v4 Membrane-bound lytic murein transglycosylase F	3.303E-09	1.000	196	32	346	359	2	294	480	334	0.877	0.610
LOKIASV2_3667_ESMFold_hypothetical_protein	AF-Q9HWH8-F1-model_v4	AF-Q9HWH8-F1-model_v4 HTH-type transcriptional regulator NmoR	1.281E-07	1.000	195	30	275	359	58	282	284	252	0.685	0.792
LOKIASV2_3667_ESMFold_hypothetical_protein	AF-P37902-F1-model_v4	AF-P37902-F1-model_v4 Glutamate/aspartate import solute-binding protein	1.118E-08	1.000	195	62	312	359	41	302	302	291	0.699	0.868
LOKIASV2_3667_ESMFold_hypothetical_protein	AF-G2JZ42-F1-model_v4	AF-G2JZ42-F1-model_v4 Carnitine transport binding protein OpuCC	1.161E-09	1.000	195	30	357	359	1	305	308	373	0.914	0.990
LOKIASV2_3667_ESMFold_hypothetical_protein	AF-O87324-F1-model_v4	AF-O87324-F1-model_v4 Probable hydrogen peroxide-inducible genes activator	1.209E-07	1.000	195	30	277	359	65	302	311	268	0.691	0.765
LOKIASV2_3667_ESMFold_hypothetical_protein	AF-Q9KHT7-F1-model_v4	AF-Q9KHT7-F1-model_v4 Carnitine transport binding protein OpuCC	2.200E-09	1.000	194	30	357	359	1	305	308	368	0.914	0.990
LOKIASV2_3667_ESMFold_hypothetical_protein	AF-A6WQN7-F1-model_v4	AF-A6WQN7-F1-model_v4 Membrane-bound lytic murein transglycosylase F	5.570E-09	1.000	194	32	346	359	2	292	476	337	0.877	0.611
LOKIASV2_3667_ESMFold_hypothetical_protein	AF-Q9ZF60-F1-model_v4	AF-Q9ZF60-F1-model_v4 Glutamate/aspartate import solute-binding protein	2.379E-08	1.000	192	62	305	359	41	294	302	283	0.680	0.841
LOKIASV2_3667_ESMFold_hypothetical_protein	AF-Q45462-F1-model_v4	AF-Q45462-F1-model_v4 Choline-binding protein	4.166E-09	1.000	191	33	303	359	2	295	306	321	0.755	0.961
LOKIASV2_3667_ESMFold_hypothetical_protein	AF-Q8EC56-F1-model_v4	AF-Q8EC56-F1-model_v4 Membrane-bound lytic murein transglycosylase F	2.775E-09	1.000	191	34	346	359	2	292	478	338	0.872	0.609
LOKIASV2_3667_ESMFold_hypothetical_protein	AF-B0TLJ6-F1-model_v4	AF-B0TLJ6-F1-model_v4 Membrane-bound lytic murein transglycosylase F	4.680E-09	1.000	190	32	346	359	2	293	475	337	0.877	0.615
LOKIASV2_3667_ESMFold_hypothetical_protein	AF-A5UG36-F1-model_v4	AF-A5UG36-F1-model_v4 Membrane-bound lytic murein transglycosylase F	9.393E-09	1.000	190	33	325	359	2	295	482	329	0.816	0.610
LOKIASV2_3667_ESMFold_hypothetical_protein	AF-P52595-F1-model_v4	AF-P52595-F1-model_v4 HTH-type transcriptional regulator CbbR	4.775E-08	1.000	189	30	253	359	64	271	298	237	0.624	0.698
LOKIASV2_3667_ESMFold_hypothetical_protein	AF-Q12PR8-F1-model_v4	AF-Q12PR8-F1-model_v4 Membrane-bound lytic murein transglycosylase F	4.416E-09	1.000	188	32	346	359	2	294	494	334	0.877	0.593
LOKIASV2_3667_ESMFold_hypothetical_protein	AF-O32208-F1-model_v4	AF-O32208-F1-model_v4 Putative ABC transporter substrate-binding lipoprotein YvgL	4.416E-09	1.000	187	57	294	359	25	255	260	258	0.663	0.888
LOKIASV2_3667_ESMFold_hypothetical_protein	AF-Q47005-F1-model_v4	AF-Q47005-F1-model_v4 Nitrogen assimilation regulatory protein nac	5.683E-08	1.000	187	30	303	359	58	301	305	283	0.763	0.800
LOKIASV2_3667_ESMFold_hypothetical_protein	AF-P25545-F1-model_v4	AF-P25545-F1-model_v4 HTH-type transcriptional regulator CbbR	5.683E-08	1.000	187	41	264	359	75	300	333	251	0.624	0.679
LOKIASV2_3667_ESMFold_hypothetical_protein	AF-A1RHR2-F1-model_v4	AF-A1RHR2-F1-model_v4 Membrane-bound lytic murein transglycosylase F	7.446E-09	1.000	187	34	322	359	2	285	477	326	0.805	0.595
LOKIASV2_3667_ESMFold_hypothetical_protein	AF-P44587-F1-model_v4	AF-P44587-F1-model_v4 Membrane-bound lytic murein transglycosylase F	2.672E-08	1.000	187	33	325	359	2	295	482	325	0.816	0.610
LOKIASV2_3667_ESMFold_hypothetical_protein	AF-Q8ZPP6-F1-model_v4	AF-Q8ZPP6-F1-model_v4 Tetrathionate sensor histidine kinase TtrS	1.645E-09	1.000	187	30	355	359	1	363	592	396	0.908	0.613
LOKIASV2_3667_ESMFold_hypothetical_protein	AF-Q2NS21-F1-model_v4	AF-Q2NS21-F1-model_v4 Membrane-bound lytic murein transglycosylase F	1.118E-08	1.000	186	28	332	359	3	289	466	334	0.850	0.616
LOKIASV2_3667_ESMFold_hypothetical_protein	AF-Q4QNV4-F1-model_v4	AF-Q4QNV4-F1-model_v4 Membrane-bound lytic murein transglycosylase F	1.779E-08	1.000	185	33	325	359	2	295	482	328	0.816	0.610
LOKIASV2_3667_ESMFold_hypothetical_protein	AF-B3PLH7-F1-model_v4	AF-B3PLH7-F1-model_v4 Membrane-bound lytic murein transglycosylase F	2.200E-09	1.000	184	31	340	359	12	368	495	386	0.864	0.721
LOKIASV2_3667_ESMFold_hypothetical_protein	AF-P52669-F1-model_v4	AF-P52669-F1-model_v4 HTH-type transcriptional regulator TtuA	4.872E-07	1.000	183	42	277	359	71	302	304	261	0.657	0.763
LOKIASV2_3667_ESMFold_hypothetical_protein	AF-B1KQC6-F1-model_v4	AF-B1KQC6-F1-model_v4 Porphobilinogen deaminase	1.331E-08	1.000	182	59	276	359	2	236	309	258	0.607	0.761
LOKIASV2_3667_ESMFold_hypothetical_protein	AF-Q085S2-F1-model_v4	AF-Q085S2-F1-model_v4 Membrane-bound lytic murein transglycosylase F	9.955E-09	1.000	182	32	346	359	2	294	476	334	0.877	0.616
LOKIASV2_3667_ESMFold_hypothetical_protein	AF-B1KLC4-F1-model_v4	AF-B1KLC4-F1-model_v4 Membrane-bound lytic murein transglycosylase F	1.584E-08	1.000	182	33	346	359	2	294	480	336	0.875	0.610
LOKIASV2_3667_ESMFold_hypothetical_protein	AF-P9WGU2-F1-model_v4	AF-P9WGU2-F1-model_v4 Molybdate-binding protein ModA	1.141E-07	1.000	181	57	275	359	35	256	261	242	0.610	0.851
LOKIASV2_3667_ESMFold_hypothetical_protein	AF-B2VEB4-F1-model_v4	AF-B2VEB4-F1-model_v4 Membrane-bound lytic murein transglycosylase F	2.672E-08	1.000	181	28	325	359	2	296	493	328	0.830	0.598
LOKIASV2_3667_ESMFold_hypothetical_protein	AF-P0ACQ6-F1-model_v4	AF-P0ACQ6-F1-model_v4 Hydrogen peroxide-inducible genes activator	2.039E-07	1.000	180	30	301	359	58	304	305	287	0.758	0.810
LOKIASV2_3667_ESMFold_hypothetical_protein	AF-P52684-F1-model_v4	AF-P52684-F1-model_v4 Malonate utilization transcriptional regulator	5.163E-07	1.000	180	32	284	359	71	308	308	266	0.705	0.773
LOKIASV2_3667_ESMFold_hypothetical_protein	AF-Q2SK06-F1-model_v4	AF-Q2SK06-F1-model_v4 Membrane-bound lytic murein transglycosylase F	1.331E-08	1.000	180	32	335	359	11	317	509	345	0.847	0.603
LOKIASV2_3667_ESMFold_hypothetical_protein	AF-P96725-F1-model_v4	AF-P96725-F1-model_v4 Uncharacterized HTH-type transcriptional regulator YwqM	8.216E-07	1.000	179	30	275	359	58	291	293	259	0.685	0.799
LOKIASV2_3667_ESMFold_hypothetical_protein	AF-O32243-F1-model_v4	AF-O32243-F1-model_v4 Glycine betaine/carnitine/choline-binding protein OpuCC	2.244E-08	1.000	179	47	326	359	9	302	303	327	0.780	0.970
LOKIASV2_3667_ESMFold_hypothetical_protein	AF-Q74SQ6-F1-model_v4	AF-Q74SQ6-F1-model_v4 Membrane-bound lytic murein transglycosylase F	2.672E-08	1.000	179	26	325	359	3	296	486	327	0.836	0.605
LOKIASV2_3667_ESMFold_hypothetical_protein	AF-A1AX51-F1-model_v4	AF-A1AX51-F1-model_v4 Porphobilinogen deaminase	6.765E-08	1.000	178	60	271	359	2	218	304	245	0.591	0.714
LOKIASV2_3667_ESMFold_hypothetical_protein	AF-A4TMX8-F1-model_v4	AF-A4TMX8-F1-model_v4 Membrane-bound lytic murein transglycosylase F	3.001E-08	1.000	178	28	325	359	4	296	486	328	0.830	0.603
LOKIASV2_3667_ESMFold_hypothetical_protein	AF-A9R413-F1-model_v4	AF-A9R413-F1-model_v4 Membrane-bound lytic murein transglycosylase F	2.521E-08	1.000	178	28	325	359	5	296	486	325	0.830	0.601
LOKIASV2_3667_ESMFold_hypothetical_protein	AF-A7FFU9-F1-model_v4	AF-A7FFU9-F1-model_v4 Membrane-bound lytic murein transglycosylase F	4.505E-08	1.000	178	28	325	359	4	296	486	326	0.830	0.603
LOKIASV2_3667_ESMFold_hypothetical_protein	AF-Q6PGT3-F1-model_v4	AF-Q6PGT3-F1-model_v4 Serotransferrin-B	3.439E-07	1.000	178	41	275	359	4	291	701	299	0.655	0.411
LOKIASV2_3667_ESMFold_hypothetical_protein	AF-P45323-F1-model_v4	AF-P45323-F1-model_v4 Molybdate-binding protein ModA	1.076E-07	1.000	177	55	297	359	18	252	254	260	0.677	0.925
LOKIASV2_3667_ESMFold_hypothetical_protein	AF-Q9X725-F1-model_v4	AF-Q9X725-F1-model_v4 Hydrogen peroxide-inducible genes activator	2.039E-07	1.000	177	30	301	359	58	304	305	290	0.758	0.810
LOKIASV2_3667_ESMFold_hypothetical_protein	AF-Q8YVU6-F1-model_v4	AF-Q8YVU6-F1-model_v4 Porphobilinogen deaminase	8.534E-08	1.000	177	57	276	359	6	238	323	253	0.613	0.721
LOKIASV2_3667_ESMFold_hypothetical_protein	AF-A7MGZ5-F1-model_v4	AF-A7MGZ5-F1-model_v4 Membrane-bound lytic murein transglycosylase F	8.052E-08	1.000	177	28	333	359	5	291	519	334	0.852	0.553
LOKIASV2_3667_ESMFold_hypothetical_protein	AF-P07774-F1-model_v4	AF-P07774-F1-model_v4 HTH-type transcriptional regulator CatM	5.799E-07	1.000	176	30	282	359	58	296	303	273	0.705	0.789
LOKIASV2_3667_ESMFold_hypothetical_protein	AF-P70785-F1-model_v4	AF-P70785-F1-model_v4 HTH-type transcriptional regulator TtuA	3.439E-07	1.000	176	38	277	359	60	302	304	263	0.669	0.799
LOKIASV2_3667_ESMFold_hypothetical_protein	AF-Q9X5P2-F1-model_v4	AF-Q9X5P2-F1-model_v4 Probable hydrogen peroxide-inducible genes activator	3.644E-07	1.000	176	33	276	359	69	302	312	265	0.680	0.750
LOKIASV2_3667_ESMFold_hypothetical_protein	AF-B2KA37-F1-model_v4	AF-B2KA37-F1-model_v4 Membrane-bound lytic murein transglycosylase F	3.180E-08	1.000	176	26	325	359	3	296	486	328	0.836	0.605
LOKIASV2_3667_ESMFold_hypothetical_protein	AF-A6TCH2-F1-model_v4	AF-A6TCH2-F1-model_v4 Membrane-bound lytic murein transglycosylase F	3.370E-08	1.000	176	28	325	359	2	297	511	329	0.830	0.579
LOKIASV2_3667_ESMFold_hypothetical_protein	AF-P0ACQ8-F1-model_v4	AF-P0ACQ8-F1-model_v4 HTH-type transcriptional regulator TdcA	2.427E-07	1.000	175	41	276	359	77	298	312	248	0.657	0.712
LOKIASV2_3667_ESMFold_hypothetical_protein	AF-B1JRW4-F1-model_v4	AF-B1JRW4-F1-model_v4 Membrane-bound lytic murein transglycosylase F	3.785E-08	1.000	175	28	325	359	5	296	486	325	0.830	0.601
LOKIASV2_3667_ESMFold_hypothetical_protein	AF-P0ACQ9-F1-model_v4	AF-P0ACQ9-F1-model_v4 HTH-type transcriptional regulator TdcA	3.245E-07	1.000	174	41	278	359	77	300	312	250	0.663	0.718
LOKIASV2_3667_ESMFold_hypothetical_protein	AF-Q1XDT2-F1-model_v4	AF-Q1XDT2-F1-model_v4 Probable RuBisCO transcriptional regulator	8.216E-07	1.000	174	42	275	359	76	304	317	252	0.652	0.722
LOKIASV2_3667_ESMFold_hypothetical_protein	AF-A8ZWR8-F1-model_v4	AF-A8ZWR8-F1-model_v4 Membrane-bound lytic murein transglycosylase F	1.281E-07	1.000	173	29	331	359	1	298	454	332	0.844	0.656
LOKIASV2_3667_ESMFold_hypothetical_protein	AF-Q1C5E6-F1-model_v4	AF-Q1C5E6-F1-model_v4 Membrane-bound lytic murein transglycosylase F	4.775E-08	1.000	173	28	330	359	4	290	486	331	0.844	0.591
LOKIASV2_3667_ESMFold_hypothetical_protein	AF-P9WGU3-F1-model_v4	AF-P9WGU3-F1-model_v4 Molybdate-binding protein ModA	2.161E-07	1.000	172	57	275	359	35	256	261	241	0.610	0.851
LOKIASV2_3667_ESMFold_hypothetical_protein	AF-P0A5Y1-F1-model_v4	AF-P0A5Y1-F1-model_v4 Molybdate-binding protein ModA	2.161E-07	1.000	172	57	275	359	35	256	261	241	0.610	0.851
LOKIASV2_3667_ESMFold_hypothetical_protein	AF-A1T0R0-F1-model_v4	AF-A1T0R0-F1-model_v4 Porphobilinogen deaminase	1.616E-07	1.000	172	60	271	359	3	219	310	245	0.591	0.700
LOKIASV2_3667_ESMFold_hypothetical_protein	AF-P56885-F1-model_v4	AF-P56885-F1-model_v4 HTH-type transcriptional regulator CbbR	1.358E-07	1.000	172	30	262	359	61	296	313	263	0.649	0.754
LOKIASV2_3667_ESMFold_hypothetical_protein	AF-A8GI11-F1-model_v4	AF-A8GI11-F1-model_v4 Membrane-bound lytic murein transglycosylase F	9.585E-08	1.000	172	28	332	359	5	292	486	334	0.850	0.593
LOKIASV2_3667_ESMFold_hypothetical_protein	AF-Q6B936-F1-model_v4	AF-Q6B936-F1-model_v4 Probable RuBisCO transcriptional regulator	7.753E-07	1.000	171	42	256	359	76	286	309	233	0.599	0.683
LOKIASV2_3667_ESMFold_hypothetical_protein	AF-P0ACQ7-F1-model_v4	AF-P0ACQ7-F1-model_v4 HTH-type transcriptional regulator TdcA	3.062E-07	1.000	171	41	288	359	77	310	312	259	0.691	0.750
LOKIASV2_3667_ESMFold_hypothetical_protein	AF-P42722-F1-model_v4	AF-P42722-F1-model_v4 HTH-type transcriptional regulator CfxR	3.439E-07	1.000	171	52	254	359	89	279	317	219	0.565	0.603
LOKIASV2_3667_ESMFold_hypothetical_protein	AF-P58068-F1-model_v4	AF-P58068-F1-model_v4 Putative amino-acid ABC transporter-binding protein YhdW	2.521E-08	1.000	171	54	311	359	29	305	341	303	0.719	0.812
LOKIASV2_3667_ESMFold_hypothetical_protein	AF-Q1CKD3-F1-model_v4	AF-Q1CKD3-F1-model_v4 Membrane-bound lytic murein transglycosylase F	4.775E-08	1.000	171	28	325	359	5	296	486	329	0.830	0.601
LOKIASV2_3667_ESMFold_hypothetical_protein	AF-Q667W0-F1-model_v4	AF-Q667W0-F1-model_v4 Membrane-bound lytic murein transglycosylase F	5.363E-08	1.000	171	26	325	359	3	296	486	330	0.836	0.605
LOKIASV2_3667_ESMFold_hypothetical_protein	AF-P0A2Q5-F1-model_v4	AF-P0A2Q5-F1-model_v4 HTH-type transcriptional regulator MetR	3.644E-07	1.000	170	47	277	359	75	291	317	249	0.643	0.685
LOKIASV2_3667_ESMFold_hypothetical_protein	AF-Q0T1W2-F1-model_v4	AF-Q0T1W2-F1-model_v4 Membrane-bound lytic murein transglycosylase F	9.044E-08	1.000	170	28	325	359	2	297	518	331	0.830	0.571
LOKIASV2_3667_ESMFold_hypothetical_protein	AF-P0ACQ4-F1-model_v4	AF-P0ACQ4-F1-model_v4 Hydrogen peroxide-inducible genes activator	4.597E-07	1.000	169	30	301	359	58	304	305	289	0.758	0.810
LOKIASV2_3667_ESMFold_hypothetical_protein	AF-P0A4T7-F1-model_v4	AF-P0A4T7-F1-model_v4 HTH-type transcriptional regulator PcaQ	9.780E-07	1.000	169	30	281	359	63	307	311	274	0.702	0.788
LOKIASV2_3667_ESMFold_hypothetical_protein	AF-Q5E750-F1-model_v4	AF-Q5E750-F1-model_v4 Membrane-bound lytic murein transglycosylase F	3.370E-08	1.000	169	33	325	359	2	298	495	337	0.816	0.600
LOKIASV2_3667_ESMFold_hypothetical_protein	AF-A9MGY7-F1-model_v4	AF-A9MGY7-F1-model_v4 Membrane-bound lytic murein transglycosylase F	3.245E-07	1.000	169	28	275	359	2	265	514	285	0.691	0.514
LOKIASV2_3667_ESMFold_hypothetical_protein	AF-P71318-F1-model_v4	AF-P71318-F1-model_v4 Hydrogen peroxide-inducible genes activator	3.439E-07	1.000	168	30	326	359	58	300	302	315	0.827	0.805
LOKIASV2_3667_ESMFold_hypothetical_protein	AF-Q4ZX03-F1-model_v4	AF-Q4ZX03-F1-model_v4 Membrane-bound lytic murein transglycosylase F	7.892E-09	1.000	168	38	338	359	11	358	498	374	0.838	0.699
LOKIASV2_3667_ESMFold_hypothetical_protein	AF-A8AD27-F1-model_v4	AF-A8AD27-F1-model_v4 Membrane-bound lytic murein transglycosylase F	3.180E-08	1.000	168	28	333	359	2	291	515	344	0.852	0.563
LOKIASV2_3667_ESMFold_hypothetical_protein	AF-Q8Z4L5-F1-model_v4	AF-Q8Z4L5-F1-model_v4 Membrane-bound lytic murein transglycosylase F	1.076E-07	1.000	167	28	325	359	2	297	475	330	0.830	0.623
LOKIASV2_3667_ESMFold_hypothetical_protein	AF-Q57LE4-F1-model_v4	AF-Q57LE4-F1-model_v4 Membrane-bound lytic murein transglycosylase F	1.924E-07	1.000	167	28	328	359	3	292	514	332	0.838	0.564
LOKIASV2_3667_ESMFold_hypothetical_protein	AF-P52693-F1-model_v4	AF-P52693-F1-model_v4 Probable nitrogen assimilation transcriptional activator	9.228E-07	1.000	166	28	288	359	55	307	309	282	0.727	0.819
LOKIASV2_3667_ESMFold_hypothetical_protein	AF-A9N1U5-F1-model_v4	AF-A9N1U5-F1-model_v4 Membrane-bound lytic murein transglycosylase F	9.585E-08	1.000	166	28	328	359	2	292	514	333	0.838	0.566
LOKIASV2_3667_ESMFold_hypothetical_protein	AF-A0T0G2-F1-model_v4	AF-A0T0G2-F1-model_v4 Probable RuBisCO transcriptional regulator	1.924E-07	1.000	165	30	265	359	61	301	307	266	0.657	0.785
LOKIASV2_3667_ESMFold_hypothetical_protein	AF-O78432-F1-model_v4	AF-O78432-F1-model_v4 Probable RuBisCO transcriptional regulator	1.963E-06	1.000	165	42	261	359	76	299	310	242	0.613	0.723
LOKIASV2_3667_ESMFold_hypothetical_protein	AF-P52662-F1-model_v4	AF-P52662-F1-model_v4 HTH-type transcriptional regulator PecT	1.036E-06	1.000	165	30	275	359	68	287	316	251	0.685	0.696
LOKIASV2_3667_ESMFold_hypothetical_protein	AF-Q6D237-F1-model_v4	AF-Q6D237-F1-model_v4 Membrane-bound lytic murein transglycosylase F	3.062E-07	1.000	165	31	332	359	5	289	481	329	0.841	0.593
LOKIASV2_3667_ESMFold_hypothetical_protein	AF-A1JKM2-F1-model_v4	AF-A1JKM2-F1-model_v4 Membrane-bound lytic murein transglycosylase F	1.141E-07	1.000	165	28	331	359	3	292	486	332	0.847	0.597
LOKIASV2_3667_ESMFold_hypothetical_protein	AF-Q886W7-F1-model_v4	AF-Q886W7-F1-model_v4 Membrane-bound lytic murein transglycosylase F	1.410E-08	1.000	165	38	338	359	11	358	497	373	0.838	0.700
LOKIASV2_3667_ESMFold_hypothetical_protein	AF-Q8ZN28-F1-model_v4	AF-Q8ZN28-F1-model_v4 Membrane-bound lytic murein transglycosylase F	1.713E-07	1.000	165	28	325	359	2	297	514	330	0.830	0.576
LOKIASV2_3667_ESMFold_hypothetical_protein	AF-P0ACR4-F1-model_v4	AF-P0ACR4-F1-model_v4 Uncharacterized HTH-type transcriptional regulator YeiE	1.556E-06	1.000	164	43	254	359	71	270	293	224	0.591	0.683
LOKIASV2_3667_ESMFold_hypothetical_protein	AF-O68014-F1-model_v4	AF-O68014-F1-model_v4 HTH-type transcriptional regulator BenM	1.852E-06	1.000	164	30	278	359	58	295	304	266	0.694	0.783
LOKIASV2_3667_ESMFold_hypothetical_protein	AF-P0ACQ5-F1-model_v4	AF-P0ACQ5-F1-model_v4 Hydrogen peroxide-inducible genes activator	8.216E-07	1.000	164	30	301	359	58	304	305	289	0.758	0.810
LOKIASV2_3667_ESMFold_hypothetical_protein	AF-Q02942-F1-model_v4	AF-Q02942-F1-model_v4 Transferrin	1.468E-06	1.000	164	58	331	359	369	719	726	372	0.763	0.483
LOKIASV2_3667_ESMFold_hypothetical_protein	AF-P0A2Q4-F1-model_v4	AF-P0A2Q4-F1-model_v4 HTH-type transcriptional regulator MetR	8.216E-07	1.000	163	30	277	359	59	291	317	266	0.691	0.735
LOKIASV2_3667_ESMFold_hypothetical_protein	AF-Q1R8H6-F1-model_v4	AF-Q1R8H6-F1-model_v4 Membrane-bound lytic murein transglycosylase F	4.251E-08	1.000	163	28	325	359	2	297	518	340	0.830	0.571
LOKIASV2_3667_ESMFold_hypothetical_protein	AF-Q32D14-F1-model_v4	AF-Q32D14-F1-model_v4 Membrane-bound lytic murein transglycosylase F	2.161E-07	1.000	163	28	325	359	2	297	518	328	0.830	0.571
LOKIASV2_3667_ESMFold_hypothetical_protein	AF-P0A9G3-F1-model_v4	AF-P0A9G3-F1-model_v4 Transcriptional activator protein NhaR	1.649E-06	1.000	162	32	261	359	66	281	301	239	0.641	0.718
LOKIASV2_3667_ESMFold_hypothetical_protein	AF-P58332-F1-model_v4	AF-P58332-F1-model_v4 HTH-type transcriptional regulator CbbR	4.872E-07	1.000	162	30	286	359	61	299	313	275	0.716	0.764
LOKIASV2_3667_ESMFold_hypothetical_protein	AF-Q9F1R2-F1-model_v4	AF-Q9F1R2-F1-model_v4 HTH-type transcriptional activator CmpR	2.781E-06	1.000	162	37	277	359	70	301	323	259	0.671	0.718
LOKIASV2_3667_ESMFold_hypothetical_protein	AF-B3Y154-F1-model_v4	AF-B3Y154-F1-model_v4 Membrane-bound lytic murein transglycosylase F	3.370E-08	1.000	162	28	325	359	2	297	518	339	0.830	0.571
LOKIASV2_3667_ESMFold_hypothetical_protein	AF-Q0TET0-F1-model_v4	AF-Q0TET0-F1-model_v4 Membrane-bound lytic murein transglycosylase F	9.044E-08	1.000	162	28	325	359	2	297	518	336	0.830	0.571
LOKIASV2_3667_ESMFold_hypothetical_protein	AF-Q06610-F1-model_v4	AF-Q06610-F1-model_v4 RuBisCO operon transcriptional regulator	2.205E-06	1.000	161	32	254	359	66	277	309	240	0.621	0.686
LOKIASV2_3667_ESMFold_hypothetical_protein	AF-Q5PIH0-F1-model_v4	AF-Q5PIH0-F1-model_v4 Membrane-bound lytic murein transglycosylase F	2.161E-07	1.000	161	28	328	359	2	292	514	335	0.838	0.566
LOKIASV2_3667_ESMFold_hypothetical_protein	AF-Q31XS9-F1-model_v4	AF-Q31XS9-F1-model_v4 Membrane-bound lytic murein transglycosylase F	1.439E-07	1.000	161	28	325	359	2	297	518	332	0.830	0.571
LOKIASV2_3667_ESMFold_hypothetical_protein	AF-P0ACR5-F1-model_v4	AF-P0ACR5-F1-model_v4 Uncharacterized HTH-type transcriptional regulator YeiE	1.649E-06	1.000	160	43	254	359	71	270	293	228	0.591	0.683
LOKIASV2_3667_ESMFold_hypothetical_protein	AF-P77309-F1-model_v4	AF-P77309-F1-model_v4 Uncharacterized HTH-type transcriptional regulator YneJ	5.268E-06	1.000	160	60	258	359	88	271	293	215	0.554	0.628
LOKIASV2_3667_ESMFold_hypothetical_protein	AF-P35112-F1-model_v4	AF-P35112-F1-model_v4 Regulatory protein NocR	4.872E-07	1.000	160	30	274	359	59	294	300	269	0.682	0.787
LOKIASV2_3667_ESMFold_hypothetical_protein	AF-Q85G62-F1-model_v4	AF-Q85G62-F1-model_v4 Probable RuBisCO transcriptional regulator	1.307E-06	1.000	160	28	275	359	61	300	303	270	0.691	0.792
LOKIASV2_3667_ESMFold_hypothetical_protein	AF-A7MQJ1-F1-model_v4	AF-A7MQJ1-F1-model_v4 Porphobilinogen deaminase	8.534E-08	1.000	160	62	276	359	5	233	313	259	0.599	0.732
LOKIASV2_3667_ESMFold_hypothetical_protein	AF-P43160-F1-model_v4	AF-P43160-F1-model_v4 Small neutral protease regulatory protein	9.228E-07	1.000	160	30	284	359	56	308	316	283	0.710	0.801
LOKIASV2_3667_ESMFold_hypothetical_protein	AF-Q5N5I5-F1-model_v4	AF-Q5N5I5-F1-model_v4 HTH-type transcriptional activator CmpR	4.426E-06	1.000	160	37	277	359	70	301	323	258	0.671	0.718
LOKIASV2_3667_ESMFold_hypothetical_protein	AF-Q58586-F1-model_v4	AF-Q58586-F1-model_v4 Molybdate/tungstate-binding protein WtpA	6.146E-07	1.000	160	56	277	359	33	318	346	295	0.618	0.827
LOKIASV2_3667_ESMFold_hypothetical_protein	AF-Q57748-F1-model_v4	AF-Q57748-F1-model_v4 Uncharacterized HTH-type transcriptional regulator MJ0300	7.043E-06	1.000	159	30	274	359	60	295	296	267	0.682	0.797
LOKIASV2_3667_ESMFold_hypothetical_protein	AF-P44418-F1-model_v4	AF-P44418-F1-model_v4 Hydrogen peroxide-inducible genes activator	3.311E-06	1.000	159	30	284	359	58	301	301	274	0.710	0.811
LOKIASV2_3667_ESMFold_hypothetical_protein	AF-P49518-F1-model_v4	AF-P49518-F1-model_v4 Probable RuBisCO transcriptional regulator	4.093E-07	1.000	159	30	260	359	62	299	309	263	0.643	0.770
LOKIASV2_3667_ESMFold_hypothetical_protein	AF-P0A4T6-F1-model_v4	AF-P0A4T6-F1-model_v4 HTH-type transcriptional regulator PcaQ	2.476E-06	1.000	159	30	281	359	63	307	311	275	0.702	0.788
LOKIASV2_3667_ESMFold_hypothetical_protein	AF-Q8YQ82-F1-model_v4	AF-Q8YQ82-F1-model_v4 Probable RuBisCO transcriptional regulator	2.427E-07	1.000	159	42	324	359	76	327	337	300	0.788	0.748
LOKIASV2_3667_ESMFold_hypothetical_protein	AF-P52692-F1-model_v4	AF-P52692-F1-model_v4 Transcriptional activator protein NhaR	1.468E-06	1.000	158	32	258	359	64	278	296	235	0.632	0.726
LOKIASV2_3667_ESMFold_hypothetical_protein	AF-P0A9G2-F1-model_v4	AF-P0A9G2-F1-model_v4 Transcriptional activator protein NhaR	1.852E-06	1.000	158	32	261	359	66	281	301	239	0.641	0.718
LOKIASV2_3667_ESMFold_hypothetical_protein	AF-P52690-F1-model_v4	AF-P52690-F1-model_v4 HTH-type transcriptional regulator CbbR	1.963E-06	1.000	158	39	271	359	79	304	310	253	0.649	0.729
LOKIASV2_3667_ESMFold_hypothetical_protein	AF-P52678-F1-model_v4	AF-P52678-F1-model_v4 Probable hydrogen peroxide-inducible genes activator	3.862E-07	1.000	158	30	261	359	65	304	311	271	0.646	0.772
LOKIASV2_3667_ESMFold_hypothetical_protein	AF-P0A9G0-F1-model_v4	AF-P0A9G0-F1-model_v4 HTH-type transcriptional regulator MetR	1.556E-06	1.000	158	30	277	359	59	291	317	265	0.691	0.735
LOKIASV2_3667_ESMFold_hypothetical_protein	AF-P51205-F1-model_v4	AF-P51205-F1-model_v4 Probable RuBisCO transcriptional regulator	1.748E-06	1.000	158	42	256	359	76	286	317	235	0.599	0.666
LOKIASV2_3667_ESMFold_hypothetical_protein	AF-A8A366-F1-model_v4	AF-A8A366-F1-model_v4 Membrane-bound lytic murein transglycosylase F	1.076E-07	1.000	158	28	325	359	2	297	518	336	0.830	0.571
LOKIASV2_3667_ESMFold_hypothetical_protein	AF-A1AE89-F1-model_v4	AF-A1AE89-F1-model_v4 Membrane-bound lytic murein transglycosylase F	9.585E-08	1.000	158	28	325	359	2	297	518	340	0.830	0.571
LOKIASV2_3667_ESMFold_hypothetical_protein	AF-P0AGC5-F1-model_v4	AF-P0AGC5-F1-model_v4 Membrane-bound lytic murein transglycosylase F	1.016E-07	1.000	158	28	325	359	2	297	518	337	0.830	0.571
LOKIASV2_3667_ESMFold_hypothetical_protein	AF-P71025-F1-model_v4	AF-P71025-F1-model_v4 HTH-type transcriptional regulator CzcR	3.718E-06	1.000	157	30	277	359	58	281	288	258	0.691	0.778
LOKIASV2_3667_ESMFold_hypothetical_protein	AF-P0ACR6-F1-model_v4	AF-P0ACR6-F1-model_v4 Uncharacterized HTH-type transcriptional regulator YeiE	2.624E-06	1.000	157	43	254	359	71	270	293	228	0.591	0.683
LOKIASV2_3667_ESMFold_hypothetical_protein	AF-Q00678-F1-model_v4	AF-Q00678-F1-model_v4 Regulatory protein NocR	7.315E-07	1.000	157	30	274	359	59	294	300	269	0.682	0.787
LOKIASV2_3667_ESMFold_hypothetical_protein	AF-P45349-F1-model_v4	AF-P45349-F1-model_v4 HTH-type transcriptional regulator MetR	2.476E-06	1.000	157	32	312	359	67	308	309	299	0.783	0.783
LOKIASV2_3667_ESMFold_hypothetical_protein	AF-P0A9F9-F1-model_v4	AF-P0A9F9-F1-model_v4 HTH-type transcriptional regulator MetR	1.386E-06	1.000	157	48	277	359	76	291	317	247	0.641	0.681
LOKIASV2_3667_ESMFold_hypothetical_protein	AF-A3DL83-F1-model_v4	AF-A3DL83-F1-model_v4 Uncharacterized solute-binding protein Smar_0280	9.044E-08	1.000	157	31	275	359	7	326	352	335	0.682	0.909
LOKIASV2_3667_ESMFold_hypothetical_protein	AF-A7ZQ01-F1-model_v4	AF-A7ZQ01-F1-model_v4 Membrane-bound lytic murein transglycosylase F	1.141E-07	1.000	157	28	325	359	3	297	518	340	0.830	0.569
LOKIASV2_3667_ESMFold_hypothetical_protein	AF-Q8FF25-F1-model_v4	AF-Q8FF25-F1-model_v4 Membrane-bound lytic murein transglycosylase F	9.585E-08	1.000	157	28	325	359	2	297	518	336	0.830	0.571
LOKIASV2_3667_ESMFold_hypothetical_protein	AF-A5CW34-F1-model_v4	AF-A5CW34-F1-model_v4 Porphobilinogen deaminase	8.534E-08	1.000	156	60	276	359	2	236	304	260	0.604	0.773
LOKIASV2_3667_ESMFold_hypothetical_protein	AF-P0ACR8-F1-model_v4	AF-P0ACR8-F1-model_v4 Uncharacterized HTH-type transcriptional regulator YfeR	3.311E-06	1.000	156	30	284	359	60	302	308	275	0.710	0.789
LOKIASV2_3667_ESMFold_hypothetical_protein	AF-O19892-F1-model_v4	AF-O19892-F1-model_v4 Probable RuBisCO transcriptional regulator	3.941E-06	1.000	156	42	256	359	76	286	317	232	0.599	0.666
LOKIASV2_3667_ESMFold_hypothetical_protein	AF-Q3MCB5-F1-model_v4	AF-Q3MCB5-F1-model_v4 Probable RuBisCO transcriptional regulator	2.889E-07	1.000	156	41	324	359	76	327	337	303	0.791	0.748
LOKIASV2_3667_ESMFold_hypothetical_protein	AF-P02788-F1-model_v4	AF-P02788-F1-model_v4 Lactotransferrin	2.337E-06	1.000	156	40	277	359	6	295	710	307	0.663	0.408
LOKIASV2_3667_ESMFold_hypothetical_protein	AF-Q59684-F1-model_v4	AF-Q59684-F1-model_v4 Porphobilinogen deaminase	1.439E-07	1.000	155	60	276	359	3	236	313	257	0.604	0.748
LOKIASV2_3667_ESMFold_hypothetical_protein	AF-P0A9F5-F1-model_v4	AF-P0A9F5-F1-model_v4 HTH-type transcriptional regulator CysB	4.176E-06	1.000	155	32	310	359	64	321	324	290	0.777	0.796
LOKIASV2_3667_ESMFold_hypothetical_protein	AF-Q8XA45-F1-model_v4	AF-Q8XA45-F1-model_v4 Membrane-bound lytic murein transglycosylase F	1.358E-07	1.000	155	28	325	359	2	297	518	336	0.830	0.571
LOKIASV2_3667_ESMFold_hypothetical_protein	AF-Q47141-F1-model_v4	AF-Q47141-F1-model_v4 Hca operon transcriptional activator HcaR	3.509E-06	1.000	154	30	268	359	58	294	296	259	0.666	0.801
LOKIASV2_3667_ESMFold_hypothetical_protein	AF-Q55459-F1-model_v4	AF-Q55459-F1-model_v4 HTH-type transcriptional activator CmpR	2.948E-06	1.000	154	41	271	359	74	303	304	255	0.643	0.757
LOKIASV2_3667_ESMFold_hypothetical_protein	AF-P9WMF2-F1-model_v4	AF-P9WMF2-F1-model_v4 Uncharacterized HTH-type transcriptional regulator MT2340	5.917E-06	1.000	154	30	252	359	65	286	312	239	0.621	0.712
LOKIASV2_3667_ESMFold_hypothetical_protein	AF-Q3AWQ4-F1-model_v4	AF-Q3AWQ4-F1-model_v4 Porphobilinogen deaminase	4.872E-07	1.000	154	62	273	359	5	236	317	246	0.591	0.732
LOKIASV2_3667_ESMFold_hypothetical_protein	AF-P0A9G1-F1-model_v4	AF-P0A9G1-F1-model_v4 HTH-type transcriptional regulator MetR	1.234E-06	1.000	154	47	282	359	75	292	317	254	0.657	0.688
LOKIASV2_3667_ESMFold_hypothetical_protein	AF-P73123-F1-model_v4	AF-P73123-F1-model_v4 Probable RuBisCO transcriptional regulator	7.753E-07	1.000	154	30	315	359	63	324	345	305	0.797	0.759
LOKIASV2_3667_ESMFold_hypothetical_protein	AF-B1LP71-F1-model_v4	AF-B1LP71-F1-model_v4 Membrane-bound lytic murein transglycosylase F	1.713E-07	1.000	154	28	325	359	2	297	518	336	0.830	0.571
LOKIASV2_3667_ESMFold_hypothetical_protein	AF-A0A073CEA3-F1-model_v4	AF-A0A073CEA3-F1-model_v4 Prephenate decarboxylase	2.948E-06	1.000	153	57	254	359	12	195	202	216	0.552	0.911
LOKIASV2_3667_ESMFold_hypothetical_protein	AF-A2CI69-F1-model_v4	AF-A2CI69-F1-model_v4 Probable RuBisCO transcriptional regulator	7.464E-06	1.000	153	42	256	359	76	286	313	235	0.599	0.674
LOKIASV2_3667_ESMFold_hypothetical_protein	AF-Q4G384-F1-model_v4	AF-Q4G384-F1-model_v4 Probable RuBisCO transcriptional regulator	1.963E-06	1.000	153	30	271	359	63	308	314	271	0.674	0.783
LOKIASV2_3667_ESMFold_hypothetical_protein	AF-P30979-F1-model_v4	AF-P30979-F1-model_v4 Uncharacterized HTH-type transcriptional regulator YbeF	3.509E-06	1.000	153	30	275	359	86	316	317	256	0.685	0.729
LOKIASV2_3667_ESMFold_hypothetical_protein	AF-P06614-F1-model_v4	AF-P06614-F1-model_v4 HTH-type transcriptional regulator CysB	4.691E-06	1.000	153	32	310	359	64	321	324	291	0.777	0.796
LOKIASV2_3667_ESMFold_hypothetical_protein	AF-P52667-F1-model_v4	AF-P52667-F1-model_v4 HTH-type transcriptional regulator EstR	7.464E-06	1.000	152	32	279	359	65	300	301	260	0.691	0.784
LOKIASV2_3667_ESMFold_hypothetical_protein	AF-O33945-F1-model_v4	AF-O33945-F1-model_v4 Probable cat1 operon transcriptional activator	1.852E-06	1.000	152	30	283	359	58	296	303	279	0.708	0.789
LOKIASV2_3667_ESMFold_hypothetical_protein	AF-P67668-F1-model_v4	AF-P67668-F1-model_v4 Uncharacterized HTH-type transcriptional regulator Mb2303c	7.043E-06	1.000	152	30	252	359	65	286	312	238	0.621	0.712
LOKIASV2_3667_ESMFold_hypothetical_protein	AF-B4F1X3-F1-model_v4	AF-B4F1X3-F1-model_v4 Porphobilinogen deaminase	2.039E-07	1.000	152	62	276	359	5	236	313	256	0.599	0.741
LOKIASV2_3667_ESMFold_hypothetical_protein	AF-Q8U4K5-F1-model_v4	AF-Q8U4K5-F1-model_v4 Molybdate/tungstate-binding protein WtpA	1.281E-07	1.000	152	32	295	359	7	320	345	351	0.735	0.910
LOKIASV2_3667_ESMFold_hypothetical_protein	AF-A4WDC7-F1-model_v4	AF-A4WDC7-F1-model_v4 Membrane-bound lytic murein transglycosylase F	6.023E-08	1.000	152	28	333	359	2	357	517	377	0.852	0.689
LOKIASV2_3667_ESMFold_hypothetical_protein	AF-B2TXX1-F1-model_v4	AF-B2TXX1-F1-model_v4 Membrane-bound lytic murein transglycosylase F	3.862E-07	1.000	152	28	325	359	2	297	518	338	0.830	0.571
LOKIASV2_3667_ESMFold_hypothetical_protein	AF-P52666-F1-model_v4	AF-P52666-F1-model_v4 HTH-type transcriptional regulator BudR	2.205E-06	1.000	151	32	260	359	61	289	290	258	0.638	0.790
LOKIASV2_3667_ESMFold_hypothetical_protein	AF-P52691-F1-model_v4	AF-P52691-F1-model_v4 Probable HTH-type transcriptional regulator LrrA	7.464E-06	1.000	151	32	254	359	62	266	294	236	0.621	0.697
LOKIASV2_3667_ESMFold_hypothetical_protein	AF-P25544-F1-model_v4	AF-P25544-F1-model_v4 RuBisCO operon transcriptional regulator	7.464E-06	1.000	151	41	254	359	73	274	302	228	0.596	0.669
LOKIASV2_3667_ESMFold_hypothetical_protein	AF-P0ACR7-F1-model_v4	AF-P0ACR7-F1-model_v4 Uncharacterized HTH-type transcriptional regulator YfeR	5.917E-06	1.000	151	30	284	359	60	302	308	278	0.710	0.789
LOKIASV2_3667_ESMFold_hypothetical_protein	AF-Q88B91-F1-model_v4	AF-Q88B91-F1-model_v4 Porphobilinogen deaminase	1.076E-07	1.000	151	59	276	359	2	237	313	264	0.607	0.754
LOKIASV2_3667_ESMFold_hypothetical_protein	AF-P18561-F1-model_v4	AF-P18561-F1-model_v4 HTH-type transcriptional regulator SyrM	2.337E-06	1.000	151	30	277	359	89	324	326	261	0.691	0.724
LOKIASV2_3667_ESMFold_hypothetical_protein	AF-B1IVR9-F1-model_v4	AF-B1IVR9-F1-model_v4 Membrane-bound lytic murein transglycosylase F	2.889E-07	1.000	151	28	325	359	5	297	518	337	0.830	0.566
LOKIASV2_3667_ESMFold_hypothetical_protein	AF-O97490-F1-model_v4	AF-O97490-F1-model_v4 Melanotransferrin	8.216E-07	1.000	151	50	277	359	10	301	736	309	0.635	0.397
LOKIASV2_3667_ESMFold_hypothetical_protein	AF-O33812-F1-model_v4	AF-O33812-F1-model_v4 Uncharacterized HTH-type transcriptional regulator in lacR 5'region	3.718E-06	1.000	150	30	272	359	50	266	270	261	0.677	0.804
LOKIASV2_3667_ESMFold_hypothetical_protein	AF-P37499-F1-model_v4	AF-P37499-F1-model_v4 Uncharacterized HTH-type transcriptional regulator YybE	5.917E-06	1.000	150	30	261	359	58	289	292	256	0.646	0.795
LOKIASV2_3667_ESMFold_hypothetical_protein	AF-Q2LWH5-F1-model_v4	AF-Q2LWH5-F1-model_v4 Uncharacterized solute-binding protein SYNAS_25580	1.924E-07	1.000	150	33	304	359	2	324	329	349	0.758	0.982
LOKIASV2_3667_ESMFold_hypothetical_protein	AF-P0AGC6-F1-model_v4	AF-P0AGC6-F1-model_v4 Membrane-bound lytic murein transglycosylase F	2.726E-07	1.000	150	28	325	359	2	297	518	340	0.830	0.571
LOKIASV2_3667_ESMFold_hypothetical_protein	AF-Q6FLT7-F1-model_v4	AF-Q6FLT7-F1-model_v4 ATP phosphoribosyltransferase	1.890E-05	1.000	149	62	273	359	9	226	306	236	0.591	0.712
LOKIASV2_3667_ESMFold_hypothetical_protein	AF-Q6FFA9-F1-model_v4	AF-Q6FFA9-F1-model_v4 Porphobilinogen deaminase	4.597E-07	1.000	149	62	273	359	8	236	311	250	0.591	0.736
LOKIASV2_3667_ESMFold_hypothetical_protein	AF-A8G3L1-F1-model_v4	AF-A8G3L1-F1-model_v4 Porphobilinogen deaminase	4.872E-07	1.000	149	60	273	359	3	236	318	250	0.596	0.736
LOKIASV2_3667_ESMFold_hypothetical_protein	AF-Q97Z99-F1-model_v4	AF-Q97Z99-F1-model_v4 Uncharacterized solute-binding protein SSO1031	1.141E-07	1.000	149	5	295	359	1	364	402	390	0.811	0.905
LOKIASV2_3667_ESMFold_hypothetical_protein	AF-Q501K5-F1-model_v4	AF-Q501K5-F1-model_v4 Serotransferrin	1.098E-06	1.000	149	42	313	359	5	344	703	358	0.758	0.484
LOKIASV2_3667_ESMFold_hypothetical_protein	AF-Q97Q31-F1-model_v4	AF-Q97Q31-F1-model_v4 Phosphate-binding protein PstS 1	7.043E-06	1.000	148	32	300	359	2	274	292	307	0.749	0.935
LOKIASV2_3667_ESMFold_hypothetical_protein	AF-P94387-F1-model_v4	AF-P94387-F1-model_v4 Uncharacterized HTH-type transcriptional regulator YcgK	2.527E-05	1.000	148	30	284	359	58	316	324	287	0.710	0.799
LOKIASV2_3667_ESMFold_hypothetical_protein	AF-Q54P93-F1-model_v4	AF-Q54P93-F1-model_v4 Porphobilinogen deaminase	3.644E-07	1.000	148	56	273	359	3	244	325	255	0.607	0.745
LOKIASV2_3667_ESMFold_hypothetical_protein	AF-Q2KIN5-F1-model_v4	AF-Q2KIN5-F1-model_v4 Porphobilinogen deaminase	6.903E-07	1.000	148	57	273	359	15	252	361	252	0.604	0.659
LOKIASV2_3667_ESMFold_hypothetical_protein	AF-Q3YYZ7-F1-model_v4	AF-Q3YYZ7-F1-model_v4 Membrane-bound lytic murein transglycosylase F	2.039E-07	1.000	148	28	325	359	2	297	518	344	0.830	0.571
LOKIASV2_3667_ESMFold_hypothetical_protein	AF-B1XB33-F1-model_v4	AF-B1XB33-F1-model_v4 Membrane-bound lytic murein transglycosylase F	2.161E-07	1.000	148	28	325	359	2	297	518	345	0.830	0.571
LOKIASV2_3667_ESMFold_hypothetical_protein	AF-P37734-F1-model_v4	AF-P37734-F1-model_v4 Molybdate-binding protein ModA	2.205E-06	1.000	147	57	313	359	20	252	252	272	0.716	0.925
LOKIASV2_3667_ESMFold_hypothetical_protein	AF-Q8KA72-F1-model_v4	AF-Q8KA72-F1-model_v4 HTH-type transcriptional regulator MetR	2.948E-06	1.000	147	47	284	359	75	295	312	259	0.663	0.708
LOKIASV2_3667_ESMFold_hypothetical_protein	AF-A6UX24-F1-model_v4	AF-A6UX24-F1-model_v4 Uncharacterized solute-binding protein Maeo_1470	2.290E-07	1.000	147	57	295	359	37	324	349	318	0.666	0.825
LOKIASV2_3667_ESMFold_hypothetical_protein	AF-Q8DPB1-F1-model_v4	AF-Q8DPB1-F1-model_v4 Phosphate-binding protein PstS 1	6.271E-06	1.000	146	32	300	359	2	274	292	308	0.749	0.935
LOKIASV2_3667_ESMFold_hypothetical_protein	AF-Q65VX7-F1-model_v4	AF-Q65VX7-F1-model_v4 Porphobilinogen deaminase	3.785E-08	1.000	146	57	273	359	1	234	310	255	0.604	0.755
LOKIASV2_3667_ESMFold_hypothetical_protein	AF-B4E8V9-F1-model_v4	AF-B4E8V9-F1-model_v4 HTH-type transcriptional regulator CysB	1.748E-06	1.000	146	30	277	359	60	301	313	273	0.691	0.773
LOKIASV2_3667_ESMFold_hypothetical_protein	AF-P45105-F1-model_v4	AF-P45105-F1-model_v4 HTH-type transcriptional regulator CysB	5.917E-06	1.000	146	32	310	359	64	320	323	292	0.777	0.796
LOKIASV2_3667_ESMFold_hypothetical_protein	AF-P20233-F1-model_v4	AF-P20233-F1-model_v4 Serotransferrin-A	1.234E-06	1.000	146	42	317	359	5	347	702	364	0.769	0.489
LOKIASV2_3667_ESMFold_hypothetical_protein	AF-Q8KWT6-F1-model_v4	AF-Q8KWT6-F1-model_v4 Prephenate decarboxylase	5.917E-06	1.000	145	57	253	359	15	193	204	205	0.549	0.877
LOKIASV2_3667_ESMFold_hypothetical_protein	AF-P31550-F1-model_v4	AF-P31550-F1-model_v4 Thiamine-binding periplasmic protein	1.307E-06	1.000	145	60	334	359	19	326	327	351	0.766	0.942
LOKIASV2_3667_ESMFold_hypothetical_protein	AF-O30142-F1-model_v4	AF-O30142-F1-model_v4 Molybdate/tungstate-binding protein WtpA	1.815E-07	1.000	145	37	295	359	7	319	342	340	0.721	0.915
LOKIASV2_3667_ESMFold_hypothetical_protein	AF-P02789-F1-model_v4	AF-P02789-F1-model_v4 Ovotransferrin	1.588E-05	1.000	145	55	274	359	18	291	705	287	0.613	0.389
LOKIASV2_3667_ESMFold_hypothetical_protein	AF-Q8KWT1-F1-model_v4	AF-Q8KWT1-F1-model_v4 Prephenate decarboxylase	4.971E-06	1.000	144	57	253	359	15	193	204	206	0.549	0.877
LOKIASV2_3667_ESMFold_hypothetical_protein	AF-Q46M57-F1-model_v4	AF-Q46M57-F1-model_v4 HTH-type transcriptional regulator TdfR	3.378E-05	1.000	144	30	274	359	58	290	295	259	0.682	0.790
LOKIASV2_3667_ESMFold_hypothetical_protein	AF-P94501-F1-model_v4	AF-P94501-F1-model_v4 HTH-type transcriptional regulator GltR	1.783E-05	1.000	144	60	275	359	89	287	296	231	0.602	0.672
LOKIASV2_3667_ESMFold_hypothetical_protein	AF-P22907-F1-model_v4	AF-P22907-F1-model_v4 Porphobilinogen deaminase	1.036E-06	1.000	144	57	273	359	15	252	361	251	0.604	0.659
LOKIASV2_3667_ESMFold_hypothetical_protein	AF-P37329-F1-model_v4	AF-P37329-F1-model_v4 Molybdate-binding protein ModA	2.337E-06	1.000	143	57	290	359	23	249	257	259	0.652	0.883
LOKIASV2_3667_ESMFold_hypothetical_protein	AF-A3CWQ6-F1-model_v4	AF-A3CWQ6-F1-model_v4 Uncharacterized solute-binding protein Memar_1880	1.468E-06	1.000	143	57	277	359	40	327	355	302	0.616	0.811
LOKIASV2_3667_ESMFold_hypothetical_protein	AF-P12529-F1-model_v4	AF-P12529-F1-model_v4 HTH-type transcriptional activator AmpR	4.691E-06	1.000	142	43	272	359	76	290	291	248	0.641	0.739
LOKIASV2_3667_ESMFold_hypothetical_protein	AF-P33634-F1-model_v4	AF-P33634-F1-model_v4 Uncharacterized HTH-type transcriptional regulator YfiE	1.058E-05	1.000	142	30	275	359	58	290	293	268	0.685	0.795
LOKIASV2_3667_ESMFold_hypothetical_protein	AF-P52670-F1-model_v4	AF-P52670-F1-model_v4 HTH-type transcriptional regulator IlvR	1.498E-05	1.000	142	30	277	359	58	290	296	260	0.691	0.787
LOKIASV2_3667_ESMFold_hypothetical_protein	AF-A6VL87-F1-model_v4	AF-A6VL87-F1-model_v4 Porphobilinogen deaminase	7.169E-08	1.000	142	60	273	359	3	233	309	255	0.596	0.748
LOKIASV2_3667_ESMFold_hypothetical_protein	AF-P77171-F1-model_v4	AF-P77171-F1-model_v4 Uncharacterized HTH-type transcriptional regulator YdcI	1.334E-05	1.000	141	38	254	359	78	285	307	231	0.604	0.678
LOKIASV2_3667_ESMFold_hypothetical_protein	AF-P08397-F1-model_v4	AF-P08397-F1-model_v4 Porphobilinogen deaminase	7.043E-06	1.000	140	57	276	359	15	244	361	251	0.613	0.637
LOKIASV2_3667_ESMFold_hypothetical_protein	AF-P39638-F1-model_v4	AF-P39638-F1-model_v4 Prephenate decarboxylase	6.271E-06	1.000	139	57	254	359	15	197	204	210	0.552	0.897
LOKIASV2_3667_ESMFold_hypothetical_protein	AF-Q8PHA1-F1-model_v4	AF-Q8PHA1-F1-model_v4 Molybdate-binding protein ModA	5.917E-06	1.000	139	57	259	359	22	238	258	231	0.565	0.841
LOKIASV2_3667_ESMFold_hypothetical_protein	AF-Q93KD6-F1-model_v4	AF-Q93KD6-F1-model_v4 Tungstate-binding protein TupA	1.890E-05	1.000	139	62	315	359	39	283	286	276	0.708	0.857
LOKIASV2_3667_ESMFold_hypothetical_protein	AF-P52683-F1-model_v4	AF-P52683-F1-model_v4 Carbapenem-hydrolyzing beta-lactamase transcriptional activator	1.188E-05	1.000	139	33	275	359	64	288	292	254	0.677	0.771
LOKIASV2_3667_ESMFold_hypothetical_protein	AF-P27102-F1-model_v4	AF-P27102-F1-model_v4 HTH-type transcriptional regulator TcbR	6.271E-06	1.000	139	30	275	359	58	291	294	270	0.685	0.796
LOKIASV2_3667_ESMFold_hypothetical_protein	AF-B2TUR4-F1-model_v4	AF-B2TUR4-F1-model_v4 HTH-type transcriptional regulator YidZ	1.414E-05	1.000	139	30	272	359	65	312	319	261	0.677	0.777
LOKIASV2_3667_ESMFold_hypothetical_protein	AF-Q491Z6-F1-model_v4	AF-Q491Z6-F1-model_v4 Porphobilinogen deaminase	1.468E-06	1.000	138	61	277	359	4	237	300	252	0.604	0.780
LOKIASV2_3667_ESMFold_hypothetical_protein	AF-Q8TTZ5-F1-model_v4	AF-Q8TTZ5-F1-model_v4 Uncharacterized solute-binding protein MA_0280	1.098E-06	1.000	138	58	275	359	38	323	352	302	0.607	0.812
LOKIASV2_3667_ESMFold_hypothetical_protein	AF-Q97BB3-F1-model_v4	AF-Q97BB3-F1-model_v4 Uncharacterized solute-binding protein TV0544	4.338E-07	1.000	138	30	278	359	8	351	389	356	0.694	0.884
LOKIASV2_3667_ESMFold_hypothetical_protein	AF-P74422-F1-model_v4	AF-P74422-F1-model_v4 Probable nitrogen assimilation transcriptional activator	3.378E-05	1.000	137	28	275	359	55	297	309	267	0.691	0.786
LOKIASV2_3667_ESMFold_hypothetical_protein	AF-A7ZTR6-F1-model_v4	AF-A7ZTR6-F1-model_v4 HTH-type transcriptional regulator YidZ	1.783E-05	1.000	137	30	278	359	65	318	319	266	0.694	0.796
LOKIASV2_3667_ESMFold_hypothetical_protein	AF-Q7A0X7-F1-model_v4	AF-Q7A0X7-F1-model_v4 Phosphate-binding protein PstS	7.753E-07	1.000	137	60	349	359	34	326	327	334	0.808	0.896
LOKIASV2_3667_ESMFold_hypothetical_protein	AF-P19356-F1-model_v4	AF-P19356-F1-model_v4 Porphobilinogen deaminase	2.081E-06	1.000	137	57	273	359	15	252	361	254	0.604	0.659
LOKIASV2_3667_ESMFold_hypothetical_protein	AF-Q9HJB8-F1-model_v4	AF-Q9HJB8-F1-model_v4 Uncharacterized solute-binding protein Ta1052	4.093E-07	1.000	137	28	278	359	6	364	400	372	0.699	0.897
LOKIASV2_3667_ESMFold_hypothetical_protein	AF-Q0A9W6-F1-model_v4	AF-Q0A9W6-F1-model_v4 Membrane-bound lytic murein transglycosylase F 1	5.472E-07	1.000	137	32	335	359	4	356	494	379	0.847	0.715
LOKIASV2_3667_ESMFold_hypothetical_protein	AF-P27425-F1-model_v4	AF-P27425-F1-model_v4 Serotransferrin	5.583E-06	1.000	137	37	277	359	3	293	706	309	0.671	0.412
LOKIASV2_3667_ESMFold_hypothetical_protein	AF-Q8DZV4-F1-model_v4	AF-Q8DZV4-F1-model_v4 Phosphate-binding protein PstS 1	6.646E-06	1.000	136	29	300	359	1	274	288	311	0.758	0.951
LOKIASV2_3667_ESMFold_hypothetical_protein	AF-P16931-F1-model_v4	AF-P16931-F1-model_v4 HTH-type transcriptional regulator DgdR	7.043E-06	1.000	136	32	253	359	74	266	294	227	0.618	0.656
LOKIASV2_3667_ESMFold_hypothetical_protein	AF-P45600-F1-model_v4	AF-P45600-F1-model_v4 HTH-type transcriptional regulator CysB	4.971E-06	1.000	136	32	340	359	64	319	324	322	0.861	0.790
LOKIASV2_3667_ESMFold_hypothetical_protein	AF-A0A0A1H8I4-F1-model_v4	AF-A0A0A1H8I4-F1-model_v4 Aconitate isomerase	9.780E-07	1.000	134	61	314	359	27	259	262	282	0.708	0.889
LOKIASV2_3667_ESMFold_hypothetical_protein	AF-P46068-F1-model_v4	AF-P46068-F1-model_v4 HTH-type transcriptional regulator DsdC	2.838E-05	1.000	134	30	277	359	72	309	311	261	0.691	0.765
LOKIASV2_3667_ESMFold_hypothetical_protein	AF-Q3YWK2-F1-model_v4	AF-Q3YWK2-F1-model_v4 HTH-type transcriptional regulator YidZ	2.123E-05	1.000	134	44	278	359	77	318	319	255	0.655	0.759
LOKIASV2_3667_ESMFold_hypothetical_protein	AF-P0A9F3-F1-model_v4	AF-P0A9F3-F1-model_v4 HTH-type transcriptional regulator CysB	8.383E-06	1.000	134	32	340	359	64	319	324	321	0.861	0.790
LOKIASV2_3667_ESMFold_hypothetical_protein	AF-Q2YXX9-F1-model_v4	AF-Q2YXX9-F1-model_v4 Phosphate-binding protein PstS	1.307E-06	1.000	134	60	349	359	34	326	327	331	0.808	0.896
LOKIASV2_3667_ESMFold_hypothetical_protein	AF-A4G0R9-F1-model_v4	AF-A4G0R9-F1-model_v4 Uncharacterized solute-binding protein MmarC5_1756	7.043E-06	1.000	134	56	275	359	33	322	347	299	0.613	0.836
LOKIASV2_3667_ESMFold_hypothetical_protein	AF-Q5JEB6-F1-model_v4	AF-Q5JEB6-F1-model_v4 Molybdate/tungstate-binding protein WtpA	5.472E-07	1.000	134	57	292	359	30	321	354	320	0.657	0.825
LOKIASV2_3667_ESMFold_hypothetical_protein	AF-Q8E5K2-F1-model_v4	AF-Q8E5K2-F1-model_v4 Phosphate-binding protein PstS 1	4.176E-06	1.000	133	29	272	359	1	268	288	287	0.680	0.931
LOKIASV2_3667_ESMFold_hypothetical_protein	AF-P52660-F1-model_v4	AF-P52660-F1-model_v4 HTH-type transcriptional regulator BlaA	1.890E-05	1.000	133	33	279	359	64	290	292	261	0.688	0.777
LOKIASV2_3667_ESMFold_hypothetical_protein	AF-C4ZYY9-F1-model_v4	AF-C4ZYY9-F1-model_v4 HTH-type transcriptional regulator YidZ	2.123E-05	1.000	133	30	272	359	65	312	319	261	0.677	0.777
LOKIASV2_3667_ESMFold_hypothetical_protein	AF-Q31UW5-F1-model_v4	AF-Q31UW5-F1-model_v4 HTH-type transcriptional regulator YidZ	2.123E-05	1.000	132	30	272	359	65	312	319	262	0.677	0.777
LOKIASV2_3667_ESMFold_hypothetical_protein	AF-P48271-F1-model_v4	AF-P48271-F1-model_v4 Probable RuBisCO transcriptional regulator	2.205E-06	1.000	132	41	332	359	78	323	324	319	0.813	0.759
LOKIASV2_3667_ESMFold_hypothetical_protein	AF-B7L852-F1-model_v4	AF-B7L852-F1-model_v4 HTH-type transcriptional regulator YidZ	2.678E-05	1.000	131	43	272	359	76	312	319	249	0.641	0.743
LOKIASV2_3667_ESMFold_hypothetical_protein	AF-B6I3U4-F1-model_v4	AF-B6I3U4-F1-model_v4 HTH-type transcriptional regulator YidZ	2.678E-05	1.000	131	30	272	359	65	312	319	261	0.677	0.777
LOKIASV2_3667_ESMFold_hypothetical_protein	AF-A6VHR6-F1-model_v4	AF-A6VHR6-F1-model_v4 Uncharacterized solute-binding protein MmarC7_0925	7.043E-06	1.000	131	56	295	359	31	320	344	312	0.669	0.843
LOKIASV2_3667_ESMFold_hypothetical_protein	AF-P09571-F1-model_v4	AF-P09571-F1-model_v4 Serotransferrin	1.468E-06	1.000	131	60	315	359	3	337	696	350	0.713	0.481
LOKIASV2_3667_ESMFold_hypothetical_protein	AF-P08582-F1-model_v4	AF-P08582-F1-model_v4 Melanotransferrin	5.917E-06	1.000	131	47	274	359	7	301	738	307	0.635	0.400
LOKIASV2_3667_ESMFold_hypothetical_protein	AF-P0A9F8-F1-model_v4	AF-P0A9F8-F1-model_v4 Glycine cleavage system transcriptional activator	6.271E-06	1.000	130	30	283	359	63	300	305	273	0.708	0.780
LOKIASV2_3667_ESMFold_hypothetical_protein	AF-B5EYX8-F1-model_v4	AF-B5EYX8-F1-model_v4 HTH-type transcriptional regulator YidZ	8.383E-06	1.000	130	48	277	359	81	317	319	254	0.641	0.743
LOKIASV2_3667_ESMFold_hypothetical_protein	AF-B7NF28-F1-model_v4	AF-B7NF28-F1-model_v4 HTH-type transcriptional regulator YidZ	2.250E-05	1.000	129	46	272	359	79	312	319	249	0.632	0.734
LOKIASV2_3667_ESMFold_hypothetical_protein	AF-A8A6H3-F1-model_v4	AF-A8A6H3-F1-model_v4 HTH-type transcriptional regulator YidZ	2.384E-05	1.000	128	35	272	359	67	312	319	260	0.663	0.771
LOKIASV2_3667_ESMFold_hypothetical_protein	AF-B1X9U0-F1-model_v4	AF-B1X9U0-F1-model_v4 HTH-type transcriptional regulator YidZ	2.527E-05	1.000	128	48	272	359	81	312	319	246	0.627	0.727
LOKIASV2_3667_ESMFold_hypothetical_protein	AF-Q8FBU9-F1-model_v4	AF-Q8FBU9-F1-model_v4 HTH-type transcriptional regulator YidZ	2.678E-05	1.000	128	47	272	359	81	312	319	243	0.630	0.727
LOKIASV2_3667_ESMFold_hypothetical_protein	AF-P0A4T4-F1-model_v4	AF-P0A4T4-F1-model_v4 Octopine catabolism/uptake operon regulatory protein OccR	2.003E-05	1.000	127	41	278	359	71	293	298	256	0.663	0.748
LOKIASV2_3667_ESMFold_hypothetical_protein	AF-Q8Z2P0-F1-model_v4	AF-Q8Z2P0-F1-model_v4 HTH-type transcriptional regulator YidZ	1.121E-05	1.000	127	30	272	359	65	312	319	267	0.677	0.777
LOKIASV2_3667_ESMFold_hypothetical_protein	AF-P22297-F1-model_v4	AF-P22297-F1-model_v4 Transferrin	3.644E-07	1.000	127	56	343	359	16	363	681	382	0.802	0.511
LOKIASV2_3667_ESMFold_hypothetical_protein	AF-Q05185-F1-model_v4	AF-Q05185-F1-model_v4 4,5-dihydroxyphthalate decarboxylase	4.021E-05	1.000	126	60	237	359	10	209	258	221	0.496	0.775
LOKIASV2_3667_ESMFold_hypothetical_protein	AF-B1IX27-F1-model_v4	AF-B1IX27-F1-model_v4 HTH-type transcriptional regulator YidZ	2.838E-05	1.000	126	46	272	359	79	312	319	249	0.632	0.734
LOKIASV2_3667_ESMFold_hypothetical_protein	AF-O57890-F1-model_v4	AF-O57890-F1-model_v4 Molybdate/tungstate-binding protein WtpA	9.416E-06	1.000	126	57	280	359	22	315	340	302	0.624	0.865
LOKIASV2_3667_ESMFold_hypothetical_protein	AF-P05051-F1-model_v4	AF-P05051-F1-model_v4 HTH-type transcriptional activator AmpR	1.259E-05	1.000	125	30	271	359	63	289	291	265	0.674	0.780
LOKIASV2_3667_ESMFold_hypothetical_protein	AF-P31463-F1-model_v4	AF-P31463-F1-model_v4 HTH-type transcriptional regulator YidZ	2.678E-05	1.000	125	47	272	359	81	312	319	245	0.630	0.727
LOKIASV2_3667_ESMFold_hypothetical_protein	AF-P61618-F1-model_v4	AF-P61618-F1-model_v4 Uncharacterized solute-binding protein MMP1652	1.498E-05	1.000	125	57	295	359	20	308	332	314	0.666	0.870
LOKIASV2_3667_ESMFold_hypothetical_protein	AF-P0A4T3-F1-model_v4	AF-P0A4T3-F1-model_v4 Octopine catabolism/uptake operon regulatory protein OccR	2.678E-05	1.000	124	41	278	359	71	293	298	256	0.663	0.748
LOKIASV2_3667_ESMFold_hypothetical_protein	AF-B5FN16-F1-model_v4	AF-B5FN16-F1-model_v4 HTH-type transcriptional regulator YidZ	2.527E-05	1.000	124	30	277	359	65	317	319	271	0.691	0.793
LOKIASV2_3667_ESMFold_hypothetical_protein	AF-P0A9F6-F1-model_v4	AF-P0A9F6-F1-model_v4 Glycine cleavage system transcriptional activator	1.334E-05	1.000	123	30	283	359	63	300	305	272	0.708	0.780
LOKIASV2_3667_ESMFold_hypothetical_protein	AF-Q5PKV5-F1-model_v4	AF-Q5PKV5-F1-model_v4 HTH-type transcriptional regulator YidZ	1.890E-05	1.000	123	30	272	359	65	312	319	266	0.677	0.777
LOKIASV2_3667_ESMFold_hypothetical_protein	AF-Q8ZKY0-F1-model_v4	AF-Q8ZKY0-F1-model_v4 HTH-type transcriptional regulator YidZ	2.250E-05	1.000	123	30	277	359	65	317	319	272	0.691	0.793
LOKIASV2_3667_ESMFold_hypothetical_protein	AF-A9BF57-F1-model_v4	AF-A9BF57-F1-model_v4 Uncharacterized solute-binding protein Pmob_0379	1.058E-05	1.000	123	62	306	359	28	312	321	309	0.682	0.888
LOKIASV2_3667_ESMFold_hypothetical_protein	AF-Q9V2C4-F1-model_v4	AF-Q9V2C4-F1-model_v4 Molybdate/tungstate-binding protein WtpA	5.583E-06	1.000	123	57	292	359	26	317	344	317	0.657	0.849
LOKIASV2_3667_ESMFold_hypothetical_protein	AF-Q1CNN4-F1-model_v4	AF-Q1CNN4-F1-model_v4 HTH-type transcriptional regulator HdfR	1.259E-05	1.000	122	32	273	359	62	280	293	262	0.674	0.747
LOKIASV2_3667_ESMFold_hypothetical_protein	AF-B4TAV5-F1-model_v4	AF-B4TAV5-F1-model_v4 HTH-type transcriptional regulator YidZ	2.527E-05	1.000	122	48	272	359	81	312	319	249	0.627	0.727
LOKIASV2_3667_ESMFold_hypothetical_protein	AF-Q9IBF7-F1-model_v4	AF-Q9IBF7-F1-model_v4 Otolith matrix protein 1	6.271E-06	1.000	122	57	275	359	21	313	367	306	0.610	0.798
LOKIASV2_3667_ESMFold_hypothetical_protein	AF-Q8RQM5-F1-model_v4	AF-Q8RQM5-F1-model_v4 Lysine export transcriptional regulatory protein LysG	6.398E-05	1.000	120	30	275	359	57	284	290	267	0.685	0.786
LOKIASV2_3667_ESMFold_hypothetical_protein	AF-P39127-F1-model_v4	AF-P39127-F1-model_v4 HTH-type transcriptional regulator CitR	4.786E-05	1.000	120	30	267	359	59	285	291	255	0.663	0.780
LOKIASV2_3667_ESMFold_hypothetical_protein	AF-P77559-F1-model_v4	AF-P77559-F1-model_v4 Uncharacterized HTH-type transcriptional regulator YnfL	6.781E-05	1.000	120	30	271	359	60	296	297	266	0.674	0.798
LOKIASV2_3667_ESMFold_hypothetical_protein	AF-Q08598-F1-model_v4	AF-Q08598-F1-model_v4 HTH-type transcriptional regulator cbl	4.261E-05	1.000	119	29	316	359	59	312	316	307	0.802	0.804
LOKIASV2_3667_ESMFold_hypothetical_protein	AF-A6UQT5-F1-model_v4	AF-A6UQT5-F1-model_v4 Uncharacterized solute-binding protein Mevan_0954	1.890E-05	1.000	119	60	275	359	21	305	330	298	0.602	0.864
LOKIASV2_3667_ESMFold_hypothetical_protein	AF-Q87LL6-F1-model_v4	AF-Q87LL6-F1-model_v4 HTH-type transcriptional regulator ArgP	2.003E-05	1.000	118	43	275	359	73	295	298	256	0.649	0.748
LOKIASV2_3667_ESMFold_hypothetical_protein	AF-P39592-F1-model_v4	AF-P39592-F1-model_v4 Uncharacterized HTH-type transcriptional regulator YwbI	6.781E-05	1.000	118	30	252	359	59	268	301	246	0.621	0.698
LOKIASV2_3667_ESMFold_hypothetical_protein	AF-P36771-F1-model_v4	AF-P36771-F1-model_v4 Probable HTH-type transcriptional regulator LrhA	1.929E-04	1.000	118	30	275	359	68	288	312	250	0.685	0.708
LOKIASV2_3667_ESMFold_hypothetical_protein	AF-B4TN13-F1-model_v4	AF-B4TN13-F1-model_v4 HTH-type transcriptional regulator YidZ	3.378E-05	1.000	118	30	272	359	65	312	319	266	0.677	0.777
LOKIASV2_3667_ESMFold_hypothetical_protein	AF-A7FD20-F1-model_v4	AF-A7FD20-F1-model_v4 HTH-type transcriptional regulator HdfR	2.838E-05	1.000	117	32	273	359	62	280	293	262	0.674	0.747
LOKIASV2_3667_ESMFold_hypothetical_protein	AF-P52659-F1-model_v4	AF-P52659-F1-model_v4 HTH-type transcriptional regulator AraB	9.065E-05	1.000	117	39	278	359	65	300	301	264	0.669	0.784
LOKIASV2_3667_ESMFold_hypothetical_protein	AF-Q8VWE6-F1-model_v4	AF-Q8VWE6-F1-model_v4 Probable HTH-type transcriptional regulator LrhA	1.620E-04	1.000	117	41	278	359	72	291	312	248	0.663	0.705
LOKIASV2_3667_ESMFold_hypothetical_protein	AF-B5YXB5-F1-model_v4	AF-B5YXB5-F1-model_v4 HTH-type transcriptional regulator YidZ	1.284E-04	1.000	117	61	272	359	97	312	319	228	0.591	0.677
LOKIASV2_3667_ESMFold_hypothetical_protein	AF-Q45263-F1-model_v4	AF-Q45263-F1-model_v4 Nodulation protein D 2	2.250E-05	1.000	117	60	283	359	94	306	330	238	0.624	0.645
LOKIASV2_3667_ESMFold_hypothetical_protein	AF-Q7MHL5-F1-model_v4	AF-Q7MHL5-F1-model_v4 HTH-type transcriptional regulator ArgP	2.838E-05	1.000	116	49	277	359	79	294	298	252	0.638	0.725
LOKIASV2_3667_ESMFold_hypothetical_protein	AF-P0A9F7-F1-model_v4	AF-P0A9F7-F1-model_v4 Glycine cleavage system transcriptional activator	3.378E-05	1.000	116	30	283	359	63	300	305	272	0.708	0.780
LOKIASV2_3667_ESMFold_hypothetical_protein	AF-Q328Z9-F1-model_v4	AF-Q328Z9-F1-model_v4 HTH-type transcriptional regulator YidZ	1.443E-04	1.000	116	48	278	359	81	318	319	257	0.643	0.746
LOKIASV2_3667_ESMFold_hypothetical_protein	AF-B4SYB4-F1-model_v4	AF-B4SYB4-F1-model_v4 HTH-type transcriptional regulator YidZ	3.008E-05	1.000	116	48	272	359	81	312	319	251	0.627	0.727
LOKIASV2_3667_ESMFold_hypothetical_protein	AF-A8ACM1-F1-model_v4	AF-A8ACM1-F1-model_v4 HTH-type transcriptional regulator YidZ	3.378E-05	1.000	115	30	284	359	65	319	319	283	0.710	0.799
LOKIASV2_3667_ESMFold_hypothetical_protein	AF-Q8ZAA7-F1-model_v4	AF-Q8ZAA7-F1-model_v4 HTH-type transcriptional regulator HdfR	4.261E-05	1.000	114	32	267	359	62	278	293	256	0.657	0.741
LOKIASV2_3667_ESMFold_hypothetical_protein	AF-Q66G51-F1-model_v4	AF-Q66G51-F1-model_v4 HTH-type transcriptional regulator HdfR	5.376E-05	1.000	114	32	267	359	62	278	293	256	0.657	0.741
LOKIASV2_3667_ESMFold_hypothetical_protein	AF-P03030-F1-model_v4	AF-P03030-F1-model_v4 Transcriptional activator protein LysR	1.414E-05	1.000	113	32	275	359	72	301	311	269	0.680	0.740
LOKIASV2_3667_ESMFold_hypothetical_protein	AF-Q47083-F1-model_v4	AF-Q47083-F1-model_v4 HTH-type transcriptional regulator cbl	9.065E-05	1.000	113	29	316	359	59	312	316	312	0.802	0.804
LOKIASV2_3667_ESMFold_hypothetical_protein	AF-B2JZG4-F1-model_v4	AF-B2JZG4-F1-model_v4 HTH-type transcriptional regulator HdfR	5.697E-05	1.000	112	32	267	359	62	278	293	257	0.657	0.741
LOKIASV2_3667_ESMFold_hypothetical_protein	AF-B1JQ39-F1-model_v4	AF-B1JQ39-F1-model_v4 HTH-type transcriptional regulator HdfR	8.554E-05	1.000	111	32	267	359	62	278	293	256	0.657	0.741
LOKIASV2_3667_ESMFold_hypothetical_protein	AF-A1JI47-F1-model_v4	AF-A1JI47-F1-model_v4 HTH-type transcriptional regulator HdfR	1.212E-04	1.000	111	32	273	359	62	280	293	252	0.674	0.747
LOKIASV2_3667_ESMFold_hypothetical_protein	AF-Q8DC96-F1-model_v4	AF-Q8DC96-F1-model_v4 HTH-type transcriptional regulator ArgP	4.021E-05	1.000	111	43	275	359	73	292	298	258	0.649	0.738
LOKIASV2_3667_ESMFold_hypothetical_protein	AF-B5QUQ7-F1-model_v4	AF-B5QUQ7-F1-model_v4 HTH-type transcriptional regulator YidZ	5.376E-05	1.000	111	48	272	359	81	312	319	252	0.627	0.727
LOKIASV2_3667_ESMFold_hypothetical_protein	AF-P52696-F1-model_v4	AF-P52696-F1-model_v4 Uncharacterized HTH-type transcriptional regulator YbhD	4.786E-05	1.000	110	30	279	359	60	316	317	285	0.696	0.811
LOKIASV2_3667_ESMFold_hypothetical_protein	AF-P29822-F1-model_v4	AF-P29822-F1-model_v4 Lactose-binding protein	1.259E-05	1.000	110	37	357	359	6	417	422	446	0.894	0.976
LOKIASV2_3667_ESMFold_hypothetical_protein	AF-P52686-F1-model_v4	AF-P52686-F1-model_v4 SDS degradation transcriptional activation protein	9.607E-05	1.000	109	52	272	359	83	297	306	245	0.616	0.703
LOKIASV2_3667_ESMFold_hypothetical_protein	AF-P19576-F1-model_v4	AF-P19576-F1-model_v4 Maltose/maltodextrin-binding periplasmic protein	1.498E-05	1.000	108	62	356	359	32	394	396	396	0.822	0.917
LOKIASV2_3667_ESMFold_hypothetical_protein	AF-P0A2Q1-F1-model_v4	AF-P0A2Q1-F1-model_v4 HTH-type transcriptional regulator HdfR	1.529E-04	1.000	106	32	267	359	62	269	278	247	0.657	0.748
LOKIASV2_3667_ESMFold_hypothetical_protein	AF-P67660-F1-model_v4	AF-P67660-F1-model_v4 Probable HTH-type transcriptional regulator YhaJ	1.929E-04	1.000	106	30	267	359	64	294	298	259	0.663	0.775
LOKIASV2_3667_ESMFold_hypothetical_protein	AF-P76223-F1-model_v4	AF-P76223-F1-model_v4 Protein YnjB	1.820E-04	1.000	106	36	312	359	10	366	388	377	0.772	0.920
LOKIASV2_3667_ESMFold_hypothetical_protein	AF-P18815-F1-model_v4	AF-P18815-F1-model_v4 Maltose/maltodextrin-binding periplasmic protein	1.188E-05	1.000	106	62	357	359	32	395	396	390	0.825	0.919
LOKIASV2_3667_ESMFold_hypothetical_protein	AF-Q5PJZ0-F1-model_v4	AF-Q5PJZ0-F1-model_v4 HTH-type transcriptional regulator HdfR	2.296E-04	1.000	105	32	267	359	62	269	278	245	0.657	0.748
LOKIASV2_3667_ESMFold_hypothetical_protein	AF-Q1CBT5-F1-model_v4	AF-Q1CBT5-F1-model_v4 HTH-type transcriptional regulator HdfR	1.620E-04	1.000	105	32	267	359	62	278	293	256	0.657	0.741
LOKIASV2_3667_ESMFold_hypothetical_protein	AF-P67661-F1-model_v4	AF-P67661-F1-model_v4 HTH-type transcriptional regulator YhaJ	1.820E-04	1.000	105	30	286	359	64	294	298	273	0.716	0.775
LOKIASV2_3667_ESMFold_hypothetical_protein	AF-O58758-F1-model_v4	AF-O58758-F1-model_v4 Uncharacterized ABC transporter extracellular-binding protein PH1039	2.250E-05	1.000	105	57	339	359	41	410	420	394	0.788	0.881
LOKIASV2_3667_ESMFold_hypothetical_protein	AF-B5BIR0-F1-model_v4	AF-B5BIR0-F1-model_v4 HTH-type transcriptional regulator HdfR	1.820E-04	1.000	104	32	267	359	62	269	278	247	0.657	0.748
LOKIASV2_3667_ESMFold_hypothetical_protein	AF-Q5PCH2-F1-model_v4	AF-Q5PCH2-F1-model_v4 HTH-type transcriptional activator AllS	8.554E-05	1.000	104	30	311	359	59	306	308	316	0.786	0.805
LOKIASV2_3667_ESMFold_hypothetical_protein	AF-P0ACR2-F1-model_v4	AF-P0ACR2-F1-model_v4 Uncharacterized HTH-type transcriptional regulator YdhB	3.252E-04	1.000	104	30	256	359	59	275	310	249	0.632	0.700
LOKIASV2_3667_ESMFold_hypothetical_protein	AF-Q8XB23-F1-model_v4	AF-Q8XB23-F1-model_v4 HTH-type transcriptional regulator YidZ	2.166E-04	1.000	104	47	278	359	81	318	319	255	0.646	0.746
LOKIASV2_3667_ESMFold_hypothetical_protein	AF-Q9S4Y7-F1-model_v4	AF-Q9S4Y7-F1-model_v4 HTH-type transcriptional activator AllS	1.018E-04	1.000	103	30	312	359	59	307	308	313	0.788	0.808
LOKIASV2_3667_ESMFold_hypothetical_protein	AF-P55733-F1-model_v4	AF-P55733-F1-model_v4 HTH-type transcriptional regulator SyrM 2	8.554E-05	1.000	103	38	334	359	92	339	339	323	0.827	0.732
LOKIASV2_3667_ESMFold_hypothetical_protein	AF-Q58421-F1-model_v4	AF-Q58421-F1-model_v4 Phosphate-binding protein PstS	3.794E-05	1.000	103	56	308	359	47	387	389	359	0.705	0.877
LOKIASV2_3667_ESMFold_hypothetical_protein	AF-Q1RF30-F1-model_v4	AF-Q1RF30-F1-model_v4 HTH-type transcriptional activator AllS	4.103E-04	1.000	101	38	268	359	63	290	308	262	0.643	0.740
LOKIASV2_3667_ESMFold_hypothetical_protein	AF-Q8Z8R3-F1-model_v4	AF-Q8Z8R3-F1-model_v4 HTH-type transcriptional activator AllS	1.079E-04	1.000	101	38	272	359	60	300	308	278	0.655	0.782
LOKIASV2_3667_ESMFold_hypothetical_protein	AF-B4SYF7-F1-model_v4	AF-B4SYF7-F1-model_v4 HTH-type transcriptional regulator HdfR	4.348E-04	1.000	100	32	267	359	62	269	278	246	0.657	0.748
LOKIASV2_3667_ESMFold_hypothetical_protein	AF-P55619-F1-model_v4	AF-P55619-F1-model_v4 HTH-type transcriptional regulator SyrM 1	7.771E-04	1.000	100	30	286	359	92	334	338	280	0.716	0.719
LOKIASV2_3667_ESMFold_hypothetical_protein	AF-O69772-F1-model_v4	AF-O69772-F1-model_v4 HTH-type transcriptional activator AmpR	4.608E-04	0.999	99	33	254	359	68	270	292	235	0.618	0.695
LOKIASV2_3667_ESMFold_hypothetical_protein	AF-A9R8E7-F1-model_v4	AF-A9R8E7-F1-model_v4 HTH-type transcriptional regulator HdfR	2.732E-04	0.999	99	32	267	359	62	278	293	257	0.657	0.741
LOKIASV2_3667_ESMFold_hypothetical_protein	AF-C0Q2U0-F1-model_v4	AF-C0Q2U0-F1-model_v4 HTH-type transcriptional regulator HdfR	6.529E-04	0.999	98	32	267	359	62	269	278	245	0.657	0.748
LOKIASV2_3667_ESMFold_hypothetical_protein	AF-P0ACR1-F1-model_v4	AF-P0ACR1-F1-model_v4 HTH-type transcriptional activator AllS	3.653E-04	0.999	98	46	268	359	74	290	308	253	0.621	0.705
LOKIASV2_3667_ESMFold_hypothetical_protein	AF-B5EZ22-F1-model_v4	AF-B5EZ22-F1-model_v4 HTH-type transcriptional regulator HdfR	7.333E-04	0.999	97	32	267	359	62	269	278	245	0.657	0.748
LOKIASV2_3667_ESMFold_hypothetical_protein	AF-B7LUJ5-F1-model_v4	AF-B7LUJ5-F1-model_v4 HTH-type transcriptional regulator HdfR	6.529E-04	0.999	97	32	267	359	62	269	279	247	0.657	0.746
LOKIASV2_3667_ESMFold_hypothetical_protein	AF-P0A8S0-F1-model_v4	AF-P0A8S0-F1-model_v4 HTH-type transcriptional regulator HdfR	6.919E-04	0.999	97	32	267	359	62	269	279	245	0.657	0.746
LOKIASV2_3667_ESMFold_hypothetical_protein	AF-P76369-F1-model_v4	AF-P76369-F1-model_v4 Uncharacterized HTH-type transcriptional regulator YeeY	6.160E-04	0.999	97	30	257	359	60	277	309	251	0.635	0.706
LOKIASV2_3667_ESMFold_hypothetical_protein	AF-B5FN59-F1-model_v4	AF-B5FN59-F1-model_v4 HTH-type transcriptional regulator HdfR	9.250E-04	0.999	96	32	273	359	62	271	278	251	0.674	0.755
LOKIASV2_3667_ESMFold_hypothetical_protein	AF-B1LLU0-F1-model_v4	AF-B1LLU0-F1-model_v4 HTH-type transcriptional regulator HdfR	8.728E-04	0.999	96	32	267	359	62	269	279	247	0.657	0.746
LOKIASV2_3667_ESMFold_hypothetical_protein	AF-P0ACR3-F1-model_v4	AF-P0ACR3-F1-model_v4 Uncharacterized HTH-type transcriptional regulator YdhB	4.103E-04	0.999	96	30	315	359	59	303	310	308	0.797	0.790
LOKIASV2_3667_ESMFold_hypothetical_protein	AF-B7M5B2-F1-model_v4	AF-B7M5B2-F1-model_v4 HTH-type transcriptional regulator HdfR	1.101E-03	0.998	95	32	267	359	62	269	279	247	0.657	0.746
LOKIASV2_3667_ESMFold_hypothetical_protein	AF-A1A8H0-F1-model_v4	AF-A1A8H0-F1-model_v4 HTH-type transcriptional activator AllS	1.167E-03	0.998	95	30	268	359	59	290	308	261	0.666	0.753
LOKIASV2_3667_ESMFold_hypothetical_protein	AF-P0ACR0-F1-model_v4	AF-P0ACR0-F1-model_v4 HTH-type transcriptional activator AllS	4.884E-04	0.998	95	46	268	359	74	290	308	255	0.621	0.705
LOKIASV2_3667_ESMFold_hypothetical_protein	AF-Q1R6S1-F1-model_v4	AF-Q1R6S1-F1-model_v4 HTH-type transcriptional activator TtdR	1.752E-03	0.998	95	30	286	359	63	301	310	281	0.716	0.771
LOKIASV2_3667_ESMFold_hypothetical_protein	AF-P58300-F1-model_v4	AF-P58300-F1-model_v4 Maltotriose-binding protein	8.554E-05	0.998	95	60	355	359	58	430	434	397	0.825	0.859
LOKIASV2_3667_ESMFold_hypothetical_protein	AF-Q1R4H3-F1-model_v4	AF-Q1R4H3-F1-model_v4 HTH-type transcriptional regulator HdfR	9.250E-04	0.998	94	32	273	359	62	271	279	253	0.674	0.753
LOKIASV2_3667_ESMFold_hypothetical_protein	AF-B5YY14-F1-model_v4	AF-B5YY14-F1-model_v4 HTH-type transcriptional regulator HdfR	1.101E-03	0.998	94	32	273	359	62	271	279	253	0.674	0.753
LOKIASV2_3667_ESMFold_hypothetical_protein	AF-Q57S50-F1-model_v4	AF-Q57S50-F1-model_v4 HTH-type transcriptional activator AllS	2.044E-04	0.998	94	30	315	359	59	310	320	319	0.797	0.788
LOKIASV2_3667_ESMFold_hypothetical_protein	AF-P0AEX9-F1-model_v4	AF-P0AEX9-F1-model_v4 Maltose/maltodextrin-binding periplasmic protein	3.794E-05	0.998	94	62	356	359	32	394	396	399	0.822	0.917
LOKIASV2_3667_ESMFold_hypothetical_protein	AF-A8A6M0-F1-model_v4	AF-A8A6M0-F1-model_v4 HTH-type transcriptional regulator HdfR	1.101E-03	0.998	93	32	267	359	62	269	279	249	0.657	0.746
LOKIASV2_3667_ESMFold_hypothetical_protein	AF-P24417-F1-model_v4	AF-P24417-F1-model_v4 Virulence genes transcriptional activator SpvR	2.578E-04	0.998	93	37	275	359	63	295	297	262	0.666	0.785
LOKIASV2_3667_ESMFold_hypothetical_protein	AF-Q8FK66-F1-model_v4	AF-Q8FK66-F1-model_v4 HTH-type transcriptional activator AllS	1.752E-03	0.998	93	30	268	359	59	290	308	265	0.666	0.753
LOKIASV2_3667_ESMFold_hypothetical_protein	AF-B7L8A6-F1-model_v4	AF-B7L8A6-F1-model_v4 HTH-type transcriptional regulator HdfR	1.101E-03	0.997	92	32	273	359	62	271	279	253	0.674	0.753
LOKIASV2_3667_ESMFold_hypothetical_protein	AF-A4TRF4-F1-model_v4	AF-A4TRF4-F1-model_v4 HTH-type transcriptional regulator HdfR	7.333E-04	0.997	92	32	267	359	62	278	293	257	0.657	0.741
LOKIASV2_3667_ESMFold_hypothetical_protein	AF-P0AEY0-F1-model_v4	AF-P0AEY0-F1-model_v4 Maltose/maltodextrin-binding periplasmic protein	5.697E-05	0.997	92	62	356	359	32	394	396	400	0.822	0.917
LOKIASV2_3667_ESMFold_hypothetical_protein	AF-Q329U3-F1-model_v4	AF-Q329U3-F1-model_v4 HTH-type transcriptional regulator HdfR	1.167E-03	0.997	91	32	273	359	62	271	279	254	0.674	0.753
LOKIASV2_3667_ESMFold_hypothetical_protein	AF-B7NU32-F1-model_v4	AF-B7NU32-F1-model_v4 HTH-type transcriptional regulator HdfR	6.919E-04	0.997	91	32	252	359	62	254	279	232	0.616	0.692
LOKIASV2_3667_ESMFold_hypothetical_protein	AF-B1X9Y2-F1-model_v4	AF-B1X9Y2-F1-model_v4 HTH-type transcriptional regulator HdfR	9.250E-04	0.997	91	32	273	359	62	271	279	256	0.674	0.753
LOKIASV2_3667_ESMFold_hypothetical_protein	AF-P14145-F1-model_v4	AF-P14145-F1-model_v4 HTH-type transcriptional activator AmpR	1.752E-03	0.997	91	46	256	359	79	269	289	224	0.588	0.661
LOKIASV2_3667_ESMFold_hypothetical_protein	AF-P77700-F1-model_v4	AF-P77700-F1-model_v4 Uncharacterized HTH-type transcriptional regulator YahB	5.813E-04	0.997	91	30	313	359	62	310	310	312	0.791	0.803
LOKIASV2_3667_ESMFold_hypothetical_protein	AF-Q9V297-F1-model_v4	AF-Q9V297-F1-model_v4 Maltotriose-binding protein	1.443E-04	0.997	91	60	356	359	77	447	453	395	0.827	0.819
LOKIASV2_3667_ESMFold_hypothetical_protein	AF-P13041-F1-model_v4	AF-P13041-F1-model_v4 Virulence genes transcriptional activator	1.144E-04	0.996	90	37	275	359	63	295	297	269	0.666	0.785
LOKIASV2_3667_ESMFold_hypothetical_protein	AF-Q0TKD7-F1-model_v4	AF-Q0TKD7-F1-model_v4 HTH-type transcriptional activator AllS	1.167E-03	0.996	90	46	268	359	74	290	308	253	0.621	0.705
LOKIASV2_3667_ESMFold_hypothetical_protein	AF-P52689-F1-model_v4	AF-P52689-F1-model_v4 Probable HTH-type transcriptional regulator LtrA	5.813E-04	0.996	90	30	255	359	62	277	309	261	0.630	0.699
LOKIASV2_3667_ESMFold_hypothetical_protein	AF-P15363-F1-model_v4	AF-P15363-F1-model_v4 High affinity transport system protein p37	9.803E-04	0.996	90	62	333	359	45	401	403	395	0.758	0.886
LOKIASV2_3667_ESMFold_hypothetical_protein	AF-P59214-F1-model_v4	AF-P59214-F1-model_v4 Maltooligosaccharide ABC transporter solute-binding lipoprotein	4.103E-04	0.996	90	56	355	359	36	415	423	406	0.836	0.898
LOKIASV2_3667_ESMFold_hypothetical_protein	AF-B7NF72-F1-model_v4	AF-B7NF72-F1-model_v4 HTH-type transcriptional regulator HdfR	1.039E-03	0.996	89	32	252	359	62	254	279	232	0.616	0.692
LOKIASV2_3667_ESMFold_hypothetical_protein	AF-A7ZTW7-F1-model_v4	AF-A7ZTW7-F1-model_v4 HTH-type transcriptional regulator HdfR	1.560E-03	0.996	89	32	267	359	62	269	279	247	0.657	0.746
LOKIASV2_3667_ESMFold_hypothetical_protein	AF-P0A2Q0-F1-model_v4	AF-P0A2Q0-F1-model_v4 HTH-type transcriptional regulator HdfR	2.631E-03	0.995	88	32	267	359	62	269	278	245	0.657	0.748
LOKIASV2_3667_ESMFold_hypothetical_protein	AF-Q0SYV7-F1-model_v4	AF-Q0SYV7-F1-model_v4 HTH-type transcriptional regulator HdfR	1.167E-03	0.994	87	32	252	359	62	254	279	233	0.616	0.692
LOKIASV2_3667_ESMFold_hypothetical_protein	AF-C4ZZ35-F1-model_v4	AF-C4ZZ35-F1-model_v4 HTH-type transcriptional regulator HdfR	2.482E-03	0.994	87	32	267	359	62	269	279	250	0.657	0.746
LOKIASV2_3667_ESMFold_hypothetical_protein	AF-B2TU26-F1-model_v4	AF-B2TU26-F1-model_v4 HTH-type transcriptional regulator HdfR	1.560E-03	0.994	87	32	267	359	62	269	279	251	0.657	0.746
LOKIASV2_3667_ESMFold_hypothetical_protein	AF-Q3YVK2-F1-model_v4	AF-Q3YVK2-F1-model_v4 HTH-type transcriptional regulator HdfR	1.237E-03	0.993	86	32	252	359	62	254	279	232	0.616	0.692
LOKIASV2_3667_ESMFold_hypothetical_protein	AF-B6I4A0-F1-model_v4	AF-B6I4A0-F1-model_v4 HTH-type transcriptional regulator HdfR	1.968E-03	0.993	86	32	267	359	62	269	279	248	0.657	0.746
LOKIASV2_3667_ESMFold_hypothetical_protein	AF-O07009-F1-model_v4	AF-O07009-F1-model_v4 Galactooligosaccharide-binding protein	8.554E-05	0.992	85	57	358	359	33	411	421	414	0.841	0.900
LOKIASV2_3667_ESMFold_hypothetical_protein	AF-Q31UM0-F1-model_v4	AF-Q31UM0-F1-model_v4 HTH-type transcriptional regulator HdfR	1.968E-03	0.991	84	32	252	359	62	254	279	232	0.616	0.692
LOKIASV2_3667_ESMFold_hypothetical_protein	AF-B7MGH6-F1-model_v4	AF-B7MGH6-F1-model_v4 HTH-type transcriptional regulator HdfR	1.857E-03	0.991	84	32	252	359	62	254	279	232	0.616	0.692
LOKIASV2_3667_ESMFold_hypothetical_protein	AF-P59213-F1-model_v4	AF-P59213-F1-model_v4 Maltooligosaccharide ABC transporter solute-binding lipoprotein	7.771E-04	0.991	84	56	351	359	36	418	423	406	0.825	0.905
LOKIASV2_3667_ESMFold_hypothetical_protein	AF-Q0TAV4-F1-model_v4	AF-Q0TAV4-F1-model_v4 HTH-type transcriptional regulator HdfR	1.752E-03	0.990	83	32	252	359	62	254	279	232	0.616	0.692
LOKIASV2_3667_ESMFold_hypothetical_protein	AF-P59369-F1-model_v4	AF-P59369-F1-model_v4 HTH-type transcriptional regulator HdfR	2.210E-03	0.988	82	32	252	359	62	254	279	232	0.616	0.692
LOKIASV2_3667_ESMFold_hypothetical_protein	AF-B7N260-F1-model_v4	AF-B7N260-F1-model_v4 HTH-type transcriptional regulator HdfR	1.653E-03	0.988	82	32	252	359	62	254	279	233	0.616	0.692
LOKIASV2_3667_ESMFold_hypothetical_protein	AF-Q8XAW1-F1-model_v4	AF-Q8XAW1-F1-model_v4 HTH-type transcriptional regulator HdfR	6.286E-03	0.986	81	32	273	359	62	271	279	253	0.674	0.753
LOKIASV2_3667_ESMFold_hypothetical_protein	AF-B1IWY2-F1-model_v4	AF-B1IWY2-F1-model_v4 HTH-type transcriptional regulator HdfR	2.631E-03	0.986	81	32	252	359	62	254	279	232	0.616	0.692
LOKIASV2_3667_ESMFold_hypothetical_protein	AF-B7UMM1-F1-model_v4	AF-B7UMM1-F1-model_v4 HTH-type transcriptional regulator HdfR	2.788E-03	0.984	80	32	252	359	62	254	279	232	0.616	0.692
LOKIASV2_3667_ESMFold_hypothetical_protein	AF-Q02UB7-F1-model_v4	AF-Q02UB7-F1-model_v4 Putrescine-binding periplasmic protein SpuD	8.071E-05	0.984	80	62	329	359	29	363	367	374	0.747	0.913
LOKIASV2_3667_ESMFold_hypothetical_protein	AF-O31518-F1-model_v4	AF-O31518-F1-model_v4 Putative ABC transporter substrate-binding protein YesO	9.065E-05	0.978	78	60	356	359	32	422	427	416	0.827	0.916
LOKIASV2_3667_ESMFold_hypothetical_protein	AF-Q9I6J1-F1-model_v4	AF-Q9I6J1-F1-model_v4 Putrescine-binding periplasmic protein SpuD	2.044E-04	0.975	77	62	329	359	29	363	367	376	0.747	0.913
LOKIASV2_3667_ESMFold_hypothetical_protein	AF-P37682-F1-model_v4	AF-P37682-F1-model_v4 Uncharacterized HTH-type transcriptional regulator YiaU	1.060E-02	0.941	71	30	286	359	63	319	324	299	0.716	0.793
LOKIASV2_3667_ESMFold_hypothetical_protein	AF-P75836-F1-model_v4	AF-P75836-F1-model_v4 Uncharacterized HTH-type transcriptional regulator YcaN	7.482E-03	0.923	69	30	266	359	60	296	302	285	0.660	0.785
LOKIASV2_3667_ESMFold_hypothetical_protein	AF-Q00749-F1-model_v4	AF-Q00749-F1-model_v4 Multiple sugar-binding protein	1.752E-03	0.855	64	56	357	359	29	420	420	425	0.841	0.933
LOKIASV2_3667_ESMFold_hypothetical_protein	AF-P0A5Y3-F1-model_v4	AF-P0A5Y3-F1-model_v4 Phosphate-binding protein PstS 3	3.727E-03	0.837	63	62	309	359	50	370	370	353	0.691	0.868
LOKIASV2_3667_ESMFold_hypothetical_protein	AF-A0A0H3MBK5-F1-model_v4	AF-A0A0H3MBK5-F1-model_v4 Phosphate-binding protein PstS3	7.060E-03	0.720	58	62	309	359	50	370	370	352	0.691	0.868
LOKIASV2_3667_ESMFold_hypothetical_protein	AF-Q55471-F1-model_v4	AF-Q55471-F1-model_v4 Osmoprotective compounds-binding protein GgtB	1.417E-02	0.632	55	57	307	359	27	418	421	406	0.699	0.931
LOKIASV2_3667_ESMFold_hypothetical_protein	AF-O04660-F1-model_v4	AF-O04660-F1-model_v4 Glutamate receptor 2.1	9.087E-02	0.601	54	58	353	359	449	863	901	465	0.825	0.461
LOKIASV2_3667_ESMFold_hypothetical_protein	AF-A9L1P1-F1-model_v4	AF-A9L1P1-F1-model_v4 Inosine/xanthosine triphosphatase	3.260E-01	0.442	49	60	120	359	3	81	186	82	0.170	0.425
LOKIASV2_3667_ESMFold_hypothetical_protein	AF-Q08640-F1-model_v4	AF-Q08640-F1-model_v4 Uncharacterized protein in bglA 3'region	8.255E-01	0.411	48	30	130	359	1	95	98	107	0.281	0.969
LOKIASV2_3667_ESMFold_hypothetical_protein	AF-A6WS92-F1-model_v4	AF-A6WS92-F1-model_v4 Inosine/xanthosine triphosphatase	3.260E-01	0.411	48	60	121	359	3	82	186	86	0.173	0.430
LOKIASV2_3667_ESMFold_hypothetical_protein	AF-P42261-F1-model_v4	AF-P42261-F1-model_v4 Glutamate receptor 1	1.532E-01	0.326	45	56	351	359	402	852	906	490	0.825	0.498
LOKIASV2_3667_ESMFold_hypothetical_protein	AF-O87883-F1-model_v4	AF-O87883-F1-model_v4 Probable hydrogen peroxide-inducible genes activator	1.314E+00	0.233	41	33	118	359	76	150	189	89	0.240	0.397
LOKIASV2_3667_ESMFold_hypothetical_protein	AF-Q9Z3R5-F1-model_v4	AF-Q9Z3R5-F1-model_v4 Alpha-glucosides-binding periplasmic protein AglE	2.301E-01	0.233	41	62	210	359	58	252	458	204	0.415	0.426
LOKIASV2_3667_ESMFold_hypothetical_protein	AF-Q1QMB5-F1-model_v4	AF-Q1QMB5-F1-model_v4 6,7-dimethyl-8-ribityllumazine synthase	5.188E-01	0.214	40	63	118	359	18	82	163	67	0.156	0.399
LOKIASV2_3667_ESMFold_hypothetical_protein	AF-Q0HM78-F1-model_v4	AF-Q0HM78-F1-model_v4 Inosine/xanthosine triphosphatase	2.903E-01	0.214	40	60	120	359	3	77	179	77	0.170	0.419
LOKIASV2_3667_ESMFold_hypothetical_protein	AF-A0L0M2-F1-model_v4	AF-A0L0M2-F1-model_v4 Inosine/xanthosine triphosphatase	3.076E-01	0.214	40	60	120	359	3	77	179	77	0.170	0.419
LOKIASV2_3667_ESMFold_hypothetical_protein	AF-Q9HCD5-F1-model_v4	AF-Q9HCD5-F1-model_v4 Nuclear receptor coactivator 5	4.358E-01	0.214	40	1	129	359	120	264	579	150	0.359	0.250
LOKIASV2_3667_ESMFold_hypothetical_protein	AF-Q1JAN3-F1-model_v4	AF-Q1JAN3-F1-model_v4 Shikimate dehydrogenase (NADP(+))	1.657E+00	0.196	39	62	126	359	9	77	292	71	0.181	0.236
LOKIASV2_3667_ESMFold_hypothetical_protein	AF-Q16CZ0-F1-model_v4	AF-Q16CZ0-F1-model_v4 Shikimate dehydrogenase (NADP(+))	1.475E+00	0.179	38	57	122	359	2	67	277	69	0.184	0.238
LOKIASV2_3667_ESMFold_hypothetical_protein	AF-Q2PBL7-F1-model_v4	AF-Q2PBL7-F1-model_v4 Autoinducer 2-binding protein LsrB	3.881E-01	0.179	38	57	216	359	21	212	339	207	0.446	0.566
LOKIASV2_3667_ESMFold_hypothetical_protein	AF-A9R0S5-F1-model_v4	AF-A9R0S5-F1-model_v4 Autoinducer 2-binding protein LsrB	3.881E-01	0.179	38	57	216	359	21	212	339	212	0.446	0.566
LOKIASV2_3667_ESMFold_hypothetical_protein	AF-Q1C135-F1-model_v4	AF-Q1C135-F1-model_v4 Autoinducer 2-binding protein LsrB	3.881E-01	0.179	38	57	216	359	21	212	339	212	0.446	0.566
LOKIASV2_3667_ESMFold_hypothetical_protein	AF-A8A069-F1-model_v4	AF-A8A069-F1-model_v4 Autoinducer 2-binding protein LsrB	3.662E-01	0.179	38	56	216	359	21	213	340	212	0.448	0.568
LOKIASV2_3667_ESMFold_hypothetical_protein	AF-B1XEA4-F1-model_v4	AF-B1XEA4-F1-model_v4 Autoinducer 2-binding protein LsrB	3.455E-01	0.179	38	56	216	359	21	213	340	212	0.448	0.568
LOKIASV2_3667_ESMFold_hypothetical_protein	AF-P61726-F1-model_v4	AF-P61726-F1-model_v4 6,7-dimethyl-8-ribityllumazine synthase 1	8.255E-01	0.164	37	57	118	359	12	82	163	73	0.173	0.436
LOKIASV2_3667_ESMFold_hypothetical_protein	AF-P43163-F1-model_v4	AF-P43163-F1-model_v4 Extracellular small neutral protease	1.972E+00	0.164	37	22	96	359	39	119	229	81	0.209	0.354
LOKIASV2_3667_ESMFold_hypothetical_protein	AF-Q8CP09-F1-model_v4	AF-Q8CP09-F1-model_v4 Shikimate dehydrogenase (NADP(+))	5.827E-01	0.164	37	61	134	359	2	72	272	80	0.206	0.261
LOKIASV2_3667_ESMFold_hypothetical_protein	AF-A4WER1-F1-model_v4	AF-A4WER1-F1-model_v4 Autoinducer 2-binding protein LsrB	2.739E-01	0.164	37	57	210	359	15	196	333	205	0.429	0.547
LOKIASV2_3667_ESMFold_hypothetical_protein	AF-A4TQL8-F1-model_v4	AF-A4TQL8-F1-model_v4 Autoinducer 2-binding protein LsrB	5.188E-01	0.164	37	57	216	359	21	212	339	207	0.446	0.566
LOKIASV2_3667_ESMFold_hypothetical_protein	AF-B2K3F8-F1-model_v4	AF-B2K3F8-F1-model_v4 Autoinducer 2-binding protein LsrB	4.113E-01	0.164	37	57	217	359	21	214	339	209	0.448	0.572
LOKIASV2_3667_ESMFold_hypothetical_protein	AF-P0C888-F1-model_v4	AF-P0C888-F1-model_v4 Autoinducer 2-binding protein LsrB	4.358E-01	0.164	37	56	216	359	21	213	340	212	0.448	0.568
LOKIASV2_3667_ESMFold_hypothetical_protein	AF-A9MZG4-F1-model_v4	AF-A9MZG4-F1-model_v4 Autoinducer 2-binding protein LsrB	3.455E-01	0.164	37	57	210	359	22	203	340	203	0.429	0.535
LOKIASV2_3667_ESMFold_hypothetical_protein	AF-Q8Z2X8-F1-model_v4	AF-Q8Z2X8-F1-model_v4 Autoinducer 2-binding protein LsrB	4.113E-01	0.164	37	57	210	359	22	203	340	203	0.429	0.535
LOKIASV2_3667_ESMFold_hypothetical_protein	AF-Q65X70-F1-model_v4	AF-Q65X70-F1-model_v4 Probable glycerol-3-phosphate dehydrogenase [NAD(+)] 3, cytosolic	1.475E+00	0.164	37	38	100	359	13	74	465	63	0.175	0.133
LOKIASV2_3667_ESMFold_hypothetical_protein	AF-Q9Z1X9-F1-model_v4	AF-Q9Z1X9-F1-model_v4 Cell division control protein 45 homolog	1.657E+00	0.164	37	63	116	359	17	70	566	56	0.150	0.095
LOKIASV2_3667_ESMFold_hypothetical_protein	AF-P0A3Z8-F1-model_v4	AF-P0A3Z8-F1-model_v4 Extracellular small neutral protease	2.962E+00	0.150	36	25	101	359	43	119	227	77	0.214	0.339
LOKIASV2_3667_ESMFold_hypothetical_protein	AF-Q74PW2-F1-model_v4	AF-Q74PW2-F1-model_v4 Autoinducer 2-binding protein LsrB	5.188E-01	0.150	36	57	216	359	21	212	339	212	0.446	0.566
LOKIASV2_3667_ESMFold_hypothetical_protein	AF-Q1CN18-F1-model_v4	AF-Q1CN18-F1-model_v4 Autoinducer 2-binding protein LsrB	5.188E-01	0.150	36	57	216	359	21	212	339	212	0.446	0.566
LOKIASV2_3667_ESMFold_hypothetical_protein	AF-Q5PJE4-F1-model_v4	AF-Q5PJE4-F1-model_v4 Autoinducer 2-binding protein LsrB	4.113E-01	0.150	36	57	210	359	22	203	340	203	0.429	0.535
LOKIASV2_3667_ESMFold_hypothetical_protein	AF-Q8RFS6-F1-model_v4	AF-Q8RFS6-F1-model_v4 Threonine--tRNA ligase	1.240E+00	0.150	36	63	120	359	521	577	620	58	0.162	0.092
LOKIASV2_3667_ESMFold_hypothetical_protein	AF-A4RD09-F1-model_v4	AF-A4RD09-F1-model_v4 Pentafunctional AROM polypeptide	1.756E+00	0.150	36	58	122	359	1294	1357	1590	67	0.181	0.040
LOKIASV2_3667_ESMFold_hypothetical_protein	AF-Q8ZKQ1-F1-model_v4	AF-Q8ZKQ1-F1-model_v4 Autoinducer 2-binding protein LsrB	5.827E-01	0.138	35	57	210	359	22	203	340	203	0.429	0.535
LOKIASV2_3667_ESMFold_hypothetical_protein	AF-Q44856-F1-model_v4	AF-Q44856-F1-model_v4 Disulfide bond formation protein	2.215E+00	0.126	34	30	111	359	1	86	118	86	0.228	0.729
LOKIASV2_3667_ESMFold_hypothetical_protein	AF-Q7MNK7-F1-model_v4	AF-Q7MNK7-F1-model_v4 Inosine/xanthosine triphosphatase	1.240E+00	0.126	34	57	119	359	3	80	183	80	0.175	0.426
LOKIASV2_3667_ESMFold_hypothetical_protein	AF-P43164-F1-model_v4	AF-P43164-F1-model_v4 Extracellular small neutral protease	1.475E+00	0.126	34	1	100	359	22	113	215	104	0.279	0.428
LOKIASV2_3667_ESMFold_hypothetical_protein	AF-Q2NGK8-F1-model_v4	AF-Q2NGK8-F1-model_v4 Shikimate dehydrogenase (NADP(+))	2.584E-01	0.126	34	62	219	359	6	175	283	195	0.440	0.601
LOKIASV2_3667_ESMFold_hypothetical_protein	AF-B7KFV3-F1-model_v4	AF-B7KFV3-F1-model_v4 Shikimate dehydrogenase (NADP(+))	1.972E+00	0.126	34	62	122	359	8	69	288	69	0.170	0.215
LOKIASV2_3667_ESMFold_hypothetical_protein	AF-Q9ZDG2-F1-model_v4	AF-Q9ZDG2-F1-model_v4 Uncharacterized protein RP367	1.041E+00	0.126	34	14	209	359	6	184	303	214	0.546	0.591
LOKIASV2_3667_ESMFold_hypothetical_protein	AF-B1JLQ3-F1-model_v4	AF-B1JLQ3-F1-model_v4 Autoinducer 2-binding protein LsrB	4.895E-01	0.126	34	57	217	359	21	214	339	215	0.448	0.572
LOKIASV2_3667_ESMFold_hypothetical_protein	AF-Q66EZ2-F1-model_v4	AF-Q66EZ2-F1-model_v4 Autoinducer 2-binding protein LsrB	4.895E-01	0.126	34	57	217	359	21	214	339	215	0.448	0.572
LOKIASV2_3667_ESMFold_hypothetical_protein	AF-A1JJ52-F1-model_v4	AF-A1JJ52-F1-model_v4 Autoinducer 2-binding protein LsrB	6.175E-01	0.126	34	57	216	359	26	217	344	213	0.446	0.558
LOKIASV2_3667_ESMFold_hypothetical_protein	AF-Q1BKI8-F1-model_v4	AF-Q1BKI8-F1-model_v4 Probable malate:quinone oxidoreductase	1.624E-01	0.126	34	29	157	359	1	152	553	167	0.359	0.275
LOKIASV2_3667_ESMFold_hypothetical_protein	AF-B6JGI3-F1-model_v4	AF-B6JGI3-F1-model_v4 6,7-dimethyl-8-ribityllumazine synthase	1.475E+00	0.116	33	63	118	359	18	82	163	67	0.156	0.399
LOKIASV2_3667_ESMFold_hypothetical_protein	AF-A7H6S7-F1-model_v4	AF-A7H6S7-F1-model_v4 Shikimate dehydrogenase (NADP(+))	1.756E+00	0.116	33	62	135	359	6	76	279	78	0.206	0.254
LOKIASV2_3667_ESMFold_hypothetical_protein	AF-Q2J0J8-F1-model_v4	AF-Q2J0J8-F1-model_v4 Shikimate dehydrogenase (NADP(+))	2.488E+00	0.116	33	57	122	359	4	68	280	68	0.184	0.232
LOKIASV2_3667_ESMFold_hypothetical_protein	AF-A2BZ92-F1-model_v4	AF-A2BZ92-F1-model_v4 Shikimate dehydrogenase (NADP(+))	4.113E-01	0.116	33	57	171	359	3	127	285	136	0.320	0.439
LOKIASV2_3667_ESMFold_hypothetical_protein	AF-Q3ZZN3-F1-model_v4	AF-Q3ZZN3-F1-model_v4 Shikimate dehydrogenase (NADP(+))	2.962E+00	0.116	33	63	122	359	7	67	286	63	0.167	0.213
LOKIASV2_3667_ESMFold_hypothetical_protein	AF-B0JPM6-F1-model_v4	AF-B0JPM6-F1-model_v4 Shikimate dehydrogenase (NADP(+))	1.972E+00	0.116	33	62	134	359	8	78	286	78	0.203	0.248
LOKIASV2_3667_ESMFold_hypothetical_protein	AF-Q57HE0-F1-model_v4	AF-Q57HE0-F1-model_v4 Autoinducer 2-binding protein LsrB	7.350E-01	0.116	33	57	210	359	22	203	340	205	0.429	0.535
LOKIASV2_3667_ESMFold_hypothetical_protein	AF-Q91W39-F1-model_v4	AF-Q91W39-F1-model_v4 Nuclear receptor coactivator 5	1.475E+00	0.116	33	1	129	359	120	264	579	150	0.359	0.250
LOKIASV2_3667_ESMFold_hypothetical_protein	AF-Q0D0F3-F1-model_v4	AF-Q0D0F3-F1-model_v4 Pentafunctional AROM polypeptide	1.933E-01	0.116	33	59	206	359	1287	1448	1581	182	0.412	0.102
LOKIASV2_3667_ESMFold_hypothetical_protein	AF-Q9A8J4-F1-model_v4	AF-Q9A8J4-F1-model_v4 6,7-dimethyl-8-ribityllumazine synthase 2	4.619E-01	0.106	32	60	132	359	3	61	154	77	0.203	0.383
LOKIASV2_3667_ESMFold_hypothetical_protein	AF-Q0HRK8-F1-model_v4	AF-Q0HRK8-F1-model_v4 Inosine/xanthosine triphosphatase	1.392E+00	0.106	32	60	120	359	3	77	179	77	0.170	0.419
LOKIASV2_3667_ESMFold_hypothetical_protein	AF-Q9PFN3-F1-model_v4	AF-Q9PFN3-F1-model_v4 Shikimate dehydrogenase (NADP(+))	2.348E+00	0.106	32	63	128	359	4	72	282	69	0.184	0.245
LOKIASV2_3667_ESMFold_hypothetical_protein	AF-A8G7L0-F1-model_v4	AF-A8G7L0-F1-model_v4 Shikimate dehydrogenase (NADP(+))	2.049E-01	0.106	32	57	211	359	3	185	286	199	0.432	0.640
LOKIASV2_3667_ESMFold_hypothetical_protein	AF-Q2JMQ3-F1-model_v4	AF-Q2JMQ3-F1-model_v4 Shikimate dehydrogenase (NADP(+))	2.171E-01	0.106	32	62	223	359	9	177	288	204	0.451	0.587
LOKIASV2_3667_ESMFold_hypothetical_protein	AF-Q0HFL6-F1-model_v4	AF-Q0HFL6-F1-model_v4 Sulfite reductase [NADPH] flavoprotein alpha-component	5.188E-01	0.106	32	1	135	359	6	141	604	161	0.376	0.225
LOKIASV2_3667_ESMFold_hypothetical_protein	AF-O74113-F1-model_v4	AF-O74113-F1-model_v4 Cell division control protein 45 homolog	7.077E+00	0.106	32	46	111	359	9	72	638	66	0.184	0.100
LOKIASV2_3667_ESMFold_hypothetical_protein	AF-Q08A18-F1-model_v4	AF-Q08A18-F1-model_v4 Shikimate dehydrogenase (NADP(+))	2.637E+00	0.098	31	61	131	359	1	71	277	75	0.198	0.256
LOKIASV2_3667_ESMFold_hypothetical_protein	AF-A6UU64-F1-model_v4	AF-A6UU64-F1-model_v4 Shikimate dehydrogenase (NADP(+))	8.255E-01	0.098	31	62	171	359	6	128	278	136	0.306	0.442
LOKIASV2_3667_ESMFold_hypothetical_protein	AF-Q87BC5-F1-model_v4	AF-Q87BC5-F1-model_v4 Shikimate dehydrogenase (NADP(+))	2.962E+00	0.098	31	63	122	359	4	64	282	61	0.167	0.216
LOKIASV2_3667_ESMFold_hypothetical_protein	AF-B0U410-F1-model_v4	AF-B0U410-F1-model_v4 Shikimate dehydrogenase (NADP(+))	2.795E+00	0.098	31	63	122	359	4	64	282	61	0.167	0.216
LOKIASV2_3667_ESMFold_hypothetical_protein	AF-Q8PFE9-F1-model_v4	AF-Q8PFE9-F1-model_v4 Shikimate dehydrogenase (NADP(+))	2.739E-01	0.098	31	61	213	359	2	164	283	187	0.426	0.576
LOKIASV2_3667_ESMFold_hypothetical_protein	AF-Q3Z990-F1-model_v4	AF-Q3Z990-F1-model_v4 Shikimate dehydrogenase (NADP(+))	4.713E+00	0.098	31	63	122	359	7	67	286	65	0.167	0.213
LOKIASV2_3667_ESMFold_hypothetical_protein	AF-B1WUG7-F1-model_v4	AF-B1WUG7-F1-model_v4 Shikimate dehydrogenase (NADP(+))	3.525E+00	0.098	31	62	122	359	8	69	288	65	0.170	0.215
LOKIASV2_3667_ESMFold_hypothetical_protein	AF-Q3M8H2-F1-model_v4	AF-Q3M8H2-F1-model_v4 Shikimate dehydrogenase (NADP(+))	2.215E+00	0.098	31	62	134	359	6	76	289	79	0.203	0.246
LOKIASV2_3667_ESMFold_hypothetical_protein	AF-A6TEB5-F1-model_v4	AF-A6TEB5-F1-model_v4 Autoinducer 2-binding protein LsrB	2.301E-01	0.098	31	57	305	359	15	269	333	323	0.694	0.766
LOKIASV2_3667_ESMFold_hypothetical_protein	AF-Q9I2Q2-F1-model_v4	AF-Q9I2Q2-F1-model_v4 Methionine synthase	3.736E+00	0.098	31	44	113	359	731	803	1234	75	0.195	0.059
LOKIASV2_3667_ESMFold_hypothetical_protein	AF-Q978S5-F1-model_v4	AF-Q978S5-F1-model_v4 Shikimate dehydrogenase (NADP(+))	5.498E-01	0.090	30	60	217	359	3	167	267	188	0.440	0.618
LOKIASV2_3667_ESMFold_hypothetical_protein	AF-O67049-F1-model_v4	AF-O67049-F1-model_v4 Shikimate dehydrogenase (NADP(+))	4.358E-01	0.090	30	57	211	359	3	181	269	200	0.432	0.665
LOKIASV2_3667_ESMFold_hypothetical_protein	AF-B2FMH7-F1-model_v4	AF-B2FMH7-F1-model_v4 Shikimate dehydrogenase (NADP(+))	6.936E-01	0.090	30	61	213	359	2	163	281	174	0.426	0.577
LOKIASV2_3667_ESMFold_hypothetical_protein	AF-A1B5V3-F1-model_v4	AF-A1B5V3-F1-model_v4 Shikimate dehydrogenase (NADP(+))	3.736E+00	0.090	30	57	136	359	7	82	282	80	0.223	0.270
LOKIASV2_3667_ESMFold_hypothetical_protein	AF-Q8K9P3-F1-model_v4	AF-Q8K9P3-F1-model_v4 Histidine--tRNA ligase	3.326E+00	0.090	30	50	120	359	314	386	428	74	0.198	0.171
LOKIASV2_3667_ESMFold_hypothetical_protein	AF-O22216-F1-model_v4	AF-O22216-F1-model_v4 Glycerol-3-phosphate dehydrogenase [NAD(+)] GPDHC1, cytosolic	3.139E+00	0.090	30	23	100	359	6	78	462	78	0.217	0.158
LOKIASV2_3667_ESMFold_hypothetical_protein	AF-P0A3Z7-F1-model_v4	AF-P0A3Z7-F1-model_v4 Extracellular small neutral protease	3.525E+00	0.082	29	1	101	359	31	119	227	101	0.281	0.392
LOKIASV2_3667_ESMFold_hypothetical_protein	AF-C3L5T8-F1-model_v4	AF-C3L5T8-F1-model_v4 Shikimate dehydrogenase (NADP(+))	3.139E+00	0.082	29	61	135	359	1	72	277	80	0.209	0.260
LOKIASV2_3667_ESMFold_hypothetical_protein	AF-Q3BN06-F1-model_v4	AF-Q3BN06-F1-model_v4 Shikimate dehydrogenase (NADP(+))	4.619E-01	0.082	29	61	213	359	3	164	283	184	0.426	0.572
LOKIASV2_3667_ESMFold_hypothetical_protein	AF-Q7UZG2-F1-model_v4	AF-Q7UZG2-F1-model_v4 Shikimate dehydrogenase (NADP(+))	3.881E-01	0.082	29	62	211	359	6	185	285	194	0.418	0.632
LOKIASV2_3667_ESMFold_hypothetical_protein	AF-Q317T6-F1-model_v4	AF-Q317T6-F1-model_v4 Shikimate dehydrogenase (NADP(+))	6.544E-01	0.082	29	57	181	359	3	142	286	157	0.348	0.490
LOKIASV2_3667_ESMFold_hypothetical_protein	AF-Q2JRC6-F1-model_v4	AF-Q2JRC6-F1-model_v4 Shikimate dehydrogenase (NADP(+))	3.881E-01	0.082	29	62	217	359	9	172	291	198	0.435	0.564
LOKIASV2_3667_ESMFold_hypothetical_protein	AF-A8NSD1-F1-model_v4	AF-A8NSD1-F1-model_v4 Thiamine thiazole synthase	5.827E-01	0.082	29	43	131	359	41	125	313	93	0.248	0.272
LOKIASV2_3667_ESMFold_hypothetical_protein	AF-A1VBE8-F1-model_v4	AF-A1VBE8-F1-model_v4 UDP-N-acetylglucosamine--N-acetylmuramyl-(pentapeptide) pyrophosphoryl-undecaprenol N-acetylglucosamine transferase	3.960E+00	0.082	29	62	116	359	3	54	365	55	0.153	0.142
LOKIASV2_3667_ESMFold_hypothetical_protein	AF-Q728U8-F1-model_v4	AF-Q728U8-F1-model_v4 UDP-N-acetylglucosamine--N-acetylmuramyl-(pentapeptide) pyrophosphoryl-undecaprenol N-acetylglucosamine transferase	3.960E+00	0.082	29	62	116	359	3	54	365	55	0.153	0.142
LOKIASV2_3667_ESMFold_hypothetical_protein	AF-Q3TZM9-F1-model_v4	AF-Q3TZM9-F1-model_v4 GDP-Man:Man(3)GlcNAc(2)-PP-Dol alpha-1,2-mannosyltransferase	6.544E-01	0.082	29	1	133	359	1	145	492	157	0.370	0.295
LOKIASV2_3667_ESMFold_hypothetical_protein	AF-A0KTH4-F1-model_v4	AF-A0KTH4-F1-model_v4 Sulfite reductase [NADPH] flavoprotein alpha-component	1.104E+00	0.082	29	7	135	359	12	141	604	152	0.359	0.215
LOKIASV2_3667_ESMFold_hypothetical_protein	AF-Q8EAZ9-F1-model_v4	AF-Q8EAZ9-F1-model_v4 Sulfite reductase [NADPH] flavoprotein alpha-component	1.104E+00	0.082	29	26	135	359	25	142	607	137	0.306	0.194
LOKIASV2_3667_ESMFold_hypothetical_protein	AF-Q057D3-F1-model_v4	AF-Q057D3-F1-model_v4 Shikimate dehydrogenase (NADP(+))	6.544E-01	0.076	28	56	215	359	4	172	280	193	0.446	0.604
LOKIASV2_3667_ESMFold_hypothetical_protein	AF-A5UMF6-F1-model_v4	AF-A5UMF6-F1-model_v4 Shikimate dehydrogenase (NADP(+))	4.113E-01	0.076	28	62	212	359	6	186	281	205	0.421	0.644
LOKIASV2_3667_ESMFold_hypothetical_protein	AF-B0RXX4-F1-model_v4	AF-B0RXX4-F1-model_v4 Shikimate dehydrogenase (NADP(+))	6.175E-01	0.076	28	62	213	359	3	164	283	182	0.423	0.572
LOKIASV2_3667_ESMFold_hypothetical_protein	AF-Q4UPE3-F1-model_v4	AF-Q4UPE3-F1-model_v4 Shikimate dehydrogenase (NADP(+))	5.827E-01	0.076	28	61	213	359	2	164	283	187	0.426	0.576
LOKIASV2_3667_ESMFold_hypothetical_protein	AF-Q8P3W6-F1-model_v4	AF-Q8P3W6-F1-model_v4 Shikimate dehydrogenase (NADP(+))	4.619E-01	0.076	28	62	213	359	3	164	283	186	0.423	0.572
LOKIASV2_3667_ESMFold_hypothetical_protein	AF-A3PFJ4-F1-model_v4	AF-A3PFJ4-F1-model_v4 Shikimate dehydrogenase (NADP(+))	4.358E-01	0.076	28	62	171	359	6	127	286	136	0.306	0.427
LOKIASV2_3667_ESMFold_hypothetical_protein	AF-A2BTT7-F1-model_v4	AF-A2BTT7-F1-model_v4 Shikimate dehydrogenase (NADP(+))	4.895E-01	0.076	28	57	219	359	3	172	286	190	0.454	0.594
LOKIASV2_3667_ESMFold_hypothetical_protein	AF-Q8YVC1-F1-model_v4	AF-Q8YVC1-F1-model_v4 Shikimate dehydrogenase (NADP(+))	9.826E-01	0.076	28	62	171	359	6	129	289	142	0.306	0.429
LOKIASV2_3667_ESMFold_hypothetical_protein	AF-P02925-F1-model_v4	AF-P02925-F1-model_v4 Ribose import binding protein RbsB	1.314E+00	0.076	28	56	215	359	20	206	296	201	0.446	0.632
LOKIASV2_3667_ESMFold_hypothetical_protein	AF-Q09845-F1-model_v4	AF-Q09845-F1-model_v4 Glycerol-3-phosphate dehydrogenase [NAD(+)] 2	4.995E+00	0.076	28	37	95	359	3	60	373	62	0.164	0.155
LOKIASV2_3667_ESMFold_hypothetical_protein	AF-A0AWY9-F1-model_v4	AF-A0AWY9-F1-model_v4 Probable malate:quinone oxidoreductase	5.498E-01	0.076	28	29	157	359	1	152	553	167	0.359	0.275
LOKIASV2_3667_ESMFold_hypothetical_protein	AF-Q08032-F1-model_v4	AF-Q08032-F1-model_v4 Cell division control protein 45	8.927E+00	0.076	28	47	116	359	10	79	650	71	0.195	0.108
LOKIASV2_3667_ESMFold_hypothetical_protein	AF-A1CP85-F1-model_v4	AF-A1CP85-F1-model_v4 Pentafunctional AROM polypeptide	7.790E-01	0.076	28	55	216	359	1282	1456	1587	195	0.451	0.110
LOKIASV2_3667_ESMFold_hypothetical_protein	AF-B5YE16-F1-model_v4	AF-B5YE16-F1-model_v4 Shikimate dehydrogenase (NADP(+))	4.447E+00	0.069	27	63	122	359	7	67	275	65	0.167	0.222
LOKIASV2_3667_ESMFold_hypothetical_protein	AF-Q6N1S9-F1-model_v4	AF-Q6N1S9-F1-model_v4 Shikimate dehydrogenase (NADP(+))	5.945E+00	0.069	27	57	136	359	1	76	278	82	0.223	0.273
LOKIASV2_3667_ESMFold_hypothetical_protein	AF-Q11CM4-F1-model_v4	AF-Q11CM4-F1-model_v4 Shikimate dehydrogenase (NADP(+))	1.170E+00	0.069	27	57	212	359	1	164	279	186	0.435	0.588
LOKIASV2_3667_ESMFold_hypothetical_protein	AF-A8IFY6-F1-model_v4	AF-A8IFY6-F1-model_v4 Shikimate dehydrogenase (NADP(+))	5.610E+00	0.069	27	63	131	359	2	70	281	71	0.192	0.246
LOKIASV2_3667_ESMFold_hypothetical_protein	AF-A6UNU0-F1-model_v4	AF-A6UNU0-F1-model_v4 Shikimate dehydrogenase (NADP(+))	1.240E+00	0.069	27	57	171	359	3	128	284	140	0.320	0.444
LOKIASV2_3667_ESMFold_hypothetical_protein	AF-Q1QP91-F1-model_v4	AF-Q1QP91-F1-model_v4 Shikimate dehydrogenase (NADP(+))	5.610E+00	0.069	27	57	136	359	4	79	285	82	0.223	0.267
LOKIASV2_3667_ESMFold_hypothetical_protein	AF-Q8DLA6-F1-model_v4	AF-Q8DLA6-F1-model_v4 Shikimate dehydrogenase (NADP(+))	8.255E-01	0.069	27	62	211	359	8	186	286	211	0.418	0.626
LOKIASV2_3667_ESMFold_hypothetical_protein	AF-P0A2C6-F1-model_v4	AF-P0A2C6-F1-model_v4 Ribose import binding protein RbsB	2.795E+00	0.069	27	57	215	359	23	206	296	200	0.443	0.622
LOKIASV2_3667_ESMFold_hypothetical_protein	AF-P0A2C5-F1-model_v4	AF-P0A2C5-F1-model_v4 Ribose import binding protein RbsB	1.170E+00	0.069	27	57	215	359	23	230	296	226	0.443	0.703
LOKIASV2_3667_ESMFold_hypothetical_protein	AF-B8DP79-F1-model_v4	AF-B8DP79-F1-model_v4 UDP-N-acetylglucosamine--N-acetylmuramyl-(pentapeptide) pyrophosphoryl-undecaprenol N-acetylglucosamine transferase	5.293E+00	0.069	27	62	115	359	3	53	382	54	0.150	0.134
LOKIASV2_3667_ESMFold_hypothetical_protein	AF-A6TD49-F1-model_v4	AF-A6TD49-F1-model_v4 Sulfite reductase [NADPH] flavoprotein alpha-component	1.657E+00	0.069	27	1	97	359	1	97	599	112	0.270	0.162
LOKIASV2_3667_ESMFold_hypothetical_protein	AF-Q1CLS8-F1-model_v4	AF-Q1CLS8-F1-model_v4 Sulfite reductase [NADPH] flavoprotein alpha-component	2.488E+00	0.069	27	1	97	359	1	97	612	105	0.270	0.158
LOKIASV2_3667_ESMFold_hypothetical_protein	AF-P0CI62-F1-model_v4	AF-P0CI62-F1-model_v4 Quinate repressor protein	9.826E-01	0.069	27	56	171	359	504	643	820	156	0.323	0.171
LOKIASV2_3667_ESMFold_hypothetical_protein	AF-P07547-F1-model_v4	AF-P07547-F1-model_v4 Pentafunctional AROM polypeptide	1.624E-01	0.069	27	55	340	359	1282	1577	1583	343	0.797	0.187
LOKIASV2_3667_ESMFold_hypothetical_protein	AF-B2ICH3-F1-model_v4	AF-B2ICH3-F1-model_v4 6,7-dimethyl-8-ribityllumazine synthase	5.610E+00	0.063	26	62	118	359	20	82	181	65	0.159	0.348
LOKIASV2_3667_ESMFold_hypothetical_protein	AF-A0B880-F1-model_v4	AF-A0B880-F1-model_v4 Thiamine thiazole synthase	1.041E+00	0.063	26	43	131	359	6	88	262	94	0.248	0.317
LOKIASV2_3667_ESMFold_hypothetical_protein	AF-B8E257-F1-model_v4	AF-B8E257-F1-model_v4 Shikimate dehydrogenase (NADP(+))	4.196E+00	0.063	26	62	134	359	6	75	275	78	0.203	0.255
LOKIASV2_3667_ESMFold_hypothetical_protein	AF-Q818D0-F1-model_v4	AF-Q818D0-F1-model_v4 Shikimate dehydrogenase (NADP(+))	5.293E+00	0.063	26	61	135	359	1	72	277	80	0.209	0.260
LOKIASV2_3667_ESMFold_hypothetical_protein	AF-B7IYI7-F1-model_v4	AF-B7IYI7-F1-model_v4 Shikimate dehydrogenase (NADP(+))	5.610E+00	0.063	26	61	135	359	1	72	277	80	0.209	0.260
LOKIASV2_3667_ESMFold_hypothetical_protein	AF-B3Q7T8-F1-model_v4	AF-B3Q7T8-F1-model_v4 Shikimate dehydrogenase (NADP(+))	6.301E+00	0.063	26	57	136	359	1	76	278	82	0.223	0.273
LOKIASV2_3667_ESMFold_hypothetical_protein	AF-B4SMU6-F1-model_v4	AF-B4SMU6-F1-model_v4 Shikimate dehydrogenase (NADP(+))	1.314E+00	0.063	26	61	213	359	1	163	281	181	0.426	0.580
LOKIASV2_3667_ESMFold_hypothetical_protein	AF-A4SER8-F1-model_v4	AF-A4SER8-F1-model_v4 Bifunctional protein FolD	8.255E-01	0.063	26	49	208	359	19	205	295	208	0.446	0.634
LOKIASV2_3667_ESMFold_hypothetical_protein	AF-Q5N453-F1-model_v4	AF-Q5N453-F1-model_v4 ATP phosphoribosyltransferase regulatory subunit	7.948E+00	0.063	26	61	120	359	340	398	420	60	0.167	0.140
LOKIASV2_3667_ESMFold_hypothetical_protein	AF-Q5SLR5-F1-model_v4	AF-Q5SLR5-F1-model_v4 Ribosomal RNA large subunit methyltransferase H	7.077E+00	0.057	25	63	109	359	2	49	137	49	0.131	0.350
LOKIASV2_3667_ESMFold_hypothetical_protein	AF-Q8U0Q5-F1-model_v4	AF-Q8U0Q5-F1-model_v4 Thiamine thiazole synthase	6.936E-01	0.057	25	43	131	359	5	87	252	96	0.248	0.329
LOKIASV2_3667_ESMFold_hypothetical_protein	AF-Q5V450-F1-model_v4	AF-Q5V450-F1-model_v4 Shikimate dehydrogenase (NADP(+))	1.240E+00	0.057	25	63	219	359	2	165	265	195	0.437	0.619
LOKIASV2_3667_ESMFold_hypothetical_protein	AF-Q0C6A6-F1-model_v4	AF-Q0C6A6-F1-model_v4 Shikimate dehydrogenase (NADP(+))	7.790E-01	0.057	25	61	211	359	1	178	270	209	0.421	0.659
LOKIASV2_3667_ESMFold_hypothetical_protein	AF-B7IF42-F1-model_v4	AF-B7IF42-F1-model_v4 Bifunctional protein FolD	1.756E+00	0.057	25	49	207	359	14	190	271	205	0.443	0.653
LOKIASV2_3667_ESMFold_hypothetical_protein	AF-A1S1K8-F1-model_v4	AF-A1S1K8-F1-model_v4 Shikimate dehydrogenase (NADP(+))	4.447E+00	0.057	25	61	131	359	1	71	273	79	0.198	0.260
LOKIASV2_3667_ESMFold_hypothetical_protein	AF-Q9YEK4-F1-model_v4	AF-Q9YEK4-F1-model_v4 Shikimate dehydrogenase (NADP(+))	5.498E-01	0.057	25	63	306	359	2	265	273	327	0.680	0.967
LOKIASV2_3667_ESMFold_hypothetical_protein	AF-Q6LYQ2-F1-model_v4	AF-Q6LYQ2-F1-model_v4 Shikimate dehydrogenase (NADP(+))	1.041E+00	0.057	25	62	219	359	6	177	278	196	0.440	0.619
LOKIASV2_3667_ESMFold_hypothetical_protein	AF-Q0AKD6-F1-model_v4	AF-Q0AKD6-F1-model_v4 Shikimate dehydrogenase (NADP(+))	1.756E+00	0.057	25	61	223	359	6	178	280	200	0.454	0.618
LOKIASV2_3667_ESMFold_hypothetical_protein	AF-Q1AWA3-F1-model_v4	AF-Q1AWA3-F1-model_v4 Shikimate dehydrogenase (NADP(+))	1.564E+00	0.057	25	62	213	359	10	170	284	186	0.423	0.567
LOKIASV2_3667_ESMFold_hypothetical_protein	AF-Q14NV1-F1-model_v4	AF-Q14NV1-F1-model_v4 Bifunctional protein FolD	1.756E+00	0.057	25	37	208	359	11	198	286	217	0.479	0.657
LOKIASV2_3667_ESMFold_hypothetical_protein	AF-A9IKY5-F1-model_v4	AF-A9IKY5-F1-model_v4 Shikimate dehydrogenase (NADP(+))	7.948E+00	0.057	25	63	131	359	12	80	290	73	0.192	0.238
LOKIASV2_3667_ESMFold_hypothetical_protein	AF-Q67N06-F1-model_v4	AF-Q67N06-F1-model_v4 Shikimate dehydrogenase (NADP(+))	9.826E-01	0.057	25	57	216	359	6	178	294	200	0.446	0.588
LOKIASV2_3667_ESMFold_hypothetical_protein	AF-Q5ANB7-F1-model_v4	AF-Q5ANB7-F1-model_v4 Thiamine thiazole synthase	2.090E+00	0.057	25	43	128	359	53	133	354	90	0.240	0.229
LOKIASV2_3667_ESMFold_hypothetical_protein	AF-Q9V0J8-F1-model_v4	AF-Q9V0J8-F1-model_v4 Thiamine thiazole synthase	8.749E-01	0.051	24	43	131	359	5	87	252	96	0.248	0.329
LOKIASV2_3667_ESMFold_hypothetical_protein	AF-O59082-F1-model_v4	AF-O59082-F1-model_v4 Thiamine thiazole synthase	9.272E-01	0.051	24	43	131	359	5	87	252	96	0.248	0.329
LOKIASV2_3667_ESMFold_hypothetical_protein	AF-A5I4X1-F1-model_v4	AF-A5I4X1-F1-model_v4 Shikimate dehydrogenase (NADP(+))	2.348E+00	0.051	24	63	171	359	2	123	258	133	0.304	0.473
LOKIASV2_3667_ESMFold_hypothetical_protein	AF-Q603L1-F1-model_v4	AF-Q603L1-F1-model_v4 Shikimate dehydrogenase (NADP(+))	1.564E+00	0.051	24	60	219	359	3	176	279	194	0.446	0.624
LOKIASV2_3667_ESMFold_hypothetical_protein	AF-A1WBZ2-F1-model_v4	AF-A1WBZ2-F1-model_v4 Shikimate dehydrogenase (NADP(+))	3.139E+00	0.051	24	57	171	359	1	128	282	141	0.320	0.454
LOKIASV2_3667_ESMFold_hypothetical_protein	AF-B8E3K9-F1-model_v4	AF-B8E3K9-F1-model_v4 Shikimate dehydrogenase (NADP(+))	1.756E+00	0.051	24	61	212	359	1	162	282	182	0.423	0.574
LOKIASV2_3667_ESMFold_hypothetical_protein	AF-B9MFP8-F1-model_v4	AF-B9MFP8-F1-model_v4 Shikimate dehydrogenase (NADP(+))	2.637E+00	0.051	24	57	215	359	1	168	282	187	0.443	0.596
LOKIASV2_3667_ESMFold_hypothetical_protein	AF-Q0AZJ6-F1-model_v4	AF-Q0AZJ6-F1-model_v4 Shikimate dehydrogenase (NADP(+))	5.610E+00	0.051	24	63	134	359	8	76	290	76	0.201	0.238
LOKIASV2_3667_ESMFold_hypothetical_protein	AF-B3QUL4-F1-model_v4	AF-B3QUL4-F1-model_v4 Bifunctional protein FolD	1.240E+00	0.051	24	49	208	359	19	205	294	210	0.446	0.636
LOKIASV2_3667_ESMFold_hypothetical_protein	AF-Q3V7I4-F1-model_v4	AF-Q3V7I4-F1-model_v4 Thiamine thiazole synthase	2.215E+00	0.051	24	43	131	359	48	132	317	93	0.248	0.268
LOKIASV2_3667_ESMFold_hypothetical_protein	AF-P23617-F1-model_v4	AF-P23617-F1-model_v4 Thiamine thiazole synthase	2.090E+00	0.051	24	43	131	359	56	140	324	94	0.248	0.262
LOKIASV2_3667_ESMFold_hypothetical_protein	AF-O05103-F1-model_v4	AF-O05103-F1-model_v4 HTH-type transcriptional regulator MalR	6.301E+00	0.051	24	28	113	359	26	115	335	98	0.240	0.269
LOKIASV2_3667_ESMFold_hypothetical_protein	AF-C4YNP4-F1-model_v4	AF-C4YNP4-F1-model_v4 Thiamine thiazole synthase	1.475E+00	0.051	24	43	131	359	53	137	354	96	0.248	0.240
LOKIASV2_3667_ESMFold_hypothetical_protein	AF-P59482-F1-model_v4	AF-P59482-F1-model_v4 Histidine--tRNA ligase	7.077E+00	0.051	24	50	120	359	314	386	425	75	0.198	0.172
LOKIASV2_3667_ESMFold_hypothetical_protein	AF-Q6GNR9-F1-model_v4	AF-Q6GNR9-F1-model_v4 Dolichyl-diphosphooligosaccharide--protein glycosyltransferase 48 kDa subunit	1.756E+00	0.051	24	37	162	359	2	167	438	183	0.351	0.379
LOKIASV2_3667_ESMFold_hypothetical_protein	AF-Q9S785-F1-model_v4	AF-Q9S785-F1-model_v4 Glycerol-3-phosphate dehydrogenase [NAD(+)] At3g07690, cytosolic	5.293E+00	0.051	24	56	100	359	28	71	456	45	0.125	0.096
LOKIASV2_3667_ESMFold_hypothetical_protein	AF-Q8S0G4-F1-model_v4	AF-Q8S0G4-F1-model_v4 Probable glycerol-3-phosphate dehydrogenase [NAD(+)] 1, cytosolic	5.610E+00	0.051	24	56	100	359	29	72	456	45	0.125	0.096
LOKIASV2_3667_ESMFold_hypothetical_protein	AF-Q0P5H1-F1-model_v4	AF-Q0P5H1-F1-model_v4 Prenylcysteine oxidase-like	2.215E+00	0.051	24	38	160	359	2	116	492	130	0.343	0.234
LOKIASV2_3667_ESMFold_hypothetical_protein	AF-B0XRM8-F1-model_v4	AF-B0XRM8-F1-model_v4 Pentafunctional AROM polypeptide	1.170E+00	0.051	24	55	215	359	1282	1453	1605	203	0.448	0.107
LOKIASV2_3667_ESMFold_hypothetical_protein	AF-Q72GU0-F1-model_v4	AF-Q72GU0-F1-model_v4 Ribosomal RNA large subunit methyltransferase H	8.423E+00	0.045	23	63	109	359	2	49	137	49	0.131	0.350
LOKIASV2_3667_ESMFold_hypothetical_protein	AF-Q9WZP4-F1-model_v4	AF-Q9WZP4-F1-model_v4 Thiamine thiazole synthase	3.139E+00	0.045	23	43	121	359	6	77	250	83	0.220	0.288
LOKIASV2_3667_ESMFold_hypothetical_protein	AF-Q4FNS5-F1-model_v4	AF-Q4FNS5-F1-model_v4 Shikimate dehydrogenase (NADP(+))	1.756E+00	0.045	23	61	217	359	1	167	265	199	0.437	0.630
LOKIASV2_3667_ESMFold_hypothetical_protein	AF-Q4QMR1-F1-model_v4	AF-Q4QMR1-F1-model_v4 Shikimate dehydrogenase (NADP(+))	2.090E+00	0.045	23	61	207	359	1	155	268	181	0.409	0.578
LOKIASV2_3667_ESMFold_hypothetical_protein	AF-Q4L6U7-F1-model_v4	AF-Q4L6U7-F1-model_v4 Shikimate dehydrogenase (NADP(+))	1.240E+00	0.045	23	61	213	359	1	175	268	203	0.426	0.653
LOKIASV2_3667_ESMFold_hypothetical_protein	AF-A8GYI2-F1-model_v4	AF-A8GYI2-F1-model_v4 Shikimate dehydrogenase (NADP(+))	1.240E+00	0.045	23	61	217	359	1	169	271	199	0.437	0.624
LOKIASV2_3667_ESMFold_hypothetical_protein	AF-Q1QTK0-F1-model_v4	AF-Q1QTK0-F1-model_v4 Shikimate dehydrogenase (NADP(+))	7.077E+00	0.045	23	62	131	359	3	72	271	74	0.195	0.258
LOKIASV2_3667_ESMFold_hypothetical_protein	AF-A7HMQ2-F1-model_v4	AF-A7HMQ2-F1-model_v4 Bifunctional protein FolD	5.610E+00	0.045	23	40	209	359	5	189	272	202	0.474	0.680
LOKIASV2_3667_ESMFold_hypothetical_protein	AF-C6BUS3-F1-model_v4	AF-C6BUS3-F1-model_v4 Shikimate dehydrogenase (NADP(+))	1.861E+00	0.045	23	64	223	359	9	174	272	195	0.446	0.610
LOKIASV2_3667_ESMFold_hypothetical_protein	AF-A1TWN6-F1-model_v4	AF-A1TWN6-F1-model_v4 Shikimate dehydrogenase (NADP(+))	8.927E+00	0.045	23	61	122	359	2	64	275	72	0.173	0.229
LOKIASV2_3667_ESMFold_hypothetical_protein	AF-Q7VNS2-F1-model_v4	AF-Q7VNS2-F1-model_v4 Shikimate dehydrogenase (NADP(+))	1.041E+00	0.045	23	61	208	359	1	178	276	201	0.412	0.645
LOKIASV2_3667_ESMFold_hypothetical_protein	AF-Q0VTD6-F1-model_v4	AF-Q0VTD6-F1-model_v4 Shikimate dehydrogenase (NADP(+))	8.927E+00	0.045	23	62	131	359	10	79	278	74	0.195	0.252
LOKIASV2_3667_ESMFold_hypothetical_protein	AF-B0TLD8-F1-model_v4	AF-B0TLD8-F1-model_v4 Shikimate dehydrogenase (NADP(+))	2.090E+00	0.045	23	57	215	359	3	171	279	197	0.443	0.606
LOKIASV2_3667_ESMFold_hypothetical_protein	AF-B9M769-F1-model_v4	AF-B9M769-F1-model_v4 Bifunctional protein FolD	3.326E+00	0.045	23	38	208	359	9	199	280	217	0.476	0.682
LOKIASV2_3667_ESMFold_hypothetical_protein	AF-B8EM72-F1-model_v4	AF-B8EM72-F1-model_v4 Shikimate dehydrogenase (NADP(+))	2.215E+00	0.045	23	63	229	359	6	185	280	199	0.465	0.643
LOKIASV2_3667_ESMFold_hypothetical_protein	AF-B2I7C8-F1-model_v4	AF-B2I7C8-F1-model_v4 Shikimate dehydrogenase (NADP(+))	2.348E+00	0.045	23	63	213	359	4	164	282	185	0.421	0.571
LOKIASV2_3667_ESMFold_hypothetical_protein	AF-O26344-F1-model_v4	AF-O26344-F1-model_v4 Shikimate dehydrogenase (NADP(+))	1.314E+00	0.045	23	62	232	359	6	188	283	210	0.476	0.647
LOKIASV2_3667_ESMFold_hypothetical_protein	AF-A1WJY8-F1-model_v4	AF-A1WJY8-F1-model_v4 Shikimate dehydrogenase (NADP(+))	1.392E+00	0.045	23	60	215	359	3	169	288	197	0.435	0.580
LOKIASV2_3667_ESMFold_hypothetical_protein	AF-B5EH68-F1-model_v4	AF-B5EH68-F1-model_v4 Shikimate dehydrogenase (NADP(+))	1.240E+00	0.045	23	62	208	359	7	187	290	197	0.409	0.624
LOKIASV2_3667_ESMFold_hypothetical_protein	AF-Q02046-F1-model_v4	AF-Q02046-F1-model_v4 Methylenetetrahydrofolate dehydrogenase [NAD(+)]	2.215E+00	0.045	23	53	174	359	28	185	320	171	0.340	0.494
LOKIASV2_3667_ESMFold_hypothetical_protein	AF-C7Z8P6-F1-model_v4	AF-C7Z8P6-F1-model_v4 Thiamine thiazole synthase	2.962E+00	0.045	23	43	131	359	54	138	322	94	0.248	0.264
LOKIASV2_3667_ESMFold_hypothetical_protein	AF-A7EWL8-F1-model_v4	AF-A7EWL8-F1-model_v4 Thiamine thiazole synthase	2.488E+00	0.045	23	43	131	359	57	141	326	94	0.248	0.261
LOKIASV2_3667_ESMFold_hypothetical_protein	AF-Q8L707-F1-model_v4	AF-Q8L707-F1-model_v4 Beta-1,4-xylosyltransferase IRX14	1.972E+00	0.045	23	1	146	359	123	289	525	191	0.407	0.318
LOKIASV2_3667_ESMFold_hypothetical_protein	AF-Q390Q5-F1-model_v4	AF-Q390Q5-F1-model_v4 Probable malate:quinone oxidoreductase	6.936E-01	0.045	23	29	157	359	1	152	553	167	0.359	0.275
LOKIASV2_3667_ESMFold_hypothetical_protein	AF-A1AEV0-F1-model_v4	AF-A1AEV0-F1-model_v4 Sulfite reductase [NADPH] flavoprotein alpha-component	3.139E+00	0.045	23	1	97	359	1	97	599	112	0.270	0.162
LOKIASV2_3667_ESMFold_hypothetical_protein	AF-Q9LX30-F1-model_v4	AF-Q9LX30-F1-model_v4 eIF-2-alpha kinase GCN2	6.677E+00	0.045	23	60	120	359	1130	1190	1241	64	0.170	0.049
LOKIASV2_3667_ESMFold_hypothetical_protein	AF-Q5JD25-F1-model_v4	AF-Q5JD25-F1-model_v4 Thiamine thiazole synthase	1.475E+00	0.040	22	43	131	359	4	86	251	98	0.248	0.331
LOKIASV2_3667_ESMFold_hypothetical_protein	AF-C1FSW2-F1-model_v4	AF-C1FSW2-F1-model_v4 Shikimate dehydrogenase (NADP(+))	3.525E+00	0.040	22	63	171	359	2	123	258	140	0.304	0.473
LOKIASV2_3667_ESMFold_hypothetical_protein	AF-O27657-F1-model_v4	AF-O27657-F1-model_v4 Thiamine thiazole synthase	1.475E+00	0.040	22	43	131	359	6	88	258	96	0.248	0.322
LOKIASV2_3667_ESMFold_hypothetical_protein	AF-C3L127-F1-model_v4	AF-C3L127-F1-model_v4 Shikimate dehydrogenase (NADP(+))	2.637E+00	0.040	22	63	173	359	2	127	258	137	0.309	0.488
LOKIASV2_3667_ESMFold_hypothetical_protein	AF-Q8Q0B5-F1-model_v4	AF-Q8Q0B5-F1-model_v4 Thiamine thiazole synthase	2.348E+00	0.040	22	43	130	359	6	86	260	92	0.245	0.312
LOKIASV2_3667_ESMFold_hypothetical_protein	AF-A4FWG7-F1-model_v4	AF-A4FWG7-F1-model_v4 Thiamine thiazole synthase	1.392E+00	0.040	22	41	131	359	10	92	261	98	0.253	0.318
LOKIASV2_3667_ESMFold_hypothetical_protein	AF-Q9HS68-F1-model_v4	AF-Q9HS68-F1-model_v4 Shikimate dehydrogenase (NADP(+))	1.475E+00	0.040	22	63	306	359	2	263	266	319	0.680	0.985
LOKIASV2_3667_ESMFold_hypothetical_protein	AF-A5UHE8-F1-model_v4	AF-A5UHE8-F1-model_v4 Shikimate dehydrogenase (NADP(+))	4.447E+00	0.040	22	61	171	359	1	124	268	142	0.309	0.463
LOKIASV2_3667_ESMFold_hypothetical_protein	AF-Q478U6-F1-model_v4	AF-Q478U6-F1-model_v4 Shikimate dehydrogenase (NADP(+))	1.564E+00	0.040	22	62	218	359	3	172	274	202	0.437	0.620
LOKIASV2_3667_ESMFold_hypothetical_protein	AF-B6JIM2-F1-model_v4	AF-B6JIM2-F1-model_v4 Shikimate dehydrogenase (NADP(+))	3.525E+00	0.040	22	57	223	359	1	175	277	195	0.465	0.632
LOKIASV2_3667_ESMFold_hypothetical_protein	AF-Q9KD93-F1-model_v4	AF-Q9KD93-F1-model_v4 Shikimate dehydrogenase (NADP(+))	2.090E+00	0.040	22	61	212	359	1	184	278	206	0.423	0.662
LOKIASV2_3667_ESMFold_hypothetical_protein	AF-Q8PXE6-F1-model_v4	AF-Q8PXE6-F1-model_v4 Shikimate dehydrogenase (NADP(+))	2.348E+00	0.040	22	61	216	359	1	169	280	189	0.435	0.604
LOKIASV2_3667_ESMFold_hypothetical_protein	AF-A1RDZ0-F1-model_v4	AF-A1RDZ0-F1-model_v4 Shikimate dehydrogenase (NADP(+))	2.637E+00	0.040	22	61	215	359	1	165	282	183	0.432	0.585
LOKIASV2_3667_ESMFold_hypothetical_protein	AF-A6WHB9-F1-model_v4	AF-A6WHB9-F1-model_v4 Shikimate dehydrogenase (NADP(+))	2.795E+00	0.040	22	61	212	359	1	162	282	182	0.423	0.574
LOKIASV2_3667_ESMFold_hypothetical_protein	AF-Q2P8K0-F1-model_v4	AF-Q2P8K0-F1-model_v4 Shikimate dehydrogenase (NADP(+))	2.090E+00	0.040	22	61	212	359	3	163	283	184	0.423	0.569
LOKIASV2_3667_ESMFold_hypothetical_protein	AF-Q0I0R4-F1-model_v4	AF-Q0I0R4-F1-model_v4 Shikimate dehydrogenase (NADP(+))	2.488E+00	0.040	22	56	215	359	6	174	292	196	0.446	0.579
LOKIASV2_3667_ESMFold_hypothetical_protein	AF-Q2GLF2-F1-model_v4	AF-Q2GLF2-F1-model_v4 Bifunctional protein FolD	2.348E+00	0.040	22	50	209	359	24	202	304	205	0.446	0.589
LOKIASV2_3667_ESMFold_hypothetical_protein	AF-F6H7K5-F1-model_v4	AF-F6H7K5-F1-model_v4 Thiamine thiazole synthase 2, chloroplastic	1.861E+00	0.040	22	43	133	359	68	149	355	96	0.253	0.231
LOKIASV2_3667_ESMFold_hypothetical_protein	AF-A9RHW6-F1-model_v4	AF-A9RHW6-F1-model_v4 Thiamine thiazole synthase 3, chloroplastic	1.756E+00	0.040	22	43	133	359	73	154	357	96	0.253	0.230
LOKIASV2_3667_ESMFold_hypothetical_protein	AF-A9RHX1-F1-model_v4	AF-A9RHX1-F1-model_v4 Thiamine thiazole synthase 1, chloroplastic	1.972E+00	0.040	22	43	133	359	73	154	357	96	0.253	0.230
LOKIASV2_3667_ESMFold_hypothetical_protein	AF-P00392-F1-model_v4	AF-P00392-F1-model_v4 Mercuric reductase	9.461E+00	0.040	22	38	95	359	74	126	561	59	0.162	0.094
LOKIASV2_3667_ESMFold_hypothetical_protein	AF-Q0TEA2-F1-model_v4	AF-Q0TEA2-F1-model_v4 Sulfite reductase [NADPH] flavoprotein alpha-component	3.960E+00	0.040	22	1	97	359	1	97	599	112	0.270	0.162
LOKIASV2_3667_ESMFold_hypothetical_protein	AF-B6HAA7-F1-model_v4	AF-B6HAA7-F1-model_v4 Pentafunctional AROM polypeptide	1.657E+00	0.040	22	59	202	359	1287	1465	1586	198	0.401	0.113
LOKIASV2_3667_ESMFold_hypothetical_protein	AF-C5JKE6-F1-model_v4	AF-C5JKE6-F1-model_v4 Pentafunctional AROM polypeptide	6.544E-01	0.040	22	58	331	359	1287	1573	1597	347	0.763	0.180
LOKIASV2_3667_ESMFold_hypothetical_protein	AF-B1KX91-F1-model_v4	AF-B1KX91-F1-model_v4 Shikimate dehydrogenase (NADP(+))	2.962E+00	0.034	21	63	206	359	2	154	258	176	0.401	0.593
LOKIASV2_3667_ESMFold_hypothetical_protein	AF-Q12U93-F1-model_v4	AF-Q12U93-F1-model_v4 Thiamine thiazole synthase	2.795E+00	0.034	21	43	131	359	6	88	258	94	0.248	0.322
LOKIASV2_3667_ESMFold_hypothetical_protein	AF-A7FWA9-F1-model_v4	AF-A7FWA9-F1-model_v4 Shikimate dehydrogenase (NADP(+))	2.795E+00	0.034	21	63	206	359	2	154	258	174	0.401	0.593
LOKIASV2_3667_ESMFold_hypothetical_protein	AF-Q8ZZM5-F1-model_v4	AF-Q8ZZM5-F1-model_v4 Thiamine thiazole synthase	2.090E+00	0.034	21	43	131	359	3	85	261	96	0.248	0.318
LOKIASV2_3667_ESMFold_hypothetical_protein	AF-A3MWF6-F1-model_v4	AF-A3MWF6-F1-model_v4 Thiamine thiazole synthase	1.392E+00	0.034	21	34	131	359	2	85	261	103	0.273	0.322
LOKIASV2_3667_ESMFold_hypothetical_protein	AF-Q3ITN9-F1-model_v4	AF-Q3ITN9-F1-model_v4 Shikimate dehydrogenase (NADP(+))	3.139E+00	0.034	21	61	219	359	1	164	264	191	0.443	0.621
LOKIASV2_3667_ESMFold_hypothetical_protein	AF-B0R386-F1-model_v4	AF-B0R386-F1-model_v4 Shikimate dehydrogenase (NADP(+))	2.215E+00	0.034	21	63	306	359	2	263	266	332	0.680	0.985
LOKIASV2_3667_ESMFold_hypothetical_protein	AF-A5UE78-F1-model_v4	AF-A5UE78-F1-model_v4 Shikimate dehydrogenase (NADP(+))	2.795E+00	0.034	21	61	209	359	1	157	268	184	0.415	0.586
LOKIASV2_3667_ESMFold_hypothetical_protein	AF-O27957-F1-model_v4	AF-O27957-F1-model_v4 Shikimate dehydrogenase (NADP(+))	3.326E+00	0.034	21	63	213	359	2	158	269	180	0.421	0.584
LOKIASV2_3667_ESMFold_hypothetical_protein	AF-A1WVW8-F1-model_v4	AF-A1WVW8-F1-model_v4 Shikimate dehydrogenase (NADP(+))	4.196E+00	0.034	21	61	171	359	1	126	270	145	0.309	0.467
LOKIASV2_3667_ESMFold_hypothetical_protein	AF-P44774-F1-model_v4	AF-P44774-F1-model_v4 Shikimate dehydrogenase-like protein HI_0607	3.525E+00	0.034	21	63	219	359	7	167	271	189	0.437	0.594
LOKIASV2_3667_ESMFold_hypothetical_protein	AF-P43876-F1-model_v4	AF-P43876-F1-model_v4 Shikimate dehydrogenase (NADP(+))	3.736E+00	0.034	21	61	207	359	1	155	272	181	0.409	0.570
LOKIASV2_3667_ESMFold_hypothetical_protein	AF-B1KD01-F1-model_v4	AF-B1KD01-F1-model_v4 Shikimate dehydrogenase (NADP(+))	1.657E+00	0.034	21	61	208	359	1	178	273	205	0.412	0.652
LOKIASV2_3667_ESMFold_hypothetical_protein	AF-Q3IDI6-F1-model_v4	AF-Q3IDI6-F1-model_v4 Shikimate dehydrogenase (NADP(+))	2.795E+00	0.034	21	61	220	359	1	171	274	194	0.446	0.624
LOKIASV2_3667_ESMFold_hypothetical_protein	AF-B7HCW1-F1-model_v4	AF-B7HCW1-F1-model_v4 Shikimate dehydrogenase (NADP(+))	2.488E+00	0.034	21	61	296	359	1	277	277	309	0.657	1.000
LOKIASV2_3667_ESMFold_hypothetical_protein	AF-A8LPB8-F1-model_v4	AF-A8LPB8-F1-model_v4 Shikimate dehydrogenase (NADP(+))	3.960E+00	0.034	21	57	171	359	2	131	278	158	0.320	0.468
LOKIASV2_3667_ESMFold_hypothetical_protein	AF-Q65H34-F1-model_v4	AF-Q65H34-F1-model_v4 Shikimate dehydrogenase (NADP(+))	3.139E+00	0.034	21	61	213	359	1	182	278	200	0.426	0.655
LOKIASV2_3667_ESMFold_hypothetical_protein	AF-Q979W3-F1-model_v4	AF-Q979W3-F1-model_v4 Bifunctional protein FolD	2.348E+00	0.034	21	61	204	359	28	187	281	184	0.401	0.569
LOKIASV2_3667_ESMFold_hypothetical_protein	AF-A1K3B9-F1-model_v4	AF-A1K3B9-F1-model_v4 Shikimate dehydrogenase (NADP(+))	7.077E+00	0.034	21	63	134	359	2	70	281	79	0.201	0.246
LOKIASV2_3667_ESMFold_hypothetical_protein	AF-Q131U9-F1-model_v4	AF-Q131U9-F1-model_v4 Shikimate dehydrogenase (NADP(+))	6.301E+00	0.034	21	58	171	359	5	132	283	140	0.318	0.452
LOKIASV2_3667_ESMFold_hypothetical_protein	AF-Q8DQD3-F1-model_v4	AF-Q8DQD3-F1-model_v4 Bifunctional protein FolD	2.795E+00	0.034	21	38	208	359	9	200	285	220	0.476	0.674
LOKIASV2_3667_ESMFold_hypothetical_protein	AF-Q2KUU3-F1-model_v4	AF-Q2KUU3-F1-model_v4 Shikimate dehydrogenase (NADP(+))	2.637E+00	0.034	21	57	221	359	2	183	285	209	0.460	0.639
LOKIASV2_3667_ESMFold_hypothetical_protein	AF-C6E5S6-F1-model_v4	AF-C6E5S6-F1-model_v4 Shikimate dehydrogenase (NADP(+))	2.962E+00	0.034	21	63	171	359	7	130	290	141	0.304	0.428
LOKIASV2_3667_ESMFold_hypothetical_protein	AF-A8I5P5-F1-model_v4	AF-A8I5P5-F1-model_v4 Bifunctional protein FolD	5.293E+00	0.034	21	35	208	359	11	202	290	213	0.485	0.662
LOKIASV2_3667_ESMFold_hypothetical_protein	AF-Q0HP98-F1-model_v4	AF-Q0HP98-F1-model_v4 Shikimate dehydrogenase (NADP(+))	3.139E+00	0.034	21	61	211	359	11	170	292	188	0.421	0.548
LOKIASV2_3667_ESMFold_hypothetical_protein	AF-A0KR69-F1-model_v4	AF-A0KR69-F1-model_v4 Shikimate dehydrogenase (NADP(+))	3.139E+00	0.034	21	56	215	359	6	175	292	196	0.446	0.582
LOKIASV2_3667_ESMFold_hypothetical_protein	AF-Q32GE1-F1-model_v4	AF-Q32GE1-F1-model_v4 Quinate/shikimate dehydrogenase	2.795E+00	0.034	21	59	217	359	14	206	297	215	0.443	0.650
LOKIASV2_3667_ESMFold_hypothetical_protein	AF-B0R884-F1-model_v4	AF-B0R884-F1-model_v4 Thiamine thiazole synthase	2.215E+00	0.034	21	46	131	359	15	94	310	89	0.240	0.258
LOKIASV2_3667_ESMFold_hypothetical_protein	AF-Q9HMC7-F1-model_v4	AF-Q9HMC7-F1-model_v4 Thiamine thiazole synthase	1.861E+00	0.034	21	46	131	359	15	94	310	89	0.240	0.258
LOKIASV2_3667_ESMFold_hypothetical_protein	AF-O23787-F1-model_v4	AF-O23787-F1-model_v4 Thiamine thiazole synthase, chloroplastic	3.139E+00	0.034	21	43	133	359	71	152	356	94	0.253	0.230
LOKIASV2_3667_ESMFold_hypothetical_protein	AF-A9SME1-F1-model_v4	AF-A9SME1-F1-model_v4 Thiamine thiazole synthase 2, chloroplastic	2.488E+00	0.034	21	43	133	359	72	153	356	96	0.253	0.230
LOKIASV2_3667_ESMFold_hypothetical_protein	AF-A8J9T5-F1-model_v4	AF-A8J9T5-F1-model_v4 Thiamine thiazole synthase, chloroplastic	1.392E+00	0.034	21	23	131	359	28	156	357	139	0.304	0.361
LOKIASV2_3667_ESMFold_hypothetical_protein	AF-Q6ZLK0-F1-model_v4	AF-Q6ZLK0-F1-model_v4 Dolichyl-diphosphooligosaccharide--protein glycosyltransferase 48 kDa subunit	9.461E+00	0.034	21	30	101	359	6	70	439	75	0.201	0.148
LOKIASV2_3667_ESMFold_hypothetical_protein	AF-O64411-F1-model_v4	AF-O64411-F1-model_v4 Polyamine oxidase 1	1.314E+00	0.034	21	40	213	359	10	156	500	185	0.485	0.294
LOKIASV2_3667_ESMFold_hypothetical_protein	AF-P38038-F1-model_v4	AF-P38038-F1-model_v4 Sulfite reductase [NADPH] flavoprotein alpha-component	3.326E+00	0.034	21	1	97	359	1	97	599	114	0.270	0.162
LOKIASV2_3667_ESMFold_hypothetical_protein	AF-C5G8R4-F1-model_v4	AF-C5G8R4-F1-model_v4 Pentafunctional AROM polypeptide	9.272E-01	0.034	21	58	331	359	1287	1573	1597	347	0.763	0.180
LOKIASV2_3667_ESMFold_hypothetical_protein	AF-Q46AR1-F1-model_v4	AF-Q46AR1-F1-model_v4 Thiamine thiazole synthase	2.962E+00	0.029	20	43	131	359	6	88	260	94	0.248	0.319
LOKIASV2_3667_ESMFold_hypothetical_protein	AF-A9A9W1-F1-model_v4	AF-A9A9W1-F1-model_v4 Thiamine thiazole synthase	2.215E+00	0.029	20	41	131	359	10	92	261	98	0.253	0.318
LOKIASV2_3667_ESMFold_hypothetical_protein	AF-A6UPZ7-F1-model_v4	AF-A6UPZ7-F1-model_v4 Thiamine thiazole synthase	3.139E+00	0.029	20	43	131	359	10	92	261	94	0.248	0.318
LOKIASV2_3667_ESMFold_hypothetical_protein	AF-A1RW13-F1-model_v4	AF-A1RW13-F1-model_v4 Thiamine thiazole synthase	1.756E+00	0.029	20	34	131	359	2	85	261	103	0.273	0.322
LOKIASV2_3667_ESMFold_hypothetical_protein	AF-C4XIR5-F1-model_v4	AF-C4XIR5-F1-model_v4 Thiamine thiazole synthase	1.972E+00	0.029	20	46	144	359	9	92	263	104	0.276	0.319
LOKIASV2_3667_ESMFold_hypothetical_protein	AF-Q4JAF8-F1-model_v4	AF-Q4JAF8-F1-model_v4 Thiamine thiazole synthase	1.657E+00	0.029	20	24	131	359	2	95	265	115	0.301	0.355
LOKIASV2_3667_ESMFold_hypothetical_protein	AF-Q0W4U3-F1-model_v4	AF-Q0W4U3-F1-model_v4 Shikimate dehydrogenase (NADP(+))	2.962E+00	0.029	20	61	219	359	1	165	269	200	0.443	0.613
LOKIASV2_3667_ESMFold_hypothetical_protein	AF-Q9X288-F1-model_v4	AF-Q9X288-F1-model_v4 Bifunctional protein FolD	3.736E+00	0.029	20	61	209	359	25	188	271	191	0.415	0.605
LOKIASV2_3667_ESMFold_hypothetical_protein	AF-B9LSZ3-F1-model_v4	AF-B9LSZ3-F1-model_v4 Shikimate dehydrogenase (NADP(+))	2.348E+00	0.029	20	63	306	359	2	270	274	321	0.680	0.982
LOKIASV2_3667_ESMFold_hypothetical_protein	AF-Q48AV5-F1-model_v4	AF-Q48AV5-F1-model_v4 Shikimate dehydrogenase (NADP(+))	4.713E+00	0.029	20	57	171	359	1	128	275	140	0.320	0.465
LOKIASV2_3667_ESMFold_hypothetical_protein	AF-A0RIV1-F1-model_v4	AF-A0RIV1-F1-model_v4 Shikimate dehydrogenase (NADP(+))	3.326E+00	0.029	20	61	216	359	1	185	277	208	0.435	0.668
LOKIASV2_3667_ESMFold_hypothetical_protein	AF-Q3AEF5-F1-model_v4	AF-Q3AEF5-F1-model_v4 Shikimate dehydrogenase (NADP(+))	3.139E+00	0.029	20	62	203	359	7	180	280	201	0.396	0.621
LOKIASV2_3667_ESMFold_hypothetical_protein	AF-B1M3B2-F1-model_v4	AF-B1M3B2-F1-model_v4 Shikimate dehydrogenase (NADP(+))	3.139E+00	0.029	20	57	227	359	2	185	282	208	0.476	0.652
LOKIASV2_3667_ESMFold_hypothetical_protein	AF-Q39WH4-F1-model_v4	AF-Q39WH4-F1-model_v4 Bifunctional protein FolD 2	3.326E+00	0.029	20	39	207	359	9	198	285	217	0.471	0.667
LOKIASV2_3667_ESMFold_hypothetical_protein	AF-Q1D7Y2-F1-model_v4	AF-Q1D7Y2-F1-model_v4 Bifunctional protein FolD 2	4.196E+00	0.029	20	38	208	359	10	200	288	224	0.476	0.663
LOKIASV2_3667_ESMFold_hypothetical_protein	AF-P74591-F1-model_v4	AF-P74591-F1-model_v4 Shikimate dehydrogenase (NADP(+))	2.962E+00	0.029	20	63	208	359	9	190	290	205	0.407	0.628
LOKIASV2_3667_ESMFold_hypothetical_protein	AF-A1BF67-F1-model_v4	AF-A1BF67-F1-model_v4 Bifunctional protein FolD	1.657E+00	0.029	20	49	208	359	19	205	295	210	0.446	0.634
LOKIASV2_3667_ESMFold_hypothetical_protein	AF-Q9A8Y0-F1-model_v4	AF-Q9A8Y0-F1-model_v4 Bifunctional protein FolD	5.945E+00	0.029	20	38	207	359	11	201	297	214	0.474	0.643
LOKIASV2_3667_ESMFold_hypothetical_protein	AF-A5CF58-F1-model_v4	AF-A5CF58-F1-model_v4 Bifunctional protein FolD	4.447E+00	0.029	20	53	209	359	23	198	301	200	0.437	0.585
LOKIASV2_3667_ESMFold_hypothetical_protein	AF-A9HEL1-F1-model_v4	AF-A9HEL1-F1-model_v4 Bifunctional protein FolD	5.610E+00	0.029	20	37	208	359	28	218	311	218	0.479	0.614
LOKIASV2_3667_ESMFold_hypothetical_protein	AF-J9N5G7-F1-model_v4	AF-J9N5G7-F1-model_v4 Thiamine thiazole synthase	3.525E+00	0.029	20	1	131	359	24	136	320	136	0.365	0.353
LOKIASV2_3667_ESMFold_hypothetical_protein	AF-P23618-F1-model_v4	AF-P23618-F1-model_v4 Thiamine thiazole synthase	3.139E+00	0.029	20	3	131	359	26	136	320	134	0.359	0.347
LOKIASV2_3667_ESMFold_hypothetical_protein	AF-P40998-F1-model_v4	AF-P40998-F1-model_v4 Thiamine thiazole synthase	2.488E+00	0.029	20	1	131	359	15	141	328	147	0.365	0.387
LOKIASV2_3667_ESMFold_hypothetical_protein	AF-G5EAZ2-F1-model_v4	AF-G5EAZ2-F1-model_v4 Thiamine thiazole synthase	3.736E+00	0.029	20	1	131	359	26	140	331	138	0.365	0.347
LOKIASV2_3667_ESMFold_hypothetical_protein	AF-Q75F65-F1-model_v4	AF-Q75F65-F1-model_v4 Thiamine thiazole synthase	5.945E+00	0.029	20	43	128	359	52	132	331	90	0.240	0.245
LOKIASV2_3667_ESMFold_hypothetical_protein	AF-C0NSF3-F1-model_v4	AF-C0NSF3-F1-model_v4 Thiamine thiazole synthase	3.736E+00	0.029	20	43	131	359	56	140	334	93	0.248	0.254
LOKIASV2_3667_ESMFold_hypothetical_protein	AF-Q9USX0-F1-model_v4	AF-Q9USX0-F1-model_v4 Beta-1,3-galactosyltransferase pvg3	4.196E+00	0.029	20	6	145	359	1	137	378	162	0.390	0.362
LOKIASV2_3667_ESMFold_hypothetical_protein	AF-Q653F4-F1-model_v4	AF-Q653F4-F1-model_v4 Probable beta-1,4-xylosyltransferase IRX14	4.713E+00	0.029	20	21	143	359	159	322	524	170	0.343	0.313
LOKIASV2_3667_ESMFold_hypothetical_protein	AF-Q8X7U1-F1-model_v4	AF-Q8X7U1-F1-model_v4 Sulfite reductase [NADPH] flavoprotein alpha-component	3.736E+00	0.029	20	1	97	359	1	97	599	115	0.270	0.162
LOKIASV2_3667_ESMFold_hypothetical_protein	AF-A7ZQK7-F1-model_v4	AF-A7ZQK7-F1-model_v4 Sulfite reductase [NADPH] flavoprotein alpha-component	4.196E+00	0.029	20	1	97	359	1	97	599	115	0.270	0.162
LOKIASV2_3667_ESMFold_hypothetical_protein	AF-C5FQ73-F1-model_v4	AF-C5FQ73-F1-model_v4 Pentafunctional AROM polypeptide	3.326E+00	0.029	20	61	213	359	1290	1455	1571	186	0.426	0.106
LOKIASV2_3667_ESMFold_hypothetical_protein	AF-A7GGC7-F1-model_v4	AF-A7GGC7-F1-model_v4 Shikimate dehydrogenase (NADP(+))	3.139E+00	0.024	19	63	211	359	2	176	258	197	0.415	0.678
LOKIASV2_3667_ESMFold_hypothetical_protein	AF-B1YDX0-F1-model_v4	AF-B1YDX0-F1-model_v4 Thiamine thiazole synthase	2.795E+00	0.024	19	34	131	359	2	85	259	103	0.273	0.324
LOKIASV2_3667_ESMFold_hypothetical_protein	AF-A6VGT9-F1-model_v4	AF-A6VGT9-F1-model_v4 Thiamine thiazole synthase	2.637E+00	0.024	19	41	131	359	10	92	262	98	0.253	0.317
LOKIASV2_3667_ESMFold_hypothetical_protein	AF-Q9HLE4-F1-model_v4	AF-Q9HLE4-F1-model_v4 Shikimate dehydrogenase (NADP(+))	4.995E+00	0.024	19	63	212	359	5	161	268	179	0.418	0.586
LOKIASV2_3667_ESMFold_hypothetical_protein	AF-Q1GYH7-F1-model_v4	AF-Q1GYH7-F1-model_v4 Shikimate dehydrogenase (NADP(+))	4.995E+00	0.024	19	63	171	359	2	124	270	143	0.304	0.456
LOKIASV2_3667_ESMFold_hypothetical_protein	AF-A4G8N3-F1-model_v4	AF-A4G8N3-F1-model_v4 Shikimate dehydrogenase (NADP(+))	4.995E+00	0.024	19	59	199	359	2	150	273	169	0.393	0.546
LOKIASV2_3667_ESMFold_hypothetical_protein	AF-A4ST49-F1-model_v4	AF-A4ST49-F1-model_v4 Shikimate dehydrogenase (NADP(+))	6.301E+00	0.024	19	61	171	359	1	124	273	139	0.309	0.454
LOKIASV2_3667_ESMFold_hypothetical_protein	AF-A8F7D6-F1-model_v4	AF-A8F7D6-F1-model_v4 Bifunctional protein FolD	3.960E+00	0.024	19	60	207	359	24	191	273	193	0.412	0.615
LOKIASV2_3667_ESMFold_hypothetical_protein	AF-A7HMY3-F1-model_v4	AF-A7HMY3-F1-model_v4 Thiamine thiazole synthase	1.314E+00	0.024	19	44	147	359	5	138	277	145	0.290	0.484
LOKIASV2_3667_ESMFold_hypothetical_protein	AF-A7GT28-F1-model_v4	AF-A7GT28-F1-model_v4 Shikimate dehydrogenase (NADP(+))	3.139E+00	0.024	19	61	205	359	1	155	277	187	0.404	0.560
LOKIASV2_3667_ESMFold_hypothetical_protein	AF-Q6HDY4-F1-model_v4	AF-Q6HDY4-F1-model_v4 Bifunctional protein FolD	2.962E+00	0.024	19	62	209	359	34	197	286	193	0.412	0.573
LOKIASV2_3667_ESMFold_hypothetical_protein	AF-Q8EKQ0-F1-model_v4	AF-Q8EKQ0-F1-model_v4 Shikimate dehydrogenase (NADP(+))	4.995E+00	0.024	19	57	215	359	3	170	287	191	0.443	0.585
LOKIASV2_3667_ESMFold_hypothetical_protein	AF-Q5P922-F1-model_v4	AF-Q5P922-F1-model_v4 Bifunctional protein FolD	8.423E+00	0.024	19	38	208	359	10	200	290	217	0.476	0.659
LOKIASV2_3667_ESMFold_hypothetical_protein	AF-Q3ASI0-F1-model_v4	AF-Q3ASI0-F1-model_v4 Bifunctional protein FolD	2.637E+00	0.024	19	49	209	359	19	202	295	207	0.448	0.624
LOKIASV2_3667_ESMFold_hypothetical_protein	AF-B3CTT4-F1-model_v4	AF-B3CTT4-F1-model_v4 Bifunctional protein FolD	4.713E+00	0.024	19	53	209	359	23	198	301	200	0.437	0.585
LOKIASV2_3667_ESMFold_hypothetical_protein	AF-Q18KP1-F1-model_v4	AF-Q18KP1-F1-model_v4 Thiamine thiazole synthase	3.326E+00	0.024	19	43	131	359	14	94	307	93	0.248	0.264
LOKIASV2_3667_ESMFold_hypothetical_protein	AF-Q9UVF8-F1-model_v4	AF-Q9UVF8-F1-model_v4 Thiamine thiazole synthase	2.348E+00	0.024	19	3	131	359	10	145	338	157	0.359	0.402
LOKIASV2_3667_ESMFold_hypothetical_protein	AF-A9SMC8-F1-model_v4	AF-A9SMC8-F1-model_v4 Thiamine thiazole synthase 4, chloroplastic	3.960E+00	0.024	19	43	133	359	59	140	343	96	0.253	0.239
LOKIASV2_3667_ESMFold_hypothetical_protein	AF-Q38814-F1-model_v4	AF-Q38814-F1-model_v4 Thiamine thiazole synthase, chloroplastic	5.945E+00	0.024	19	43	128	359	64	143	349	89	0.240	0.229
LOKIASV2_3667_ESMFold_hypothetical_protein	AF-F6H9A9-F1-model_v4	AF-F6H9A9-F1-model_v4 Thiamine thiazole synthase 1, chloroplastic	2.637E+00	0.024	19	1	133	359	38	148	353	140	0.370	0.314
LOKIASV2_3667_ESMFold_hypothetical_protein	AF-Q41739-F1-model_v4	AF-Q41739-F1-model_v4 Thiamine thiazole synthase 2, chloroplastic	5.293E+00	0.024	19	43	128	359	67	146	354	91	0.240	0.226
LOKIASV2_3667_ESMFold_hypothetical_protein	AF-Q41738-F1-model_v4	AF-Q41738-F1-model_v4 Thiamine thiazole synthase 1, chloroplastic	4.447E+00	0.024	19	43	128	359	70	149	354	91	0.240	0.226
LOKIASV2_3667_ESMFold_hypothetical_protein	AF-B1H3C9-F1-model_v4	AF-B1H3C9-F1-model_v4 Dolichyl-diphosphooligosaccharide--protein glycosyltransferase 48 kDa subunit	2.348E+00	0.024	19	37	178	359	4	174	437	199	0.396	0.391
LOKIASV2_3667_ESMFold_hypothetical_protein	AF-Q7ZW24-F1-model_v4	AF-Q7ZW24-F1-model_v4 GDP-Man:Man(3)GlcNAc(2)-PP-Dol alpha-1,2-mannosyltransferase	6.301E+00	0.024	19	12	133	359	20	143	500	136	0.340	0.248
LOKIASV2_3667_ESMFold_hypothetical_protein	AF-P57681-F1-model_v4	AF-P57681-F1-model_v4 Farnesylcysteine lyase	1.564E+00	0.024	19	57	189	359	30	161	500	159	0.370	0.264
LOKIASV2_3667_ESMFold_hypothetical_protein	AF-B7N5H2-F1-model_v4	AF-B7N5H2-F1-model_v4 Probable malate:quinone oxidoreductase	1.756E+00	0.024	19	33	164	359	2	153	548	172	0.368	0.277
LOKIASV2_3667_ESMFold_hypothetical_protein	AF-C6HCG7-F1-model_v4	AF-C6HCG7-F1-model_v4 Pentafunctional AROM polypeptide	1.240E+00	0.024	19	58	348	359	1287	1593	1595	363	0.811	0.192
LOKIASV2_3667_ESMFold_hypothetical_protein	AF-C0NL63-F1-model_v4	AF-C0NL63-F1-model_v4 Pentafunctional AROM polypeptide	1.170E+00	0.024	19	58	343	359	1287	1588	1595	368	0.797	0.189
LOKIASV2_3667_ESMFold_hypothetical_protein	AF-Q602E6-F1-model_v4	AF-Q602E6-F1-model_v4 Ribosomal RNA large subunit methyltransferase H	5.293E+00	0.020	18	61	200	359	1	117	152	163	0.390	0.770
LOKIASV2_3667_ESMFold_hypothetical_protein	AF-A8ZVP3-F1-model_v4	AF-A8ZVP3-F1-model_v4 Thiamine thiazole synthase	8.749E-01	0.020	18	43	201	359	6	235	258	252	0.443	0.891
LOKIASV2_3667_ESMFold_hypothetical_protein	AF-B0VQB5-F1-model_v4	AF-B0VQB5-F1-model_v4 Shikimate dehydrogenase (NADP(+))	2.962E+00	0.020	18	61	207	359	1	180	262	206	0.409	0.687
LOKIASV2_3667_ESMFold_hypothetical_protein	AF-B7IA68-F1-model_v4	AF-B7IA68-F1-model_v4 Shikimate dehydrogenase (NADP(+))	2.637E+00	0.020	18	61	207	359	1	180	262	202	0.409	0.687
LOKIASV2_3667_ESMFold_hypothetical_protein	AF-Q0A4S2-F1-model_v4	AF-Q0A4S2-F1-model_v4 Shikimate dehydrogenase (NADP(+))	7.948E+00	0.020	18	61	171	359	1	125	270	142	0.309	0.463
LOKIASV2_3667_ESMFold_hypothetical_protein	AF-C5BF12-F1-model_v4	AF-C5BF12-F1-model_v4 Shikimate dehydrogenase (NADP(+))	4.196E+00	0.020	18	63	219	359	2	167	271	192	0.437	0.613
LOKIASV2_3667_ESMFold_hypothetical_protein	AF-Q7MYI6-F1-model_v4	AF-Q7MYI6-F1-model_v4 Shikimate dehydrogenase (NADP(+))	6.301E+00	0.020	18	61	217	359	1	167	272	190	0.437	0.614
LOKIASV2_3667_ESMFold_hypothetical_protein	AF-P46240-F1-model_v4	AF-P46240-F1-model_v4 Shikimate dehydrogenase (NADP(+))	6.301E+00	0.020	18	57	171	359	2	129	273	143	0.320	0.469
LOKIASV2_3667_ESMFold_hypothetical_protein	AF-A0KEX8-F1-model_v4	AF-A0KEX8-F1-model_v4 Shikimate dehydrogenase (NADP(+))	7.948E+00	0.020	18	61	171	359	1	124	273	141	0.309	0.454
LOKIASV2_3667_ESMFold_hypothetical_protein	AF-Q8DDD4-F1-model_v4	AF-Q8DDD4-F1-model_v4 Shikimate dehydrogenase (NADP(+))	5.610E+00	0.020	18	58	217	359	1	172	277	196	0.446	0.621
LOKIASV2_3667_ESMFold_hypothetical_protein	AF-Q74EU7-F1-model_v4	AF-Q74EU7-F1-model_v4 Bifunctional protein FolD 2	6.301E+00	0.020	18	39	207	359	9	198	285	218	0.471	0.667
LOKIASV2_3667_ESMFold_hypothetical_protein	AF-A5FRZ5-F1-model_v4	AF-A5FRZ5-F1-model_v4 Shikimate dehydrogenase (NADP(+))	2.637E+00	0.020	18	63	306	359	7	282	286	325	0.680	0.965
LOKIASV2_3667_ESMFold_hypothetical_protein	AF-B5YJV1-F1-model_v4	AF-B5YJV1-F1-model_v4 Bifunctional protein FolD	4.447E+00	0.020	18	57	203	359	27	192	286	193	0.409	0.580
LOKIASV2_3667_ESMFold_hypothetical_protein	AF-A1BED6-F1-model_v4	AF-A1BED6-F1-model_v4 Shikimate dehydrogenase (NADP(+))	4.995E+00	0.020	18	60	214	359	3	185	295	205	0.432	0.620
LOKIASV2_3667_ESMFold_hypothetical_protein	AF-B8H4A3-F1-model_v4	AF-B8H4A3-F1-model_v4 Bifunctional protein FolD	9.461E+00	0.020	18	38	207	359	11	201	297	214	0.474	0.643
LOKIASV2_3667_ESMFold_hypothetical_protein	AF-B6IVC0-F1-model_v4	AF-B6IVC0-F1-model_v4 Bifunctional protein FolD	6.301E+00	0.020	18	38	207	359	11	201	304	216	0.474	0.628
LOKIASV2_3667_ESMFold_hypothetical_protein	AF-Q3IMI0-F1-model_v4	AF-Q3IMI0-F1-model_v4 Thiamine thiazole synthase	4.447E+00	0.020	18	46	131	359	16	95	309	90	0.240	0.259
LOKIASV2_3667_ESMFold_hypothetical_protein	AF-Q0UQJ9-F1-model_v4	AF-Q0UQJ9-F1-model_v4 Thiamine thiazole synthase	5.293E+00	0.020	18	43	131	359	56	140	329	95	0.248	0.258
LOKIASV2_3667_ESMFold_hypothetical_protein	AF-Q4WMX7-F1-model_v4	AF-Q4WMX7-F1-model_v4 Thiamine thiazole synthase	4.713E+00	0.020	18	1	131	359	25	141	332	140	0.365	0.352
LOKIASV2_3667_ESMFold_hypothetical_protein	AF-P50192-F1-model_v4	AF-P50192-F1-model_v4 Modification methylase HphIA	8.423E+00	0.020	18	1	113	359	1	103	372	129	0.315	0.277
LOKIASV2_3667_ESMFold_hypothetical_protein	AF-Q493T7-F1-model_v4	AF-Q493T7-F1-model_v4 Translation initiation factor IF-2	5.610E+00	0.020	18	29	158	359	646	838	891	197	0.362	0.217
LOKIASV2_3667_ESMFold_hypothetical_protein	AF-A4WKY7-F1-model_v4	AF-A4WKY7-F1-model_v4 Thiamine thiazole synthase	2.488E+00	0.016	17	34	131	359	2	85	261	105	0.273	0.322
LOKIASV2_3667_ESMFold_hypothetical_protein	AF-A3M9B2-F1-model_v4	AF-A3M9B2-F1-model_v4 Shikimate dehydrogenase (NADP(+))	3.736E+00	0.016	17	61	207	359	1	180	262	206	0.409	0.687
LOKIASV2_3667_ESMFold_hypothetical_protein	AF-C3N749-F1-model_v4	AF-C3N749-F1-model_v4 Thiamine thiazole synthase	1.756E+00	0.016	17	43	149	359	11	148	267	151	0.298	0.517
LOKIASV2_3667_ESMFold_hypothetical_protein	AF-C3N6N6-F1-model_v4	AF-C3N6N6-F1-model_v4 Thiamine thiazole synthase	1.657E+00	0.016	17	43	149	359	11	148	267	151	0.298	0.517
LOKIASV2_3667_ESMFold_hypothetical_protein	AF-C3MQY1-F1-model_v4	AF-C3MQY1-F1-model_v4 Thiamine thiazole synthase	1.657E+00	0.016	17	43	149	359	11	148	267	151	0.298	0.517
LOKIASV2_3667_ESMFold_hypothetical_protein	AF-C4KIA7-F1-model_v4	AF-C4KIA7-F1-model_v4 Thiamine thiazole synthase	1.657E+00	0.016	17	43	149	359	11	148	267	151	0.298	0.517
LOKIASV2_3667_ESMFold_hypothetical_protein	AF-Q97ZY5-F1-model_v4	AF-Q97ZY5-F1-model_v4 Thiamine thiazole synthase	1.861E+00	0.016	17	43	149	359	11	148	267	151	0.298	0.517
LOKIASV2_3667_ESMFold_hypothetical_protein	AF-C3NGI6-F1-model_v4	AF-C3NGI6-F1-model_v4 Thiamine thiazole synthase	1.657E+00	0.016	17	43	149	359	11	148	267	151	0.298	0.517
LOKIASV2_3667_ESMFold_hypothetical_protein	AF-A9KBC1-F1-model_v4	AF-A9KBC1-F1-model_v4 Shikimate dehydrogenase (NADP(+))	7.500E+00	0.016	17	61	209	359	1	159	272	187	0.415	0.585
LOKIASV2_3667_ESMFold_hypothetical_protein	AF-A1SR30-F1-model_v4	AF-A1SR30-F1-model_v4 Shikimate dehydrogenase (NADP(+))	7.500E+00	0.016	17	61	213	359	1	161	272	187	0.426	0.592
LOKIASV2_3667_ESMFold_hypothetical_protein	AF-B0BQ79-F1-model_v4	AF-B0BQ79-F1-model_v4 Shikimate dehydrogenase (NADP(+))	6.677E+00	0.016	17	63	215	359	2	163	274	195	0.426	0.591
LOKIASV2_3667_ESMFold_hypothetical_protein	AF-B4F1M1-F1-model_v4	AF-B4F1M1-F1-model_v4 Shikimate dehydrogenase (NADP(+))	6.677E+00	0.016	17	63	209	359	2	159	274	178	0.409	0.577
LOKIASV2_3667_ESMFold_hypothetical_protein	AF-C5CI88-F1-model_v4	AF-C5CI88-F1-model_v4 Bifunctional protein FolD	8.927E+00	0.016	17	48	209	359	16	190	277	203	0.451	0.632
LOKIASV2_3667_ESMFold_hypothetical_protein	AF-A7N127-F1-model_v4	AF-A7N127-F1-model_v4 Shikimate dehydrogenase (NADP(+))	8.927E+00	0.016	17	57	171	359	1	128	277	151	0.320	0.462
LOKIASV2_3667_ESMFold_hypothetical_protein	AF-Q6G5A9-F1-model_v4	AF-Q6G5A9-F1-model_v4 Shikimate dehydrogenase (NADP(+))	7.500E+00	0.016	17	57	171	359	8	135	293	148	0.320	0.437
LOKIASV2_3667_ESMFold_hypothetical_protein	AF-Q46XB7-F1-model_v4	AF-Q46XB7-F1-model_v4 Shikimate dehydrogenase (NADP(+))	8.927E+00	0.016	17	57	171	359	5	133	294	145	0.320	0.439
LOKIASV2_3667_ESMFold_hypothetical_protein	AF-Q1K6I4-F1-model_v4	AF-Q1K6I4-F1-model_v4 Thiamine thiazole synthase	3.525E+00	0.016	17	43	158	359	60	196	344	152	0.323	0.398
LOKIASV2_3667_ESMFold_hypothetical_protein	AF-O32886-F1-model_v4	AF-O32886-F1-model_v4 NADPH-ferredoxin reductase FprA	9.826E-01	0.016	17	57	208	359	1	177	456	205	0.423	0.388
LOKIASV2_3667_ESMFold_hypothetical_protein	AF-Q5R748-F1-model_v4	AF-Q5R748-F1-model_v4 Prenylcysteine oxidase	1.756E+00	0.016	17	29	158	359	1	126	505	146	0.362	0.250
LOKIASV2_3667_ESMFold_hypothetical_protein	AF-Q32I11-F1-model_v4	AF-Q32I11-F1-model_v4 Probable malate:quinone oxidoreductase	1.240E+00	0.016	17	29	164	359	1	153	548	176	0.379	0.279
LOKIASV2_3667_ESMFold_hypothetical_protein	AF-A7ZP32-F1-model_v4	AF-A7ZP32-F1-model_v4 Probable malate:quinone oxidoreductase	1.475E+00	0.016	17	30	164	359	3	153	548	178	0.376	0.276
LOKIASV2_3667_ESMFold_hypothetical_protein	AF-Q57KH7-F1-model_v4	AF-Q57KH7-F1-model_v4 Sulfite reductase [NADPH] flavoprotein alpha-component	8.423E+00	0.016	17	1	97	359	2	97	599	109	0.270	0.160
LOKIASV2_3667_ESMFold_hypothetical_protein	AF-Q87L90-F1-model_v4	AF-Q87L90-F1-model_v4 Sulfite reductase [NADPH] flavoprotein alpha-component	7.948E+00	0.016	17	2	135	359	22	163	623	164	0.373	0.228
LOKIASV2_3667_ESMFold_hypothetical_protein	AF-P07245-F1-model_v4	AF-P07245-F1-model_v4 C-1-tetrahydrofolate synthase, cytoplasmic	6.677E+00	0.016	17	52	207	359	26	203	946	206	0.435	0.188
LOKIASV2_3667_ESMFold_hypothetical_protein	AF-B9WFG1-F1-model_v4	AF-B9WFG1-F1-model_v4 Pentafunctional AROM polypeptide	6.677E+00	0.016	17	53	209	359	1261	1448	1550	220	0.437	0.121
LOKIASV2_3667_ESMFold_hypothetical_protein	AF-B2HZQ2-F1-model_v4	AF-B2HZQ2-F1-model_v4 Shikimate dehydrogenase (NADP(+))	6.677E+00	0.014	16	61	207	359	1	180	262	199	0.409	0.687
LOKIASV2_3667_ESMFold_hypothetical_protein	AF-Q6LXJ8-F1-model_v4	AF-Q6LXJ8-F1-model_v4 Thiamine thiazole synthase	2.962E+00	0.014	16	43	147	359	10	145	262	149	0.292	0.519
LOKIASV2_3667_ESMFold_hypothetical_protein	AF-B7GVX2-F1-model_v4	AF-B7GVX2-F1-model_v4 Shikimate dehydrogenase (NADP(+))	3.960E+00	0.014	16	61	207	359	1	180	262	206	0.409	0.687
LOKIASV2_3667_ESMFold_hypothetical_protein	AF-B0V707-F1-model_v4	AF-B0V707-F1-model_v4 Shikimate dehydrogenase (NADP(+))	4.713E+00	0.014	16	61	207	359	1	180	262	202	0.409	0.687
LOKIASV2_3667_ESMFold_hypothetical_protein	AF-F6BCS4-F1-model_v4	AF-F6BCS4-F1-model_v4 Thiamine thiazole synthase	2.795E+00	0.014	16	43	147	359	10	145	263	149	0.292	0.517
LOKIASV2_3667_ESMFold_hypothetical_protein	AF-A6UV59-F1-model_v4	AF-A6UV59-F1-model_v4 Thiamine thiazole synthase	2.637E+00	0.014	16	44	147	359	13	146	263	145	0.290	0.510
LOKIASV2_3667_ESMFold_hypothetical_protein	AF-C3MWW9-F1-model_v4	AF-C3MWW9-F1-model_v4 Thiamine thiazole synthase	2.348E+00	0.014	16	43	149	359	11	148	267	151	0.298	0.517
LOKIASV2_3667_ESMFold_hypothetical_protein	AF-Q15ZX4-F1-model_v4	AF-Q15ZX4-F1-model_v4 Shikimate dehydrogenase (NADP(+))	7.948E+00	0.014	16	63	192	359	2	144	272	160	0.362	0.526
LOKIASV2_3667_ESMFold_hypothetical_protein	AF-A9NBH0-F1-model_v4	AF-A9NBH0-F1-model_v4 Shikimate dehydrogenase (NADP(+))	8.423E+00	0.014	16	61	209	359	1	159	272	191	0.415	0.585
LOKIASV2_3667_ESMFold_hypothetical_protein	AF-Q82U74-F1-model_v4	AF-Q82U74-F1-model_v4 Shikimate dehydrogenase (NADP(+))	5.945E+00	0.014	16	61	230	359	1	181	276	218	0.474	0.656
LOKIASV2_3667_ESMFold_hypothetical_protein	AF-A7HSJ1-F1-model_v4	AF-A7HSJ1-F1-model_v4 Shikimate dehydrogenase (NADP(+))	7.077E+00	0.014	16	63	214	359	2	166	278	193	0.423	0.594
LOKIASV2_3667_ESMFold_hypothetical_protein	AF-P59414-F1-model_v4	AF-P59414-F1-model_v4 Shikimate dehydrogenase (NADP(+))	7.500E+00	0.014	16	57	210	359	1	184	282	212	0.429	0.652
LOKIASV2_3667_ESMFold_hypothetical_protein	AF-Q3V7Z9-F1-model_v4	AF-Q3V7Z9-F1-model_v4 Thiamine thiazole synthase	7.500E+00	0.014	16	43	131	359	18	98	310	93	0.248	0.261
LOKIASV2_3667_ESMFold_hypothetical_protein	AF-Q4PC85-F1-model_v4	AF-Q4PC85-F1-model_v4 Thiamine thiazole synthase	2.090E+00	0.014	16	45	229	359	69	298	341	250	0.515	0.674
LOKIASV2_3667_ESMFold_hypothetical_protein	AF-Q38709-F1-model_v4	AF-Q38709-F1-model_v4 Thiamine thiazole synthase, chloroplastic	8.927E+00	0.014	16	43	136	359	68	151	352	99	0.262	0.239
LOKIASV2_3667_ESMFold_hypothetical_protein	AF-Q24319-F1-model_v4	AF-Q24319-F1-model_v4 Dolichyl-diphosphooligosaccharide--protein glycosyltransferase 48 kDa subunit	4.713E+00	0.014	16	43	165	359	2	159	449	179	0.343	0.352
LOKIASV2_3667_ESMFold_hypothetical_protein	AF-Q9UHG3-F1-model_v4	AF-Q9UHG3-F1-model_v4 Prenylcysteine oxidase 1	2.090E+00	0.014	16	29	158	359	1	126	505	146	0.362	0.250
LOKIASV2_3667_ESMFold_hypothetical_protein	AF-B7M5Q1-F1-model_v4	AF-B7M5Q1-F1-model_v4 Probable malate:quinone oxidoreductase	2.090E+00	0.014	16	29	164	359	1	153	548	176	0.379	0.279
LOKIASV2_3667_ESMFold_hypothetical_protein	AF-Q0TFN1-F1-model_v4	AF-Q0TFN1-F1-model_v4 Probable malate:quinone oxidoreductase	2.795E+00	0.014	16	37	164	359	4	153	548	170	0.357	0.274
LOKIASV2_3667_ESMFold_hypothetical_protein	AF-Q7N8L6-F1-model_v4	AF-Q7N8L6-F1-model_v4 Sulfite reductase [NADPH] flavoprotein alpha-component	3.960E+00	0.014	16	1	203	359	1	185	600	240	0.565	0.308
LOKIASV2_3667_ESMFold_hypothetical_protein	AF-Q54PG8-F1-model_v4	AF-Q54PG8-F1-model_v4 Glycosyltransferase-like protein gnt14	7.500E+00	0.014	16	1	141	359	301	470	640	188	0.393	0.266
LOKIASV2_3667_ESMFold_hypothetical_protein	AF-Q2W4S6-F1-model_v4	AF-Q2W4S6-F1-model_v4 6,7-dimethyl-8-ribityllumazine synthase	7.077E+00	0.011	15	63	214	359	2	124	150	167	0.423	0.820
LOKIASV2_3667_ESMFold_hypothetical_protein	AF-Q975R0-F1-model_v4	AF-Q975R0-F1-model_v4 Thiamine thiazole synthase	2.348E+00	0.011	15	46	149	359	16	151	266	149	0.290	0.511
LOKIASV2_3667_ESMFold_hypothetical_protein	AF-Q58018-F1-model_v4	AF-Q58018-F1-model_v4 Thiamine thiazole synthase	1.756E+00	0.011	15	24	152	359	9	152	267	168	0.359	0.539
LOKIASV2_3667_ESMFold_hypothetical_protein	AF-B8F634-F1-model_v4	AF-B8F634-F1-model_v4 Shikimate dehydrogenase (NADP(+))	8.927E+00	0.011	15	63	209	359	2	157	272	191	0.409	0.574
LOKIASV2_3667_ESMFold_hypothetical_protein	AF-B8D818-F1-model_v4	AF-B8D818-F1-model_v4 Shikimate dehydrogenase (NADP(+))	7.948E+00	0.011	15	65	207	359	9	181	273	190	0.398	0.634
LOKIASV2_3667_ESMFold_hypothetical_protein	AF-E3JV98-F1-model_v4	AF-E3JV98-F1-model_v4 Thiamine thiazole synthase	2.962E+00	0.011	15	44	229	359	60	293	336	257	0.518	0.696
LOKIASV2_3667_ESMFold_hypothetical_protein	AF-A1VQ12-F1-model_v4	AF-A1VQ12-F1-model_v4 Ferredoxin--NADP reductase	3.736E+00	0.011	15	48	219	359	7	229	366	236	0.479	0.609
LOKIASV2_3667_ESMFold_hypothetical_protein	AF-C4Y8M4-F1-model_v4	AF-C4Y8M4-F1-model_v4 Translation factor GUF1, mitochondrial	7.077E+00	0.011	15	30	200	359	24	192	664	206	0.476	0.255
LOKIASV2_3667_ESMFold_hypothetical_protein	AF-A1CHC3-F1-model_v4	AF-A1CHC3-F1-model_v4 Elongation factor G, mitochondrial	2.348E+00	0.011	15	1	326	359	40	381	801	402	0.908	0.427
LOKIASV2_3667_ESMFold_hypothetical_protein	AF-A4YIV7-F1-model_v4	AF-A4YIV7-F1-model_v4 Thiamine thiazole synthase	5.610E+00	0.010	14	46	149	359	12	146	271	145	0.290	0.498
LOKIASV2_3667_ESMFold_hypothetical_protein	AF-Q9K966-F1-model_v4	AF-Q9K966-F1-model_v4 Bifunctional protein FolD	8.423E+00	0.010	14	62	209	359	34	197	279	193	0.412	0.588
LOKIASV2_3667_ESMFold_hypothetical_protein	AF-A8AED8-F1-model_v4	AF-A8AED8-F1-model_v4 Probable lipid kinase YegS-like	6.677E+00	0.010	14	63	160	359	6	151	299	155	0.273	0.488
LOKIASV2_3667_ESMFold_hypothetical_protein	AF-C5X2M4-F1-model_v4	AF-C5X2M4-F1-model_v4 Thiamine thiazole synthase 2, chloroplastic	6.301E+00	0.010	14	43	147	359	65	200	352	147	0.292	0.386
LOKIASV2_3667_ESMFold_hypothetical_protein	AF-Q8EB10-F1-model_v4	AF-Q8EB10-F1-model_v4 Sulfate adenylyltransferase subunit 1	6.677E+00	0.010	14	32	209	359	2	180	485	210	0.496	0.369
LOKIASV2_3667_ESMFold_hypothetical_protein	AF-B7NN21-F1-model_v4	AF-B7NN21-F1-model_v4 Probable malate:quinone oxidoreductase	2.488E+00	0.010	14	48	164	359	17	153	548	157	0.326	0.250
LOKIASV2_3667_ESMFold_hypothetical_protein	AF-O29556-F1-model_v4	AF-O29556-F1-model_v4 Thiamine thiazole synthase	4.995E+00	0.009	13	28	147	359	4	145	260	164	0.334	0.546
LOKIASV2_3667_ESMFold_hypothetical_protein	AF-Q9UUZ9-F1-model_v4	AF-Q9UUZ9-F1-model_v4 Thiamine thiazole synthase	2.795E+00	0.009	13	2	201	359	25	296	327	303	0.557	0.832
LOKIASV2_3667_ESMFold_hypothetical_protein	AF-B2WBM8-F1-model_v4	AF-B2WBM8-F1-model_v4 Elongation factor G, mitochondrial	6.301E+00	0.009	13	30	215	359	47	259	801	243	0.518	0.266
LOKIASV2_3667_ESMFold_hypothetical_protein	AF-P26166-F1-model_v4	AF-P26166-F1-model_v4 Uncharacterized 20.5 kDa protein in bchF-crtJ intergenic region	6.677E+00	0.008	12	72	210	359	15	117	192	146	0.387	0.536
LOKIASV2_3667_ESMFold_hypothetical_protein	AF-Q32RJ9-F1-model_v4	AF-Q32RJ9-F1-model_v4 tRNA(Ile)-lysidine synthase, chloroplastic	9.461E+00	0.008	12	26	358	359	19	301	420	384	0.928	0.674
LOKIASV2_3667_ESMFold_hypothetical_protein	AF-Q32RX0-F1-model_v4	AF-Q32RX0-F1-model_v4 tRNA(Ile)-lysidine synthase, chloroplastic	6.677E+00	0.007	11	6	344	359	1	343	493	399	0.944	0.696
