LOKIASV2_0654_ESMFold_hypothetical_protein	1myk-assembly1.cif.gz_A	1myk-assembly1.cif.gz_A CRYSTAL STRUCTURE, FOLDING, AND OPERATOR BINDING OF THE HYPERSTABLE ARC REPRESSOR MUTANT PL8	2.367E+00	0.795	61	18	59	243	1	44	47	44	0.173	0.936
LOKIASV2_0654_ESMFold_hypothetical_protein	1par-assembly1.cif.gz_A	1par-assembly1.cif.gz_A DNA RECOGNITION BY BETA-SHEETS IN THE ARC REPRESSOR-OPERATOR CRYSTAL STRUCTURE	2.666E+00	0.692	57	16	59	243	4	49	52	46	0.181	0.885
LOKIASV2_0654_ESMFold_hypothetical_protein	6iya-assembly1.cif.gz_B	6iya-assembly1.cif.gz_B Structure of the DNA binding domain of antitoxin CopASO	4.292E+00	0.601	54	19	59	243	3	45	48	43	0.169	0.896
LOKIASV2_0654_ESMFold_hypothetical_protein	7zzq-assembly1.cif.gz_D	7zzq-assembly1.cif.gz_D BcsH-BcsD 'beads-on-a-string' filament, local refine	2.064E-01	0.569	53	80	177	243	7	121	136	119	0.403	0.846
LOKIASV2_0654_ESMFold_hypothetical_protein	3aj2-assembly1.cif.gz_A-2	3aj2-assembly1.cif.gz_A-2 The structure of AxCeSD octamer (C-terminal HIS-tag) from Acetobacter xylinum	2.064E-01	0.442	49	75	178	243	2	129	148	134	0.428	0.865
LOKIASV2_0654_ESMFold_hypothetical_protein	3a8e-assembly1.cif.gz_B-2	3a8e-assembly1.cif.gz_B-2 The structure of AxCesD octamer complexed with cellopentaose	1.361E-01	0.442	49	73	179	243	1	131	158	137	0.440	0.829
LOKIASV2_0654_ESMFold_hypothetical_protein	3eee-assembly4.cif.gz_D	3eee-assembly4.cif.gz_D Probing the function of heme distortion in the H-NOX family	6.023E-01	0.353	46	71	176	243	38	159	188	124	0.436	0.649
LOKIASV2_0654_ESMFold_hypothetical_protein	2k9i-assembly1.cif.gz_A	2k9i-assembly1.cif.gz_A NMR structure of plasmid copy control protein ORF56 from sulfolobus islandicus	3.383E+00	0.326	45	19	59	243	9	49	55	43	0.169	0.745
LOKIASV2_0654_ESMFold_hypothetical_protein	3aj2-assembly1.cif.gz_C-2	3aj2-assembly1.cif.gz_C-2 The structure of AxCeSD octamer (C-terminal HIS-tag) from Acetobacter xylinum	3.130E-01	0.326	45	73	188	243	1	136	145	143	0.477	0.938
LOKIASV2_0654_ESMFold_hypothetical_protein	2wvc-assembly1.cif.gz_B	2wvc-assembly1.cif.gz_B Structural and mechanistic insights into Helicobacter pylori NikR function	4.292E+00	0.277	43	18	67	243	1	53	138	55	0.206	0.384
LOKIASV2_0654_ESMFold_hypothetical_protein	4u9b-assembly1.cif.gz_A	4u9b-assembly1.cif.gz_A Crystal structure of an H-NOX protein from S. oneidensis in the Fe(II)NO ligation state	6.785E-01	0.254	42	26	176	243	1	160	180	175	0.621	0.889
LOKIASV2_0654_ESMFold_hypothetical_protein	7zzq-assembly1.cif.gz_P	7zzq-assembly1.cif.gz_P BcsH-BcsD 'beads-on-a-string' filament, local refine	5.675E-01	0.233	41	80	177	243	7	122	138	122	0.403	0.841
LOKIASV2_0654_ESMFold_hypothetical_protein	7zzy-assembly1.cif.gz_C	7zzy-assembly1.cif.gz_C Solution BcsD structure	7.201E-01	0.233	41	78	177	243	10	125	138	122	0.412	0.841
LOKIASV2_0654_ESMFold_hypothetical_protein	3qoq-assembly1.cif.gz_D	3qoq-assembly1.cif.gz_D Crystal Structure of the Transcription Factor AmrZ in Complex with the 18 Base Pair amrZ1 Binding Site	7.332E+00	0.214	40	19	62	243	1	47	48	47	0.181	0.979
LOKIASV2_0654_ESMFold_hypothetical_protein	8pkd-assembly1.cif.gz_D	8pkd-assembly1.cif.gz_D Cryo-EM structure of Orrella dioscoreae BcsD	6.023E-01	0.196	39	79	179	243	23	136	150	122	0.416	0.760
LOKIASV2_0654_ESMFold_hypothetical_protein	6wqe-assembly1.cif.gz_A	6wqe-assembly1.cif.gz_A Solution Structure of the IWP-051-bound H-NOX from Shewanella woodyi in the Fe(II)CO ligation state	4.748E-01	0.196	39	30	182	243	6	167	190	173	0.630	0.853
LOKIASV2_0654_ESMFold_hypothetical_protein	6jt2-assembly1.cif.gz_B	6jt2-assembly1.cif.gz_B Structure of human soluble guanylate cyclase in the NO activated state	1.758E+00	0.150	36	26	179	243	1	168	569	178	0.634	0.295
LOKIASV2_0654_ESMFold_hypothetical_protein	7zzq-assembly1.cif.gz_B	7zzq-assembly1.cif.gz_B BcsH-BcsD 'beads-on-a-string' filament, local refine	1.561E+00	0.138	35	80	166	243	7	106	141	106	0.358	0.709
LOKIASV2_0654_ESMFold_hypothetical_protein	6bde-assembly1.cif.gz_A	6bde-assembly1.cif.gz_A Crystal structure of Fe(II) unliganded H-NOX protein mutant A71G from K. algicida	8.608E-01	0.138	35	50	179	243	6	167	185	168	0.535	0.876
LOKIASV2_0654_ESMFold_hypothetical_protein	6u3s-assembly1.cif.gz_A	6u3s-assembly1.cif.gz_A Solution NMR structure of the DNAJB6b deltaST variant (Aligned on the CTD domain)	2.367E+00	0.116	33	126	150	243	134	159	190	26	0.103	0.137
LOKIASV2_0654_ESMFold_hypothetical_protein	7d9t-assembly1.cif.gz_B	7d9t-assembly1.cif.gz_B Structure of human soluble guanylate cyclase in the cinciguat-bound inactive state	3.003E+00	0.106	32	30	179	243	4	162	567	174	0.617	0.280
LOKIASV2_0654_ESMFold_hypothetical_protein	8pog-assembly1.cif.gz_D	8pog-assembly1.cif.gz_D Cryo-EM structure of Enterobacter sp. 638 BcsD	9.136E-01	0.098	31	22	170	243	1	128	156	164	0.613	0.821
LOKIASV2_0654_ESMFold_hypothetical_protein	3tf8-assembly1.cif.gz_A	3tf8-assembly1.cif.gz_A Crystal structure of an H-NOX protein from Nostoc sp. PCC 7120	4.834E+00	0.090	30	90	176	243	64	163	183	101	0.358	0.546
LOKIASV2_0654_ESMFold_hypothetical_protein	8apo-assembly1.cif.gz_Xc	8apo-assembly1.cif.gz_Xc Structure of the mitochondrial ribosome from Polytomella magna with tRNAs bound to the A and P sites	4.555E+00	0.082	29	118	149	243	8	37	57	32	0.132	0.526
LOKIASV2_0654_ESMFold_hypothetical_protein	4u99-assembly2.cif.gz_B	4u99-assembly2.cif.gz_B Crystal structure of an H-NOX protein from S. oneidensis in the Fe(II) ligation state, Q154A/Q155A/K156A mutant	2.830E+00	0.082	29	26	178	243	1	160	186	177	0.630	0.860
LOKIASV2_0654_ESMFold_hypothetical_protein	3vr6-assembly1.cif.gz_G	3vr6-assembly1.cif.gz_G Crystal structure of AMP-PNP bound Enterococcus hirae V1-ATPase [bV1]	1.627E-01	0.076	28	20	224	243	1	164	176	222	0.844	0.932
LOKIASV2_0654_ESMFold_hypothetical_protein	8hl4-assembly1.cif.gz_L18P	8hl4-assembly1.cif.gz_L18P Cryo-EM Structures and Translocation Mechanism of Crenarchaeota Ribosome	1.230E+00	0.076	28	107	153	243	9	54	193	47	0.193	0.238
LOKIASV2_0654_ESMFold_hypothetical_protein	5knc-assembly1.cif.gz_G	5knc-assembly1.cif.gz_G Crystal structure of the 3 ADP-bound V1 complex	1.627E-01	0.076	28	21	224	243	1	184	195	226	0.840	0.944
LOKIASV2_0654_ESMFold_hypothetical_protein	1xbu-assembly1.cif.gz_A	1xbu-assembly1.cif.gz_A Streptomyces griseus aminopeptidase complexed with p-iodo-D-phenylalanine	2.666E+00	0.069	27	89	150	243	5	71	275	73	0.255	0.244
LOKIASV2_0654_ESMFold_hypothetical_protein	4gvr-assembly1.cif.gz_A	4gvr-assembly1.cif.gz_A X-ray structure of the Archaeoglobus fulgidus methenyl-tetrahydromethanopterin cyclohydrolase	4.292E+00	0.069	27	127	148	243	59	80	315	22	0.091	0.070
LOKIASV2_0654_ESMFold_hypothetical_protein	2dch-assembly1.cif.gz_X	2dch-assembly1.cif.gz_X Crystal structure of archaeal intron-encoded homing endonuclease I-Tsp061I	2.367E+00	0.063	26	127	179	243	113	164	204	53	0.218	0.255
LOKIASV2_0654_ESMFold_hypothetical_protein	7dxq-assembly1.cif.gz_A	7dxq-assembly1.cif.gz_A Crystal Structure of Cyanobacterial Circadian Clock Protein KaiC	6.134E+00	0.063	26	122	148	243	395	421	463	27	0.111	0.058
LOKIASV2_0654_ESMFold_hypothetical_protein	8hbe-assembly1.cif.gz_B	8hbe-assembly1.cif.gz_B Structure of human soluble guanylate cyclase in the inactive state at 3.1 angstrom	7.782E+00	0.063	26	26	179	243	1	168	572	178	0.634	0.294
LOKIASV2_0654_ESMFold_hypothetical_protein	7sbv-assembly1.cif.gz_A	7sbv-assembly1.cif.gz_A Structure of OC43 spike in complex with polyclonal Fab4 (Donor 269)	4.834E+00	0.063	26	129	152	243	118	141	1172	24	0.099	0.020
LOKIASV2_0654_ESMFold_hypothetical_protein	7sbx-assembly1.cif.gz_B	7sbx-assembly1.cif.gz_B Structure of OC43 spike in complex with polyclonal Fab6 (Donor 1051)	6.134E+00	0.063	26	129	152	243	122	145	1183	24	0.099	0.020
LOKIASV2_0654_ESMFold_hypothetical_protein	3on0-assembly1.cif.gz_B	3on0-assembly1.cif.gz_B Crystal structure of the pED208 TraM-sbmA complex	5.445E+00	0.057	25	20	127	243	1	110	118	120	0.444	0.932
LOKIASV2_0654_ESMFold_hypothetical_protein	2qzb-assembly1.cif.gz_A	2qzb-assembly1.cif.gz_A Crystal structure of the uncharacterized protein yfeY from Escherichia coli	7.782E+00	0.057	25	129	148	243	30	49	145	20	0.082	0.138
LOKIASV2_0654_ESMFold_hypothetical_protein	2qzb-assembly2.cif.gz_B	2qzb-assembly2.cif.gz_B Crystal structure of the uncharacterized protein yfeY from Escherichia coli	6.909E+00	0.057	25	121	148	243	19	46	147	28	0.115	0.190
LOKIASV2_0654_ESMFold_hypothetical_protein	3vr4-assembly1.cif.gz_G	3vr4-assembly1.cif.gz_G Crystal structure of Enterococcus hirae V1-ATPase [eV1]	5.348E-01	0.057	25	27	224	243	3	170	181	215	0.815	0.928
LOKIASV2_0654_ESMFold_hypothetical_protein	5b0v-assembly1.cif.gz_A	5b0v-assembly1.cif.gz_A Crystal Structure of Marburg virus VP40 Dimer	4.044E+00	0.057	25	116	156	243	57	94	258	41	0.169	0.147
LOKIASV2_0654_ESMFold_hypothetical_protein	1tf8-assembly1.cif.gz_A	1tf8-assembly1.cif.gz_A Streptomyces griseus aminopeptidase complexed with L-tryptophan	3.590E+00	0.057	25	89	150	243	5	71	273	73	0.255	0.245
LOKIASV2_0654_ESMFold_hypothetical_protein	1tkh-assembly1.cif.gz_A	1tkh-assembly1.cif.gz_A Streptomyces griseus aminopeptidase complexed with D-Phenylalanine	3.003E+00	0.057	25	89	154	243	5	72	274	77	0.272	0.248
LOKIASV2_0654_ESMFold_hypothetical_protein	3adi-assembly1.cif.gz_A	3adi-assembly1.cif.gz_A Structure of Arabidopsis HYL1 and its molecular implications for miRNA processing	5.445E+00	0.051	24	117	149	243	5	39	71	35	0.136	0.493
LOKIASV2_0654_ESMFold_hypothetical_protein	7cko-assembly1.cif.gz_B	7cko-assembly1.cif.gz_B Cryo-EM structure of the human MCT1/Basigin-2 complex in the presence of anti-cancer drug candidate 7ACC2 in the inward-open conformation	9.873E+00	0.051	24	129	151	243	2	24	216	23	0.095	0.106
LOKIASV2_0654_ESMFold_hypothetical_protein	4uc8-assembly2.cif.gz_A	4uc8-assembly2.cif.gz_A N-terminal globular domain of the RSV Nucleoprotein in complex with C- terminal phenylalanine of the Phosphoprotein	8.608E-01	0.051	24	89	224	243	6	190	222	191	0.560	0.833
LOKIASV2_0654_ESMFold_hypothetical_protein	1tkj-assembly1.cif.gz_A	1tkj-assembly1.cif.gz_A Streptomyces griseus aminopeptidase complexed with D-Methionine	4.292E+00	0.051	24	89	150	243	5	71	277	73	0.255	0.242
LOKIASV2_0654_ESMFold_hypothetical_protein	6i8w-assembly2.cif.gz_B	6i8w-assembly2.cif.gz_B Crystal structure of a membrane phospholipase A, a novel bacterial virulence factor	8.259E+00	0.051	24	117	147	243	24	56	310	33	0.128	0.106
LOKIASV2_0654_ESMFold_hypothetical_protein	4c89-assembly2.cif.gz_D	4c89-assembly2.cif.gz_D Crystal structure of carboxylesterase LpEst1 from Lactobacillus plantarum: high resolution model	4.834E+00	0.051	24	128	156	243	74	102	341	29	0.119	0.085
LOKIASV2_0654_ESMFold_hypothetical_protein	1sqi-assembly1.cif.gz_A	1sqi-assembly1.cif.gz_A Structural basis for inhibitor selectivity revealed by crystal structures of plant and mammalian 4-hydroxyphenylpyruvate dioxygenases	6.909E+00	0.051	24	115	158	243	95	150	343	57	0.181	0.163
LOKIASV2_0654_ESMFold_hypothetical_protein	7dxq-assembly1.cif.gz_E	7dxq-assembly1.cif.gz_E Crystal Structure of Cyanobacterial Circadian Clock Protein KaiC	8.259E+00	0.051	24	122	152	243	398	428	465	31	0.128	0.067
LOKIASV2_0654_ESMFold_hypothetical_protein	8hbh-assembly1.cif.gz_B	8hbh-assembly1.cif.gz_B Structure of human soluble guanylate cyclase in the NO-activated state at 3.1 angstrom	8.765E+00	0.051	24	26	178	243	1	168	577	178	0.630	0.291
LOKIASV2_0654_ESMFold_hypothetical_protein	2onc-assembly2.cif.gz_D-2	2onc-assembly2.cif.gz_D-2 Crystal structure of human DPP-4	5.131E+00	0.051	24	115	149	243	452	486	722	35	0.144	0.048
LOKIASV2_0654_ESMFold_hypothetical_protein	4kr1-assembly1.cif.gz_A	4kr1-assembly1.cif.gz_A Crystal structure of the kinetechore protein Iml3 from budding yeast	6.134E+00	0.045	23	115	148	243	15	50	219	36	0.140	0.164
LOKIASV2_0654_ESMFold_hypothetical_protein	4ucb-assembly2.cif.gz_A	4ucb-assembly2.cif.gz_A N-terminal globular domain of the RSV Nucleoprotein in complex with C- terminal peptide of the Phosphoprotein	5.675E-01	0.045	23	89	222	243	6	186	219	185	0.551	0.826
LOKIASV2_0654_ESMFold_hypothetical_protein	4uca-assembly2.cif.gz_B	4uca-assembly2.cif.gz_B N-terminal globular domain of the RSV Nucleoprotein in complex with C- terminal peptide of the Phosphoprotein	9.136E-01	0.045	23	89	222	243	5	187	220	184	0.551	0.832
LOKIASV2_0654_ESMFold_hypothetical_protein	7yny-assembly1.cif.gz_H	7yny-assembly1.cif.gz_H Crystal structure of baculovirus LEF-3 from Helicoverpa armigera nucleopolyhedrovirus	9.873E+00	0.045	23	129	150	243	9	31	327	23	0.091	0.070
LOKIASV2_0654_ESMFold_hypothetical_protein	7q3d-assembly1.cif.gz_B	7q3d-assembly1.cif.gz_B Structure of the human CPLANE complex	5.779E+00	0.045	23	110	151	243	378	419	453	42	0.173	0.093
LOKIASV2_0654_ESMFold_hypothetical_protein	7s65-assembly1.cif.gz_F	7s65-assembly1.cif.gz_F Compressed conformation of nighttime state KaiC	8.259E+00	0.045	23	121	148	243	410	437	463	28	0.115	0.060
LOKIASV2_0654_ESMFold_hypothetical_protein	4bkw-assembly1.cif.gz_A	4bkw-assembly1.cif.gz_A Crystal structure of the C-terminal region of human ZFYVE9	2.230E+00	0.045	23	85	170	243	395	466	479	86	0.354	0.150
LOKIASV2_0654_ESMFold_hypothetical_protein	5exc-assembly1.cif.gz_C	5exc-assembly1.cif.gz_C Photoconverted red fluorescent protein DendRFP	5.779E+00	0.040	22	129	148	243	7	26	58	20	0.082	0.345
LOKIASV2_0654_ESMFold_hypothetical_protein	5cff-assembly2.cif.gz_G	5cff-assembly2.cif.gz_G Crystal structure of Miranda/Staufen dsRBD5 complex	7.782E+00	0.040	22	118	148	243	5	35	70	31	0.128	0.443
LOKIASV2_0654_ESMFold_hypothetical_protein	7p48-assembly1.cif.gz_p	7p48-assembly1.cif.gz_p Staphylococcus aureus ribosome in complex with Sal(B)	5.779E+00	0.040	22	129	154	243	2	27	87	26	0.107	0.299
LOKIASV2_0654_ESMFold_hypothetical_protein	4gt8-assembly1.cif.gz_A	4gt8-assembly1.cif.gz_A Crystal Structure of the Catalytic and ATP-binding Domain from VraS in Complex with ADP	2.102E+00	0.040	22	47	178	243	10	116	133	141	0.543	0.805
LOKIASV2_0654_ESMFold_hypothetical_protein	4rnd-assembly1.cif.gz_C	4rnd-assembly1.cif.gz_C Crystal Structure of the subunit DF-assembly of the eukaryotic V-ATPase.	9.136E-01	0.040	22	78	224	243	8	162	167	165	0.605	0.928
LOKIASV2_0654_ESMFold_hypothetical_protein	4rnd-assembly1.cif.gz_A	4rnd-assembly1.cif.gz_A Crystal Structure of the subunit DF-assembly of the eukaryotic V-ATPase.	9.136E-01	0.040	22	78	226	243	18	176	178	166	0.613	0.893
LOKIASV2_0654_ESMFold_hypothetical_protein	4ucd-assembly1.cif.gz_A	4ucd-assembly1.cif.gz_A N-terminal globular domain of the RSV Nucleoprotein in complex with the Nucleoprotein Phosphoprotein interaction inhibitor M81	9.136E-01	0.040	22	89	224	243	6	189	220	188	0.560	0.836
LOKIASV2_0654_ESMFold_hypothetical_protein	4s1t-assembly1.cif.gz_A	4s1t-assembly1.cif.gz_A Crystal structure of the mutant I26A/N52A of the endoribonuclease from human coronavirus 229E	6.510E+00	0.040	22	116	153	243	297	335	342	39	0.156	0.114
LOKIASV2_0654_ESMFold_hypothetical_protein	7sqc-assembly1.cif.gz_S3	7sqc-assembly1.cif.gz_S3 Ciliary C1 central pair apparatus isolated from Chlamydomonas reinhardtii	4.555E+00	0.034	21	20	78	243	33	97	153	65	0.243	0.425
LOKIASV2_0654_ESMFold_hypothetical_protein	5knd-assembly1.cif.gz_G	5knd-assembly1.cif.gz_G Crystal structure of the Pi-bound V1 complex	7.201E-01	0.034	21	80	224	243	15	167	178	172	0.597	0.860
LOKIASV2_0654_ESMFold_hypothetical_protein	3aon-assembly1.cif.gz_A	3aon-assembly1.cif.gz_A Crystal structure of the central axis (NtpD-NtpG) in the catalytic portion of Enterococcus hirae V-type sodium ATPase	1.306E+00	0.034	21	26	221	243	1	186	188	225	0.807	0.989
LOKIASV2_0654_ESMFold_hypothetical_protein	4p57-assembly2.cif.gz_D	4p57-assembly2.cif.gz_D MHC TCR peptide complex	7.332E+00	0.034	21	129	148	243	22	41	196	20	0.082	0.102
LOKIASV2_0654_ESMFold_hypothetical_protein	4p57-assembly1.cif.gz_B	4p57-assembly1.cif.gz_B MHC TCR peptide complex	7.332E+00	0.034	21	129	148	243	23	42	197	20	0.082	0.102
LOKIASV2_0654_ESMFold_hypothetical_protein	4p4r-assembly2.cif.gz_D	4p4r-assembly2.cif.gz_D Structural Basis of Chronic Beryllium Disease: Bridging the Gap Between Allergic Hypersensitivity and Autoimmunity	7.782E+00	0.034	21	129	148	243	19	38	199	20	0.082	0.101
LOKIASV2_0654_ESMFold_hypothetical_protein	7ug9-assembly1.cif.gz_A	7ug9-assembly1.cif.gz_A Crystal structure of RNase AM PHP domain	5.779E+00	0.034	21	116	166	243	43	97	206	55	0.210	0.267
LOKIASV2_0654_ESMFold_hypothetical_protein	4uca-assembly1.cif.gz_A	4uca-assembly1.cif.gz_A N-terminal globular domain of the RSV Nucleoprotein in complex with C- terminal peptide of the Phosphoprotein	8.608E-01	0.034	21	89	222	243	6	186	219	185	0.551	0.826
LOKIASV2_0654_ESMFold_hypothetical_protein	4uc6-assembly2.cif.gz_B	4uc6-assembly2.cif.gz_B N-terminal globular domain of the RSV Nucleoprotein	9.696E-01	0.034	21	89	222	243	6	188	220	187	0.551	0.832
LOKIASV2_0654_ESMFold_hypothetical_protein	5b0v-assembly1.cif.gz_B	5b0v-assembly1.cif.gz_B Crystal Structure of Marburg virus VP40 Dimer	6.909E+00	0.034	21	116	156	243	61	98	255	41	0.169	0.149
LOKIASV2_0654_ESMFold_hypothetical_protein	8db3-assembly1.cif.gz_B-2	8db3-assembly1.cif.gz_B-2 Crystal structure of KaiC with truncated C-terminal coiled-coil domain	9.303E+00	0.034	21	124	154	243	167	200	439	34	0.128	0.077
LOKIASV2_0654_ESMFold_hypothetical_protein	3c2w-assembly4.cif.gz_B	3c2w-assembly4.cif.gz_B Crystal structure of the photosensory core domain of P. aeruginosa bacteriophytochrome PaBphP in the Pfr state	6.510E+00	0.034	21	114	152	243	58	100	468	43	0.160	0.092
LOKIASV2_0654_ESMFold_hypothetical_protein	3c2w-assembly2.cif.gz_D	3c2w-assembly2.cif.gz_D Crystal structure of the photosensory core domain of P. aeruginosa bacteriophytochrome PaBphP in the Pfr state	6.909E+00	0.034	21	118	152	243	63	100	478	38	0.144	0.079
LOKIASV2_0654_ESMFold_hypothetical_protein	3g0g-assembly6.cif.gz_D	3g0g-assembly6.cif.gz_D Crystal structure of dipeptidyl peptidase IV in complex with a pyrimidinone inhibitor 3	9.303E+00	0.034	21	115	149	243	420	454	690	35	0.144	0.051
LOKIASV2_0654_ESMFold_hypothetical_protein	3g0d-assembly6.cif.gz_D	3g0d-assembly6.cif.gz_D Crystal structure of dipeptidyl peptidase IV in complex with a pyrimidinedione inhibitor 2	8.765E+00	0.034	21	115	149	243	453	487	723	35	0.144	0.048
LOKIASV2_0654_ESMFold_hypothetical_protein	1pfq-assembly1.cif.gz_B	1pfq-assembly1.cif.gz_B crystal structure of human apo dipeptidyl peptidase IV / CD26	8.259E+00	0.034	21	115	148	243	455	488	725	34	0.140	0.047
LOKIASV2_0654_ESMFold_hypothetical_protein	3sx4-assembly1.cif.gz_A	3sx4-assembly1.cif.gz_A Crystal structure of human dpp-iv in complex with sa-(+)-3-(aminomethyl)-4-(2,4-dichlorophenyl)-6-(2-methoxyphenyl)- 2-methyl-5h-pyrrolo[3,4-b]pyridin-7(6h)-one	9.303E+00	0.034	21	115	149	243	456	490	726	35	0.144	0.048
LOKIASV2_0654_ESMFold_hypothetical_protein	1u8e-assembly1.cif.gz_B	1u8e-assembly1.cif.gz_B HUMAN DIPEPTIDYL PEPTIDASE IV/CD26 MUTANT Y547F	8.765E+00	0.034	21	115	149	243	458	492	728	35	0.144	0.048
LOKIASV2_0654_ESMFold_hypothetical_protein	2ret-assembly1.cif.gz_G	2ret-assembly1.cif.gz_G The crystal structure of a binary complex of two pseudopilins: EpsI and EpsJ from the Type 2 Secretion System of Vibrio vulnificus	6.510E+00	0.029	20	111	155	243	12	56	81	46	0.185	0.556
LOKIASV2_0654_ESMFold_hypothetical_protein	8t8b-assembly1.cif.gz_2y	8t8b-assembly1.cif.gz_2y Crystal structure of the Thermus thermophilus 70S ribosome in complex with protein Y, A-site aminoacyl-tRNA analog ACC-PMN, and P-site formyl-MAI-tripeptidyl-tRNA analog ACCA-IAMf at 2.65A resolution	7.332E+00	0.029	20	107	167	243	11	77	96	69	0.251	0.698
LOKIASV2_0654_ESMFold_hypothetical_protein	8b02-assembly2.cif.gz_B	8b02-assembly2.cif.gz_B Crystal structure of the dsRBD domain of tRNA-dihydrouridine(20) synthase from Amphimedon queenslandica	9.873E+00	0.029	20	117	149	243	29	61	101	33	0.136	0.327
LOKIASV2_0654_ESMFold_hypothetical_protein	2zfw-assembly1.cif.gz_B	2zfw-assembly1.cif.gz_B Crystal structure of Pex from Synechococcus sp. (strain PCC 7942) (Anacystis nidulans R2)	5.131E+00	0.029	20	76	168	243	1	110	112	113	0.383	0.982
LOKIASV2_0654_ESMFold_hypothetical_protein	4jmq-assembly1.cif.gz_A	4jmq-assembly1.cif.gz_A Crystal structure of pb9: The Dit of bacteriophage T5.	9.303E+00	0.029	20	130	170	243	19	59	190	41	0.169	0.216
LOKIASV2_0654_ESMFold_hypothetical_protein	4p5m-assembly4.cif.gz_H	4p5m-assembly4.cif.gz_H Structural Basis of Chronic Beryllium Disease: Bridging the Gap Between Allergic Hypersensitivity and Autoimmunity	9.303E+00	0.029	20	129	148	243	20	39	191	20	0.082	0.105
LOKIASV2_0654_ESMFold_hypothetical_protein	4uce-assembly1.cif.gz_A	4uce-assembly1.cif.gz_A N-terminal globular domain of the RSV Nucleoprotein in complex with the Nucleoprotein Phosphoprotein interaction inhibitor M72	1.230E+00	0.029	20	89	222	243	6	185	218	184	0.551	0.826
LOKIASV2_0654_ESMFold_hypothetical_protein	1xjo-assembly1.cif.gz_A	1xjo-assembly1.cif.gz_A STRUCTURE OF AMINOPEPTIDASE	9.873E+00	0.029	20	89	154	243	5	72	270	75	0.272	0.252
LOKIASV2_0654_ESMFold_hypothetical_protein	5h8j-assembly2.cif.gz_K	5h8j-assembly2.cif.gz_K Crystal structure of Medicago truncatula N-carbamoylputrescine amidohydrolase (MtCPA) in complex with cadaverine	8.765E+00	0.029	20	121	149	243	81	109	301	29	0.119	0.096
LOKIASV2_0654_ESMFold_hypothetical_protein	6qin-assembly1.cif.gz_B	6qin-assembly1.cif.gz_B CRYSTAL STRUCTURE OF THE PMGL2 ESTERASE FROM PERMAFROST METAGENOMIC LIBRARY	5.445E+00	0.029	20	76	148	243	4	74	318	80	0.300	0.223
LOKIASV2_0654_ESMFold_hypothetical_protein	6kmo-assembly1.cif.gz_B	6kmo-assembly1.cif.gz_B Crystal structure of a novel esterase CinB from Enterobacter asburiae	4.292E+00	0.029	20	96	154	243	23	87	328	67	0.243	0.198
LOKIASV2_0654_ESMFold_hypothetical_protein	5lrx-assembly1.cif.gz_A	5lrx-assembly1.cif.gz_A Structure of A20 OTU domain bound to ubiquitin	3.590E+00	0.029	20	115	170	243	285	344	348	60	0.230	0.172
LOKIASV2_0654_ESMFold_hypothetical_protein	8iuo-assembly1.cif.gz_A	8iuo-assembly1.cif.gz_A respiratory syncytial virus nucleocapsid-like assembly	1.306E+00	0.029	20	75	224	243	7	221	362	219	0.617	0.594
LOKIASV2_0654_ESMFold_hypothetical_protein	4i5s-assembly1.cif.gz_A	4i5s-assembly1.cif.gz_A Structure and function of sensor histidine kinase	9.873E+00	0.029	20	119	168	243	288	341	380	54	0.206	0.142
LOKIASV2_0654_ESMFold_hypothetical_protein	8edg-assembly1.cif.gz_A	8edg-assembly1.cif.gz_A Cryo-EM structure of the Hermes transposase bound to two left-ends of its DNA transposon	1.866E+00	0.029	20	7	151	243	58	194	550	161	0.597	0.249
LOKIASV2_0654_ESMFold_hypothetical_protein	2aj8-assembly1.cif.gz_A	2aj8-assembly1.cif.gz_A Porcine dipeptidyl peptidase IV (CD26) in complex with 7-Benzyl-1,3-dimethyl-8-piperazin-1-yl-3,7-dihydro-purine-2,6-dione (BDPX)	9.873E+00	0.029	20	115	148	243	458	491	728	34	0.140	0.047
LOKIASV2_0654_ESMFold_hypothetical_protein	2a50-assembly1.cif.gz_C	2a50-assembly1.cif.gz_C fluorescent protein asFP595, wt, off-state	8.259E+00	0.024	19	129	148	243	7	26	59	20	0.082	0.339
LOKIASV2_0654_ESMFold_hypothetical_protein	6gp1-assembly1.cif.gz_A	6gp1-assembly1.cif.gz_A Structure of mEos4b in the red long-lived dark state	8.765E+00	0.024	19	129	148	243	14	33	65	20	0.082	0.308
LOKIASV2_0654_ESMFold_hypothetical_protein	2l2n-assembly1.cif.gz_A	2l2n-assembly1.cif.gz_A Backbone 1H, 13C, and 15N Chemical Shift Assignments for the first dsRBD of protein HYL1	8.765E+00	0.024	19	121	148	243	7	36	71	31	0.115	0.423
LOKIASV2_0654_ESMFold_hypothetical_protein	3vyy-assembly2.cif.gz_B	3vyy-assembly2.cif.gz_B Structural insights into RISC assembly facilitated by dsRNA binding domains of human RNA helicase A (DHX9)	6.510E+00	0.024	19	114	183	243	2	80	84	86	0.288	0.940
LOKIASV2_0654_ESMFold_hypothetical_protein	1x48-assembly1.cif.gz_A	1x48-assembly1.cif.gz_A Solution structure of the second DSRM domain in Interferon-induced, double-stranded RNA-activated protein kinase	7.782E+00	0.024	19	120	149	243	12	43	88	32	0.123	0.364
LOKIASV2_0654_ESMFold_hypothetical_protein	3vyx-assembly1.cif.gz_A	3vyx-assembly1.cif.gz_A Structural insights into RISC assembly facilitated by dsRNA binding domains of human RNA helicase (DHX9)	5.445E+00	0.024	19	117	170	243	15	81	95	68	0.222	0.705
LOKIASV2_0654_ESMFold_hypothetical_protein	6u9j-assembly1.cif.gz_A	6u9j-assembly1.cif.gz_A Crystal structure of ChuX	5.445E+00	0.024	19	131	170	243	104	159	160	56	0.165	0.350
LOKIASV2_0654_ESMFold_hypothetical_protein	1in0-assembly2.cif.gz_B	1in0-assembly2.cif.gz_B YAJQ PROTEIN (HI1034)	3.383E+00	0.024	19	92	178	243	12	83	162	90	0.358	0.444
LOKIASV2_0654_ESMFold_hypothetical_protein	3vr5-assembly1.cif.gz_G	3vr5-assembly1.cif.gz_G Crystal structure of nucleotide-free Enterococcus hirae V1-ATPase [eV1(L)]	8.111E-01	0.024	19	79	224	243	18	153	164	157	0.601	0.829
LOKIASV2_0654_ESMFold_hypothetical_protein	7t2d-assembly2.cif.gz_G	7t2d-assembly2.cif.gz_G Crystal structure of the B1 TCR in complex with HLA-DP4-Ply	4.555E+00	0.024	19	129	221	243	8	89	168	108	0.383	0.488
LOKIASV2_0654_ESMFold_hypothetical_protein	7zak-assembly1.cif.gz_B	7zak-assembly1.cif.gz_B Crystal structure of HLA-DP (DPA1*02:01-DPB1*01:01) in complex with a peptide	4.292E+00	0.024	19	129	218	243	7	85	178	105	0.370	0.444
LOKIASV2_0654_ESMFold_hypothetical_protein	6bdd-assembly1.cif.gz_A	6bdd-assembly1.cif.gz_A Crystal structure of Fe(II) unliganded H-NOX protein from K. algicida	3.003E+00	0.024	19	20	179	243	36	167	185	176	0.658	0.714
LOKIASV2_0654_ESMFold_hypothetical_protein	3sxy-assembly1.cif.gz_B	3sxy-assembly1.cif.gz_B Metal-free full-length structure of Tm0439, a metal-binding FCD family transcriptional regulator	7.782E+00	0.024	19	34	127	243	25	112	201	97	0.387	0.438
LOKIASV2_0654_ESMFold_hypothetical_protein	7u4t-assembly1.cif.gz_G	7u4t-assembly1.cif.gz_G Human V-ATPase in state 2 with SidK and mEAK-7	1.758E+00	0.024	19	19	224	243	1	161	213	208	0.848	0.756
LOKIASV2_0654_ESMFold_hypothetical_protein	3c7j-assembly1.cif.gz_A-2	3c7j-assembly1.cif.gz_A-2 Crystal structure of transcriptional regulator (GntR family member) from Pseudomonas syringae pv. tomato str. DC3000	2.102E+00	0.024	19	34	223	243	52	223	237	213	0.782	0.726
LOKIASV2_0654_ESMFold_hypothetical_protein	1tkf-assembly1.cif.gz_A	1tkf-assembly1.cif.gz_A Streptomyces griseus aminopeptidase complexed with D-tryptophan	8.765E+00	0.024	19	89	154	243	5	72	273	77	0.272	0.249
LOKIASV2_0654_ESMFold_hypothetical_protein	6kmo-assembly1.cif.gz_A	6kmo-assembly1.cif.gz_A Crystal structure of a novel esterase CinB from Enterobacter asburiae	6.510E+00	0.024	19	96	154	243	24	89	330	67	0.243	0.200
LOKIASV2_0654_ESMFold_hypothetical_protein	3cax-assembly1.cif.gz_A-2	3cax-assembly1.cif.gz_A-2 Crystal structure of uncharacterized protein PF0695	7.332E+00	0.024	19	112	152	243	279	325	355	47	0.169	0.132
LOKIASV2_0654_ESMFold_hypothetical_protein	3nhq-assembly2.cif.gz_D	3nhq-assembly2.cif.gz_D The dark Pfr structure of the photosensory core module of P. aeruginosa Bacteriophytochrome	8.765E+00	0.024	19	118	152	243	63	100	480	38	0.144	0.079
LOKIASV2_0654_ESMFold_hypothetical_protein	7xuz-assembly1.cif.gz_C	7xuz-assembly1.cif.gz_C Crystal structure of a HDAC4-MEF2A-DNA ternary complex	6.134E+00	0.020	18	18	89	243	1	68	81	72	0.296	0.840
LOKIASV2_0654_ESMFold_hypothetical_protein	6j6g-assembly1.cif.gz_I	6j6g-assembly1.cif.gz_I Cryo-EM structure of the yeast B*-a2 complex at an average resolution of 3.2 angstrom	7.332E+00	0.020	18	23	127	243	1	99	102	111	0.432	0.971
LOKIASV2_0654_ESMFold_hypothetical_protein	2rs7-assembly1.cif.gz_A	2rs7-assembly1.cif.gz_A Solution structure of the second dsRBD from RNA helicase A	6.909E+00	0.020	18	117	171	243	30	98	113	69	0.226	0.611
LOKIASV2_0654_ESMFold_hypothetical_protein	6wt5-assembly1.cif.gz_B	6wt5-assembly1.cif.gz_B Structure of a bacterial STING receptor from Capnocytophaga granulosa	5.779E+00	0.020	18	97	170	243	9	130	143	125	0.305	0.853
LOKIASV2_0654_ESMFold_hypothetical_protein	2ph0-assembly1.cif.gz_A	2ph0-assembly1.cif.gz_A Crystal structure of the Q6D2T7_ERWCT protein from Erwinia carotovora. NESG target EwR41.	4.555E+00	0.020	18	131	170	243	107	158	161	52	0.165	0.323
LOKIASV2_0654_ESMFold_hypothetical_protein	6r10-assembly1.cif.gz_G	6r10-assembly1.cif.gz_G Thermus thermophilus V/A-type ATPase/synthase, rotational state 1R	2.666E+00	0.020	18	23	224	243	1	193	207	225	0.831	0.932
LOKIASV2_0654_ESMFold_hypothetical_protein	5d5n-assembly1.cif.gz_B	5d5n-assembly1.cif.gz_B Crystal Structure of the Human Cytomegalovirus pUL50-pUL53 Complex	3.383E+00	0.020	18	31	179	243	3	175	222	182	0.613	0.779
LOKIASV2_0654_ESMFold_hypothetical_protein	7ouf-assembly1.cif.gz_E	7ouf-assembly1.cif.gz_E Structure of the STLV intasome:B56 complex bound to the strand-transfer inhibitor XZ450	9.303E+00	0.020	18	129	169	243	60	112	278	53	0.169	0.191
LOKIASV2_0654_ESMFold_hypothetical_protein	5h8i-assembly1.cif.gz_H	5h8i-assembly1.cif.gz_H Crystal structure of Medicago truncatula N-carbamoylputrescine amidohydrolase (MtCPA) in complex with N-(dihydroxymethyl)putrescine	9.873E+00	0.020	18	121	148	243	77	104	282	28	0.115	0.099
LOKIASV2_0654_ESMFold_hypothetical_protein	8gym-assembly1.cif.gz_d	8gym-assembly1.cif.gz_d Cryo-EM structure of Tetrahymena thermophila respiratory mega-complex MC IV2+(I+III2+II)2	5.445E+00	0.020	18	79	151	243	13	104	289	94	0.300	0.318
LOKIASV2_0654_ESMFold_hypothetical_protein	5l2p-assembly1.cif.gz_C	5l2p-assembly1.cif.gz_C Structure of arylesterase	6.510E+00	0.020	18	96	150	243	6	64	301	63	0.226	0.196
LOKIASV2_0654_ESMFold_hypothetical_protein	1b3q-assembly1.cif.gz_B	1b3q-assembly1.cif.gz_B CRYSTAL STRUCTURE OF CHEA-289, A SIGNAL TRANSDUCING HISTIDINE KINASE	1.866E+00	0.020	18	21	193	243	1	192	370	213	0.712	0.519
LOKIASV2_0654_ESMFold_hypothetical_protein	8oou-assembly1.cif.gz_A	8oou-assembly1.cif.gz_A Double-ring nucleocapsid of the Respiratory Syncytial Virus	2.830E+00	0.020	18	89	217	243	36	214	378	184	0.531	0.474
LOKIASV2_0654_ESMFold_hypothetical_protein	3ibr-assembly1.cif.gz_B	3ibr-assembly1.cif.gz_B Crystal Structure of P. aeruginosa Bacteriophytochrome Photosensory Core Module Mutant Q188L in the Mixed Pr/Pfr State	9.873E+00	0.020	18	122	152	243	63	99	457	37	0.128	0.081
LOKIASV2_0654_ESMFold_hypothetical_protein	8sjd-assembly1.cif.gz_C	8sjd-assembly1.cif.gz_C Cryo-EM structure of the Hermes transposase bound to two right-ends of its DNA transposon.	1.656E+00	0.020	18	21	179	243	1	159	474	190	0.654	0.335
LOKIASV2_0654_ESMFold_hypothetical_protein	8b9g-assembly1.cif.gz_A	8b9g-assembly1.cif.gz_A Cryo-EM structure of MLE in complex with ADP:AlF4 and U10 RNA	3.383E+00	0.020	18	117	184	243	27	126	953	101	0.280	0.105
LOKIASV2_0654_ESMFold_hypothetical_protein	3cfi-assembly2.cif.gz_D	3cfi-assembly2.cif.gz_D Nanobody-aided structure determination of the EPSI:EPSJ pseudopilin heterdimer from Vibrio Vulnificus	7.332E+00	0.016	17	111	151	243	14	66	80	55	0.169	0.663
LOKIASV2_0654_ESMFold_hypothetical_protein	2mdp-assembly1.cif.gz_A	2mdp-assembly1.cif.gz_A The bacteriophage T7 encoded inhibitor (gp1.2) of E. coli dGTP triphosphohydrolase	9.303E+00	0.016	17	114	170	243	8	79	85	72	0.235	0.847
LOKIASV2_0654_ESMFold_hypothetical_protein	7b9v-assembly1.cif.gz_y	7b9v-assembly1.cif.gz_y Yeast C complex spliceosome at 2.8 Angstrom resolution with Prp18/Slu7 bound	9.873E+00	0.016	17	28	123	243	40	133	134	97	0.395	0.701
LOKIASV2_0654_ESMFold_hypothetical_protein	7vw7-assembly1.cif.gz_G	7vw7-assembly1.cif.gz_G Crystal structure of the 2 ADP-AlF4-bound V1 complex	1.471E+00	0.016	17	21	224	243	1	154	165	219	0.840	0.933
LOKIASV2_0654_ESMFold_hypothetical_protein	3t1t-assembly4.cif.gz_D	3t1t-assembly4.cif.gz_D MglA bound to GDP in P1 tetrameric arrangement	6.134E+00	0.016	17	116	155	243	21	61	191	46	0.165	0.215
LOKIASV2_0654_ESMFold_hypothetical_protein	4uc7-assembly1.cif.gz_A	4uc7-assembly1.cif.gz_A N-terminal globular domain of the RSV Nucleoprotein	1.656E+00	0.016	17	89	222	243	6	184	215	187	0.551	0.833
LOKIASV2_0654_ESMFold_hypothetical_protein	4uc9-assembly1.cif.gz_A	4uc9-assembly1.cif.gz_A N-terminal globular domain of the RSV Nucleoprotein in complex with C- terminal dipeptide of the Phosphoprotein	3.810E+00	0.016	17	89	222	243	6	186	219	184	0.551	0.826
LOKIASV2_0654_ESMFold_hypothetical_protein	6lqt-assembly1.cif.gz_RQ	6lqt-assembly1.cif.gz_RQ Cryo-EM structure of 90S small subunit preribosomes in transition states (State E)	4.044E+00	0.016	17	4	139	243	8	163	226	159	0.560	0.690
LOKIASV2_0654_ESMFold_hypothetical_protein	5l2p-assembly1.cif.gz_B	5l2p-assembly1.cif.gz_B Structure of arylesterase	8.259E+00	0.016	17	96	150	243	6	69	305	64	0.226	0.210
LOKIASV2_0654_ESMFold_hypothetical_protein	4q3o-assembly2.cif.gz_F	4q3o-assembly2.cif.gz_F Crystal structure of MGS-MT1, an alpha/beta hydrolase enzyme from a Lake Matapan deep-sea metagenome library	6.909E+00	0.016	17	88	150	243	21	78	316	70	0.259	0.184
LOKIASV2_0654_ESMFold_hypothetical_protein	4ob7-assembly1.cif.gz_A-2	4ob7-assembly1.cif.gz_A-2 Crystal structure of esterase rPPE mutant W187H	8.259E+00	0.016	17	95	154	243	8	76	319	71	0.247	0.216
LOKIASV2_0654_ESMFold_hypothetical_protein	7d17-assembly1.cif.gz_A	7d17-assembly1.cif.gz_A Crystal structure of Macrostomum lignano glutaminyl cyclase	7.782E+00	0.016	17	76	149	243	17	92	321	82	0.305	0.237
LOKIASV2_0654_ESMFold_hypothetical_protein	4fhx-assembly1.cif.gz_A	4fhx-assembly1.cif.gz_A Crystal structures of the Cid1 poly (U) polymerase reveal the mechanism for UTP selectivity - H336N mutant bound to MgATP	7.782E+00	0.016	17	111	157	243	71	114	323	49	0.193	0.136
LOKIASV2_0654_ESMFold_hypothetical_protein	4q05-assembly1.cif.gz_B	4q05-assembly1.cif.gz_B Crystal structure of an esterase E25	3.810E+00	0.016	17	52	148	243	19	88	327	97	0.399	0.214
LOKIASV2_0654_ESMFold_hypothetical_protein	6xj5-assembly4.cif.gz_G	6xj5-assembly4.cif.gz_G Carboxypeptidase G2 modified with a versatile bioconjugate for metalloprotein design	9.303E+00	0.016	17	75	149	243	1	75	387	77	0.309	0.194
LOKIASV2_0654_ESMFold_hypothetical_protein	1cg2-assembly1.cif.gz_C	1cg2-assembly1.cif.gz_C CARBOXYPEPTIDASE G2	9.303E+00	0.016	17	75	149	243	1	75	389	77	0.309	0.193
LOKIASV2_0654_ESMFold_hypothetical_protein	6xj5-assembly3.cif.gz_E	6xj5-assembly3.cif.gz_E Carboxypeptidase G2 modified with a versatile bioconjugate for metalloprotein design	8.765E+00	0.016	17	78	149	243	4	75	389	74	0.296	0.185
LOKIASV2_0654_ESMFold_hypothetical_protein	4dyp-assembly2.cif.gz_B	4dyp-assembly2.cif.gz_B Crystal Structure of WSN/A Influenza Nucleoprotein with BMS-831780 Ligand Bound	5.131E+00	0.016	17	79	166	243	21	98	418	90	0.362	0.187
LOKIASV2_0654_ESMFold_hypothetical_protein	5z5e-assembly1.cif.gz_B	5z5e-assembly1.cif.gz_B Crystal structure of the Glycyl-tRNA synthetase (GlyRS) in Nanoarchaeum equitans	9.873E+00	0.016	17	127	157	243	345	374	468	31	0.128	0.064
LOKIASV2_0654_ESMFold_hypothetical_protein	7rd0-assembly1.cif.gz_A	7rd0-assembly1.cif.gz_A Crystal structure of C. difficile penicillin-binding protein 3 in apo form	9.873E+00	0.016	17	121	151	243	413	446	482	34	0.128	0.071
LOKIASV2_0654_ESMFold_hypothetical_protein	3cfi-assembly3.cif.gz_G	3cfi-assembly3.cif.gz_G Nanobody-aided structure determination of the EPSI:EPSJ pseudopilin heterdimer from Vibrio Vulnificus	6.909E+00	0.014	16	117	154	243	18	66	74	49	0.156	0.662
LOKIASV2_0654_ESMFold_hypothetical_protein	6qbt-assembly1.cif.gz_A	6qbt-assembly1.cif.gz_A Structure of the HTLV-2 integrase catalytic core domain in complex with magnesium (trimeric form)	5.445E+00	0.014	16	129	169	243	9	61	148	53	0.169	0.358
LOKIASV2_0654_ESMFold_hypothetical_protein	4cti-assembly1.cif.gz_C	4cti-assembly1.cif.gz_C Escherichia coli EnvZ histidine kinase catalytic part fused to Archaeoglobus fulgidus Af1503 HAMP domain	6.134E+00	0.014	16	18	178	243	22	196	203	195	0.663	0.862
LOKIASV2_0654_ESMFold_hypothetical_protein	4cti-assembly2.cif.gz_A	4cti-assembly2.cif.gz_A Escherichia coli EnvZ histidine kinase catalytic part fused to Archaeoglobus fulgidus Af1503 HAMP domain	5.445E+00	0.014	16	18	178	243	23	200	207	198	0.663	0.860
LOKIASV2_0654_ESMFold_hypothetical_protein	6o7x-assembly1.cif.gz_M	6o7x-assembly1.cif.gz_M Saccharomyces cerevisiae V-ATPase Stv1-V1VO State 3	1.758E+00	0.014	16	21	224	243	1	165	210	215	0.840	0.786
LOKIASV2_0654_ESMFold_hypothetical_protein	4yds-assembly1.cif.gz_A	4yds-assembly1.cif.gz_A FlaH from Sulfolobus acidocaldarius with ATP and Mg-Ion	8.259E+00	0.014	16	79	148	243	105	195	226	95	0.288	0.403
LOKIASV2_0654_ESMFold_hypothetical_protein	8euo-assembly1.cif.gz_A	8euo-assembly1.cif.gz_A Hydroxynitrile Lyase from Hevea brasiliensis with Seven Mutations	7.332E+00	0.014	16	121	196	243	118	169	255	77	0.313	0.204
LOKIASV2_0654_ESMFold_hypothetical_protein	3p77-assembly1.cif.gz_A	3p77-assembly1.cif.gz_A Crystal Structures of the Chicken YF1*7.1 molecule	6.909E+00	0.014	16	71	154	243	127	205	272	91	0.346	0.290
LOKIASV2_0654_ESMFold_hypothetical_protein	6ekr-assembly1.cif.gz_A-2	6ekr-assembly1.cif.gz_A-2 Crystal structure of Type IIP restriction endonuclease Kpn2I	5.779E+00	0.014	16	90	151	243	4	64	303	64	0.255	0.201
LOKIASV2_0654_ESMFold_hypothetical_protein	4ou5-assembly1.cif.gz_A	4ou5-assembly1.cif.gz_A Crystal structure of esterase rPPE mutant S159A/W187H	9.873E+00	0.014	16	95	154	243	9	77	320	71	0.247	0.216
LOKIASV2_0654_ESMFold_hypothetical_protein	4fhw-assembly1.cif.gz_A	4fhw-assembly1.cif.gz_A Crystal structures of the Cid1 poly (U) polymerase reveal the mechanism for UTP selectivity - MgGTP bound	8.259E+00	0.014	16	122	157	243	83	114	323	37	0.148	0.099
LOKIASV2_0654_ESMFold_hypothetical_protein	6xj5-assembly4.cif.gz_H	6xj5-assembly4.cif.gz_H Carboxypeptidase G2 modified with a versatile bioconjugate for metalloprotein design	9.873E+00	0.014	16	75	149	243	1	75	388	77	0.309	0.193
LOKIASV2_0654_ESMFold_hypothetical_protein	3tg6-assembly1.cif.gz_B	3tg6-assembly1.cif.gz_B Crystal Structure of Influenza A Virus nucleoprotein with Ligand	4.555E+00	0.014	16	79	166	243	21	101	423	96	0.362	0.191
LOKIASV2_0654_ESMFold_hypothetical_protein	8sjd-assembly1.cif.gz_B	8sjd-assembly1.cif.gz_B Cryo-EM structure of the Hermes transposase bound to two right-ends of its DNA transposon.	5.779E+00	0.014	16	21	154	243	1	120	477	144	0.551	0.252
LOKIASV2_0654_ESMFold_hypothetical_protein	8b6h-assembly1.cif.gz_DC	8b6h-assembly1.cif.gz_DC Cryo-EM structure of cytochrome c oxidase dimer (complex IV) from respiratory supercomplex of Tetrahymena thermophila	2.830E+00	0.014	16	14	171	243	281	451	582	183	0.650	0.294
LOKIASV2_0654_ESMFold_hypothetical_protein	2g2s-assembly1.cif.gz_A	2g2s-assembly1.cif.gz_A Structure of S65G Y66S GFP variant after spontaneous peptide hydrolysis	9.873E+00	0.011	15	121	152	243	2	35	64	34	0.132	0.531
LOKIASV2_0654_ESMFold_hypothetical_protein	2ret-assembly1.cif.gz_C	2ret-assembly1.cif.gz_C The crystal structure of a binary complex of two pseudopilins: EpsI and EpsJ from the Type 2 Secretion System of Vibrio vulnificus	6.134E+00	0.011	15	90	158	243	4	72	80	84	0.284	0.863
LOKIASV2_0654_ESMFold_hypothetical_protein	7t6i-assembly1.cif.gz_B	7t6i-assembly1.cif.gz_B Crystal structure of HLA-DP1 in complex with pp65 peptide in reverse orientation	8.259E+00	0.011	15	129	226	243	8	90	182	113	0.403	0.456
LOKIASV2_0654_ESMFold_hypothetical_protein	3k60-assembly2.cif.gz_B	3k60-assembly2.cif.gz_B Crystal structure of N-terminal domain of Plasmodium falciparum Hsp90 (PF07_0029) bound to ADP	7.332E+00	0.011	15	79	150	243	16	80	216	78	0.296	0.301
LOKIASV2_0654_ESMFold_hypothetical_protein	3d36-assembly1.cif.gz_A	3d36-assembly1.cif.gz_A How to Switch Off a Histidine Kinase: Crystal Structure of Geobacillus stearothermophilus KinB with the Inhibitor Sda	7.332E+00	0.011	15	88	170	243	75	194	217	126	0.342	0.553
LOKIASV2_0654_ESMFold_hypothetical_protein	7uzg-assembly1.cif.gz_H	7uzg-assembly1.cif.gz_H Rat Kidney V-ATPase lacking subunit H, with SidK and NCOA7B, State 1	4.292E+00	0.011	15	75	170	243	6	136	218	133	0.395	0.601
LOKIASV2_0654_ESMFold_hypothetical_protein	4akr-assembly1.cif.gz_A	4akr-assembly1.cif.gz_A Crystal Structure of the cytoplasmic actin capping protein Cap32_34 from Dictyostelium discoideum	2.512E+00	0.011	15	43	148	243	25	151	269	153	0.436	0.472
LOKIASV2_0654_ESMFold_hypothetical_protein	8b6n-assembly1.cif.gz_A	8b6n-assembly1.cif.gz_A X-ray structure of the haloalkane dehalogenase HaloTag7 circular permutated at positions 141-156 (cpHaloTagDelta)	5.131E+00	0.011	15	76	164	243	92	189	272	119	0.366	0.360
LOKIASV2_0654_ESMFold_hypothetical_protein	3e0f-assembly1.cif.gz_A	3e0f-assembly1.cif.gz_A Crystal structure of a putative metal-dependent phosphoesterase (bad_1165) from bifidobacterium adolescentis atcc 15703 at 2.40 A resolution	9.873E+00	0.011	15	114	163	243	46	97	286	52	0.206	0.182
LOKIASV2_0654_ESMFold_hypothetical_protein	6xj5-assembly3.cif.gz_F	6xj5-assembly3.cif.gz_F Carboxypeptidase G2 modified with a versatile bioconjugate for metalloprotein design	9.303E+00	0.011	15	73	147	243	1	77	388	79	0.309	0.198
LOKIASV2_0654_ESMFold_hypothetical_protein	8sjd-assembly1.cif.gz_A	8sjd-assembly1.cif.gz_A Cryo-EM structure of the Hermes transposase bound to two right-ends of its DNA transposon.	6.510E+00	0.011	15	21	154	243	1	120	478	144	0.551	0.251
LOKIASV2_0654_ESMFold_hypothetical_protein	8dba-assembly1.cif.gz_B	8dba-assembly1.cif.gz_B Crystal structure of dodecameric KaiC	8.259E+00	0.011	15	118	224	243	376	484	505	124	0.440	0.216
LOKIASV2_0654_ESMFold_hypothetical_protein	2bw3-assembly1.cif.gz_A-2	2bw3-assembly1.cif.gz_A-2 Three-dimensional structure of the Hermes DNA transposase	6.510E+00	0.011	15	16	152	243	2	123	518	146	0.564	0.236
LOKIASV2_0654_ESMFold_hypothetical_protein	8dg7-assembly1.cif.gz_A	8dg7-assembly1.cif.gz_A Structural Basis of MicroRNA Biogenesis by Dicer-1 and Its Partner Protein Loqs-PB - complex III	8.765E+00	0.011	15	129	197	243	576	671	1635	96	0.284	0.059
LOKIASV2_0654_ESMFold_hypothetical_protein	2zdi-assembly1.cif.gz_A-2	2zdi-assembly1.cif.gz_A-2 Crystal structure of Prefoldin from Pyrococcus horikoshii OT3	8.765E+00	0.010	14	89	220	243	1	100	101	136	0.543	0.990
LOKIASV2_0654_ESMFold_hypothetical_protein	2zdi-assembly1.cif.gz_B-2	2zdi-assembly1.cif.gz_B-2 Crystal structure of Prefoldin from Pyrococcus horikoshii OT3	6.909E+00	0.010	14	77	224	243	1	105	106	149	0.609	0.991
LOKIASV2_0654_ESMFold_hypothetical_protein	6z1p-assembly1.cif.gz_BX	6z1p-assembly1.cif.gz_BX Structure of the mitochondrial ribosome from Tetrahymena thermophila	7.782E+00	0.010	14	73	155	243	25	105	133	86	0.342	0.609
LOKIASV2_0654_ESMFold_hypothetical_protein	2n3f-assembly1.cif.gz_A	2n3f-assembly1.cif.gz_A Solution structure of both dsRBDs of DRB4 along with linker (viz. DRB4(1-153))	8.765E+00	0.010	14	117	190	243	7	94	153	88	0.305	0.575
LOKIASV2_0654_ESMFold_hypothetical_protein	5vod-assembly1.cif.gz_D	5vod-assembly1.cif.gz_D Crystal structure of HCMV Pentamer in complex with neutralizing antibody 9I6	9.873E+00	0.010	14	67	151	243	43	130	164	98	0.350	0.537
LOKIASV2_0654_ESMFold_hypothetical_protein	5ztm-assembly1.cif.gz_A	5ztm-assembly1.cif.gz_A Crystal structure of MLE dsRBDs in complex with roX2 (R2H1)	5.445E+00	0.010	14	117	202	243	5	104	168	109	0.354	0.595
LOKIASV2_0654_ESMFold_hypothetical_protein	8k4l-assembly1.cif.gz_B	8k4l-assembly1.cif.gz_B Crystal structure of NRF1 homodimer in complex with DNA	5.131E+00	0.010	14	73	206	243	2	117	178	142	0.551	0.652
LOKIASV2_0654_ESMFold_hypothetical_protein	3opd-assembly2.cif.gz_B	3opd-assembly2.cif.gz_B Crystal Structure of the N-terminal domain of an HSP90 from Trypanosoma Brucei, Tb10.26.1080 in the presence of a benzamide derivative	5.445E+00	0.010	14	75	150	243	6	81	205	89	0.313	0.371
LOKIASV2_0654_ESMFold_hypothetical_protein	5voz-assembly1.cif.gz_M	5voz-assembly1.cif.gz_M Yeast V-ATPase in complex with Legionella pneumophila effector SidK (rotational state 3)	3.590E+00	0.010	14	79	224	243	30	198	210	182	0.601	0.805
LOKIASV2_0654_ESMFold_hypothetical_protein	5d80-assembly2.cif.gz_g	5d80-assembly2.cif.gz_g Crystal Structure of Yeast V1-ATPase in the Autoinhibited Form	3.590E+00	0.010	14	76	224	243	3	189	212	206	0.613	0.882
LOKIASV2_0654_ESMFold_hypothetical_protein	2ior-assembly1.cif.gz_A	2ior-assembly1.cif.gz_A Crystal Structure of the N-terminal Domain of HtpG, the Escherichia coli Hsp90, Bound to ADP	6.134E+00	0.010	14	78	193	243	11	119	212	120	0.477	0.514
LOKIASV2_0654_ESMFold_hypothetical_protein	7fde-assembly1.cif.gz_M	7fde-assembly1.cif.gz_M CryoEM Structures of Reconstituted V-ATPase, Oxr1 bound V1	4.292E+00	0.010	14	19	224	243	1	193	218	228	0.848	0.885
LOKIASV2_0654_ESMFold_hypothetical_protein	3c7j-assembly1.cif.gz_B-2	3c7j-assembly1.cif.gz_B-2 Crystal structure of transcriptional regulator (GntR family member) from Pseudomonas syringae pv. tomato str. DC3000	5.131E+00	0.010	14	34	223	243	52	218	227	210	0.782	0.736
LOKIASV2_0654_ESMFold_hypothetical_protein	3bzw-assembly3.cif.gz_F	3bzw-assembly3.cif.gz_F Crystal structure of a putative lipase from Bacteroides thetaiotaomicron	9.873E+00	0.010	14	128	170	243	87	136	243	50	0.177	0.206
LOKIASV2_0654_ESMFold_hypothetical_protein	7z4b-assembly1.cif.gz_EA	7z4b-assembly1.cif.gz_EA Bacteriophage SU10 virion (C1)	5.131E+00	0.010	14	29	150	243	78	194	322	135	0.502	0.363
LOKIASV2_0654_ESMFold_hypothetical_protein	7z9m-assembly1.cif.gz_D	7z9m-assembly1.cif.gz_D E.coli gyrase holocomplex with 217 bp DNA and Albi-1 (site AA)	6.510E+00	0.010	14	51	170	243	148	291	402	154	0.494	0.358
LOKIASV2_0654_ESMFold_hypothetical_protein	5is1-assembly1.cif.gz_A-2	5is1-assembly1.cif.gz_A-2 Crystal structure of the extracellular domain of sensor histidine kinase YycG from Staphylococcus aureus at 2.0 Angstrom resolution	9.873E+00	0.009	13	125	151	243	92	120	142	29	0.111	0.204
LOKIASV2_0654_ESMFold_hypothetical_protein	7zfr-assembly1.cif.gz_B	7zfr-assembly1.cif.gz_B Crystal structure of HLA-DP (DPA1*02:01-DPB1*01:01) in complex with a peptide bound in the reverse direction	9.873E+00	0.009	13	129	218	243	8	86	188	105	0.370	0.420
LOKIASV2_0654_ESMFold_hypothetical_protein	5d80-assembly1.cif.gz_G	5d80-assembly1.cif.gz_G Crystal Structure of Yeast V1-ATPase in the Autoinhibited Form	6.510E+00	0.009	13	20	227	243	1	223	223	249	0.856	1.000
LOKIASV2_0654_ESMFold_hypothetical_protein	4g43-assembly2.cif.gz_D	4g43-assembly2.cif.gz_D Structure of the chicken MHC class I molecule BF2*0401 complexed to P5E	7.332E+00	0.009	13	20	154	243	44	206	270	175	0.556	0.604
LOKIASV2_0654_ESMFold_hypothetical_protein	4cw1-assembly2.cif.gz_D	4cw1-assembly2.cif.gz_D COMPLEX OF A B14 CHICKEN MHC CLASS I MOLECULE AND A 9MER CHICKEN PEPTIDE	6.909E+00	0.009	13	20	154	243	43	205	271	184	0.556	0.601
LOKIASV2_0654_ESMFold_hypothetical_protein	4fhy-assembly1.cif.gz_A	4fhy-assembly1.cif.gz_A Crystal structures of the Cid1 poly (U) polymerase reveal the mechanism for UTP selectivity - Mg 3'-dATP bound	9.303E+00	0.009	13	112	150	243	72	108	318	40	0.160	0.116
LOKIASV2_0654_ESMFold_hypothetical_protein	8dba-assembly1.cif.gz_I	8dba-assembly1.cif.gz_I Crystal structure of dodecameric KaiC	8.259E+00	0.009	13	123	224	243	376	479	494	123	0.420	0.211
LOKIASV2_0654_ESMFold_hypothetical_protein	8dba-assembly1.cif.gz_E	8dba-assembly1.cif.gz_E Crystal structure of dodecameric KaiC	9.303E+00	0.009	13	121	224	243	393	498	511	126	0.428	0.207
LOKIASV2_0654_ESMFold_hypothetical_protein	3wex-assembly4.cif.gz_H	3wex-assembly4.cif.gz_H Crystal structure of HLA-DP5 in complex with Cry j 1-derived peptide (residues 214-222)	8.765E+00	0.008	12	129	221	243	15	96	195	109	0.383	0.421
LOKIASV2_0654_ESMFold_hypothetical_protein	6nu3-assembly1.cif.gz_AF	6nu3-assembly1.cif.gz_AF Structural insights into unique features of the human mitochondrial ribosome recycling	6.134E+00	0.008	12	77	232	243	62	199	201	160	0.642	0.687
LOKIASV2_0654_ESMFold_hypothetical_protein	6eya-assembly1.cif.gz_A	6eya-assembly1.cif.gz_A Estimation of relative drug-target residence times by random acceleration molecular dynamics simulation	7.782E+00	0.008	12	75	150	243	4	79	203	89	0.313	0.374
LOKIASV2_0654_ESMFold_hypothetical_protein	4pso-assembly1.cif.gz_A	4pso-assembly1.cif.gz_A Crystal structure of apeThermo-DBP-RP2 bound to ssDNA dT10	9.873E+00	0.008	12	28	153	243	21	144	218	153	0.519	0.569
LOKIASV2_0654_ESMFold_hypothetical_protein	5wbf-assembly3.cif.gz_C	5wbf-assembly3.cif.gz_C Double CACHE (dCACHE) sensing domain of TlpC chemoreceptor from Helicobacter pylori	9.303E+00	0.008	12	31	152	243	39	141	261	143	0.502	0.395
LOKIASV2_0654_ESMFold_hypothetical_protein	3ro5-assembly1.cif.gz_B	3ro5-assembly1.cif.gz_B Crystal structure of influenza A virus nucleoprotein with ligand	5.131E+00	0.008	12	79	210	243	21	138	423	149	0.543	0.279
LOKIASV2_0654_ESMFold_hypothetical_protein	3c2w-assembly1.cif.gz_E	3c2w-assembly1.cif.gz_E Crystal structure of the photosensory core domain of P. aeruginosa bacteriophytochrome PaBphP in the Pfr state	9.873E+00	0.008	12	121	203	243	63	150	471	100	0.342	0.187
LOKIASV2_0654_ESMFold_hypothetical_protein	4h61-assembly3.cif.gz_B	4h61-assembly3.cif.gz_B Structure of the Schizosaccharomyces pombe Mediator subunit Med6	8.765E+00	0.007	11	98	156	243	24	87	135	68	0.243	0.474
LOKIASV2_0654_ESMFold_hypothetical_protein	7uzk-assembly1.cif.gz_H	7uzk-assembly1.cif.gz_H Rat Kidney V1 complex lacking subunit H with SidK and NCOA7B, State 1	5.445E+00	0.007	11	73	226	243	4	187	207	200	0.634	0.889
LOKIASV2_0654_ESMFold_hypothetical_protein	7upn-assembly1.cif.gz_F	7upn-assembly1.cif.gz_F Maedi visna virus Vif in complex with CypA and E3 ubiquitin ligase	8.765E+00	0.007	11	106	153	243	14	61	208	51	0.198	0.231
LOKIASV2_0654_ESMFold_hypothetical_protein	5trc-assembly2.cif.gz_B	5trc-assembly2.cif.gz_B Crystal structure of phosphorylated AC3-AC5 domains of yeast acetyl-CoA carboxylase	7.332E+00	0.000	10	24	199	243	144	285	398	205	0.724	0.357
