LOKIASV2_1604_ESMFold_hypothetical_protein	AF-A0A524F073-F1-model_v4	AF-A0A524F073-F1-model_v4 Uncharacterized protein	6.893E-14	1.000	713	1	231	240	2	235	243	236	0.962	0.963
LOKIASV2_1604_ESMFold_hypothetical_protein	AF-A0A5B9DB82-F1-model_v4	AF-A0A5B9DB82-F1-model_v4 Uncharacterized protein	2.026E-13	1.000	704	10	238	240	2	232	235	231	0.954	0.983
LOKIASV2_1604_ESMFold_hypothetical_protein	AF-A0A842VU14-F1-model_v4	AF-A0A842VU14-F1-model_v4 Uncharacterized protein	3.758E-12	1.000	625	1	236	240	1	239	240	240	0.983	0.996
LOKIASV2_1604_ESMFold_hypothetical_protein	AF-A0A497QPB7-F1-model_v4	AF-A0A497QPB7-F1-model_v4 Uncharacterized protein	2.119E-09	1.000	491	25	236	240	3	213	214	212	0.883	0.986
LOKIASV2_1604_ESMFold_hypothetical_protein	AF-A0A3M1UIX0-F1-model_v4	AF-A0A3M1UIX0-F1-model_v4 Uncharacterized protein	6.739E-08	1.000	427	1	236	240	6	248	249	248	0.983	0.976
LOKIASV2_1604_ESMFold_hypothetical_protein	AF-A0A7K4CYH3-F1-model_v4	AF-A0A7K4CYH3-F1-model_v4 Metallophosphoesterase family protein	3.887E-07	1.000	383	1	238	240	12	254	728	251	0.992	0.334
LOKIASV2_1604_ESMFold_hypothetical_protein	AF-A0A523TMF9-F1-model_v4	AF-A0A523TMF9-F1-model_v4 Uncharacterized protein	4.652E-07	1.000	374	1	237	240	1	253	254	259	0.988	0.996
LOKIASV2_1604_ESMFold_hypothetical_protein	AF-A0A7K4CNN9-F1-model_v4	AF-A0A7K4CNN9-F1-model_v4 Uncharacterized protein	6.970E-07	1.000	367	1	239	240	11	255	264	252	0.996	0.928
LOKIASV2_1604_ESMFold_hypothetical_protein	AF-A0A497R798-F1-model_v4	AF-A0A497R798-F1-model_v4 Uncharacterized protein	3.359E-06	1.000	352	3	235	240	2	242	246	241	0.971	0.980
LOKIASV2_1604_ESMFold_hypothetical_protein	AF-A0A2U3CBN8-F1-model_v4	AF-A0A2U3CBN8-F1-model_v4 Uncharacterized protein	6.091E-07	1.000	351	7	236	240	18	253	255	242	0.958	0.925
LOKIASV2_1604_ESMFold_hypothetical_protein	AF-A0A7K4CVJ7-F1-model_v4	AF-A0A7K4CVJ7-F1-model_v4 Uncharacterized protein	2.683E-06	1.000	350	1	237	240	32	279	299	251	0.988	0.829
LOKIASV2_1604_ESMFold_hypothetical_protein	AF-A0A7C3A1J1-F1-model_v4	AF-A0A7C3A1J1-F1-model_v4 Uncharacterized protein	1.791E-06	1.000	345	1	238	240	37	312	313	277	0.992	0.882
LOKIASV2_1604_ESMFold_hypothetical_protein	AF-A0A7K4CRQ9-F1-model_v4	AF-A0A7K4CRQ9-F1-model_v4 Uncharacterized protein	1.307E-06	1.000	334	1	228	240	1	242	245	253	0.950	0.988
LOKIASV2_1604_ESMFold_hypothetical_protein	AF-A0A842RHS4-F1-model_v4	AF-A0A842RHS4-F1-model_v4 Uncharacterized protein	5.759E-06	1.000	328	8	235	240	10	251	256	244	0.950	0.945
LOKIASV2_1604_ESMFold_hypothetical_protein	AF-A0A5C9EBU6-F1-model_v4	AF-A0A5C9EBU6-F1-model_v4 Uncharacterized protein	6.300E-06	1.000	317	1	234	240	1	249	252	261	0.975	0.988
LOKIASV2_1604_ESMFold_hypothetical_protein	AF-A0A5B9DBE1-F1-model_v4	AF-A0A5B9DBE1-F1-model_v4 Uncharacterized protein	6.300E-06	1.000	314	3	238	240	8	256	262	258	0.983	0.950
LOKIASV2_1604_ESMFold_hypothetical_protein	AF-A0A842W0A4-F1-model_v4	AF-A0A842W0A4-F1-model_v4 Uncharacterized protein	1.852E-05	1.000	305	2	224	240	15	242	244	234	0.929	0.934
LOKIASV2_1604_ESMFold_hypothetical_protein	AF-A0A532TLT2-F1-model_v4	AF-A0A532TLT2-F1-model_v4 Uncharacterized protein	1.618E-05	1.000	303	4	231	240	8	243	244	245	0.950	0.967
LOKIASV2_1604_ESMFold_hypothetical_protein	AF-A0A842UB41-F1-model_v4	AF-A0A842UB41-F1-model_v4 Uncharacterized protein	1.479E-05	1.000	294	3	228	240	6	246	251	248	0.942	0.960
LOKIASV2_1604_ESMFold_hypothetical_protein	AF-A0A524F037-F1-model_v4	AF-A0A524F037-F1-model_v4 Uncharacterized protein	2.653E-05	1.000	290	1	228	240	1	238	240	248	0.950	0.992
LOKIASV2_1604_ESMFold_hypothetical_protein	AF-A0A842RC66-F1-model_v4	AF-A0A842RC66-F1-model_v4 Uncharacterized protein	1.547E-05	1.000	283	1	238	240	1	265	304	271	0.992	0.872
LOKIASV2_1604_ESMFold_hypothetical_protein	AF-A0A1Q9MTS1-F1-model_v4	AF-A0A1Q9MTS1-F1-model_v4 Uncharacterized protein	7.129E-05	1.000	273	1	225	240	35	265	275	245	0.938	0.840
LOKIASV2_1604_ESMFold_hypothetical_protein	AF-A0A842RE46-F1-model_v4	AF-A0A842RE46-F1-model_v4 Uncharacterized protein	1.399E-04	1.000	256	1	235	240	1	238	251	248	0.979	0.948
LOKIASV2_1604_ESMFold_hypothetical_protein	AF-A0A1Q9MUF3-F1-model_v4	AF-A0A1Q9MUF3-F1-model_v4 Uncharacterized protein	2.293E-04	1.000	254	2	237	240	69	307	308	251	0.983	0.776
LOKIASV2_1604_ESMFold_hypothetical_protein	AF-A0A842VCE7-F1-model_v4	AF-A0A842VCE7-F1-model_v4 Uncharacterized protein	5.444E-05	1.000	251	1	236	240	6	253	256	258	0.983	0.969
LOKIASV2_1604_ESMFold_hypothetical_protein	AF-A0A5B9DGT8-F1-model_v4	AF-A0A5B9DGT8-F1-model_v4 Uncharacterized protein	3.002E-04	1.000	235	1	225	240	4	227	233	237	0.938	0.961
LOKIASV2_1604_ESMFold_hypothetical_protein	AF-A0A2D6BK96-F1-model_v4	AF-A0A2D6BK96-F1-model_v4 Uncharacterized protein	2.744E-04	1.000	235	1	238	240	1	246	251	253	0.992	0.980
LOKIASV2_1604_ESMFold_hypothetical_protein	AF-A0A524DZ21-F1-model_v4	AF-A0A524DZ21-F1-model_v4 Uncharacterized protein	1.831E-04	1.000	231	1	240	240	6	249	249	258	1.000	0.980
LOKIASV2_1604_ESMFold_hypothetical_protein	AF-A0A842U9N2-F1-model_v4	AF-A0A842U9N2-F1-model_v4 Uncharacterized protein	6.443E-04	1.000	223	1	235	240	3	234	235	252	0.979	0.987
LOKIASV2_1604_ESMFold_hypothetical_protein	AF-A0A524FE79-F1-model_v4	AF-A0A524FE79-F1-model_v4 Uncharacterized protein	2.623E-04	1.000	220	1	236	240	1	242	253	258	0.983	0.957
LOKIASV2_1604_ESMFold_hypothetical_protein	AF-A0A1Q9MYR4-F1-model_v4	AF-A0A1Q9MYR4-F1-model_v4 Uncharacterized protein	8.066E-04	1.000	220	1	235	240	1	222	356	241	0.979	0.624
LOKIASV2_1604_ESMFold_hypothetical_protein	AF-A0A842RZ81-F1-model_v4	AF-A0A842RZ81-F1-model_v4 Uncharacterized protein	6.516E-05	1.000	219	1	235	240	3	236	237	255	0.979	0.987
LOKIASV2_1604_ESMFold_hypothetical_protein	AF-A0A5C9E1S8-F1-model_v4	AF-A0A5C9E1S8-F1-model_v4 Uncharacterized protein	3.593E-04	1.000	219	1	236	240	3	241	242	258	0.983	0.988
LOKIASV2_1604_ESMFold_hypothetical_protein	AF-A0A7J2Y919-F1-model_v4	AF-A0A7J2Y919-F1-model_v4 Uncharacterized protein	8.437E-04	1.000	217	1	227	240	1	202	214	227	0.946	0.944
LOKIASV2_1604_ESMFold_hypothetical_protein	AF-A0A842VBG4-F1-model_v4	AF-A0A842VBG4-F1-model_v4 Uncharacterized protein	3.140E-04	1.000	213	1	237	240	3	239	241	251	0.988	0.983
LOKIASV2_1604_ESMFold_hypothetical_protein	AF-A0A524D4M3-F1-model_v4	AF-A0A524D4M3-F1-model_v4 Uncharacterized protein	1.751E-04	1.000	213	1	234	240	5	239	245	257	0.975	0.959
LOKIASV2_1604_ESMFold_hypothetical_protein	AF-A0A5C9F191-F1-model_v4	AF-A0A5C9F191-F1-model_v4 Uncharacterized protein	1.117E-04	1.000	213	1	235	240	8	245	247	258	0.979	0.964
LOKIASV2_1604_ESMFold_hypothetical_protein	AF-A0A5C9EP66-F1-model_v4	AF-A0A5C9EP66-F1-model_v4 Uncharacterized protein	2.870E-04	1.000	212	1	234	240	3	235	238	252	0.975	0.979
LOKIASV2_1604_ESMFold_hypothetical_protein	AF-A0A543JK81-F1-model_v4	AF-A0A543JK81-F1-model_v4 Uncharacterized protein	7.049E-04	1.000	211	8	239	240	2	246	384	256	0.967	0.638
LOKIASV2_1604_ESMFold_hypothetical_protein	AF-A0A5C9DWG4-F1-model_v4	AF-A0A5C9DWG4-F1-model_v4 Uncharacterized protein	4.921E-04	1.000	209	1	235	240	6	240	243	252	0.979	0.967
LOKIASV2_1604_ESMFold_hypothetical_protein	AF-A0A7K4GML8-F1-model_v4	AF-A0A7K4GML8-F1-model_v4 Uncharacterized protein	1.068E-04	1.000	209	1	236	240	6	250	254	255	0.983	0.965
LOKIASV2_1604_ESMFold_hypothetical_protein	AF-A0A5E4JX21-F1-model_v4	AF-A0A5E4JX21-F1-model_v4 Uncharacterized protein	1.209E-03	1.000	208	1	227	240	8	211	215	231	0.946	0.949
LOKIASV2_1604_ESMFold_hypothetical_protein	AF-A0A5C9F0Y4-F1-model_v4	AF-A0A5C9F0Y4-F1-model_v4 Uncharacterized protein	5.631E-04	1.000	208	1	234	240	8	241	246	251	0.975	0.951
LOKIASV2_1604_ESMFold_hypothetical_protein	AF-A0A662NWH7-F1-model_v4	AF-A0A662NWH7-F1-model_v4 Uncharacterized protein	8.437E-04	1.000	207	4	234	240	14	254	255	251	0.962	0.945
LOKIASV2_1604_ESMFold_hypothetical_protein	AF-A0A5C9EN11-F1-model_v4	AF-A0A5C9EN11-F1-model_v4 Uncharacterized protein	3.758E-04	1.000	206	2	234	240	5	248	251	255	0.971	0.972
LOKIASV2_1604_ESMFold_hypothetical_protein	AF-A0A524IS59-F1-model_v4	AF-A0A524IS59-F1-model_v4 LuxR family transcriptional regulator	2.594E-03	1.000	206	1	227	240	1	229	324	229	0.946	0.707
LOKIASV2_1604_ESMFold_hypothetical_protein	AF-A0A1R0LL41-F1-model_v4	AF-A0A1R0LL41-F1-model_v4 Uncharacterized protein	8.437E-04	1.000	206	4	231	240	5	230	384	246	0.950	0.589
LOKIASV2_1604_ESMFold_hypothetical_protein	AF-A0A5C9DZB6-F1-model_v4	AF-A0A5C9DZB6-F1-model_v4 Uncharacterized protein	2.870E-04	1.000	205	1	235	240	5	238	239	253	0.979	0.979
LOKIASV2_1604_ESMFold_hypothetical_protein	AF-A0A5C9EEW3-F1-model_v4	AF-A0A5C9EEW3-F1-model_v4 Uncharacterized protein	3.284E-04	1.000	205	1	240	240	3	248	248	269	1.000	0.992
LOKIASV2_1604_ESMFold_hypothetical_protein	AF-A0A151ERZ8-F1-model_v4	AF-A0A151ERZ8-F1-model_v4 Uncharacterized protein	3.758E-04	1.000	204	1	224	240	4	215	224	236	0.933	0.946
LOKIASV2_1604_ESMFold_hypothetical_protein	AF-A0A842U7T3-F1-model_v4	AF-A0A842U7T3-F1-model_v4 Uncharacterized protein	3.931E-04	1.000	204	1	235	240	6	239	243	249	0.979	0.963
LOKIASV2_1604_ESMFold_hypothetical_protein	AF-A0A524D8Y2-F1-model_v4	AF-A0A524D8Y2-F1-model_v4 Uncharacterized protein	6.160E-04	1.000	203	1	239	240	4	233	241	257	0.996	0.954
LOKIASV2_1604_ESMFold_hypothetical_protein	AF-A0A7C2SS13-F1-model_v4	AF-A0A7C2SS13-F1-model_v4 Uncharacterized protein	8.437E-04	1.000	203	1	237	240	1	240	246	254	0.988	0.976
LOKIASV2_1604_ESMFold_hypothetical_protein	AF-A0A5C9DTF0-F1-model_v4	AF-A0A5C9DTF0-F1-model_v4 Uncharacterized protein	3.435E-04	1.000	202	1	234	240	3	238	241	247	0.975	0.979
LOKIASV2_1604_ESMFold_hypothetical_protein	AF-A0A5C9E0Y4-F1-model_v4	AF-A0A5C9E0Y4-F1-model_v4 Uncharacterized protein	2.371E-03	1.000	202	1	240	240	6	245	245	259	1.000	0.980
LOKIASV2_1604_ESMFold_hypothetical_protein	AF-A0A842VJM1-F1-model_v4	AF-A0A842VJM1-F1-model_v4 Uncharacterized protein	1.155E-03	1.000	202	1	240	240	1	248	248	259	1.000	1.000
LOKIASV2_1604_ESMFold_hypothetical_protein	AF-A0A524D8Q9-F1-model_v4	AF-A0A524D8Q9-F1-model_v4 Uncharacterized protein	8.066E-04	1.000	201	4	234	240	8	249	252	255	0.962	0.960
LOKIASV2_1604_ESMFold_hypothetical_protein	AF-A0A8A7L075-F1-model_v4	AF-A0A8A7L075-F1-model_v4 Chemotaxis protein	2.167E-03	1.000	200	1	237	240	10	259	658	257	0.988	0.380
LOKIASV2_1604_ESMFold_hypothetical_protein	AF-A0A3M0XG81-F1-model_v4	AF-A0A3M0XG81-F1-model_v4 Uncharacterized protein	1.056E-03	1.000	199	1	227	240	9	212	216	231	0.946	0.944
LOKIASV2_1604_ESMFold_hypothetical_protein	AF-A0A5C9ELQ6-F1-model_v4	AF-A0A5C9ELQ6-F1-model_v4 Uncharacterized protein	6.443E-04	1.000	199	2	240	240	6	245	245	260	0.996	0.980
LOKIASV2_1604_ESMFold_hypothetical_protein	AF-A0A524DXW3-F1-model_v4	AF-A0A524DXW3-F1-model_v4 Uncharacterized protein	1.894E-03	1.000	198	1	227	240	1	221	224	239	0.946	0.987
LOKIASV2_1604_ESMFold_hypothetical_protein	AF-A0A5C9ETF9-F1-model_v4	AF-A0A5C9ETF9-F1-model_v4 Uncharacterized protein	8.824E-04	1.000	198	1	235	240	1	231	235	251	0.979	0.983
LOKIASV2_1604_ESMFold_hypothetical_protein	AF-A0A524FKZ7-F1-model_v4	AF-A0A524FKZ7-F1-model_v4 Uncharacterized protein	1.105E-03	1.000	198	1	237	240	3	239	240	254	0.988	0.988
LOKIASV2_1604_ESMFold_hypothetical_protein	AF-A0A532TMK6-F1-model_v4	AF-A0A532TMK6-F1-model_v4 Uncharacterized protein	1.446E-03	1.000	198	1	234	240	3	236	241	249	0.975	0.971
LOKIASV2_1604_ESMFold_hypothetical_protein	AF-A0A7K4H7P9-F1-model_v4	AF-A0A7K4H7P9-F1-model_v4 Uncharacterized protein	1.513E-03	1.000	198	1	234	240	5	240	244	251	0.975	0.967
LOKIASV2_1604_ESMFold_hypothetical_protein	AF-A0A523K9L3-F1-model_v4	AF-A0A523K9L3-F1-model_v4 Uncharacterized protein	2.371E-03	1.000	198	1	231	240	1	235	249	246	0.962	0.944
LOKIASV2_1604_ESMFold_hypothetical_protein	AF-A0A842VGL6-F1-model_v4	AF-A0A842VGL6-F1-model_v4 Uncharacterized protein	8.437E-04	1.000	196	1	238	240	6	243	244	251	0.992	0.975
LOKIASV2_1604_ESMFold_hypothetical_protein	AF-A0A7C2ST05-F1-model_v4	AF-A0A7C2ST05-F1-model_v4 Uncharacterized protein	1.582E-03	1.000	196	1	238	240	1	242	248	257	0.992	0.976
LOKIASV2_1604_ESMFold_hypothetical_protein	AF-A0A0F9EES5-F1-model_v4	AF-A0A0F9EES5-F1-model_v4 Uncharacterized protein	4.300E-04	1.000	195	1	234	240	3	242	247	260	0.975	0.972
LOKIASV2_1604_ESMFold_hypothetical_protein	AF-A0A1Q9NRB2-F1-model_v4	AF-A0A1Q9NRB2-F1-model_v4 Uncharacterized protein	7.373E-04	1.000	195	1	236	240	4	249	254	254	0.983	0.969
LOKIASV2_1604_ESMFold_hypothetical_protein	AF-A0A842VIA8-F1-model_v4	AF-A0A842VIA8-F1-model_v4 Uncharacterized protein	3.397E-03	1.000	194	2	234	240	39	271	274	253	0.971	0.850
LOKIASV2_1604_ESMFold_hypothetical_protein	AF-A0A524DDU3-F1-model_v4	AF-A0A524DDU3-F1-model_v4 Uncharacterized protein	1.731E-03	1.000	193	1	234	240	6	241	246	252	0.975	0.959
LOKIASV2_1604_ESMFold_hypothetical_protein	AF-A0A7C1Q970-F1-model_v4	AF-A0A7C1Q970-F1-model_v4 Uncharacterized protein	1.322E-03	1.000	193	1	236	240	6	247	251	259	0.983	0.964
LOKIASV2_1604_ESMFold_hypothetical_protein	AF-A0A847Z463-F1-model_v4	AF-A0A847Z463-F1-model_v4 Helix-turn-helix transcriptional regulator	1.264E-03	1.000	193	1	239	240	3	232	310	252	0.996	0.742
LOKIASV2_1604_ESMFold_hypothetical_protein	AF-A0A842VJA6-F1-model_v4	AF-A0A842VJA6-F1-model_v4 Uncharacterized protein	8.066E-04	1.000	192	1	237	240	1	237	239	261	0.988	0.992
LOKIASV2_1604_ESMFold_hypothetical_protein	AF-A0A850M6C9-F1-model_v4	AF-A0A850M6C9-F1-model_v4 Uncharacterized protein	2.371E-03	1.000	191	1	235	240	8	240	247	246	0.979	0.943
LOKIASV2_1604_ESMFold_hypothetical_protein	AF-A0A7J4K7F3-F1-model_v4	AF-A0A7J4K7F3-F1-model_v4 Uncharacterized protein	2.968E-03	1.000	190	2	228	240	8	214	214	230	0.946	0.967
LOKIASV2_1604_ESMFold_hypothetical_protein	AF-A0A842S3H1-F1-model_v4	AF-A0A842S3H1-F1-model_v4 Uncharacterized protein	3.931E-04	1.000	190	1	237	240	6	242	243	257	0.988	0.975
LOKIASV2_1604_ESMFold_hypothetical_protein	AF-A0A7T5RRQ6-F1-model_v4	AF-A0A7T5RRQ6-F1-model_v4 Uncharacterized protein	2.594E-03	1.000	189	1	235	240	4	209	216	239	0.979	0.954
LOKIASV2_1604_ESMFold_hypothetical_protein	AF-A0A524DT72-F1-model_v4	AF-A0A524DT72-F1-model_v4 Uncharacterized protein	1.894E-03	1.000	188	1	238	240	3	240	245	257	0.992	0.971
LOKIASV2_1604_ESMFold_hypothetical_protein	AF-A0A842VRY6-F1-model_v4	AF-A0A842VRY6-F1-model_v4 Uncharacterized protein	2.371E-03	1.000	188	1	234	240	3	236	246	251	0.975	0.951
LOKIASV2_1604_ESMFold_hypothetical_protein	AF-A0A524C8Y7-F1-model_v4	AF-A0A524C8Y7-F1-model_v4 Uncharacterized protein	3.716E-03	1.000	187	1	227	240	4	233	236	249	0.946	0.975
LOKIASV2_1604_ESMFold_hypothetical_protein	AF-A0A842VNH4-F1-model_v4	AF-A0A842VNH4-F1-model_v4 Uncharacterized protein	1.513E-03	1.000	187	1	235	240	6	240	244	253	0.979	0.963
LOKIASV2_1604_ESMFold_hypothetical_protein	AF-A0A524E1R3-F1-model_v4	AF-A0A524E1R3-F1-model_v4 Uncharacterized protein	2.072E-03	1.000	186	1	234	240	3	231	234	246	0.975	0.979
LOKIASV2_1604_ESMFold_hypothetical_protein	AF-A0A842V9I4-F1-model_v4	AF-A0A842V9I4-F1-model_v4 Uncharacterized protein	1.209E-03	1.000	186	1	234	240	2	235	237	257	0.975	0.987
LOKIASV2_1604_ESMFold_hypothetical_protein	AF-A0A842QYS1-F1-model_v4	AF-A0A842QYS1-F1-model_v4 Uncharacterized protein	3.716E-03	1.000	184	8	235	240	22	251	380	247	0.950	0.605
LOKIASV2_1604_ESMFold_hypothetical_protein	AF-A0A7K2YWF2-F1-model_v4	AF-A0A7K2YWF2-F1-model_v4 Uncharacterized protein	8.066E-04	1.000	184	1	238	240	1	245	410	264	0.992	0.598
LOKIASV2_1604_ESMFold_hypothetical_protein	AF-A0A5C9EEW5-F1-model_v4	AF-A0A5C9EEW5-F1-model_v4 Uncharacterized protein	1.894E-03	1.000	183	1	237	240	6	243	244	260	0.988	0.975
LOKIASV2_1604_ESMFold_hypothetical_protein	AF-A0A1F4U6Q2-F1-model_v4	AF-A0A1F4U6Q2-F1-model_v4 Histidine kinase	4.866E-03	1.000	183	1	225	240	5	237	617	250	0.938	0.378
LOKIASV2_1604_ESMFold_hypothetical_protein	AF-A0A1F4S2U3-F1-model_v4	AF-A0A1F4S2U3-F1-model_v4 Histidine kinase	8.726E-03	1.000	183	1	239	240	1	240	721	256	0.996	0.333
LOKIASV2_1604_ESMFold_hypothetical_protein	AF-A0A5C9EKQ3-F1-model_v4	AF-A0A5C9EKQ3-F1-model_v4 Uncharacterized protein	2.267E-03	1.000	182	1	234	240	3	244	247	258	0.975	0.980
LOKIASV2_1604_ESMFold_hypothetical_protein	AF-A0A842U787-F1-model_v4	AF-A0A842U787-F1-model_v4 Uncharacterized protein	3.397E-03	1.000	181	1	237	240	2	238	242	253	0.988	0.979
LOKIASV2_1604_ESMFold_hypothetical_protein	AF-A0A5C9ERI6-F1-model_v4	AF-A0A5C9ERI6-F1-model_v4 Uncharacterized protein	1.322E-03	1.000	181	1	236	240	8	243	244	250	0.983	0.967
LOKIASV2_1604_ESMFold_hypothetical_protein	AF-A0A5C3MS24-F1-model_v4	AF-A0A5C3MS24-F1-model_v4 Uncharacterized protein	4.448E-03	1.000	181	1	234	240	5	247	249	253	0.975	0.976
LOKIASV2_1604_ESMFold_hypothetical_protein	AF-A0A842NYY4-F1-model_v4	AF-A0A842NYY4-F1-model_v4 HAMP domain-containing histidine kinase	4.866E-03	1.000	181	8	239	240	23	255	464	243	0.967	0.502
LOKIASV2_1604_ESMFold_hypothetical_protein	AF-A0A842TYH4-F1-model_v4	AF-A0A842TYH4-F1-model_v4 Uncharacterized protein	4.652E-03	1.000	181	2	239	240	5	248	474	256	0.992	0.515
LOKIASV2_1604_ESMFold_hypothetical_protein	AF-A0A7J4TTZ8-F1-model_v4	AF-A0A7J4TTZ8-F1-model_v4 Histidine kinase domain-containing protein	5.568E-03	1.000	181	9	239	240	23	251	497	240	0.962	0.461
LOKIASV2_1604_ESMFold_hypothetical_protein	AF-A0A524DVA2-F1-model_v4	AF-A0A524DVA2-F1-model_v4 Uncharacterized protein	1.446E-03	1.000	180	1	234	240	1	237	240	256	0.975	0.988
LOKIASV2_1604_ESMFold_hypothetical_protein	AF-A0A524FXE7-F1-model_v4	AF-A0A524FXE7-F1-model_v4 Uncharacterized protein	1.811E-03	1.000	180	1	239	240	3	241	248	254	0.996	0.964
LOKIASV2_1604_ESMFold_hypothetical_protein	AF-A0A5C9EP15-F1-model_v4	AF-A0A5C9EP15-F1-model_v4 Uncharacterized protein	1.731E-03	1.000	179	4	234	240	11	237	240	243	0.962	0.946
LOKIASV2_1604_ESMFold_hypothetical_protein	AF-A0A5C9ERJ8-F1-model_v4	AF-A0A5C9ERJ8-F1-model_v4 Uncharacterized protein	1.155E-03	1.000	179	1	237	240	3	239	240	254	0.988	0.988
LOKIASV2_1604_ESMFold_hypothetical_protein	AF-A0A842VJS0-F1-model_v4	AF-A0A842VJS0-F1-model_v4 Uncharacterized protein	2.480E-03	1.000	179	1	234	240	4	236	241	253	0.975	0.967
LOKIASV2_1604_ESMFold_hypothetical_protein	AF-A0A524DK21-F1-model_v4	AF-A0A524DK21-F1-model_v4 Uncharacterized protein	7.712E-04	1.000	179	1	236	240	6	241	242	262	0.983	0.975
LOKIASV2_1604_ESMFold_hypothetical_protein	AF-A0A524DB56-F1-model_v4	AF-A0A524DB56-F1-model_v4 Uncharacterized protein	2.371E-03	1.000	178	1	237	240	1	237	239	260	0.988	0.992
LOKIASV2_1604_ESMFold_hypothetical_protein	AF-A0A1I5ZCL1-F1-model_v4	AF-A0A1I5ZCL1-F1-model_v4 Uncharacterized protein	2.371E-03	1.000	178	8	237	240	5	224	387	237	0.958	0.568
LOKIASV2_1604_ESMFold_hypothetical_protein	AF-A0A842VNL4-F1-model_v4	AF-A0A842VNL4-F1-model_v4 Uncharacterized protein	1.981E-03	1.000	176	1	234	240	3	236	241	253	0.975	0.971
LOKIASV2_1604_ESMFold_hypothetical_protein	AF-A0A5C9EUT4-F1-model_v4	AF-A0A5C9EUT4-F1-model_v4 Uncharacterized protein	2.167E-03	1.000	176	1	240	240	6	245	245	252	1.000	0.980
LOKIASV2_1604_ESMFold_hypothetical_protein	AF-A0A842S845-F1-model_v4	AF-A0A842S845-F1-model_v4 Uncharacterized protein	2.072E-03	1.000	176	1	236	240	9	244	245	254	0.983	0.963
LOKIASV2_1604_ESMFold_hypothetical_protein	AF-A0A5C9EZU8-F1-model_v4	AF-A0A5C9EZU8-F1-model_v4 Uncharacterized protein	1.731E-03	1.000	176	1	240	240	6	248	248	259	1.000	0.980
LOKIASV2_1604_ESMFold_hypothetical_protein	AF-A0A3A0FHJ2-F1-model_v4	AF-A0A3A0FHJ2-F1-model_v4 Uncharacterized protein	1.195E-02	1.000	176	1	235	240	1	240	248	251	0.979	0.968
LOKIASV2_1604_ESMFold_hypothetical_protein	AF-A0A3C1DC28-F1-model_v4	AF-A0A3C1DC28-F1-model_v4 GGDEF domain-containing protein	5.568E-03	1.000	176	2	227	240	8	230	386	241	0.942	0.578
LOKIASV2_1604_ESMFold_hypothetical_protein	AF-A0A2H9R3X3-F1-model_v4	AF-A0A2H9R3X3-F1-model_v4 Uncharacterized protein	3.247E-03	1.000	175	1	227	240	6	228	231	242	0.946	0.965
LOKIASV2_1604_ESMFold_hypothetical_protein	AF-A0A850MCA7-F1-model_v4	AF-A0A850MCA7-F1-model_v4 Uncharacterized protein	5.089E-03	1.000	175	1	234	240	3	236	237	253	0.975	0.987
LOKIASV2_1604_ESMFold_hypothetical_protein	AF-A0A524FKM0-F1-model_v4	AF-A0A524FKM0-F1-model_v4 Uncharacterized protein	2.267E-03	1.000	175	1	234	240	3	236	239	262	0.975	0.979
LOKIASV2_1604_ESMFold_hypothetical_protein	AF-A0A5C9F022-F1-model_v4	AF-A0A5C9F022-F1-model_v4 Uncharacterized protein	3.105E-03	1.000	175	1	234	240	4	237	242	253	0.975	0.967
LOKIASV2_1604_ESMFold_hypothetical_protein	AF-A0A7C3J8R1-F1-model_v4	AF-A0A7C3J8R1-F1-model_v4 Uncharacterized protein	6.091E-03	1.000	175	5	239	240	2	224	285	243	0.979	0.782
LOKIASV2_1604_ESMFold_hypothetical_protein	AF-A0A2I1CJS2-F1-model_v4	AF-A0A2I1CJS2-F1-model_v4 Uncharacterized protein	1.044E-02	1.000	174	8	227	240	2	230	233	235	0.917	0.983
LOKIASV2_1604_ESMFold_hypothetical_protein	AF-A0A5C9E8E5-F1-model_v4	AF-A0A5C9E8E5-F1-model_v4 Uncharacterized protein	8.726E-03	1.000	174	1	236	240	4	239	241	252	0.983	0.979
LOKIASV2_1604_ESMFold_hypothetical_protein	AF-A0A850MDH8-F1-model_v4	AF-A0A850MDH8-F1-model_v4 Uncharacterized protein	1.092E-02	1.000	174	2	224	240	8	226	370	234	0.929	0.592
LOKIASV2_1604_ESMFold_hypothetical_protein	AF-A0A6B2VI49-F1-model_v4	AF-A0A6B2VI49-F1-model_v4 Uncharacterized protein	1.105E-03	1.000	174	1	239	240	1	238	393	254	0.996	0.606
LOKIASV2_1604_ESMFold_hypothetical_protein	AF-A0A7J2VYC0-F1-model_v4	AF-A0A7J2VYC0-F1-model_v4 Uncharacterized protein	2.968E-03	1.000	173	1	231	240	1	225	226	253	0.962	0.996
LOKIASV2_1604_ESMFold_hypothetical_protein	AF-A0A524F1Q2-F1-model_v4	AF-A0A524F1Q2-F1-model_v4 Uncharacterized protein	9.985E-03	1.000	172	4	233	240	3	230	365	246	0.958	0.625
LOKIASV2_1604_ESMFold_hypothetical_protein	AF-A0A0C2UAR8-F1-model_v4	AF-A0A0C2UAR8-F1-model_v4 Serine phosphatase RsbU, regulator of sigma subunit	2.267E-03	1.000	172	2	238	240	3	240	606	248	0.988	0.393
LOKIASV2_1604_ESMFold_hypothetical_protein	AF-A0A2G9MB43-F1-model_v4	AF-A0A2G9MB43-F1-model_v4 Uncharacterized protein	5.568E-03	1.000	171	1	227	240	8	230	234	243	0.946	0.953
LOKIASV2_1604_ESMFold_hypothetical_protein	AF-A0A842SBJ5-F1-model_v4	AF-A0A842SBJ5-F1-model_v4 Uncharacterized protein	2.838E-03	1.000	171	1	234	240	3	236	239	256	0.975	0.979
LOKIASV2_1604_ESMFold_hypothetical_protein	AF-A0A842VKG1-F1-model_v4	AF-A0A842VKG1-F1-model_v4 Uncharacterized protein	3.397E-03	1.000	171	1	234	240	3	237	241	254	0.975	0.975
LOKIASV2_1604_ESMFold_hypothetical_protein	AF-A0A842VMP6-F1-model_v4	AF-A0A842VMP6-F1-model_v4 Uncharacterized protein	7.976E-03	1.000	170	1	235	240	3	237	240	256	0.979	0.979
LOKIASV2_1604_ESMFold_hypothetical_protein	AF-A0A7C1KSZ7-F1-model_v4	AF-A0A7C1KSZ7-F1-model_v4 Uncharacterized protein	8.824E-04	1.000	170	8	239	240	3	236	244	249	0.967	0.959
LOKIASV2_1604_ESMFold_hypothetical_protein	AF-A0A5C9EEE0-F1-model_v4	AF-A0A5C9EEE0-F1-model_v4 Uncharacterized protein	1.092E-02	1.000	169	1	235	240	2	236	237	252	0.979	0.992
LOKIASV2_1604_ESMFold_hypothetical_protein	AF-A0A3A5IF67-F1-model_v4	AF-A0A3A5IF67-F1-model_v4 PAS domain-containing protein	3.247E-03	1.000	169	2	238	240	42	279	347	251	0.988	0.686
LOKIASV2_1604_ESMFold_hypothetical_protein	AF-A0A4P6U1A0-F1-model_v4	AF-A0A4P6U1A0-F1-model_v4 Regulator component	9.546E-03	1.000	169	3	234	240	2	235	391	249	0.967	0.598
LOKIASV2_1604_ESMFold_hypothetical_protein	AF-A0A0D2PSV4-F1-model_v4	AF-A0A0D2PSV4-F1-model_v4 Uncharacterized protein	1.092E-02	1.000	168	1	227	240	1	233	331	240	0.946	0.704
LOKIASV2_1604_ESMFold_hypothetical_protein	AF-A0A5C9EDD1-F1-model_v4	AF-A0A5C9EDD1-F1-model_v4 Uncharacterized protein	4.652E-03	1.000	167	1	234	240	3	236	239	255	0.975	0.979
LOKIASV2_1604_ESMFold_hypothetical_protein	AF-A0A1H9DA48-F1-model_v4	AF-A0A1H9DA48-F1-model_v4 Uncharacterized protein	6.664E-03	1.000	167	11	231	240	7	244	421	250	0.921	0.565
LOKIASV2_1604_ESMFold_hypothetical_protein	AF-A0A2R6BXC8-F1-model_v4	AF-A0A2R6BXC8-F1-model_v4 Uncharacterized protein	8.726E-03	1.000	166	2	230	240	4	213	214	242	0.954	0.981
LOKIASV2_1604_ESMFold_hypothetical_protein	AF-A0A2G9PZW6-F1-model_v4	AF-A0A2G9PZW6-F1-model_v4 Uncharacterized protein	1.250E-02	1.000	166	1	227	240	13	223	226	235	0.946	0.934
LOKIASV2_1604_ESMFold_hypothetical_protein	AF-A0A842TCT8-F1-model_v4	AF-A0A842TCT8-F1-model_v4 Uncharacterized protein	2.452E-02	1.000	166	1	235	240	3	237	241	253	0.979	0.975
LOKIASV2_1604_ESMFold_hypothetical_protein	AF-A0A524FWC5-F1-model_v4	AF-A0A524FWC5-F1-model_v4 Uncharacterized protein	5.089E-03	1.000	166	1	235	240	6	240	242	247	0.979	0.971
LOKIASV2_1604_ESMFold_hypothetical_protein	AF-A0A5C9EFD8-F1-model_v4	AF-A0A5C9EFD8-F1-model_v4 Uncharacterized protein	8.726E-03	1.000	166	1	240	240	3	252	252	263	1.000	0.992
LOKIASV2_1604_ESMFold_hypothetical_protein	AF-A0A842VBH5-F1-model_v4	AF-A0A842VBH5-F1-model_v4 Uncharacterized protein	1.367E-02	1.000	166	1	226	240	46	271	281	242	0.942	0.804
LOKIASV2_1604_ESMFold_hypothetical_protein	AF-A0A1H3GRP0-F1-model_v4	AF-A0A1H3GRP0-F1-model_v4 Uncharacterized protein	5.089E-03	1.000	166	7	237	240	2	244	370	258	0.962	0.657
LOKIASV2_1604_ESMFold_hypothetical_protein	AF-A0A3N5AYC5-F1-model_v4	AF-A0A3N5AYC5-F1-model_v4 Diguanylate cyclase (GGDEF)-like protein	1.731E-03	1.000	166	1	239	240	31	270	461	255	0.996	0.521
LOKIASV2_1604_ESMFold_hypothetical_protein	AF-A0A7D5E5V2-F1-model_v4	AF-A0A7D5E5V2-F1-model_v4 Histidine kinase domain-containing protein	2.838E-03	1.000	166	2	239	240	14	242	461	249	0.992	0.497
LOKIASV2_1604_ESMFold_hypothetical_protein	AF-A0A497B1P5-F1-model_v4	AF-A0A497B1P5-F1-model_v4 Uncharacterized protein	5.568E-03	1.000	166	9	238	240	27	253	791	241	0.958	0.287
LOKIASV2_1604_ESMFold_hypothetical_protein	AF-A0A151E9C9-F1-model_v4	AF-A0A151E9C9-F1-model_v4 Uncharacterized protein	6.664E-03	1.000	164	1	227	240	8	218	221	235	0.946	0.955
LOKIASV2_1604_ESMFold_hypothetical_protein	AF-A0A5C9ENP2-F1-model_v4	AF-A0A5C9ENP2-F1-model_v4 Uncharacterized protein	6.091E-03	1.000	164	1	225	240	3	234	236	249	0.938	0.983
LOKIASV2_1604_ESMFold_hypothetical_protein	AF-Q65CD8-F1-model_v4	AF-Q65CD8-F1-model_v4 Uncharacterized protein kacN	5.824E-03	1.000	164	1	227	240	18	248	413	242	0.946	0.559
LOKIASV2_1604_ESMFold_hypothetical_protein	AF-A0A2D6BN53-F1-model_v4	AF-A0A2D6BN53-F1-model_v4 Uncharacterized protein	1.637E-02	1.000	163	1	235	240	1	242	245	256	0.979	0.988
LOKIASV2_1604_ESMFold_hypothetical_protein	AF-A0A1G0R1N8-F1-model_v4	AF-A0A1G0R1N8-F1-model_v4 HTH luxR-type domain-containing protein	4.866E-03	1.000	163	9	223	240	6	220	308	225	0.896	0.698
LOKIASV2_1604_ESMFold_hypothetical_protein	AF-A0A7Y0H7N9-F1-model_v4	AF-A0A7Y0H7N9-F1-model_v4 Uncharacterized protein	1.044E-02	1.000	163	8	238	240	2	243	402	250	0.962	0.602
LOKIASV2_1604_ESMFold_hypothetical_protein	AF-A0A6N0HT61-F1-model_v4	AF-A0A6N0HT61-F1-model_v4 PAS domain-containing protein	4.652E-03	1.000	163	2	238	240	35	265	884	253	0.988	0.261
LOKIASV2_1604_ESMFold_hypothetical_protein	AF-A0A0S7DQ13-F1-model_v4	AF-A0A0S7DQ13-F1-model_v4 Uncharacterized protein	5.568E-03	1.000	162	1	227	240	13	248	344	244	0.946	0.686
LOKIASV2_1604_ESMFold_hypothetical_protein	AF-A0A2N2GFA3-F1-model_v4	AF-A0A2N2GFA3-F1-model_v4 Histidine kinase	2.713E-03	1.000	162	5	240	240	33	259	632	247	0.983	0.359
LOKIASV2_1604_ESMFold_hypothetical_protein	AF-A0A1S2T718-F1-model_v4	AF-A0A1S2T718-F1-model_v4 Uncharacterized protein	9.546E-03	1.000	162	1	239	240	4	238	688	248	0.996	0.342
LOKIASV2_1604_ESMFold_hypothetical_protein	AF-A0A3N5T792-F1-model_v4	AF-A0A3N5T792-F1-model_v4 LuxR family transcriptional regulator	1.044E-02	1.000	161	3	240	240	1	237	312	252	0.992	0.760
LOKIASV2_1604_ESMFold_hypothetical_protein	AF-A0A1F9QF25-F1-model_v4	AF-A0A1F9QF25-F1-model_v4 Uncharacterized protein	6.091E-03	1.000	161	2	234	240	34	255	573	241	0.971	0.387
LOKIASV2_1604_ESMFold_hypothetical_protein	AF-A0A7J4K8G1-F1-model_v4	AF-A0A7J4K8G1-F1-model_v4 Uncharacterized protein	8.726E-03	1.000	160	1	227	240	12	214	219	234	0.946	0.927
LOKIASV2_1604_ESMFold_hypothetical_protein	AF-A0A842TZG7-F1-model_v4	AF-A0A842TZG7-F1-model_v4 Uncharacterized protein	6.970E-03	1.000	160	1	234	240	6	239	242	254	0.975	0.967
LOKIASV2_1604_ESMFold_hypothetical_protein	AF-A0A842VEZ9-F1-model_v4	AF-A0A842VEZ9-F1-model_v4 Uncharacterized protein	1.367E-02	1.000	159	1	234	240	4	237	240	252	0.975	0.975
LOKIASV2_1604_ESMFold_hypothetical_protein	AF-A0A524CWQ0-F1-model_v4	AF-A0A524CWQ0-F1-model_v4 Uncharacterized protein	7.976E-03	1.000	159	1	238	240	3	240	243	259	0.992	0.979
LOKIASV2_1604_ESMFold_hypothetical_protein	AF-W7SES4-F1-model_v4	AF-W7SES4-F1-model_v4 LigA protein	1.307E-02	1.000	159	8	236	240	2	240	395	246	0.954	0.605
LOKIASV2_1604_ESMFold_hypothetical_protein	AF-A0A1H8YSB6-F1-model_v4	AF-A0A1H8YSB6-F1-model_v4 Uncharacterized protein	2.683E-02	1.000	159	1	238	240	4	253	416	258	0.992	0.601
LOKIASV2_1604_ESMFold_hypothetical_protein	AF-A0A524E3X4-F1-model_v4	AF-A0A524E3X4-F1-model_v4 Uncharacterized protein	9.127E-03	1.000	158	1	234	240	1	237	243	252	0.975	0.975
LOKIASV2_1604_ESMFold_hypothetical_protein	AF-A0A4U0NJP1-F1-model_v4	AF-A0A4U0NJP1-F1-model_v4 Uncharacterized protein	2.452E-02	1.000	158	1	230	240	2	233	395	244	0.958	0.587
LOKIASV2_1604_ESMFold_hypothetical_protein	AF-A0A524C1Q2-F1-model_v4	AF-A0A524C1Q2-F1-model_v4 Uncharacterized protein	2.345E-02	1.000	157	1	236	240	2	237	240	248	0.983	0.983
LOKIASV2_1604_ESMFold_hypothetical_protein	AF-A0A7C8MK80-F1-model_v4	AF-A0A7C8MK80-F1-model_v4 Uncharacterized protein	2.143E-02	1.000	157	8	240	240	15	258	362	251	0.971	0.674
LOKIASV2_1604_ESMFold_hypothetical_protein	AF-A0A370ARE8-F1-model_v4	AF-A0A370ARE8-F1-model_v4 PAS domain S-box protein	4.065E-03	1.000	157	2	239	240	37	273	773	257	0.992	0.307
LOKIASV2_1604_ESMFold_hypothetical_protein	AF-A0A5E4JXD3-F1-model_v4	AF-A0A5E4JXD3-F1-model_v4 Uncharacterized protein	1.791E-02	1.000	156	1	235	240	5	213	214	241	0.979	0.977
LOKIASV2_1604_ESMFold_hypothetical_protein	AF-A0A7X5W6Y6-F1-model_v4	AF-A0A7X5W6Y6-F1-model_v4 HTH luxR-type domain-containing protein	1.712E-02	1.000	156	5	239	240	2	238	316	247	0.979	0.750
LOKIASV2_1604_ESMFold_hypothetical_protein	AF-A0A7K4IEB0-F1-model_v4	AF-A0A7K4IEB0-F1-model_v4 Histidine kinase domain-containing protein	8.342E-03	1.000	156	2	239	240	35	263	506	248	0.992	0.453
LOKIASV2_1604_ESMFold_hypothetical_protein	AF-A0A2M8PWI4-F1-model_v4	AF-A0A2M8PWI4-F1-model_v4 Uncharacterized protein	7.290E-03	1.000	156	1	240	240	1	230	755	252	1.000	0.305
LOKIASV2_1604_ESMFold_hypothetical_protein	AF-R4YJD6-F1-model_v4	AF-R4YJD6-F1-model_v4 Diguanylate cyclase/phosphodiesterase with PAS/PAC and GAF sensor	6.970E-03	1.000	156	6	238	240	2	223	1077	239	0.971	0.206
LOKIASV2_1604_ESMFold_hypothetical_protein	AF-A0A6A7WLC4-F1-model_v4	AF-A0A6A7WLC4-F1-model_v4 Uncharacterized protein	2.968E-03	1.000	155	1	240	240	1	243	426	260	1.000	0.570
LOKIASV2_1604_ESMFold_hypothetical_protein	AF-A0A7X7VF30-F1-model_v4	AF-A0A7X7VF30-F1-model_v4 Helix-turn-helix transcriptional regulator	1.959E-02	1.000	154	5	225	240	2	225	322	235	0.921	0.696
LOKIASV2_1604_ESMFold_hypothetical_protein	AF-A0A1H2DIM4-F1-model_v4	AF-A0A1H2DIM4-F1-model_v4 Uncharacterized protein	1.044E-02	1.000	154	3	230	240	1	235	407	252	0.950	0.577
LOKIASV2_1604_ESMFold_hypothetical_protein	AF-A0A177L2W2-F1-model_v4	AF-A0A177L2W2-F1-model_v4 Uncharacterized protein	1.383E-03	1.000	154	4	233	240	34	258	778	239	0.958	0.289
LOKIASV2_1604_ESMFold_hypothetical_protein	AF-A0A175VRT4-F1-model_v4	AF-A0A175VRT4-F1-model_v4 Uncharacterized protein	6.371E-03	1.000	153	4	239	240	9	249	272	247	0.983	0.886
LOKIASV2_1604_ESMFold_hypothetical_protein	AF-A0A0G4LDM7-F1-model_v4	AF-A0A0G4LDM7-F1-model_v4 Uncharacterized protein	7.290E-03	1.000	153	2	237	240	72	291	442	248	0.983	0.498
LOKIASV2_1604_ESMFold_hypothetical_protein	AF-A0A2V7WET1-F1-model_v4	AF-A0A2V7WET1-F1-model_v4 Uncharacterized protein	2.565E-02	1.000	153	1	239	240	1	239	681	250	0.996	0.351
LOKIASV2_1604_ESMFold_hypothetical_protein	AF-A0A2D6RLQ4-F1-model_v4	AF-A0A2D6RLQ4-F1-model_v4 Uncharacterized protein	1.637E-02	1.000	152	2	227	240	13	207	221	226	0.942	0.882
LOKIASV2_1604_ESMFold_hypothetical_protein	AF-A0A7J4PAX0-F1-model_v4	AF-A0A7J4PAX0-F1-model_v4 Uncharacterized protein	1.250E-02	1.000	152	2	227	240	3	224	229	247	0.942	0.969
LOKIASV2_1604_ESMFold_hypothetical_protein	AF-V2XGI2-F1-model_v4	AF-V2XGI2-F1-model_v4 Uncharacterized protein	2.242E-02	1.000	152	1	234	240	8	248	323	249	0.975	0.746
LOKIASV2_1604_ESMFold_hypothetical_protein	AF-A0A842Q8Y6-F1-model_v4	AF-A0A842Q8Y6-F1-model_v4 Uncharacterized protein	1.092E-02	1.000	151	2	231	240	9	225	232	240	0.958	0.935
LOKIASV2_1604_ESMFold_hypothetical_protein	AF-A0A1G2CDL6-F1-model_v4	AF-A0A1G2CDL6-F1-model_v4 Uncharacterized protein	2.049E-02	1.000	151	1	238	240	1	233	237	247	0.992	0.983
LOKIASV2_1604_ESMFold_hypothetical_protein	AF-A0A401KJI5-F1-model_v4	AF-A0A401KJI5-F1-model_v4 Uncharacterized protein	2.143E-02	1.000	151	1	235	240	103	348	355	260	0.979	0.693
LOKIASV2_1604_ESMFold_hypothetical_protein	AF-A0A1G9NXV0-F1-model_v4	AF-A0A1G9NXV0-F1-model_v4 PAS domain-containing protein	1.637E-02	1.000	151	1	239	240	31	270	588	251	0.996	0.408
LOKIASV2_1604_ESMFold_hypothetical_protein	AF-A0A7J3JDZ8-F1-model_v4	AF-A0A7J3JDZ8-F1-model_v4 Uncharacterized protein	3.513E-02	1.000	150	1	227	240	1	216	226	233	0.946	0.956
LOKIASV2_1604_ESMFold_hypothetical_protein	AF-G9N336-F1-model_v4	AF-G9N336-F1-model_v4 Uncharacterized protein	1.250E-02	1.000	150	1	231	240	14	254	256	253	0.962	0.941
LOKIASV2_1604_ESMFold_hypothetical_protein	AF-A0A1V2QKU5-F1-model_v4	AF-A0A1V2QKU5-F1-model_v4 Uncharacterized protein	1.637E-02	1.000	150	1	230	240	2	232	399	251	0.958	0.579
LOKIASV2_1604_ESMFold_hypothetical_protein	AF-A0A432XT06-F1-model_v4	AF-A0A432XT06-F1-model_v4 Uncharacterized protein	1.496E-02	1.000	150	1	239	240	4	238	688	250	0.996	0.342
LOKIASV2_1604_ESMFold_hypothetical_protein	AF-A0A2D3WPS1-F1-model_v4	AF-A0A2D3WPS1-F1-model_v4 Histidine kinase	9.985E-03	1.000	150	5	240	240	32	258	856	248	0.983	0.265
LOKIASV2_1604_ESMFold_hypothetical_protein	AF-A0A2E4FCA4-F1-model_v4	AF-A0A2E4FCA4-F1-model_v4 Histidine kinase	1.712E-02	1.000	150	3	240	240	61	305	1114	261	0.992	0.220
LOKIASV2_1604_ESMFold_hypothetical_protein	AF-A0A524E2P4-F1-model_v4	AF-A0A524E2P4-F1-model_v4 Uncharacterized protein	7.625E-03	1.000	149	1	234	240	3	236	238	252	0.975	0.983
LOKIASV2_1604_ESMFold_hypothetical_protein	AF-A0A7C3RB26-F1-model_v4	AF-A0A7C3RB26-F1-model_v4 PAS domain S-box protein	7.290E-03	1.000	149	1	231	240	1	235	406	257	0.962	0.579
LOKIASV2_1604_ESMFold_hypothetical_protein	AF-A0A356E2S9-F1-model_v4	AF-A0A356E2S9-F1-model_v4 Helix-turn-helix transcriptional regulator	4.205E-02	1.000	148	5	233	240	2	221	295	230	0.954	0.746
LOKIASV2_1604_ESMFold_hypothetical_protein	AF-A0A024S1X0-F1-model_v4	AF-A0A024S1X0-F1-model_v4 Uncharacterized protein	1.430E-02	1.000	148	1	240	240	16	276	314	272	1.000	0.831
LOKIASV2_1604_ESMFold_hypothetical_protein	AF-A0A3N5LM51-F1-model_v4	AF-A0A3N5LM51-F1-model_v4 LuxR family transcriptional regulator	1.430E-02	1.000	148	5	234	240	2	236	319	257	0.958	0.737
LOKIASV2_1604_ESMFold_hypothetical_protein	AF-A0A6B2Z0J8-F1-model_v4	AF-A0A6B2Z0J8-F1-model_v4 Uncharacterized protein	2.049E-02	1.000	148	11	239	240	2	243	396	260	0.954	0.611
LOKIASV2_1604_ESMFold_hypothetical_protein	AF-A0A3D3T7Y7-F1-model_v4	AF-A0A3D3T7Y7-F1-model_v4 GGDEF domain-containing protein	2.565E-02	1.000	148	1	227	240	12	243	405	244	0.946	0.573
LOKIASV2_1604_ESMFold_hypothetical_protein	AF-A0A1J5D0B4-F1-model_v4	AF-A0A1J5D0B4-F1-model_v4 Histidine kinase	1.565E-02	1.000	148	1	239	240	47	284	654	258	0.996	0.364
LOKIASV2_1604_ESMFold_hypothetical_protein	AF-A0A1G2XTU2-F1-model_v4	AF-A0A1G2XTU2-F1-model_v4 Uncharacterized protein	3.359E-02	1.000	148	5	233	240	45	268	915	240	0.954	0.245
LOKIASV2_1604_ESMFold_hypothetical_protein	AF-Q8SW68-F1-model_v4	AF-Q8SW68-F1-model_v4 Chitin synthase export chaperone	2.565E-02	1.000	147	8	224	240	43	254	270	229	0.904	0.785
LOKIASV2_1604_ESMFold_hypothetical_protein	AF-A0A507DIV1-F1-model_v4	AF-A0A507DIV1-F1-model_v4 Uncharacterized protein	1.430E-02	1.000	147	1	222	240	2	248	302	255	0.925	0.818
LOKIASV2_1604_ESMFold_hypothetical_protein	AF-A0A5C9EJY3-F1-model_v4	AF-A0A5C9EJY3-F1-model_v4 Uncharacterized protein	2.143E-02	1.000	147	1	235	240	2	240	369	257	0.979	0.648
LOKIASV2_1604_ESMFold_hypothetical_protein	AF-A0A7X8DG12-F1-model_v4	AF-A0A7X8DG12-F1-model_v4 Histidine kinase	6.664E-03	1.000	147	1	239	240	63	297	546	260	0.996	0.430
LOKIASV2_1604_ESMFold_hypothetical_protein	AF-A0A2V2N466-F1-model_v4	AF-A0A2V2N466-F1-model_v4 Uncharacterized protein	2.683E-02	1.000	147	1	239	240	3	239	564	251	0.996	0.420
LOKIASV2_1604_ESMFold_hypothetical_protein	AF-A0A847FQK8-F1-model_v4	AF-A0A847FQK8-F1-model_v4 GAF domain-containing protein	3.674E-02	1.000	147	9	238	240	29	255	853	234	0.958	0.266
LOKIASV2_1604_ESMFold_hypothetical_protein	AF-A0A3D4N643-F1-model_v4	AF-A0A3D4N643-F1-model_v4 Helix-turn-helix transcriptional regulator	3.211E-02	1.000	146	1	228	240	1	219	294	233	0.950	0.745
LOKIASV2_1604_ESMFold_hypothetical_protein	AF-A0A1E1L1S2-F1-model_v4	AF-A0A1E1L1S2-F1-model_v4 Uncharacterized protein	2.806E-02	1.000	146	2	239	240	5	238	300	257	0.992	0.780
LOKIASV2_1604_ESMFold_hypothetical_protein	AF-A0A357YEC2-F1-model_v4	AF-A0A357YEC2-F1-model_v4 Histidine kinase domain-containing protein	1.250E-02	1.000	146	3	238	240	20	250	463	252	0.983	0.499
LOKIASV2_1604_ESMFold_hypothetical_protein	AF-A0A843AYD9-F1-model_v4	AF-A0A843AYD9-F1-model_v4 PAS domain S-box protein	7.625E-03	1.000	146	3	238	240	35	272	638	257	0.983	0.373
LOKIASV2_1604_ESMFold_hypothetical_protein	AF-A0A3N5YMB6-F1-model_v4	AF-A0A3N5YMB6-F1-model_v4 MASE3 domain-containing protein	1.044E-02	1.000	145	2	239	240	33	263	323	251	0.992	0.715
LOKIASV2_1604_ESMFold_hypothetical_protein	AF-A0A7C4TZK7-F1-model_v4	AF-A0A7C4TZK7-F1-model_v4 Histidine kinase	1.182E-01	1.000	145	1	228	240	2	228	745	238	0.950	0.305
LOKIASV2_1604_ESMFold_hypothetical_protein	AF-A0A1G1FMC0-F1-model_v4	AF-A0A1G1FMC0-F1-model_v4 Uncharacterized protein	1.367E-02	1.000	145	3	238	240	30	261	937	251	0.983	0.248
LOKIASV2_1604_ESMFold_hypothetical_protein	AF-A0A842NEV9-F1-model_v4	AF-A0A842NEV9-F1-model_v4 Uncharacterized protein	6.023E-02	1.000	144	1	227	240	6	216	219	232	0.946	0.963
LOKIASV2_1604_ESMFold_hypothetical_protein	AF-A0A161WRA4-F1-model_v4	AF-A0A161WRA4-F1-model_v4 MASE3 domain-containing protein	1.092E-02	1.000	144	2	239	240	41	279	287	251	0.992	0.833
LOKIASV2_1604_ESMFold_hypothetical_protein	AF-A0A081C248-F1-model_v4	AF-A0A081C248-F1-model_v4 Putative two-component response regulator	2.565E-02	1.000	144	5	227	240	2	221	322	235	0.929	0.683
LOKIASV2_1604_ESMFold_hypothetical_protein	AF-A0A524CY65-F1-model_v4	AF-A0A524CY65-F1-model_v4 Histidine kinase domain-containing protein	1.092E-02	1.000	144	3	240	240	33	258	497	248	0.992	0.455
LOKIASV2_1604_ESMFold_hypothetical_protein	AF-A0A521ULG8-F1-model_v4	AF-A0A521ULG8-F1-model_v4 PAS domain-containing protein	1.195E-02	1.000	144	1	238	240	137	373	742	254	0.992	0.319
LOKIASV2_1604_ESMFold_hypothetical_protein	AF-A0A4U0YKP9-F1-model_v4	AF-A0A4U0YKP9-F1-model_v4 EAL domain-containing protein	2.049E-02	1.000	144	2	239	240	42	277	985	251	0.992	0.240
LOKIASV2_1604_ESMFold_hypothetical_protein	AF-A0A5C9EEP5-F1-model_v4	AF-A0A5C9EEP5-F1-model_v4 Uncharacterized protein	1.791E-02	1.000	143	1	235	240	39	273	275	258	0.979	0.855
LOKIASV2_1604_ESMFold_hypothetical_protein	AF-A0A7X2PAH6-F1-model_v4	AF-A0A7X2PAH6-F1-model_v4 Helix-turn-helix transcriptional regulator	9.127E-03	1.000	143	3	238	240	2	217	299	244	0.983	0.722
LOKIASV2_1604_ESMFold_hypothetical_protein	AF-A0A1F9A4P4-F1-model_v4	AF-A0A1F9A4P4-F1-model_v4 GGDEF domain-containing protein	1.873E-02	1.000	143	3	238	240	20	249	426	248	0.983	0.540
LOKIASV2_1604_ESMFold_hypothetical_protein	AF-A0A2L0MWW3-F1-model_v4	AF-A0A2L0MWW3-F1-model_v4 Uncharacterized protein	7.887E-02	1.000	143	8	236	240	3	245	432	255	0.954	0.562
LOKIASV2_1604_ESMFold_hypothetical_protein	AF-A0A1H8XCA9-F1-model_v4	AF-A0A1H8XCA9-F1-model_v4 Diguanylate cyclase (GGDEF) domain-containing protein	1.637E-02	1.000	143	2	239	240	41	279	788	251	0.992	0.303
LOKIASV2_1604_ESMFold_hypothetical_protein	AF-L0KVD9-F1-model_v4	AF-L0KVD9-F1-model_v4 MASE3 domain-containing protein	9.127E-03	1.000	142	3	238	240	30	261	322	252	0.983	0.720
LOKIASV2_1604_ESMFold_hypothetical_protein	AF-A0A368JEX4-F1-model_v4	AF-A0A368JEX4-F1-model_v4 Nitrogen regulation protein B	6.023E-02	1.000	142	1	240	240	1	238	471	256	1.000	0.505
LOKIASV2_1604_ESMFold_hypothetical_protein	AF-A0A5R8M484-F1-model_v4	AF-A0A5R8M484-F1-model_v4 Histidine kinase	9.025E-02	1.000	142	1	240	240	1	233	491	250	1.000	0.475
LOKIASV2_1604_ESMFold_hypothetical_protein	AF-A0A072NRB6-F1-model_v4	AF-A0A072NRB6-F1-model_v4 Signal transduction histidine kinase	1.496E-02	1.000	142	1	239	240	35	273	498	251	0.996	0.480
LOKIASV2_1604_ESMFold_hypothetical_protein	AF-A0A661E604-F1-model_v4	AF-A0A661E604-F1-model_v4 MASE3 domain-containing protein	1.791E-02	1.000	141	3	239	240	32	261	285	247	0.988	0.807
LOKIASV2_1604_ESMFold_hypothetical_protein	AF-A0A829QH63-F1-model_v4	AF-A0A829QH63-F1-model_v4 Putative membrane protein	6.023E-02	1.000	141	1	235	240	1	243	372	257	0.979	0.653
LOKIASV2_1604_ESMFold_hypothetical_protein	AF-A0A136P516-F1-model_v4	AF-A0A136P516-F1-model_v4 Putative two-component sensor histidine kinase	1.637E-02	1.000	141	1	238	240	1	242	1038	260	0.992	0.233
LOKIASV2_1604_ESMFold_hypothetical_protein	AF-A0A497SIJ9-F1-model_v4	AF-A0A497SIJ9-F1-model_v4 Uncharacterized protein	6.589E-02	1.000	140	1	235	240	8	215	216	241	0.979	0.963
LOKIASV2_1604_ESMFold_hypothetical_protein	AF-A0A842VPX4-F1-model_v4	AF-A0A842VPX4-F1-model_v4 Uncharacterized protein	2.452E-02	1.000	140	1	238	240	6	265	266	267	0.992	0.977
LOKIASV2_1604_ESMFold_hypothetical_protein	AF-A0A1Y1XWV7-F1-model_v4	AF-A0A1Y1XWV7-F1-model_v4 Uncharacterized protein	2.345E-02	1.000	140	1	239	240	1	255	268	268	0.996	0.951
LOKIASV2_1604_ESMFold_hypothetical_protein	AF-A0A4Y9Y5R3-F1-model_v4	AF-A0A4Y9Y5R3-F1-model_v4 Uncharacterized protein	2.683E-02	1.000	140	1	238	240	1	246	331	263	0.992	0.743
LOKIASV2_1604_ESMFold_hypothetical_protein	AF-A0A7U9L2S9-F1-model_v4	AF-A0A7U9L2S9-F1-model_v4 Uncharacterized protein	3.843E-02	1.000	140	1	234	240	1	233	385	254	0.975	0.605
LOKIASV2_1604_ESMFold_hypothetical_protein	AF-A0A0E3XM19-F1-model_v4	AF-A0A0E3XM19-F1-model_v4 Uncharacterized protein	3.070E-02	1.000	140	1	230	240	2	235	404	250	0.958	0.579
LOKIASV2_1604_ESMFold_hypothetical_protein	AF-A0A7C6QLE6-F1-model_v4	AF-A0A7C6QLE6-F1-model_v4 Sensor histidine kinase	3.070E-02	1.000	140	4	239	240	11	252	472	256	0.983	0.513
LOKIASV2_1604_ESMFold_hypothetical_protein	AF-A0A545TBT7-F1-model_v4	AF-A0A545TBT7-F1-model_v4 EAL domain-containing protein	4.205E-02	1.000	140	3	239	240	1	238	683	254	0.988	0.348
LOKIASV2_1604_ESMFold_hypothetical_protein	AF-A0A1J4UFQ5-F1-model_v4	AF-A0A1J4UFQ5-F1-model_v4 Uncharacterized protein	5.032E-02	1.000	139	2	227	240	59	265	268	230	0.942	0.772
LOKIASV2_1604_ESMFold_hypothetical_protein	AF-A0A1G3KZ31-F1-model_v4	AF-A0A1G3KZ31-F1-model_v4 HTH luxR-type domain-containing protein	5.759E-02	1.000	139	5	223	240	2	224	309	237	0.913	0.722
LOKIASV2_1604_ESMFold_hypothetical_protein	AF-A0A2N1R128-F1-model_v4	AF-A0A2N1R128-F1-model_v4 GGDEF domain-containing protein	2.345E-02	1.000	139	1	237	240	27	257	415	249	0.988	0.557
LOKIASV2_1604_ESMFold_hypothetical_protein	AF-D2VQG3-F1-model_v4	AF-D2VQG3-F1-model_v4 Predicted protein	1.791E-02	1.000	139	4	239	240	247	487	530	257	0.983	0.455
LOKIASV2_1604_ESMFold_hypothetical_protein	AF-A0A842XRK2-F1-model_v4	AF-A0A842XRK2-F1-model_v4 Uncharacterized protein	1.565E-02	1.000	139	4	238	240	52	287	538	248	0.979	0.439
LOKIASV2_1604_ESMFold_hypothetical_protein	AF-A0A1I0BGY8-F1-model_v4	AF-A0A1I0BGY8-F1-model_v4 PAS domain S-box-containing protein	3.513E-02	1.000	139	2	239	240	33	269	641	253	0.992	0.370
LOKIASV2_1604_ESMFold_hypothetical_protein	AF-A0A255ZIY0-F1-model_v4	AF-A0A255ZIY0-F1-model_v4 Uncharacterized protein	2.242E-02	1.000	139	1	239	240	23	262	1074	264	0.996	0.223
LOKIASV2_1604_ESMFold_hypothetical_protein	AF-A0A318KWW1-F1-model_v4	AF-A0A318KWW1-F1-model_v4 Uncharacterized protein	1.873E-02	1.000	138	8	239	240	2	229	231	240	0.967	0.987
LOKIASV2_1604_ESMFold_hypothetical_protein	AF-A0A7X7E881-F1-model_v4	AF-A0A7X7E881-F1-model_v4 MASE3 domain-containing protein	1.430E-02	1.000	138	3	238	240	35	266	282	252	0.983	0.823
LOKIASV2_1604_ESMFold_hypothetical_protein	AF-A0A7C5U5L1-F1-model_v4	AF-A0A7C5U5L1-F1-model_v4 MASE3 domain-containing protein	1.496E-02	1.000	138	3	238	240	33	267	301	251	0.983	0.781
LOKIASV2_1604_ESMFold_hypothetical_protein	AF-A0A553DU82-F1-model_v4	AF-A0A553DU82-F1-model_v4 Sensor histidine kinase	4.398E-02	1.000	138	1	240	240	1	237	444	253	1.000	0.534
LOKIASV2_1604_ESMFold_hypothetical_protein	AF-A0A524EEN9-F1-model_v4	AF-A0A524EEN9-F1-model_v4 GHKL domain-containing protein	1.873E-02	1.000	138	5	239	240	47	268	485	243	0.979	0.458
LOKIASV2_1604_ESMFold_hypothetical_protein	AF-A0A094FQ67-F1-model_v4	AF-A0A094FQ67-F1-model_v4 Uncharacterized protein	2.935E-02	1.000	137	1	239	240	29	280	296	267	0.996	0.851
LOKIASV2_1604_ESMFold_hypothetical_protein	AF-A0A7J0CZB8-F1-model_v4	AF-A0A7J0CZB8-F1-model_v4 Uncharacterized protein	3.674E-02	1.000	137	11	239	240	2	243	420	260	0.954	0.576
LOKIASV2_1604_ESMFold_hypothetical_protein	AF-A0A426QKM8-F1-model_v4	AF-A0A426QKM8-F1-model_v4 EAL domain-containing protein	3.843E-02	1.000	137	2	238	240	43	268	818	245	0.988	0.276
LOKIASV2_1604_ESMFold_hypothetical_protein	AF-A0A842TC94-F1-model_v4	AF-A0A842TC94-F1-model_v4 Uncharacterized protein	1.637E-02	1.000	136	21	232	240	2	208	210	231	0.883	0.986
LOKIASV2_1604_ESMFold_hypothetical_protein	AF-R0K8I9-F1-model_v4	AF-R0K8I9-F1-model_v4 Uncharacterized protein	3.843E-02	1.000	136	1	239	240	20	242	292	245	0.996	0.764
LOKIASV2_1604_ESMFold_hypothetical_protein	AF-A0A7V5E8F1-F1-model_v4	AF-A0A7V5E8F1-F1-model_v4 MASE3 domain-containing protein	2.049E-02	1.000	136	3	238	240	30	258	293	249	0.983	0.782
LOKIASV2_1604_ESMFold_hypothetical_protein	AF-A0A5N6DZK7-F1-model_v4	AF-A0A5N6DZK7-F1-model_v4 Uncharacterized protein	4.600E-02	1.000	136	2	239	240	21	262	507	260	0.992	0.477
LOKIASV2_1604_ESMFold_hypothetical_protein	AF-A0A3D5R4S2-F1-model_v4	AF-A0A3D5R4S2-F1-model_v4 PPM-type phosphatase domain-containing protein	3.211E-02	1.000	136	1	239	240	51	290	565	255	0.996	0.425
LOKIASV2_1604_ESMFold_hypothetical_protein	AF-A0A352AQQ4-F1-model_v4	AF-A0A352AQQ4-F1-model_v4 PPM-type phosphatase domain-containing protein	2.935E-02	1.000	136	4	239	240	62	294	573	249	0.983	0.407
LOKIASV2_1604_ESMFold_hypothetical_protein	AF-A0A426VZI1-F1-model_v4	AF-A0A426VZI1-F1-model_v4 Histidine kinase	1.195E-02	1.000	136	2	240	240	16	242	774	248	0.996	0.293
LOKIASV2_1604_ESMFold_hypothetical_protein	AF-A0A832T6I9-F1-model_v4	AF-A0A832T6I9-F1-model_v4 PAS domain S-box protein	1.044E-02	1.000	136	3	238	240	48	276	896	252	0.983	0.256
LOKIASV2_1604_ESMFold_hypothetical_protein	AF-A0A7Y5QDL9-F1-model_v4	AF-A0A7Y5QDL9-F1-model_v4 Histidine kinase domain-containing protein	5.759E-02	1.000	136	9	240	240	16	243	1085	244	0.967	0.210
LOKIASV2_1604_ESMFold_hypothetical_protein	AF-A0A2W0BCE9-F1-model_v4	AF-A0A2W0BCE9-F1-model_v4 Histidine kinase	3.211E-02	1.000	135	1	227	240	121	335	346	234	0.946	0.621
LOKIASV2_1604_ESMFold_hypothetical_protein	AF-A0A844FUC0-F1-model_v4	AF-A0A844FUC0-F1-model_v4 GGDEF domain-containing protein	9.440E-02	1.000	135	1	221	240	1	219	379	230	0.921	0.578
LOKIASV2_1604_ESMFold_hypothetical_protein	AF-A0A1M3QZ19-F1-model_v4	AF-A0A1M3QZ19-F1-model_v4 Histidine kinase domain-containing protein	1.565E-02	1.000	135	1	240	240	1	229	443	259	1.000	0.517
LOKIASV2_1604_ESMFold_hypothetical_protein	AF-A0A8A3TND1-F1-model_v4	AF-A0A8A3TND1-F1-model_v4 Uncharacterized protein	4.811E-02	1.000	135	11	239	240	2	243	448	260	0.954	0.540
LOKIASV2_1604_ESMFold_hypothetical_protein	AF-A0A0F2SH99-F1-model_v4	AF-A0A0F2SH99-F1-model_v4 Histidine kinase domain-containing protein	4.020E-02	1.000	135	1	238	240	1	262	470	272	0.992	0.557
LOKIASV2_1604_ESMFold_hypothetical_protein	AF-E8WNK4-F1-model_v4	AF-E8WNK4-F1-model_v4 Histidine kinase	1.092E-02	1.000	135	5	239	240	39	261	870	246	0.979	0.256
LOKIASV2_1604_ESMFold_hypothetical_protein	AF-A0A395JG21-F1-model_v4	AF-A0A395JG21-F1-model_v4 Histidine kinase	7.209E-02	1.000	135	4	238	240	189	421	920	248	0.979	0.253
LOKIASV2_1604_ESMFold_hypothetical_protein	AF-A0A1J5X814-F1-model_v4	AF-A0A1J5X814-F1-model_v4 Chitin synthase export chaperone	6.892E-02	1.000	134	8	224	240	47	260	287	227	0.904	0.746
LOKIASV2_1604_ESMFold_hypothetical_protein	AF-A0A3C1LQ84-F1-model_v4	AF-A0A3C1LQ84-F1-model_v4 Helix-turn-helix transcriptional regulator	1.873E-02	1.000	134	1	232	240	1	224	299	244	0.967	0.749
LOKIASV2_1604_ESMFold_hypothetical_protein	AF-A0A1G0RA69-F1-model_v4	AF-A0A1G0RA69-F1-model_v4 HTH luxR-type domain-containing protein	2.049E-02	1.000	134	5	226	240	2	219	320	236	0.925	0.681
LOKIASV2_1604_ESMFold_hypothetical_protein	AF-A0A1T5DZ75-F1-model_v4	AF-A0A1T5DZ75-F1-model_v4 Diguanylate cyclase (GGDEF) domain-containing protein	3.843E-02	1.000	134	1	227	240	1	224	387	236	0.946	0.579
LOKIASV2_1604_ESMFold_hypothetical_protein	AF-A0A7J4UXK4-F1-model_v4	AF-A0A7J4UXK4-F1-model_v4 Histidine kinase domain-containing protein	3.211E-02	1.000	134	1	239	240	7	247	492	257	0.996	0.490
LOKIASV2_1604_ESMFold_hypothetical_protein	AF-A0A486XGN6-F1-model_v4	AF-A0A486XGN6-F1-model_v4 Diguanylate cyclase/phosphodiesterase (GGDEF & EAL domains) with PAS/PAC sensor(S)	2.806E-02	1.000	134	1	239	240	44	284	948	255	0.996	0.254
LOKIASV2_1604_ESMFold_hypothetical_protein	AF-A0A0B7KL19-F1-model_v4	AF-A0A0B7KL19-F1-model_v4 Uncharacterized protein	5.759E-02	1.000	133	2	240	240	12	262	262	262	0.996	0.958
LOKIASV2_1604_ESMFold_hypothetical_protein	AF-A0A812RK78-F1-model_v4	AF-A0A812RK78-F1-model_v4 Hypothetical protein	9.127E-03	1.000	133	1	240	240	20	273	298	272	1.000	0.852
LOKIASV2_1604_ESMFold_hypothetical_protein	AF-A0A5D0MBW7-F1-model_v4	AF-A0A5D0MBW7-F1-model_v4 Response regulator transcription factor	1.367E-02	1.000	133	3	238	240	1	229	311	250	0.983	0.736
LOKIASV2_1604_ESMFold_hypothetical_protein	AF-A0A2H0ACQ2-F1-model_v4	AF-A0A2H0ACQ2-F1-model_v4 PAS domain-containing protein	2.806E-02	1.000	133	1	239	240	24	264	311	260	0.996	0.775
LOKIASV2_1604_ESMFold_hypothetical_protein	AF-A0A2D5V0L9-F1-model_v4	AF-A0A2D5V0L9-F1-model_v4 Histidine kinase domain-containing protein	5.264E-02	1.000	133	9	239	240	26	254	492	241	0.962	0.465
LOKIASV2_1604_ESMFold_hypothetical_protein	AF-A0A090BUT4-F1-model_v4	AF-A0A090BUT4-F1-model_v4 Sensor diguanylate cyclase/phosphodiesterase, GAF and PAS domain-containing	9.546E-03	1.000	133	1	239	240	43	278	1140	263	0.996	0.207
LOKIASV2_1604_ESMFold_hypothetical_protein	AF-A0A5E4J0D9-F1-model_v4	AF-A0A5E4J0D9-F1-model_v4 Uncharacterized protein	1.130E-01	1.000	132	4	227	240	11	217	219	230	0.933	0.945
LOKIASV2_1604_ESMFold_hypothetical_protein	AF-A0A498KYM4-F1-model_v4	AF-A0A498KYM4-F1-model_v4 Uncharacterized protein	2.806E-02	1.000	132	1	240	240	1	240	271	255	1.000	0.886
LOKIASV2_1604_ESMFold_hypothetical_protein	AF-A0A1V6AZ51-F1-model_v4	AF-A0A1V6AZ51-F1-model_v4 Transcriptional regulatory protein LiaR	3.513E-02	1.000	132	2	235	240	3	240	332	247	0.975	0.717
LOKIASV2_1604_ESMFold_hypothetical_protein	AF-A0A7C2LT63-F1-model_v4	AF-A0A7C2LT63-F1-model_v4 MASE3 domain-containing protein	2.143E-02	1.000	132	5	238	240	36	264	340	248	0.975	0.674
LOKIASV2_1604_ESMFold_hypothetical_protein	AF-A0A1J4YHP7-F1-model_v4	AF-A0A1J4YHP7-F1-model_v4 Histidine kinase	4.020E-02	1.000	132	5	237	240	39	259	888	240	0.971	0.249
LOKIASV2_1604_ESMFold_hypothetical_protein	AF-A0A0E0IVJ9-F1-model_v4	AF-A0A0E0IVJ9-F1-model_v4 DUF1084 domain-containing protein	4.398E-02	1.000	131	3	240	240	39	296	346	266	0.992	0.746
LOKIASV2_1604_ESMFold_hypothetical_protein	AF-A0A4S9JSS0-F1-model_v4	AF-A0A4S9JSS0-F1-model_v4 Uncharacterized protein	4.398E-02	1.000	131	1	239	240	82	317	447	252	0.996	0.528
LOKIASV2_1604_ESMFold_hypothetical_protein	AF-A0A7T9DN68-F1-model_v4	AF-A0A7T9DN68-F1-model_v4 Histidine kinase domain-containing protein	7.887E-02	1.000	131	2	239	240	46	274	493	249	0.992	0.465
LOKIASV2_1604_ESMFold_hypothetical_protein	AF-A0A7K4B0M6-F1-model_v4	AF-A0A7K4B0M6-F1-model_v4 PAS domain-containing protein	4.020E-02	1.000	131	3	238	240	29	258	519	248	0.983	0.443
LOKIASV2_1604_ESMFold_hypothetical_protein	AF-A0A286GJ70-F1-model_v4	AF-A0A286GJ70-F1-model_v4 Histidine kinase	5.264E-02	1.000	131	2	234	240	31	252	763	243	0.971	0.291
LOKIASV2_1604_ESMFold_hypothetical_protein	AF-A0A0S6VPV2-F1-model_v4	AF-A0A0S6VPV2-F1-model_v4 HTH luxR-type domain-containing protein	6.892E-02	1.000	130	5	230	240	3	225	337	237	0.942	0.662
LOKIASV2_1604_ESMFold_hypothetical_protein	AF-A0A6A6FZQ3-F1-model_v4	AF-A0A6A6FZQ3-F1-model_v4 Uncharacterized protein	6.589E-02	1.000	130	5	237	240	2	240	338	257	0.971	0.707
LOKIASV2_1604_ESMFold_hypothetical_protein	AF-A0A0D7B8A9-F1-model_v4	AF-A0A0D7B8A9-F1-model_v4 Uncharacterized protein	6.589E-02	1.000	130	3	239	240	14	255	352	252	0.988	0.688
LOKIASV2_1604_ESMFold_hypothetical_protein	AF-A0A2N0AWN4-F1-model_v4	AF-A0A2N0AWN4-F1-model_v4 Histidine kinase	3.513E-02	1.000	130	2	239	240	44	275	361	254	0.992	0.643
LOKIASV2_1604_ESMFold_hypothetical_protein	AF-A0A3B3SX77-F1-model_v4	AF-A0A3B3SX77-F1-model_v4 G-protein coupled receptor family C group 5 member B-like	5.264E-02	1.000	130	3	235	240	68	304	371	248	0.971	0.639
LOKIASV2_1604_ESMFold_hypothetical_protein	AF-A0A094IEG8-F1-model_v4	AF-A0A094IEG8-F1-model_v4 Uncharacterized protein	1.182E-01	1.000	130	1	229	240	31	273	470	252	0.954	0.517
LOKIASV2_1604_ESMFold_hypothetical_protein	AF-A0A661ZE08-F1-model_v4	AF-A0A661ZE08-F1-model_v4 PPM-type phosphatase domain-containing protein	1.414E-01	1.000	130	3	240	240	61	305	612	258	0.992	0.400
LOKIASV2_1604_ESMFold_hypothetical_protein	AF-A0A662R7R9-F1-model_v4	AF-A0A662R7R9-F1-model_v4 Uncharacterized protein	1.033E-01	1.000	129	2	240	240	9	221	221	244	0.996	0.964
LOKIASV2_1604_ESMFold_hypothetical_protein	AF-A0A3M1YLG8-F1-model_v4	AF-A0A3M1YLG8-F1-model_v4 Uncharacterized protein	3.513E-02	1.000	129	1	239	240	1	235	260	257	0.996	0.904
LOKIASV2_1604_ESMFold_hypothetical_protein	AF-A0A135VH48-F1-model_v4	AF-A0A135VH48-F1-model_v4 Uncharacterized protein	1.430E-02	1.000	129	4	240	240	33	264	264	255	0.988	0.879
LOKIASV2_1604_ESMFold_hypothetical_protein	AF-A0A5C9ESY8-F1-model_v4	AF-A0A5C9ESY8-F1-model_v4 Uncharacterized protein	7.887E-02	1.000	129	4	234	240	11	234	367	242	0.962	0.610
LOKIASV2_1604_ESMFold_hypothetical_protein	AF-A0A6P2BTT6-F1-model_v4	AF-A0A6P2BTT6-F1-model_v4 Uncharacterized protein	1.033E-01	1.000	129	9	227	240	2	228	376	235	0.913	0.604
LOKIASV2_1604_ESMFold_hypothetical_protein	AF-A0A059W1F7-F1-model_v4	AF-A0A059W1F7-F1-model_v4 Integral membrane protein	5.506E-02	1.000	129	8	239	240	2	239	387	252	0.967	0.615
LOKIASV2_1604_ESMFold_hypothetical_protein	AF-A0A3A0G590-F1-model_v4	AF-A0A3A0G590-F1-model_v4 Histidine kinase domain-containing protein	2.565E-02	1.000	129	2	239	240	72	325	541	271	0.992	0.470
LOKIASV2_1604_ESMFold_hypothetical_protein	AF-A0A3D5M6J6-F1-model_v4	AF-A0A3D5M6J6-F1-model_v4 Histidine kinase domain-containing protein	5.032E-02	1.000	129	1	238	240	1	243	620	257	0.992	0.392
LOKIASV2_1604_ESMFold_hypothetical_protein	AF-A0A354EFQ2-F1-model_v4	AF-A0A354EFQ2-F1-model_v4 Histidine kinase	7.209E-02	1.000	129	4	238	240	28	253	763	245	0.979	0.296
LOKIASV2_1604_ESMFold_hypothetical_protein	AF-Q1NWY1-F1-model_v4	AF-Q1NWY1-F1-model_v4 Histidine kinase	4.205E-02	1.000	129	1	239	240	46	287	816	262	0.996	0.297
LOKIASV2_1604_ESMFold_hypothetical_protein	AF-A0A1R1PZP9-F1-model_v4	AF-A0A1R1PZP9-F1-model_v4 Uncharacterized protein	1.959E-02	1.000	128	1	240	240	2	247	335	262	1.000	0.734
LOKIASV2_1604_ESMFold_hypothetical_protein	AF-A0A2P6NTP6-F1-model_v4	AF-A0A2P6NTP6-F1-model_v4 Uncharacterized protein	4.600E-02	1.000	128	1	224	240	63	296	373	244	0.933	0.627
LOKIASV2_1604_ESMFold_hypothetical_protein	AF-A0A2Z6B122-F1-model_v4	AF-A0A2Z6B122-F1-model_v4 Multi-sensor signal transduction histidine kinase	6.023E-02	1.000	128	3	238	240	31	261	602	249	0.983	0.384
LOKIASV2_1604_ESMFold_hypothetical_protein	AF-A0A3D3GBU0-F1-model_v4	AF-A0A3D3GBU0-F1-model_v4 Histidine kinase	3.359E-02	1.000	128	4	238	240	20	255	609	255	0.979	0.388
LOKIASV2_1604_ESMFold_hypothetical_protein	AF-A0A177URY4-F1-model_v4	AF-A0A177URY4-F1-model_v4 Uncharacterized protein	1.959E-02	1.000	128	1	239	240	32	300	715	289	0.996	0.376
LOKIASV2_1604_ESMFold_hypothetical_protein	AF-A0A1G7MDL6-F1-model_v4	AF-A0A1G7MDL6-F1-model_v4 Diguanylate cyclase with GAF sensor	4.811E-02	1.000	128	1	238	240	36	272	794	258	0.992	0.298
LOKIASV2_1604_ESMFold_hypothetical_protein	AF-A0A7K3RQI9-F1-model_v4	AF-A0A7K3RQI9-F1-model_v4 Uncharacterized protein	8.628E-02	1.000	127	11	239	240	2	243	335	260	0.954	0.722
LOKIASV2_1604_ESMFold_hypothetical_protein	AF-A0A2V1DTS7-F1-model_v4	AF-A0A2V1DTS7-F1-model_v4 Uncharacterized protein	5.264E-02	1.000	127	1	238	240	10	256	374	258	0.992	0.660
LOKIASV2_1604_ESMFold_hypothetical_protein	AF-A0A432W8Q3-F1-model_v4	AF-A0A432W8Q3-F1-model_v4 GGDEF domain-containing protein	1.959E-02	1.000	127	4	230	240	10	232	397	248	0.946	0.562
LOKIASV2_1604_ESMFold_hypothetical_protein	AF-A0A3M1LJ81-F1-model_v4	AF-A0A3M1LJ81-F1-model_v4 HisKA_3 domain-containing protein	3.513E-02	1.000	127	9	238	240	11	261	411	261	0.958	0.611
LOKIASV2_1604_ESMFold_hypothetical_protein	AF-A0A0L1JBG7-F1-model_v4	AF-A0A0L1JBG7-F1-model_v4 Uncharacterized protein	1.033E-01	1.000	127	7	234	240	26	259	472	245	0.950	0.496
LOKIASV2_1604_ESMFold_hypothetical_protein	AF-A0A2T9Z753-F1-model_v4	AF-A0A2T9Z753-F1-model_v4 Uncharacterized protein	4.398E-02	1.000	127	1	237	240	1	239	503	256	0.988	0.475
LOKIASV2_1604_ESMFold_hypothetical_protein	AF-A0A0S7ZG65-F1-model_v4	AF-A0A0S7ZG65-F1-model_v4 Histidine kinase domain-containing protein	2.318E-01	1.000	127	1	235	240	1	228	533	250	0.979	0.428
LOKIASV2_1604_ESMFold_hypothetical_protein	AF-A0A847DJM5-F1-model_v4	AF-A0A847DJM5-F1-model_v4 PAS domain S-box protein	7.209E-02	1.000	127	2	239	240	28	256	627	249	0.992	0.365
LOKIASV2_1604_ESMFold_hypothetical_protein	AF-A0A2K8L8W7-F1-model_v4	AF-A0A2K8L8W7-F1-model_v4 Histidine kinase	3.674E-02	1.000	127	5	238	240	42	264	775	245	0.975	0.288
LOKIASV2_1604_ESMFold_hypothetical_protein	AF-A0A2N6A8U4-F1-model_v4	AF-A0A2N6A8U4-F1-model_v4 Uncharacterized protein	4.205E-02	1.000	127	3	238	240	41	271	878	247	0.983	0.263
LOKIASV2_1604_ESMFold_hypothetical_protein	AF-A0A6A4GYG2-F1-model_v4	AF-A0A6A4GYG2-F1-model_v4 Uncharacterized protein	4.020E-02	1.000	126	2	239	240	11	263	316	268	0.992	0.801
LOKIASV2_1604_ESMFold_hypothetical_protein	AF-A0A3D8QNE6-F1-model_v4	AF-A0A3D8QNE6-F1-model_v4 Uncharacterized protein	6.300E-02	1.000	126	1	238	240	3	249	320	257	0.992	0.772
LOKIASV2_1604_ESMFold_hypothetical_protein	AF-R7TB94-F1-model_v4	AF-R7TB94-F1-model_v4 G_PROTEIN_RECEP_F1_2 domain-containing protein	1.033E-01	1.000	126	1	226	240	11	265	364	265	0.942	0.701
LOKIASV2_1604_ESMFold_hypothetical_protein	AF-A0A2U0E391-F1-model_v4	AF-A0A2U0E391-F1-model_v4 HATPase_c domain-containing protein	6.892E-02	1.000	126	1	240	240	1	232	458	252	1.000	0.507
LOKIASV2_1604_ESMFold_hypothetical_protein	AF-A0A2T2QZ97-F1-model_v4	AF-A0A2T2QZ97-F1-model_v4 Histidine kinase domain-containing protein	1.182E-01	1.000	126	8	235	240	3	231	538	244	0.950	0.426
LOKIASV2_1604_ESMFold_hypothetical_protein	AF-A0A2G5BGB0-F1-model_v4	AF-A0A2G5BGB0-F1-model_v4 Uncharacterized protein	9.025E-02	1.000	126	1	235	240	1	241	543	264	0.979	0.444
LOKIASV2_1604_ESMFold_hypothetical_protein	AF-A0A7V3UCL5-F1-model_v4	AF-A0A7V3UCL5-F1-model_v4 Uncharacterized protein	7.887E-02	1.000	126	2	238	240	184	414	633	256	0.988	0.365
LOKIASV2_1604_ESMFold_hypothetical_protein	AF-A0A2N6C176-F1-model_v4	AF-A0A2N6C176-F1-model_v4 Histidine kinase	3.359E-02	1.000	126	1	239	240	38	283	920	268	0.996	0.267
LOKIASV2_1604_ESMFold_hypothetical_protein	AF-A0A1F9L687-F1-model_v4	AF-A0A1F9L687-F1-model_v4 Histidine kinase	6.023E-02	1.000	126	1	239	240	33	271	1088	257	0.996	0.220
LOKIASV2_1604_ESMFold_hypothetical_protein	AF-A0A7X8W1L8-F1-model_v4	AF-A0A7X8W1L8-F1-model_v4 Response regulator transcription factor	1.033E-01	1.000	125	5	230	240	2	218	301	231	0.942	0.721
LOKIASV2_1604_ESMFold_hypothetical_protein	AF-A0A101EAQ6-F1-model_v4	AF-A0A101EAQ6-F1-model_v4 Histidine kinase	6.300E-02	1.000	125	2	239	240	33	272	321	255	0.992	0.748
LOKIASV2_1604_ESMFold_hypothetical_protein	AF-A0A285MRZ4-F1-model_v4	AF-A0A285MRZ4-F1-model_v4 Helix-turn-helix domain-containing protein	9.440E-02	1.000	125	8	240	240	7	242	365	254	0.971	0.647
LOKIASV2_1604_ESMFold_hypothetical_protein	AF-A0A7C4WF96-F1-model_v4	AF-A0A7C4WF96-F1-model_v4 Nitrogen regulation protein B	7.209E-02	1.000	125	3	238	240	12	258	468	269	0.983	0.528
LOKIASV2_1604_ESMFold_hypothetical_protein	AF-A0A327WXH1-F1-model_v4	AF-A0A327WXH1-F1-model_v4 Diguanylate cyclase/phosphodiesterase	1.352E-01	1.000	125	3	239	240	4	236	690	244	0.988	0.338
LOKIASV2_1604_ESMFold_hypothetical_protein	AF-A0A524D4Z1-F1-model_v4	AF-A0A524D4Z1-F1-model_v4 Uncharacterized protein	2.683E-02	1.000	124	4	227	240	35	255	260	231	0.933	0.850
LOKIASV2_1604_ESMFold_hypothetical_protein	AF-A0A094G3N9-F1-model_v4	AF-A0A094G3N9-F1-model_v4 Uncharacterized protein	7.887E-02	1.000	124	1	239	240	29	280	285	265	0.996	0.884
LOKIASV2_1604_ESMFold_hypothetical_protein	AF-V5WNB3-F1-model_v4	AF-V5WNB3-F1-model_v4 HTH luxR-type domain-containing protein	9.440E-02	1.000	124	5	227	240	2	216	297	229	0.929	0.724
LOKIASV2_1604_ESMFold_hypothetical_protein	AF-A0A1Y2BGF8-F1-model_v4	AF-A0A1Y2BGF8-F1-model_v4 Uncharacterized protein	2.143E-02	1.000	124	4	235	240	21	278	313	268	0.967	0.824
LOKIASV2_1604_ESMFold_hypothetical_protein	AF-A0A2J6QLG8-F1-model_v4	AF-A0A2J6QLG8-F1-model_v4 Uncharacterized protein	2.565E-02	1.000	124	1	237	240	77	321	354	258	0.988	0.692
LOKIASV2_1604_ESMFold_hypothetical_protein	AF-A0A563ETG2-F1-model_v4	AF-A0A563ETG2-F1-model_v4 Uncharacterized protein	9.440E-02	1.000	124	7	238	240	2	226	362	239	0.967	0.622
LOKIASV2_1604_ESMFold_hypothetical_protein	AF-A0A0K2SJJ2-F1-model_v4	AF-A0A0K2SJJ2-F1-model_v4 Nitrogen regulation protein B	5.759E-02	1.000	124	1	237	240	1	256	487	272	0.988	0.526
LOKIASV2_1604_ESMFold_hypothetical_protein	AF-A0A7C3H701-F1-model_v4	AF-A0A7C3H701-F1-model_v4 HisKA_7TM domain-containing protein	1.236E-01	1.000	124	9	227	240	140	347	556	227	0.913	0.374
LOKIASV2_1604_ESMFold_hypothetical_protein	AF-D9SHM6-F1-model_v4	AF-D9SHM6-F1-model_v4 Diguanylate cyclase with PAS/PAC sensor	2.452E-02	1.000	124	4	239	240	40	262	713	247	0.983	0.313
LOKIASV2_1604_ESMFold_hypothetical_protein	AF-A0A3D0L847-F1-model_v4	AF-A0A3D0L847-F1-model_v4 Uncharacterized protein	6.300E-02	1.000	124	3	239	240	11	235	771	247	0.988	0.292
LOKIASV2_1604_ESMFold_hypothetical_protein	AF-A0A1F7WHL6-F1-model_v4	AF-A0A1F7WHL6-F1-model_v4 Uncharacterized protein	1.080E-01	1.000	123	1	238	240	11	231	232	249	0.992	0.953
LOKIASV2_1604_ESMFold_hypothetical_protein	AF-A0A524DZ02-F1-model_v4	AF-A0A524DZ02-F1-model_v4 Uncharacterized protein	3.674E-02	1.000	123	1	234	240	33	260	270	242	0.975	0.844
LOKIASV2_1604_ESMFold_hypothetical_protein	AF-A0A7M5WZA4-F1-model_v4	AF-A0A7M5WZA4-F1-model_v4 G_PROTEIN_RECEP_F1_2 domain-containing protein	1.130E-01	1.000	123	2	238	240	29	289	315	263	0.988	0.829
LOKIASV2_1604_ESMFold_hypothetical_protein	AF-A0A081C3F5-F1-model_v4	AF-A0A081C3F5-F1-model_v4 DNA-binding response regulator, LuxR family protein	3.975E-01	1.000	123	5	230	240	2	222	339	230	0.942	0.652
LOKIASV2_1604_ESMFold_hypothetical_protein	AF-A0A6G9Y9X3-F1-model_v4	AF-A0A6G9Y9X3-F1-model_v4 Uncharacterized protein	1.130E-01	1.000	123	7	226	240	2	224	392	238	0.917	0.569
LOKIASV2_1604_ESMFold_hypothetical_protein	AF-A0A522DQ33-F1-model_v4	AF-A0A522DQ33-F1-model_v4 Membrane protein	1.033E-01	1.000	123	1	238	240	202	432	453	259	0.992	0.510
LOKIASV2_1604_ESMFold_hypothetical_protein	AF-A0A5S4ZW90-F1-model_v4	AF-A0A5S4ZW90-F1-model_v4 Histidine kinase	6.300E-02	1.000	123	1	238	240	4	235	493	250	0.992	0.471
LOKIASV2_1604_ESMFold_hypothetical_protein	AF-D5XAL9-F1-model_v4	AF-D5XAL9-F1-model_v4 Histidine kinase	2.242E-02	1.000	123	1	238	240	47	284	534	263	0.992	0.446
LOKIASV2_1604_ESMFold_hypothetical_protein	AF-A0A7W8HJC7-F1-model_v4	AF-A0A7W8HJC7-F1-model_v4 Diguanylate cyclase (GGDEF)-like protein	9.873E-02	1.000	123	2	238	240	126	345	538	249	0.988	0.409
LOKIASV2_1604_ESMFold_hypothetical_protein	AF-A0A2E8RYY6-F1-model_v4	AF-A0A2E8RYY6-F1-model_v4 Histidine kinase	5.032E-02	1.000	123	1	238	240	55	296	551	263	0.992	0.439
LOKIASV2_1604_ESMFold_hypothetical_protein	AF-A0A258P365-F1-model_v4	AF-A0A258P365-F1-model_v4 Uncharacterized protein	3.070E-02	1.000	123	4	238	240	43	283	649	257	0.979	0.371
LOKIASV2_1604_ESMFold_hypothetical_protein	AF-A0A1M4W775-F1-model_v4	AF-A0A1M4W775-F1-model_v4 Diguanylate cyclase (GGDEF) domain-containing protein	5.759E-02	1.000	123	1	235	240	36	271	710	252	0.979	0.332
LOKIASV2_1604_ESMFold_hypothetical_protein	AF-A0A4P6K0G6-F1-model_v4	AF-A0A4P6K0G6-F1-model_v4 Histidine kinase	3.359E-02	1.000	123	5	235	240	90	326	718	254	0.962	0.330
LOKIASV2_1604_ESMFold_hypothetical_protein	AF-A0A1Q1FIU5-F1-model_v4	AF-A0A1Q1FIU5-F1-model_v4 Uncharacterized protein	7.887E-02	1.000	122	2	240	240	11	241	272	244	0.996	0.849
LOKIASV2_1604_ESMFold_hypothetical_protein	AF-A0A811MQ03-F1-model_v4	AF-A0A811MQ03-F1-model_v4 Hypothetical protein	9.873E-02	1.000	122	3	238	240	41	293	322	261	0.983	0.786
LOKIASV2_1604_ESMFold_hypothetical_protein	AF-A0A0B7KHY8-F1-model_v4	AF-A0A0B7KHY8-F1-model_v4 Uncharacterized protein	8.628E-02	1.000	122	1	234	240	2	271	332	274	0.975	0.813
LOKIASV2_1604_ESMFold_hypothetical_protein	AF-A0A7C8M5R4-F1-model_v4	AF-A0A7C8M5R4-F1-model_v4 Uncharacterized protein	1.293E-01	1.000	122	1	240	240	13	251	351	254	1.000	0.681
LOKIASV2_1604_ESMFold_hypothetical_protein	AF-A0A2W4V9D0-F1-model_v4	AF-A0A2W4V9D0-F1-model_v4 Histidine kinase domain-containing protein	1.479E-01	1.000	122	1	238	240	1	224	443	241	0.992	0.506
LOKIASV2_1604_ESMFold_hypothetical_protein	AF-A0A3S2L9P5-F1-model_v4	AF-A0A3S2L9P5-F1-model_v4 G_PROTEIN_RECEP_F3_4 domain-containing protein	9.873E-02	1.000	122	8	238	240	301	530	658	245	0.962	0.350
LOKIASV2_1604_ESMFold_hypothetical_protein	AF-A0A523DVH0-F1-model_v4	AF-A0A523DVH0-F1-model_v4 HAMP domain-containing histidine kinase	1.937E-01	1.000	122	4	231	240	8	239	673	239	0.950	0.345
LOKIASV2_1604_ESMFold_hypothetical_protein	AF-A0A7C3XJL7-F1-model_v4	AF-A0A7C3XJL7-F1-model_v4 Uncharacterized protein	1.959E-02	1.000	121	14	234	240	3	217	220	226	0.921	0.977
LOKIASV2_1604_ESMFold_hypothetical_protein	AF-A0A537KI77-F1-model_v4	AF-A0A537KI77-F1-model_v4 Uncharacterized protein	1.033E-01	1.000	121	1	238	240	1	219	249	245	0.992	0.880
LOKIASV2_1604_ESMFold_hypothetical_protein	AF-A0A0D1YJ92-F1-model_v4	AF-A0A0D1YJ92-F1-model_v4 Uncharacterized protein	1.080E-01	1.000	121	1	239	240	15	255	279	259	0.996	0.864
LOKIASV2_1604_ESMFold_hypothetical_protein	AF-A0A540VHW0-F1-model_v4	AF-A0A540VHW0-F1-model_v4 Nitrogen regulation protein B	4.398E-02	1.000	121	3	238	240	12	258	484	262	0.983	0.510
LOKIASV2_1604_ESMFold_hypothetical_protein	AF-A0A2N0WQH1-F1-model_v4	AF-A0A2N0WQH1-F1-model_v4 Diguanylate cyclase	4.600E-02	1.000	121	11	239	240	189	412	575	236	0.954	0.390
LOKIASV2_1604_ESMFold_hypothetical_protein	AF-A0A317IXH4-F1-model_v4	AF-A0A317IXH4-F1-model_v4 Uncharacterized protein	7.887E-02	1.000	121	3	238	240	184	413	635	254	0.983	0.362
LOKIASV2_1604_ESMFold_hypothetical_protein	AF-A0A7Y2APZ1-F1-model_v4	AF-A0A7Y2APZ1-F1-model_v4 Response regulator	7.209E-02	1.000	121	9	234	240	23	246	669	236	0.942	0.335
LOKIASV2_1604_ESMFold_hypothetical_protein	AF-A0A1I6C263-F1-model_v4	AF-A0A1I6C263-F1-model_v4 PAS domain S-box-containing protein/diguanylate cyclase (GGDEF) domain-containing protein	1.712E-02	1.000	121	2	228	240	70	291	929	237	0.946	0.239
LOKIASV2_1604_ESMFold_hypothetical_protein	AF-A0A1V4UCT4-F1-model_v4	AF-A0A1V4UCT4-F1-model_v4 Sensory histidine kinase AtoS	9.025E-02	1.000	121	3	239	240	36	270	1004	250	0.988	0.234
LOKIASV2_1604_ESMFold_hypothetical_protein	AF-A0A0H2RCZ7-F1-model_v4	AF-A0A0H2RCZ7-F1-model_v4 Uncharacterized protein	4.205E-02	1.000	120	6	240	240	13	257	305	260	0.979	0.803
LOKIASV2_1604_ESMFold_hypothetical_protein	AF-A0A4V1IQH2-F1-model_v4	AF-A0A4V1IQH2-F1-model_v4 Uncharacterized protein	6.892E-02	1.000	120	2	239	240	5	236	334	253	0.992	0.695
LOKIASV2_1604_ESMFold_hypothetical_protein	AF-A0A0M2UB35-F1-model_v4	AF-A0A0M2UB35-F1-model_v4 Histidine kinase domain-containing protein	3.359E-02	1.000	120	1	238	240	1	265	479	274	0.992	0.553
LOKIASV2_1604_ESMFold_hypothetical_protein	AF-A0A1F4G470-F1-model_v4	AF-A0A1F4G470-F1-model_v4 Histidine kinase	7.887E-02	1.000	120	1	238	240	40	277	814	258	0.992	0.292
LOKIASV2_1604_ESMFold_hypothetical_protein	AF-A0A423S5C5-F1-model_v4	AF-A0A423S5C5-F1-model_v4 Uncharacterized protein	6.023E-02	1.000	120	1	239	240	55	294	854	261	0.996	0.281
LOKIASV2_1604_ESMFold_hypothetical_protein	AF-A0A535D7G7-F1-model_v4	AF-A0A535D7G7-F1-model_v4 Response regulator	2.318E-01	1.000	120	1	238	240	1	233	877	250	0.992	0.266
LOKIASV2_1604_ESMFold_hypothetical_protein	AF-A0A5Q0BRJ1-F1-model_v4	AF-A0A5Q0BRJ1-F1-model_v4 Histidine kinase	6.023E-02	1.000	120	1	240	240	40	280	880	262	1.000	0.274
LOKIASV2_1604_ESMFold_hypothetical_protein	AF-A0A507FDV6-F1-model_v4	AF-A0A507FDV6-F1-model_v4 Uncharacterized protein	3.674E-02	1.000	119	1	239	240	1	247	287	259	0.996	0.861
LOKIASV2_1604_ESMFold_hypothetical_protein	AF-A0A4S8LQL9-F1-model_v4	AF-A0A4S8LQL9-F1-model_v4 Uncharacterized protein	9.873E-02	1.000	119	1	227	240	1	241	305	248	0.946	0.790
LOKIASV2_1604_ESMFold_hypothetical_protein	AF-A0A4X1VIL2-F1-model_v4	AF-A0A4X1VIL2-F1-model_v4 Cannabinoid receptor 1	7.540E-02	1.000	119	1	237	240	31	294	318	277	0.988	0.830
LOKIASV2_1604_ESMFold_hypothetical_protein	AF-A0A0R3RIH4-F1-model_v4	AF-A0A0R3RIH4-F1-model_v4 G_PROTEIN_RECEP_F1_2 domain-containing protein	7.209E-02	1.000	119	4	240	240	73	362	408	296	0.988	0.711
LOKIASV2_1604_ESMFold_hypothetical_protein	AF-A0A4P9XVS6-F1-model_v4	AF-A0A4P9XVS6-F1-model_v4 Uncharacterized protein	9.025E-02	1.000	119	4	239	240	104	358	426	274	0.983	0.599
LOKIASV2_1604_ESMFold_hypothetical_protein	AF-A0A1Y1WMU7-F1-model_v4	AF-A0A1Y1WMU7-F1-model_v4 Uncharacterized protein	8.249E-02	1.000	119	1	224	240	45	278	487	246	0.933	0.480
LOKIASV2_1604_ESMFold_hypothetical_protein	AF-J9IBM4-F1-model_v4	AF-J9IBM4-F1-model_v4 Uncharacterized protein	5.032E-02	1.000	119	1	228	240	171	424	580	263	0.950	0.438
LOKIASV2_1604_ESMFold_hypothetical_protein	AF-A0A1W7QTE2-F1-model_v4	AF-A0A1W7QTE2-F1-model_v4 Histidine kinase	1.712E-02	1.000	119	9	239	240	4	232	916	252	0.962	0.250
LOKIASV2_1604_ESMFold_hypothetical_protein	AF-A0A1G3KUG3-F1-model_v4	AF-A0A1G3KUG3-F1-model_v4 HTH luxR-type domain-containing protein	2.318E-01	1.000	118	5	237	240	2	238	314	249	0.971	0.755
LOKIASV2_1604_ESMFold_hypothetical_protein	AF-A0A3D4N7K3-F1-model_v4	AF-A0A3D4N7K3-F1-model_v4 Histidine kinase domain-containing protein	2.049E-02	1.000	118	9	239	240	14	263	473	267	0.962	0.529
LOKIASV2_1604_ESMFold_hypothetical_protein	AF-A0A1G0N1P0-F1-model_v4	AF-A0A1G0N1P0-F1-model_v4 Uncharacterized protein	1.236E-01	1.000	118	3	239	240	30	260	530	253	0.988	0.436
LOKIASV2_1604_ESMFold_hypothetical_protein	AF-A0A176S0F5-F1-model_v4	AF-A0A176S0F5-F1-model_v4 Uncharacterized protein	8.628E-02	1.000	118	3	238	240	73	302	615	252	0.983	0.374
LOKIASV2_1604_ESMFold_hypothetical_protein	AF-A0A7C8B2X4-F1-model_v4	AF-A0A7C8B2X4-F1-model_v4 Histidine kinase	7.540E-02	1.000	118	1	238	240	38	278	910	263	0.992	0.265
LOKIASV2_1604_ESMFold_hypothetical_protein	AF-A0A8A7VW64-F1-model_v4	AF-A0A8A7VW64-F1-model_v4 PAS domain S-box protein	1.479E-01	1.000	118	1	238	240	39	276	912	256	0.992	0.261
LOKIASV2_1604_ESMFold_hypothetical_protein	AF-A0A524G3K6-F1-model_v4	AF-A0A524G3K6-F1-model_v4 Uncharacterized protein	3.070E-02	1.000	117	4	237	240	36	258	259	241	0.975	0.861
LOKIASV2_1604_ESMFold_hypothetical_protein	AF-A0A5N6U7P0-F1-model_v4	AF-A0A5N6U7P0-F1-model_v4 Uncharacterized protein	1.414E-01	1.000	117	6	240	240	21	262	270	252	0.979	0.896
LOKIASV2_1604_ESMFold_hypothetical_protein	AF-A0A081BL92-F1-model_v4	AF-A0A081BL92-F1-model_v4 Transcriptional regulator, LuxR family	3.321E-01	1.000	117	5	228	240	2	218	314	227	0.933	0.691
LOKIASV2_1604_ESMFold_hypothetical_protein	AF-A0A150XAZ6-F1-model_v4	AF-A0A150XAZ6-F1-model_v4 Histidine kinase domain-containing protein	5.759E-02	1.000	117	3	237	240	66	298	537	252	0.979	0.434
LOKIASV2_1604_ESMFold_hypothetical_protein	AF-A0A160T221-F1-model_v4	AF-A0A160T221-F1-model_v4 GAF domain-containing protein	1.182E-01	1.000	117	2	239	240	7	266	709	268	0.992	0.367
LOKIASV2_1604_ESMFold_hypothetical_protein	AF-A0A1F9Q4H5-F1-model_v4	AF-A0A1F9Q4H5-F1-model_v4 Histidine kinase	1.352E-01	1.000	117	1	238	240	40	277	1178	257	0.992	0.202
LOKIASV2_1604_ESMFold_hypothetical_protein	AF-A0A7X7B903-F1-model_v4	AF-A0A7X7B903-F1-model_v4 Uncharacterized protein	3.843E-02	1.000	116	1	221	240	11	233	234	242	0.921	0.953
LOKIASV2_1604_ESMFold_hypothetical_protein	AF-A0A1Q9PAS2-F1-model_v4	AF-A0A1Q9PAS2-F1-model_v4 Uncharacterized protein	2.049E-02	1.000	116	4	238	240	63	288	295	243	0.979	0.766
LOKIASV2_1604_ESMFold_hypothetical_protein	AF-A0A5D2R3H3-F1-model_v4	AF-A0A5D2R3H3-F1-model_v4 DUF1084 domain-containing protein	1.130E-01	1.000	116	3	225	240	91	330	346	248	0.929	0.694
LOKIASV2_1604_ESMFold_hypothetical_protein	AF-A0A1Y2X7I5-F1-model_v4	AF-A0A1Y2X7I5-F1-model_v4 Uncharacterized protein	1.479E-01	1.000	116	1	239	240	29	263	347	256	0.996	0.677
LOKIASV2_1604_ESMFold_hypothetical_protein	AF-A0A1G3L2C9-F1-model_v4	AF-A0A1G3L2C9-F1-model_v4 Histidine kinase domain-containing protein	3.674E-02	1.000	116	5	239	240	19	267	466	269	0.979	0.534
LOKIASV2_1604_ESMFold_hypothetical_protein	AF-W0EGS7-F1-model_v4	AF-W0EGS7-F1-model_v4 HATPase_c domain-containing protein	1.033E-01	1.000	116	1	238	240	2	254	476	268	0.992	0.532
LOKIASV2_1604_ESMFold_hypothetical_protein	AF-A0A7J4MX82-F1-model_v4	AF-A0A7J4MX82-F1-model_v4 PAS domain S-box protein	2.775E-01	1.000	116	1	224	240	1	211	496	229	0.933	0.425
LOKIASV2_1604_ESMFold_hypothetical_protein	AF-A0A358QV51-F1-model_v4	AF-A0A358QV51-F1-model_v4 Histidine kinase	9.025E-02	1.000	116	4	238	240	44	272	525	251	0.979	0.436
LOKIASV2_1604_ESMFold_hypothetical_protein	AF-A0A6N7B7Z9-F1-model_v4	AF-A0A6N7B7Z9-F1-model_v4 Uncharacterized protein	1.937E-01	1.000	116	1	239	240	49	288	851	256	0.996	0.282
LOKIASV2_1604_ESMFold_hypothetical_protein	AF-A0A2M7WR77-F1-model_v4	AF-A0A2M7WR77-F1-model_v4 Histidine kinase	4.020E-02	1.000	116	8	237	240	2	212	970	237	0.958	0.218
LOKIASV2_1604_ESMFold_hypothetical_protein	AF-A0A4R7AA70-F1-model_v4	AF-A0A4R7AA70-F1-model_v4 PAS domain S-box-containing protein/diguanylate cyclase (GGDEF)-like protein	1.352E-01	1.000	116	1	238	240	52	285	987	258	0.992	0.237
LOKIASV2_1604_ESMFold_hypothetical_protein	AF-A0A849E3G0-F1-model_v4	AF-A0A849E3G0-F1-model_v4 EAL domain-containing protein	4.205E-02	1.000	116	10	238	240	174	393	1126	239	0.954	0.195
LOKIASV2_1604_ESMFold_hypothetical_protein	AF-A0A351V291-F1-model_v4	AF-A0A351V291-F1-model_v4 Histidine kinase	1.236E-01	1.000	116	1	238	240	7	245	1142	259	0.992	0.209
LOKIASV2_1604_ESMFold_hypothetical_protein	AF-A0A524EF87-F1-model_v4	AF-A0A524EF87-F1-model_v4 Uncharacterized protein	2.935E-02	1.000	115	4	237	240	33	255	256	247	0.975	0.871
LOKIASV2_1604_ESMFold_hypothetical_protein	AF-A0A0B7KL62-F1-model_v4	AF-A0A0B7KL62-F1-model_v4 Uncharacterized protein	1.182E-01	1.000	115	6	239	240	23	265	280	258	0.975	0.868
LOKIASV2_1604_ESMFold_hypothetical_protein	AF-W4Q1B5-F1-model_v4	AF-W4Q1B5-F1-model_v4 MASE3 domain-containing protein	2.345E-02	1.000	115	1	239	240	36	276	287	260	0.996	0.840
LOKIASV2_1604_ESMFold_hypothetical_protein	AF-A0A6A4I4E5-F1-model_v4	AF-A0A6A4I4E5-F1-model_v4 Uncharacterized protein	1.693E-01	1.000	115	4	239	240	21	264	291	256	0.983	0.838
LOKIASV2_1604_ESMFold_hypothetical_protein	AF-Q8MQC4-F1-model_v4	AF-Q8MQC4-F1-model_v4 G_PROTEIN_RECEP_F1_2 domain-containing protein	4.398E-02	1.000	115	4	239	240	56	358	433	307	0.983	0.700
LOKIASV2_1604_ESMFold_hypothetical_protein	AF-K2CPU7-F1-model_v4	AF-K2CPU7-F1-model_v4 Periplasmic sensor signal transduction histidine kinase	3.674E-02	1.000	115	2	239	240	11	260	466	277	0.992	0.536
LOKIASV2_1604_ESMFold_hypothetical_protein	AF-A0A7Y1TYE2-F1-model_v4	AF-A0A7Y1TYE2-F1-model_v4 Histidine kinase	4.811E-02	1.000	115	11	221	240	43	249	592	222	0.879	0.350
LOKIASV2_1604_ESMFold_hypothetical_protein	AF-A0A849HZV5-F1-model_v4	AF-A0A849HZV5-F1-model_v4 GHKL domain-containing protein	9.025E-02	1.000	115	2	234	240	34	256	847	236	0.971	0.263
LOKIASV2_1604_ESMFold_hypothetical_protein	AF-A0A1G2FP67-F1-model_v4	AF-A0A1G2FP67-F1-model_v4 Uncharacterized protein	6.892E-02	1.000	114	3	226	240	1	222	233	239	0.933	0.953
LOKIASV2_1604_ESMFold_hypothetical_protein	AF-B8E210-F1-model_v4	AF-B8E210-F1-model_v4 Uncharacterized protein	9.440E-02	1.000	114	1	226	240	32	252	256	234	0.942	0.863
LOKIASV2_1604_ESMFold_hypothetical_protein	AF-A0A2J6L8M1-F1-model_v4	AF-A0A2J6L8M1-F1-model_v4 DUF1084 domain-containing protein	8.249E-02	1.000	114	3	235	240	37	275	292	253	0.971	0.818
LOKIASV2_1604_ESMFold_hypothetical_protein	AF-A0A3D8SCK1-F1-model_v4	AF-A0A3D8SCK1-F1-model_v4 Uncharacterized protein	4.600E-02	1.000	114	8	227	240	14	246	292	243	0.917	0.798
LOKIASV2_1604_ESMFold_hypothetical_protein	AF-A0A2H3D7G9-F1-model_v4	AF-A0A2H3D7G9-F1-model_v4 Uncharacterized protein	9.440E-02	1.000	114	4	227	240	18	242	409	241	0.933	0.550
LOKIASV2_1604_ESMFold_hypothetical_protein	AF-A0A3D3FL40-F1-model_v4	AF-A0A3D3FL40-F1-model_v4 HisKA_3 domain-containing protein	9.025E-02	1.000	114	3	240	240	1	222	445	250	0.992	0.499
LOKIASV2_1604_ESMFold_hypothetical_protein	AF-A7HI18-F1-model_v4	AF-A7HI18-F1-model_v4 Histidine kinase	4.020E-02	1.000	114	1	239	240	49	289	526	269	0.996	0.458
LOKIASV2_1604_ESMFold_hypothetical_protein	AF-A0A347ADU6-F1-model_v4	AF-A0A347ADU6-F1-model_v4 Uncharacterized protein	4.020E-02	1.000	114	2	231	240	39	268	674	249	0.958	0.341
LOKIASV2_1604_ESMFold_hypothetical_protein	AF-A0A7Y7NNF8-F1-model_v4	AF-A0A7Y7NNF8-F1-model_v4 Histidine kinase	2.119E-01	1.000	114	3	239	240	30	257	826	247	0.988	0.276
LOKIASV2_1604_ESMFold_hypothetical_protein	AF-A0A7Y5FNV2-F1-model_v4	AF-A0A7Y5FNV2-F1-model_v4 SpoIIE family protein phosphatase	5.759E-02	1.000	114	1	235	240	142	379	860	254	0.979	0.277
LOKIASV2_1604_ESMFold_hypothetical_protein	AF-A0A420DLJ3-F1-model_v4	AF-A0A420DLJ3-F1-model_v4 Uncharacterized protein	9.873E-02	1.000	113	2	238	240	7	235	236	253	0.988	0.970
LOKIASV2_1604_ESMFold_hypothetical_protein	AF-A0A1V1RIC4-F1-model_v4	AF-A0A1V1RIC4-F1-model_v4 Uncharacterized protein	2.345E-02	1.000	113	4	234	240	31	254	259	239	0.962	0.865
LOKIASV2_1604_ESMFold_hypothetical_protein	AF-A0A533UT31-F1-model_v4	AF-A0A533UT31-F1-model_v4 Uncharacterized protein	1.033E-01	1.000	113	4	240	240	54	300	300	266	0.988	0.823
LOKIASV2_1604_ESMFold_hypothetical_protein	AF-A0A6A5Y167-F1-model_v4	AF-A0A6A5Y167-F1-model_v4 RTA1-domain-containing protein	5.264E-02	1.000	113	9	239	240	25	274	312	263	0.962	0.801
LOKIASV2_1604_ESMFold_hypothetical_protein	AF-A0A1C5T1R7-F1-model_v4	AF-A0A1C5T1R7-F1-model_v4 Putative HTH-type transcriptional regulator yhjB	1.293E-01	1.000	113	4	227	240	5	233	320	243	0.933	0.716
LOKIASV2_1604_ESMFold_hypothetical_protein	AF-O17559-F1-model_v4	AF-O17559-F1-model_v4 Uncharacterized protein	9.873E-02	1.000	113	1	239	240	1	259	334	273	0.996	0.775
LOKIASV2_1604_ESMFold_hypothetical_protein	AF-A0A2V9V933-F1-model_v4	AF-A0A2V9V933-F1-model_v4 Uncharacterized protein	1.130E-01	1.000	113	4	226	240	8	212	601	229	0.929	0.341
LOKIASV2_1604_ESMFold_hypothetical_protein	AF-A0A1L8D1V4-F1-model_v4	AF-A0A1L8D1V4-F1-model_v4 GGDEF domain-containing protein	1.414E-01	1.000	113	1	227	240	34	260	602	246	0.946	0.377
LOKIASV2_1604_ESMFold_hypothetical_protein	AF-A0A1F9PYU6-F1-model_v4	AF-A0A1F9PYU6-F1-model_v4 Uncharacterized protein	1.852E-01	1.000	113	3	238	240	31	260	621	250	0.983	0.370
LOKIASV2_1604_ESMFold_hypothetical_protein	AF-A0A068NYL7-F1-model_v4	AF-A0A068NYL7-F1-model_v4 Response regulator/GGDEF domain protein	1.236E-01	1.000	113	8	226	240	49	261	807	228	0.913	0.264
LOKIASV2_1604_ESMFold_hypothetical_protein	AF-A0A2S5AA63-F1-model_v4	AF-A0A2S5AA63-F1-model_v4 Uncharacterized protein	5.264E-02	1.000	113	4	239	240	72	305	927	256	0.983	0.252
LOKIASV2_1604_ESMFold_hypothetical_protein	AF-A0A3A9SRV7-F1-model_v4	AF-A0A3A9SRV7-F1-model_v4 Uncharacterized protein	2.026E-01	1.000	112	1	220	240	2	229	230	244	0.917	0.991
LOKIASV2_1604_ESMFold_hypothetical_protein	AF-A0A497QHV5-F1-model_v4	AF-A0A497QHV5-F1-model_v4 Uncharacterized protein	5.759E-02	1.000	112	4	227	240	35	249	253	229	0.933	0.850
LOKIASV2_1604_ESMFold_hypothetical_protein	AF-A0A1F5X0W3-F1-model_v4	AF-A0A1F5X0W3-F1-model_v4 Uncharacterized protein	5.506E-02	1.000	112	10	238	240	37	270	273	252	0.954	0.857
LOKIASV2_1604_ESMFold_hypothetical_protein	AF-A0A4V1TUM9-F1-model_v4	AF-A0A4V1TUM9-F1-model_v4 HATPase_c domain-containing protein	3.036E-01	1.000	112	1	238	240	5	232	482	251	0.992	0.473
LOKIASV2_1604_ESMFold_hypothetical_protein	AF-T0EX23-F1-model_v4	AF-T0EX23-F1-model_v4 Histidine kinase	1.182E-01	1.000	112	1	240	240	27	269	497	261	1.000	0.489
LOKIASV2_1604_ESMFold_hypothetical_protein	AF-A0A841Q472-F1-model_v4	AF-A0A841Q472-F1-model_v4 Diguanylate cyclase (GGDEF)-like protein	5.759E-02	1.000	112	2	238	240	28	256	757	242	0.988	0.303
LOKIASV2_1604_ESMFold_hypothetical_protein	AF-A0A3N2DP35-F1-model_v4	AF-A0A3N2DP35-F1-model_v4 Histidine kinase	1.293E-01	1.000	112	1	239	240	96	340	829	261	0.996	0.296
LOKIASV2_1604_ESMFold_hypothetical_protein	AF-A0A522EML9-F1-model_v4	AF-A0A522EML9-F1-model_v4 Uncharacterized protein	3.175E-01	1.000	111	2	222	240	10	237	240	242	0.921	0.950
LOKIASV2_1604_ESMFold_hypothetical_protein	AF-A0A135VS79-F1-model_v4	AF-A0A135VS79-F1-model_v4 Uncharacterized protein	5.264E-02	1.000	111	4	233	240	35	256	257	236	0.958	0.864
LOKIASV2_1604_ESMFold_hypothetical_protein	AF-A0A524FML0-F1-model_v4	AF-A0A524FML0-F1-model_v4 Uncharacterized protein	5.759E-02	1.000	111	4	227	240	35	255	259	234	0.933	0.853
LOKIASV2_1604_ESMFold_hypothetical_protein	AF-A0A6P6BHQ0-F1-model_v4	AF-A0A6P6BHQ0-F1-model_v4 protein TOM THREE HOMOLOG 1	1.182E-01	1.000	111	3	235	240	34	272	289	252	0.971	0.827
LOKIASV2_1604_ESMFold_hypothetical_protein	AF-A0A0D2WJP4-F1-model_v4	AF-A0A0D2WJP4-F1-model_v4 Uncharacterized protein	1.852E-01	1.000	111	1	227	240	96	309	327	237	0.946	0.654
LOKIASV2_1604_ESMFold_hypothetical_protein	AF-A0A1Q9P1H9-F1-model_v4	AF-A0A1Q9P1H9-F1-model_v4 Uncharacterized protein	1.873E-02	1.000	111	1	240	240	42	297	384	269	1.000	0.667
LOKIASV2_1604_ESMFold_hypothetical_protein	AF-A0A524CWB4-F1-model_v4	AF-A0A524CWB4-F1-model_v4 PAS domain-containing protein	6.300E-02	1.000	111	3	234	240	37	257	463	243	0.967	0.477
LOKIASV2_1604_ESMFold_hypothetical_protein	AF-A0A7V2WAV1-F1-model_v4	AF-A0A7V2WAV1-F1-model_v4 PAS domain S-box protein	1.080E-01	1.000	111	3	239	240	25	255	564	248	0.988	0.410
LOKIASV2_1604_ESMFold_hypothetical_protein	AF-A0A517DZV8-F1-model_v4	AF-A0A517DZV8-F1-model_v4 Histidine kinase	2.119E-01	1.000	111	1	238	240	39	266	607	250	0.992	0.376
LOKIASV2_1604_ESMFold_hypothetical_protein	AF-A0A845X5G4-F1-model_v4	AF-A0A845X5G4-F1-model_v4 Histidine kinase	1.414E-01	1.000	111	4	239	240	80	322	628	262	0.983	0.387
LOKIASV2_1604_ESMFold_hypothetical_protein	AF-A0A259CKJ6-F1-model_v4	AF-A0A259CKJ6-F1-model_v4 Uncharacterized protein	5.264E-02	1.000	111	1	239	240	48	288	1094	266	0.996	0.220
LOKIASV2_1604_ESMFold_hypothetical_protein	AF-A0A1V5YQY1-F1-model_v4	AF-A0A1V5YQY1-F1-model_v4 Uncharacterized protein	1.937E-01	1.000	110	1	238	240	1	218	251	243	0.992	0.869
LOKIASV2_1604_ESMFold_hypothetical_protein	AF-A0A349H6T9-F1-model_v4	AF-A0A349H6T9-F1-model_v4 Uncharacterized protein	1.130E-01	1.000	110	10	224	240	41	254	268	228	0.896	0.799
LOKIASV2_1604_ESMFold_hypothetical_protein	AF-A0A527ZFM7-F1-model_v4	AF-A0A527ZFM7-F1-model_v4 Sensor domain-containing phosphodiesterase	1.236E-01	1.000	110	8	227	240	127	327	357	230	0.917	0.563
LOKIASV2_1604_ESMFold_hypothetical_protein	AF-A0A166LU32-F1-model_v4	AF-A0A166LU32-F1-model_v4 Uncharacterized protein	8.628E-02	1.000	110	4	239	240	9	256	370	255	0.983	0.670
LOKIASV2_1604_ESMFold_hypothetical_protein	AF-A0A1Y1V524-F1-model_v4	AF-A0A1Y1V524-F1-model_v4 Uncharacterized protein	2.425E-01	1.000	110	1	240	240	1	263	561	270	1.000	0.469
LOKIASV2_1604_ESMFold_hypothetical_protein	AF-A0A5J5I3P5-F1-model_v4	AF-A0A5J5I3P5-F1-model_v4 Histidine kinase	1.236E-01	1.000	110	1	239	240	39	274	751	261	0.996	0.314
LOKIASV2_1604_ESMFold_hypothetical_protein	AF-A0A1J5SYS7-F1-model_v4	AF-A0A1J5SYS7-F1-model_v4 Autoinducer 2 sensor kinase/phosphatase LuxQ	1.293E-01	1.000	110	1	239	240	49	288	1140	264	0.996	0.211
LOKIASV2_1604_ESMFold_hypothetical_protein	AF-A0A2H0L5Q4-F1-model_v4	AF-A0A2H0L5Q4-F1-model_v4 Uncharacterized protein	3.211E-02	1.000	109	1	240	240	30	271	271	260	1.000	0.893
LOKIASV2_1604_ESMFold_hypothetical_protein	AF-A0A1X0QID5-F1-model_v4	AF-A0A1X0QID5-F1-model_v4 Chitin synthase export chaperone	4.549E-01	1.000	109	8	226	240	45	257	272	228	0.913	0.783
LOKIASV2_1604_ESMFold_hypothetical_protein	AF-A0A5E3XIZ9-F1-model_v4	AF-A0A5E3XIZ9-F1-model_v4 Uncharacterized protein	2.902E-01	1.000	109	1	239	240	17	270	283	269	0.996	0.898
LOKIASV2_1604_ESMFold_hypothetical_protein	AF-A0A2G9YDT9-F1-model_v4	AF-A0A2G9YDT9-F1-model_v4 Uncharacterized protein	1.080E-01	1.000	109	7	224	240	2	279	285	299	0.908	0.975
LOKIASV2_1604_ESMFold_hypothetical_protein	AF-A0A7S3YCU3-F1-model_v4	AF-A0A7S3YCU3-F1-model_v4 Hypothetical protein	1.293E-01	1.000	109	9	239	240	21	240	352	240	0.962	0.625
LOKIASV2_1604_ESMFold_hypothetical_protein	AF-A0A419HIG0-F1-model_v4	AF-A0A419HIG0-F1-model_v4 Uncharacterized protein	1.937E-01	1.000	109	4	239	240	6	223	362	245	0.983	0.602
LOKIASV2_1604_ESMFold_hypothetical_protein	AF-A0A804KQK4-F1-model_v4	AF-A0A804KQK4-F1-model_v4 Uncharacterized protein	1.236E-01	1.000	109	4	235	240	126	363	380	251	0.967	0.626
LOKIASV2_1604_ESMFold_hypothetical_protein	AF-A0A7V2LWI1-F1-model_v4	AF-A0A7V2LWI1-F1-model_v4 Uncharacterized protein	3.843E-02	1.000	109	4	240	240	35	259	529	251	0.988	0.425
LOKIASV2_1604_ESMFold_hypothetical_protein	AF-A0A523UHM8-F1-model_v4	AF-A0A523UHM8-F1-model_v4 GAF domain-containing protein	1.414E-01	1.000	109	1	227	240	7	221	538	242	0.946	0.400
LOKIASV2_1604_ESMFold_hypothetical_protein	AF-A0A0F2RLB9-F1-model_v4	AF-A0A0F2RLB9-F1-model_v4 Histidine kinase	2.775E-01	1.000	109	3	227	240	10	223	815	235	0.938	0.263
LOKIASV2_1604_ESMFold_hypothetical_protein	AF-A0A286ISY2-F1-model_v4	AF-A0A286ISY2-F1-model_v4 Signal transduction histidine kinase	2.902E-01	1.000	109	2	239	240	181	413	908	253	0.992	0.257
LOKIASV2_1604_ESMFold_hypothetical_protein	AF-D5CRH8-F1-model_v4	AF-D5CRH8-F1-model_v4 Histidine kinase	1.618E-01	1.000	109	1	239	240	37	273	1095	257	0.996	0.216
LOKIASV2_1604_ESMFold_hypothetical_protein	AF-A0A662U2T5-F1-model_v4	AF-A0A662U2T5-F1-model_v4 Uncharacterized protein	6.023E-02	1.000	108	10	239	240	31	262	264	246	0.958	0.879
LOKIASV2_1604_ESMFold_hypothetical_protein	AF-A0A0C3SCG0-F1-model_v4	AF-A0A0C3SCG0-F1-model_v4 Uncharacterized protein	1.693E-01	1.000	108	39	240	240	30	237	280	217	0.842	0.743
LOKIASV2_1604_ESMFold_hypothetical_protein	AF-A0A7J7J8W1-F1-model_v4	AF-A0A7J7J8W1-F1-model_v4 G_PROTEIN_RECEP_F1_2 domain-containing protein	9.025E-02	1.000	108	3	238	240	16	290	300	281	0.983	0.917
LOKIASV2_1604_ESMFold_hypothetical_protein	AF-A0A2A2H2C8-F1-model_v4	AF-A0A2A2H2C8-F1-model_v4 Uncharacterized protein	5.506E-02	1.000	108	2	233	240	30	256	331	244	0.967	0.686
LOKIASV2_1604_ESMFold_hypothetical_protein	AF-A0A1R3HQ47-F1-model_v4	AF-A0A1R3HQ47-F1-model_v4 DUF1084 domain-containing protein	1.182E-01	1.000	108	3	235	240	34	272	334	251	0.971	0.716
LOKIASV2_1604_ESMFold_hypothetical_protein	AF-A0A0C9XZS5-F1-model_v4	AF-A0A0C9XZS5-F1-model_v4 Unplaced genomic scaffold K443scaffold_47, whole genome shotgun sequence	2.318E-01	1.000	108	1	238	240	44	288	343	261	0.992	0.714
LOKIASV2_1604_ESMFold_hypothetical_protein	AF-A0A317EXJ6-F1-model_v4	AF-A0A317EXJ6-F1-model_v4 7TMR-DISM_7TM domain-containing protein	2.536E-01	1.000	108	1	238	240	1	226	472	243	0.992	0.479
LOKIASV2_1604_ESMFold_hypothetical_protein	AF-A0A1L9C5W6-F1-model_v4	AF-A0A1L9C5W6-F1-model_v4 Multi-sensor signal transduction histidine kinase	2.536E-01	1.000	108	2	239	240	30	255	594	245	0.992	0.380
LOKIASV2_1604_ESMFold_hypothetical_protein	AF-A0A847FKE9-F1-model_v4	AF-A0A847FKE9-F1-model_v4 GAF domain-containing protein	8.249E-02	1.000	108	5	240	240	11	244	648	260	0.983	0.361
LOKIASV2_1604_ESMFold_hypothetical_protein	AF-A0A5E4KTK3-F1-model_v4	AF-A0A5E4KTK3-F1-model_v4 Methanogenesis regulatory histidine kinase FilI	9.025E-02	1.000	108	4	239	240	42	262	754	245	0.983	0.293
LOKIASV2_1604_ESMFold_hypothetical_protein	AF-A0A137NUK8-F1-model_v4	AF-A0A137NUK8-F1-model_v4 Uncharacterized protein	5.759E-02	1.000	107	1	235	240	20	256	265	256	0.979	0.894
LOKIASV2_1604_ESMFold_hypothetical_protein	AF-A0A6G1DV03-F1-model_v4	AF-A0A6G1DV03-F1-model_v4 DUF1084 domain-containing protein	2.536E-01	1.000	107	4	224	240	27	267	273	250	0.921	0.883
LOKIASV2_1604_ESMFold_hypothetical_protein	AF-A0A6A6Q7L9-F1-model_v4	AF-A0A6A6Q7L9-F1-model_v4 Uncharacterized protein	2.425E-01	1.000	107	9	231	240	27	273	282	262	0.929	0.876
LOKIASV2_1604_ESMFold_hypothetical_protein	AF-A0A445JY55-F1-model_v4	AF-A0A445JY55-F1-model_v4 Tobamovirus multiplication protein 3 isoform B	1.236E-01	1.000	107	3	238	240	41	295	314	264	0.983	0.812
LOKIASV2_1604_ESMFold_hypothetical_protein	AF-A0A6P7GV67-F1-model_v4	AF-A0A6P7GV67-F1-model_v4 uncharacterized protein LOC114347112 isoform X2	2.902E-01	1.000	107	4	235	240	41	286	317	252	0.967	0.776
LOKIASV2_1604_ESMFold_hypothetical_protein	AF-A0A4D8ZCW5-F1-model_v4	AF-A0A4D8ZCW5-F1-model_v4 DUF1084 domain-containing protein	2.026E-01	1.000	107	3	238	240	78	339	363	270	0.983	0.722
LOKIASV2_1604_ESMFold_hypothetical_protein	AF-A0A522TYK6-F1-model_v4	AF-A0A522TYK6-F1-model_v4 EAL domain-containing protein	1.352E-01	1.000	107	1	239	240	39	278	824	255	0.996	0.291
LOKIASV2_1604_ESMFold_hypothetical_protein	AF-A0A7V5D9M3-F1-model_v4	AF-A0A7V5D9M3-F1-model_v4 PAS domain-containing protein	2.425E-01	1.000	107	1	227	240	125	345	929	238	0.946	0.238
LOKIASV2_1604_ESMFold_hypothetical_protein	AF-A0A7X6CUD5-F1-model_v4	AF-A0A7X6CUD5-F1-model_v4 Uncharacterized protein	3.474E-01	1.000	106	1	228	240	10	227	227	243	0.950	0.960
LOKIASV2_1604_ESMFold_hypothetical_protein	AF-A0A2N9MAY0-F1-model_v4	AF-A0A2N9MAY0-F1-model_v4 Uncharacterized protein	9.440E-02	1.000	106	1	230	240	1	224	245	250	0.958	0.914
LOKIASV2_1604_ESMFold_hypothetical_protein	AF-A0A1Q9N061-F1-model_v4	AF-A0A1Q9N061-F1-model_v4 Uncharacterized protein	2.683E-02	1.000	106	2	230	240	53	282	284	242	0.954	0.810
LOKIASV2_1604_ESMFold_hypothetical_protein	AF-A0A090RPA1-F1-model_v4	AF-A0A090RPA1-F1-model_v4 Autoinducer 1 sensor kinase/phosphatase LuxN	2.536E-01	1.000	106	4	226	240	13	242	429	253	0.929	0.536
LOKIASV2_1604_ESMFold_hypothetical_protein	AF-A0A838ETP0-F1-model_v4	AF-A0A838ETP0-F1-model_v4 GGDEF domain-containing protein	5.506E-02	1.000	106	1	236	240	46	272	477	244	0.983	0.476
LOKIASV2_1604_ESMFold_hypothetical_protein	AF-A0A7C3GFI5-F1-model_v4	AF-A0A7C3GFI5-F1-model_v4 Nitrogen regulation protein B	1.547E-01	1.000	106	2	239	240	24	275	484	274	0.992	0.521
LOKIASV2_1604_ESMFold_hypothetical_protein	AF-A0A1B1FWN4-F1-model_v4	AF-A0A1B1FWN4-F1-model_v4 Sensor histidine kinase	1.236E-01	1.000	106	4	238	240	57	282	525	244	0.979	0.430
LOKIASV2_1604_ESMFold_hypothetical_protein	AF-A0A653IF09-F1-model_v4	AF-A0A653IF09-F1-model_v4 Uncharacterized protein	4.811E-02	1.000	106	4	237	240	39	256	625	241	0.975	0.349
LOKIASV2_1604_ESMFold_hypothetical_protein	AF-A0A1Z8SNF4-F1-model_v4	AF-A0A1Z8SNF4-F1-model_v4 Histidine kinase domain-containing protein	2.318E-01	1.000	106	2	238	240	33	268	655	258	0.988	0.360
LOKIASV2_1604_ESMFold_hypothetical_protein	AF-A0A0K8QLV0-F1-model_v4	AF-A0A0K8QLV0-F1-model_v4 Diguanylate cyclase/phosphodiesterase with PAS/PAC sensor	4.976E-01	1.000	106	8	238	240	3	236	678	249	0.962	0.345
LOKIASV2_1604_ESMFold_hypothetical_protein	AF-A0A7U3ZNE2-F1-model_v4	AF-A0A7U3ZNE2-F1-model_v4 Putative signal transduction histidine kinase	3.474E-01	1.000	106	4	240	240	198	437	690	258	0.988	0.348
LOKIASV2_1604_ESMFold_hypothetical_protein	AF-A0A7W2EIE0-F1-model_v4	AF-A0A7W2EIE0-F1-model_v4 Diguanylate cyclase	2.026E-01	1.000	106	1	239	240	45	280	705	260	0.996	0.335
LOKIASV2_1604_ESMFold_hypothetical_protein	AF-A0A653IEP1-F1-model_v4	AF-A0A653IEP1-F1-model_v4 Uncharacterized protein	8.249E-02	1.000	106	1	231	240	25	249	752	236	0.962	0.299
LOKIASV2_1604_ESMFold_hypothetical_protein	AF-A0A1G6BCE8-F1-model_v4	AF-A0A1G6BCE8-F1-model_v4 EAL domain, c-di-GMP-specific phosphodiesterase class I (Or its enzymatically inactive variant)	3.175E-01	1.000	106	3	239	240	180	403	832	246	0.988	0.269
LOKIASV2_1604_ESMFold_hypothetical_protein	AF-A0A0S6W517-F1-model_v4	AF-A0A0S6W517-F1-model_v4 Signal transduction histidine kinase	2.217E-01	1.000	106	3	239	240	44	274	996	249	0.988	0.232
LOKIASV2_1604_ESMFold_hypothetical_protein	AF-A0A239B3V0-F1-model_v4	AF-A0A239B3V0-F1-model_v4 Uncharacterized protein	2.653E-01	1.000	105	1	239	240	1	243	250	257	0.996	0.972
LOKIASV2_1604_ESMFold_hypothetical_protein	AF-A0A1M4YMS0-F1-model_v4	AF-A0A1M4YMS0-F1-model_v4 Diguanylate cyclase (GGDEF) domain-containing protein	3.633E-01	1.000	105	5	239	240	49	290	466	261	0.979	0.519
LOKIASV2_1604_ESMFold_hypothetical_protein	AF-A0A4R6WUT6-F1-model_v4	AF-A0A4R6WUT6-F1-model_v4 Histidine kinase	1.618E-01	1.000	105	1	239	240	25	265	620	258	0.996	0.389
LOKIASV2_1604_ESMFold_hypothetical_protein	AF-A0A1C0YP51-F1-model_v4	AF-A0A1C0YP51-F1-model_v4 EAL domain-containing protein	3.036E-01	1.000	105	1	240	240	1	239	668	252	1.000	0.358
LOKIASV2_1604_ESMFold_hypothetical_protein	AF-A0A158QAA6-F1-model_v4	AF-A0A158QAA6-F1-model_v4 G_PROTEIN_RECEP_F1_2 domain-containing protein	5.032E-02	1.000	104	4	239	240	34	299	386	281	0.983	0.689
LOKIASV2_1604_ESMFold_hypothetical_protein	AF-A0A1F8U2D2-F1-model_v4	AF-A0A1F8U2D2-F1-model_v4 Histidine kinase domain-containing protein	2.775E-01	1.000	104	13	223	240	2	206	465	220	0.879	0.441
LOKIASV2_1604_ESMFold_hypothetical_protein	AF-A0A1X7J214-F1-model_v4	AF-A0A1X7J214-F1-model_v4 Signal transduction histidine kinase	2.775E-01	1.000	104	1	237	240	1	249	473	256	0.988	0.526
LOKIASV2_1604_ESMFold_hypothetical_protein	AF-A0A1V5PWM8-F1-model_v4	AF-A0A1V5PWM8-F1-model_v4 Uncharacterized protein	9.025E-02	1.000	104	1	233	240	31	267	535	244	0.971	0.443
LOKIASV2_1604_ESMFold_hypothetical_protein	AF-A0A7E4WAN5-F1-model_v4	AF-A0A7E4WAN5-F1-model_v4 Uncharacterized protein	3.175E-01	1.000	104	4	232	240	364	630	657	275	0.954	0.406
LOKIASV2_1604_ESMFold_hypothetical_protein	AF-R7UQ26-F1-model_v4	AF-R7UQ26-F1-model_v4 Protein kinase domain-containing protein	4.758E-01	1.000	104	1	237	240	1	262	978	269	0.988	0.268
LOKIASV2_1604_ESMFold_hypothetical_protein	AF-A0A4U5LUG7-F1-model_v4	AF-A0A4U5LUG7-F1-model_v4 7TM_GPCR_Srx domain-containing protein	9.873E-02	1.000	103	4	239	240	10	276	307	271	0.983	0.870
LOKIASV2_1604_ESMFold_hypothetical_protein	AF-A0A086E1G1-F1-model_v4	AF-A0A086E1G1-F1-model_v4 Uncharacterized protein	4.349E-01	1.000	103	12	238	240	3	242	345	245	0.946	0.696
LOKIASV2_1604_ESMFold_hypothetical_protein	AF-A0A067SA33-F1-model_v4	AF-A0A067SA33-F1-model_v4 Uncharacterized protein	3.474E-01	1.000	103	3	230	240	112	361	387	264	0.950	0.646
LOKIASV2_1604_ESMFold_hypothetical_protein	AF-A0A136PEV4-F1-model_v4	AF-A0A136PEV4-F1-model_v4 Serine phosphatase RsbU subunit sigma	9.763E-01	1.000	103	1	227	240	66	287	442	239	0.946	0.502
LOKIASV2_1604_ESMFold_hypothetical_protein	AF-C0GFA2-F1-model_v4	AF-C0GFA2-F1-model_v4 Integral membrane sensor signal transduction histidine kinase	1.352E-01	1.000	103	1	238	240	1	257	466	277	0.992	0.552
LOKIASV2_1604_ESMFold_hypothetical_protein	AF-A0A1T4NVZ5-F1-model_v4	AF-A0A1T4NVZ5-F1-model_v4 Signal transduction histidine kinase	3.036E-01	1.000	103	5	238	240	13	260	477	262	0.975	0.520
LOKIASV2_1604_ESMFold_hypothetical_protein	AF-A0A2N3FK03-F1-model_v4	AF-A0A2N3FK03-F1-model_v4 Uncharacterized protein	3.800E-01	1.000	103	2	239	240	30	261	677	250	0.992	0.343
LOKIASV2_1604_ESMFold_hypothetical_protein	AF-A0A558D523-F1-model_v4	AF-A0A558D523-F1-model_v4 Histidine kinase	6.300E-02	1.000	103	1	231	240	1	220	688	244	0.962	0.320
LOKIASV2_1604_ESMFold_hypothetical_protein	AF-A0A1G1B1S5-F1-model_v4	AF-A0A1G1B1S5-F1-model_v4 Uncharacterized protein	2.653E-01	1.000	103	1	239	240	30	269	946	263	0.996	0.254
LOKIASV2_1604_ESMFold_hypothetical_protein	AF-A0A557STV8-F1-model_v4	AF-A0A557STV8-F1-model_v4 Uncharacterized protein	8.249E-02	1.000	102	1	223	240	1	244	252	255	0.929	0.968
LOKIASV2_1604_ESMFold_hypothetical_protein	AF-A0A1L7XKE5-F1-model_v4	AF-A0A1L7XKE5-F1-model_v4 Uncharacterized protein	7.456E-01	1.000	102	1	238	240	1	255	283	257	0.992	0.901
LOKIASV2_1604_ESMFold_hypothetical_protein	AF-A0A0C9MEH8-F1-model_v4	AF-A0A0C9MEH8-F1-model_v4 Uncharacterized protein	3.175E-01	1.000	102	1	238	240	11	274	307	272	0.992	0.860
LOKIASV2_1604_ESMFold_hypothetical_protein	AF-A0A1Y2CQS3-F1-model_v4	AF-A0A1Y2CQS3-F1-model_v4 Uncharacterized protein	5.444E-01	1.000	102	1	238	240	5	268	309	274	0.992	0.854
LOKIASV2_1604_ESMFold_hypothetical_protein	AF-A0A167KCR9-F1-model_v4	AF-A0A167KCR9-F1-model_v4 Uncharacterized protein	2.026E-01	1.000	102	9	231	240	22	263	317	258	0.929	0.763
LOKIASV2_1604_ESMFold_hypothetical_protein	AF-A0A2Z7DDJ1-F1-model_v4	AF-A0A2Z7DDJ1-F1-model_v4 Tobamovirus multiplication protein 3	2.217E-01	1.000	102	4	235	240	92	329	346	251	0.967	0.688
LOKIASV2_1604_ESMFold_hypothetical_protein	AF-A0A2P5HZM6-F1-model_v4	AF-A0A2P5HZM6-F1-model_v4 Integral membrane protein	4.158E-01	1.000	102	1	238	240	38	308	378	281	0.992	0.717
LOKIASV2_1604_ESMFold_hypothetical_protein	AF-A0A1T5LIJ2-F1-model_v4	AF-A0A1T5LIJ2-F1-model_v4 His Kinase A (Phospho-acceptor) domain-containing protein	1.021E+00	1.000	102	1	238	240	6	238	461	247	0.992	0.505
LOKIASV2_1604_ESMFold_hypothetical_protein	AF-A0A286A7V0-F1-model_v4	AF-A0A286A7V0-F1-model_v4 Signal transduction histidine kinase	4.158E-01	1.000	102	10	239	240	10	231	470	239	0.958	0.472
LOKIASV2_1604_ESMFold_hypothetical_protein	AF-A0A7C5PKA6-F1-model_v4	AF-A0A7C5PKA6-F1-model_v4 HD domain-containing protein	6.892E-02	1.000	102	1	238	240	33	264	546	256	0.992	0.425
LOKIASV2_1604_ESMFold_hypothetical_protein	AF-A0A537I6F6-F1-model_v4	AF-A0A537I6F6-F1-model_v4 Uncharacterized protein	9.025E-02	1.000	102	5	221	240	2	219	609	240	0.904	0.358
LOKIASV2_1604_ESMFold_hypothetical_protein	AF-A0A816R8Q5-F1-model_v4	AF-A0A816R8Q5-F1-model_v4 (rape) hypothetical protein	3.975E-01	1.000	102	4	238	240	23	278	646	264	0.979	0.396
LOKIASV2_1604_ESMFold_hypothetical_protein	AF-A0A521HG41-F1-model_v4	AF-A0A521HG41-F1-model_v4 Histidine kinase domain-containing protein	2.653E-01	1.000	102	2	239	240	65	301	671	256	0.992	0.353
LOKIASV2_1604_ESMFold_hypothetical_protein	AF-A0A1G2XXE0-F1-model_v4	AF-A0A1G2XXE0-F1-model_v4 Histidine kinase domain-containing protein	2.119E-01	1.000	102	1	235	240	1	230	705	249	0.979	0.326
LOKIASV2_1604_ESMFold_hypothetical_protein	AF-A0A4P6JNR2-F1-model_v4	AF-A0A4P6JNR2-F1-model_v4 HATPase_c domain-containing protein	3.036E-01	1.000	102	4	227	240	95	303	737	230	0.933	0.284
LOKIASV2_1604_ESMFold_hypothetical_protein	AF-A0A1H1SMJ9-F1-model_v4	AF-A0A1H1SMJ9-F1-model_v4 Uncharacterized protein	2.217E-01	1.000	101	2	238	240	7	233	236	252	0.988	0.962
LOKIASV2_1604_ESMFold_hypothetical_protein	AF-A0A6V7UYI3-F1-model_v4	AF-A0A6V7UYI3-F1-model_v4 Hypothetical protein	1.618E-01	1.000	101	4	236	240	27	259	310	248	0.971	0.752
LOKIASV2_1604_ESMFold_hypothetical_protein	AF-A0A2A6CED6-F1-model_v4	AF-A0A2A6CED6-F1-model_v4 G protein-coupled receptor	9.334E-01	1.000	101	2	239	240	12	281	329	280	0.992	0.821
LOKIASV2_1604_ESMFold_hypothetical_protein	AF-A0A6L5Y806-F1-model_v4	AF-A0A6L5Y806-F1-model_v4 LuxR family transcriptional regulator	8.157E-01	1.000	101	2	238	240	12	237	333	244	0.988	0.679
LOKIASV2_1604_ESMFold_hypothetical_protein	AF-A0A5C2T162-F1-model_v4	AF-A0A5C2T162-F1-model_v4 Uncharacterized protein	1.693E-01	1.000	101	1	238	240	15	274	336	282	0.992	0.774
LOKIASV2_1604_ESMFold_hypothetical_protein	AF-A0A7V1NSJ2-F1-model_v4	AF-A0A7V1NSJ2-F1-model_v4 Uncharacterized protein	6.516E-01	1.000	101	1	238	240	1	224	342	254	0.992	0.655
LOKIASV2_1604_ESMFold_hypothetical_protein	AF-A0A0D2KUF7-F1-model_v4	AF-A0A0D2KUF7-F1-model_v4 Uncharacterized protein	5.444E-01	1.000	101	1	238	240	47	290	356	257	0.992	0.685
LOKIASV2_1604_ESMFold_hypothetical_protein	AF-A0A5S6QI45-F1-model_v4	AF-A0A5S6QI45-F1-model_v4 G_PROTEIN_RECEP_F1_2 domain-containing protein	4.349E-01	1.000	101	4	235	240	48	323	366	278	0.967	0.754
LOKIASV2_1604_ESMFold_hypothetical_protein	AF-A0A1Y1VTT1-F1-model_v4	AF-A0A1Y1VTT1-F1-model_v4 Uncharacterized protein	2.536E-01	1.000	101	1	239	240	11	273	368	273	0.996	0.715
LOKIASV2_1604_ESMFold_hypothetical_protein	AF-A0A7Y2F8K8-F1-model_v4	AF-A0A7Y2F8K8-F1-model_v4 Histidine kinase domain-containing protein	9.334E-01	1.000	101	9	238	240	29	256	519	243	0.958	0.439
LOKIASV2_1604_ESMFold_hypothetical_protein	AF-A0A849SZ45-F1-model_v4	AF-A0A849SZ45-F1-model_v4 Uncharacterized protein	2.425E-01	1.000	101	1	240	240	42	283	524	267	1.000	0.462
LOKIASV2_1604_ESMFold_hypothetical_protein	AF-A0A4Q1CDG7-F1-model_v4	AF-A0A4Q1CDG7-F1-model_v4 Sensor histidine kinase	3.474E-01	1.000	101	2	239	240	186	417	637	255	0.992	0.364
LOKIASV2_1604_ESMFold_hypothetical_protein	AF-A0A1J5K341-F1-model_v4	AF-A0A1J5K341-F1-model_v4 Histidine kinase	3.800E-01	1.000	101	7	238	240	149	371	736	248	0.967	0.303
LOKIASV2_1604_ESMFold_hypothetical_protein	AF-A0A522FX38-F1-model_v4	AF-A0A522FX38-F1-model_v4 Histidine kinase domain-containing protein	1.293E-01	1.000	101	1	226	240	106	327	817	245	0.942	0.272
LOKIASV2_1604_ESMFold_hypothetical_protein	AF-A0A4P9VJL1-F1-model_v4	AF-A0A4P9VJL1-F1-model_v4 Response regulator	7.887E-02	1.000	101	8	239	240	90	316	856	246	0.967	0.265
LOKIASV2_1604_ESMFold_hypothetical_protein	AF-A0A317XXR4-F1-model_v4	AF-A0A317XXR4-F1-model_v4 Uncharacterized protein	1.182E-01	1.000	101	1	238	240	130	400	879	288	0.992	0.308
LOKIASV2_1604_ESMFold_hypothetical_protein	AF-A0A498HG40-F1-model_v4	AF-A0A498HG40-F1-model_v4 Inositol oxygenase	1.937E-01	1.000	101	2	239	240	39	278	954	260	0.992	0.252
LOKIASV2_1604_ESMFold_hypothetical_protein	AF-A0A327P1X8-F1-model_v4	AF-A0A327P1X8-F1-model_v4 Uncharacterized protein	1.693E-01	1.000	100	1	239	240	5	226	231	252	0.996	0.961
LOKIASV2_1604_ESMFold_hypothetical_protein	AF-A0A4R1SJN2-F1-model_v4	AF-A0A4R1SJN2-F1-model_v4 Uncharacterized protein	9.440E-02	1.000	100	8	238	240	2	237	321	252	0.962	0.735
LOKIASV2_1604_ESMFold_hypothetical_protein	AF-A0A507F5W0-F1-model_v4	AF-A0A507F5W0-F1-model_v4 Uncharacterized protein	5.205E-01	1.000	100	1	235	240	35	274	350	253	0.979	0.686
LOKIASV2_1604_ESMFold_hypothetical_protein	AF-A0A7K4ICU5-F1-model_v4	AF-A0A7K4ICU5-F1-model_v4 Uncharacterized protein	1.080E-01	1.000	100	1	235	240	3	232	365	253	0.979	0.630
LOKIASV2_1604_ESMFold_hypothetical_protein	AF-A0A7C3U1J0-F1-model_v4	AF-A0A7C3U1J0-F1-model_v4 Sensor histidine kinase	4.758E-01	1.000	100	1	239	240	1	256	529	275	0.996	0.484
LOKIASV2_1604_ESMFold_hypothetical_protein	AF-A0A6I1F1A6-F1-model_v4	AF-A0A6I1F1A6-F1-model_v4 EAL domain-containing protein	1.771E-01	1.000	100	2	238	240	28	250	750	244	0.988	0.297
LOKIASV2_1604_ESMFold_hypothetical_protein	AF-A0A177S9W2-F1-model_v4	AF-A0A177S9W2-F1-model_v4 Uncharacterized protein	1.771E-01	1.000	100	1	224	240	24	241	752	231	0.933	0.290
LOKIASV2_1604_ESMFold_hypothetical_protein	AF-A0A287UH24-F1-model_v4	AF-A0A287UH24-F1-model_v4 DUF1084 domain-containing protein	2.902E-01	0.999	99	4	226	240	6	244	247	250	0.929	0.968
LOKIASV2_1604_ESMFold_hypothetical_protein	AF-A0A1G1CES0-F1-model_v4	AF-A0A1G1CES0-F1-model_v4 Uncharacterized protein	1.414E-01	0.999	99	3	238	240	25	258	267	254	0.983	0.876
LOKIASV2_1604_ESMFold_hypothetical_protein	AF-A0A2H3C4N0-F1-model_v4	AF-A0A2H3C4N0-F1-model_v4 Uncharacterized protein	1.693E-01	0.999	99	4	238	240	24	254	276	257	0.979	0.837
LOKIASV2_1604_ESMFold_hypothetical_protein	AF-A0A433Q4U9-F1-model_v4	AF-A0A433Q4U9-F1-model_v4 Uncharacterized protein	2.318E-01	0.999	99	1	235	240	1	247	322	254	0.979	0.767
LOKIASV2_1604_ESMFold_hypothetical_protein	AF-A0A2D9EMU6-F1-model_v4	AF-A0A2D9EMU6-F1-model_v4 EAL domain-containing protein	4.205E-02	0.999	99	4	224	240	53	269	538	244	0.921	0.403
LOKIASV2_1604_ESMFold_hypothetical_protein	AF-A0A533RJ67-F1-model_v4	AF-A0A533RJ67-F1-model_v4 Uncharacterized protein	7.540E-02	0.999	98	4	228	240	24	252	255	246	0.938	0.898
LOKIASV2_1604_ESMFold_hypothetical_protein	AF-A0A1Y2D090-F1-model_v4	AF-A0A1Y2D090-F1-model_v4 Uncharacterized protein	7.799E-01	0.999	98	2	238	240	9	272	301	264	0.988	0.877
LOKIASV2_1604_ESMFold_hypothetical_protein	AF-A0A524IJB5-F1-model_v4	AF-A0A524IJB5-F1-model_v4 LuxR family transcriptional regulator	7.799E-01	0.999	98	5	240	240	2	229	307	244	0.983	0.743
LOKIASV2_1604_ESMFold_hypothetical_protein	AF-A0A6V7WVK4-F1-model_v4	AF-A0A6V7WVK4-F1-model_v4 Hypothetical protein	1.352E-01	0.999	98	2	239	240	18	259	317	257	0.992	0.763
LOKIASV2_1604_ESMFold_hypothetical_protein	AF-A0A6A6Z499-F1-model_v4	AF-A0A6A6Z499-F1-model_v4 uncharacterized protein	3.633E-01	0.999	98	9	225	240	62	305	359	257	0.904	0.680
LOKIASV2_1604_ESMFold_hypothetical_protein	AF-B2A791-F1-model_v4	AF-B2A791-F1-model_v4 Nitrogen regulation protein B	4.549E-01	0.999	98	5	238	240	10	252	474	255	0.975	0.513
LOKIASV2_1604_ESMFold_hypothetical_protein	AF-A0A5S5CNA3-F1-model_v4	AF-A0A5S5CNA3-F1-model_v4 Diguanylate cyclase (GGDEF)-like protein	5.759E-02	0.999	98	4	220	240	35	249	505	237	0.904	0.426
LOKIASV2_1604_ESMFold_hypothetical_protein	AF-A0A2D7M393-F1-model_v4	AF-A0A2D7M393-F1-model_v4 Histidine kinase domain-containing protein	4.758E-01	0.999	98	1	238	240	23	261	642	260	0.992	0.372
LOKIASV2_1604_ESMFold_hypothetical_protein	AF-A0A0F7S7D2-F1-model_v4	AF-A0A0F7S7D2-F1-model_v4 Uncharacterized protein	1.693E-01	0.999	98	1	238	240	116	387	676	290	0.992	0.402
LOKIASV2_1604_ESMFold_hypothetical_protein	AF-A0A2V9Y979-F1-model_v4	AF-A0A2V9Y979-F1-model_v4 Uncharacterized protein	2.902E-01	0.999	98	1	237	240	1	222	694	247	0.988	0.320
LOKIASV2_1604_ESMFold_hypothetical_protein	AF-A0A2V7UBF7-F1-model_v4	AF-A0A2V7UBF7-F1-model_v4 Histidine kinase domain-containing protein	3.800E-01	0.999	98	1	228	240	253	476	801	242	0.950	0.280
LOKIASV2_1604_ESMFold_hypothetical_protein	AF-A0A4P6K0X3-F1-model_v4	AF-A0A4P6K0X3-F1-model_v4 Sensor histidine kinase	7.209E-02	0.999	98	2	238	240	67	308	1023	265	0.988	0.237
LOKIASV2_1604_ESMFold_hypothetical_protein	AF-A0A4Q9DPL1-F1-model_v4	AF-A0A4Q9DPL1-F1-model_v4 EAL domain-containing protein	2.425E-01	0.999	98	1	239	240	37	276	1081	258	0.996	0.222
LOKIASV2_1604_ESMFold_hypothetical_protein	AF-A0A497FKX8-F1-model_v4	AF-A0A497FKX8-F1-model_v4 Uncharacterized protein	8.249E-02	0.999	97	2	224	240	8	228	239	231	0.929	0.925
LOKIASV2_1604_ESMFold_hypothetical_protein	AF-A0A0G2DSX6-F1-model_v4	AF-A0A0G2DSX6-F1-model_v4 Putative integral membrane protein	4.549E-01	0.999	97	1	239	240	16	301	310	301	0.996	0.923
LOKIASV2_1604_ESMFold_hypothetical_protein	AF-A0A3B3QPI1-F1-model_v4	AF-A0A3B3QPI1-F1-model_v4 G protein-coupled receptor, class C, group 5, member Ba	3.175E-01	0.999	97	3	240	240	41	277	334	255	0.992	0.710
LOKIASV2_1604_ESMFold_hypothetical_protein	AF-A0A409W4R7-F1-model_v4	AF-A0A409W4R7-F1-model_v4 Uncharacterized protein	5.444E-01	0.999	97	4	239	240	26	277	334	260	0.983	0.754
LOKIASV2_1604_ESMFold_hypothetical_protein	AF-A0A6N9QIS2-F1-model_v4	AF-A0A6N9QIS2-F1-model_v4 LuxR family transcriptional regulator	1.352E-01	0.999	97	4	227	240	41	271	366	243	0.933	0.631
LOKIASV2_1604_ESMFold_hypothetical_protein	AF-A0A2P6NL56-F1-model_v4	AF-A0A2P6NL56-F1-model_v4 Uncharacterized protein	1.479E-01	0.999	97	8	238	240	98	383	414	295	0.962	0.691
LOKIASV2_1604_ESMFold_hypothetical_protein	AF-A0A523RNJ8-F1-model_v4	AF-A0A523RNJ8-F1-model_v4 Histidine kinase domain-containing protein	1.547E-01	0.999	97	3	238	240	31	258	472	252	0.983	0.483
LOKIASV2_1604_ESMFold_hypothetical_protein	AF-A0A1W9QED5-F1-model_v4	AF-A0A1W9QED5-F1-model_v4 Histidine kinase	4.349E-01	0.999	97	9	239	240	10	233	522	249	0.962	0.429
LOKIASV2_1604_ESMFold_hypothetical_protein	AF-A0A803J8K7-F1-model_v4	AF-A0A803J8K7-F1-model_v4 Uncharacterized protein	3.800E-01	0.999	97	2	240	240	146	391	661	264	0.996	0.372
LOKIASV2_1604_ESMFold_hypothetical_protein	AF-A0A2B7Z2C6-F1-model_v4	AF-A0A2B7Z2C6-F1-model_v4 Uncharacterized protein	2.653E-01	0.999	96	9	238	240	22	270	302	261	0.958	0.825
LOKIASV2_1604_ESMFold_hypothetical_protein	AF-A0A6U0TCI6-F1-model_v4	AF-A0A6U0TCI6-F1-model_v4 Hypothetical protein	1.618E-01	0.999	96	1	238	240	14	269	304	275	0.992	0.842
LOKIASV2_1604_ESMFold_hypothetical_protein	AF-A0A165MKK7-F1-model_v4	AF-A0A165MKK7-F1-model_v4 Uncharacterized protein	4.158E-01	0.999	96	2	236	240	55	293	336	257	0.979	0.711
LOKIASV2_1604_ESMFold_hypothetical_protein	AF-A0A0A5GC79-F1-model_v4	AF-A0A0A5GC79-F1-model_v4 Signal peptide protein	2.318E-01	0.999	96	2	224	240	28	244	755	230	0.929	0.287
LOKIASV2_1604_ESMFold_hypothetical_protein	AF-A0A399I5L7-F1-model_v4	AF-A0A399I5L7-F1-model_v4 Histidine kinase	2.318E-01	0.999	96	9	238	240	23	250	1189	256	0.958	0.192
LOKIASV2_1604_ESMFold_hypothetical_protein	AF-A2DIV7-F1-model_v4	AF-A2DIV7-F1-model_v4 Uncharacterized protein	2.902E-01	0.998	95	1	239	240	1	244	273	253	0.996	0.894
LOKIASV2_1604_ESMFold_hypothetical_protein	AF-Q948R8-F1-model_v4	AF-Q948R8-F1-model_v4 Protein TOM THREE HOMOLOG 1	2.026E-01	0.998	95	3	235	240	38	276	293	252	0.971	0.816
LOKIASV2_1604_ESMFold_hypothetical_protein	AF-A0A2G5DH42-F1-model_v4	AF-A0A2G5DH42-F1-model_v4 Uncharacterized protein	4.549E-01	0.998	95	1	225	240	14	253	343	249	0.938	0.700
LOKIASV2_1604_ESMFold_hypothetical_protein	AF-A0A833RGL5-F1-model_v4	AF-A0A833RGL5-F1-model_v4 Lung seven transmembrane receptor	3.036E-01	0.998	95	1	234	240	16	264	360	264	0.975	0.692
LOKIASV2_1604_ESMFold_hypothetical_protein	AF-A0A0P9D3T7-F1-model_v4	AF-A0A0P9D3T7-F1-model_v4 Uncharacterized protein	2.119E-01	0.998	95	4	227	240	82	297	364	245	0.933	0.593
LOKIASV2_1604_ESMFold_hypothetical_protein	AF-A0A6A6FGE5-F1-model_v4	AF-A0A6A6FGE5-F1-model_v4 Uncharacterized protein	9.025E-02	0.998	95	4	239	240	24	282	386	274	0.983	0.671
LOKIASV2_1604_ESMFold_hypothetical_protein	AF-H3B968-F1-model_v4	AF-H3B968-F1-model_v4 Uncharacterized protein	3.975E-01	0.998	95	2	240	240	71	313	586	262	0.996	0.415
LOKIASV2_1604_ESMFold_hypothetical_protein	AF-A0A1V4UD38-F1-model_v4	AF-A0A1V4UD38-F1-model_v4 Putative diguanylate cyclase	1.852E-01	0.998	95	3	239	240	41	275	671	257	0.988	0.350
LOKIASV2_1604_ESMFold_hypothetical_protein	AF-A0A533RL45-F1-model_v4	AF-A0A533RL45-F1-model_v4 Uncharacterized protein	4.549E-01	0.998	94	1	240	240	30	265	282	250	1.000	0.837
LOKIASV2_1604_ESMFold_hypothetical_protein	AF-Q9ZUM2-F1-model_v4	AF-Q9ZUM2-F1-model_v4 Tobamovirus multiplication protein 3	2.425E-01	0.998	94	3	235	240	48	286	303	251	0.971	0.789
LOKIASV2_1604_ESMFold_hypothetical_protein	AF-A0A232LUD2-F1-model_v4	AF-A0A232LUD2-F1-model_v4 Uncharacterized protein	2.318E-01	0.998	94	1	232	240	15	251	362	252	0.967	0.655
LOKIASV2_1604_ESMFold_hypothetical_protein	AF-M4ZD74-F1-model_v4	AF-M4ZD74-F1-model_v4 AraC family transcriptional regulator	2.425E-01	0.998	94	3	240	240	2	216	374	248	0.992	0.575
LOKIASV2_1604_ESMFold_hypothetical_protein	AF-A0A368JGS7-F1-model_v4	AF-A0A368JGS7-F1-model_v4 Sensor protein lytS	3.036E-01	0.998	94	9	238	240	4	237	445	258	0.958	0.526
LOKIASV2_1604_ESMFold_hypothetical_protein	AF-A0A2R6GN70-F1-model_v4	AF-A0A2R6GN70-F1-model_v4 Uncharacterized protein	7.456E-01	0.998	94	8	222	240	6	225	573	234	0.896	0.384
LOKIASV2_1604_ESMFold_hypothetical_protein	AF-A0A1I1JLA3-F1-model_v4	AF-A0A1I1JLA3-F1-model_v4 Diguanylate cyclase (GGDEF) domain-containing protein	2.119E-01	0.998	94	1	238	240	27	266	757	252	0.992	0.317
LOKIASV2_1604_ESMFold_hypothetical_protein	AF-A0A385NKN3-F1-model_v4	AF-A0A385NKN3-F1-model_v4 PAS domain S-box protein	1.479E-01	0.998	94	1	221	240	27	249	885	234	0.921	0.252
LOKIASV2_1604_ESMFold_hypothetical_protein	AF-A0A420YER5-F1-model_v4	AF-A0A420YER5-F1-model_v4 Uncharacterized protein	1.547E-01	0.998	93	1	238	240	1	256	268	273	0.992	0.955
LOKIASV2_1604_ESMFold_hypothetical_protein	AF-A0A1G3PGN8-F1-model_v4	AF-A0A1G3PGN8-F1-model_v4 HTH luxR-type domain-containing protein	1.352E-01	0.998	93	4	223	240	8	224	309	232	0.917	0.702
LOKIASV2_1604_ESMFold_hypothetical_protein	AF-A0A7S3L1E4-F1-model_v4	AF-A0A7S3L1E4-F1-model_v4 Hypothetical protein	1.169E+00	0.998	93	1	238	240	27	295	316	288	0.992	0.851
LOKIASV2_1604_ESMFold_hypothetical_protein	AF-A0A5C3LXU4-F1-model_v4	AF-A0A5C3LXU4-F1-model_v4 Uncharacterized protein	7.799E-01	0.998	93	1	238	240	17	261	384	259	0.992	0.638
LOKIASV2_1604_ESMFold_hypothetical_protein	AF-A0A6A4H4D7-F1-model_v4	AF-A0A6A4H4D7-F1-model_v4 Uncharacterized protein	3.321E-01	0.998	93	4	235	240	22	250	424	249	0.967	0.540
LOKIASV2_1604_ESMFold_hypothetical_protein	AF-A0A3M1E2C7-F1-model_v4	AF-A0A3M1E2C7-F1-model_v4 GAF domain-containing protein	5.444E-01	0.998	93	2	238	240	5	224	427	258	0.988	0.515
LOKIASV2_1604_ESMFold_hypothetical_protein	AF-A0A2G1CQL9-F1-model_v4	AF-A0A2G1CQL9-F1-model_v4 Histidine kinase domain-containing protein	4.549E-01	0.998	93	13	239	240	165	385	617	235	0.946	0.358
LOKIASV2_1604_ESMFold_hypothetical_protein	AF-A0A848U6C2-F1-model_v4	AF-A0A848U6C2-F1-model_v4 Response regulator	2.192E+00	0.998	93	9	238	240	26	252	626	243	0.958	0.363
LOKIASV2_1604_ESMFold_hypothetical_protein	AF-A0A0W0RYD6-F1-model_v4	AF-A0A0W0RYD6-F1-model_v4 Sensory box protein	2.217E-01	0.998	93	2	240	240	44	280	719	258	0.996	0.330
LOKIASV2_1604_ESMFold_hypothetical_protein	AF-A0A3A9K2D6-F1-model_v4	AF-A0A3A9K2D6-F1-model_v4 GGDEF-domain containing protein	2.425E-01	0.998	93	2	224	240	28	247	754	236	0.929	0.292
LOKIASV2_1604_ESMFold_hypothetical_protein	AF-A0A1D2U474-F1-model_v4	AF-A0A1D2U474-F1-model_v4 Uncharacterized protein	4.158E-01	0.998	93	1	238	240	15	254	927	271	0.992	0.259
LOKIASV2_1604_ESMFold_hypothetical_protein	AF-A0A1G2IGN2-F1-model_v4	AF-A0A1G2IGN2-F1-model_v4 Uncharacterized protein	1.182E-01	0.997	92	1	237	240	1	235	236	253	0.988	0.996
LOKIASV2_1604_ESMFold_hypothetical_protein	AF-A0A2M6NZW3-F1-model_v4	AF-A0A2M6NZW3-F1-model_v4 Uncharacterized protein	1.618E-01	0.997	92	5	239	240	34	263	266	245	0.979	0.865
LOKIASV2_1604_ESMFold_hypothetical_protein	AF-Q402F3-F1-model_v4	AF-Q402F3-F1-model_v4 Tobamovirus multiplication protein 3	2.902E-01	0.997	92	3	235	240	39	277	294	251	0.971	0.813
LOKIASV2_1604_ESMFold_hypothetical_protein	AF-A0A2T6E345-F1-model_v4	AF-A0A2T6E345-F1-model_v4 HTH luxR-type domain-containing protein	4.758E-01	0.997	92	10	233	240	8	219	294	231	0.933	0.721
LOKIASV2_1604_ESMFold_hypothetical_protein	AF-A0A4Y7IRX8-F1-model_v4	AF-A0A4Y7IRX8-F1-model_v4 Uncharacterized protein	6.815E-01	0.997	92	1	225	240	44	283	354	250	0.938	0.678
LOKIASV2_1604_ESMFold_hypothetical_protein	AF-A0A662ZQW5-F1-model_v4	AF-A0A662ZQW5-F1-model_v4 Diguanylate cyclase (GGDEF) domain-containing protein	5.205E-01	0.997	92	9	219	240	4	213	381	223	0.879	0.551
LOKIASV2_1604_ESMFold_hypothetical_protein	AF-A0A2U2SIN4-F1-model_v4	AF-A0A2U2SIN4-F1-model_v4 Uncharacterized protein	9.873E-02	0.997	92	1	239	240	38	269	526	251	0.996	0.441
LOKIASV2_1604_ESMFold_hypothetical_protein	AF-H2JAK6-F1-model_v4	AF-H2JAK6-F1-model_v4 Histidine kinase	1.068E+00	0.997	92	2	239	240	43	279	701	251	0.992	0.338
LOKIASV2_1604_ESMFold_hypothetical_protein	AF-A0A1F8R181-F1-model_v4	AF-A0A1F8R181-F1-model_v4 Histidine kinase domain-containing protein	1.337E+00	0.997	92	1	227	240	1	222	755	244	0.946	0.294
LOKIASV2_1604_ESMFold_hypothetical_protein	AF-A0A832GPX1-F1-model_v4	AF-A0A832GPX1-F1-model_v4 Uncharacterized protein	1.182E-01	0.997	91	4	222	240	39	252	255	235	0.913	0.839
LOKIASV2_1604_ESMFold_hypothetical_protein	AF-A9SEF3-F1-model_v4	AF-A9SEF3-F1-model_v4 Predicted protein	4.158E-01	0.997	91	4	235	240	22	257	326	253	0.967	0.724
LOKIASV2_1604_ESMFold_hypothetical_protein	AF-A0A1R2CP23-F1-model_v4	AF-A0A1R2CP23-F1-model_v4 Uncharacterized protein	2.775E-01	0.997	91	1	225	240	1	251	328	257	0.938	0.765
LOKIASV2_1604_ESMFold_hypothetical_protein	AF-A0A4D8YZW4-F1-model_v4	AF-A0A4D8YZW4-F1-model_v4 Uncharacterized protein	1.068E+00	0.997	91	5	223	240	82	318	335	245	0.913	0.707
LOKIASV2_1604_ESMFold_hypothetical_protein	AF-A0A6A6YVM6-F1-model_v4	AF-A0A6A6YVM6-F1-model_v4 RTA1-domain-containing protein	3.633E-01	0.997	91	9	231	240	46	291	390	253	0.929	0.631
LOKIASV2_1604_ESMFold_hypothetical_protein	AF-A0A662FWW5-F1-model_v4	AF-A0A662FWW5-F1-model_v4 Uncharacterized protein	2.536E-01	0.996	90	1	222	240	32	254	260	233	0.925	0.858
LOKIASV2_1604_ESMFold_hypothetical_protein	AF-A0A557SWL9-F1-model_v4	AF-A0A557SWL9-F1-model_v4 Uncharacterized protein	7.887E-02	0.996	90	4	238	240	30	253	261	248	0.979	0.858
LOKIASV2_1604_ESMFold_hypothetical_protein	AF-A0A6I2GPL0-F1-model_v4	AF-A0A6I2GPL0-F1-model_v4 Uncharacterized protein	5.205E-01	0.996	90	1	240	240	28	269	278	257	1.000	0.871
LOKIASV2_1604_ESMFold_hypothetical_protein	AF-A0A6N7ACJ0-F1-model_v4	AF-A0A6N7ACJ0-F1-model_v4 Uncharacterized protein	2.119E-01	0.996	90	5	232	240	48	268	288	238	0.950	0.767
LOKIASV2_1604_ESMFold_hypothetical_protein	AF-A0A6N9QI86-F1-model_v4	AF-A0A6N9QI86-F1-model_v4 LuxR family transcriptional regulator	6.230E-01	0.996	90	3	227	240	1	237	337	248	0.938	0.703
LOKIASV2_1604_ESMFold_hypothetical_protein	AF-A0A7W9KEI8-F1-model_v4	AF-A0A7W9KEI8-F1-model_v4 Uncharacterized protein	8.157E-01	0.996	90	12	234	240	4	231	355	251	0.929	0.642
LOKIASV2_1604_ESMFold_hypothetical_protein	AF-A0A4Q0VVM6-F1-model_v4	AF-A0A4Q0VVM6-F1-model_v4 GGDEF domain-containing protein	1.236E-01	0.996	90	1	233	240	1	248	508	271	0.971	0.488
LOKIASV2_1604_ESMFold_hypothetical_protein	AF-A0A7Z9BGC3-F1-model_v4	AF-A0A7Z9BGC3-F1-model_v4 Methyl-accepting transducer domain-containing protein	6.230E-01	0.996	90	4	239	240	67	297	563	254	0.983	0.410
LOKIASV2_1604_ESMFold_hypothetical_protein	AF-A0A2V9SHT2-F1-model_v4	AF-A0A2V9SHT2-F1-model_v4 Histidine kinase	7.799E-01	0.996	90	1	227	240	148	363	821	238	0.946	0.263
LOKIASV2_1604_ESMFold_hypothetical_protein	AF-A0A2N6AJP2-F1-model_v4	AF-A0A2N6AJP2-F1-model_v4 PPM-type phosphatase domain-containing protein	6.516E-01	0.996	90	4	233	240	141	359	843	237	0.958	0.260
LOKIASV2_1604_ESMFold_hypothetical_protein	AF-A0A1F9BZC2-F1-model_v4	AF-A0A1F9BZC2-F1-model_v4 Histidine kinase domain-containing protein	7.456E-01	0.996	90	7	226	240	128	331	862	224	0.917	0.237
LOKIASV2_1604_ESMFold_hypothetical_protein	AF-A0A177CWF4-F1-model_v4	AF-A0A177CWF4-F1-model_v4 Uncharacterized protein	7.799E-01	0.996	89	9	225	240	47	288	343	255	0.904	0.706
LOKIASV2_1604_ESMFold_hypothetical_protein	AF-A0A6C0GKQ6-F1-model_v4	AF-A0A6C0GKQ6-F1-model_v4 Helix-turn-helix transcriptional regulator	6.230E-01	0.996	89	8	234	240	32	242	390	237	0.946	0.541
LOKIASV2_1604_ESMFold_hypothetical_protein	AF-A2DVK3-F1-model_v4	AF-A2DVK3-F1-model_v4 Uncharacterized protein	5.956E-01	0.996	89	1	239	240	180	423	466	260	0.996	0.524
LOKIASV2_1604_ESMFold_hypothetical_protein	AF-A0A401RKJ4-F1-model_v4	AF-A0A401RKJ4-F1-model_v4 Uncharacterized protein	3.800E-01	0.996	89	4	240	240	243	478	478	256	0.988	0.494
LOKIASV2_1604_ESMFold_hypothetical_protein	AF-A0A5E4J1U8-F1-model_v4	AF-A0A5E4J1U8-F1-model_v4 PAS fold protein	2.425E-01	0.996	89	4	234	240	77	310	572	250	0.962	0.409
LOKIASV2_1604_ESMFold_hypothetical_protein	AF-A5DJ46-F1-model_v4	AF-A5DJ46-F1-model_v4 Uncharacterized protein	1.068E+00	0.995	88	1	240	240	13	279	291	277	1.000	0.918
LOKIASV2_1604_ESMFold_hypothetical_protein	AF-A0A2K1IAX7-F1-model_v4	AF-A0A2K1IAX7-F1-model_v4 Uncharacterized protein	4.349E-01	0.995	88	2	225	240	22	256	466	245	0.933	0.504
LOKIASV2_1604_ESMFold_hypothetical_protein	AF-A0A2T0KHV9-F1-model_v4	AF-A0A2T0KHV9-F1-model_v4 Diguanylate cyclase (GGDEF)-like protein	6.516E-01	0.995	88	1	224	240	26	240	505	237	0.933	0.426
LOKIASV2_1604_ESMFold_hypothetical_protein	AF-A0A553SIZ7-F1-model_v4	AF-A0A553SIZ7-F1-model_v4 EAL domain-containing protein	1.771E-01	0.995	88	2	221	240	29	250	870	236	0.917	0.255
LOKIASV2_1604_ESMFold_hypothetical_protein	AF-A0A812KSH2-F1-model_v4	AF-A0A812KSH2-F1-model_v4 Hypothetical protein	5.956E-01	0.995	88	1	226	240	245	496	895	267	0.942	0.282
LOKIASV2_1604_ESMFold_hypothetical_protein	AF-A0A2V7VS86-F1-model_v4	AF-A0A2V7VS86-F1-model_v4 Non-specific serine/threonine protein kinase	8.532E-01	0.995	88	4	227	240	125	351	944	239	0.933	0.240
LOKIASV2_1604_ESMFold_hypothetical_protein	AF-Q8LMS2-F1-model_v4	AF-Q8LMS2-F1-model_v4 Os03g0120300 protein	4.349E-01	0.994	87	3	235	240	26	264	281	251	0.971	0.851
LOKIASV2_1604_ESMFold_hypothetical_protein	AF-A0A166DPY1-F1-model_v4	AF-A0A166DPY1-F1-model_v4 Uncharacterized protein	8.157E-01	0.994	87	3	240	240	18	275	309	271	0.992	0.835
LOKIASV2_1604_ESMFold_hypothetical_protein	AF-A0A4Q5Z4M8-F1-model_v4	AF-A0A4Q5Z4M8-F1-model_v4 LuxR family transcriptional regulator	8.532E-01	0.994	87	12	227	240	13	219	337	230	0.900	0.614
LOKIASV2_1604_ESMFold_hypothetical_protein	AF-A0A0L0C3N4-F1-model_v4	AF-A0A0L0C3N4-F1-model_v4 Methuselah_N domain-containing protein	3.593E+00	0.994	87	1	163	240	177	354	375	183	0.679	0.475
LOKIASV2_1604_ESMFold_hypothetical_protein	AF-A0A428QWB2-F1-model_v4	AF-A0A428QWB2-F1-model_v4 Zn(2)-C6 fungal-type domain-containing protein	1.117E+00	0.994	87	9	225	240	447	689	727	259	0.904	0.334
LOKIASV2_1604_ESMFold_hypothetical_protein	AF-A0A7X2MZ15-F1-model_v4	AF-A0A7X2MZ15-F1-model_v4 Histidine kinase	1.068E+00	0.994	87	10	238	240	40	260	789	234	0.954	0.280
LOKIASV2_1604_ESMFold_hypothetical_protein	AF-A0A7C3U6U5-F1-model_v4	AF-A0A7C3U6U5-F1-model_v4 Uncharacterized protein	4.349E-01	0.993	86	2	227	240	26	258	260	239	0.942	0.896
LOKIASV2_1604_ESMFold_hypothetical_protein	AF-A0A533RMB3-F1-model_v4	AF-A0A533RMB3-F1-model_v4 Uncharacterized protein	1.937E-01	0.993	86	1	228	240	38	271	271	248	0.950	0.863
LOKIASV2_1604_ESMFold_hypothetical_protein	AF-A0A0G0F5Y2-F1-model_v4	AF-A0A0G0F5Y2-F1-model_v4 Signal transduction histidine kinase	4.158E-01	0.993	86	5	239	240	34	267	274	251	0.979	0.854
LOKIASV2_1604_ESMFold_hypothetical_protein	AF-A0A0N5D3X4-F1-model_v4	AF-A0A0N5D3X4-F1-model_v4 G_PROTEIN_RECEP_F1_2 domain-containing protein	1.937E-01	0.993	86	2	235	240	45	285	361	263	0.975	0.668
LOKIASV2_1604_ESMFold_hypothetical_protein	AF-A0A2I0NGR0-F1-model_v4	AF-A0A2I0NGR0-F1-model_v4 Uncharacterized protein	9.334E-01	0.993	86	2	239	240	32	261	1019	252	0.992	0.226
LOKIASV2_1604_ESMFold_hypothetical_protein	AF-A0A2N6FCH4-F1-model_v4	AF-A0A2N6FCH4-F1-model_v4 Uncharacterized protein	5.506E-02	0.992	85	1	238	240	3	228	231	263	0.992	0.978
LOKIASV2_1604_ESMFold_hypothetical_protein	AF-A0A2H0TRN3-F1-model_v4	AF-A0A2H0TRN3-F1-model_v4 Uncharacterized protein	1.771E-01	0.992	85	5	238	240	33	257	266	246	0.975	0.846
LOKIASV2_1604_ESMFold_hypothetical_protein	AF-A0A256XDM5-F1-model_v4	AF-A0A256XDM5-F1-model_v4 Uncharacterized protein	1.236E-01	0.992	85	1	222	240	39	266	272	241	0.925	0.838
LOKIASV2_1604_ESMFold_hypothetical_protein	AF-A0A146IMB8-F1-model_v4	AF-A0A146IMB8-F1-model_v4 Uncharacterized protein	2.003E+00	0.992	85	11	238	240	17	274	281	276	0.950	0.918
LOKIASV2_1604_ESMFold_hypothetical_protein	AF-A0A5C7HIX1-F1-model_v4	AF-A0A5C7HIX1-F1-model_v4 Uncharacterized protein	1.169E+00	0.992	85	3	206	240	31	245	330	223	0.850	0.652
LOKIASV2_1604_ESMFold_hypothetical_protein	AF-A0A3P9DQ89-F1-model_v4	AF-A0A3P9DQ89-F1-model_v4 G_PROTEIN_RECEP_F1_2 domain-containing protein	5.694E-01	0.992	85	4	239	240	31	285	351	271	0.983	0.726
LOKIASV2_1604_ESMFold_hypothetical_protein	AF-A0A1I8PVD5-F1-model_v4	AF-A0A1I8PVD5-F1-model_v4 G_PROTEIN_RECEP_F2_4 domain-containing protein	5.444E-01	0.992	85	4	236	240	144	380	499	257	0.971	0.475
LOKIASV2_1604_ESMFold_hypothetical_protein	AF-A0A2V9DGT0-F1-model_v4	AF-A0A2V9DGT0-F1-model_v4 GGDEF domain-containing protein	1.399E+00	0.992	85	1	236	240	144	373	530	255	0.983	0.434
LOKIASV2_1604_ESMFold_hypothetical_protein	AF-G8NY67-F1-model_v4	AF-G8NY67-F1-model_v4 Multi-sensor signal transduction histidine kinase	6.815E-01	0.992	85	1	227	240	150	365	1013	240	0.946	0.213
LOKIASV2_1604_ESMFold_hypothetical_protein	AF-A0A524C5W1-F1-model_v4	AF-A0A524C5W1-F1-model_v4 Uncharacterized protein	2.775E-01	0.991	84	2	230	240	41	258	259	237	0.954	0.842
LOKIASV2_1604_ESMFold_hypothetical_protein	AF-Q8LNN5-F1-model_v4	AF-Q8LNN5-F1-model_v4 Os10g0537500 protein	5.956E-01	0.991	84	3	235	240	39	277	294	251	0.971	0.813
LOKIASV2_1604_ESMFold_hypothetical_protein	AF-A0A067PNP3-F1-model_v4	AF-A0A067PNP3-F1-model_v4 Uncharacterized protein	6.516E-01	0.991	84	12	231	240	23	261	301	260	0.917	0.794
LOKIASV2_1604_ESMFold_hypothetical_protein	AF-A0A6A6NRU7-F1-model_v4	AF-A0A6A6NRU7-F1-model_v4 RTA1 like protein-domain-containing protein	1.068E+00	0.991	84	9	237	240	25	272	314	258	0.954	0.790
LOKIASV2_1604_ESMFold_hypothetical_protein	AF-A0A1R2B9K2-F1-model_v4	AF-A0A1R2B9K2-F1-model_v4 Uncharacterized protein	8.532E-01	0.991	84	7	227	240	12	253	333	245	0.921	0.727
LOKIASV2_1604_ESMFold_hypothetical_protein	AF-A0A0U5GXH9-F1-model_v4	AF-A0A0U5GXH9-F1-model_v4 Uncharacterized protein	3.975E-01	0.991	84	1	239	240	92	333	402	267	0.996	0.602
LOKIASV2_1604_ESMFold_hypothetical_protein	AF-A0A2V9NLE1-F1-model_v4	AF-A0A2V9NLE1-F1-model_v4 GGDEF domain-containing protein	3.474E-01	0.991	84	4	223	240	68	274	718	232	0.917	0.288
LOKIASV2_1604_ESMFold_hypothetical_protein	AF-A0A7Z0SJ70-F1-model_v4	AF-A0A7Z0SJ70-F1-model_v4 EAL domain-containing protein	8.924E-01	0.991	84	1	240	240	50	288	727	260	1.000	0.329
LOKIASV2_1604_ESMFold_hypothetical_protein	AF-A0A3N5RI97-F1-model_v4	AF-A0A3N5RI97-F1-model_v4 EAL domain-containing protein	2.026E-01	0.991	84	1	235	240	35	271	819	264	0.979	0.289
LOKIASV2_1604_ESMFold_hypothetical_protein	AF-A0A316FKJ7-F1-model_v4	AF-A0A316FKJ7-F1-model_v4 Histidine kinase	6.230E-01	0.991	84	1	219	240	34	247	1005	234	0.913	0.213
LOKIASV2_1604_ESMFold_hypothetical_protein	AF-A0A3M2R5M7-F1-model_v4	AF-A0A3M2R5M7-F1-model_v4 Uncharacterized protein	5.205E-01	0.990	83	1	224	240	1	220	290	241	0.933	0.759
LOKIASV2_1604_ESMFold_hypothetical_protein	AF-A0A0N4XCT9-F1-model_v4	AF-A0A0N4XCT9-F1-model_v4 Uncharacterized protein	1.751E+00	0.990	83	1	222	240	19	264	291	248	0.925	0.845
LOKIASV2_1604_ESMFold_hypothetical_protein	AF-A0A3P9JRX0-F1-model_v4	AF-A0A3P9JRX0-F1-model_v4 G_PROTEIN_RECEP_F1_2 domain-containing protein	2.653E-01	0.990	83	1	239	240	24	267	345	264	0.996	0.707
LOKIASV2_1604_ESMFold_hypothetical_protein	AF-A0A4V6NAL4-F1-model_v4	AF-A0A4V6NAL4-F1-model_v4 AraC family transcriptional regulator	1.068E+00	0.990	83	5	239	240	2	239	385	254	0.979	0.618
LOKIASV2_1604_ESMFold_hypothetical_protein	AF-A0A3B3BHW5-F1-model_v4	AF-A0A3B3BHW5-F1-model_v4 Adhesion G protein-coupled receptor G4b	1.337E+00	0.990	83	1	239	240	95	334	442	261	0.996	0.543
LOKIASV2_1604_ESMFold_hypothetical_protein	AF-A0A660SKH6-F1-model_v4	AF-A0A660SKH6-F1-model_v4 Histidine kinase domain-containing protein	1.117E+00	0.990	83	1	239	240	3	212	629	247	0.996	0.334
LOKIASV2_1604_ESMFold_hypothetical_protein	AF-A0A4S8KC78-F1-model_v4	AF-A0A4S8KC78-F1-model_v4 Uncharacterized protein	1.399E+00	0.990	83	1	225	240	21	260	631	251	0.938	0.380
LOKIASV2_1604_ESMFold_hypothetical_protein	AF-Q2W648-F1-model_v4	AF-Q2W648-F1-model_v4 Histidine kinase	8.924E-01	0.990	83	7	239	240	51	285	1036	254	0.971	0.227
LOKIASV2_1604_ESMFold_hypothetical_protein	AF-A0A3N5S3S9-F1-model_v4	AF-A0A3N5S3S9-F1-model_v4 Uncharacterized protein	4.758E-01	0.988	82	4	234	240	39	275	276	253	0.962	0.859
LOKIASV2_1604_ESMFold_hypothetical_protein	AF-A0A6N9QHK0-F1-model_v4	AF-A0A6N9QHK0-F1-model_v4 LuxR family transcriptional regulator	6.230E-01	0.988	82	5	223	240	6	232	323	238	0.913	0.703
LOKIASV2_1604_ESMFold_hypothetical_protein	AF-J9IC13-F1-model_v4	AF-J9IC13-F1-model_v4 Uncharacterized protein	3.633E-01	0.988	82	1	237	240	164	422	547	274	0.988	0.473
LOKIASV2_1604_ESMFold_hypothetical_protein	AF-A0A177SDH1-F1-model_v4	AF-A0A177SDH1-F1-model_v4 Uncharacterized protein	3.800E-01	0.988	82	2	236	240	28	248	755	243	0.979	0.293
LOKIASV2_1604_ESMFold_hypothetical_protein	AF-A0A6J2VWW2-F1-model_v4	AF-A0A6J2VWW2-F1-model_v4 hydroxycarboxylic acid receptor 2-like	1.117E+00	0.986	81	4	233	240	40	281	289	251	0.958	0.837
LOKIASV2_1604_ESMFold_hypothetical_protein	AF-A0A2P7TV35-F1-model_v4	AF-A0A2P7TV35-F1-model_v4 Histidine kinase domain-containing protein	1.278E+00	0.986	81	12	239	240	187	410	629	244	0.950	0.356
LOKIASV2_1604_ESMFold_hypothetical_protein	AF-A0A6J4FN07-F1-model_v4	AF-A0A6J4FN07-F1-model_v4 Histidine kinase	9.334E-01	0.986	81	1	238	240	42	275	681	262	0.992	0.344
LOKIASV2_1604_ESMFold_hypothetical_protein	AF-A0A7C3JBZ8-F1-model_v4	AF-A0A7C3JBZ8-F1-model_v4 GAF domain-containing sensor histidine kinase	7.799E-01	0.986	81	1	219	240	1	207	734	229	0.913	0.282
LOKIASV2_1604_ESMFold_hypothetical_protein	AF-A0A6C0GBR8-F1-model_v4	AF-A0A6C0GBR8-F1-model_v4 Response regulator	2.293E+00	0.986	81	12	238	240	17	229	738	240	0.946	0.289
LOKIASV2_1604_ESMFold_hypothetical_protein	AF-A0A1F5TNS6-F1-model_v4	AF-A0A1F5TNS6-F1-model_v4 Uncharacterized protein	3.321E-01	0.984	80	1	240	240	13	213	216	242	1.000	0.931
LOKIASV2_1604_ESMFold_hypothetical_protein	AF-A0A6A6AID2-F1-model_v4	AF-A0A6A6AID2-F1-model_v4 Uncharacterized protein	1.222E+00	0.984	80	1	220	240	3	237	240	250	0.917	0.979
LOKIASV2_1604_ESMFold_hypothetical_protein	AF-A0A533RKF4-F1-model_v4	AF-A0A533RKF4-F1-model_v4 Uncharacterized protein	1.021E+00	0.984	80	1	233	240	41	265	269	245	0.971	0.836
LOKIASV2_1604_ESMFold_hypothetical_protein	AF-A0A2T2P4W6-F1-model_v4	AF-A0A2T2P4W6-F1-model_v4 RTA1-domain-containing protein	1.463E+00	0.984	80	6	238	240	22	270	300	265	0.971	0.830
LOKIASV2_1604_ESMFold_hypothetical_protein	AF-A0A845TR82-F1-model_v4	AF-A0A845TR82-F1-model_v4 GGDEF domain-containing protein	1.831E+00	0.984	80	1	230	240	16	238	415	250	0.958	0.537
LOKIASV2_1604_ESMFold_hypothetical_protein	AF-W4QW37-F1-model_v4	AF-W4QW37-F1-model_v4 Diguanylate cyclase/phosphodiesterase	3.975E-01	0.984	80	2	221	240	28	248	749	235	0.917	0.295
LOKIASV2_1604_ESMFold_hypothetical_protein	AF-A0A7Y5U1T4-F1-model_v4	AF-A0A7Y5U1T4-F1-model_v4 PAS domain S-box protein	2.096E+00	0.984	80	2	223	240	23	241	814	231	0.925	0.269
LOKIASV2_1604_ESMFold_hypothetical_protein	AF-A0A2N5K188-F1-model_v4	AF-A0A2N5K188-F1-model_v4 HATPase_c domain-containing protein	2.744E+00	0.984	80	2	237	240	129	366	819	253	0.983	0.291
LOKIASV2_1604_ESMFold_hypothetical_protein	AF-A0A5C7UMY5-F1-model_v4	AF-A0A5C7UMY5-F1-model_v4 LuxR family transcriptional regulator	1.021E+00	0.981	79	12	239	240	12	232	355	239	0.950	0.623
LOKIASV2_1604_ESMFold_hypothetical_protein	AF-A0A3B3SXU6-F1-model_v4	AF-A0A3B3SXU6-F1-model_v4 G-protein coupled receptor family C group 5 member B-like	1.278E+00	0.981	79	4	235	240	47	280	372	247	0.967	0.629
LOKIASV2_1604_ESMFold_hypothetical_protein	AF-A0A3C7W1T0-F1-model_v4	AF-A0A3C7W1T0-F1-model_v4 GGDEF domain-containing protein	4.549E-01	0.981	79	8	238	240	50	266	450	244	0.962	0.482
LOKIASV2_1604_ESMFold_hypothetical_protein	AF-A0A432LWJ8-F1-model_v4	AF-A0A432LWJ8-F1-model_v4 GGDEF domain-containing protein	1.463E+00	0.981	79	1	237	240	1	242	501	258	0.988	0.483
LOKIASV2_1604_ESMFold_hypothetical_protein	AF-A0A3R9QCS5-F1-model_v4	AF-A0A3R9QCS5-F1-model_v4 Uncharacterized protein	4.758E-01	0.978	78	47	224	240	7	189	207	192	0.742	0.884
LOKIASV2_1604_ESMFold_hypothetical_protein	AF-A0A7V4BUR9-F1-model_v4	AF-A0A7V4BUR9-F1-model_v4 Uncharacterized protein	1.293E-01	0.978	78	2	225	240	5	194	211	224	0.933	0.900
LOKIASV2_1604_ESMFold_hypothetical_protein	AF-A0A1I6XMJ4-F1-model_v4	AF-A0A1I6XMJ4-F1-model_v4 Uncharacterized protein	7.456E-01	0.978	78	2	236	240	12	236	244	255	0.979	0.922
LOKIASV2_1604_ESMFold_hypothetical_protein	AF-A0A1Y2CNU4-F1-model_v4	AF-A0A1Y2CNU4-F1-model_v4 Uncharacterized protein	2.096E+00	0.978	78	1	239	240	1	267	298	273	0.996	0.896
LOKIASV2_1604_ESMFold_hypothetical_protein	AF-A0A6N9QGU8-F1-model_v4	AF-A0A6N9QGU8-F1-model_v4 LuxR family transcriptional regulator	4.549E-01	0.978	78	4	240	240	10	248	330	260	0.988	0.724
LOKIASV2_1604_ESMFold_hypothetical_protein	AF-A0A5C5FVQ3-F1-model_v4	AF-A0A5C5FVQ3-F1-model_v4 Proteophosphoglycan ppg4	4.349E-01	0.978	78	12	237	240	31	282	352	272	0.942	0.716
LOKIASV2_1604_ESMFold_hypothetical_protein	AF-A0A1F2VPL2-F1-model_v4	AF-A0A1F2VPL2-F1-model_v4 Uncharacterized protein	5.444E-01	0.978	78	4	227	240	31	244	750	249	0.933	0.285
LOKIASV2_1604_ESMFold_hypothetical_protein	AF-A0A137P1X7-F1-model_v4	AF-A0A137P1X7-F1-model_v4 Uncharacterized protein	5.694E-01	0.975	77	1	240	240	1	236	242	259	1.000	0.975
LOKIASV2_1604_ESMFold_hypothetical_protein	AF-A0A286UUL9-F1-model_v4	AF-A0A286UUL9-F1-model_v4 RTA1 like protein	1.222E+00	0.975	77	1	239	240	18	273	288	282	0.996	0.889
LOKIASV2_1604_ESMFold_hypothetical_protein	AF-A0A3A9AUM4-F1-model_v4	AF-A0A3A9AUM4-F1-model_v4 DNA-binding response regulator	2.096E+00	0.975	77	6	238	240	3	249	321	260	0.971	0.769
LOKIASV2_1604_ESMFold_hypothetical_protein	AF-A0A2V1DFV1-F1-model_v4	AF-A0A2V1DFV1-F1-model_v4 Uncharacterized protein	1.600E+00	0.975	77	9	238	240	43	307	346	283	0.958	0.766
LOKIASV2_1604_ESMFold_hypothetical_protein	AF-A0A5N5CZM4-F1-model_v4	AF-A0A5N5CZM4-F1-model_v4 Uncharacterized protein	2.096E+00	0.975	77	1	239	240	22	309	446	307	0.996	0.646
LOKIASV2_1604_ESMFold_hypothetical_protein	AF-A0A3M1ZWN3-F1-model_v4	AF-A0A3M1ZWN3-F1-model_v4 Uncharacterized protein	2.425E-01	0.975	77	1	221	240	33	264	542	244	0.921	0.428
LOKIASV2_1604_ESMFold_hypothetical_protein	AF-A0A0U1KK24-F1-model_v4	AF-A0A0U1KK24-F1-model_v4 Phytochrome-like protein cph2	3.975E-01	0.975	77	1	221	240	26	245	744	232	0.921	0.296
LOKIASV2_1604_ESMFold_hypothetical_protein	AF-A0A1I6SB28-F1-model_v4	AF-A0A1I6SB28-F1-model_v4 Diguanylate cyclase (GGDEF) domain-containing protein	1.530E+00	0.975	77	2	231	240	25	252	749	235	0.958	0.304
LOKIASV2_1604_ESMFold_hypothetical_protein	AF-V4SJ49-F1-model_v4	AF-V4SJ49-F1-model_v4 DUF1084 domain-containing protein	4.111E+00	0.971	76	1	214	240	33	249	250	232	0.892	0.868
LOKIASV2_1604_ESMFold_hypothetical_protein	AF-A0A7K4IEV9-F1-model_v4	AF-A0A7K4IEV9-F1-model_v4 Uncharacterized protein	1.399E+00	0.971	76	2	237	240	32	255	256	244	0.983	0.875
LOKIASV2_1604_ESMFold_hypothetical_protein	AF-A0A7N2LN45-F1-model_v4	AF-A0A7N2LN45-F1-model_v4 Uncharacterized protein	1.278E+00	0.971	76	1	225	240	14	253	323	256	0.938	0.743
LOKIASV2_1604_ESMFold_hypothetical_protein	AF-A0A2S7K6Z0-F1-model_v4	AF-A0A2S7K6Z0-F1-model_v4 HTH araC/xylS-type domain-containing protein	1.169E+00	0.971	76	33	238	240	24	212	347	210	0.858	0.545
LOKIASV2_1604_ESMFold_hypothetical_protein	AF-A0A6A5VM48-F1-model_v4	AF-A0A6A5VM48-F1-model_v4 Uncharacterized protein	1.751E+00	0.971	76	9	225	240	47	288	357	252	0.904	0.678
LOKIASV2_1604_ESMFold_hypothetical_protein	AF-A0A4R2YYH2-F1-model_v4	AF-A0A4R2YYH2-F1-model_v4 AraC family transcriptional regulator	2.192E+00	0.971	76	11	224	240	6	213	362	230	0.892	0.575
LOKIASV2_1604_ESMFold_hypothetical_protein	AF-A0A2N2PA00-F1-model_v4	AF-A0A2N2PA00-F1-model_v4 Uncharacterized protein	6.815E-01	0.971	76	1	224	240	33	255	728	238	0.933	0.306
LOKIASV2_1604_ESMFold_hypothetical_protein	AF-A0A534NGI2-F1-model_v4	AF-A0A534NGI2-F1-model_v4 Histidine kinase	4.300E+00	0.971	76	11	238	240	128	350	837	248	0.950	0.266
LOKIASV2_1604_ESMFold_hypothetical_protein	AF-A0A1X7MYU9-F1-model_v4	AF-A0A1X7MYU9-F1-model_v4 PAS domain S-box-containing protein/diguanylate cyclase (GGDEF) domain-containing protein	7.128E-01	0.971	76	4	235	240	86	298	941	243	0.967	0.226
LOKIASV2_1604_ESMFold_hypothetical_protein	AF-A0A7X5FDM0-F1-model_v4	AF-A0A7X5FDM0-F1-model_v4 Uncharacterized protein	6.230E-01	0.967	75	1	239	240	1	231	234	255	0.996	0.987
LOKIASV2_1604_ESMFold_hypothetical_protein	AF-A0A2H1ZEB0-F1-model_v4	AF-A0A2H1ZEB0-F1-model_v4 Tobamovirus multiplication-like protein (DUF1084)	3.593E+00	0.967	75	4	204	240	36	245	245	218	0.837	0.857
LOKIASV2_1604_ESMFold_hypothetical_protein	AF-A0A7K4IF26-F1-model_v4	AF-A0A7K4IF26-F1-model_v4 Uncharacterized protein	7.456E-01	0.967	75	4	227	240	42	258	261	244	0.933	0.831
LOKIASV2_1604_ESMFold_hypothetical_protein	AF-A0A4R2R4U6-F1-model_v4	AF-A0A4R2R4U6-F1-model_v4 Uncharacterized protein	1.222E+00	0.967	75	11	238	240	2	250	397	261	0.950	0.627
LOKIASV2_1604_ESMFold_hypothetical_protein	AF-A0A1I7X407-F1-model_v4	AF-A0A1I7X407-F1-model_v4 G_PROTEIN_RECEP_F1_2 domain-containing protein	1.751E+00	0.967	75	1	239	240	42	342	441	314	0.996	0.683
LOKIASV2_1604_ESMFold_hypothetical_protein	AF-A0A1Y1XF00-F1-model_v4	AF-A0A1Y1XF00-F1-model_v4 Uncharacterized protein	1.600E+00	0.967	75	2	238	240	72	318	442	263	0.988	0.559
LOKIASV2_1604_ESMFold_hypothetical_protein	AF-A0A1V5B055-F1-model_v4	AF-A0A1V5B055-F1-model_v4 Hybrid sensory histidine kinase BarA	8.157E-01	0.967	75	3	233	240	63	289	500	246	0.962	0.454
LOKIASV2_1604_ESMFold_hypothetical_protein	AF-A0A0S7BT68-F1-model_v4	AF-A0A0S7BT68-F1-model_v4 Protein containing diguanylate cyclase (GGDEF) domain	4.549E-01	0.967	75	4	232	240	43	263	821	242	0.954	0.269
LOKIASV2_1604_ESMFold_hypothetical_protein	AF-A0A6A6UK32-F1-model_v4	AF-A0A6A6UK32-F1-model_v4 Uncharacterized protein	5.694E-01	0.961	74	17	238	240	2	237	264	252	0.925	0.894
LOKIASV2_1604_ESMFold_hypothetical_protein	AF-A0A166LFU2-F1-model_v4	AF-A0A166LFU2-F1-model_v4 Uncharacterized protein	9.763E-01	0.961	74	9	225	240	39	282	364	257	0.904	0.670
LOKIASV2_1604_ESMFold_hypothetical_protein	AF-A0A557SX06-F1-model_v4	AF-A0A557SX06-F1-model_v4 Uncharacterized protein	7.799E-01	0.956	73	2	240	240	39	274	274	257	0.996	0.861
LOKIASV2_1604_ESMFold_hypothetical_protein	AF-A0A6A1V2K7-F1-model_v4	AF-A0A6A1V2K7-F1-model_v4 Tobamovirus multiplication protein 1	2.623E+00	0.956	73	4	224	240	40	269	277	239	0.921	0.830
LOKIASV2_1604_ESMFold_hypothetical_protein	AF-W9J727-F1-model_v4	AF-W9J727-F1-model_v4 Uncharacterized protein	1.600E+00	0.956	73	9	231	240	32	273	322	249	0.929	0.752
LOKIASV2_1604_ESMFold_hypothetical_protein	AF-A0A5E4ESI8-F1-model_v4	AF-A0A5E4ESI8-F1-model_v4 PREDICTED: CISIN_1g025501mg	1.117E+00	0.956	73	1	225	240	22	257	444	250	0.938	0.532
LOKIASV2_1604_ESMFold_hypothetical_protein	AF-A0A2N1LWY7-F1-model_v4	AF-A0A2N1LWY7-F1-model_v4 Uncharacterized protein	1.463E+00	0.949	72	9	228	240	28	287	299	270	0.917	0.870
LOKIASV2_1604_ESMFold_hypothetical_protein	AF-A0A1Y1Z8S4-F1-model_v4	AF-A0A1Y1Z8S4-F1-model_v4 RTA1 like protein-domain-containing protein	1.915E+00	0.949	72	9	238	240	24	273	304	259	0.958	0.822
LOKIASV2_1604_ESMFold_hypothetical_protein	AF-A0A485K5K4-F1-model_v4	AF-A0A485K5K4-F1-model_v4 Aste57867_1092 protein	1.117E+00	0.949	72	5	235	240	54	310	313	274	0.962	0.821
LOKIASV2_1604_ESMFold_hypothetical_protein	AF-A0A1Q9NTA6-F1-model_v4	AF-A0A1Q9NTA6-F1-model_v4 Uncharacterized protein	7.456E-01	0.949	72	2	238	240	46	293	394	266	0.988	0.629
LOKIASV2_1604_ESMFold_hypothetical_protein	AF-A0A369UKM1-F1-model_v4	AF-A0A369UKM1-F1-model_v4 GGDEF domain-containing protein	1.600E+00	0.949	72	4	237	240	37	266	502	249	0.975	0.458
LOKIASV2_1604_ESMFold_hypothetical_protein	AF-A0A7W1TIB6-F1-model_v4	AF-A0A7W1TIB6-F1-model_v4 Uncharacterized protein	2.398E+00	0.949	72	4	232	240	6	249	657	265	0.954	0.371
LOKIASV2_1604_ESMFold_hypothetical_protein	AF-A0A2K5IU75-F1-model_v4	AF-A0A2K5IU75-F1-model_v4 Taste receptor type 2	4.921E+00	0.941	71	5	239	240	6	256	265	259	0.979	0.947
LOKIASV2_1604_ESMFold_hypothetical_protein	AF-W7XJ35-F1-model_v4	AF-W7XJ35-F1-model_v4 PQ loop protein	3.321E-01	0.941	71	3	240	240	2	245	282	252	0.992	0.865
LOKIASV2_1604_ESMFold_hypothetical_protein	AF-A0A6A6VE57-F1-model_v4	AF-A0A6A6VE57-F1-model_v4 RTA1 like protein	2.192E+00	0.941	71	9	238	240	22	270	294	260	0.958	0.847
LOKIASV2_1604_ESMFold_hypothetical_protein	AF-A0A7J7G9F6-F1-model_v4	AF-A0A7J7G9F6-F1-model_v4 DUF1084 domain-containing protein	1.530E+00	0.941	71	4	235	240	43	290	340	262	0.967	0.729
LOKIASV2_1604_ESMFold_hypothetical_protein	AF-A0A6V8QIC5-F1-model_v4	AF-A0A6V8QIC5-F1-model_v4 Probable lipid transporter atnI	1.530E+00	0.941	71	4	238	240	18	303	346	302	0.979	0.827
LOKIASV2_1604_ESMFold_hypothetical_protein	AF-A0A0P7APA3-F1-model_v4	AF-A0A0P7APA3-F1-model_v4 Uncharacterized protein	2.096E+00	0.941	71	1	234	240	40	297	355	268	0.975	0.727
LOKIASV2_1604_ESMFold_hypothetical_protein	AF-A0A0P7W7H2-F1-model_v4	AF-A0A0P7W7H2-F1-model_v4 Putative G-protein coupled receptor 97	1.530E+00	0.941	71	1	233	240	125	365	366	256	0.971	0.658
LOKIASV2_1604_ESMFold_hypothetical_protein	AF-A0A6I9PM14-F1-model_v4	AF-A0A6I9PM14-F1-model_v4 G-protein coupled receptor 183-like	1.600E+00	0.941	71	3	227	240	184	426	463	250	0.938	0.525
LOKIASV2_1604_ESMFold_hypothetical_protein	AF-A0A3D4Z6D8-F1-model_v4	AF-A0A3D4Z6D8-F1-model_v4 Histidine kinase	2.398E+00	0.941	71	6	238	240	108	324	564	242	0.971	0.385
LOKIASV2_1604_ESMFold_hypothetical_protein	AF-A0A4Q3BEY7-F1-model_v4	AF-A0A4Q3BEY7-F1-model_v4 His_kinase domain-containing protein	5.631E+00	0.941	71	2	240	240	93	328	580	254	0.996	0.407
LOKIASV2_1604_ESMFold_hypothetical_protein	AF-A0A2V8ID82-F1-model_v4	AF-A0A2V8ID82-F1-model_v4 Histidine kinase	1.169E+00	0.941	71	48	238	240	8	207	769	205	0.796	0.260
LOKIASV2_1604_ESMFold_hypothetical_protein	AF-A0A381SPK9-F1-model_v4	AF-A0A381SPK9-F1-model_v4 Uncharacterized protein	4.158E-01	0.933	70	2	238	240	11	209	236	237	0.988	0.843
LOKIASV2_1604_ESMFold_hypothetical_protein	AF-A0A2J6TAZ1-F1-model_v4	AF-A0A2J6TAZ1-F1-model_v4 Uncharacterized protein	1.915E+00	0.933	70	5	238	240	6	222	269	238	0.975	0.807
LOKIASV2_1604_ESMFold_hypothetical_protein	AF-F0WMR9-F1-model_v4	AF-F0WMR9-F1-model_v4 Uncharacterized protein AlNc14C160G7755	3.284E+00	0.933	70	4	226	240	35	319	329	295	0.929	0.866
LOKIASV2_1604_ESMFold_hypothetical_protein	AF-A0A5E4J3G6-F1-model_v4	AF-A0A5E4J3G6-F1-model_v4 Methyl sulfide methyltransferase-associated sensor	1.068E+00	0.933	70	3	240	240	59	289	921	270	0.992	0.251
LOKIASV2_1604_ESMFold_hypothetical_protein	AF-A0A353WJZ4-F1-model_v4	AF-A0A353WJZ4-F1-model_v4 Uncharacterized protein	2.096E+00	0.933	70	1	227	240	31	253	1236	254	0.946	0.180
LOKIASV2_1604_ESMFold_hypothetical_protein	AF-A0A850MIC5-F1-model_v4	AF-A0A850MIC5-F1-model_v4 Uncharacterized protein	2.293E+00	0.923	69	4	239	240	7	209	216	244	0.983	0.940
LOKIASV2_1604_ESMFold_hypothetical_protein	AF-A0A4W5RXJ3-F1-model_v4	AF-A0A4W5RXJ3-F1-model_v4 Uncharacterized protein	1.751E+00	0.923	69	5	240	240	51	272	272	253	0.983	0.816
LOKIASV2_1604_ESMFold_hypothetical_protein	AF-J4GN99-F1-model_v4	AF-J4GN99-F1-model_v4 Uncharacterized protein	2.508E+00	0.923	69	1	239	240	12	264	342	267	0.996	0.740
LOKIASV2_1604_ESMFold_hypothetical_protein	AF-A0A109FBF6-F1-model_v4	AF-A0A109FBF6-F1-model_v4 Post-GPI attachment to proteins factor 3	2.623E+00	0.923	69	7	227	240	126	371	374	258	0.921	0.658
LOKIASV2_1604_ESMFold_hypothetical_protein	AF-N1VUF5-F1-model_v4	AF-N1VUF5-F1-model_v4 Histidine kinase	9.334E-01	0.923	69	2	239	240	22	247	480	252	0.992	0.471
LOKIASV2_1604_ESMFold_hypothetical_protein	AF-A0A350FZA2-F1-model_v4	AF-A0A350FZA2-F1-model_v4 Uncharacterized protein	1.278E+00	0.923	69	1	227	240	34	266	528	243	0.946	0.441
LOKIASV2_1604_ESMFold_hypothetical_protein	AF-A0A177KZ72-F1-model_v4	AF-A0A177KZ72-F1-model_v4 Histidine kinase	7.799E-01	0.923	69	4	224	240	40	247	717	234	0.921	0.290
LOKIASV2_1604_ESMFold_hypothetical_protein	AF-A0A6G8Q067-F1-model_v4	AF-A0A6G8Q067-F1-model_v4 GAF domain-containing protein	1.337E+00	0.923	69	1	221	240	61	282	754	250	0.921	0.294
LOKIASV2_1604_ESMFold_hypothetical_protein	AF-A0A7W4XEA9-F1-model_v4	AF-A0A7W4XEA9-F1-model_v4 Diguanylate cyclase (GGDEF)-like protein/PAS domain S-box-containing protein	1.600E+00	0.923	69	4	228	240	56	267	903	227	0.938	0.235
LOKIASV2_1604_ESMFold_hypothetical_protein	AF-C4JBF2-F1-model_v4	AF-C4JBF2-F1-model_v4 DUF1084 domain-containing protein	4.111E+00	0.912	68	4	166	240	41	203	233	172	0.679	0.700
LOKIASV2_1604_ESMFold_hypothetical_protein	AF-A0A2H3I263-F1-model_v4	AF-A0A2H3I263-F1-model_v4 Uncharacterized protein	6.739E+00	0.912	68	9	239	240	46	297	313	259	0.962	0.805
LOKIASV2_1604_ESMFold_hypothetical_protein	AF-A0A6J2WPT3-F1-model_v4	AF-A0A6J2WPT3-F1-model_v4 G-protein coupled receptor 183-like	2.744E+00	0.912	68	3	235	240	47	306	317	268	0.971	0.820
LOKIASV2_1604_ESMFold_hypothetical_protein	AF-A0A1Y2FKP6-F1-model_v4	AF-A0A1Y2FKP6-F1-model_v4 Uncharacterized protein	2.744E+00	0.912	68	2	234	240	40	287	344	260	0.971	0.721
LOKIASV2_1604_ESMFold_hypothetical_protein	AF-A0A1Y2FMR8-F1-model_v4	AF-A0A1Y2FMR8-F1-model_v4 Uncharacterized protein	3.435E+00	0.912	68	3	238	240	41	283	359	264	0.983	0.677
LOKIASV2_1604_ESMFold_hypothetical_protein	AF-A0A847KEX8-F1-model_v4	AF-A0A847KEX8-F1-model_v4 Uncharacterized protein	2.508E+00	0.912	68	19	238	240	4	217	466	233	0.917	0.459
LOKIASV2_1604_ESMFold_hypothetical_protein	AF-A0A095VSJ3-F1-model_v4	AF-A0A095VSJ3-F1-model_v4 Response regulator receiver modulated diguanylate cyclase	3.474E-01	0.912	68	8	230	240	50	264	542	235	0.929	0.397
LOKIASV2_1604_ESMFold_hypothetical_protein	AF-A0A1F5SF41-F1-model_v4	AF-A0A1F5SF41-F1-model_v4 Uncharacterized protein	1.278E+00	0.900	67	5	237	240	38	255	268	247	0.971	0.813
LOKIASV2_1604_ESMFold_hypothetical_protein	AF-A0A0C3CEF2-F1-model_v4	AF-A0A0C3CEF2-F1-model_v4 Uncharacterized protein	1.463E+00	0.900	67	3	240	240	14	268	282	278	0.992	0.904
LOKIASV2_1604_ESMFold_hypothetical_protein	AF-A0A7J4ESP0-F1-model_v4	AF-A0A7J4ESP0-F1-model_v4 HAMP domain-containing histidine kinase	1.915E+00	0.900	67	4	238	240	47	281	463	260	0.979	0.508
LOKIASV2_1604_ESMFold_hypothetical_protein	AF-A0A1H7KH81-F1-model_v4	AF-A0A1H7KH81-F1-model_v4 Diguanylate cyclase (GGDEF) domain-containing protein	1.674E+00	0.900	67	2	222	240	30	247	759	239	0.921	0.287
LOKIASV2_1604_ESMFold_hypothetical_protein	AF-A0A837RLT4-F1-model_v4	AF-A0A837RLT4-F1-model_v4 Integral membrane protein	9.763E-01	0.887	66	3	236	240	5	198	199	238	0.975	0.975
LOKIASV2_1604_ESMFold_hypothetical_protein	AF-A0A7X8JZS7-F1-model_v4	AF-A0A7X8JZS7-F1-model_v4 GHKL domain-containing protein	6.739E+00	0.887	66	10	238	240	3	229	477	242	0.954	0.476
LOKIASV2_1604_ESMFold_hypothetical_protein	AF-A0A6I3IRN0-F1-model_v4	AF-A0A6I3IRN0-F1-model_v4 Diguanylate cyclase	7.799E-01	0.887	66	2	240	240	37	300	495	279	0.996	0.533
LOKIASV2_1604_ESMFold_hypothetical_protein	AF-A0A1F2T7H7-F1-model_v4	AF-A0A1F2T7H7-F1-model_v4 Uncharacterized protein	3.593E+00	0.887	66	2	224	240	23	242	685	231	0.929	0.321
LOKIASV2_1604_ESMFold_hypothetical_protein	AF-A0A433QXJ0-F1-model_v4	AF-A0A433QXJ0-F1-model_v4 Uncharacterized protein	3.931E+00	0.872	65	1	238	240	1	270	271	280	0.992	0.996
LOKIASV2_1604_ESMFold_hypothetical_protein	AF-A0A4P9W1I7-F1-model_v4	AF-A0A4P9W1I7-F1-model_v4 Uncharacterized protein	3.758E+00	0.872	65	1	234	240	19	256	271	258	0.975	0.878
LOKIASV2_1604_ESMFold_hypothetical_protein	AF-A0A3A9ALG5-F1-model_v4	AF-A0A3A9ALG5-F1-model_v4 DNA-binding response regulator	4.921E+00	0.872	65	11	230	240	8	241	321	247	0.917	0.729
LOKIASV2_1604_ESMFold_hypothetical_protein	AF-A0A813S7L5-F1-model_v4	AF-A0A813S7L5-F1-model_v4 Hypothetical protein	5.205E-01	0.872	65	2	238	240	104	310	356	251	0.988	0.581
LOKIASV2_1604_ESMFold_hypothetical_protein	AF-F9FCL1-F1-model_v4	AF-F9FCL1-F1-model_v4 Uncharacterized protein	2.293E+00	0.872	65	9	231	240	51	291	431	253	0.929	0.559
LOKIASV2_1604_ESMFold_hypothetical_protein	AF-A0A0F5R0D6-F1-model_v4	AF-A0A0F5R0D6-F1-model_v4 Histidine kinase	2.508E+00	0.872	65	17	237	240	3	216	456	236	0.921	0.469
LOKIASV2_1604_ESMFold_hypothetical_protein	AF-A0A1Y1XEV5-F1-model_v4	AF-A0A1Y1XEV5-F1-model_v4 Uncharacterized protein	3.593E+00	0.872	65	9	238	240	73	314	476	258	0.958	0.508
LOKIASV2_1604_ESMFold_hypothetical_protein	AF-A0A2V9XFJ9-F1-model_v4	AF-A0A2V9XFJ9-F1-model_v4 Histidine kinase	2.398E+00	0.872	65	1	227	240	121	332	539	237	0.946	0.393
LOKIASV2_1604_ESMFold_hypothetical_protein	AF-A0A261R7U0-F1-model_v4	AF-A0A261R7U0-F1-model_v4 Histidine kinase	3.002E+00	0.872	65	3	238	240	184	425	789	259	0.983	0.307
LOKIASV2_1604_ESMFold_hypothetical_protein	AF-A0A3B9Q5C0-F1-model_v4	AF-A0A3B9Q5C0-F1-model_v4 Uncharacterized protein	5.205E-01	0.872	65	5	237	240	47	283	818	275	0.971	0.290
LOKIASV2_1604_ESMFold_hypothetical_protein	AF-A0A419I3E8-F1-model_v4	AF-A0A419I3E8-F1-model_v4 Uncharacterized protein	7.373E+00	0.855	64	53	239	240	2	190	338	204	0.779	0.559
LOKIASV2_1604_ESMFold_hypothetical_protein	AF-A0A7X7GMX9-F1-model_v4	AF-A0A7X7GMX9-F1-model_v4 Uncharacterized protein	3.758E+00	0.855	64	1	227	240	6	236	398	249	0.946	0.580
LOKIASV2_1604_ESMFold_hypothetical_protein	AF-A0A6M4IS59-F1-model_v4	AF-A0A6M4IS59-F1-model_v4 Histidine kinase domain-containing protein	4.704E+00	0.855	64	1	239	240	4	234	489	245	0.996	0.472
LOKIASV2_1604_ESMFold_hypothetical_protein	AF-A0A1H1U7X7-F1-model_v4	AF-A0A1H1U7X7-F1-model_v4 PAS domain S-box-containing protein	2.096E+00	0.855	64	4	224	240	47	260	704	242	0.921	0.304
LOKIASV2_1604_ESMFold_hypothetical_protein	AF-A0A7K0KQ47-F1-model_v4	AF-A0A7K0KQ47-F1-model_v4 Uncharacterized protein	1.278E+00	0.837	63	8	240	240	9	268	271	277	0.971	0.959
LOKIASV2_1604_ESMFold_hypothetical_protein	AF-A0A0J0E9J3-F1-model_v4	AF-A0A0J0E9J3-F1-model_v4 Phospholipid-translocating ATPase	7.049E+00	0.837	63	9	238	240	46	309	347	271	0.958	0.761
LOKIASV2_1604_ESMFold_hypothetical_protein	AF-A0A287FK46-F1-model_v4	AF-A0A287FK46-F1-model_v4 DUF1084 domain-containing protein	3.284E+00	0.817	62	4	231	240	8	210	211	231	0.950	0.962
LOKIASV2_1604_ESMFold_hypothetical_protein	AF-A0A2D6LWZ2-F1-model_v4	AF-A0A2D6LWZ2-F1-model_v4 Uncharacterized protein	1.068E+00	0.817	62	2	233	240	21	215	217	233	0.967	0.899
LOKIASV2_1604_ESMFold_hypothetical_protein	AF-A0A3B4U7E7-F1-model_v4	AF-A0A3B4U7E7-F1-model_v4 Transmembrane protein 163	1.117E+00	0.817	62	2	238	240	75	275	282	239	0.988	0.713
LOKIASV2_1604_ESMFold_hypothetical_protein	AF-A0A239ANF0-F1-model_v4	AF-A0A239ANF0-F1-model_v4 7TM diverse intracellular signalling	5.383E+00	0.817	62	2	234	240	173	410	676	253	0.971	0.352
LOKIASV2_1604_ESMFold_hypothetical_protein	AF-A0A842QHK2-F1-model_v4	AF-A0A842QHK2-F1-model_v4 Uncharacterized protein	1.399E+00	0.795	61	1	228	240	6	265	265	267	0.950	0.981
LOKIASV2_1604_ESMFold_hypothetical_protein	AF-A0A135VLN1-F1-model_v4	AF-A0A135VLN1-F1-model_v4 Histidine kinase domain-containing protein	2.293E+00	0.795	61	4	237	240	37	271	751	265	0.975	0.313
LOKIASV2_1604_ESMFold_hypothetical_protein	AF-A0A449B3P6-F1-model_v4	AF-A0A449B3P6-F1-model_v4 Uncharacterized protein	1.169E+00	0.772	60	1	238	240	1	237	245	256	0.992	0.967
LOKIASV2_1604_ESMFold_hypothetical_protein	AF-A0A1H3K2B3-F1-model_v4	AF-A0A1H3K2B3-F1-model_v4 Uncharacterized protein	2.003E+00	0.772	60	4	238	240	12	237	252	252	0.979	0.897
LOKIASV2_1604_ESMFold_hypothetical_protein	AF-M2P7B9-F1-model_v4	AF-M2P7B9-F1-model_v4 Uncharacterized protein	4.111E+00	0.772	60	4	238	240	16	244	296	256	0.979	0.774
LOKIASV2_1604_ESMFold_hypothetical_protein	AF-A0A135UT35-F1-model_v4	AF-A0A135UT35-F1-model_v4 Uncharacterized protein	5.147E+00	0.772	60	1	237	240	21	278	307	268	0.988	0.840
LOKIASV2_1604_ESMFold_hypothetical_protein	AF-A0A078JN73-F1-model_v4	AF-A0A078JN73-F1-model_v4 BnaCnng61220D protein	3.758E+00	0.747	59	11	214	240	15	247	248	242	0.850	0.940
LOKIASV2_1604_ESMFold_hypothetical_protein	AF-A0A0E0CUC0-F1-model_v4	AF-A0A0E0CUC0-F1-model_v4 Uncharacterized protein	4.111E+00	0.747	59	4	238	240	24	241	255	245	0.979	0.855
LOKIASV2_1604_ESMFold_hypothetical_protein	AF-A0A0D2JDY3-F1-model_v4	AF-A0A0D2JDY3-F1-model_v4 Uncharacterized protein	9.230E+00	0.720	58	1	131	240	26	158	162	135	0.546	0.821
LOKIASV2_1604_ESMFold_hypothetical_protein	AF-A0A7S0VB24-F1-model_v4	AF-A0A7S0VB24-F1-model_v4 Hypothetical protein	2.623E+00	0.720	58	1	238	240	16	264	282	271	0.992	0.883
LOKIASV2_1604_ESMFold_hypothetical_protein	AF-A0A2J8PND0-F1-model_v4	AF-A0A2J8PND0-F1-model_v4 Solute carrier family 30 member 8	1.915E+00	0.720	58	2	236	240	15	222	284	260	0.979	0.732
LOKIASV2_1604_ESMFold_hypothetical_protein	AF-J0WYW5-F1-model_v4	AF-J0WYW5-F1-model_v4 RTA1-domain-containing protein	3.002E+00	0.720	58	1	235	240	31	279	322	278	0.979	0.773
LOKIASV2_1604_ESMFold_hypothetical_protein	AF-A0A3M1TVU6-F1-model_v4	AF-A0A3M1TVU6-F1-model_v4 Uncharacterized protein	5.383E+00	0.720	58	1	232	240	48	277	419	256	0.967	0.549
LOKIASV2_1604_ESMFold_hypothetical_protein	AF-K3X2A5-F1-model_v4	AF-K3X2A5-F1-model_v4 Protein kinase domain-containing protein	2.398E+00	0.720	58	5	222	240	46	265	907	240	0.908	0.243
LOKIASV2_1604_ESMFold_hypothetical_protein	AF-D2VCY2-F1-model_v4	AF-D2VCY2-F1-model_v4 Predicted protein	8.924E-01	0.692	57	1	238	240	1	248	317	267	0.992	0.782
LOKIASV2_1604_ESMFold_hypothetical_protein	AF-A0A814YH36-F1-model_v4	AF-A0A814YH36-F1-model_v4 Hypothetical protein	1.915E+00	0.692	57	2	239	240	93	302	344	253	0.992	0.610
LOKIASV2_1604_ESMFold_hypothetical_protein	AF-A0A1M8A0I8-F1-model_v4	AF-A0A1M8A0I8-F1-model_v4 Similar to S.cerevisiae protein MMT1 (Putative metal transporter involved in mitochondrial iron accumulation)	1.337E+00	0.692	57	2	227	240	23	250	353	244	0.942	0.646
LOKIASV2_1604_ESMFold_hypothetical_protein	AF-A0A7J6ZVK4-F1-model_v4	AF-A0A7J6ZVK4-F1-model_v4 Uncharacterized protein	1.600E+00	0.692	57	1	227	240	549	758	858	250	0.946	0.245
LOKIASV2_1604_ESMFold_hypothetical_protein	AF-M1YVK0-F1-model_v4	AF-M1YVK0-F1-model_v4 Cation efflux protein	1.463E+00	0.663	56	2	231	240	21	214	227	230	0.958	0.855
LOKIASV2_1604_ESMFold_hypothetical_protein	AF-R7G0R8-F1-model_v4	AF-R7G0R8-F1-model_v4 Uncharacterized protein	3.284E+00	0.663	56	2	239	240	12	216	228	244	0.992	0.899
LOKIASV2_1604_ESMFold_hypothetical_protein	AF-A0A817SA61-F1-model_v4	AF-A0A817SA61-F1-model_v4 Hypothetical protein	1.674E+00	0.663	56	1	235	240	17	214	293	237	0.979	0.676
LOKIASV2_1604_ESMFold_hypothetical_protein	AF-A0A7L1X665-F1-model_v4	AF-A0A7L1X665-F1-model_v4 Solute carrier family 30 member 8	1.399E+00	0.663	56	2	227	240	40	251	352	248	0.942	0.602
LOKIASV2_1604_ESMFold_hypothetical_protein	AF-A0A286IVA9-F1-model_v4	AF-A0A286IVA9-F1-model_v4 7TM diverse intracellular signalling	8.066E+00	0.663	56	2	238	240	168	407	658	252	0.988	0.365
LOKIASV2_1604_ESMFold_hypothetical_protein	AF-A0A4R0ZMY4-F1-model_v4	AF-A0A4R0ZMY4-F1-model_v4 EAL domain-containing protein	1.915E+00	0.663	56	3	231	240	38	249	747	249	0.954	0.284
LOKIASV2_1604_ESMFold_hypothetical_protein	AF-A0A5E4L1Q0-F1-model_v4	AF-A0A5E4L1Q0-F1-model_v4 Methyl sulfide methyltransferase-associated sensor	4.704E+00	0.663	56	4	239	240	42	265	1096	249	0.983	0.204
LOKIASV2_1604_ESMFold_hypothetical_protein	AF-A0A6J1EJD7-F1-model_v4	AF-A0A6J1EJD7-F1-model_v4 tobamovirus multiplication protein 1-like isoform X3	8.824E+00	0.632	55	1	237	240	24	268	275	259	0.988	0.891
LOKIASV2_1604_ESMFold_hypothetical_protein	AF-A0A446S3H2-F1-model_v4	AF-A0A446S3H2-F1-model_v4 Uncharacterized protein	1.278E+00	0.632	55	2	230	240	63	286	287	260	0.954	0.780
LOKIASV2_1604_ESMFold_hypothetical_protein	AF-A0A433Q6U2-F1-model_v4	AF-A0A433Q6U2-F1-model_v4 Transmembrane protein 163	2.096E+00	0.632	55	1	235	240	100	299	312	241	0.979	0.641
LOKIASV2_1604_ESMFold_hypothetical_protein	AF-A0A6A4LTK4-F1-model_v4	AF-A0A6A4LTK4-F1-model_v4 Uncharacterized protein	1.463E+00	0.632	55	8	235	240	63	291	316	252	0.950	0.725
LOKIASV2_1604_ESMFold_hypothetical_protein	AF-B8P0L5-F1-model_v4	AF-B8P0L5-F1-model_v4 Predicted protein	3.758E+00	0.632	55	2	237	240	100	311	332	242	0.983	0.639
LOKIASV2_1604_ESMFold_hypothetical_protein	AF-A0A813SF76-F1-model_v4	AF-A0A813SF76-F1-model_v4 Hypothetical protein	1.751E+00	0.632	55	2	239	240	95	304	346	248	0.992	0.607
LOKIASV2_1604_ESMFold_hypothetical_protein	AF-A0A1B8ELS8-F1-model_v4	AF-A0A1B8ELS8-F1-model_v4 Uncharacterized protein	5.631E+00	0.632	55	1	240	240	2	260	715	275	1.000	0.362
LOKIASV2_1604_ESMFold_hypothetical_protein	AF-A0A4R9J5V0-F1-model_v4	AF-A0A4R9J5V0-F1-model_v4 AAA family ATPase	2.623E+00	0.632	55	1	239	240	1	239	832	251	0.996	0.287
LOKIASV2_1604_ESMFold_hypothetical_protein	AF-A0A485K5N6-F1-model_v4	AF-A0A485K5N6-F1-model_v4 Aste57867_1200 protein	8.066E+00	0.601	54	7	166	240	35	206	409	180	0.667	0.421
LOKIASV2_1604_ESMFold_hypothetical_protein	AF-A0A3D4EAJ6-F1-model_v4	AF-A0A3D4EAJ6-F1-model_v4 Uncharacterized protein	7.373E+00	0.569	53	2	237	240	5	235	253	250	0.983	0.913
LOKIASV2_1604_ESMFold_hypothetical_protein	AF-A0A6G1EAM8-F1-model_v4	AF-A0A6G1EAM8-F1-model_v4 DUF1084 domain-containing protein	4.704E+00	0.569	53	4	240	240	46	257	257	247	0.988	0.825
LOKIASV2_1604_ESMFold_hypothetical_protein	AF-A0A811NDI9-F1-model_v4	AF-A0A811NDI9-F1-model_v4 Hypothetical protein	4.300E+00	0.569	53	4	239	240	40	254	944	245	0.983	0.228
LOKIASV2_1604_ESMFold_hypothetical_protein	AF-A0A7R9X1W6-F1-model_v4	AF-A0A7R9X1W6-F1-model_v4 Hypothetical protein	3.002E+00	0.537	52	1	237	240	134	356	453	272	0.988	0.492
LOKIASV2_1604_ESMFold_hypothetical_protein	AF-A0A7J6QA83-F1-model_v4	AF-A0A7J6QA83-F1-model_v4 ZT_dimer domain-containing protein	7.456E-01	0.537	52	1	239	240	57	293	510	260	0.996	0.465
LOKIASV2_1604_ESMFold_hypothetical_protein	AF-A0A1V8TB98-F1-model_v4	AF-A0A1V8TB98-F1-model_v4 Myb-like domain-containing protein	1.117E+00	0.537	52	1	231	240	195	419	567	243	0.962	0.397
LOKIASV2_1604_ESMFold_hypothetical_protein	AF-R7TEA0-F1-model_v4	AF-R7TEA0-F1-model_v4 Transmembrane protein 163	1.751E+00	0.505	51	2	238	240	18	219	222	238	0.988	0.910
LOKIASV2_1604_ESMFold_hypothetical_protein	AF-A0A7S2RTF9-F1-model_v4	AF-A0A7S2RTF9-F1-model_v4 Hypothetical protein	1.674E+00	0.505	51	2	240	240	109	379	404	302	0.996	0.671
LOKIASV2_1604_ESMFold_hypothetical_protein	AF-A0A2R6XNL6-F1-model_v4	AF-A0A2R6XNL6-F1-model_v4 ZT_dimer domain-containing protein	3.002E+00	0.505	51	2	239	240	173	401	643	258	0.992	0.356
LOKIASV2_1604_ESMFold_hypothetical_protein	AF-A0A538LY41-F1-model_v4	AF-A0A538LY41-F1-model_v4 Uncharacterized protein	2.870E+00	0.473	50	1	227	240	1	196	201	236	0.946	0.975
LOKIASV2_1604_ESMFold_hypothetical_protein	AF-A0A0R0IP73-F1-model_v4	AF-A0A0R0IP73-F1-model_v4 Uncharacterized protein	9.654E+00	0.473	50	1	238	240	28	249	263	259	0.992	0.844
LOKIASV2_1604_ESMFold_hypothetical_protein	AF-A0A5E4LIG1-F1-model_v4	AF-A0A5E4LIG1-F1-model_v4 Cation efflux family protein	4.921E+00	0.411	48	4	235	240	9	203	205	243	0.967	0.951
LOKIASV2_1604_ESMFold_hypothetical_protein	AF-F4GLY8-F1-model_v4	AF-F4GLY8-F1-model_v4 Uncharacterized protein	2.096E+00	0.411	48	2	227	240	7	262	267	280	0.942	0.959
LOKIASV2_1604_ESMFold_hypothetical_protein	AF-A0A0V0UZ54-F1-model_v4	AF-A0A0V0UZ54-F1-model_v4 Metal tolerance protein 5	1.600E+00	0.411	48	3	236	240	78	295	389	246	0.975	0.560
LOKIASV2_1604_ESMFold_hypothetical_protein	AF-A0A7L4PDY0-F1-model_v4	AF-A0A7L4PDY0-F1-model_v4 Cation transporter	5.383E+00	0.382	47	1	240	240	30	227	227	247	1.000	0.872
LOKIASV2_1604_ESMFold_hypothetical_protein	AF-A0A6P5EU87-F1-model_v4	AF-A0A6P5EU87-F1-model_v4 tobamovirus multiplication protein 1 isoform X2	8.066E+00	0.382	47	4	231	240	46	244	246	232	0.950	0.809
LOKIASV2_1604_ESMFold_hypothetical_protein	AF-A0A0G1FDJ7-F1-model_v4	AF-A0A0G1FDJ7-F1-model_v4 Uncharacterized protein	2.398E+00	0.382	47	8	240	240	112	339	339	241	0.971	0.673
LOKIASV2_1604_ESMFold_hypothetical_protein	AF-A0A1Q7HDG8-F1-model_v4	AF-A0A1Q7HDG8-F1-model_v4 Uncharacterized protein	6.160E+00	0.353	46	2	220	240	105	324	767	256	0.913	0.287
LOKIASV2_1604_ESMFold_hypothetical_protein	AF-A0A1X7VB72-F1-model_v4	AF-A0A1X7VB72-F1-model_v4 Uncharacterized protein	7.049E+00	0.326	45	1	231	240	95	339	448	287	0.962	0.547
LOKIASV2_1604_ESMFold_hypothetical_protein	AF-R7QRV6-F1-model_v4	AF-R7QRV6-F1-model_v4 Uncharacterized protein	5.147E+00	0.277	43	4	233	240	9	238	275	248	0.958	0.836
LOKIASV2_1604_ESMFold_hypothetical_protein	AF-A0A6P8Q0N9-F1-model_v4	AF-A0A6P8Q0N9-F1-model_v4 Solute carrier family 30 member 8	8.066E+00	0.277	43	3	231	240	1	220	317	263	0.954	0.694
LOKIASV2_1604_ESMFold_hypothetical_protein	AF-A0A2R6XNJ8-F1-model_v4	AF-A0A2R6XNJ8-F1-model_v4 ZT_dimer domain-containing protein	6.443E+00	0.277	43	2	239	240	173	401	499	258	0.992	0.459
LOKIASV2_1604_ESMFold_hypothetical_protein	AF-A0A7X9QD39-F1-model_v4	AF-A0A7X9QD39-F1-model_v4 Uncharacterized protein	6.443E+00	0.254	42	1	233	240	14	227	232	254	0.971	0.922
LOKIASV2_1604_ESMFold_hypothetical_protein	AF-W8AS22-F1-model_v4	AF-W8AS22-F1-model_v4 (Mediterranean fruit fly) hypothetical protein	9.654E+00	0.214	40	1	239	240	149	362	364	251	0.996	0.588
LOKIASV2_1604_ESMFold_hypothetical_protein	AF-A0A7Z0KVZ9-F1-model_v4	AF-A0A7Z0KVZ9-F1-model_v4 ABC transporter permease	7.712E+00	0.196	39	2	231	240	163	446	512	302	0.958	0.555
LOKIASV2_1604_ESMFold_hypothetical_protein	AF-A0A1I5KXG6-F1-model_v4	AF-A0A1I5KXG6-F1-model_v4 Membrane protein	2.870E+00	0.179	38	4	237	240	20	271	272	269	0.975	0.926
LOKIASV2_1604_ESMFold_hypothetical_protein	AF-G0RRT8-F1-model_v4	AF-G0RRT8-F1-model_v4 Predicted protein	4.498E+00	0.179	38	8	231	240	72	293	425	244	0.933	0.522
LOKIASV2_1604_ESMFold_hypothetical_protein	AF-A0A395NCU0-F1-model_v4	AF-A0A395NCU0-F1-model_v4 Cation efflux	8.437E+00	0.179	38	8	231	240	150	371	502	241	0.933	0.442
LOKIASV2_1604_ESMFold_hypothetical_protein	AF-B4U854-F1-model_v4	AF-B4U854-F1-model_v4 Ribonuclease BN	5.631E+00	0.164	37	3	240	240	1	258	258	271	0.992	1.000
LOKIASV2_1604_ESMFold_hypothetical_protein	AF-G0W8Y5-F1-model_v4	AF-G0W8Y5-F1-model_v4 Uncharacterized protein	6.739E+00	0.164	37	19	240	240	191	425	425	249	0.925	0.553
LOKIASV2_1604_ESMFold_hypothetical_protein	AF-A0A1V4MB74-F1-model_v4	AF-A0A1V4MB74-F1-model_v4 Uncharacterized protein	9.654E+00	0.164	37	2	231	240	151	355	532	239	0.958	0.385
LOKIASV2_1604_ESMFold_hypothetical_protein	AF-A0A844XRH9-F1-model_v4	AF-A0A844XRH9-F1-model_v4 YihY family inner membrane protein	2.096E+00	0.150	36	3	230	240	39	285	294	255	0.950	0.840
LOKIASV2_1604_ESMFold_hypothetical_protein	AF-M3CNA5-F1-model_v4	AF-M3CNA5-F1-model_v4 Uncharacterized protein	9.230E+00	0.138	35	1	239	240	14	257	280	264	0.996	0.871
LOKIASV2_1604_ESMFold_hypothetical_protein	AF-A0A1D2ACZ3-F1-model_v4	AF-A0A1D2ACZ3-F1-model_v4 Uncharacterized protein	8.824E+00	0.126	34	6	238	240	115	335	362	239	0.971	0.610
LOKIASV2_1604_ESMFold_hypothetical_protein	AF-A0A2S4LAA0-F1-model_v4	AF-A0A2S4LAA0-F1-model_v4 Uncharacterized protein	9.654E+00	0.106	32	19	234	240	228	439	583	237	0.900	0.364
LOKIASV2_1604_ESMFold_hypothetical_protein	AF-Z9JPK5-F1-model_v4	AF-Z9JPK5-F1-model_v4 ABC transporter	8.066E+00	0.090	30	4	237	240	305	531	983	244	0.975	0.231
LOKIASV2_1604_ESMFold_hypothetical_protein	AF-P59543-F1-model_v4	AF-P59543-F1-model_v4 Taste receptor type 2 member 20	2.016E-03	1.000	153	1	239	240	2	290	309	293	0.996	0.935
LOKIASV2_1604_ESMFold_hypothetical_protein	AF-Q645V4-F1-model_v4	AF-Q645V4-F1-model_v4 Taste receptor type 2 member 30	2.640E-03	1.000	145	1	238	240	2	304	319	305	0.992	0.950
LOKIASV2_1604_ESMFold_hypothetical_protein	AF-Q646A0-F1-model_v4	AF-Q646A0-F1-model_v4 Taste receptor type 2 member 20	1.928E-03	1.000	143	4	239	240	12	290	309	284	0.983	0.903
LOKIASV2_1604_ESMFold_hypothetical_protein	AF-Q646E3-F1-model_v4	AF-Q646E3-F1-model_v4 Taste receptor type 2 member 20	2.524E-03	1.000	143	1	239	240	2	294	309	296	0.996	0.948
LOKIASV2_1604_ESMFold_hypothetical_protein	AF-Q645T4-F1-model_v4	AF-Q645T4-F1-model_v4 Taste receptor type 2 member 46	4.527E-03	1.000	142	1	239	240	2	293	308	298	0.996	0.948
LOKIASV2_1604_ESMFold_hypothetical_protein	AF-Q9TX43-F1-model_v4	AF-Q9TX43-F1-model_v4 Cyclic AMP receptor 4	6.200E-03	1.000	139	2	239	240	8	273	443	274	0.992	0.600
LOKIASV2_1604_ESMFold_hypothetical_protein	AF-A0A2L0P0K0-F1-model_v4	AF-A0A2L0P0K0-F1-model_v4 Wortmanamides biosynthesis cluster protein C	7.095E-03	1.000	137	2	238	240	8	278	363	277	0.988	0.747
LOKIASV2_1604_ESMFold_hypothetical_protein	AF-Q646C1-F1-model_v4	AF-Q646C1-F1-model_v4 Taste receptor type 2 member 30	5.928E-03	1.000	136	2	239	240	3	294	319	293	0.992	0.915
LOKIASV2_1604_ESMFold_hypothetical_protein	AF-P59541-F1-model_v4	AF-P59541-F1-model_v4 Taste receptor type 2 member 30	5.180E-03	1.000	136	1	238	240	2	304	319	305	0.992	0.950
LOKIASV2_1604_ESMFold_hypothetical_protein	AF-Q7M723-F1-model_v4	AF-Q7M723-F1-model_v4 Taste receptor type 2 member 104	9.290E-03	1.000	135	1	238	240	2	292	302	293	0.992	0.964
LOKIASV2_1604_ESMFold_hypothetical_protein	AF-P0DSN6-F1-model_v4	AF-P0DSN6-F1-model_v4 Putative taste receptor type 2 member 33	5.928E-03	1.000	134	4	239	240	12	294	309	288	0.983	0.916
LOKIASV2_1604_ESMFold_hypothetical_protein	AF-D6VTK4-F1-model_v4	AF-D6VTK4-F1-model_v4 Pheromone alpha factor receptor	1.523E-02	1.000	133	3	236	240	46	304	431	261	0.975	0.601
LOKIASV2_1604_ESMFold_hypothetical_protein	AF-Q6C8U1-F1-model_v4	AF-Q6C8U1-F1-model_v4 Chitin synthase export chaperone	1.112E-02	1.000	131	11	240	240	61	296	335	243	0.958	0.704
LOKIASV2_1604_ESMFold_hypothetical_protein	AF-P28088-F1-model_v4	AF-P28088-F1-model_v4 Endothelin receptor type B	8.118E-03	1.000	131	1	239	240	96	400	441	311	0.996	0.692
LOKIASV2_1604_ESMFold_hypothetical_protein	AF-Q86V85-F1-model_v4	AF-Q86V85-F1-model_v4 Integral membrane protein GPR180	1.063E-02	1.000	130	2	239	240	168	421	440	267	0.992	0.577
LOKIASV2_1604_ESMFold_hypothetical_protein	AF-Q95NT6-F1-model_v4	AF-Q95NT6-F1-model_v4 G-protein coupled receptor Mth2	5.928E-03	1.000	130	4	238	240	206	482	536	284	0.979	0.517
LOKIASV2_1604_ESMFold_hypothetical_protein	AF-Q8K3J9-F1-model_v4	AF-Q8K3J9-F1-model_v4 G-protein coupled receptor family C group 5 member C	8.118E-03	1.000	128	2	232	240	46	301	440	265	0.962	0.582
LOKIASV2_1604_ESMFold_hypothetical_protein	AF-Q54LY7-F1-model_v4	AF-Q54LY7-F1-model_v4 Cyclic AMP receptor-like protein E	1.163E-02	1.000	127	3	234	240	1	304	330	305	0.967	0.921
LOKIASV2_1604_ESMFold_hypothetical_protein	AF-Q7M721-F1-model_v4	AF-Q7M721-F1-model_v4 Taste receptor type 2 member 120	2.181E-02	1.000	126	1	239	240	1	293	295	294	0.996	0.993
LOKIASV2_1604_ESMFold_hypothetical_protein	AF-Q9NYW4-F1-model_v4	AF-Q9NYW4-F1-model_v4 Taste receptor type 2 member 5	1.456E-02	1.000	126	2	239	240	3	290	299	292	0.992	0.963
LOKIASV2_1604_ESMFold_hypothetical_protein	AF-Q646E2-F1-model_v4	AF-Q646E2-F1-model_v4 Taste receptor type 2 member 30	1.063E-02	1.000	126	4	239	240	5	294	319	293	0.983	0.909
LOKIASV2_1604_ESMFold_hypothetical_protein	AF-Q76LL8-F1-model_v4	AF-Q76LL8-F1-model_v4 Corticotropin-releasing factor receptor 1	1.593E-02	1.000	126	4	239	240	115	378	415	270	0.983	0.636
LOKIASV2_1604_ESMFold_hypothetical_protein	AF-Q8BPS4-F1-model_v4	AF-Q8BPS4-F1-model_v4 Integral membrane protein GPR180	7.095E-03	1.000	126	2	239	240	169	422	441	270	0.992	0.576
LOKIASV2_1604_ESMFold_hypothetical_protein	AF-Q95NQ0-F1-model_v4	AF-Q95NQ0-F1-model_v4 G-protein coupled receptor Mth2	1.666E-02	1.000	125	4	238	240	206	482	536	284	0.979	0.517
LOKIASV2_1604_ESMFold_hypothetical_protein	AF-Q646G0-F1-model_v4	AF-Q646G0-F1-model_v4 Taste receptor type 2 member 46	1.742E-02	1.000	124	2	239	240	3	294	309	297	0.992	0.945
LOKIASV2_1604_ESMFold_hypothetical_protein	AF-Q5AA40-F1-model_v4	AF-Q5AA40-F1-model_v4 Chitin synthase export chaperone	1.994E-02	1.000	124	1	234	240	51	284	310	245	0.975	0.755
LOKIASV2_1604_ESMFold_hypothetical_protein	AF-Q15743-F1-model_v4	AF-Q15743-F1-model_v4 Ovarian cancer G-protein coupled receptor 1	1.331E-02	1.000	124	2	239	240	22	313	365	298	0.992	0.800
LOKIASV2_1604_ESMFold_hypothetical_protein	AF-Q9NZD1-F1-model_v4	AF-Q9NZD1-F1-model_v4 G-protein coupled receptor family C group 5 member D	8.881E-03	1.000	123	1	238	240	19	272	345	260	0.992	0.736
LOKIASV2_1604_ESMFold_hypothetical_protein	AF-Q3UG61-F1-model_v4	AF-Q3UG61-F1-model_v4 Mas-related G-protein coupled receptor member B1	1.112E-02	1.000	122	4	238	240	45	303	350	270	0.979	0.740
LOKIASV2_1604_ESMFold_hypothetical_protein	AF-Q8BFQ3-F1-model_v4	AF-Q8BFQ3-F1-model_v4 Ovarian cancer G-protein coupled receptor 1	1.272E-02	1.000	122	3	239	240	20	313	365	300	0.988	0.805
LOKIASV2_1604_ESMFold_hypothetical_protein	AF-P0CI39-F1-model_v4	AF-P0CI39-F1-model_v4 Pheromone alpha factor receptor	3.740E-02	1.000	122	3	234	240	46	302	431	263	0.967	0.596
LOKIASV2_1604_ESMFold_hypothetical_protein	AF-Q646E4-F1-model_v4	AF-Q646E4-F1-model_v4 Taste receptor type 2 member 50	7.762E-03	1.000	121	4	239	240	12	290	299	281	0.983	0.933
LOKIASV2_1604_ESMFold_hypothetical_protein	AF-Q645V3-F1-model_v4	AF-Q645V3-F1-model_v4 Taste receptor type 2 member 31	1.823E-02	1.000	121	1	239	240	2	294	309	296	0.996	0.948
LOKIASV2_1604_ESMFold_hypothetical_protein	AF-P0DTE0-F1-model_v4	AF-P0DTE0-F1-model_v4 Putative taste receptor type 2 member 36	1.742E-02	1.000	120	4	239	240	12	294	309	284	0.983	0.916
LOKIASV2_1604_ESMFold_hypothetical_protein	AF-Q6YNI2-F1-model_v4	AF-Q6YNI2-F1-model_v4 G-protein coupled receptor 6	1.163E-02	1.000	120	1	239	240	73	345	363	285	0.996	0.752
LOKIASV2_1604_ESMFold_hypothetical_protein	AF-Q8SQA4-F1-model_v4	AF-Q8SQA4-F1-model_v4 Adhesion G protein-coupled receptor E5	1.523E-02	1.000	119	1	240	240	441	700	734	277	1.000	0.354
LOKIASV2_1604_ESMFold_hypothetical_protein	AF-P59540-F1-model_v4	AF-P59540-F1-model_v4 Taste receptor type 2 member 46	1.906E-02	1.000	118	4	239	240	12	294	309	288	0.983	0.916
LOKIASV2_1604_ESMFold_hypothetical_protein	AF-Q646D2-F1-model_v4	AF-Q646D2-F1-model_v4 Taste receptor type 2 member 3	1.456E-02	1.000	118	1	239	240	1	297	315	298	0.996	0.943
LOKIASV2_1604_ESMFold_hypothetical_protein	AF-P13773-F1-model_v4	AF-P13773-F1-model_v4 Cyclic AMP receptor 1	3.419E-02	1.000	118	2	239	240	11	272	392	272	0.992	0.668
LOKIASV2_1604_ESMFold_hypothetical_protein	AF-Q3KRC4-F1-model_v4	AF-Q3KRC4-F1-model_v4 G-protein coupled receptor family C group 5 member C	1.994E-02	1.000	117	2	235	240	46	302	441	268	0.975	0.583
LOKIASV2_1604_ESMFold_hypothetical_protein	AF-Q86SQ3-F1-model_v4	AF-Q86SQ3-F1-model_v4 Putative adhesion G protein-coupled receptor E4P	1.456E-02	1.000	117	1	239	240	186	450	457	278	0.996	0.580
LOKIASV2_1604_ESMFold_hypothetical_protein	AF-O28812-F1-model_v4	AF-O28812-F1-model_v4 Uncharacterized protein AF_1460	3.125E-02	1.000	116	1	227	240	12	225	227	239	0.946	0.943
LOKIASV2_1604_ESMFold_hypothetical_protein	AF-Q5IS73-F1-model_v4	AF-Q5IS73-F1-model_v4 Cannabinoid receptor 1	3.268E-02	1.000	116	1	239	240	112	412	472	306	0.996	0.638
LOKIASV2_1604_ESMFold_hypothetical_protein	AF-Q333S9-F1-model_v4	AF-Q333S9-F1-model_v4 Cannabinoid receptor 1	2.386E-02	1.000	115	1	239	240	104	400	462	303	0.996	0.643
LOKIASV2_1604_ESMFold_hypothetical_protein	AF-Q09204-F1-model_v4	AF-Q09204-F1-model_v4 Serpentine receptor class alpha-2	2.181E-02	1.000	114	2	237	240	17	304	329	292	0.983	0.875
LOKIASV2_1604_ESMFold_hypothetical_protein	AF-Q9HBW0-F1-model_v4	AF-Q9HBW0-F1-model_v4 Lysophosphatidic acid receptor 2	2.496E-02	1.000	114	1	239	240	28	309	351	298	0.996	0.803
LOKIASV2_1604_ESMFold_hypothetical_protein	AF-Q8C206-F1-model_v4	AF-Q8C206-F1-model_v4 G-protein coupled receptor 157	4.897E-02	1.000	113	1	237	240	11	293	330	293	0.988	0.858
LOKIASV2_1604_ESMFold_hypothetical_protein	AF-Q9PUI7-F1-model_v4	AF-Q9PUI7-F1-model_v4 Cannabinoid receptor 1	1.994E-02	1.000	112	1	239	240	114	410	473	302	0.996	0.628
LOKIASV2_1604_ESMFold_hypothetical_protein	AF-Q91ZC4-F1-model_v4	AF-Q91ZC4-F1-model_v4 Mas-related G-protein coupled receptor member A8	2.856E-02	1.000	111	4	226	240	16	260	305	250	0.929	0.803
LOKIASV2_1604_ESMFold_hypothetical_protein	AF-Q645Z7-F1-model_v4	AF-Q645Z7-F1-model_v4 Taste receptor type 2 member 46	3.576E-02	1.000	111	4	239	240	12	294	309	288	0.983	0.916
LOKIASV2_1604_ESMFold_hypothetical_protein	AF-Q5J3K5-F1-model_v4	AF-Q5J3K5-F1-model_v4 Vomeronasal type-1 receptor 102	6.707E-02	1.000	111	2	239	240	37	330	336	302	0.992	0.875
LOKIASV2_1604_ESMFold_hypothetical_protein	AF-O02777-F1-model_v4	AF-O02777-F1-model_v4 Cannabinoid receptor 1	3.268E-02	1.000	111	1	239	240	112	412	472	304	0.996	0.638
LOKIASV2_1604_ESMFold_hypothetical_protein	AF-Q8VBS7-F1-model_v4	AF-Q8VBS7-F1-model_v4 Vomeronasal type-1 receptor 42	6.707E-02	1.000	110	1	240	240	17	329	329	319	1.000	0.951
LOKIASV2_1604_ESMFold_hypothetical_protein	AF-Q9JKT2-F1-model_v4	AF-Q9JKT2-F1-model_v4 Taste receptor type 2 member 119	3.576E-02	1.000	110	1	239	240	2	289	335	291	0.996	0.860
LOKIASV2_1604_ESMFold_hypothetical_protein	AF-P41588-F1-model_v4	AF-P41588-F1-model_v4 Vasoactive intestinal polypeptide receptor 2	1.742E-02	1.000	110	4	239	240	121	389	437	272	0.983	0.616
LOKIASV2_1604_ESMFold_hypothetical_protein	AF-Q9NQ84-F1-model_v4	AF-Q9NQ84-F1-model_v4 G-protein coupled receptor family C group 5 member C	2.731E-02	1.000	110	2	235	240	47	303	441	268	0.975	0.583
LOKIASV2_1604_ESMFold_hypothetical_protein	AF-Q5Y4Y9-F1-model_v4	AF-Q5Y4Y9-F1-model_v4 Taste receptor type 2 member 64	2.386E-02	1.000	109	4	239	240	12	294	309	284	0.983	0.916
LOKIASV2_1604_ESMFold_hypothetical_protein	AF-Q646F9-F1-model_v4	AF-Q646F9-F1-model_v4 Taste receptor type 2 member 31	7.675E-02	1.000	109	1	239	240	2	294	309	296	0.996	0.948
LOKIASV2_1604_ESMFold_hypothetical_protein	AF-Q9DDK4-F1-model_v4	AF-Q9DDK4-F1-model_v4 Sphingosine 1-phosphate receptor 1	3.125E-02	1.000	109	1	238	240	24	305	362	289	0.992	0.779
LOKIASV2_1604_ESMFold_hypothetical_protein	AF-P21554-F1-model_v4	AF-P21554-F1-model_v4 Cannabinoid receptor 1	4.682E-02	1.000	109	1	239	240	112	412	472	308	0.996	0.638
LOKIASV2_1604_ESMFold_hypothetical_protein	AF-Q67ET3-F1-model_v4	AF-Q67ET3-F1-model_v4 Taste receptor type 2 member 120	3.576E-02	1.000	108	1	239	240	1	290	295	301	0.996	0.983
LOKIASV2_1604_ESMFold_hypothetical_protein	AF-Q646C3-F1-model_v4	AF-Q646C3-F1-model_v4 Taste receptor type 2 member 50	2.988E-02	1.000	108	4	239	240	12	294	299	287	0.983	0.946
LOKIASV2_1604_ESMFold_hypothetical_protein	AF-Q91ZC5-F1-model_v4	AF-Q91ZC5-F1-model_v4 Mas-related G-protein coupled receptor member A7	4.280E-02	1.000	108	1	226	240	9	260	305	257	0.942	0.826
LOKIASV2_1604_ESMFold_hypothetical_protein	AF-Q864J3-F1-model_v4	AF-Q864J3-F1-model_v4 Melanocyte-stimulating hormone receptor	1.523E-02	1.000	108	1	239	240	38	313	317	291	0.996	0.871
LOKIASV2_1604_ESMFold_hypothetical_protein	AF-O46685-F1-model_v4	AF-O46685-F1-model_v4 Ovarian cancer G-protein coupled receptor 1	4.682E-02	1.000	108	3	237	240	20	299	361	288	0.979	0.776
LOKIASV2_1604_ESMFold_hypothetical_protein	AF-P51651-F1-model_v4	AF-P51651-F1-model_v4 G-protein coupled receptor 6	2.496E-02	1.000	108	1	239	240	73	345	363	284	0.996	0.752
LOKIASV2_1604_ESMFold_hypothetical_protein	AF-Q7Z601-F1-model_v4	AF-Q7Z601-F1-model_v4 Probable G-protein coupled receptor 142	1.823E-02	1.000	108	1	239	240	150	428	462	282	0.996	0.604
LOKIASV2_1604_ESMFold_hypothetical_protein	AF-Q801M1-F1-model_v4	AF-Q801M1-F1-model_v4 Cannabinoid receptor 1	2.386E-02	1.000	108	1	239	240	112	408	470	303	0.996	0.632
LOKIASV2_1604_ESMFold_hypothetical_protein	AF-Q645V7-F1-model_v4	AF-Q645V7-F1-model_v4 Taste receptor type 2 member 50	3.419E-02	1.000	107	4	239	240	12	294	299	287	0.983	0.946
LOKIASV2_1604_ESMFold_hypothetical_protein	AF-Q5Y4Y8-F1-model_v4	AF-Q5Y4Y8-F1-model_v4 Taste receptor type 2 member 66	2.611E-02	1.000	107	4	239	240	12	294	309	285	0.983	0.916
LOKIASV2_1604_ESMFold_hypothetical_protein	AF-Q91ZC1-F1-model_v4	AF-Q91ZC1-F1-model_v4 Mas-related G-protein coupled receptor member B3	3.268E-02	1.000	107	4	239	240	30	294	312	270	0.983	0.849
LOKIASV2_1604_ESMFold_hypothetical_protein	AF-Q9TT23-F1-model_v4	AF-Q9TT23-F1-model_v4 Melanocortin receptor 5	2.086E-02	1.000	107	1	239	240	36	310	325	294	0.996	0.846
LOKIASV2_1604_ESMFold_hypothetical_protein	AF-Q98895-F1-model_v4	AF-Q98895-F1-model_v4 Cannabinoid receptor type 1B	3.576E-02	1.000	107	1	239	240	109	405	470	298	0.996	0.632
LOKIASV2_1604_ESMFold_hypothetical_protein	AF-Q9W0R5-F1-model_v4	AF-Q9W0R5-F1-model_v4 Probable G-protein coupled receptor Mth-like 10	3.740E-02	1.000	107	4	238	240	245	531	585	295	0.979	0.491
LOKIASV2_1604_ESMFold_hypothetical_protein	AF-Q645Z9-F1-model_v4	AF-Q645Z9-F1-model_v4 Taste receptor type 2 member 19	3.912E-02	1.000	106	4	239	240	12	294	299	285	0.983	0.946
LOKIASV2_1604_ESMFold_hypothetical_protein	AF-Q646G2-F1-model_v4	AF-Q646G2-F1-model_v4 Taste receptor type 2 member 50	4.476E-02	1.000	106	4	239	240	12	294	299	288	0.983	0.946
LOKIASV2_1604_ESMFold_hypothetical_protein	AF-P47936-F1-model_v4	AF-P47936-F1-model_v4 Cannabinoid receptor 2	5.358E-02	1.000	106	1	239	240	29	314	347	290	0.996	0.824
LOKIASV2_1604_ESMFold_hypothetical_protein	AF-F4K2U8-F1-model_v4	AF-F4K2U8-F1-model_v4 Protein CANDIDATE G-PROTEIN COUPLED RECEPTOR 8	2.086E-02	1.000	105	4	239	240	37	278	297	253	0.983	0.815
LOKIASV2_1604_ESMFold_hypothetical_protein	AF-Q6BUS8-F1-model_v4	AF-Q6BUS8-F1-model_v4 Chitin synthase export chaperone	5.358E-02	1.000	105	8	235	240	55	277	309	239	0.950	0.722
LOKIASV2_1604_ESMFold_hypothetical_protein	AF-Q9JIL6-F1-model_v4	AF-Q9JIL6-F1-model_v4 G-protein coupled receptor family C group 5 member D	3.125E-02	1.000	105	1	238	240	19	272	344	266	0.992	0.738
LOKIASV2_1604_ESMFold_hypothetical_protein	AF-Q646F8-F1-model_v4	AF-Q646F8-F1-model_v4 Taste receptor type 2 member 43	4.476E-02	1.000	104	4	239	240	12	293	308	286	0.983	0.916
LOKIASV2_1604_ESMFold_hypothetical_protein	AF-Q91WW2-F1-model_v4	AF-Q91WW2-F1-model_v4 Mas-related G-protein coupled receptor member A4	4.092E-02	1.000	104	1	226	240	17	268	313	256	0.942	0.805
LOKIASV2_1604_ESMFold_hypothetical_protein	AF-Q645U1-F1-model_v4	AF-Q645U1-F1-model_v4 Taste receptor type 2 member 16	2.496E-02	1.000	103	4	238	240	13	290	291	293	0.979	0.955
LOKIASV2_1604_ESMFold_hypothetical_protein	AF-Q645T0-F1-model_v4	AF-Q645T0-F1-model_v4 Taste receptor type 2 member 9	3.419E-02	1.000	103	4	239	240	12	295	311	288	0.983	0.913
LOKIASV2_1604_ESMFold_hypothetical_protein	AF-Q8K1Q3-F1-model_v4	AF-Q8K1Q3-F1-model_v4 G-protein coupled receptor 3	2.496E-02	1.000	103	1	237	240	39	309	329	283	0.988	0.824
LOKIASV2_1604_ESMFold_hypothetical_protein	AF-Q862A9-F1-model_v4	AF-Q862A9-F1-model_v4 G-protein coupled bile acid receptor 1	4.897E-02	1.000	103	4	237	240	17	301	329	292	0.975	0.866
LOKIASV2_1604_ESMFold_hypothetical_protein	AF-Q5UAW9-F1-model_v4	AF-Q5UAW9-F1-model_v4 G-protein coupled receptor 157	1.316E-01	1.000	103	1	237	240	11	292	335	290	0.988	0.842
LOKIASV2_1604_ESMFold_hypothetical_protein	AF-P0CM73-F1-model_v4	AF-P0CM73-F1-model_v4 Chitin synthase export chaperone	1.005E-01	1.000	103	8	238	240	54	279	361	245	0.962	0.626
LOKIASV2_1604_ESMFold_hypothetical_protein	AF-Q2YDG0-F1-model_v4	AF-Q2YDG0-F1-model_v4 G-protein coupled receptor family C group 5 member C	4.280E-02	1.000	103	2	235	240	47	304	442	271	0.975	0.584
LOKIASV2_1604_ESMFold_hypothetical_protein	AF-Q71SP5-F1-model_v4	AF-Q71SP5-F1-model_v4 Cannabinoid receptor 1	4.280E-02	1.000	103	1	239	240	112	412	472	307	0.996	0.638
LOKIASV2_1604_ESMFold_hypothetical_protein	AF-P20272-F1-model_v4	AF-P20272-F1-model_v4 Cannabinoid receptor 1	3.740E-02	1.000	103	1	238	240	113	412	473	307	0.992	0.634
LOKIASV2_1604_ESMFold_hypothetical_protein	AF-Q7TN49-F1-model_v4	AF-Q7TN49-F1-model_v4 Mas-related G-protein coupled receptor member A	8.027E-02	1.000	102	1	224	240	9	261	304	258	0.933	0.832
LOKIASV2_1604_ESMFold_hypothetical_protein	AF-Q7TQA8-F1-model_v4	AF-Q7TQA8-F1-model_v4 Taste receptor type 2 member 136	2.386E-02	1.000	102	4	239	240	12	287	305	285	0.983	0.905
LOKIASV2_1604_ESMFold_hypothetical_protein	AF-Q5Y4Z8-F1-model_v4	AF-Q5Y4Z8-F1-model_v4 Taste receptor type 2 member 45	3.419E-02	1.000	102	4	239	240	12	294	309	285	0.983	0.916
LOKIASV2_1604_ESMFold_hypothetical_protein	AF-P59537-F1-model_v4	AF-P59537-F1-model_v4 Taste receptor type 2 member 43	5.358E-02	1.000	102	2	239	240	10	294	309	289	0.992	0.922
LOKIASV2_1604_ESMFold_hypothetical_protein	AF-Q8R2E6-F1-model_v4	AF-Q8R2E6-F1-model_v4 Vomeronasal type-1 receptor A11	1.099E-01	1.000	102	1	228	240	17	318	318	303	0.950	0.950
LOKIASV2_1604_ESMFold_hypothetical_protein	AF-G5ECD9-F1-model_v4	AF-G5ECD9-F1-model_v4 G-protein coupled receptor aex-2	3.419E-02	1.000	102	1	235	240	19	276	321	270	0.979	0.804
LOKIASV2_1604_ESMFold_hypothetical_protein	AF-P46095-F1-model_v4	AF-P46095-F1-model_v4 G-protein coupled receptor 6	1.906E-02	1.000	102	1	235	240	72	342	362	282	0.979	0.749
LOKIASV2_1604_ESMFold_hypothetical_protein	AF-Q62850-F1-model_v4	AF-Q62850-F1-model_v4 Vomeronasal type-1 receptor 105	6.131E-02	1.000	101	2	238	240	15	304	311	293	0.988	0.932
LOKIASV2_1604_ESMFold_hypothetical_protein	AF-Q1DKX4-F1-model_v4	AF-Q1DKX4-F1-model_v4 Chitin synthase export chaperone	8.027E-02	1.000	101	8	235	240	53	274	331	248	0.950	0.671
LOKIASV2_1604_ESMFold_hypothetical_protein	AF-Q0UDX8-F1-model_v4	AF-Q0UDX8-F1-model_v4 Chitin synthase export chaperone	1.203E-01	1.000	101	8	237	240	53	280	332	243	0.958	0.687
LOKIASV2_1604_ESMFold_hypothetical_protein	AF-O62772-F1-model_v4	AF-O62772-F1-model_v4 Corticotropin-releasing factor receptor 1	1.099E-01	1.000	101	2	239	240	113	378	415	272	0.992	0.641
LOKIASV2_1604_ESMFold_hypothetical_protein	AF-P32082-F1-model_v4	AF-P32082-F1-model_v4 Growth hormone-releasing hormone receptor	5.861E-02	1.000	101	2	239	240	127	391	423	267	0.992	0.626
LOKIASV2_1604_ESMFold_hypothetical_protein	AF-Q9W0R6-F1-model_v4	AF-Q9W0R6-F1-model_v4 Probable G-protein coupled receptor Mth-like 9	1.150E-01	1.000	101	1	234	240	204	471	513	285	0.975	0.522
LOKIASV2_1604_ESMFold_hypothetical_protein	AF-Q864J2-F1-model_v4	AF-Q864J2-F1-model_v4 Melanocyte-stimulating hormone receptor	3.419E-02	1.000	100	1	239	240	38	313	317	291	0.996	0.871
LOKIASV2_1604_ESMFold_hypothetical_protein	AF-Q684M3-F1-model_v4	AF-Q684M3-F1-model_v4 Sphingosine 1-phosphate receptor 5	8.782E-02	1.000	100	1	235	240	36	316	398	286	0.979	0.706
LOKIASV2_1604_ESMFold_hypothetical_protein	AF-P56971-F1-model_v4	AF-P56971-F1-model_v4 Cannabinoid receptor 1	5.861E-02	1.000	100	1	239	240	114	414	473	302	0.996	0.636
LOKIASV2_1604_ESMFold_hypothetical_protein	AF-P59544-F1-model_v4	AF-P59544-F1-model_v4 Taste receptor type 2 member 50	4.280E-02	0.999	99	4	239	240	12	290	299	285	0.983	0.933
LOKIASV2_1604_ESMFold_hypothetical_protein	AF-Q646E1-F1-model_v4	AF-Q646E1-F1-model_v4 Taste receptor type 2 member 46	6.707E-02	0.999	99	5	239	240	9	294	309	289	0.979	0.926
LOKIASV2_1604_ESMFold_hypothetical_protein	AF-O13780-F1-model_v4	AF-O13780-F1-model_v4 Uncharacterized protein C17G6.02c	3.125E-02	0.999	99	9	232	240	13	269	324	270	0.933	0.793
LOKIASV2_1604_ESMFold_hypothetical_protein	AF-Q67ES7-F1-model_v4	AF-Q67ES7-F1-model_v4 Taste receptor type 2 member 134	3.740E-02	0.999	99	5	239	240	34	315	329	293	0.979	0.857
LOKIASV2_1604_ESMFold_hypothetical_protein	AF-O45300-F1-model_v4	AF-O45300-F1-model_v4 Serpentine receptor class epsilon-13	5.358E-02	0.999	99	5	239	240	30	300	359	279	0.979	0.755
LOKIASV2_1604_ESMFold_hypothetical_protein	AF-P41586-F1-model_v4	AF-P41586-F1-model_v4 Pituitary adenylate cyclase-activating polypeptide type I receptor	8.396E-02	0.999	99	2	239	240	147	415	468	271	0.992	0.575
LOKIASV2_1604_ESMFold_hypothetical_protein	AF-P59538-F1-model_v4	AF-P59538-F1-model_v4 Taste receptor type 2 member 31	1.203E-01	0.999	98	2	239	240	10	294	309	289	0.992	0.922
LOKIASV2_1604_ESMFold_hypothetical_protein	AF-Q5Y4Z2-F1-model_v4	AF-Q5Y4Z2-F1-model_v4 Taste receptor type 2 member 42	6.707E-02	0.999	98	1	239	240	3	299	314	299	0.996	0.946
LOKIASV2_1604_ESMFold_hypothetical_protein	AF-Q8BX79-F1-model_v4	AF-Q8BX79-F1-model_v4 Probable G-protein coupled receptor 21	7.675E-02	0.999	98	4	239	240	31	318	349	292	0.983	0.825
LOKIASV2_1604_ESMFold_hypothetical_protein	AF-Q90812-F1-model_v4	AF-Q90812-F1-model_v4 Corticotropin-releasing factor receptor 1	1.316E-01	0.999	98	4	239	240	120	383	420	269	0.983	0.629
LOKIASV2_1604_ESMFold_hypothetical_protein	AF-P83120-F1-model_v4	AF-P83120-F1-model_v4 G-protein coupled receptor Mth	6.131E-02	0.999	98	9	239	240	219	488	515	287	0.962	0.524
LOKIASV2_1604_ESMFold_hypothetical_protein	AF-P59539-F1-model_v4	AF-P59539-F1-model_v4 Taste receptor type 2 member 45	8.027E-02	0.999	97	5	239	240	9	294	299	286	0.979	0.957
LOKIASV2_1604_ESMFold_hypothetical_protein	AF-Q645T3-F1-model_v4	AF-Q645T3-F1-model_v4 Taste receptor type 2 member 43	9.608E-02	0.999	97	5	239	240	9	293	308	288	0.979	0.925
LOKIASV2_1604_ESMFold_hypothetical_protein	AF-Q5YCW8-F1-model_v4	AF-Q5YCW8-F1-model_v4 Chitin synthase export chaperone	2.157E-01	0.999	97	8	237	240	55	282	334	242	0.958	0.683
LOKIASV2_1604_ESMFold_hypothetical_protein	AF-Q99679-F1-model_v4	AF-Q99679-F1-model_v4 Probable G-protein coupled receptor 21	6.412E-02	0.999	97	4	239	240	31	318	349	295	0.983	0.825
LOKIASV2_1604_ESMFold_hypothetical_protein	AF-Q1ZXB0-F1-model_v4	AF-Q1ZXB0-F1-model_v4 Frizzled/smoothened-like sans CRD protein F	3.740E-02	0.999	97	2	233	240	91	381	456	298	0.967	0.638
LOKIASV2_1604_ESMFold_hypothetical_protein	AF-P47746-F1-model_v4	AF-P47746-F1-model_v4 Cannabinoid receptor 1	8.396E-02	0.999	97	1	238	240	113	412	473	305	0.992	0.634
LOKIASV2_1604_ESMFold_hypothetical_protein	AF-Q49HI0-F1-model_v4	AF-Q49HI0-F1-model_v4 Taste receptor type 1 member 2	1.258E-01	0.999	97	1	230	240	561	809	836	270	0.958	0.298
LOKIASV2_1604_ESMFold_hypothetical_protein	AF-Q645T6-F1-model_v4	AF-Q645T6-F1-model_v4 Taste receptor type 2 member 50	7.675E-02	0.999	96	4	239	240	12	294	299	288	0.983	0.946
LOKIASV2_1604_ESMFold_hypothetical_protein	AF-P41149-F1-model_v4	AF-P41149-F1-model_v4 Melanocortin receptor 5	6.707E-02	0.999	96	1	239	240	36	310	325	285	0.996	0.846
LOKIASV2_1604_ESMFold_hypothetical_protein	AF-A1CPR8-F1-model_v4	AF-A1CPR8-F1-model_v4 Chitin synthase export chaperone	1.802E-01	0.999	96	8	235	240	55	276	332	240	0.950	0.669
LOKIASV2_1604_ESMFold_hypothetical_protein	AF-P0CM72-F1-model_v4	AF-P0CM72-F1-model_v4 Chitin synthase export chaperone	9.608E-02	0.999	96	8	238	240	54	279	361	251	0.962	0.626
LOKIASV2_1604_ESMFold_hypothetical_protein	AF-O54799-F1-model_v4	AF-O54799-F1-model_v4 Neuromedin-B receptor	4.476E-02	0.999	96	5	238	240	43	337	390	302	0.975	0.756
LOKIASV2_1604_ESMFold_hypothetical_protein	AF-Q9NZH0-F1-model_v4	AF-Q9NZH0-F1-model_v4 G-protein coupled receptor family C group 5 member B	1.203E-01	0.999	96	2	235	240	53	295	403	255	0.975	0.603
LOKIASV2_1604_ESMFold_hypothetical_protein	AF-Q54DR6-F1-model_v4	AF-Q54DR6-F1-model_v4 Frizzled/smoothened-like sans CRD protein G	6.131E-02	0.999	96	2	233	240	88	379	453	298	0.967	0.645
LOKIASV2_1604_ESMFold_hypothetical_protein	AF-Q646B3-F1-model_v4	AF-Q646B3-F1-model_v4 Taste receptor type 2 member 16	3.576E-02	0.998	95	4	238	240	13	289	291	291	0.979	0.952
LOKIASV2_1604_ESMFold_hypothetical_protein	AF-Q948R8-F1-model_v4	AF-Q948R8-F1-model_v4 Protein TOM THREE HOMOLOG 1	5.122E-02	0.998	95	3	235	240	38	276	293	252	0.971	0.816
LOKIASV2_1604_ESMFold_hypothetical_protein	AF-Q5Y500-F1-model_v4	AF-Q5Y500-F1-model_v4 Taste receptor type 2 member 43	9.186E-02	0.998	95	2	239	240	10	294	309	286	0.992	0.922
LOKIASV2_1604_ESMFold_hypothetical_protein	AF-Q9JKT8-F1-model_v4	AF-Q9JKT8-F1-model_v4 Taste receptor type 2 member 114	7.015E-02	0.998	95	1	239	240	2	293	309	297	0.996	0.945
LOKIASV2_1604_ESMFold_hypothetical_protein	AF-Q5Y4Z0-F1-model_v4	AF-Q5Y4Z0-F1-model_v4 Taste receptor type 2 member 62	3.740E-02	0.998	95	1	237	240	2	292	312	299	0.988	0.933
LOKIASV2_1604_ESMFold_hypothetical_protein	AF-Q6ETK9-F1-model_v4	AF-Q6ETK9-F1-model_v4 Heptahelical transmembrane protein ADIPOR2	5.861E-02	0.998	94	40	234	240	29	217	229	207	0.812	0.825
LOKIASV2_1604_ESMFold_hypothetical_protein	AF-Q9MZV8-F1-model_v4	AF-Q9MZV8-F1-model_v4 Melanocortin receptor 5	3.268E-02	0.998	94	1	237	240	28	292	294	281	0.988	0.901
LOKIASV2_1604_ESMFold_hypothetical_protein	AF-Q94AH1-F1-model_v4	AF-Q94AH1-F1-model_v4 Protein CANDIDATE G-PROTEIN COUPLED RECEPTOR 2	5.604E-02	0.998	94	4	239	240	40	281	300	254	0.983	0.807
LOKIASV2_1604_ESMFold_hypothetical_protein	AF-Q9ZUM2-F1-model_v4	AF-Q9ZUM2-F1-model_v4 Tobamovirus multiplication protein 3	6.131E-02	0.998	94	3	235	240	48	286	303	251	0.971	0.789
LOKIASV2_1604_ESMFold_hypothetical_protein	AF-Q9EPB8-F1-model_v4	AF-Q9EPB8-F1-model_v4 Vomeronasal type-1 receptor 54	2.062E-01	0.998	94	2	239	240	11	303	315	304	0.992	0.930
LOKIASV2_1604_ESMFold_hypothetical_protein	AF-Q864I8-F1-model_v4	AF-Q864I8-F1-model_v4 Melanocyte-stimulating hormone receptor	2.282E-02	0.998	94	1	239	240	38	313	317	290	0.996	0.871
LOKIASV2_1604_ESMFold_hypothetical_protein	AF-Q5FWM8-F1-model_v4	AF-Q5FWM8-F1-model_v4 Integral membrane protein GPR180	1.575E-01	0.998	94	2	239	240	163	416	435	268	0.992	0.584
LOKIASV2_1604_ESMFold_hypothetical_protein	AF-Q91WW4-F1-model_v4	AF-Q91WW4-F1-model_v4 Mas-related G-protein coupled receptor member A2	6.412E-02	0.998	93	1	226	240	9	260	305	266	0.942	0.826
LOKIASV2_1604_ESMFold_hypothetical_protein	AF-Q646B4-F1-model_v4	AF-Q646B4-F1-model_v4 Taste receptor type 2 member 43	8.396E-02	0.998	93	2	239	240	10	294	309	286	0.992	0.922
LOKIASV2_1604_ESMFold_hypothetical_protein	AF-Q864I5-F1-model_v4	AF-Q864I5-F1-model_v4 Melanocyte-stimulating hormone receptor	4.092E-02	0.998	93	1	239	240	38	313	317	291	0.996	0.871
LOKIASV2_1604_ESMFold_hypothetical_protein	AF-Q2UNJ0-F1-model_v4	AF-Q2UNJ0-F1-model_v4 Chitin synthase export chaperone	2.824E-01	0.998	93	8	235	240	54	275	331	240	0.950	0.671
LOKIASV2_1604_ESMFold_hypothetical_protein	AF-Q923Z0-F1-model_v4	AF-Q923Z0-F1-model_v4 G-protein coupled receptor family C group 5 member B	5.861E-02	0.998	93	2	235	240	53	295	410	250	0.975	0.593
LOKIASV2_1604_ESMFold_hypothetical_protein	AF-Q402F3-F1-model_v4	AF-Q402F3-F1-model_v4 Tobamovirus multiplication protein 3	7.338E-02	0.997	92	3	235	240	39	277	294	251	0.971	0.813
LOKIASV2_1604_ESMFold_hypothetical_protein	AF-Q646B9-F1-model_v4	AF-Q646B9-F1-model_v4 Taste receptor type 2 member 31	1.316E-01	0.997	92	2	239	240	10	290	309	288	0.992	0.909
LOKIASV2_1604_ESMFold_hypothetical_protein	AF-P41968-F1-model_v4	AF-P41968-F1-model_v4 Melanocortin receptor 3	5.604E-02	0.997	92	1	239	240	41	314	323	288	0.996	0.848
LOKIASV2_1604_ESMFold_hypothetical_protein	AF-P43657-F1-model_v4	AF-P43657-F1-model_v4 Lysophosphatidic acid receptor 6	3.268E-02	0.997	92	4	238	240	16	305	344	300	0.979	0.843
LOKIASV2_1604_ESMFold_hypothetical_protein	AF-Q7SB92-F1-model_v4	AF-Q7SB92-F1-model_v4 Chitin synthase export chaperone	2.468E-01	0.997	92	8	240	240	55	290	358	247	0.971	0.659
LOKIASV2_1604_ESMFold_hypothetical_protein	AF-Q8IZF4-F1-model_v4	AF-Q8IZF4-F1-model_v4 Adhesion G-protein coupled receptor G5	1.005E-01	0.997	91	1	240	240	239	517	528	295	1.000	0.528
LOKIASV2_1604_ESMFold_hypothetical_protein	AF-Q5T9L3-F1-model_v4	AF-Q5T9L3-F1-model_v4 Protein wntless homolog	7.015E-02	0.997	91	9	222	240	235	492	541	268	0.892	0.477
LOKIASV2_1604_ESMFold_hypothetical_protein	AF-Q91ZC7-F1-model_v4	AF-Q91ZC7-F1-model_v4 Mas-related G-protein coupled receptor member A5	8.027E-02	0.996	90	2	239	240	13	275	304	275	0.992	0.865
LOKIASV2_1604_ESMFold_hypothetical_protein	AF-Q0Q460-F1-model_v4	AF-Q0Q460-F1-model_v4 Melanocyte-stimulating hormone receptor	1.203E-01	0.996	90	1	239	240	38	313	317	291	0.996	0.871
LOKIASV2_1604_ESMFold_hypothetical_protein	AF-Q6MYT0-F1-model_v4	AF-Q6MYT0-F1-model_v4 Chitin synthase export chaperone	2.700E-01	0.996	90	8	235	240	54	275	331	243	0.950	0.671
LOKIASV2_1604_ESMFold_hypothetical_protein	AF-A6QLE7-F1-model_v4	AF-A6QLE7-F1-model_v4 G-protein coupled receptor 52	1.575E-01	0.996	90	4	239	240	43	331	361	295	0.983	0.801
LOKIASV2_1604_ESMFold_hypothetical_protein	AF-Q67ES3-F1-model_v4	AF-Q67ES3-F1-model_v4 Taste receptor type 2 member 143	6.707E-02	0.996	89	2	238	240	3	293	294	295	0.988	0.990
LOKIASV2_1604_ESMFold_hypothetical_protein	AF-P56451-F1-model_v4	AF-P56451-F1-model_v4 Melanocortin receptor 5	3.740E-02	0.996	89	1	239	240	36	309	325	288	0.996	0.843
LOKIASV2_1604_ESMFold_hypothetical_protein	AF-Q4IJ79-F1-model_v4	AF-Q4IJ79-F1-model_v4 Chitin synthase export chaperone	3.380E-01	0.996	89	8	237	240	55	282	334	240	0.958	0.683
LOKIASV2_1604_ESMFold_hypothetical_protein	AF-Q99677-F1-model_v4	AF-Q99677-F1-model_v4 Lysophosphatidic acid receptor 4	5.861E-02	0.996	89	4	239	240	38	328	370	293	0.983	0.786
LOKIASV2_1604_ESMFold_hypothetical_protein	AF-Q5QJU3-F1-model_v4	AF-Q5QJU3-F1-model_v4 Alkaline ceramidase 2	1.005E-01	0.995	88	10	224	240	33	228	275	222	0.896	0.713
LOKIASV2_1604_ESMFold_hypothetical_protein	AF-Q9EQ47-F1-model_v4	AF-Q9EQ47-F1-model_v4 Vomeronasal type-1 receptor 44	1.723E-01	0.995	88	1	238	240	1	303	310	309	0.992	0.977
LOKIASV2_1604_ESMFold_hypothetical_protein	AF-Q9EQ46-F1-model_v4	AF-Q9EQ46-F1-model_v4 Vomeronasal type-1 receptor 40	2.824E-01	0.995	88	1	238	240	1	303	310	309	0.992	0.977
LOKIASV2_1604_ESMFold_hypothetical_protein	AF-P30951-F1-model_v4	AF-P30951-F1-model_v4 G-protein coupled receptor 12	1.575E-01	0.995	88	1	235	240	44	312	334	276	0.979	0.805
LOKIASV2_1604_ESMFold_hypothetical_protein	AF-Q7TQP3-F1-model_v4	AF-Q7TQP3-F1-model_v4 Glucose-dependent insulinotropic receptor	1.258E-01	0.995	88	1	239	240	1	293	335	300	0.996	0.875
LOKIASV2_1604_ESMFold_hypothetical_protein	AF-Q8NFJ5-F1-model_v4	AF-Q8NFJ5-F1-model_v4 Retinoic acid-induced protein 3	1.506E-01	0.995	88	2	235	240	25	267	357	256	0.975	0.681
LOKIASV2_1604_ESMFold_hypothetical_protein	AF-Q9QZN9-F1-model_v4	AF-Q9QZN9-F1-model_v4 Cannabinoid receptor 2	2.062E-01	0.995	88	1	239	240	29	314	360	290	0.996	0.794
LOKIASV2_1604_ESMFold_hypothetical_protein	AF-Q8BLG2-F1-model_v4	AF-Q8BLG2-F1-model_v4 Lysophosphatidic acid receptor 4	8.782E-02	0.995	88	4	239	240	38	328	370	295	0.983	0.786
LOKIASV2_1604_ESMFold_hypothetical_protein	AF-Q7TQN8-F1-model_v4	AF-Q7TQN8-F1-model_v4 Glucose-dependent insulinotropic receptor	1.802E-01	0.995	88	4	239	240	7	293	468	289	0.983	0.613
LOKIASV2_1604_ESMFold_hypothetical_protein	AF-Q86Y34-F1-model_v4	AF-Q86Y34-F1-model_v4 Adhesion G protein-coupled receptor G3	2.062E-01	0.995	88	4	224	240	268	520	549	261	0.921	0.461
LOKIASV2_1604_ESMFold_hypothetical_protein	AF-Q5UXY6-F1-model_v4	AF-Q5UXY6-F1-model_v4 Bacteriorhodopsin-I	1.376E-01	0.994	87	8	237	240	7	239	250	247	0.958	0.932
LOKIASV2_1604_ESMFold_hypothetical_protein	AF-P47804-F1-model_v4	AF-P47804-F1-model_v4 RPE-retinal G protein-coupled receptor	1.440E-01	0.994	87	4	240	240	19	281	291	278	0.988	0.904
LOKIASV2_1604_ESMFold_hypothetical_protein	AF-Q9NYW7-F1-model_v4	AF-Q9NYW7-F1-model_v4 Taste receptor type 2 member 1	6.412E-02	0.994	87	4	239	240	9	292	299	293	0.983	0.950
LOKIASV2_1604_ESMFold_hypothetical_protein	AF-Q864J0-F1-model_v4	AF-Q864J0-F1-model_v4 Melanocyte-stimulating hormone receptor	4.092E-02	0.994	87	7	239	240	44	313	317	285	0.971	0.852
LOKIASV2_1604_ESMFold_hypothetical_protein	AF-P83119-F1-model_v4	AF-P83119-F1-model_v4 Probable G-protein coupled receptor Mth-like 12	1.051E-01	0.994	87	1	237	240	214	487	488	293	0.988	0.561
LOKIASV2_1604_ESMFold_hypothetical_protein	AF-Q4V622-F1-model_v4	AF-Q4V622-F1-model_v4 Neuropeptide CCHamide-2 receptor	9.608E-02	0.994	87	1	239	240	66	365	489	308	0.996	0.613
LOKIASV2_1604_ESMFold_hypothetical_protein	AF-P35413-F1-model_v4	AF-P35413-F1-model_v4 G-protein coupled receptor 3	8.396E-02	0.993	86	1	237	240	40	310	330	287	0.988	0.821
LOKIASV2_1604_ESMFold_hypothetical_protein	AF-Q9Z0U9-F1-model_v4	AF-Q9Z0U9-F1-model_v4 Sphingosine 1-phosphate receptor 3	3.090E-01	0.993	86	5	235	240	44	308	378	271	0.962	0.701
LOKIASV2_1604_ESMFold_hypothetical_protein	AF-Q08417-F1-model_v4	AF-Q08417-F1-model_v4 Sphingoid long-chain base transporter RSB1	1.316E-01	0.993	86	9	237	240	33	312	382	303	0.954	0.733
LOKIASV2_1604_ESMFold_hypothetical_protein	AF-P55167-F1-model_v4	AF-P55167-F1-model_v4 Melanocyte-stimulating hormone receptor	8.027E-02	0.992	85	1	239	240	36	310	314	288	0.996	0.876
LOKIASV2_1604_ESMFold_hypothetical_protein	AF-Q67ER9-F1-model_v4	AF-Q67ER9-F1-model_v4 Taste receptor type 2 member 39	1.376E-01	0.992	85	5	239	240	16	307	319	298	0.979	0.915
LOKIASV2_1604_ESMFold_hypothetical_protein	AF-P34972-F1-model_v4	AF-P34972-F1-model_v4 Cannabinoid receptor 2	1.723E-01	0.992	85	1	237	240	29	308	360	284	0.988	0.778
LOKIASV2_1604_ESMFold_hypothetical_protein	AF-P24053-F1-model_v4	AF-P24053-F1-model_v4 Neuromedin-B receptor	1.099E-01	0.992	85	2	238	240	44	337	390	303	0.988	0.754
LOKIASV2_1604_ESMFold_hypothetical_protein	AF-Q5V9L7-F1-model_v4	AF-Q5V9L7-F1-model_v4 pH-response regulator protein palH/RIM21	1.972E-01	0.992	85	1	233	240	78	355	742	283	0.971	0.375
LOKIASV2_1604_ESMFold_hypothetical_protein	AF-Q7TQB9-F1-model_v4	AF-Q7TQB9-F1-model_v4 Taste receptor type 2 member 143	6.412E-02	0.991	84	4	238	240	12	292	293	289	0.979	0.959
LOKIASV2_1604_ESMFold_hypothetical_protein	AF-Q01727-F1-model_v4	AF-Q01727-F1-model_v4 Melanocyte-stimulating hormone receptor	8.782E-02	0.990	83	1	239	240	36	311	315	289	0.996	0.876
LOKIASV2_1604_ESMFold_hypothetical_protein	AF-A6ZNQ4-F1-model_v4	AF-A6ZNQ4-F1-model_v4 Sphingoid long-chain base transporter RSB1	1.802E-01	0.990	83	9	237	240	33	312	382	303	0.954	0.733
LOKIASV2_1604_ESMFold_hypothetical_protein	AF-Q29627-F1-model_v4	AF-Q29627-F1-model_v4 Pituitary adenylate cyclase-activating polypeptide type I receptor	2.468E-01	0.990	83	2	239	240	164	460	513	301	0.992	0.579
LOKIASV2_1604_ESMFold_hypothetical_protein	AF-D3ZWZ9-F1-model_v4	AF-D3ZWZ9-F1-model_v4 Protein GPR107	2.157E-01	0.990	83	4	238	240	261	512	551	263	0.979	0.457
LOKIASV2_1604_ESMFold_hypothetical_protein	AF-Q8IZF3-F1-model_v4	AF-Q8IZF3-F1-model_v4 Adhesion G protein-coupled receptor F4	2.360E-01	0.990	83	2	239	240	402	667	695	274	0.992	0.383
LOKIASV2_1604_ESMFold_hypothetical_protein	AF-Q54ET0-F1-model_v4	AF-Q54ET0-F1-model_v4 Metabotropic glutamate receptor-like protein E	1.885E-01	0.990	83	4	239	240	439	687	816	276	0.983	0.305
LOKIASV2_1604_ESMFold_hypothetical_protein	AF-Q9NYV7-F1-model_v4	AF-Q9NYV7-F1-model_v4 Taste receptor type 2 member 16	1.099E-01	0.988	82	4	238	240	13	290	291	287	0.979	0.955
LOKIASV2_1604_ESMFold_hypothetical_protein	AF-Q91WW3-F1-model_v4	AF-Q91WW3-F1-model_v4 Mas-related G-protein coupled receptor member A3	2.700E-01	0.988	82	1	224	240	9	258	302	258	0.933	0.828
LOKIASV2_1604_ESMFold_hypothetical_protein	AF-P32244-F1-model_v4	AF-P32244-F1-model_v4 Melanocortin receptor 3	1.316E-01	0.988	82	1	239	240	41	314	323	291	0.996	0.848
LOKIASV2_1604_ESMFold_hypothetical_protein	AF-Q5AV03-F1-model_v4	AF-Q5AV03-F1-model_v4 Probable lipid transporter atnI	2.700E-01	0.988	82	5	231	240	42	294	383	269	0.946	0.661
LOKIASV2_1604_ESMFold_hypothetical_protein	AF-Q9W0V7-F1-model_v4	AF-Q9W0V7-F1-model_v4 Probable G-protein coupled receptor Mth-like 8	6.632E-01	0.988	82	2	236	240	212	473	492	273	0.979	0.533
LOKIASV2_1604_ESMFold_hypothetical_protein	AF-O97148-F1-model_v4	AF-O97148-F1-model_v4 G-protein coupled receptor Mth	2.954E-01	0.988	82	9	239	240	219	488	514	283	0.962	0.525
LOKIASV2_1604_ESMFold_hypothetical_protein	AF-Q402F4-F1-model_v4	AF-Q402F4-F1-model_v4 Tobamovirus multiplication protein 1	1.203E-01	0.986	81	4	235	240	34	272	288	259	0.967	0.830
LOKIASV2_1604_ESMFold_hypothetical_protein	AF-Q864F6-F1-model_v4	AF-Q864F6-F1-model_v4 Melanocyte-stimulating hormone receptor	1.203E-01	0.986	81	1	239	240	41	313	317	291	0.996	0.861
LOKIASV2_1604_ESMFold_hypothetical_protein	AF-P33033-F1-model_v4	AF-P33033-F1-model_v4 Melanocortin receptor 3	1.575E-01	0.986	81	1	239	240	41	314	323	291	0.996	0.848
LOKIASV2_1604_ESMFold_hypothetical_protein	AF-P28336-F1-model_v4	AF-P28336-F1-model_v4 Neuromedin-B receptor	6.707E-02	0.986	81	4	238	240	49	337	390	300	0.979	0.741
LOKIASV2_1604_ESMFold_hypothetical_protein	AF-O97967-F1-model_v4	AF-O97967-F1-model_v4 Bombesin receptor subtype-3	1.005E-01	0.986	81	1	240	240	37	338	399	304	1.000	0.757
LOKIASV2_1604_ESMFold_hypothetical_protein	AF-P32215-F1-model_v4	AF-P32215-F1-model_v4 Pituitary adenylate cyclase-activating polypeptide type I receptor	3.232E-01	0.986	81	2	239	240	146	470	523	327	0.992	0.621
LOKIASV2_1604_ESMFold_hypothetical_protein	AF-Q8K209-F1-model_v4	AF-Q8K209-F1-model_v4 Adhesion G-protein coupled receptor G1	2.954E-01	0.986	81	2	227	240	401	654	687	270	0.942	0.370
LOKIASV2_1604_ESMFold_hypothetical_protein	AF-Q864I1-F1-model_v4	AF-Q864I1-F1-model_v4 Melanocyte-stimulating hormone receptor	1.506E-01	0.984	80	1	239	240	41	305	310	282	0.996	0.855
LOKIASV2_1604_ESMFold_hypothetical_protein	AF-Q67ET7-F1-model_v4	AF-Q67ET7-F1-model_v4 Taste receptor type 2 member 3	1.099E-01	0.984	80	4	239	240	12	295	316	288	0.983	0.899
LOKIASV2_1604_ESMFold_hypothetical_protein	AF-Q864F5-F1-model_v4	AF-Q864F5-F1-model_v4 Melanocyte-stimulating hormone receptor	2.062E-01	0.984	80	1	239	240	38	313	317	290	0.996	0.871
LOKIASV2_1604_ESMFold_hypothetical_protein	AF-Q2H7Q1-F1-model_v4	AF-Q2H7Q1-F1-model_v4 Chitin synthase export chaperone	5.065E-01	0.984	80	8	237	240	54	281	332	251	0.958	0.687
LOKIASV2_1604_ESMFold_hypothetical_protein	AF-Q8NGF0-F1-model_v4	AF-Q8NGF0-F1-model_v4 Olfactory receptor 52B6	1.802E-01	0.984	80	5	239	240	48	327	335	292	0.979	0.836
LOKIASV2_1604_ESMFold_hypothetical_protein	AF-O14843-F1-model_v4	AF-O14843-F1-model_v4 Free fatty acid receptor 3	2.700E-01	0.984	80	4	239	240	20	290	346	285	0.983	0.783
LOKIASV2_1604_ESMFold_hypothetical_protein	AF-Q84N34-F1-model_v4	AF-Q84N34-F1-model_v4 Heptahelical transmembrane protein 2	3.536E-01	0.984	80	40	240	240	161	355	358	214	0.837	0.545
LOKIASV2_1604_ESMFold_hypothetical_protein	AF-Q26495-F1-model_v4	AF-Q26495-F1-model_v4 Opsin-2	3.698E-01	0.984	80	1	238	240	46	347	380	302	0.992	0.795
LOKIASV2_1604_ESMFold_hypothetical_protein	AF-B3LJA1-F1-model_v4	AF-B3LJA1-F1-model_v4 Sphingoid long-chain base transporter RSB1	2.256E-01	0.984	80	9	237	240	33	312	382	303	0.954	0.733
LOKIASV2_1604_ESMFold_hypothetical_protein	AF-Q9H228-F1-model_v4	AF-Q9H228-F1-model_v4 Sphingosine 1-phosphate receptor 5	2.157E-01	0.984	80	1	235	240	36	316	398	288	0.979	0.706
LOKIASV2_1604_ESMFold_hypothetical_protein	AF-Q95KZ0-F1-model_v4	AF-Q95KZ0-F1-model_v4 Prostaglandin E2 receptor EP4 subtype	4.630E-01	0.984	80	2	239	240	18	346	490	334	0.992	0.671
LOKIASV2_1604_ESMFold_hypothetical_protein	AF-Q864I4-F1-model_v4	AF-Q864I4-F1-model_v4 Melanocyte-stimulating hormone receptor	1.203E-01	0.981	79	7	239	240	44	313	317	286	0.971	0.852
LOKIASV2_1604_ESMFold_hypothetical_protein	AF-Q91X56-F1-model_v4	AF-Q91X56-F1-model_v4 Sphingosine 1-phosphate receptor 5	2.256E-01	0.981	79	2	235	240	37	317	400	293	0.975	0.702
LOKIASV2_1604_ESMFold_hypothetical_protein	AF-O95665-F1-model_v4	AF-O95665-F1-model_v4 Neurotensin receptor type 2	1.506E-01	0.981	79	2	235	240	36	368	410	344	0.975	0.812
LOKIASV2_1604_ESMFold_hypothetical_protein	AF-Q9LZ39-F1-model_v4	AF-Q9LZ39-F1-model_v4 Protein CANDIDATE G-PROTEIN COUPLED RECEPTOR 6	2.954E-01	0.981	79	2	240	240	168	428	428	269	0.996	0.610
LOKIASV2_1604_ESMFold_hypothetical_protein	AF-Q6BPR6-F1-model_v4	AF-Q6BPR6-F1-model_v4 pH-response regulator protein palH/RIM21	2.954E-01	0.981	79	2	239	240	88	330	537	261	0.992	0.453
LOKIASV2_1604_ESMFold_hypothetical_protein	AF-Q57101-F1-model_v4	AF-Q57101-F1-model_v4 Cruxrhodopsin-1	2.700E-01	0.978	78	8	237	240	7	239	250	251	0.958	0.932
LOKIASV2_1604_ESMFold_hypothetical_protein	AF-A7YWP2-F1-model_v4	AF-A7YWP2-F1-model_v4 Post-GPI attachment to proteins factor 3	5.796E-01	0.978	78	11	238	240	106	311	319	230	0.950	0.646
LOKIASV2_1604_ESMFold_hypothetical_protein	AF-Q50DM5-F1-model_v4	AF-Q50DM5-F1-model_v4 Adhesion G-protein coupled receptor G1	1.723E-01	0.978	78	2	227	240	401	654	687	278	0.942	0.370
LOKIASV2_1604_ESMFold_hypothetical_protein	AF-Q50DM7-F1-model_v4	AF-Q50DM7-F1-model_v4 Adhesion G-protein coupled receptor G1	3.090E-01	0.978	78	2	227	240	401	654	687	271	0.942	0.370
LOKIASV2_1604_ESMFold_hypothetical_protein	AF-Q13606-F1-model_v4	AF-Q13606-F1-model_v4 Olfactory receptor 5I1	3.090E-01	0.975	77	4	239	240	26	306	314	295	0.983	0.895
LOKIASV2_1604_ESMFold_hypothetical_protein	AF-B5VRU8-F1-model_v4	AF-B5VRU8-F1-model_v4 Sphingoid long-chain base transporter RSB1	2.824E-01	0.975	77	9	237	240	33	312	382	301	0.954	0.733
LOKIASV2_1604_ESMFold_hypothetical_protein	AF-O54798-F1-model_v4	AF-O54798-F1-model_v4 Bombesin receptor subtype-3	1.203E-01	0.975	77	1	238	240	42	343	399	307	0.992	0.757
LOKIASV2_1604_ESMFold_hypothetical_protein	AF-Q9D1N4-F1-model_v4	AF-Q9D1N4-F1-model_v4 Protein myomaker	2.582E-01	0.971	76	4	221	240	7	195	221	227	0.908	0.855
LOKIASV2_1604_ESMFold_hypothetical_protein	AF-A6NI61-F1-model_v4	AF-A6NI61-F1-model_v4 Protein myomaker	2.582E-01	0.971	76	4	222	240	7	194	221	230	0.913	0.851
LOKIASV2_1604_ESMFold_hypothetical_protein	AF-Q924T8-F1-model_v4	AF-Q924T8-F1-model_v4 Cysteinyl leukotriene receptor 1	1.203E-01	0.971	76	4	240	240	31	320	339	308	0.988	0.855
LOKIASV2_1604_ESMFold_hypothetical_protein	AF-Q64H34-F1-model_v4	AF-Q64H34-F1-model_v4 C-C chemokine receptor type 3	1.802E-01	0.971	76	4	237	240	44	314	359	281	0.975	0.755
LOKIASV2_1604_ESMFold_hypothetical_protein	AF-Q03566-F1-model_v4	AF-Q03566-F1-model_v4 Probable G-protein coupled receptor tkr-1	1.506E-01	0.971	76	4	235	240	49	325	406	288	0.967	0.682
LOKIASV2_1604_ESMFold_hypothetical_protein	AF-Q3V3Z3-F1-model_v4	AF-Q3V3Z3-F1-model_v4 Adhesion G-protein coupled receptor G5	2.360E-01	0.971	76	2	238	240	236	515	524	294	0.988	0.534
LOKIASV2_1604_ESMFold_hypothetical_protein	AF-A6NM76-F1-model_v4	AF-A6NM76-F1-model_v4 Olfactory receptor 6C76	3.868E-01	0.961	74	1	239	240	16	302	312	294	0.996	0.920
LOKIASV2_1604_ESMFold_hypothetical_protein	AF-C7GLH7-F1-model_v4	AF-C7GLH7-F1-model_v4 Sphingoid long-chain base transporter RSB1	3.868E-01	0.961	74	9	237	240	33	312	382	303	0.954	0.733
LOKIASV2_1604_ESMFold_hypothetical_protein	AF-Q9FEG2-F1-model_v4	AF-Q9FEG2-F1-model_v4 Tobamovirus multiplication protein 1	4.426E-01	0.956	73	4	235	240	37	274	291	249	0.967	0.818
LOKIASV2_1604_ESMFold_hypothetical_protein	AF-Q0Z8I9-F1-model_v4	AF-Q0Z8I9-F1-model_v4 Melanocortin receptor 4	2.157E-01	0.956	73	1	239	240	47	317	332	282	0.996	0.816
LOKIASV2_1604_ESMFold_hypothetical_protein	AF-O97504-F1-model_v4	AF-O97504-F1-model_v4 Melanocortin receptor 4	1.575E-01	0.956	73	1	229	240	47	300	332	265	0.954	0.765
LOKIASV2_1604_ESMFold_hypothetical_protein	AF-B2RU40-F1-model_v4	AF-B2RU40-F1-model_v4 Proline-rich transmembrane protein 4	2.954E-01	0.956	73	2	235	240	361	622	902	275	0.975	0.290
LOKIASV2_1604_ESMFold_hypothetical_protein	AF-Q8VD53-F1-model_v4	AF-Q8VD53-F1-model_v4 Alkaline ceramidase 2	2.824E-01	0.949	72	10	224	240	33	228	275	232	0.896	0.713
LOKIASV2_1604_ESMFold_hypothetical_protein	AF-D4A3T6-F1-model_v4	AF-D4A3T6-F1-model_v4 Adhesion G-protein coupled receptor F2	5.065E-01	0.949	72	1	240	240	374	638	638	274	1.000	0.415
LOKIASV2_1604_ESMFold_hypothetical_protein	AF-Q5T601-F1-model_v4	AF-Q5T601-F1-model_v4 Adhesion G-protein coupled receptor F1	6.341E-01	0.949	72	1	239	240	578	853	910	283	0.996	0.303
LOKIASV2_1604_ESMFold_hypothetical_protein	AF-O00421-F1-model_v4	AF-O00421-F1-model_v4 C-C chemokine receptor-like 2	2.582E-01	0.941	71	1	239	240	37	310	344	286	0.996	0.797
LOKIASV2_1604_ESMFold_hypothetical_protein	AF-Q6CXK7-F1-model_v4	AF-Q6CXK7-F1-model_v4 pH-response regulator protein palH/RIM21	2.824E-01	0.941	71	9	238	240	98	336	519	264	0.958	0.461
LOKIASV2_1604_ESMFold_hypothetical_protein	AF-Q54LJ7-F1-model_v4	AF-Q54LJ7-F1-model_v4 Frizzled and smoothened-like protein P	6.937E-01	0.941	71	10	238	240	227	526	587	310	0.954	0.511
LOKIASV2_1604_ESMFold_hypothetical_protein	AF-P40100-F1-model_v4	AF-P40100-F1-model_v4 Protoporphyrin uptake protein 1	2.468E-01	0.933	70	1	236	240	16	296	303	293	0.983	0.927
LOKIASV2_1604_ESMFold_hypothetical_protein	AF-A2A559-F1-model_v4	AF-A2A559-F1-model_v4 Post-GPI attachment to proteins factor 3	6.632E-01	0.933	70	11	238	240	106	312	320	232	0.950	0.647
LOKIASV2_1604_ESMFold_hypothetical_protein	AF-P30550-F1-model_v4	AF-P30550-F1-model_v4 Gastrin-releasing peptide receptor	2.824E-01	0.933	70	1	239	240	30	337	384	314	0.996	0.802
LOKIASV2_1604_ESMFold_hypothetical_protein	AF-Q9JKM5-F1-model_v4	AF-Q9JKM5-F1-model_v4 Sphingosine 1-phosphate receptor 5	2.157E-01	0.933	70	1	235	240	36	317	400	299	0.979	0.705
LOKIASV2_1604_ESMFold_hypothetical_protein	AF-Q9VSE7-F1-model_v4	AF-Q9VSE7-F1-model_v4 Probable G-protein coupled receptor Mth-like 7	8.303E-01	0.933	70	8	238	240	222	490	491	282	0.962	0.548
LOKIASV2_1604_ESMFold_hypothetical_protein	AF-P94854-F1-model_v4	AF-P94854-F1-model_v4 Cruxrhodopsin-3	2.157E-01	0.923	69	8	237	240	7	239	250	252	0.958	0.932
LOKIASV2_1604_ESMFold_hypothetical_protein	AF-Q8N146-F1-model_v4	AF-Q8N146-F1-model_v4 Olfactory receptor 8H3	8.684E-01	0.923	69	1	240	240	19	309	312	294	1.000	0.933
LOKIASV2_1604_ESMFold_hypothetical_protein	AF-Q6P7G9-F1-model_v4	AF-Q6P7G9-F1-model_v4 Probable G-protein coupled receptor 146	2.468E-01	0.923	69	2	239	240	20	303	333	287	0.992	0.853
LOKIASV2_1604_ESMFold_hypothetical_protein	AF-P25115-F1-model_v4	AF-P25115-F1-model_v4 D(1B) dopamine receptor	5.298E-01	0.923	69	1	237	240	34	369	475	338	0.988	0.707
LOKIASV2_1604_ESMFold_hypothetical_protein	AF-Q66IZ4-F1-model_v4	AF-Q66IZ4-F1-model_v4 Protein wntless homolog A	6.341E-01	0.923	69	6	226	240	232	488	541	265	0.921	0.475
LOKIASV2_1604_ESMFold_hypothetical_protein	AF-Q96R84-F1-model_v4	AF-Q96R84-F1-model_v4 Putative olfactory receptor 1F2	8.684E-01	0.912	68	1	239	240	20	304	312	291	0.996	0.913
LOKIASV2_1604_ESMFold_hypothetical_protein	AF-Q8NGY1-F1-model_v4	AF-Q8NGY1-F1-model_v4 Olfactory receptor 10Z1	7.256E-01	0.912	68	1	239	240	20	305	313	288	0.996	0.914
LOKIASV2_1604_ESMFold_hypothetical_protein	AF-P52500-F1-model_v4	AF-P52500-F1-model_v4 Gastrin-releasing peptide receptor	1.972E-01	0.912	68	5	239	240	41	338	384	309	0.979	0.776
LOKIASV2_1604_ESMFold_hypothetical_protein	AF-A1ZAX0-F1-model_v4	AF-A1ZAX0-F1-model_v4 Neuropeptide CCHamide-1 receptor	7.256E-01	0.912	68	1	239	240	78	380	499	307	0.996	0.607
LOKIASV2_1604_ESMFold_hypothetical_protein	AF-Q6P6V6-F1-model_v4	AF-Q6P6V6-F1-model_v4 Protein GPR108	5.065E-01	0.912	68	4	227	240	293	524	577	250	0.933	0.402
LOKIASV2_1604_ESMFold_hypothetical_protein	AF-Q8NGG4-F1-model_v4	AF-Q8NGG4-F1-model_v4 Olfactory receptor 8H1	6.632E-01	0.900	67	1	240	240	18	308	311	297	1.000	0.936
LOKIASV2_1604_ESMFold_hypothetical_protein	AF-P31302-F1-model_v4	AF-P31302-F1-model_v4 Pheromone receptor 1	5.796E-01	0.900	67	7	239	240	5	300	357	308	0.971	0.829
LOKIASV2_1604_ESMFold_hypothetical_protein	AF-Q6F3F9-F1-model_v4	AF-Q6F3F9-F1-model_v4 Adhesion G-protein coupled receptor G6	7.589E-01	0.900	67	1	231	240	827	1091	1165	288	0.962	0.227
LOKIASV2_1604_ESMFold_hypothetical_protein	AF-O61303-F1-model_v4	AF-O61303-F1-model_v4 Opsin, ultraviolet-sensitive	4.630E-01	0.887	66	4	240	240	51	340	371	298	0.988	0.782
LOKIASV2_1604_ESMFold_hypothetical_protein	AF-Q6DCW7-F1-model_v4	AF-Q6DCW7-F1-model_v4 Integral membrane protein GPR137B	6.341E-01	0.887	66	4	234	240	30	295	372	277	0.962	0.715
LOKIASV2_1604_ESMFold_hypothetical_protein	AF-Q09366-F1-model_v4	AF-Q09366-F1-model_v4 Uncharacterized protein ZK1320.5	2.582E-01	0.887	66	4	239	240	7	293	414	297	0.983	0.693
LOKIASV2_1604_ESMFold_hypothetical_protein	AF-P42291-F1-model_v4	AF-P42291-F1-model_v4 D(1C) dopamine receptor	7.256E-01	0.887	66	5	240	240	35	348	465	325	0.983	0.675
LOKIASV2_1604_ESMFold_hypothetical_protein	AF-Q54WN6-F1-model_v4	AF-Q54WN6-F1-model_v4 Cyclic AMP receptor-like protein G	8.303E-01	0.887	66	2	238	240	13	339	515	340	0.988	0.635
LOKIASV2_1604_ESMFold_hypothetical_protein	AF-Q8K3V3-F1-model_v4	AF-Q8K3V3-F1-model_v4 Adhesion G-protein coupled receptor G1	1.087E+00	0.887	66	2	227	240	401	654	687	270	0.942	0.370
LOKIASV2_1604_ESMFold_hypothetical_protein	AF-Q50DM8-F1-model_v4	AF-Q50DM8-F1-model_v4 Adhesion G-protein coupled receptor G1	9.937E-01	0.887	66	2	227	240	401	654	687	270	0.942	0.370
LOKIASV2_1604_ESMFold_hypothetical_protein	AF-Q6IQ69-F1-model_v4	AF-Q6IQ69-F1-model_v4 Protein myomaker	1.137E+00	0.872	65	4	221	240	7	194	220	228	0.908	0.855
LOKIASV2_1604_ESMFold_hypothetical_protein	AF-Q9P6N9-F1-model_v4	AF-Q9P6N9-F1-model_v4 Protein PER1 homolog	1.087E+00	0.872	65	10	239	240	107	322	331	235	0.958	0.653
LOKIASV2_1604_ESMFold_hypothetical_protein	AF-O77680-F1-model_v4	AF-O77680-F1-model_v4 D(1A) dopamine receptor	9.937E-01	0.872	65	5	237	240	23	347	446	329	0.971	0.729
LOKIASV2_1604_ESMFold_hypothetical_protein	AF-P21918-F1-model_v4	AF-P21918-F1-model_v4 D(1B) dopamine receptor	5.796E-01	0.872	65	1	239	240	36	372	477	343	0.996	0.706
LOKIASV2_1604_ESMFold_hypothetical_protein	AF-Q5FWK6-F1-model_v4	AF-Q5FWK6-F1-model_v4 Protein wntless homolog B	8.303E-01	0.872	65	6	226	240	232	488	541	265	0.921	0.475
LOKIASV2_1604_ESMFold_hypothetical_protein	AF-Q8NH08-F1-model_v4	AF-Q8NH08-F1-model_v4 Olfactory receptor 10AC1	8.684E-01	0.837	63	5	239	240	29	309	325	288	0.979	0.865
LOKIASV2_1604_ESMFold_hypothetical_protein	AF-Q95136-F1-model_v4	AF-Q95136-F1-model_v4 D(1A) dopamine receptor	1.189E+00	0.837	63	5	237	240	23	347	446	329	0.971	0.729
LOKIASV2_1604_ESMFold_hypothetical_protein	AF-P53452-F1-model_v4	AF-P53452-F1-model_v4 D(1)-like dopamine receptor	1.137E+00	0.837	63	4	239	240	22	343	459	331	0.983	0.702
LOKIASV2_1604_ESMFold_hypothetical_protein	AF-Q9Y7S5-F1-model_v4	AF-Q9Y7S5-F1-model_v4 Uncharacterized membrane protein C569.06	1.424E+00	0.837	63	1	224	240	205	444	478	250	0.933	0.502
LOKIASV2_1604_ESMFold_hypothetical_protein	AF-Q1ZXE4-F1-model_v4	AF-Q1ZXE4-F1-model_v4 Frizzled and smoothened-like protein Q	8.303E-01	0.837	63	10	235	240	228	501	578	291	0.942	0.474
LOKIASV2_1604_ESMFold_hypothetical_protein	AF-P41145-F1-model_v4	AF-P41145-F1-model_v4 Kappa-type opioid receptor	4.842E-01	0.817	62	2	239	240	63	344	380	301	0.992	0.742
LOKIASV2_1604_ESMFold_hypothetical_protein	AF-Q8BLD9-F1-model_v4	AF-Q8BLD9-F1-model_v4 D(1B) dopamine receptor	8.303E-01	0.817	62	1	239	240	34	367	478	340	0.996	0.699
LOKIASV2_1604_ESMFold_hypothetical_protein	AF-Q148L1-F1-model_v4	AF-Q148L1-F1-model_v4 Protein GPR108	7.256E-01	0.817	62	4	240	240	265	502	548	259	0.988	0.434
LOKIASV2_1604_ESMFold_hypothetical_protein	AF-Q53496-F1-model_v4	AF-Q53496-F1-model_v4 Cruxrhodopsin-2	7.256E-01	0.795	61	8	237	240	14	246	255	251	0.958	0.914
LOKIASV2_1604_ESMFold_hypothetical_protein	AF-Q568I2-F1-model_v4	AF-Q568I2-F1-model_v4 Alkaline ceramidase 1	9.501E-01	0.795	61	8	240	240	30	231	266	239	0.971	0.759
LOKIASV2_1604_ESMFold_hypothetical_protein	AF-Q75F81-F1-model_v4	AF-Q75F81-F1-model_v4 ADIPOR-like receptor IZH3	2.553E+00	0.795	61	4	227	240	145	406	419	273	0.933	0.625
LOKIASV2_1604_ESMFold_hypothetical_protein	AF-Q9Y7Y9-F1-model_v4	AF-Q9Y7Y9-F1-model_v4 Uncharacterized membrane protein C18A7.02c	1.189E+00	0.795	61	8	235	240	180	426	457	255	0.950	0.540
LOKIASV2_1604_ESMFold_hypothetical_protein	AF-Q8TDN7-F1-model_v4	AF-Q8TDN7-F1-model_v4 Alkaline ceramidase 1	9.083E-01	0.772	60	4	238	240	29	234	264	245	0.979	0.780
LOKIASV2_1604_ESMFold_hypothetical_protein	AF-O07084-F1-model_v4	AF-O07084-F1-model_v4 Cadmium, cobalt and zinc/H(+)-K(+) antiporter	2.954E-01	0.772	60	1	235	240	3	202	311	244	0.979	0.643
LOKIASV2_1604_ESMFold_hypothetical_protein	AF-P31397-F1-model_v4	AF-P31397-F1-model_v4 Pheromone M-factor receptor	9.937E-01	0.772	60	1	235	240	1	287	365	310	0.979	0.786
LOKIASV2_1604_ESMFold_hypothetical_protein	AF-P35414-F1-model_v4	AF-P35414-F1-model_v4 Apelin receptor	6.937E-01	0.772	60	1	239	240	26	323	380	315	0.996	0.784
LOKIASV2_1604_ESMFold_hypothetical_protein	AF-P53047-F1-model_v4	AF-P53047-F1-model_v4 Protein RTA1	1.087E+00	0.747	59	5	238	240	18	290	317	280	0.975	0.861
LOKIASV2_1604_ESMFold_hypothetical_protein	AF-P31391-F1-model_v4	AF-P31391-F1-model_v4 Somatostatin receptor type 4	6.341E-01	0.747	59	4	239	240	53	325	388	287	0.983	0.704
LOKIASV2_1604_ESMFold_hypothetical_protein	AF-Q08970-F1-model_v4	AF-Q08970-F1-model_v4 Mitochondrial metal transporter 2	1.506E-01	0.747	59	8	239	240	129	350	484	254	0.967	0.459
LOKIASV2_1604_ESMFold_hypothetical_protein	AF-Q6PML9-F1-model_v4	AF-Q6PML9-F1-model_v4 Zinc transporter 9	1.972E-01	0.747	59	1	224	240	224	445	568	250	0.933	0.391
LOKIASV2_1604_ESMFold_hypothetical_protein	AF-A9CMA6-F1-model_v4	AF-A9CMA6-F1-model_v4 Transmembrane protein 163	2.468E-01	0.720	58	2	238	240	81	281	288	238	0.988	0.698
LOKIASV2_1604_ESMFold_hypothetical_protein	AF-Q6DCE3-F1-model_v4	AF-Q6DCE3-F1-model_v4 Zinc transporter 9	2.062E-01	0.720	58	1	227	240	215	439	559	256	0.946	0.403
LOKIASV2_1604_ESMFold_hypothetical_protein	AF-B4N5D3-F1-model_v4	AF-B4N5D3-F1-model_v4 Protein wntless	1.039E+00	0.720	58	8	226	240	241	499	562	270	0.913	0.461
LOKIASV2_1604_ESMFold_hypothetical_protein	AF-Q5PQZ3-F1-model_v4	AF-Q5PQZ3-F1-model_v4 Zinc transporter 9	2.468E-01	0.720	58	1	224	240	229	450	573	253	0.933	0.387
LOKIASV2_1604_ESMFold_hypothetical_protein	AF-Q8C996-F1-model_v4	AF-Q8C996-F1-model_v4 Transmembrane protein 163	2.824E-01	0.692	57	2	238	240	81	281	288	238	0.988	0.698
LOKIASV2_1604_ESMFold_hypothetical_protein	AF-Q6D7E5-F1-model_v4	AF-Q6D7E5-F1-model_v4 Zinc transporter ZitB	3.380E-01	0.692	57	8	235	240	12	203	320	234	0.950	0.600
LOKIASV2_1604_ESMFold_hypothetical_protein	AF-Q8ZKR4-F1-model_v4	AF-Q8ZKR4-F1-model_v4 Cation-efflux pump FieF	3.536E-01	0.663	56	1	239	240	1	205	300	249	0.996	0.683
LOKIASV2_1604_ESMFold_hypothetical_protein	AF-B5FPR1-F1-model_v4	AF-B5FPR1-F1-model_v4 Cation-efflux pump FieF	3.536E-01	0.663	56	1	239	240	1	205	300	249	0.996	0.683
LOKIASV2_1604_ESMFold_hypothetical_protein	AF-P40113-F1-model_v4	AF-P40113-F1-model_v4 Protein RTM1	1.629E+00	0.663	56	1	237	240	18	306	309	297	0.988	0.935
LOKIASV2_1604_ESMFold_hypothetical_protein	AF-P34330-F1-model_v4	AF-P34330-F1-model_v4 Uncharacterized protein C14B9.3	1.361E+00	0.663	56	74	224	240	132	297	348	172	0.629	0.477
LOKIASV2_1604_ESMFold_hypothetical_protein	AF-Q5ZLR1-F1-model_v4	AF-Q5ZLR1-F1-model_v4 Protein wntless homolog	1.301E+00	0.663	56	8	226	240	234	488	541	260	0.913	0.471
LOKIASV2_1604_ESMFold_hypothetical_protein	AF-Q5IRJ6-F1-model_v4	AF-Q5IRJ6-F1-model_v4 Zinc transporter 9	2.582E-01	0.663	56	1	226	240	223	446	567	254	0.942	0.395
LOKIASV2_1604_ESMFold_hypothetical_protein	AF-P53735-F1-model_v4	AF-P53735-F1-model_v4 Protein ZRG17	1.647E-01	0.663	56	1	236	240	222	448	605	262	0.983	0.375
LOKIASV2_1604_ESMFold_hypothetical_protein	AF-P34571-F1-model_v4	AF-P34571-F1-model_v4 Serpentine receptor class T-55	3.657E+00	0.632	55	1	235	240	63	332	363	280	0.979	0.744
LOKIASV2_1604_ESMFold_hypothetical_protein	AF-A8WN56-F1-model_v4	AF-A8WN56-F1-model_v4 Cystinosin homolog	5.298E-01	0.632	55	1	226	240	121	355	403	244	0.942	0.583
LOKIASV2_1604_ESMFold_hypothetical_protein	AF-Q2LZ37-F1-model_v4	AF-Q2LZ37-F1-model_v4 Protein wntless	1.557E+00	0.632	55	9	226	240	242	499	562	266	0.908	0.459
LOKIASV2_1604_ESMFold_hypothetical_protein	AF-A6QQX9-F1-model_v4	AF-A6QQX9-F1-model_v4 Transmembrane protein 163	4.046E-01	0.601	54	2	238	240	80	280	287	238	0.988	0.700
LOKIASV2_1604_ESMFold_hypothetical_protein	AF-Q5PIR7-F1-model_v4	AF-Q5PIR7-F1-model_v4 Cation-efflux pump FieF	4.426E-01	0.601	54	1	239	240	1	205	300	248	0.996	0.683
LOKIASV2_1604_ESMFold_hypothetical_protein	AF-B5F0P5-F1-model_v4	AF-B5F0P5-F1-model_v4 Cation-efflux pump FieF	3.868E-01	0.601	54	1	235	240	1	201	300	244	0.979	0.670
LOKIASV2_1604_ESMFold_hypothetical_protein	AF-B5BJI1-F1-model_v4	AF-B5BJI1-F1-model_v4 Cation-efflux pump FieF	4.046E-01	0.601	54	1	235	240	1	201	300	245	0.979	0.670
LOKIASV2_1604_ESMFold_hypothetical_protein	AF-Q6Z7K5-F1-model_v4	AF-Q6Z7K5-F1-model_v4 Metal tolerance protein 3	4.232E-01	0.601	54	2	236	240	106	306	410	249	0.979	0.490
LOKIASV2_1604_ESMFold_hypothetical_protein	AF-B4PF15-F1-model_v4	AF-B4PF15-F1-model_v4 Protein wntless	2.133E+00	0.601	54	9	226	240	242	499	562	266	0.908	0.459
LOKIASV2_1604_ESMFold_hypothetical_protein	AF-Q6GLN7-F1-model_v4	AF-Q6GLN7-F1-model_v4 Transmembrane protein 163	4.630E-01	0.569	53	2	238	240	74	274	281	238	0.988	0.715
LOKIASV2_1604_ESMFold_hypothetical_protein	AF-A9MZE6-F1-model_v4	AF-A9MZE6-F1-model_v4 Cation-efflux pump FieF	4.232E-01	0.569	53	1	231	240	1	201	300	240	0.962	0.670
LOKIASV2_1604_ESMFold_hypothetical_protein	AF-Q57HF4-F1-model_v4	AF-Q57HF4-F1-model_v4 Cation-efflux pump FieF	4.426E-01	0.569	53	1	231	240	1	201	300	240	0.962	0.670
LOKIASV2_1604_ESMFold_hypothetical_protein	AF-B5RFB0-F1-model_v4	AF-B5RFB0-F1-model_v4 Cation-efflux pump FieF	5.065E-01	0.569	53	1	239	240	1	205	300	248	0.996	0.683
LOKIASV2_1604_ESMFold_hypothetical_protein	AF-Q9WV08-F1-model_v4	AF-Q9WV08-F1-model_v4 Apelin receptor	1.557E+00	0.569	53	7	239	240	28	321	377	309	0.971	0.780
LOKIASV2_1604_ESMFold_hypothetical_protein	AF-Q6QIX3-F1-model_v4	AF-Q6QIX3-F1-model_v4 Zinc transporter 3	6.632E-01	0.569	53	1	227	240	65	286	388	261	0.946	0.572
LOKIASV2_1604_ESMFold_hypothetical_protein	AF-P97441-F1-model_v4	AF-P97441-F1-model_v4 Zinc transporter 3	5.796E-01	0.569	53	1	227	240	65	286	388	265	0.946	0.572
LOKIASV2_1604_ESMFold_hypothetical_protein	AF-P42288-F1-model_v4	AF-P42288-F1-model_v4 D(1A) dopamine receptor	2.793E+00	0.569	53	5	237	240	22	350	446	333	0.971	0.738
LOKIASV2_1604_ESMFold_hypothetical_protein	AF-B4J2W3-F1-model_v4	AF-B4J2W3-F1-model_v4 Protein wntless	1.629E+00	0.569	53	8	226	240	241	499	562	272	0.913	0.461
LOKIASV2_1604_ESMFold_hypothetical_protein	AF-Q9Z210-F1-model_v4	AF-Q9Z210-F1-model_v4 Peroxisomal membrane protein 11B	9.501E-01	0.537	52	7	235	240	52	255	259	241	0.954	0.788
LOKIASV2_1604_ESMFold_hypothetical_protein	AF-Q9SI03-F1-model_v4	AF-Q9SI03-F1-model_v4 Metal tolerance protein 12	2.468E-01	0.537	52	3	236	240	25	214	300	238	0.975	0.633
LOKIASV2_1604_ESMFold_hypothetical_protein	AF-B5QWZ4-F1-model_v4	AF-B5QWZ4-F1-model_v4 Cation-efflux pump FieF	4.842E-01	0.537	52	1	231	240	1	201	300	240	0.962	0.670
LOKIASV2_1604_ESMFold_hypothetical_protein	AF-A1JHZ2-F1-model_v4	AF-A1JHZ2-F1-model_v4 Cation-efflux pump FieF	3.090E-01	0.537	52	1	231	240	1	201	300	238	0.962	0.670
LOKIASV2_1604_ESMFold_hypothetical_protein	AF-P54129-F1-model_v4	AF-P54129-F1-model_v4 Serpentine receptor class gamma-7	3.496E+00	0.537	52	2	239	240	27	313	339	290	0.992	0.847
LOKIASV2_1604_ESMFold_hypothetical_protein	AF-Q09638-F1-model_v4	AF-Q09638-F1-model_v4 Neuropeptide receptor 15	2.793E+00	0.537	52	1	239	240	1	330	345	330	0.996	0.957
LOKIASV2_1604_ESMFold_hypothetical_protein	AF-A7MB63-F1-model_v4	AF-A7MB63-F1-model_v4 Cystinosin	4.232E-01	0.537	52	1	226	240	120	354	367	253	0.942	0.640
LOKIASV2_1604_ESMFold_hypothetical_protein	AF-P30872-F1-model_v4	AF-P30872-F1-model_v4 Somatostatin receptor type 1	3.496E+00	0.537	52	4	239	240	57	337	391	290	0.983	0.719
LOKIASV2_1604_ESMFold_hypothetical_protein	AF-O80632-F1-model_v4	AF-O80632-F1-model_v4 Metal tolerance protein 11	4.046E-01	0.537	52	2	233	240	96	294	394	251	0.967	0.505
LOKIASV2_1604_ESMFold_hypothetical_protein	AF-B3M3X7-F1-model_v4	AF-B3M3X7-F1-model_v4 Protein wntless	2.039E+00	0.537	52	9	226	240	242	499	562	269	0.908	0.459
LOKIASV2_1604_ESMFold_hypothetical_protein	AF-Q9QY42-F1-model_v4	AF-Q9QY42-F1-model_v4 Prosaposin receptor GPR37	1.244E+00	0.537	52	5	234	240	248	549	600	319	0.958	0.503
LOKIASV2_1604_ESMFold_hypothetical_protein	AF-A9MI51-F1-model_v4	AF-A9MI51-F1-model_v4 Cation-efflux pump FieF	6.341E-01	0.505	51	1	239	240	1	205	300	243	0.996	0.683
LOKIASV2_1604_ESMFold_hypothetical_protein	AF-A7Z1S6-F1-model_v4	AF-A7Z1S6-F1-model_v4 Cadmium, cobalt and zinc/H(+)-K(+) antiporter	6.632E-01	0.505	51	9	235	240	13	204	313	228	0.946	0.613
LOKIASV2_1604_ESMFold_hypothetical_protein	AF-P75757-F1-model_v4	AF-P75757-F1-model_v4 Zinc transporter ZitB	5.796E-01	0.505	51	8	239	240	17	212	313	245	0.967	0.626
LOKIASV2_1604_ESMFold_hypothetical_protein	AF-P0CE46-F1-model_v4	AF-P0CE46-F1-model_v4 Zinc transporter 8	6.632E-01	0.505	51	2	231	240	63	271	368	241	0.958	0.568
LOKIASV2_1604_ESMFold_hypothetical_protein	AF-Q08E25-F1-model_v4	AF-Q08E25-F1-model_v4 Zinc transporter 3	6.937E-01	0.505	51	1	227	240	65	286	388	265	0.946	0.572
LOKIASV2_1604_ESMFold_hypothetical_protein	AF-P28646-F1-model_v4	AF-P28646-F1-model_v4 Somatostatin receptor type 1	2.441E+00	0.505	51	4	239	240	57	337	391	293	0.983	0.719
LOKIASV2_1604_ESMFold_hypothetical_protein	AF-Q09500-F1-model_v4	AF-Q09500-F1-model_v4 Cystinosin homolog	9.937E-01	0.505	51	1	226	240	122	356	404	245	0.942	0.582
LOKIASV2_1604_ESMFold_hypothetical_protein	AF-Q8H1G3-F1-model_v4	AF-Q8H1G3-F1-model_v4 Metal tolerance protein C4	8.684E-01	0.505	51	1	235	240	103	326	457	255	0.979	0.490
LOKIASV2_1604_ESMFold_hypothetical_protein	AF-Q8TC26-F1-model_v4	AF-Q8TC26-F1-model_v4 Transmembrane protein 163	7.256E-01	0.473	50	2	238	240	82	282	289	238	0.988	0.696
LOKIASV2_1604_ESMFold_hypothetical_protein	AF-Q6CZ45-F1-model_v4	AF-Q6CZ45-F1-model_v4 Cation-efflux pump FieF	7.256E-01	0.473	50	1	231	240	1	201	300	239	0.962	0.670
LOKIASV2_1604_ESMFold_hypothetical_protein	AF-B2TVQ7-F1-model_v4	AF-B2TVQ7-F1-model_v4 Cation-efflux pump FieF	7.938E-01	0.473	50	1	231	240	1	201	300	240	0.962	0.670
LOKIASV2_1604_ESMFold_hypothetical_protein	AF-B4TPS5-F1-model_v4	AF-B4TPS5-F1-model_v4 Cation-efflux pump FieF	6.937E-01	0.473	50	1	239	240	1	205	300	248	0.996	0.683
LOKIASV2_1604_ESMFold_hypothetical_protein	AF-B7MI47-F1-model_v4	AF-B7MI47-F1-model_v4 Ferrous-iron efflux pump FieF	9.501E-01	0.473	50	1	239	240	1	205	300	250	0.996	0.683
LOKIASV2_1604_ESMFold_hypothetical_protein	AF-Q8X400-F1-model_v4	AF-Q8X400-F1-model_v4 Zinc transporter ZitB	5.796E-01	0.473	50	1	239	240	11	210	311	248	0.996	0.643
LOKIASV2_1604_ESMFold_hypothetical_protein	AF-Q83SA2-F1-model_v4	AF-Q83SA2-F1-model_v4 Zinc transporter ZitB	6.062E-01	0.473	50	1	239	240	12	212	313	248	0.996	0.642
LOKIASV2_1604_ESMFold_hypothetical_protein	AF-Q5R617-F1-model_v4	AF-Q5R617-F1-model_v4 Zinc transporter 3	8.303E-01	0.473	50	1	227	240	65	286	388	265	0.946	0.572
LOKIASV2_1604_ESMFold_hypothetical_protein	AF-O45923-F1-model_v4	AF-O45923-F1-model_v4 Zinc transporter ttm-1	8.303E-01	0.473	50	2	235	240	95	310	410	252	0.975	0.527
LOKIASV2_1604_ESMFold_hypothetical_protein	AF-Q0VC54-F1-model_v4	AF-Q0VC54-F1-model_v4 Zinc transporter 6	4.630E-01	0.473	50	1	236	240	27	251	461	255	0.983	0.488
LOKIASV2_1604_ESMFold_hypothetical_protein	AF-B7LVD0-F1-model_v4	AF-B7LVD0-F1-model_v4 Ferrous-iron efflux pump FieF	9.083E-01	0.442	49	1	231	240	1	201	300	240	0.962	0.670
LOKIASV2_1604_ESMFold_hypothetical_protein	AF-B7NFL2-F1-model_v4	AF-B7NFL2-F1-model_v4 Ferrous-iron efflux pump FieF	1.137E+00	0.442	49	1	239	240	1	205	300	251	0.996	0.683
LOKIASV2_1604_ESMFold_hypothetical_protein	AF-B5XZ41-F1-model_v4	AF-B5XZ41-F1-model_v4 Cation-efflux pump FieF	6.632E-01	0.442	49	1	239	240	1	205	300	242	0.996	0.683
LOKIASV2_1604_ESMFold_hypothetical_protein	AF-B4TCJ9-F1-model_v4	AF-B4TCJ9-F1-model_v4 Cation-efflux pump FieF	7.938E-01	0.442	49	1	231	240	1	201	300	241	0.962	0.670
LOKIASV2_1604_ESMFold_hypothetical_protein	AF-Q8RR17-F1-model_v4	AF-Q8RR17-F1-model_v4 Cation-efflux pump FieF	6.341E-01	0.442	49	1	239	240	1	205	300	242	0.996	0.683
LOKIASV2_1604_ESMFold_hypothetical_protein	AF-B4T048-F1-model_v4	AF-B4T048-F1-model_v4 Cation-efflux pump FieF	7.256E-01	0.442	49	1	235	240	1	201	300	244	0.979	0.670
LOKIASV2_1604_ESMFold_hypothetical_protein	AF-B7N2Q6-F1-model_v4	AF-B7N2Q6-F1-model_v4 Ferrous-iron efflux pump FieF	1.087E+00	0.442	49	1	231	240	1	201	300	243	0.962	0.670
LOKIASV2_1604_ESMFold_hypothetical_protein	AF-Q66D85-F1-model_v4	AF-Q66D85-F1-model_v4 Zinc transporter ZitB	8.303E-01	0.442	49	1	239	240	8	204	312	244	0.996	0.631
LOKIASV2_1604_ESMFold_hypothetical_protein	AF-Q9SAJ7-F1-model_v4	AF-Q9SAJ7-F1-model_v4 Metal tolerance protein 9	6.341E-01	0.442	49	2	233	240	106	303	402	250	0.967	0.493
LOKIASV2_1604_ESMFold_hypothetical_protein	AF-B4LC58-F1-model_v4	AF-B4LC58-F1-model_v4 Protein wntless	2.553E+00	0.442	49	8	226	240	241	499	562	272	0.913	0.461
LOKIASV2_1604_ESMFold_hypothetical_protein	AF-B4GZN1-F1-model_v4	AF-B4GZN1-F1-model_v4 Protein wntless	2.441E+00	0.442	49	9	226	240	242	499	562	269	0.908	0.459
LOKIASV2_1604_ESMFold_hypothetical_protein	AF-Q8Z2W4-F1-model_v4	AF-Q8Z2W4-F1-model_v4 Cation-efflux pump FieF	7.938E-01	0.411	48	1	225	240	1	200	298	236	0.938	0.671
LOKIASV2_1604_ESMFold_hypothetical_protein	AF-B7UNN5-F1-model_v4	AF-B7UNN5-F1-model_v4 Ferrous-iron efflux pump FieF	8.684E-01	0.411	48	1	231	240	1	201	300	243	0.962	0.670
LOKIASV2_1604_ESMFold_hypothetical_protein	AF-A6TGB7-F1-model_v4	AF-A6TGB7-F1-model_v4 Cation-efflux pump FieF	6.632E-01	0.411	48	1	231	240	1	201	300	234	0.962	0.670
LOKIASV2_1604_ESMFold_hypothetical_protein	AF-A8AL14-F1-model_v4	AF-A8AL14-F1-model_v4 Cation-efflux pump FieF	6.937E-01	0.411	48	1	239	240	1	205	300	245	0.996	0.683
LOKIASV2_1604_ESMFold_hypothetical_protein	AF-B6I4Q7-F1-model_v4	AF-B6I4Q7-F1-model_v4 Ferrous-iron efflux pump FieF	1.039E+00	0.411	48	1	231	240	1	201	300	242	0.962	0.670
LOKIASV2_1604_ESMFold_hypothetical_protein	AF-B2JZA2-F1-model_v4	AF-B2JZA2-F1-model_v4 Cation-efflux pump FieF	6.937E-01	0.411	48	1	235	240	1	201	300	248	0.979	0.670
LOKIASV2_1604_ESMFold_hypothetical_protein	AF-Q66GA9-F1-model_v4	AF-Q66GA9-F1-model_v4 Cation-efflux pump FieF	7.256E-01	0.411	48	1	231	240	1	201	300	244	0.962	0.670
LOKIASV2_1604_ESMFold_hypothetical_protein	AF-Q2HJ10-F1-model_v4	AF-Q2HJ10-F1-model_v4 Zinc transporter 2	5.298E-01	0.411	48	1	235	240	59	272	371	255	0.979	0.577
LOKIASV2_1604_ESMFold_hypothetical_protein	AF-Q10PP8-F1-model_v4	AF-Q10PP8-F1-model_v4 Metal tolerance protein 4	6.062E-01	0.411	48	3	236	240	94	293	397	247	0.975	0.504
LOKIASV2_1604_ESMFold_hypothetical_protein	AF-Q5ZIH3-F1-model_v4	AF-Q5ZIH3-F1-model_v4 Zinc transporter 6	6.341E-01	0.411	48	2	236	240	28	251	460	250	0.979	0.487
LOKIASV2_1604_ESMFold_hypothetical_protein	AF-B3NGS7-F1-model_v4	AF-B3NGS7-F1-model_v4 Protein wntless	3.343E+00	0.411	48	9	226	240	242	499	562	269	0.908	0.459
LOKIASV2_1604_ESMFold_hypothetical_protein	AF-Q3SZR6-F1-model_v4	AF-Q3SZR6-F1-model_v4 Transmembrane protein 147	5.796E-01	0.382	47	8	240	240	2	224	224	242	0.971	0.996
LOKIASV2_1604_ESMFold_hypothetical_protein	AF-P69381-F1-model_v4	AF-P69381-F1-model_v4 Ferrous-iron efflux pump FieF	1.244E+00	0.382	47	1	239	240	1	205	300	250	0.996	0.683
LOKIASV2_1604_ESMFold_hypothetical_protein	AF-A4TSA8-F1-model_v4	AF-A4TSA8-F1-model_v4 Cation-efflux pump FieF	8.303E-01	0.382	47	1	231	240	1	201	300	243	0.962	0.670
LOKIASV2_1604_ESMFold_hypothetical_protein	AF-C6DHK1-F1-model_v4	AF-C6DHK1-F1-model_v4 Cation-efflux pump FieF	1.087E+00	0.382	47	1	231	240	1	201	300	242	0.962	0.670
LOKIASV2_1604_ESMFold_hypothetical_protein	AF-B7NU92-F1-model_v4	AF-B7NU92-F1-model_v4 Ferrous-iron efflux pump FieF	1.244E+00	0.382	47	1	239	240	1	205	300	250	0.996	0.683
LOKIASV2_1604_ESMFold_hypothetical_protein	AF-A9R6A2-F1-model_v4	AF-A9R6A2-F1-model_v4 Cation-efflux pump FieF	8.303E-01	0.382	47	1	231	240	1	201	300	243	0.962	0.670
LOKIASV2_1604_ESMFold_hypothetical_protein	AF-Q1CD32-F1-model_v4	AF-Q1CD32-F1-model_v4 Cation-efflux pump FieF	8.684E-01	0.382	47	1	231	240	1	201	300	243	0.962	0.670
LOKIASV2_1604_ESMFold_hypothetical_protein	AF-A4IFD7-F1-model_v4	AF-A4IFD7-F1-model_v4 Zinc transporter 7	5.298E-01	0.382	47	11	235	240	37	289	376	287	0.938	0.673
LOKIASV2_1604_ESMFold_hypothetical_protein	AF-Q10LJ2-F1-model_v4	AF-Q10LJ2-F1-model_v4 Metal tolerance protein 2	6.062E-01	0.382	47	1	231	240	69	294	389	256	0.962	0.581
LOKIASV2_1604_ESMFold_hypothetical_protein	AF-Q9VCR7-F1-model_v4	AF-Q9VCR7-F1-model_v4 Cystinosin homolog	7.256E-01	0.382	47	1	238	240	124	377	397	276	0.992	0.640
LOKIASV2_1604_ESMFold_hypothetical_protein	AF-Q57891-F1-model_v4	AF-Q57891-F1-model_v4 Uncharacterized transporter MJ0449	3.698E-01	0.353	46	3	236	240	2	201	283	241	0.975	0.707
LOKIASV2_1604_ESMFold_hypothetical_protein	AF-B1JQU5-F1-model_v4	AF-B1JQU5-F1-model_v4 Cation-efflux pump FieF	9.937E-01	0.353	46	1	231	240	1	201	300	242	0.962	0.670
LOKIASV2_1604_ESMFold_hypothetical_protein	AF-A8A719-F1-model_v4	AF-A8A719-F1-model_v4 Ferrous-iron efflux pump FieF	1.301E+00	0.353	46	1	231	240	1	201	300	243	0.962	0.670
LOKIASV2_1604_ESMFold_hypothetical_protein	AF-Q0SZA5-F1-model_v4	AF-Q0SZA5-F1-model_v4 Cation-efflux pump FieF	1.424E+00	0.353	46	1	231	240	1	201	300	241	0.962	0.670
LOKIASV2_1604_ESMFold_hypothetical_protein	AF-C5A082-F1-model_v4	AF-C5A082-F1-model_v4 Ferrous-iron efflux pump FieF	1.301E+00	0.353	46	1	231	240	1	201	300	242	0.962	0.670
LOKIASV2_1604_ESMFold_hypothetical_protein	AF-Q31U75-F1-model_v4	AF-Q31U75-F1-model_v4 Cation-efflux pump FieF	1.244E+00	0.353	46	1	231	240	1	201	300	240	0.962	0.670
LOKIASV2_1604_ESMFold_hypothetical_protein	AF-B1IVG4-F1-model_v4	AF-B1IVG4-F1-model_v4 Ferrous-iron efflux pump FieF	1.424E+00	0.353	46	1	231	240	1	201	300	242	0.962	0.670
LOKIASV2_1604_ESMFold_hypothetical_protein	AF-A8GLB1-F1-model_v4	AF-A8GLB1-F1-model_v4 Cation-efflux pump FieF	6.937E-01	0.353	46	1	231	240	1	201	300	238	0.962	0.670
LOKIASV2_1604_ESMFold_hypothetical_protein	AF-C0Q413-F1-model_v4	AF-C0Q413-F1-model_v4 Cation-efflux pump FieF	7.256E-01	0.353	46	1	235	240	1	201	300	242	0.979	0.670
LOKIASV2_1604_ESMFold_hypothetical_protein	AF-Q0TAE9-F1-model_v4	AF-Q0TAE9-F1-model_v4 Ferrous-iron efflux pump FieF	1.039E+00	0.353	46	1	231	240	1	201	300	243	0.962	0.670
LOKIASV2_1604_ESMFold_hypothetical_protein	AF-Q1C296-F1-model_v4	AF-Q1C296-F1-model_v4 Cation-efflux pump FieF	9.083E-01	0.353	46	1	231	240	1	201	300	243	0.962	0.670
LOKIASV2_1604_ESMFold_hypothetical_protein	AF-Q8ZJL7-F1-model_v4	AF-Q8ZJL7-F1-model_v4 Cation-efflux pump FieF	1.137E+00	0.353	46	1	231	240	1	201	300	240	0.962	0.670
LOKIASV2_1604_ESMFold_hypothetical_protein	AF-P9WGF5-F1-model_v4	AF-P9WGF5-F1-model_v4 Probable cation efflux system protein Rv2025c	1.361E+00	0.353	46	3	237	240	35	230	332	245	0.979	0.590
LOKIASV2_1604_ESMFold_hypothetical_protein	AF-Q62941-F1-model_v4	AF-Q62941-F1-model_v4 Zinc transporter 2	7.256E-01	0.353	46	2	227	240	47	258	359	246	0.942	0.591
LOKIASV2_1604_ESMFold_hypothetical_protein	AF-P57757-F1-model_v4	AF-P57757-F1-model_v4 Cystinosin	9.501E-01	0.353	46	1	226	240	120	354	367	249	0.942	0.640
LOKIASV2_1604_ESMFold_hypothetical_protein	AF-Q91ZY1-F1-model_v4	AF-Q91ZY1-F1-model_v4 Histamine H4 receptor	4.185E+00	0.353	46	1	239	240	12	374	391	377	0.996	0.928
LOKIASV2_1604_ESMFold_hypothetical_protein	AF-Q0WU02-F1-model_v4	AF-Q0WU02-F1-model_v4 Metal tolerance protein 10	7.256E-01	0.353	46	1	233	240	132	330	428	246	0.971	0.465
LOKIASV2_1604_ESMFold_hypothetical_protein	AF-Q8L725-F1-model_v4	AF-Q8L725-F1-model_v4 Metal tolerance protein C1	6.341E-01	0.353	46	1	231	240	66	280	471	244	0.962	0.456
LOKIASV2_1604_ESMFold_hypothetical_protein	AF-Q641Y1-F1-model_v4	AF-Q641Y1-F1-model_v4 Cytochrome b561 domain-containing protein 2	1.489E+00	0.326	45	5	240	240	13	221	222	254	0.983	0.941
LOKIASV2_1604_ESMFold_hypothetical_protein	AF-B7M6W6-F1-model_v4	AF-B7M6W6-F1-model_v4 Ferrous-iron efflux pump FieF	1.189E+00	0.326	45	1	231	240	1	201	300	243	0.962	0.670
LOKIASV2_1604_ESMFold_hypothetical_protein	AF-B1LNL8-F1-model_v4	AF-B1LNL8-F1-model_v4 Ferrous-iron efflux pump FieF	1.361E+00	0.326	45	1	231	240	1	201	300	242	0.962	0.670
LOKIASV2_1604_ESMFold_hypothetical_protein	AF-A7ZUC8-F1-model_v4	AF-A7ZUC8-F1-model_v4 Ferrous-iron efflux pump FieF	1.137E+00	0.326	45	1	231	240	1	201	300	236	0.962	0.670
LOKIASV2_1604_ESMFold_hypothetical_protein	AF-Q8FBD1-F1-model_v4	AF-Q8FBD1-F1-model_v4 Ferrous-iron efflux pump FieF	1.301E+00	0.326	45	1	231	240	1	201	300	243	0.962	0.670
LOKIASV2_1604_ESMFold_hypothetical_protein	AF-Q8ZQT3-F1-model_v4	AF-Q8ZQT3-F1-model_v4 Zinc transporter ZitB	1.137E+00	0.326	45	2	239	240	13	212	312	243	0.992	0.641
LOKIASV2_1604_ESMFold_hypothetical_protein	AF-Q8ZGY6-F1-model_v4	AF-Q8ZGY6-F1-model_v4 Zinc transporter ZitB	1.039E+00	0.326	45	1	239	240	9	204	312	244	0.996	0.628
LOKIASV2_1604_ESMFold_hypothetical_protein	AF-Q8IWU4-F1-model_v4	AF-Q8IWU4-F1-model_v4 Zinc transporter 8	9.937E-01	0.326	45	3	231	240	65	272	369	243	0.954	0.564
LOKIASV2_1604_ESMFold_hypothetical_protein	AF-B7LA12-F1-model_v4	AF-B7LA12-F1-model_v4 Ferrous-iron efflux pump FieF	1.244E+00	0.301	44	1	231	240	1	201	300	238	0.962	0.670
LOKIASV2_1604_ESMFold_hypothetical_protein	AF-Q83PD6-F1-model_v4	AF-Q83PD6-F1-model_v4 Cation-efflux pump FieF	1.557E+00	0.301	44	1	231	240	1	201	300	242	0.962	0.670
LOKIASV2_1604_ESMFold_hypothetical_protein	AF-B1XB81-F1-model_v4	AF-B1XB81-F1-model_v4 Ferrous-iron efflux pump FieF	1.704E+00	0.301	44	1	231	240	1	201	300	242	0.962	0.670
LOKIASV2_1604_ESMFold_hypothetical_protein	AF-Q8Z8B6-F1-model_v4	AF-Q8Z8B6-F1-model_v4 Zinc transporter ZitB	1.189E+00	0.301	44	2	239	240	13	212	312	246	0.992	0.641
LOKIASV2_1604_ESMFold_hypothetical_protein	AF-Q8BGG0-F1-model_v4	AF-Q8BGG0-F1-model_v4 Zinc transporter 8	1.424E+00	0.301	44	2	234	240	63	269	367	256	0.971	0.564
LOKIASV2_1604_ESMFold_hypothetical_protein	AF-Q8BJM5-F1-model_v4	AF-Q8BJM5-F1-model_v4 Zinc transporter 6	8.303E-01	0.301	44	1	236	240	27	251	460	252	0.983	0.489
LOKIASV2_1604_ESMFold_hypothetical_protein	AF-Q24114-F1-model_v4	AF-Q24114-F1-model_v4 Division abnormally delayed protein	1.039E+00	0.301	44	4	237	240	130	404	626	286	0.975	0.439
LOKIASV2_1604_ESMFold_hypothetical_protein	AF-Q9WUE3-F1-model_v4	AF-Q9WUE3-F1-model_v4 Cytochrome b561 domain-containing protein 2	1.950E+00	0.277	43	5	240	240	13	221	222	254	0.983	0.941
LOKIASV2_1604_ESMFold_hypothetical_protein	AF-O14569-F1-model_v4	AF-O14569-F1-model_v4 Cytochrome b561 domain-containing protein 2	1.361E+00	0.277	43	1	240	240	3	221	222	266	1.000	0.986
LOKIASV2_1604_ESMFold_hypothetical_protein	AF-Q3YV63-F1-model_v4	AF-Q3YV63-F1-model_v4 Cation-efflux pump FieF	1.189E+00	0.277	43	1	231	240	1	201	300	237	0.962	0.670
LOKIASV2_1604_ESMFold_hypothetical_protein	AF-A1AI91-F1-model_v4	AF-A1AI91-F1-model_v4 Ferrous-iron efflux pump FieF	1.361E+00	0.277	43	1	231	240	1	201	300	238	0.962	0.670
LOKIASV2_1604_ESMFold_hypothetical_protein	AF-P69380-F1-model_v4	AF-P69380-F1-model_v4 Ferrous-iron efflux pump FieF	1.489E+00	0.277	43	1	239	240	1	205	300	246	0.996	0.683
LOKIASV2_1604_ESMFold_hypothetical_protein	AF-Q8H329-F1-model_v4	AF-Q8H329-F1-model_v4 Metal tolerance protein 8	1.137E+00	0.277	43	1	236	240	10	230	316	264	0.983	0.699
LOKIASV2_1604_ESMFold_hypothetical_protein	AF-P94178-F1-model_v4	AF-P94178-F1-model_v4 Cation efflux system protein CzcD	9.083E-01	0.277	43	1	235	240	9	203	316	235	0.979	0.617
LOKIASV2_1604_ESMFold_hypothetical_protein	AF-Q91ZY2-F1-model_v4	AF-Q91ZY2-F1-model_v4 Histamine H4 receptor	5.994E+00	0.277	43	5	239	240	19	374	391	370	0.979	0.910
LOKIASV2_1604_ESMFold_hypothetical_protein	AF-O59758-F1-model_v4	AF-O59758-F1-model_v4 Uncharacterized metal transporter C1020.03	9.501E-01	0.277	43	3	239	240	75	290	397	256	0.988	0.544
LOKIASV2_1604_ESMFold_hypothetical_protein	AF-Q95ST2-F1-model_v4	AF-Q95ST2-F1-model_v4 Protein wntless	5.239E+00	0.277	43	9	226	240	242	531	594	301	0.908	0.488
LOKIASV2_1604_ESMFold_hypothetical_protein	AF-B5YZ52-F1-model_v4	AF-B5YZ52-F1-model_v4 Ferrous-iron efflux pump FieF	1.489E+00	0.254	42	1	231	240	1	201	300	238	0.962	0.670
LOKIASV2_1604_ESMFold_hypothetical_protein	AF-Q32A79-F1-model_v4	AF-Q32A79-F1-model_v4 Cation-efflux pump FieF	1.424E+00	0.254	42	1	231	240	1	201	300	238	0.962	0.670
LOKIASV2_1604_ESMFold_hypothetical_protein	AF-A7MQ82-F1-model_v4	AF-A7MQ82-F1-model_v4 Cation-efflux pump FieF	2.133E+00	0.254	42	1	231	240	1	201	300	239	0.962	0.670
LOKIASV2_1604_ESMFold_hypothetical_protein	AF-Q6G011-F1-model_v4	AF-Q6G011-F1-model_v4 Heme A synthase	1.704E+00	0.254	42	12	224	240	109	350	358	250	0.887	0.676
LOKIASV2_1604_ESMFold_hypothetical_protein	AF-O60931-F1-model_v4	AF-O60931-F1-model_v4 Cystinosin	1.424E+00	0.254	42	1	226	240	120	354	367	254	0.942	0.640
LOKIASV2_1604_ESMFold_hypothetical_protein	AF-Q9M2P2-F1-model_v4	AF-Q9M2P2-F1-model_v4 Putative metal tolerance protein C3	1.950E+00	0.254	42	2	236	240	107	307	411	243	0.979	0.489
LOKIASV2_1604_ESMFold_hypothetical_protein	AF-Q5NA18-F1-model_v4	AF-Q5NA18-F1-model_v4 Metal tolerance protein 5	1.361E+00	0.254	42	1	233	240	110	314	415	258	0.971	0.494
LOKIASV2_1604_ESMFold_hypothetical_protein	AF-O96011-F1-model_v4	AF-O96011-F1-model_v4 Peroxisomal membrane protein 11B	3.055E+00	0.233	41	7	235	240	52	255	259	241	0.954	0.788
LOKIASV2_1604_ESMFold_hypothetical_protein	AF-Q5I020-F1-model_v4	AF-Q5I020-F1-model_v4 Zinc transporter 8	1.557E+00	0.233	41	2	235	240	59	276	375	259	0.975	0.581
LOKIASV2_1604_ESMFold_hypothetical_protein	AF-Q5BJM8-F1-model_v4	AF-Q5BJM8-F1-model_v4 Zinc transporter 7	9.937E-01	0.233	41	2	235	240	31	291	378	300	0.975	0.690
LOKIASV2_1604_ESMFold_hypothetical_protein	AF-Q6P0D1-F1-model_v4	AF-Q6P0D1-F1-model_v4 Zinc transporter 6	1.189E+00	0.233	41	2	236	240	55	278	486	262	0.979	0.461
LOKIASV2_1604_ESMFold_hypothetical_protein	AF-Q9M9W7-F1-model_v4	AF-Q9M9W7-F1-model_v4 Putative pectinesterase/pectinesterase inhibitor 22	5.479E+00	0.233	41	1	140	240	64	211	543	154	0.583	0.273
LOKIASV2_1604_ESMFold_hypothetical_protein	AF-Q9BVK8-F1-model_v4	AF-Q9BVK8-F1-model_v4 Transmembrane protein 147	1.244E+00	0.214	40	2	240	240	7	224	224	248	0.996	0.973
LOKIASV2_1604_ESMFold_hypothetical_protein	AF-Q9CQG6-F1-model_v4	AF-Q9CQG6-F1-model_v4 Transmembrane protein 147	1.301E+00	0.214	40	2	240	240	7	224	224	248	0.996	0.973
LOKIASV2_1604_ESMFold_hypothetical_protein	AF-Q2TA63-F1-model_v4	AF-Q2TA63-F1-model_v4 Transmembrane protein 147	1.189E+00	0.214	40	2	240	240	7	224	224	250	0.996	0.973
LOKIASV2_1604_ESMFold_hypothetical_protein	AF-P46348-F1-model_v4	AF-P46348-F1-model_v4 Manganese efflux system protein MneS	1.424E+00	0.214	40	1	236	240	1	203	290	243	0.983	0.700
LOKIASV2_1604_ESMFold_hypothetical_protein	AF-Q5XHB4-F1-model_v4	AF-Q5XHB4-F1-model_v4 Zinc transporter 8	1.950E+00	0.214	40	2	227	240	58	273	374	251	0.942	0.578
LOKIASV2_1604_ESMFold_hypothetical_protein	AF-Q6ICY4-F1-model_v4	AF-Q6ICY4-F1-model_v4 Metal tolerance protein C2	2.921E+00	0.214	40	1	236	240	107	308	393	254	0.983	0.514
LOKIASV2_1604_ESMFold_hypothetical_protein	AF-Q6GPY1-F1-model_v4	AF-Q6GPY1-F1-model_v4 Zinc transporter 6-B	1.424E+00	0.214	40	2	236	240	28	251	462	254	0.979	0.485
LOKIASV2_1604_ESMFold_hypothetical_protein	AF-Q6DID7-F1-model_v4	AF-Q6DID7-F1-model_v4 Protein wntless homolog	2.133E+00	0.214	40	8	222	240	234	492	541	277	0.896	0.479
LOKIASV2_1604_ESMFold_hypothetical_protein	AF-O83685-F1-model_v4	AF-O83685-F1-model_v4 Uncharacterized protein TP_0679	8.982E+00	0.196	39	1	94	240	1	101	105	101	0.392	0.962
LOKIASV2_1604_ESMFold_hypothetical_protein	AF-I6VSD2-F1-model_v4	AF-I6VSD2-F1-model_v4 Transmembrane protein 147	1.424E+00	0.196	39	2	240	240	7	224	224	248	0.996	0.973
LOKIASV2_1604_ESMFold_hypothetical_protein	AF-Q148K5-F1-model_v4	AF-Q148K5-F1-model_v4 Peroxisomal membrane protein 11B	3.825E+00	0.196	39	7	235	240	52	254	258	243	0.954	0.787
LOKIASV2_1604_ESMFold_hypothetical_protein	AF-P30873-F1-model_v4	AF-P30873-F1-model_v4 Somatostatin receptor type 1	6.270E+00	0.196	39	4	240	240	57	335	391	293	0.988	0.714
LOKIASV2_1604_ESMFold_hypothetical_protein	AF-Q6L4D2-F1-model_v4	AF-Q6L4D2-F1-model_v4 Membrane protein PM19L	5.239E+00	0.179	38	4	140	240	12	151	173	147	0.571	0.809
LOKIASV2_1604_ESMFold_hypothetical_protein	AF-P17261-F1-model_v4	AF-P17261-F1-model_v4 Cystine transporter	3.196E+00	0.179	38	1	239	240	1	254	260	265	0.996	0.977
LOKIASV2_1604_ESMFold_hypothetical_protein	AF-P13512-F1-model_v4	AF-P13512-F1-model_v4 Metal cation efflux system protein CzcD	1.629E+00	0.179	38	1	235	240	9	203	316	235	0.979	0.617
LOKIASV2_1604_ESMFold_hypothetical_protein	AF-Q8NEW0-F1-model_v4	AF-Q8NEW0-F1-model_v4 Zinc transporter 7	1.864E+00	0.179	38	2	235	240	31	289	376	296	0.975	0.689
LOKIASV2_1604_ESMFold_hypothetical_protein	AF-Q9JKN1-F1-model_v4	AF-Q9JKN1-F1-model_v4 Zinc transporter 7	1.864E+00	0.179	38	11	237	240	37	309	378	303	0.946	0.722
LOKIASV2_1604_ESMFold_hypothetical_protein	AF-Q6NXT4-F1-model_v4	AF-Q6NXT4-F1-model_v4 Zinc transporter 6	1.782E+00	0.179	38	1	236	240	27	251	461	256	0.983	0.488
LOKIASV2_1604_ESMFold_hypothetical_protein	AF-Q5I0B2-F1-model_v4	AF-Q5I0B2-F1-model_v4 Zinc transporter 6	2.441E+00	0.179	38	2	236	240	28	251	464	250	0.979	0.483
LOKIASV2_1604_ESMFold_hypothetical_protein	AF-Q6NRS6-F1-model_v4	AF-Q6NRS6-F1-model_v4 DNA damage-regulated autophagy modulator protein 1	3.496E+00	0.164	37	17	233	240	11	226	239	243	0.904	0.904
LOKIASV2_1604_ESMFold_hypothetical_protein	AF-Q9M271-F1-model_v4	AF-Q9M271-F1-model_v4 Metal tolerance protein A1	9.501E-01	0.164	37	3	227	240	31	249	334	260	0.938	0.656
LOKIASV2_1604_ESMFold_hypothetical_protein	AF-A0PJX8-F1-model_v4	AF-A0PJX8-F1-model_v4 Transmembrane protein 82	1.189E+00	0.164	37	2	236	240	20	313	343	303	0.979	0.857
LOKIASV2_1604_ESMFold_hypothetical_protein	AF-Q6AZN8-F1-model_v4	AF-Q6AZN8-F1-model_v4 Zinc transporter 6-A	2.039E+00	0.164	37	2	236	240	28	251	464	259	0.979	0.483
LOKIASV2_1604_ESMFold_hypothetical_protein	AF-Q6DG36-F1-model_v4	AF-Q6DG36-F1-model_v4 Zinc transporter 5	2.670E+00	0.164	37	3	233	240	400	653	775	286	0.962	0.328
LOKIASV2_1604_ESMFold_hypothetical_protein	AF-Q54JW5-F1-model_v4	AF-Q54JW5-F1-model_v4 Sugar transporter SWEET1	4.001E+00	0.150	36	2	226	240	4	212	220	242	0.938	0.950
LOKIASV2_1604_ESMFold_hypothetical_protein	AF-P9WEY0-F1-model_v4	AF-P9WEY0-F1-model_v4 Terpene cyclase dpfgB	2.921E+00	0.150	36	2	238	240	10	241	242	247	0.988	0.959
LOKIASV2_1604_ESMFold_hypothetical_protein	AF-Q9Z211-F1-model_v4	AF-Q9Z211-F1-model_v4 Peroxisomal membrane protein 11A	2.553E+00	0.150	36	12	229	240	57	240	246	229	0.908	0.748
LOKIASV2_1604_ESMFold_hypothetical_protein	AF-P48257-F1-model_v4	AF-P48257-F1-model_v4 Cytochrome c biogenesis protein CcsA	9.501E-01	0.150	36	1	225	240	1	308	322	318	0.938	0.957
LOKIASV2_1604_ESMFold_hypothetical_protein	AF-Q6G3L5-F1-model_v4	AF-Q6G3L5-F1-model_v4 Heme A synthase	3.825E+00	0.150	36	19	224	240	116	350	358	247	0.858	0.656
LOKIASV2_1604_ESMFold_hypothetical_protein	AF-Q7YWX7-F1-model_v4	AF-Q7YWX7-F1-model_v4 Protein wntless homolog	3.055E+00	0.150	36	6	226	240	239	500	549	281	0.921	0.477
LOKIASV2_1604_ESMFold_hypothetical_protein	AF-Q5EAK8-F1-model_v4	AF-Q5EAK8-F1-model_v4 DNA damage-regulated autophagy modulator protein 1	4.578E+00	0.138	35	17	233	240	11	226	239	243	0.904	0.904
LOKIASV2_1604_ESMFold_hypothetical_protein	AF-O81415-F1-model_v4	AF-O81415-F1-model_v4 Probable pectinesterase/pectinesterase inhibitor 39	8.982E+00	0.138	35	1	130	240	50	185	532	149	0.542	0.256
LOKIASV2_1604_ESMFold_hypothetical_protein	AF-B4HEB1-F1-model_v4	AF-B4HEB1-F1-model_v4 Protein wntless	9.394E+00	0.138	35	9	226	240	242	499	562	266	0.908	0.459
LOKIASV2_1604_ESMFold_hypothetical_protein	AF-Q8TAD4-F1-model_v4	AF-Q8TAD4-F1-model_v4 Zinc transporter 5	2.670E+00	0.138	35	3	233	240	404	643	765	275	0.962	0.314
LOKIASV2_1604_ESMFold_hypothetical_protein	AF-A0A097ZPD8-F1-model_v4	AF-A0A097ZPD8-F1-model_v4 Terpene cyclase andB	3.196E+00	0.126	34	1	238	240	7	225	236	255	0.992	0.928
LOKIASV2_1604_ESMFold_hypothetical_protein	AF-A8XST1-F1-model_v4	AF-A8XST1-F1-model_v4 Post-GPI attachment to proteins factor 2	3.343E+00	0.126	34	9	225	240	14	232	263	250	0.904	0.833
LOKIASV2_1604_ESMFold_hypothetical_protein	AF-B9KW13-F1-model_v4	AF-B9KW13-F1-model_v4 Heme A synthase	2.039E+00	0.126	34	1	224	240	144	378	391	256	0.933	0.601
LOKIASV2_1604_ESMFold_hypothetical_protein	AF-Q8PNV2-F1-model_v4	AF-Q8PNV2-F1-model_v4 UPF0761 membrane protein XAC0937	7.938E-01	0.126	34	3	222	240	32	273	422	258	0.917	0.573
LOKIASV2_1604_ESMFold_hypothetical_protein	AF-Q28I03-F1-model_v4	AF-Q28I03-F1-model_v4 Uncharacterized protein C1orf109 homolog	5.008E+00	0.116	33	1	237	240	1	192	204	253	0.988	0.941
LOKIASV2_1604_ESMFold_hypothetical_protein	AF-Q5E965-F1-model_v4	AF-Q5E965-F1-model_v4 Transmembrane reductase CYB561D2	5.239E+00	0.116	33	5	240	240	13	221	222	256	0.983	0.941
LOKIASV2_1604_ESMFold_hypothetical_protein	AF-A2AE42-F1-model_v4	AF-A2AE42-F1-model_v4 Cytochrome b561 domain-containing protein 1	8.210E+00	0.116	33	1	230	240	16	225	229	247	0.958	0.917
LOKIASV2_1604_ESMFold_hypothetical_protein	AF-Q5MNV6-F1-model_v4	AF-Q5MNV6-F1-model_v4 Zinc transporter 7	4.001E+00	0.116	33	3	237	240	32	309	378	311	0.979	0.735
LOKIASV2_1604_ESMFold_hypothetical_protein	AF-Q99726-F1-model_v4	AF-Q99726-F1-model_v4 Zinc transporter 3	1.489E+00	0.116	33	2	233	240	73	287	388	275	0.967	0.554
LOKIASV2_1604_ESMFold_hypothetical_protein	AF-Q9LXS1-F1-model_v4	AF-Q9LXS1-F1-model_v4 Metal tolerance protein A2	2.670E+00	0.116	33	2	227	240	66	307	393	286	0.942	0.616
LOKIASV2_1604_ESMFold_hypothetical_protein	AF-A7TQE6-F1-model_v4	AF-A7TQE6-F1-model_v4 Probable metalloreductase AIM14	1.864E+00	0.116	33	1	235	240	8	227	519	258	0.979	0.424
LOKIASV2_1604_ESMFold_hypothetical_protein	AF-B4L184-F1-model_v4	AF-B4L184-F1-model_v4 Protein wntless	2.670E+00	0.116	33	8	226	240	241	499	562	278	0.913	0.461
LOKIASV2_1604_ESMFold_hypothetical_protein	AF-Q54F34-F1-model_v4	AF-Q54F34-F1-model_v4 Probable zinc transporter protein DDB_G0291141	4.788E+00	0.116	33	3	240	240	394	642	770	282	0.992	0.323
LOKIASV2_1604_ESMFold_hypothetical_protein	AF-P96706-F1-model_v4	AF-P96706-F1-model_v4 Putative membrane protein YdgH	3.343E+00	0.116	33	2	235	240	471	817	885	359	0.975	0.392
LOKIASV2_1604_ESMFold_hypothetical_protein	AF-Q9SIC6-F1-model_v4	AF-Q9SIC6-F1-model_v4 Pectinesterase inhibitor 5	6.859E+00	0.106	32	1	117	240	57	167	179	121	0.488	0.620
LOKIASV2_1604_ESMFold_hypothetical_protein	AF-A9N9B0-F1-model_v4	AF-A9N9B0-F1-model_v4 UPF0761 membrane protein COXBURSA331_A1765	1.864E+00	0.106	32	2	223	240	10	268	278	281	0.925	0.932
LOKIASV2_1604_ESMFold_hypothetical_protein	AF-Q0WPS2-F1-model_v4	AF-Q0WPS2-F1-model_v4 Cytochrome b561 domain-containing protein At4g18260	5.994E+00	0.106	32	2	202	240	51	230	284	209	0.837	0.634
LOKIASV2_1604_ESMFold_hypothetical_protein	AF-Q6ENA8-F1-model_v4	AF-Q6ENA8-F1-model_v4 Cytochrome c biogenesis protein CcsA	2.921E+00	0.106	32	4	225	240	6	304	321	310	0.925	0.931
LOKIASV2_1604_ESMFold_hypothetical_protein	AF-Q6DBM8-F1-model_v4	AF-Q6DBM8-F1-model_v4 Metal tolerance protein B	6.270E+00	0.106	32	2	231	240	48	291	375	278	0.958	0.651
LOKIASV2_1604_ESMFold_hypothetical_protein	AF-A5PMX1-F1-model_v4	AF-A5PMX1-F1-model_v4 Zinc transporter 7	4.578E+00	0.106	32	11	235	240	37	300	387	299	0.938	0.682
LOKIASV2_1604_ESMFold_hypothetical_protein	AF-Q02969-F1-model_v4	AF-Q02969-F1-model_v4 Peroxisomal membrane protein PEX25	4.788E+00	0.106	32	12	239	240	169	389	394	241	0.950	0.561
LOKIASV2_1604_ESMFold_hypothetical_protein	AF-Q15FB1-F1-model_v4	AF-Q15FB1-F1-model_v4 Terpene cyclase ltmB	4.578E+00	0.098	31	2	226	240	11	226	227	244	0.938	0.952
LOKIASV2_1604_ESMFold_hypothetical_protein	AF-Q8N8Q1-F1-model_v4	AF-Q8N8Q1-F1-model_v4 Cytochrome b561 domain-containing protein 1	6.270E+00	0.098	31	1	227	240	16	219	229	243	0.946	0.891
LOKIASV2_1604_ESMFold_hypothetical_protein	AF-Q10333-F1-model_v4	AF-Q10333-F1-model_v4 Peroxisomal biogenesis factor 11	5.479E+00	0.098	31	8	224	240	62	236	238	224	0.904	0.735
LOKIASV2_1604_ESMFold_hypothetical_protein	AF-B8F6K4-F1-model_v4	AF-B8F6K4-F1-model_v4 UPF0761 membrane protein HAPS_1376	1.189E+00	0.098	31	4	238	240	6	271	282	297	0.979	0.943
LOKIASV2_1604_ESMFold_hypothetical_protein	AF-P96610-F1-model_v4	AF-P96610-F1-model_v4 Uncharacterized transporter YdbO	3.196E+00	0.098	31	2	236	240	11	203	290	242	0.979	0.666
LOKIASV2_1604_ESMFold_hypothetical_protein	AF-P0C375-F1-model_v4	AF-P0C375-F1-model_v4 Cytochrome c biogenesis protein CcsA	3.657E+00	0.098	31	4	225	240	6	304	321	310	0.925	0.931
LOKIASV2_1604_ESMFold_hypothetical_protein	AF-Q8R115-F1-model_v4	AF-Q8R115-F1-model_v4 Transmembrane protein 82	2.441E+00	0.098	31	4	236	240	26	313	356	296	0.971	0.809
LOKIASV2_1604_ESMFold_hypothetical_protein	AF-B7KV80-F1-model_v4	AF-B7KV80-F1-model_v4 Heme A synthase	6.270E+00	0.098	31	1	224	240	134	356	382	253	0.933	0.584
LOKIASV2_1604_ESMFold_hypothetical_protein	AF-Q9LDU0-F1-model_v4	AF-Q9LDU0-F1-model_v4 Metal tolerance protein 7	4.001E+00	0.098	31	1	233	240	90	292	391	245	0.971	0.519
LOKIASV2_1604_ESMFold_hypothetical_protein	AF-A1WPD7-F1-model_v4	AF-A1WPD7-F1-model_v4 UPF0761 membrane protein Veis_3782	1.557E+00	0.098	31	2	223	240	40	284	417	260	0.925	0.588
LOKIASV2_1604_ESMFold_hypothetical_protein	AF-B4QPR1-F1-model_v4	AF-B4QPR1-F1-model_v4 Protein wntless	4.788E+00	0.098	31	8	226	240	241	499	562	277	0.913	0.461
LOKIASV2_1604_ESMFold_hypothetical_protein	AF-Q6PFS5-F1-model_v4	AF-Q6PFS5-F1-model_v4 ER lumen protein-retaining receptor 3	4.185E+00	0.090	30	1	227	240	1	201	215	235	0.946	0.935
LOKIASV2_1604_ESMFold_hypothetical_protein	AF-Q8N682-F1-model_v4	AF-Q8N682-F1-model_v4 DNA damage-regulated autophagy modulator protein 1	7.849E+00	0.090	30	10	227	240	10	221	238	249	0.908	0.891
LOKIASV2_1604_ESMFold_hypothetical_protein	AF-B6J454-F1-model_v4	AF-B6J454-F1-model_v4 UPF0761 membrane protein CbuG_0433	1.782E+00	0.090	30	2	223	240	10	268	278	274	0.925	0.932
LOKIASV2_1604_ESMFold_hypothetical_protein	AF-Q8ZST3-F1-model_v4	AF-Q8ZST3-F1-model_v4 Protoheme IX farnesyltransferase 2	4.185E+00	0.090	30	47	228	240	129	280	280	195	0.758	0.543
LOKIASV2_1604_ESMFold_hypothetical_protein	AF-Q6LLR8-F1-model_v4	AF-Q6LLR8-F1-model_v4 UPF0761 membrane protein PBPRA3489	1.424E+00	0.090	30	4	235	240	21	287	319	289	0.967	0.837
LOKIASV2_1604_ESMFold_hypothetical_protein	AF-Q753T9-F1-model_v4	AF-Q753T9-F1-model_v4 GDP-mannose transporter	1.244E+00	0.090	30	1	235	240	77	276	329	247	0.979	0.608
LOKIASV2_1604_ESMFold_hypothetical_protein	AF-B1ZGD8-F1-model_v4	AF-B1ZGD8-F1-model_v4 Heme A synthase	4.788E+00	0.090	30	1	225	240	134	356	381	254	0.938	0.585
LOKIASV2_1604_ESMFold_hypothetical_protein	AF-Q9D7S1-F1-model_v4	AF-Q9D7S1-F1-model_v4 Transmembrane protein 54	6.558E+00	0.082	29	3	235	240	19	184	219	238	0.971	0.758
LOKIASV2_1604_ESMFold_hypothetical_protein	AF-Q497B3-F1-model_v4	AF-Q497B3-F1-model_v4 Keratinocyte-associated protein 3	6.270E+00	0.082	29	3	239	240	20	210	240	251	0.988	0.796
LOKIASV2_1604_ESMFold_hypothetical_protein	AF-K2RU64-F1-model_v4	AF-K2RU64-F1-model_v4 Terpene cyclase dpmpB	4.578E+00	0.082	29	2	240	240	10	243	243	259	0.996	0.963
LOKIASV2_1604_ESMFold_hypothetical_protein	AF-Q60HE7-F1-model_v4	AF-Q60HE7-F1-model_v4 Membrane protein MLC1	6.270E+00	0.082	29	3	238	240	50	332	377	301	0.983	0.751
LOKIASV2_1604_ESMFold_hypothetical_protein	AF-Q15049-F1-model_v4	AF-Q15049-F1-model_v4 Membrane protein MLC1	4.788E+00	0.082	29	2	239	240	49	340	377	314	0.992	0.775
LOKIASV2_1604_ESMFold_hypothetical_protein	AF-C7RCQ5-F1-model_v4	AF-C7RCQ5-F1-model_v4 UPF0761 membrane protein Kkor_1635	1.557E+00	0.082	29	3	227	240	9	263	397	276	0.938	0.642
LOKIASV2_1604_ESMFold_hypothetical_protein	AF-Q9STU3-F1-model_v4	AF-Q9STU3-F1-model_v4 RINT1-like protein MAG2	6.270E+00	0.082	29	3	238	240	129	402	795	285	0.983	0.345
LOKIASV2_1604_ESMFold_hypothetical_protein	AF-A0A1E1FFM9-F1-model_v4	AF-A0A1E1FFM9-F1-model_v4 Terpene cyclase prhH	7.849E+00	0.076	28	4	240	240	20	245	245	252	0.988	0.922
LOKIASV2_1604_ESMFold_hypothetical_protein	AF-Q11J69-F1-model_v4	AF-Q11J69-F1-model_v4 Heme A synthase	9.826E+00	0.076	28	1	224	240	131	350	361	250	0.933	0.609
LOKIASV2_1604_ESMFold_hypothetical_protein	AF-Q688R1-F1-model_v4	AF-Q688R1-F1-model_v4 Metal tolerance protein 1	4.377E+00	0.076	28	3	160	240	56	180	418	163	0.658	0.299
LOKIASV2_1604_ESMFold_hypothetical_protein	AF-O65451-F1-model_v4	AF-O65451-F1-model_v4 Probable F-box protein At4g22030	9.394E+00	0.076	28	2	239	240	75	353	626	302	0.992	0.446
LOKIASV2_1604_ESMFold_hypothetical_protein	AF-Q59038-F1-model_v4	AF-Q59038-F1-model_v4 Uncharacterized protein MJ1644	4.788E+00	0.069	27	40	218	240	2	166	177	193	0.746	0.932
LOKIASV2_1604_ESMFold_hypothetical_protein	AF-A5UAL3-F1-model_v4	AF-A5UAL3-F1-model_v4 UPF0761 membrane protein CGSHiEE_01670	2.441E+00	0.069	27	2	240	240	21	269	269	273	0.996	0.926
LOKIASV2_1604_ESMFold_hypothetical_protein	AF-B1WP68-F1-model_v4	AF-B1WP68-F1-model_v4 Cytochrome c biogenesis protein CcsA	6.270E+00	0.069	27	1	225	240	1	321	335	344	0.938	0.958
LOKIASV2_1604_ESMFold_hypothetical_protein	AF-Q8IXU6-F1-model_v4	AF-Q8IXU6-F1-model_v4 Solute carrier family 35 member F2	3.496E+00	0.069	27	4	222	240	120	333	374	237	0.913	0.572
LOKIASV2_1604_ESMFold_hypothetical_protein	AF-Q9SJ74-F1-model_v4	AF-Q9SJ74-F1-model_v4 Cytochrome b561 and DOMON domain-containing protein At2g04850	5.479E+00	0.069	27	68	236	240	205	354	404	177	0.704	0.371
LOKIASV2_1604_ESMFold_hypothetical_protein	AF-B2SQM8-F1-model_v4	AF-B2SQM8-F1-model_v4 UPF0761 membrane protein PXO_04555	4.001E+00	0.069	27	3	222	240	35	276	425	253	0.917	0.569
LOKIASV2_1604_ESMFold_hypothetical_protein	AF-Q6GLP0-F1-model_v4	AF-Q6GLP0-F1-model_v4 Catenin alpha-2	8.587E+00	0.069	27	1	224	240	54	257	966	239	0.933	0.211
LOKIASV2_1604_ESMFold_hypothetical_protein	AF-Q4W1W1-F1-model_v4	AF-Q4W1W1-F1-model_v4 Very-long-chain (3R)-3-hydroxyacyl-CoA dehydratase 1	6.270E+00	0.063	26	2	207	240	31	241	249	248	0.858	0.847
LOKIASV2_1604_ESMFold_hypothetical_protein	AF-P53337-F1-model_v4	AF-P53337-F1-model_v4 ER-derived vesicles protein ERV29	3.825E+00	0.063	26	4	240	240	67	310	310	280	0.988	0.787
LOKIASV2_1604_ESMFold_hypothetical_protein	AF-P0C377-F1-model_v4	AF-P0C377-F1-model_v4 Cytochrome c biogenesis protein CcsA	5.239E+00	0.063	26	4	223	240	3	299	321	313	0.917	0.925
LOKIASV2_1604_ESMFold_hypothetical_protein	AF-Q8AXS6-F1-model_v4	AF-Q8AXS6-F1-model_v4 Solute carrier family 35 member B1	5.239E+00	0.063	26	1	223	240	108	313	323	240	0.929	0.638
LOKIASV2_1604_ESMFold_hypothetical_protein	AF-Q8IKD3-F1-model_v4	AF-Q8IKD3-F1-model_v4 Phosphodiesterase	7.175E+00	0.057	25	1	235	240	38	243	815	254	0.979	0.253
LOKIASV2_1604_ESMFold_hypothetical_protein	AF-Q60610-F1-model_v4	AF-Q60610-F1-model_v4 T-lymphoma invasion and metastasis-inducing protein 1	8.982E+00	0.057	25	2	201	240	1042	1242	1591	214	0.833	0.126
LOKIASV2_1604_ESMFold_hypothetical_protein	AF-Q66HX0-F1-model_v4	AF-Q66HX0-F1-model_v4 Solute carrier family 35 member B1	4.788E+00	0.051	24	4	220	240	99	316	329	239	0.904	0.663
LOKIASV2_1604_ESMFold_hypothetical_protein	AF-A6U7T3-F1-model_v4	AF-A6U7T3-F1-model_v4 Heme A synthase	8.210E+00	0.051	24	1	226	240	133	354	367	268	0.942	0.605
LOKIASV2_1604_ESMFold_hypothetical_protein	AF-Q6YC49-F1-model_v4	AF-Q6YC49-F1-model_v4 UDP-N-acetylglucosamine transporter	4.788E+00	0.045	23	1	221	240	108	313	326	237	0.921	0.632
LOKIASV2_1604_ESMFold_hypothetical_protein	AF-Q9SUD5-F1-model_v4	AF-Q9SUD5-F1-model_v4 WAT1-related protein At4g28040	2.441E+00	0.045	23	1	235	240	34	268	359	288	0.979	0.655
LOKIASV2_1604_ESMFold_hypothetical_protein	AF-Q8VWF1-F1-model_v4	AF-Q8VWF1-F1-model_v4 SH3 domain-containing protein 2	7.175E+00	0.045	23	7	237	240	35	224	368	240	0.962	0.516
LOKIASV2_1604_ESMFold_hypothetical_protein	AF-O14863-F1-model_v4	AF-O14863-F1-model_v4 Zinc transporter 4	7.849E+00	0.045	23	11	234	240	113	325	429	259	0.933	0.497
LOKIASV2_1604_ESMFold_hypothetical_protein	AF-Q8IY95-F1-model_v4	AF-Q8IY95-F1-model_v4 Transmembrane protein 192	9.394E+00	0.040	22	53	238	240	14	210	271	226	0.775	0.727
LOKIASV2_1604_ESMFold_hypothetical_protein	AF-O93655-F1-model_v4	AF-O93655-F1-model_v4 Tricorn protease-interacting factor F3	8.982E+00	0.040	22	2	238	240	539	777	780	273	0.988	0.306
LOKIASV2_1604_ESMFold_hypothetical_protein	AF-J7FIJ6-F1-model_v4	AF-J7FIJ6-F1-model_v4 Terpene cyclase idtB	6.859E+00	0.034	21	4	238	240	35	238	239	248	0.979	0.854
LOKIASV2_1604_ESMFold_hypothetical_protein	AF-O66760-F1-model_v4	AF-O66760-F1-model_v4 Uncharacterized protein aq_453	9.394E+00	0.029	20	1	224	240	1	252	257	263	0.933	0.981
LOKIASV2_1604_ESMFold_hypothetical_protein	AF-Q4R6X9-F1-model_v4	AF-Q4R6X9-F1-model_v4 Dynein regulatory complex subunit 3	8.982E+00	0.029	20	12	237	240	298	482	523	237	0.942	0.354
LOKIASV2_1604_ESMFold_hypothetical_protein	AF-B5R3V6-F1-model_v4	AF-B5R3V6-F1-model_v4 Sulfate transporter CysZ	9.394E+00	0.024	19	2	222	240	29	243	253	254	0.921	0.850
LOKIASV2_1604_ESMFold_hypothetical_protein	AF-Q8IN23-F1-model_v4	AF-Q8IN23-F1-model_v4 Putative gustatory receptor 93b	7.849E+00	0.024	19	1	238	240	51	330	395	299	0.992	0.709
LOKIASV2_1604_ESMFold_hypothetical_protein	AF-Q9W1U5-F1-model_v4	AF-Q9W1U5-F1-model_v4 Putative gustatory receptor 59c	6.859E+00	0.024	19	4	238	240	78	312	397	281	0.979	0.592
LOKIASV2_1604_ESMFold_hypothetical_protein	AF-Q9SYZ7-F1-model_v4	AF-Q9SYZ7-F1-model_v4 UPF0496 protein At4g34320	9.394E+00	0.020	18	2	235	240	96	362	374	289	0.975	0.714
LOKIASV2_1604_ESMFold_hypothetical_protein	AF-C1H5F1-F1-model_v4	AF-C1H5F1-F1-model_v4 Uncharacterized protein	2.270E-03	1.000	167	1	239	240	9	280	388	275	0.996	0.701
LOKIASV2_1604_ESMFold_hypothetical_protein	AF-A0A0R0JGJ1-F1-model_v4	AF-A0A0R0JGJ1-F1-model_v4 Uncharacterized protein	2.270E-03	1.000	154	2	239	240	12	296	323	287	0.992	0.882
LOKIASV2_1604_ESMFold_hypothetical_protein	AF-A0A175VRT4-F1-model_v4	AF-A0A175VRT4-F1-model_v4 Uncharacterized protein	1.733E-03	1.000	153	4	239	240	9	249	272	247	0.983	0.886
LOKIASV2_1604_ESMFold_hypothetical_protein	AF-P59543-F1-model_v4	AF-P59543-F1-model_v4 Taste receptor type 2 member 20	2.170E-03	1.000	153	1	239	240	2	290	309	293	0.996	0.935
LOKIASV2_1604_ESMFold_hypothetical_protein	AF-U7Q5Z2-F1-model_v4	AF-U7Q5Z2-F1-model_v4 Uncharacterized protein	2.075E-03	1.000	153	2	238	240	22	285	395	270	0.988	0.668
LOKIASV2_1604_ESMFold_hypothetical_protein	AF-U7Q256-F1-model_v4	AF-U7Q256-F1-model_v4 Uncharacterized protein	2.170E-03	1.000	153	2	239	240	10	273	427	271	0.992	0.618
LOKIASV2_1604_ESMFold_hypothetical_protein	AF-A0A0D2F245-F1-model_v4	AF-A0A0D2F245-F1-model_v4 Unplaced genomic scaffold supercont1.4, whole genome shotgun sequence	1.813E-03	1.000	150	3	234	240	4	264	338	266	0.967	0.772
LOKIASV2_1604_ESMFold_hypothetical_protein	AF-A0A0K0EMH6-F1-model_v4	AF-A0A0K0EMH6-F1-model_v4 Uncharacterized protein	2.270E-03	1.000	149	1	238	240	18	307	322	300	0.992	0.901
LOKIASV2_1604_ESMFold_hypothetical_protein	AF-I1KNS8-F1-model_v4	AF-I1KNS8-F1-model_v4 Uncharacterized protein	9.997E-03	1.000	143	2	239	240	9	275	309	272	0.992	0.864
LOKIASV2_1604_ESMFold_hypothetical_protein	AF-A0A0D2E1S9-F1-model_v4	AF-A0A0D2E1S9-F1-model_v4 Unplaced genomic scaffold supercont1.2, whole genome shotgun sequence	4.070E-03	1.000	142	1	239	240	16	257	309	256	0.996	0.783
LOKIASV2_1604_ESMFold_hypothetical_protein	AF-A0A0D2F8A9-F1-model_v4	AF-A0A0D2F8A9-F1-model_v4 Unplaced genomic scaffold supercont1.2, whole genome shotgun sequence	1.252E-02	1.000	142	1	240	240	27	272	356	259	1.000	0.691
LOKIASV2_1604_ESMFold_hypothetical_protein	AF-A0A175WEI1-F1-model_v4	AF-A0A175WEI1-F1-model_v4 Uncharacterized protein	2.841E-03	1.000	142	2	237	240	9	263	362	265	0.983	0.704
LOKIASV2_1604_ESMFold_hypothetical_protein	AF-C0NXU7-F1-model_v4	AF-C0NXU7-F1-model_v4 Uncharacterized protein	1.197E-02	1.000	142	1	239	240	8	279	385	274	0.996	0.706
LOKIASV2_1604_ESMFold_hypothetical_protein	AF-U7PT45-F1-model_v4	AF-U7PT45-F1-model_v4 Uncharacterized protein	8.736E-03	1.000	142	1	236	240	5	273	403	272	0.983	0.667
LOKIASV2_1604_ESMFold_hypothetical_protein	AF-A0A0K0JJD3-F1-model_v4	AF-A0A0K0JJD3-F1-model_v4 Bm5554	2.841E-03	1.000	141	3	238	240	204	476	505	282	0.983	0.541
LOKIASV2_1604_ESMFold_hypothetical_protein	AF-A0A0P0WB29-F1-model_v4	AF-A0A0P0WB29-F1-model_v4 Os04g0443700 protein	6.099E-03	1.000	140	1	240	240	104	408	421	307	1.000	0.724
LOKIASV2_1604_ESMFold_hypothetical_protein	AF-Q54LH2-F1-model_v4	AF-Q54LH2-F1-model_v4 Uncharacterized protein	7.635E-03	1.000	139	1	239	240	1	301	519	305	0.996	0.580
LOKIASV2_1604_ESMFold_hypothetical_protein	AF-A0A0D2GTD4-F1-model_v4	AF-A0A0D2GTD4-F1-model_v4 Unplaced genomic scaffold supercont1.2, whole genome shotgun sequence	2.051E-02	1.000	138	1	235	240	55	293	507	248	0.979	0.471
LOKIASV2_1604_ESMFold_hypothetical_protein	AF-I1JYK9-F1-model_v4	AF-I1JYK9-F1-model_v4 Uncharacterized protein	1.144E-02	1.000	137	2	238	240	12	294	322	284	0.988	0.879
LOKIASV2_1604_ESMFold_hypothetical_protein	AF-A0A0K0E7L6-F1-model_v4	AF-A0A0K0E7L6-F1-model_v4 Uncharacterized protein	6.379E-03	1.000	137	4	239	240	42	312	337	280	0.983	0.804
LOKIASV2_1604_ESMFold_hypothetical_protein	AF-A0A175W5G0-F1-model_v4	AF-A0A175W5G0-F1-model_v4 Uncharacterized protein	6.099E-03	1.000	137	1	226	240	10	260	360	258	0.942	0.697
LOKIASV2_1604_ESMFold_hypothetical_protein	AF-Q8I5S0-F1-model_v4	AF-Q8I5S0-F1-model_v4 Integral membrane protein GPR180, putative	9.558E-03	1.000	137	1	236	240	427	664	698	255	0.983	0.341
LOKIASV2_1604_ESMFold_hypothetical_protein	AF-P59541-F1-model_v4	AF-P59541-F1-model_v4 Taste receptor type 2 member 30	5.575E-03	1.000	136	1	238	240	2	304	319	305	0.992	0.950
LOKIASV2_1604_ESMFold_hypothetical_protein	AF-Q9HUV7-F1-model_v4	AF-Q9HUV7-F1-model_v4 Histidine kinase	1.144E-02	1.000	136	1	238	240	176	400	942	246	0.992	0.239
LOKIASV2_1604_ESMFold_hypothetical_protein	AF-A0A0D2GUE7-F1-model_v4	AF-A0A0D2GUE7-F1-model_v4 Unplaced genomic scaffold supercont1.3, whole genome shotgun sequence	4.872E-03	1.000	135	2	239	240	17	285	404	278	0.992	0.666
LOKIASV2_1604_ESMFold_hypothetical_protein	AF-P0DSN6-F1-model_v4	AF-P0DSN6-F1-model_v4 Putative taste receptor type 2 member 33	6.379E-03	1.000	134	4	239	240	12	294	309	288	0.983	0.916
LOKIASV2_1604_ESMFold_hypothetical_protein	AF-C1GTI2-F1-model_v4	AF-C1GTI2-F1-model_v4 Integral membrane protein	1.252E-02	1.000	134	1	239	240	16	248	372	258	0.996	0.626
LOKIASV2_1604_ESMFold_hypothetical_protein	AF-A0A0G2KJG9-F1-model_v4	AF-A0A0G2KJG9-F1-model_v4 GpcrRhopsn4 domain-containing protein	1.197E-02	1.000	133	4	239	240	68	317	332	264	0.983	0.753
LOKIASV2_1604_ESMFold_hypothetical_protein	AF-A0A175W8E8-F1-model_v4	AF-A0A175W8E8-F1-model_v4 Uncharacterized protein	8.736E-03	1.000	133	2	238	240	29	294	374	272	0.988	0.711
LOKIASV2_1604_ESMFold_hypothetical_protein	AF-D6VTK4-F1-model_v4	AF-D6VTK4-F1-model_v4 Pheromone alpha factor receptor	1.639E-02	1.000	133	3	236	240	46	304	431	261	0.975	0.601
LOKIASV2_1604_ESMFold_hypothetical_protein	AF-K0ENH2-F1-model_v4	AF-K0ENH2-F1-model_v4 Uncharacterized protein	1.309E-02	1.000	132	11	239	240	2	218	336	239	0.954	0.646
LOKIASV2_1604_ESMFold_hypothetical_protein	AF-A0A1C1CZA2-F1-model_v4	AF-A0A1C1CZA2-F1-model_v4 Uncharacterized protein	8.353E-03	1.000	132	1	240	240	17	288	414	280	1.000	0.657
LOKIASV2_1604_ESMFold_hypothetical_protein	AF-U7Q1N3-F1-model_v4	AF-U7Q1N3-F1-model_v4 Uncharacterized protein	9.997E-03	1.000	131	2	230	240	35	296	426	266	0.954	0.615
LOKIASV2_1604_ESMFold_hypothetical_protein	AF-A0A175VTK6-F1-model_v4	AF-A0A175VTK6-F1-model_v4 Uncharacterized protein	1.875E-02	1.000	128	1	240	240	15	279	417	270	1.000	0.635
LOKIASV2_1604_ESMFold_hypothetical_protein	AF-Q8K3J9-F1-model_v4	AF-Q8K3J9-F1-model_v4 G-protein coupled receptor family C group 5 member C	8.736E-03	1.000	128	2	232	240	46	301	440	265	0.962	0.582
LOKIASV2_1604_ESMFold_hypothetical_protein	AF-A0A1C1CXS3-F1-model_v4	AF-A0A1C1CXS3-F1-model_v4 Uncharacterized protein	8.736E-03	1.000	127	1	239	240	2	268	369	280	0.996	0.724
LOKIASV2_1604_ESMFold_hypothetical_protein	AF-A0A175WFT8-F1-model_v4	AF-A0A175WFT8-F1-model_v4 Uncharacterized protein	2.568E-02	1.000	127	4	240	240	18	288	388	276	0.988	0.698
LOKIASV2_1604_ESMFold_hypothetical_protein	AF-Q7M721-F1-model_v4	AF-Q7M721-F1-model_v4 Taste receptor type 2 member 120	2.347E-02	1.000	126	1	239	240	1	293	295	294	0.996	0.993
LOKIASV2_1604_ESMFold_hypothetical_protein	AF-Q9NYW4-F1-model_v4	AF-Q9NYW4-F1-model_v4 Taste receptor type 2 member 5	1.567E-02	1.000	126	2	239	240	3	290	299	292	0.992	0.963
LOKIASV2_1604_ESMFold_hypothetical_protein	AF-Q8BPS4-F1-model_v4	AF-Q8BPS4-F1-model_v4 Integral membrane protein GPR180	7.635E-03	1.000	126	2	239	240	169	422	441	270	0.992	0.576
LOKIASV2_1604_ESMFold_hypothetical_protein	AF-A0A0K0EMG5-F1-model_v4	AF-A0A0K0EMG5-F1-model_v4 Uncharacterized protein	1.369E-02	1.000	125	4	239	240	28	299	316	280	0.983	0.861
LOKIASV2_1604_ESMFold_hypothetical_protein	AF-A0A175WET4-F1-model_v4	AF-A0A175WET4-F1-model_v4 Uncharacterized protein	8.353E-03	1.000	125	1	240	240	1	248	336	267	1.000	0.738
LOKIASV2_1604_ESMFold_hypothetical_protein	AF-C0H4C0-F1-model_v4	AF-C0H4C0-F1-model_v4 Serpentine receptor, putative	1.793E-02	1.000	125	9	238	240	234	463	470	243	0.958	0.489
LOKIASV2_1604_ESMFold_hypothetical_protein	AF-O01459-F1-model_v4	AF-O01459-F1-model_v4 G_PROTEIN_RECEP_F1_2 domain-containing protein	2.455E-02	1.000	124	1	239	240	1	279	303	282	0.996	0.921
LOKIASV2_1604_ESMFold_hypothetical_protein	AF-A0A175VS53-F1-model_v4	AF-A0A175VS53-F1-model_v4 Uncharacterized protein	2.686E-02	1.000	124	4	236	240	6	272	311	272	0.971	0.859
LOKIASV2_1604_ESMFold_hypothetical_protein	AF-U7PKQ4-F1-model_v4	AF-U7PKQ4-F1-model_v4 Uncharacterized protein	4.872E-03	1.000	124	1	237	240	1	276	338	282	0.988	0.817
LOKIASV2_1604_ESMFold_hypothetical_protein	AF-G3V6Q7-F1-model_v4	AF-G3V6Q7-F1-model_v4 Taste receptor type 2	7.635E-03	1.000	123	1	239	240	1	296	314	299	0.996	0.943
LOKIASV2_1604_ESMFold_hypothetical_protein	AF-Q9NZD1-F1-model_v4	AF-Q9NZD1-F1-model_v4 G-protein coupled receptor family C group 5 member D	9.558E-03	1.000	123	1	238	240	19	272	345	260	0.992	0.736
LOKIASV2_1604_ESMFold_hypothetical_protein	AF-A0A175VVW3-F1-model_v4	AF-A0A175VVW3-F1-model_v4 Uncharacterized protein	2.146E-02	1.000	123	2	239	240	33	284	354	263	0.992	0.712
LOKIASV2_1604_ESMFold_hypothetical_protein	AF-P41587-F1-model_v4	AF-P41587-F1-model_v4 Vasoactive intestinal polypeptide receptor 2	1.144E-02	1.000	123	4	239	240	122	390	438	272	0.983	0.614
LOKIASV2_1604_ESMFold_hypothetical_protein	AF-Q5CZ34-F1-model_v4	AF-Q5CZ34-F1-model_v4 Serpentine Receptor, class BC (Class B-like)	1.432E-02	1.000	122	4	227	240	7	269	280	266	0.933	0.939
LOKIASV2_1604_ESMFold_hypothetical_protein	AF-A0A175WEH0-F1-model_v4	AF-A0A175WEH0-F1-model_v4 Uncharacterized protein	3.679E-02	1.000	122	5	239	240	15	277	373	264	0.979	0.705
LOKIASV2_1604_ESMFold_hypothetical_protein	AF-P0DTE0-F1-model_v4	AF-P0DTE0-F1-model_v4 Putative taste receptor type 2 member 36	1.875E-02	1.000	120	4	239	240	12	294	309	284	0.983	0.916
LOKIASV2_1604_ESMFold_hypothetical_protein	AF-G3V799-F1-model_v4	AF-G3V799-F1-model_v4 G protein-coupled receptor 180	1.369E-02	1.000	120	2	239	240	67	320	339	269	0.992	0.749
LOKIASV2_1604_ESMFold_hypothetical_protein	AF-A0A1C1CQ25-F1-model_v4	AF-A0A1C1CQ25-F1-model_v4 Integral membrane protein	2.568E-02	1.000	120	8	239	240	33	260	375	248	0.967	0.608
LOKIASV2_1604_ESMFold_hypothetical_protein	AF-A0A175VXI4-F1-model_v4	AF-A0A175VXI4-F1-model_v4 Uncharacterized protein	2.347E-02	1.000	120	1	238	240	41	337	386	301	0.992	0.769
LOKIASV2_1604_ESMFold_hypothetical_protein	AF-U7PP16-F1-model_v4	AF-U7PP16-F1-model_v4 Uncharacterized protein	1.961E-02	1.000	120	2	227	240	8	265	427	262	0.942	0.604
LOKIASV2_1604_ESMFold_hypothetical_protein	AF-A0A175W2H0-F1-model_v4	AF-A0A175W2H0-F1-model_v4 Uncharacterized protein	3.517E-02	1.000	120	4	234	240	126	393	469	273	0.962	0.571
LOKIASV2_1604_ESMFold_hypothetical_protein	AF-A0A0K0EGD2-F1-model_v4	AF-A0A0K0EGD2-F1-model_v4 G_PROTEIN_RECEP_F1_2 domain-containing protein	9.558E-03	1.000	119	1	239	240	1	330	484	332	0.996	0.682
LOKIASV2_1604_ESMFold_hypothetical_protein	AF-Q9W2B3-F1-model_v4	AF-Q9W2B3-F1-model_v4 Uncharacterized protein, isoform A	1.432E-02	1.000	119	3	222	240	317	539	637	235	0.917	0.350
LOKIASV2_1604_ESMFold_hypothetical_protein	AF-P59540-F1-model_v4	AF-P59540-F1-model_v4 Taste receptor type 2 member 46	2.051E-02	1.000	118	4	239	240	12	294	309	288	0.983	0.916
LOKIASV2_1604_ESMFold_hypothetical_protein	AF-P13773-F1-model_v4	AF-P13773-F1-model_v4 Cyclic AMP receptor 1	3.679E-02	1.000	118	2	239	240	11	272	392	272	0.992	0.668
LOKIASV2_1604_ESMFold_hypothetical_protein	AF-C0NU14-F1-model_v4	AF-C0NU14-F1-model_v4 Integral membrane protein	3.517E-02	1.000	118	4	230	240	14	280	433	272	0.946	0.617
LOKIASV2_1604_ESMFold_hypothetical_protein	AF-Q3KRC4-F1-model_v4	AF-Q3KRC4-F1-model_v4 G-protein coupled receptor family C group 5 member C	2.146E-02	1.000	117	2	235	240	46	302	441	268	0.975	0.583
LOKIASV2_1604_ESMFold_hypothetical_protein	AF-O16489-F1-model_v4	AF-O16489-F1-model_v4 Serpentine Receptor, class T	4.025E-02	1.000	116	1	238	240	1	276	295	284	0.992	0.936
LOKIASV2_1604_ESMFold_hypothetical_protein	AF-Q18818-F1-model_v4	AF-Q18818-F1-model_v4 Uncharacterized protein	2.146E-02	1.000	116	4	237	240	10	269	303	271	0.975	0.858
LOKIASV2_1604_ESMFold_hypothetical_protein	AF-A0A0K0E5J8-F1-model_v4	AF-A0A0K0E5J8-F1-model_v4 Uncharacterized protein	1.498E-02	1.000	115	3	239	240	26	299	314	285	0.988	0.873
LOKIASV2_1604_ESMFold_hypothetical_protein	AF-Q7M717-F1-model_v4	AF-Q7M717-F1-model_v4 Taste receptor type 2 member 102	2.568E-02	1.000	115	1	234	240	1	290	329	294	0.975	0.881
LOKIASV2_1604_ESMFold_hypothetical_protein	AF-A0A0D2F261-F1-model_v4	AF-A0A0D2F261-F1-model_v4 Post-GPI attachment to proteins factor 3	2.939E-02	1.000	115	8	239	240	113	328	330	241	0.967	0.655
LOKIASV2_1604_ESMFold_hypothetical_protein	AF-A0A0K0EMG3-F1-model_v4	AF-A0A0K0EMG3-F1-model_v4 Uncharacterized protein	1.498E-02	1.000	115	1	239	240	18	301	331	290	0.996	0.858
LOKIASV2_1604_ESMFold_hypothetical_protein	AF-Q8MQC4-F1-model_v4	AF-Q8MQC4-F1-model_v4 G_PROTEIN_RECEP_F1_2 domain-containing protein	1.197E-02	1.000	115	4	239	240	56	358	433	307	0.983	0.700
LOKIASV2_1604_ESMFold_hypothetical_protein	AF-U7PIH0-F1-model_v4	AF-U7PIH0-F1-model_v4 Uncharacterized protein	5.039E-02	1.000	115	5	235	240	31	286	485	262	0.962	0.528
LOKIASV2_1604_ESMFold_hypothetical_protein	AF-Q9HBW0-F1-model_v4	AF-Q9HBW0-F1-model_v4 Lysophosphatidic acid receptor 2	2.686E-02	1.000	114	1	239	240	28	309	351	298	0.996	0.803
LOKIASV2_1604_ESMFold_hypothetical_protein	AF-C1H030-F1-model_v4	AF-C1H030-F1-model_v4 Integral membrane protein	3.074E-02	1.000	114	1	239	240	13	278	435	275	0.996	0.611
LOKIASV2_1604_ESMFold_hypothetical_protein	AF-Q8C206-F1-model_v4	AF-Q8C206-F1-model_v4 G-protein coupled receptor 157	5.270E-02	1.000	113	1	237	240	11	293	330	293	0.988	0.858
LOKIASV2_1604_ESMFold_hypothetical_protein	AF-O17559-F1-model_v4	AF-O17559-F1-model_v4 Uncharacterized protein	2.686E-02	1.000	113	1	239	240	1	259	334	273	0.996	0.775
LOKIASV2_1604_ESMFold_hypothetical_protein	AF-Q7T3Q3-F1-model_v4	AF-Q7T3Q3-F1-model_v4 Cannabinoid receptor	4.817E-02	1.000	113	1	240	240	120	421	475	312	1.000	0.636
LOKIASV2_1604_ESMFold_hypothetical_protein	AF-Q54CF9-F1-model_v4	AF-Q54CF9-F1-model_v4 DUF1084 domain-containing protein	5.270E-02	1.000	113	1	238	240	1391	1671	1677	291	0.992	0.168
LOKIASV2_1604_ESMFold_hypothetical_protein	AF-Q54WK9-F1-model_v4	AF-Q54WK9-F1-model_v4 DUF1084 domain-containing protein	3.074E-02	1.000	113	1	225	240	1401	1672	1775	281	0.938	0.153
LOKIASV2_1604_ESMFold_hypothetical_protein	AF-Q20156-F1-model_v4	AF-Q20156-F1-model_v4 G_PROTEIN_RECEP_F1_2 domain-containing protein	6.308E-02	1.000	112	4	239	240	10	279	306	273	0.983	0.882
LOKIASV2_1604_ESMFold_hypothetical_protein	AF-Q91ZC4-F1-model_v4	AF-Q91ZC4-F1-model_v4 Mas-related G-protein coupled receptor member A8	3.074E-02	1.000	111	4	226	240	16	260	305	250	0.929	0.803
LOKIASV2_1604_ESMFold_hypothetical_protein	AF-A0A132P2Q3-F1-model_v4	AF-A0A132P2Q3-F1-model_v4 Hemolysin III	1.481E-01	1.000	110	1	226	240	6	214	217	234	0.942	0.963
LOKIASV2_1604_ESMFold_hypothetical_protein	AF-A0A0K0EMG2-F1-model_v4	AF-A0A0K0EMG2-F1-model_v4 Uncharacterized protein	2.686E-02	1.000	110	4	239	240	28	300	323	285	0.983	0.845
LOKIASV2_1604_ESMFold_hypothetical_protein	AF-O45985-F1-model_v4	AF-O45985-F1-model_v4 Serpentine Receptor, class T	5.512E-02	1.000	110	1	239	240	42	313	334	282	0.996	0.814
LOKIASV2_1604_ESMFold_hypothetical_protein	AF-P41588-F1-model_v4	AF-P41588-F1-model_v4 Vasoactive intestinal polypeptide receptor 2	1.875E-02	1.000	110	4	239	240	121	389	437	272	0.983	0.616
LOKIASV2_1604_ESMFold_hypothetical_protein	AF-Q9NQ84-F1-model_v4	AF-Q9NQ84-F1-model_v4 G-protein coupled receptor family C group 5 member C	2.939E-02	1.000	110	2	235	240	47	303	441	268	0.975	0.583
LOKIASV2_1604_ESMFold_hypothetical_protein	AF-A0A0K0EHT8-F1-model_v4	AF-A0A0K0EHT8-F1-model_v4 G_PROTEIN_RECEP_F1_2 domain-containing protein	1.961E-02	1.000	110	4	239	240	55	337	490	292	0.983	0.578
LOKIASV2_1604_ESMFold_hypothetical_protein	AF-A0A044S233-F1-model_v4	AF-A0A044S233-F1-model_v4 Uncharacterized protein	1.034E-01	1.000	109	1	239	240	14	227	230	244	0.996	0.930
LOKIASV2_1604_ESMFold_hypothetical_protein	AF-P59542-F1-model_v4	AF-P59542-F1-model_v4 Taste receptor type 2 member 19	2.939E-02	1.000	109	4	239	240	12	294	299	285	0.983	0.946
LOKIASV2_1604_ESMFold_hypothetical_protein	AF-O16491-F1-model_v4	AF-O16491-F1-model_v4 Serpentine Receptor, class T	5.270E-02	1.000	109	3	239	240	14	285	323	277	0.988	0.842
LOKIASV2_1604_ESMFold_hypothetical_protein	AF-Q9DDK4-F1-model_v4	AF-Q9DDK4-F1-model_v4 Sphingosine 1-phosphate receptor 1	3.363E-02	1.000	109	1	238	240	24	305	362	289	0.992	0.779
LOKIASV2_1604_ESMFold_hypothetical_protein	AF-A0A1C1D174-F1-model_v4	AF-A0A1C1D174-F1-model_v4 Integral membrane protein	2.455E-02	1.000	109	6	239	240	28	264	371	261	0.975	0.639
LOKIASV2_1604_ESMFold_hypothetical_protein	AF-C1GSU7-F1-model_v4	AF-C1GSU7-F1-model_v4 Uncharacterized protein	2.146E-02	1.000	109	1	227	240	1	272	373	280	0.946	0.729
LOKIASV2_1604_ESMFold_hypothetical_protein	AF-P21554-F1-model_v4	AF-P21554-F1-model_v4 Cannabinoid receptor 1	5.039E-02	1.000	109	1	239	240	112	412	472	308	0.996	0.638
LOKIASV2_1604_ESMFold_hypothetical_protein	AF-Q67ET3-F1-model_v4	AF-Q67ET3-F1-model_v4 Taste receptor type 2 member 120	3.848E-02	1.000	108	1	239	240	1	290	295	301	0.996	0.983
LOKIASV2_1604_ESMFold_hypothetical_protein	AF-Q91ZC5-F1-model_v4	AF-Q91ZC5-F1-model_v4 Mas-related G-protein coupled receptor member A7	4.606E-02	1.000	108	1	226	240	9	260	305	257	0.942	0.826
LOKIASV2_1604_ESMFold_hypothetical_protein	AF-D4A7N4-F1-model_v4	AF-D4A7N4-F1-model_v4 G protein-coupled receptor, class C, group 5, member D	3.363E-02	1.000	108	1	238	240	19	272	332	260	0.992	0.765
LOKIASV2_1604_ESMFold_hypothetical_protein	AF-H0WF08-F1-model_v4	AF-H0WF08-F1-model_v4 Trace amine-associated receptor 20n	7.550E-02	1.000	108	1	237	240	45	333	350	289	0.988	0.826
LOKIASV2_1604_ESMFold_hypothetical_protein	AF-A0A175VNU0-F1-model_v4	AF-A0A175VNU0-F1-model_v4 Protein RnfH	1.131E-01	1.000	108	2	236	240	11	273	362	267	0.979	0.727
LOKIASV2_1604_ESMFold_hypothetical_protein	AF-Q91ZC1-F1-model_v4	AF-Q91ZC1-F1-model_v4 Mas-related G-protein coupled receptor member B3	3.517E-02	1.000	107	4	239	240	30	294	312	270	0.983	0.849
LOKIASV2_1604_ESMFold_hypothetical_protein	AF-B5DF87-F1-model_v4	AF-B5DF87-F1-model_v4 P2Y receptor family member 10	2.455E-02	1.000	107	1	238	240	18	308	328	299	0.992	0.887
LOKIASV2_1604_ESMFold_hypothetical_protein	AF-A0A175W5Z8-F1-model_v4	AF-A0A175W5Z8-F1-model_v4 Uncharacterized protein	3.074E-02	1.000	107	8	240	240	17	291	354	283	0.971	0.777
LOKIASV2_1604_ESMFold_hypothetical_protein	AF-Q6EU03-F1-model_v4	AF-Q6EU03-F1-model_v4 Os02g0683900 protein	3.848E-02	1.000	106	4	235	240	28	265	284	248	0.967	0.838
LOKIASV2_1604_ESMFold_hypothetical_protein	AF-Q7M713-F1-model_v4	AF-Q7M713-F1-model_v4 Taste receptor type 2 member 116	3.363E-02	1.000	106	1	238	240	1	300	305	307	0.992	0.984
LOKIASV2_1604_ESMFold_hypothetical_protein	AF-A0A0K0EAV0-F1-model_v4	AF-A0A0K0EAV0-F1-model_v4 Uncharacterized protein	3.517E-02	1.000	106	4	239	240	21	278	331	266	0.983	0.779
LOKIASV2_1604_ESMFold_hypothetical_protein	AF-P47936-F1-model_v4	AF-P47936-F1-model_v4 Cannabinoid receptor 2	5.766E-02	1.000	106	1	239	240	29	314	347	290	0.996	0.824
LOKIASV2_1604_ESMFold_hypothetical_protein	AF-Q5F794-F1-model_v4	AF-Q5F794-F1-model_v4 Hemolysin D	1.549E-01	1.000	105	1	225	240	1	203	208	226	0.938	0.976
LOKIASV2_1604_ESMFold_hypothetical_protein	AF-A0A0K0DZV2-F1-model_v4	AF-A0A0K0DZV2-F1-model_v4 Uncharacterized protein	1.238E-01	1.000	105	5	237	240	2	241	254	251	0.971	0.945
LOKIASV2_1604_ESMFold_hypothetical_protein	AF-O45831-F1-model_v4	AF-O45831-F1-model_v4 G_PROTEIN_RECEP_F1_2 domain-containing protein	1.131E-01	1.000	105	1	239	240	1	268	302	274	0.996	0.887
LOKIASV2_1604_ESMFold_hypothetical_protein	AF-Q9JIL6-F1-model_v4	AF-Q9JIL6-F1-model_v4 G-protein coupled receptor family C group 5 member D	3.363E-02	1.000	105	1	238	240	19	272	344	266	0.992	0.738
LOKIASV2_1604_ESMFold_hypothetical_protein	AF-F1QC10-F1-model_v4	AF-F1QC10-F1-model_v4 Sphingosine-1-phosphate receptor 4	5.270E-02	1.000	105	1	239	240	45	319	389	287	0.996	0.707
LOKIASV2_1604_ESMFold_hypothetical_protein	AF-P91439-F1-model_v4	AF-P91439-F1-model_v4 G_PROTEIN_RECEP_F1_2 domain-containing protein	4.606E-02	1.000	105	1	239	240	1	317	408	323	0.996	0.777
LOKIASV2_1604_ESMFold_hypothetical_protein	AF-C1H793-F1-model_v4	AF-C1H793-F1-model_v4 Uncharacterized protein	1.183E-01	1.000	105	1	239	240	17	284	411	272	0.996	0.652
LOKIASV2_1604_ESMFold_hypothetical_protein	AF-Q91WW2-F1-model_v4	AF-Q91WW2-F1-model_v4 Mas-related G-protein coupled receptor member A4	4.403E-02	1.000	104	1	226	240	17	268	313	256	0.942	0.805
LOKIASV2_1604_ESMFold_hypothetical_protein	AF-A0A0K0E991-F1-model_v4	AF-A0A0K0E991-F1-model_v4 7TM_GPCR_Srx domain-containing protein	4.817E-02	1.000	104	2	225	240	21	282	322	270	0.933	0.814
LOKIASV2_1604_ESMFold_hypothetical_protein	AF-A0A0G2K4B0-F1-model_v4	AF-A0A0G2K4B0-F1-model_v4 G protein-coupled receptor, class C, group 5, member B	6.031E-02	1.000	104	2	235	240	45	287	402	256	0.975	0.604
LOKIASV2_1604_ESMFold_hypothetical_protein	AF-Q8IKB5-F1-model_v4	AF-Q8IKB5-F1-model_v4 Uncharacterized protein	6.598E-02	1.000	104	4	238	240	277	530	535	264	0.979	0.475
LOKIASV2_1604_ESMFold_hypothetical_protein	AF-Q54WL0-F1-model_v4	AF-Q54WL0-F1-model_v4 DUF1084 domain-containing protein	5.039E-02	1.000	104	1	223	240	1398	1662	1739	271	0.929	0.152
LOKIASV2_1604_ESMFold_hypothetical_protein	AF-Q55BY2-F1-model_v4	AF-Q55BY2-F1-model_v4 DUF1084 domain-containing protein	4.606E-02	1.000	104	1	227	240	1412	1693	1755	289	0.946	0.161
LOKIASV2_1604_ESMFold_hypothetical_protein	AF-A0A0G2L845-F1-model_v4	AF-A0A0G2L845-F1-model_v4 G_PROTEIN_RECEP_F1_2 domain-containing protein	3.215E-02	1.000	103	7	238	240	2	248	258	264	0.967	0.957
LOKIASV2_1604_ESMFold_hypothetical_protein	AF-A0A0P0VA50-F1-model_v4	AF-A0A0P0VA50-F1-model_v4 Os01g0836700 protein	8.639E-02	1.000	103	8	240	240	18	272	275	265	0.971	0.927
LOKIASV2_1604_ESMFold_hypothetical_protein	AF-Q5UAW9-F1-model_v4	AF-Q5UAW9-F1-model_v4 G-protein coupled receptor 157	1.416E-01	1.000	103	1	237	240	11	292	335	290	0.988	0.842
LOKIASV2_1604_ESMFold_hypothetical_protein	AF-C1H8C4-F1-model_v4	AF-C1H8C4-F1-model_v4 Uncharacterized protein	6.598E-02	1.000	103	2	238	240	37	301	377	282	0.988	0.703
LOKIASV2_1604_ESMFold_hypothetical_protein	AF-P20272-F1-model_v4	AF-P20272-F1-model_v4 Cannabinoid receptor 1	4.025E-02	1.000	103	1	238	240	113	412	473	307	0.992	0.634
LOKIASV2_1604_ESMFold_hypothetical_protein	AF-Q7TN49-F1-model_v4	AF-Q7TN49-F1-model_v4 Mas-related G-protein coupled receptor member A	8.639E-02	1.000	102	1	224	240	9	261	304	258	0.933	0.832
LOKIASV2_1604_ESMFold_hypothetical_protein	AF-P59537-F1-model_v4	AF-P59537-F1-model_v4 Taste receptor type 2 member 43	5.766E-02	1.000	102	2	239	240	10	294	309	289	0.992	0.922
LOKIASV2_1604_ESMFold_hypothetical_protein	AF-O17557-F1-model_v4	AF-O17557-F1-model_v4 Uncharacterized protein	2.568E-02	1.000	102	1	240	240	1	277	309	288	1.000	0.896
LOKIASV2_1604_ESMFold_hypothetical_protein	AF-Q19027-F1-model_v4	AF-Q19027-F1-model_v4 7TM_GPCR_Srx domain-containing protein	1.294E-01	1.000	102	1	237	240	1	278	317	281	0.988	0.877
LOKIASV2_1604_ESMFold_hypothetical_protein	AF-G5ECD9-F1-model_v4	AF-G5ECD9-F1-model_v4 G-protein coupled receptor aex-2	3.679E-02	1.000	102	1	235	240	19	276	321	270	0.979	0.804
LOKIASV2_1604_ESMFold_hypothetical_protein	AF-E7EYP3-F1-model_v4	AF-E7EYP3-F1-model_v4 Trace amine-associated receptor 20b1	1.131E-01	1.000	102	1	237	240	28	315	333	289	0.988	0.865
LOKIASV2_1604_ESMFold_hypothetical_protein	AF-P46095-F1-model_v4	AF-P46095-F1-model_v4 G-protein coupled receptor 6	2.051E-02	1.000	102	1	235	240	72	342	362	282	0.979	0.749
LOKIASV2_1604_ESMFold_hypothetical_protein	AF-F1Q7W7-F1-model_v4	AF-F1Q7W7-F1-model_v4 Sphingosine-1-phosphate receptor 5a	1.714E-02	1.000	102	1	235	240	57	333	399	289	0.979	0.694
LOKIASV2_1604_ESMFold_hypothetical_protein	AF-Q22162-F1-model_v4	AF-Q22162-F1-model_v4 GpcrRhopsn4 domain-containing protein	1.793E-02	1.000	102	3	235	240	218	444	502	247	0.971	0.452
LOKIASV2_1604_ESMFold_hypothetical_protein	AF-Q7ZTA3-F1-model_v4	AF-Q7ZTA3-F1-model_v4 Melanocyte-stimulating hormone receptor	1.714E-02	1.000	101	1	239	240	44	315	323	287	0.996	0.842
LOKIASV2_1604_ESMFold_hypothetical_protein	AF-A0A2R8Q7N2-F1-model_v4	AF-A0A2R8Q7N2-F1-model_v4 G_PROTEIN_RECEP_F1_2 domain-containing protein	8.259E-02	1.000	101	1	236	240	45	325	351	285	0.983	0.801
LOKIASV2_1604_ESMFold_hypothetical_protein	AF-A0A0K0EP37-F1-model_v4	AF-A0A0K0EP37-F1-model_v4 G_PROTEIN_RECEP_F1_2 domain-containing protein	4.606E-02	1.000	101	1	239	240	1	300	359	307	0.996	0.836
LOKIASV2_1604_ESMFold_hypothetical_protein	AF-A0A0D2F0E5-F1-model_v4	AF-A0A0D2F0E5-F1-model_v4 Unplaced genomic scaffold supercont1.4, whole genome shotgun sequence	1.481E-01	1.000	101	1	239	240	10	258	417	269	0.996	0.597
LOKIASV2_1604_ESMFold_hypothetical_protein	AF-P32082-F1-model_v4	AF-P32082-F1-model_v4 Growth hormone-releasing hormone receptor	6.308E-02	1.000	101	2	239	240	127	391	423	267	0.992	0.626
LOKIASV2_1604_ESMFold_hypothetical_protein	AF-Q9W0R6-F1-model_v4	AF-Q9W0R6-F1-model_v4 Probable G-protein coupled receptor Mth-like 9	1.238E-01	1.000	101	1	234	240	204	471	513	285	0.975	0.522
LOKIASV2_1604_ESMFold_hypothetical_protein	AF-X1WGW1-F1-model_v4	AF-X1WGW1-F1-model_v4 Si:ch73-90p23.1	5.512E-02	1.000	100	1	224	240	4	277	278	278	0.933	0.986
LOKIASV2_1604_ESMFold_hypothetical_protein	AF-A0A0R0JAR5-F1-model_v4	AF-A0A0R0JAR5-F1-model_v4 DUF1084 domain-containing protein	4.403E-02	1.000	100	3	235	240	41	279	296	252	0.971	0.807
LOKIASV2_1604_ESMFold_hypothetical_protein	AF-A0A0K0EMG1-F1-model_v4	AF-A0A0K0EMG1-F1-model_v4 Uncharacterized protein	4.210E-02	1.000	100	1	239	240	18	301	329	296	0.996	0.863
LOKIASV2_1604_ESMFold_hypothetical_protein	AF-A0A0K0E7S1-F1-model_v4	AF-A0A0K0E7S1-F1-model_v4 Uncharacterized protein	7.218E-02	1.000	100	8	239	240	28	301	333	283	0.967	0.823
LOKIASV2_1604_ESMFold_hypothetical_protein	AF-Q93784-F1-model_v4	AF-Q93784-F1-model_v4 G_PROTEIN_RECEP_F1_2 domain-containing protein	7.896E-02	1.000	100	4	240	240	19	302	367	293	0.988	0.774
LOKIASV2_1604_ESMFold_hypothetical_protein	AF-A0A0K0DZE3-F1-model_v4	AF-A0A0K0DZE3-F1-model_v4 G_PROTEIN_RECEP_F1_2 domain-containing protein	3.517E-02	1.000	100	1	239	240	1	284	371	288	0.996	0.765
LOKIASV2_1604_ESMFold_hypothetical_protein	AF-Q9VQ34-F1-model_v4	AF-Q9VQ34-F1-model_v4 GH17801p	5.039E-02	1.000	100	4	236	240	204	447	536	259	0.971	0.455
LOKIASV2_1604_ESMFold_hypothetical_protein	AF-P59544-F1-model_v4	AF-P59544-F1-model_v4 Taste receptor type 2 member 50	4.606E-02	0.999	99	4	239	240	12	290	299	285	0.983	0.933
LOKIASV2_1604_ESMFold_hypothetical_protein	AF-O13780-F1-model_v4	AF-O13780-F1-model_v4 Uncharacterized protein C17G6.02c	3.363E-02	0.999	99	9	232	240	13	269	324	270	0.933	0.793
LOKIASV2_1604_ESMFold_hypothetical_protein	AF-Q67ES7-F1-model_v4	AF-Q67ES7-F1-model_v4 Taste receptor type 2 member 134	4.025E-02	0.999	99	5	239	240	34	315	329	293	0.979	0.857
LOKIASV2_1604_ESMFold_hypothetical_protein	AF-F1R8K4-F1-model_v4	AF-F1R8K4-F1-model_v4 Cannabinoid receptor 2	6.598E-02	0.999	99	1	237	240	42	326	383	291	0.988	0.744
LOKIASV2_1604_ESMFold_hypothetical_protein	AF-P35000-F1-model_v4	AF-P35000-F1-model_v4 Vasoactive intestinal polypeptide receptor 2	4.817E-02	0.999	99	4	239	240	121	389	437	272	0.983	0.616
LOKIASV2_1604_ESMFold_hypothetical_protein	AF-P41586-F1-model_v4	AF-P41586-F1-model_v4 Pituitary adenylate cyclase-activating polypeptide type I receptor	9.036E-02	0.999	99	2	239	240	147	415	468	271	0.992	0.575
LOKIASV2_1604_ESMFold_hypothetical_protein	AF-Q9W4S4-F1-model_v4	AF-Q9W4S4-F1-model_v4 Uncharacterized protein	1.183E-01	0.999	98	1	222	240	1	197	200	229	0.925	0.985
LOKIASV2_1604_ESMFold_hypothetical_protein	AF-Q69L84-F1-model_v4	AF-Q69L84-F1-model_v4 Os07g0102400 protein	4.817E-02	0.999	98	4	235	240	32	269	286	250	0.967	0.832
LOKIASV2_1604_ESMFold_hypothetical_protein	AF-O16499-F1-model_v4	AF-O16499-F1-model_v4 G_PROTEIN_RECEP_F1_2 domain-containing protein	7.550E-02	0.999	98	4	240	240	10	275	290	274	0.988	0.917
LOKIASV2_1604_ESMFold_hypothetical_protein	AF-P59538-F1-model_v4	AF-P59538-F1-model_v4 Taste receptor type 2 member 31	1.294E-01	0.999	98	2	239	240	10	294	309	289	0.992	0.922
LOKIASV2_1604_ESMFold_hypothetical_protein	AF-A0A2R8QR62-F1-model_v4	AF-A0A2R8QR62-F1-model_v4 G_PROTEIN_RECEP_F1_2 domain-containing protein	2.455E-02	0.999	98	1	235	240	29	309	330	289	0.979	0.852
LOKIASV2_1604_ESMFold_hypothetical_protein	AF-A0A044TPU2-F1-model_v4	AF-A0A044TPU2-F1-model_v4 GpcrRhopsn4 domain-containing protein	4.817E-02	0.999	98	1	236	240	218	449	506	252	0.983	0.458
LOKIASV2_1604_ESMFold_hypothetical_protein	AF-F1QZM9-F1-model_v4	AF-F1QZM9-F1-model_v4 Adhesion G protein-coupled receptor G1	9.036E-02	0.999	98	1	238	240	366	630	648	281	0.992	0.409
LOKIASV2_1604_ESMFold_hypothetical_protein	AF-I1K3A2-F1-model_v4	AF-I1K3A2-F1-model_v4 DUF1084 domain-containing protein	1.034E-01	0.999	97	3	235	240	38	276	293	252	0.971	0.816
LOKIASV2_1604_ESMFold_hypothetical_protein	AF-P59539-F1-model_v4	AF-P59539-F1-model_v4 Taste receptor type 2 member 45	8.639E-02	0.999	97	5	239	240	9	294	299	286	0.979	0.957
LOKIASV2_1604_ESMFold_hypothetical_protein	AF-Q19026-F1-model_v4	AF-Q19026-F1-model_v4 G_PROTEIN_RECEP_F1_2 domain-containing protein	2.321E-01	0.999	97	1	239	240	1	281	301	283	0.996	0.934
LOKIASV2_1604_ESMFold_hypothetical_protein	AF-A0A2R8QFF3-F1-model_v4	AF-A0A2R8QFF3-F1-model_v4 G_PROTEIN_RECEP_F1_2 domain-containing protein	4.606E-02	0.999	97	1	239	240	27	313	343	298	0.996	0.837
LOKIASV2_1604_ESMFold_hypothetical_protein	AF-A0A2R8RHH7-F1-model_v4	AF-A0A2R8RHH7-F1-model_v4 G_PROTEIN_RECEP_F1_2 domain-containing protein	5.039E-02	0.999	97	1	239	240	27	313	343	298	0.996	0.837
LOKIASV2_1604_ESMFold_hypothetical_protein	AF-Q99679-F1-model_v4	AF-Q99679-F1-model_v4 Probable G-protein coupled receptor 21	6.901E-02	0.999	97	4	239	240	31	318	349	295	0.983	0.825
LOKIASV2_1604_ESMFold_hypothetical_protein	AF-H0WF67-F1-model_v4	AF-H0WF67-F1-model_v4 Trace amine-associated receptor 20i	1.183E-01	0.999	97	1	236	240	45	325	351	285	0.983	0.801
LOKIASV2_1604_ESMFold_hypothetical_protein	AF-P47746-F1-model_v4	AF-P47746-F1-model_v4 Cannabinoid receptor 1	9.036E-02	0.999	97	1	238	240	113	412	473	305	0.992	0.634
LOKIASV2_1604_ESMFold_hypothetical_protein	AF-A0A140LGW6-F1-model_v4	AF-A0A140LGW6-F1-model_v4 Adhesion G protein-coupled receptor G4a	5.512E-02	0.999	97	1	240	240	866	1139	1201	286	1.000	0.228
LOKIASV2_1604_ESMFold_hypothetical_protein	AF-O16498-F1-model_v4	AF-O16498-F1-model_v4 G_PROTEIN_RECEP_F1_2 domain-containing protein	5.512E-02	0.999	96	4	237	240	10	272	294	275	0.975	0.895
LOKIASV2_1604_ESMFold_hypothetical_protein	AF-A0A0K0EHJ0-F1-model_v4	AF-A0A0K0EHJ0-F1-model_v4 Uncharacterized protein	6.031E-02	0.999	96	3	239	240	27	294	318	277	0.988	0.843
LOKIASV2_1604_ESMFold_hypothetical_protein	AF-P41149-F1-model_v4	AF-P41149-F1-model_v4 Melanocortin receptor 5	7.218E-02	0.999	96	1	239	240	36	310	325	285	0.996	0.846
LOKIASV2_1604_ESMFold_hypothetical_protein	AF-A0A044RU62-F1-model_v4	AF-A0A044RU62-F1-model_v4 G_PROTEIN_RECEP_F1_2 domain-containing protein	4.817E-02	0.999	96	4	239	240	39	313	339	290	0.983	0.811
LOKIASV2_1604_ESMFold_hypothetical_protein	AF-A0A175WII0-F1-model_v4	AF-A0A175WII0-F1-model_v4 Uncharacterized protein	5.512E-02	0.999	96	1	240	240	25	294	400	279	1.000	0.675
LOKIASV2_1604_ESMFold_hypothetical_protein	AF-Q9NZH0-F1-model_v4	AF-Q9NZH0-F1-model_v4 G-protein coupled receptor family C group 5 member B	1.294E-01	0.999	96	2	235	240	53	295	403	255	0.975	0.603
LOKIASV2_1604_ESMFold_hypothetical_protein	AF-A0A2R8QKH4-F1-model_v4	AF-A0A2R8QKH4-F1-model_v4 Uncharacterized protein	1.081E-01	0.999	96	2	219	240	191	435	437	253	0.908	0.561
LOKIASV2_1604_ESMFold_hypothetical_protein	AF-Q948R8-F1-model_v4	AF-Q948R8-F1-model_v4 Protein TOM THREE HOMOLOG 1	5.512E-02	0.998	95	3	235	240	38	276	293	252	0.971	0.816
LOKIASV2_1604_ESMFold_hypothetical_protein	AF-I1ND43-F1-model_v4	AF-I1ND43-F1-model_v4 DUF1084 domain-containing protein	6.598E-02	0.998	95	3	235	240	40	278	295	252	0.971	0.810
LOKIASV2_1604_ESMFold_hypothetical_protein	AF-A0A0N4U8V9-F1-model_v4	AF-A0A0N4U8V9-F1-model_v4 G_PROTEIN_RECEP_F1_2 domain-containing protein	2.810E-02	0.998	95	4	239	240	31	276	313	270	0.983	0.786
LOKIASV2_1604_ESMFold_hypothetical_protein	AF-A0A158Q494-F1-model_v4	AF-A0A158Q494-F1-model_v4 G_PROTEIN_RECEP_F1_2 domain-containing protein	7.218E-02	0.998	95	1	239	240	2	303	317	310	0.996	0.953
LOKIASV2_1604_ESMFold_hypothetical_protein	AF-U7PZT0-F1-model_v4	AF-U7PZT0-F1-model_v4 Uncharacterized protein	4.606E-02	0.998	95	4	231	240	26	276	502	265	0.950	0.500
LOKIASV2_1604_ESMFold_hypothetical_protein	AF-Q6ETK9-F1-model_v4	AF-Q6ETK9-F1-model_v4 Heptahelical transmembrane protein ADIPOR2	6.308E-02	0.998	94	40	234	240	29	217	229	207	0.812	0.825
LOKIASV2_1604_ESMFold_hypothetical_protein	AF-O17961-F1-model_v4	AF-O17961-F1-model_v4 G_PROTEIN_RECEP_F1_2 domain-containing protein	2.029E-01	0.998	94	1	226	240	1	252	302	259	0.942	0.834
LOKIASV2_1604_ESMFold_hypothetical_protein	AF-Q9ZUM2-F1-model_v4	AF-Q9ZUM2-F1-model_v4 Tobamovirus multiplication protein 3	6.598E-02	0.998	94	3	235	240	48	286	303	251	0.971	0.789
LOKIASV2_1604_ESMFold_hypothetical_protein	AF-Q9EPB8-F1-model_v4	AF-Q9EPB8-F1-model_v4 Vomeronasal type-1 receptor 54	2.219E-01	0.998	94	2	239	240	11	303	315	304	0.992	0.930
LOKIASV2_1604_ESMFold_hypothetical_protein	AF-O45768-F1-model_v4	AF-O45768-F1-model_v4 7TM_GPCR_Srx domain-containing protein	1.773E-01	0.998	94	3	239	240	26	305	322	282	0.988	0.870
LOKIASV2_1604_ESMFold_hypothetical_protein	AF-G5EEI3-F1-model_v4	AF-G5EEI3-F1-model_v4 Uncharacterized protein	2.122E-01	0.998	94	5	234	240	20	275	329	260	0.958	0.778
LOKIASV2_1604_ESMFold_hypothetical_protein	AF-F1QSZ7-F1-model_v4	AF-F1QSZ7-F1-model_v4 G protein-coupled receptor 185 b	3.679E-02	0.998	94	1	236	240	46	313	332	281	0.983	0.807
LOKIASV2_1604_ESMFold_hypothetical_protein	AF-U7PJJ3-F1-model_v4	AF-U7PJJ3-F1-model_v4 Uncharacterized protein	1.081E-01	0.998	94	5	226	240	18	271	403	261	0.925	0.630
LOKIASV2_1604_ESMFold_hypothetical_protein	AF-C1H1X1-F1-model_v4	AF-C1H1X1-F1-model_v4 Uncharacterized protein	7.896E-02	0.998	94	5	240	240	26	297	409	278	0.983	0.665
LOKIASV2_1604_ESMFold_hypothetical_protein	AF-Q923Z0-F1-model_v4	AF-Q923Z0-F1-model_v4 G-protein coupled receptor family C group 5 member B	6.308E-02	0.998	93	2	235	240	53	295	410	250	0.975	0.593
LOKIASV2_1604_ESMFold_hypothetical_protein	AF-A0A0K0JQS7-F1-model_v4	AF-A0A0K0JQS7-F1-model_v4 Bm7061	2.540E-01	0.997	92	1	225	240	23	223	232	230	0.938	0.866
LOKIASV2_1604_ESMFold_hypothetical_protein	AF-X8F2V0-F1-model_v4	AF-X8F2V0-F1-model_v4 Putative membrane protein	4.025E-02	0.997	92	10	230	240	16	235	241	240	0.921	0.913
LOKIASV2_1604_ESMFold_hypothetical_protein	AF-E7FDY9-F1-model_v4	AF-E7FDY9-F1-model_v4 G protein-coupled receptor 17	4.817E-02	0.997	92	1	239	240	23	306	339	298	0.996	0.838
LOKIASV2_1604_ESMFold_hypothetical_protein	AF-A0A175VPR1-F1-model_v4	AF-A0A175VPR1-F1-model_v4 Puromycin-sensitive aminopeptidase	2.122E-01	0.997	92	1	240	240	25	283	375	263	1.000	0.691
LOKIASV2_1604_ESMFold_hypothetical_protein	AF-B8A0L1-F1-model_v4	AF-B8A0L1-F1-model_v4 Tobamovirus multiplication protein 3	1.695E-01	0.997	91	4	235	240	29	266	285	249	0.967	0.835
LOKIASV2_1604_ESMFold_hypothetical_protein	AF-A0A5K4FAE3-F1-model_v4	AF-A0A5K4FAE3-F1-model_v4 G_PROTEIN_RECEP_F1_2 domain-containing protein	9.885E-02	0.997	91	2	237	240	3	278	287	278	0.983	0.962
LOKIASV2_1604_ESMFold_hypothetical_protein	AF-I1KRN0-F1-model_v4	AF-I1KRN0-F1-model_v4 DUF1084 domain-containing protein	7.550E-02	0.997	91	3	235	240	38	276	293	252	0.971	0.816
LOKIASV2_1604_ESMFold_hypothetical_protein	AF-Q8IZF4-F1-model_v4	AF-Q8IZF4-F1-model_v4 Adhesion G-protein coupled receptor G5	1.081E-01	0.997	91	1	240	240	239	517	528	295	1.000	0.528
LOKIASV2_1604_ESMFold_hypothetical_protein	AF-Q5T9L3-F1-model_v4	AF-Q5T9L3-F1-model_v4 Protein wntless homolog	7.550E-02	0.997	91	9	222	240	235	492	541	268	0.892	0.477
LOKIASV2_1604_ESMFold_hypothetical_protein	AF-A0A2R8QSK5-F1-model_v4	AF-A0A2R8QSK5-F1-model_v4 G_PROTEIN_RECEP_F1_2 domain-containing protein	1.695E-01	0.996	90	1	237	240	45	333	350	295	0.988	0.826
LOKIASV2_1604_ESMFold_hypothetical_protein	AF-E7F4F2-F1-model_v4	AF-E7F4F2-F1-model_v4 Adhesion G protein-coupled receptor G2a	2.321E-01	0.996	90	1	234	240	671	942	1037	285	0.975	0.262
LOKIASV2_1604_ESMFold_hypothetical_protein	AF-Q67ES3-F1-model_v4	AF-Q67ES3-F1-model_v4 Taste receptor type 2 member 143	7.218E-02	0.996	89	2	238	240	3	293	294	295	0.988	0.990
LOKIASV2_1604_ESMFold_hypothetical_protein	AF-A0A1D6K7K1-F1-model_v4	AF-A0A1D6K7K1-F1-model_v4 Tobamovirus multiplication protein 3	9.036E-02	0.996	89	3	235	240	39	299	316	268	0.971	0.826
LOKIASV2_1604_ESMFold_hypothetical_protein	AF-A0A0K0E2A9-F1-model_v4	AF-A0A0K0E2A9-F1-model_v4 Uncharacterized protein	1.354E-01	0.996	89	1	239	240	4	274	328	277	0.996	0.826
LOKIASV2_1604_ESMFold_hypothetical_protein	AF-A0A175WCW6-F1-model_v4	AF-A0A175WCW6-F1-model_v4 Uncharacterized protein	7.218E-02	0.996	89	2	236	240	31	278	368	262	0.979	0.674
LOKIASV2_1604_ESMFold_hypothetical_protein	AF-A0A0K0EKF8-F1-model_v4	AF-A0A0K0EKF8-F1-model_v4 G_PROTEIN_RECEP_F1_2 domain-containing protein	6.031E-02	0.996	89	1	239	240	55	356	426	314	0.996	0.709
LOKIASV2_1604_ESMFold_hypothetical_protein	AF-I1LYX4-F1-model_v4	AF-I1LYX4-F1-model_v4 Uncharacterized protein	1.695E-01	0.996	89	2	239	240	175	435	442	271	0.992	0.590
LOKIASV2_1604_ESMFold_hypothetical_protein	AF-B4FVK4-F1-model_v4	AF-B4FVK4-F1-model_v4 Lung seven transmembrane receptor family protein	7.218E-02	0.996	89	2	239	240	194	454	462	274	0.992	0.565
LOKIASV2_1604_ESMFold_hypothetical_protein	AF-A0A3P7ELW5-F1-model_v4	AF-A0A3P7ELW5-F1-model_v4 Uncharacterized protein	2.321E-01	0.995	88	1	239	240	12	228	242	248	0.996	0.897
LOKIASV2_1604_ESMFold_hypothetical_protein	AF-B7ZYE1-F1-model_v4	AF-B7ZYE1-F1-model_v4 Tobamovirus multiplication protein 1	1.183E-01	0.995	88	4	235	240	39	276	293	250	0.967	0.812
LOKIASV2_1604_ESMFold_hypothetical_protein	AF-K7KPP5-F1-model_v4	AF-K7KPP5-F1-model_v4 DUF1084 domain-containing protein	1.854E-01	0.995	88	4	235	240	50	287	304	251	0.967	0.783
LOKIASV2_1604_ESMFold_hypothetical_protein	AF-Q9EQ47-F1-model_v4	AF-Q9EQ47-F1-model_v4 Vomeronasal type-1 receptor 44	1.854E-01	0.995	88	1	238	240	1	303	310	309	0.992	0.977
LOKIASV2_1604_ESMFold_hypothetical_protein	AF-A0A1C1CGD4-F1-model_v4	AF-A0A1C1CGD4-F1-model_v4 Integral membrane protein	1.081E-01	0.995	88	1	238	240	52	305	321	269	0.992	0.791
LOKIASV2_1604_ESMFold_hypothetical_protein	AF-A0A2R9YJM5-F1-model_v4	AF-A0A2R9YJM5-F1-model_v4 G protein-coupled receptor 185 a	9.885E-02	0.995	88	1	231	240	36	300	326	280	0.962	0.813
LOKIASV2_1604_ESMFold_hypothetical_protein	AF-B4F8H4-F1-model_v4	AF-B4F8H4-F1-model_v4 Heptahelical transmembrane protein 2	1.294E-01	0.995	88	4	237	240	80	342	351	282	0.975	0.749
LOKIASV2_1604_ESMFold_hypothetical_protein	AF-Q8NFJ5-F1-model_v4	AF-Q8NFJ5-F1-model_v4 Retinoic acid-induced protein 3	1.620E-01	0.995	88	2	235	240	25	267	357	256	0.975	0.681
LOKIASV2_1604_ESMFold_hypothetical_protein	AF-Q9QZN9-F1-model_v4	AF-Q9QZN9-F1-model_v4 Cannabinoid receptor 2	2.219E-01	0.995	88	1	239	240	29	314	360	290	0.996	0.794
LOKIASV2_1604_ESMFold_hypothetical_protein	AF-A0A1C1CGR4-F1-model_v4	AF-A0A1C1CGR4-F1-model_v4 Integral membrane protein	4.817E-02	0.995	88	4	230	240	25	285	384	276	0.946	0.680
LOKIASV2_1604_ESMFold_hypothetical_protein	AF-F1R288-F1-model_v4	AF-F1R288-F1-model_v4 G_PROTEIN_RECEP_F1_2 domain-containing protein	1.081E-01	0.995	88	1	239	240	22	329	403	315	0.996	0.764
LOKIASV2_1604_ESMFold_hypothetical_protein	AF-A0A0G2L0V6-F1-model_v4	AF-A0A0G2L0V6-F1-model_v4 Thyroliberin receptor	1.620E-01	0.995	88	1	239	240	66	370	420	313	0.996	0.726
LOKIASV2_1604_ESMFold_hypothetical_protein	AF-V9H0I1-F1-model_v4	AF-V9H0I1-F1-model_v4 Methuselah-like 13	1.131E-01	0.995	88	3	237	240	170	439	440	287	0.979	0.614
LOKIASV2_1604_ESMFold_hypothetical_protein	AF-K7MYX2-F1-model_v4	AF-K7MYX2-F1-model_v4 Uncharacterized protein	1.034E-01	0.995	88	4	238	240	180	425	442	259	0.979	0.557
LOKIASV2_1604_ESMFold_hypothetical_protein	AF-Q7TQN8-F1-model_v4	AF-Q7TQN8-F1-model_v4 Glucose-dependent insulinotropic receptor	1.939E-01	0.995	88	4	239	240	7	293	468	289	0.983	0.613
LOKIASV2_1604_ESMFold_hypothetical_protein	AF-A0A2C9C3A4-F1-model_v4	AF-A0A2C9C3A4-F1-model_v4 G_PROTEIN_RECEP_F1_2 domain-containing protein	9.451E-02	0.995	88	4	235	240	74	394	523	321	0.967	0.614
LOKIASV2_1604_ESMFold_hypothetical_protein	AF-Q86Y34-F1-model_v4	AF-Q86Y34-F1-model_v4 Adhesion G protein-coupled receptor G3	2.219E-01	0.995	88	4	224	240	268	520	549	261	0.921	0.461
LOKIASV2_1604_ESMFold_hypothetical_protein	AF-C6TKX6-F1-model_v4	AF-C6TKX6-F1-model_v4 DUF1084 domain-containing protein	1.416E-01	0.994	87	1	235	240	1	241	258	257	0.979	0.934
LOKIASV2_1604_ESMFold_hypothetical_protein	AF-Q8LMS2-F1-model_v4	AF-Q8LMS2-F1-model_v4 Os03g0120300 protein	1.183E-01	0.994	87	3	235	240	26	264	281	251	0.971	0.851
LOKIASV2_1604_ESMFold_hypothetical_protein	AF-K7LJP0-F1-model_v4	AF-K7LJP0-F1-model_v4 Uncharacterized protein	1.773E-01	0.994	87	4	239	240	34	264	283	242	0.983	0.816
LOKIASV2_1604_ESMFold_hypothetical_protein	AF-A0A668KLA7-F1-model_v4	AF-A0A668KLA7-F1-model_v4 G_PROTEIN_RECEP_F1_2 domain-containing protein	2.656E-01	0.994	87	4	239	240	17	288	296	282	0.983	0.919
LOKIASV2_1604_ESMFold_hypothetical_protein	AF-A0A3B1E639-F1-model_v4	AF-A0A3B1E639-F1-model_v4 Uncharacterized protein	3.179E-01	0.994	87	5	240	240	41	307	346	286	0.983	0.772
LOKIASV2_1604_ESMFold_hypothetical_protein	AF-K7KPX4-F1-model_v4	AF-K7KPX4-F1-model_v4 Uncharacterized protein	1.183E-01	0.994	87	1	235	240	10	304	355	302	0.979	0.831
LOKIASV2_1604_ESMFold_hypothetical_protein	AF-Q10QE3-F1-model_v4	AF-Q10QE3-F1-model_v4 Haemolysin-III related family protein, expressed	1.416E-01	0.994	87	40	240	240	185	379	379	218	0.837	0.515
LOKIASV2_1604_ESMFold_hypothetical_protein	AF-Q17478-F1-model_v4	AF-Q17478-F1-model_v4 G_PROTEIN_RECEP_F1_2 domain-containing protein	3.679E-02	0.994	87	8	239	240	49	355	394	313	0.967	0.779
LOKIASV2_1604_ESMFold_hypothetical_protein	AF-B4FA55-F1-model_v4	AF-B4FA55-F1-model_v4 Lung seven transmembrane receptor family protein	2.122E-01	0.994	87	1	239	240	181	443	450	273	0.996	0.584
LOKIASV2_1604_ESMFold_hypothetical_protein	AF-Q9Z0U9-F1-model_v4	AF-Q9Z0U9-F1-model_v4 Sphingosine 1-phosphate receptor 3	3.325E-01	0.993	86	5	235	240	44	308	378	271	0.962	0.701
LOKIASV2_1604_ESMFold_hypothetical_protein	AF-Q08417-F1-model_v4	AF-Q08417-F1-model_v4 Sphingoid long-chain base transporter RSB1	1.416E-01	0.993	86	9	237	240	33	312	382	303	0.954	0.733
LOKIASV2_1604_ESMFold_hypothetical_protein	AF-A0A175WBE3-F1-model_v4	AF-A0A175WBE3-F1-model_v4 Uncharacterized protein	1.416E-01	0.993	86	5	240	240	19	295	391	280	0.983	0.708
LOKIASV2_1604_ESMFold_hypothetical_protein	AF-A0A175VR27-F1-model_v4	AF-A0A175VR27-F1-model_v4 Uncharacterized protein	1.416E-01	0.993	86	4	239	240	17	280	407	276	0.983	0.649
LOKIASV2_1604_ESMFold_hypothetical_protein	AF-A0A0D2GXK9-F1-model_v4	AF-A0A0D2GXK9-F1-model_v4 Unplaced genomic scaffold supercont1.1, whole genome shotgun sequence	1.183E-01	0.993	86	1	239	240	1	286	980	292	0.996	0.292
LOKIASV2_1604_ESMFold_hypothetical_protein	AF-A0A668KL92-F1-model_v4	AF-A0A668KL92-F1-model_v4 Predicted pseudogene 7609	5.963E-01	0.992	85	4	239	240	17	288	296	278	0.983	0.919
LOKIASV2_1604_ESMFold_hypothetical_protein	AF-A0A494BA90-F1-model_v4	AF-A0A494BA90-F1-model_v4 Vomeronasal type-1 receptor	2.540E-01	0.992	85	2	239	240	12	305	311	300	0.992	0.945
LOKIASV2_1604_ESMFold_hypothetical_protein	AF-Q67ER9-F1-model_v4	AF-Q67ER9-F1-model_v4 Taste receptor type 2 member 39	1.481E-01	0.992	85	5	239	240	16	307	319	298	0.979	0.915
LOKIASV2_1604_ESMFold_hypothetical_protein	AF-A0A1X7RBN0-F1-model_v4	AF-A0A1X7RBN0-F1-model_v4 G_PROTEIN_RECEP_F1_2 domain-containing protein	6.901E-02	0.992	85	1	239	240	24	336	352	315	0.996	0.889
LOKIASV2_1604_ESMFold_hypothetical_protein	AF-A0A0N4U9P2-F1-model_v4	AF-A0A0N4U9P2-F1-model_v4 G_PROTEIN_RECEP_F1_2 domain-containing protein	2.122E-01	0.992	85	1	239	240	22	296	353	287	0.996	0.779
LOKIASV2_1604_ESMFold_hypothetical_protein	AF-P34972-F1-model_v4	AF-P34972-F1-model_v4 Cannabinoid receptor 2	1.854E-01	0.992	85	1	237	240	29	308	360	284	0.988	0.778
LOKIASV2_1604_ESMFold_hypothetical_protein	AF-F1M9D3-F1-model_v4	AF-F1M9D3-F1-model_v4 Sphingosine-1-phosphate receptor 3	2.906E-01	0.992	85	5	235	240	44	308	379	271	0.962	0.699
LOKIASV2_1604_ESMFold_hypothetical_protein	AF-I1MR67-F1-model_v4	AF-I1MR67-F1-model_v4 DUF1084 domain-containing protein	7.896E-02	0.991	84	4	235	240	26	263	280	253	0.967	0.850
LOKIASV2_1604_ESMFold_hypothetical_protein	AF-Q7TQB9-F1-model_v4	AF-Q7TQB9-F1-model_v4 Taste receptor type 2 member 143	6.901E-02	0.991	84	4	238	240	12	292	293	289	0.979	0.959
LOKIASV2_1604_ESMFold_hypothetical_protein	AF-Q8LNN5-F1-model_v4	AF-Q8LNN5-F1-model_v4 Os10g0537500 protein	1.620E-01	0.991	84	3	235	240	39	277	294	251	0.971	0.813
LOKIASV2_1604_ESMFold_hypothetical_protein	AF-Q9XX72-F1-model_v4	AF-Q9XX72-F1-model_v4 G_PROTEIN_RECEP_F1_2 domain-containing protein	1.620E-01	0.991	84	8	239	240	5	282	305	288	0.967	0.911
LOKIASV2_1604_ESMFold_hypothetical_protein	AF-A0A0K0E6Y0-F1-model_v4	AF-A0A0K0E6Y0-F1-model_v4 G_PROTEIN_RECEP_F1_2 domain-containing protein	3.039E-01	0.991	84	5	239	240	2	278	313	285	0.979	0.885
LOKIASV2_1604_ESMFold_hypothetical_protein	AF-Q9XXR7-F1-model_v4	AF-Q9XXR7-F1-model_v4 Serpentine Receptor, class U	6.031E-02	0.991	84	4	235	240	29	297	325	289	0.967	0.828
LOKIASV2_1604_ESMFold_hypothetical_protein	AF-K0EUE1-F1-model_v4	AF-K0EUE1-F1-model_v4 Uncharacterized protein	2.656E-01	0.991	84	1	238	240	5	241	390	259	0.992	0.608
LOKIASV2_1604_ESMFold_hypothetical_protein	AF-A0A2R8Q5E9-F1-model_v4	AF-A0A2R8Q5E9-F1-model_v4 Adhesion G protein-coupled receptor G4b	3.179E-01	0.991	84	1	234	240	120	387	406	278	0.975	0.660
LOKIASV2_1604_ESMFold_hypothetical_protein	AF-Q9W3S5-F1-model_v4	AF-Q9W3S5-F1-model_v4 LD03007p	3.638E-01	0.990	83	4	227	240	85	302	313	239	0.933	0.696
LOKIASV2_1604_ESMFold_hypothetical_protein	AF-Q01727-F1-model_v4	AF-Q01727-F1-model_v4 Melanocyte-stimulating hormone receptor	9.451E-02	0.990	83	1	239	240	36	311	315	289	0.996	0.876
LOKIASV2_1604_ESMFold_hypothetical_protein	AF-C0NUX3-F1-model_v4	AF-C0NUX3-F1-model_v4 Uncharacterized protein	2.778E-01	0.990	83	9	229	240	21	259	356	254	0.921	0.671
LOKIASV2_1604_ESMFold_hypothetical_protein	AF-A0A2K5ATZ5-F1-model_v4	AF-A0A2K5ATZ5-F1-model_v4 G_PROTEIN_RECEP_F1_2 domain-containing protein	4.817E-02	0.990	83	4	239	240	54	341	427	300	0.983	0.674
LOKIASV2_1604_ESMFold_hypothetical_protein	AF-E7F7P8-F1-model_v4	AF-E7F7P8-F1-model_v4 Proline-rich transmembrane protein 4	2.122E-01	0.990	83	4	229	240	317	583	866	278	0.942	0.308
LOKIASV2_1604_ESMFold_hypothetical_protein	AF-Q9NYV7-F1-model_v4	AF-Q9NYV7-F1-model_v4 Taste receptor type 2 member 16	1.183E-01	0.988	82	4	238	240	13	290	291	287	0.979	0.955
LOKIASV2_1604_ESMFold_hypothetical_protein	AF-P32244-F1-model_v4	AF-P32244-F1-model_v4 Melanocortin receptor 3	1.416E-01	0.988	82	1	239	240	41	314	323	291	0.996	0.848
LOKIASV2_1604_ESMFold_hypothetical_protein	AF-F1Q9X6-F1-model_v4	AF-F1Q9X6-F1-model_v4 Melanocortin receptor 5	1.354E-01	0.988	82	1	235	240	41	308	328	289	0.979	0.817
LOKIASV2_1604_ESMFold_hypothetical_protein	AF-Q5BHI1-F1-model_v4	AF-Q5BHI1-F1-model_v4 G_PROTEIN_RECEP_F1_2 domain-containing protein	4.354E-01	0.988	82	4	238	240	14	282	329	275	0.979	0.818
LOKIASV2_1604_ESMFold_hypothetical_protein	AF-Q9XW59-F1-model_v4	AF-Q9XW59-F1-model_v4 Uncharacterized protein	5.451E-01	0.988	82	1	239	240	44	328	344	291	0.996	0.828
LOKIASV2_1604_ESMFold_hypothetical_protein	AF-A0A7I4KGJ9-F1-model_v4	AF-A0A7I4KGJ9-F1-model_v4 G_PROTEIN_RECEP_F1_2 domain-containing protein	1.183E-01	0.988	82	4	240	240	35	388	402	356	0.988	0.881
LOKIASV2_1604_ESMFold_hypothetical_protein	AF-Q9W0V7-F1-model_v4	AF-Q9W0V7-F1-model_v4 Probable G-protein coupled receptor Mth-like 8	7.137E-01	0.988	82	2	236	240	212	473	492	273	0.979	0.533
LOKIASV2_1604_ESMFold_hypothetical_protein	AF-Q9HYE4-F1-model_v4	AF-Q9HYE4-F1-model_v4 Histidine kinase	4.354E-01	0.988	82	11	239	240	183	392	919	242	0.954	0.229
LOKIASV2_1604_ESMFold_hypothetical_protein	AF-Q5T4S7-F7-model_v4	AF-Q5T4S7-F7-model_v4 E3 ubiquitin-protein ligase UBR4	2.029E-01	0.988	82	6	239	240	945	1201	1280	271	0.975	0.201
LOKIASV2_1604_ESMFold_hypothetical_protein	AF-Q7YXU6-F1-model_v4	AF-Q7YXU6-F1-model_v4 G_PROTEIN_RECEP_F1_2 domain-containing protein	4.354E-01	0.986	81	8	239	240	5	295	313	292	0.967	0.930
LOKIASV2_1604_ESMFold_hypothetical_protein	AF-U7PNZ2-F1-model_v4	AF-U7PNZ2-F1-model_v4 Uncharacterized protein	2.656E-01	0.986	81	9	238	240	24	281	313	264	0.958	0.824
LOKIASV2_1604_ESMFold_hypothetical_protein	AF-A0A175VQ50-F1-model_v4	AF-A0A175VQ50-F1-model_v4 Uncharacterized protein	2.122E-01	0.986	81	1	240	240	11	274	367	276	1.000	0.719
LOKIASV2_1604_ESMFold_hypothetical_protein	AF-A0A0K0E5D3-F1-model_v4	AF-A0A0K0E5D3-F1-model_v4 G_PROTEIN_RECEP_F1_2 domain-containing protein	2.778E-01	0.986	81	1	239	240	15	285	377	278	0.996	0.719
LOKIASV2_1604_ESMFold_hypothetical_protein	AF-P28336-F1-model_v4	AF-P28336-F1-model_v4 Neuromedin-B receptor	7.218E-02	0.986	81	4	238	240	49	337	390	300	0.979	0.741
LOKIASV2_1604_ESMFold_hypothetical_protein	AF-E7FD86-F1-model_v4	AF-E7FD86-F1-model_v4 Adhesion G protein-coupled receptor G3	2.906E-01	0.986	81	1	238	240	124	397	421	284	0.992	0.651
LOKIASV2_1604_ESMFold_hypothetical_protein	AF-P32215-F1-model_v4	AF-P32215-F1-model_v4 Pituitary adenylate cyclase-activating polypeptide type I receptor	3.478E-01	0.986	81	2	239	240	146	470	523	327	0.992	0.621
LOKIASV2_1604_ESMFold_hypothetical_protein	AF-Q8K209-F1-model_v4	AF-Q8K209-F1-model_v4 Adhesion G-protein coupled receptor G1	3.179E-01	0.986	81	2	227	240	401	654	687	270	0.942	0.370
LOKIASV2_1604_ESMFold_hypothetical_protein	AF-Q5TBA9-F5-model_v4	AF-Q5TBA9-F5-model_v4 Protein furry homolog	2.778E-01	0.986	81	4	236	240	1143	1398	1400	275	0.971	0.183
LOKIASV2_1604_ESMFold_hypothetical_protein	AF-I1KR24-F1-model_v4	AF-I1KR24-F1-model_v4 DUF1084 domain-containing protein	1.131E-01	0.984	80	4	235	240	40	277	294	252	0.967	0.810
LOKIASV2_1604_ESMFold_hypothetical_protein	AF-A0A1D6PKY2-F1-model_v4	AF-A0A1D6PKY2-F1-model_v4 Tobamovirus multiplication protein 3	1.854E-01	0.984	80	3	235	240	28	280	297	267	0.971	0.852
LOKIASV2_1604_ESMFold_hypothetical_protein	AF-A0A175VSV0-F1-model_v4	AF-A0A175VSV0-F1-model_v4 Sphingoid long-chain base transporter RSB1	1.695E-01	0.984	80	1	225	240	36	287	324	269	0.938	0.778
LOKIASV2_1604_ESMFold_hypothetical_protein	AF-O14843-F1-model_v4	AF-O14843-F1-model_v4 Free fatty acid receptor 3	2.906E-01	0.984	80	4	239	240	20	290	346	285	0.983	0.783
LOKIASV2_1604_ESMFold_hypothetical_protein	AF-Q9H228-F1-model_v4	AF-Q9H228-F1-model_v4 Sphingosine 1-phosphate receptor 5	2.321E-01	0.984	80	1	235	240	36	316	398	288	0.979	0.706
LOKIASV2_1604_ESMFold_hypothetical_protein	AF-Q9SNM0-F1-model_v4	AF-Q9SNM0-F1-model_v4 Os06g0132100 protein	2.219E-01	0.984	80	2	239	240	186	446	454	270	0.992	0.575
LOKIASV2_1604_ESMFold_hypothetical_protein	AF-A0A0K0ERX8-F1-model_v4	AF-A0A0K0ERX8-F1-model_v4 G_PROTEIN_RECEP_F1_2 domain-containing protein	3.325E-01	0.984	80	4	239	240	49	454	612	407	0.983	0.663
LOKIASV2_1604_ESMFold_hypothetical_protein	AF-O17960-F1-model_v4	AF-O17960-F1-model_v4 G_PROTEIN_RECEP_F1_2 domain-containing protein	5.963E-01	0.981	79	1	236	240	1	265	311	277	0.983	0.852
LOKIASV2_1604_ESMFold_hypothetical_protein	AF-A0A0K0EJJ2-F1-model_v4	AF-A0A0K0EJJ2-F1-model_v4 Uncharacterized protein	1.034E-01	0.981	79	1	238	240	1	272	320	282	0.992	0.850
LOKIASV2_1604_ESMFold_hypothetical_protein	AF-A0A0P0Y2J1-F1-model_v4	AF-A0A0P0Y2J1-F1-model_v4 Os11g0466300 protein	4.982E-01	0.981	79	2	232	240	13	258	333	257	0.962	0.739
LOKIASV2_1604_ESMFold_hypothetical_protein	AF-A0A2R8QEE9-F1-model_v4	AF-A0A2R8QEE9-F1-model_v4 Neuromedin B receptor	1.416E-01	0.981	79	2	239	240	32	327	370	304	0.992	0.800
LOKIASV2_1604_ESMFold_hypothetical_protein	AF-Q91X56-F1-model_v4	AF-Q91X56-F1-model_v4 Sphingosine 1-phosphate receptor 5	2.428E-01	0.981	79	2	235	240	37	317	400	293	0.975	0.702
LOKIASV2_1604_ESMFold_hypothetical_protein	AF-Q9LZ39-F1-model_v4	AF-Q9LZ39-F1-model_v4 Protein CANDIDATE G-PROTEIN COUPLED RECEPTOR 6	3.179E-01	0.981	79	2	240	240	168	428	428	269	0.996	0.610
LOKIASV2_1604_ESMFold_hypothetical_protein	AF-D4A9R4-F1-model_v4	AF-D4A9R4-F1-model_v4 Proline-rich transmembrane protein 4	3.325E-01	0.981	79	2	224	240	361	622	902	271	0.929	0.290
LOKIASV2_1604_ESMFold_hypothetical_protein	AF-O61895-F1-model_v4	AF-O61895-F1-model_v4 G_PROTEIN_RECEP_F1_2 domain-containing protein	3.638E-01	0.978	78	1	237	240	3	283	308	293	0.988	0.912
LOKIASV2_1604_ESMFold_hypothetical_protein	AF-A0A2R8PYH1-F1-model_v4	AF-A0A2R8PYH1-F1-model_v4 G_PROTEIN_RECEP_F1_2 domain-containing protein	2.778E-01	0.978	78	2	237	240	25	332	381	317	0.983	0.808
LOKIASV2_1604_ESMFold_hypothetical_protein	AF-A0A0D2HFJ7-F1-model_v4	AF-A0A0D2HFJ7-F1-model_v4 Unplaced genomic scaffold supercont1.2, whole genome shotgun sequence	4.163E-01	0.975	77	9	235	240	17	266	296	263	0.946	0.845
LOKIASV2_1604_ESMFold_hypothetical_protein	AF-A0A0G2KLE8-F1-model_v4	AF-A0A0G2KLE8-F1-model_v4 G protein-coupled receptor 35, tandem duplicate 1	3.039E-01	0.975	77	1	238	240	21	300	328	287	0.992	0.854
LOKIASV2_1604_ESMFold_hypothetical_protein	AF-A0A0N4UE89-F1-model_v4	AF-A0A0N4UE89-F1-model_v4 G_PROTEIN_RECEP_F1_2 domain-containing protein	1.481E-01	0.975	77	2	238	240	43	358	376	332	0.988	0.840
LOKIASV2_1604_ESMFold_hypothetical_protein	AF-E7F7E1-F1-model_v4	AF-E7F7E1-F1-model_v4 G_PROTEIN_RECEP_F1_2 domain-containing protein	2.029E-01	0.975	77	4	238	240	55	332	380	289	0.979	0.732
LOKIASV2_1604_ESMFold_hypothetical_protein	AF-O54798-F1-model_v4	AF-O54798-F1-model_v4 Bombesin receptor subtype-3	1.294E-01	0.975	77	1	238	240	42	343	399	307	0.992	0.757
LOKIASV2_1604_ESMFold_hypothetical_protein	AF-A0A1C1CJI9-F1-model_v4	AF-A0A1C1CJI9-F1-model_v4 Protein RTM1	4.982E-01	0.971	76	1	237	240	28	281	297	269	0.988	0.855
LOKIASV2_1604_ESMFold_hypothetical_protein	AF-A0A175WD31-F1-model_v4	AF-A0A175WD31-F1-model_v4 Uncharacterized protein	2.906E-01	0.971	76	4	230	240	18	284	357	275	0.946	0.748
LOKIASV2_1604_ESMFold_hypothetical_protein	AF-A0A0D2G2F9-F1-model_v4	AF-A0A0D2G2F9-F1-model_v4 Unplaced genomic scaffold supercont1.8, whole genome shotgun sequence	1.131E-01	0.971	76	4	236	240	21	281	398	278	0.971	0.656
LOKIASV2_1604_ESMFold_hypothetical_protein	AF-Q03566-F1-model_v4	AF-Q03566-F1-model_v4 Probable G-protein coupled receptor tkr-1	1.620E-01	0.971	76	4	235	240	49	325	406	288	0.967	0.682
LOKIASV2_1604_ESMFold_hypothetical_protein	AF-A0A044SIF5-F1-model_v4	AF-A0A044SIF5-F1-model_v4 G_PROTEIN_RECEP_F1_2 domain-containing protein	9.451E-02	0.971	76	5	235	240	131	406	475	288	0.962	0.581
LOKIASV2_1604_ESMFold_hypothetical_protein	AF-Q3V3Z3-F1-model_v4	AF-Q3V3Z3-F1-model_v4 Adhesion G-protein coupled receptor G5	2.540E-01	0.971	76	2	238	240	236	515	524	294	0.988	0.534
LOKIASV2_1604_ESMFold_hypothetical_protein	AF-A0A0K0EQF1-F1-model_v4	AF-A0A0K0EQF1-F1-model_v4 Uncharacterized protein	2.656E-01	0.967	75	1	239	240	3	287	313	295	0.996	0.911
LOKIASV2_1604_ESMFold_hypothetical_protein	AF-A0A0N4UA75-F1-model_v4	AF-A0A0N4UA75-F1-model_v4 G_PROTEIN_RECEP_F1_2 domain-containing protein	2.906E-01	0.967	75	1	235	240	49	330	379	293	0.979	0.744
LOKIASV2_1604_ESMFold_hypothetical_protein	AF-F1QBH4-F1-model_v4	AF-F1QBH4-F1-model_v4 Relaxin family peptide receptor 3.2b	1.481E-01	0.967	75	2	239	240	55	363	398	315	0.992	0.776
LOKIASV2_1604_ESMFold_hypothetical_protein	AF-A0A2R8QDM0-F1-model_v4	AF-A0A2R8QDM0-F1-model_v4 G_PROTEIN_RECEP_F1_2 domain-containing protein	5.211E-01	0.961	74	1	237	240	44	326	350	285	0.988	0.809
LOKIASV2_1604_ESMFold_hypothetical_protein	AF-D0IMZ2-F1-model_v4	AF-D0IMZ2-F1-model_v4 Uncharacterized protein	2.540E-01	0.961	74	1	228	240	83	354	508	278	0.950	0.535
LOKIASV2_1604_ESMFold_hypothetical_protein	AF-Q9FEG2-F1-model_v4	AF-Q9FEG2-F1-model_v4 Tobamovirus multiplication protein 1	4.763E-01	0.956	73	4	235	240	37	274	291	249	0.967	0.818
LOKIASV2_1604_ESMFold_hypothetical_protein	AF-B2RU40-F1-model_v4	AF-B2RU40-F1-model_v4 Proline-rich transmembrane protein 4	3.179E-01	0.956	73	2	235	240	361	622	902	275	0.975	0.290
LOKIASV2_1604_ESMFold_hypothetical_protein	AF-F2Z4R5-F1-model_v4	AF-F2Z4R5-F1-model_v4 Transmembrane protein 163	9.036E-02	0.949	72	2	238	240	77	277	284	244	0.988	0.708
LOKIASV2_1604_ESMFold_hypothetical_protein	AF-B0R167-F1-model_v4	AF-B0R167-F1-model_v4 Si:ch211-119o8.4	5.701E-01	0.949	72	4	239	240	20	311	340	300	0.983	0.859
LOKIASV2_1604_ESMFold_hypothetical_protein	AF-Q9VXF0-F1-model_v4	AF-Q9VXF0-F1-model_v4 RE09848p	8.542E-01	0.941	71	5	236	240	23	231	232	240	0.967	0.901
LOKIASV2_1604_ESMFold_hypothetical_protein	AF-O45832-F1-model_v4	AF-O45832-F1-model_v4 G_PROTEIN_RECEP_F1_2 domain-containing protein	7.465E-01	0.941	71	1	237	240	1	263	308	269	0.988	0.854
LOKIASV2_1604_ESMFold_hypothetical_protein	AF-I1LXH8-F1-model_v4	AF-I1LXH8-F1-model_v4 Uncharacterized protein	2.778E-01	0.941	71	4	238	240	177	434	443	269	0.979	0.582
LOKIASV2_1604_ESMFold_hypothetical_protein	AF-Q54LJ7-F1-model_v4	AF-Q54LJ7-F1-model_v4 Frizzled and smoothened-like protein P	7.465E-01	0.941	71	10	238	240	227	526	587	310	0.954	0.511
LOKIASV2_1604_ESMFold_hypothetical_protein	AF-P40100-F1-model_v4	AF-P40100-F1-model_v4 Protoporphyrin uptake protein 1	2.656E-01	0.933	70	1	236	240	16	296	303	293	0.983	0.927
LOKIASV2_1604_ESMFold_hypothetical_protein	AF-Q9JKM5-F1-model_v4	AF-Q9JKM5-F1-model_v4 Sphingosine 1-phosphate receptor 5	2.321E-01	0.933	70	1	235	240	36	317	400	299	0.979	0.705
LOKIASV2_1604_ESMFold_hypothetical_protein	AF-A0A044RKA6-F1-model_v4	AF-A0A044RKA6-F1-model_v4 Uncharacterized protein	4.354E-01	0.923	69	8	233	240	38	307	309	285	0.942	0.874
LOKIASV2_1604_ESMFold_hypothetical_protein	AF-Q8N146-F1-model_v4	AF-Q8N146-F1-model_v4 Olfactory receptor 8H3	9.345E-01	0.923	69	1	240	240	19	309	312	294	1.000	0.933
LOKIASV2_1604_ESMFold_hypothetical_protein	AF-Q96R84-F1-model_v4	AF-Q96R84-F1-model_v4 Putative olfactory receptor 1F2	9.345E-01	0.912	68	1	239	240	20	304	312	291	0.996	0.913
LOKIASV2_1604_ESMFold_hypothetical_protein	AF-A0A3P7SWU6-F1-model_v4	AF-A0A3P7SWU6-F1-model_v4 Uncharacterized protein	1.034E-01	0.912	68	1	240	240	77	324	359	262	1.000	0.691
LOKIASV2_1604_ESMFold_hypothetical_protein	AF-X1WEL2-F1-model_v4	AF-X1WEL2-F1-model_v4 G protein-coupled receptor, class C, group 5, member Ba	4.982E-01	0.912	68	2	235	240	52	293	397	252	0.975	0.610
LOKIASV2_1604_ESMFold_hypothetical_protein	AF-D4AEH8-F1-model_v4	AF-D4AEH8-F1-model_v4 Endothelial differentiation, lysophosphatidic acid G-protein-coupled receptor 6 (Predicted)	8.542E-01	0.912	68	2	237	240	74	337	413	275	0.983	0.639
LOKIASV2_1604_ESMFold_hypothetical_protein	AF-A1ZAX0-F1-model_v4	AF-A1ZAX0-F1-model_v4 Neuropeptide CCHamide-1 receptor	7.808E-01	0.912	68	1	239	240	78	380	499	307	0.996	0.607
LOKIASV2_1604_ESMFold_hypothetical_protein	AF-Q4TT86-F1-model_v4	AF-Q4TT86-F1-model_v4 Uncharacterized protein	5.211E-01	0.900	67	5	239	240	15	271	300	283	0.979	0.857
LOKIASV2_1604_ESMFold_hypothetical_protein	AF-Q8NGG4-F1-model_v4	AF-Q8NGG4-F1-model_v4 Olfactory receptor 8H1	7.137E-01	0.900	67	1	240	240	18	308	311	297	1.000	0.936
LOKIASV2_1604_ESMFold_hypothetical_protein	AF-A0A3P7FIX7-F1-model_v4	AF-A0A3P7FIX7-F1-model_v4 G_PROTEIN_RECEP_F1_2 domain-containing protein	5.963E-01	0.900	67	5	235	240	79	331	407	268	0.962	0.622
LOKIASV2_1604_ESMFold_hypothetical_protein	AF-Q5A9Z4-F1-model_v4	AF-Q5A9Z4-F1-model_v4 Ste3p	6.524E-01	0.900	67	1	239	240	1	295	417	312	0.996	0.707
LOKIASV2_1604_ESMFold_hypothetical_protein	AF-A0A0G2JSN6-F1-model_v4	AF-A0A0G2JSN6-F1-model_v4 Adhesion G protein-coupled receptor G3	1.170E+00	0.900	67	4	226	240	268	519	547	262	0.929	0.461
LOKIASV2_1604_ESMFold_hypothetical_protein	AF-Q09366-F1-model_v4	AF-Q09366-F1-model_v4 Uncharacterized protein ZK1320.5	2.778E-01	0.887	66	4	239	240	7	293	414	297	0.983	0.693
LOKIASV2_1604_ESMFold_hypothetical_protein	AF-Q54WN6-F1-model_v4	AF-Q54WN6-F1-model_v4 Cyclic AMP receptor-like protein G	8.935E-01	0.887	66	2	238	240	13	339	515	340	0.988	0.635
LOKIASV2_1604_ESMFold_hypothetical_protein	AF-Q8K3V3-F1-model_v4	AF-Q8K3V3-F1-model_v4 Adhesion G-protein coupled receptor G1	1.170E+00	0.887	66	2	227	240	401	654	687	270	0.942	0.370
LOKIASV2_1604_ESMFold_hypothetical_protein	AF-Q6IQ69-F1-model_v4	AF-Q6IQ69-F1-model_v4 Protein myomaker	1.224E+00	0.872	65	4	221	240	7	194	220	228	0.908	0.855
LOKIASV2_1604_ESMFold_hypothetical_protein	AF-A0A0G2KW99-F1-model_v4	AF-A0A0G2KW99-F1-model_v4 Retinal G protein-coupled receptor b	7.465E-01	0.872	65	4	226	240	21	263	290	256	0.929	0.838
LOKIASV2_1604_ESMFold_hypothetical_protein	AF-A0A0N4UE85-F1-model_v4	AF-A0A0N4UE85-F1-model_v4 G_PROTEIN_RECEP_F1_2 domain-containing protein	9.775E-01	0.872	65	4	239	240	5	292	313	302	0.983	0.920
LOKIASV2_1604_ESMFold_hypothetical_protein	AF-Q9P6N9-F1-model_v4	AF-Q9P6N9-F1-model_v4 Protein PER1 homolog	1.170E+00	0.872	65	10	239	240	107	322	331	235	0.958	0.653
LOKIASV2_1604_ESMFold_hypothetical_protein	AF-A0A5K4ERI6-F1-model_v4	AF-A0A5K4ERI6-F1-model_v4 Putative cation efflux protein/ zinc transporter	1.481E-01	0.872	65	2	233	240	109	315	384	244	0.967	0.539
LOKIASV2_1604_ESMFold_hypothetical_protein	AF-A0A0D2G6C0-F1-model_v4	AF-A0A0D2G6C0-F1-model_v4 Unplaced genomic scaffold supercont1.9, whole genome shotgun sequence	1.465E+00	0.872	65	1	238	240	4	364	436	368	0.992	0.828
LOKIASV2_1604_ESMFold_hypothetical_protein	AF-Q03218-F1-model_v4	AF-Q03218-F1-model_v4 Mitochondrial metal transporter 1	1.620E-01	0.872	65	8	239	240	160	380	510	242	0.967	0.433
LOKIASV2_1604_ESMFold_hypothetical_protein	AF-K0F517-F1-model_v4	AF-K0F517-F1-model_v4 Uncharacterized protein	2.006E+00	0.855	64	16	234	240	2	226	365	242	0.913	0.616
LOKIASV2_1604_ESMFold_hypothetical_protein	AF-A0A3P7DK31-F1-model_v4	AF-A0A3P7DK31-F1-model_v4 Post-GPI attachment to proteins factor 3	5.701E-01	0.837	63	8	237	240	48	256	257	245	0.958	0.813
LOKIASV2_1604_ESMFold_hypothetical_protein	AF-A0A2R8QJ82-F1-model_v4	AF-A0A2R8QJ82-F1-model_v4 Uncharacterized protein	7.137E-01	0.837	63	8	237	240	47	304	309	266	0.958	0.835
LOKIASV2_1604_ESMFold_hypothetical_protein	AF-Q9Y7S5-F1-model_v4	AF-Q9Y7S5-F1-model_v4 Uncharacterized membrane protein C569.06	1.532E+00	0.837	63	1	224	240	205	444	478	250	0.933	0.502
LOKIASV2_1604_ESMFold_hypothetical_protein	AF-F1M644-F1-model_v4	AF-F1M644-F1-model_v4 Adhesion G protein-coupled receptor G5	1.602E+00	0.837	63	2	239	240	241	513	523	288	0.992	0.522
LOKIASV2_1604_ESMFold_hypothetical_protein	AF-Q1ZXE4-F1-model_v4	AF-Q1ZXE4-F1-model_v4 Frizzled and smoothened-like protein Q	8.935E-01	0.837	63	10	235	240	228	501	578	291	0.942	0.474
LOKIASV2_1604_ESMFold_hypothetical_protein	AF-A0A044RPG7-F1-model_v4	AF-A0A044RPG7-F1-model_v4 Uncharacterized protein	4.163E-01	0.817	62	2	235	240	26	315	380	294	0.975	0.763
LOKIASV2_1604_ESMFold_hypothetical_protein	AF-B6E506-F1-model_v4	AF-B6E506-F1-model_v4 Dopamine receptor D1	1.224E+00	0.817	62	4	237	240	20	342	446	331	0.975	0.724
LOKIASV2_1604_ESMFold_hypothetical_protein	AF-Q8BLD9-F1-model_v4	AF-Q8BLD9-F1-model_v4 D(1B) dopamine receptor	8.935E-01	0.817	62	1	239	240	34	367	478	340	0.996	0.699
LOKIASV2_1604_ESMFold_hypothetical_protein	AF-Q8R0T6-F1-model_v4	AF-Q8R0T6-F1-model_v4 Adhesion G protein-coupled receptor G3	2.194E+00	0.817	62	2	226	240	261	514	542	264	0.938	0.469
LOKIASV2_1604_ESMFold_hypothetical_protein	AF-G5EFP6-F1-model_v4	AF-G5EFP6-F1-model_v4 Serpentine Receptor, class Z	3.980E-01	0.795	61	6	237	240	15	254	281	265	0.967	0.854
LOKIASV2_1604_ESMFold_hypothetical_protein	AF-U7PLR8-F1-model_v4	AF-U7PLR8-F1-model_v4 Uncharacterized protein	1.465E+00	0.795	61	9	231	240	20	257	340	258	0.929	0.700
LOKIASV2_1604_ESMFold_hypothetical_protein	AF-I1KGK7-F1-model_v4	AF-I1KGK7-F1-model_v4 Uncharacterized protein	1.280E+00	0.795	61	1	235	240	12	250	352	259	0.979	0.679
LOKIASV2_1604_ESMFold_hypothetical_protein	AF-C1GU11-F1-model_v4	AF-C1GU11-F1-model_v4 RTA1 domain-containing protein	1.170E+00	0.795	61	9	231	240	22	296	353	289	0.929	0.779
LOKIASV2_1604_ESMFold_hypothetical_protein	AF-Q55D80-F1-model_v4	AF-Q55D80-F1-model_v4 Uncharacterized protein	1.676E+00	0.772	60	4	237	240	11	219	220	244	0.975	0.950
LOKIASV2_1604_ESMFold_hypothetical_protein	AF-P35414-F1-model_v4	AF-P35414-F1-model_v4 Apelin receptor	7.465E-01	0.772	60	1	239	240	26	323	380	315	0.996	0.784
LOKIASV2_1604_ESMFold_hypothetical_protein	AF-A0A0K0E3F8-F1-model_v4	AF-A0A0K0E3F8-F1-model_v4 Uncharacterized protein	1.620E-01	0.772	60	8	234	240	148	360	481	246	0.946	0.443
LOKIASV2_1604_ESMFold_hypothetical_protein	AF-P53047-F1-model_v4	AF-P53047-F1-model_v4 Protein RTA1	1.170E+00	0.747	59	5	238	240	18	290	317	280	0.975	0.861
LOKIASV2_1604_ESMFold_hypothetical_protein	AF-F1QM07-F1-model_v4	AF-F1QM07-F1-model_v4 Cystinosin, lysosomal cystine transporter	3.980E-01	0.747	59	1	225	240	125	358	384	252	0.938	0.609
LOKIASV2_1604_ESMFold_hypothetical_protein	AF-Q6PML9-F1-model_v4	AF-Q6PML9-F1-model_v4 Zinc transporter 9	2.122E-01	0.747	59	1	224	240	224	445	568	250	0.933	0.391
LOKIASV2_1604_ESMFold_hypothetical_protein	AF-F4HXW0-F1-model_v4	AF-F4HXW0-F1-model_v4 Plant invertase/pectin methylesterase inhibitor superfamily protein	4.305E+00	0.720	58	1	117	240	84	198	219	119	0.488	0.525
LOKIASV2_1604_ESMFold_hypothetical_protein	AF-A9CMA6-F1-model_v4	AF-A9CMA6-F1-model_v4 Transmembrane protein 163	2.656E-01	0.720	58	2	238	240	81	281	288	238	0.988	0.698
LOKIASV2_1604_ESMFold_hypothetical_protein	AF-A0A044QNA6-F1-model_v4	AF-A0A044QNA6-F1-model_v4 G_PROTEIN_RECEP_F1_2 domain-containing protein	8.935E-01	0.720	58	2	239	240	20	323	356	306	0.992	0.854
LOKIASV2_1604_ESMFold_hypothetical_protein	AF-F1QFA1-F1-model_v4	AF-F1QFA1-F1-model_v4 Solute carrier family 30 member 2	5.963E-01	0.720	58	2	227	240	70	297	398	260	0.942	0.573
LOKIASV2_1604_ESMFold_hypothetical_protein	AF-G4VMC2-F1-model_v4	AF-G4VMC2-F1-model_v4 Putative cystinosin	2.321E-01	0.720	58	1	230	240	135	375	406	256	0.958	0.594
LOKIASV2_1604_ESMFold_hypothetical_protein	AF-Q5PQZ3-F1-model_v4	AF-Q5PQZ3-F1-model_v4 Zinc transporter 9	2.656E-01	0.720	58	1	224	240	229	450	573	253	0.933	0.387
LOKIASV2_1604_ESMFold_hypothetical_protein	AF-A0A1C1CHK2-F1-model_v4	AF-A0A1C1CHK2-F1-model_v4 Uncharacterized protein	1.119E+00	0.692	57	4	239	240	9	236	265	253	0.983	0.860
LOKIASV2_1604_ESMFold_hypothetical_protein	AF-Q8C996-F1-model_v4	AF-Q8C996-F1-model_v4 Transmembrane protein 163	3.039E-01	0.692	57	2	238	240	81	281	288	238	0.988	0.698
LOKIASV2_1604_ESMFold_hypothetical_protein	AF-A0A0K0E650-F1-model_v4	AF-A0A0K0E650-F1-model_v4 G_PROTEIN_RECEP_F1_2 domain-containing protein	8.542E-01	0.692	57	12	237	240	4	300	339	314	0.942	0.876
LOKIASV2_1604_ESMFold_hypothetical_protein	AF-A0A0N4UME7-F1-model_v4	AF-A0A0N4UME7-F1-model_v4 Uncharacterized protein	1.549E-01	0.692	57	8	236	240	12	232	415	265	0.954	0.533
LOKIASV2_1604_ESMFold_hypothetical_protein	AF-I1L8N5-F1-model_v4	AF-I1L8N5-F1-model_v4 Uncharacterized protein	1.602E+00	0.692	57	2	238	240	171	411	430	260	0.988	0.560
LOKIASV2_1604_ESMFold_hypothetical_protein	AF-Q8ZKR4-F1-model_v4	AF-Q8ZKR4-F1-model_v4 Cation-efflux pump FieF	3.805E-01	0.663	56	1	239	240	1	205	300	249	0.996	0.683
LOKIASV2_1604_ESMFold_hypothetical_protein	AF-A0A3Q0KPY3-F1-model_v4	AF-A0A3Q0KPY3-F1-model_v4 Putative cation efflux protein/ zinc transporter	2.906E-01	0.663	56	2	237	240	109	315	390	253	0.983	0.531
LOKIASV2_1604_ESMFold_hypothetical_protein	AF-C6TAH5-F1-model_v4	AF-C6TAH5-F1-model_v4 Uncharacterized protein	4.163E-01	0.663	56	1	225	240	71	281	427	241	0.938	0.494
LOKIASV2_1604_ESMFold_hypothetical_protein	AF-A0A1D6J541-F1-model_v4	AF-A0A1D6J541-F1-model_v4 Metal tolerance protein C4	4.763E-01	0.663	56	1	225	240	118	328	472	243	0.938	0.447
LOKIASV2_1604_ESMFold_hypothetical_protein	AF-Q3V5J4-F1-model_v4	AF-Q3V5J4-F1-model_v4 Solute carrier family 30 member 9	3.980E-01	0.663	56	1	237	240	158	373	495	248	0.988	0.436
LOKIASV2_1604_ESMFold_hypothetical_protein	AF-Q5IRJ6-F1-model_v4	AF-Q5IRJ6-F1-model_v4 Zinc transporter 9	2.778E-01	0.663	56	1	226	240	223	446	567	254	0.942	0.395
LOKIASV2_1604_ESMFold_hypothetical_protein	AF-F1R9B1-F1-model_v4	AF-F1R9B1-F1-model_v4 Adhesion G protein-coupled receptor G11	6.824E-01	0.663	56	1	230	240	506	768	793	284	0.958	0.332
LOKIASV2_1604_ESMFold_hypothetical_protein	AF-Q9VIT6-F1-model_v4	AF-Q9VIT6-F1-model_v4 IP07844p	8.542E-01	0.632	55	1	240	240	9	222	222	249	1.000	0.964
LOKIASV2_1604_ESMFold_hypothetical_protein	AF-Q54MS9-F1-model_v4	AF-Q54MS9-F1-model_v4 Uncharacterized protein	2.098E+00	0.632	55	4	223	240	24	261	383	243	0.917	0.621
LOKIASV2_1604_ESMFold_hypothetical_protein	AF-U7PX26-F1-model_v4	AF-U7PX26-F1-model_v4 Uncharacterized protein	2.401E+00	0.632	55	12	231	240	53	298	389	263	0.917	0.632
LOKIASV2_1604_ESMFold_hypothetical_protein	AF-G5EBI9-F1-model_v4	AF-G5EBI9-F1-model_v4 Cytochrome b5 heme-binding domain-containing protein	9.775E-01	0.601	54	1	235	240	14	273	337	272	0.979	0.772
LOKIASV2_1604_ESMFold_hypothetical_protein	AF-Q6Z7K5-F1-model_v4	AF-Q6Z7K5-F1-model_v4 Metal tolerance protein 3	4.554E-01	0.601	54	2	236	240	106	306	410	249	0.979	0.490
LOKIASV2_1604_ESMFold_hypothetical_protein	AF-K7K8J1-F1-model_v4	AF-K7K8J1-F1-model_v4 ZT_dimer domain-containing protein	5.451E-01	0.601	54	1	235	240	63	292	491	258	0.979	0.468
LOKIASV2_1604_ESMFold_hypothetical_protein	AF-K0FBV1-F1-model_v4	AF-K0FBV1-F1-model_v4 CDF family transporter	3.638E-01	0.569	53	3	233	240	8	218	303	252	0.962	0.696
LOKIASV2_1604_ESMFold_hypothetical_protein	AF-Q6QIX3-F1-model_v4	AF-Q6QIX3-F1-model_v4 Zinc transporter 3	7.137E-01	0.569	53	1	227	240	65	286	388	261	0.946	0.572
LOKIASV2_1604_ESMFold_hypothetical_protein	AF-P97441-F1-model_v4	AF-P97441-F1-model_v4 Zinc transporter 3	6.237E-01	0.569	53	1	227	240	65	286	388	265	0.946	0.572
LOKIASV2_1604_ESMFold_hypothetical_protein	AF-Q8DP19-F1-model_v4	AF-Q8DP19-F1-model_v4 ZT_dimer domain-containing protein	6.237E-01	0.569	53	4	229	240	7	204	394	227	0.942	0.503
LOKIASV2_1604_ESMFold_hypothetical_protein	AF-Q54N31-F1-model_v4	AF-Q54N31-F1-model_v4 ZT_dimer domain-containing protein	7.137E-01	0.569	53	2	240	240	136	338	434	248	0.996	0.468
LOKIASV2_1604_ESMFold_hypothetical_protein	AF-D3ZWW5-F1-model_v4	AF-D3ZWW5-F1-model_v4 Solute carrier family 30 member 9	3.980E-01	0.569	53	2	225	240	224	445	567	252	0.933	0.392
LOKIASV2_1604_ESMFold_hypothetical_protein	AF-Q9Z210-F1-model_v4	AF-Q9Z210-F1-model_v4 Peroxisomal membrane protein 11B	1.022E+00	0.537	52	7	235	240	52	255	259	241	0.954	0.788
LOKIASV2_1604_ESMFold_hypothetical_protein	AF-Q9SI03-F1-model_v4	AF-Q9SI03-F1-model_v4 Metal tolerance protein 12	2.656E-01	0.537	52	3	236	240	25	214	300	238	0.975	0.633
LOKIASV2_1604_ESMFold_hypothetical_protein	AF-K7N6W9-F1-model_v4	AF-K7N6W9-F1-model_v4 Vomeronasal type-1 receptor	1.532E+00	0.537	52	4	235	240	16	300	304	292	0.967	0.938
LOKIASV2_1604_ESMFold_hypothetical_protein	AF-K0EPJ3-F1-model_v4	AF-K0EPJ3-F1-model_v4 Cation efflux system protein	3.325E-01	0.537	52	1	239	240	1	200	317	244	0.996	0.631
LOKIASV2_1604_ESMFold_hypothetical_protein	AF-A0A158Q545-F1-model_v4	AF-A0A158Q545-F1-model_v4 G_PROTEIN_RECEP_F3_4 domain-containing protein	3.935E+00	0.537	52	2	199	240	34	238	330	222	0.825	0.621
LOKIASV2_1604_ESMFold_hypothetical_protein	AF-I1KV38-F1-model_v4	AF-I1KV38-F1-model_v4 Uncharacterized protein	2.401E+00	0.537	52	1	235	240	12	250	352	263	0.979	0.679
LOKIASV2_1604_ESMFold_hypothetical_protein	AF-A0A0K0DXY9-F1-model_v4	AF-A0A0K0DXY9-F1-model_v4 ZT_dimer domain-containing protein	4.763E-01	0.537	52	4	239	240	80	270	364	242	0.983	0.525
LOKIASV2_1604_ESMFold_hypothetical_protein	AF-O80632-F1-model_v4	AF-O80632-F1-model_v4 Metal tolerance protein 11	4.354E-01	0.537	52	2	233	240	96	294	394	251	0.967	0.505
LOKIASV2_1604_ESMFold_hypothetical_protein	AF-Q584K9-F1-model_v4	AF-Q584K9-F1-model_v4 Metal-ion transporter, putative	5.701E-01	0.537	52	4	228	240	55	368	467	324	0.938	0.672
LOKIASV2_1604_ESMFold_hypothetical_protein	AF-A0A1D8PT85-F1-model_v4	AF-A0A1D8PT85-F1-model_v4 Uncharacterized protein	6.237E-01	0.537	52	1	221	240	316	507	616	235	0.921	0.312
LOKIASV2_1604_ESMFold_hypothetical_protein	AF-A0A2R8Q4M8-F1-model_v4	AF-A0A2R8Q4M8-F1-model_v4 Transmembrane protein 163	5.451E-01	0.505	51	2	238	240	49	249	256	240	0.988	0.785
LOKIASV2_1604_ESMFold_hypothetical_protein	AF-Q32IH6-F1-model_v4	AF-Q32IH6-F1-model_v4 Zinc transporter ZitB	5.451E-01	0.505	51	1	239	240	12	212	313	248	0.996	0.642
LOKIASV2_1604_ESMFold_hypothetical_protein	AF-P75757-F1-model_v4	AF-P75757-F1-model_v4 Zinc transporter ZitB	6.237E-01	0.505	51	8	239	240	17	212	313	245	0.967	0.626
LOKIASV2_1604_ESMFold_hypothetical_protein	AF-A0A0D2G4G5-F1-model_v4	AF-A0A0D2G4G5-F1-model_v4 Unplaced genomic scaffold supercont1.7, whole genome shotgun sequence	3.935E+00	0.505	51	9	220	240	44	284	326	253	0.883	0.739
LOKIASV2_1604_ESMFold_hypothetical_protein	AF-P0CE46-F1-model_v4	AF-P0CE46-F1-model_v4 Zinc transporter 8	7.137E-01	0.505	51	2	231	240	63	271	368	241	0.958	0.568
LOKIASV2_1604_ESMFold_hypothetical_protein	AF-Q09500-F1-model_v4	AF-Q09500-F1-model_v4 Cystinosin homolog	1.069E+00	0.505	51	1	226	240	122	356	404	245	0.942	0.582
LOKIASV2_1604_ESMFold_hypothetical_protein	AF-Q9VVJ1-F1-model_v4	AF-Q9VVJ1-F1-model_v4 Uncharacterized protein, isoform B	2.747E+00	0.505	51	2	237	240	29	379	412	357	0.983	0.852
LOKIASV2_1604_ESMFold_hypothetical_protein	AF-Q8H1G3-F1-model_v4	AF-Q8H1G3-F1-model_v4 Metal tolerance protein C4	9.345E-01	0.505	51	1	235	240	103	326	457	255	0.979	0.490
LOKIASV2_1604_ESMFold_hypothetical_protein	AF-A0A0N4U0U6-F1-model_v4	AF-A0A0N4U0U6-F1-model_v4 Uncharacterized protein	2.321E-01	0.505	51	1	234	240	151	383	491	271	0.975	0.475
LOKIASV2_1604_ESMFold_hypothetical_protein	AF-A0A175WDX0-F1-model_v4	AF-A0A175WDX0-F1-model_v4 Metal tolerance protein 4	5.963E-01	0.505	51	10	235	240	237	426	526	239	0.942	0.361
LOKIASV2_1604_ESMFold_hypothetical_protein	AF-I1L2V6-F1-model_v4	AF-I1L2V6-F1-model_v4 PMEI domain-containing protein	6.168E+00	0.473	50	3	117	240	68	188	208	122	0.479	0.582
LOKIASV2_1604_ESMFold_hypothetical_protein	AF-Q8TC26-F1-model_v4	AF-Q8TC26-F1-model_v4 Transmembrane protein 163	7.808E-01	0.473	50	2	238	240	82	282	289	238	0.988	0.696
LOKIASV2_1604_ESMFold_hypothetical_protein	AF-U7PJY1-F1-model_v4	AF-U7PJY1-F1-model_v4 Uncharacterized protein	2.627E+00	0.473	50	9	239	240	21	279	315	270	0.962	0.822
LOKIASV2_1604_ESMFold_hypothetical_protein	AF-Q0P993-F1-model_v4	AF-Q0P993-F1-model_v4 Putative cation transport protein	6.824E-01	0.473	50	1	236	240	30	229	316	243	0.983	0.633
LOKIASV2_1604_ESMFold_hypothetical_protein	AF-A0A132Z090-F1-model_v4	AF-A0A132Z090-F1-model_v4 Cation diffusion facilitator family transporter	3.179E-01	0.473	50	2	235	240	14	213	382	246	0.975	0.524
LOKIASV2_1604_ESMFold_hypothetical_protein	AF-O45923-F1-model_v4	AF-O45923-F1-model_v4 Zinc transporter ttm-1	8.935E-01	0.473	50	2	235	240	95	310	410	252	0.975	0.527
LOKIASV2_1604_ESMFold_hypothetical_protein	AF-I1L7X1-F1-model_v4	AF-I1L7X1-F1-model_v4 ZT_dimer domain-containing protein	4.354E-01	0.473	50	1	235	240	63	292	490	264	0.979	0.469
LOKIASV2_1604_ESMFold_hypothetical_protein	AF-U7PXH2-F1-model_v4	AF-U7PXH2-F1-model_v4 ZT_dimer domain-containing protein	2.906E-01	0.473	50	10	233	240	259	454	553	232	0.933	0.354
LOKIASV2_1604_ESMFold_hypothetical_protein	AF-G4LWF7-F1-model_v4	AF-G4LWF7-F1-model_v4 CAI-2 protein, putative	5.638E+00	0.442	49	4	131	240	5	125	127	128	0.533	0.953
LOKIASV2_1604_ESMFold_hypothetical_protein	AF-P57758-F1-model_v4	AF-P57758-F1-model_v4 Cystinosin homolog	1.170E+00	0.442	49	1	228	240	6	244	270	252	0.950	0.885
LOKIASV2_1604_ESMFold_hypothetical_protein	AF-A0A0N4U4D1-F1-model_v4	AF-A0A0N4U4D1-F1-model_v4 Uncharacterized protein	1.532E+00	0.442	49	3	227	240	1	217	309	250	0.938	0.702
LOKIASV2_1604_ESMFold_hypothetical_protein	AF-Q2FWA9-F1-model_v4	AF-Q2FWA9-F1-model_v4 Cation efflux family protein, putative	7.808E-01	0.442	49	1	235	240	12	211	326	238	0.979	0.613
LOKIASV2_1604_ESMFold_hypothetical_protein	AF-A0A0K0ELY6-F1-model_v4	AF-A0A0K0ELY6-F1-model_v4 Uncharacterized protein	1.069E+00	0.442	49	2	235	240	81	278	365	237	0.975	0.542
LOKIASV2_1604_ESMFold_hypothetical_protein	AF-I1MJD0-F1-model_v4	AF-I1MJD0-F1-model_v4 ZT_dimer domain-containing protein	7.465E-01	0.442	49	1	236	240	99	293	396	248	0.983	0.492
LOKIASV2_1604_ESMFold_hypothetical_protein	AF-I1L2V9-F1-model_v4	AF-I1L2V9-F1-model_v4 ZT_dimer domain-containing protein	5.211E-01	0.442	49	1	236	240	102	296	400	255	0.983	0.488
LOKIASV2_1604_ESMFold_hypothetical_protein	AF-Q9SAJ7-F1-model_v4	AF-Q9SAJ7-F1-model_v4 Metal tolerance protein 9	6.824E-01	0.442	49	2	233	240	106	303	402	250	0.967	0.493
LOKIASV2_1604_ESMFold_hypothetical_protein	AF-Q20864-F1-model_v4	AF-Q20864-F1-model_v4 ZT_dimer domain-containing protein	8.542E-01	0.442	49	3	234	240	128	349	446	251	0.967	0.498
LOKIASV2_1604_ESMFold_hypothetical_protein	AF-A0A0G2JST1-F1-model_v4	AF-A0A0G2JST1-F1-model_v4 Adhesion G protein-coupled receptor G6	1.753E+00	0.442	49	3	234	240	857	1122	1193	288	0.967	0.223
LOKIASV2_1604_ESMFold_hypothetical_protein	AF-Q9VIU6-F1-model_v4	AF-Q9VIU6-F1-model_v4 LD43293p	1.465E+00	0.411	48	1	238	240	1	221	228	258	0.992	0.969
LOKIASV2_1604_ESMFold_hypothetical_protein	AF-Q10I36-F1-model_v4	AF-Q10I36-F1-model_v4 Os03g0565600 protein	1.834E+00	0.411	48	4	240	240	45	260	260	250	0.988	0.831
LOKIASV2_1604_ESMFold_hypothetical_protein	AF-Q9CCX3-F1-model_v4	AF-Q9CCX3-F1-model_v4 Putative cation-efflux transporter component	1.069E+00	0.411	48	8	235	240	29	220	268	235	0.950	0.716
LOKIASV2_1604_ESMFold_hypothetical_protein	AF-Q86HF8-F1-model_v4	AF-Q86HF8-F1-model_v4 Uncharacterized protein	2.627E+00	0.411	48	1	239	240	23	278	289	270	0.996	0.886
LOKIASV2_1604_ESMFold_hypothetical_protein	AF-K0EN29-F1-model_v4	AF-K0EN29-F1-model_v4 CDF family transporter	4.763E-01	0.411	48	4	237	240	70	264	355	238	0.975	0.549
LOKIASV2_1604_ESMFold_hypothetical_protein	AF-A0A0D2GZN5-F1-model_v4	AF-A0A0D2GZN5-F1-model_v4 Unplaced genomic scaffold supercont1.2, whole genome shotgun sequence	5.638E+00	0.411	48	9	238	240	22	322	370	312	0.958	0.814
LOKIASV2_1604_ESMFold_hypothetical_protein	AF-Q2HJ10-F1-model_v4	AF-Q2HJ10-F1-model_v4 Zinc transporter 2	5.701E-01	0.411	48	1	235	240	59	272	371	255	0.979	0.577
LOKIASV2_1604_ESMFold_hypothetical_protein	AF-I1KTX5-F1-model_v4	AF-I1KTX5-F1-model_v4 ZT_dimer domain-containing protein	7.808E-01	0.411	48	1	236	240	99	293	396	246	0.983	0.492
LOKIASV2_1604_ESMFold_hypothetical_protein	AF-A0A175W274-F1-model_v4	AF-A0A175W274-F1-model_v4 Uncharacterized protein	2.401E+00	0.411	48	1	240	240	35	275	396	261	1.000	0.609
LOKIASV2_1604_ESMFold_hypothetical_protein	AF-Q10PP8-F1-model_v4	AF-Q10PP8-F1-model_v4 Metal tolerance protein 4	6.524E-01	0.411	48	3	236	240	94	293	397	247	0.975	0.504
LOKIASV2_1604_ESMFold_hypothetical_protein	AF-P96876-F1-model_v4	AF-P96876-F1-model_v4 Probable conserved integral membrane protein	1.170E+00	0.382	47	2	225	240	26	212	222	227	0.933	0.842
LOKIASV2_1604_ESMFold_hypothetical_protein	AF-Q1LXB7-F1-model_v4	AF-Q1LXB7-F1-model_v4 Cytochrome b561 family, member D2	1.602E+00	0.382	47	2	236	240	10	221	222	250	0.979	0.955
LOKIASV2_1604_ESMFold_hypothetical_protein	AF-F4JCN4-F1-model_v4	AF-F4JCN4-F1-model_v4 Plant invertase/pectin methylesterase inhibitor superfamily protein	5.897E+00	0.382	47	1	130	240	140	270	276	137	0.542	0.475
LOKIASV2_1604_ESMFold_hypothetical_protein	AF-A0A1C1CYA7-F1-model_v4	AF-A0A1C1CYA7-F1-model_v4 Putative peroxisomal biogenesis factor (PEX11)	1.834E+00	0.382	47	16	235	240	94	279	280	227	0.917	0.664
LOKIASV2_1604_ESMFold_hypothetical_protein	AF-Q22541-F1-model_v4	AF-Q22541-F1-model_v4 Cation Diffusion Facilitator family	7.808E-01	0.382	47	2	235	240	44	257	360	253	0.975	0.594
LOKIASV2_1604_ESMFold_hypothetical_protein	AF-Q10LJ2-F1-model_v4	AF-Q10LJ2-F1-model_v4 Metal tolerance protein 2	6.524E-01	0.382	47	1	231	240	69	294	389	256	0.962	0.581
LOKIASV2_1604_ESMFold_hypothetical_protein	AF-C0HGV8-F1-model_v4	AF-C0HGV8-F1-model_v4 Putative metal tolerance protein C3	7.465E-01	0.382	47	1	236	240	92	298	402	258	0.983	0.515
LOKIASV2_1604_ESMFold_hypothetical_protein	AF-A0A3P7GAL2-F1-model_v4	AF-A0A3P7GAL2-F1-model_v4 ZT_dimer domain-containing protein	1.280E+00	0.382	47	1	236	240	184	389	483	250	0.983	0.427
LOKIASV2_1604_ESMFold_hypothetical_protein	AF-K7M4G9-F1-model_v4	AF-K7M4G9-F1-model_v4 PMEI domain-containing protein	7.721E+00	0.353	46	1	117	240	60	162	176	117	0.488	0.585
LOKIASV2_1604_ESMFold_hypothetical_protein	AF-A0A077Z7J5-F1-model_v4	AF-A0A077Z7J5-F1-model_v4 Uncharacterized protein	2.401E+00	0.353	46	2	166	240	71	205	244	169	0.688	0.553
LOKIASV2_1604_ESMFold_hypothetical_protein	AF-P9WGF5-F1-model_v4	AF-P9WGF5-F1-model_v4 Probable cation efflux system protein Rv2025c	1.465E+00	0.353	46	3	237	240	35	230	332	245	0.979	0.590
LOKIASV2_1604_ESMFold_hypothetical_protein	AF-Q62941-F1-model_v4	AF-Q62941-F1-model_v4 Zinc transporter 2	7.808E-01	0.353	46	2	227	240	47	258	359	246	0.942	0.591
LOKIASV2_1604_ESMFold_hypothetical_protein	AF-Q7YWX4-F1-model_v4	AF-Q7YWX4-F1-model_v4 Uncharacterized protein	3.288E+00	0.353	46	10	238	240	38	282	360	257	0.954	0.681
LOKIASV2_1604_ESMFold_hypothetical_protein	AF-A0A3Q0KTE4-F1-model_v4	AF-A0A3Q0KTE4-F1-model_v4 Cation efflux protein/ zinc transporter,putative	4.710E+00	0.353	46	5	140	240	60	195	367	141	0.567	0.371
LOKIASV2_1604_ESMFold_hypothetical_protein	AF-Q0WU02-F1-model_v4	AF-Q0WU02-F1-model_v4 Metal tolerance protein 10	7.808E-01	0.353	46	1	233	240	132	330	428	246	0.971	0.465
LOKIASV2_1604_ESMFold_hypothetical_protein	AF-Q8L725-F1-model_v4	AF-Q8L725-F1-model_v4 Metal tolerance protein C1	6.824E-01	0.353	46	1	231	240	66	280	471	244	0.962	0.456
LOKIASV2_1604_ESMFold_hypothetical_protein	AF-A0A0P0W8Q3-F1-model_v4	AF-A0A0P0W8Q3-F1-model_v4 Os04g0298200 protein	1.119E+00	0.353	46	2	235	240	120	343	472	253	0.975	0.475
LOKIASV2_1604_ESMFold_hypothetical_protein	AF-A0A1D6EDE4-F1-model_v4	AF-A0A1D6EDE4-F1-model_v4 Metal tolerance protein C4	1.119E+00	0.353	46	3	225	240	129	330	474	239	0.929	0.426
LOKIASV2_1604_ESMFold_hypothetical_protein	AF-Q641Y1-F1-model_v4	AF-Q641Y1-F1-model_v4 Cytochrome b561 domain-containing protein 2	1.602E+00	0.326	45	5	240	240	13	221	222	254	0.983	0.941
LOKIASV2_1604_ESMFold_hypothetical_protein	AF-Q2FVK7-F1-model_v4	AF-Q2FVK7-F1-model_v4 ZT_dimer domain-containing protein	1.170E+00	0.326	45	2	235	240	4	202	288	241	0.975	0.691
LOKIASV2_1604_ESMFold_hypothetical_protein	AF-Q9HX53-F1-model_v4	AF-Q9HX53-F1-model_v4 Probable transporter	1.602E+00	0.326	45	1	237	240	4	205	298	244	0.988	0.678
LOKIASV2_1604_ESMFold_hypothetical_protein	AF-A0A0H3GLF2-F1-model_v4	AF-A0A0H3GLF2-F1-model_v4 Cation-efflux pump FieF	9.775E-01	0.326	45	1	231	240	1	201	300	237	0.962	0.670
LOKIASV2_1604_ESMFold_hypothetical_protein	AF-Q8ZQT3-F1-model_v4	AF-Q8ZQT3-F1-model_v4 Zinc transporter ZitB	1.224E+00	0.326	45	2	239	240	13	212	312	243	0.992	0.641
LOKIASV2_1604_ESMFold_hypothetical_protein	AF-A0A044S9B4-F1-model_v4	AF-A0A044S9B4-F1-model_v4 Uncharacterized protein	8.167E-01	0.326	45	1	227	240	41	256	356	248	0.946	0.607
LOKIASV2_1604_ESMFold_hypothetical_protein	AF-Q8IWU4-F1-model_v4	AF-Q8IWU4-F1-model_v4 Zinc transporter 8	1.069E+00	0.326	45	3	231	240	65	272	369	243	0.954	0.564
LOKIASV2_1604_ESMFold_hypothetical_protein	AF-A0A077YW75-F1-model_v4	AF-A0A077YW75-F1-model_v4 Zinc transporter 2	5.963E-01	0.326	45	2	227	240	58	268	369	245	0.942	0.572
LOKIASV2_1604_ESMFold_hypothetical_protein	AF-A0A0R0GDG8-F1-model_v4	AF-A0A0R0GDG8-F1-model_v4 ZT_dimer domain-containing protein	8.542E-01	0.326	45	2	236	240	101	294	397	244	0.979	0.489
LOKIASV2_1604_ESMFold_hypothetical_protein	AF-Q57YU8-F1-model_v4	AF-Q57YU8-F1-model_v4 Metal-ion transporter, putative	8.935E-01	0.326	45	4	227	240	55	368	471	330	0.933	0.667
LOKIASV2_1604_ESMFold_hypothetical_protein	AF-Q7XP31-F1-model_v4	AF-Q7XP31-F1-model_v4 Os04g0128700 protein	2.873E+00	0.326	45	2	239	240	56	336	471	295	0.992	0.597
LOKIASV2_1604_ESMFold_hypothetical_protein	AF-U7Q057-F1-model_v4	AF-U7Q057-F1-model_v4 ZT_dimer domain-containing protein	1.022E+00	0.326	45	9	235	240	339	529	629	238	0.946	0.304
LOKIASV2_1604_ESMFold_hypothetical_protein	AF-Q4D5L6-F1-model_v4	AF-Q4D5L6-F1-model_v4 Uncharacterized protein	3.763E+00	0.301	44	5	118	240	2	118	139	121	0.475	0.842
LOKIASV2_1604_ESMFold_hypothetical_protein	AF-A0A0N4U6D0-F1-model_v4	AF-A0A0N4U6D0-F1-model_v4 Uncharacterized protein	1.224E+00	0.301	44	1	235	240	32	252	350	261	0.979	0.631
LOKIASV2_1604_ESMFold_hypothetical_protein	AF-Q3V5H6-F1-model_v4	AF-Q3V5H6-F1-model_v4 ZT_dimer domain-containing protein	1.069E+00	0.301	44	11	235	240	74	260	352	229	0.938	0.531
LOKIASV2_1604_ESMFold_hypothetical_protein	AF-Q8BGG0-F1-model_v4	AF-Q8BGG0-F1-model_v4 Zinc transporter 8	1.532E+00	0.301	44	2	234	240	63	269	367	256	0.971	0.564
LOKIASV2_1604_ESMFold_hypothetical_protein	AF-A0A0K0EFJ0-F1-model_v4	AF-A0A0K0EFJ0-F1-model_v4 ZT_dimer domain-containing protein	5.701E-01	0.301	44	3	236	240	156	345	443	240	0.975	0.429
LOKIASV2_1604_ESMFold_hypothetical_protein	AF-A0A1C1CQ64-F1-model_v4	AF-A0A1C1CQ64-F1-model_v4 Metal tolerance protein 4	7.137E-01	0.301	44	8	236	240	132	326	458	236	0.954	0.426
LOKIASV2_1604_ESMFold_hypothetical_protein	AF-Q8BJM5-F1-model_v4	AF-Q8BJM5-F1-model_v4 Zinc transporter 6	8.935E-01	0.301	44	1	236	240	27	251	460	252	0.983	0.489
LOKIASV2_1604_ESMFold_hypothetical_protein	AF-A0A0D2E3B3-F1-model_v4	AF-A0A0D2E3B3-F1-model_v4 Unplaced genomic scaffold supercont1.2, whole genome shotgun sequence	1.676E+00	0.301	44	1	230	240	258	455	555	242	0.958	0.357
LOKIASV2_1604_ESMFold_hypothetical_protein	AF-A0A3P7DSC8-F1-model_v4	AF-A0A3P7DSC8-F1-model_v4 Uncharacterized protein	5.390E+00	0.277	43	5	130	240	27	154	171	135	0.525	0.749
LOKIASV2_1604_ESMFold_hypothetical_protein	AF-Q9WUE3-F1-model_v4	AF-Q9WUE3-F1-model_v4 Cytochrome b561 domain-containing protein 2	2.098E+00	0.277	43	5	240	240	13	221	222	254	0.983	0.941
LOKIASV2_1604_ESMFold_hypothetical_protein	AF-O14569-F1-model_v4	AF-O14569-F1-model_v4 Cytochrome b561 domain-containing protein 2	1.465E+00	0.277	43	1	240	240	3	221	222	266	1.000	0.986
LOKIASV2_1604_ESMFold_hypothetical_protein	AF-P69380-F1-model_v4	AF-P69380-F1-model_v4 Ferrous-iron efflux pump FieF	1.602E+00	0.277	43	1	239	240	1	205	300	246	0.996	0.683
LOKIASV2_1604_ESMFold_hypothetical_protein	AF-Q8H329-F1-model_v4	AF-Q8H329-F1-model_v4 Metal tolerance protein 8	1.224E+00	0.277	43	1	236	240	10	230	316	264	0.983	0.699
LOKIASV2_1604_ESMFold_hypothetical_protein	AF-A0A175W2J4-F1-model_v4	AF-A0A175W2J4-F1-model_v4 Uncharacterized protein	7.808E-01	0.277	43	1	239	240	21	249	324	266	0.996	0.707
LOKIASV2_1604_ESMFold_hypothetical_protein	AF-Q91ZY2-F1-model_v4	AF-Q91ZY2-F1-model_v4 Histamine H4 receptor	6.451E+00	0.277	43	5	239	240	19	374	391	370	0.979	0.910
LOKIASV2_1604_ESMFold_hypothetical_protein	AF-I1JDS7-F1-model_v4	AF-I1JDS7-F1-model_v4 ZT_dimer domain-containing protein	1.170E+00	0.277	43	2	233	240	98	296	396	255	0.967	0.503
LOKIASV2_1604_ESMFold_hypothetical_protein	AF-I1L2E9-F1-model_v4	AF-I1L2E9-F1-model_v4 ZT_dimer domain-containing protein	1.339E+00	0.277	43	1	233	240	113	311	410	239	0.971	0.485
LOKIASV2_1604_ESMFold_hypothetical_protein	AF-Q5U3S6-F1-model_v4	AF-Q5U3S6-F1-model_v4 G protein-coupled receptor 137ba	5.897E+00	0.277	43	4	231	240	38	302	433	280	0.950	0.612
LOKIASV2_1604_ESMFold_hypothetical_protein	AF-Q4DAP4-F1-model_v4	AF-Q4DAP4-F1-model_v4 Metal-ion transporter, putative	1.918E+00	0.277	43	2	227	240	47	359	464	330	0.942	0.675
LOKIASV2_1604_ESMFold_hypothetical_protein	AF-A0A1P6C3N9-F1-model_v4	AF-A0A1P6C3N9-F1-model_v4 Bm5186, isoform a	2.401E+00	0.277	43	2	236	240	188	389	483	246	0.979	0.418
LOKIASV2_1604_ESMFold_hypothetical_protein	AF-A0A175W739-F1-model_v4	AF-A0A175W739-F1-model_v4 Cyclic AMP receptor 1	2.511E+00	0.277	43	1	166	240	5	192	519	206	0.692	0.362
LOKIASV2_1604_ESMFold_hypothetical_protein	AF-Q95ST2-F1-model_v4	AF-Q95ST2-F1-model_v4 Protein wntless	5.638E+00	0.277	43	9	226	240	242	531	594	301	0.908	0.488
LOKIASV2_1604_ESMFold_hypothetical_protein	AF-Q32A79-F1-model_v4	AF-Q32A79-F1-model_v4 Cation-efflux pump FieF	1.532E+00	0.254	42	1	231	240	1	201	300	238	0.962	0.670
LOKIASV2_1604_ESMFold_hypothetical_protein	AF-A0A175VUS8-F1-model_v4	AF-A0A175VUS8-F1-model_v4 Protein RTA1	5.897E+00	0.254	42	12	225	240	57	296	341	259	0.892	0.704
LOKIASV2_1604_ESMFold_hypothetical_protein	AF-A5PMC2-F1-model_v4	AF-A5PMC2-F1-model_v4 G protein-coupled receptor 137	4.710E+00	0.254	42	4	235	240	22	293	375	286	0.967	0.725
LOKIASV2_1604_ESMFold_hypothetical_protein	AF-A0A5K4EWQ4-F1-model_v4	AF-A0A5K4EWQ4-F1-model_v4 Cation efflux protein/ zinc transporter,putative	2.194E+00	0.254	42	2	227	240	57	294	395	268	0.942	0.603
LOKIASV2_1604_ESMFold_hypothetical_protein	AF-Q9M2P2-F1-model_v4	AF-Q9M2P2-F1-model_v4 Putative metal tolerance protein C3	2.098E+00	0.254	42	2	236	240	107	307	411	243	0.979	0.489
LOKIASV2_1604_ESMFold_hypothetical_protein	AF-Q5NA18-F1-model_v4	AF-Q5NA18-F1-model_v4 Metal tolerance protein 5	1.465E+00	0.254	42	1	233	240	110	314	415	258	0.971	0.494
LOKIASV2_1604_ESMFold_hypothetical_protein	AF-K7M4H1-F1-model_v4	AF-K7M4H1-F1-model_v4 PMEI domain-containing protein	8.076E+00	0.233	41	1	140	240	60	181	183	140	0.583	0.667
LOKIASV2_1604_ESMFold_hypothetical_protein	AF-A0A5S6P9Q4-F1-model_v4	AF-A0A5S6P9Q4-F1-model_v4 Bm13005, isoform b	4.305E+00	0.233	41	2	232	240	33	247	260	255	0.962	0.827
LOKIASV2_1604_ESMFold_hypothetical_protein	AF-G5EFL6-F1-model_v4	AF-G5EFL6-F1-model_v4 Uncharacterized protein	6.168E+00	0.233	41	1	210	240	1	244	262	254	0.875	0.931
LOKIASV2_1604_ESMFold_hypothetical_protein	AF-E9Q9V5-F1-model_v4	AF-E9Q9V5-F1-model_v4 Membrane-spanning 4-domains, subfamily A, member 7	1.602E+00	0.233	41	1	222	240	75	241	267	225	0.925	0.625
LOKIASV2_1604_ESMFold_hypothetical_protein	AF-Q67VB3-F1-model_v4	AF-Q67VB3-F1-model_v4 Os06g0238900 protein	4.710E+00	0.233	41	39	223	240	2	182	309	195	0.771	0.586
LOKIASV2_1604_ESMFold_hypothetical_protein	AF-A0A2K6VFQ5-F1-model_v4	AF-A0A2K6VFQ5-F1-model_v4 7TM_GPCR_Srx domain-containing protein	1.753E+00	0.233	41	1	239	240	1	236	316	275	0.996	0.747
LOKIASV2_1604_ESMFold_hypothetical_protein	AF-A0A0H5S5Q5-F1-model_v4	AF-A0A0H5S5Q5-F1-model_v4 Bm7435	8.935E-01	0.233	41	2	231	240	88	283	377	238	0.958	0.520
LOKIASV2_1604_ESMFold_hypothetical_protein	AF-Q5BJM8-F1-model_v4	AF-Q5BJM8-F1-model_v4 Zinc transporter 7	1.069E+00	0.233	41	2	235	240	31	291	378	300	0.975	0.690
LOKIASV2_1604_ESMFold_hypothetical_protein	AF-Q1LUA2-F1-model_v4	AF-Q1LUA2-F1-model_v4 Modulator of VRAC current 1	3.144E+00	0.233	41	1	240	240	60	308	391	265	1.000	0.637
LOKIASV2_1604_ESMFold_hypothetical_protein	AF-I1KHN9-F1-model_v4	AF-I1KHN9-F1-model_v4 Uncharacterized protein	2.401E+00	0.233	41	11	160	240	52	175	408	154	0.625	0.304
LOKIASV2_1604_ESMFold_hypothetical_protein	AF-C1H3M0-F1-model_v4	AF-C1H3M0-F1-model_v4 Cation diffusion facilitator 1	9.775E-01	0.233	41	2	233	240	135	336	435	240	0.967	0.464
LOKIASV2_1604_ESMFold_hypothetical_protein	AF-B2RZA8-F1-model_v4	AF-B2RZA8-F1-model_v4 Slc30a6 protein	1.224E+00	0.233	41	1	236	240	27	251	460	256	0.983	0.489
LOKIASV2_1604_ESMFold_hypothetical_protein	AF-Q6P0D1-F1-model_v4	AF-Q6P0D1-F1-model_v4 Zinc transporter 6	1.280E+00	0.233	41	2	236	240	55	278	486	262	0.979	0.461
LOKIASV2_1604_ESMFold_hypothetical_protein	AF-A0A1D6K2U5-F1-model_v4	AF-A0A1D6K2U5-F1-model_v4 Metal tolerance protein C1	6.824E-01	0.233	41	3	231	240	69	285	522	252	0.954	0.416
LOKIASV2_1604_ESMFold_hypothetical_protein	AF-A0A077ZC71-F1-model_v4	AF-A0A077ZC71-F1-model_v4 Cation efflux family protein	2.873E+00	0.214	40	3	236	240	87	286	380	243	0.975	0.526
LOKIASV2_1604_ESMFold_hypothetical_protein	AF-Q6ICY4-F1-model_v4	AF-Q6ICY4-F1-model_v4 Metal tolerance protein C2	3.144E+00	0.214	40	1	236	240	107	308	393	254	0.983	0.514
LOKIASV2_1604_ESMFold_hypothetical_protein	AF-A0A1D6MM34-F1-model_v4	AF-A0A1D6MM34-F1-model_v4 Metal tolerance protein 10	2.098E+00	0.214	40	2	233	240	98	295	394	241	0.967	0.503
LOKIASV2_1604_ESMFold_hypothetical_protein	AF-A0A3P7E1P5-F1-model_v4	AF-A0A3P7E1P5-F1-model_v4 FERM domain-containing protein	2.627E+00	0.214	40	1	240	240	686	939	1036	273	1.000	0.245
LOKIASV2_1604_ESMFold_hypothetical_protein	AF-A0A0B4JCU2-F1-model_v4	AF-A0A0B4JCU2-F1-model_v4 Uncharacterized protein, isoform A	8.076E+00	0.196	39	3	118	240	6	118	137	117	0.483	0.825
LOKIASV2_1604_ESMFold_hypothetical_protein	AF-C0NBU9-F1-model_v4	AF-C0NBU9-F1-model_v4 Mitochondrial metal transporter 2	1.532E+00	0.196	39	8	239	240	37	263	416	253	0.967	0.546
LOKIASV2_1604_ESMFold_hypothetical_protein	AF-A0A0D2GSM2-F1-model_v4	AF-A0A0D2GSM2-F1-model_v4 Unplaced genomic scaffold supercont1.3, whole genome shotgun sequence	1.676E+00	0.196	39	2	240	240	151	350	448	251	0.996	0.446
LOKIASV2_1604_ESMFold_hypothetical_protein	AF-Q0D804-F1-model_v4	AF-Q0D804-F1-model_v4 Os07g0193200 protein	8.076E+00	0.196	39	1	136	240	416	561	562	153	0.567	0.260
LOKIASV2_1604_ESMFold_hypothetical_protein	AF-Q6L4D2-F1-model_v4	AF-Q6L4D2-F1-model_v4 Membrane protein PM19L	5.638E+00	0.179	38	4	140	240	12	151	173	147	0.571	0.809
LOKIASV2_1604_ESMFold_hypothetical_protein	AF-P17261-F1-model_v4	AF-P17261-F1-model_v4 Cystine transporter	3.439E+00	0.179	38	1	239	240	1	254	260	265	0.996	0.977
LOKIASV2_1604_ESMFold_hypothetical_protein	AF-K7KBD4-F1-model_v4	AF-K7KBD4-F1-model_v4 PMEI domain-containing protein	6.451E+00	0.179	38	1	132	240	25	166	267	147	0.550	0.532
LOKIASV2_1604_ESMFold_hypothetical_protein	AF-Q9VIT5-F1-model_v4	AF-Q9VIT5-F1-model_v4 RH01238p	3.935E+00	0.179	38	4	240	240	62	269	269	251	0.988	0.773
LOKIASV2_1604_ESMFold_hypothetical_protein	AF-Q8NEW0-F1-model_v4	AF-Q8NEW0-F1-model_v4 Zinc transporter 7	2.006E+00	0.179	38	2	235	240	31	289	376	296	0.975	0.689
LOKIASV2_1604_ESMFold_hypothetical_protein	AF-Q9JKN1-F1-model_v4	AF-Q9JKN1-F1-model_v4 Zinc transporter 7	2.006E+00	0.179	38	11	237	240	37	309	378	303	0.946	0.722
LOKIASV2_1604_ESMFold_hypothetical_protein	AF-I1N523-F1-model_v4	AF-I1N523-F1-model_v4 ZT_dimer domain-containing protein	1.834E+00	0.179	38	2	233	240	98	296	396	239	0.967	0.503
LOKIASV2_1604_ESMFold_hypothetical_protein	AF-Q4DF88-F1-model_v4	AF-Q4DF88-F1-model_v4 Uncharacterized protein	3.597E+00	0.179	38	2	237	240	24	323	416	336	0.983	0.721
LOKIASV2_1604_ESMFold_hypothetical_protein	AF-A4I745-F1-model_v4	AF-A4I745-F1-model_v4 Metal-ion_transporter_-_putative	3.763E+00	0.179	38	2	237	240	49	347	451	330	0.983	0.663
LOKIASV2_1604_ESMFold_hypothetical_protein	AF-Q6NXT4-F1-model_v4	AF-Q6NXT4-F1-model_v4 Zinc transporter 6	1.918E+00	0.179	38	1	236	240	27	251	461	256	0.983	0.488
LOKIASV2_1604_ESMFold_hypothetical_protein	AF-A0A044UTP2-F1-model_v4	AF-A0A044UTP2-F1-model_v4 Uncharacterized protein	2.098E+00	0.179	38	8	235	240	136	341	469	252	0.950	0.439
LOKIASV2_1604_ESMFold_hypothetical_protein	AF-A0A175WCI5-F1-model_v4	AF-A0A175WCI5-F1-model_v4 Metal tolerance protein 3	1.753E+00	0.179	38	9	233	240	195	380	479	234	0.938	0.388
LOKIASV2_1604_ESMFold_hypothetical_protein	AF-Q7F0H7-F1-model_v4	AF-Q7F0H7-F1-model_v4 Pectinesterase	7.721E+00	0.179	38	1	123	240	70	204	566	147	0.512	0.239
LOKIASV2_1604_ESMFold_hypothetical_protein	AF-Q7EY17-F1-model_v4	AF-Q7EY17-F1-model_v4 Os07g0422100 protein	6.747E+00	0.164	37	4	131	240	12	145	173	140	0.533	0.775
LOKIASV2_1604_ESMFold_hypothetical_protein	AF-B6UBT3-F1-model_v4	AF-B6UBT3-F1-model_v4 TMV response protein	6.747E+00	0.164	37	43	224	240	3	173	301	187	0.758	0.568
LOKIASV2_1604_ESMFold_hypothetical_protein	AF-Q9M271-F1-model_v4	AF-Q9M271-F1-model_v4 Metal tolerance protein A1	1.022E+00	0.164	37	3	227	240	31	249	334	260	0.938	0.656
LOKIASV2_1604_ESMFold_hypothetical_protein	AF-A0PJX8-F1-model_v4	AF-A0PJX8-F1-model_v4 Transmembrane protein 82	1.280E+00	0.164	37	2	236	240	20	313	343	303	0.979	0.857
LOKIASV2_1604_ESMFold_hypothetical_protein	AF-Q4DHZ0-F1-model_v4	AF-Q4DHZ0-F1-model_v4 Zinc transporter, putative	4.116E+00	0.164	37	2	237	240	24	323	416	336	0.983	0.721
LOKIASV2_1604_ESMFold_hypothetical_protein	AF-Q6DG36-F1-model_v4	AF-Q6DG36-F1-model_v4 Zinc transporter 5	2.873E+00	0.164	37	3	233	240	400	653	775	286	0.962	0.328
LOKIASV2_1604_ESMFold_hypothetical_protein	AF-Q54JW5-F1-model_v4	AF-Q54JW5-F1-model_v4 Sugar transporter SWEET1	4.305E+00	0.150	36	2	226	240	4	212	220	242	0.938	0.950
LOKIASV2_1604_ESMFold_hypothetical_protein	AF-Q9Z211-F1-model_v4	AF-Q9Z211-F1-model_v4 Peroxisomal membrane protein 11A	2.747E+00	0.150	36	12	229	240	57	240	246	229	0.908	0.748
LOKIASV2_1604_ESMFold_hypothetical_protein	AF-Q0DJC9-F1-model_v4	AF-Q0DJC9-F1-model_v4 Os05g0299500 protein	4.554E-01	0.150	36	1	240	240	73	323	365	270	1.000	0.688
LOKIASV2_1604_ESMFold_hypothetical_protein	AF-Q9ZT63-F1-model_v4	AF-Q9ZT63-F1-model_v4 Metal tolerance protein 1	2.873E+00	0.150	36	3	227	240	49	314	398	307	0.938	0.668
LOKIASV2_1604_ESMFold_hypothetical_protein	AF-Q8IBU1-F1-model_v4	AF-Q8IBU1-F1-model_v4 Cation diffusion facilitator family protein, putative	6.168E+00	0.150	36	2	160	240	27	158	556	161	0.663	0.237
LOKIASV2_1604_ESMFold_hypothetical_protein	AF-Q39872-F1-model_v4	AF-Q39872-F1-model_v4 PGmPM3	8.076E+00	0.138	35	4	140	240	12	158	181	154	0.571	0.812
LOKIASV2_1604_ESMFold_hypothetical_protein	AF-Q9FHN2-F1-model_v4	AF-Q9FHN2-F1-model_v4 Invertase	7.382E+00	0.138	35	4	116	240	73	188	204	122	0.471	0.569
LOKIASV2_1604_ESMFold_hypothetical_protein	AF-I1N838-F1-model_v4	AF-I1N838-F1-model_v4 Uncharacterized protein	5.153E+00	0.138	35	8	224	240	3	197	301	233	0.904	0.648
LOKIASV2_1604_ESMFold_hypothetical_protein	AF-A0A0H3GY43-F1-model_v4	AF-A0A0H3GY43-F1-model_v4 Putative cation efflux system	2.194E+00	0.138	35	2	231	240	20	212	307	231	0.958	0.629
LOKIASV2_1604_ESMFold_hypothetical_protein	AF-H2KZN1-F1-model_v4	AF-H2KZN1-F1-model_v4 ZT_dimer domain-containing protein	1.918E+00	0.138	35	2	235	240	59	251	341	244	0.975	0.566
LOKIASV2_1604_ESMFold_hypothetical_protein	AF-U7Q7G2-F1-model_v4	AF-U7Q7G2-F1-model_v4 Uncharacterized protein	3.439E+00	0.138	35	1	227	240	1	220	359	259	0.946	0.613
LOKIASV2_1604_ESMFold_hypothetical_protein	AF-A0A044TFJ2-F1-model_v4	AF-A0A044TFJ2-F1-model_v4 ZT_dimer domain-containing protein	1.753E+00	0.138	35	2	233	240	89	285	378	239	0.967	0.521
LOKIASV2_1604_ESMFold_hypothetical_protein	AF-K7KF36-F1-model_v4	AF-K7KF36-F1-model_v4 ZT_dimer domain-containing protein	1.280E+00	0.138	35	2	236	240	101	288	398	246	0.979	0.472
LOKIASV2_1604_ESMFold_hypothetical_protein	AF-A0A0R0J4F5-F1-model_v4	AF-A0A0R0J4F5-F1-model_v4 Uncharacterized protein	2.401E+00	0.138	35	2	236	240	77	286	432	246	0.979	0.486
LOKIASV2_1604_ESMFold_hypothetical_protein	AF-Q329G8-F1-model_v4	AF-Q329G8-F1-model_v4 Histidine kinase	1.834E+00	0.138	35	4	235	240	19	246	754	244	0.967	0.302
LOKIASV2_1604_ESMFold_hypothetical_protein	AF-Q9C7Z2-F1-model_v4	AF-Q9C7Z2-F1-model_v4 Plant invertase/pectin methylesterase inhibitor superfamily protein	7.057E+00	0.126	34	3	116	240	57	161	178	115	0.475	0.590
LOKIASV2_1604_ESMFold_hypothetical_protein	AF-Q8DNL7-F1-model_v4	AF-Q8DNL7-F1-model_v4 Uncharacterized protein	2.295E+00	0.126	34	2	235	240	7	204	213	247	0.975	0.930
LOKIASV2_1604_ESMFold_hypothetical_protein	AF-Q4CYY9-F1-model_v4	AF-Q4CYY9-F1-model_v4 Glycosomal membrane protein, putative	4.927E+00	0.126	34	4	238	240	10	211	218	243	0.979	0.927
LOKIASV2_1604_ESMFold_hypothetical_protein	AF-A0A0K0E0P9-F1-model_v4	AF-A0A0K0E0P9-F1-model_v4 Uncharacterized protein	7.057E+00	0.126	34	1	237	240	42	303	408	297	0.988	0.642
LOKIASV2_1604_ESMFold_hypothetical_protein	AF-Q9SFT8-F1-model_v4	AF-Q9SFT8-F1-model_v4 At3g07080	1.022E+00	0.126	34	3	238	240	165	406	438	270	0.983	0.553
LOKIASV2_1604_ESMFold_hypothetical_protein	AF-A0A1C1CP51-F1-model_v4	AF-A0A1C1CP51-F1-model_v4 Metal tolerance protein 3	2.627E+00	0.126	34	4	233	240	164	359	458	244	0.958	0.428
LOKIASV2_1604_ESMFold_hypothetical_protein	AF-A0A044VAB4-F1-model_v4	AF-A0A044VAB4-F1-model_v4 ZT_dimer domain-containing protein	4.116E+00	0.126	34	1	237	240	170	373	470	248	0.988	0.434
LOKIASV2_1604_ESMFold_hypothetical_protein	AF-A0A5K4E8F1-F1-model_v4	AF-A0A5K4E8F1-F1-model_v4 Uncharacterized protein	4.710E+00	0.126	34	2	166	240	98	293	888	203	0.688	0.221
LOKIASV2_1604_ESMFold_hypothetical_protein	AF-B6SJ93-F1-model_v4	AF-B6SJ93-F1-model_v4 Plasma membrane associated protein	8.835E+00	0.116	33	4	140	240	12	148	170	149	0.571	0.806
LOKIASV2_1604_ESMFold_hypothetical_protein	AF-I1NHK2-F1-model_v4	AF-I1NHK2-F1-model_v4 Uncharacterized protein	9.241E+00	0.116	33	4	133	240	12	135	181	136	0.542	0.685
LOKIASV2_1604_ESMFold_hypothetical_protein	AF-A2AE42-F1-model_v4	AF-A2AE42-F1-model_v4 Cytochrome b561 domain-containing protein 1	8.835E+00	0.116	33	1	230	240	16	225	229	247	0.958	0.917
LOKIASV2_1604_ESMFold_hypothetical_protein	AF-A0A3P7FFY9-F1-model_v4	AF-A0A3P7FFY9-F1-model_v4 G_PROTEIN_RECEP_F1_2 domain-containing protein	4.116E+00	0.116	33	5	202	240	47	269	273	239	0.825	0.817
LOKIASV2_1604_ESMFold_hypothetical_protein	AF-K0F1Z8-F1-model_v4	AF-K0F1Z8-F1-model_v4 Cytochrome oxidase assembly protein	5.897E+00	0.116	33	12	222	240	93	311	330	235	0.879	0.664
LOKIASV2_1604_ESMFold_hypothetical_protein	AF-Q99726-F1-model_v4	AF-Q99726-F1-model_v4 Zinc transporter 3	1.602E+00	0.116	33	2	233	240	73	287	388	275	0.967	0.554
LOKIASV2_1604_ESMFold_hypothetical_protein	AF-Q9W1F5-F1-model_v4	AF-Q9W1F5-F1-model_v4 RE54691p	2.627E+00	0.116	33	3	226	240	50	386	393	366	0.933	0.858
LOKIASV2_1604_ESMFold_hypothetical_protein	AF-Q9LXS1-F1-model_v4	AF-Q9LXS1-F1-model_v4 Metal tolerance protein A2	2.873E+00	0.116	33	2	227	240	66	307	393	286	0.942	0.616
LOKIASV2_1604_ESMFold_hypothetical_protein	AF-Q4DRG3-F1-model_v4	AF-Q4DRG3-F1-model_v4 Acyl-CoA dehydrogenase, mitochondrial, putative	2.747E+00	0.116	33	4	239	240	249	484	523	265	0.983	0.451
LOKIASV2_1604_ESMFold_hypothetical_protein	AF-Q54F34-F1-model_v4	AF-Q54F34-F1-model_v4 Probable zinc transporter protein DDB_G0291141	5.153E+00	0.116	33	3	240	240	394	642	770	282	0.992	0.323
LOKIASV2_1604_ESMFold_hypothetical_protein	AF-H2L011-F1-model_v4	AF-H2L011-F1-model_v4 Alpha-CaTuliN (Catenin/vinculin related)	3.597E+00	0.116	33	1	232	240	83	302	812	257	0.967	0.271
LOKIASV2_1604_ESMFold_hypothetical_protein	AF-A0A0H5S2U4-F1-model_v4	AF-A0A0H5S2U4-F1-model_v4 Bm8938	8.835E+00	0.106	32	2	200	240	33	254	260	243	0.829	0.854
LOKIASV2_1604_ESMFold_hypothetical_protein	AF-F1M0C6-F1-model_v4	AF-F1M0C6-F1-model_v4 Myeloid-associated differentiation marker-like	5.638E+00	0.106	32	1	235	240	29	315	316	304	0.979	0.908
LOKIASV2_1604_ESMFold_hypothetical_protein	AF-I1N992-F1-model_v4	AF-I1N992-F1-model_v4 Uncharacterized protein	4.927E+00	0.106	32	1	227	240	77	275	363	240	0.946	0.548
LOKIASV2_1604_ESMFold_hypothetical_protein	AF-Q9VGS1-F1-model_v4	AF-Q9VGS1-F1-model_v4 LD23375p	4.927E+00	0.106	32	3	235	240	21	281	366	298	0.971	0.713
LOKIASV2_1604_ESMFold_hypothetical_protein	AF-Q6DBM8-F1-model_v4	AF-Q6DBM8-F1-model_v4 Metal tolerance protein B	6.747E+00	0.106	32	2	231	240	48	291	375	278	0.958	0.651
LOKIASV2_1604_ESMFold_hypothetical_protein	AF-A0A044UJS5-F1-model_v4	AF-A0A044UJS5-F1-model_v4 Uncharacterized protein	6.451E+00	0.106	32	1	235	240	34	290	381	291	0.979	0.675
LOKIASV2_1604_ESMFold_hypothetical_protein	AF-A5PMX1-F1-model_v4	AF-A5PMX1-F1-model_v4 Zinc transporter 7	4.927E+00	0.106	32	11	235	240	37	300	387	299	0.938	0.682
LOKIASV2_1604_ESMFold_hypothetical_protein	AF-Q02969-F1-model_v4	AF-Q02969-F1-model_v4 Peroxisomal membrane protein PEX25	5.153E+00	0.106	32	12	239	240	169	389	394	241	0.950	0.561
LOKIASV2_1604_ESMFold_hypothetical_protein	AF-A0A1C1CLB1-F1-model_v4	AF-A0A1C1CLB1-F1-model_v4 Mitochondrial metal transporter	2.295E+00	0.106	32	1	231	240	34	264	426	272	0.962	0.542
LOKIASV2_1604_ESMFold_hypothetical_protein	AF-A0A1C1CY76-F1-model_v4	AF-A0A1C1CY76-F1-model_v4 G_PROTEIN_RECEP_F2_4 domain-containing protein	7.057E+00	0.106	32	1	238	240	9	206	482	264	0.992	0.411
LOKIASV2_1604_ESMFold_hypothetical_protein	AF-A0A044U670-F1-model_v4	AF-A0A044U670-F1-model_v4 Coiled-coil domain-containing protein 128	6.451E+00	0.106	32	4	237	240	225	434	673	249	0.975	0.312
LOKIASV2_1604_ESMFold_hypothetical_protein	AF-Q8N8Q1-F1-model_v4	AF-Q8N8Q1-F1-model_v4 Cytochrome b561 domain-containing protein 1	6.747E+00	0.098	31	1	227	240	16	219	229	243	0.946	0.891
LOKIASV2_1604_ESMFold_hypothetical_protein	AF-F1R6P8-F1-model_v4	AF-F1R6P8-F1-model_v4 Cytochrome b561 family, member D1	7.057E+00	0.098	31	5	227	240	29	228	238	237	0.929	0.840
LOKIASV2_1604_ESMFold_hypothetical_protein	AF-Q10333-F1-model_v4	AF-Q10333-F1-model_v4 Peroxisomal biogenesis factor 11	5.897E+00	0.098	31	8	224	240	62	236	238	224	0.904	0.735
LOKIASV2_1604_ESMFold_hypothetical_protein	AF-Q9I6A3-F1-model_v4	AF-Q9I6A3-F1-model_v4 Probable cation efflux system protein	2.401E+00	0.098	31	1	235	240	5	203	299	247	0.979	0.666
LOKIASV2_1604_ESMFold_hypothetical_protein	AF-A0A044S6E9-F1-model_v4	AF-A0A044S6E9-F1-model_v4 Uncharacterized protein	2.873E+00	0.098	31	1	235	240	3	227	300	270	0.979	0.750
LOKIASV2_1604_ESMFold_hypothetical_protein	AF-A0A175VUH4-F1-model_v4	AF-A0A175VUH4-F1-model_v4 Protein sfk1	9.241E+00	0.098	31	1	230	240	1	224	305	262	0.958	0.734
LOKIASV2_1604_ESMFold_hypothetical_protein	AF-A0A0R0L9D8-F1-model_v4	AF-A0A0R0L9D8-F1-model_v4 WD_REPEATS_REGION domain-containing protein	4.927E+00	0.098	31	1	214	240	35	234	354	227	0.892	0.565
LOKIASV2_1604_ESMFold_hypothetical_protein	AF-Q9LDU0-F1-model_v4	AF-Q9LDU0-F1-model_v4 Metal tolerance protein 7	4.305E+00	0.098	31	1	233	240	90	292	391	245	0.971	0.519
LOKIASV2_1604_ESMFold_hypothetical_protein	AF-A0A077YVX4-F1-model_v4	AF-A0A077YVX4-F1-model_v4 Zinc transporter 1	5.897E+00	0.098	31	9	221	240	8	266	432	290	0.887	0.600
LOKIASV2_1604_ESMFold_hypothetical_protein	AF-A0A0D2H7K6-F1-model_v4	AF-A0A0D2H7K6-F1-model_v4 Unplaced genomic scaffold supercont1.4, whole genome shotgun sequence	3.763E+00	0.098	31	11	239	240	87	347	484	302	0.954	0.539
LOKIASV2_1604_ESMFold_hypothetical_protein	AF-A0A077ZEC3-F1-model_v4	AF-A0A077ZEC3-F1-model_v4 BK channel interacting protein 2	7.721E+00	0.098	31	1	227	240	47	259	768	238	0.946	0.277
LOKIASV2_1604_ESMFold_hypothetical_protein	AF-A0A5K4E8Y7-F1-model_v4	AF-A0A5K4E8Y7-F1-model_v4 Uncharacterized protein	6.747E+00	0.098	31	2	166	240	98	293	885	200	0.688	0.221
LOKIASV2_1604_ESMFold_hypothetical_protein	AF-Q9W4U9-F1-model_v4	AF-Q9W4U9-F1-model_v4 Cytochrome b561 domain-containing protein	8.076E+00	0.090	30	6	237	240	30	239	249	254	0.967	0.843
LOKIASV2_1604_ESMFold_hypothetical_protein	AF-Q23547-F1-model_v4	AF-Q23547-F1-model_v4 Uncharacterized protein	6.451E+00	0.090	30	74	224	240	133	291	322	168	0.629	0.494
LOKIASV2_1604_ESMFold_hypothetical_protein	AF-A0A1C1CD60-F1-model_v4	AF-A0A1C1CD60-F1-model_v4 Metal tolerance protein 9	5.153E+00	0.090	30	4	226	240	160	347	451	233	0.929	0.417
LOKIASV2_1604_ESMFold_hypothetical_protein	AF-A0A1C1CFU4-F1-model_v4	AF-A0A1C1CFU4-F1-model_v4 Zinc transporter	4.927E+00	0.090	30	2	236	240	70	339	489	314	0.979	0.552
LOKIASV2_1604_ESMFold_hypothetical_protein	AF-Q8T0G1-F1-model_v4	AF-Q8T0G1-F1-model_v4 LD05335p	9.666E+00	0.090	30	1	235	240	122	411	498	334	0.979	0.582
LOKIASV2_1604_ESMFold_hypothetical_protein	AF-U7Q9H7-F1-model_v4	AF-U7Q9H7-F1-model_v4 Uncharacterized protein	5.638E+00	0.090	30	11	231	240	211	467	581	290	0.921	0.442
LOKIASV2_1604_ESMFold_hypothetical_protein	AF-Q9D7S1-F1-model_v4	AF-Q9D7S1-F1-model_v4 Transmembrane protein 54	7.057E+00	0.082	29	3	235	240	19	184	219	238	0.971	0.758
LOKIASV2_1604_ESMFold_hypothetical_protein	AF-A0A044QXK6-F1-model_v4	AF-A0A044QXK6-F1-model_v4 Uncharacterized protein	8.447E+00	0.082	29	1	237	240	3	224	225	261	0.988	0.987
LOKIASV2_1604_ESMFold_hypothetical_protein	AF-Q9V3I6-F1-model_v4	AF-Q9V3I6-F1-model_v4 Transmembrane protein 147	6.747E+00	0.082	29	12	236	240	2	226	227	232	0.938	0.991
LOKIASV2_1604_ESMFold_hypothetical_protein	AF-Q497B3-F1-model_v4	AF-Q497B3-F1-model_v4 Keratinocyte-associated protein 3	6.747E+00	0.082	29	3	239	240	20	210	240	251	0.988	0.796
LOKIASV2_1604_ESMFold_hypothetical_protein	AF-Q0P453-F1-model_v4	AF-Q0P453-F1-model_v4 Peroxisomal biogenesis factor 11 beta	3.763E+00	0.082	29	2	235	240	9	262	266	293	0.975	0.955
LOKIASV2_1604_ESMFold_hypothetical_protein	AF-A0A1C1CSM4-F1-model_v4	AF-A0A1C1CSM4-F1-model_v4 Peroxisomal biogenesis factor 11	9.666E+00	0.082	29	5	236	240	55	271	272	280	0.967	0.798
LOKIASV2_1604_ESMFold_hypothetical_protein	AF-A0A0K0EG93-F1-model_v4	AF-A0A0K0EG93-F1-model_v4 Uncharacterized protein	8.835E+00	0.082	29	1	204	240	98	257	301	207	0.850	0.532
LOKIASV2_1604_ESMFold_hypothetical_protein	AF-A0A3P7QI52-F1-model_v4	AF-A0A3P7QI52-F1-model_v4 ZT_dimer domain-containing protein	4.710E+00	0.082	29	2	233	240	22	218	311	242	0.967	0.633
LOKIASV2_1604_ESMFold_hypothetical_protein	AF-A0A0K0DUG7-F1-model_v4	AF-A0A0K0DUG7-F1-model_v4 Uncharacterized protein	2.401E+00	0.082	29	2	227	240	55	257	356	244	0.942	0.570
LOKIASV2_1604_ESMFold_hypothetical_protein	AF-Q15049-F1-model_v4	AF-Q15049-F1-model_v4 Membrane protein MLC1	5.153E+00	0.082	29	2	239	240	49	340	377	314	0.992	0.775
LOKIASV2_1604_ESMFold_hypothetical_protein	AF-Q582T7-F1-model_v4	AF-Q582T7-F1-model_v4 BRO1 domain-containing protein	6.747E+00	0.082	29	42	237	240	160	355	399	205	0.817	0.491
LOKIASV2_1604_ESMFold_hypothetical_protein	AF-Q8L5Z7-F1-model_v4	AF-Q8L5Z7-F1-model_v4 Sorting nexin 2A	6.747E+00	0.082	29	1	238	240	349	572	587	248	0.992	0.382
LOKIASV2_1604_ESMFold_hypothetical_protein	AF-Q9STU3-F1-model_v4	AF-Q9STU3-F1-model_v4 RINT1-like protein MAG2	6.747E+00	0.082	29	3	238	240	129	402	795	285	0.983	0.345
LOKIASV2_1604_ESMFold_hypothetical_protein	AF-U7PWL2-F1-model_v4	AF-U7PWL2-F1-model_v4 Uncharacterized protein	8.447E+00	0.076	28	4	227	240	17	241	243	250	0.933	0.926
LOKIASV2_1604_ESMFold_hypothetical_protein	AF-K0ETM4-F1-model_v4	AF-K0ETM4-F1-model_v4 Uncharacterized protein	1.339E+00	0.069	27	4	231	240	30	291	340	285	0.950	0.771
LOKIASV2_1604_ESMFold_hypothetical_protein	AF-A0A1D6ET04-F1-model_v4	AF-A0A1D6ET04-F1-model_v4 Anthocyanin-related membrane protein 1 (Anm1)-like	3.597E+00	0.069	27	1	240	240	98	329	387	263	1.000	0.599
LOKIASV2_1604_ESMFold_hypothetical_protein	AF-Q4DVE5-F1-model_v4	AF-Q4DVE5-F1-model_v4 Mucin-associated surface protein (MASP), putative	9.241E+00	0.069	27	2	237	240	52	289	398	247	0.983	0.598
LOKIASV2_1604_ESMFold_hypothetical_protein	AF-A0A0N4ULS3-F1-model_v4	AF-A0A0N4ULS3-F1-model_v4 Uncharacterized protein	4.503E+00	0.069	27	1	238	240	18	239	449	252	0.992	0.494
LOKIASV2_1604_ESMFold_hypothetical_protein	AF-A0A0P0WNH2-F1-model_v4	AF-A0A0P0WNH2-F1-model_v4 Os05g0474500 protein	5.638E+00	0.069	27	1	238	240	272	497	510	256	0.992	0.443
LOKIASV2_1604_ESMFold_hypothetical_protein	AF-Q95PZ5-F1-model_v4	AF-Q95PZ5-F1-model_v4 Uncharacterized protein	6.747E+00	0.063	26	63	240	240	76	261	261	203	0.742	0.713
LOKIASV2_1604_ESMFold_hypothetical_protein	AF-C0NY34-F1-model_v4	AF-C0NY34-F1-model_v4 t-SNARE	5.638E+00	0.063	26	35	237	240	67	267	422	237	0.846	0.476
LOKIASV2_1604_ESMFold_hypothetical_protein	AF-I1KZC9-F1-model_v4	AF-I1KZC9-F1-model_v4 Uncharacterized protein	8.076E+00	0.063	26	3	239	240	123	397	796	290	0.988	0.345
LOKIASV2_1604_ESMFold_hypothetical_protein	AF-A4I802-F1-model_v4	AF-A4I802-F1-model_v4 Cation_efflux_family_-_putative	7.721E+00	0.057	25	3	233	240	19	276	625	292	0.962	0.413
LOKIASV2_1604_ESMFold_hypothetical_protein	AF-Q9SUD5-F1-model_v4	AF-Q9SUD5-F1-model_v4 WAT1-related protein At4g28040	2.627E+00	0.045	23	1	235	240	34	268	359	288	0.979	0.655
LOKIASV2_1604_ESMFold_hypothetical_protein	AF-Q8VWF1-F1-model_v4	AF-Q8VWF1-F1-model_v4 SH3 domain-containing protein 2	7.721E+00	0.045	23	7	237	240	35	224	368	240	0.962	0.516
LOKIASV2_1604_ESMFold_hypothetical_protein	AF-A0A077Z835-F1-model_v4	AF-A0A077Z835-F1-model_v4 Solute carrier family 35 member F5	4.927E+00	0.045	23	2	234	240	83	324	370	265	0.971	0.654
LOKIASV2_1604_ESMFold_hypothetical_protein	AF-A0A044T3E2-F1-model_v4	AF-A0A044T3E2-F1-model_v4 Uncharacterized protein	8.835E+00	0.040	22	17	240	240	35	201	240	230	0.933	0.696
LOKIASV2_1604_ESMFold_hypothetical_protein	AF-Q7XR93-F1-model_v4	AF-Q7XR93-F1-model_v4 Os04g0539800 protein	8.835E+00	0.040	22	1	237	240	29	224	369	246	0.988	0.531
LOKIASV2_1604_ESMFold_hypothetical_protein	AF-I1JSK2-F1-model_v4	AF-I1JSK2-F1-model_v4 SH3 domain-containing protein	8.447E+00	0.040	22	1	238	240	49	270	388	245	0.992	0.572
LOKIASV2_1604_ESMFold_hypothetical_protein	AF-G4LWP4-F1-model_v4	AF-G4LWP4-F1-model_v4 Laminin beta chain-related	7.721E+00	0.040	22	3	237	240	1403	1726	1753	332	0.979	0.185
LOKIASV2_1604_ESMFold_hypothetical_protein	AF-A0A1D6GMZ7-F1-model_v4	AF-A0A1D6GMZ7-F1-model_v4 SH3 domain-containing protein 2	8.835E+00	0.034	21	1	238	240	30	258	375	247	0.992	0.611
LOKIASV2_1604_ESMFold_hypothetical_protein	AF-K7M3B4-F1-model_v4	AF-K7M3B4-F1-model_v4 Uncharacterized protein	6.747E+00	0.029	20	8	235	240	89	283	352	237	0.950	0.554
LOKIASV2_1604_ESMFold_hypothetical_protein	AF-I1K731-F1-model_v4	AF-I1K731-F1-model_v4 SH3 domain-containing protein	8.835E+00	0.029	20	2	237	240	33	227	371	252	0.983	0.526
LOKIASV2_1604_ESMFold_hypothetical_protein	AF-Q9W1U5-F1-model_v4	AF-Q9W1U5-F1-model_v4 Putative gustatory receptor 59c	7.382E+00	0.024	19	4	238	240	78	312	397	281	0.979	0.592
LOKIASV2_1604_ESMFold_hypothetical_protein	AF-A0A368UHH3-F1-model_v4	AF-A0A368UHH3-F1-model_v4 Uncharacterized protein	6.747E+00	0.020	18	8	219	240	91	323	354	257	0.883	0.658
LOKIASV2_1604_ESMFold_hypothetical_protein	af_A0A0R0JGJ1_4_316_1.20.1070.10	af_A0A0R0JGJ1_4_316_1.20.1070.10	5.516E-04	1.000	163	2	239	240	9	293	313	287	0.992	0.911
LOKIASV2_1604_ESMFold_hypothetical_protein	af_Q9W2B3_282_538_1.20.1070.10	af_Q9W2B3_282_538_1.20.1070.10	7.814E-03	1.000	145	9	221	240	35	257	257	233	0.887	0.868
LOKIASV2_1604_ESMFold_hypothetical_protein	af_I1MJT4_6_290_1.20.1070.10	af_I1MJT4_6_290_1.20.1070.10	8.645E-04	1.000	143	2	230	240	4	284	285	286	0.954	0.986
LOKIASV2_1604_ESMFold_hypothetical_protein	af_Q8I5S0_426_659_1.20.1070.10	af_Q8I5S0_426_659_1.20.1070.10	4.357E-03	1.000	142	1	225	240	2	234	234	244	0.938	0.996
LOKIASV2_1604_ESMFold_hypothetical_protein	af_I1KNS8_1_294_2.170.150.20	af_I1KNS8_1_294_2.170.150.20	5.215E-03	1.000	142	2	239	240	9	275	294	272	0.992	0.908
LOKIASV2_1604_ESMFold_hypothetical_protein	af_C0H4C0_218_446_1.20.1070.10	af_C0H4C0_218_446_1.20.1070.10	7.142E-03	1.000	140	9	218	240	17	228	229	221	0.875	0.926
LOKIASV2_1604_ESMFold_hypothetical_protein	af_Q54LH2_1_312_1.20.1070.10	af_Q54LH2_1_312_1.20.1070.10	3.640E-03	1.000	136	1	239	240	1	301	312	304	0.996	0.965
LOKIASV2_1604_ESMFold_hypothetical_protein	af_A0A1L1QZV7_8_299_1.20.1070.10	af_A0A1L1QZV7_8_299_1.20.1070.10	5.215E-03	1.000	135	4	239	240	10	286	292	282	0.983	0.949
LOKIASV2_1604_ESMFold_hypothetical_protein	af_E9QB74_20_306_1.20.1070.10	af_E9QB74_20_306_1.20.1070.10	9.352E-03	1.000	133	4	239	240	6	270	287	269	0.983	0.923
LOKIASV2_1604_ESMFold_hypothetical_protein	af_H2KYC0_1_288_1.20.1070.10	af_H2KYC0_1_288_1.20.1070.10	3.181E-03	1.000	130	1	239	240	1	286	288	291	0.996	0.993
LOKIASV2_1604_ESMFold_hypothetical_protein	af_Q7M721_1_294_1.20.1070.10	af_Q7M721_1_294_1.20.1070.10	1.023E-02	1.000	128	1	240	240	1	294	294	295	1.000	1.000
LOKIASV2_1604_ESMFold_hypothetical_protein	af_Q9NYW4_6_296_1.20.1070.10	af_Q9NYW4_6_296_1.20.1070.10	8.548E-03	1.000	127	1	239	240	1	285	291	289	0.996	0.979
LOKIASV2_1604_ESMFold_hypothetical_protein	af_Q675C0_4_288_1.20.1070.10	af_Q675C0_4_288_1.20.1070.10	2.221E-03	1.000	126	4	234	240	9	284	285	282	0.962	0.968
LOKIASV2_1604_ESMFold_hypothetical_protein	af_Q54RY1_6_269_1.20.1070.10	af_Q54RY1_6_269_1.20.1070.10	1.466E-02	1.000	125	5	225	240	12	254	264	247	0.921	0.920
LOKIASV2_1604_ESMFold_hypothetical_protein	af_Q18000_173_429_1.20.1070.10	af_Q18000_173_429_1.20.1070.10	8.941E-03	1.000	123	7	226	240	29	255	257	242	0.917	0.883
LOKIASV2_1604_ESMFold_hypothetical_protein	af_O44695_7_274_1.20.1070.10	af_O44695_7_274_1.20.1070.10	3.983E-03	1.000	123	1	238	240	1	267	268	279	0.992	0.996
LOKIASV2_1604_ESMFold_hypothetical_protein	af_P0C646_7_298_1.20.1070.10	af_P0C646_7_298_1.20.1070.10	4.986E-03	1.000	122	7	240	240	9	286	292	283	0.975	0.952
LOKIASV2_1604_ESMFold_hypothetical_protein	af_Q54LY7_3_321_1.20.1070.10	af_Q54LY7_3_321_1.20.1070.10	8.548E-03	1.000	122	1	234	240	1	302	319	304	0.975	0.947
LOKIASV2_1604_ESMFold_hypothetical_protein	af_Q86SQ3_186_456_1.20.1070.10	af_Q86SQ3_186_456_1.20.1070.10	6.242E-03	1.000	121	1	239	240	1	265	271	278	0.996	0.978
LOKIASV2_1604_ESMFold_hypothetical_protein	af_O16492_6_301_1.20.1070.10	af_O16492_6_301_1.20.1070.10	8.941E-03	1.000	121	1	240	240	7	290	296	288	1.000	0.959
LOKIASV2_1604_ESMFold_hypothetical_protein	af_Q94299_2_269_1.20.1070.10	af_Q94299_2_269_1.20.1070.10	1.340E-02	1.000	117	4	232	240	6	267	268	265	0.954	0.978
LOKIASV2_1604_ESMFold_hypothetical_protein	af_F6P9T2_15_290_1.20.1070.10	af_F6P9T2_15_290_1.20.1070.10	8.941E-03	1.000	116	2	227	240	9	271	276	273	0.942	0.953
LOKIASV2_1604_ESMFold_hypothetical_protein	af_Q8IKB5_261_518_1.20.1070.10	af_Q8IKB5_261_518_1.20.1070.10	1.281E-02	1.000	115	1	225	240	14	254	258	251	0.938	0.934
LOKIASV2_1604_ESMFold_hypothetical_protein	af_O17559_1_278_3.90.550.10	af_O17559_1_278_3.90.550.10	1.225E-02	1.000	115	1	239	240	1	259	278	273	0.996	0.932
LOKIASV2_1604_ESMFold_hypothetical_protein	af_O01459_2_293_1.20.1070.10	af_O01459_2_293_1.20.1070.10	2.628E-02	1.000	115	6	239	240	7	278	292	275	0.975	0.932
LOKIASV2_1604_ESMFold_hypothetical_protein	af_Q7TQB8_2_314_1.20.1070.10	af_Q7TQB8_2_314_1.20.1070.10	1.533E-02	1.000	115	2	239	240	13	310	313	299	0.992	0.952
LOKIASV2_1604_ESMFold_hypothetical_protein	af_O16491_9_287_1.20.1070.10	af_O16491_9_287_1.20.1070.10	1.835E-02	1.000	114	3	240	240	6	279	279	278	0.992	0.982
LOKIASV2_1604_ESMFold_hypothetical_protein	af_Q8MQC4_34_382_1.20.1070.10	af_Q8MQC4_34_382_1.20.1070.10	1.677E-02	1.000	114	4	239	240	23	325	349	306	0.983	0.868
LOKIASV2_1604_ESMFold_hypothetical_protein	af_I1JYK9_26_287_1.20.1070.10	af_I1JYK9_26_287_1.20.1070.10	9.782E-03	1.000	112	14	235	240	2	255	262	263	0.925	0.969
LOKIASV2_1604_ESMFold_hypothetical_protein	af_O62362_1_271_1.20.1070.10	af_O62362_1_271_1.20.1070.10	6.828E-03	1.000	112	1	232	240	1	267	271	273	0.967	0.985
LOKIASV2_1604_ESMFold_hypothetical_protein	af_G5EBF7_113_404_1.20.1070.10	af_G5EBF7_113_404_1.20.1070.10	2.402E-02	1.000	112	2	239	240	1	274	292	278	0.992	0.938
LOKIASV2_1604_ESMFold_hypothetical_protein	af_O17557_1_309_1.20.1070.10	af_O17557_1_309_1.20.1070.10	1.281E-02	1.000	112	1	240	240	1	277	309	286	1.000	0.896
LOKIASV2_1604_ESMFold_hypothetical_protein	af_Q9DGM2_71_392_1.20.1070.10	af_Q9DGM2_71_392_1.20.1070.10	2.297E-02	1.000	112	1	235	240	9	308	322	305	0.979	0.932
LOKIASV2_1604_ESMFold_hypothetical_protein	af_P20272_97_420_1.20.1070.10	af_P20272_97_420_1.20.1070.10	1.340E-02	1.000	112	1	238	240	17	316	324	306	0.992	0.926
LOKIASV2_1604_ESMFold_hypothetical_protein	af_O44731_6_359_1.20.1070.10	af_O44731_6_359_1.20.1070.10	2.749E-02	1.000	112	2	238	240	12	321	354	310	0.988	0.876
LOKIASV2_1604_ESMFold_hypothetical_protein	af_Q86V85_141_405_1.20.1070.10	af_Q86V85_141_405_1.20.1070.10	1.119E-02	1.000	111	2	226	240	28	263	265	248	0.938	0.891
LOKIASV2_1604_ESMFold_hypothetical_protein	af_O17557_1_278_1.20.1070.10	af_O17557_1_278_1.20.1070.10	1.401E-02	1.000	111	1	240	240	1	277	278	286	1.000	0.996
LOKIASV2_1604_ESMFold_hypothetical_protein	af_Q91ZC1_25_304_1.20.1070.10	af_Q91ZC1_25_304_1.20.1070.10	1.754E-02	1.000	111	4	239	240	6	270	280	270	0.983	0.946
LOKIASV2_1604_ESMFold_hypothetical_protein	af_Q20827_1_291_1.20.1070.10	af_Q20827_1_291_1.20.1070.10	9.782E-03	1.000	111	4	239	240	5	279	291	283	0.983	0.945
LOKIASV2_1604_ESMFold_hypothetical_protein	af_E9QFZ4_3_305_1.20.1070.10	af_E9QFZ4_3_305_1.20.1070.10	4.357E-03	1.000	111	1	240	240	10	303	303	305	1.000	0.970
LOKIASV2_1604_ESMFold_hypothetical_protein	af_O16504_1_306_1.20.1070.10	af_O16504_1_306_1.20.1070.10	1.171E-02	1.000	111	4	239	240	19	286	306	279	0.983	0.876
LOKIASV2_1604_ESMFold_hypothetical_protein	af_A1Z9Q8_122_415_1.20.1070.10	af_A1Z9Q8_122_415_1.20.1070.10	1.603E-02	1.000	110	1	239	240	1	271	294	276	0.996	0.922
LOKIASV2_1604_ESMFold_hypothetical_protein	af_A0A2I2LDW9_5_314_1.20.1070.10	af_A0A2I2LDW9_5_314_1.20.1070.10	8.173E-03	1.000	110	2	240	240	3	273	310	276	0.996	0.874
LOKIASV2_1604_ESMFold_hypothetical_protein	af_A0A1D6N5D2_4_341_1.20.1070.10	af_A0A1D6N5D2_4_341_1.20.1070.10	4.506E-02	1.000	110	2	240	240	6	300	338	299	0.996	0.873
LOKIASV2_1604_ESMFold_hypothetical_protein	af_G5EGF9_1_272_1.20.1070.10	af_G5EGF9_1_272_1.20.1070.10	1.023E-02	1.000	109	4	228	240	8	271	272	270	0.938	0.971
LOKIASV2_1604_ESMFold_hypothetical_protein	af_Q8S0R7_7_297_1.20.1070.10	af_Q8S0R7_7_297_1.20.1070.10	1.677E-02	1.000	109	2	237	240	3	290	291	294	0.983	0.990
LOKIASV2_1604_ESMFold_hypothetical_protein	af_O45985_10_322_1.20.1070.10	af_O45985_10_322_1.20.1070.10	3.442E-02	1.000	109	1	239	240	33	304	313	277	0.996	0.869
LOKIASV2_1604_ESMFold_hypothetical_protein	af_Q54EU0_131_384_1.20.1070.10	af_Q54EU0_131_384_1.20.1070.10	1.281E-02	1.000	108	4	221	240	31	252	254	236	0.908	0.874
LOKIASV2_1604_ESMFold_hypothetical_protein	af_Q5AA40_53_308_1.20.1070.10	af_Q5AA40_53_308_1.20.1070.10	4.308E-02	1.000	108	8	234	240	3	232	256	241	0.946	0.898
LOKIASV2_1604_ESMFold_hypothetical_protein	af_Q966H6_1_270_1.20.1070.10	af_Q966H6_1_270_1.20.1070.10	3.765E-02	1.000	108	1	227	240	1	268	270	275	0.946	0.993
LOKIASV2_1604_ESMFold_hypothetical_protein	af_D3YU55_2_306_1.20.1070.10	af_D3YU55_2_306_1.20.1070.10	1.919E-02	1.000	108	1	239	240	1	296	305	299	0.996	0.970
LOKIASV2_1604_ESMFold_hypothetical_protein	af_F1QC10_17_321_1.20.1070.10	af_F1QC10_17_321_1.20.1070.10	2.196E-02	1.000	108	1	239	240	29	303	305	286	0.996	0.902
LOKIASV2_1604_ESMFold_hypothetical_protein	af_P92019_9_300_1.20.1070.10	af_P92019_9_300_1.20.1070.10	1.466E-02	1.000	107	4	239	240	13	275	292	273	0.983	0.901
LOKIASV2_1604_ESMFold_hypothetical_protein	af_Q9W0R5_234_557_1.20.1070.10	af_Q9W0R5_234_557_1.20.1070.10	3.146E-02	1.000	107	4	238	240	12	298	324	294	0.979	0.886
LOKIASV2_1604_ESMFold_hypothetical_protein	af_A0A2C9C3A4_61_437_1.20.1070.10	af_A0A2C9C3A4_61_437_1.20.1070.10	8.548E-03	1.000	107	2	235	240	8	334	377	330	0.975	0.867
LOKIASV2_1604_ESMFold_hypothetical_protein	af_Q22162_183_440_1.20.1070.10	af_Q22162_183_440_1.20.1070.10	1.919E-02	1.000	105	9	228	240	35	258	258	231	0.917	0.868
LOKIASV2_1604_ESMFold_hypothetical_protein	af_A0A2I2LDW9_11_277_1.20.1070.10	af_A0A2I2LDW9_11_277_1.20.1070.10	1.340E-02	1.000	105	7	240	240	2	267	267	276	0.975	0.996
LOKIASV2_1604_ESMFold_hypothetical_protein	af_Q9W0R6_205_482_1.20.1070.10	af_Q9W0R6_205_482_1.20.1070.10	6.752E-02	1.000	104	2	234	240	1	267	278	283	0.971	0.960
LOKIASV2_1604_ESMFold_hypothetical_protein	af_F1QZI3_2_282_1.20.1070.10	af_F1QZI3_2_282_1.20.1070.10	3.008E-02	1.000	104	1	239	240	4	276	281	283	0.996	0.972
LOKIASV2_1604_ESMFold_hypothetical_protein	af_P32082_116_399_1.20.1070.10	af_P32082_116_399_1.20.1070.10	2.513E-02	1.000	104	2	239	240	12	276	284	266	0.992	0.933
LOKIASV2_1604_ESMFold_hypothetical_protein	af_P47936_14_317_1.20.1070.10	af_P47936_14_317_1.20.1070.10	3.600E-02	1.000	104	1	239	240	16	301	304	290	0.996	0.941
LOKIASV2_1604_ESMFold_hypothetical_protein	af_F1R8K4_27_344_1.20.1070.10	af_F1R8K4_27_344_1.20.1070.10	3.600E-02	1.000	104	1	237	240	16	300	318	291	0.988	0.896
LOKIASV2_1604_ESMFold_hypothetical_protein	af_A0A0G2L845_1_257_1.20.1070.10	af_A0A0G2L845_1_257_1.20.1070.10	1.401E-02	1.000	103	7	238	240	2	248	257	264	0.967	0.961
LOKIASV2_1604_ESMFold_hypothetical_protein	af_O45280_1_272_1.20.1070.10	af_O45280_1_272_1.20.1070.10	1.533E-02	1.000	103	1	228	240	1	271	272	282	0.950	0.996
LOKIASV2_1604_ESMFold_hypothetical_protein	af_Q99678_50_341_1.20.1070.10	af_Q99678_50_341_1.20.1070.10	1.835E-02	1.000	103	5	239	240	4	263	292	274	0.979	0.890
LOKIASV2_1604_ESMFold_hypothetical_protein	af_O13780_13_324_2.40.160.10	af_O13780_13_324_2.40.160.10	1.070E-02	1.000	103	11	232	240	3	257	312	268	0.925	0.817
LOKIASV2_1604_ESMFold_hypothetical_protein	af_P59544_1_299_1.20.1070.10	af_P59544_1_299_1.20.1070.10	2.007E-02	1.000	101	4	239	240	12	290	299	285	0.983	0.933
LOKIASV2_1604_ESMFold_hypothetical_protein	af_Q8BY68_7_309_1.20.1070.10	af_Q8BY68_7_309_1.20.1070.10	7.142E-03	1.000	101	4	239	240	15	295	303	286	0.983	0.927
LOKIASV2_1604_ESMFold_hypothetical_protein	af_A0A0R0JAR5_24_296_1.20.1070.10	af_A0A0R0JAR5_24_296_1.20.1070.10	2.513E-02	0.999	99	3	235	240	18	256	273	252	0.971	0.875
LOKIASV2_1604_ESMFold_hypothetical_protein	af_A2AR72_13_316_1.20.1070.10	af_A2AR72_13_316_1.20.1070.10	3.442E-02	0.999	99	2	238	240	1	290	304	295	0.988	0.954
LOKIASV2_1604_ESMFold_hypothetical_protein	af_X1WGW1_5_278_1.20.1070.10	af_X1WGW1_5_278_1.20.1070.10	3.290E-02	0.999	98	3	224	240	2	273	274	276	0.925	0.993
LOKIASV2_1604_ESMFold_hypothetical_protein	af_A0A2R8RHH7_17_319_1.20.1070.10	af_A0A2R8RHH7_17_319_1.20.1070.10	2.402E-02	0.999	98	1	239	240	11	297	303	298	0.996	0.947
LOKIASV2_1604_ESMFold_hypothetical_protein	af_F1QIM2_4_316_1.20.1070.10	af_F1QIM2_4_316_1.20.1070.10	2.007E-02	0.999	98	2	240	240	14	313	313	306	0.996	0.958
LOKIASV2_1604_ESMFold_hypothetical_protein	af_Q5DX38_1_272_1.20.1070.10	af_Q5DX38_1_272_1.20.1070.10	2.196E-02	0.999	97	1	238	240	1	271	272	281	0.992	0.996
LOKIASV2_1604_ESMFold_hypothetical_protein	af_E7F7P8_306_579_1.20.1070.10	af_E7F7P8_306_579_1.20.1070.10	4.713E-02	0.999	97	4	225	240	12	274	274	272	0.925	0.960
LOKIASV2_1604_ESMFold_hypothetical_protein	af_Q7M713_3_292_1.20.1070.10	af_Q7M713_3_292_1.20.1070.10	2.196E-02	0.999	97	4	234	240	10	288	290	286	0.962	0.962
LOKIASV2_1604_ESMFold_hypothetical_protein	af_Q2PRI7_26_318_1.20.1070.10	af_Q2PRI7_26_318_1.20.1070.10	3.146E-02	0.999	97	2	239	240	3	283	293	290	0.992	0.959
LOKIASV2_1604_ESMFold_hypothetical_protein	af_F1QQU6_68_366_1.20.1070.10	af_F1QQU6_68_366_1.20.1070.10	8.081E-02	0.999	97	1	239	240	1	287	299	292	0.996	0.960
LOKIASV2_1604_ESMFold_hypothetical_protein	af_P91439_2_333_1.20.1070.10	af_P91439_2_333_1.20.1070.10	2.196E-02	0.999	97	4	239	240	9	316	332	317	0.983	0.928
LOKIASV2_1604_ESMFold_hypothetical_protein	af_Q1ZXB0_41_389_1.20.1070.10	af_Q1ZXB0_41_389_1.20.1070.10	1.919E-02	0.999	97	2	233	240	51	341	349	298	0.967	0.834
LOKIASV2_1604_ESMFold_hypothetical_protein	af_A0A0P0VA50_18_258_1.20.1070.10	af_A0A0P0VA50_18_258_1.20.1070.10	8.081E-02	0.999	96	8	225	240	1	237	241	247	0.908	0.983
LOKIASV2_1604_ESMFold_hypothetical_protein	af_D3Z9I0_157_411_1.20.1070.10	af_D3Z9I0_157_411_1.20.1070.10	6.172E-02	0.999	96	3	220	240	30	254	255	234	0.908	0.882
LOKIASV2_1604_ESMFold_hypothetical_protein	af_O16499_2_275_1.20.1070.10	af_O16499_2_275_1.20.1070.10	4.308E-02	0.999	96	4	240	240	9	274	274	274	0.988	0.971
LOKIASV2_1604_ESMFold_hypothetical_protein	af_Q8SZ78_496_794_1.20.1070.10	af_Q8SZ78_496_794_1.20.1070.10	1.211E-01	0.999	96	4	235	240	2	272	299	278	0.967	0.906
LOKIASV2_1604_ESMFold_hypothetical_protein	af_Q8I7M5_2_335_1.20.1070.10	af_Q8I7M5_2_335_1.20.1070.10	1.603E-02	0.999	96	2	235	240	22	281	334	273	0.975	0.778
LOKIASV2_1604_ESMFold_hypothetical_protein	af_Q54CB4_324_546_1.20.1070.10	af_Q54CB4_324_546_1.20.1070.10	1.386E-01	0.998	95	4	221	240	5	222	223	231	0.908	0.978
LOKIASV2_1604_ESMFold_hypothetical_protein	af_Q7M711_3_293_1.20.1070.10	af_Q7M711_3_293_1.20.1070.10	2.749E-02	0.998	95	4	234	240	10	290	291	287	0.962	0.966
LOKIASV2_1604_ESMFold_hypothetical_protein	af_Q93784_13_303_1.20.1070.10	af_Q93784_13_303_1.20.1070.10	3.600E-02	0.998	95	4	240	240	7	290	291	295	0.988	0.976
LOKIASV2_1604_ESMFold_hypothetical_protein	af_Q7TQN8_1_295_1.20.1070.10	af_Q7TQN8_1_295_1.20.1070.10	5.641E-02	0.998	95	4	239	240	7	293	295	289	0.983	0.973
LOKIASV2_1604_ESMFold_hypothetical_protein	af_F1RDY9_5_309_1.20.1070.10	af_F1RDY9_5_309_1.20.1070.10	4.119E-02	0.998	95	4	239	240	10	284	305	285	0.983	0.902
LOKIASV2_1604_ESMFold_hypothetical_protein	af_O45300_1_359_1.20.1070.10	af_O45300_1_359_1.20.1070.10	3.442E-02	0.998	95	5	237	240	30	306	359	284	0.971	0.772
LOKIASV2_1604_ESMFold_hypothetical_protein	af_Q55GM7_1478_1756_1.20.1070.10	af_Q55GM7_1478_1756_1.20.1070.10	1.325E-01	0.998	94	1	225	240	12	277	279	273	0.938	0.953
LOKIASV2_1604_ESMFold_hypothetical_protein	af_Q22246_26_308_1.20.1070.10	af_Q22246_26_308_1.20.1070.10	3.938E-02	0.998	94	1	239	240	3	277	283	283	0.996	0.972
LOKIASV2_1604_ESMFold_hypothetical_protein	af_Q920A1_18_309_1.20.1070.10	af_Q920A1_18_309_1.20.1070.10	5.157E-02	0.998	94	1	239	240	1	283	292	289	0.996	0.969
LOKIASV2_1604_ESMFold_hypothetical_protein	af_Q6PHE1_15_315_1.20.1070.10	af_Q6PHE1_15_315_1.20.1070.10	1.171E-02	0.998	94	2	238	240	1	286	301	294	0.988	0.950
LOKIASV2_1604_ESMFold_hypothetical_protein	af_E7FEY3_37_340_1.20.1070.10	af_E7FEY3_37_340_1.20.1070.10	3.765E-02	0.998	94	1	240	240	1	304	304	312	1.000	1.000
LOKIASV2_1604_ESMFold_hypothetical_protein	af_Q3V3A3_83_413_1.20.1070.10	af_Q3V3A3_83_413_1.20.1070.10	6.172E-02	0.998	94	2	239	240	10	302	331	302	0.992	0.885
LOKIASV2_1604_ESMFold_hypothetical_protein	af_Q20067_11_347_1.20.1070.10	af_Q20067_11_347_1.20.1070.10	3.600E-02	0.998	94	1	238	240	10	309	337	305	0.992	0.890
LOKIASV2_1604_ESMFold_hypothetical_protein	af_Q54K09_743_982_1.20.1070.10	af_Q54K09_743_982_1.20.1070.10	2.513E-02	0.998	93	8	228	240	2	240	240	257	0.921	0.996
LOKIASV2_1604_ESMFold_hypothetical_protein	af_Q19027_3_293_1.20.1070.10	af_Q19027_3_293_1.20.1070.10	9.672E-02	0.998	93	8	237	240	3	276	291	278	0.958	0.942
LOKIASV2_1604_ESMFold_hypothetical_protein	af_F1QTY3_24_315_1.20.1070.10	af_F1QTY3_24_315_1.20.1070.10	7.062E-02	0.998	93	4	240	240	15	291	292	281	0.988	0.949
LOKIASV2_1604_ESMFold_hypothetical_protein	af_Q7TQA8_1_295_1.20.1070.10	af_Q7TQA8_1_295_1.20.1070.10	2.875E-02	0.998	93	4	239	240	12	287	295	285	0.983	0.936
LOKIASV2_1604_ESMFold_hypothetical_protein	af_Q08BG4_24_333_1.20.1070.10	af_Q08BG4_24_333_1.20.1070.10	2.749E-02	0.998	93	2	240	240	1	295	310	301	0.996	0.952
LOKIASV2_1604_ESMFold_hypothetical_protein	af_Q18130_63_425_1.20.1070.10	af_Q18130_63_425_1.20.1070.10	3.938E-02	0.998	93	4	237	240	12	344	363	335	0.975	0.917
LOKIASV2_1604_ESMFold_hypothetical_protein	af_Q9XXK0_1_273_1.20.1070.10	af_Q9XXK0_1_273_1.20.1070.10	2.196E-02	0.997	92	4	226	240	8	261	273	259	0.929	0.930
LOKIASV2_1604_ESMFold_hypothetical_protein	af_A0A2R8QKZ2_52_343_1.20.1070.10	af_A0A2R8QKZ2_52_343_1.20.1070.10	2.749E-02	0.997	92	5	239	240	3	286	292	286	0.979	0.973
LOKIASV2_1604_ESMFold_hypothetical_protein	af_A0A668KL92_1_294_1.20.1070.10	af_A0A668KL92_1_294_1.20.1070.10	1.516E-01	0.997	92	4	239	240	17	288	294	279	0.983	0.925
LOKIASV2_1604_ESMFold_hypothetical_protein	af_F1M9D3_15_314_1.20.1070.10	af_F1M9D3_15_314_1.20.1070.10	8.081E-02	0.997	92	5	239	240	30	298	300	275	0.979	0.897
LOKIASV2_1604_ESMFold_hypothetical_protein	af_Q54CF9_1377_1676_1.20.1070.10	af_Q54CF9_1377_1676_1.20.1070.10	8.453E-02	0.997	92	4	238	240	21	297	300	282	0.979	0.923
LOKIASV2_1604_ESMFold_hypothetical_protein	af_P70205_140_462_1.20.1070.10	af_P70205_140_462_1.20.1070.10	8.453E-02	0.997	92	2	239	240	8	304	323	299	0.992	0.920
LOKIASV2_1604_ESMFold_hypothetical_protein	af_Q7KTL9_14_364_1.20.1070.10	af_Q7KTL9_14_364_1.20.1070.10	8.841E-02	0.997	92	2	240	240	22	338	351	317	0.996	0.903
LOKIASV2_1604_ESMFold_hypothetical_protein	af_Q54RJ0_20_262_1.20.1070.10	af_Q54RJ0_20_262_1.20.1070.10	5.157E-02	0.997	91	8	219	240	2	242	243	242	0.883	0.992
LOKIASV2_1604_ESMFold_hypothetical_protein	af_F1QSZ7_43_318_1.20.1070.10	af_F1QSZ7_43_318_1.20.1070.10	3.290E-02	0.997	91	1	236	240	4	271	276	279	0.983	0.971
LOKIASV2_1604_ESMFold_hypothetical_protein	af_F1Q9X5_1_304_1.20.1070.10	af_F1Q9X5_1_304_1.20.1070.10	1.677E-02	0.997	91	1	239	240	21	291	304	286	0.996	0.891
LOKIASV2_1604_ESMFold_hypothetical_protein	af_Q9NAG1_1_333_1.20.1070.10	af_Q9NAG1_1_333_1.20.1070.10	3.765E-02	0.997	91	1	239	240	22	321	333	304	0.996	0.901
LOKIASV2_1604_ESMFold_hypothetical_protein	af_Q9XVI7_2_285_1.20.1070.10	af_Q9XVI7_2_285_1.20.1070.10	1.386E-01	0.996	90	11	240	240	5	284	284	281	0.958	0.986
LOKIASV2_1604_ESMFold_hypothetical_protein	af_Q9VQ34_159_444_1.20.1070.10	af_Q9VQ34_159_444_1.20.1070.10	7.062E-02	0.996	90	4	232	240	46	285	286	250	0.954	0.839
LOKIASV2_1604_ESMFold_hypothetical_protein	af_Q18551_2_290_1.20.1070.10	af_Q18551_2_290_1.20.1070.10	1.586E-01	0.996	90	4	240	240	9	289	289	284	0.988	0.972
LOKIASV2_1604_ESMFold_hypothetical_protein	af_Q54ET0_439_680_1.20.1070.10	af_Q54ET0_439_680_1.20.1070.10	5.901E-02	0.996	89	6	229	240	3	239	242	264	0.933	0.979
LOKIASV2_1604_ESMFold_hypothetical_protein	af_O16471_33_296_1.20.1070.10	af_O16471_33_296_1.20.1070.10	1.386E-01	0.996	89	17	239	240	2	255	264	262	0.929	0.962
LOKIASV2_1604_ESMFold_hypothetical_protein	af_P0DTE0_20_289_1.20.1070.10	af_P0DTE0_20_289_1.20.1070.10	1.158E-01	0.996	89	14	233	240	3	269	270	268	0.917	0.989
LOKIASV2_1604_ESMFold_hypothetical_protein	af_Q18021_11_292_1.20.1070.10	af_Q18021_11_292_1.20.1070.10	1.012E-01	0.996	89	2	240	240	7	282	282	280	0.996	0.979
LOKIASV2_1604_ESMFold_hypothetical_protein	af_K7N609_23_322_1.20.1070.10	af_K7N609_23_322_1.20.1070.10	8.841E-02	0.996	89	1	239	240	1	287	300	296	0.996	0.957
LOKIASV2_1604_ESMFold_hypothetical_protein	af_Q10909_38_337_1.20.1070.10	af_Q10909_38_337_1.20.1070.10	3.146E-02	0.996	89	7	237	240	11	298	300	292	0.962	0.960
LOKIASV2_1604_ESMFold_hypothetical_protein	af_Q5A0Z2_15_272_1.20.1070.10	af_Q5A0Z2_15_272_1.20.1070.10	4.713E-02	0.995	88	7	236	240	27	236	258	239	0.958	0.814
LOKIASV2_1604_ESMFold_hypothetical_protein	af_B2RU40_354_627_1.20.1070.10	af_B2RU40_354_627_1.20.1070.10	8.081E-02	0.995	88	2	224	240	8	266	274	271	0.929	0.945
LOKIASV2_1604_ESMFold_hypothetical_protein	af_C0H526_4_281_1.20.1070.10	af_C0H526_4_281_1.20.1070.10	4.713E-02	0.995	88	4	240	240	4	276	278	285	0.988	0.982
LOKIASV2_1604_ESMFold_hypothetical_protein	af_A0A2R8QH63_20_315_1.20.1070.10	af_A0A2R8QH63_20_315_1.20.1070.10	4.713E-02	0.995	88	1	239	240	2	287	296	295	0.996	0.966
LOKIASV2_1604_ESMFold_hypothetical_protein	af_Q22118_1_316_1.20.1070.10	af_Q22118_1_316_1.20.1070.10	9.672E-02	0.995	88	5	237	240	4	273	316	278	0.971	0.854
LOKIASV2_1604_ESMFold_hypothetical_protein	af_B4F8H4_76_330_1.20.1070.10	af_B4F8H4_76_330_1.20.1070.10	8.841E-02	0.994	87	30	221	240	66	254	255	204	0.800	0.741
LOKIASV2_1604_ESMFold_hypothetical_protein	af_Q9XV27_45_303_1.20.1070.10	af_Q9XV27_45_303_1.20.1070.10	3.600E-02	0.994	87	5	226	240	2	255	259	256	0.925	0.981
LOKIASV2_1604_ESMFold_hypothetical_protein	af_P90997_18_298_1.20.1070.10	af_P90997_18_298_1.20.1070.10	1.107E-01	0.994	87	1	239	240	5	279	281	277	0.996	0.979
LOKIASV2_1604_ESMFold_hypothetical_protein	af_Q9NYW7_1_296_1.20.1070.10	af_Q9NYW7_1_296_1.20.1070.10	4.119E-02	0.994	87	4	240	240	9	296	296	294	0.988	0.973
LOKIASV2_1604_ESMFold_hypothetical_protein	af_Q8NGU2_19_313_1.20.1070.10	af_Q8NGU2_19_313_1.20.1070.10	6.172E-02	0.993	86	4	239	240	5	287	295	293	0.983	0.959
LOKIASV2_1604_ESMFold_hypothetical_protein	af_A0A2K5ATZ5_46_345_1.20.1070.10	af_A0A2K5ATZ5_46_345_1.20.1070.10	2.297E-02	0.993	86	4	239	240	9	296	300	294	0.983	0.960
LOKIASV2_1604_ESMFold_hypothetical_protein	af_O14842_6_280_1.20.1070.10	af_O14842_6_280_1.20.1070.10	5.157E-02	0.992	85	2	224	240	1	270	275	284	0.929	0.982
LOKIASV2_1604_ESMFold_hypothetical_protein	af_Q8NGF3_29_322_1.20.1070.10	af_Q8NGF3_29_322_1.20.1070.10	1.325E-01	0.992	85	4	239	240	9	291	294	288	0.983	0.963
LOKIASV2_1604_ESMFold_hypothetical_protein	af_F1Q734_8_305_1.20.1070.10	af_F1Q734_8_305_1.20.1070.10	5.901E-02	0.992	85	2	240	240	22	298	298	290	0.996	0.930
LOKIASV2_1604_ESMFold_hypothetical_protein	af_A0A1X7RBN0_30_330_1.20.1070.10	af_A0A1X7RBN0_30_330_1.20.1070.10	5.394E-02	0.992	85	8	224	240	20	288	301	271	0.904	0.894
LOKIASV2_1604_ESMFold_hypothetical_protein	af_Q54MC6_3_271_1.20.1070.10	af_Q54MC6_3_271_1.20.1070.10	2.843E-01	0.991	84	4	239	240	8	259	269	262	0.983	0.937
LOKIASV2_1604_ESMFold_hypothetical_protein	af_O16260_1_272_1.20.1070.10	af_O16260_1_272_1.20.1070.10	1.267E-01	0.991	84	2	231	240	6	267	272	268	0.958	0.963
LOKIASV2_1604_ESMFold_hypothetical_protein	af_Q2PRD9_22_311_1.20.1070.10	af_Q2PRD9_22_311_1.20.1070.10	1.898E-01	0.991	84	5	239	240	7	284	290	285	0.979	0.959
LOKIASV2_1604_ESMFold_hypothetical_protein	af_Q18024_209_501_1.20.1070.10	af_Q18024_209_501_1.20.1070.10	9.672E-02	0.991	84	2	232	240	47	286	293	254	0.962	0.819
LOKIASV2_1604_ESMFold_hypothetical_protein	af_B3DIG7_75_377_1.20.1070.10	af_B3DIG7_75_377_1.20.1070.10	5.157E-02	0.991	84	2	239	240	4	286	303	289	0.992	0.934
LOKIASV2_1604_ESMFold_hypothetical_protein	af_Q23293_36_338_1.20.1070.10	af_Q23293_36_338_1.20.1070.10	5.394E-02	0.991	84	4	239	240	7	296	303	297	0.983	0.957
LOKIASV2_1604_ESMFold_hypothetical_protein	af_P43088_16_328_1.20.1070.10	af_P43088_16_328_1.20.1070.10	8.841E-02	0.991	84	1	237	240	7	302	313	298	0.988	0.946
LOKIASV2_1604_ESMFold_hypothetical_protein	af_Q54DP3_49_398_1.20.1070.10	af_Q54DP3_49_398_1.20.1070.10	9.248E-02	0.991	84	1	236	240	44	345	350	307	0.983	0.863
LOKIASV2_1604_ESMFold_hypothetical_protein	af_Q23033_1_352_1.20.1070.10	af_Q23033_1_352_1.20.1070.10	5.901E-02	0.991	84	2	236	240	15	315	352	307	0.979	0.855
LOKIASV2_1604_ESMFold_hypothetical_protein	af_A1ZAX0_56_426_1.20.1070.10	af_A1ZAX0_56_426_1.20.1070.10	9.248E-02	0.991	84	1	239	240	23	325	371	307	0.996	0.817
LOKIASV2_1604_ESMFold_hypothetical_protein	af_Q8K209_389_662_1.20.1070.10	af_Q8K209_389_662_1.20.1070.10	1.386E-01	0.990	83	2	227	240	13	266	274	270	0.942	0.927
LOKIASV2_1604_ESMFold_hypothetical_protein	af_P38843_1_316_1.20.1070.10	af_P38843_1_316_1.20.1070.10	1.735E-01	0.990	83	8	235	240	68	292	316	240	0.950	0.712
LOKIASV2_1604_ESMFold_hypothetical_protein	af_Q7SZP9_16_336_1.20.1070.10	af_Q7SZP9_16_336_1.20.1070.10	5.641E-02	0.990	83	1	237	240	13	308	321	300	0.988	0.922
LOKIASV2_1604_ESMFold_hypothetical_protein	af_E7FEE5_2_337_1.20.1070.10	af_E7FEE5_2_337_1.20.1070.10	8.453E-02	0.990	83	1	238	240	14	304	336	297	0.992	0.866
LOKIASV2_1604_ESMFold_hypothetical_protein	af_Q17478_27_362_1.20.1070.10	af_Q17478_27_362_1.20.1070.10	2.402E-02	0.990	83	8	239	240	23	329	336	316	0.967	0.914
LOKIASV2_1604_ESMFold_hypothetical_protein	af_A8E7L5_2_367_1.20.1070.10	af_A8E7L5_2_367_1.20.1070.10	1.211E-01	0.990	83	1	239	240	17	325	366	318	0.996	0.844
LOKIASV2_1604_ESMFold_hypothetical_protein	af_A0A077LTN0_20_295_1.20.1070.10	af_A0A077LTN0_20_295_1.20.1070.10	6.172E-02	0.988	82	4	227	240	3	273	276	278	0.933	0.982
LOKIASV2_1604_ESMFold_hypothetical_protein	af_Q9TYR5_6_313_1.20.1070.10	af_Q9TYR5_6_313_1.20.1070.10	1.058E-01	0.988	82	3	239	240	16	301	308	296	0.988	0.929
LOKIASV2_1604_ESMFold_hypothetical_protein	af_Q9XUK8_24_334_1.20.1070.10	af_Q9XUK8_24_334_1.20.1070.10	1.211E-01	0.988	82	2	239	240	20	309	311	301	0.992	0.932
LOKIASV2_1604_ESMFold_hypothetical_protein	af_A0A0R4IBE2_424_737_1.20.1070.10	af_A0A0R4IBE2_424_737_1.20.1070.10	4.713E-02	0.988	82	2	228	240	11	280	314	288	0.946	0.860
LOKIASV2_1604_ESMFold_hypothetical_protein	af_O14843_5_334_1.20.1070.10	af_O14843_5_334_1.20.1070.10	1.325E-01	0.988	82	4	239	240	16	286	330	285	0.983	0.821
LOKIASV2_1604_ESMFold_hypothetical_protein	4k5yA01	4k5yA01	1.814E-01	0.984	80	4	224	240	12	242	248	240	0.921	0.931
LOKIASV2_1604_ESMFold_hypothetical_protein	af_Q86Y34_263_544_1.20.1070.10	af_Q86Y34_263_544_1.20.1070.10	1.158E-01	0.984	80	4	224	240	6	258	282	272	0.921	0.897
LOKIASV2_1604_ESMFold_hypothetical_protein	af_E7FA10_23_353_1.20.1070.10	af_E7FA10_23_353_1.20.1070.10	2.599E-01	0.984	80	4	239	240	6	320	331	320	0.983	0.952
LOKIASV2_1604_ESMFold_hypothetical_protein	af_E7FCF4_10_263_1.20.1070.10	af_E7FCF4_10_263_1.20.1070.10	1.386E-01	0.981	79	8	240	240	28	234	254	242	0.971	0.815
LOKIASV2_1604_ESMFold_hypothetical_protein	af_Q9NYV7_1_289_1.20.1070.10	af_Q9NYV7_1_289_1.20.1070.10	5.641E-02	0.981	79	4	237	240	13	288	289	286	0.975	0.955
LOKIASV2_1604_ESMFold_hypothetical_protein	af_X1WCK4_18_320_1.20.1070.10	af_X1WCK4_18_320_1.20.1070.10	2.376E-01	0.981	79	4	234	240	23	299	303	287	0.962	0.914
LOKIASV2_1604_ESMFold_hypothetical_protein	af_Q9JKM5_11_323_1.20.1070.10	af_Q9JKM5_11_323_1.20.1070.10	1.267E-01	0.981	79	1	239	240	26	311	313	304	0.996	0.914
LOKIASV2_1604_ESMFold_hypothetical_protein	af_A0A2R8QEE9_4_360_1.20.1070.10	af_A0A2R8QEE9_4_360_1.20.1070.10	7.062E-02	0.981	79	4	239	240	35	324	357	305	0.983	0.812
LOKIASV2_1604_ESMFold_hypothetical_protein	af_Q10QE3_92_363_1.20.1070.10	af_Q10QE3_92_363_1.20.1070.10	1.735E-01	0.978	78	40	220	240	94	271	272	197	0.754	0.654
LOKIASV2_1604_ESMFold_hypothetical_protein	af_Q9LZ39_128_412_1.20.1070.10	af_Q9LZ39_128_412_1.20.1070.10	1.586E-01	0.978	78	2	222	240	41	271	285	241	0.921	0.811
LOKIASV2_1604_ESMFold_hypothetical_protein	af_Q91WW3_10_299_1.20.1070.10	af_Q91WW3_10_299_1.20.1070.10	2.076E-01	0.978	78	2	224	240	1	249	290	257	0.929	0.859
LOKIASV2_1604_ESMFold_hypothetical_protein	af_Q9N5L8_26_321_1.20.1070.10	af_Q9N5L8_26_321_1.20.1070.10	3.894E-01	0.978	78	3	227	240	14	292	296	283	0.938	0.943
LOKIASV2_1604_ESMFold_hypothetical_protein	af_Q9XU64_6_315_1.20.1070.10	af_Q9XU64_6_315_1.20.1070.10	1.158E-01	0.978	78	1	240	240	31	302	310	297	1.000	0.877
LOKIASV2_1604_ESMFold_hypothetical_protein	af_Q9W0V7_212_462_1.20.1070.10	af_Q9W0V7_212_462_1.20.1070.10	4.875E-01	0.975	77	2	219	240	1	247	251	256	0.908	0.984
LOKIASV2_1604_ESMFold_hypothetical_protein	af_E7F7Z9_21_278_1.20.1070.10	af_E7F7Z9_21_278_1.20.1070.10	1.107E-01	0.975	77	1	224	240	2	256	258	272	0.933	0.988
LOKIASV2_1604_ESMFold_hypothetical_protein	af_Q55DQ0_6_280_1.20.1070.10	af_Q55DQ0_6_280_1.20.1070.10	1.898E-01	0.975	77	8	224	240	28	249	275	240	0.904	0.807
LOKIASV2_1604_ESMFold_hypothetical_protein	af_A0A2C9C396_71_358_1.20.1070.10	af_A0A2C9C396_71_358_1.20.1070.10	4.260E-01	0.975	77	1	235	240	8	287	288	285	0.979	0.972
LOKIASV2_1604_ESMFold_hypothetical_protein	af_Q8VG03_18_317_1.20.1070.10	af_Q8VG03_18_317_1.20.1070.10	2.485E-01	0.975	77	1	239	240	4	291	300	295	0.996	0.960
LOKIASV2_1604_ESMFold_hypothetical_protein	af_D0IMZ2_86_356_1.20.1070.10	af_D0IMZ2_86_356_1.20.1070.10	1.158E-01	0.971	76	9	228	240	2	269	271	274	0.917	0.989
LOKIASV2_1604_ESMFold_hypothetical_protein	af_O45768_23_313_1.20.1070.10	af_O45768_23_313_1.20.1070.10	1.211E-01	0.971	76	3	239	240	4	283	291	290	0.988	0.962
LOKIASV2_1604_ESMFold_hypothetical_protein	af_A0A0R4IVC9_32_339_1.20.1070.10	af_A0A0R4IVC9_32_339_1.20.1070.10	6.455E-02	0.971	76	2	235	240	12	292	308	293	0.975	0.912
LOKIASV2_1604_ESMFold_hypothetical_protein	af_Q54LJ7_185_519_1.20.1070.10	af_Q54LJ7_185_519_1.20.1070.10	2.271E-01	0.971	76	10	236	240	43	331	335	300	0.946	0.863
LOKIASV2_1604_ESMFold_hypothetical_protein	af_Q8S1S0_147_426_1.20.1070.10	af_Q8S1S0_147_426_1.20.1070.10	2.599E-01	0.967	75	4	223	240	37	267	280	241	0.917	0.825
LOKIASV2_1604_ESMFold_hypothetical_protein	af_B4FVK4_148_438_1.20.1070.10	af_B4FVK4_148_438_1.20.1070.10	1.814E-01	0.967	75	2	223	240	47	278	291	246	0.925	0.797
LOKIASV2_1604_ESMFold_hypothetical_protein	af_E7FD86_120_415_1.20.1070.10	af_E7FD86_120_415_1.20.1070.10	1.516E-01	0.967	75	1	238	240	5	278	296	290	0.992	0.926
LOKIASV2_1604_ESMFold_hypothetical_protein	af_C6KFA3_842_1142_1.20.1070.10	af_C6KFA3_842_1142_1.20.1070.10	9.672E-02	0.967	75	2	234	240	7	273	301	284	0.971	0.887
LOKIASV2_1604_ESMFold_hypothetical_protein	af_Q6IYF9_7_308_1.20.1070.10	af_Q6IYF9_7_308_1.20.1070.10	1.814E-01	0.967	75	4	239	240	12	299	302	293	0.983	0.954
LOKIASV2_1604_ESMFold_hypothetical_protein	af_A0A1L1QZE3_16_320_1.20.1070.10	af_A0A1L1QZE3_16_320_1.20.1070.10	3.403E-01	0.967	75	1	239	240	4	288	305	288	0.996	0.934
LOKIASV2_1604_ESMFold_hypothetical_protein	af_Q9TXW8_45_353_1.20.1070.10	af_Q9TXW8_45_353_1.20.1070.10	3.560E-01	0.967	75	1	240	240	30	301	309	285	1.000	0.880
LOKIASV2_1604_ESMFold_hypothetical_protein	af_A5PLE7_23_334_1.20.1070.10	af_A5PLE7_23_334_1.20.1070.10	7.387E-02	0.967	75	4	239	240	11	300	312	301	0.983	0.929
LOKIASV2_1604_ESMFold_hypothetical_protein	3ug9A02	3ug9A02	2.376E-01	0.961	74	2	239	240	1	222	225	254	0.992	0.987
LOKIASV2_1604_ESMFold_hypothetical_protein	af_O17926_26_276_1.20.1070.10	af_O17926_26_276_1.20.1070.10	1.107E-01	0.961	74	12	226	240	9	247	251	252	0.896	0.952
LOKIASV2_1604_ESMFold_hypothetical_protein	af_Q8VGI1_21_312_1.20.1070.10	af_Q8VGI1_21_312_1.20.1070.10	2.271E-01	0.961	74	1	239	240	1	285	292	293	0.996	0.976
LOKIASV2_1604_ESMFold_hypothetical_protein	af_O00421_21_316_1.20.1070.10	af_O00421_21_316_1.20.1070.10	1.158E-01	0.961	74	1	240	240	17	296	296	291	1.000	0.946
LOKIASV2_1604_ESMFold_hypothetical_protein	af_Q54YJ1_1482_1796_1.20.1070.10	af_Q54YJ1_1482_1796_1.20.1070.10	3.723E-01	0.961	74	1	222	240	10	302	315	297	0.925	0.930
LOKIASV2_1604_ESMFold_hypothetical_protein	af_Q86DC3_10_352_1.20.1070.10	af_Q86DC3_10_352_1.20.1070.10	1.658E-01	0.961	74	2	238	240	14	327	343	322	0.988	0.915
LOKIASV2_1604_ESMFold_hypothetical_protein	af_Q8I5P8_364_626_1.20.1070.10	af_Q8I5P8_364_626_1.20.1070.10	7.304E-01	0.956	73	1	227	240	11	255	263	248	0.946	0.932
LOKIASV2_1604_ESMFold_hypothetical_protein	af_Q96R84_19_310_1.20.1070.10	af_Q96R84_19_310_1.20.1070.10	2.974E-01	0.956	73	1	239	240	2	286	292	291	0.996	0.976
LOKIASV2_1604_ESMFold_hypothetical_protein	af_Q19559_3_298_1.20.1070.10	af_Q19559_3_298_1.20.1070.10	1.586E-01	0.956	73	4	237	240	6	294	296	298	0.975	0.976
LOKIASV2_1604_ESMFold_hypothetical_protein	af_O01609_15_315_1.20.1070.10	af_O01609_15_315_1.20.1070.10	1.658E-01	0.956	73	1	231	240	6	296	301	292	0.962	0.967
LOKIASV2_1604_ESMFold_hypothetical_protein	af_B0R167_7_318_1.20.1070.10	af_B0R167_7_318_1.20.1070.10	4.073E-01	0.956	73	4	239	240	14	305	312	298	0.983	0.936
LOKIASV2_1604_ESMFold_hypothetical_protein	af_Q19959_24_378_1.20.1070.10	af_Q19959_24_378_1.20.1070.10	7.062E-02	0.956	73	2	240	240	18	319	355	311	0.996	0.851
LOKIASV2_1604_ESMFold_hypothetical_protein	af_O95665_17_379_1.20.1270.60	af_O95665_17_379_1.20.1270.60	1.267E-01	0.956	73	2	237	240	20	351	363	343	0.983	0.915
LOKIASV2_1604_ESMFold_hypothetical_protein	af_Q8H096_75_334_1.20.1070.10	af_Q8H096_75_334_1.20.1070.10	3.723E-01	0.949	72	11	233	240	52	260	260	239	0.929	0.804
LOKIASV2_1604_ESMFold_hypothetical_protein	af_F1QZM9_354_619_1.20.1070.10	af_F1QZM9_354_619_1.20.1070.10	1.658E-01	0.949	72	1	226	240	13	263	266	272	0.942	0.944
LOKIASV2_1604_ESMFold_hypothetical_protein	af_Q8TDU6_17_298_1.20.1070.10	af_Q8TDU6_17_298_1.20.1070.10	2.171E-01	0.949	72	5	240	240	2	280	282	289	0.983	0.989
LOKIASV2_1604_ESMFold_hypothetical_protein	af_E9PUN7_22_314_1.20.1070.10	af_E9PUN7_22_314_1.20.1070.10	2.974E-01	0.949	72	1	239	240	1	288	293	296	0.996	0.983
LOKIASV2_1604_ESMFold_hypothetical_protein	af_Q59YK4_88_388_1.20.1070.10	af_Q59YK4_88_388_1.20.1070.10	5.333E-01	0.949	72	5	240	240	7	251	301	257	0.983	0.814
LOKIASV2_1604_ESMFold_hypothetical_protein	af_A8E7T8_34_343_1.20.1070.10	af_A8E7T8_34_343_1.20.1070.10	8.841E-02	0.949	72	4	238	240	2	289	310	301	0.979	0.929
LOKIASV2_1604_ESMFold_hypothetical_protein	af_A0A2R8PYH1_26_336_1.20.1070.10	af_A0A2R8PYH1_26_336_1.20.1070.10	1.325E-01	0.949	72	4	237	240	2	307	311	318	0.975	0.984
LOKIASV2_1604_ESMFold_hypothetical_protein	af_Q03566_33_360_1.20.1070.10	af_Q03566_33_360_1.20.1070.10	1.658E-01	0.949	72	4	235	240	17	293	328	288	0.967	0.845
LOKIASV2_1604_ESMFold_hypothetical_protein	af_Q86A98_25_265_1.20.1070.10	af_Q86A98_25_265_1.20.1070.10	1.449E-01	0.941	71	1	222	240	2	240	241	256	0.925	0.992
LOKIASV2_1604_ESMFold_hypothetical_protein	af_Q9XW59_28_310_1.20.1070.10	af_Q9XW59_28_310_1.20.1070.10	3.894E-01	0.941	71	4	225	240	20	282	283	269	0.925	0.929
LOKIASV2_1604_ESMFold_hypothetical_protein	af_Q54U65_1_304_1.20.1070.10	af_Q54U65_1_304_1.20.1070.10	2.718E-01	0.941	71	1	226	240	1	288	304	298	0.942	0.947
LOKIASV2_1604_ESMFold_hypothetical_protein	af_Q18029_1_313_1.20.1070.10	af_Q18029_1_313_1.20.1070.10	2.718E-01	0.941	71	1	235	240	1	303	313	316	0.979	0.968
LOKIASV2_1604_ESMFold_hypothetical_protein	af_Q23254_27_360_1.20.1070.10	af_Q23254_27_360_1.20.1070.10	3.560E-01	0.941	71	3	228	240	5	334	334	334	0.942	0.988
LOKIASV2_1604_ESMFold_hypothetical_protein	af_F2Z4R5_85_274_1.20.1510.10	af_F2Z4R5_85_274_1.20.1510.10	8.453E-02	0.933	70	11	237	240	2	189	190	229	0.946	0.989
LOKIASV2_1604_ESMFold_hypothetical_protein	af_A0A2R8QA85_1_253_1.20.1070.10	af_A0A2R8QA85_1_253_1.20.1070.10	3.254E-01	0.933	70	1	232	240	1	245	253	261	0.967	0.968
LOKIASV2_1604_ESMFold_hypothetical_protein	af_Q54BT0_147_432_1.20.1070.10	af_Q54BT0_147_432_1.20.1070.10	5.835E-01	0.933	70	1	222	240	43	283	286	254	0.925	0.843
LOKIASV2_1604_ESMFold_hypothetical_protein	af_D4ACK2_22_309_1.20.1070.10	af_D4ACK2_22_309_1.20.1070.10	2.718E-01	0.933	70	1	239	240	1	282	288	292	0.996	0.979
LOKIASV2_1604_ESMFold_hypothetical_protein	af_Q9VTU7_95_408_1.20.1070.10	af_Q9VTU7_95_408_1.20.1070.10	2.974E-01	0.933	70	1	239	240	18	301	314	293	0.996	0.904
LOKIASV2_1604_ESMFold_hypothetical_protein	af_G3V867_79_303_1.20.1070.10	af_G3V867_79_303_1.20.1070.10	4.456E-01	0.923	69	12	221	240	6	224	225	236	0.875	0.973
LOKIASV2_1604_ESMFold_hypothetical_protein	af_Q8IL10_852_1103_1.20.1070.10	af_Q8IL10_852_1103_1.20.1070.10	2.843E-01	0.923	69	9	217	240	26	250	252	239	0.871	0.893
LOKIASV2_1604_ESMFold_hypothetical_protein	af_F1M644_235_521_1.20.1070.10	af_F1M644_235_521_1.20.1070.10	3.894E-01	0.923	69	2	239	240	7	279	287	288	0.992	0.951
LOKIASV2_1604_ESMFold_hypothetical_protein	af_Q9Z0R7_581_818_1.20.1070.10	af_Q9Z0R7_581_818_1.20.1070.10	4.661E-01	0.912	68	17	228	240	2	234	238	245	0.883	0.979
LOKIASV2_1604_ESMFold_hypothetical_protein	af_A0A571BEW1_8_293_1.20.1070.10	af_A0A571BEW1_8_293_1.20.1070.10	2.485E-01	0.912	68	8	221	240	2	283	286	292	0.892	0.986
LOKIASV2_1604_ESMFold_hypothetical_protein	af_Q8JFR3_22_322_1.20.1070.10	af_Q8JFR3_22_322_1.20.1070.10	5.835E-01	0.912	68	1	240	240	4	301	301	306	1.000	0.990
LOKIASV2_1604_ESMFold_hypothetical_protein	af_Q18687_23_359_1.20.1070.10	af_Q18687_23_359_1.20.1070.10	6.752E-02	0.912	68	2	237	240	9	313	337	307	0.983	0.905
LOKIASV2_1604_ESMFold_hypothetical_protein	af_Q03218_160_380_1.20.1510.10	af_Q03218_160_380_1.20.1510.10	4.713E-02	0.900	67	9	238	240	2	220	221	243	0.958	0.991
LOKIASV2_1604_ESMFold_hypothetical_protein	af_Q9P6N9_56_312_1.20.1070.10	af_Q9P6N9_56_312_1.20.1070.10	5.835E-01	0.900	67	10	228	240	52	257	257	224	0.913	0.802
LOKIASV2_1604_ESMFold_hypothetical_protein	af_Q5T601_578_875_1.20.1070.10	af_Q5T601_578_875_1.20.1070.10	6.983E-01	0.900	67	10	239	240	14	276	298	271	0.958	0.883
LOKIASV2_1604_ESMFold_hypothetical_protein	af_Q7JPB1_8_329_1.20.1070.10	af_Q7JPB1_8_329_1.20.1070.10	2.376E-01	0.900	67	1	240	240	3	310	322	313	1.000	0.957
LOKIASV2_1604_ESMFold_hypothetical_protein	af_A4IDW6_96_316_1.20.1070.10	af_A4IDW6_96_316_1.20.1070.10	8.358E-01	0.887	66	4	221	240	5	220	221	232	0.908	0.977
LOKIASV2_1604_ESMFold_hypothetical_protein	af_O61944_1_272_1.20.1070.10	af_O61944_1_272_1.20.1070.10	2.376E-01	0.887	66	1	237	240	1	271	272	288	0.988	0.996
LOKIASV2_1604_ESMFold_hypothetical_protein	af_Q8VFQ7_20_311_1.20.1070.10	af_Q8VFQ7_20_311_1.20.1070.10	4.456E-01	0.887	66	5	240	240	9	283	292	282	0.983	0.942
LOKIASV2_1604_ESMFold_hypothetical_protein	af_M0RAC9_21_316_1.20.1070.10	af_M0RAC9_21_316_1.20.1070.10	3.894E-01	0.887	66	4	239	240	7	291	296	300	0.983	0.963
LOKIASV2_1604_ESMFold_hypothetical_protein	af_G5EDU5_3_315_1.20.1070.10	af_G5EDU5_3_315_1.20.1070.10	1.985E-01	0.887	66	1	237	240	1	306	313	318	0.988	0.978
LOKIASV2_1604_ESMFold_hypothetical_protein	af_B4FSP4_8_248_1.20.1070.10	af_B4FSP4_8_248_1.20.1070.10	3.403E-01	0.872	65	10	238	240	30	223	241	236	0.954	0.805
LOKIASV2_1604_ESMFold_hypothetical_protein	af_Q4TT86_11_266_1.20.1070.10	af_Q4TT86_11_266_1.20.1070.10	2.271E-01	0.872	65	1	235	240	1	254	256	279	0.979	0.992
LOKIASV2_1604_ESMFold_hypothetical_protein	af_P51684_42_348_1.20.1070.10	af_P51684_42_348_1.20.1070.10	2.718E-01	0.872	65	1	239	240	1	286	307	292	0.996	0.932
LOKIASV2_1604_ESMFold_hypothetical_protein	af_Q9SI03_23_218_1.20.1510.10	af_Q9SI03_23_218_1.20.1510.10	6.172E-02	0.855	64	1	240	240	1	196	196	244	1.000	1.000
LOKIASV2_1604_ESMFold_hypothetical_protein	af_Q568I2_3_254_1.20.1070.10	af_Q568I2_3_254_1.20.1070.10	3.894E-01	0.855	64	8	238	240	28	227	252	237	0.962	0.794
LOKIASV2_1604_ESMFold_hypothetical_protein	af_A2A559_54_306_1.20.1070.10	af_A2A559_54_306_1.20.1070.10	6.103E-01	0.855	64	11	225	240	53	249	253	216	0.896	0.779
LOKIASV2_1604_ESMFold_hypothetical_protein	af_Q8WXG9_5905_6173_1.20.1070.10	af_Q8WXG9_5905_6173_1.20.1070.10	1.145E+00	0.855	64	1	222	240	1	248	269	259	0.925	0.922
LOKIASV2_1604_ESMFold_hypothetical_protein	af_Q59QT6_43_317_1.20.1070.10	af_Q59QT6_43_317_1.20.1070.10	1.000E+00	0.855	64	8	220	240	46	273	275	240	0.887	0.829
LOKIASV2_1604_ESMFold_hypothetical_protein	af_A0A0G2KLE8_11_307_1.20.1070.10	af_A0A0G2KLE8_11_307_1.20.1070.10	1.814E-01	0.855	64	1	238	240	11	290	297	291	0.992	0.943
LOKIASV2_1604_ESMFold_hypothetical_protein	af_Q09273_1_349_1.20.1070.10	af_Q09273_1_349_1.20.1070.10	2.376E-01	0.855	64	1	235	240	9	303	349	303	0.979	0.845
LOKIASV2_1604_ESMFold_hypothetical_protein	af_Q9VSE7_222_481_1.20.1070.10	af_Q9VSE7_222_481_1.20.1070.10	8.742E-01	0.837	63	9	228	240	2	260	260	269	0.917	0.996
LOKIASV2_1604_ESMFold_hypothetical_protein	af_Q9Y7S5_183_457_1.20.1070.10	af_Q9Y7S5_183_457_1.20.1070.10	6.677E-01	0.837	63	1	224	240	23	262	275	251	0.933	0.873
LOKIASV2_1604_ESMFold_hypothetical_protein	af_B4F9N0_59_365_1.20.1070.10	af_B4F9N0_59_365_1.20.1070.10	5.333E-01	0.837	63	40	221	240	127	306	307	201	0.758	0.586
LOKIASV2_1604_ESMFold_hypothetical_protein	af_Q6AXP7_64_289_1.20.1070.10	af_Q6AXP7_64_289_1.20.1070.10	1.252E+00	0.817	62	1	221	240	2	225	226	242	0.921	0.991
LOKIASV2_1604_ESMFold_hypothetical_protein	af_O17877_7_301_1.20.1070.10	af_O17877_7_301_1.20.1070.10	3.254E-01	0.817	62	5	239	240	15	291	295	292	0.979	0.939
LOKIASV2_1604_ESMFold_hypothetical_protein	af_Q2MGE8_2_297_1.20.1070.10	af_Q2MGE8_2_297_1.20.1070.10	1.433E+00	0.817	62	4	237	240	7	282	296	283	0.975	0.932
LOKIASV2_1604_ESMFold_hypothetical_protein	af_A0A2R8Q4M8_57_245_1.20.1510.10	af_A0A2R8Q4M8_57_245_1.20.1510.10	1.058E-01	0.795	61	11	236	240	2	188	189	229	0.942	0.989
LOKIASV2_1604_ESMFold_hypothetical_protein	af_P34330_65_305_1.50.10.10	af_P34330_65_305_1.50.10.10	4.456E-01	0.772	60	74	227	240	68	239	241	178	0.642	0.714
LOKIASV2_1604_ESMFold_hypothetical_protein	af_Q8NGU9_38_390_1.20.1070.10	af_Q8NGU9_38_390_1.20.1070.10	1.252E+00	0.772	60	1	239	240	1	333	353	339	0.996	0.943
LOKIASV2_1604_ESMFold_hypothetical_protein	1s8lA00	1s8lA00	7.640E-01	0.747	59	2	231	240	3	216	219	245	0.958	0.977
LOKIASV2_1604_ESMFold_hypothetical_protein	af_A0A0G2KGT1_26_311_1.20.1070.10	af_A0A0G2KGT1_26_311_1.20.1070.10	9.564E-01	0.747	59	8	239	240	2	281	286	286	0.967	0.979
LOKIASV2_1604_ESMFold_hypothetical_protein	af_D3ZKR2_19_307_1.20.1070.10	af_D3ZKR2_19_307_1.20.1070.10	6.103E-01	0.747	59	1	237	240	1	280	289	299	0.988	0.969
LOKIASV2_1604_ESMFold_hypothetical_protein	af_Q9QY42_235_592_1.20.1070.10	af_Q9QY42_235_592_1.20.1070.10	6.383E-01	0.747	59	5	234	240	14	315	358	307	0.958	0.844
LOKIASV2_1604_ESMFold_hypothetical_protein	af_P75757_17_213_1.20.1510.10	af_P75757_17_213_1.20.1510.10	2.271E-01	0.720	58	9	240	240	2	197	197	245	0.967	0.995
LOKIASV2_1604_ESMFold_hypothetical_protein	af_X1WEL2_64_293_1.20.1070.10	af_X1WEL2_64_293_1.20.1070.10	6.383E-01	0.720	58	15	224	240	2	216	230	223	0.875	0.935
LOKIASV2_1604_ESMFold_hypothetical_protein	af_Q09910_202_423_1.20.1070.10	af_Q09910_202_423_1.20.1070.10	1.433E+00	0.692	57	4	220	240	5	221	222	231	0.904	0.977
LOKIASV2_1604_ESMFold_hypothetical_protein	af_G5EFP6_9_245_1.20.1070.10	af_G5EFP6_9_245_1.20.1070.10	2.485E-01	0.692	57	6	240	240	7	237	237	262	0.979	0.975
LOKIASV2_1604_ESMFold_hypothetical_protein	af_Q9Y7Y9_158_423_1.20.1070.10	af_Q9Y7Y9_158_423_1.20.1070.10	9.144E-01	0.692	57	8	223	240	23	256	266	243	0.900	0.880
LOKIASV2_1604_ESMFold_hypothetical_protein	af_I1L8N5_130_408_1.20.1070.10	af_I1L8N5_130_408_1.20.1070.10	8.742E-01	0.692	57	2	234	240	42	278	279	251	0.971	0.849
LOKIASV2_1604_ESMFold_hypothetical_protein	af_P46092_37_335_1.20.1070.10	af_P46092_37_335_1.20.1070.10	1.310E+00	0.692	57	4	237	240	8	290	299	296	0.975	0.946
LOKIASV2_1604_ESMFold_hypothetical_protein	af_P21918_38_383_1.20.1070.10	af_P21918_38_383_1.20.1070.10	6.983E-01	0.692	57	3	239	240	1	335	346	341	0.988	0.968
LOKIASV2_1604_ESMFold_hypothetical_protein	af_A0A0N7KMI5_9_203_1.20.1070.10	af_A0A0N7KMI5_9_203_1.20.1070.10	9.144E-01	0.663	56	43	221	240	19	194	195	193	0.746	0.903
LOKIASV2_1604_ESMFold_hypothetical_protein	af_Q57891_4_200_1.20.1510.10	af_Q57891_4_200_1.20.1510.10	8.081E-02	0.663	56	1	234	240	1	196	197	241	0.975	0.995
LOKIASV2_1604_ESMFold_hypothetical_protein	af_A0A2R8QJ82_35_300_1.20.1070.10	af_A0A2R8QJ82_35_300_1.20.1070.10	6.103E-01	0.663	56	1	240	240	2	266	266	281	1.000	0.996
LOKIASV2_1604_ESMFold_hypothetical_protein	af_G5EDR4_64_373_1.20.1070.10	af_G5EDR4_64_373_1.20.1070.10	1.197E+00	0.663	56	1	237	240	10	309	310	311	0.988	0.968
LOKIASV2_1604_ESMFold_hypothetical_protein	af_Q95ST2_185_539_1.20.1070.10	af_Q95ST2_185_539_1.20.1070.10	1.145E+00	0.663	56	1	227	240	50	350	355	308	0.946	0.848
LOKIASV2_1604_ESMFold_hypothetical_protein	af_A6NI61_3_185_1.20.1070.10	af_A6NI61_3_185_1.20.1070.10	1.640E+00	0.632	55	4	211	240	5	182	183	218	0.867	0.973
LOKIASV2_1604_ESMFold_hypothetical_protein	af_Q20272_97_288_1.20.1510.10	af_Q20272_97_288_1.20.1510.10	2.076E-01	0.632	55	11	238	240	2	191	192	232	0.950	0.990
LOKIASV2_1604_ESMFold_hypothetical_protein	af_Q2G1I9_27_223_1.20.1510.10	af_Q2G1I9_27_223_1.20.1510.10	2.718E-01	0.632	55	9	235	240	2	196	197	227	0.946	0.990
LOKIASV2_1604_ESMFold_hypothetical_protein	af_F1R9B1_505_781_1.20.1070.10	af_F1R9B1_505_781_1.20.1070.10	3.254E-01	0.632	55	1	230	240	3	264	277	286	0.958	0.946
LOKIASV2_1604_ESMFold_hypothetical_protein	af_D3ZLW2_24_316_1.20.1070.10	af_D3ZLW2_24_316_1.20.1070.10	1.310E+00	0.632	55	3	239	240	1	286	293	296	0.988	0.976
LOKIASV2_1604_ESMFold_hypothetical_protein	af_Q9VIU6_7_217_1.20.120.1770	af_Q9VIU6_7_217_1.20.120.1770	4.875E-01	0.601	54	5	231	240	6	206	211	238	0.946	0.953
LOKIASV2_1604_ESMFold_hypothetical_protein	af_I1KV38_5_252_1.20.1250.20	af_I1KV38_5_252_1.20.1250.20	1.094E+00	0.601	54	1	228	240	8	248	248	255	0.950	0.972
LOKIASV2_1604_ESMFold_hypothetical_protein	af_Q19779_23_301_1.20.1070.10	af_Q19779_23_301_1.20.1070.10	2.053E+00	0.601	54	1	226	240	10	265	279	260	0.942	0.918
LOKIASV2_1604_ESMFold_hypothetical_protein	af_Q9VVJ1_31_393_1.20.1070.10	af_Q9VVJ1_31_393_1.20.1070.10	1.046E+00	0.601	54	5	237	240	2	349	363	354	0.971	0.959
LOKIASV2_1604_ESMFold_hypothetical_protein	af_Q54N31_143_340_1.20.1510.10	af_Q54N31_143_340_1.20.1510.10	4.661E-01	0.569	53	10	240	240	2	198	198	243	0.962	0.995
LOKIASV2_1604_ESMFold_hypothetical_protein	af_Q03455_384_584_1.20.1510.10	af_Q03455_384_584_1.20.1510.10	2.171E-01	0.569	53	11	238	240	4	200	201	238	0.950	0.980
LOKIASV2_1604_ESMFold_hypothetical_protein	af_Q10I36_31_252_1.20.1070.10	af_Q10I36_31_252_1.20.1070.10	6.103E-01	0.569	53	4	228	240	15	222	222	239	0.938	0.937
LOKIASV2_1604_ESMFold_hypothetical_protein	af_U4PMM5_50_380_1.20.1070.10	af_U4PMM5_50_380_1.20.1070.10	4.661E-01	0.569	53	1	239	240	17	320	331	324	0.996	0.918
LOKIASV2_1604_ESMFold_hypothetical_protein	af_Q2PRG6_19_310_1.20.1070.10	af_Q2PRG6_19_310_1.20.1070.10	2.246E+00	0.537	52	1	239	240	1	286	292	292	0.996	0.979
LOKIASV2_1604_ESMFold_hypothetical_protein	af_I1MK76_1_131_1.20.140.40	af_I1MK76_1_131_1.20.140.40	2.053E+00	0.505	51	3	132	240	1	124	131	136	0.542	0.947
LOKIASV2_1604_ESMFold_hypothetical_protein	af_Q8H329_12_234_1.20.1510.10	af_Q8H329_12_234_1.20.1510.10	2.718E-01	0.505	51	9	240	240	2	223	223	260	0.967	0.996
LOKIASV2_1604_ESMFold_hypothetical_protein	af_A4IDW5_266_490_1.20.1070.10	af_A4IDW5_266_490_1.20.1070.10	2.457E+00	0.505	51	4	221	240	5	224	225	233	0.908	0.978
LOKIASV2_1604_ESMFold_hypothetical_protein	af_P32857_181_444_2.60.40.10	af_P32857_181_444_2.60.40.10	1.568E+00	0.505	51	1	233	240	13	258	264	256	0.971	0.932
LOKIASV2_1604_ESMFold_hypothetical_protein	af_Q9M9W7_34_203_1.20.140.40	af_Q9M9W7_34_203_1.20.140.40	2.941E+00	0.473	50	1	112	240	31	147	170	122	0.467	0.688
LOKIASV2_1604_ESMFold_hypothetical_protein	af_F1QFA1_75_303_1.20.1510.10	af_F1QFA1_75_303_1.20.1510.10	5.333E-01	0.473	50	8	227	240	2	223	229	257	0.917	0.969
LOKIASV2_1604_ESMFold_hypothetical_protein	af_E1JHH4_1_256_1.20.1250.20	af_E1JHH4_1_256_1.20.1250.20	1.658E-01	0.473	50	3	239	240	11	232	256	242	0.988	0.867
LOKIASV2_1604_ESMFold_hypothetical_protein	af_I1JQN6_36_186_1.20.140.40	af_I1JQN6_36_186_1.20.140.40	2.688E+00	0.442	49	1	116	240	21	138	151	122	0.483	0.781
LOKIASV2_1604_ESMFold_hypothetical_protein	af_F4JCN4_107_270_1.20.140.40	af_F4JCN4_107_270_1.20.140.40	3.681E+00	0.442	49	1	110	240	34	143	164	114	0.458	0.671
LOKIASV2_1604_ESMFold_hypothetical_protein	af_Q5ZR77_191_394_1.20.1510.10	af_Q5ZR77_191_394_1.20.1510.10	2.171E-01	0.442	49	1	238	240	1	203	204	247	0.992	0.995
LOKIASV2_1604_ESMFold_hypothetical_protein	af_A0A0P0W8Q3_130_343_1.20.1510.10	af_A0A0P0W8Q3_130_343_1.20.1510.10	4.260E-01	0.411	48	1	238	240	1	213	214	257	0.992	0.995
LOKIASV2_1604_ESMFold_hypothetical_protein	af_O59758_74_290_1.20.1510.10	af_O59758_74_290_1.20.1510.10	3.254E-01	0.411	48	3	238	240	2	216	217	256	0.983	0.991
LOKIASV2_1604_ESMFold_hypothetical_protein	af_Q45EL5_35_270_1.20.1510.10	af_Q45EL5_35_270_1.20.1510.10	1.586E-01	0.411	48	3	235	240	1	235	236	276	0.971	0.996
LOKIASV2_1604_ESMFold_hypothetical_protein	af_A0A0R0ERS6_37_196_1.20.140.40	af_A0A0R0ERS6_37_196_1.20.140.40	4.406E+00	0.382	47	1	116	240	31	141	160	120	0.483	0.694
LOKIASV2_1604_ESMFold_hypothetical_protein	af_O17710_12_312_1.20.1070.10	af_O17710_12_312_1.20.1070.10	1.715E+00	0.382	47	5	233	240	24	300	301	285	0.954	0.920
LOKIASV2_1604_ESMFold_hypothetical_protein	af_K7M4G9_28_173_1.20.140.40	af_K7M4G9_28_173_1.20.140.40	4.028E+00	0.353	46	1	117	240	33	135	146	117	0.488	0.705
LOKIASV2_1604_ESMFold_hypothetical_protein	af_C6T5I9_68_228_1.20.140.40	af_C6T5I9_68_228_1.20.140.40	4.028E+00	0.353	46	3	116	240	33	144	161	119	0.475	0.696
LOKIASV2_1604_ESMFold_hypothetical_protein	af_Q2FWA9_19_215_1.20.1510.10	af_Q2FWA9_19_215_1.20.1510.10	6.383E-01	0.353	46	9	237	240	2	195	197	233	0.954	0.985
LOKIASV2_1604_ESMFold_hypothetical_protein	af_Q9VIT6_11_216_1.20.120.1770	af_Q9VIT6_11_216_1.20.120.1770	1.252E+00	0.353	46	5	233	240	3	205	206	238	0.954	0.985
LOKIASV2_1604_ESMFold_hypothetical_protein	af_O45923_101_314_1.20.1510.10	af_O45923_101_314_1.20.1510.10	7.640E-01	0.353	46	9	227	240	2	208	214	238	0.913	0.967
LOKIASV2_1604_ESMFold_hypothetical_protein	af_Q8WQB6_400_619_1.20.1510.10	af_Q8WQB6_400_619_1.20.1510.10	3.723E-01	0.353	46	1	238	240	1	219	220	271	0.992	0.995
LOKIASV2_1604_ESMFold_hypothetical_protein	af_Q7YWX7_179_508_1.20.1070.10	af_Q7YWX7_179_508_1.20.1070.10	2.941E+00	0.353	46	1	236	240	55	324	330	284	0.983	0.818
LOKIASV2_1604_ESMFold_hypothetical_protein	af_O49006_55_217_1.20.140.40	af_O49006_55_217_1.20.140.40	3.681E+00	0.326	45	1	118	240	30	146	163	126	0.492	0.718
LOKIASV2_1604_ESMFold_hypothetical_protein	af_P96876_30_219_1.20.1510.10	af_P96876_30_219_1.20.1510.10	6.383E-01	0.326	45	8	225	240	3	183	190	227	0.908	0.953
LOKIASV2_1604_ESMFold_hypothetical_protein	af_Q9VIT5_59_258_1.20.120.1770	af_Q9VIT5_59_258_1.20.120.1770	1.252E+00	0.326	45	1	227	240	1	198	200	241	0.946	0.990
LOKIASV2_1604_ESMFold_hypothetical_protein	af_Q3V5J4_162_375_1.20.1510.10	af_Q3V5J4_162_375_1.20.1510.10	5.099E-01	0.326	45	1	240	240	1	214	214	255	1.000	1.000
LOKIASV2_1604_ESMFold_hypothetical_protein	af_B6U466_3_118_1.20.120.290	af_B6U466_3_118_1.20.120.290	2.812E+00	0.301	44	86	225	240	11	115	116	140	0.583	0.905
LOKIASV2_1604_ESMFold_hypothetical_protein	1st6A04	1st6A04	3.217E+00	0.301	44	136	224	240	25	116	117	95	0.371	0.786
LOKIASV2_1604_ESMFold_hypothetical_protein	af_B6SJ93_14_142_1.20.1250.20	af_B6SJ93_14_142_1.20.1250.20	1.794E+00	0.301	44	7	129	240	2	128	129	133	0.512	0.984
LOKIASV2_1604_ESMFold_hypothetical_protein	af_A0A1D6J2Q2_35_194_1.20.140.40	af_A0A1D6J2Q2_35_194_1.20.140.40	5.274E+00	0.301	44	2	117	240	33	143	160	116	0.483	0.694
LOKIASV2_1604_ESMFold_hypothetical_protein	af_I1L2V6_36_204_1.20.140.40	af_I1L2V6_36_204_1.20.140.40	5.042E+00	0.301	44	3	117	240	33	153	169	127	0.479	0.716
LOKIASV2_1604_ESMFold_hypothetical_protein	af_O45758_1_249_1.20.1070.10	af_O45758_1_249_1.20.1070.10	1.568E+00	0.301	44	37	238	240	7	245	249	245	0.842	0.960
LOKIASV2_1604_ESMFold_hypothetical_protein	af_Q9Z210_1_251_1.20.1420.10	af_Q9Z210_1_251_1.20.1420.10	1.310E+00	0.301	44	7	223	240	52	248	251	229	0.904	0.785
LOKIASV2_1604_ESMFold_hypothetical_protein	af_Q5U3S6_20_316_1.20.1070.10	af_Q5U3S6_20_316_1.20.1070.10	3.076E+00	0.301	44	4	231	240	19	283	297	279	0.950	0.892
LOKIASV2_1604_ESMFold_hypothetical_protein	af_Q6H474_2_116_1.20.120.290	af_Q6H474_2_116_1.20.120.290	3.520E+00	0.277	43	119	225	240	15	114	115	107	0.446	0.870
LOKIASV2_1604_ESMFold_hypothetical_protein	af_I1JAV9_52_201_1.20.140.40	af_I1JAV9_52_201_1.20.140.40	5.516E+00	0.277	43	1	95	240	30	120	150	99	0.396	0.607
LOKIASV2_1604_ESMFold_hypothetical_protein	af_Q7F0H7_42_198_1.20.140.40	af_Q7F0H7_42_198_1.20.140.40	4.609E+00	0.277	43	1	117	240	29	142	157	123	0.488	0.726
LOKIASV2_1604_ESMFold_hypothetical_protein	af_P9WGF5_41_236_1.20.1510.10	af_P9WGF5_41_236_1.20.1510.10	6.103E-01	0.277	43	3	237	240	2	190	196	245	0.979	0.964
LOKIASV2_1604_ESMFold_hypothetical_protein	af_Q6NXT4_32_254_1.20.1510.10	af_Q6NXT4_32_254_1.20.1510.10	5.333E-01	0.277	43	8	235	240	3	222	223	249	0.950	0.987
LOKIASV2_1604_ESMFold_hypothetical_protein	af_Q5BJM8_32_293_1.20.1510.10	af_Q5BJM8_32_293_1.20.1510.10	4.456E-01	0.277	43	8	235	240	3	260	262	295	0.950	0.985
LOKIASV2_1604_ESMFold_hypothetical_protein	af_A0A2R8RVU6_96_397_1.20.1070.10	af_A0A2R8RVU6_96_397_1.20.1070.10	2.349E+00	0.277	43	4	239	240	9	280	302	289	0.983	0.901
LOKIASV2_1604_ESMFold_hypothetical_protein	af_Q91ZY2_4_391_1.20.1070.10	af_Q91ZY2_4_391_1.20.1070.10	3.365E+00	0.277	43	5	239	240	16	371	388	370	0.979	0.918
LOKIASV2_1604_ESMFold_hypothetical_protein	af_Q9SAJ7_113_306_1.20.1510.10	af_Q9SAJ7_113_306_1.20.1510.10	1.370E+00	0.254	42	10	240	240	2	194	194	249	0.962	0.995
LOKIASV2_1604_ESMFold_hypothetical_protein	af_Q1LXB7_11_219_1.20.120.1770	af_Q1LXB7_11_219_1.20.120.1770	1.499E+00	0.254	42	5	240	240	3	209	209	254	0.983	0.990
LOKIASV2_1604_ESMFold_hypothetical_protein	af_Q5WRT2_1_221_1.20.1070.10	af_Q5WRT2_1_221_1.20.1070.10	6.677E-01	0.254	42	4	233	240	25	209	221	243	0.958	0.837
LOKIASV2_1604_ESMFold_hypothetical_protein	af_Q6P689_178_496_1.20.1070.10	af_Q6P689_178_496_1.20.1070.10	9.564E-01	0.254	42	1	227	240	49	314	319	284	0.946	0.834
LOKIASV2_1604_ESMFold_hypothetical_protein	af_Q4D5L6_1_138_1.20.140.150	af_Q4D5L6_1_138_1.20.140.150	2.812E+00	0.233	41	5	118	240	2	118	138	121	0.475	0.848
LOKIASV2_1604_ESMFold_hypothetical_protein	af_I1JQM3_29_188_1.20.140.40	af_I1JQM3_29_188_1.20.140.40	6.035E+00	0.233	41	4	117	240	33	145	160	121	0.475	0.706
LOKIASV2_1604_ESMFold_hypothetical_protein	af_Q9SI72_28_195_1.20.140.40	af_Q9SI72_28_195_1.20.140.40	6.035E+00	0.233	41	1	117	240	33	152	168	124	0.488	0.714
LOKIASV2_1604_ESMFold_hypothetical_protein	af_Q8BGG0_71_272_1.20.1510.10	af_Q8BGG0_71_272_1.20.1510.10	1.715E+00	0.233	41	11	234	240	2	199	202	250	0.933	0.980
LOKIASV2_1604_ESMFold_hypothetical_protein	af_Q54TU2_1_243_1.20.120.810	af_Q54TU2_1_243_1.20.120.810	1.094E+00	0.233	41	12	228	240	40	243	243	232	0.904	0.840
LOKIASV2_1604_ESMFold_hypothetical_protein	af_Q5PP23_1_496_2.40.128.620	af_Q5PP23_1_496_2.40.128.620	7.991E-01	0.233	41	1	223	240	255	477	496	243	0.929	0.450
LOKIASV2_1604_ESMFold_hypothetical_protein	af_Q9FK05_71_226_1.20.140.40	af_Q9FK05_71_226_1.20.140.40	7.555E+00	0.214	40	4	106	240	33	127	156	107	0.429	0.609
LOKIASV2_1604_ESMFold_hypothetical_protein	af_E9Q9V5_80_237_1.20.140.150	af_E9Q9V5_80_237_1.20.140.150	1.640E+00	0.214	40	4	217	240	2	157	158	214	0.892	0.987
LOKIASV2_1604_ESMFold_hypothetical_protein	af_Q4D8L7_4_214_1.20.1420.10	af_Q4D8L7_4_214_1.20.1420.10	1.310E+00	0.214	40	2	224	240	9	210	211	262	0.929	0.957
LOKIASV2_1604_ESMFold_hypothetical_protein	af_Q9M271_29_255_1.20.1510.10	af_Q9M271_29_255_1.20.1510.10	4.875E-01	0.214	40	1	234	240	1	226	227	270	0.975	0.996
LOKIASV2_1604_ESMFold_hypothetical_protein	af_A3QJY9_1_238_1.20.1420.10	af_A3QJY9_1_238_1.20.1420.10	9.144E-01	0.214	40	12	223	240	57	235	238	218	0.883	0.752
LOKIASV2_1604_ESMFold_hypothetical_protein	af_P54129_30_299_1.20.1070.10	af_P54129_30_299_1.20.1070.10	2.246E+00	0.214	40	10	227	240	6	265	270	272	0.908	0.963
LOKIASV2_1604_ESMFold_hypothetical_protein	af_Q22938_168_459_1.20.1070.10	af_Q22938_168_459_1.20.1070.10	4.821E+00	0.214	40	3	221	240	50	284	292	250	0.913	0.805
LOKIASV2_1604_ESMFold_hypothetical_protein	af_A0A0B4JCU2_1_137_1.20.140.150	af_A0A0B4JCU2_1_137_1.20.140.150	4.213E+00	0.196	39	3	118	240	6	118	137	117	0.483	0.825
LOKIASV2_1604_ESMFold_hypothetical_protein	af_A0A0R0GET6_7_150_1.20.140.40	af_A0A0R0GET6_7_150_1.20.140.40	6.602E+00	0.196	39	1	118	240	29	132	144	118	0.492	0.722
LOKIASV2_1604_ESMFold_hypothetical_protein	af_I1LNR8_28_179_1.20.140.40	af_I1LNR8_28_179_1.20.140.40	7.555E+00	0.196	39	1	96	240	32	127	152	100	0.400	0.632
LOKIASV2_1604_ESMFold_hypothetical_protein	af_O81415_32_183_1.20.140.40	af_O81415_32_183_1.20.140.40	4.609E+00	0.196	39	1	124	240	19	146	152	137	0.517	0.842
LOKIASV2_1604_ESMFold_hypothetical_protein	af_I1L7T9_33_185_1.20.140.40	af_I1L7T9_33_185_1.20.140.40	6.602E+00	0.196	39	1	116	240	21	139	153	124	0.483	0.778
LOKIASV2_1604_ESMFold_hypothetical_protein	af_O81309_31_199_1.20.140.40	af_O81309_31_199_1.20.140.40	5.516E+00	0.196	39	1	117	240	32	153	169	126	0.488	0.722
LOKIASV2_1604_ESMFold_hypothetical_protein	af_B4F9U3_50_231_1.20.140.40	af_B4F9U3_50_231_1.20.140.40	5.516E+00	0.196	39	4	116	240	41	165	182	129	0.471	0.687
LOKIASV2_1604_ESMFold_hypothetical_protein	af_Q2FVK7_9_206_1.20.1510.10	af_Q2FVK7_9_206_1.20.1510.10	6.103E-01	0.196	39	2	238	240	3	197	198	241	0.988	0.985
LOKIASV2_1604_ESMFold_hypothetical_protein	af_A0A1D8PT85_321_521_1.20.1510.10	af_A0A1D8PT85_321_521_1.20.1510.10	9.144E-01	0.196	39	4	238	240	3	200	201	249	0.979	0.985
LOKIASV2_1604_ESMFold_hypothetical_protein	af_Q10LJ2_76_298_1.20.1510.10	af_Q10LJ2_76_298_1.20.1510.10	8.358E-01	0.196	39	1	231	240	1	219	223	262	0.962	0.982
LOKIASV2_1604_ESMFold_hypothetical_protein	af_Q54K81_728_849_1.20.120.230	af_Q54K81_728_849_1.20.120.230	6.035E+00	0.179	38	138	226	240	31	121	122	93	0.371	0.746
LOKIASV2_1604_ESMFold_hypothetical_protein	af_A0A0R4IIA7_1847_1972_1.20.120.230	af_A0A0R4IIA7_1847_1972_1.20.120.230	3.681E+00	0.179	38	142	237	240	37	125	126	100	0.400	0.706
LOKIASV2_1604_ESMFold_hypothetical_protein	af_Q39872_14_142_1.20.1250.20	af_Q39872_14_142_1.20.1250.20	3.520E+00	0.179	38	7	126	240	2	125	129	130	0.500	0.961
LOKIASV2_1604_ESMFold_hypothetical_protein	af_Q8GX86_53_210_1.20.140.40	af_Q8GX86_53_210_1.20.140.40	6.905E+00	0.179	38	7	116	240	36	139	158	114	0.458	0.658
LOKIASV2_1604_ESMFold_hypothetical_protein	af_H2KZN1_58_251_1.20.1510.10	af_H2KZN1_58_251_1.20.1510.10	1.046E+00	0.179	38	1	234	240	1	193	194	237	0.975	0.995
LOKIASV2_1604_ESMFold_hypothetical_protein	af_Q6Z7K5_114_309_1.20.1510.10	af_Q6Z7K5_114_309_1.20.1510.10	8.742E-01	0.179	38	3	238	240	1	195	196	243	0.983	0.995
LOKIASV2_1604_ESMFold_hypothetical_protein	af_G5EFL6_1_261_1.20.1070.10	af_G5EFL6_1_261_1.20.1070.10	3.076E+00	0.179	38	1	210	240	1	244	261	257	0.875	0.935
LOKIASV2_1604_ESMFold_hypothetical_protein	af_Q61301_150_261_1.20.120.230	af_Q61301_150_261_1.20.120.230	4.028E+00	0.164	37	140	228	240	25	112	112	93	0.371	0.786
LOKIASV2_1604_ESMFold_hypothetical_protein	af_Q84X19_1_116_1.20.140.40	af_Q84X19_1_116_1.20.140.40	6.312E+00	0.164	37	5	118	240	2	115	116	128	0.475	0.983
LOKIASV2_1604_ESMFold_hypothetical_protein	af_A0A1D6FNG9_40_192_1.20.140.40	af_A0A1D6FNG9_40_192_1.20.140.40	6.905E+00	0.164	37	1	96	240	30	121	153	99	0.400	0.601
LOKIASV2_1604_ESMFold_hypothetical_protein	af_Q5HYL7_14_174_1.20.140.150	af_Q5HYL7_14_174_1.20.140.150	5.042E+00	0.164	37	5	133	240	2	121	161	130	0.538	0.745
LOKIASV2_1604_ESMFold_hypothetical_protein	af_F4JTI1_459_631_1.25.40.10	af_F4JTI1_459_631_1.25.40.10	2.457E+00	0.164	37	43	233	240	5	167	173	202	0.796	0.942
LOKIASV2_1604_ESMFold_hypothetical_protein	3x0xB03	3x0xB03	4.821E+00	0.164	37	4	96	240	17	126	183	110	0.387	0.601
LOKIASV2_1604_ESMFold_hypothetical_protein	af_Q8IWU4_73_273_1.20.1510.10	af_Q8IWU4_73_273_1.20.1510.10	1.370E+00	0.164	37	12	234	240	2	200	201	237	0.929	0.990
LOKIASV2_1604_ESMFold_hypothetical_protein	af_Q54VY4_22_287_1.20.1070.10	af_Q54VY4_22_287_1.20.1070.10	5.274E+00	0.164	37	3	231	240	1	264	266	283	0.954	0.992
LOKIASV2_1604_ESMFold_hypothetical_protein	1zvzA01	1zvzA01	6.602E+00	0.150	36	146	238	240	44	128	129	97	0.387	0.659
LOKIASV2_1604_ESMFold_hypothetical_protein	af_Q9STY5_36_198_1.20.140.40	af_Q9STY5_36_198_1.20.140.40	9.892E+00	0.150	36	1	116	240	29	146	163	121	0.483	0.724
LOKIASV2_1604_ESMFold_hypothetical_protein	af_F4IRM4_414_609_1.25.40.10	af_F4IRM4_414_609_1.25.40.10	1.715E+00	0.150	36	43	238	240	13	188	196	215	0.817	0.898
LOKIASV2_1604_ESMFold_hypothetical_protein	af_Q54G02_550_904_1.20.58.390	af_Q54G02_550_904_1.20.58.390	4.609E+00	0.150	36	37	240	240	134	355	355	239	0.850	0.625
LOKIASV2_1604_ESMFold_hypothetical_protein	af_Q19055_23_422_1.20.1070.10	af_Q19055_23_422_1.20.1070.10	4.213E+00	0.150	36	1	234	240	6	399	400	403	0.975	0.985
LOKIASV2_1604_ESMFold_hypothetical_protein	af_Q96HJ5_50_196_1.20.140.150	af_Q96HJ5_50_196_1.20.140.150	2.812E+00	0.138	35	4	240	240	2	147	147	240	0.988	0.993
LOKIASV2_1604_ESMFold_hypothetical_protein	af_I1NBU9_50_209_1.20.140.40	af_I1NBU9_50_209_1.20.140.40	8.645E+00	0.138	35	1	116	240	31	143	160	121	0.483	0.706
LOKIASV2_1604_ESMFold_hypothetical_protein	af_Q23292_34_298_1.20.1070.10	af_Q23292_34_298_1.20.1070.10	2.147E+00	0.138	35	5	237	240	10	260	265	286	0.971	0.947
LOKIASV2_1604_ESMFold_hypothetical_protein	2yfbB01	2yfbB01	8.265E+00	0.126	34	69	234	240	1	119	122	166	0.692	0.975
LOKIASV2_1604_ESMFold_hypothetical_protein	af_Q9Y4G6_1847_1971_1.20.120.230	af_Q9Y4G6_1847_1971_1.20.120.230	8.265E+00	0.126	34	145	224	240	40	122	125	84	0.333	0.664
LOKIASV2_1604_ESMFold_hypothetical_protein	af_P25625_143_344_1.20.1070.10	af_P25625_143_344_1.20.1070.10	1.640E+00	0.126	34	1	240	240	5	202	202	247	1.000	0.980
LOKIASV2_1604_ESMFold_hypothetical_protein	af_Q0JBN1_2_115_1.20.120.290	af_Q0JBN1_2_115_1.20.120.290	9.458E+00	0.116	33	134	224	240	28	112	114	91	0.379	0.746
LOKIASV2_1604_ESMFold_hypothetical_protein	af_Q54K81_850_982_1.20.120.230	af_Q54K81_850_982_1.20.120.230	7.223E+00	0.116	33	1	124	240	1	122	133	129	0.517	0.917
LOKIASV2_1604_ESMFold_hypothetical_protein	af_Q8LQA0_38_189_1.20.140.40	af_Q8LQA0_38_189_1.20.140.40	9.892E+00	0.116	33	1	117	240	22	136	152	123	0.488	0.757
LOKIASV2_1604_ESMFold_hypothetical_protein	af_O23447_42_201_1.20.140.40	af_O23447_42_201_1.20.140.40	9.892E+00	0.116	33	5	116	240	33	140	160	118	0.467	0.675
LOKIASV2_1604_ESMFold_hypothetical_protein	af_I1JDS7_107_301_1.20.1510.10	af_I1JDS7_107_301_1.20.1510.10	1.963E+00	0.116	33	5	237	240	2	194	195	251	0.971	0.990
LOKIASV2_1604_ESMFold_hypothetical_protein	af_A0A1D8PLM4_14_243_1.20.1070.10	af_A0A1D8PLM4_14_243_1.20.1070.10	2.812E+00	0.116	33	5	228	240	2	230	230	268	0.933	0.996
LOKIASV2_1604_ESMFold_hypothetical_protein	af_Q4DHZ0_31_322_1.20.1510.10	af_Q4DHZ0_31_322_1.20.1510.10	1.252E+00	0.116	33	2	235	240	1	291	292	334	0.975	0.997
LOKIASV2_1604_ESMFold_hypothetical_protein	af_Q944G8_10_112_1.20.58.90	af_Q944G8_10_112_1.20.58.90	9.892E+00	0.106	32	34	132	240	3	100	103	101	0.412	0.951
LOKIASV2_1604_ESMFold_hypothetical_protein	af_Q9UBT7_169_278_1.20.120.230	af_Q9UBT7_169_278_1.20.120.230	9.042E+00	0.106	32	143	226	240	23	109	110	88	0.350	0.791
LOKIASV2_1604_ESMFold_hypothetical_protein	2yfbA01	2yfbA01	9.892E+00	0.106	32	86	240	240	3	119	119	157	0.646	0.983
LOKIASV2_1604_ESMFold_hypothetical_protein	af_G5EGK1_1860_1981_1.20.120.230	af_G5EGK1_1860_1981_1.20.120.230	9.458E+00	0.106	32	142	224	240	34	119	122	87	0.346	0.705
LOKIASV2_1604_ESMFold_hypothetical_protein	af_G5EGK1_693_820_1.20.120.230	af_G5EGK1_693_820_1.20.120.230	9.458E+00	0.106	32	1	124	240	1	118	128	127	0.517	0.922
LOKIASV2_1604_ESMFold_hypothetical_protein	af_Q55BY2_1401_1617_1.20.1070.10	af_Q55BY2_1401_1617_1.20.1070.10	7.555E+00	0.106	32	1	202	240	13	214	217	225	0.842	0.931
LOKIASV2_1604_ESMFold_hypothetical_protein	af_O75192_1_238_1.20.1420.10	af_O75192_1_238_1.20.1420.10	3.076E+00	0.106	32	12	222	240	57	237	238	222	0.879	0.761
LOKIASV2_1604_ESMFold_hypothetical_protein	af_Q6ATN7_1_238_1.20.1270.60	af_Q6ATN7_1_238_1.20.1270.60	1.310E+00	0.106	32	4	237	240	15	230	238	255	0.975	0.908
LOKIASV2_1604_ESMFold_hypothetical_protein	af_Q07959_253_528_1.20.1070.10	af_Q07959_253_528_1.20.1070.10	6.312E+00	0.106	32	4	224	240	11	275	276	280	0.921	0.960
LOKIASV2_1604_ESMFold_hypothetical_protein	af_Q5RHR2_29_377_1.10.287.70	af_Q5RHR2_29_377_1.10.287.70	3.217E+00	0.106	32	2	238	240	126	302	349	238	0.988	0.507
LOKIASV2_1604_ESMFold_hypothetical_protein	4dj9A02	4dj9A02	4.406E+00	0.098	31	79	235	240	2	114	120	161	0.654	0.942
LOKIASV2_1604_ESMFold_hypothetical_protein	af_Q9C7Z2_46_177_1.20.140.40	af_Q9C7Z2_46_177_1.20.140.40	5.042E+00	0.098	31	3	116	240	12	116	132	115	0.475	0.795
LOKIASV2_1604_ESMFold_hypothetical_protein	af_Q9SIC6_29_178_1.20.140.40	af_Q9SIC6_29_178_1.20.140.40	4.406E+00	0.098	31	1	117	240	29	139	150	121	0.488	0.740
LOKIASV2_1604_ESMFold_hypothetical_protein	af_Q9D7S1_18_199_1.20.140.150	af_Q9D7S1_18_199_1.20.140.150	3.681E+00	0.098	31	3	235	240	2	167	182	238	0.971	0.912
LOKIASV2_1604_ESMFold_hypothetical_protein	af_E7EZ14_14_198_1.20.140.150	af_E7EZ14_14_198_1.20.140.150	5.042E+00	0.098	31	3	238	240	2	184	185	252	0.983	0.989
LOKIASV2_1604_ESMFold_hypothetical_protein	af_Q0WPS2_24_230_1.20.120.1770	af_Q0WPS2_24_230_1.20.120.1770	4.213E+00	0.098	31	2	199	240	28	204	207	209	0.825	0.855
LOKIASV2_1604_ESMFold_hypothetical_protein	af_A4I745_55_348_1.20.1510.10	af_A4I745_55_348_1.20.1510.10	1.640E+00	0.098	31	1	237	240	1	293	294	327	0.988	0.997
LOKIASV2_1604_ESMFold_hypothetical_protein	af_Q59TN9_428_727_1.20.1270.60	af_Q59TN9_428_727_1.20.1270.60	2.812E+00	0.098	31	1	166	240	9	150	300	176	0.692	0.473
LOKIASV2_1604_ESMFold_hypothetical_protein	af_G3V852_910_1042_1.20.120.230	af_G3V852_910_1042_1.20.120.230	7.555E+00	0.090	30	1	129	240	1	127	133	135	0.538	0.955
LOKIASV2_1604_ESMFold_hypothetical_protein	af_K7MFC6_31_173_1.20.140.40	af_K7MFC6_31_173_1.20.140.40	9.458E+00	0.090	30	1	118	240	28	134	143	125	0.492	0.748
LOKIASV2_1604_ESMFold_hypothetical_protein	af_Q8H920_1_184_1.20.1070.10	af_Q8H920_1_184_1.20.1070.10	6.905E+00	0.090	30	2	132	240	13	178	184	167	0.546	0.902
LOKIASV2_1604_ESMFold_hypothetical_protein	af_Q9W4U9_23_227_1.20.120.1770	af_Q9W4U9_23_227_1.20.120.1770	5.516E+00	0.090	30	6	228	240	8	205	205	239	0.929	0.966
LOKIASV2_1604_ESMFold_hypothetical_protein	af_Q9VKA3_337_568_1.20.1510.10	af_Q9VKA3_337_568_1.20.1510.10	3.076E+00	0.090	30	1	235	240	1	231	232	272	0.979	0.996
LOKIASV2_1604_ESMFold_hypothetical_protein	af_Q54MH2_1_237_1.20.120.810	af_Q54MH2_1_237_1.20.120.810	2.570E+00	0.090	30	11	228	240	4	237	237	247	0.908	0.987
LOKIASV2_1604_ESMFold_hypothetical_protein	af_B7F9F6_1_249_1.20.1250.20	af_B7F9F6_1_249_1.20.1250.20	2.053E+00	0.090	30	3	232	240	34	244	249	247	0.958	0.847
LOKIASV2_1604_ESMFold_hypothetical_protein	af_F1QHP6_18_146_1.20.140.150	af_F1QHP6_18_146_1.20.140.150	6.312E+00	0.082	29	1	128	240	3	128	129	136	0.533	0.977
LOKIASV2_1604_ESMFold_hypothetical_protein	af_Q9LUV1_28_173_1.20.140.40	af_Q9LUV1_28_173_1.20.140.40	5.274E+00	0.082	29	2	118	240	29	145	146	127	0.488	0.801
LOKIASV2_1604_ESMFold_hypothetical_protein	af_Q1G3V3_33_182_1.20.140.40	af_Q1G3V3_33_182_1.20.140.40	8.645E+00	0.082	29	1	118	240	31	140	150	118	0.492	0.733
LOKIASV2_1604_ESMFold_hypothetical_protein	af_A0A0G2K452_21_222_1.20.120.1770	af_A0A0G2K452_21_222_1.20.120.1770	6.905E+00	0.082	29	8	227	240	6	199	202	235	0.917	0.960
LOKIASV2_1604_ESMFold_hypothetical_protein	af_Q10333_13_233_1.20.1420.10	af_Q10333_13_233_1.20.1420.10	4.609E+00	0.082	29	8	222	240	50	218	221	225	0.896	0.765
LOKIASV2_1604_ESMFold_hypothetical_protein	af_P9WGE5_1_282_1.20.1250.20	af_P9WGE5_1_282_1.20.1250.20	2.688E+00	0.082	29	1	240	240	50	248	282	252	1.000	0.706
LOKIASV2_1604_ESMFold_hypothetical_protein	af_A0A2R9YJG7_640_756_1.20.120.230	af_A0A2R9YJG7_640_756_1.20.120.230	8.645E+00	0.076	28	86	224	240	5	116	117	146	0.579	0.957
LOKIASV2_1604_ESMFold_hypothetical_protein	5y04A01	5y04A01	9.458E+00	0.076	28	146	238	240	44	128	129	95	0.387	0.659
LOKIASV2_1604_ESMFold_hypothetical_protein	af_Q96S97_168_313_1.20.140.150	af_Q96S97_168_313_1.20.140.150	9.042E+00	0.076	28	4	102	240	9	98	146	103	0.412	0.616
LOKIASV2_1604_ESMFold_hypothetical_protein	af_A3KNI7_157_343_1.20.1410.10	af_A3KNI7_157_343_1.20.1410.10	6.905E+00	0.076	28	1	129	240	3	182	187	188	0.538	0.963
LOKIASV2_1604_ESMFold_hypothetical_protein	af_Q553X3_1_205_1.20.1270.60	af_Q553X3_1_205_1.20.1270.60	5.516E+00	0.076	28	1	201	240	1	197	205	216	0.837	0.961
LOKIASV2_1604_ESMFold_hypothetical_protein	af_Q9U3J7_2_215_1.20.1070.10	af_Q9U3J7_2_215_1.20.1070.10	4.213E+00	0.076	28	1	227	240	2	207	214	252	0.946	0.963
LOKIASV2_1604_ESMFold_hypothetical_protein	af_B5DEF4_7_226_1.20.1070.10	af_B5DEF4_7_226_1.20.1070.10	5.770E+00	0.076	28	9	227	240	3	215	220	249	0.913	0.968
LOKIASV2_1604_ESMFold_hypothetical_protein	af_Q9ZUN5_4_252_1.20.140.150	af_Q9ZUN5_4_252_1.20.140.150	8.645E+00	0.076	28	5	101	240	2	94	249	100	0.404	0.373
LOKIASV2_1604_ESMFold_hypothetical_protein	4e17A02	4e17A02	9.042E+00	0.069	27	79	235	240	2	114	120	158	0.654	0.942
LOKIASV2_1604_ESMFold_hypothetical_protein	af_Q91X49_24_150_1.20.140.150	af_Q91X49_24_150_1.20.140.150	4.406E+00	0.069	27	1	118	240	4	115	127	123	0.492	0.882
LOKIASV2_1604_ESMFold_hypothetical_protein	af_Q8INQ7_8_136_1.10.10.1740	af_Q8INQ7_8_136_1.10.10.1740	7.555E+00	0.069	27	2	140	240	1	126	129	144	0.579	0.977
LOKIASV2_1604_ESMFold_hypothetical_protein	af_O13901_21_200_1.20.120.1760	af_O13901_21_200_1.20.120.1760	3.851E+00	0.069	27	40	226	240	27	172	180	191	0.779	0.811
LOKIASV2_1604_ESMFold_hypothetical_protein	af_X1WD28_30_212_1.20.140.150	af_X1WD28_30_212_1.20.140.150	8.645E+00	0.069	27	3	234	240	2	171	183	236	0.967	0.929
LOKIASV2_1604_ESMFold_hypothetical_protein	af_Q55F44_2_187_1.20.1070.10	af_Q55F44_2_187_1.20.1070.10	2.688E+00	0.069	27	4	204	240	10	177	186	210	0.837	0.903
LOKIASV2_1604_ESMFold_hypothetical_protein	af_Q4DRV6_12_200_1.20.1420.10	af_Q4DRV6_12_200_1.20.1420.10	5.516E+00	0.069	27	8	228	240	8	189	189	228	0.921	0.963
LOKIASV2_1604_ESMFold_hypothetical_protein	af_Q9VF70_2_206_1.20.120.1950	af_Q9VF70_2_206_1.20.120.1950	7.223E+00	0.069	27	1	228	240	1	205	205	247	0.950	1.000
LOKIASV2_1604_ESMFold_hypothetical_protein	af_Q567J3_17_144_1.20.140.150	af_Q567J3_17_144_1.20.140.150	8.265E+00	0.063	26	1	128	240	3	127	128	135	0.533	0.977
LOKIASV2_1604_ESMFold_hypothetical_protein	af_F4JC28_126_263_1.20.140.40	af_F4JC28_126_263_1.20.140.40	7.223E+00	0.063	26	127	226	240	19	137	138	119	0.417	0.862
LOKIASV2_1604_ESMFold_hypothetical_protein	af_Q99N10_109_247_1.20.140.150	af_Q99N10_109_247_1.20.140.150	7.902E+00	0.063	26	4	118	240	2	119	139	128	0.479	0.849
LOKIASV2_1604_ESMFold_hypothetical_protein	af_Q0DJG7_36_181_1.20.140.40	af_Q0DJG7_36_181_1.20.140.40	5.770E+00	0.063	26	145	226	240	35	145	146	112	0.342	0.760
LOKIASV2_1604_ESMFold_hypothetical_protein	1cnt300	1cnt300	6.905E+00	0.063	26	2	133	240	4	142	146	144	0.550	0.952
LOKIASV2_1604_ESMFold_hypothetical_protein	af_Q54MH2_687_841_1.20.120.230	af_Q54MH2_687_841_1.20.120.230	8.645E+00	0.063	26	79	230	240	31	148	155	156	0.633	0.761
LOKIASV2_1604_ESMFold_hypothetical_protein	af_A8WFN1_1_205_1.20.140.150	af_A8WFN1_1_205_1.20.140.150	8.265E+00	0.063	26	1	234	240	6	175	205	238	0.975	0.829
LOKIASV2_1604_ESMFold_hypothetical_protein	af_F1RDE3_1_209_1.25.10.10	af_F1RDE3_1_209_1.25.10.10	4.028E+00	0.063	26	9	237	240	16	199	209	246	0.954	0.880
LOKIASV2_1604_ESMFold_hypothetical_protein	af_Q9LFR0_497_614_1.20.1270.50	af_Q9LFR0_497_614_1.20.1270.50	9.892E+00	0.057	25	1	98	240	4	104	118	106	0.408	0.856
LOKIASV2_1604_ESMFold_hypothetical_protein	af_A0A1D6IP48_43_198_1.20.140.40	af_A0A1D6IP48_43_198_1.20.140.40	6.602E+00	0.057	25	12	117	240	35	142	156	115	0.442	0.692
LOKIASV2_1604_ESMFold_hypothetical_protein	af_Q21304_71_257_1.20.1510.10	af_Q21304_71_257_1.20.1510.10	6.905E+00	0.057	25	16	224	240	6	180	187	214	0.871	0.936
LOKIASV2_1604_ESMFold_hypothetical_protein	af_P56945_448_610_1.20.120.830	af_P56945_448_610_1.20.120.830	7.555E+00	0.051	24	12	231	240	9	149	163	220	0.917	0.865
LOKIASV2_1604_ESMFold_hypothetical_protein	af_Q2G1P4_337_540_1.20.58.220	af_Q2G1P4_337_540_1.20.58.220	7.555E+00	0.051	24	8	236	240	3	203	204	239	0.954	0.985
LOKIASV2_1604_ESMFold_hypothetical_protein	af_B4FAI4_272_505_1.20.1270.60	af_B4FAI4_272_505_1.20.1270.60	5.770E+00	0.051	24	1	237	240	4	223	234	246	0.988	0.940
LOKIASV2_1604_ESMFold_hypothetical_protein	af_O74888_1_266_1.20.1250.20	af_O74888_1_266_1.20.1250.20	1.963E+00	0.051	24	3	230	240	60	265	266	257	0.950	0.774
LOKIASV2_1604_ESMFold_hypothetical_protein	2wcdA00	2wcdA00	3.365E+00	0.051	24	2	236	240	34	248	285	243	0.979	0.754
LOKIASV2_1604_ESMFold_hypothetical_protein	af_A0A0R4IKD9_56_224_1.20.140.150	af_A0A0R4IKD9_56_224_1.20.140.150	7.902E+00	0.045	23	4	159	240	2	158	169	182	0.650	0.929
LOKIASV2_1604_ESMFold_hypothetical_protein	af_M0R3Q7_708_905_1.20.1640.10	af_M0R3Q7_708_905_1.20.1640.10	7.223E+00	0.045	23	49	235	240	9	195	198	201	0.779	0.944
LOKIASV2_1604_ESMFold_hypothetical_protein	af_O35149_110_332_1.20.1510.10	af_O35149_110_332_1.20.1510.10	7.223E+00	0.045	23	1	235	240	1	222	223	268	0.979	0.996
LOKIASV2_1604_ESMFold_hypothetical_protein	af_Q8IY95_26_259_1.20.1070.10	af_Q8IY95_26_259_1.20.1070.10	5.770E+00	0.045	23	79	238	240	23	185	234	191	0.667	0.697
LOKIASV2_1604_ESMFold_hypothetical_protein	af_F4I5R5_1_255_1.25.10.10	af_F4I5R5_1_255_1.25.10.10	5.516E+00	0.045	23	48	238	240	58	250	255	208	0.796	0.757
LOKIASV2_1604_ESMFold_hypothetical_protein	af_Q13021_22_149_1.20.140.150	af_Q13021_22_149_1.20.140.150	9.458E+00	0.040	22	1	124	240	4	123	128	129	0.517	0.938
LOKIASV2_1604_ESMFold_hypothetical_protein	af_Q920R0_688_888_1.20.900.10	af_Q920R0_688_888_1.20.900.10	9.042E+00	0.040	22	3	240	240	1	201	201	254	0.992	1.000
LOKIASV2_1604_ESMFold_hypothetical_protein	af_Q9VMM9_322_706_3.40.1710.10	af_Q9VMM9_322_706_3.40.1710.10	8.265E+00	0.040	22	4	228	240	194	385	385	241	0.938	0.499
LOKIASV2_1604_ESMFold_hypothetical_protein	af_D4AEL4_109_948_1.20.1560.10	af_D4AEL4_109_948_1.20.1560.10	2.349E+00	0.040	22	4	238	240	10	251	840	270	0.979	0.288
LOKIASV2_1604_ESMFold_hypothetical_protein	af_B5X0E4_40_1003_1.20.1560.10	af_B5X0E4_40_1003_1.20.1560.10	3.217E+00	0.040	22	8	238	240	91	320	964	250	0.962	0.239
LOKIASV2_1604_ESMFold_hypothetical_protein	af_D4A4C7_27_172_1.20.140.150	af_D4A4C7_27_172_1.20.140.150	8.645E+00	0.034	21	40	240	240	6	146	146	202	0.837	0.966
LOKIASV2_1604_ESMFold_hypothetical_protein	af_Q95PZ5_94_253_1.20.140.150	af_Q95PZ5_94_253_1.20.140.150	5.770E+00	0.034	21	79	226	240	3	154	160	171	0.617	0.950
LOKIASV2_1604_ESMFold_hypothetical_protein	af_A9Z1K7_120_346_1.20.120.1770	af_A9Z1K7_120_346_1.20.120.1770	9.042E+00	0.034	21	1	223	240	6	226	227	259	0.929	0.974
LOKIASV2_1604_ESMFold_hypothetical_protein	af_Q5ADN7_7_254_1.10.3450.40	af_Q5ADN7_7_254_1.10.3450.40	9.458E+00	0.034	21	28	239	240	53	229	248	226	0.883	0.714
LOKIASV2_1604_ESMFold_hypothetical_protein	af_A0A0R0EKG7_104_398_1.25.40.280	af_A0A0R0EKG7_104_398_1.25.40.280	3.681E+00	0.034	21	8	240	240	43	253	295	259	0.971	0.715
LOKIASV2_1604_ESMFold_hypothetical_protein	af_Q55FN6_36_159_1.10.3730.20	af_Q55FN6_36_159_1.10.3730.20	8.645E+00	0.029	20	1	118	240	1	117	124	129	0.492	0.944
LOKIASV2_1604_ESMFold_hypothetical_protein	af_Q8L7W0_45_267_1.20.1270.60	af_Q8L7W0_45_267_1.20.1270.60	6.905E+00	0.029	20	15	238	240	2	209	223	232	0.933	0.933
LOKIASV2_1604_ESMFold_hypothetical_protein	af_A0A1D6GWG1_119_381_1.20.1170.10	af_A0A1D6GWG1_119_381_1.20.1170.10	5.770E+00	0.029	20	1	237	240	2	261	263	275	0.988	0.989
LOKIASV2_1604_ESMFold_hypothetical_protein	af_A4I3J2_274_554_1.25.40.10	af_A4I3J2_274_554_1.25.40.10	4.821E+00	0.029	20	7	238	240	2	223	281	244	0.967	0.790
LOKIASV2_1604_ESMFold_hypothetical_protein	af_A0A1D6HEZ3_130_415_1.20.1270.60	af_A0A1D6HEZ3_130_415_1.20.1270.60	5.042E+00	0.029	20	4	237	240	3	283	286	303	0.975	0.983
LOKIASV2_1604_ESMFold_hypothetical_protein	af_M0R8J3_216_568_1.20.120.560	af_M0R8J3_216_568_1.20.120.560	4.821E+00	0.029	20	1	238	240	93	338	353	284	0.992	0.697
LOKIASV2_1604_ESMFold_hypothetical_protein	af_A0A1D6PIE2_191_388_1.20.120.1770	af_A0A1D6PIE2_191_388_1.20.120.1770	8.645E+00	0.024	19	5	238	240	20	197	198	237	0.975	0.899
LOKIASV2_1604_ESMFold_hypothetical_protein	af_A3KFU9_372_573_1.20.1640.10	af_A3KFU9_372_573_1.20.1640.10	7.902E+00	0.024	19	2	234	240	44	200	202	239	0.971	0.777
LOKIASV2_1604_ESMFold_hypothetical_protein	af_P0AF43_330_533_1.20.58.220	af_P0AF43_330_533_1.20.58.220	7.902E+00	0.024	19	4	237	240	2	203	204	254	0.975	0.990
LOKIASV2_1604_ESMFold_hypothetical_protein	af_A0A0G2L4V3_20_250_1.20.1270.60	af_A0A0G2L4V3_20_250_1.20.1270.60	8.265E+00	0.024	19	3	238	240	8	222	231	243	0.983	0.931
LOKIASV2_1604_ESMFold_hypothetical_protein	af_Q54ND2_354_591_1.20.1270.60	af_Q54ND2_354_591_1.20.1270.60	7.555E+00	0.024	19	8	239	240	2	194	238	245	0.967	0.811
LOKIASV2_1604_ESMFold_hypothetical_protein	af_A0A0R0K2V3_37_373_1.50.10.150	af_A0A0R0K2V3_37_373_1.50.10.150	9.892E+00	0.024	19	11	235	240	11	306	337	308	0.938	0.878
LOKIASV2_1604_ESMFold_hypothetical_protein	af_P9WI07_1_173_1.20.1260.20	af_P9WI07_1_173_1.20.1260.20	9.042E+00	0.020	18	1	117	240	17	136	173	134	0.488	0.694
LOKIASV2_1604_ESMFold_hypothetical_protein	af_I1J846_33_264_1.20.1270.60	af_I1J846_33_264_1.20.1270.60	9.458E+00	0.020	18	1	238	240	4	217	232	254	0.992	0.922
LOKIASV2_1604_ESMFold_hypothetical_protein	af_I1MNP6_62_321_1.20.1170.10	af_I1MNP6_62_321_1.20.1170.10	6.602E+00	0.020	18	3	237	240	13	247	260	270	0.979	0.904
LOKIASV2_1604_ESMFold_hypothetical_protein	1yc9A01	1yc9A01	8.645E+00	0.020	18	4	235	240	90	318	327	261	0.967	0.700
LOKIASV2_1604_ESMFold_hypothetical_protein	af_Q9M1J0_12_347_1.20.1170.10	af_Q9M1J0_12_347_1.20.1170.10	5.770E+00	0.020	18	2	237	240	69	330	336	277	0.983	0.780
LOKIASV2_1604_ESMFold_hypothetical_protein	af_Q7FB56_1_199_1.20.1560.10	af_Q7FB56_1_199_1.20.1560.10	9.892E+00	0.016	17	1	240	240	1	193	199	247	1.000	0.970
LOKIASV2_1604_ESMFold_hypothetical_protein	af_Q06512_5_305_1.20.1270.60	af_Q06512_5_305_1.20.1270.60	7.555E+00	0.016	17	23	214	240	4	218	301	245	0.800	0.714
LOKIASV2_1604_ESMFold_hypothetical_protein	af_P9WQJ1_3_315_1.20.1560.10	af_P9WQJ1_3_315_1.20.1560.10	6.035E+00	0.016	17	12	238	240	85	308	313	255	0.946	0.716
LOKIASV2_1604_ESMFold_hypothetical_protein	3zx6A00	3zx6A00	6.312E+00	0.014	16	2	236	240	98	298	303	244	0.979	0.663
LOKIASV2_1604_ESMFold_hypothetical_protein	af_G5EE72_115_448_1.20.1560.10	af_G5EE72_115_448_1.20.1560.10	6.602E+00	0.014	16	4	237	240	102	328	334	260	0.975	0.680
LOKIASV2_1604_ESMFold_hypothetical_protein	af_A0A1D6ML48_1_256_1.20.1270.60	af_A0A1D6ML48_1_256_1.20.1270.60	9.892E+00	0.010	14	47	238	240	105	255	256	199	0.800	0.590
LOKIASV2_1604_ESMFold_hypothetical_protein	af_A4I3C7_419_1182_1.20.920.20	af_A4I3C7_419_1182_1.20.920.20	8.265E+00	0.010	14	1	237	240	82	338	764	277	0.988	0.336
LOKIASV2_1604_ESMFold_hypothetical_protein	8oyy-assembly2.cif.gz_B	8oyy-assembly2.cif.gz_B De novo designed soluble GPCR-like fold GLF_32	5.775E-03	1.000	128	4	236	240	2	231	232	252	0.971	0.991
LOKIASV2_1604_ESMFold_hypothetical_protein	8oyx-assembly2.cif.gz_B	8oyx-assembly2.cif.gz_B De novo designed soluble GPCR-like fold GLF_18	1.776E-02	1.000	119	4	234	240	2	223	225	242	0.962	0.987
LOKIASV2_1604_ESMFold_hypothetical_protein	7s3i-assembly1.cif.gz_R	7s3i-assembly1.cif.gz_R Ex4-D-Ala bound to the glucagon-like peptide-1 receptor/g protein complex (conformer 2)	1.185E-02	1.000	114	2	239	240	1	259	264	266	0.992	0.981
LOKIASV2_1604_ESMFold_hypothetical_protein	5zkq-assembly1.cif.gz_A	5zkq-assembly1.cif.gz_A Crystal structure of the human platelet-activating factor receptor in complex with ABT-491	1.698E-02	1.000	110	4	235	240	11	278	279	268	0.967	0.961
LOKIASV2_1604_ESMFold_hypothetical_protein	7xp6-assembly1.cif.gz_R	7xp6-assembly1.cif.gz_R Cryo-EM structure of a class T GPCR in active state	3.811E-02	1.000	110	4	239	240	10	276	283	269	0.983	0.943
LOKIASV2_1604_ESMFold_hypothetical_protein	6tq4-assembly1.cif.gz_A	6tq4-assembly1.cif.gz_A Crystal structure of the Orexin-1 receptor in complex with Compound 16	4.169E-02	1.000	108	4	239	240	27	295	297	273	0.983	0.906
LOKIASV2_1604_ESMFold_hypothetical_protein	8ha0-assembly1.cif.gz_R	8ha0-assembly1.cif.gz_R Molecular recognition of two endogenous hormones by the human parathyroid hormone receptor-1	1.483E-02	1.000	108	2	239	240	97	352	359	264	0.992	0.713
LOKIASV2_1604_ESMFold_hypothetical_protein	7c7s-assembly1.cif.gz_A	7c7s-assembly1.cif.gz_A Cryo-EM structure of the CGP54626-bound human GABA(B) receptor in inactive state.	4.169E-02	1.000	108	1	230	240	419	678	685	272	0.958	0.380
LOKIASV2_1604_ESMFold_hypothetical_protein	8ghv-assembly1.cif.gz_D	8ghv-assembly1.cif.gz_D Cannabinoid Receptor 1-G Protein Complex	6.834E-02	1.000	107	1	238	240	9	279	280	278	0.992	0.968
LOKIASV2_1604_ESMFold_hypothetical_protein	6w2y-assembly1.cif.gz_B	6w2y-assembly1.cif.gz_B CryoEM Structure of GABAB1b Homodimer	2.543E-02	1.000	107	1	230	240	415	660	664	270	0.958	0.370
LOKIASV2_1604_ESMFold_hypothetical_protein	6wiv-assembly1.cif.gz_B	6wiv-assembly1.cif.gz_B Structure of human GABA(B) receptor in an inactive state	2.325E-02	1.000	107	1	231	240	410	667	671	270	0.962	0.385
LOKIASV2_1604_ESMFold_hypothetical_protein	7xta-assembly1.cif.gz_R	7xta-assembly1.cif.gz_R Serotonin 4 (5-HT4) receptor-Gi-scFv16 complex	5.459E-02	1.000	105	1	239	240	1	281	283	284	0.996	0.993
LOKIASV2_1604_ESMFold_hypothetical_protein	8haf-assembly1.cif.gz_R	8haf-assembly1.cif.gz_R PTHrP-PTH1R-Gs complex	1.623E-02	1.000	105	2	239	240	106	362	369	268	0.992	0.696
LOKIASV2_1604_ESMFold_hypothetical_protein	8flq-assembly1.cif.gz_R	8flq-assembly1.cif.gz_R Human PTH1R in complex with PTH(1-34) and Gs	1.623E-02	1.000	104	2	239	240	104	358	363	268	0.992	0.702
LOKIASV2_1604_ESMFold_hypothetical_protein	7e33-assembly1.cif.gz_R	7e33-assembly1.cif.gz_R Serotonin 1E (5-HT1E) receptor-Gi protein complex	3.044E-02	1.000	103	3	238	240	1	256	257	266	0.983	0.996
LOKIASV2_1604_ESMFold_hypothetical_protein	2y00-assembly2.cif.gz_B	2y00-assembly2.cif.gz_B TURKEY BETA1 ADRENERGIC RECEPTOR WITH STABILISING MUTATIONS AND BOUND PARTIAL AGONIST DOBUTAMINE (CRYSTAL DOB92)	2.543E-02	1.000	103	4	240	240	12	298	298	299	0.988	0.963
LOKIASV2_1604_ESMFold_hypothetical_protein	7jvr-assembly1.cif.gz_R	7jvr-assembly1.cif.gz_R Cryo-EM structure of Bromocriptine-bound dopamine receptor 2 in complex with Gi protein	3.644E-02	1.000	101	1	240	240	1	269	269	279	1.000	1.000
LOKIASV2_1604_ESMFold_hypothetical_protein	7shf-assembly1.cif.gz_B	7shf-assembly1.cif.gz_B Cryo-EM structure of GPR158 coupled to the RGS7-Gbeta5 complex	5.459E-02	1.000	100	1	239	240	8	276	284	283	0.996	0.947
LOKIASV2_1604_ESMFold_hypothetical_protein	8hao-assembly1.cif.gz_I	8hao-assembly1.cif.gz_I Human parathyroid hormone receptor-1 dimer	4.169E-02	1.000	100	2	239	240	100	355	362	264	0.992	0.707
LOKIASV2_1604_ESMFold_hypothetical_protein	7wz7-assembly1.cif.gz_R	7wz7-assembly1.cif.gz_R GPR110/G12 complex	9.790E-02	0.999	99	11	240	240	22	272	272	257	0.958	0.923
LOKIASV2_1604_ESMFold_hypothetical_protein	7vih-assembly1.cif.gz_F	7vih-assembly1.cif.gz_F Cryo-EM structure of Gi coupled Sphingosine 1-phosphate receptor bound with CBP-307	1.133E-02	0.999	99	2	239	240	12	277	279	277	0.992	0.953
LOKIASV2_1604_ESMFold_hypothetical_protein	7ew3-assembly1.cif.gz_R	7ew3-assembly1.cif.gz_R Cryo-EM structure of S1P-bound Sphingosine 1-phosphate receptor 3 in complex with Gi protein	5.710E-02	0.999	99	1	234	240	17	289	290	280	0.975	0.941
LOKIASV2_1604_ESMFold_hypothetical_protein	8iy6-assembly1.cif.gz_R	8iy6-assembly1.cif.gz_R ETB-Gi complex bound to Endotheline-1, focused on receptor	6.834E-02	0.999	99	1	235	240	10	286	293	285	0.979	0.945
LOKIASV2_1604_ESMFold_hypothetical_protein	8oyx-assembly1.cif.gz_A	8oyx-assembly1.cif.gz_A De novo designed soluble GPCR-like fold GLF_18	3.986E-02	0.999	98	4	240	240	2	232	232	263	0.988	0.996
LOKIASV2_1604_ESMFold_hypothetical_protein	8flt-assembly1.cif.gz_R	8flt-assembly1.cif.gz_R Human PTH1R in complex with M-PTH(1-14) and Gs	2.783E-02	0.999	98	2	239	240	9	262	266	268	0.992	0.955
LOKIASV2_1604_ESMFold_hypothetical_protein	8k4n-assembly1.cif.gz_D	8k4n-assembly1.cif.gz_D Structure of GPR34-Gi complex	7.477E-02	0.999	98	1	226	240	2	278	279	279	0.942	0.993
LOKIASV2_1604_ESMFold_hypothetical_protein	7sk5-assembly1.cif.gz_A	7sk5-assembly1.cif.gz_A Cryo-EM structure of ACKR3 in complex with CXCL12 and an intracellular Fab	2.910E-02	0.999	98	1	238	240	10	299	300	300	0.992	0.967
LOKIASV2_1604_ESMFold_hypothetical_protein	8iy5-assembly1.cif.gz_R	8iy5-assembly1.cif.gz_R ETB-Gi complex bound to endothelin-1	4.361E-02	0.999	98	1	239	240	10	310	316	310	0.996	0.953
LOKIASV2_1604_ESMFold_hypothetical_protein	7vgz-assembly1.cif.gz_B	7vgz-assembly1.cif.gz_B MT1-remalteon-Gi complex	2.125E-02	0.999	97	1	239	240	1	282	285	290	0.996	0.989
LOKIASV2_1604_ESMFold_hypothetical_protein	6tot-assembly1.cif.gz_A	6tot-assembly1.cif.gz_A Crystal structure of the Orexin-1 receptor in complex with lemborexant	3.483E-02	0.999	97	3	239	240	17	297	300	289	0.988	0.937
LOKIASV2_1604_ESMFold_hypothetical_protein	7ym8-assembly1.cif.gz_A	7ym8-assembly1.cif.gz_A Cryo-EM structure of Nb29-alpha1AAR-miniGsq complex bound to oxymetazoline	9.360E-02	0.999	96	2	235	240	1	270	271	278	0.975	0.996
LOKIASV2_1604_ESMFold_hypothetical_protein	8wc8-assembly1.cif.gz_R	8wc8-assembly1.cif.gz_R Cryo-EM structure of the ZH8651-bound hTAAR1-Gs complex	1.071E-01	0.998	95	4	233	240	6	274	276	273	0.958	0.975
LOKIASV2_1604_ESMFold_hypothetical_protein	7eo2-assembly1.cif.gz_A	7eo2-assembly1.cif.gz_A Cryo-EM of Sphingosine 1-phosphate receptor 1 / Gi complex bound to FTY720p	8.180E-02	0.998	95	5	239	240	20	277	280	262	0.979	0.921
LOKIASV2_1604_ESMFold_hypothetical_protein	8fmz-assembly1.cif.gz_A	8fmz-assembly1.cif.gz_A Neurotensin receptor allosterism revealed in complex with a biased allosteric modulator	1.857E-02	0.998	95	1	224	240	9	265	280	266	0.933	0.918
LOKIASV2_1604_ESMFold_hypothetical_protein	8efb-assembly1.cif.gz_R	8efb-assembly1.cif.gz_R Oliceridine-bound mu-opioid receptor-Gi complex	7.148E-02	0.998	95	5	237	240	2	283	284	284	0.971	0.993
LOKIASV2_1604_ESMFold_hypothetical_protein	7td4-assembly1.cif.gz_R	7td4-assembly1.cif.gz_R Sphingosine-1-phosphate receptor 1-Gi complex bound to Siponimod	1.024E-01	0.998	95	2	232	240	21	289	290	276	0.962	0.928
LOKIASV2_1604_ESMFold_hypothetical_protein	6tq6-assembly2.cif.gz_B	6tq6-assembly2.cif.gz_B Crystal structure of the Orexin-1 receptor in complex with Compound 14	3.811E-02	0.998	95	4	239	240	8	289	301	288	0.983	0.937
LOKIASV2_1604_ESMFold_hypothetical_protein	6tp6-assembly1.cif.gz_A	6tp6-assembly1.cif.gz_A Crystal structure of the Orexin-1 receptor in complex with filorexant	3.986E-02	0.998	95	4	239	240	28	302	305	287	0.983	0.902
LOKIASV2_1604_ESMFold_hypothetical_protein	6fk7-assembly1.cif.gz_A	6fk7-assembly1.cif.gz_A Crystal structure of N2C/D282C stabilized opsin bound to RS06	4.771E-02	0.998	95	4	239	240	36	321	326	300	0.983	0.877
LOKIASV2_1604_ESMFold_hypothetical_protein	6nbf-assembly1.cif.gz_R	6nbf-assembly1.cif.gz_R Cryo-EM structure of parathyroid hormone receptor type 1 in complex with a long-acting parathyroid hormone analog and G protein	4.990E-02	0.998	95	2	239	240	106	361	368	266	0.992	0.696
LOKIASV2_1604_ESMFold_hypothetical_protein	7f16-assembly1.cif.gz_R	7f16-assembly1.cif.gz_R Cryo-EM structure of parathyroid hormone receptor type 2 in complex with a tuberoinfundibular peptide of 39 residues and G protein	2.783E-02	0.998	95	2	239	240	112	370	376	267	0.992	0.689
LOKIASV2_1604_ESMFold_hypothetical_protein	8ioc-assembly1.cif.gz_R	8ioc-assembly1.cif.gz_R Cryo-EM structure of the gamma-MSH-bound human melanocortin receptor 3 (MC3R)-Gs complex	3.986E-02	0.998	94	3	237	240	9	271	272	282	0.979	0.967
LOKIASV2_1604_ESMFold_hypothetical_protein	2y03-assembly3.cif.gz_A	2y03-assembly3.cif.gz_A TURKEY BETA1 ADRENERGIC RECEPTOR WITH STABILISING MUTATIONS AND BOUND AGONIST ISOPRENALINE	1.071E-01	0.998	94	4	240	240	12	288	288	282	0.988	0.962
LOKIASV2_1604_ESMFold_hypothetical_protein	7td3-assembly1.cif.gz_R	7td3-assembly1.cif.gz_R Sphingosine-1-phosphate receptor 1-Gi complex bound to S1P	1.356E-02	0.998	94	1	240	240	22	292	292	288	1.000	0.928
LOKIASV2_1604_ESMFold_hypothetical_protein	6tp3-assembly2.cif.gz_B	6tp3-assembly2.cif.gz_B Crystal structure of the Orexin-1 receptor in complex with daridorexant	7.148E-02	0.998	94	4	220	240	26	286	307	268	0.904	0.850
LOKIASV2_1604_ESMFold_hypothetical_protein	8jcy-assembly1.cif.gz_3	8jcy-assembly1.cif.gz_3 Cryo-EM structure of mGlu2-mGlu3 heterodimer in presence of LY341495, NAM563, and LY2389575 (dimerization mode I)	6.534E-02	0.998	94	1	240	240	528	765	765	272	1.000	0.311
LOKIASV2_1604_ESMFold_hypothetical_protein	7rky-assembly1.cif.gz_R	7rky-assembly1.cif.gz_R Binding mode of US27-Gi-scFv16 in OCL-state	6.534E-02	0.998	93	2	240	240	10	252	252	257	0.996	0.964
LOKIASV2_1604_ESMFold_hypothetical_protein	6p9x-assembly1.cif.gz_R	6p9x-assembly1.cif.gz_R CRF1 Receptor Gs GPCR protein complex with CRF1 peptide	7.148E-02	0.998	93	1	239	240	1	267	270	281	0.996	0.989
LOKIASV2_1604_ESMFold_hypothetical_protein	8e9x-assembly1.cif.gz_A	8e9x-assembly1.cif.gz_A CryoEM structure of miniGo-coupled hM4Di in complex with DCZ	2.101E-01	0.998	93	1	235	240	2	272	274	271	0.979	0.989
LOKIASV2_1604_ESMFold_hypothetical_protein	6b73-assembly1.cif.gz_A	6b73-assembly1.cif.gz_A Crystal Structure of a nanobody-stabilized active state of the kappa-opioid receptor	4.361E-02	0.998	93	1	232	240	5	280	281	294	0.967	0.982
LOKIASV2_1604_ESMFold_hypothetical_protein	7yu5-assembly1.cif.gz_R	7yu5-assembly1.cif.gz_R Human Lysophosphatidic Acid Receptor 1-Gi complex bound to ONO-0740556, state1	4.990E-02	0.998	93	1	240	240	23	290	290	277	1.000	0.924
LOKIASV2_1604_ESMFold_hypothetical_protein	6tq7-assembly2.cif.gz_B	6tq7-assembly2.cif.gz_B Crystal structure of the Orexin-1 receptor in complex with SB-334867	3.044E-02	0.998	93	4	237	240	28	303	311	295	0.975	0.887
LOKIASV2_1604_ESMFold_hypothetical_protein	6p9y-assembly1.cif.gz_R	6p9y-assembly1.cif.gz_R PAC1 GPCR Receptor complex	9.790E-02	0.997	92	3	239	240	1	255	258	267	0.988	0.988
LOKIASV2_1604_ESMFold_hypothetical_protein	7wf7-assembly1.cif.gz_A	7wf7-assembly1.cif.gz_A Cryo-EM of Sphingosine 1-phosphate receptor 1 / Gi complex bound to S1P	1.402E-01	0.997	92	4	235	240	17	268	271	261	0.967	0.930
LOKIASV2_1604_ESMFold_hypothetical_protein	8izb-assembly1.cif.gz_R	8izb-assembly1.cif.gz_R Lysophosphatidylserine receptor GPR174-Gs complex	6.834E-02	0.997	92	1	233	240	1	280	283	288	0.971	0.989
LOKIASV2_1604_ESMFold_hypothetical_protein	6nbh-assembly1.cif.gz_R	6nbh-assembly1.cif.gz_R Cryo-EM structure of parathyroid hormone receptor type 1 in complex with a long-acting parathyroid hormone analog and G protein	3.184E-02	0.997	92	2	239	240	107	370	379	278	0.992	0.697
LOKIASV2_1604_ESMFold_hypothetical_protein	4bv0-assembly2.cif.gz_B	4bv0-assembly2.cif.gz_B High Resolution Structure of Evolved Agonist-bound Neurotensin Receptor 1 Mutant without Lysozyme Fusion	2.543E-02	0.997	91	1	239	240	10	289	302	295	0.996	0.927
LOKIASV2_1604_ESMFold_hypothetical_protein	6g79-assembly1.cif.gz_S	6g79-assembly1.cif.gz_S Coupling specificity of heterotrimeric Go to the serotonin 5-HT1B receptor	8.556E-02	0.996	90	1	240	240	1	262	262	277	1.000	1.000
LOKIASV2_1604_ESMFold_hypothetical_protein	2ycz-assembly1.cif.gz_A	2ycz-assembly1.cif.gz_A TURKEY BETA1 ADRENERGIC RECEPTOR WITH STABILISING MUTATIONS AND BOUND ANTAGONIST IODOCYANOPINDOLOL	1.467E-01	0.996	90	6	239	240	8	289	291	283	0.975	0.969
LOKIASV2_1604_ESMFold_hypothetical_protein	7fiy-assembly1.cif.gz_R	7fiy-assembly1.cif.gz_R Cryo-EM structure of the tirzepatide-bound human GIPR-Gs complex	5.710E-02	0.996	90	2	239	240	89	352	359	276	0.992	0.735
LOKIASV2_1604_ESMFold_hypothetical_protein	7t6b-assembly1.cif.gz_R	7t6b-assembly1.cif.gz_R Structure of S1PR2-heterotrimeric G13 signaling complex	1.282E-01	0.996	89	1	226	240	12	260	264	258	0.942	0.943
LOKIASV2_1604_ESMFold_hypothetical_protein	7yu4-assembly1.cif.gz_A	7yu4-assembly1.cif.gz_A Human Lysophosphatidic Acid Receptor 1-Gi complex bound to ONO-0740556, focused on receptor	1.071E-01	0.996	89	1	240	240	23	266	266	263	1.000	0.917
LOKIASV2_1604_ESMFold_hypothetical_protein	8iod-assembly1.cif.gz_R	8iod-assembly1.cif.gz_R Cryo-EM structure of the PG-901-bound human melanocortin receptor 5 (MC5R)-Gs complex	4.361E-02	0.996	89	3	239	240	5	267	270	281	0.988	0.974
LOKIASV2_1604_ESMFold_hypothetical_protein	6ak3-assembly1.cif.gz_A	6ak3-assembly1.cif.gz_A Crystal structure of the human prostaglandin E receptor EP3 bound to prostaglandin E2	2.125E-02	0.996	89	2	235	240	3	256	272	272	0.975	0.934
LOKIASV2_1604_ESMFold_hypothetical_protein	7f24-assembly1.cif.gz_F	7f24-assembly1.cif.gz_F Cryo-EM structure of the GTP-bound dopamine receptor 1 and mini-Gs complex without Nb35	1.172E-01	0.996	89	5	240	240	11	277	277	279	0.983	0.964
LOKIASV2_1604_ESMFold_hypothetical_protein	8e9z-assembly1.cif.gz_A	8e9z-assembly1.cif.gz_A CryoEM structure of miniGq-coupled hM3R in complex with Iperoxo	1.282E-01	0.996	89	6	239	240	9	275	278	272	0.975	0.960
LOKIASV2_1604_ESMFold_hypothetical_protein	7na7-assembly1.cif.gz_R	7na7-assembly1.cif.gz_R Structures of human ghrelin receptor-Gi complexes with ghrelin and a synthetic agonist	6.534E-02	0.996	89	5	235	240	8	285	291	284	0.962	0.955
LOKIASV2_1604_ESMFold_hypothetical_protein	6ibl-assembly1.cif.gz_A	6ibl-assembly1.cif.gz_A ACTIVATED TURKEY BETA1 ADRENOCEPTOR WITH BOUND AGONIST FORMOTEROL AND NANOBODY Nb80	2.515E-01	0.996	89	2	240	240	109	397	397	290	0.996	0.728
LOKIASV2_1604_ESMFold_hypothetical_protein	7mtq-assembly1.cif.gz_B	7mtq-assembly1.cif.gz_B CryoEM Structure of Full-Length mGlu2 in Inactive-State Bound to Antagonist LY341495	3.010E-01	0.996	89	1	229	240	508	738	744	245	0.954	0.310
LOKIASV2_1604_ESMFold_hypothetical_protein	7f4d-assembly1.cif.gz_R	7f4d-assembly1.cif.gz_R Cryo-EM structure of alpha-MSH-bound melanocortin-1 receptor in complex with Gs protein and Nb35	5.972E-02	0.995	88	1	233	240	4	262	263	271	0.971	0.985
LOKIASV2_1604_ESMFold_hypothetical_protein	8inr-assembly1.cif.gz_R	8inr-assembly1.cif.gz_R Cryo-EM structure of the alpha-MSH-bound human melanocortin receptor 5 (MC5R)-Gs complex	4.361E-02	0.995	88	1	239	240	2	268	271	291	0.996	0.985
LOKIASV2_1604_ESMFold_hypothetical_protein	7u2l-assembly1.cif.gz_D	7u2l-assembly1.cif.gz_D C5guano-uOR-Gi-scFv16	8.556E-02	0.995	88	4	240	240	3	284	284	290	0.988	0.993
LOKIASV2_1604_ESMFold_hypothetical_protein	7y24-assembly1.cif.gz_E	7y24-assembly1.cif.gz_E Cryo-EM structure of the octreotide-bound SSTR2-miniGo-scFv16 complex	8.949E-02	0.995	88	3	238	240	1	283	284	296	0.983	0.996
LOKIASV2_1604_ESMFold_hypothetical_protein	7eb2-assembly1.cif.gz_D	7eb2-assembly1.cif.gz_D Cryo-EM structure of human GABA(B) receptor-Gi protein complex	6.834E-02	0.995	88	1	231	240	410	677	680	277	0.962	0.394
LOKIASV2_1604_ESMFold_hypothetical_protein	7piu-assembly1.cif.gz_R	7piu-assembly1.cif.gz_R Cryo-EM structure of the agonist setmelanotide bound to the active melanocortin-4 receptor (MC4R) in complex with the heterotrimeric Gs protein at 2.6 A resolution.	6.247E-02	0.994	87	1	237	240	5	258	259	276	0.988	0.981
LOKIASV2_1604_ESMFold_hypothetical_protein	7p02-assembly1.cif.gz_R	7p02-assembly1.cif.gz_R Human Neurokinin 1 receptor (NK1R) substance P Gs complex	5.710E-02	0.994	87	1	239	240	7	284	287	279	0.996	0.969
LOKIASV2_1604_ESMFold_hypothetical_protein	7ts0-assembly1.cif.gz_P	7ts0-assembly1.cif.gz_P Cryo-EM structure of corticotropin releasing factor receptor 2 bound to Urocortin 1 and coupled with heterotrimeric Go protein	9.790E-02	0.994	87	1	239	240	22	287	296	275	0.996	0.899
LOKIASV2_1604_ESMFold_hypothetical_protein	7x8r-assembly1.cif.gz_R	7x8r-assembly1.cif.gz_R Cryo-EM structure of the Boc5-bound hGLP-1R-Gs complex	5.459E-02	0.994	87	4	240	240	32	298	298	283	0.988	0.896
LOKIASV2_1604_ESMFold_hypothetical_protein	7f54-assembly1.cif.gz_R	7f54-assembly1.cif.gz_R Cryo-EM structure of afamelanotide-MC4R-Gs_Nb35 complex	2.009E-01	0.993	86	1	239	240	6	270	273	273	0.996	0.971
LOKIASV2_1604_ESMFold_hypothetical_protein	8fls-assembly1.cif.gz_R	8fls-assembly1.cif.gz_R Human PTH1R in complex with Abaloparatide and Gs	9.790E-02	0.993	86	2	239	240	105	358	362	265	0.992	0.702
LOKIASV2_1604_ESMFold_hypothetical_protein	7y36-assembly1.cif.gz_R	7y36-assembly1.cif.gz_R Cryo-EM structure of the Teriparatide-bound human PTH1R-Gs complex	8.180E-02	0.993	86	2	239	240	109	364	371	268	0.992	0.690
LOKIASV2_1604_ESMFold_hypothetical_protein	7ckx-assembly1.cif.gz_R	7ckx-assembly1.cif.gz_R Cryo-EM structure of A77636 bound dopamine receptor DRD1-Gs signaling complex	1.467E-01	0.992	85	1	237	240	1	272	273	286	0.988	0.996
LOKIASV2_1604_ESMFold_hypothetical_protein	7y1f-assembly1.cif.gz_R	7y1f-assembly1.cif.gz_R Cryo-EM structure of human k-opioid receptor-Gi complex	1.071E-01	0.992	85	2	227	240	1	277	284	285	0.942	0.975
LOKIASV2_1604_ESMFold_hypothetical_protein	6nbi-assembly1.cif.gz_R	6nbi-assembly1.cif.gz_R Cryo-EM structure of parathyroid hormone receptor type 1 in complex with a long-acting parathyroid hormone analog and G protein	9.790E-02	0.992	85	2	239	240	96	360	369	273	0.992	0.718
LOKIASV2_1604_ESMFold_hypothetical_protein	7xtq-assembly1.cif.gz_R	7xtq-assembly1.cif.gz_R Cryo-EM structure of the R399-bound GPBAR-Gs complex	6.247E-02	0.991	84	8	240	240	2	273	273	293	0.971	0.996
LOKIASV2_1604_ESMFold_hypothetical_protein	8jlq-assembly1.cif.gz_R	8jlq-assembly1.cif.gz_R Fenoldopam-bound hTAAR1-Gs protein complex	2.631E-01	0.991	84	4	238	240	5	282	283	282	0.979	0.982
LOKIASV2_1604_ESMFold_hypothetical_protein	8g94-assembly1.cif.gz_A	8g94-assembly1.cif.gz_A Structure of CD69-bound S1PR1 coupled to heterotrimeric Gi	8.949E-02	0.991	84	2	240	240	19	286	288	283	0.996	0.931
LOKIASV2_1604_ESMFold_hypothetical_protein	7wv9-assembly1.cif.gz_R	7wv9-assembly1.cif.gz_R Cryo-EM structure of human receptor with G proteins	1.467E-01	0.991	84	1	237	240	7	289	290	295	0.988	0.976
LOKIASV2_1604_ESMFold_hypothetical_protein	8ejk-assembly1.cif.gz_R	8ejk-assembly1.cif.gz_R Structure of FFAR1-Gq complex bound to TAK-875 in a lipid nanodisc	7.820E-02	0.990	83	4	224	240	8	266	267	273	0.921	0.970
LOKIASV2_1604_ESMFold_hypothetical_protein	8irv-assembly1.cif.gz_R	8irv-assembly1.cif.gz_R Dopamine Receptor D5R-Gs-Rotigotine complex	1.679E-01	0.990	83	2	240	240	1	279	279	288	0.996	1.000
LOKIASV2_1604_ESMFold_hypothetical_protein	1c8r-assembly1.cif.gz_A	1c8r-assembly1.cif.gz_A BACTERIORHODOPSIN D96N BR STATE AT 2.0 A RESOLUTION	1.534E-01	0.988	82	1	231	240	1	220	222	243	0.962	0.991
LOKIASV2_1604_ESMFold_hypothetical_protein	1qm8-assembly1.cif.gz_A	1qm8-assembly1.cif.gz_A Structure of Bacteriorhodopsin at 100 K	1.402E-01	0.988	82	1	231	240	4	228	229	260	0.962	0.983
LOKIASV2_1604_ESMFold_hypothetical_protein	7piv-assembly1.cif.gz_R	7piv-assembly1.cif.gz_R Active Melanocortin-4 receptor (MC4R)- Gs protein complex bound to agonist NDP-alpha-MSH at 2.86 A resolution.	9.790E-02	0.988	82	1	237	240	5	259	260	271	0.988	0.981
LOKIASV2_1604_ESMFold_hypothetical_protein	8wrb-assembly1.cif.gz_R	8wrb-assembly1.cif.gz_R Lysophosphatidylserine receptor GPR34-Gi complex	1.921E-01	0.988	82	1	234	240	1	279	281	288	0.975	0.993
LOKIASV2_1604_ESMFold_hypothetical_protein	8fn0-assembly1.cif.gz_A	8fn0-assembly1.cif.gz_A CryoEM structure of Go-coupled NTSR1 with a biased allosteric modulator	5.219E-02	0.988	82	1	235	240	9	279	282	285	0.979	0.961
LOKIASV2_1604_ESMFold_hypothetical_protein	7ew0-assembly1.cif.gz_D	7ew0-assembly1.cif.gz_D Cryo-EM structure of ozanimod -bound Sphingosine-1-phosphate receptor 1 in complex with Gi protein	2.631E-01	0.988	82	2	239	240	13	281	284	278	0.992	0.947
LOKIASV2_1604_ESMFold_hypothetical_protein	7xt9-assembly1.cif.gz_R	7xt9-assembly1.cif.gz_R Serotonin 4 (5-HT4) receptor-Gs complex	1.467E-01	0.988	82	5	239	240	8	291	294	296	0.979	0.966
LOKIASV2_1604_ESMFold_hypothetical_protein	6xbj-assembly1.cif.gz_R	6xbj-assembly1.cif.gz_R Structure of human SMO-D384R complex with Gi	1.226E-01	0.988	82	1	226	240	161	464	465	315	0.942	0.654
LOKIASV2_1604_ESMFold_hypothetical_protein	7ew1-assembly1.cif.gz_A	7ew1-assembly1.cif.gz_A Cryo-EM structure of siponimod -bound Sphingosine-1-phosphate receptor 5 in complex with Gi protein	4.123E-01	0.986	81	1	228	240	14	269	269	262	0.950	0.952
LOKIASV2_1604_ESMFold_hypothetical_protein	7ul3-assembly1.cif.gz_A	7ul3-assembly1.cif.gz_A CryoEM Structure of Inactive H2R Bound to Famotidine, Nb6M, and NabFab	2.631E-01	0.984	80	6	235	240	8	267	268	266	0.958	0.970
LOKIASV2_1604_ESMFold_hypothetical_protein	3p0g-assembly1.cif.gz_A	3p0g-assembly1.cif.gz_A Structure of a nanobody-stabilized active state of the beta2 adrenoceptor	3.148E-01	0.984	80	1	239	240	2	280	284	282	0.996	0.982
LOKIASV2_1604_ESMFold_hypothetical_protein	8f7w-assembly1.cif.gz_R	8f7w-assembly1.cif.gz_R Gi bound kappa-opioid receptor in complex with dynorphin	1.679E-01	0.984	80	3	233	240	1	283	286	288	0.962	0.990
LOKIASV2_1604_ESMFold_hypothetical_protein	5ung-assembly1.cif.gz_B	5ung-assembly1.cif.gz_B XFEL structure of human angiotensin II type 2 receptor (Orthorhombic form) in complex with compound 1 (N-benzyl-N-(2-ethyl-4-oxo-3-{[2'-(2H-tetrazol-5-yl)[1,1'-biphenyl]-4-yl] methyl}-3,4-dihydroquinazolin-6-yl)thiophene-2-carboxamide)	8.556E-02	0.984	80	8	240	240	123	410	410	294	0.971	0.702
LOKIASV2_1604_ESMFold_hypothetical_protein	2i21-assembly1.cif.gz_A	2i21-assembly1.cif.gz_A Bacteriorhodopsin/lipid complex, T46V mutant	1.921E-01	0.981	79	1	231	240	1	220	222	243	0.962	0.991
LOKIASV2_1604_ESMFold_hypothetical_protein	7f23-assembly1.cif.gz_F	7f23-assembly1.cif.gz_F Cryo-EM structure of the GTP-bound dopamine receptor 1 and mini-Gs complex with Nb35	2.515E-01	0.981	79	5	240	240	4	276	276	281	0.983	0.989
LOKIASV2_1604_ESMFold_hypothetical_protein	7x2c-assembly1.cif.gz_F	7x2c-assembly1.cif.gz_F Cryo-EM structure of the fenoldopam-bound D1 dopamine receptor and mini-Gs complex	1.679E-01	0.981	79	5	237	240	4	278	279	283	0.971	0.986
LOKIASV2_1604_ESMFold_hypothetical_protein	7jvp-assembly1.cif.gz_R	7jvp-assembly1.cif.gz_R Cryo-EM structure of SKF-83959-bound dopamine receptor 1 in complex with Gs protein	2.009E-01	0.981	79	5	240	240	11	280	280	284	0.983	0.964
LOKIASV2_1604_ESMFold_hypothetical_protein	7vkt-assembly1.cif.gz_A	7vkt-assembly1.cif.gz_A cryo-EM structure of LTB4-bound BLT1 in complex with Gi protein	1.071E-01	0.981	79	2	225	240	1	266	287	276	0.933	0.927
LOKIASV2_1604_ESMFold_hypothetical_protein	7yoo-assembly1.cif.gz_R	7yoo-assembly1.cif.gz_R Complex structure of Neuropeptide Y Y2 receptor in complex with NPY and Gi	2.515E-01	0.981	79	1	240	240	7	302	302	299	1.000	0.980
LOKIASV2_1604_ESMFold_hypothetical_protein	7ezm-assembly1.cif.gz_D	7ezm-assembly1.cif.gz_D Cryo-EM structure of an activated Cholecystokinin A receptor (CCKAR)-Gq complex	2.631E-01	0.981	79	2	237	240	1	302	304	305	0.983	0.993
LOKIASV2_1604_ESMFold_hypothetical_protein	8fd1-assembly1.cif.gz_B	8fd1-assembly1.cif.gz_B Crystal structure of photoactivated rhodopsin in complex with a nanobody	1.836E-01	0.981	79	4	239	240	36	304	307	280	0.983	0.876
LOKIASV2_1604_ESMFold_hypothetical_protein	7f2o-assembly1.cif.gz_R	7f2o-assembly1.cif.gz_R Cryo-EM structure of the type 2 bradykinin receptor in complex with the bradykinin and an Gq protein	1.756E-01	0.978	78	5	237	240	3	286	287	292	0.971	0.990
LOKIASV2_1604_ESMFold_hypothetical_protein	6eig-assembly2.cif.gz_B-3	6eig-assembly2.cif.gz_B-3 Crystal structure of N24Q/C128T mutant of Channelrhodopsin 2	1.172E-01	0.975	77	1	238	240	20	242	249	253	0.992	0.896
LOKIASV2_1604_ESMFold_hypothetical_protein	7xke-assembly1.cif.gz_R	7xke-assembly1.cif.gz_R Cryo-EM structure of DHEA-ADGRG2-FL-Gs complex	1.921E-01	0.975	77	8	240	240	3	253	253	268	0.971	0.992
LOKIASV2_1604_ESMFold_hypothetical_protein	7y15-assembly1.cif.gz_R	7y15-assembly1.cif.gz_R Cryo-EM structure of apo-state MrgD-Gi complex	1.836E-01	0.975	77	4	230	240	9	258	264	265	0.946	0.947
LOKIASV2_1604_ESMFold_hypothetical_protein	6z10-assembly1.cif.gz_A	6z10-assembly1.cif.gz_A Crystal structure of a humanized (K18E, K269N) rat succinate receptor SUCNR1 (GPR91) in complex with a nanobody and antagonist	1.921E-01	0.975	77	4	237	240	12	283	284	278	0.975	0.958
LOKIASV2_1604_ESMFold_hypothetical_protein	7td1-assembly1.cif.gz_R	7td1-assembly1.cif.gz_R Lysophosphatidic acid receptor 1-Gi complex bound to LPA, state a	2.101E-01	0.975	77	4	240	240	33	293	293	272	0.988	0.891
LOKIASV2_1604_ESMFold_hypothetical_protein	7ezh-assembly1.cif.gz_D	7ezh-assembly1.cif.gz_D Cryo-EM structure of an activated Cholecystokinin A receptor (CCKAR)-Gi complex	4.934E-01	0.975	77	2	234	240	1	294	296	295	0.971	0.993
LOKIASV2_1604_ESMFold_hypothetical_protein	2i1x-assembly1.cif.gz_A	2i1x-assembly1.cif.gz_A Bacteriorhodopsin/lipid complex, D96A mutant	2.631E-01	0.971	76	1	231	240	1	220	222	251	0.962	0.991
LOKIASV2_1604_ESMFold_hypothetical_protein	7wui-assembly1.cif.gz_R	7wui-assembly1.cif.gz_R Tethered peptide activation mechanism of adhesion GPCRs ADGRG2 and ADGRG4	1.756E-01	0.971	76	6	240	240	3	245	245	270	0.979	0.992
LOKIASV2_1604_ESMFold_hypothetical_protein	8jlr-assembly1.cif.gz_R	8jlr-assembly1.cif.gz_R A77636-bound hTAAR1-Gs protein complex	1.605E-01	0.971	76	4	238	240	8	267	268	268	0.979	0.970
LOKIASV2_1604_ESMFold_hypothetical_protein	6yby-assembly1.cif.gz_A	6yby-assembly1.cif.gz_A Crystal structure of the D116N mutant of the light-driven sodium pump KR2 in the monomeric form, pH 4.6	2.101E-01	0.971	76	1	235	240	19	264	270	259	0.979	0.911
LOKIASV2_1604_ESMFold_hypothetical_protein	8gy7-assembly1.cif.gz_R	8gy7-assembly1.cif.gz_R Cryo-EM structure of ACTH-bound melanocortin-2 receptor in complex with MRAP1 and Gs protein	1.120E-01	0.971	76	1	238	240	10	273	274	280	0.992	0.964
LOKIASV2_1604_ESMFold_hypothetical_protein	8gus-assembly1.cif.gz_R	8gus-assembly1.cif.gz_R Cryo-EM structure of HU-CB2-G protein complex	3.942E-01	0.971	76	1	238	240	10	283	290	278	0.992	0.945
LOKIASV2_1604_ESMFold_hypothetical_protein	6pt0-assembly1.cif.gz_R	6pt0-assembly1.cif.gz_R Cryo-EM structure of human cannabinoid receptor 2-Gi protein in complex with agonist WIN 55,212-2	2.751E-01	0.971	76	2	239	240	13	293	298	295	0.992	0.943
LOKIASV2_1604_ESMFold_hypothetical_protein	6ko5-assembly1.cif.gz_A	6ko5-assembly1.cif.gz_A Complex structure of Ghrelin receptor with Fab	4.312E-01	0.971	76	5	239	240	113	396	398	294	0.979	0.714
LOKIASV2_1604_ESMFold_hypothetical_protein	8g59-assembly1.cif.gz_R	8g59-assembly1.cif.gz_R Cryo-EM structure of the TUG891 bound GPR120-Giq complex	2.299E-01	0.967	75	1	228	240	11	281	281	278	0.950	0.964
LOKIASV2_1604_ESMFold_hypothetical_protein	7p00-assembly1.cif.gz_R	7p00-assembly1.cif.gz_R Human Neurokinin 1 receptor (NK1R) substance P Gq chimera (mGsqi) complex	1.467E-01	0.967	75	1	239	240	7	285	288	288	0.996	0.969
LOKIASV2_1604_ESMFold_hypothetical_protein	5unf-assembly1.cif.gz_A	5unf-assembly1.cif.gz_A XFEL structure of human angiotensin II type 2 receptor (Monoclinic form) in complex with compound 1 (N-benzyl-N-(2-ethyl-4-oxo-3-{[2'-(2H-tetrazol-5-yl)[1,1'-biphenyl]-4-yl])	3.293E-01	0.967	75	8	240	240	105	386	386	299	0.971	0.731
LOKIASV2_1604_ESMFold_hypothetical_protein	3sn6-assembly1.cif.gz_R	3sn6-assembly1.cif.gz_R Crystal structure of the beta2 adrenergic receptor-Gs protein complex	3.768E-01	0.967	75	2	240	240	160	443	443	288	0.996	0.641
LOKIASV2_1604_ESMFold_hypothetical_protein	7q37-assembly1.cif.gz_A	7q37-assembly1.cif.gz_A Crystal structure of proton pump MAR rhodopsin pressurized with krypton	2.631E-01	0.961	74	5	238	240	2	214	217	240	0.975	0.982
LOKIASV2_1604_ESMFold_hypothetical_protein	1f50-assembly1.cif.gz_A	1f50-assembly1.cif.gz_A BACTERIORHODOPSIN-BR STATE OF THE E204Q MUTANT AT 1.7 ANGSTROM RESOLUTION	3.148E-01	0.961	74	1	231	240	1	220	222	243	0.962	0.991
LOKIASV2_1604_ESMFold_hypothetical_protein	1p8i-assembly1.cif.gz_A	1p8i-assembly1.cif.gz_A F219L BACTERIORHODOPSIN MUTANT	2.009E-01	0.961	74	1	231	240	1	220	222	244	0.962	0.991
LOKIASV2_1604_ESMFold_hypothetical_protein	6lm0-assembly1.cif.gz_B	6lm0-assembly1.cif.gz_B The crystal structure of cyanorhodopsin (CyR) N2098R from cyanobacteria Calothrix sp. NIES-2098	2.405E-01	0.961	74	1	235	240	1	225	227	257	0.979	0.991
LOKIASV2_1604_ESMFold_hypothetical_protein	4pxk-assembly1.cif.gz_A	4pxk-assembly1.cif.gz_A Crystal structure of Haloarcula marismortui bacteriorhodopsin I D94N mutant	2.198E-01	0.961	74	8	233	240	5	233	236	249	0.942	0.970
LOKIASV2_1604_ESMFold_hypothetical_protein	7xkf-assembly1.cif.gz_R	7xkf-assembly1.cif.gz_R Cryo-EM structure of DHEA-ADGRG2-BT-Gs complex at lower state	3.445E-01	0.961	74	5	234	240	2	259	261	269	0.958	0.989
LOKIASV2_1604_ESMFold_hypothetical_protein	6rf4-assembly1.cif.gz_A	6rf4-assembly1.cif.gz_A Crystal structure of the potassium-pumping S254A mutant of the light-driven sodium pump KR2 in the pentameric form, pH 8.0	2.515E-01	0.961	74	1	224	240	19	263	273	257	0.933	0.897
LOKIASV2_1604_ESMFold_hypothetical_protein	8dzq-assembly1.cif.gz_A	8dzq-assembly1.cif.gz_A momSalB bound Kappa Opioid Receptor in complex with GoA	1.120E-01	0.961	74	2	223	240	1	263	274	283	0.925	0.960
LOKIASV2_1604_ESMFold_hypothetical_protein	7wuq-assembly1.cif.gz_R	7wuq-assembly1.cif.gz_R Tethered peptide activation mechanism of adhesion GPCRs ADGRG2 and ADGRG4	3.293E-01	0.961	74	10	237	240	26	277	278	264	0.950	0.906
LOKIASV2_1604_ESMFold_hypothetical_protein	7eo4-assembly1.cif.gz_A	7eo4-assembly1.cif.gz_A Cryo-EM of Sphingosine 1-phosphate receptor 1 / Gi complex bound to BAF312	4.123E-01	0.961	74	1	240	240	21	282	282	269	1.000	0.929
LOKIASV2_1604_ESMFold_hypothetical_protein	7c7q-assembly1.cif.gz_B	7c7q-assembly1.cif.gz_B Cryo-EM structure of the baclofen/BHFF-bound human GABA(B) receptor in active state	2.009E-01	0.961	74	1	231	240	411	667	670	274	0.962	0.384
LOKIASV2_1604_ESMFold_hypothetical_protein	8t06-assembly1.cif.gz_B	8t06-assembly1.cif.gz_B Structure of mouse Myomaker mutant-R107A bound to Fab18G7	4.510E-01	0.956	73	4	221	240	3	190	199	226	0.908	0.945
LOKIASV2_1604_ESMFold_hypothetical_protein	1kgb-assembly1.cif.gz_A	1kgb-assembly1.cif.gz_A structure of ground-state bacteriorhodopsin	3.603E-01	0.956	73	1	231	240	1	220	222	243	0.962	0.991
LOKIASV2_1604_ESMFold_hypothetical_protein	7wz4-assembly1.cif.gz_R	7wz4-assembly1.cif.gz_R Structure of an orphan GPCR-G protein signaling complex	1.172E-01	0.956	73	5	240	240	2	233	233	265	0.983	0.996
LOKIASV2_1604_ESMFold_hypothetical_protein	7y3g-assembly1.cif.gz_R	7y3g-assembly1.cif.gz_R Cryo-EM structure of a class A orphan GPCR	2.405E-01	0.956	73	1	233	240	1	259	260	270	0.971	0.996
LOKIASV2_1604_ESMFold_hypothetical_protein	7ept-assembly1.cif.gz_R	7ept-assembly1.cif.gz_R Structural basis for the tethered peptide activation of adhesion GPCRs	3.010E-01	0.956	73	4	239	240	29	266	272	261	0.983	0.875
LOKIASV2_1604_ESMFold_hypothetical_protein	8feg-assembly1.cif.gz_B	8feg-assembly1.cif.gz_B CryoEM structure of Kappa Opioid Receptor bound to a semi-peptide and Gi1	2.751E-01	0.956	73	7	232	240	6	277	278	284	0.942	0.978
LOKIASV2_1604_ESMFold_hypothetical_protein	7vgy-assembly1.cif.gz_A	7vgy-assembly1.cif.gz_A Melatonin receptor1-2-Iodomelatonin-Gicomplex	1.226E-01	0.956	73	8	239	240	11	278	281	273	0.967	0.954
LOKIASV2_1604_ESMFold_hypothetical_protein	7jvq-assembly1.cif.gz_R	7jvq-assembly1.cif.gz_R Cryo-EM structure of apomorphine-bound dopamine receptor 1 in complex with Gs protein	2.101E-01	0.956	73	5	220	240	10	268	286	272	0.900	0.906
LOKIASV2_1604_ESMFold_hypothetical_protein	7vvj-assembly1.cif.gz_R	7vvj-assembly1.cif.gz_R PTHrP-bound human PTH1R in complex with Gs	3.148E-01	0.956	73	2	239	240	99	360	366	278	0.992	0.716
LOKIASV2_1604_ESMFold_hypothetical_protein	6xbl-assembly1.cif.gz_R	6xbl-assembly1.cif.gz_R Structure of human SMO-Gi complex with SAG	3.293E-01	0.956	73	1	226	240	161	467	468	316	0.942	0.656
LOKIASV2_1604_ESMFold_hypothetical_protein	8t03-assembly1.cif.gz_A	8t03-assembly1.cif.gz_A Structure of mouse Myomaker bound to Fab18G7 in detergent	5.161E-01	0.949	72	4	221	240	3	191	199	226	0.908	0.950
LOKIASV2_1604_ESMFold_hypothetical_protein	7yfd-assembly1.cif.gz_R	7yfd-assembly1.cif.gz_R Cryo-EM structure of the imetit-bound histamine H4 receptor and Gq complex	3.445E-01	0.949	72	1	240	240	1	261	261	282	1.000	1.000
LOKIASV2_1604_ESMFold_hypothetical_protein	6rfb-assembly1.cif.gz_A	6rfb-assembly1.cif.gz_A Crystal structure of the potassium-pumping S254A mutant of the light-driven sodium pump KR2 in the monomeric form, pH 4.3	2.299E-01	0.949	72	1	235	240	19	264	270	265	0.979	0.911
LOKIASV2_1604_ESMFold_hypothetical_protein	6yc1-assembly1.cif.gz_B	6yc1-assembly1.cif.gz_B Crystal structure of the H30A mutant of the light-driven sodium pump KR2 in the pentameric form, pH 8.0	2.009E-01	0.949	72	1	224	240	19	263	273	259	0.933	0.897
LOKIASV2_1604_ESMFold_hypothetical_protein	7xk8-assembly1.cif.gz_R	7xk8-assembly1.cif.gz_R Cryo-EM structure of the Neuromedin U receptor 2 (NMUR2) in complex with G Protein and its endogeneous Peptide-Agonist NMU25	2.299E-01	0.949	72	1	232	240	3	281	282	280	0.967	0.989
LOKIASV2_1604_ESMFold_hypothetical_protein	6xbk-assembly1.cif.gz_R	6xbk-assembly1.cif.gz_R Structure of human SMO-G111C/I496C complex with Gi	1.756E-01	0.949	72	1	235	240	161	466	468	314	0.979	0.654
LOKIASV2_1604_ESMFold_hypothetical_protein	4xxj-assembly1.cif.gz_B	4xxj-assembly1.cif.gz_B Crystal Structure of Escherichia coli-Expressed Halobacterium salinarum Bacteriorhodopsin in the Trimeric Form	2.751E-01	0.941	71	8	231	240	6	220	223	235	0.933	0.964
LOKIASV2_1604_ESMFold_hypothetical_protein	8anq-assembly2.cif.gz_T	8anq-assembly2.cif.gz_T Crystal structure of the microbial rhodopsin from Sphingomonas paucimobilis (SpaR)	2.878E-01	0.941	71	9	226	240	2	221	226	239	0.908	0.973
LOKIASV2_1604_ESMFold_hypothetical_protein	3has-assembly1.cif.gz_A	3has-assembly1.cif.gz_A Crystal structure of bacteriorhodopsin mutant L152A crystallized from bicelles	4.312E-01	0.941	71	2	231	240	1	224	226	249	0.958	0.991
LOKIASV2_1604_ESMFold_hypothetical_protein	3uty-assembly1.cif.gz_A	3uty-assembly1.cif.gz_A Crystal structure of bacteriorhodopsin mutant P50A/T46A	2.878E-01	0.941	71	1	231	240	1	225	227	251	0.962	0.991
LOKIASV2_1604_ESMFold_hypothetical_protein	8ibv-assembly1.cif.gz_R	8ibv-assembly1.cif.gz_R Cryo-EM structure of the motilin-bound motilin receptor-Gq protein complex	1.679E-01	0.941	71	2	239	240	13	277	279	276	0.992	0.950
LOKIASV2_1604_ESMFold_hypothetical_protein	7x2f-assembly1.cif.gz_F	7x2f-assembly1.cif.gz_F Cryo-EM structure of the dopamine and LY3154207-bound D1 dopamine receptor and mini-Gs complex	4.934E-01	0.941	71	5	240	240	10	282	282	287	0.983	0.968
LOKIASV2_1604_ESMFold_hypothetical_protein	8ef5-assembly1.cif.gz_R	8ef5-assembly1.cif.gz_R Fentanyl-bound mu-opioid receptor-Gi complex	5.646E-01	0.941	71	1	238	240	1	286	287	303	0.992	0.997
LOKIASV2_1604_ESMFold_hypothetical_protein	4bwb-assembly2.cif.gz_B	4bwb-assembly2.cif.gz_B Structure of Evolved Agonist-bound Neurotensin Receptor 1 Mutant without Lysozyme Fusion	1.534E-01	0.941	71	1	238	240	8	299	300	308	0.992	0.973
LOKIASV2_1604_ESMFold_hypothetical_protein	6e3y-assembly1.cif.gz_R	6e3y-assembly1.cif.gz_R Cryo-EM structure of the active, Gs-protein complexed, human CGRP receptor	5.161E-01	0.941	71	3	239	240	96	343	346	261	0.988	0.717
LOKIASV2_1604_ESMFold_hypothetical_protein	7ewl-assembly1.cif.gz_B	7ewl-assembly1.cif.gz_B cryo-EM structure of apo GPR158	9.255E-01	0.941	71	1	226	240	253	494	495	259	0.942	0.489
LOKIASV2_1604_ESMFold_hypothetical_protein	2wjl-assembly1.cif.gz_A	2wjl-assembly1.cif.gz_A Bacteriorhodopsin mutant E194D	3.293E-01	0.933	70	1	231	240	1	220	222	244	0.962	0.991
LOKIASV2_1604_ESMFold_hypothetical_protein	3t45-assembly1.cif.gz_A	3t45-assembly1.cif.gz_A Crystal structure of bacteriorhodopsin mutant A215T, a phototaxis signaling mutant at 3.0 A resolution	3.445E-01	0.933	70	8	226	240	3	216	225	233	0.913	0.951
LOKIASV2_1604_ESMFold_hypothetical_protein	3hap-assembly1.cif.gz_A	3hap-assembly1.cif.gz_A Crystal structure of bacteriorhodopsin mutant L111A crystallized from bicelles	4.718E-01	0.933	70	2	231	240	1	224	226	249	0.958	0.991
LOKIASV2_1604_ESMFold_hypothetical_protein	1tn5-assembly2.cif.gz_B	1tn5-assembly2.cif.gz_B Structure of bacterorhodopsin mutant K41P	6.177E-01	0.933	70	1	232	240	1	226	227	251	0.967	0.996
LOKIASV2_1604_ESMFold_hypothetical_protein	1brr-assembly1.cif.gz_C	1brr-assembly1.cif.gz_C X-RAY STRUCTURE OF THE BACTERIORHODOPSIN TRIMER/LIPID COMPLEX	4.934E-01	0.933	70	1	231	240	5	229	232	261	0.962	0.970
LOKIASV2_1604_ESMFold_hypothetical_protein	4xto-assembly1.cif.gz_C	4xto-assembly1.cif.gz_C Crystal structure of the light-driven sodium pump KR2 in the pentameric red form, pH 5.6	3.603E-01	0.933	70	1	226	240	18	260	263	254	0.942	0.924
LOKIASV2_1604_ESMFold_hypothetical_protein	6rfa-assembly1.cif.gz_A	6rfa-assembly1.cif.gz_A Crystal structure of the H30K mutant of the light-driven sodium pump KR2 in the monomeric form, pH 8.0	3.148E-01	0.933	70	1	235	240	19	263	268	260	0.979	0.914
LOKIASV2_1604_ESMFold_hypothetical_protein	6rf0-assembly1.cif.gz_A	6rf0-assembly1.cif.gz_A Crystal structure of the light-driven sodium pump KR2 in the pentameric "dry" form	2.878E-01	0.933	70	1	235	240	18	272	273	268	0.979	0.934
LOKIASV2_1604_ESMFold_hypothetical_protein	5zih-assembly1.cif.gz_A	5zih-assembly1.cif.gz_A Crystal structure of the red light-activated channelrhodopsin Chrimson.	5.161E-01	0.933	70	1	235	240	30	254	278	251	0.979	0.809
LOKIASV2_1604_ESMFold_hypothetical_protein	7vvk-assembly1.cif.gz_R	7vvk-assembly1.cif.gz_R PTH-bound human PTH1R in complex with Gs (class1)	3.293E-01	0.933	70	2	239	240	77	330	334	266	0.992	0.760
LOKIASV2_1604_ESMFold_hypothetical_protein	6me8-assembly2.cif.gz_B	6me8-assembly2.cif.gz_B XFEL crystal structure of human melatonin receptor MT2 (N86D) in complex with 2-phenylmelatonin	4.718E-01	0.933	70	1	239	240	112	392	394	286	0.996	0.713
LOKIASV2_1604_ESMFold_hypothetical_protein	7mtr-assembly1.cif.gz_A	7mtr-assembly1.cif.gz_A CryoEM Structure of Full-Length mGlu2 Bound to Ago-PAM ADX55164 and Glutamate	5.906E-01	0.933	70	2	230	240	518	756	764	254	0.954	0.313
LOKIASV2_1604_ESMFold_hypothetical_protein	1c3w-assembly1.cif.gz_A	1c3w-assembly1.cif.gz_A BACTERIORHODOPSIN/LIPID COMPLEX AT 1.55 A RESOLUTION	4.123E-01	0.923	69	1	231	240	1	220	222	243	0.962	0.991
LOKIASV2_1604_ESMFold_hypothetical_protein	4hyj-assembly2.cif.gz_B	4hyj-assembly2.cif.gz_B Crystal structure of Exiguobacterium sibiricum rhodopsin	2.515E-01	0.923	69	6	235	240	3	216	224	237	0.958	0.955
LOKIASV2_1604_ESMFold_hypothetical_protein	5j7a-assembly1.cif.gz_A	5j7a-assembly1.cif.gz_A Bacteriorhodopsin ground state structure obtained with Serial Femtosecond Crystallography	5.398E-01	0.923	69	1	231	240	1	222	224	246	0.962	0.991
LOKIASV2_1604_ESMFold_hypothetical_protein	3vhz-assembly1.cif.gz_A	3vhz-assembly1.cif.gz_A Crystal structure of the trans isomer of the L93A mutant of bacteriorhodopsin	3.942E-01	0.923	69	1	231	240	1	225	228	251	0.962	0.987
LOKIASV2_1604_ESMFold_hypothetical_protein	8hmp-assembly1.cif.gz_R	8hmp-assembly1.cif.gz_R GPR52 with Gs and c17	2.009E-01	0.923	69	4	231	240	18	284	285	277	0.950	0.937
LOKIASV2_1604_ESMFold_hypothetical_protein	8w8a-assembly1.cif.gz_R	8w8a-assembly1.cif.gz_R Cryo-EM structure of the RO5256390-TAAR1 complex	7.393E-01	0.923	69	4	237	240	8	286	287	286	0.975	0.972
LOKIASV2_1604_ESMFold_hypothetical_protein	7wic-assembly1.cif.gz_R	7wic-assembly1.cif.gz_R Cryo-EM structure of the SS-14-bound human SSTR2-Gi1 complex	3.942E-01	0.923	69	4	240	240	3	288	288	300	0.988	0.993
LOKIASV2_1604_ESMFold_hypothetical_protein	6uun-assembly1.cif.gz_R	6uun-assembly1.cif.gz_R CryoEM Structure of the active Adrenomedullin 1 receptor G protein complex with adrenomedullin peptide	6.758E-01	0.923	69	3	239	240	106	351	354	265	0.988	0.695
LOKIASV2_1604_ESMFold_hypothetical_protein	7s8m-assembly1.cif.gz_R	7s8m-assembly1.cif.gz_R CryoEM structure of Gi-coupled MRGPRX2 with peptide agonist Cortistatin-14	3.445E-01	0.912	68	3	223	240	1	242	253	255	0.921	0.957
LOKIASV2_1604_ESMFold_hypothetical_protein	7v9m-assembly1.cif.gz_R	7v9m-assembly1.cif.gz_R Cryo-EM structure of the GHRH-bound human GHRHR splice variant 1 complex	2.405E-01	0.912	68	2	240	240	9	265	265	274	0.996	0.970
LOKIASV2_1604_ESMFold_hypothetical_protein	6rf3-assembly1.cif.gz_B	6rf3-assembly1.cif.gz_B Crystal structure of the potassium-pumping G263F mutant of the light-driven sodium pump KR2 in the pentameric form, pH 8.0	2.878E-01	0.912	68	1	224	240	19	262	272	258	0.933	0.897
LOKIASV2_1604_ESMFold_hypothetical_protein	7c4s-assembly1.cif.gz_A	7c4s-assembly1.cif.gz_A Sphingosine-1-phosphate receptor 3 with a natural ligand.	8.849E-01	0.912	68	1	240	240	26	282	282	268	1.000	0.911
LOKIASV2_1604_ESMFold_hypothetical_protein	7wu4-assembly1.cif.gz_R	7wu4-assembly1.cif.gz_R Cryo-EM structure of the adhesion GPCR ADGRF1 in complex with miniGi	1.212E+00	0.912	68	11	237	240	22	285	286	273	0.946	0.923
LOKIASV2_1604_ESMFold_hypothetical_protein	4zud-assembly1.cif.gz_A	4zud-assembly1.cif.gz_A Crystal Structure of Human Angiotensin Receptor in Complex with Inverse Agonist Olmesartan at 2.8A resolution.	4.510E-01	0.912	68	1	224	240	118	366	376	262	0.933	0.662
LOKIASV2_1604_ESMFold_hypothetical_protein	7mtr-assembly1.cif.gz_B	7mtr-assembly1.cif.gz_B CryoEM Structure of Full-Length mGlu2 Bound to Ago-PAM ADX55164 and Glutamate	5.646E-01	0.912	68	2	230	240	515	751	760	264	0.954	0.312
LOKIASV2_1604_ESMFold_hypothetical_protein	4tl3-assembly1.cif.gz_B	4tl3-assembly1.cif.gz_B Mechanistic insights from the crystal structure of an inward proton-transporting Anabaena sensory rhodopsin mutant	3.445E-01	0.900	67	1	239	240	1	215	217	250	0.996	0.991
LOKIASV2_1604_ESMFold_hypothetical_protein	4md1-assembly1.cif.gz_A	4md1-assembly1.cif.gz_A Orange species of bacteriorhodopsin from Halobacterium salinarum	6.177E-01	0.900	67	1	231	240	1	219	224	242	0.962	0.978
LOKIASV2_1604_ESMFold_hypothetical_protein	1uaz-assembly1.cif.gz_B	1uaz-assembly1.cif.gz_B Crystal structure of archaerhodopsin-1	5.646E-01	0.900	67	8	231	240	15	235	236	253	0.933	0.936
LOKIASV2_1604_ESMFold_hypothetical_protein	8e3z-assembly1.cif.gz_R	8e3z-assembly1.cif.gz_R Cryo-EM structure of the VPAC1R-VIP-Gs complex	2.751E-01	0.900	67	4	239	240	114	368	372	267	0.983	0.685
LOKIASV2_1604_ESMFold_hypothetical_protein	6me6-assembly1.cif.gz_B	6me6-assembly1.cif.gz_B XFEL crystal structure of human melatonin receptor MT2 in complex with 2-phenylmelatonin	3.942E-01	0.900	67	1	239	240	112	388	394	286	0.996	0.703
LOKIASV2_1604_ESMFold_hypothetical_protein	8t07-assembly1.cif.gz_B	8t07-assembly1.cif.gz_B Structure of mouse Myomaker mutant-Y118A bound to Fab18G7	5.646E-01	0.887	66	4	222	240	3	190	199	228	0.913	0.945
LOKIASV2_1604_ESMFold_hypothetical_protein	4l35-assembly1.cif.gz_A	4l35-assembly1.cif.gz_A Crystal structure of cruxrhodopsin-3 at pH5 from Haloarcula vallismortis at 2.1 angstrom resolution	4.510E-01	0.887	66	8	233	240	7	235	244	243	0.942	0.939
LOKIASV2_1604_ESMFold_hypothetical_protein	8gtm-assembly1.cif.gz_A	8gtm-assembly1.cif.gz_A Corticotropin-releasing hormone receptor 1(CRF1R) bound with BMK-C203 by XFEL	8.088E-01	0.887	66	4	224	240	13	257	263	250	0.921	0.932
LOKIASV2_1604_ESMFold_hypothetical_protein	8jru-assembly1.cif.gz_R	8jru-assembly1.cif.gz_R Cryo-EM structure of the glucagon receptor bound to beta-arrestin 1 in ligand-free state	4.718E-01	0.887	66	2	239	240	4	238	267	255	0.992	0.880
LOKIASV2_1604_ESMFold_hypothetical_protein	7sr8-assembly1.cif.gz_R	7sr8-assembly1.cif.gz_R Molecular mechanism of the the wake-promoting agent TAK-925	3.010E-01	0.887	66	4	240	240	11	283	283	288	0.988	0.965
LOKIASV2_1604_ESMFold_hypothetical_protein	7ljd-assembly1.cif.gz_R	7ljd-assembly1.cif.gz_R Allosteric modulator LY3154207 binding to dopamine-bound dopamine receptor 1 in complex with miniGs protein	6.461E-01	0.887	66	5	239	240	10	282	285	287	0.979	0.958
LOKIASV2_1604_ESMFold_hypothetical_protein	3cod-assembly2.cif.gz_B	3cod-assembly2.cif.gz_B Crystal Structure of T90A/D115A mutant of Bacteriorhodopsin	8.088E-01	0.872	65	1	231	240	1	225	227	250	0.962	0.991
LOKIASV2_1604_ESMFold_hypothetical_protein	1s53-assembly2.cif.gz_B	1s53-assembly2.cif.gz_B Thr46Ser Bacteriorhodopsin	6.461E-01	0.872	65	1	231	240	1	225	227	249	0.962	0.991
LOKIASV2_1604_ESMFold_hypothetical_protein	8jmt-assembly1.cif.gz_A	8jmt-assembly1.cif.gz_A Structure of the adhesion GPCR ADGRL3 in the apo state	1.450E+00	0.872	65	6	238	240	2	228	234	244	0.971	0.970
LOKIASV2_1604_ESMFold_hypothetical_protein	6eig-assembly1.cif.gz_A-2	6eig-assembly1.cif.gz_A-2 Crystal structure of N24Q/C128T mutant of Channelrhodopsin 2	4.312E-01	0.872	65	1	238	240	20	242	249	252	0.992	0.896
LOKIASV2_1604_ESMFold_hypothetical_protein	8wc3-assembly1.cif.gz_R	8wc3-assembly1.cif.gz_R Cryo-EM structure of the SEP363856-bound mTAAR1-Gs complex	5.646E-01	0.872	65	2	224	240	1	255	265	263	0.929	0.962
LOKIASV2_1604_ESMFold_hypothetical_protein	8jlk-assembly1.cif.gz_R	8jlk-assembly1.cif.gz_R Ulotaront(SEP-363856)-bound mTAAR1-Gs protein complex	8.460E-01	0.872	65	4	220	240	7	258	268	262	0.904	0.940
LOKIASV2_1604_ESMFold_hypothetical_protein	4gpo-assembly1.cif.gz_A	4gpo-assembly1.cif.gz_A Oligomeic Turkey Beta1-Adrenergic G Protein-Coupled Receptor	8.088E-01	0.872	65	1	237	240	1	278	279	285	0.988	0.996
LOKIASV2_1604_ESMFold_hypothetical_protein	6pb0-assembly1.cif.gz_R	6pb0-assembly1.cif.gz_R Cryo-EM structure of Urocortin 1-bound Corticotropin-releasing factor 1 receptor in complex with Gs protein and Nb35	3.293E-01	0.872	65	2	239	240	8	273	281	285	0.992	0.947
LOKIASV2_1604_ESMFold_hypothetical_protein	5a45-assembly1.cif.gz_A	5a45-assembly1.cif.gz_A Structure of Bacteriorhodopsin obtained from 5um crystals by multi crystal data collection	6.461E-01	0.855	64	2	231	240	1	215	217	242	0.958	0.991
LOKIASV2_1604_ESMFold_hypothetical_protein	3han-assembly1.cif.gz_A	3han-assembly1.cif.gz_A Crystal structure of bacteriorhodopsin mutant V49A crystallized from bicelles	7.393E-01	0.855	64	2	231	240	1	224	225	251	0.958	0.996
LOKIASV2_1604_ESMFold_hypothetical_protein	3haq-assembly1.cif.gz_A	3haq-assembly1.cif.gz_A Crystal structure of bacteriorhodopsin mutant I148A crystallized from bicelles	8.088E-01	0.855	64	1	231	240	1	224	226	251	0.962	0.991
LOKIASV2_1604_ESMFold_hypothetical_protein	3ddl-assembly2.cif.gz_B	3ddl-assembly2.cif.gz_B Crystallographic Structure of Xanthorhodopsin, a Light-Driven Ion Pump with Dual Chromophore	5.398E-01	0.855	64	1	230	240	5	246	250	266	0.958	0.968
LOKIASV2_1604_ESMFold_hypothetical_protein	7sf8-assembly1.cif.gz_A	7sf8-assembly1.cif.gz_A GPR56 (ADGRG1) 7TM domain bound to tethered agonist in complex with G protein heterotrimer	6.461E-01	0.855	64	1	227	240	13	254	257	259	0.946	0.942
LOKIASV2_1604_ESMFold_hypothetical_protein	7ljc-assembly1.cif.gz_R	7ljc-assembly1.cif.gz_R Allosteric modulator LY3154207 binding to SKF-81297-bound dopamine receptor 1 in complex with miniGs protein	1.013E+00	0.855	64	5	239	240	10	278	280	281	0.979	0.961
LOKIASV2_1604_ESMFold_hypothetical_protein	7yae-assembly1.cif.gz_E	7yae-assembly1.cif.gz_E Octreotide-bound SSTR2-Gi complex	3.293E-01	0.855	64	5	226	240	2	269	281	282	0.925	0.954
LOKIASV2_1604_ESMFold_hypothetical_protein	6wwz-assembly1.cif.gz_R	6wwz-assembly1.cif.gz_R Cryo-EM structure of the human chemokine receptor CCR6 in complex with CCL20 and a Go protein	7.393E-01	0.855	64	1	237	240	12	303	310	297	0.988	0.942
LOKIASV2_1604_ESMFold_hypothetical_protein	7ejx-assembly1.cif.gz_R	7ejx-assembly1.cif.gz_R Structure of the GPR88-Gi1 signaling complex bound to a synthetic ligand	3.148E-01	0.837	63	11	233	240	5	222	229	248	0.929	0.952
LOKIASV2_1604_ESMFold_hypothetical_protein	4k5y-assembly3.cif.gz_C	4k5y-assembly3.cif.gz_C Crystal structure of human corticotropin-releasing factor receptor 1 (CRF1R) in complex with the antagonist CP-376395	1.387E+00	0.837	63	2	235	240	1	247	248	256	0.975	0.996
LOKIASV2_1604_ESMFold_hypothetical_protein	7ytb-assembly1.cif.gz_A	7ytb-assembly1.cif.gz_A Crystal structure of Kin4B8	1.212E+00	0.837	63	1	238	240	5	247	252	261	0.992	0.964
LOKIASV2_1604_ESMFold_hypothetical_protein	4xto-assembly1.cif.gz_D	4xto-assembly1.cif.gz_D Crystal structure of the light-driven sodium pump KR2 in the pentameric red form, pH 5.6	5.161E-01	0.837	63	1	228	240	18	262	262	260	0.950	0.935
LOKIASV2_1604_ESMFold_hypothetical_protein	6n4b-assembly1.cif.gz_R	6n4b-assembly1.cif.gz_R Cannabinoid Receptor 1-G Protein Complex	4.123E-01	0.837	63	1	237	240	4	275	276	287	0.988	0.986
LOKIASV2_1604_ESMFold_hypothetical_protein	7zoy-assembly1.cif.gz_A	7zoy-assembly1.cif.gz_A Crystal structure of Synechocystis halorhodopsin (SyHR), SO4-bound form, ground state	1.013E+00	0.817	62	8	233	240	2	220	225	240	0.942	0.973
LOKIASV2_1604_ESMFold_hypothetical_protein	3ug9-assembly1.cif.gz_A-2	3ug9-assembly1.cif.gz_A-2 Crystal Structure of the Closed State of Channelrhodopsin	5.398E-01	0.817	62	1	237	240	36	256	280	255	0.988	0.789
LOKIASV2_1604_ESMFold_hypothetical_protein	6kpg-assembly1.cif.gz_R	6kpg-assembly1.cif.gz_R Cryo-EM structure of CB1-G protein complex	5.161E-01	0.817	62	1	239	240	7	282	285	284	0.996	0.968
LOKIASV2_1604_ESMFold_hypothetical_protein	6me7-assembly2.cif.gz_B	6me7-assembly2.cif.gz_B XFEL crystal structure of human melatonin receptor MT2 (H208A) in complex with 2-phenylmelatonin	8.088E-01	0.817	62	1	239	240	112	387	393	280	0.996	0.702
LOKIASV2_1604_ESMFold_hypothetical_protein	1jv6-assembly1.cif.gz_A	1jv6-assembly1.cif.gz_A BACTERIORHODOPSIN D85S/F219L DOUBLE MUTANT AT 2.00 ANGSTROM RESOLUTION	1.212E+00	0.795	61	9	231	240	2	207	208	235	0.929	0.990
LOKIASV2_1604_ESMFold_hypothetical_protein	5br2-assembly1.cif.gz_A-3	5br2-assembly1.cif.gz_A-3 Structure of bacteriorhodopsin crystallized from ND-MSP1	9.255E-01	0.795	61	2	231	240	1	214	216	248	0.958	0.991
LOKIASV2_1604_ESMFold_hypothetical_protein	8jh0-assembly1.cif.gz_B	8jh0-assembly1.cif.gz_B Crystal structure of the light-driven sodium pump IaNaR	5.906E-01	0.795	61	2	235	240	16	259	265	255	0.975	0.921
LOKIASV2_1604_ESMFold_hypothetical_protein	4ov0-assembly1.cif.gz_A	4ov0-assembly1.cif.gz_A Structure of Bacteriorhdopsin Transferred from Amphipol A8-35 to a Lipidic Mesophase	9.681E-01	0.772	60	8	228	240	3	214	214	234	0.921	0.991
LOKIASV2_1604_ESMFold_hypothetical_protein	1q5i-assembly2.cif.gz_B	1q5i-assembly2.cif.gz_B Crystal structure of bacteriorhodopsin mutant P186A crystallized from bicelles	1.013E+00	0.772	60	1	231	240	1	225	227	249	0.962	0.991
LOKIASV2_1604_ESMFold_hypothetical_protein	4xtn-assembly2.cif.gz_G	4xtn-assembly2.cif.gz_G Crystal structure of the light-driven sodium pump KR2 in the pentameric red form, pH 4.9	8.849E-01	0.772	60	1	225	240	18	264	270	260	0.938	0.915
LOKIASV2_1604_ESMFold_hypothetical_protein	7c4s-assembly2.cif.gz_B	7c4s-assembly2.cif.gz_B Sphingosine-1-phosphate receptor 3 with a natural ligand.	1.587E+00	0.772	60	1	234	240	26	276	280	270	0.975	0.896
LOKIASV2_1604_ESMFold_hypothetical_protein	8j19-assembly1.cif.gz_R	8j19-assembly1.cif.gz_R Cryo-EM structure of the LY237-bound GPR84 receptor-Gi complex	4.934E-01	0.772	60	1	220	240	10	267	283	275	0.917	0.912
LOKIASV2_1604_ESMFold_hypothetical_protein	1s8l-assembly1.cif.gz_A	1s8l-assembly1.cif.gz_A Anion-free form of the D85S mutant of bacteriorhodopsin from crystals grown in the presence of halide	9.681E-01	0.747	59	2	231	240	3	216	219	245	0.958	0.977
LOKIASV2_1604_ESMFold_hypothetical_protein	1pxs-assembly2.cif.gz_B	1pxs-assembly2.cif.gz_B Structure of Met56Ala mutant of Bacteriorhodopsin	1.450E+00	0.747	59	1	231	240	1	225	227	249	0.962	0.991
LOKIASV2_1604_ESMFold_hypothetical_protein	1tn0-assembly2.cif.gz_B	1tn0-assembly2.cif.gz_B Structure of bacterorhodopsin mutant A51P	1.326E+00	0.747	59	1	231	240	1	225	227	250	0.962	0.991
LOKIASV2_1604_ESMFold_hypothetical_protein	7zy3-assembly1.cif.gz_A	7zy3-assembly1.cif.gz_A Room temperature structure of Archaerhodopsin-3 obtained 110 ns after photoexcitation	8.849E-01	0.747	59	8	232	240	13	234	238	246	0.938	0.933
LOKIASV2_1604_ESMFold_hypothetical_protein	6nwd-assembly1.cif.gz_A-2	6nwd-assembly1.cif.gz_A-2 X-ray Crystallographic structure of Gloeobacter rhodopsin	1.013E+00	0.747	59	1	230	240	4	244	246	259	0.958	0.980
LOKIASV2_1604_ESMFold_hypothetical_protein	2wjk-assembly1.cif.gz_A	2wjk-assembly1.cif.gz_A Bacteriorhodopsin mutant E204D	1.212E+00	0.720	58	1	231	240	1	208	210	243	0.962	0.990
LOKIASV2_1604_ESMFold_hypothetical_protein	1pxr-assembly2.cif.gz_B	1pxr-assembly2.cif.gz_B Structure of Pro50Ala mutant of Bacteriorhodopsin	1.159E+00	0.720	58	2	231	240	1	224	226	248	0.958	0.991
LOKIASV2_1604_ESMFold_hypothetical_protein	3coc-assembly2.cif.gz_B	3coc-assembly2.cif.gz_B Crystal Structure of D115A mutant of Bacteriorhodopsin	1.159E+00	0.720	58	1	231	240	1	225	227	249	0.962	0.991
LOKIASV2_1604_ESMFold_hypothetical_protein	7z09-assembly1.cif.gz_A	7z09-assembly1.cif.gz_A Crystal structure of the ground state of bacteriorhodopsin at 1.05 Angstrom resolution	1.013E+00	0.720	58	1	231	240	1	224	229	247	0.962	0.978
LOKIASV2_1604_ESMFold_hypothetical_protein	1cwq-assembly1.cif.gz_A-3	1cwq-assembly1.cif.gz_A-3 M INTERMEDIATE STRUCTURE OF THE WILD TYPE BACTERIORHODOPSIN IN COMBINATION WITH THE GROUND STATE STRUCTURE	9.681E-01	0.720	58	2	231	240	5	228	238	250	0.958	0.941
LOKIASV2_1604_ESMFold_hypothetical_protein	7knu-assembly1.cif.gz_R	7knu-assembly1.cif.gz_R CryoEM structure of the CGRP receptor with bound CGRP peptide in a detergent micelle	2.487E+00	0.720	58	3	239	240	96	338	341	258	0.988	0.713
LOKIASV2_1604_ESMFold_hypothetical_protein	7v3z-assembly1.cif.gz_A	7v3z-assembly1.cif.gz_A Structure of cannabinoid receptor type 1(CB1)	7.393E-01	0.720	58	1	185	240	11	232	431	233	0.771	0.515
LOKIASV2_1604_ESMFold_hypothetical_protein	1x0i-assembly1.cif.gz_1	1x0i-assembly1.cif.gz_1 Crystal Structure of the Acid Blue Form of Bacteriorhodopsin	3.603E-01	0.692	57	8	231	240	2	211	215	251	0.933	0.977
LOKIASV2_1604_ESMFold_hypothetical_protein	1f4z-assembly1.cif.gz_A	1f4z-assembly1.cif.gz_A BACTERIORHODOPSIN-M PHOTOINTERMEDIATE STATE OF THE E204Q MUTANT AT 1.8 ANGSTROM RESOLUTION	9.681E-01	0.692	57	1	222	240	1	215	222	245	0.925	0.968
LOKIASV2_1604_ESMFold_hypothetical_protein	6wp8-assembly1.cif.gz_A	6wp8-assembly1.cif.gz_A Proton-pumping mutant of Mastigocladopsis repens rhodopsin chloride pump	8.088E-01	0.692	57	8	238	240	2	221	222	249	0.962	0.991
LOKIASV2_1604_ESMFold_hypothetical_protein	7yp7-assembly1.cif.gz_R	7yp7-assembly1.cif.gz_R apo-ADGRG2 coupled to Gs	8.088E-01	0.692	57	2	233	240	3	242	247	260	0.967	0.972
LOKIASV2_1604_ESMFold_hypothetical_protein	7y27-assembly1.cif.gz_E	7y27-assembly1.cif.gz_E Cryo-EM structure of the SST-14-bound SSTR2-miniGq-scFv16 complex	8.460E-01	0.692	57	4	237	240	3	273	274	282	0.975	0.989
LOKIASV2_1604_ESMFold_hypothetical_protein	7f8v-assembly1.cif.gz_R	7f8v-assembly1.cif.gz_R Cryo-EM structure of the cholecystokinin receptor CCKBR in complex with gastrin-17 and Gi	1.326E+00	0.692	57	4	240	240	3	275	275	290	0.988	0.993
LOKIASV2_1604_ESMFold_hypothetical_protein	6cso-assembly1.cif.gz_A-2	6cso-assembly1.cif.gz_A-2 Crystal structure of the designed light-gated anion channel iC++ at pH6.5	4.718E-01	0.692	57	1	237	240	36	258	282	259	0.988	0.791
LOKIASV2_1604_ESMFold_hypothetical_protein	5lwe-assembly2.cif.gz_B	5lwe-assembly2.cif.gz_B Crystal structure of the human CC chemokine receptor type 9 (CCR9) in complex with vercirnon	7.733E-01	0.692	57	1	237	240	9	274	285	278	0.988	0.933
LOKIASV2_1604_ESMFold_hypothetical_protein	8j1a-assembly1.cif.gz_R	8j1a-assembly1.cif.gz_R Cryo-EM structure of the GPR84 receptor-Gi complex with no ligand modeled	1.387E+00	0.692	57	1	237	240	5	278	291	287	0.988	0.942
LOKIASV2_1604_ESMFold_hypothetical_protein	3nsb-assembly1.cif.gz_A	3nsb-assembly1.cif.gz_A Structure of bacteriorhodopsin ground state before and after X-ray modification	1.736E+00	0.663	56	2	231	240	1	221	223	244	0.958	0.991
LOKIASV2_1604_ESMFold_hypothetical_protein	1s51-assembly2.cif.gz_B	1s51-assembly2.cif.gz_B Thr24Ser Bacteriorhodopsin	8.849E-01	0.663	56	1	231	240	1	225	227	252	0.962	0.991
LOKIASV2_1604_ESMFold_hypothetical_protein	8hoc-assembly1.cif.gz_R	8hoc-assembly1.cif.gz_R Cryo-EM structure of ligand histamine-bound Histamine H4 receptor Gi complex	8.088E-01	0.663	56	5	240	240	7	276	276	286	0.983	0.978
LOKIASV2_1604_ESMFold_hypothetical_protein	7x2d-assembly1.cif.gz_F	7x2d-assembly1.cif.gz_F Cryo-EM structure of the tavapadon-bound D1 dopamine receptor and mini-Gs complex	6.461E-01	0.663	56	5	239	240	11	278	280	295	0.979	0.957
LOKIASV2_1604_ESMFold_hypothetical_protein	6oij-assembly1.cif.gz_R	6oij-assembly1.cif.gz_R Muscarinic acetylcholine receptor 1-G11 protein complex	1.326E+00	0.663	56	4	233	240	3	274	293	279	0.958	0.928
LOKIASV2_1604_ESMFold_hypothetical_protein	4z35-assembly1.cif.gz_A	4z35-assembly1.cif.gz_A Crystal Structure of Human Lysophosphatidic Acid Receptor 1 in complex with ONO-9910539	3.293E-01	0.663	56	1	239	240	23	312	382	301	0.996	0.759
LOKIASV2_1604_ESMFold_hypothetical_protein	3har-assembly1.cif.gz_A	3har-assembly1.cif.gz_A Crystal structure of bacteriorhodopsin mutant I148V crystallized from bicelles	5.161E-01	0.632	55	2	231	240	1	224	226	269	0.958	0.991
LOKIASV2_1604_ESMFold_hypothetical_protein	1s54-assembly2.cif.gz_B	1s54-assembly2.cif.gz_B Thr24Ala Bacteriorhodopsin	1.587E+00	0.632	55	1	231	240	1	225	227	249	0.962	0.991
LOKIASV2_1604_ESMFold_hypothetical_protein	8tzs-assembly1.cif.gz_A	8tzs-assembly1.cif.gz_A Structure of human WLS	1.159E+00	0.632	55	9	221	240	233	472	480	254	0.887	0.500
LOKIASV2_1604_ESMFold_hypothetical_protein	3utw-assembly1.cif.gz_A	3utw-assembly1.cif.gz_A Crystal structure of bacteriorhodopsin mutant P50A/Y57F	5.906E-01	0.601	54	1	231	240	2	225	227	270	0.962	0.987
LOKIASV2_1604_ESMFold_hypothetical_protein	5a44-assembly1.cif.gz_A	5a44-assembly1.cif.gz_A Structure of Bacteriorhodopsin obtained from 20um crystals by multi crystal data collection	1.899E+00	0.569	53	2	228	240	1	207	209	238	0.946	0.990
LOKIASV2_1604_ESMFold_hypothetical_protein	3ddl-assembly1.cif.gz_A	3ddl-assembly1.cif.gz_A Crystallographic Structure of Xanthorhodopsin, a Light-Driven Ion Pump with Dual Chromophore	1.212E+00	0.569	53	1	238	240	6	245	252	264	0.992	0.952
LOKIASV2_1604_ESMFold_hypothetical_protein	6uo9-assembly1.cif.gz_B	6uo9-assembly1.cif.gz_B Human metabotropic GABA(B) receptor bound to agonist SKF97541 in its intermediate state 2	1.450E+00	0.569	53	1	231	240	426	685	690	291	0.962	0.377
LOKIASV2_1604_ESMFold_hypothetical_protein	8gw8-assembly1.cif.gz_R	8gw8-assembly1.cif.gz_R the human PTH1 receptor bound to an intracellular biased agonist	9.255E-01	0.537	52	10	239	240	3	216	220	247	0.958	0.973
LOKIASV2_1604_ESMFold_hypothetical_protein	8f7x-assembly1.cif.gz_R	8f7x-assembly1.cif.gz_R Gi bound nociceptin receptor in complex with nociceptin peptide	1.587E+00	0.537	52	4	237	240	9	284	285	292	0.975	0.968
LOKIASV2_1604_ESMFold_hypothetical_protein	7q35-assembly1.cif.gz_A	7q35-assembly1.cif.gz_A Crystal structure of the mutant bacteriorhodopsin pressurized with krypton	7.068E-01	0.505	51	8	231	240	3	223	225	258	0.933	0.982
LOKIASV2_1604_ESMFold_hypothetical_protein	1q5j-assembly2.cif.gz_B	1q5j-assembly2.cif.gz_B Crystal structure of bacteriorhodopsin mutant P91A crystallized from bicelles	1.517E+00	0.505	51	1	231	240	1	225	227	251	0.962	0.991
LOKIASV2_1604_ESMFold_hypothetical_protein	5u09-assembly1.cif.gz_A	5u09-assembly1.cif.gz_A High-resolution crystal structure of the human CB1 cannabinoid receptor	2.487E+00	0.505	51	6	167	240	22	202	478	185	0.675	0.379
LOKIASV2_1604_ESMFold_hypothetical_protein	1s52-assembly2.cif.gz_B	1s52-assembly2.cif.gz_B Thr24Val Bacteriorhodopsin	8.460E-01	0.473	50	1	231	240	1	225	227	270	0.962	0.991
LOKIASV2_1604_ESMFold_hypothetical_protein	3utx-assembly1.cif.gz_A	3utx-assembly1.cif.gz_A Crystal structure of bacteriorhodopsin mutant T46A	1.013E+00	0.473	50	1	231	240	1	225	227	269	0.962	0.991
LOKIASV2_1604_ESMFold_hypothetical_protein	6me9-assembly2.cif.gz_B	6me9-assembly2.cif.gz_B XFEL crystal structure of human melatonin receptor MT2 in complex with ramelteon	1.660E+00	0.473	50	1	239	240	112	389	395	283	0.996	0.704
LOKIASV2_1604_ESMFold_hypothetical_protein	5xra-assembly1.cif.gz_A	5xra-assembly1.cif.gz_A Crystal structure of the human CB1 in complex with agonist AM11542	1.816E+00	0.473	50	1	185	240	9	230	428	227	0.771	0.519
LOKIASV2_1604_ESMFold_hypothetical_protein	7ca3-assembly1.cif.gz_A	7ca3-assembly1.cif.gz_A Cryo-EM structure of human GABA(B) receptor bound to the positive allosteric modulator rac-BHFF	2.977E+00	0.473	50	9	234	240	412	668	669	268	0.942	0.384
LOKIASV2_1604_ESMFold_hypothetical_protein	7d77-assembly1.cif.gz_R	7d77-assembly1.cif.gz_R Cryo-EM structure of the cortisol-bound adhesion receptor GPR97-Go complex	4.879E+00	0.442	49	4	227	240	6	262	265	266	0.933	0.970
LOKIASV2_1604_ESMFold_hypothetical_protein	7eja-assembly1.cif.gz_R	7eja-assembly1.cif.gz_R Structure of the alpha2A-adrenergic receptor GoA signaling complex bound to dexmedetomidine	3.406E+00	0.442	49	3	240	240	4	269	269	278	0.992	0.989
LOKIASV2_1604_ESMFold_hypothetical_protein	6li2-assembly1.cif.gz_A	6li2-assembly1.cif.gz_A Crystal structure of GPR52 ligand free form with rubredoxin fusion	4.264E+00	0.442	49	2	239	240	19	344	347	333	0.992	0.939
LOKIASV2_1604_ESMFold_hypothetical_protein	6knm-assembly1.cif.gz_B	6knm-assembly1.cif.gz_B Apelin receptor in complex with single domain antibody	2.273E+00	0.442	49	1	239	240	8	347	351	344	0.996	0.969
LOKIASV2_1604_ESMFold_hypothetical_protein	7b03-assembly1.cif.gz_A	7b03-assembly1.cif.gz_A Cryo-EM structure of the green-light absorbing proteorhodopsin	2.721E+00	0.411	48	2	230	240	3	216	217	240	0.954	0.986
LOKIASV2_1604_ESMFold_hypothetical_protein	6k6k-assembly1.cif.gz_A	6k6k-assembly1.cif.gz_A The crystal structure of light-driven cyanobacterial chloride importer (N63A/P118A) Mastigocladopsis repens	2.378E+00	0.411	48	8	240	240	2	219	219	244	0.971	0.995
LOKIASV2_1604_ESMFold_hypothetical_protein	8j80-assembly1.cif.gz_B	8j80-assembly1.cif.gz_B Cryo-EM structure of hZnT7-Fab complex in zinc state 1, determined in heterogeneous conformations- one subunit in an inward-facing zinc-bound and the other in an outward-facing zinc-unbound conformation	3.603E-01	0.411	48	1	235	240	9	201	288	242	0.979	0.670
LOKIASV2_1604_ESMFold_hypothetical_protein	4u15-assembly2.cif.gz_B	4u15-assembly2.cif.gz_B M3-mT4L receptor bound to tiotropium	1.450E+00	0.411	48	6	240	240	10	392	392	385	0.979	0.977
LOKIASV2_1604_ESMFold_hypothetical_protein	6xl3-assembly1.cif.gz_A	6xl3-assembly1.cif.gz_A Mastigocladopsis repens rhodopsin chloride pump	3.113E+00	0.382	47	8	231	240	2	221	223	244	0.933	0.987
LOKIASV2_1604_ESMFold_hypothetical_protein	7w74-assembly2.cif.gz_B	7w74-assembly2.cif.gz_B Crystal structure of DTG rhodopsin from Pseudomonas putida	2.378E+00	0.382	47	8	237	240	2	223	226	243	0.958	0.982
LOKIASV2_1604_ESMFold_hypothetical_protein	8dzs-assembly1.cif.gz_A	8dzs-assembly1.cif.gz_A GR89,696 bound Kappa Opioid Receptor in complex with Gz	1.387E+00	0.382	47	4	231	240	9	269	270	275	0.950	0.967
LOKIASV2_1604_ESMFold_hypothetical_protein	7yxa-assembly2.cif.gz_B	7yxa-assembly2.cif.gz_B XFEL crystal structure of the human sphingosine 1 phosphate receptor 5 in complex with ONO-5430608	1.268E+00	0.382	47	1	237	240	25	291	373	282	0.988	0.716
LOKIASV2_1604_ESMFold_hypothetical_protein	6lry-assembly1.cif.gz_A	6lry-assembly1.cif.gz_A Crystal structure of human endothelin ETB receptor in complex with sarafotoxin S6b	4.879E+00	0.382	47	1	124	240	12	146	468	136	0.517	0.288
LOKIASV2_1604_ESMFold_hypothetical_protein	6yxf-assembly1.cif.gz_A	6yxf-assembly1.cif.gz_A Cryogenic human adiponectin receptor 2 (ADIPOR2) with Gd-DO3 ligand determined by Serial Crystallography (SSX) using CrystalDirect	1.660E+00	0.353	46	4	234	240	54	275	283	258	0.962	0.784
LOKIASV2_1604_ESMFold_hypothetical_protein	6ps6-assembly1.cif.gz_A	6ps6-assembly1.cif.gz_A XFEL beta2 AR structure by ligand exchange from Timolol to Timolol.	4.460E+00	0.353	46	1	165	240	2	197	443	197	0.688	0.442
LOKIASV2_1604_ESMFold_hypothetical_protein	5v56-assembly1.cif.gz_B	5v56-assembly1.cif.gz_B 2.9A XFEL structure of the multi-domain human smoothened receptor (with E194M mutation) in complex with TC114	1.268E+00	0.353	46	1	185	240	165	402	634	249	0.771	0.375
LOKIASV2_1604_ESMFold_hypothetical_protein	6sqg-assembly1.cif.gz_C	6sqg-assembly1.cif.gz_C Crystal structure of viral rhodopsin OLPVRII	3.563E+00	0.326	45	7	227	240	2	206	209	229	0.921	0.981
LOKIASV2_1604_ESMFold_hypothetical_protein	1s8j-assembly1.cif.gz_A	1s8j-assembly1.cif.gz_A Nitrate-bound D85S mutant of bacteriorhodopsin	1.326E+00	0.326	45	8	231	240	6	213	216	247	0.933	0.963
LOKIASV2_1604_ESMFold_hypothetical_protein	8kgk-assembly1.cif.gz_A	8kgk-assembly1.cif.gz_A Cryo-EM structure of the GPR61-Gs complex	1.450E+00	0.326	45	5	238	240	7	255	256	275	0.975	0.973
LOKIASV2_1604_ESMFold_hypothetical_protein	2xra-assembly1.cif.gz_A	2xra-assembly1.cif.gz_A crystal structure of the HK20 Fab in complex with a gp41 mimetic 5- Helix	9.255E-01	0.301	44	3	238	240	8	196	203	242	0.983	0.931
LOKIASV2_1604_ESMFold_hypothetical_protein	1fbk-assembly1.cif.gz_A	1fbk-assembly1.cif.gz_A CRYSTAL STRUCTURE OF CYTOPLASMICALLY OPEN CONFORMATION OF BACTERIORHODOPSIN	1.816E+00	0.301	44	8	226	240	5	219	225	250	0.913	0.956
LOKIASV2_1604_ESMFold_hypothetical_protein	7yxa-assembly1.cif.gz_A	7yxa-assembly1.cif.gz_A XFEL crystal structure of the human sphingosine 1 phosphate receptor 5 in complex with ONO-5430608	3.563E+00	0.301	44	1	234	240	31	295	375	275	0.975	0.707
LOKIASV2_1604_ESMFold_hypothetical_protein	7fee-assembly1.cif.gz_A	7fee-assembly1.cif.gz_A Crystal Structure of protein l	2.977E+00	0.301	44	1	166	240	16	204	486	199	0.692	0.389
LOKIASV2_1604_ESMFold_hypothetical_protein	3hao-assembly2.cif.gz_B	3hao-assembly2.cif.gz_B Crystal structure of bacteriorhodopsin mutant L94A crystallized from bicelles	1.660E+00	0.277	43	1	231	240	1	224	226	271	0.962	0.991
LOKIASV2_1604_ESMFold_hypothetical_protein	7zly-assembly1.cif.gz_A	7zly-assembly1.cif.gz_A Crystal structure of human GPCR Niacin receptor (HCA2) expressed from Spodoptera frugiperda	1.013E+00	0.277	43	4	239	240	23	391	394	381	0.983	0.937
LOKIASV2_1604_ESMFold_hypothetical_protein	6kpc-assembly1.cif.gz_A	6kpc-assembly1.cif.gz_A Crystal structure of an agonist bound GPCR	7.311E+00	0.277	43	1	175	240	11	210	445	204	0.729	0.449
LOKIASV2_1604_ESMFold_hypothetical_protein	6d35-assembly1.cif.gz_A	6d35-assembly1.cif.gz_A Crystal structure of Xenopus Smoothened in complex with cholesterol	1.587E+00	0.277	43	1	239	240	161	478	581	326	0.996	0.547
LOKIASV2_1604_ESMFold_hypothetical_protein	8j7v-assembly1.cif.gz_B	8j7v-assembly1.cif.gz_B Cryo-EM structure of hZnT7-Fab complex in zinc-unbound state, determined in heterogeneous conformations- one subunit in an inward-facing and the other in an outward-facing conformation	7.393E-01	0.254	42	13	237	240	18	211	280	232	0.938	0.693
LOKIASV2_1604_ESMFold_hypothetical_protein	7d7q-assembly1.cif.gz_B	7d7q-assembly1.cif.gz_B Crystal structure of the transmembrane domain and linker region of Salpingoeca rosetta rhodopsin phosphodiesterase	5.103E+00	0.254	42	1	239	240	43	281	310	263	0.996	0.771
LOKIASV2_1604_ESMFold_hypothetical_protein	6w25-assembly1.cif.gz_A	6w25-assembly1.cif.gz_A Crystal structure of the Melanocortin-4 Receptor (MC4R) in complex with SHU9119	5.583E+00	0.254	42	1	160	240	2	167	468	174	0.667	0.355
LOKIASV2_1604_ESMFold_hypothetical_protein	6kqi-assembly1.cif.gz_A	6kqi-assembly1.cif.gz_A Structure of an allosteric modulator bound to the CB1 cannabinoid receptor	2.378E+00	0.254	42	1	182	240	12	223	473	224	0.758	0.448
LOKIASV2_1604_ESMFold_hypothetical_protein	1kg8-assembly1.cif.gz_A	1kg8-assembly1.cif.gz_A X-ray structure of an early-M intermediate of bacteriorhodopsin	1.268E+00	0.233	41	1	231	240	1	214	216	268	0.962	0.991
LOKIASV2_1604_ESMFold_hypothetical_protein	8dyp-assembly1.cif.gz_A	8dyp-assembly1.cif.gz_A Crystal structure of human cystine transporter cystinosin	8.460E-01	0.233	41	1	224	240	90	322	326	251	0.933	0.715
LOKIASV2_1604_ESMFold_hypothetical_protein	5xjm-assembly1.cif.gz_A	5xjm-assembly1.cif.gz_A Complex structure of angiotensin II type 2 receptor with Fab	2.721E+00	0.233	41	1	237	240	6	315	375	316	0.988	0.827
LOKIASV2_1604_ESMFold_hypothetical_protein	5zk3-assembly1.cif.gz_A	5zk3-assembly1.cif.gz_A Crystal structure of rationally thermostabilized M2 muscarinic acetylcholine receptor bound with QNB	2.721E+00	0.233	41	6	240	240	11	378	380	373	0.979	0.968
LOKIASV2_1604_ESMFold_hypothetical_protein	5xr8-assembly1.cif.gz_A	5xr8-assembly1.cif.gz_A Crystal structure of the human CB1 in complex with agonist AM841	2.977E+00	0.233	41	1	185	240	11	232	431	232	0.771	0.515
LOKIASV2_1604_ESMFold_hypothetical_protein	6fj3-assembly1.cif.gz_A	6fj3-assembly1.cif.gz_A High resolution crystal structure of parathyroid hormone 1 receptor in complex with a peptide agonist.	6.389E+00	0.233	41	1	162	240	105	275	562	177	0.675	0.304
LOKIASV2_1604_ESMFold_hypothetical_protein	5cth-assembly1.cif.gz_B	5cth-assembly1.cif.gz_B The 3.7 A resolution structure of a eukaryotic SWEET transporter	1.987E+00	0.214	40	7	237	240	2	214	215	245	0.962	0.991
LOKIASV2_1604_ESMFold_hypothetical_protein	7tut-assembly1.cif.gz_6	7tut-assembly1.cif.gz_6 Structure of the rabbit 80S ribosome stalled on a 4-TMD Rhodopsin intermediate in complex with the multipass translocon	8.460E-01	0.214	40	8	227	240	2	221	224	235	0.917	0.982
LOKIASV2_1604_ESMFold_hypothetical_protein	4kly-assembly1.cif.gz_A	4kly-assembly1.cif.gz_A Crystal structure of a blue-light absorbing proteorhodopsin mutant D97N from HOT75	5.840E+00	0.179	38	8	230	240	9	223	228	240	0.929	0.943
LOKIASV2_1604_ESMFold_hypothetical_protein	8f6k-assembly1.cif.gz_D	8f6k-assembly1.cif.gz_D Cryo-EM structure of a Zinc-loaded H263A/D287A mutant of the YiiP-Fab complex	1.212E+00	0.179	38	3	239	240	1	203	287	253	0.988	0.707
LOKIASV2_1604_ESMFold_hypothetical_protein	7w0n-assembly1.cif.gz_Q	7w0n-assembly1.cif.gz_Q Cryo-EM structure of a dimeric GPCR-Gi complex with peptide	4.077E+00	0.179	38	3	237	240	1	293	297	300	0.979	0.987
LOKIASV2_1604_ESMFold_hypothetical_protein	3o43-assembly1.cif.gz_A	3o43-assembly1.cif.gz_A Complex of an alpha/beta-peptide based on the gp41 CHR domain bound to gp41-5	1.816E+00	0.164	37	3	238	240	5	192	198	243	0.983	0.949
LOKIASV2_1604_ESMFold_hypothetical_protein	8j7t-assembly1.cif.gz_B	8j7t-assembly1.cif.gz_B Cryo-EM structure of hZnT7-Fab complex in zinc-unbound state, determined in outward-facing conformation	1.450E+00	0.164	37	11	235	240	16	199	286	225	0.938	0.643
LOKIASV2_1604_ESMFold_hypothetical_protein	6wgt-assembly3.cif.gz_C	6wgt-assembly3.cif.gz_C Crystal structure of HTR2A with hallucinogenic agonist	3.563E+00	0.164	37	2	237	240	7	373	376	384	0.983	0.976
LOKIASV2_1604_ESMFold_hypothetical_protein	6igl-assembly1.cif.gz_A	6igl-assembly1.cif.gz_A Crystal Structure of human ETB receptor in complex with IRL1620	3.563E+00	0.164	37	1	237	240	11	333	469	340	0.988	0.689
LOKIASV2_1604_ESMFold_hypothetical_protein	8j7w-assembly1.cif.gz_B	8j7w-assembly1.cif.gz_B Cryo-EM structure of hZnT7-Fab complex in zinc state 2, determined in heterogeneous conformations- one subunit in an inward-facing zinc-bound and the other in an outward-facing zinc-bound conformation	1.816E+00	0.150	36	11	235	240	16	190	277	229	0.938	0.632
LOKIASV2_1604_ESMFold_hypothetical_protein	6me9-assembly1.cif.gz_A	6me9-assembly1.cif.gz_A XFEL crystal structure of human melatonin receptor MT2 in complex with ramelteon	6.682E+00	0.150	36	1	239	240	112	442	448	342	0.996	0.739
LOKIASV2_1604_ESMFold_hypothetical_protein	4jq6-assembly1.cif.gz_C-2	4jq6-assembly1.cif.gz_C-2 Crystal structure of blue light-absorbing proteorhodopsin from Med12 at 2.3 Angstrom	5.338E+00	0.138	35	8	230	240	3	198	199	237	0.929	0.985
LOKIASV2_1604_ESMFold_hypothetical_protein	4jq6-assembly1.cif.gz_B-2	4jq6-assembly1.cif.gz_B-2 Crystal structure of blue light-absorbing proteorhodopsin from Med12 at 2.3 Angstrom	4.077E+00	0.138	35	8	240	240	3	203	203	244	0.971	0.990
LOKIASV2_1604_ESMFold_hypothetical_protein	8j80-assembly1.cif.gz_A	8j80-assembly1.cif.gz_A Cryo-EM structure of hZnT7-Fab complex in zinc state 1, determined in heterogeneous conformations- one subunit in an inward-facing zinc-bound and the other in an outward-facing zinc-unbound conformation	1.816E+00	0.138	35	12	235	240	17	203	290	237	0.933	0.645
LOKIASV2_1604_ESMFold_hypothetical_protein	6xpd-assembly1.cif.gz_A	6xpd-assembly1.cif.gz_A Cryo-EM structure of human ZnT8 double mutant - D110N and D224N, determined in outward-facing conformation	3.113E+00	0.138	35	3	233	240	10	205	303	235	0.962	0.647
LOKIASV2_1604_ESMFold_hypothetical_protein	5zty-assembly1.cif.gz_A	5zty-assembly1.cif.gz_A Crystal structure of human G protein coupled receptor	7.998E+00	0.138	35	1	180	240	11	215	449	209	0.750	0.457
LOKIASV2_1604_ESMFold_hypothetical_protein	7oy2-assembly1.cif.gz_C	7oy2-assembly1.cif.gz_C High resolution structure of cytochrome bd-II oxidase from E. coli	9.255E-01	0.138	35	4	222	240	10	394	454	391	0.913	0.848
LOKIASV2_1604_ESMFold_hypothetical_protein	7k15-assembly1.cif.gz_A	7k15-assembly1.cif.gz_A Crystal structure of the Human Leukotriene B4 Receptor 1 in Complex with Selective Antagonist MK-D-046	4.665E+00	0.138	35	4	185	240	5	227	455	229	0.758	0.490
LOKIASV2_1604_ESMFold_hypothetical_protein	1dov-assembly1.cif.gz_A	1dov-assembly1.cif.gz_A CRYSTAL STRUCTURE OF THE ALPHA-CATENIN DIMERIZATION DOMAIN	2.721E+00	0.126	34	1	224	240	1	177	181	229	0.933	0.978
LOKIASV2_1604_ESMFold_hypothetical_protein	3ma9-assembly1.cif.gz_A	3ma9-assembly1.cif.gz_A Crystal structure of gp41 derived protein complexed with fab 8066	2.273E+00	0.126	34	3	238	240	9	191	197	245	0.983	0.929
LOKIASV2_1604_ESMFold_hypothetical_protein	6jo0-assembly1.cif.gz_A	6jo0-assembly1.cif.gz_A Crystal structure of the DTS-motif rhodopsin from Phaeocystis globosa virus 12T	9.152E+00	0.126	34	2	237	240	7	223	224	248	0.983	0.969
LOKIASV2_1604_ESMFold_hypothetical_protein	8j7v-assembly1.cif.gz_A	8j7v-assembly1.cif.gz_A Cryo-EM structure of hZnT7-Fab complex in zinc-unbound state, determined in heterogeneous conformations- one subunit in an inward-facing and the other in an outward-facing conformation	1.816E+00	0.126	34	11	231	240	16	199	286	224	0.921	0.643
LOKIASV2_1604_ESMFold_hypothetical_protein	5tzy-assembly1.cif.gz_A	5tzy-assembly1.cif.gz_A GPR40 in complex with AgoPAM AP8 and partial agonist MK-8666	2.378E+00	0.126	34	4	200	240	7	224	418	242	0.821	0.522
LOKIASV2_1604_ESMFold_hypothetical_protein	6me8-assembly1.cif.gz_A	6me8-assembly1.cif.gz_A XFEL crystal structure of human melatonin receptor MT2 (N86D) in complex with 2-phenylmelatonin	9.152E+00	0.126	34	1	239	240	112	446	449	348	0.996	0.746
LOKIASV2_1604_ESMFold_hypothetical_protein	5ezm-assembly1.cif.gz_A	5ezm-assembly1.cif.gz_A Crystal Structure of ArnT from Cupriavidus metallidurans in the apo state	2.601E+00	0.126	34	4	230	240	90	424	537	339	0.946	0.624
LOKIASV2_1604_ESMFold_hypothetical_protein	5l0f-assembly2.cif.gz_B	5l0f-assembly2.cif.gz_B Human metavinculin quadruple mutant (residues 959-1134)	6.989E+00	0.116	33	15	238	240	8	157	176	234	0.933	0.852
LOKIASV2_1604_ESMFold_hypothetical_protein	1c8s-assembly1.cif.gz_A	1c8s-assembly1.cif.gz_A BACTERIORHODOPSIN D96N LATE M STATE INTERMEDIATE	6.989E+00	0.116	33	1	221	240	1	190	196	236	0.921	0.969
LOKIASV2_1604_ESMFold_hypothetical_protein	8dkm-assembly1.cif.gz_P	8dkm-assembly1.cif.gz_P Cryo-EM structure of cystine-bound cystinosin in a lumen-open state	3.113E+00	0.116	33	1	223	240	97	328	334	251	0.929	0.695
LOKIASV2_1604_ESMFold_hypothetical_protein	6cm4-assembly1.cif.gz_A	6cm4-assembly1.cif.gz_A Structure of the D2 Dopamine Receptor Bound to the Atypical Antipsychotic Drug Risperidone	6.389E+00	0.116	33	2	237	240	1	300	423	310	0.983	0.709
LOKIASV2_1604_ESMFold_hypothetical_protein	5l0d-assembly1.cif.gz_A	5l0d-assembly1.cif.gz_A Human Metavinculin(residues 959-1130) in complex with PIP2	4.077E+00	0.106	32	54	238	240	8	156	168	195	0.771	0.887
LOKIASV2_1604_ESMFold_hypothetical_protein	7rkc-assembly1.cif.gz_A	7rkc-assembly1.cif.gz_A Computationally designed tunable C2 symmetric tandem repeat homodimer, D_3_633	2.273E+00	0.106	32	15	240	240	3	218	220	250	0.942	0.982
LOKIASV2_1604_ESMFold_hypothetical_protein	7aky-assembly1.cif.gz_A	7aky-assembly1.cif.gz_A Crystal structure of the viral rhodopsin OLPVR1 in P21212 space group	8.750E+00	0.106	32	8	235	240	3	213	222	233	0.950	0.950
LOKIASV2_1604_ESMFold_hypothetical_protein	8k3p-assembly1.cif.gz_B	8k3p-assembly1.cif.gz_B S. cerevisiae Chs1 in complex with polyoxin B	8.088E-01	0.106	32	37	238	240	366	578	660	235	0.842	0.323
LOKIASV2_1604_ESMFold_hypothetical_protein	7xs6-assembly1.cif.gz_A	7xs6-assembly1.cif.gz_A structure of a membrane-integrated glycosyltransferase with inhibitor	1.660E+00	0.106	32	26	226	240	372	571	729	222	0.837	0.274
LOKIASV2_1604_ESMFold_hypothetical_protein	4jq6-assembly1.cif.gz_A-2	4jq6-assembly1.cif.gz_A-2 Crystal structure of blue light-absorbing proteorhodopsin from Med12 at 2.3 Angstrom	4.264E+00	0.098	31	8	240	240	3	196	197	244	0.971	0.985
LOKIASV2_1604_ESMFold_hypothetical_protein	5vrf-assembly1.cif.gz_A	5vrf-assembly1.cif.gz_A CryoEM Structure of the Zinc Transporter YiiP from helical crystals	4.264E+00	0.098	31	1	240	240	1	199	282	246	1.000	0.706
LOKIASV2_1604_ESMFold_hypothetical_protein	3b96-assembly1.cif.gz_A-2	3b96-assembly1.cif.gz_A-2 Structural Basis for Substrate Fatty-Acyl Chain Specificity: Crystal Structure of Human Very-Long-Chain Acyl-CoA Dehydrogenase	3.113E+00	0.098	31	8	237	240	273	487	554	248	0.958	0.388
LOKIASV2_1604_ESMFold_hypothetical_protein	5l0j-assembly1.cif.gz_A	5l0j-assembly1.cif.gz_A Human vinculin R903Q, D907R, R910T mutant(residues 891-1066)	7.647E+00	0.090	30	54	235	240	9	148	165	188	0.758	0.848
LOKIASV2_1604_ESMFold_hypothetical_protein	5l0d-assembly2.cif.gz_D	5l0d-assembly2.cif.gz_D Human Metavinculin(residues 959-1130) in complex with PIP2	6.989E+00	0.090	30	51	237	240	4	150	166	197	0.779	0.886
LOKIASV2_1604_ESMFold_hypothetical_protein	7oye-assembly1.cif.gz_A	7oye-assembly1.cif.gz_A Crystal structure of the KDEL receptor bound to HDEL peptide at pH 7.0	2.721E+00	0.090	30	1	226	240	1	200	209	232	0.942	0.957
LOKIASV2_1604_ESMFold_hypothetical_protein	6vjm-assembly1.cif.gz_A	6vjm-assembly1.cif.gz_A Human metabotropic GABA(B) receptor in its apo state	8.365E+00	0.090	30	1	226	240	415	672	684	284	0.942	0.377
LOKIASV2_1604_ESMFold_hypothetical_protein	2yjk-assembly1.cif.gz_B	2yjk-assembly1.cif.gz_B Structure of Dps from MICROBACTERIUM ARBORESCENS in the high iron form	4.264E+00	0.082	29	1	129	240	5	151	152	155	0.538	0.967
LOKIASV2_1604_ESMFold_hypothetical_protein	8j7u-assembly1.cif.gz_B	8j7u-assembly1.cif.gz_B Cryo-EM structure of hZnT7-Fab complex in zinc-bound state, determined in outward-facing conformation	3.897E+00	0.076	28	12	237	240	17	217	286	242	0.942	0.703
LOKIASV2_1604_ESMFold_hypothetical_protein	8j7x-assembly1.cif.gz_B	8j7x-assembly1.cif.gz_B Cryo-EM structure of hZnT7DeltaHis-loop-Fab complex in zinc-unbound state, determined in outward-facing conformation	4.665E+00	0.076	28	11	227	240	16	205	287	226	0.904	0.662
LOKIASV2_1604_ESMFold_hypothetical_protein	4z9g-assembly3.cif.gz_C	4z9g-assembly3.cif.gz_C Crystal structure of human corticotropin-releasing factor receptor 1 (CRF1R) in complex with the antagonist CP-376395 in a hexagonal setting with translational non-crystallographic symmetry	3.726E+00	0.076	28	17	231	240	170	402	403	252	0.896	0.578
LOKIASV2_1604_ESMFold_hypothetical_protein	6o20-assembly1.cif.gz_A	6o20-assembly1.cif.gz_A Cryo-EM structure of TRPV5 with calmodulin bound	3.256E+00	0.076	28	5	221	240	363	577	627	233	0.904	0.343
LOKIASV2_1604_ESMFold_hypothetical_protein	6xr2-assembly2.cif.gz_F	6xr2-assembly2.cif.gz_F Computationally designed right-handed alpha/alpha homotrimeric toroid with 3 repeats per subunit	4.879E+00	0.069	27	11	234	240	2	163	165	224	0.933	0.982
LOKIASV2_1604_ESMFold_hypothetical_protein	3h2v-assembly3.cif.gz_C	3h2v-assembly3.cif.gz_C Human raver1 RRM1 domain in complex with human vinculin tail domain Vt	9.573E+00	0.069	27	77	236	240	32	157	167	171	0.667	0.754
LOKIASV2_1604_ESMFold_hypothetical_protein	8f6f-assembly1.cif.gz_B	8f6f-assembly1.cif.gz_B Cryo-EM structure of a Zinc-loaded D51A mutant of the YiiP-Fab complex	5.103E+00	0.069	27	10	237	240	4	191	278	230	0.950	0.676
LOKIASV2_1604_ESMFold_hypothetical_protein	8j7w-assembly1.cif.gz_A	8j7w-assembly1.cif.gz_A Cryo-EM structure of hZnT7-Fab complex in zinc state 2, determined in heterogeneous conformations- one subunit in an inward-facing zinc-bound and the other in an outward-facing zinc-bound conformation	4.264E+00	0.069	27	12	237	240	17	213	282	238	0.942	0.699
LOKIASV2_1604_ESMFold_hypothetical_protein	4ntj-assembly1.cif.gz_A	4ntj-assembly1.cif.gz_A Structure of the human P2Y12 receptor in complex with an antithrombotic drug	5.338E+00	0.069	27	4	237	240	16	283	369	301	0.975	0.726
LOKIASV2_1604_ESMFold_hypothetical_protein	6rx4-assembly1.cif.gz_A	6rx4-assembly1.cif.gz_A THE STRUCTURE OF BD OXIDASE FROM ESCHERICHIA COLI	2.601E+00	0.069	27	4	227	240	10	239	474	284	0.933	0.485
LOKIASV2_1604_ESMFold_hypothetical_protein	1cnt-assembly2.cif.gz_3	1cnt-assembly2.cif.gz_3 CILIARY NEUROTROPHIC FACTOR	8.750E+00	0.063	26	2	133	240	4	142	146	144	0.550	0.952
LOKIASV2_1604_ESMFold_hypothetical_protein	1qkr-assembly2.cif.gz_B	1qkr-assembly2.cif.gz_B Crystal structure of the vinculin tail and a pathway for activation	6.389E+00	0.063	26	54	235	240	20	165	180	196	0.758	0.811
LOKIASV2_1604_ESMFold_hypothetical_protein	4ons-assembly1.cif.gz_A	4ons-assembly1.cif.gz_A Structural and thermodynamic characterization of cadherin-beta-catenin-alpha-catenin complex formation	4.460E+00	0.063	26	1	226	240	25	229	230	245	0.942	0.891
LOKIASV2_1604_ESMFold_hypothetical_protein	5y04-assembly1.cif.gz_A	5y04-assembly1.cif.gz_A Crystal Structure of the complex between the vinculin D1 domain and alphaE-catenin	4.665E+00	0.063	26	12	236	240	44	238	239	243	0.938	0.816
LOKIASV2_1604_ESMFold_hypothetical_protein	4e18-assembly1.cif.gz_A	4e18-assembly1.cif.gz_A Alpha-E-catenin is an autoinhibited molecule that co-activates vinculin	5.103E+00	0.063	26	12	235	240	43	241	247	248	0.933	0.806
LOKIASV2_1604_ESMFold_hypothetical_protein	8j7y-assembly1.cif.gz_B	8j7y-assembly1.cif.gz_B Cryo-EM structure of hZnT7DeltaHis-loop-Fab complex in zinc-bound state, determined in outward-facing conformation	6.989E+00	0.063	26	5	240	240	4	214	280	259	0.983	0.754
LOKIASV2_1604_ESMFold_hypothetical_protein	7y5h-assembly1.cif.gz_A	7y5h-assembly1.cif.gz_A Cryo-EM structure of a eukaryotic ZnT8 at a low pH	9.152E+00	0.063	26	2	227	240	16	203	300	229	0.942	0.627
LOKIASV2_1604_ESMFold_hypothetical_protein	7a0g-assembly1.cif.gz_GGG	7a0g-assembly1.cif.gz_GGG Structure of the SmhB pore of the tripartite alpha-pore forming toxin, Smh, from Serratia marcescens.	2.721E+00	0.063	26	1	237	240	1	236	329	260	0.988	0.717
LOKIASV2_1604_ESMFold_hypothetical_protein	1dow-assembly1.cif.gz_A	1dow-assembly1.cif.gz_A CRYSTAL STRUCTURE OF A CHIMERA OF BETA-CATENIN AND ALPHA-CATENIN	5.583E+00	0.057	25	8	224	240	2	202	205	239	0.904	0.980
LOKIASV2_1604_ESMFold_hypothetical_protein	4dj9-assembly1.cif.gz_A	4dj9-assembly1.cif.gz_A Human vinculin head domain Vh1 (residues 1-258) in complex with the talin vinculin binding site 50 (VBS50, residues 2078-2099)	6.389E+00	0.057	25	12	235	240	38	237	243	248	0.933	0.823
LOKIASV2_1604_ESMFold_hypothetical_protein	7zkw-assembly2.cif.gz_B	7zkw-assembly2.cif.gz_B Crystal structure of cystinosin from Arabidopsis thaliana in complex with Cystine and sybody	7.998E+00	0.057	25	1	226	240	4	232	243	253	0.942	0.942
LOKIASV2_1604_ESMFold_hypothetical_protein	6rz7-assembly1.cif.gz_A	6rz7-assembly1.cif.gz_A Crystal structure of the human cysteinyl leukotriene receptor 2 in complex with ONO-2570366 (F222 space group)	9.573E+00	0.057	25	4	239	240	14	291	360	288	0.983	0.772
LOKIASV2_1604_ESMFold_hypothetical_protein	6vfk-assembly1.cif.gz_B	6vfk-assembly1.cif.gz_B De novo designed tetrahedral nanoparticle T33_dn10 displaying 4 copies of BG505-SOSIP trimer on the surface	6.989E+00	0.051	24	8	237	240	2	258	277	275	0.958	0.928
LOKIASV2_1604_ESMFold_hypothetical_protein	2wcd-assembly1.cif.gz_A	2wcd-assembly1.cif.gz_A Crystal structure of the assembled cytolysin A pore	4.264E+00	0.051	24	2	236	240	34	248	285	243	0.979	0.754
LOKIASV2_1604_ESMFold_hypothetical_protein	7mz5-assembly1.cif.gz_C	7mz5-assembly1.cif.gz_C Cryo-EM structure of RTX-bound full-length TRPV1 in C2 state	5.338E+00	0.051	24	12	222	240	197	402	431	244	0.879	0.478
LOKIASV2_1604_ESMFold_hypothetical_protein	7ose-assembly1.cif.gz_D	7ose-assembly1.cif.gz_D cytochrome bd-II type oxidase with bound aurachin D	4.665E+00	0.051	24	4	234	240	10	242	503	284	0.962	0.463
LOKIASV2_1604_ESMFold_hypothetical_protein	4tql-assembly1.cif.gz_A	4tql-assembly1.cif.gz_A Computationally designed three helix bundle	4.665E+00	0.045	23	1	237	240	15	214	229	244	0.988	0.873
LOKIASV2_1604_ESMFold_hypothetical_protein	6r1j-assembly1.cif.gz_D-2	6r1j-assembly1.cif.gz_D-2 Structure of the soluble AhlC triple head mutant of the tripartite alpha-pore forming toxin, AHL, from Aeromonas hydrophila.	4.879E+00	0.045	23	4	237	240	2	214	251	249	0.975	0.849
LOKIASV2_1604_ESMFold_hypothetical_protein	7buv-assembly4.cif.gz_G-2	7buv-assembly4.cif.gz_G-2 Eucommia ulmoides TPT3, crystal form 2	5.103E+00	0.045	23	1	235	240	1	205	326	260	0.979	0.629
LOKIASV2_1604_ESMFold_hypothetical_protein	7ose-assembly1.cif.gz_B	7ose-assembly1.cif.gz_B cytochrome bd-II type oxidase with bound aurachin D	6.389E+00	0.040	22	4	232	240	10	307	377	317	0.954	0.790
LOKIASV2_1604_ESMFold_hypothetical_protein	4z9g-assembly1.cif.gz_A	4z9g-assembly1.cif.gz_A Crystal structure of human corticotropin-releasing factor receptor 1 (CRF1R) in complex with the antagonist CP-376395 in a hexagonal setting with translational non-crystallographic symmetry	7.647E+00	0.040	22	40	237	240	204	417	421	232	0.825	0.508
LOKIASV2_1604_ESMFold_hypothetical_protein	5och-assembly2.cif.gz_D	5och-assembly2.cif.gz_D The crystal structure of human ABCB8 in an outward-facing state	6.108E+00	0.040	22	3	235	240	11	305	573	308	0.971	0.515
LOKIASV2_1604_ESMFold_hypothetical_protein	6w2r-assembly4.cif.gz_D	6w2r-assembly4.cif.gz_D Junction 19, DHR54-DHR79	7.998E+00	0.034	21	1	237	240	3	176	211	249	0.988	0.825
LOKIASV2_1604_ESMFold_hypothetical_protein	4p9t-assembly1.cif.gz_C	4p9t-assembly1.cif.gz_C Structure of the free form of the N-terminal VH1 domain of monomeric alpha-catenin	8.750E+00	0.034	21	3	224	240	8	228	231	255	0.925	0.957
LOKIASV2_1604_ESMFold_hypothetical_protein	7a0g-assembly1.cif.gz_JJJ	7a0g-assembly1.cif.gz_JJJ Structure of the SmhB pore of the tripartite alpha-pore forming toxin, Smh, from Serratia marcescens.	4.077E+00	0.034	21	1	239	240	1	230	320	272	0.996	0.719
LOKIASV2_1604_ESMFold_hypothetical_protein	6mhv-assembly1.cif.gz_B	6mhv-assembly1.cif.gz_B Structure of human TRPV3 in the presence of 2-APB in C4 symmetry	4.879E+00	0.034	21	2	236	240	321	573	613	283	0.979	0.413
LOKIASV2_1604_ESMFold_hypothetical_protein	6afu-assembly1.cif.gz_A	6afu-assembly1.cif.gz_A Proton pyrophosphatase-L555M mutant	6.989E+00	0.034	21	4	235	240	381	724	740	351	0.967	0.465
LOKIASV2_1604_ESMFold_hypothetical_protein	3axj-assembly1.cif.gz_B	3axj-assembly1.cif.gz_B High resolution crystal structure of C3PO	8.750E+00	0.029	20	2	234	240	23	239	240	260	0.971	0.904
LOKIASV2_1604_ESMFold_hypothetical_protein	2efl-assembly1.cif.gz_A-2	2efl-assembly1.cif.gz_A-2 Crystal structure of the EFC domain of formin-binding protein 17	8.750E+00	0.029	20	3	238	240	9	233	281	255	0.983	0.801
LOKIASV2_1604_ESMFold_hypothetical_protein	5oge-assembly3.cif.gz_H-2	5oge-assembly3.cif.gz_H-2 Crystal structure of a nucleotide sugar transporter	3.113E+00	0.029	20	1	236	240	62	251	299	248	0.983	0.635
LOKIASV2_1604_ESMFold_hypothetical_protein	4dvz-assembly1.cif.gz_A	4dvz-assembly1.cif.gz_A Crystal structure of the Helicobacter pylori CagA oncoprotein	9.152E+00	0.024	19	18	237	240	200	408	459	238	0.917	0.455
LOKIASV2_1604_ESMFold_hypothetical_protein	6uw9-assembly1.cif.gz_A	6uw9-assembly1.cif.gz_A Cryo-EM structure of the human TRPV3 K169A mutant in the presence of 2-APB, determined in lipid nanodisc	4.879E+00	0.024	19	1	228	240	321	546	582	261	0.950	0.388
LOKIASV2_1604_ESMFold_hypothetical_protein	4tql-assembly2.cif.gz_B	4tql-assembly2.cif.gz_B Computationally designed three helix bundle	9.573E+00	0.020	18	1	238	240	19	217	235	247	0.992	0.847
LOKIASV2_1604_ESMFold_hypothetical_protein	7a0g-assembly1.cif.gz_FFF	7a0g-assembly1.cif.gz_FFF Structure of the SmhB pore of the tripartite alpha-pore forming toxin, Smh, from Serratia marcescens.	6.389E+00	0.020	18	12	239	240	2	223	313	252	0.950	0.709
LOKIASV2_1604_ESMFold_hypothetical_protein	5k2d-assembly1.cif.gz_A	5k2d-assembly1.cif.gz_A 1.9A angstrom A2a adenosine receptor structure with MR phasing using XFEL data	7.647E+00	0.020	18	2	238	240	41	388	395	358	0.988	0.881
LOKIASV2_1604_ESMFold_hypothetical_protein	3zx6-assembly1.cif.gz_A	3zx6-assembly1.cif.gz_A Structure of Hamp(AF1503)-Tsr fusion - Hamp (A291V) mutant	7.998E+00	0.014	16	2	236	240	98	298	303	244	0.979	0.663
LOKIASV2_1604_ESMFold_hypothetical_protein	6gy7-assembly3.cif.gz_C	6gy7-assembly3.cif.gz_C Crystal structure of XaxB from Xenorhabdus nematophil	9.573E+00	0.014	16	17	238	240	6	239	316	259	0.925	0.741
LOKIASV2_1604_ESMFold_hypothetical_protein	7a0g-assembly1.cif.gz_DDD	7a0g-assembly1.cif.gz_DDD Structure of the SmhB pore of the tripartite alpha-pore forming toxin, Smh, from Serratia marcescens.	8.365E+00	0.014	16	19	239	240	5	228	318	251	0.921	0.704
LOKIASV2_1604_ESMFold_hypothetical_protein	MGYP000938567291.pdb.gz	MGYP000938567291.pdb.gz	1.537E-07	1.000	411	1	239	240	9	253	259	252	0.996	0.946
LOKIASV2_1604_ESMFold_hypothetical_protein	MGYP000156110659.pdb.gz	MGYP000156110659.pdb.gz	9.808E-08	1.000	389	5	237	240	13	261	270	255	0.971	0.922
LOKIASV2_1604_ESMFold_hypothetical_protein	MGYP000886302290.pdb.gz	MGYP000886302290.pdb.gz	1.061E-06	1.000	364	1	240	240	6	252	252	255	1.000	0.980
LOKIASV2_1604_ESMFold_hypothetical_protein	MGYP000666251252.pdb.gz	MGYP000666251252.pdb.gz	1.270E-06	1.000	345	1	237	240	39	288	289	255	0.988	0.865
LOKIASV2_1604_ESMFold_hypothetical_protein	MGYP000956212752.pdb.gz	MGYP000956212752.pdb.gz	8.013E-06	1.000	328	1	236	240	8	247	248	249	0.983	0.968
LOKIASV2_1604_ESMFold_hypothetical_protein	MGYP000094191992.pdb.gz	MGYP000094191992.pdb.gz	6.119E-06	1.000	324	1	240	240	38	292	292	262	1.000	0.873
LOKIASV2_1604_ESMFold_hypothetical_protein	MGYP000973169173.pdb.gz	MGYP000973169173.pdb.gz	9.590E-06	1.000	322	63	237	240	10	184	185	175	0.729	0.946
LOKIASV2_1604_ESMFold_hypothetical_protein	MGYP000400851912.pdb.gz	MGYP000400851912.pdb.gz	3.412E-06	1.000	316	4	239	240	15	261	268	253	0.983	0.922
LOKIASV2_1604_ESMFold_hypothetical_protein	MGYP001101556020.pdb.gz	MGYP001101556020.pdb.gz	8.766E-06	1.000	309	1	228	240	1	243	247	252	0.950	0.984
LOKIASV2_1604_ESMFold_hypothetical_protein	MGYP000058809553.pdb.gz	MGYP000058809553.pdb.gz	8.381E-06	1.000	282	1	235	240	1	234	365	249	0.979	0.641
LOKIASV2_1604_ESMFold_hypothetical_protein	MGYP000197391308.pdb.gz	MGYP000197391308.pdb.gz	3.374E-05	1.000	280	1	239	240	1	240	293	253	0.996	0.819
LOKIASV2_1604_ESMFold_hypothetical_protein	MGYP000070606496.pdb.gz	MGYP000070606496.pdb.gz	5.531E-05	1.000	274	2	236	240	52	304	305	254	0.979	0.830
LOKIASV2_1604_ESMFold_hypothetical_protein	MGYP001459890299.pdb.gz	MGYP001459890299.pdb.gz	3.050E-04	1.000	270	2	118	240	5	121	124	117	0.488	0.944
LOKIASV2_1604_ESMFold_hypothetical_protein	MGYP000703519525.pdb.gz	MGYP000703519525.pdb.gz	5.056E-05	1.000	262	5	226	240	7	222	238	230	0.925	0.908
LOKIASV2_1604_ESMFold_hypothetical_protein	MGYP000035217256.pdb.gz	MGYP000035217256.pdb.gz	1.037E-04	1.000	258	4	240	240	41	292	292	255	0.988	0.863
LOKIASV2_1604_ESMFold_hypothetical_protein	MGYP000524702648.pdb.gz	MGYP000524702648.pdb.gz	1.201E-05	1.000	258	4	240	240	39	295	295	261	0.988	0.871
LOKIASV2_1604_ESMFold_hypothetical_protein	MGYP000498170963.pdb.gz	MGYP000498170963.pdb.gz	2.035E-04	1.000	250	1	239	240	39	299	302	265	0.996	0.864
LOKIASV2_1604_ESMFold_hypothetical_protein	MGYP000548296269.pdb.gz	MGYP000548296269.pdb.gz	2.035E-04	1.000	245	1	237	240	1	249	250	255	0.988	0.996
LOKIASV2_1604_ESMFold_hypothetical_protein	MGYP001817775705.pdb.gz	MGYP001817775705.pdb.gz	2.129E-04	1.000	241	1	237	240	1	244	256	253	0.988	0.953
LOKIASV2_1604_ESMFold_hypothetical_protein	MGYP001818247324.pdb.gz	MGYP001818247324.pdb.gz	2.916E-04	1.000	236	1	238	240	1	242	245	252	0.992	0.988
LOKIASV2_1604_ESMFold_hypothetical_protein	MGYP001824761653.pdb.gz	MGYP001824761653.pdb.gz	5.469E-04	1.000	235	2	239	240	18	271	289	257	0.992	0.879
LOKIASV2_1604_ESMFold_hypothetical_protein	MGYP001228349164.pdb.gz	MGYP001228349164.pdb.gz	2.227E-04	1.000	234	1	238	240	1	246	254	256	0.992	0.969
LOKIASV2_1604_ESMFold_hypothetical_protein	MGYP001575214174.pdb.gz	MGYP001575214174.pdb.gz	9.919E-05	1.000	232	8	238	240	16	221	229	231	0.962	0.900
LOKIASV2_1604_ESMFold_hypothetical_protein	MGYP001135411729.pdb.gz	MGYP001135411729.pdb.gz	2.548E-04	1.000	227	1	238	240	4	236	237	253	0.992	0.983
LOKIASV2_1604_ESMFold_hypothetical_protein	MGYP000861594455.pdb.gz	MGYP000861594455.pdb.gz	2.329E-04	1.000	227	1	238	240	8	249	274	256	0.992	0.883
LOKIASV2_1604_ESMFold_hypothetical_protein	MGYP003488283463.pdb.gz	MGYP003488283463.pdb.gz	3.993E-04	1.000	227	2	236	240	46	287	299	254	0.979	0.809
LOKIASV2_1604_ESMFold_hypothetical_protein	MGYP001127056934.pdb.gz	MGYP001127056934.pdb.gz	6.258E-04	1.000	226	1	240	240	1	231	264	245	1.000	0.875
LOKIASV2_1604_ESMFold_hypothetical_protein	MGYP000203283586.pdb.gz	MGYP000203283586.pdb.gz	6.258E-04	1.000	225	1	236	240	4	234	238	249	0.983	0.971
LOKIASV2_1604_ESMFold_hypothetical_protein	MGYP003977884287.pdb.gz	MGYP003977884287.pdb.gz	6.258E-04	1.000	224	2	237	240	9	240	241	245	0.983	0.963
LOKIASV2_1604_ESMFold_hypothetical_protein	MGYP000424446597.pdb.gz	MGYP000424446597.pdb.gz	6.847E-04	1.000	224	8	232	240	11	245	368	245	0.938	0.639
LOKIASV2_1604_ESMFold_hypothetical_protein	MGYP003422937867.pdb.gz	MGYP003422937867.pdb.gz	1.405E-03	1.000	221	5	238	240	2	258	262	260	0.975	0.981
LOKIASV2_1604_ESMFold_hypothetical_protein	MGYP001612172283.pdb.gz	MGYP001612172283.pdb.gz	5.721E-04	1.000	220	1	227	240	6	213	217	237	0.946	0.959
LOKIASV2_1604_ESMFold_hypothetical_protein	MGYP001567221998.pdb.gz	MGYP001567221998.pdb.gz	3.337E-04	1.000	220	1	240	240	6	226	227	250	1.000	0.974
LOKIASV2_1604_ESMFold_hypothetical_protein	MGYP001102072405.pdb.gz	MGYP001102072405.pdb.gz	5.721E-04	1.000	220	1	237	240	3	242	243	255	0.988	0.988
LOKIASV2_1604_ESMFold_hypothetical_protein	MGYP000430348324.pdb.gz	MGYP000430348324.pdb.gz	8.965E-04	1.000	219	5	227	240	2	226	231	243	0.929	0.974
LOKIASV2_1604_ESMFold_hypothetical_protein	MGYP001126840228.pdb.gz	MGYP001126840228.pdb.gz	4.369E-04	1.000	217	3	238	240	2	232	237	256	0.983	0.975
LOKIASV2_1604_ESMFold_hypothetical_protein	MGYP001823554675.pdb.gz	MGYP001823554675.pdb.gz	7.161E-04	1.000	216	5	231	240	2	235	246	246	0.946	0.951
LOKIASV2_1604_ESMFold_hypothetical_protein	MGYP000029318280.pdb.gz	MGYP000029318280.pdb.gz	6.546E-04	1.000	215	1	234	240	1	284	285	287	0.975	0.996
LOKIASV2_1604_ESMFold_hypothetical_protein	MGYP001329912964.pdb.gz	MGYP001329912964.pdb.gz	9.808E-04	1.000	213	9	240	240	2	208	209	235	0.967	0.990
LOKIASV2_1604_ESMFold_hypothetical_protein	MGYP001560717532.pdb.gz	MGYP001560717532.pdb.gz	6.546E-04	1.000	212	1	237	240	7	229	230	247	0.988	0.970
LOKIASV2_1604_ESMFold_hypothetical_protein	MGYP000966268137.pdb.gz	MGYP000966268137.pdb.gz	4.369E-04	1.000	211	7	238	240	7	221	716	239	0.967	0.300
LOKIASV2_1604_ESMFold_hypothetical_protein	MGYP001596331738.pdb.gz	MGYP001596331738.pdb.gz	5.721E-04	1.000	210	1	236	240	8	236	238	255	0.983	0.962
LOKIASV2_1604_ESMFold_hypothetical_protein	MGYP000879403334.pdb.gz	MGYP000879403334.pdb.gz	3.490E-04	1.000	209	1	239	240	1	226	243	251	0.996	0.930
LOKIASV2_1604_ESMFold_hypothetical_protein	MGYP000495339179.pdb.gz	MGYP000495339179.pdb.gz	1.284E-03	1.000	208	1	227	240	7	213	216	234	0.946	0.958
LOKIASV2_1604_ESMFold_hypothetical_protein	MGYP001766342387.pdb.gz	MGYP001766342387.pdb.gz	2.329E-04	1.000	207	1	234	240	1	228	232	243	0.975	0.983
LOKIASV2_1604_ESMFold_hypothetical_protein	MGYP001090968205.pdb.gz	MGYP001090968205.pdb.gz	4.780E-04	1.000	205	1	237	240	3	239	240	257	0.988	0.988
LOKIASV2_1604_ESMFold_hypothetical_protein	MGYP001301699148.pdb.gz	MGYP001301699148.pdb.gz	1.537E-03	1.000	204	8	240	240	31	239	239	237	0.971	0.874
LOKIASV2_1604_ESMFold_hypothetical_protein	MGYP001223826074.pdb.gz	MGYP001223826074.pdb.gz	1.608E-03	1.000	204	2	236	240	8	257	266	256	0.979	0.940
LOKIASV2_1604_ESMFold_hypothetical_protein	MGYP000565993239.pdb.gz	MGYP000565993239.pdb.gz	1.924E-03	1.000	202	35	237	240	1	208	212	218	0.846	0.981
LOKIASV2_1604_ESMFold_hypothetical_protein	MGYP001144184229.pdb.gz	MGYP001144184229.pdb.gz	1.537E-03	1.000	202	8	238	240	25	251	369	240	0.962	0.615
LOKIASV2_1604_ESMFold_hypothetical_protein	MGYP001118924169.pdb.gz	MGYP001118924169.pdb.gz	9.808E-04	1.000	201	1	239	240	10	230	233	247	0.996	0.948
LOKIASV2_1604_ESMFold_hypothetical_protein	MGYP000471040865.pdb.gz	MGYP000471040865.pdb.gz	2.757E-03	1.000	200	3	237	240	7	228	238	246	0.979	0.933
LOKIASV2_1604_ESMFold_hypothetical_protein	MGYP002581169134.pdb.gz	MGYP002581169134.pdb.gz	1.924E-03	1.000	200	3	230	240	1	225	304	238	0.950	0.740
LOKIASV2_1604_ESMFold_hypothetical_protein	MGYP000303559097.pdb.gz	MGYP000303559097.pdb.gz	1.470E-03	1.000	200	4	233	240	13	242	378	253	0.958	0.608
LOKIASV2_1604_ESMFold_hypothetical_protein	MGYP000984459177.pdb.gz	MGYP000984459177.pdb.gz	1.840E-03	1.000	199	1	224	240	2	225	234	239	0.933	0.957
LOKIASV2_1604_ESMFold_hypothetical_protein	MGYP000285950602.pdb.gz	MGYP000285950602.pdb.gz	2.635E-03	1.000	197	4	227	240	2	205	208	226	0.933	0.981
LOKIASV2_1604_ESMFold_hypothetical_protein	MGYP001593920836.pdb.gz	MGYP001593920836.pdb.gz	1.840E-03	1.000	197	1	227	240	9	211	215	232	0.946	0.944
LOKIASV2_1604_ESMFold_hypothetical_protein	MGYP001073160382.pdb.gz	MGYP001073160382.pdb.gz	1.840E-03	1.000	197	5	226	240	10	237	243	243	0.925	0.938
LOKIASV2_1604_ESMFold_hypothetical_protein	MGYP003303250546.pdb.gz	MGYP003303250546.pdb.gz	3.451E-03	1.000	197	3	227	240	1	222	385	234	0.938	0.577
LOKIASV2_1604_ESMFold_hypothetical_protein	MGYP003559069915.pdb.gz	MGYP003559069915.pdb.gz	2.520E-03	1.000	196	5	238	240	2	233	266	244	0.975	0.872
LOKIASV2_1604_ESMFold_hypothetical_protein	MGYP003564635619.pdb.gz	MGYP003564635619.pdb.gz	8.965E-04	1.000	195	2	228	240	7	234	234	241	0.946	0.974
LOKIASV2_1604_ESMFold_hypothetical_protein	MGYP003361722646.pdb.gz	MGYP003361722646.pdb.gz	4.999E-04	1.000	195	1	227	240	39	268	270	240	0.946	0.852
LOKIASV2_1604_ESMFold_hypothetical_protein	MGYP001829210826.pdb.gz	MGYP001829210826.pdb.gz	1.840E-03	1.000	194	1	240	240	1	244	248	256	1.000	0.984
LOKIASV2_1604_ESMFold_hypothetical_protein	MGYP001420647838.pdb.gz	MGYP001420647838.pdb.gz	2.520E-03	1.000	194	11	239	240	2	230	439	238	0.954	0.522
LOKIASV2_1604_ESMFold_hypothetical_protein	MGYP001824472431.pdb.gz	MGYP001824472431.pdb.gz	3.451E-03	1.000	193	5	230	240	30	262	274	243	0.942	0.850
LOKIASV2_1604_ESMFold_hypothetical_protein	MGYP000129568062.pdb.gz	MGYP000129568062.pdb.gz	3.299E-03	1.000	192	3	230	240	2	225	226	238	0.950	0.991
LOKIASV2_1604_ESMFold_hypothetical_protein	MGYP001029784751.pdb.gz	MGYP001029784751.pdb.gz	3.949E-03	1.000	192	1	228	240	2	228	229	246	0.950	0.991
LOKIASV2_1604_ESMFold_hypothetical_protein	MGYP000244575163.pdb.gz	MGYP000244575163.pdb.gz	2.013E-03	1.000	190	3	230	240	1	233	319	238	0.950	0.730
LOKIASV2_1604_ESMFold_hypothetical_protein	MGYP001567333193.pdb.gz	MGYP001567333193.pdb.gz	1.924E-03	1.000	189	2	240	240	7	233	233	247	0.996	0.974
LOKIASV2_1604_ESMFold_hypothetical_protein	MGYP000706444102.pdb.gz	MGYP000706444102.pdb.gz	2.303E-03	1.000	189	1	238	240	17	251	326	246	0.992	0.721
LOKIASV2_1604_ESMFold_hypothetical_protein	MGYP001024006281.pdb.gz	MGYP001024006281.pdb.gz	8.865E-03	1.000	188	1	228	240	15	240	240	236	0.950	0.942
LOKIASV2_1604_ESMFold_hypothetical_protein	MGYP001113942504.pdb.gz	MGYP001113942504.pdb.gz	1.284E-03	1.000	188	1	237	240	6	242	243	258	0.988	0.975
LOKIASV2_1604_ESMFold_hypothetical_protein	MGYP000861902917.pdb.gz	MGYP000861902917.pdb.gz	7.835E-04	1.000	188	1	240	240	1	266	266	278	1.000	1.000
LOKIASV2_1604_ESMFold_hypothetical_protein	MGYP000129571168.pdb.gz	MGYP000129571168.pdb.gz	1.924E-03	1.000	188	8	233	240	11	247	372	251	0.942	0.637
LOKIASV2_1604_ESMFold_hypothetical_protein	MGYP001220317992.pdb.gz	MGYP001220317992.pdb.gz	1.682E-03	1.000	187	5	239	240	2	230	307	246	0.979	0.746
LOKIASV2_1604_ESMFold_hypothetical_protein	MGYP003405241600.pdb.gz	MGYP003405241600.pdb.gz	2.635E-03	1.000	187	2	238	240	21	240	309	242	0.988	0.712
LOKIASV2_1604_ESMFold_hypothetical_protein	MGYP003386630601.pdb.gz	MGYP003386630601.pdb.gz	1.405E-03	1.000	186	3	224	240	17	240	245	239	0.925	0.914
LOKIASV2_1604_ESMFold_hypothetical_protein	MGYP000882068575.pdb.gz	MGYP000882068575.pdb.gz	5.171E-03	1.000	186	6	224	240	27	244	250	227	0.913	0.872
LOKIASV2_1604_ESMFold_hypothetical_protein	MGYP000338942989.pdb.gz	MGYP000338942989.pdb.gz	3.949E-03	1.000	186	1	235	240	36	291	292	268	0.979	0.877
LOKIASV2_1604_ESMFold_hypothetical_protein	MGYP001608365799.pdb.gz	MGYP001608365799.pdb.gz	2.635E-03	1.000	185	1	227	240	14	219	221	231	0.946	0.932
LOKIASV2_1604_ESMFold_hypothetical_protein	MGYP001088886285.pdb.gz	MGYP001088886285.pdb.gz	2.757E-03	1.000	184	1	230	240	4	222	225	239	0.958	0.973
LOKIASV2_1604_ESMFold_hypothetical_protein	MGYP001826885815.pdb.gz	MGYP001826885815.pdb.gz	5.408E-03	1.000	184	1	230	240	31	272	282	250	0.958	0.858
LOKIASV2_1604_ESMFold_hypothetical_protein	MGYP000960783025.pdb.gz	MGYP000960783025.pdb.gz	3.451E-03	1.000	183	1	237	240	1	235	236	251	0.988	0.996
LOKIASV2_1604_ESMFold_hypothetical_protein	MGYP001344891524.pdb.gz	MGYP001344891524.pdb.gz	5.408E-03	1.000	182	3	228	240	1	232	232	237	0.942	1.000
LOKIASV2_1604_ESMFold_hypothetical_protein	MGYP001611023379.pdb.gz	MGYP001611023379.pdb.gz	5.657E-03	1.000	182	1	227	240	8	231	235	240	0.946	0.953
LOKIASV2_1604_ESMFold_hypothetical_protein	MGYP001120444011.pdb.gz	MGYP001120444011.pdb.gz	7.747E-03	1.000	182	1	238	240	3	237	257	246	0.992	0.914
LOKIASV2_1604_ESMFold_hypothetical_protein	MGYP001497793179.pdb.gz	MGYP001497793179.pdb.gz	3.609E-03	1.000	182	1	238	240	2	235	281	250	0.992	0.833
LOKIASV2_1604_ESMFold_hypothetical_protein	MGYP001632716393.pdb.gz	MGYP001632716393.pdb.gz	4.519E-03	1.000	182	1	239	240	1	228	428	249	0.996	0.533
LOKIASV2_1604_ESMFold_hypothetical_protein	MGYP001575337385.pdb.gz	MGYP001575337385.pdb.gz	4.726E-03	1.000	181	1	226	240	6	213	214	238	0.942	0.972
LOKIASV2_1604_ESMFold_hypothetical_protein	MGYP000180177015.pdb.gz	MGYP000180177015.pdb.gz	4.999E-04	1.000	180	1	238	240	1	232	312	253	0.992	0.744
LOKIASV2_1604_ESMFold_hypothetical_protein	MGYP003346650602.pdb.gz	MGYP003346650602.pdb.gz	3.949E-03	1.000	180	2	240	240	188	442	522	269	0.996	0.489
LOKIASV2_1604_ESMFold_hypothetical_protein	MGYP001615346702.pdb.gz	MGYP001615346702.pdb.gz	4.519E-03	1.000	179	1	227	240	6	229	233	242	0.946	0.961
LOKIASV2_1604_ESMFold_hypothetical_protein	MGYP000058808889.pdb.gz	MGYP000058808889.pdb.gz	4.726E-03	1.000	179	1	235	240	1	228	359	255	0.979	0.635
LOKIASV2_1604_ESMFold_hypothetical_protein	MGYP003385843136.pdb.gz	MGYP003385843136.pdb.gz	5.917E-03	1.000	179	8	239	240	25	253	724	241	0.967	0.316
LOKIASV2_1604_ESMFold_hypothetical_protein	MGYP000355140011.pdb.gz	MGYP000355140011.pdb.gz	2.635E-03	1.000	177	1	235	240	11	221	222	244	0.979	0.950
LOKIASV2_1604_ESMFold_hypothetical_protein	MGYP003290898840.pdb.gz	MGYP003290898840.pdb.gz	3.299E-03	1.000	177	1	238	240	1	226	227	252	0.992	0.996
LOKIASV2_1604_ESMFold_hypothetical_protein	MGYP000862630992.pdb.gz	MGYP000862630992.pdb.gz	7.081E-03	1.000	177	10	239	240	2	240	273	246	0.958	0.875
LOKIASV2_1604_ESMFold_hypothetical_protein	MGYP000861630391.pdb.gz	MGYP000861630391.pdb.gz	3.609E-03	1.000	177	9	238	240	2	228	452	237	0.958	0.502
LOKIASV2_1604_ESMFold_hypothetical_protein	MGYP000190832497.pdb.gz	MGYP000190832497.pdb.gz	8.865E-03	1.000	176	1	221	240	1	226	227	239	0.921	0.996
LOKIASV2_1604_ESMFold_hypothetical_protein	MGYP000572320627.pdb.gz	MGYP000572320627.pdb.gz	8.103E-03	1.000	176	1	230	240	1	227	325	242	0.958	0.698
LOKIASV2_1604_ESMFold_hypothetical_protein	MGYP003135635975.pdb.gz	MGYP003135635975.pdb.gz	7.081E-03	1.000	176	8	238	240	4	222	394	236	0.962	0.556
LOKIASV2_1604_ESMFold_hypothetical_protein	MGYP001035985670.pdb.gz	MGYP001035985670.pdb.gz	6.770E-03	1.000	176	1	238	240	1	240	480	257	0.992	0.500
LOKIASV2_1604_ESMFold_hypothetical_protein	MGYP000939180224.pdb.gz	MGYP000939180224.pdb.gz	1.014E-02	1.000	174	2	239	240	190	440	493	259	0.992	0.509
LOKIASV2_1604_ESMFold_hypothetical_protein	MGYP003331457479.pdb.gz	MGYP003331457479.pdb.gz	8.476E-03	1.000	174	1	239	240	7	260	555	265	0.996	0.458
LOKIASV2_1604_ESMFold_hypothetical_protein	MGYP001604265387.pdb.gz	MGYP001604265387.pdb.gz	3.154E-03	1.000	173	4	221	240	11	212	213	227	0.908	0.948
LOKIASV2_1604_ESMFold_hypothetical_protein	MGYP002291310036.pdb.gz	MGYP002291310036.pdb.gz	6.770E-03	1.000	173	1	239	240	2	250	351	268	0.996	0.709
LOKIASV2_1604_ESMFold_hypothetical_protein	MGYP003350241762.pdb.gz	MGYP003350241762.pdb.gz	6.473E-03	1.000	173	2	239	240	187	439	539	261	0.992	0.469
LOKIASV2_1604_ESMFold_hypothetical_protein	MGYP001145667976.pdb.gz	MGYP001145667976.pdb.gz	3.016E-03	1.000	172	1	236	240	1	220	221	244	0.983	0.995
LOKIASV2_1604_ESMFold_hypothetical_protein	MGYP001584716554.pdb.gz	MGYP001584716554.pdb.gz	1.990E-02	1.000	172	1	228	240	1	220	225	240	0.950	0.978
LOKIASV2_1604_ESMFold_hypothetical_protein	MGYP003789202567.pdb.gz	MGYP003789202567.pdb.gz	5.171E-03	1.000	171	10	238	240	121	330	338	229	0.954	0.621
LOKIASV2_1604_ESMFold_hypothetical_protein	MGYP003623079233.pdb.gz	MGYP003623079233.pdb.gz	8.476E-03	1.000	171	1	239	240	1	222	385	242	0.996	0.577
LOKIASV2_1604_ESMFold_hypothetical_protein	MGYP000061759571.pdb.gz	MGYP000061759571.pdb.gz	5.171E-03	1.000	170	1	235	240	1	227	358	244	0.979	0.634
LOKIASV2_1604_ESMFold_hypothetical_protein	MGYP001038287018.pdb.gz	MGYP001038287018.pdb.gz	3.154E-03	1.000	169	1	230	240	1	237	313	250	0.958	0.757
LOKIASV2_1604_ESMFold_hypothetical_protein	MGYP003689948461.pdb.gz	MGYP003689948461.pdb.gz	4.943E-03	1.000	169	9	240	240	177	386	630	234	0.967	0.333
LOKIASV2_1604_ESMFold_hypothetical_protein	MGYP001300244302.pdb.gz	MGYP001300244302.pdb.gz	3.451E-03	1.000	168	1	228	240	13	227	227	235	0.950	0.947
LOKIASV2_1604_ESMFold_hypothetical_protein	MGYP000196066652.pdb.gz	MGYP000196066652.pdb.gz	4.519E-03	1.000	168	1	240	240	1	233	233	254	1.000	1.000
LOKIASV2_1604_ESMFold_hypothetical_protein	MGYP001581481754.pdb.gz	MGYP001581481754.pdb.gz	8.103E-03	1.000	168	7	239	240	3	229	282	245	0.971	0.805
LOKIASV2_1604_ESMFold_hypothetical_protein	MGYP001065096371.pdb.gz	MGYP001065096371.pdb.gz	3.609E-03	1.000	168	1	238	240	1	224	369	251	0.992	0.607
LOKIASV2_1604_ESMFold_hypothetical_protein	MGYP000440797821.pdb.gz	MGYP000440797821.pdb.gz	8.476E-03	1.000	167	4	238	240	5	242	281	247	0.979	0.847
LOKIASV2_1604_ESMFold_hypothetical_protein	MGYP000903916830.pdb.gz	MGYP000903916830.pdb.gz	1.014E-02	1.000	167	1	225	240	1	217	301	230	0.938	0.721
LOKIASV2_1604_ESMFold_hypothetical_protein	MGYP000004491262.pdb.gz	MGYP000004491262.pdb.gz	6.188E-03	1.000	167	3	239	240	84	327	345	259	0.988	0.707
LOKIASV2_1604_ESMFold_hypothetical_protein	MGYP000620673872.pdb.gz	MGYP000620673872.pdb.gz	4.943E-03	1.000	167	2	237	240	10	248	405	254	0.983	0.590
LOKIASV2_1604_ESMFold_hypothetical_protein	MGYP001557901454.pdb.gz	MGYP001557901454.pdb.gz	2.277E-02	1.000	166	11	230	240	2	217	218	233	0.917	0.991
LOKIASV2_1604_ESMFold_hypothetical_protein	MGYP001063590563.pdb.gz	MGYP001063590563.pdb.gz	6.188E-03	1.000	166	5	240	240	2	232	313	244	0.983	0.738
LOKIASV2_1604_ESMFold_hypothetical_protein	MGYP001820046553.pdb.gz	MGYP001820046553.pdb.gz	3.154E-03	1.000	166	5	234	240	2	227	321	241	0.958	0.704
LOKIASV2_1604_ESMFold_hypothetical_protein	MGYP003589360598.pdb.gz	MGYP003589360598.pdb.gz	1.924E-03	1.000	166	3	239	240	33	260	489	249	0.988	0.466
LOKIASV2_1604_ESMFold_hypothetical_protein	MGYP003294676526.pdb.gz	MGYP003294676526.pdb.gz	4.130E-03	1.000	165	1	231	240	1	223	226	245	0.962	0.987
LOKIASV2_1604_ESMFold_hypothetical_protein	MGYP000007274353.pdb.gz	MGYP000007274353.pdb.gz	6.473E-03	1.000	165	1	226	240	15	235	242	238	0.942	0.913
LOKIASV2_1604_ESMFold_hypothetical_protein	MGYP000944531274.pdb.gz	MGYP000944531274.pdb.gz	1.270E-02	1.000	165	7	227	240	4	215	297	224	0.921	0.714
LOKIASV2_1604_ESMFold_hypothetical_protein	MGYP000347182218.pdb.gz	MGYP000347182218.pdb.gz	9.272E-03	1.000	165	1	234	240	9	223	401	236	0.975	0.536
LOKIASV2_1604_ESMFold_hypothetical_protein	MGYP000376675273.pdb.gz	MGYP000376675273.pdb.gz	1.073E-03	1.000	164	1	239	240	1	234	237	259	0.996	0.987
LOKIASV2_1604_ESMFold_hypothetical_protein	MGYP001455154129.pdb.gz	MGYP001455154129.pdb.gz	2.013E-03	1.000	164	8	238	240	3	231	348	245	0.962	0.658
LOKIASV2_1604_ESMFold_hypothetical_protein	MGYP002137326552.pdb.gz	MGYP002137326552.pdb.gz	9.272E-03	1.000	164	1	239	240	2	226	404	247	0.996	0.557
LOKIASV2_1604_ESMFold_hypothetical_protein	MGYP003344601392.pdb.gz	MGYP003344601392.pdb.gz	9.699E-03	1.000	164	12	239	240	195	429	460	253	0.950	0.511
LOKIASV2_1604_ESMFold_hypothetical_protein	MGYP000282318559.pdb.gz	MGYP000282318559.pdb.gz	6.473E-03	1.000	164	4	239	240	14	249	480	247	0.983	0.492
LOKIASV2_1604_ESMFold_hypothetical_protein	MGYP000442142673.pdb.gz	MGYP000442142673.pdb.gz	8.103E-03	1.000	163	1	240	240	3	208	208	245	1.000	0.990
LOKIASV2_1604_ESMFold_hypothetical_protein	MGYP001576476022.pdb.gz	MGYP001576476022.pdb.gz	1.590E-02	1.000	163	1	227	240	8	215	219	235	0.946	0.950
LOKIASV2_1604_ESMFold_hypothetical_protein	MGYP001566200049.pdb.gz	MGYP001566200049.pdb.gz	2.726E-02	1.000	163	5	233	240	2	219	299	233	0.954	0.729
LOKIASV2_1604_ESMFold_hypothetical_protein	MGYP000275709385.pdb.gz	MGYP000275709385.pdb.gz	1.161E-02	1.000	163	3	240	240	2	233	413	251	0.992	0.562
LOKIASV2_1604_ESMFold_hypothetical_protein	MGYP001548443916.pdb.gz	MGYP001548443916.pdb.gz	5.657E-03	1.000	162	10	238	240	17	232	240	243	0.954	0.900
LOKIASV2_1604_ESMFold_hypothetical_protein	MGYP001171456075.pdb.gz	MGYP001171456075.pdb.gz	1.161E-02	1.000	162	1	238	240	1	224	439	253	0.992	0.510
LOKIASV2_1604_ESMFold_hypothetical_protein	MGYP000162012480.pdb.gz	MGYP000162012480.pdb.gz	1.990E-02	1.000	161	52	240	240	2	190	190	199	0.788	0.995
LOKIASV2_1604_ESMFold_hypothetical_protein	MGYP003570637896.pdb.gz	MGYP003570637896.pdb.gz	1.214E-02	1.000	161	1	238	240	1	240	294	254	0.992	0.816
LOKIASV2_1604_ESMFold_hypothetical_protein	MGYP001237752373.pdb.gz	MGYP001237752373.pdb.gz	1.739E-02	1.000	161	1	239	240	7	241	457	250	0.996	0.514
LOKIASV2_1604_ESMFold_hypothetical_protein	MGYP000909762358.pdb.gz	MGYP000909762358.pdb.gz	1.903E-02	1.000	160	1	238	240	3	245	292	251	0.992	0.832
LOKIASV2_1604_ESMFold_hypothetical_protein	MGYP002624166665.pdb.gz	MGYP002624166665.pdb.gz	8.476E-03	1.000	160	1	230	240	1	231	397	245	0.958	0.582
LOKIASV2_1604_ESMFold_hypothetical_protein	MGYP001286486429.pdb.gz	MGYP001286486429.pdb.gz	1.161E-02	1.000	159	5	231	240	2	226	254	241	0.946	0.886
LOKIASV2_1604_ESMFold_hypothetical_protein	MGYP001263037201.pdb.gz	MGYP001263037201.pdb.gz	1.061E-02	1.000	159	4	233	240	41	277	278	248	0.958	0.853
LOKIASV2_1604_ESMFold_hypothetical_protein	MGYP002675091295.pdb.gz	MGYP002675091295.pdb.gz	8.103E-03	1.000	159	1	238	240	1	226	311	249	0.992	0.727
LOKIASV2_1604_ESMFold_hypothetical_protein	MGYP001014982821.pdb.gz	MGYP001014982821.pdb.gz	1.663E-02	1.000	159	1	238	240	5	228	457	242	0.992	0.490
LOKIASV2_1604_ESMFold_hypothetical_protein	MGYP001090439626.pdb.gz	MGYP001090439626.pdb.gz	9.699E-03	1.000	158	3	223	240	1	224	303	231	0.921	0.739
LOKIASV2_1604_ESMFold_hypothetical_protein	MGYP003671450004.pdb.gz	MGYP003671450004.pdb.gz	2.177E-02	1.000	158	8	238	240	24	248	411	239	0.962	0.547
LOKIASV2_1604_ESMFold_hypothetical_protein	MGYP001367938340.pdb.gz	MGYP001367938340.pdb.gz	1.520E-02	1.000	158	1	238	240	1	256	625	263	0.992	0.410
LOKIASV2_1604_ESMFold_hypothetical_protein	MGYP001590690732.pdb.gz	MGYP001590690732.pdb.gz	2.177E-02	1.000	157	1	224	240	9	224	227	236	0.933	0.952
LOKIASV2_1604_ESMFold_hypothetical_protein	MGYP000613177412.pdb.gz	MGYP000613177412.pdb.gz	1.389E-02	1.000	157	1	235	240	1	242	243	256	0.979	0.996
LOKIASV2_1604_ESMFold_hypothetical_protein	MGYP001452871616.pdb.gz	MGYP001452871616.pdb.gz	7.747E-03	1.000	157	4	239	240	11	248	260	251	0.983	0.915
LOKIASV2_1604_ESMFold_hypothetical_protein	MGYP000929041541.pdb.gz	MGYP000929041541.pdb.gz	1.739E-02	1.000	157	3	230	240	6	230	412	243	0.950	0.546
LOKIASV2_1604_ESMFold_hypothetical_protein	MGYP000427393256.pdb.gz	MGYP000427393256.pdb.gz	3.609E-03	1.000	156	4	224	240	3	221	226	241	0.921	0.969
LOKIASV2_1604_ESMFold_hypothetical_protein	MGYP000630255116.pdb.gz	MGYP000630255116.pdb.gz	2.982E-02	1.000	156	1	231	240	1	225	226	246	0.962	0.996
LOKIASV2_1604_ESMFold_hypothetical_protein	MGYP002637100708.pdb.gz	MGYP002637100708.pdb.gz	5.917E-03	1.000	156	2	238	240	20	245	307	244	0.988	0.736
LOKIASV2_1604_ESMFold_hypothetical_protein	MGYP001658228623.pdb.gz	MGYP001658228623.pdb.gz	1.270E-02	1.000	156	1	239	240	14	250	350	255	0.996	0.677
LOKIASV2_1604_ESMFold_hypothetical_protein	MGYP001089624599.pdb.gz	MGYP001089624599.pdb.gz	3.451E-03	1.000	156	4	238	240	14	243	423	255	0.979	0.544
LOKIASV2_1604_ESMFold_hypothetical_protein	MGYP000294718148.pdb.gz	MGYP000294718148.pdb.gz	3.905E-02	1.000	156	8	238	240	2	222	598	244	0.962	0.370
LOKIASV2_1604_ESMFold_hypothetical_protein	MGYP000483425288.pdb.gz	MGYP000483425288.pdb.gz	4.726E-03	1.000	155	4	227	240	26	247	251	241	0.933	0.884
LOKIASV2_1604_ESMFold_hypothetical_protein	MGYP000959430273.pdb.gz	MGYP000959430273.pdb.gz	4.888E-02	1.000	155	4	227	240	3	223	380	233	0.933	0.582
LOKIASV2_1604_ESMFold_hypothetical_protein	MGYP003476644580.pdb.gz	MGYP003476644580.pdb.gz	6.770E-03	1.000	155	1	238	240	1	229	390	246	0.992	0.587
LOKIASV2_1604_ESMFold_hypothetical_protein	MGYP001369104341.pdb.gz	MGYP001369104341.pdb.gz	3.412E-02	1.000	154	3	222	240	2	216	218	233	0.917	0.986
LOKIASV2_1604_ESMFold_hypothetical_protein	MGYP000639837097.pdb.gz	MGYP000639837097.pdb.gz	2.883E-03	1.000	154	4	238	240	12	232	235	247	0.979	0.940
LOKIASV2_1604_ESMFold_hypothetical_protein	MGYP001324330969.pdb.gz	MGYP001324330969.pdb.gz	1.214E-02	1.000	154	4	227	240	30	242	247	233	0.933	0.862
LOKIASV2_1604_ESMFold_hypothetical_protein	MGYP000491934961.pdb.gz	MGYP000491934961.pdb.gz	1.819E-02	1.000	154	8	240	240	2	242	254	255	0.971	0.949
LOKIASV2_1604_ESMFold_hypothetical_protein	MGYP003361731908.pdb.gz	MGYP003361731908.pdb.gz	2.491E-02	1.000	154	5	238	240	20	250	255	245	0.975	0.906
LOKIASV2_1604_ESMFold_hypothetical_protein	MGYP001821103088.pdb.gz	MGYP001821103088.pdb.gz	9.699E-03	1.000	154	1	238	240	18	253	324	251	0.992	0.728
LOKIASV2_1604_ESMFold_hypothetical_protein	MGYP001033125504.pdb.gz	MGYP001033125504.pdb.gz	5.657E-03	1.000	154	1	238	240	31	267	639	256	0.992	0.371
LOKIASV2_1604_ESMFold_hypothetical_protein	MGYP003475981184.pdb.gz	MGYP003475981184.pdb.gz	1.453E-02	1.000	153	9	239	240	2	227	239	239	0.962	0.946
LOKIASV2_1604_ESMFold_hypothetical_protein	MGYP000639420133.pdb.gz	MGYP000639420133.pdb.gz	6.473E-03	1.000	153	2	227	240	82	298	316	236	0.942	0.687
LOKIASV2_1604_ESMFold_hypothetical_protein	MGYP001049147195.pdb.gz	MGYP001049147195.pdb.gz	2.520E-03	1.000	153	1	227	240	1	231	319	244	0.946	0.724
LOKIASV2_1604_ESMFold_hypothetical_protein	MGYP003584863297.pdb.gz	MGYP003584863297.pdb.gz	8.865E-03	1.000	153	4	239	240	63	299	380	253	0.983	0.624
LOKIASV2_1604_ESMFold_hypothetical_protein	MGYP000238689732.pdb.gz	MGYP000238689732.pdb.gz	4.130E-03	1.000	153	1	238	240	2	237	673	245	0.992	0.351
LOKIASV2_1604_ESMFold_hypothetical_protein	MGYP000883593296.pdb.gz	MGYP000883593296.pdb.gz	4.673E-02	1.000	152	8	240	240	2	227	227	242	0.971	0.996
LOKIASV2_1604_ESMFold_hypothetical_protein	MGYP000962413910.pdb.gz	MGYP000962413910.pdb.gz	1.739E-02	1.000	152	5	227	240	2	216	246	236	0.929	0.874
LOKIASV2_1604_ESMFold_hypothetical_protein	MGYP000685404565.pdb.gz	MGYP000685404565.pdb.gz	1.590E-02	1.000	152	3	240	240	6	248	376	260	0.992	0.646
LOKIASV2_1604_ESMFold_hypothetical_protein	MGYP000057406832.pdb.gz	MGYP000057406832.pdb.gz	1.819E-02	1.000	151	2	226	240	3	225	226	236	0.938	0.987
LOKIASV2_1604_ESMFold_hypothetical_protein	MGYP000665578005.pdb.gz	MGYP000665578005.pdb.gz	1.739E-02	1.000	151	9	238	240	4	228	233	248	0.958	0.966
LOKIASV2_1604_ESMFold_hypothetical_protein	MGYP000734066310.pdb.gz	MGYP000734066310.pdb.gz	6.473E-03	1.000	151	9	240	240	42	276	276	249	0.967	0.851
LOKIASV2_1604_ESMFold_hypothetical_protein	MGYP001024194749.pdb.gz	MGYP001024194749.pdb.gz	2.082E-02	1.000	151	9	237	240	26	254	301	241	0.954	0.761
LOKIASV2_1604_ESMFold_hypothetical_protein	MGYP001057926732.pdb.gz	MGYP001057926732.pdb.gz	4.943E-03	1.000	150	3	240	240	33	258	261	249	0.992	0.866
LOKIASV2_1604_ESMFold_hypothetical_protein	MGYP001218791860.pdb.gz	MGYP001218791860.pdb.gz	2.606E-02	1.000	150	1	239	240	1	226	390	249	0.996	0.579
LOKIASV2_1604_ESMFold_hypothetical_protein	MGYP002572446979.pdb.gz	MGYP002572446979.pdb.gz	3.569E-02	1.000	150	3	230	240	1	225	554	242	0.950	0.406
LOKIASV2_1604_ESMFold_hypothetical_protein	MGYP003962408895.pdb.gz	MGYP003962408895.pdb.gz	2.277E-02	1.000	149	1	235	240	8	218	219	240	0.979	0.963
LOKIASV2_1604_ESMFold_hypothetical_protein	MGYP000709885590.pdb.gz	MGYP000709885590.pdb.gz	9.699E-03	1.000	149	1	224	240	1	228	230	243	0.933	0.991
LOKIASV2_1604_ESMFold_hypothetical_protein	MGYP001287841609.pdb.gz	MGYP001287841609.pdb.gz	2.382E-02	1.000	149	4	238	240	53	273	276	243	0.979	0.801
LOKIASV2_1604_ESMFold_hypothetical_protein	MGYP003593761576.pdb.gz	MGYP003593761576.pdb.gz	1.328E-02	1.000	148	3	238	240	14	245	278	250	0.983	0.835
LOKIASV2_1604_ESMFold_hypothetical_protein	MGYP001143601431.pdb.gz	MGYP001143601431.pdb.gz	6.770E-03	1.000	148	1	238	240	44	285	323	261	0.992	0.749
LOKIASV2_1604_ESMFold_hypothetical_protein	MGYP001326913807.pdb.gz	MGYP001326913807.pdb.gz	1.214E-02	1.000	148	5	240	240	2	244	334	261	0.983	0.728
LOKIASV2_1604_ESMFold_hypothetical_protein	MGYP002624660924.pdb.gz	MGYP002624660924.pdb.gz	5.113E-02	1.000	148	1	227	240	1	223	385	240	0.946	0.579
LOKIASV2_1604_ESMFold_hypothetical_protein	MGYP003417616346.pdb.gz	MGYP003417616346.pdb.gz	4.468E-02	1.000	148	2	230	240	4	232	396	239	0.954	0.578
LOKIASV2_1604_ESMFold_hypothetical_protein	MGYP000594144299.pdb.gz	MGYP000594144299.pdb.gz	8.865E-03	1.000	148	1	238	240	45	282	553	254	0.992	0.430
LOKIASV2_1604_ESMFold_hypothetical_protein	MGYP001487079311.pdb.gz	MGYP001487079311.pdb.gz	2.082E-02	1.000	147	1	240	240	8	220	220	244	1.000	0.968
LOKIASV2_1604_ESMFold_hypothetical_protein	MGYP001012302341.pdb.gz	MGYP001012302341.pdb.gz	9.699E-03	1.000	147	8	239	240	13	234	249	245	0.967	0.892
LOKIASV2_1604_ESMFold_hypothetical_protein	MGYP001073156970.pdb.gz	MGYP001073156970.pdb.gz	8.865E-03	1.000	147	4	240	240	3	236	265	253	0.988	0.883
LOKIASV2_1604_ESMFold_hypothetical_protein	MGYP000917003163.pdb.gz	MGYP000917003163.pdb.gz	1.590E-02	1.000	147	1	234	240	37	299	301	264	0.975	0.874
LOKIASV2_1604_ESMFold_hypothetical_protein	MGYP000573624344.pdb.gz	MGYP000573624344.pdb.gz	6.770E-03	1.000	147	4	239	240	7	240	308	248	0.983	0.760
LOKIASV2_1604_ESMFold_hypothetical_protein	MGYP000088421641.pdb.gz	MGYP000088421641.pdb.gz	2.382E-02	1.000	147	1	239	240	1	236	318	255	0.996	0.742
LOKIASV2_1604_ESMFold_hypothetical_protein	MGYP003482258947.pdb.gz	MGYP003482258947.pdb.gz	1.520E-02	1.000	147	9	238	240	8	245	328	258	0.958	0.726
LOKIASV2_1604_ESMFold_hypothetical_protein	MGYP001492476252.pdb.gz	MGYP001492476252.pdb.gz	1.819E-02	1.000	147	1	227	240	28	243	375	236	0.946	0.576
LOKIASV2_1604_ESMFold_hypothetical_protein	MGYP003296597761.pdb.gz	MGYP003296597761.pdb.gz	3.905E-02	1.000	147	1	230	240	4	230	387	242	0.958	0.587
LOKIASV2_1604_ESMFold_hypothetical_protein	MGYP003890232713.pdb.gz	MGYP003890232713.pdb.gz	2.851E-02	1.000	147	8	238	240	3	230	405	242	0.962	0.563
LOKIASV2_1604_ESMFold_hypothetical_protein	MGYP001442325243.pdb.gz	MGYP001442325243.pdb.gz	1.903E-02	1.000	147	2	239	240	191	419	445	247	0.992	0.515
LOKIASV2_1604_ESMFold_hypothetical_protein	MGYP001050754893.pdb.gz	MGYP001050754893.pdb.gz	2.082E-02	1.000	147	4	239	240	176	403	544	241	0.983	0.419
LOKIASV2_1604_ESMFold_hypothetical_protein	MGYP000392014876.pdb.gz	MGYP000392014876.pdb.gz	3.119E-02	1.000	146	1	230	240	2	220	221	240	0.958	0.991
LOKIASV2_1604_ESMFold_hypothetical_protein	MGYP000968434712.pdb.gz	MGYP000968434712.pdb.gz	1.389E-02	1.000	146	1	239	240	1	244	332	264	0.996	0.735
LOKIASV2_1604_ESMFold_hypothetical_protein	MGYP003681939160.pdb.gz	MGYP003681939160.pdb.gz	1.328E-02	1.000	146	1	238	240	127	357	380	253	0.992	0.608
LOKIASV2_1604_ESMFold_hypothetical_protein	MGYP000736410919.pdb.gz	MGYP000736410919.pdb.gz	4.673E-02	1.000	145	6	240	240	4	233	300	242	0.979	0.767
LOKIASV2_1604_ESMFold_hypothetical_protein	MGYP001123385878.pdb.gz	MGYP001123385878.pdb.gz	2.491E-02	1.000	145	1	238	240	1	239	315	254	0.992	0.759
LOKIASV2_1604_ESMFold_hypothetical_protein	MGYP001314986010.pdb.gz	MGYP001314986010.pdb.gz	1.590E-02	1.000	145	5	230	240	2	227	334	245	0.942	0.677
LOKIASV2_1604_ESMFold_hypothetical_protein	MGYP000595623750.pdb.gz	MGYP000595623750.pdb.gz	3.412E-02	1.000	145	2	239	240	11	259	475	258	0.992	0.524
LOKIASV2_1604_ESMFold_hypothetical_protein	MGYP001191093199.pdb.gz	MGYP001191093199.pdb.gz	4.084E-02	1.000	144	1	238	240	7	221	222	239	0.992	0.968
LOKIASV2_1604_ESMFold_hypothetical_protein	MGYP001207732422.pdb.gz	MGYP001207732422.pdb.gz	4.726E-03	1.000	144	1	238	240	1	231	260	257	0.992	0.888
LOKIASV2_1604_ESMFold_hypothetical_protein	MGYP000865098466.pdb.gz	MGYP000865098466.pdb.gz	5.850E-02	1.000	144	5	238	240	2	225	295	235	0.975	0.759
LOKIASV2_1604_ESMFold_hypothetical_protein	MGYP003971842317.pdb.gz	MGYP003971842317.pdb.gz	3.569E-02	1.000	144	5	228	240	2	233	307	245	0.933	0.756
LOKIASV2_1604_ESMFold_hypothetical_protein	MGYP001197294984.pdb.gz	MGYP001197294984.pdb.gz	3.119E-02	1.000	144	7	230	240	4	228	310	232	0.933	0.726
LOKIASV2_1604_ESMFold_hypothetical_protein	MGYP001554971690.pdb.gz	MGYP001554971690.pdb.gz	1.389E-02	1.000	144	2	238	240	34	264	343	250	0.988	0.673
LOKIASV2_1604_ESMFold_hypothetical_protein	MGYP001359672961.pdb.gz	MGYP001359672961.pdb.gz	3.412E-02	1.000	144	1	231	240	1	226	414	243	0.962	0.546
LOKIASV2_1604_ESMFold_hypothetical_protein	MGYP001810719993.pdb.gz	MGYP001810719993.pdb.gz	1.389E-02	1.000	144	3	239	240	36	266	469	250	0.988	0.493
LOKIASV2_1604_ESMFold_hypothetical_protein	MGYP001262992362.pdb.gz	MGYP001262992362.pdb.gz	1.739E-02	1.000	144	4	238	240	74	306	678	247	0.979	0.344
LOKIASV2_1604_ESMFold_hypothetical_protein	MGYP000052808590.pdb.gz	MGYP000052808590.pdb.gz	6.770E-03	1.000	143	2	227	240	1	208	216	234	0.942	0.963
LOKIASV2_1604_ESMFold_hypothetical_protein	MGYP000520265203.pdb.gz	MGYP000520265203.pdb.gz	7.324E-02	1.000	143	1	223	240	3	225	231	233	0.929	0.965
LOKIASV2_1604_ESMFold_hypothetical_protein	MGYP001121363248.pdb.gz	MGYP001121363248.pdb.gz	3.733E-02	1.000	143	6	239	240	2	237	240	249	0.975	0.983
LOKIASV2_1604_ESMFold_hypothetical_protein	MGYP001303753384.pdb.gz	MGYP001303753384.pdb.gz	9.699E-03	1.000	143	2	237	240	30	257	264	246	0.983	0.864
LOKIASV2_1604_ESMFold_hypothetical_protein	MGYP000567509911.pdb.gz	MGYP000567509911.pdb.gz	3.262E-02	1.000	143	5	238	240	2	242	311	255	0.975	0.775
LOKIASV2_1604_ESMFold_hypothetical_protein	MGYP001076503041.pdb.gz	MGYP001076503041.pdb.gz	1.903E-02	1.000	143	1	234	240	41	311	314	279	0.975	0.863
LOKIASV2_1604_ESMFold_hypothetical_protein	MGYP001100529064.pdb.gz	MGYP001100529064.pdb.gz	3.569E-02	1.000	143	1	238	240	1	239	329	257	0.992	0.726
LOKIASV2_1604_ESMFold_hypothetical_protein	MGYP001333895393.pdb.gz	MGYP001333895393.pdb.gz	2.606E-02	1.000	142	2	237	240	15	245	246	255	0.983	0.939
LOKIASV2_1604_ESMFold_hypothetical_protein	MGYP000046393590.pdb.gz	MGYP000046393590.pdb.gz	1.161E-02	1.000	142	1	239	240	18	242	285	253	0.996	0.789
LOKIASV2_1604_ESMFold_hypothetical_protein	MGYP001605984035.pdb.gz	MGYP001605984035.pdb.gz	1.903E-02	1.000	142	4	226	240	8	213	299	228	0.929	0.689
LOKIASV2_1604_ESMFold_hypothetical_protein	MGYP000734171881.pdb.gz	MGYP000734171881.pdb.gz	1.014E-02	1.000	142	1	238	240	2	240	350	255	0.992	0.683
LOKIASV2_1604_ESMFold_hypothetical_protein	MGYP001189105132.pdb.gz	MGYP001189105132.pdb.gz	3.569E-02	1.000	142	1	236	240	1	223	406	247	0.983	0.549
LOKIASV2_1604_ESMFold_hypothetical_protein	MGYP000987486751.pdb.gz	MGYP000987486751.pdb.gz	4.673E-02	1.000	142	2	239	240	187	408	420	243	0.992	0.529
LOKIASV2_1604_ESMFold_hypothetical_protein	MGYP000427403835.pdb.gz	MGYP000427403835.pdb.gz	1.161E-02	1.000	142	2	238	240	55	291	730	258	0.988	0.325
LOKIASV2_1604_ESMFold_hypothetical_protein	MGYP001296823523.pdb.gz	MGYP001296823523.pdb.gz	7.324E-02	1.000	141	11	234	240	12	237	238	240	0.933	0.950
LOKIASV2_1604_ESMFold_hypothetical_protein	MGYP000344840574.pdb.gz	MGYP000344840574.pdb.gz	1.270E-02	1.000	141	4	225	240	24	244	246	231	0.925	0.898
LOKIASV2_1604_ESMFold_hypothetical_protein	MGYP001559329416.pdb.gz	MGYP001559329416.pdb.gz	2.202E-03	1.000	141	4	238	240	10	242	247	241	0.979	0.943
LOKIASV2_1604_ESMFold_hypothetical_protein	MGYP003600797485.pdb.gz	MGYP003600797485.pdb.gz	1.663E-02	1.000	141	1	238	240	55	292	863	257	0.992	0.276
LOKIASV2_1604_ESMFold_hypothetical_protein	MGYP000185598821.pdb.gz	MGYP000185598821.pdb.gz	2.491E-02	1.000	140	3	240	240	7	203	205	241	0.992	0.961
LOKIASV2_1604_ESMFold_hypothetical_protein	MGYP001584655514.pdb.gz	MGYP001584655514.pdb.gz	1.520E-02	1.000	140	3	228	240	24	243	244	237	0.942	0.902
LOKIASV2_1604_ESMFold_hypothetical_protein	MGYP001080179108.pdb.gz	MGYP001080179108.pdb.gz	8.013E-02	1.000	140	5	234	240	2	225	329	239	0.958	0.681
LOKIASV2_1604_ESMFold_hypothetical_protein	MGYP000108341193.pdb.gz	MGYP000108341193.pdb.gz	2.177E-02	1.000	140	1	239	240	1	245	504	259	0.996	0.486
LOKIASV2_1604_ESMFold_hypothetical_protein	MGYP001391929368.pdb.gz	MGYP001391929368.pdb.gz	4.673E-02	1.000	140	2	237	240	6	263	832	271	0.983	0.310
LOKIASV2_1604_ESMFold_hypothetical_protein	MGYP001348201340.pdb.gz	MGYP001348201340.pdb.gz	7.324E-02	1.000	139	1	227	240	8	234	236	247	0.946	0.962
LOKIASV2_1604_ESMFold_hypothetical_protein	MGYP001553876123.pdb.gz	MGYP001553876123.pdb.gz	5.348E-02	1.000	139	1	233	240	1	235	305	247	0.971	0.770
LOKIASV2_1604_ESMFold_hypothetical_protein	MGYP001396213784.pdb.gz	MGYP001396213784.pdb.gz	1.590E-02	1.000	139	1	238	240	6	252	379	260	0.992	0.652
LOKIASV2_1604_ESMFold_hypothetical_protein	MGYP002700596919.pdb.gz	MGYP002700596919.pdb.gz	2.606E-02	1.000	139	2	237	240	21	244	411	242	0.983	0.545
LOKIASV2_1604_ESMFold_hypothetical_protein	MGYP001800828054.pdb.gz	MGYP001800828054.pdb.gz	5.593E-02	1.000	139	12	238	240	170	392	435	235	0.946	0.513
LOKIASV2_1604_ESMFold_hypothetical_protein	MGYP000397907508.pdb.gz	MGYP000397907508.pdb.gz	1.389E-02	1.000	138	4	227	240	5	221	225	245	0.933	0.964
LOKIASV2_1604_ESMFold_hypothetical_protein	MGYP000362193092.pdb.gz	MGYP000362193092.pdb.gz	1.590E-02	1.000	138	8	235	240	2	235	239	250	0.950	0.979
LOKIASV2_1604_ESMFold_hypothetical_protein	MGYP001294135555.pdb.gz	MGYP001294135555.pdb.gz	2.382E-02	1.000	138	3	239	240	5	231	366	252	0.988	0.620
LOKIASV2_1604_ESMFold_hypothetical_protein	MGYP000492017956.pdb.gz	MGYP000492017956.pdb.gz	4.888E-02	1.000	138	5	239	240	2	284	374	286	0.979	0.757
LOKIASV2_1604_ESMFold_hypothetical_protein	MGYP000335314241.pdb.gz	MGYP000335314241.pdb.gz	3.412E-02	1.000	137	9	237	240	24	245	252	238	0.954	0.881
LOKIASV2_1604_ESMFold_hypothetical_protein	MGYP003980367707.pdb.gz	MGYP003980367707.pdb.gz	4.468E-02	1.000	137	4	239	240	14	253	255	247	0.983	0.941
LOKIASV2_1604_ESMFold_hypothetical_protein	MGYP003099421424.pdb.gz	MGYP003099421424.pdb.gz	1.903E-02	1.000	137	2	237	240	3	247	300	252	0.983	0.817
LOKIASV2_1604_ESMFold_hypothetical_protein	MGYP003383511642.pdb.gz	MGYP003383511642.pdb.gz	3.119E-02	1.000	137	12	239	240	2	212	305	242	0.950	0.692
LOKIASV2_1604_ESMFold_hypothetical_protein	MGYP001826000221.pdb.gz	MGYP001826000221.pdb.gz	4.272E-02	1.000	137	8	238	240	4	228	318	243	0.962	0.708
LOKIASV2_1604_ESMFold_hypothetical_protein	MGYP000072241519.pdb.gz	MGYP000072241519.pdb.gz	3.905E-02	1.000	137	1	238	240	112	352	364	259	0.992	0.662
LOKIASV2_1604_ESMFold_hypothetical_protein	MGYP002039542839.pdb.gz	MGYP002039542839.pdb.gz	1.590E-02	1.000	137	4	239	240	61	298	388	256	0.983	0.613
LOKIASV2_1604_ESMFold_hypothetical_protein	MGYP003578194095.pdb.gz	MGYP003578194095.pdb.gz	4.084E-02	1.000	137	1	238	240	1	242	412	257	0.992	0.587
LOKIASV2_1604_ESMFold_hypothetical_protein	MGYP001413964232.pdb.gz	MGYP001413964232.pdb.gz	1.214E-02	1.000	137	2	239	240	8	255	479	272	0.992	0.518
LOKIASV2_1604_ESMFold_hypothetical_protein	MGYP000964848453.pdb.gz	MGYP000964848453.pdb.gz	5.113E-02	1.000	136	2	224	240	5	219	225	231	0.929	0.956
LOKIASV2_1604_ESMFold_hypothetical_protein	MGYP001416151121.pdb.gz	MGYP001416151121.pdb.gz	3.119E-02	1.000	136	9	227	240	19	221	234	220	0.913	0.868
LOKIASV2_1604_ESMFold_hypothetical_protein	MGYP000538129707.pdb.gz	MGYP000538129707.pdb.gz	1.520E-02	1.000	136	1	237	240	1	230	285	249	0.988	0.807
LOKIASV2_1604_ESMFold_hypothetical_protein	MGYP000058261199.pdb.gz	MGYP000058261199.pdb.gz	6.401E-02	1.000	136	11	239	240	124	359	389	244	0.954	0.607
LOKIASV2_1604_ESMFold_hypothetical_protein	MGYP001472078509.pdb.gz	MGYP001472078509.pdb.gz	6.695E-02	1.000	136	4	238	240	105	332	423	245	0.979	0.539
LOKIASV2_1604_ESMFold_hypothetical_protein	MGYP001086707138.pdb.gz	MGYP001086707138.pdb.gz	1.903E-02	1.000	136	1	230	240	1	221	638	242	0.958	0.346
LOKIASV2_1604_ESMFold_hypothetical_protein	MGYP000031672267.pdb.gz	MGYP000031672267.pdb.gz	4.673E-02	1.000	135	1	227	240	1	230	236	245	0.946	0.975
LOKIASV2_1604_ESMFold_hypothetical_protein	MGYP000645514004.pdb.gz	MGYP000645514004.pdb.gz	1.819E-02	1.000	135	1	230	240	42	273	305	250	0.958	0.761
LOKIASV2_1604_ESMFold_hypothetical_protein	MGYP003603384488.pdb.gz	MGYP003603384488.pdb.gz	4.272E-02	1.000	135	5	227	240	2	221	381	238	0.929	0.577
LOKIASV2_1604_ESMFold_hypothetical_protein	MGYP000020184139.pdb.gz	MGYP000020184139.pdb.gz	6.695E-02	1.000	135	1	239	240	1	237	494	250	0.996	0.480
LOKIASV2_1604_ESMFold_hypothetical_protein	MGYP001309435096.pdb.gz	MGYP001309435096.pdb.gz	2.982E-02	1.000	135	3	234	240	31	251	514	243	0.967	0.430
LOKIASV2_1604_ESMFold_hypothetical_protein	MGYP000485764303.pdb.gz	MGYP000485764303.pdb.gz	1.903E-02	1.000	135	4	239	240	69	310	665	261	0.983	0.364
LOKIASV2_1604_ESMFold_hypothetical_protein	MGYP000916264445.pdb.gz	MGYP000916264445.pdb.gz	7.081E-03	1.000	135	2	239	240	25	253	681	254	0.992	0.336
LOKIASV2_1604_ESMFold_hypothetical_protein	MGYP001772664445.pdb.gz	MGYP001772664445.pdb.gz	4.673E-02	1.000	134	1	231	240	1	205	206	238	0.962	0.995
LOKIASV2_1604_ESMFold_hypothetical_protein	MGYP001767115402.pdb.gz	MGYP001767115402.pdb.gz	9.590E-02	1.000	134	1	215	240	1	205	206	220	0.896	0.995
LOKIASV2_1604_ESMFold_hypothetical_protein	MGYP001369142246.pdb.gz	MGYP001369142246.pdb.gz	1.503E-01	1.000	134	6	200	240	3	205	212	210	0.812	0.958
LOKIASV2_1604_ESMFold_hypothetical_protein	MGYP003291550859.pdb.gz	MGYP003291550859.pdb.gz	9.272E-03	1.000	134	1	240	240	1	237	237	260	1.000	1.000
LOKIASV2_1604_ESMFold_hypothetical_protein	MGYP003653982459.pdb.gz	MGYP003653982459.pdb.gz	1.520E-02	1.000	134	4	222	240	23	233	260	231	0.913	0.812
LOKIASV2_1604_ESMFold_hypothetical_protein	MGYP001158094249.pdb.gz	MGYP001158094249.pdb.gz	3.412E-02	1.000	134	11	240	240	46	272	272	240	0.958	0.835
LOKIASV2_1604_ESMFold_hypothetical_protein	MGYP001342176563.pdb.gz	MGYP001342176563.pdb.gz	3.569E-02	1.000	134	2	240	240	38	273	276	250	0.996	0.855
LOKIASV2_1604_ESMFold_hypothetical_protein	MGYP000129258014.pdb.gz	MGYP000129258014.pdb.gz	4.272E-02	1.000	134	4	231	240	28	256	339	243	0.950	0.676
LOKIASV2_1604_ESMFold_hypothetical_protein	MGYP001029270532.pdb.gz	MGYP001029270532.pdb.gz	3.733E-02	1.000	134	1	240	240	115	342	342	247	1.000	0.667
LOKIASV2_1604_ESMFold_hypothetical_protein	MGYP001583166350.pdb.gz	MGYP001583166350.pdb.gz	8.381E-02	1.000	134	8	238	240	109	342	363	247	0.962	0.645
LOKIASV2_1604_ESMFold_hypothetical_protein	MGYP000583348399.pdb.gz	MGYP000583348399.pdb.gz	3.905E-02	1.000	134	1	230	240	2	242	410	254	0.958	0.588
LOKIASV2_1604_ESMFold_hypothetical_protein	MGYP002779639496.pdb.gz	MGYP002779639496.pdb.gz	3.262E-02	1.000	134	1	238	240	1	234	412	247	0.992	0.568
LOKIASV2_1604_ESMFold_hypothetical_protein	MGYP000616137343.pdb.gz	MGYP000616137343.pdb.gz	2.606E-02	1.000	134	1	238	240	1	245	680	254	0.992	0.360
LOKIASV2_1604_ESMFold_hypothetical_protein	MGYP003966378195.pdb.gz	MGYP003966378195.pdb.gz	8.381E-02	1.000	133	2	227	240	11	220	225	231	0.942	0.933
LOKIASV2_1604_ESMFold_hypothetical_protein	MGYP000187483464.pdb.gz	MGYP000187483464.pdb.gz	2.606E-02	1.000	133	1	227	240	41	261	268	239	0.946	0.825
LOKIASV2_1604_ESMFold_hypothetical_protein	MGYP000135171829.pdb.gz	MGYP000135171829.pdb.gz	1.313E-01	1.000	133	1	240	240	1	230	270	251	1.000	0.852
LOKIASV2_1604_ESMFold_hypothetical_protein	MGYP000246213965.pdb.gz	MGYP000246213965.pdb.gz	1.739E-02	1.000	133	3	235	240	4	239	296	252	0.971	0.797
LOKIASV2_1604_ESMFold_hypothetical_protein	MGYP001398116003.pdb.gz	MGYP001398116003.pdb.gz	1.520E-02	1.000	133	13	239	240	2	228	301	238	0.946	0.754
LOKIASV2_1604_ESMFold_hypothetical_protein	MGYP003575539873.pdb.gz	MGYP003575539873.pdb.gz	2.726E-02	1.000	133	1	238	240	1	225	390	253	0.992	0.577
LOKIASV2_1604_ESMFold_hypothetical_protein	MGYP001178355405.pdb.gz	MGYP001178355405.pdb.gz	5.593E-02	1.000	133	2	239	240	6	263	833	272	0.992	0.310
LOKIASV2_1604_ESMFold_hypothetical_protein	MGYP001101276941.pdb.gz	MGYP001101276941.pdb.gz	1.049E-01	1.000	132	8	227	240	3	211	213	231	0.917	0.981
LOKIASV2_1604_ESMFold_hypothetical_protein	MGYP001791934665.pdb.gz	MGYP001791934665.pdb.gz	2.491E-02	1.000	132	1	240	240	1	218	218	251	1.000	1.000
LOKIASV2_1604_ESMFold_hypothetical_protein	MGYP001601968327.pdb.gz	MGYP001601968327.pdb.gz	3.119E-02	1.000	132	4	239	240	7	247	428	258	0.983	0.563
LOKIASV2_1604_ESMFold_hypothetical_protein	MGYP001057368940.pdb.gz	MGYP001057368940.pdb.gz	1.663E-02	1.000	132	6	239	240	34	252	577	245	0.975	0.380
LOKIASV2_1604_ESMFold_hypothetical_protein	MGYP001571705207.pdb.gz	MGYP001571705207.pdb.gz	2.082E-02	1.000	132	4	239	240	43	279	646	255	0.983	0.367
LOKIASV2_1604_ESMFold_hypothetical_protein	MGYP001203927914.pdb.gz	MGYP001203927914.pdb.gz	1.882E-01	1.000	131	5	205	240	2	204	208	210	0.837	0.976
LOKIASV2_1604_ESMFold_hypothetical_protein	MGYP000086800783.pdb.gz	MGYP000086800783.pdb.gz	2.382E-02	1.000	131	1	235	240	1	211	212	245	0.979	0.995
LOKIASV2_1604_ESMFold_hypothetical_protein	MGYP000176755523.pdb.gz	MGYP000176755523.pdb.gz	2.382E-02	1.000	131	4	234	240	12	214	215	248	0.962	0.944
LOKIASV2_1604_ESMFold_hypothetical_protein	MGYP001113732419.pdb.gz	MGYP001113732419.pdb.gz	9.590E-02	1.000	131	3	238	240	1	234	246	244	0.983	0.951
LOKIASV2_1604_ESMFold_hypothetical_protein	MGYP000728310293.pdb.gz	MGYP000728310293.pdb.gz	6.119E-02	1.000	131	8	237	240	62	282	290	241	0.958	0.762
LOKIASV2_1604_ESMFold_hypothetical_protein	MGYP001184563355.pdb.gz	MGYP001184563355.pdb.gz	4.468E-02	1.000	131	11	238	240	27	253	309	244	0.950	0.735
LOKIASV2_1604_ESMFold_hypothetical_protein	MGYP001454594914.pdb.gz	MGYP001454594914.pdb.gz	2.606E-02	1.000	131	3	239	240	27	250	325	245	0.988	0.689
LOKIASV2_1604_ESMFold_hypothetical_protein	MGYP001544522660.pdb.gz	MGYP001544522660.pdb.gz	7.324E-02	1.000	131	10	240	240	120	329	329	231	0.962	0.638
LOKIASV2_1604_ESMFold_hypothetical_protein	MGYP003293123930.pdb.gz	MGYP003293123930.pdb.gz	6.119E-02	1.000	131	4	227	240	12	228	388	238	0.933	0.559
LOKIASV2_1604_ESMFold_hypothetical_protein	MGYP001602693166.pdb.gz	MGYP001602693166.pdb.gz	1.590E-02	1.000	131	4	227	240	127	351	419	246	0.933	0.537
LOKIASV2_1604_ESMFold_hypothetical_protein	MGYP003618254544.pdb.gz	MGYP003618254544.pdb.gz	3.569E-02	1.000	131	2	238	240	8	269	445	271	0.988	0.589
LOKIASV2_1604_ESMFold_hypothetical_protein	MGYP003347440245.pdb.gz	MGYP003347440245.pdb.gz	1.097E-01	1.000	130	10	234	240	7	216	218	234	0.938	0.963
LOKIASV2_1604_ESMFold_hypothetical_protein	MGYP001016236345.pdb.gz	MGYP001016236345.pdb.gz	4.272E-02	1.000	130	1	240	240	3	226	230	256	1.000	0.974
LOKIASV2_1604_ESMFold_hypothetical_protein	MGYP003461275434.pdb.gz	MGYP003461275434.pdb.gz	8.013E-02	1.000	130	4	234	240	61	284	285	242	0.962	0.786
LOKIASV2_1604_ESMFold_hypothetical_protein	MGYP000683635283.pdb.gz	MGYP000683635283.pdb.gz	2.082E-02	1.000	130	8	238	240	99	346	371	263	0.962	0.668
LOKIASV2_1604_ESMFold_hypothetical_protein	MGYP003394597744.pdb.gz	MGYP003394597744.pdb.gz	3.905E-02	1.000	130	1	238	240	1	245	403	265	0.992	0.608
LOKIASV2_1604_ESMFold_hypothetical_protein	MGYP000986884782.pdb.gz	MGYP000986884782.pdb.gz	2.982E-02	1.000	130	1	239	240	42	278	681	260	0.996	0.348
LOKIASV2_1604_ESMFold_hypothetical_protein	MGYP003700095317.pdb.gz	MGYP003700095317.pdb.gz	6.119E-02	1.000	129	5	239	240	2	239	260	250	0.979	0.915
LOKIASV2_1604_ESMFold_hypothetical_protein	MGYP000885736314.pdb.gz	MGYP000885736314.pdb.gz	2.277E-02	1.000	129	2	238	240	11	264	286	269	0.988	0.888
LOKIASV2_1604_ESMFold_hypothetical_protein	MGYP001612894229.pdb.gz	MGYP001612894229.pdb.gz	2.606E-02	1.000	129	1	239	240	1	237	357	263	0.996	0.664
LOKIASV2_1604_ESMFold_hypothetical_protein	MGYP000303409021.pdb.gz	MGYP000303409021.pdb.gz	7.324E-02	1.000	129	11	240	240	154	373	373	237	0.958	0.590
LOKIASV2_1604_ESMFold_hypothetical_protein	MGYP000285902310.pdb.gz	MGYP000285902310.pdb.gz	9.169E-02	1.000	129	3	238	240	177	403	481	244	0.983	0.472
LOKIASV2_1604_ESMFold_hypothetical_protein	MGYP000914046366.pdb.gz	MGYP000914046366.pdb.gz	7.324E-02	1.000	129	3	238	240	17	272	514	266	0.983	0.498
LOKIASV2_1604_ESMFold_hypothetical_protein	MGYP000912380997.pdb.gz	MGYP000912380997.pdb.gz	3.569E-02	1.000	129	1	238	240	41	273	532	253	0.992	0.438
LOKIASV2_1604_ESMFold_hypothetical_protein	MGYP002622772549.pdb.gz	MGYP002622772549.pdb.gz	2.726E-02	1.000	129	10	238	240	194	416	638	244	0.954	0.350
LOKIASV2_1604_ESMFold_hypothetical_protein	MGYP000114149980.pdb.gz	MGYP000114149980.pdb.gz	7.002E-02	1.000	128	5	237	240	45	265	271	240	0.971	0.815
LOKIASV2_1604_ESMFold_hypothetical_protein	MGYP001317558440.pdb.gz	MGYP001317558440.pdb.gz	4.084E-02	1.000	128	5	238	240	2	241	274	254	0.975	0.876
LOKIASV2_1604_ESMFold_hypothetical_protein	MGYP001298847480.pdb.gz	MGYP001298847480.pdb.gz	3.733E-02	1.000	128	1	238	240	1	244	371	257	0.992	0.658
LOKIASV2_1604_ESMFold_hypothetical_protein	MGYP001358277628.pdb.gz	MGYP001358277628.pdb.gz	8.103E-03	1.000	127	10	240	240	2	227	227	252	0.962	0.996
LOKIASV2_1604_ESMFold_hypothetical_protein	MGYP000268174351.pdb.gz	MGYP000268174351.pdb.gz	7.324E-02	1.000	127	5	221	240	40	240	249	220	0.904	0.807
LOKIASV2_1604_ESMFold_hypothetical_protein	MGYP001791422213.pdb.gz	MGYP001791422213.pdb.gz	1.819E-02	1.000	127	1	235	240	23	285	293	273	0.979	0.898
LOKIASV2_1604_ESMFold_hypothetical_protein	MGYP000181343691.pdb.gz	MGYP000181343691.pdb.gz	3.569E-02	1.000	127	6	238	240	84	318	339	245	0.971	0.693
LOKIASV2_1604_ESMFold_hypothetical_protein	MGYP000489792172.pdb.gz	MGYP000489792172.pdb.gz	6.119E-02	1.000	127	8	238	240	5	222	389	246	0.962	0.560
LOKIASV2_1604_ESMFold_hypothetical_protein	MGYP001592409301.pdb.gz	MGYP001592409301.pdb.gz	4.272E-02	1.000	127	2	238	240	26	256	405	250	0.988	0.570
LOKIASV2_1604_ESMFold_hypothetical_protein	MGYP000591860126.pdb.gz	MGYP000591860126.pdb.gz	6.401E-02	1.000	127	1	237	240	31	270	454	258	0.988	0.529
LOKIASV2_1604_ESMFold_hypothetical_protein	MGYP000901242446.pdb.gz	MGYP000901242446.pdb.gz	1.739E-02	1.000	127	2	239	240	50	291	503	257	0.992	0.481
LOKIASV2_1604_ESMFold_hypothetical_protein	MGYP001631487133.pdb.gz	MGYP001631487133.pdb.gz	2.277E-02	1.000	126	4	240	240	6	233	233	247	0.988	0.979
LOKIASV2_1604_ESMFold_hypothetical_protein	MGYP003327480527.pdb.gz	MGYP003327480527.pdb.gz	8.381E-02	1.000	126	1	239	240	1	239	287	265	0.996	0.833
LOKIASV2_1604_ESMFold_hypothetical_protein	MGYP000397221078.pdb.gz	MGYP000397221078.pdb.gz	1.328E-02	1.000	126	9	224	240	40	248	290	231	0.900	0.721
LOKIASV2_1604_ESMFold_hypothetical_protein	MGYP001026993933.pdb.gz	MGYP001026993933.pdb.gz	4.888E-02	1.000	126	1	238	240	1	262	297	274	0.992	0.882
LOKIASV2_1604_ESMFold_hypothetical_protein	MGYP001122437564.pdb.gz	MGYP001122437564.pdb.gz	1.644E-01	1.000	126	2	235	240	3	229	306	240	0.975	0.742
LOKIASV2_1604_ESMFold_hypothetical_protein	MGYP000280058287.pdb.gz	MGYP000280058287.pdb.gz	3.733E-02	1.000	126	3	237	240	41	270	351	246	0.979	0.655
LOKIASV2_1604_ESMFold_hypothetical_protein	MGYP000851083320.pdb.gz	MGYP000851083320.pdb.gz	1.374E-01	1.000	126	2	225	240	190	416	416	244	0.933	0.546
LOKIASV2_1604_ESMFold_hypothetical_protein	MGYP000712002373.pdb.gz	MGYP000712002373.pdb.gz	4.673E-02	1.000	126	5	239	240	26	251	463	246	0.979	0.488
LOKIASV2_1604_ESMFold_hypothetical_protein	MGYP000194560791.pdb.gz	MGYP000194560791.pdb.gz	1.572E-01	1.000	126	9	237	240	23	248	501	242	0.954	0.451
LOKIASV2_1604_ESMFold_hypothetical_protein	MGYP000703150234.pdb.gz	MGYP000703150234.pdb.gz	7.324E-02	1.000	126	6	239	240	173	393	581	247	0.975	0.380
LOKIASV2_1604_ESMFold_hypothetical_protein	MGYP000033870951.pdb.gz	MGYP000033870951.pdb.gz	3.733E-02	1.000	125	1	224	240	1	223	234	237	0.933	0.953
LOKIASV2_1604_ESMFold_hypothetical_protein	MGYP000952890836.pdb.gz	MGYP000952890836.pdb.gz	1.003E-01	1.000	125	3	224	240	12	248	250	249	0.925	0.948
LOKIASV2_1604_ESMFold_hypothetical_protein	MGYP000973964865.pdb.gz	MGYP000973964865.pdb.gz	5.113E-02	1.000	125	1	240	240	1	219	251	244	1.000	0.873
LOKIASV2_1604_ESMFold_hypothetical_protein	MGYP000742326179.pdb.gz	MGYP000742326179.pdb.gz	7.747E-03	1.000	125	2	240	240	32	256	257	249	0.996	0.875
LOKIASV2_1604_ESMFold_hypothetical_protein	MGYP001345712056.pdb.gz	MGYP001345712056.pdb.gz	3.119E-02	1.000	125	1	220	240	44	260	261	236	0.917	0.831
LOKIASV2_1604_ESMFold_hypothetical_protein	MGYP001217933505.pdb.gz	MGYP001217933505.pdb.gz	2.177E-02	1.000	125	8	238	240	23	262	269	255	0.962	0.892
LOKIASV2_1604_ESMFold_hypothetical_protein	MGYP003330502640.pdb.gz	MGYP003330502640.pdb.gz	9.590E-02	1.000	125	8	238	240	2	229	306	252	0.962	0.745
LOKIASV2_1604_ESMFold_hypothetical_protein	MGYP001237538965.pdb.gz	MGYP001237538965.pdb.gz	5.348E-02	1.000	125	1	231	240	1	235	309	245	0.962	0.761
LOKIASV2_1604_ESMFold_hypothetical_protein	MGYP002547031472.pdb.gz	MGYP002547031472.pdb.gz	6.401E-02	1.000	125	4	239	240	3	235	316	252	0.983	0.737
LOKIASV2_1604_ESMFold_hypothetical_protein	MGYP001269105540.pdb.gz	MGYP001269105540.pdb.gz	4.468E-02	1.000	125	1	238	240	51	288	318	260	0.992	0.748
LOKIASV2_1604_ESMFold_hypothetical_protein	MGYP001425527094.pdb.gz	MGYP001425527094.pdb.gz	1.313E-01	1.000	125	1	227	240	1	231	343	246	0.946	0.673
LOKIASV2_1604_ESMFold_hypothetical_protein	MGYP000175410192.pdb.gz	MGYP000175410192.pdb.gz	2.177E-02	1.000	125	1	237	240	1	211	375	238	0.988	0.563
LOKIASV2_1604_ESMFold_hypothetical_protein	MGYP000081056486.pdb.gz	MGYP000081056486.pdb.gz	3.119E-02	1.000	125	1	237	240	42	276	408	255	0.988	0.576
LOKIASV2_1604_ESMFold_hypothetical_protein	MGYP001486960545.pdb.gz	MGYP001486960545.pdb.gz	8.865E-03	1.000	125	1	230	240	32	260	446	242	0.958	0.513
LOKIASV2_1604_ESMFold_hypothetical_protein	MGYP001626424080.pdb.gz	MGYP001626424080.pdb.gz	1.374E-01	1.000	124	1	232	240	1	199	200	243	0.967	0.995
LOKIASV2_1604_ESMFold_hypothetical_protein	MGYP001772870700.pdb.gz	MGYP001772870700.pdb.gz	1.799E-01	1.000	124	4	227	240	5	201	209	232	0.933	0.943
LOKIASV2_1604_ESMFold_hypothetical_protein	MGYP000377272323.pdb.gz	MGYP000377272323.pdb.gz	1.503E-01	1.000	124	4	237	240	13	220	221	245	0.975	0.941
LOKIASV2_1604_ESMFold_hypothetical_protein	MGYP000997492179.pdb.gz	MGYP000997492179.pdb.gz	7.002E-02	1.000	124	3	232	240	2	217	223	236	0.958	0.969
LOKIASV2_1604_ESMFold_hypothetical_protein	MGYP003973380413.pdb.gz	MGYP003973380413.pdb.gz	1.003E-01	1.000	124	1	239	240	1	219	223	254	0.996	0.982
LOKIASV2_1604_ESMFold_hypothetical_protein	MGYP001770833433.pdb.gz	MGYP001770833433.pdb.gz	1.903E-02	1.000	124	1	239	240	1	214	241	249	0.996	0.888
LOKIASV2_1604_ESMFold_hypothetical_protein	MGYP000249169709.pdb.gz	MGYP000249169709.pdb.gz	1.819E-02	1.000	124	4	239	240	51	281	285	258	0.983	0.811
LOKIASV2_1604_ESMFold_hypothetical_protein	MGYP001239127430.pdb.gz	MGYP001239127430.pdb.gz	1.148E-01	1.000	124	2	239	240	1	229	312	250	0.992	0.734
LOKIASV2_1604_ESMFold_hypothetical_protein	MGYP001766407663.pdb.gz	MGYP001766407663.pdb.gz	5.917E-03	1.000	124	1	228	240	57	284	313	243	0.950	0.728
LOKIASV2_1604_ESMFold_hypothetical_protein	MGYP003576599555.pdb.gz	MGYP003576599555.pdb.gz	5.348E-02	1.000	124	5	238	240	2	238	359	254	0.975	0.660
LOKIASV2_1604_ESMFold_hypothetical_protein	MGYP003575279056.pdb.gz	MGYP003575279056.pdb.gz	4.272E-02	1.000	124	4	238	240	113	357	438	263	0.979	0.559
LOKIASV2_1604_ESMFold_hypothetical_protein	MGYP000849802261.pdb.gz	MGYP000849802261.pdb.gz	2.153E-01	1.000	124	2	227	240	117	353	538	246	0.942	0.441
LOKIASV2_1604_ESMFold_hypothetical_protein	MGYP003111088504.pdb.gz	MGYP003111088504.pdb.gz	1.374E-01	1.000	124	11	238	240	187	398	679	233	0.950	0.312
LOKIASV2_1604_ESMFold_hypothetical_protein	MGYP002629938199.pdb.gz	MGYP002629938199.pdb.gz	4.468E-02	1.000	124	3	238	240	60	296	692	254	0.983	0.342
LOKIASV2_1604_ESMFold_hypothetical_protein	MGYP001372745530.pdb.gz	MGYP001372745530.pdb.gz	1.049E-01	1.000	123	1	238	240	13	275	296	271	0.992	0.889
LOKIASV2_1604_ESMFold_hypothetical_protein	MGYP001568865069.pdb.gz	MGYP001568865069.pdb.gz	4.272E-02	1.000	123	14	227	240	103	315	368	226	0.892	0.579
LOKIASV2_1604_ESMFold_hypothetical_protein	MGYP000987435727.pdb.gz	MGYP000987435727.pdb.gz	3.905E-02	1.000	123	1	238	240	56	295	431	253	0.992	0.557
LOKIASV2_1604_ESMFold_hypothetical_protein	MGYP001171420400.pdb.gz	MGYP001171420400.pdb.gz	3.262E-02	1.000	123	1	239	240	1	258	628	279	0.996	0.411
LOKIASV2_1604_ESMFold_hypothetical_protein	MGYP002516137807.pdb.gz	MGYP002516137807.pdb.gz	9.169E-02	1.000	123	9	239	240	4	234	633	251	0.962	0.365
LOKIASV2_1604_ESMFold_hypothetical_protein	MGYP001061104670.pdb.gz	MGYP001061104670.pdb.gz	4.418E-01	1.000	122	1	129	240	23	151	168	130	0.538	0.768
LOKIASV2_1604_ESMFold_hypothetical_protein	MGYP003502814471.pdb.gz	MGYP003502814471.pdb.gz	5.593E-02	1.000	122	1	224	240	5	226	227	239	0.933	0.978
LOKIASV2_1604_ESMFold_hypothetical_protein	MGYP000136072489.pdb.gz	MGYP000136072489.pdb.gz	4.084E-02	1.000	122	8	238	240	3	244	276	263	0.962	0.877
LOKIASV2_1604_ESMFold_hypothetical_protein	MGYP000412758985.pdb.gz	MGYP000412758985.pdb.gz	7.324E-02	1.000	122	1	239	240	1	225	278	250	0.996	0.809
LOKIASV2_1604_ESMFold_hypothetical_protein	MGYP001481667134.pdb.gz	MGYP001481667134.pdb.gz	3.262E-02	1.000	122	1	238	240	29	260	357	258	0.992	0.650
LOKIASV2_1604_ESMFold_hypothetical_protein	MGYP003291280476.pdb.gz	MGYP003291280476.pdb.gz	9.169E-02	1.000	122	4	227	240	12	228	388	237	0.933	0.559
LOKIASV2_1604_ESMFold_hypothetical_protein	MGYP001341937750.pdb.gz	MGYP001341937750.pdb.gz	8.381E-02	1.000	122	3	238	240	39	270	441	248	0.983	0.526
LOKIASV2_1604_ESMFold_hypothetical_protein	MGYP001187658557.pdb.gz	MGYP001187658557.pdb.gz	8.381E-02	1.000	122	1	239	240	1	227	532	247	0.996	0.427
LOKIASV2_1604_ESMFold_hypothetical_protein	MGYP000116361618.pdb.gz	MGYP000116361618.pdb.gz	7.661E-02	1.000	122	4	238	240	71	300	566	253	0.979	0.406
LOKIASV2_1604_ESMFold_hypothetical_protein	MGYP003513183497.pdb.gz	MGYP003513183497.pdb.gz	5.348E-02	1.000	121	1	227	240	1	212	223	238	0.946	0.951
LOKIASV2_1604_ESMFold_hypothetical_protein	MGYP000909892673.pdb.gz	MGYP000909892673.pdb.gz	1.572E-01	1.000	121	7	238	240	2	225	248	248	0.967	0.903
LOKIASV2_1604_ESMFold_hypothetical_protein	MGYP001283859991.pdb.gz	MGYP001283859991.pdb.gz	1.739E-02	1.000	121	1	237	240	1	225	260	258	0.988	0.865
LOKIASV2_1604_ESMFold_hypothetical_protein	MGYP001810123105.pdb.gz	MGYP001810123105.pdb.gz	2.153E-01	1.000	121	8	225	240	62	275	284	233	0.908	0.754
LOKIASV2_1604_ESMFold_hypothetical_protein	MGYP003397467620.pdb.gz	MGYP003397467620.pdb.gz	4.468E-02	1.000	121	11	235	240	71	288	289	237	0.938	0.754
LOKIASV2_1604_ESMFold_hypothetical_protein	MGYP000190772318.pdb.gz	MGYP000190772318.pdb.gz	4.084E-02	1.000	121	4	238	240	34	328	339	305	0.979	0.870
LOKIASV2_1604_ESMFold_hypothetical_protein	MGYP002639954680.pdb.gz	MGYP002639954680.pdb.gz	5.850E-02	1.000	121	3	238	240	89	322	380	254	0.983	0.616
LOKIASV2_1604_ESMFold_hypothetical_protein	MGYP000680808657.pdb.gz	MGYP000680808657.pdb.gz	6.401E-02	1.000	121	1	240	240	3	224	386	245	1.000	0.575
LOKIASV2_1604_ESMFold_hypothetical_protein	MGYP000488750231.pdb.gz	MGYP000488750231.pdb.gz	1.503E-01	1.000	121	1	227	240	127	350	448	238	0.946	0.500
LOKIASV2_1604_ESMFold_hypothetical_protein	MGYP002081357975.pdb.gz	MGYP002081357975.pdb.gz	1.819E-02	1.000	121	9	240	240	83	302	457	248	0.967	0.481
LOKIASV2_1604_ESMFold_hypothetical_protein	MGYP000904600879.pdb.gz	MGYP000904600879.pdb.gz	1.720E-01	1.000	121	1	239	240	7	243	458	256	0.996	0.517
LOKIASV2_1604_ESMFold_hypothetical_protein	MGYP000980908954.pdb.gz	MGYP000980908954.pdb.gz	2.252E-01	1.000	121	11	227	240	127	326	491	217	0.904	0.407
LOKIASV2_1604_ESMFold_hypothetical_protein	MGYP003146119028.pdb.gz	MGYP003146119028.pdb.gz	3.733E-02	1.000	121	2	224	240	43	269	538	244	0.929	0.422
LOKIASV2_1604_ESMFold_hypothetical_protein	MGYP000867250470.pdb.gz	MGYP000867250470.pdb.gz	1.374E-01	1.000	121	1	239	240	39	250	661	246	0.996	0.321
LOKIASV2_1604_ESMFold_hypothetical_protein	MGYP001351693005.pdb.gz	MGYP001351693005.pdb.gz	6.119E-02	1.000	120	10	239	240	19	236	240	243	0.958	0.908
LOKIASV2_1604_ESMFold_hypothetical_protein	MGYP000291176865.pdb.gz	MGYP000291176865.pdb.gz	5.593E-02	1.000	120	2	237	240	13	245	246	260	0.983	0.947
LOKIASV2_1604_ESMFold_hypothetical_protein	MGYP001340692661.pdb.gz	MGYP001340692661.pdb.gz	7.324E-02	1.000	120	3	239	240	2	219	249	243	0.988	0.876
LOKIASV2_1604_ESMFold_hypothetical_protein	MGYP000172337809.pdb.gz	MGYP000172337809.pdb.gz	1.214E-02	1.000	120	4	223	240	20	252	253	257	0.917	0.921
LOKIASV2_1604_ESMFold_hypothetical_protein	MGYP001800672326.pdb.gz	MGYP001800672326.pdb.gz	1.148E-01	1.000	120	4	239	240	30	299	321	272	0.983	0.841
LOKIASV2_1604_ESMFold_hypothetical_protein	MGYP001405488469.pdb.gz	MGYP001405488469.pdb.gz	7.324E-02	1.000	120	1	238	240	45	280	331	249	0.992	0.713
LOKIASV2_1604_ESMFold_hypothetical_protein	MGYP001478975202.pdb.gz	MGYP001478975202.pdb.gz	5.850E-02	1.000	120	1	224	240	120	332	338	235	0.933	0.630
LOKIASV2_1604_ESMFold_hypothetical_protein	MGYP000558697612.pdb.gz	MGYP000558697612.pdb.gz	5.348E-02	1.000	120	2	238	240	142	383	387	261	0.988	0.625
LOKIASV2_1604_ESMFold_hypothetical_protein	MGYP000427994417.pdb.gz	MGYP000427994417.pdb.gz	1.148E-01	1.000	120	2	239	240	120	363	464	258	0.992	0.526
LOKIASV2_1604_ESMFold_hypothetical_protein	MGYP003663137438.pdb.gz	MGYP003663137438.pdb.gz	8.381E-02	1.000	120	9	238	240	26	255	490	250	0.958	0.469
LOKIASV2_1604_ESMFold_hypothetical_protein	MGYP001061490607.pdb.gz	MGYP001061490607.pdb.gz	1.148E-01	1.000	120	3	234	240	46	266	504	238	0.967	0.438
LOKIASV2_1604_ESMFold_hypothetical_protein	MGYP001407046029.pdb.gz	MGYP001407046029.pdb.gz	8.476E-03	1.000	119	1	236	240	31	278	287	262	0.983	0.864
LOKIASV2_1604_ESMFold_hypothetical_protein	MGYP000294136607.pdb.gz	MGYP000294136607.pdb.gz	5.348E-02	1.000	119	10	239	240	169	379	504	240	0.958	0.419
LOKIASV2_1604_ESMFold_hypothetical_protein	MGYP003334587839.pdb.gz	MGYP003334587839.pdb.gz	8.766E-02	1.000	119	2	239	240	35	266	528	250	0.992	0.439
LOKIASV2_1604_ESMFold_hypothetical_protein	MGYP001069744168.pdb.gz	MGYP001069744168.pdb.gz	1.437E-01	1.000	118	10	233	240	5	231	232	240	0.933	0.978
LOKIASV2_1604_ESMFold_hypothetical_protein	MGYP001798752584.pdb.gz	MGYP001798752584.pdb.gz	6.119E-02	1.000	118	1	236	240	5	238	243	258	0.983	0.963
LOKIASV2_1604_ESMFold_hypothetical_protein	MGYP001381374005.pdb.gz	MGYP001381374005.pdb.gz	5.593E-02	1.000	118	9	238	240	2	215	244	239	0.958	0.877
LOKIASV2_1604_ESMFold_hypothetical_protein	MGYP003393278558.pdb.gz	MGYP003393278558.pdb.gz	1.503E-01	1.000	118	1	240	240	1	233	259	252	1.000	0.900
LOKIASV2_1604_ESMFold_hypothetical_protein	MGYP000588991616.pdb.gz	MGYP000588991616.pdb.gz	9.169E-02	1.000	118	1	238	240	19	257	262	255	0.992	0.912
LOKIASV2_1604_ESMFold_hypothetical_protein	MGYP001576759346.pdb.gz	MGYP001576759346.pdb.gz	2.277E-02	1.000	118	2	239	240	31	265	269	253	0.992	0.874
LOKIASV2_1604_ESMFold_hypothetical_protein	MGYP001385479898.pdb.gz	MGYP001385479898.pdb.gz	1.968E-01	1.000	118	1	228	240	1	220	294	237	0.950	0.748
LOKIASV2_1604_ESMFold_hypothetical_protein	MGYP003551907558.pdb.gz	MGYP003551907558.pdb.gz	1.374E-01	1.000	118	14	238	240	84	300	344	234	0.938	0.631
LOKIASV2_1604_ESMFold_hypothetical_protein	MGYP001810249699.pdb.gz	MGYP001810249699.pdb.gz	1.799E-01	1.000	118	4	235	240	7	276	383	271	0.967	0.705
LOKIASV2_1604_ESMFold_hypothetical_protein	MGYP001770892930.pdb.gz	MGYP001770892930.pdb.gz	1.049E-01	1.000	118	13	239	240	165	382	617	235	0.946	0.353
LOKIASV2_1604_ESMFold_hypothetical_protein	MGYP001087462123.pdb.gz	MGYP001087462123.pdb.gz	6.695E-02	1.000	117	5	237	240	2	223	298	246	0.971	0.745
LOKIASV2_1604_ESMFold_hypothetical_protein	MGYP002261712850.pdb.gz	MGYP002261712850.pdb.gz	1.503E-01	1.000	117	2	217	240	116	318	321	230	0.900	0.632
LOKIASV2_1604_ESMFold_hypothetical_protein	MGYP001801533739.pdb.gz	MGYP001801533739.pdb.gz	1.374E-01	1.000	117	4	239	240	22	299	327	279	0.983	0.850
LOKIASV2_1604_ESMFold_hypothetical_protein	MGYP003962477169.pdb.gz	MGYP003962477169.pdb.gz	1.256E-01	1.000	117	2	239	240	75	304	349	243	0.992	0.659
LOKIASV2_1604_ESMFold_hypothetical_protein	MGYP003973058173.pdb.gz	MGYP003973058173.pdb.gz	1.097E-01	1.000	117	10	237	240	41	278	377	248	0.950	0.631
LOKIASV2_1604_ESMFold_hypothetical_protein	MGYP001340714605.pdb.gz	MGYP001340714605.pdb.gz	1.148E-01	1.000	117	8	238	240	6	221	384	239	0.962	0.562
LOKIASV2_1604_ESMFold_hypothetical_protein	MGYP001792471099.pdb.gz	MGYP001792471099.pdb.gz	7.324E-02	1.000	117	1	239	240	58	327	430	275	0.996	0.628
LOKIASV2_1604_ESMFold_hypothetical_protein	MGYP000209656114.pdb.gz	MGYP000209656114.pdb.gz	4.084E-02	1.000	117	1	238	240	45	285	625	262	0.992	0.386
LOKIASV2_1604_ESMFold_hypothetical_protein	MGYP000910466475.pdb.gz	MGYP000910466475.pdb.gz	7.661E-02	1.000	117	2	238	240	181	411	640	249	0.988	0.361
LOKIASV2_1604_ESMFold_hypothetical_protein	MGYP001097166994.pdb.gz	MGYP001097166994.pdb.gz	1.201E-01	1.000	116	6	233	240	2	224	238	239	0.950	0.937
LOKIASV2_1604_ESMFold_hypothetical_protein	MGYP003542794924.pdb.gz	MGYP003542794924.pdb.gz	3.905E-02	1.000	116	4	224	240	6	220	252	235	0.921	0.853
LOKIASV2_1604_ESMFold_hypothetical_protein	MGYP000332452199.pdb.gz	MGYP000332452199.pdb.gz	5.348E-02	1.000	116	1	239	240	19	247	279	252	0.996	0.821
LOKIASV2_1604_ESMFold_hypothetical_protein	MGYP002625980573.pdb.gz	MGYP002625980573.pdb.gz	1.799E-01	1.000	116	2	239	240	62	282	332	247	0.992	0.666
LOKIASV2_1604_ESMFold_hypothetical_protein	MGYP001043444570.pdb.gz	MGYP001043444570.pdb.gz	3.119E-02	1.000	116	1	238	240	6	244	375	261	0.992	0.637
LOKIASV2_1604_ESMFold_hypothetical_protein	MGYP000701640560.pdb.gz	MGYP000701640560.pdb.gz	4.084E-02	1.000	116	1	235	240	1	226	375	248	0.979	0.603
LOKIASV2_1604_ESMFold_hypothetical_protein	MGYP000007459108.pdb.gz	MGYP000007459108.pdb.gz	2.577E-01	1.000	115	6	234	240	7	228	229	232	0.954	0.969
LOKIASV2_1604_ESMFold_hypothetical_protein	MGYP000568769512.pdb.gz	MGYP000568769512.pdb.gz	9.590E-02	1.000	115	1	238	240	1	256	277	263	0.992	0.924
LOKIASV2_1604_ESMFold_hypothetical_protein	MGYP000247223831.pdb.gz	MGYP000247223831.pdb.gz	2.949E-01	1.000	115	8	240	240	51	283	283	249	0.971	0.823
LOKIASV2_1604_ESMFold_hypothetical_protein	MGYP001491000712.pdb.gz	MGYP001491000712.pdb.gz	2.695E-01	1.000	115	1	226	240	1	216	287	243	0.942	0.753
LOKIASV2_1604_ESMFold_hypothetical_protein	MGYP001186431948.pdb.gz	MGYP001186431948.pdb.gz	4.888E-02	1.000	115	8	239	240	67	294	311	243	0.967	0.733
LOKIASV2_1604_ESMFold_hypothetical_protein	MGYP001792134745.pdb.gz	MGYP001792134745.pdb.gz	1.201E-01	1.000	115	4	238	240	36	314	330	279	0.979	0.845
LOKIASV2_1604_ESMFold_hypothetical_protein	MGYP000477193628.pdb.gz	MGYP000477193628.pdb.gz	1.201E-01	1.000	115	1	238	240	52	289	357	250	0.992	0.667
LOKIASV2_1604_ESMFold_hypothetical_protein	MGYP000594872348.pdb.gz	MGYP000594872348.pdb.gz	4.224E-01	1.000	114	4	230	240	6	217	218	248	0.946	0.972
LOKIASV2_1604_ESMFold_hypothetical_protein	MGYP000323383049.pdb.gz	MGYP000323383049.pdb.gz	4.224E-01	1.000	114	14	238	240	2	221	236	231	0.938	0.932
LOKIASV2_1604_ESMFold_hypothetical_protein	MGYP000274073016.pdb.gz	MGYP000274073016.pdb.gz	5.593E-02	1.000	114	1	224	240	7	228	239	235	0.933	0.929
LOKIASV2_1604_ESMFold_hypothetical_protein	MGYP001451872908.pdb.gz	MGYP001451872908.pdb.gz	1.990E-02	1.000	114	8	238	240	33	260	276	246	0.962	0.826
LOKIASV2_1604_ESMFold_hypothetical_protein	MGYP001319069099.pdb.gz	MGYP001319069099.pdb.gz	4.224E-01	1.000	114	11	235	240	130	338	340	231	0.938	0.615
LOKIASV2_1604_ESMFold_hypothetical_protein	MGYP003293011026.pdb.gz	MGYP003293011026.pdb.gz	2.058E-01	1.000	114	1	235	240	1	232	371	244	0.979	0.625
LOKIASV2_1604_ESMFold_hypothetical_protein	MGYP001806831680.pdb.gz	MGYP001806831680.pdb.gz	9.169E-02	1.000	114	1	238	240	13	240	400	260	0.992	0.570
LOKIASV2_1604_ESMFold_hypothetical_protein	MGYP000632509591.pdb.gz	MGYP000632509591.pdb.gz	4.084E-02	1.000	114	4	237	240	33	257	417	249	0.975	0.540
LOKIASV2_1604_ESMFold_hypothetical_protein	MGYP001094009224.pdb.gz	MGYP001094009224.pdb.gz	9.590E-02	1.000	114	1	240	240	4	238	455	263	1.000	0.516
LOKIASV2_1604_ESMFold_hypothetical_protein	MGYP001128076648.pdb.gz	MGYP001128076648.pdb.gz	2.949E-01	1.000	114	2	240	240	67	298	512	246	0.996	0.453
LOKIASV2_1604_ESMFold_hypothetical_protein	MGYP001182390560.pdb.gz	MGYP001182390560.pdb.gz	2.726E-02	1.000	114	3	238	240	50	279	626	246	0.983	0.367
LOKIASV2_1604_ESMFold_hypothetical_protein	MGYP003767268073.pdb.gz	MGYP003767268073.pdb.gz	5.850E-02	1.000	114	2	236	240	60	287	696	251	0.979	0.328
LOKIASV2_1604_ESMFold_hypothetical_protein	MGYP001811100460.pdb.gz	MGYP001811100460.pdb.gz	2.355E-01	1.000	113	16	213	240	2	201	202	214	0.825	0.990
LOKIASV2_1604_ESMFold_hypothetical_protein	MGYP001593771173.pdb.gz	MGYP001593771173.pdb.gz	1.256E-01	1.000	113	3	221	240	4	209	212	228	0.913	0.972
LOKIASV2_1604_ESMFold_hypothetical_protein	MGYP000969762937.pdb.gz	MGYP000969762937.pdb.gz	2.355E-01	1.000	113	2	240	240	11	248	248	254	0.996	0.960
LOKIASV2_1604_ESMFold_hypothetical_protein	MGYP001415202279.pdb.gz	MGYP001415202279.pdb.gz	3.733E-02	1.000	113	7	239	240	45	284	306	263	0.971	0.784
LOKIASV2_1604_ESMFold_hypothetical_protein	MGYP002574735884.pdb.gz	MGYP002574735884.pdb.gz	3.084E-01	1.000	113	1	227	240	1	229	321	243	0.946	0.713
LOKIASV2_1604_ESMFold_hypothetical_protein	MGYP001210751279.pdb.gz	MGYP001210751279.pdb.gz	2.277E-02	1.000	113	5	238	240	58	291	325	270	0.975	0.720
LOKIASV2_1604_ESMFold_hypothetical_protein	MGYP002762139659.pdb.gz	MGYP002762139659.pdb.gz	1.049E-01	1.000	113	6	239	240	174	400	554	246	0.975	0.410
LOKIASV2_1604_ESMFold_hypothetical_protein	MGYP000420383909.pdb.gz	MGYP000420383909.pdb.gz	6.051E-01	1.000	112	1	221	240	2	205	207	229	0.921	0.986
LOKIASV2_1604_ESMFold_hypothetical_protein	MGYP001220220593.pdb.gz	MGYP001220220593.pdb.gz	3.691E-01	1.000	112	14	239	240	3	223	227	241	0.942	0.974
LOKIASV2_1604_ESMFold_hypothetical_protein	MGYP000092845371.pdb.gz	MGYP000092845371.pdb.gz	1.256E-01	1.000	112	3	224	240	1	224	235	236	0.925	0.953
LOKIASV2_1604_ESMFold_hypothetical_protein	MGYP000863746622.pdb.gz	MGYP000863746622.pdb.gz	1.882E-01	1.000	112	1	239	240	1	232	272	251	0.996	0.853
LOKIASV2_1604_ESMFold_hypothetical_protein	MGYP003647819931.pdb.gz	MGYP003647819931.pdb.gz	1.374E-01	1.000	112	4	239	240	17	286	312	273	0.983	0.865
LOKIASV2_1604_ESMFold_hypothetical_protein	MGYP001187701718.pdb.gz	MGYP001187701718.pdb.gz	1.437E-01	1.000	112	1	240	240	1	235	373	255	1.000	0.630
LOKIASV2_1604_ESMFold_hypothetical_protein	MGYP000545250203.pdb.gz	MGYP000545250203.pdb.gz	3.529E-01	1.000	111	1	163	240	8	156	158	167	0.679	0.943
LOKIASV2_1604_ESMFold_hypothetical_protein	MGYP000467518439.pdb.gz	MGYP000467518439.pdb.gz	1.644E-01	1.000	111	1	230	240	1	222	223	245	0.958	0.996
LOKIASV2_1604_ESMFold_hypothetical_protein	MGYP000845522607.pdb.gz	MGYP000845522607.pdb.gz	4.084E-02	1.000	111	1	238	240	1	230	240	253	0.992	0.958
LOKIASV2_1604_ESMFold_hypothetical_protein	MGYP001229689824.pdb.gz	MGYP001229689824.pdb.gz	8.766E-02	1.000	111	1	239	240	1	214	252	241	0.996	0.849
LOKIASV2_1604_ESMFold_hypothetical_protein	MGYP000702114543.pdb.gz	MGYP000702114543.pdb.gz	2.491E-02	1.000	111	3	228	240	32	253	253	237	0.942	0.877
LOKIASV2_1604_ESMFold_hypothetical_protein	MGYP000560103474.pdb.gz	MGYP000560103474.pdb.gz	7.002E-02	1.000	111	12	220	240	10	221	257	223	0.871	0.825
LOKIASV2_1604_ESMFold_hypothetical_protein	MGYP001491196459.pdb.gz	MGYP001491196459.pdb.gz	7.661E-02	1.000	111	1	233	240	1	257	258	269	0.971	0.996
LOKIASV2_1604_ESMFold_hypothetical_protein	MGYP001055330477.pdb.gz	MGYP001055330477.pdb.gz	2.355E-01	1.000	111	4	233	240	28	258	259	242	0.958	0.892
LOKIASV2_1604_ESMFold_hypothetical_protein	MGYP001545855696.pdb.gz	MGYP001545855696.pdb.gz	2.153E-01	1.000	111	8	239	240	2	230	261	245	0.967	0.877
LOKIASV2_1604_ESMFold_hypothetical_protein	MGYP000314146713.pdb.gz	MGYP000314146713.pdb.gz	6.695E-02	1.000	111	5	234	240	32	253	269	238	0.958	0.825
LOKIASV2_1604_ESMFold_hypothetical_protein	MGYP000129603664.pdb.gz	MGYP000129603664.pdb.gz	2.982E-02	1.000	111	4	230	240	46	263	269	235	0.946	0.810
LOKIASV2_1604_ESMFold_hypothetical_protein	MGYP000274075301.pdb.gz	MGYP000274075301.pdb.gz	2.082E-02	1.000	111	4	240	240	37	271	271	246	0.988	0.867
LOKIASV2_1604_ESMFold_hypothetical_protein	MGYP001289188504.pdb.gz	MGYP001289188504.pdb.gz	1.882E-01	1.000	111	3	235	240	2	216	342	242	0.971	0.629
LOKIASV2_1604_ESMFold_hypothetical_protein	MGYP000864357309.pdb.gz	MGYP000864357309.pdb.gz	1.503E-01	1.000	111	5	237	240	4	233	444	249	0.971	0.518
LOKIASV2_1604_ESMFold_hypothetical_protein	MGYP000207866611.pdb.gz	MGYP000207866611.pdb.gz	1.572E-01	1.000	111	9	239	240	49	279	472	248	0.962	0.489
LOKIASV2_1604_ESMFold_hypothetical_protein	MGYP000619088789.pdb.gz	MGYP000619088789.pdb.gz	1.720E-01	1.000	111	5	237	240	60	288	480	247	0.971	0.477
LOKIASV2_1604_ESMFold_hypothetical_protein	MGYP001572773262.pdb.gz	MGYP001572773262.pdb.gz	1.990E-02	1.000	110	4	239	240	10	243	245	251	0.983	0.955
LOKIASV2_1604_ESMFold_hypothetical_protein	MGYP000642670525.pdb.gz	MGYP000642670525.pdb.gz	1.003E-01	1.000	110	2	240	240	15	235	247	246	0.996	0.895
LOKIASV2_1604_ESMFold_hypothetical_protein	MGYP002554375183.pdb.gz	MGYP002554375183.pdb.gz	1.882E-01	1.000	110	3	226	240	45	257	261	229	0.933	0.816
LOKIASV2_1604_ESMFold_hypothetical_protein	MGYP003579385895.pdb.gz	MGYP003579385895.pdb.gz	2.058E-01	1.000	110	7	238	240	5	232	291	243	0.967	0.784
LOKIASV2_1604_ESMFold_hypothetical_protein	MGYP001579464510.pdb.gz	MGYP001579464510.pdb.gz	2.277E-02	1.000	110	2	239	240	36	267	301	250	0.992	0.771
LOKIASV2_1604_ESMFold_hypothetical_protein	MGYP000362535826.pdb.gz	MGYP000362535826.pdb.gz	2.695E-01	1.000	110	1	225	240	133	357	357	243	0.938	0.630
LOKIASV2_1604_ESMFold_hypothetical_protein	MGYP001792876372.pdb.gz	MGYP001792876372.pdb.gz	7.002E-02	1.000	110	4	239	240	69	346	374	285	0.983	0.743
LOKIASV2_1604_ESMFold_hypothetical_protein	MGYP000994469048.pdb.gz	MGYP000994469048.pdb.gz	2.252E-01	1.000	110	1	230	240	1	255	398	261	0.958	0.641
LOKIASV2_1604_ESMFold_hypothetical_protein	MGYP000421616867.pdb.gz	MGYP000421616867.pdb.gz	8.381E-02	1.000	110	1	239	240	10	268	468	272	0.996	0.553
LOKIASV2_1604_ESMFold_hypothetical_protein	MGYP001172365764.pdb.gz	MGYP001172365764.pdb.gz	1.644E-01	1.000	110	5	237	240	39	267	474	245	0.971	0.483
LOKIASV2_1604_ESMFold_hypothetical_protein	MGYP000400238565.pdb.gz	MGYP000400238565.pdb.gz	9.169E-02	1.000	110	4	238	240	79	311	554	256	0.979	0.421
LOKIASV2_1604_ESMFold_hypothetical_protein	MGYP000023509589.pdb.gz	MGYP000023509589.pdb.gz	1.882E-01	1.000	110	1	238	240	1	240	671	252	0.992	0.358
LOKIASV2_1604_ESMFold_hypothetical_protein	MGYP001558712342.pdb.gz	MGYP001558712342.pdb.gz	2.819E-01	1.000	109	8	195	240	12	176	177	192	0.783	0.932
LOKIASV2_1604_ESMFold_hypothetical_protein	MGYP001767806478.pdb.gz	MGYP001767806478.pdb.gz	2.851E-02	1.000	109	10	224	240	2	215	218	227	0.896	0.982
LOKIASV2_1604_ESMFold_hypothetical_protein	MGYP003530189221.pdb.gz	MGYP003530189221.pdb.gz	5.113E-02	1.000	109	1	235	240	1	225	226	248	0.979	0.996
LOKIASV2_1604_ESMFold_hypothetical_protein	MGYP000906782078.pdb.gz	MGYP000906782078.pdb.gz	3.374E-01	1.000	109	1	239	240	1	238	296	252	0.996	0.804
LOKIASV2_1604_ESMFold_hypothetical_protein	MGYP000346887528.pdb.gz	MGYP000346887528.pdb.gz	3.529E-01	1.000	109	1	233	240	1	237	323	248	0.971	0.734
LOKIASV2_1604_ESMFold_hypothetical_protein	MGYP001357906306.pdb.gz	MGYP001357906306.pdb.gz	1.882E-01	1.000	109	8	240	240	3	226	354	243	0.971	0.633
LOKIASV2_1604_ESMFold_hypothetical_protein	MGYP000195554565.pdb.gz	MGYP000195554565.pdb.gz	4.038E-01	1.000	109	3	238	240	1	225	355	242	0.983	0.634
LOKIASV2_1604_ESMFold_hypothetical_protein	MGYP001249947552.pdb.gz	MGYP001249947552.pdb.gz	1.437E-01	1.000	109	8	239	240	53	279	459	242	0.967	0.495
LOKIASV2_1604_ESMFold_hypothetical_protein	MGYP001592661669.pdb.gz	MGYP001592661669.pdb.gz	2.464E-01	1.000	109	5	238	240	13	261	473	262	0.975	0.526
LOKIASV2_1604_ESMFold_hypothetical_protein	MGYP001544585479.pdb.gz	MGYP001544585479.pdb.gz	3.226E-01	1.000	109	1	240	240	5	236	492	244	1.000	0.472
LOKIASV2_1604_ESMFold_hypothetical_protein	MGYP001247359891.pdb.gz	MGYP001247359891.pdb.gz	5.113E-02	1.000	108	2	222	240	28	247	248	237	0.921	0.887
LOKIASV2_1604_ESMFold_hypothetical_protein	MGYP001145153347.pdb.gz	MGYP001145153347.pdb.gz	5.850E-02	1.000	108	2	234	240	30	257	259	243	0.971	0.880
LOKIASV2_1604_ESMFold_hypothetical_protein	MGYP000085008162.pdb.gz	MGYP000085008162.pdb.gz	2.252E-01	1.000	108	1	239	240	22	251	267	253	0.996	0.861
LOKIASV2_1604_ESMFold_hypothetical_protein	MGYP001618361472.pdb.gz	MGYP001618361472.pdb.gz	8.766E-02	1.000	108	1	238	240	41	284	326	265	0.992	0.748
LOKIASV2_1604_ESMFold_hypothetical_protein	MGYP001814698227.pdb.gz	MGYP001814698227.pdb.gz	6.924E-01	1.000	108	1	227	240	29	243	327	237	0.946	0.657
LOKIASV2_1604_ESMFold_hypothetical_protein	MGYP001546735737.pdb.gz	MGYP001546735737.pdb.gz	9.590E-02	1.000	108	4	239	240	30	317	338	289	0.983	0.852
LOKIASV2_1604_ESMFold_hypothetical_protein	MGYP000212218714.pdb.gz	MGYP000212218714.pdb.gz	3.412E-02	1.000	108	1	235	240	3	237	365	257	0.979	0.644
LOKIASV2_1604_ESMFold_hypothetical_protein	MGYP003393818881.pdb.gz	MGYP003393818881.pdb.gz	1.256E-01	1.000	108	2	238	240	44	281	494	252	0.988	0.482
LOKIASV2_1604_ESMFold_hypothetical_protein	MGYP001791554742.pdb.gz	MGYP001791554742.pdb.gz	3.529E-01	1.000	108	2	236	240	37	259	506	239	0.979	0.441
LOKIASV2_1604_ESMFold_hypothetical_protein	MGYP001772481696.pdb.gz	MGYP001772481696.pdb.gz	1.882E-01	1.000	107	8	233	240	2	180	181	232	0.942	0.989
LOKIASV2_1604_ESMFold_hypothetical_protein	MGYP000508474718.pdb.gz	MGYP000508474718.pdb.gz	3.905E-02	1.000	107	5	231	240	41	266	267	242	0.946	0.846
LOKIASV2_1604_ESMFold_hypothetical_protein	MGYP000533370084.pdb.gz	MGYP000533370084.pdb.gz	6.051E-01	1.000	107	8	240	240	16	241	288	248	0.971	0.785
LOKIASV2_1604_ESMFold_hypothetical_protein	MGYP001444929116.pdb.gz	MGYP001444929116.pdb.gz	6.695E-02	1.000	107	11	238	240	2	218	334	233	0.950	0.650
LOKIASV2_1604_ESMFold_hypothetical_protein	MGYP002623800851.pdb.gz	MGYP002623800851.pdb.gz	2.058E-01	1.000	107	4	238	240	3	233	370	249	0.979	0.624
LOKIASV2_1604_ESMFold_hypothetical_protein	MGYP001817263242.pdb.gz	MGYP001817263242.pdb.gz	1.572E-01	1.000	107	3	222	240	40	270	378	235	0.917	0.611
LOKIASV2_1604_ESMFold_hypothetical_protein	MGYP001821725471.pdb.gz	MGYP001821725471.pdb.gz	1.049E-01	1.000	107	2	240	240	191	417	465	249	0.996	0.488
LOKIASV2_1604_ESMFold_hypothetical_protein	MGYP000202176158.pdb.gz	MGYP000202176158.pdb.gz	2.726E-02	1.000	107	6	240	240	173	377	522	238	0.979	0.393
LOKIASV2_1604_ESMFold_hypothetical_protein	MGYP000052232796.pdb.gz	MGYP000052232796.pdb.gz	4.673E-02	1.000	107	3	232	240	48	266	542	240	0.958	0.404
LOKIASV2_1604_ESMFold_hypothetical_protein	MGYP000670718013.pdb.gz	MGYP000670718013.pdb.gz	1.313E-01	1.000	107	3	235	240	130	370	851	257	0.971	0.283
LOKIASV2_1604_ESMFold_hypothetical_protein	MGYP000482745307.pdb.gz	MGYP000482745307.pdb.gz	8.668E-01	1.000	106	40	227	240	6	188	200	196	0.783	0.915
LOKIASV2_1604_ESMFold_hypothetical_protein	MGYP001069152133.pdb.gz	MGYP001069152133.pdb.gz	3.374E-01	1.000	106	4	237	240	3	232	233	246	0.975	0.987
LOKIASV2_1604_ESMFold_hypothetical_protein	MGYP000844150796.pdb.gz	MGYP000844150796.pdb.gz	9.169E-02	1.000	106	1	239	240	1	215	246	248	0.996	0.874
LOKIASV2_1604_ESMFold_hypothetical_protein	MGYP001801852770.pdb.gz	MGYP001801852770.pdb.gz	3.226E-01	1.000	106	1	231	240	5	250	255	254	0.962	0.965
LOKIASV2_1604_ESMFold_hypothetical_protein	MGYP000846732921.pdb.gz	MGYP000846732921.pdb.gz	1.313E-01	1.000	106	7	237	240	50	257	259	242	0.962	0.803
LOKIASV2_1604_ESMFold_hypothetical_protein	MGYP000213596870.pdb.gz	MGYP000213596870.pdb.gz	6.119E-02	1.000	106	4	240	240	51	278	278	256	0.988	0.820
LOKIASV2_1604_ESMFold_hypothetical_protein	MGYP002725477666.pdb.gz	MGYP002725477666.pdb.gz	2.949E-01	1.000	106	3	238	240	1	233	312	246	0.983	0.747
LOKIASV2_1604_ESMFold_hypothetical_protein	MGYP002626983246.pdb.gz	MGYP002626983246.pdb.gz	2.577E-01	1.000	106	4	238	240	6	235	323	260	0.979	0.712
LOKIASV2_1604_ESMFold_hypothetical_protein	MGYP000235007330.pdb.gz	MGYP000235007330.pdb.gz	3.861E-01	1.000	106	14	238	240	123	355	358	248	0.938	0.651
LOKIASV2_1604_ESMFold_hypothetical_protein	MGYP000874958827.pdb.gz	MGYP000874958827.pdb.gz	4.468E-02	1.000	106	4	233	240	41	260	559	245	0.958	0.394
LOKIASV2_1604_ESMFold_hypothetical_protein	MGYP001809750799.pdb.gz	MGYP001809750799.pdb.gz	6.401E-02	1.000	106	1	239	240	48	284	562	255	0.996	0.422
LOKIASV2_1604_ESMFold_hypothetical_protein	MGYP001112712658.pdb.gz	MGYP001112712658.pdb.gz	3.374E-01	1.000	106	1	238	240	37	273	649	259	0.992	0.365
LOKIASV2_1604_ESMFold_hypothetical_protein	MGYP000368147554.pdb.gz	MGYP000368147554.pdb.gz	8.766E-02	1.000	105	1	240	240	35	256	256	251	1.000	0.867
LOKIASV2_1604_ESMFold_hypothetical_protein	MGYP001487135825.pdb.gz	MGYP001487135825.pdb.gz	2.153E-01	1.000	105	4	238	240	42	276	280	249	0.979	0.839
LOKIASV2_1604_ESMFold_hypothetical_protein	MGYP001091471391.pdb.gz	MGYP001091471391.pdb.gz	8.766E-02	1.000	105	3	234	240	44	273	447	249	0.967	0.515
LOKIASV2_1604_ESMFold_hypothetical_protein	MGYP001451798050.pdb.gz	MGYP001451798050.pdb.gz	1.374E-01	1.000	105	2	238	240	5	232	447	249	0.988	0.510
LOKIASV2_1604_ESMFold_hypothetical_protein	MGYP001143310214.pdb.gz	MGYP001143310214.pdb.gz	8.766E-02	1.000	105	8	239	240	42	279	455	252	0.967	0.523
LOKIASV2_1604_ESMFold_hypothetical_protein	MGYP003956006395.pdb.gz	MGYP003956006395.pdb.gz	2.355E-01	1.000	105	2	240	240	75	312	508	256	0.996	0.469
LOKIASV2_1604_ESMFold_hypothetical_protein	MGYP000332742631.pdb.gz	MGYP000332742631.pdb.gz	5.850E-02	1.000	104	4	235	240	13	235	238	246	0.967	0.937
LOKIASV2_1604_ESMFold_hypothetical_protein	MGYP000356607628.pdb.gz	MGYP000356607628.pdb.gz	1.882E-01	1.000	104	2	227	240	36	250	254	229	0.942	0.846
LOKIASV2_1604_ESMFold_hypothetical_protein	MGYP003301461228.pdb.gz	MGYP003301461228.pdb.gz	5.531E-01	1.000	104	3	237	240	1	224	259	242	0.979	0.865
LOKIASV2_1604_ESMFold_hypothetical_protein	MGYP003576352082.pdb.gz	MGYP003576352082.pdb.gz	8.381E-02	1.000	104	3	239	240	44	268	298	248	0.988	0.755
LOKIASV2_1604_ESMFold_hypothetical_protein	MGYP001589000831.pdb.gz	MGYP001589000831.pdb.gz	7.923E-01	1.000	104	1	239	240	1	237	381	254	0.996	0.622
LOKIASV2_1604_ESMFold_hypothetical_protein	MGYP001212056837.pdb.gz	MGYP001212056837.pdb.gz	2.851E-02	1.000	104	2	236	240	36	285	427	261	0.979	0.585
LOKIASV2_1604_ESMFold_hypothetical_protein	MGYP000626524682.pdb.gz	MGYP000626524682.pdb.gz	3.084E-01	1.000	104	8	238	240	152	371	595	242	0.962	0.370
LOKIASV2_1604_ESMFold_hypothetical_protein	MGYP001290749606.pdb.gz	MGYP001290749606.pdb.gz	3.226E-01	1.000	104	2	238	240	201	426	716	250	0.988	0.316
LOKIASV2_1604_ESMFold_hypothetical_protein	MGYP001770955803.pdb.gz	MGYP001770955803.pdb.gz	8.013E-02	1.000	104	2	231	240	19	246	743	238	0.958	0.307
LOKIASV2_1604_ESMFold_hypothetical_protein	MGYP001578262509.pdb.gz	MGYP001578262509.pdb.gz	5.785E-01	1.000	103	4	225	240	7	192	192	223	0.925	0.969
LOKIASV2_1604_ESMFold_hypothetical_protein	MGYP001135069753.pdb.gz	MGYP001135069753.pdb.gz	2.949E-01	1.000	103	1	222	240	3	222	223	243	0.925	0.987
LOKIASV2_1604_ESMFold_hypothetical_protein	MGYP001084986334.pdb.gz	MGYP001084986334.pdb.gz	2.153E-01	1.000	103	4	226	240	6	208	233	229	0.929	0.871
LOKIASV2_1604_ESMFold_hypothetical_protein	MGYP003466003798.pdb.gz	MGYP003466003798.pdb.gz	1.374E-01	1.000	103	4	234	240	16	239	240	245	0.962	0.933
LOKIASV2_1604_ESMFold_hypothetical_protein	MGYP001476244968.pdb.gz	MGYP001476244968.pdb.gz	8.381E-02	1.000	103	7	240	240	37	269	269	249	0.975	0.866
LOKIASV2_1604_ESMFold_hypothetical_protein	MGYP001798636778.pdb.gz	MGYP001798636778.pdb.gz	5.288E-01	1.000	103	7	227	240	4	211	279	228	0.921	0.746
LOKIASV2_1604_ESMFold_hypothetical_protein	MGYP001031052354.pdb.gz	MGYP001031052354.pdb.gz	5.850E-02	1.000	103	1	238	240	28	273	280	255	0.992	0.879
LOKIASV2_1604_ESMFold_hypothetical_protein	MGYP001606515026.pdb.gz	MGYP001606515026.pdb.gz	6.924E-01	1.000	103	35	238	240	1	193	289	208	0.850	0.668
LOKIASV2_1604_ESMFold_hypothetical_protein	MGYP003575299487.pdb.gz	MGYP003575299487.pdb.gz	3.084E-01	1.000	103	1	238	240	1	235	291	253	0.992	0.808
LOKIASV2_1604_ESMFold_hypothetical_protein	MGYP001571463638.pdb.gz	MGYP001571463638.pdb.gz	2.949E-01	1.000	103	1	239	240	58	292	295	257	0.996	0.797
LOKIASV2_1604_ESMFold_hypothetical_protein	MGYP001288006912.pdb.gz	MGYP001288006912.pdb.gz	7.575E-01	1.000	103	8	238	240	3	243	310	257	0.962	0.777
LOKIASV2_1604_ESMFold_hypothetical_protein	MGYP000896185538.pdb.gz	MGYP000896185538.pdb.gz	2.153E-01	1.000	103	6	238	240	57	275	319	245	0.971	0.687
LOKIASV2_1604_ESMFold_hypothetical_protein	MGYP000417150585.pdb.gz	MGYP000417150585.pdb.gz	2.695E-01	1.000	103	1	238	240	1	244	340	257	0.992	0.718
LOKIASV2_1604_ESMFold_hypothetical_protein	MGYP000945601241.pdb.gz	MGYP000945601241.pdb.gz	3.691E-01	1.000	103	2	239	240	119	351	356	252	0.992	0.654
LOKIASV2_1604_ESMFold_hypothetical_protein	MGYP001378676282.pdb.gz	MGYP001378676282.pdb.gz	1.256E-01	1.000	103	2	233	240	95	320	387	240	0.967	0.584
LOKIASV2_1604_ESMFold_hypothetical_protein	MGYP000900363585.pdb.gz	MGYP000900363585.pdb.gz	3.529E-01	1.000	103	8	238	240	149	388	407	246	0.962	0.590
LOKIASV2_1604_ESMFold_hypothetical_protein	MGYP000549925664.pdb.gz	MGYP000549925664.pdb.gz	5.531E-01	1.000	103	1	227	240	166	382	626	233	0.946	0.347
LOKIASV2_1604_ESMFold_hypothetical_protein	MGYP002621528685.pdb.gz	MGYP002621528685.pdb.gz	1.049E-01	1.000	103	3	238	240	59	302	668	261	0.983	0.365
LOKIASV2_1604_ESMFold_hypothetical_protein	MGYP003968671887.pdb.gz	MGYP003968671887.pdb.gz	6.924E-01	1.000	102	1	191	240	3	199	201	204	0.796	0.980
LOKIASV2_1604_ESMFold_hypothetical_protein	MGYP001213164227.pdb.gz	MGYP001213164227.pdb.gz	3.529E-01	1.000	102	12	221	240	3	225	227	231	0.875	0.982
LOKIASV2_1604_ESMFold_hypothetical_protein	MGYP001171381954.pdb.gz	MGYP001171381954.pdb.gz	1.256E-01	1.000	102	2	226	240	26	244	245	242	0.938	0.894
LOKIASV2_1604_ESMFold_hypothetical_protein	MGYP001054360309.pdb.gz	MGYP001054360309.pdb.gz	8.668E-01	1.000	102	12	239	240	2	242	288	253	0.950	0.837
LOKIASV2_1604_ESMFold_hypothetical_protein	MGYP001947533989.pdb.gz	MGYP001947533989.pdb.gz	2.819E-01	1.000	102	8	218	240	156	344	345	214	0.879	0.548
LOKIASV2_1604_ESMFold_hypothetical_protein	MGYP001064387253.pdb.gz	MGYP001064387253.pdb.gz	1.720E-01	1.000	102	1	238	240	1	224	395	244	0.992	0.567
LOKIASV2_1604_ESMFold_hypothetical_protein	MGYP000075313437.pdb.gz	MGYP000075313437.pdb.gz	2.464E-01	1.000	102	1	236	240	55	289	408	251	0.983	0.576
LOKIASV2_1604_ESMFold_hypothetical_protein	MGYP000847684365.pdb.gz	MGYP000847684365.pdb.gz	3.226E-01	1.000	102	12	240	240	2	228	451	244	0.954	0.503
LOKIASV2_1604_ESMFold_hypothetical_protein	MGYP002624453447.pdb.gz	MGYP002624453447.pdb.gz	1.572E-01	1.000	102	9	239	240	14	256	468	269	0.962	0.519
LOKIASV2_1604_ESMFold_hypothetical_protein	MGYP000883684675.pdb.gz	MGYP000883684675.pdb.gz	4.418E-01	1.000	101	1	226	240	2	207	222	233	0.942	0.928
LOKIASV2_1604_ESMFold_hypothetical_protein	MGYP000103039053.pdb.gz	MGYP000103039053.pdb.gz	7.002E-02	1.000	101	1	223	240	28	248	249	234	0.929	0.888
LOKIASV2_1604_ESMFold_hypothetical_protein	MGYP001137878927.pdb.gz	MGYP001137878927.pdb.gz	1.256E-01	1.000	101	9	235	240	44	263	275	246	0.946	0.800
LOKIASV2_1604_ESMFold_hypothetical_protein	MGYP000159171525.pdb.gz	MGYP000159171525.pdb.gz	3.861E-01	1.000	101	8	239	240	6	225	308	245	0.967	0.714
LOKIASV2_1604_ESMFold_hypothetical_protein	MGYP001345894030.pdb.gz	MGYP001345894030.pdb.gz	1.799E-01	1.000	101	1	238	240	1	229	545	254	0.992	0.420
LOKIASV2_1604_ESMFold_hypothetical_protein	MGYP001434422702.pdb.gz	MGYP001434422702.pdb.gz	6.620E-01	1.000	101	1	238	240	67	296	588	247	0.992	0.391
LOKIASV2_1604_ESMFold_hypothetical_protein	MGYP000648999946.pdb.gz	MGYP000648999946.pdb.gz	2.695E-01	1.000	101	10	238	240	169	402	611	244	0.954	0.383
LOKIASV2_1604_ESMFold_hypothetical_protein	MGYP000335329377.pdb.gz	MGYP000335329377.pdb.gz	4.834E-01	1.000	100	1	227	240	8	217	219	233	0.946	0.959
LOKIASV2_1604_ESMFold_hypothetical_protein	MGYP000084177766.pdb.gz	MGYP000084177766.pdb.gz	4.224E-01	1.000	100	2	239	240	4	232	234	257	0.992	0.979
LOKIASV2_1604_ESMFold_hypothetical_protein	MGYP001554121121.pdb.gz	MGYP001554121121.pdb.gz	5.785E-01	1.000	100	2	227	240	15	232	237	235	0.942	0.920
LOKIASV2_1604_ESMFold_hypothetical_protein	MGYP000470227565.pdb.gz	MGYP000470227565.pdb.gz	7.324E-02	1.000	100	1	240	240	8	259	265	269	1.000	0.951
LOKIASV2_1604_ESMFold_hypothetical_protein	MGYP001009187415.pdb.gz	MGYP001009187415.pdb.gz	1.572E-01	1.000	100	1	240	240	29	266	267	258	1.000	0.891
LOKIASV2_1604_ESMFold_hypothetical_protein	MGYP001772327034.pdb.gz	MGYP001772327034.pdb.gz	1.968E-01	1.000	100	9	236	240	4	228	272	252	0.950	0.827
LOKIASV2_1604_ESMFold_hypothetical_protein	MGYP001775568924.pdb.gz	MGYP001775568924.pdb.gz	4.834E-01	1.000	100	5	238	240	2	225	303	242	0.975	0.739
LOKIASV2_1604_ESMFold_hypothetical_protein	MGYP002577450496.pdb.gz	MGYP002577450496.pdb.gz	9.066E-01	1.000	100	6	234	240	2	235	320	245	0.954	0.731
LOKIASV2_1604_ESMFold_hypothetical_protein	MGYP001791125512.pdb.gz	MGYP001791125512.pdb.gz	4.224E-01	1.000	100	4	239	240	38	313	350	279	0.983	0.789
LOKIASV2_1604_ESMFold_hypothetical_protein	MGYP000972452872.pdb.gz	MGYP000972452872.pdb.gz	2.058E-01	1.000	100	2	238	240	10	240	353	249	0.988	0.654
LOKIASV2_1604_ESMFold_hypothetical_protein	MGYP001181025254.pdb.gz	MGYP001181025254.pdb.gz	3.529E-01	1.000	100	2	239	240	48	276	542	246	0.992	0.423
LOKIASV2_1604_ESMFold_hypothetical_protein	MGYP000947835683.pdb.gz	MGYP000947835683.pdb.gz	2.695E-01	0.999	99	1	222	240	1	200	204	224	0.925	0.980
LOKIASV2_1604_ESMFold_hypothetical_protein	MGYP001209485970.pdb.gz	MGYP001209485970.pdb.gz	3.119E-02	0.999	99	2	225	240	3	227	235	239	0.933	0.957
LOKIASV2_1604_ESMFold_hypothetical_protein	MGYP001619439563.pdb.gz	MGYP001619439563.pdb.gz	7.324E-02	0.999	99	8	238	240	10	231	243	243	0.962	0.914
LOKIASV2_1604_ESMFold_hypothetical_protein	MGYP001766164919.pdb.gz	MGYP001766164919.pdb.gz	6.051E-01	0.999	99	2	239	240	3	243	252	255	0.992	0.956
LOKIASV2_1604_ESMFold_hypothetical_protein	MGYP000446584294.pdb.gz	MGYP000446584294.pdb.gz	1.148E-01	0.999	99	1	226	240	35	263	270	239	0.942	0.848
LOKIASV2_1604_ESMFold_hypothetical_protein	MGYP000922349709.pdb.gz	MGYP000922349709.pdb.gz	7.575E-01	0.999	99	11	239	240	9	237	274	240	0.954	0.836
LOKIASV2_1604_ESMFold_hypothetical_protein	MGYP001250141429.pdb.gz	MGYP001250141429.pdb.gz	1.799E-01	0.999	99	8	238	240	3	239	274	255	0.962	0.865
LOKIASV2_1604_ESMFold_hypothetical_protein	MGYP001206509981.pdb.gz	MGYP001206509981.pdb.gz	3.733E-02	0.999	99	4	237	240	46	273	274	250	0.975	0.832
LOKIASV2_1604_ESMFold_hypothetical_protein	MGYP001276659973.pdb.gz	MGYP001276659973.pdb.gz	2.252E-01	0.999	99	4	240	240	32	287	287	277	0.988	0.892
LOKIASV2_1604_ESMFold_hypothetical_protein	MGYP001050600666.pdb.gz	MGYP001050600666.pdb.gz	4.038E-01	0.999	99	1	239	240	48	289	293	257	0.996	0.826
LOKIASV2_1604_ESMFold_hypothetical_protein	MGYP000918018850.pdb.gz	MGYP000918018850.pdb.gz	4.084E-02	0.999	99	2	240	240	58	291	301	257	0.996	0.777
LOKIASV2_1604_ESMFold_hypothetical_protein	MGYP000291304959.pdb.gz	MGYP000291304959.pdb.gz	4.621E-01	0.999	99	5	239	240	2	235	322	252	0.979	0.727
LOKIASV2_1604_ESMFold_hypothetical_protein	MGYP001122564887.pdb.gz	MGYP001122564887.pdb.gz	8.766E-02	0.999	99	1	239	240	8	224	339	249	0.996	0.640
LOKIASV2_1604_ESMFold_hypothetical_protein	MGYP003649851579.pdb.gz	MGYP003649851579.pdb.gz	2.949E-01	0.999	99	3	238	240	63	295	689	254	0.983	0.338
LOKIASV2_1604_ESMFold_hypothetical_protein	MGYP003971947697.pdb.gz	MGYP003971947697.pdb.gz	2.819E-01	0.999	99	2	238	240	202	418	725	245	0.988	0.299
LOKIASV2_1604_ESMFold_hypothetical_protein	MGYP001772730203.pdb.gz	MGYP001772730203.pdb.gz	5.113E-02	0.999	98	8	227	240	41	261	264	234	0.917	0.837
LOKIASV2_1604_ESMFold_hypothetical_protein	MGYP000386111991.pdb.gz	MGYP000386111991.pdb.gz	3.262E-02	0.999	98	1	225	240	49	275	280	246	0.938	0.811
LOKIASV2_1604_ESMFold_hypothetical_protein	MGYP001795319101.pdb.gz	MGYP001795319101.pdb.gz	4.224E-01	0.999	98	2	239	240	30	308	320	284	0.992	0.872
LOKIASV2_1604_ESMFold_hypothetical_protein	MGYP001385276635.pdb.gz	MGYP001385276635.pdb.gz	2.819E-01	0.999	98	1	240	240	5	237	339	253	1.000	0.687
LOKIASV2_1604_ESMFold_hypothetical_protein	MGYP001803162761.pdb.gz	MGYP001803162761.pdb.gz	1.968E-01	0.999	98	2	240	240	24	247	355	253	0.996	0.631
LOKIASV2_1604_ESMFold_hypothetical_protein	MGYP001197962360.pdb.gz	MGYP001197962360.pdb.gz	2.153E-01	0.999	97	3	238	240	7	239	257	255	0.983	0.907
LOKIASV2_1604_ESMFold_hypothetical_protein	MGYP000070605593.pdb.gz	MGYP000070605593.pdb.gz	5.531E-01	0.999	97	4	233	240	6	249	258	260	0.958	0.946
LOKIASV2_1604_ESMFold_hypothetical_protein	MGYP001581255134.pdb.gz	MGYP001581255134.pdb.gz	4.224E-01	0.999	97	2	238	240	4	268	269	279	0.988	0.985
LOKIASV2_1604_ESMFold_hypothetical_protein	MGYP000163559126.pdb.gz	MGYP000163559126.pdb.gz	4.224E-01	0.999	97	20	237	240	1	223	354	230	0.908	0.630
LOKIASV2_1604_ESMFold_hypothetical_protein	MGYP001332570593.pdb.gz	MGYP001332570593.pdb.gz	4.621E-01	0.999	97	2	238	240	6	226	363	244	0.988	0.609
LOKIASV2_1604_ESMFold_hypothetical_protein	MGYP001104391764.pdb.gz	MGYP001104391764.pdb.gz	5.056E-01	0.999	97	4	239	240	121	346	391	246	0.983	0.578
LOKIASV2_1604_ESMFold_hypothetical_protein	MGYP000877126245.pdb.gz	MGYP000877126245.pdb.gz	3.226E-01	0.999	97	10	240	240	135	342	426	248	0.962	0.488
LOKIASV2_1604_ESMFold_hypothetical_protein	MGYP000300611764.pdb.gz	MGYP000300611764.pdb.gz	5.531E-01	0.999	97	1	227	240	136	347	553	236	0.946	0.383
LOKIASV2_1604_ESMFold_hypothetical_protein	MGYP003339832877.pdb.gz	MGYP003339832877.pdb.gz	4.084E-02	0.999	96	3	236	240	12	230	235	250	0.975	0.932
LOKIASV2_1604_ESMFold_hypothetical_protein	MGYP003608650752.pdb.gz	MGYP003608650752.pdb.gz	7.923E-01	0.999	96	10	239	240	4	233	455	243	0.958	0.505
LOKIASV2_1604_ESMFold_hypothetical_protein	MGYP002144796113.pdb.gz	MGYP002144796113.pdb.gz	6.051E-01	0.999	96	10	239	240	180	401	548	240	0.958	0.405
LOKIASV2_1604_ESMFold_hypothetical_protein	MGYP000967584824.pdb.gz	MGYP000967584824.pdb.gz	2.819E-01	0.999	96	10	239	240	185	405	624	245	0.958	0.354
LOKIASV2_1604_ESMFold_hypothetical_protein	MGYP003527241051.pdb.gz	MGYP003527241051.pdb.gz	3.374E-01	0.998	95	2	240	240	3	218	239	245	0.996	0.904
LOKIASV2_1604_ESMFold_hypothetical_protein	MGYP001003876276.pdb.gz	MGYP001003876276.pdb.gz	7.324E-02	0.998	95	4	239	240	12	256	295	261	0.983	0.831
LOKIASV2_1604_ESMFold_hypothetical_protein	MGYP000198844530.pdb.gz	MGYP000198844530.pdb.gz	4.038E-01	0.998	95	1	237	240	24	302	321	279	0.988	0.869
LOKIASV2_1604_ESMFold_hypothetical_protein	MGYP001236432405.pdb.gz	MGYP001236432405.pdb.gz	1.374E-01	0.998	95	2	239	240	32	264	342	254	0.992	0.681
LOKIASV2_1604_ESMFold_hypothetical_protein	MGYP000462233757.pdb.gz	MGYP000462233757.pdb.gz	3.691E-01	0.998	95	11	227	240	28	242	345	232	0.904	0.623
LOKIASV2_1604_ESMFold_hypothetical_protein	MGYP000314147506.pdb.gz	MGYP000314147506.pdb.gz	8.013E-02	0.998	94	1	227	240	25	240	297	239	0.946	0.727
LOKIASV2_1604_ESMFold_hypothetical_protein	MGYP001032526327.pdb.gz	MGYP001032526327.pdb.gz	4.224E-01	0.998	94	1	238	240	51	287	311	249	0.992	0.762
LOKIASV2_1604_ESMFold_hypothetical_protein	MGYP000302936829.pdb.gz	MGYP000302936829.pdb.gz	2.577E-01	0.998	94	8	233	240	2	218	326	237	0.942	0.666
LOKIASV2_1604_ESMFold_hypothetical_protein	MGYP003451016669.pdb.gz	MGYP003451016669.pdb.gz	4.834E-01	0.998	94	1	240	240	11	235	344	244	1.000	0.654
LOKIASV2_1604_ESMFold_hypothetical_protein	MGYP000340469376.pdb.gz	MGYP000340469376.pdb.gz	3.374E-01	0.998	94	1	236	240	1	229	353	249	0.983	0.649
LOKIASV2_1604_ESMFold_hypothetical_protein	MGYP001117786769.pdb.gz	MGYP001117786769.pdb.gz	6.620E-01	0.998	94	1	239	240	124	351	360	252	0.996	0.633
LOKIASV2_1604_ESMFold_hypothetical_protein	MGYP002759947071.pdb.gz	MGYP002759947071.pdb.gz	1.799E-01	0.998	94	1	238	240	63	293	376	257	0.992	0.614
LOKIASV2_1604_ESMFold_hypothetical_protein	MGYP000844149528.pdb.gz	MGYP000844149528.pdb.gz	3.226E-01	0.998	94	11	227	240	86	297	429	239	0.904	0.494
LOKIASV2_1604_ESMFold_hypothetical_protein	MGYP000935069994.pdb.gz	MGYP000935069994.pdb.gz	3.691E-01	0.998	94	3	238	240	40	270	441	250	0.983	0.524
LOKIASV2_1604_ESMFold_hypothetical_protein	MGYP001184996585.pdb.gz	MGYP001184996585.pdb.gz	3.861E-01	0.998	94	2	238	240	46	271	481	246	0.988	0.470
LOKIASV2_1604_ESMFold_hypothetical_protein	MGYP001576095208.pdb.gz	MGYP001576095208.pdb.gz	1.085E+00	0.998	93	1	191	240	7	176	179	196	0.796	0.950
LOKIASV2_1604_ESMFold_hypothetical_protein	MGYP000458653009.pdb.gz	MGYP000458653009.pdb.gz	4.224E-01	0.998	93	1	238	240	29	272	275	255	0.992	0.887
LOKIASV2_1604_ESMFold_hypothetical_protein	MGYP001568193709.pdb.gz	MGYP001568193709.pdb.gz	6.620E-01	0.998	93	1	236	240	45	275	440	251	0.983	0.525
LOKIASV2_1604_ESMFold_hypothetical_protein	MGYP002515388920.pdb.gz	MGYP002515388920.pdb.gz	4.418E-01	0.998	93	14	239	240	4	265	495	268	0.942	0.529
LOKIASV2_1604_ESMFold_hypothetical_protein	MGYP000849824223.pdb.gz	MGYP000849824223.pdb.gz	1.313E-01	0.998	93	1	238	240	1	261	536	269	0.992	0.487
LOKIASV2_1604_ESMFold_hypothetical_protein	MGYP001134823931.pdb.gz	MGYP001134823931.pdb.gz	1.882E-01	0.998	93	3	238	240	183	403	551	250	0.983	0.401
LOKIASV2_1604_ESMFold_hypothetical_protein	MGYP000897103180.pdb.gz	MGYP000897103180.pdb.gz	2.464E-01	0.998	93	5	226	240	48	269	571	231	0.925	0.389
LOKIASV2_1604_ESMFold_hypothetical_protein	MGYP001320534834.pdb.gz	MGYP001320534834.pdb.gz	1.572E-01	0.997	92	8	222	240	32	239	261	225	0.896	0.797
LOKIASV2_1604_ESMFold_hypothetical_protein	MGYP000429683179.pdb.gz	MGYP000429683179.pdb.gz	7.923E-01	0.997	92	1	218	240	150	355	356	223	0.908	0.579
LOKIASV2_1604_ESMFold_hypothetical_protein	MGYP001388448262.pdb.gz	MGYP001388448262.pdb.gz	6.620E-01	0.997	91	9	204	240	12	204	211	203	0.817	0.915
LOKIASV2_1604_ESMFold_hypothetical_protein	MGYP000205515737.pdb.gz	MGYP000205515737.pdb.gz	2.252E-01	0.997	91	7	220	240	15	223	224	224	0.892	0.933
LOKIASV2_1604_ESMFold_hypothetical_protein	MGYP001550893450.pdb.gz	MGYP001550893450.pdb.gz	2.058E-01	0.997	91	12	239	240	2	225	244	248	0.950	0.918
LOKIASV2_1604_ESMFold_hypothetical_protein	MGYP001139477324.pdb.gz	MGYP001139477324.pdb.gz	1.720E-01	0.997	91	2	240	240	27	264	267	248	0.996	0.891
LOKIASV2_1604_ESMFold_hypothetical_protein	MGYP002510821260.pdb.gz	MGYP002510821260.pdb.gz	4.834E-01	0.997	91	10	239	240	7	239	329	259	0.958	0.708
LOKIASV2_1604_ESMFold_hypothetical_protein	MGYP001824471415.pdb.gz	MGYP001824471415.pdb.gz	3.529E-01	0.997	91	41	239	240	128	344	482	226	0.829	0.450
LOKIASV2_1604_ESMFold_hypothetical_protein	MGYP003883375365.pdb.gz	MGYP003883375365.pdb.gz	7.923E-01	0.997	91	4	239	240	164	403	606	256	0.983	0.396
LOKIASV2_1604_ESMFold_hypothetical_protein	MGYP003554499562.pdb.gz	MGYP003554499562.pdb.gz	1.037E+00	0.996	90	15	220	240	2	203	204	215	0.858	0.990
LOKIASV2_1604_ESMFold_hypothetical_protein	MGYP000530604914.pdb.gz	MGYP000530604914.pdb.gz	1.201E-01	0.996	90	4	225	240	17	223	226	225	0.925	0.916
LOKIASV2_1604_ESMFold_hypothetical_protein	MGYP000602934838.pdb.gz	MGYP000602934838.pdb.gz	2.464E-01	0.996	90	1	221	240	1	213	228	237	0.921	0.934
LOKIASV2_1604_ESMFold_hypothetical_protein	MGYP001565470950.pdb.gz	MGYP001565470950.pdb.gz	2.153E-01	0.996	90	2	237	240	4	239	240	258	0.983	0.983
LOKIASV2_1604_ESMFold_hypothetical_protein	MGYP001052348592.pdb.gz	MGYP001052348592.pdb.gz	6.051E-01	0.996	90	2	239	240	7	230	242	245	0.992	0.926
LOKIASV2_1604_ESMFold_hypothetical_protein	MGYP000247335026.pdb.gz	MGYP000247335026.pdb.gz	1.720E-01	0.996	90	4	238	240	12	229	248	246	0.979	0.879
LOKIASV2_1604_ESMFold_hypothetical_protein	MGYP000694429474.pdb.gz	MGYP000694429474.pdb.gz	5.531E-01	0.996	90	1	240	240	23	257	257	250	1.000	0.914
LOKIASV2_1604_ESMFold_hypothetical_protein	MGYP000224065288.pdb.gz	MGYP000224065288.pdb.gz	8.668E-01	0.996	90	7	238	240	15	255	312	261	0.967	0.772
LOKIASV2_1604_ESMFold_hypothetical_protein	MGYP000573440078.pdb.gz	MGYP000573440078.pdb.gz	8.287E-01	0.996	90	1	239	240	73	296	316	250	0.996	0.709
LOKIASV2_1604_ESMFold_hypothetical_protein	MGYP000719300654.pdb.gz	MGYP000719300654.pdb.gz	8.668E-01	0.996	90	8	237	240	55	268	335	234	0.958	0.639
LOKIASV2_1604_ESMFold_hypothetical_protein	MGYP001174182547.pdb.gz	MGYP001174182547.pdb.gz	1.799E-01	0.996	90	5	234	240	41	281	355	258	0.958	0.679
LOKIASV2_1604_ESMFold_hypothetical_protein	MGYP001014989729.pdb.gz	MGYP001014989729.pdb.gz	5.056E-01	0.996	90	1	227	240	81	307	428	243	0.946	0.530
LOKIASV2_1604_ESMFold_hypothetical_protein	MGYP001036298201.pdb.gz	MGYP001036298201.pdb.gz	6.329E-01	0.996	90	2	238	240	134	359	472	256	0.988	0.479
LOKIASV2_1604_ESMFold_hypothetical_protein	MGYP000016796993.pdb.gz	MGYP000016796993.pdb.gz	1.626E+00	0.996	90	3	239	240	17	233	476	241	0.988	0.456
LOKIASV2_1604_ESMFold_hypothetical_protein	MGYP001036441843.pdb.gz	MGYP001036441843.pdb.gz	3.529E-01	0.996	89	1	237	240	2	220	228	250	0.988	0.961
LOKIASV2_1604_ESMFold_hypothetical_protein	MGYP000122255433.pdb.gz	MGYP000122255433.pdb.gz	4.834E-01	0.996	89	2	240	240	7	235	235	252	0.996	0.974
LOKIASV2_1604_ESMFold_hypothetical_protein	MGYP000930737728.pdb.gz	MGYP000930737728.pdb.gz	1.882E-01	0.996	89	5	230	240	26	240	263	238	0.942	0.817
LOKIASV2_1604_ESMFold_hypothetical_protein	MGYP001485549898.pdb.gz	MGYP001485549898.pdb.gz	1.242E+00	0.996	89	11	222	240	116	312	314	222	0.883	0.627
LOKIASV2_1604_ESMFold_hypothetical_protein	MGYP001125084787.pdb.gz	MGYP001125084787.pdb.gz	6.329E-01	0.996	89	4	238	240	67	298	447	254	0.979	0.519
LOKIASV2_1604_ESMFold_hypothetical_protein	MGYP000911730672.pdb.gz	MGYP000911730672.pdb.gz	2.035E+00	0.995	88	33	200	240	1	173	179	174	0.700	0.966
LOKIASV2_1604_ESMFold_hypothetical_protein	MGYP003305960764.pdb.gz	MGYP003305960764.pdb.gz	2.819E-01	0.995	88	10	238	240	13	263	269	262	0.954	0.933
LOKIASV2_1604_ESMFold_hypothetical_protein	MGYP002622059894.pdb.gz	MGYP002622059894.pdb.gz	6.119E-02	0.995	88	9	239	240	43	240	322	239	0.962	0.615
LOKIASV2_1604_ESMFold_hypothetical_protein	MGYP000202884822.pdb.gz	MGYP000202884822.pdb.gz	5.785E-01	0.995	88	2	239	240	16	324	341	317	0.992	0.906
LOKIASV2_1604_ESMFold_hypothetical_protein	MGYP001283944514.pdb.gz	MGYP001283944514.pdb.gz	2.058E-01	0.994	87	4	221	240	6	236	240	257	0.908	0.962
LOKIASV2_1604_ESMFold_hypothetical_protein	MGYP001772070118.pdb.gz	MGYP001772070118.pdb.gz	8.287E-01	0.994	87	8	239	240	2	257	259	265	0.967	0.988
LOKIASV2_1604_ESMFold_hypothetical_protein	MGYP001217602185.pdb.gz	MGYP001217602185.pdb.gz	3.226E-01	0.994	87	1	237	240	34	287	312	268	0.988	0.814
LOKIASV2_1604_ESMFold_hypothetical_protein	MGYP001443597166.pdb.gz	MGYP001443597166.pdb.gz	7.575E-01	0.994	87	1	237	240	29	253	316	255	0.988	0.712
LOKIASV2_1604_ESMFold_hypothetical_protein	MGYP002623638024.pdb.gz	MGYP002623638024.pdb.gz	5.531E-01	0.994	87	8	238	240	3	230	428	243	0.962	0.533
LOKIASV2_1604_ESMFold_hypothetical_protein	MGYP001800044132.pdb.gz	MGYP001800044132.pdb.gz	2.819E-01	0.993	86	1	238	240	2	226	242	246	0.992	0.930
LOKIASV2_1604_ESMFold_hypothetical_protein	MGYP003343928895.pdb.gz	MGYP003343928895.pdb.gz	1.572E-01	0.993	86	1	226	240	1	249	271	263	0.942	0.919
LOKIASV2_1604_ESMFold_hypothetical_protein	MGYP000232754604.pdb.gz	MGYP000232754604.pdb.gz	4.834E-01	0.993	86	2	238	240	52	276	369	242	0.988	0.610
LOKIASV2_1604_ESMFold_hypothetical_protein	MGYP000935768835.pdb.gz	MGYP000935768835.pdb.gz	5.288E-01	0.993	86	8	233	240	138	366	431	253	0.942	0.531
LOKIASV2_1604_ESMFold_hypothetical_protein	MGYP003972605479.pdb.gz	MGYP003972605479.pdb.gz	7.575E-01	0.993	86	1	239	240	109	340	591	261	0.996	0.393
LOKIASV2_1604_ESMFold_hypothetical_protein	MGYP000685751072.pdb.gz	MGYP000685751072.pdb.gz	5.288E-01	0.993	86	9	238	240	45	278	661	257	0.958	0.354
LOKIASV2_1604_ESMFold_hypothetical_protein	MGYP002212668571.pdb.gz	MGYP002212668571.pdb.gz	3.691E-01	0.992	85	1	239	240	1	228	252	253	0.996	0.905
LOKIASV2_1604_ESMFold_hypothetical_protein	MGYP003519469958.pdb.gz	MGYP003519469958.pdb.gz	9.919E-01	0.992	85	5	239	240	7	250	274	264	0.979	0.891
LOKIASV2_1604_ESMFold_hypothetical_protein	MGYP001400441876.pdb.gz	MGYP001400441876.pdb.gz	3.084E-01	0.992	85	1	238	240	38	275	454	258	0.992	0.524
LOKIASV2_1604_ESMFold_hypothetical_protein	MGYP002777095534.pdb.gz	MGYP002777095534.pdb.gz	1.299E+00	0.992	85	10	240	240	157	370	615	238	0.962	0.348
LOKIASV2_1604_ESMFold_hypothetical_protein	MGYP000001286617.pdb.gz	MGYP000001286617.pdb.gz	4.369E+00	0.991	84	1	129	240	3	129	130	130	0.538	0.977
LOKIASV2_1604_ESMFold_hypothetical_protein	MGYP000338277764.pdb.gz	MGYP000338277764.pdb.gz	5.531E-01	0.991	84	2	182	240	29	209	210	198	0.754	0.862
LOKIASV2_1604_ESMFold_hypothetical_protein	MGYP001558127985.pdb.gz	MGYP001558127985.pdb.gz	1.049E-01	0.991	84	2	235	240	17	207	213	237	0.975	0.897
LOKIASV2_1604_ESMFold_hypothetical_protein	MGYP002654981370.pdb.gz	MGYP002654981370.pdb.gz	2.329E+00	0.991	84	9	204	240	29	214	214	200	0.817	0.869
LOKIASV2_1604_ESMFold_hypothetical_protein	MGYP001561196876.pdb.gz	MGYP001561196876.pdb.gz	2.577E-01	0.991	84	5	187	240	39	227	241	200	0.762	0.784
LOKIASV2_1604_ESMFold_hypothetical_protein	MGYP001189164268.pdb.gz	MGYP001189164268.pdb.gz	6.051E-01	0.991	84	1	219	240	1	243	244	252	0.913	0.996
LOKIASV2_1604_ESMFold_hypothetical_protein	MGYP001183726991.pdb.gz	MGYP001183726991.pdb.gz	3.861E-01	0.991	84	4	215	240	54	272	273	238	0.883	0.802
LOKIASV2_1604_ESMFold_hypothetical_protein	MGYP002079159665.pdb.gz	MGYP002079159665.pdb.gz	2.355E-01	0.991	84	1	240	240	210	442	523	258	1.000	0.446
LOKIASV2_1604_ESMFold_hypothetical_protein	MGYP004001886981.pdb.gz	MGYP004001886981.pdb.gz	1.779E+00	0.990	83	2	224	240	15	213	217	224	0.929	0.917
LOKIASV2_1604_ESMFold_hypothetical_protein	MGYP000964844537.pdb.gz	MGYP000964844537.pdb.gz	4.224E-01	0.990	83	4	240	240	10	233	233	246	0.988	0.961
LOKIASV2_1604_ESMFold_hypothetical_protein	MGYP001302553568.pdb.gz	MGYP001302553568.pdb.gz	2.819E-01	0.990	83	2	214	240	28	234	235	220	0.887	0.881
LOKIASV2_1604_ESMFold_hypothetical_protein	MGYP000462921022.pdb.gz	MGYP000462921022.pdb.gz	3.861E-01	0.990	83	1	226	240	1	243	251	257	0.942	0.968
LOKIASV2_1604_ESMFold_hypothetical_protein	MGYP001136853110.pdb.gz	MGYP001136853110.pdb.gz	1.374E-01	0.990	83	1	221	240	1	246	256	273	0.921	0.961
LOKIASV2_1604_ESMFold_hypothetical_protein	MGYP001381348244.pdb.gz	MGYP001381348244.pdb.gz	6.924E-01	0.990	83	1	225	240	40	260	260	242	0.938	0.850
LOKIASV2_1604_ESMFold_hypothetical_protein	MGYP001825254218.pdb.gz	MGYP001825254218.pdb.gz	1.946E+00	0.990	83	1	232	240	2	224	297	247	0.967	0.751
LOKIASV2_1604_ESMFold_hypothetical_protein	MGYP000963987387.pdb.gz	MGYP000963987387.pdb.gz	2.819E-01	0.990	83	1	235	240	34	279	324	256	0.979	0.759
LOKIASV2_1604_ESMFold_hypothetical_protein	MGYP001422112964.pdb.gz	MGYP001422112964.pdb.gz	1.779E+00	0.990	83	6	239	240	99	320	325	246	0.975	0.683
LOKIASV2_1604_ESMFold_hypothetical_protein	MGYP001371802648.pdb.gz	MGYP001371802648.pdb.gz	3.691E-01	0.990	83	11	228	240	51	267	333	233	0.908	0.652
LOKIASV2_1604_ESMFold_hypothetical_protein	MGYP003336135692.pdb.gz	MGYP003336135692.pdb.gz	3.861E-01	0.990	83	4	239	240	43	264	395	253	0.983	0.562
LOKIASV2_1604_ESMFold_hypothetical_protein	MGYP000620671038.pdb.gz	MGYP000620671038.pdb.gz	1.860E+00	0.990	83	2	240	240	108	339	459	253	0.996	0.505
LOKIASV2_1604_ESMFold_hypothetical_protein	MGYP003308486047.pdb.gz	MGYP003308486047.pdb.gz	7.242E-01	0.988	82	15	240	240	4	196	196	234	0.942	0.985
LOKIASV2_1604_ESMFold_hypothetical_protein	MGYP000032076353.pdb.gz	MGYP000032076353.pdb.gz	2.548E+00	0.988	82	1	166	240	21	201	215	187	0.692	0.842
LOKIASV2_1604_ESMFold_hypothetical_protein	MGYP000983265871.pdb.gz	MGYP000983265871.pdb.gz	2.058E-01	0.988	82	1	224	240	2	233	237	257	0.933	0.979
LOKIASV2_1604_ESMFold_hypothetical_protein	MGYP000723905303.pdb.gz	MGYP000723905303.pdb.gz	7.923E-01	0.988	82	4	222	240	38	247	249	232	0.913	0.843
LOKIASV2_1604_ESMFold_hypothetical_protein	MGYP000610701290.pdb.gz	MGYP000610701290.pdb.gz	1.572E-01	0.988	82	4	221	240	11	253	263	263	0.908	0.924
LOKIASV2_1604_ESMFold_hypothetical_protein	MGYP001150395699.pdb.gz	MGYP001150395699.pdb.gz	4.224E-01	0.988	82	1	234	240	34	267	268	251	0.975	0.873
LOKIASV2_1604_ESMFold_hypothetical_protein	MGYP003587449961.pdb.gz	MGYP003587449961.pdb.gz	6.620E-01	0.988	82	1	234	240	1	242	330	262	0.975	0.733
LOKIASV2_1604_ESMFold_hypothetical_protein	MGYP003331902270.pdb.gz	MGYP003331902270.pdb.gz	1.299E+00	0.988	82	5	239	240	18	246	503	249	0.979	0.455
LOKIASV2_1604_ESMFold_hypothetical_protein	MGYP000874603463.pdb.gz	MGYP000874603463.pdb.gz	3.691E-01	0.986	81	8	238	240	33	256	260	248	0.962	0.862
LOKIASV2_1604_ESMFold_hypothetical_protein	MGYP002632800430.pdb.gz	MGYP002632800430.pdb.gz	1.554E+00	0.986	81	8	238	240	35	260	264	245	0.962	0.856
LOKIASV2_1604_ESMFold_hypothetical_protein	MGYP001451351530.pdb.gz	MGYP001451351530.pdb.gz	2.153E-01	0.986	81	5	232	240	33	272	277	258	0.950	0.866
LOKIASV2_1604_ESMFold_hypothetical_protein	MGYP002084981880.pdb.gz	MGYP002084981880.pdb.gz	2.058E-01	0.986	81	1	227	240	33	263	626	256	0.946	0.369
LOKIASV2_1604_ESMFold_hypothetical_protein	MGYP001191833255.pdb.gz	MGYP001191833255.pdb.gz	1.946E+00	0.984	80	6	159	240	12	169	175	164	0.642	0.903
LOKIASV2_1604_ESMFold_hypothetical_protein	MGYP000998183461.pdb.gz	MGYP000998183461.pdb.gz	1.779E+00	0.984	80	4	234	240	8	237	295	246	0.962	0.780
LOKIASV2_1604_ESMFold_hypothetical_protein	MGYP003624083604.pdb.gz	MGYP003624083604.pdb.gz	8.668E-01	0.984	80	9	231	240	47	296	360	265	0.929	0.694
LOKIASV2_1604_ESMFold_hypothetical_protein	MGYP000712274055.pdb.gz	MGYP000712274055.pdb.gz	1.779E+00	0.981	79	1	227	240	15	225	235	237	0.946	0.898
LOKIASV2_1604_ESMFold_hypothetical_protein	MGYP001609826757.pdb.gz	MGYP001609826757.pdb.gz	1.374E-01	0.981	79	4	221	240	8	239	243	253	0.908	0.955
LOKIASV2_1604_ESMFold_hypothetical_protein	MGYP000099775174.pdb.gz	MGYP000099775174.pdb.gz	3.490E+00	0.978	78	1	159	240	17	172	173	168	0.663	0.902
LOKIASV2_1604_ESMFold_hypothetical_protein	MGYP001363768863.pdb.gz	MGYP001363768863.pdb.gz	5.531E-01	0.978	78	1	224	240	1	198	199	241	0.933	0.995
LOKIASV2_1604_ESMFold_hypothetical_protein	MGYP001496573578.pdb.gz	MGYP001496573578.pdb.gz	1.421E+00	0.978	78	11	228	240	2	202	210	226	0.908	0.957
LOKIASV2_1604_ESMFold_hypothetical_protein	MGYP003955343537.pdb.gz	MGYP003955343537.pdb.gz	1.256E-01	0.978	78	1	238	240	39	268	274	254	0.992	0.839
LOKIASV2_1604_ESMFold_hypothetical_protein	MGYP001604690246.pdb.gz	MGYP001604690246.pdb.gz	2.436E+00	0.978	78	1	199	240	200	385	387	206	0.829	0.481
LOKIASV2_1604_ESMFold_hypothetical_protein	MGYP001768638119.pdb.gz	MGYP001768638119.pdb.gz	4.621E-01	0.978	78	4	237	240	2	243	389	260	0.975	0.622
LOKIASV2_1604_ESMFold_hypothetical_protein	MGYP003583665175.pdb.gz	MGYP003583665175.pdb.gz	7.575E-01	0.978	78	4	237	240	27	250	476	255	0.975	0.471
LOKIASV2_1604_ESMFold_hypothetical_protein	MGYP001044579406.pdb.gz	MGYP001044579406.pdb.gz	3.374E-01	0.975	77	40	234	240	11	211	213	209	0.812	0.944
LOKIASV2_1604_ESMFold_hypothetical_protein	MGYP003353116412.pdb.gz	MGYP003353116412.pdb.gz	9.066E-01	0.975	77	1	217	240	29	245	246	227	0.904	0.882
LOKIASV2_1604_ESMFold_hypothetical_protein	MGYP001022920538.pdb.gz	MGYP001022920538.pdb.gz	1.037E+00	0.975	77	1	224	240	28	246	566	237	0.933	0.387
LOKIASV2_1604_ESMFold_hypothetical_protein	MGYP000017235995.pdb.gz	MGYP000017235995.pdb.gz	1.626E+00	0.971	76	1	240	240	2	255	255	264	1.000	0.996
LOKIASV2_1604_ESMFold_hypothetical_protein	MGYP000543999743.pdb.gz	MGYP000543999743.pdb.gz	5.785E-01	0.971	76	1	222	240	60	284	287	239	0.925	0.784
LOKIASV2_1604_ESMFold_hypothetical_protein	MGYP000087628461.pdb.gz	MGYP000087628461.pdb.gz	6.329E-01	0.971	76	10	240	240	40	271	294	253	0.962	0.789
LOKIASV2_1604_ESMFold_hypothetical_protein	MGYP000336751427.pdb.gz	MGYP000336751427.pdb.gz	2.227E+00	0.971	76	2	233	240	40	281	359	256	0.967	0.674
LOKIASV2_1604_ESMFold_hypothetical_protein	MGYP000803282805.pdb.gz	MGYP000803282805.pdb.gz	1.299E+00	0.971	76	4	238	240	117	370	419	258	0.979	0.606
LOKIASV2_1604_ESMFold_hypothetical_protein	MGYP002624847636.pdb.gz	MGYP002624847636.pdb.gz	1.135E+00	0.971	76	2	238	240	22	251	455	260	0.988	0.505
LOKIASV2_1604_ESMFold_hypothetical_protein	MGYP001617149369.pdb.gz	MGYP001617149369.pdb.gz	5.531E-01	0.967	75	8	238	240	2	222	255	244	0.962	0.867
LOKIASV2_1604_ESMFold_hypothetical_protein	MGYP001011497077.pdb.gz	MGYP001011497077.pdb.gz	3.336E+00	0.967	75	1	227	240	1	209	350	236	0.946	0.597
LOKIASV2_1604_ESMFold_hypothetical_protein	MGYP000533829211.pdb.gz	MGYP000533829211.pdb.gz	1.187E+00	0.967	75	5	222	240	41	239	484	224	0.908	0.411
LOKIASV2_1604_ESMFold_hypothetical_protein	MGYP000769651475.pdb.gz	MGYP000769651475.pdb.gz	4.834E-01	0.961	74	1	227	240	27	239	246	247	0.946	0.866
LOKIASV2_1604_ESMFold_hypothetical_protein	MGYP000622029461.pdb.gz	MGYP000622029461.pdb.gz	9.483E-01	0.961	74	11	225	240	62	266	268	223	0.896	0.765
LOKIASV2_1604_ESMFold_hypothetical_protein	MGYP000592539894.pdb.gz	MGYP000592539894.pdb.gz	2.695E-01	0.961	74	3	222	240	41	266	272	243	0.917	0.831
LOKIASV2_1604_ESMFold_hypothetical_protein	MGYP001291933005.pdb.gz	MGYP001291933005.pdb.gz	3.226E-01	0.961	74	9	237	240	2	241	610	264	0.954	0.393
LOKIASV2_1604_ESMFold_hypothetical_protein	MGYP000697257255.pdb.gz	MGYP000697257255.pdb.gz	4.224E-01	0.956	73	5	227	240	12	200	202	229	0.929	0.936
LOKIASV2_1604_ESMFold_hypothetical_protein	MGYP001131691625.pdb.gz	MGYP001131691625.pdb.gz	1.242E+00	0.956	73	1	226	240	21	236	303	246	0.942	0.713
LOKIASV2_1604_ESMFold_hypothetical_protein	MGYP003513179273.pdb.gz	MGYP003513179273.pdb.gz	6.051E-01	0.956	73	1	237	240	38	277	379	257	0.988	0.633
LOKIASV2_1604_ESMFold_hypothetical_protein	MGYP000216638912.pdb.gz	MGYP000216638912.pdb.gz	1.037E+00	0.949	72	1	209	240	71	268	269	217	0.871	0.736
LOKIASV2_1604_ESMFold_hypothetical_protein	MGYP000994543805.pdb.gz	MGYP000994543805.pdb.gz	1.701E+00	0.949	72	5	205	240	121	311	313	207	0.837	0.610
LOKIASV2_1604_ESMFold_hypothetical_protein	MGYP000966064755.pdb.gz	MGYP000966064755.pdb.gz	1.242E+00	0.949	72	3	238	240	1	206	338	246	0.983	0.609
LOKIASV2_1604_ESMFold_hypothetical_protein	MGYP001585991098.pdb.gz	MGYP001585991098.pdb.gz	2.665E+00	0.949	72	3	239	240	116	335	369	247	0.988	0.596
LOKIASV2_1604_ESMFold_hypothetical_protein	MGYP001427329339.pdb.gz	MGYP001427329339.pdb.gz	8.287E-01	0.949	72	4	224	240	51	271	556	233	0.921	0.397
LOKIASV2_1604_ESMFold_hypothetical_protein	MGYP003514923877.pdb.gz	MGYP003514923877.pdb.gz	7.161E+00	0.941	71	1	211	240	49	242	243	213	0.879	0.798
LOKIASV2_1604_ESMFold_hypothetical_protein	MGYP000500534424.pdb.gz	MGYP000500534424.pdb.gz	3.336E+00	0.941	71	8	238	240	129	343	360	237	0.962	0.597
LOKIASV2_1604_ESMFold_hypothetical_protein	MGYP001599289874.pdb.gz	MGYP001599289874.pdb.gz	3.861E-01	0.933	70	2	235	240	5	203	204	245	0.975	0.975
LOKIASV2_1604_ESMFold_hypothetical_protein	MGYP001170997465.pdb.gz	MGYP001170997465.pdb.gz	2.548E+00	0.933	70	4	235	240	41	266	269	239	0.967	0.840
LOKIASV2_1604_ESMFold_hypothetical_protein	MGYP000237957992.pdb.gz	MGYP000237957992.pdb.gz	5.531E-01	0.933	70	4	235	240	20	305	312	293	0.967	0.917
LOKIASV2_1604_ESMFold_hypothetical_protein	MGYP001323097141.pdb.gz	MGYP001323097141.pdb.gz	1.242E+00	0.933	70	2	223	240	36	258	823	256	0.925	0.271
LOKIASV2_1604_ESMFold_hypothetical_protein	MGYP001603574982.pdb.gz	MGYP001603574982.pdb.gz	4.621E-01	0.923	69	4	232	240	5	199	203	235	0.954	0.961
LOKIASV2_1604_ESMFold_hypothetical_protein	MGYP003086453101.pdb.gz	MGYP003086453101.pdb.gz	5.983E+00	0.923	69	1	239	240	1	247	280	259	0.996	0.882
LOKIASV2_1604_ESMFold_hypothetical_protein	MGYP000579092585.pdb.gz	MGYP000579092585.pdb.gz	1.626E+00	0.923	69	4	239	240	23	285	295	270	0.983	0.892
LOKIASV2_1604_ESMFold_hypothetical_protein	MGYP000632461301.pdb.gz	MGYP000632461301.pdb.gz	1.242E+00	0.923	69	1	235	240	55	288	578	258	0.979	0.405
LOKIASV2_1604_ESMFold_hypothetical_protein	MGYP002396673399.pdb.gz	MGYP002396673399.pdb.gz	5.056E-01	0.912	68	1	235	240	11	207	210	238	0.979	0.938
LOKIASV2_1604_ESMFold_hypothetical_protein	MGYP001810406422.pdb.gz	MGYP001810406422.pdb.gz	3.336E+00	0.912	68	41	238	240	9	207	216	208	0.825	0.921
LOKIASV2_1604_ESMFold_hypothetical_protein	MGYP001278347310.pdb.gz	MGYP001278347310.pdb.gz	1.421E+00	0.912	68	4	240	240	63	293	313	254	0.988	0.738
LOKIASV2_1604_ESMFold_hypothetical_protein	MGYP000912106954.pdb.gz	MGYP000912106954.pdb.gz	5.469E+00	0.912	68	5	234	240	2	236	322	254	0.958	0.730
LOKIASV2_1604_ESMFold_hypothetical_protein	MGYP001446511441.pdb.gz	MGYP001446511441.pdb.gz	5.531E-01	0.900	67	2	224	240	6	194	199	223	0.929	0.950
LOKIASV2_1604_ESMFold_hypothetical_protein	MGYP002498387057.pdb.gz	MGYP002498387057.pdb.gz	6.847E+00	0.900	67	3	230	240	10	242	329	244	0.950	0.708
LOKIASV2_1604_ESMFold_hypothetical_protein	MGYP000849229167.pdb.gz	MGYP000849229167.pdb.gz	5.785E-01	0.887	66	1	230	240	1	187	196	231	0.958	0.954
LOKIASV2_1604_ESMFold_hypothetical_protein	MGYP001315035583.pdb.gz	MGYP001315035583.pdb.gz	1.626E+00	0.887	66	3	235	240	44	281	325	256	0.971	0.732
LOKIASV2_1604_ESMFold_hypothetical_protein	MGYP000491597474.pdb.gz	MGYP000491597474.pdb.gz	9.066E-01	0.887	66	4	224	240	14	246	446	252	0.921	0.522
LOKIASV2_1604_ESMFold_hypothetical_protein	MGYP001596962322.pdb.gz	MGYP001596962322.pdb.gz	6.847E+00	0.872	65	1	122	240	9	135	136	130	0.508	0.934
LOKIASV2_1604_ESMFold_hypothetical_protein	MGYP003690347611.pdb.gz	MGYP003690347611.pdb.gz	3.490E+00	0.872	65	4	222	240	13	166	171	238	0.913	0.901
LOKIASV2_1604_ESMFold_hypothetical_protein	MGYP002548036023.pdb.gz	MGYP002548036023.pdb.gz	1.085E+00	0.872	65	1	222	240	31	238	239	242	0.925	0.870
LOKIASV2_1604_ESMFold_hypothetical_protein	MGYP002014277944.pdb.gz	MGYP002014277944.pdb.gz	1.085E+00	0.872	65	4	240	240	25	245	245	246	0.988	0.902
LOKIASV2_1604_ESMFold_hypothetical_protein	MGYP000173939038.pdb.gz	MGYP000173939038.pdb.gz	4.621E-01	0.872	65	1	233	240	27	223	331	242	0.971	0.595
LOKIASV2_1604_ESMFold_hypothetical_protein	MGYP001210834044.pdb.gz	MGYP001210834044.pdb.gz	6.924E-01	0.872	65	16	237	240	103	329	333	246	0.925	0.682
LOKIASV2_1604_ESMFold_hypothetical_protein	MGYP000064531161.pdb.gz	MGYP000064531161.pdb.gz	6.051E-01	0.855	64	48	240	240	32	211	211	194	0.804	0.853
LOKIASV2_1604_ESMFold_hypothetical_protein	MGYP001825557944.pdb.gz	MGYP001825557944.pdb.gz	7.923E-01	0.855	64	5	239	240	62	229	242	246	0.979	0.694
LOKIASV2_1604_ESMFold_hypothetical_protein	MGYP000275846407.pdb.gz	MGYP000275846407.pdb.gz	1.037E+00	0.855	64	1	239	240	45	292	306	259	0.996	0.810
LOKIASV2_1604_ESMFold_hypothetical_protein	MGYP001458538721.pdb.gz	MGYP001458538721.pdb.gz	8.287E-01	0.837	63	2	238	240	7	208	213	242	0.988	0.948
LOKIASV2_1604_ESMFold_hypothetical_protein	MGYP000169748174.pdb.gz	MGYP000169748174.pdb.gz	2.329E+00	0.837	63	28	237	240	34	239	252	217	0.875	0.817
LOKIASV2_1604_ESMFold_hypothetical_protein	MGYP000479314888.pdb.gz	MGYP000479314888.pdb.gz	9.483E-01	0.837	63	5	238	240	31	253	254	262	0.975	0.878
LOKIASV2_1604_ESMFold_hypothetical_protein	MGYP000882390820.pdb.gz	MGYP000882390820.pdb.gz	2.035E+00	0.837	63	1	223	240	40	264	266	240	0.929	0.846
LOKIASV2_1604_ESMFold_hypothetical_protein	MGYP001559388201.pdb.gz	MGYP001559388201.pdb.gz	1.242E+00	0.837	63	4	239	240	45	267	270	248	0.983	0.826
LOKIASV2_1604_ESMFold_hypothetical_protein	MGYP000745563940.pdb.gz	MGYP000745563940.pdb.gz	9.377E+00	0.837	63	5	239	240	213	435	666	240	0.979	0.335
LOKIASV2_1604_ESMFold_hypothetical_protein	MGYP001546284838.pdb.gz	MGYP001546284838.pdb.gz	3.190E+00	0.817	62	44	240	240	3	188	188	204	0.821	0.989
LOKIASV2_1604_ESMFold_hypothetical_protein	MGYP001602782719.pdb.gz	MGYP001602782719.pdb.gz	7.161E+00	0.817	62	54	239	240	7	188	203	194	0.775	0.897
LOKIASV2_1604_ESMFold_hypothetical_protein	MGYP001819545893.pdb.gz	MGYP001819545893.pdb.gz	2.035E+00	0.817	62	2	227	240	10	205	207	231	0.942	0.947
LOKIASV2_1604_ESMFold_hypothetical_protein	MGYP000490832351.pdb.gz	MGYP000490832351.pdb.gz	6.258E+00	0.817	62	8	213	240	17	217	218	215	0.858	0.922
LOKIASV2_1604_ESMFold_hypothetical_protein	MGYP001295188870.pdb.gz	MGYP001295188870.pdb.gz	6.051E-01	0.817	62	1	224	240	1	218	219	237	0.933	0.995
LOKIASV2_1604_ESMFold_hypothetical_protein	MGYP003232091462.pdb.gz	MGYP003232091462.pdb.gz	9.919E-01	0.817	62	2	236	240	16	223	228	246	0.979	0.912
LOKIASV2_1604_ESMFold_hypothetical_protein	MGYP000701355794.pdb.gz	MGYP000701355794.pdb.gz	9.919E-01	0.817	62	2	237	240	19	228	233	246	0.983	0.901
LOKIASV2_1604_ESMFold_hypothetical_protein	MGYP001627240010.pdb.gz	MGYP001627240010.pdb.gz	9.483E-01	0.817	62	1	225	240	1	197	261	237	0.938	0.755
LOKIASV2_1604_ESMFold_hypothetical_protein	MGYP000916996098.pdb.gz	MGYP000916996098.pdb.gz	4.177E+00	0.795	61	1	220	240	1	184	189	230	0.917	0.974
LOKIASV2_1604_ESMFold_hypothetical_protein	MGYP001625207867.pdb.gz	MGYP001625207867.pdb.gz	1.946E+00	0.795	61	8	227	240	9	199	201	229	0.917	0.950
LOKIASV2_1604_ESMFold_hypothetical_protein	MGYP001568076856.pdb.gz	MGYP001568076856.pdb.gz	7.490E+00	0.795	61	37	239	240	5	205	213	211	0.846	0.944
LOKIASV2_1604_ESMFold_hypothetical_protein	MGYP003387297709.pdb.gz	MGYP003387297709.pdb.gz	9.377E+00	0.795	61	1	206	240	37	222	236	208	0.858	0.788
LOKIASV2_1604_ESMFold_hypothetical_protein	MGYP000568725318.pdb.gz	MGYP000568725318.pdb.gz	2.227E+00	0.795	61	1	237	240	1	239	246	258	0.988	0.972
LOKIASV2_1604_ESMFold_hypothetical_protein	MGYP003383314685.pdb.gz	MGYP003383314685.pdb.gz	1.626E+00	0.795	61	4	224	240	53	265	329	236	0.921	0.647
LOKIASV2_1604_ESMFold_hypothetical_protein	MGYP001183747122.pdb.gz	MGYP001183747122.pdb.gz	1.358E+00	0.772	60	4	234	240	10	205	208	233	0.962	0.942
LOKIASV2_1604_ESMFold_hypothetical_protein	MGYP001119565860.pdb.gz	MGYP001119565860.pdb.gz	6.620E-01	0.772	60	3	239	240	28	227	259	240	0.988	0.772
LOKIASV2_1604_ESMFold_hypothetical_protein	MGYP001142571228.pdb.gz	MGYP001142571228.pdb.gz	3.818E+00	0.772	60	11	223	240	2	226	329	234	0.887	0.684
LOKIASV2_1604_ESMFold_hypothetical_protein	MGYP000394111371.pdb.gz	MGYP000394111371.pdb.gz	7.161E+00	0.747	59	3	214	240	1	185	192	221	0.883	0.964
LOKIASV2_1604_ESMFold_hypothetical_protein	MGYP001338010062.pdb.gz	MGYP001338010062.pdb.gz	4.177E+00	0.720	58	16	158	240	2	144	159	147	0.596	0.899
LOKIASV2_1604_ESMFold_hypothetical_protein	MGYP000620684218.pdb.gz	MGYP000620684218.pdb.gz	2.035E+00	0.720	58	1	238	240	8	211	215	241	0.992	0.949
LOKIASV2_1604_ESMFold_hypothetical_protein	MGYP001038711978.pdb.gz	MGYP001038711978.pdb.gz	2.129E+00	0.720	58	1	239	240	8	207	221	243	0.996	0.905
LOKIASV2_1604_ESMFold_hypothetical_protein	MGYP000627610506.pdb.gz	MGYP000627610506.pdb.gz	1.085E+00	0.720	58	1	239	240	1	201	268	245	0.996	0.750
LOKIASV2_1604_ESMFold_hypothetical_protein	MGYP000442269793.pdb.gz	MGYP000442269793.pdb.gz	9.919E-01	0.720	58	1	233	240	1	201	290	236	0.971	0.693
LOKIASV2_1604_ESMFold_hypothetical_protein	MGYP001147190611.pdb.gz	MGYP001147190611.pdb.gz	2.665E+00	0.692	57	43	237	240	5	197	204	207	0.812	0.946
LOKIASV2_1604_ESMFold_hypothetical_protein	MGYP000515262615.pdb.gz	MGYP000515262615.pdb.gz	3.084E-01	0.692	57	2	238	240	7	232	280	249	0.988	0.807
LOKIASV2_1604_ESMFold_hypothetical_protein	MGYP001823336132.pdb.gz	MGYP001823336132.pdb.gz	1.187E+00	0.692	57	1	221	240	11	254	283	255	0.921	0.862
LOKIASV2_1604_ESMFold_hypothetical_protein	MGYP000956423926.pdb.gz	MGYP000956423926.pdb.gz	7.835E+00	0.663	56	2	159	240	10	157	166	161	0.658	0.892
LOKIASV2_1604_ESMFold_hypothetical_protein	MGYP000877354245.pdb.gz	MGYP000877354245.pdb.gz	2.548E+00	0.663	56	1	233	240	1	199	200	240	0.971	0.995
LOKIASV2_1604_ESMFold_hypothetical_protein	MGYP000429005592.pdb.gz	MGYP000429005592.pdb.gz	3.691E-01	0.663	56	2	236	240	9	201	205	243	0.979	0.941
LOKIASV2_1604_ESMFold_hypothetical_protein	MGYP001810876152.pdb.gz	MGYP001810876152.pdb.gz	7.242E-01	0.663	56	2	240	240	4	205	213	246	0.996	0.948
LOKIASV2_1604_ESMFold_hypothetical_protein	MGYP000849530220.pdb.gz	MGYP000849530220.pdb.gz	1.299E+00	0.663	56	37	224	240	8	198	216	209	0.783	0.884
LOKIASV2_1604_ESMFold_hypothetical_protein	MGYP001164759564.pdb.gz	MGYP001164759564.pdb.gz	6.620E-01	0.663	56	1	237	240	1	201	219	245	0.988	0.918
LOKIASV2_1604_ESMFold_hypothetical_protein	MGYP000257178369.pdb.gz	MGYP000257178369.pdb.gz	1.358E+00	0.663	56	8	224	240	2	222	228	243	0.904	0.969
LOKIASV2_1604_ESMFold_hypothetical_protein	MGYP001367783605.pdb.gz	MGYP001367783605.pdb.gz	9.483E-01	0.663	56	40	237	240	39	227	234	211	0.825	0.808
LOKIASV2_1604_ESMFold_hypothetical_protein	MGYP001141090706.pdb.gz	MGYP001141090706.pdb.gz	9.808E+00	0.663	56	36	235	240	11	239	320	238	0.833	0.716
LOKIASV2_1604_ESMFold_hypothetical_protein	MGYP001772601313.pdb.gz	MGYP001772601313.pdb.gz	7.835E+00	0.632	55	2	140	240	14	166	180	153	0.579	0.850
LOKIASV2_1604_ESMFold_hypothetical_protein	MGYP003577488091.pdb.gz	MGYP003577488091.pdb.gz	7.490E+00	0.632	55	2	196	240	26	189	190	206	0.812	0.863
LOKIASV2_1604_ESMFold_hypothetical_protein	MGYP001128137131.pdb.gz	MGYP001128137131.pdb.gz	2.436E+00	0.632	55	1	225	240	8	200	206	233	0.938	0.937
LOKIASV2_1604_ESMFold_hypothetical_protein	MGYP001829186896.pdb.gz	MGYP001829186896.pdb.gz	2.227E+00	0.632	55	4	227	240	15	203	215	232	0.933	0.879
LOKIASV2_1604_ESMFold_hypothetical_protein	MGYP001062009351.pdb.gz	MGYP001062009351.pdb.gz	1.358E+00	0.632	55	1	235	240	3	219	325	253	0.979	0.668
LOKIASV2_1604_ESMFold_hypothetical_protein	MGYP001595472952.pdb.gz	MGYP001595472952.pdb.gz	7.490E+00	0.632	55	1	235	240	40	280	360	256	0.979	0.669
LOKIASV2_1604_ESMFold_hypothetical_protein	MGYP003303349836.pdb.gz	MGYP003303349836.pdb.gz	8.195E+00	0.601	54	39	224	240	12	188	197	200	0.775	0.898
LOKIASV2_1604_ESMFold_hypothetical_protein	MGYP001347492480.pdb.gz	MGYP001347492480.pdb.gz	4.177E+00	0.601	54	12	240	240	10	200	200	235	0.954	0.955
LOKIASV2_1604_ESMFold_hypothetical_protein	MGYP000931692996.pdb.gz	MGYP000931692996.pdb.gz	2.916E+00	0.601	54	4	222	240	19	271	293	274	0.913	0.863
LOKIASV2_1604_ESMFold_hypothetical_protein	MGYP001301020743.pdb.gz	MGYP001301020743.pdb.gz	2.788E+00	0.569	53	3	239	240	1	202	208	243	0.988	0.971
LOKIASV2_1604_ESMFold_hypothetical_protein	MGYP000855446051.pdb.gz	MGYP000855446051.pdb.gz	1.701E+00	0.569	53	1	233	240	41	265	361	259	0.971	0.623
LOKIASV2_1604_ESMFold_hypothetical_protein	MGYP001234381520.pdb.gz	MGYP001234381520.pdb.gz	7.161E+00	0.537	52	39	238	240	9	204	207	210	0.833	0.947
LOKIASV2_1604_ESMFold_hypothetical_protein	MGYP003554428609.pdb.gz	MGYP003554428609.pdb.gz	3.336E+00	0.537	52	39	238	240	2	201	208	219	0.833	0.962
LOKIASV2_1604_ESMFold_hypothetical_protein	MGYP001571535048.pdb.gz	MGYP001571535048.pdb.gz	7.923E-01	0.537	52	2	238	240	23	210	217	247	0.988	0.866
LOKIASV2_1604_ESMFold_hypothetical_protein	MGYP003387184793.pdb.gz	MGYP003387184793.pdb.gz	4.177E+00	0.537	52	40	221	240	9	192	219	191	0.758	0.840
LOKIASV2_1604_ESMFold_hypothetical_protein	MGYP003423996448.pdb.gz	MGYP003423996448.pdb.gz	2.916E+00	0.537	52	2	239	240	1	210	225	249	0.992	0.933
LOKIASV2_1604_ESMFold_hypothetical_protein	MGYP001381267341.pdb.gz	MGYP001381267341.pdb.gz	4.780E+00	0.505	51	1	214	240	1	174	177	221	0.892	0.983
LOKIASV2_1604_ESMFold_hypothetical_protein	MGYP003547749190.pdb.gz	MGYP003547749190.pdb.gz	3.050E+00	0.505	51	15	229	240	2	178	179	224	0.896	0.989
LOKIASV2_1604_ESMFold_hypothetical_protein	MGYP000076179792.pdb.gz	MGYP000076179792.pdb.gz	4.999E+00	0.505	51	2	240	240	11	220	220	246	0.996	0.955
LOKIASV2_1604_ESMFold_hypothetical_protein	MGYP000927485724.pdb.gz	MGYP000927485724.pdb.gz	1.701E+00	0.505	51	3	234	240	31	224	224	244	0.967	0.866
LOKIASV2_1604_ESMFold_hypothetical_protein	MGYP001024545162.pdb.gz	MGYP001024545162.pdb.gz	1.701E+00	0.505	51	2	240	240	15	234	234	257	0.996	0.940
LOKIASV2_1604_ESMFold_hypothetical_protein	MGYP003340942110.pdb.gz	MGYP003340942110.pdb.gz	3.336E+00	0.473	50	2	238	240	1	191	197	240	0.988	0.970
LOKIASV2_1604_ESMFold_hypothetical_protein	MGYP001055722886.pdb.gz	MGYP001055722886.pdb.gz	4.999E+00	0.473	50	2	239	240	12	223	228	243	0.992	0.930
LOKIASV2_1604_ESMFold_hypothetical_protein	MGYP001480778574.pdb.gz	MGYP001480778574.pdb.gz	1.554E+00	0.473	50	1	224	240	10	233	242	252	0.933	0.926
LOKIASV2_1604_ESMFold_hypothetical_protein	MGYP001221959124.pdb.gz	MGYP001221959124.pdb.gz	1.358E+00	0.473	50	3	235	240	22	249	259	268	0.971	0.880
LOKIASV2_1604_ESMFold_hypothetical_protein	MGYP003982821893.pdb.gz	MGYP003982821893.pdb.gz	8.195E+00	0.442	49	3	237	240	23	234	237	236	0.979	0.895
LOKIASV2_1604_ESMFold_hypothetical_protein	MGYP004323085739.pdb.gz	MGYP004323085739.pdb.gz	2.329E+00	0.411	48	4	227	240	22	213	216	233	0.933	0.889
LOKIASV2_1604_ESMFold_hypothetical_protein	MGYP000525534683.pdb.gz	MGYP000525534683.pdb.gz	2.129E+00	0.411	48	5	222	240	4	238	239	257	0.908	0.983
LOKIASV2_1604_ESMFold_hypothetical_protein	MGYP001351321151.pdb.gz	MGYP001351321151.pdb.gz	3.050E+00	0.411	48	2	226	240	36	231	283	245	0.938	0.693
LOKIASV2_1604_ESMFold_hypothetical_protein	MGYP001030021856.pdb.gz	MGYP001030021856.pdb.gz	7.835E+00	0.382	47	1	130	240	1	157	158	159	0.542	0.994
LOKIASV2_1604_ESMFold_hypothetical_protein	MGYP001624163256.pdb.gz	MGYP001624163256.pdb.gz	5.983E+00	0.353	46	2	238	240	23	222	231	241	0.988	0.866
LOKIASV2_1604_ESMFold_hypothetical_protein	MGYP000710614400.pdb.gz	MGYP000710614400.pdb.gz	1.946E+00	0.353	46	4	240	240	3	254	254	280	0.988	0.992
LOKIASV2_1604_ESMFold_hypothetical_protein	MGYP000490794532.pdb.gz	MGYP000490794532.pdb.gz	3.050E+00	0.353	46	2	240	240	47	258	258	251	0.996	0.822
LOKIASV2_1604_ESMFold_hypothetical_protein	MGYP000337763411.pdb.gz	MGYP000337763411.pdb.gz	3.490E+00	0.326	45	1	225	240	3	228	229	259	0.938	0.987
LOKIASV2_1604_ESMFold_hypothetical_protein	MGYP001610031643.pdb.gz	MGYP001610031643.pdb.gz	3.993E+00	0.326	45	2	238	240	11	255	263	264	0.988	0.932
LOKIASV2_1604_ESMFold_hypothetical_protein	MGYP001558537085.pdb.gz	MGYP001558537085.pdb.gz	2.227E+00	0.301	44	3	231	240	18	204	212	230	0.954	0.882
LOKIASV2_1604_ESMFold_hypothetical_protein	MGYP000021011608.pdb.gz	MGYP000021011608.pdb.gz	7.490E+00	0.301	44	2	235	240	83	286	301	239	0.975	0.678
LOKIASV2_1604_ESMFold_hypothetical_protein	MGYP000454358136.pdb.gz	MGYP000454358136.pdb.gz	2.916E+00	0.254	42	2	237	240	3	242	270	259	0.983	0.889
LOKIASV2_1604_ESMFold_hypothetical_protein	MGYP003571280517.pdb.gz	MGYP003571280517.pdb.gz	7.161E+00	0.254	42	2	235	240	101	307	308	252	0.975	0.672
LOKIASV2_1604_ESMFold_hypothetical_protein	MGYP003388454008.pdb.gz	MGYP003388454008.pdb.gz	7.161E+00	0.233	41	10	238	240	3	190	198	239	0.954	0.949
LOKIASV2_1604_ESMFold_hypothetical_protein	MGYP001215273438.pdb.gz	MGYP001215273438.pdb.gz	4.780E+00	0.233	41	1	233	240	36	234	237	243	0.971	0.840
LOKIASV2_1604_ESMFold_hypothetical_protein	MGYP003298804772.pdb.gz	MGYP003298804772.pdb.gz	5.983E+00	0.233	41	1	227	240	1	283	296	300	0.946	0.956
LOKIASV2_1604_ESMFold_hypothetical_protein	MGYP000982718064.pdb.gz	MGYP000982718064.pdb.gz	7.835E+00	0.214	40	1	234	240	19	224	228	247	0.975	0.904
LOKIASV2_1604_ESMFold_hypothetical_protein	MGYP003578118617.pdb.gz	MGYP003578118617.pdb.gz	7.161E+00	0.214	40	19	221	240	31	233	243	215	0.846	0.835
LOKIASV2_1604_ESMFold_hypothetical_protein	MGYP000154956558.pdb.gz	MGYP000154956558.pdb.gz	5.983E+00	0.214	40	2	238	240	22	219	264	239	0.988	0.750
LOKIASV2_1604_ESMFold_hypothetical_protein	MGYP000231507180.pdb.gz	MGYP000231507180.pdb.gz	6.546E+00	0.196	39	2	228	240	26	219	227	240	0.946	0.855
LOKIASV2_1604_ESMFold_hypothetical_protein	MGYP003365047224.pdb.gz	MGYP003365047224.pdb.gz	3.490E+00	0.196	39	2	237	240	10	203	294	241	0.983	0.660
LOKIASV2_1604_ESMFold_hypothetical_protein	MGYP000695411394.pdb.gz	MGYP000695411394.pdb.gz	4.369E+00	0.196	39	4	238	240	78	309	312	248	0.979	0.744
LOKIASV2_1604_ESMFold_hypothetical_protein	MGYP003968116355.pdb.gz	MGYP003968116355.pdb.gz	5.229E+00	0.196	39	2	237	240	199	442	635	264	0.983	0.384
LOKIASV2_1604_ESMFold_hypothetical_protein	MGYP001814767687.pdb.gz	MGYP001814767687.pdb.gz	5.469E+00	0.179	38	1	235	240	59	262	379	243	0.979	0.538
LOKIASV2_1604_ESMFold_hypothetical_protein	MGYP001582587357.pdb.gz	MGYP001582587357.pdb.gz	6.847E+00	0.150	36	3	234	240	20	229	230	247	0.967	0.913
LOKIASV2_1604_ESMFold_hypothetical_protein	MGYP000234422708.pdb.gz	MGYP000234422708.pdb.gz	3.993E+00	0.138	35	2	224	240	24	237	245	232	0.929	0.873
LOKIASV2_1604_ESMFold_hypothetical_protein	MGYP001306796576.pdb.gz	MGYP001306796576.pdb.gz	7.161E+00	0.138	35	1	221	240	60	282	283	258	0.921	0.788
LOKIASV2_1604_ESMFold_hypothetical_protein	MGYP001275034543.pdb.gz	MGYP001275034543.pdb.gz	7.835E+00	0.116	33	1	240	240	8	236	236	261	1.000	0.970
LOKIASV2_1604_ESMFold_hypothetical_protein	MGYP001772480334.pdb.gz	MGYP001772480334.pdb.gz	5.983E+00	0.106	32	3	234	240	15	257	258	258	0.967	0.942
LOKIASV2_1604_ESMFold_hypothetical_protein	MGYP000144885996.pdb.gz	MGYP000144885996.pdb.gz	3.190E+00	0.098	31	7	239	240	6	195	200	243	0.971	0.950
LOKIASV2_1604_ESMFold_hypothetical_protein	MGYP000013882340.pdb.gz	MGYP000013882340.pdb.gz	8.571E+00	0.098	31	4	225	240	23	250	264	245	0.925	0.864
LOKIASV2_1604_ESMFold_hypothetical_protein	ProtVar_P25090_Q86V85_B	ProtVar_P25090_Q86V85_B 	9.785E-03	1.000	127	2	238	240	168	422	440	266	0.988	0.580
LOKIASV2_1604_ESMFold_hypothetical_protein	ProtVar_Q96DX8_Q9NYW0_B	ProtVar_Q96DX8_Q9NYW0_B 	2.324E-03	1.000	125	4	239	240	12	291	307	286	0.983	0.912
LOKIASV2_1604_ESMFold_hypothetical_protein	ProtVar_P59538_Q9NYA4_A	ProtVar_P59538_Q9NYA4_A 	2.100E-02	1.000	121	2	239	240	3	294	309	296	0.992	0.945
LOKIASV2_1604_ESMFold_hypothetical_protein	ProtVar_P06576_P25106_B	ProtVar_P06576_P25106_B 	6.244E-03	1.000	117	1	239	240	37	330	362	297	0.996	0.812
LOKIASV2_1604_ESMFold_hypothetical_protein	LevyLab_P59540_V1_3_relaxed_B	LevyLab_P59540_V1_3_relaxed_B 	1.120E-02	1.000	116	4	239	240	12	294	309	285	0.983	0.916
LOKIASV2_1604_ESMFold_hypothetical_protein	ModelArchive_ma-bak-cepc-0095_A	ModelArchive_ma-bak-cepc-0095_A Predicted interaction between STE2 and SST2 Predicted interaction between STE2 and SST2	1.920E-02	1.000	115	3	236	240	46	299	431	266	0.975	0.589
LOKIASV2_1604_ESMFold_hypothetical_protein	LevyLab_Q9NYV9_V1_4_relaxed_A	LevyLab_Q9NYV9_V1_4_relaxed_A 	9.785E-03	1.000	114	5	239	240	9	292	303	291	0.979	0.937
LOKIASV2_1604_ESMFold_hypothetical_protein	ProtVar_O15173_P59542_B	ProtVar_O15173_P59542_B 	1.023E-02	1.000	112	4	239	240	12	294	299	287	0.983	0.946
LOKIASV2_1604_ESMFold_hypothetical_protein	ProtVar_P57105_Q8TDU6_B	ProtVar_P57105_Q8TDU6_B 	1.402E-02	1.000	111	1	238	240	14	297	330	298	0.992	0.861
LOKIASV2_1604_ESMFold_hypothetical_protein	ProtVar_A0A087WZ82_Q9NZD1_A	ProtVar_A0A087WZ82_Q9NZD1_A 	1.920E-02	1.000	111	1	240	240	19	272	345	264	1.000	0.736
LOKIASV2_1604_ESMFold_hypothetical_protein	ProtVar_Q8NGM8_Q8TAT6-2_A	ProtVar_Q8NGM8_Q8TAT6-2_A 	3.009E-02	1.000	109	3	239	240	20	302	313	283	0.988	0.904
LOKIASV2_1604_ESMFold_hypothetical_protein	ProtVar_Q13639_Q9UIK5_A	ProtVar_Q13639_Q9UIK5_A 	8.944E-03	1.000	109	1	235	240	15	323	388	312	0.979	0.796
LOKIASV2_1604_ESMFold_hypothetical_protein	ProtVar_P41587_Q9C0E2_A	ProtVar_P41587_Q9C0E2_A 	1.466E-02	1.000	109	4	239	240	122	390	438	272	0.983	0.614
LOKIASV2_1604_ESMFold_hypothetical_protein	ProtVar_P49802_Q5T848_B	ProtVar_P49802_Q5T848_B 	3.009E-02	1.000	108	1	237	240	413	686	1215	289	0.988	0.226
LOKIASV2_1604_ESMFold_hypothetical_protein	ProtVar_O15444_O95136_B	ProtVar_O15444_O95136_B 	2.298E-02	1.000	107	1	240	240	30	304	353	280	1.000	0.779
LOKIASV2_1604_ESMFold_hypothetical_protein	ProtVar_O94886_Q9NQ84-2_B	ProtVar_O94886_Q9NQ84-2_B 	2.197E-02	1.000	107	2	231	240	59	315	453	266	0.958	0.567
LOKIASV2_1604_ESMFold_hypothetical_protein	ProtVar_P47900_P48960-2_B	ProtVar_P47900_P48960-2_B 	2.298E-02	1.000	107	1	237	240	450	706	742	269	0.988	0.346
LOKIASV2_1604_ESMFold_hypothetical_protein	ProtVar_P21554_P63096_A	ProtVar_P21554_P63096_A 	2.629E-02	1.000	106	1	239	240	112	412	472	303	0.996	0.638
LOKIASV2_1604_ESMFold_hypothetical_protein	ProtVar_P13236_Q9NYW4_A	ProtVar_P13236_Q9NYW4_A 	2.514E-02	1.000	104	5	239	240	9	290	299	286	0.979	0.943
LOKIASV2_1604_ESMFold_hypothetical_protein	ProtVar_P04899_P21554_B	ProtVar_P04899_P21554_B 	2.750E-02	1.000	104	1	239	240	112	412	472	304	0.996	0.638
LOKIASV2_1604_ESMFold_hypothetical_protein	ProtVar_O14798_Q9HBW0_B	ProtVar_O14798_Q9HBW0_B 	1.604E-02	1.000	103	1	239	240	28	309	351	287	0.996	0.803
LOKIASV2_1604_ESMFold_hypothetical_protein	ProtVar_Q01718_Q96G30_A	ProtVar_Q01718_Q96G30_A 	2.514E-02	1.000	101	5	239	240	28	291	297	267	0.979	0.889
LOKIASV2_1604_ESMFold_hypothetical_protein	ProtVar_Q8N5B7_Q9BXC0_B	ProtVar_Q8N5B7_Q9BXC0_B 	1.402E-02	1.000	101	1	238	240	11	293	346	292	0.992	0.818
LOKIASV2_1604_ESMFold_hypothetical_protein	ProtVar_P43088_Q08357_A	ProtVar_P43088_Q08357_A 	1.920E-02	1.000	101	4	237	240	29	317	359	295	0.975	0.805
LOKIASV2_1604_ESMFold_hypothetical_protein	ProtVar_P43115_Q6PL24_A	ProtVar_P43115_Q6PL24_A 	1.281E-02	1.000	100	5	239	240	52	362	390	312	0.979	0.797
LOKIASV2_1604_ESMFold_hypothetical_protein	ProtVar_O76081_P43115-12_B	ProtVar_O76081_P43115-12_B 	1.120E-02	1.000	100	5	238	240	52	361	429	311	0.975	0.723
LOKIASV2_1604_ESMFold_hypothetical_protein	ProtVar_O15127_Q9HBW0_B	ProtVar_O15127_Q9HBW0_B 	2.008E-02	0.999	99	1	239	240	28	310	351	294	0.996	0.806
LOKIASV2_1604_ESMFold_hypothetical_protein	ProtVar_P14138_P24530-3_B	ProtVar_P14138_P24530-3_B 	3.443E-02	0.999	99	1	239	240	187	491	532	310	0.996	0.573
LOKIASV2_1604_ESMFold_hypothetical_protein	ProtVar_Q96LA9_Q9UQ90_A	ProtVar_Q96LA9_Q9UQ90_A 	1.604E-02	0.999	98	4	224	240	30	271	322	250	0.921	0.752
LOKIASV2_1604_ESMFold_hypothetical_protein	ProtVar_P15880_P30874_B	ProtVar_P15880_P30874_B 	1.678E-02	0.999	97	4	240	240	42	324	369	287	0.988	0.767
LOKIASV2_1604_ESMFold_hypothetical_protein	ProtVar_O15360_P49146_B	ProtVar_O15360_P49146_B 	3.939E-02	0.999	97	1	239	240	46	340	381	301	0.996	0.774
LOKIASV2_1604_ESMFold_hypothetical_protein	ProtVar_P41586_P62879_A	ProtVar_P41586_P62879_A 	2.298E-02	0.999	97	2	239	240	147	415	468	277	0.992	0.575
LOKIASV2_1604_ESMFold_hypothetical_protein	ProtVar_P27695_Q9NYV8_B	ProtVar_P27695_Q9NYV8_B 	3.939E-02	0.999	96	5	239	240	9	302	317	298	0.979	0.927
LOKIASV2_1604_ESMFold_hypothetical_protein	ProtVar_O15127_P29275_B	ProtVar_O15127_P29275_B 	1.120E-02	0.999	96	1	238	240	3	303	332	313	0.992	0.907
LOKIASV2_1604_ESMFold_hypothetical_protein	ProtVar_P06028_Q99500_A	ProtVar_P06028_Q99500_A 	4.508E-02	0.999	96	1	239	240	39	309	378	274	0.996	0.717
LOKIASV2_1604_ESMFold_hypothetical_protein	ProtVar_Q9UBN6_Q9UPC5_B	ProtVar_Q9UBN6_Q9UPC5_B 	3.766E-02	0.999	96	1	239	240	48	338	381	294	0.996	0.764
LOKIASV2_1604_ESMFold_hypothetical_protein	ProtVar_P21730_Q99500_B	ProtVar_P21730_Q99500_B 	4.715E-02	0.998	95	5	239	240	43	309	378	268	0.979	0.706
LOKIASV2_1604_ESMFold_hypothetical_protein	ProtVar_P32970_Q9NZH0_B	ProtVar_P32970_Q9NZH0_B 	5.903E-02	0.998	95	2	235	240	53	295	403	255	0.975	0.603
LOKIASV2_1604_ESMFold_hypothetical_protein	ProtVar_Q6NVV3_Q9NQ84_B	ProtVar_Q6NVV3_Q9NQ84_B 	5.643E-02	0.998	95	1	235	240	45	303	441	270	0.979	0.587
LOKIASV2_1604_ESMFold_hypothetical_protein	ProtVar_P27449_P35372-10_B	ProtVar_P27449_P35372-10_B 	4.508E-02	0.998	95	1	239	240	159	445	493	290	0.996	0.582
LOKIASV2_1604_ESMFold_hypothetical_protein	ProtVar_Q8NGE1_Q9H4F1_A	ProtVar_Q8NGE1_Q9H4F1_A 	4.121E-02	0.998	94	1	239	240	18	303	309	288	0.996	0.926
LOKIASV2_1604_ESMFold_hypothetical_protein	ProtVar_A8K2U0_Q8TDV2_B	ProtVar_A8K2U0_Q8TDV2_B 	3.766E-02	0.998	94	1	238	240	48	334	347	288	0.992	0.827
LOKIASV2_1604_ESMFold_hypothetical_protein	ProtVar_P56705_Q5T9L3-2_B	ProtVar_P56705_Q5T9L3-2_B 	3.939E-02	0.998	94	7	226	240	231	486	543	266	0.917	0.471
LOKIASV2_1604_ESMFold_hypothetical_protein	ProtVar_P01024_Q7Z602_B	ProtVar_P01024_Q7Z602_B 	2.750E-02	0.998	93	8	238	240	20	294	305	279	0.962	0.902
LOKIASV2_1604_ESMFold_hypothetical_protein	ProtVar_P08908_Q8NDV2_B	ProtVar_P08908_Q8NDV2_B 	3.766E-02	0.998	93	1	239	240	1	309	337	310	0.996	0.917
LOKIASV2_1604_ESMFold_hypothetical_protein	ProtVar_Q92847_Q969E1_A	ProtVar_Q92847_Q969E1_A 	4.932E-02	0.997	92	5	239	240	46	338	366	293	0.979	0.801
LOKIASV2_1604_ESMFold_hypothetical_protein	ProtVar_A6NIJ9_O43240_A	ProtVar_A6NIJ9_O43240_A 	8.456E-02	0.997	91	1	239	240	18	303	312	288	0.996	0.917
LOKIASV2_1604_ESMFold_hypothetical_protein	ModelArchive_ma-bak-cepc-0491_A	ModelArchive_ma-bak-cepc-0491_A Predicted interaction between CHS7 and YNF8 Predicted interaction between CHS7 and YNF8	9.676E-02	0.997	91	8	234	240	68	297	316	244	0.946	0.728
LOKIASV2_1604_ESMFold_hypothetical_protein	ProtVar_O95222_Q9HCM3-2_A	ProtVar_O95222_Q9HCM3-2_A 	4.932E-02	0.997	91	5	235	240	29	305	327	283	0.962	0.847
LOKIASV2_1604_ESMFold_hypothetical_protein	ProtVar_Q8NFJ6_Q8TBE3_A	ProtVar_Q8NFJ6_Q8TBE3_A 	3.766E-02	0.997	91	1	239	240	45	347	384	316	0.996	0.789
LOKIASV2_1604_ESMFold_hypothetical_protein	ProtVar_Q13021_Q13324-2_B	ProtVar_Q13021_Q13324-2_B 	5.903E-02	0.997	91	2	239	240	137	401	438	275	0.992	0.605
LOKIASV2_1604_ESMFold_hypothetical_protein	LevyLab_Q8XAR0_V1_5_relaxed_B	LevyLab_Q8XAR0_V1_5_relaxed_B 	2.876E-02	0.997	91	1	236	240	37	279	452	261	0.983	0.538
LOKIASV2_1604_ESMFold_hypothetical_protein	ProtVar_O14640_Q9NPG1_B	ProtVar_O14640_Q9NPG1_B 	1.012E-01	0.997	91	1	239	240	195	510	666	319	0.996	0.474
LOKIASV2_1604_ESMFold_hypothetical_protein	ProtVar_Q8NGK3_Q96QR8_A	ProtVar_Q8NGK3_Q96QR8_A 	9.676E-02	0.996	89	5	239	240	29	309	314	285	0.979	0.895
LOKIASV2_1604_ESMFold_hypothetical_protein	ProtVar_Q14849_Q9NZH0_B	ProtVar_Q14849_Q9NZH0_B 	7.065E-02	0.996	89	1	232	240	41	291	403	263	0.967	0.623
LOKIASV2_1604_ESMFold_hypothetical_protein	ProtVar_O43759_Q9NQ84_B	ProtVar_O43759_Q9NQ84_B 	5.643E-02	0.996	89	1	235	240	35	303	441	284	0.979	0.610
LOKIASV2_1604_ESMFold_hypothetical_protein	LevyLab_P08100_V1_4_relaxed_A	LevyLab_P08100_V1_4_relaxed_A 	5.903E-02	0.995	88	4	239	240	36	321	348	303	0.983	0.822
LOKIASV2_1604_ESMFold_hypothetical_protein	ProtVar_O00592_P51684_B	ProtVar_O00592_P51684_B 	4.932E-02	0.995	88	4	239	240	45	331	374	293	0.983	0.767
LOKIASV2_1604_ESMFold_hypothetical_protein	ProtVar_Q99679_Q9H228_B	ProtVar_Q99679_Q9H228_B 	8.844E-02	0.995	88	1	235	240	36	317	398	292	0.979	0.709
LOKIASV2_1604_ESMFold_hypothetical_protein	ProtVar_Q03431_Q9Y267_A	ProtVar_Q03431_Q9Y267_A 	2.403E-02	0.995	88	2	239	240	185	474	593	299	0.992	0.489
LOKIASV2_1604_ESMFold_hypothetical_protein	ProtVar_A6NGC4_P47775_B	ProtVar_A6NGC4_P47775_B 	3.147E-02	0.994	87	1	237	240	44	310	334	277	0.988	0.799
LOKIASV2_1604_ESMFold_hypothetical_protein	LevyLab_O14843_V1_5_relaxed_A	LevyLab_O14843_V1_5_relaxed_A 	4.932E-02	0.994	87	4	239	240	20	291	346	281	0.983	0.786
LOKIASV2_1604_ESMFold_hypothetical_protein	ProtVar_Q99679_Q9Y519_A	ProtVar_Q99679_Q9Y519_A 	6.174E-02	0.994	87	4	239	240	31	318	349	299	0.983	0.825
LOKIASV2_1604_ESMFold_hypothetical_protein	LevyLab_Q8NGJ4_V1_5_relaxed_B	LevyLab_Q8NGJ4_V1_5_relaxed_B 	6.458E-02	0.993	86	1	239	240	19	308	325	296	0.996	0.892
LOKIASV2_1604_ESMFold_hypothetical_protein	ProtVar_Q96G91_Q9NZH6-2_A	ProtVar_Q96G91_Q9NZH6-2_A 	6.458E-02	0.993	86	2	224	240	29	323	374	305	0.929	0.789
LOKIASV2_1604_ESMFold_hypothetical_protein	ProtVar_O15127_P28222_B	ProtVar_O15127_P28222_B 	7.065E-02	0.993	86	1	237	240	45	385	390	347	0.988	0.874
LOKIASV2_1604_ESMFold_hypothetical_protein	ProtVar_P50876_Q6TCH4_B	ProtVar_P50876_Q6TCH4_B 	1.450E-01	0.992	85	4	236	240	47	287	344	258	0.971	0.701
LOKIASV2_1604_ESMFold_hypothetical_protein	ProtVar_P47871_Q96E52_A	ProtVar_P47871_Q96E52_A 	1.012E-01	0.992	85	2	239	240	139	415	477	283	0.992	0.581
LOKIASV2_1604_ESMFold_hypothetical_protein	ProtVar_Q8NGR4_Q96RD2_A	ProtVar_Q8NGR4_Q96RD2_A 	3.601E-02	0.991	84	1	239	240	22	309	320	301	0.996	0.900
LOKIASV2_1604_ESMFold_hypothetical_protein	ProtVar_P04000_Q8IXB3_A	ProtVar_P04000_Q8IXB3_A 	1.211E-01	0.991	84	1	239	240	47	337	364	293	0.996	0.799
LOKIASV2_1604_ESMFold_hypothetical_protein	ProtVar_O94768_Q13304_B	ProtVar_O94768_Q13304_B 	4.310E-02	0.991	84	4	239	240	65	336	367	287	0.983	0.741
LOKIASV2_1604_ESMFold_hypothetical_protein	ProtVar_O96024_Q5VW38-2_B	ProtVar_O96024_Q5VW38-2_B 	5.395E-02	0.991	84	2	232	240	260	497	552	246	0.962	0.431
LOKIASV2_1604_ESMFold_hypothetical_protein	LevyLab_Q8NGI0_V1_5_relaxed_B	LevyLab_Q8NGI0_V1_5_relaxed_B 	1.059E-01	0.990	83	7	239	240	31	309	321	287	0.971	0.869
LOKIASV2_1604_ESMFold_hypothetical_protein	ProtVar_P25929_Q9BPV8_A	ProtVar_P25929_Q9BPV8_A 	7.065E-02	0.990	83	1	239	240	36	334	384	302	0.996	0.779
LOKIASV2_1604_ESMFold_hypothetical_protein	ProtVar_O15342_P35372_B	ProtVar_O15342_P35372_B 	1.211E-01	0.990	83	1	239	240	66	352	400	291	0.996	0.717
LOKIASV2_1604_ESMFold_hypothetical_protein	ProtVar_Q96P65_Q9P121-3_A	ProtVar_Q96P65_Q9P121-3_A 	2.486E-01	0.990	83	1	239	240	41	347	431	319	0.996	0.712
LOKIASV2_1604_ESMFold_hypothetical_protein	LevyLab_Q9NS75_V1_3_relaxed_A	LevyLab_Q9NS75_V1_3_relaxed_A 	1.325E-01	0.988	82	2	240	240	35	321	346	293	0.996	0.829
LOKIASV2_1604_ESMFold_hypothetical_protein	ProtVar_O15258_P34972_B	ProtVar_O15258_P34972_B 	1.211E-01	0.988	82	1	237	240	29	308	360	288	0.988	0.778
LOKIASV2_1604_ESMFold_hypothetical_protein	ProtVar_P79483_Q5T601_B	ProtVar_P79483_Q5T601_B 	1.012E-01	0.988	82	1	239	240	578	853	910	287	0.996	0.303
LOKIASV2_1604_ESMFold_hypothetical_protein	ProtVar_O14842_O14880_A	ProtVar_O14842_O14880_A 	1.107E-01	0.986	81	1	225	240	1	281	300	291	0.938	0.937
LOKIASV2_1604_ESMFold_hypothetical_protein	ProtVar_O95047_P01024_A	ProtVar_O95047_P01024_A 	1.158E-01	0.986	81	5	239	240	23	304	310	289	0.979	0.910
LOKIASV2_1604_ESMFold_hypothetical_protein	ProtVar_Q8NGY5_Q9Y2C3_A	ProtVar_Q8NGY5_Q9Y2C3_A 	1.059E-01	0.986	81	5	238	240	28	304	312	283	0.975	0.888
LOKIASV2_1604_ESMFold_hypothetical_protein	ProtVar_O60499_Q9NZH0_B	ProtVar_O60499_Q9NZH0_B 	1.211E-01	0.986	81	1	235	240	41	295	403	270	0.979	0.633
LOKIASV2_1604_ESMFold_hypothetical_protein	ProtVar_A6NJ78_O15218_B	ProtVar_A6NJ78_O15218_B 	6.458E-02	0.986	81	2	235	240	50	323	404	286	0.975	0.678
LOKIASV2_1604_ESMFold_hypothetical_protein	ProtVar_P62873_Q8NGK5_B	ProtVar_P62873_Q8NGK5_B 	1.325E-01	0.984	80	4	240	240	26	317	317	300	0.988	0.921
LOKIASV2_1604_ESMFold_hypothetical_protein	ProtVar_O15173_Q9UBY5_B	ProtVar_O15173_Q9UBY5_B 	8.456E-02	0.984	80	1	237	240	27	302	353	286	0.988	0.782
LOKIASV2_1604_ESMFold_hypothetical_protein	ProtVar_O15127_Q86VZ1_B	ProtVar_O15127_Q86VZ1_B 	1.325E-01	0.984	80	1	239	240	19	307	359	294	0.996	0.805
LOKIASV2_1604_ESMFold_hypothetical_protein	LevyLab_Q99393_V1_1_relaxed_B	LevyLab_Q99393_V1_1_relaxed_B 	2.272E-01	0.981	79	1	238	240	59	301	312	260	0.992	0.779
LOKIASV2_1604_ESMFold_hypothetical_protein	ProtVar_P46089_P60709_A	ProtVar_P46089_P60709_A 	1.325E-01	0.981	79	1	233	240	40	306	330	282	0.971	0.809
LOKIASV2_1604_ESMFold_hypothetical_protein	ProtVar_Q86WK9_Q9Y282_A	ProtVar_Q86WK9_Q9Y282_A 	2.077E-01	0.981	79	4	226	240	70	294	346	259	0.929	0.650
LOKIASV2_1604_ESMFold_hypothetical_protein	ProtVar_Q13835_Q6U736_B	ProtVar_Q13835_Q6U736_B 	7.065E-02	0.981	79	5	239	240	33	313	354	287	0.979	0.794
LOKIASV2_1604_ESMFold_hypothetical_protein	ProtVar_P29371_Q86YS7-2_A	ProtVar_P29371_Q86YS7-2_A 	6.458E-02	0.981	79	1	226	240	81	355	465	284	0.942	0.591
LOKIASV2_1604_ESMFold_hypothetical_protein	ProtVar_O00559_Q8NH19_B	ProtVar_O00559_Q8NH19_B 	1.815E-01	0.978	78	5	239	240	19	299	301	297	0.979	0.934
LOKIASV2_1604_ESMFold_hypothetical_protein	LevyLab_P0C628_V1_5_relaxed_B	LevyLab_P0C628_V1_5_relaxed_B 	7.729E-02	0.978	78	1	239	240	18	305	307	298	0.996	0.938
LOKIASV2_1604_ESMFold_hypothetical_protein	ProtVar_O15498_P59536_B	ProtVar_O15498_P59536_B 	1.586E-01	0.978	78	4	239	240	9	298	307	297	0.983	0.945
LOKIASV2_1604_ESMFold_hypothetical_protein	LevyLab_Q8NGB8_V1_5_relaxed_B	LevyLab_Q8NGB8_V1_5_relaxed_B 	1.267E-01	0.978	78	1	237	240	20	300	312	286	0.988	0.901
LOKIASV2_1604_ESMFold_hypothetical_protein	LevyLab_Q9Y2T6_V1_3_relaxed_A	LevyLab_Q9Y2T6_V1_3_relaxed_A 	5.395E-02	0.978	78	4	239	240	30	315	319	296	0.983	0.897
LOKIASV2_1604_ESMFold_hypothetical_protein	ProtVar_O95136_P50052_B	ProtVar_O95136_P50052_B 	1.158E-01	0.978	78	1	239	240	40	333	363	305	0.996	0.810
LOKIASV2_1604_ESMFold_hypothetical_protein	ModelArchive_ma-2b2xn_P	ModelArchive_ma-2b2xn_P Parathyroid hormone receptor type 1 in complex with a long-acting parathyroid hormone analog and arrestin 2 (6u1n-based template) Parathyroid hormone receptor type 1 in complex with a long-acting parathyroid hormone analog and arrestin 2 (6u1n-based template)	1.211E-01	0.978	78	2	239	240	157	443	499	300	0.992	0.575
LOKIASV2_1604_ESMFold_hypothetical_protein	ProtVar_P02778_P46092_B	ProtVar_P02778_P46092_B 	2.719E-01	0.975	77	2	239	240	42	325	362	293	0.992	0.785
LOKIASV2_1604_ESMFold_hypothetical_protein	ProtVar_O75380_P25103_B	ProtVar_O75380_P25103_B 	9.676E-02	0.971	76	1	239	240	28	316	407	296	0.996	0.710
LOKIASV2_1604_ESMFold_hypothetical_protein	ProtVar_P34998_Q9HD26_A	ProtVar_P34998_Q9HD26_A 	1.059E-01	0.971	76	4	239	240	122	407	444	301	0.983	0.644
LOKIASV2_1604_ESMFold_hypothetical_protein	ProtVar_Q8IY49_Q96BA8_A	ProtVar_Q8IY49_Q96BA8_A 	2.844E-01	0.967	75	1	236	240	31	269	270	266	0.983	0.885
LOKIASV2_1604_ESMFold_hypothetical_protein	LevyLab_Q8N127_V1_3_relaxed_B	LevyLab_Q8N127_V1_3_relaxed_B 	1.450E-01	0.967	75	1	239	240	18	305	324	303	0.996	0.889
LOKIASV2_1604_ESMFold_hypothetical_protein	ProtVar_Q15726_Q969F8_B	ProtVar_Q15726_Q969F8_B 	8.844E-02	0.967	75	2	237	240	36	336	398	315	0.983	0.756
LOKIASV2_1604_ESMFold_hypothetical_protein	ProtVar_O96011_Q5T9L3-1_B	ProtVar_O96011_Q5T9L3-1_B 	1.516E-01	0.967	75	8	233	240	234	502	541	280	0.942	0.497
LOKIASV2_1604_ESMFold_hypothetical_protein	ModelArchive_ma-low-csi-0770_A	ModelArchive_ma-low-csi-0770_A Predicted interaction between OR6Y1 and UTP6 Predicted interaction between OR6Y1 and UTP6	4.458E-01	0.961	74	1	240	240	23	311	325	292	1.000	0.889
LOKIASV2_1604_ESMFold_hypothetical_protein	ProtVar_P50452_Q8NGS6_B	ProtVar_P50452_Q8NGS6_B 	2.719E-01	0.961	74	5	240	240	58	342	347	292	0.983	0.821
LOKIASV2_1604_ESMFold_hypothetical_protein	ProtVar_P30550_Q6UX53_A	ProtVar_P30550_Q6UX53_A 	8.084E-02	0.961	74	4	239	240	40	337	384	305	0.983	0.776
LOKIASV2_1604_ESMFold_hypothetical_protein	LevyLab_Q9H346_V1_3_relaxed_B	LevyLab_Q9H346_V1_3_relaxed_B 	2.272E-01	0.956	73	4	239	240	27	311	318	291	0.983	0.896
LOKIASV2_1604_ESMFold_hypothetical_protein	ProtVar_Q86W33_Q96SQ9_A	ProtVar_Q86W33_Q96SQ9_A 	8.084E-02	0.956	73	1	227	240	43	281	373	253	0.946	0.641
LOKIASV2_1604_ESMFold_hypothetical_protein	ProtVar_Q8N6U8_Q9BRI3-2_A	ProtVar_Q8N6U8_Q9BRI3-2_A 	2.719E-01	0.956	73	5	235	240	27	335	529	318	0.962	0.584
LOKIASV2_1604_ESMFold_hypothetical_protein	ProtVar_P19397_Q86Y34_B	ProtVar_P19397_Q86Y34_B 	2.600E-01	0.956	73	4	238	240	268	537	549	287	0.979	0.492
LOKIASV2_1604_ESMFold_hypothetical_protein	LevyLab_A6NI61_V1_4_relaxed_B	LevyLab_A6NI61_V1_4_relaxed_B 	1.815E-01	0.949	72	4	222	240	7	194	221	229	0.913	0.851
LOKIASV2_1604_ESMFold_hypothetical_protein	ProtVar_Q8N6M3_Q9Y2T5_B	ProtVar_Q8N6M3_Q9Y2T5_B 	2.600E-01	0.949	72	4	237	240	43	330	361	298	0.975	0.798
LOKIASV2_1604_ESMFold_hypothetical_protein	ProtVar_P30559_Q5UCC4_A	ProtVar_P30559_Q5UCC4_A 	1.898E-01	0.949	72	2	239	240	36	344	389	312	0.992	0.794
LOKIASV2_1604_ESMFold_hypothetical_protein	ProtVar_P21964_P34981_B	ProtVar_P21964_P34981_B 	1.516E-01	0.949	72	1	239	240	21	331	398	325	0.996	0.781
LOKIASV2_1604_ESMFold_hypothetical_protein	ProtVar_O60637_Q9P2C4_B	ProtVar_O60637_Q9P2C4_B 	1.516E-01	0.949	72	7	240	240	312	583	612	283	0.975	0.444
LOKIASV2_1604_ESMFold_hypothetical_protein	ProtVar_O00398_Q13585_B	ProtVar_O00398_Q13585_B 	1.735E-01	0.949	72	1	235	240	24	304	617	291	0.979	0.455
LOKIASV2_1604_ESMFold_hypothetical_protein	ProtVar_B2RNN3_Q9Y653-2_B	ProtVar_B2RNN3_Q9Y653-2_B 	2.486E-01	0.949	72	2	227	240	401	654	687	270	0.942	0.370
LOKIASV2_1604_ESMFold_hypothetical_protein	ProtVar_Q8IXB3_Q8NG98_A	ProtVar_Q8IXB3_Q8NG98_A 	3.255E-01	0.941	71	1	239	240	20	305	312	288	0.996	0.917
LOKIASV2_1604_ESMFold_hypothetical_protein	ProtVar_Q8NGT2_Q9ULG6-2_A	ProtVar_Q8NGT2_Q9ULG6-2_A 	2.272E-01	0.941	71	1	239	240	20	305	312	292	0.996	0.917
LOKIASV2_1604_ESMFold_hypothetical_protein	ProtVar_O14893_P48039_B	ProtVar_O14893_P48039_B 	1.815E-01	0.941	71	5	239	240	30	313	350	290	0.979	0.811
LOKIASV2_1604_ESMFold_hypothetical_protein	ProtVar_P24158_Q86SQ4-2_B	ProtVar_P24158_Q86SQ4-2_B 	3.255E-01	0.941	71	3	234	240	831	1096	1193	273	0.967	0.223
LOKIASV2_1604_ESMFold_hypothetical_protein	LevyLab_Q8NGH7_V1_5_relaxed_B	LevyLab_Q8NGH7_V1_5_relaxed_B 	1.267E-01	0.933	70	2	240	240	40	326	329	298	0.996	0.872
LOKIASV2_1604_ESMFold_hypothetical_protein	ProtVar_P09341_P21109_B	ProtVar_P09341_P21109_B 	2.600E-01	0.933	70	1	237	240	40	338	355	302	0.988	0.842
LOKIASV2_1604_ESMFold_hypothetical_protein	ProtVar_O00400_Q9HC97_B	ProtVar_O00400_Q9HC97_B 	3.561E-01	0.923	69	1	240	240	16	284	309	278	1.000	0.871
LOKIASV2_1604_ESMFold_hypothetical_protein	LevyLab_Q8NGK4_V1_5_relaxed_A	LevyLab_Q8NGK4_V1_5_relaxed_A 	1.659E-01	0.923	69	7	240	240	31	310	314	288	0.975	0.892
LOKIASV2_1604_ESMFold_hypothetical_protein	ProtVar_Q969N2_Q96FM1_B	ProtVar_Q969N2_Q96FM1_B 	3.112E-01	0.923	69	11	238	240	106	312	320	235	0.950	0.647
LOKIASV2_1604_ESMFold_hypothetical_protein	ProtVar_P0DPK4_P21918_B	ProtVar_P0DPK4_P21918_B 	2.844E-01	0.923	69	1	239	240	36	373	477	344	0.996	0.709
LOKIASV2_1604_ESMFold_hypothetical_protein	ProtVar_O14556_Q9UGF7_B	ProtVar_O14556_Q9UGF7_B 	2.975E-01	0.912	68	1	239	240	16	304	316	298	0.996	0.915
LOKIASV2_1604_ESMFold_hypothetical_protein	ProtVar_Q8NG76_Q8NG77_B	ProtVar_Q8NG76_Q8NG77_B 	5.580E-01	0.912	68	5	239	240	26	303	320	283	0.979	0.869
LOKIASV2_1604_ESMFold_hypothetical_protein	ProtVar_Q8NFJ5_Q8NFJ5_A	ProtVar_Q8NFJ5_Q8NFJ5_A 	2.172E-01	0.887	66	1	235	240	13	267	357	268	0.979	0.714
LOKIASV2_1604_ESMFold_hypothetical_protein	ProtVar_P16473_Q9H6T0_A	ProtVar_P16473_Q9H6T0_A 	2.486E-01	0.887	66	1	239	240	414	696	764	291	0.996	0.370
LOKIASV2_1604_ESMFold_hypothetical_protein	ProtVar_O00204_O95047_B	ProtVar_O00204_O95047_B 	5.580E-01	0.872	65	1	239	240	19	304	310	293	0.996	0.923
LOKIASV2_1604_ESMFold_hypothetical_protein	ProtVar_P01009_Q8N349_B	ProtVar_P01009_Q8N349_B 	4.074E-01	0.872	65	2	239	240	20	304	312	292	0.992	0.913
LOKIASV2_1604_ESMFold_hypothetical_protein	ProtVar_O15354_P04222_A	ProtVar_O15354_P04222_A 	2.600E-01	0.872	65	5	238	240	261	562	613	317	0.975	0.493
LOKIASV2_1604_ESMFold_hypothetical_protein	ProtVar_O60403_O75387-2_A	ProtVar_O60403_O75387-2_A 	5.101E-01	0.855	64	2	239	240	22	306	315	294	0.992	0.905
LOKIASV2_1604_ESMFold_hypothetical_protein	ProtVar_P10747_Q8NH76_B	ProtVar_P10747_Q8NH76_B 	5.837E-01	0.855	64	1	239	240	27	311	319	291	0.996	0.893
LOKIASV2_1604_ESMFold_hypothetical_protein	ProtVar_O00458_Q13304-2_B	ProtVar_O00458_Q13304-2_B 	6.754E-02	0.855	64	4	239	240	37	308	339	295	0.983	0.802
LOKIASV2_1604_ESMFold_hypothetical_protein	ProtVar_A6NKF2_O43869_B	ProtVar_A6NKF2_O43869_B 	7.643E-01	0.855	64	5	239	240	78	355	369	284	0.979	0.753
LOKIASV2_1604_ESMFold_hypothetical_protein	ProtVar_O00590_O15258_A	ProtVar_O00590_O15258_A 	4.074E-01	0.855	64	5	237	240	46	325	384	286	0.971	0.729
LOKIASV2_1604_ESMFold_hypothetical_protein	ProtVar_O95147_Q9H255_B	ProtVar_O95147_Q9H255_B 	5.837E-01	0.837	63	5	239	240	27	302	320	282	0.979	0.863
LOKIASV2_1604_ESMFold_hypothetical_protein	ProtVar_Q6TCH7_Q96DB5_A	ProtVar_Q6TCH7_Q96DB5_A 	6.986E-01	0.817	62	4	234	240	75	298	311	245	0.962	0.720
LOKIASV2_1604_ESMFold_hypothetical_protein	ProtVar_O75844_Q9H2C8_B	ProtVar_O75844_Q9H2C8_B 	5.580E-01	0.817	62	1	239	240	29	316	321	301	0.996	0.897
LOKIASV2_1604_ESMFold_hypothetical_protein	ProtVar_A6NJ78_Q9Y5Y3_B	ProtVar_A6NJ78_Q9Y5Y3_B 	2.272E-01	0.817	62	4	240	240	37	339	372	318	0.988	0.815
LOKIASV2_1604_ESMFold_hypothetical_protein	ProtVar_Q4KMQ2_Q9Y4A9_B	ProtVar_Q4KMQ2_Q9Y4A9_B 	3.404E-01	0.795	61	2	239	240	22	306	318	299	0.992	0.896
LOKIASV2_1604_ESMFold_hypothetical_protein	ProtVar_Q9UGF5_Q9Y6M0_A	ProtVar_Q9UGF5_Q9Y6M0_A 	1.095E+00	0.795	61	4	240	240	25	304	321	286	0.988	0.872
LOKIASV2_1604_ESMFold_hypothetical_protein	ProtVar_O94768_Q13304-2_B	ProtVar_O94768_Q13304-2_B 	5.101E-01	0.795	61	4	239	240	37	311	339	289	0.983	0.811
LOKIASV2_1604_ESMFold_hypothetical_protein	ProtVar_P07550_P21917_A	ProtVar_P07550_P21917_A 	1.047E+00	0.795	61	4	239	240	36	340	413	306	0.983	0.738
LOKIASV2_1604_ESMFold_hypothetical_protein	ProtVar_P07550_Q14656_B	ProtVar_P07550_Q14656_B 	1.516E-01	0.772	60	1	227	240	1	246	261	274	0.946	0.943
LOKIASV2_1604_ESMFold_hypothetical_protein	LevyLab_Q8X400_V1_4_relaxed_B	LevyLab_Q8X400_V1_4_relaxed_B 	1.516E-01	0.772	60	1	235	240	10	207	311	236	0.979	0.637
LOKIASV2_1604_ESMFold_hypothetical_protein	ProtVar_A0PK00_P61073-2_B	ProtVar_A0PK00_P61073-2_B 	8.361E-01	0.772	60	2	239	240	39	324	356	288	0.992	0.803
LOKIASV2_1604_ESMFold_hypothetical_protein	ProtVar_P23945_P61803_A	ProtVar_P23945_P61803_A 	4.877E-01	0.772	60	1	240	240	362	630	695	279	1.000	0.387
LOKIASV2_1604_ESMFold_hypothetical_protein	ProtVar_O95977_P13498_A	ProtVar_O95977_P13498_A 	5.837E-01	0.747	59	2	239	240	47	322	384	290	0.992	0.719
LOKIASV2_1604_ESMFold_hypothetical_protein	ProtVar_Q9BSI4_Q9GZK4_B	ProtVar_Q9BSI4_Q9GZK4_B 	1.371E+00	0.720	58	1	239	240	18	303	316	296	0.996	0.905
LOKIASV2_1604_ESMFold_hypothetical_protein	ProtVar_P10147_P51677_B	ProtVar_P10147_P51677_B 	3.112E-01	0.720	58	4	239	240	40	316	355	293	0.983	0.780
LOKIASV2_1604_ESMFold_hypothetical_protein	ProtVar_P21730_Q6TCH7-2_B	ProtVar_P21730_Q6TCH7-2_B 	9.568E-01	0.692	57	4	226	240	68	290	291	241	0.929	0.766
LOKIASV2_1604_ESMFold_hypothetical_protein	LevyLab_Q8U3U0_V1_5_relaxed_B	LevyLab_Q8U3U0_V1_5_relaxed_B 	5.335E-01	0.692	57	50	227	240	3	152	304	181	0.742	0.493
LOKIASV2_1604_ESMFold_hypothetical_protein	ProtVar_P30953_Q8N7R7-3_A	ProtVar_P30953_Q8N7R7-3_A 	1.310E+00	0.692	57	1	238	240	20	307	314	294	0.992	0.917
LOKIASV2_1604_ESMFold_hypothetical_protein	ProtVar_P28222_P36542_A	ProtVar_P28222_P36542_A 	7.307E-01	0.692	57	1	239	240	45	384	390	346	0.996	0.872
LOKIASV2_1604_ESMFold_hypothetical_protein	ProtVar_O60478_Q14183_A	ProtVar_O60478_Q14183_A 	5.101E-01	0.692	57	4	234	240	45	311	399	279	0.962	0.669
LOKIASV2_1604_ESMFold_hypothetical_protein	ProtVar_P01286_Q02643_B	ProtVar_P01286_Q02643_B 	4.262E-01	0.692	57	2	239	240	127	391	423	279	0.992	0.626
LOKIASV2_1604_ESMFold_hypothetical_protein	ProtVar_P29992_P32238_B	ProtVar_P29992_P32238_B 	1.310E+00	0.692	57	1	239	240	37	385	428	349	0.996	0.815
LOKIASV2_1604_ESMFold_hypothetical_protein	LevyLab_Q03218_V1_5_relaxed_B	LevyLab_Q03218_V1_5_relaxed_B 	1.735E-01	0.692	57	1	239	240	151	380	510	255	0.996	0.451
LOKIASV2_1604_ESMFold_hypothetical_protein	LevyLab_Q8U154_V1_4_relaxed_B	LevyLab_Q8U154_V1_4_relaxed_B 	8.844E-02	0.632	55	1	236	240	1	202	285	236	0.983	0.709
LOKIASV2_1604_ESMFold_hypothetical_protein	ProtVar_Q8NHS3_Q9H244_B	ProtVar_Q8NHS3_Q9H244_B 	6.679E-01	0.632	55	4	223	240	31	293	342	274	0.917	0.769
LOKIASV2_1604_ESMFold_hypothetical_protein	LevyLab_P53735_V1_4_relaxed_B	LevyLab_P53735_V1_4_relaxed_B 	9.251E-02	0.632	55	1	237	240	222	449	605	264	0.988	0.377
LOKIASV2_1604_ESMFold_hypothetical_protein	ProtVar_Q8NGZ3_Q9GZQ3_A	ProtVar_Q8NGZ3_Q9GZQ3_A 	1.047E+00	0.601	54	1	239	240	15	302	307	296	0.996	0.938
LOKIASV2_1604_ESMFold_hypothetical_protein	ProtVar_Q8NGU9_Q96M94_A	ProtVar_Q8NGU9_Q96M94_A 	1.253E+00	0.601	54	5	239	240	42	370	434	342	0.979	0.758
LOKIASV2_1604_ESMFold_hypothetical_protein	LevyLab_P69381_V1_3_relaxed_B	LevyLab_P69381_V1_3_relaxed_B 	2.376E-01	0.569	53	1	231	240	1	201	300	240	0.962	0.670
LOKIASV2_1604_ESMFold_hypothetical_protein	ProtVar_O95202_Q8NGZ9_B	ProtVar_O95202_Q8NGZ9_B 	7.994E-01	0.569	53	2	239	240	25	305	312	296	0.992	0.901
LOKIASV2_1604_ESMFold_hypothetical_protein	ProtVar_O14863_Q9NV29_B	ProtVar_O14863_Q9NV29_B 	1.963E+00	0.537	52	161	238	240	40	117	134	78	0.325	0.582
LOKIASV2_1604_ESMFold_hypothetical_protein	LevyLab_Q8IWU4_V1_2_relaxed_A	LevyLab_Q8IWU4_V1_2_relaxed_A 	2.486E-01	0.537	52	3	231	240	65	272	369	245	0.954	0.564
LOKIASV2_1604_ESMFold_hypothetical_protein	LevyLab_Q08970_V1_3_relaxed_B	LevyLab_Q08970_V1_3_relaxed_B 	2.077E-01	0.537	52	2	231	240	125	346	484	239	0.958	0.459
LOKIASV2_1604_ESMFold_hypothetical_protein	ProtVar_P25100_P62736_A	ProtVar_P25100_P62736_A 	1.371E+00	0.537	52	3	227	240	94	418	572	331	0.938	0.568
LOKIASV2_1604_ESMFold_hypothetical_protein	LevyLab_A6NMS3_V1_5_relaxed_B	LevyLab_A6NMS3_V1_5_relaxed_B 	4.877E-01	0.473	50	1	239	240	18	301	321	319	0.996	0.885
LOKIASV2_1604_ESMFold_hypothetical_protein	ProtVar_P21462_P48029_A	ProtVar_P21462_P48029_A 	6.385E-01	0.473	50	4	236	240	25	301	350	297	0.971	0.791
LOKIASV2_1604_ESMFold_hypothetical_protein	ProtVar_O76024_Q99541_B	ProtVar_O76024_Q99541_B 	4.877E-01	0.473	50	73	237	240	240	394	437	175	0.688	0.355
LOKIASV2_1604_ESMFold_hypothetical_protein	LevyLab_Q6PML9_V1_3_relaxed_A	LevyLab_Q6PML9_V1_3_relaxed_A 	2.844E-01	0.473	50	1	224	240	224	445	568	253	0.933	0.391
LOKIASV2_1604_ESMFold_hypothetical_protein	LevyLab_A6NDV4_V1_4_relaxed_B	LevyLab_A6NDV4_V1_4_relaxed_B 	1.640E+00	0.411	48	1	223	240	228	424	472	236	0.929	0.417
LOKIASV2_1604_ESMFold_hypothetical_protein	ProtVar_A0A087WV42_O60883_A	ProtVar_A0A087WV42_O60883_A 	1.198E+00	0.411	48	1	235	240	124	426	481	322	0.979	0.630
LOKIASV2_1604_ESMFold_hypothetical_protein	ProtVar_P11279_Q96N19_B	ProtVar_P11279_Q96N19_B 	6.385E-01	0.382	47	5	235	240	20	294	417	286	0.962	0.659
LOKIASV2_1604_ESMFold_hypothetical_protein	ProtVar_O43808_O75192_B	ProtVar_O43808_O75192_B 	3.561E-01	0.353	46	12	227	240	57	241	247	227	0.900	0.749
LOKIASV2_1604_ESMFold_hypothetical_protein	ProtVar_O95918_Q7L1W4_A	ProtVar_O95918_Q7L1W4_A 	1.253E+00	0.353	46	4	239	240	32	302	312	301	0.983	0.869
LOKIASV2_1604_ESMFold_hypothetical_protein	ProtVar_O14569_O15173_A	ProtVar_O14569_O15173_A 	6.105E-01	0.326	45	5	240	240	13	221	222	254	0.983	0.941
LOKIASV2_1604_ESMFold_hypothetical_protein	ProtVar_O60931_Q14749_A	ProtVar_O60931_Q14749_A 	4.074E-01	0.326	45	1	226	240	120	354	367	249	0.942	0.640
LOKIASV2_1604_ESMFold_hypothetical_protein	ProtVar_O95858_Q8NEW0_B	ProtVar_O95858_Q8NEW0_B 	4.662E-01	0.326	45	3	235	240	27	289	376	298	0.971	0.699
LOKIASV2_1604_ESMFold_hypothetical_protein	ProtVar_O43561_Q96P66_A	ProtVar_O43561_Q96P66_A 	1.963E+00	0.326	45	4	162	240	34	221	508	196	0.663	0.370
LOKIASV2_1604_ESMFold_hypothetical_protein	LevyLab_A6NC51_V1_2_relaxed_B	LevyLab_A6NC51_V1_2_relaxed_B 	3.404E-01	0.301	44	3	224	240	4	195	233	238	0.925	0.824
LOKIASV2_1604_ESMFold_hypothetical_protein	LevyLab_P25619_V1_4_relaxed_B	LevyLab_P25619_V1_4_relaxed_B 	2.054E+00	0.301	44	1	235	240	26	270	332	267	0.979	0.738
LOKIASV2_1604_ESMFold_hypothetical_protein	ProtVar_O43193_P00395_A	ProtVar_O43193_P00395_A 	2.350E+00	0.301	44	1	237	240	34	364	412	340	0.988	0.803
LOKIASV2_1604_ESMFold_hypothetical_protein	ProtVar_P25090_Q8TAD4_B	ProtVar_P25090_Q8TAD4_B 	4.662E-01	0.301	44	11	233	240	418	643	765	259	0.929	0.295
LOKIASV2_1604_ESMFold_hypothetical_protein	ProtVar_Q6ZMG9_Q9NQS5_B	ProtVar_Q6ZMG9_Q9NQS5_B 	3.366E+00	0.277	43	1	238	240	12	383	396	382	0.992	0.939
LOKIASV2_1604_ESMFold_hypothetical_protein	ModelArchive_ma-bak-cepc-0831_B	ModelArchive_ma-bak-cepc-0831_B Predicted interaction between PEX25 and PEX11 Predicted interaction between PEX25 and PEX11	1.198E+00	0.254	42	3	237	240	25	235	236	278	0.979	0.894
LOKIASV2_1604_ESMFold_hypothetical_protein	ModelArchive_ma-cw2sx_A	ModelArchive_ma-cw2sx_A ANGIOTENSIN II TYPE 1A RECEPTOR BOUND TO ANGII HORMONE ANGIOTENSIN II TYPE 1A RECEPTOR BOUND TO ANGII HORMONE	3.683E+00	0.254	42	4	220	240	34	301	359	284	0.904	0.747
LOKIASV2_1604_ESMFold_hypothetical_protein	ProtVar_P08908_P82979_A	ProtVar_P08908_P82979_A 	3.683E+00	0.254	42	4	177	240	39	239	422	206	0.725	0.476
LOKIASV2_1604_ESMFold_hypothetical_protein	LevyLab_Q99726_V1_2_relaxed_A	LevyLab_Q99726_V1_2_relaxed_A 	1.001E+00	0.233	41	1	227	240	65	287	388	265	0.946	0.575
LOKIASV2_1604_ESMFold_hypothetical_protein	ProtVar_Q6NXT4_Q9Y6M5_A	ProtVar_Q6NXT4_Q9Y6M5_A 	4.662E-01	0.233	41	1	234	240	27	251	461	261	0.975	0.488
LOKIASV2_1604_ESMFold_hypothetical_protein	ProtVar_Q6PL24_Q8N8Q1_B	ProtVar_Q6PL24_Q8N8Q1_B 	1.568E+00	0.196	39	1	221	240	16	213	229	233	0.921	0.865
LOKIASV2_1604_ESMFold_hypothetical_protein	LevyLab_Q8U3B2_V1_1_relaxed_B	LevyLab_Q8U3B2_V1_1_relaxed_B 	6.679E-01	0.196	39	13	235	240	13	198	295	227	0.929	0.631
LOKIASV2_1604_ESMFold_hypothetical_protein	ProtVar_Q7Z4T8_Q9BRI3-2_B	ProtVar_Q7Z4T8_Q9BRI3-2_B 	1.001E+00	0.196	39	12	227	240	74	271	372	228	0.900	0.532
LOKIASV2_1604_ESMFold_hypothetical_protein	ProtVar_Q96GX1_Q9HCN3_B	ProtVar_Q96GX1_Q9HCN3_B 	3.521E+00	0.196	39	1	221	240	540	737	771	232	0.921	0.257
LOKIASV2_1604_ESMFold_hypothetical_protein	ProtVar_A0PJX8_P02652_B	ProtVar_A0PJX8_P02652_B 	4.262E-01	0.179	38	1	236	240	19	313	343	304	0.983	0.860
LOKIASV2_1604_ESMFold_hypothetical_protein	ProtVar_P20309_Q13748_A	ProtVar_P20309_Q13748_A 	6.037E+00	0.179	38	1	131	240	64	212	590	149	0.546	0.253
LOKIASV2_1604_ESMFold_hypothetical_protein	ProtVar_O00399_P33947_B	ProtVar_O00399_P33947_B 	6.986E-01	0.164	37	1	226	240	1	200	212	232	0.942	0.943
LOKIASV2_1604_ESMFold_hypothetical_protein	ProtVar_P00414_P12074_A	ProtVar_P00414_P12074_A 	1.198E+00	0.164	37	12	234	240	16	259	261	260	0.929	0.935
LOKIASV2_1604_ESMFold_hypothetical_protein	LevyLab_Q12253_V1_5_relaxed_B	LevyLab_Q12253_V1_5_relaxed_B 	2.350E+00	0.164	37	41	235	240	33	253	270	229	0.812	0.819
LOKIASV2_1604_ESMFold_hypothetical_protein	LevyLab_Q8X5R4_V1_1_relaxed_B	LevyLab_Q8X5R4_V1_1_relaxed_B 	8.361E-01	0.164	37	1	235	240	1	347	350	355	0.979	0.991
LOKIASV2_1604_ESMFold_hypothetical_protein	ProtVar_P08172_P41732_A	ProtVar_P08172_P41732_A 	5.276E+00	0.164	37	1	166	240	19	219	466	204	0.692	0.431
LOKIASV2_1604_ESMFold_hypothetical_protein	ProtVar_B2RUZ4_P49447_A	ProtVar_B2RUZ4_P49447_A 	2.247E+00	0.138	35	1	239	240	13	239	251	260	0.996	0.904
LOKIASV2_1604_ESMFold_hypothetical_protein	ProtVar_A1L190_O96011_B	ProtVar_A1L190_O96011_B 	2.813E+00	0.138	35	9	235	240	54	255	259	240	0.946	0.780
LOKIASV2_1604_ESMFold_hypothetical_protein	ModelArchive_ma-rap-bacsu-040_A	ModelArchive_ma-rap-bacsu-040_A Predicted interaction between ftsW and pbpB Predicted interaction between ftsW and pbpB	5.837E-01	0.138	35	4	239	240	50	400	403	357	0.983	0.871
LOKIASV2_1604_ESMFold_hypothetical_protein	ProtVar_A0PJX4_Q9BVK8_A	ProtVar_A0PJX4_Q9BVK8_A 	1.198E+00	0.126	34	8	227	240	2	221	224	234	0.917	0.982
LOKIASV2_1604_ESMFold_hypothetical_protein	LevyLab_Q8U2W0_V1_4_relaxed_B	LevyLab_Q8U2W0_V1_4_relaxed_B 	6.604E+00	0.126	34	1	228	240	1	247	247	268	0.950	1.000
LOKIASV2_1604_ESMFold_hypothetical_protein	LevyLab_Q96CH1_V1_3_relaxed_B	LevyLab_Q96CH1_V1_3_relaxed_B 	2.571E+00	0.126	34	5	239	240	30	303	333	280	0.979	0.823
LOKIASV2_1604_ESMFold_hypothetical_protein	ProtVar_P48165_Q6ZP29_B	ProtVar_P48165_Q6ZP29_B 	2.942E+00	0.116	33	2	238	240	32	282	291	275	0.988	0.863
LOKIASV2_1604_ESMFold_hypothetical_protein	ModelArchive_ma-bak-cepc-0831_A	ModelArchive_ma-bak-cepc-0831_A Predicted interaction between PEX25 and PEX11 Predicted interaction between PEX25 and PEX11	2.054E+00	0.116	33	1	239	240	172	389	394	242	0.996	0.553
LOKIASV2_1604_ESMFold_hypothetical_protein	ProtVar_O43761_O60664-3_B	ProtVar_O43761_O60664-3_B 	1.877E+00	0.116	33	69	232	240	242	414	433	185	0.683	0.400
LOKIASV2_1604_ESMFold_hypothetical_protein	LevyLab_P0A8L0_V1_5_relaxed_B	LevyLab_P0A8L0_V1_5_relaxed_B 	5.101E-01	0.106	32	3	238	240	31	285	290	267	0.983	0.879
LOKIASV2_1604_ESMFold_hypothetical_protein	LevyLab_Q8NGG4_V1_1_relaxed_B	LevyLab_Q8NGG4_V1_1_relaxed_B 	6.314E+00	0.106	32	1	240	240	18	305	311	303	1.000	0.926
LOKIASV2_1604_ESMFold_hypothetical_protein	LevyLab_Q8XBX4_V1_4_relaxed_B	LevyLab_Q8XBX4_V1_4_relaxed_B 	8.268E+00	0.106	32	1	131	240	17	162	415	151	0.546	0.352
LOKIASV2_1604_ESMFold_hypothetical_protein	ProtVar_O14645_Q6ZMI0-5_B	ProtVar_O14645_Q6ZMI0-5_B 	1.963E+00	0.106	32	1	239	240	245	494	738	277	0.996	0.339
LOKIASV2_1604_ESMFold_hypothetical_protein	LevyLab_Q14161_V1_3_relaxed_B	LevyLab_Q14161_V1_3_relaxed_B 	8.268E+00	0.106	32	149	238	240	669	756	759	94	0.375	0.116
LOKIASV2_1604_ESMFold_hypothetical_protein	LevyLab_P0ABG0_V1_4_relaxed_B	LevyLab_P0ABG0_V1_4_relaxed_B 	1.963E+00	0.098	31	35	234	240	4	177	182	212	0.833	0.956
LOKIASV2_1604_ESMFold_hypothetical_protein	ProtVar_P24390_P43005_A	ProtVar_P24390_P43005_A 	1.145E+00	0.098	31	1	226	240	1	200	212	247	0.942	0.943
LOKIASV2_1604_ESMFold_hypothetical_protein	ProtVar_P24390_Q8NBI5_A	ProtVar_P24390_Q8NBI5_A 	1.371E+00	0.098	31	1	216	240	1	189	212	220	0.900	0.892
LOKIASV2_1604_ESMFold_hypothetical_protein	LevyLab_O43731_V1_5_relaxed_A	LevyLab_O43731_V1_5_relaxed_A 	1.253E+00	0.098	31	1	216	240	1	189	214	226	0.900	0.883
LOKIASV2_1604_ESMFold_hypothetical_protein	ProtVar_O14662_Q9UNK0_B	ProtVar_O14662_Q9UNK0_B 	6.314E+00	0.098	31	1	106	240	2	108	236	107	0.442	0.453
LOKIASV2_1604_ESMFold_hypothetical_protein	ProtVar_Q8N0U8_Q96FM1-2_B	ProtVar_Q8N0U8_Q96FM1-2_B 	3.366E+00	0.098	31	19	239	240	94	266	269	222	0.921	0.643
LOKIASV2_1604_ESMFold_hypothetical_protein	ProtVar_A0A0B4J1R5_P78382_A	ProtVar_A0A0B4J1R5_P78382_A 	4.877E-01	0.098	31	1	238	240	112	330	337	252	0.992	0.650
LOKIASV2_1604_ESMFold_hypothetical_protein	LevyLab_Q8X5Q3_V1_3_relaxed_B	LevyLab_Q8X5Q3_V1_3_relaxed_B 	1.877E+00	0.090	30	4	237	240	19	255	756	256	0.975	0.313
LOKIASV2_1604_ESMFold_hypothetical_protein	ProtVar_Q60I27_Q9UHP6_B	ProtVar_Q60I27_Q9UHP6_B 	2.458E+00	0.090	30	1	237	240	2	209	953	252	0.988	0.218
LOKIASV2_1604_ESMFold_hypothetical_protein	ProtVar_O00186_Q8IY95-2_B	ProtVar_O00186_Q8IY95-2_B 	6.604E+00	0.082	29	142	238	240	96	197	267	104	0.404	0.382
LOKIASV2_1604_ESMFold_hypothetical_protein	ProtVar_P36894_Q86TG1_B	ProtVar_P36894_Q86TG1_B 	4.029E+00	0.082	29	4	224	240	79	223	271	223	0.921	0.535
LOKIASV2_1604_ESMFold_hypothetical_protein	ProtVar_O43638_P13674_B	ProtVar_O43638_P13674_B 	5.518E+00	0.082	29	47	140	240	180	272	534	97	0.392	0.174
LOKIASV2_1604_ESMFold_hypothetical_protein	ProtVar_O00399_P24390_B	ProtVar_O00399_P24390_B 	1.640E+00	0.076	28	1	226	240	1	200	212	247	0.942	0.943
LOKIASV2_1604_ESMFold_hypothetical_protein	ProtVar_O00628_Q96HA9_B	ProtVar_O00628_Q96HA9_B 	4.029E+00	0.076	28	35	234	240	13	238	241	236	0.833	0.938
LOKIASV2_1604_ESMFold_hypothetical_protein	ProtVar_O94768_P08173_B	ProtVar_O94768_P08173_B 	9.461E+00	0.076	28	2	160	240	25	222	479	202	0.663	0.413
LOKIASV2_1604_ESMFold_hypothetical_protein	ProtVar_P26842_Q9C0H2_B	ProtVar_P26842_Q9C0H2_B 	1.568E+00	0.076	28	3	240	240	116	414	523	311	0.992	0.572
LOKIASV2_1604_ESMFold_hypothetical_protein	ProtVar_O14678_Q4KMZ8_B	ProtVar_O14678_Q4KMZ8_B 	5.044E+00	0.069	27	8	114	240	3	99	207	110	0.446	0.469
LOKIASV2_1604_ESMFold_hypothetical_protein	LevyLab_Q9UHQ4_V1_5_relaxed_A	LevyLab_Q9UHQ4_V1_5_relaxed_A 	5.518E+00	0.069	27	1	131	240	1	143	241	152	0.546	0.593
LOKIASV2_1604_ESMFold_hypothetical_protein	ProtVar_Q53HC5_Q6ZMI0-2_B	ProtVar_Q53HC5_Q6ZMI0-2_B 	3.852E+00	0.069	27	3	237	240	247	489	769	272	0.979	0.316
LOKIASV2_1604_ESMFold_hypothetical_protein	ProtVar_O43653_Q969K7_B	ProtVar_O43653_Q969K7_B 	4.822E+00	0.063	26	2	239	240	11	196	222	250	0.992	0.838
LOKIASV2_1604_ESMFold_hypothetical_protein	ProtVar_Q12797_Q8IY95-2_B	ProtVar_Q12797_Q8IY95-2_B 	2.571E+00	0.063	26	63	232	240	19	197	267	204	0.708	0.670
LOKIASV2_1604_ESMFold_hypothetical_protein	ProtVar_P09564_Q96S97_B	ProtVar_P09564_Q96S97_B 	3.521E+00	0.063	26	4	238	240	39	321	322	300	0.979	0.879
LOKIASV2_1604_ESMFold_hypothetical_protein	ProtVar_Q9UNK0_Q9Y5M8_A	ProtVar_Q9UNK0_Q9Y5M8_A 	6.908E+00	0.057	25	1	131	240	1	164	236	164	0.546	0.695
LOKIASV2_1604_ESMFold_hypothetical_protein	ProtVar_Q8IY95_Q9H313_A	ProtVar_Q8IY95_Q9H313_A 	2.813E+00	0.057	25	63	232	240	23	201	271	205	0.708	0.661
LOKIASV2_1604_ESMFold_hypothetical_protein	ProtVar_P18859_Q8IXU6-3_B	ProtVar_P18859_Q8IXU6-3_B 	1.963E+00	0.057	25	2	221	240	58	285	327	252	0.917	0.697
LOKIASV2_1604_ESMFold_hypothetical_protein	ProtVar_Q00G26_Q8WXA8_A	ProtVar_Q00G26_Q8WXA8_A 	6.314E+00	0.057	25	72	237	240	206	367	463	196	0.692	0.350
LOKIASV2_1604_ESMFold_hypothetical_protein	ProtVar_O15173_Q86UD5_A	ProtVar_O15173_Q86UD5_A 	3.218E+00	0.057	25	1	238	240	170	392	537	268	0.992	0.415
LOKIASV2_1604_ESMFold_hypothetical_protein	LevyLab_Q9NQA5_V1_3_relaxed_B	LevyLab_Q9NQA5_V1_3_relaxed_B 	3.521E+00	0.057	25	5	223	240	389	605	729	239	0.913	0.298
LOKIASV2_1604_ESMFold_hypothetical_protein	LevyLab_Q765P7_V1_5_relaxed_A	LevyLab_Q765P7_V1_5_relaxed_A 	2.247E+00	0.057	25	11	235	240	7	228	747	244	0.938	0.297
LOKIASV2_1604_ESMFold_hypothetical_protein	LevyLab_O14880_V1_3_relaxed_A	LevyLab_O14880_V1_3_relaxed_A 	5.518E+00	0.051	24	1	106	240	4	146	152	144	0.442	0.941
LOKIASV2_1604_ESMFold_hypothetical_protein	LevyLab_Q9H3V2_V1_4_relaxed_B	LevyLab_Q9H3V2_V1_4_relaxed_B 	8.268E+00	0.051	24	4	130	240	50	172	200	138	0.529	0.615
LOKIASV2_1604_ESMFold_hypothetical_protein	LevyLab_Q8X9S1_V1_1_relaxed_B	LevyLab_Q8X9S1_V1_1_relaxed_B 	4.214E+00	0.051	24	12	240	240	7	201	201	254	0.954	0.970
LOKIASV2_1604_ESMFold_hypothetical_protein	LevyLab_P0AEB6_V1_3_relaxed_B	LevyLab_P0AEB6_V1_3_relaxed_B 	9.895E+00	0.051	24	1	197	240	1	177	343	211	0.821	0.516
LOKIASV2_1604_ESMFold_hypothetical_protein	ProtVar_Q6UWI2_Q8NFT2_B	ProtVar_Q6UWI2_Q8NFT2_B 	3.077E+00	0.051	24	1	236	240	208	459	490	287	0.983	0.514
LOKIASV2_1604_ESMFold_hypothetical_protein	ProtVar_Q86TM6_Q9H832_A	ProtVar_Q86TM6_Q9H832_A 	4.610E+00	0.051	24	1	219	240	1	260	617	271	0.913	0.421
LOKIASV2_1604_ESMFold_hypothetical_protein	ModelArchive_ma-t3vr3-487_A	ModelArchive_ma-t3vr3-487_A Predicted interaction between CTNNA1 (1-645) and CTNNB1 (80-691) Predicted interaction between CTNNA1 (1-645) and CTNNB1 (80-691)	4.408E+00	0.051	24	1	240	240	55	271	645	259	1.000	0.336
LOKIASV2_1604_ESMFold_hypothetical_protein	LevyLab_Q8U229_V1_4_relaxed_B	LevyLab_Q8U229_V1_4_relaxed_B 	6.604E+00	0.045	23	2	224	240	10	213	222	242	0.929	0.919
LOKIASV2_1604_ESMFold_hypothetical_protein	ProtVar_Q6ZS82_Q9NPF0_A	ProtVar_Q6ZS82_Q9NPF0_A 	7.557E+00	0.045	23	3	155	240	1	164	235	171	0.637	0.698
LOKIASV2_1604_ESMFold_hypothetical_protein	ProtVar_O43889_Q8N682_B	ProtVar_O43889_Q8N682_B 	9.045E+00	0.045	23	10	227	240	10	221	238	249	0.908	0.891
LOKIASV2_1604_ESMFold_hypothetical_protein	ProtVar_P26678_Q9GZW8_B	ProtVar_P26678_Q9GZW8_B 	4.214E+00	0.045	23	4	230	240	48	212	240	234	0.946	0.688
LOKIASV2_1604_ESMFold_hypothetical_protein	ProtVar_Q53RY4_Q8TBE3_A	ProtVar_Q53RY4_Q8TBE3_A 	6.314E+00	0.045	23	3	239	240	20	210	240	246	0.988	0.796
LOKIASV2_1604_ESMFold_hypothetical_protein	LevyLab_Q9NXJ0_V1_5_relaxed_A	LevyLab_Q9NXJ0_V1_5_relaxed_A 	8.268E+00	0.045	23	1	118	240	73	212	267	148	0.492	0.524
LOKIASV2_1604_ESMFold_hypothetical_protein	LevyLab_Q8U4E7_V1_3_relaxed_B	LevyLab_Q8U4E7_V1_3_relaxed_B 	8.648E+00	0.045	23	1	225	240	127	304	305	233	0.938	0.584
LOKIASV2_1604_ESMFold_hypothetical_protein	ProtVar_O14492_Q9H1K6_A	ProtVar_O14492_Q9H1K6_A 	6.908E+00	0.045	23	2	228	240	27	268	362	273	0.946	0.669
LOKIASV2_1604_ESMFold_hypothetical_protein	ProtVar_Q8WV41_Q96RF0-2_B	ProtVar_Q8WV41_Q96RF0-2_B 	3.683E+00	0.045	23	11	240	240	424	597	624	239	0.958	0.279
LOKIASV2_1604_ESMFold_hypothetical_protein	ModelArchive_ma-t3vr3-361_B	ModelArchive_ma-t3vr3-361_B Predicted interaction between JUP (33-680) and CTNNA2 (1-640) Predicted interaction between JUP (33-680) and CTNNA2 (1-640)	5.276E+00	0.045	23	1	224	240	53	257	640	243	0.933	0.320
LOKIASV2_1604_ESMFold_hypothetical_protein	LevyLab_Q8X7E0_V1_5_relaxed_B	LevyLab_Q8X7E0_V1_5_relaxed_B 	7.225E+00	0.040	22	14	156	240	58	186	188	149	0.596	0.686
LOKIASV2_1604_ESMFold_hypothetical_protein	ProtVar_Q53GQ0_Q9BW60_B	ProtVar_Q53GQ0_Q9BW60_B 	7.557E+00	0.040	22	2	200	240	52	258	279	236	0.829	0.742
LOKIASV2_1604_ESMFold_hypothetical_protein	ProtVar_Q15233_Q8D0D4_B	ProtVar_Q15233_Q8D0D4_B 	4.610E+00	0.040	22	1	208	240	55	259	843	220	0.867	0.243
LOKIASV2_1604_ESMFold_hypothetical_protein	ProtVar_O14828_Q86X19_B	ProtVar_O14828_Q86X19_B 	8.268E+00	0.034	21	1	132	240	34	169	198	144	0.550	0.687
LOKIASV2_1604_ESMFold_hypothetical_protein	LevyLab_Q96HJ5_V1_3_relaxed_B	LevyLab_Q96HJ5_V1_3_relaxed_B 	9.461E+00	0.034	21	4	234	240	51	207	214	238	0.962	0.734
LOKIASV2_1604_ESMFold_hypothetical_protein	ProtVar_P61421_Q0GE19_B	ProtVar_P61421_Q0GE19_B 	2.813E+00	0.034	21	1	238	240	40	329	340	311	0.992	0.853
LOKIASV2_1604_ESMFold_hypothetical_protein	ProtVar_P00739_P06727_B	ProtVar_P00739_P06727_B 	3.218E+00	0.034	21	2	239	240	103	355	396	280	0.992	0.639
LOKIASV2_1604_ESMFold_hypothetical_protein	ProtVar_O94887_P12931_A	ProtVar_O94887_P12931_A 	9.461E+00	0.034	21	2	202	240	533	734	1054	219	0.837	0.192
LOKIASV2_1604_ESMFold_hypothetical_protein	LevyLab_P32842_V1_3_relaxed_B	LevyLab_P32842_V1_3_relaxed_B 	7.557E+00	0.029	20	4	161	240	26	157	164	158	0.658	0.805
LOKIASV2_1604_ESMFold_hypothetical_protein	LevyLab_Q8X8U9_V1_3_relaxed_B	LevyLab_Q8X8U9_V1_3_relaxed_B 	5.276E+00	0.029	20	8	221	240	34	246	247	263	0.892	0.862
LOKIASV2_1604_ESMFold_hypothetical_protein	ProtVar_O15121_Q96D96_B	ProtVar_O15121_Q96D96_B 	5.772E+00	0.029	20	78	239	240	101	222	273	165	0.675	0.447
LOKIASV2_1604_ESMFold_hypothetical_protein	LevyLab_P20107_V1_4_relaxed_B	LevyLab_P20107_V1_4_relaxed_B 	4.214E+00	0.029	20	4	236	240	8	291	442	318	0.971	0.643
LOKIASV2_1604_ESMFold_hypothetical_protein	LevyLab_P41930_V1_3_relaxed_B	LevyLab_P41930_V1_3_relaxed_B 	5.518E+00	0.029	20	8	235	240	97	329	458	260	0.950	0.509
LOKIASV2_1604_ESMFold_hypothetical_protein	ProtVar_P46109_Q8TDY4-3_B	ProtVar_P46109_Q8TDY4-3_B 	6.037E+00	0.029	20	1	238	240	31	245	894	252	0.992	0.240
LOKIASV2_1604_ESMFold_hypothetical_protein	ProtVar_Q70J99_Q99536_A	ProtVar_Q70J99_Q99536_A 	8.648E+00	0.029	20	2	221	240	598	885	1090	298	0.917	0.264
LOKIASV2_1604_ESMFold_hypothetical_protein	ProtVar_Q7L8J4_Q8TD10_A	ProtVar_Q7L8J4_Q8TD10_A 	6.604E+00	0.024	19	1	238	240	56	274	393	247	0.992	0.557
LOKIASV2_1604_ESMFold_hypothetical_protein	LevyLab_Q9UKS6_V1_3_relaxed_B	LevyLab_Q9UKS6_V1_3_relaxed_B 	5.044E+00	0.024	19	1	239	240	18	242	424	262	0.996	0.531
LOKIASV2_1604_ESMFold_hypothetical_protein	ProtVar_P10412_Q8IU68-2_B	ProtVar_P10412_Q8IU68-2_B 	7.905E+00	0.024	19	4	225	240	75	326	503	273	0.925	0.501
LOKIASV2_1604_ESMFold_hypothetical_protein	ProtVar_O95954_O95994_A	ProtVar_O95954_O95994_A 	4.408E+00	0.024	19	1	236	240	351	537	541	253	0.983	0.346
LOKIASV2_1604_ESMFold_hypothetical_protein	ProtVar_O14526_Q15642_B	ProtVar_O14526_Q15642_B 	7.225E+00	0.024	19	1	238	240	1	236	601	261	0.992	0.393
LOKIASV2_1604_ESMFold_hypothetical_protein	LevyLab_Q9HD42_V1_4_relaxed_B	LevyLab_Q9HD42_V1_4_relaxed_B 	8.268E+00	0.020	18	1	137	240	1	105	196	137	0.571	0.536
LOKIASV2_1604_ESMFold_hypothetical_protein	LevyLab_Q02774_V1_1_relaxed_B	LevyLab_Q02774_V1_1_relaxed_B 	6.314E+00	0.020	18	1	238	240	1	160	210	243	0.992	0.762
LOKIASV2_1604_ESMFold_hypothetical_protein	ProtVar_Q8N661_Q9UNK0_B	ProtVar_Q8N661_Q9UNK0_B 	9.461E+00	0.020	18	1	205	240	1	235	236	240	0.854	0.996
LOKIASV2_1604_ESMFold_hypothetical_protein	LevyLab_Q8U4B5_V1_5_relaxed_B	LevyLab_Q8U4B5_V1_5_relaxed_B 	7.905E+00	0.020	18	2	236	240	138	295	296	237	0.979	0.534
LOKIASV2_1604_ESMFold_hypothetical_protein	ProtVar_A6NDP7_Q14973_A	ProtVar_A6NDP7_Q14973_A 	6.908E+00	0.020	18	2	237	240	23	300	307	307	0.983	0.906
LOKIASV2_1604_ESMFold_hypothetical_protein	ProtVar_O60861_Q9BY11_A	ProtVar_O60861_Q9BY11_A 	9.895E+00	0.020	18	4	237	240	223	435	476	248	0.975	0.447
LOKIASV2_1604_ESMFold_hypothetical_protein	LevyLab_Q8XD37_V1_2_relaxed_A	LevyLab_Q8XD37_V1_2_relaxed_A 	9.461E+00	0.020	18	1	235	240	77	270	558	244	0.979	0.348
LOKIASV2_1604_ESMFold_hypothetical_protein	LevyLab_Q8U0D8_V1_5_relaxed_A	LevyLab_Q8U0D8_V1_5_relaxed_A 	4.214E+00	0.020	18	3	238	240	16	260	581	260	0.983	0.422
LOKIASV2_1604_ESMFold_hypothetical_protein	ProtVar_O75674_Q7RTP0-2_B	ProtVar_O75674_Q7RTP0-2_B 	9.895E+00	0.016	17	8	239	240	18	251	254	267	0.967	0.921
LOKIASV2_1604_ESMFold_hypothetical_protein	ProtVar_P54652_Q13596-2_B	ProtVar_P54652_Q13596-2_B 	7.557E+00	0.016	17	10	238	240	242	441	457	247	0.954	0.438
LOKIASV2_1604_ESMFold_hypothetical_protein	ProtVar_Q92953_Q9UIX4_B	ProtVar_Q92953_Q9UIX4_B 	9.895E+00	0.016	17	5	238	240	230	469	513	276	0.975	0.468
LOKIASV2_1604_ESMFold_hypothetical_protein	ModelArchive_ma-t3vr3-019_B	ModelArchive_ma-t3vr3-019_B Predicted interaction between HIP1 (525-1013) and HIP1R (777-1014) Predicted interaction between HIP1 (525-1013) and HIP1R (777-1014)	9.895E+00	0.014	16	2	240	240	8	185	238	246	0.996	0.748
LOKIASV2_1604_ESMFold_hypothetical_protein	ProtVar_O43175_Q96JQ5_B	ProtVar_O43175_Q96JQ5_B 	9.461E+00	0.014	16	17	235	240	49	209	239	219	0.913	0.674
LOKIASV2_1604_ESMFold_hypothetical_protein	ProtVar_O14579_O15260_B	ProtVar_O14579_O15260_B 	9.461E+00	0.014	16	4	238	240	22	268	269	273	0.979	0.918
LOKIASV2_1604_ESMFold_hypothetical_protein	ModelArchive_ma-bak-cepc-0750_A	ModelArchive_ma-bak-cepc-0750_A Predicted interaction between YIF1 and YIP1 Predicted interaction between YIF1 and YIP1	7.557E+00	0.014	16	2	221	240	154	313	314	224	0.917	0.510
LOKIASV2_1604_ESMFold_hypothetical_protein	ProtVar_O15143_Q9UQB8_B	ProtVar_O15143_Q9UQB8_B 	5.772E+00	0.014	16	8	238	240	2	221	552	254	0.962	0.399
LOKIASV2_1604_ESMFold_hypothetical_protein	ProtVar_O14894_Q8WXF7_B	ProtVar_O14894_Q8WXF7_B 	9.895E+00	0.014	16	51	239	240	324	533	558	228	0.788	0.376
LOKIASV2_1604_ESMFold_hypothetical_protein	ProtVar_Q92876_Q9UQB8-3_B	ProtVar_Q92876_Q9UQB8-3_B 	8.648E+00	0.011	15	2	239	240	7	211	512	254	0.992	0.400
LOKIASV2_1604_ESMFold_hypothetical_protein	ProtVar_P41227_Q14CX7_B	ProtVar_P41227_Q14CX7_B 	7.905E+00	0.011	15	2	235	240	766	970	972	252	0.975	0.211
LOKIASV2_1604_ESMFold_hypothetical_protein	A0A7G9UZD0_unrelaxed_rank_001_alphafold2_ptm_model_5_seed_000.pdb	A0A7G9UZD0_unrelaxed_rank_001_alphafold2_ptm_model_5_seed_000.pdb	2.474E-03	1.000	145	1	239	240	1	220	242	244	0.996	0.909
LOKIASV2_1604_ESMFold_hypothetical_protein	A0A0M3UKF7_unrelaxed_rank_001_alphafold2_ptm_model_5_seed_000.pdb	A0A0M3UKF7_unrelaxed_rank_001_alphafold2_ptm_model_5_seed_000.pdb	3.707E-03	1.000	140	1	238	240	1	225	259	246	0.992	0.869
LOKIASV2_1604_ESMFold_hypothetical_protein	A0A2I2L497_unrelaxed_rank_001_alphafold2_ptm_model_4_seed_000.pdb	A0A2I2L497_unrelaxed_rank_001_alphafold2_ptm_model_4_seed_000.pdb	4.055E-03	1.000	130	1	238	240	164	421	437	270	0.992	0.590
LOKIASV2_1604_ESMFold_hypothetical_protein	A0A7G8LIL3_unrelaxed_rank_001_alphafold2_ptm_model_3_seed_000.pdb	A0A7G8LIL3_unrelaxed_rank_001_alphafold2_ptm_model_3_seed_000.pdb	1.247E-02	1.000	128	1	233	240	1	244	262	260	0.971	0.931
LOKIASV2_1604_ESMFold_hypothetical_protein	A0A5J6RH02_unrelaxed_rank_001_alphafold2_ptm_model_5_seed_000.pdb	A0A5J6RH02_unrelaxed_rank_001_alphafold2_ptm_model_5_seed_000.pdb	9.104E-03	1.000	125	5	238	240	31	252	254	246	0.975	0.874
LOKIASV2_1604_ESMFold_hypothetical_protein	A0A6J5LDC5_unrelaxed_rank_001_alphafold2_ptm_model_3_seed_000.pdb	A0A6J5LDC5_unrelaxed_rank_001_alphafold2_ptm_model_3_seed_000.pdb	2.676E-02	1.000	111	2	239	240	184	402	760	248	0.992	0.288
LOKIASV2_1604_ESMFold_hypothetical_protein	A0A1U9WS18_unrelaxed_rank_001_alphafold2_ptm_model_4_seed_000.pdb	A0A1U9WS18_unrelaxed_rank_001_alphafold2_ptm_model_4_seed_000.pdb	4.799E-02	1.000	105	18	238	240	3	228	241	245	0.921	0.938
LOKIASV2_1604_ESMFold_hypothetical_protein	A0A866VUK1_unrelaxed_rank_001_alphafold2_ptm_model_3_seed_000.pdb	A0A866VUK1_unrelaxed_rank_001_alphafold2_ptm_model_3_seed_000.pdb	1.954E-02	1.000	101	1	239	240	29	259	273	254	0.996	0.846
LOKIASV2_1604_ESMFold_hypothetical_protein	A0A866VT46_unrelaxed_rank_001_alphafold2_ptm_model_3_seed_000.pdb	A0A866VT46_unrelaxed_rank_001_alphafold2_ptm_model_3_seed_000.pdb	4.588E-02	0.998	95	2	238	240	20	250	295	255	0.988	0.783
LOKIASV2_1604_ESMFold_hypothetical_protein	A0A075CYL5_unrelaxed_rank_001_alphafold2_ptm_model_2_seed_000.pdb	A0A075CYL5_unrelaxed_rank_001_alphafold2_ptm_model_2_seed_000.pdb	3.203E-02	0.998	95	1	239	240	23	264	345	258	0.996	0.701
LOKIASV2_1604_ESMFold_hypothetical_protein	A0A088FQA0_unrelaxed_rank_001_alphafold2_ptm_model_1_seed_000.pdb	A0A088FQA0_unrelaxed_rank_001_alphafold2_ptm_model_1_seed_000.pdb	1.127E-01	0.997	92	8	238	240	2	221	235	250	0.962	0.936
LOKIASV2_1604_ESMFold_hypothetical_protein	G8DG02_unrelaxed_rank_001_alphafold2_ptm_model_3_seed_000.pdb	G8DG02_unrelaxed_rank_001_alphafold2_ptm_model_3_seed_000.pdb	4.588E-02	0.994	87	1	240	240	5	216	216	242	1.000	0.981
LOKIASV2_1604_ESMFold_hypothetical_protein	A0A1L6Z1S0_unrelaxed_rank_001_alphafold2_ptm_model_3_seed_000.pdb	A0A1L6Z1S0_unrelaxed_rank_001_alphafold2_ptm_model_3_seed_000.pdb	9.002E-02	0.994	87	2	237	240	29	311	400	288	0.983	0.707
LOKIASV2_1604_ESMFold_hypothetical_protein	A0A481Z1H0_unrelaxed_rank_001_alphafold2_ptm_model_3_seed_000.pdb	A0A481Z1H0_unrelaxed_rank_001_alphafold2_ptm_model_3_seed_000.pdb	1.127E-01	0.993	86	1	238	240	40	261	265	249	0.992	0.838
LOKIASV2_1604_ESMFold_hypothetical_protein	A0A0F6TG63_unrelaxed_rank_001_alphafold2_ptm_model_3_seed_000.pdb	A0A0F6TG63_unrelaxed_rank_001_alphafold2_ptm_model_3_seed_000.pdb	1.127E-01	0.991	84	1	235	240	12	282	447	275	0.979	0.606
LOKIASV2_1604_ESMFold_hypothetical_protein	A0A8B6NPW6_unrelaxed_rank_001_alphafold2_ptm_model_1_seed_000.pdb	A0A8B6NPW6_unrelaxed_rank_001_alphafold2_ptm_model_1_seed_000.pdb	3.504E-02	0.990	83	4	238	240	30	258	273	246	0.979	0.839
LOKIASV2_1604_ESMFold_hypothetical_protein	A0A8B6NQ36_unrelaxed_rank_001_alphafold2_ptm_model_3_seed_000.pdb	A0A8B6NQ36_unrelaxed_rank_001_alphafold2_ptm_model_3_seed_000.pdb	4.588E-02	0.990	83	2	239	240	25	249	273	249	0.992	0.824
LOKIASV2_1604_ESMFold_hypothetical_protein	O36364_unrelaxed_rank_001_alphafold2_ptm_model_3_seed_000.pdb	O36364_unrelaxed_rank_001_alphafold2_ptm_model_3_seed_000.pdb	1.689E-01	0.990	83	1	238	240	16	281	302	282	0.992	0.881
LOKIASV2_1604_ESMFold_hypothetical_protein	A0A866VT69_unrelaxed_rank_001_alphafold2_ptm_model_3_seed_000.pdb	A0A866VT69_unrelaxed_rank_001_alphafold2_ptm_model_3_seed_000.pdb	2.021E-01	0.988	82	1	239	240	42	355	611	318	0.996	0.514
LOKIASV2_1604_ESMFold_hypothetical_protein	A0A1V0SA83_unrelaxed_rank_001_alphafold2_ptm_model_3_seed_000.pdb	A0A1V0SA83_unrelaxed_rank_001_alphafold2_ptm_model_3_seed_000.pdb	2.114E-01	0.986	81	1	239	240	1	221	281	248	0.996	0.786
LOKIASV2_1604_ESMFold_hypothetical_protein	A0A866VSK8_unrelaxed_rank_001_alphafold2_ptm_model_5_seed_000.pdb	A0A866VSK8_unrelaxed_rank_001_alphafold2_ptm_model_5_seed_000.pdb	9.416E-02	0.984	80	1	238	240	26	265	333	256	0.992	0.721
LOKIASV2_1604_ESMFold_hypothetical_protein	A0A8F9XRV7_unrelaxed_rank_001_alphafold2_ptm_model_2_seed_000.pdb	A0A8F9XRV7_unrelaxed_rank_001_alphafold2_ptm_model_2_seed_000.pdb	9.002E-02	0.981	79	1	227	240	1	215	288	242	0.946	0.747
LOKIASV2_1604_ESMFold_hypothetical_protein	A0A1P8VIS3_unrelaxed_rank_001_alphafold2_ptm_model_3_seed_000.pdb	A0A1P8VIS3_unrelaxed_rank_001_alphafold2_ptm_model_3_seed_000.pdb	1.543E-01	0.961	74	2	232	240	6	276	322	277	0.962	0.842
LOKIASV2_1604_ESMFold_hypothetical_protein	A0A866VSP3_unrelaxed_rank_001_alphafold2_ptm_model_2_seed_000.pdb	A0A866VSP3_unrelaxed_rank_001_alphafold2_ptm_model_2_seed_000.pdb	1.349E-01	0.949	72	7	236	240	56	285	359	253	0.958	0.641
LOKIASV2_1604_ESMFold_hypothetical_protein	A0A5B8IP75_unrelaxed_rank_001_alphafold2_ptm_model_2_seed_000.pdb	A0A5B8IP75_unrelaxed_rank_001_alphafold2_ptm_model_2_seed_000.pdb	4.964E-01	0.933	70	2	223	240	147	354	362	228	0.925	0.575
LOKIASV2_1604_ESMFold_hypothetical_protein	A0A7S9SV15_unrelaxed_rank_001_alphafold2_ptm_model_5_seed_000.pdb	A0A7S9SV15_unrelaxed_rank_001_alphafold2_ptm_model_5_seed_000.pdb	5.680E-01	0.923	69	11	234	240	37	253	276	245	0.933	0.786
LOKIASV2_1604_ESMFold_hypothetical_protein	A0A481YW96_unrelaxed_rank_001_alphafold2_ptm_model_4_seed_000.pdb	A0A481YW96_unrelaxed_rank_001_alphafold2_ptm_model_4_seed_000.pdb	6.798E-01	0.900	67	8	224	240	29	217	256	225	0.904	0.738
LOKIASV2_1604_ESMFold_hypothetical_protein	A0A889IVY4_unrelaxed_rank_001_alphafold2_ptm_model_3_seed_000.pdb	A0A889IVY4_unrelaxed_rank_001_alphafold2_ptm_model_3_seed_000.pdb	4.338E-01	0.855	64	1	238	240	71	329	347	271	0.992	0.746
LOKIASV2_1604_ESMFold_hypothetical_protein	A3QMI8_unrelaxed_rank_001_alphafold2_ptm_model_4_seed_000.pdb	A3QMI8_unrelaxed_rank_001_alphafold2_ptm_model_4_seed_000.pdb	1.526E+00	0.692	57	2	239	240	56	320	358	279	0.992	0.740
LOKIASV2_1604_ESMFold_hypothetical_protein	A0A5J6VIR5_unrelaxed_rank_001_alphafold2_ptm_model_1_seed_000.pdb	A0A5J6VIR5_unrelaxed_rank_001_alphafold2_ptm_model_1_seed_000.pdb	6.500E-01	0.663	56	1	238	240	1	264	267	278	0.992	0.989
LOKIASV2_1604_ESMFold_hypothetical_protein	A0A3G4ZMC9_unrelaxed_rank_001_alphafold2_ptm_model_3_seed_000.pdb	A0A3G4ZMC9_unrelaxed_rank_001_alphafold2_ptm_model_3_seed_000.pdb	3.276E+00	0.632	55	9	222	240	17	217	218	227	0.892	0.922
LOKIASV2_1604_ESMFold_hypothetical_protein	A0A6N1NLA2_unrelaxed_rank_001_alphafold2_ptm_model_3_seed_000.pdb	A0A6N1NLA2_unrelaxed_rank_001_alphafold2_ptm_model_3_seed_000.pdb	8.511E-01	0.569	53	1	224	240	1	239	255	264	0.933	0.937
LOKIASV2_1604_ESMFold_hypothetical_protein	Q197D8_unrelaxed_rank_001_alphafold2_ptm_model_2_seed_000.pdb	Q197D8_unrelaxed_rank_001_alphafold2_ptm_model_2_seed_000.pdb	2.186E+00	0.505	51	35	224	240	2	181	225	202	0.792	0.800
LOKIASV2_1604_ESMFold_hypothetical_protein	A0A6G6XPN7_unrelaxed_rank_001_alphafold2_ptm_model_2_seed_000.pdb	A0A6G6XPN7_unrelaxed_rank_001_alphafold2_ptm_model_2_seed_000.pdb	5.680E-01	0.442	49	1	239	240	8	228	231	247	0.996	0.957
LOKIASV2_1604_ESMFold_hypothetical_protein	A0A499PIY2_unrelaxed_rank_001_alphafold2_ptm_model_3_seed_000.pdb	A0A499PIY2_unrelaxed_rank_001_alphafold2_ptm_model_3_seed_000.pdb	1.233E-01	0.411	48	1	238	240	18	229	279	247	0.992	0.760
LOKIASV2_1604_ESMFold_hypothetical_protein	A0A6C6XWA4_unrelaxed_rank_001_alphafold2_ptm_model_1_seed_000.pdb	A0A6C6XWA4_unrelaxed_rank_001_alphafold2_ptm_model_1_seed_000.pdb	2.617E+00	0.382	47	44	131	240	5	79	95	88	0.367	0.789
LOKIASV2_1604_ESMFold_hypothetical_protein	A0A5K0U937_unrelaxed_rank_001_alphafold2_ptm_model_1_seed_000.pdb	A0A5K0U937_unrelaxed_rank_001_alphafold2_ptm_model_1_seed_000.pdb	2.287E+00	0.382	47	12	237	240	3	199	200	239	0.942	0.985
LOKIASV2_1604_ESMFold_hypothetical_protein	A0A3G4ZXJ2_unrelaxed_rank_001_alphafold2_ptm_model_3_seed_000.pdb	A0A3G4ZXJ2_unrelaxed_rank_001_alphafold2_ptm_model_3_seed_000.pdb	2.186E+00	0.382	47	1	133	240	1	154	220	154	0.554	0.700
LOKIASV2_1604_ESMFold_hypothetical_protein	A0A1V0SE55_unrelaxed_rank_001_alphafold2_ptm_model_4_seed_000.pdb	A0A1V0SE55_unrelaxed_rank_001_alphafold2_ptm_model_4_seed_000.pdb	4.746E-01	0.382	47	1	240	240	1	256	258	281	1.000	0.992
LOKIASV2_1604_ESMFold_hypothetical_protein	A0A3G4ZNS7_unrelaxed_rank_001_alphafold2_ptm_model_3_seed_000.pdb	A0A3G4ZNS7_unrelaxed_rank_001_alphafold2_ptm_model_3_seed_000.pdb	4.338E-01	0.353	46	1	239	240	1	243	273	264	0.996	0.890
LOKIASV2_1604_ESMFold_hypothetical_protein	G8XT50_unrelaxed_rank_001_alphafold2_ptm_model_3_seed_000.pdb	G8XT50_unrelaxed_rank_001_alphafold2_ptm_model_3_seed_000.pdb	2.021E-01	0.326	45	2	235	240	44	254	257	247	0.975	0.821
LOKIASV2_1604_ESMFold_hypothetical_protein	A0A481YVF6_unrelaxed_rank_001_alphafold2_ptm_model_5_seed_000.pdb	A0A481YVF6_unrelaxed_rank_001_alphafold2_ptm_model_5_seed_000.pdb	2.617E+00	0.301	44	3	238	240	6	213	216	254	0.983	0.963
LOKIASV2_1604_ESMFold_hypothetical_protein	A0A3G5AEW0_unrelaxed_rank_001_alphafold2_ptm_model_3_seed_000.pdb	A0A3G5AEW0_unrelaxed_rank_001_alphafold2_ptm_model_3_seed_000.pdb	6.427E+00	0.277	43	1	129	240	1	125	158	135	0.538	0.791
LOKIASV2_1604_ESMFold_hypothetical_protein	A0A0K1Y7T7_unrelaxed_rank_001_alphafold2_ptm_model_3_seed_000.pdb	A0A0K1Y7T7_unrelaxed_rank_001_alphafold2_ptm_model_3_seed_000.pdb	1.275E+00	0.277	43	1	131	240	1	138	509	147	0.546	0.271
LOKIASV2_1604_ESMFold_hypothetical_protein	A0A3G5AB50_unrelaxed_rank_001_alphafold2_ptm_model_2_seed_000.pdb	A0A3G5AB50_unrelaxed_rank_001_alphafold2_ptm_model_2_seed_000.pdb	5.617E+00	0.254	42	1	133	240	1	132	151	138	0.554	0.874
LOKIASV2_1604_ESMFold_hypothetical_protein	A0A3G4ZVG1_unrelaxed_rank_001_alphafold2_ptm_model_4_seed_000.pdb	A0A3G4ZVG1_unrelaxed_rank_001_alphafold2_ptm_model_4_seed_000.pdb	4.289E+00	0.254	42	1	131	240	1	142	258	145	0.546	0.550
LOKIASV2_1604_ESMFold_hypothetical_protein	A0A866VSR9_unrelaxed_rank_001_alphafold2_ptm_model_5_seed_000.pdb	A0A866VSR9_unrelaxed_rank_001_alphafold2_ptm_model_5_seed_000.pdb	1.219E+00	0.233	41	9	239	240	23	308	404	298	0.962	0.708
LOKIASV2_1604_ESMFold_hypothetical_protein	A0A1B2RVW8_unrelaxed_rank_001_alphafold2_ptm_model_3_seed_000.pdb	A0A1B2RVW8_unrelaxed_rank_001_alphafold2_ptm_model_3_seed_000.pdb	3.584E+00	0.214	40	1	170	240	1	161	165	178	0.708	0.976
LOKIASV2_1604_ESMFold_hypothetical_protein	A0A0N9QJD5_unrelaxed_rank_001_alphafold2_ptm_model_5_seed_000.pdb	A0A0N9QJD5_unrelaxed_rank_001_alphafold2_ptm_model_5_seed_000.pdb	7.437E-01	0.214	40	1	234	240	1	192	197	248	0.975	0.975
LOKIASV2_1604_ESMFold_hypothetical_protein	A0A6G5YKL7_unrelaxed_rank_001_alphafold2_ptm_model_3_seed_000.pdb	A0A6G5YKL7_unrelaxed_rank_001_alphafold2_ptm_model_3_seed_000.pdb	2.863E+00	0.214	40	39	240	240	10	204	204	204	0.842	0.956
LOKIASV2_1604_ESMFold_hypothetical_protein	A0A5B8G933_unrelaxed_rank_001_alphafold2_ptm_model_3_seed_000.pdb	A0A5B8G933_unrelaxed_rank_001_alphafold2_ptm_model_3_seed_000.pdb	1.746E+00	0.214	40	8	236	240	102	364	490	276	0.954	0.537
LOKIASV2_1604_ESMFold_hypothetical_protein	Q76M60_1_unrelaxed_rank_001_alphafold2_ptm_model_4_seed_000.pdb	Q76M60_1_unrelaxed_rank_001_alphafold2_ptm_model_4_seed_000.pdb	6.145E+00	0.214	40	1	101	240	1	109	1435	111	0.421	0.076
LOKIASV2_1604_ESMFold_hypothetical_protein	A0A6G5Y9S6_unrelaxed_rank_001_alphafold2_ptm_model_5_seed_000.pdb	A0A6G5Y9S6_unrelaxed_rank_001_alphafold2_ptm_model_5_seed_000.pdb	5.134E+00	0.196	39	1	133	240	27	157	222	140	0.554	0.590
LOKIASV2_1604_ESMFold_hypothetical_protein	A0A0P0YP26_unrelaxed_rank_001_alphafold2_ptm_model_1_seed_000.pdb	A0A0P0YP26_unrelaxed_rank_001_alphafold2_ptm_model_1_seed_000.pdb	6.427E+00	0.179	38	7	132	240	6	123	125	128	0.525	0.944
LOKIASV2_1604_ESMFold_hypothetical_protein	A0A6J5L093_unrelaxed_rank_001_alphafold2_ptm_model_3_seed_000.pdb	A0A6J5L093_unrelaxed_rank_001_alphafold2_ptm_model_3_seed_000.pdb	3.426E+00	0.179	38	11	131	240	32	150	151	131	0.504	0.788
LOKIASV2_1604_ESMFold_hypothetical_protein	A0A7G7Y837_unrelaxed_rank_001_alphafold2_ptm_model_3_seed_000.pdb	A0A7G7Y837_unrelaxed_rank_001_alphafold2_ptm_model_3_seed_000.pdb	1.395E+00	0.179	38	9	228	240	39	238	238	245	0.917	0.840
LOKIASV2_1604_ESMFold_hypothetical_protein	A0A481Z263_unrelaxed_rank_001_alphafold2_ptm_model_3_seed_000.pdb	A0A481Z263_unrelaxed_rank_001_alphafold2_ptm_model_3_seed_000.pdb	4.908E+00	0.179	38	1	239	240	165	429	535	274	0.996	0.495
LOKIASV2_1604_ESMFold_hypothetical_protein	A0A8E4ZE15_unrelaxed_rank_001_alphafold2_ptm_model_1_seed_000.pdb	A0A8E4ZE15_unrelaxed_rank_001_alphafold2_ptm_model_1_seed_000.pdb	6.427E+00	0.164	37	1	131	240	1	110	112	131	0.546	0.982
LOKIASV2_1604_ESMFold_hypothetical_protein	A0A7L7SXE3_unrelaxed_rank_001_alphafold2_ptm_model_2_seed_000.pdb	A0A7L7SXE3_unrelaxed_rank_001_alphafold2_ptm_model_2_seed_000.pdb	4.693E+00	0.164	37	12	131	240	17	134	135	129	0.500	0.874
LOKIASV2_1604_ESMFold_hypothetical_protein	A0A481Z278_unrelaxed_rank_001_alphafold2_ptm_model_3_seed_000.pdb	A0A481Z278_unrelaxed_rank_001_alphafold2_ptm_model_3_seed_000.pdb	5.370E+00	0.164	37	54	238	240	4	200	225	209	0.771	0.876
LOKIASV2_1604_ESMFold_hypothetical_protein	A0A6M5CAY8_unrelaxed_rank_001_alphafold2_ptm_model_1_seed_000.pdb	A0A6M5CAY8_unrelaxed_rank_001_alphafold2_ptm_model_1_seed_000.pdb	6.427E+00	0.150	36	1	113	240	26	145	151	121	0.471	0.795
LOKIASV2_1604_ESMFold_hypothetical_protein	O92092_unrelaxed_rank_001_alphafold2_ptm_model_3_seed_000.pdb	O92092_unrelaxed_rank_001_alphafold2_ptm_model_3_seed_000.pdb	2.090E+00	0.150	36	2	238	240	30	300	474	288	0.988	0.572
LOKIASV2_1604_ESMFold_hypothetical_protein	A0A3S7URL7_unrelaxed_rank_001_alphafold2_ptm_model_3_seed_000.pdb	A0A3S7URL7_unrelaxed_rank_001_alphafold2_ptm_model_3_seed_000.pdb	2.392E+00	0.138	35	53	225	240	35	201	210	195	0.721	0.795
LOKIASV2_1604_ESMFold_hypothetical_protein	A0A2H4UTW6_unrelaxed_rank_001_alphafold2_ptm_model_3_seed_000.pdb	A0A2H4UTW6_unrelaxed_rank_001_alphafold2_ptm_model_3_seed_000.pdb	5.680E-01	0.138	35	4	239	240	101	346	349	266	0.983	0.705
LOKIASV2_1604_ESMFold_hypothetical_protein	A0A7R7EQL4_unrelaxed_rank_001_alphafold2_ptm_model_1_seed_000.pdb	A0A7R7EQL4_unrelaxed_rank_001_alphafold2_ptm_model_1_seed_000.pdb	4.908E+00	0.126	34	1	133	240	1	150	159	159	0.554	0.943
LOKIASV2_1604_ESMFold_hypothetical_protein	A0A3G5AC47_unrelaxed_rank_001_alphafold2_ptm_model_1_seed_000.pdb	A0A3G5AC47_unrelaxed_rank_001_alphafold2_ptm_model_1_seed_000.pdb	4.486E+00	0.126	34	3	237	240	1	189	236	241	0.979	0.801
LOKIASV2_1604_ESMFold_hypothetical_protein	G8DGK3_unrelaxed_rank_001_alphafold2_ptm_model_4_seed_000.pdb	G8DGK3_unrelaxed_rank_001_alphafold2_ptm_model_4_seed_000.pdb	7.031E+00	0.126	34	1	239	240	1	292	348	294	0.996	0.839
LOKIASV2_1604_ESMFold_hypothetical_protein	A0A6J5NBE4_unrelaxed_rank_001_alphafold2_ptm_model_2_seed_000.pdb	A0A6J5NBE4_unrelaxed_rank_001_alphafold2_ptm_model_2_seed_000.pdb	8.802E+00	0.126	34	23	139	240	104	212	949	117	0.488	0.115
LOKIASV2_1604_ESMFold_hypothetical_protein	A0A385E8I8_unrelaxed_rank_001_alphafold2_ptm_model_3_seed_000.pdb	A0A385E8I8_unrelaxed_rank_001_alphafold2_ptm_model_3_seed_000.pdb	8.415E+00	0.116	33	1	133	240	1	121	129	133	0.554	0.938
LOKIASV2_1604_ESMFold_hypothetical_protein	G8DDL7_unrelaxed_rank_001_alphafold2_ptm_model_1_seed_000.pdb	G8DDL7_unrelaxed_rank_001_alphafold2_ptm_model_1_seed_000.pdb	3.426E+00	0.116	33	1	140	240	28	160	161	144	0.583	0.826
LOKIASV2_1604_ESMFold_hypothetical_protein	A0A481YRB1_unrelaxed_rank_001_alphafold2_ptm_model_5_seed_000.pdb	A0A481YRB1_unrelaxed_rank_001_alphafold2_ptm_model_5_seed_000.pdb	3.584E+00	0.116	33	1	225	240	1	200	214	233	0.938	0.935
LOKIASV2_1604_ESMFold_hypothetical_protein	A0A5K0U7C4_unrelaxed_rank_001_alphafold2_ptm_model_3_seed_000.pdb	A0A5K0U7C4_unrelaxed_rank_001_alphafold2_ptm_model_3_seed_000.pdb	3.749E+00	0.116	33	19	231	240	70	272	277	226	0.887	0.733
LOKIASV2_1604_ESMFold_hypothetical_protein	A0A223LIV6_unrelaxed_rank_001_alphafold2_ptm_model_1_seed_000.pdb	A0A223LIV6_unrelaxed_rank_001_alphafold2_ptm_model_1_seed_000.pdb	3.584E+00	0.116	33	1	238	240	115	305	354	246	0.992	0.540
LOKIASV2_1604_ESMFold_hypothetical_protein	A0A5K0U9W0_unrelaxed_rank_001_alphafold2_ptm_model_5_seed_000.pdb	A0A5K0U9W0_unrelaxed_rank_001_alphafold2_ptm_model_5_seed_000.pdb	3.132E+00	0.116	33	4	238	240	144	389	453	286	0.979	0.543
LOKIASV2_1604_ESMFold_hypothetical_protein	A0A3G5A0M6_unrelaxed_rank_001_alphafold2_ptm_model_3_seed_000.pdb	A0A3G5A0M6_unrelaxed_rank_001_alphafold2_ptm_model_3_seed_000.pdb	7.031E+00	0.106	32	1	131	240	1	146	165	149	0.546	0.885
LOKIASV2_1604_ESMFold_hypothetical_protein	G8DGW8_unrelaxed_rank_001_alphafold2_ptm_model_3_seed_000.pdb	G8DGW8_unrelaxed_rank_001_alphafold2_ptm_model_3_seed_000.pdb	5.134E+00	0.106	32	39	236	240	12	195	213	204	0.825	0.864
LOKIASV2_1604_ESMFold_hypothetical_protein	Q8QRT8_unrelaxed_rank_001_alphafold2_ptm_model_1_seed_000.pdb	Q8QRT8_unrelaxed_rank_001_alphafold2_ptm_model_1_seed_000.pdb	4.486E+00	0.106	32	3	235	240	11	212	228	239	0.971	0.886
LOKIASV2_1604_ESMFold_hypothetical_protein	A0A5K0UAE6_unrelaxed_rank_001_alphafold2_ptm_model_4_seed_000.pdb	A0A5K0UAE6_unrelaxed_rank_001_alphafold2_ptm_model_4_seed_000.pdb	2.502E+00	0.106	32	6	228	240	4	237	237	267	0.929	0.987
LOKIASV2_1604_ESMFold_hypothetical_protein	A0A0G2Y0V3_unrelaxed_rank_001_alphafold2_ptm_model_5_seed_000.pdb	A0A0G2Y0V3_unrelaxed_rank_001_alphafold2_ptm_model_5_seed_000.pdb	3.921E+00	0.106	32	5	221	240	56	249	252	225	0.904	0.770
LOKIASV2_1604_ESMFold_hypothetical_protein	H6TAB4_unrelaxed_rank_001_alphafold2_ptm_model_5_seed_000.pdb	H6TAB4_unrelaxed_rank_001_alphafold2_ptm_model_5_seed_000.pdb	6.145E+00	0.106	32	66	228	240	97	250	265	173	0.679	0.581
LOKIASV2_1604_ESMFold_hypothetical_protein	G3GP14_unrelaxed_rank_001_alphafold2_ptm_model_3_seed_000.pdb	G3GP14_unrelaxed_rank_001_alphafold2_ptm_model_3_seed_000.pdb	7.354E+00	0.106	32	4	224	240	15	294	396	294	0.921	0.707
LOKIASV2_1604_ESMFold_hypothetical_protein	A0A5K0U864_unrelaxed_rank_001_alphafold2_ptm_model_2_seed_000.pdb	A0A5K0U864_unrelaxed_rank_001_alphafold2_ptm_model_2_seed_000.pdb	3.921E+00	0.106	32	1	140	240	359	500	651	150	0.583	0.218
LOKIASV2_1604_ESMFold_hypothetical_protein	A0A8S5LTM5_2_unrelaxed_rank_001_alphafold2_ptm_model_2_seed_000.pdb	A0A8S5LTM5_2_unrelaxed_rank_001_alphafold2_ptm_model_2_seed_000.pdb	1.395E+00	0.106	32	3	238	240	573	813	1211	262	0.983	0.199
LOKIASV2_1604_ESMFold_hypothetical_protein	A0A023ZY72_unrelaxed_rank_001_alphafold2_ptm_model_3_seed_000.pdb	A0A023ZY72_unrelaxed_rank_001_alphafold2_ptm_model_3_seed_000.pdb	8.802E+00	0.098	31	8	129	240	27	140	169	128	0.508	0.675
LOKIASV2_1604_ESMFold_hypothetical_protein	A0A5B8IGU4_unrelaxed_rank_001_alphafold2_ptm_model_1_seed_000.pdb	A0A5B8IGU4_unrelaxed_rank_001_alphafold2_ptm_model_1_seed_000.pdb	4.908E+00	0.098	31	13	237	240	2	200	201	233	0.938	0.990
LOKIASV2_1604_ESMFold_hypothetical_protein	A0A1L3KGH5_unrelaxed_rank_001_alphafold2_ptm_model_1_seed_000.pdb	A0A1L3KGH5_unrelaxed_rank_001_alphafold2_ptm_model_1_seed_000.pdb	7.692E+00	0.098	31	4	166	240	182	345	351	177	0.679	0.467
LOKIASV2_1604_ESMFold_hypothetical_protein	A0A8S5M5W1_1_unrelaxed_rank_001_alphafold2_ptm_model_3_seed_000.pdb	A0A8S5M5W1_1_unrelaxed_rank_001_alphafold2_ptm_model_3_seed_000.pdb	2.863E+00	0.098	31	1	234	240	761	984	995	249	0.975	0.225
LOKIASV2_1604_ESMFold_hypothetical_protein	A0A0N7FYX0_unrelaxed_rank_001_alphafold2_ptm_model_3_seed_000.pdb	A0A0N7FYX0_unrelaxed_rank_001_alphafold2_ptm_model_3_seed_000.pdb	8.415E+00	0.090	30	1	130	240	1	126	142	135	0.542	0.887
LOKIASV2_1604_ESMFold_hypothetical_protein	A0A6J5NI52_unrelaxed_rank_001_alphafold2_ptm_model_3_seed_000.pdb	A0A6J5NI52_unrelaxed_rank_001_alphafold2_ptm_model_3_seed_000.pdb	5.134E+00	0.090	30	86	234	240	9	152	160	162	0.621	0.900
LOKIASV2_1604_ESMFold_hypothetical_protein	K9MCR6_unrelaxed_rank_001_alphafold2_ptm_model_5_seed_000.pdb	K9MCR6_unrelaxed_rank_001_alphafold2_ptm_model_5_seed_000.pdb	2.617E+00	0.090	30	1	236	240	65	301	317	269	0.983	0.748
LOKIASV2_1604_ESMFold_hypothetical_protein	A0A4D5ZZI5_unrelaxed_rank_001_alphafold2_ptm_model_3_seed_000.pdb	A0A4D5ZZI5_unrelaxed_rank_001_alphafold2_ptm_model_3_seed_000.pdb	2.287E+00	0.090	30	9	238	240	23	294	382	283	0.958	0.712
LOKIASV2_1604_ESMFold_hypothetical_protein	G8IR01_unrelaxed_rank_001_alphafold2_ptm_model_3_seed_000.pdb	G8IR01_unrelaxed_rank_001_alphafold2_ptm_model_3_seed_000.pdb	1.219E+00	0.090	30	2	238	240	314	547	919	272	0.988	0.255
LOKIASV2_1604_ESMFold_hypothetical_protein	A0A5B8IQ58_unrelaxed_rank_001_alphafold2_ptm_model_1_seed_000.pdb	A0A5B8IQ58_unrelaxed_rank_001_alphafold2_ptm_model_1_seed_000.pdb	8.046E+00	0.082	29	5	134	240	2	129	146	135	0.542	0.877
LOKIASV2_1604_ESMFold_hypothetical_protein	A0A514K300_unrelaxed_rank_001_alphafold2_ptm_model_2_seed_000.pdb	A0A514K300_unrelaxed_rank_001_alphafold2_ptm_model_2_seed_000.pdb	1.827E+00	0.082	29	7	237	240	102	337	338	269	0.962	0.698
LOKIASV2_1604_ESMFold_hypothetical_protein	A0A514D3X3_unrelaxed_rank_001_alphafold2_ptm_model_1_seed_000.pdb	A0A514D3X3_unrelaxed_rank_001_alphafold2_ptm_model_1_seed_000.pdb	2.994E+00	0.082	29	15	216	240	111	306	503	225	0.842	0.390
LOKIASV2_1604_ESMFold_hypothetical_protein	A0A3G6JGR4_2_unrelaxed_rank_001_alphafold2_ptm_model_1_seed_000.pdb	A0A3G6JGR4_2_unrelaxed_rank_001_alphafold2_ptm_model_1_seed_000.pdb	5.941E-01	0.082	29	1	237	240	153	385	1316	270	0.988	0.177
LOKIASV2_1604_ESMFold_hypothetical_protein	A0A385F4Q1_unrelaxed_rank_001_alphafold2_ptm_model_3_seed_000.pdb	A0A385F4Q1_unrelaxed_rank_001_alphafold2_ptm_model_3_seed_000.pdb	8.802E+00	0.076	28	15	133	240	5	118	121	123	0.496	0.942
LOKIASV2_1604_ESMFold_hypothetical_protein	A0A220T6K4_unrelaxed_rank_001_alphafold2_ptm_model_3_seed_000.pdb	A0A220T6K4_unrelaxed_rank_001_alphafold2_ptm_model_3_seed_000.pdb	4.693E+00	0.076	28	45	234	240	37	189	194	197	0.792	0.789
LOKIASV2_1604_ESMFold_hypothetical_protein	A0A5K0U8P2_unrelaxed_rank_001_alphafold2_ptm_model_1_seed_000.pdb	A0A5K0U8P2_unrelaxed_rank_001_alphafold2_ptm_model_1_seed_000.pdb	8.137E-01	0.076	28	2	237	240	70	282	283	245	0.983	0.753
LOKIASV2_1604_ESMFold_hypothetical_protein	A0A219VHH4_unrelaxed_rank_001_alphafold2_ptm_model_5_seed_000.pdb	A0A219VHH4_unrelaxed_rank_001_alphafold2_ptm_model_5_seed_000.pdb	4.693E+00	0.076	28	1	219	240	14	287	297	279	0.913	0.923
LOKIASV2_1604_ESMFold_hypothetical_protein	Q0E530_unrelaxed_rank_001_alphafold2_ptm_model_1_seed_000.pdb	Q0E530_unrelaxed_rank_001_alphafold2_ptm_model_1_seed_000.pdb	4.289E+00	0.076	28	2	238	240	47	280	315	258	0.988	0.743
LOKIASV2_1604_ESMFold_hypothetical_protein	A0A1D8MJW0_unrelaxed_rank_001_alphafold2_ptm_model_2_seed_000.pdb	A0A1D8MJW0_unrelaxed_rank_001_alphafold2_ptm_model_2_seed_000.pdb	7.692E+00	0.076	28	52	233	240	73	239	344	191	0.758	0.485
LOKIASV2_1604_ESMFold_hypothetical_protein	F8HGT9_unrelaxed_rank_001_alphafold2_ptm_model_1_seed_000.pdb	F8HGT9_unrelaxed_rank_001_alphafold2_ptm_model_1_seed_000.pdb	4.693E+00	0.076	28	2	238	240	16	229	773	241	0.988	0.277
LOKIASV2_1604_ESMFold_hypothetical_protein	A0A6G5Y5W4_2_unrelaxed_rank_001_alphafold2_ptm_model_1_seed_000.pdb	A0A6G5Y5W4_2_unrelaxed_rank_001_alphafold2_ptm_model_1_seed_000.pdb	2.617E+00	0.076	28	5	237	240	4	209	793	240	0.971	0.260
LOKIASV2_1604_ESMFold_hypothetical_protein	A0A481YY89_unrelaxed_rank_001_alphafold2_ptm_model_2_seed_000.pdb	A0A481YY89_unrelaxed_rank_001_alphafold2_ptm_model_2_seed_000.pdb	7.692E+00	0.069	27	4	239	240	7	152	198	238	0.983	0.737
LOKIASV2_1604_ESMFold_hypothetical_protein	A0A510J707_unrelaxed_rank_001_alphafold2_ptm_model_3_seed_000.pdb	A0A510J707_unrelaxed_rank_001_alphafold2_ptm_model_3_seed_000.pdb	4.101E+00	0.069	27	3	238	240	27	363	451	350	0.983	0.747
LOKIASV2_1604_ESMFold_hypothetical_protein	A0A8S5N163_unrelaxed_rank_001_alphafold2_ptm_model_3_seed_000.pdb	A0A8S5N163_unrelaxed_rank_001_alphafold2_ptm_model_3_seed_000.pdb	2.392E+00	0.069	27	37	237	240	22	238	950	227	0.837	0.228
LOKIASV2_1604_ESMFold_hypothetical_protein	A0A4Y5TPW4_1_unrelaxed_rank_001_alphafold2_ptm_model_1_seed_000.pdb	A0A4Y5TPW4_1_unrelaxed_rank_001_alphafold2_ptm_model_1_seed_000.pdb	2.994E+00	0.069	27	2	238	240	126	357	1286	269	0.988	0.180
LOKIASV2_1604_ESMFold_hypothetical_protein	A0A516MB39_unrelaxed_rank_001_alphafold2_ptm_model_3_seed_000.pdb	A0A516MB39_unrelaxed_rank_001_alphafold2_ptm_model_3_seed_000.pdb	2.994E+00	0.069	27	1	236	240	887	1125	1321	258	0.983	0.181
LOKIASV2_1604_ESMFold_hypothetical_protein	A0A221LE86_unrelaxed_rank_001_alphafold2_ptm_model_3_seed_000.pdb	A0A221LE86_unrelaxed_rank_001_alphafold2_ptm_model_3_seed_000.pdb	9.630E+00	0.063	26	1	116	240	1	145	146	145	0.483	0.993
LOKIASV2_1604_ESMFold_hypothetical_protein	A0A2I7RFA3_unrelaxed_rank_001_alphafold2_ptm_model_1_seed_000.pdb	A0A2I7RFA3_unrelaxed_rank_001_alphafold2_ptm_model_1_seed_000.pdb	8.046E+00	0.063	26	91	240	240	4	146	146	162	0.625	0.979
LOKIASV2_1604_ESMFold_hypothetical_protein	A0A159B6J1_unrelaxed_rank_001_alphafold2_ptm_model_1_seed_000.pdb	A0A159B6J1_unrelaxed_rank_001_alphafold2_ptm_model_1_seed_000.pdb	6.427E+00	0.063	26	11	126	240	15	121	149	120	0.483	0.718
LOKIASV2_1604_ESMFold_hypothetical_protein	A0A2I7QU30_unrelaxed_rank_001_alphafold2_ptm_model_1_seed_000.pdb	A0A2I7QU30_unrelaxed_rank_001_alphafold2_ptm_model_1_seed_000.pdb	5.617E+00	0.063	26	91	239	240	4	150	152	165	0.621	0.967
LOKIASV2_1604_ESMFold_hypothetical_protein	W8QE04_unrelaxed_rank_001_alphafold2_ptm_model_3_seed_000.pdb	W8QE04_unrelaxed_rank_001_alphafold2_ptm_model_3_seed_000.pdb	9.630E+00	0.063	26	1	205	240	1	164	186	207	0.854	0.882
LOKIASV2_1604_ESMFold_hypothetical_protein	A0A8S5R0F1_unrelaxed_rank_001_alphafold2_ptm_model_5_seed_000.pdb	A0A8S5R0F1_unrelaxed_rank_001_alphafold2_ptm_model_5_seed_000.pdb	7.031E+00	0.063	26	19	240	240	9	256	261	261	0.925	0.950
LOKIASV2_1604_ESMFold_hypothetical_protein	A0A516MI28_unrelaxed_rank_001_alphafold2_ptm_model_1_seed_000.pdb	A0A516MI28_unrelaxed_rank_001_alphafold2_ptm_model_1_seed_000.pdb	5.617E+00	0.063	26	37	226	240	126	299	594	210	0.792	0.293
LOKIASV2_1604_ESMFold_hypothetical_protein	A0A6J5RHG2_unrelaxed_rank_001_alphafold2_ptm_model_2_seed_000.pdb	A0A6J5RHG2_unrelaxed_rank_001_alphafold2_ptm_model_2_seed_000.pdb	6.145E+00	0.063	26	20	239	240	62	304	711	255	0.917	0.342
LOKIASV2_1604_ESMFold_hypothetical_protein	A0A3G5A6K5_unrelaxed_rank_001_alphafold2_ptm_model_1_seed_000.pdb	A0A3G5A6K5_unrelaxed_rank_001_alphafold2_ptm_model_1_seed_000.pdb	8.415E+00	0.057	25	49	238	240	27	200	244	193	0.792	0.713
LOKIASV2_1604_ESMFold_hypothetical_protein	A0A6N1NU95_unrelaxed_rank_001_alphafold2_ptm_model_3_seed_000.pdb	A0A6N1NU95_unrelaxed_rank_001_alphafold2_ptm_model_3_seed_000.pdb	2.287E+00	0.057	25	1	235	240	1	299	362	307	0.979	0.826
LOKIASV2_1604_ESMFold_hypothetical_protein	A0A2I6SCC1_unrelaxed_rank_001_alphafold2_ptm_model_3_seed_000.pdb	A0A2I6SCC1_unrelaxed_rank_001_alphafold2_ptm_model_3_seed_000.pdb	6.427E+00	0.051	24	1	237	240	1	228	248	261	0.988	0.919
LOKIASV2_1604_ESMFold_hypothetical_protein	A0A866VSB0_unrelaxed_rank_001_alphafold2_ptm_model_3_seed_000.pdb	A0A866VSB0_unrelaxed_rank_001_alphafold2_ptm_model_3_seed_000.pdb	3.921E+00	0.051	24	1	156	240	1	197	282	209	0.650	0.699
LOKIASV2_1604_ESMFold_hypothetical_protein	Q684G0_unrelaxed_rank_001_alphafold2_ptm_model_4_seed_000.pdb	Q684G0_unrelaxed_rank_001_alphafold2_ptm_model_4_seed_000.pdb	7.354E+00	0.051	24	1	239	240	45	352	354	317	0.996	0.870
LOKIASV2_1604_ESMFold_hypothetical_protein	A0A8D4KH86_unrelaxed_rank_001_alphafold2_ptm_model_3_seed_000.pdb	A0A8D4KH86_unrelaxed_rank_001_alphafold2_ptm_model_3_seed_000.pdb	3.749E+00	0.051	24	4	238	240	7	231	400	246	0.979	0.562
LOKIASV2_1604_ESMFold_hypothetical_protein	A0A8S5QS94_unrelaxed_rank_001_alphafold2_ptm_model_1_seed_000.pdb	A0A8S5QS94_unrelaxed_rank_001_alphafold2_ptm_model_1_seed_000.pdb	5.875E+00	0.051	24	33	237	240	7	224	982	235	0.854	0.222
LOKIASV2_1604_ESMFold_hypothetical_protein	A0A7D3QAA8_unrelaxed_rank_001_alphafold2_ptm_model_3_seed_000.pdb	A0A7D3QAA8_unrelaxed_rank_001_alphafold2_ptm_model_3_seed_000.pdb	5.875E+00	0.045	23	1	131	240	1	122	132	143	0.546	0.924
LOKIASV2_1604_ESMFold_hypothetical_protein	A0A8F3HSY6_unrelaxed_rank_001_alphafold2_ptm_model_3_seed_000.pdb	A0A8F3HSY6_unrelaxed_rank_001_alphafold2_ptm_model_3_seed_000.pdb	9.207E+00	0.045	23	4	156	240	90	238	242	163	0.637	0.616
LOKIASV2_1604_ESMFold_hypothetical_protein	A0A8S5VGV7_unrelaxed_rank_001_alphafold2_ptm_model_4_seed_000.pdb	A0A8S5VGV7_unrelaxed_rank_001_alphafold2_ptm_model_4_seed_000.pdb	6.427E+00	0.045	23	1	239	240	41	234	250	255	0.996	0.776
LOKIASV2_1604_ESMFold_hypothetical_protein	A0A3G4ZLK4_unrelaxed_rank_001_alphafold2_ptm_model_3_seed_000.pdb	A0A3G4ZLK4_unrelaxed_rank_001_alphafold2_ptm_model_3_seed_000.pdb	9.207E+00	0.045	23	8	238	240	5	274	290	292	0.962	0.931
LOKIASV2_1604_ESMFold_hypothetical_protein	A0A6M4AGG4_unrelaxed_rank_001_alphafold2_ptm_model_1_seed_000.pdb	A0A6M4AGG4_unrelaxed_rank_001_alphafold2_ptm_model_1_seed_000.pdb	4.486E+00	0.045	23	37	233	240	196	406	465	235	0.821	0.454
LOKIASV2_1604_ESMFold_hypothetical_protein	A0A6J5NLU4_1_unrelaxed_rank_001_alphafold2_ptm_model_1_seed_000.pdb	A0A6J5NLU4_1_unrelaxed_rank_001_alphafold2_ptm_model_1_seed_000.pdb	7.031E+00	0.045	23	28	237	240	12	215	1137	232	0.875	0.179
LOKIASV2_1604_ESMFold_hypothetical_protein	A0A9E7U4W7_1_unrelaxed_rank_001_alphafold2_ptm_model_1_seed_000.pdb	A0A9E7U4W7_1_unrelaxed_rank_001_alphafold2_ptm_model_1_seed_000.pdb	6.145E+00	0.045	23	2	237	240	22	223	1201	239	0.983	0.168
LOKIASV2_1604_ESMFold_hypothetical_protein	A0A8S5URT4_unrelaxed_rank_001_alphafold2_ptm_model_2_seed_000.pdb	A0A8S5URT4_unrelaxed_rank_001_alphafold2_ptm_model_2_seed_000.pdb	9.630E+00	0.040	22	19	232	240	5	157	162	222	0.892	0.944
LOKIASV2_1604_ESMFold_hypothetical_protein	A0A6N1NS74_unrelaxed_rank_001_alphafold2_ptm_model_3_seed_000.pdb	A0A6N1NS74_unrelaxed_rank_001_alphafold2_ptm_model_3_seed_000.pdb	3.921E+00	0.040	22	1	239	240	1	272	311	291	0.996	0.875
LOKIASV2_1604_ESMFold_hypothetical_protein	A0A3G5AH47_unrelaxed_rank_001_alphafold2_ptm_model_5_seed_000.pdb	A0A3G5AH47_unrelaxed_rank_001_alphafold2_ptm_model_5_seed_000.pdb	6.145E+00	0.040	22	11	239	240	58	301	354	260	0.954	0.689
LOKIASV2_1604_ESMFold_hypothetical_protein	A0A6J5LN82_unrelaxed_rank_001_alphafold2_ptm_model_5_seed_000.pdb	A0A6J5LN82_unrelaxed_rank_001_alphafold2_ptm_model_5_seed_000.pdb	6.427E+00	0.040	22	6	236	240	2	230	386	241	0.962	0.593
LOKIASV2_1604_ESMFold_hypothetical_protein	A0A6J5MWX5_unrelaxed_rank_001_alphafold2_ptm_model_3_seed_000.pdb	A0A6J5MWX5_unrelaxed_rank_001_alphafold2_ptm_model_3_seed_000.pdb	7.031E+00	0.040	22	8	212	240	927	1134	1137	233	0.854	0.183
LOKIASV2_1604_ESMFold_hypothetical_protein	W0LLX3_2_unrelaxed_rank_001_alphafold2_ptm_model_3_seed_000.pdb	W0LLX3_2_unrelaxed_rank_001_alphafold2_ptm_model_3_seed_000.pdb	2.994E+00	0.040	22	4	219	240	125	322	1227	250	0.900	0.161
LOKIASV2_1604_ESMFold_hypothetical_protein	Q0E514_unrelaxed_rank_001_alphafold2_ptm_model_3_seed_000.pdb	Q0E514_unrelaxed_rank_001_alphafold2_ptm_model_3_seed_000.pdb	8.415E+00	0.034	21	1	234	240	18	224	249	250	0.975	0.831
LOKIASV2_1604_ESMFold_hypothetical_protein	A0A7G8LPH3_unrelaxed_rank_001_alphafold2_ptm_model_2_seed_000.pdb	A0A7G8LPH3_unrelaxed_rank_001_alphafold2_ptm_model_2_seed_000.pdb	8.415E+00	0.029	20	67	239	240	3	146	149	183	0.721	0.966
LOKIASV2_1604_ESMFold_hypothetical_protein	A0A8S5UFF5_unrelaxed_rank_001_alphafold2_ptm_model_3_seed_000.pdb	A0A8S5UFF5_unrelaxed_rank_001_alphafold2_ptm_model_3_seed_000.pdb	6.722E+00	0.029	20	1	238	240	25	347	790	346	0.992	0.409
LOKIASV2_1604_ESMFold_hypothetical_protein	A0A6J5LSS8_unrelaxed_rank_001_alphafold2_ptm_model_2_seed_000.pdb	A0A6J5LSS8_unrelaxed_rank_001_alphafold2_ptm_model_2_seed_000.pdb	7.354E+00	0.024	19	4	238	240	9	230	237	255	0.979	0.937
LOKIASV2_1604_ESMFold_hypothetical_protein	A0A7T8ETD5_unrelaxed_rank_001_alphafold2_ptm_model_3_seed_000.pdb	A0A7T8ETD5_unrelaxed_rank_001_alphafold2_ptm_model_3_seed_000.pdb	7.692E+00	0.024	19	3	237	240	13	245	263	266	0.979	0.886
LOKIASV2_1604_ESMFold_hypothetical_protein	A0A218MKG2_unrelaxed_rank_001_alphafold2_ptm_model_1_seed_000.pdb	A0A218MKG2_unrelaxed_rank_001_alphafold2_ptm_model_1_seed_000.pdb	7.031E+00	0.024	19	4	236	240	61	295	341	261	0.971	0.689
LOKIASV2_1604_ESMFold_hypothetical_protein	A0A8S5V1H2_unrelaxed_rank_001_alphafold2_ptm_model_2_seed_000.pdb	A0A8S5V1H2_unrelaxed_rank_001_alphafold2_ptm_model_2_seed_000.pdb	7.354E+00	0.024	19	4	214	240	280	487	860	246	0.879	0.242
LOKIASV2_1604_ESMFold_hypothetical_protein	A0A8S5TGV3_unrelaxed_rank_001_alphafold2_ptm_model_3_seed_000.pdb	A0A8S5TGV3_unrelaxed_rank_001_alphafold2_ptm_model_3_seed_000.pdb	8.415E+00	0.020	18	2	237	240	338	570	842	272	0.983	0.277
LOKIASV2_1604_ESMFold_hypothetical_protein	A0A8S5QYF4_unrelaxed_rank_001_alphafold2_ptm_model_1_seed_000.pdb	A0A8S5QYF4_unrelaxed_rank_001_alphafold2_ptm_model_1_seed_000.pdb	8.802E+00	0.020	18	1	239	240	11	238	1295	256	0.996	0.176
LOKIASV2_1604_ESMFold_hypothetical_protein	A0A3G5AAA7_unrelaxed_rank_001_alphafold2_ptm_model_2_seed_000.pdb	A0A3G5AAA7_unrelaxed_rank_001_alphafold2_ptm_model_2_seed_000.pdb	6.722E+00	0.016	17	33	239	240	81	307	309	250	0.863	0.735
LOKIASV2_1604_ESMFold_hypothetical_protein	A0A291NKN8_unrelaxed_rank_001_alphafold2_ptm_model_3_seed_000.pdb	A0A291NKN8_unrelaxed_rank_001_alphafold2_ptm_model_3_seed_000.pdb	8.046E+00	0.016	17	4	236	240	63	303	1083	254	0.971	0.223
LOKIASV2_1604_ESMFold_hypothetical_protein	A0A3Q8HZI8_unrelaxed_rank_001_alphafold2_ptm_model_2_seed_000.pdb	A0A3Q8HZI8_unrelaxed_rank_001_alphafold2_ptm_model_2_seed_000.pdb	9.207E+00	0.014	16	53	239	240	245	468	1098	239	0.779	0.204
LOKIASV2_1604_ESMFold_hypothetical_protein	A0A8S5SFS8_unrelaxed_rank_001_alphafold2_ptm_model_5_seed_000.pdb	A0A8S5SFS8_unrelaxed_rank_001_alphafold2_ptm_model_5_seed_000.pdb	9.630E+00	0.011	15	40	238	240	28	191	193	207	0.829	0.850
LOKIASV2_1604_ESMFold_hypothetical_protein	H7BVU5_unrelaxed_rank_001_alphafold2_ptm_model_1_seed_000.pdb	H7BVU5_unrelaxed_rank_001_alphafold2_ptm_model_1_seed_000.pdb	9.630E+00	0.011	15	14	220	240	19	239	250	258	0.863	0.884
