LOKIASV2_1150_ESMFold_thiamine_pyrophosphate-binding_protein	AF-A0A6B1DA40-F1-model_v4	AF-A0A6B1DA40-F1-model_v4 Thiamine pyrophosphate-binding protein	2.394E-60	1.000	2285	1	588	612	22	605	606	599	0.961	0.964
LOKIASV2_1150_ESMFold_thiamine_pyrophosphate-binding_protein	AF-A0A1C0BGZ2-F1-model_v4	AF-A0A1C0BGZ2-F1-model_v4 Acetolactate synthase	1.769E-55	1.000	2051	8	583	612	1	550	558	590	0.941	0.986
LOKIASV2_1150_ESMFold_thiamine_pyrophosphate-binding_protein	AF-D1JI32-F1-model_v4	AF-D1JI32-F1-model_v4 Acetolactate synthase	6.298E-55	1.000	2051	6	606	612	1	561	562	606	0.982	0.998
LOKIASV2_1150_ESMFold_thiamine_pyrophosphate-binding_protein	AF-A0A7C4LD59-F1-model_v4	AF-A0A7C4LD59-F1-model_v4 Thiamine pyrophosphate-binding protein	1.702E-54	1.000	2012	8	588	612	1	566	574	594	0.949	0.986
LOKIASV2_1150_ESMFold_thiamine_pyrophosphate-binding_protein	AF-A0A2A5XHY4-F1-model_v4	AF-A0A2A5XHY4-F1-model_v4 Acetolactate synthase	2.281E-53	1.000	1995	9	578	612	3	546	562	576	0.931	0.968
LOKIASV2_1150_ESMFold_thiamine_pyrophosphate-binding_protein	AF-A0A846NNS9-F1-model_v4	AF-A0A846NNS9-F1-model_v4 Thiamine pyrophosphate-binding protein	3.548E-53	1.000	1986	10	602	612	1	565	566	597	0.969	0.998
LOKIASV2_1150_ESMFold_thiamine_pyrophosphate-binding_protein	AF-A0A7V5A223-F1-model_v4	AF-A0A7V5A223-F1-model_v4 Glyoxylate carboligase	5.735E-54	1.000	1976	10	574	612	1	539	556	572	0.923	0.969
LOKIASV2_1150_ESMFold_thiamine_pyrophosphate-binding_protein	AF-A0A4Q0I519-F1-model_v4	AF-A0A4Q0I519-F1-model_v4 Acetolactate synthase	3.749E-53	1.000	1967	8	576	612	1	539	542	577	0.930	0.994
LOKIASV2_1150_ESMFold_thiamine_pyrophosphate-binding_protein	AF-A0A6N2SAN6-F1-model_v4	AF-A0A6N2SAN6-F1-model_v4 Acetolactate synthase	1.860E-52	1.000	1962	8	597	612	1	555	556	593	0.964	0.998
LOKIASV2_1150_ESMFold_thiamine_pyrophosphate-binding_protein	AF-A0A7Y4U4I3-F1-model_v4	AF-A0A7Y4U4I3-F1-model_v4 Acetolactate synthase	7.034E-55	1.000	1952	8	576	612	2	550	568	582	0.930	0.967
LOKIASV2_1150_ESMFold_thiamine_pyrophosphate-binding_protein	AF-U4R6M9-F1-model_v4	AF-U4R6M9-F1-model_v4 Acetolactate synthase	2.893E-52	1.000	1947	8	578	612	1	543	559	576	0.933	0.971
LOKIASV2_1150_ESMFold_thiamine_pyrophosphate-binding_protein	AF-A0A835X514-F1-model_v4	AF-A0A835X514-F1-model_v4 Putative acetolactate synthase large subunit	1.263E-52	1.000	1946	10	593	612	1	559	559	592	0.954	1.000
LOKIASV2_1150_ESMFold_thiamine_pyrophosphate-binding_protein	AF-A0A6L7YE92-F1-model_v4	AF-A0A6L7YE92-F1-model_v4 Acetolactate synthase	6.513E-53	1.000	1943	8	578	612	1	540	567	572	0.933	0.952
LOKIASV2_1150_ESMFold_thiamine_pyrophosphate-binding_protein	AF-A0A3D1YGS1-F1-model_v4	AF-A0A3D1YGS1-F1-model_v4 Sulfoacetaldehyde acetyltransferase	7.816E-52	1.000	1918	8	601	612	3	560	561	598	0.971	0.995
LOKIASV2_1150_ESMFold_thiamine_pyrophosphate-binding_protein	AF-A0A088E7U5-F1-model_v4	AF-A0A088E7U5-F1-model_v4 Acetolactate synthase	3.414E-52	1.000	1916	10	583	612	2	557	572	582	0.938	0.972
LOKIASV2_1150_ESMFold_thiamine_pyrophosphate-binding_protein	AF-A0A535REN4-F1-model_v4	AF-A0A535REN4-F1-model_v4 Acetolactate synthase	1.665E-52	1.000	1905	10	593	612	1	561	561	601	0.954	1.000
LOKIASV2_1150_ESMFold_thiamine_pyrophosphate-binding_protein	AF-A0A3A1UV11-F1-model_v4	AF-A0A3A1UV11-F1-model_v4 Acetolactate synthase	1.491E-52	1.000	1902	2	592	612	14	581	590	605	0.966	0.963
LOKIASV2_1150_ESMFold_thiamine_pyrophosphate-binding_protein	AF-A0A524C1Z3-F1-model_v4	AF-A0A524C1Z3-F1-model_v4 Thiamine pyrophosphate-binding protein	3.857E-48	1.000	1898	8	372	612	2	362	363	365	0.596	0.994
LOKIASV2_1150_ESMFold_thiamine_pyrophosphate-binding_protein	AF-A0A1I6SC93-F1-model_v4	AF-A0A1I6SC93-F1-model_v4 Acetolactate synthase	5.400E-51	1.000	1881	2	578	612	38	584	604	579	0.943	0.906
LOKIASV2_1150_ESMFold_thiamine_pyrophosphate-binding_protein	AF-A0A7C2GTH3-F1-model_v4	AF-A0A7C2GTH3-F1-model_v4 Uncharacterized protein	1.131E-52	1.000	1880	9	604	612	40	619	632	614	0.974	0.918
LOKIASV2_1150_ESMFold_thiamine_pyrophosphate-binding_protein	AF-A0A3S0D278-F1-model_v4	AF-A0A3S0D278-F1-model_v4 Acetolactate synthase	1.629E-50	1.000	1869	8	578	612	1	539	555	572	0.933	0.971
LOKIASV2_1150_ESMFold_thiamine_pyrophosphate-binding_protein	AF-A0A366IGB4-F1-model_v4	AF-A0A366IGB4-F1-model_v4 Acetolactate synthase	1.998E-51	1.000	1864	10	577	612	1	539	541	580	0.928	0.996
LOKIASV2_1150_ESMFold_thiamine_pyrophosphate-binding_protein	AF-A0A285CV20-F1-model_v4	AF-A0A285CV20-F1-model_v4 Acetolactate synthase large subunit	2.678E-50	1.000	1861	10	589	612	1	562	572	593	0.948	0.983
LOKIASV2_1150_ESMFold_thiamine_pyrophosphate-binding_protein	AF-A0A317RKE6-F1-model_v4	AF-A0A317RKE6-F1-model_v4 Acetolactate synthase	1.107E-50	1.000	1856	1	576	612	1	537	555	578	0.941	0.968
LOKIASV2_1150_ESMFold_thiamine_pyrophosphate-binding_protein	AF-A0A519BJK0-F1-model_v4	AF-A0A519BJK0-F1-model_v4 Acetolactate synthase	1.170E-50	1.000	1854	10	578	612	1	548	563	574	0.930	0.973
LOKIASV2_1150_ESMFold_thiamine_pyrophosphate-binding_protein	AF-A0A0S8CD28-F1-model_v4	AF-A0A0S8CD28-F1-model_v4 Uncharacterized protein	3.730E-50	1.000	1851	8	591	612	2	566	566	594	0.954	0.998
LOKIASV2_1150_ESMFold_thiamine_pyrophosphate-binding_protein	AF-M7N026-F1-model_v4	AF-M7N026-F1-model_v4 Dihydroxy-acid dehydratase	3.730E-50	1.000	1850	1	578	612	664	1216	1232	581	0.944	0.449
LOKIASV2_1150_ESMFold_thiamine_pyrophosphate-binding_protein	AF-A0A432I5P0-F1-model_v4	AF-A0A432I5P0-F1-model_v4 Thiamine pyrophosphate-binding protein	2.678E-50	1.000	1834	8	595	612	2	535	537	600	0.961	0.994
LOKIASV2_1150_ESMFold_thiamine_pyrophosphate-binding_protein	AF-A0A536GIS5-F1-model_v4	AF-A0A536GIS5-F1-model_v4 Acetolactate synthase	2.678E-50	1.000	1822	1	578	612	2	560	582	590	0.944	0.960
LOKIASV2_1150_ESMFold_thiamine_pyrophosphate-binding_protein	AF-A0A7V3QHS9-F1-model_v4	AF-A0A7V3QHS9-F1-model_v4 Acetolactate synthase	6.623E-52	1.000	1820	10	578	612	1	581	598	609	0.930	0.972
LOKIASV2_1150_ESMFold_thiamine_pyrophosphate-binding_protein	AF-A0A1Q7PQ09-F1-model_v4	AF-A0A1Q7PQ09-F1-model_v4 Acetolactate synthase	5.196E-50	1.000	1819	10	576	612	1	536	555	578	0.926	0.966
LOKIASV2_1150_ESMFold_thiamine_pyrophosphate-binding_protein	AF-A0A1F8YM01-F1-model_v4	AF-A0A1F8YM01-F1-model_v4 Acetolactate synthase	6.480E-50	1.000	1816	3	576	612	1	549	568	579	0.938	0.967
LOKIASV2_1150_ESMFold_thiamine_pyrophosphate-binding_protein	AF-A0A7Z7YYS3-F1-model_v4	AF-A0A7Z7YYS3-F1-model_v4 Sulfoacetaldehyde acetyltransferase	4.811E-48	1.000	1813	8	573	612	2	544	544	569	0.925	0.998
LOKIASV2_1150_ESMFold_thiamine_pyrophosphate-binding_protein	AF-G8TZU6-F1-model_v4	AF-G8TZU6-F1-model_v4 Acetolactate synthase	1.065E-49	1.000	1812	10	578	612	1	537	553	578	0.930	0.971
LOKIASV2_1150_ESMFold_thiamine_pyrophosphate-binding_protein	AF-A0A1C4BKV8-F1-model_v4	AF-A0A1C4BKV8-F1-model_v4 Acetolactate synthase	1.657E-49	1.000	1803	1	578	612	7	551	571	583	0.944	0.954
LOKIASV2_1150_ESMFold_thiamine_pyrophosphate-binding_protein	AF-A0A7K3YMF9-F1-model_v4	AF-A0A7K3YMF9-F1-model_v4 2-oxoacid oxidoreductase (ferredoxin)	9.178E-49	1.000	1801	10	570	612	2	524	533	564	0.917	0.981
LOKIASV2_1150_ESMFold_thiamine_pyrophosphate-binding_protein	AF-A0A7C3JKP8-F1-model_v4	AF-A0A7C3JKP8-F1-model_v4 Thiamine pyrophosphate-binding protein	1.083E-48	1.000	1801	8	592	612	2	559	559	592	0.956	0.998
LOKIASV2_1150_ESMFold_thiamine_pyrophosphate-binding_protein	AF-A0A2V9MPL3-F1-model_v4	AF-A0A2V9MPL3-F1-model_v4 Uncharacterized protein	2.927E-48	1.000	1798	10	588	612	1	569	576	595	0.946	0.988
LOKIASV2_1150_ESMFold_thiamine_pyrophosphate-binding_protein	AF-A0A536D8R1-F1-model_v4	AF-A0A536D8R1-F1-model_v4 Acetolactate synthase	8.876E-51	1.000	1798	8	593	612	1	589	594	626	0.958	0.992
LOKIASV2_1150_ESMFold_thiamine_pyrophosphate-binding_protein	AF-A0A7X8G5I5-F1-model_v4	AF-A0A7X8G5I5-F1-model_v4 Acetolactate synthase	1.988E-48	1.000	1795	8	576	612	1	538	556	574	0.930	0.968
LOKIASV2_1150_ESMFold_thiamine_pyrophosphate-binding_protein	AF-A0A2E9UDR3-F1-model_v4	AF-A0A2E9UDR3-F1-model_v4 Thiamine pyrophosphate-binding protein	1.509E-48	1.000	1791	8	577	612	2	529	531	572	0.931	0.994
LOKIASV2_1150_ESMFold_thiamine_pyrophosphate-binding_protein	AF-A0A2V9KAI6-F1-model_v4	AF-A0A2V9KAI6-F1-model_v4 Uncharacterized protein	4.166E-50	1.000	1786	1	609	612	11	626	811	644	0.995	0.760
LOKIASV2_1150_ESMFold_thiamine_pyrophosphate-binding_protein	AF-A0A6A7KB84-F1-model_v4	AF-A0A6A7KB84-F1-model_v4 Acetolactate synthase	1.008E-49	1.000	1779	10	580	612	1	540	540	585	0.933	1.000
LOKIASV2_1150_ESMFold_thiamine_pyrophosphate-binding_protein	AF-A0A415RFP8-F1-model_v4	AF-A0A415RFP8-F1-model_v4 Acetolactate synthase	2.927E-48	1.000	1770	10	576	612	1	541	561	570	0.926	0.964
LOKIASV2_1150_ESMFold_thiamine_pyrophosphate-binding_protein	AF-A0A1V4M2K8-F1-model_v4	AF-A0A1V4M2K8-F1-model_v4 Acetolactate synthase	8.218E-49	1.000	1768	10	578	612	2	535	551	575	0.930	0.969
LOKIASV2_1150_ESMFold_thiamine_pyrophosphate-binding_protein	AF-J3JIW4-F1-model_v4	AF-J3JIW4-F1-model_v4 Acetolactate synthase	1.190E-49	1.000	1767	1	578	612	2	568	594	596	0.944	0.955
LOKIASV2_1150_ESMFold_thiamine_pyrophosphate-binding_protein	AF-A0A7Y3FJQ1-F1-model_v4	AF-A0A7Y3FJQ1-F1-model_v4 Thiamine pyrophosphate-binding protein	3.530E-50	1.000	1766	8	611	612	1	571	577	615	0.987	0.990
LOKIASV2_1150_ESMFold_thiamine_pyrophosphate-binding_protein	AF-A0A522PFT0-F1-model_v4	AF-A0A522PFT0-F1-model_v4 Acetolactate synthase	1.509E-48	1.000	1765	8	576	612	1	543	564	586	0.930	0.963
LOKIASV2_1150_ESMFold_thiamine_pyrophosphate-binding_protein	AF-A0A7V2SIP8-F1-model_v4	AF-A0A7V2SIP8-F1-model_v4 Acetolactate synthase	2.522E-47	1.000	1762	8	566	612	1	532	533	566	0.913	0.998
LOKIASV2_1150_ESMFold_thiamine_pyrophosphate-binding_protein	AF-A0A6I1GBX5-F1-model_v4	AF-A0A6I1GBX5-F1-model_v4 Acetolactate synthase	2.269E-50	1.000	1753	8	596	612	37	623	665	621	0.962	0.883
LOKIASV2_1150_ESMFold_thiamine_pyrophosphate-binding_protein	AF-A0A3P5WYG0-F1-model_v4	AF-A0A3P5WYG0-F1-model_v4 Acetolactate synthase	2.769E-48	1.000	1749	6	576	612	1	550	584	577	0.933	0.942
LOKIASV2_1150_ESMFold_thiamine_pyrophosphate-binding_protein	AF-A0A2E9Y1X7-F1-model_v4	AF-A0A2E9Y1X7-F1-model_v4 Thiamine pyrophosphate-binding protein	5.283E-49	1.000	1748	1	580	612	1	552	552	596	0.948	1.000
LOKIASV2_1150_ESMFold_thiamine_pyrophosphate-binding_protein	AF-A0A2V6VC11-F1-model_v4	AF-A0A2V6VC11-F1-model_v4 Acetolactate synthase	8.831E-48	1.000	1747	8	572	612	2	528	538	568	0.923	0.980
LOKIASV2_1150_ESMFold_thiamine_pyrophosphate-binding_protein	AF-A0A6P5GGJ9-F1-model_v4	AF-A0A6P5GGJ9-F1-model_v4 Acetolactate synthase	1.568E-49	1.000	1745	2	593	612	81	649	655	609	0.967	0.869
LOKIASV2_1150_ESMFold_thiamine_pyrophosphate-binding_protein	AF-A0A524DDQ4-F1-model_v4	AF-A0A524DDQ4-F1-model_v4 Thiamine pyrophosphate-binding protein	1.025E-48	1.000	1744	9	596	612	3	587	596	611	0.961	0.982
LOKIASV2_1150_ESMFold_thiamine_pyrophosphate-binding_protein	AF-A0A6L6R5T3-F1-model_v4	AF-A0A6L6R5T3-F1-model_v4 Acetolactate synthase	1.374E-47	1.000	1742	8	540	612	1	516	521	553	0.871	0.990
LOKIASV2_1150_ESMFold_thiamine_pyrophosphate-binding_protein	AF-A0A0C5VTM7-F1-model_v4	AF-A0A0C5VTM7-F1-model_v4 Thiamine pyrophosphate-requiring enzyme [acetolactate synthase, pyruvate dehydrogenase (Cytochrome), glyoxylate carboligase, phosphonopyruvate decarboxylase]	1.145E-48	1.000	1742	10	597	612	1	561	564	602	0.961	0.995
LOKIASV2_1150_ESMFold_thiamine_pyrophosphate-binding_protein	AF-A0A832JM90-F1-model_v4	AF-A0A832JM90-F1-model_v4 Biosynthetic-type acetolactate synthase large subunit	1.145E-48	1.000	1742	10	576	612	1	548	575	581	0.926	0.953
LOKIASV2_1150_ESMFold_thiamine_pyrophosphate-binding_protein	AF-H0UNF9-F1-model_v4	AF-H0UNF9-F1-model_v4 Acetolactate synthase	1.210E-48	1.000	1742	2	576	612	365	904	923	580	0.940	0.585
LOKIASV2_1150_ESMFold_thiamine_pyrophosphate-binding_protein	AF-A0A7Y3RMQ4-F1-model_v4	AF-A0A7Y3RMQ4-F1-model_v4 Acetolactate synthase	3.454E-48	1.000	1741	1	578	612	8	548	564	584	0.944	0.959
LOKIASV2_1150_ESMFold_thiamine_pyrophosphate-binding_protein	AF-A0A840J154-F1-model_v4	AF-A0A840J154-F1-model_v4 Acetolactate synthase-1/2/3 large subunit	4.552E-48	1.000	1738	1	591	612	1	566	566	604	0.966	1.000
LOKIASV2_1150_ESMFold_thiamine_pyrophosphate-binding_protein	AF-A0A455SBC1-F1-model_v4	AF-A0A455SBC1-F1-model_v4 Acetolactate synthase	4.892E-47	1.000	1737	10	590	612	1	566	566	593	0.949	1.000
LOKIASV2_1150_ESMFold_thiamine_pyrophosphate-binding_protein	AF-A0A7X3V9X8-F1-model_v4	AF-A0A7X3V9X8-F1-model_v4 Thiamine pyrophosphate-binding protein	2.769E-48	1.000	1736	10	605	612	1	569	576	608	0.974	0.988
LOKIASV2_1150_ESMFold_thiamine_pyrophosphate-binding_protein	AF-A0A1W9UP40-F1-model_v4	AF-A0A1W9UP40-F1-model_v4 Uncharacterized protein	2.221E-48	1.000	1736	1	583	612	111	675	689	593	0.953	0.820
LOKIASV2_1150_ESMFold_thiamine_pyrophosphate-binding_protein	AF-A0A7C6DM70-F1-model_v4	AF-A0A7C6DM70-F1-model_v4 Thiamine pyrophosphate-binding protein	1.621E-47	1.000	1734	8	590	612	2	559	559	596	0.953	0.998
LOKIASV2_1150_ESMFold_thiamine_pyrophosphate-binding_protein	AF-A0A5K1F9C5-F1-model_v4	AF-A0A5K1F9C5-F1-model_v4 Acetolactate synthase	1.008E-49	1.000	1734	1	593	612	88	666	672	615	0.969	0.862
LOKIASV2_1150_ESMFold_thiamine_pyrophosphate-binding_protein	AF-A0A1E4JHG7-F1-model_v4	AF-A0A1E4JHG7-F1-model_v4 Uncharacterized protein	5.678E-48	1.000	1732	10	576	612	6	533	547	572	0.926	0.965
LOKIASV2_1150_ESMFold_thiamine_pyrophosphate-binding_protein	AF-A0A355B621-F1-model_v4	AF-A0A355B621-F1-model_v4 Uncharacterized protein	7.483E-48	1.000	1731	3	599	612	2	569	570	604	0.975	0.996
LOKIASV2_1150_ESMFold_thiamine_pyrophosphate-binding_protein	AF-A0A536CBI1-F1-model_v4	AF-A0A536CBI1-F1-model_v4 Thiamine pyrophosphate-binding protein	3.922E-47	1.000	1730	1	577	612	1	540	542	579	0.943	0.996
LOKIASV2_1150_ESMFold_thiamine_pyrophosphate-binding_protein	AF-A0A0K1PQX5-F1-model_v4	AF-A0A0K1PQX5-F1-model_v4 Acetolactate synthase large subunit	2.221E-48	1.000	1724	1	579	612	3	570	584	602	0.946	0.973
LOKIASV2_1150_ESMFold_thiamine_pyrophosphate-binding_protein	AF-Q5VB42-F1-model_v4	AF-Q5VB42-F1-model_v4 Acetolactate synthase	6.000E-48	1.000	1721	1	576	612	63	622	646	588	0.941	0.867
LOKIASV2_1150_ESMFold_thiamine_pyrophosphate-binding_protein	AF-A0A3D2Q2K0-F1-model_v4	AF-A0A3D2Q2K0-F1-model_v4 Acetolactate synthase	8.041E-47	1.000	1720	55	576	612	3	493	500	524	0.853	0.982
LOKIASV2_1150_ESMFold_thiamine_pyrophosphate-binding_protein	AF-A0A834SU44-F1-model_v4	AF-A0A834SU44-F1-model_v4 Acetolactate synthase 2, chloroplastic	3.730E-50	1.000	1715	1	607	612	113	705	736	631	0.992	0.806
LOKIASV2_1150_ESMFold_thiamine_pyrophosphate-binding_protein	AF-A0A7X3VUD7-F1-model_v4	AF-A0A7X3VUD7-F1-model_v4 Thiamine pyrophosphate-binding protein	8.498E-47	1.000	1714	8	580	612	2	536	536	579	0.936	0.998
LOKIASV2_1150_ESMFold_thiamine_pyrophosphate-binding_protein	AF-W4M6C7-F1-model_v4	AF-W4M6C7-F1-model_v4 Uncharacterized protein	8.498E-47	1.000	1713	10	578	612	1	558	572	580	0.930	0.976
LOKIASV2_1150_ESMFold_thiamine_pyrophosphate-binding_protein	AF-A0A1M3N788-F1-model_v4	AF-A0A1M3N788-F1-model_v4 Uncharacterized protein	3.093E-48	1.000	1708	3	600	612	4	564	565	618	0.977	0.993
LOKIASV2_1150_ESMFold_thiamine_pyrophosphate-binding_protein	AF-A0A073J330-F1-model_v4	AF-A0A073J330-F1-model_v4 Uncharacterized protein	2.426E-46	1.000	1706	10	601	612	1	563	569	599	0.967	0.989
LOKIASV2_1150_ESMFold_thiamine_pyrophosphate-binding_protein	AF-A0A5P9K7R3-F1-model_v4	AF-A0A5P9K7R3-F1-model_v4 Acetolactate synthase	4.731E-49	1.000	1704	5	593	612	30	602	608	607	0.962	0.942
LOKIASV2_1150_ESMFold_thiamine_pyrophosphate-binding_protein	AF-A0A535KXA3-F1-model_v4	AF-A0A535KXA3-F1-model_v4 Thiamine pyrophosphate-binding protein	1.428E-48	1.000	1703	5	608	612	1	595	596	620	0.987	0.998
LOKIASV2_1150_ESMFold_thiamine_pyrophosphate-binding_protein	AF-A0A2M7XZF1-F1-model_v4	AF-A0A2M7XZF1-F1-model_v4 Acetolactate synthase	1.476E-46	1.000	1702	2	532	612	15	518	520	533	0.868	0.969
LOKIASV2_1150_ESMFold_thiamine_pyrophosphate-binding_protein	AF-A0A0B5E2V7-F1-model_v4	AF-A0A0B5E2V7-F1-model_v4 Thiamine pyrophosphate central domain-containing protein	6.101E-47	1.000	1701	8	581	612	2	551	559	585	0.938	0.984
LOKIASV2_1150_ESMFold_thiamine_pyrophosphate-binding_protein	AF-A0A535HPF0-F1-model_v4	AF-A0A535HPF0-F1-model_v4 Acetolactate synthase	1.810E-47	1.000	1700	10	578	612	1	534	567	571	0.930	0.942
LOKIASV2_1150_ESMFold_thiamine_pyrophosphate-binding_protein	AF-A0A7J7D3L4-F1-model_v4	AF-A0A7J7D3L4-F1-model_v4 Acetolactate synthase	5.583E-49	1.000	1695	1	593	612	64	640	646	610	0.969	0.893
LOKIASV2_1150_ESMFold_thiamine_pyrophosphate-binding_protein	AF-A0A4U8SYP7-F1-model_v4	AF-A0A4U8SYP7-F1-model_v4 Acetolactate synthase	2.221E-48	1.000	1693	1	576	612	1	669	687	695	0.941	0.974
LOKIASV2_1150_ESMFold_thiamine_pyrophosphate-binding_protein	AF-A0A5J5BDM9-F1-model_v4	AF-A0A5J5BDM9-F1-model_v4 Acetolactate synthase	5.900E-49	1.000	1693	1	593	612	122	698	704	612	0.969	0.820
LOKIASV2_1150_ESMFold_thiamine_pyrophosphate-binding_protein	AF-P27818-F1-model_v4	AF-P27818-F1-model_v4 Acetolactate synthase 1, chloroplastic	8.685E-49	1.000	1691	1	593	612	73	649	655	615	0.969	0.881
LOKIASV2_1150_ESMFold_thiamine_pyrophosphate-binding_protein	AF-A0A3A4NFT6-F1-model_v4	AF-A0A3A4NFT6-F1-model_v4 Thiamine pyrophosphate-binding protein	3.198E-46	1.000	1689	8	576	612	2	539	546	576	0.930	0.985
LOKIASV2_1150_ESMFold_thiamine_pyrophosphate-binding_protein	AF-A0A7C1LZG6-F1-model_v4	AF-A0A7C1LZG6-F1-model_v4 Thiamine pyrophosphate-binding protein	3.774E-46	1.000	1688	1	582	612	9	550	554	584	0.951	0.978
LOKIASV2_1150_ESMFold_thiamine_pyrophosphate-binding_protein	AF-A0A099L9P4-F1-model_v4	AF-A0A099L9P4-F1-model_v4 Acetolactate synthase	1.351E-48	1.000	1687	8	604	612	1	577	580	613	0.975	0.995
LOKIASV2_1150_ESMFold_thiamine_pyrophosphate-binding_protein	AF-A0A537ZP67-F1-model_v4	AF-A0A537ZP67-F1-model_v4 Uncharacterized protein	4.380E-47	1.000	1684	7	581	612	85	624	624	581	0.940	0.865
LOKIASV2_1150_ESMFold_thiamine_pyrophosphate-binding_protein	AF-A0A419DW52-F1-model_v4	AF-A0A419DW52-F1-model_v4 Acetolactate synthase	3.198E-46	1.000	1676	8	578	612	1	543	556	579	0.933	0.977
LOKIASV2_1150_ESMFold_thiamine_pyrophosphate-binding_protein	AF-A0A6B0YYT8-F1-model_v4	AF-A0A6B0YYT8-F1-model_v4 Uncharacterized protein	1.003E-46	1.000	1673	8	595	612	3	543	545	590	0.961	0.993
LOKIASV2_1150_ESMFold_thiamine_pyrophosphate-binding_protein	AF-A0A6F8Q7M2-F1-model_v4	AF-A0A6F8Q7M2-F1-model_v4 Acetolactate synthase	1.534E-47	1.000	1668	8	592	612	3	572	635	605	0.956	0.898
LOKIASV2_1150_ESMFold_thiamine_pyrophosphate-binding_protein	AF-A0A2E9F1B4-F1-model_v4	AF-A0A2E9F1B4-F1-model_v4 Uncharacterized protein	5.555E-46	1.000	1664	6	581	612	1	548	548	589	0.941	1.000
LOKIASV2_1150_ESMFold_thiamine_pyrophosphate-binding_protein	AF-A0A2X3CQG4-F1-model_v4	AF-A0A2X3CQG4-F1-model_v4 Acetolactate synthase	1.780E-48	1.000	1664	10	607	612	1	552	608	607	0.977	0.908
LOKIASV2_1150_ESMFold_thiamine_pyrophosphate-binding_protein	AF-A0A0E0NFD0-F1-model_v4	AF-A0A0E0NFD0-F1-model_v4 Acetolactate synthase	3.324E-47	1.000	1661	1	576	612	322	885	910	594	0.941	0.620
LOKIASV2_1150_ESMFold_thiamine_pyrophosphate-binding_protein	AF-A0A7J4L3T7-F1-model_v4	AF-A0A7J4L3T7-F1-model_v4 Acetolactate synthase	4.145E-47	1.000	1654	5	599	612	24	591	592	606	0.972	0.959
LOKIASV2_1150_ESMFold_thiamine_pyrophosphate-binding_protein	AF-A0A497PJ31-F1-model_v4	AF-A0A497PJ31-F1-model_v4 Uncharacterized protein	1.586E-45	1.000	1652	1	592	612	1	563	567	604	0.967	0.993
LOKIASV2_1150_ESMFold_thiamine_pyrophosphate-binding_protein	AF-A0A2T9Z7Z9-F1-model_v4	AF-A0A2T9Z7Z9-F1-model_v4 Acetolactate synthase	9.862E-48	1.000	1652	1	595	612	48	636	642	632	0.972	0.917
LOKIASV2_1150_ESMFold_thiamine_pyrophosphate-binding_protein	AF-Q1N3D1-F1-model_v4	AF-Q1N3D1-F1-model_v4 Pyruvate oxidase	1.476E-46	1.000	1643	10	598	612	1	543	555	593	0.962	0.978
LOKIASV2_1150_ESMFold_thiamine_pyrophosphate-binding_protein	AF-A0A5C7XPN4-F1-model_v4	AF-A0A5C7XPN4-F1-model_v4 Acetolactate synthase	1.594E-48	1.000	1643	10	595	612	1	572	631	613	0.958	0.906
LOKIASV2_1150_ESMFold_thiamine_pyrophosphate-binding_protein	AF-A0A1F9P554-F1-model_v4	AF-A0A1F9P554-F1-model_v4 Acetolactate synthase	1.904E-44	1.000	1642	8	518	612	1	493	494	523	0.835	0.998
LOKIASV2_1150_ESMFold_thiamine_pyrophosphate-binding_protein	AF-A0A2D9LV98-F1-model_v4	AF-A0A2D9LV98-F1-model_v4 Acetolactate synthase	3.437E-45	1.000	1640	8	578	612	2	541	554	581	0.933	0.975
LOKIASV2_1150_ESMFold_thiamine_pyrophosphate-binding_protein	AF-A0A536BPB0-F1-model_v4	AF-A0A536BPB0-F1-model_v4 Uncharacterized protein	3.712E-47	1.000	1640	10	593	612	1	563	645	597	0.954	0.873
LOKIASV2_1150_ESMFold_thiamine_pyrophosphate-binding_protein	AF-A0A2V2SH44-F1-model_v4	AF-A0A2V2SH44-F1-model_v4 Acetolactate synthase	4.974E-46	1.000	1635	10	507	612	1	481	484	519	0.814	0.994
LOKIASV2_1150_ESMFold_thiamine_pyrophosphate-binding_protein	AF-A0A2V8EJW6-F1-model_v4	AF-A0A2V8EJW6-F1-model_v4 Acetolactate synthase	9.650E-46	1.000	1631	10	581	612	2	539	541	577	0.935	0.994
LOKIASV2_1150_ESMFold_thiamine_pyrophosphate-binding_protein	AF-A0A2N2CRG0-F1-model_v4	AF-A0A2N2CRG0-F1-model_v4 Acetolactate synthase	1.367E-44	1.000	1631	11	576	612	5	543	547	572	0.925	0.985
LOKIASV2_1150_ESMFold_thiamine_pyrophosphate-binding_protein	AF-A0A3C0GK24-F1-model_v4	AF-A0A3C0GK24-F1-model_v4 Uncharacterized protein	2.607E-45	1.000	1623	10	583	612	1	545	547	587	0.938	0.996
LOKIASV2_1150_ESMFold_thiamine_pyrophosphate-binding_protein	AF-A0A2V7BFK8-F1-model_v4	AF-A0A2V7BFK8-F1-model_v4 Uncharacterized protein	4.454E-46	1.000	1622	1	592	612	138	692	692	599	0.967	0.802
LOKIASV2_1150_ESMFold_thiamine_pyrophosphate-binding_protein	AF-A0A523NZB1-F1-model_v4	AF-A0A523NZB1-F1-model_v4 Thiamine pyrophosphate-binding protein	5.058E-45	1.000	1620	10	572	612	2	530	533	564	0.920	0.992
LOKIASV2_1150_ESMFold_thiamine_pyrophosphate-binding_protein	AF-A0A2J6XJ47-F1-model_v4	AF-A0A2J6XJ47-F1-model_v4 2-oxoacid oxidoreductase (ferredoxin)	1.293E-44	1.000	1616	8	587	612	2	551	556	584	0.948	0.989
LOKIASV2_1150_ESMFold_thiamine_pyrophosphate-binding_protein	AF-A0A2N7VE53-F1-model_v4	AF-A0A2N7VE53-F1-model_v4 Acetolactate synthase	1.613E-44	1.000	1615	8	576	612	2	542	551	580	0.930	0.982
LOKIASV2_1150_ESMFold_thiamine_pyrophosphate-binding_protein	AF-A0A7Y8HAS2-F1-model_v4	AF-A0A7Y8HAS2-F1-model_v4 Thiamine pyrophosphate-binding protein	1.397E-46	1.000	1615	8	576	612	2	555	557	592	0.930	0.995
LOKIASV2_1150_ESMFold_thiamine_pyrophosphate-binding_protein	AF-Q2FV86-F1-model_v4	AF-Q2FV86-F1-model_v4 Pyruvate oxidase, putative	1.978E-45	1.000	1614	8	599	612	2	577	579	615	0.967	0.995
LOKIASV2_1150_ESMFold_thiamine_pyrophosphate-binding_protein	AF-A0A849WHS2-F1-model_v4	AF-A0A849WHS2-F1-model_v4 Thiamine pyrophosphate-binding protein	4.974E-46	1.000	1612	10	593	612	1	572	583	601	0.954	0.981
LOKIASV2_1150_ESMFold_thiamine_pyrophosphate-binding_protein	AF-A0A177PY50-F1-model_v4	AF-A0A177PY50-F1-model_v4 Uncharacterized protein	1.978E-45	1.000	1610	3	583	612	2	565	569	593	0.949	0.991
LOKIASV2_1150_ESMFold_thiamine_pyrophosphate-binding_protein	AF-A0A522U2P8-F1-model_v4	AF-A0A522U2P8-F1-model_v4 3D-(3,5/4)-trihydroxycyclohexane-1,2-dione acylhydrolase (Decyclizing)	3.026E-46	1.000	1610	1	610	612	1	625	629	650	0.997	0.994
LOKIASV2_1150_ESMFold_thiamine_pyrophosphate-binding_protein	AF-A0A2N2DGF9-F1-model_v4	AF-A0A2N2DGF9-F1-model_v4 Uncharacterized protein	1.158E-44	1.000	1606	11	574	612	4	539	544	574	0.922	0.985
LOKIASV2_1150_ESMFold_thiamine_pyrophosphate-binding_protein	AF-A0A5M6IPM2-F1-model_v4	AF-A0A5M6IPM2-F1-model_v4 Pyruvate oxidase	2.173E-46	1.000	1606	8	607	612	1	582	583	627	0.980	0.998
LOKIASV2_1150_ESMFold_thiamine_pyrophosphate-binding_protein	AF-A0A2W2CEV4-F1-model_v4	AF-A0A2W2CEV4-F1-model_v4 3D-(3,5/4)-trihydroxycyclohexane-1,2-dione acylhydrolase (Decyclizing)	4.215E-46	1.000	1606	8	611	612	4	612	614	643	0.987	0.992
LOKIASV2_1150_ESMFold_thiamine_pyrophosphate-binding_protein	AF-A0A356L1S2-F1-model_v4	AF-A0A356L1S2-F1-model_v4 Acetolactate synthase large subunit	1.037E-44	1.000	1603	10	577	612	2	537	547	573	0.928	0.980
LOKIASV2_1150_ESMFold_thiamine_pyrophosphate-binding_protein	AF-A0A3A6TB94-F1-model_v4	AF-A0A3A6TB94-F1-model_v4 3D-(3,5/4)-trihydroxycyclohexane-1,2-dione acylhydrolase (Decyclizing)	6.556E-46	1.000	1603	8	612	612	4	617	617	642	0.989	0.995
LOKIASV2_1150_ESMFold_thiamine_pyrophosphate-binding_protein	AF-A0A2E6HSD4-F1-model_v4	AF-A0A2E6HSD4-F1-model_v4 Uncharacterized protein	7.445E-45	1.000	1597	10	582	612	1	545	548	586	0.936	0.995
LOKIASV2_1150_ESMFold_thiamine_pyrophosphate-binding_protein	AF-A0A2D6BQ47-F1-model_v4	AF-A0A2D6BQ47-F1-model_v4 Uncharacterized protein	6.415E-44	1.000	1596	5	576	612	1	534	536	577	0.935	0.996
LOKIASV2_1150_ESMFold_thiamine_pyrophosphate-binding_protein	AF-A0A0M0BQU1-F1-model_v4	AF-A0A0M0BQU1-F1-model_v4 Uncharacterized protein	6.070E-44	1.000	1595	10	576	612	1	536	540	579	0.926	0.993
LOKIASV2_1150_ESMFold_thiamine_pyrophosphate-binding_protein	AF-A0A101VBP2-F1-model_v4	AF-A0A101VBP2-F1-model_v4 Uncharacterized protein	2.012E-44	1.000	1594	10	581	612	1	532	532	576	0.935	1.000
LOKIASV2_1150_ESMFold_thiamine_pyrophosphate-binding_protein	AF-A0A317MXQ7-F1-model_v4	AF-A0A317MXQ7-F1-model_v4 Acetolactate synthase-1/2/3 large subunit	7.045E-45	1.000	1593	10	593	612	1	566	566	596	0.954	1.000
LOKIASV2_1150_ESMFold_thiamine_pyrophosphate-binding_protein	AF-A0A366ZN82-F1-model_v4	AF-A0A366ZN82-F1-model_v4 Pyruvate oxidase	4.787E-45	1.000	1593	17	612	612	2	580	580	616	0.974	0.998
LOKIASV2_1150_ESMFold_thiamine_pyrophosphate-binding_protein	AF-A0A2H5ZAX4-F1-model_v4	AF-A0A2H5ZAX4-F1-model_v4 Oxalyl-CoA decarboxylase	7.164E-44	1.000	1592	8	581	612	2	543	550	586	0.938	0.985
LOKIASV2_1150_ESMFold_thiamine_pyrophosphate-binding_protein	AF-A0A7J9VJM7-F1-model_v4	AF-A0A7J9VJM7-F1-model_v4 Thiamine pyrophosphate-binding protein	7.045E-45	1.000	1589	8	592	612	2	562	563	607	0.956	0.996
LOKIASV2_1150_ESMFold_thiamine_pyrophosphate-binding_protein	AF-A0A7J3C784-F1-model_v4	AF-A0A7J3C784-F1-model_v4 Thiamine pyrophosphate-binding protein	5.346E-45	1.000	1581	10	585	612	1	555	567	594	0.941	0.979
LOKIASV2_1150_ESMFold_thiamine_pyrophosphate-binding_protein	AF-A0A7C3B146-F1-model_v4	AF-A0A7C3B146-F1-model_v4 Thiamine pyrophosphate-requiring protein	2.509E-44	1.000	1578	10	579	612	1	540	542	586	0.931	0.996
LOKIASV2_1150_ESMFold_thiamine_pyrophosphate-binding_protein	AF-A0A7S3Z001-F1-model_v4	AF-A0A7S3Z001-F1-model_v4 Acetolactate synthase	9.132E-46	1.000	1578	10	578	612	75	640	659	609	0.930	0.859
LOKIASV2_1150_ESMFold_thiamine_pyrophosphate-binding_protein	AF-A0A7C4J354-F1-model_v4	AF-A0A7C4J354-F1-model_v4 Thiamine pyrophosphate-binding protein	3.129E-44	1.000	1575	10	595	612	2	559	560	594	0.958	0.996
LOKIASV2_1150_ESMFold_thiamine_pyrophosphate-binding_protein	AF-A0A3N2BDH8-F1-model_v4	AF-A0A3N2BDH8-F1-model_v4 Acetolactate synthase-1/2/3 large subunit	5.436E-44	1.000	1569	6	586	612	3	551	553	588	0.949	0.993
LOKIASV2_1150_ESMFold_thiamine_pyrophosphate-binding_protein	AF-X1LDY6-F1-model_v4	AF-X1LDY6-F1-model_v4 Acetolactate synthase	2.046E-43	1.000	1566	67	578	612	2	483	501	519	0.837	0.962
LOKIASV2_1150_ESMFold_thiamine_pyrophosphate-binding_protein	AF-A0A1M8A3C8-F1-model_v4	AF-A0A1M8A3C8-F1-model_v4 Acetolactate synthase	3.252E-45	1.000	1566	5	583	612	68	659	673	625	0.946	0.880
LOKIASV2_1150_ESMFold_thiamine_pyrophosphate-binding_protein	AF-A0A7Z9EZV6-F1-model_v4	AF-A0A7Z9EZV6-F1-model_v4 Acetolactate synthase	7.285E-43	1.000	1564	8	562	612	2	525	525	561	0.907	0.998
LOKIASV2_1150_ESMFold_thiamine_pyrophosphate-binding_protein	AF-A0A7Y8K4Y4-F1-model_v4	AF-A0A7Y8K4Y4-F1-model_v4 5-guanidino-2-oxopentanoate decarboxylase	1.158E-44	1.000	1564	10	591	612	2	541	541	593	0.951	0.998
LOKIASV2_1150_ESMFold_thiamine_pyrophosphate-binding_protein	AF-B8FFD1-F1-model_v4	AF-B8FFD1-F1-model_v4 Thiamine pyrophosphate protein domain protein TPP-binding	3.026E-46	1.000	1563	8	606	612	2	606	618	630	0.979	0.979
LOKIASV2_1150_ESMFold_thiamine_pyrophosphate-binding_protein	AF-A0A168B121-F1-model_v4	AF-A0A168B121-F1-model_v4 Acetolactate synthase	2.710E-46	1.000	1555	1	606	612	29	637	640	641	0.990	0.952
LOKIASV2_1150_ESMFold_thiamine_pyrophosphate-binding_protein	AF-A0A0B5E2V1-F1-model_v4	AF-A0A0B5E2V1-F1-model_v4 Acetolactate synthase, large chain related protein	1.705E-44	1.000	1554	10	586	612	1	561	564	601	0.943	0.995
LOKIASV2_1150_ESMFold_thiamine_pyrophosphate-binding_protein	AF-A0A545ZG96-F1-model_v4	AF-A0A545ZG96-F1-model_v4 3D-(3,5/4)-trihydroxycyclohexane-1,2-dione acylhydrolase (Decyclizing)	3.129E-44	1.000	1554	8	607	612	5	611	616	632	0.980	0.985
LOKIASV2_1150_ESMFold_thiamine_pyrophosphate-binding_protein	AF-A0A7J3WA01-F1-model_v4	AF-A0A7J3WA01-F1-model_v4 Acetolactate synthase	5.940E-42	1.000	1552	10	460	612	1	429	429	459	0.737	1.000
LOKIASV2_1150_ESMFold_thiamine_pyrophosphate-binding_protein	AF-A0A1G5YVT3-F1-model_v4	AF-A0A1G5YVT3-F1-model_v4 3D-(3,5/4)-trihydroxycyclohexane-1,2-dione hydrolase	4.358E-44	1.000	1551	8	604	612	6	609	617	631	0.975	0.979
LOKIASV2_1150_ESMFold_thiamine_pyrophosphate-binding_protein	AF-A0A060B475-F1-model_v4	AF-A0A060B475-F1-model_v4 3D-(3,5/4)-trihydroxycyclohexane-1,2-dione hydrolase	4.124E-44	1.000	1548	8	610	612	4	613	615	635	0.985	0.992
LOKIASV2_1150_ESMFold_thiamine_pyrophosphate-binding_protein	AF-A0A2D4SRA4-F1-model_v4	AF-A0A2D4SRA4-F1-model_v4 Sulfoacetaldehyde acetyltransferase	1.272E-45	1.000	1546	6	599	612	1	581	595	629	0.971	0.976
LOKIASV2_1150_ESMFold_thiamine_pyrophosphate-binding_protein	AF-A0A7V5YR14-F1-model_v4	AF-A0A7V5YR14-F1-model_v4 Thiamine pyrophosphate-binding protein	8.273E-42	1.000	1543	10	587	612	2	548	553	580	0.944	0.989
LOKIASV2_1150_ESMFold_thiamine_pyrophosphate-binding_protein	AF-A0A1Q3YLA6-F1-model_v4	AF-A0A1Q3YLA6-F1-model_v4 Thiamine pyrophosphate-binding protein	3.129E-44	1.000	1543	8	593	612	2	582	584	600	0.958	0.995
LOKIASV2_1150_ESMFold_thiamine_pyrophosphate-binding_protein	AF-A0A2K8NAG9-F1-model_v4	AF-A0A2K8NAG9-F1-model_v4 Pyruvate oxidase	5.436E-44	1.000	1541	1	581	612	10	554	561	586	0.949	0.971
LOKIASV2_1150_ESMFold_thiamine_pyrophosphate-binding_protein	AF-A0A1D2VDP8-F1-model_v4	AF-A0A1D2VDP8-F1-model_v4 Acetolactate synthase	1.420E-45	1.000	1538	2	609	612	52	662	664	647	0.993	0.920
LOKIASV2_1150_ESMFold_thiamine_pyrophosphate-binding_protein	AF-A0A848H9A2-F1-model_v4	AF-A0A848H9A2-F1-model_v4 Histidinol-phosphate transaminase	1.037E-44	1.000	1535	8	593	612	1	543	902	592	0.958	0.602
LOKIASV2_1150_ESMFold_thiamine_pyrophosphate-binding_protein	AF-A0A813F5P6-F1-model_v4	AF-A0A813F5P6-F1-model_v4 Hypothetical protein	3.903E-44	1.000	1535	1	574	612	378	946	973	601	0.938	0.585
LOKIASV2_1150_ESMFold_thiamine_pyrophosphate-binding_protein	AF-R9SJV2-F1-model_v4	AF-R9SJV2-F1-model_v4 Acetolactate synthase large subunit IlvB2	6.779E-44	1.000	1534	10	575	612	1	528	538	571	0.925	0.981
LOKIASV2_1150_ESMFold_thiamine_pyrophosphate-binding_protein	AF-C4WGC7-F1-model_v4	AF-C4WGC7-F1-model_v4 Acetolactate synthase 2 catalytic subunit	1.832E-43	1.000	1532	2	579	612	78	623	639	580	0.944	0.854
LOKIASV2_1150_ESMFold_thiamine_pyrophosphate-binding_protein	AF-A0A497NEF7-F1-model_v4	AF-A0A497NEF7-F1-model_v4 Uncharacterized protein	1.015E-42	1.000	1527	8	594	612	5	574	574	609	0.959	0.993
LOKIASV2_1150_ESMFold_thiamine_pyrophosphate-binding_protein	AF-U4QBZ2-F1-model_v4	AF-U4QBZ2-F1-model_v4 Malonic semialdehyde oxidative decarboxylase	1.054E-43	1.000	1525	8	610	612	4	607	608	635	0.985	0.993
LOKIASV2_1150_ESMFold_thiamine_pyrophosphate-binding_protein	AF-A0A132DP02-F1-model_v4	AF-A0A132DP02-F1-model_v4 3D-(3,5/4)-trihydroxycyclohexane-1,2-dione acylhydrolase (Decyclizing)	3.903E-44	1.000	1523	8	612	612	5	627	627	650	0.989	0.994
LOKIASV2_1150_ESMFold_thiamine_pyrophosphate-binding_protein	AF-A0A4R5G6P4-F1-model_v4	AF-A0A4R5G6P4-F1-model_v4 Multifunctional fusion protein	3.693E-44	1.000	1519	32	576	612	405	922	944	556	0.891	0.549
LOKIASV2_1150_ESMFold_thiamine_pyrophosphate-binding_protein	AF-A0A1Q8TG97-F1-model_v4	AF-A0A1Q8TG97-F1-model_v4 Uncharacterized protein	1.072E-42	1.000	1518	2	580	612	5	545	545	587	0.946	0.993
LOKIASV2_1150_ESMFold_thiamine_pyrophosphate-binding_protein	AF-A0A2D6BLW6-F1-model_v4	AF-A0A2D6BLW6-F1-model_v4 Uncharacterized protein	1.337E-42	1.000	1514	8	576	612	2	536	546	579	0.930	0.980
LOKIASV2_1150_ESMFold_thiamine_pyrophosphate-binding_protein	AF-A0A847VXQ1-F1-model_v4	AF-A0A847VXQ1-F1-model_v4 Thiamine pyrophosphate-binding protein	2.551E-43	1.000	1514	10	595	612	1	555	565	597	0.958	0.982
LOKIASV2_1150_ESMFold_thiamine_pyrophosphate-binding_protein	AF-A0A657AZB2-F1-model_v4	AF-A0A657AZB2-F1-model_v4 Uncharacterized protein	6.415E-44	1.000	1510	8	612	612	2	597	602	638	0.989	0.990
LOKIASV2_1150_ESMFold_thiamine_pyrophosphate-binding_protein	AF-A0A3N5MW37-F1-model_v4	AF-A0A3N5MW37-F1-model_v4 Thiamine pyrophosphate-binding protein	1.632E-40	1.000	1509	8	465	612	2	447	450	462	0.748	0.991
LOKIASV2_1150_ESMFold_thiamine_pyrophosphate-binding_protein	AF-A0A2E1LAI9-F1-model_v4	AF-A0A2E1LAI9-F1-model_v4 Uncharacterized protein	3.495E-44	1.000	1509	10	592	612	1	570	570	610	0.953	1.000
LOKIASV2_1150_ESMFold_thiamine_pyrophosphate-binding_protein	AF-A0A520PR24-F1-model_v4	AF-A0A520PR24-F1-model_v4 Thiamine pyrophosphate-binding protein	1.613E-44	1.000	1504	10	576	612	1	552	592	584	0.926	0.932
LOKIASV2_1150_ESMFold_thiamine_pyrophosphate-binding_protein	AF-A0A372GGT9-F1-model_v4	AF-A0A372GGT9-F1-model_v4 Thiamine pyrophosphate-binding protein	1.178E-43	1.000	1501	4	581	612	74	622	629	593	0.944	0.873
LOKIASV2_1150_ESMFold_thiamine_pyrophosphate-binding_protein	AF-A0A2V6SGR0-F1-model_v4	AF-A0A2V6SGR0-F1-model_v4 Histidine kinase	2.607E-45	1.000	1500	9	609	612	3	610	1214	638	0.982	0.501
LOKIASV2_1150_ESMFold_thiamine_pyrophosphate-binding_protein	AF-A0A6X0RJ57-F1-model_v4	AF-A0A6X0RJ57-F1-model_v4 3D-(3,5/4)-trihydroxycyclohexane-1,2-dione hydrolase	9.978E-44	1.000	1499	3	609	612	1	631	638	659	0.992	0.989
LOKIASV2_1150_ESMFold_thiamine_pyrophosphate-binding_protein	AF-A0A7G7Z639-F1-model_v4	AF-A0A7G7Z639-F1-model_v4 5-guanidino-2-oxopentanoate decarboxylase	3.419E-42	1.000	1491	8	579	612	1	528	531	577	0.935	0.994
LOKIASV2_1150_ESMFold_thiamine_pyrophosphate-binding_protein	AF-A0A7I9WK65-F1-model_v4	AF-A0A7I9WK65-F1-model_v4 Acetolactate synthase	3.062E-42	1.000	1489	10	572	612	2	522	531	569	0.920	0.981
LOKIASV2_1150_ESMFold_thiamine_pyrophosphate-binding_protein	AF-A0A1B6Z217-F1-model_v4	AF-A0A1B6Z217-F1-model_v4 Uncharacterized protein	1.413E-42	1.000	1489	10	575	612	1	534	538	580	0.925	0.993
LOKIASV2_1150_ESMFold_thiamine_pyrophosphate-binding_protein	AF-A0A178PI39-F1-model_v4	AF-A0A178PI39-F1-model_v4 Uncharacterized protein	2.897E-42	1.000	1477	1	591	612	1	556	559	602	0.966	0.995
LOKIASV2_1150_ESMFold_thiamine_pyrophosphate-binding_protein	AF-A0A4R3MH68-F1-model_v4	AF-A0A4R3MH68-F1-model_v4 Acetolactate synthase large subunit	1.733E-43	1.000	1477	1	588	612	22	569	570	598	0.961	0.961
LOKIASV2_1150_ESMFold_thiamine_pyrophosphate-binding_protein	AF-A0A450S8L9-F1-model_v4	AF-A0A450S8L9-F1-model_v4 Acetolactate synthase-1/2/3 large subunit	7.285E-43	1.000	1476	8	583	612	2	569	571	607	0.941	0.995
LOKIASV2_1150_ESMFold_thiamine_pyrophosphate-binding_protein	AF-A0A7K3VB00-F1-model_v4	AF-A0A7K3VB00-F1-model_v4 3D-(3,5/4)-trihydroxycyclohexane-1,2-dione acylhydrolase (Decyclizing)	6.633E-42	1.000	1476	8	607	612	5	611	616	631	0.980	0.985
LOKIASV2_1150_ESMFold_thiamine_pyrophosphate-binding_protein	AF-A0A7V2LDR0-F1-model_v4	AF-A0A7V2LDR0-F1-model_v4 Thiamine pyrophosphate-binding protein	8.455E-44	1.000	1473	8	582	612	1	559	562	602	0.940	0.995
LOKIASV2_1150_ESMFold_thiamine_pyrophosphate-binding_protein	AF-A0A7Z0NPD0-F1-model_v4	AF-A0A7Z0NPD0-F1-model_v4 Thiamine pyrophosphate-binding protein	5.621E-42	1.000	1472	8	584	612	9	547	564	586	0.943	0.956
LOKIASV2_1150_ESMFold_thiamine_pyrophosphate-binding_protein	AF-E1REV9-F1-model_v4	AF-E1REV9-F1-model_v4 Thiamine pyrophosphate protein central region	1.054E-43	1.000	1472	10	581	612	2	562	604	589	0.935	0.929
LOKIASV2_1150_ESMFold_thiamine_pyrophosphate-binding_protein	AF-A0A2T4ZTZ6-F1-model_v4	AF-A0A2T4ZTZ6-F1-model_v4 Acetolactate synthase-1/2/3 large subunit	6.633E-42	1.000	1471	9	574	612	3	536	548	576	0.925	0.974
LOKIASV2_1150_ESMFold_thiamine_pyrophosphate-binding_protein	AF-A0A2H0MUZ3-F1-model_v4	AF-A0A2H0MUZ3-F1-model_v4 Acetolactate synthase	2.046E-43	1.000	1470	10	610	612	1	579	581	622	0.982	0.997
LOKIASV2_1150_ESMFold_thiamine_pyrophosphate-binding_protein	AF-A0A5P9Q5M4-F1-model_v4	AF-A0A5P9Q5M4-F1-model_v4 Pyruvate dehydrogenase (Quinone)	4.949E-43	1.000	1470	1	598	612	3	562	593	610	0.977	0.944
LOKIASV2_1150_ESMFold_thiamine_pyrophosphate-binding_protein	AF-A0A3B0ZKL0-F1-model_v4	AF-A0A3B0ZKL0-F1-model_v4 Acetolactate synthase large subunit homolog	1.114E-43	1.000	1470	2	590	612	9	609	609	639	0.962	0.987
LOKIASV2_1150_ESMFold_thiamine_pyrophosphate-binding_protein	AF-A0A537PEJ6-F1-model_v4	AF-A0A537PEJ6-F1-model_v4 Thiamine pyrophosphate-binding protein	1.218E-41	1.000	1465	10	579	612	1	528	533	573	0.931	0.991
LOKIASV2_1150_ESMFold_thiamine_pyrophosphate-binding_protein	AF-T0U2Z0-F1-model_v4	AF-T0U2Z0-F1-model_v4 Acetolactate synthase	9.040E-40	1.000	1462	1	462	612	2	440	440	470	0.755	0.998
LOKIASV2_1150_ESMFold_thiamine_pyrophosphate-binding_protein	AF-F5B7F0-F1-model_v4	AF-F5B7F0-F1-model_v4 Acetolactate synthase	1.133E-42	1.000	1461	62	593	612	3	519	525	551	0.869	0.985
LOKIASV2_1150_ESMFold_thiamine_pyrophosphate-binding_protein	AF-A0A7J9WLU2-F1-model_v4	AF-A0A7J9WLU2-F1-model_v4 Uncharacterized protein	4.035E-42	1.000	1460	1	581	612	3	566	566	606	0.949	0.996
LOKIASV2_1150_ESMFold_thiamine_pyrophosphate-binding_protein	AF-A0A7Y3LKT7-F1-model_v4	AF-A0A7Y3LKT7-F1-model_v4 Thiamine pyrophosphate-binding protein	2.638E-41	1.000	1458	8	590	612	3	553	556	596	0.953	0.991
LOKIASV2_1150_ESMFold_thiamine_pyrophosphate-binding_protein	AF-A0A3Q9E8E4-F1-model_v4	AF-A0A3Q9E8E4-F1-model_v4 Acetolactate synthase isozyme 2 large subunit	1.197E-42	1.000	1457	3	576	612	1	548	580	583	0.938	0.945
LOKIASV2_1150_ESMFold_thiamine_pyrophosphate-binding_protein	AF-A0A219AJR6-F1-model_v4	AF-A0A219AJR6-F1-model_v4 Uncharacterized protein	9.602E-43	1.000	1455	10	596	612	1	535	538	596	0.959	0.994
LOKIASV2_1150_ESMFold_thiamine_pyrophosphate-binding_protein	AF-A0A7C7IRE5-F1-model_v4	AF-A0A7C7IRE5-F1-model_v4 Uncharacterized protein	2.455E-42	1.000	1454	9	576	612	261	810	845	577	0.928	0.651
LOKIASV2_1150_ESMFold_thiamine_pyrophosphate-binding_protein	AF-A0A1Q5V3I8-F1-model_v4	AF-A0A1Q5V3I8-F1-model_v4 Glyoxylate carboligase	4.410E-40	1.000	1453	8	504	612	2	481	483	506	0.812	0.994
LOKIASV2_1150_ESMFold_thiamine_pyrophosphate-binding_protein	AF-A0A838YBQ9-F1-model_v4	AF-A0A838YBQ9-F1-model_v4 5-guanidino-2-oxopentanoate decarboxylase	1.519E-41	1.000	1452	11	572	612	3	529	530	568	0.918	0.994
LOKIASV2_1150_ESMFold_thiamine_pyrophosphate-binding_protein	AF-N1J9I8-F1-model_v4	AF-N1J9I8-F1-model_v4 Acetolactate synthase	2.946E-41	1.000	1451	10	552	612	107	645	691	565	0.887	0.780
LOKIASV2_1150_ESMFold_thiamine_pyrophosphate-binding_protein	AF-A0A503AWZ6-F1-model_v4	AF-A0A503AWZ6-F1-model_v4 Acetolactate synthase catalytic subunit	1.383E-40	1.000	1451	10	574	612	145	685	712	580	0.923	0.760
LOKIASV2_1150_ESMFold_thiamine_pyrophosphate-binding_protein	AF-A0A8B0U643-F1-model_v4	AF-A0A8B0U643-F1-model_v4 Thiamine pyrophosphate-binding protein	4.104E-41	1.000	1450	8	576	612	2	537	538	576	0.930	0.996
LOKIASV2_1150_ESMFold_thiamine_pyrophosphate-binding_protein	AF-A0A523U6X8-F1-model_v4	AF-A0A523U6X8-F1-model_v4 Thiamine pyrophosphate-binding protein	2.198E-42	1.000	1449	1	597	612	9	576	625	608	0.975	0.909
LOKIASV2_1150_ESMFold_thiamine_pyrophosphate-binding_protein	AF-A0A7J9WKN7-F1-model_v4	AF-A0A7J9WKN7-F1-model_v4 Uncharacterized protein	1.894E-41	1.000	1446	10	575	612	1	548	555	589	0.925	0.987
LOKIASV2_1150_ESMFold_thiamine_pyrophosphate-binding_protein	AF-A0A7Y3AJF9-F1-model_v4	AF-A0A7Y3AJF9-F1-model_v4 Thiamine pyrophosphate-binding protein	5.621E-42	1.000	1446	9	598	612	3	561	564	592	0.964	0.991
LOKIASV2_1150_ESMFold_thiamine_pyrophosphate-binding_protein	AF-A0A5B9YI60-F1-model_v4	AF-A0A5B9YI60-F1-model_v4 Thiamine pyrophosphate-binding protein	7.829E-42	1.000	1446	10	574	612	1	555	601	577	0.923	0.923
LOKIASV2_1150_ESMFold_thiamine_pyrophosphate-binding_protein	AF-A0A2D9LUH0-F1-model_v4	AF-A0A2D9LUH0-F1-model_v4 Decarboxylase	1.244E-43	1.000	1440	5	580	612	85	621	621	590	0.941	0.865
LOKIASV2_1150_ESMFold_thiamine_pyrophosphate-binding_protein	AF-A0A2D7S6N7-F1-model_v4	AF-A0A2D7S6N7-F1-model_v4 Acetolactate synthase large subunit	1.127E-39	1.000	1438	10	508	612	1	478	480	502	0.815	0.996
LOKIASV2_1150_ESMFold_thiamine_pyrophosphate-binding_protein	AF-A0A2N3Y064-F1-model_v4	AF-A0A2N3Y064-F1-model_v4 Acetolactate synthase-1/2/3 large subunit	1.172E-40	1.000	1438	10	578	612	1	546	567	580	0.930	0.963
LOKIASV2_1150_ESMFold_thiamine_pyrophosphate-binding_protein	AF-A0A1G6H1C0-F1-model_v4	AF-A0A1G6H1C0-F1-model_v4 Pyruvate dehydrogenase (Quinone)	2.323E-42	1.000	1436	1	598	612	1	560	591	609	0.977	0.948
LOKIASV2_1150_ESMFold_thiamine_pyrophosphate-binding_protein	AF-A0A101LMT1-F1-model_v4	AF-A0A101LMT1-F1-model_v4 Pyruvate dehydrogenase	5.940E-42	1.000	1435	8	612	612	1	580	582	623	0.989	0.997
LOKIASV2_1150_ESMFold_thiamine_pyrophosphate-binding_protein	AF-A0A399YFA8-F1-model_v4	AF-A0A399YFA8-F1-model_v4 Acetolactate synthase	2.835E-40	1.000	1430	9	592	612	3	507	507	593	0.954	0.996
LOKIASV2_1150_ESMFold_thiamine_pyrophosphate-binding_protein	AF-A0A7H2BGW8-F1-model_v4	AF-A0A7H2BGW8-F1-model_v4 Pyruvate dehydrogenase	4.104E-41	1.000	1429	10	598	612	1	549	584	596	0.962	0.940
LOKIASV2_1150_ESMFold_thiamine_pyrophosphate-binding_protein	AF-A0A849RSX2-F1-model_v4	AF-A0A849RSX2-F1-model_v4 Thiamine pyrophosphate-binding protein	1.090E-41	1.000	1427	11	580	612	3	561	583	587	0.931	0.959
LOKIASV2_1150_ESMFold_thiamine_pyrophosphate-binding_protein	AF-A0A2S8ZSL6-F1-model_v4	AF-A0A2S8ZSL6-F1-model_v4 Acetolactate synthase	4.583E-41	1.000	1423	11	580	612	8	532	532	580	0.931	0.987
LOKIASV2_1150_ESMFold_thiamine_pyrophosphate-binding_protein	AF-A0A1Y5RVN4-F1-model_v4	AF-A0A1Y5RVN4-F1-model_v4 3D-(3,5/4)-trihydroxycyclohexane-1,2-dione hydrolase	1.109E-40	1.000	1422	8	609	612	4	608	612	631	0.984	0.989
LOKIASV2_1150_ESMFold_thiamine_pyrophosphate-binding_protein	AF-A0A6A6QGJ7-F1-model_v4	AF-A0A6A6QGJ7-F1-model_v4 Acetolactate synthase	2.455E-42	1.000	1420	1	578	612	75	656	693	620	0.944	0.840
LOKIASV2_1150_ESMFold_thiamine_pyrophosphate-binding_protein	AF-A0A7C7QVW5-F1-model_v4	AF-A0A7C7QVW5-F1-model_v4 Acetolactate synthase	1.010E-39	1.000	1418	81	578	612	2	470	490	504	0.814	0.957
LOKIASV2_1150_ESMFold_thiamine_pyrophosphate-binding_protein	AF-G9PCG7-F1-model_v4	AF-G9PCG7-F1-model_v4 Pyruvate decarboxylase	4.660E-40	1.000	1415	8	593	612	1	558	561	595	0.958	0.995
LOKIASV2_1150_ESMFold_thiamine_pyrophosphate-binding_protein	AF-A0A1S3K2W2-F1-model_v4	AF-A0A1S3K2W2-F1-model_v4 2-hydroxyacyl-CoA lyase 1-like	1.413E-42	1.000	1415	7	608	612	4	597	813	628	0.984	0.731
LOKIASV2_1150_ESMFold_thiamine_pyrophosphate-binding_protein	AF-A0A147EG62-F1-model_v4	AF-A0A147EG62-F1-model_v4 Uncharacterized protein	3.736E-40	1.000	1412	8	573	612	1	531	539	575	0.925	0.985
LOKIASV2_1150_ESMFold_thiamine_pyrophosphate-binding_protein	AF-A0A4R3XFL9-F1-model_v4	AF-A0A4R3XFL9-F1-model_v4 3D-(3,5/4)-trihydroxycyclohexane-1,2-dione hydrolase	3.477E-41	1.000	1410	8	610	612	5	608	612	636	0.985	0.987
LOKIASV2_1150_ESMFold_thiamine_pyrophosphate-binding_protein	AF-A0A434NUW7-F1-model_v4	AF-A0A434NUW7-F1-model_v4 Glyoxylate carboligase	9.715E-39	1.000	1409	8	491	612	2	468	469	493	0.791	0.996
LOKIASV2_1150_ESMFold_thiamine_pyrophosphate-binding_protein	AF-A0A7C3GP30-F1-model_v4	AF-A0A7C3GP30-F1-model_v4 Acetolactate synthase	4.243E-39	1.000	1407	10	468	612	1	444	444	471	0.750	1.000
LOKIASV2_1150_ESMFold_thiamine_pyrophosphate-binding_protein	AF-A0A5N9C361-F1-model_v4	AF-A0A5N9C361-F1-model_v4 Thiamine pyrophosphate-binding protein	6.745E-41	1.000	1404	8	576	612	2	557	557	603	0.930	0.998
LOKIASV2_1150_ESMFold_thiamine_pyrophosphate-binding_protein	AF-A0A7C9P4R6-F1-model_v4	AF-A0A7C9P4R6-F1-model_v4 Pyruvate decarboxylase	6.245E-39	1.000	1403	10	577	612	2	539	545	572	0.928	0.987
LOKIASV2_1150_ESMFold_thiamine_pyrophosphate-binding_protein	AF-A0A4Y8UTH6-F1-model_v4	AF-A0A4Y8UTH6-F1-model_v4 Pyruvate dehydrogenase	6.383E-41	1.000	1403	10	598	612	4	558	589	609	0.962	0.942
LOKIASV2_1150_ESMFold_thiamine_pyrophosphate-binding_protein	AF-A0A2T9X6W9-F1-model_v4	AF-A0A2T9X6W9-F1-model_v4 2-oxoacid oxidoreductase (ferredoxin)	6.491E-40	1.000	1401	83	576	612	1	472	496	497	0.807	0.952
LOKIASV2_1150_ESMFold_thiamine_pyrophosphate-binding_protein	AF-A0A2E9TWH9-F1-model_v4	AF-A0A2E9TWH9-F1-model_v4 Acetolactate synthase	8.413E-41	1.000	1401	10	579	612	1	547	570	580	0.931	0.960
LOKIASV2_1150_ESMFold_thiamine_pyrophosphate-binding_protein	AF-A0A348ZCK4-F1-model_v4	AF-A0A348ZCK4-F1-model_v4 Thiamine pyrophosphate-binding protein	2.362E-41	1.000	1399	10	598	612	1	575	578	617	0.962	0.995
LOKIASV2_1150_ESMFold_thiamine_pyrophosphate-binding_protein	AF-A0A557ZGD9-F1-model_v4	AF-A0A557ZGD9-F1-model_v4 Pyruvate dehydrogenase	4.583E-41	1.000	1399	10	611	612	4	550	579	610	0.984	0.945
LOKIASV2_1150_ESMFold_thiamine_pyrophosphate-binding_protein	AF-A0A3D5JBT9-F1-model_v4	AF-A0A3D5JBT9-F1-model_v4 3D-(3,5/4)-trihydroxycyclohexane-1,2-dione acylhydrolase (Decyclizing)	1.959E-39	1.000	1397	8	496	612	4	496	497	511	0.799	0.992
LOKIASV2_1150_ESMFold_thiamine_pyrophosphate-binding_protein	AF-A0A2E9GH71-F1-model_v4	AF-A0A2E9GH71-F1-model_v4 Benzoylformate decarboxylase	1.152E-41	1.000	1394	8	576	612	2	552	552	593	0.930	0.998
LOKIASV2_1150_ESMFold_thiamine_pyrophosphate-binding_protein	AF-A0A4V0GM63-F1-model_v4	AF-A0A4V0GM63-F1-model_v4 Acetolactate synthase, catabolic	3.166E-40	1.000	1393	8	578	612	1	547	558	594	0.933	0.980
LOKIASV2_1150_ESMFold_thiamine_pyrophosphate-binding_protein	AF-X5E046-F1-model_v4	AF-X5E046-F1-model_v4 Acetolactate synthase	8.890E-41	1.000	1389	10	579	612	2	535	543	576	0.931	0.983
LOKIASV2_1150_ESMFold_thiamine_pyrophosphate-binding_protein	AF-A0A2D9LT06-F1-model_v4	AF-A0A2D9LT06-F1-model_v4 Acetolactate synthase	2.946E-41	1.000	1387	10	578	612	1	556	579	590	0.930	0.960
LOKIASV2_1150_ESMFold_thiamine_pyrophosphate-binding_protein	AF-F8XKR4-F1-model_v4	AF-F8XKR4-F1-model_v4 Pyruvate dehydrogenase	1.085E-38	1.000	1386	8	557	612	1	513	514	557	0.899	0.998
LOKIASV2_1150_ESMFold_thiamine_pyrophosphate-binding_protein	AF-A0A2G1XPP6-F1-model_v4	AF-A0A2G1XPP6-F1-model_v4 Thiamine pyrophosphate-binding protein	2.273E-40	1.000	1382	10	573	612	1	542	548	582	0.922	0.989
LOKIASV2_1150_ESMFold_thiamine_pyrophosphate-binding_protein	AF-A0A3B8MIS2-F1-model_v4	AF-A0A3B8MIS2-F1-model_v4 Uncharacterized protein	1.238E-40	1.000	1380	1	586	612	33	578	580	602	0.958	0.941
LOKIASV2_1150_ESMFold_thiamine_pyrophosphate-binding_protein	AF-A0A1F6LMA6-F1-model_v4	AF-A0A1F6LMA6-F1-model_v4 Uncharacterized protein	9.928E-41	1.000	1378	10	575	612	2	553	599	583	0.925	0.922
LOKIASV2_1150_ESMFold_thiamine_pyrophosphate-binding_protein	AF-A0A1L6LD12-F1-model_v4	AF-A0A1L6LD12-F1-model_v4 Acetolactate synthase large subunit protein	2.151E-40	1.000	1377	3	593	612	59	628	732	609	0.966	0.779
LOKIASV2_1150_ESMFold_thiamine_pyrophosphate-binding_protein	AF-A0A7X5VHR8-F1-model_v4	AF-A0A7X5VHR8-F1-model_v4 Benzoylformate decarboxylase	3.883E-41	1.000	1376	7	575	612	7	560	560	595	0.930	0.989
LOKIASV2_1150_ESMFold_thiamine_pyrophosphate-binding_protein	AF-K8DYE4-F1-model_v4	AF-K8DYE4-F1-model_v4 Acetolactate synthase	2.774E-38	1.000	1374	8	462	612	1	422	442	463	0.743	0.955
LOKIASV2_1150_ESMFold_thiamine_pyrophosphate-binding_protein	AF-A0A2H5WC25-F1-model_v4	AF-A0A2H5WC25-F1-model_v4 Acetolactate synthase large subunit IlvG	4.843E-41	1.000	1373	11	601	612	6	540	543	610	0.966	0.985
LOKIASV2_1150_ESMFold_thiamine_pyrophosphate-binding_protein	AF-A0A7Y8P314-F1-model_v4	AF-A0A7Y8P314-F1-model_v4 Pyruvate dehydrogenase	2.151E-40	1.000	1373	8	612	612	1	576	578	621	0.989	0.997
LOKIASV2_1150_ESMFold_thiamine_pyrophosphate-binding_protein	AF-A0A0J1HUR6-F1-model_v4	AF-A0A0J1HUR6-F1-model_v4 Acetolactate synthase	1.067E-39	1.000	1372	11	585	612	4	549	550	587	0.940	0.993
LOKIASV2_1150_ESMFold_thiamine_pyrophosphate-binding_protein	AF-A0A1F4PYJ3-F1-model_v4	AF-A0A1F4PYJ3-F1-model_v4 Uncharacterized protein	2.728E-39	1.000	1370	10	579	612	2	534	546	578	0.931	0.976
LOKIASV2_1150_ESMFold_thiamine_pyrophosphate-binding_protein	AF-K6WKH0-F1-model_v4	AF-K6WKH0-F1-model_v4 Putative transferase	5.204E-40	1.000	1369	8	593	612	2	557	573	604	0.958	0.970
LOKIASV2_1150_ESMFold_thiamine_pyrophosphate-binding_protein	AF-A0A1F1E8P6-F1-model_v4	AF-A0A1F1E8P6-F1-model_v4 Acetolactate synthase	7.371E-39	1.000	1366	9	581	612	3	546	554	593	0.936	0.982
LOKIASV2_1150_ESMFold_thiamine_pyrophosphate-binding_protein	AF-A0A5P9D386-F1-model_v4	AF-A0A5P9D386-F1-model_v4 Acetolactate synthase large subunit	5.204E-40	1.000	1365	10	578	612	2	552	593	586	0.930	0.929
LOKIASV2_1150_ESMFold_thiamine_pyrophosphate-binding_protein	AF-A0A2T5AW55-F1-model_v4	AF-A0A2T5AW55-F1-model_v4 Pyruvate dehydrogenase (Quinone)	4.243E-39	1.000	1365	6	577	612	1	558	602	596	0.935	0.927
LOKIASV2_1150_ESMFold_thiamine_pyrophosphate-binding_protein	AF-A0A432QZ69-F1-model_v4	AF-A0A432QZ69-F1-model_v4 Thiamine pyrophosphate-binding protein	3.536E-40	1.000	1364	10	580	612	1	553	584	589	0.933	0.947
LOKIASV2_1150_ESMFold_thiamine_pyrophosphate-binding_protein	AF-A0A7C0XMZ8-F1-model_v4	AF-A0A7C0XMZ8-F1-model_v4 Acetolactate synthase	3.929E-37	1.000	1363	8	453	612	1	429	430	456	0.729	0.998
LOKIASV2_1150_ESMFold_thiamine_pyrophosphate-binding_protein	AF-A0A3C1MFY7-F1-model_v4	AF-A0A3C1MFY7-F1-model_v4 Acetolactate synthase	2.821E-37	1.000	1361	8	474	612	1	441	442	472	0.763	0.998
LOKIASV2_1150_ESMFold_thiamine_pyrophosphate-binding_protein	AF-A0A6G1A4N4-F1-model_v4	AF-A0A6G1A4N4-F1-model_v4 HACL1 lyase	9.928E-41	1.000	1361	1	601	612	7	589	692	619	0.982	0.842
LOKIASV2_1150_ESMFold_thiamine_pyrophosphate-binding_protein	AF-A0A7G7KTB1-F1-model_v4	AF-A0A7G7KTB1-F1-model_v4 Acetolactate synthase AlsS	3.595E-39	1.000	1360	10	575	612	1	533	548	580	0.925	0.973
LOKIASV2_1150_ESMFold_thiamine_pyrophosphate-binding_protein	AF-A0A346XWR3-F1-model_v4	AF-A0A346XWR3-F1-model_v4 Acetolactate synthase large subunit	2.002E-41	1.000	1358	10	581	612	1	541	542	590	0.935	0.998
LOKIASV2_1150_ESMFold_thiamine_pyrophosphate-binding_protein	AF-A0A847WDJ3-F1-model_v4	AF-A0A847WDJ3-F1-model_v4 Biosynthetic-type acetolactate synthase large subunit	2.581E-39	1.000	1357	68	576	612	2	472	489	515	0.832	0.963
LOKIASV2_1150_ESMFold_thiamine_pyrophosphate-binding_protein	AF-A0A831LH51-F1-model_v4	AF-A0A831LH51-F1-model_v4 Acetolactate synthase large subunit	1.660E-39	1.000	1357	10	575	612	1	531	548	581	0.925	0.969
LOKIASV2_1150_ESMFold_thiamine_pyrophosphate-binding_protein	AF-A0A136HJ30-F1-model_v4	AF-A0A136HJ30-F1-model_v4 Acetolactate synthase	1.280E-38	1.000	1357	8	587	612	1	562	566	594	0.948	0.993
LOKIASV2_1150_ESMFold_thiamine_pyrophosphate-binding_protein	AF-A0A534UHY5-F1-model_v4	AF-A0A534UHY5-F1-model_v4 Thiamine pyrophosphate-binding protein	2.224E-38	1.000	1356	93	583	612	7	474	475	499	0.802	0.985
LOKIASV2_1150_ESMFold_thiamine_pyrophosphate-binding_protein	AF-A0A412YYD9-F1-model_v4	AF-A0A412YYD9-F1-model_v4 Thiamine pyrophosphate-binding protein	9.395E-41	1.000	1355	8	578	612	1	626	668	644	0.933	0.937
LOKIASV2_1150_ESMFold_thiamine_pyrophosphate-binding_protein	AF-W4A395-F1-model_v4	AF-W4A395-F1-model_v4 Acetolactate synthase	2.996E-40	1.000	1354	1	585	612	1	566	575	619	0.956	0.984
LOKIASV2_1150_ESMFold_thiamine_pyrophosphate-binding_protein	AF-A0A2S6S6S4-F1-model_v4	AF-A0A2S6S6S4-F1-model_v4 Acetolactate synthase isozyme 2 large subunit	1.287E-41	1.000	1354	3	576	612	251	807	846	594	0.938	0.658
LOKIASV2_1150_ESMFold_thiamine_pyrophosphate-binding_protein	AF-A0A7C2S7Z7-F1-model_v4	AF-A0A7C2S7Z7-F1-model_v4 Thiamine pyrophosphate-binding protein	8.054E-37	1.000	1351	8	483	612	2	459	460	482	0.778	0.996
LOKIASV2_1150_ESMFold_thiamine_pyrophosphate-binding_protein	AF-A0A7K2FX05-F1-model_v4	AF-A0A7K2FX05-F1-model_v4 Thiamine pyrophosphate-binding protein	1.754E-39	1.000	1348	10	582	612	1	536	538	582	0.936	0.996
LOKIASV2_1150_ESMFold_thiamine_pyrophosphate-binding_protein	AF-A0A0M2S3S0-F1-model_v4	AF-A0A0M2S3S0-F1-model_v4 Thiamine pyrophosphate-binding protein	7.660E-40	1.000	1341	10	611	612	4	577	585	629	0.984	0.981
LOKIASV2_1150_ESMFold_thiamine_pyrophosphate-binding_protein	AF-A0A6N7HT22-F1-model_v4	AF-A0A6N7HT22-F1-model_v4 Thiamine pyrophosphate-binding protein	8.699E-39	1.000	1336	8	584	612	1	526	528	586	0.943	0.996
LOKIASV2_1150_ESMFold_thiamine_pyrophosphate-binding_protein	AF-A0A8A8TLC9-F1-model_v4	AF-A0A8A8TLC9-F1-model_v4 Thiamine pyrophosphate-binding protein	1.823E-40	1.000	1334	10	598	612	1	564	568	610	0.962	0.993
LOKIASV2_1150_ESMFold_thiamine_pyrophosphate-binding_protein	AF-A0A563ENA1-F1-model_v4	AF-A0A563ENA1-F1-model_v4 Benzoylformate decarboxylase	1.085E-38	1.000	1333	10	576	612	2	523	527	581	0.926	0.991
LOKIASV2_1150_ESMFold_thiamine_pyrophosphate-binding_protein	AF-A0A5C8ZQA4-F1-model_v4	AF-A0A5C8ZQA4-F1-model_v4 Thiamine pyrophosphate-binding protein	1.486E-39	1.000	1332	8	596	612	2	588	592	616	0.962	0.992
LOKIASV2_1150_ESMFold_thiamine_pyrophosphate-binding_protein	AF-A0A5B8MRZ2-F1-model_v4	AF-A0A5B8MRZ2-F1-model_v4 2-hydroxyacyl-CoA lyase	2.002E-41	1.000	1332	1	595	612	559	1151	1151	640	0.972	0.515
LOKIASV2_1150_ESMFold_thiamine_pyrophosphate-binding_protein	AF-A0A7W5UWD0-F1-model_v4	AF-A0A7W5UWD0-F1-model_v4 Pyruvate dehydrogenase (Quinone)	5.500E-40	1.000	1331	25	610	612	1	557	558	606	0.958	0.998
LOKIASV2_1150_ESMFold_thiamine_pyrophosphate-binding_protein	AF-A0A1F9P1Y5-F1-model_v4	AF-A0A1F9P1Y5-F1-model_v4 Uncharacterized protein	2.568E-36	1.000	1329	10	440	612	1	417	417	438	0.704	1.000
LOKIASV2_1150_ESMFold_thiamine_pyrophosphate-binding_protein	AF-A0A1V2QA21-F1-model_v4	AF-A0A1V2QA21-F1-model_v4 Uncharacterized protein	6.859E-40	1.000	1328	10	592	612	5	587	587	618	0.953	0.993
LOKIASV2_1150_ESMFold_thiamine_pyrophosphate-binding_protein	AF-A0A523FWA9-F1-model_v4	AF-A0A523FWA9-F1-model_v4 Thiamine pyrophosphate-binding protein	4.015E-39	1.000	1328	8	578	612	57	612	630	585	0.933	0.883
LOKIASV2_1150_ESMFold_thiamine_pyrophosphate-binding_protein	AF-A0A318K656-F1-model_v4	AF-A0A318K656-F1-model_v4 Acetolactate synthase-1/2/3 large subunit	3.736E-40	1.000	1323	2	589	612	12	567	567	607	0.961	0.981
LOKIASV2_1150_ESMFold_thiamine_pyrophosphate-binding_protein	AF-A0A4Q3A6M2-F1-model_v4	AF-A0A4Q3A6M2-F1-model_v4 Thiamine pyrophosphate-binding protein	1.232E-37	1.000	1322	6	520	612	1	498	499	525	0.842	0.998
LOKIASV2_1150_ESMFold_thiamine_pyrophosphate-binding_protein	AF-A0A848YLJ2-F1-model_v4	AF-A0A848YLJ2-F1-model_v4 5-guanidino-2-oxopentanoate decarboxylase	1.027E-38	1.000	1321	1	581	612	1	536	537	596	0.949	0.998
LOKIASV2_1150_ESMFold_thiamine_pyrophosphate-binding_protein	AF-A0A147KLI2-F1-model_v4	AF-A0A147KLI2-F1-model_v4 Uncharacterized protein	1.259E-39	1.000	1320	10	580	612	1	538	538	588	0.933	1.000
LOKIASV2_1150_ESMFold_thiamine_pyrophosphate-binding_protein	AF-A0A2M7G4N4-F1-model_v4	AF-A0A2M7G4N4-F1-model_v4 Uncharacterized protein	3.219E-39	1.000	1314	8	597	612	2	572	573	608	0.964	0.997
LOKIASV2_1150_ESMFold_thiamine_pyrophosphate-binding_protein	AF-A0A2M9IQD4-F1-model_v4	AF-A0A2M9IQD4-F1-model_v4 Thiamine pyrophosphate-requiring protein	1.127E-39	1.000	1310	38	612	612	332	892	904	602	0.940	0.621
LOKIASV2_1150_ESMFold_thiamine_pyrophosphate-binding_protein	AF-A0A4Q3H5L6-F1-model_v4	AF-A0A4Q3H5L6-F1-model_v4 Acetolactate synthase	3.518E-37	1.000	1308	96	576	612	1	463	465	492	0.786	0.996
LOKIASV2_1150_ESMFold_thiamine_pyrophosphate-binding_protein	AF-A0A1Y2L396-F1-model_v4	AF-A0A1Y2L396-F1-model_v4 Pyruvate dehydrogenase	9.395E-41	1.000	1307	8	611	612	1	563	576	622	0.987	0.977
LOKIASV2_1150_ESMFold_thiamine_pyrophosphate-binding_protein	AF-A0A2D9XS72-F1-model_v4	AF-A0A2D9XS72-F1-model_v4 Acetolactate synthase	3.274E-38	1.000	1304	10	573	612	1	560	571	603	0.922	0.981
LOKIASV2_1150_ESMFold_thiamine_pyrophosphate-binding_protein	AF-A0A3P1ZVN7-F1-model_v4	AF-A0A3P1ZVN7-F1-model_v4 Thiamine pyrophosphate-binding protein	6.600E-39	1.000	1301	10	578	612	2	557	600	589	0.930	0.927
LOKIASV2_1150_ESMFold_thiamine_pyrophosphate-binding_protein	AF-A0A7J2HKQ8-F1-model_v4	AF-A0A7J2HKQ8-F1-model_v4 Thiamine pyrophosphate-binding protein	1.503E-35	1.000	1297	8	432	612	2	405	406	433	0.694	0.995
LOKIASV2_1150_ESMFold_thiamine_pyrophosphate-binding_protein	AF-A0A081RF65-F1-model_v4	AF-A0A081RF65-F1-model_v4 Acetolactate synthase	2.390E-37	1.000	1295	8	579	612	2	528	535	580	0.935	0.985
LOKIASV2_1150_ESMFold_thiamine_pyrophosphate-binding_protein	AF-A0A1C1CBI3-F1-model_v4	AF-A0A1C1CBI3-F1-model_v4 Pyruvate decarboxylase	6.491E-40	1.000	1291	1	601	612	7	633	641	661	0.982	0.978
LOKIASV2_1150_ESMFold_thiamine_pyrophosphate-binding_protein	AF-A0A433XL56-F1-model_v4	AF-A0A433XL56-F1-model_v4 Thiamine pyrophosphate-binding protein	1.660E-39	1.000	1288	10	604	612	1	551	552	611	0.972	0.998
LOKIASV2_1150_ESMFold_thiamine_pyrophosphate-binding_protein	AF-A0A6G9YIM6-F1-model_v4	AF-A0A6G9YIM6-F1-model_v4 Thiamine pyrophosphate-binding protein	3.536E-40	1.000	1284	2	585	612	81	626	627	602	0.954	0.871
LOKIASV2_1150_ESMFold_thiamine_pyrophosphate-binding_protein	AF-A0A543KRR7-F1-model_v4	AF-A0A543KRR7-F1-model_v4 Thiamine pyrophosphate-dependent acetolactate synthase large subunit-like protein	2.774E-38	1.000	1283	10	591	612	1	542	542	601	0.951	1.000
LOKIASV2_1150_ESMFold_thiamine_pyrophosphate-binding_protein	AF-A0A516WZE3-F1-model_v4	AF-A0A516WZE3-F1-model_v4 Thiamine pyrophosphate-binding protein	1.103E-37	1.000	1283	10	579	612	1	539	547	585	0.931	0.985
LOKIASV2_1150_ESMFold_thiamine_pyrophosphate-binding_protein	AF-A0A536IBW0-F1-model_v4	AF-A0A536IBW0-F1-model_v4 3D-(3,5/4)-trihydroxycyclohexane-1,2-dione acylhydrolase (Decyclizing)	1.185E-36	1.000	1282	13	491	612	2	482	483	501	0.783	0.996
LOKIASV2_1150_ESMFold_thiamine_pyrophosphate-binding_protein	AF-A0A6L7RTT5-F1-model_v4	AF-A0A6L7RTT5-F1-model_v4 Thiamine pyrophosphate-binding protein	3.995E-36	1.000	1280	84	576	612	2	471	487	499	0.806	0.965
LOKIASV2_1150_ESMFold_thiamine_pyrophosphate-binding_protein	AF-A0A7E4WDL0-F1-model_v4	AF-A0A7E4WDL0-F1-model_v4 Uncharacterized protein	1.688E-38	1.000	1280	1	575	612	90	648	665	603	0.940	0.841
LOKIASV2_1150_ESMFold_thiamine_pyrophosphate-binding_protein	AF-A0A813GT49-F1-model_v4	AF-A0A813GT49-F1-model_v4 Hypothetical protein	1.688E-38	1.000	1277	4	606	612	43	618	819	614	0.985	0.703
LOKIASV2_1150_ESMFold_thiamine_pyrophosphate-binding_protein	AF-A0A261CVG4-F1-model_v4	AF-A0A261CVG4-F1-model_v4 Thiamine pyrophosphate-binding protein	1.624E-37	1.000	1273	1	588	612	1	555	561	614	0.961	0.989
LOKIASV2_1150_ESMFold_thiamine_pyrophosphate-binding_protein	AF-A0A0U9HI27-F1-model_v4	AF-A0A0U9HI27-F1-model_v4 Pyruvate decarboxylase family protein	9.040E-40	1.000	1273	1	581	612	42	609	618	618	0.949	0.919
LOKIASV2_1150_ESMFold_thiamine_pyrophosphate-binding_protein	AF-A0A7K1IK82-F1-model_v4	AF-A0A7K1IK82-F1-model_v4 Thiamine pyrophosphate-binding protein	1.511E-38	1.000	1271	1	594	612	34	601	604	611	0.971	0.940
LOKIASV2_1150_ESMFold_thiamine_pyrophosphate-binding_protein	AF-A0A1M5NGY2-F1-model_v4	AF-A0A1M5NGY2-F1-model_v4 Acetolactate synthase-1/2/3 large subunit	1.813E-37	1.000	1268	1	581	612	51	599	605	590	0.949	0.907
LOKIASV2_1150_ESMFold_thiamine_pyrophosphate-binding_protein	AF-A0A2T4ZAD4-F1-model_v4	AF-A0A2T4ZAD4-F1-model_v4 Acetolactate synthase-1/2/3 large subunit	3.656E-38	1.000	1266	6	595	612	1	573	577	614	0.964	0.993
LOKIASV2_1150_ESMFold_thiamine_pyrophosphate-binding_protein	AF-A0A7C3NR09-F1-model_v4	AF-A0A7C3NR09-F1-model_v4 Thiamine pyrophosphate-binding protein	1.232E-37	1.000	1264	10	579	612	1	527	532	584	0.931	0.991
LOKIASV2_1150_ESMFold_thiamine_pyrophosphate-binding_protein	AF-A0A7Z0TH08-F1-model_v4	AF-A0A7Z0TH08-F1-model_v4 Thiamine pyrophosphate-binding protein	3.577E-36	1.000	1263	10	484	612	26	478	480	479	0.776	0.944
LOKIASV2_1150_ESMFold_thiamine_pyrophosphate-binding_protein	AF-A0A347Q5K4-F1-model_v4	AF-A0A347Q5K4-F1-model_v4 Acetolactate synthase large subunit	3.150E-37	1.000	1262	5	601	612	1	554	556	610	0.975	0.996
LOKIASV2_1150_ESMFold_thiamine_pyrophosphate-binding_protein	AF-A0A497J5G8-F1-model_v4	AF-A0A497J5G8-F1-model_v4 Acetolactate synthase	3.016E-33	1.000	1261	10	355	612	1	331	332	347	0.565	0.997
LOKIASV2_1150_ESMFold_thiamine_pyrophosphate-binding_protein	AF-A0A2V8CMM1-F1-model_v4	AF-A0A2V8CMM1-F1-model_v4 Uncharacterized protein	5.152E-34	1.000	1259	213	592	612	2	375	375	384	0.621	0.997
LOKIASV2_1150_ESMFold_thiamine_pyrophosphate-binding_protein	AF-A0A7C7QHP0-F1-model_v4	AF-A0A7C7QHP0-F1-model_v4 Thiamine pyrophosphate-binding protein	1.376E-37	1.000	1256	8	601	612	3	605	647	634	0.971	0.932
LOKIASV2_1150_ESMFold_thiamine_pyrophosphate-binding_protein	AF-A0A515KH17-F1-model_v4	AF-A0A515KH17-F1-model_v4 Thiamine pyrophosphate-binding protein	1.430E-38	1.000	1255	1	579	612	74	621	632	596	0.946	0.867
LOKIASV2_1150_ESMFold_thiamine_pyrophosphate-binding_protein	AF-A0A7Z0M907-F1-model_v4	AF-A0A7Z0M907-F1-model_v4 Thiamine pyrophosphate-binding protein	6.940E-36	1.000	1251	1	582	612	17	574	580	596	0.951	0.962
LOKIASV2_1150_ESMFold_thiamine_pyrophosphate-binding_protein	AF-A0A378JBE9-F1-model_v4	AF-A0A378JBE9-F1-model_v4 Acetolactate synthase	2.390E-37	1.000	1250	11	587	612	3	557	562	596	0.943	0.988
LOKIASV2_1150_ESMFold_thiamine_pyrophosphate-binding_protein	AF-E1Z277-F1-model_v4	AF-E1Z277-F1-model_v4 Uncharacterized protein	1.844E-36	1.000	1248	27	575	612	2	524	527	570	0.897	0.992
LOKIASV2_1150_ESMFold_thiamine_pyrophosphate-binding_protein	AF-A0A2V3UFM9-F1-model_v4	AF-A0A2V3UFM9-F1-model_v4 Benzoylformate decarboxylase	7.495E-38	1.000	1245	10	580	612	2	533	533	592	0.933	0.998
LOKIASV2_1150_ESMFold_thiamine_pyrophosphate-binding_protein	AF-A0A1F3ZVX8-F1-model_v4	AF-A0A1F3ZVX8-F1-model_v4 Uncharacterized protein	1.624E-37	1.000	1244	10	576	612	6	571	571	604	0.926	0.991
LOKIASV2_1150_ESMFold_thiamine_pyrophosphate-binding_protein	AF-A0A4Q4WJM8-F1-model_v4	AF-A0A4Q4WJM8-F1-model_v4 Acetolactate synthase	2.625E-38	1.000	1241	1	609	612	73	656	660	646	0.995	0.885
LOKIASV2_1150_ESMFold_thiamine_pyrophosphate-binding_protein	AF-A0A5N9B1E9-F1-model_v4	AF-A0A5N9B1E9-F1-model_v4 Thiamine pyrophosphate-binding protein	1.844E-36	1.000	1237	1	579	612	1	537	545	588	0.946	0.985
LOKIASV2_1150_ESMFold_thiamine_pyrophosphate-binding_protein	AF-A0A2H5YUQ7-F1-model_v4	AF-A0A2H5YUQ7-F1-model_v4 Acetolactate synthase	2.213E-35	1.000	1232	10	579	612	2	529	532	575	0.931	0.992
LOKIASV2_1150_ESMFold_thiamine_pyrophosphate-binding_protein	AF-A0A522IV42-F1-model_v4	AF-A0A522IV42-F1-model_v4 Thiamine pyrophosphate-binding protein	1.813E-37	1.000	1232	10	592	612	1	548	563	595	0.953	0.973
LOKIASV2_1150_ESMFold_thiamine_pyrophosphate-binding_protein	AF-A0A1B6IR41-F1-model_v4	AF-A0A1B6IR41-F1-model_v4 Uncharacterized protein	1.844E-36	1.000	1232	1	574	612	61	612	629	585	0.938	0.878
LOKIASV2_1150_ESMFold_thiamine_pyrophosphate-binding_protein	AF-A0A5Q6RJR6-F1-model_v4	AF-A0A5Q6RJR6-F1-model_v4 Thiamine pyrophosphate-binding protein	8.054E-37	1.000	1225	10	581	612	2	538	538	594	0.935	0.998
LOKIASV2_1150_ESMFold_thiamine_pyrophosphate-binding_protein	AF-A0A1A2G1Q9-F1-model_v4	AF-A0A1A2G1Q9-F1-model_v4 Uncharacterized protein	5.783E-37	1.000	1218	10	573	612	2	529	533	586	0.922	0.991
LOKIASV2_1150_ESMFold_thiamine_pyrophosphate-binding_protein	AF-A0A2K5USE6-F1-model_v4	AF-A0A2K5USE6-F1-model_v4 2-hydroxyacyl-CoA lyase 2	7.092E-38	1.000	1212	8	573	612	78	649	660	620	0.925	0.867
LOKIASV2_1150_ESMFold_thiamine_pyrophosphate-binding_protein	AF-A0A0Q7WGI0-F1-model_v4	AF-A0A0Q7WGI0-F1-model_v4 Thiamine pyrophosphate-binding protein	9.505E-37	1.000	1211	21	578	612	3	550	574	578	0.912	0.955
LOKIASV2_1150_ESMFold_thiamine_pyrophosphate-binding_protein	AF-A0A259LJT5-F1-model_v4	AF-A0A259LJT5-F1-model_v4 Acetolactate synthase	1.679E-35	1.000	1209	65	536	612	1	450	451	484	0.771	0.998
LOKIASV2_1150_ESMFold_thiamine_pyrophosphate-binding_protein	AF-F4MZ34-F1-model_v4	AF-F4MZ34-F1-model_v4 Acetolactate synthase isozyme 1 large subunit	2.902E-32	1.000	1208	8	377	612	1	348	354	371	0.605	0.983
LOKIASV2_1150_ESMFold_thiamine_pyrophosphate-binding_protein	AF-A0A6L4LGI7-F1-model_v4	AF-A0A6L4LGI7-F1-model_v4 Pyruvate oxidase	6.111E-37	1.000	1208	77	604	612	3	490	508	537	0.863	0.961
LOKIASV2_1150_ESMFold_thiamine_pyrophosphate-binding_protein	AF-A0A2D6V5P4-F1-model_v4	AF-A0A2D6V5P4-F1-model_v4 Thiamine pyrophosphate-binding protein	1.005E-36	1.000	1204	3	576	612	19	587	591	606	0.938	0.963
LOKIASV2_1150_ESMFold_thiamine_pyrophosphate-binding_protein	AF-A0A849C4Y5-F1-model_v4	AF-A0A849C4Y5-F1-model_v4 Uncharacterized protein	6.214E-36	1.000	1199	8	581	612	1	535	543	589	0.938	0.985
LOKIASV2_1150_ESMFold_thiamine_pyrophosphate-binding_protein	AF-A0A7J9WNH6-F1-model_v4	AF-A0A7J9WNH6-F1-model_v4 Thiamine pyrophosphate-binding protein	2.714E-36	1.000	1194	10	593	612	1	558	561	604	0.954	0.995
LOKIASV2_1150_ESMFold_thiamine_pyrophosphate-binding_protein	AF-A0A0D1Y588-F1-model_v4	AF-A0A0D1Y588-F1-model_v4 Pyruvate decarboxylase	3.203E-36	1.000	1188	10	573	612	4	576	585	597	0.922	0.979
LOKIASV2_1150_ESMFold_thiamine_pyrophosphate-binding_protein	AF-A0A1H6FPC4-F1-model_v4	AF-A0A1H6FPC4-F1-model_v4 Benzoylformate decarboxylase	7.212E-37	1.000	1187	10	573	612	2	535	541	590	0.922	0.987
LOKIASV2_1150_ESMFold_thiamine_pyrophosphate-binding_protein	AF-A0A523X7T8-F1-model_v4	AF-A0A523X7T8-F1-model_v4 Thiamine pyrophosphate-binding protein	3.134E-34	1.000	1181	8	477	612	1	457	458	486	0.768	0.998
LOKIASV2_1150_ESMFold_thiamine_pyrophosphate-binding_protein	AF-A0A3D2D2V7-F1-model_v4	AF-A0A3D2D2V7-F1-model_v4 Uncharacterized protein	1.447E-34	1.000	1179	11	508	612	6	478	485	513	0.814	0.975
LOKIASV2_1150_ESMFold_thiamine_pyrophosphate-binding_protein	AF-A0A7W7HFT1-F1-model_v4	AF-A0A7W7HFT1-F1-model_v4 Benzoylformate decarboxylase	3.699E-34	1.000	1177	10	574	612	2	516	522	576	0.923	0.987
LOKIASV2_1150_ESMFold_thiamine_pyrophosphate-binding_protein	AF-A0A6A7MHW2-F1-model_v4	AF-A0A6A7MHW2-F1-model_v4 Thiamine pyrophosphate-requiring protein	4.152E-37	1.000	1177	11	581	612	19	588	594	604	0.933	0.960
LOKIASV2_1150_ESMFold_thiamine_pyrophosphate-binding_protein	AF-A0A1Q7BX39-F1-model_v4	AF-A0A1Q7BX39-F1-model_v4 Uncharacterized protein	1.079E-35	1.000	1176	6	573	612	1	563	564	602	0.928	0.998
LOKIASV2_1150_ESMFold_thiamine_pyrophosphate-binding_protein	AF-A0A024T979-F1-model_v4	AF-A0A024T979-F1-model_v4 Acetolactate synthase	6.940E-36	1.000	1176	77	576	612	95	581	610	531	0.817	0.798
LOKIASV2_1150_ESMFold_thiamine_pyrophosphate-binding_protein	AF-A0A4U8W6X9-F1-model_v4	AF-A0A4U8W6X9-F1-model_v4 Pyruvate dehydrogenase [ubiquinone]	3.909E-34	1.000	1172	8	471	612	1	444	495	477	0.758	0.897
LOKIASV2_1150_ESMFold_thiamine_pyrophosphate-binding_protein	AF-A0A1Q3W1W7-F1-model_v4	AF-A0A1Q3W1W7-F1-model_v4 Uncharacterized protein	6.214E-36	1.000	1172	3	573	612	1	564	567	605	0.933	0.995
LOKIASV2_1150_ESMFold_thiamine_pyrophosphate-binding_protein	AF-A0A561T4X5-F1-model_v4	AF-A0A561T4X5-F1-model_v4 Acetolactate synthase-1/2/3 large subunit	2.471E-35	1.000	1168	11	574	612	17	581	582	592	0.922	0.971
LOKIASV2_1150_ESMFold_thiamine_pyrophosphate-binding_protein	AF-A0A520ZLV2-F1-model_v4	AF-A0A520ZLV2-F1-model_v4 Thiamine pyrophosphate-binding protein	6.534E-33	1.000	1167	174	581	612	7	401	405	417	0.667	0.975
LOKIASV2_1150_ESMFold_thiamine_pyrophosphate-binding_protein	AF-A0A2E9NAQ3-F1-model_v4	AF-A0A2E9NAQ3-F1-model_v4 Uncharacterized protein	3.500E-34	1.000	1156	10	585	612	1	537	548	593	0.941	0.980
LOKIASV2_1150_ESMFold_thiamine_pyrophosphate-binding_protein	AF-A0A522IYL5-F1-model_v4	AF-A0A522IYL5-F1-model_v4 Thiamine pyrophosphate-requiring protein	1.274E-35	1.000	1156	24	581	612	2	556	556	593	0.912	0.998
LOKIASV2_1150_ESMFold_thiamine_pyrophosphate-binding_protein	AF-A0A0T6LV03-F1-model_v4	AF-A0A0T6LV03-F1-model_v4 Uncharacterized protein	1.021E-35	1.000	1153	8	571	612	1	544	548	595	0.922	0.993
LOKIASV2_1150_ESMFold_thiamine_pyrophosphate-binding_protein	AF-A0A3T1DKH4-F1-model_v4	AF-A0A3T1DKH4-F1-model_v4 Thiamine pyrophosphate protein	1.736E-33	1.000	1152	65	586	612	2	491	498	523	0.853	0.984
LOKIASV2_1150_ESMFold_thiamine_pyrophosphate-binding_protein	AF-A0A2E3K9N2-F1-model_v4	AF-A0A2E3K9N2-F1-model_v4 Uncharacterized protein	2.213E-35	1.000	1150	8	584	612	3	577	578	612	0.943	0.995
LOKIASV2_1150_ESMFold_thiamine_pyrophosphate-binding_protein	AF-A0A1I6JRX8-F1-model_v4	AF-A0A1I6JRX8-F1-model_v4 Acetolactate synthase-1/2/3 large subunit	9.146E-36	1.000	1149	8	578	612	1	547	579	595	0.933	0.945
LOKIASV2_1150_ESMFold_thiamine_pyrophosphate-binding_protein	AF-A0A1M6W001-F1-model_v4	AF-A0A1M6W001-F1-model_v4 Acetolactate synthase-1/2/3 large subunit	4.293E-35	1.000	1147	8	567	612	2	516	517	580	0.915	0.996
LOKIASV2_1150_ESMFold_thiamine_pyrophosphate-binding_protein	AF-A0A7W7A9E0-F1-model_v4	AF-A0A7W7A9E0-F1-model_v4 Acetolactate synthase-1/2/3 large subunit	1.039E-34	1.000	1146	11	573	612	3	566	567	594	0.920	0.995
LOKIASV2_1150_ESMFold_thiamine_pyrophosphate-binding_protein	AF-A0A1X8WHU2-F1-model_v4	AF-A0A1X8WHU2-F1-model_v4 Acetolactate synthase	1.496E-32	1.000	1144	9	377	612	7	354	403	374	0.603	0.864
LOKIASV2_1150_ESMFold_thiamine_pyrophosphate-binding_protein	AF-A0A7W0S528-F1-model_v4	AF-A0A7W0S528-F1-model_v4 Thiamine pyrophosphate-binding protein	6.644E-32	1.000	1143	8	452	612	2	418	418	456	0.727	0.998
LOKIASV2_1150_ESMFold_thiamine_pyrophosphate-binding_protein	AF-A0A7Y1TT32-F1-model_v4	AF-A0A7Y1TT32-F1-model_v4 Ubiquinone-dependent pyruvate dehydrogenase	3.500E-34	1.000	1141	79	611	612	3	508	513	546	0.871	0.986
LOKIASV2_1150_ESMFold_thiamine_pyrophosphate-binding_protein	AF-A0A2V6NQE2-F1-model_v4	AF-A0A2V6NQE2-F1-model_v4 3D-(3,5/4)-trihydroxycyclohexane-1,2-dione acylhydrolase (Decyclizing)	7.583E-34	1.000	1139	102	609	612	3	507	511	532	0.830	0.988
LOKIASV2_1150_ESMFold_thiamine_pyrophosphate-binding_protein	AF-A0A6P0QP57-F1-model_v4	AF-A0A6P0QP57-F1-model_v4 Acetolactate synthase	1.727E-30	1.000	1137	1	356	612	25	373	375	363	0.582	0.931
LOKIASV2_1150_ESMFold_thiamine_pyrophosphate-binding_protein	AF-A0A382G8A8-F1-model_v4	AF-A0A382G8A8-F1-model_v4 Uncharacterized protein	3.975E-33	1.000	1133	94	608	612	1	503	504	529	0.842	0.998
LOKIASV2_1150_ESMFold_thiamine_pyrophosphate-binding_protein	AF-A0A1V4UYV8-F1-model_v4	AF-A0A1V4UYV8-F1-model_v4 Uncharacterized protein	1.774E-35	1.000	1132	11	584	612	11	538	550	590	0.938	0.960
LOKIASV2_1150_ESMFold_thiamine_pyrophosphate-binding_protein	AF-M1UUU6-F1-model_v4	AF-M1UUU6-F1-model_v4 Similar to acetohydroxy acid synthase, large subunit	1.166E-37	1.000	1131	1	595	612	1	629	1103	676	0.972	0.570
LOKIASV2_1150_ESMFold_thiamine_pyrophosphate-binding_protein	AF-A0A7V9V1U4-F1-model_v4	AF-A0A7V9V1U4-F1-model_v4 Thiamine pyrophosphate-binding protein	2.366E-31	1.000	1128	10	479	612	2	444	445	470	0.768	0.996
LOKIASV2_1150_ESMFold_thiamine_pyrophosphate-binding_protein	AF-A0A1L7SYA7-F1-model_v4	AF-A0A1L7SYA7-F1-model_v4 Pyruvate decarboxylase	2.094E-35	1.000	1127	1	576	612	69	664	664	628	0.941	0.898
LOKIASV2_1150_ESMFold_thiamine_pyrophosphate-binding_protein	AF-A0A7C5HZJ3-F1-model_v4	AF-A0A7C5HZJ3-F1-model_v4 Thiamine pyrophosphate-binding protein	2.555E-33	1.000	1123	102	579	612	3	466	470	495	0.781	0.987
LOKIASV2_1150_ESMFold_thiamine_pyrophosphate-binding_protein	AF-A0A5G2RCA6-F1-model_v4	AF-A0A5G2RCA6-F1-model_v4 2-hydroxyacyl-CoA lyase 2	1.774E-35	1.000	1121	8	574	612	50	623	679	618	0.926	0.845
LOKIASV2_1150_ESMFold_thiamine_pyrophosphate-binding_protein	AF-A0A519WBT4-F1-model_v4	AF-A0A519WBT4-F1-model_v4 Ubiquinone-dependent pyruvate dehydrogenase	3.368E-33	1.000	1120	58	571	612	2	476	478	523	0.840	0.994
LOKIASV2_1150_ESMFold_thiamine_pyrophosphate-binding_protein	AF-A0A7C7S550-F1-model_v4	AF-A0A7C7S550-F1-model_v4 Thiamine pyrophosphate-binding protein	2.202E-32	1.000	1119	83	579	612	2	469	482	500	0.812	0.971
LOKIASV2_1150_ESMFold_thiamine_pyrophosphate-binding_protein	AF-A0A7T9BMH8-F1-model_v4	AF-A0A7T9BMH8-F1-model_v4 Thiamine pyrophosphate-requiring protein	1.447E-34	1.000	1115	11	576	612	292	861	861	608	0.925	0.662
LOKIASV2_1150_ESMFold_thiamine_pyrophosphate-binding_protein	AF-A0A0F8ETM2-F1-model_v4	AF-A0A0F8ETM2-F1-model_v4 Acetolactate synthase	2.854E-33	1.000	1114	81	576	612	2	475	499	511	0.810	0.950
LOKIASV2_1150_ESMFold_thiamine_pyrophosphate-binding_protein	AF-A0A6I4MPQ0-F1-model_v4	AF-A0A6I4MPQ0-F1-model_v4 Uncharacterized protein	1.835E-33	1.000	1112	25	575	612	1	511	534	563	0.900	0.957
LOKIASV2_1150_ESMFold_thiamine_pyrophosphate-binding_protein	AF-A0A2V7A1J4-F1-model_v4	AF-A0A2V7A1J4-F1-model_v4 Thiamine pyrophosphate-binding protein	1.226E-34	1.000	1112	1	573	612	1	594	597	633	0.936	0.995
LOKIASV2_1150_ESMFold_thiamine_pyrophosphate-binding_protein	AF-A0A5M3X1N0-F1-model_v4	AF-A0A5M3X1N0-F1-model_v4 Uncharacterized protein	3.203E-36	1.000	1110	10	588	612	1	666	669	713	0.946	0.996
LOKIASV2_1150_ESMFold_thiamine_pyrophosphate-binding_protein	AF-A0A535BCD2-F1-model_v4	AF-A0A535BCD2-F1-model_v4 Thiamine pyrophosphate-binding protein	3.483E-31	1.000	1108	140	585	612	1	428	435	450	0.729	0.984
LOKIASV2_1150_ESMFold_thiamine_pyrophosphate-binding_protein	AF-A0A843H782-F1-model_v4	AF-A0A843H782-F1-model_v4 Acetolactate synthase large subunit	5.630E-32	1.000	1106	152	576	612	2	401	422	430	0.694	0.948
LOKIASV2_1150_ESMFold_thiamine_pyrophosphate-binding_protein	AF-A0A084RL12-F1-model_v4	AF-A0A084RL12-F1-model_v4 Pyruvate decarboxylase	6.080E-34	1.000	1103	10	595	612	2	551	551	609	0.958	0.998
LOKIASV2_1150_ESMFold_thiamine_pyrophosphate-binding_protein	AF-F8KXU2-F1-model_v4	AF-F8KXU2-F1-model_v4 Indole-3-pyruvate decarboxylase	4.613E-34	1.000	1100	8	585	612	1	541	548	602	0.944	0.987
LOKIASV2_1150_ESMFold_thiamine_pyrophosphate-binding_protein	AF-A0A1E4TKP5-F1-model_v4	AF-A0A1E4TKP5-F1-model_v4 Uncharacterized protein	3.909E-34	1.000	1100	1	576	612	2	577	577	610	0.941	0.998
LOKIASV2_1150_ESMFold_thiamine_pyrophosphate-binding_protein	AF-A0A507AQZ4-F1-model_v4	AF-A0A507AQZ4-F1-model_v4 Pyruvate decarboxylase	1.707E-34	1.000	1095	1	573	612	325	891	891	623	0.936	0.636
LOKIASV2_1150_ESMFold_thiamine_pyrophosphate-binding_protein	AF-A0A7V8WKJ9-F1-model_v4	AF-A0A7V8WKJ9-F1-model_v4 Thiamine pyrophosphate-binding protein	2.555E-33	1.000	1092	10	474	612	2	479	480	511	0.760	0.996
LOKIASV2_1150_ESMFold_thiamine_pyrophosphate-binding_protein	AF-A0A7W1LNF0-F1-model_v4	AF-A0A7W1LNF0-F1-model_v4 Rhodanese domain-containing protein	2.746E-32	1.000	1091	1	539	612	56	572	575	559	0.881	0.899
LOKIASV2_1150_ESMFold_thiamine_pyrophosphate-binding_protein	AF-A0A2E8YR37-F1-model_v4	AF-A0A2E8YR37-F1-model_v4 Uncharacterized protein	2.586E-29	1.000	1088	10	350	612	1	328	329	346	0.557	0.997
LOKIASV2_1150_ESMFold_thiamine_pyrophosphate-binding_protein	AF-A0A5Q0TQ70-F1-model_v4	AF-A0A5Q0TQ70-F1-model_v4 2-oxoacid oxidoreductase (ferredoxin)	5.630E-32	1.000	1085	10	571	612	1	498	502	571	0.918	0.992
LOKIASV2_1150_ESMFold_thiamine_pyrophosphate-binding_protein	AF-A0A7Y6X724-F1-model_v4	AF-A0A7Y6X724-F1-model_v4 Alpha-keto acid decarboxylase family protein	5.152E-34	1.000	1082	3	592	612	1	581	583	631	0.964	0.997
LOKIASV2_1150_ESMFold_thiamine_pyrophosphate-binding_protein	AF-A0A357JGG1-F1-model_v4	AF-A0A357JGG1-F1-model_v4 Acetolactate synthase large subunit	8.713E-29	1.000	1079	8	348	612	1	328	329	346	0.557	0.997
LOKIASV2_1150_ESMFold_thiamine_pyrophosphate-binding_protein	AF-A0A7X8UFR0-F1-model_v4	AF-A0A7X8UFR0-F1-model_v4 Thiamine pyrophosphate-requiring protein	5.536E-33	1.000	1078	3	572	612	7	571	572	603	0.931	0.988
LOKIASV2_1150_ESMFold_thiamine_pyrophosphate-binding_protein	AF-A0A6J1CR30-F1-model_v4	AF-A0A6J1CR30-F1-model_v4 Pyruvate decarboxylase	4.131E-34	1.000	1076	11	595	612	7	569	569	627	0.956	0.989
LOKIASV2_1150_ESMFold_thiamine_pyrophosphate-binding_protein	AF-A0A5F4VZ04-F1-model_v4	AF-A0A5F4VZ04-F1-model_v4 Uncharacterized protein	7.176E-34	1.000	1076	60	604	612	11	527	575	567	0.891	0.899
LOKIASV2_1150_ESMFold_thiamine_pyrophosphate-binding_protein	AF-A0A2N3S4I6-F1-model_v4	AF-A0A2N3S4I6-F1-model_v4 Benzoylformate decarboxylase/acetolactate synthase-1/2/3 large subunit	2.656E-34	1.000	1076	5	575	612	1	583	585	620	0.933	0.997
LOKIASV2_1150_ESMFold_thiamine_pyrophosphate-binding_protein	AF-A0A7W9JJP2-F1-model_v4	AF-A0A7W9JJP2-F1-model_v4 Acetolactate synthase-1/2/3 large subunit	2.555E-33	1.000	1074	1	583	612	13	542	549	596	0.953	0.965
LOKIASV2_1150_ESMFold_thiamine_pyrophosphate-binding_protein	AF-A0A259DJK7-F1-model_v4	AF-A0A259DJK7-F1-model_v4 Uncharacterized protein	1.897E-31	1.000	1072	65	573	612	2	471	471	515	0.832	0.998
LOKIASV2_1150_ESMFold_thiamine_pyrophosphate-binding_protein	AF-A0A550HUM6-F1-model_v4	AF-A0A550HUM6-F1-model_v4 Acetolactate synthase large subunit	1.129E-29	1.000	1069	209	578	612	2	346	363	373	0.605	0.950
LOKIASV2_1150_ESMFold_thiamine_pyrophosphate-binding_protein	AF-A0A484N4S8-F1-model_v4	AF-A0A484N4S8-F1-model_v4 Uncharacterized protein	1.608E-31	1.000	1069	1	487	612	1	477	524	508	0.796	0.910
LOKIASV2_1150_ESMFold_thiamine_pyrophosphate-binding_protein	AF-A0A849FNT8-F1-model_v4	AF-A0A849FNT8-F1-model_v4 Acetolactate synthase isozyme1 large subunit	1.929E-30	1.000	1068	10	483	612	2	444	445	476	0.775	0.996
LOKIASV2_1150_ESMFold_thiamine_pyrophosphate-binding_protein	AF-A0A5J5WIY8-F1-model_v4	AF-A0A5J5WIY8-F1-model_v4 Uncharacterized protein	1.302E-37	1.000	1068	1	576	612	20	517	542	581	0.941	0.919
LOKIASV2_1150_ESMFold_thiamine_pyrophosphate-binding_protein	AF-A0A3D3ZCJ3-F1-model_v4	AF-A0A3D3ZCJ3-F1-model_v4 Uncharacterized protein	5.851E-33	1.000	1067	40	575	612	2	520	560	550	0.876	0.927
LOKIASV2_1150_ESMFold_thiamine_pyrophosphate-binding_protein	AF-A0A543P625-F1-model_v4	AF-A0A543P625-F1-model_v4 Thiamine pyrophosphate-dependent acetolactate synthase large subunit-like protein	8.469E-34	1.000	1067	3	593	612	1	557	867	604	0.966	0.642
LOKIASV2_1150_ESMFold_thiamine_pyrophosphate-binding_protein	AF-A0A7V4PPM6-F1-model_v4	AF-A0A7V4PPM6-F1-model_v4 Thiamine pyrophosphate-binding protein	1.116E-33	1.000	1066	1	552	612	1	560	562	591	0.902	0.996
LOKIASV2_1150_ESMFold_thiamine_pyrophosphate-binding_protein	AF-A0A3M8GQA9-F1-model_v4	AF-A0A3M8GQA9-F1-model_v4 Thiamine pyrophosphate-requiring protein	1.074E-32	1.000	1066	8	572	612	5	567	568	602	0.923	0.991
LOKIASV2_1150_ESMFold_thiamine_pyrophosphate-binding_protein	AF-A0A135VEM3-F1-model_v4	AF-A0A135VEM3-F1-model_v4 Uncharacterized protein	8.426E-31	1.000	1063	173	593	612	4	414	416	439	0.688	0.988
LOKIASV2_1150_ESMFold_thiamine_pyrophosphate-binding_protein	AF-A0A537AHC0-F1-model_v4	AF-A0A537AHC0-F1-model_v4 Thiamine pyrophosphate-binding protein	7.802E-29	1.000	1061	213	581	612	2	353	357	374	0.603	0.986
LOKIASV2_1150_ESMFold_thiamine_pyrophosphate-binding_protein	AF-A0A7C9GH86-F1-model_v4	AF-A0A7C9GH86-F1-model_v4 Thiamine pyrophosphate-binding protein	1.765E-32	1.000	1059	11	595	612	3	595	596	630	0.956	0.995
LOKIASV2_1150_ESMFold_thiamine_pyrophosphate-binding_protein	AF-A0A017SIX7-F1-model_v4	AF-A0A017SIX7-F1-model_v4 Pyruvate decarboxylase	5.754E-34	1.000	1059	1	572	612	92	685	695	624	0.935	0.855
LOKIASV2_1150_ESMFold_thiamine_pyrophosphate-binding_protein	AF-A0A7Y2NP43-F1-model_v4	AF-A0A7Y2NP43-F1-model_v4 Thiamine pyrophosphate-binding protein	1.464E-30	1.000	1058	145	576	612	2	415	434	437	0.706	0.954
LOKIASV2_1150_ESMFold_thiamine_pyrophosphate-binding_protein	AF-A0A432HL84-F1-model_v4	AF-A0A432HL84-F1-model_v4 3D-(3,5/4)-trihydroxycyclohexane-1,2-dione acylhydrolase (Decyclizing)	4.110E-31	1.000	1054	135	610	612	2	475	478	500	0.778	0.992
LOKIASV2_1150_ESMFold_thiamine_pyrophosphate-binding_protein	AF-A0A3S3PR54-F1-model_v4	AF-A0A3S3PR54-F1-model_v4 Thiamine pyrophosphate-binding protein	1.643E-33	1.000	1052	1	590	612	35	566	566	600	0.964	0.940
LOKIASV2_1150_ESMFold_thiamine_pyrophosphate-binding_protein	AF-A0A1I1YT82-F1-model_v4	AF-A0A1I1YT82-F1-model_v4 Acetolactate synthase large subunit	2.288E-33	1.000	1052	4	576	612	268	836	836	601	0.936	0.681
LOKIASV2_1150_ESMFold_thiamine_pyrophosphate-binding_protein	AF-Q4SEI3-F1-model_v4	AF-Q4SEI3-F1-model_v4 2-hydroxyacyl-CoA lyase 2	1.369E-34	1.000	1049	4	532	612	33	574	662	583	0.864	0.819
LOKIASV2_1150_ESMFold_thiamine_pyrophosphate-binding_protein	AF-A0A3D0CVG2-F1-model_v4	AF-A0A3D0CVG2-F1-model_v4 Acetolactate synthase	6.986E-29	1.000	1042	8	384	612	2	357	365	388	0.616	0.975
LOKIASV2_1150_ESMFold_thiamine_pyrophosphate-binding_protein	AF-A0A5C5FYP7-F1-model_v4	AF-A0A5C5FYP7-F1-model_v4 Thiamine diphosphate-binding protein	2.459E-32	1.000	1039	1	574	612	1	600	601	630	0.938	0.998
LOKIASV2_1150_ESMFold_thiamine_pyrophosphate-binding_protein	AF-A0A2T2WR28-F1-model_v4	AF-A0A2T2WR28-F1-model_v4 Uncharacterized protein	4.770E-32	1.000	1037	1	573	612	1	542	543	590	0.936	0.998
LOKIASV2_1150_ESMFold_thiamine_pyrophosphate-binding_protein	AF-A0A1I3KGG7-F1-model_v4	AF-A0A1I3KGG7-F1-model_v4 Alpha-keto-acid decarboxylase	3.559E-33	1.000	1036	1	586	612	1	546	551	614	0.958	0.991
LOKIASV2_1150_ESMFold_thiamine_pyrophosphate-binding_protein	AF-A0A1V6E502-F1-model_v4	AF-A0A1V6E502-F1-model_v4 Acetolactate synthase isozyme 1 large subunit	1.051E-30	1.000	1035	174	595	612	1	400	402	436	0.690	0.995
LOKIASV2_1150_ESMFold_thiamine_pyrophosphate-binding_protein	AF-A0A4R7AT08-F1-model_v4	AF-A0A4R7AT08-F1-model_v4 Thiamine pyrophosphate-dependent enzyme	1.333E-29	1.000	1034	190	595	612	14	398	399	409	0.663	0.965
LOKIASV2_1150_ESMFold_thiamine_pyrophosphate-binding_protein	AF-A0A7C8MWK9-F1-model_v4	AF-A0A7C8MWK9-F1-model_v4 Pyruvate decarboxylase	5.239E-33	1.000	1032	1	572	612	104	708	708	636	0.935	0.855
LOKIASV2_1150_ESMFold_thiamine_pyrophosphate-binding_protein	AF-A0A1W1HQ48-F1-model_v4	AF-A0A1W1HQ48-F1-model_v4 Putative Pyruvate decarboxylase	1.835E-33	1.000	1031	1	590	612	56	611	611	616	0.964	0.910
LOKIASV2_1150_ESMFold_thiamine_pyrophosphate-binding_protein	AF-A0A7H8QP55-F1-model_v4	AF-A0A7H8QP55-F1-model_v4 Pyruvate decarboxylase	3.241E-32	1.000	1029	8	575	612	2	543	559	605	0.928	0.970
LOKIASV2_1150_ESMFold_thiamine_pyrophosphate-binding_protein	AF-A0A1Y1WZ68-F1-model_v4	AF-A0A1Y1WZ68-F1-model_v4 Thiamin diphosphate-binding protein	2.555E-33	1.000	1027	10	579	612	43	670	679	676	0.931	0.925
LOKIASV2_1150_ESMFold_thiamine_pyrophosphate-binding_protein	AF-A0A084U3X5-F1-model_v4	AF-A0A084U3X5-F1-model_v4 Pyruvate decarboxylase-related protein	4.957E-33	1.000	1022	11	598	612	3	540	541	623	0.961	0.994
LOKIASV2_1150_ESMFold_thiamine_pyrophosphate-binding_protein	AF-A0A661YRZ8-F1-model_v4	AF-A0A661YRZ8-F1-model_v4 Thiamine pyrophosphate-binding protein	2.191E-29	1.000	1019	171	574	612	17	394	397	408	0.660	0.952
LOKIASV2_1150_ESMFold_thiamine_pyrophosphate-binding_protein	AF-A0A1Y2WHR4-F1-model_v4	AF-A0A1Y2WHR4-F1-model_v4 Uncharacterized protein	5.239E-33	1.000	1018	2	572	612	65	669	670	637	0.933	0.903
LOKIASV2_1150_ESMFold_thiamine_pyrophosphate-binding_protein	AF-A0A4T0WXU8-F1-model_v4	AF-A0A4T0WXU8-F1-model_v4 Uncharacterized protein	3.425E-32	1.000	1015	6	587	612	1	569	573	631	0.951	0.993
LOKIASV2_1150_ESMFold_thiamine_pyrophosphate-binding_protein	AF-A0A023GJR8-F1-model_v4	AF-A0A023GJR8-F1-model_v4 Putative thiamine pyrophosphate-requiring enzyme	1.786E-28	1.000	1010	5	437	612	1	411	412	439	0.708	0.998
LOKIASV2_1150_ESMFold_thiamine_pyrophosphate-binding_protein	AF-A0A2S9AMU0-F1-model_v4	AF-A0A2S9AMU0-F1-model_v4 Uncharacterized protein	4.179E-30	1.000	1010	94	586	612	2	450	452	499	0.806	0.993
LOKIASV2_1150_ESMFold_thiamine_pyrophosphate-binding_protein	AF-A0A2R6C2K5-F1-model_v4	AF-A0A2R6C2K5-F1-model_v4 Uncharacterized protein	2.936E-28	1.000	1008	202	602	612	1	373	379	407	0.655	0.984
LOKIASV2_1150_ESMFold_thiamine_pyrophosphate-binding_protein	AF-A0A428S062-F1-model_v4	AF-A0A428S062-F1-model_v4 Pyruvate decarboxylase	2.202E-32	1.000	1007	3	612	612	2	589	589	652	0.997	0.998
LOKIASV2_1150_ESMFold_thiamine_pyrophosphate-binding_protein	AF-A0A2Z6QKI3-F1-model_v4	AF-A0A2Z6QKI3-F1-model_v4 Uncharacterized protein	1.199E-32	1.000	1006	10	579	612	1	545	554	608	0.931	0.984
LOKIASV2_1150_ESMFold_thiamine_pyrophosphate-binding_protein	AF-A0A2V7FAG5-F1-model_v4	AF-A0A2V7FAG5-F1-model_v4 Pyruvate oxidase	1.051E-30	1.000	1005	113	598	612	4	453	481	496	0.794	0.936
LOKIASV2_1150_ESMFold_thiamine_pyrophosphate-binding_protein	AF-A0A2S3V3I3-F1-model_v4	AF-A0A2S3V3I3-F1-model_v4 Thiamine pyrophosphate-dependent acetolactate synthase large subunit-like protein	9.779E-32	1.000	1003	1	593	612	12	596	596	632	0.969	0.982
LOKIASV2_1150_ESMFold_thiamine_pyrophosphate-binding_protein	AF-A0A0A0LYA6-F1-model_v4	AF-A0A0A0LYA6-F1-model_v4 Pyruvate decarboxylase	1.671E-32	1.000	996	12	592	612	41	597	600	614	0.949	0.928
LOKIASV2_1150_ESMFold_thiamine_pyrophosphate-binding_protein	AF-A0A292S4I8-F1-model_v4	AF-A0A292S4I8-F1-model_v4 Uncharacterized protein	2.119E-31	1.000	995	10	595	612	1	547	574	619	0.958	0.953
LOKIASV2_1150_ESMFold_thiamine_pyrophosphate-binding_protein	AF-A0A6J5ZXF5-F1-model_v4	AF-A0A6J5ZXF5-F1-model_v4 Unannotated protein	1.972E-32	1.000	995	1	590	612	84	626	626	613	0.964	0.867
LOKIASV2_1150_ESMFold_thiamine_pyrophosphate-binding_protein	AF-A0A3Q2ID91-F1-model_v4	AF-A0A3Q2ID91-F1-model_v4 2-hydroxyacyl-CoA lyase 2	1.897E-31	1.000	993	56	573	612	95	620	631	567	0.846	0.834
LOKIASV2_1150_ESMFold_thiamine_pyrophosphate-binding_protein	AF-Q5BMB4-F1-model_v4	AF-Q5BMB4-F1-model_v4 Acetolactate synthase	5.301E-29	1.000	992	165	610	612	8	443	446	459	0.729	0.978
LOKIASV2_1150_ESMFold_thiamine_pyrophosphate-binding_protein	AF-A0A0R2T167-F1-model_v4	AF-A0A0R2T167-F1-model_v4 3D-(3,5/4)-trihydroxycyclohexane-1,2-dione acylhydrolase (Decyclizing)	1.432E-28	1.000	987	185	607	612	1	420	426	440	0.691	0.986
LOKIASV2_1150_ESMFold_thiamine_pyrophosphate-binding_protein	AF-A0A7S2T720-F1-model_v4	AF-A0A7S2T720-F1-model_v4 Hypothetical protein	1.699E-31	1.000	987	87	604	612	2	508	509	561	0.846	0.996
LOKIASV2_1150_ESMFold_thiamine_pyrophosphate-binding_protein	AF-A0A1M5R204-F1-model_v4	AF-A0A1M5R204-F1-model_v4 Indolepyruvate decarboxylase	8.905E-31	1.000	987	11	597	612	5	552	554	612	0.959	0.989
LOKIASV2_1150_ESMFold_thiamine_pyrophosphate-binding_protein	AF-A0A364V8Z4-F1-model_v4	AF-A0A364V8Z4-F1-model_v4 Acetyltransferase	2.599E-32	1.000	986	1	579	612	43	611	615	617	0.946	0.925
LOKIASV2_1150_ESMFold_thiamine_pyrophosphate-binding_protein	AF-A0A7W1ZAY9-F1-model_v4	AF-A0A7W1ZAY9-F1-model_v4 Acetolactate synthase	5.919E-29	1.000	985	116	581	612	2	428	432	469	0.761	0.988
LOKIASV2_1150_ESMFold_thiamine_pyrophosphate-binding_protein	AF-A0A520W4S5-F1-model_v4	AF-A0A520W4S5-F1-model_v4 Acetolactate synthase large subunit	2.500E-31	1.000	985	10	572	612	1	515	515	588	0.920	1.000
LOKIASV2_1150_ESMFold_thiamine_pyrophosphate-binding_protein	AF-A0A353WHI1-F1-model_v4	AF-A0A353WHI1-F1-model_v4 Preprotein translocase subunit Tim44	3.241E-32	1.000	985	8	586	612	2	538	546	613	0.946	0.984
LOKIASV2_1150_ESMFold_thiamine_pyrophosphate-binding_protein	AF-A0A016SWN5-F1-model_v4	AF-A0A016SWN5-F1-model_v4 2-hydroxyacyl-CoA lyase 2	3.483E-31	1.000	985	3	520	612	50	576	593	563	0.846	0.889
LOKIASV2_1150_ESMFold_thiamine_pyrophosphate-binding_protein	AF-A0A0F8YV53-F1-model_v4	AF-A0A0F8YV53-F1-model_v4 Uncharacterized protein	3.662E-28	1.000	983	194	567	612	6	396	396	411	0.611	0.987
LOKIASV2_1150_ESMFold_thiamine_pyrophosphate-binding_protein	AF-A0A429MKP9-F1-model_v4	AF-A0A429MKP9-F1-model_v4 Thiamine pyrophosphate-binding protein	1.326E-26	1.000	982	6	376	612	1	347	347	376	0.606	1.000
LOKIASV2_1150_ESMFold_thiamine_pyrophosphate-binding_protein	AF-A0A812IIR9-F1-model_v4	AF-A0A812IIR9-F1-model_v4 PdcA protein	7.420E-32	1.000	981	1	588	612	432	985	989	614	0.961	0.560
LOKIASV2_1150_ESMFold_thiamine_pyrophosphate-binding_protein	AF-A0A1L5KKV6-F1-model_v4	AF-A0A1L5KKV6-F1-model_v4 Acolac_lg: acetolactate synthase, large subunit, biosynthetic	1.748E-26	1.000	977	8	339	612	1	318	319	337	0.542	0.997
LOKIASV2_1150_ESMFold_thiamine_pyrophosphate-binding_protein	AF-A0A0G2FJA5-F1-model_v4	AF-A0A0G2FJA5-F1-model_v4 Pyruvate decarboxylase	3.483E-31	1.000	975	46	594	612	4	530	531	586	0.897	0.992
LOKIASV2_1150_ESMFold_thiamine_pyrophosphate-binding_protein	AF-A0A6C0U0J4-F1-model_v4	AF-A0A6C0U0J4-F1-model_v4 Thiamine pyrophosphate-binding protein	2.629E-28	1.000	974	207	598	612	2	384	389	404	0.641	0.985
LOKIASV2_1150_ESMFold_thiamine_pyrophosphate-binding_protein	AF-A0A7K1CLV4-F1-model_v4	AF-A0A7K1CLV4-F1-model_v4 Acetolactate synthase large subunit	8.384E-28	1.000	973	215	578	612	2	350	378	369	0.595	0.923
LOKIASV2_1150_ESMFold_thiamine_pyrophosphate-binding_protein	AF-A0A0E3NE83-F1-model_v4	AF-A0A0E3NE83-F1-model_v4 Pyruvate decarboxylase	6.152E-30	1.000	971	11	585	612	3	541	542	598	0.940	0.994
LOKIASV2_1150_ESMFold_thiamine_pyrophosphate-binding_protein	AF-A0A5C8X5C6-F1-model_v4	AF-A0A5C8X5C6-F1-model_v4 Acetolactate synthase large subunit	5.390E-28	1.000	970	172	576	612	3	385	403	414	0.662	0.950
LOKIASV2_1150_ESMFold_thiamine_pyrophosphate-binding_protein	AF-A0A351NYZ9-F1-model_v4	AF-A0A351NYZ9-F1-model_v4 Thiamine pyrophosphate-binding protein	2.840E-30	1.000	968	10	573	612	1	526	536	594	0.922	0.981
LOKIASV2_1150_ESMFold_thiamine_pyrophosphate-binding_protein	AF-A0A0A0L2P1-F1-model_v4	AF-A0A0A0L2P1-F1-model_v4 Pyruvate decarboxylase	1.289E-31	1.000	967	1	595	612	59	698	698	700	0.972	0.917
LOKIASV2_1150_ESMFold_thiamine_pyrophosphate-binding_protein	AF-A0A7V9LW77-F1-model_v4	AF-A0A7V9LW77-F1-model_v4 Thiamine pyrophosphate-binding protein	8.568E-30	1.000	966	117	585	612	6	433	434	470	0.766	0.986
LOKIASV2_1150_ESMFold_thiamine_pyrophosphate-binding_protein	AF-A0A5J6Z4I8-F1-model_v4	AF-A0A5J6Z4I8-F1-model_v4 Acetolactate synthase isozyme 3 large subunit	8.757E-32	1.000	965	1	579	612	3	603	607	639	0.946	0.990
LOKIASV2_1150_ESMFold_thiamine_pyrophosphate-binding_protein	AF-A0A354DGU5-F1-model_v4	AF-A0A354DGU5-F1-model_v4 Pyruvate oxidase	2.315E-29	1.000	963	126	592	612	1	427	427	470	0.763	1.000
LOKIASV2_1150_ESMFold_thiamine_pyrophosphate-binding_protein	AF-A0A2G6D6K2-F1-model_v4	AF-A0A2G6D6K2-F1-model_v4 Uncharacterized protein	5.213E-30	1.000	963	10	499	612	43	515	521	508	0.801	0.908
LOKIASV2_1150_ESMFold_thiamine_pyrophosphate-binding_protein	AF-A0A2F0AXC8-F1-model_v4	AF-A0A2F0AXC8-F1-model_v4 2-hydroxyacyl-CoA lyase 2	2.039E-30	1.000	959	8	487	612	53	542	544	527	0.784	0.901
LOKIASV2_1150_ESMFold_thiamine_pyrophosphate-binding_protein	AF-A0A432XSY6-F1-model_v4	AF-A0A432XSY6-F1-model_v4 Indolepyruvate decarboxylase	3.483E-31	1.000	958	10	608	612	1	557	558	623	0.979	0.998
LOKIASV2_1150_ESMFold_thiamine_pyrophosphate-binding_protein	AF-A0A7C3CZF2-F1-model_v4	AF-A0A7C3CZF2-F1-model_v4 Thiamine pyrophosphate-binding protein	8.568E-30	1.000	955	93	575	612	2	461	470	497	0.789	0.979
LOKIASV2_1150_ESMFold_thiamine_pyrophosphate-binding_protein	AF-A0A7K2X5M9-F1-model_v4	AF-A0A7K2X5M9-F1-model_v4 Uncharacterized protein	8.860E-28	1.000	954	8	421	612	1	389	390	423	0.676	0.997
LOKIASV2_1150_ESMFold_thiamine_pyrophosphate-binding_protein	AF-A0A1F9DQW7-F1-model_v4	AF-A0A1F9DQW7-F1-model_v4 Uncharacterized protein	1.051E-30	1.000	954	104	575	612	2	462	466	507	0.771	0.989
LOKIASV2_1150_ESMFold_thiamine_pyrophosphate-binding_protein	AF-A0A6L8EIP2-F1-model_v4	AF-A0A6L8EIP2-F1-model_v4 Thiamine pyrophosphate-binding protein	2.354E-28	1.000	953	125	587	612	2	441	452	470	0.757	0.973
LOKIASV2_1150_ESMFold_thiamine_pyrophosphate-binding_protein	AF-A0A3D1TJ88-F1-model_v4	AF-A0A3D1TJ88-F1-model_v4 Acetolactate synthase large subunit	1.719E-27	1.000	953	195	575	612	7	397	453	406	0.623	0.863
LOKIASV2_1150_ESMFold_thiamine_pyrophosphate-binding_protein	AF-A0A536WCF7-F1-model_v4	AF-A0A536WCF7-F1-model_v4 Thiamine pyrophosphate-binding protein	2.191E-29	1.000	952	2	472	612	49	509	510	491	0.770	0.904
LOKIASV2_1150_ESMFold_thiamine_pyrophosphate-binding_protein	AF-A0A353D9X4-F1-model_v4	AF-A0A353D9X4-F1-model_v4 Acetolactate synthase	1.124E-26	1.000	951	10	360	612	1	342	343	360	0.574	0.997
LOKIASV2_1150_ESMFold_thiamine_pyrophosphate-binding_protein	AF-F8AKV3-F1-model_v4	AF-F8AKV3-F1-model_v4 Acetolactate synthase	7.841E-32	1.000	951	10	576	612	1	562	568	640	0.926	0.989
LOKIASV2_1150_ESMFold_thiamine_pyrophosphate-binding_protein	AF-A0A7J9RVF2-F1-model_v4	AF-A0A7J9RVF2-F1-model_v4 2-oxoacid oxidoreductase (ferredoxin)	5.792E-27	1.000	948	8	437	612	1	392	396	434	0.703	0.990
LOKIASV2_1150_ESMFold_thiamine_pyrophosphate-binding_protein	AF-A0A6G2DAK9-F1-model_v4	AF-A0A6G2DAK9-F1-model_v4 Acetolactate synthase large subunit	6.019E-28	1.000	947	136	510	612	2	359	359	378	0.613	0.997
LOKIASV2_1150_ESMFold_thiamine_pyrophosphate-binding_protein	AF-A0A6A6BP92-F1-model_v4	AF-A0A6A6BP92-F1-model_v4 Uncharacterized protein	1.051E-30	1.000	947	1	573	612	26	673	674	676	0.936	0.961
LOKIASV2_1150_ESMFold_thiamine_pyrophosphate-binding_protein	AF-A0A530BCF6-F1-model_v4	AF-A0A530BCF6-F1-model_v4 Glyoxylate carboligase	1.591E-25	1.000	945	8	347	612	2	327	328	345	0.556	0.994
LOKIASV2_1150_ESMFold_thiamine_pyrophosphate-binding_protein	AF-A0A2S6TC61-F1-model_v4	AF-A0A2S6TC61-F1-model_v4 Acetolactate synthase large subunit	9.681E-26	1.000	944	10	368	612	1	337	338	359	0.587	0.997
LOKIASV2_1150_ESMFold_thiamine_pyrophosphate-binding_protein	AF-A0A259STF6-F1-model_v4	AF-A0A259STF6-F1-model_v4 Acetolactate synthase	3.870E-28	1.000	943	11	430	612	9	397	398	430	0.686	0.977
LOKIASV2_1150_ESMFold_thiamine_pyrophosphate-binding_protein	AF-A0A6G1HWL0-F1-model_v4	AF-A0A6G1HWL0-F1-model_v4 Pyruvate decarboxylase	3.889E-31	1.000	943	5	593	612	8	587	594	638	0.962	0.976
LOKIASV2_1150_ESMFold_thiamine_pyrophosphate-binding_protein	AF-A0A0E3R984-F1-model_v4	AF-A0A0E3R984-F1-model_v4 Acetolactate synthase large subunit	2.063E-26	1.000	942	8	378	612	2	358	366	380	0.606	0.975
LOKIASV2_1150_ESMFold_thiamine_pyrophosphate-binding_protein	AF-G9P2R0-F1-model_v4	AF-G9P2R0-F1-model_v4 Pyruvate decarboxylase	2.543E-30	1.000	941	1	604	612	3	593	594	655	0.987	0.995
LOKIASV2_1150_ESMFold_thiamine_pyrophosphate-binding_protein	AF-A0A382L3I2-F1-model_v4	AF-A0A382L3I2-F1-model_v4 Uncharacterized protein	4.567E-28	1.000	940	102	526	612	1	407	407	442	0.694	1.000
LOKIASV2_1150_ESMFold_thiamine_pyrophosphate-binding_protein	AF-A0A317VR38-F1-model_v4	AF-A0A317VR38-F1-model_v4 Pyruvate decarboxylase	1.547E-30	1.000	940	5	603	612	1	583	584	649	0.979	0.998
LOKIASV2_1150_ESMFold_thiamine_pyrophosphate-binding_protein	AF-A0A2G9GHP5-F1-model_v4	AF-A0A2G9GHP5-F1-model_v4 Pyruvate decarboxylase	7.420E-32	1.000	939	12	593	612	46	598	600	623	0.951	0.922
LOKIASV2_1150_ESMFold_thiamine_pyrophosphate-binding_protein	AF-A0A660N6S4-F1-model_v4	AF-A0A660N6S4-F1-model_v4 Acetolactate synthase 3 large subunit	2.342E-25	1.000	938	8	327	612	1	308	309	322	0.523	0.997
LOKIASV2_1150_ESMFold_thiamine_pyrophosphate-binding_protein	AF-A0A7Y5GJW8-F1-model_v4	AF-A0A7Y5GJW8-F1-model_v4 Thiamine pyrophosphate-binding protein	8.669E-26	1.000	938	202	585	612	2	368	371	388	0.627	0.989
LOKIASV2_1150_ESMFold_thiamine_pyrophosphate-binding_protein	AF-A0A061NYU9-F1-model_v4	AF-A0A061NYU9-F1-model_v4 Thiamine pyrophosphate-requiring enzyme	3.724E-27	1.000	936	1	383	612	1	364	365	390	0.626	0.997
LOKIASV2_1150_ESMFold_thiamine_pyrophosphate-binding_protein	AF-A0A6P0WQA6-F1-model_v4	AF-A0A6P0WQA6-F1-model_v4 Thiamine pyrophosphate-binding protein	1.962E-29	1.000	935	11	502	612	3	461	463	524	0.804	0.991
LOKIASV2_1150_ESMFold_thiamine_pyrophosphate-binding_protein	AF-A0A1B7W6Q5-F1-model_v4	AF-A0A1B7W6Q5-F1-model_v4 Acetolactate synthase	2.530E-27	1.000	933	10	420	612	1	383	385	424	0.672	0.995
LOKIASV2_1150_ESMFold_thiamine_pyrophosphate-binding_protein	AF-V7D5L1-F1-model_v4	AF-V7D5L1-F1-model_v4 Decarboxylase	4.567E-28	1.000	932	1	431	612	1	396	396	439	0.704	1.000
LOKIASV2_1150_ESMFold_thiamine_pyrophosphate-binding_protein	AF-I2GWD2-F1-model_v4	AF-I2GWD2-F1-model_v4 Uncharacterized protein	4.851E-31	1.000	932	1	607	612	15	637	638	676	0.992	0.976
LOKIASV2_1150_ESMFold_thiamine_pyrophosphate-binding_protein	AF-A0A6N2N996-F1-model_v4	AF-A0A6N2N996-F1-model_v4 Pyruvate decarboxylase	3.425E-32	1.000	932	1	599	612	3	576	702	646	0.979	0.818
LOKIASV2_1150_ESMFold_thiamine_pyrophosphate-binding_protein	AF-A0A1S2NT53-F1-model_v4	AF-A0A1S2NT53-F1-model_v4 Acetolactate synthase	1.456E-27	1.000	926	93	499	612	2	382	392	411	0.665	0.972
LOKIASV2_1150_ESMFold_thiamine_pyrophosphate-binding_protein	AF-A0A530BDE9-F1-model_v4	AF-A0A530BDE9-F1-model_v4 Pyruvate oxidase	1.816E-27	1.000	926	84	514	612	1	412	414	440	0.704	0.995
LOKIASV2_1150_ESMFold_thiamine_pyrophosphate-binding_protein	AF-A0A3M1PEP9-F1-model_v4	AF-A0A3M1PEP9-F1-model_v4 Acetolactate synthase large subunit	2.732E-29	1.000	925	10	572	612	1	519	520	598	0.920	0.998
LOKIASV2_1150_ESMFold_thiamine_pyrophosphate-binding_protein	AF-A0A3M1J8Y1-F1-model_v4	AF-A0A3M1J8Y1-F1-model_v4 Alpha-keto acid decarboxylase family protein	8.713E-29	1.000	923	11	532	612	6	481	486	548	0.853	0.979
LOKIASV2_1150_ESMFold_thiamine_pyrophosphate-binding_protein	AF-A0A8A7FH53-F1-model_v4	AF-A0A8A7FH53-F1-model_v4 Alpha-keto acid decarboxylase family protein	3.408E-29	1.000	923	8	591	612	1	564	564	618	0.954	1.000
LOKIASV2_1150_ESMFold_thiamine_pyrophosphate-binding_protein	AF-A0A537NM89-F1-model_v4	AF-A0A537NM89-F1-model_v4 Thiamine pyrophosphate-binding protein	1.187E-26	1.000	922	8	411	612	2	385	391	420	0.660	0.982
LOKIASV2_1150_ESMFold_thiamine_pyrophosphate-binding_protein	AF-A0A7Z8ZY66-F1-model_v4	AF-A0A7Z8ZY66-F1-model_v4 Putative oxalyl-CoA decarboxylase	2.447E-29	1.000	920	50	608	612	1	532	533	590	0.913	0.998
LOKIASV2_1150_ESMFold_thiamine_pyrophosphate-binding_protein	AF-A0A7C5R564-F1-model_v4	AF-A0A7C5R564-F1-model_v4 Thiamine pyrophosphate-binding protein	6.688E-25	1.000	918	5	346	612	1	330	332	347	0.559	0.994
LOKIASV2_1150_ESMFold_thiamine_pyrophosphate-binding_protein	AF-A0A2E9LPA8-F1-model_v4	AF-A0A2E9LPA8-F1-model_v4 Uncharacterized protein	1.063E-26	1.000	916	10	380	612	1	349	353	381	0.606	0.989
LOKIASV2_1150_ESMFold_thiamine_pyrophosphate-binding_protein	AF-A0A7V8YPK8-F1-model_v4	AF-A0A7V8YPK8-F1-model_v4 2-succinyl-5-enolpyruvyl-6-hydroxy-3-cyclohexene-1-carboxylic-acid synthase	9.208E-29	1.000	916	11	573	612	8	551	552	592	0.920	0.986
LOKIASV2_1150_ESMFold_thiamine_pyrophosphate-binding_protein	AF-X0S7J9-F1-model_v4	AF-X0S7J9-F1-model_v4 Uncharacterized protein	1.023E-25	1.000	914	25	418	612	1	373	373	399	0.644	1.000
LOKIASV2_1150_ESMFold_thiamine_pyrophosphate-binding_protein	AF-A0A1V1WUA9-F1-model_v4	AF-A0A1V1WUA9-F1-model_v4 2-succinyl-5-enolpyruvyl-6-hydroxy-3-cyclohexene-1-carboxylate synthase	3.601E-29	1.000	912	12	574	612	12	566	585	599	0.920	0.949
LOKIASV2_1150_ESMFold_thiamine_pyrophosphate-binding_protein	AF-A0A1I5C948-F1-model_v4	AF-A0A1I5C948-F1-model_v4 Acetolactate synthase-1/2/3 large subunit	3.391E-26	1.000	909	8	376	612	1	349	441	375	0.603	0.791
LOKIASV2_1150_ESMFold_thiamine_pyrophosphate-binding_protein	AF-X1A3W9-F1-model_v4	AF-X1A3W9-F1-model_v4 Uncharacterized protein	2.921E-25	1.000	908	50	365	612	5	303	303	321	0.516	0.987
LOKIASV2_1150_ESMFold_thiamine_pyrophosphate-binding_protein	AF-A0A354NTU1-F1-model_v4	AF-A0A354NTU1-F1-model_v4 Uncharacterized protein	1.682E-25	1.000	903	1	359	612	18	363	365	367	0.587	0.948
LOKIASV2_1150_ESMFold_thiamine_pyrophosphate-binding_protein	AF-X8CI40-F1-model_v4	AF-X8CI40-F1-model_v4 Thiamine pyrophosphate enzyme, C-terminal TPP binding domain protein	1.425E-25	1.000	902	220	578	612	1	346	377	365	0.587	0.918
LOKIASV2_1150_ESMFold_thiamine_pyrophosphate-binding_protein	AF-A0A535ABE1-F1-model_v4	AF-A0A535ABE1-F1-model_v4 Acetolactate synthase, large subunit, biosynthetic type	9.161E-26	1.000	901	7	344	612	20	355	357	354	0.552	0.941
LOKIASV2_1150_ESMFold_thiamine_pyrophosphate-binding_protein	AF-A0A1N6TJ57-F1-model_v4	AF-A0A1N6TJ57-F1-model_v4 Thiamine pyrophosphate enzyme, central domain	9.161E-26	1.000	898	200	608	612	2	417	425	438	0.668	0.979
LOKIASV2_1150_ESMFold_thiamine_pyrophosphate-binding_protein	AF-A0A1Y0CQU3-F1-model_v4	AF-A0A1Y0CQU3-F1-model_v4 2-succinyl-5-enolpyruvyl-6-hydroxy-3-cyclohexene-1-carboxylate synthase	8.568E-30	1.000	898	12	605	612	10	586	587	637	0.971	0.983
LOKIASV2_1150_ESMFold_thiamine_pyrophosphate-binding_protein	AF-A0A537TP21-F1-model_v4	AF-A0A537TP21-F1-model_v4 Thiamine pyrophosphate-binding protein	2.936E-28	1.000	897	1	477	612	8	469	469	497	0.779	0.985
LOKIASV2_1150_ESMFold_thiamine_pyrophosphate-binding_protein	AF-A0A7T3JEH9-F1-model_v4	AF-A0A7T3JEH9-F1-model_v4 2-succinyl-5-enolpyruvyl-6-hydroxy-3-cyclohexene-1-carboxylic-acid synthase	5.509E-30	1.000	897	13	607	612	12	583	584	642	0.972	0.979
LOKIASV2_1150_ESMFold_thiamine_pyrophosphate-binding_protein	AF-A0A7J4FLJ2-F1-model_v4	AF-A0A7J4FLJ2-F1-model_v4 Thiamine pyrophosphate-binding protein	1.539E-27	1.000	896	140	577	612	1	426	430	457	0.716	0.991
LOKIASV2_1150_ESMFold_thiamine_pyrophosphate-binding_protein	AF-A0A2N3PMH6-F1-model_v4	AF-A0A2N3PMH6-F1-model_v4 2-succinyl-5-enolpyruvyl-6-hydroxy-3-cyclohexene-1-carboxylate synthase	3.103E-28	1.000	895	13	574	612	12	536	553	586	0.918	0.949
LOKIASV2_1150_ESMFold_thiamine_pyrophosphate-binding_protein	AF-A0A505IF76-F1-model_v4	AF-A0A505IF76-F1-model_v4 Pyruvate decarboxylase	5.016E-29	1.000	895	1	595	612	93	690	694	659	0.972	0.862
LOKIASV2_1150_ESMFold_thiamine_pyrophosphate-binding_protein	AF-A0A4Q4BIE5-F1-model_v4	AF-A0A4Q4BIE5-F1-model_v4 Acetolactate synthase 3 large subunit	3.391E-26	1.000	894	88	453	612	2	355	356	390	0.598	0.994
LOKIASV2_1150_ESMFold_thiamine_pyrophosphate-binding_protein	AF-A0RK76-F1-model_v4	AF-A0RK76-F1-model_v4 2-succinyl-5-enolpyruvyl-6-hydroxy-3-cyclohexene-1-carboxylate synthase	1.962E-29	1.000	893	13	605	612	12	582	584	638	0.969	0.978
LOKIASV2_1150_ESMFold_thiamine_pyrophosphate-binding_protein	AF-A0A7C2NFA2-F1-model_v4	AF-A0A7C2NFA2-F1-model_v4 2-succinyl-5-enolpyruvyl-6-hydroxy-3-cyclohexene-1-carboxylate synthase	3.806E-29	1.000	891	12	605	612	11	583	584	625	0.971	0.981
LOKIASV2_1150_ESMFold_thiamine_pyrophosphate-binding_protein	AF-A0A7Y5G1M5-F1-model_v4	AF-A0A7Y5G1M5-F1-model_v4 Acetolactate synthase	4.300E-25	1.000	890	207	574	612	2	340	355	368	0.601	0.955
LOKIASV2_1150_ESMFold_thiamine_pyrophosphate-binding_protein	AF-A0A7X7ZDG1-F1-model_v4	AF-A0A7X7ZDG1-F1-model_v4 2-succinyl-5-enolpyruvyl-6-hydroxy-3-cyclohexene-1-carboxylate synthase	5.213E-30	1.000	889	12	612	612	9	604	604	642	0.982	0.987
LOKIASV2_1150_ESMFold_thiamine_pyrophosphate-binding_protein	AF-A0A1V1TFZ5-F1-model_v4	AF-A0A1V1TFZ5-F1-model_v4 Uncharacterized protein	1.757E-29	1.000	881	1	606	612	2	569	570	652	0.990	0.996
LOKIASV2_1150_ESMFold_thiamine_pyrophosphate-binding_protein	AF-W2RJH6-F1-model_v4	AF-W2RJH6-F1-model_v4 Pyruvate decarboxylase	1.757E-29	1.000	881	1	595	612	13	620	626	659	0.972	0.971
LOKIASV2_1150_ESMFold_thiamine_pyrophosphate-binding_protein	AF-M1J3A6-F1-model_v4	AF-M1J3A6-F1-model_v4 2-oxoacid oxidoreductase (ferredoxin)	1.355E-28	1.000	880	10	573	612	2	489	490	582	0.922	0.996
LOKIASV2_1150_ESMFold_thiamine_pyrophosphate-binding_protein	AF-A0A2N0B3A7-F1-model_v4	AF-A0A2N0B3A7-F1-model_v4 Acetolactate synthase 2 catalytic subunit	1.506E-25	1.000	877	219	593	612	1	340	359	380	0.613	0.947
LOKIASV2_1150_ESMFold_thiamine_pyrophosphate-binding_protein	AF-A0A4S5BYD7-F1-model_v4	AF-A0A4S5BYD7-F1-model_v4 Acetolactate synthase large subunit	1.690E-28	1.000	877	10	572	612	1	513	513	599	0.920	1.000
LOKIASV2_1150_ESMFold_thiamine_pyrophosphate-binding_protein	AF-A0A165IF29-F1-model_v4	AF-A0A165IF29-F1-model_v4 Pyruvate decarboxylase	3.279E-28	1.000	877	19	586	612	24	566	572	598	0.928	0.949
LOKIASV2_1150_ESMFold_thiamine_pyrophosphate-binding_protein	AF-A3X9K6-F1-model_v4	AF-A3X9K6-F1-model_v4 Acetolactate synthase-like TPP-requiring enzyme	7.383E-29	1.000	875	1	572	612	11	558	573	619	0.935	0.956
LOKIASV2_1150_ESMFold_thiamine_pyrophosphate-binding_protein	AF-A0A2H0DDP7-F1-model_v4	AF-A0A2H0DDP7-F1-model_v4 Acetolactate synthase	1.099E-24	1.000	873	6	360	612	1	352	352	364	0.580	1.000
LOKIASV2_1150_ESMFold_thiamine_pyrophosphate-binding_protein	AF-A0A1J4KY71-F1-model_v4	AF-A0A1J4KY71-F1-model_v4 Pyruvate decarboxylase isozyme 3	9.208E-29	1.000	873	1	579	612	36	595	606	615	0.946	0.924
LOKIASV2_1150_ESMFold_thiamine_pyrophosphate-binding_protein	AF-A0A6B1HAU3-F1-model_v4	AF-A0A6B1HAU3-F1-model_v4 2-succinyl-5-enolpyruvyl-6-hydroxy-3-cyclohexene-1-carboxylate synthase	1.432E-28	1.000	870	12	587	612	8	545	553	604	0.941	0.973
LOKIASV2_1150_ESMFold_thiamine_pyrophosphate-binding_protein	AF-B6ITF4-F1-model_v4	AF-B6ITF4-F1-model_v4 Thiamine pyrophosphate enzyme, putative	3.103E-28	1.000	869	10	572	612	1	516	517	601	0.920	0.998
LOKIASV2_1150_ESMFold_thiamine_pyrophosphate-binding_protein	AF-A0A2E8S2R7-F1-model_v4	AF-A0A2E8S2R7-F1-model_v4 2-succinyl-5-enolpyruvyl-6-hydroxy-3-cyclohexene-1-carboxylate synthase	5.696E-28	1.000	868	12	588	612	10	569	576	612	0.943	0.972
LOKIASV2_1150_ESMFold_thiamine_pyrophosphate-binding_protein	AF-A0A5M3YR92-F1-model_v4	AF-A0A5M3YR92-F1-model_v4 Pyruvate decarboxylase	1.069E-29	1.000	865	1	583	612	63	632	653	652	0.953	0.873
LOKIASV2_1150_ESMFold_thiamine_pyrophosphate-binding_protein	AF-A0A4Q3YEB7-F1-model_v4	AF-A0A4Q3YEB7-F1-model_v4 Acetolactate synthase 3 large subunit	2.475E-25	1.000	864	99	462	612	2	351	351	372	0.595	0.997
LOKIASV2_1150_ESMFold_thiamine_pyrophosphate-binding_protein	AF-A0A1M6CFK3-F1-model_v4	AF-A0A1M6CFK3-F1-model_v4 Acetolactate synthase-1/2/3 large subunit	2.488E-28	1.000	861	10	573	612	4	514	518	586	0.922	0.986
LOKIASV2_1150_ESMFold_thiamine_pyrophosphate-binding_protein	AF-A0A660T543-F1-model_v4	AF-A0A660T543-F1-model_v4 Thiamine pyrophosphate-binding protein	6.224E-26	1.000	858	217	593	612	1	375	377	392	0.616	0.995
LOKIASV2_1150_ESMFold_thiamine_pyrophosphate-binding_protein	AF-A0A2E4XQH4-F1-model_v4	AF-A0A2E4XQH4-F1-model_v4 Acetolactate synthase large subunit	1.046E-27	1.000	856	10	573	612	1	512	513	598	0.922	0.998
LOKIASV2_1150_ESMFold_thiamine_pyrophosphate-binding_protein	AF-A0A2A5D5V9-F1-model_v4	AF-A0A2A5D5V9-F1-model_v4 Acetolactate synthase large subunit	7.104E-28	1.000	856	10	573	612	1	516	516	597	0.922	1.000
LOKIASV2_1150_ESMFold_thiamine_pyrophosphate-binding_protein	AF-B2G4H5-F1-model_v4	AF-B2G4H5-F1-model_v4 Putative 2-hydroxyacyl-CoA lyase	1.481E-26	1.000	855	62	591	612	6	504	504	558	0.866	0.990
LOKIASV2_1150_ESMFold_thiamine_pyrophosphate-binding_protein	AF-A0A5N6FIC4-F1-model_v4	AF-A0A5N6FIC4-F1-model_v4 Thiamine diphosphate-binding protein	1.168E-27	1.000	853	26	576	612	4	498	518	589	0.900	0.956
LOKIASV2_1150_ESMFold_thiamine_pyrophosphate-binding_protein	AF-A0A7C6TJ59-F1-model_v4	AF-A0A7C6TJ59-F1-model_v4 Acetolactate synthase large subunit	2.616E-25	1.000	852	3	380	612	1	339	343	386	0.618	0.988
LOKIASV2_1150_ESMFold_thiamine_pyrophosphate-binding_protein	AF-A0A381W626-F1-model_v4	AF-A0A381W626-F1-model_v4 Uncharacterized protein	1.710E-24	1.000	849	10	419	612	1	395	397	419	0.670	0.995
LOKIASV2_1150_ESMFold_thiamine_pyrophosphate-binding_protein	AF-A0A4U6AHJ9-F1-model_v4	AF-A0A4U6AHJ9-F1-model_v4 Acetolactate synthase large subunit	2.530E-27	1.000	849	10	572	612	1	516	517	586	0.920	0.998
LOKIASV2_1150_ESMFold_thiamine_pyrophosphate-binding_protein	AF-A0A833FFS0-F1-model_v4	AF-A0A833FFS0-F1-model_v4 2-succinyl-5-enolpyruvyl-6-hydroxy-3-cyclohexene-1-carboxylic-acid synthase	1.282E-28	1.000	848	10	579	612	1	641	647	686	0.931	0.991
LOKIASV2_1150_ESMFold_thiamine_pyrophosphate-binding_protein	AF-A0A355QF20-F1-model_v4	AF-A0A355QF20-F1-model_v4 2-succinyl-5-enolpyruvyl-6-hydroxy-3-cyclohexene-1-carboxylate synthase	1.282E-28	1.000	847	12	574	612	13	544	568	595	0.920	0.937
LOKIASV2_1150_ESMFold_thiamine_pyrophosphate-binding_protein	AF-A0A7W1A3W4-F1-model_v4	AF-A0A7W1A3W4-F1-model_v4 2-succinyl-5-enolpyruvyl-6-hydroxy-3-cyclohexene-1-carboxylate synthase	1.690E-28	1.000	845	12	592	612	9	576	576	621	0.949	0.986
LOKIASV2_1150_ESMFold_thiamine_pyrophosphate-binding_protein	AF-A0A2W1BCU4-F1-model_v4	AF-A0A2W1BCU4-F1-model_v4 2-succinyl-5-enolpyruvyl-6-hydroxy-3-cyclohexene-1-carboxylate synthase	8.384E-28	1.000	845	11	607	612	9	597	599	653	0.975	0.983
LOKIASV2_1150_ESMFold_thiamine_pyrophosphate-binding_protein	AF-A0A5N8ZD42-F1-model_v4	AF-A0A5N8ZD42-F1-model_v4 Thiamine pyrophosphate-binding protein	1.425E-25	1.000	844	202	576	612	4	369	369	397	0.613	0.992
LOKIASV2_1150_ESMFold_thiamine_pyrophosphate-binding_protein	AF-A0A531MUX7-F1-model_v4	AF-A0A531MUX7-F1-model_v4 Glyoxylate carboligase	4.544E-25	1.000	842	206	579	612	2	378	402	397	0.611	0.938
LOKIASV2_1150_ESMFold_thiamine_pyrophosphate-binding_protein	AF-A0A7I9EFV3-F1-model_v4	AF-A0A7I9EFV3-F1-model_v4 XXYS1_4_G0003360.mRNA.1.CDS.1	5.667E-25	1.000	842	8	461	612	1	438	441	473	0.742	0.993
LOKIASV2_1150_ESMFold_thiamine_pyrophosphate-binding_protein	AF-B3QUU2-F1-model_v4	AF-B3QUU2-F1-model_v4 2-succinyl-5-enolpyruvyl-6-hydroxy-3-cyclohexene-1-carboxylate synthase	1.046E-27	1.000	842	12	574	612	8	560	582	606	0.920	0.950
LOKIASV2_1150_ESMFold_thiamine_pyrophosphate-binding_protein	AF-A0A6L7M0T5-F1-model_v4	AF-A0A6L7M0T5-F1-model_v4 Uncharacterized protein	3.915E-24	1.000	841	8	355	612	2	331	335	352	0.569	0.985
LOKIASV2_1150_ESMFold_thiamine_pyrophosphate-binding_protein	AF-A0A0R2DBQ3-F1-model_v4	AF-A0A0R2DBQ3-F1-model_v4 2-succinyl-5-enolpyruvyl-6-hydroxy-3-cyclohexene-1-carboxylate synthase	1.626E-27	1.000	837	12	574	612	9	539	560	588	0.920	0.948
LOKIASV2_1150_ESMFold_thiamine_pyrophosphate-binding_protein	AF-A0A3C0JRK9-F1-model_v4	AF-A0A3C0JRK9-F1-model_v4 Thiamine pyrophosphate-binding protein	2.382E-24	1.000	834	222	593	612	2	338	342	375	0.608	0.985
LOKIASV2_1150_ESMFold_thiamine_pyrophosphate-binding_protein	AF-F6HAS7-F1-model_v4	AF-F6HAS7-F1-model_v4 Uncharacterized protein	3.318E-24	1.000	833	38	376	612	2	339	340	356	0.554	0.994
LOKIASV2_1150_ESMFold_thiamine_pyrophosphate-binding_protein	AF-S2YRW6-F1-model_v4	AF-S2YRW6-F1-model_v4 Uncharacterized protein	5.274E-26	1.000	833	8	424	612	1	399	469	430	0.681	0.851
LOKIASV2_1150_ESMFold_thiamine_pyrophosphate-binding_protein	AF-A0A378FS42-F1-model_v4	AF-A0A378FS42-F1-model_v4 Acetolactate synthase catalytic subunit	4.567E-28	1.000	832	8	531	612	4	521	563	562	0.856	0.920
LOKIASV2_1150_ESMFold_thiamine_pyrophosphate-binding_protein	AF-A0A094SRY9-F1-model_v4	AF-A0A094SRY9-F1-model_v4 Rhodanese domain-containing protein	1.539E-27	1.000	832	11	574	612	21	553	574	589	0.922	0.929
LOKIASV2_1150_ESMFold_thiamine_pyrophosphate-binding_protein	AF-A5TVK4-F1-model_v4	AF-A5TVK4-F1-model_v4 Possible thiamine pyrophosphate enzyme	2.986E-27	1.000	830	3	578	612	2	503	504	588	0.941	0.996
LOKIASV2_1150_ESMFold_thiamine_pyrophosphate-binding_protein	AF-A0A0B5ATH9-F1-model_v4	AF-A0A0B5ATH9-F1-model_v4 2-succinyl-5-enolpyruvyl-6-hydroxy-3-cyclohexene-1-carboxylate synthase	1.748E-26	1.000	829	12	587	612	10	559	569	596	0.941	0.967
LOKIASV2_1150_ESMFold_thiamine_pyrophosphate-binding_protein	AF-A0A264W0N9-F1-model_v4	AF-A0A264W0N9-F1-model_v4 2-succinyl-5-enolpyruvyl-6-hydroxy-3-cyclohexene-1-carboxylate synthase	4.090E-28	1.000	829	12	589	612	10	561	570	615	0.944	0.968
LOKIASV2_1150_ESMFold_thiamine_pyrophosphate-binding_protein	AF-A0A1B2JCE5-F1-model_v4	AF-A0A1B2JCE5-F1-model_v4 BA75_02980T0	4.322E-28	1.000	829	8	602	612	18	601	602	662	0.972	0.970
LOKIASV2_1150_ESMFold_thiamine_pyrophosphate-binding_protein	AF-A0A2D5Y510-F1-model_v4	AF-A0A2D5Y510-F1-model_v4 Thiamine pyrophosphate-binding protein	7.724E-23	1.000	828	11	351	612	3	325	330	343	0.557	0.979
LOKIASV2_1150_ESMFold_thiamine_pyrophosphate-binding_protein	AF-A0A2G4E6U1-F1-model_v4	AF-A0A2G4E6U1-F1-model_v4 3D-(3,5/4)-trihydroxycyclohexane-1,2-dione acylhydrolase (Decyclizing)	3.448E-25	1.000	825	5	427	612	1	450	450	468	0.691	1.000
LOKIASV2_1150_ESMFold_thiamine_pyrophosphate-binding_protein	AF-A0A3D2FSC5-F1-model_v4	AF-A0A3D2FSC5-F1-model_v4 Thiamine pyrophosphate-binding protein	6.436E-24	1.000	824	1	390	612	1	363	379	391	0.637	0.958
LOKIASV2_1150_ESMFold_thiamine_pyrophosphate-binding_protein	AF-A0A2G6XQY0-F1-model_v4	AF-A0A2G6XQY0-F1-model_v4 Acetolactate synthase-1/2/3 large subunit	5.696E-28	1.000	823	5	593	612	542	1138	1140	671	0.962	0.524
LOKIASV2_1150_ESMFold_thiamine_pyrophosphate-binding_protein	AF-A0A6B2HBW0-F1-model_v4	AF-A0A6B2HBW0-F1-model_v4 2-succinyl-5-enolpyruvyl-6-hydroxy-3-cyclohexene-1-carboxylate synthase	6.468E-27	1.000	822	11	585	612	4	553	563	609	0.940	0.977
LOKIASV2_1150_ESMFold_thiamine_pyrophosphate-binding_protein	AF-A0A0D8HIN2-F1-model_v4	AF-A0A0D8HIN2-F1-model_v4 2-succinyl-5-enolpyruvyl-6-hydroxy-3-cyclohexene-1-carboxylate synthase	4.322E-28	1.000	822	12	592	612	14	587	587	628	0.949	0.978
LOKIASV2_1150_ESMFold_thiamine_pyrophosphate-binding_protein	AF-A0A7T7CFR7-F1-model_v4	AF-A0A7T7CFR7-F1-model_v4 Thiamine pyrophosphate-binding protein	5.667E-25	1.000	821	174	574	612	5	397	404	422	0.655	0.973
LOKIASV2_1150_ESMFold_thiamine_pyrophosphate-binding_protein	AF-A0A7X9CUE6-F1-model_v4	AF-A0A7X9CUE6-F1-model_v4 Thiamine pyrophosphate-requiring protein	1.298E-24	1.000	819	168	586	612	12	421	455	437	0.685	0.901
LOKIASV2_1150_ESMFold_thiamine_pyrophosphate-binding_protein	AF-A0A2E9V7D0-F1-model_v4	AF-A0A2E9V7D0-F1-model_v4 Acetolactate synthase isozyme1 large subunit	2.018E-24	1.000	818	8	424	612	1	384	392	417	0.681	0.980
LOKIASV2_1150_ESMFold_thiamine_pyrophosphate-binding_protein	AF-A0A537AH82-F1-model_v4	AF-A0A537AH82-F1-model_v4 Thiamine pyrophosphate-binding protein	3.021E-23	1.000	818	2	355	612	49	390	396	359	0.578	0.864
LOKIASV2_1150_ESMFold_thiamine_pyrophosphate-binding_protein	AF-A0A2E7V0G6-F1-model_v4	AF-A0A2E7V0G6-F1-model_v4 Uncharacterized protein	4.965E-23	1.000	814	10	380	612	1	350	352	380	0.606	0.994
LOKIASV2_1150_ESMFold_thiamine_pyrophosphate-binding_protein	AF-A0A661FRY2-F1-model_v4	AF-A0A661FRY2-F1-model_v4 Acetolactate synthase large subunit	4.446E-23	1.000	811	10	346	612	1	318	320	338	0.551	0.994
LOKIASV2_1150_ESMFold_thiamine_pyrophosphate-binding_protein	AF-A0A6S5TE40-F1-model_v4	AF-A0A6S5TE40-F1-model_v4 Uncharacterized protein	2.705E-23	1.000	811	10	575	612	2	362	379	568	0.925	0.953
LOKIASV2_1150_ESMFold_thiamine_pyrophosphate-binding_protein	AF-A0A2T2XJW2-F1-model_v4	AF-A0A2T2XJW2-F1-model_v4 2-succinyl-5-enolpyruvyl-6-hydroxy-3-cyclohexene-1-carboxylate synthase	9.363E-28	1.000	804	12	600	612	30	583	593	639	0.962	0.934
LOKIASV2_1150_ESMFold_thiamine_pyrophosphate-binding_protein	AF-A0A1L6MWK2-F1-model_v4	AF-A0A1L6MWK2-F1-model_v4 2-succinyl-5-enolpyruvyl-6-hydroxy-3-cyclohexene-1-carboxylate synthase	7.104E-28	1.000	802	12	586	612	8	580	593	626	0.940	0.966
LOKIASV2_1150_ESMFold_thiamine_pyrophosphate-binding_protein	AF-A0A317L465-F1-model_v4	AF-A0A317L465-F1-model_v4 Sulfoacetaldehyde acetyltransferase	6.436E-24	1.000	801	194	539	612	9	356	366	366	0.565	0.951
LOKIASV2_1150_ESMFold_thiamine_pyrophosphate-binding_protein	AF-Q0FUK2-F1-model_v4	AF-Q0FUK2-F1-model_v4 Acetolactate synthase large subunit	1.565E-26	1.000	800	53	591	612	2	526	526	585	0.881	0.998
LOKIASV2_1150_ESMFold_thiamine_pyrophosphate-binding_protein	AF-A0A1M5ENI0-F1-model_v4	AF-A0A1M5ENI0-F1-model_v4 Acetolactate synthase-1/2/3 large subunit	5.792E-27	1.000	799	2	575	612	9	573	585	618	0.938	0.966
LOKIASV2_1150_ESMFold_thiamine_pyrophosphate-binding_protein	AF-A0A168KCJ2-F1-model_v4	AF-A0A168KCJ2-F1-model_v4 Uncharacterized protein	8.815E-25	1.000	798	126	595	612	4	459	459	491	0.768	0.993
LOKIASV2_1150_ESMFold_thiamine_pyrophosphate-binding_protein	AF-A0A382HGG6-F1-model_v4	AF-A0A382HGG6-F1-model_v4 Uncharacterized protein	3.644E-25	1.000	796	154	576	612	6	414	456	442	0.691	0.897
LOKIASV2_1150_ESMFold_thiamine_pyrophosphate-binding_protein	AF-Q3B612-F1-model_v4	AF-Q3B612-F1-model_v4 2-succinyl-5-enolpyruvyl-6-hydroxy-3-cyclohexene-1-carboxylate synthase	8.067E-27	1.000	796	12	611	612	10	574	583	645	0.980	0.969
LOKIASV2_1150_ESMFold_thiamine_pyrophosphate-binding_protein	AF-A0A3D1TXJ6-F1-model_v4	AF-A0A3D1TXJ6-F1-model_v4 Uncharacterized protein	1.063E-26	1.000	796	5	608	612	88	697	700	669	0.987	0.871
LOKIASV2_1150_ESMFold_thiamine_pyrophosphate-binding_protein	AF-A0A382JGF4-F1-model_v4	AF-A0A382JGF4-F1-model_v4 Uncharacterized protein	6.916E-23	1.000	794	10	348	612	1	337	338	350	0.554	0.997
LOKIASV2_1150_ESMFold_thiamine_pyrophosphate-binding_protein	AF-A0A533J589-F1-model_v4	AF-A0A533J589-F1-model_v4 Benzoylformate decarboxylase	2.382E-24	1.000	793	119	581	612	6	426	428	474	0.757	0.984
LOKIASV2_1150_ESMFold_thiamine_pyrophosphate-binding_protein	AF-A0A348V7L5-F1-model_v4	AF-A0A348V7L5-F1-model_v4 Glyoxylate carboligase	7.033E-22	1.000	790	10	324	612	1	309	310	320	0.515	0.997
LOKIASV2_1150_ESMFold_thiamine_pyrophosphate-binding_protein	AF-A0A6I1R320-F1-model_v4	AF-A0A6I1R320-F1-model_v4 Thiamine pyrophosphate-requiring protein	1.081E-25	1.000	790	108	574	612	13	459	460	486	0.763	0.972
LOKIASV2_1150_ESMFold_thiamine_pyrophosphate-binding_protein	AF-A0A558DUQ3-F1-model_v4	AF-A0A558DUQ3-F1-model_v4 2-succinyl-5-enolpyruvyl-6-hydroxy-3-cyclohexene-1-carboxylate synthase	1.255E-26	1.000	789	12	588	612	14	571	571	627	0.943	0.977
LOKIASV2_1150_ESMFold_thiamine_pyrophosphate-binding_protein	AF-A0A3B8KWM3-F1-model_v4	AF-A0A3B8KWM3-F1-model_v4 Acetolactate synthase	1.371E-24	1.000	787	95	578	612	2	459	461	505	0.791	0.993
LOKIASV2_1150_ESMFold_thiamine_pyrophosphate-binding_protein	AF-I0H3X8-F1-model_v4	AF-I0H3X8-F1-model_v4 Putative truncated acetolactate synthase	1.942E-23	1.000	786	10	368	612	2	332	436	360	0.587	0.759
LOKIASV2_1150_ESMFold_thiamine_pyrophosphate-binding_protein	AF-A0A287U4I0-F1-model_v4	AF-A0A287U4I0-F1-model_v4 Uncharacterized protein	3.524E-27	1.000	785	12	596	612	123	749	750	679	0.956	0.836
LOKIASV2_1150_ESMFold_thiamine_pyrophosphate-binding_protein	AF-A0A315RW10-F1-model_v4	AF-A0A315RW10-F1-model_v4 Acetolactate synthase I/II/III large subunit	4.778E-22	1.000	784	90	377	612	2	270	297	290	0.471	0.906
LOKIASV2_1150_ESMFold_thiamine_pyrophosphate-binding_protein	AF-A0A1V6RNP0-F1-model_v4	AF-A0A1V6RNP0-F1-model_v4 Pyruvate decarboxylase	1.481E-26	1.000	783	65	570	612	2	524	537	557	0.827	0.974
LOKIASV2_1150_ESMFold_thiamine_pyrophosphate-binding_protein	AF-A0A524PWE4-F1-model_v4	AF-A0A524PWE4-F1-model_v4 Thiamine pyrophosphate-binding protein	1.270E-22	1.000	782	26	373	612	1	319	320	354	0.569	0.997
LOKIASV2_1150_ESMFold_thiamine_pyrophosphate-binding_protein	AF-A0A7C5ZIQ1-F1-model_v4	AF-A0A7C5ZIQ1-F1-model_v4 Uncharacterized protein	1.201E-22	1.000	782	8	355	612	1	324	326	356	0.569	0.994
LOKIASV2_1150_ESMFold_thiamine_pyrophosphate-binding_protein	AF-G4E2I7-F1-model_v4	AF-G4E2I7-F1-model_v4 2-succinyl-5-enolpyruvyl-6-hydroxy-3-cyclohexene-1-carboxylate synthase	9.161E-26	1.000	780	12	589	612	15	575	584	616	0.944	0.961
LOKIASV2_1150_ESMFold_thiamine_pyrophosphate-binding_protein	AF-A0A2R4X241-F1-model_v4	AF-A0A2R4X241-F1-model_v4 2-succinyl-5-enolpyruvyl-6-hydroxy-3-cyclohexene-1-carboxylate synthase	2.825E-27	1.000	780	12	587	612	10	570	589	633	0.941	0.952
LOKIASV2_1150_ESMFold_thiamine_pyrophosphate-binding_protein	AF-A0A540VHK7-F1-model_v4	AF-A0A540VHK7-F1-model_v4 2-succinyl-5-enolpyruvyl-6-hydroxy-3-cyclohexene-1-carboxylate synthase	3.208E-26	1.000	780	12	574	612	7	567	593	625	0.920	0.946
LOKIASV2_1150_ESMFold_thiamine_pyrophosphate-binding_protein	AF-A0A2W1MZY9-F1-model_v4	AF-A0A2W1MZY9-F1-model_v4 2-succinyl-5-enolpyruvyl-6-hydroxy-3-cyclohexene-1-carboxylate synthase	2.873E-26	1.000	779	8	591	612	1	567	567	624	0.954	1.000
LOKIASV2_1150_ESMFold_thiamine_pyrophosphate-binding_protein	AF-A0A354XTK6-F1-model_v4	AF-A0A354XTK6-F1-model_v4 2-succinyl-5-enolpyruvyl-6-hydroxy-3-cyclohexene-1-carboxylate synthase	1.401E-26	1.000	773	12	586	612	7	567	579	630	0.940	0.969
LOKIASV2_1150_ESMFold_thiamine_pyrophosphate-binding_protein	AF-A0A2E2BFX9-F1-model_v4	AF-A0A2E2BFX9-F1-model_v4 2-succinyl-5-enolpyruvyl-6-hydroxy-3-cyclohexene-1-carboxylate synthase	6.951E-26	1.000	771	1	573	612	1	524	538	598	0.936	0.974
LOKIASV2_1150_ESMFold_thiamine_pyrophosphate-binding_protein	AF-A0A445I994-F1-model_v4	AF-A0A445I994-F1-model_v4 Pyruvate decarboxylase	6.578E-26	1.000	770	11	495	612	28	495	523	519	0.792	0.895
LOKIASV2_1150_ESMFold_thiamine_pyrophosphate-binding_protein	AF-A0A3D2BTG5-F1-model_v4	AF-A0A3D2BTG5-F1-model_v4 Acetolactate synthase	7.724E-23	1.000	768	10	422	612	1	380	381	420	0.675	0.997
LOKIASV2_1150_ESMFold_thiamine_pyrophosphate-binding_protein	AF-A0A7S2W9U7-F1-model_v4	AF-A0A7S2W9U7-F1-model_v4 Hypothetical protein	1.137E-22	1.000	768	206	577	612	65	448	479	407	0.608	0.802
LOKIASV2_1150_ESMFold_thiamine_pyrophosphate-binding_protein	AF-A0A3L7WUT2-F1-model_v4	AF-A0A3L7WUT2-F1-model_v4 2-succinyl-5-enolpyruvyl-6-hydroxy-3-cyclohexene-1-carboxylate synthase	3.786E-26	1.000	768	10	575	612	2	567	593	624	0.925	0.954
LOKIASV2_1150_ESMFold_thiamine_pyrophosphate-binding_protein	AF-A0A0F8WGQ0-F1-model_v4	AF-A0A0F8WGQ0-F1-model_v4 Uncharacterized protein	1.673E-22	1.000	767	210	569	612	4	351	351	374	0.588	0.991
LOKIASV2_1150_ESMFold_thiamine_pyrophosphate-binding_protein	AF-A0A812XVG1-F1-model_v4	AF-A0A812XVG1-F1-model_v4 IlvB protein	1.591E-25	1.000	764	10	485	612	92	611	617	550	0.778	0.843
LOKIASV2_1150_ESMFold_thiamine_pyrophosphate-binding_protein	AF-A0A540PI64-F1-model_v4	AF-A0A540PI64-F1-model_v4 Uncharacterized protein	1.807E-24	1.000	763	145	604	612	35	464	476	479	0.752	0.903
LOKIASV2_1150_ESMFold_thiamine_pyrophosphate-binding_protein	AF-A0A7C1YSZ0-F1-model_v4	AF-A0A7C1YSZ0-F1-model_v4 2-succinyl-5-enolpyruvyl-6-hydroxy-3-cyclohexene-1-carboxylate synthase	4.229E-26	1.000	763	1	587	612	17	612	615	646	0.959	0.969
LOKIASV2_1150_ESMFold_thiamine_pyrophosphate-binding_protein	AF-A0A1V5Z2I9-F1-model_v4	AF-A0A1V5Z2I9-F1-model_v4 2-succinyl-5-enolpyruvyl-6-hydroxy-3-cyclohexene-1-carboxylate synthase	2.719E-26	1.000	761	12	596	612	11	591	592	644	0.956	0.981
LOKIASV2_1150_ESMFold_thiamine_pyrophosphate-binding_protein	AF-A0A0R2TFE4-F1-model_v4	AF-A0A0R2TFE4-F1-model_v4 Oxalyl-CoA decarboxylase	1.394E-23	1.000	758	1	387	612	1	377	403	403	0.632	0.935
LOKIASV2_1150_ESMFold_thiamine_pyrophosphate-binding_protein	AF-A0A3B0UAN2-F1-model_v4	AF-A0A3B0UAN2-F1-model_v4 2-succinyl-5-enolpyruvyl-6-hydroxy-3-cyclohexene-1-carboxylic-acid synthase	2.616E-25	1.000	758	11	586	612	6	550	553	609	0.941	0.986
LOKIASV2_1150_ESMFold_thiamine_pyrophosphate-binding_protein	AF-A0A2M7U0Q8-F1-model_v4	AF-A0A2M7U0Q8-F1-model_v4 Uncharacterized protein	1.099E-24	1.000	757	6	513	612	1	496	504	543	0.830	0.984
LOKIASV2_1150_ESMFold_thiamine_pyrophosphate-binding_protein	AF-I0AJ73-F1-model_v4	AF-I0AJ73-F1-model_v4 2-succinyl-5-enolpyruvyl-6-hydroxy-3-cyclohexene-1-carboxylate synthase	8.203E-26	1.000	756	8	602	612	1	573	574	637	0.972	0.998
LOKIASV2_1150_ESMFold_thiamine_pyrophosphate-binding_protein	AF-A0A2X5PCR9-F1-model_v4	AF-A0A2X5PCR9-F1-model_v4 Acetolactate synthase, catabolic	2.052E-23	1.000	755	1	384	612	1	360	412	398	0.627	0.874
LOKIASV2_1150_ESMFold_thiamine_pyrophosphate-binding_protein	AF-A0A2T2TSG2-F1-model_v4	AF-A0A2T2TSG2-F1-model_v4 Acetolactate synthase catalytic subunit	9.425E-21	1.000	754	1	275	612	37	307	308	277	0.449	0.880
LOKIASV2_1150_ESMFold_thiamine_pyrophosphate-binding_protein	AF-A0A7V8GJV7-F1-model_v4	AF-A0A7V8GJV7-F1-model_v4 Acetolactate synthase 2 catalytic subunit	3.831E-22	1.000	754	56	380	612	7	298	329	325	0.531	0.888
LOKIASV2_1150_ESMFold_thiamine_pyrophosphate-binding_protein	AF-E4T4N5-F1-model_v4	AF-E4T4N5-F1-model_v4 2-succinyl-5-enolpyruvyl-6-hydroxy-3-cyclohexene-1-carboxylate synthase	1.228E-24	1.000	753	9	593	612	4	561	563	616	0.956	0.991
LOKIASV2_1150_ESMFold_thiamine_pyrophosphate-binding_protein	AF-A0A2V8CBZ8-F1-model_v4	AF-A0A2V8CBZ8-F1-model_v4 Thiamine pyrophosphate-binding protein	4.883E-24	1.000	753	2	460	612	63	512	573	480	0.750	0.785
LOKIASV2_1150_ESMFold_thiamine_pyrophosphate-binding_protein	AF-A0A5P8E4P6-F1-model_v4	AF-A0A5P8E4P6-F1-model_v4 2-succinyl-5-enolpyruvyl-6-hydroxy-3-cyclohexene-1-carboxylic-acid synthase	3.448E-25	1.000	752	12	573	612	8	537	538	601	0.918	0.985
LOKIASV2_1150_ESMFold_thiamine_pyrophosphate-binding_protein	AF-A0A432JIA9-F1-model_v4	AF-A0A432JIA9-F1-model_v4 Uncharacterized protein	1.094E-21	1.000	751	223	581	612	2	337	337	364	0.587	0.997
LOKIASV2_1150_ESMFold_thiamine_pyrophosphate-binding_protein	AF-A0A537GAJ9-F1-model_v4	AF-A0A537GAJ9-F1-model_v4 Thiamine pyrophosphate-binding protein	2.169E-23	1.000	749	8	404	612	2	398	401	421	0.649	0.990
LOKIASV2_1150_ESMFold_thiamine_pyrophosphate-binding_protein	AF-A0A3D5FWN9-F1-model_v4	AF-A0A3D5FWN9-F1-model_v4 Acetolactate synthase large subunit	8.440E-21	1.000	748	8	279	612	1	269	270	277	0.444	0.996
LOKIASV2_1150_ESMFold_thiamine_pyrophosphate-binding_protein	AF-A0A2V2DJE4-F1-model_v4	AF-A0A2V2DJE4-F1-model_v4 Acetolactate synthase large subunit	8.300E-22	1.000	748	232	578	612	2	343	360	357	0.567	0.950
LOKIASV2_1150_ESMFold_thiamine_pyrophosphate-binding_protein	AF-A0A1F8LRL9-F1-model_v4	AF-A0A1F8LRL9-F1-model_v4 Uncharacterized protein	5.763E-24	1.000	746	126	572	612	10	443	443	471	0.730	0.980
LOKIASV2_1150_ESMFold_thiamine_pyrophosphate-binding_protein	AF-A0A6M3IU02-F1-model_v4	AF-A0A6M3IU02-F1-model_v4 Putative thiamine pyrophosphate enzyme	2.331E-22	1.000	744	218	581	612	2	335	336	369	0.595	0.994
LOKIASV2_1150_ESMFold_thiamine_pyrophosphate-binding_protein	AF-W4PXT9-F1-model_v4	AF-W4PXT9-F1-model_v4 Thiamine pyrophosphate-requiring enzymes	8.300E-22	1.000	741	10	355	612	2	333	347	353	0.565	0.957
LOKIASV2_1150_ESMFold_thiamine_pyrophosphate-binding_protein	AF-A0A846VRD4-F1-model_v4	AF-A0A846VRD4-F1-model_v4 Thiamine pyrophosphate-binding protein	1.768E-22	1.000	741	6	424	612	1	389	393	428	0.685	0.990
LOKIASV2_1150_ESMFold_thiamine_pyrophosphate-binding_protein	AF-A0A1M4XSH3-F1-model_v4	AF-A0A1M4XSH3-F1-model_v4 Acetolactate synthase-1/2/3 large subunit	7.763E-26	1.000	741	10	572	612	1	509	510	604	0.920	0.998
LOKIASV2_1150_ESMFold_thiamine_pyrophosphate-binding_protein	AF-A0A537R2X1-F1-model_v4	AF-A0A537R2X1-F1-model_v4 Benzoylformate decarboxylase	2.087E-22	1.000	740	8	443	612	2	402	402	446	0.712	0.998
LOKIASV2_1150_ESMFold_thiamine_pyrophosphate-binding_protein	AF-A0A5C7Z3Q0-F1-model_v4	AF-A0A5C7Z3Q0-F1-model_v4 2-succinyl-5-enolpyruvyl-6-hydroxy-3-cyclohexene-1-carboxylate synthase	6.951E-26	1.000	738	11	585	612	5	564	576	627	0.940	0.972
LOKIASV2_1150_ESMFold_thiamine_pyrophosphate-binding_protein	AF-A0A4Q5V6C1-F1-model_v4	AF-A0A4Q5V6C1-F1-model_v4 Thiamine pyrophosphate-binding protein	6.404E-21	1.000	735	5	334	612	1	317	317	334	0.539	1.000
LOKIASV2_1150_ESMFold_thiamine_pyrophosphate-binding_protein	AF-C9Q090-F1-model_v4	AF-C9Q090-F1-model_v4 2-succinyl-5-enolpyruvyl-6-hydroxy-3-cyclohexene-1-carboxylic-acid synthase	3.318E-24	1.000	735	11	573	612	6	541	541	603	0.920	0.991
LOKIASV2_1150_ESMFold_thiamine_pyrophosphate-binding_protein	AF-A0A6J7Q543-F1-model_v4	AF-A0A6J7Q543-F1-model_v4 Unannotated protein	2.097E-25	1.000	734	12	586	612	7	575	585	640	0.940	0.973
LOKIASV2_1150_ESMFold_thiamine_pyrophosphate-binding_protein	AF-A0A1Z8YUS7-F1-model_v4	AF-A0A1Z8YUS7-F1-model_v4 2-succinyl-5-enolpyruvyl-6-hydroxy-3-cyclohexene-1-carboxylate synthase	1.162E-24	1.000	733	11	612	612	3	565	565	636	0.984	0.996
LOKIASV2_1150_ESMFold_thiamine_pyrophosphate-binding_protein	AF-A0A1D7Z3P3-F1-model_v4	AF-A0A1D7Z3P3-F1-model_v4 2-succinyl-5-enolpyruvyl-6-hydroxy-3-cyclohexene-1-carboxylate synthase	5.363E-25	1.000	732	12	592	612	10	560	560	618	0.949	0.984
LOKIASV2_1150_ESMFold_thiamine_pyrophosphate-binding_protein	AF-A0A7T9GSP0-F1-model_v4	AF-A0A7T9GSP0-F1-model_v4 2-succinyl-5-enolpyruvyl-6-hydroxy-3-cyclohexene-1-carboxylate synthase	1.298E-24	1.000	727	11	610	612	3	554	555	631	0.980	0.995
LOKIASV2_1150_ESMFold_thiamine_pyrophosphate-binding_protein	AF-A0A7R9L7H9-F1-model_v4	AF-A0A7R9L7H9-F1-model_v4 Hypothetical protein	7.596E-24	1.000	727	77	571	612	10	453	1012	508	0.809	0.439
LOKIASV2_1150_ESMFold_thiamine_pyrophosphate-binding_protein	AF-A0A3C0JIF5-F1-model_v4	AF-A0A3C0JIF5-F1-model_v4 Benzaldehyde lyase	6.916E-23	1.000	726	133	584	612	5	460	464	482	0.739	0.983
LOKIASV2_1150_ESMFold_thiamine_pyrophosphate-binding_protein	AF-A0A5B6TEL8-F1-model_v4	AF-A0A5B6TEL8-F1-model_v4 2-succinyl-5-enolpyruvyl-6-hydroxy-3-cyclohexene-1-carboxylate synthase	3.087E-25	1.000	723	12	601	612	5	563	570	640	0.964	0.981
LOKIASV2_1150_ESMFold_thiamine_pyrophosphate-binding_protein	AF-A0A3D0D5S2-F1-model_v4	AF-A0A3D0D5S2-F1-model_v4 Uncharacterized protein	2.370E-21	1.000	722	278	595	612	4	313	415	324	0.520	0.747
LOKIASV2_1150_ESMFold_thiamine_pyrophosphate-binding_protein	AF-A0A346Y462-F1-model_v4	AF-A0A346Y462-F1-model_v4 2-succinyl-5-enolpyruvyl-6-hydroxy-3-cyclohexene-1-carboxylate synthase	1.682E-25	1.000	722	6	611	612	3	589	592	673	0.990	0.992
LOKIASV2_1150_ESMFold_thiamine_pyrophosphate-binding_protein	AF-A0A1J5K9K1-F1-model_v4	AF-A0A1J5K9K1-F1-model_v4 2-succinyl-5-enolpyruvyl-6-hydroxy-3-cyclohexene-1-carboxylate synthase	4.544E-25	1.000	720	12	591	612	13	571	571	629	0.948	0.979
LOKIASV2_1150_ESMFold_thiamine_pyrophosphate-binding_protein	AF-A0A2H9TAN3-F1-model_v4	AF-A0A2H9TAN3-F1-model_v4 2-succinyl-5-enolpyruvyl-6-hydroxy-3-cyclohexene-1-carboxylate synthase	7.763E-26	1.000	720	1	612	612	1	607	607	677	1.000	1.000
LOKIASV2_1150_ESMFold_thiamine_pyrophosphate-binding_protein	AF-A0A061EI28-F1-model_v4	AF-A0A061EI28-F1-model_v4 Thiamine pyrophosphate dependent pyruvate decarboxylase family protein isoform 2	1.557E-23	1.000	719	173	583	612	29	427	434	440	0.672	0.919
LOKIASV2_1150_ESMFold_thiamine_pyrophosphate-binding_protein	AF-A0A6M1RPY3-F1-model_v4	AF-A0A6M1RPY3-F1-model_v4 2-succinyl-5-enolpyruvyl-6-hydroxy-3-cyclohexene-1-carboxylate synthase	1.807E-24	1.000	719	12	591	612	10	570	572	621	0.948	0.981
LOKIASV2_1150_ESMFold_thiamine_pyrophosphate-binding_protein	AF-K0UBA4-F1-model_v4	AF-K0UBA4-F1-model_v4 Pyruvate dehydrogenase	1.112E-20	1.000	715	11	344	612	3	314	315	340	0.546	0.990
LOKIASV2_1150_ESMFold_thiamine_pyrophosphate-binding_protein	AF-A0A520P160-F1-model_v4	AF-A0A520P160-F1-model_v4 Acetolactate synthase isozyme1 large subunit	5.134E-21	1.000	705	8	360	612	1	333	333	362	0.577	1.000
LOKIASV2_1150_ESMFold_thiamine_pyrophosphate-binding_protein	AF-A0A0N9NK26-F1-model_v4	AF-A0A0N9NK26-F1-model_v4 Acetolactate synthase isozyme 1 large subunit	1.001E-23	1.000	700	1	517	612	1	509	521	560	0.845	0.977
LOKIASV2_1150_ESMFold_thiamine_pyrophosphate-binding_protein	AF-A0A2E6H633-F1-model_v4	AF-A0A2E6H633-F1-model_v4 2-succinyl-5-enolpyruvyl-6-hydroxy-3-cyclohexene-1-carboxylate synthase	3.506E-24	1.000	700	12	592	612	14	565	565	620	0.949	0.977
LOKIASV2_1150_ESMFold_thiamine_pyrophosphate-binding_protein	AF-A0A845K2S6-F1-model_v4	AF-A0A845K2S6-F1-model_v4 Uncharacterized protein	2.280E-20	1.000	700	9	298	612	263	553	566	299	0.474	0.514
LOKIASV2_1150_ESMFold_thiamine_pyrophosphate-binding_protein	AF-Q7MUI9-F1-model_v4	AF-Q7MUI9-F1-model_v4 2-succinyl-5-enolpyruvyl-6-hydroxy-3-cyclohexene-1-carboxylate synthase	5.453E-24	1.000	699	11	593	612	9	575	577	642	0.953	0.983
LOKIASV2_1150_ESMFold_thiamine_pyrophosphate-binding_protein	AF-A0A4R8VXH6-F1-model_v4	AF-A0A4R8VXH6-F1-model_v4 Uncharacterized protein	5.426E-21	1.000	697	10	365	612	1	343	345	379	0.582	0.994
LOKIASV2_1150_ESMFold_thiamine_pyrophosphate-binding_protein	AF-A0A3N4A7F3-F1-model_v4	AF-A0A3N4A7F3-F1-model_v4 2-succinyl-5-enolpyruvyl-6-hydroxy-3-cyclohexene-1-carboxylate synthase	6.329E-25	1.000	697	12	575	612	8	560	576	621	0.922	0.960
LOKIASV2_1150_ESMFold_thiamine_pyrophosphate-binding_protein	AF-A0A3N5I9N7-F1-model_v4	AF-A0A3N5I9N7-F1-model_v4 Thiamine pyrophosphate-binding protein	7.033E-22	1.000	696	116	581	612	1	421	425	480	0.761	0.991
LOKIASV2_1150_ESMFold_thiamine_pyrophosphate-binding_protein	AF-A0A4Q5ZKK0-F1-model_v4	AF-A0A4Q5ZKK0-F1-model_v4 Thiamine pyrophosphate-binding protein	5.221E-20	1.000	693	1	325	612	50	375	377	336	0.531	0.865
LOKIASV2_1150_ESMFold_thiamine_pyrophosphate-binding_protein	AF-A0A669QXP5-F1-model_v4	AF-A0A669QXP5-F1-model_v4 2-hydroxyacyl-CoA lyase 2	1.249E-23	1.000	693	72	519	612	18	458	464	493	0.732	0.950
LOKIASV2_1150_ESMFold_thiamine_pyrophosphate-binding_protein	AF-R9PTD7-F1-model_v4	AF-R9PTD7-F1-model_v4 2-succinyl-5-enolpyruvyl-6-hydroxy-3-cyclohexene-1-carboxylate synthase	1.473E-23	1.000	691	12	574	612	9	556	576	605	0.920	0.951
LOKIASV2_1150_ESMFold_thiamine_pyrophosphate-binding_protein	AF-A0A1I2JDQ8-F1-model_v4	AF-A0A1I2JDQ8-F1-model_v4 2-succinyl-5-enolpyruvyl-6-hydroxy-3-cyclohexene-1-carboxylate synthase	9.473E-24	1.000	689	12	575	612	6	567	579	619	0.922	0.971
LOKIASV2_1150_ESMFold_thiamine_pyrophosphate-binding_protein	AF-A0A3C1ZLG8-F1-model_v4	AF-A0A3C1ZLG8-F1-model_v4 Acetolactate synthase	1.730E-20	1.000	687	10	340	612	2	314	314	338	0.541	0.997
LOKIASV2_1150_ESMFold_thiamine_pyrophosphate-binding_protein	AF-A0A7X1P680-F1-model_v4	AF-A0A7X1P680-F1-model_v4 Thiamine pyrophosphate-binding protein	6.329E-25	1.000	683	1	593	612	1	436	436	602	0.969	1.000
LOKIASV2_1150_ESMFold_thiamine_pyrophosphate-binding_protein	AF-A0A6J1CQH4-F1-model_v4	AF-A0A6J1CQH4-F1-model_v4 Pyruvate decarboxylase	1.076E-22	1.000	683	91	593	612	2	484	486	543	0.822	0.994
LOKIASV2_1150_ESMFold_thiamine_pyrophosphate-binding_protein	AF-A0A3D2B0I1-F1-model_v4	AF-A0A3D2B0I1-F1-model_v4 Uncharacterized protein	4.598E-21	1.000	681	10	376	612	2	340	356	378	0.600	0.952
LOKIASV2_1150_ESMFold_thiamine_pyrophosphate-binding_protein	AF-X0WJ82-F1-model_v4	AF-X0WJ82-F1-model_v4 Uncharacterized protein	3.056E-19	1.000	678	56	332	612	2	265	266	280	0.453	0.992
LOKIASV2_1150_ESMFold_thiamine_pyrophosphate-binding_protein	AF-X5E175-F1-model_v4	AF-X5E175-F1-model_v4 2-succinyl-5-enolpyruvyl-6-hydroxy-3-cyclohexene-1-carboxylate synthase	4.883E-24	1.000	678	12	607	612	7	574	579	634	0.974	0.981
LOKIASV2_1150_ESMFold_thiamine_pyrophosphate-binding_protein	AF-A0A656GK07-F1-model_v4	AF-A0A656GK07-F1-model_v4 Thiamine pyrophosphate protein central region	1.088E-18	1.000	677	96	334	612	2	236	237	239	0.391	0.992
LOKIASV2_1150_ESMFold_thiamine_pyrophosphate-binding_protein	AF-A0A7Y1ZUL5-F1-model_v4	AF-A0A7Y1ZUL5-F1-model_v4 2-succinyl-5-enolpyruvyl-6-hydroxy-3-cyclohexene-1-carboxylate synthase	2.705E-23	1.000	677	11	574	612	9	526	545	609	0.922	0.950
LOKIASV2_1150_ESMFold_thiamine_pyrophosphate-binding_protein	AF-S9WDY9-F1-model_v4	AF-S9WDY9-F1-model_v4 2-hydroxyacyl-CoA lyase 1 isoform 3	5.545E-23	1.000	676	1	593	612	7	466	481	621	0.969	0.956
LOKIASV2_1150_ESMFold_thiamine_pyrophosphate-binding_protein	AF-A0A1Y0I9B4-F1-model_v4	AF-A0A1Y0I9B4-F1-model_v4 2-succinyl-5-enolpyruvyl-6-hydroxy-3-cyclohexene-1-carboxylate synthase	1.531E-24	1.000	676	12	595	612	14	623	624	669	0.954	0.978
LOKIASV2_1150_ESMFold_thiamine_pyrophosphate-binding_protein	AF-A0A7G1IGT5-F1-model_v4	AF-A0A7G1IGT5-F1-model_v4 Uncharacterized protein	2.158E-20	1.000	675	25	367	612	1	318	391	345	0.560	0.813
LOKIASV2_1150_ESMFold_thiamine_pyrophosphate-binding_protein	AF-A0A1W9HT29-F1-model_v4	AF-A0A1W9HT29-F1-model_v4 2-succinyl-5-enolpyruvyl-6-hydroxy-3-cyclohexene-1-carboxylate synthase	3.021E-23	1.000	673	13	592	612	6	528	530	610	0.948	0.987
LOKIASV2_1150_ESMFold_thiamine_pyrophosphate-binding_protein	AF-A0A7L4GPT5-F1-model_v4	AF-A0A7L4GPT5-F1-model_v4 HACL1 lyase	1.828E-20	1.000	671	227	591	612	2	356	356	382	0.596	0.997
LOKIASV2_1150_ESMFold_thiamine_pyrophosphate-binding_protein	AF-A0A3D5RWY1-F1-model_v4	AF-A0A3D5RWY1-F1-model_v4 2-succinyl-5-enolpyruvyl-6-hydroxy-3-cyclohexene-1-carboxylate synthase	1.646E-23	1.000	671	10	585	612	3	555	562	609	0.941	0.984
LOKIASV2_1150_ESMFold_thiamine_pyrophosphate-binding_protein	AF-A0A7C5G446-F1-model_v4	AF-A0A7C5G446-F1-model_v4 2-succinyl-5-enolpyruvyl-6-hydroxy-3-cyclohexene-1-carboxylate synthase	1.394E-23	1.000	671	12	591	612	12	572	572	634	0.948	0.981
LOKIASV2_1150_ESMFold_thiamine_pyrophosphate-binding_protein	AF-A0A1T5C4R2-F1-model_v4	AF-A0A1T5C4R2-F1-model_v4 2-succinyl-5-enolpyruvyl-6-hydroxy-3-cyclohexene-1-carboxylate synthase	7.309E-23	1.000	670	11	585	612	6	546	555	606	0.940	0.975
LOKIASV2_1150_ESMFold_thiamine_pyrophosphate-binding_protein	AF-A0A7V0ISQ0-F1-model_v4	AF-A0A7V0ISQ0-F1-model_v4 Uncharacterized protein	6.266E-19	1.000	668	237	576	612	2	315	323	340	0.556	0.972
LOKIASV2_1150_ESMFold_thiamine_pyrophosphate-binding_protein	AF-A0A6D0F183-F1-model_v4	AF-A0A6D0F183-F1-model_v4 Ubiquinone-dependent pyruvate dehydrogenase	1.242E-20	1.000	665	238	610	612	3	347	354	380	0.609	0.975
LOKIASV2_1150_ESMFold_thiamine_pyrophosphate-binding_protein	AF-A0A7S3S888-F1-model_v4	AF-A0A7S3S888-F1-model_v4 Hypothetical protein	9.069E-20	1.000	663	231	577	612	7	347	389	366	0.567	0.877
LOKIASV2_1150_ESMFold_thiamine_pyrophosphate-binding_protein	AF-A0A842HDI0-F1-model_v4	AF-A0A842HDI0-F1-model_v4 2-succinyl-5-enolpyruvyl-6-hydroxy-3-cyclohexene-1-carboxylic-acid synthase	1.838E-23	1.000	660	12	593	612	13	578	691	628	0.951	0.819
LOKIASV2_1150_ESMFold_thiamine_pyrophosphate-binding_protein	AF-A0A7J5YFM7-F1-model_v4	AF-A0A7J5YFM7-F1-model_v4 Uncharacterized protein	4.521E-22	1.000	660	2	424	612	346	775	776	469	0.691	0.554
LOKIASV2_1150_ESMFold_thiamine_pyrophosphate-binding_protein	AF-A0A2V6P9H9-F1-model_v4	AF-A0A2V6P9H9-F1-model_v4 Uncharacterized protein	4.675E-20	1.000	659	8	386	612	3	369	387	394	0.619	0.948
LOKIASV2_1150_ESMFold_thiamine_pyrophosphate-binding_protein	AF-A0A5J4Q3T5-F1-model_v4	AF-A0A5J4Q3T5-F1-model_v4 Acetolactate synthase large subunit	9.378E-18	1.000	657	8	246	612	1	234	235	244	0.391	0.996
LOKIASV2_1150_ESMFold_thiamine_pyrophosphate-binding_protein	AF-A0A1V8UIK2-F1-model_v4	AF-A0A1V8UIK2-F1-model_v4 Acetolactate synthase, mitochondrial	3.056E-19	1.000	656	1	295	612	90	394	394	316	0.482	0.774
LOKIASV2_1150_ESMFold_thiamine_pyrophosphate-binding_protein	AF-A0A495N190-F1-model_v4	AF-A0A495N190-F1-model_v4 2-succinyl-5-enolpyruvyl-6-hydroxy-3-cyclohexene-1-carboxylate synthase	3.072E-22	1.000	656	13	590	612	9	538	538	618	0.944	0.985
LOKIASV2_1150_ESMFold_thiamine_pyrophosphate-binding_protein	AF-A0A3C0EF28-F1-model_v4	AF-A0A3C0EF28-F1-model_v4 Acetolactate synthase	1.107E-17	1.000	654	8	263	612	2	251	251	256	0.418	0.996
LOKIASV2_1150_ESMFold_thiamine_pyrophosphate-binding_protein	AF-A0A3C1MUQ1-F1-model_v4	AF-A0A3C1MUQ1-F1-model_v4 Acetolactate synthase 3 large subunit	1.629E-17	1.000	654	8	267	612	1	254	255	265	0.425	0.996
LOKIASV2_1150_ESMFold_thiamine_pyrophosphate-binding_protein	AF-A0A522SNC3-F1-model_v4	AF-A0A522SNC3-F1-model_v4 Thiamine pyrophosphate-binding protein	1.859E-19	1.000	654	230	579	612	2	329	340	352	0.572	0.965
LOKIASV2_1150_ESMFold_thiamine_pyrophosphate-binding_protein	AF-K2AGZ4-F1-model_v4	AF-K2AGZ4-F1-model_v4 Uncharacterized protein	1.575E-19	1.000	654	248	610	612	2	347	351	374	0.593	0.986
LOKIASV2_1150_ESMFold_thiamine_pyrophosphate-binding_protein	AF-A0A1D9BCX3-F1-model_v4	AF-A0A1D9BCX3-F1-model_v4 Uncharacterized protein	4.941E-20	1.000	654	199	574	612	19	388	389	392	0.614	0.951
LOKIASV2_1150_ESMFold_thiamine_pyrophosphate-binding_protein	AF-A0A519YRQ5-F1-model_v4	AF-A0A519YRQ5-F1-model_v4 Ubiquinone-dependent pyruvate dehydrogenase	7.151E-21	1.000	648	230	610	612	3	357	364	390	0.623	0.975
LOKIASV2_1150_ESMFold_thiamine_pyrophosphate-binding_protein	AF-A0A4Q2L5B1-F1-model_v4	AF-A0A4Q2L5B1-F1-model_v4 Thiamine pyrophosphate-binding protein	1.435E-18	1.000	647	11	326	612	3	319	322	323	0.516	0.984
LOKIASV2_1150_ESMFold_thiamine_pyrophosphate-binding_protein	AF-A0A6N7W5B7-F1-model_v4	AF-A0A6N7W5B7-F1-model_v4 2-succinyl-5-enolpyruvyl-6-hydroxy-3-cyclohexene-1-carboxylate synthase	3.246E-22	1.000	644	13	592	612	9	532	532	617	0.948	0.985
LOKIASV2_1150_ESMFold_thiamine_pyrophosphate-binding_protein	AF-A0A1G7RWW0-F1-model_v4	AF-A0A1G7RWW0-F1-model_v4 2-succinyl-5-enolpyruvyl-6-hydroxy-3-cyclohexene-1-carboxylate synthase	4.207E-23	1.000	644	10	585	612	5	558	567	629	0.941	0.977
LOKIASV2_1150_ESMFold_thiamine_pyrophosphate-binding_protein	AF-A0A420MHD9-F1-model_v4	AF-A0A420MHD9-F1-model_v4 Acetolactate synthase catalytic subunit, mitochondrial	3.812E-19	1.000	643	65	404	612	2	344	362	367	0.556	0.948
LOKIASV2_1150_ESMFold_thiamine_pyrophosphate-binding_protein	AF-A0A2Z6CQ68-F1-model_v4	AF-A0A2Z6CQ68-F1-model_v4 Acetolactate synthase large subunit	2.892E-19	1.000	643	2	339	612	54	380	393	345	0.552	0.832
LOKIASV2_1150_ESMFold_thiamine_pyrophosphate-binding_protein	AF-K2M1G9-F1-model_v4	AF-K2M1G9-F1-model_v4 Acetolactate synthase 1 catalytic subunit	3.876E-18	1.000	636	1	280	612	13	289	290	291	0.458	0.955
LOKIASV2_1150_ESMFold_thiamine_pyrophosphate-binding_protein	AF-A0A354S7X7-F1-model_v4	AF-A0A354S7X7-F1-model_v4 2-succinyl-5-enolpyruvyl-6-hydroxy-3-cyclohexene-1-carboxylic-acid synthase	1.768E-22	1.000	636	13	590	612	9	531	531	611	0.944	0.985
LOKIASV2_1150_ESMFold_thiamine_pyrophosphate-binding_protein	AF-A0A382RL70-F1-model_v4	AF-A0A382RL70-F1-model_v4 Uncharacterized protein	1.285E-18	1.000	631	10	306	612	1	277	286	303	0.485	0.969
LOKIASV2_1150_ESMFold_thiamine_pyrophosphate-binding_protein	AF-A0A2W5BEV9-F1-model_v4	AF-A0A2W5BEV9-F1-model_v4 Thiamine pyrophosphate-binding protein	8.582E-20	1.000	628	174	539	612	3	342	344	373	0.598	0.988
LOKIASV2_1150_ESMFold_thiamine_pyrophosphate-binding_protein	AF-A0A819Y2X8-F1-model_v4	AF-A0A819Y2X8-F1-model_v4 Hypothetical protein	2.158E-20	1.000	628	3	380	612	33	419	422	422	0.618	0.917
LOKIASV2_1150_ESMFold_thiamine_pyrophosphate-binding_protein	AF-A0A843AUA6-F1-model_v4	AF-A0A843AUA6-F1-model_v4 Uncharacterized protein	4.652E-17	1.000	627	10	269	612	1	249	250	260	0.425	0.996
LOKIASV2_1150_ESMFold_thiamine_pyrophosphate-binding_protein	AF-A0A496LPP6-F1-model_v4	AF-A0A496LPP6-F1-model_v4 Thiamine pyrophosphate-binding protein	4.257E-19	1.000	627	246	576	612	1	314	358	337	0.541	0.877
LOKIASV2_1150_ESMFold_thiamine_pyrophosphate-binding_protein	AF-A0A1Z9VH77-F1-model_v4	AF-A0A1Z9VH77-F1-model_v4 Pyruvate decarboxylase	1.665E-19	1.000	627	8	424	612	2	399	406	429	0.681	0.980
LOKIASV2_1150_ESMFold_thiamine_pyrophosphate-binding_protein	AF-A0A257LTC3-F1-model_v4	AF-A0A257LTC3-F1-model_v4 Uncharacterized protein	2.111E-18	1.000	627	1	307	612	23	327	429	318	0.502	0.711
LOKIASV2_1150_ESMFold_thiamine_pyrophosphate-binding_protein	AF-A0A353GML5-F1-model_v4	AF-A0A353GML5-F1-model_v4 Acetolactate synthase large subunit	2.534E-17	1.000	624	8	247	612	1	233	235	245	0.392	0.991
LOKIASV2_1150_ESMFold_thiamine_pyrophosphate-binding_protein	AF-A0A2T4CWW8-F1-model_v4	AF-A0A2T4CWW8-F1-model_v4 Acetolactate synthase	7.395E-19	1.000	624	1	354	612	1	361	362	376	0.578	0.997
LOKIASV2_1150_ESMFold_thiamine_pyrophosphate-binding_protein	AF-A0A2M7ZZE5-F1-model_v4	AF-A0A2M7ZZE5-F1-model_v4 Uncharacterized protein	3.340E-17	1.000	622	8	291	612	1	275	278	287	0.464	0.989
LOKIASV2_1150_ESMFold_thiamine_pyrophosphate-binding_protein	AF-A0A800AJG5-F1-model_v4	AF-A0A800AJG5-F1-model_v4 Thiamine pyrophosphate-binding protein	2.307E-16	1.000	620	10	239	612	1	224	227	233	0.376	0.987
LOKIASV2_1150_ESMFold_thiamine_pyrophosphate-binding_protein	AF-A0A2D9RSZ5-F1-model_v4	AF-A0A2D9RSZ5-F1-model_v4 2-succinyl-5-enolpyruvyl-6-hydroxy-3-cyclohexene-1-carboxylate synthase	1.798E-21	1.000	620	12	579	612	8	576	589	628	0.928	0.966
LOKIASV2_1150_ESMFold_thiamine_pyrophosphate-binding_protein	AF-A0A7C4WFQ8-F1-model_v4	AF-A0A7C4WFQ8-F1-model_v4 Thiamine pyrophosphate-binding protein	9.024E-17	1.000	619	10	269	612	1	248	248	262	0.425	1.000
LOKIASV2_1150_ESMFold_thiamine_pyrophosphate-binding_protein	AF-A0A6N6SQD8-F1-model_v4	AF-A0A6N6SQD8-F1-model_v4 2-succinyl-5-enolpyruvyl-6-hydroxy-3-cyclohexene-1-carboxylate synthase	2.705E-23	1.000	619	12	608	612	9	677	691	734	0.975	0.968
LOKIASV2_1150_ESMFold_thiamine_pyrophosphate-binding_protein	AF-A0A7H4PLG9-F1-model_v4	AF-A0A7H4PLG9-F1-model_v4 Acetolactate synthase	4.096E-18	1.000	613	1	291	612	1	283	287	301	0.475	0.986
LOKIASV2_1150_ESMFold_thiamine_pyrophosphate-binding_protein	AF-A0A2Z6QEX2-F1-model_v4	AF-A0A2Z6QEX2-F1-model_v4 Uncharacterized protein	4.028E-19	1.000	613	195	608	612	9	395	396	435	0.676	0.977
LOKIASV2_1150_ESMFold_thiamine_pyrophosphate-binding_protein	AF-A0A2D9E973-F1-model_v4	AF-A0A2D9E973-F1-model_v4 2-succinyl-5-enolpyruvyl-6-hydroxy-3-cyclohexene-1-carboxylate synthase	1.524E-21	1.000	612	5	579	612	1	531	540	626	0.940	0.983
LOKIASV2_1150_ESMFold_thiamine_pyrophosphate-binding_protein	AF-A0A537C0U6-F1-model_v4	AF-A0A537C0U6-F1-model_v4 Oxalyl-CoA decarboxylase	1.575E-19	1.000	610	104	479	612	2	367	369	394	0.614	0.992
LOKIASV2_1150_ESMFold_thiamine_pyrophosphate-binding_protein	AF-Q6MHQ6-F1-model_v4	AF-Q6MHQ6-F1-model_v4 2-succinyl-5-enolpyruvyl-6-hydroxy-3-cyclohexene-1-carboxylate synthase	3.488E-21	1.000	609	10	589	612	1	522	526	593	0.948	0.992
LOKIASV2_1150_ESMFold_thiamine_pyrophosphate-binding_protein	AF-A0A842N0J3-F1-model_v4	AF-A0A842N0J3-F1-model_v4 Thiamine pyrophosphate-binding protein	1.047E-17	1.000	606	250	576	612	2	308	327	331	0.534	0.939
LOKIASV2_1150_ESMFold_thiamine_pyrophosphate-binding_protein	AF-K1T6V8-F1-model_v4	AF-K1T6V8-F1-model_v4 Acetolactate synthase, large subunit, biosynthetic type	1.042E-14	1.000	602	8	190	612	1	177	210	183	0.299	0.843
LOKIASV2_1150_ESMFold_thiamine_pyrophosphate-binding_protein	AF-A0A6I2WWI6-F1-model_v4	AF-A0A6I2WWI6-F1-model_v4 Acetolactate synthase large subunit	5.282E-16	1.000	597	10	244	612	1	228	229	236	0.384	0.996
LOKIASV2_1150_ESMFold_thiamine_pyrophosphate-binding_protein	AF-A0A838PGI8-F1-model_v4	AF-A0A838PGI8-F1-model_v4 Acetolactate synthase large subunit	3.471E-18	1.000	597	246	575	612	1	303	319	338	0.539	0.950
LOKIASV2_1150_ESMFold_thiamine_pyrophosphate-binding_protein	AF-B8HDT1-F1-model_v4	AF-B8HDT1-F1-model_v4 2-succinyl-5-enolpyruvyl-6-hydroxy-3-cyclohexene-1-carboxylate synthase	7.033E-22	1.000	595	2	575	612	58	603	627	613	0.938	0.871
LOKIASV2_1150_ESMFold_thiamine_pyrophosphate-binding_protein	AF-A0A0D1ZAQ1-F1-model_v4	AF-A0A0D1ZAQ1-F1-model_v4 Uncharacterized protein	8.727E-19	1.000	594	1	390	612	10	401	473	416	0.637	0.829
LOKIASV2_1150_ESMFold_thiamine_pyrophosphate-binding_protein	AF-A0A833JFF9-F1-model_v4	AF-A0A833JFF9-F1-model_v4 2-succinyl-5-enolpyruvyl-6-hydroxy-3-cyclohexene-1-carboxylic-acid synthase	6.404E-21	1.000	594	10	590	612	2	538	538	614	0.949	0.998
LOKIASV2_1150_ESMFold_thiamine_pyrophosphate-binding_protein	AF-A0A3D0PVJ1-F1-model_v4	AF-A0A3D0PVJ1-F1-model_v4 Oxalyl-CoA decarboxylase	1.923E-17	1.000	592	194	528	612	15	320	323	339	0.547	0.947
LOKIASV2_1150_ESMFold_thiamine_pyrophosphate-binding_protein	AF-A0A3D4NFS2-F1-model_v4	AF-A0A3D4NFS2-F1-model_v4 Thiamine pyrophosphate-binding protein	1.923E-17	1.000	591	65	421	612	2	335	337	358	0.583	0.991
LOKIASV2_1150_ESMFold_thiamine_pyrophosphate-binding_protein	AF-A0A4Y1ZGF6-F1-model_v4	AF-A0A4Y1ZGF6-F1-model_v4 Pyruvate decarboxylase	6.881E-20	1.000	591	126	602	612	1	437	447	498	0.779	0.978
LOKIASV2_1150_ESMFold_thiamine_pyrophosphate-binding_protein	AF-A0A2A9H1B7-F1-model_v4	AF-A0A2A9H1B7-F1-model_v4 2-succinyl-5-enolpyruvyl-6-hydroxy-3-cyclohexene-1-carboxylate synthase	6.060E-21	1.000	589	10	591	612	1	546	546	639	0.951	1.000
LOKIASV2_1150_ESMFold_thiamine_pyrophosphate-binding_protein	AF-A0A3L9I1K8-F1-model_v4	AF-A0A3L9I1K8-F1-model_v4 Glyoxylate carboligase	3.214E-16	1.000	588	8	250	612	2	237	238	246	0.397	0.992
LOKIASV2_1150_ESMFold_thiamine_pyrophosphate-binding_protein	AF-A0A536TRU0-F1-model_v4	AF-A0A536TRU0-F1-model_v4 Thiamine pyrophosphate-binding protein	4.834E-18	1.000	588	1	343	612	8	350	351	368	0.560	0.977
LOKIASV2_1150_ESMFold_thiamine_pyrophosphate-binding_protein	AF-A0A4T0X656-F1-model_v4	AF-A0A4T0X656-F1-model_v4 Uncharacterized protein	1.313E-20	1.000	588	2	457	612	26	472	472	493	0.745	0.947
LOKIASV2_1150_ESMFold_thiamine_pyrophosphate-binding_protein	AF-A0A3C0TC27-F1-model_v4	AF-A0A3C0TC27-F1-model_v4 Thiamine pyrophosphate-binding protein	1.751E-16	1.000	587	11	301	612	3	282	284	292	0.475	0.986
LOKIASV2_1150_ESMFold_thiamine_pyrophosphate-binding_protein	AF-A0A2E1THW0-F1-model_v4	AF-A0A2E1THW0-F1-model_v4 Acetolactate synthase large subunit	6.162E-20	1.000	587	10	477	612	1	421	422	496	0.765	0.998
LOKIASV2_1150_ESMFold_thiamine_pyrophosphate-binding_protein	AF-A0A7C2GHI1-F1-model_v4	AF-A0A7C2GHI1-F1-model_v4 Uncharacterized protein	9.584E-20	1.000	584	139	569	612	2	397	399	452	0.704	0.992
LOKIASV2_1150_ESMFold_thiamine_pyrophosphate-binding_protein	AF-A0A6I2VCI7-F1-model_v4	AF-A0A6I2VCI7-F1-model_v4 2-succinyl-5-enolpyruvyl-6-hydroxy-3-cyclohexene-1-carboxylic-acid synthase	1.070E-19	1.000	584	12	483	612	11	473	474	503	0.771	0.977
LOKIASV2_1150_ESMFold_thiamine_pyrophosphate-binding_protein	AF-A0A418WV26-F1-model_v4	AF-A0A418WV26-F1-model_v4 Thiamine pyrophosphate-binding protein	4.096E-18	1.000	583	185	551	612	6	356	357	382	0.600	0.983
LOKIASV2_1150_ESMFold_thiamine_pyrophosphate-binding_protein	AF-A0A7X4A5B5-F1-model_v4	AF-A0A7X4A5B5-F1-model_v4 Uncharacterized protein	5.801E-17	1.000	581	11	250	612	4	237	293	250	0.392	0.799
LOKIASV2_1150_ESMFold_thiamine_pyrophosphate-binding_protein	AF-A0A7C1QFL5-F1-model_v4	AF-A0A7C1QFL5-F1-model_v4 Thiamine pyrophosphate-binding protein	9.378E-18	1.000	581	258	576	612	2	303	328	332	0.521	0.921
LOKIASV2_1150_ESMFold_thiamine_pyrophosphate-binding_protein	AF-A0A5H2XRD8-F1-model_v4	AF-A0A5H2XRD8-F1-model_v4 Chlorsulfuron/imidazolinone resistant 1	4.551E-15	1.000	580	1	190	612	65	256	278	199	0.310	0.691
LOKIASV2_1150_ESMFold_thiamine_pyrophosphate-binding_protein	AF-Q1W2F6-F1-model_v4	AF-Q1W2F6-F1-model_v4 2-succinyl-6-hydroxy-2, 4-cyclohexadiene-1-carboxylate synthase	4.278E-22	1.000	576	12	592	612	70	742	885	732	0.949	0.760
LOKIASV2_1150_ESMFold_thiamine_pyrophosphate-binding_protein	AF-A0A418H6N0-F1-model_v4	AF-A0A418H6N0-F1-model_v4 Acetolactate synthase large subunit	2.664E-14	1.000	574	2	183	612	5	179	182	182	0.297	0.962
LOKIASV2_1150_ESMFold_thiamine_pyrophosphate-binding_protein	AF-A0A7C5JBV1-F1-model_v4	AF-A0A7C5JBV1-F1-model_v4 Acetolactate synthase large subunit	1.594E-15	1.000	574	10	253	612	1	233	233	246	0.399	1.000
LOKIASV2_1150_ESMFold_thiamine_pyrophosphate-binding_protein	AF-A0A6P0DSH3-F1-model_v4	AF-A0A6P0DSH3-F1-model_v4 3D-(3,5/4)-trihydroxycyclohexane-1,2-dione acylhydrolase (Decyclizing)	1.568E-16	1.000	568	269	592	612	2	308	310	329	0.529	0.990
LOKIASV2_1150_ESMFold_thiamine_pyrophosphate-binding_protein	AF-A0A4U6QEP2-F1-model_v4	AF-A0A4U6QEP2-F1-model_v4 2-succinyl-5-enolpyruvyl-6-hydroxy-3-cyclohexene-1-carboxylate synthase	5.426E-21	1.000	565	12	595	612	7	576	585	653	0.954	0.974
LOKIASV2_1150_ESMFold_thiamine_pyrophosphate-binding_protein	AF-A0A0H5DNY0-F1-model_v4	AF-A0A0H5DNY0-F1-model_v4 2-succinyl-5-enolpyruvyl-6-hydroxy-3-cyclohexene-1-carboxylate synthase	2.280E-20	1.000	562	13	590	612	23	538	538	607	0.944	0.959
LOKIASV2_1150_ESMFold_thiamine_pyrophosphate-binding_protein	AF-A0A2A3JS68-F1-model_v4	AF-A0A2A3JS68-F1-model_v4 Thiamine pyrophosphate-binding protein	8.040E-14	1.000	561	8	190	612	5	181	199	183	0.299	0.889
LOKIASV2_1150_ESMFold_thiamine_pyrophosphate-binding_protein	AF-A0A533RW61-F1-model_v4	AF-A0A533RW61-F1-model_v4 Thiamine pyrophosphate-binding protein	1.451E-14	1.000	560	10	189	612	1	177	190	185	0.294	0.932
LOKIASV2_1150_ESMFold_thiamine_pyrophosphate-binding_protein	AF-A0A2V8GS87-F1-model_v4	AF-A0A2V8GS87-F1-model_v4 Uncharacterized protein	4.329E-18	1.000	559	20	361	612	1	342	374	370	0.559	0.914
LOKIASV2_1150_ESMFold_thiamine_pyrophosphate-binding_protein	AF-A0A2D8AKF4-F1-model_v4	AF-A0A2D8AKF4-F1-model_v4 Acetolactate synthase large subunit	3.284E-18	1.000	558	10	475	612	1	421	421	490	0.761	1.000
LOKIASV2_1150_ESMFold_thiamine_pyrophosphate-binding_protein	AF-A0A3B1AZN3-F1-model_v4	AF-A0A3B1AZN3-F1-model_v4 2-succinyl-5-enolpyruvyl-6-hydroxy-3-cyclohexene-1-carboxylic-acid synthase	2.451E-19	1.000	554	11	477	612	442	877	895	488	0.763	0.487
LOKIASV2_1150_ESMFold_thiamine_pyrophosphate-binding_protein	AF-A0A3B9HFA7-F1-model_v4	AF-A0A3B9HFA7-F1-model_v4 Uncharacterized protein	9.378E-18	1.000	553	257	576	612	13	326	326	335	0.523	0.963
LOKIASV2_1150_ESMFold_thiamine_pyrophosphate-binding_protein	AF-A0A7J8Q0R0-F1-model_v4	AF-A0A7J8Q0R0-F1-model_v4 Pyruvate decarboxylase	9.378E-18	1.000	550	1	360	612	18	379	392	382	0.588	0.923
LOKIASV2_1150_ESMFold_thiamine_pyrophosphate-binding_protein	AF-A0A523L5V4-F1-model_v4	AF-A0A523L5V4-F1-model_v4 Twin-arginine translocation signal domain-containing protein	3.730E-17	1.000	549	10	323	612	103	407	421	329	0.513	0.724
LOKIASV2_1150_ESMFold_thiamine_pyrophosphate-binding_protein	AF-A0A836X4U6-F1-model_v4	AF-A0A836X4U6-F1-model_v4 Oxalyl-CoA decarboxylase	1.988E-15	1.000	547	8	268	612	2	255	255	268	0.426	0.996
LOKIASV2_1150_ESMFold_thiamine_pyrophosphate-binding_protein	AF-A0A6A6K3S2-F1-model_v4	AF-A0A6A6K3S2-F1-model_v4 Uncharacterized protein	4.499E-19	1.000	544	1	478	612	93	421	424	478	0.781	0.776
LOKIASV2_1150_ESMFold_thiamine_pyrophosphate-binding_protein	AF-A0A521Y4E3-F1-model_v4	AF-A0A521Y4E3-F1-model_v4 2-succinyl-5-enolpyruvyl-6-hydroxy-3-cyclohexene-1-carboxylic-acid synthase	1.693E-18	1.000	544	95	586	612	2	482	495	518	0.804	0.972
LOKIASV2_1150_ESMFold_thiamine_pyrophosphate-binding_protein	AF-A0A352SM54-F1-model_v4	AF-A0A352SM54-F1-model_v4 2-succinyl-5-enolpyruvyl-6-hydroxy-3-cyclohexene-1-carboxylic-acid synthase	4.941E-20	1.000	542	1	496	612	5	523	531	568	0.810	0.977
LOKIASV2_1150_ESMFold_thiamine_pyrophosphate-binding_protein	AF-A0A6G2WVQ4-F1-model_v4	AF-A0A6G2WVQ4-F1-model_v4 Glyoxylate carboligase	1.008E-16	1.000	541	5	572	612	1	350	351	582	0.928	0.997
LOKIASV2_1150_ESMFold_thiamine_pyrophosphate-binding_protein	AF-A0A3M1F0R4-F1-model_v4	AF-A0A3M1F0R4-F1-model_v4 Thiamine pyrophosphate-binding protein	3.649E-15	1.000	540	322	586	612	1	258	267	266	0.433	0.966
LOKIASV2_1150_ESMFold_thiamine_pyrophosphate-binding_protein	AF-A0A4R7S4B9-F1-model_v4	AF-A0A4R7S4B9-F1-model_v4 2-succinyl-5-enolpyruvyl-6-hydroxy-3-cyclohexene-1-carboxylate synthase	1.491E-19	1.000	540	12	586	612	6	511	513	617	0.940	0.986
LOKIASV2_1150_ESMFold_thiamine_pyrophosphate-binding_protein	AF-A0A7W0XKF6-F1-model_v4	AF-A0A7W0XKF6-F1-model_v4 Benzoylformate decarboxylase	2.269E-17	1.000	538	222	601	612	2	343	345	401	0.621	0.991
LOKIASV2_1150_ESMFold_thiamine_pyrophosphate-binding_protein	AF-A0A383E5W0-F1-model_v4	AF-A0A383E5W0-F1-model_v4 TPP_enzyme_N domain-containing protein	2.426E-13	1.000	536	10	178	612	2	163	168	169	0.276	0.964
LOKIASV2_1150_ESMFold_thiamine_pyrophosphate-binding_protein	AF-A0A6P1PX64-F1-model_v4	AF-A0A6P1PX64-F1-model_v4 Pyruvate dehydrogenase (Ubiquinone)	2.878E-16	1.000	536	8	355	612	1	307	309	357	0.569	0.994
LOKIASV2_1150_ESMFold_thiamine_pyrophosphate-binding_protein	AF-A0A356QZL0-F1-model_v4	AF-A0A356QZL0-F1-model_v4 Acetolactate synthase 3 large subunit	1.230E-14	1.000	534	200	421	612	2	212	215	224	0.363	0.981
LOKIASV2_1150_ESMFold_thiamine_pyrophosphate-binding_protein	AF-A0A7Y2VF85-F1-model_v4	AF-A0A7Y2VF85-F1-model_v4 Acetolactate synthase large subunit	1.251E-13	1.000	533	2	173	612	11	176	178	173	0.281	0.933
LOKIASV2_1150_ESMFold_thiamine_pyrophosphate-binding_protein	AF-M7AE37-F1-model_v4	AF-M7AE37-F1-model_v4 Thiamine pyrophosphate enzyme, N-terminal TPP binding domain protein	6.812E-14	1.000	533	8	197	612	1	190	215	198	0.310	0.884
LOKIASV2_1150_ESMFold_thiamine_pyrophosphate-binding_protein	AF-A0A401HC20-F1-model_v4	AF-A0A401HC20-F1-model_v4 2-oxoacid oxidoreductase (ferredoxin)	1.568E-16	1.000	533	258	576	612	1	296	310	322	0.521	0.955
LOKIASV2_1150_ESMFold_thiamine_pyrophosphate-binding_protein	AF-A0A433D5I7-F1-model_v4	AF-A0A433D5I7-F1-model_v4 Uncharacterized protein	1.483E-16	1.000	532	110	456	612	5	336	347	364	0.567	0.957
LOKIASV2_1150_ESMFold_thiamine_pyrophosphate-binding_protein	AF-A0A009S3E0-F1-model_v4	AF-A0A009S3E0-F1-model_v4 Thiamine pyrophosphate enzyme, N-terminal TPP binding domain protein	8.874E-18	1.000	532	8	360	612	1	337	383	371	0.577	0.880
LOKIASV2_1150_ESMFold_thiamine_pyrophosphate-binding_protein	AF-A0A2X4Z5T3-F1-model_v4	AF-A0A2X4Z5T3-F1-model_v4 Pyruvate decarboxylase	1.923E-17	1.000	532	6	361	612	1	346	393	381	0.582	0.880
LOKIASV2_1150_ESMFold_thiamine_pyrophosphate-binding_protein	AF-A0A2E9DU44-F1-model_v4	AF-A0A2E9DU44-F1-model_v4 TPP_enzyme_C domain-containing protein	1.780E-15	1.000	530	319	576	612	2	246	264	261	0.422	0.928
LOKIASV2_1150_ESMFold_thiamine_pyrophosphate-binding_protein	AF-A0A401X5T3-F1-model_v4	AF-A0A401X5T3-F1-model_v4 Uncharacterized protein	1.542E-17	1.000	530	185	592	612	3	381	384	440	0.667	0.987
LOKIASV2_1150_ESMFold_thiamine_pyrophosphate-binding_protein	AF-A0A4U9D0P0-F1-model_v4	AF-A0A4U9D0P0-F1-model_v4 Indole-3-pyruvate decarboxylase	1.170E-17	1.000	530	136	579	612	3	411	418	464	0.725	0.978
LOKIASV2_1150_ESMFold_thiamine_pyrophosphate-binding_protein	AF-A0A7W1NXY4-F1-model_v4	AF-A0A7W1NXY4-F1-model_v4 TPP_enzyme_N domain-containing protein	8.979E-14	1.000	528	8	232	612	1	215	217	226	0.368	0.991
LOKIASV2_1150_ESMFold_thiamine_pyrophosphate-binding_protein	AF-W1UPM4-F1-model_v4	AF-W1UPM4-F1-model_v4 2-succinyl-5-enolpyruvyl-6-hydroxy-3-cyclohexene-1-carboxylic-acid synthase	6.512E-20	1.000	526	93	598	612	3	547	548	595	0.827	0.995
LOKIASV2_1150_ESMFold_thiamine_pyrophosphate-binding_protein	AF-A0A6V7RLJ3-F1-model_v4	AF-A0A6V7RLJ3-F1-model_v4 Acetolactate synthase large subunit	4.144E-14	1.000	523	6	251	612	1	237	247	246	0.402	0.960
LOKIASV2_1150_ESMFold_thiamine_pyrophosphate-binding_protein	AF-A0A7X9IJY6-F1-model_v4	AF-A0A7X9IJY6-F1-model_v4 Thiamine pyrophosphate-binding protein	3.268E-15	1.000	523	10	276	612	2	270	272	275	0.436	0.989
LOKIASV2_1150_ESMFold_thiamine_pyrophosphate-binding_protein	AF-A0A349QDU0-F1-model_v4	AF-A0A349QDU0-F1-model_v4 Acetolactate synthase	3.571E-13	1.000	521	10	189	612	1	175	189	182	0.294	0.926
LOKIASV2_1150_ESMFold_thiamine_pyrophosphate-binding_protein	AF-A0A6G9YCE6-F1-model_v4	AF-A0A6G9YCE6-F1-model_v4 TPP_enzyme_N domain-containing protein	2.926E-15	1.000	521	8	250	612	2	235	334	252	0.397	0.701
LOKIASV2_1150_ESMFold_thiamine_pyrophosphate-binding_protein	AF-A0A6L3NCT9-F1-model_v4	AF-A0A6L3NCT9-F1-model_v4 Thiamine pyrophosphate-binding protein	1.183E-13	1.000	520	1	219	612	3	213	213	223	0.358	0.991
LOKIASV2_1150_ESMFold_thiamine_pyrophosphate-binding_protein	AF-A0A7C8BXR1-F1-model_v4	AF-A0A7C8BXR1-F1-model_v4 2-succinyl-5-enolpyruvyl-6-hydroxy-3-cyclohexene-1-carboxylate synthase	1.411E-19	1.000	518	12	573	612	81	619	620	634	0.918	0.869
LOKIASV2_1150_ESMFold_thiamine_pyrophosphate-binding_protein	AF-A0A4Q2L6V0-F1-model_v4	AF-A0A4Q2L6V0-F1-model_v4 Thiamine pyrophosphate-binding protein	6.203E-13	1.000	515	1	197	612	3	191	203	197	0.322	0.931
LOKIASV2_1150_ESMFold_thiamine_pyrophosphate-binding_protein	AF-A0A845EHN7-F1-model_v4	AF-A0A845EHN7-F1-model_v4 Sulfoacetaldehyde acetyltransferase	4.076E-15	1.000	515	332	599	612	1	258	266	270	0.438	0.970
LOKIASV2_1150_ESMFold_thiamine_pyrophosphate-binding_protein	AF-A0A3N5MN79-F1-model_v4	AF-A0A3N5MN79-F1-model_v4 Uncharacterized protein	3.214E-16	1.000	515	214	581	612	2	359	359	394	0.601	0.997
LOKIASV2_1150_ESMFold_thiamine_pyrophosphate-binding_protein	AF-A0A4D4LM62-F1-model_v4	AF-A0A4D4LM62-F1-model_v4 Uncharacterized protein	2.534E-17	1.000	514	12	440	612	32	444	471	451	0.701	0.877
LOKIASV2_1150_ESMFold_thiamine_pyrophosphate-binding_protein	AF-A0A2U1L3F6-F1-model_v4	AF-A0A2U1L3F6-F1-model_v4 Pyruvate decarboxylase	2.603E-22	1.000	514	1	570	612	28	549	566	608	0.931	0.922
LOKIASV2_1150_ESMFold_thiamine_pyrophosphate-binding_protein	AF-A0A524MPM2-F1-model_v4	AF-A0A524MPM2-F1-model_v4 Acetolactate synthase large subunit	3.436E-12	1.000	509	1	181	612	1	172	172	181	0.296	1.000
LOKIASV2_1150_ESMFold_thiamine_pyrophosphate-binding_protein	AF-A0A7S1RBB8-F1-model_v4	AF-A0A7S1RBB8-F1-model_v4 Hypothetical protein	9.861E-15	1.000	507	1	263	612	26	288	289	271	0.430	0.910
LOKIASV2_1150_ESMFold_thiamine_pyrophosphate-binding_protein	AF-A0A349BRG5-F1-model_v4	AF-A0A349BRG5-F1-model_v4 2-succinyl-5-enolpyruvyl-6-hydroxy-3-cyclohexene-1-carboxylic-acid synthase	3.284E-18	1.000	507	12	496	612	9	501	514	540	0.792	0.959
LOKIASV2_1150_ESMFold_thiamine_pyrophosphate-binding_protein	AF-A0A6L4AXB2-F1-model_v4	AF-A0A6L4AXB2-F1-model_v4 Thiamine pyrophosphate-binding protein	2.090E-12	1.000	505	3	190	612	1	181	200	188	0.307	0.905
LOKIASV2_1150_ESMFold_thiamine_pyrophosphate-binding_protein	AF-A0A536LG07-F1-model_v4	AF-A0A536LG07-F1-model_v4 Acetolactate synthase large subunit	1.451E-14	1.000	502	307	591	612	6	269	269	285	0.466	0.981
LOKIASV2_1150_ESMFold_thiamine_pyrophosphate-binding_protein	AF-A0A382VJP1-F1-model_v4	AF-A0A382VJP1-F1-model_v4 Uncharacterized protein	5.677E-15	1.000	501	149	437	612	3	282	284	301	0.472	0.986
LOKIASV2_1150_ESMFold_thiamine_pyrophosphate-binding_protein	AF-A0A356INY3-F1-model_v4	AF-A0A356INY3-F1-model_v4 Acetolactate synthase large subunit	2.830E-17	1.000	501	10	461	612	2	406	411	475	0.739	0.985
LOKIASV2_1150_ESMFold_thiamine_pyrophosphate-binding_protein	AF-A0A7X3W5U9-F1-model_v4	AF-A0A7X3W5U9-F1-model_v4 Uncharacterized protein	1.476E-13	1.000	499	8	264	612	49	305	319	260	0.420	0.806
LOKIASV2_1150_ESMFold_thiamine_pyrophosphate-binding_protein	AF-A0A6P0Z3X4-F1-model_v4	AF-A0A6P0Z3X4-F1-model_v4 Thiamine pyrophosphate-binding protein	1.810E-14	1.000	497	1	264	612	28	285	296	267	0.431	0.872
LOKIASV2_1150_ESMFold_thiamine_pyrophosphate-binding_protein	AF-A0A3A4PA06-F1-model_v4	AF-A0A3A4PA06-F1-model_v4 Thiamine pyrophosphate-binding protein	5.999E-15	1.000	496	310	595	612	13	293	294	293	0.467	0.956
LOKIASV2_1150_ESMFold_thiamine_pyrophosphate-binding_protein	AF-A0A086D815-F1-model_v4	AF-A0A086D815-F1-model_v4 Uncharacterized protein	1.278E-15	1.000	496	246	585	612	6	304	308	342	0.556	0.971
LOKIASV2_1150_ESMFold_thiamine_pyrophosphate-binding_protein	AF-A0A6N9CCJ9-F1-model_v4	AF-A0A6N9CCJ9-F1-model_v4 Thiamine pyrophosphate-binding protein	3.396E-16	1.000	496	219	581	612	4	356	364	393	0.593	0.970
LOKIASV2_1150_ESMFold_thiamine_pyrophosphate-binding_protein	AF-A0A496UZN8-F1-model_v4	AF-A0A496UZN8-F1-model_v4 TPP_enzyme_N domain-containing protein	9.488E-14	1.000	495	8	258	612	1	247	247	258	0.410	1.000
LOKIASV2_1150_ESMFold_thiamine_pyrophosphate-binding_protein	AF-A0A4Y1RWB2-F1-model_v4	AF-A0A4Y1RWB2-F1-model_v4 Chlorsulfuron/imidazolinone resistant 1	6.479E-17	1.000	493	268	597	612	43	345	369	348	0.539	0.821
LOKIASV2_1150_ESMFold_thiamine_pyrophosphate-binding_protein	AF-A0A346QRB7-F1-model_v4	AF-A0A346QRB7-F1-model_v4 2-hydroxyacyl-CoA lyase 2	2.101E-15	1.000	492	194	504	612	3	299	300	323	0.508	0.990
LOKIASV2_1150_ESMFold_thiamine_pyrophosphate-binding_protein	AF-A0A7X2D9N4-F1-model_v4	AF-A0A7X2D9N4-F1-model_v4 Thiamine pyrophosphate-binding protein	3.379E-13	1.000	491	360	576	612	1	207	215	217	0.355	0.963
LOKIASV2_1150_ESMFold_thiamine_pyrophosphate-binding_protein	AF-A0A535BGA6-F1-model_v4	AF-A0A535BGA6-F1-model_v4 Thiamine pyrophosphate-binding protein	2.975E-14	1.000	491	10	278	612	1	261	262	275	0.440	0.996
LOKIASV2_1150_ESMFold_thiamine_pyrophosphate-binding_protein	AF-A0A3D2BQ20-F1-model_v4	AF-A0A3D2BQ20-F1-model_v4 Uncharacterized protein	1.300E-14	1.000	491	252	579	612	1	295	299	335	0.536	0.987
LOKIASV2_1150_ESMFold_thiamine_pyrophosphate-binding_protein	AF-A0A7C7R5L1-F1-model_v4	AF-A0A7C7R5L1-F1-model_v4 Thiamine pyrophosphate-binding protein	2.209E-12	1.000	489	8	189	612	1	174	182	182	0.297	0.956
LOKIASV2_1150_ESMFold_thiamine_pyrophosphate-binding_protein	AF-A0A524PWE1-F1-model_v4	AF-A0A524PWE1-F1-model_v4 TPP_enzyme_C domain-containing protein	4.453E-13	1.000	487	373	581	612	3	200	205	212	0.342	0.966
LOKIASV2_1150_ESMFold_thiamine_pyrophosphate-binding_protein	AF-A0A5S9MJ16-F1-model_v4	AF-A0A5S9MJ16-F1-model_v4 TPP_enzyme_N domain-containing protein	5.256E-13	1.000	485	1	217	612	1	207	215	219	0.355	0.963
LOKIASV2_1150_ESMFold_thiamine_pyrophosphate-binding_protein	AF-A0A401HTF8-F1-model_v4	AF-A0A401HTF8-F1-model_v4 Putative acetolactate synthase	2.769E-15	1.000	485	10	256	612	1	285	288	290	0.404	0.990
LOKIASV2_1150_ESMFold_thiamine_pyrophosphate-binding_protein	AF-A0A6G7GTW7-F1-model_v4	AF-A0A6G7GTW7-F1-model_v4 TPP_enzyme_C domain-containing protein	1.534E-14	1.000	483	317	575	612	20	258	276	261	0.423	0.866
LOKIASV2_1150_ESMFold_thiamine_pyrophosphate-binding_protein	AF-A0A661NW85-F1-model_v4	AF-A0A661NW85-F1-model_v4 Thiamine pyrophosphate-binding protein	8.785E-12	1.000	482	2	185	612	7	183	183	184	0.301	0.967
LOKIASV2_1150_ESMFold_thiamine_pyrophosphate-binding_protein	AF-A0A418H801-F1-model_v4	AF-A0A418H801-F1-model_v4 Ubiquinone-dependent pyruvate dehydrogenase	7.906E-15	1.000	480	139	430	612	2	271	272	300	0.477	0.993
LOKIASV2_1150_ESMFold_thiamine_pyrophosphate-binding_protein	AF-A0A358GUI7-F1-model_v4	AF-A0A358GUI7-F1-model_v4 Uncharacterized protein	1.621E-14	1.000	479	282	572	612	3	265	283	292	0.475	0.929
LOKIASV2_1150_ESMFold_thiamine_pyrophosphate-binding_protein	AF-A0A0U0QRD8-F1-model_v4	AF-A0A0U0QRD8-F1-model_v4 Acetolactate synthase large subunit	2.258E-14	1.000	479	317	576	612	13	267	300	269	0.425	0.850
LOKIASV2_1150_ESMFold_thiamine_pyrophosphate-binding_protein	AF-A0A7Y4TYL1-F1-model_v4	AF-A0A7Y4TYL1-F1-model_v4 Thiamine pyrophosphate-binding protein	3.077E-12	1.000	478	10	188	612	2	178	200	183	0.292	0.885
LOKIASV2_1150_ESMFold_thiamine_pyrophosphate-binding_protein	AF-A0A829GNY1-F1-model_v4	AF-A0A829GNY1-F1-model_v4 Pyruvate oxidase	1.704E-11	1.000	476	6	186	612	1	174	176	181	0.296	0.989
LOKIASV2_1150_ESMFold_thiamine_pyrophosphate-binding_protein	AF-A0A3L9IEM7-F1-model_v4	AF-A0A3L9IEM7-F1-model_v4 Ubiquinone-dependent pyruvate dehydrogenase	4.380E-14	1.000	476	8	284	612	1	267	268	283	0.453	0.996
LOKIASV2_1150_ESMFold_thiamine_pyrophosphate-binding_protein	AF-A0A4R2P5M1-F1-model_v4	AF-A0A4R2P5M1-F1-model_v4 Acetolactate synthase-1/2/3 large subunit	1.003E-13	1.000	474	330	573	612	35	257	275	245	0.399	0.811
LOKIASV2_1150_ESMFold_thiamine_pyrophosphate-binding_protein	AF-A0A535XCC7-F1-model_v4	AF-A0A535XCC7-F1-model_v4 Thiamine pyrophosphate-binding protein	2.564E-13	1.000	472	8	259	612	4	256	256	259	0.412	0.988
LOKIASV2_1150_ESMFold_thiamine_pyrophosphate-binding_protein	AF-A0A350MV54-F1-model_v4	AF-A0A350MV54-F1-model_v4 Acetolactate synthase large subunit	3.711E-14	1.000	471	325	576	612	1	243	264	261	0.412	0.920
LOKIASV2_1150_ESMFold_thiamine_pyrophosphate-binding_protein	AF-A0A535DYV4-F1-model_v4	AF-A0A535DYV4-F1-model_v4 Thiamine pyrophosphate-binding protein	2.467E-12	1.000	468	1	188	612	1	183	208	192	0.307	0.880
LOKIASV2_1150_ESMFold_thiamine_pyrophosphate-binding_protein	AF-A0A645E542-F1-model_v4	AF-A0A645E542-F1-model_v4 Acetolactate synthase large subunit IlvB1	3.436E-12	1.000	468	392	576	612	10	190	220	188	0.302	0.823
LOKIASV2_1150_ESMFold_thiamine_pyrophosphate-binding_protein	AF-A0A4V3WP93-F1-model_v4	AF-A0A4V3WP93-F1-model_v4 Pyruvate decarboxylase	2.438E-16	1.000	468	11	592	612	44	426	427	604	0.951	0.897
LOKIASV2_1150_ESMFold_thiamine_pyrophosphate-binding_protein	AF-A0A6L6F4H2-F1-model_v4	AF-A0A6L6F4H2-F1-model_v4 2-succinyl-5-enolpyruvyl-6-hydroxy-3-cyclohexene-1-carboxylic-acid synthase	1.328E-16	1.000	467	1	473	612	1	430	433	521	0.773	0.993
LOKIASV2_1150_ESMFold_thiamine_pyrophosphate-binding_protein	AF-A0A644Y6Y6-F1-model_v4	AF-A0A644Y6Y6-F1-model_v4 3D-(3,5/4)-trihydroxycyclohexane-1,2-dione hydrolase	1.139E-12	1.000	466	444	605	612	1	161	167	162	0.265	0.964
LOKIASV2_1150_ESMFold_thiamine_pyrophosphate-binding_protein	AF-A0A118K1U3-F1-model_v4	AF-A0A118K1U3-F1-model_v4 Pyruvate decarboxylase	1.209E-15	1.000	466	11	592	612	43	413	416	601	0.951	0.892
LOKIASV2_1150_ESMFold_thiamine_pyrophosphate-binding_protein	AF-A0A496BCM1-F1-model_v4	AF-A0A496BCM1-F1-model_v4 Acetolactate synthase catalytic subunit	1.158E-11	1.000	464	10	176	612	1	164	164	170	0.273	1.000
LOKIASV2_1150_ESMFold_thiamine_pyrophosphate-binding_protein	AF-A0A6C0U377-F1-model_v4	AF-A0A6C0U377-F1-model_v4 Thiamine pyrophosphate-binding protein	8.313E-12	1.000	457	8	188	612	1	179	207	184	0.296	0.865
LOKIASV2_1150_ESMFold_thiamine_pyrophosphate-binding_protein	AF-A0A381ZUH3-F1-model_v4	AF-A0A381ZUH3-F1-model_v4 TPP_enzyme_N domain-containing protein	1.501E-12	1.000	456	10	193	612	1	182	206	189	0.301	0.883
LOKIASV2_1150_ESMFold_thiamine_pyrophosphate-binding_protein	AF-A0A7C5VH68-F1-model_v4	AF-A0A7C5VH68-F1-model_v4 Benzoylformate decarboxylase	3.379E-13	1.000	456	10	250	612	1	226	236	241	0.394	0.958
LOKIASV2_1150_ESMFold_thiamine_pyrophosphate-binding_protein	AF-A0A2V8N3G4-F1-model_v4	AF-A0A2V8N3G4-F1-model_v4 TPP_enzyme_C domain-containing protein	3.251E-12	1.000	455	385	571	612	34	205	206	187	0.306	0.835
LOKIASV2_1150_ESMFold_thiamine_pyrophosphate-binding_protein	AF-A0A6L3N8B2-F1-model_v4	AF-A0A6L3N8B2-F1-model_v4 Thiamine pyrophosphate-requiring protein	4.453E-13	1.000	454	11	250	612	3	239	239	256	0.392	0.992
LOKIASV2_1150_ESMFold_thiamine_pyrophosphate-binding_protein	AF-A0A3N0BDX1-F1-model_v4	AF-A0A3N0BDX1-F1-model_v4 2-succinyl-5-enolpyruvyl-6-hydroxy-3-cyclohexene-1-carboxylic-acid synthase	1.313E-20	1.000	454	12	611	612	10	578	595	642	0.980	0.956
LOKIASV2_1150_ESMFold_thiamine_pyrophosphate-binding_protein	AF-A0A2V6TTI2-F1-model_v4	AF-A0A2V6TTI2-F1-model_v4 Sulfoacetaldehyde acetyltransferase	1.676E-12	1.000	453	355	595	612	9	228	231	241	0.394	0.952
LOKIASV2_1150_ESMFold_thiamine_pyrophosphate-binding_protein	AF-A0A7V9H6K8-F1-model_v4	AF-A0A7V9H6K8-F1-model_v4 Glyoxylate carboligase	1.020E-12	1.000	452	375	576	612	3	207	241	211	0.330	0.851
LOKIASV2_1150_ESMFold_thiamine_pyrophosphate-binding_protein	AF-A0A3S5DEX4-F1-model_v4	AF-A0A3S5DEX4-F1-model_v4 Acetolactate synthase, catabolic	3.774E-13	1.000	452	333	595	612	3	246	247	265	0.430	0.988
LOKIASV2_1150_ESMFold_thiamine_pyrophosphate-binding_protein	AF-A0A7C5LM77-F1-model_v4	AF-A0A7C5LM77-F1-model_v4 Glyoxylate carboligase	1.244E-10	1.000	451	10	176	612	1	160	160	167	0.273	1.000
LOKIASV2_1150_ESMFold_thiamine_pyrophosphate-binding_protein	AF-A0A835Q346-F1-model_v4	AF-A0A835Q346-F1-model_v4 Uncharacterized protein	1.170E-17	1.000	450	13	593	612	2	554	1164	663	0.949	0.475
LOKIASV2_1150_ESMFold_thiamine_pyrophosphate-binding_protein	AF-X1MXU9-F1-model_v4	AF-X1MXU9-F1-model_v4 TPP_enzyme_N domain-containing protein	8.933E-11	1.000	449	10	188	612	1	171	171	180	0.292	1.000
LOKIASV2_1150_ESMFold_thiamine_pyrophosphate-binding_protein	AF-A0A6B8WFR3-F1-model_v4	AF-A0A6B8WFR3-F1-model_v4 Pyruvate dehydrogenase [ubiquinone]	5.969E-12	1.000	449	373	574	612	7	201	251	205	0.330	0.777
LOKIASV2_1150_ESMFold_thiamine_pyrophosphate-binding_protein	AF-A0A258ENV6-F1-model_v4	AF-A0A258ENV6-F1-model_v4 Uncharacterized protein	5.169E-14	1.000	444	102	344	612	2	224	251	247	0.397	0.888
LOKIASV2_1150_ESMFold_thiamine_pyrophosphate-binding_protein	AF-A0A066WBD5-F1-model_v4	AF-A0A066WBD5-F1-model_v4 TPP_enzyme_N domain-containing protein	9.130E-13	1.000	442	1	220	612	36	266	272	242	0.359	0.849
LOKIASV2_1150_ESMFold_thiamine_pyrophosphate-binding_protein	AF-A0A536V8X3-F1-model_v4	AF-A0A536V8X3-F1-model_v4 Thiamine pyrophosphate-binding protein	8.313E-12	1.000	441	395	607	612	4	195	196	213	0.348	0.980
LOKIASV2_1150_ESMFold_thiamine_pyrophosphate-binding_protein	AF-A0A349B4D5-F1-model_v4	AF-A0A349B4D5-F1-model_v4 2-succinyl-5-enolpyruvyl-6-hydroxy-3-cyclohexene-1-carboxylic-acid synthase	1.351E-15	1.000	439	90	586	612	4	450	461	525	0.812	0.970
LOKIASV2_1150_ESMFold_thiamine_pyrophosphate-binding_protein	AF-A0A382JB33-F1-model_v4	AF-A0A382JB33-F1-model_v4 TPP_enzyme_C domain-containing protein	2.816E-14	1.000	438	317	593	612	4	282	291	296	0.453	0.959
LOKIASV2_1150_ESMFold_thiamine_pyrophosphate-binding_protein	AF-X6MD86-F1-model_v4	AF-X6MD86-F1-model_v4 Thiamine pyrophosphate-binding enzyme family protein	9.811E-12	1.000	437	1	178	612	34	206	221	180	0.291	0.783
LOKIASV2_1150_ESMFold_thiamine_pyrophosphate-binding_protein	AF-R1DLE9-F1-model_v4	AF-R1DLE9-F1-model_v4 Uncharacterized protein	5.490E-17	1.000	437	12	608	612	17	572	579	679	0.975	0.960
LOKIASV2_1150_ESMFold_thiamine_pyrophosphate-binding_protein	AF-A0A7R9V1I1-F1-model_v4	AF-A0A7R9V1I1-F1-model_v4 Hypothetical protein	1.444E-11	1.000	436	1	183	612	25	199	200	185	0.299	0.875
LOKIASV2_1150_ESMFold_thiamine_pyrophosphate-binding_protein	AF-X0TU25-F1-model_v4	AF-X0TU25-F1-model_v4 TPP_enzyme_C domain-containing protein	9.811E-12	1.000	434	369	581	612	8	218	221	219	0.348	0.955
LOKIASV2_1150_ESMFold_thiamine_pyrophosphate-binding_protein	AF-A0A5U8JXW5-F1-model_v4	AF-A0A5U8JXW5-F1-model_v4 Alpha-keto acid decarboxylase family protein	5.462E-14	1.000	434	11	301	612	6	295	319	311	0.475	0.909
LOKIASV2_1150_ESMFold_thiamine_pyrophosphate-binding_protein	AF-A0A842Z414-F1-model_v4	AF-A0A842Z414-F1-model_v4 Uncharacterized protein	7.163E-11	1.000	431	25	188	612	19	175	175	164	0.268	0.897
LOKIASV2_1150_ESMFold_thiamine_pyrophosphate-binding_protein	AF-A0A7W0GH45-F1-model_v4	AF-A0A7W0GH45-F1-model_v4 TPP_enzyme_N domain-containing protein	1.158E-11	1.000	426	1	220	612	1	207	216	225	0.359	0.958
LOKIASV2_1150_ESMFold_thiamine_pyrophosphate-binding_protein	AF-A0A137R1G6-F1-model_v4	AF-A0A137R1G6-F1-model_v4 Pyruvate decarboxylase	2.056E-13	1.000	426	9	268	612	33	296	325	274	0.425	0.812
LOKIASV2_1150_ESMFold_thiamine_pyrophosphate-binding_protein	AF-A0A2V8WBF0-F1-model_v4	AF-A0A2V8WBF0-F1-model_v4 Acetolactate synthase large subunit	4.055E-12	1.000	425	374	595	612	2	204	225	226	0.363	0.902
LOKIASV2_1150_ESMFold_thiamine_pyrophosphate-binding_protein	AF-A0A0A0M3X9-F1-model_v4	AF-A0A0A0M3X9-F1-model_v4 Uncharacterized protein	9.648E-13	1.000	425	270	548	612	4	256	257	281	0.456	0.984
LOKIASV2_1150_ESMFold_thiamine_pyrophosphate-binding_protein	AF-A0A239P7S1-F1-model_v4	AF-A0A239P7S1-F1-model_v4 Acetolactate synthase-1/2/3 large subunit	9.441E-11	1.000	424	3	188	612	1	171	175	186	0.304	0.977
LOKIASV2_1150_ESMFold_thiamine_pyrophosphate-binding_protein	AF-A0A848VI52-F1-model_v4	AF-A0A848VI52-F1-model_v4 Acetolactate synthase, large subunit, biosynthetic type	3.692E-11	1.000	423	389	576	612	6	188	226	191	0.307	0.810
LOKIASV2_1150_ESMFold_thiamine_pyrophosphate-binding_protein	AF-A0A4Q3PTK6-F1-model_v4	AF-A0A4Q3PTK6-F1-model_v4 Ubiquinone-dependent pyruvate dehydrogenase	2.161E-10	1.000	421	8	197	612	2	184	184	192	0.310	0.995
LOKIASV2_1150_ESMFold_thiamine_pyrophosphate-binding_protein	AF-A0A1I1TL30-F1-model_v4	AF-A0A1I1TL30-F1-model_v4 Acetolactate synthase-1/2/3 large subunit	9.488E-14	1.000	421	10	353	612	1	318	318	365	0.562	1.000
LOKIASV2_1150_ESMFold_thiamine_pyrophosphate-binding_protein	AF-A0A2D9SSE0-F1-model_v4	AF-A0A2D9SSE0-F1-model_v4 TPP_enzyme_C domain-containing protein	5.743E-11	1.000	419	393	603	612	1	190	191	211	0.345	0.995
LOKIASV2_1150_ESMFold_thiamine_pyrophosphate-binding_protein	AF-A0A3D3FKP3-F1-model_v4	AF-A0A3D3FKP3-F1-model_v4 Acetolactate synthase large subunit	9.648E-13	1.000	418	319	576	612	3	241	272	261	0.422	0.879
LOKIASV2_1150_ESMFold_thiamine_pyrophosphate-binding_protein	AF-A0A529TIQ8-F1-model_v4	AF-A0A529TIQ8-F1-model_v4 Thiamine pyrophosphate-binding protein	5.648E-12	1.000	417	376	579	612	2	199	210	210	0.333	0.943
LOKIASV2_1150_ESMFold_thiamine_pyrophosphate-binding_protein	AF-R5TER8-F1-model_v4	AF-R5TER8-F1-model_v4 TPP_enzyme_C domain-containing protein	4.786E-12	1.000	417	354	576	612	2	228	248	237	0.364	0.915
LOKIASV2_1150_ESMFold_thiamine_pyrophosphate-binding_protein	AF-A0A7C8AJB2-F1-model_v4	AF-A0A7C8AJB2-F1-model_v4 Thiamine pyrophosphate-binding protein	1.676E-12	1.000	416	310	578	612	1	261	303	274	0.440	0.861
LOKIASV2_1150_ESMFold_thiamine_pyrophosphate-binding_protein	AF-A0A7R9ZD68-F1-model_v4	AF-A0A7R9ZD68-F1-model_v4 Hypothetical protein	3.571E-13	1.000	416	268	577	612	2	325	354	345	0.507	0.915
LOKIASV2_1150_ESMFold_thiamine_pyrophosphate-binding_protein	AF-A0A7M1VQJ7-F1-model_v4	AF-A0A7M1VQJ7-F1-model_v4 2-succinyl-5-enolpyruvyl-6-hydroxy-3-cyclohexene-1-carboxylate synthase	1.491E-19	1.000	416	12	602	612	7	565	583	640	0.966	0.959
LOKIASV2_1150_ESMFold_thiamine_pyrophosphate-binding_protein	AF-A0A2G9U0S3-F1-model_v4	AF-A0A2G9U0S3-F1-model_v4 2-hydroxyacyl-CoA lyase 2	1.203E-12	1.000	412	282	581	612	8	299	300	314	0.490	0.973
LOKIASV2_1150_ESMFold_thiamine_pyrophosphate-binding_protein	AF-A0A485G234-F1-model_v4	AF-A0A485G234-F1-model_v4 Benzoylformate decarboxylase	7.999E-11	1.000	411	387	574	612	12	190	193	188	0.307	0.927
LOKIASV2_1150_ESMFold_thiamine_pyrophosphate-binding_protein	AF-A0A3B8WM98-F1-model_v4	AF-A0A3B8WM98-F1-model_v4 Acetolactate synthase large subunit	6.555E-13	1.000	408	280	578	612	8	301	318	316	0.489	0.925
LOKIASV2_1150_ESMFold_thiamine_pyrophosphate-binding_protein	AF-A0A5J4KTI9-F1-model_v4	AF-A0A5J4KTI9-F1-model_v4 TPP_enzyme_N domain-containing protein	5.743E-11	1.000	406	1	176	612	16	200	210	192	0.288	0.881
LOKIASV2_1150_ESMFold_thiamine_pyrophosphate-binding_protein	AF-A0A534T804-F1-model_v4	AF-A0A534T804-F1-model_v4 Acetolactate synthase large subunit	2.696E-10	1.000	406	10	190	612	1	170	218	181	0.296	0.780
LOKIASV2_1150_ESMFold_thiamine_pyrophosphate-binding_protein	AF-A0A7W0SCC1-F1-model_v4	AF-A0A7W0SCC1-F1-model_v4 Thiamine pyrophosphate-binding protein	2.011E-11	1.000	401	369	573	612	10	198	201	210	0.335	0.940
LOKIASV2_1150_ESMFold_thiamine_pyrophosphate-binding_protein	AF-A0A2S6U7V0-F1-model_v4	AF-A0A2S6U7V0-F1-model_v4 TPP_enzyme_C domain-containing protein	1.903E-11	1.000	401	375	589	612	1	204	209	220	0.351	0.976
LOKIASV2_1150_ESMFold_thiamine_pyrophosphate-binding_protein	AF-A0A2V7DEP1-F1-model_v4	AF-A0A2V7DEP1-F1-model_v4 Oxalyl-CoA decarboxylase	4.786E-12	1.000	400	319	575	612	2	250	262	268	0.420	0.950
LOKIASV2_1150_ESMFold_thiamine_pyrophosphate-binding_protein	AF-A0A3S4F111-F1-model_v4	AF-A0A3S4F111-F1-model_v4 Acetolactate synthase large subunit	6.069E-11	1.000	399	201	430	612	8	216	226	231	0.376	0.925
LOKIASV2_1150_ESMFold_thiamine_pyrophosphate-binding_protein	AF-F6SE92-F1-model_v4	AF-F6SE92-F1-model_v4 TPP_enzyme_N domain-containing protein	7.570E-11	1.000	396	3	178	612	44	212	220	180	0.288	0.768
LOKIASV2_1150_ESMFold_thiamine_pyrophosphate-binding_protein	AF-A0A7G2M0X1-F1-model_v4	AF-A0A7G2M0X1-F1-model_v4 TPP_enzyme_N domain-containing protein	7.284E-10	1.000	394	3	188	612	1	178	189	186	0.304	0.942
LOKIASV2_1150_ESMFold_thiamine_pyrophosphate-binding_protein	AF-A0A7Y0I4T5-F1-model_v4	AF-A0A7Y0I4T5-F1-model_v4 Acetolactate synthase-1/2/3 large subunit	5.256E-13	1.000	393	104	569	612	4	410	414	489	0.761	0.983
LOKIASV2_1150_ESMFold_thiamine_pyrophosphate-binding_protein	AF-A0A352KER3-F1-model_v4	AF-A0A352KER3-F1-model_v4 Acetolactate synthase large subunit	6.308E-12	1.000	392	10	349	612	1	311	312	352	0.556	0.997
LOKIASV2_1150_ESMFold_thiamine_pyrophosphate-binding_protein	AF-A0A3B9J1N0-F1-model_v4	AF-A0A3B9J1N0-F1-model_v4 Acetolactate synthase	6.892E-10	1.000	388	10	178	612	1	159	160	170	0.276	0.994
LOKIASV2_1150_ESMFold_thiamine_pyrophosphate-binding_protein	AF-A0A7R9H3J0-F1-model_v4	AF-A0A7R9H3J0-F1-model_v4 Hypothetical protein	1.133E-09	1.000	388	1	178	612	1	168	196	178	0.291	0.857
LOKIASV2_1150_ESMFold_thiamine_pyrophosphate-binding_protein	AF-A0A257JFT0-F1-model_v4	AF-A0A257JFT0-F1-model_v4 Thiamine pyrophosphate-binding protein	1.903E-11	1.000	387	159	441	612	1	262	263	284	0.462	0.996
LOKIASV2_1150_ESMFold_thiamine_pyrophosphate-binding_protein	AF-A0A7X1PDN9-F1-model_v4	AF-A0A7X1PDN9-F1-model_v4 TPP_enzyme_N domain-containing protein	8.933E-11	1.000	386	2	197	612	7	208	216	209	0.320	0.935
LOKIASV2_1150_ESMFold_thiamine_pyrophosphate-binding_protein	AF-A0A502X8W3-F1-model_v4	AF-A0A502X8W3-F1-model_v4 Acetolactate synthase large subunit	1.801E-11	1.000	386	330	576	612	3	245	274	255	0.404	0.887
LOKIASV2_1150_ESMFold_thiamine_pyrophosphate-binding_protein	AF-A0A2S8LNG0-F1-model_v4	AF-A0A2S8LNG0-F1-model_v4 Acetolactate synthase large subunit	1.072E-09	1.000	385	405	576	612	3	172	204	173	0.281	0.833
LOKIASV2_1150_ESMFold_thiamine_pyrophosphate-binding_protein	AF-A0A537MXC9-F1-model_v4	AF-A0A537MXC9-F1-model_v4 Acetolactate synthase 3 large subunit	1.935E-10	1.000	384	395	576	612	5	179	214	184	0.297	0.818
LOKIASV2_1150_ESMFold_thiamine_pyrophosphate-binding_protein	AF-A0A3D1DZ61-F1-model_v4	AF-A0A3D1DZ61-F1-model_v4 Acetolactate synthase 3 large subunit	2.126E-11	1.000	383	350	576	612	2	218	253	231	0.371	0.858
LOKIASV2_1150_ESMFold_thiamine_pyrophosphate-binding_protein	AF-A0A3E3DM71-F1-model_v4	AF-A0A3E3DM71-F1-model_v4 2-succinyl-5-enolpyruvyl-6-hydroxy-3-cyclohexene-1-carboxylic-acid synthase	1.789E-18	1.000	381	5	605	612	1	570	589	648	0.982	0.968
LOKIASV2_1150_ESMFold_thiamine_pyrophosphate-binding_protein	AF-A0A2V5J8L1-F1-model_v4	AF-A0A2V5J8L1-F1-model_v4 Pyruvate decarboxylase	1.613E-11	1.000	375	235	496	612	2	257	270	279	0.428	0.948
LOKIASV2_1150_ESMFold_thiamine_pyrophosphate-binding_protein	AF-A0A7Y5W5G7-F1-model_v4	AF-A0A7Y5W5G7-F1-model_v4 Thiamine pyrophosphate-binding protein	1.367E-11	1.000	374	333	580	612	24	258	258	257	0.405	0.911
LOKIASV2_1150_ESMFold_thiamine_pyrophosphate-binding_protein	AF-A0A845EMQ4-F1-model_v4	AF-A0A845EMQ4-F1-model_v4 Pyruvate oxidase	1.177E-10	1.000	369	387	599	612	1	218	220	228	0.348	0.991
LOKIASV2_1150_ESMFold_thiamine_pyrophosphate-binding_protein	AF-A0A2T9VJY6-F1-model_v4	AF-A0A2T9VJY6-F1-model_v4 Acetolactate synthase	4.506E-09	1.000	368	10	161	612	1	144	146	152	0.248	0.986
LOKIASV2_1150_ESMFold_thiamine_pyrophosphate-binding_protein	AF-A0A6G3VNJ5-F1-model_v4	AF-A0A6G3VNJ5-F1-model_v4 3D-(3,5/4)-trihydroxycyclohexane-1,2-dione acylhydrolase (Decyclizing)	1.862E-09	1.000	360	402	570	612	2	174	174	175	0.276	0.994
LOKIASV2_1150_ESMFold_thiamine_pyrophosphate-binding_protein	AF-A0A380DZQ7-F1-model_v4	AF-A0A380DZQ7-F1-model_v4 2-succinyl-5-enolpyruvyl-6-hydroxy-3-cyclohexene-1-carboxylic-acid synthase	6.308E-12	1.000	359	12	351	612	11	334	335	373	0.556	0.967
LOKIASV2_1150_ESMFold_thiamine_pyrophosphate-binding_protein	AF-W4PY58-F1-model_v4	AF-W4PY58-F1-model_v4 Thiamine pyrophosphate-requiring enzymes	3.419E-09	1.000	357	403	595	612	2	172	175	193	0.315	0.977
LOKIASV2_1150_ESMFold_thiamine_pyrophosphate-binding_protein	AF-A0A7C3JXX7-F1-model_v4	AF-A0A7C3JXX7-F1-model_v4 Acetolactate synthase large subunit	1.072E-09	1.000	355	414	593	612	2	164	190	180	0.294	0.858
LOKIASV2_1150_ESMFold_thiamine_pyrophosphate-binding_protein	AF-A0A7Z9VGR5-F1-model_v4	AF-A0A7Z9VGR5-F1-model_v4 Thiamine pyrophosphate-binding protein	3.010E-10	1.000	351	409	592	612	2	168	168	187	0.301	0.994
LOKIASV2_1150_ESMFold_thiamine_pyrophosphate-binding_protein	AF-W7YIU3-F1-model_v4	AF-W7YIU3-F1-model_v4 Acetolactate synthase large subunit	1.014E-09	1.000	351	401	603	612	2	183	186	204	0.332	0.978
LOKIASV2_1150_ESMFold_thiamine_pyrophosphate-binding_protein	AF-A0A3M0ZHD8-F1-model_v4	AF-A0A3M0ZHD8-F1-model_v4 2-succinyl-5-enolpyruvyl-6-hydroxy-3-cyclohexene-1-carboxylic-acid synthase	3.419E-09	1.000	351	12	175	612	10	174	225	172	0.268	0.733
LOKIASV2_1150_ESMFold_thiamine_pyrophosphate-binding_protein	AF-A0A376KYS0-F1-model_v4	AF-A0A376KYS0-F1-model_v4 Glyoxylate carboligase (Tartronate-semialdehyde synthase)	8.596E-10	1.000	349	393	596	612	1	199	224	215	0.333	0.888
LOKIASV2_1150_ESMFold_thiamine_pyrophosphate-binding_protein	AF-A0A377XJT6-F1-model_v4	AF-A0A377XJT6-F1-model_v4 Epi-inositol hydrolase	1.390E-10	1.000	349	162	387	612	12	226	267	232	0.369	0.805
LOKIASV2_1150_ESMFold_thiamine_pyrophosphate-binding_protein	AF-A0A532D5J6-F1-model_v4	AF-A0A532D5J6-F1-model_v4 Thiamine pyrophosphate-binding protein	1.733E-10	1.000	346	10	241	612	1	227	229	239	0.379	0.991
LOKIASV2_1150_ESMFold_thiamine_pyrophosphate-binding_protein	AF-A0A749CCG1-F1-model_v4	AF-A0A749CCG1-F1-model_v4 2-succinyl-5-enolpyruvyl-6-hydroxy-3-cyclohexene-1-carboxylic-acid synthase	1.872E-12	1.000	345	12	366	612	10	348	349	386	0.580	0.971
LOKIASV2_1150_ESMFold_thiamine_pyrophosphate-binding_protein	AF-X7Y157-F1-model_v4	AF-X7Y157-F1-model_v4 Thiamine pyrophosphate enzyme, C-terminal TPP binding domain protein	4.035E-09	1.000	339	402	595	612	2	191	192	199	0.317	0.990
LOKIASV2_1150_ESMFold_thiamine_pyrophosphate-binding_protein	AF-F4WA18-F1-model_v4	AF-F4WA18-F1-model_v4 2-hydroxyacyl-CoA lyase 1	6.414E-11	1.000	338	310	592	612	26	312	312	300	0.462	0.920
LOKIASV2_1150_ESMFold_thiamine_pyrophosphate-binding_protein	AF-A0A529QUC7-F1-model_v4	AF-A0A529QUC7-F1-model_v4 Acetolactate synthase 3 large subunit	5.840E-10	1.000	337	358	574	612	2	208	248	223	0.355	0.835
LOKIASV2_1150_ESMFold_thiamine_pyrophosphate-binding_protein	AF-A0A3S4FNN6-F1-model_v4	AF-A0A3S4FNN6-F1-model_v4 Acetolactate synthase, catabolic	9.762E-09	1.000	336	1	176	612	3	175	176	183	0.288	0.983
LOKIASV2_1150_ESMFold_thiamine_pyrophosphate-binding_protein	AF-A0A6J7NJN9-F1-model_v4	AF-A0A6J7NJN9-F1-model_v4 Unannotated protein	9.600E-10	1.000	336	397	578	612	5	182	238	191	0.297	0.748
LOKIASV2_1150_ESMFold_thiamine_pyrophosphate-binding_protein	AF-A0A349WAS1-F1-model_v4	AF-A0A349WAS1-F1-model_v4 Acetolactate synthase large subunit	4.786E-12	1.000	335	201	600	612	4	369	372	436	0.654	0.984
LOKIASV2_1150_ESMFold_thiamine_pyrophosphate-binding_protein	AF-A0A2E8SRR9-F1-model_v4	AF-A0A2E8SRR9-F1-model_v4 TPP_enzyme_C domain-containing protein	2.496E-08	1.000	333	439	576	612	19	156	173	139	0.225	0.798
LOKIASV2_1150_ESMFold_thiamine_pyrophosphate-binding_protein	AF-A0A436QWX0-F1-model_v4	AF-A0A436QWX0-F1-model_v4 Glyoxylate carboligase	6.778E-11	1.000	333	369	596	612	8	251	274	261	0.373	0.891
LOKIASV2_1150_ESMFold_thiamine_pyrophosphate-binding_protein	AF-A0A0S7WTL5-F1-model_v4	AF-A0A0S7WTL5-F1-model_v4 TPP_enzyme_N domain-containing protein	5.620E-09	1.000	333	1	196	612	20	224	331	213	0.320	0.619
LOKIASV2_1150_ESMFold_thiamine_pyrophosphate-binding_protein	AF-A0A2V9NBK3-F1-model_v4	AF-A0A2V9NBK3-F1-model_v4 Acetolactate synthase large subunit	7.999E-11	1.000	332	335	593	612	6	246	258	273	0.423	0.934
LOKIASV2_1150_ESMFold_thiamine_pyrophosphate-binding_protein	AF-A0A436CUS4-F1-model_v4	AF-A0A436CUS4-F1-model_v4 TPP_enzyme_C domain-containing protein	1.668E-09	1.000	331	360	573	612	4	204	204	220	0.350	0.985
LOKIASV2_1150_ESMFold_thiamine_pyrophosphate-binding_protein	AF-A0A535XFP5-F1-model_v4	AF-A0A535XFP5-F1-model_v4 TPP_enzyme_C domain-containing protein	2.001E-08	1.000	330	413	578	612	2	156	164	166	0.271	0.945
LOKIASV2_1150_ESMFold_thiamine_pyrophosphate-binding_protein	AF-A0A438FEZ3-F1-model_v4	AF-A0A438FEZ3-F1-model_v4 Acetolactate synthase, chloroplastic	3.902E-11	1.000	330	145	384	612	31	260	271	253	0.392	0.849
LOKIASV2_1150_ESMFold_thiamine_pyrophosphate-binding_protein	AF-A0A352UFX9-F1-model_v4	AF-A0A352UFX9-F1-model_v4 TPP_enzyme_C domain-containing protein	2.115E-08	1.000	329	402	595	612	2	181	183	194	0.317	0.984
LOKIASV2_1150_ESMFold_thiamine_pyrophosphate-binding_protein	AF-A0A352DB19-F1-model_v4	AF-A0A352DB19-F1-model_v4 Thiamine pyrophosphate-binding protein	1.605E-08	1.000	328	13	169	612	4	159	159	159	0.257	0.981
LOKIASV2_1150_ESMFold_thiamine_pyrophosphate-binding_protein	AF-C0AS47-F1-model_v4	AF-C0AS47-F1-model_v4 Thiamine pyrophosphate enzyme, N-terminal TPP binding domain protein	1.605E-08	1.000	327	1	188	612	24	203	203	192	0.307	0.887
LOKIASV2_1150_ESMFold_thiamine_pyrophosphate-binding_protein	AF-B1ZYT5-F1-model_v4	AF-B1ZYT5-F1-model_v4 Phosphonopyruvate decarboxylase	2.284E-10	1.000	327	10	593	612	1	390	392	610	0.954	0.995
LOKIASV2_1150_ESMFold_thiamine_pyrophosphate-binding_protein	AF-A0A7J3M0H0-F1-model_v4	AF-A0A7J3M0H0-F1-model_v4 Acetolactate synthase large subunit	4.336E-08	1.000	326	10	150	612	1	133	134	141	0.230	0.993
LOKIASV2_1150_ESMFold_thiamine_pyrophosphate-binding_protein	AF-A0A3B8Y4T2-F1-model_v4	AF-A0A3B8Y4T2-F1-model_v4 Preprotein translocase subunit Tim44	1.337E-09	1.000	326	11	212	612	6	202	203	216	0.330	0.970
LOKIASV2_1150_ESMFold_thiamine_pyrophosphate-binding_protein	AF-A0A427ALY3-F1-model_v4	AF-A0A427ALY3-F1-model_v4 Pyruvate decarboxylase	3.613E-09	1.000	326	11	220	612	42	253	317	225	0.343	0.669
LOKIASV2_1150_ESMFold_thiamine_pyrophosphate-binding_protein	AF-A0A3D3XAH0-F1-model_v4	AF-A0A3D3XAH0-F1-model_v4 2-succinyl-5-enolpyruvyl-6-hydroxy-3-cyclohexene-1-carboxylic-acid synthase	4.193E-10	1.000	324	12	250	612	30	279	280	262	0.391	0.893
LOKIASV2_1150_ESMFold_thiamine_pyrophosphate-binding_protein	AF-A0A356HKZ3-F1-model_v4	AF-A0A356HKZ3-F1-model_v4 Ubiquinone-dependent pyruvate dehydrogenase	1.315E-10	1.000	319	329	598	612	5	265	278	283	0.441	0.939
LOKIASV2_1150_ESMFold_thiamine_pyrophosphate-binding_protein	AF-A0A0L1J1X3-F1-model_v4	AF-A0A0L1J1X3-F1-model_v4 Putative phosphonopyruvate decarboxylase	1.114E-10	1.000	315	10	593	612	5	379	399	607	0.954	0.940
LOKIASV2_1150_ESMFold_thiamine_pyrophosphate-binding_protein	AF-A0A383AMB6-F1-model_v4	AF-A0A383AMB6-F1-model_v4 TPP_enzyme_C domain-containing protein	1.894E-08	1.000	314	398	576	612	2	176	225	182	0.292	0.778
LOKIASV2_1150_ESMFold_thiamine_pyrophosphate-binding_protein	AF-A0A7C0WKM3-F1-model_v4	AF-A0A7C0WKM3-F1-model_v4 2-succinyl-5-enolpyruvyl-6-hydroxy-3-cyclohexene-1-carboxylic-acid synthase	8.933E-11	1.000	314	12	291	612	10	302	330	314	0.458	0.888
LOKIASV2_1150_ESMFold_thiamine_pyrophosphate-binding_protein	AF-A0A3C0WGR7-F1-model_v4	AF-A0A3C0WGR7-F1-model_v4 Preprotein translocase subunit Tim44	2.198E-09	1.000	313	1	212	612	11	213	219	219	0.346	0.927
LOKIASV2_1150_ESMFold_thiamine_pyrophosphate-binding_protein	AF-A0A661H4L4-F1-model_v4	AF-A0A661H4L4-F1-model_v4 Acetolactate synthase large subunit	4.123E-11	1.000	312	210	574	612	2	328	330	391	0.596	0.991
LOKIASV2_1150_ESMFold_thiamine_pyrophosphate-binding_protein	AF-A0A7K0QSN2-F1-model_v4	AF-A0A7K0QSN2-F1-model_v4 TPP_enzyme_N domain-containing protein	7.697E-10	1.000	309	1	220	612	37	252	262	235	0.359	0.824
LOKIASV2_1150_ESMFold_thiamine_pyrophosphate-binding_protein	AF-M0PDA6-F1-model_v4	AF-M0PDA6-F1-model_v4 2-succinyl-6-hydroxy-2, 4-cyclohexadiene-1-carboxylate synthase	5.435E-11	1.000	308	206	575	612	7	401	423	430	0.605	0.934
LOKIASV2_1150_ESMFold_thiamine_pyrophosphate-binding_protein	AF-A0A3M0ZVG7-F1-model_v4	AF-A0A3M0ZVG7-F1-model_v4 2-succinyl-5-enolpyruvyl-6-hydroxy-3-cyclohexene-1-carboxylic-acid synthase	2.362E-08	1.000	307	10	198	612	5	188	193	196	0.309	0.953
LOKIASV2_1150_ESMFold_thiamine_pyrophosphate-binding_protein	AF-A0A2W4L705-F1-model_v4	AF-A0A2W4L705-F1-model_v4 Acetolactate synthase	1.518E-08	1.000	306	404	591	612	2	179	179	194	0.307	0.994
LOKIASV2_1150_ESMFold_thiamine_pyrophosphate-binding_protein	AF-A0A382M4S5-F1-model_v4	AF-A0A382M4S5-F1-model_v4 TPP_enzyme_N domain-containing protein	4.103E-08	1.000	306	1	175	612	2	169	200	177	0.286	0.840
LOKIASV2_1150_ESMFold_thiamine_pyrophosphate-binding_protein	AF-A0A5D0JGZ7-F1-model_v4	AF-A0A5D0JGZ7-F1-model_v4 Acetolactate synthase large subunit	7.407E-09	1.000	305	126	298	612	7	180	189	178	0.283	0.921
LOKIASV2_1150_ESMFold_thiamine_pyrophosphate-binding_protein	AF-A0A488ACF2-F1-model_v4	AF-A0A488ACF2-F1-model_v4 Acetolactate synthase large subunit	5.117E-08	1.000	304	411	596	612	1	168	176	187	0.304	0.955
LOKIASV2_1150_ESMFold_thiamine_pyrophosphate-binding_protein	AF-A0A3R1B9D2-F1-model_v4	AF-A0A3R1B9D2-F1-model_v4 Glyoxylate carboligase	1.172E-07	1.000	304	409	574	612	2	173	195	175	0.271	0.882
LOKIASV2_1150_ESMFold_thiamine_pyrophosphate-binding_protein	AF-A0A538GIT0-F1-model_v4	AF-A0A538GIT0-F1-model_v4 Thiamine pyrophosphate-requiring protein	8.596E-10	1.000	303	351	598	612	2	239	272	267	0.405	0.875
LOKIASV2_1150_ESMFold_thiamine_pyrophosphate-binding_protein	AF-A0A2S6MZA3-F1-model_v4	AF-A0A2S6MZA3-F1-model_v4 TPP_enzyme_C domain-containing protein	9.084E-10	1.000	299	321	576	612	3	295	351	298	0.418	0.835
LOKIASV2_1150_ESMFold_thiamine_pyrophosphate-binding_protein	AF-A0A7I9A7H9-F1-model_v4	AF-A0A7I9A7H9-F1-model_v4 Glyoxylate carboligase,glyoxylate carboligase,Glyoxylate carboligase,glyoxylate carboligase,Thiamine pyrophosphate enzyme, N-terminal TPP binding domain	3.165E-07	1.000	298	10	159	612	4	147	148	151	0.245	0.973
LOKIASV2_1150_ESMFold_thiamine_pyrophosphate-binding_protein	AF-A0A843SWD2-F1-model_v4	AF-A0A843SWD2-F1-model_v4 Uncharacterized protein	1.696E-08	1.000	297	11	212	612	4	181	209	202	0.330	0.852
LOKIASV2_1150_ESMFold_thiamine_pyrophosphate-binding_protein	AF-X7Y6W0-F1-model_v4	AF-X7Y6W0-F1-model_v4 Thiamine pyrophosphate enzyme, N-terminal TPP binding domain protein	2.235E-08	1.000	297	12	188	612	7	197	270	197	0.289	0.707
LOKIASV2_1150_ESMFold_thiamine_pyrophosphate-binding_protein	AF-A0A109T0W5-F1-model_v4	AF-A0A109T0W5-F1-model_v4 Acetolactate synthase large subunit	3.113E-08	1.000	296	401	577	612	3	170	178	181	0.289	0.944
LOKIASV2_1150_ESMFold_thiamine_pyrophosphate-binding_protein	AF-A0A5C9CLR7-F1-model_v4	AF-A0A5C9CLR7-F1-model_v4 Acetolactate synthase I/II/III large subunit	2.682E-07	1.000	294	13	172	612	6	162	171	160	0.261	0.918
LOKIASV2_1150_ESMFold_thiamine_pyrophosphate-binding_protein	AF-A0A661GPL0-F1-model_v4	AF-A0A661GPL0-F1-model_v4 Thiamine pyrophosphate-binding protein	3.419E-09	1.000	294	317	604	612	2	283	284	324	0.471	0.993
LOKIASV2_1150_ESMFold_thiamine_pyrophosphate-binding_protein	AF-A0A1G0RXD7-F1-model_v4	AF-A0A1G0RXD7-F1-model_v4 2-succinyl-5-enolpyruvyl-6-hydroxy-3-cyclohexene-1-carboxylic-acid synthase	1.133E-09	1.000	294	8	264	612	1	278	289	301	0.420	0.962
LOKIASV2_1150_ESMFold_thiamine_pyrophosphate-binding_protein	AF-A0A3S1IKD7-F1-model_v4	AF-A0A3S1IKD7-F1-model_v4 Acetolactate synthase large subunit	6.858E-07	1.000	291	10	161	612	1	145	148	152	0.248	0.980
LOKIASV2_1150_ESMFold_thiamine_pyrophosphate-binding_protein	AF-A0A7W1M628-F1-model_v4	AF-A0A7W1M628-F1-model_v4 2-succinyl-5-enolpyruvyl-6-hydroxy-3-cyclohexene-1-carboxylic-acid synthase	1.578E-09	1.000	291	261	574	612	8	311	331	334	0.513	0.918
LOKIASV2_1150_ESMFold_thiamine_pyrophosphate-binding_protein	AF-A0A3M1XL88-F1-model_v4	AF-A0A3M1XL88-F1-model_v4 2-succinyl-5-enolpyruvyl-6-hydroxy-3-cyclohexene-1-carboxylate synthase	3.613E-09	1.000	290	321	593	612	2	265	265	286	0.446	0.996
LOKIASV2_1150_ESMFold_thiamine_pyrophosphate-binding_protein	AF-Q8NU50-F1-model_v4	AF-Q8NU50-F1-model_v4 Thiamine pyrophosphate-requiring enzymes [acetolactate synthase, pyruvate dehydrogenase (Cytochrome), glyoxylate carboligase, phosphonopyruvate decarboxylase]	6.744E-08	1.000	287	11	181	612	3	158	184	171	0.279	0.848
LOKIASV2_1150_ESMFold_thiamine_pyrophosphate-binding_protein	AF-A0A654ZZR1-F1-model_v4	AF-A0A654ZZR1-F1-model_v4 Acetolactate synthase large subunit ilvB2	2.362E-08	1.000	287	386	592	612	13	202	203	212	0.338	0.936
LOKIASV2_1150_ESMFold_thiamine_pyrophosphate-binding_protein	AF-A0A380ARC3-F1-model_v4	AF-A0A380ARC3-F1-model_v4 Indole-3-pyruvate decarboxylase	1.668E-09	1.000	287	265	579	612	3	284	304	329	0.515	0.928
LOKIASV2_1150_ESMFold_thiamine_pyrophosphate-binding_protein	AF-A0A1R1XQ51-F1-model_v4	AF-A0A1R1XQ51-F1-model_v4 Putative 2-hydroxyacyl-CoA lyase	1.177E-10	1.000	285	92	443	612	3	330	456	385	0.575	0.719
LOKIASV2_1150_ESMFold_thiamine_pyrophosphate-binding_protein	AF-A0A496L5J3-F1-model_v4	AF-A0A496L5J3-F1-model_v4 Pyruvate oxidase	1.696E-08	1.000	284	398	612	612	2	205	223	231	0.351	0.915
LOKIASV2_1150_ESMFold_thiamine_pyrophosphate-binding_protein	AF-A0A094E6U6-F1-model_v4	AF-A0A094E6U6-F1-model_v4 Protein kinase domain-containing protein	3.010E-10	1.000	284	342	593	612	468	709	711	269	0.412	0.340
LOKIASV2_1150_ESMFold_thiamine_pyrophosphate-binding_protein	AF-C3DJY8-F1-model_v4	AF-C3DJY8-F1-model_v4 Indolepyruvate decarboxylase	5.032E-09	1.000	276	350	586	612	17	242	247	250	0.387	0.915
LOKIASV2_1150_ESMFold_thiamine_pyrophosphate-binding_protein	AF-A0A2J4QPX8-F1-model_v4	AF-A0A2J4QPX8-F1-model_v4 Acetolactate synthase catalytic subunit	1.853E-06	1.000	275	1	153	612	3	149	150	154	0.250	0.980
LOKIASV2_1150_ESMFold_thiamine_pyrophosphate-binding_protein	AF-A0A3D0TXN7-F1-model_v4	AF-A0A3D0TXN7-F1-model_v4 2-succinyl-5-enolpyruvyl-6-hydroxy-3-cyclohexene-1-carboxylic-acid synthase	7.127E-08	1.000	275	12	190	612	10	200	209	198	0.292	0.914
LOKIASV2_1150_ESMFold_thiamine_pyrophosphate-binding_protein	AF-A0A7X5W9N5-F1-model_v4	AF-A0A7X5W9N5-F1-model_v4 TPP_enzyme_C domain-containing protein	3.818E-09	1.000	275	232	589	612	6	342	345	377	0.585	0.977
LOKIASV2_1150_ESMFold_thiamine_pyrophosphate-binding_protein	AF-A0A7W0F823-F1-model_v4	AF-A0A7W0F823-F1-model_v4 TPP_enzyme_N domain-containing protein	3.736E-07	1.000	275	11	140	612	264	392	405	132	0.212	0.319
LOKIASV2_1150_ESMFold_thiamine_pyrophosphate-binding_protein	AF-A0A382X4F9-F1-model_v4	AF-A0A382X4F9-F1-model_v4 TPP_enzyme_N domain-containing protein	1.486E-06	1.000	273	10	140	612	3	127	128	131	0.214	0.977
LOKIASV2_1150_ESMFold_thiamine_pyrophosphate-binding_protein	AF-M0EK60-F1-model_v4	AF-M0EK60-F1-model_v4 2-succinyl-6-hydroxy-2, 4-cyclohexadiene-1-carboxylate synthase	2.362E-08	1.000	272	13	212	612	11	225	233	222	0.327	0.923
LOKIASV2_1150_ESMFold_thiamine_pyrophosphate-binding_protein	AF-A0A3M2KPP0-F1-model_v4	AF-A0A3M2KPP0-F1-model_v4 Thiamine pyrophosphate-binding protein	1.461E-07	1.000	271	387	572	612	20	202	204	194	0.304	0.897
LOKIASV2_1150_ESMFold_thiamine_pyrophosphate-binding_protein	AF-A0A849BT53-F1-model_v4	AF-A0A849BT53-F1-model_v4 Uncharacterized protein	1.172E-07	1.000	271	12	197	612	35	240	248	212	0.304	0.831
LOKIASV2_1150_ESMFold_thiamine_pyrophosphate-binding_protein	AF-A0A2W4M9L8-F1-model_v4	AF-A0A2W4M9L8-F1-model_v4 TPP_enzyme_C domain-containing protein	4.924E-07	1.000	269	393	572	612	1	168	169	185	0.294	0.994
LOKIASV2_1150_ESMFold_thiamine_pyrophosphate-binding_protein	AF-A0A348WJ88-F1-model_v4	AF-A0A348WJ88-F1-model_v4 Acetolactate synthase 3 large subunit	7.827E-09	1.000	269	290	514	612	2	216	225	232	0.368	0.956
LOKIASV2_1150_ESMFold_thiamine_pyrophosphate-binding_protein	AF-A0A3D5XMG6-F1-model_v4	AF-A0A3D5XMG6-F1-model_v4 Acetolactate synthase large subunit	4.659E-07	1.000	268	409	572	612	2	164	164	177	0.268	0.994
LOKIASV2_1150_ESMFold_thiamine_pyrophosphate-binding_protein	AF-A0A1Z9J928-F1-model_v4	AF-A0A1Z9J928-F1-model_v4 2-succinyl-5-enolpyruvyl-6-hydroxy-3-cyclohexene-1-carboxylic-acid synthase	5.230E-10	1.000	268	12	290	612	42	330	362	330	0.456	0.798
LOKIASV2_1150_ESMFold_thiamine_pyrophosphate-binding_protein	AF-X0VY52-F1-model_v4	AF-X0VY52-F1-model_v4 TPP_enzyme_C domain-containing protein	2.362E-08	1.000	267	364	602	612	3	222	246	246	0.391	0.894
LOKIASV2_1150_ESMFold_thiamine_pyrophosphate-binding_protein	AF-A0A499VP58-F1-model_v4	AF-A0A499VP58-F1-model_v4 TPP_enzyme_C domain-containing protein	5.939E-09	1.000	259	373	593	612	28	251	281	243	0.361	0.797
LOKIASV2_1150_ESMFold_thiamine_pyrophosphate-binding_protein	AF-A0A7Y2T2L1-F1-model_v4	AF-A0A7Y2T2L1-F1-model_v4 2-succinyl-5-enolpyruvyl-6-hydroxy-3-cyclohexene-1-carboxylate synthase	1.308E-07	1.000	257	8	189	612	1	209	222	217	0.297	0.941
LOKIASV2_1150_ESMFold_thiamine_pyrophosphate-binding_protein	AF-A0A519KB36-F1-model_v4	AF-A0A519KB36-F1-model_v4 Thiamine pyrophosphate-binding protein	2.442E-06	1.000	256	3	126	612	1	122	122	124	0.203	1.000
LOKIASV2_1150_ESMFold_thiamine_pyrophosphate-binding_protein	AF-A0A6B1H7T8-F1-model_v4	AF-A0A6B1H7T8-F1-model_v4 TPP_enzyme_C domain-containing protein	7.532E-08	1.000	255	364	572	612	5	214	215	226	0.342	0.977
LOKIASV2_1150_ESMFold_thiamine_pyrophosphate-binding_protein	AF-A0A2D7K5N6-F1-model_v4	AF-A0A2D7K5N6-F1-model_v4 2-succinyl-5-enolpyruvyl-6-hydroxy-3-cyclohexene-1-carboxylate synthase	1.238E-07	1.000	254	12	196	612	7	186	191	197	0.302	0.942
LOKIASV2_1150_ESMFold_thiamine_pyrophosphate-binding_protein	AF-A0A0D2LX13-F1-model_v4	AF-A0A0D2LX13-F1-model_v4 Menaquinone-specific isochorismate synthase	6.555E-13	1.000	250	12	384	612	415	845	1035	471	0.609	0.416
LOKIASV2_1150_ESMFold_thiamine_pyrophosphate-binding_protein	AF-A9EFT4-F1-model_v4	AF-A9EFT4-F1-model_v4 Thiamine pyrophosphate enzyme-like TPP-binding protein	3.948E-07	1.000	248	18	188	612	2	165	168	179	0.279	0.976
LOKIASV2_1150_ESMFold_thiamine_pyrophosphate-binding_protein	AF-A0A2X1LDX6-F1-model_v4	AF-A0A2X1LDX6-F1-model_v4 Oxalyl-CoA decarboxylase	1.853E-06	1.000	247	3	198	612	1	180	180	200	0.320	1.000
LOKIASV2_1150_ESMFold_thiamine_pyrophosphate-binding_protein	AF-W4UJA9-F1-model_v4	AF-W4UJA9-F1-model_v4 Epi-inositol hydrolase	4.172E-07	1.000	244	317	581	612	2	240	242	273	0.433	0.988
LOKIASV2_1150_ESMFold_thiamine_pyrophosphate-binding_protein	AF-A0A3B9J478-F1-model_v4	AF-A0A3B9J478-F1-model_v4 Uncharacterized protein	1.518E-08	1.000	243	273	611	612	38	331	333	349	0.554	0.883
LOKIASV2_1150_ESMFold_thiamine_pyrophosphate-binding_protein	AF-A0A838HXZ5-F1-model_v4	AF-A0A838HXZ5-F1-model_v4 2-succinyl-5-enolpyruvyl-6-hydroxy-3-cyclohexene-1-carboxylic-acid synthase	1.259E-06	1.000	239	25	197	612	1	184	184	191	0.283	1.000
LOKIASV2_1150_ESMFold_thiamine_pyrophosphate-binding_protein	AF-X7ZXP3-F1-model_v4	AF-X7ZXP3-F1-model_v4 Thiamine pyrophosphate enzyme, C-terminal TPP binding domain protein	6.858E-07	1.000	239	328	546	612	2	213	213	226	0.358	0.995
LOKIASV2_1150_ESMFold_thiamine_pyrophosphate-binding_protein	AF-A0A212DTM4-F1-model_v4	AF-A0A212DTM4-F1-model_v4 TPP_enzyme_N domain-containing protein	4.483E-06	1.000	238	1	129	612	3	126	138	129	0.211	0.899
LOKIASV2_1150_ESMFold_thiamine_pyrophosphate-binding_protein	AF-A0A3M4YMU8-F1-model_v4	AF-A0A3M4YMU8-F1-model_v4 Pyruvate dehydrogenase	9.191E-06	1.000	238	2	122	612	27	146	146	121	0.198	0.822
LOKIASV2_1150_ESMFold_thiamine_pyrophosphate-binding_protein	AF-A0A7S9VMG5-F1-model_v4	AF-A0A7S9VMG5-F1-model_v4 Acetolactate synthase	1.127E-06	1.000	234	341	546	612	6	207	208	211	0.337	0.971
LOKIASV2_1150_ESMFold_thiamine_pyrophosphate-binding_protein	AF-A0A399THQ7-F1-model_v4	AF-A0A399THQ7-F1-model_v4 2-succinyl-5-enolpyruvyl-6-hydroxy-3-cyclohexene-1-carboxylic-acid synthase	3.061E-09	1.000	231	1	390	612	3	378	382	448	0.637	0.984
LOKIASV2_1150_ESMFold_thiamine_pyrophosphate-binding_protein	AF-A0A350V853-F1-model_v4	AF-A0A350V853-F1-model_v4 3D-(3,5/4)-trihydroxycyclohexane-1,2-dione acylhydrolase (Decyclizing)	1.511E-05	1.000	229	395	537	612	33	177	178	148	0.234	0.815
LOKIASV2_1150_ESMFold_thiamine_pyrophosphate-binding_protein	AF-M9LBJ3-F1-model_v4	AF-M9LBJ3-F1-model_v4 Pyruvate:ferredoxin oxidoreductase	4.014E-06	1.000	229	1	191	612	125	313	510	198	0.312	0.371
LOKIASV2_1150_ESMFold_thiamine_pyrophosphate-binding_protein	AF-A0A351HE06-F1-model_v4	AF-A0A351HE06-F1-model_v4 2-succinyl-5-enolpyruvyl-6-hydroxy-3-cyclohexene-1-carboxylic-acid synthase	4.842E-08	1.000	228	277	590	612	10	296	296	331	0.513	0.970
LOKIASV2_1150_ESMFold_thiamine_pyrophosphate-binding_protein	AF-A0A7S1IZC3-F1-model_v4	AF-A0A7S1IZC3-F1-model_v4 Hypothetical protein	1.009E-06	1.000	225	307	502	612	12	213	215	208	0.320	0.940
LOKIASV2_1150_ESMFold_thiamine_pyrophosphate-binding_protein	AF-A0A3R7FDH7-F1-model_v4	AF-A0A3R7FDH7-F1-model_v4 2-hydroxyacyl-CoA lyase 2	2.682E-07	1.000	223	317	575	612	18	373	382	367	0.423	0.932
LOKIASV2_1150_ESMFold_thiamine_pyrophosphate-binding_protein	AF-A0A3B9RXI1-F1-model_v4	AF-A0A3B9RXI1-F1-model_v4 2-succinyl-5-enolpyruvyl-6-hydroxy-3-cyclohexene-1-carboxylate synthase	1.406E-06	1.000	216	280	575	612	4	285	306	318	0.484	0.922
LOKIASV2_1150_ESMFold_thiamine_pyrophosphate-binding_protein	AF-A0A3S5DN26-F1-model_v4	AF-A0A3S5DN26-F1-model_v4 Pyruvate dehydrogenase	1.044E-04	1.000	213	10	122	612	3	114	122	113	0.185	0.918
LOKIASV2_1150_ESMFold_thiamine_pyrophosphate-binding_protein	AF-A0A3E1UIA3-F1-model_v4	AF-A0A3E1UIA3-F1-model_v4 Acetolactate synthase large subunit	4.314E-05	1.000	209	406	537	612	1	123	124	132	0.216	0.992
LOKIASV2_1150_ESMFold_thiamine_pyrophosphate-binding_protein	AF-A0A7C3R5D2-F1-model_v4	AF-A0A7C3R5D2-F1-model_v4 2-oxoacid:acceptor oxidoreductase subunit alpha	2.773E-05	1.000	209	3	194	612	186	375	448	199	0.314	0.424
LOKIASV2_1150_ESMFold_thiamine_pyrophosphate-binding_protein	AF-A0A0G0BGP6-F1-model_v4	AF-A0A0G0BGP6-F1-model_v4 Pyruvate flavodoxin/ferredoxin oxidoreductase domain protein	1.511E-05	1.000	207	8	182	612	195	367	525	183	0.286	0.330
LOKIASV2_1150_ESMFold_thiamine_pyrophosphate-binding_protein	AF-A0A7J2X0L0-F1-model_v4	AF-A0A7J2X0L0-F1-model_v4 2-oxoacid oxidoreductase (ferredoxin)	5.291E-06	1.000	205	1	187	612	1	190	325	205	0.306	0.585
LOKIASV2_1150_ESMFold_thiamine_pyrophosphate-binding_protein	AF-A0A7J2PNN4-F1-model_v4	AF-A0A7J2PNN4-F1-model_v4 2-oxoacid:acceptor oxidoreductase subunit alpha	1.280E-05	1.000	202	5	193	612	12	199	292	203	0.309	0.644
LOKIASV2_1150_ESMFold_thiamine_pyrophosphate-binding_protein	AF-A0A3D6AEK2-F1-model_v4	AF-A0A3D6AEK2-F1-model_v4 Acetolactate synthase large subunit	1.597E-05	1.000	199	347	506	612	8	158	158	160	0.261	0.956
LOKIASV2_1150_ESMFold_thiamine_pyrophosphate-binding_protein	AF-A0A537HG60-F1-model_v4	AF-A0A537HG60-F1-model_v4 2-oxoglutarate ferredoxin oxidoreductase subunit alpha	1.211E-05	1.000	197	1	218	612	48	264	319	230	0.356	0.680
LOKIASV2_1150_ESMFold_thiamine_pyrophosphate-binding_protein	AF-A0A357F8N9-F1-model_v4	AF-A0A357F8N9-F1-model_v4 2-oxoacid:acceptor oxidoreductase subunit alpha	4.818E-05	1.000	196	8	191	612	5	186	271	191	0.301	0.672
LOKIASV2_1150_ESMFold_thiamine_pyrophosphate-binding_protein	AF-A0A6B1H622-F1-model_v4	AF-A0A6B1H622-F1-model_v4 Acetolactate synthase large subunit	1.716E-04	1.000	193	1	138	612	1	135	138	142	0.225	0.978
LOKIASV2_1150_ESMFold_thiamine_pyrophosphate-binding_protein	AF-A0A661VVI1-F1-model_v4	AF-A0A661VVI1-F1-model_v4 2-oxoacid:acceptor oxidoreductase subunit alpha	1.991E-05	1.000	191	1	188	612	193	382	430	209	0.307	0.442
LOKIASV2_1150_ESMFold_thiamine_pyrophosphate-binding_protein	AF-A0A378BPF7-F1-model_v4	AF-A0A378BPF7-F1-model_v4 Pyruvate dehydrogenase	1.353E-05	1.000	187	347	531	612	8	184	273	189	0.302	0.648
LOKIASV2_1150_ESMFold_thiamine_pyrophosphate-binding_protein	AF-A0A2T4RPP9-F1-model_v4	AF-A0A2T4RPP9-F1-model_v4 2-oxoacid:acceptor oxidoreductase subunit alpha	3.459E-05	1.000	181	1	194	612	25	216	371	212	0.317	0.518
LOKIASV2_1150_ESMFold_thiamine_pyrophosphate-binding_protein	AF-A0A287U4C8-F1-model_v4	AF-A0A287U4C8-F1-model_v4 TPP_enzyme_N domain-containing protein	3.717E-04	1.000	178	13	131	612	124	242	244	120	0.194	0.488
LOKIASV2_1150_ESMFold_thiamine_pyrophosphate-binding_protein	AF-A0A4Q5PGL9-F1-model_v4	AF-A0A4Q5PGL9-F1-model_v4 2-succinyl-5-enolpyruvyl-6-hydroxy-3-cyclohexene-1-carboxylic-acid synthase	9.504E-04	1.000	171	1	127	612	1	121	121	127	0.208	1.000
LOKIASV2_1150_ESMFold_thiamine_pyrophosphate-binding_protein	AF-A0A7S2NDQ6-F1-model_v4	AF-A0A7S2NDQ6-F1-model_v4 Hypothetical protein	4.387E-04	1.000	169	399	507	612	11	119	119	111	0.178	0.916
LOKIASV2_1150_ESMFold_thiamine_pyrophosphate-binding_protein	AF-A0A1F4C221-F1-model_v4	AF-A0A1F4C221-F1-model_v4 2-oxoglutarate oxidoreductase	6.457E-04	1.000	160	1	186	612	239	428	453	200	0.304	0.419
LOKIASV2_1150_ESMFold_thiamine_pyrophosphate-binding_protein	AF-A0A1G5RST4-F1-model_v4	AF-A0A1G5RST4-F1-model_v4 2-oxoglutarate ferredoxin oxidoreductase subunit alpha	3.345E-07	1.000	153	3	356	612	180	557	557	438	0.578	0.679
LOKIASV2_1150_ESMFold_thiamine_pyrophosphate-binding_protein	AF-A0A7X7ABS5-F1-model_v4	AF-A0A7X7ABS5-F1-model_v4 2-oxoacid:acceptor oxidoreductase subunit alpha	9.039E-07	1.000	145	1	356	612	172	555	557	449	0.582	0.689
LOKIASV2_1150_ESMFold_thiamine_pyrophosphate-binding_protein	AF-A0A5E4I193-F1-model_v4	AF-A0A5E4I193-F1-model_v4 2-oxoglutarate synthase subunit KorA	6.599E-06	1.000	131	8	355	612	200	574	579	446	0.569	0.648
LOKIASV2_1150_ESMFold_thiamine_pyrophosphate-binding_protein	AF-A0A2G9MKZ0-F1-model_v4	AF-A0A2G9MKZ0-F1-model_v4 2-oxoacid:ferredoxin oxidoreductase subunit alpha	3.459E-05	1.000	114	3	377	612	193	568	571	445	0.613	0.658
LOKIASV2_1150_ESMFold_thiamine_pyrophosphate-binding_protein	AF-A0A6T9Y367-F1-model_v4	AF-A0A6T9Y367-F1-model_v4 2-oxoglutarate oxidoreductase subunit KorA	2.483E-05	1.000	109	2	291	612	233	574	626	394	0.474	0.546
LOKIASV2_1150_ESMFold_thiamine_pyrophosphate-binding_protein	AF-A0A7X7XEM2-F1-model_v4	AF-A0A7X7XEM2-F1-model_v4 Uncharacterized protein	6.244E-06	1.000	107	1	495	612	210	556	587	532	0.809	0.591
LOKIASV2_1150_ESMFold_thiamine_pyrophosphate-binding_protein	AF-A0A3A0A396-F1-model_v4	AF-A0A3A0A396-F1-model_v4 2-oxoacid:acceptor oxidoreductase subunit alpha	2.483E-05	1.000	103	4	356	612	199	598	599	482	0.577	0.668
