LOKIASV2_1460_ESMFold_hypothetical_protein	AF-A0A524P2L4-F1-model_v4	AF-A0A524P2L4-F1-model_v4 Uncharacterized protein	1.034E-19	1.000	720	1	140	140	2	141	141	140	1.000	0.993
LOKIASV2_1460_ESMFold_hypothetical_protein	AF-A0A842RUB5-F1-model_v4	AF-A0A842RUB5-F1-model_v4 Uncharacterized protein	2.567E-11	1.000	423	1	130	140	1	130	131	131	0.929	0.992
LOKIASV2_1460_ESMFold_hypothetical_protein	AF-A0A524D7G0-F1-model_v4	AF-A0A524D7G0-F1-model_v4 Fuz_longin_1 domain-containing protein	4.602E-11	1.000	419	1	129	140	4	132	134	129	0.921	0.963
LOKIASV2_1460_ESMFold_hypothetical_protein	AF-A0A842S463-F1-model_v4	AF-A0A842S463-F1-model_v4 Uncharacterized protein	3.119E-11	1.000	418	1	128	140	1	131	140	132	0.914	0.936
LOKIASV2_1460_ESMFold_hypothetical_protein	AF-A0A1Q9N0M5-F1-model_v4	AF-A0A1Q9N0M5-F1-model_v4 Uncharacterized protein	1.630E-11	1.000	402	1	132	140	1	136	137	138	0.943	0.993
LOKIASV2_1460_ESMFold_hypothetical_protein	AF-A0A1Q9MQC6-F1-model_v4	AF-A0A1Q9MQC6-F1-model_v4 Uncharacterized protein	1.002E-10	1.000	391	3	123	140	6	127	143	122	0.864	0.853
LOKIASV2_1460_ESMFold_hypothetical_protein	AF-A0A5C9ELJ2-F1-model_v4	AF-A0A5C9ELJ2-F1-model_v4 Uncharacterized protein	4.042E-11	1.000	389	2	140	140	1	139	139	143	0.993	1.000
LOKIASV2_1460_ESMFold_hypothetical_protein	AF-A0A524CMC6-F1-model_v4	AF-A0A524CMC6-F1-model_v4 Uncharacterized protein	1.141E-10	1.000	386	1	130	140	1	130	131	130	0.929	0.992
LOKIASV2_1460_ESMFold_hypothetical_protein	AF-A0A524D798-F1-model_v4	AF-A0A524D798-F1-model_v4 Uncharacterized protein	2.183E-10	1.000	375	1	123	140	1	122	136	124	0.879	0.897
LOKIASV2_1460_ESMFold_hypothetical_protein	AF-A0A850LX05-F1-model_v4	AF-A0A850LX05-F1-model_v4 Uncharacterized protein	5.240E-11	1.000	375	1	138	140	1	144	145	145	0.986	0.993
LOKIASV2_1460_ESMFold_hypothetical_protein	AF-A0A850M469-F1-model_v4	AF-A0A850M469-F1-model_v4 Uncharacterized protein	2.329E-10	1.000	374	3	127	140	3	127	142	126	0.893	0.880
LOKIASV2_1460_ESMFold_hypothetical_protein	AF-A0A524DJ84-F1-model_v4	AF-A0A524DJ84-F1-model_v4 Fuz_longin_1 domain-containing protein	5.073E-10	1.000	373	1	122	140	1	120	131	122	0.871	0.916
LOKIASV2_1460_ESMFold_hypothetical_protein	AF-A0A5C9DW62-F1-model_v4	AF-A0A5C9DW62-F1-model_v4 Uncharacterized protein	7.989E-10	1.000	373	2	130	140	4	132	133	129	0.921	0.970
LOKIASV2_1460_ESMFold_hypothetical_protein	AF-A0A524DYE8-F1-model_v4	AF-A0A524DYE8-F1-model_v4 Uncharacterized protein	1.036E-09	1.000	373	4	129	140	2	127	211	127	0.900	0.597
LOKIASV2_1460_ESMFold_hypothetical_protein	AF-A0A850M235-F1-model_v4	AF-A0A850M235-F1-model_v4 Uncharacterized protein	3.222E-10	1.000	372	1	127	140	1	125	197	127	0.907	0.635
LOKIASV2_1460_ESMFold_hypothetical_protein	AF-A0A524FMI0-F1-model_v4	AF-A0A524FMI0-F1-model_v4 Uncharacterized protein	2.255E-09	1.000	369	1	130	140	2	131	132	130	0.929	0.985
LOKIASV2_1460_ESMFold_hypothetical_protein	AF-A0A1Q9MZ46-F1-model_v4	AF-A0A1Q9MZ46-F1-model_v4 Fuz_longin_1 domain-containing protein	7.247E-11	1.000	368	1	136	140	1	136	137	142	0.971	0.993
LOKIASV2_1460_ESMFold_hypothetical_protein	AF-A0A1Q9MZE9-F1-model_v4	AF-A0A1Q9MZE9-F1-model_v4 Uncharacterized protein	3.438E-10	1.000	365	1	140	140	1	138	139	142	1.000	0.993
LOKIASV2_1460_ESMFold_hypothetical_protein	AF-A0A524DY82-F1-model_v4	AF-A0A524DY82-F1-model_v4 Uncharacterized protein	5.776E-10	1.000	363	2	122	140	563	683	692	122	0.864	0.175
LOKIASV2_1460_ESMFold_hypothetical_protein	AF-A0A5C9ENB7-F1-model_v4	AF-A0A5C9ENB7-F1-model_v4 Putative Fe-S protein	1.258E-09	1.000	362	1	128	140	1	131	141	132	0.914	0.929
LOKIASV2_1460_ESMFold_hypothetical_protein	AF-A0A524CYJ1-F1-model_v4	AF-A0A524CYJ1-F1-model_v4 Uncharacterized protein	7.017E-10	1.000	361	1	123	140	1	121	136	124	0.879	0.890
LOKIASV2_1460_ESMFold_hypothetical_protein	AF-A0A842VF78-F1-model_v4	AF-A0A842VF78-F1-model_v4 Uncharacterized protein	2.830E-10	1.000	360	1	131	140	1	131	132	132	0.936	0.992
LOKIASV2_1460_ESMFold_hypothetical_protein	AF-A0A0F9NQA8-F1-model_v4	AF-A0A0F9NQA8-F1-model_v4 4Fe-4S ferredoxin-type domain-containing protein	9.095E-10	1.000	360	1	130	140	1	132	422	134	0.929	0.313
LOKIASV2_1460_ESMFold_hypothetical_protein	AF-A0A842VUI6-F1-model_v4	AF-A0A842VUI6-F1-model_v4 Uncharacterized protein	1.036E-09	1.000	358	3	124	140	487	607	613	122	0.871	0.197
LOKIASV2_1460_ESMFold_hypothetical_protein	AF-A0A524D5P5-F1-model_v4	AF-A0A524D5P5-F1-model_v4 Uncharacterized protein	5.413E-10	1.000	356	1	136	140	1	136	137	139	0.971	0.993
LOKIASV2_1460_ESMFold_hypothetical_protein	AF-A0A524F6J7-F1-model_v4	AF-A0A524F6J7-F1-model_v4 Fuz_longin_1 domain-containing protein	1.797E-10	1.000	354	4	140	140	5	136	136	141	0.979	0.971
LOKIASV2_1460_ESMFold_hypothetical_protein	AF-A0A0F8ZSU4-F1-model_v4	AF-A0A0F8ZSU4-F1-model_v4 Uncharacterized protein	1.342E-09	1.000	353	2	138	140	1	140	291	141	0.979	0.481
LOKIASV2_1460_ESMFold_hypothetical_protein	AF-A0A524NZJ4-F1-model_v4	AF-A0A524NZJ4-F1-model_v4 Uncharacterized protein	1.432E-09	1.000	349	3	115	140	410	521	536	113	0.807	0.209
LOKIASV2_1460_ESMFold_hypothetical_protein	AF-A0A7J2R967-F1-model_v4	AF-A0A7J2R967-F1-model_v4 Uncharacterized protein	1.631E-09	1.000	348	4	122	140	7	128	129	123	0.850	0.946
LOKIASV2_1460_ESMFold_hypothetical_protein	AF-A0A523VT64-F1-model_v4	AF-A0A523VT64-F1-model_v4 Uncharacterized protein	1.740E-09	1.000	343	4	123	140	5	122	129	120	0.857	0.915
LOKIASV2_1460_ESMFold_hypothetical_protein	AF-A0A850LUQ3-F1-model_v4	AF-A0A850LUQ3-F1-model_v4 Uncharacterized protein	3.328E-09	1.000	341	4	124	140	2	120	254	123	0.864	0.469
LOKIASV2_1460_ESMFold_hypothetical_protein	AF-A0A524CK96-F1-model_v4	AF-A0A524CK96-F1-model_v4 Fuz_longin_1 domain-containing protein	3.789E-09	1.000	340	1	124	140	1	121	134	124	0.886	0.903
LOKIASV2_1460_ESMFold_hypothetical_protein	AF-A0A524DFC7-F1-model_v4	AF-A0A524DFC7-F1-model_v4 Fuz_longin_1 domain-containing protein	7.989E-10	1.000	338	1	132	140	1	135	136	138	0.943	0.993
LOKIASV2_1460_ESMFold_hypothetical_protein	AF-A0A842U9Z8-F1-model_v4	AF-A0A842U9Z8-F1-model_v4 Uncharacterized protein	1.432E-09	1.000	336	3	136	140	23	155	159	135	0.957	0.836
LOKIASV2_1460_ESMFold_hypothetical_protein	AF-A0A5C9E061-F1-model_v4	AF-A0A5C9E061-F1-model_v4 Fuz_longin_1 domain-containing protein	4.314E-09	1.000	335	1	124	140	1	123	136	125	0.886	0.904
LOKIASV2_1460_ESMFold_hypothetical_protein	AF-A0A842U5D2-F1-model_v4	AF-A0A842U5D2-F1-model_v4 Uncharacterized protein	1.856E-09	1.000	332	3	138	140	6	144	145	142	0.971	0.959
LOKIASV2_1460_ESMFold_hypothetical_protein	AF-A0A850MPE8-F1-model_v4	AF-A0A850MPE8-F1-model_v4 Uncharacterized protein	1.528E-09	1.000	332	4	133	140	2	137	274	138	0.929	0.496
LOKIASV2_1460_ESMFold_hypothetical_protein	AF-A0A524CPF6-F1-model_v4	AF-A0A524CPF6-F1-model_v4 Uncharacterized protein	1.141E-08	1.000	332	3	122	140	409	527	536	120	0.857	0.222
LOKIASV2_1460_ESMFold_hypothetical_protein	AF-A0A842SA00-F1-model_v4	AF-A0A842SA00-F1-model_v4 Uncharacterized protein	1.003E-08	1.000	331	3	122	140	553	672	680	121	0.857	0.176
LOKIASV2_1460_ESMFold_hypothetical_protein	AF-A0A7J2RJ70-F1-model_v4	AF-A0A7J2RJ70-F1-model_v4 Fuz_longin_1 domain-containing protein	1.003E-08	1.000	330	1	123	140	1	120	128	123	0.879	0.938
LOKIASV2_1460_ESMFold_hypothetical_protein	AF-X0X4R5-F1-model_v4	AF-X0X4R5-F1-model_v4 Uncharacterized protein	7.735E-09	1.000	328	4	125	140	2	125	143	126	0.871	0.867
LOKIASV2_1460_ESMFold_hypothetical_protein	AF-A0A7J2PWJ7-F1-model_v4	AF-A0A7J2PWJ7-F1-model_v4 Fuz_longin_1 domain-containing protein	3.551E-09	1.000	327	4	123	140	5	124	130	123	0.857	0.923
LOKIASV2_1460_ESMFold_hypothetical_protein	AF-A0A0F9LQ93-F1-model_v4	AF-A0A0F9LQ93-F1-model_v4 Uncharacterized protein	8.806E-09	1.000	326	6	127	140	2	128	129	127	0.871	0.984
LOKIASV2_1460_ESMFold_hypothetical_protein	AF-A0A5C9EYA0-F1-model_v4	AF-A0A5C9EYA0-F1-model_v4 Fuz_longin_1 domain-containing protein	8.806E-09	1.000	326	4	123	140	8	126	140	121	0.857	0.850
LOKIASV2_1460_ESMFold_hypothetical_protein	AF-A0A842VVR8-F1-model_v4	AF-A0A842VVR8-F1-model_v4 Uncharacterized protein	6.794E-09	1.000	325	1	123	140	1	125	134	126	0.879	0.933
LOKIASV2_1460_ESMFold_hypothetical_protein	AF-A0A524FUM3-F1-model_v4	AF-A0A524FUM3-F1-model_v4 Fuz_longin_1 domain-containing protein	1.528E-09	1.000	325	3	135	140	23	155	159	137	0.950	0.836
LOKIASV2_1460_ESMFold_hypothetical_protein	AF-A0A5C9E2P5-F1-model_v4	AF-A0A5C9E2P5-F1-model_v4 Fuz_longin_1 domain-containing protein	1.387E-08	1.000	324	3	135	140	4	135	137	134	0.950	0.964
LOKIASV2_1460_ESMFold_hypothetical_protein	AF-X0ZC26-F1-model_v4	AF-X0ZC26-F1-model_v4 Uncharacterized protein	1.387E-08	1.000	323	6	132	140	2	133	135	132	0.907	0.978
LOKIASV2_1460_ESMFold_hypothetical_protein	AF-A0A842RHH1-F1-model_v4	AF-A0A842RHH1-F1-model_v4 Uncharacterized protein	1.003E-08	1.000	323	1	127	140	1	129	211	130	0.907	0.611
LOKIASV2_1460_ESMFold_hypothetical_protein	AF-A0A1Q9NLZ8-F1-model_v4	AF-A0A1Q9NLZ8-F1-model_v4 Uncharacterized protein	9.396E-09	1.000	323	2	127	140	1	124	217	128	0.900	0.571
LOKIASV2_1460_ESMFold_hypothetical_protein	AF-A0A7V5SRU3-F1-model_v4	AF-A0A7V5SRU3-F1-model_v4 Uncharacterized protein	1.003E-08	1.000	322	1	123	140	1	121	136	124	0.879	0.890
LOKIASV2_1460_ESMFold_hypothetical_protein	AF-A0A524FG60-F1-model_v4	AF-A0A524FG60-F1-model_v4 Uncharacterized protein	1.300E-08	1.000	322	4	124	140	13	132	141	122	0.864	0.851
LOKIASV2_1460_ESMFold_hypothetical_protein	AF-A0A524DNA6-F1-model_v4	AF-A0A524DNA6-F1-model_v4 Uncharacterized protein	1.918E-08	1.000	322	1	127	140	1	129	209	130	0.907	0.617
LOKIASV2_1460_ESMFold_hypothetical_protein	AF-A0A1Q9MTW2-F1-model_v4	AF-A0A1Q9MTW2-F1-model_v4 Uncharacterized protein	5.592E-09	1.000	322	4	132	140	1	135	279	135	0.921	0.484
LOKIASV2_1460_ESMFold_hypothetical_protein	AF-A0A5C9E5W1-F1-model_v4	AF-A0A5C9E5W1-F1-model_v4 Uncharacterized protein	2.330E-08	1.000	322	3	122	140	566	685	694	121	0.857	0.173
LOKIASV2_1460_ESMFold_hypothetical_protein	AF-A0A7K4GLH8-F1-model_v4	AF-A0A7K4GLH8-F1-model_v4 Uncharacterized protein	1.579E-08	1.000	321	2	132	140	3	131	132	131	0.936	0.977
LOKIASV2_1460_ESMFold_hypothetical_protein	AF-A0A5B9D921-F1-model_v4	AF-A0A5B9D921-F1-model_v4 Uncharacterized protein	4.314E-09	1.000	321	1	130	140	4	137	139	135	0.929	0.964
LOKIASV2_1460_ESMFold_hypothetical_protein	AF-A0A7K4GL91-F1-model_v4	AF-A0A7K4GL91-F1-model_v4 Uncharacterized protein	1.218E-08	1.000	321	6	134	140	2	136	282	135	0.921	0.479
LOKIASV2_1460_ESMFold_hypothetical_protein	AF-A0A5C9EPN8-F1-model_v4	AF-A0A5C9EPN8-F1-model_v4 Uncharacterized protein	1.981E-09	1.000	320	4	132	140	26	161	162	137	0.921	0.840
LOKIASV2_1460_ESMFold_hypothetical_protein	AF-A0A842VSK5-F1-model_v4	AF-A0A842VSK5-F1-model_v4 Uncharacterized protein	8.253E-09	1.000	319	3	123	140	563	683	690	122	0.864	0.175
LOKIASV2_1460_ESMFold_hypothetical_protein	AF-A0A524F7B3-F1-model_v4	AF-A0A524F7B3-F1-model_v4 Uncharacterized protein	2.184E-08	1.000	318	6	138	140	2	134	277	135	0.950	0.480
LOKIASV2_1460_ESMFold_hypothetical_protein	AF-A0A497QE44-F1-model_v4	AF-A0A497QE44-F1-model_v4 Uncharacterized protein	6.367E-09	1.000	318	4	134	140	1	139	284	139	0.936	0.489
LOKIASV2_1460_ESMFold_hypothetical_protein	AF-A0A524FQR4-F1-model_v4	AF-A0A524FQR4-F1-model_v4 RGS domain-containing protein	1.797E-08	1.000	318	2	124	140	553	675	682	124	0.879	0.180
LOKIASV2_1460_ESMFold_hypothetical_protein	AF-A0A524DT78-F1-model_v4	AF-A0A524DT78-F1-model_v4 Uncharacterized protein	1.070E-08	1.000	317	6	134	140	2	135	281	134	0.921	0.477
LOKIASV2_1460_ESMFold_hypothetical_protein	AF-A0A842TFX4-F1-model_v4	AF-A0A842TFX4-F1-model_v4 Uncharacterized protein	3.020E-08	1.000	317	4	127	140	2	126	364	126	0.886	0.343
LOKIASV2_1460_ESMFold_hypothetical_protein	AF-A0A850M4C1-F1-model_v4	AF-A0A850M4C1-F1-model_v4 Uncharacterized protein	1.070E-08	1.000	316	4	124	140	12	131	259	123	0.864	0.463
LOKIASV2_1460_ESMFold_hypothetical_protein	AF-A0A7K4CS04-F1-model_v4	AF-A0A7K4CS04-F1-model_v4 Uncharacterized protein	4.756E-08	1.000	315	4	123	140	5	121	136	120	0.857	0.860
LOKIASV2_1460_ESMFold_hypothetical_protein	AF-A0A524DZB1-F1-model_v4	AF-A0A524DZB1-F1-model_v4 Fuz_longin_1 domain-containing protein	1.432E-09	1.000	315	3	135	140	8	147	150	142	0.950	0.933
LOKIASV2_1460_ESMFold_hypothetical_protein	AF-A0A5C9E8G0-F1-model_v4	AF-A0A5C9E8G0-F1-model_v4 Uncharacterized protein	2.330E-08	1.000	315	4	126	140	2	130	369	129	0.879	0.350
LOKIASV2_1460_ESMFold_hypothetical_protein	AF-A0A497QDK9-F1-model_v4	AF-A0A497QDK9-F1-model_v4 Uncharacterized protein	5.074E-08	1.000	314	2	124	140	407	528	534	123	0.879	0.228
LOKIASV2_1460_ESMFold_hypothetical_protein	AF-A0A842R2C1-F1-model_v4	AF-A0A842R2C1-F1-model_v4 Uncharacterized protein	1.218E-08	1.000	313	4	132	140	1	134	300	135	0.921	0.447
LOKIASV2_1460_ESMFold_hypothetical_protein	AF-A0A842TKC1-F1-model_v4	AF-A0A842TKC1-F1-model_v4 Uncharacterized protein	9.396E-09	1.000	312	1	140	140	1	148	148	150	1.000	1.000
LOKIASV2_1460_ESMFold_hypothetical_protein	AF-A0A842VPF9-F1-model_v4	AF-A0A842VPF9-F1-model_v4 Uncharacterized protein	3.222E-08	1.000	310	4	122	140	5	118	133	119	0.850	0.857
LOKIASV2_1460_ESMFold_hypothetical_protein	AF-A0A7J2IS51-F1-model_v4	AF-A0A7J2IS51-F1-model_v4 Uncharacterized protein	2.486E-08	1.000	309	4	126	140	3	123	253	124	0.879	0.478
LOKIASV2_1460_ESMFold_hypothetical_protein	AF-A0A524EXD2-F1-model_v4	AF-A0A524EXD2-F1-model_v4 Uncharacterized protein	1.918E-08	1.000	309	4	136	140	1	139	282	139	0.950	0.493
LOKIASV2_1460_ESMFold_hypothetical_protein	AF-A0A0F9RPK5-F1-model_v4	AF-A0A0F9RPK5-F1-model_v4 Fuz_longin_1 domain-containing protein	1.218E-08	1.000	308	1	101	140	1	100	104	102	0.721	0.962
LOKIASV2_1460_ESMFold_hypothetical_protein	AF-X1C7M1-F1-model_v4	AF-X1C7M1-F1-model_v4 Uncharacterized protein	7.249E-09	1.000	307	2	134	140	7	138	140	137	0.950	0.943
LOKIASV2_1460_ESMFold_hypothetical_protein	AF-X1EYV1-F1-model_v4	AF-X1EYV1-F1-model_v4 Uncharacterized protein	3.915E-08	1.000	307	4	128	140	2	131	177	130	0.893	0.734
LOKIASV2_1460_ESMFold_hypothetical_protein	AF-A0A497QPU7-F1-model_v4	AF-A0A497QPU7-F1-model_v4 Uncharacterized protein	3.222E-08	1.000	305	3	132	140	33	168	330	136	0.929	0.412
LOKIASV2_1460_ESMFold_hypothetical_protein	AF-X1UFY7-F1-model_v4	AF-X1UFY7-F1-model_v4 Uncharacterized protein	2.486E-08	1.000	304	6	134	140	2	136	234	135	0.921	0.577
LOKIASV2_1460_ESMFold_hypothetical_protein	AF-A0A7K4CWV4-F1-model_v4	AF-A0A7K4CWV4-F1-model_v4 Uncharacterized protein	3.020E-08	1.000	304	4	132	140	1	134	282	134	0.921	0.475
LOKIASV2_1460_ESMFold_hypothetical_protein	AF-A0A0F9NHH4-F1-model_v4	AF-A0A0F9NHH4-F1-model_v4 Fuz_longin_1 domain-containing protein	4.457E-08	1.000	302	4	127	140	2	125	159	127	0.886	0.780
LOKIASV2_1460_ESMFold_hypothetical_protein	AF-A0A850M0W7-F1-model_v4	AF-A0A850M0W7-F1-model_v4 Uncharacterized protein	1.797E-08	1.000	302	2	138	140	8	152	221	147	0.979	0.656
LOKIASV2_1460_ESMFold_hypothetical_protein	AF-A0A850LT78-F1-model_v4	AF-A0A850LT78-F1-model_v4 Uncharacterized protein	1.918E-08	1.000	301	4	127	140	2	132	145	132	0.886	0.903
LOKIASV2_1460_ESMFold_hypothetical_protein	AF-X1AN53-F1-model_v4	AF-X1AN53-F1-model_v4 Uncharacterized protein	1.300E-08	1.000	300	6	139	140	2	146	209	145	0.957	0.694
LOKIASV2_1460_ESMFold_hypothetical_protein	AF-A0A5B9D733-F1-model_v4	AF-A0A5B9D733-F1-model_v4 Uncharacterized protein	1.685E-08	1.000	296	2	111	140	5	109	125	110	0.786	0.840
LOKIASV2_1460_ESMFold_hypothetical_protein	AF-A0A7C4HEW2-F1-model_v4	AF-A0A7C4HEW2-F1-model_v4 Uncharacterized protein	2.330E-08	1.000	296	4	138	140	2	131	141	137	0.964	0.922
LOKIASV2_1460_ESMFold_hypothetical_protein	AF-A0A5C9EZF0-F1-model_v4	AF-A0A5C9EZF0-F1-model_v4 Uncharacterized protein	5.074E-08	1.000	296	4	125	140	2	126	165	127	0.871	0.758
LOKIASV2_1460_ESMFold_hypothetical_protein	AF-A0A524C216-F1-model_v4	AF-A0A524C216-F1-model_v4 Fuz_longin_1 domain-containing protein	1.343E-07	1.000	295	3	122	140	20	138	140	121	0.857	0.850
LOKIASV2_1460_ESMFold_hypothetical_protein	AF-A0A5B9DCG4-F1-model_v4	AF-A0A5B9DCG4-F1-model_v4 Uncharacterized protein	7.991E-08	1.000	295	4	132	140	1	133	280	134	0.921	0.475
LOKIASV2_1460_ESMFold_hypothetical_protein	AF-A0A842W632-F1-model_v4	AF-A0A842W632-F1-model_v4 Uncharacterized protein	7.489E-08	1.000	295	3	126	140	233	358	365	129	0.886	0.345
LOKIASV2_1460_ESMFold_hypothetical_protein	AF-A0A1Q9MX48-F1-model_v4	AF-A0A1Q9MX48-F1-model_v4 Uncharacterized protein	2.830E-08	1.000	290	1	135	140	1	141	179	143	0.964	0.788
LOKIASV2_1460_ESMFold_hypothetical_protein	AF-A0A0F8ZS05-F1-model_v4	AF-A0A0F8ZS05-F1-model_v4 Uncharacterized protein	1.579E-08	1.000	290	4	137	140	3	139	242	141	0.957	0.566
LOKIASV2_1460_ESMFold_hypothetical_protein	AF-A0A842VYJ0-F1-model_v4	AF-A0A842VYJ0-F1-model_v4 Uncharacterized protein	1.857E-07	1.000	289	4	124	140	10	129	142	123	0.864	0.845
LOKIASV2_1460_ESMFold_hypothetical_protein	AF-A0A850M0B3-F1-model_v4	AF-A0A850M0B3-F1-model_v4 Uncharacterized protein	3.669E-08	1.000	289	4	139	140	2	142	251	144	0.971	0.562
LOKIASV2_1460_ESMFold_hypothetical_protein	AF-A0A850M1F8-F1-model_v4	AF-A0A850M1F8-F1-model_v4 Uncharacterized protein	7.018E-08	1.000	289	1	123	140	3	127	252	127	0.879	0.496
LOKIASV2_1460_ESMFold_hypothetical_protein	AF-A0A850M8A6-F1-model_v4	AF-A0A850M8A6-F1-model_v4 Roadblock/LC7 domain-containing protein	2.406E-09	1.000	288	1	138	140	1	149	150	149	0.986	0.993
LOKIASV2_1460_ESMFold_hypothetical_protein	AF-A0A850M170-F1-model_v4	AF-A0A850M170-F1-model_v4 Uncharacterized protein	9.097E-08	1.000	288	4	130	140	2	128	198	130	0.907	0.641
LOKIASV2_1460_ESMFold_hypothetical_protein	AF-A0A5B9DCH3-F1-model_v4	AF-A0A5B9DCH3-F1-model_v4 Uncharacterized protein	7.489E-08	1.000	288	4	134	140	1	136	302	136	0.936	0.450
LOKIASV2_1460_ESMFold_hypothetical_protein	AF-A0A850MYF1-F1-model_v4	AF-A0A850MYF1-F1-model_v4 Uncharacterized protein	1.631E-07	1.000	286	3	123	140	5	126	249	124	0.864	0.490
LOKIASV2_1460_ESMFold_hypothetical_protein	AF-A0A524LKJ1-F1-model_v4	AF-A0A524LKJ1-F1-model_v4 Uncharacterized protein	6.578E-08	1.000	285	3	136	140	6	146	278	143	0.957	0.507
LOKIASV2_1460_ESMFold_hypothetical_protein	AF-A0A2U3CE77-F1-model_v4	AF-A0A2U3CE77-F1-model_v4 CBFD_NFYB_HMF domain-containing protein	4.315E-07	1.000	285	4	123	140	92	208	366	121	0.857	0.320
LOKIASV2_1460_ESMFold_hypothetical_protein	AF-A0A7C0XFU4-F1-model_v4	AF-A0A7C0XFU4-F1-model_v4 Uncharacterized protein	1.343E-07	1.000	284	2	124	140	1	126	143	128	0.879	0.881
LOKIASV2_1460_ESMFold_hypothetical_protein	AF-A0A842TK83-F1-model_v4	AF-A0A842TK83-F1-model_v4 Uncharacterized protein	5.074E-08	1.000	282	2	139	140	1	139	157	144	0.986	0.885
LOKIASV2_1460_ESMFold_hypothetical_protein	AF-A0A842RHC5-F1-model_v4	AF-A0A842RHC5-F1-model_v4 Uncharacterized protein	4.177E-08	1.000	282	2	127	140	1	125	215	130	0.900	0.581
LOKIASV2_1460_ESMFold_hypothetical_protein	AF-A0A850MEL1-F1-model_v4	AF-A0A850MEL1-F1-model_v4 Uncharacterized protein	2.740E-07	1.000	282	4	129	140	2	126	308	128	0.900	0.406
LOKIASV2_1460_ESMFold_hypothetical_protein	AF-A0A850LWL9-F1-model_v4	AF-A0A850LWL9-F1-model_v4 Uncharacterized protein	2.486E-08	1.000	281	4	132	140	2	132	134	136	0.921	0.978
LOKIASV2_1460_ESMFold_hypothetical_protein	AF-A0A497QQK5-F1-model_v4	AF-A0A497QQK5-F1-model_v4 V4R domain-containing protein	2.740E-07	1.000	281	4	126	140	2	125	283	127	0.879	0.438
LOKIASV2_1460_ESMFold_hypothetical_protein	AF-A0A7K4H0E5-F1-model_v4	AF-A0A7K4H0E5-F1-model_v4 Uncharacterized protein	5.594E-07	1.000	281	4	122	140	2	121	298	121	0.850	0.403
LOKIASV2_1460_ESMFold_hypothetical_protein	AF-A0A524FW89-F1-model_v4	AF-A0A524FW89-F1-model_v4 Uncharacterized protein	1.685E-08	1.000	279	1	134	140	1	142	144	145	0.957	0.986
LOKIASV2_1460_ESMFold_hypothetical_protein	AF-W4FDP3-F1-model_v4	AF-W4FDP3-F1-model_v4 Uncharacterized protein	2.114E-07	1.000	279	4	133	140	2	131	184	131	0.929	0.707
LOKIASV2_1460_ESMFold_hypothetical_protein	AF-A0A524C9X3-F1-model_v4	AF-A0A524C9X3-F1-model_v4 Uncharacterized protein	2.407E-07	1.000	279	4	130	140	2	124	268	128	0.907	0.459
LOKIASV2_1460_ESMFold_hypothetical_protein	AF-A0A524CYI5-F1-model_v4	AF-A0A524CYI5-F1-model_v4 Uncharacterized protein	5.074E-08	1.000	278	1	136	140	1	141	144	141	0.971	0.979
LOKIASV2_1460_ESMFold_hypothetical_protein	AF-A0A7J2IRT4-F1-model_v4	AF-A0A7J2IRT4-F1-model_v4 Fuz_longin_1 domain-containing protein	1.387E-08	1.000	277	4	138	140	2	139	319	146	0.964	0.433
LOKIASV2_1460_ESMFold_hypothetical_protein	AF-A0A850MNC3-F1-model_v4	AF-A0A850MNC3-F1-model_v4 Uncharacterized protein	5.777E-08	1.000	276	4	135	140	2	136	170	139	0.943	0.794
LOKIASV2_1460_ESMFold_hypothetical_protein	AF-A0A842S5L7-F1-model_v4	AF-A0A842S5L7-F1-model_v4 Uncharacterized protein	1.343E-07	1.000	276	3	127	140	187	308	319	128	0.893	0.382
LOKIASV2_1460_ESMFold_hypothetical_protein	AF-X1EI17-F1-model_v4	AF-X1EI17-F1-model_v4 Fuz_longin_1 domain-containing protein	1.300E-08	1.000	275	1	135	140	2	124	125	135	0.964	0.984
LOKIASV2_1460_ESMFold_hypothetical_protein	AF-A0A1J4JDY6-F1-model_v4	AF-A0A1J4JDY6-F1-model_v4 Uncharacterized protein	3.790E-07	1.000	275	3	121	140	5	122	250	120	0.850	0.472
LOKIASV2_1460_ESMFold_hypothetical_protein	AF-A0A1Q9P9D0-F1-model_v4	AF-A0A1Q9P9D0-F1-model_v4 Uncharacterized protein	2.407E-07	1.000	275	2	120	140	1	120	354	123	0.850	0.339
LOKIASV2_1460_ESMFold_hypothetical_protein	AF-A0A3F2RMN3-F1-model_v4	AF-A0A3F2RMN3-F1-model_v4 Uncharacterized protein	5.594E-07	1.000	275	4	126	140	2	124	683	124	0.879	0.180
LOKIASV2_1460_ESMFold_hypothetical_protein	AF-A0A1Q9MSG6-F1-model_v4	AF-A0A1Q9MSG6-F1-model_v4 Uncharacterized protein	2.653E-08	1.000	274	4	140	140	2	137	137	144	0.979	0.993
LOKIASV2_1460_ESMFold_hypothetical_protein	AF-A0A7J3NR28-F1-model_v4	AF-A0A7J3NR28-F1-model_v4 Uncharacterized protein	1.529E-07	1.000	274	4	138	140	2	131	159	137	0.964	0.818
LOKIASV2_1460_ESMFold_hypothetical_protein	AF-A0A7K4CP28-F1-model_v4	AF-A0A7K4CP28-F1-model_v4 Uncharacterized protein	1.797E-08	1.000	274	4	130	140	5	139	348	138	0.907	0.388
LOKIASV2_1460_ESMFold_hypothetical_protein	AF-A0A7K4CMM7-F1-model_v4	AF-A0A7K4CMM7-F1-model_v4 Uncharacterized protein	3.915E-08	1.000	273	3	139	140	5	161	208	159	0.979	0.755
LOKIASV2_1460_ESMFold_hypothetical_protein	AF-A0A524FRU8-F1-model_v4	AF-A0A524FRU8-F1-model_v4 Uncharacterized protein	1.740E-07	1.000	273	3	131	140	557	683	684	129	0.921	0.186
LOKIASV2_1460_ESMFold_hypothetical_protein	AF-A0A5B9DB14-F1-model_v4	AF-A0A5B9DB14-F1-model_v4 Uncharacterized protein	9.097E-08	1.000	272	3	139	140	4	153	214	152	0.979	0.701
LOKIASV2_1460_ESMFold_hypothetical_protein	AF-A0A842VE67-F1-model_v4	AF-A0A842VE67-F1-model_v4 Uncharacterized protein	1.105E-07	1.000	272	4	138	140	2	150	247	150	0.964	0.603
LOKIASV2_1460_ESMFold_hypothetical_protein	AF-X1DG80-F1-model_v4	AF-X1DG80-F1-model_v4 Fuz_longin_1 domain-containing protein	1.981E-07	1.000	271	7	136	140	2	129	130	131	0.929	0.985
LOKIASV2_1460_ESMFold_hypothetical_protein	AF-A0A850M9N4-F1-model_v4	AF-A0A850M9N4-F1-model_v4 Uncharacterized protein	1.433E-07	1.000	270	4	135	140	15	153	290	140	0.943	0.479
LOKIASV2_1460_ESMFold_hypothetical_protein	AF-A0A5B9DBZ2-F1-model_v4	AF-A0A5B9DBZ2-F1-model_v4 Uncharacterized protein	3.552E-07	1.000	269	6	126	140	7	135	136	129	0.864	0.949
LOKIASV2_1460_ESMFold_hypothetical_protein	AF-A0A523VSP6-F1-model_v4	AF-A0A523VSP6-F1-model_v4 Uncharacterized protein	1.740E-07	1.000	269	3	139	140	33	171	173	141	0.979	0.803
LOKIASV2_1460_ESMFold_hypothetical_protein	AF-A0A7J3NM91-F1-model_v4	AF-A0A7J3NM91-F1-model_v4 Uncharacterized protein	1.343E-07	1.000	268	4	138	140	2	139	162	144	0.964	0.852
LOKIASV2_1460_ESMFold_hypothetical_protein	AF-A0A7J3NPV6-F1-model_v4	AF-A0A7J3NPV6-F1-model_v4 Uncharacterized protein	3.790E-07	1.000	268	4	139	140	46	183	213	142	0.971	0.648
LOKIASV2_1460_ESMFold_hypothetical_protein	AF-A0A850MT97-F1-model_v4	AF-A0A850MT97-F1-model_v4 Uncharacterized protein	5.594E-07	1.000	268	2	131	140	1	132	354	134	0.929	0.373
LOKIASV2_1460_ESMFold_hypothetical_protein	AF-A0A7C3A4G2-F1-model_v4	AF-A0A7C3A4G2-F1-model_v4 Uncharacterized protein	1.529E-07	1.000	267	4	138	140	2	132	141	138	0.964	0.929
LOKIASV2_1460_ESMFold_hypothetical_protein	AF-A0A524CQ93-F1-model_v4	AF-A0A524CQ93-F1-model_v4 Uncharacterized protein	1.529E-07	1.000	267	4	140	140	12	157	159	151	0.979	0.918
LOKIASV2_1460_ESMFold_hypothetical_protein	AF-A0A524EW66-F1-model_v4	AF-A0A524EW66-F1-model_v4 Uncharacterized protein	1.105E-07	1.000	266	3	132	140	15	147	152	135	0.929	0.875
LOKIASV2_1460_ESMFold_hypothetical_protein	AF-A0A842WLG9-F1-model_v4	AF-A0A842WLG9-F1-model_v4 Uncharacterized protein	3.329E-07	1.000	266	3	127	140	226	351	358	130	0.893	0.352
LOKIASV2_1460_ESMFold_hypothetical_protein	AF-A0A524F7M5-F1-model_v4	AF-A0A524F7M5-F1-model_v4 Uncharacterized protein	3.329E-07	1.000	264	6	111	140	2	107	107	108	0.757	0.991
LOKIASV2_1460_ESMFold_hypothetical_protein	AF-F0WRT2-F1-model_v4	AF-F0WRT2-F1-model_v4 Uncharacterized protein AlNc14C219G9077	4.044E-07	1.000	264	4	136	140	2	135	260	135	0.950	0.515
LOKIASV2_1460_ESMFold_hypothetical_protein	AF-A0A7C1UZD7-F1-model_v4	AF-A0A7C1UZD7-F1-model_v4 Clat_adaptor_s domain-containing protein	7.991E-08	1.000	263	4	135	140	2	143	159	142	0.943	0.893
LOKIASV2_1460_ESMFold_hypothetical_protein	AF-A0A850LS42-F1-model_v4	AF-A0A850LS42-F1-model_v4 Uncharacterized protein	3.552E-07	1.000	263	3	120	140	232	353	366	126	0.843	0.333
LOKIASV2_1460_ESMFold_hypothetical_protein	AF-A0A7K4H9A5-F1-model_v4	AF-A0A7K4H9A5-F1-model_v4 Uncharacterized protein	4.913E-07	1.000	262	3	133	140	19	151	159	135	0.936	0.836
LOKIASV2_1460_ESMFold_hypothetical_protein	AF-A0A7J2PRM5-F1-model_v4	AF-A0A7J2PRM5-F1-model_v4 Uncharacterized protein	7.736E-07	1.000	262	4	125	140	2	126	178	127	0.871	0.702
LOKIASV2_1460_ESMFold_hypothetical_protein	AF-A0A3M1UI74-F1-model_v4	AF-A0A3M1UI74-F1-model_v4 Uncharacterized protein	1.433E-07	1.000	262	1	127	140	1	129	202	134	0.907	0.639
LOKIASV2_1460_ESMFold_hypothetical_protein	AF-A0A524CPT3-F1-model_v4	AF-A0A524CPT3-F1-model_v4 Uncharacterized protein	4.913E-07	1.000	262	6	133	140	4	134	359	131	0.914	0.365
LOKIASV2_1460_ESMFold_hypothetical_protein	AF-A0A0F9J0F5-F1-model_v4	AF-A0A0F9J0F5-F1-model_v4 Uncharacterized protein	1.258E-07	1.000	261	1	131	140	1	142	143	144	0.936	0.993
LOKIASV2_1460_ESMFold_hypothetical_protein	AF-A0A523TGT2-F1-model_v4	AF-A0A523TGT2-F1-model_v4 Uncharacterized protein	1.070E-06	1.000	261	4	125	140	2	128	155	128	0.871	0.819
LOKIASV2_1460_ESMFold_hypothetical_protein	AF-A0A7C4HGQ0-F1-model_v4	AF-A0A7C4HGQ0-F1-model_v4 Uncharacterized protein	4.913E-07	1.000	261	4	134	140	2	134	169	137	0.936	0.787
LOKIASV2_1460_ESMFold_hypothetical_protein	AF-A0A842THP6-F1-model_v4	AF-A0A842THP6-F1-model_v4 Uncharacterized protein	3.120E-07	1.000	261	4	133	140	2	127	302	132	0.929	0.417
LOKIASV2_1460_ESMFold_hypothetical_protein	AF-A0A850LTH7-F1-model_v4	AF-A0A850LTH7-F1-model_v4 Uncharacterized protein	4.604E-07	1.000	260	3	127	140	228	352	358	129	0.893	0.349
LOKIASV2_1460_ESMFold_hypothetical_protein	AF-A0A7K4GMR2-F1-model_v4	AF-A0A7K4GMR2-F1-model_v4 Fuz_longin_1 domain-containing protein	7.251E-07	1.000	259	1	121	140	1	121	122	124	0.864	0.992
LOKIASV2_1460_ESMFold_hypothetical_protein	AF-A0A1V9ZHN7-F1-model_v4	AF-A0A1V9ZHN7-F1-model_v4 Uncharacterized protein	1.918E-06	1.000	259	4	122	140	2	120	714	120	0.850	0.167
LOKIASV2_1460_ESMFold_hypothetical_protein	AF-A0A1Q9P8C4-F1-model_v4	AF-A0A1Q9P8C4-F1-model_v4 Uncharacterized protein	5.968E-07	1.000	258	4	127	140	2	127	157	130	0.886	0.803
LOKIASV2_1460_ESMFold_hypothetical_protein	AF-A0A524CEQ6-F1-model_v4	AF-A0A524CEQ6-F1-model_v4 Uncharacterized protein	2.831E-06	1.000	258	4	123	140	2	122	301	122	0.857	0.402
LOKIASV2_1460_ESMFold_hypothetical_protein	AF-A0A1Q9MR74-F1-model_v4	AF-A0A1Q9MR74-F1-model_v4 Uncharacterized protein	7.251E-07	1.000	257	4	127	140	2	126	130	127	0.886	0.962
LOKIASV2_1460_ESMFold_hypothetical_protein	AF-F0WRA1-F1-model_v4	AF-F0WRA1-F1-model_v4 Uncharacterized protein AlNc14C210G8908	8.255E-07	1.000	256	4	135	140	2	134	249	134	0.943	0.534
LOKIASV2_1460_ESMFold_hypothetical_protein	AF-A0A850MP50-F1-model_v4	AF-A0A850MP50-F1-model_v4 Uncharacterized protein	5.968E-07	1.000	256	1	122	140	1	124	456	127	0.871	0.272
LOKIASV2_1460_ESMFold_hypothetical_protein	AF-A0A5C9EEP3-F1-model_v4	AF-A0A5C9EEP3-F1-model_v4 Uncharacterized protein	2.256E-07	1.000	255	3	127	140	241	362	373	130	0.893	0.327
LOKIASV2_1460_ESMFold_hypothetical_protein	AF-A0A524DGX6-F1-model_v4	AF-A0A524DGX6-F1-model_v4 Tetratricopeptide repeat protein	5.968E-07	1.000	255	4	120	140	550	665	670	117	0.836	0.173
LOKIASV2_1460_ESMFold_hypothetical_protein	AF-A0A662RWN1-F1-model_v4	AF-A0A662RWN1-F1-model_v4 Uncharacterized protein	3.790E-07	1.000	254	2	139	140	9	139	146	140	0.986	0.897
LOKIASV2_1460_ESMFold_hypothetical_protein	AF-A0A524CW57-F1-model_v4	AF-A0A524CW57-F1-model_v4 Uncharacterized protein	4.458E-06	1.000	254	4	124	140	2	123	168	123	0.864	0.726
LOKIASV2_1460_ESMFold_hypothetical_protein	AF-A0A842WS55-F1-model_v4	AF-A0A842WS55-F1-model_v4 Uncharacterized protein	8.255E-07	1.000	254	4	124	140	2	118	203	123	0.864	0.576
LOKIASV2_1460_ESMFold_hypothetical_protein	AF-A0A0F9J351-F1-model_v4	AF-A0A0F9J351-F1-model_v4 Uncharacterized protein	2.407E-07	1.000	253	3	132	140	4	135	141	136	0.929	0.936
LOKIASV2_1460_ESMFold_hypothetical_protein	AF-A0A1Q9NJW5-F1-model_v4	AF-A0A1Q9NJW5-F1-model_v4 Uncharacterized protein	1.579E-06	1.000	253	4	127	140	6	122	203	125	0.886	0.576
LOKIASV2_1460_ESMFold_hypothetical_protein	AF-X1N013-F1-model_v4	AF-X1N013-F1-model_v4 Uncharacterized protein	1.579E-06	1.000	253	4	124	140	2	120	204	123	0.864	0.583
LOKIASV2_1460_ESMFold_hypothetical_protein	AF-A0A6A4EYI0-F1-model_v4	AF-A0A6A4EYI0-F1-model_v4 Uncharacterized protein	3.021E-06	1.000	253	4	122	140	2	120	249	120	0.850	0.478
LOKIASV2_1460_ESMFold_hypothetical_protein	AF-A0A842RFI4-F1-model_v4	AF-A0A842RFI4-F1-model_v4 Uncharacterized protein	7.251E-07	1.000	252	4	128	140	4	129	245	131	0.893	0.514
LOKIASV2_1460_ESMFold_hypothetical_protein	AF-A0A524D8S5-F1-model_v4	AF-A0A524D8S5-F1-model_v4 Uncharacterized protein	2.831E-06	1.000	252	4	130	140	2	129	247	130	0.907	0.518
LOKIASV2_1460_ESMFold_hypothetical_protein	AF-A0A6B2LE33-F1-model_v4	AF-A0A6B2LE33-F1-model_v4 Uncharacterized protein	1.918E-06	1.000	252	4	122	140	2	122	264	121	0.850	0.458
LOKIASV2_1460_ESMFold_hypothetical_protein	AF-A0A7S3K470-F1-model_v4	AF-A0A7S3K470-F1-model_v4 Hypothetical protein	1.918E-06	1.000	252	4	122	140	4	126	283	124	0.850	0.435
LOKIASV2_1460_ESMFold_hypothetical_protein	AF-A0A662QQ61-F1-model_v4	AF-A0A662QQ61-F1-model_v4 Uncharacterized protein	6.795E-07	1.000	251	3	140	140	23	165	175	146	0.986	0.817
LOKIASV2_1460_ESMFold_hypothetical_protein	AF-A0A7C4D9W2-F1-model_v4	AF-A0A7C4D9W2-F1-model_v4 Robl_LC7 domain-containing protein	4.044E-07	1.000	251	4	138	140	4	138	255	139	0.964	0.529
LOKIASV2_1460_ESMFold_hypothetical_protein	AF-A0A1Q9MQD3-F1-model_v4	AF-A0A1Q9MQD3-F1-model_v4 Uncharacterized protein	1.529E-07	1.000	250	6	129	140	5	135	136	132	0.886	0.963
LOKIASV2_1460_ESMFold_hypothetical_protein	AF-A0A842VEN9-F1-model_v4	AF-A0A842VEN9-F1-model_v4 Uncharacterized protein	2.407E-07	1.000	250	3	140	140	13	147	166	142	0.986	0.813
LOKIASV2_1460_ESMFold_hypothetical_protein	AF-A0A7J3I568-F1-model_v4	AF-A0A7J3I568-F1-model_v4 Uncharacterized protein	1.579E-06	1.000	249	4	104	140	2	101	103	102	0.721	0.971
LOKIASV2_1460_ESMFold_hypothetical_protein	AF-A0A7J2PMI5-F1-model_v4	AF-A0A7J2PMI5-F1-model_v4 Uncharacterized protein	6.795E-07	1.000	249	4	128	140	14	142	234	131	0.893	0.551
LOKIASV2_1460_ESMFold_hypothetical_protein	AF-A0A0F8XVV6-F1-model_v4	AF-A0A0F8XVV6-F1-model_v4 Uncharacterized protein	1.036E-07	1.000	249	4	134	140	2	146	453	145	0.936	0.320
LOKIASV2_1460_ESMFold_hypothetical_protein	AF-A0A7J2RCU8-F1-model_v4	AF-A0A7J2RCU8-F1-model_v4 Uncharacterized protein	6.368E-07	1.000	248	1	88	140	2	88	89	89	0.629	0.978
LOKIASV2_1460_ESMFold_hypothetical_protein	AF-A0A0H5QHL2-F1-model_v4	AF-A0A0H5QHL2-F1-model_v4 Uncharacterized protein	3.439E-06	1.000	248	4	122	140	2	120	249	122	0.850	0.478
LOKIASV2_1460_ESMFold_hypothetical_protein	AF-B0G156-F1-model_v4	AF-B0G156-F1-model_v4 Uncharacterized protein	3.021E-06	1.000	248	4	122	140	2	125	254	124	0.850	0.488
LOKIASV2_1460_ESMFold_hypothetical_protein	AF-A0A1Q9NFE1-F1-model_v4	AF-A0A1Q9NFE1-F1-model_v4 Uncharacterized protein	1.579E-06	1.000	248	4	130	140	91	212	327	129	0.907	0.373
LOKIASV2_1460_ESMFold_hypothetical_protein	AF-A0A5C9ELC6-F1-model_v4	AF-A0A5C9ELC6-F1-model_v4 Uncharacterized protein	1.918E-06	1.000	247	4	139	140	2	142	341	144	0.971	0.413
LOKIASV2_1460_ESMFold_hypothetical_protein	AF-A0A0F9BSM0-F1-model_v4	AF-A0A0F9BSM0-F1-model_v4 Uncharacterized protein	1.218E-06	1.000	246	4	129	140	2	129	141	130	0.900	0.908
LOKIASV2_1460_ESMFold_hypothetical_protein	AF-A0A482SQJ6-F1-model_v4	AF-A0A482SQJ6-F1-model_v4 Uncharacterized protein	8.808E-07	1.000	246	3	133	140	39	169	219	135	0.936	0.598
LOKIASV2_1460_ESMFold_hypothetical_protein	AF-A0A524E2K8-F1-model_v4	AF-A0A524E2K8-F1-model_v4 Uncharacterized protein	2.740E-07	1.000	245	1	128	140	1	128	146	132	0.914	0.877
LOKIASV2_1460_ESMFold_hypothetical_protein	AF-A0A1Q9MYA5-F1-model_v4	AF-A0A1Q9MYA5-F1-model_v4 Uncharacterized protein	2.047E-06	1.000	245	4	127	140	2	124	499	128	0.886	0.246
LOKIASV2_1460_ESMFold_hypothetical_protein	AF-A0A1Q9NJ52-F1-model_v4	AF-A0A1Q9NJ52-F1-model_v4 Uncharacterized protein	3.552E-07	1.000	244	3	125	140	12	142	194	134	0.879	0.675
LOKIASV2_1460_ESMFold_hypothetical_protein	AF-A0A2R5GJP8-F1-model_v4	AF-A0A2R5GJP8-F1-model_v4 Uncharacterized protein	6.579E-06	1.000	244	4	121	140	2	119	256	119	0.843	0.461
LOKIASV2_1460_ESMFold_hypothetical_protein	AF-A0A7C4DC81-F1-model_v4	AF-A0A7C4DC81-F1-model_v4 Uncharacterized protein	1.918E-06	1.000	244	4	124	140	2	121	291	125	0.864	0.412
LOKIASV2_1460_ESMFold_hypothetical_protein	AF-A0A5D6XQ73-F1-model_v4	AF-A0A5D6XQ73-F1-model_v4 Uncharacterized protein	4.178E-06	1.000	244	3	122	140	216	335	450	121	0.857	0.267
LOKIASV2_1460_ESMFold_hypothetical_protein	AF-A0A524CX11-F1-model_v4	AF-A0A524CX11-F1-model_v4 Uncharacterized protein	9.398E-07	1.000	244	4	124	140	475	594	601	121	0.864	0.200
LOKIASV2_1460_ESMFold_hypothetical_protein	AF-A0A524FLK4-F1-model_v4	AF-A0A524FLK4-F1-model_v4 Uncharacterized protein	1.857E-07	1.000	242	1	138	140	1	144	145	148	0.986	0.993
LOKIASV2_1460_ESMFold_hypothetical_protein	AF-A0A3L6JGC3-F1-model_v4	AF-A0A3L6JGC3-F1-model_v4 Uncharacterized protein	1.740E-07	1.000	240	1	136	140	9	138	139	142	0.971	0.935
LOKIASV2_1460_ESMFold_hypothetical_protein	AF-A0A523RBV1-F1-model_v4	AF-A0A523RBV1-F1-model_v4 Uncharacterized protein	1.218E-06	1.000	240	3	127	140	226	350	360	129	0.893	0.347
LOKIASV2_1460_ESMFold_hypothetical_protein	AF-A0A497QFJ5-F1-model_v4	AF-A0A497QFJ5-F1-model_v4 Uncharacterized protein	7.736E-07	1.000	239	1	138	140	6	156	218	154	0.986	0.693
LOKIASV2_1460_ESMFold_hypothetical_protein	AF-A0A0D2WJM9-F1-model_v4	AF-A0A0D2WJM9-F1-model_v4 Uncharacterized protein	7.992E-06	1.000	239	4	122	140	2	121	254	121	0.850	0.472
LOKIASV2_1460_ESMFold_hypothetical_protein	AF-A0A842QJE7-F1-model_v4	AF-A0A842QJE7-F1-model_v4 Uncharacterized protein	1.740E-07	1.000	238	4	132	140	2	128	129	137	0.921	0.984
LOKIASV2_1460_ESMFold_hypothetical_protein	AF-A0A550HB37-F1-model_v4	AF-A0A550HB37-F1-model_v4 Uncharacterized protein	7.489E-08	1.000	238	4	133	140	3	140	273	140	0.929	0.505
LOKIASV2_1460_ESMFold_hypothetical_protein	AF-A0A497QKK4-F1-model_v4	AF-A0A497QKK4-F1-model_v4 Uncharacterized protein	8.808E-07	1.000	237	4	129	140	32	160	173	133	0.900	0.746
LOKIASV2_1460_ESMFold_hypothetical_protein	AF-A0A5C9ESI8-F1-model_v4	AF-A0A5C9ESI8-F1-model_v4 Uncharacterized protein	2.831E-06	1.000	237	4	138	140	2	149	244	149	0.964	0.607
LOKIASV2_1460_ESMFold_hypothetical_protein	AF-A0A842W054-F1-model_v4	AF-A0A842W054-F1-model_v4 Uncharacterized protein	5.076E-06	1.000	237	4	134	140	2	132	246	134	0.936	0.533
LOKIASV2_1460_ESMFold_hypothetical_protein	AF-A0A7S4ILI2-F1-model_v4	AF-A0A7S4ILI2-F1-model_v4 Hypothetical protein	2.653E-06	1.000	237	4	120	140	15	138	266	125	0.836	0.466
LOKIASV2_1460_ESMFold_hypothetical_protein	AF-A0A850LXW0-F1-model_v4	AF-A0A850LXW0-F1-model_v4 Uncharacterized protein	1.798E-06	1.000	237	3	127	140	247	372	378	132	0.893	0.333
LOKIASV2_1460_ESMFold_hypothetical_protein	AF-A0A842QHK1-F1-model_v4	AF-A0A842QHK1-F1-model_v4 Uncharacterized protein	9.398E-07	1.000	236	4	130	140	2	119	120	128	0.907	0.983
LOKIASV2_1460_ESMFold_hypothetical_protein	AF-A0A532TZ91-F1-model_v4	AF-A0A532TZ91-F1-model_v4 Uncharacterized protein	1.218E-06	1.000	236	4	129	140	2	135	148	135	0.900	0.905
LOKIASV2_1460_ESMFold_hypothetical_protein	AF-A0A1Q9MRS1-F1-model_v4	AF-A0A1Q9MRS1-F1-model_v4 Uncharacterized protein	1.579E-06	1.000	236	2	127	140	1	124	252	131	0.900	0.492
LOKIASV2_1460_ESMFold_hypothetical_protein	AF-A0A842R849-F1-model_v4	AF-A0A842R849-F1-model_v4 Uncharacterized protein	8.255E-07	1.000	235	2	128	140	4	135	136	136	0.907	0.971
LOKIASV2_1460_ESMFold_hypothetical_protein	AF-A0A524CAR1-F1-model_v4	AF-A0A524CAR1-F1-model_v4 Uncharacterized protein	7.991E-08	1.000	234	2	128	140	17	156	157	140	0.907	0.892
LOKIASV2_1460_ESMFold_hypothetical_protein	AF-X1J9E5-F1-model_v4	AF-X1J9E5-F1-model_v4 Uncharacterized protein	8.808E-07	1.000	233	4	123	140	2	124	125	126	0.857	0.984
LOKIASV2_1460_ESMFold_hypothetical_protein	AF-A0A524FIY6-F1-model_v4	AF-A0A524FIY6-F1-model_v4 Uncharacterized protein	1.685E-06	1.000	233	1	125	140	1	128	146	132	0.893	0.877
LOKIASV2_1460_ESMFold_hypothetical_protein	AF-A0A5C9ETP2-F1-model_v4	AF-A0A5C9ETP2-F1-model_v4 Uncharacterized protein	1.003E-06	1.000	233	2	128	140	1	132	312	135	0.907	0.423
LOKIASV2_1460_ESMFold_hypothetical_protein	AF-A0A842T695-F1-model_v4	AF-A0A842T695-F1-model_v4 Uncharacterized protein	7.736E-07	1.000	232	1	125	140	1	129	143	129	0.893	0.902
LOKIASV2_1460_ESMFold_hypothetical_protein	AF-A0A835YZ72-F1-model_v4	AF-A0A835YZ72-F1-model_v4 Uncharacterized protein	6.166E-06	1.000	232	4	121	140	2	119	246	121	0.843	0.480
LOKIASV2_1460_ESMFold_hypothetical_protein	AF-A0A842VRE1-F1-model_v4	AF-A0A842VRE1-F1-model_v4 Uncharacterized protein	3.439E-06	1.000	232	3	120	140	223	341	354	123	0.843	0.336
LOKIASV2_1460_ESMFold_hypothetical_protein	AF-A0A7K4H6Z8-F1-model_v4	AF-A0A7K4H6Z8-F1-model_v4 Uncharacterized protein	6.166E-06	1.000	231	4	129	140	2	127	160	131	0.900	0.788
LOKIASV2_1460_ESMFold_hypothetical_protein	AF-A0A482REU8-F1-model_v4	AF-A0A482REU8-F1-model_v4 Uncharacterized protein	3.223E-06	1.000	231	3	140	140	33	176	338	144	0.986	0.426
LOKIASV2_1460_ESMFold_hypothetical_protein	AF-A0A842R940-F1-model_v4	AF-A0A842R940-F1-model_v4 Uncharacterized protein	7.020E-06	1.000	230	1	133	140	1	133	250	135	0.950	0.532
LOKIASV2_1460_ESMFold_hypothetical_protein	AF-A0A497PUN1-F1-model_v4	AF-A0A497PUN1-F1-model_v4 Uncharacterized protein	1.798E-06	1.000	229	3	90	140	30	118	157	91	0.629	0.567
LOKIASV2_1460_ESMFold_hypothetical_protein	AF-A0A1Q9NNY5-F1-model_v4	AF-A0A1Q9NNY5-F1-model_v4 Uncharacterized protein	4.315E-07	1.000	229	3	139	140	87	230	300	151	0.979	0.480
LOKIASV2_1460_ESMFold_hypothetical_protein	AF-F4PVT8-F1-model_v4	AF-F4PVT8-F1-model_v4 Saccharopine dehydrogenase	4.458E-06	1.000	229	4	138	140	2	141	761	140	0.964	0.184
LOKIASV2_1460_ESMFold_hypothetical_protein	AF-A0A842VUT1-F1-model_v4	AF-A0A842VUT1-F1-model_v4 Uncharacterized protein	4.178E-06	1.000	228	11	118	140	2	112	121	112	0.771	0.917
LOKIASV2_1460_ESMFold_hypothetical_protein	AF-A0A524D810-F1-model_v4	AF-A0A524D810-F1-model_v4 Uncharacterized protein	5.594E-07	1.000	227	4	136	140	2	128	129	137	0.950	0.984
LOKIASV2_1460_ESMFold_hypothetical_protein	AF-A0A524CAX0-F1-model_v4	AF-A0A524CAX0-F1-model_v4 Longin domain-containing protein	1.300E-06	1.000	227	4	129	140	9	142	239	137	0.900	0.561
LOKIASV2_1460_ESMFold_hypothetical_protein	AF-A0A2U3CKY0-F1-model_v4	AF-A0A2U3CKY0-F1-model_v4 Uncharacterized protein	1.579E-06	1.000	226	2	126	140	1	126	249	130	0.893	0.506
LOKIASV2_1460_ESMFold_hypothetical_protein	AF-D7FUY6-F1-model_v4	AF-D7FUY6-F1-model_v4 Uncharacterized protein	7.020E-06	1.000	226	3	133	140	88	218	302	133	0.936	0.434
LOKIASV2_1460_ESMFold_hypothetical_protein	AF-A0A1Q9P0W0-F1-model_v4	AF-A0A1Q9P0W0-F1-model_v4 Uncharacterized protein	3.021E-06	1.000	226	4	129	140	2	130	337	133	0.900	0.383
LOKIASV2_1460_ESMFold_hypothetical_protein	AF-A0A524CJG2-F1-model_v4	AF-A0A524CJG2-F1-model_v4 Uncharacterized protein	1.387E-06	1.000	225	1	124	140	1	125	127	133	0.886	0.984
LOKIASV2_1460_ESMFold_hypothetical_protein	AF-A0A7R9UFX6-F1-model_v4	AF-A0A7R9UFX6-F1-model_v4 Hypothetical protein	9.709E-06	1.000	225	4	122	140	2	120	248	122	0.850	0.480
LOKIASV2_1460_ESMFold_hypothetical_protein	AF-A0A842R984-F1-model_v4	AF-A0A842R984-F1-model_v4 Uncharacterized protein	2.653E-06	1.000	225	2	107	140	1	109	255	112	0.757	0.427
LOKIASV2_1460_ESMFold_hypothetical_protein	AF-A0A842R1L8-F1-model_v4	AF-A0A842R1L8-F1-model_v4 Uncharacterized protein	2.256E-07	1.000	224	1	139	140	1	159	204	161	0.993	0.779
LOKIASV2_1460_ESMFold_hypothetical_protein	AF-A0A0D2X173-F1-model_v4	AF-A0A0D2X173-F1-model_v4 Uncharacterized protein	1.631E-05	1.000	223	4	133	140	2	132	310	132	0.929	0.423
LOKIASV2_1460_ESMFold_hypothetical_protein	AF-A0A7K4GL27-F1-model_v4	AF-A0A7K4GL27-F1-model_v4 Uncharacterized protein	2.653E-06	1.000	223	3	127	140	252	384	387	135	0.893	0.344
LOKIASV2_1460_ESMFold_hypothetical_protein	AF-A0A842RLV2-F1-model_v4	AF-A0A842RLV2-F1-model_v4 Uncharacterized protein	4.458E-06	1.000	222	4	140	140	2	139	139	139	0.979	0.993
LOKIASV2_1460_ESMFold_hypothetical_protein	AF-A0A524LCW0-F1-model_v4	AF-A0A524LCW0-F1-model_v4 Uncharacterized protein	2.047E-06	1.000	222	2	123	140	1	124	342	129	0.871	0.363
LOKIASV2_1460_ESMFold_hypothetical_protein	AF-A0A524DF24-F1-model_v4	AF-A0A524DF24-F1-model_v4 Uncharacterized protein	1.218E-06	1.000	221	3	127	140	167	298	301	134	0.893	0.439
LOKIASV2_1460_ESMFold_hypothetical_protein	AF-A0A7S4DH97-F1-model_v4	AF-A0A7S4DH97-F1-model_v4 Hypothetical protein	7.490E-06	1.000	220	4	115	140	2	113	114	112	0.800	0.982
LOKIASV2_1460_ESMFold_hypothetical_protein	AF-A0A7C1ZD52-F1-model_v4	AF-A0A7C1ZD52-F1-model_v4 Uncharacterized protein	2.330E-06	1.000	220	6	117	140	2	105	129	114	0.800	0.806
LOKIASV2_1460_ESMFold_hypothetical_protein	AF-A0A842TFV8-F1-model_v4	AF-A0A842TFV8-F1-model_v4 Uncharacterized protein	6.368E-07	1.000	220	1	134	140	1	141	144	141	0.957	0.979
LOKIASV2_1460_ESMFold_hypothetical_protein	AF-A0A3M1TYB8-F1-model_v4	AF-A0A3M1TYB8-F1-model_v4 Uncharacterized protein	1.180E-05	1.000	220	1	132	140	40	168	476	135	0.943	0.271
LOKIASV2_1460_ESMFold_hypothetical_protein	AF-X1FF90-F1-model_v4	AF-X1FF90-F1-model_v4 Uncharacterized protein	1.741E-05	1.000	219	6	73	140	9	74	75	68	0.486	0.880
LOKIASV2_1460_ESMFold_hypothetical_protein	AF-A0A524DZ23-F1-model_v4	AF-A0A524DZ23-F1-model_v4 Uncharacterized protein	1.300E-06	1.000	219	3	127	140	205	336	339	135	0.893	0.389
LOKIASV2_1460_ESMFold_hypothetical_protein	AF-C4M7P9-F1-model_v4	AF-C4M7P9-F1-model_v4 Uncharacterized protein	7.992E-06	1.000	217	4	133	140	2	143	257	142	0.929	0.553
LOKIASV2_1460_ESMFold_hypothetical_protein	AF-A0A5C9E769-F1-model_v4	AF-A0A5C9E769-F1-model_v4 Uncharacterized protein	1.036E-05	1.000	217	3	120	140	547	663	668	118	0.843	0.175
LOKIASV2_1460_ESMFold_hypothetical_protein	AF-A0A0F9AG85-F1-model_v4	AF-A0A0F9AG85-F1-model_v4 Uncharacterized protein	1.631E-05	1.000	216	4	96	140	2	98	99	98	0.664	0.980
LOKIASV2_1460_ESMFold_hypothetical_protein	AF-A0A1Q9ND40-F1-model_v4	AF-A0A1Q9ND40-F1-model_v4 Uncharacterized protein	1.631E-05	1.000	214	3	127	140	228	357	362	133	0.893	0.359
LOKIASV2_1460_ESMFold_hypothetical_protein	AF-A0A7J2IMU9-F1-model_v4	AF-A0A7J2IMU9-F1-model_v4 Fuz_longin_1 domain-containing protein	6.368E-07	1.000	213	4	128	140	3	124	125	130	0.893	0.976
LOKIASV2_1460_ESMFold_hypothetical_protein	AF-A0A5C9EKH7-F1-model_v4	AF-A0A5C9EKH7-F1-model_v4 Uncharacterized protein	1.798E-06	1.000	213	3	118	140	4	125	135	124	0.829	0.904
LOKIASV2_1460_ESMFold_hypothetical_protein	AF-A0A524FJ22-F1-model_v4	AF-A0A524FJ22-F1-model_v4 Uncharacterized protein	4.178E-06	1.000	213	1	140	140	1	143	143	144	1.000	1.000
LOKIASV2_1460_ESMFold_hypothetical_protein	AF-A0A3M1UN33-F1-model_v4	AF-A0A3M1UN33-F1-model_v4 Uncharacterized protein	2.831E-06	1.000	212	2	139	140	6	163	174	159	0.986	0.908
LOKIASV2_1460_ESMFold_hypothetical_protein	AF-A0A842WPP2-F1-model_v4	AF-A0A842WPP2-F1-model_v4 Uncharacterized protein	2.115E-05	1.000	212	4	97	140	2	98	340	98	0.671	0.285
LOKIASV2_1460_ESMFold_hypothetical_protein	AF-A0A1Q9NN20-F1-model_v4	AF-A0A1Q9NN20-F1-model_v4 Uncharacterized protein	9.709E-06	1.000	212	4	122	140	2	122	434	124	0.850	0.279
LOKIASV2_1460_ESMFold_hypothetical_protein	AF-A0A524EKV1-F1-model_v4	AF-A0A524EKV1-F1-model_v4 Uncharacterized protein	3.553E-05	1.000	210	3	97	140	12	109	353	99	0.679	0.278
LOKIASV2_1460_ESMFold_hypothetical_protein	AF-A0A842V9U2-F1-model_v4	AF-A0A842V9U2-F1-model_v4 Uncharacterized protein	1.798E-06	1.000	210	4	135	140	2	135	375	137	0.943	0.357
LOKIASV2_1460_ESMFold_hypothetical_protein	AF-A0A842WUW7-F1-model_v4	AF-A0A842WUW7-F1-model_v4 Uncharacterized protein	2.256E-05	1.000	209	4	98	140	1	92	132	96	0.679	0.697
LOKIASV2_1460_ESMFold_hypothetical_protein	AF-A0A842RUN1-F1-model_v4	AF-A0A842RUN1-F1-model_v4 Uncharacterized protein	2.487E-06	1.000	209	4	136	140	10	142	143	140	0.950	0.930
LOKIASV2_1460_ESMFold_hypothetical_protein	AF-A0A5B9D8W8-F1-model_v4	AF-A0A5B9D8W8-F1-model_v4 Uncharacterized protein	2.653E-06	1.000	209	4	129	140	37	165	169	134	0.900	0.763
LOKIASV2_1460_ESMFold_hypothetical_protein	AF-A0A524EKB2-F1-model_v4	AF-A0A524EKB2-F1-model_v4 Uncharacterized protein	4.178E-06	1.000	209	3	127	140	243	374	377	134	0.893	0.350
LOKIASV2_1460_ESMFold_hypothetical_protein	AF-A0A524FMU1-F1-model_v4	AF-A0A524FMU1-F1-model_v4 Uncharacterized protein	5.416E-06	1.000	208	1	139	140	1	143	146	143	0.993	0.979
LOKIASV2_1460_ESMFold_hypothetical_protein	AF-A0A5C9DZY9-F1-model_v4	AF-A0A5C9DZY9-F1-model_v4 Uncharacterized protein	4.178E-06	1.000	208	3	127	140	237	368	371	134	0.893	0.356
LOKIASV2_1460_ESMFold_hypothetical_protein	AF-A0A842W2L3-F1-model_v4	AF-A0A842W2L3-F1-model_v4 Uncharacterized protein	6.166E-06	1.000	207	4	140	140	28	166	166	144	0.979	0.837
LOKIASV2_1460_ESMFold_hypothetical_protein	AF-X1AZB0-F1-model_v4	AF-X1AZB0-F1-model_v4 Uncharacterized protein	2.184E-06	1.000	207	3	94	140	189	282	292	97	0.657	0.322
LOKIASV2_1460_ESMFold_hypothetical_protein	AF-A0A7V5SQF4-F1-model_v4	AF-A0A7V5SQF4-F1-model_v4 Uncharacterized protein	5.076E-06	1.000	207	4	139	140	2	145	340	147	0.971	0.424
LOKIASV2_1460_ESMFold_hypothetical_protein	AF-A0A7K4ICS1-F1-model_v4	AF-A0A7K4ICS1-F1-model_v4 Uncharacterized protein	5.242E-07	1.000	206	4	140	140	1	146	146	151	0.979	1.000
LOKIASV2_1460_ESMFold_hypothetical_protein	AF-X1GDC4-F1-model_v4	AF-X1GDC4-F1-model_v4 Uncharacterized protein	1.741E-05	1.000	206	3	127	140	129	253	262	129	0.893	0.477
LOKIASV2_1460_ESMFold_hypothetical_protein	AF-A0A3L6JL15-F1-model_v4	AF-A0A3L6JL15-F1-model_v4 Uncharacterized protein	5.242E-07	1.000	205	4	140	140	1	144	144	149	0.979	1.000
LOKIASV2_1460_ESMFold_hypothetical_protein	AF-A0A524CYA2-F1-model_v4	AF-A0A524CYA2-F1-model_v4 Uncharacterized protein	1.579E-06	1.000	205	1	138	140	1	172	176	175	0.986	0.977
LOKIASV2_1460_ESMFold_hypothetical_protein	AF-X1E0J3-F1-model_v4	AF-X1E0J3-F1-model_v4 Uncharacterized protein	2.115E-05	1.000	205	4	123	140	2	121	179	122	0.857	0.670
LOKIASV2_1460_ESMFold_hypothetical_protein	AF-X1DL41-F1-model_v4	AF-X1DL41-F1-model_v4 Uncharacterized protein	3.439E-06	1.000	205	3	120	140	159	266	274	120	0.843	0.394
LOKIASV2_1460_ESMFold_hypothetical_protein	AF-A0A524EQK7-F1-model_v4	AF-A0A524EQK7-F1-model_v4 Uncharacterized protein	5.076E-06	1.000	205	3	127	140	247	379	382	135	0.893	0.348
LOKIASV2_1460_ESMFold_hypothetical_protein	AF-A0A5C9E2I2-F1-model_v4	AF-A0A5C9E2I2-F1-model_v4 Uncharacterized protein	5.416E-06	1.000	204	3	126	140	17	139	141	130	0.886	0.872
LOKIASV2_1460_ESMFold_hypothetical_protein	AF-A0A0F8ZHJ2-F1-model_v4	AF-A0A0F8ZHJ2-F1-model_v4 Uncharacterized protein	3.439E-06	1.000	203	4	130	140	2	136	143	139	0.907	0.944
LOKIASV2_1460_ESMFold_hypothetical_protein	AF-A0A524CY90-F1-model_v4	AF-A0A524CY90-F1-model_v4 Uncharacterized protein	6.579E-06	1.000	203	4	138	140	12	171	217	163	0.964	0.737
LOKIASV2_1460_ESMFold_hypothetical_protein	AF-A0A7K4GNP5-F1-model_v4	AF-A0A7K4GNP5-F1-model_v4 Uncharacterized protein	3.021E-06	1.000	202	4	125	140	2	130	319	132	0.871	0.404
LOKIASV2_1460_ESMFold_hypothetical_protein	AF-X1GNF8-F1-model_v4	AF-X1GNF8-F1-model_v4 Uncharacterized protein	2.487E-06	1.000	201	3	119	140	46	154	183	119	0.836	0.596
LOKIASV2_1460_ESMFold_hypothetical_protein	AF-A0A2K3JBL9-F1-model_v4	AF-A0A2K3JBL9-F1-model_v4 Uncharacterized protein	3.121E-05	1.000	201	2	134	140	5	136	298	135	0.950	0.443
LOKIASV2_1460_ESMFold_hypothetical_protein	AF-M1VD26-F1-model_v4	AF-M1VD26-F1-model_v4 Uncharacterized protein	1.529E-05	1.000	201	4	110	140	2	106	390	109	0.764	0.269
LOKIASV2_1460_ESMFold_hypothetical_protein	AF-X1QLB3-F1-model_v4	AF-X1QLB3-F1-model_v4 Uncharacterized protein	7.490E-06	1.000	199	4	120	140	137	260	262	126	0.836	0.473
LOKIASV2_1460_ESMFold_hypothetical_protein	AF-A0A524CYR4-F1-model_v4	AF-A0A524CYR4-F1-model_v4 Uncharacterized protein	5.779E-06	1.000	196	3	127	140	18	150	155	135	0.893	0.858
LOKIASV2_1460_ESMFold_hypothetical_protein	AF-A0A524DAL4-F1-model_v4	AF-A0A524DAL4-F1-model_v4 Uncharacterized protein	1.343E-05	1.000	196	3	127	140	236	368	371	134	0.893	0.358
LOKIASV2_1460_ESMFold_hypothetical_protein	AF-A8I6K1-F1-model_v4	AF-A8I6K1-F1-model_v4 Predicted protein	5.779E-06	1.000	194	4	122	140	2	118	119	122	0.850	0.983
LOKIASV2_1460_ESMFold_hypothetical_protein	AF-X1GQT7-F1-model_v4	AF-X1GQT7-F1-model_v4 Uncharacterized protein	1.343E-05	1.000	194	4	127	140	45	175	186	133	0.886	0.704
LOKIASV2_1460_ESMFold_hypothetical_protein	AF-A0A6A5BD51-F1-model_v4	AF-A0A6A5BD51-F1-model_v4 Uncharacterized protein	1.387E-04	1.000	194	4	100	140	2	101	339	100	0.693	0.295
LOKIASV2_1460_ESMFold_hypothetical_protein	AF-A0A1Q9NI36-F1-model_v4	AF-A0A1Q9NI36-F1-model_v4 Uncharacterized protein	9.398E-07	1.000	193	1	125	140	3	135	136	138	0.893	0.978
LOKIASV2_1460_ESMFold_hypothetical_protein	AF-A0A524CHL5-F1-model_v4	AF-A0A524CHL5-F1-model_v4 Uncharacterized protein	6.166E-06	1.000	193	3	127	140	231	362	375	136	0.893	0.352
LOKIASV2_1460_ESMFold_hypothetical_protein	AF-A0A0F9QSW0-F1-model_v4	AF-A0A0F9QSW0-F1-model_v4 Uncharacterized protein	7.020E-06	1.000	193	3	126	140	992	1119	1125	130	0.886	0.114
LOKIASV2_1460_ESMFold_hypothetical_protein	AF-A0A524FXQ9-F1-model_v4	AF-A0A524FXQ9-F1-model_v4 Uncharacterized protein	8.528E-06	1.000	192	3	135	140	10	146	149	140	0.950	0.919
LOKIASV2_1460_ESMFold_hypothetical_protein	AF-A0A2N5RUZ6-F1-model_v4	AF-A0A2N5RUZ6-F1-model_v4 Vacuolar fusion protein MON1	2.925E-05	1.000	192	6	128	140	72	202	227	133	0.879	0.577
LOKIASV2_1460_ESMFold_hypothetical_protein	AF-A0A5C9EUR2-F1-model_v4	AF-A0A5C9EUR2-F1-model_v4 Uncharacterized protein	1.343E-05	1.000	192	3	127	140	237	369	372	135	0.893	0.358
LOKIASV2_1460_ESMFold_hypothetical_protein	AF-A0A524CNH5-F1-model_v4	AF-A0A524CNH5-F1-model_v4 Tetratricopeptide repeat protein	1.300E-06	1.000	192	3	119	140	532	640	669	123	0.836	0.163
LOKIASV2_1460_ESMFold_hypothetical_protein	AF-X1D556-F1-model_v4	AF-X1D556-F1-model_v4 Uncharacterized protein	4.045E-05	1.000	191	4	100	140	2	101	107	101	0.693	0.935
LOKIASV2_1460_ESMFold_hypothetical_protein	AF-A0A842UBB4-F1-model_v4	AF-A0A842UBB4-F1-model_v4 Uncharacterized protein	9.100E-06	1.000	191	1	136	140	1	140	141	144	0.971	0.993
LOKIASV2_1460_ESMFold_hypothetical_protein	AF-W4H751-F1-model_v4	AF-W4H751-F1-model_v4 Uncharacterized protein	6.579E-06	1.000	190	2	128	140	1	118	235	129	0.907	0.502
LOKIASV2_1460_ESMFold_hypothetical_protein	AF-M2Y9E3-F1-model_v4	AF-M2Y9E3-F1-model_v4 Uncharacterized protein	1.857E-05	1.000	190	4	122	140	2	119	246	127	0.850	0.480
LOKIASV2_1460_ESMFold_hypothetical_protein	AF-A0A850M825-F1-model_v4	AF-A0A850M825-F1-model_v4 GTP-binding protein	9.401E-05	1.000	189	4	128	140	2	124	479	125	0.893	0.257
LOKIASV2_1460_ESMFold_hypothetical_protein	AF-A0A2J8AIW2-F1-model_v4	AF-A0A2J8AIW2-F1-model_v4 Protein fuzzy	9.100E-06	1.000	189	6	122	140	4	118	522	119	0.836	0.220
LOKIASV2_1460_ESMFold_hypothetical_protein	AF-A0A3L6JSE4-F1-model_v4	AF-A0A3L6JSE4-F1-model_v4 Uncharacterized protein	2.487E-06	1.000	188	6	130	140	3	131	132	135	0.893	0.977
LOKIASV2_1460_ESMFold_hypothetical_protein	AF-A0A5C9E224-F1-model_v4	AF-A0A5C9E224-F1-model_v4 Uncharacterized protein	4.914E-05	1.000	188	1	140	140	1	143	143	148	1.000	1.000
LOKIASV2_1460_ESMFold_hypothetical_protein	AF-A0A3M1TUF3-F1-model_v4	AF-A0A3M1TUF3-F1-model_v4 Uncharacterized protein	3.439E-06	1.000	188	2	140	140	1	154	154	156	0.993	1.000
LOKIASV2_1460_ESMFold_hypothetical_protein	AF-A0A1Q9PDQ3-F1-model_v4	AF-A0A1Q9PDQ3-F1-model_v4 Uncharacterized protein	1.529E-05	1.000	187	4	129	140	2	133	441	133	0.900	0.299
LOKIASV2_1460_ESMFold_hypothetical_protein	AF-A0A250WXM4-F1-model_v4	AF-A0A250WXM4-F1-model_v4 Fuz_longin_1 domain-containing protein	1.982E-05	1.000	187	4	123	140	2	119	486	122	0.857	0.243
LOKIASV2_1460_ESMFold_hypothetical_protein	AF-A0A1Q9NJV3-F1-model_v4	AF-A0A1Q9NJV3-F1-model_v4 Uncharacterized protein	9.100E-06	1.000	185	3	134	140	17	153	296	138	0.943	0.463
LOKIASV2_1460_ESMFold_hypothetical_protein	AF-A0A485KXB0-F1-model_v4	AF-A0A485KXB0-F1-model_v4 Aste57867_12972 protein	2.408E-05	1.000	185	2	121	140	12	129	346	122	0.857	0.341
LOKIASV2_1460_ESMFold_hypothetical_protein	AF-A4IA35-F1-model_v4	AF-A4IA35-F1-model_v4 AP-3_complex_subunit_mu_-_putative	2.256E-05	1.000	185	4	109	140	2	109	468	110	0.757	0.231
LOKIASV2_1460_ESMFold_hypothetical_protein	AF-A0A0B1TDU5-F1-model_v4	AF-A0A0B1TDU5-F1-model_v4 SRP54-type protein, GTPase domain protein	3.553E-05	1.000	185	4	140	140	246	380	862	144	0.979	0.157
LOKIASV2_1460_ESMFold_hypothetical_protein	AF-A0A524EHL1-F1-model_v4	AF-A0A524EHL1-F1-model_v4 Uncharacterized protein	4.606E-05	1.000	184	1	79	140	6	89	101	86	0.564	0.832
LOKIASV2_1460_ESMFold_hypothetical_protein	AF-A0A5C9DY84-F1-model_v4	AF-A0A5C9DY84-F1-model_v4 Uncharacterized protein	1.741E-05	1.000	184	4	121	140	22	128	153	119	0.843	0.699
LOKIASV2_1460_ESMFold_hypothetical_protein	AF-X0SNN9-F1-model_v4	AF-X0SNN9-F1-model_v4 Uncharacterized protein	2.925E-05	1.000	183	3	126	140	111	251	252	145	0.886	0.560
LOKIASV2_1460_ESMFold_hypothetical_protein	AF-A0A4P9YZ47-F1-model_v4	AF-A0A4P9YZ47-F1-model_v4 Signal recognition particle, alpha subunit, N-terminal-domain-containing protein	7.738E-05	1.000	182	4	138	140	2	133	219	137	0.964	0.603
LOKIASV2_1460_ESMFold_hypothetical_protein	AF-A0A850LWL5-F1-model_v4	AF-A0A850LWL5-F1-model_v4 GTP-binding protein	2.741E-05	1.000	182	4	124	140	2	120	321	123	0.864	0.371
LOKIASV2_1460_ESMFold_hypothetical_protein	AF-A0A0F9LUM7-F1-model_v4	AF-A0A0F9LUM7-F1-model_v4 Uncharacterized protein	4.316E-05	1.000	181	3	127	140	80	208	214	135	0.893	0.603
LOKIASV2_1460_ESMFold_hypothetical_protein	AF-X1A2M1-F1-model_v4	AF-X1A2M1-F1-model_v4 Uncharacterized protein	5.244E-05	1.000	180	3	124	140	8	133	135	129	0.871	0.933
LOKIASV2_1460_ESMFold_hypothetical_protein	AF-A0A524FI55-F1-model_v4	AF-A0A524FI55-F1-model_v4 Uncharacterized protein	5.970E-05	1.000	179	3	127	140	232	360	365	135	0.893	0.353
LOKIASV2_1460_ESMFold_hypothetical_protein	AF-A0A842TMP3-F1-model_v4	AF-A0A842TMP3-F1-model_v4 Uncharacterized protein	1.741E-05	1.000	179	3	127	140	236	382	394	152	0.893	0.373
LOKIASV2_1460_ESMFold_hypothetical_protein	AF-A0A524P645-F1-model_v4	AF-A0A524P645-F1-model_v4 Tetratricopeptide repeat protein	8.528E-06	1.000	179	4	127	140	514	641	645	134	0.886	0.198
LOKIASV2_1460_ESMFold_hypothetical_protein	AF-A0A842R8D5-F1-model_v4	AF-A0A842R8D5-F1-model_v4 Uncharacterized protein	6.370E-05	1.000	178	3	103	140	4	107	131	105	0.721	0.794
LOKIASV2_1460_ESMFold_hypothetical_protein	AF-A0A1E3J673-F1-model_v4	AF-A0A1E3J673-F1-model_v4 Vacuolar fusion protein MON1	7.252E-05	1.000	178	6	124	140	177	299	301	127	0.850	0.409
LOKIASV2_1460_ESMFold_hypothetical_protein	AF-A0A7K4IB80-F1-model_v4	AF-A0A7K4IB80-F1-model_v4 Uncharacterized protein	3.224E-04	1.000	178	4	97	140	2	100	347	100	0.671	0.285
LOKIASV2_1460_ESMFold_hypothetical_protein	AF-A0A524D7M0-F1-model_v4	AF-A0A524D7M0-F1-model_v4 Uncharacterized protein	3.791E-05	1.000	177	2	84	140	1	82	85	86	0.593	0.965
LOKIASV2_1460_ESMFold_hypothetical_protein	AF-A0A524D9T4-F1-model_v4	AF-A0A524D9T4-F1-model_v4 Uncharacterized protein	2.925E-05	1.000	177	1	128	140	1	128	143	132	0.914	0.895
LOKIASV2_1460_ESMFold_hypothetical_protein	AF-A0A842QVZ3-F1-model_v4	AF-A0A842QVZ3-F1-model_v4 Uncharacterized protein	3.439E-06	1.000	177	1	138	140	1	144	216	147	0.986	0.667
LOKIASV2_1460_ESMFold_hypothetical_protein	AF-A0A842TMW4-F1-model_v4	AF-A0A842TMW4-F1-model_v4 Uncharacterized protein	1.857E-05	1.000	177	1	135	140	1	150	258	153	0.964	0.581
LOKIASV2_1460_ESMFold_hypothetical_protein	AF-A0A842TJE5-F1-model_v4	AF-A0A842TJE5-F1-model_v4 Uncharacterized protein	9.401E-05	1.000	177	3	128	140	234	372	375	142	0.900	0.371
LOKIASV2_1460_ESMFold_hypothetical_protein	AF-R4X9L1-F1-model_v4	AF-R4X9L1-F1-model_v4 SRP54 domain-containing protein	2.115E-05	1.000	177	4	139	140	2	130	611	138	0.971	0.211
LOKIASV2_1460_ESMFold_hypothetical_protein	AF-A0A842T569-F1-model_v4	AF-A0A842T569-F1-model_v4 Uncharacterized protein	9.401E-05	1.000	176	4	140	140	2	139	139	139	0.979	0.993
LOKIASV2_1460_ESMFold_hypothetical_protein	AF-A0A842VWL2-F1-model_v4	AF-A0A842VWL2-F1-model_v4 Uncharacterized protein	1.259E-05	1.000	176	2	127	140	1	150	253	153	0.900	0.593
LOKIASV2_1460_ESMFold_hypothetical_protein	AF-A0A524EQ21-F1-model_v4	AF-A0A524EQ21-F1-model_v4 Uncharacterized protein	6.370E-05	1.000	176	3	128	140	240	369	377	133	0.900	0.345
LOKIASV2_1460_ESMFold_hypothetical_protein	AF-A0A7R9V5V2-F1-model_v4	AF-A0A7R9V5V2-F1-model_v4 Hypothetical protein	1.685E-04	1.000	175	6	94	140	39	126	129	90	0.636	0.682
LOKIASV2_1460_ESMFold_hypothetical_protein	AF-A0A2C9K4M0-F1-model_v4	AF-A0A2C9K4M0-F1-model_v4 Uncharacterized protein	9.401E-05	1.000	175	4	138	140	2	131	561	138	0.964	0.232
LOKIASV2_1460_ESMFold_hypothetical_protein	AF-A0A1Q9NPD2-F1-model_v4	AF-A0A1Q9NPD2-F1-model_v4 Uncharacterized protein	5.416E-06	1.000	174	4	127	140	112	240	251	137	0.886	0.514
LOKIASV2_1460_ESMFold_hypothetical_protein	AF-A0A0G4IT53-F1-model_v4	AF-A0A0G4IT53-F1-model_v4 SRP54 domain-containing protein	6.797E-05	1.000	174	4	135	140	2	126	589	135	0.943	0.212
LOKIASV2_1460_ESMFold_hypothetical_protein	AF-A0A497QJ98-F1-model_v4	AF-A0A497QJ98-F1-model_v4 Uncharacterized protein	1.105E-05	1.000	174	4	131	140	523	654	657	137	0.914	0.201
LOKIASV2_1460_ESMFold_hypothetical_protein	AF-A0A140LI68-F1-model_v4	AF-A0A140LI68-F1-model_v4 Protein fuzzy homolog	5.244E-05	1.000	173	6	124	140	11	137	192	131	0.850	0.661
LOKIASV2_1460_ESMFold_hypothetical_protein	AF-A0A5C9E289-F1-model_v4	AF-A0A5C9E289-F1-model_v4 Uncharacterized protein	3.121E-05	1.000	173	3	127	140	231	362	374	136	0.893	0.353
LOKIASV2_1460_ESMFold_hypothetical_protein	AF-A0A2G9TPM8-F1-model_v4	AF-A0A2G9TPM8-F1-model_v4 Signal recognition particle, alpha subunit	7.738E-05	1.000	172	4	140	140	2	133	263	144	0.979	0.502
LOKIASV2_1460_ESMFold_hypothetical_protein	AF-A0A7C1ZLP3-F1-model_v4	AF-A0A7C1ZLP3-F1-model_v4 Uncharacterized protein	1.300E-04	1.000	171	4	127	140	2	119	134	126	0.886	0.881
LOKIASV2_1460_ESMFold_hypothetical_protein	AF-A0A5C9EHR9-F1-model_v4	AF-A0A5C9EHR9-F1-model_v4 Uncharacterized protein	7.252E-05	1.000	171	4	136	140	2	138	144	137	0.950	0.951
LOKIASV2_1460_ESMFold_hypothetical_protein	AF-A0A7J2RJG5-F1-model_v4	AF-A0A7J2RJG5-F1-model_v4 Uncharacterized protein	1.070E-04	1.000	171	3	127	140	23	151	157	135	0.893	0.822
LOKIASV2_1460_ESMFold_hypothetical_protein	AF-A0A1Q9P231-F1-model_v4	AF-A0A1Q9P231-F1-model_v4 Uncharacterized protein	1.741E-05	1.000	171	4	118	140	416	532	567	128	0.821	0.206
LOKIASV2_1460_ESMFold_hypothetical_protein	AF-A0A842VBF2-F1-model_v4	AF-A0A842VBF2-F1-model_v4 Uncharacterized protein	1.142E-06	1.000	170	2	135	140	1	140	251	144	0.957	0.558
LOKIASV2_1460_ESMFold_hypothetical_protein	AF-A0A524DPZ0-F1-model_v4	AF-A0A524DPZ0-F1-model_v4 Uncharacterized protein	1.529E-05	1.000	170	4	135	140	120	254	259	145	0.943	0.521
LOKIASV2_1460_ESMFold_hypothetical_protein	AF-X1BBG9-F1-model_v4	AF-X1BBG9-F1-model_v4 Uncharacterized protein	3.121E-05	1.000	170	3	122	140	128	254	266	130	0.857	0.477
LOKIASV2_1460_ESMFold_hypothetical_protein	AF-X1IUC5-F1-model_v4	AF-X1IUC5-F1-model_v4 Uncharacterized protein	1.180E-05	1.000	170	3	116	140	154	259	283	119	0.814	0.375
LOKIASV2_1460_ESMFold_hypothetical_protein	AF-A0A1Q9N7Z0-F1-model_v4	AF-A0A1Q9N7Z0-F1-model_v4 tRNA modification GTPase MnmE	1.580E-04	1.000	170	4	118	140	2	115	298	119	0.821	0.383
LOKIASV2_1460_ESMFold_hypothetical_protein	AF-A0A1Q9NUF5-F1-model_v4	AF-A0A1Q9NUF5-F1-model_v4 Uncharacterized protein	1.343E-05	1.000	170	2	138	140	12	159	334	150	0.979	0.443
LOKIASV2_1460_ESMFold_hypothetical_protein	AF-A0A088RNT1-F1-model_v4	AF-A0A088RNT1-F1-model_v4 Adaptor complex subunit medium chain 3, putative	8.810E-05	1.000	170	4	109	140	2	109	468	110	0.757	0.231
LOKIASV2_1460_ESMFold_hypothetical_protein	AF-A0A1Y2FAN6-F1-model_v4	AF-A0A1Y2FAN6-F1-model_v4 SRP54-type protein	2.408E-05	1.000	170	4	134	140	2	125	580	134	0.936	0.214
LOKIASV2_1460_ESMFold_hypothetical_protein	AF-X1AAD8-F1-model_v4	AF-X1AAD8-F1-model_v4 Uncharacterized protein	1.631E-05	1.000	169	4	120	140	85	190	209	122	0.836	0.507
LOKIASV2_1460_ESMFold_hypothetical_protein	AF-A0A1R3I4R1-F1-model_v4	AF-A0A1R3I4R1-F1-model_v4 Clathrin adaptor, mu subunit	8.257E-05	1.000	169	3	108	140	114	221	538	110	0.757	0.201
LOKIASV2_1460_ESMFold_hypothetical_protein	AF-A0A3M1U0F8-F1-model_v4	AF-A0A3M1U0F8-F1-model_v4 Uncharacterized protein	1.918E-06	1.000	168	4	140	140	2	136	265	144	0.979	0.509
LOKIASV2_1460_ESMFold_hypothetical_protein	AF-A0A497Q3T3-F1-model_v4	AF-A0A497Q3T3-F1-model_v4 Uncharacterized protein	4.758E-04	1.000	168	4	98	140	2	93	698	95	0.679	0.132
LOKIASV2_1460_ESMFold_hypothetical_protein	AF-A0A7C1YYR7-F1-model_v4	AF-A0A7C1YYR7-F1-model_v4 Uncharacterized protein	6.797E-05	1.000	167	4	130	140	5	142	143	140	0.907	0.965
LOKIASV2_1460_ESMFold_hypothetical_protein	AF-H6QRD7-F1-model_v4	AF-H6QRD7-F1-model_v4 Clat_adaptor_s domain-containing protein	3.553E-05	1.000	167	4	130	140	2	121	159	130	0.907	0.755
LOKIASV2_1460_ESMFold_hypothetical_protein	AF-A0A524CYT1-F1-model_v4	AF-A0A524CYT1-F1-model_v4 Uncharacterized protein	2.115E-05	1.000	167	3	127	140	76	207	211	136	0.893	0.626
LOKIASV2_1460_ESMFold_hypothetical_protein	AF-A0A672U617-F1-model_v4	AF-A0A672U617-F1-model_v4 Intu_longin_1 domain-containing protein	4.758E-04	1.000	166	4	139	140	16	161	182	150	0.971	0.802
LOKIASV2_1460_ESMFold_hypothetical_protein	AF-A0A1X7V2W4-F1-model_v4	AF-A0A1X7V2W4-F1-model_v4 MHD domain-containing protein	6.797E-05	1.000	166	4	97	140	2	93	439	97	0.671	0.210
LOKIASV2_1460_ESMFold_hypothetical_protein	AF-A0A1D1YP85-F1-model_v4	AF-A0A1D1YP85-F1-model_v4 AP-3 complex subunit mu-1	6.370E-05	1.000	166	2	128	140	61	178	477	128	0.907	0.247
LOKIASV2_1460_ESMFold_hypothetical_protein	AF-O43032-F1-model_v4	AF-O43032-F1-model_v4 Signal recognition particle receptor subunit alpha homolog	8.257E-05	1.000	166	4	135	140	2	126	547	134	0.943	0.229
LOKIASV2_1460_ESMFold_hypothetical_protein	AF-A0A842S7R1-F1-model_v4	AF-A0A842S7R1-F1-model_v4 Uncharacterized protein	8.257E-05	1.000	166	4	88	140	548	632	634	85	0.607	0.134
LOKIASV2_1460_ESMFold_hypothetical_protein	AF-X0ST71-F1-model_v4	AF-X0ST71-F1-model_v4 Uncharacterized protein	1.219E-04	1.000	165	4	128	140	2	126	201	129	0.893	0.622
LOKIASV2_1460_ESMFold_hypothetical_protein	AF-A0A2I0HYZ4-F1-model_v4	AF-A0A2I0HYZ4-F1-model_v4 MHD domain-containing protein	1.219E-04	1.000	165	3	108	140	4	111	240	110	0.757	0.450
LOKIASV2_1460_ESMFold_hypothetical_protein	AF-A0A433PVV3-F1-model_v4	AF-A0A433PVV3-F1-model_v4 Signal recognition particle, alpha subunit, N-terminal-domain-containing protein	1.580E-04	1.000	165	4	138	140	2	130	418	138	0.964	0.309
LOKIASV2_1460_ESMFold_hypothetical_protein	AF-A0A7C8YQS2-F1-model_v4	AF-A0A7C8YQS2-F1-model_v4 MHD domain-containing protein	1.219E-04	1.000	164	1	105	140	31	137	281	110	0.750	0.381
LOKIASV2_1460_ESMFold_hypothetical_protein	AF-B7QNF9-F1-model_v4	AF-B7QNF9-F1-model_v4 Signal recognition particle receptor, alpha subunit, putative	7.252E-05	1.000	164	4	135	140	2	130	289	133	0.943	0.446
LOKIASV2_1460_ESMFold_hypothetical_protein	AF-A0A2K3DIT3-F1-model_v4	AF-A0A2K3DIT3-F1-model_v4 Fuz_longin_1 domain-containing protein	4.045E-05	1.000	164	6	122	140	4	118	619	123	0.836	0.186
LOKIASV2_1460_ESMFold_hypothetical_protein	AF-A0A368GTP3-F1-model_v4	AF-A0A368GTP3-F1-model_v4 SRP54 domain-containing protein	1.798E-04	1.000	164	4	138	140	460	592	1077	142	0.964	0.123
LOKIASV2_1460_ESMFold_hypothetical_protein	AF-A0A397F7P1-F1-model_v4	AF-A0A397F7P1-F1-model_v4 Uncharacterized protein	3.917E-04	1.000	163	6	135	140	5	135	136	133	0.929	0.963
LOKIASV2_1460_ESMFold_hypothetical_protein	AF-A0A397DEA5-F1-model_v4	AF-A0A397DEA5-F1-model_v4 Uncharacterized protein	4.179E-04	1.000	163	6	130	140	5	130	215	130	0.893	0.586
LOKIASV2_1460_ESMFold_hypothetical_protein	AF-A0A485LHL1-F1-model_v4	AF-A0A485LHL1-F1-model_v4 Aste57867_21455 protein	2.832E-04	1.000	163	2	121	140	1	118	400	122	0.857	0.295
LOKIASV2_1460_ESMFold_hypothetical_protein	AF-A0A1J3EPN5-F1-model_v4	AF-A0A1J3EPN5-F1-model_v4 AP-4 complex subunit mu	1.300E-04	1.000	163	1	105	140	43	148	447	108	0.750	0.237
LOKIASV2_1460_ESMFold_hypothetical_protein	AF-A0A6I8N1V0-F1-model_v4	AF-A0A6I8N1V0-F1-model_v4 Intu_longin_1 domain-containing protein	5.077E-04	1.000	163	1	138	140	10	157	500	152	0.986	0.296
LOKIASV2_1460_ESMFold_hypothetical_protein	AF-A0A135VM84-F1-model_v4	AF-A0A135VM84-F1-model_v4 Uncharacterized protein	7.492E-04	1.000	163	4	98	140	2	93	699	95	0.679	0.132
LOKIASV2_1460_ESMFold_hypothetical_protein	AF-A0A7J0FDT3-F1-model_v4	AF-A0A7J0FDT3-F1-model_v4 Clathrin adaptor complexes medium subunit family protein	1.798E-04	1.000	163	3	105	140	496	599	857	107	0.736	0.121
LOKIASV2_1460_ESMFold_hypothetical_protein	AF-A0A4V4H3U0-F1-model_v4	AF-A0A4V4H3U0-F1-model_v4 MHD domain-containing protein	1.480E-04	1.000	163	4	105	140	2	104	969	106	0.729	0.106
LOKIASV2_1460_ESMFold_hypothetical_protein	AF-A0A850MK17-F1-model_v4	AF-A0A850MK17-F1-model_v4 Uncharacterized protein	6.581E-04	1.000	162	1	97	140	20	116	120	100	0.693	0.808
LOKIASV2_1460_ESMFold_hypothetical_protein	AF-A0A6V7Y8Z3-F1-model_v4	AF-A0A6V7Y8Z3-F1-model_v4 Hypothetical protein	6.370E-05	1.000	162	4	133	140	2	130	189	138	0.929	0.683
LOKIASV2_1460_ESMFold_hypothetical_protein	AF-A0A5J5QYH3-F1-model_v4	AF-A0A5J5QYH3-F1-model_v4 Uncharacterized protein	1.798E-04	1.000	162	4	105	140	2	104	226	106	0.729	0.456
LOKIASV2_1460_ESMFold_hypothetical_protein	AF-A0A524EKC5-F1-model_v4	AF-A0A524EKC5-F1-model_v4 Uncharacterized protein	3.440E-04	1.000	162	3	127	140	232	360	364	132	0.893	0.354
LOKIASV2_1460_ESMFold_hypothetical_protein	AF-A0A7I8JWR4-F1-model_v4	AF-A0A7I8JWR4-F1-model_v4 Hypothetical protein	9.401E-05	1.000	162	4	127	140	2	116	416	125	0.886	0.276
LOKIASV2_1460_ESMFold_hypothetical_protein	AF-W9SC15-F1-model_v4	AF-W9SC15-F1-model_v4 AP-4 complex subunit mu-1	1.919E-04	1.000	162	4	105	140	2	104	507	106	0.729	0.203
LOKIASV2_1460_ESMFold_hypothetical_protein	AF-F4RKC5-F1-model_v4	AF-F4RKC5-F1-model_v4 SRP54 domain-containing protein	6.370E-05	1.000	162	4	138	140	2	146	601	155	0.964	0.241
LOKIASV2_1460_ESMFold_hypothetical_protein	AF-A0A1E5VFI7-F1-model_v4	AF-A0A1E5VFI7-F1-model_v4 AP-1 complex subunit mu-2	1.142E-04	1.000	162	3	108	140	4	111	1038	111	0.757	0.104
LOKIASV2_1460_ESMFold_hypothetical_protein	AF-G1U5U1-F1-model_v4	AF-G1U5U1-F1-model_v4 Fuz_longin_1 domain-containing protein	1.685E-04	1.000	161	6	123	140	11	136	283	131	0.843	0.445
LOKIASV2_1460_ESMFold_hypothetical_protein	AF-A0A182EPZ0-F1-model_v4	AF-A0A182EPZ0-F1-model_v4 SRP-alpha_N domain-containing protein	2.487E-04	1.000	161	4	135	140	2	131	291	139	0.943	0.447
LOKIASV2_1460_ESMFold_hypothetical_protein	AF-M7YA15-F1-model_v4	AF-M7YA15-F1-model_v4 AP-1 complex subunit mu-1	2.331E-04	1.000	160	3	107	140	53	158	539	109	0.750	0.197
LOKIASV2_1460_ESMFold_hypothetical_protein	AF-A0A1D6G2X5-F1-model_v4	AF-A0A1D6G2X5-F1-model_v4 AP-1 complex subunit mu-2	1.798E-04	1.000	159	4	116	140	5	119	124	118	0.807	0.927
LOKIASV2_1460_ESMFold_hypothetical_protein	AF-A0A7C0U9S5-F1-model_v4	AF-A0A7C0U9S5-F1-model_v4 Uncharacterized protein	6.370E-05	1.000	159	4	139	140	2	141	144	147	0.971	0.972
LOKIASV2_1460_ESMFold_hypothetical_protein	AF-W5M954-F1-model_v4	AF-W5M954-F1-model_v4 SRP receptor subunit alpha	2.185E-04	1.000	159	4	135	140	2	132	270	138	0.943	0.485
LOKIASV2_1460_ESMFold_hypothetical_protein	AF-A0A067C0F7-F1-model_v4	AF-A0A067C0F7-F1-model_v4 Uncharacterized protein	3.671E-04	1.000	159	1	125	140	1	128	282	133	0.893	0.454
LOKIASV2_1460_ESMFold_hypothetical_protein	AF-A0A6P9BTL6-F1-model_v4	AF-A0A6P9BTL6-F1-model_v4 protein fuzzy homolog isoform X3	3.224E-04	1.000	159	6	123	140	10	133	354	128	0.843	0.350
LOKIASV2_1460_ESMFold_hypothetical_protein	AF-A0A6N2MKM3-F1-model_v4	AF-A0A6N2MKM3-F1-model_v4 MHD domain-containing protein	2.185E-04	1.000	159	4	105	140	2	104	367	106	0.729	0.281
LOKIASV2_1460_ESMFold_hypothetical_protein	AF-F4PCY7-F1-model_v4	AF-F4PCY7-F1-model_v4 SRP54 domain-containing protein	2.487E-04	1.000	159	4	135	140	2	129	634	135	0.943	0.202
LOKIASV2_1460_ESMFold_hypothetical_protein	AF-A0A0B7AHV4-F1-model_v4	AF-A0A0B7AHV4-F1-model_v4 SRP-alpha_N domain-containing protein	2.654E-04	1.000	158	4	138	140	2	131	163	140	0.964	0.798
LOKIASV2_1460_ESMFold_hypothetical_protein	AF-A0A850MHA0-F1-model_v4	AF-A0A850MHA0-F1-model_v4 Uncharacterized protein	3.440E-04	1.000	158	4	119	140	2	118	191	117	0.829	0.613
LOKIASV2_1460_ESMFold_hypothetical_protein	AF-A0A5B7DAQ9-F1-model_v4	AF-A0A5B7DAQ9-F1-model_v4 Signal recognition particle receptor subunit alpha	6.370E-05	1.000	158	4	135	140	2	135	227	140	0.943	0.590
LOKIASV2_1460_ESMFold_hypothetical_protein	AF-A0A453F9X8-F1-model_v4	AF-A0A453F9X8-F1-model_v4 MHD domain-containing protein	1.919E-04	1.000	158	3	108	140	4	111	357	111	0.757	0.303
LOKIASV2_1460_ESMFold_hypothetical_protein	AF-A0A2Z6MYH4-F1-model_v4	AF-A0A2Z6MYH4-F1-model_v4 MHD domain-containing protein	9.401E-05	1.000	158	4	127	140	2	116	404	126	0.886	0.285
LOKIASV2_1460_ESMFold_hypothetical_protein	AF-A0A0L0SRU0-F1-model_v4	AF-A0A0L0SRU0-F1-model_v4 Clat_adaptor_s domain-containing protein	1.480E-04	1.000	157	2	124	140	1	122	133	128	0.879	0.917
LOKIASV2_1460_ESMFold_hypothetical_protein	AF-B4DHF8-F1-model_v4	AF-B4DHF8-F1-model_v4 cDNA FLJ58837	2.832E-04	1.000	157	6	124	140	11	137	236	131	0.850	0.538
LOKIASV2_1460_ESMFold_hypothetical_protein	AF-X0ZKS9-F1-model_v4	AF-X0ZKS9-F1-model_v4 Uncharacterized protein	5.417E-04	1.000	157	4	124	140	2	116	244	122	0.864	0.471
LOKIASV2_1460_ESMFold_hypothetical_protein	AF-A0A431VTW9-F1-model_v4	AF-A0A431VTW9-F1-model_v4 Roadblock/LC7 domain-containing protein	2.832E-04	1.000	156	3	102	140	13	112	125	102	0.714	0.800
LOKIASV2_1460_ESMFold_hypothetical_protein	AF-A0A6M2E4T2-F1-model_v4	AF-A0A6M2E4T2-F1-model_v4 Putative signal recognition particle	1.919E-04	1.000	156	4	135	140	2	130	201	134	0.943	0.642
LOKIASV2_1460_ESMFold_hypothetical_protein	AF-A0A6V3TZI3-F1-model_v4	AF-A0A6V3TZI3-F1-model_v4 Hypothetical protein	2.487E-04	1.000	156	4	122	140	2	113	243	124	0.850	0.461
LOKIASV2_1460_ESMFold_hypothetical_protein	AF-A0A1V9Z7R4-F1-model_v4	AF-A0A1V9Z7R4-F1-model_v4 Uncharacterized protein	3.022E-04	1.000	156	4	116	140	3	113	267	115	0.807	0.416
LOKIASV2_1460_ESMFold_hypothetical_protein	AF-A0A1Q9NTK1-F1-model_v4	AF-A0A1Q9NTK1-F1-model_v4 Uncharacterized protein	5.595E-05	1.000	156	4	132	140	2	146	292	149	0.921	0.497
LOKIASV2_1460_ESMFold_hypothetical_protein	AF-M7ZW32-F1-model_v4	AF-M7ZW32-F1-model_v4 AP-4 complex subunit mu-1	3.671E-04	1.000	156	4	105	140	2	104	472	106	0.729	0.218
LOKIASV2_1460_ESMFold_hypothetical_protein	AF-I7J6J1-F1-model_v4	AF-I7J6J1-F1-model_v4 Signal recognition particle receptor subunit alpha	2.487E-04	1.000	156	4	140	140	2	135	524	146	0.979	0.256
LOKIASV2_1460_ESMFold_hypothetical_protein	AF-B6AAS8-F1-model_v4	AF-B6AAS8-F1-model_v4 AP-2 complex mu subunit protein, putative	1.219E-04	1.000	156	4	108	140	2	108	541	109	0.750	0.198
LOKIASV2_1460_ESMFold_hypothetical_protein	AF-A0A7J8C7C5-F1-model_v4	AF-A0A7J8C7C5-F1-model_v4 Fuzzy planar cell polarity protein	1.685E-04	1.000	155	6	124	140	11	137	169	131	0.850	0.751
LOKIASV2_1460_ESMFold_hypothetical_protein	AF-R4UKF9-F1-model_v4	AF-R4UKF9-F1-model_v4 Uncharacterized protein	6.581E-04	1.000	155	3	92	140	31	124	301	96	0.643	0.312
LOKIASV2_1460_ESMFold_hypothetical_protein	AF-A0A7C4HH07-F1-model_v4	AF-A0A7C4HH07-F1-model_v4 Uncharacterized protein	3.791E-05	1.000	155	4	137	140	2	147	330	153	0.957	0.442
LOKIASV2_1460_ESMFold_hypothetical_protein	AF-A0A6Q2YID9-F1-model_v4	AF-A0A6Q2YID9-F1-model_v4 SRP receptor subunit alpha	1.919E-04	1.000	155	3	135	140	8	139	574	140	0.950	0.230
LOKIASV2_1460_ESMFold_hypothetical_protein	AF-A0A7S4D1S2-F1-model_v4	AF-A0A7S4D1S2-F1-model_v4 Hypothetical protein	2.832E-04	1.000	155	4	137	140	2	130	599	138	0.957	0.215
LOKIASV2_1460_ESMFold_hypothetical_protein	AF-A0A3M7PEL4-F1-model_v4	AF-A0A3M7PEL4-F1-model_v4 Signal recognition particle receptor subunit alpha	3.224E-04	1.000	154	4	139	140	2	131	208	139	0.971	0.625
LOKIASV2_1460_ESMFold_hypothetical_protein	AF-A0A6G0XXB3-F1-model_v4	AF-A0A6G0XXB3-F1-model_v4 Uncharacterized protein	9.401E-05	1.000	154	3	130	140	5	121	240	133	0.914	0.488
LOKIASV2_1460_ESMFold_hypothetical_protein	AF-A0A176WE10-F1-model_v4	AF-A0A176WE10-F1-model_v4 MHD domain-containing protein	2.487E-04	1.000	154	4	108	140	2	108	507	110	0.750	0.211
LOKIASV2_1460_ESMFold_hypothetical_protein	AF-A0A2Z7C8Z2-F1-model_v4	AF-A0A2Z7C8Z2-F1-model_v4 AP-4 complex subunit mu	3.440E-04	1.000	154	1	105	140	201	306	904	108	0.750	0.117
LOKIASV2_1460_ESMFold_hypothetical_protein	AF-A0A2C9KJ92-F1-model_v4	AF-A0A2C9KJ92-F1-model_v4 Fuz_longin_1 domain-containing protein	1.480E-04	1.000	153	6	128	140	4	124	135	128	0.879	0.896
LOKIASV2_1460_ESMFold_hypothetical_protein	AF-A0A446M1G7-F1-model_v4	AF-A0A446M1G7-F1-model_v4 MHD domain-containing protein	5.077E-04	1.000	153	4	105	140	2	104	305	106	0.729	0.338
LOKIASV2_1460_ESMFold_hypothetical_protein	AF-F4JQZ0-F1-model_v4	AF-F4JQZ0-F1-model_v4 Clathrin adaptor complexes medium subunit family protein	4.459E-04	1.000	153	2	105	140	1	105	380	108	0.743	0.276
LOKIASV2_1460_ESMFold_hypothetical_protein	AF-A0A6J1P0P4-F1-model_v4	AF-A0A6J1P0P4-F1-model_v4 signal recognition particle receptor subunit alpha-like	3.022E-04	1.000	153	4	140	140	2	131	465	140	0.979	0.280
LOKIASV2_1460_ESMFold_hypothetical_protein	AF-A0A0F9HMN9-F1-model_v4	AF-A0A0F9HMN9-F1-model_v4 Uncharacterized protein	5.077E-04	1.000	153	3	135	140	292	443	511	155	0.950	0.297
LOKIASV2_1460_ESMFold_hypothetical_protein	AF-A0A498HUR8-F1-model_v4	AF-A0A498HUR8-F1-model_v4 MHD domain-containing protein	3.917E-04	1.000	153	4	105	140	2	104	925	106	0.729	0.111
LOKIASV2_1460_ESMFold_hypothetical_protein	AF-H2ZBY7-F1-model_v4	AF-H2ZBY7-F1-model_v4 Fuz_longin_1 domain-containing protein	1.387E-04	1.000	152	6	135	140	3	157	158	159	0.929	0.981
LOKIASV2_1460_ESMFold_hypothetical_protein	AF-E4WZ71-F1-model_v4	AF-E4WZ71-F1-model_v4 Uncharacterized protein	2.257E-03	1.000	152	4	95	140	1	90	341	93	0.657	0.264
LOKIASV2_1460_ESMFold_hypothetical_protein	AF-A0A523RBB2-F1-model_v4	AF-A0A523RBB2-F1-model_v4 Uncharacterized protein	2.185E-04	1.000	152	3	128	140	232	361	366	136	0.900	0.355
LOKIASV2_1460_ESMFold_hypothetical_protein	AF-A0A061QVR1-F1-model_v4	AF-A0A061QVR1-F1-model_v4 Ap-4 complex subunit mu-like	7.492E-04	1.000	152	4	97	140	2	93	410	95	0.671	0.224
LOKIASV2_1460_ESMFold_hypothetical_protein	AF-A0A421J4S6-F1-model_v4	AF-A0A421J4S6-F1-model_v4 AP-2 complex subunit mu	2.654E-04	1.000	152	4	109	140	2	112	464	114	0.757	0.239
LOKIASV2_1460_ESMFold_hypothetical_protein	AF-T1JJ89-F1-model_v4	AF-T1JJ89-F1-model_v4 Uncharacterized protein	9.102E-04	1.000	152	6	130	140	80	207	483	132	0.893	0.265
LOKIASV2_1460_ESMFold_hypothetical_protein	AF-A0A194PCK6-F1-model_v4	AF-A0A194PCK6-F1-model_v4 Signal recognition particle receptor subunit alpha	3.671E-04	1.000	152	4	135	140	2	126	609	135	0.943	0.205
LOKIASV2_1460_ESMFold_hypothetical_protein	AF-A0A2P8ZNJ0-F1-model_v4	AF-A0A2P8ZNJ0-F1-model_v4 Signal recognition particle receptor subunit alpha	2.185E-04	1.000	151	4	133	140	2	128	538	134	0.929	0.236
LOKIASV2_1460_ESMFold_hypothetical_protein	AF-A0A4Q0A0K5-F1-model_v4	AF-A0A4Q0A0K5-F1-model_v4 SRP54-type protein	1.070E-04	1.000	151	4	133	140	2	128	539	138	0.929	0.236
LOKIASV2_1460_ESMFold_hypothetical_protein	AF-A0A674BTE7-F1-model_v4	AF-A0A674BTE7-F1-model_v4 Signal recognition particle receptor subunit alpha-like	5.417E-04	1.000	151	4	135	140	2	132	562	136	0.943	0.233
LOKIASV2_1460_ESMFold_hypothetical_protein	AF-A0A3M6TNL3-F1-model_v4	AF-A0A3M6TNL3-F1-model_v4 SRP54 domain-containing protein	1.919E-04	1.000	151	4	134	140	2	128	563	135	0.936	0.226
LOKIASV2_1460_ESMFold_hypothetical_protein	AF-A0A6F9CGT0-F1-model_v4	AF-A0A6F9CGT0-F1-model_v4 SRP54 domain-containing protein	3.671E-04	1.000	151	4	135	140	2	132	608	138	0.943	0.215
LOKIASV2_1460_ESMFold_hypothetical_protein	AF-A0A524LVJ6-F1-model_v4	AF-A0A524LVJ6-F1-model_v4 Uncharacterized protein	3.022E-04	1.000	150	1	92	140	12	102	115	95	0.657	0.791
LOKIASV2_1460_ESMFold_hypothetical_protein	AF-A0A1W0ACJ8-F1-model_v4	AF-A0A1W0ACJ8-F1-model_v4 Uncharacterized protein	2.185E-04	1.000	150	4	140	140	2	123	137	145	0.979	0.891
LOKIASV2_1460_ESMFold_hypothetical_protein	AF-A0A7S0BFU5-F1-model_v4	AF-A0A7S0BFU5-F1-model_v4 Hypothetical protein	3.022E-04	1.000	150	4	130	140	2	125	167	135	0.907	0.743
LOKIASV2_1460_ESMFold_hypothetical_protein	AF-A0A423TFT1-F1-model_v4	AF-A0A423TFT1-F1-model_v4 Putative signal recognition particle receptor subunit alpha-like	3.917E-04	1.000	150	4	135	140	2	132	185	133	0.943	0.708
LOKIASV2_1460_ESMFold_hypothetical_protein	AF-M5BM42-F1-model_v4	AF-M5BM42-F1-model_v4 Signal recognition particle receptor subunit alpha Short=SR-alpha	8.257E-05	1.000	150	4	138	140	2	136	210	141	0.964	0.643
LOKIASV2_1460_ESMFold_hypothetical_protein	AF-S8CCE3-F1-model_v4	AF-S8CCE3-F1-model_v4 MHD domain-containing protein	5.077E-04	1.000	150	4	105	140	2	104	244	106	0.729	0.422
LOKIASV2_1460_ESMFold_hypothetical_protein	AF-A0A453F9X9-F1-model_v4	AF-A0A453F9X9-F1-model_v4 MHD domain-containing protein	3.224E-04	1.000	150	3	127	140	4	119	287	126	0.893	0.404
LOKIASV2_1460_ESMFold_hypothetical_protein	AF-A0A103XGV8-F1-model_v4	AF-A0A103XGV8-F1-model_v4 AP complex, mu/sigma subunit	3.671E-04	1.000	150	4	108	140	2	108	336	110	0.750	0.318
LOKIASV2_1460_ESMFold_hypothetical_protein	AF-A0A7S1T7I9-F1-model_v4	AF-A0A7S1T7I9-F1-model_v4 Hypothetical protein	3.440E-04	1.000	150	4	108	140	2	108	448	111	0.750	0.239
LOKIASV2_1460_ESMFold_hypothetical_protein	AF-A0A060T1N2-F1-model_v4	AF-A0A060T1N2-F1-model_v4 Vacuolar fusion protein MON1	9.712E-04	1.000	150	2	129	140	109	240	517	135	0.914	0.255
LOKIASV2_1460_ESMFold_hypothetical_protein	AF-A0A1J4MT41-F1-model_v4	AF-A0A1J4MT41-F1-model_v4 Signal recognition particle receptor subunit Alpha	1.480E-04	1.000	150	4	138	140	2	145	520	151	0.964	0.277
LOKIASV2_1460_ESMFold_hypothetical_protein	AF-A0A6G1CN01-F1-model_v4	AF-A0A6G1CN01-F1-model_v4 Trafficking protein particle complex subunit	1.919E-04	1.000	149	1	138	140	1	143	233	154	0.986	0.614
LOKIASV2_1460_ESMFold_hypothetical_protein	AF-A0A6B0RYT3-F1-model_v4	AF-A0A6B0RYT3-F1-model_v4 Uncharacterized protein	3.440E-04	1.000	149	6	118	140	11	131	298	125	0.807	0.406
LOKIASV2_1460_ESMFold_hypothetical_protein	AF-D2VK68-F1-model_v4	AF-D2VK68-F1-model_v4 Predicted protein	1.219E-04	1.000	149	4	111	140	2	116	354	118	0.771	0.325
LOKIASV2_1460_ESMFold_hypothetical_protein	AF-A0A1J4K3F4-F1-model_v4	AF-A0A1J4K3F4-F1-model_v4 Uncharacterized protein	1.259E-03	1.000	149	3	100	140	44	145	419	104	0.700	0.243
LOKIASV2_1460_ESMFold_hypothetical_protein	AF-A0A0N4UCB4-F1-model_v4	AF-A0A0N4UCB4-F1-model_v4 SRP54_N domain-containing protein	2.185E-04	1.000	149	4	133	140	2	125	447	138	0.929	0.277
LOKIASV2_1460_ESMFold_hypothetical_protein	AF-A0A6I9VN90-F1-model_v4	AF-A0A6I9VN90-F1-model_v4 signal recognition particle receptor subunit alpha homolog	2.832E-04	1.000	149	4	135	140	2	129	553	136	0.943	0.231
LOKIASV2_1460_ESMFold_hypothetical_protein	AF-V4ZHI2-F1-model_v4	AF-V4ZHI2-F1-model_v4 Signal recognition particle protein, putative	2.047E-04	1.000	149	4	138	140	2	134	556	139	0.964	0.239
LOKIASV2_1460_ESMFold_hypothetical_protein	AF-A0A2U1J7C7-F1-model_v4	AF-A0A2U1J7C7-F1-model_v4 SRP54 domain-containing protein	2.331E-04	1.000	149	4	138	140	2	137	626	144	0.964	0.217
LOKIASV2_1460_ESMFold_hypothetical_protein	AF-A0A059BLP5-F1-model_v4	AF-A0A059BLP5-F1-model_v4 Clat_adaptor_s domain-containing protein	4.758E-04	1.000	148	4	105	140	2	106	203	109	0.729	0.517
LOKIASV2_1460_ESMFold_hypothetical_protein	AF-A0A2D4JZQ5-F1-model_v4	AF-A0A2D4JZQ5-F1-model_v4 SRP-alpha_N domain-containing protein	2.654E-04	1.000	148	3	138	140	18	152	227	138	0.971	0.595
LOKIASV2_1460_ESMFold_hypothetical_protein	AF-A0A7S3N8Z1-F1-model_v4	AF-A0A7S3N8Z1-F1-model_v4 Hypothetical protein	4.459E-04	1.000	148	4	134	140	2	130	333	134	0.936	0.387
LOKIASV2_1460_ESMFold_hypothetical_protein	AF-A0A0K9NIV5-F1-model_v4	AF-A0A0K9NIV5-F1-model_v4 AP-3 complex subunit mu-2	2.047E-04	1.000	148	4	117	140	2	118	419	120	0.814	0.279
LOKIASV2_1460_ESMFold_hypothetical_protein	AF-A0A452ZQN3-F1-model_v4	AF-A0A452ZQN3-F1-model_v4 MHD domain-containing protein	4.179E-04	1.000	148	3	108	140	4	111	458	111	0.757	0.236
LOKIASV2_1460_ESMFold_hypothetical_protein	AF-A0A834U183-F1-model_v4	AF-A0A834U183-F1-model_v4 AP-4 complex subunit mu-like	6.581E-04	1.000	148	4	105	140	2	104	499	106	0.729	0.206
LOKIASV2_1460_ESMFold_hypothetical_protein	AF-A0A0N8B2T3-F1-model_v4	AF-A0A0N8B2T3-F1-model_v4 Signal recognition particle receptor subunit alpha	4.459E-04	1.000	148	4	134	140	2	129	535	132	0.936	0.239
LOKIASV2_1460_ESMFold_hypothetical_protein	AF-A0A674EJG7-F1-model_v4	AF-A0A674EJG7-F1-model_v4 Signal recognition particle receptor subunit alpha-like	5.077E-04	1.000	148	4	135	140	2	132	601	137	0.943	0.218
LOKIASV2_1460_ESMFold_hypothetical_protein	AF-U9UGV8-F1-model_v4	AF-U9UGV8-F1-model_v4 SRP54_N domain-containing protein	3.224E-04	1.000	148	4	135	140	2	129	898	135	0.943	0.143
LOKIASV2_1460_ESMFold_hypothetical_protein	AF-A0A1B6H2Y1-F1-model_v4	AF-A0A1B6H2Y1-F1-model_v4 Fuz_longin_1 domain-containing protein	4.459E-04	1.000	147	6	120	140	4	116	118	120	0.821	0.958
LOKIASV2_1460_ESMFold_hypothetical_protein	AF-A0A524CM89-F1-model_v4	AF-A0A524CM89-F1-model_v4 Uncharacterized protein	3.671E-04	1.000	147	4	129	140	3	137	142	137	0.900	0.951
LOKIASV2_1460_ESMFold_hypothetical_protein	AF-A0A842RRJ8-F1-model_v4	AF-A0A842RRJ8-F1-model_v4 Uncharacterized protein	1.106E-03	1.000	147	1	127	140	1	131	148	131	0.907	0.885
LOKIASV2_1460_ESMFold_hypothetical_protein	AF-A0A0T6BFQ2-F1-model_v4	AF-A0A0T6BFQ2-F1-model_v4 SRP-alpha_N domain-containing protein	3.671E-04	1.000	147	4	134	140	2	129	345	134	0.936	0.371
LOKIASV2_1460_ESMFold_hypothetical_protein	AF-A0A2P6N7N8-F1-model_v4	AF-A0A2P6N7N8-F1-model_v4 Uncharacterized protein	7.492E-04	1.000	147	6	126	140	2	125	347	132	0.864	0.357
LOKIASV2_1460_ESMFold_hypothetical_protein	AF-A0A3P9NCE1-F1-model_v4	AF-A0A3P9NCE1-F1-model_v4 SRP receptor subunit alpha	4.179E-04	1.000	147	4	131	140	2	132	585	134	0.914	0.224
LOKIASV2_1460_ESMFold_hypothetical_protein	AF-A0A834J1R2-F1-model_v4	AF-A0A834J1R2-F1-model_v4 Uncharacterized protein	3.917E-04	1.000	147	4	134	140	2	128	772	134	0.936	0.165
LOKIASV2_1460_ESMFold_hypothetical_protein	AF-A0A7E6EVK1-F1-model_v4	AF-A0A7E6EVK1-F1-model_v4 protein fuzzy homolog	3.022E-04	1.000	146	6	135	140	5	131	164	134	0.929	0.774
LOKIASV2_1460_ESMFold_hypothetical_protein	AF-A0A484K1W5-F1-model_v4	AF-A0A484K1W5-F1-model_v4 Clat_adaptor_s domain-containing protein	7.252E-05	1.000	146	4	133	140	2	147	175	150	0.929	0.834
LOKIASV2_1460_ESMFold_hypothetical_protein	AF-Q7XY65-F1-model_v4	AF-Q7XY65-F1-model_v4 Signal recognition particle receptor-like protein L36	1.433E-03	1.000	146	4	135	140	2	126	186	132	0.943	0.672
LOKIASV2_1460_ESMFold_hypothetical_protein	AF-A0A833RYU2-F1-model_v4	AF-A0A833RYU2-F1-model_v4 Uncharacterized protein	4.758E-04	1.000	146	4	134	140	2	128	257	135	0.936	0.494
LOKIASV2_1460_ESMFold_hypothetical_protein	AF-A0A1I7ZZD5-F1-model_v4	AF-A0A1I7ZZD5-F1-model_v4 SRP-alpha_N domain-containing protein	1.858E-03	1.000	146	4	133	140	2	129	386	135	0.929	0.332
LOKIASV2_1460_ESMFold_hypothetical_protein	AF-A0A3P8YNA1-F1-model_v4	AF-A0A3P8YNA1-F1-model_v4 SRP receptor subunit alpha	4.758E-04	1.000	146	4	135	140	2	132	567	138	0.943	0.231
LOKIASV2_1460_ESMFold_hypothetical_protein	AF-H3CY85-F1-model_v4	AF-H3CY85-F1-model_v4 SRP receptor subunit alpha	2.185E-04	1.000	146	4	137	140	2	138	633	145	0.957	0.216
LOKIASV2_1460_ESMFold_hypothetical_protein	AF-A0A3G2SAM8-F1-model_v4	AF-A0A3G2SAM8-F1-model_v4 Signal recognition particle receptor subunit alpha	1.300E-04	1.000	146	4	135	140	2	132	640	136	0.943	0.205
LOKIASV2_1460_ESMFold_hypothetical_protein	AF-A0A1Y3N557-F1-model_v4	AF-A0A1Y3N557-F1-model_v4 SRP-alpha_N domain-containing protein	1.798E-04	1.000	145	4	131	140	2	128	201	135	0.914	0.632
LOKIASV2_1460_ESMFold_hypothetical_protein	AF-F0J968-F1-model_v4	AF-F0J968-F1-model_v4 Signal recognition particle receptor alpha subunit	3.671E-04	1.000	145	4	135	140	2	130	230	136	0.943	0.561
LOKIASV2_1460_ESMFold_hypothetical_protein	AF-A0A293M860-F1-model_v4	AF-A0A293M860-F1-model_v4 Signal recognition particle receptor, alpha subunit	1.142E-04	1.000	145	4	138	140	2	140	271	146	0.964	0.513
LOKIASV2_1460_ESMFold_hypothetical_protein	AF-A0A6A4ZDJ3-F1-model_v4	AF-A0A6A4ZDJ3-F1-model_v4 Uncharacterized protein	7.994E-04	1.000	145	6	131	140	5	131	279	135	0.900	0.455
LOKIASV2_1460_ESMFold_hypothetical_protein	AF-Q65XN2-F1-model_v4	AF-Q65XN2-F1-model_v4 Os05g0543100 protein	7.022E-04	1.000	145	3	108	140	5	112	430	111	0.757	0.251
LOKIASV2_1460_ESMFold_hypothetical_protein	AF-N6TYR2-F1-model_v4	AF-N6TYR2-F1-model_v4 SRP54 domain-containing protein	3.917E-04	1.000	145	4	135	140	2	125	512	135	0.943	0.242
LOKIASV2_1460_ESMFold_hypothetical_protein	AF-A0A6Q2Z2P3-F1-model_v4	AF-A0A6Q2Z2P3-F1-model_v4 SRP receptor subunit alpha	5.417E-04	1.000	145	4	135	140	2	132	542	138	0.943	0.242
LOKIASV2_1460_ESMFold_hypothetical_protein	AF-A0A7N8XRC3-F1-model_v4	AF-A0A7N8XRC3-F1-model_v4 SRP receptor subunit alpha	7.022E-04	1.000	145	4	135	140	2	132	543	137	0.943	0.241
LOKIASV2_1460_ESMFold_hypothetical_protein	AF-A0A671L7F3-F1-model_v4	AF-A0A671L7F3-F1-model_v4 Signal recognition particle receptor subunit alpha-like	7.492E-04	1.000	145	3	135	140	75	206	726	138	0.950	0.182
LOKIASV2_1460_ESMFold_hypothetical_protein	AF-E8U5Z9-F1-model_v4	AF-E8U5Z9-F1-model_v4 Roadblock/LC7 family protein	6.167E-04	1.000	144	1	100	140	9	108	108	102	0.714	0.926
LOKIASV2_1460_ESMFold_hypothetical_protein	AF-A0A453F9X6-F1-model_v4	AF-A0A453F9X6-F1-model_v4 MHD domain-containing protein	5.780E-04	1.000	144	3	127	140	4	119	244	126	0.893	0.475
LOKIASV2_1460_ESMFold_hypothetical_protein	AF-A0A835KUG3-F1-model_v4	AF-A0A835KUG3-F1-model_v4 Uncharacterized protein	2.047E-04	1.000	144	4	131	140	2	117	245	130	0.914	0.473
LOKIASV2_1460_ESMFold_hypothetical_protein	AF-A0A850MIG5-F1-model_v4	AF-A0A850MIG5-F1-model_v4 GTP-binding protein	2.408E-03	1.000	144	4	124	140	2	120	300	121	0.864	0.397
LOKIASV2_1460_ESMFold_hypothetical_protein	AF-Q24HW4-F1-model_v4	AF-Q24HW4-F1-model_v4 Adaptor complexes medium subunit family protein	3.917E-04	1.000	144	2	109	140	1	113	433	118	0.771	0.261
LOKIASV2_1460_ESMFold_hypothetical_protein	AF-A0A7N8XKY9-F1-model_v4	AF-A0A7N8XKY9-F1-model_v4 SRP receptor subunit alpha	7.994E-04	1.000	144	4	135	140	2	132	611	137	0.943	0.214
LOKIASV2_1460_ESMFold_hypothetical_protein	AF-A0A4U0TM99-F1-model_v4	AF-A0A4U0TM99-F1-model_v4 Uncharacterized protein	2.331E-04	1.000	144	4	134	140	2	138	632	139	0.936	0.217
LOKIASV2_1460_ESMFold_hypothetical_protein	AF-A0A315VAJ5-F1-model_v4	AF-A0A315VAJ5-F1-model_v4 SRP54 domain-containing protein	3.022E-04	1.000	144	1	131	140	119	252	764	141	0.936	0.175
LOKIASV2_1460_ESMFold_hypothetical_protein	AF-A0A0E0EEG3-F1-model_v4	AF-A0A0E0EEG3-F1-model_v4 MHD domain-containing protein	1.259E-03	1.000	144	1	105	140	417	522	849	109	0.750	0.125
LOKIASV2_1460_ESMFold_hypothetical_protein	AF-A0A328DVX5-F1-model_v4	AF-A0A328DVX5-F1-model_v4 Clat_adaptor_s domain-containing protein	8.810E-05	1.000	143	4	133	140	2	147	151	150	0.929	0.967
LOKIASV2_1460_ESMFold_hypothetical_protein	AF-A0A4Z2CBM6-F1-model_v4	AF-A0A4Z2CBM6-F1-model_v4 SRP-alpha_N domain-containing protein	5.077E-04	1.000	143	4	135	140	2	132	226	140	0.943	0.580
LOKIASV2_1460_ESMFold_hypothetical_protein	AF-Q2HZX7-F1-model_v4	AF-Q2HZX7-F1-model_v4 Protein fuzzy homolog	9.712E-04	1.000	143	1	124	140	1	129	418	134	0.886	0.309
LOKIASV2_1460_ESMFold_hypothetical_protein	AF-A0A842V969-F1-model_v4	AF-A0A842V969-F1-model_v4 PAS domain S-box protein	2.047E-04	1.000	143	3	124	140	304	430	434	129	0.871	0.293
LOKIASV2_1460_ESMFold_hypothetical_protein	AF-I1JT85-F1-model_v4	AF-I1JT85-F1-model_v4 MHD domain-containing protein	7.492E-04	1.000	143	4	108	140	2	108	443	110	0.750	0.242
LOKIASV2_1460_ESMFold_hypothetical_protein	AF-A0A667X9C9-F1-model_v4	AF-A0A667X9C9-F1-model_v4 SRP receptor subunit alpha	2.487E-04	1.000	143	4	131	140	2	132	590	137	0.914	0.222
LOKIASV2_1460_ESMFold_hypothetical_protein	AF-A0A2I1GLX1-F1-model_v4	AF-A0A2I1GLX1-F1-model_v4 Uncharacterized protein	2.832E-04	1.000	143	4	136	140	2	130	718	139	0.950	0.180
LOKIASV2_1460_ESMFold_hypothetical_protein	AF-A0A6I8N946-F1-model_v4	AF-A0A6I8N946-F1-model_v4 SRP receptor subunit alpha	5.417E-04	1.000	143	4	130	140	2	129	723	134	0.907	0.177
LOKIASV2_1460_ESMFold_hypothetical_protein	AF-A0A2P8XJN5-F1-model_v4	AF-A0A2P8XJN5-F1-model_v4 Uncharacterized protein	2.654E-04	1.000	143	1	140	140	2	149	785	157	1.000	0.189
LOKIASV2_1460_ESMFold_hypothetical_protein	AF-A0A1Q9NJW9-F1-model_v4	AF-A0A1Q9NJW9-F1-model_v4 Uncharacterized protein	4.179E-04	1.000	142	1	118	140	1	122	153	130	0.843	0.797
LOKIASV2_1460_ESMFold_hypothetical_protein	AF-A0A7S2SD76-F1-model_v4	AF-A0A7S2SD76-F1-model_v4 AP complex subunit sigma	6.370E-05	1.000	142	3	135	140	14	165	174	157	0.950	0.874
LOKIASV2_1460_ESMFold_hypothetical_protein	AF-A0A493TY14-F1-model_v4	AF-A0A493TY14-F1-model_v4 Intu_longin_1 domain-containing protein	2.257E-03	1.000	142	4	139	140	15	159	205	150	0.971	0.707
LOKIASV2_1460_ESMFold_hypothetical_protein	AF-A0A822AWJ9-F1-model_v4	AF-A0A822AWJ9-F1-model_v4 Hypothetical protein	5.780E-04	1.000	142	4	137	140	2	133	297	139	0.957	0.444
LOKIASV2_1460_ESMFold_hypothetical_protein	AF-T0R740-F1-model_v4	AF-T0R740-F1-model_v4 Uncharacterized protein	1.632E-03	1.000	142	3	122	140	7	124	308	122	0.857	0.383
LOKIASV2_1460_ESMFold_hypothetical_protein	AF-A0A0P5LLI1-F1-model_v4	AF-A0A0P5LLI1-F1-model_v4 Fuzzy	1.858E-03	1.000	142	6	130	140	3	130	410	132	0.893	0.312
LOKIASV2_1460_ESMFold_hypothetical_protein	AF-A0A5D2YSC5-F1-model_v4	AF-A0A5D2YSC5-F1-model_v4 MHD domain-containing protein	1.180E-03	1.000	142	4	105	140	2	104	457	106	0.729	0.225
LOKIASV2_1460_ESMFold_hypothetical_protein	AF-A0A7N6A9P5-F1-model_v4	AF-A0A7N6A9P5-F1-model_v4 SRP receptor subunit alpha	5.077E-04	1.000	142	4	135	140	2	132	606	139	0.943	0.216
LOKIASV2_1460_ESMFold_hypothetical_protein	AF-A0A834IZE6-F1-model_v4	AF-A0A834IZE6-F1-model_v4 Uncharacterized protein	6.581E-04	1.000	142	4	134	140	2	128	625	134	0.936	0.203
LOKIASV2_1460_ESMFold_hypothetical_protein	AF-A0A2U1P103-F1-model_v4	AF-A0A2U1P103-F1-model_v4 Clathrin adaptor complexes medium subunit family protein	7.994E-04	1.000	142	4	108	140	2	108	872	110	0.750	0.123
LOKIASV2_1460_ESMFold_hypothetical_protein	AF-A0A372RSX8-F1-model_v4	AF-A0A372RSX8-F1-model_v4 Signal recognition particle, alpha subunit, N-terminal-domain-containing protein	2.832E-04	1.000	142	4	136	140	2	130	1044	139	0.950	0.124
LOKIASV2_1460_ESMFold_hypothetical_protein	AF-A0A507EZ76-F1-model_v4	AF-A0A507EZ76-F1-model_v4 AP complex subunit sigma	1.070E-04	1.000	141	2	140	140	1	158	158	164	0.993	1.000
LOKIASV2_1460_ESMFold_hypothetical_protein	AF-H3HE19-F1-model_v4	AF-H3HE19-F1-model_v4 Uncharacterized protein	1.982E-03	1.000	141	3	76	140	7	80	219	77	0.529	0.338
LOKIASV2_1460_ESMFold_hypothetical_protein	AF-A0A482UUL7-F1-model_v4	AF-A0A482UUL7-F1-model_v4 DUF1712 domain-containing protein	7.252E-05	1.000	141	2	140	140	1	164	275	166	0.993	0.596
LOKIASV2_1460_ESMFold_hypothetical_protein	AF-A0A2J6JP47-F1-model_v4	AF-A0A2J6JP47-F1-model_v4 MHD domain-containing protein	9.102E-04	1.000	141	4	108	140	56	162	505	110	0.750	0.212
LOKIASV2_1460_ESMFold_hypothetical_protein	AF-A0A674BTG8-F1-model_v4	AF-A0A674BTG8-F1-model_v4 Signal recognition particle receptor subunit alpha-like	3.440E-04	1.000	141	4	131	140	2	132	544	137	0.914	0.241
LOKIASV2_1460_ESMFold_hypothetical_protein	AF-A0A060XRL8-F1-model_v4	AF-A0A060XRL8-F1-model_v4 Uncharacterized protein	6.167E-04	1.000	141	4	135	140	2	132	605	140	0.943	0.217
LOKIASV2_1460_ESMFold_hypothetical_protein	AF-A0A3P4NMG0-F1-model_v4	AF-A0A3P4NMG0-F1-model_v4 SRP54 domain-containing protein	6.167E-04	1.000	141	3	132	140	55	184	692	136	0.929	0.188
LOKIASV2_1460_ESMFold_hypothetical_protein	AF-D3BVF0-F1-model_v4	AF-D3BVF0-F1-model_v4 Uncharacterized protein	4.607E-03	1.000	141	4	97	140	1	91	724	95	0.671	0.126
LOKIASV2_1460_ESMFold_hypothetical_protein	AF-A0A507E128-F1-model_v4	AF-A0A507E128-F1-model_v4 AP complex subunit sigma	5.780E-04	1.000	140	4	136	140	3	133	139	137	0.950	0.942
LOKIASV2_1460_ESMFold_hypothetical_protein	AF-A0A3Q0SYX6-F1-model_v4	AF-A0A3Q0SYX6-F1-model_v4 SRP receptor subunit alpha	4.758E-04	1.000	140	4	139	140	2	132	316	139	0.971	0.415
LOKIASV2_1460_ESMFold_hypothetical_protein	AF-A0A813WCB0-F1-model_v4	AF-A0A813WCB0-F1-model_v4 Hypothetical protein	4.459E-04	1.000	140	3	138	140	13	148	387	143	0.971	0.351
LOKIASV2_1460_ESMFold_hypothetical_protein	AF-A0A0E0L586-F1-model_v4	AF-A0A0E0L586-F1-model_v4 MHD domain-containing protein	1.180E-03	1.000	140	3	108	140	5	112	433	111	0.757	0.249
LOKIASV2_1460_ESMFold_hypothetical_protein	AF-A0A2P6VFC7-F1-model_v4	AF-A0A2P6VFC7-F1-model_v4 AP-4 complex subunit mu	3.671E-04	1.000	140	2	97	140	1	94	461	101	0.686	0.204
LOKIASV2_1460_ESMFold_hypothetical_protein	AF-A0A7J8BZX2-F1-model_v4	AF-A0A7J8BZX2-F1-model_v4 SRP receptor subunit alpha	9.712E-04	1.000	140	4	132	140	2	130	506	134	0.921	0.255
LOKIASV2_1460_ESMFold_hypothetical_protein	AF-A0A4W3H0A5-F1-model_v4	AF-A0A4W3H0A5-F1-model_v4 SRP54 domain-containing protein	7.994E-04	1.000	140	4	131	140	2	130	566	133	0.914	0.228
LOKIASV2_1460_ESMFold_hypothetical_protein	AF-Q4DKX0-F1-model_v4	AF-Q4DKX0-F1-model_v4 Signal recognition particle receptor like protein, putative	2.487E-04	1.000	140	4	124	140	2	120	574	128	0.864	0.207
LOKIASV2_1460_ESMFold_hypothetical_protein	AF-A0A195CAB7-F1-model_v4	AF-A0A195CAB7-F1-model_v4 Signal recognition particle receptor subunit alpha like protein	6.167E-04	1.000	140	4	133	140	2	128	613	135	0.929	0.207
LOKIASV2_1460_ESMFold_hypothetical_protein	AF-A0A7M5VDD0-F1-model_v4	AF-A0A7M5VDD0-F1-model_v4 Uncharacterized protein	1.529E-03	1.000	139	6	127	140	21	140	422	124	0.871	0.284
LOKIASV2_1460_ESMFold_hypothetical_protein	AF-A0A1R2CJJ4-F1-model_v4	AF-A0A1R2CJJ4-F1-model_v4 SRP54 domain-containing protein	2.185E-04	1.000	139	4	135	140	2	122	526	135	0.943	0.230
LOKIASV2_1460_ESMFold_hypothetical_protein	AF-A0A674EIA2-F1-model_v4	AF-A0A674EIA2-F1-model_v4 Signal recognition particle receptor subunit alpha-like	7.022E-04	1.000	139	4	135	140	2	132	545	139	0.943	0.240
LOKIASV2_1460_ESMFold_hypothetical_protein	AF-A0A673BWN3-F1-model_v4	AF-A0A673BWN3-F1-model_v4 SRP54 domain-containing protein	3.917E-04	1.000	139	4	130	140	2	131	560	136	0.907	0.232
LOKIASV2_1460_ESMFold_hypothetical_protein	AF-A0A672ISV0-F1-model_v4	AF-A0A672ISV0-F1-model_v4 SRP54 domain-containing protein	7.022E-04	1.000	139	4	135	140	2	132	584	139	0.943	0.224
LOKIASV2_1460_ESMFold_hypothetical_protein	AF-A0A673FRP8-F1-model_v4	AF-A0A673FRP8-F1-model_v4 SRP receptor subunit alpha	8.530E-04	1.000	139	4	133	140	2	134	589	137	0.929	0.226
LOKIASV2_1460_ESMFold_hypothetical_protein	AF-A0A674BTA6-F1-model_v4	AF-A0A674BTA6-F1-model_v4 Signal recognition particle receptor subunit alpha-like	7.492E-04	1.000	139	4	131	140	2	132	634	135	0.914	0.207
LOKIASV2_1460_ESMFold_hypothetical_protein	AF-A0A2N0P2P2-F1-model_v4	AF-A0A2N0P2P2-F1-model_v4 SRP54 domain-containing protein	4.459E-04	1.000	139	4	136	140	2	130	1230	139	0.950	0.105
LOKIASV2_1460_ESMFold_hypothetical_protein	AF-A0A6P7GG02-F1-model_v4	AF-A0A6P7GG02-F1-model_v4 signal recognition particle receptor subunit alpha homolog	6.167E-04	1.000	138	4	133	140	2	128	341	135	0.929	0.372
LOKIASV2_1460_ESMFold_hypothetical_protein	AF-A0A524FGW7-F1-model_v4	AF-A0A524FGW7-F1-model_v4 GTP-binding protein	4.915E-03	1.000	138	4	124	140	2	119	441	121	0.864	0.268
LOKIASV2_1460_ESMFold_hypothetical_protein	AF-A0A376B5H3-F1-model_v4	AF-A0A376B5H3-F1-model_v4 Related to AP-2 complex subunit mu	5.417E-04	1.000	138	4	125	140	2	113	515	123	0.871	0.217
LOKIASV2_1460_ESMFold_hypothetical_protein	AF-A0A673BQG6-F1-model_v4	AF-A0A673BQG6-F1-model_v4 SRP54 domain-containing protein	5.417E-04	1.000	138	4	130	140	2	131	562	136	0.907	0.231
LOKIASV2_1460_ESMFold_hypothetical_protein	AF-A0A7N8Y3L4-F1-model_v4	AF-A0A7N8Y3L4-F1-model_v4 SRP receptor subunit alpha	9.102E-04	1.000	138	4	135	140	2	132	564	138	0.943	0.232
LOKIASV2_1460_ESMFold_hypothetical_protein	AF-A0A2P2HZ84-F1-model_v4	AF-A0A2P2HZ84-F1-model_v4 Signal recognition particle receptor subunit alpha-like protein	6.581E-04	1.000	138	3	135	140	7	138	643	138	0.950	0.205
LOKIASV2_1460_ESMFold_hypothetical_protein	AF-A0A421JV14-F1-model_v4	AF-A0A421JV14-F1-model_v4 AP-2 complex subunit mu	7.492E-04	1.000	138	4	109	140	640	755	1102	119	0.757	0.105
LOKIASV2_1460_ESMFold_hypothetical_protein	AF-A0A834DMD3-F1-model_v4	AF-A0A834DMD3-F1-model_v4 SRP receptor subunit alpha	5.780E-04	1.000	137	4	130	140	2	129	240	134	0.907	0.533
LOKIASV2_1460_ESMFold_hypothetical_protein	AF-A0A1V9ZKD6-F1-model_v4	AF-A0A1V9ZKD6-F1-model_v4 Uncharacterized protein	1.919E-04	1.000	137	1	134	140	5	164	298	163	0.957	0.537
LOKIASV2_1460_ESMFold_hypothetical_protein	AF-A0A0F9HAV7-F1-model_v4	AF-A0A0F9HAV7-F1-model_v4 Uncharacterized protein	1.858E-03	1.000	137	4	124	140	2	119	347	123	0.864	0.340
LOKIASV2_1460_ESMFold_hypothetical_protein	AF-W4FA98-F1-model_v4	AF-W4FA98-F1-model_v4 Uncharacterized protein	1.632E-03	1.000	137	6	131	140	5	131	390	135	0.900	0.326
LOKIASV2_1460_ESMFold_hypothetical_protein	AF-A0A3L6SLH1-F1-model_v4	AF-A0A3L6SLH1-F1-model_v4 MHD domain-containing protein	1.259E-03	1.000	137	3	108	140	133	240	558	111	0.757	0.194
LOKIASV2_1460_ESMFold_hypothetical_protein	AF-A0A667XH93-F1-model_v4	AF-A0A667XH93-F1-model_v4 SRP receptor subunit alpha	5.077E-04	1.000	137	4	131	140	2	132	623	137	0.914	0.210
LOKIASV2_1460_ESMFold_hypothetical_protein	AF-A0A0L7L209-F1-model_v4	AF-A0A0L7L209-F1-model_v4 Signal recognition particle receptor alpha subunit	5.417E-04	1.000	137	4	136	140	2	123	682	137	0.950	0.179
LOKIASV2_1460_ESMFold_hypothetical_protein	AF-A0A161MAH1-F1-model_v4	AF-A0A161MAH1-F1-model_v4 Signal recognition particle receptor subunit alpha-like protein	2.331E-04	1.000	136	4	132	140	2	130	194	137	0.921	0.665
LOKIASV2_1460_ESMFold_hypothetical_protein	AF-A0A151N0Q0-F1-model_v4	AF-A0A151N0Q0-F1-model_v4 Fuzzy-like protein	4.459E-04	1.000	136	6	124	140	10	132	347	133	0.850	0.354
LOKIASV2_1460_ESMFold_hypothetical_protein	AF-M7W9E1-F1-model_v4	AF-M7W9E1-F1-model_v4 Signal recognition particle receptor alpha subunit	6.167E-04	1.000	136	4	134	140	1	123	488	131	0.936	0.252
LOKIASV2_1460_ESMFold_hypothetical_protein	AF-A0A523W332-F1-model_v4	AF-A0A523W332-F1-model_v4 Uncharacterized protein	1.343E-03	1.000	136	3	133	140	288	441	512	158	0.936	0.301
LOKIASV2_1460_ESMFold_hypothetical_protein	AF-T1G3R2-F1-model_v4	AF-T1G3R2-F1-model_v4 SRP54 domain-containing protein	4.179E-04	1.000	136	4	140	140	2	134	617	147	0.979	0.216
LOKIASV2_1460_ESMFold_hypothetical_protein	AF-A0A6F9CL08-F1-model_v4	AF-A0A6F9CL08-F1-model_v4 SRP54 domain-containing protein	6.581E-04	1.000	136	4	131	140	2	132	625	137	0.914	0.210
LOKIASV2_1460_ESMFold_hypothetical_protein	AF-A0A192ZI80-F1-model_v4	AF-A0A192ZI80-F1-model_v4 Signal recognition particle receptor subunit alpha	3.022E-04	1.000	136	4	134	140	2	132	639	142	0.936	0.205
LOKIASV2_1460_ESMFold_hypothetical_protein	AF-A0A7J8H6S1-F1-model_v4	AF-A0A7J8H6S1-F1-model_v4 SRP receptor subunit alpha	5.077E-04	1.000	136	3	139	140	74	203	708	141	0.979	0.184
LOKIASV2_1460_ESMFold_hypothetical_protein	AF-F4PE29-F1-model_v4	AF-F4PE29-F1-model_v4 AP complex subunit sigma	5.417E-04	1.000	135	2	129	140	1	125	128	132	0.914	0.977
LOKIASV2_1460_ESMFold_hypothetical_protein	AF-A0A0S7KZX9-F1-model_v4	AF-A0A0S7KZX9-F1-model_v4 SRPR	9.102E-04	1.000	135	4	131	140	2	132	179	138	0.914	0.732
LOKIASV2_1460_ESMFold_hypothetical_protein	AF-A0A177AZY3-F1-model_v4	AF-A0A177AZY3-F1-model_v4 SRP-alpha_N domain-containing protein	1.433E-03	1.000	135	2	137	140	14	140	200	138	0.971	0.635
LOKIASV2_1460_ESMFold_hypothetical_protein	AF-A0A6G1LM42-F1-model_v4	AF-A0A6G1LM42-F1-model_v4 P-loop containing nucleoside triphosphate hydrolase protein	9.102E-04	1.000	135	4	130	140	2	128	670	133	0.907	0.190
LOKIASV2_1460_ESMFold_hypothetical_protein	AF-D0RM75-F1-model_v4	AF-D0RM75-F1-model_v4 Uncharacterized protein	1.180E-03	1.000	134	4	80	140	10	87	118	82	0.550	0.661
LOKIASV2_1460_ESMFold_hypothetical_protein	AF-A0A1E1W690-F1-model_v4	AF-A0A1E1W690-F1-model_v4 SRP-alpha_N domain-containing protein	5.417E-04	1.000	134	4	132	140	2	133	183	137	0.921	0.721
LOKIASV2_1460_ESMFold_hypothetical_protein	AF-A0A183M9N2-F1-model_v4	AF-A0A183M9N2-F1-model_v4 SRP-alpha_N domain-containing protein	7.994E-04	1.000	134	4	135	140	2	131	213	138	0.943	0.610
LOKIASV2_1460_ESMFold_hypothetical_protein	AF-A0A814QG37-F1-model_v4	AF-A0A814QG37-F1-model_v4 Hypothetical protein	3.440E-04	1.000	134	4	126	140	9	128	301	131	0.879	0.399
LOKIASV2_1460_ESMFold_hypothetical_protein	AF-A0A0F9JTB1-F1-model_v4	AF-A0A0F9JTB1-F1-model_v4 Uncharacterized protein	1.858E-03	1.000	134	4	124	140	2	118	343	127	0.864	0.341
LOKIASV2_1460_ESMFold_hypothetical_protein	AF-A0A444UWA9-F1-model_v4	AF-A0A444UWA9-F1-model_v4 Signal recognition particle receptor subunit alpha	1.433E-03	1.000	134	4	131	140	2	130	526	133	0.914	0.245
LOKIASV2_1460_ESMFold_hypothetical_protein	AF-A0A524F600-F1-model_v4	AF-A0A524F600-F1-model_v4 GTP-binding protein	6.798E-03	1.000	134	3	123	140	7	124	569	121	0.864	0.207
LOKIASV2_1460_ESMFold_hypothetical_protein	AF-A0A814IPS0-F1-model_v4	AF-A0A814IPS0-F1-model_v4 Hypothetical protein	9.712E-04	1.000	134	1	138	140	333	467	984	142	0.986	0.137
LOKIASV2_1460_ESMFold_hypothetical_protein	AF-A0A5C9EN20-F1-model_v4	AF-A0A5C9EN20-F1-model_v4 Uncharacterized protein	2.570E-03	1.000	133	4	127	140	2	126	139	127	0.886	0.899
LOKIASV2_1460_ESMFold_hypothetical_protein	AF-A0A1J1HB25-F1-model_v4	AF-A0A1J1HB25-F1-model_v4 Uncharacterized protein	5.780E-04	1.000	133	4	139	140	6	149	189	146	0.971	0.762
LOKIASV2_1460_ESMFold_hypothetical_protein	AF-A0A1I8CCI5-F1-model_v4	AF-A0A1I8CCI5-F1-model_v4 Coatomer subunit delta	2.487E-04	1.000	133	2	138	140	1	165	275	167	0.979	0.600
LOKIASV2_1460_ESMFold_hypothetical_protein	AF-A0A842UAV3-F1-model_v4	AF-A0A842UAV3-F1-model_v4 GTP-binding protein	1.259E-03	1.000	133	3	118	140	164	277	286	117	0.829	0.399
LOKIASV2_1460_ESMFold_hypothetical_protein	AF-A0A662SH34-F1-model_v4	AF-A0A662SH34-F1-model_v4 Uncharacterized protein	1.741E-03	1.000	133	2	123	140	1	114	294	127	0.871	0.388
LOKIASV2_1460_ESMFold_hypothetical_protein	AF-A0A6I9MVM7-F1-model_v4	AF-A0A6I9MVM7-F1-model_v4 signal recognition particle receptor subunit alpha	7.994E-04	1.000	133	4	133	140	2	134	321	141	0.929	0.414
LOKIASV2_1460_ESMFold_hypothetical_protein	AF-A0A210Q2H1-F1-model_v4	AF-A0A210Q2H1-F1-model_v4 Protein fuzzy-like	6.798E-03	1.000	133	6	125	140	4	128	393	127	0.857	0.318
LOKIASV2_1460_ESMFold_hypothetical_protein	AF-G4VDN9-F1-model_v4	AF-G4VDN9-F1-model_v4 Putative signal recognition particle receptor alpha subunit (Sr-alpha)	7.022E-04	1.000	133	4	134	140	2	130	659	137	0.936	0.196
LOKIASV2_1460_ESMFold_hypothetical_protein	AF-A0A3Q3AVI8-F1-model_v4	AF-A0A3Q3AVI8-F1-model_v4 Uncharacterized protein	5.780E-04	1.000	133	4	139	140	2	133	676	140	0.971	0.195
LOKIASV2_1460_ESMFold_hypothetical_protein	AF-R7TTM1-F1-model_v4	AF-R7TTM1-F1-model_v4 SRP-alpha_N domain-containing protein	2.925E-03	1.000	132	6	135	140	2	123	129	131	0.929	0.946
LOKIASV2_1460_ESMFold_hypothetical_protein	AF-A0A183RUY5-F1-model_v4	AF-A0A183RUY5-F1-model_v4 SRP54_N domain-containing protein	2.570E-03	1.000	132	4	138	140	2	130	424	139	0.964	0.304
LOKIASV2_1460_ESMFold_hypothetical_protein	AF-A0A5C3FKV6-F1-model_v4	AF-A0A5C3FKV6-F1-model_v4 Related to SRP101 - signal recognition particle receptor, alpha chain	2.185E-04	1.000	132	4	138	140	2	155	703	160	0.964	0.219
LOKIASV2_1460_ESMFold_hypothetical_protein	AF-A0A7J4PCW1-F1-model_v4	AF-A0A7J4PCW1-F1-model_v4 Uncharacterized protein	1.632E-03	1.000	131	2	91	140	15	104	110	92	0.643	0.818
LOKIASV2_1460_ESMFold_hypothetical_protein	AF-A0A7J3I229-F1-model_v4	AF-A0A7J3I229-F1-model_v4 Uncharacterized protein	4.758E-04	1.000	131	4	138	140	2	123	131	137	0.964	0.931
LOKIASV2_1460_ESMFold_hypothetical_protein	AF-A0A2J8QN34-F1-model_v4	AF-A0A2J8QN34-F1-model_v4 HPS4 isoform 9	7.994E-04	1.000	131	2	135	140	8	161	167	157	0.957	0.922
LOKIASV2_1460_ESMFold_hypothetical_protein	AF-A0A0F9PF49-F1-model_v4	AF-A0A0F9PF49-F1-model_v4 Uncharacterized protein	2.408E-03	1.000	131	4	122	140	2	120	352	123	0.850	0.338
LOKIASV2_1460_ESMFold_hypothetical_protein	AF-A0A7I8VZ34-F1-model_v4	AF-A0A7I8VZ34-F1-model_v4 Vacuolar fusion protein MON1 homolog	3.121E-03	1.000	131	6	95	140	81	170	454	94	0.643	0.198
LOKIASV2_1460_ESMFold_hypothetical_protein	AF-A0A371CQQ8-F1-model_v4	AF-A0A371CQQ8-F1-model_v4 Vacuolar fusion protein MON1	5.971E-03	1.000	131	6	77	140	30	99	496	73	0.514	0.141
LOKIASV2_1460_ESMFold_hypothetical_protein	AF-A0A5J4X899-F1-model_v4	AF-A0A5J4X899-F1-model_v4 Uridine/cytidine kinase	2.257E-03	1.000	131	2	138	140	1	137	571	140	0.979	0.240
LOKIASV2_1460_ESMFold_hypothetical_protein	AF-A0A2K5V3D6-F1-model_v4	AF-A0A2K5V3D6-F1-model_v4 SRP receptor subunit alpha	6.581E-04	1.000	131	4	139	140	2	130	603	142	0.971	0.214
LOKIASV2_1460_ESMFold_hypothetical_protein	AF-A0A0W4ZM96-F1-model_v4	AF-A0A0W4ZM96-F1-model_v4 SRP54 domain-containing protein	1.106E-03	1.000	131	4	139	140	2	134	613	141	0.971	0.217
LOKIASV2_1460_ESMFold_hypothetical_protein	AF-A0A674BTU6-F1-model_v4	AF-A0A674BTU6-F1-model_v4 Signal recognition particle receptor subunit alpha-like	2.115E-03	1.000	131	4	131	140	2	132	615	135	0.914	0.213
LOKIASV2_1460_ESMFold_hypothetical_protein	AF-A0A5Q0JTQ9-F1-model_v4	AF-A0A5Q0JTQ9-F1-model_v4 Putative AP-2 complex subunit	1.858E-03	1.000	130	4	112	140	2	118	438	121	0.779	0.267
LOKIASV2_1460_ESMFold_hypothetical_protein	AF-Q5A2L1-F1-model_v4	AF-Q5A2L1-F1-model_v4 Apm4p	1.529E-03	1.000	130	4	109	140	2	119	470	121	0.757	0.251
LOKIASV2_1460_ESMFold_hypothetical_protein	AF-A0A673FWQ6-F1-model_v4	AF-A0A673FWQ6-F1-model_v4 SRP receptor subunit alpha	1.106E-03	1.000	130	4	133	140	2	134	564	139	0.929	0.236
LOKIASV2_1460_ESMFold_hypothetical_protein	AF-A0A671L7H8-F1-model_v4	AF-A0A671L7H8-F1-model_v4 Signal recognition particle receptor subunit alpha-like	1.529E-03	1.000	130	4	133	140	2	134	564	139	0.929	0.236
LOKIASV2_1460_ESMFold_hypothetical_protein	AF-A0A672ISU1-F1-model_v4	AF-A0A672ISU1-F1-model_v4 SRP54 domain-containing protein	1.858E-03	1.000	130	4	135	140	2	132	579	139	0.943	0.226
LOKIASV2_1460_ESMFold_hypothetical_protein	AF-A0A3B3VA18-F1-model_v4	AF-A0A3B3VA18-F1-model_v4 SRP receptor subunit alpha	9.712E-04	1.000	130	4	131	140	2	132	585	139	0.914	0.224
LOKIASV2_1460_ESMFold_hypothetical_protein	AF-A0A671V8A8-F1-model_v4	AF-A0A671V8A8-F1-model_v4 SRP receptor subunit alpha	8.530E-04	1.000	130	4	131	140	2	132	597	139	0.914	0.219
LOKIASV2_1460_ESMFold_hypothetical_protein	AF-A0A3P9I3B2-F1-model_v4	AF-A0A3P9I3B2-F1-model_v4 SRP receptor subunit alpha	1.343E-03	1.000	130	4	138	140	2	134	643	140	0.964	0.207
LOKIASV2_1460_ESMFold_hypothetical_protein	AF-A0A674EKJ6-F1-model_v4	AF-A0A674EKJ6-F1-model_v4 Signal recognition particle receptor subunit alpha-like	1.343E-03	1.000	130	4	131	140	2	132	645	136	0.914	0.203
LOKIASV2_1460_ESMFold_hypothetical_protein	AF-A0A6V7PTQ4-F1-model_v4	AF-A0A6V7PTQ4-F1-model_v4 AP complex subunit sigma	1.106E-03	1.000	129	2	109	140	22	131	165	112	0.771	0.667
LOKIASV2_1460_ESMFold_hypothetical_protein	AF-T0RIC1-F1-model_v4	AF-T0RIC1-F1-model_v4 Uncharacterized protein	3.554E-03	1.000	129	1	79	140	1	80	391	81	0.564	0.205
LOKIASV2_1460_ESMFold_hypothetical_protein	AF-A0A7N8WVN9-F1-model_v4	AF-A0A7N8WVN9-F1-model_v4 SRP receptor subunit alpha	9.712E-04	1.000	129	1	135	140	9	138	591	139	0.964	0.220
LOKIASV2_1460_ESMFold_hypothetical_protein	AF-A0A067CHD5-F1-model_v4	AF-A0A067CHD5-F1-model_v4 Uncharacterized protein	7.994E-04	1.000	128	4	139	140	2	149	172	154	0.971	0.860
LOKIASV2_1460_ESMFold_hypothetical_protein	AF-A0A0A9V2C9-F1-model_v4	AF-A0A0A9V2C9-F1-model_v4 Spr1	7.994E-04	1.000	128	4	139	140	2	132	258	140	0.971	0.508
LOKIASV2_1460_ESMFold_hypothetical_protein	AF-A0A804QUM1-F1-model_v4	AF-A0A804QUM1-F1-model_v4 Uncharacterized protein	1.433E-03	1.000	128	3	108	140	4	111	362	113	0.757	0.298
LOKIASV2_1460_ESMFold_hypothetical_protein	AF-A0A672IV73-F1-model_v4	AF-A0A672IV73-F1-model_v4 SRP54 domain-containing protein	1.106E-03	1.000	128	4	135	140	2	130	532	137	0.943	0.242
LOKIASV2_1460_ESMFold_hypothetical_protein	AF-A0A1E3HGK3-F1-model_v4	AF-A0A1E3HGK3-F1-model_v4 Vacuolar fusion protein MON1	1.388E-02	1.000	128	6	77	140	179	248	582	74	0.514	0.120
LOKIASV2_1460_ESMFold_hypothetical_protein	AF-A0A3B4ULA0-F1-model_v4	AF-A0A3B4ULA0-F1-model_v4 SRP receptor subunit alpha	8.530E-04	1.000	128	4	133	140	2	134	585	143	0.929	0.227
LOKIASV2_1460_ESMFold_hypothetical_protein	AF-A0A137P5N2-F1-model_v4	AF-A0A137P5N2-F1-model_v4 SRP54-domain-containing protein	2.047E-04	1.000	128	4	133	140	2	153	615	157	0.929	0.247
LOKIASV2_1460_ESMFold_hypothetical_protein	AF-A0A3B3D686-F1-model_v4	AF-A0A3B3D686-F1-model_v4 SRP receptor subunit alpha	1.106E-03	1.000	128	4	131	140	2	132	616	139	0.914	0.213
LOKIASV2_1460_ESMFold_hypothetical_protein	AF-E4XAE3-F1-model_v4	AF-E4XAE3-F1-model_v4 Coatomer subunit delta	9.102E-04	1.000	128	2	138	140	1	164	805	166	0.979	0.204
LOKIASV2_1460_ESMFold_hypothetical_protein	AF-A0A350AVH3-F1-model_v4	AF-A0A350AVH3-F1-model_v4 Uncharacterized protein	1.741E-03	1.000	127	2	91	140	15	104	113	96	0.643	0.796
LOKIASV2_1460_ESMFold_hypothetical_protein	AF-A0A0L8G279-F1-model_v4	AF-A0A0L8G279-F1-model_v4 SRP-alpha_N domain-containing protein	1.433E-03	1.000	127	4	135	140	2	128	132	137	0.943	0.962
LOKIASV2_1460_ESMFold_hypothetical_protein	AF-X6MPS8-F1-model_v4	AF-X6MPS8-F1-model_v4 AP complex subunit sigma	1.142E-04	1.000	127	4	138	140	2	158	166	162	0.964	0.946
LOKIASV2_1460_ESMFold_hypothetical_protein	AF-A0A4C1WIJ9-F1-model_v4	AF-A0A4C1WIJ9-F1-model_v4 Signal recognition particle receptor subunit alpha homolog	3.671E-04	1.000	127	4	131	140	2	133	573	140	0.914	0.230
LOKIASV2_1460_ESMFold_hypothetical_protein	AF-A0A6G0U825-F1-model_v4	AF-A0A6G0U825-F1-model_v4 SRP54 domain-containing protein	1.106E-03	1.000	127	4	131	140	2	132	627	135	0.914	0.209
LOKIASV2_1460_ESMFold_hypothetical_protein	AF-A0A5C9EUN6-F1-model_v4	AF-A0A5C9EUN6-F1-model_v4 Small GTP-binding domain protein	8.812E-03	1.000	127	4	124	140	2	120	696	125	0.864	0.171
LOKIASV2_1460_ESMFold_hypothetical_protein	AF-F0RM56-F1-model_v4	AF-F0RM56-F1-model_v4 Roadblock/LC7 family protein	2.408E-03	1.000	126	1	104	140	11	114	131	110	0.743	0.794
LOKIASV2_1460_ESMFold_hypothetical_protein	AF-A0A1A8X7Q0-F1-model_v4	AF-A0A1A8X7Q0-F1-model_v4 Intu_longin_1 domain-containing protein	1.919E-04	1.000	126	3	135	140	5	167	185	166	0.950	0.881
LOKIASV2_1460_ESMFold_hypothetical_protein	AF-A0A023FKJ9-F1-model_v4	AF-A0A023FKJ9-F1-model_v4 Putative signal recognition particle receptor alpha subunit	3.440E-04	1.000	126	4	129	140	2	131	355	137	0.900	0.366
LOKIASV2_1460_ESMFold_hypothetical_protein	AF-A0A4Y7MY20-F1-model_v4	AF-A0A4Y7MY20-F1-model_v4 EOG090X07E6	2.742E-03	1.000	126	6	130	140	4	131	412	137	0.893	0.311
LOKIASV2_1460_ESMFold_hypothetical_protein	AF-A0A6A6WNH1-F1-model_v4	AF-A0A6A6WNH1-F1-model_v4 Uncharacterized protein	2.257E-03	1.000	126	4	134	140	2	138	535	137	0.936	0.256
LOKIASV2_1460_ESMFold_hypothetical_protein	AF-A0A427Y7C8-F1-model_v4	AF-A0A427Y7C8-F1-model_v4 SRP54 domain-containing protein	1.036E-03	1.000	126	4	135	140	2	143	570	150	0.943	0.249
LOKIASV2_1460_ESMFold_hypothetical_protein	AF-A0A7N6FM61-F1-model_v4	AF-A0A7N6FM61-F1-model_v4 SRP receptor subunit alpha	1.036E-03	1.000	126	4	135	140	2	130	612	139	0.943	0.211
LOKIASV2_1460_ESMFold_hypothetical_protein	AF-A0A669PU08-F1-model_v4	AF-A0A669PU08-F1-model_v4 SRP receptor subunit alpha	1.343E-03	1.000	126	4	130	140	2	132	648	137	0.907	0.202
LOKIASV2_1460_ESMFold_hypothetical_protein	AF-A0A5C9EN65-F1-model_v4	AF-A0A5C9EN65-F1-model_v4 Uncharacterized protein	5.596E-03	1.000	125	37	136	140	3	105	106	103	0.714	0.972
LOKIASV2_1460_ESMFold_hypothetical_protein	AF-A0A850LZI7-F1-model_v4	AF-A0A850LZI7-F1-model_v4 Uncharacterized protein	5.596E-03	1.000	125	2	94	140	21	112	119	96	0.664	0.773
LOKIASV2_1460_ESMFold_hypothetical_protein	AF-A0A261Y3A6-F1-model_v4	AF-A0A261Y3A6-F1-model_v4 AP complex subunit sigma	4.179E-04	1.000	125	4	133	140	2	151	152	152	0.929	0.987
LOKIASV2_1460_ESMFold_hypothetical_protein	AF-I1YAR4-F1-model_v4	AF-I1YAR4-F1-model_v4 Fuzzy	1.741E-03	1.000	125	6	123	140	21	136	291	125	0.843	0.399
LOKIASV2_1460_ESMFold_hypothetical_protein	AF-A0A850M6A7-F1-model_v4	AF-A0A850M6A7-F1-model_v4 GTP-binding protein	1.529E-03	1.000	125	4	118	140	2	124	372	124	0.821	0.331
LOKIASV2_1460_ESMFold_hypothetical_protein	AF-A0A665UKD1-F1-model_v4	AF-A0A665UKD1-F1-model_v4 SRP receptor subunit alpha	1.106E-03	1.000	125	4	131	140	2	132	628	141	0.914	0.209
LOKIASV2_1460_ESMFold_hypothetical_protein	AF-A0A1R1X0S5-F1-model_v4	AF-A0A1R1X0S5-F1-model_v4 Signal recognition particle receptor subunit alpha	1.106E-03	1.000	124	4	130	140	2	137	618	141	0.907	0.220
LOKIASV2_1460_ESMFold_hypothetical_protein	AF-A0A654H6T9-F1-model_v4	AF-A0A654H6T9-F1-model_v4 SRP54 domain-containing protein	2.115E-03	1.000	124	4	131	140	2	127	1149	134	0.914	0.110
LOKIASV2_1460_ESMFold_hypothetical_protein	AF-A0A6P8XZG3-F1-model_v4	AF-A0A6P8XZG3-F1-model_v4 Late endosomal/lysosomal adaptor and MAPK and MTOR activator 5	1.741E-03	1.000	123	1	79	140	15	91	99	84	0.564	0.778
LOKIASV2_1460_ESMFold_hypothetical_protein	AF-A0A811Z1B5-F1-model_v4	AF-A0A811Z1B5-F1-model_v4 (raccoon dog) hypothetical protein	4.046E-03	1.000	122	2	76	140	44	116	119	79	0.536	0.613
LOKIASV2_1460_ESMFold_hypothetical_protein	AF-A0A099NVZ5-F1-model_v4	AF-A0A099NVZ5-F1-model_v4 AP complex subunit sigma	1.632E-03	1.000	122	2	123	140	1	118	132	130	0.871	0.894
LOKIASV2_1460_ESMFold_hypothetical_protein	AF-A0A146IFK0-F1-model_v4	AF-A0A146IFK0-F1-model_v4 AP complex subunit sigma	4.607E-03	1.000	122	4	123	140	2	116	139	126	0.857	0.827
LOKIASV2_1460_ESMFold_hypothetical_protein	AF-A0A1S8W4J7-F1-model_v4	AF-A0A1S8W4J7-F1-model_v4 AP complex subunit sigma	3.917E-04	1.000	122	4	134	140	3	151	152	153	0.936	0.980
LOKIASV2_1460_ESMFold_hypothetical_protein	AF-A0A1J4K5E6-F1-model_v4	AF-A0A1J4K5E6-F1-model_v4 AP complex subunit sigma	2.257E-03	1.000	122	3	109	140	30	138	170	111	0.764	0.641
LOKIASV2_1460_ESMFold_hypothetical_protein	AF-K3XA30-F1-model_v4	AF-K3XA30-F1-model_v4 Uncharacterized protein	1.259E-03	1.000	122	2	138	140	1	140	329	158	0.979	0.426
LOKIASV2_1460_ESMFold_hypothetical_protein	AF-A0A3S2NRM7-F1-model_v4	AF-A0A3S2NRM7-F1-model_v4 SRP-alpha_N domain-containing protein	5.077E-04	1.000	122	4	130	140	2	128	332	135	0.907	0.383
LOKIASV2_1460_ESMFold_hypothetical_protein	AF-G0R1I6-F1-model_v4	AF-G0R1I6-F1-model_v4 Signal recognition particle receptor, putative	1.180E-03	1.000	122	4	134	140	2	132	586	141	0.936	0.224
LOKIASV2_1460_ESMFold_hypothetical_protein	AF-A0A1I8IGC0-F1-model_v4	AF-A0A1I8IGC0-F1-model_v4 SRP54 domain-containing protein	2.925E-03	1.000	122	4	134	140	2	130	592	138	0.936	0.218
LOKIASV2_1460_ESMFold_hypothetical_protein	AF-A0A1G5JAB1-F1-model_v4	AF-A0A1G5JAB1-F1-model_v4 Uncharacterized protein	2.408E-03	1.000	121	2	94	140	14	103	118	100	0.664	0.763
LOKIASV2_1460_ESMFold_hypothetical_protein	AF-D8M0L0-F1-model_v4	AF-D8M0L0-F1-model_v4 Coatomer subunit zeta	1.433E-03	1.000	121	3	128	140	9	128	136	133	0.900	0.882
LOKIASV2_1460_ESMFold_hypothetical_protein	AF-A0A1S8W4Q0-F1-model_v4	AF-A0A1S8W4Q0-F1-model_v4 AP complex subunit sigma	4.758E-04	1.000	121	2	131	140	1	149	172	152	0.929	0.866
LOKIASV2_1460_ESMFold_hypothetical_protein	AF-A0A497GI64-F1-model_v4	AF-A0A497GI64-F1-model_v4 Uncharacterized protein	9.403E-03	1.000	121	3	76	140	111	184	216	76	0.529	0.343
LOKIASV2_1460_ESMFold_hypothetical_protein	AF-A0A3M7L3S3-F1-model_v4	AF-A0A3M7L3S3-F1-model_v4 Clat_adaptor_s domain-containing protein	2.742E-03	1.000	121	2	109	140	1	110	323	112	0.771	0.341
LOKIASV2_1460_ESMFold_hypothetical_protein	AF-A0A2D4CJM9-F1-model_v4	AF-A0A2D4CJM9-F1-model_v4 Uncharacterized protein	7.254E-03	1.000	121	6	75	140	580	664	666	87	0.500	0.128
LOKIASV2_1460_ESMFold_hypothetical_protein	AF-A0A842RC05-F1-model_v4	AF-A0A842RC05-F1-model_v4 Uncharacterized protein	1.741E-03	1.000	120	4	131	140	2	125	138	137	0.914	0.899
LOKIASV2_1460_ESMFold_hypothetical_protein	AF-B9PIL1-F1-model_v4	AF-B9PIL1-F1-model_v4 AP complex subunit sigma	4.915E-03	1.000	120	4	106	140	2	105	143	109	0.736	0.727
LOKIASV2_1460_ESMFold_hypothetical_protein	AF-A0A836RPT4-F1-model_v4	AF-A0A836RPT4-F1-model_v4 Uncharacterized protein	1.036E-03	1.000	120	1	125	140	12	144	145	137	0.893	0.917
LOKIASV2_1460_ESMFold_hypothetical_protein	AF-A0A482SL76-F1-model_v4	AF-A0A482SL76-F1-model_v4 Fuz_longin_1 domain-containing protein	7.022E-04	1.000	120	6	138	140	12	149	158	143	0.950	0.873
LOKIASV2_1460_ESMFold_hypothetical_protein	AF-A0A4P9XCQ1-F1-model_v4	AF-A0A4P9XCQ1-F1-model_v4 AP complex subunit sigma	7.492E-04	1.000	120	2	138	140	1	155	164	158	0.979	0.945
LOKIASV2_1460_ESMFold_hypothetical_protein	AF-T0Q7T0-F1-model_v4	AF-T0Q7T0-F1-model_v4 Uncharacterized protein	1.180E-03	1.000	120	4	139	140	2	149	219	154	0.971	0.676
LOKIASV2_1460_ESMFold_hypothetical_protein	AF-A0A0B6Y8D6-F1-model_v4	AF-A0A0B6Y8D6-F1-model_v4 Uncharacterized protein	3.121E-03	1.000	120	6	124	140	4	122	224	127	0.850	0.531
LOKIASV2_1460_ESMFold_hypothetical_protein	AF-A0A7C8ATM8-F1-model_v4	AF-A0A7C8ATM8-F1-model_v4 Roadblock/LC7 domain-containing protein	1.142E-02	1.000	120	1	103	140	11	113	237	107	0.736	0.435
LOKIASV2_1460_ESMFold_hypothetical_protein	AF-A0A3M6VSC8-F1-model_v4	AF-A0A3M6VSC8-F1-model_v4 SRP54 domain-containing protein	1.259E-03	1.000	120	4	129	140	2	123	600	132	0.900	0.203
LOKIASV2_1460_ESMFold_hypothetical_protein	AF-A0A6P4ZB67-F1-model_v4	AF-A0A6P4ZB67-F1-model_v4 Late endosomal/lysosomal adaptor and MAPK and MTOR activator 5	3.121E-03	1.000	119	1	76	140	15	88	93	80	0.543	0.796
LOKIASV2_1460_ESMFold_hypothetical_protein	AF-A0A0L0SKC8-F1-model_v4	AF-A0A0L0SKC8-F1-model_v4 AP complex subunit sigma	1.036E-03	1.000	119	2	129	140	1	144	145	146	0.914	0.993
LOKIASV2_1460_ESMFold_hypothetical_protein	AF-A0A1Q9P716-F1-model_v4	AF-A0A1Q9P716-F1-model_v4 Uncharacterized protein	5.077E-04	1.000	119	3	140	140	19	145	152	144	0.986	0.836
LOKIASV2_1460_ESMFold_hypothetical_protein	AF-A0A2D5EVN4-F1-model_v4	AF-A0A2D5EVN4-F1-model_v4 Uncharacterized protein	7.740E-03	1.000	119	3	79	140	61	138	152	79	0.550	0.513
LOKIASV2_1460_ESMFold_hypothetical_protein	AF-A0A816LLE6-F1-model_v4	AF-A0A816LLE6-F1-model_v4 (rape) hypothetical protein	2.925E-03	1.000	119	2	109	140	21	130	164	114	0.771	0.671
LOKIASV2_1460_ESMFold_hypothetical_protein	AF-A0A226NQV2-F1-model_v4	AF-A0A226NQV2-F1-model_v4 AP-2 complex subunit sigma	2.742E-03	1.000	119	3	109	140	123	231	265	113	0.764	0.411
LOKIASV2_1460_ESMFold_hypothetical_protein	AF-A7T498-F1-model_v4	AF-A7T498-F1-model_v4 Coatomer subunit delta	7.994E-04	1.000	119	4	134	140	5	159	381	158	0.936	0.407
LOKIASV2_1460_ESMFold_hypothetical_protein	AF-A0A1E3HGL5-F1-model_v4	AF-A0A1E3HGL5-F1-model_v4 Vacuolar fusion protein MON1	5.971E-03	1.000	119	6	107	140	179	293	499	119	0.729	0.230
LOKIASV2_1460_ESMFold_hypothetical_protein	AF-A0A7S2S5S1-F1-model_v4	AF-A0A7S2S5S1-F1-model_v4 Coatomer subunit delta	1.036E-03	1.000	119	2	135	140	1	159	547	163	0.957	0.291
LOKIASV2_1460_ESMFold_hypothetical_protein	AF-A0A4S2MIF7-F1-model_v4	AF-A0A4S2MIF7-F1-model_v4 Uncharacterized protein	2.257E-03	1.000	119	4	135	140	2	130	557	139	0.943	0.232
LOKIASV2_1460_ESMFold_hypothetical_protein	AF-U9U9C4-F1-model_v4	AF-U9U9C4-F1-model_v4 Clat_adaptor_s domain-containing protein	6.371E-03	1.000	118	4	93	140	2	89	90	93	0.643	0.978
LOKIASV2_1460_ESMFold_hypothetical_protein	AF-A0A395MXM2-F1-model_v4	AF-A0A395MXM2-F1-model_v4 Trafficking protein particle complex subunit	7.740E-03	1.000	118	4	98	140	5	96	129	101	0.679	0.713
LOKIASV2_1460_ESMFold_hypothetical_protein	AF-A0A1B6P8V4-F1-model_v4	AF-A0A1B6P8V4-F1-model_v4 Coatomer subunit zeta	3.554E-03	1.000	118	3	109	140	100	211	229	115	0.764	0.489
LOKIASV2_1460_ESMFold_hypothetical_protein	AF-A0A850M128-F1-model_v4	AF-A0A850M128-F1-model_v4 Roadblock/LC7 domain-containing protein	1.982E-03	1.000	117	1	94	140	23	120	125	103	0.671	0.784
LOKIASV2_1460_ESMFold_hypothetical_protein	AF-A0A0L0SKB5-F1-model_v4	AF-A0A0L0SKB5-F1-model_v4 AP complex subunit sigma	2.570E-03	1.000	117	4	124	140	3	116	134	121	0.864	0.851
LOKIASV2_1460_ESMFold_hypothetical_protein	AF-A0A0C3FGU2-F1-model_v4	AF-A0A0C3FGU2-F1-model_v4 AP complex subunit sigma	3.554E-03	1.000	117	3	134	140	22	162	164	150	0.943	0.860
LOKIASV2_1460_ESMFold_hypothetical_protein	AF-A0A5N6KD12-F1-model_v4	AF-A0A5N6KD12-F1-model_v4 AP-2 complex subunit sigma	1.529E-03	1.000	117	2	134	140	1	149	224	153	0.950	0.665
LOKIASV2_1460_ESMFold_hypothetical_protein	AF-A0A7J3NPY2-F1-model_v4	AF-A0A7J3NPY2-F1-model_v4 Uncharacterized protein	7.740E-03	1.000	117	3	98	140	141	239	240	103	0.686	0.412
LOKIASV2_1460_ESMFold_hypothetical_protein	AF-A0A1S3JMK5-F1-model_v4	AF-A0A1S3JMK5-F1-model_v4 vesicle-trafficking protein SEC22a	8.259E-03	1.000	117	4	107	140	2	106	271	108	0.743	0.387
LOKIASV2_1460_ESMFold_hypothetical_protein	AF-A0A0S4KK09-F1-model_v4	AF-A0A0S4KK09-F1-model_v4 Coatomer subunit delta	1.632E-03	1.000	117	2	138	140	1	160	522	163	0.979	0.307
LOKIASV2_1460_ESMFold_hypothetical_protein	AF-A0A3L6S760-F1-model_v4	AF-A0A3L6S760-F1-model_v4 Signal recognition particle receptor subunit alpha	1.741E-03	1.000	117	4	139	140	2	132	860	145	0.971	0.152
LOKIASV2_1460_ESMFold_hypothetical_protein	AF-A0A0M5J314-F1-model_v4	AF-A0A0M5J314-F1-model_v4 Late endosomal/lysosomal adaptor and MAPK and MTOR activator 5	2.570E-03	1.000	116	1	81	140	3	81	89	86	0.579	0.888
LOKIASV2_1460_ESMFold_hypothetical_protein	AF-A0A7R8CZJ7-F1-model_v4	AF-A0A7R8CZJ7-F1-model_v4 Late endosomal/lysosomal adaptor and MAPK and MTOR activator 5	5.971E-03	1.000	116	4	75	140	35	104	117	76	0.514	0.598
LOKIASV2_1460_ESMFold_hypothetical_protein	AF-A2DN99-F1-model_v4	AF-A2DN99-F1-model_v4 Uncharacterized protein	1.632E-03	1.000	116	2	98	140	21	124	125	106	0.693	0.832
LOKIASV2_1460_ESMFold_hypothetical_protein	AF-H1XY96-F1-model_v4	AF-H1XY96-F1-model_v4 Uncharacterized protein	1.529E-03	1.000	116	1	120	140	12	143	145	136	0.857	0.910
LOKIASV2_1460_ESMFold_hypothetical_protein	AF-A0A7C2F9E4-F1-model_v4	AF-A0A7C2F9E4-F1-model_v4 Uncharacterized protein	5.971E-03	1.000	116	1	106	140	12	114	145	109	0.757	0.710
LOKIASV2_1460_ESMFold_hypothetical_protein	AF-F4NV93-F1-model_v4	AF-F4NV93-F1-model_v4 AP-2 complex subunit sigma	2.257E-03	1.000	116	4	138	140	1	152	162	156	0.964	0.938
LOKIASV2_1460_ESMFold_hypothetical_protein	AF-W2LQX4-F1-model_v4	AF-W2LQX4-F1-model_v4 Coatomer subunit zeta	1.433E-03	1.000	116	1	134	140	1	149	192	152	0.957	0.776
LOKIASV2_1460_ESMFold_hypothetical_protein	AF-D0NKQ5-F1-model_v4	AF-D0NKQ5-F1-model_v4 Uncharacterized protein	1.685E-04	1.000	116	4	140	140	10	189	264	185	0.979	0.682
LOKIASV2_1460_ESMFold_hypothetical_protein	AF-A0A1W0WST7-F1-model_v4	AF-A0A1W0WST7-F1-model_v4 Intu_longin_1 domain-containing protein	1.343E-03	1.000	116	1	126	140	28	176	579	156	0.900	0.257
LOKIASV2_1460_ESMFold_hypothetical_protein	AF-A0A5A8DJQ3-F1-model_v4	AF-A0A5A8DJQ3-F1-model_v4 Coatomer subunit delta	1.632E-03	1.000	116	2	138	140	1	160	953	170	0.979	0.168
LOKIASV2_1460_ESMFold_hypothetical_protein	AF-B9G1G0-F1-model_v4	AF-B9G1G0-F1-model_v4 Fe2OG dioxygenase domain-containing protein	7.492E-04	1.000	116	1	130	140	478	610	1103	142	0.929	0.121
LOKIASV2_1460_ESMFold_hypothetical_protein	AF-M1W3R1-F1-model_v4	AF-M1W3R1-F1-model_v4 AP-2 complex subunit sigma	2.115E-03	1.000	115	3	127	140	97	237	239	145	0.893	0.590
LOKIASV2_1460_ESMFold_hypothetical_protein	AF-A0A497M527-F1-model_v4	AF-A0A497M527-F1-model_v4 Uncharacterized protein	1.982E-03	1.000	115	3	107	140	24	130	269	110	0.750	0.398
LOKIASV2_1460_ESMFold_hypothetical_protein	AF-A0A7S4DNL8-F1-model_v4	AF-A0A7S4DNL8-F1-model_v4 Hypothetical protein	6.167E-04	1.000	115	4	130	140	2	138	494	145	0.907	0.277
LOKIASV2_1460_ESMFold_hypothetical_protein	AF-A0A5J4X800-F1-model_v4	AF-A0A5J4X800-F1-model_v4 Putative Signal recognition particle receptor subunit alpha	8.530E-04	1.000	115	4	135	140	2	131	671	142	0.943	0.194
LOKIASV2_1460_ESMFold_hypothetical_protein	AF-A0A556QR93-F1-model_v4	AF-A0A556QR93-F1-model_v4 Uncharacterized protein	4.046E-03	1.000	114	1	93	140	3	96	98	100	0.664	0.959
LOKIASV2_1460_ESMFold_hypothetical_protein	AF-A0A7R8WU58-F1-model_v4	AF-A0A7R8WU58-F1-model_v4 Late endosomal/lysosomal adaptor and MAPK and MTOR activator 5	5.245E-03	1.000	114	2	76	140	16	88	102	79	0.536	0.716
LOKIASV2_1460_ESMFold_hypothetical_protein	AF-A0A7S2U1Q7-F1-model_v4	AF-A0A7S2U1Q7-F1-model_v4 Hypothetical protein	3.121E-03	1.000	114	3	98	140	17	115	120	106	0.686	0.825
LOKIASV2_1460_ESMFold_hypothetical_protein	AF-A0A418F9I6-F1-model_v4	AF-A0A418F9I6-F1-model_v4 AP complex subunit sigma	3.671E-04	1.000	114	3	127	140	17	157	159	148	0.893	0.887
LOKIASV2_1460_ESMFold_hypothetical_protein	AF-A0A3M7LUJ8-F1-model_v4	AF-A0A3M7LUJ8-F1-model_v4 AP-2 complex subunit sigma	2.115E-03	1.000	114	1	138	140	1	155	165	164	0.986	0.939
LOKIASV2_1460_ESMFold_hypothetical_protein	AF-A0A6T8BCW2-F1-model_v4	AF-A0A6T8BCW2-F1-model_v4 Coatomer subunit zeta	7.254E-03	1.000	114	3	109	140	15	126	188	115	0.764	0.596
LOKIASV2_1460_ESMFold_hypothetical_protein	AF-A0A5N5MDV1-F1-model_v4	AF-A0A5N5MDV1-F1-model_v4 Coatomer subunit zeta	5.245E-03	1.000	114	4	138	140	2	141	222	142	0.964	0.631
LOKIASV2_1460_ESMFold_hypothetical_protein	AF-A0A5A8EMJ1-F1-model_v4	AF-A0A5A8EMJ1-F1-model_v4 Coatomer subunit delta	2.115E-03	1.000	114	2	138	140	1	160	561	170	0.979	0.285
LOKIASV2_1460_ESMFold_hypothetical_protein	AF-A0A7S3YS19-F1-model_v4	AF-A0A7S3YS19-F1-model_v4 Hypothetical protein	7.022E-04	1.000	114	4	130	140	2	138	585	145	0.907	0.234
LOKIASV2_1460_ESMFold_hypothetical_protein	AF-A0A2T3A070-F1-model_v4	AF-A0A2T3A070-F1-model_v4 AP-2 complex subunit sigma	2.570E-03	1.000	113	1	127	140	37	179	181	147	0.907	0.790
LOKIASV2_1460_ESMFold_hypothetical_protein	AF-A0A176WE36-F1-model_v4	AF-A0A176WE36-F1-model_v4 Coatomer subunit zeta	7.740E-03	1.000	113	4	109	140	127	237	334	113	0.757	0.332
LOKIASV2_1460_ESMFold_hypothetical_protein	AF-A0A077Z718-F1-model_v4	AF-A0A077Z718-F1-model_v4 Signal recognition particle receptor subunit	6.798E-03	1.000	113	4	131	140	2	136	634	141	0.914	0.213
LOKIASV2_1460_ESMFold_hypothetical_protein	AF-A0A2E2TVC7-F1-model_v4	AF-A0A2E2TVC7-F1-model_v4 Uncharacterized protein	2.925E-03	1.000	112	1	94	140	12	102	112	97	0.671	0.812
LOKIASV2_1460_ESMFold_hypothetical_protein	AF-A0A432S0W4-F1-model_v4	AF-A0A432S0W4-F1-model_v4 Uncharacterized protein	4.915E-03	1.000	112	3	126	140	11	126	127	126	0.886	0.913
LOKIASV2_1460_ESMFold_hypothetical_protein	AF-A2D817-F1-model_v4	AF-A2D817-F1-model_v4 AP complex subunit sigma	3.554E-03	1.000	112	4	109	140	2	109	141	111	0.757	0.766
LOKIASV2_1460_ESMFold_hypothetical_protein	AF-A0A225XF96-F1-model_v4	AF-A0A225XF96-F1-model_v4 AP complex subunit sigma	2.257E-03	1.000	112	4	127	140	2	141	143	146	0.886	0.979
LOKIASV2_1460_ESMFold_hypothetical_protein	AF-A0A7S3YAM6-F1-model_v4	AF-A0A7S3YAM6-F1-model_v4 Hypothetical protein	3.121E-03	1.000	112	4	139	140	3	140	158	146	0.971	0.873
LOKIASV2_1460_ESMFold_hypothetical_protein	AF-A0A4W3JNJ0-F1-model_v4	AF-A0A4W3JNJ0-F1-model_v4 Intu_longin_1 domain-containing protein	5.245E-03	1.000	112	2	133	140	30	181	184	156	0.943	0.826
LOKIASV2_1460_ESMFold_hypothetical_protein	AF-F0W4M2-F1-model_v4	AF-F0W4M2-F1-model_v4 AP-2 complex subunit sigma	6.581E-04	1.000	112	1	127	140	53	195	197	147	0.907	0.726
LOKIASV2_1460_ESMFold_hypothetical_protein	AF-A0A804QCK2-F1-model_v4	AF-A0A804QCK2-F1-model_v4 Uncharacterized protein	7.740E-03	1.000	112	3	109	140	62	173	233	115	0.764	0.481
LOKIASV2_1460_ESMFold_hypothetical_protein	AF-A0A6F9DJT3-F1-model_v4	AF-A0A6F9DJT3-F1-model_v4 Uncharacterized protein LOC108950156	6.798E-03	1.000	112	6	130	140	4	136	302	141	0.893	0.440
LOKIASV2_1460_ESMFold_hypothetical_protein	AF-A0A1S3HWK1-F1-model_v4	AF-A0A1S3HWK1-F1-model_v4 vesicle-trafficking protein SEC22a isoform X2	1.388E-02	1.000	112	4	107	140	2	106	309	108	0.743	0.340
LOKIASV2_1460_ESMFold_hypothetical_protein	AF-A0A1S3HTT9-F1-model_v4	AF-A0A1S3HTT9-F1-model_v4 vesicle-trafficking protein SEC22a isoform X1	1.142E-02	1.000	112	4	107	140	2	106	348	108	0.743	0.302
LOKIASV2_1460_ESMFold_hypothetical_protein	AF-A0A842U5I1-F1-model_v4	AF-A0A842U5I1-F1-model_v4 GTP-binding protein	2.832E-02	1.000	112	4	125	140	2	121	504	125	0.871	0.238
LOKIASV2_1460_ESMFold_hypothetical_protein	AF-A0A327HCE2-F1-model_v4	AF-A0A327HCE2-F1-model_v4 Uncharacterized protein	3.554E-03	1.000	111	2	122	140	13	121	122	126	0.864	0.893
LOKIASV2_1460_ESMFold_hypothetical_protein	AF-F2PR79-F1-model_v4	AF-F2PR79-F1-model_v4 AP-2 complex subunit sigma	1.301E-02	1.000	111	1	98	140	1	96	139	102	0.700	0.691
LOKIASV2_1460_ESMFold_hypothetical_protein	AF-A0A177UUQ4-F1-model_v4	AF-A0A177UUQ4-F1-model_v4 AP complex subunit sigma	3.792E-03	1.000	111	1	127	140	34	176	178	148	0.907	0.803
LOKIASV2_1460_ESMFold_hypothetical_protein	AF-A0A5B0MSA4-F1-model_v4	AF-A0A5B0MSA4-F1-model_v4 AP-2 complex subunit sigma	3.121E-03	1.000	111	3	127	140	56	196	198	145	0.893	0.712
LOKIASV2_1460_ESMFold_hypothetical_protein	AF-A0A1S8W8V2-F1-model_v4	AF-A0A1S8W8V2-F1-model_v4 AP-2 complex subunit sigma	4.317E-03	1.000	111	4	108	140	82	188	223	113	0.750	0.480
LOKIASV2_1460_ESMFold_hypothetical_protein	AF-A0A2J6LIJ8-F1-model_v4	AF-A0A2J6LIJ8-F1-model_v4 Uncharacterized protein	7.740E-03	1.000	111	4	109	140	302	412	472	114	0.757	0.235
LOKIASV2_1460_ESMFold_hypothetical_protein	AF-A0A507C7F1-F1-model_v4	AF-A0A507C7F1-F1-model_v4 Adaptin small chain	9.712E-04	1.000	111	2	127	140	553	694	696	149	0.900	0.204
LOKIASV2_1460_ESMFold_hypothetical_protein	AF-A4RST2-F1-model_v4	AF-A4RST2-F1-model_v4 Coatomer subunit zeta	2.115E-03	1.000	110	3	138	140	5	163	175	162	0.971	0.909
LOKIASV2_1460_ESMFold_hypothetical_protein	AF-A0A1D6I669-F1-model_v4	AF-A0A1D6I669-F1-model_v4 Coatomer subunit zeta	1.003E-02	1.000	110	3	109	140	32	143	203	115	0.764	0.552
LOKIASV2_1460_ESMFold_hypothetical_protein	AF-A0A836W6U7-F1-model_v4	AF-A0A836W6U7-F1-model_v4 DUF4388 domain-containing protein	5.596E-03	1.000	110	1	91	140	120	210	213	93	0.650	0.427
LOKIASV2_1460_ESMFold_hypothetical_protein	AF-B3E1H8-F1-model_v4	AF-B3E1H8-F1-model_v4 Uncharacterized protein	1.799E-02	1.000	110	1	100	140	11	110	224	105	0.714	0.446
LOKIASV2_1460_ESMFold_hypothetical_protein	AF-A0A804QA87-F1-model_v4	AF-A0A804QA87-F1-model_v4 Uncharacterized protein	9.403E-03	1.000	110	3	109	140	90	201	261	115	0.764	0.429
LOKIASV2_1460_ESMFold_hypothetical_protein	AF-A0A7J7K0R5-F1-model_v4	AF-A0A7J7K0R5-F1-model_v4 FUZ	4.317E-03	1.000	110	6	118	140	4	116	329	122	0.807	0.343
LOKIASV2_1460_ESMFold_hypothetical_protein	AF-A0A446SJC9-F1-model_v4	AF-A0A446SJC9-F1-model_v4 SRP-alpha_N domain-containing protein	3.792E-03	1.000	110	4	135	140	2	130	378	142	0.943	0.341
LOKIASV2_1460_ESMFold_hypothetical_protein	AF-A0A314Y9D9-F1-model_v4	AF-A0A314Y9D9-F1-model_v4 AP-4 complex subunit mu	4.607E-03	1.000	110	4	88	140	2	89	386	91	0.607	0.228
LOKIASV2_1460_ESMFold_hypothetical_protein	AF-A0A0D9WQA2-F1-model_v4	AF-A0A0D9WQA2-F1-model_v4 SRP54 domain-containing protein	1.741E-03	1.000	110	2	132	140	95	230	680	142	0.936	0.200
LOKIASV2_1460_ESMFold_hypothetical_protein	AF-A0A1D6I679-F1-model_v4	AF-A0A1D6I679-F1-model_v4 Coatomer subunit zeta	1.799E-02	1.000	109	4	94	140	12	102	122	94	0.650	0.746
LOKIASV2_1460_ESMFold_hypothetical_protein	AF-A0A507E6E2-F1-model_v4	AF-A0A507E6E2-F1-model_v4 AP complex subunit sigma	3.554E-03	1.000	109	3	116	140	16	131	143	122	0.814	0.811
LOKIASV2_1460_ESMFold_hypothetical_protein	AF-A0A024V6U5-F1-model_v4	AF-A0A024V6U5-F1-model_v4 Intu_longin_1 domain-containing protein	9.102E-04	1.000	109	4	120	140	6	136	149	141	0.836	0.879
LOKIASV2_1460_ESMFold_hypothetical_protein	AF-A0A420HQ46-F1-model_v4	AF-A0A420HQ46-F1-model_v4 AP complex subunit sigma	5.245E-03	1.000	109	2	138	140	1	147	182	152	0.979	0.808
LOKIASV2_1460_ESMFold_hypothetical_protein	AF-A0A7S0IXZ4-F1-model_v4	AF-A0A7S0IXZ4-F1-model_v4 Hypothetical protein	2.185E-04	1.000	109	4	139	140	2	140	187	147	0.971	0.743
LOKIASV2_1460_ESMFold_hypothetical_protein	AF-A0A2D4CIL4-F1-model_v4	AF-A0A2D4CIL4-F1-model_v4 Coatomer subunit zeta	7.254E-03	1.000	109	4	116	140	8	125	195	123	0.807	0.605
LOKIASV2_1460_ESMFold_hypothetical_protein	AF-B8AG97-F1-model_v4	AF-B8AG97-F1-model_v4 Coatomer subunit zeta	1.071E-02	1.000	109	3	109	140	51	162	222	115	0.764	0.505
LOKIASV2_1460_ESMFold_hypothetical_protein	AF-A0A842YM46-F1-model_v4	AF-A0A842YM46-F1-model_v4 Roadblock/LC7 domain-containing protein	1.180E-03	1.000	109	1	88	140	7	101	350	98	0.629	0.271
LOKIASV2_1460_ESMFold_hypothetical_protein	AF-A0A497QWG6-F1-model_v4	AF-A0A497QWG6-F1-model_v4 TPR_MalT domain-containing protein	1.741E-03	1.000	109	1	98	140	531	630	662	103	0.700	0.151
LOKIASV2_1460_ESMFold_hypothetical_protein	AF-A0A6A1VZI7-F1-model_v4	AF-A0A6A1VZI7-F1-model_v4 Coatomer subunit zeta-2	1.003E-02	1.000	109	4	109	140	537	647	707	114	0.757	0.157
LOKIASV2_1460_ESMFold_hypothetical_protein	AF-A0A7W0XA16-F1-model_v4	AF-A0A7W0XA16-F1-model_v4 Roadblock/LC7 domain-containing protein	2.185E-02	1.000	108	1	79	140	22	100	121	82	0.564	0.653
LOKIASV2_1460_ESMFold_hypothetical_protein	AF-A0A2D7V1C6-F1-model_v4	AF-A0A2D7V1C6-F1-model_v4 Uncharacterized protein	3.331E-03	1.000	108	1	135	140	12	121	122	139	0.964	0.902
LOKIASV2_1460_ESMFold_hypothetical_protein	AF-A0A0D0E704-F1-model_v4	AF-A0A0D0E704-F1-model_v4 AP complex subunit sigma	4.317E-03	1.000	108	4	108	140	2	104	160	109	0.750	0.644
LOKIASV2_1460_ESMFold_hypothetical_protein	AF-X1ERM5-F1-model_v4	AF-X1ERM5-F1-model_v4 Uncharacterized protein	6.371E-03	1.000	108	3	98	140	61	163	170	103	0.686	0.606
LOKIASV2_1460_ESMFold_hypothetical_protein	AF-A0A2G8LG11-F1-model_v4	AF-A0A2G8LG11-F1-model_v4 Putative signal recognition particle receptor subunit alpha isoform X3	9.403E-03	1.000	108	15	131	140	29	142	333	119	0.836	0.342
LOKIASV2_1460_ESMFold_hypothetical_protein	AF-L2GS11-F1-model_v4	AF-L2GS11-F1-model_v4 Uncharacterized protein	3.331E-03	1.000	107	6	100	140	2	101	104	102	0.679	0.962
LOKIASV2_1460_ESMFold_hypothetical_protein	AF-A0A2T4IHS8-F1-model_v4	AF-A0A2T4IHS8-F1-model_v4 Robl_LC7 domain-containing protein	1.071E-02	1.000	107	1	89	140	13	100	108	91	0.636	0.815
LOKIASV2_1460_ESMFold_hypothetical_protein	AF-A0A6P8BEG9-F1-model_v4	AF-A0A6P8BEG9-F1-model_v4 AP-2 complex subunit sigma	5.245E-03	1.000	107	3	127	140	52	192	194	145	0.893	0.727
LOKIASV2_1460_ESMFold_hypothetical_protein	AF-A0A446T0R6-F1-model_v4	AF-A0A446T0R6-F1-model_v4 Coatomer subunit zeta	1.481E-02	1.000	107	3	109	140	11	122	225	114	0.764	0.498
LOKIASV2_1460_ESMFold_hypothetical_protein	AF-A0A0E0JZ23-F1-model_v4	AF-A0A0E0JZ23-F1-model_v4 Coatomer subunit zeta	1.388E-02	1.000	107	3	109	140	138	249	309	115	0.764	0.362
LOKIASV2_1460_ESMFold_hypothetical_protein	AF-A0A1X6NK27-F1-model_v4	AF-A0A1X6NK27-F1-model_v4 MHD domain-containing protein	1.982E-03	1.000	107	2	108	140	1	111	457	120	0.764	0.243
LOKIASV2_1460_ESMFold_hypothetical_protein	AF-A0A4X2KNA8-F1-model_v4	AF-A0A4X2KNA8-F1-model_v4 Late endosomal/lysosomal adaptor and MAPK and MTOR activator 5	1.481E-02	1.000	106	1	76	140	3	77	78	81	0.543	0.962
LOKIASV2_1460_ESMFold_hypothetical_protein	AF-A0A4P9YVS9-F1-model_v4	AF-A0A4P9YVS9-F1-model_v4 AP complex subunit sigma	5.971E-03	1.000	106	4	108	140	2	108	130	113	0.750	0.823
LOKIASV2_1460_ESMFold_hypothetical_protein	AF-A0A367J658-F1-model_v4	AF-A0A367J658-F1-model_v4 AP complex subunit sigma	5.971E-03	1.000	106	3	127	140	30	170	172	145	0.893	0.820
LOKIASV2_1460_ESMFold_hypothetical_protein	AF-A0A6A3TI32-F1-model_v4	AF-A0A6A3TI32-F1-model_v4 Uncharacterized protein	1.180E-03	1.000	106	5	133	140	9	178	254	173	0.921	0.669
LOKIASV2_1460_ESMFold_hypothetical_protein	AF-T0RNI0-F1-model_v4	AF-T0RNI0-F1-model_v4 Uncharacterized protein	7.254E-03	1.000	106	4	139	140	2	149	282	158	0.971	0.525
LOKIASV2_1460_ESMFold_hypothetical_protein	AF-B3RLU0-F1-model_v4	AF-B3RLU0-F1-model_v4 Uncharacterized protein	2.185E-02	1.000	106	6	96	140	3	97	372	98	0.650	0.255
LOKIASV2_1460_ESMFold_hypothetical_protein	AF-A0A0W8DQQ7-F1-model_v4	AF-A0A0W8DQQ7-F1-model_v4 Stress-induced-phosphoprotein 1	8.530E-04	1.000	106	6	140	140	10	186	375	182	0.964	0.472
LOKIASV2_1460_ESMFold_hypothetical_protein	AF-A0A0C2GJU3-F1-model_v4	AF-A0A0C2GJU3-F1-model_v4 Signal recognition particle, alpha subunit	8.259E-03	1.000	106	21	140	140	118	240	376	126	0.857	0.327
LOKIASV2_1460_ESMFold_hypothetical_protein	AF-A2EYQ5-F1-model_v4	AF-A2EYQ5-F1-model_v4 Uncharacterized protein	8.259E-03	1.000	106	2	95	140	33	127	413	105	0.671	0.230
LOKIASV2_1460_ESMFold_hypothetical_protein	AF-A0A7G2CKK7-F1-model_v4	AF-A0A7G2CKK7-F1-model_v4 Coatomer subunit delta	1.481E-02	1.000	106	4	99	140	3	98	598	99	0.686	0.161
LOKIASV2_1460_ESMFold_hypothetical_protein	AF-A0A6J0LCA7-F1-model_v4	AF-A0A6J0LCA7-F1-model_v4 Coatomer subunit zeta	1.388E-02	1.000	105	2	97	140	9	104	110	103	0.686	0.873
LOKIASV2_1460_ESMFold_hypothetical_protein	AF-A0A7S3HUF6-F1-model_v4	AF-A0A7S3HUF6-F1-model_v4 Coatomer subunit zeta	7.740E-03	1.000	105	3	109	140	12	123	149	118	0.764	0.752
LOKIASV2_1460_ESMFold_hypothetical_protein	AF-R9P0V1-F1-model_v4	AF-R9P0V1-F1-model_v4 AP complex subunit sigma	8.259E-03	1.000	105	4	108	140	2	108	153	113	0.750	0.699
LOKIASV2_1460_ESMFold_hypothetical_protein	AF-A0A024GMS7-F1-model_v4	AF-A0A024GMS7-F1-model_v4 AP complex subunit sigma	1.343E-03	1.000	105	3	127	140	33	173	175	145	0.893	0.806
LOKIASV2_1460_ESMFold_hypothetical_protein	AF-A0A0J9TUV5-F1-model_v4	AF-A0A0J9TUV5-F1-model_v4 Intu_longin_1 domain-containing protein	9.712E-04	1.000	105	1	127	140	1	143	194	150	0.907	0.737
LOKIASV2_1460_ESMFold_hypothetical_protein	AF-A0A433PJD0-F1-model_v4	AF-A0A433PJD0-F1-model_v4 AP-2 complex subunit sigma	5.596E-03	1.000	105	1	127	140	53	195	197	147	0.907	0.726
LOKIASV2_1460_ESMFold_hypothetical_protein	AF-A0A094BUA4-F1-model_v4	AF-A0A094BUA4-F1-model_v4 AP-2 complex subunit sigma	5.596E-03	1.000	105	3	127	140	60	200	202	145	0.893	0.698
LOKIASV2_1460_ESMFold_hypothetical_protein	AF-A0A3M2FLM2-F1-model_v4	AF-A0A3M2FLM2-F1-model_v4 DUF4388 domain-containing protein	7.740E-03	1.000	105	1	91	140	120	210	215	93	0.650	0.423
LOKIASV2_1460_ESMFold_hypothetical_protein	AF-A0A5J9SIT7-F1-model_v4	AF-A0A5J9SIT7-F1-model_v4 Coatomer subunit zeta	1.071E-02	1.000	105	3	109	140	90	202	268	117	0.764	0.422
LOKIASV2_1460_ESMFold_hypothetical_protein	AF-A0A2E8JVE7-F1-model_v4	AF-A0A2E8JVE7-F1-model_v4 Uncharacterized protein	8.259E-03	1.000	104	1	76	140	12	88	113	79	0.543	0.681
LOKIASV2_1460_ESMFold_hypothetical_protein	AF-A0A7S0H6X2-F1-model_v4	AF-A0A7S0H6X2-F1-model_v4 Hypothetical protein	1.982E-03	1.000	104	1	100	140	24	134	134	113	0.714	0.828
LOKIASV2_1460_ESMFold_hypothetical_protein	AF-A0A833QVZ2-F1-model_v4	AF-A0A833QVZ2-F1-model_v4 Coatomer subunit zeta-1	7.254E-03	1.000	104	4	121	140	2	124	149	129	0.843	0.826
LOKIASV2_1460_ESMFold_hypothetical_protein	AF-A0A7J9EY12-F1-model_v4	AF-A0A7J9EY12-F1-model_v4 Coatomer subunit zeta	1.919E-02	1.000	104	4	128	140	2	120	155	129	0.893	0.768
LOKIASV2_1460_ESMFold_hypothetical_protein	AF-A0A833TMW2-F1-model_v4	AF-A0A833TMW2-F1-model_v4 Clathrin adaptor complex small chain	1.741E-03	1.000	104	3	127	140	14	154	156	149	0.893	0.904
LOKIASV2_1460_ESMFold_hypothetical_protein	AF-A0A1S8WVD7-F1-model_v4	AF-A0A1S8WVD7-F1-model_v4 SRP-alpha_N domain-containing protein	3.121E-03	1.000	104	4	139	140	2	152	170	158	0.971	0.888
LOKIASV2_1460_ESMFold_hypothetical_protein	AF-A0A017STE7-F1-model_v4	AF-A0A017STE7-F1-model_v4 Uncharacterized protein	4.759E-02	1.000	104	2	76	140	5	80	186	78	0.536	0.409
LOKIASV2_1460_ESMFold_hypothetical_protein	AF-A0A368GWG0-F1-model_v4	AF-A0A368GWG0-F1-model_v4 Ubiquitin-related modifier 1 homolog	2.185E-02	1.000	104	1	76	140	90	164	286	80	0.543	0.262
LOKIASV2_1460_ESMFold_hypothetical_protein	AF-A0A6S7LNT4-F1-model_v4	AF-A0A6S7LNT4-F1-model_v4 Coatomer subunit zeta	5.596E-03	1.000	104	3	138	140	171	342	343	175	0.971	0.501
LOKIASV2_1460_ESMFold_hypothetical_protein	AF-A0A2I0IZC4-F1-model_v4	AF-A0A2I0IZC4-F1-model_v4 AP complex subunit sigma	2.048E-02	1.000	103	4	101	140	3	98	107	101	0.700	0.897
LOKIASV2_1460_ESMFold_hypothetical_protein	AF-A0A5S9F2C2-F1-model_v4	AF-A0A5S9F2C2-F1-model_v4 Uncharacterized protein	1.003E-02	1.000	103	1	91	140	14	104	107	93	0.650	0.850
LOKIASV2_1460_ESMFold_hypothetical_protein	AF-A0A2Z3JVJ8-F1-model_v4	AF-A0A2Z3JVJ8-F1-model_v4 Uncharacterized protein	8.259E-03	1.000	103	1	91	140	7	101	111	101	0.650	0.856
LOKIASV2_1460_ESMFold_hypothetical_protein	AF-A0A2N6EYD4-F1-model_v4	AF-A0A2N6EYD4-F1-model_v4 Uncharacterized protein	4.317E-03	1.000	103	1	98	140	14	108	113	105	0.700	0.841
LOKIASV2_1460_ESMFold_hypothetical_protein	AF-A0A7S3YFU2-F1-model_v4	AF-A0A7S3YFU2-F1-model_v4 AP complex subunit sigma	1.858E-03	1.000	103	3	127	140	16	160	161	151	0.893	0.901
LOKIASV2_1460_ESMFold_hypothetical_protein	AF-A0A0E9NQM7-F1-model_v4	AF-A0A0E9NQM7-F1-model_v4 AP complex subunit sigma	8.259E-03	1.000	103	3	108	140	26	133	168	114	0.757	0.643
LOKIASV2_1460_ESMFold_hypothetical_protein	AF-A0A397J850-F1-model_v4	AF-A0A397J850-F1-model_v4 Coatomer subunit zeta	9.102E-04	1.000	103	3	115	140	8	112	180	118	0.807	0.583
LOKIASV2_1460_ESMFold_hypothetical_protein	AF-W7TQQ4-F1-model_v4	AF-W7TQQ4-F1-model_v4 Coatomer subunit zeta	1.301E-02	1.000	103	3	109	140	8	119	186	117	0.764	0.602
LOKIASV2_1460_ESMFold_hypothetical_protein	AF-A0A7S3BZE3-F1-model_v4	AF-A0A7S3BZE3-F1-model_v4 Coatomer subunit zeta	1.388E-02	1.000	103	4	108	140	25	134	201	114	0.750	0.547
LOKIASV2_1460_ESMFold_hypothetical_protein	AF-A0A0D9VFJ1-F1-model_v4	AF-A0A0D9VFJ1-F1-model_v4 Coatomer subunit zeta	2.185E-02	1.000	103	3	109	140	144	255	315	115	0.764	0.356
LOKIASV2_1460_ESMFold_hypothetical_protein	AF-A0A833WGX0-F1-model_v4	AF-A0A833WGX0-F1-model_v4 Uncharacterized protein	7.022E-04	1.000	103	3	140	140	9	189	432	185	0.986	0.419
LOKIASV2_1460_ESMFold_hypothetical_protein	AF-A0A2V3IWT2-F1-model_v4	AF-A0A2V3IWT2-F1-model_v4 Uncharacterized protein	3.792E-03	1.000	103	2	135	140	34	168	485	142	0.957	0.278
LOKIASV2_1460_ESMFold_hypothetical_protein	AF-L8GW07-F1-model_v4	AF-L8GW07-F1-model_v4 Clathrin adaptor complex small chain subfamily protein	5.971E-03	1.000	102	4	98	140	23	119	175	99	0.679	0.554
LOKIASV2_1460_ESMFold_hypothetical_protein	AF-A0A4V1J1C3-F1-model_v4	AF-A0A4V1J1C3-F1-model_v4 Coatomer subunit zeta	3.554E-03	1.000	102	3	136	140	8	176	178	175	0.957	0.949
LOKIASV2_1460_ESMFold_hypothetical_protein	AF-A0A1R4AAP4-F1-model_v4	AF-A0A1R4AAP4-F1-model_v4 Adaptor complexes medium subunit family	5.245E-03	1.000	102	2	108	140	1	111	447	121	0.764	0.248
LOKIASV2_1460_ESMFold_hypothetical_protein	AF-A0A484DVC7-F1-model_v4	AF-A0A484DVC7-F1-model_v4 PIPK domain-containing protein	1.481E-02	1.000	102	3	115	140	919	1025	1090	117	0.807	0.098
LOKIASV2_1460_ESMFold_hypothetical_protein	AF-A0A662I230-F1-model_v4	AF-A0A662I230-F1-model_v4 Uncharacterized protein	5.971E-03	1.000	101	2	92	140	1	91	92	93	0.650	0.989
LOKIASV2_1460_ESMFold_hypothetical_protein	AF-A0A163MC55-F1-model_v4	AF-A0A163MC55-F1-model_v4 AP-2 complex subunit sigma	9.403E-03	1.000	101	3	127	140	89	229	231	145	0.893	0.610
LOKIASV2_1460_ESMFold_hypothetical_protein	AF-A0A1X7UE51-F1-model_v4	AF-A0A1X7UE51-F1-model_v4 Trafficking protein particle complex subunit	1.580E-02	1.000	101	4	131	140	3	232	234	234	0.914	0.983
LOKIASV2_1460_ESMFold_hypothetical_protein	AF-A0A1B6P937-F1-model_v4	AF-A0A1B6P937-F1-model_v4 Coatomer subunit zeta	5.596E-03	1.000	101	3	136	140	100	268	270	172	0.957	0.626
LOKIASV2_1460_ESMFold_hypothetical_protein	AF-A0A0B4HRU0-F1-model_v4	AF-A0A0B4HRU0-F1-model_v4 AP-2 complex subunit sigma	4.915E-03	1.000	100	1	127	140	51	193	195	149	0.907	0.733
LOKIASV2_1460_ESMFold_hypothetical_protein	AF-A0A811RUM8-F1-model_v4	AF-A0A811RUM8-F1-model_v4 Hypothetical protein	5.971E-03	1.000	100	3	136	140	92	260	262	172	0.957	0.645
LOKIASV2_1460_ESMFold_hypothetical_protein	AF-A0A4Y7JDZ8-F1-model_v4	AF-A0A4Y7JDZ8-F1-model_v4 Coatomer subunit zeta	6.798E-03	1.000	100	4	136	140	114	282	284	172	0.950	0.595
LOKIASV2_1460_ESMFold_hypothetical_protein	AF-A0A183UI34-F1-model_v4	AF-A0A183UI34-F1-model_v4 Uncharacterized protein	9.403E-03	1.000	100	2	138	140	10	197	685	194	0.979	0.274
LOKIASV2_1460_ESMFold_hypothetical_protein	AF-A0A7V1PU68-F1-model_v4	AF-A0A7V1PU68-F1-model_v4 Uncharacterized protein	5.596E-03	0.999	99	1	120	140	12	143	144	138	0.857	0.917
LOKIASV2_1460_ESMFold_hypothetical_protein	AF-W2KM23-F1-model_v4	AF-W2KM23-F1-model_v4 AP complex subunit sigma	4.317E-03	0.999	99	3	127	140	14	154	156	148	0.893	0.904
LOKIASV2_1460_ESMFold_hypothetical_protein	AF-A0A2A9PNA3-F1-model_v4	AF-A0A2A9PNA3-F1-model_v4 AP complex subunit sigma	5.245E-03	0.999	99	1	127	140	27	169	171	149	0.907	0.836
LOKIASV2_1460_ESMFold_hypothetical_protein	AF-A0A7J4MYI8-F1-model_v4	AF-A0A7J4MYI8-F1-model_v4 Roadblock/LC7 domain-containing protein	4.046E-03	0.999	99	1	88	140	7	101	359	98	0.629	0.265
LOKIASV2_1460_ESMFold_hypothetical_protein	AF-A0A7R9VSV0-F1-model_v4	AF-A0A7R9VSV0-F1-model_v4 Hypothetical protein	1.580E-02	0.999	98	4	76	140	54	124	135	76	0.521	0.526
LOKIASV2_1460_ESMFold_hypothetical_protein	AF-A0A1Y1YWJ3-F1-model_v4	AF-A0A1Y1YWJ3-F1-model_v4 AP complex subunit sigma	5.596E-03	0.999	98	4	127	140	2	141	143	146	0.886	0.979
LOKIASV2_1460_ESMFold_hypothetical_protein	AF-A0A7S0VHP8-F1-model_v4	AF-A0A7S0VHP8-F1-model_v4 Coatomer subunit zeta	2.048E-02	0.999	98	3	109	140	10	119	195	117	0.764	0.564
LOKIASV2_1460_ESMFold_hypothetical_protein	AF-J4KQN4-F1-model_v4	AF-J4KQN4-F1-model_v4 AP-2 complex subunit sigma	5.245E-03	0.999	98	3	127	140	123	263	265	147	0.893	0.532
LOKIASV2_1460_ESMFold_hypothetical_protein	AF-A0A074ZVC5-F1-model_v4	AF-A0A074ZVC5-F1-model_v4 Uncharacterized protein	5.245E-03	0.999	98	1	93	140	184	287	328	107	0.664	0.317
LOKIASV2_1460_ESMFold_hypothetical_protein	AF-A0A833T0X9-F1-model_v4	AF-A0A833T0X9-F1-model_v4 Uncharacterized protein	9.102E-04	0.999	98	4	135	140	10	184	332	180	0.943	0.527
LOKIASV2_1460_ESMFold_hypothetical_protein	AF-A0A437A250-F1-model_v4	AF-A0A437A250-F1-model_v4 AP complex subunit sigma	5.596E-03	0.999	97	2	127	140	1	142	144	148	0.900	0.986
LOKIASV2_1460_ESMFold_hypothetical_protein	AF-A0A803T8Y9-F1-model_v4	AF-A0A803T8Y9-F1-model_v4 Uncharacterized protein	1.433E-03	0.999	97	2	138	140	16	162	186	153	0.979	0.790
LOKIASV2_1460_ESMFold_hypothetical_protein	AF-A0A5B7BX60-F1-model_v4	AF-A0A5B7BX60-F1-model_v4 Coatomer subunit zeta	6.371E-03	0.999	97	3	115	140	31	137	202	116	0.807	0.530
LOKIASV2_1460_ESMFold_hypothetical_protein	AF-G7E4N5-F1-model_v4	AF-G7E4N5-F1-model_v4 Adaptin small chain	1.686E-02	0.999	97	3	127	140	580	720	722	147	0.893	0.195
LOKIASV2_1460_ESMFold_hypothetical_protein	AF-J3LUY1-F1-model_v4	AF-J3LUY1-F1-model_v4 Smr domain-containing protein	2.832E-02	0.999	97	1	123	140	670	790	818	133	0.879	0.148
LOKIASV2_1460_ESMFold_hypothetical_protein	AF-A0A7I8IY65-F1-model_v4	AF-A0A7I8IY65-F1-model_v4 Coatomer subunit zeta	7.740E-03	0.999	96	3	136	140	6	169	171	172	0.957	0.959
LOKIASV2_1460_ESMFold_hypothetical_protein	AF-A0A2I1GCE0-F1-model_v4	AF-A0A2I1GCE0-F1-model_v4 AP-2 complex subunit sigma	6.798E-03	0.999	96	4	127	140	43	182	184	146	0.886	0.761
LOKIASV2_1460_ESMFold_hypothetical_protein	AF-A0A426XY20-F1-model_v4	AF-A0A426XY20-F1-model_v4 SRP-alpha_N domain-containing protein	2.488E-02	0.999	96	4	138	140	2	132	325	142	0.964	0.403
LOKIASV2_1460_ESMFold_hypothetical_protein	AF-A0A446SJH8-F1-model_v4	AF-A0A446SJH8-F1-model_v4 SRP54 domain-containing protein	1.301E-02	0.999	96	4	131	140	2	129	550	138	0.914	0.233
LOKIASV2_1460_ESMFold_hypothetical_protein	AF-A0A1D2AFE9-F1-model_v4	AF-A0A1D2AFE9-F1-model_v4 SRP54 domain-containing protein	1.071E-02	0.999	96	4	135	140	2	129	623	140	0.943	0.205
LOKIASV2_1460_ESMFold_hypothetical_protein	AF-C1BTN7-F1-model_v4	AF-C1BTN7-F1-model_v4 Mitogen-activated protein-binding protein-interacting protein	5.418E-02	0.998	95	1	95	140	18	112	130	98	0.679	0.731
LOKIASV2_1460_ESMFold_hypothetical_protein	AF-A0A0V1HS98-F1-model_v4	AF-A0A0V1HS98-F1-model_v4 Hexosyltransferase	2.257E-03	0.998	95	1	140	140	13	156	443	154	1.000	0.325
LOKIASV2_1460_ESMFold_hypothetical_protein	AF-A0A087SSX5-F1-model_v4	AF-A0A087SSX5-F1-model_v4 Signal recognition particle receptor subunit alpha	1.481E-02	0.998	95	4	137	140	2	131	615	142	0.957	0.211
LOKIASV2_1460_ESMFold_hypothetical_protein	AF-A0A1Q3EQ15-F1-model_v4	AF-A0A1Q3EQ15-F1-model_v4 AP-2 complex subunit sigma	1.388E-02	0.998	95	4	116	140	2	116	785	121	0.807	0.146
LOKIASV2_1460_ESMFold_hypothetical_protein	AF-S7W913-F1-model_v4	AF-S7W913-F1-model_v4 Uncharacterized protein	3.225E-02	0.998	94	6	132	140	3	122	124	132	0.907	0.968
LOKIASV2_1460_ESMFold_hypothetical_protein	AF-A0A5M6C463-F1-model_v4	AF-A0A5M6C463-F1-model_v4 AP complex subunit sigma	7.254E-03	0.998	94	3	127	140	19	159	161	148	0.893	0.876
LOKIASV2_1460_ESMFold_hypothetical_protein	AF-A0A2P5EX45-F1-model_v4	AF-A0A2P5EX45-F1-model_v4 Coatomer subunit zeta	1.799E-02	0.998	94	3	133	140	22	159	162	144	0.936	0.852
LOKIASV2_1460_ESMFold_hypothetical_protein	AF-A0A151T692-F1-model_v4	AF-A0A151T692-F1-model_v4 Coatomer subunit zeta	5.971E-03	0.998	94	3	115	140	29	135	200	119	0.807	0.535
LOKIASV2_1460_ESMFold_hypothetical_protein	AF-A0A2I0A980-F1-model_v4	AF-A0A2I0A980-F1-model_v4 Coatomer subunit zeta	3.225E-02	0.998	94	4	108	140	42	151	212	116	0.750	0.519
LOKIASV2_1460_ESMFold_hypothetical_protein	AF-A0A2P5VT40-F1-model_v4	AF-A0A2P5VT40-F1-model_v4 Coatomer subunit zeta	4.759E-02	0.998	94	3	109	140	28	139	348	115	0.764	0.322
LOKIASV2_1460_ESMFold_hypothetical_protein	AF-A0A7V5GTK3-F1-model_v4	AF-A0A7V5GTK3-F1-model_v4 Roadblock/LC7 domain-containing protein	6.169E-02	0.998	93	1	98	140	12	109	117	103	0.700	0.838
LOKIASV2_1460_ESMFold_hypothetical_protein	AF-A0A7S4PA94-F1-model_v4	AF-A0A7S4PA94-F1-model_v4 Coatomer subunit zeta	3.225E-02	0.998	93	3	108	140	15	126	163	118	0.757	0.687
LOKIASV2_1460_ESMFold_hypothetical_protein	AF-A0A1Y5HWW6-F1-model_v4	AF-A0A1Y5HWW6-F1-model_v4 Coatomer subunit zeta	2.832E-02	0.998	93	1	127	140	1	121	173	129	0.907	0.699
LOKIASV2_1460_ESMFold_hypothetical_protein	AF-A0A137QCX2-F1-model_v4	AF-A0A137QCX2-F1-model_v4 AP-2 complex subunit sigma	6.798E-03	0.998	93	3	127	140	45	185	187	148	0.893	0.754
LOKIASV2_1460_ESMFold_hypothetical_protein	AF-A0A078B2Q7-F1-model_v4	AF-A0A078B2Q7-F1-model_v4 V-SNARE coiled-coil homology domain-containing protein	1.219E-02	0.998	93	1	138	140	1	147	236	156	0.986	0.623
LOKIASV2_1460_ESMFold_hypothetical_protein	AF-A0A446TQH1-F1-model_v4	AF-A0A446TQH1-F1-model_v4 SRP54 domain-containing protein	1.799E-02	0.998	93	4	129	140	2	131	735	136	0.900	0.177
LOKIASV2_1460_ESMFold_hypothetical_protein	AF-A0A287M3G2-F1-model_v4	AF-A0A287M3G2-F1-model_v4 Coatomer subunit zeta	4.915E-03	0.997	92	4	134	140	7	128	164	134	0.936	0.744
LOKIASV2_1460_ESMFold_hypothetical_protein	AF-A0A2V2CUR6-F1-model_v4	AF-A0A2V2CUR6-F1-model_v4 HTH_30 domain-containing protein	1.580E-02	0.997	92	5	104	140	19	121	388	104	0.714	0.265
LOKIASV2_1460_ESMFold_hypothetical_protein	AF-A0A1E3IZT1-F1-model_v4	AF-A0A1E3IZT1-F1-model_v4 AP complex subunit sigma	7.254E-03	0.997	91	4	127	140	2	121	123	131	0.886	0.976
LOKIASV2_1460_ESMFold_hypothetical_protein	AF-A0A7V9T9Z1-F1-model_v4	AF-A0A7V9T9Z1-F1-model_v4 Roadblock/LC7 domain-containing protein	4.046E-03	0.997	91	1	94	140	14	111	125	105	0.671	0.784
LOKIASV2_1460_ESMFold_hypothetical_protein	AF-A0A059BUZ4-F1-model_v4	AF-A0A059BUZ4-F1-model_v4 Coatomer subunit zeta	5.971E-03	0.997	91	4	133	140	14	156	158	146	0.929	0.905
LOKIASV2_1460_ESMFold_hypothetical_protein	AF-A0A7S1WZD9-F1-model_v4	AF-A0A7S1WZD9-F1-model_v4 Hypothetical protein	1.919E-02	0.997	91	4	133	140	2	130	179	135	0.929	0.721
LOKIASV2_1460_ESMFold_hypothetical_protein	AF-A0A446SJD7-F1-model_v4	AF-A0A446SJD7-F1-model_v4 Uncharacterized protein	2.332E-02	0.997	91	4	131	140	2	129	598	138	0.914	0.214
LOKIASV2_1460_ESMFold_hypothetical_protein	AF-A0A562VCJ1-F1-model_v4	AF-A0A562VCJ1-F1-model_v4 Putative regulator of Ras-like GTPase activity (Roadblock/LC7/MglB family)	7.494E-02	0.996	90	2	94	140	24	121	133	101	0.664	0.737
LOKIASV2_1460_ESMFold_hypothetical_protein	AF-I1L0A4-F1-model_v4	AF-I1L0A4-F1-model_v4 Coatomer subunit zeta	8.812E-03	0.996	90	3	115	140	8	114	144	119	0.807	0.743
LOKIASV2_1460_ESMFold_hypothetical_protein	AF-A0A0L0FPG4-F1-model_v4	AF-A0A0L0FPG4-F1-model_v4 Uncharacterized protein	4.460E-02	0.996	89	1	76	140	12	87	89	78	0.543	0.854
LOKIASV2_1460_ESMFold_hypothetical_protein	AF-M8C3N0-F1-model_v4	AF-M8C3N0-F1-model_v4 Coatomer subunit zeta	2.185E-02	0.995	88	3	115	140	11	117	166	116	0.807	0.645
LOKIASV2_1460_ESMFold_hypothetical_protein	AF-A0A098VX57-F1-model_v4	AF-A0A098VX57-F1-model_v4 SRP54 domain-containing protein	5.078E-02	0.995	88	4	88	140	2	86	557	92	0.607	0.153
LOKIASV2_1460_ESMFold_hypothetical_protein	AF-A0A7D9DVK4-F1-model_v4	AF-A0A7D9DVK4-F1-model_v4 Signal recognition particle receptor subunit alpha-like	2.048E-02	0.995	88	6	134	140	49	181	696	141	0.921	0.191
LOKIASV2_1460_ESMFold_hypothetical_protein	AF-A0A5J4V5A3-F1-model_v4	AF-A0A5J4V5A3-F1-model_v4 Uncharacterized protein	1.003E-02	0.994	87	4	135	140	2	128	162	141	0.943	0.784
LOKIASV2_1460_ESMFold_hypothetical_protein	AF-I1BIU1-F1-model_v4	AF-I1BIU1-F1-model_v4 Robl_LC7 domain-containing protein	8.259E-03	0.993	86	3	136	140	18	125	129	137	0.957	0.837
LOKIASV2_1460_ESMFold_hypothetical_protein	AF-A0A7S0DCI9-F1-model_v4	AF-A0A7S0DCI9-F1-model_v4 Hypothetical protein	3.022E-02	0.993	86	4	131	140	2	125	633	141	0.914	0.196
LOKIASV2_1460_ESMFold_hypothetical_protein	AF-A0A075ATK3-F1-model_v4	AF-A0A075ATK3-F1-model_v4 Adaptin small chain	7.494E-02	0.992	85	1	116	140	250	368	395	124	0.829	0.301
LOKIASV2_1460_ESMFold_hypothetical_protein	AF-A0A7V2LV64-F1-model_v4	AF-A0A7V2LV64-F1-model_v4 Response regulatory domain-containing protein	5.418E-02	0.992	85	3	93	140	152	247	608	101	0.650	0.158
LOKIASV2_1460_ESMFold_hypothetical_protein	AF-A0A444DW00-F1-model_v4	AF-A0A444DW00-F1-model_v4 Proline dehydrogenase	5.078E-02	0.992	85	3	138	140	374	505	698	143	0.971	0.189
LOKIASV2_1460_ESMFold_hypothetical_protein	AF-F0XCQ9-F1-model_v4	AF-F0XCQ9-F1-model_v4 Adaptin small chain	2.185E-02	0.992	85	3	127	140	936	1076	1078	148	0.893	0.131
LOKIASV2_1460_ESMFold_hypothetical_protein	AF-A9PB08-F1-model_v4	AF-A9PB08-F1-model_v4 Coatomer subunit zeta	1.071E-02	0.991	84	4	102	140	7	112	136	110	0.707	0.779
LOKIASV2_1460_ESMFold_hypothetical_protein	AF-A0A7X6Y4V6-F1-model_v4	AF-A0A7X6Y4V6-F1-model_v4 Uncharacterized protein	1.982E-03	0.991	84	6	138	140	19	135	408	133	0.950	0.287
LOKIASV2_1460_ESMFold_hypothetical_protein	AF-A0A416HBI4-F1-model_v4	AF-A0A416HBI4-F1-model_v4 HATPase_c domain-containing protein	2.408E-03	0.990	83	2	130	140	208	331	599	131	0.921	0.207
LOKIASV2_1460_ESMFold_hypothetical_protein	AF-A0A1Q9PCV9-F1-model_v4	AF-A0A1Q9PCV9-F1-model_v4 Photosystem I assembly protein Ycf3	1.580E-02	0.990	83	4	122	140	640	763	765	127	0.850	0.162
LOKIASV2_1460_ESMFold_hypothetical_protein	AF-A0A525CB89-F1-model_v4	AF-A0A525CB89-F1-model_v4 Histidine kinase	4.317E-03	0.990	83	1	135	140	239	373	788	144	0.964	0.171
LOKIASV2_1460_ESMFold_hypothetical_protein	AF-A0A812EFI4-F1-model_v4	AF-A0A812EFI4-F1-model_v4 Vacuolar fusion protein CCZ1 homolog	5.245E-03	0.988	82	4	129	140	8	137	324	139	0.900	0.401
LOKIASV2_1460_ESMFold_hypothetical_protein	AF-A0A3R6EIA5-F1-model_v4	AF-A0A3R6EIA5-F1-model_v4 AraC family transcriptional regulator	3.554E-03	0.988	82	2	138	140	233	356	755	137	0.979	0.164
LOKIASV2_1460_ESMFold_hypothetical_protein	AF-A0A7V5H738-F1-model_v4	AF-A0A7V5H738-F1-model_v4 Uncharacterized protein	7.996E-02	0.986	81	4	138	140	2	136	233	141	0.964	0.579
LOKIASV2_1460_ESMFold_hypothetical_protein	AF-A0A0P1KN59-F1-model_v4	AF-A0A0P1KN59-F1-model_v4 LAQU0S01e10198g1_1	4.759E-02	0.986	81	4	138	140	2	162	456	166	0.964	0.353
LOKIASV2_1460_ESMFold_hypothetical_protein	AF-A0A1Y5MGD0-F1-model_v4	AF-A0A1Y5MGD0-F1-model_v4 Histidine kinase	4.046E-03	0.986	81	5	139	140	198	315	549	140	0.964	0.215
LOKIASV2_1460_ESMFold_hypothetical_protein	AF-A0A1A8YVD5-F1-model_v4	AF-A0A1A8YVD5-F1-model_v4 AP-1 complex subunit sigma, putative	7.740E-03	0.984	80	4	140	140	29	155	221	140	0.979	0.575
LOKIASV2_1460_ESMFold_hypothetical_protein	AF-A0A7T2U8V7-F1-model_v4	AF-A0A7T2U8V7-F1-model_v4 Response regulator	7.254E-03	0.984	80	6	138	140	27	148	880	133	0.950	0.139
LOKIASV2_1460_ESMFold_hypothetical_protein	AF-A0A1J5DQW0-F1-model_v4	AF-A0A1J5DQW0-F1-model_v4 Uncharacterized protein	1.036E-01	0.978	78	1	94	140	63	159	163	104	0.671	0.595
LOKIASV2_1460_ESMFold_hypothetical_protein	AF-A0A497QPF3-F1-model_v4	AF-A0A497QPF3-F1-model_v4 Uncharacterized protein	1.180E-01	0.978	78	4	138	140	2	136	291	141	0.964	0.464
LOKIASV2_1460_ESMFold_hypothetical_protein	AF-A0CZR5-F1-model_v4	AF-A0CZR5-F1-model_v4 Uncharacterized protein	2.832E-02	0.978	78	3	138	140	173	329	338	164	0.971	0.464
LOKIASV2_1460_ESMFold_hypothetical_protein	AF-A0A1Q6V578-F1-model_v4	AF-A0A1Q6V578-F1-model_v4 Uncharacterized protein	5.596E-03	0.975	77	1	139	140	217	343	821	140	0.993	0.155
LOKIASV2_1460_ESMFold_hypothetical_protein	AF-A0A3D1CKR3-F1-model_v4	AF-A0A3D1CKR3-F1-model_v4 GGDEF domain-containing protein	1.580E-02	0.971	76	6	133	140	40	167	435	133	0.914	0.294
LOKIASV2_1460_ESMFold_hypothetical_protein	AF-W2QKT5-F1-model_v4	AF-W2QKT5-F1-model_v4 Coatomer subunit zeta	2.332E-02	0.967	75	3	137	140	8	178	179	175	0.964	0.955
LOKIASV2_1460_ESMFold_hypothetical_protein	AF-A0A3A8WZU6-F1-model_v4	AF-A0A3A8WZU6-F1-model_v4 HAMP domain-containing protein	5.245E-03	0.967	75	1	139	140	264	373	694	140	0.993	0.159
LOKIASV2_1460_ESMFold_hypothetical_protein	AF-A0A4Q6G9U8-F1-model_v4	AF-A0A4Q6G9U8-F1-model_v4 Uncharacterized protein	1.071E-02	0.961	74	2	139	140	85	247	271	170	0.986	0.601
LOKIASV2_1460_ESMFold_hypothetical_protein	AF-A0A2M7SYJ2-F1-model_v4	AF-A0A2M7SYJ2-F1-model_v4 Methyl-accepting transducer domain-containing protein	2.655E-02	0.961	74	3	135	140	85	216	473	140	0.950	0.279
LOKIASV2_1460_ESMFold_hypothetical_protein	AF-A0A7V4ZWB6-F1-model_v4	AF-A0A7V4ZWB6-F1-model_v4 Histidine kinase domain-containing protein	2.048E-02	0.956	73	3	139	140	174	297	493	138	0.979	0.252
LOKIASV2_1460_ESMFold_hypothetical_protein	AF-A0A7Y9FDR4-F1-model_v4	AF-A0A7Y9FDR4-F1-model_v4 Uncharacterized protein	8.532E-02	0.949	72	3	120	140	18	125	177	127	0.843	0.610
LOKIASV2_1460_ESMFold_hypothetical_protein	AF-A0A0K0D7V6-F1-model_v4	AF-A0A0K0D7V6-F1-model_v4 Uncharacterized protein	2.655E-02	0.949	72	6	135	140	3	212	275	215	0.929	0.764
LOKIASV2_1460_ESMFold_hypothetical_protein	AF-A0A1V2YH19-F1-model_v4	AF-A0A1V2YH19-F1-model_v4 GGDEF domain-containing protein	1.388E-02	0.941	71	6	139	140	209	325	623	134	0.957	0.188
LOKIASV2_1460_ESMFold_hypothetical_protein	AF-A0A522MY95-F1-model_v4	AF-A0A522MY95-F1-model_v4 EAL domain-containing protein	2.185E-02	0.941	71	4	134	140	190	362	965	180	0.936	0.179
LOKIASV2_1460_ESMFold_hypothetical_protein	AF-Q314Z9-F1-model_v4	AF-Q314Z9-F1-model_v4 Histidine kinase	3.022E-02	0.933	70	3	139	140	196	318	570	137	0.979	0.216
LOKIASV2_1460_ESMFold_hypothetical_protein	AF-V9KGZ3-F1-model_v4	AF-V9KGZ3-F1-model_v4 Signal recognition particle receptor subunit alpha	1.530E-01	0.933	70	20	131	140	47	166	677	121	0.800	0.177
LOKIASV2_1460_ESMFold_hypothetical_protein	AF-A0A128EG61-F1-model_v4	AF-A0A128EG61-F1-model_v4 Histidine kinase A domain-containing protein	2.185E-02	0.923	69	1	133	140	200	319	550	134	0.950	0.218
LOKIASV2_1460_ESMFold_hypothetical_protein	AF-A0A6B8RG03-F1-model_v4	AF-A0A6B8RG03-F1-model_v4 HAMP domain-containing protein	1.799E-02	0.923	69	3	135	140	235	357	628	141	0.950	0.196
LOKIASV2_1460_ESMFold_hypothetical_protein	AF-A0A416MFR0-F1-model_v4	AF-A0A416MFR0-F1-model_v4 Uncharacterized protein	1.344E-01	0.912	68	1	88	140	197	284	285	93	0.629	0.309
LOKIASV2_1460_ESMFold_hypothetical_protein	AF-A0A2D7JFU8-F1-model_v4	AF-A0A2D7JFU8-F1-model_v4 Uncharacterized protein	3.918E-02	0.912	68	1	139	140	230	363	876	140	0.993	0.153
LOKIASV2_1460_ESMFold_hypothetical_protein	AF-A0A4R2JGR0-F1-model_v4	AF-A0A4R2JGR0-F1-model_v4 Histidine kinase/DNA gyrase B/HSP90-like ATPase	1.481E-02	0.900	67	1	138	140	211	380	603	174	0.986	0.282
LOKIASV2_1460_ESMFold_hypothetical_protein	AF-A0A1Y5EGM5-F1-model_v4	AF-A0A1Y5EGM5-F1-model_v4 Histidine kinase	4.759E-02	0.900	67	1	139	140	81	256	916	181	0.993	0.192
LOKIASV2_1460_ESMFold_hypothetical_protein	AF-R5H102-F1-model_v4	AF-R5H102-F1-model_v4 Histidine kinase domain-containing protein	2.488E-02	0.887	66	1	132	140	63	180	456	141	0.943	0.259
LOKIASV2_1460_ESMFold_hypothetical_protein	AF-A0A3D3U8W4-F1-model_v4	AF-A0A3D3U8W4-F1-model_v4 HATPase_c domain-containing protein	3.225E-02	0.887	66	1	138	140	197	366	576	174	0.986	0.295
LOKIASV2_1460_ESMFold_hypothetical_protein	AF-A0A1G8ETC8-F1-model_v4	AF-A0A1G8ETC8-F1-model_v4 PAS domain S-box-containing protein/diguanylate cyclase (GGDEF) domain-containing protein	1.301E-02	0.887	66	4	139	140	198	329	621	141	0.971	0.213
LOKIASV2_1460_ESMFold_hypothetical_protein	AF-S7HGE5-F1-model_v4	AF-S7HGE5-F1-model_v4 Histidine kinase	6.169E-02	0.872	65	6	135	140	45	172	382	135	0.929	0.335
LOKIASV2_1460_ESMFold_hypothetical_protein	AF-A0A842R2W8-F1-model_v4	AF-A0A842R2W8-F1-model_v4 Uncharacterized protein	4.318E-01	0.855	64	4	136	140	2	134	228	145	0.950	0.583
LOKIASV2_1460_ESMFold_hypothetical_protein	AF-R7I789-F1-model_v4	AF-R7I789-F1-model_v4 Histidine kinase	4.759E-02	0.855	64	6	136	140	86	206	432	131	0.936	0.280
LOKIASV2_1460_ESMFold_hypothetical_protein	AF-A0A5A8F0X2-F1-model_v4	AF-A0A5A8F0X2-F1-model_v4 PAS domain S-box protein	1.180E-01	0.837	63	6	97	140	13	104	451	96	0.657	0.204
LOKIASV2_1460_ESMFold_hypothetical_protein	AF-A0A5P9BI47-F1-model_v4	AF-A0A5P9BI47-F1-model_v4 Cyclic di-GMP phosphodiesterase response regulator RpfG	1.686E-02	0.837	63	1	135	140	380	510	700	144	0.964	0.187
LOKIASV2_1460_ESMFold_hypothetical_protein	AF-A0A2V5U848-F1-model_v4	AF-A0A2V5U848-F1-model_v4 Uncharacterized protein	2.185E-02	0.837	63	7	136	140	141	264	755	135	0.929	0.164
LOKIASV2_1460_ESMFold_hypothetical_protein	AF-A0A6A1R546-F1-model_v4	AF-A0A6A1R546-F1-model_v4 Histidine kinase	3.671E-02	0.837	63	6	101	140	229	336	1064	110	0.686	0.102
LOKIASV2_1460_ESMFold_hypothetical_protein	AF-A0A853I2Q4-F1-model_v4	AF-A0A853I2Q4-F1-model_v4 Uncharacterized protein	5.418E-02	0.817	62	3	134	140	87	215	355	139	0.943	0.363
LOKIASV2_1460_ESMFold_hypothetical_protein	AF-A0A7C0WUG3-F1-model_v4	AF-A0A7C0WUG3-F1-model_v4 Histidine kinase	2.185E-02	0.817	62	2	136	140	29	158	425	138	0.964	0.306
LOKIASV2_1460_ESMFold_hypothetical_protein	AF-A0A2V6G6K3-F1-model_v4	AF-A0A2V6G6K3-F1-model_v4 PAS domain-containing protein	2.832E-02	0.817	62	1	136	140	201	328	490	139	0.971	0.261
LOKIASV2_1460_ESMFold_hypothetical_protein	AF-A0A1D7TFQ7-F1-model_v4	AF-A0A1D7TFQ7-F1-model_v4 Putative histidine kinase	7.023E-02	0.817	62	6	139	140	213	344	573	144	0.957	0.230
LOKIASV2_1460_ESMFold_hypothetical_protein	AF-G2HAF8-F1-model_v4	AF-G2HAF8-F1-model_v4 Histidine kinase	6.169E-02	0.817	62	7	139	140	255	375	676	139	0.950	0.179
LOKIASV2_1460_ESMFold_hypothetical_protein	AF-A0A1V0BG83-F1-model_v4	AF-A0A1V0BG83-F1-model_v4 Uncharacterized protein	1.344E-01	0.795	61	6	94	140	266	350	373	91	0.636	0.228
LOKIASV2_1460_ESMFold_hypothetical_protein	AF-A0A1I4EVK0-F1-model_v4	AF-A0A1I4EVK0-F1-model_v4 Histidine kinase	2.048E-02	0.772	60	3	136	140	192	328	704	141	0.957	0.195
LOKIASV2_1460_ESMFold_hypothetical_protein	AF-A0A166Y559-F1-model_v4	AF-A0A166Y559-F1-model_v4 Histidine kinase	4.180E-02	0.772	60	6	135	140	243	376	796	140	0.929	0.168
LOKIASV2_1460_ESMFold_hypothetical_protein	AF-F3ZWS4-F1-model_v4	AF-F3ZWS4-F1-model_v4 Signal transduction histidine kinase, LytS	3.022E-02	0.747	59	5	134	140	60	175	437	132	0.929	0.265
LOKIASV2_1460_ESMFold_hypothetical_protein	AF-A0A1C5UUF5-F1-model_v4	AF-A0A1C5UUF5-F1-model_v4 Histidine kinase	1.344E-01	0.747	59	2	139	140	228	400	657	174	0.986	0.263
LOKIASV2_1460_ESMFold_hypothetical_protein	AF-A0A843YRQ4-F1-model_v4	AF-A0A843YRQ4-F1-model_v4 Response regulator	1.036E-01	0.747	59	6	138	140	277	402	1026	134	0.950	0.123
LOKIASV2_1460_ESMFold_hypothetical_protein	AF-A0A3D2XBK1-F1-model_v4	AF-A0A3D2XBK1-F1-model_v4 Uncharacterized protein	1.180E-01	0.720	58	6	138	140	235	360	390	138	0.950	0.323
LOKIASV2_1460_ESMFold_hypothetical_protein	AF-A0A7X6JMS6-F1-model_v4	AF-A0A7X6JMS6-F1-model_v4 EAL domain-containing protein	3.671E-02	0.720	58	6	136	140	41	155	588	132	0.936	0.196
LOKIASV2_1460_ESMFold_hypothetical_protein	AF-A0A4Q0MPX7-F1-model_v4	AF-A0A4Q0MPX7-F1-model_v4 HAMP domain-containing protein	9.104E-02	0.720	58	3	134	140	233	360	660	140	0.943	0.194
LOKIASV2_1460_ESMFold_hypothetical_protein	AF-K1TFW6-F1-model_v4	AF-K1TFW6-F1-model_v4 Transcriptional regulator, AraC family	8.532E-02	0.692	57	6	139	140	33	156	171	141	0.957	0.725
LOKIASV2_1460_ESMFold_hypothetical_protein	AF-A0A1Q6JZR2-F1-model_v4	AF-A0A1Q6JZR2-F1-model_v4 Histidine kinase	4.460E-02	0.692	57	6	131	140	82	195	426	129	0.900	0.268
LOKIASV2_1460_ESMFold_hypothetical_protein	AF-A0A4U8SCV2-F1-model_v4	AF-A0A4U8SCV2-F1-model_v4 Uncharacterized protein	1.742E-01	0.663	56	2	135	140	22	148	151	136	0.957	0.841
LOKIASV2_1460_ESMFold_hypothetical_protein	AF-A0A1L5KL59-F1-model_v4	AF-A0A1L5KL59-F1-model_v4 CSS motif domain associated with EAL	9.714E-02	0.663	56	1	137	140	73	187	197	140	0.979	0.584
LOKIASV2_1460_ESMFold_hypothetical_protein	AF-A0A7C8DVK9-F1-model_v4	AF-A0A7C8DVK9-F1-model_v4 Histidine kinase	5.246E-01	0.663	56	6	138	140	34	159	971	138	0.950	0.130
LOKIASV2_1460_ESMFold_hypothetical_protein	AF-A0A1L5KSP9-F1-model_v4	AF-A0A1L5KSP9-F1-model_v4 Cyclic-guanylate-specific phosphodiesterase	1.344E-01	0.632	55	6	106	140	104	206	350	117	0.721	0.294
LOKIASV2_1460_ESMFold_hypothetical_protein	AF-A9KNH8-F1-model_v4	AF-A9KNH8-F1-model_v4 Transcriptional regulator, AraC family	1.632E-01	0.632	55	6	138	140	230	365	764	143	0.950	0.178
LOKIASV2_1460_ESMFold_hypothetical_protein	AF-A0A7Z2ZP92-F1-model_v4	AF-A0A7Z2ZP92-F1-model_v4 Uncharacterized protein	7.494E-02	0.601	54	2	131	140	39	155	158	131	0.929	0.741
LOKIASV2_1460_ESMFold_hypothetical_protein	AF-A0A3B9SWQ2-F1-model_v4	AF-A0A3B9SWQ2-F1-model_v4 Histidine kinase	8.532E-02	0.601	54	1	134	140	296	425	640	140	0.957	0.203
LOKIASV2_1460_ESMFold_hypothetical_protein	AF-A0A4U7NEN4-F1-model_v4	AF-A0A4U7NEN4-F1-model_v4 Methyl-accepting chemotaxis protein	1.983E-01	0.569	53	5	139	140	202	378	421	183	0.964	0.420
LOKIASV2_1460_ESMFold_hypothetical_protein	AF-A0A1X0XPV2-F1-model_v4	AF-A0A1X0XPV2-F1-model_v4 Histidine kinase	2.116E-01	0.569	53	6	135	140	86	212	507	137	0.929	0.250
LOKIASV2_1460_ESMFold_hypothetical_protein	AF-A0A1I7JJQ3-F1-model_v4	AF-A0A1I7JJQ3-F1-model_v4 CHASE8 domain-containing protein	1.106E-01	0.537	52	2	138	140	84	220	221	151	0.979	0.620
LOKIASV2_1460_ESMFold_hypothetical_protein	AF-A0A3D1CIN3-F1-model_v4	AF-A0A3D1CIN3-F1-model_v4 Cache domain-containing protein	1.983E-01	0.537	52	1	139	140	201	330	468	146	0.993	0.278
LOKIASV2_1460_ESMFold_hypothetical_protein	AF-F4LPP6-F1-model_v4	AF-F4LPP6-F1-model_v4 Integral membrane sensor signal transduction histidine kinase	3.331E-01	0.537	52	1	135	140	131	261	480	138	0.964	0.273
LOKIASV2_1460_ESMFold_hypothetical_protein	AF-A0A537RXF2-F1-model_v4	AF-A0A537RXF2-F1-model_v4 Histidine kinase	1.106E-01	0.537	52	1	133	140	221	367	610	157	0.950	0.241
LOKIASV2_1460_ESMFold_hypothetical_protein	AF-A0A1D9NZK0-F1-model_v4	AF-A0A1D9NZK0-F1-model_v4 GGDEF/cache domain-containing protein	1.742E-01	0.537	52	1	139	140	201	325	615	150	0.993	0.203
LOKIASV2_1460_ESMFold_hypothetical_protein	AF-A0A6I3WM76-F1-model_v4	AF-A0A6I3WM76-F1-model_v4 Histidine kinase	1.434E-01	0.537	52	2	136	140	273	400	1124	136	0.964	0.114
LOKIASV2_1460_ESMFold_hypothetical_protein	AF-A0A537W5P0-F1-model_v4	AF-A0A537W5P0-F1-model_v4 Histidine kinase	9.714E-02	0.505	51	1	138	140	100	244	489	153	0.986	0.297
LOKIASV2_1460_ESMFold_hypothetical_protein	AF-A0A1W1C8F7-F1-model_v4	AF-A0A1W1C8F7-F1-model_v4 PUTATIVE TWO-COMPONENT SENSOR	2.742E-01	0.505	51	5	139	140	243	372	594	148	0.964	0.219
LOKIASV2_1460_ESMFold_hypothetical_protein	AF-A0A4S1M6G1-F1-model_v4	AF-A0A4S1M6G1-F1-model_v4 Uncharacterized protein	1.530E-01	0.505	51	2	135	140	231	366	680	154	0.957	0.200
LOKIASV2_1460_ESMFold_hypothetical_protein	AF-F5YRH8-F1-model_v4	AF-F5YRH8-F1-model_v4 Sensor protein GacS	1.259E-01	0.505	51	5	138	140	218	348	967	143	0.957	0.135
LOKIASV2_1460_ESMFold_hypothetical_protein	AF-A0A1Q4RVV3-F1-model_v4	AF-A0A1Q4RVV3-F1-model_v4 GGDEF domain-containing protein	1.180E-01	0.473	50	5	138	140	218	344	529	144	0.957	0.240
LOKIASV2_1460_ESMFold_hypothetical_protein	AF-F0S2T5-F1-model_v4	AF-F0S2T5-F1-model_v4 Diguanylate cyclase/phosphodiesterase	2.570E-01	0.473	50	1	139	140	107	234	650	139	0.993	0.197
LOKIASV2_1460_ESMFold_hypothetical_protein	AF-A0A8A7V938-F1-model_v4	AF-A0A8A7V938-F1-model_v4 Response regulator	2.116E-01	0.442	49	6	135	140	263	428	930	166	0.929	0.178
LOKIASV2_1460_ESMFold_hypothetical_protein	AF-A0A3B9GEH1-F1-model_v4	AF-A0A3B9GEH1-F1-model_v4 GGDEF domain-containing protein	4.318E-01	0.411	48	1	135	140	195	328	453	143	0.964	0.296
LOKIASV2_1460_ESMFold_hypothetical_protein	AF-A0A3M1I1C1-F1-model_v4	AF-A0A3M1I1C1-F1-model_v4 PAC domain-containing protein	2.116E-01	0.411	48	6	134	140	32	175	551	148	0.921	0.261
LOKIASV2_1460_ESMFold_hypothetical_protein	AF-A0A0G4K327-F1-model_v4	AF-A0A0G4K327-F1-model_v4 Methyl-accepting chemotaxis protein	4.047E-01	0.382	47	7	139	140	191	360	418	174	0.950	0.407
LOKIASV2_1460_ESMFold_hypothetical_protein	AF-A0A4Q5WP52-F1-model_v4	AF-A0A4Q5WP52-F1-model_v4 HAMP domain-containing histidine kinase	3.793E-01	0.382	47	1	138	140	207	360	481	160	0.986	0.320
LOKIASV2_1460_ESMFold_hypothetical_protein	AF-A0A7G8USV0-F1-model_v4	AF-A0A7G8USV0-F1-model_v4 Sensor histidine kinase	4.917E-01	0.382	47	6	138	140	198	364	577	169	0.950	0.289
LOKIASV2_1460_ESMFold_hypothetical_protein	AF-W1U6J3-F1-model_v4	AF-W1U6J3-F1-model_v4 Methyl-accepting chemotaxis protein	8.261E-01	0.353	46	1	135	140	98	228	501	138	0.964	0.261
LOKIASV2_1460_ESMFold_hypothetical_protein	AF-A0A433V740-F1-model_v4	AF-A0A433V740-F1-model_v4 GGDEF domain-containing protein	2.257E-01	0.353	46	5	137	140	234	371	546	150	0.950	0.253
LOKIASV2_1460_ESMFold_hypothetical_protein	AF-A0A2D7A1M5-F1-model_v4	AF-A0A2D7A1M5-F1-model_v4 Putative sensor histidine kinase NtrY-like	2.926E-01	0.353	46	1	135	140	162	291	669	137	0.964	0.194
LOKIASV2_1460_ESMFold_hypothetical_protein	AF-D2VLN4-F1-model_v4	AF-D2VLN4-F1-model_v4 Uncharacterized protein	4.047E-01	0.353	46	6	135	140	173	308	732	144	0.929	0.186
LOKIASV2_1460_ESMFold_hypothetical_protein	AF-A0A850BHZ4-F1-model_v4	AF-A0A850BHZ4-F1-model_v4 Response regulator	5.973E-01	0.353	46	7	135	140	257	385	946	132	0.921	0.136
LOKIASV2_1460_ESMFold_hypothetical_protein	AF-K0JKB3-F1-model_v4	AF-K0JKB3-F1-model_v4 Methyl-accepting chemotaxis sensory transducer	7.742E-01	0.326	45	5	138	140	21	195	283	177	0.957	0.618
LOKIASV2_1460_ESMFold_hypothetical_protein	AF-A0A8A7L3M8-F1-model_v4	AF-A0A8A7L3M8-F1-model_v4 HAMP domain-containing protein	4.917E-01	0.326	45	7	139	140	199	320	609	142	0.950	0.200
LOKIASV2_1460_ESMFold_hypothetical_protein	AF-A0A1B2D7F0-F1-model_v4	AF-A0A1B2D7F0-F1-model_v4 Histidine kinase	4.047E-01	0.326	45	6	138	140	177	312	673	150	0.950	0.202
LOKIASV2_1460_ESMFold_hypothetical_protein	AF-A0A369AI74-F1-model_v4	AF-A0A369AI74-F1-model_v4 PAS domain S-box-containing protein/diguanylate cyclase (GGDEF)-like protein	3.122E-01	0.326	45	6	134	140	231	358	760	144	0.921	0.168
LOKIASV2_1460_ESMFold_hypothetical_protein	AF-A0A2I0NEE7-F1-model_v4	AF-A0A2I0NEE7-F1-model_v4 Uncharacterized protein	1.858E-01	0.301	44	28	135	140	97	206	207	115	0.771	0.531
LOKIASV2_1460_ESMFold_hypothetical_protein	AF-A0A353S822-F1-model_v4	AF-A0A353S822-F1-model_v4 Cache domain-containing protein	4.318E-01	0.301	44	5	135	140	202	334	335	142	0.936	0.397
LOKIASV2_1460_ESMFold_hypothetical_protein	AF-A0A7W8G6V7-F1-model_v4	AF-A0A7W8G6V7-F1-model_v4 Histidine kinase	3.122E-01	0.301	44	6	138	140	227	398	1147	176	0.950	0.150
LOKIASV2_1460_ESMFold_hypothetical_protein	AF-A0A2N6DD74-F1-model_v4	AF-A0A2N6DD74-F1-model_v4 GGDEF domain-containing protein	2.570E-01	0.277	43	1	140	140	116	262	414	150	1.000	0.355
LOKIASV2_1460_ESMFold_hypothetical_protein	AF-A0A1V5W4C3-F1-model_v4	AF-A0A1V5W4C3-F1-model_v4 Response regulator PleD	8.261E-01	0.277	43	1	138	140	205	334	505	144	0.986	0.257
LOKIASV2_1460_ESMFold_hypothetical_protein	AF-G0EJ78-F1-model_v4	AF-G0EJ78-F1-model_v4 Histidine kinase chemotaxis sensory transducer	4.608E-01	0.277	43	7	134	140	174	297	584	136	0.914	0.212
LOKIASV2_1460_ESMFold_hypothetical_protein	AF-A0A2U3BAT6-F1-model_v4	AF-A0A2U3BAT6-F1-model_v4 Uncharacterized protein	3.555E-01	0.277	43	4	139	140	160	289	587	136	0.971	0.221
LOKIASV2_1460_ESMFold_hypothetical_protein	AF-A0A6P2AZJ0-F1-model_v4	AF-A0A6P2AZJ0-F1-model_v4 Histidine kinase	5.246E-01	0.277	43	7	138	140	243	415	890	180	0.943	0.194
LOKIASV2_1460_ESMFold_hypothetical_protein	AF-K9TZH8-F1-model_v4	AF-K9TZH8-F1-model_v4 Histidine kinase	5.246E-01	0.277	43	7	139	140	227	363	1033	145	0.950	0.133
LOKIASV2_1460_ESMFold_hypothetical_protein	AF-A0A0F5JWJ5-F1-model_v4	AF-A0A0F5JWJ5-F1-model_v4 Histidine kinase	4.917E-01	0.277	43	7	136	140	279	401	1133	130	0.929	0.109
LOKIASV2_1460_ESMFold_hypothetical_protein	AF-R5YPM4-F1-model_v4	AF-R5YPM4-F1-model_v4 Histidine kinase	3.793E-01	0.254	42	6	139	140	57	184	217	143	0.957	0.590
LOKIASV2_1460_ESMFold_hypothetical_protein	AF-A0A3C1M0G6-F1-model_v4	AF-A0A3C1M0G6-F1-model_v4 Uncharacterized protein	4.047E-01	0.254	42	7	138	140	230	395	411	172	0.943	0.404
LOKIASV2_1460_ESMFold_hypothetical_protein	AF-A0A090PBH1-F1-model_v4	AF-A0A090PBH1-F1-model_v4 Histidine kinase	2.742E-01	0.254	42	1	138	140	114	270	521	166	0.986	0.301
LOKIASV2_1460_ESMFold_hypothetical_protein	AF-A0A2S7MXY5-F1-model_v4	AF-A0A2S7MXY5-F1-model_v4 Histidine kinase	7.742E-01	0.254	42	6	127	140	77	180	589	133	0.871	0.177
LOKIASV2_1460_ESMFold_hypothetical_protein	AF-B6BGM8-F1-model_v4	AF-B6BGM8-F1-model_v4 Histidine kinase	2.409E-01	0.254	42	2	135	140	208	341	602	139	0.957	0.223
LOKIASV2_1460_ESMFold_hypothetical_protein	AF-A0A5R8XXK1-F1-model_v4	AF-A0A5R8XXK1-F1-model_v4 Histidine kinase	4.917E-01	0.254	42	1	138	140	209	346	721	142	0.986	0.191
LOKIASV2_1460_ESMFold_hypothetical_protein	AF-A0A1C0VIH6-F1-model_v4	AF-A0A1C0VIH6-F1-model_v4 Histidine kinase domain-containing protein	1.686E+00	0.254	42	7	139	140	236	354	806	136	0.950	0.148
LOKIASV2_1460_ESMFold_hypothetical_protein	AF-A0A2M7JL12-F1-model_v4	AF-A0A2M7JL12-F1-model_v4 Nitrogen regulation protein B	1.143E+00	0.233	41	2	138	140	201	335	569	155	0.979	0.237
LOKIASV2_1460_ESMFold_hypothetical_protein	AF-N2A8W6-F1-model_v4	AF-N2A8W6-F1-model_v4 HAMP domain-containing protein	1.388E+00	0.233	41	1	138	140	200	366	589	173	0.986	0.284
LOKIASV2_1460_ESMFold_hypothetical_protein	AF-A0A7R6ZY25-F1-model_v4	AF-A0A7R6ZY25-F1-model_v4 Uncharacterized protein	2.926E-01	0.233	41	1	140	140	197	346	622	158	1.000	0.241
LOKIASV2_1460_ESMFold_hypothetical_protein	AF-A0A5M6IZM2-F1-model_v4	AF-A0A5M6IZM2-F1-model_v4 Histidine kinase	1.143E+00	0.214	40	6	138	140	217	345	734	143	0.950	0.176
LOKIASV2_1460_ESMFold_hypothetical_protein	AF-A0A5R8Y3U1-F1-model_v4	AF-A0A5R8Y3U1-F1-model_v4 Histidine kinase	4.608E-01	0.196	39	4	138	140	209	337	694	140	0.964	0.186
LOKIASV2_1460_ESMFold_hypothetical_protein	AF-A0A345J2V3-F1-model_v4	AF-A0A345J2V3-F1-model_v4 Histidine kinase	4.608E-01	0.196	39	5	139	140	206	346	853	144	0.964	0.165
LOKIASV2_1460_ESMFold_hypothetical_protein	AF-A0A2N6DEQ3-F1-model_v4	AF-A0A2N6DEQ3-F1-model_v4 GGDEF domain-containing protein	7.742E-01	0.164	37	2	138	140	27	157	327	140	0.979	0.401
LOKIASV2_1460_ESMFold_hypothetical_protein	AF-A0A5C8BMU6-F1-model_v4	AF-A0A5C8BMU6-F1-model_v4 Uncharacterized protein	1.686E+00	0.150	36	1	138	140	192	334	353	152	0.986	0.405
LOKIASV2_1460_ESMFold_hypothetical_protein	AF-H1FUQ0-F1-model_v4	AF-H1FUQ0-F1-model_v4 Diguanylate cyclase with PAS/PAC sensor	7.742E-01	0.150	36	4	140	140	186	318	603	149	0.979	0.221
LOKIASV2_1460_ESMFold_hypothetical_protein	AF-A0A521HZX1-F1-model_v4	AF-A0A521HZX1-F1-model_v4 GAF domain-containing protein	2.332E+00	0.138	35	6	133	140	423	539	945	135	0.914	0.124
LOKIASV2_1460_ESMFold_hypothetical_protein	AF-A0A354UB69-F1-model_v4	AF-A0A354UB69-F1-model_v4 Histidine kinase	1.004E+00	0.126	34	4	134	140	74	192	395	131	0.936	0.301
LOKIASV2_1460_ESMFold_hypothetical_protein	AF-A0A496V9I7-F1-model_v4	AF-A0A496V9I7-F1-model_v4 Histidine kinase	9.405E-01	0.126	34	5	138	140	110	244	699	143	0.957	0.193
LOKIASV2_1460_ESMFold_hypothetical_protein	AF-A0A8A3PZH1-F1-model_v4	AF-A0A8A3PZH1-F1-model_v4 HAMP domain-containing protein	3.672E+00	0.116	33	6	135	140	78	206	481	135	0.929	0.268
LOKIASV2_1460_ESMFold_hypothetical_protein	AF-A0A7R9DGC1-F1-model_v4	AF-A0A7R9DGC1-F1-model_v4 Hypothetical protein	2.332E+00	0.098	31	20	138	140	28	147	280	127	0.850	0.429
LOKIASV2_1460_ESMFold_hypothetical_protein	AF-A0A809WN17-F1-model_v4	AF-A0A809WN17-F1-model_v4 Uncharacterized protein	4.461E+00	0.069	27	19	136	140	241	335	621	118	0.843	0.153
LOKIASV2_1460_ESMFold_hypothetical_protein	AF-A0A1W9WXN5-F1-model_v4	AF-A0A1W9WXN5-F1-model_v4 Histidine kinase	4.181E+00	0.069	27	3	138	140	241	375	830	152	0.971	0.163
LOKIASV2_1460_ESMFold_hypothetical_protein	AF-A0A0K0DJJ0-F1-model_v4	AF-A0A0K0DJJ0-F1-model_v4 LEM domain-containing protein	2.332E+00	0.057	25	23	136	140	175	302	390	133	0.814	0.328
LOKIASV2_1460_ESMFold_hypothetical_protein	AF-Q9HFE5-F1-model_v4	AF-Q9HFE5-F1-model_v4 AP-1 complex subunit mu-1	1.414E-05	1.000	168	4	127	140	2	115	426	124	0.886	0.268
LOKIASV2_1460_ESMFold_hypothetical_protein	AF-Q54UU1-F1-model_v4	AF-Q54UU1-F1-model_v4 Trafficking protein particle complex subunit 4	3.507E-05	1.000	167	2	97	140	1	103	135	107	0.686	0.763
LOKIASV2_1460_ESMFold_hypothetical_protein	AF-O43032-F1-model_v4	AF-O43032-F1-model_v4 Signal recognition particle receptor subunit alpha homolog	2.087E-05	1.000	166	4	135	140	2	126	547	134	0.943	0.229
LOKIASV2_1460_ESMFold_hypothetical_protein	AF-P54672-F1-model_v4	AF-P54672-F1-model_v4 AP-2 complex subunit mu	1.414E-05	1.000	165	4	108	140	2	104	439	109	0.750	0.235
LOKIASV2_1460_ESMFold_hypothetical_protein	AF-Q9GPF1-F1-model_v4	AF-Q9GPF1-F1-model_v4 AP-3 complex subunit mu	2.227E-05	1.000	163	4	126	140	2	115	421	126	0.879	0.271
LOKIASV2_1460_ESMFold_hypothetical_protein	AF-Q9JKC7-F1-model_v4	AF-Q9JKC7-F1-model_v4 AP-4 complex subunit mu-1	9.280E-05	1.000	163	4	95	140	2	89	449	92	0.657	0.196
LOKIASV2_1460_ESMFold_hypothetical_protein	AF-Q3UYI6-F1-model_v4	AF-Q3UYI6-F1-model_v4 Protein fuzzy homolog	4.261E-05	1.000	162	6	123	140	11	136	415	130	0.843	0.304
LOKIASV2_1460_ESMFold_hypothetical_protein	AF-E2RED8-F1-model_v4	AF-E2RED8-F1-model_v4 AP-4 complex subunit mu-1	6.709E-05	1.000	162	4	105	140	2	102	452	105	0.729	0.223
LOKIASV2_1460_ESMFold_hypothetical_protein	AF-Q9BT04-F1-model_v4	AF-Q9BT04-F1-model_v4 Protein fuzzy homolog	5.523E-05	1.000	160	6	123	140	11	136	418	130	0.843	0.301
LOKIASV2_1460_ESMFold_hypothetical_protein	AF-Q2PWT8-F1-model_v4	AF-Q2PWT8-F1-model_v4 AP-4 complex subunit mu-1	7.639E-05	1.000	160	4	105	140	2	102	453	105	0.729	0.223
LOKIASV2_1460_ESMFold_hypothetical_protein	AF-Q3B756-F1-model_v4	AF-Q3B756-F1-model_v4 Protein fuzzy homolog	4.546E-05	1.000	159	6	119	140	11	132	415	126	0.814	0.294
LOKIASV2_1460_ESMFold_hypothetical_protein	AF-P35585-F1-model_v4	AF-P35585-F1-model_v4 AP-1 complex subunit mu-1	3.742E-05	1.000	158	2	127	140	1	115	423	126	0.900	0.272
LOKIASV2_1460_ESMFold_hypothetical_protein	AF-Q29RY8-F1-model_v4	AF-Q29RY8-F1-model_v4 AP-4 complex subunit mu-1	9.280E-05	1.000	158	4	105	140	2	102	452	105	0.729	0.223
LOKIASV2_1460_ESMFold_hypothetical_protein	AF-O00189-F1-model_v4	AF-O00189-F1-model_v4 AP-4 complex subunit mu-1	1.203E-04	1.000	156	4	105	140	2	102	453	105	0.729	0.223
LOKIASV2_1460_ESMFold_hypothetical_protein	AF-Q7L1V2-F1-model_v4	AF-Q7L1V2-F1-model_v4 Vacuolar fusion protein MON1 homolog B	1.127E-04	1.000	153	2	130	140	107	237	547	136	0.921	0.239
LOKIASV2_1460_ESMFold_hypothetical_protein	AF-Q0U822-F1-model_v4	AF-Q0U822-F1-model_v4 Vacuolar fusion protein MON1	1.894E-04	1.000	153	4	120	140	196	314	722	123	0.836	0.165
LOKIASV2_1460_ESMFold_hypothetical_protein	AF-Q32Q06-F1-model_v4	AF-Q32Q06-F1-model_v4 AP-1 complex subunit mu-1	7.159E-05	1.000	152	2	108	140	1	107	423	111	0.764	0.253
LOKIASV2_1460_ESMFold_hypothetical_protein	AF-Q9SAC9-F1-model_v4	AF-Q9SAC9-F1-model_v4 AP-1 complex subunit mu-1	1.057E-04	1.000	152	3	108	140	4	110	428	110	0.757	0.250
LOKIASV2_1460_ESMFold_hypothetical_protein	AF-Q4R4E4-F1-model_v4	AF-Q4R4E4-F1-model_v4 Vacuolar fusion protein MON1 homolog B	2.455E-04	1.000	152	6	77	140	111	178	547	72	0.514	0.124
LOKIASV2_1460_ESMFold_hypothetical_protein	AF-A1CEH4-F1-model_v4	AF-A1CEH4-F1-model_v4 Vacuolar fusion protein mon1	1.559E-04	1.000	152	4	118	140	212	324	630	117	0.821	0.179
LOKIASV2_1460_ESMFold_hypothetical_protein	AF-F4I562-F1-model_v4	AF-F4I562-F1-model_v4 AP-3 complex subunit mu	5.893E-05	1.000	151	4	108	140	2	107	415	109	0.750	0.255
LOKIASV2_1460_ESMFold_hypothetical_protein	AF-Q8R2R9-F1-model_v4	AF-Q8R2R9-F1-model_v4 AP-3 complex subunit mu-2	9.280E-05	1.000	151	4	107	140	2	105	418	108	0.743	0.249
LOKIASV2_1460_ESMFold_hypothetical_protein	AF-Q9BXS5-F1-model_v4	AF-Q9BXS5-F1-model_v4 AP-1 complex subunit mu-1	8.697E-05	1.000	151	2	108	140	1	107	423	111	0.764	0.253
LOKIASV2_1460_ESMFold_hypothetical_protein	AF-Q9GPF0-F1-model_v4	AF-Q9GPF0-F1-model_v4 AP-4 complex subunit mu	9.280E-05	1.000	151	4	108	140	2	104	530	109	0.750	0.194
LOKIASV2_1460_ESMFold_hypothetical_protein	AF-P47795-F1-model_v4	AF-P47795-F1-model_v4 AP-1 complex subunit mu	8.697E-05	1.000	150	4	107	140	2	105	418	108	0.743	0.249
LOKIASV2_1460_ESMFold_hypothetical_protein	AF-Q3SYW1-F1-model_v4	AF-Q3SYW1-F1-model_v4 AP-1 complex subunit mu-2	6.709E-05	1.000	149	2	108	140	1	107	423	111	0.764	0.253
LOKIASV2_1460_ESMFold_hypothetical_protein	AF-Q9SB50-F1-model_v4	AF-Q9SB50-F1-model_v4 AP-4 complex subunit mu	1.203E-04	1.000	149	2	108	140	1	109	451	112	0.764	0.242
LOKIASV2_1460_ESMFold_hypothetical_protein	AF-Q54ZR7-F1-model_v4	AF-Q54ZR7-F1-model_v4 Signal recognition particle receptor subunit alpha	8.697E-05	1.000	149	4	135	140	2	134	615	139	0.943	0.216
LOKIASV2_1460_ESMFold_hypothetical_protein	AF-Q8SRD1-F1-model_v4	AF-Q8SRD1-F1-model_v4 Coatomer subunit zeta	8.151E-05	1.000	148	1	127	140	3	111	165	128	0.907	0.661
LOKIASV2_1460_ESMFold_hypothetical_protein	AF-P35602-F1-model_v4	AF-P35602-F1-model_v4 AP-1 complex subunit mu-1-I	9.902E-05	1.000	148	2	108	140	1	107	422	111	0.764	0.254
LOKIASV2_1460_ESMFold_hypothetical_protein	AF-Q8BMQ8-F1-model_v4	AF-Q8BMQ8-F1-model_v4 Vacuolar fusion protein MON1 homolog B	2.983E-04	1.000	148	2	127	140	113	240	553	132	0.900	0.231
LOKIASV2_1460_ESMFold_hypothetical_protein	AF-P53677-F1-model_v4	AF-P53677-F1-model_v4 AP-3 complex subunit mu-2	1.283E-04	1.000	147	4	107	140	2	105	418	108	0.743	0.249
LOKIASV2_1460_ESMFold_hypothetical_protein	AF-Q2KJ81-F1-model_v4	AF-Q2KJ81-F1-model_v4 AP-1 complex subunit mu-1	6.709E-05	1.000	147	2	127	140	1	115	423	126	0.900	0.272
LOKIASV2_1460_ESMFold_hypothetical_protein	AF-Q10150-F1-model_v4	AF-Q10150-F1-model_v4 Vacuolar fusion protein mon1	3.396E-04	1.000	146	6	79	140	115	184	513	74	0.529	0.136
LOKIASV2_1460_ESMFold_hypothetical_protein	AF-Q9Y6Q5-F1-model_v4	AF-Q9Y6Q5-F1-model_v4 AP-1 complex subunit mu-2	1.127E-04	1.000	144	2	108	140	1	107	423	111	0.764	0.253
LOKIASV2_1460_ESMFold_hypothetical_protein	AF-Q2HFQ4-F1-model_v4	AF-Q2HFQ4-F1-model_v4 Vacuolar fusion protein MON1	5.706E-04	1.000	144	6	96	140	193	279	656	92	0.650	0.133
LOKIASV2_1460_ESMFold_hypothetical_protein	AF-Q2HZX7-F1-model_v4	AF-Q2HZX7-F1-model_v4 Protein fuzzy homolog	2.455E-04	1.000	143	1	124	140	1	129	418	134	0.886	0.309
LOKIASV2_1460_ESMFold_hypothetical_protein	AF-Q54HS9-F1-model_v4	AF-Q54HS9-F1-model_v4 AP-1 complex subunit mu	7.159E-05	1.000	143	2	126	140	1	113	428	125	0.893	0.264
LOKIASV2_1460_ESMFold_hypothetical_protein	AF-A7S6M8-F1-model_v4	AF-A7S6M8-F1-model_v4 Ragulator complex protein LAMTOR4 homolog	2.157E-04	1.000	141	1	81	140	11	94	95	88	0.579	0.884
LOKIASV2_1460_ESMFold_hypothetical_protein	AF-Q2KMM2-F1-model_v4	AF-Q2KMM2-F1-model_v4 Trafficking protein particle complex subunit 1	8.151E-05	1.000	141	2	98	140	1	107	145	112	0.693	0.738
LOKIASV2_1460_ESMFold_hypothetical_protein	AF-Q9YGN1-F1-model_v4	AF-Q9YGN1-F1-model_v4 Protein SAND	4.697E-04	1.000	141	6	128	140	122	246	520	130	0.879	0.240
LOKIASV2_1460_ESMFold_hypothetical_protein	AF-Q9SKN1-F1-model_v4	AF-Q9SKN1-F1-model_v4 Vacuolar fusion protein MON1 homolog	5.706E-04	1.000	141	6	111	140	182	283	607	107	0.757	0.168
LOKIASV2_1460_ESMFold_hypothetical_protein	AF-Q2ULR1-F1-model_v4	AF-Q2ULR1-F1-model_v4 Vacuolar fusion protein mon1	5.012E-04	1.000	141	2	113	140	208	316	628	113	0.800	0.174
LOKIASV2_1460_ESMFold_hypothetical_protein	AF-Q86VX9-F1-model_v4	AF-Q86VX9-F1-model_v4 Vacuolar fusion protein MON1 homolog A	4.125E-04	1.000	141	2	96	140	250	340	652	96	0.679	0.140
LOKIASV2_1460_ESMFold_hypothetical_protein	AF-Q4WHL1-F1-model_v4	AF-Q4WHL1-F1-model_v4 Vacuolar fusion protein mon1	4.125E-04	1.000	140	2	118	140	213	327	621	119	0.836	0.185
LOKIASV2_1460_ESMFold_hypothetical_protein	AF-Q9WVP1-F1-model_v4	AF-Q9WVP1-F1-model_v4 AP-1 complex subunit mu-2	1.894E-04	1.000	139	2	108	140	1	107	423	111	0.764	0.253
LOKIASV2_1460_ESMFold_hypothetical_protein	AF-O23140-F1-model_v4	AF-O23140-F1-model_v4 AP-2 complex subunit mu	1.894E-04	1.000	139	3	102	140	4	98	438	100	0.714	0.217
LOKIASV2_1460_ESMFold_hypothetical_protein	AF-Q09718-F1-model_v4	AF-Q09718-F1-model_v4 AP-2 complex subunit mu	3.183E-04	1.000	138	4	105	140	2	100	446	105	0.729	0.222
LOKIASV2_1460_ESMFold_hypothetical_protein	AF-Q5BBI7-F1-model_v4	AF-Q5BBI7-F1-model_v4 Vacuolar fusion protein mon1	6.496E-04	1.000	138	2	127	140	230	357	614	132	0.900	0.208
LOKIASV2_1460_ESMFold_hypothetical_protein	AF-P08240-F1-model_v4	AF-P08240-F1-model_v4 Signal recognition particle receptor subunit alpha	9.902E-05	1.000	138	4	139	140	2	130	638	140	0.971	0.202
LOKIASV2_1460_ESMFold_hypothetical_protein	AF-P53678-F1-model_v4	AF-P53678-F1-model_v4 AP-3 complex subunit mu-2	3.623E-04	1.000	137	4	107	140	2	105	418	108	0.743	0.249
LOKIASV2_1460_ESMFold_hypothetical_protein	AF-Q0CJY1-F1-model_v4	AF-Q0CJY1-F1-model_v4 Vacuolar fusion protein mon1	8.420E-04	1.000	137	4	114	140	212	319	556	112	0.793	0.194
LOKIASV2_1460_ESMFold_hypothetical_protein	AF-Q4I6S5-F1-model_v4	AF-Q4I6S5-F1-model_v4 Vacuolar fusion protein MON1	1.326E-03	1.000	137	4	96	140	180	268	601	93	0.664	0.148
LOKIASV2_1460_ESMFold_hypothetical_protein	AF-Q9DBG7-F1-model_v4	AF-Q9DBG7-F1-model_v4 Signal recognition particle receptor subunit alpha	2.301E-04	1.000	137	4	132	140	2	130	636	136	0.921	0.203
LOKIASV2_1460_ESMFold_hypothetical_protein	AF-Q3MHE8-F1-model_v4	AF-Q3MHE8-F1-model_v4 Signal recognition particle receptor subunit alpha	2.301E-04	1.000	137	4	132	140	2	130	639	136	0.921	0.202
LOKIASV2_1460_ESMFold_hypothetical_protein	AF-Q17QI1-F1-model_v4	AF-Q17QI1-F1-model_v4 Trafficking protein particle complex subunit 1	1.461E-04	1.000	136	2	98	140	1	107	145	112	0.693	0.738
LOKIASV2_1460_ESMFold_hypothetical_protein	AF-O22715-F1-model_v4	AF-O22715-F1-model_v4 AP-1 complex subunit mu-2	2.455E-04	1.000	136	3	108	140	4	110	428	111	0.757	0.250
LOKIASV2_1460_ESMFold_hypothetical_protein	AF-Q95KG9-F1-model_v4	AF-Q95KG9-F1-model_v4 Vacuolar fusion protein MON1 homolog A	6.931E-04	1.000	136	2	96	140	153	243	555	96	0.679	0.164
LOKIASV2_1460_ESMFold_hypothetical_protein	AF-Q5JL08-F1-model_v4	AF-Q5JL08-F1-model_v4 Vacuolar fusion protein MON1 homolog	3.183E-04	1.000	136	4	117	140	136	250	567	123	0.814	0.203
LOKIASV2_1460_ESMFold_hypothetical_protein	AF-Q6FU19-F1-model_v4	AF-Q6FU19-F1-model_v4 Vacuolar fusion protein MON1	1.203E-04	1.000	136	6	116	140	142	263	597	127	0.793	0.204
LOKIASV2_1460_ESMFold_hypothetical_protein	AF-Q5A723-F1-model_v4	AF-Q5A723-F1-model_v4 Vacuolar fusion protein MON1	2.088E-03	1.000	135	4	96	140	141	232	565	95	0.664	0.163
LOKIASV2_1460_ESMFold_hypothetical_protein	AF-Q9P299-F1-model_v4	AF-Q9P299-F1-model_v4 Coatomer subunit zeta-2	1.956E-05	1.000	134	3	136	140	45	208	210	169	0.957	0.781
LOKIASV2_1460_ESMFold_hypothetical_protein	AF-P06625-F1-model_v4	AF-P06625-F1-model_v4 Signal recognition particle receptor subunit alpha	2.455E-04	1.000	134	4	132	140	2	130	638	137	0.921	0.202
LOKIASV2_1460_ESMFold_hypothetical_protein	AF-Q7ZXB7-F1-model_v4	AF-Q7ZXB7-F1-model_v4 Ragulator complex protein LAMTOR2-B	9.902E-05	1.000	133	3	98	140	18	121	125	107	0.686	0.832
LOKIASV2_1460_ESMFold_hypothetical_protein	AF-Q9Y587-F1-model_v4	AF-Q9Y587-F1-model_v4 AP-4 complex subunit sigma-1	2.455E-04	1.000	133	4	109	140	2	108	144	112	0.757	0.743
LOKIASV2_1460_ESMFold_hypothetical_protein	AF-Q5NCF2-F1-model_v4	AF-Q5NCF2-F1-model_v4 Trafficking protein particle complex subunit 1	2.021E-04	1.000	133	2	98	140	1	107	145	112	0.693	0.738
LOKIASV2_1460_ESMFold_hypothetical_protein	AF-Q57627-F1-model_v4	AF-Q57627-F1-model_v4 Uncharacterized protein MJ0163	2.301E-04	1.000	133	3	108	140	73	177	187	112	0.757	0.561
LOKIASV2_1460_ESMFold_hypothetical_protein	AF-Q9UHA4-F1-model_v4	AF-Q9UHA4-F1-model_v4 Ragulator complex protein LAMTOR3	2.620E-04	1.000	132	2	98	140	17	116	124	105	0.693	0.806
LOKIASV2_1460_ESMFold_hypothetical_protein	AF-Q4SSF5-F1-model_v4	AF-Q4SSF5-F1-model_v4 Ragulator complex protein LAMTOR3	2.301E-04	1.000	132	2	98	140	17	116	124	104	0.693	0.806
LOKIASV2_1460_ESMFold_hypothetical_protein	AF-Q9JHS3-F1-model_v4	AF-Q9JHS3-F1-model_v4 Ragulator complex protein LAMTOR2	1.461E-04	1.000	132	3	91	140	18	113	125	99	0.636	0.768
LOKIASV2_1460_ESMFold_hypothetical_protein	AF-B5X7X4-F1-model_v4	AF-B5X7X4-F1-model_v4 Ragulator complex protein LAMTOR2	1.559E-04	1.000	132	3	89	140	18	111	125	97	0.621	0.752
LOKIASV2_1460_ESMFold_hypothetical_protein	AF-Q6CCU8-F1-model_v4	AF-Q6CCU8-F1-model_v4 Vacuolar fusion protein MON1	1.415E-03	1.000	132	6	127	140	139	264	543	129	0.871	0.232
LOKIASV2_1460_ESMFold_hypothetical_protein	AF-Q17QV2-F1-model_v4	AF-Q17QV2-F1-model_v4 Vacuolar fusion protein MON1 homolog A	8.420E-04	1.000	132	6	122	140	157	274	555	122	0.836	0.213
LOKIASV2_1460_ESMFold_hypothetical_protein	AF-B5G0G8-F1-model_v4	AF-B5G0G8-F1-model_v4 Ragulator complex protein LAMTOR3	2.983E-04	1.000	131	2	98	140	17	116	124	105	0.693	0.806
LOKIASV2_1460_ESMFold_hypothetical_protein	AF-Q9P7N2-F1-model_v4	AF-Q9P7N2-F1-model_v4 AP-1 complex subunit sigma-1	4.546E-05	1.000	131	2	138	140	1	161	162	164	0.979	0.994
LOKIASV2_1460_ESMFold_hypothetical_protein	AF-O94669-F1-model_v4	AF-O94669-F1-model_v4 AP-3 complex subunit mu	9.902E-05	1.000	131	1	126	140	1	116	425	127	0.900	0.273
LOKIASV2_1460_ESMFold_hypothetical_protein	AF-O88653-F1-model_v4	AF-O88653-F1-model_v4 Ragulator complex protein LAMTOR3	3.623E-04	1.000	130	2	98	140	17	116	124	104	0.693	0.806
LOKIASV2_1460_ESMFold_hypothetical_protein	AF-Q9JHH9-F1-model_v4	AF-Q9JHH9-F1-model_v4 Coatomer subunit zeta-2	3.742E-05	1.000	130	3	138	140	40	194	205	160	0.971	0.756
LOKIASV2_1460_ESMFold_hypothetical_protein	AF-P53676-F1-model_v4	AF-P53676-F1-model_v4 AP-3 complex subunit mu-1	6.931E-04	1.000	130	4	107	140	2	105	418	108	0.743	0.249
LOKIASV2_1460_ESMFold_hypothetical_protein	AF-Q00776-F1-model_v4	AF-Q00776-F1-model_v4 AP-1 complex subunit mu-1-I	6.088E-04	1.000	130	4	108	140	2	108	475	110	0.750	0.225
LOKIASV2_1460_ESMFold_hypothetical_protein	AF-Q7T0V2-F1-model_v4	AF-Q7T0V2-F1-model_v4 Ragulator complex protein LAMTOR3-A	4.402E-04	1.000	129	2	98	140	17	116	123	103	0.693	0.813
LOKIASV2_1460_ESMFold_hypothetical_protein	AF-Q870Q4-F1-model_v4	AF-Q870Q4-F1-model_v4 Vacuolar fusion protein mon1	1.719E-03	1.000	129	6	118	140	211	325	678	119	0.807	0.170
LOKIASV2_1460_ESMFold_hypothetical_protein	AF-Q503S6-F1-model_v4	AF-Q503S6-F1-model_v4 Ragulator complex protein LAMTOR3	4.697E-04	1.000	128	2	98	140	17	116	124	104	0.693	0.806
LOKIASV2_1460_ESMFold_hypothetical_protein	AF-Q6DEG4-F1-model_v4	AF-Q6DEG4-F1-model_v4 Ragulator complex protein LAMTOR2	2.620E-04	1.000	128	3	91	140	18	113	125	99	0.636	0.768
LOKIASV2_1460_ESMFold_hypothetical_protein	AF-B5FYY5-F1-model_v4	AF-B5FYY5-F1-model_v4 Ragulator complex protein LAMTOR2	2.455E-04	1.000	127	3	91	140	18	113	125	99	0.636	0.768
LOKIASV2_1460_ESMFold_hypothetical_protein	AF-Q6DF40-F1-model_v4	AF-Q6DF40-F1-model_v4 Ragulator complex protein LAMTOR2	1.775E-04	1.000	127	3	98	140	18	121	125	107	0.686	0.832
LOKIASV2_1460_ESMFold_hypothetical_protein	AF-O43041-F1-model_v4	AF-O43041-F1-model_v4 Transport protein particle subunit trs23	1.611E-03	1.000	127	4	98	140	1	102	132	106	0.679	0.773
LOKIASV2_1460_ESMFold_hypothetical_protein	AF-Q96PC3-F1-model_v4	AF-Q96PC3-F1-model_v4 AP-1 complex subunit sigma-3	8.697E-05	1.000	127	4	140	140	2	154	154	156	0.979	0.994
LOKIASV2_1460_ESMFold_hypothetical_protein	AF-P53129-F1-model_v4	AF-P53129-F1-model_v4 Vacuolar fusion protein MON1	1.326E-03	1.000	127	6	77	140	183	253	644	75	0.514	0.110
LOKIASV2_1460_ESMFold_hypothetical_protein	AF-Q5U204-F1-model_v4	AF-Q5U204-F1-model_v4 Ragulator complex protein LAMTOR3	5.347E-04	1.000	126	2	98	140	17	116	124	104	0.693	0.806
LOKIASV2_1460_ESMFold_hypothetical_protein	AF-Q1E8Q5-F1-model_v4	AF-Q1E8Q5-F1-model_v4 Vacuolar fusion protein MON1	1.834E-03	1.000	126	4	118	140	223	339	640	121	0.821	0.183
LOKIASV2_1460_ESMFold_hypothetical_protein	AF-Q6Y228-F1-model_v4	AF-Q6Y228-F1-model_v4 Ragulator complex protein LAMTOR3	1.664E-04	1.000	125	2	98	140	17	119	124	107	0.693	0.831
LOKIASV2_1460_ESMFold_hypothetical_protein	AF-Q17QQ1-F1-model_v4	AF-Q17QQ1-F1-model_v4 Ragulator complex protein LAMTOR3	6.088E-04	1.000	125	2	98	140	17	116	124	104	0.693	0.806
LOKIASV2_1460_ESMFold_hypothetical_protein	AF-Q5ZIP2-F1-model_v4	AF-Q5ZIP2-F1-model_v4 Ragulator complex protein LAMTOR3	5.347E-04	1.000	125	2	98	140	17	116	124	103	0.693	0.806
LOKIASV2_1460_ESMFold_hypothetical_protein	AF-B4F6Y3-F1-model_v4	AF-B4F6Y3-F1-model_v4 Ragulator complex protein LAMTOR3	5.706E-04	1.000	125	2	98	140	17	116	124	105	0.693	0.806
LOKIASV2_1460_ESMFold_hypothetical_protein	AF-Q9Y2Q5-F1-model_v4	AF-Q9Y2Q5-F1-model_v4 Ragulator complex protein LAMTOR2	3.866E-04	1.000	125	3	91	140	18	113	125	99	0.636	0.768
LOKIASV2_1460_ESMFold_hypothetical_protein	AF-Q63ZJ2-F1-model_v4	AF-Q63ZJ2-F1-model_v4 Ragulator complex protein LAMTOR2-A	2.620E-04	1.000	125	3	98	140	18	121	125	107	0.686	0.832
LOKIASV2_1460_ESMFold_hypothetical_protein	AF-Q5ZMP7-F1-model_v4	AF-Q5ZMP7-F1-model_v4 AP-3 complex subunit mu-1	1.091E-03	1.000	125	4	107	140	2	105	418	108	0.743	0.249
LOKIASV2_1460_ESMFold_hypothetical_protein	AF-P35603-F1-model_v4	AF-P35603-F1-model_v4 AP-2 complex subunit mu	4.125E-04	1.000	125	4	107	140	2	103	441	109	0.743	0.231
LOKIASV2_1460_ESMFold_hypothetical_protein	AF-Q93Y22-F1-model_v4	AF-Q93Y22-F1-model_v4 Coatomer subunit delta	5.347E-04	1.000	125	2	128	140	1	115	527	128	0.907	0.218
LOKIASV2_1460_ESMFold_hypothetical_protein	AF-Q6PDG8-F1-model_v4	AF-Q6PDG8-F1-model_v4 Vacuolar fusion protein MON1 homolog A	1.023E-03	1.000	125	2	119	140	154	272	556	124	0.843	0.214
LOKIASV2_1460_ESMFold_hypothetical_protein	AF-Q9Y2T2-F1-model_v4	AF-Q9Y2T2-F1-model_v4 AP-3 complex subunit mu-1	1.243E-03	1.000	124	4	107	140	2	105	418	108	0.743	0.249
LOKIASV2_1460_ESMFold_hypothetical_protein	AF-O29042-F1-model_v4	AF-O29042-F1-model_v4 Uncharacterized protein AF_1226	1.611E-03	1.000	123	4	100	140	77	168	168	98	0.693	0.548
LOKIASV2_1460_ESMFold_hypothetical_protein	AF-Q9JKC8-F1-model_v4	AF-Q9JKC8-F1-model_v4 AP-3 complex subunit mu-1	1.326E-03	1.000	123	4	107	140	2	105	418	108	0.743	0.249
LOKIASV2_1460_ESMFold_hypothetical_protein	AF-Q55EZ6-F1-model_v4	AF-Q55EZ6-F1-model_v4 Coatomer subunit delta	3.623E-04	1.000	123	2	139	140	1	156	540	163	0.986	0.289
LOKIASV2_1460_ESMFold_hypothetical_protein	AF-Q7TN05-F1-model_v4	AF-Q7TN05-F1-model_v4 AP-1 complex subunit sigma-3	9.902E-05	1.000	122	4	132	140	2	149	154	151	0.921	0.961
LOKIASV2_1460_ESMFold_hypothetical_protein	AF-O23685-F1-model_v4	AF-O23685-F1-model_v4 AP-1 complex subunit sigma-2	8.151E-05	1.000	122	4	139	140	2	156	162	161	0.971	0.957
LOKIASV2_1460_ESMFold_hypothetical_protein	AF-Q5R3Z6-F1-model_v4	AF-Q5R3Z6-F1-model_v4 Ragulator complex protein LAMTOR3	8.420E-04	1.000	121	2	98	140	17	116	124	105	0.693	0.806
LOKIASV2_1460_ESMFold_hypothetical_protein	AF-Q3T132-F1-model_v4	AF-Q3T132-F1-model_v4 Ragulator complex protein LAMTOR2	4.125E-04	1.000	121	3	98	140	18	121	125	107	0.686	0.832
LOKIASV2_1460_ESMFold_hypothetical_protein	AF-P84092-F1-model_v4	AF-P84092-F1-model_v4 AP-2 complex subunit mu	6.088E-04	1.000	120	4	107	140	2	103	435	109	0.743	0.234
LOKIASV2_1460_ESMFold_hypothetical_protein	AF-P84091-F1-model_v4	AF-P84091-F1-model_v4 AP-2 complex subunit mu	6.088E-04	1.000	120	4	107	140	2	103	435	109	0.743	0.234
LOKIASV2_1460_ESMFold_hypothetical_protein	AF-P0CO83-F1-model_v4	AF-P0CO83-F1-model_v4 Vacuolar fusion protein MON1	5.177E-03	1.000	120	6	77	140	217	286	620	73	0.514	0.113
LOKIASV2_1460_ESMFold_hypothetical_protein	AF-Q7T0T2-F1-model_v4	AF-Q7T0T2-F1-model_v4 Ragulator complex protein LAMTOR3-B	8.420E-04	1.000	119	3	98	140	18	116	123	103	0.686	0.805
LOKIASV2_1460_ESMFold_hypothetical_protein	AF-Q9WVL1-F1-model_v4	AF-Q9WVL1-F1-model_v4 AP-4 complex subunit sigma-1	2.021E-04	1.000	119	4	127	140	2	143	144	147	0.886	0.986
LOKIASV2_1460_ESMFold_hypothetical_protein	AF-Q03630-F1-model_v4	AF-Q03630-F1-model_v4 Trafficking protein particle complex subunit BET5	1.091E-03	1.000	119	2	101	140	1	116	159	120	0.714	0.730
LOKIASV2_1460_ESMFold_hypothetical_protein	AF-Q9SN26-F1-model_v4	AF-Q9SN26-F1-model_v4 Phytolongin Phyl1.1	1.165E-03	1.000	119	1	135	140	3	133	254	145	0.964	0.516
LOKIASV2_1460_ESMFold_hypothetical_protein	AF-Q4R706-F1-model_v4	AF-Q4R706-F1-model_v4 AP-2 complex subunit mu	6.931E-04	1.000	119	4	107	140	2	103	435	109	0.743	0.234
LOKIASV2_1460_ESMFold_hypothetical_protein	AF-Q5RA77-F1-model_v4	AF-Q5RA77-F1-model_v4 Coatomer subunit delta	2.620E-04	1.000	119	2	138	140	1	155	511	160	0.979	0.303
LOKIASV2_1460_ESMFold_hypothetical_protein	AF-Q24K11-F1-model_v4	AF-Q24K11-F1-model_v4 AP-3 complex subunit mu-1	2.228E-03	1.000	118	4	107	140	2	105	418	108	0.743	0.249
LOKIASV2_1460_ESMFold_hypothetical_protein	AF-Q3ZC13-F1-model_v4	AF-Q3ZC13-F1-model_v4 AP-2 complex subunit mu	7.396E-04	1.000	118	4	107	140	2	103	435	109	0.743	0.234
LOKIASV2_1460_ESMFold_hypothetical_protein	AF-P0CO82-F1-model_v4	AF-P0CO82-F1-model_v4 Vacuolar fusion protein MON1	7.161E-03	1.000	118	6	77	140	216	285	619	73	0.514	0.113
LOKIASV2_1460_ESMFold_hypothetical_protein	AF-O43504-F1-model_v4	AF-O43504-F1-model_v4 Ragulator complex protein LAMTOR5	1.023E-03	1.000	117	2	76	140	16	88	91	79	0.536	0.802
LOKIASV2_1460_ESMFold_hypothetical_protein	AF-Q57759-F1-model_v4	AF-Q57759-F1-model_v4 Uncharacterized protein MJ0311	1.775E-04	1.000	117	1	98	140	13	107	110	104	0.700	0.864
LOKIASV2_1460_ESMFold_hypothetical_protein	AF-Q9Y5R8-F1-model_v4	AF-Q9Y5R8-F1-model_v4 Trafficking protein particle complex subunit 1	1.243E-03	1.000	117	2	98	140	1	107	145	112	0.693	0.738
LOKIASV2_1460_ESMFold_hypothetical_protein	AF-P32613-F1-model_v4	AF-P32613-F1-model_v4 TRAPP-associated protein TCA17	3.183E-04	1.000	117	3	126	140	4	145	152	145	0.886	0.934
LOKIASV2_1460_ESMFold_hypothetical_protein	AF-Q801Q8-F1-model_v4	AF-Q801Q8-F1-model_v4 AP-2 complex subunit mu	8.420E-04	1.000	117	4	107	140	2	103	435	109	0.743	0.234
LOKIASV2_1460_ESMFold_hypothetical_protein	AF-Q6NWK2-F1-model_v4	AF-Q6NWK2-F1-model_v4 AP-2 complex subunit mu-A	8.420E-04	1.000	117	4	107	140	2	103	436	109	0.743	0.234
LOKIASV2_1460_ESMFold_hypothetical_protein	AF-Q66H80-F1-model_v4	AF-Q66H80-F1-model_v4 Coatomer subunit delta	4.697E-04	1.000	117	2	138	140	1	155	511	162	0.979	0.303
LOKIASV2_1460_ESMFold_hypothetical_protein	AF-Q66X52-F1-model_v4	AF-Q66X52-F1-model_v4 Ragulator complex protein LAMTOR5	1.023E-03	1.000	116	2	76	140	16	88	91	79	0.536	0.802
LOKIASV2_1460_ESMFold_hypothetical_protein	AF-B0G185-F1-model_v4	AF-B0G185-F1-model_v4 AP-1 complex subunit sigma-2	1.127E-04	1.000	116	2	134	140	1	144	154	155	0.950	0.935
LOKIASV2_1460_ESMFold_hypothetical_protein	AF-Q54WW3-F1-model_v4	AF-Q54WW3-F1-model_v4 AP-1 complex subunit sigma-1	2.021E-04	1.000	116	4	135	140	2	149	156	153	0.943	0.949
LOKIASV2_1460_ESMFold_hypothetical_protein	AF-Q8LEZ8-F1-model_v4	AF-Q8LEZ8-F1-model_v4 AP-1 complex subunit sigma-1	1.775E-04	1.000	116	4	139	140	2	156	161	161	0.971	0.963
LOKIASV2_1460_ESMFold_hypothetical_protein	AF-Q5ZL57-F1-model_v4	AF-Q5ZL57-F1-model_v4 Coatomer subunit delta	3.866E-04	1.000	116	2	138	140	1	155	510	160	0.979	0.304
LOKIASV2_1460_ESMFold_hypothetical_protein	AF-P53619-F1-model_v4	AF-P53619-F1-model_v4 Coatomer subunit delta	3.623E-04	1.000	116	2	138	140	1	155	511	160	0.979	0.303
LOKIASV2_1460_ESMFold_hypothetical_protein	AF-Q9N2U6-F1-model_v4	AF-Q9N2U6-F1-model_v4 Ragulator complex protein LAMTOR2 homolog	2.536E-03	1.000	115	1	76	140	16	91	124	79	0.543	0.613
LOKIASV2_1460_ESMFold_hypothetical_protein	AF-P62743-F1-model_v4	AF-P62743-F1-model_v4 AP-2 complex subunit sigma	6.088E-04	1.000	115	4	113	140	2	111	142	116	0.786	0.775
LOKIASV2_1460_ESMFold_hypothetical_protein	AF-Q9UT70-F1-model_v4	AF-Q9UT70-F1-model_v4 Transport protein particle subunit bet5	1.091E-03	1.000	115	4	98	140	3	116	155	118	0.679	0.735
LOKIASV2_1460_ESMFold_hypothetical_protein	AF-Q5ZMP6-F1-model_v4	AF-Q5ZMP6-F1-model_v4 AP-2 complex subunit mu	7.396E-04	1.000	115	4	127	140	2	113	433	126	0.886	0.259
LOKIASV2_1460_ESMFold_hypothetical_protein	AF-Q7ZW98-F1-model_v4	AF-Q7ZW98-F1-model_v4 AP-2 complex subunit mu-B	8.985E-04	1.000	115	4	107	140	2	103	436	109	0.743	0.234
LOKIASV2_1460_ESMFold_hypothetical_protein	AF-Q99186-F1-model_v4	AF-Q99186-F1-model_v4 AP-2 complex subunit mu	3.866E-04	1.000	115	4	108	140	2	106	491	115	0.750	0.214
LOKIASV2_1460_ESMFold_hypothetical_protein	AF-A7RT29-F1-model_v4	AF-A7RT29-F1-model_v4 Ragulator complex protein LAMTOR5 homolog	1.091E-03	1.000	114	1	76	140	15	88	91	82	0.543	0.813
LOKIASV2_1460_ESMFold_hypothetical_protein	AF-P53680-F1-model_v4	AF-P53680-F1-model_v4 AP-2 complex subunit sigma	7.396E-04	1.000	114	4	113	140	2	111	142	116	0.786	0.775
LOKIASV2_1460_ESMFold_hypothetical_protein	AF-Q3ZBB6-F1-model_v4	AF-Q3ZBB6-F1-model_v4 AP-4 complex subunit sigma-1	3.623E-04	1.000	114	4	127	140	2	143	144	147	0.886	0.986
LOKIASV2_1460_ESMFold_hypothetical_protein	AF-Q3SZ68-F1-model_v4	AF-Q3SZ68-F1-model_v4 Ragulator complex protein LAMTOR5	1.611E-03	1.000	113	2	76	140	16	88	91	79	0.536	0.802
LOKIASV2_1460_ESMFold_hypothetical_protein	AF-O67683-F1-model_v4	AF-O67683-F1-model_v4 Uncharacterized protein aq_1822	1.091E-03	1.000	113	3	91	140	30	124	162	97	0.636	0.586
LOKIASV2_1460_ESMFold_hypothetical_protein	AF-Q96CW1-F1-model_v4	AF-Q96CW1-F1-model_v4 AP-2 complex subunit mu	9.587E-04	1.000	113	4	127	140	2	113	435	126	0.886	0.257
LOKIASV2_1460_ESMFold_hypothetical_protein	AF-Q09236-F1-model_v4	AF-Q09236-F1-model_v4 Probable coatomer subunit delta	2.620E-04	1.000	113	2	139	140	1	172	515	174	0.986	0.334
LOKIASV2_1460_ESMFold_hypothetical_protein	AF-Q17QC5-F1-model_v4	AF-Q17QC5-F1-model_v4 AP-2 complex subunit sigma	8.985E-04	1.000	112	4	113	140	2	111	142	116	0.786	0.775
LOKIASV2_1460_ESMFold_hypothetical_protein	AF-P43621-F1-model_v4	AF-P43621-F1-model_v4 Coatomer subunit delta	9.587E-04	1.000	112	2	139	140	1	155	546	159	0.986	0.284
LOKIASV2_1460_ESMFold_hypothetical_protein	AF-Q9U5L1-F1-model_v4	AF-Q9U5L1-F1-model_v4 Signal recognition particle receptor subunit alpha homolog	2.706E-03	1.000	112	4	133	140	2	125	614	134	0.929	0.202
LOKIASV2_1460_ESMFold_hypothetical_protein	AF-Q6C880-F1-model_v4	AF-Q6C880-F1-model_v4 Protein transport protein SEC22	1.719E-03	1.000	111	4	138	140	2	138	213	143	0.964	0.643
LOKIASV2_1460_ESMFold_hypothetical_protein	AF-A9UMU8-F1-model_v4	AF-A9UMU8-F1-model_v4 Ragulator complex protein LAMTOR4	9.587E-04	1.000	110	1	76	140	12	89	99	83	0.543	0.788
LOKIASV2_1460_ESMFold_hypothetical_protein	AF-Q9VZL6-F1-model_v4	AF-Q9VZL6-F1-model_v4 Ragulator complex protein LAMTOR4 homolog	1.957E-03	1.000	110	1	81	140	11	94	120	88	0.579	0.700
LOKIASV2_1460_ESMFold_hypothetical_protein	AF-Q5R5F2-F1-model_v4	AF-Q5R5F2-F1-model_v4 Coatomer subunit zeta-1	3.623E-04	1.000	110	3	136	140	12	175	177	169	0.957	0.927
LOKIASV2_1460_ESMFold_hypothetical_protein	AF-P48444-F1-model_v4	AF-P48444-F1-model_v4 Coatomer subunit delta	1.165E-03	1.000	110	2	138	140	1	157	511	164	0.979	0.307
LOKIASV2_1460_ESMFold_hypothetical_protein	AF-O50393-F1-model_v4	AF-O50393-F1-model_v4 Serine protease inhibitor Rv3364c	2.088E-03	1.000	109	1	98	140	21	127	130	108	0.700	0.823
LOKIASV2_1460_ESMFold_hypothetical_protein	AF-Q54NZ4-F1-model_v4	AF-Q54NZ4-F1-model_v4 AP-4 complex subunit sigma	5.706E-04	1.000	109	2	128	140	1	138	139	145	0.907	0.993
LOKIASV2_1460_ESMFold_hypothetical_protein	AF-Q54H39-F1-model_v4	AF-Q54H39-F1-model_v4 AP-2 complex subunit sigma	8.985E-04	1.000	109	4	127	140	2	140	142	146	0.886	0.979
LOKIASV2_1460_ESMFold_hypothetical_protein	AF-P35181-F1-model_v4	AF-P35181-F1-model_v4 AP-1 complex subunit sigma-1	3.623E-04	1.000	109	1	133	140	1	155	156	161	0.950	0.994
LOKIASV2_1460_ESMFold_hypothetical_protein	AF-Q4PM15-F1-model_v4	AF-Q4PM15-F1-model_v4 Ragulator complex protein LAMTOR5 homolog	3.743E-03	1.000	108	4	76	140	17	87	91	77	0.521	0.780
LOKIASV2_1460_ESMFold_hypothetical_protein	AF-A9UL91-F1-model_v4	AF-A9UL91-F1-model_v4 Ragulator complex protein LAMTOR5	2.377E-03	1.000	108	2	76	140	16	88	91	79	0.536	0.802
LOKIASV2_1460_ESMFold_hypothetical_protein	AF-Q58736-F1-model_v4	AF-Q58736-F1-model_v4 Uncharacterized protein MJ1340	2.888E-03	1.000	108	1	76	140	12	90	114	82	0.543	0.693
LOKIASV2_1460_ESMFold_hypothetical_protein	AF-P62744-F1-model_v4	AF-P62744-F1-model_v4 AP-2 complex subunit sigma	1.510E-03	1.000	108	4	113	140	2	111	142	116	0.786	0.775
LOKIASV2_1460_ESMFold_hypothetical_protein	AF-Q5R940-F1-model_v4	AF-Q5R940-F1-model_v4 AP-2 complex subunit sigma	1.415E-03	1.000	108	4	113	140	2	111	142	116	0.786	0.775
LOKIASV2_1460_ESMFold_hypothetical_protein	AF-O82201-F1-model_v4	AF-O82201-F1-model_v4 AP-4 complex subunit sigma	1.957E-03	1.000	108	2	109	140	1	109	143	116	0.771	0.762
LOKIASV2_1460_ESMFold_hypothetical_protein	AF-Q00381-F1-model_v4	AF-Q00381-F1-model_v4 AP-2 complex subunit sigma	2.888E-03	1.000	108	2	108	140	1	112	147	115	0.764	0.762
LOKIASV2_1460_ESMFold_hypothetical_protein	AF-Q9DB50-F1-model_v4	AF-Q9DB50-F1-model_v4 AP-1 complex subunit sigma-2	4.125E-04	1.000	108	4	139	140	1	153	160	159	0.971	0.956
LOKIASV2_1460_ESMFold_hypothetical_protein	AF-Q57758-F1-model_v4	AF-Q57758-F1-model_v4 Uncharacterized protein MJ0310	3.994E-03	1.000	107	1	76	140	12	90	114	82	0.543	0.693
LOKIASV2_1460_ESMFold_hypothetical_protein	AF-Q940S5-F1-model_v4	AF-Q940S5-F1-model_v4 Coatomer subunit zeta-1	3.288E-03	1.000	107	3	108	140	6	116	177	114	0.757	0.627
LOKIASV2_1460_ESMFold_hypothetical_protein	AF-Q2TBL9-F1-model_v4	AF-Q2TBL9-F1-model_v4 Trafficking protein particle complex subunit 4	8.699E-03	1.000	107	2	132	140	1	212	219	220	0.936	0.968
LOKIASV2_1460_ESMFold_hypothetical_protein	AF-Q750L8-F1-model_v4	AF-Q750L8-F1-model_v4 AP-3 complex subunit mu	2.088E-03	1.000	107	4	112	140	2	110	451	115	0.779	0.242
LOKIASV2_1460_ESMFold_hypothetical_protein	AF-Q9Y7L6-F1-model_v4	AF-Q9Y7L6-F1-model_v4 AP-2 complex subunit sigma	3.623E-04	1.000	106	4	124	140	2	142	143	147	0.864	0.986
LOKIASV2_1460_ESMFold_hypothetical_protein	AF-P61967-F1-model_v4	AF-P61967-F1-model_v4 AP-1 complex subunit sigma-1A	3.866E-04	1.000	106	4	140	140	2	158	158	164	0.979	0.994
LOKIASV2_1460_ESMFold_hypothetical_protein	AF-P61966-F1-model_v4	AF-P61966-F1-model_v4 AP-1 complex subunit sigma-1A	3.866E-04	1.000	106	4	140	140	2	158	158	164	0.979	0.994
LOKIASV2_1460_ESMFold_hypothetical_protein	AF-P35604-F1-model_v4	AF-P35604-F1-model_v4 Coatomer subunit zeta-1	6.088E-04	1.000	106	3	136	140	12	175	177	169	0.957	0.927
LOKIASV2_1460_ESMFold_hypothetical_protein	AF-P61923-F1-model_v4	AF-P61923-F1-model_v4 Coatomer subunit zeta-1	6.088E-04	1.000	106	3	136	140	12	175	177	169	0.957	0.927
LOKIASV2_1460_ESMFold_hypothetical_protein	AF-C0Z274-F1-model_v4	AF-C0Z274-F1-model_v4 Vacuolar fusion protein CCZ1 homolog B	3.743E-03	1.000	106	1	125	140	10	152	497	149	0.893	0.288
LOKIASV2_1460_ESMFold_hypothetical_protein	AF-Q86J23-F1-model_v4	AF-Q86J23-F1-model_v4 Ragulator complex protein LAMTOR3 homolog	6.496E-04	1.000	105	1	98	140	20	127	132	112	0.700	0.818
LOKIASV2_1460_ESMFold_hypothetical_protein	AF-Q7SAQ1-F1-model_v4	AF-Q7SAQ1-F1-model_v4 AP-2 complex subunit sigma	1.719E-03	1.000	105	4	127	140	2	141	143	146	0.886	0.979
LOKIASV2_1460_ESMFold_hypothetical_protein	AF-Q3ZBS3-F1-model_v4	AF-Q3ZBS3-F1-model_v4 AP-1 complex subunit sigma-2	5.706E-04	1.000	105	4	139	140	1	153	160	159	0.971	0.956
LOKIASV2_1460_ESMFold_hypothetical_protein	AF-P61924-F1-model_v4	AF-P61924-F1-model_v4 Coatomer subunit zeta-1	5.706E-04	1.000	105	3	123	140	12	126	177	126	0.864	0.650
LOKIASV2_1460_ESMFold_hypothetical_protein	AF-Q6Z844-F1-model_v4	AF-Q6Z844-F1-model_v4 Coatomer subunit zeta-2	3.994E-03	1.000	105	3	109	140	11	122	182	115	0.764	0.615
LOKIASV2_1460_ESMFold_hypothetical_protein	AF-Q6IRS2-F1-model_v4	AF-Q6IRS2-F1-model_v4 Ragulator complex protein LAMTOR5	3.743E-03	1.000	104	2	76	140	16	88	91	79	0.536	0.802
LOKIASV2_1460_ESMFold_hypothetical_protein	AF-Q9D1L9-F1-model_v4	AF-Q9D1L9-F1-model_v4 Ragulator complex protein LAMTOR5	6.290E-03	1.000	104	2	76	140	16	88	91	79	0.536	0.802
LOKIASV2_1460_ESMFold_hypothetical_protein	AF-Q553S2-F1-model_v4	AF-Q553S2-F1-model_v4 AP-3 complex subunit sigma	1.834E-03	1.000	103	4	139	140	2	163	171	168	0.971	0.947
LOKIASV2_1460_ESMFold_hypothetical_protein	AF-Q69BT7-F1-model_v4	AF-Q69BT7-F1-model_v4 Trafficking protein particle complex subunit 4	1.284E-02	1.000	103	2	131	140	1	211	219	219	0.929	0.963
LOKIASV2_1460_ESMFold_hypothetical_protein	AF-Q5XJY5-F1-model_v4	AF-Q5XJY5-F1-model_v4 Coatomer subunit delta	9.587E-04	1.000	103	4	138	140	3	171	511	176	0.964	0.331
LOKIASV2_1460_ESMFold_hypothetical_protein	AF-O29484-F1-model_v4	AF-O29484-F1-model_v4 Uncharacterized protein AF_0774	4.547E-03	1.000	102	1	85	140	15	99	110	89	0.607	0.773
LOKIASV2_1460_ESMFold_hypothetical_protein	AF-Q642F4-F1-model_v4	AF-Q642F4-F1-model_v4 Vesicle-trafficking protein SEC22a	5.895E-03	1.000	102	1	107	140	1	105	307	110	0.764	0.342
LOKIASV2_1460_ESMFold_hypothetical_protein	AF-F4I2S4-F1-model_v4	AF-F4I2S4-F1-model_v4 Vacuolar fusion protein CCZ1 homolog A	5.524E-03	1.000	102	6	114	140	12	139	515	131	0.779	0.249
LOKIASV2_1460_ESMFold_hypothetical_protein	AF-Q58124-F1-model_v4	AF-Q58124-F1-model_v4 Uncharacterized protein MJ0714	4.852E-03	1.000	101	1	91	140	16	113	118	101	0.650	0.831
LOKIASV2_1460_ESMFold_hypothetical_protein	AF-O50016-F1-model_v4	AF-O50016-F1-model_v4 AP-2 complex subunit sigma	2.088E-03	1.000	101	4	115	140	2	113	132	120	0.800	0.848
LOKIASV2_1460_ESMFold_hypothetical_protein	AF-Q1JQ98-F1-model_v4	AF-Q1JQ98-F1-model_v4 AP-1 complex subunit sigma-1A	7.396E-04	1.000	101	4	140	140	1	157	157	164	0.979	1.000
LOKIASV2_1460_ESMFold_hypothetical_protein	AF-Q5NA06-F1-model_v4	AF-Q5NA06-F1-model_v4 Coatomer subunit zeta-3	2.377E-03	1.000	101	3	140	140	6	176	177	179	0.986	0.966
LOKIASV2_1460_ESMFold_hypothetical_protein	AF-Q3E841-F1-model_v4	AF-Q3E841-F1-model_v4 Uncharacterized protein YNR034W-A	5.177E-03	1.000	100	3	82	140	13	87	98	81	0.571	0.765
LOKIASV2_1460_ESMFold_hypothetical_protein	AF-Q6CJA0-F1-model_v4	AF-Q6CJA0-F1-model_v4 Protein transport protein SEC22	2.888E-03	1.000	100	4	130	140	2	128	214	139	0.907	0.593
LOKIASV2_1460_ESMFold_hypothetical_protein	AF-Q9Y7L0-F1-model_v4	AF-Q9Y7L0-F1-model_v4 Protein transport protein sec22	6.290E-03	1.000	100	4	135	140	2	136	215	139	0.943	0.628
LOKIASV2_1460_ESMFold_hypothetical_protein	AF-Q9ES56-F1-model_v4	AF-Q9ES56-F1-model_v4 Trafficking protein particle complex subunit 4	7.641E-03	1.000	100	2	124	140	1	208	219	216	0.879	0.950
LOKIASV2_1460_ESMFold_hypothetical_protein	AF-Q96IW7-F1-model_v4	AF-Q96IW7-F1-model_v4 Vesicle-trafficking protein SEC22a	7.161E-03	1.000	100	1	107	140	1	105	307	110	0.764	0.342
LOKIASV2_1460_ESMFold_hypothetical_protein	AF-P86790-F1-model_v4	AF-P86790-F1-model_v4 Vacuolar fusion protein CCZ1 homolog B	1.957E-03	1.000	100	4	131	140	24	177	482	161	0.914	0.320
LOKIASV2_1460_ESMFold_hypothetical_protein	AF-O08983-F1-model_v4	AF-O08983-F1-model_v4 Hermansky-Pudlak syndrome 1 protein homolog	3.994E-03	1.000	100	6	118	140	3	145	704	147	0.807	0.203
LOKIASV2_1460_ESMFold_hypothetical_protein	AF-P56377-F1-model_v4	AF-P56377-F1-model_v4 AP-1 complex subunit sigma-2	7.396E-04	0.999	99	4	136	140	1	154	157	160	0.950	0.981
LOKIASV2_1460_ESMFold_hypothetical_protein	AF-P22214-F1-model_v4	AF-P22214-F1-model_v4 Protein transport protein SEC22	5.895E-03	0.999	99	4	101	140	2	97	214	103	0.700	0.449
LOKIASV2_1460_ESMFold_hypothetical_protein	AF-Q803R2-F1-model_v4	AF-Q803R2-F1-model_v4 Vacuolar fusion protein CCZ1 homolog	4.547E-03	0.999	99	4	128	140	21	175	480	159	0.893	0.323
LOKIASV2_1460_ESMFold_hypothetical_protein	AF-P86791-F1-model_v4	AF-P86791-F1-model_v4 Vacuolar fusion protein CCZ1 homolog	2.228E-03	0.999	99	4	131	140	24	177	482	161	0.914	0.320
LOKIASV2_1460_ESMFold_hypothetical_protein	AF-Q54E64-F1-model_v4	AF-Q54E64-F1-model_v4 TSET complex member tstC	3.994E-03	0.999	99	2	122	140	1	121	563	131	0.864	0.215
LOKIASV2_1460_ESMFold_hypothetical_protein	AF-Q4ICG5-F1-model_v4	AF-Q4ICG5-F1-model_v4 AP-2 complex subunit sigma	2.228E-03	0.999	98	4	127	140	2	141	143	146	0.886	0.979
LOKIASV2_1460_ESMFold_hypothetical_protein	AF-Q5R9J9-F1-model_v4	AF-Q5R9J9-F1-model_v4 Trafficking protein particle complex subunit 4	7.641E-03	0.999	98	2	97	140	1	178	219	181	0.686	0.813
LOKIASV2_1460_ESMFold_hypothetical_protein	AF-Q92902-F1-model_v4	AF-Q92902-F1-model_v4 Hermansky-Pudlak syndrome 1 protein	5.177E-03	0.999	98	6	118	140	3	145	700	147	0.807	0.204
LOKIASV2_1460_ESMFold_hypothetical_protein	AF-Q4R866-F1-model_v4	AF-Q4R866-F1-model_v4 Vesicle-trafficking protein SEC22a	1.057E-02	0.999	97	1	107	140	1	105	307	110	0.764	0.342
LOKIASV2_1460_ESMFold_hypothetical_protein	AF-Q0VD30-F1-model_v4	AF-Q0VD30-F1-model_v4 Vacuolar fusion protein CCZ1 homolog	3.081E-03	0.999	97	4	131	140	22	175	480	161	0.914	0.321
LOKIASV2_1460_ESMFold_hypothetical_protein	AF-Q7EY72-F1-model_v4	AF-Q7EY72-F1-model_v4 Vacuolar fusion protein CCZ1 homolog	1.560E-02	0.999	97	6	97	140	13	120	492	109	0.657	0.220
LOKIASV2_1460_ESMFold_hypothetical_protein	AF-Q7T102-F1-model_v4	AF-Q7T102-F1-model_v4 Vacuolar fusion protein CCZ1 homolog	3.508E-03	0.999	96	4	131	140	14	166	471	161	0.914	0.325
LOKIASV2_1460_ESMFold_hypothetical_protein	AF-Q9NQG7-F1-model_v4	AF-Q9NQG7-F1-model_v4 Hermansky-Pudlak syndrome 4 protein	8.153E-03	0.999	96	3	115	140	14	146	708	136	0.807	0.188
LOKIASV2_1460_ESMFold_hypothetical_protein	AF-Q5ZLN2-F1-model_v4	AF-Q5ZLN2-F1-model_v4 Vacuolar fusion protein CCZ1 homolog	3.508E-03	0.998	95	4	131	140	19	171	476	160	0.914	0.321
LOKIASV2_1460_ESMFold_hypothetical_protein	AF-Q99KG7-F1-model_v4	AF-Q99KG7-F1-model_v4 Hermansky-Pudlak syndrome 4 protein homolog	9.904E-03	0.998	94	3	115	140	14	146	671	136	0.807	0.198
LOKIASV2_1460_ESMFold_hypothetical_protein	AF-Q4WS49-F1-model_v4	AF-Q4WS49-F1-model_v4 AP-2 complex subunit sigma	6.711E-03	0.998	93	2	127	140	1	143	145	148	0.900	0.986
LOKIASV2_1460_ESMFold_hypothetical_protein	AF-Q9MAX5-F1-model_v4	AF-Q9MAX5-F1-model_v4 Coatomer subunit zeta-1	4.852E-03	0.998	93	3	136	140	6	175	177	175	0.957	0.960
LOKIASV2_1460_ESMFold_hypothetical_protein	AF-Q5RAI9-F1-model_v4	AF-Q5RAI9-F1-model_v4 Vesicle-trafficking protein SEC22b	1.203E-02	0.998	93	4	133	140	2	135	215	137	0.929	0.623
LOKIASV2_1460_ESMFold_hypothetical_protein	AF-Q4S4I5-F1-model_v4	AF-Q4S4I5-F1-model_v4 Vacuolar fusion protein CCZ1 homolog	1.057E-02	0.998	93	4	75	140	21	102	480	85	0.514	0.171
LOKIASV2_1460_ESMFold_hypothetical_protein	AF-P47064-F1-model_v4	AF-P47064-F1-model_v4 AP-3 complex subunit sigma	5.177E-03	0.997	92	4	139	140	2	170	194	176	0.971	0.871
LOKIASV2_1460_ESMFold_hypothetical_protein	AF-Q9VJD2-F1-model_v4	AF-Q9VJD2-F1-model_v4 Ragulator complex protein LAMTOR3 homolog	1.510E-03	0.997	91	2	98	140	17	123	124	110	0.693	0.863
LOKIASV2_1460_ESMFold_hypothetical_protein	AF-C0HLF1-F1-model_v4	AF-C0HLF1-F1-model_v4 TSET complex member tstD	1.834E-03	0.997	91	4	125	140	2	117	154	127	0.871	0.753
LOKIASV2_1460_ESMFold_hypothetical_protein	AF-O08547-F1-model_v4	AF-O08547-F1-model_v4 Vesicle-trafficking protein SEC22b	1.560E-02	0.997	91	4	133	140	2	135	215	137	0.929	0.623
LOKIASV2_1460_ESMFold_hypothetical_protein	AF-Q9Y296-F1-model_v4	AF-Q9Y296-F1-model_v4 Trafficking protein particle complex subunit 4	1.370E-02	0.997	91	2	97	140	1	178	219	182	0.686	0.813
LOKIASV2_1460_ESMFold_hypothetical_protein	AF-Q28HU2-F1-model_v4	AF-Q28HU2-F1-model_v4 Vacuolar fusion protein CCZ1 homolog	3.081E-03	0.997	91	4	131	140	14	166	471	162	0.914	0.325
LOKIASV2_1460_ESMFold_hypothetical_protein	AF-Q60HF3-F1-model_v4	AF-Q60HF3-F1-model_v4 Hermansky-Pudlak syndrome 1 protein homolog	1.128E-02	0.997	91	6	116	140	3	133	667	136	0.793	0.196
LOKIASV2_1460_ESMFold_hypothetical_protein	AF-Q8BH47-F1-model_v4	AF-Q8BH47-F1-model_v4 Vesicle-trafficking protein SEC22a	1.664E-02	0.996	90	1	107	140	1	105	307	111	0.764	0.342
LOKIASV2_1460_ESMFold_hypothetical_protein	AF-A7RJI7-F1-model_v4	AF-A7RJI7-F1-model_v4 Vacuolar fusion protein CCZ1 homolog	7.641E-03	0.996	90	4	121	140	10	160	459	160	0.843	0.329
LOKIASV2_1460_ESMFold_hypothetical_protein	AF-Q8C1Y8-F1-model_v4	AF-Q8C1Y8-F1-model_v4 Vacuolar fusion protein CCZ1 homolog	6.711E-03	0.996	90	4	131	140	22	175	480	161	0.914	0.321
LOKIASV2_1460_ESMFold_hypothetical_protein	AF-Q84LG4-F1-model_v4	AF-Q84LG4-F1-model_v4 Coatomer subunit zeta-2	5.177E-03	0.996	89	4	138	140	9	167	179	165	0.964	0.888
LOKIASV2_1460_ESMFold_hypothetical_protein	AF-Q74ZD2-F1-model_v4	AF-Q74ZD2-F1-model_v4 Protein transport protein SEC22	6.711E-03	0.996	89	4	135	140	2	135	214	149	0.943	0.626
LOKIASV2_1460_ESMFold_hypothetical_protein	AF-Q54IQ5-F1-model_v4	AF-Q54IQ5-F1-model_v4 Vacuolar fusion protein CCZ1 homolog	1.284E-02	0.995	88	4	118	140	10	154	445	148	0.821	0.326
LOKIASV2_1460_ESMFold_hypothetical_protein	AF-P32916-F1-model_v4	AF-P32916-F1-model_v4 Signal recognition particle receptor subunit alpha homolog	4.852E-03	0.995	88	4	129	140	2	158	621	164	0.900	0.253
LOKIASV2_1460_ESMFold_hypothetical_protein	AF-O17901-F1-model_v4	AF-O17901-F1-model_v4 Probable coatomer subunit zeta	1.510E-03	0.994	87	4	121	140	14	121	184	123	0.843	0.587
LOKIASV2_1460_ESMFold_hypothetical_protein	AF-Q84WL9-F1-model_v4	AF-Q84WL9-F1-model_v4 AP-2 complex subunit sigma	4.262E-03	0.993	86	4	127	140	2	140	142	147	0.886	0.979
LOKIASV2_1460_ESMFold_hypothetical_protein	AF-Q21045-F1-model_v4	AF-Q21045-F1-model_v4 Gut granule loss protein 3	1.560E-02	0.993	86	6	129	140	3	172	179	177	0.886	0.950
LOKIASV2_1460_ESMFold_hypothetical_protein	AF-Q8H1F4-F1-model_v4	AF-Q8H1F4-F1-model_v4 Coatomer subunit zeta-3	5.895E-03	0.993	86	4	138	140	11	176	181	173	0.964	0.917
LOKIASV2_1460_ESMFold_hypothetical_protein	AF-B2RYU6-F1-model_v4	AF-B2RYU6-F1-model_v4 Trafficking protein particle complex subunit 2-like protein	1.284E-02	0.992	85	4	99	140	2	110	139	111	0.686	0.784
LOKIASV2_1460_ESMFold_hypothetical_protein	AF-Q5BFF8-F1-model_v4	AF-Q5BFF8-F1-model_v4 AP-2 complex subunit sigma	1.560E-02	0.992	85	2	127	140	1	143	145	149	0.900	0.986
LOKIASV2_1460_ESMFold_hypothetical_protein	AF-Q4KM74-F1-model_v4	AF-Q4KM74-F1-model_v4 Vesicle-trafficking protein SEC22b	2.796E-02	0.992	85	4	133	140	2	135	215	138	0.929	0.623
LOKIASV2_1460_ESMFold_hypothetical_protein	AF-Q5ZJW4-F1-model_v4	AF-Q5ZJW4-F1-model_v4 Vesicle-trafficking protein SEC22b	2.983E-02	0.992	85	4	135	140	2	137	215	139	0.943	0.633
LOKIASV2_1460_ESMFold_hypothetical_protein	AF-Q80X95-F1-model_v4	AF-Q80X95-F1-model_v4 Ras-related GTP-binding protein A	3.624E-02	0.992	85	2	98	140	198	299	313	105	0.693	0.326
LOKIASV2_1460_ESMFold_hypothetical_protein	AF-B5FXJ6-F1-model_v4	AF-B5FXJ6-F1-model_v4 Trafficking protein particle complex subunit 2-like protein	1.560E-02	0.991	84	4	125	140	2	134	139	142	0.871	0.957
LOKIASV2_1460_ESMFold_hypothetical_protein	AF-Q54HD4-F1-model_v4	AF-Q54HD4-F1-model_v4 Probable coatomer subunit zeta-A	1.560E-02	0.991	84	3	117	140	7	115	175	120	0.821	0.623
LOKIASV2_1460_ESMFold_hypothetical_protein	AF-Q84WF5-F1-model_v4	AF-Q84WF5-F1-model_v4 Phytolongin Phyl1.2	2.302E-02	0.991	84	1	130	140	5	127	255	135	0.929	0.482
LOKIASV2_1460_ESMFold_hypothetical_protein	AF-Q6FX38-F1-model_v4	AF-Q6FX38-F1-model_v4 Vacuolar fusion protein CCZ1	1.203E-02	0.991	84	3	76	140	12	100	679	91	0.529	0.131
LOKIASV2_1460_ESMFold_hypothetical_protein	AF-Q9JME7-F1-model_v4	AF-Q9JME7-F1-model_v4 Trafficking protein particle complex subunit 2-like protein	1.560E-02	0.990	83	4	99	140	2	110	139	111	0.686	0.784
LOKIASV2_1460_ESMFold_hypothetical_protein	AF-P38247-F1-model_v4	AF-P38247-F1-model_v4 Protein SLM4	1.560E-02	0.990	83	4	76	140	32	133	162	102	0.521	0.630
LOKIASV2_1460_ESMFold_hypothetical_protein	AF-O75396-F1-model_v4	AF-O75396-F1-model_v4 Vesicle-trafficking protein SEC22b	2.022E-02	0.990	83	4	135	140	2	137	215	142	0.943	0.633
LOKIASV2_1460_ESMFold_hypothetical_protein	AF-Q6FWT0-F1-model_v4	AF-Q6FWT0-F1-model_v4 Protein transport protein SEC22	6.290E-03	0.988	82	4	125	140	2	137	215	148	0.871	0.633
LOKIASV2_1460_ESMFold_hypothetical_protein	AF-A6H7F7-F1-model_v4	AF-A6H7F7-F1-model_v4 Trafficking protein particle complex subunit 2-like protein	8.699E-03	0.986	81	4	122	140	2	134	139	139	0.850	0.957
LOKIASV2_1460_ESMFold_hypothetical_protein	AF-B5XGE7-F1-model_v4	AF-B5XGE7-F1-model_v4 Trafficking protein particle complex subunit 2-like protein	2.302E-02	0.986	81	4	125	140	2	134	139	142	0.871	0.957
LOKIASV2_1460_ESMFold_hypothetical_protein	AF-Q9Y7J2-F1-model_v4	AF-Q9Y7J2-F1-model_v4 Uncharacterized protein C1778.05c	4.852E-03	0.986	81	1	91	140	16	147	160	132	0.650	0.825
LOKIASV2_1460_ESMFold_hypothetical_protein	AF-Q9UL33-F1-model_v4	AF-Q9UL33-F1-model_v4 Trafficking protein particle complex subunit 2-like protein	1.057E-02	0.984	80	4	122	140	2	135	140	139	0.850	0.957
LOKIASV2_1460_ESMFold_hypothetical_protein	AF-P53600-F1-model_v4	AF-P53600-F1-model_v4 Coatomer subunit zeta	1.510E-03	0.984	80	4	117	140	9	122	189	124	0.814	0.603
LOKIASV2_1460_ESMFold_hypothetical_protein	AF-Q4PA36-F1-model_v4	AF-Q4PA36-F1-model_v4 Vacuolar fusion protein MON1	3.867E-02	0.984	80	6	127	140	283	439	887	163	0.871	0.177
LOKIASV2_1460_ESMFold_hypothetical_protein	AF-Q6BSL0-F1-model_v4	AF-Q6BSL0-F1-model_v4 Synaptobrevin homolog YKT6	3.624E-02	0.981	79	2	107	140	1	112	200	119	0.757	0.560
LOKIASV2_1460_ESMFold_hypothetical_protein	AF-Q757A4-F1-model_v4	AF-Q757A4-F1-model_v4 Synaptobrevin homolog YKT6	8.699E-03	0.981	79	2	125	140	1	148	200	156	0.886	0.740
LOKIASV2_1460_ESMFold_hypothetical_protein	AF-Q5M8X5-F1-model_v4	AF-Q5M8X5-F1-model_v4 Trafficking protein particle complex subunit 2-like protein	2.796E-02	0.978	78	4	99	140	2	110	139	111	0.686	0.784
LOKIASV2_1460_ESMFold_hypothetical_protein	AF-Q32N70-F1-model_v4	AF-Q32N70-F1-model_v4 Synaptobrevin homolog YKT6-B	4.698E-02	0.975	77	2	104	140	1	109	198	112	0.736	0.551
LOKIASV2_1460_ESMFold_hypothetical_protein	AF-Q6CSA2-F1-model_v4	AF-Q6CSA2-F1-model_v4 Synaptobrevin homolog YKT6	8.699E-03	0.975	77	2	125	140	1	148	200	153	0.886	0.740
LOKIASV2_1460_ESMFold_hypothetical_protein	AF-O08595-F1-model_v4	AF-O08595-F1-model_v4 Vesicle-trafficking protein SEC22b	5.349E-02	0.975	77	4	133	140	2	135	215	140	0.929	0.623
LOKIASV2_1460_ESMFold_hypothetical_protein	AF-P38153-F1-model_v4	AF-P38153-F1-model_v4 AP-3 complex subunit mu	5.349E-02	0.975	77	4	109	140	2	119	483	118	0.757	0.244
LOKIASV2_1460_ESMFold_hypothetical_protein	AF-Q8BXT9-F1-model_v4	AF-Q8BXT9-F1-model_v4 Vesicle-trafficking protein SEC22c	5.349E-02	0.967	75	1	127	140	1	127	303	138	0.907	0.419
LOKIASV2_1460_ESMFold_hypothetical_protein	AF-Q54CU7-F1-model_v4	AF-Q54CU7-F1-model_v4 Trafficking protein particle complex subunit 2-like protein	5.349E-02	0.961	74	1	101	140	1	114	140	115	0.721	0.814
LOKIASV2_1460_ESMFold_hypothetical_protein	AF-Q09905-F1-model_v4	AF-Q09905-F1-model_v4 AP-3 complex subunit sigma	2.620E-02	0.961	74	4	113	140	2	115	165	123	0.786	0.691
LOKIASV2_1460_ESMFold_hypothetical_protein	AF-Q5EGY4-F1-model_v4	AF-Q5EGY4-F1-model_v4 Synaptobrevin homolog YKT6	2.456E-02	0.956	73	2	123	140	1	147	198	151	0.871	0.742
LOKIASV2_1460_ESMFold_hypothetical_protein	AF-Q6P7L4-F1-model_v4	AF-Q6P7L4-F1-model_v4 Vesicle-trafficking protein SEC22b	7.398E-02	0.956	73	4	135	140	2	137	215	142	0.943	0.633
LOKIASV2_1460_ESMFold_hypothetical_protein	AF-Q9USZ5-F1-model_v4	AF-Q9USZ5-F1-model_v4 Transport protein particle 20 kDa subunit	5.349E-02	0.941	71	6	128	140	4	134	136	140	0.879	0.963
LOKIASV2_1460_ESMFold_hypothetical_protein	AF-Q7ZV15-F1-model_v4	AF-Q7ZV15-F1-model_v4 Vesicle-trafficking protein SEC22b-A	1.510E-01	0.941	71	4	100	140	2	99	215	100	0.693	0.456
LOKIASV2_1460_ESMFold_hypothetical_protein	AF-Q9STP2-F1-model_v4	AF-Q9STP2-F1-model_v4 Phytolongin Phyl2.1	2.796E-02	0.941	71	3	125	140	7	127	260	134	0.879	0.465
LOKIASV2_1460_ESMFold_hypothetical_protein	AF-Q9LVV3-F1-model_v4	AF-Q9LVV3-F1-model_v4 Phytolongin Phyl2.2	4.126E-02	0.941	71	3	107	140	7	109	272	110	0.750	0.379
LOKIASV2_1460_ESMFold_hypothetical_protein	AF-Q6CRH6-F1-model_v4	AF-Q6CRH6-F1-model_v4 Vacuolar fusion protein CCZ1	7.893E-02	0.941	71	2	127	140	1	143	618	152	0.900	0.231
LOKIASV2_1460_ESMFold_hypothetical_protein	AF-Q3T000-F1-model_v4	AF-Q3T000-F1-model_v4 Synaptobrevin homolog YKT6	3.624E-02	0.933	70	2	123	140	1	147	198	151	0.871	0.742
LOKIASV2_1460_ESMFold_hypothetical_protein	AF-Q6DDU7-F1-model_v4	AF-Q6DDU7-F1-model_v4 Synaptobrevin homolog YKT6-A	6.933E-02	0.933	70	2	101	140	1	106	198	112	0.714	0.535
LOKIASV2_1460_ESMFold_hypothetical_protein	AF-Q3SX43-F1-model_v4	AF-Q3SX43-F1-model_v4 Ras-related GTP-binding protein A	1.165E-01	0.933	70	2	107	140	198	304	313	116	0.757	0.342
LOKIASV2_1460_ESMFold_hypothetical_protein	AF-Q2YDJ2-F1-model_v4	AF-Q2YDJ2-F1-model_v4 Vesicle-trafficking protein SEC22c	5.349E-02	0.900	67	1	107	140	1	105	303	115	0.764	0.347
LOKIASV2_1460_ESMFold_hypothetical_protein	AF-O15498-F1-model_v4	AF-O15498-F1-model_v4 Synaptobrevin homolog YKT6	6.498E-02	0.887	66	2	123	140	1	147	198	151	0.871	0.742
LOKIASV2_1460_ESMFold_hypothetical_protein	AF-P36015-F1-model_v4	AF-P36015-F1-model_v4 Synaptobrevin homolog YKT6	8.422E-02	0.872	65	2	134	140	1	150	200	156	0.950	0.750
LOKIASV2_1460_ESMFold_hypothetical_protein	AF-Q6FW27-F1-model_v4	AF-Q6FW27-F1-model_v4 Synaptobrevin homolog YKT6	6.090E-02	0.872	65	2	130	140	1	152	205	157	0.921	0.741
LOKIASV2_1460_ESMFold_hypothetical_protein	AF-Q5ZKP4-F1-model_v4	AF-Q5ZKP4-F1-model_v4 Trafficking protein particle complex subunit 2	1.165E-01	0.837	63	6	128	140	6	136	140	138	0.879	0.936
LOKIASV2_1460_ESMFold_hypothetical_protein	AF-Q6C537-F1-model_v4	AF-Q6C537-F1-model_v4 Synaptobrevin homolog YKT6	2.537E-01	0.817	62	2	107	140	1	112	200	120	0.757	0.560
LOKIASV2_1460_ESMFold_hypothetical_protein	AF-P0DI81-F1-model_v4	AF-P0DI81-F1-model_v4 Trafficking protein particle complex subunit 2	2.537E-01	0.795	61	6	128	140	6	136	140	140	0.879	0.936
LOKIASV2_1460_ESMFold_hypothetical_protein	AF-Q8XB92-F1-model_v4	AF-Q8XB92-F1-model_v4 Probable diguanylate cyclase DgcQ	1.057E-02	0.772	60	1	131	140	272	395	564	142	0.936	0.220
LOKIASV2_1460_ESMFold_hypothetical_protein	AF-Q8Z5R0-F1-model_v4	AF-Q8Z5R0-F1-model_v4 Probable diguanylate cyclase DgcQ	1.664E-02	0.772	60	4	131	140	273	392	567	136	0.914	0.212
LOKIASV2_1460_ESMFold_hypothetical_protein	AF-Q3Z0N3-F1-model_v4	AF-Q3Z0N3-F1-model_v4 Probable diguanylate cyclase DgcQ	1.203E-02	0.772	60	1	131	140	277	400	569	141	0.936	0.218
LOKIASV2_1460_ESMFold_hypothetical_protein	AF-Q1RAI4-F1-model_v4	AF-Q1RAI4-F1-model_v4 Probable diguanylate cyclase DgcQ	1.057E-02	0.772	60	1	131	140	277	400	569	142	0.936	0.218
LOKIASV2_1460_ESMFold_hypothetical_protein	AF-Q83KM9-F1-model_v4	AF-Q83KM9-F1-model_v4 Putative diguanylate cyclase DgcQ	1.560E-02	0.772	60	1	131	140	277	400	569	141	0.936	0.218
LOKIASV2_1460_ESMFold_hypothetical_protein	AF-Q5PLI4-F1-model_v4	AF-Q5PLI4-F1-model_v4 Probable diguanylate cyclase DgcQ	2.302E-02	0.772	60	4	125	140	276	394	570	130	0.871	0.209
LOKIASV2_1460_ESMFold_hypothetical_protein	AF-Q57N14-F1-model_v4	AF-Q57N14-F1-model_v4 Probable diguanylate cyclase DgcQ	2.302E-02	0.772	60	4	125	140	276	394	570	130	0.871	0.209
LOKIASV2_1460_ESMFold_hypothetical_protein	AF-P76330-F1-model_v4	AF-P76330-F1-model_v4 Probable diguanylate cyclase DgcQ	1.560E-02	0.747	59	1	131	140	272	395	564	141	0.936	0.220
LOKIASV2_1460_ESMFold_hypothetical_protein	AF-Q8ZNT5-F1-model_v4	AF-Q8ZNT5-F1-model_v4 Probable diguanylate cyclase DgcQ	2.456E-02	0.747	59	4	125	140	276	394	570	130	0.871	0.209
LOKIASV2_1460_ESMFold_hypothetical_protein	AF-Q32HJ0-F1-model_v4	AF-Q32HJ0-F1-model_v4 Probable diguanylate cyclase DgcQ	1.664E-02	0.720	58	6	131	140	278	395	564	135	0.900	0.209
LOKIASV2_1460_ESMFold_hypothetical_protein	AF-Q8FGJ7-F1-model_v4	AF-Q8FGJ7-F1-model_v4 Probable diguanylate cyclase DgcQ	3.867E-02	0.632	55	6	130	140	283	398	569	131	0.893	0.204
LOKIASV2_1460_ESMFold_hypothetical_protein	AF-Q58784-F1-model_v4	AF-Q58784-F1-model_v4 Uncharacterized protein MJ1389	2.889E-01	0.601	54	1	93	140	23	118	134	100	0.664	0.716
LOKIASV2_1460_ESMFold_hypothetical_protein	AF-Q9VPH0-F1-model_v4	AF-Q9VPH0-F1-model_v4 Protein inturned	3.744E-01	0.601	54	2	76	140	270	353	869	88	0.536	0.097
LOKIASV2_1460_ESMFold_hypothetical_protein	AF-Q6P816-F1-model_v4	AF-Q6P816-F1-model_v4 Synaptobrevin homolog YKT6	6.933E-02	0.505	51	2	123	140	1	147	198	154	0.871	0.742
LOKIASV2_1460_ESMFold_hypothetical_protein	AF-P77473-F1-model_v4	AF-P77473-F1-model_v4 Probable cyclic di-GMP phosphodiesterase PdeB	2.456E-02	0.505	51	6	135	140	173	281	516	137	0.929	0.211
LOKIASV2_1460_ESMFold_hypothetical_protein	AF-Q9VUZ1-F1-model_v4	AF-Q9VUZ1-F1-model_v4 Probable trafficking protein particle complex subunit 2	1.023E-01	0.473	50	6	121	140	5	135	139	142	0.829	0.942
LOKIASV2_1460_ESMFold_hypothetical_protein	AF-A0PWB3-F1-model_v4	AF-A0PWB3-F1-model_v4 Signal transduction histidine-protein kinase/phosphatase MprB	8.422E-02	0.473	50	6	134	140	89	204	511	129	0.921	0.227
LOKIASV2_1460_ESMFold_hypothetical_protein	AF-Q1RJB3-F1-model_v4	AF-Q1RJB3-F1-model_v4 Putative sensor histidine kinase NtrY-like	1.326E-01	0.473	50	4	122	140	187	293	610	124	0.850	0.175
LOKIASV2_1460_ESMFold_hypothetical_protein	AF-P0DMC5-F1-model_v4	AF-P0DMC5-F1-model_v4 Sensor histidine kinase RcsC	2.022E-02	0.442	49	4	129	140	240	361	949	148	0.900	0.129
LOKIASV2_1460_ESMFold_hypothetical_protein	AF-Q9Z5G7-F1-model_v4	AF-Q9Z5G7-F1-model_v4 Signal transduction histidine-protein kinase/phosphatase MprB	1.326E-01	0.411	48	6	134	140	89	204	519	129	0.921	0.224
LOKIASV2_1460_ESMFold_hypothetical_protein	AF-P58662-F1-model_v4	AF-P58662-F1-model_v4 Sensor histidine kinase RcsC	3.744E-01	0.353	46	6	91	140	243	318	948	90	0.614	0.080
LOKIASV2_1460_ESMFold_hypothetical_protein	AF-A1KHB8-F1-model_v4	AF-A1KHB8-F1-model_v4 Signal transduction histidine-protein kinase/phosphatase MprB	2.228E-01	0.326	45	6	135	140	89	205	504	130	0.929	0.232
LOKIASV2_1460_ESMFold_hypothetical_protein	AF-A0QBR0-F1-model_v4	AF-A0QBR0-F1-model_v4 Signal transduction histidine-protein kinase/phosphatase MprB	2.088E-01	0.326	45	6	133	140	93	207	522	128	0.914	0.220
LOKIASV2_1460_ESMFold_hypothetical_protein	AF-Q8DXQ8-F1-model_v4	AF-Q8DXQ8-F1-model_v4 Sensor protein DltS	2.707E-01	0.277	43	3	135	140	59	177	395	136	0.950	0.301
LOKIASV2_1460_ESMFold_hypothetical_protein	AF-P9WGL1-F1-model_v4	AF-P9WGL1-F1-model_v4 Signal transduction histidine-protein kinase/phosphatase MprB	2.889E-01	0.277	43	6	134	140	89	204	504	129	0.921	0.230
LOKIASV2_1460_ESMFold_hypothetical_protein	AF-P9WGL0-F1-model_v4	AF-P9WGL0-F1-model_v4 Signal transduction histidine-protein kinase/phosphatase MprB	2.228E-01	0.277	43	6	134	140	89	242	504	163	0.921	0.306
LOKIASV2_1460_ESMFold_hypothetical_protein	AF-Q742C0-F1-model_v4	AF-Q742C0-F1-model_v4 Signal transduction histidine-protein kinase/phosphatase MprB	2.889E-01	0.277	43	6	134	140	93	208	522	129	0.921	0.222
LOKIASV2_1460_ESMFold_hypothetical_protein	AF-A5U124-F1-model_v4	AF-A5U124-F1-model_v4 Signal transduction histidine-protein kinase/phosphatase MprB	3.289E-01	0.254	42	6	133	140	89	203	504	128	0.914	0.228
LOKIASV2_1460_ESMFold_hypothetical_protein	AF-P45609-F1-model_v4	AF-P45609-F1-model_v4 Phosphate regulon sensor protein PhoR	2.537E-01	0.233	41	6	136	140	110	260	431	158	0.936	0.350
LOKIASV2_1460_ESMFold_hypothetical_protein	AF-Q7U0X3-F1-model_v4	AF-Q7U0X3-F1-model_v4 Signal transduction histidine-protein kinase/phosphatase MprB	3.995E-01	0.233	41	6	134	140	89	204	504	129	0.921	0.230
LOKIASV2_1460_ESMFold_hypothetical_protein	AF-A3Q5L8-F1-model_v4	AF-A3Q5L8-F1-model_v4 Signal transduction histidine-protein kinase/phosphatase MprB	4.263E-01	0.233	41	6	134	140	90	205	515	129	0.921	0.225
LOKIASV2_1460_ESMFold_hypothetical_protein	AF-Q9HP81-F1-model_v4	AF-Q9HP81-F1-model_v4 Sensory rhodopsin II transducer	2.707E-01	0.233	41	6	138	140	204	322	764	142	0.950	0.156
LOKIASV2_1460_ESMFold_hypothetical_protein	AF-A1UL69-F1-model_v4	AF-A1UL69-F1-model_v4 Signal transduction histidine-protein kinase/phosphatase MprB	3.509E-01	0.214	40	6	134	140	90	243	515	163	0.921	0.299
LOKIASV2_1460_ESMFold_hypothetical_protein	AF-O31516-F1-model_v4	AF-O31516-F1-model_v4 Sensor histidine kinase YesM	2.378E-01	0.214	40	4	140	140	213	389	577	188	0.979	0.307
LOKIASV2_1460_ESMFold_hypothetical_protein	AF-P23545-F1-model_v4	AF-P23545-F1-model_v4 Alkaline phosphatase synthesis sensor protein PhoR	1.957E-01	0.214	40	6	138	140	78	236	579	171	0.950	0.275
LOKIASV2_1460_ESMFold_hypothetical_protein	AF-A1TEL6-F1-model_v4	AF-A1TEL6-F1-model_v4 Signal transduction histidine-protein kinase/phosphatase MprB	2.707E-01	0.196	39	6	134	140	97	212	484	137	0.921	0.240
LOKIASV2_1460_ESMFold_hypothetical_protein	AF-O32071-F1-model_v4	AF-O32071-F1-model_v4 Uncharacterized HTH-type transcriptional regulator YtdP	2.707E-01	0.196	39	4	138	140	218	378	772	169	0.964	0.209
LOKIASV2_1460_ESMFold_hypothetical_protein	AF-P39838-F1-model_v4	AF-P39838-F1-model_v4 Phosphotransferase RcsD	1.057E+00	0.196	39	6	98	140	367	457	890	97	0.664	0.102
LOKIASV2_1460_ESMFold_hypothetical_protein	AF-P32701-F1-model_v4	AF-P32701-F1-model_v4 Probable cyclic di-GMP phosphodiesterase PdeC	5.526E-01	0.179	38	6	106	140	173	275	528	117	0.721	0.195
LOKIASV2_1460_ESMFold_hypothetical_protein	AF-Q9RC53-F1-model_v4	AF-Q9RC53-F1-model_v4 Sensor protein CitS	1.834E-01	0.179	38	5	135	140	227	375	538	154	0.936	0.277
LOKIASV2_1460_ESMFold_hypothetical_protein	AF-B0R474-F1-model_v4	AF-B0R474-F1-model_v4 Transducer protein Htr18	7.162E-01	0.179	38	6	135	140	201	322	816	132	0.929	0.150
LOKIASV2_1460_ESMFold_hypothetical_protein	AF-Q8E3C7-F1-model_v4	AF-Q8E3C7-F1-model_v4 Sensor protein DltS	6.713E-01	0.164	37	3	135	140	59	177	395	133	0.950	0.301
LOKIASV2_1460_ESMFold_hypothetical_protein	AF-B0R461-F1-model_v4	AF-B0R461-F1-model_v4 Transducer protein Htr6	6.291E-01	0.164	37	1	139	140	210	373	789	173	0.993	0.208
LOKIASV2_1460_ESMFold_hypothetical_protein	AF-Q8TEH3-F1-model_v4	AF-Q8TEH3-F1-model_v4 DENN domain-containing protein 1A	2.621E+00	0.164	37	3	98	140	12	122	1009	117	0.686	0.110
LOKIASV2_1460_ESMFold_hypothetical_protein	AF-B0R6B1-F1-model_v4	AF-B0R6B1-F1-model_v4 Sensory rhodopsin II transducer	5.526E-01	0.150	36	7	127	140	205	321	764	131	0.864	0.153
LOKIASV2_1460_ESMFold_hypothetical_protein	AF-Q8K382-F1-model_v4	AF-Q8K382-F1-model_v4 DENN domain-containing protein 1A	3.397E+00	0.150	36	3	98	140	12	122	1016	117	0.686	0.109
LOKIASV2_1460_ESMFold_hypothetical_protein	AF-Q1B3X9-F1-model_v4	AF-Q1B3X9-F1-model_v4 Signal transduction histidine-protein kinase/phosphatase MprB	6.713E-01	0.138	35	6	133	140	90	204	515	128	0.914	0.223
LOKIASV2_1460_ESMFold_hypothetical_protein	AF-Q2W4T8-F1-model_v4	AF-Q2W4T8-F1-model_v4 Methyl-accepting chemotaxis protein Amb2333	4.549E-01	0.116	33	7	135	140	107	244	576	154	0.921	0.240
LOKIASV2_1460_ESMFold_hypothetical_protein	AF-P58402-F1-model_v4	AF-P58402-F1-model_v4 Sensor protein EvgS	2.889E-01	0.116	33	6	106	140	588	716	1197	129	0.721	0.108
LOKIASV2_1460_ESMFold_hypothetical_protein	AF-O07014-F1-model_v4	AF-O07014-F1-model_v4 Phosphoserine phosphatase RsbP	9.284E-01	0.106	32	6	138	140	11	166	403	158	0.950	0.387
LOKIASV2_1460_ESMFold_hypothetical_protein	AF-Q6LYB4-F1-model_v4	AF-Q6LYB4-F1-model_v4 Phosphoglucosamine mutase	1.370E+00	0.106	32	35	91	140	376	438	447	63	0.407	0.141
LOKIASV2_1460_ESMFold_hypothetical_protein	AF-A0R3I7-F1-model_v4	AF-A0R3I7-F1-model_v4 Signal transduction histidine-protein kinase/phosphatase MprB	7.162E-01	0.106	32	6	134	140	90	243	492	168	0.921	0.313
LOKIASV2_1460_ESMFold_hypothetical_protein	AF-Q9K997-F1-model_v4	AF-Q9K997-F1-model_v4 Probable C4-dicarboxylate sensor kinase	6.291E-01	0.106	32	5	134	140	227	373	532	155	0.929	0.276
LOKIASV2_1460_ESMFold_hypothetical_protein	AF-P54576-F1-model_v4	AF-P54576-F1-model_v4 Methyl-accepting chemotaxis protein McpC	1.203E+00	0.106	32	1	139	140	195	314	655	143	0.993	0.183
LOKIASV2_1460_ESMFold_hypothetical_protein	AF-Q06317-F1-model_v4	AF-Q06317-F1-model_v4 Penicillin-binding protein 4	7.895E+00	0.098	31	52	92	140	303	343	381	41	0.293	0.108
LOKIASV2_1460_ESMFold_hypothetical_protein	AF-Q8CU03-F1-model_v4	AF-Q8CU03-F1-model_v4 Uncharacterized sensor-like histidine kinase SE_0166	5.179E-01	0.098	31	6	139	140	164	313	512	177	0.957	0.293
LOKIASV2_1460_ESMFold_hypothetical_protein	AF-Q8EBS1-F1-model_v4	AF-Q8EBS1-F1-model_v4 Alanine--tRNA ligase	1.462E+00	0.098	31	69	138	140	689	753	874	71	0.500	0.074
LOKIASV2_1460_ESMFold_hypothetical_protein	AF-B6YXX2-F1-model_v4	AF-B6YXX2-F1-model_v4 Probable phosphoglucosamine mutase	1.560E+00	0.090	30	50	91	140	396	440	449	45	0.300	0.100
LOKIASV2_1460_ESMFold_hypothetical_protein	AF-P26167-F1-model_v4	AF-P26167-F1-model_v4 Protein CrtJ	1.664E+00	0.090	30	4	105	140	30	153	469	126	0.729	0.264
LOKIASV2_1460_ESMFold_hypothetical_protein	AF-Q9XDM3-F1-model_v4	AF-Q9XDM3-F1-model_v4 Alanine--tRNA ligase	1.284E+00	0.090	30	60	139	140	675	751	871	83	0.571	0.088
LOKIASV2_1460_ESMFold_hypothetical_protein	AF-A8FSV6-F1-model_v4	AF-A8FSV6-F1-model_v4 Alanine--tRNA ligase	1.776E+00	0.090	30	69	138	140	689	753	874	71	0.500	0.074
LOKIASV2_1460_ESMFold_hypothetical_protein	AF-B0TFY7-F1-model_v4	AF-B0TFY7-F1-model_v4 Alanine--tRNA ligase	1.203E+00	0.090	30	69	136	140	697	759	883	69	0.486	0.071
LOKIASV2_1460_ESMFold_hypothetical_protein	AF-A9M715-F1-model_v4	AF-A9M715-F1-model_v4 Cell-division control histidine kinase PdhS	1.370E+00	0.090	30	2	99	140	669	797	1035	131	0.700	0.125
LOKIASV2_1460_ESMFold_hypothetical_protein	AF-P30855-F1-model_v4	AF-P30855-F1-model_v4 Sensor protein EvgS	1.834E-01	0.090	30	6	106	140	588	716	1197	137	0.721	0.108
LOKIASV2_1460_ESMFold_hypothetical_protein	AF-Q5A950-F1-model_v4	AF-Q5A950-F1-model_v4 Sterol 3-beta-glucosyltransferase	9.906E-01	0.090	30	52	139	140	878	966	1512	91	0.629	0.059
LOKIASV2_1460_ESMFold_hypothetical_protein	AF-Q68BJ6-F1-model_v4	AF-Q68BJ6-F1-model_v4 Phosphoglucomutase/phosphomannomutase	1.664E+00	0.082	29	38	91	140	390	448	456	60	0.386	0.129
LOKIASV2_1460_ESMFold_hypothetical_protein	AF-Q00858-F1-model_v4	AF-Q00858-F1-model_v4 Cutinase gene palindrome-binding protein	5.526E-01	0.082	29	6	131	140	117	276	457	166	0.900	0.350
LOKIASV2_1460_ESMFold_hypothetical_protein	AF-P96368-F1-model_v4	AF-P96368-F1-model_v4 Sensor histidine kinase TrcS	2.984E+00	0.082	29	6	95	140	103	190	509	99	0.643	0.173
LOKIASV2_1460_ESMFold_hypothetical_protein	AF-Q9WYR0-F1-model_v4	AF-Q9WYR0-F1-model_v4 Methyl-accepting chemotaxis protein 1	1.057E+00	0.082	29	7	137	140	193	313	656	145	0.936	0.184
LOKIASV2_1460_ESMFold_hypothetical_protein	AF-Q2YD40-F1-model_v4	AF-Q2YD40-F1-model_v4 Alanine--tRNA ligase	1.370E+00	0.082	29	69	136	140	678	740	862	69	0.486	0.073
LOKIASV2_1460_ESMFold_hypothetical_protein	AF-Q835J8-F1-model_v4	AF-Q835J8-F1-model_v4 Alanine--tRNA ligase	1.128E+00	0.082	29	69	132	140	695	754	880	66	0.457	0.068
LOKIASV2_1460_ESMFold_hypothetical_protein	AF-P54883-F1-model_v4	AF-P54883-F1-model_v4 Sensor-like histidine kinase SenX3	1.895E+00	0.076	28	1	136	140	58	214	443	169	0.971	0.354
LOKIASV2_1460_ESMFold_hypothetical_protein	AF-Q58500-F1-model_v4	AF-Q58500-F1-model_v4 Phosphoglucosamine mutase	2.158E+00	0.076	28	35	98	140	377	443	448	70	0.457	0.150
LOKIASV2_1460_ESMFold_hypothetical_protein	AF-Q68BJ7-F1-model_v4	AF-Q68BJ7-F1-model_v4 Probable phosphoglucosamine mutase	2.456E+00	0.076	28	50	91	140	396	440	449	45	0.300	0.100
LOKIASV2_1460_ESMFold_hypothetical_protein	AF-Q8TWY8-F1-model_v4	AF-Q8TWY8-F1-model_v4 Probable phosphoglucosamine mutase	2.797E+00	0.076	28	37	94	140	381	444	452	64	0.414	0.142
LOKIASV2_1460_ESMFold_hypothetical_protein	AF-Q8U2H4-F1-model_v4	AF-Q8U2H4-F1-model_v4 Probable phosphoglucosamine mutase	2.158E+00	0.076	28	38	91	140	376	440	452	65	0.386	0.144
LOKIASV2_1460_ESMFold_hypothetical_protein	AF-Q503E1-F1-model_v4	AF-Q503E1-F1-model_v4 Integrator complex subunit 11	3.184E+00	0.076	28	34	94	140	527	594	598	68	0.436	0.114
LOKIASV2_1460_ESMFold_hypothetical_protein	AF-A1AXE0-F1-model_v4	AF-A1AXE0-F1-model_v4 Alanine--tRNA ligase	1.776E+00	0.076	28	69	136	140	685	747	865	69	0.486	0.073
LOKIASV2_1460_ESMFold_hypothetical_protein	AF-B0TK15-F1-model_v4	AF-B0TK15-F1-model_v4 Alanine--tRNA ligase	2.302E+00	0.076	28	69	138	140	689	753	874	71	0.500	0.074
LOKIASV2_1460_ESMFold_hypothetical_protein	AF-A7Z735-F1-model_v4	AF-A7Z735-F1-model_v4 Alanine--tRNA ligase	1.664E+00	0.076	28	69	136	140	693	755	878	69	0.486	0.072
LOKIASV2_1460_ESMFold_hypothetical_protein	AF-O87971-F1-model_v4	AF-O87971-F1-model_v4 Transcriptional activator protein YukR	1.370E+00	0.069	27	4	132	140	11	150	229	158	0.921	0.611
LOKIASV2_1460_ESMFold_hypothetical_protein	AF-P45336-F1-model_v4	AF-P45336-F1-model_v4 Sensor protein QseC	1.203E+00	0.069	27	1	138	140	80	237	451	180	0.986	0.350
LOKIASV2_1460_ESMFold_hypothetical_protein	AF-O69729-F1-model_v4	AF-O69729-F1-model_v4 Probable sensor histidine kinase TcrY	1.128E+00	0.069	27	4	138	140	67	178	475	148	0.964	0.236
LOKIASV2_1460_ESMFold_hypothetical_protein	AF-A8FFM9-F1-model_v4	AF-A8FFM9-F1-model_v4 Alanine--tRNA ligase	2.022E+00	0.069	27	69	136	140	693	755	878	69	0.486	0.072
LOKIASV2_1460_ESMFold_hypothetical_protein	AF-Q9KDE6-F1-model_v4	AF-Q9KDE6-F1-model_v4 Alanine--tRNA ligase	1.284E+00	0.069	27	69	132	140	693	752	879	66	0.457	0.068
LOKIASV2_1460_ESMFold_hypothetical_protein	AF-B1HUK4-F1-model_v4	AF-B1HUK4-F1-model_v4 Alanine--tRNA ligase	2.158E+00	0.069	27	69	136	140	723	785	908	69	0.486	0.069
LOKIASV2_1460_ESMFold_hypothetical_protein	AF-P0A601-F1-model_v4	AF-P0A601-F1-model_v4 Sensor-like histidine kinase SenX3	1.664E+00	0.063	26	1	136	140	58	214	410	169	0.971	0.383
LOKIASV2_1460_ESMFold_hypothetical_protein	AF-A6VG24-F1-model_v4	AF-A6VG24-F1-model_v4 Phosphoglucosamine mutase	3.868E+00	0.063	26	38	87	140	379	434	447	56	0.357	0.125
LOKIASV2_1460_ESMFold_hypothetical_protein	AF-Q8ZLZ9-F1-model_v4	AF-Q8ZLZ9-F1-model_v4 Sensor protein QseC	1.370E+00	0.063	26	2	137	140	83	239	449	175	0.971	0.350
LOKIASV2_1460_ESMFold_hypothetical_protein	AF-Q57842-F1-model_v4	AF-Q57842-F1-model_v4 Phosphomannomutase	3.397E+00	0.063	26	40	91	140	383	440	449	58	0.371	0.129
LOKIASV2_1460_ESMFold_hypothetical_protein	AF-Q1M799-F1-model_v4	AF-Q1M799-F1-model_v4 Sensor histidine kinase MctS	1.462E+00	0.063	26	5	138	140	94	252	461	170	0.957	0.345
LOKIASV2_1460_ESMFold_hypothetical_protein	AF-Q9X1E2-F1-model_v4	AF-Q9X1E2-F1-model_v4 Methyl-accepting chemotaxis protein 4	2.984E+00	0.063	26	7	139	140	90	225	566	149	0.950	0.240
LOKIASV2_1460_ESMFold_hypothetical_protein	AF-P16497-F1-model_v4	AF-P16497-F1-model_v4 Sporulation kinase A	8.155E-01	0.063	26	6	132	140	279	442	606	171	0.907	0.271
LOKIASV2_1460_ESMFold_hypothetical_protein	AF-P39214-F1-model_v4	AF-P39214-F1-model_v4 Methyl-accepting chemotaxis protein McpA	2.302E+00	0.063	26	2	139	140	197	319	661	148	0.986	0.186
LOKIASV2_1460_ESMFold_hypothetical_protein	AF-O31661-F1-model_v4	AF-O31661-F1-model_v4 Sporulation kinase E	1.203E+00	0.063	26	6	100	140	285	399	738	128	0.679	0.156
LOKIASV2_1460_ESMFold_hypothetical_protein	AF-Q82TF8-F1-model_v4	AF-Q82TF8-F1-model_v4 Alanine--tRNA ligase	3.868E+00	0.063	26	69	139	140	679	744	863	72	0.507	0.076
LOKIASV2_1460_ESMFold_hypothetical_protein	AF-A1KV20-F1-model_v4	AF-A1KV20-F1-model_v4 Alanine--tRNA ligase	1.462E+00	0.063	26	60	136	140	678	752	874	81	0.550	0.086
LOKIASV2_1460_ESMFold_hypothetical_protein	AF-Q1WT32-F1-model_v4	AF-Q1WT32-F1-model_v4 Alanine--tRNA ligase	2.302E+00	0.063	26	69	136	140	695	758	880	70	0.486	0.073
LOKIASV2_1460_ESMFold_hypothetical_protein	AF-B1YJE5-F1-model_v4	AF-B1YJE5-F1-model_v4 Alanine--tRNA ligase	2.984E+00	0.063	26	69	138	140	695	755	880	71	0.500	0.069
LOKIASV2_1460_ESMFold_hypothetical_protein	AF-A6X0E9-F1-model_v4	AF-A6X0E9-F1-model_v4 Alanine--tRNA ligase	1.057E+00	0.063	26	60	136	140	690	756	885	80	0.550	0.076
LOKIASV2_1460_ESMFold_hypothetical_protein	AF-Q32PV0-F1-model_v4	AF-Q32PV0-F1-model_v4 PTB domain-containing engulfment adapter protein 1	2.797E+00	0.057	25	51	139	140	103	196	300	94	0.636	0.313
LOKIASV2_1460_ESMFold_hypothetical_protein	AF-Q9UZT5-F1-model_v4	AF-Q9UZT5-F1-model_v4 Probable phosphoglucosamine mutase	4.404E+00	0.057	25	52	91	140	400	440	451	41	0.286	0.091
LOKIASV2_1460_ESMFold_hypothetical_protein	AF-Q10441-F1-model_v4	AF-Q10441-F1-model_v4 Probable tRNA(Ile)-lysidine synthase	5.350E+00	0.057	25	25	76	140	301	344	456	52	0.371	0.096
LOKIASV2_1460_ESMFold_hypothetical_protein	AF-Q2G1E0-F1-model_v4	AF-Q2G1E0-F1-model_v4 Sensor protein kinase HptS	2.158E+00	0.057	25	6	139	140	164	313	518	177	0.957	0.290
LOKIASV2_1460_ESMFold_hypothetical_protein	AF-Q0AHX2-F1-model_v4	AF-Q0AHX2-F1-model_v4 Alanine--tRNA ligase	4.699E+00	0.057	25	69	139	140	679	737	863	72	0.507	0.068
LOKIASV2_1460_ESMFold_hypothetical_protein	AF-Q1QZX1-F1-model_v4	AF-Q1QZX1-F1-model_v4 Alanine--tRNA ligase	2.158E+00	0.057	25	69	132	140	682	740	868	65	0.457	0.068
LOKIASV2_1460_ESMFold_hypothetical_protein	AF-Q8RAH4-F1-model_v4	AF-Q8RAH4-F1-model_v4 Alanine--tRNA ligase	1.057E+00	0.057	25	60	136	140	680	749	878	80	0.550	0.080
LOKIASV2_1460_ESMFold_hypothetical_protein	AF-Q896F2-F1-model_v4	AF-Q896F2-F1-model_v4 Alanine--tRNA ligase	2.302E+00	0.057	25	69	135	140	693	758	879	68	0.479	0.075
LOKIASV2_1460_ESMFold_hypothetical_protein	AF-Q2JTG8-F1-model_v4	AF-Q2JTG8-F1-model_v4 Alanine--tRNA ligase	2.984E+00	0.057	25	69	137	140	691	750	883	70	0.493	0.068
LOKIASV2_1460_ESMFold_hypothetical_protein	AF-Q1GHA1-F1-model_v4	AF-Q1GHA1-F1-model_v4 Alanine--tRNA ligase	1.284E+00	0.057	25	60	132	140	689	758	883	76	0.521	0.079
LOKIASV2_1460_ESMFold_hypothetical_protein	AF-Q28QV8-F1-model_v4	AF-Q28QV8-F1-model_v4 Alanine--tRNA ligase	2.158E+00	0.057	25	60	136	140	690	763	884	80	0.550	0.084
LOKIASV2_1460_ESMFold_hypothetical_protein	AF-A5GPF9-F1-model_v4	AF-A5GPF9-F1-model_v4 Alanine--tRNA ligase	2.984E+00	0.057	25	69	136	140	701	763	891	69	0.486	0.071
LOKIASV2_1460_ESMFold_hypothetical_protein	AF-A8LXY8-F1-model_v4	AF-A8LXY8-F1-model_v4 Alanine--tRNA ligase	2.302E+00	0.057	25	69	132	140	707	765	892	65	0.457	0.066
LOKIASV2_1460_ESMFold_hypothetical_protein	AF-Q1D084-F1-model_v4	AF-Q1D084-F1-model_v4 Alanine--tRNA ligase	2.302E+00	0.057	25	69	132	140	711	769	898	65	0.457	0.066
LOKIASV2_1460_ESMFold_hypothetical_protein	AF-B0R7I0-F1-model_v4	AF-B0R7I0-F1-model_v4 Alanine--tRNA ligase	3.184E+00	0.057	25	69	136	140	747	809	929	69	0.486	0.068
LOKIASV2_1460_ESMFold_hypothetical_protein	AF-Q8THF6-F1-model_v4	AF-Q8THF6-F1-model_v4 Methyl sulfide methyltransferase-associated sensor	1.370E+00	0.057	25	6	118	140	483	617	998	147	0.807	0.135
LOKIASV2_1460_ESMFold_hypothetical_protein	AF-A1CYS1-F1-model_v4	AF-A1CYS1-F1-model_v4 Sterol 3-beta-glucosyltransferase	3.184E+00	0.057	25	52	137	140	797	873	1418	88	0.614	0.054
LOKIASV2_1460_ESMFold_hypothetical_protein	AF-Q0V987-F1-model_v4	AF-Q0V987-F1-model_v4 Pleckstrin homology-like domain family A member 2	3.397E+00	0.051	24	52	135	140	67	126	136	85	0.600	0.441
LOKIASV2_1460_ESMFold_hypothetical_protein	AF-Q47189-F1-model_v4	AF-Q47189-F1-model_v4 Transcriptional activator protein ExpR	2.797E+00	0.051	24	2	140	140	27	176	245	172	0.993	0.612
LOKIASV2_1460_ESMFold_hypothetical_protein	AF-C7GX58-F1-model_v4	AF-C7GX58-F1-model_v4 Mitochondrial morphogenesis protein SLD7	7.642E-01	0.051	24	19	139	140	67	175	257	133	0.864	0.424
LOKIASV2_1460_ESMFold_hypothetical_protein	AF-A5UKY3-F1-model_v4	AF-A5UKY3-F1-model_v4 Probable phosphoglucosamine mutase	2.022E+00	0.051	24	36	91	140	371	439	445	69	0.400	0.155
LOKIASV2_1460_ESMFold_hypothetical_protein	AF-A6UU47-F1-model_v4	AF-A6UU47-F1-model_v4 Phosphoglucosamine mutase	4.699E+00	0.051	24	35	90	140	380	438	452	62	0.400	0.131
LOKIASV2_1460_ESMFold_hypothetical_protein	AF-O87939-F1-model_v4	AF-O87939-F1-model_v4 Sensor protein TdiS	2.158E+00	0.051	24	6	138	140	35	187	548	164	0.950	0.279
LOKIASV2_1460_ESMFold_hypothetical_protein	AF-A1DI25-F1-model_v4	AF-A1DI25-F1-model_v4 Eukaryotic translation initiation factor 3 subunit D	1.284E+00	0.051	24	18	99	140	500	583	585	88	0.586	0.144
LOKIASV2_1460_ESMFold_hypothetical_protein	AF-Q4X054-F1-model_v4	AF-Q4X054-F1-model_v4 Eukaryotic translation initiation factor 3 subunit D	1.560E+00	0.051	24	18	99	140	500	583	585	88	0.586	0.144
LOKIASV2_1460_ESMFold_hypothetical_protein	AF-Q9P7H9-F1-model_v4	AF-Q9P7H9-F1-model_v4 Uncharacterized transcriptional regulatory protein C105.03c	1.057E+00	0.051	24	7	105	140	228	306	708	103	0.707	0.112
LOKIASV2_1460_ESMFold_hypothetical_protein	AF-P29041-F1-model_v4	AF-P29041-F1-model_v4 Secretin XpsD	8.989E+00	0.051	24	52	92	140	435	473	759	41	0.293	0.051
LOKIASV2_1460_ESMFold_hypothetical_protein	AF-Q6L1Z4-F1-model_v4	AF-Q6L1Z4-F1-model_v4 Alanine--tRNA ligase	1.895E+00	0.051	24	60	136	140	703	779	870	82	0.550	0.089
LOKIASV2_1460_ESMFold_hypothetical_protein	AF-Q8CWY0-F1-model_v4	AF-Q8CWY0-F1-model_v4 Alanine--tRNA ligase	5.708E+00	0.051	24	69	139	140	694	760	872	73	0.507	0.077
LOKIASV2_1460_ESMFold_hypothetical_protein	AF-B1ICI3-F1-model_v4	AF-B1ICI3-F1-model_v4 Alanine--tRNA ligase	5.014E+00	0.051	24	69	138	140	694	759	872	72	0.500	0.076
LOKIASV2_1460_ESMFold_hypothetical_protein	AF-Q9JYG6-F1-model_v4	AF-Q9JYG6-F1-model_v4 Alanine--tRNA ligase	2.022E+00	0.051	24	60	136	140	678	752	874	81	0.550	0.086
LOKIASV2_1460_ESMFold_hypothetical_protein	AF-A9M198-F1-model_v4	AF-A9M198-F1-model_v4 Alanine--tRNA ligase	2.022E+00	0.051	24	60	136	140	678	752	874	81	0.550	0.086
LOKIASV2_1460_ESMFold_hypothetical_protein	AF-B2V709-F1-model_v4	AF-B2V709-F1-model_v4 Alanine--tRNA ligase	2.797E+00	0.051	24	60	137	140	683	753	876	80	0.557	0.081
LOKIASV2_1460_ESMFold_hypothetical_protein	AF-B0K994-F1-model_v4	AF-B0K994-F1-model_v4 Alanine--tRNA ligase	2.621E+00	0.051	24	69	132	140	690	748	877	65	0.457	0.067
LOKIASV2_1460_ESMFold_hypothetical_protein	AF-A0LLA3-F1-model_v4	AF-A0LLA3-F1-model_v4 Alanine--tRNA ligase	2.621E+00	0.051	24	61	136	140	694	763	885	77	0.543	0.079
LOKIASV2_1460_ESMFold_hypothetical_protein	AF-Q3AGN4-F1-model_v4	AF-Q3AGN4-F1-model_v4 Alanine--tRNA ligase	3.625E+00	0.051	24	69	136	140	696	758	889	69	0.486	0.071
LOKIASV2_1460_ESMFold_hypothetical_protein	AF-A1A198-F1-model_v4	AF-A1A198-F1-model_v4 Alanine--tRNA ligase	3.184E+00	0.051	24	69	135	140	702	763	892	68	0.479	0.070
LOKIASV2_1460_ESMFold_hypothetical_protein	AF-Q8WV24-F1-model_v4	AF-Q8WV24-F1-model_v4 Pleckstrin homology-like domain family A member 1	4.127E+00	0.045	23	53	138	140	244	303	401	86	0.614	0.150
LOKIASV2_1460_ESMFold_hypothetical_protein	AF-Q9QZA1-F1-model_v4	AF-Q9QZA1-F1-model_v4 Pleckstrin homology-like domain family A member 1	4.127E+00	0.045	23	48	138	140	235	300	407	92	0.650	0.162
LOKIASV2_1460_ESMFold_hypothetical_protein	AF-Q7ZYJ9-F1-model_v4	AF-Q7ZYJ9-F1-model_v4 Alanyl-tRNA editing protein Aarsd1-B	3.397E+00	0.045	23	62	136	140	227	295	412	76	0.536	0.167
LOKIASV2_1460_ESMFold_hypothetical_protein	AF-P39764-F1-model_v4	AF-P39764-F1-model_v4 Sporulation kinase C	1.203E+00	0.045	23	5	132	140	89	261	428	177	0.914	0.404
LOKIASV2_1460_ESMFold_hypothetical_protein	AF-Q9LKI8-F1-model_v4	AF-Q9LKI8-F1-model_v4 Tubulin beta chain	4.127E+00	0.045	23	69	132	140	362	425	443	64	0.457	0.144
LOKIASV2_1460_ESMFold_hypothetical_protein	AF-Q8Z3P2-F1-model_v4	AF-Q8Z3P2-F1-model_v4 Sensor protein QseC	2.621E+00	0.045	23	1	137	140	82	239	449	179	0.979	0.352
LOKIASV2_1460_ESMFold_hypothetical_protein	AF-P40719-F1-model_v4	AF-P40719-F1-model_v4 Sensor protein QseC	4.699E+00	0.045	23	2	138	140	83	239	449	174	0.979	0.350
LOKIASV2_1460_ESMFold_hypothetical_protein	AF-P37755-F1-model_v4	AF-P37755-F1-model_v4 Phosphomannomutase	3.397E+00	0.045	23	37	91	140	390	453	456	64	0.393	0.140
LOKIASV2_1460_ESMFold_hypothetical_protein	AF-Q9HV31-F1-model_v4	AF-Q9HV31-F1-model_v4 Sensor protein kinase PmrB	3.397E+00	0.045	23	6	132	140	97	199	477	133	0.907	0.216
LOKIASV2_1460_ESMFold_hypothetical_protein	AF-B0XU47-F1-model_v4	AF-B0XU47-F1-model_v4 Eukaryotic translation initiation factor 3 subunit D	1.664E+00	0.045	23	18	99	140	500	583	585	88	0.586	0.144
LOKIASV2_1460_ESMFold_hypothetical_protein	AF-A1C777-F1-model_v4	AF-A1C777-F1-model_v4 Eukaryotic translation initiation factor 3 subunit D	1.895E+00	0.045	23	18	99	140	501	584	586	87	0.586	0.143
LOKIASV2_1460_ESMFold_hypothetical_protein	AF-P35164-F1-model_v4	AF-P35164-F1-model_v4 Sensor histidine kinase ResE	1.128E+00	0.045	23	6	136	140	265	422	589	167	0.936	0.268
LOKIASV2_1460_ESMFold_hypothetical_protein	AF-Q5V5V4-F1-model_v4	AF-Q5V5V4-F1-model_v4 Sensory rhodopsin II transducer	5.350E+00	0.045	23	5	138	140	206	374	773	179	0.957	0.219
LOKIASV2_1460_ESMFold_hypothetical_protein	AF-A8F866-F1-model_v4	AF-A8F866-F1-model_v4 Alanine--tRNA ligase	4.699E+00	0.045	23	69	136	140	677	739	858	69	0.486	0.073
LOKIASV2_1460_ESMFold_hypothetical_protein	AF-Q04JW5-F1-model_v4	AF-Q04JW5-F1-model_v4 Alanine--tRNA ligase	5.708E+00	0.045	23	69	138	140	694	759	872	72	0.500	0.076
LOKIASV2_1460_ESMFold_hypothetical_protein	AF-Q97Q48-F1-model_v4	AF-Q97Q48-F1-model_v4 Alanine--tRNA ligase	5.708E+00	0.045	23	69	138	140	694	759	872	72	0.500	0.076
LOKIASV2_1460_ESMFold_hypothetical_protein	AF-Q8DPC7-F1-model_v4	AF-Q8DPC7-F1-model_v4 Alanine--tRNA ligase	5.708E+00	0.045	23	69	138	140	694	759	872	72	0.500	0.076
LOKIASV2_1460_ESMFold_hypothetical_protein	AF-Q9JTG4-F1-model_v4	AF-Q9JTG4-F1-model_v4 Alanine--tRNA ligase	2.621E+00	0.045	23	60	136	140	678	752	874	81	0.550	0.086
LOKIASV2_1460_ESMFold_hypothetical_protein	AF-Q1G947-F1-model_v4	AF-Q1G947-F1-model_v4 Alanine--tRNA ligase	3.184E+00	0.045	23	60	138	140	683	751	877	81	0.564	0.079
LOKIASV2_1460_ESMFold_hypothetical_protein	AF-B0K0Q1-F1-model_v4	AF-B0K0Q1-F1-model_v4 Alanine--tRNA ligase	3.184E+00	0.045	23	69	132	140	690	748	877	65	0.457	0.067
LOKIASV2_1460_ESMFold_hypothetical_protein	AF-B2V3W2-F1-model_v4	AF-B2V3W2-F1-model_v4 Alanine--tRNA ligase	6.499E+00	0.045	23	69	139	140	693	758	879	72	0.507	0.075
LOKIASV2_1460_ESMFold_hypothetical_protein	AF-P59420-F1-model_v4	AF-P59420-F1-model_v4 Alanine--tRNA ligase	4.127E+00	0.045	23	69	139	140	696	754	880	71	0.507	0.067
LOKIASV2_1460_ESMFold_hypothetical_protein	AF-Q2RHZ3-F1-model_v4	AF-Q2RHZ3-F1-model_v4 Alanine--tRNA ligase	3.184E+00	0.045	23	60	138	140	684	755	881	85	0.564	0.082
LOKIASV2_1460_ESMFold_hypothetical_protein	AF-Q8K9E7-F1-model_v4	AF-Q8K9E7-F1-model_v4 Alanine--tRNA ligase	2.621E+00	0.045	23	60	135	140	678	750	883	79	0.543	0.083
LOKIASV2_1460_ESMFold_hypothetical_protein	AF-B1VDL4-F1-model_v4	AF-B1VDL4-F1-model_v4 Alanine--tRNA ligase	2.984E+00	0.045	23	69	132	140	699	757	888	65	0.457	0.066
LOKIASV2_1460_ESMFold_hypothetical_protein	AF-A4X5Z0-F1-model_v4	AF-A4X5Z0-F1-model_v4 Alanine--tRNA ligase	1.895E+00	0.045	23	60	132	140	696	765	892	76	0.521	0.078
LOKIASV2_1460_ESMFold_hypothetical_protein	AF-P35029-F1-model_v4	AF-P35029-F1-model_v4 Alanine--tRNA ligase	3.868E+00	0.045	23	60	139	140	724	796	907	85	0.571	0.080
LOKIASV2_1460_ESMFold_hypothetical_protein	AF-Q9HN24-F1-model_v4	AF-Q9HN24-F1-model_v4 Alanine--tRNA ligase	4.699E+00	0.045	23	69	136	140	747	809	929	69	0.486	0.068
LOKIASV2_1460_ESMFold_hypothetical_protein	AF-Q2S2B6-F1-model_v4	AF-Q2S2B6-F1-model_v4 Alanine--tRNA ligase	3.184E+00	0.045	23	69	137	140	775	834	966	69	0.493	0.062
LOKIASV2_1460_ESMFold_hypothetical_protein	AF-Q587J8-F1-model_v4	AF-Q587J8-F1-model_v4 KH domain-containing protein 3	5.350E+00	0.040	22	57	135	140	71	137	217	79	0.564	0.309
LOKIASV2_1460_ESMFold_hypothetical_protein	AF-C5DSD6-F1-model_v4	AF-C5DSD6-F1-model_v4 Mitochondrial morphogenesis protein SLD7	1.203E+00	0.040	22	19	133	140	66	173	243	123	0.821	0.444
LOKIASV2_1460_ESMFold_hypothetical_protein	AF-Q57368-F1-model_v4	AF-Q57368-F1-model_v4 Magnesium and cobalt efflux protein CorC	7.895E+00	0.040	22	40	91	140	244	297	299	54	0.371	0.181
LOKIASV2_1460_ESMFold_hypothetical_protein	AF-Q8K2A1-F1-model_v4	AF-Q8K2A1-F1-model_v4 PTB domain-containing engulfment adapter protein 1	3.868E+00	0.040	22	50	139	140	102	190	304	94	0.643	0.293
LOKIASV2_1460_ESMFold_hypothetical_protein	AF-Q9FNY7-F1-model_v4	AF-Q9FNY7-F1-model_v4 N-glycosylase/DNA lyase OGG1	6.499E+00	0.040	22	52	99	140	73	129	365	57	0.343	0.156
LOKIASV2_1460_ESMFold_hypothetical_protein	AF-P9WGK5-F1-model_v4	AF-P9WGK5-F1-model_v4 Sensor-like histidine kinase SenX3	3.625E+00	0.040	22	1	136	140	58	214	410	169	0.971	0.383
LOKIASV2_1460_ESMFold_hypothetical_protein	AF-Q5U2W6-F1-model_v4	AF-Q5U2W6-F1-model_v4 Prostate tumor-overexpressed gene 1 protein homolog	5.708E+00	0.040	22	59	111	140	363	416	416	54	0.379	0.130
LOKIASV2_1460_ESMFold_hypothetical_protein	AF-P22013-F1-model_v4	AF-P22013-F1-model_v4 Tubulin beta-1 chain	5.350E+00	0.040	22	69	132	140	360	423	445	64	0.457	0.144
LOKIASV2_1460_ESMFold_hypothetical_protein	AF-Q8X524-F1-model_v4	AF-Q8X524-F1-model_v4 Sensor protein QseC	4.127E+00	0.040	22	2	138	140	83	239	449	174	0.979	0.350
LOKIASV2_1460_ESMFold_hypothetical_protein	AF-O58973-F1-model_v4	AF-O58973-F1-model_v4 Probable phosphoglucosamine mutase	4.699E+00	0.040	22	30	91	140	372	444	451	73	0.443	0.162
LOKIASV2_1460_ESMFold_hypothetical_protein	AF-O85343-F1-model_v4	AF-O85343-F1-model_v4 Phosphomannomutase	2.797E+00	0.040	22	37	91	140	389	452	456	64	0.393	0.140
LOKIASV2_1460_ESMFold_hypothetical_protein	AF-Q01411-F1-model_v4	AF-Q01411-F1-model_v4 Phosphomannomutase	4.699E+00	0.040	22	37	91	140	389	452	456	64	0.393	0.140
LOKIASV2_1460_ESMFold_hypothetical_protein	AF-A0A0H3GCG4-F1-model_v4	AF-A0A0H3GCG4-F1-model_v4 Cyclic-di-AMP phosphodiesterase PdeA	8.424E+00	0.040	22	2	85	140	81	171	657	99	0.600	0.139
LOKIASV2_1460_ESMFold_hypothetical_protein	AF-Q7XYY2-F1-model_v4	AF-Q7XYY2-F1-model_v4 Mediator of RNA polymerase II transcription subunit 25	2.621E+00	0.040	22	52	138	140	643	750	836	108	0.621	0.129
LOKIASV2_1460_ESMFold_hypothetical_protein	AF-A7H4N3-F1-model_v4	AF-A7H4N3-F1-model_v4 Alanine--tRNA ligase	4.127E+00	0.040	22	69	128	140	675	727	842	60	0.429	0.063
LOKIASV2_1460_ESMFold_hypothetical_protein	AF-A4VVR3-F1-model_v4	AF-A4VVR3-F1-model_v4 Alanine--tRNA ligase	6.499E+00	0.040	22	69	138	140	694	759	872	72	0.500	0.076
LOKIASV2_1460_ESMFold_hypothetical_protein	AF-Q5XBH1-F1-model_v4	AF-Q5XBH1-F1-model_v4 Alanine--tRNA ligase	7.399E+00	0.040	22	69	138	140	694	759	872	72	0.500	0.076
LOKIASV2_1460_ESMFold_hypothetical_protein	AF-A5EW88-F1-model_v4	AF-A5EW88-F1-model_v4 Alanine--tRNA ligase	4.127E+00	0.040	22	69	132	140	691	749	873	65	0.457	0.068
LOKIASV2_1460_ESMFold_hypothetical_protein	AF-Q048Z3-F1-model_v4	AF-Q048Z3-F1-model_v4 Alanine--tRNA ligase	3.868E+00	0.040	22	60	138	140	683	751	877	81	0.564	0.079
LOKIASV2_1460_ESMFold_hypothetical_protein	AF-Q03R43-F1-model_v4	AF-Q03R43-F1-model_v4 Alanine--tRNA ligase	3.868E+00	0.040	22	69	132	140	694	753	879	66	0.457	0.068
LOKIASV2_1460_ESMFold_hypothetical_protein	AF-Q97IG3-F1-model_v4	AF-Q97IG3-F1-model_v4 Alanine--tRNA ligase	3.397E+00	0.040	22	69	132	140	695	753	881	65	0.457	0.067
LOKIASV2_1460_ESMFold_hypothetical_protein	AF-P61702-F1-model_v4	AF-P61702-F1-model_v4 Alanine--tRNA ligase	2.456E+00	0.040	22	60	132	140	684	754	882	77	0.521	0.080
LOKIASV2_1460_ESMFold_hypothetical_protein	AF-Q165U5-F1-model_v4	AF-Q165U5-F1-model_v4 Alanine--tRNA ligase	2.984E+00	0.040	22	60	135	140	690	762	885	79	0.543	0.082
LOKIASV2_1460_ESMFold_hypothetical_protein	AF-Q9Y9X3-F1-model_v4	AF-Q9Y9X3-F1-model_v4 Alanine--tRNA ligase	5.350E+00	0.040	22	69	135	140	716	784	900	69	0.479	0.077
LOKIASV2_1460_ESMFold_hypothetical_protein	AF-Q3KM60-F1-model_v4	AF-Q3KM60-F1-model_v4 Valine--tRNA ligase	2.158E+00	0.040	22	7	135	140	818	935	939	141	0.921	0.126
LOKIASV2_1460_ESMFold_hypothetical_protein	AF-Q0VC85-F1-model_v4	AF-Q0VC85-F1-model_v4 Pleckstrin homology-like domain family A member 2	5.708E+00	0.034	21	53	138	140	62	124	142	87	0.614	0.444
LOKIASV2_1460_ESMFold_hypothetical_protein	AF-Q9UBP9-F1-model_v4	AF-Q9UBP9-F1-model_v4 PTB domain-containing engulfment adapter protein 1	4.699E+00	0.034	21	50	138	140	102	196	304	95	0.636	0.312
LOKIASV2_1460_ESMFold_hypothetical_protein	AF-Q08B09-F1-model_v4	AF-Q08B09-F1-model_v4 Alanyl-tRNA editing protein Aarsd1-A	3.868E+00	0.034	21	60	136	140	222	295	412	80	0.550	0.180
LOKIASV2_1460_ESMFold_hypothetical_protein	AF-A4IFC9-F1-model_v4	AF-A4IFC9-F1-model_v4 Prostate tumor-overexpressed gene 1 protein homolog	6.935E+00	0.034	21	59	111	140	362	415	415	54	0.379	0.130
LOKIASV2_1460_ESMFold_hypothetical_protein	AF-Q32LK1-F1-model_v4	AF-Q32LK1-F1-model_v4 Alanyl-tRNA editing protein Aarsd1	4.699E+00	0.034	21	62	136	140	228	296	444	76	0.536	0.155
LOKIASV2_1460_ESMFold_hypothetical_protein	AF-Q2NES6-F1-model_v4	AF-Q2NES6-F1-model_v4 Probable phosphoglucosamine mutase	6.499E+00	0.034	21	37	91	140	379	445	452	67	0.393	0.148
LOKIASV2_1460_ESMFold_hypothetical_protein	AF-P24175-F1-model_v4	AF-P24175-F1-model_v4 Phosphomannomutase	3.625E+00	0.034	21	37	91	140	389	452	456	64	0.393	0.140
LOKIASV2_1460_ESMFold_hypothetical_protein	AF-P10047-F1-model_v4	AF-P10047-F1-model_v4 C4-dicarboxylate transport sensor protein DctB	2.621E+00	0.034	21	6	138	140	212	378	622	174	0.950	0.268
LOKIASV2_1460_ESMFold_hypothetical_protein	AF-O94711-F1-model_v4	AF-O94711-F1-model_v4 GTPase-activating protein gyp2	8.989E+00	0.034	21	48	105	140	79	147	720	70	0.414	0.096
LOKIASV2_1460_ESMFold_hypothetical_protein	AF-Q71SY5-F1-model_v4	AF-Q71SY5-F1-model_v4 Mediator of RNA polymerase II transcription subunit 25	6.935E+00	0.034	21	59	111	140	510	562	747	53	0.379	0.071
LOKIASV2_1460_ESMFold_hypothetical_protein	AF-Q1JB08-F1-model_v4	AF-Q1JB08-F1-model_v4 Alanine--tRNA ligase	8.989E+00	0.034	21	69	138	140	694	759	872	72	0.500	0.076
LOKIASV2_1460_ESMFold_hypothetical_protein	AF-Q7NXM2-F1-model_v4	AF-Q7NXM2-F1-model_v4 Alanine--tRNA ligase	4.699E+00	0.034	21	69	132	140	692	751	877	66	0.457	0.068
LOKIASV2_1460_ESMFold_hypothetical_protein	AF-B2A5J7-F1-model_v4	AF-B2A5J7-F1-model_v4 Alanine--tRNA ligase	5.014E+00	0.034	21	60	136	140	684	752	878	78	0.550	0.079
LOKIASV2_1460_ESMFold_hypothetical_protein	AF-Q3AVV3-F1-model_v4	AF-Q3AVV3-F1-model_v4 Alanine--tRNA ligase	3.868E+00	0.034	21	69	135	140	696	754	890	68	0.479	0.066
LOKIASV2_1460_ESMFold_hypothetical_protein	AF-Q8G5W9-F1-model_v4	AF-Q8G5W9-F1-model_v4 Alanine--tRNA ligase	3.625E+00	0.034	21	60	135	140	697	764	893	77	0.543	0.076
LOKIASV2_1460_ESMFold_hypothetical_protein	AF-Q0I6G6-F1-model_v4	AF-Q0I6G6-F1-model_v4 Alanine--tRNA ligase	3.625E+00	0.034	21	69	135	140	702	760	893	68	0.479	0.066
LOKIASV2_1460_ESMFold_hypothetical_protein	AF-A1TRL4-F1-model_v4	AF-A1TRL4-F1-model_v4 Alanine--tRNA ligase	2.797E+00	0.034	21	60	125	140	753	822	948	72	0.471	0.074
LOKIASV2_1460_ESMFold_hypothetical_protein	AF-O08873-F1-model_v4	AF-O08873-F1-model_v4 MAP kinase-activating death domain protein	6.935E+00	0.034	21	47	78	140	1527	1567	1602	41	0.229	0.026
LOKIASV2_1460_ESMFold_hypothetical_protein	AF-Q8WXG6-F1-model_v4	AF-Q8WXG6-F1-model_v4 MAP kinase-activating death domain protein	8.424E+00	0.034	21	47	101	140	1572	1634	1647	63	0.393	0.038
LOKIASV2_1460_ESMFold_hypothetical_protein	AF-A6NC42-F1-model_v4	AF-A6NC42-F1-model_v4 Developmental pluripotency-associated 5 protein	5.014E+00	0.029	20	7	136	140	25	111	116	133	0.929	0.750
LOKIASV2_1460_ESMFold_hypothetical_protein	AF-A3CQ78-F1-model_v4	AF-A3CQ78-F1-model_v4 Adapter protein MecA	4.404E+00	0.029	20	26	139	140	33	139	250	115	0.814	0.428
LOKIASV2_1460_ESMFold_hypothetical_protein	AF-B3LJA9-F1-model_v4	AF-B3LJA9-F1-model_v4 Mitochondrial morphogenesis protein SLD7	1.776E+00	0.029	20	19	134	140	67	183	257	131	0.829	0.455
LOKIASV2_1460_ESMFold_hypothetical_protein	AF-E7M099-F1-model_v4	AF-E7M099-F1-model_v4 Mitochondrial morphogenesis protein SLD7	1.895E+00	0.029	20	19	134	140	67	183	257	131	0.829	0.455
LOKIASV2_1460_ESMFold_hypothetical_protein	AF-A6ZNR2-F1-model_v4	AF-A6ZNR2-F1-model_v4 Mitochondrial morphogenesis protein SLD7	1.560E+00	0.029	20	19	134	140	67	183	257	131	0.829	0.455
LOKIASV2_1460_ESMFold_hypothetical_protein	AF-E7QKN3-F1-model_v4	AF-E7QKN3-F1-model_v4 Mitochondrial morphogenesis protein SLD7	1.664E+00	0.029	20	19	134	140	67	183	257	131	0.829	0.455
LOKIASV2_1460_ESMFold_hypothetical_protein	AF-P9WGK4-F1-model_v4	AF-P9WGK4-F1-model_v4 Sensor-like histidine kinase senX3	4.404E+00	0.029	20	1	136	140	58	214	410	171	0.971	0.383
LOKIASV2_1460_ESMFold_hypothetical_protein	AF-Q3THG9-F1-model_v4	AF-Q3THG9-F1-model_v4 Alanyl-tRNA editing protein Aarsd1	6.091E+00	0.029	20	62	136	140	228	296	412	76	0.536	0.167
LOKIASV2_1460_ESMFold_hypothetical_protein	AF-A2AQ07-F1-model_v4	AF-A2AQ07-F1-model_v4 Tubulin beta-1 chain	7.895E+00	0.029	20	69	132	140	362	425	451	64	0.457	0.142
LOKIASV2_1460_ESMFold_hypothetical_protein	AF-P53960-F1-model_v4	AF-P53960-F1-model_v4 Putative alanyl-tRNA editing protein alaX	5.014E+00	0.029	20	58	136	140	254	328	456	84	0.564	0.164
LOKIASV2_1460_ESMFold_hypothetical_protein	AF-Q88IY8-F1-model_v4	AF-Q88IY8-F1-model_v4 Methyl-accepting chemotaxis protein McpP	7.895E+00	0.029	20	7	136	140	94	226	544	153	0.929	0.244
LOKIASV2_1460_ESMFold_hypothetical_protein	AF-Q9WVI4-F1-model_v4	AF-Q9WVI4-F1-model_v4 Guanylate cyclase soluble subunit alpha-2	7.399E+00	0.029	20	58	138	140	404	483	730	84	0.579	0.110
LOKIASV2_1460_ESMFold_hypothetical_protein	AF-P0DMI4-F1-model_v4	AF-P0DMI4-F1-model_v4 Transducer protein Htr4	4.699E+00	0.029	20	6	129	140	211	338	778	140	0.886	0.165
LOKIASV2_1460_ESMFold_hypothetical_protein	AF-Q8P0E6-F1-model_v4	AF-Q8P0E6-F1-model_v4 Alanine--tRNA ligase	7.895E+00	0.029	20	60	138	140	688	759	872	81	0.564	0.083
LOKIASV2_1460_ESMFold_hypothetical_protein	AF-A4W221-F1-model_v4	AF-A4W221-F1-model_v4 Alanine--tRNA ligase	8.989E+00	0.029	20	69	138	140	694	759	872	72	0.500	0.076
LOKIASV2_1460_ESMFold_hypothetical_protein	AF-Q48SS4-F1-model_v4	AF-Q48SS4-F1-model_v4 Alanine--tRNA ligase	9.591E+00	0.029	20	69	138	140	694	759	872	72	0.500	0.076
LOKIASV2_1460_ESMFold_hypothetical_protein	AF-Q1JL53-F1-model_v4	AF-Q1JL53-F1-model_v4 Alanine--tRNA ligase	6.935E+00	0.029	20	60	138	140	688	759	872	81	0.564	0.083
LOKIASV2_1460_ESMFold_hypothetical_protein	AF-Q5F7C4-F1-model_v4	AF-Q5F7C4-F1-model_v4 Alanine--tRNA ligase	3.397E+00	0.029	20	60	132	140	678	748	874	80	0.521	0.081
LOKIASV2_1460_ESMFold_hypothetical_protein	AF-Q9PLH5-F1-model_v4	AF-Q9PLH5-F1-model_v4 Alanine--tRNA ligase	8.989E+00	0.029	20	69	136	140	688	750	875	69	0.486	0.072
LOKIASV2_1460_ESMFold_hypothetical_protein	AF-P61701-F1-model_v4	AF-P61701-F1-model_v4 Alanine--tRNA ligase	7.399E+00	0.029	20	59	138	140	682	758	875	84	0.571	0.088
LOKIASV2_1460_ESMFold_hypothetical_protein	AF-Q045P6-F1-model_v4	AF-Q045P6-F1-model_v4 Alanine--tRNA ligase	3.625E+00	0.029	20	60	132	140	684	754	882	77	0.521	0.080
LOKIASV2_1460_ESMFold_hypothetical_protein	AF-A2CDK7-F1-model_v4	AF-A2CDK7-F1-model_v4 Alanine--tRNA ligase	4.699E+00	0.029	20	69	132	140	701	763	892	65	0.457	0.071
LOKIASV2_1460_ESMFold_hypothetical_protein	AF-Q503L1-F1-model_v4	AF-Q503L1-F1-model_v4 Pleckstrin homology-like domain family A member 2	8.989E+00	0.024	19	53	138	140	65	128	136	86	0.614	0.471
LOKIASV2_1460_ESMFold_hypothetical_protein	AF-A6NGQ2-F1-model_v4	AF-A6NGQ2-F1-model_v4 Oocyte-expressed protein homolog	3.868E+00	0.024	19	7	133	140	51	138	149	127	0.907	0.591
LOKIASV2_1460_ESMFold_hypothetical_protein	AF-B5VRV8-F1-model_v4	AF-B5VRV8-F1-model_v4 Mitochondrial morphogenesis protein SLD7	1.664E+00	0.024	19	19	134	140	67	183	257	135	0.829	0.455
LOKIASV2_1460_ESMFold_hypothetical_protein	AF-P69682-F1-model_v4	AF-P69682-F1-model_v4 Adaptin ear-binding coat-associated protein 1	5.014E+00	0.024	19	47	130	140	77	142	277	87	0.600	0.238
LOKIASV2_1460_ESMFold_hypothetical_protein	AF-Q5PQS4-F1-model_v4	AF-Q5PQS4-F1-model_v4 PTB domain-containing engulfment adapter protein 1	5.708E+00	0.024	19	50	138	140	102	196	304	96	0.636	0.312
LOKIASV2_1460_ESMFold_hypothetical_protein	AF-P41742-F1-model_v4	AF-P41742-F1-model_v4 Tubulin beta chain	8.989E+00	0.024	19	69	131	140	363	425	445	63	0.450	0.142
LOKIASV2_1460_ESMFold_hypothetical_protein	AF-Q40106-F1-model_v4	AF-Q40106-F1-model_v4 Tubulin beta-2 chain	2.797E+00	0.024	19	3	132	140	310	425	448	134	0.929	0.259
LOKIASV2_1460_ESMFold_hypothetical_protein	AF-P26341-F1-model_v4	AF-P26341-F1-model_v4 Phosphomannomutase	8.424E+00	0.024	19	37	91	140	389	452	456	64	0.393	0.140
LOKIASV2_1460_ESMFold_hypothetical_protein	AF-Q8YC53-F1-model_v4	AF-Q8YC53-F1-model_v4 Blue-light-activated histidine kinase	2.022E+00	0.024	19	7	135	140	174	335	489	168	0.921	0.331
LOKIASV2_1460_ESMFold_hypothetical_protein	AF-A9WYQ7-F1-model_v4	AF-A9WYQ7-F1-model_v4 Blue-light-activated histidine kinase	2.022E+00	0.024	19	7	135	140	174	335	489	168	0.921	0.331
LOKIASV2_1460_ESMFold_hypothetical_protein	AF-Q2FK46-F1-model_v4	AF-Q2FK46-F1-model_v4 Sensor protein kinase HptS	4.404E+00	0.024	19	6	134	140	164	264	518	132	0.921	0.195
LOKIASV2_1460_ESMFold_hypothetical_protein	AF-Q9UTA7-F1-model_v4	AF-Q9UTA7-F1-model_v4 Uncharacterized transcriptional regulatory protein C25B8.11	6.935E+00	0.024	19	5	101	140	152	229	654	99	0.693	0.119
LOKIASV2_1460_ESMFold_hypothetical_protein	AF-Q8K3H0-F1-model_v4	AF-Q8K3H0-F1-model_v4 DCC-interacting protein 13-alpha	1.895E+00	0.024	19	4	135	140	500	671	707	180	0.943	0.243
LOKIASV2_1460_ESMFold_hypothetical_protein	AF-B0R470-F1-model_v4	AF-B0R470-F1-model_v4 Transducer protein Htr4	6.091E+00	0.024	19	6	129	140	211	338	778	140	0.886	0.165
LOKIASV2_1460_ESMFold_hypothetical_protein	AF-P0DG24-F1-model_v4	AF-P0DG24-F1-model_v4 Alanine--tRNA ligase	8.424E+00	0.024	19	60	138	140	688	759	872	81	0.564	0.083
LOKIASV2_1460_ESMFold_hypothetical_protein	AF-Q1JG77-F1-model_v4	AF-Q1JG77-F1-model_v4 Alanine--tRNA ligase	8.424E+00	0.024	19	60	138	140	688	759	872	81	0.564	0.083
LOKIASV2_1460_ESMFold_hypothetical_protein	AF-Q5PBJ0-F1-model_v4	AF-Q5PBJ0-F1-model_v4 Alanine--tRNA ligase	7.399E+00	0.024	19	60	139	140	697	765	882	84	0.571	0.078
LOKIASV2_1460_ESMFold_hypothetical_protein	AF-Q6AFA1-F1-model_v4	AF-Q6AFA1-F1-model_v4 Alanine--tRNA ligase	7.895E+00	0.024	19	70	132	140	701	758	885	64	0.450	0.066
LOKIASV2_1460_ESMFold_hypothetical_protein	AF-Q31DD9-F1-model_v4	AF-Q31DD9-F1-model_v4 Alanine--tRNA ligase	4.127E+00	0.024	19	60	135	140	680	749	886	79	0.543	0.079
LOKIASV2_1460_ESMFold_hypothetical_protein	AF-Q7VEG5-F1-model_v4	AF-Q7VEG5-F1-model_v4 Alanine--tRNA ligase	8.424E+00	0.024	19	69	135	140	701	762	892	68	0.479	0.070
LOKIASV2_1460_ESMFold_hypothetical_protein	AF-Q02998-F1-model_v4	AF-Q02998-F1-model_v4 Uncharacterized 104.1 kDa protein in hypE 3'region	7.399E+00	0.024	19	5	139	140	487	663	952	179	0.964	0.186
LOKIASV2_1460_ESMFold_hypothetical_protein	AF-Q57895-F1-model_v4	AF-Q57895-F1-model_v4 Uncharacterized protein MJ0453	4.699E+00	0.020	18	35	95	140	17	104	107	89	0.436	0.822
LOKIASV2_1460_ESMFold_hypothetical_protein	AF-Q8AW35-F1-model_v4	AF-Q8AW35-F1-model_v4 Pleckstrin homology-like domain family A member 3	6.499E+00	0.020	18	53	134	140	60	116	127	82	0.586	0.449
LOKIASV2_1460_ESMFold_hypothetical_protein	AF-Q46751-F1-model_v4	AF-Q46751-F1-model_v4 Transcriptional activator protein CarR	7.895E+00	0.020	18	6	111	140	22	163	244	152	0.757	0.582
LOKIASV2_1460_ESMFold_hypothetical_protein	AF-Q08457-F1-model_v4	AF-Q08457-F1-model_v4 Mitochondrial morphogenesis protein SLD7	2.797E+00	0.020	18	19	134	140	67	183	257	133	0.829	0.455
LOKIASV2_1460_ESMFold_hypothetical_protein	AF-C8ZI21-F1-model_v4	AF-C8ZI21-F1-model_v4 Mitochondrial morphogenesis protein SLD7	2.158E+00	0.020	18	19	132	140	67	182	257	133	0.814	0.451
LOKIASV2_1460_ESMFold_hypothetical_protein	AF-Q9D1J1-F1-model_v4	AF-Q9D1J1-F1-model_v4 Adaptin ear-binding coat-associated protein 2	3.868E+00	0.020	18	45	129	140	76	140	266	86	0.607	0.244
LOKIASV2_1460_ESMFold_hypothetical_protein	AF-Q5XI97-F1-model_v4	AF-Q5XI97-F1-model_v4 Alanyl-tRNA editing protein Aarsd1	8.989E+00	0.020	18	62	136	140	228	296	412	76	0.536	0.167
LOKIASV2_1460_ESMFold_hypothetical_protein	AF-Q6DEJ5-F1-model_v4	AF-Q6DEJ5-F1-model_v4 Alanyl-tRNA editing protein Aarsd1	8.989E+00	0.020	18	62	136	140	227	295	412	76	0.536	0.167
LOKIASV2_1460_ESMFold_hypothetical_protein	AF-Q9NFZ5-F1-model_v4	AF-Q9NFZ5-F1-model_v4 Tubulin beta-3 chain	3.868E+00	0.020	18	3	132	140	310	425	443	137	0.929	0.262
LOKIASV2_1460_ESMFold_hypothetical_protein	AF-P20365-F1-model_v4	AF-P20365-F1-model_v4 Tubulin beta chain	3.397E+00	0.020	18	3	132	140	310	425	446	142	0.929	0.260
LOKIASV2_1460_ESMFold_hypothetical_protein	AF-Q96TU8-F1-model_v4	AF-Q96TU8-F1-model_v4 Tubulin beta chain	3.397E+00	0.020	18	3	132	140	310	425	447	138	0.929	0.260
LOKIASV2_1460_ESMFold_hypothetical_protein	AF-P52687-F1-model_v4	AF-P52687-F1-model_v4 Sensor histidine kinase CitA	7.895E+00	0.020	18	3	140	140	96	231	547	154	0.986	0.249
LOKIASV2_1460_ESMFold_hypothetical_protein	AF-Q7W6N4-F1-model_v4	AF-Q7W6N4-F1-model_v4 Alanine--tRNA ligase	5.708E+00	0.020	18	60	132	140	677	746	874	79	0.521	0.080
LOKIASV2_1460_ESMFold_hypothetical_protein	AF-Q03ER8-F1-model_v4	AF-Q03ER8-F1-model_v4 Alanine--tRNA ligase	6.499E+00	0.020	18	69	132	140	694	753	881	66	0.457	0.068
LOKIASV2_1460_ESMFold_hypothetical_protein	AF-A8Z681-F1-model_v4	AF-A8Z681-F1-model_v4 50S ribosomal protein L6	2.158E+00	0.016	17	18	102	140	51	158	182	115	0.607	0.593
LOKIASV2_1460_ESMFold_hypothetical_protein	AF-Q92DM1-F1-model_v4	AF-Q92DM1-F1-model_v4 Blue-light photoreceptor	6.091E+00	0.016	17	6	95	140	20	141	253	127	0.643	0.482
LOKIASV2_1460_ESMFold_hypothetical_protein	AF-Q5R630-F1-model_v4	AF-Q5R630-F1-model_v4 Adaptin ear-binding coat-associated protein 1	6.091E+00	0.016	17	47	133	140	77	145	275	90	0.621	0.251
LOKIASV2_1460_ESMFold_hypothetical_protein	AF-Q9N2N6-F1-model_v4	AF-Q9N2N6-F1-model_v4 Tubulin beta chain	4.404E+00	0.016	17	3	132	140	310	425	444	142	0.929	0.261
LOKIASV2_1460_ESMFold_hypothetical_protein	AF-Q5HDJ3-F1-model_v4	AF-Q5HDJ3-F1-model_v4 Heme sensor protein HssS	6.935E+00	0.016	17	6	135	140	76	205	457	143	0.929	0.284
LOKIASV2_1460_ESMFold_hypothetical_protein	AF-P40390-F1-model_v4	AF-P40390-F1-model_v4 Phosphoglucomutase	8.989E+00	0.016	17	4	80	140	366	437	460	92	0.550	0.157
LOKIASV2_1460_ESMFold_hypothetical_protein	AF-Q8WKE6-F1-model_v4	AF-Q8WKE6-F1-model_v4 Maturase K	4.699E+00	0.016	17	22	97	140	235	305	504	80	0.543	0.141
LOKIASV2_1460_ESMFold_hypothetical_protein	AF-A0A3Q7JC00-F1-model_v4	AF-A0A3Q7JC00-F1-model_v4 Mediator of RNA polymerase II transcription subunit 25	5.708E+00	0.016	17	52	131	140	626	718	805	93	0.571	0.116
LOKIASV2_1460_ESMFold_hypothetical_protein	AF-Q3MGN4-F1-model_v4	AF-Q3MGN4-F1-model_v4 Alanine--tRNA ligase	6.935E+00	0.016	17	60	132	140	682	751	880	76	0.521	0.080
LOKIASV2_1460_ESMFold_hypothetical_protein	AF-Q3B1I7-F1-model_v4	AF-Q3B1I7-F1-model_v4 Alanine--tRNA ligase	5.350E+00	0.016	17	60	133	140	686	761	887	82	0.529	0.086
LOKIASV2_1460_ESMFold_hypothetical_protein	AF-A2YA15-F1-model_v4	AF-A2YA15-F1-model_v4 Probable histidine kinase 2	5.350E+00	0.016	17	6	135	140	240	384	1048	161	0.929	0.138
LOKIASV2_1460_ESMFold_hypothetical_protein	AF-Q24040-F1-model_v4	AF-Q24040-F1-model_v4 Protein big brother	3.625E+00	0.014	16	13	139	140	89	199	213	144	0.907	0.521
LOKIASV2_1460_ESMFold_hypothetical_protein	AF-Q2QQA3-F1-model_v4	AF-Q2QQA3-F1-model_v4 MADS-box transcription factor 20	6.091E+00	0.014	16	7	139	140	44	156	233	135	0.950	0.485
LOKIASV2_1460_ESMFold_hypothetical_protein	AF-E7KIF0-F1-model_v4	AF-E7KIF0-F1-model_v4 Mitochondrial morphogenesis protein SLD7	3.184E+00	0.014	16	19	132	140	67	182	257	130	0.814	0.451
LOKIASV2_1460_ESMFold_hypothetical_protein	AF-Q9CR95-F1-model_v4	AF-Q9CR95-F1-model_v4 Adaptin ear-binding coat-associated protein 1	6.935E+00	0.014	16	47	130	140	77	142	275	87	0.600	0.240
LOKIASV2_1460_ESMFold_hypothetical_protein	AF-Q91VU8-F1-model_v4	AF-Q91VU8-F1-model_v4 Prostate tumor-overexpressed gene 1 protein homolog	4.699E+00	0.014	16	19	111	140	327	416	416	104	0.664	0.216
LOKIASV2_1460_ESMFold_hypothetical_protein	AF-Q8SS99-F1-model_v4	AF-Q8SS99-F1-model_v4 Tubulin beta chain	5.350E+00	0.014	16	3	132	140	310	425	439	143	0.929	0.264
LOKIASV2_1460_ESMFold_hypothetical_protein	AF-P12456-F1-model_v4	AF-P12456-F1-model_v4 Tubulin beta-1 chain	5.014E+00	0.014	16	3	132	140	310	425	441	143	0.929	0.263
LOKIASV2_1460_ESMFold_hypothetical_protein	AF-P04690-F1-model_v4	AF-P04690-F1-model_v4 Tubulin beta-1/beta-2 chain	5.014E+00	0.014	16	3	132	140	310	425	443	143	0.929	0.262
LOKIASV2_1460_ESMFold_hypothetical_protein	AF-Q8WP13-F1-model_v4	AF-Q8WP13-F1-model_v4 Tubulin beta-8 chain	4.404E+00	0.014	16	3	138	140	310	440	444	157	0.971	0.295
LOKIASV2_1460_ESMFold_hypothetical_protein	AF-Q9ZSW1-F1-model_v4	AF-Q9ZSW1-F1-model_v4 Tubulin beta-1 chain	6.091E+00	0.014	16	3	132	140	310	425	447	138	0.929	0.260
LOKIASV2_1460_ESMFold_hypothetical_protein	AF-P41799-F1-model_v4	AF-P41799-F1-model_v4 Tubulin beta chain	6.091E+00	0.014	16	3	132	140	310	425	447	143	0.929	0.260
LOKIASV2_1460_ESMFold_hypothetical_protein	AF-P10874-F1-model_v4	AF-P10874-F1-model_v4 Tubulin beta-2 chain	5.350E+00	0.014	16	4	131	140	311	424	449	141	0.914	0.254
LOKIASV2_1460_ESMFold_hypothetical_protein	AF-P34108-F1-model_v4	AF-P34108-F1-model_v4 Tubulin beta chain	5.350E+00	0.014	16	3	132	140	310	425	451	143	0.929	0.257
LOKIASV2_1460_ESMFold_hypothetical_protein	AF-P40391-F1-model_v4	AF-P40391-F1-model_v4 Phosphoglucomutase	8.424E+00	0.014	16	6	89	140	371	449	460	100	0.600	0.172
LOKIASV2_1460_ESMFold_hypothetical_protein	AF-P07436-F1-model_v4	AF-P07436-F1-model_v4 Tubulin beta-1 chain	5.708E+00	0.014	16	3	132	140	310	425	467	138	0.929	0.248
LOKIASV2_1460_ESMFold_hypothetical_protein	AF-Q9CCJ1-F1-model_v4	AF-Q9CCJ1-F1-model_v4 Sensor histidine kinase MtrB	8.424E+00	0.014	16	6	138	140	129	253	562	148	0.950	0.222
LOKIASV2_1460_ESMFold_hypothetical_protein	AF-O75553-F1-model_v4	AF-O75553-F1-model_v4 Disabled homolog 1	7.895E+00	0.014	16	53	135	140	120	190	588	86	0.593	0.121
LOKIASV2_1460_ESMFold_hypothetical_protein	AF-P97318-F1-model_v4	AF-P97318-F1-model_v4 Disabled homolog 1	9.591E+00	0.014	16	53	135	140	120	190	588	86	0.593	0.121
LOKIASV2_1460_ESMFold_hypothetical_protein	AF-P46662-F1-model_v4	AF-P46662-F1-model_v4 Merlin	6.091E+00	0.014	16	2	138	140	217	351	596	156	0.979	0.227
LOKIASV2_1460_ESMFold_hypothetical_protein	AF-P16068-F1-model_v4	AF-P16068-F1-model_v4 Guanylate cyclase soluble subunit beta-1	3.625E+00	0.014	16	19	88	140	135	198	619	76	0.500	0.103
LOKIASV2_1460_ESMFold_hypothetical_protein	AF-P20595-F1-model_v4	AF-P20595-F1-model_v4 Guanylate cyclase soluble subunit beta-1	4.699E+00	0.014	16	19	94	140	135	200	619	78	0.543	0.107
LOKIASV2_1460_ESMFold_hypothetical_protein	AF-P13633-F1-model_v4	AF-P13633-F1-model_v4 C4-dicarboxylate transport sensor protein DctB	8.424E+00	0.014	16	6	138	140	213	385	621	179	0.950	0.279
LOKIASV2_1460_ESMFold_hypothetical_protein	AF-Q9UKG1-F1-model_v4	AF-Q9UKG1-F1-model_v4 DCC-interacting protein 13-alpha	4.404E+00	0.014	16	4	138	140	501	665	709	179	0.964	0.233
LOKIASV2_1460_ESMFold_hypothetical_protein	AF-Q0W5Q9-F1-model_v4	AF-Q0W5Q9-F1-model_v4 Alanine--tRNA ligase	7.895E+00	0.014	16	59	135	140	713	779	875	82	0.550	0.077
LOKIASV2_1460_ESMFold_hypothetical_protein	AF-Q40170-F1-model_v4	AF-Q40170-F1-model_v4 Agamous-like MADS-box protein AGL8 homolog	9.591E+00	0.011	15	7	139	140	44	153	227	141	0.950	0.485
LOKIASV2_1460_ESMFold_hypothetical_protein	AF-A2IB53-F1-model_v4	AF-A2IB53-F1-model_v4 Floral homeotic protein APETALA 1	7.895E+00	0.011	15	20	134	140	9	114	256	120	0.821	0.414
LOKIASV2_1460_ESMFold_hypothetical_protein	AF-Q3T093-F1-model_v4	AF-Q3T093-F1-model_v4 Adaptin ear-binding coat-associated protein 1	8.424E+00	0.011	15	47	130	140	77	142	275	87	0.600	0.240
LOKIASV2_1460_ESMFold_hypothetical_protein	AF-Q6FKM8-F1-model_v4	AF-Q6FKM8-F1-model_v4 Mitochondrial morphogenesis protein SLD7	7.399E+00	0.011	15	19	136	140	72	196	279	139	0.843	0.448
LOKIASV2_1460_ESMFold_hypothetical_protein	AF-P20364-F1-model_v4	AF-P20364-F1-model_v4 Tubulin beta-1 chain	7.399E+00	0.011	15	3	132	140	178	293	315	143	0.929	0.368
LOKIASV2_1460_ESMFold_hypothetical_protein	AF-Q86YD1-F1-model_v4	AF-Q86YD1-F1-model_v4 Prostate tumor-overexpressed gene 1 protein	5.014E+00	0.011	15	19	102	140	165	242	416	91	0.600	0.188
LOKIASV2_1460_ESMFold_hypothetical_protein	AF-A9BCE8-F1-model_v4	AF-A9BCE8-F1-model_v4 Cytochrome c biogenesis protein CcsB	7.895E+00	0.011	15	19	93	140	362	424	429	75	0.536	0.147
LOKIASV2_1460_ESMFold_hypothetical_protein	AF-Q24829-F1-model_v4	AF-Q24829-F1-model_v4 Tubulin beta chain	6.935E+00	0.011	15	3	132	140	310	425	439	143	0.929	0.264
LOKIASV2_1460_ESMFold_hypothetical_protein	AF-Q9SEV2-F1-model_v4	AF-Q9SEV2-F1-model_v4 Tubulin beta chain, nucleomorph	6.091E+00	0.011	15	3	131	140	310	424	441	136	0.921	0.261
LOKIASV2_1460_ESMFold_hypothetical_protein	AF-P10876-F1-model_v4	AF-P10876-F1-model_v4 Tubulin beta chain	7.895E+00	0.011	15	3	132	140	310	425	443	143	0.929	0.262
LOKIASV2_1460_ESMFold_hypothetical_protein	AF-P22852-F1-model_v4	AF-P22852-F1-model_v4 Tubulin beta chain	7.895E+00	0.011	15	3	132	140	310	425	443	143	0.929	0.262
LOKIASV2_1460_ESMFold_hypothetical_protein	AF-Q41785-F1-model_v4	AF-Q41785-F1-model_v4 Tubulin beta-8 chain	6.091E+00	0.011	15	4	139	140	311	442	445	159	0.971	0.297
LOKIASV2_1460_ESMFold_hypothetical_protein	AF-P50261-F1-model_v4	AF-P50261-F1-model_v4 Tubulin beta-3 chain	6.499E+00	0.011	15	4	132	140	311	425	445	141	0.921	0.258
LOKIASV2_1460_ESMFold_hypothetical_protein	AF-Q6VAF7-F1-model_v4	AF-Q6VAF7-F1-model_v4 Tubulin beta-5 chain	6.499E+00	0.011	15	3	140	140	310	445	445	163	0.986	0.306
LOKIASV2_1460_ESMFold_hypothetical_protein	AF-Q41783-F1-model_v4	AF-Q41783-F1-model_v4 Tubulin beta-6 chain	7.399E+00	0.011	15	4	132	140	311	425	446	142	0.921	0.258
LOKIASV2_1460_ESMFold_hypothetical_protein	AF-Q40665-F1-model_v4	AF-Q40665-F1-model_v4 Tubulin beta-3 chain	5.350E+00	0.011	15	3	138	140	310	440	446	158	0.971	0.294
LOKIASV2_1460_ESMFold_hypothetical_protein	AF-Q4P235-F1-model_v4	AF-Q4P235-F1-model_v4 Tubulin beta chain	7.399E+00	0.011	15	3	132	140	310	425	448	143	0.929	0.259
LOKIASV2_1460_ESMFold_hypothetical_protein	AF-Q9HFQ3-F1-model_v4	AF-Q9HFQ3-F1-model_v4 Tubulin beta chain	6.935E+00	0.011	15	3	131	140	310	424	448	142	0.921	0.257
LOKIASV2_1460_ESMFold_hypothetical_protein	AF-P29516-F1-model_v4	AF-P29516-F1-model_v4 Tubulin beta-8 chain	6.499E+00	0.011	15	4	132	140	311	425	449	142	0.921	0.256
LOKIASV2_1460_ESMFold_hypothetical_protein	AF-P10875-F1-model_v4	AF-P10875-F1-model_v4 Tubulin beta chain	7.399E+00	0.011	15	3	132	140	310	425	449	142	0.929	0.258
LOKIASV2_1460_ESMFold_hypothetical_protein	AF-P32925-F1-model_v4	AF-P32925-F1-model_v4 Tubulin beta-2 chain	6.091E+00	0.011	15	3	131	140	312	426	453	142	0.921	0.254
LOKIASV2_1460_ESMFold_hypothetical_protein	AF-O06966-F1-model_v4	AF-O06966-F1-model_v4 Putative uncharacterized protein YvcB	6.499E+00	0.011	15	28	134	140	457	567	636	116	0.764	0.175
LOKIASV2_1460_ESMFold_hypothetical_protein	AF-P13485-F1-model_v4	AF-P13485-F1-model_v4 Teichoic acid poly(glycerol phosphate) polymerase	9.591E+00	0.011	15	52	133	140	303	370	746	84	0.586	0.091
LOKIASV2_1460_ESMFold_hypothetical_protein	AF-P02763-F1-model_v4	AF-P02763-F1-model_v4 Alpha-1-acid glycoprotein 1	7.895E+00	0.010	14	52	134	140	107	200	201	103	0.593	0.468
LOKIASV2_1460_ESMFold_hypothetical_protein	AF-Q6VAF8-F1-model_v4	AF-Q6VAF8-F1-model_v4 Tubulin beta-3 chain	9.591E+00	0.010	14	4	134	140	311	427	430	144	0.936	0.272
LOKIASV2_1460_ESMFold_hypothetical_protein	AF-P33188-F1-model_v4	AF-P33188-F1-model_v4 Tubulin beta chain	8.989E+00	0.010	14	3	132	140	310	425	442	143	0.929	0.262
LOKIASV2_1460_ESMFold_hypothetical_protein	AF-O04386-F1-model_v4	AF-O04386-F1-model_v4 Tubulin beta chain	8.989E+00	0.010	14	3	132	140	310	425	443	143	0.929	0.262
LOKIASV2_1460_ESMFold_hypothetical_protein	AF-Q8WZE0-F1-model_v4	AF-Q8WZE0-F1-model_v4 Tubulin beta chain	9.591E+00	0.010	14	3	132	140	310	425	444	143	0.929	0.261
LOKIASV2_1460_ESMFold_hypothetical_protein	AF-Q39697-F1-model_v4	AF-Q39697-F1-model_v4 Tubulin beta-2 chain	8.424E+00	0.010	14	4	132	140	311	425	444	142	0.921	0.259
LOKIASV2_1460_ESMFold_hypothetical_protein	AF-Q6VAF5-F1-model_v4	AF-Q6VAF5-F1-model_v4 Tubulin beta-7 chain	9.591E+00	0.010	14	3	132	140	310	425	444	142	0.929	0.261
LOKIASV2_1460_ESMFold_hypothetical_protein	AF-P07437-F1-model_v4	AF-P07437-F1-model_v4 Tubulin beta chain	8.989E+00	0.010	14	3	140	140	310	444	444	161	0.986	0.304
LOKIASV2_1460_ESMFold_hypothetical_protein	AF-P21148-F1-model_v4	AF-P21148-F1-model_v4 Tubulin beta chain	7.399E+00	0.010	14	3	138	140	312	444	445	159	0.971	0.299
LOKIASV2_1460_ESMFold_hypothetical_protein	AF-Q875L3-F1-model_v4	AF-Q875L3-F1-model_v4 Tubulin beta-1 chain	9.591E+00	0.010	14	3	132	140	310	425	445	134	0.929	0.261
LOKIASV2_1460_ESMFold_hypothetical_protein	AF-P79008-F1-model_v4	AF-P79008-F1-model_v4 Tubulin beta chain	9.591E+00	0.010	14	3	132	140	310	425	445	139	0.929	0.261
LOKIASV2_1460_ESMFold_hypothetical_protein	AF-P36221-F1-model_v4	AF-P36221-F1-model_v4 Tubulin beta-1 chain	9.591E+00	0.010	14	3	132	140	310	425	446	143	0.929	0.260
LOKIASV2_1460_ESMFold_hypothetical_protein	AF-Q92268-F1-model_v4	AF-Q92268-F1-model_v4 Tubulin beta chain	8.424E+00	0.010	14	3	132	140	310	425	446	138	0.929	0.260
LOKIASV2_1460_ESMFold_hypothetical_protein	AF-P09207-F1-model_v4	AF-P09207-F1-model_v4 Tubulin beta-6 chain	8.989E+00	0.010	14	3	138	140	310	437	446	155	0.971	0.287
LOKIASV2_1460_ESMFold_hypothetical_protein	AF-Q24560-F1-model_v4	AF-Q24560-F1-model_v4 Tubulin beta-1 chain	8.424E+00	0.010	14	3	132	140	310	425	447	143	0.929	0.260
LOKIASV2_1460_ESMFold_hypothetical_protein	AF-P35394-F1-model_v4	AF-P35394-F1-model_v4 Tubulin beta chain	8.424E+00	0.010	14	3	131	140	310	424	447	139	0.921	0.257
LOKIASV2_1460_ESMFold_hypothetical_protein	AF-Q9NFZ7-F1-model_v4	AF-Q9NFZ7-F1-model_v4 Tubulin beta-1 chain	8.424E+00	0.010	14	3	131	140	310	424	448	142	0.921	0.257
LOKIASV2_1460_ESMFold_hypothetical_protein	AF-P29514-F1-model_v4	AF-P29514-F1-model_v4 Tubulin beta-6 chain	8.424E+00	0.010	14	3	132	140	310	425	449	143	0.929	0.258
LOKIASV2_1460_ESMFold_hypothetical_protein	AF-P29500-F1-model_v4	AF-P29500-F1-model_v4 Tubulin beta-1 chain	8.989E+00	0.010	14	3	132	140	310	425	450	143	0.929	0.258
LOKIASV2_1460_ESMFold_hypothetical_protein	AF-P52275-F1-model_v4	AF-P52275-F1-model_v4 Tubulin beta-2 chain	9.591E+00	0.010	14	3	131	140	310	424	450	137	0.921	0.256
LOKIASV2_1460_ESMFold_hypothetical_protein	AF-Q56YW9-F1-model_v4	AF-Q56YW9-F1-model_v4 Tubulin beta-2 chain	8.424E+00	0.010	14	4	132	140	311	425	450	142	0.921	0.256
LOKIASV2_1460_ESMFold_hypothetical_protein	AF-P12458-F1-model_v4	AF-P12458-F1-model_v4 Tubulin beta-2 chain	9.591E+00	0.010	14	3	132	140	310	425	454	142	0.929	0.256
LOKIASV2_1460_ESMFold_hypothetical_protein	AF-Q9GNF0-F1-model_v4	AF-Q9GNF0-F1-model_v4 Uridine-cytidine kinase D	6.935E+00	0.010	14	18	90	140	375	444	492	83	0.521	0.142
LOKIASV2_1460_ESMFold_hypothetical_protein	AF-Q9VDR1-F1-model_v4	AF-Q9VDR1-F1-model_v4 Mediator of RNA polymerase II transcription subunit 25	6.935E+00	0.010	14	19	138	140	597	722	863	141	0.857	0.146
LOKIASV2_1460_ESMFold_hypothetical_protein	AF-O70507-F1-model_v4	AF-O70507-F1-model_v4 Potassium/sodium hyperpolarization-activated cyclic nucleotide-gated channel 4	8.989E+00	0.010	14	1	134	140	634	749	1186	154	0.957	0.098
LOKIASV2_1460_ESMFold_hypothetical_protein	AF-Q5L8C4-F1-model_v4	AF-Q5L8C4-F1-model_v4 50S ribosomal protein L6	6.091E+00	0.009	13	19	95	140	52	157	189	113	0.550	0.561
LOKIASV2_1460_ESMFold_hypothetical_protein	AF-Q8A491-F1-model_v4	AF-Q8A491-F1-model_v4 50S ribosomal protein L6	8.989E+00	0.009	13	19	95	140	52	157	189	113	0.550	0.561
LOKIASV2_1460_ESMFold_hypothetical_protein	AF-Q38838-F1-model_v4	AF-Q38838-F1-model_v4 Agamous-like MADS-box protein AGL14	9.591E+00	0.009	13	20	134	140	6	113	221	122	0.821	0.489
LOKIASV2_1460_ESMFold_hypothetical_protein	AF-Q6CJS0-F1-model_v4	AF-Q6CJS0-F1-model_v4 Mitochondrial morphogenesis protein SLD7	5.350E+00	0.009	13	16	135	140	65	178	260	139	0.857	0.438
LOKIASV2_1460_ESMFold_hypothetical_protein	AF-Q06J39-F1-model_v4	AF-Q06J39-F1-model_v4 DNA-directed RNA polymerase subunit alpha	7.399E+00	0.009	13	6	137	140	101	283	358	186	0.943	0.511
LOKIASV2_1460_ESMFold_hypothetical_protein	AF-A0KJ03-F1-model_v4	AF-A0KJ03-F1-model_v4 Aminomethyltransferase	6.499E+00	0.009	13	4	91	140	80	213	365	136	0.629	0.367
LOKIASV2_1460_ESMFold_hypothetical_protein	AF-Q08115-F1-model_v4	AF-Q08115-F1-model_v4 Tubulin beta chain	9.591E+00	0.009	13	3	140	140	310	444	444	162	0.986	0.304
LOKIASV2_1460_ESMFold_hypothetical_protein	AF-Q9H4B7-F1-model_v4	AF-Q9H4B7-F1-model_v4 Tubulin beta-1 chain	9.591E+00	0.009	13	3	131	140	310	424	451	142	0.921	0.255
LOKIASV2_1460_ESMFold_hypothetical_protein	AF-Q9CWR0-F1-model_v4	AF-Q9CWR0-F1-model_v4 Rho guanine nucleotide exchange factor 25	8.989E+00	0.009	13	58	136	140	468	530	618	85	0.564	0.102
LOKIASV2_1460_ESMFold_hypothetical_protein	AF-B2K0Q5-F1-model_v4	AF-B2K0Q5-F1-model_v4 Aminomethyltransferase	6.935E+00	0.008	12	2	91	140	78	213	365	138	0.643	0.373
LOKIASV2_1460_ESMFold_hypothetical_protein	AF-P30668-F1-model_v4	AF-P30668-F1-model_v4 Tubulin beta chain	9.591E+00	0.008	12	3	135	140	310	443	445	157	0.950	0.301
LOKIASV2_1460_ESMFold_hypothetical_protein	AF-A9R4K6-F1-model_v4	AF-A9R4K6-F1-model_v4 Aminomethyltransferase	9.591E+00	0.007	11	2	91	140	78	213	365	138	0.643	0.373
LOKIASV2_1460_ESMFold_hypothetical_protein	AF-A7FF19-F1-model_v4	AF-A7FF19-F1-model_v4 Aminomethyltransferase	9.591E+00	0.007	11	2	91	140	78	213	365	138	0.643	0.373
LOKIASV2_1460_ESMFold_hypothetical_protein	AF-Q1CEZ7-F1-model_v4	AF-Q1CEZ7-F1-model_v4 Aminomethyltransferase	9.591E+00	0.007	11	2	91	140	78	213	365	138	0.643	0.373
LOKIASV2_1460_ESMFold_hypothetical_protein	AF-Q666R5-F1-model_v4	AF-Q666R5-F1-model_v4 Aminomethyltransferase	9.591E+00	0.007	11	2	91	140	78	213	365	138	0.643	0.373
LOKIASV2_1460_ESMFold_hypothetical_protein	AF-B0G156-F1-model_v4	AF-B0G156-F1-model_v4 Uncharacterized protein	8.219E-07	1.000	248	4	122	140	2	125	254	124	0.850	0.488
LOKIASV2_1460_ESMFold_hypothetical_protein	AF-B9FRI7-F1-model_v4	AF-B9FRI7-F1-model_v4 Trafficking protein particle complex subunit	1.427E-05	1.000	187	3	97	140	5	105	143	104	0.679	0.706
LOKIASV2_1460_ESMFold_hypothetical_protein	AF-I1L708-F1-model_v4	AF-I1L708-F1-model_v4 Trafficking protein particle complex subunit	1.733E-05	1.000	185	1	99	140	1	105	141	108	0.707	0.745
LOKIASV2_1460_ESMFold_hypothetical_protein	AF-A4IA35-F1-model_v4	AF-A4IA35-F1-model_v4 AP-3_complex_subunit_mu_-_putative	6.139E-06	1.000	185	4	109	140	2	109	468	110	0.757	0.231
LOKIASV2_1460_ESMFold_hypothetical_protein	AF-I1LLI8-F1-model_v4	AF-I1LLI8-F1-model_v4 Trafficking protein particle complex subunit	1.624E-05	1.000	183	1	97	140	1	103	141	106	0.693	0.730
LOKIASV2_1460_ESMFold_hypothetical_protein	AF-B4FEQ9-F1-model_v4	AF-B4FEQ9-F1-model_v4 Trafficking protein particle complex subunit	1.973E-05	1.000	183	3	97	140	5	105	143	104	0.679	0.706
LOKIASV2_1460_ESMFold_hypothetical_protein	AF-Q9LZ97-F1-model_v4	AF-Q9LZ97-F1-model_v4 Trafficking protein particle complex subunit	1.253E-05	1.000	181	1	97	140	1	103	141	107	0.693	0.730
LOKIASV2_1460_ESMFold_hypothetical_protein	AF-A0A3P7ESH6-F1-model_v4	AF-A0A3P7ESH6-F1-model_v4 SRP54 domain-containing protein	2.105E-05	1.000	175	1	135	140	4	136	658	141	0.964	0.202
LOKIASV2_1460_ESMFold_hypothetical_protein	AF-Q54TG0-F1-model_v4	AF-Q54TG0-F1-model_v4 Uncharacterized protein	9.987E-05	1.000	170	4	95	140	85	172	478	92	0.657	0.184
LOKIASV2_1460_ESMFold_hypothetical_protein	AF-A0A0N4UKJ0-F1-model_v4	AF-A0A0N4UKJ0-F1-model_v4 Trafficking protein particle complex subunit	3.537E-05	1.000	169	2	98	140	1	100	133	103	0.693	0.752
LOKIASV2_1460_ESMFold_hypothetical_protein	AF-Q9HFE5-F1-model_v4	AF-Q9HFE5-F1-model_v4 AP-1 complex subunit mu-1	1.522E-05	1.000	168	4	127	140	2	115	426	124	0.886	0.268
LOKIASV2_1460_ESMFold_hypothetical_protein	AF-Q54UU1-F1-model_v4	AF-Q54UU1-F1-model_v4 Trafficking protein particle complex subunit 4	3.774E-05	1.000	167	2	97	140	1	103	135	107	0.686	0.763
LOKIASV2_1460_ESMFold_hypothetical_protein	AF-B6T5T0-F1-model_v4	AF-B6T5T0-F1-model_v4 Trafficking protein particle complex subunit	2.105E-05	1.000	166	4	97	140	6	105	143	105	0.671	0.699
LOKIASV2_1460_ESMFold_hypothetical_protein	AF-O43032-F1-model_v4	AF-O43032-F1-model_v4 Signal recognition particle receptor subunit alpha homolog	2.246E-05	1.000	166	4	135	140	2	126	547	134	0.943	0.229
LOKIASV2_1460_ESMFold_hypothetical_protein	AF-A0A1D6MZZ0-F1-model_v4	AF-A0A1D6MZZ0-F1-model_v4 Vacuolar fusion protein MON1 homolog	6.342E-05	1.000	166	2	117	140	130	246	613	121	0.829	0.191
LOKIASV2_1460_ESMFold_hypothetical_protein	AF-A0A0I9NB21-F1-model_v4	AF-A0A0I9NB21-F1-model_v4 Bm3902	4.585E-05	1.000	166	4	135	140	2	131	653	138	0.943	0.199
LOKIASV2_1460_ESMFold_hypothetical_protein	AF-A0A3Q0KGX2-F1-model_v4	AF-A0A3Q0KGX2-F1-model_v4 Putative clathrin coat assembly protein ap-1	7.704E-05	1.000	165	2	92	140	1	87	433	91	0.650	0.201
LOKIASV2_1460_ESMFold_hypothetical_protein	AF-A0A044S4B4-F1-model_v4	AF-A0A044S4B4-F1-model_v4 SRP54 domain-containing protein	4.893E-05	1.000	165	4	135	140	2	131	653	139	0.943	0.199
LOKIASV2_1460_ESMFold_hypothetical_protein	AF-Q9GPF1-F1-model_v4	AF-Q9GPF1-F1-model_v4 AP-3 complex subunit mu	2.397E-05	1.000	163	4	126	140	2	115	421	126	0.879	0.271
LOKIASV2_1460_ESMFold_hypothetical_protein	AF-Q9JKC7-F1-model_v4	AF-Q9JKC7-F1-model_v4 AP-4 complex subunit mu-1	9.987E-05	1.000	163	4	95	140	2	89	449	92	0.657	0.196
LOKIASV2_1460_ESMFold_hypothetical_protein	AF-Q84NS9-F1-model_v4	AF-Q84NS9-F1-model_v4 Trafficking protein particle complex subunit	6.342E-05	1.000	162	4	97	140	6	105	143	104	0.671	0.699
LOKIASV2_1460_ESMFold_hypothetical_protein	AF-Q3UYI6-F1-model_v4	AF-Q3UYI6-F1-model_v4 Protein fuzzy homolog	4.585E-05	1.000	162	6	123	140	11	136	415	130	0.843	0.304
LOKIASV2_1460_ESMFold_hypothetical_protein	AF-K7M367-F1-model_v4	AF-K7M367-F1-model_v4 Vacuolar fusion protein MON1 homolog	1.381E-04	1.000	162	4	111	140	117	220	548	108	0.771	0.190
LOKIASV2_1460_ESMFold_hypothetical_protein	AF-A0A0R0H6P7-F1-model_v4	AF-A0A0R0H6P7-F1-model_v4 Vacuolar fusion protein MON1 homolog	1.294E-04	1.000	161	2	111	140	109	214	546	110	0.786	0.194
LOKIASV2_1460_ESMFold_hypothetical_protein	AF-Q9BT04-F1-model_v4	AF-Q9BT04-F1-model_v4 Protein fuzzy homolog	5.944E-05	1.000	160	6	123	140	11	136	418	130	0.843	0.301
LOKIASV2_1460_ESMFold_hypothetical_protein	AF-F1Q997-F1-model_v4	AF-F1Q997-F1-model_v4 Adaptor-related protein complex 1 subunit mu 3	2.397E-05	1.000	160	2	108	140	1	107	423	111	0.764	0.253
LOKIASV2_1460_ESMFold_hypothetical_protein	AF-Q2PWT8-F1-model_v4	AF-Q2PWT8-F1-model_v4 AP-4 complex subunit mu-1	8.221E-05	1.000	160	4	105	140	2	102	453	105	0.729	0.223
LOKIASV2_1460_ESMFold_hypothetical_protein	AF-C1H0D6-F1-model_v4	AF-C1H0D6-F1-model_v4 AP-1 complex subunit mu-1	2.729E-05	1.000	160	4	127	140	2	115	454	124	0.886	0.251
LOKIASV2_1460_ESMFold_hypothetical_protein	AF-Q3B756-F1-model_v4	AF-Q3B756-F1-model_v4 Protein fuzzy homolog	4.893E-05	1.000	159	6	119	140	11	132	415	126	0.814	0.294
LOKIASV2_1460_ESMFold_hypothetical_protein	AF-A0A0D2EZB5-F1-model_v4	AF-A0A0D2EZB5-F1-model_v4 Unplaced genomic scaffold supercont1.4, whole genome shotgun sequence	2.912E-05	1.000	159	4	117	140	2	115	449	118	0.814	0.254
LOKIASV2_1460_ESMFold_hypothetical_protein	AF-P35585-F1-model_v4	AF-P35585-F1-model_v4 AP-1 complex subunit mu-1	4.027E-05	1.000	158	2	127	140	1	115	423	126	0.900	0.272
LOKIASV2_1460_ESMFold_hypothetical_protein	AF-A0A175VY69-F1-model_v4	AF-A0A175VY69-F1-model_v4 AP-1 complex subunit mu-1	3.537E-05	1.000	158	4	127	140	2	115	448	124	0.886	0.254
LOKIASV2_1460_ESMFold_hypothetical_protein	AF-Q583J1-F1-model_v4	AF-Q583J1-F1-model_v4 Mu-adaptin 3, putative	4.893E-05	1.000	157	4	109	140	2	108	426	110	0.757	0.251
LOKIASV2_1460_ESMFold_hypothetical_protein	AF-C6SXH4-F1-model_v4	AF-C6SXH4-F1-model_v4 Trafficking protein particle complex subunit	4.297E-05	1.000	156	1	97	140	1	103	141	108	0.693	0.730
LOKIASV2_1460_ESMFold_hypothetical_protein	AF-O00189-F1-model_v4	AF-O00189-F1-model_v4 AP-4 complex subunit mu-1	1.294E-04	1.000	156	4	105	140	2	102	453	105	0.729	0.223
LOKIASV2_1460_ESMFold_hypothetical_protein	AF-C0NTU7-F1-model_v4	AF-C0NTU7-F1-model_v4 AP-1 complex subunit mu-1	4.297E-05	1.000	156	4	127	140	2	115	455	124	0.886	0.251
LOKIASV2_1460_ESMFold_hypothetical_protein	AF-I1JC59-F1-model_v4	AF-I1JC59-F1-model_v4 MHD domain-containing protein	5.944E-05	1.000	155	3	108	140	4	110	428	110	0.757	0.250
LOKIASV2_1460_ESMFold_hypothetical_protein	AF-C1GRE1-F1-model_v4	AF-C1GRE1-F1-model_v4 Vacuolar fusion protein MON1	4.440E-04	1.000	155	4	96	140	218	306	638	93	0.664	0.139
LOKIASV2_1460_ESMFold_hypothetical_protein	AF-A0A0R4IRS1-F1-model_v4	AF-A0A0R4IRS1-F1-model_v4 AP-1 complex subunit mu-1	4.297E-05	1.000	154	2	108	140	1	107	423	111	0.764	0.253
LOKIASV2_1460_ESMFold_hypothetical_protein	AF-I1J553-F1-model_v4	AF-I1J553-F1-model_v4 MHD domain-containing protein	8.771E-05	1.000	154	3	108	140	4	110	428	110	0.757	0.250
LOKIASV2_1460_ESMFold_hypothetical_protein	AF-F1R3L9-F1-model_v4	AF-F1R3L9-F1-model_v4 AP-1 complex subunit mu-2	4.585E-05	1.000	153	2	108	140	1	107	424	111	0.764	0.252
LOKIASV2_1460_ESMFold_hypothetical_protein	AF-A0A1C1CV89-F1-model_v4	AF-A0A1C1CV89-F1-model_v4 AP-1 complex subunit mu-1	5.944E-05	1.000	153	4	127	140	2	115	448	124	0.886	0.254
LOKIASV2_1460_ESMFold_hypothetical_protein	AF-Q7L1V2-F1-model_v4	AF-Q7L1V2-F1-model_v4 Vacuolar fusion protein MON1 homolog B	1.213E-04	1.000	153	2	130	140	107	237	547	136	0.921	0.239
LOKIASV2_1460_ESMFold_hypothetical_protein	AF-Q4CY94-F1-model_v4	AF-Q4CY94-F1-model_v4 Trafficking protein particle complex subunit	7.220E-05	1.000	152	2	135	140	1	156	157	160	0.957	0.994
LOKIASV2_1460_ESMFold_hypothetical_protein	AF-Q32Q06-F1-model_v4	AF-Q32Q06-F1-model_v4 AP-1 complex subunit mu-1	7.704E-05	1.000	152	2	108	140	1	107	423	111	0.764	0.253
LOKIASV2_1460_ESMFold_hypothetical_protein	AF-Q9SAC9-F1-model_v4	AF-Q9SAC9-F1-model_v4 AP-1 complex subunit mu-1	1.137E-04	1.000	152	3	108	140	4	110	428	110	0.757	0.250
LOKIASV2_1460_ESMFold_hypothetical_protein	AF-Q57UJ7-F1-model_v4	AF-Q57UJ7-F1-model_v4 Coatomer subunit delta	9.060E-06	1.000	152	2	138	140	1	157	531	162	0.979	0.296
LOKIASV2_1460_ESMFold_hypothetical_protein	AF-U7PZC7-F1-model_v4	AF-U7PZC7-F1-model_v4 Uncharacterized protein	6.342E-05	1.000	152	4	127	140	2	115	672	124	0.886	0.170
LOKIASV2_1460_ESMFold_hypothetical_protein	AF-A4IBH6-F1-model_v4	AF-A4IBH6-F1-model_v4 Trafficking protein particle complex subunit	9.359E-05	1.000	151	4	130	140	3	138	141	142	0.907	0.965
LOKIASV2_1460_ESMFold_hypothetical_protein	AF-F4I562-F1-model_v4	AF-F4I562-F1-model_v4 AP-3 complex subunit mu	6.342E-05	1.000	151	4	108	140	2	107	415	109	0.750	0.255
LOKIASV2_1460_ESMFold_hypothetical_protein	AF-Q9BXS5-F1-model_v4	AF-Q9BXS5-F1-model_v4 AP-1 complex subunit mu-1	9.359E-05	1.000	151	2	108	140	1	107	423	111	0.764	0.253
LOKIASV2_1460_ESMFold_hypothetical_protein	AF-Q9GPF0-F1-model_v4	AF-Q9GPF0-F1-model_v4 AP-4 complex subunit mu	9.987E-05	1.000	151	4	108	140	2	104	530	109	0.750	0.194
LOKIASV2_1460_ESMFold_hypothetical_protein	AF-A0A0J9Y6F6-F1-model_v4	AF-A0A0J9Y6F6-F1-model_v4 BMA-APM-1	6.342E-05	1.000	150	2	108	140	1	107	422	111	0.764	0.254
LOKIASV2_1460_ESMFold_hypothetical_protein	AF-Q4DPV5-F1-model_v4	AF-Q4DPV5-F1-model_v4 Mu-adaptin 3, putative	7.704E-05	1.000	150	4	109	140	2	108	426	110	0.757	0.251
LOKIASV2_1460_ESMFold_hypothetical_protein	AF-I1KXB9-F1-model_v4	AF-I1KXB9-F1-model_v4 MHD domain-containing protein	1.137E-04	1.000	150	3	108	140	4	110	428	110	0.757	0.250
LOKIASV2_1460_ESMFold_hypothetical_protein	AF-I1LH11-F1-model_v4	AF-I1LH11-F1-model_v4 MHD domain-containing protein	7.220E-05	1.000	150	3	102	140	4	98	438	100	0.714	0.217
LOKIASV2_1460_ESMFold_hypothetical_protein	AF-A4HX15-F1-model_v4	AF-A4HX15-F1-model_v4 Coatomer subunit delta	5.570E-05	1.000	150	2	122	140	1	112	536	121	0.864	0.209
LOKIASV2_1460_ESMFold_hypothetical_protein	AF-A0A0K0J8P8-F1-model_v4	AF-A0A0K0J8P8-F1-model_v4 Trafficking protein particle complex subunit	9.987E-05	1.000	149	2	125	140	1	132	139	136	0.886	0.950
LOKIASV2_1460_ESMFold_hypothetical_protein	AF-K7LJF6-F1-model_v4	AF-K7LJF6-F1-model_v4 MHD domain-containing protein	8.771E-05	1.000	149	4	108	140	2	107	415	109	0.750	0.255
LOKIASV2_1460_ESMFold_hypothetical_protein	AF-A0A3P7GDF7-F1-model_v4	AF-A0A3P7GDF7-F1-model_v4 MHD domain-containing protein	7.220E-05	1.000	149	2	108	140	1	107	422	111	0.764	0.254
LOKIASV2_1460_ESMFold_hypothetical_protein	AF-A0A0N4UCB4-F1-model_v4	AF-A0A0N4UCB4-F1-model_v4 SRP54_N domain-containing protein	5.944E-05	1.000	149	4	133	140	2	125	447	138	0.929	0.277
LOKIASV2_1460_ESMFold_hypothetical_protein	AF-Q9SB50-F1-model_v4	AF-Q9SB50-F1-model_v4 AP-4 complex subunit mu	1.294E-04	1.000	149	2	108	140	1	109	451	112	0.764	0.242
LOKIASV2_1460_ESMFold_hypothetical_protein	AF-Q54ZR7-F1-model_v4	AF-Q54ZR7-F1-model_v4 Signal recognition particle receptor subunit alpha	9.359E-05	1.000	149	4	135	140	2	134	615	139	0.943	0.216
LOKIASV2_1460_ESMFold_hypothetical_protein	AF-P35602-F1-model_v4	AF-P35602-F1-model_v4 AP-1 complex subunit mu-1-I	1.066E-04	1.000	148	2	108	140	1	107	422	111	0.764	0.254
LOKIASV2_1460_ESMFold_hypothetical_protein	AF-Q8BMQ8-F1-model_v4	AF-Q8BMQ8-F1-model_v4 Vacuolar fusion protein MON1 homolog B	3.210E-04	1.000	148	2	127	140	113	240	553	132	0.900	0.231
LOKIASV2_1460_ESMFold_hypothetical_protein	AF-A0A0D2GCF4-F1-model_v4	AF-A0A0D2GCF4-F1-model_v4 Vacuolar fusion protein MON1	2.175E-04	1.000	148	1	113	140	186	295	609	114	0.807	0.181
LOKIASV2_1460_ESMFold_hypothetical_protein	AF-A0A1C1CQN3-F1-model_v4	AF-A0A1C1CQN3-F1-model_v4 Signal recognition particle receptor subunit alpha	6.767E-05	1.000	148	4	130	140	2	132	656	133	0.907	0.200
LOKIASV2_1460_ESMFold_hypothetical_protein	AF-P53677-F1-model_v4	AF-P53677-F1-model_v4 AP-3 complex subunit mu-2	1.381E-04	1.000	147	4	107	140	2	105	418	108	0.743	0.249
LOKIASV2_1460_ESMFold_hypothetical_protein	AF-C0PFY3-F1-model_v4	AF-C0PFY3-F1-model_v4 AP-1 complex subunit mu-2	1.381E-04	1.000	147	3	108	140	4	111	429	111	0.757	0.252
LOKIASV2_1460_ESMFold_hypothetical_protein	AF-C0NCS7-F1-model_v4	AF-C0NCS7-F1-model_v4 Vacuolar fusion protein MON1	6.552E-04	1.000	147	2	96	140	185	275	605	95	0.679	0.150
LOKIASV2_1460_ESMFold_hypothetical_protein	AF-A0A077ZKE6-F1-model_v4	AF-A0A077ZKE6-F1-model_v4 Ragulator complex protein LAMTOR2	1.066E-04	1.000	146	1	99	140	16	117	125	106	0.707	0.816
LOKIASV2_1460_ESMFold_hypothetical_protein	AF-A0A0R0GNH6-F1-model_v4	AF-A0A0R0GNH6-F1-model_v4 MHD domain-containing protein	2.038E-04	1.000	146	4	105	140	2	104	452	106	0.729	0.228
LOKIASV2_1460_ESMFold_hypothetical_protein	AF-Q10150-F1-model_v4	AF-Q10150-F1-model_v4 Vacuolar fusion protein mon1	3.654E-04	1.000	146	6	79	140	115	184	513	74	0.529	0.136
LOKIASV2_1460_ESMFold_hypothetical_protein	AF-Q9VR38-F1-model_v4	AF-Q9VR38-F1-model_v4 Vacuolar fusion protein MON1 homolog	3.008E-04	1.000	146	2	119	140	114	233	528	124	0.843	0.227
LOKIASV2_1460_ESMFold_hypothetical_protein	AF-Q20736-F1-model_v4	AF-Q20736-F1-model_v4 MHD domain-containing protein	1.137E-04	1.000	145	4	116	140	2	111	414	117	0.807	0.266
LOKIASV2_1460_ESMFold_hypothetical_protein	AF-A0A2K6WC95-F1-model_v4	AF-A0A2K6WC95-F1-model_v4 MHD domain-containing protein	1.137E-04	1.000	145	2	108	140	1	107	422	111	0.764	0.254
LOKIASV2_1460_ESMFold_hypothetical_protein	AF-Q65XN2-F1-model_v4	AF-Q65XN2-F1-model_v4 Os05g0543100 protein	1.910E-04	1.000	145	3	108	140	5	112	430	111	0.757	0.251
LOKIASV2_1460_ESMFold_hypothetical_protein	AF-I1NBQ2-F1-model_v4	AF-I1NBQ2-F1-model_v4 MHD domain-containing protein	1.381E-04	1.000	144	4	108	140	2	107	415	109	0.750	0.255
LOKIASV2_1460_ESMFold_hypothetical_protein	AF-Q9Y6Q5-F1-model_v4	AF-Q9Y6Q5-F1-model_v4 AP-1 complex subunit mu-2	1.213E-04	1.000	144	2	108	140	1	107	423	111	0.764	0.253
LOKIASV2_1460_ESMFold_hypothetical_protein	AF-E7EY38-F1-model_v4	AF-E7EY38-F1-model_v4 Vacuolar fusion protein MON1 homolog	8.493E-04	1.000	144	6	95	140	166	251	588	90	0.643	0.146
LOKIASV2_1460_ESMFold_hypothetical_protein	AF-A4I893-F1-model_v4	AF-A4I893-F1-model_v4 Trafficking protein particle complex subunit	1.790E-04	1.000	143	2	101	140	1	114	149	118	0.714	0.765
LOKIASV2_1460_ESMFold_hypothetical_protein	AF-A0A0K0EGY2-F1-model_v4	AF-A0A0K0EGY2-F1-model_v4 Vacuolar fusion protein MON1 homolog	3.008E-04	1.000	143	6	120	140	12	125	408	122	0.821	0.279
LOKIASV2_1460_ESMFold_hypothetical_protein	AF-I1N1K1-F1-model_v4	AF-I1N1K1-F1-model_v4 MHD domain-containing protein	2.476E-04	1.000	143	3	108	140	4	110	428	110	0.757	0.250
LOKIASV2_1460_ESMFold_hypothetical_protein	AF-Q54HS9-F1-model_v4	AF-Q54HS9-F1-model_v4 AP-1 complex subunit mu	7.704E-05	1.000	143	2	126	140	1	113	428	125	0.893	0.264
LOKIASV2_1460_ESMFold_hypothetical_protein	AF-I1JT85-F1-model_v4	AF-I1JT85-F1-model_v4 MHD domain-containing protein	2.038E-04	1.000	143	4	108	140	2	108	443	110	0.750	0.242
LOKIASV2_1460_ESMFold_hypothetical_protein	AF-Q4DFQ1-F1-model_v4	AF-Q4DFQ1-F1-model_v4 Mu-adaptin 4, putative	1.790E-04	1.000	143	2	105	140	1	109	453	111	0.743	0.241
LOKIASV2_1460_ESMFold_hypothetical_protein	AF-A0A077Z5A8-F1-model_v4	AF-A0A077Z5A8-F1-model_v4 Clathrin coat assembly protein ap 1	1.213E-04	1.000	142	2	127	140	1	115	422	126	0.900	0.273
LOKIASV2_1460_ESMFold_hypothetical_protein	AF-I1MVE9-F1-model_v4	AF-I1MVE9-F1-model_v4 MHD domain-containing protein	1.294E-04	1.000	142	3	102	140	4	98	438	100	0.714	0.217
LOKIASV2_1460_ESMFold_hypothetical_protein	AF-Q4DVC7-F1-model_v4	AF-Q4DVC7-F1-model_v4 Coatomer subunit delta	2.397E-05	1.000	142	4	138	140	3	157	539	161	0.964	0.288
LOKIASV2_1460_ESMFold_hypothetical_protein	AF-B1GRL5-F1-model_v4	AF-B1GRL5-F1-model_v4 Trafficking protein particle complex subunit	9.987E-05	1.000	141	2	123	140	1	132	142	136	0.871	0.930
LOKIASV2_1460_ESMFold_hypothetical_protein	AF-Q2KMM2-F1-model_v4	AF-Q2KMM2-F1-model_v4 Trafficking protein particle complex subunit 1	8.771E-05	1.000	141	2	98	140	1	107	145	112	0.693	0.738
LOKIASV2_1460_ESMFold_hypothetical_protein	AF-C1H520-F1-model_v4	AF-C1H520-F1-model_v4 AP complex subunit sigma	2.105E-05	1.000	141	2	140	140	1	154	155	158	0.993	0.994
LOKIASV2_1460_ESMFold_hypothetical_protein	AF-Q9SKN1-F1-model_v4	AF-Q9SKN1-F1-model_v4 Vacuolar fusion protein MON1 homolog	6.140E-04	1.000	141	6	111	140	182	283	607	107	0.757	0.168
LOKIASV2_1460_ESMFold_hypothetical_protein	AF-Q86VX9-F1-model_v4	AF-Q86VX9-F1-model_v4 Vacuolar fusion protein MON1 homolog A	4.440E-04	1.000	141	2	96	140	250	340	652	96	0.679	0.140
LOKIASV2_1460_ESMFold_hypothetical_protein	AF-Q54F59-F1-model_v4	AF-Q54F59-F1-model_v4 Robl_LC7 domain-containing protein	1.032E-03	1.000	140	1	107	140	17	123	123	109	0.764	0.870
LOKIASV2_1460_ESMFold_hypothetical_protein	AF-Q4CU56-F1-model_v4	AF-Q4CU56-F1-model_v4 Coatomer subunit delta	2.729E-05	1.000	140	4	138	140	3	157	337	161	0.964	0.460
LOKIASV2_1460_ESMFold_hypothetical_protein	AF-A0A0K0E565-F1-model_v4	AF-A0A0K0E565-F1-model_v4 MHD domain-containing protein	1.294E-04	1.000	140	2	105	140	1	103	423	110	0.743	0.243
LOKIASV2_1460_ESMFold_hypothetical_protein	AF-B4FQ20-F1-model_v4	AF-B4FQ20-F1-model_v4 AP-1 complex subunit mu-2	3.210E-04	1.000	140	3	108	140	4	111	429	111	0.757	0.252
LOKIASV2_1460_ESMFold_hypothetical_protein	AF-K7KGJ8-F1-model_v4	AF-K7KGJ8-F1-model_v4 MHD domain-containing protein	1.678E-04	1.000	140	3	127	140	23	137	437	126	0.893	0.263
LOKIASV2_1460_ESMFold_hypothetical_protein	AF-Q57YR2-F1-model_v4	AF-Q57YR2-F1-model_v4 Mu-adaptin 4, putative	4.027E-05	1.000	140	2	116	140	1	126	454	128	0.821	0.278
LOKIASV2_1460_ESMFold_hypothetical_protein	AF-Q4DKX0-F1-model_v4	AF-Q4DKX0-F1-model_v4 Signal recognition particle receptor like protein, putative	6.767E-05	1.000	140	4	124	140	2	120	574	128	0.864	0.207
LOKIASV2_1460_ESMFold_hypothetical_protein	AF-Q9WVP1-F1-model_v4	AF-Q9WVP1-F1-model_v4 AP-1 complex subunit mu-2	2.038E-04	1.000	139	2	108	140	1	107	423	111	0.764	0.253
LOKIASV2_1460_ESMFold_hypothetical_protein	AF-O01755-F1-model_v4	AF-O01755-F1-model_v4 MHD domain-containing protein	1.678E-04	1.000	139	2	127	140	1	115	426	126	0.900	0.270
LOKIASV2_1460_ESMFold_hypothetical_protein	AF-O23140-F1-model_v4	AF-O23140-F1-model_v4 AP-2 complex subunit mu	2.038E-04	1.000	139	3	102	140	4	98	438	100	0.714	0.217
LOKIASV2_1460_ESMFold_hypothetical_protein	AF-Q5AJY4-F1-model_v4	AF-Q5AJY4-F1-model_v4 Apm1p	9.987E-05	1.000	139	4	127	140	2	117	438	126	0.886	0.265
LOKIASV2_1460_ESMFold_hypothetical_protein	AF-Q4DZV1-F1-model_v4	AF-Q4DZV1-F1-model_v4 Clathrin coat assembly protein, putative	3.210E-04	1.000	138	4	108	140	2	106	416	109	0.750	0.252
LOKIASV2_1460_ESMFold_hypothetical_protein	AF-Q09718-F1-model_v4	AF-Q09718-F1-model_v4 AP-2 complex subunit mu	3.425E-04	1.000	138	4	105	140	2	100	446	105	0.729	0.222
LOKIASV2_1460_ESMFold_hypothetical_protein	AF-Q4CV87-F1-model_v4	AF-Q4CV87-F1-model_v4 Mu-adaptin 4, putative	1.910E-04	1.000	138	2	109	140	1	114	453	116	0.771	0.252
LOKIASV2_1460_ESMFold_hypothetical_protein	AF-P08240-F1-model_v4	AF-P08240-F1-model_v4 Signal recognition particle receptor subunit alpha	1.066E-04	1.000	138	4	139	140	2	130	638	140	0.971	0.202
LOKIASV2_1460_ESMFold_hypothetical_protein	AF-Q59TV8-F1-model_v4	AF-Q59TV8-F1-model_v4 AP complex subunit sigma	1.427E-05	1.000	137	2	127	140	1	143	145	147	0.900	0.986
LOKIASV2_1460_ESMFold_hypothetical_protein	AF-A0A1D6Q195-F1-model_v4	AF-A0A1D6Q195-F1-model_v4 Myrosinase	2.642E-04	1.000	137	6	133	140	13	159	163	150	0.914	0.902
LOKIASV2_1460_ESMFold_hypothetical_protein	AF-Q6AV18-F1-model_v4	AF-Q6AV18-F1-model_v4 Os05g0383100 protein	3.425E-04	1.000	137	4	99	140	2	96	417	100	0.686	0.228
LOKIASV2_1460_ESMFold_hypothetical_protein	AF-P53678-F1-model_v4	AF-P53678-F1-model_v4 AP-3 complex subunit mu-2	3.899E-04	1.000	137	4	107	140	2	105	418	108	0.743	0.249
LOKIASV2_1460_ESMFold_hypothetical_protein	AF-Q7XI39-F1-model_v4	AF-Q7XI39-F1-model_v4 Os07g0620300 protein	3.425E-04	1.000	137	4	108	140	2	108	451	110	0.750	0.237
LOKIASV2_1460_ESMFold_hypothetical_protein	AF-Q9DBG7-F1-model_v4	AF-Q9DBG7-F1-model_v4 Signal recognition particle receptor subunit alpha	2.476E-04	1.000	137	4	132	140	2	130	636	136	0.921	0.203
LOKIASV2_1460_ESMFold_hypothetical_protein	AF-Q3KRC3-F1-model_v4	AF-Q3KRC3-F1-model_v4 SRP receptor subunit alpha	3.654E-04	1.000	137	4	132	140	2	130	636	133	0.921	0.203
LOKIASV2_1460_ESMFold_hypothetical_protein	AF-A0A175VSB3-F1-model_v4	AF-A0A175VSB3-F1-model_v4 Vacuolar fusion protein MON1	4.737E-04	1.000	137	2	118	140	183	301	644	124	0.836	0.185
LOKIASV2_1460_ESMFold_hypothetical_protein	AF-A0A044SCR5-F1-model_v4	AF-A0A044SCR5-F1-model_v4 Trafficking protein particle complex subunit	1.294E-04	1.000	136	2	127	140	1	112	117	127	0.900	0.957
LOKIASV2_1460_ESMFold_hypothetical_protein	AF-D4A465-F1-model_v4	AF-D4A465-F1-model_v4 Late endosomal/lysosomal adaptor, MAPK and MTOR activator 2	1.294E-04	1.000	136	3	91	140	18	113	125	99	0.636	0.768
LOKIASV2_1460_ESMFold_hypothetical_protein	AF-U7Q4L0-F1-model_v4	AF-U7Q4L0-F1-model_v4 AP complex subunit sigma	3.107E-05	1.000	136	2	136	140	1	154	155	157	0.964	0.994
LOKIASV2_1460_ESMFold_hypothetical_protein	AF-C0NQ19-F1-model_v4	AF-C0NQ19-F1-model_v4 AP complex subunit sigma	2.912E-05	1.000	136	2	136	140	1	155	156	158	0.964	0.994
LOKIASV2_1460_ESMFold_hypothetical_protein	AF-A2CG10-F1-model_v4	AF-A2CG10-F1-model_v4 AP-3 complex subunit mu-2	3.899E-04	1.000	136	4	107	140	2	105	418	108	0.743	0.249
LOKIASV2_1460_ESMFold_hypothetical_protein	AF-O22715-F1-model_v4	AF-O22715-F1-model_v4 AP-1 complex subunit mu-2	2.642E-04	1.000	136	3	108	140	4	110	428	111	0.757	0.250
LOKIASV2_1460_ESMFold_hypothetical_protein	AF-Q0JK13-F1-model_v4	AF-Q0JK13-F1-model_v4 Os01g0703600 protein	2.321E-04	1.000	136	3	108	140	4	111	429	112	0.757	0.252
LOKIASV2_1460_ESMFold_hypothetical_protein	AF-Q6ZGX8-F1-model_v4	AF-Q6ZGX8-F1-model_v4 Os02g0690700 protein	1.137E-04	1.000	136	3	102	140	4	98	438	102	0.714	0.217
LOKIASV2_1460_ESMFold_hypothetical_protein	AF-Q5JL08-F1-model_v4	AF-Q5JL08-F1-model_v4 Vacuolar fusion protein MON1 homolog	3.425E-04	1.000	136	4	117	140	136	250	567	123	0.814	0.203
LOKIASV2_1460_ESMFold_hypothetical_protein	AF-A0A175W124-F1-model_v4	AF-A0A175W124-F1-model_v4 AP complex subunit sigma	5.570E-05	1.000	135	2	140	140	1	155	155	158	0.993	1.000
LOKIASV2_1460_ESMFold_hypothetical_protein	AF-O62531-F1-model_v4	AF-O62531-F1-model_v4 Adaptor protein complex 1, mu subunit	1.381E-04	1.000	135	2	127	140	1	118	426	129	0.900	0.277
LOKIASV2_1460_ESMFold_hypothetical_protein	AF-Q8IEK4-F1-model_v4	AF-Q8IEK4-F1-model_v4 AP-1 complex subunit mu-1	1.066E-04	1.000	135	1	108	140	1	107	437	116	0.771	0.245
LOKIASV2_1460_ESMFold_hypothetical_protein	AF-I1K2J5-F1-model_v4	AF-I1K2J5-F1-model_v4 MHD domain-containing protein	9.987E-05	1.000	135	3	127	140	4	117	438	128	0.893	0.260
LOKIASV2_1460_ESMFold_hypothetical_protein	AF-A0A0N4UHB2-F1-model_v4	AF-A0A0N4UHB2-F1-model_v4 Vacuolar fusion protein MON1 homolog	7.959E-04	1.000	135	6	93	140	66	149	471	88	0.629	0.178
LOKIASV2_1460_ESMFold_hypothetical_protein	AF-Q5A723-F1-model_v4	AF-Q5A723-F1-model_v4 Vacuolar fusion protein MON1	2.247E-03	1.000	135	4	96	140	141	232	565	95	0.664	0.163
LOKIASV2_1460_ESMFold_hypothetical_protein	AF-U7PTB5-F1-model_v4	AF-U7PTB5-F1-model_v4 Vacuolar fusion protein MON1	2.398E-03	1.000	135	4	96	140	242	330	670	93	0.664	0.133
LOKIASV2_1460_ESMFold_hypothetical_protein	AF-A0A3Q0KVC2-F1-model_v4	AF-A0A3Q0KVC2-F1-model_v4 Late endosomal/lysosomal adaptor and MAPK and MTOR activator 5	6.140E-04	1.000	134	2	76	140	16	87	89	78	0.536	0.809
LOKIASV2_1460_ESMFold_hypothetical_protein	AF-K0EP07-F1-model_v4	AF-K0EP07-F1-model_v4 Uncharacterized protein	5.393E-04	1.000	134	3	79	140	16	103	123	88	0.550	0.715
LOKIASV2_1460_ESMFold_hypothetical_protein	AF-Q381J3-F1-model_v4	AF-Q381J3-F1-model_v4 Trafficking protein particle complex subunit	3.425E-04	1.000	134	2	129	140	1	150	157	154	0.914	0.955
LOKIASV2_1460_ESMFold_hypothetical_protein	AF-Q9P299-F1-model_v4	AF-Q9P299-F1-model_v4 Coatomer subunit zeta-2	2.105E-05	1.000	134	3	136	140	45	208	210	169	0.957	0.781
LOKIASV2_1460_ESMFold_hypothetical_protein	AF-A0A1C1CYE0-F1-model_v4	AF-A0A1C1CYE0-F1-model_v4 Vacuolar fusion protein MON1	9.062E-04	1.000	134	2	113	140	183	291	605	113	0.800	0.180
LOKIASV2_1460_ESMFold_hypothetical_protein	AF-A0A0D2GAB0-F1-model_v4	AF-A0A0D2GAB0-F1-model_v4 Unplaced genomic scaffold supercont1.7, whole genome shotgun sequence	2.476E-04	1.000	134	4	128	140	2	130	657	135	0.893	0.196
LOKIASV2_1460_ESMFold_hypothetical_protein	AF-A0A5K4FCG2-F1-model_v4	AF-A0A5K4FCG2-F1-model_v4 Robl_LC7 domain-containing protein	1.137E-04	1.000	133	3	94	140	18	116	124	101	0.657	0.798
LOKIASV2_1460_ESMFold_hypothetical_protein	AF-Q9Y587-F1-model_v4	AF-Q9Y587-F1-model_v4 AP-4 complex subunit sigma-1	2.642E-04	1.000	133	4	109	140	2	108	144	112	0.757	0.743
LOKIASV2_1460_ESMFold_hypothetical_protein	AF-Q5NCF2-F1-model_v4	AF-Q5NCF2-F1-model_v4 Trafficking protein particle complex subunit 1	2.175E-04	1.000	133	2	98	140	1	107	145	112	0.693	0.738
LOKIASV2_1460_ESMFold_hypothetical_protein	AF-Q57627-F1-model_v4	AF-Q57627-F1-model_v4 Uncharacterized protein MJ0163	2.476E-04	1.000	133	3	108	140	73	177	187	112	0.757	0.561
LOKIASV2_1460_ESMFold_hypothetical_protein	AF-Q4CTC4-F1-model_v4	AF-Q4CTC4-F1-model_v4 Trafficking protein particle complex subunit	1.137E-04	1.000	133	4	129	140	81	215	219	144	0.900	0.616
LOKIASV2_1460_ESMFold_hypothetical_protein	AF-Q4DGF5-F1-model_v4	AF-Q4DGF5-F1-model_v4 Clathrin coat assembly protein, putative	5.393E-04	1.000	133	4	108	140	2	106	416	109	0.750	0.252
LOKIASV2_1460_ESMFold_hypothetical_protein	AF-Q8IIH2-F1-model_v4	AF-Q8IIH2-F1-model_v4 AP-4 complex subunit mu, putative	1.910E-04	1.000	133	2	108	140	1	105	436	112	0.764	0.241
LOKIASV2_1460_ESMFold_hypothetical_protein	AF-G4VDN9-F1-model_v4	AF-G4VDN9-F1-model_v4 Putative signal recognition particle receptor alpha subunit (Sr-alpha)	1.910E-04	1.000	133	4	134	140	2	130	659	137	0.936	0.196
LOKIASV2_1460_ESMFold_hypothetical_protein	AF-Q9UHA4-F1-model_v4	AF-Q9UHA4-F1-model_v4 Ragulator complex protein LAMTOR3	2.819E-04	1.000	132	2	98	140	17	116	124	105	0.693	0.806
LOKIASV2_1460_ESMFold_hypothetical_protein	AF-Q9JHS3-F1-model_v4	AF-Q9JHS3-F1-model_v4 Ragulator complex protein LAMTOR2	1.573E-04	1.000	132	3	91	140	18	113	125	99	0.636	0.768
LOKIASV2_1460_ESMFold_hypothetical_protein	AF-E7EZW6-F1-model_v4	AF-E7EZW6-F1-model_v4 SRP receptor subunit alpha	2.321E-04	1.000	132	4	131	140	2	132	650	137	0.914	0.202
LOKIASV2_1460_ESMFold_hypothetical_protein	AF-Q9P7N2-F1-model_v4	AF-Q9P7N2-F1-model_v4 AP-1 complex subunit sigma-1	4.893E-05	1.000	131	2	138	140	1	161	162	164	0.979	0.994
LOKIASV2_1460_ESMFold_hypothetical_protein	AF-O94669-F1-model_v4	AF-O94669-F1-model_v4 AP-3 complex subunit mu	1.066E-04	1.000	131	1	126	140	1	116	425	127	0.900	0.273
LOKIASV2_1460_ESMFold_hypothetical_protein	AF-A0A044V3Z1-F1-model_v4	AF-A0A044V3Z1-F1-model_v4 Coatomer subunit delta	6.342E-05	1.000	131	2	138	140	1	164	515	166	0.979	0.318
LOKIASV2_1460_ESMFold_hypothetical_protein	AF-O88653-F1-model_v4	AF-O88653-F1-model_v4 Ragulator complex protein LAMTOR3	3.899E-04	1.000	130	2	98	140	17	116	124	104	0.693	0.806
LOKIASV2_1460_ESMFold_hypothetical_protein	AF-Q9JHH9-F1-model_v4	AF-Q9JHH9-F1-model_v4 Coatomer subunit zeta-2	4.027E-05	1.000	130	3	138	140	40	194	205	160	0.971	0.756
LOKIASV2_1460_ESMFold_hypothetical_protein	AF-P53676-F1-model_v4	AF-P53676-F1-model_v4 AP-3 complex subunit mu-1	7.459E-04	1.000	130	4	107	140	2	105	418	108	0.743	0.249
LOKIASV2_1460_ESMFold_hypothetical_protein	AF-A0A1D6QUI4-F1-model_v4	AF-A0A1D6QUI4-F1-model_v4 AP-3 complex subunit mu	1.066E-04	1.000	130	4	108	140	2	127	435	128	0.750	0.290
LOKIASV2_1460_ESMFold_hypothetical_protein	AF-I1J9J7-F1-model_v4	AF-I1J9J7-F1-model_v4 MHD domain-containing protein	1.910E-04	1.000	130	3	128	140	4	118	438	129	0.900	0.263
LOKIASV2_1460_ESMFold_hypothetical_protein	AF-A4ID91-F1-model_v4	AF-A4ID91-F1-model_v4 Clathrin coat assembly protein-like protein	6.991E-04	1.000	130	4	123	140	2	114	438	124	0.857	0.258
LOKIASV2_1460_ESMFold_hypothetical_protein	AF-Q5A2L1-F1-model_v4	AF-Q5A2L1-F1-model_v4 Apm4p	4.161E-04	1.000	130	4	109	140	2	119	470	121	0.757	0.251
LOKIASV2_1460_ESMFold_hypothetical_protein	AF-Q00776-F1-model_v4	AF-Q00776-F1-model_v4 AP-1 complex subunit mu-1-I	6.552E-04	1.000	130	4	108	140	2	108	475	110	0.750	0.225
LOKIASV2_1460_ESMFold_hypothetical_protein	AF-A0A0K0J4R9-F1-model_v4	AF-A0A0K0J4R9-F1-model_v4 Coatomer subunit delta	5.944E-05	1.000	130	2	138	140	1	164	516	166	0.979	0.318
LOKIASV2_1460_ESMFold_hypothetical_protein	AF-A0A0H5S845-F1-model_v4	AF-A0A0H5S845-F1-model_v4 Coatomer subunit zeta	1.573E-04	1.000	129	3	109	140	6	114	176	114	0.764	0.619
LOKIASV2_1460_ESMFold_hypothetical_protein	AF-A0A3P7GLK7-F1-model_v4	AF-A0A3P7GLK7-F1-model_v4 Trafficking protein particle complex subunit	2.321E-04	1.000	128	4	99	140	3	110	112	110	0.686	0.964
LOKIASV2_1460_ESMFold_hypothetical_protein	AF-Q503S6-F1-model_v4	AF-Q503S6-F1-model_v4 Ragulator complex protein LAMTOR3	5.054E-04	1.000	128	2	98	140	17	116	124	104	0.693	0.806
LOKIASV2_1460_ESMFold_hypothetical_protein	AF-Q6DEG4-F1-model_v4	AF-Q6DEG4-F1-model_v4 Ragulator complex protein LAMTOR2	2.819E-04	1.000	128	3	91	140	18	113	125	99	0.636	0.768
LOKIASV2_1460_ESMFold_hypothetical_protein	AF-A0A0R4J4X2-F1-model_v4	AF-A0A0R4J4X2-F1-model_v4 AP complex subunit sigma	9.359E-05	1.000	128	4	139	140	2	156	161	164	0.971	0.963
LOKIASV2_1460_ESMFold_hypothetical_protein	AF-D4ADP9-F1-model_v4	AF-D4ADP9-F1-model_v4 Coatomer subunit zeta	5.570E-05	1.000	128	3	138	140	42	196	207	160	0.971	0.749
LOKIASV2_1460_ESMFold_hypothetical_protein	AF-A0A0D2GXH9-F1-model_v4	AF-A0A0D2GXH9-F1-model_v4 Unplaced genomic scaffold supercont1.6, whole genome shotgun sequence	6.342E-05	1.000	128	2	134	140	1	151	222	155	0.950	0.680
LOKIASV2_1460_ESMFold_hypothetical_protein	AF-Q9BI89-F1-model_v4	AF-Q9BI89-F1-model_v4 Vacuolar fusion protein MON1 homolog	9.669E-04	1.000	128	6	99	140	50	133	459	94	0.671	0.183
LOKIASV2_1460_ESMFold_hypothetical_protein	AF-Q8IIT1-F1-model_v4	AF-Q8IIT1-F1-model_v4 Intu_longin_1 domain-containing protein	1.381E-04	1.000	128	1	101	140	1	122	713	127	0.721	0.171
LOKIASV2_1460_ESMFold_hypothetical_protein	AF-O43041-F1-model_v4	AF-O43041-F1-model_v4 Transport protein particle subunit trs23	1.733E-03	1.000	127	4	98	140	1	102	132	106	0.679	0.773
LOKIASV2_1460_ESMFold_hypothetical_protein	AF-Q96PC3-F1-model_v4	AF-Q96PC3-F1-model_v4 AP-1 complex subunit sigma-3	9.359E-05	1.000	127	4	140	140	2	154	154	156	0.979	0.994
LOKIASV2_1460_ESMFold_hypothetical_protein	AF-A0A044UUC3-F1-model_v4	AF-A0A044UUC3-F1-model_v4 Late endosomal/lysosomal adaptor and MAPK and MTOR activator 5	8.493E-04	1.000	127	2	94	140	68	160	163	99	0.664	0.571
LOKIASV2_1460_ESMFold_hypothetical_protein	AF-A0A0R0L8Y1-F1-model_v4	AF-A0A0R0L8Y1-F1-model_v4 AP complex subunit sigma	5.220E-05	1.000	127	4	139	140	11	165	170	161	0.971	0.912
LOKIASV2_1460_ESMFold_hypothetical_protein	AF-Q5QNC8-F1-model_v4	AF-Q5QNC8-F1-model_v4 Trafficking protein particle complex subunit	5.755E-04	1.000	127	3	124	140	32	174	180	147	0.871	0.794
LOKIASV2_1460_ESMFold_hypothetical_protein	AF-Q6DKF5-F1-model_v4	AF-Q6DKF5-F1-model_v4 Coatomer subunit zeta	5.944E-05	1.000	127	3	139	140	12	176	189	169	0.979	0.873
LOKIASV2_1460_ESMFold_hypothetical_protein	AF-A0A183XT71-F1-model_v4	AF-A0A183XT71-F1-model_v4 Coatomer subunit delta	1.137E-04	1.000	127	4	138	140	3	164	516	164	0.964	0.314
LOKIASV2_1460_ESMFold_hypothetical_protein	AF-P53129-F1-model_v4	AF-P53129-F1-model_v4 Vacuolar fusion protein MON1	1.427E-03	1.000	127	6	77	140	183	253	644	75	0.514	0.110
LOKIASV2_1460_ESMFold_hypothetical_protein	AF-Q4DXK2-F1-model_v4	AF-Q4DXK2-F1-model_v4 Uncharacterized protein	1.032E-03	1.000	127	6	118	140	121	240	731	125	0.807	0.164
LOKIASV2_1460_ESMFold_hypothetical_protein	AF-Q5U204-F1-model_v4	AF-Q5U204-F1-model_v4 Ragulator complex protein LAMTOR3	5.755E-04	1.000	126	2	98	140	17	116	124	104	0.693	0.806
LOKIASV2_1460_ESMFold_hypothetical_protein	AF-Q7XZG1-F1-model_v4	AF-Q7XZG1-F1-model_v4 AP complex subunit sigma	1.137E-04	1.000	126	4	139	140	2	156	161	158	0.971	0.963
LOKIASV2_1460_ESMFold_hypothetical_protein	AF-A0A2R8QEG9-F1-model_v4	AF-A0A2R8QEG9-F1-model_v4 AP complex subunit sigma	1.066E-04	1.000	126	2	139	140	16	174	177	162	0.986	0.898
LOKIASV2_1460_ESMFold_hypothetical_protein	AF-A0A077Z3F6-F1-model_v4	AF-A0A077Z3F6-F1-model_v4 AP 3 complex subunit mu 1	7.459E-04	1.000	126	4	116	140	2	111	400	117	0.807	0.275
LOKIASV2_1460_ESMFold_hypothetical_protein	AF-A0A1D6HGI4-F1-model_v4	AF-A0A1D6HGI4-F1-model_v4 AP-2 complex subunit mu	2.038E-04	1.000	126	3	122	140	4	112	522	123	0.857	0.209
LOKIASV2_1460_ESMFold_hypothetical_protein	AF-A0A1D8PND9-F1-model_v4	AF-A0A1D8PND9-F1-model_v4 Coatomer subunit delta	2.321E-04	1.000	126	2	138	140	1	160	573	166	0.979	0.279
LOKIASV2_1460_ESMFold_hypothetical_protein	AF-Q38DC8-F1-model_v4	AF-Q38DC8-F1-model_v4 Trafficking protein particle complex subunit	3.899E-04	1.000	125	2	130	140	1	138	140	145	0.921	0.986
LOKIASV2_1460_ESMFold_hypothetical_protein	AF-Q4DI27-F1-model_v4	AF-Q4DI27-F1-model_v4 Trafficking protein particle complex subunit	1.032E-03	1.000	125	2	135	140	1	156	157	160	0.957	0.994
LOKIASV2_1460_ESMFold_hypothetical_protein	AF-A0A044R4N8-F1-model_v4	AF-A0A044R4N8-F1-model_v4 Coatomer subunit zeta	2.476E-04	1.000	125	1	109	140	4	114	165	116	0.779	0.673
LOKIASV2_1460_ESMFold_hypothetical_protein	AF-P35603-F1-model_v4	AF-P35603-F1-model_v4 AP-2 complex subunit mu	4.440E-04	1.000	125	4	107	140	2	103	441	109	0.743	0.231
LOKIASV2_1460_ESMFold_hypothetical_protein	AF-Q93Y22-F1-model_v4	AF-Q93Y22-F1-model_v4 Coatomer subunit delta	5.755E-04	1.000	125	2	128	140	1	115	527	128	0.907	0.218
LOKIASV2_1460_ESMFold_hypothetical_protein	AF-Q383U0-F1-model_v4	AF-Q383U0-F1-model_v4 Signal recognition particle receptor alpha subunit, putative	1.032E-03	1.000	125	4	102	140	2	96	582	102	0.707	0.163
LOKIASV2_1460_ESMFold_hypothetical_protein	AF-A4ID41-F1-model_v4	AF-A4ID41-F1-model_v4 Putative signal recognition particle receptor like protein	3.654E-04	1.000	125	4	135	140	2	142	605	150	0.943	0.233
LOKIASV2_1460_ESMFold_hypothetical_protein	AF-Q59VY5-F1-model_v4	AF-Q59VY5-F1-model_v4 Trafficking protein particle complex subunit	5.393E-04	1.000	124	2	99	140	1	139	168	140	0.700	0.827
LOKIASV2_1460_ESMFold_hypothetical_protein	AF-O62530-F1-model_v4	AF-O62530-F1-model_v4 Adaptor protein complex 2, mu subunit, isoform A	4.440E-04	1.000	124	4	107	140	2	103	437	109	0.743	0.233
LOKIASV2_1460_ESMFold_hypothetical_protein	AF-Q4DXT9-F1-model_v4	AF-Q4DXT9-F1-model_v4 Intu_longin_1 domain-containing protein	3.008E-04	1.000	124	3	124	140	20	162	593	152	0.871	0.241
LOKIASV2_1460_ESMFold_hypothetical_protein	AF-A0A0N4UGC4-F1-model_v4	AF-A0A0N4UGC4-F1-model_v4 Trafficking protein particle complex subunit	2.106E-03	1.000	123	2	134	140	1	219	222	225	0.950	0.986
LOKIASV2_1460_ESMFold_hypothetical_protein	AF-A0A0K0DXR2-F1-model_v4	AF-A0A0K0DXR2-F1-model_v4 MHD domain-containing protein	1.523E-03	1.000	123	2	98	140	3	93	430	97	0.693	0.212
LOKIASV2_1460_ESMFold_hypothetical_protein	AF-A0A0N4U266-F1-model_v4	AF-A0A0N4U266-F1-model_v4 Coatomer subunit delta	1.294E-04	1.000	123	2	138	140	1	163	501	166	0.979	0.325
LOKIASV2_1460_ESMFold_hypothetical_protein	AF-A0A175W125-F1-model_v4	AF-A0A175W125-F1-model_v4 Signal recognition particle receptor subunit alpha	5.393E-04	1.000	123	4	131	140	2	139	654	145	0.914	0.211
LOKIASV2_1460_ESMFold_hypothetical_protein	AF-A0A077ZCM6-F1-model_v4	AF-A0A077ZCM6-F1-model_v4 Ragulator complex protein LAMTOR3	5.393E-04	1.000	122	2	98	140	19	121	129	105	0.693	0.798
LOKIASV2_1460_ESMFold_hypothetical_protein	AF-Q4E596-F1-model_v4	AF-Q4E596-F1-model_v4 AP complex subunit sigma	1.032E-03	1.000	122	4	123	140	2	115	143	124	0.857	0.797
LOKIASV2_1460_ESMFold_hypothetical_protein	AF-K9J6Q2-F1-model_v4	AF-K9J6Q2-F1-model_v4 AP complex subunit sigma	3.899E-04	1.000	122	4	109	140	2	110	146	116	0.757	0.747
LOKIASV2_1460_ESMFold_hypothetical_protein	AF-Q7TN05-F1-model_v4	AF-Q7TN05-F1-model_v4 AP-1 complex subunit sigma-3	1.066E-04	1.000	122	4	132	140	2	149	154	151	0.921	0.961
LOKIASV2_1460_ESMFold_hypothetical_protein	AF-O23685-F1-model_v4	AF-O23685-F1-model_v4 AP-1 complex subunit sigma-2	8.771E-05	1.000	122	4	139	140	2	156	162	161	0.971	0.957
LOKIASV2_1460_ESMFold_hypothetical_protein	AF-Q7SZZ7-F1-model_v4	AF-Q7SZZ7-F1-model_v4 AP-4 complex subunit mu-1	5.393E-04	1.000	122	4	109	140	2	106	442	114	0.757	0.238
LOKIASV2_1460_ESMFold_hypothetical_protein	AF-A0A044SG31-F1-model_v4	AF-A0A044SG31-F1-model_v4 Late endosomal/lysosomal adaptor and MAPK and MTOR activator 4	1.101E-03	1.000	121	1	76	140	11	85	89	80	0.543	0.843
LOKIASV2_1460_ESMFold_hypothetical_protein	AF-Q38D18-F1-model_v4	AF-Q38D18-F1-model_v4 Dynein light chain roadblock	5.755E-04	1.000	121	1	76	140	14	93	98	83	0.543	0.816
LOKIASV2_1460_ESMFold_hypothetical_protein	AF-Q4DAN7-F1-model_v4	AF-Q4DAN7-F1-model_v4 Dynein light chain roadblock	9.669E-04	1.000	121	1	76	140	16	94	98	81	0.543	0.806
LOKIASV2_1460_ESMFold_hypothetical_protein	AF-A4IB75-F1-model_v4	AF-A4IB75-F1-model_v4 Dynein-associated roadblock protein-like protein	6.140E-04	1.000	121	1	76	140	36	115	119	83	0.543	0.672
LOKIASV2_1460_ESMFold_hypothetical_protein	AF-Q7ZW27-F1-model_v4	AF-Q7ZW27-F1-model_v4 Coatomer subunit delta	3.654E-04	1.000	121	2	138	140	1	157	509	164	0.979	0.308
LOKIASV2_1460_ESMFold_hypothetical_protein	AF-A0A0K0E3U3-F1-model_v4	AF-A0A0K0E3U3-F1-model_v4 Uncharacterized protein	1.253E-03	1.000	120	1	106	140	14	118	121	108	0.757	0.868
LOKIASV2_1460_ESMFold_hypothetical_protein	AF-A0A0K0EHE3-F1-model_v4	AF-A0A0K0EHE3-F1-model_v4 AP complex subunit sigma	1.032E-03	1.000	120	4	113	140	2	111	142	115	0.786	0.775
LOKIASV2_1460_ESMFold_hypothetical_protein	AF-A0A5K1K8Y9-F1-model_v4	AF-A0A5K1K8Y9-F1-model_v4 Uncharacterized protein	5.755E-04	1.000	120	4	139	140	6	152	193	152	0.971	0.762
LOKIASV2_1460_ESMFold_hypothetical_protein	AF-Q55FG6-F1-model_v4	AF-Q55FG6-F1-model_v4 Intu_longin_1 domain-containing protein	5.755E-04	1.000	120	6	133	140	21	150	550	141	0.914	0.236
LOKIASV2_1460_ESMFold_hypothetical_protein	AF-Q38BX6-F1-model_v4	AF-Q38BX6-F1-model_v4 Fuz_longin_1 domain-containing protein	1.523E-03	1.000	120	6	123	140	131	255	670	129	0.843	0.187
LOKIASV2_1460_ESMFold_hypothetical_protein	AF-Q4D3D6-F1-model_v4	AF-Q4D3D6-F1-model_v4 Uncharacterized protein	7.959E-04	1.000	120	6	126	140	120	263	730	149	0.864	0.197
LOKIASV2_1460_ESMFold_hypothetical_protein	AF-Q9WVL1-F1-model_v4	AF-Q9WVL1-F1-model_v4 AP-4 complex subunit sigma-1	2.175E-04	1.000	119	4	127	140	2	143	144	147	0.886	0.986
LOKIASV2_1460_ESMFold_hypothetical_protein	AF-M0RD05-F1-model_v4	AF-M0RD05-F1-model_v4 AP complex subunit sigma	1.678E-04	1.000	119	4	136	140	2	148	154	152	0.950	0.955
LOKIASV2_1460_ESMFold_hypothetical_protein	AF-Q03630-F1-model_v4	AF-Q03630-F1-model_v4 Trafficking protein particle complex subunit BET5	1.175E-03	1.000	119	2	101	140	1	116	159	120	0.714	0.730
LOKIASV2_1460_ESMFold_hypothetical_protein	AF-Q9SN26-F1-model_v4	AF-Q9SN26-F1-model_v4 Phytolongin Phyl1.1	1.253E-03	1.000	119	1	135	140	3	133	254	145	0.964	0.516
LOKIASV2_1460_ESMFold_hypothetical_protein	AF-A0A1D6L6Q4-F1-model_v4	AF-A0A1D6L6Q4-F1-model_v4 AP-1 complex subunit sigma-2	1.474E-04	1.000	119	3	139	140	154	309	314	162	0.979	0.497
LOKIASV2_1460_ESMFold_hypothetical_protein	AF-Q4D160-F1-model_v4	AF-Q4D160-F1-model_v4 Intu_longin_1 domain-containing protein	7.459E-04	1.000	119	1	136	140	18	183	593	175	0.971	0.280
LOKIASV2_1460_ESMFold_hypothetical_protein	AF-C0NHM8-F1-model_v4	AF-C0NHM8-F1-model_v4 Signal sequence receptor alpha subunit	9.669E-04	1.000	119	4	135	140	2	138	914	142	0.943	0.150
LOKIASV2_1460_ESMFold_hypothetical_protein	AF-Q19123-F1-model_v4	AF-Q19123-F1-model_v4 AP complex subunit sigma	5.054E-04	1.000	118	4	113	140	2	111	142	116	0.786	0.775
LOKIASV2_1460_ESMFold_hypothetical_protein	AF-A0A0R0E881-F1-model_v4	AF-A0A0R0E881-F1-model_v4 AP complex subunit sigma	1.678E-04	1.000	118	4	139	140	2	156	161	161	0.971	0.963
LOKIASV2_1460_ESMFold_hypothetical_protein	AF-C0NHJ3-F1-model_v4	AF-C0NHJ3-F1-model_v4 Protein transport protein SEC22	4.161E-04	1.000	118	4	119	140	2	127	215	131	0.829	0.586
LOKIASV2_1460_ESMFold_hypothetical_protein	AF-O43504-F1-model_v4	AF-O43504-F1-model_v4 Ragulator complex protein LAMTOR5	1.101E-03	1.000	117	2	76	140	16	88	91	79	0.536	0.802
LOKIASV2_1460_ESMFold_hypothetical_protein	AF-Q57759-F1-model_v4	AF-Q57759-F1-model_v4 Uncharacterized protein MJ0311	1.910E-04	1.000	117	1	98	140	13	107	110	104	0.700	0.864
LOKIASV2_1460_ESMFold_hypothetical_protein	AF-A0A077ZE53-F1-model_v4	AF-A0A077ZE53-F1-model_v4 AP complex subunit sigma	6.140E-04	1.000	117	4	113	140	2	111	142	116	0.786	0.775
LOKIASV2_1460_ESMFold_hypothetical_protein	AF-Q59KJ6-F1-model_v4	AF-Q59KJ6-F1-model_v4 AP complex subunit sigma	2.321E-04	1.000	117	2	130	140	1	147	153	150	0.921	0.961
LOKIASV2_1460_ESMFold_hypothetical_protein	AF-Q66IE3-F1-model_v4	AF-Q66IE3-F1-model_v4 AP complex subunit sigma	2.476E-04	1.000	117	4	136	140	2	149	154	155	0.950	0.961
LOKIASV2_1460_ESMFold_hypothetical_protein	AF-Q10CG6-F1-model_v4	AF-Q10CG6-F1-model_v4 AP complex subunit sigma	1.910E-04	1.000	117	4	139	140	2	156	161	161	0.971	0.963
LOKIASV2_1460_ESMFold_hypothetical_protein	AF-Q4CPS3-F1-model_v4	AF-Q4CPS3-F1-model_v4 AP complex subunit sigma	9.062E-04	1.000	117	4	109	140	2	108	167	112	0.757	0.641
LOKIASV2_1460_ESMFold_hypothetical_protein	AF-Q9VV89-F1-model_v4	AF-Q9VV89-F1-model_v4 Coatomer subunit zeta	1.790E-04	1.000	117	1	138	140	6	163	174	163	0.986	0.908
LOKIASV2_1460_ESMFold_hypothetical_protein	AF-E9QFN4-F1-model_v4	AF-E9QFN4-F1-model_v4 SEC22 homolog C, vesicle-trafficking protein	3.538E-03	1.000	117	1	107	140	1	105	303	108	0.764	0.347
LOKIASV2_1460_ESMFold_hypothetical_protein	AF-Q66H80-F1-model_v4	AF-Q66H80-F1-model_v4 Coatomer subunit delta	5.054E-04	1.000	117	2	138	140	1	155	511	162	0.979	0.303
LOKIASV2_1460_ESMFold_hypothetical_protein	AF-A0A1C1CWM1-F1-model_v4	AF-A0A1C1CWM1-F1-model_v4 Adaptor complexes medium subunit family protein	7.459E-04	1.000	117	2	117	140	3	108	553	121	0.829	0.192
LOKIASV2_1460_ESMFold_hypothetical_protein	AF-A0A1D6JK26-F1-model_v4	AF-A0A1D6JK26-F1-model_v4 Signal recognition particle protein subunit 9	2.175E-04	1.000	117	4	133	140	2	133	631	138	0.929	0.209
LOKIASV2_1460_ESMFold_hypothetical_protein	AF-Q9VDC3-F1-model_v4	AF-Q9VDC3-F1-model_v4 AP complex subunit sigma	5.393E-04	1.000	116	4	116	140	2	115	142	120	0.807	0.803
LOKIASV2_1460_ESMFold_hypothetical_protein	AF-B0G185-F1-model_v4	AF-B0G185-F1-model_v4 AP-1 complex subunit sigma-2	1.213E-04	1.000	116	2	134	140	1	144	154	155	0.950	0.935
LOKIASV2_1460_ESMFold_hypothetical_protein	AF-Q54WW3-F1-model_v4	AF-Q54WW3-F1-model_v4 AP-1 complex subunit sigma-1	2.175E-04	1.000	116	4	135	140	2	149	156	153	0.943	0.949
LOKIASV2_1460_ESMFold_hypothetical_protein	AF-Q8LEZ8-F1-model_v4	AF-Q8LEZ8-F1-model_v4 AP-1 complex subunit sigma-1	1.910E-04	1.000	116	4	139	140	2	156	161	161	0.971	0.963
LOKIASV2_1460_ESMFold_hypothetical_protein	AF-C1H9A0-F1-model_v4	AF-C1H9A0-F1-model_v4 Trafficking protein particle complex subunit	2.642E-04	1.000	116	2	135	140	1	193	220	197	0.957	0.877
LOKIASV2_1460_ESMFold_hypothetical_protein	AF-O96824-F1-model_v4	AF-O96824-F1-model_v4 Late endosomal/lysosomal adaptor and MAPK and MTOR activator 5	6.991E-04	1.000	115	3	79	140	17	93	100	84	0.550	0.770
LOKIASV2_1460_ESMFold_hypothetical_protein	AF-Q9N2U6-F1-model_v4	AF-Q9N2U6-F1-model_v4 Ragulator complex protein LAMTOR2 homolog	2.730E-03	1.000	115	1	76	140	16	91	124	79	0.543	0.613
LOKIASV2_1460_ESMFold_hypothetical_protein	AF-P62743-F1-model_v4	AF-P62743-F1-model_v4 AP-2 complex subunit sigma	6.552E-04	1.000	115	4	113	140	2	111	142	116	0.786	0.775
LOKIASV2_1460_ESMFold_hypothetical_protein	AF-U7PSM4-F1-model_v4	AF-U7PSM4-F1-model_v4 Trafficking protein particle complex subunit	1.733E-03	1.000	115	4	124	140	3	145	151	146	0.864	0.947
LOKIASV2_1460_ESMFold_hypothetical_protein	AF-Q9UT70-F1-model_v4	AF-Q9UT70-F1-model_v4 Transport protein particle subunit bet5	1.175E-03	1.000	115	4	98	140	3	116	155	118	0.679	0.735
LOKIASV2_1460_ESMFold_hypothetical_protein	AF-C6TN24-F1-model_v4	AF-C6TN24-F1-model_v4 Trafficking protein particle complex subunit	9.062E-04	1.000	115	3	124	140	22	164	170	155	0.871	0.841
LOKIASV2_1460_ESMFold_hypothetical_protein	AF-Q7ZW98-F1-model_v4	AF-Q7ZW98-F1-model_v4 AP-2 complex subunit mu-B	9.669E-04	1.000	115	4	107	140	2	103	436	109	0.743	0.234
LOKIASV2_1460_ESMFold_hypothetical_protein	AF-Q99186-F1-model_v4	AF-Q99186-F1-model_v4 AP-2 complex subunit mu	4.161E-04	1.000	115	4	108	140	2	106	491	115	0.750	0.214
LOKIASV2_1460_ESMFold_hypothetical_protein	AF-A0A0N4UJ57-F1-model_v4	AF-A0A0N4UJ57-F1-model_v4 AP complex subunit sigma	6.991E-04	1.000	114	4	116	140	2	115	142	120	0.807	0.803
LOKIASV2_1460_ESMFold_hypothetical_protein	AF-P53680-F1-model_v4	AF-P53680-F1-model_v4 AP-2 complex subunit sigma	7.959E-04	1.000	114	4	113	140	2	111	142	116	0.786	0.775
LOKIASV2_1460_ESMFold_hypothetical_protein	AF-A0A0R4ILF8-F1-model_v4	AF-A0A0R4ILF8-F1-model_v4 AP complex subunit sigma	2.175E-04	1.000	114	4	132	140	2	149	154	153	0.921	0.961
LOKIASV2_1460_ESMFold_hypothetical_protein	AF-A0A3Q0KGM0-F1-model_v4	AF-A0A3Q0KGM0-F1-model_v4 AP complex subunit sigma	4.737E-04	1.000	114	3	138	140	32	184	194	160	0.971	0.789
LOKIASV2_1460_ESMFold_hypothetical_protein	AF-A0A077ZAG3-F1-model_v4	AF-A0A077ZAG3-F1-model_v4 Trafficking protein particle complex subunit	4.298E-03	1.000	114	2	131	140	1	222	228	229	0.929	0.974
LOKIASV2_1460_ESMFold_hypothetical_protein	AF-A0A0K0ECE7-F1-model_v4	AF-A0A0K0ECE7-F1-model_v4 Coatomer subunit delta	2.321E-04	1.000	114	2	139	140	1	171	247	173	0.986	0.692
LOKIASV2_1460_ESMFold_hypothetical_protein	AF-A0A1C1CNS5-F1-model_v4	AF-A0A1C1CNS5-F1-model_v4 Coatomer subunit delta	5.393E-04	1.000	114	2	138	140	1	159	522	164	0.979	0.305
LOKIASV2_1460_ESMFold_hypothetical_protein	AF-A0A0K0DU56-F1-model_v4	AF-A0A0K0DU56-F1-model_v4 SRP54 domain-containing protein	4.440E-04	1.000	114	4	138	140	2	122	618	139	0.964	0.196
LOKIASV2_1460_ESMFold_hypothetical_protein	AF-A0A077Z7D0-F1-model_v4	AF-A0A077Z7D0-F1-model_v4 Late endosomal/lysosomal adaptor and MAPK and MTOR activator 4	1.625E-03	1.000	113	3	76	140	18	91	109	78	0.529	0.679
LOKIASV2_1460_ESMFold_hypothetical_protein	AF-Q6PEJ2-F1-model_v4	AF-Q6PEJ2-F1-model_v4 AP complex subunit sigma	9.062E-04	1.000	113	4	113	140	2	111	142	116	0.786	0.775
LOKIASV2_1460_ESMFold_hypothetical_protein	AF-K0EV28-F1-model_v4	AF-K0EV28-F1-model_v4 Robl_LC7 domain-containing protein	2.730E-03	1.000	113	3	76	140	31	107	145	80	0.529	0.531
LOKIASV2_1460_ESMFold_hypothetical_protein	AF-C6TMZ5-F1-model_v4	AF-C6TMZ5-F1-model_v4 Trafficking protein particle complex subunit	1.337E-03	1.000	113	3	124	140	22	164	170	155	0.871	0.841
LOKIASV2_1460_ESMFold_hypothetical_protein	AF-G4V8D5-F1-model_v4	AF-G4V8D5-F1-model_v4 Coatomer subunit zeta	3.425E-04	1.000	113	3	136	140	9	173	175	169	0.957	0.943
LOKIASV2_1460_ESMFold_hypothetical_protein	AF-Q8II16-F1-model_v4	AF-Q8II16-F1-model_v4 Coatomer subunit delta	9.669E-04	1.000	113	2	139	140	1	162	487	175	0.986	0.333
LOKIASV2_1460_ESMFold_hypothetical_protein	AF-Q09236-F1-model_v4	AF-Q09236-F1-model_v4 Probable coatomer subunit delta	2.819E-04	1.000	113	2	139	140	1	172	515	174	0.986	0.334
LOKIASV2_1460_ESMFold_hypothetical_protein	AF-Q8ID42-F1-model_v4	AF-Q8ID42-F1-model_v4 Signal recognition particle receptor subunit alpha, putative	1.850E-03	1.000	113	4	138	140	2	132	576	136	0.964	0.227
LOKIASV2_1460_ESMFold_hypothetical_protein	AF-A0A077Z718-F1-model_v4	AF-A0A077Z718-F1-model_v4 Signal recognition particle receptor subunit	1.850E-03	1.000	113	4	131	140	2	136	634	141	0.914	0.213
LOKIASV2_1460_ESMFold_hypothetical_protein	AF-U7PXS0-F1-model_v4	AF-U7PXS0-F1-model_v4 SRP54 domain-containing protein	1.337E-03	1.000	113	4	138	140	2	152	689	158	0.964	0.219
LOKIASV2_1460_ESMFold_hypothetical_protein	AF-A0A0K0E5I9-F1-model_v4	AF-A0A0K0E5I9-F1-model_v4 Late endosomal/lysosomal adaptor and MAPK and MTOR activator 5	2.730E-03	1.000	112	1	76	140	16	87	90	78	0.543	0.800
LOKIASV2_1460_ESMFold_hypothetical_protein	AF-J9F1T3-F1-model_v4	AF-J9F1T3-F1-model_v4 AP complex subunit sigma	1.032E-03	1.000	112	4	113	140	2	111	142	116	0.786	0.775
LOKIASV2_1460_ESMFold_hypothetical_protein	AF-Q8III7-F1-model_v4	AF-Q8III7-F1-model_v4 AP complex subunit sigma	3.654E-04	1.000	112	4	140	140	2	155	155	160	0.979	0.994
LOKIASV2_1460_ESMFold_hypothetical_protein	AF-G4V5W4-F1-model_v4	AF-G4V5W4-F1-model_v4 Late endosomal/lysosomal adaptor and MAPK and MTOR activator 4	2.398E-03	1.000	112	1	76	140	19	99	165	85	0.543	0.491
LOKIASV2_1460_ESMFold_hypothetical_protein	AF-P43621-F1-model_v4	AF-P43621-F1-model_v4 Coatomer subunit delta	1.032E-03	1.000	112	2	139	140	1	155	546	159	0.986	0.284
LOKIASV2_1460_ESMFold_hypothetical_protein	AF-Q9U5L1-F1-model_v4	AF-Q9U5L1-F1-model_v4 Signal recognition particle receptor subunit alpha homolog	2.913E-03	1.000	112	4	133	140	2	125	614	134	0.929	0.202
LOKIASV2_1460_ESMFold_hypothetical_protein	AF-F6PFK5-F1-model_v4	AF-F6PFK5-F1-model_v4 HPS1 biogenesis of lysosomal organelles complex 3 subunit 1	2.106E-03	1.000	112	6	132	140	3	158	668	160	0.907	0.234
LOKIASV2_1460_ESMFold_hypothetical_protein	AF-A0A0K0E715-F1-model_v4	AF-A0A0K0E715-F1-model_v4 Trafficking protein particle complex subunit	1.101E-03	1.000	111	2	125	140	1	116	132	136	0.886	0.879
LOKIASV2_1460_ESMFold_hypothetical_protein	AF-O96254-F1-model_v4	AF-O96254-F1-model_v4 AP complex subunit sigma	4.737E-04	1.000	111	4	127	140	2	139	141	143	0.886	0.979
LOKIASV2_1460_ESMFold_hypothetical_protein	AF-Q9VA95-F1-model_v4	AF-Q9VA95-F1-model_v4 Trafficking protein particle complex subunit	3.210E-04	1.000	111	2	111	140	1	112	145	123	0.786	0.772
LOKIASV2_1460_ESMFold_hypothetical_protein	AF-Q6Z246-F1-model_v4	AF-Q6Z246-F1-model_v4 Os08g0480100 protein	5.393E-04	1.000	111	4	132	140	2	133	624	138	0.921	0.212
LOKIASV2_1460_ESMFold_hypothetical_protein	AF-A0A1D6I669-F1-model_v4	AF-A0A1D6I669-F1-model_v4 Coatomer subunit zeta	2.730E-03	1.000	110	3	109	140	32	143	203	115	0.764	0.552
LOKIASV2_1460_ESMFold_hypothetical_protein	AF-A0A3P7E1B9-F1-model_v4	AF-A0A3P7E1B9-F1-model_v4 Trafficking protein particle complex subunit	6.769E-03	1.000	110	2	132	140	1	216	221	222	0.936	0.977
LOKIASV2_1460_ESMFold_hypothetical_protein	AF-Q8IB99-F1-model_v4	AF-Q8IB99-F1-model_v4 SNARE protein, putative	2.175E-04	1.000	110	4	139	140	56	209	276	157	0.971	0.558
LOKIASV2_1460_ESMFold_hypothetical_protein	AF-Q59RK0-F1-model_v4	AF-Q59RK0-F1-model_v4 MHD domain-containing protein	2.476E-04	1.000	110	4	135	140	2	155	512	160	0.943	0.301
LOKIASV2_1460_ESMFold_hypothetical_protein	AF-G4RYA5-F1-model_v4	AF-G4RYA5-F1-model_v4 SRP54 domain-containing protein	5.054E-04	1.000	110	4	131	140	2	136	625	144	0.914	0.216
LOKIASV2_1460_ESMFold_hypothetical_protein	AF-C1H1D2-F1-model_v4	AF-C1H1D2-F1-model_v4 Signal sequence receptor alpha subunit	2.106E-03	1.000	110	4	134	140	2	137	651	141	0.936	0.209
LOKIASV2_1460_ESMFold_hypothetical_protein	AF-O50393-F1-model_v4	AF-O50393-F1-model_v4 Serine protease inhibitor Rv3364c	2.247E-03	1.000	109	1	98	140	21	127	130	108	0.700	0.823
LOKIASV2_1460_ESMFold_hypothetical_protein	AF-K0EHG9-F1-model_v4	AF-K0EHG9-F1-model_v4 Robl_LC7 domain-containing protein	2.106E-03	1.000	109	1	97	140	23	128	137	107	0.693	0.774
LOKIASV2_1460_ESMFold_hypothetical_protein	AF-Q54NZ4-F1-model_v4	AF-Q54NZ4-F1-model_v4 AP-4 complex subunit sigma	6.140E-04	1.000	109	2	128	140	1	138	139	145	0.907	0.993
LOKIASV2_1460_ESMFold_hypothetical_protein	AF-A0A044TY84-F1-model_v4	AF-A0A044TY84-F1-model_v4 AP complex subunit sigma	1.337E-03	1.000	109	4	113	140	2	111	142	116	0.786	0.775
LOKIASV2_1460_ESMFold_hypothetical_protein	AF-Q54H39-F1-model_v4	AF-Q54H39-F1-model_v4 AP-2 complex subunit sigma	9.669E-04	1.000	109	4	127	140	2	140	142	146	0.886	0.979
LOKIASV2_1460_ESMFold_hypothetical_protein	AF-P35181-F1-model_v4	AF-P35181-F1-model_v4 AP-1 complex subunit sigma-1	3.899E-04	1.000	109	1	133	140	1	155	156	161	0.950	0.994
LOKIASV2_1460_ESMFold_hypothetical_protein	AF-A0A044RJ19-F1-model_v4	AF-A0A044RJ19-F1-model_v4 AP complex subunit sigma	4.737E-04	1.000	109	4	139	140	2	156	159	161	0.971	0.975
LOKIASV2_1460_ESMFold_hypothetical_protein	AF-A0A0D2GXB7-F1-model_v4	AF-A0A0D2GXB7-F1-model_v4 Trafficking protein particle complex subunit	1.733E-03	1.000	109	4	98	140	3	127	166	128	0.679	0.753
LOKIASV2_1460_ESMFold_hypothetical_protein	AF-I1MK36-F1-model_v4	AF-I1MK36-F1-model_v4 Uncharacterized protein	3.775E-03	1.000	109	4	137	140	2	140	218	142	0.957	0.638
LOKIASV2_1460_ESMFold_hypothetical_protein	AF-A0A0J9YA85-F1-model_v4	AF-A0A0J9YA85-F1-model_v4 Trafficking protein particle complex subunit	7.222E-03	1.000	109	2	132	140	1	216	221	222	0.936	0.977
LOKIASV2_1460_ESMFold_hypothetical_protein	AF-I1KAT3-F1-model_v4	AF-I1KAT3-F1-model_v4 Uncharacterized protein	2.730E-03	1.000	109	3	133	140	14	141	234	136	0.936	0.547
LOKIASV2_1460_ESMFold_hypothetical_protein	AF-K7K9X0-F1-model_v4	AF-K7K9X0-F1-model_v4 MHD domain-containing protein	5.572E-03	1.000	109	4	77	140	2	73	403	75	0.529	0.179
LOKIASV2_1460_ESMFold_hypothetical_protein	AF-Q54M79-F1-model_v4	AF-Q54M79-F1-model_v4 Uncharacterized protein	3.538E-03	1.000	109	6	120	140	3	108	1009	119	0.821	0.105
LOKIASV2_1460_ESMFold_hypothetical_protein	AF-A0A044T5N1-F1-model_v4	AF-A0A044T5N1-F1-model_v4 Uncharacterized protein	1.474E-02	1.000	109	6	96	140	694	777	1089	91	0.650	0.077
LOKIASV2_1460_ESMFold_hypothetical_protein	AF-Q58736-F1-model_v4	AF-Q58736-F1-model_v4 Uncharacterized protein MJ1340	3.108E-03	1.000	108	1	76	140	12	90	114	82	0.543	0.693
LOKIASV2_1460_ESMFold_hypothetical_protein	AF-K0EZQ8-F1-model_v4	AF-K0EZQ8-F1-model_v4 Robl_LC7 domain-containing protein	2.398E-03	1.000	108	1	91	140	23	122	135	101	0.650	0.741
LOKIASV2_1460_ESMFold_hypothetical_protein	AF-P62744-F1-model_v4	AF-P62744-F1-model_v4 AP-2 complex subunit sigma	1.625E-03	1.000	108	4	113	140	2	111	142	116	0.786	0.775
LOKIASV2_1460_ESMFold_hypothetical_protein	AF-O82201-F1-model_v4	AF-O82201-F1-model_v4 AP-4 complex subunit sigma	2.106E-03	1.000	108	2	109	140	1	109	143	116	0.771	0.762
LOKIASV2_1460_ESMFold_hypothetical_protein	AF-Q00381-F1-model_v4	AF-Q00381-F1-model_v4 AP-2 complex subunit sigma	3.108E-03	1.000	108	2	108	140	1	112	147	115	0.764	0.762
LOKIASV2_1460_ESMFold_hypothetical_protein	AF-A0A175VWK4-F1-model_v4	AF-A0A175VWK4-F1-model_v4 Trafficking protein particle complex subunit	2.247E-03	1.000	108	4	98	140	6	127	160	128	0.679	0.762
LOKIASV2_1460_ESMFold_hypothetical_protein	AF-A0A2K6VUP3-F1-model_v4	AF-A0A2K6VUP3-F1-model_v4 Trafficking protein particle complex subunit	7.222E-03	1.000	108	2	132	140	1	216	221	222	0.936	0.977
LOKIASV2_1460_ESMFold_hypothetical_protein	AF-Q4CWD7-F1-model_v4	AF-Q4CWD7-F1-model_v4 Synaptobrevin-type transport protein, putative	8.223E-03	1.000	108	4	134	140	7	156	262	150	0.936	0.573
LOKIASV2_1460_ESMFold_hypothetical_protein	AF-Q4DC37-F1-model_v4	AF-Q4DC37-F1-model_v4 Synaptobrevin-type transport protein, putative	7.706E-03	1.000	108	4	134	140	57	206	312	150	0.936	0.481
LOKIASV2_1460_ESMFold_hypothetical_protein	AF-Q57758-F1-model_v4	AF-Q57758-F1-model_v4 Uncharacterized protein MJ0310	4.298E-03	1.000	107	1	76	140	12	90	114	82	0.543	0.693
LOKIASV2_1460_ESMFold_hypothetical_protein	AF-Q4CT12-F1-model_v4	AF-Q4CT12-F1-model_v4 Dynein light chain 2B, cytoplasmic, putative	3.538E-03	1.000	107	1	76	140	29	113	117	85	0.543	0.726
LOKIASV2_1460_ESMFold_hypothetical_protein	AF-K0EYG9-F1-model_v4	AF-K0EYG9-F1-model_v4 Roadblock/LC7 family protein	7.706E-03	1.000	107	2	113	140	25	141	142	118	0.800	0.824
LOKIASV2_1460_ESMFold_hypothetical_protein	AF-C6SXR3-F1-model_v4	AF-C6SXR3-F1-model_v4 AP complex subunit sigma	6.991E-04	1.000	107	2	128	140	1	142	143	148	0.907	0.993
LOKIASV2_1460_ESMFold_hypothetical_protein	AF-B8A403-F1-model_v4	AF-B8A403-F1-model_v4 AP complex subunit sigma	4.161E-04	1.000	107	4	139	140	2	154	157	161	0.971	0.975
LOKIASV2_1460_ESMFold_hypothetical_protein	AF-Q940S5-F1-model_v4	AF-Q940S5-F1-model_v4 Coatomer subunit zeta-1	3.538E-03	1.000	107	3	108	140	6	116	177	114	0.757	0.627
LOKIASV2_1460_ESMFold_hypothetical_protein	AF-A0A0K0E3W8-F1-model_v4	AF-A0A0K0E3W8-F1-model_v4 Trafficking protein particle complex subunit	3.108E-03	1.000	107	2	98	140	1	184	222	186	0.693	0.829
LOKIASV2_1460_ESMFold_hypothetical_protein	AF-Q4D9D6-F1-model_v4	AF-Q4D9D6-F1-model_v4 V-SNARE coiled-coil homology domain-containing protein	1.625E-03	1.000	107	2	126	140	69	186	282	125	0.893	0.418
LOKIASV2_1460_ESMFold_hypothetical_protein	AF-A0A0N4UMV4-F1-model_v4	AF-A0A0N4UMV4-F1-model_v4 Uncharacterized protein	6.991E-04	1.000	107	4	128	140	35	183	480	154	0.893	0.310
LOKIASV2_1460_ESMFold_hypothetical_protein	AF-Q6ZKE1-F1-model_v4	AF-Q6ZKE1-F1-model_v4 AP complex subunit sigma	7.959E-04	1.000	106	2	128	140	1	142	143	148	0.907	0.993
LOKIASV2_1460_ESMFold_hypothetical_protein	AF-Q8H8J0-F1-model_v4	AF-Q8H8J0-F1-model_v4 AP complex subunit sigma	3.108E-03	1.000	106	4	109	140	3	109	143	112	0.757	0.748
LOKIASV2_1460_ESMFold_hypothetical_protein	AF-Q9Y7L6-F1-model_v4	AF-Q9Y7L6-F1-model_v4 AP-2 complex subunit sigma	3.899E-04	1.000	106	4	124	140	2	142	143	147	0.864	0.986
LOKIASV2_1460_ESMFold_hypothetical_protein	AF-A0A0N4UJ47-F1-model_v4	AF-A0A0N4UJ47-F1-model_v4 AP complex subunit sigma	6.140E-04	1.000	106	4	137	140	2	151	152	156	0.957	0.987
LOKIASV2_1460_ESMFold_hypothetical_protein	AF-B5DFI3-F1-model_v4	AF-B5DFI3-F1-model_v4 AP complex subunit sigma	3.899E-04	1.000	106	4	140	140	2	158	158	164	0.979	0.994
LOKIASV2_1460_ESMFold_hypothetical_protein	AF-P61967-F1-model_v4	AF-P61967-F1-model_v4 AP-1 complex subunit sigma-1A	4.161E-04	1.000	106	4	140	140	2	158	158	164	0.979	0.994
LOKIASV2_1460_ESMFold_hypothetical_protein	AF-P61966-F1-model_v4	AF-P61966-F1-model_v4 AP-1 complex subunit sigma-1A	4.161E-04	1.000	106	4	140	140	2	158	158	164	0.979	0.994
LOKIASV2_1460_ESMFold_hypothetical_protein	AF-Q57WD6-F1-model_v4	AF-Q57WD6-F1-model_v4 AP complex subunit sigma	6.552E-04	1.000	106	4	138	140	2	152	159	157	0.964	0.950
LOKIASV2_1460_ESMFold_hypothetical_protein	AF-P61923-F1-model_v4	AF-P61923-F1-model_v4 Coatomer subunit zeta-1	6.552E-04	1.000	106	3	136	140	12	175	177	169	0.957	0.927
LOKIASV2_1460_ESMFold_hypothetical_protein	AF-U7Q4G8-F1-model_v4	AF-U7Q4G8-F1-model_v4 Coatomer subunit zeta	1.910E-04	1.000	106	3	115	140	9	125	197	132	0.807	0.594
LOKIASV2_1460_ESMFold_hypothetical_protein	AF-A0A1C1CPM6-F1-model_v4	AF-A0A1C1CPM6-F1-model_v4 Protein transport protein SEC22	2.247E-03	1.000	106	4	136	140	2	138	215	142	0.950	0.637
LOKIASV2_1460_ESMFold_hypothetical_protein	AF-A0A044SWP5-F1-model_v4	AF-A0A044SWP5-F1-model_v4 MHD domain-containing protein	4.894E-03	1.000	106	4	116	140	6	118	422	120	0.807	0.268
LOKIASV2_1460_ESMFold_hypothetical_protein	AF-C0Z274-F1-model_v4	AF-C0Z274-F1-model_v4 Vacuolar fusion protein CCZ1 homolog B	4.028E-03	1.000	106	1	125	140	10	152	497	149	0.893	0.288
LOKIASV2_1460_ESMFold_hypothetical_protein	AF-A0A0D2GVI2-F1-model_v4	AF-A0A0D2GVI2-F1-model_v4 Unplaced genomic scaffold supercont1.7, whole genome shotgun sequence	2.558E-03	1.000	106	2	109	140	3	111	553	117	0.771	0.197
LOKIASV2_1460_ESMFold_hypothetical_protein	AF-C0NN98-F1-model_v4	AF-C0NN98-F1-model_v4 Adaptin	1.625E-03	1.000	106	1	127	140	1	118	590	132	0.907	0.200
LOKIASV2_1460_ESMFold_hypothetical_protein	AF-Q86J23-F1-model_v4	AF-Q86J23-F1-model_v4 Ragulator complex protein LAMTOR3 homolog	6.991E-04	1.000	105	1	98	140	20	127	132	112	0.700	0.818
LOKIASV2_1460_ESMFold_hypothetical_protein	AF-F1M5X2-F1-model_v4	AF-F1M5X2-F1-model_v4 AP complex subunit sigma	8.493E-04	1.000	105	4	127	140	2	143	144	150	0.886	0.986
LOKIASV2_1460_ESMFold_hypothetical_protein	AF-P61924-F1-model_v4	AF-P61924-F1-model_v4 Coatomer subunit zeta-1	6.140E-04	1.000	105	3	123	140	12	126	177	126	0.864	0.650
LOKIASV2_1460_ESMFold_hypothetical_protein	AF-Q6Z844-F1-model_v4	AF-Q6Z844-F1-model_v4 Coatomer subunit zeta-2	4.298E-03	1.000	105	3	109	140	11	122	182	115	0.764	0.615
LOKIASV2_1460_ESMFold_hypothetical_protein	AF-Q4CUR8-F1-model_v4	AF-Q4CUR8-F1-model_v4 V-SNARE coiled-coil homology domain-containing protein	1.427E-03	1.000	105	1	128	140	1	121	215	130	0.914	0.563
LOKIASV2_1460_ESMFold_hypothetical_protein	AF-Q387Z8-F1-model_v4	AF-Q387Z8-F1-model_v4 Synaptobrevin-type vesicle transport protein, putative	8.223E-03	1.000	105	4	135	140	7	157	255	158	0.943	0.592
LOKIASV2_1460_ESMFold_hypothetical_protein	AF-Q9D1L9-F1-model_v4	AF-Q9D1L9-F1-model_v4 Ragulator complex protein LAMTOR5	6.769E-03	1.000	104	2	76	140	16	88	91	79	0.536	0.802
LOKIASV2_1460_ESMFold_hypothetical_protein	AF-J9F447-F1-model_v4	AF-J9F447-F1-model_v4 Late endosomal/lysosomal adaptor and MAPK and MTOR activator 5	6.769E-03	1.000	104	3	82	140	27	106	109	86	0.571	0.734
LOKIASV2_1460_ESMFold_hypothetical_protein	AF-B4FTQ9-F1-model_v4	AF-B4FTQ9-F1-model_v4 AP complex subunit sigma	1.032E-03	1.000	104	2	128	140	1	142	143	148	0.907	0.993
LOKIASV2_1460_ESMFold_hypothetical_protein	AF-A0A0K0E3P9-F1-model_v4	AF-A0A0K0E3P9-F1-model_v4 AP complex subunit sigma	6.991E-04	1.000	104	4	140	140	2	157	157	161	0.979	0.994
LOKIASV2_1460_ESMFold_hypothetical_protein	AF-I1KG99-F1-model_v4	AF-I1KG99-F1-model_v4 Coatomer subunit zeta	2.247E-03	1.000	104	3	109	140	9	120	188	119	0.764	0.596
LOKIASV2_1460_ESMFold_hypothetical_protein	AF-F1QFP1-F1-model_v4	AF-F1QFP1-F1-model_v4 Coatomer subunit zeta	5.755E-04	1.000	104	3	136	140	33	196	198	170	0.957	0.828
LOKIASV2_1460_ESMFold_hypothetical_protein	AF-U7PJ25-F1-model_v4	AF-U7PJ25-F1-model_v4 Protein transport protein SEC22	2.558E-03	1.000	104	4	138	140	2	145	220	147	0.964	0.655
LOKIASV2_1460_ESMFold_hypothetical_protein	AF-U7Q1Q6-F1-model_v4	AF-U7Q1Q6-F1-model_v4 MHD domain-containing protein	8.493E-04	1.000	104	4	117	140	5	142	692	147	0.814	0.199
LOKIASV2_1460_ESMFold_hypothetical_protein	AF-G4VTG6-F1-model_v4	AF-G4VTG6-F1-model_v4 AP complex subunit sigma	7.459E-04	1.000	103	4	124	140	2	138	142	143	0.864	0.965
LOKIASV2_1460_ESMFold_hypothetical_protein	AF-U7PU98-F1-model_v4	AF-U7PU98-F1-model_v4 AP complex subunit sigma	1.850E-03	1.000	103	4	127	140	2	141	143	146	0.886	0.979
LOKIASV2_1460_ESMFold_hypothetical_protein	AF-Q8IFN5-F1-model_v4	AF-Q8IFN5-F1-model_v4 AP complex subunit sigma	1.253E-03	1.000	103	4	131	140	2	145	146	150	0.914	0.986
LOKIASV2_1460_ESMFold_hypothetical_protein	AF-A0A1D6MY50-F1-model_v4	AF-A0A1D6MY50-F1-model_v4 AP complex subunit sigma	2.558E-03	1.000	103	4	109	140	2	108	156	114	0.757	0.686
LOKIASV2_1460_ESMFold_hypothetical_protein	AF-D3ZF11-F1-model_v4	AF-D3ZF11-F1-model_v4 Late endosomal/lysosomal adaptor and MAPK and MTOR activator 5	8.223E-03	1.000	103	2	76	140	81	153	156	79	0.536	0.468
LOKIASV2_1460_ESMFold_hypothetical_protein	AF-B2GV08-F1-model_v4	AF-B2GV08-F1-model_v4 AP complex subunit sigma	7.459E-04	1.000	103	4	139	140	1	154	157	160	0.971	0.981
LOKIASV2_1460_ESMFold_hypothetical_protein	AF-Q9SYB8-F1-model_v4	AF-Q9SYB8-F1-model_v4 Trafficking protein particle complex subunit	1.625E-03	1.000	103	3	124	140	22	163	169	155	0.871	0.840
LOKIASV2_1460_ESMFold_hypothetical_protein	AF-Q69BT7-F1-model_v4	AF-Q69BT7-F1-model_v4 Trafficking protein particle complex subunit 4	1.382E-02	1.000	103	2	131	140	1	211	219	219	0.929	0.963
LOKIASV2_1460_ESMFold_hypothetical_protein	AF-G4LZ11-F1-model_v4	AF-G4LZ11-F1-model_v4 Intu_longin_1 domain-containing protein	3.775E-03	1.000	103	3	129	140	8	161	239	159	0.907	0.644
LOKIASV2_1460_ESMFold_hypothetical_protein	AF-Q5XJY5-F1-model_v4	AF-Q5XJY5-F1-model_v4 Coatomer subunit delta	1.032E-03	1.000	103	4	138	140	3	171	511	176	0.964	0.331
LOKIASV2_1460_ESMFold_hypothetical_protein	AF-C6SZU4-F1-model_v4	AF-C6SZU4-F1-model_v4 AP complex subunit sigma	9.669E-04	1.000	102	4	130	140	2	140	142	146	0.907	0.979
LOKIASV2_1460_ESMFold_hypothetical_protein	AF-A0A150AS97-F1-model_v4	AF-A0A150AS97-F1-model_v4 AP complex subunit sigma	2.558E-03	1.000	102	4	127	140	2	141	143	146	0.886	0.979
LOKIASV2_1460_ESMFold_hypothetical_protein	AF-A4IA12-F1-model_v4	AF-A4IA12-F1-model_v4 AP complex subunit sigma	1.032E-03	1.000	102	4	129	140	2	142	143	148	0.900	0.986
LOKIASV2_1460_ESMFold_hypothetical_protein	AF-A0A0J9XRQ0-F1-model_v4	AF-A0A0J9XRQ0-F1-model_v4 AP complex subunit sigma	8.493E-04	1.000	102	4	140	140	2	157	157	162	0.979	0.994
LOKIASV2_1460_ESMFold_hypothetical_protein	AF-O16369-F1-model_v4	AF-O16369-F1-model_v4 AP complex subunit sigma	7.959E-04	1.000	102	4	130	140	2	144	157	148	0.907	0.911
LOKIASV2_1460_ESMFold_hypothetical_protein	AF-A0A0K0EQ58-F1-model_v4	AF-A0A0K0EQ58-F1-model_v4 AP complex subunit sigma	1.175E-03	1.000	102	4	137	140	2	147	160	156	0.957	0.913
LOKIASV2_1460_ESMFold_hypothetical_protein	AF-Q57TU5-F1-model_v4	AF-Q57TU5-F1-model_v4 AP complex subunit sigma	1.101E-03	1.000	102	4	132	140	2	155	164	158	0.921	0.939
LOKIASV2_1460_ESMFold_hypothetical_protein	AF-Q9MAY9-F1-model_v4	AF-Q9MAY9-F1-model_v4 Coatomer subunit zeta	1.733E-03	1.000	102	3	136	140	6	174	176	174	0.957	0.960
LOKIASV2_1460_ESMFold_hypothetical_protein	AF-Q9MAZ1-F1-model_v4	AF-Q9MAZ1-F1-model_v4 Coatomer subunit zeta	1.175E-03	1.000	102	3	136	140	8	177	179	176	0.957	0.950
LOKIASV2_1460_ESMFold_hypothetical_protein	AF-A0A0K0EIB8-F1-model_v4	AF-A0A0K0EIB8-F1-model_v4 Coatomer subunit zeta	1.032E-03	1.000	102	3	139	140	10	166	179	164	0.979	0.877
LOKIASV2_1460_ESMFold_hypothetical_protein	AF-A0A0D2FBB5-F1-model_v4	AF-A0A0D2FBB5-F1-model_v4 Trafficking protein particle complex subunit	3.775E-03	1.000	102	4	99	140	13	162	191	155	0.686	0.785
LOKIASV2_1460_ESMFold_hypothetical_protein	AF-Q642F4-F1-model_v4	AF-Q642F4-F1-model_v4 Vesicle-trafficking protein SEC22a	6.343E-03	1.000	102	1	107	140	1	105	307	110	0.764	0.342
LOKIASV2_1460_ESMFold_hypothetical_protein	AF-F4I2S4-F1-model_v4	AF-F4I2S4-F1-model_v4 Vacuolar fusion protein CCZ1 homolog A	5.945E-03	1.000	102	6	114	140	12	139	515	131	0.779	0.249
LOKIASV2_1460_ESMFold_hypothetical_protein	AF-Q9W555-F1-model_v4	AF-Q9W555-F1-model_v4 Coatomer subunit delta	1.733E-03	1.000	102	2	135	140	1	157	532	162	0.957	0.295
LOKIASV2_1460_ESMFold_hypothetical_protein	AF-A9C463-F1-model_v4	AF-A9C463-F1-model_v4 HPS4 biogenesis of lysosomal organelles complex 3 subunit 2	4.894E-03	1.000	102	6	109	140	14	137	647	128	0.743	0.192
LOKIASV2_1460_ESMFold_hypothetical_protein	AF-Q58124-F1-model_v4	AF-Q58124-F1-model_v4 Uncharacterized protein MJ0714	5.222E-03	1.000	101	1	91	140	16	113	118	101	0.650	0.831
LOKIASV2_1460_ESMFold_hypothetical_protein	AF-O50016-F1-model_v4	AF-O50016-F1-model_v4 AP-2 complex subunit sigma	2.247E-03	1.000	101	4	115	140	2	113	132	120	0.800	0.848
LOKIASV2_1460_ESMFold_hypothetical_protein	AF-Q4DVQ7-F1-model_v4	AF-Q4DVQ7-F1-model_v4 Trafficking protein particle complex subunit	9.669E-04	1.000	101	2	130	140	1	138	141	151	0.921	0.979
LOKIASV2_1460_ESMFold_hypothetical_protein	AF-Q4D2K4-F1-model_v4	AF-Q4D2K4-F1-model_v4 Uncharacterized protein	4.028E-03	1.000	101	4	93	140	21	132	149	115	0.643	0.752
LOKIASV2_1460_ESMFold_hypothetical_protein	AF-A0A183XFD6-F1-model_v4	AF-A0A183XFD6-F1-model_v4 AP complex subunit sigma	8.493E-04	1.000	101	4	130	140	2	144	157	149	0.907	0.911
LOKIASV2_1460_ESMFold_hypothetical_protein	AF-Q5NA06-F1-model_v4	AF-Q5NA06-F1-model_v4 Coatomer subunit zeta-3	2.558E-03	1.000	101	3	140	140	6	176	177	179	0.986	0.966
LOKIASV2_1460_ESMFold_hypothetical_protein	AF-Q3E841-F1-model_v4	AF-Q3E841-F1-model_v4 Uncharacterized protein YNR034W-A	5.572E-03	1.000	100	3	82	140	13	87	98	81	0.571	0.765
LOKIASV2_1460_ESMFold_hypothetical_protein	AF-Q5NAX9-F1-model_v4	AF-Q5NAX9-F1-model_v4 Os01g0234800 protein	8.223E-03	1.000	100	4	138	140	2	141	146	143	0.964	0.959
LOKIASV2_1460_ESMFold_hypothetical_protein	AF-C0NE19-F1-model_v4	AF-C0NE19-F1-model_v4 Trafficking protein particle complex subunit	3.108E-03	1.000	100	2	98	140	1	132	168	136	0.693	0.786
LOKIASV2_1460_ESMFold_hypothetical_protein	AF-D4A8T3-F1-model_v4	AF-D4A8T3-F1-model_v4 Coatomer subunit zeta	6.991E-04	1.000	100	3	117	140	12	116	177	116	0.821	0.593
LOKIASV2_1460_ESMFold_hypothetical_protein	AF-A0A1D6GG67-F1-model_v4	AF-A0A1D6GG67-F1-model_v4 AP-1 complex subunit sigma-2	8.493E-04	1.000	100	1	139	140	25	184	189	166	0.993	0.847
LOKIASV2_1460_ESMFold_hypothetical_protein	AF-Q9Y7L0-F1-model_v4	AF-Q9Y7L0-F1-model_v4 Protein transport protein sec22	6.769E-03	1.000	100	4	135	140	2	136	215	139	0.943	0.628
LOKIASV2_1460_ESMFold_hypothetical_protein	AF-Q9ES56-F1-model_v4	AF-Q9ES56-F1-model_v4 Trafficking protein particle complex subunit 4	8.223E-03	1.000	100	2	124	140	1	208	219	216	0.879	0.950
LOKIASV2_1460_ESMFold_hypothetical_protein	AF-Q96IW7-F1-model_v4	AF-Q96IW7-F1-model_v4 Vesicle-trafficking protein SEC22a	7.706E-03	1.000	100	1	107	140	1	105	307	110	0.764	0.342
LOKIASV2_1460_ESMFold_hypothetical_protein	AF-P86790-F1-model_v4	AF-P86790-F1-model_v4 Vacuolar fusion protein CCZ1 homolog B	2.106E-03	1.000	100	4	131	140	24	177	482	161	0.914	0.320
LOKIASV2_1460_ESMFold_hypothetical_protein	AF-O08983-F1-model_v4	AF-O08983-F1-model_v4 Hermansky-Pudlak syndrome 1 protein homolog	4.298E-03	1.000	100	6	118	140	3	145	704	147	0.807	0.203
LOKIASV2_1460_ESMFold_hypothetical_protein	AF-P56377-F1-model_v4	AF-P56377-F1-model_v4 AP-1 complex subunit sigma-2	7.959E-04	0.999	99	4	136	140	1	154	157	160	0.950	0.981
LOKIASV2_1460_ESMFold_hypothetical_protein	AF-A0A0R0I2K0-F1-model_v4	AF-A0A0R0I2K0-F1-model_v4 Longin domain-containing protein	7.222E-03	0.999	99	4	125	140	2	127	169	132	0.871	0.746
LOKIASV2_1460_ESMFold_hypothetical_protein	AF-P22214-F1-model_v4	AF-P22214-F1-model_v4 Protein transport protein SEC22	6.343E-03	0.999	99	4	101	140	2	97	214	103	0.700	0.449
LOKIASV2_1460_ESMFold_hypothetical_protein	AF-A0A077YYF6-F1-model_v4	AF-A0A077YYF6-F1-model_v4 Vesicle trafficking protein SEC22b	7.222E-03	0.999	99	4	107	140	2	105	215	110	0.743	0.484
LOKIASV2_1460_ESMFold_hypothetical_protein	AF-A0A1D8PSL3-F1-model_v4	AF-A0A1D8PSL3-F1-model_v4 SNAP receptor	5.945E-03	0.999	99	4	136	140	2	137	216	142	0.950	0.630
LOKIASV2_1460_ESMFold_hypothetical_protein	AF-Q9VLI9-F1-model_v4	AF-Q9VLI9-F1-model_v4 Trafficking protein particle complex subunit	8.774E-03	0.999	99	2	131	140	1	211	219	218	0.929	0.963
LOKIASV2_1460_ESMFold_hypothetical_protein	AF-Q803R2-F1-model_v4	AF-Q803R2-F1-model_v4 Vacuolar fusion protein CCZ1 homolog	4.894E-03	0.999	99	4	128	140	21	175	480	159	0.893	0.323
LOKIASV2_1460_ESMFold_hypothetical_protein	AF-P86791-F1-model_v4	AF-P86791-F1-model_v4 Vacuolar fusion protein CCZ1 homolog	2.398E-03	0.999	99	4	131	140	24	177	482	161	0.914	0.320
LOKIASV2_1460_ESMFold_hypothetical_protein	AF-A0A0G2JXZ4-F1-model_v4	AF-A0A0G2JXZ4-F1-model_v4 HPS1, biogenesis of lysosomal organelles complex 3 subunit 1	7.706E-03	0.999	99	6	132	140	3	159	706	161	0.907	0.222
LOKIASV2_1460_ESMFold_hypothetical_protein	AF-Q5F6S2-F1-model_v4	AF-Q5F6S2-F1-model_v4 Robl_LC7 domain-containing protein	1.066E-02	0.999	98	1	94	140	16	110	119	100	0.671	0.798
LOKIASV2_1460_ESMFold_hypothetical_protein	AF-C0H4V0-F1-model_v4	AF-C0H4V0-F1-model_v4 Trafficking protein particle complex subunit 2-like protein, putative	2.913E-03	0.999	98	2	128	140	1	142	143	151	0.907	0.993
LOKIASV2_1460_ESMFold_hypothetical_protein	AF-M0R3S2-F1-model_v4	AF-M0R3S2-F1-model_v4 SEC22 homolog C, vesicle-trafficking protein	1.137E-02	0.999	98	1	138	140	1	147	302	151	0.986	0.487
LOKIASV2_1460_ESMFold_hypothetical_protein	AF-Q92902-F1-model_v4	AF-Q92902-F1-model_v4 Hermansky-Pudlak syndrome 1 protein	5.572E-03	0.999	98	6	118	140	3	145	700	147	0.807	0.204
LOKIASV2_1460_ESMFold_hypothetical_protein	AF-Q580Q0-F1-model_v4	AF-Q580Q0-F1-model_v4 Dynein light chain 2B, cytoplasmic, putative	4.894E-03	0.999	97	3	76	140	30	112	116	83	0.529	0.716
LOKIASV2_1460_ESMFold_hypothetical_protein	AF-Q7EY72-F1-model_v4	AF-Q7EY72-F1-model_v4 Vacuolar fusion protein CCZ1 homolog	1.678E-02	0.999	97	6	97	140	13	120	492	109	0.657	0.220
LOKIASV2_1460_ESMFold_hypothetical_protein	AF-I1KPU9-F1-model_v4	AF-I1KPU9-F1-model_v4 Clat_adaptor_s domain-containing protein	3.538E-03	0.999	96	4	124	140	3	141	143	144	0.864	0.972
LOKIASV2_1460_ESMFold_hypothetical_protein	AF-A0A1D6FRR0-F1-model_v4	AF-A0A1D6FRR0-F1-model_v4 Coatomer subunit zeta	1.974E-03	0.999	96	3	136	140	6	191	193	190	0.957	0.964
LOKIASV2_1460_ESMFold_hypothetical_protein	AF-Q388Z8-F1-model_v4	AF-Q388Z8-F1-model_v4 Longin domain-containing protein	2.321E-02	0.999	96	4	103	140	2	106	205	109	0.714	0.512
LOKIASV2_1460_ESMFold_hypothetical_protein	AF-A4HY62-F1-model_v4	AF-A4HY62-F1-model_v4 Putative synaptobrevin-type transport protein	4.586E-03	0.999	96	4	105	140	7	127	280	121	0.729	0.432
LOKIASV2_1460_ESMFold_hypothetical_protein	AF-Q9NQG7-F1-model_v4	AF-Q9NQG7-F1-model_v4 Hermansky-Pudlak syndrome 4 protein	8.774E-03	0.999	96	3	115	140	14	146	708	136	0.807	0.188
LOKIASV2_1460_ESMFold_hypothetical_protein	AF-Q4D4H8-F1-model_v4	AF-Q4D4H8-F1-model_v4 AP complex subunit sigma	3.775E-03	0.998	95	4	140	140	2	161	164	162	0.979	0.976
LOKIASV2_1460_ESMFold_hypothetical_protein	AF-E9AH61-F1-model_v4	AF-E9AH61-F1-model_v4 AP complex subunit sigma	4.298E-03	0.998	95	4	139	140	2	162	166	163	0.971	0.970
LOKIASV2_1460_ESMFold_hypothetical_protein	AF-F1QNE7-F1-model_v4	AF-F1QNE7-F1-model_v4 Trafficking protein particle complex subunit	1.382E-02	0.998	95	2	124	140	1	208	219	216	0.879	0.950
LOKIASV2_1460_ESMFold_hypothetical_protein	AF-A0A077Z6W0-F1-model_v4	AF-A0A077Z6W0-F1-model_v4 Ras GTP binding protein A	2.321E-02	0.998	95	2	98	140	196	296	301	105	0.693	0.336
LOKIASV2_1460_ESMFold_hypothetical_protein	AF-A0A140UHX9-F1-model_v4	AF-A0A140UHX9-F1-model_v4 CCZ1 homolog B, vacuolar protein-trafficking and biogenesis-associated	3.775E-03	0.998	95	4	131	140	22	175	480	161	0.914	0.321
LOKIASV2_1460_ESMFold_hypothetical_protein	AF-A0A0N4U4S1-F1-model_v4	AF-A0A0N4U4S1-F1-model_v4 Uncharacterized protein	2.730E-03	0.998	94	1	123	140	40	149	150	129	0.879	0.733
LOKIASV2_1460_ESMFold_hypothetical_protein	AF-G4V8G4-F1-model_v4	AF-G4V8G4-F1-model_v4 AP complex subunit sigma	2.398E-03	0.998	94	4	140	140	2	157	157	161	0.979	0.994
LOKIASV2_1460_ESMFold_hypothetical_protein	AF-A0A0D2D9C5-F1-model_v4	AF-A0A0D2D9C5-F1-model_v4 Unplaced genomic scaffold supercont1.9, whole genome shotgun sequence	1.137E-02	0.998	94	1	81	140	23	103	177	88	0.579	0.458
LOKIASV2_1460_ESMFold_hypothetical_protein	AF-A0A1D8PG39-F1-model_v4	AF-A0A1D8PG39-F1-model_v4 MHD domain-containing protein	4.298E-03	0.998	94	4	111	140	2	116	669	122	0.771	0.172
LOKIASV2_1460_ESMFold_hypothetical_protein	AF-Q99KG7-F1-model_v4	AF-Q99KG7-F1-model_v4 Hermansky-Pudlak syndrome 4 protein homolog	1.066E-02	0.998	94	3	115	140	14	146	671	136	0.807	0.198
LOKIASV2_1460_ESMFold_hypothetical_protein	AF-K0F6T3-F1-model_v4	AF-K0F6T3-F1-model_v4 Robl_LC7 domain-containing protein	4.298E-03	0.998	93	2	111	140	21	138	141	121	0.786	0.837
LOKIASV2_1460_ESMFold_hypothetical_protein	AF-Q4CV26-F1-model_v4	AF-Q4CV26-F1-model_v4 AP complex subunit sigma	3.775E-03	0.998	93	4	130	140	2	153	164	154	0.907	0.927
LOKIASV2_1460_ESMFold_hypothetical_protein	AF-Q9MAX5-F1-model_v4	AF-Q9MAX5-F1-model_v4 Coatomer subunit zeta-1	5.222E-03	0.998	93	3	136	140	6	175	177	175	0.957	0.960
LOKIASV2_1460_ESMFold_hypothetical_protein	AF-C6T321-F1-model_v4	AF-C6T321-F1-model_v4 Coatomer subunit zeta	1.625E-03	0.998	93	3	115	140	8	114	179	119	0.807	0.598
LOKIASV2_1460_ESMFold_hypothetical_protein	AF-Q8I1T3-F1-model_v4	AF-Q8I1T3-F1-model_v4 Coatomer subunit zeta	7.459E-04	0.998	93	3	126	140	8	151	208	158	0.886	0.692
LOKIASV2_1460_ESMFold_hypothetical_protein	AF-M9PGI6-F1-model_v4	AF-M9PGI6-F1-model_v4 Secretory 22, isoform B	1.295E-02	0.998	93	4	133	140	2	135	213	141	0.929	0.629
LOKIASV2_1460_ESMFold_hypothetical_protein	AF-Q9M0A0-F1-model_v4	AF-Q9M0A0-F1-model_v4 AT4g30600/F17I23_60	8.223E-03	0.998	93	4	138	140	2	133	634	139	0.964	0.208
LOKIASV2_1460_ESMFold_hypothetical_protein	AF-E7FA90-F1-model_v4	AF-E7FA90-F1-model_v4 Late endosomal/lysosomal adaptor and MAPK and MTOR activator 5	1.573E-02	0.997	92	2	76	140	16	88	91	79	0.536	0.802
LOKIASV2_1460_ESMFold_hypothetical_protein	AF-A4HXX4-F1-model_v4	AF-A4HXX4-F1-model_v4 Dynein light chain roadblock	3.538E-03	0.997	92	1	86	140	20	111	112	94	0.614	0.821
LOKIASV2_1460_ESMFold_hypothetical_protein	AF-A0A3Q0KED6-F1-model_v4	AF-A0A3Q0KED6-F1-model_v4 Putative snare protein sec22	1.523E-03	0.997	92	4	137	140	2	167	173	171	0.957	0.960
LOKIASV2_1460_ESMFold_hypothetical_protein	AF-P47064-F1-model_v4	AF-P47064-F1-model_v4 AP-3 complex subunit sigma	5.572E-03	0.997	92	4	139	140	2	170	194	176	0.971	0.871
LOKIASV2_1460_ESMFold_hypothetical_protein	AF-A0A0G2K1L6-F1-model_v4	AF-A0A0G2K1L6-F1-model_v4 HPS4, biogenesis of lysosomal organelles complex 3 subunit 2	2.321E-02	0.997	92	1	109	140	12	140	700	132	0.779	0.184
LOKIASV2_1460_ESMFold_hypothetical_protein	AF-Q9VJD2-F1-model_v4	AF-Q9VJD2-F1-model_v4 Ragulator complex protein LAMTOR3 homolog	1.625E-03	0.997	91	2	98	140	17	123	124	110	0.693	0.863
LOKIASV2_1460_ESMFold_hypothetical_protein	AF-C0HLF1-F1-model_v4	AF-C0HLF1-F1-model_v4 TSET complex member tstD	1.974E-03	0.997	91	4	125	140	2	117	154	127	0.871	0.753
LOKIASV2_1460_ESMFold_hypothetical_protein	AF-O08547-F1-model_v4	AF-O08547-F1-model_v4 Vesicle-trafficking protein SEC22b	1.678E-02	0.997	91	4	133	140	2	135	215	137	0.929	0.623
LOKIASV2_1460_ESMFold_hypothetical_protein	AF-Q9Y296-F1-model_v4	AF-Q9Y296-F1-model_v4 Trafficking protein particle complex subunit 4	1.474E-02	0.997	91	2	97	140	1	178	219	182	0.686	0.813
LOKIASV2_1460_ESMFold_hypothetical_protein	AF-Q8WQG5-F1-model_v4	AF-Q8WQG5-F1-model_v4 Late endosomal/lysosomal adaptor, Mapk (MAPK) and mToR (MTOR) activator homolog	3.211E-02	0.996	90	2	102	140	15	122	145	111	0.721	0.745
LOKIASV2_1460_ESMFold_hypothetical_protein	AF-Q388H6-F1-model_v4	AF-Q388H6-F1-model_v4 AP complex subunit sigma	1.337E-03	0.996	90	1	130	140	1	176	177	181	0.929	0.994
LOKIASV2_1460_ESMFold_hypothetical_protein	AF-A0A0J9Y474-F1-model_v4	AF-A0A0J9Y474-F1-model_v4 BMA-YKT-6, isoform b	1.382E-02	0.996	90	2	106	140	1	112	200	114	0.750	0.560
LOKIASV2_1460_ESMFold_hypothetical_protein	AF-Q8BH47-F1-model_v4	AF-Q8BH47-F1-model_v4 Vesicle-trafficking protein SEC22a	1.791E-02	0.996	90	1	107	140	1	105	307	111	0.764	0.342
LOKIASV2_1460_ESMFold_hypothetical_protein	AF-Q8C1Y8-F1-model_v4	AF-Q8C1Y8-F1-model_v4 Vacuolar fusion protein CCZ1 homolog	7.222E-03	0.996	90	4	131	140	22	175	480	161	0.914	0.321
LOKIASV2_1460_ESMFold_hypothetical_protein	AF-A0A0K0EBT9-F1-model_v4	AF-A0A0K0EBT9-F1-model_v4 Uncharacterized protein	1.295E-02	0.996	90	4	122	140	34	182	481	152	0.850	0.310
LOKIASV2_1460_ESMFold_hypothetical_protein	AF-A0A044UJ48-F1-model_v4	AF-A0A044UJ48-F1-model_v4 Uncharacterized protein	8.223E-03	0.996	89	2	100	140	15	122	122	111	0.707	0.885
LOKIASV2_1460_ESMFold_hypothetical_protein	AF-Q84LG4-F1-model_v4	AF-Q84LG4-F1-model_v4 Coatomer subunit zeta-2	5.572E-03	0.996	89	4	138	140	9	167	179	165	0.964	0.888
LOKIASV2_1460_ESMFold_hypothetical_protein	AF-Q20100-F1-model_v4	AF-Q20100-F1-model_v4 Trafficking protein particle complex subunit	1.066E-02	0.996	89	3	124	140	4	214	224	217	0.871	0.942
LOKIASV2_1460_ESMFold_hypothetical_protein	AF-Q57YQ2-F1-model_v4	AF-Q57YQ2-F1-model_v4 Dynein light chain 2B, cytoplasmic, putative	1.382E-02	0.995	88	3	76	140	30	112	116	83	0.529	0.716
LOKIASV2_1460_ESMFold_hypothetical_protein	AF-Q38DZ7-F1-model_v4	AF-Q38DZ7-F1-model_v4 Uncharacterized protein	9.362E-03	0.995	88	1	107	140	25	146	147	124	0.764	0.830
LOKIASV2_1460_ESMFold_hypothetical_protein	AF-A4I1Y9-F1-model_v4	AF-A4I1Y9-F1-model_v4 Hypothetical_protein_-_conserved	1.974E-03	0.995	88	4	120	140	21	144	150	139	0.836	0.827
LOKIASV2_1460_ESMFold_hypothetical_protein	AF-K0EUS0-F1-model_v4	AF-K0EUS0-F1-model_v4 Robl_LC7 domain-containing protein	1.678E-02	0.995	88	2	101	140	21	131	168	112	0.714	0.661
LOKIASV2_1460_ESMFold_hypothetical_protein	AF-Q54IQ5-F1-model_v4	AF-Q54IQ5-F1-model_v4 Vacuolar fusion protein CCZ1 homolog	1.382E-02	0.995	88	4	118	140	10	154	445	148	0.821	0.326
LOKIASV2_1460_ESMFold_hypothetical_protein	AF-O17901-F1-model_v4	AF-O17901-F1-model_v4 Probable coatomer subunit zeta	1.625E-03	0.994	87	4	121	140	14	121	184	123	0.843	0.587
LOKIASV2_1460_ESMFold_hypothetical_protein	AF-A0A044VE31-F1-model_v4	AF-A0A044VE31-F1-model_v4 Uncharacterized protein	2.321E-02	0.994	87	2	106	140	1	112	200	113	0.750	0.560
LOKIASV2_1460_ESMFold_hypothetical_protein	AF-A0A3Q0KEG2-F1-model_v4	AF-A0A3Q0KEG2-F1-model_v4 Putative snare protein sec22	3.108E-03	0.994	87	4	138	140	2	188	214	192	0.964	0.874
LOKIASV2_1460_ESMFold_hypothetical_protein	AF-C1GT60-F1-model_v4	AF-C1GT60-F1-model_v4 Trafficking protein particle complex subunit	3.211E-02	0.994	87	1	99	140	38	213	243	179	0.707	0.724
LOKIASV2_1460_ESMFold_hypothetical_protein	AF-A0A0R0KAJ9-F1-model_v4	AF-A0A0R0KAJ9-F1-model_v4 Intu_longin_1 domain-containing protein	2.477E-02	0.994	87	3	125	140	9	150	524	146	0.879	0.271
LOKIASV2_1460_ESMFold_hypothetical_protein	AF-C6T1J5-F1-model_v4	AF-C6T1J5-F1-model_v4 AP complex subunit sigma	4.894E-03	0.993	86	4	127	140	2	140	142	146	0.886	0.979
LOKIASV2_1460_ESMFold_hypothetical_protein	AF-Q84WL9-F1-model_v4	AF-Q84WL9-F1-model_v4 AP-2 complex subunit sigma	4.586E-03	0.993	86	4	127	140	2	140	142	147	0.886	0.979
LOKIASV2_1460_ESMFold_hypothetical_protein	AF-C0NL40-F1-model_v4	AF-C0NL40-F1-model_v4 AP complex subunit sigma	1.678E-02	0.993	86	2	127	140	1	143	145	148	0.900	0.986
LOKIASV2_1460_ESMFold_hypothetical_protein	AF-C1GUI0-F1-model_v4	AF-C1GUI0-F1-model_v4 AP complex subunit sigma	7.222E-03	0.993	86	2	127	140	1	143	145	149	0.900	0.986
LOKIASV2_1460_ESMFold_hypothetical_protein	AF-Q21045-F1-model_v4	AF-Q21045-F1-model_v4 Gut granule loss protein 3	1.678E-02	0.993	86	6	129	140	3	172	179	177	0.886	0.950
LOKIASV2_1460_ESMFold_hypothetical_protein	AF-Q8H1F4-F1-model_v4	AF-Q8H1F4-F1-model_v4 Coatomer subunit zeta-3	6.343E-03	0.993	86	4	138	140	11	176	181	173	0.964	0.917
LOKIASV2_1460_ESMFold_hypothetical_protein	AF-A0A0K0E3W9-F1-model_v4	AF-A0A0K0E3W9-F1-model_v4 Uncharacterized protein	1.295E-02	0.992	85	1	76	140	11	89	93	82	0.543	0.849
LOKIASV2_1460_ESMFold_hypothetical_protein	AF-B2RYU6-F1-model_v4	AF-B2RYU6-F1-model_v4 Trafficking protein particle complex subunit 2-like protein	1.382E-02	0.992	85	4	99	140	2	110	139	111	0.686	0.784
LOKIASV2_1460_ESMFold_hypothetical_protein	AF-Q4KM74-F1-model_v4	AF-Q4KM74-F1-model_v4 Vesicle-trafficking protein SEC22b	3.009E-02	0.992	85	4	133	140	2	135	215	138	0.929	0.623
LOKIASV2_1460_ESMFold_hypothetical_protein	AF-Q80X95-F1-model_v4	AF-Q80X95-F1-model_v4 Ras-related GTP-binding protein A	3.900E-02	0.992	85	2	98	140	198	299	313	105	0.693	0.326
LOKIASV2_1460_ESMFold_hypothetical_protein	AF-I1KDE5-F1-model_v4	AF-I1KDE5-F1-model_v4 SRP54 domain-containing protein	1.678E-02	0.992	85	4	135	140	2	130	623	141	0.943	0.207
LOKIASV2_1460_ESMFold_hypothetical_protein	AF-C6S3C4-F1-model_v4	AF-C6S3C4-F1-model_v4 Roadblock/LC7 domain-containing protein, putative	6.343E-03	0.991	84	3	77	140	21	103	116	88	0.536	0.716
LOKIASV2_1460_ESMFold_hypothetical_protein	AF-F4HTY0-F1-model_v4	AF-F4HTY0-F1-model_v4 SNARE-like superfamily protein	3.009E-02	0.991	84	1	128	140	1	133	135	142	0.914	0.985
LOKIASV2_1460_ESMFold_hypothetical_protein	AF-Q4D7P3-F1-model_v4	AF-Q4D7P3-F1-model_v4 Uncharacterized protein	9.362E-03	0.991	84	1	85	140	16	117	138	104	0.607	0.739
LOKIASV2_1460_ESMFold_hypothetical_protein	AF-A4IBZ7-F1-model_v4	AF-A4IBZ7-F1-model_v4 Hypothetical_protein_-_conserved	1.791E-02	0.991	84	1	89	140	16	120	138	106	0.636	0.761
LOKIASV2_1460_ESMFold_hypothetical_protein	AF-Q54HD4-F1-model_v4	AF-Q54HD4-F1-model_v4 Probable coatomer subunit zeta-A	1.678E-02	0.991	84	3	117	140	7	115	175	120	0.821	0.623
LOKIASV2_1460_ESMFold_hypothetical_protein	AF-Q4DK24-F1-model_v4	AF-Q4DK24-F1-model_v4 AP complex subunit sigma	5.572E-03	0.991	84	2	109	140	1	148	185	154	0.771	0.800
LOKIASV2_1460_ESMFold_hypothetical_protein	AF-Q852J3-F1-model_v4	AF-Q852J3-F1-model_v4 25.3 kDa vesicle transport protein, putative, expressed	3.426E-02	0.991	84	4	140	140	2	143	218	145	0.979	0.651
LOKIASV2_1460_ESMFold_hypothetical_protein	AF-A0A0R0ENB3-F1-model_v4	AF-A0A0R0ENB3-F1-model_v4 Longin domain-containing protein	5.222E-03	0.991	84	4	137	140	2	175	226	176	0.957	0.770
LOKIASV2_1460_ESMFold_hypothetical_protein	AF-Q84WF5-F1-model_v4	AF-Q84WF5-F1-model_v4 Phytolongin Phyl1.2	2.477E-02	0.991	84	1	130	140	5	127	255	135	0.929	0.482
LOKIASV2_1460_ESMFold_hypothetical_protein	AF-A0A3P7FD66-F1-model_v4	AF-A0A3P7FD66-F1-model_v4 Uncharacterized protein	5.222E-03	0.991	84	3	140	140	97	289	310	198	0.986	0.623
LOKIASV2_1460_ESMFold_hypothetical_protein	AF-K7L502-F1-model_v4	AF-K7L502-F1-model_v4 Intu_longin_1 domain-containing protein	2.321E-02	0.991	84	6	125	140	12	150	524	142	0.857	0.265
LOKIASV2_1460_ESMFold_hypothetical_protein	AF-I1KBQ5-F1-model_v4	AF-I1KBQ5-F1-model_v4 Uncharacterized protein	3.426E-02	0.990	83	1	99	140	1	106	135	108	0.707	0.785
LOKIASV2_1460_ESMFold_hypothetical_protein	AF-Q9JME7-F1-model_v4	AF-Q9JME7-F1-model_v4 Trafficking protein particle complex subunit 2-like protein	1.678E-02	0.990	83	4	99	140	2	110	139	111	0.686	0.784
LOKIASV2_1460_ESMFold_hypothetical_protein	AF-Q57WR2-F1-model_v4	AF-Q57WR2-F1-model_v4 Uncharacterized protein	3.775E-03	0.990	83	4	116	140	24	147	151	138	0.807	0.821
LOKIASV2_1460_ESMFold_hypothetical_protein	AF-O75396-F1-model_v4	AF-O75396-F1-model_v4 Vesicle-trafficking protein SEC22b	2.176E-02	0.990	83	4	135	140	2	137	215	142	0.943	0.633
LOKIASV2_1460_ESMFold_hypothetical_protein	AF-A0A2R8RMS1-F1-model_v4	AF-A0A2R8RMS1-F1-model_v4 Clat_adaptor_s domain-containing protein	4.162E-02	0.988	82	6	92	140	3	86	87	90	0.621	0.966
LOKIASV2_1460_ESMFold_hypothetical_protein	AF-K0ENN2-F1-model_v4	AF-K0ENN2-F1-model_v4 Robl_LC7 domain-containing protein	2.820E-02	0.988	82	1	93	140	21	128	141	109	0.664	0.766
LOKIASV2_1460_ESMFold_hypothetical_protein	AF-Q9XI32-F1-model_v4	AF-Q9XI32-F1-model_v4 Coatomer subunit zeta	6.992E-02	0.988	82	4	109	140	2	112	147	113	0.757	0.755
LOKIASV2_1460_ESMFold_hypothetical_protein	AF-K7MKC7-F1-model_v4	AF-K7MKC7-F1-model_v4 SRP54 domain-containing protein	1.678E-02	0.988	82	4	132	140	2	127	626	138	0.921	0.201
LOKIASV2_1460_ESMFold_hypothetical_protein	AF-A0A1D8PQ69-F1-model_v4	AF-A0A1D8PQ69-F1-model_v4 Intu_longin_1 domain-containing protein	1.791E-02	0.988	82	3	122	140	34	193	693	162	0.857	0.231
LOKIASV2_1460_ESMFold_hypothetical_protein	AF-Q6K5Z3-F1-model_v4	AF-Q6K5Z3-F1-model_v4 Os02g0613600 protein	5.056E-02	0.986	81	1	101	140	1	108	135	110	0.721	0.800
LOKIASV2_1460_ESMFold_hypothetical_protein	AF-A0A1C1CJ27-F1-model_v4	AF-A0A1C1CJ27-F1-model_v4 Coatomer subunit zeta	2.913E-03	0.986	81	3	111	140	9	136	136	132	0.779	0.941
LOKIASV2_1460_ESMFold_hypothetical_protein	AF-Q9Y7J2-F1-model_v4	AF-Q9Y7J2-F1-model_v4 Uncharacterized protein C1778.05c	5.222E-03	0.986	81	1	91	140	16	147	160	132	0.650	0.825
LOKIASV2_1460_ESMFold_hypothetical_protein	AF-I1M5A9-F1-model_v4	AF-I1M5A9-F1-model_v4 Coatomer subunit zeta	5.572E-03	0.986	81	3	115	140	9	115	181	120	0.807	0.591
LOKIASV2_1460_ESMFold_hypothetical_protein	AF-Q9VZL5-F1-model_v4	AF-Q9VZL5-F1-model_v4 Caffeine, calcium, zinc sensitivity 1	3.009E-02	0.986	81	3	75	140	11	93	485	86	0.521	0.171
LOKIASV2_1460_ESMFold_hypothetical_protein	AF-A0A3Q0KQS4-F1-model_v4	AF-A0A3Q0KQS4-F1-model_v4 Uncharacterized protein	3.009E-02	0.986	81	3	131	140	8	156	499	157	0.921	0.299
LOKIASV2_1460_ESMFold_hypothetical_protein	AF-Q9UL33-F1-model_v4	AF-Q9UL33-F1-model_v4 Trafficking protein particle complex subunit 2-like protein	1.137E-02	0.984	80	4	122	140	2	135	140	139	0.850	0.957
LOKIASV2_1460_ESMFold_hypothetical_protein	AF-P53600-F1-model_v4	AF-P53600-F1-model_v4 Coatomer subunit zeta	1.625E-03	0.984	80	4	117	140	9	122	189	124	0.814	0.603
LOKIASV2_1460_ESMFold_hypothetical_protein	AF-A0A1C1CIU6-F1-model_v4	AF-A0A1C1CIU6-F1-model_v4 Uncharacterized protein	2.820E-02	0.981	79	1	76	140	23	98	172	85	0.543	0.442
LOKIASV2_1460_ESMFold_hypothetical_protein	AF-G4VBI3-F1-model_v4	AF-G4VBI3-F1-model_v4 Putative snare protein ykt6	1.474E-02	0.981	79	2	125	140	1	146	198	152	0.886	0.737
LOKIASV2_1460_ESMFold_hypothetical_protein	AF-A0A0I9N445-F1-model_v4	AF-A0A0I9N445-F1-model_v4 BMA-SEC-22	1.213E-02	0.981	79	3	140	140	33	232	246	202	0.986	0.813
LOKIASV2_1460_ESMFold_hypothetical_protein	AF-C1HAH9-F1-model_v4	AF-C1HAH9-F1-model_v4 Intu_longin_1 domain-containing protein	2.321E-02	0.981	79	3	75	140	13	113	838	102	0.521	0.121
LOKIASV2_1460_ESMFold_hypothetical_protein	AF-C6SWI6-F1-model_v4	AF-C6SWI6-F1-model_v4 Coatomer subunit zeta	9.064E-02	0.978	78	4	99	140	2	97	147	101	0.686	0.653
LOKIASV2_1460_ESMFold_hypothetical_protein	AF-Q4E2V0-F1-model_v4	AF-Q4E2V0-F1-model_v4 AP complex subunit sigma	4.586E-03	0.978	78	2	127	140	1	180	185	187	0.900	0.973
LOKIASV2_1460_ESMFold_hypothetical_protein	AF-A0A1D6QJT6-F1-model_v4	AF-A0A1D6QJT6-F1-model_v4 Putative vesicle-associated membrane protein family protein	2.321E-02	0.978	78	2	130	140	1	134	193	142	0.921	0.694
LOKIASV2_1460_ESMFold_hypothetical_protein	AF-Q4CVI5-F1-model_v4	AF-Q4CVI5-F1-model_v4 Longin domain-containing protein	5.394E-02	0.978	78	4	105	140	2	107	209	112	0.729	0.507
LOKIASV2_1460_ESMFold_hypothetical_protein	AF-Q553H6-F1-model_v4	AF-Q553H6-F1-model_v4 Uncharacterized protein	7.461E-02	0.975	77	2	128	140	1	268	272	268	0.907	0.985
LOKIASV2_1460_ESMFold_hypothetical_protein	AF-P38153-F1-model_v4	AF-P38153-F1-model_v4 AP-3 complex subunit mu	5.756E-02	0.975	77	4	109	140	2	119	483	118	0.757	0.244
LOKIASV2_1460_ESMFold_hypothetical_protein	AF-A1Z8I0-F1-model_v4	AF-A1Z8I0-F1-model_v4 Uncharacterized protein	5.756E-02	0.971	76	4	99	140	2	109	138	109	0.686	0.783
LOKIASV2_1460_ESMFold_hypothetical_protein	AF-A0A1C1CEB6-F1-model_v4	AF-A0A1C1CEB6-F1-model_v4 Trafficking protein particle complex subunit	6.142E-02	0.971	76	4	99	140	35	197	226	168	0.686	0.721
LOKIASV2_1460_ESMFold_hypothetical_protein	AF-F1QBW3-F1-model_v4	AF-F1QBW3-F1-model_v4 SEC22 homolog A, vesicle-trafficking protein	6.553E-02	0.971	76	1	107	140	1	105	303	117	0.764	0.347
LOKIASV2_1460_ESMFold_hypothetical_protein	AF-A0A175VQ01-F1-model_v4	AF-A0A175VQ01-F1-model_v4 Vacuolar fusion protein CCZ1	2.820E-02	0.971	76	3	75	140	14	128	832	116	0.521	0.138
LOKIASV2_1460_ESMFold_hypothetical_protein	AF-A0A0D2E681-F1-model_v4	AF-A0A0D2E681-F1-model_v4 Unplaced genomic scaffold supercont1.1, whole genome shotgun sequence	2.176E-02	0.971	76	3	75	140	10	130	997	123	0.521	0.121
LOKIASV2_1460_ESMFold_hypothetical_protein	AF-A0A0K0EIB7-F1-model_v4	AF-A0A0K0EIB7-F1-model_v4 Uncharacterized protein	1.911E-02	0.967	75	4	139	140	2	188	216	189	0.971	0.866
LOKIASV2_1460_ESMFold_hypothetical_protein	AF-Q9XVL8-F1-model_v4	AF-Q9XVL8-F1-model_v4 Uncharacterized protein	6.142E-02	0.967	75	4	127	140	31	187	528	160	0.886	0.297
LOKIASV2_1460_ESMFold_hypothetical_protein	AF-A0A0K0EKG4-F1-model_v4	AF-A0A0K0EKG4-F1-model_v4 Uncharacterized protein	3.426E-02	0.967	75	4	97	140	1	134	646	137	0.671	0.207
LOKIASV2_1460_ESMFold_hypothetical_protein	AF-Q54CU7-F1-model_v4	AF-Q54CU7-F1-model_v4 Trafficking protein particle complex subunit 2-like protein	5.756E-02	0.961	74	1	101	140	1	114	140	115	0.721	0.814
LOKIASV2_1460_ESMFold_hypothetical_protein	AF-A0A0D2DSF5-F1-model_v4	AF-A0A0D2DSF5-F1-model_v4 AP complex subunit sigma	3.211E-02	0.961	74	2	127	140	1	163	165	168	0.900	0.988
LOKIASV2_1460_ESMFold_hypothetical_protein	AF-A0A1C1CFH9-F1-model_v4	AF-A0A1C1CFH9-F1-model_v4 AP complex subunit sigma	2.477E-02	0.961	74	2	127	140	1	163	165	166	0.900	0.988
LOKIASV2_1460_ESMFold_hypothetical_protein	AF-Q09905-F1-model_v4	AF-Q09905-F1-model_v4 AP-3 complex subunit sigma	2.820E-02	0.961	74	4	113	140	2	115	165	123	0.786	0.691
LOKIASV2_1460_ESMFold_hypothetical_protein	AF-A0A5S6PJ35-F1-model_v4	AF-A0A5S6PJ35-F1-model_v4 Trafficking protein particle complex subunit	1.427E-01	0.956	73	33	127	140	3	97	102	99	0.679	0.931
LOKIASV2_1460_ESMFold_hypothetical_protein	AF-A0A044SHE8-F1-model_v4	AF-A0A044SHE8-F1-model_v4 Uncharacterized protein	2.039E-02	0.956	73	4	139	140	2	186	214	187	0.971	0.864
LOKIASV2_1460_ESMFold_hypothetical_protein	AF-Q9VJ18-F1-model_v4	AF-Q9VJ18-F1-model_v4 IP01982p	2.820E-02	0.949	72	3	91	140	18	109	115	99	0.636	0.800
LOKIASV2_1460_ESMFold_hypothetical_protein	AF-A0A0R0KH89-F1-model_v4	AF-A0A0R0KH89-F1-model_v4 Uncharacterized protein	1.032E-01	0.949	72	6	99	140	27	127	156	103	0.671	0.647
LOKIASV2_1460_ESMFold_hypothetical_protein	AF-B4FEL3-F1-model_v4	AF-B4FEL3-F1-model_v4 Coatomer subunit zeta	3.655E-02	0.941	71	4	123	140	2	140	147	145	0.857	0.946
LOKIASV2_1460_ESMFold_hypothetical_protein	AF-A0A0D2DES6-F1-model_v4	AF-A0A0D2DES6-F1-model_v4 Protein transport protein SEC22	6.142E-02	0.941	71	20	138	140	1	118	202	124	0.850	0.584
LOKIASV2_1460_ESMFold_hypothetical_protein	AF-Q38D47-F1-model_v4	AF-Q38D47-F1-model_v4 Vesicle-associated membrane protein, putative	3.211E-02	0.941	71	2	128	140	1	149	205	152	0.907	0.727
LOKIASV2_1460_ESMFold_hypothetical_protein	AF-Q6ZC59-F1-model_v4	AF-Q6ZC59-F1-model_v4 Os08g0110300 protein	4.738E-02	0.941	71	6	125	140	39	145	277	122	0.857	0.386
LOKIASV2_1460_ESMFold_hypothetical_protein	AF-K7KYP0-F1-model_v4	AF-K7KYP0-F1-model_v4 Longin domain-containing protein	1.175E-01	0.941	71	3	98	140	7	93	278	98	0.686	0.313
LOKIASV2_1460_ESMFold_hypothetical_protein	AF-C0NIC0-F1-model_v4	AF-C0NIC0-F1-model_v4 Uncharacterized protein	4.162E-02	0.941	71	3	76	140	125	223	367	100	0.529	0.270
LOKIASV2_1460_ESMFold_hypothetical_protein	AF-Q8IM42-F1-model_v4	AF-Q8IM42-F1-model_v4 Trafficking protein particle complex subunit	6.142E-02	0.933	70	4	98	140	19	159	192	145	0.679	0.734
LOKIASV2_1460_ESMFold_hypothetical_protein	AF-Q651C7-F1-model_v4	AF-Q651C7-F1-model_v4 Os09g0541500 protein	1.625E-01	0.923	69	4	99	140	2	109	143	109	0.686	0.755
LOKIASV2_1460_ESMFold_hypothetical_protein	AF-C1H1G1-F1-model_v4	AF-C1H1G1-F1-model_v4 Protein transport protein SEC22	7.461E-02	0.923	69	20	136	140	12	132	209	124	0.836	0.579
LOKIASV2_1460_ESMFold_hypothetical_protein	AF-U7Q1B5-F1-model_v4	AF-U7Q1B5-F1-model_v4 Intu_longin_1 domain-containing protein	6.142E-02	0.923	69	3	75	140	34	152	1043	121	0.521	0.114
LOKIASV2_1460_ESMFold_hypothetical_protein	AF-Q9SKS7-F1-model_v4	AF-Q9SKS7-F1-model_v4 AT2G20930 protein	1.338E-01	0.912	68	4	129	140	2	137	140	140	0.900	0.971
LOKIASV2_1460_ESMFold_hypothetical_protein	AF-Q9W3M8-F1-model_v4	AF-Q9W3M8-F1-model_v4 LD34211p	3.900E-02	0.912	68	1	125	140	1	147	199	151	0.893	0.739
LOKIASV2_1460_ESMFold_hypothetical_protein	AF-A0A0N4U6V8-F1-model_v4	AF-A0A0N4U6V8-F1-model_v4 Uncharacterized protein	9.671E-02	0.912	68	24	133	140	28	139	518	121	0.786	0.216
LOKIASV2_1460_ESMFold_hypothetical_protein	AF-A0A1C1CSN7-F1-model_v4	AF-A0A1C1CSN7-F1-model_v4 Intu_longin_1 domain-containing protein	6.142E-02	0.912	68	3	75	140	10	125	958	118	0.521	0.121
LOKIASV2_1460_ESMFold_hypothetical_protein	AF-Q4DS88-F1-model_v4	AF-Q4DS88-F1-model_v4 Vesicle-associated membrane protein, putative	5.394E-02	0.900	67	2	128	140	1	149	205	155	0.907	0.727
LOKIASV2_1460_ESMFold_hypothetical_protein	AF-I1N439-F1-model_v4	AF-I1N439-F1-model_v4 Uncharacterized protein	9.064E-02	0.887	66	4	123	140	2	135	143	139	0.857	0.937
LOKIASV2_1460_ESMFold_hypothetical_protein	AF-O15498-F1-model_v4	AF-O15498-F1-model_v4 Synaptobrevin homolog YKT6	6.992E-02	0.887	66	2	123	140	1	147	198	151	0.871	0.742
LOKIASV2_1460_ESMFold_hypothetical_protein	AF-Q4DP28-F1-model_v4	AF-Q4DP28-F1-model_v4 Vesicle-associated membrane protein, putative	5.756E-02	0.887	66	2	128	140	1	149	205	153	0.907	0.727
LOKIASV2_1460_ESMFold_hypothetical_protein	AF-P36015-F1-model_v4	AF-P36015-F1-model_v4 Synaptobrevin homolog YKT6	9.064E-02	0.872	65	2	134	140	1	150	200	156	0.950	0.750
LOKIASV2_1460_ESMFold_hypothetical_protein	AF-G4M0U2-F1-model_v4	AF-G4M0U2-F1-model_v4 Trafficking protein particle complex subunit	2.913E-01	0.872	65	2	97	140	1	197	236	199	0.686	0.835
LOKIASV2_1460_ESMFold_hypothetical_protein	AF-A0A1D6E563-F1-model_v4	AF-A0A1D6E563-F1-model_v4 AP-4 complex subunit mu	1.427E-01	0.872	65	38	108	140	736	807	1404	75	0.507	0.051
LOKIASV2_1460_ESMFold_hypothetical_protein	AF-A0A077YZM6-F1-model_v4	AF-A0A077YZM6-F1-model_v4 Ras GTP binding protein C	5.756E-02	0.855	64	4	138	140	250	401	412	157	0.964	0.369
LOKIASV2_1460_ESMFold_hypothetical_protein	AF-A1ZAX8-F1-model_v4	AF-A1ZAX8-F1-model_v4 Hermansky-Pudlak syndrome 4, isoform A	1.101E-01	0.855	64	6	127	140	32	164	858	146	0.871	0.155
LOKIASV2_1460_ESMFold_hypothetical_protein	AF-A0A077ZAN1-F1-model_v4	AF-A0A077ZAN1-F1-model_v4 Doublecortin-like and CAM kinase-like protein	1.101E-01	0.855	64	1	129	140	917	1067	2304	157	0.921	0.066
LOKIASV2_1460_ESMFold_hypothetical_protein	AF-Q5NB88-F1-model_v4	AF-Q5NB88-F1-model_v4 Os01g0236000 protein	2.820E-02	0.817	62	3	134	140	7	150	202	158	0.943	0.713
LOKIASV2_1460_ESMFold_hypothetical_protein	AF-A0A175VU31-F1-model_v4	AF-A0A175VU31-F1-model_v4 Uncharacterized protein	1.175E-01	0.817	62	1	79	140	28	142	365	116	0.564	0.315
LOKIASV2_1460_ESMFold_hypothetical_protein	AF-A0A3P7S786-F1-model_v4	AF-A0A3P7S786-F1-model_v4 MHD domain-containing protein	3.539E-01	0.817	62	17	123	140	8	107	408	111	0.764	0.245
LOKIASV2_1460_ESMFold_hypothetical_protein	AF-C1HE70-F1-model_v4	AF-C1HE70-F1-model_v4 Uncharacterized protein	1.254E-01	0.795	61	3	76	140	33	131	287	105	0.529	0.345
LOKIASV2_1460_ESMFold_hypothetical_protein	AF-P76330-F1-model_v4	AF-P76330-F1-model_v4 Probable diguanylate cyclase DgcQ	1.678E-02	0.747	59	1	131	140	272	395	564	141	0.936	0.220
LOKIASV2_1460_ESMFold_hypothetical_protein	AF-Q8ZNT5-F1-model_v4	AF-Q8ZNT5-F1-model_v4 Probable diguanylate cyclase DgcQ	2.643E-02	0.747	59	4	125	140	276	394	570	130	0.871	0.209
LOKIASV2_1460_ESMFold_hypothetical_protein	AF-Q32HJ0-F1-model_v4	AF-Q32HJ0-F1-model_v4 Probable diguanylate cyclase DgcQ	1.791E-02	0.720	58	6	131	140	278	395	564	135	0.900	0.209
LOKIASV2_1460_ESMFold_hypothetical_protein	AF-A0A0H3GQ93-F1-model_v4	AF-A0A0H3GQ93-F1-model_v4 Cyclic-guanylate-specific phosphodiesterase	3.900E-02	0.692	57	1	106	140	167	275	534	123	0.757	0.204
LOKIASV2_1460_ESMFold_hypothetical_protein	AF-Q8IL63-F1-model_v4	AF-Q8IL63-F1-model_v4 AP-3 complex subunit mu, putative	1.974E-01	0.692	57	4	109	140	2	149	733	151	0.757	0.202
LOKIASV2_1460_ESMFold_hypothetical_protein	AF-Q58784-F1-model_v4	AF-Q58784-F1-model_v4 Uncharacterized protein MJ1389	3.109E-01	0.601	54	1	93	140	23	118	134	100	0.664	0.716
LOKIASV2_1460_ESMFold_hypothetical_protein	AF-A0A1D6L964-F1-model_v4	AF-A0A1D6L964-F1-model_v4 AP-1 complex subunit sigma-2	4.738E-02	0.601	54	20	139	140	29	172	178	148	0.857	0.809
LOKIASV2_1460_ESMFold_hypothetical_protein	AF-A0A0N4U1R2-F1-model_v4	AF-A0A0N4U1R2-F1-model_v4 Uncharacterized protein	2.643E-02	0.601	54	2	120	140	1	143	200	150	0.850	0.715
LOKIASV2_1460_ESMFold_hypothetical_protein	AF-Q8ZKG4-F1-model_v4	AF-Q8ZKG4-F1-model_v4 Anti-FlhC(2)FlhD(4) factor YdiV	3.655E-02	0.601	54	1	106	140	167	275	533	123	0.757	0.205
LOKIASV2_1460_ESMFold_hypothetical_protein	AF-A0A1D6INY2-F1-model_v4	AF-A0A1D6INY2-F1-model_v4 SNARE-like superfamily protein	5.573E-01	0.569	53	6	128	140	6	134	136	138	0.879	0.949
LOKIASV2_1460_ESMFold_hypothetical_protein	AF-Q95XH1-F1-model_v4	AF-Q95XH1-F1-model_v4 V-SNARE coiled-coil homology domain-containing protein	3.539E-01	0.569	53	4	135	140	5	158	261	159	0.943	0.590
LOKIASV2_1460_ESMFold_hypothetical_protein	AF-A0A0N4UAK0-F1-model_v4	AF-A0A0N4UAK0-F1-model_v4 MHD domain-containing protein	7.224E-01	0.569	53	20	108	140	3	91	406	93	0.636	0.219
LOKIASV2_1460_ESMFold_hypothetical_protein	AF-C0NZE3-F1-model_v4	AF-C0NZE3-F1-model_v4 Uncharacterized protein	1.338E-01	0.537	52	4	131	140	10	117	118	136	0.914	0.915
LOKIASV2_1460_ESMFold_hypothetical_protein	AF-A0A1D6IPQ7-F1-model_v4	AF-A0A1D6IPQ7-F1-model_v4 SNARE-like superfamily protein	8.225E-01	0.505	51	4	124	140	2	164	170	168	0.864	0.959
LOKIASV2_1460_ESMFold_hypothetical_protein	AF-Q32JA2-F1-model_v4	AF-Q32JA2-F1-model_v4 Cyclic-guanylate-specific phosphodiesterase	3.211E-02	0.505	51	6	132	140	94	189	437	128	0.907	0.220
LOKIASV2_1460_ESMFold_hypothetical_protein	AF-P77473-F1-model_v4	AF-P77473-F1-model_v4 Probable cyclic di-GMP phosphodiesterase PdeB	2.643E-02	0.505	51	6	135	140	173	281	516	137	0.929	0.211
LOKIASV2_1460_ESMFold_hypothetical_protein	AF-Q9VUZ1-F1-model_v4	AF-Q9VUZ1-F1-model_v4 Probable trafficking protein particle complex subunit 2	1.101E-01	0.473	50	6	121	140	5	135	139	142	0.829	0.942
LOKIASV2_1460_ESMFold_hypothetical_protein	AF-A0A1D5NSU3-F1-model_v4	AF-A0A1D5NSU3-F1-model_v4 AP complex subunit sigma	2.398E-01	0.473	50	20	140	140	22	159	159	145	0.864	0.868
LOKIASV2_1460_ESMFold_hypothetical_protein	AF-A0A1D6G7P9-F1-model_v4	AF-A0A1D6G7P9-F1-model_v4 RNA-binding (RRM/RBD/RNP motifs) family protein	5.223E-01	0.473	50	3	135	140	250	373	466	140	0.950	0.266
LOKIASV2_1460_ESMFold_hypothetical_protein	AF-A0A0H3GS82-F1-model_v4	AF-A0A0H3GS82-F1-model_v4 Cellulose synthesis regulatory protein	1.427E-01	0.442	49	5	130	140	193	310	479	133	0.900	0.246
LOKIASV2_1460_ESMFold_hypothetical_protein	AF-P0DMC5-F1-model_v4	AF-P0DMC5-F1-model_v4 Sensor histidine kinase RcsC	2.176E-02	0.442	49	4	129	140	240	361	949	148	0.900	0.129
LOKIASV2_1460_ESMFold_hypothetical_protein	AF-Q9Z5G7-F1-model_v4	AF-Q9Z5G7-F1-model_v4 Signal transduction histidine-protein kinase/phosphatase MprB	1.427E-01	0.411	48	6	134	140	89	204	519	129	0.921	0.224
LOKIASV2_1460_ESMFold_hypothetical_protein	AF-A0A077Z4G4-F1-model_v4	AF-A0A077Z4G4-F1-model_v4 Coatomer subunit delta	5.223E-01	0.353	46	25	139	140	8	147	476	142	0.821	0.294
LOKIASV2_1460_ESMFold_hypothetical_protein	AF-A0A0H3GJ77-F1-model_v4	AF-A0A0H3GJ77-F1-model_v4 Cyclic-guanylate-specific phosphodiesterase	7.961E-02	0.353	46	3	127	140	163	261	513	127	0.893	0.193
LOKIASV2_1460_ESMFold_hypothetical_protein	AF-A0A3Q0KII4-F1-model_v4	AF-A0A3Q0KII4-F1-model_v4 Phosphatidylinositol-3-phosphate phosphatase	9.991E-01	0.353	46	48	90	140	84	125	617	43	0.307	0.068
LOKIASV2_1460_ESMFold_hypothetical_protein	AF-P58662-F1-model_v4	AF-P58662-F1-model_v4 Sensor histidine kinase RcsC	4.029E-01	0.353	46	6	91	140	243	318	948	90	0.614	0.080
LOKIASV2_1460_ESMFold_hypothetical_protein	AF-X8F2I9-F1-model_v4	AF-X8F2I9-F1-model_v4 Histidine kinase	2.106E-01	0.301	44	4	138	140	65	250	473	196	0.964	0.393
LOKIASV2_1460_ESMFold_hypothetical_protein	AF-C1GR02-F1-model_v4	AF-C1GR02-F1-model_v4 Uncharacterized protein	8.225E-01	0.277	43	3	135	140	5	158	166	158	0.950	0.928
LOKIASV2_1460_ESMFold_hypothetical_protein	AF-P9WGL1-F1-model_v4	AF-P9WGL1-F1-model_v4 Signal transduction histidine-protein kinase/phosphatase MprB	3.109E-01	0.277	43	6	134	140	89	204	504	129	0.921	0.230
LOKIASV2_1460_ESMFold_hypothetical_protein	AF-Q8ZNH2-F1-model_v4	AF-Q8ZNH2-F1-model_v4 Phosphotransferase RcsD	7.224E-01	0.277	43	6	98	140	367	457	889	97	0.664	0.102
LOKIASV2_1460_ESMFold_hypothetical_protein	AF-A0A7I4KLB7-F1-model_v4	AF-A0A7I4KLB7-F1-model_v4 BMA-SEDL-1	9.991E-01	0.233	41	1	98	140	1	82	115	103	0.700	0.713
LOKIASV2_1460_ESMFold_hypothetical_protein	AF-Q38FR0-F1-model_v4	AF-Q38FR0-F1-model_v4 Uncharacterized protein	5.946E-01	0.233	41	4	134	140	9	178	229	183	0.936	0.742
LOKIASV2_1460_ESMFold_hypothetical_protein	AF-K0ENN7-F1-model_v4	AF-K0ENN7-F1-model_v4 Beta-lactamase class C-like protein	2.821E+00	0.233	41	52	92	140	320	360	478	41	0.293	0.086
LOKIASV2_1460_ESMFold_hypothetical_protein	AF-A0A0K0ESJ9-F1-model_v4	AF-A0A0K0ESJ9-F1-model_v4 UDENN domain-containing protein	1.066E+00	0.233	41	3	95	140	12	119	564	111	0.664	0.191
LOKIASV2_1460_ESMFold_hypothetical_protein	AF-C0NMG4-F1-model_v4	AF-C0NMG4-F1-model_v4 Uncharacterized protein	1.791E+00	0.214	40	3	75	140	5	84	188	81	0.521	0.426
LOKIASV2_1460_ESMFold_hypothetical_protein	AF-Q8ZRB0-F1-model_v4	AF-Q8ZRB0-F1-model_v4 Anti-FlhC(2)FlhD(4) factor YdiV	2.913E-01	0.214	40	6	127	140	173	267	516	124	0.871	0.184
LOKIASV2_1460_ESMFold_hypothetical_protein	AF-Q0PA97-F1-model_v4	AF-Q0PA97-F1-model_v4 Histidine kinase	1.101E-01	0.196	39	2	134	140	55	184	339	148	0.950	0.383
LOKIASV2_1460_ESMFold_hypothetical_protein	AF-X8F0W0-F1-model_v4	AF-X8F0W0-F1-model_v4 Histidine kinase	4.895E-01	0.179	38	6	134	140	66	219	488	163	0.921	0.316
LOKIASV2_1460_ESMFold_hypothetical_protein	AF-A0A0H3GQ03-F1-model_v4	AF-A0A0H3GQ03-F1-model_v4 GGDEF domain-containing protein	1.974E-01	0.179	38	1	135	140	204	355	510	167	0.964	0.298
LOKIASV2_1460_ESMFold_hypothetical_protein	AF-P32701-F1-model_v4	AF-P32701-F1-model_v4 Probable cyclic di-GMP phosphodiesterase PdeC	5.946E-01	0.179	38	6	106	140	173	275	528	117	0.721	0.195
LOKIASV2_1460_ESMFold_hypothetical_protein	AF-A0A0H3GW72-F1-model_v4	AF-A0A0H3GW72-F1-model_v4 Phosphotransferase RcsD	1.382E+00	0.179	38	6	98	140	363	453	885	98	0.664	0.103
LOKIASV2_1460_ESMFold_hypothetical_protein	AF-C0NUN6-F1-model_v4	AF-C0NUN6-F1-model_v4 Trafficking protein particle complex subunit	3.427E+00	0.164	37	48	99	140	53	101	131	52	0.371	0.374
LOKIASV2_1460_ESMFold_hypothetical_protein	AF-Q54JF7-F1-model_v4	AF-Q54JF7-F1-model_v4 UDENN FLCN/SMCR8-type domain-containing protein	4.029E-01	0.164	37	1	138	140	294	459	1435	175	0.986	0.116
LOKIASV2_1460_ESMFold_hypothetical_protein	AF-Q8K382-F1-model_v4	AF-Q8K382-F1-model_v4 DENN domain-containing protein 1A	3.656E+00	0.150	36	3	98	140	12	122	1016	117	0.686	0.109
LOKIASV2_1460_ESMFold_hypothetical_protein	AF-A1Z7Q5-F1-model_v4	AF-A1Z7Q5-F1-model_v4 Uncharacterized protein, isoform A	3.656E+00	0.138	35	4	95	140	13	125	908	117	0.657	0.124
LOKIASV2_1460_ESMFold_hypothetical_protein	AF-Q9I3W6-F1-model_v4	AF-Q9I3W6-F1-model_v4 Uncharacterized protein	2.176E+00	0.126	34	2	91	140	13	105	120	108	0.643	0.775
LOKIASV2_1460_ESMFold_hypothetical_protein	AF-A0A0K0JTU5-F1-model_v4	AF-A0A0K0JTU5-F1-model_v4 Bm7815	4.029E-01	0.126	34	19	93	140	116	191	229	79	0.536	0.332
LOKIASV2_1460_ESMFold_hypothetical_protein	AF-A0A1D8PQF2-F1-model_v4	AF-A0A1D8PQF2-F1-model_v4 tRNA(Ile)-2-lysyl-cytidine synthase	3.010E+00	0.126	34	28	76	140	327	371	483	49	0.350	0.093
LOKIASV2_1460_ESMFold_hypothetical_protein	AF-A0A1X7YIC0-F1-model_v4	AF-A0A1X7YIC0-F1-model_v4 Uncharacterized protein	2.821E+00	0.116	33	20	79	140	119	176	314	60	0.429	0.185
LOKIASV2_1460_ESMFold_hypothetical_protein	AF-C1H882-F1-model_v4	AF-C1H882-F1-model_v4 Cutinase gene palindrome-binding protein	5.223E-01	0.116	33	4	135	140	125	273	456	160	0.943	0.327
LOKIASV2_1460_ESMFold_hypothetical_protein	AF-Q2FXN7-F1-model_v4	AF-Q2FXN7-F1-model_v4 Sensor protein kinase WalK	5.223E-01	0.116	33	6	138	140	71	210	553	163	0.950	0.253
LOKIASV2_1460_ESMFold_hypothetical_protein	AF-Q9HVF8-F1-model_v4	AF-Q9HVF8-F1-model_v4 Probable chemotaxis transducer	7.708E-01	0.106	32	6	136	140	258	393	712	142	0.936	0.191
LOKIASV2_1460_ESMFold_hypothetical_protein	AF-A0A132Z061-F1-model_v4	AF-A0A132Z061-F1-model_v4 Alanine--tRNA ligase	9.991E-01	0.098	31	69	135	140	695	757	880	69	0.479	0.072
LOKIASV2_1460_ESMFold_hypothetical_protein	AF-Q55BN5-F1-model_v4	AF-Q55BN5-F1-model_v4 Uncharacterized protein	3.656E+00	0.090	30	6	128	140	103	201	229	124	0.879	0.432
LOKIASV2_1460_ESMFold_hypothetical_protein	AF-P30855-F1-model_v4	AF-P30855-F1-model_v4 Sensor protein EvgS	1.974E-01	0.090	30	6	106	140	588	716	1197	137	0.721	0.108
LOKIASV2_1460_ESMFold_hypothetical_protein	AF-Q5A950-F1-model_v4	AF-Q5A950-F1-model_v4 Sterol 3-beta-glucosyltransferase	1.066E+00	0.090	30	52	139	140	878	966	1512	91	0.629	0.059
LOKIASV2_1460_ESMFold_hypothetical_protein	AF-K0F7M4-F1-model_v4	AF-K0F7M4-F1-model_v4 Two-component system sensor kinase	2.039E+00	0.082	29	2	139	140	24	186	384	173	0.986	0.424
LOKIASV2_1460_ESMFold_hypothetical_protein	AF-O25321-F1-model_v4	AF-O25321-F1-model_v4 Hemolysin secretion protein (HylB)	8.776E-01	0.082	29	1	131	140	34	175	433	159	0.936	0.328
LOKIASV2_1460_ESMFold_hypothetical_protein	AF-P96368-F1-model_v4	AF-P96368-F1-model_v4 Sensor histidine kinase TrcS	3.211E+00	0.082	29	6	95	140	103	190	509	99	0.643	0.173
LOKIASV2_1460_ESMFold_hypothetical_protein	AF-A0A5K4F3L1-F1-model_v4	AF-A0A5K4F3L1-F1-model_v4 Phorbol-ester/DAG-type domain-containing protein	9.674E+00	0.082	29	53	91	140	1207	1245	1882	39	0.279	0.021
LOKIASV2_1460_ESMFold_hypothetical_protein	AF-K0EFL9-F1-model_v4	AF-K0EFL9-F1-model_v4 Uncharacterized protein	4.442E+00	0.076	28	37	98	140	11	74	96	65	0.443	0.667
LOKIASV2_1460_ESMFold_hypothetical_protein	AF-A0A158Q2P1-F1-model_v4	AF-A0A158Q2P1-F1-model_v4 Uncharacterized protein	1.382E+00	0.076	28	25	139	140	92	201	207	124	0.821	0.531
LOKIASV2_1460_ESMFold_hypothetical_protein	AF-Q58500-F1-model_v4	AF-Q58500-F1-model_v4 Phosphoglucosamine mutase	2.322E+00	0.076	28	35	98	140	377	443	448	70	0.457	0.150
LOKIASV2_1460_ESMFold_hypothetical_protein	AF-O24929-F1-model_v4	AF-O24929-F1-model_v4 Methyl-accepting chemotaxis protein (TlpB)	2.176E+00	0.076	28	7	138	140	103	248	565	161	0.943	0.258
LOKIASV2_1460_ESMFold_hypothetical_protein	AF-Q8ZPP5-F1-model_v4	AF-Q8ZPP5-F1-model_v4 Histidine kinase	1.573E+00	0.076	28	5	139	140	221	382	920	176	0.964	0.176
LOKIASV2_1460_ESMFold_hypothetical_protein	AF-Q9HYX0-F1-model_v4	AF-Q9HYX0-F1-model_v4 Histidine kinase	2.176E+00	0.076	28	2	135	140	647	805	1159	167	0.957	0.137
LOKIASV2_1460_ESMFold_hypothetical_protein	AF-A0A044RGW9-F1-model_v4	AF-A0A044RGW9-F1-model_v4 Uncharacterized protein	4.895E-01	0.069	27	2	94	140	96	196	230	105	0.664	0.439
LOKIASV2_1460_ESMFold_hypothetical_protein	AF-A0A0H3GYJ2-F1-model_v4	AF-A0A0H3GYJ2-F1-model_v4 Histidine kinase	2.039E+00	0.069	27	1	137	140	82	239	449	175	0.979	0.352
LOKIASV2_1460_ESMFold_hypothetical_protein	AF-P45336-F1-model_v4	AF-P45336-F1-model_v4 Sensor protein QseC	1.295E+00	0.069	27	1	138	140	80	237	451	180	0.986	0.350
LOKIASV2_1460_ESMFold_hypothetical_protein	AF-O69729-F1-model_v4	AF-O69729-F1-model_v4 Probable sensor histidine kinase TcrY	1.214E+00	0.069	27	4	138	140	67	178	475	148	0.964	0.236
LOKIASV2_1460_ESMFold_hypothetical_protein	AF-A0A132Z3K5-F1-model_v4	AF-A0A132Z3K5-F1-model_v4 AraC family transcriptional regulator	1.573E+00	0.069	27	6	132	140	196	306	732	133	0.907	0.152
LOKIASV2_1460_ESMFold_hypothetical_protein	AF-Q8ZLZ9-F1-model_v4	AF-Q8ZLZ9-F1-model_v4 Sensor protein QseC	1.474E+00	0.063	26	2	137	140	83	239	449	175	0.971	0.350
LOKIASV2_1460_ESMFold_hypothetical_protein	AF-Q32PV0-F1-model_v4	AF-Q32PV0-F1-model_v4 PTB domain-containing engulfment adapter protein 1	3.010E+00	0.057	25	51	139	140	103	196	300	94	0.636	0.313
LOKIASV2_1460_ESMFold_hypothetical_protein	AF-Q9BKX6-F1-model_v4	AF-Q9BKX6-F1-model_v4 F-box domain-containing protein	9.066E+00	0.057	25	35	76	140	259	300	304	42	0.300	0.138
LOKIASV2_1460_ESMFold_hypothetical_protein	AF-Q10441-F1-model_v4	AF-Q10441-F1-model_v4 Probable tRNA(Ile)-lysidine synthase	5.757E+00	0.057	25	25	76	140	301	344	456	52	0.371	0.096
LOKIASV2_1460_ESMFold_hypothetical_protein	AF-K0F7U7-F1-model_v4	AF-K0F7U7-F1-model_v4 Histidine kinase	2.821E+00	0.057	25	3	134	140	92	217	481	145	0.943	0.262
LOKIASV2_1460_ESMFold_hypothetical_protein	AF-Q9P7H9-F1-model_v4	AF-Q9P7H9-F1-model_v4 Uncharacterized transcriptional regulatory protein C105.03c	1.138E+00	0.051	24	7	105	140	228	306	708	103	0.707	0.112
LOKIASV2_1460_ESMFold_hypothetical_protein	AF-G5EG74-F1-model_v4	AF-G5EG74-F1-model_v4 VWFA domain-containing protein	5.057E+00	0.051	24	4	75	140	728	799	1067	80	0.514	0.067
LOKIASV2_1460_ESMFold_hypothetical_protein	AF-Q9QZA1-F1-model_v4	AF-Q9QZA1-F1-model_v4 Pleckstrin homology-like domain family A member 1	4.442E+00	0.045	23	48	138	140	235	300	407	92	0.650	0.162
LOKIASV2_1460_ESMFold_hypothetical_protein	AF-Q9HT61-F1-model_v4	AF-Q9HT61-F1-model_v4 Histidine kinase	2.322E+00	0.045	23	6	138	140	197	368	588	185	0.950	0.293
LOKIASV2_1460_ESMFold_hypothetical_protein	AF-A0A077ZHR4-F1-model_v4	AF-A0A077ZHR4-F1-model_v4 Alanine--tRNA ligase	1.295E+00	0.045	23	51	132	140	662	731	855	84	0.586	0.082
LOKIASV2_1460_ESMFold_hypothetical_protein	AF-Q8DPC7-F1-model_v4	AF-Q8DPC7-F1-model_v4 Alanine--tRNA ligase	6.143E+00	0.045	23	69	138	140	694	759	872	72	0.500	0.076
LOKIASV2_1460_ESMFold_hypothetical_protein	AF-A0A1D6F853-F1-model_v4	AF-A0A1D6F853-F1-model_v4 Putative E3 ubiquitin-protein ligase ARI16	2.039E+00	0.045	23	19	139	140	839	968	1029	143	0.864	0.126
LOKIASV2_1460_ESMFold_hypothetical_protein	AF-A0A0K0EP68-F1-model_v4	AF-A0A0K0EP68-F1-model_v4 VWFA domain-containing protein	6.143E+00	0.045	23	5	76	140	513	632	1087	120	0.514	0.110
LOKIASV2_1460_ESMFold_hypothetical_protein	AF-U7PVB7-F1-model_v4	AF-U7PVB7-F1-model_v4 Uncharacterized protein	7.963E+00	0.045	23	3	78	140	98	179	1471	84	0.543	0.056
LOKIASV2_1460_ESMFold_hypothetical_protein	AF-A0A3P7ERV9-F1-model_v4	AF-A0A3P7ERV9-F1-model_v4 Uncharacterized protein	5.396E+00	0.040	22	6	105	140	15	133	167	126	0.714	0.713
LOKIASV2_1460_ESMFold_hypothetical_protein	AF-Q587J8-F1-model_v4	AF-Q587J8-F1-model_v4 KH domain-containing protein 3	5.757E+00	0.040	22	57	135	140	71	137	217	79	0.564	0.309
LOKIASV2_1460_ESMFold_hypothetical_protein	AF-Q8K2A1-F1-model_v4	AF-Q8K2A1-F1-model_v4 PTB domain-containing engulfment adapter protein 1	4.163E+00	0.040	22	50	139	140	102	190	304	94	0.643	0.293
LOKIASV2_1460_ESMFold_hypothetical_protein	AF-E7FG11-F1-model_v4	AF-E7FG11-F1-model_v4 GULP PTB domain-containing engulfment adaptor 1b	3.656E+00	0.040	22	50	136	140	139	231	399	93	0.621	0.233
LOKIASV2_1460_ESMFold_hypothetical_protein	AF-Q5U2W6-F1-model_v4	AF-Q5U2W6-F1-model_v4 Prostate tumor-overexpressed gene 1 protein homolog	6.143E+00	0.040	22	59	111	140	363	416	416	54	0.379	0.130
LOKIASV2_1460_ESMFold_hypothetical_protein	AF-O16747-F1-model_v4	AF-O16747-F1-model_v4 Homeobox domain-containing protein	6.143E+00	0.040	22	52	138	140	16	106	466	91	0.621	0.195
LOKIASV2_1460_ESMFold_hypothetical_protein	AF-A0A3Q0KUB7-F1-model_v4	AF-A0A3Q0KUB7-F1-model_v4 Putative g-protein coupled receptor	3.427E+00	0.040	22	51	138	140	282	377	508	100	0.629	0.189
LOKIASV2_1460_ESMFold_hypothetical_protein	AF-Q4E5R8-F1-model_v4	AF-Q4E5R8-F1-model_v4 Uncharacterized protein	7.963E+00	0.040	22	55	138	140	321	404	600	85	0.600	0.140
LOKIASV2_1460_ESMFold_hypothetical_protein	AF-Q2G2T6-F1-model_v4	AF-Q2G2T6-F1-model_v4 Cyclic-di-AMP phosphodiesterase	9.674E+00	0.040	22	6	85	140	86	167	655	89	0.571	0.125
LOKIASV2_1460_ESMFold_hypothetical_protein	AF-Q7XYY2-F1-model_v4	AF-Q7XYY2-F1-model_v4 Mediator of RNA polymerase II transcription subunit 25	2.821E+00	0.040	22	52	138	140	643	750	836	108	0.621	0.129
LOKIASV2_1460_ESMFold_hypothetical_protein	AF-I1K6W0-F1-model_v4	AF-I1K6W0-F1-model_v4 Probable alanine--tRNA ligase, chloroplastic	2.643E+00	0.040	22	60	132	140	774	843	980	76	0.521	0.071
LOKIASV2_1460_ESMFold_hypothetical_protein	AF-Q9I5W1-F1-model_v4	AF-Q9I5W1-F1-model_v4 Uncharacterized protein	3.010E+00	0.040	22	6	103	140	324	443	1245	125	0.700	0.096
LOKIASV2_1460_ESMFold_hypothetical_protein	AF-U7Q0V0-F1-model_v4	AF-U7Q0V0-F1-model_v4 PH domain-containing protein	6.143E+00	0.040	22	58	138	140	1294	1370	1379	81	0.579	0.056
LOKIASV2_1460_ESMFold_hypothetical_protein	AF-A0A0N4UB29-F1-model_v4	AF-A0A0N4UB29-F1-model_v4 PRELI/MSF1 domain-containing protein	7.963E+00	0.034	21	58	140	140	107	195	200	91	0.593	0.445
LOKIASV2_1460_ESMFold_hypothetical_protein	AF-Q54CP2-F1-model_v4	AF-Q54CP2-F1-model_v4 PRELI/MSF1 domain-containing protein	6.994E+00	0.034	21	58	140	140	109	192	265	88	0.593	0.317
LOKIASV2_1460_ESMFold_hypothetical_protein	AF-Q9UBP9-F1-model_v4	AF-Q9UBP9-F1-model_v4 PTB domain-containing engulfment adapter protein 1	5.057E+00	0.034	21	50	138	140	102	196	304	95	0.636	0.312
LOKIASV2_1460_ESMFold_hypothetical_protein	AF-A0A0D2DE27-F1-model_v4	AF-A0A0D2DE27-F1-model_v4 Unplaced genomic scaffold supercont1.7, whole genome shotgun sequence	5.057E+00	0.034	21	52	140	140	178	266	329	103	0.636	0.271
LOKIASV2_1460_ESMFold_hypothetical_protein	AF-A0A0K0EDB1-F1-model_v4	AF-A0A0K0EDB1-F1-model_v4 PID domain-containing protein	5.396E+00	0.034	21	50	140	140	135	223	351	94	0.650	0.254
LOKIASV2_1460_ESMFold_hypothetical_protein	AF-Q0P864-F1-model_v4	AF-Q0P864-F1-model_v4 Putative methyl-accepting chemotaxis signal transduction protein	7.963E+00	0.034	21	6	90	140	212	292	662	95	0.607	0.122
LOKIASV2_1460_ESMFold_hypothetical_protein	AF-Q71SY5-F1-model_v4	AF-Q71SY5-F1-model_v4 Mediator of RNA polymerase II transcription subunit 25	7.463E+00	0.034	21	59	111	140	510	562	747	53	0.379	0.071
LOKIASV2_1460_ESMFold_hypothetical_protein	AF-C0NHE1-F1-model_v4	AF-C0NHE1-F1-model_v4 RanBP1 domain-containing protein	7.963E+00	0.034	21	51	91	140	1209	1249	1252	41	0.293	0.033
LOKIASV2_1460_ESMFold_hypothetical_protein	AF-Q8WXG6-F1-model_v4	AF-Q8WXG6-F1-model_v4 MAP kinase-activating death domain protein	9.066E+00	0.034	21	47	101	140	1572	1634	1647	63	0.393	0.038
LOKIASV2_1460_ESMFold_hypothetical_protein	AF-A0A0N4UE20-F1-model_v4	AF-A0A0N4UE20-F1-model_v4 Uncharacterized protein	6.143E+00	0.029	20	50	133	140	17	91	99	84	0.600	0.758
LOKIASV2_1460_ESMFold_hypothetical_protein	AF-A6NC42-F1-model_v4	AF-A6NC42-F1-model_v4 Developmental pluripotency-associated 5 protein	5.396E+00	0.029	20	7	136	140	25	111	116	133	0.929	0.750
LOKIASV2_1460_ESMFold_hypothetical_protein	AF-Q5XJ33-F1-model_v4	AF-Q5XJ33-F1-model_v4 Pleckstrin homology-like domain, family A, member 1	9.674E+00	0.029	20	52	135	140	72	142	144	84	0.600	0.493
LOKIASV2_1460_ESMFold_hypothetical_protein	AF-K0EQ45-F1-model_v4	AF-K0EQ45-F1-model_v4 HTH marR-type domain-containing protein	2.322E+00	0.029	20	25	131	140	134	235	243	119	0.764	0.420
LOKIASV2_1460_ESMFold_hypothetical_protein	AF-B4FAZ6-F1-model_v4	AF-B4FAZ6-F1-model_v4 Adaptin ear-binding coat-associated protein 2	5.396E+00	0.029	20	42	111	140	82	150	284	73	0.500	0.243
LOKIASV2_1460_ESMFold_hypothetical_protein	AF-Q3THG9-F1-model_v4	AF-Q3THG9-F1-model_v4 Alanyl-tRNA editing protein Aarsd1	6.555E+00	0.029	20	62	136	140	228	296	412	76	0.536	0.167
LOKIASV2_1460_ESMFold_hypothetical_protein	AF-A2AQ07-F1-model_v4	AF-A2AQ07-F1-model_v4 Tubulin beta-1 chain	8.497E+00	0.029	20	69	132	140	362	425	451	64	0.457	0.142
LOKIASV2_1460_ESMFold_hypothetical_protein	AF-Q0P8K7-F1-model_v4	AF-Q0P8K7-F1-model_v4 Putative phospho-sugar mutase	4.163E+00	0.029	20	52	123	140	411	461	462	73	0.514	0.110
LOKIASV2_1460_ESMFold_hypothetical_protein	AF-Q0PBP3-F1-model_v4	AF-Q0PBP3-F1-model_v4 Putative methyl-accepting chemotaxis signal transduction protein	9.066E+00	0.029	20	5	121	140	202	342	665	143	0.836	0.212
LOKIASV2_1460_ESMFold_hypothetical_protein	AF-A0A1C1CCU4-F1-model_v4	AF-A0A1C1CCU4-F1-model_v4 Uncharacterized protein	5.396E+00	0.029	20	37	91	140	90	149	678	61	0.393	0.088
LOKIASV2_1460_ESMFold_hypothetical_protein	AF-Q9WVI4-F1-model_v4	AF-Q9WVI4-F1-model_v4 Guanylate cyclase soluble subunit alpha-2	7.963E+00	0.029	20	58	138	140	404	483	730	84	0.579	0.110
LOKIASV2_1460_ESMFold_hypothetical_protein	AF-C1H2H1-F1-model_v4	AF-C1H2H1-F1-model_v4 RanBD1 domain-containing protein	9.066E+00	0.029	20	51	91	140	1318	1359	1362	42	0.293	0.031
LOKIASV2_1460_ESMFold_hypothetical_protein	AF-F1LXK2-F1-model_v4	AF-F1LXK2-F1-model_v4 MOEP19 domain-containing protein	8.497E+00	0.024	19	7	98	140	26	97	117	98	0.657	0.615
LOKIASV2_1460_ESMFold_hypothetical_protein	AF-Q503L1-F1-model_v4	AF-Q503L1-F1-model_v4 Pleckstrin homology-like domain family A member 2	9.674E+00	0.024	19	53	138	140	65	128	136	86	0.614	0.471
LOKIASV2_1460_ESMFold_hypothetical_protein	AF-A0A0K0EK28-F1-model_v4	AF-A0A0K0EK28-F1-model_v4 Uncharacterized protein	7.963E+00	0.024	19	4	105	140	39	115	149	103	0.729	0.517
LOKIASV2_1460_ESMFold_hypothetical_protein	AF-Q57YN9-F1-model_v4	AF-Q57YN9-F1-model_v4 Uncharacterized protein	6.994E+00	0.024	19	58	138	140	182	264	267	91	0.579	0.311
LOKIASV2_1460_ESMFold_hypothetical_protein	AF-Q5PQS4-F1-model_v4	AF-Q5PQS4-F1-model_v4 PTB domain-containing engulfment adapter protein 1	6.143E+00	0.024	19	50	138	140	102	196	304	96	0.636	0.312
LOKIASV2_1460_ESMFold_hypothetical_protein	AF-A0A077Z3M7-F1-model_v4	AF-A0A077Z3M7-F1-model_v4 Protein FAM40A	8.497E+00	0.024	19	52	136	140	218	301	306	87	0.607	0.275
LOKIASV2_1460_ESMFold_hypothetical_protein	AF-O45652-F1-model_v4	AF-O45652-F1-model_v4 F-box domain-containing protein	4.739E+00	0.024	19	6	136	140	9	125	372	151	0.936	0.315
LOKIASV2_1460_ESMFold_hypothetical_protein	AF-Q4E5G9-F1-model_v4	AF-Q4E5G9-F1-model_v4 Uncharacterized protein	3.901E+00	0.024	19	58	134	140	332	412	451	84	0.550	0.180
LOKIASV2_1460_ESMFold_hypothetical_protein	AF-A0A077ZEF6-F1-model_v4	AF-A0A077ZEF6-F1-model_v4 Ubiquitin-conjugating enzyme E2 J2	5.057E+00	0.024	19	49	137	140	121	199	462	92	0.636	0.171
LOKIASV2_1460_ESMFold_hypothetical_protein	AF-Q9UTA7-F1-model_v4	AF-Q9UTA7-F1-model_v4 Uncharacterized transcriptional regulatory protein C25B8.11	7.463E+00	0.024	19	5	101	140	152	229	654	99	0.693	0.119
LOKIASV2_1460_ESMFold_hypothetical_protein	AF-Q57895-F1-model_v4	AF-Q57895-F1-model_v4 Uncharacterized protein MJ0453	5.057E+00	0.020	18	35	95	140	17	104	107	89	0.436	0.822
LOKIASV2_1460_ESMFold_hypothetical_protein	AF-F1LVJ7-F1-model_v4	AF-F1LVJ7-F1-model_v4 Developmental pluripotency-associated 5	9.674E+00	0.020	18	7	98	140	26	97	117	98	0.657	0.615
LOKIASV2_1460_ESMFold_hypothetical_protein	AF-Q8AW35-F1-model_v4	AF-Q8AW35-F1-model_v4 Pleckstrin homology-like domain family A member 3	6.994E+00	0.020	18	53	134	140	60	116	127	82	0.586	0.449
LOKIASV2_1460_ESMFold_hypothetical_protein	AF-A0A077Z038-F1-model_v4	AF-A0A077Z038-F1-model_v4 PH domain containing protein	5.396E+00	0.020	18	53	131	140	75	143	191	80	0.564	0.361
LOKIASV2_1460_ESMFold_hypothetical_protein	AF-Q08457-F1-model_v4	AF-Q08457-F1-model_v4 Mitochondrial morphogenesis protein SLD7	3.010E+00	0.020	18	19	134	140	67	183	257	133	0.829	0.455
LOKIASV2_1460_ESMFold_hypothetical_protein	AF-Q9D1J1-F1-model_v4	AF-Q9D1J1-F1-model_v4 Adaptin ear-binding coat-associated protein 2	4.163E+00	0.020	18	45	129	140	76	140	266	86	0.607	0.244
LOKIASV2_1460_ESMFold_hypothetical_protein	AF-Q5XI97-F1-model_v4	AF-Q5XI97-F1-model_v4 Alanyl-tRNA editing protein Aarsd1	9.674E+00	0.020	18	62	136	140	228	296	412	76	0.536	0.167
LOKIASV2_1460_ESMFold_hypothetical_protein	AF-Q6DEJ5-F1-model_v4	AF-Q6DEJ5-F1-model_v4 Alanyl-tRNA editing protein Aarsd1	9.674E+00	0.020	18	62	136	140	227	295	412	76	0.536	0.167
LOKIASV2_1460_ESMFold_hypothetical_protein	AF-A0A1D8PFC1-F1-model_v4	AF-A0A1D8PFC1-F1-model_v4 Putative alanine--tRNA ligase	7.463E+00	0.020	18	60	136	140	269	339	470	80	0.550	0.151
LOKIASV2_1460_ESMFold_hypothetical_protein	AF-A0A0H3GRK7-F1-model_v4	AF-A0A0H3GRK7-F1-model_v4 Histidine kinase	6.143E+00	0.020	18	3	139	140	81	215	541	154	0.979	0.250
LOKIASV2_1460_ESMFold_hypothetical_protein	AF-A0A0K0DXJ9-F1-model_v4	AF-A0A0K0DXJ9-F1-model_v4 Uncharacterized protein	9.066E+00	0.020	18	56	111	140	559	613	773	57	0.400	0.071
LOKIASV2_1460_ESMFold_hypothetical_protein	AF-A0A3Q0KJG7-F1-model_v4	AF-A0A3Q0KJG7-F1-model_v4 Valyl-tRNA synthetase	3.656E+00	0.020	18	6	130	140	984	1095	1105	130	0.893	0.101
LOKIASV2_1460_ESMFold_hypothetical_protein	AF-Q9HVI8-F1-model_v4	AF-Q9HVI8-F1-model_v4 Motility regulator	6.143E+00	0.020	18	5	138	140	193	296	1415	136	0.957	0.073
LOKIASV2_1460_ESMFold_hypothetical_protein	AF-Q38CF5-F1-model_v4	AF-Q38CF5-F1-model_v4 Uncharacterized protein	2.643E+00	0.020	18	15	135	140	328	437	1502	135	0.864	0.073
LOKIASV2_1460_ESMFold_hypothetical_protein	AF-A0A1P8B3H9-F1-model_v4	AF-A0A1P8B3H9-F1-model_v4 Superoxide dismutase 1 copper chaperone-like protein	8.497E+00	0.016	17	37	135	140	27	108	117	99	0.707	0.701
LOKIASV2_1460_ESMFold_hypothetical_protein	AF-A0A1D6N9K0-F1-model_v4	AF-A0A1D6N9K0-F1-model_v4 GOS2-like protein	4.163E+00	0.016	17	20	135	140	2	146	159	156	0.829	0.912
LOKIASV2_1460_ESMFold_hypothetical_protein	AF-A0A183XEK6-F1-model_v4	AF-A0A183XEK6-F1-model_v4 PID domain-containing protein	8.497E+00	0.016	17	50	135	140	136	230	439	95	0.614	0.216
LOKIASV2_1460_ESMFold_hypothetical_protein	AF-A0A077Z8E9-F1-model_v4	AF-A0A077Z8E9-F1-model_v4 PID domain containing protein	5.396E+00	0.016	17	51	135	140	130	224	445	99	0.607	0.213
LOKIASV2_1460_ESMFold_hypothetical_protein	AF-I1MY33-F1-model_v4	AF-I1MY33-F1-model_v4 Tubulin beta chain	5.057E+00	0.016	17	3	132	140	312	427	449	134	0.929	0.258
LOKIASV2_1460_ESMFold_hypothetical_protein	AF-O44499-F1-model_v4	AF-O44499-F1-model_v4 General Transcription Factor homolog	9.674E+00	0.016	17	52	135	140	57	140	532	87	0.600	0.158
LOKIASV2_1460_ESMFold_hypothetical_protein	AF-Q69KN1-F1-model_v4	AF-Q69KN1-F1-model_v4 Mediator of RNA polymerase II transcription subunit 25	7.463E+00	0.016	17	52	135	140	615	710	842	101	0.600	0.114
LOKIASV2_1460_ESMFold_hypothetical_protein	AF-Q4CV40-F1-model_v4	AF-Q4CV40-F1-model_v4 Guanine nucleotide-binding protein subunit beta-like protein	7.463E+00	0.016	17	51	138	140	470	560	1056	95	0.629	0.086
LOKIASV2_1460_ESMFold_hypothetical_protein	AF-Q24040-F1-model_v4	AF-Q24040-F1-model_v4 Protein big brother	3.901E+00	0.014	16	13	139	140	89	199	213	144	0.907	0.521
LOKIASV2_1460_ESMFold_hypothetical_protein	AF-Q2QQA3-F1-model_v4	AF-Q2QQA3-F1-model_v4 MADS-box transcription factor 20	6.555E+00	0.014	16	7	139	140	44	156	233	135	0.950	0.485
LOKIASV2_1460_ESMFold_hypothetical_protein	AF-Q38AU2-F1-model_v4	AF-Q38AU2-F1-model_v4 COP-coated vesicle membrane protein erv25, putative	4.739E+00	0.014	16	6	139	140	73	224	253	178	0.957	0.601
LOKIASV2_1460_ESMFold_hypothetical_protein	AF-Q91VU8-F1-model_v4	AF-Q91VU8-F1-model_v4 Prostate tumor-overexpressed gene 1 protein homolog	5.057E+00	0.014	16	19	111	140	327	416	416	104	0.664	0.216
LOKIASV2_1460_ESMFold_hypothetical_protein	AF-A0A3P7E8L9-F1-model_v4	AF-A0A3P7E8L9-F1-model_v4 Tubulin beta chain	5.757E+00	0.014	16	3	132	140	282	397	417	143	0.929	0.278
LOKIASV2_1460_ESMFold_hypothetical_protein	AF-Q9HW22-F1-model_v4	AF-Q9HW22-F1-model_v4 Histidine kinase	4.163E+00	0.014	16	52	131	140	96	211	426	118	0.571	0.272
LOKIASV2_1460_ESMFold_hypothetical_protein	AF-P12456-F1-model_v4	AF-P12456-F1-model_v4 Tubulin beta-1 chain	5.396E+00	0.014	16	3	132	140	310	425	441	143	0.929	0.263
LOKIASV2_1460_ESMFold_hypothetical_protein	AF-A4HTR0-F1-model_v4	AF-A4HTR0-F1-model_v4 Tubulin beta chain	6.143E+00	0.014	16	3	132	140	310	425	443	142	0.929	0.262
LOKIASV2_1460_ESMFold_hypothetical_protein	AF-K0ETY8-F1-model_v4	AF-K0ETY8-F1-model_v4 Diguanylate kinase response regulator	7.463E+00	0.014	16	3	92	140	151	275	447	133	0.643	0.280
LOKIASV2_1460_ESMFold_hypothetical_protein	AF-A0A0J9XTX5-F1-model_v4	AF-A0A0J9XTX5-F1-model_v4 Tubulin beta chain	5.396E+00	0.014	16	3	131	140	310	424	452	142	0.921	0.254
LOKIASV2_1460_ESMFold_hypothetical_protein	AF-I1MC39-F1-model_v4	AF-I1MC39-F1-model_v4 Tubulin beta chain	5.396E+00	0.014	16	4	132	140	313	427	457	141	0.921	0.252
LOKIASV2_1460_ESMFold_hypothetical_protein	AF-Q9CCJ1-F1-model_v4	AF-Q9CCJ1-F1-model_v4 Sensor histidine kinase MtrB	9.066E+00	0.014	16	6	138	140	129	253	562	148	0.950	0.222
LOKIASV2_1460_ESMFold_hypothetical_protein	AF-O75553-F1-model_v4	AF-O75553-F1-model_v4 Disabled homolog 1	8.497E+00	0.014	16	53	135	140	120	190	588	86	0.593	0.121
LOKIASV2_1460_ESMFold_hypothetical_protein	AF-P46662-F1-model_v4	AF-P46662-F1-model_v4 Merlin	6.555E+00	0.014	16	2	138	140	217	351	596	156	0.979	0.227
LOKIASV2_1460_ESMFold_hypothetical_protein	AF-Q9I408-F1-model_v4	AF-Q9I408-F1-model_v4 Histidine kinase	6.555E+00	0.014	16	6	138	140	209	394	633	197	0.950	0.294
LOKIASV2_1460_ESMFold_hypothetical_protein	AF-D3ZWA8-F1-model_v4	AF-D3ZWA8-F1-model_v4 Adaptor protein, phosphotyrosine-interacting with PH domain and leucine zipper 1	3.901E+00	0.014	16	4	135	140	464	635	671	187	0.943	0.256
LOKIASV2_1460_ESMFold_hypothetical_protein	AF-Q86YD1-F1-model_v4	AF-Q86YD1-F1-model_v4 Prostate tumor-overexpressed gene 1 protein	5.396E+00	0.011	15	19	102	140	165	242	416	91	0.600	0.188
LOKIASV2_1460_ESMFold_hypothetical_protein	AF-I1KRC0-F1-model_v4	AF-I1KRC0-F1-model_v4 Tubulin beta chain	7.463E+00	0.011	15	3	132	140	310	425	443	142	0.929	0.262
LOKIASV2_1460_ESMFold_hypothetical_protein	AF-I1KPA1-F1-model_v4	AF-I1KPA1-F1-model_v4 Tubulin beta chain	6.994E+00	0.011	15	3	132	140	310	425	445	143	0.929	0.261
LOKIASV2_1460_ESMFold_hypothetical_protein	AF-Q41785-F1-model_v4	AF-Q41785-F1-model_v4 Tubulin beta-8 chain	6.555E+00	0.011	15	4	139	140	311	442	445	159	0.971	0.297
LOKIASV2_1460_ESMFold_hypothetical_protein	AF-I1L0G9-F1-model_v4	AF-I1L0G9-F1-model_v4 Tubulin beta chain	6.994E+00	0.011	15	4	132	140	311	425	446	142	0.921	0.258
LOKIASV2_1460_ESMFold_hypothetical_protein	AF-Q41783-F1-model_v4	AF-Q41783-F1-model_v4 Tubulin beta-6 chain	7.963E+00	0.011	15	4	132	140	311	425	446	142	0.921	0.258
LOKIASV2_1460_ESMFold_hypothetical_protein	AF-I1K7J4-F1-model_v4	AF-I1K7J4-F1-model_v4 Tubulin beta chain	7.963E+00	0.011	15	3	132	140	312	427	448	142	0.929	0.259
LOKIASV2_1460_ESMFold_hypothetical_protein	AF-I1NGT9-F1-model_v4	AF-I1NGT9-F1-model_v4 Tubulin beta chain	6.994E+00	0.011	15	4	132	140	311	425	448	142	0.921	0.257
LOKIASV2_1460_ESMFold_hypothetical_protein	AF-P29516-F1-model_v4	AF-P29516-F1-model_v4 Tubulin beta-8 chain	6.994E+00	0.011	15	4	132	140	311	425	449	142	0.921	0.256
LOKIASV2_1460_ESMFold_hypothetical_protein	AF-D3ZJW8-F1-model_v4	AF-D3ZJW8-F1-model_v4 Mediator complex subunit 25	6.555E+00	0.011	15	4	111	140	401	562	746	164	0.771	0.217
LOKIASV2_1460_ESMFold_hypothetical_protein	AF-A0A1D6EZM4-F1-model_v4	AF-A0A1D6EZM4-F1-model_v4 Protein kinase domain-containing protein	5.396E+00	0.010	14	22	102	140	73	163	179	96	0.579	0.508
LOKIASV2_1460_ESMFold_hypothetical_protein	AF-A0A0R0EGV0-F1-model_v4	AF-A0A0R0EGV0-F1-model_v4 EDS1_EP domain-containing protein	7.463E+00	0.010	14	20	135	140	1	129	186	143	0.829	0.694
LOKIASV2_1460_ESMFold_hypothetical_protein	AF-P02763-F1-model_v4	AF-P02763-F1-model_v4 Alpha-1-acid glycoprotein 1	8.497E+00	0.010	14	52	134	140	107	200	201	103	0.593	0.468
LOKIASV2_1460_ESMFold_hypothetical_protein	AF-Q9FR85-F1-model_v4	AF-Q9FR85-F1-model_v4 M5 protein	9.674E+00	0.010	14	20	138	140	6	109	232	126	0.850	0.448
LOKIASV2_1460_ESMFold_hypothetical_protein	AF-A0A175VZ36-F1-model_v4	AF-A0A175VZ36-F1-model_v4 Uncharacterized protein	9.066E+00	0.010	14	19	138	140	145	271	281	140	0.857	0.452
LOKIASV2_1460_ESMFold_hypothetical_protein	AF-A0A1D6JI52-F1-model_v4	AF-A0A1D6JI52-F1-model_v4 Tubulin beta-7 chain	7.463E+00	0.010	14	4	123	140	281	387	415	133	0.857	0.258
LOKIASV2_1460_ESMFold_hypothetical_protein	AF-P07437-F1-model_v4	AF-P07437-F1-model_v4 Tubulin beta chain	9.674E+00	0.010	14	3	140	140	310	444	444	161	0.986	0.304
LOKIASV2_1460_ESMFold_hypothetical_protein	AF-P29514-F1-model_v4	AF-P29514-F1-model_v4 Tubulin beta-6 chain	9.066E+00	0.010	14	3	132	140	310	425	449	143	0.929	0.258
LOKIASV2_1460_ESMFold_hypothetical_protein	AF-A0A0N4U5F0-F1-model_v4	AF-A0A0N4U5F0-F1-model_v4 Tubulin beta chain	9.066E+00	0.010	14	3	132	140	310	425	452	143	0.929	0.257
LOKIASV2_1460_ESMFold_hypothetical_protein	AF-B4FTM1-F1-model_v4	AF-B4FTM1-F1-model_v4 Tubulin beta chain	9.674E+00	0.010	14	4	132	140	361	475	496	142	0.921	0.232
LOKIASV2_1460_ESMFold_hypothetical_protein	AF-C1GT53-F1-model_v4	AF-C1GT53-F1-model_v4 Eukaryotic translation initiation factor 3 subunit D	9.674E+00	0.010	14	18	101	140	506	594	594	92	0.600	0.150
LOKIASV2_1460_ESMFold_hypothetical_protein	AF-Q9VDR1-F1-model_v4	AF-Q9VDR1-F1-model_v4 Mediator of RNA polymerase II transcription subunit 25	7.463E+00	0.010	14	19	138	140	597	722	863	141	0.857	0.146
LOKIASV2_1460_ESMFold_hypothetical_protein	AF-O70507-F1-model_v4	AF-O70507-F1-model_v4 Potassium/sodium hyperpolarization-activated cyclic nucleotide-gated channel 4	9.674E+00	0.010	14	1	134	140	634	749	1186	154	0.957	0.098
LOKIASV2_1460_ESMFold_hypothetical_protein	AF-Q9CWR0-F1-model_v4	AF-Q9CWR0-F1-model_v4 Rho guanine nucleotide exchange factor 25	9.674E+00	0.009	13	58	136	140	468	530	618	85	0.564	0.102
LOKIASV2_1460_ESMFold_hypothetical_protein	AF-F4INB5-F1-model_v4	AF-F4INB5-F1-model_v4 P-loop containing nucleoside triphosphate hydrolases superfamily protein	5.057E+00	0.009	13	19	111	140	308	409	955	116	0.664	0.107
LOKIASV2_1460_ESMFold_hypothetical_protein	af_B0G156_1_132_3.30.450.70	af_B0G156_1_132_3.30.450.70	1.729E-07	1.000	255	4	128	140	2	131	132	130	0.893	0.985
LOKIASV2_1460_ESMFold_hypothetical_protein	af_B4FEQ9_4_135_3.30.450.70	af_B4FEQ9_4_135_3.30.450.70	6.536E-06	1.000	188	3	97	140	2	102	132	104	0.679	0.765
LOKIASV2_1460_ESMFold_hypothetical_protein	af_Q3B756_9_173_3.30.450.70	af_Q3B756_9_173_3.30.450.70	9.646E-06	1.000	177	6	123	140	3	128	165	130	0.843	0.764
LOKIASV2_1460_ESMFold_hypothetical_protein	af_O43032_1_129_3.30.450.60	af_O43032_1_129_3.30.450.60	1.250E-05	1.000	166	4	135	140	2	126	129	134	0.943	0.969
LOKIASV2_1460_ESMFold_hypothetical_protein	af_Q54UU1_1_133_3.30.450.70	af_Q54UU1_1_133_3.30.450.70	2.242E-05	1.000	166	2	97	140	1	103	133	107	0.686	0.774
LOKIASV2_1460_ESMFold_hypothetical_protein	af_G4RYA5_1_132_3.30.450.60	af_G4RYA5_1_132_3.30.450.60	3.766E-05	1.000	165	4	133	140	2	131	132	137	0.929	0.985
LOKIASV2_1460_ESMFold_hypothetical_protein	af_Q5JL08_132_308_3.30.450.70	af_Q5JL08_132_308_3.30.450.70	7.442E-06	1.000	161	2	119	140	3	132	177	135	0.843	0.734
LOKIASV2_1460_ESMFold_hypothetical_protein	af_Q9GPF0_1_140_3.30.450.60	af_Q9GPF0_1_140_3.30.450.60	3.100E-05	1.000	156	4	108	140	2	104	140	109	0.750	0.736
LOKIASV2_1460_ESMFold_hypothetical_protein	af_Q4DPV5_1_141_3.30.450.60	af_Q4DPV5_1_141_3.30.450.60	2.906E-05	1.000	154	4	109	140	2	108	141	110	0.757	0.759
LOKIASV2_1460_ESMFold_hypothetical_protein	af_Q4DKX0_1_121_3.30.450.60	af_Q4DKX0_1_121_3.30.450.60	1.172E-05	1.000	153	4	124	140	2	120	121	128	0.864	0.983
LOKIASV2_1460_ESMFold_hypothetical_protein	af_Q9DBG7_1_129_3.30.450.60	af_Q9DBG7_1_129_3.30.450.60	2.906E-05	1.000	152	4	129	140	2	128	129	134	0.900	0.984
LOKIASV2_1460_ESMFold_hypothetical_protein	af_Q5A723_137_274_3.30.450.70	af_Q5A723_137_274_3.30.450.70	1.471E-04	1.000	152	2	107	140	3	106	138	108	0.757	0.754
LOKIASV2_1460_ESMFold_hypothetical_protein	af_B1GRL5_1_140_3.30.450.70	af_B1GRL5_1_140_3.30.450.70	1.969E-05	1.000	150	2	123	140	1	132	140	136	0.871	0.943
LOKIASV2_1460_ESMFold_hypothetical_protein	af_K7LJF6_1_142_3.30.450.60	af_K7LJF6_1_142_3.30.450.60	1.098E-05	1.000	150	4	127	140	2	115	142	129	0.886	0.803
LOKIASV2_1460_ESMFold_hypothetical_protein	af_A0A0R0H6P7_106_542_3.30.450.70	af_A0A0R0H6P7_106_542_3.30.450.70	1.211E-04	1.000	150	2	111	140	4	109	437	111	0.786	0.243
LOKIASV2_1460_ESMFold_hypothetical_protein	af_I1KXB9_5_146_3.30.450.60	af_I1KXB9_5_146_3.30.450.60	5.931E-05	1.000	149	5	108	140	2	106	142	108	0.743	0.739
LOKIASV2_1460_ESMFold_hypothetical_protein	af_Q10150_111_272_3.30.450.70	af_Q10150_111_272_3.30.450.70	4.882E-05	1.000	149	4	125	140	2	131	162	135	0.871	0.802
LOKIASV2_1460_ESMFold_hypothetical_protein	af_P53129_176_347_2.60.200.20	af_P53129_176_347_2.60.200.20	4.019E-05	1.000	149	6	118	140	8	130	172	127	0.807	0.715
LOKIASV2_1460_ESMFold_hypothetical_protein	af_Q8I5M5_1_139_3.30.450.60	af_Q8I5M5_1_139_3.30.450.60	1.729E-05	1.000	148	4	108	140	2	106	139	113	0.750	0.755
LOKIASV2_1460_ESMFold_hypothetical_protein	af_Q7SZZ7_1_141_3.30.450.60	af_Q7SZZ7_1_141_3.30.450.60	9.646E-06	1.000	148	4	109	140	2	106	141	114	0.757	0.745
LOKIASV2_1460_ESMFold_hypothetical_protein	af_Q8BMQ8_110_532_3.30.450.70	af_Q8BMQ8_110_532_3.30.450.70	1.674E-04	1.000	148	2	95	140	4	93	423	95	0.671	0.213
LOKIASV2_1460_ESMFold_hypothetical_protein	af_O77358_1_145_3.30.450.70	af_O77358_1_145_3.30.450.70	9.965E-05	1.000	147	4	98	140	1	114	145	116	0.679	0.786
LOKIASV2_1460_ESMFold_hypothetical_protein	af_Q09718_1_139_3.30.450.60	af_Q09718_1_139_3.30.450.60	9.965E-05	1.000	144	4	105	140	2	100	139	105	0.729	0.712
LOKIASV2_1460_ESMFold_hypothetical_protein	af_Q92902_2_192_3.30.450.70	af_Q92902_2_192_3.30.450.70	7.205E-05	1.000	144	6	134	140	2	160	191	163	0.921	0.832
LOKIASV2_1460_ESMFold_hypothetical_protein	af_Q54TG0_80_478_3.30.450.70	af_Q54TG0_80_478_3.30.450.70	6.753E-05	1.000	143	4	107	140	6	118	399	120	0.743	0.283
LOKIASV2_1460_ESMFold_hypothetical_protein	af_Q54ZR7_1_129_3.30.450.60	af_Q54ZR7_1_129_3.30.450.60	5.209E-05	1.000	142	4	129	140	2	128	129	138	0.900	0.984
LOKIASV2_1460_ESMFold_hypothetical_protein	af_Q8IIH2_2_139_3.30.450.60	af_Q8IIH2_2_139_3.30.450.60	3.766E-05	1.000	142	4	108	140	2	104	138	110	0.750	0.746
LOKIASV2_1460_ESMFold_hypothetical_protein	af_O76928_1_139_3.30.450.60	af_O76928_1_139_3.30.450.60	7.205E-05	1.000	142	4	126	140	2	111	139	123	0.879	0.791
LOKIASV2_1460_ESMFold_hypothetical_protein	af_Q8IEK4_3_142_3.30.450.60	af_Q8IEK4_3_142_3.30.450.60	3.100E-05	1.000	140	4	108	140	2	105	140	113	0.750	0.743
LOKIASV2_1460_ESMFold_hypothetical_protein	af_A0A1D6QUI4_1_162_3.30.450.60	af_A0A1D6QUI4_1_162_3.30.450.60	1.729E-05	1.000	140	4	108	140	2	127	162	128	0.750	0.778
LOKIASV2_1460_ESMFold_hypothetical_protein	af_Q4DZV1_1_140_3.30.450.60	af_Q4DZV1_1_140_3.30.450.60	1.471E-04	1.000	139	4	108	140	2	106	140	109	0.750	0.750
LOKIASV2_1460_ESMFold_hypothetical_protein	af_Q5AJY4_1_143_3.30.450.60	af_Q5AJY4_1_143_3.30.450.60	4.882E-05	1.000	139	4	127	140	2	117	143	127	0.886	0.811
LOKIASV2_1460_ESMFold_hypothetical_protein	af_Q4CY94_1_151_3.30.450.70	af_Q4CY94_1_151_3.30.450.70	1.569E-04	1.000	138	2	129	140	1	150	151	154	0.914	0.993
LOKIASV2_1460_ESMFold_hypothetical_protein	af_F1QDK1_125_529_3.30.450.70	af_F1QDK1_125_529_3.30.450.70	4.727E-04	1.000	138	6	95	140	8	93	405	91	0.643	0.212
LOKIASV2_1460_ESMFold_hypothetical_protein	af_Q9W555_1_121_3.30.450.60	af_Q9W555_1_121_3.30.450.60	1.906E-04	1.000	135	2	128	140	1	115	121	127	0.907	0.950
LOKIASV2_1460_ESMFold_hypothetical_protein	af_Q8IDH2_466_648_3.30.450.70	af_Q8IDH2_466_648_3.30.450.70	4.727E-04	1.000	135	5	127	140	5	151	183	150	0.879	0.803
LOKIASV2_1460_ESMFold_hypothetical_protein	af_A4ID41_1_137_3.30.450.60	af_A4ID41_1_137_3.30.450.60	1.292E-04	1.000	134	4	129	140	2	136	137	139	0.900	0.985
LOKIASV2_1460_ESMFold_hypothetical_protein	af_Q5A2L1_1_152_3.30.450.60	af_Q5A2L1_1_152_3.30.450.60	1.292E-04	1.000	134	4	109	140	2	119	152	121	0.757	0.776
LOKIASV2_1460_ESMFold_hypothetical_protein	af_Q4D3D6_114_540_3.30.450.70	af_Q4D3D6_114_540_3.30.450.70	1.135E-04	1.000	134	6	126	140	7	150	427	147	0.864	0.337
LOKIASV2_1460_ESMFold_hypothetical_protein	af_Q9VR38_111_527_3.30.450.70	af_Q9VR38_111_527_3.30.450.70	3.002E-04	1.000	133	4	117	140	5	121	417	122	0.814	0.281
LOKIASV2_1460_ESMFold_hypothetical_protein	af_O94669_3_142_3.30.450.60	af_O94669_3_142_3.30.450.60	4.882E-05	1.000	132	4	117	140	2	105	140	115	0.814	0.743
LOKIASV2_1460_ESMFold_hypothetical_protein	6dffM01	6dffM01	1.906E-04	1.000	131	4	118	140	2	116	121	119	0.821	0.950
LOKIASV2_1460_ESMFold_hypothetical_protein	af_O88653_1_124_3.30.450.30	af_O88653_1_124_3.30.450.30	1.674E-04	1.000	131	2	98	140	17	116	124	104	0.693	0.806
LOKIASV2_1460_ESMFold_hypothetical_protein	af_O43041_1_131_3.30.450.70	af_O43041_1_131_3.30.450.70	7.444E-04	1.000	129	4	98	140	1	102	131	106	0.679	0.779
LOKIASV2_1460_ESMFold_hypothetical_protein	af_Q4DVC7_5_143_3.30.450.60	af_Q4DVC7_5_143_3.30.450.60	2.316E-04	1.000	129	7	122	140	2	107	139	116	0.829	0.763
LOKIASV2_1460_ESMFold_hypothetical_protein	af_I1J9J7_5_145_3.30.450.60	af_I1J9J7_5_145_3.30.450.60	8.203E-05	1.000	129	5	127	140	2	113	141	126	0.879	0.794
LOKIASV2_1460_ESMFold_hypothetical_protein	6b9xB00	6b9xB00	1.063E-04	1.000	128	1	101	140	17	126	126	113	0.721	0.873
LOKIASV2_1460_ESMFold_hypothetical_protein	af_Q57759_3_97_3.30.450.30	af_Q57759_3_97_3.30.450.30	1.471E-04	1.000	127	1	79	140	11	92	95	85	0.564	0.863
LOKIASV2_1460_ESMFold_hypothetical_protein	af_Q4DX10_1_140_3.30.450.60	af_Q4DX10_1_140_3.30.450.60	8.203E-05	1.000	127	4	108	140	2	105	140	115	0.750	0.743
LOKIASV2_1460_ESMFold_hypothetical_protein	af_Q9UT70_1_154_3.30.450.70	af_Q9UT70_1_154_3.30.450.70	2.316E-04	1.000	127	4	98	140	3	116	154	117	0.679	0.740
LOKIASV2_1460_ESMFold_hypothetical_protein	af_Q8IB99_1_188_3.30.450.50	af_Q8IB99_1_188_3.30.450.50	1.378E-04	1.000	127	4	128	140	56	185	188	137	0.893	0.691
LOKIASV2_1460_ESMFold_hypothetical_protein	af_Q54QW5_1_88_3.30.450.30	af_Q54QW5_1_88_3.30.450.30	6.127E-04	1.000	126	3	76	140	17	87	88	77	0.529	0.807
LOKIASV2_1460_ESMFold_hypothetical_protein	2xa7M01	2xa7M01	5.044E-04	1.000	126	4	107	140	2	103	120	107	0.743	0.850
LOKIASV2_1460_ESMFold_hypothetical_protein	af_O74891_1_153_3.30.450.60	af_O74891_1_153_3.30.450.60	8.753E-05	1.000	126	3	108	140	7	122	153	120	0.757	0.758
LOKIASV2_1460_ESMFold_hypothetical_protein	af_Q9BI89_43_458_3.30.450.70	af_Q9BI89_43_458_3.30.450.70	5.742E-04	1.000	126	6	99	140	8	91	416	94	0.671	0.202
LOKIASV2_1460_ESMFold_hypothetical_protein	af_P38700_1_141_3.30.450.60	af_P38700_1_141_3.30.450.60	1.471E-04	1.000	125	4	100	140	2	94	141	101	0.693	0.660
LOKIASV2_1460_ESMFold_hypothetical_protein	af_Q54H39_1_142_3.30.450.60	af_Q54H39_1_142_3.30.450.60	2.813E-04	1.000	125	4	113	140	2	111	142	115	0.786	0.775
LOKIASV2_1460_ESMFold_hypothetical_protein	af_F6PFK5_2_153_3.30.450.70	af_F6PFK5_2_153_3.30.450.70	7.688E-05	1.000	125	6	116	140	2	131	152	135	0.793	0.855
LOKIASV2_1460_ESMFold_hypothetical_protein	af_Q59VY5_3_164_3.30.450.70	af_Q59VY5_3_164_3.30.450.70	2.471E-04	1.000	125	4	99	140	1	137	162	138	0.686	0.846
LOKIASV2_1460_ESMFold_hypothetical_protein	3cueA01	3cueA01	9.339E-05	1.000	123	4	125	140	2	135	136	141	0.871	0.985
LOKIASV2_1460_ESMFold_hypothetical_protein	af_Q54F59_1_120_3.30.450.30	af_Q54F59_1_120_3.30.450.30	9.648E-04	1.000	122	1	100	140	17	120	120	106	0.714	0.867
LOKIASV2_1460_ESMFold_hypothetical_protein	af_F1QJL7_1_145_3.30.450.70	af_F1QJL7_1_145_3.30.450.70	1.787E-04	1.000	122	2	98	140	1	107	145	112	0.693	0.738
LOKIASV2_1460_ESMFold_hypothetical_protein	af_Q54WW3_1_155_3.30.450.60	af_Q54WW3_1_155_3.30.450.60	4.576E-05	1.000	122	4	135	140	2	149	155	154	0.943	0.955
LOKIASV2_1460_ESMFold_hypothetical_protein	af_Q54NW7_1_124_3.30.450.50	af_Q54NW7_1_124_3.30.450.50	1.172E-03	1.000	121	3	124	140	5	114	124	122	0.871	0.887
LOKIASV2_1460_ESMFold_hypothetical_protein	af_P43621_3_143_3.30.450.60	af_P43621_3_143_3.30.450.60	6.976E-04	1.000	121	4	122	140	1	108	141	119	0.850	0.766
LOKIASV2_1460_ESMFold_hypothetical_protein	af_Q03630_1_159_3.30.450.70	af_Q03630_1_159_3.30.450.70	4.430E-04	1.000	121	2	101	140	1	116	159	120	0.714	0.730
LOKIASV2_1460_ESMFold_hypothetical_protein	af_O96824_1_90_3.30.450.30	af_O96824_1_90_3.30.450.30	3.002E-04	1.000	120	1	76	140	15	88	90	81	0.543	0.822
LOKIASV2_1460_ESMFold_hypothetical_protein	af_A0A5K1K8Y9_1_132_3.30.450.50	af_A0A5K1K8Y9_1_132_3.30.450.50	4.430E-04	1.000	119	4	107	140	6	113	132	113	0.743	0.818
LOKIASV2_1460_ESMFold_hypothetical_protein	4uqiM01	4uqiM01	2.316E-04	1.000	119	4	108	140	2	105	141	113	0.750	0.738
LOKIASV2_1460_ESMFold_hypothetical_protein	af_E7F707_2_414_3.30.450.60	af_E7F707_2_414_3.30.450.60	3.002E-04	1.000	119	6	128	140	7	134	413	141	0.879	0.310
LOKIASV2_1460_ESMFold_hypothetical_protein	af_Q57627_61_173_3.30.450.30	af_Q57627_61_173_3.30.450.30	1.378E-04	1.000	118	3	100	140	13	113	113	108	0.700	0.894
LOKIASV2_1460_ESMFold_hypothetical_protein	5y39B00	5y39B00	9.043E-04	1.000	118	1	91	140	12	109	116	101	0.650	0.845
LOKIASV2_1460_ESMFold_hypothetical_protein	af_Q99186_1_139_3.30.450.60	af_Q99186_1_139_3.30.450.60	1.471E-04	1.000	118	4	108	140	2	106	139	115	0.750	0.755
LOKIASV2_1460_ESMFold_hypothetical_protein	af_Q59RK0_1_142_3.30.450.60	af_Q59RK0_1_142_3.30.450.60	1.787E-04	1.000	118	4	120	140	2	109	142	123	0.836	0.761
LOKIASV2_1460_ESMFold_hypothetical_protein	af_D4ADP9_35_180_3.30.450.60	af_D4ADP9_35_180_3.30.450.60	6.328E-05	1.000	117	3	110	140	8	116	146	118	0.771	0.747
LOKIASV2_1460_ESMFold_hypothetical_protein	2vx8A01	2vx8A01	9.648E-04	1.000	116	6	105	140	3	92	111	101	0.714	0.811
LOKIASV2_1460_ESMFold_hypothetical_protein	af_Q96IW7_1_126_3.30.450.50	af_Q96IW7_1_126_3.30.450.50	1.030E-03	1.000	116	1	107	140	1	105	126	110	0.764	0.833
LOKIASV2_1460_ESMFold_hypothetical_protein	af_Q8II16_3_142_3.30.450.60	af_Q8II16_3_142_3.30.450.60	7.444E-04	1.000	116	4	126	140	1	110	140	125	0.879	0.786
LOKIASV2_1460_ESMFold_hypothetical_protein	3cueC00	3cueC00	8.475E-04	1.000	116	2	101	140	1	103	143	111	0.714	0.720
LOKIASV2_1460_ESMFold_hypothetical_protein	af_Q9N2U6_1_121_3.30.450.30	af_Q9N2U6_1_121_3.30.450.30	1.424E-03	1.000	115	1	76	140	16	91	121	79	0.543	0.628
LOKIASV2_1460_ESMFold_hypothetical_protein	af_Q4D9D6_71_184_3.30.450.50	af_Q4D9D6_71_184_3.30.450.50	5.742E-04	1.000	113	4	123	140	1	113	114	120	0.857	0.991
LOKIASV2_1460_ESMFold_hypothetical_protein	af_Q9U5L1_1_122_3.30.450.60	af_Q9U5L1_1_122_3.30.450.60	1.251E-03	1.000	113	4	129	140	2	121	122	134	0.900	0.984
LOKIASV2_1460_ESMFold_hypothetical_protein	af_A0A1D5RLS7_1_125_3.30.450.50	af_A0A1D5RLS7_1_125_3.30.450.50	2.392E-03	1.000	113	2	97	140	1	88	125	96	0.686	0.704
LOKIASV2_1460_ESMFold_hypothetical_protein	af_I1JYQ9_2_132_3.30.450.50	af_I1JYQ9_2_132_3.30.450.50	2.724E-03	1.000	113	3	120	140	6	114	131	118	0.843	0.832
LOKIASV2_1460_ESMFold_hypothetical_protein	af_Q557G3_1_142_3.30.450.70	af_Q557G3_1_142_3.30.450.70	2.813E-04	1.000	112	4	99	140	2	108	142	113	0.686	0.754
LOKIASV2_1460_ESMFold_hypothetical_protein	af_Q4DEQ7_2_157_3.30.450.60	af_Q4DEQ7_2_157_3.30.450.60	5.742E-04	1.000	111	3	117	140	5	125	156	128	0.821	0.776
LOKIASV2_1460_ESMFold_hypothetical_protein	af_Q4CT12_7_116_3.30.450.30	af_Q4CT12_7_116_3.30.450.30	1.334E-03	1.000	110	1	76	140	23	107	110	85	0.543	0.773
LOKIASV2_1460_ESMFold_hypothetical_protein	af_Q58736_1_114_3.30.450.30	af_Q58736_1_114_3.30.450.30	1.251E-03	1.000	110	1	76	140	12	90	114	82	0.543	0.693
LOKIASV2_1460_ESMFold_hypothetical_protein	af_Q86J23_5_127_3.30.450.30	af_Q86J23_5_127_3.30.450.30	5.044E-04	1.000	110	1	98	140	16	120	123	109	0.700	0.854
LOKIASV2_1460_ESMFold_hypothetical_protein	af_Q55FG6_23_155_3.30.450.70	af_Q55FG6_23_155_3.30.450.70	4.727E-04	1.000	110	7	135	140	2	130	133	140	0.921	0.970
LOKIASV2_1460_ESMFold_hypothetical_protein	af_Q54CA7_1_151_3.30.450.60	af_Q54CA7_1_151_3.30.450.60	9.043E-04	1.000	110	1	123	140	1	129	151	133	0.879	0.854
LOKIASV2_1460_ESMFold_hypothetical_protein	af_Q9VJD2_1_123_3.30.450.30	af_Q9VJD2_1_123_3.30.450.30	1.172E-03	1.000	109	2	98	140	17	116	123	104	0.693	0.813
LOKIASV2_1460_ESMFold_hypothetical_protein	af_P35181_4_155_3.30.450.60	af_P35181_4_155_3.30.450.60	3.203E-04	1.000	109	4	133	140	1	151	152	156	0.929	0.993
LOKIASV2_1460_ESMFold_hypothetical_protein	af_Q9SN26_4_124_3.30.450.50	af_Q9SN26_4_124_3.30.450.50	1.251E-03	1.000	108	2	128	140	3	119	121	132	0.907	0.967
LOKIASV2_1460_ESMFold_hypothetical_protein	af_Q8IET3_1_122_3.30.450.50	af_Q8IET3_1_122_3.30.450.50	1.969E-03	1.000	107	2	103	140	1	93	122	104	0.729	0.762
LOKIASV2_1460_ESMFold_hypothetical_protein	af_A0A1D8PSL3_1_125_3.30.450.50	af_A0A1D8PSL3_1_125_3.30.450.50	1.519E-03	1.000	107	4	125	140	2	124	125	130	0.871	0.984
LOKIASV2_1460_ESMFold_hypothetical_protein	3t1rC00	3t1rC00	3.309E-03	1.000	107	4	89	140	28	124	136	100	0.614	0.713
LOKIASV2_1460_ESMFold_hypothetical_protein	af_A0A1D6KZ33_32_170_3.30.450.70	af_A0A1D6KZ33_32_170_3.30.450.70	1.519E-03	1.000	107	5	99	140	2	117	139	121	0.679	0.835
LOKIASV2_1460_ESMFold_hypothetical_protein	af_Q4CWD7_2_148_3.30.450.50	af_Q4CWD7_2_148_3.30.450.50	1.424E-03	1.000	106	4	105	140	6	126	147	121	0.729	0.823
LOKIASV2_1460_ESMFold_hypothetical_protein	af_A0A1D6PFK8_1_168_3.30.450.60	af_A0A1D6PFK8_1_168_3.30.450.60	3.891E-04	1.000	106	4	132	140	2	163	168	164	0.921	0.964
LOKIASV2_1460_ESMFold_hypothetical_protein	af_B0G156_145_231_3.30.450.30	af_B0G156_145_231_3.30.450.30	3.531E-03	1.000	105	4	87	140	2	85	87	89	0.600	0.966
LOKIASV2_1460_ESMFold_hypothetical_protein	af_Q54NZ4_2_139_3.30.450.60	af_Q54NZ4_2_139_3.30.450.60	5.044E-04	1.000	105	4	128	140	2	137	138	140	0.893	0.986
LOKIASV2_1460_ESMFold_hypothetical_protein	af_O96254_1_141_3.30.450.60	af_O96254_1_141_3.30.450.60	3.203E-04	1.000	105	4	127	140	2	139	141	146	0.886	0.979
LOKIASV2_1460_ESMFold_hypothetical_protein	af_Q54MM6_1_96_3.30.450.30	af_Q54MM6_1_96_3.30.450.30	2.553E-03	1.000	104	1	76	140	15	93	96	83	0.543	0.823
LOKIASV2_1460_ESMFold_hypothetical_protein	af_Q00381_2_147_3.30.450.60	af_Q00381_2_147_3.30.450.60	1.519E-03	1.000	104	4	108	140	2	111	146	113	0.750	0.753
LOKIASV2_1460_ESMFold_hypothetical_protein	6dffS00	6dffS00	5.044E-04	1.000	103	4	126	140	2	140	142	144	0.879	0.979
LOKIASV2_1460_ESMFold_hypothetical_protein	af_A0A1D6JK26_1_123_3.30.450.60	af_A0A1D6JK26_1_123_3.30.450.60	8.475E-04	1.000	102	4	122	140	2	122	123	129	0.850	0.984
LOKIASV2_1460_ESMFold_hypothetical_protein	af_E9QC42_1_123_3.30.450.50	af_E9QC42_1_123_3.30.450.50	3.531E-03	1.000	102	2	105	140	1	94	123	105	0.743	0.764
LOKIASV2_1460_ESMFold_hypothetical_protein	af_O50393_7_130_3.30.450.30	af_O50393_7_130_3.30.450.30	1.846E-03	1.000	102	1	98	140	15	121	124	108	0.700	0.863
LOKIASV2_1460_ESMFold_hypothetical_protein	af_Q4D2K4_12_131_3.30.450.30	af_Q4D2K4_12_131_3.30.450.30	1.424E-03	1.000	101	4	76	140	10	102	120	96	0.521	0.775
LOKIASV2_1460_ESMFold_hypothetical_protein	af_Q8H1F4_3_152_3.30.450.60	af_Q8H1F4_3_152_3.30.450.60	1.519E-03	1.000	101	4	109	140	9	119	150	118	0.757	0.740
LOKIASV2_1460_ESMFold_hypothetical_protein	af_P38153_1_153_3.30.450.60	af_P38153_1_153_3.30.450.60	1.846E-03	1.000	101	4	109	140	2	119	153	118	0.757	0.771
LOKIASV2_1460_ESMFold_hypothetical_protein	af_A0A1D8PG39_1_162_3.30.450.60	af_A0A1D8PG39_1_162_3.30.450.60	9.648E-04	1.000	101	4	111	140	2	116	162	122	0.771	0.710
LOKIASV2_1460_ESMFold_hypothetical_protein	af_Q8ID42_1_119_3.30.450.60	af_Q8ID42_1_119_3.30.450.60	4.577E-03	1.000	100	4	124	140	2	118	119	122	0.864	0.983
LOKIASV2_1460_ESMFold_hypothetical_protein	af_Q4DVQ7_1_141_3.30.450.70	af_Q4DVQ7_1_141_3.30.450.70	6.127E-04	1.000	100	2	130	140	1	138	141	151	0.921	0.979
LOKIASV2_1460_ESMFold_hypothetical_protein	4afiB00	4afiB00	6.754E-03	1.000	100	1	107	140	30	129	152	110	0.764	0.658
LOKIASV2_1460_ESMFold_hypothetical_protein	af_I1KPU9_3_115_3.30.450.60	af_I1KPU9_3_115_3.30.450.60	5.211E-03	0.999	99	4	98	140	1	92	113	97	0.679	0.814
LOKIASV2_1460_ESMFold_hypothetical_protein	3kyeD00	3kyeD00	2.101E-03	0.999	99	2	76	140	15	93	115	80	0.536	0.687
LOKIASV2_1460_ESMFold_hypothetical_protein	af_Q5A006_2_160_3.30.450.60	af_Q5A006_2_160_3.30.450.60	6.538E-04	0.999	99	4	109	140	9	130	159	124	0.757	0.767
LOKIASV2_1460_ESMFold_hypothetical_protein	af_Q9VZL6_13_89_3.30.450.30	af_Q9VZL6_13_89_3.30.450.30	4.289E-03	0.999	98	4	75	140	2	76	77	79	0.514	0.974
LOKIASV2_1460_ESMFold_hypothetical_protein	af_M0R3S2_1_126_3.30.450.50	af_M0R3S2_1_126_3.30.450.50	7.207E-03	0.999	98	1	107	140	1	105	126	110	0.764	0.833
LOKIASV2_1460_ESMFold_hypothetical_protein	af_Q4D2K4_6_143_3.30.450.30	af_Q4D2K4_6_143_3.30.450.30	1.519E-03	0.999	98	4	93	140	16	127	138	115	0.643	0.812
LOKIASV2_1460_ESMFold_hypothetical_protein	af_Q5AEG6_1_157_3.30.450.70	af_Q5AEG6_1_157_3.30.450.70	2.724E-03	0.999	98	4	99	140	3	119	157	121	0.686	0.745
LOKIASV2_1460_ESMFold_hypothetical_protein	af_A0A0R0I2K0_1_129_3.30.450.50	af_A0A0R0I2K0_1_129_3.30.450.50	5.560E-03	0.999	97	4	98	140	2	99	129	100	0.679	0.760
LOKIASV2_1460_ESMFold_hypothetical_protein	af_B0G156_133_243_3.30.450.30	af_B0G156_133_243_3.30.450.30	5.560E-03	0.998	95	2	96	140	12	110	111	104	0.679	0.892
LOKIASV2_1460_ESMFold_hypothetical_protein	5x6vF00	5x6vF00	6.754E-03	0.998	95	2	98	140	12	110	118	101	0.693	0.839
LOKIASV2_1460_ESMFold_hypothetical_protein	af_Q4DPD7_1_130_3.30.450.50	af_Q4DPD7_1_130_3.30.450.50	4.289E-03	0.998	95	4	105	140	2	107	130	112	0.729	0.815
LOKIASV2_1460_ESMFold_hypothetical_protein	af_Q4DXT9_24_180_3.30.450.70	af_Q4DXT9_24_180_3.30.450.70	1.730E-03	0.998	95	12	124	140	16	139	157	133	0.807	0.790
LOKIASV2_1460_ESMFold_hypothetical_protein	af_Q8WQG5_1_120_3.30.450.30	af_Q8WQG5_1_120_3.30.450.30	1.379E-02	0.998	94	2	92	140	15	109	120	98	0.650	0.792
LOKIASV2_1460_ESMFold_hypothetical_protein	af_K7K9X0_1_128_3.30.450.60	af_K7K9X0_1_128_3.30.450.60	7.942E-04	0.998	94	4	118	140	2	122	128	126	0.821	0.945
LOKIASV2_1460_ESMFold_hypothetical_protein	af_Q5EGY4_1_140_3.30.450.50	af_Q5EGY4_1_140_3.30.450.50	4.883E-03	0.998	94	2	101	140	1	106	140	109	0.714	0.757
LOKIASV2_1460_ESMFold_hypothetical_protein	af_A4IAR2_2_158_3.30.450.60	af_A4IAR2_2_158_3.30.450.60	1.621E-03	0.998	94	3	108	140	5	128	157	127	0.757	0.790
LOKIASV2_1460_ESMFold_hypothetical_protein	af_Q6IG91_7_107_3.30.450.30	af_Q6IG91_7_107_3.30.450.30	3.531E-03	0.998	93	1	76	140	20	98	101	83	0.543	0.782
LOKIASV2_1460_ESMFold_hypothetical_protein	af_A4I7C2_7_115_3.30.450.30	af_A4I7C2_7_115_3.30.450.30	4.577E-03	0.998	93	2	76	140	23	106	109	84	0.536	0.771
LOKIASV2_1460_ESMFold_hypothetical_protein	3lgoA01	3lgoA01	4.289E-03	0.998	93	4	98	140	2	107	113	110	0.679	0.938
LOKIASV2_1460_ESMFold_hypothetical_protein	af_Q852J3_1_128_3.30.450.50	af_Q852J3_1_128_3.30.450.50	1.211E-02	0.998	93	4	126	140	2	127	128	129	0.879	0.984
LOKIASV2_1460_ESMFold_hypothetical_protein	af_C0HLF1_1_152_3.30.450.60	af_C0HLF1_1_152_3.30.450.60	1.172E-03	0.998	93	4	121	140	2	115	152	123	0.843	0.750
LOKIASV2_1460_ESMFold_hypothetical_protein	4b93A00	4b93A00	5.560E-03	0.998	93	1	107	140	1	97	157	113	0.764	0.618
LOKIASV2_1460_ESMFold_hypothetical_protein	af_Q4DMW9_2_97_3.30.450.30	af_Q4DMW9_2_97_3.30.450.30	1.211E-02	0.997	92	1	76	140	15	93	96	82	0.543	0.823
LOKIASV2_1460_ESMFold_hypothetical_protein	af_O97323_1_131_3.30.450.50	af_O97323_1_131_3.30.450.50	4.883E-03	0.997	92	4	120	140	2	110	131	121	0.836	0.832
LOKIASV2_1460_ESMFold_hypothetical_protein	af_Q5A723_306_433_3.30.450.30	af_Q5A723_306_433_3.30.450.30	5.211E-03	0.997	91	2	91	140	18	114	128	103	0.643	0.758
LOKIASV2_1460_ESMFold_hypothetical_protein	af_Q8I1T3_1_178_3.30.450.60	af_Q8I1T3_1_178_3.30.450.60	5.044E-04	0.997	91	3	126	140	8	151	178	158	0.886	0.809
LOKIASV2_1460_ESMFold_hypothetical_protein	af_Q8IIT1_10_161_3.30.450.70	af_Q8IIT1_10_161_3.30.450.70	6.976E-04	0.996	90	20	127	140	26	150	152	128	0.771	0.822
LOKIASV2_1460_ESMFold_hypothetical_protein	af_Q03784_1_216_2.60.120.380	af_Q03784_1_216_2.60.120.380	6.330E-03	0.996	90	2	97	140	1	187	216	188	0.686	0.866
LOKIASV2_1460_ESMFold_hypothetical_protein	af_Q9W168_22_122_3.30.450.30	af_Q9W168_22_122_3.30.450.30	3.531E-03	0.996	89	3	76	140	22	98	101	81	0.529	0.762
LOKIASV2_1460_ESMFold_hypothetical_protein	af_Q55CR0_1_124_3.30.450.50	af_Q55CR0_1_124_3.30.450.50	4.020E-03	0.996	89	4	125	140	2	123	124	135	0.871	0.984
LOKIASV2_1460_ESMFold_hypothetical_protein	af_Q8I346_1_137_3.30.450.50	af_Q8I346_1_137_3.30.450.50	1.730E-03	0.996	89	2	115	140	1	129	137	138	0.814	0.942
LOKIASV2_1460_ESMFold_hypothetical_protein	af_F1QNE7_2_215_3.30.450.70	af_F1QNE7_2_215_3.30.450.70	1.135E-02	0.996	89	4	124	140	2	207	214	214	0.864	0.963
LOKIASV2_1460_ESMFold_hypothetical_protein	af_C0H4V0_1_143_3.30.450.70	af_C0H4V0_1_143_3.30.450.70	8.475E-04	0.994	87	2	121	140	1	142	143	146	0.857	0.993
LOKIASV2_1460_ESMFold_hypothetical_protein	af_P53600_2_154_3.30.450.60	af_P53600_2_154_3.30.450.60	7.942E-04	0.994	87	4	117	140	8	121	153	124	0.814	0.745
LOKIASV2_1460_ESMFold_hypothetical_protein	af_Q9FMR5_1_124_3.30.450.50	af_Q9FMR5_1_124_3.30.450.50	5.211E-03	0.993	86	2	119	140	1	120	124	131	0.843	0.968
LOKIASV2_1460_ESMFold_hypothetical_protein	af_Q4D160_25_164_3.30.450.70	af_Q4D160_25_164_3.30.450.70	5.932E-03	0.993	86	12	125	140	15	139	140	134	0.814	0.893
LOKIASV2_1460_ESMFold_hypothetical_protein	af_C6S3C4_1_106_3.30.450.30	af_C6S3C4_1_106_3.30.450.30	2.906E-03	0.992	85	3	77	140	21	103	106	88	0.536	0.783
LOKIASV2_1460_ESMFold_hypothetical_protein	5y39J00	5y39J00	9.342E-03	0.991	84	4	74	140	16	81	84	74	0.507	0.786
LOKIASV2_1460_ESMFold_hypothetical_protein	af_A0A2R8RMS1_1_87_3.30.450.70	af_A0A2R8RMS1_1_87_3.30.450.70	1.787E-02	0.991	84	6	92	140	3	86	87	90	0.621	0.966
LOKIASV2_1460_ESMFold_hypothetical_protein	af_Q54HD4_1_149_3.30.450.60	af_Q54HD4_1_149_3.30.450.60	8.755E-03	0.990	83	3	117	140	7	115	149	120	0.821	0.732
LOKIASV2_1460_ESMFold_hypothetical_protein	2zmvB01	2zmvB01	7.207E-03	0.986	81	4	124	140	2	120	123	134	0.864	0.967
LOKIASV2_1460_ESMFold_hypothetical_protein	af_Q9NQG7_19_148_3.30.450.70	af_Q9NQG7_19_148_3.30.450.70	2.171E-02	0.986	81	20	128	140	21	127	130	113	0.779	0.823
LOKIASV2_1460_ESMFold_hypothetical_protein	af_A4IBZ7_1_137_3.30.450.30	af_A4IBZ7_1_137_3.30.450.30	9.342E-03	0.986	81	1	79	140	16	110	137	96	0.564	0.693
LOKIASV2_1460_ESMFold_hypothetical_protein	af_Q7EY72_15_152_3.30.450.70	af_Q7EY72_15_152_3.30.450.70	9.342E-03	0.986	81	12	125	140	14	137	138	128	0.814	0.899
LOKIASV2_1460_ESMFold_hypothetical_protein	af_Q54II6_8_148_3.30.450.30	af_Q54II6_8_148_3.30.450.30	5.932E-03	0.986	81	2	91	140	24	139	141	117	0.643	0.823
LOKIASV2_1460_ESMFold_hypothetical_protein	af_Q9Y7J2_1_157_3.30.450.30	af_Q9Y7J2_1_157_3.30.450.30	2.724E-03	0.986	81	1	91	140	16	147	157	132	0.650	0.841
LOKIASV2_1460_ESMFold_hypothetical_protein	2j3wC00	2j3wC00	1.907E-02	0.984	80	6	128	140	8	131	135	133	0.879	0.919
LOKIASV2_1460_ESMFold_hypothetical_protein	af_Q4DGD5_217_360_3.30.450.190	af_Q4DGD5_217_360_3.30.450.190	8.205E-03	0.981	79	4	96	140	15	143	144	133	0.664	0.896
LOKIASV2_1460_ESMFold_hypothetical_protein	af_Q4DS88_1_145_3.30.450.50	af_Q4DS88_1_145_3.30.450.50	9.968E-03	0.981	79	2	101	140	1	110	145	116	0.714	0.759
LOKIASV2_1460_ESMFold_hypothetical_protein	af_Q94241_1_126_3.30.450.50	af_Q94241_1_126_3.30.450.50	3.892E-02	0.978	78	4	105	140	1	103	126	106	0.729	0.817
LOKIASV2_1460_ESMFold_hypothetical_protein	af_A4HVT5_224_362_3.30.450.190	af_A4HVT5_224_362_3.30.450.190	7.690E-03	0.978	78	4	101	140	16	130	139	119	0.700	0.827
LOKIASV2_1460_ESMFold_hypothetical_protein	af_Q54DY3_5_86_3.30.450.30	af_Q54DY3_5_86_3.30.450.30	2.316E-02	0.975	77	2	74	140	4	81	82	81	0.521	0.951
LOKIASV2_1460_ESMFold_hypothetical_protein	af_Q9USZ5_1_136_3.30.450.70	af_Q9USZ5_1_136_3.30.450.70	1.471E-02	0.975	77	6	128	140	4	134	136	140	0.879	0.963
LOKIASV2_1460_ESMFold_hypothetical_protein	af_Q3E830_1_75_3.40.1840.10	af_Q3E830_1_75_3.40.1840.10	2.814E-02	0.971	76	3	76	140	8	72	75	79	0.529	0.867
LOKIASV2_1460_ESMFold_hypothetical_protein	af_O17268_1_94_3.30.450.30	af_O17268_1_94_3.30.450.30	9.342E-03	0.971	76	2	75	140	16	92	94	81	0.529	0.819
LOKIASV2_1460_ESMFold_hypothetical_protein	af_Q54II6_7_124_3.30.450.30	af_Q54II6_7_124_3.30.450.30	1.471E-02	0.971	76	2	75	140	25	114	118	91	0.529	0.763
LOKIASV2_1460_ESMFold_hypothetical_protein	af_Q9MAS5_1_127_3.30.450.50	af_Q9MAS5_1_127_3.30.450.50	1.211E-02	0.971	76	3	124	140	5	124	127	135	0.871	0.945
LOKIASV2_1460_ESMFold_hypothetical_protein	af_A1Z8I0_1_138_3.30.450.70	af_A1Z8I0_1_138_3.30.450.70	3.003E-02	0.971	76	4	99	140	2	109	138	109	0.686	0.783
LOKIASV2_1460_ESMFold_hypothetical_protein	af_Q6YZI8_1_149_3.30.450.50	af_Q6YZI8_1_149_3.30.450.50	1.471E-02	0.971	76	3	129	140	7	135	149	141	0.907	0.866
LOKIASV2_1460_ESMFold_hypothetical_protein	af_P77473_37_243_3.30.450.20	af_P77473_37_243_3.30.450.20	6.754E-03	0.971	76	6	88	140	137	206	207	84	0.593	0.338
LOKIASV2_1460_ESMFold_hypothetical_protein	af_Q55FT0_10_134_3.30.450.30	af_Q55FT0_10_134_3.30.450.30	2.035E-02	0.967	75	3	99	140	14	123	125	117	0.693	0.880
LOKIASV2_1460_ESMFold_hypothetical_protein	af_Q4D7P3_1_134_3.30.450.30	af_Q4D7P3_1_134_3.30.450.30	5.211E-03	0.967	75	1	75	140	16	105	134	92	0.536	0.672
LOKIASV2_1460_ESMFold_hypothetical_protein	af_O60073_1_137_3.30.450.50	af_O60073_1_137_3.30.450.50	1.292E-02	0.967	75	2	119	140	1	133	137	140	0.843	0.971
LOKIASV2_1460_ESMFold_hypothetical_protein	af_Q54CU7_1_139_3.30.450.70	af_Q54CU7_1_139_3.30.450.70	2.472E-02	0.967	75	1	101	140	1	114	139	115	0.721	0.820
LOKIASV2_1460_ESMFold_hypothetical_protein	3pr6A00	3pr6A00	1.675E-02	0.967	75	4	126	140	1	134	143	142	0.879	0.937
LOKIASV2_1460_ESMFold_hypothetical_protein	af_P59780_1_156_3.30.450.60	af_P59780_1_156_3.30.450.60	1.379E-02	0.967	75	4	134	140	2	155	156	159	0.936	0.987
LOKIASV2_1460_ESMFold_hypothetical_protein	af_Q4DK24_2_180_3.30.450.60	af_Q4DK24_2_180_3.30.450.60	3.531E-03	0.967	75	4	109	140	2	147	179	152	0.757	0.816
LOKIASV2_1460_ESMFold_hypothetical_protein	af_Q9VJ18_1_97_3.30.450.30	af_Q9VJ18_1_97_3.30.450.30	1.379E-02	0.961	74	1	76	140	16	94	97	86	0.543	0.814
LOKIASV2_1460_ESMFold_hypothetical_protein	af_B6T9E2_1_149_3.30.450.50	af_B6T9E2_1_149_3.30.450.50	3.204E-02	0.961	74	2	107	140	1	123	149	126	0.757	0.826
LOKIASV2_1460_ESMFold_hypothetical_protein	af_Q6ZC59_24_148_3.30.450.50	af_Q6ZC59_24_148_3.30.450.50	2.171E-02	0.949	72	6	125	140	16	122	125	122	0.857	0.856
LOKIASV2_1460_ESMFold_hypothetical_protein	af_P38273_1_126_3.10.110.10	af_P38273_1_126_3.10.110.10	2.035E-02	0.949	72	2	97	140	1	120	126	122	0.686	0.952
LOKIASV2_1460_ESMFold_hypothetical_protein	1nrjA00	1nrjA00	1.135E-02	0.949	72	4	111	140	2	120	147	127	0.771	0.810
LOKIASV2_1460_ESMFold_hypothetical_protein	af_Q803R2_24_416_3.30.450.70	af_Q803R2_24_416_3.30.450.70	2.035E-02	0.949	72	12	128	140	15	152	393	142	0.836	0.351
LOKIASV2_1460_ESMFold_hypothetical_protein	af_Q4DDN8_1_121_3.30.450.50	af_Q4DDN8_1_121_3.30.450.50	4.153E-02	0.933	70	2	95	140	1	90	121	102	0.671	0.744
LOKIASV2_1460_ESMFold_hypothetical_protein	af_Q54BK5_1_127_3.30.450.50	af_Q54BK5_1_127_3.30.450.50	2.472E-02	0.933	70	2	118	140	1	119	127	130	0.836	0.937
LOKIASV2_1460_ESMFold_hypothetical_protein	af_Q9STP2_1_128_3.30.450.50	af_Q9STP2_1_128_3.30.450.50	1.787E-02	0.933	70	3	125	140	7	127	128	134	0.879	0.945
LOKIASV2_1460_ESMFold_hypothetical_protein	af_Q54DY3_12_87_3.30.450.30	af_Q54DY3_12_87_3.30.450.30	6.978E-02	0.912	68	7	76	140	2	76	76	78	0.500	0.987
LOKIASV2_1460_ESMFold_hypothetical_protein	af_Q54M79_16_215_3.30.450.50	af_Q54M79_16_215_3.30.450.50	1.846E-01	0.912	68	20	123	140	1	99	200	104	0.743	0.495
LOKIASV2_1460_ESMFold_hypothetical_protein	af_C0Z274_15_494_3.30.450.70	af_C0Z274_15_494_3.30.450.70	6.539E-02	0.912	68	7	125	140	3	138	480	141	0.850	0.283
LOKIASV2_1460_ESMFold_hypothetical_protein	4ftxA01	4ftxA01	1.064E-02	0.900	67	4	98	140	2	122	132	124	0.679	0.917
LOKIASV2_1460_ESMFold_hypothetical_protein	af_C0H5D3_14_160_3.30.450.50	af_C0H5D3_14_160_3.30.450.50	4.431E-02	0.887	66	1	98	140	3	110	147	113	0.700	0.735
LOKIASV2_1460_ESMFold_hypothetical_protein	af_A0A1D6F4L4_69_225_3.30.450.70	af_A0A1D6F4L4_69_225_3.30.450.70	6.129E-02	0.887	66	6	128	140	8	155	157	156	0.879	0.943
LOKIASV2_1460_ESMFold_hypothetical_protein	af_Q7K7A5_6_139_3.30.450.200	af_Q7K7A5_6_139_3.30.450.200	3.204E-02	0.872	65	3	105	140	8	122	134	121	0.736	0.858
LOKIASV2_1460_ESMFold_hypothetical_protein	af_Q54ES8_1_143_3.30.450.50	af_Q54ES8_1_143_3.30.450.50	5.744E-02	0.872	65	2	111	140	1	116	143	121	0.786	0.811
LOKIASV2_1460_ESMFold_hypothetical_protein	af_Q69BT7_103_208_3.30.450.70	af_Q69BT7_103_208_3.30.450.70	3.768E-01	0.855	64	30	98	140	8	77	106	73	0.493	0.660
LOKIASV2_1460_ESMFold_hypothetical_protein	af_Q54RH4_7_121_3.30.450.30	af_Q54RH4_7_121_3.30.450.30	1.424E-01	0.855	64	1	98	140	9	114	115	116	0.700	0.922
LOKIASV2_1460_ESMFold_hypothetical_protein	af_A4HZC6_1_133_3.30.450.50	af_A4HZC6_1_133_3.30.450.50	3.648E-02	0.855	64	3	118	140	11	131	133	139	0.829	0.910
LOKIASV2_1460_ESMFold_hypothetical_protein	2nupC00	2nupC00	1.424E-01	0.855	64	6	98	140	4	92	137	96	0.664	0.650
LOKIASV2_1460_ESMFold_hypothetical_protein	af_A0A1D6E563_723_841_3.30.450.60	af_A0A1D6E563_723_841_3.30.450.60	1.030E-01	0.837	63	38	108	140	14	85	119	75	0.507	0.605
LOKIASV2_1460_ESMFold_hypothetical_protein	af_Q9W0F0_5_104_3.30.450.30	af_Q9W0F0_5_104_3.30.450.30	1.030E-01	0.817	62	3	75	140	22	99	100	82	0.521	0.780
LOKIASV2_1460_ESMFold_hypothetical_protein	af_A4ID71_16_123_3.30.450.70	af_A4ID71_16_123_3.30.450.70	1.099E-01	0.817	62	6	101	140	2	108	108	110	0.686	0.991
LOKIASV2_1460_ESMFold_hypothetical_protein	af_Q5NB88_5_121_3.30.450.50	af_Q5NB88_5_121_3.30.450.50	3.003E-02	0.817	62	1	105	140	1	101	117	114	0.750	0.863
LOKIASV2_1460_ESMFold_hypothetical_protein	af_Q55DI8_14_138_3.30.450.30	af_Q55DI8_14_138_3.30.450.30	3.648E-02	0.817	62	2	79	140	11	101	125	98	0.557	0.728
LOKIASV2_1460_ESMFold_hypothetical_protein	af_A0A1D6L964_40_173_3.30.450.60	af_A0A1D6L964_40_173_3.30.450.60	2.637E-02	0.817	62	30	140	140	5	134	134	133	0.793	0.970
LOKIASV2_1460_ESMFold_hypothetical_protein	af_O13732_2_145_3.30.450.70	af_O13732_2_145_3.30.450.70	1.424E-01	0.817	62	3	128	140	4	143	144	145	0.900	0.972
LOKIASV2_1460_ESMFold_hypothetical_protein	af_A0A1D8PMJ9_19_220_3.30.450.70	af_A0A1D8PMJ9_19_220_3.30.450.70	1.135E-02	0.817	62	1	111	140	3	173	202	172	0.793	0.847
LOKIASV2_1460_ESMFold_hypothetical_protein	2gnxA02	2gnxA02	1.172E-01	0.795	61	2	91	140	13	102	106	96	0.643	0.849
LOKIASV2_1460_ESMFold_hypothetical_protein	af_Q9SKS7_1_137_3.30.450.70	af_Q9SKS7_1_137_3.30.450.70	9.651E-02	0.795	61	4	104	140	2	110	137	113	0.721	0.796
LOKIASV2_1460_ESMFold_hypothetical_protein	af_Q54IQ5_13_383_3.30.450.70	af_Q54IQ5_13_383_3.30.450.70	9.651E-02	0.795	61	6	76	140	2	80	371	82	0.507	0.213
LOKIASV2_1460_ESMFold_hypothetical_protein	af_Q99KG7_51_226_3.30.450.50	af_Q99KG7_51_226_3.30.450.50	4.290E-01	0.772	60	30	127	140	2	98	176	100	0.700	0.551
LOKIASV2_1460_ESMFold_hypothetical_protein	2grgA01	2grgA01	1.424E-01	0.747	59	3	77	140	13	82	83	78	0.536	0.843
LOKIASV2_1460_ESMFold_hypothetical_protein	af_Q4DNI0_193_354_3.30.450.190	af_Q4DNI0_193_354_3.30.450.190	9.045E-02	0.747	59	4	101	140	18	161	162	145	0.700	0.889
LOKIASV2_1460_ESMFold_hypothetical_protein	af_A1Z7Q5_1_148_3.30.450.200	af_A1Z7Q5_1_148_3.30.450.200	5.045E-02	0.720	58	4	123	140	13	138	148	149	0.857	0.851
LOKIASV2_1460_ESMFold_hypothetical_protein	af_Q4D9Y1_1_92_3.30.450.30	af_Q4D9Y1_1_92_3.30.450.30	1.030E-01	0.692	57	3	75	140	16	90	92	79	0.521	0.815
LOKIASV2_1460_ESMFold_hypothetical_protein	af_Q5A920_1_150_3.30.450.70	af_Q5A920_1_150_3.30.450.70	1.030E-01	0.692	57	6	99	140	6	121	150	118	0.671	0.773
LOKIASV2_1460_ESMFold_hypothetical_protein	af_Q21045_3_172_3.30.450.70	af_Q21045_3_172_3.30.450.70	5.045E-02	0.663	56	7	99	140	2	137	170	144	0.664	0.800
LOKIASV2_1460_ESMFold_hypothetical_protein	af_Q8IM42_18_182_3.30.450.70	af_Q8IM42_18_182_3.30.450.70	1.251E-01	0.632	55	4	76	140	2	121	165	122	0.521	0.727
LOKIASV2_1460_ESMFold_hypothetical_protein	af_Q7JQ02_6_101_3.30.450.30	af_Q7JQ02_6_101_3.30.450.30	1.520E-01	0.601	54	2	76	140	17	96	96	87	0.536	0.833
LOKIASV2_1460_ESMFold_hypothetical_protein	af_A5Z2U7_9_125_3.30.450.30	af_A5Z2U7_9_125_3.30.450.30	3.648E-02	0.569	53	1	91	140	11	115	117	116	0.650	0.897
LOKIASV2_1460_ESMFold_hypothetical_protein	af_A0A1D6G7P9_251_373_3.30.450.50	af_A0A1D6G7P9_251_373_3.30.450.50	2.553E-01	0.569	53	6	134	140	4	122	123	134	0.921	0.967
LOKIASV2_1460_ESMFold_hypothetical_protein	af_G4SNB8_1_135_3.30.450.70	af_G4SNB8_1_135_3.30.450.70	3.310E-01	0.569	53	1	100	140	1	105	135	107	0.714	0.778
LOKIASV2_1460_ESMFold_hypothetical_protein	af_P32701_38_243_3.30.450.20	af_P32701_38_243_3.30.450.20	1.172E-01	0.537	52	6	87	140	136	204	206	83	0.586	0.335
LOKIASV2_1460_ESMFold_hypothetical_protein	3r7wD02	3r7wD02	1.970E-01	0.505	51	3	100	140	14	114	114	109	0.700	0.886
LOKIASV2_1460_ESMFold_hypothetical_protein	af_Q54VE6_6_119_3.30.450.30	af_Q54VE6_6_119_3.30.450.30	2.725E-01	0.442	49	1	76	140	12	97	114	90	0.543	0.754
LOKIASV2_1460_ESMFold_hypothetical_protein	af_A0A1D6IPQ7_2_163_3.30.450.70	af_A0A1D6IPQ7_2_163_3.30.450.70	4.290E-01	0.442	49	6	122	140	3	161	162	164	0.836	0.981
LOKIASV2_1460_ESMFold_hypothetical_protein	af_Q6P3S1_1_143_3.30.450.200	af_Q6P3S1_1_143_3.30.450.200	2.907E-01	0.411	48	3	98	140	12	120	143	115	0.686	0.762
LOKIASV2_1460_ESMFold_hypothetical_protein	af_C4J9G3_1_149_3.30.450.50	af_C4J9G3_1_149_3.30.450.50	1.520E-01	0.382	47	3	105	140	7	119	149	123	0.736	0.758
LOKIASV2_1460_ESMFold_hypothetical_protein	af_Q8IE05_11_162_3.30.450.70	af_Q8IE05_11_162_3.30.450.70	3.768E-01	0.382	47	6	99	140	7	122	152	117	0.671	0.763
LOKIASV2_1460_ESMFold_hypothetical_protein	af_A0A1D6MZZ0_336_610_3.30.450.30	af_A0A1D6MZZ0_336_610_3.30.450.30	2.393E-01	0.382	47	3	98	140	164	267	275	107	0.686	0.378
LOKIASV2_1460_ESMFold_hypothetical_protein	af_Q558X8_9_133_3.30.450.30	af_Q558X8_9_133_3.30.450.30	1.335E-01	0.353	46	2	91	140	15	122	125	117	0.643	0.864
LOKIASV2_1460_ESMFold_hypothetical_protein	af_Q4DSX3_5_189_3.30.450.70	af_Q4DSX3_5_189_3.30.450.70	3.102E-01	0.353	46	4	99	140	7	156	185	151	0.686	0.811
LOKIASV2_1460_ESMFold_hypothetical_protein	af_F1R8C1_1_388_3.30.450.50	af_F1R8C1_1_388_3.30.450.50	2.907E-01	0.353	46	2	91	140	270	372	388	108	0.643	0.265
LOKIASV2_1460_ESMFold_hypothetical_protein	3lieB03	3lieB03	1.846E-01	0.326	45	6	76	140	9	86	94	80	0.507	0.830
LOKIASV2_1460_ESMFold_hypothetical_protein	af_P0DMC5_1_445_3.30.450.20	af_P0DMC5_1_445_3.30.450.20	2.472E-02	0.326	45	6	129	140	243	361	445	145	0.886	0.267
LOKIASV2_1460_ESMFold_hypothetical_protein	af_I1MCG5_8_142_3.30.450.60	af_I1MCG5_8_142_3.30.450.60	9.970E-01	0.254	42	5	109	140	2	105	135	114	0.750	0.770
LOKIASV2_1460_ESMFold_hypothetical_protein	af_P37047_6_139_3.30.450.40	af_P37047_6_139_3.30.450.40	4.021E-01	0.214	40	6	140	140	20	134	134	146	0.964	0.858
LOKIASV2_1460_ESMFold_hypothetical_protein	af_Q9XVL8_34_352_3.30.450.70	af_Q9XVL8_34_352_3.30.450.70	1.471E+00	0.196	39	8	127	140	2	154	319	156	0.857	0.480
LOKIASV2_1460_ESMFold_hypothetical_protein	af_Q0JBY0_4_117_3.30.450.70	af_Q0JBY0_4_117_3.30.450.70	1.675E+00	0.179	38	29	128	140	11	112	114	106	0.714	0.895
LOKIASV2_1460_ESMFold_hypothetical_protein	af_Q54BL4_12_123_3.30.450.30	af_Q54BL4_12_123_3.30.450.30	7.209E-01	0.164	37	4	91	140	7	111	112	114	0.629	0.938
LOKIASV2_1460_ESMFold_hypothetical_protein	af_C4IZU7_1_306_3.30.450.70	af_C4IZU7_1_306_3.30.450.70	1.970E-01	0.164	37	3	89	140	7	150	306	146	0.621	0.471
LOKIASV2_1460_ESMFold_hypothetical_protein	2m1cB00	2m1cB00	1.471E+00	0.138	35	1	76	140	32	112	113	86	0.543	0.717
LOKIASV2_1460_ESMFold_hypothetical_protein	af_A0A0P0YAS5_1_169_3.30.450.70	af_A0A0P0YAS5_1_169_3.30.450.70	2.907E-01	0.138	35	3	89	140	7	142	169	138	0.621	0.805
LOKIASV2_1460_ESMFold_hypothetical_protein	af_Q55FT6_163_340_3.30.450.200	af_Q55FT6_163_340_3.30.450.200	2.102E-01	0.138	35	1	134	140	7	177	178	196	0.957	0.961
LOKIASV2_1460_ESMFold_hypothetical_protein	1tgqA00	1tgqA00	8.757E-01	0.126	34	1	76	140	14	91	96	85	0.543	0.812
LOKIASV2_1460_ESMFold_hypothetical_protein	af_I1MRB2_6_205_3.30.70.890	af_I1MRB2_6_205_3.30.70.890	5.561E-01	0.126	34	4	89	140	8	145	200	142	0.614	0.690
LOKIASV2_1460_ESMFold_hypothetical_protein	af_Q57842_365_443_3.30.310.50	af_Q57842_365_443_3.30.310.50	8.207E-01	0.106	32	40	91	140	19	76	79	58	0.371	0.734
LOKIASV2_1460_ESMFold_hypothetical_protein	3ogdA01	3ogdA01	5.744E-02	0.106	32	1	112	140	1	105	118	126	0.800	0.890
LOKIASV2_1460_ESMFold_hypothetical_protein	3by9B01	3by9B01	4.290E-01	0.106	32	6	76	140	38	128	130	97	0.507	0.700
LOKIASV2_1460_ESMFold_hypothetical_protein	af_P24218_1_54_3.30.160.60	af_P24218_1_54_3.30.160.60	1.379E+00	0.098	31	50	111	140	1	54	54	62	0.443	1.000
LOKIASV2_1460_ESMFold_hypothetical_protein	4exoA00	4exoA00	1.787E+00	0.098	31	2	76	140	50	138	142	99	0.536	0.627
LOKIASV2_1460_ESMFold_hypothetical_protein	af_A1ZAX8_68_253_3.30.450.50	af_A1ZAX8_68_253_3.30.450.50	4.432E+00	0.098	31	33	134	140	3	104	186	108	0.729	0.548
LOKIASV2_1460_ESMFold_hypothetical_protein	af_Q9TXP3_1642_1744_2.30.29.30	af_Q9TXP3_1642_1744_2.30.29.30	3.419E+00	0.090	30	48	94	140	58	102	103	47	0.336	0.437
LOKIASV2_1460_ESMFold_hypothetical_protein	af_G5EG74_461_625_3.30.450.20	af_G5EG74_461_625_3.30.450.20	2.638E+00	0.090	30	26	76	140	111	163	165	53	0.364	0.321
LOKIASV2_1460_ESMFold_hypothetical_protein	af_Q54C52_488_582_2.30.29.30	af_Q54C52_488_582_2.30.29.30	2.317E+00	0.082	29	48	91	140	48	94	95	47	0.314	0.495
LOKIASV2_1460_ESMFold_hypothetical_protein	3c8cB01	3c8cB01	1.211E+00	0.082	29	7	88	140	48	122	125	89	0.586	0.600
LOKIASV2_1460_ESMFold_hypothetical_protein	af_Q60E22_12_149_3.30.450.30	af_Q60E22_12_149_3.30.450.30	5.212E-01	0.082	29	3	91	140	15	135	138	129	0.636	0.877
LOKIASV2_1460_ESMFold_hypothetical_protein	af_G5EEP4_1_146_2.30.29.30	af_G5EEP4_1_146_2.30.29.30	4.290E-01	0.082	29	2	126	140	3	138	146	161	0.893	0.932
LOKIASV2_1460_ESMFold_hypothetical_protein	af_D4A9H6_652_805_3.30.450.200	af_D4A9H6_652_805_3.30.450.200	8.207E-01	0.082	29	4	112	140	9	145	154	142	0.779	0.890
LOKIASV2_1460_ESMFold_hypothetical_protein	af_Q54NJ9_6_452_3.30.530.20	af_Q54NJ9_6_452_3.30.530.20	1.211E+00	0.082	29	4	140	140	1	171	447	180	0.979	0.383
LOKIASV2_1460_ESMFold_hypothetical_protein	af_A4IE45_18_126_2.30.29.30	af_A4IE45_18_126_2.30.29.30	2.035E+00	0.076	28	52	101	140	60	108	109	52	0.357	0.450
LOKIASV2_1460_ESMFold_hypothetical_protein	4r3aB01	4r3aB01	6.331E-01	0.076	28	22	124	140	41	142	143	114	0.736	0.713
LOKIASV2_1460_ESMFold_hypothetical_protein	4hboB00	4hboB00	7.692E-01	0.069	27	6	76	140	4	73	75	79	0.507	0.933
LOKIASV2_1460_ESMFold_hypothetical_protein	af_Q58500_360_446_3.30.310.50	af_Q58500_360_446_3.30.310.50	1.907E+00	0.069	27	35	98	140	18	84	87	69	0.457	0.770
LOKIASV2_1460_ESMFold_hypothetical_protein	af_P37649_36_155_3.30.450.20	af_P37649_36_155_3.30.450.20	5.934E-01	0.069	27	4	87	140	47	119	120	89	0.600	0.608
LOKIASV2_1460_ESMFold_hypothetical_protein	af_C0PG86_1_93_2.30.29.30	af_C0PG86_1_93_2.30.29.30	6.130E+00	0.063	26	48	91	140	49	91	93	44	0.314	0.462
LOKIASV2_1460_ESMFold_hypothetical_protein	af_Q8IL56_13_105_2.30.29.30	af_Q8IL56_13_105_2.30.29.30	5.384E+00	0.063	26	52	87	140	48	86	93	39	0.257	0.419
LOKIASV2_1460_ESMFold_hypothetical_protein	af_O13819_1_94_2.30.29.30	af_O13819_1_94_2.30.29.30	4.729E+00	0.063	26	48	91	140	51	93	94	44	0.314	0.457
LOKIASV2_1460_ESMFold_hypothetical_protein	af_Q54JF7_296_417_3.30.450.200	af_Q54JF7_296_417_3.30.450.200	2.171E+00	0.063	26	1	93	140	1	121	122	122	0.664	0.992
LOKIASV2_1460_ESMFold_hypothetical_protein	3libF01	3libF01	3.893E+00	0.063	26	7	88	140	43	131	133	92	0.586	0.669
LOKIASV2_1460_ESMFold_hypothetical_protein	4d60A00	4d60A00	6.979E+00	0.063	26	52	100	140	112	161	161	50	0.350	0.311
LOKIASV2_1460_ESMFold_hypothetical_protein	af_P30855_519_685_3.30.450.20	af_P30855_519_685_3.30.450.20	8.207E-01	0.063	26	6	76	140	70	166	167	97	0.507	0.581
LOKIASV2_1460_ESMFold_hypothetical_protein	af_Q3EBC8_1322_1388_3.30.160.20	af_Q3EBC8_1322_1388_3.30.160.20	5.046E+00	0.057	25	37	99	140	5	64	67	63	0.450	0.896
LOKIASV2_1460_ESMFold_hypothetical_protein	4adgA01	4adgA01	5.046E+00	0.057	25	51	77	140	50	75	81	27	0.193	0.321
LOKIASV2_1460_ESMFold_hypothetical_protein	af_Q5RHK5_4_99_2.30.29.30	af_Q5RHK5_4_99_2.30.29.30	7.946E+00	0.057	25	48	91	140	53	95	96	44	0.314	0.448
LOKIASV2_1460_ESMFold_hypothetical_protein	af_P37008_16_114_3.30.450.20	af_P37008_16_114_3.30.450.20	7.946E+00	0.057	25	6	81	140	4	94	99	91	0.543	0.919
LOKIASV2_1460_ESMFold_hypothetical_protein	af_K7VAF1_181_296_3.30.9.60	af_K7VAF1_181_296_3.30.9.60	2.472E+00	0.057	25	6	75	140	8	62	116	72	0.500	0.474
LOKIASV2_1460_ESMFold_hypothetical_protein	af_P0DOC7_222_364_3.30.450.20	af_P0DOC7_222_364_3.30.450.20	1.135E+00	0.057	25	4	101	140	10	132	143	131	0.700	0.860
LOKIASV2_1460_ESMFold_hypothetical_protein	af_O02626_1_196_3.30.450.200	af_O02626_1_196_3.30.450.200	2.472E+00	0.057	25	3	107	140	12	180	196	174	0.750	0.862
LOKIASV2_1460_ESMFold_hypothetical_protein	af_Q2FZG1_1_273_3.40.33.10	af_Q2FZG1_1_273_3.40.33.10	4.729E+00	0.057	25	52	78	140	97	124	273	28	0.193	0.103
LOKIASV2_1460_ESMFold_hypothetical_protein	af_P46139_45_146_3.30.450.20	af_P46139_45_146_3.30.450.20	1.211E+00	0.051	24	4	76	140	45	102	102	74	0.521	0.569
LOKIASV2_1460_ESMFold_hypothetical_protein	3c6kC01	3c6kC01	5.046E+00	0.051	24	52	98	140	44	90	104	48	0.336	0.452
LOKIASV2_1460_ESMFold_hypothetical_protein	af_Q4E5R8_249_360_2.30.29.30	af_Q4E5R8_249_360_2.30.29.30	8.479E+00	0.051	24	55	91	140	73	109	112	37	0.264	0.330
LOKIASV2_1460_ESMFold_hypothetical_protein	af_P17426_865_977_3.30.310.10	af_P17426_865_977_3.30.310.10	2.472E+00	0.051	24	52	91	140	67	111	113	45	0.286	0.398
LOKIASV2_1460_ESMFold_hypothetical_protein	af_Q5KQH1_111_228_2.30.29.30	af_Q5KQH1_111_228_2.30.29.30	5.384E+00	0.051	24	50	90	140	75	117	118	44	0.293	0.364
LOKIASV2_1460_ESMFold_hypothetical_protein	4gouA02	4gouA02	3.205E+00	0.051	24	51	91	140	115	155	156	43	0.293	0.263
LOKIASV2_1460_ESMFold_hypothetical_protein	1wqaD04	1wqaD04	2.638E+00	0.045	23	38	91	140	20	82	85	64	0.386	0.741
LOKIASV2_1460_ESMFold_hypothetical_protein	af_E7FFX1_282_415_3.30.450.20	af_E7FFX1_282_415_3.30.450.20	1.064E+00	0.045	23	4	99	140	3	129	134	132	0.686	0.948
LOKIASV2_1460_ESMFold_hypothetical_protein	af_P71988_58_392_3.40.710.10	af_P71988_58_392_3.40.710.10	6.541E+00	0.045	23	52	88	140	295	333	335	39	0.264	0.116
LOKIASV2_1460_ESMFold_hypothetical_protein	2pliD00	2pliD00	4.432E+00	0.040	22	40	76	140	41	79	80	39	0.264	0.488
LOKIASV2_1460_ESMFold_hypothetical_protein	af_Q9W486_429_531_2.30.29.30	af_Q9W486_429_531_2.30.29.30	3.205E+00	0.040	22	50	100	140	50	103	103	54	0.364	0.524
LOKIASV2_1460_ESMFold_hypothetical_protein	3lieA02	3lieA02	2.472E+00	0.040	22	4	85	140	32	126	127	103	0.586	0.748
LOKIASV2_1460_ESMFold_hypothetical_protein	af_A0A1B0GT24_11_144_3.30.450.30	af_A0A1B0GT24_11_144_3.30.450.30	3.003E+00	0.040	22	4	76	140	15	111	134	98	0.521	0.724
LOKIASV2_1460_ESMFold_hypothetical_protein	af_Q8IJ85_288_421_2.30.29.30	af_Q8IJ85_288_421_2.30.29.30	5.046E+00	0.040	22	52	91	140	88	129	134	42	0.286	0.313
LOKIASV2_1460_ESMFold_hypothetical_protein	af_O53260_84_218_2.40.370.10	af_O53260_84_218_2.40.370.10	7.946E+00	0.040	22	4	77	140	35	111	135	89	0.529	0.570
LOKIASV2_1460_ESMFold_hypothetical_protein	af_F1QW96_201_341_3.10.100.10	af_F1QW96_201_341_3.10.100.10	6.130E+00	0.040	22	31	64	140	2	35	141	34	0.243	0.241
LOKIASV2_1460_ESMFold_hypothetical_protein	3wwxA00	3wwxA00	7.946E+00	0.040	22	52	77	140	296	321	340	26	0.186	0.076
LOKIASV2_1460_ESMFold_hypothetical_protein	af_Q9FNY7_28_112_3.30.310.40	af_Q9FNY7_28_112_3.30.310.40	9.653E+00	0.034	21	52	90	140	46	84	85	39	0.279	0.459
LOKIASV2_1460_ESMFold_hypothetical_protein	af_F1LXK2_1_107_3.30.1370.10	af_F1LXK2_1_107_3.30.1370.10	3.003E+00	0.034	21	7	98	140	26	97	107	98	0.657	0.673
LOKIASV2_1460_ESMFold_hypothetical_protein	af_Q95YD4_225_333_2.30.29.30	af_Q95YD4_225_333_2.30.29.30	9.653E+00	0.034	21	57	98	140	60	101	109	42	0.300	0.385
LOKIASV2_1460_ESMFold_hypothetical_protein	af_Q587J8_3_123_3.30.1370.10	af_Q587J8_3_123_3.30.1370.10	7.946E+00	0.034	21	57	98	140	69	110	121	42	0.300	0.347
LOKIASV2_1460_ESMFold_hypothetical_protein	af_Q4D433_74_205_2.30.29.30	af_Q4D433_74_205_2.30.29.30	3.648E+00	0.034	21	49	107	140	74	129	132	59	0.421	0.424
LOKIASV2_1460_ESMFold_hypothetical_protein	af_Q9VCB1_211_364_2.40.290.30	af_Q9VCB1_211_364_2.40.290.30	5.046E+00	0.034	21	59	98	140	112	148	154	40	0.286	0.240
LOKIASV2_1460_ESMFold_hypothetical_protein	af_Q9GNF0_295_463_2.40.320.10	af_Q9GNF0_295_463_2.40.320.10	4.729E+00	0.034	21	53	92	140	112	151	169	40	0.286	0.237
LOKIASV2_1460_ESMFold_hypothetical_protein	af_A4I2I2_92_419_3.50.50.60	af_A4I2I2_92_419_3.50.50.60	3.648E+00	0.034	21	52	84	140	146	181	328	36	0.236	0.110
LOKIASV2_1460_ESMFold_hypothetical_protein	af_D3ZDI6_185_278_2.30.29.30	af_D3ZDI6_185_278_2.30.29.30	5.046E+00	0.029	20	48	76	140	36	70	94	35	0.207	0.372
LOKIASV2_1460_ESMFold_hypothetical_protein	2z0fB04	2z0fB04	4.729E+00	0.029	20	48	91	140	48	99	102	52	0.314	0.510
LOKIASV2_1460_ESMFold_hypothetical_protein	af_P91443_1989_2097_2.30.29.30	af_P91443_1989_2097_2.30.29.30	4.154E+00	0.029	20	52	100	140	50	101	109	53	0.350	0.477
LOKIASV2_1460_ESMFold_hypothetical_protein	af_A6NGQ2_20_131_3.30.1370.10	af_A6NGQ2_20_131_3.30.1370.10	3.419E+00	0.029	20	7	106	140	32	108	112	100	0.714	0.688
LOKIASV2_1460_ESMFold_hypothetical_protein	3d8eA00	3d8eA00	6.541E+00	0.029	20	57	101	140	79	123	123	45	0.321	0.366
LOKIASV2_1460_ESMFold_hypothetical_protein	af_O50455_48_179_3.30.460.20	af_O50455_48_179_3.30.460.20	9.047E+00	0.029	20	38	63	140	48	73	132	26	0.186	0.197
LOKIASV2_1460_ESMFold_hypothetical_protein	af_O61528_2004_2138_2.30.29.30	af_O61528_2004_2138_2.30.29.30	1.570E+00	0.029	20	51	111	140	61	134	135	74	0.436	0.548
LOKIASV2_1460_ESMFold_hypothetical_protein	af_A0A1D6FDV1_75_215_3.30.450.20	af_A0A1D6FDV1_75_215_3.30.450.20	2.638E+00	0.029	20	1	100	140	7	141	141	139	0.714	0.957
LOKIASV2_1460_ESMFold_hypothetical_protein	af_Q08457_2_147_2.40.290.30	af_Q08457_2_147_2.40.290.30	1.379E+00	0.029	20	19	98	140	66	138	146	91	0.571	0.500
LOKIASV2_1460_ESMFold_hypothetical_protein	5g4zA00	5g4zA00	5.384E+00	0.029	20	7	76	140	61	144	147	94	0.500	0.571
LOKIASV2_1460_ESMFold_hypothetical_protein	3dwlI02	3dwlI02	2.472E+00	0.029	20	40	139	140	51	142	151	107	0.714	0.609
LOKIASV2_1460_ESMFold_hypothetical_protein	af_A3KPP3_1_183_3.40.1000.10	af_A3KPP3_1_183_3.40.1000.10	9.047E+00	0.029	20	58	75	140	122	139	183	18	0.129	0.098
LOKIASV2_1460_ESMFold_hypothetical_protein	af_Q58684_21_248_3.30.450.380	af_Q58684_21_248_3.30.450.380	1.787E+00	0.029	20	17	125	140	5	115	228	116	0.779	0.487
LOKIASV2_1460_ESMFold_hypothetical_protein	af_Q7Z3S7_681_1110_3.30.450.20	af_Q7Z3S7_681_1110_3.30.450.20	4.432E+00	0.029	20	2	76	140	73	176	430	105	0.536	0.242
LOKIASV2_1460_ESMFold_hypothetical_protein	af_K7U098_3_60_3.30.730.10	af_K7U098_3_60_3.30.730.10	7.946E+00	0.024	19	52	94	140	5	53	58	49	0.307	0.845
LOKIASV2_1460_ESMFold_hypothetical_protein	af_Q54TE6_385_467_3.30.310.50	af_Q54TE6_385_467_3.30.310.50	2.638E+00	0.024	19	40	91	140	18	78	83	62	0.371	0.735
LOKIASV2_1460_ESMFold_hypothetical_protein	af_Q96NE9_230_330_2.30.29.30	af_Q96NE9_230_330_2.30.29.30	5.046E+00	0.024	19	47	98	140	46	97	101	53	0.371	0.515
LOKIASV2_1460_ESMFold_hypothetical_protein	af_A0A0P0V256_35_143_2.30.29.30	af_A0A0P0V256_35_143_2.30.29.30	7.447E+00	0.024	19	52	97	140	61	105	109	46	0.329	0.413
LOKIASV2_1460_ESMFold_hypothetical_protein	af_Q7KVD1_2141_2263_2.30.29.30	af_Q7KVD1_2141_2263_2.30.29.30	3.893E+00	0.024	19	53	99	140	63	115	123	53	0.336	0.431
LOKIASV2_1460_ESMFold_hypothetical_protein	2y8fD00	2y8fD00	2.815E+00	0.024	19	52	98	140	76	129	133	54	0.336	0.406
LOKIASV2_1460_ESMFold_hypothetical_protein	af_O00213_366_512_2.30.29.30	af_O00213_366_512_2.30.29.30	4.729E+00	0.024	19	57	98	140	98	140	147	43	0.300	0.293
LOKIASV2_1460_ESMFold_hypothetical_protein	af_O14241_131_317_3.30.1460.20	af_O14241_131_317_3.30.1460.20	6.979E+00	0.024	19	69	139	140	107	164	187	72	0.507	0.310
LOKIASV2_1460_ESMFold_hypothetical_protein	af_P53731_146_339_3.30.1460.20	af_P53731_146_339_3.30.1460.20	7.447E+00	0.024	19	70	139	140	107	163	194	72	0.500	0.294
LOKIASV2_1460_ESMFold_hypothetical_protein	5w14B00	5w14B00	9.653E+00	0.024	19	52	77	140	313	338	359	26	0.186	0.072
LOKIASV2_1460_ESMFold_hypothetical_protein	af_P45758_190_260_3.30.1370.120	af_P45758_190_260_3.30.1370.120	4.729E+00	0.020	18	34	92	140	16	69	71	59	0.421	0.761
LOKIASV2_1460_ESMFold_hypothetical_protein	af_P77397_195_276_3.50.50.60	af_P77397_195_276_3.50.50.60	5.384E+00	0.020	18	47	92	140	13	66	82	55	0.329	0.659
LOKIASV2_1460_ESMFold_hypothetical_protein	af_Q54K08_225_309_3.50.50.60	af_Q54K08_225_309_3.50.50.60	7.946E+00	0.020	18	52	91	140	23	68	85	47	0.286	0.541
LOKIASV2_1460_ESMFold_hypothetical_protein	af_F1QTP6_122_221_2.30.29.30	af_F1QTP6_122_221_2.30.29.30	7.447E+00	0.020	18	50	91	140	56	98	100	43	0.300	0.430
LOKIASV2_1460_ESMFold_hypothetical_protein	af_P40157_234_334_1.20.140.150	af_P40157_234_334_1.20.140.150	5.046E+00	0.020	18	50	91	140	55	98	101	44	0.300	0.436
LOKIASV2_1460_ESMFold_hypothetical_protein	af_Q54DF2_950_1060_3.30.310.80	af_Q54DF2_950_1060_3.30.310.80	3.648E+00	0.020	18	52	91	140	60	104	111	45	0.286	0.405
LOKIASV2_1460_ESMFold_hypothetical_protein	af_Q8BGD7_216_336_3.30.450.20	af_Q8BGD7_216_336_3.30.450.20	6.979E+00	0.020	18	6	94	140	4	119	121	116	0.636	0.959
LOKIASV2_1460_ESMFold_hypothetical_protein	af_A0A1D6M4T7_17_138_3.40.395.10	af_A0A1D6M4T7_17_138_3.40.395.10	5.745E+00	0.020	18	37	105	140	9	82	122	78	0.493	0.607
LOKIASV2_1460_ESMFold_hypothetical_protein	af_I1L0S6_10_131_2.30.29.30	af_I1L0S6_10_131_2.30.29.30	4.432E+00	0.020	18	1	107	140	2	116	122	135	0.764	0.943
LOKIASV2_1460_ESMFold_hypothetical_protein	2rgnE02	2rgnE02	2.472E+00	0.020	18	58	140	140	62	123	123	85	0.593	0.504
LOKIASV2_1460_ESMFold_hypothetical_protein	af_A0A0R4IPY6_1_125_2.30.29.110	af_A0A0R4IPY6_1_125_2.30.29.110	6.130E+00	0.020	18	48	91	140	78	120	125	44	0.314	0.344
LOKIASV2_1460_ESMFold_hypothetical_protein	af_Q9VP46_1_132_3.30.450.50	af_Q9VP46_1_132_3.30.450.50	3.205E+00	0.020	18	5	121	140	22	119	132	120	0.836	0.742
LOKIASV2_1460_ESMFold_hypothetical_protein	af_F1R7F5_27_165_3.90.1520.10	af_F1R7F5_27_165_3.90.1520.10	9.653E+00	0.020	18	15	55	140	89	126	139	41	0.293	0.273
LOKIASV2_1460_ESMFold_hypothetical_protein	4bquB00	4bquB00	4.154E+00	0.020	18	40	90	140	79	134	149	57	0.364	0.376
LOKIASV2_1460_ESMFold_hypothetical_protein	af_Q4DRL1_367_525_3.40.1000.10	af_Q4DRL1_367_525_3.40.1000.10	9.047E+00	0.020	18	52	90	140	113	152	159	43	0.279	0.252
LOKIASV2_1460_ESMFold_hypothetical_protein	3ub9B00	3ub9B00	9.653E+00	0.020	18	7	92	140	63	164	165	106	0.614	0.618
LOKIASV2_1460_ESMFold_hypothetical_protein	af_Q54SD6_122_343_3.30.428.70	af_Q54SD6_122_343_3.30.428.70	5.046E+00	0.020	18	27	81	140	116	172	222	60	0.393	0.257
LOKIASV2_1460_ESMFold_hypothetical_protein	af_Q9VWX4_46_410_1.20.1070.10	af_Q9VWX4_46_410_1.20.1070.10	1.675E+00	0.020	18	27	133	140	134	227	365	110	0.764	0.258
LOKIASV2_1460_ESMFold_hypothetical_protein	2y6qB00	2y6qB00	5.745E+00	0.020	18	6	98	140	179	251	368	99	0.664	0.198
LOKIASV2_1460_ESMFold_hypothetical_protein	5bmpA04	5bmpA04	6.130E+00	0.016	17	36	91	140	15	79	83	65	0.400	0.783
LOKIASV2_1460_ESMFold_hypothetical_protein	af_M0R9C6_63_150_3.30.1370.10	af_M0R9C6_63_150_3.30.1370.10	4.432E+00	0.016	17	36	107	140	24	82	88	72	0.514	0.670
LOKIASV2_1460_ESMFold_hypothetical_protein	af_A4IAL9_19_108_3.30.310.50	af_A4IAL9_19_108_3.30.310.50	4.729E+00	0.016	17	35	96	140	21	89	90	73	0.443	0.767
LOKIASV2_1460_ESMFold_hypothetical_protein	af_Q4DG85_7_101_3.30.310.50	af_Q4DG85_7_101_3.30.310.50	7.946E+00	0.016	17	39	106	140	24	92	95	72	0.486	0.726
LOKIASV2_1460_ESMFold_hypothetical_protein	af_Q99MZ6_2005_2100_2.30.29.30	af_Q99MZ6_2005_2100_2.30.29.30	4.432E+00	0.016	17	52	100	140	50	96	96	50	0.350	0.490
LOKIASV2_1460_ESMFold_hypothetical_protein	af_Q1ZXD2_687_785_2.30.29.30	af_Q1ZXD2_687_785_2.30.29.30	9.653E+00	0.016	17	50	90	140	52	94	99	43	0.293	0.434
LOKIASV2_1460_ESMFold_hypothetical_protein	3dpuA04	3dpuA04	7.946E+00	0.016	17	6	101	140	10	95	102	107	0.686	0.843
LOKIASV2_1460_ESMFold_hypothetical_protein	af_Q8IBF8_742_856_3.30.310.10	af_Q8IBF8_742_856_3.30.310.10	3.003E+00	0.016	17	35	98	140	37	111	115	80	0.457	0.652
LOKIASV2_1460_ESMFold_hypothetical_protein	af_Q9C0W7_760_874_3.30.310.10	af_Q9C0W7_760_874_3.30.310.10	5.046E+00	0.016	17	5	92	140	22	114	115	107	0.629	0.809
LOKIASV2_1460_ESMFold_hypothetical_protein	af_I1LD08_491_610_3.30.310.50	af_I1LD08_491_610_3.30.310.50	7.946E+00	0.016	17	27	76	140	20	84	120	65	0.357	0.542
LOKIASV2_1460_ESMFold_hypothetical_protein	af_Q12263_1015_1142_3.30.310.220	af_Q12263_1015_1142_3.30.310.220	5.384E+00	0.016	17	34	98	140	39	122	128	84	0.464	0.656
LOKIASV2_1460_ESMFold_hypothetical_protein	af_Q54SP4_71_199_3.30.450.20	af_Q54SP4_71_199_3.30.450.20	4.154E+00	0.016	17	6	95	140	7	128	129	128	0.643	0.946
LOKIASV2_1460_ESMFold_hypothetical_protein	1qd1A02	1qd1A02	6.979E+00	0.016	17	54	77	140	28	51	139	24	0.171	0.173
LOKIASV2_1460_ESMFold_hypothetical_protein	af_Q9N3R6_210_357_2.40.290.10	af_Q9N3R6_210_357_2.40.290.10	7.447E+00	0.016	17	19	90	140	65	139	148	80	0.514	0.507
LOKIASV2_1460_ESMFold_hypothetical_protein	af_A0A1D6JJ46_1_165_2.170.210.20	af_A0A1D6JJ46_1_165_2.170.210.20	4.729E+00	0.016	17	53	139	140	96	163	165	94	0.621	0.412
LOKIASV2_1460_ESMFold_hypothetical_protein	1h7yA00	1h7yA00	5.745E+00	0.016	17	24	77	140	100	160	168	62	0.386	0.363
LOKIASV2_1460_ESMFold_hypothetical_protein	af_A0A1D8PNB5_468_644_2.30.29.30	af_A0A1D8PNB5_468_644_2.30.29.30	6.979E+00	0.016	17	54	91	140	125	162	177	38	0.271	0.215
LOKIASV2_1460_ESMFold_hypothetical_protein	af_K7V8P7_1_180_2.30.29.30	af_K7V8P7_1_180_2.30.29.30	7.447E+00	0.016	17	52	79	140	78	108	180	31	0.200	0.172
LOKIASV2_1460_ESMFold_hypothetical_protein	af_Q2FZ16_236_420_3.30.830.10	af_Q2FZ16_236_420_3.30.830.10	4.432E+00	0.016	17	60	134	140	67	136	185	79	0.536	0.378
LOKIASV2_1460_ESMFold_hypothetical_protein	af_A4HWN6_1_214_3.30.450.40	af_A4HWN6_1_214_3.30.450.40	5.745E+00	0.016	17	7	76	140	122	185	214	81	0.500	0.299
LOKIASV2_1460_ESMFold_hypothetical_protein	af_Q9VKD7_37_253_3.30.870.10	af_Q9VKD7_37_253_3.30.870.10	6.130E+00	0.016	17	35	96	140	142	206	217	67	0.443	0.300
LOKIASV2_1460_ESMFold_hypothetical_protein	af_Q8BI58_82_466_2.130.10.10	af_Q8BI58_82_466_2.130.10.10	9.047E+00	0.016	17	52	77	140	356	381	385	26	0.186	0.068
LOKIASV2_1460_ESMFold_hypothetical_protein	af_Q1MTR3_246_349_2.30.29.30	af_Q1MTR3_246_349_2.30.29.30	7.447E+00	0.014	16	50	91	140	54	100	104	47	0.300	0.452
LOKIASV2_1460_ESMFold_hypothetical_protein	af_P76016_213_317_3.30.450.20	af_P76016_213_317_3.30.450.20	7.946E+00	0.014	16	6	87	140	3	102	105	106	0.586	0.952
LOKIASV2_1460_ESMFold_hypothetical_protein	af_A0A0G2K246_1372_1480_2.30.29.30	af_A0A0G2K246_1372_1480_2.30.29.30	6.130E+00	0.014	16	50	98	140	49	100	109	52	0.350	0.477
LOKIASV2_1460_ESMFold_hypothetical_protein	af_Q9SYS7_24_133_3.30.430.20	af_Q9SYS7_24_133_3.30.430.20	8.479E+00	0.014	16	23	79	140	58	110	110	60	0.407	0.482
LOKIASV2_1460_ESMFold_hypothetical_protein	af_Q4DPC5_652_768_2.30.29.30	af_Q4DPC5_652_768_2.30.29.30	7.447E+00	0.014	16	58	91	140	82	113	117	34	0.243	0.274
LOKIASV2_1460_ESMFold_hypothetical_protein	3volA00	3volA00	3.893E+00	0.014	16	6	94	140	17	136	138	125	0.636	0.870
LOKIASV2_1460_ESMFold_hypothetical_protein	af_Q9Y7U6_831_976_2.30.29.30	af_Q9Y7U6_831_976_2.30.29.30	3.003E+00	0.014	16	6	97	140	72	146	146	95	0.657	0.514
LOKIASV2_1460_ESMFold_hypothetical_protein	af_O69719_1_151_3.40.140.10	af_O69719_1_151_3.40.140.10	6.541E+00	0.014	16	6	49	140	26	69	151	47	0.314	0.291
LOKIASV2_1460_ESMFold_hypothetical_protein	af_A0A0R4INC1_56_210_2.30.29.30	af_A0A0R4INC1_56_210_2.30.29.30	7.447E+00	0.014	16	57	91	140	109	144	155	36	0.250	0.232
LOKIASV2_1460_ESMFold_hypothetical_protein	af_Q5U2W6_250_410_2.40.290.30	af_Q5U2W6_250_410_2.40.290.30	3.893E+00	0.014	16	19	99	140	78	155	161	89	0.579	0.484
LOKIASV2_1460_ESMFold_hypothetical_protein	2y3nA00	2y3nA00	7.946E+00	0.014	16	44	87	140	50	103	173	54	0.314	0.312
LOKIASV2_1460_ESMFold_hypothetical_protein	af_F1M698_72_245_3.10.100.10	af_F1M698_72_245_3.10.100.10	6.979E+00	0.014	16	20	64	140	16	67	174	52	0.321	0.299
LOKIASV2_1460_ESMFold_hypothetical_protein	af_Q54I16_1_187_3.30.70.270	af_Q54I16_1_187_3.30.70.270	3.893E+00	0.014	16	15	91	140	67	145	187	82	0.550	0.422
LOKIASV2_1460_ESMFold_hypothetical_protein	af_Q4D6Z0_204_395_2.130.10.10	af_Q4D6Z0_204_395_2.130.10.10	7.946E+00	0.014	16	49	100	140	141	192	192	52	0.371	0.271
LOKIASV2_1460_ESMFold_hypothetical_protein	af_Q9Z0E2_126_401_2.60.40.200	af_Q9Z0E2_126_401_2.60.40.200	2.638E+00	0.014	16	1	75	140	80	147	276	84	0.536	0.246
LOKIASV2_1460_ESMFold_hypothetical_protein	af_O05900_62_404_3.40.710.10	af_O05900_62_404_3.40.710.10	9.653E+00	0.014	16	58	77	140	308	327	343	20	0.143	0.058
LOKIASV2_1460_ESMFold_hypothetical_protein	2f7lB04	2f7lB04	8.479E+00	0.011	15	39	91	140	20	77	85	60	0.379	0.682
LOKIASV2_1460_ESMFold_hypothetical_protein	3uw2A04	3uw2A04	9.047E+00	0.011	15	52	111	140	35	85	88	60	0.429	0.580
LOKIASV2_1460_ESMFold_hypothetical_protein	af_Q19411_132_234_2.30.29.30	af_Q19411_132_234_2.30.29.30	6.541E+00	0.011	15	52	91	140	61	97	103	42	0.286	0.359
LOKIASV2_1460_ESMFold_hypothetical_protein	af_Q54J06_34_137_2.30.29.30	af_Q54J06_34_137_2.30.29.30	9.653E+00	0.011	15	51	94	140	54	102	104	51	0.314	0.471
LOKIASV2_1460_ESMFold_hypothetical_protein	af_F4IT98_254_358_3.30.70.330	af_F4IT98_254_358_3.30.70.330	6.541E+00	0.011	15	1	91	140	18	84	105	93	0.650	0.638
LOKIASV2_1460_ESMFold_hypothetical_protein	af_A0A1D6LNK1_108_219_3.30.200.20	af_A0A1D6LNK1_108_219_3.30.200.20	2.472E+00	0.011	15	40	135	140	2	109	112	111	0.686	0.964
LOKIASV2_1460_ESMFold_hypothetical_protein	af_Q5ZBT6_1_115_3.30.780.10	af_Q5ZBT6_1_115_3.30.780.10	3.893E+00	0.011	15	5	93	140	43	103	115	90	0.636	0.530
LOKIASV2_1460_ESMFold_hypothetical_protein	af_Q9N489_8_129_2.30.29.30	af_Q9N489_8_129_2.30.29.30	7.946E+00	0.011	15	45	91	140	66	113	122	48	0.336	0.393
LOKIASV2_1460_ESMFold_hypothetical_protein	af_Q6NQZ5_5_128_2.30.29.30	af_Q6NQZ5_5_128_2.30.29.30	9.653E+00	0.011	15	53	91	140	78	123	124	48	0.279	0.371
LOKIASV2_1460_ESMFold_hypothetical_protein	af_Q9WVI4_316_441_3.30.450.260	af_Q9WVI4_316_441_3.30.450.260	4.154E+00	0.011	15	3	76	140	10	107	126	108	0.529	0.778
LOKIASV2_1460_ESMFold_hypothetical_protein	2pr5A00	2pr5A00	4.154E+00	0.011	15	6	100	140	6	127	127	130	0.679	0.961
LOKIASV2_1460_ESMFold_hypothetical_protein	1rj2D02	1rj2D02	7.447E+00	0.011	15	51	109	140	76	136	137	63	0.421	0.445
LOKIASV2_1460_ESMFold_hypothetical_protein	af_Q7XPZ3_140_287_3.30.1460.20	af_Q7XPZ3_140_287_3.30.1460.20	5.384E+00	0.011	15	29	139	140	40	142	148	126	0.793	0.696
LOKIASV2_1460_ESMFold_hypothetical_protein	af_B4FJH5_64_220_3.30.70.640	af_B4FJH5_64_220_3.30.70.640	9.047E+00	0.011	15	35	76	140	62	102	157	43	0.300	0.261
LOKIASV2_1460_ESMFold_hypothetical_protein	af_A0A1D8PQM0_11_171_2.170.210.20	af_A0A1D8PQM0_11_171_2.170.210.20	5.384E+00	0.011	15	24	138	140	55	143	161	119	0.821	0.553
LOKIASV2_1460_ESMFold_hypothetical_protein	af_A0A0R0INS4_1_163_3.30.470.10	af_A0A0R0INS4_1_163_3.30.470.10	5.384E+00	0.011	15	1	27	140	10	38	163	29	0.193	0.178
LOKIASV2_1460_ESMFold_hypothetical_protein	af_Q9VDR1_514_684_2.40.290.30	af_Q9VDR1_514_684_2.40.290.30	6.541E+00	0.011	15	48	98	140	110	166	171	57	0.364	0.333
LOKIASV2_1460_ESMFold_hypothetical_protein	af_O77392_59_312_3.90.80.10	af_O77392_59_312_3.90.80.10	7.447E+00	0.011	15	41	72	140	2	37	254	36	0.229	0.142
LOKIASV2_1460_ESMFold_hypothetical_protein	af_K7LFM7_8_371_3.50.50.60	af_K7LFM7_8_371_3.50.50.60	6.130E+00	0.011	15	52	119	140	192	252	364	70	0.486	0.168
LOKIASV2_1460_ESMFold_hypothetical_protein	4pydF00	4pydF00	7.447E+00	0.010	14	6	75	140	8	78	122	80	0.500	0.582
LOKIASV2_1460_ESMFold_hypothetical_protein	af_A0A1I9LT04_2_127_3.60.90.10	af_A0A1I9LT04_2_127_3.60.90.10	4.729E+00	0.010	14	3	75	140	13	93	126	90	0.521	0.643
LOKIASV2_1460_ESMFold_hypothetical_protein	4dx8A00	4dx8A00	9.047E+00	0.010	14	52	91	140	88	132	139	45	0.286	0.324
LOKIASV2_1460_ESMFold_hypothetical_protein	af_P40995_409_553_2.30.29.30	af_P40995_409_553_2.30.29.30	6.979E+00	0.010	14	51	101	140	89	144	145	58	0.364	0.386
LOKIASV2_1460_ESMFold_hypothetical_protein	af_Q86VW2_353_502_2.30.29.30	af_Q86VW2_353_502_2.30.29.30	5.384E+00	0.010	14	58	138	140	77	133	150	81	0.579	0.380
LOKIASV2_1460_ESMFold_hypothetical_protein	af_D4ABT9_28_183_1.20.140.150	af_D4ABT9_28_183_1.20.140.150	7.946E+00	0.010	14	22	89	140	57	140	156	85	0.486	0.538
LOKIASV2_1460_ESMFold_hypothetical_protein	af_E7FBN7_434_610_2.30.29.30	af_E7FBN7_434_610_2.30.29.30	6.130E+00	0.010	14	48	91	140	99	149	177	51	0.314	0.288
LOKIASV2_1460_ESMFold_hypothetical_protein	af_K7LJ90_156_332_3.30.1460.20	af_K7LJ90_156_332_3.30.1460.20	7.447E+00	0.010	14	34	139	140	58	155	177	122	0.757	0.554
LOKIASV2_1460_ESMFold_hypothetical_protein	af_A0A2R8Q5M5_2_184_2.30.29.240	af_A0A2R8Q5M5_2_184_2.30.29.240	8.479E+00	0.010	14	53	122	140	96	181	183	86	0.500	0.470
LOKIASV2_1460_ESMFold_hypothetical_protein	af_A0A0K3AT43_32_372_1.20.1070.10	af_A0A0K3AT43_32_372_1.20.1070.10	4.154E+00	0.010	14	29	136	140	158	256	341	112	0.771	0.290
LOKIASV2_1460_ESMFold_hypothetical_protein	af_C6KSQ9_152_225_3.30.70.330	af_C6KSQ9_152_225_3.30.70.330	8.479E+00	0.009	13	5	76	140	3	48	74	72	0.514	0.622
LOKIASV2_1460_ESMFold_hypothetical_protein	af_P53397_1_86_3.30.310.40	af_P53397_1_86_3.30.310.40	7.946E+00	0.009	13	46	91	140	23	84	86	62	0.329	0.721
LOKIASV2_1460_ESMFold_hypothetical_protein	3u8zA03	3u8zA03	9.047E+00	0.009	13	3	98	140	2	93	96	111	0.686	0.958
LOKIASV2_1460_ESMFold_hypothetical_protein	af_Q19532_358_459_2.30.29.30	af_Q19532_358_459_2.30.29.30	7.447E+00	0.009	13	52	100	140	53	102	102	54	0.350	0.490
LOKIASV2_1460_ESMFold_hypothetical_protein	af_E7FCG7_1302_1421_2.30.29.30	af_E7FCG7_1302_1421_2.30.29.30	3.648E+00	0.009	13	1	133	140	3	119	120	159	0.950	0.975
LOKIASV2_1460_ESMFold_hypothetical_protein	af_B6SS49_123_243_3.30.200.20	af_B6SS49_123_243_3.30.200.20	7.447E+00	0.009	13	40	139	140	2	105	121	109	0.714	0.860
LOKIASV2_1460_ESMFold_hypothetical_protein	1atgA01	1atgA01	9.047E+00	0.009	13	68	110	140	80	117	122	43	0.307	0.311
LOKIASV2_1460_ESMFold_hypothetical_protein	af_P62502_24_163_2.40.128.20	af_P62502_24_163_2.40.128.20	9.047E+00	0.009	13	52	94	140	86	133	140	49	0.307	0.343
LOKIASV2_1460_ESMFold_hypothetical_protein	af_Q4DWG8_289_437_3.30.200.20	af_Q4DWG8_289_437_3.30.200.20	9.653E+00	0.009	13	24	100	140	55	139	149	85	0.550	0.570
LOKIASV2_1460_ESMFold_hypothetical_protein	af_A0A5K1K8D5_6_168_3.40.1000.10	af_A0A5K1K8D5_6_168_3.40.1000.10	8.479E+00	0.009	13	52	75	140	99	130	163	32	0.171	0.196
LOKIASV2_1460_ESMFold_hypothetical_protein	af_Q8I5V1_1_189_3.30.530.20	af_Q8I5V1_1_189_3.30.530.20	6.979E+00	0.009	13	40	118	140	103	188	189	91	0.564	0.455
LOKIASV2_1460_ESMFold_hypothetical_protein	1z24A00	1z24A00	8.479E+00	0.009	13	58	94	140	115	158	189	44	0.264	0.233
LOKIASV2_1460_ESMFold_hypothetical_protein	af_P48053_796_987_3.30.830.10	af_P48053_796_987_3.30.830.10	7.946E+00	0.009	13	3	139	140	2	121	192	146	0.979	0.625
LOKIASV2_1460_ESMFold_hypothetical_protein	af_Q5AA47_148_344_3.30.1460.20	af_Q5AA47_148_344_3.30.1460.20	7.447E+00	0.009	13	34	139	140	67	168	197	126	0.757	0.518
LOKIASV2_1460_ESMFold_hypothetical_protein	af_Q4E4C4_33_249_2.60.120.380	af_Q4E4C4_33_249_2.60.120.380	6.130E+00	0.009	13	6	138	140	42	205	217	170	0.950	0.756
LOKIASV2_1460_ESMFold_hypothetical_protein	1wd6B00	1wd6B00	9.047E+00	0.008	12	6	95	140	3	71	95	92	0.643	0.726
LOKIASV2_1460_ESMFold_hypothetical_protein	af_P77581_303_398_3.90.1150.10	af_P77581_303_398_3.90.1150.10	7.946E+00	0.008	12	38	118	140	17	94	96	102	0.579	0.812
LOKIASV2_1460_ESMFold_hypothetical_protein	4rwwA01	4rwwA01	9.047E+00	0.008	12	6	94	140	4	62	103	90	0.636	0.573
LOKIASV2_1460_ESMFold_hypothetical_protein	af_Q8IZC4_288_399_2.30.29.30	af_Q8IZC4_288_399_2.30.29.30	9.653E+00	0.008	12	58	108	140	70	111	112	52	0.364	0.375
LOKIASV2_1460_ESMFold_hypothetical_protein	af_F1R8R1_42_177_2.30.29.30	af_F1R8R1_42_177_2.30.29.30	9.047E+00	0.008	12	57	130	140	85	135	136	74	0.529	0.375
LOKIASV2_1460_ESMFold_hypothetical_protein	af_Q12449_212_347_3.30.530.20	af_Q12449_212_347_3.30.530.20	6.130E+00	0.008	12	58	109	140	87	134	136	54	0.371	0.353
LOKIASV2_1460_ESMFold_hypothetical_protein	1ekrA00	1ekrA00	4.154E+00	0.008	12	6	75	140	21	94	143	83	0.500	0.517
LOKIASV2_1460_ESMFold_hypothetical_protein	af_D3ZAA7_27_174_2.40.128.20	af_D3ZAA7_27_174_2.40.128.20	7.447E+00	0.008	12	49	75	140	80	108	148	29	0.193	0.196
LOKIASV2_1460_ESMFold_hypothetical_protein	4xeaA02	4xeaA02	6.541E+00	0.008	12	33	138	140	51	141	186	111	0.757	0.489
LOKIASV2_1460_ESMFold_hypothetical_protein	af_A0A1D6G373_278_472_3.30.830.10	af_A0A1D6G373_278_472_3.30.830.10	9.047E+00	0.008	12	59	122	140	80	139	195	68	0.457	0.308
LOKIASV2_1460_ESMFold_hypothetical_protein	af_A0A1D6F8Y1_138_338_3.30.1460.20	af_A0A1D6F8Y1_138_338_3.30.1460.20	9.047E+00	0.008	12	34	139	140	81	189	201	129	0.757	0.542
LOKIASV2_1460_ESMFold_hypothetical_protein	af_Q2G1H8_1_214_3.90.470.20	af_Q2G1H8_1_214_3.90.470.20	9.047E+00	0.008	12	7	106	140	3	155	214	155	0.714	0.715
LOKIASV2_1460_ESMFold_hypothetical_protein	af_A4IDI9_40_263_2.60.120.380	af_A4IDI9_40_263_2.60.120.380	9.047E+00	0.008	12	6	139	140	46	207	224	173	0.957	0.723
LOKIASV2_1460_ESMFold_hypothetical_protein	af_P05511_299_561_3.20.20.210	af_P05511_299_561_3.20.20.210	7.946E+00	0.008	12	28	89	140	131	235	263	107	0.443	0.399
LOKIASV2_1460_ESMFold_hypothetical_protein	4ezeB00	4ezeB00	6.130E+00	0.008	12	6	91	140	3	65	289	92	0.614	0.218
LOKIASV2_1460_ESMFold_hypothetical_protein	af_I1LNH6_909_1523_3.30.70.330	af_I1LNH6_909_1523_3.30.70.330	9.653E+00	0.008	12	15	92	140	298	375	615	83	0.557	0.127
LOKIASV2_1460_ESMFold_hypothetical_protein	af_D3ZFU1_23_182_2.40.128.20	af_D3ZFU1_23_182_2.40.128.20	8.479E+00	0.007	11	4	124	140	16	133	160	164	0.864	0.738
LOKIASV2_1460_ESMFold_hypothetical_protein	4udrA02	4udrA02	9.047E+00	0.007	11	54	109	140	89	141	180	61	0.400	0.294
LOKIASV2_1460_ESMFold_hypothetical_protein	af_Q6YVN3_101_294_2.120.10.80	af_Q6YVN3_101_294_2.120.10.80	8.479E+00	0.007	11	12	73	140	72	131	194	64	0.443	0.309
LOKIASV2_1460_ESMFold_hypothetical_protein	af_P22817_516_742_3.30.830.10	af_P22817_516_742_3.30.830.10	8.479E+00	0.007	11	41	138	140	67	133	227	100	0.700	0.295
LOKIASV2_1460_ESMFold_hypothetical_protein	1f0xB04	1f0xB04	7.946E+00	0.000	10	37	89	140	6	84	85	83	0.379	0.929
LOKIASV2_1460_ESMFold_hypothetical_protein	af_Q54X82_823_940_3.30.310.10	af_Q54X82_823_940_3.30.310.10	6.979E+00	0.000	10	50	89	140	57	115	118	60	0.286	0.500
LOKIASV2_1460_ESMFold_hypothetical_protein	af_C7FZU0_37_403_1.20.1070.10	af_C7FZU0_37_403_1.20.1070.10	9.653E+00	0.000	10	28	139	140	117	232	367	127	0.800	0.316
LOKIASV2_1460_ESMFold_hypothetical_protein	8d9w-assembly1.cif.gz_Z	8d9w-assembly1.cif.gz_Z beta-Arf1 homodimeric interface within AP-1, Arf1, Nef, MHC-I lattice on narrow tubes	9.130E-05	1.000	147	4	107	140	2	104	147	107	0.743	0.701
LOKIASV2_1460_ESMFold_hypothetical_protein	5x6u-assembly1.cif.gz_B	5x6u-assembly1.cif.gz_B Crystal structure of human heteropentameric complex	1.109E-04	1.000	146	1	91	140	13	105	117	96	0.650	0.795
LOKIASV2_1460_ESMFold_hypothetical_protein	8t1o-assembly1.cif.gz_M	8t1o-assembly1.cif.gz_M AP2 bound to MSP2N2 nanodisc with Tgn38 cargo peptide; composite map	1.263E-04	1.000	136	4	127	140	2	113	412	124	0.886	0.272
LOKIASV2_1460_ESMFold_hypothetical_protein	5ldd-assembly2.cif.gz_D	5ldd-assembly2.cif.gz_D Crystal structure of the heterodimeric GEF Mon1-Ccz1 in complex with Ypt7	7.515E-05	1.000	135	2	131	140	10	141	143	136	0.929	0.923
LOKIASV2_1460_ESMFold_hypothetical_protein	8d4c-assembly1.cif.gz_M	8d4c-assembly1.cif.gz_M beta-Arf1 mediated dimeric assembly of AP-1, Arf1, Nef complex within lattice on MHC-I lipopeptide incorporated narrow membrane tubes	3.131E-04	1.000	135	4	107	140	2	104	415	107	0.743	0.248
LOKIASV2_1460_ESMFold_hypothetical_protein	5y3a-assembly2.cif.gz_G	5y3a-assembly2.cif.gz_G Crystal structure of Ragulator complex (p18 49-161)	3.804E-04	1.000	134	1	91	140	11	103	110	96	0.650	0.845
LOKIASV2_1460_ESMFold_hypothetical_protein	7qla-assembly1.cif.gz_A	7qla-assembly1.cif.gz_A Structure of the Rab GEF complex Mon1-Ccz1	8.284E-04	1.000	134	4	110	140	28	131	433	108	0.764	0.240
LOKIASV2_1460_ESMFold_hypothetical_protein	6qh6-assembly1.cif.gz_N	6qh6-assembly1.cif.gz_N AP2 clathrin adaptor core with two cargo peptides in open+ conformation	8.556E-05	1.000	132	4	100	140	2	93	143	101	0.693	0.643
LOKIASV2_1460_ESMFold_hypothetical_protein	2j3t-assembly1.cif.gz_C	2j3t-assembly1.cif.gz_C The crystal structure of the bet3-trs33-bet5-trs23 complex.	2.122E-04	1.000	131	4	125	140	2	132	141	138	0.871	0.929
LOKIASV2_1460_ESMFold_hypothetical_protein	5ldd-assembly1.cif.gz_A	5ldd-assembly1.cif.gz_A Crystal structure of the heterodimeric GEF Mon1-Ccz1 in complex with Ypt7	1.534E-04	1.000	130	4	131	140	24	153	155	134	0.914	0.839
LOKIASV2_1460_ESMFold_hypothetical_protein	6ehp-assembly1.cif.gz_B	6ehp-assembly1.cif.gz_B The crystal structure of the human LAMTOR complex	4.331E-04	1.000	129	1	91	140	13	106	115	97	0.650	0.817
LOKIASV2_1460_ESMFold_hypothetical_protein	5y3a-assembly1.cif.gz_B	5y3a-assembly1.cif.gz_B Crystal structure of Ragulator complex (p18 49-161)	6.819E-04	1.000	128	3	91	140	13	106	113	97	0.636	0.832
LOKIASV2_1460_ESMFold_hypothetical_protein	3cue-assembly4.cif.gz_U	3cue-assembly4.cif.gz_U Crystal structure of a TRAPP subassembly activating the Rab Ypt1p	8.839E-04	1.000	128	2	101	140	1	103	143	106	0.714	0.720
LOKIASV2_1460_ESMFold_hypothetical_protein	1w63-assembly1.cif.gz_M	1w63-assembly1.cif.gz_M AP1 clathrin adaptor core	4.930E-04	1.000	128	4	101	140	2	95	388	99	0.700	0.242
LOKIASV2_1460_ESMFold_hypothetical_protein	1veu-assembly1.cif.gz_A	1veu-assembly1.cif.gz_A Crystal structure of the p14/MP1 complex at 2.15 A resolution	2.577E-04	1.000	127	2	98	140	15	114	118	104	0.693	0.847
LOKIASV2_1460_ESMFold_hypothetical_protein	6uri-assembly1.cif.gz_M	6uri-assembly1.cif.gz_M HIV-1 Nef in complex with the CD4 cytoplasmic domain and the AP2 clathrin adaptor complex	2.934E-04	1.000	127	4	98	140	2	87	120	95	0.679	0.717
LOKIASV2_1460_ESMFold_hypothetical_protein	3cpt-assembly1.cif.gz_B	3cpt-assembly1.cif.gz_B MP1-p14 Scaffolding complex	2.750E-04	1.000	126	1	92	140	15	114	116	103	0.657	0.862
LOKIASV2_1460_ESMFold_hypothetical_protein	7e8t-assembly1.cif.gz_E	7e8t-assembly1.cif.gz_E Monomer of Ypt32-TRAPPII	2.750E-04	1.000	126	2	123	140	1	156	163	164	0.871	0.957
LOKIASV2_1460_ESMFold_hypothetical_protein	5yk3-assembly2.cif.gz_B	5yk3-assembly2.cif.gz_B human Ragulator complex	4.331E-04	1.000	125	1	91	140	16	113	125	101	0.650	0.784
LOKIASV2_1460_ESMFold_hypothetical_protein	2zl1-assembly1.cif.gz_A	2zl1-assembly1.cif.gz_A MP1-p14 Scaffolding complex	4.331E-04	1.000	124	2	98	140	16	115	119	104	0.693	0.840
LOKIASV2_1460_ESMFold_hypothetical_protein	7q3e-assembly1.cif.gz_C	7q3e-assembly1.cif.gz_C Structure of the mouse CPLANE-RSG1 complex	3.565E-04	1.000	124	6	126	140	4	125	392	129	0.864	0.311
LOKIASV2_1460_ESMFold_hypothetical_protein	6hjm-assembly2.cif.gz_E	6hjm-assembly2.cif.gz_E Myxococcus xanthus MglB	1.863E-04	1.000	123	4	98	140	19	122	123	105	0.679	0.846
LOKIASV2_1460_ESMFold_hypothetical_protein	7ea3-assembly1.cif.gz_R	7ea3-assembly1.cif.gz_R Intact Ypt32-TRAPPII (dimer).	3.131E-04	1.000	123	2	123	140	1	155	162	163	0.871	0.957
LOKIASV2_1460_ESMFold_hypothetical_protein	2zl1-assembly1.cif.gz_B	2zl1-assembly1.cif.gz_B MP1-p14 Scaffolding complex	1.863E-04	1.000	122	1	92	140	15	114	116	103	0.657	0.862
LOKIASV2_1460_ESMFold_hypothetical_protein	7og1-assembly1.cif.gz_MMM	7og1-assembly1.cif.gz_MMM AP2 clathrin adaptor core in complex with cargo peptide and FCHO2	5.613E-04	1.000	122	4	128	140	2	114	406	125	0.893	0.278
LOKIASV2_1460_ESMFold_hypothetical_protein	7r4h-assembly1.cif.gz_S	7r4h-assembly1.cif.gz_S phospho-STING binding to adaptor protein complex-1	2.934E-04	1.000	121	4	116	140	2	115	142	117	0.807	0.803
LOKIASV2_1460_ESMFold_hypothetical_protein	7z5c-assembly1.cif.gz_M	7z5c-assembly1.cif.gz_M Chimera of AP2 with FCHO2 linker domain as a fusion on Cmu2 subunit	9.432E-04	1.000	121	4	107	140	2	103	396	107	0.743	0.258
LOKIASV2_1460_ESMFold_hypothetical_protein	7rw8-assembly1.cif.gz_M	7rw8-assembly1.cif.gz_M AP2 bound to heparin in the closed conformation	2.934E-04	1.000	120	4	107	140	2	103	394	111	0.743	0.259
LOKIASV2_1460_ESMFold_hypothetical_protein	6cm9-assembly1.cif.gz_S	6cm9-assembly1.cif.gz_S Structure of the cargo bound AP-1:Arf1:tetherin-Nef closed trimer monomeric subunit	6.819E-04	1.000	119	4	123	140	2	115	142	126	0.857	0.803
LOKIASV2_1460_ESMFold_hypothetical_protein	8c7g-assembly1.cif.gz_C	8c7g-assembly1.cif.gz_C Drosophila melanogaster Rab7 GEF complex Mon1-Ccz1-Bulli	8.839E-04	1.000	119	2	92	140	11	101	420	95	0.650	0.217
LOKIASV2_1460_ESMFold_hypothetical_protein	5y39-assembly1.cif.gz_B	5y39-assembly1.cif.gz_B Crystal structure of Ragulator complex (p18 76-145)	1.146E-03	1.000	118	1	91	140	12	109	116	101	0.650	0.845
LOKIASV2_1460_ESMFold_hypothetical_protein	3tjz-assembly2.cif.gz_F	3tjz-assembly2.cif.gz_F Crystal Structure of Arf1 Bound to the gamma/zeta-COP Core Complex	6.819E-04	1.000	117	4	108	140	7	112	140	110	0.750	0.757
LOKIASV2_1460_ESMFold_hypothetical_protein	7rwb-assembly1.cif.gz_M	7rwb-assembly1.cif.gz_M AP2 bound to the APA domain of SGIP in the presence of heparin	4.930E-04	1.000	116	4	100	140	2	93	393	101	0.693	0.234
LOKIASV2_1460_ESMFold_hypothetical_protein	5mc7-assembly2.cif.gz_B	5mc7-assembly2.cif.gz_B Crystal structure of Truncated Human Coatomer Protein Complex, subunit Z1 (CopZ1)	1.006E-03	1.000	114	4	108	140	2	107	139	110	0.750	0.763
LOKIASV2_1460_ESMFold_hypothetical_protein	7u05-assembly1.cif.gz_D	7u05-assembly1.cif.gz_D Structure of the yeast TRAPPII-Rab11/Ypt32 complex in the closed/closed state (composite structure)	1.006E-03	1.000	114	2	126	140	1	139	140	142	0.893	0.993
LOKIASV2_1460_ESMFold_hypothetical_protein	7uxh-assembly1.cif.gz_Y	7uxh-assembly1.cif.gz_Y cryo-EM structure of the mTORC1-TFEB-Rag-Ragulator complex	3.131E-04	1.000	113	3	100	140	18	124	124	109	0.700	0.863
LOKIASV2_1460_ESMFold_hypothetical_protein	6hjm-assembly9.cif.gz_P	6hjm-assembly9.cif.gz_P Myxococcus xanthus MglB	4.331E-04	1.000	113	4	98	140	24	127	133	105	0.679	0.782
LOKIASV2_1460_ESMFold_hypothetical_protein	7b70-assembly1.cif.gz_C	7b70-assembly1.cif.gz_C TRAPPCore plus C8 (355-596) and C11 (1-718) from MiniTRAPPIII	4.930E-04	1.000	113	2	128	140	1	136	145	141	0.907	0.938
LOKIASV2_1460_ESMFold_hypothetical_protein	2jkr-assembly1.cif.gz_M	2jkr-assembly1.cif.gz_M AP2 CLATHRIN ADAPTOR CORE with Dileucine peptide RM(phosphoS)QIKRLLSE	5.613E-04	1.000	112	4	108	140	2	105	409	113	0.750	0.254
LOKIASV2_1460_ESMFold_hypothetical_protein	6owt-assembly1.cif.gz_S	6owt-assembly1.cif.gz_S Structure of SIVsmm Nef and SMM tetherin bound to the clathrin adaptor AP-2 complex	5.613E-04	1.000	110	4	116	140	2	115	140	120	0.807	0.814
LOKIASV2_1460_ESMFold_hypothetical_protein	3cue-assembly1.cif.gz_A	3cue-assembly1.cif.gz_A Crystal structure of a TRAPP subassembly activating the Rab Ypt1p	1.804E-03	1.000	110	4	98	140	2	128	159	129	0.679	0.799
LOKIASV2_1460_ESMFold_hypothetical_protein	4hmy-assembly1.cif.gz_M	4hmy-assembly1.cif.gz_M Structural basis for recruitment and activation of the AP-1 clathrin adaptor complex by Arf1	8.839E-04	1.000	110	4	127	140	2	114	383	126	0.886	0.295
LOKIASV2_1460_ESMFold_hypothetical_protein	5nzr-assembly1.cif.gz_L	5nzr-assembly1.cif.gz_L The structure of the COPI coat leaf	1.146E-03	1.000	109	1	123	140	1	117	139	127	0.879	0.842
LOKIASV2_1460_ESMFold_hypothetical_protein	7yh1-assembly2.cif.gz_C	7yh1-assembly2.cif.gz_C Roadblock from Candidatus Prometheoarchaeum syntrophicum strain MK-D1	7.517E-03	1.000	107	1	91	140	16	109	116	97	0.650	0.810
LOKIASV2_1460_ESMFold_hypothetical_protein	3t1r-assembly2.cif.gz_C	3t1r-assembly2.cif.gz_C MglB with tetrameric arrangement	4.193E-03	1.000	107	4	89	140	28	124	136	100	0.614	0.713
LOKIASV2_1460_ESMFold_hypothetical_protein	5mu7-assembly1.cif.gz_B	5mu7-assembly1.cif.gz_B Crystal Structure of the beta/delta-COPI Core Complex	1.074E-03	1.000	106	4	135	140	2	148	150	154	0.943	0.980
LOKIASV2_1460_ESMFold_hypothetical_protein	5nzr-assembly1.cif.gz_Z	5nzr-assembly1.cif.gz_Z The structure of the COPI coat leaf	2.054E-03	1.000	105	1	124	140	1	118	139	129	0.886	0.849
LOKIASV2_1460_ESMFold_hypothetical_protein	6izw-assembly1.cif.gz_B	6izw-assembly1.cif.gz_B Myxococcus xanthus MglA bound to GTP-gamma-S and MglB	4.331E-04	1.000	105	4	107	140	27	143	145	118	0.743	0.807
LOKIASV2_1460_ESMFold_hypothetical_protein	5nzr-assembly1.cif.gz_D	5nzr-assembly1.cif.gz_D The structure of the COPI coat leaf	1.804E-03	1.000	105	2	127	140	1	114	177	129	0.900	0.644
LOKIASV2_1460_ESMFold_hypothetical_protein	5nzv-assembly1.cif.gz_D	5nzv-assembly1.cif.gz_D The structure of the COPI coat linkage IV	1.804E-03	1.000	105	2	127	140	1	114	427	129	0.900	0.267
LOKIASV2_1460_ESMFold_hypothetical_protein	7t3c-assembly1.cif.gz_O	7t3c-assembly1.cif.gz_O GATOR1-RAG-RAGULATOR - Dual Complex	3.683E-03	1.000	104	2	98	140	15	114	120	104	0.693	0.833
LOKIASV2_1460_ESMFold_hypothetical_protein	3pr6-assembly1.cif.gz_A	3pr6-assembly1.cif.gz_A Crystal structure analysis of yeast TRAPP associate protein Tca17	1.485E-03	1.000	104	2	126	140	1	136	145	143	0.893	0.938
LOKIASV2_1460_ESMFold_hypothetical_protein	4p6z-assembly1.cif.gz_S	4p6z-assembly1.cif.gz_S Crystal structure of the human BST2 cytoplasmic domain and the HIV-1 Vpu cytoplasmic domain bound to the clathrin adaptor protein complex 1 (AP1) core	2.750E-04	1.000	104	4	130	140	2	146	147	152	0.907	0.986
LOKIASV2_1460_ESMFold_hypothetical_protein	7e2d-assembly1.cif.gz_D	7e2d-assembly1.cif.gz_D Monomer of TRAPPII (Closed)	2.841E-03	1.000	104	4	106	140	2	114	151	116	0.736	0.748
LOKIASV2_1460_ESMFold_hypothetical_protein	5ldd-assembly2.cif.gz_E	5ldd-assembly2.cif.gz_E Crystal structure of the heterodimeric GEF Mon1-Ccz1 in complex with Ypt7	2.054E-03	1.000	104	3	122	140	4	156	165	154	0.857	0.927
LOKIASV2_1460_ESMFold_hypothetical_protein	6owo-assembly1.cif.gz_M	6owo-assembly1.cif.gz_M CRYO-EM STRUCTURE OF PHOSPHORYLATED AP-2 CORE BOUND TO NECAP	1.925E-03	1.000	104	4	107	140	1	102	395	111	0.743	0.258
LOKIASV2_1460_ESMFold_hypothetical_protein	7kmt-assembly1.cif.gz_H	7kmt-assembly1.cif.gz_H Structure of the yeast TRAPPIII-Ypt1(Rab1) complex	3.031E-03	1.000	103	4	97	140	2	137	169	137	0.671	0.805
LOKIASV2_1460_ESMFold_hypothetical_protein	2fh5-assembly1.cif.gz_A	2fh5-assembly1.cif.gz_A The Structure of the Mammalian SRP Receptor	2.192E-03	1.000	102	3	129	140	3	123	124	134	0.907	0.976
LOKIASV2_1460_ESMFold_hypothetical_protein	3t1q-assembly1.cif.gz_B	3t1q-assembly1.cif.gz_B MglA bound to GppNHp in complex with MglB	6.188E-03	1.000	102	4	89	140	24	120	132	98	0.614	0.735
LOKIASV2_1460_ESMFold_hypothetical_protein	6oxl-assembly1.cif.gz_M	6oxl-assembly1.cif.gz_M CRYO-EM STRUCTURE OF PHOSPHORYLATED AP-2 (mu E302K) BOUND TO NECAP IN THE PRESENCE OF SS DNA	6.602E-03	1.000	102	4	101	140	2	90	390	98	0.700	0.228
LOKIASV2_1460_ESMFold_hypothetical_protein	7oho-assembly1.cif.gz_MMM	7oho-assembly1.cif.gz_MMM Crystal structure of AP2 FCHO2 chimera	2.054E-03	1.000	102	4	108	140	2	105	397	111	0.750	0.262
LOKIASV2_1460_ESMFold_hypothetical_protein	7kek-assembly1.cif.gz_F	7kek-assembly1.cif.gz_F Structure of the free outer-arm dynein in pre-parallel state	2.841E-03	1.000	101	3	88	140	14	108	110	97	0.614	0.864
LOKIASV2_1460_ESMFold_hypothetical_protein	3kye-assembly2.cif.gz_C	3kye-assembly2.cif.gz_C Crystal Structure of Roadblock/LC7 Domain from Streptomyces avermitilis	1.804E-03	1.000	101	3	97	140	16	119	120	106	0.679	0.867
LOKIASV2_1460_ESMFold_hypothetical_protein	6uri-assembly1.cif.gz_S	6uri-assembly1.cif.gz_S HIV-1 Nef in complex with the CD4 cytoplasmic domain and the AP2 clathrin adaptor complex	4.474E-03	1.000	100	4	123	140	2	115	142	126	0.857	0.803
LOKIASV2_1460_ESMFold_hypothetical_protein	4afi-assembly1.cif.gz_B	4afi-assembly1.cif.gz_B Complex between Vamp7 longin domain and fragment of delta-adaptin from AP3	8.558E-03	1.000	100	1	107	140	30	129	152	110	0.764	0.658
LOKIASV2_1460_ESMFold_hypothetical_protein	6yah-assembly1.cif.gz_M	6yah-assembly1.cif.gz_M AP2 in clathrin coats assembled on a membrane containing dileucine- and tyrosine-based cargo peptides	1.304E-03	1.000	100	4	116	140	2	102	428	117	0.807	0.236
LOKIASV2_1460_ESMFold_hypothetical_protein	6owt-assembly1.cif.gz_M	6owt-assembly1.cif.gz_M Structure of SIVsmm Nef and SMM tetherin bound to the clathrin adaptor AP-2 complex	4.193E-03	0.999	99	4	123	140	2	113	124	125	0.857	0.903
LOKIASV2_1460_ESMFold_hypothetical_protein	1j3w-assembly1.cif.gz_B	1j3w-assembly1.cif.gz_B Structure of Gliding protein-mglB from Thermus Thermophilus HB8	1.109E-02	0.999	99	4	89	140	28	124	135	98	0.614	0.719
LOKIASV2_1460_ESMFold_hypothetical_protein	6ehp-assembly1.cif.gz_C	6ehp-assembly1.cif.gz_C The crystal structure of the human LAMTOR complex	5.435E-03	0.999	98	2	76	140	16	88	91	79	0.536	0.802
LOKIASV2_1460_ESMFold_hypothetical_protein	7nfx-assembly1.cif.gz_y	7nfx-assembly1.cif.gz_y Mammalian ribosome nascent chain complex with SRP and SRP receptor in early state A	8.021E-03	0.999	98	4	135	140	1	129	147	137	0.943	0.878
LOKIASV2_1460_ESMFold_hypothetical_protein	1w63-assembly1.cif.gz_S	1w63-assembly1.cif.gz_S AP1 clathrin adaptor core	4.621E-04	0.999	98	4	131	140	2	147	148	152	0.914	0.986
LOKIASV2_1460_ESMFold_hypothetical_protein	5vok-assembly5.cif.gz_C-2	5vok-assembly5.cif.gz_C-2 Crystal structure of the C7orf59-HBXIP dimer	3.451E-03	0.999	97	3	76	140	15	86	88	78	0.529	0.818
LOKIASV2_1460_ESMFold_hypothetical_protein	7rwa-assembly1.cif.gz_m	7rwa-assembly1.cif.gz_m AP2 bound to heparin and Tgn38 tyrosine cargo peptide	2.339E-03	0.999	96	4	127	140	2	113	379	128	0.886	0.296
LOKIASV2_1460_ESMFold_hypothetical_protein	7q3d-assembly1.cif.gz_C	7q3d-assembly1.cif.gz_C Structure of the human CPLANE complex	1.691E-03	0.999	96	6	118	140	4	120	393	127	0.807	0.298
LOKIASV2_1460_ESMFold_hypothetical_protein	5x6v-assembly1.cif.gz_F	5x6v-assembly1.cif.gz_F Crystal structure of human heteroheptameric complex	8.558E-03	0.998	95	2	98	140	12	110	118	101	0.693	0.839
LOKIASV2_1460_ESMFold_hypothetical_protein	8d9w-assembly1.cif.gz_f	8d9w-assembly1.cif.gz_f beta-Arf1 homodimeric interface within AP-1, Arf1, Nef, MHC-I lattice on narrow tubes	4.774E-03	0.998	95	4	116	140	2	115	127	117	0.807	0.898
LOKIASV2_1460_ESMFold_hypothetical_protein	7obq-assembly1.cif.gz_y	7obq-assembly1.cif.gz_y SRP-SR at the distal site conformation	6.602E-03	0.998	95	4	134	140	1	128	454	140	0.936	0.282
LOKIASV2_1460_ESMFold_hypothetical_protein	7k5b-assembly1.cif.gz_F	7k5b-assembly1.cif.gz_F Structure of outer-arm dynein bound to microtubule doublet in microtubule binding state 2 (MTBS-2)	2.495E-03	0.998	94	1	98	140	12	120	128	114	0.700	0.852
LOKIASV2_1460_ESMFold_hypothetical_protein	7ea3-assembly1.cif.gz_N	7ea3-assembly1.cif.gz_N Intact Ypt32-TRAPPII (dimer).	4.774E-03	0.998	94	2	126	140	1	143	144	144	0.893	0.993
LOKIASV2_1460_ESMFold_hypothetical_protein	7u05-assembly1.cif.gz_G	7u05-assembly1.cif.gz_G Structure of the yeast TRAPPII-Rab11/Ypt32 complex in the closed/closed state (composite structure)	1.348E-02	0.998	94	4	98	140	2	112	156	113	0.679	0.712
LOKIASV2_1460_ESMFold_hypothetical_protein	4ftx-assembly1.cif.gz_B	4ftx-assembly1.cif.gz_B Crystal structure of Ego3 homodimer	3.451E-03	0.998	93	1	98	140	25	144	154	124	0.700	0.779
LOKIASV2_1460_ESMFold_hypothetical_protein	4b93-assembly1.cif.gz_A	4b93-assembly1.cif.gz_A Complex of Vamp7 cytoplasmic domain with 2nd ankyrin repeat domain of Varp	7.045E-03	0.998	93	1	107	140	1	97	157	113	0.764	0.618
LOKIASV2_1460_ESMFold_hypothetical_protein	7ux2-assembly1.cif.gz_I	7ux2-assembly1.cif.gz_I cryo-EM structure of the Raptor-TFEB-Rag-Ragulator complex	6.602E-03	0.998	93	2	98	140	194	294	298	104	0.693	0.339
LOKIASV2_1460_ESMFold_hypothetical_protein	7rw9-assembly1.cif.gz_M	7rw9-assembly1.cif.gz_M AP2 bound to heparin in the bowl conformation	3.683E-03	0.997	92	4	117	140	2	114	135	122	0.814	0.837
LOKIASV2_1460_ESMFold_hypothetical_protein	2hf6-assembly1.cif.gz_A	2hf6-assembly1.cif.gz_A Solution structure of human zeta-COP	1.804E-03	0.997	92	3	123	140	12	126	149	129	0.864	0.772
LOKIASV2_1460_ESMFold_hypothetical_protein	2j3t-assembly1.cif.gz_D	2j3t-assembly1.cif.gz_D The crystal structure of the bet3-trs33-bet5-trs23 complex.	1.438E-02	0.997	91	4	124	140	2	203	210	209	0.864	0.962
LOKIASV2_1460_ESMFold_hypothetical_protein	7qla-assembly1.cif.gz_C	7qla-assembly1.cif.gz_C Structure of the Rab GEF complex Mon1-Ccz1	1.040E-02	0.997	91	3	76	140	6	100	441	96	0.529	0.215
LOKIASV2_1460_ESMFold_hypothetical_protein	7t3b-assembly1.cif.gz_G	7t3b-assembly1.cif.gz_G GATOR1-RAG-RAGULATOR - GAP Complex	5.799E-03	0.996	90	1	91	140	15	113	124	101	0.650	0.798
LOKIASV2_1460_ESMFold_hypothetical_protein	8fw5-assembly1.cif.gz_D	8fw5-assembly1.cif.gz_D Chimeric HsGATOR1-SpGtr-SpLam complex	1.040E-02	0.996	90	3	99	140	194	296	301	107	0.693	0.342
LOKIASV2_1460_ESMFold_hypothetical_protein	7e93-assembly1.cif.gz_E	7e93-assembly1.cif.gz_E Intact TRAPPII (state III).	6.602E-03	0.996	89	4	127	140	2	157	160	163	0.886	0.975
LOKIASV2_1460_ESMFold_hypothetical_protein	6ulg-assembly1.cif.gz_F	6ulg-assembly1.cif.gz_F Cryo-EM structure of the FLCN-FNIP2-Rag-Ragulator complex	1.263E-02	0.996	89	2	89	140	172	263	273	94	0.629	0.337
LOKIASV2_1460_ESMFold_hypothetical_protein	7e8s-assembly1.cif.gz_P	7e8s-assembly1.cif.gz_P Intact TRAPPII (state I).	1.438E-02	0.994	87	2	101	140	1	139	161	140	0.714	0.863
LOKIASV2_1460_ESMFold_hypothetical_protein	6wj3-assembly1.cif.gz_B	6wj3-assembly1.cif.gz_B CryoEM structure of the SLC38A9-RagA-RagC-Ragulator complex in the post-GAP state	8.558E-03	0.993	86	1	91	140	17	110	120	99	0.650	0.783
LOKIASV2_1460_ESMFold_hypothetical_protein	3lgo-assembly1.cif.gz_A	3lgo-assembly1.cif.gz_A Structure of Gse1p, member of the GSE/EGO complex	1.040E-02	0.992	85	4	98	140	29	134	140	112	0.679	0.757
LOKIASV2_1460_ESMFold_hypothetical_protein	5y39-assembly2.cif.gz_J	5y39-assembly2.cif.gz_J Crystal structure of Ragulator complex (p18 76-145)	1.184E-02	0.991	84	4	74	140	16	81	84	74	0.507	0.786
LOKIASV2_1460_ESMFold_hypothetical_protein	8bwy-assembly1.cif.gz_F	8bwy-assembly1.cif.gz_F In situ outer dynein arm from Chlamydomonas reinhardtii in a pre-power stroke state	1.637E-02	0.990	83	1	76	140	12	96	98	89	0.543	0.867
LOKIASV2_1460_ESMFold_hypothetical_protein	6ehr-assembly1.cif.gz_F	6ehr-assembly1.cif.gz_F The crystal structure of the human LAMTOR-RagA CTD-RagC CTD complex	1.747E-02	0.990	83	2	96	140	17	108	110	99	0.679	0.836
LOKIASV2_1460_ESMFold_hypothetical_protein	7b70-assembly1.cif.gz_D	7b70-assembly1.cif.gz_D TRAPPCore plus C8 (355-596) and C11 (1-718) from MiniTRAPPIII	2.578E-02	0.990	83	2	130	140	1	210	219	220	0.921	0.959
LOKIASV2_1460_ESMFold_hypothetical_protein	7e2d-assembly1.cif.gz_E	7e2d-assembly1.cif.gz_E Monomer of TRAPPII (Closed)	1.637E-02	0.988	82	2	101	140	1	144	166	145	0.714	0.867
LOKIASV2_1460_ESMFold_hypothetical_protein	4arz-assembly1.cif.gz_A	4arz-assembly1.cif.gz_A The crystal structure of Gtr1p-Gtr2p complexed with GTP-GDP	1.109E-02	0.988	82	4	78	140	199	270	291	77	0.536	0.247
LOKIASV2_1460_ESMFold_hypothetical_protein	1ifq-assembly1.cif.gz_A	1ifq-assembly1.cif.gz_A Sec22b N-terminal domain	3.132E-02	0.986	81	1	121	140	1	121	127	126	0.864	0.953
LOKIASV2_1460_ESMFold_hypothetical_protein	2j3w-assembly1.cif.gz_C	2j3w-assembly1.cif.gz_C The crystal structure of the bet3-trs31-sedlin complex.	2.416E-02	0.984	80	6	128	140	8	131	135	133	0.879	0.919
LOKIASV2_1460_ESMFold_hypothetical_protein	6jwp-assembly2.cif.gz_J	6jwp-assembly2.cif.gz_J crystal structure of EGOC	1.989E-02	0.984	80	4	94	140	31	130	144	106	0.650	0.694
LOKIASV2_1460_ESMFold_hypothetical_protein	5yk3-assembly2.cif.gz_D	5yk3-assembly2.cif.gz_D human Ragulator complex	2.935E-02	0.981	79	1	75	140	11	87	96	83	0.536	0.802
LOKIASV2_1460_ESMFold_hypothetical_protein	7k5b-assembly1.cif.gz_G	7k5b-assembly1.cif.gz_G Structure of outer-arm dynein bound to microtubule doublet in microtubule binding state 2 (MTBS-2)	2.935E-02	0.981	79	1	76	140	69	148	151	82	0.543	0.530
LOKIASV2_1460_ESMFold_hypothetical_protein	8c7g-assembly1.cif.gz_B	8c7g-assembly1.cif.gz_B Drosophila melanogaster Rab7 GEF complex Mon1-Ccz1-Bulli	2.578E-02	0.981	79	4	97	140	7	121	402	118	0.671	0.286
LOKIASV2_1460_ESMFold_hypothetical_protein	7ux2-assembly1.cif.gz_G	7ux2-assembly1.cif.gz_G cryo-EM structure of the Raptor-TFEB-Rag-Ragulator complex	4.060E-02	0.978	78	2	76	140	9	81	84	78	0.536	0.869
LOKIASV2_1460_ESMFold_hypothetical_protein	8dhb-assembly1.cif.gz_E	8dhb-assembly1.cif.gz_E Active FLCN GAP complex	1.184E-02	0.978	78	3	98	140	13	111	116	102	0.686	0.853
LOKIASV2_1460_ESMFold_hypothetical_protein	5vnf-assembly1.cif.gz_C	5vnf-assembly1.cif.gz_C Crystal structure of Sec23a/Sec24a/Sec22 complexed with a C-terminal VV sorting motif	4.622E-02	0.978	78	6	125	140	4	120	135	125	0.857	0.867
LOKIASV2_1460_ESMFold_hypothetical_protein	7p3z-assembly1.cif.gz_S	7p3z-assembly1.cif.gz_S Homology model of the full-length AP-3 complex in a stretched open conformation	8.021E-03	0.978	78	4	135	140	2	166	168	177	0.943	0.982
LOKIASV2_1460_ESMFold_hypothetical_protein	5vnj-assembly1.cif.gz_C	5vnj-assembly1.cif.gz_C Crystal structure of Sec23a/Sec24a/Sec22 complexed with a C-terminal FF sorting motif (ERGIC-53)	5.615E-02	0.975	77	6	125	140	4	120	137	125	0.857	0.854
LOKIASV2_1460_ESMFold_hypothetical_protein	8dhb-assembly1.cif.gz_B	8dhb-assembly1.cif.gz_B Active FLCN GAP complex	3.342E-02	0.975	77	2	98	140	174	274	277	103	0.693	0.365
LOKIASV2_1460_ESMFold_hypothetical_protein	6wj3-assembly1.cif.gz_F	6wj3-assembly1.cif.gz_F CryoEM structure of the SLC38A9-RagA-RagC-Ragulator complex in the post-GAP state	2.416E-02	0.975	77	1	100	140	177	281	281	108	0.714	0.374
LOKIASV2_1460_ESMFold_hypothetical_protein	2dmw-assembly1.cif.gz_A	2dmw-assembly1.cif.gz_A Solution structure of the LONGIN domain of Synaptobrevin-like protein 1	5.991E-02	0.971	76	3	107	140	9	103	131	106	0.750	0.725
LOKIASV2_1460_ESMFold_hypothetical_protein	7og1-assembly1.cif.gz_SSS	7og1-assembly1.cif.gz_SSS AP2 clathrin adaptor core in complex with cargo peptide and FCHO2	2.578E-02	0.971	76	4	108	140	2	107	142	113	0.750	0.746
LOKIASV2_1460_ESMFold_hypothetical_protein	6jwp-assembly1.cif.gz_E	6jwp-assembly1.cif.gz_E crystal structure of EGOC	2.264E-02	0.971	76	4	94	140	31	139	146	113	0.650	0.747
LOKIASV2_1460_ESMFold_hypothetical_protein	6jwp-assembly2.cif.gz_F	6jwp-assembly2.cif.gz_F crystal structure of EGOC	2.578E-02	0.971	76	2	94	140	197	287	289	97	0.664	0.315
LOKIASV2_1460_ESMFold_hypothetical_protein	4fuw-assembly1.cif.gz_A	4fuw-assembly1.cif.gz_A Crystal structure of Ego3 mutant	2.663E-03	0.961	74	4	98	140	18	127	140	115	0.679	0.786
LOKIASV2_1460_ESMFold_hypothetical_protein	3t1x-assembly1.cif.gz_A-2	3t1x-assembly1.cif.gz_A-2 MglB R124A E127A Monomer	2.264E-02	0.956	73	4	98	140	24	130	134	108	0.679	0.799
LOKIASV2_1460_ESMFold_hypothetical_protein	8dhb-assembly1.cif.gz_G	8dhb-assembly1.cif.gz_G Active FLCN GAP complex	5.615E-02	0.949	72	3	76	140	19	88	89	76	0.529	0.787
LOKIASV2_1460_ESMFold_hypothetical_protein	1nrj-assembly1.cif.gz_A	1nrj-assembly1.cif.gz_A Signal Recognition Particle Receptor Beta-Subunit in Complex with the SRX Domain from the Alpha-Subunit	1.438E-02	0.949	72	4	111	140	2	120	147	127	0.771	0.810
LOKIASV2_1460_ESMFold_hypothetical_protein	2b95-assembly1.cif.gz_B	2b95-assembly1.cif.gz_B Solution NMR structure of protein dynein light chain 2A, cytoplasmic; Northeast structural genomics consortium TARGET HR2106	3.132E-02	0.933	70	1	76	140	14	92	96	82	0.543	0.823
LOKIASV2_1460_ESMFold_hypothetical_protein	6jwp-assembly1.cif.gz_A	6jwp-assembly1.cif.gz_A crystal structure of EGOC	5.991E-02	0.933	70	4	90	140	185	270	275	92	0.621	0.313
LOKIASV2_1460_ESMFold_hypothetical_protein	4fuw-assembly1.cif.gz_B	4fuw-assembly1.cif.gz_B Crystal structure of Ego3 mutant	3.930E-03	0.923	69	4	98	140	18	130	143	118	0.679	0.790
LOKIASV2_1460_ESMFold_hypothetical_protein	4ftx-assembly1.cif.gz_A	4ftx-assembly1.cif.gz_A Crystal structure of Ego3 homodimer	1.438E-02	0.912	68	1	98	140	25	148	158	127	0.700	0.785
LOKIASV2_1460_ESMFold_hypothetical_protein	8fw5-assembly1.cif.gz_G	8fw5-assembly1.cif.gz_G Chimeric HsGATOR1-SpGtr-SpLam complex	7.517E-03	0.912	68	1	91	140	16	147	160	132	0.650	0.825
LOKIASV2_1460_ESMFold_hypothetical_protein	7u05-assembly1.cif.gz_H	7u05-assembly1.cif.gz_H Structure of the yeast TRAPPII-Rab11/Ypt32 complex in the closed/closed state (composite structure)	7.766E-02	0.912	68	4	97	140	2	147	179	149	0.671	0.816
LOKIASV2_1460_ESMFold_hypothetical_protein	3bw6-assembly1.cif.gz_A	3bw6-assembly1.cif.gz_A Crystal structure of the longin domain of yeast Ykt6	9.434E-02	0.900	67	3	107	140	4	114	137	117	0.750	0.810
LOKIASV2_1460_ESMFold_hypothetical_protein	3r7w-assembly1.cif.gz_A	3r7w-assembly1.cif.gz_A Crystal Structure of Gtr1p-Gtr2p complex	8.286E-02	0.900	67	2	91	140	197	283	289	92	0.643	0.301
LOKIASV2_1460_ESMFold_hypothetical_protein	7q3d-assembly1.cif.gz_B	7q3d-assembly1.cif.gz_B Structure of the human CPLANE complex	5.991E-02	0.887	66	6	75	140	7	88	453	82	0.500	0.181
LOKIASV2_1460_ESMFold_hypothetical_protein	7t3c-assembly1.cif.gz_I	7t3c-assembly1.cif.gz_I GATOR1-RAG-RAGULATOR - Dual Complex	1.486E-01	0.872	65	1	78	140	9	84	85	81	0.557	0.894
LOKIASV2_1460_ESMFold_hypothetical_protein	4arz-assembly1.cif.gz_B	4arz-assembly1.cif.gz_B The crystal structure of Gtr1p-Gtr2p complexed with GTP-GDP	2.496E-01	0.855	64	3	76	140	197	275	304	80	0.529	0.260
LOKIASV2_1460_ESMFold_hypothetical_protein	7ct3-assembly1.cif.gz_A	7ct3-assembly1.cif.gz_A Crystal Structure of MglC from Myxococcus xanthus	4.060E-02	0.837	63	3	91	140	16	119	120	106	0.636	0.867
LOKIASV2_1460_ESMFold_hypothetical_protein	7f8m-assembly3.cif.gz_F	7f8m-assembly3.cif.gz_F Roadblock from Thorarchaeota SMTZ1-45	6.821E-02	0.795	61	1	90	140	14	114	116	104	0.643	0.871
LOKIASV2_1460_ESMFold_hypothetical_protein	6nzd-assembly1.cif.gz_F	6nzd-assembly1.cif.gz_F Cryo-EM Structure of the Lysosomal Folliculin Complex (FLCN-FNIP2-RagA-RagC-Ragulator)	2.192E-01	0.795	61	2	94	140	138	226	227	96	0.664	0.392
LOKIASV2_1460_ESMFold_hypothetical_protein	2gnx-assembly1.cif.gz_A	2gnx-assembly1.cif.gz_A X-ray structure of a hypothetical protein from Mouse Mm.209172	1.691E-01	0.795	61	2	91	140	182	274	288	96	0.643	0.323
LOKIASV2_1460_ESMFold_hypothetical_protein	3kyq-assembly1.cif.gz_A	3kyq-assembly1.cif.gz_A Lipid-induced Conformational Switch Controls Fusion Activity of Longin Domain SNARE Ykt6	2.192E-01	0.772	60	3	104	140	3	110	193	114	0.729	0.560
LOKIASV2_1460_ESMFold_hypothetical_protein	7t3c-assembly1.cif.gz_D	7t3c-assembly1.cif.gz_D GATOR1-RAG-RAGULATOR - Dual Complex	1.305E-01	0.772	60	5	75	140	197	271	296	79	0.507	0.253
LOKIASV2_1460_ESMFold_hypothetical_protein	7uxh-assembly1.cif.gz_i	7uxh-assembly1.cif.gz_i cryo-EM structure of the mTORC1-TFEB-Rag-Ragulator complex	9.434E-02	0.747	59	2	76	140	16	88	89	85	0.536	0.820
LOKIASV2_1460_ESMFold_hypothetical_protein	4xpm-assembly1.cif.gz_C	4xpm-assembly1.cif.gz_C Crystal structure of EGO-TC	2.578E-02	0.747	59	4	76	140	31	115	143	89	0.521	0.594
LOKIASV2_1460_ESMFold_hypothetical_protein	6jwp-assembly2.cif.gz_G	6jwp-assembly2.cif.gz_G crystal structure of EGOC	1.486E-01	0.747	59	3	101	140	86	196	197	112	0.707	0.563
LOKIASV2_1460_ESMFold_hypothetical_protein	6j74-assembly1.cif.gz_C	6j74-assembly1.cif.gz_C Complex of GGTaseIII and full-length Ykt6	1.926E-01	0.720	58	2	104	140	1	109	192	115	0.736	0.568
LOKIASV2_1460_ESMFold_hypothetical_protein	3leq-assembly1.cif.gz_A	3leq-assembly1.cif.gz_A The Crystal Structure of the Roadblock/LC7 domain from Streptomyces avermitillis to 1.85A	1.146E-01	0.692	57	1	91	140	15	101	102	97	0.650	0.853
LOKIASV2_1460_ESMFold_hypothetical_protein	1h3q-assembly1.cif.gz_A	1h3q-assembly1.cif.gz_A Crystal structure of SEDL at 2.4 Angstroms resolution	1.486E-01	0.663	56	6	120	140	6	132	140	133	0.821	0.907
LOKIASV2_1460_ESMFold_hypothetical_protein	1iou-assembly1.cif.gz_A	1iou-assembly1.cif.gz_A SOLUTION STRUCTURE OF YKT6P (1-140)	2.055E-01	0.663	56	2	104	140	1	109	140	110	0.736	0.779
LOKIASV2_1460_ESMFold_hypothetical_protein	7t3b-assembly1.cif.gz_E	7t3b-assembly1.cif.gz_E GATOR1-RAG-RAGULATOR - GAP Complex	3.235E-01	0.632	55	4	100	140	194	305	305	115	0.693	0.367
LOKIASV2_1460_ESMFold_hypothetical_protein	6ekk-assembly1.cif.gz_A	6ekk-assembly1.cif.gz_A Crystal structure of GEF domain of DENND 1A in complex with Rab GTPase Rab35-GDP bound state.	5.095E-01	0.537	52	3	98	140	11	107	375	103	0.686	0.259
LOKIASV2_1460_ESMFold_hypothetical_protein	2zmv-assembly1.cif.gz_A	2zmv-assembly1.cif.gz_A Crystal structure of Synbindin	7.519E-01	0.411	48	4	131	140	2	201	202	207	0.914	0.990
LOKIASV2_1460_ESMFold_hypothetical_protein	3tw8-assembly2.cif.gz_C	3tw8-assembly2.cif.gz_C GEF domain of DENND 1B in complex with Rab GTPase Rab35	3.930E-01	0.326	45	3	112	140	13	134	362	129	0.786	0.337
LOKIASV2_1460_ESMFold_hypothetical_protein	7kmt-assembly1.cif.gz_K	7kmt-assembly1.cif.gz_K Structure of the yeast TRAPPIII-Ypt1(Rab1) complex	1.438E+00	0.301	44	5	128	140	2	128	131	137	0.886	0.969
LOKIASV2_1460_ESMFold_hypothetical_protein	7b70-assembly1.cif.gz_E	7b70-assembly1.cif.gz_E TRAPPCore plus C8 (355-596) and C11 (1-718) from MiniTRAPPIII	7.519E-01	0.254	42	6	121	140	5	135	139	138	0.829	0.942
LOKIASV2_1460_ESMFold_hypothetical_protein	6nzd-assembly1.cif.gz_I	6nzd-assembly1.cif.gz_I Cryo-EM Structure of the Lysosomal Folliculin Complex (FLCN-FNIP2-RagA-RagC-Ragulator)	2.055E-01	0.254	42	1	133	140	1	132	388	146	0.950	0.340
LOKIASV2_1460_ESMFold_hypothetical_protein	8d9w-assembly1.cif.gz_a	8d9w-assembly1.cif.gz_a beta-Arf1 homodimeric interface within AP-1, Arf1, Nef, MHC-I lattice on narrow tubes	2.265E+00	0.233	41	53	100	140	18	63	322	48	0.343	0.143
LOKIASV2_1460_ESMFold_hypothetical_protein	6ekk-assembly2.cif.gz_B	6ekk-assembly2.cif.gz_B Crystal structure of GEF domain of DENND 1A in complex with Rab GTPase Rab35-GDP bound state.	9.746E-01	0.233	41	3	98	140	11	109	381	109	0.686	0.260
LOKIASV2_1460_ESMFold_hypothetical_protein	2zmv-assembly1.cif.gz_B	2zmv-assembly1.cif.gz_B Crystal structure of Synbindin	8.023E-01	0.214	40	4	124	140	2	200	203	208	0.864	0.980
LOKIASV2_1460_ESMFold_hypothetical_protein	2p7j-assembly1.cif.gz_A	2p7j-assembly1.cif.gz_A Crystal structure of the domain of putative sensory box/GGDEF family protein from Vibrio parahaemolyticus	6.604E-01	0.164	37	7	78	140	182	260	265	85	0.514	0.298
LOKIASV2_1460_ESMFold_hypothetical_protein	2m1c-assembly1.cif.gz_B	2m1c-assembly1.cif.gz_B HADDOCK structure of GtYybT PAS Homodimer	1.864E+00	0.138	35	1	76	140	32	112	113	86	0.543	0.717
LOKIASV2_1460_ESMFold_hypothetical_protein	4l9g-assembly1.cif.gz_B	4l9g-assembly1.cif.gz_B Structure of PpsR N-Q-PAS1 from Rb. sphaeroides	6.189E-01	0.116	33	4	133	140	18	143	246	149	0.929	0.512
LOKIASV2_1460_ESMFold_hypothetical_protein	6ior-assembly1.cif.gz_A	6ior-assembly1.cif.gz_A The ligand binding domain of Mlp24 with asparagine	1.110E+00	0.098	31	7	76	140	166	229	241	77	0.500	0.266
LOKIASV2_1460_ESMFold_hypothetical_protein	3ogd-assembly1.cif.gz_A	3ogd-assembly1.cif.gz_A AlkA Undamaged DNA Complex: Interrogation of a G*:C base pair	2.192E-01	0.076	28	1	103	140	1	96	288	117	0.736	0.333
LOKIASV2_1460_ESMFold_hypothetical_protein	6zj8-assembly7.cif.gz_G	6zj8-assembly7.cif.gz_G Structure of the PAS domain from Bordetella pertussis BvgS	6.189E-01	0.069	27	5	94	140	16	134	136	120	0.643	0.875
LOKIASV2_1460_ESMFold_hypothetical_protein	3dpu-assembly1.cif.gz_B	3dpu-assembly1.cif.gz_B RocCOR domain tandem of Rab family protein (Roco)	1.438E+00	0.069	27	3	101	140	182	272	328	104	0.707	0.277
LOKIASV2_1460_ESMFold_hypothetical_protein	6v4u-assembly1.cif.gz_A	6v4u-assembly1.cif.gz_A Cryo-EM structure of SMCR8-C9orf72-WDR41 complex	3.342E+00	0.069	27	3	121	140	2	131	356	135	0.850	0.365
LOKIASV2_1460_ESMFold_hypothetical_protein	5i5l-assembly1.cif.gz_A-2	5i5l-assembly1.cif.gz_A-2 The photosensory module (PAS-GAF-PHY) of the bacterial phytochrome Agp1 (AtBphP1) in the Pr form, chromophore modelled with an endocyclic double bond in pyrrole ring A	1.438E+00	0.069	27	6	105	140	18	128	480	123	0.714	0.231
LOKIASV2_1460_ESMFold_hypothetical_protein	4hbo-assembly2.cif.gz_B-3	4hbo-assembly2.cif.gz_B-3 Crystal Structure of Rubella virus capsid protein (residues 127-277)	9.746E-01	0.063	26	6	76	140	4	73	76	79	0.507	0.921
LOKIASV2_1460_ESMFold_hypothetical_protein	8dhb-assembly1.cif.gz_I	8dhb-assembly1.cif.gz_I Active FLCN GAP complex	1.040E+00	0.063	26	1	128	140	1	128	387	146	0.914	0.331
LOKIASV2_1460_ESMFold_hypothetical_protein	4ffb-assembly1.cif.gz_B	4ffb-assembly1.cif.gz_B A TOG:alpha/beta-tubulin Complex Structure Reveals Conformation-Based Mechanisms For a Microtubule Polymerase	1.747E+00	0.063	26	69	132	140	351	414	421	64	0.457	0.152
LOKIASV2_1460_ESMFold_hypothetical_protein	6ksv-assembly1.cif.gz_A	6ksv-assembly1.cif.gz_A Crystal structure of SurE with D-Leu	6.394E+00	0.063	26	48	91	140	272	321	427	50	0.314	0.117
LOKIASV2_1460_ESMFold_hypothetical_protein	5mf4-assembly1.cif.gz_B	5mf4-assembly1.cif.gz_B Tubulin-Dictyostatin complex	1.747E+00	0.063	26	69	132	140	358	421	427	64	0.457	0.150
LOKIASV2_1460_ESMFold_hypothetical_protein	6ksu-assembly2.cif.gz_B	6ksu-assembly2.cif.gz_B Crystal structure of SurE	8.288E+00	0.063	26	52	91	140	294	333	439	40	0.286	0.091
LOKIASV2_1460_ESMFold_hypothetical_protein	5zau-assembly1.cif.gz_B	5zau-assembly1.cif.gz_B Complex of the human FYN SH3 and monobody binder	4.333E+00	0.057	25	50	89	140	21	59	64	40	0.286	0.609
LOKIASV2_1460_ESMFold_hypothetical_protein	3ost-assembly1.cif.gz_A	3ost-assembly1.cif.gz_A Structure of the Kinase Associated-1 (KA1) from Kcc4p	4.623E+00	0.057	25	58	98	140	75	114	119	42	0.293	0.336
LOKIASV2_1460_ESMFold_hypothetical_protein	1aqc-assembly2.cif.gz_B-2	1aqc-assembly2.cif.gz_B-2 X11 PTB DOMAIN-10MER PEPTIDE COMPLEX	1.989E+00	0.057	25	52	98	140	69	113	122	48	0.336	0.369
LOKIASV2_1460_ESMFold_hypothetical_protein	8er0-assembly2.cif.gz_B	8er0-assembly2.cif.gz_B X-ray crystal structure of Tet(X6) bound to anhydrotetracycline	4.333E+00	0.057	25	6	75	140	180	226	368	72	0.500	0.128
LOKIASV2_1460_ESMFold_hypothetical_protein	4hh2-assembly1.cif.gz_B	4hh2-assembly1.cif.gz_B Structure of PpsR without the HTH motif from Rb. sphaeroides	2.579E+00	0.057	25	4	133	140	18	149	369	154	0.929	0.358
LOKIASV2_1460_ESMFold_hypothetical_protein	3ty7-assembly1.cif.gz_A	3ty7-assembly1.cif.gz_A Crystal Structure of Aldehyde Dehydrogenase family Protein from Staphylococcus aureus	3.805E+00	0.057	25	29	62	140	105	135	452	34	0.243	0.069
LOKIASV2_1460_ESMFold_hypothetical_protein	3ty7-assembly1.cif.gz_B	3ty7-assembly1.cif.gz_B Crystal Structure of Aldehyde Dehydrogenase family Protein from Staphylococcus aureus	3.342E+00	0.057	25	29	62	140	105	135	454	34	0.243	0.068
LOKIASV2_1460_ESMFold_hypothetical_protein	1wqa-assembly1.cif.gz_A	1wqa-assembly1.cif.gz_A Crystal Structure of Pyrococcus horikoshii phosphomannomutase/phosphoglucomutase complexed with Mg2+	3.133E+00	0.057	25	35	91	140	387	448	455	63	0.407	0.136
LOKIASV2_1460_ESMFold_hypothetical_protein	7e8t-assembly1.cif.gz_H	7e8t-assembly1.cif.gz_H Monomer of Ypt32-TRAPPII	8.288E+00	0.051	24	6	121	140	3	145	147	145	0.829	0.973
LOKIASV2_1460_ESMFold_hypothetical_protein	5ey2-assembly1.cif.gz_C	5ey2-assembly1.cif.gz_C Crystal structure of CodY from Bacillus cereus	3.342E+00	0.051	24	6	137	140	36	142	231	135	0.943	0.463
LOKIASV2_1460_ESMFold_hypothetical_protein	3oh6-assembly1.cif.gz_A	3oh6-assembly1.cif.gz_A AlkA Undamaged DNA Complex: Interrogation of a C:G base pair	7.047E-01	0.051	24	1	103	140	1	96	288	117	0.736	0.333
LOKIASV2_1460_ESMFold_hypothetical_protein	3c6k-assembly2.cif.gz_C	3c6k-assembly2.cif.gz_C Crystal structure of human spermine synthase in complex with spermidine and 5-methylthioadenosine	6.394E+00	0.051	24	52	98	140	44	90	346	48	0.336	0.136
LOKIASV2_1460_ESMFold_hypothetical_protein	6hmj-assembly1.cif.gz_A	6hmj-assembly1.cif.gz_A Structure of an RNA-binding Light-Oxygen-Voltage Receptor	2.265E+00	0.051	24	6	99	140	4	123	359	122	0.671	0.334
LOKIASV2_1460_ESMFold_hypothetical_protein	4u3j-assembly1.cif.gz_B	4u3j-assembly1.cif.gz_B TOG2:alpha/beta-tubulin complex	2.417E+00	0.051	24	70	131	140	350	411	417	62	0.443	0.149
LOKIASV2_1460_ESMFold_hypothetical_protein	4i50-assembly1.cif.gz_B	4i50-assembly1.cif.gz_B Crystal structure of tubulin-stathmin-TTL-Epothilone A complex	2.751E+00	0.051	24	69	132	140	354	417	422	64	0.457	0.152
LOKIASV2_1460_ESMFold_hypothetical_protein	5jcb-assembly1.cif.gz_B	5jcb-assembly1.cif.gz_B Microtubule depolymerizing agent podophyllotoxin derivative YJTSF1	2.579E+00	0.051	24	69	132	140	357	420	423	64	0.457	0.151
LOKIASV2_1460_ESMFold_hypothetical_protein	7z7d-assembly1.cif.gz_B	7z7d-assembly1.cif.gz_B Tubulin-Todalam-Vinblastine-complex	2.417E+00	0.051	24	69	131	140	361	423	429	63	0.450	0.147
LOKIASV2_1460_ESMFold_hypothetical_protein	5lly-assembly1.cif.gz_C	5lly-assembly1.cif.gz_C Photosensory Module of Bacteriophytochrome linked Diguanylyl Cyclase from Idiomarina species A28L	5.616E+00	0.051	24	6	99	140	24	130	509	111	0.671	0.210
LOKIASV2_1460_ESMFold_hypothetical_protein	5lly-assembly2.cif.gz_A	5lly-assembly2.cif.gz_A Photosensory Module of Bacteriophytochrome linked Diguanylyl Cyclase from Idiomarina species A28L	3.133E+00	0.051	24	6	99	140	25	131	512	120	0.671	0.209
LOKIASV2_1460_ESMFold_hypothetical_protein	7s9y-assembly1.cif.gz_A	7s9y-assembly1.cif.gz_A Helicobacter Hepaticus CcsBA Open Conformation	2.417E+00	0.051	24	51	101	140	276	330	901	55	0.364	0.061
LOKIASV2_1460_ESMFold_hypothetical_protein	1bf4-assembly1.cif.gz_A	1bf4-assembly1.cif.gz_A CHROMOSOMAL DNA-BINDING PROTEIN SSO7D/D(GCGAACGC) COMPLEX	8.843E+00	0.045	23	50	91	140	20	60	63	42	0.300	0.651
LOKIASV2_1460_ESMFold_hypothetical_protein	7r3g-assembly1.cif.gz_B	7r3g-assembly1.cif.gz_B PROSS optimitzed variant of RhlR (75 mutations) in complex with the synthetic antagonist mBTL	1.864E+00	0.045	23	6	127	140	39	219	236	185	0.871	0.767
LOKIASV2_1460_ESMFold_hypothetical_protein	5wad-assembly4.cif.gz_D	5wad-assembly4.cif.gz_D ADC-7 in complex with boronic acid transition state inhibitor CR161	7.768E+00	0.045	23	52	91	140	300	342	343	43	0.286	0.125
LOKIASV2_1460_ESMFold_hypothetical_protein	4u0t-assembly8.cif.gz_H	4u0t-assembly8.cif.gz_H Crystal structure of ADC-7 beta-lactamase	7.280E+00	0.045	23	52	91	140	306	348	349	43	0.286	0.123
LOKIASV2_1460_ESMFold_hypothetical_protein	8fqs-assembly1.cif.gz_B	8fqs-assembly1.cif.gz_B ADC-212 in complex with boronic acid transition state inhibitor MB076	7.280E+00	0.045	23	52	77	140	309	334	355	26	0.186	0.073
LOKIASV2_1460_ESMFold_hypothetical_protein	7cpq-assembly1.cif.gz_B	7cpq-assembly1.cif.gz_B crystal structure of T2R-TTL-(+)-6-Cl-JP18 complex	3.342E+00	0.045	23	69	132	140	354	417	420	64	0.457	0.152
LOKIASV2_1460_ESMFold_hypothetical_protein	5s4x-assembly1.cif.gz_B	5s4x-assembly1.cif.gz_B Tubulin-Z2856434917-complex	2.936E+00	0.045	23	69	131	140	356	418	421	63	0.450	0.150
LOKIASV2_1460_ESMFold_hypothetical_protein	7evc-assembly1.cif.gz_B	7evc-assembly1.cif.gz_B Odinarchaeota tubulin (OdinTubulin) H393D mutant, in a protofilament arrangement, bound to 60% GTP/40% GDP and 2 Na+	3.342E+00	0.045	23	69	132	140	357	420	422	64	0.457	0.152
LOKIASV2_1460_ESMFold_hypothetical_protein	5la6-assembly1.cif.gz_B	5la6-assembly1.cif.gz_B Tubulin-pironetin complex	3.342E+00	0.045	23	69	132	140	356	419	422	64	0.457	0.152
LOKIASV2_1460_ESMFold_hypothetical_protein	7evh-assembly1.cif.gz_A	7evh-assembly1.cif.gz_A Odinarchaeota tubulin H393D mutant, in a psuedo protofilament arrangement, bound to 59% GDP, 41% phosphate	3.342E+00	0.045	23	69	132	140	358	421	423	64	0.457	0.151
LOKIASV2_1460_ESMFold_hypothetical_protein	6s8k-assembly1.cif.gz_B	6s8k-assembly1.cif.gz_B Structure, Thermodynamics, and Kinetics of Plinabulin Binding to two Tubulin Isotypes	3.566E+00	0.045	23	69	132	140	357	420	425	64	0.457	0.151
LOKIASV2_1460_ESMFold_hypothetical_protein	6ses-assembly1.cif.gz_B	6ses-assembly1.cif.gz_B Tubulin-B2 complex	3.342E+00	0.045	23	69	132	140	359	422	425	64	0.457	0.151
LOKIASV2_1460_ESMFold_hypothetical_protein	6x9l-assembly1.cif.gz_A	6x9l-assembly1.cif.gz_A Crystal Structure of Aldehyde Dehydrogenase C (AldC) mutant (C291A) from Pseudomonas syringae in complexed with NAD+ and Octanal	6.822E+00	0.045	23	40	62	140	119	141	485	23	0.164	0.047
LOKIASV2_1460_ESMFold_hypothetical_protein	4dx9-assembly6.cif.gz_K	4dx9-assembly6.cif.gz_K ICAP1 in complex with integrin beta 1 cytoplasmic tail	1.989E+00	0.040	22	50	91	140	65	113	116	50	0.300	0.422
LOKIASV2_1460_ESMFold_hypothetical_protein	7r3h-assembly2.cif.gz_C	7r3h-assembly2.cif.gz_C PROSS optimitzed variant of RhlR (75 mutations) in complex with native autoinducer C4-HSL	3.566E+00	0.040	22	6	127	140	40	216	233	183	0.871	0.760
LOKIASV2_1460_ESMFold_hypothetical_protein	8er1-assembly1.cif.gz_A	8er1-assembly1.cif.gz_A X-ray crystal structure of Tet(X6)	6.822E+00	0.040	22	6	75	140	180	226	371	70	0.500	0.127
LOKIASV2_1460_ESMFold_hypothetical_protein	5z4u-assembly1.cif.gz_B	5z4u-assembly1.cif.gz_B Crystal Structure of T2R-TTL complex with 7a3	3.342E+00	0.040	22	69	131	140	358	420	424	63	0.450	0.149
LOKIASV2_1460_ESMFold_hypothetical_protein	7alr-assembly1.cif.gz_B	7alr-assembly1.cif.gz_B Crystal structure of TD1-gatorbulin1 complex	3.342E+00	0.040	22	69	131	140	359	421	428	63	0.450	0.147
LOKIASV2_1460_ESMFold_hypothetical_protein	6tiy-assembly1.cif.gz_B	6tiy-assembly1.cif.gz_B DROSOPHILA GMPCPP-TUBULIN	3.133E+00	0.040	22	69	131	140	360	422	430	63	0.450	0.147
LOKIASV2_1460_ESMFold_hypothetical_protein	5lly-assembly1.cif.gz_D	5lly-assembly1.cif.gz_D Photosensory Module of Bacteriophytochrome linked Diguanylyl Cyclase from Idiomarina species A28L	3.342E+00	0.040	22	6	99	140	18	124	502	123	0.671	0.213
LOKIASV2_1460_ESMFold_hypothetical_protein	6et7-assembly1.cif.gz_B	6et7-assembly1.cif.gz_B Activated heterodimer of the bacteriophytochrome regulated diguanylyl cyclase variant - S505V A526V - from Idiomarina species A28L	7.280E+00	0.040	22	6	99	140	26	132	645	111	0.671	0.166
LOKIASV2_1460_ESMFold_hypothetical_protein	5u1t-assembly1.cif.gz_A	5u1t-assembly1.cif.gz_A Crystal structure of the Saccharomyces cerevisiae separase-securin complex at 2.6 angstrom resolution	1.747E+00	0.040	22	22	134	140	1004	1125	1486	127	0.807	0.082
LOKIASV2_1460_ESMFold_hypothetical_protein	6zj8-assembly3.cif.gz_C	6zj8-assembly3.cif.gz_C Structure of the PAS domain from Bordetella pertussis BvgS	1.348E+00	0.034	21	5	94	140	15	117	119	115	0.643	0.866
LOKIASV2_1460_ESMFold_hypothetical_protein	3jpu-assembly3.cif.gz_D	3jpu-assembly3.cif.gz_D LasR-TP4 complex	3.133E+00	0.034	21	6	110	140	32	160	162	137	0.750	0.796
LOKIASV2_1460_ESMFold_hypothetical_protein	6mab-assembly1.cif.gz_A	6mab-assembly1.cif.gz_A 1.7A resolution structure of RsbU from Chlamydia trachomatis (periplasmic domain)	2.417E+00	0.034	21	7	75	140	168	257	269	100	0.493	0.335
LOKIASV2_1460_ESMFold_hypothetical_protein	3dpt-assembly1.cif.gz_B	3dpt-assembly1.cif.gz_B COR domain of Rab family protein (Roco)	5.616E+00	0.034	21	3	101	140	153	243	299	110	0.707	0.304
LOKIASV2_1460_ESMFold_hypothetical_protein	2y6r-assembly3.cif.gz_C	2y6r-assembly3.cif.gz_C Structure of the TetX monooxygenase in complex with the substrate 7- chlortetracycline	4.060E+00	0.034	21	6	94	140	177	249	363	97	0.636	0.201
LOKIASV2_1460_ESMFold_hypothetical_protein	6wg9-assembly1.cif.gz_A	6wg9-assembly1.cif.gz_A Crystal structure of tetracycline destructase Tet(X7)	4.333E+00	0.034	21	6	91	140	180	248	365	92	0.614	0.189
LOKIASV2_1460_ESMFold_hypothetical_protein	6wg9-assembly2.cif.gz_B	6wg9-assembly2.cif.gz_B Crystal structure of tetracycline destructase Tet(X7)	6.394E+00	0.034	21	6	75	140	180	226	367	70	0.500	0.128
LOKIASV2_1460_ESMFold_hypothetical_protein	6gf3-assembly1.cif.gz_D	6gf3-assembly1.cif.gz_D Tubulin-Jerantinine B acetate complex	4.623E+00	0.034	21	69	131	140	352	414	421	63	0.450	0.150
LOKIASV2_1460_ESMFold_hypothetical_protein	7ogn-assembly1.cif.gz_D	7ogn-assembly1.cif.gz_D Crystal structure of T2R-TTL -mebendazole complex	4.060E+00	0.034	21	69	131	140	353	415	422	63	0.450	0.149
LOKIASV2_1460_ESMFold_hypothetical_protein	4drx-assembly1.cif.gz_B	4drx-assembly1.cif.gz_B GTP-Tubulin in complex with a DARPIN	4.333E+00	0.034	21	69	131	140	355	417	424	63	0.450	0.149
LOKIASV2_1460_ESMFold_hypothetical_protein	7odn-assembly1.cif.gz_B	7odn-assembly1.cif.gz_B Crystal structure of TD1-mebendazole complex	4.333E+00	0.034	21	69	131	140	357	419	426	63	0.450	0.148
LOKIASV2_1460_ESMFold_hypothetical_protein	6jt2-assembly1.cif.gz_A	6jt2-assembly1.cif.gz_A Structure of human soluble guanylate cyclase in the NO activated state	2.751E+00	0.034	21	3	140	140	155	305	506	179	0.986	0.298
LOKIASV2_1460_ESMFold_hypothetical_protein	4uoi-assembly4.cif.gz_F	4uoi-assembly4.cif.gz_F Unexpected structure for the N-terminal domain of Hepatitis C virus envelope glycoprotein E1	2.936E+00	0.029	20	19	76	140	10	65	75	60	0.414	0.747
LOKIASV2_1460_ESMFold_hypothetical_protein	3d8e-assembly1.cif.gz_A	3d8e-assembly1.cif.gz_A Crystal structure of the human Fe65-PTB1 domain (trigonal crystal form)	8.288E+00	0.029	20	57	101	140	79	123	123	45	0.321	0.366
LOKIASV2_1460_ESMFold_hypothetical_protein	3d8f-assembly4.cif.gz_D	3d8f-assembly4.cif.gz_D Crystal structure of the human Fe65-PTB1 domain with bound phosphate (trigonal crystal form)	9.436E+00	0.029	20	52	98	140	76	122	125	47	0.336	0.376
LOKIASV2_1460_ESMFold_hypothetical_protein	8p26-assembly4.cif.gz_G	8p26-assembly4.cif.gz_G Crystal structure of Arabidopsis thaliana PAXX	3.342E+00	0.029	20	52	98	140	90	139	143	50	0.336	0.350
LOKIASV2_1460_ESMFold_hypothetical_protein	3b8p-assembly2.cif.gz_A	3b8p-assembly2.cif.gz_A Fragment of WzzB, Polysaccharide Co-polymerase from Salmonella Typhimurium	1.438E+00	0.029	20	6	139	140	5	142	207	161	0.957	0.667
LOKIASV2_1460_ESMFold_hypothetical_protein	7r3i-assembly1.cif.gz_A	7r3i-assembly1.cif.gz_A PROSS optimitzed variant of RhlR (61 mutations) in complex with the synthetic antagonist mBTL	4.060E+00	0.029	20	6	127	140	38	218	235	184	0.871	0.770
LOKIASV2_1460_ESMFold_hypothetical_protein	2v43-assembly1.cif.gz_B	2v43-assembly1.cif.gz_B Crystal structure of RseB: a sensor for periplasmic stress response in E. coli	6.822E+00	0.029	20	52	87	140	236	270	276	38	0.257	0.127
LOKIASV2_1460_ESMFold_hypothetical_protein	3cz8-assembly1.cif.gz_A	3cz8-assembly1.cif.gz_A Crystal structure of putative sporulation-specific glycosylase ydhD from Bacillus subtilis	4.333E+00	0.029	20	5	91	140	214	288	302	92	0.621	0.248
LOKIASV2_1460_ESMFold_hypothetical_protein	2y6r-assembly4.cif.gz_D	2y6r-assembly4.cif.gz_D Structure of the TetX monooxygenase in complex with the substrate 7- chlortetracycline	4.623E+00	0.029	20	6	93	140	177	250	365	98	0.629	0.203
LOKIASV2_1460_ESMFold_hypothetical_protein	3v3n-assembly1.cif.gz_A	3v3n-assembly1.cif.gz_A Crystal structure of TetX2 T280A: an adaptive mutant in complex with minocycline	5.992E+00	0.029	20	3	75	140	172	224	367	78	0.521	0.144
LOKIASV2_1460_ESMFold_hypothetical_protein	3v3n-assembly4.cif.gz_D	3v3n-assembly4.cif.gz_D Crystal structure of TetX2 T280A: an adaptive mutant in complex with minocycline	5.992E+00	0.029	20	3	75	140	173	225	367	78	0.521	0.144
LOKIASV2_1460_ESMFold_hypothetical_protein	3v3n-assembly3.cif.gz_C	3v3n-assembly3.cif.gz_C Crystal structure of TetX2 T280A: an adaptive mutant in complex with minocycline	6.394E+00	0.029	20	3	75	140	173	225	368	78	0.521	0.144
LOKIASV2_1460_ESMFold_hypothetical_protein	7epv-assembly1.cif.gz_A	7epv-assembly1.cif.gz_A Crystal structure of tigecycline degrading monooxygenase Tet(X4)	8.843E+00	0.029	20	6	75	140	180	226	369	71	0.500	0.127
LOKIASV2_1460_ESMFold_hypothetical_protein	7un1-assembly1.cif.gz_KH	7un1-assembly1.cif.gz_KH 8-nm repeat of the human sperm tip singlet microtubule	5.616E+00	0.029	20	69	132	140	338	401	403	64	0.457	0.159
LOKIASV2_1460_ESMFold_hypothetical_protein	7f1b-assembly1.cif.gz_A	7f1b-assembly1.cif.gz_A Odinarchaeota tubulin H393D mutant, in a pseudo protofilament arrangement, after GTP hydrolysis and phosphate release	5.616E+00	0.029	20	69	132	140	348	411	413	64	0.457	0.155
LOKIASV2_1460_ESMFold_hypothetical_protein	5s66-assembly1.cif.gz_B	5s66-assembly1.cif.gz_B Tubulin-Z2856434929-complex	5.616E+00	0.029	20	69	132	140	353	416	419	64	0.457	0.153
LOKIASV2_1460_ESMFold_hypothetical_protein	6s8l-assembly1.cif.gz_B	6s8l-assembly1.cif.gz_B Structure, Thermodynamics, and Kinetics of Plinabulin Binding to two Tubulin Isotypes	4.933E+00	0.029	20	69	131	140	352	414	420	63	0.450	0.150
LOKIASV2_1460_ESMFold_hypothetical_protein	6ksv-assembly2.cif.gz_B	6ksv-assembly2.cif.gz_B Crystal structure of SurE with D-Leu	6.394E+00	0.029	20	52	97	140	281	323	426	48	0.329	0.101
LOKIASV2_1460_ESMFold_hypothetical_protein	6tiy-assembly1.cif.gz_D	6tiy-assembly1.cif.gz_D DROSOPHILA GMPCPP-TUBULIN	5.263E+00	0.029	20	69	131	140	358	420	427	63	0.450	0.148
LOKIASV2_1460_ESMFold_hypothetical_protein	7pjf-assembly1.cif.gz_B	7pjf-assembly1.cif.gz_B Inhibiting parasite proliferation using a rationally designed anti-tubulin agent	5.992E+00	0.029	20	69	132	140	360	423	428	64	0.457	0.150
LOKIASV2_1460_ESMFold_hypothetical_protein	3j8x-assembly1.cif.gz_B	3j8x-assembly1.cif.gz_B High-resolution structure of no-nucleotide kinesin on microtubules	5.616E+00	0.029	20	70	132	140	363	425	431	63	0.450	0.146
LOKIASV2_1460_ESMFold_hypothetical_protein	6ph4-assembly1.cif.gz_B	6ph4-assembly1.cif.gz_B Full length LOV-PAS-HK construct from the LOV-HK sensory protein from Brucella abortus (light-adapted, construct 15-489)	9.746E-01	0.029	20	6	135	140	156	318	460	175	0.929	0.354
LOKIASV2_1460_ESMFold_hypothetical_protein	2z0f-assembly1.cif.gz_A	2z0f-assembly1.cif.gz_A Crystal structure of putative phosphoglucomutase from Thermus thermophilus HB8	5.992E+00	0.029	20	52	91	140	443	488	491	46	0.286	0.094
LOKIASV2_1460_ESMFold_hypothetical_protein	4uoi-assembly1.cif.gz_A	4uoi-assembly1.cif.gz_A Unexpected structure for the N-terminal domain of Hepatitis C virus envelope glycoprotein E1	7.768E+00	0.024	19	19	76	140	10	63	65	58	0.414	0.831
LOKIASV2_1460_ESMFold_hypothetical_protein	4hbo-assembly1.cif.gz_A-2	4hbo-assembly1.cif.gz_A-2 Crystal Structure of Rubella virus capsid protein (residues 127-277)	2.936E+00	0.024	19	6	75	140	7	75	79	79	0.500	0.873
LOKIASV2_1460_ESMFold_hypothetical_protein	6qlz-assembly3.cif.gz_C	6qlz-assembly3.cif.gz_C IDOL F3ab subdomain	7.280E+00	0.024	19	52	91	140	46	86	96	41	0.286	0.427
LOKIASV2_1460_ESMFold_hypothetical_protein	3d8e-assembly4.cif.gz_D	3d8e-assembly4.cif.gz_D Crystal structure of the human Fe65-PTB1 domain (trigonal crystal form)	7.280E+00	0.024	19	57	98	140	79	119	122	42	0.300	0.336
LOKIASV2_1460_ESMFold_hypothetical_protein	7yx0-assembly1.cif.gz_C	7yx0-assembly1.cif.gz_C Crystal structure of the full-length short LOV protein SBW25-LOV from Pseudomonas fluorescens (light state)	2.123E+00	0.024	19	6	98	140	17	142	150	134	0.664	0.840
LOKIASV2_1460_ESMFold_hypothetical_protein	5l09-assembly1.cif.gz_A	5l09-assembly1.cif.gz_A Crystal Structure of Quorum-Sensing Transcriptional Activator from Yersinia enterocolitica in complex with 3-oxo-N-[(3S)-2-oxotetrahydrofuran-3-yl]hexanamide	1.989E+00	0.024	19	6	98	140	31	146	161	126	0.664	0.720
LOKIASV2_1460_ESMFold_hypothetical_protein	6xtd-assembly1.cif.gz_B	6xtd-assembly1.cif.gz_B Rhs1-CT in complex with cognate immunity protein RhsI1	7.280E+00	0.024	19	21	87	140	91	158	163	73	0.479	0.417
LOKIASV2_1460_ESMFold_hypothetical_protein	3cz8-assembly1.cif.gz_B	3cz8-assembly1.cif.gz_B Crystal structure of putative sporulation-specific glycosylase ydhD from Bacillus subtilis	5.616E+00	0.024	19	5	91	140	210	284	298	92	0.621	0.252
LOKIASV2_1460_ESMFold_hypothetical_protein	2y6r-assembly2.cif.gz_B	2y6r-assembly2.cif.gz_B Structure of the TetX monooxygenase in complex with the substrate 7- chlortetracycline	5.263E+00	0.024	19	6	93	140	177	251	366	99	0.629	0.205
LOKIASV2_1460_ESMFold_hypothetical_protein	7z0g-assembly1.cif.gz_B	7z0g-assembly1.cif.gz_B CPAP:TUBULIN:IE5 ALPHAREP COMPLEX P1 SPACE GROUP	6.822E+00	0.024	19	70	131	140	350	411	416	62	0.443	0.149
LOKIASV2_1460_ESMFold_hypothetical_protein	7lz8-assembly1.cif.gz_D	7lz8-assembly1.cif.gz_D Tubulin-RB3_SLD-TTL in complex with compound 5t	6.822E+00	0.024	19	69	132	140	348	411	417	64	0.457	0.153
LOKIASV2_1460_ESMFold_hypothetical_protein	5jcb-assembly1.cif.gz_D	5jcb-assembly1.cif.gz_D Microtubule depolymerizing agent podophyllotoxin derivative YJTSF1	1.747E+00	0.024	19	3	132	140	297	412	418	142	0.929	0.278
LOKIASV2_1460_ESMFold_hypothetical_protein	7kzo-assembly1.cif.gz_B1	7kzo-assembly1.cif.gz_B1 Outer dynein arm docking complex bound to doublet microtubules from C. reinhardtii	5.616E+00	0.024	19	70	131	140	356	417	419	62	0.443	0.148
LOKIASV2_1460_ESMFold_hypothetical_protein	8asn-assembly1.cif.gz_D	8asn-assembly1.cif.gz_D Crystal structure of the apo human TTL in complex with tubulin-stathmin	1.864E+00	0.024	19	3	132	140	304	418	421	142	0.929	0.273
LOKIASV2_1460_ESMFold_hypothetical_protein	5nqu-assembly1.cif.gz_B	5nqu-assembly1.cif.gz_B Tubulin Darpin cryo structure	1.864E+00	0.024	19	3	132	140	300	415	421	142	0.929	0.276
LOKIASV2_1460_ESMFold_hypothetical_protein	5osk-assembly1.cif.gz_B	5osk-assembly1.cif.gz_B Tubulin-7j complex	1.989E+00	0.024	19	3	132	140	304	419	421	142	0.929	0.276
LOKIASV2_1460_ESMFold_hypothetical_protein	5lp6-assembly1.cif.gz_B	5lp6-assembly1.cif.gz_B Crystal structure of Tubulin-Stathmin-TTL-Thiocolchicine Complex	6.822E+00	0.024	19	69	132	140	356	419	422	64	0.457	0.152
LOKIASV2_1460_ESMFold_hypothetical_protein	8asn-assembly1.cif.gz_B	8asn-assembly1.cif.gz_B Crystal structure of the apo human TTL in complex with tubulin-stathmin	1.638E+00	0.024	19	3	132	140	308	422	425	142	0.929	0.271
LOKIASV2_1460_ESMFold_hypothetical_protein	6xet-assembly1.cif.gz_B	6xet-assembly1.cif.gz_B Tubulin-RB3_SLD in complex with compound 60c	1.348E+00	0.024	19	3	131	140	305	419	425	141	0.921	0.271
LOKIASV2_1460_ESMFold_hypothetical_protein	7z0g-assembly2.cif.gz_S	7z0g-assembly2.cif.gz_S CPAP:TUBULIN:IE5 ALPHAREP COMPLEX P1 SPACE GROUP	5.992E+00	0.024	19	69	131	140	358	420	425	63	0.450	0.148
LOKIASV2_1460_ESMFold_hypothetical_protein	5w3h-assembly1.cif.gz_B	5w3h-assembly1.cif.gz_B Yeast microtubule stabilized with epothilone	5.992E+00	0.024	19	69	131	140	362	424	427	63	0.450	0.148
LOKIASV2_1460_ESMFold_hypothetical_protein	6mzg-assembly2.cif.gz_H	6mzg-assembly2.cif.gz_H Structural Basis of Tubulin Recruitment and Assembly by Microtubule Polymerases with Tumor Overexpressed Gene (TOG) Domain Arrays	5.992E+00	0.024	19	70	131	140	361	422	429	62	0.443	0.145
LOKIASV2_1460_ESMFold_hypothetical_protein	2fkm-assembly1.cif.gz_X	2fkm-assembly1.cif.gz_X PMM/PGM S108D mutant with alpha-d-glucose 1,6-bisphosphate bound	5.263E+00	0.024	19	35	112	140	376	452	454	86	0.557	0.170
LOKIASV2_1460_ESMFold_hypothetical_protein	6qlz-assembly2.cif.gz_B	6qlz-assembly2.cif.gz_B IDOL F3ab subdomain	5.616E+00	0.020	18	52	77	140	46	74	91	29	0.186	0.319
LOKIASV2_1460_ESMFold_hypothetical_protein	4har-assembly2.cif.gz_C	4har-assembly2.cif.gz_C Crystal Structure of Rubella virus capsid protein (residues 127-277)	3.133E+00	0.020	18	6	76	140	5	93	100	96	0.507	0.890
LOKIASV2_1460_ESMFold_hypothetical_protein	6zj8-assembly4.cif.gz_D	6zj8-assembly4.cif.gz_D Structure of the PAS domain from Bordetella pertussis BvgS	2.265E+00	0.020	18	5	94	140	15	114	115	115	0.643	0.870
LOKIASV2_1460_ESMFold_hypothetical_protein	1y28-assembly1.cif.gz_A	1y28-assembly1.cif.gz_A Crystal structure of the R220A metBJFIXL HEME domain	5.992E+00	0.020	18	5	91	140	3	118	119	122	0.621	0.975
LOKIASV2_1460_ESMFold_hypothetical_protein	3wtf-assembly1.cif.gz_A	3wtf-assembly1.cif.gz_A Structure of PAXX	4.333E+00	0.020	18	52	98	140	72	123	126	56	0.336	0.413
LOKIASV2_1460_ESMFold_hypothetical_protein	4dx9-assembly13.cif.gz_Y	4dx9-assembly13.cif.gz_Y ICAP1 in complex with integrin beta 1 cytoplasmic tail	5.263E+00	0.020	18	50	91	140	78	123	129	46	0.300	0.357
LOKIASV2_1460_ESMFold_hypothetical_protein	4pyd-assembly1.cif.gz_E	4pyd-assembly1.cif.gz_E MoaC in complex with cPMP crystallized in space group P212121	4.060E+00	0.020	18	6	75	140	23	86	133	75	0.500	0.481
LOKIASV2_1460_ESMFold_hypothetical_protein	6zj8-assembly5.cif.gz_E	6zj8-assembly5.cif.gz_E Structure of the PAS domain from Bordetella pertussis BvgS	2.936E+00	0.020	18	5	88	140	21	130	133	118	0.600	0.827
LOKIASV2_1460_ESMFold_hypothetical_protein	4bqu-assembly2.cif.gz_B	4bqu-assembly2.cif.gz_B Japanin from Rhipicephalus appendiculatus bound to cholesterol: Orthorhombic crystal form	5.263E+00	0.020	18	40	90	140	79	134	149	57	0.364	0.376
LOKIASV2_1460_ESMFold_hypothetical_protein	2xnf-assembly1.cif.gz_A	2xnf-assembly1.cif.gz_A The Mediator Med25 activator interaction domain: Structure and cooperative binding of VP16 subdomains	5.263E+00	0.020	18	19	94	140	81	154	159	83	0.543	0.465
LOKIASV2_1460_ESMFold_hypothetical_protein	5l07-assembly1.cif.gz_B	5l07-assembly1.cif.gz_B Crystal Structure of Quorum-Sensing Transcriptional Activator from Yersinia enterocolitica	2.579E+00	0.020	18	2	131	140	23	161	163	164	0.929	0.853
LOKIASV2_1460_ESMFold_hypothetical_protein	5ovt-assembly1.cif.gz_A	5ovt-assembly1.cif.gz_A Thiobacillus denitrificans BPH in complex with Epoxomicin	5.992E+00	0.020	18	43	69	140	29	55	183	27	0.193	0.148
LOKIASV2_1460_ESMFold_hypothetical_protein	6ph4-assembly1.cif.gz_A	6ph4-assembly1.cif.gz_A Full length LOV-PAS-HK construct from the LOV-HK sensory protein from Brucella abortus (light-adapted, construct 15-489)	1.535E+00	0.020	18	7	135	140	157	310	313	162	0.921	0.492
LOKIASV2_1460_ESMFold_hypothetical_protein	2rgn-assembly2.cif.gz_E	2rgn-assembly2.cif.gz_E Crystal Structure of p63RhoGEF complex with Galpha-q and RhoA	3.133E+00	0.020	18	58	140	140	265	326	326	85	0.593	0.190
LOKIASV2_1460_ESMFold_hypothetical_protein	8a3u-assembly1.cif.gz_A	8a3u-assembly1.cif.gz_A Crystal structure of a chimeric LOV-Histidine kinase SB2F1 (symmetrical variant, trigonal form with short c-axis)	3.805E+00	0.020	18	58	139	140	99	211	364	113	0.586	0.310
LOKIASV2_1460_ESMFold_hypothetical_protein	2y6q-assembly4.cif.gz_D	2y6q-assembly4.cif.gz_D Structure of the TetX monooxygenase in complex with the substrate 7- Iodtetracycline	7.280E+00	0.020	18	6	98	140	179	248	365	100	0.664	0.192
LOKIASV2_1460_ESMFold_hypothetical_protein	5njh-assembly1.cif.gz_B	5njh-assembly1.cif.gz_B Triazolopyrimidines stabilize microtubules by binding to the vinca inhibitor site of tubulin	2.123E+00	0.020	18	3	131	140	295	409	413	141	0.921	0.278
LOKIASV2_1460_ESMFold_hypothetical_protein	7zyw-assembly1.cif.gz_D	7zyw-assembly1.cif.gz_D Crystal structure of T2R-TTL-PM534 complex	7.280E+00	0.020	18	69	131	140	345	407	414	63	0.450	0.152
LOKIASV2_1460_ESMFold_hypothetical_protein	5lp6-assembly1.cif.gz_D	5lp6-assembly1.cif.gz_D Crystal structure of Tubulin-Stathmin-TTL-Thiocolchicine Complex	7.768E+00	0.020	18	69	132	140	352	415	421	64	0.457	0.152
LOKIASV2_1460_ESMFold_hypothetical_protein	5s5n-assembly1.cif.gz_B	5s5n-assembly1.cif.gz_B Tubulin-Z165170770-complex	2.417E+00	0.020	18	3	132	140	305	420	422	142	0.929	0.275
LOKIASV2_1460_ESMFold_hypothetical_protein	6gze-assembly1.cif.gz_B	6gze-assembly1.cif.gz_B Tubulin-GDP.BeF complex	2.265E+00	0.020	18	3	131	140	305	419	423	141	0.921	0.272
LOKIASV2_1460_ESMFold_hypothetical_protein	5s4n-assembly1.cif.gz_B	5s4n-assembly1.cif.gz_B Tubulin-Z285782452-complex	2.579E+00	0.020	18	3	132	140	308	423	425	135	0.929	0.273
LOKIASV2_1460_ESMFold_hypothetical_protein	5kx5-assembly1.cif.gz_B	5kx5-assembly1.cif.gz_B Crystal structure of tubulin-stathmin-TTL-Compound 11 complex	2.417E+00	0.020	18	3	132	140	307	422	427	142	0.929	0.272
LOKIASV2_1460_ESMFold_hypothetical_protein	5s5q-assembly1.cif.gz_D	5s5q-assembly1.cif.gz_D Tubulin-Z396380540-complex	2.123E+00	0.020	18	3	131	140	306	420	427	141	0.921	0.269
LOKIASV2_1460_ESMFold_hypothetical_protein	6tiu-assembly1.cif.gz_B	6tiu-assembly1.cif.gz_B DROSOPHILA GTP-TUBULIN Y222F MUTANT	1.864E+00	0.020	18	3	131	140	306	420	428	141	0.921	0.269
LOKIASV2_1460_ESMFold_hypothetical_protein	6th4-assembly1.cif.gz_D	6th4-assembly1.cif.gz_D Tubulin-inhibitor complex	1.747E+00	0.020	18	3	131	140	308	422	429	141	0.921	0.268
LOKIASV2_1460_ESMFold_hypothetical_protein	6tis-assembly1.cif.gz_D	6tis-assembly1.cif.gz_D DROSOPHILA GDP-TUBULIN	2.265E+00	0.020	18	3	131	140	308	422	429	141	0.921	0.268
LOKIASV2_1460_ESMFold_hypothetical_protein	6gwd-assembly1.cif.gz_D	6gwd-assembly1.cif.gz_D Tubulin:iiH5 alphaRep complex	2.579E+00	0.020	18	3	131	140	309	423	430	132	0.921	0.267
LOKIASV2_1460_ESMFold_hypothetical_protein	6gwd-assembly1.cif.gz_E	6gwd-assembly1.cif.gz_E Tubulin:iiH5 alphaRep complex	8.843E+00	0.020	18	69	132	140	367	430	432	64	0.457	0.148
LOKIASV2_1460_ESMFold_hypothetical_protein	8hbh-assembly1.cif.gz_A	8hbh-assembly1.cif.gz_A Structure of human soluble guanylate cyclase in the NO-activated state at 3.1 angstrom	6.822E+00	0.020	18	3	140	140	160	314	522	186	0.986	0.297
LOKIASV2_1460_ESMFold_hypothetical_protein	5cxf-assembly1.cif.gz_A	5cxf-assembly1.cif.gz_A Crystal structure of the extracellular domain of glycoprotein B from Human Cytomegalovirus	1.110E+00	0.020	18	12	127	140	279	399	562	129	0.829	0.215
LOKIASV2_1460_ESMFold_hypothetical_protein	6gnx-assembly1.cif.gz_C	6gnx-assembly1.cif.gz_C Crystal structure of the MAJIN-TERB2 heterotetrameric complex - selenomethionine derivative	8.288E+00	0.016	17	1	63	140	6	66	100	63	0.450	0.610
LOKIASV2_1460_ESMFold_hypothetical_protein	3d8f-assembly3.cif.gz_C	3d8f-assembly3.cif.gz_C Crystal structure of the human Fe65-PTB1 domain with bound phosphate (trigonal crystal form)	8.288E+00	0.016	17	54	98	140	78	125	127	48	0.321	0.378
LOKIASV2_1460_ESMFold_hypothetical_protein	4dx9-assembly28.cif.gz_5	4dx9-assembly28.cif.gz_5 ICAP1 in complex with integrin beta 1 cytoplasmic tail	4.060E+00	0.016	17	48	91	140	65	121	128	57	0.314	0.445
LOKIASV2_1460_ESMFold_hypothetical_protein	3cm1-assembly1.cif.gz_A	3cm1-assembly1.cif.gz_A Crystal structure of SsgA-like sporulation-specific cell division protein (YP_290167.1) from Thermobifida fusca YX-ER1 at 2.60 A resolution	1.438E+00	0.016	17	18	124	140	54	135	137	113	0.764	0.599
LOKIASV2_1460_ESMFold_hypothetical_protein	8bhy-assembly1.cif.gz_D	8bhy-assembly1.cif.gz_D DNA-PK Ku80 mediated dimer bound to PAXX and XLF	4.933E+00	0.016	17	29	98	140	46	120	147	75	0.500	0.510
LOKIASV2_1460_ESMFold_hypothetical_protein	4ahs-assembly1.cif.gz_B	4ahs-assembly1.cif.gz_B Parallel screening of a low molecular weight compound library: do differences in methodology affect hit identification	8.288E+00	0.016	17	51	135	140	8	112	151	105	0.607	0.695
LOKIASV2_1460_ESMFold_hypothetical_protein	3sv1-assembly1.cif.gz_A	3sv1-assembly1.cif.gz_A Crystal structure of APP peptide bound rat Mint2 PARM	5.616E+00	0.016	17	52	109	140	94	162	163	71	0.414	0.423
LOKIASV2_1460_ESMFold_hypothetical_protein	7yx0-assembly1.cif.gz_A	7yx0-assembly1.cif.gz_A Crystal structure of the full-length short LOV protein SBW25-LOV from Pseudomonas fluorescens (light state)	1.864E+00	0.016	17	6	98	140	35	160	166	133	0.664	0.759
LOKIASV2_1460_ESMFold_hypothetical_protein	1h7y-assembly1.cif.gz_A	1h7y-assembly1.cif.gz_A Translationally Controlled Tumor-associated Protein p23fyp from Schizosaccharomyces pombe	7.280E+00	0.016	17	24	77	140	100	160	168	62	0.386	0.363
LOKIASV2_1460_ESMFold_hypothetical_protein	3hrg-assembly1.cif.gz_A	3hrg-assembly1.cif.gz_A Crystal structure of Bacteroides thetaiotaomicron BT_3980, protein with actin-like ATPase fold and unknown function (NP_812891.1) from BACTEROIDES THETAIOTAOMICRON VPI-5482 at 1.85 A resolution	2.751E+00	0.016	17	15	98	140	35	149	257	121	0.600	0.447
LOKIASV2_1460_ESMFold_hypothetical_protein	7lwh-assembly1.cif.gz_A	7lwh-assembly1.cif.gz_A Human neurofibromin 2/merlin residues 1-339 in complex with LATS1	3.566E+00	0.016	17	52	131	140	242	312	315	81	0.571	0.225
LOKIASV2_1460_ESMFold_hypothetical_protein	5m7g-assembly1.cif.gz_D	5m7g-assembly1.cif.gz_D Tubulin-MTD147 complex	2.417E+00	0.016	17	3	131	140	297	411	418	141	0.921	0.275
LOKIASV2_1460_ESMFold_hypothetical_protein	5o7a-assembly1.cif.gz_D	5o7a-assembly1.cif.gz_D Quinolin-6-yloxyacetamides are microtubule destabilizing agents that bind to the colchicine site of tubulin	8.843E+00	0.016	17	69	131	140	350	412	419	63	0.450	0.150
LOKIASV2_1460_ESMFold_hypothetical_protein	7l05-assembly1.cif.gz_D	7l05-assembly1.cif.gz_D Complex of novel maytansinoid M24 bound to T2R-TTL (two tubulin alpha/beta heterodimers, RB3 stathmin-like domain, and tubulin tyrosine ligase)	2.417E+00	0.016	17	3	131	140	300	413	420	138	0.921	0.271
LOKIASV2_1460_ESMFold_hypothetical_protein	7yhn-assembly1.cif.gz_D	7yhn-assembly1.cif.gz_D ANTI-TUMOR AGENT Y48 IN COMPLEX WITH TUBULIN	8.843E+00	0.016	17	69	131	140	351	413	420	63	0.450	0.150
LOKIASV2_1460_ESMFold_hypothetical_protein	5s5s-assembly1.cif.gz_B	5s5s-assembly1.cif.gz_B Tubulin-Z166605480-complex	2.579E+00	0.016	17	3	132	140	306	421	423	142	0.929	0.274
LOKIASV2_1460_ESMFold_hypothetical_protein	6mze-assembly1.cif.gz_B	6mze-assembly1.cif.gz_B Structural Basis of Tubulin Recruitment and Assembly by Microtubule Polymerases with Tumor Overexpressed Gene (TOG) Domain Arrays	2.936E+00	0.016	17	3	131	140	303	417	424	137	0.921	0.271
LOKIASV2_1460_ESMFold_hypothetical_protein	5s5u-assembly1.cif.gz_D	5s5u-assembly1.cif.gz_D Tubulin-Z1124201124-complex	8.843E+00	0.016	17	69	131	140	357	419	426	63	0.450	0.148
LOKIASV2_1460_ESMFold_hypothetical_protein	8glv-assembly1.cif.gz_NG	8glv-assembly1.cif.gz_NG 96-nm repeat unit of doublet microtubules from Chlamydomonas reinhardtii flagella	8.288E+00	0.016	17	69	131	140	362	424	427	63	0.450	0.148
LOKIASV2_1460_ESMFold_hypothetical_protein	6h9b-assembly1.cif.gz_D	6h9b-assembly1.cif.gz_D 1,1-Diheterocyclic Ethylenes Derived from Quinaldine and Carbazole as New Tubulin Polymerization Inhibitors: Synthesis, Metabolism, and Biological Evaluation	2.579E+00	0.016	17	3	131	140	306	420	427	141	0.921	0.269
LOKIASV2_1460_ESMFold_hypothetical_protein	6y4m-assembly1.cif.gz_D	6y4m-assembly1.cif.gz_D Structure of Tubulin Tyrosine Ligase in Complex with Tb111	2.265E+00	0.016	17	3	131	140	306	420	427	141	0.921	0.269
LOKIASV2_1460_ESMFold_hypothetical_protein	4zhq-assembly1.cif.gz_B	4zhq-assembly1.cif.gz_B Crystal structure of Tubulin-Stathmin-TTL-MMAE Complex	2.579E+00	0.016	17	3	132	140	309	424	427	142	0.929	0.272
LOKIASV2_1460_ESMFold_hypothetical_protein	4zol-assembly1.cif.gz_D	4zol-assembly1.cif.gz_D Crystal Structure of Tubulin-Stathmin-TTL-Tubulysin M Complex	2.936E+00	0.016	17	3	132	140	306	421	427	142	0.929	0.272
LOKIASV2_1460_ESMFold_hypothetical_protein	6mzg-assembly2.cif.gz_J	6mzg-assembly2.cif.gz_J Structural Basis of Tubulin Recruitment and Assembly by Microtubule Polymerases with Tumor Overexpressed Gene (TOG) Domain Arrays	2.936E+00	0.016	17	3	131	140	307	421	428	141	0.921	0.269
LOKIASV2_1460_ESMFold_hypothetical_protein	6ve7-assembly1.cif.gz_F	6ve7-assembly1.cif.gz_F The inner junction complex of Chlamydomonas reinhardtii doublet microtubule	8.843E+00	0.016	17	69	132	140	364	427	428	64	0.457	0.150
LOKIASV2_1460_ESMFold_hypothetical_protein	4lnu-assembly1.cif.gz_B	4lnu-assembly1.cif.gz_B Nucleotide-free kinesin motor domain in complex with tubulin and a DARPin	2.936E+00	0.016	17	3	132	140	310	425	431	138	0.929	0.269
LOKIASV2_1460_ESMFold_hypothetical_protein	4eb6-assembly1.cif.gz_B	4eb6-assembly1.cif.gz_B Tubulin-Vinblastine: Stathmin-like complex	2.579E+00	0.016	17	7	132	140	313	425	432	138	0.900	0.262
LOKIASV2_1460_ESMFold_hypothetical_protein	3rsm-assembly1.cif.gz_A	3rsm-assembly1.cif.gz_A Crystal structure of S108C mutant of PMM/PGM	5.992E+00	0.016	17	37	109	140	360	431	436	82	0.521	0.165
LOKIASV2_1460_ESMFold_hypothetical_protein	2f7l-assembly1.cif.gz_A	2f7l-assembly1.cif.gz_A Crystal structure of Sulfolobus tokodaii phosphomannomutase/phosphoglucomutase	6.822E+00	0.016	17	37	91	140	387	450	455	65	0.393	0.141
LOKIASV2_1460_ESMFold_hypothetical_protein	7d9s-assembly1.cif.gz_A	7d9s-assembly1.cif.gz_A Structure of huamn soluble guanylate cyclase in the YC1 and NO-bound state	6.394E+00	0.016	17	3	140	140	151	301	502	182	0.986	0.301
LOKIASV2_1460_ESMFold_hypothetical_protein	5jxf-assembly3.cif.gz_C-4	5jxf-assembly3.cif.gz_C-4 Crystal structure of Flavobacterium psychrophilum DPP11 in complex with dipeptide Arg-Asp	6.394E+00	0.016	17	22	76	140	118	164	682	55	0.393	0.069
LOKIASV2_1460_ESMFold_hypothetical_protein	7dkb-assembly1.cif.gz_B	7dkb-assembly1.cif.gz_B Stenotrophomonas maltophilia DPP7 in complex with Val-Tyr	7.768E+00	0.016	17	28	77	140	126	167	697	52	0.357	0.060
LOKIASV2_1460_ESMFold_hypothetical_protein	1twg-assembly1.cif.gz_A	1twg-assembly1.cif.gz_A RNA polymerase II complexed with CTP	3.566E+00	0.016	17	26	92	140	1126	1184	1349	70	0.479	0.044
LOKIASV2_1460_ESMFold_hypothetical_protein	5c44-assembly1.cif.gz_A	5c44-assembly1.cif.gz_A Crystal structure of a transcribing RNA Polymerase II complex reveals a complete transcription bubble	5.263E+00	0.016	17	35	92	140	1197	1246	1434	59	0.414	0.035
LOKIASV2_1460_ESMFold_hypothetical_protein	6eqo-assembly1.cif.gz_A	6eqo-assembly1.cif.gz_A Tri-functional propionyl-CoA synthase of Erythrobacter sp. NAP1 with bound NADP+ and phosphomethylphosphonic acid adenylate ester	8.288E+00	0.016	17	22	65	140	818	860	1804	44	0.314	0.024
LOKIASV2_1460_ESMFold_hypothetical_protein	4uoi-assembly4.cif.gz_B-3	4uoi-assembly4.cif.gz_B-3 Unexpected structure for the N-terminal domain of Hepatitis C virus envelope glycoprotein E1	5.263E+00	0.014	16	19	65	140	9	51	72	48	0.336	0.597
LOKIASV2_1460_ESMFold_hypothetical_protein	5l09-assembly1.cif.gz_B	5l09-assembly1.cif.gz_B Crystal Structure of Quorum-Sensing Transcriptional Activator from Yersinia enterocolitica in complex with 3-oxo-N-[(3S)-2-oxotetrahydrofuran-3-yl]hexanamide	3.133E+00	0.014	16	6	131	140	28	163	164	163	0.900	0.829
LOKIASV2_1460_ESMFold_hypothetical_protein	2een-assembly1.cif.gz_A	2een-assembly1.cif.gz_A Structure of PH1819 protein from Pyrococcus Horikoshii OT3	3.342E+00	0.014	16	12	98	140	73	158	177	98	0.621	0.486
LOKIASV2_1460_ESMFold_hypothetical_protein	7ns9-assembly1.cif.gz_A	7ns9-assembly1.cif.gz_A Triphosphate tunnel metalloenzyme from Sulfolobus acidocaldarius in complex with triphosphate and calcium	7.280E+00	0.014	16	18	93	140	83	155	178	83	0.543	0.410
LOKIASV2_1460_ESMFold_hypothetical_protein	8a98-assembly1.cif.gz_E	8a98-assembly1.cif.gz_E CRYO-EM STRUCTURE OF LEISHMANIA MAJOR 80S RIBOSOME : snoRNA MUTANT	2.123E+00	0.014	16	19	91	140	56	161	186	107	0.521	0.570
LOKIASV2_1460_ESMFold_hypothetical_protein	7ung-assembly1.cif.gz_HO	7ung-assembly1.cif.gz_HO 48-nm repeat of the human respiratory doublet microtubule	6.394E+00	0.014	16	52	132	140	299	386	389	91	0.579	0.226
LOKIASV2_1460_ESMFold_hypothetical_protein	2a1s-assembly1.cif.gz_D	2a1s-assembly1.cif.gz_D Crystal structure of native PARN nuclease domain	4.623E+00	0.014	16	26	94	140	139	228	392	90	0.493	0.230
LOKIASV2_1460_ESMFold_hypothetical_protein	7zyw-assembly1.cif.gz_B	7zyw-assembly1.cif.gz_B Crystal structure of T2R-TTL-PM534 complex	3.805E+00	0.014	16	3	131	140	300	414	416	141	0.921	0.276
LOKIASV2_1460_ESMFold_hypothetical_protein	5lov-assembly1.cif.gz_B	5lov-assembly1.cif.gz_B DZ-2384 tubulin complex	3.342E+00	0.014	16	3	131	140	301	415	417	141	0.921	0.276
LOKIASV2_1460_ESMFold_hypothetical_protein	5nm5-assembly1.cif.gz_B	5nm5-assembly1.cif.gz_B Tubulin Darpin room-temperature structure in complex with Colchicine determined by serial millisecond crystallography	3.805E+00	0.014	16	3	132	140	296	411	417	142	0.929	0.278
LOKIASV2_1460_ESMFold_hypothetical_protein	7dp8-assembly1.cif.gz_B	7dp8-assembly1.cif.gz_B Crystal structure of T2R-TTL-Cevipabulin-eribulin complex	3.133E+00	0.014	16	3	131	140	298	412	418	141	0.921	0.275
LOKIASV2_1460_ESMFold_hypothetical_protein	8diq-assembly1.cif.gz_D	8diq-assembly1.cif.gz_D Tubulin-RB3_SLD-TTL in complex with SB226	3.342E+00	0.014	16	3	131	140	300	414	420	137	0.921	0.274
LOKIASV2_1460_ESMFold_hypothetical_protein	5itz-assembly1.cif.gz_B	5itz-assembly1.cif.gz_B Crystal structure of the SAC domain of CPAP in a complex with Tubulin and Darpin	3.133E+00	0.014	16	3	131	140	300	414	420	141	0.921	0.274
LOKIASV2_1460_ESMFold_hypothetical_protein	5s5t-assembly1.cif.gz_B	5s5t-assembly1.cif.gz_B Tubulin-Z198194394-complex	3.805E+00	0.014	16	3	131	140	304	418	421	141	0.921	0.273
LOKIASV2_1460_ESMFold_hypothetical_protein	5z4p-assembly1.cif.gz_B	5z4p-assembly1.cif.gz_B Crystal structure of tubulin-stathmin-TTL-Compound TCA complex	3.133E+00	0.014	16	3	131	140	306	420	424	141	0.921	0.271
LOKIASV2_1460_ESMFold_hypothetical_protein	7pje-assembly1.cif.gz_B	7pje-assembly1.cif.gz_B Inhibiting parasite proliferation using a rationally designed anti-tubulin agent	3.566E+00	0.014	16	3	131	140	305	419	425	137	0.921	0.271
LOKIASV2_1460_ESMFold_hypothetical_protein	5kx5-assembly1.cif.gz_D	5kx5-assembly1.cif.gz_D Crystal structure of tubulin-stathmin-TTL-Compound 11 complex	3.342E+00	0.014	16	3	131	140	305	419	426	137	0.921	0.270
LOKIASV2_1460_ESMFold_hypothetical_protein	5sb6-assembly1.cif.gz_D	5sb6-assembly1.cif.gz_D Tubulin-todalam-10-complex	3.342E+00	0.014	16	3	131	140	305	419	426	141	0.921	0.270
LOKIASV2_1460_ESMFold_hypothetical_protein	8a0l-assembly1.cif.gz_D	8a0l-assembly1.cif.gz_D Tubulin-CW1-complex	3.133E+00	0.014	16	3	131	140	306	420	427	141	0.921	0.269
LOKIASV2_1460_ESMFold_hypothetical_protein	4tv8-assembly1.cif.gz_B	4tv8-assembly1.cif.gz_B Tubulin-Maytansine complex	3.133E+00	0.014	16	3	131	140	309	423	427	141	0.921	0.269
LOKIASV2_1460_ESMFold_hypothetical_protein	5s4x-assembly1.cif.gz_D	5s4x-assembly1.cif.gz_D Tubulin-Z2856434917-complex	3.342E+00	0.014	16	3	131	140	308	422	429	137	0.921	0.268
LOKIASV2_1460_ESMFold_hypothetical_protein	8g2z-assembly1.cif.gz_AB	8g2z-assembly1.cif.gz_AB 48-nm doublet microtubule from Tetrahymena thermophila strain CU428	3.566E+00	0.014	16	3	131	140	310	424	430	133	0.921	0.267
LOKIASV2_1460_ESMFold_hypothetical_protein	7q1f-assembly1.cif.gz_B	7q1f-assembly1.cif.gz_B CPAP:TUBULIN:IE5 ALPHAREP COMPLEX	3.805E+00	0.014	16	3	131	140	309	423	430	137	0.921	0.267
LOKIASV2_1460_ESMFold_hypothetical_protein	6h9b-assembly1.cif.gz_B	6h9b-assembly1.cif.gz_B 1,1-Diheterocyclic Ethylenes Derived from Quinaldine and Carbazole as New Tubulin Polymerization Inhibitors: Synthesis, Metabolism, and Biological Evaluation	3.133E+00	0.014	16	3	131	140	310	424	431	141	0.921	0.267
LOKIASV2_1460_ESMFold_hypothetical_protein	3c04-assembly1.cif.gz_A	3c04-assembly1.cif.gz_A Structure of the P368G mutant of PMM/PGM from P. aeruginosa	9.436E+00	0.014	16	22	91	140	350	444	458	95	0.500	0.207
LOKIASV2_1460_ESMFold_hypothetical_protein	2z0f-assembly1.cif.gz_B	2z0f-assembly1.cif.gz_B Crystal structure of putative phosphoglucomutase from Thermus thermophilus HB8	9.436E+00	0.014	16	48	91	140	441	492	495	52	0.314	0.105
LOKIASV2_1460_ESMFold_hypothetical_protein	2pr6-assembly1.cif.gz_A	2pr6-assembly1.cif.gz_A Structural Basis for Light-dependent Signaling in the Dimeric LOV Photosensor YtvA (Light Structure)	4.933E+00	0.011	15	6	98	140	7	126	128	129	0.664	0.938
LOKIASV2_1460_ESMFold_hypothetical_protein	6gg9-assembly1.cif.gz_A	6gg9-assembly1.cif.gz_A Crystal structures of a short blue light photoreceptor protein PpSB1-LOV mutant (dark state) - R61H/R66I	6.394E+00	0.011	15	6	90	140	19	133	134	121	0.607	0.858
LOKIASV2_1460_ESMFold_hypothetical_protein	3bpx-assembly1.cif.gz_A	3bpx-assembly1.cif.gz_A Crystal Structure of MarR	9.436E+00	0.011	15	60	135	140	79	146	147	77	0.543	0.463
LOKIASV2_1460_ESMFold_hypothetical_protein	7a6p-assembly1.cif.gz_B	7a6p-assembly1.cif.gz_B Structural determinants underlying the adduct lifetime in a short LOV protein PpSB2-LOV	2.579E+00	0.011	15	2	98	140	13	142	148	136	0.693	0.878
LOKIASV2_1460_ESMFold_hypothetical_protein	6z46-assembly1.cif.gz_Z	6z46-assembly1.cif.gz_Z Structure of the S. acidocaldarius 20S proteasome (Saci0613/Saci0662)	5.992E+00	0.011	15	48	107	140	29	68	178	60	0.429	0.225
LOKIASV2_1460_ESMFold_hypothetical_protein	6v7w-assembly1.cif.gz_B	6v7w-assembly1.cif.gz_B Crystal structure of LasR-Aqs1 complex from Pseudomonas aeruginosa	6.822E+00	0.011	15	6	117	140	30	158	232	145	0.800	0.556
LOKIASV2_1460_ESMFold_hypothetical_protein	3dwl-assembly2.cif.gz_I	3dwl-assembly2.cif.gz_I Crystal Structure of Fission Yeast Arp2/3 Complex Lacking the Arp2 Subunit	7.768E+00	0.011	15	40	139	140	172	263	272	109	0.714	0.338
LOKIASV2_1460_ESMFold_hypothetical_protein	5tvf-assembly2.cif.gz_E	5tvf-assembly2.cif.gz_E Crystal structure of Trypanosoma brucei AdoMetDC/prozyme heterodimer in complex with inhibitor CGP 40215	9.436E+00	0.011	15	52	94	140	201	243	292	46	0.307	0.147
LOKIASV2_1460_ESMFold_hypothetical_protein	6qly-assembly1.cif.gz_A	6qly-assembly1.cif.gz_A IDOL FERM domain	8.843E+00	0.011	15	52	136	140	232	302	330	86	0.607	0.215
LOKIASV2_1460_ESMFold_hypothetical_protein	2fgt-assembly1.cif.gz_A	2fgt-assembly1.cif.gz_A Crystal Structure of YycH from Bacillus subtilis	4.623E+00	0.011	15	3	94	140	15	155	373	145	0.657	0.378
LOKIASV2_1460_ESMFold_hypothetical_protein	3ife-assembly1.cif.gz_A-2	3ife-assembly1.cif.gz_A-2 1.55 Angstrom Resolution Crystal Structure of Peptidase T (pepT-1) from Bacillus anthracis str. 'Ames Ancestor'.	8.288E+00	0.011	15	6	103	140	222	317	416	113	0.700	0.231
LOKIASV2_1460_ESMFold_hypothetical_protein	6gwc-assembly1.cif.gz_B	6gwc-assembly1.cif.gz_B Tubulin:iE5 alphaRep complex	4.333E+00	0.011	15	3	131	140	296	410	417	137	0.921	0.276
LOKIASV2_1460_ESMFold_hypothetical_protein	7l05-assembly1.cif.gz_B	7l05-assembly1.cif.gz_B Complex of novel maytansinoid M24 bound to T2R-TTL (two tubulin alpha/beta heterodimers, RB3 stathmin-like domain, and tubulin tyrosine ligase)	4.623E+00	0.011	15	3	132	140	304	418	421	142	0.929	0.273
LOKIASV2_1460_ESMFold_hypothetical_protein	7ogn-assembly1.cif.gz_B	7ogn-assembly1.cif.gz_B Crystal structure of T2R-TTL -mebendazole complex	4.333E+00	0.011	15	3	132	140	303	418	421	142	0.929	0.276
LOKIASV2_1460_ESMFold_hypothetical_protein	6fkl-assembly1.cif.gz_D	6fkl-assembly1.cif.gz_D Tubulin-TUB015 complex	4.933E+00	0.011	15	3	131	140	302	416	422	141	0.921	0.273
LOKIASV2_1460_ESMFold_hypothetical_protein	7e4y-assembly1.cif.gz_D	7e4y-assembly1.cif.gz_D Crystal structure of tubulin in complex with L-DM4-SMe	4.933E+00	0.011	15	3	131	140	302	416	423	141	0.921	0.272
LOKIASV2_1460_ESMFold_hypothetical_protein	5s5p-assembly1.cif.gz_B	5s5p-assembly1.cif.gz_B Tubulin-Z53825177-complex	4.333E+00	0.011	15	3	132	140	306	421	423	142	0.929	0.274
LOKIASV2_1460_ESMFold_hypothetical_protein	7lz8-assembly1.cif.gz_B	7lz8-assembly1.cif.gz_B Tubulin-RB3_SLD-TTL in complex with compound 5t	4.060E+00	0.011	15	3	131	140	305	419	424	141	0.921	0.271
LOKIASV2_1460_ESMFold_hypothetical_protein	7z2n-assembly1.cif.gz_D	7z2n-assembly1.cif.gz_D Tubulin-18-complex	4.623E+00	0.011	15	3	131	140	304	418	425	141	0.921	0.271
LOKIASV2_1460_ESMFold_hypothetical_protein	7dbc-assembly1.cif.gz_B	7dbc-assembly1.cif.gz_B PRA in complex with tubulin	4.060E+00	0.011	15	3	131	140	307	421	426	141	0.921	0.270
LOKIASV2_1460_ESMFold_hypothetical_protein	7emj-assembly1.cif.gz_B	7emj-assembly1.cif.gz_B Crystal structure of T2R-TTL-Barbigerone complex	4.333E+00	0.011	15	3	132	140	306	421	426	142	0.929	0.272
LOKIASV2_1460_ESMFold_hypothetical_protein	5w3j-assembly1.cif.gz_B	5w3j-assembly1.cif.gz_B Yeast microtubule stabilized with Taxol assembled from mutated tubulin	4.933E+00	0.011	15	3	132	140	310	425	427	143	0.929	0.272
LOKIASV2_1460_ESMFold_hypothetical_protein	6ls4-assembly1.cif.gz_D	6ls4-assembly1.cif.gz_D A novel anti-tumor agent S-40 in complex with tubulin	5.263E+00	0.011	15	3	131	140	307	421	428	142	0.921	0.269
LOKIASV2_1460_ESMFold_hypothetical_protein	5s52-assembly1.cif.gz_D	5s52-assembly1.cif.gz_D Tubulin-Z50145861-complex	4.623E+00	0.011	15	3	131	140	308	422	429	141	0.921	0.268
LOKIASV2_1460_ESMFold_hypothetical_protein	5s62-assembly1.cif.gz_D	5s62-assembly1.cif.gz_D Tubulin-Z100642432-complex	5.992E+00	0.011	15	3	132	140	308	423	429	141	0.929	0.270
LOKIASV2_1460_ESMFold_hypothetical_protein	6mzg-assembly1.cif.gz_B	6mzg-assembly1.cif.gz_B Structural Basis of Tubulin Recruitment and Assembly by Microtubule Polymerases with Tumor Overexpressed Gene (TOG) Domain Arrays	4.333E+00	0.011	15	3	131	140	309	423	430	141	0.921	0.267
LOKIASV2_1460_ESMFold_hypothetical_protein	7x4n-assembly1.cif.gz_B	7x4n-assembly1.cif.gz_B Crystal Structure of C. elegans kinesin-4 KLP-12 complexed with tubulin and DARPin	5.263E+00	0.011	15	7	131	140	315	424	430	136	0.893	0.256
LOKIASV2_1460_ESMFold_hypothetical_protein	3dpu-assembly1.cif.gz_A	3dpu-assembly1.cif.gz_A RocCOR domain tandem of Rab family protein (Roco)	9.436E+00	0.011	15	6	95	140	346	426	485	102	0.643	0.167
LOKIASV2_1460_ESMFold_hypothetical_protein	8hbf-assembly1.cif.gz_A	8hbf-assembly1.cif.gz_A Structure of human soluble guanylate cyclase in the NO+Rio state at 3.1 angstrom	8.843E+00	0.011	15	3	140	140	161	311	522	179	0.986	0.289
LOKIASV2_1460_ESMFold_hypothetical_protein	7r3e-assembly1.cif.gz_A	7r3e-assembly1.cif.gz_A Fusion construct of PqsE and RhlR in complex with the synthetic antagonist mBTL	2.751E+00	0.011	15	5	127	140	395	528	545	159	0.879	0.246
LOKIASV2_1460_ESMFold_hypothetical_protein	4fn5-assembly1.cif.gz_A	4fn5-assembly1.cif.gz_A ELONGATION FACTOR G 1 (PSEUDOMONAS AERUGINOSA) IN COMPLEX WITH Argyrin B	7.768E+00	0.011	15	1	98	140	379	443	670	98	0.700	0.097
LOKIASV2_1460_ESMFold_hypothetical_protein	5jxf-assembly2.cif.gz_A-3	5jxf-assembly2.cif.gz_A-3 Crystal structure of Flavobacterium psychrophilum DPP11 in complex with dipeptide Arg-Asp	7.280E+00	0.011	15	24	76	140	130	170	694	53	0.379	0.059
LOKIASV2_1460_ESMFold_hypothetical_protein	5ot2-assembly1.cif.gz_A	5ot2-assembly1.cif.gz_A RNA polymerase II elongation complex in the presence of 3d-Napht-A	5.616E+00	0.011	15	29	88	140	1169	1221	1412	63	0.429	0.038
LOKIASV2_1460_ESMFold_hypothetical_protein	3ose-assembly1.cif.gz_A	3ose-assembly1.cif.gz_A Structure of the Kinase Associated Domain 1 (KA1) from MARK1 kinase	8.288E+00	0.010	14	52	89	140	48	94	100	47	0.271	0.470
LOKIASV2_1460_ESMFold_hypothetical_protein	7myx-assembly1.cif.gz_A	7myx-assembly1.cif.gz_A Crystal structure of the PH domain (R86A) of Akt1	6.822E+00	0.010	14	15	101	140	42	111	113	96	0.621	0.619
LOKIASV2_1460_ESMFold_hypothetical_protein	5luv-assembly1.cif.gz_A	5luv-assembly1.cif.gz_A Short LOV protein W619_1 in apo-state	5.992E+00	0.010	14	58	91	140	97	132	134	36	0.243	0.269
LOKIASV2_1460_ESMFold_hypothetical_protein	1eks-assembly1.cif.gz_A	1eks-assembly1.cif.gz_A ASP128ALA VARIANT OF MOAC PROTEIN FROM E. COLI	8.843E+00	0.010	14	6	75	140	17	87	140	79	0.500	0.507
LOKIASV2_1460_ESMFold_hypothetical_protein	5luv-assembly1.cif.gz_B	5luv-assembly1.cif.gz_B Short LOV protein W619_1 in apo-state	9.436E+00	0.010	14	58	94	140	107	145	147	39	0.264	0.265
LOKIASV2_1460_ESMFold_hypothetical_protein	2f1f-assembly1.cif.gz_A	2f1f-assembly1.cif.gz_A Crystal structure of the regulatory subunit of acetohydroxyacid synthase isozyme III from E. coli	8.843E+00	0.010	14	6	94	140	5	66	163	90	0.636	0.380
LOKIASV2_1460_ESMFold_hypothetical_protein	6az3-assembly1.cif.gz_E	6az3-assembly1.cif.gz_E Cryo-EM structure of of the large subunit of Leishmania ribosome bound to paromomycin	3.566E+00	0.010	14	19	91	140	56	161	186	107	0.521	0.570
LOKIASV2_1460_ESMFold_hypothetical_protein	4kr1-assembly1.cif.gz_A	4kr1-assembly1.cif.gz_A Crystal structure of the kinetechore protein Iml3 from budding yeast	4.623E+00	0.010	14	6	91	140	7	90	219	104	0.614	0.384
LOKIASV2_1460_ESMFold_hypothetical_protein	7lt3-assembly1.cif.gz_H	7lt3-assembly1.cif.gz_H NHEJ Long-range synaptic complex	2.123E+00	0.010	14	22	111	140	61	165	223	112	0.643	0.471
LOKIASV2_1460_ESMFold_hypothetical_protein	1z2b-assembly1.cif.gz_D	1z2b-assembly1.cif.gz_D Tubulin-colchicine-vinblastine: stathmin-like domain complex	7.280E+00	0.010	14	3	132	140	301	416	419	143	0.929	0.277
LOKIASV2_1460_ESMFold_hypothetical_protein	8g3d-assembly1.cif.gz_NF	8g3d-assembly1.cif.gz_NF 48-nm doublet microtubule from Tetrahymena thermophila strain K40R	6.394E+00	0.010	14	3	131	140	303	417	423	138	0.921	0.272
LOKIASV2_1460_ESMFold_hypothetical_protein	5jqg-assembly1.cif.gz_B	5jqg-assembly1.cif.gz_B An apo tubulin-RB-TTL complex structure used for side-by-side comparison	6.822E+00	0.010	14	3	132	140	305	420	423	142	0.929	0.274
LOKIASV2_1460_ESMFold_hypothetical_protein	7z2p-assembly1.cif.gz_B	7z2p-assembly1.cif.gz_B Tubulin-nocodazole complex	5.616E+00	0.010	14	3	132	140	305	420	423	142	0.929	0.274
LOKIASV2_1460_ESMFold_hypothetical_protein	7tns-assembly1.cif.gz_E3	7tns-assembly1.cif.gz_E3 Subpellicular microtubule from detergent-extract Toxoplasma gondii cells	5.616E+00	0.010	14	3	131	140	310	424	426	143	0.921	0.270
LOKIASV2_1460_ESMFold_hypothetical_protein	3hke-assembly1.cif.gz_D	3hke-assembly1.cif.gz_D Tubulin-T138067: RB3 stathmin-like domain complex	6.394E+00	0.010	14	3	131	140	309	423	427	141	0.921	0.269
LOKIASV2_1460_ESMFold_hypothetical_protein	7n32-assembly1.cif.gz_p	7n32-assembly1.cif.gz_p protofilaments of microtubule doublets bound to outer-arm dynein	5.616E+00	0.010	14	3	131	140	308	422	428	141	0.921	0.269
LOKIASV2_1460_ESMFold_hypothetical_protein	5s5x-assembly1.cif.gz_D	5s5x-assembly1.cif.gz_D Tubulin-Z45705015-complex	5.992E+00	0.010	14	3	131	140	307	421	428	141	0.921	0.269
LOKIASV2_1460_ESMFold_hypothetical_protein	5s67-assembly1.cif.gz_D	5s67-assembly1.cif.gz_D Tubulin-Z1896597864-complex	5.263E+00	0.010	14	3	131	140	307	421	428	141	0.921	0.269
LOKIASV2_1460_ESMFold_hypothetical_protein	6y4n-assembly1.cif.gz_D	6y4n-assembly1.cif.gz_D Structure of Tubulin Tyrosine Ligase in Complex with Tb116	6.394E+00	0.010	14	3	131	140	307	421	428	141	0.921	0.269
LOKIASV2_1460_ESMFold_hypothetical_protein	6jt2-assembly1.cif.gz_B	6jt2-assembly1.cif.gz_B Structure of human soluble guanylate cyclase in the NO activated state	7.280E+00	0.010	14	19	76	140	135	182	569	60	0.414	0.084
LOKIASV2_1460_ESMFold_hypothetical_protein	5w51-assembly1.cif.gz_A	5w51-assembly1.cif.gz_A Pol II elongation complex with an N6-methyladenine-containing template and a matched UMPNPP	8.288E+00	0.010	14	29	86	140	1136	1187	1371	61	0.414	0.038
LOKIASV2_1460_ESMFold_hypothetical_protein	7kef-assembly1.cif.gz_A	7kef-assembly1.cif.gz_A RNA polymerase II elongation complex with unnatural base dTPT3, rNaM in swing state	5.992E+00	0.010	14	38	92	140	1167	1211	1390	56	0.393	0.032
LOKIASV2_1460_ESMFold_hypothetical_protein	4uoi-assembly2.cif.gz_D	4uoi-assembly2.cif.gz_D Unexpected structure for the N-terminal domain of Hepatitis C virus envelope glycoprotein E1	4.333E+00	0.009	13	19	66	140	11	56	69	51	0.343	0.667
LOKIASV2_1460_ESMFold_hypothetical_protein	5l07-assembly1.cif.gz_A	5l07-assembly1.cif.gz_A Crystal Structure of Quorum-Sensing Transcriptional Activator from Yersinia enterocolitica	8.843E+00	0.009	13	6	131	140	28	160	162	159	0.900	0.821
LOKIASV2_1460_ESMFold_hypothetical_protein	4uf6-assembly3.cif.gz_G	4uf6-assembly3.cif.gz_G UCH-L5 in complex with ubiquitin-propargyl bound to an activating fragment of INO80G	9.436E+00	0.009	13	36	134	140	180	255	287	100	0.707	0.265
LOKIASV2_1460_ESMFold_hypothetical_protein	4gdn-assembly2.cif.gz_B	4gdn-assembly2.cif.gz_B Structure of FmtA-like protein	9.436E+00	0.009	13	19	91	140	235	335	336	106	0.521	0.301
LOKIASV2_1460_ESMFold_hypothetical_protein	5yx6-assembly2.cif.gz_C	5yx6-assembly2.cif.gz_C Crystal structure of Rv3272 from M. tuberculosis orthorhombic form	8.843E+00	0.009	13	26	129	140	194	292	355	114	0.743	0.279
LOKIASV2_1460_ESMFold_hypothetical_protein	7kzo-assembly1.cif.gz_B3	7kzo-assembly1.cif.gz_B3 Outer dynein arm docking complex bound to doublet microtubules from C. reinhardtii	8.288E+00	0.009	13	3	131	140	294	408	410	141	0.921	0.280
LOKIASV2_1460_ESMFold_hypothetical_protein	7quc-assembly1.cif.gz_B	7quc-assembly1.cif.gz_B D. melanogaster alpha/beta tubulin heterodimer in the GDP form	7.280E+00	0.009	13	3	132	140	297	412	415	142	0.929	0.280
LOKIASV2_1460_ESMFold_hypothetical_protein	5jvd-assembly1.cif.gz_D	5jvd-assembly1.cif.gz_D Tubulin-TUB092 complex	8.288E+00	0.009	13	3	132	140	301	416	422	142	0.929	0.275
LOKIASV2_1460_ESMFold_hypothetical_protein	5s5b-assembly1.cif.gz_B	5s5b-assembly1.cif.gz_B Tubulin-Z906021418-complex	8.288E+00	0.009	13	3	132	140	305	420	422	142	0.929	0.275
LOKIASV2_1460_ESMFold_hypothetical_protein	5jh7-assembly1.cif.gz_D	5jh7-assembly1.cif.gz_D Tubulin-Eribulin complex	7.768E+00	0.009	13	3	131	140	303	417	424	141	0.921	0.271
LOKIASV2_1460_ESMFold_hypothetical_protein	5zxh-assembly1.cif.gz_B	5zxh-assembly1.cif.gz_B The structure of MT189-tubulin complex	8.288E+00	0.009	13	3	131	140	306	420	424	141	0.921	0.271
LOKIASV2_1460_ESMFold_hypothetical_protein	8snb-assembly1.cif.gz_VM	8snb-assembly1.cif.gz_VM atomic model of sea urchin sperm doublet microtubule (48-nm periodicity)	6.822E+00	0.009	13	3	131	140	310	424	431	142	0.921	0.267
LOKIASV2_1460_ESMFold_hypothetical_protein	6xp5-assembly1.cif.gz_Q	6xp5-assembly1.cif.gz_Q Head-Middle module of Mediator	4.060E+00	0.009	13	22	130	140	197	313	476	122	0.779	0.246
LOKIASV2_1460_ESMFold_hypothetical_protein	6f41-assembly1.cif.gz_O	6f41-assembly1.cif.gz_O RNA Polymerase III initially transcribing complex	5.616E+00	0.009	13	19	133	140	364	525	534	167	0.821	0.303
LOKIASV2_1460_ESMFold_hypothetical_protein	8hbf-assembly1.cif.gz_B	8hbf-assembly1.cif.gz_B Structure of human soluble guanylate cyclase in the NO+Rio state at 3.1 angstrom	7.280E+00	0.009	13	19	76	140	135	182	573	60	0.414	0.084
LOKIASV2_1460_ESMFold_hypothetical_protein	2nvx-assembly1.cif.gz_A	2nvx-assembly1.cif.gz_A RNA polymerase II elongation complex in 5 mM Mg+2 with 2'-dUTP	8.843E+00	0.009	13	40	91	140	1181	1223	1402	52	0.371	0.031
LOKIASV2_1460_ESMFold_hypothetical_protein	2vum-assembly1.cif.gz_A	2vum-assembly1.cif.gz_A Alpha-amanitin inhibited complete RNA polymerase II elongation complex	8.843E+00	0.009	13	27	92	140	1172	1229	1418	70	0.471	0.041
LOKIASV2_1460_ESMFold_hypothetical_protein	4pyd-assembly1.cif.gz_B	4pyd-assembly1.cif.gz_B MoaC in complex with cPMP crystallized in space group P212121	6.822E+00	0.008	12	6	75	140	25	95	140	78	0.500	0.507
LOKIASV2_1460_ESMFold_hypothetical_protein	1ekr-assembly1.cif.gz_A	1ekr-assembly1.cif.gz_A MOAC PROTEIN FROM E. COLI	5.263E+00	0.008	12	6	75	140	21	94	143	83	0.500	0.517
LOKIASV2_1460_ESMFold_hypothetical_protein	4pyd-assembly1.cif.gz_D	4pyd-assembly1.cif.gz_D MoaC in complex with cPMP crystallized in space group P212121	5.992E+00	0.008	12	6	75	140	27	100	150	87	0.500	0.493
LOKIASV2_1460_ESMFold_hypothetical_protein	4ytx-assembly1.cif.gz_N	4ytx-assembly1.cif.gz_N Crystal structure of Ups1-Mdm35 complex with PA	8.288E+00	0.008	12	58	130	140	96	156	157	78	0.521	0.389
LOKIASV2_1460_ESMFold_hypothetical_protein	6pps-assembly1.cif.gz_B	6pps-assembly1.cif.gz_B A blue light illuminated LOV-PAS construct from the LOV-HK sensory protein from Brucella abortus (construct 15-273)	7.768E+00	0.008	12	23	130	140	58	155	257	121	0.771	0.381
LOKIASV2_1460_ESMFold_hypothetical_protein	4eze-assembly2.cif.gz_B	4eze-assembly2.cif.gz_B Crystal structure of had family hydrolase t0658 from Salmonella enterica subsp. enterica serovar Typhi (Target EFI-501419)	7.768E+00	0.008	12	6	91	140	3	65	289	92	0.614	0.218
LOKIASV2_1460_ESMFold_hypothetical_protein	5c4j-assembly1.cif.gz_A	5c4j-assembly1.cif.gz_A Crystal structure of a transcribing RNA Polymerase II complex reveals a complete transcription bubble	7.280E+00	0.008	12	20	89	140	1173	1246	1432	83	0.500	0.052
LOKIASV2_1460_ESMFold_hypothetical_protein	7r5n-assembly1.cif.gz_A	7r5n-assembly1.cif.gz_A Crystal structure of the full-length short LOV protein PF5-LOV from Pseudomonas fluorescens (dark state)	8.843E+00	0.007	11	2	98	140	13	142	149	134	0.693	0.872
LOKIASV2_1460_ESMFold_hypothetical_protein	7jil-assembly1.cif.gz_F	7jil-assembly1.cif.gz_F 70S ribosome Flavobacterium johnsoniae	6.822E+00	0.007	11	18	102	140	49	156	176	116	0.607	0.614
LOKIASV2_1460_ESMFold_hypothetical_protein	4pya-assembly1.cif.gz_A	4pya-assembly1.cif.gz_A MoaC K51A in complex with 3',8-cH2GTP	9.436E+00	0.000	10	6	79	140	9	86	124	94	0.529	0.629
LOKIASV2_1460_ESMFold_hypothetical_protein	6rm3-assembly1.cif.gz_LH0	6rm3-assembly1.cif.gz_LH0 Evolutionary compaction and adaptation visualized by the structure of the dormant microsporidian ribosome	8.843E+00	0.000	10	19	87	140	54	156	184	106	0.493	0.560
LOKIASV2_1460_ESMFold_hypothetical_protein	MGYP001482476752.pdb.gz	MGYP001482476752.pdb.gz	1.772E-10	1.000	386	6	124	140	6	124	131	119	0.850	0.908
LOKIASV2_1460_ESMFold_hypothetical_protein	MGYP001114457122.pdb.gz	MGYP001114457122.pdb.gz	1.458E-10	1.000	378	1	136	140	1	136	137	138	0.971	0.993
LOKIASV2_1460_ESMFold_hypothetical_protein	MGYP001448635565.pdb.gz	MGYP001448635565.pdb.gz	7.624E-11	1.000	370	3	140	140	4	136	137	138	0.986	0.971
LOKIASV2_1460_ESMFold_hypothetical_protein	MGYP001073158088.pdb.gz	MGYP001073158088.pdb.gz	1.772E-10	1.000	369	3	140	140	4	136	136	138	0.986	0.978
LOKIASV2_1460_ESMFold_hypothetical_protein	MGYP000992930793.pdb.gz	MGYP000992930793.pdb.gz	4.687E-10	1.000	368	4	136	140	1	132	133	134	0.950	0.992
LOKIASV2_1460_ESMFold_hypothetical_protein	MGYP003565581043.pdb.gz	MGYP003565581043.pdb.gz	1.162E-09	1.000	362	1	124	140	1	121	128	124	0.886	0.945
LOKIASV2_1460_ESMFold_hypothetical_protein	MGYP001134590104.pdb.gz	MGYP001134590104.pdb.gz	8.967E-10	1.000	362	3	125	140	4	124	136	123	0.879	0.890
LOKIASV2_1460_ESMFold_hypothetical_protein	MGYP001137685112.pdb.gz	MGYP001137685112.pdb.gz	5.694E-10	1.000	357	4	127	140	8	128	140	124	0.886	0.864
LOKIASV2_1460_ESMFold_hypothetical_protein	MGYP002396925877.pdb.gz	MGYP002396925877.pdb.gz	7.876E-10	1.000	355	1	123	140	1	121	136	124	0.879	0.890
LOKIASV2_1460_ESMFold_hypothetical_protein	MGYP000539447082.pdb.gz	MGYP000539447082.pdb.gz	8.404E-10	1.000	354	3	133	140	6	140	277	136	0.936	0.487
LOKIASV2_1460_ESMFold_hypothetical_protein	MGYP003565276149.pdb.gz	MGYP003565276149.pdb.gz	5.337E-10	1.000	344	1	136	140	1	139	140	141	0.971	0.993
LOKIASV2_1460_ESMFold_hypothetical_protein	MGYP000156109154.pdb.gz	MGYP000156109154.pdb.gz	1.412E-09	1.000	335	1	140	140	1	137	137	144	1.000	1.000
LOKIASV2_1460_ESMFold_hypothetical_protein	MGYP000135469904.pdb.gz	MGYP000135469904.pdb.gz	8.682E-09	1.000	326	6	130	140	4	133	185	131	0.893	0.703
LOKIASV2_1460_ESMFold_hypothetical_protein	MGYP000953393273.pdb.gz	MGYP000953393273.pdb.gz	1.367E-08	1.000	318	4	138	140	1	140	172	140	0.964	0.814
LOKIASV2_1460_ESMFold_hypothetical_protein	MGYP000238674000.pdb.gz	MGYP000238674000.pdb.gz	1.367E-08	1.000	318	4	127	140	2	123	182	125	0.886	0.670
LOKIASV2_1460_ESMFold_hypothetical_protein	MGYP001020481146.pdb.gz	MGYP001020481146.pdb.gz	5.513E-09	1.000	314	1	121	140	1	118	121	123	0.864	0.975
LOKIASV2_1460_ESMFold_hypothetical_protein	MGYP001382701564.pdb.gz	MGYP001382701564.pdb.gz	1.459E-08	1.000	313	4	131	140	2	129	132	131	0.914	0.970
LOKIASV2_1460_ESMFold_hypothetical_protein	MGYP001136961307.pdb.gz	MGYP001136961307.pdb.gz	1.459E-08	1.000	310	4	124	140	21	144	156	127	0.864	0.795
LOKIASV2_1460_ESMFold_hypothetical_protein	MGYP001108005563.pdb.gz	MGYP001108005563.pdb.gz	1.772E-08	1.000	306	6	140	140	2	143	173	142	0.964	0.821
LOKIASV2_1460_ESMFold_hypothetical_protein	MGYP000203283708.pdb.gz	MGYP000203283708.pdb.gz	4.118E-08	1.000	305	4	126	140	30	150	195	124	0.879	0.621
LOKIASV2_1460_ESMFold_hypothetical_protein	MGYP000321249409.pdb.gz	MGYP000321249409.pdb.gz	2.615E-08	1.000	304	3	125	140	10	128	255	123	0.879	0.467
LOKIASV2_1460_ESMFold_hypothetical_protein	MGYP000729631685.pdb.gz	MGYP000729631685.pdb.gz	5.338E-08	1.000	302	4	125	140	5	124	171	123	0.871	0.702
LOKIASV2_1460_ESMFold_hypothetical_protein	MGYP000672147867.pdb.gz	MGYP000672147867.pdb.gz	4.394E-08	1.000	301	4	120	140	26	139	272	117	0.836	0.419
LOKIASV2_1460_ESMFold_hypothetical_protein	MGYP000530607658.pdb.gz	MGYP000530607658.pdb.gz	1.281E-08	1.000	300	4	139	140	7	141	154	141	0.971	0.877
LOKIASV2_1460_ESMFold_hypothetical_protein	MGYP001052296825.pdb.gz	MGYP001052296825.pdb.gz	1.021E-07	1.000	300	4	123	140	2	122	301	122	0.857	0.402
LOKIASV2_1460_ESMFold_hypothetical_protein	MGYP000471626611.pdb.gz	MGYP000471626611.pdb.gz	1.556E-08	1.000	297	4	138	140	2	132	141	138	0.964	0.929
LOKIASV2_1460_ESMFold_hypothetical_protein	MGYP000235726733.pdb.gz	MGYP000235726733.pdb.gz	1.125E-08	1.000	297	1	127	140	1	133	147	139	0.907	0.905
LOKIASV2_1460_ESMFold_hypothetical_protein	MGYP001011507937.pdb.gz	MGYP001011507937.pdb.gz	8.969E-08	1.000	296	4	120	140	2	119	120	121	0.836	0.983
LOKIASV2_1460_ESMFold_hypothetical_protein	MGYP003730963449.pdb.gz	MGYP003730963449.pdb.gz	3.859E-08	1.000	295	1	136	140	26	159	196	138	0.971	0.684
LOKIASV2_1460_ESMFold_hypothetical_protein	MGYP000539446955.pdb.gz	MGYP000539446955.pdb.gz	5.003E-08	1.000	291	4	139	140	2	137	293	138	0.971	0.464
LOKIASV2_1460_ESMFold_hypothetical_protein	MGYP001256758434.pdb.gz	MGYP001256758434.pdb.gz	3.617E-08	1.000	290	4	127	140	70	194	198	129	0.886	0.631
LOKIASV2_1460_ESMFold_hypothetical_protein	MGYP001008682062.pdb.gz	MGYP001008682062.pdb.gz	1.090E-07	1.000	290	2	120	140	40	157	286	120	0.850	0.413
LOKIASV2_1460_ESMFold_hypothetical_protein	MGYP000021926904.pdb.gz	MGYP000021926904.pdb.gz	5.696E-08	1.000	289	4	125	140	3	127	143	127	0.871	0.874
LOKIASV2_1460_ESMFold_hypothetical_protein	MGYP000436249133.pdb.gz	MGYP000436249133.pdb.gz	8.969E-08	1.000	289	3	129	140	31	153	277	127	0.907	0.444
LOKIASV2_1460_ESMFold_hypothetical_protein	MGYP000865832290.pdb.gz	MGYP000865832290.pdb.gz	1.240E-07	1.000	287	4	125	140	2	124	160	126	0.871	0.769
LOKIASV2_1460_ESMFold_hypothetical_protein	MGYP000319758034.pdb.gz	MGYP000319758034.pdb.gz	3.617E-08	1.000	285	2	135	140	1	135	169	142	0.957	0.799
LOKIASV2_1460_ESMFold_hypothetical_protein	MGYP001062034314.pdb.gz	MGYP001062034314.pdb.gz	4.689E-08	1.000	284	2	134	140	1	134	193	137	0.950	0.694
LOKIASV2_1460_ESMFold_hypothetical_protein	MGYP001336817776.pdb.gz	MGYP001336817776.pdb.gz	6.485E-08	1.000	283	4	130	140	2	132	133	134	0.907	0.985
LOKIASV2_1460_ESMFold_hypothetical_protein	MGYP000916853791.pdb.gz	MGYP000916853791.pdb.gz	3.737E-07	1.000	282	4	122	140	2	120	257	120	0.850	0.463
LOKIASV2_1460_ESMFold_hypothetical_protein	MGYP000291761688.pdb.gz	MGYP000291761688.pdb.gz	5.338E-08	1.000	281	1	100	140	1	99	99	101	0.714	1.000
LOKIASV2_1460_ESMFold_hypothetical_protein	MGYP000936433831.pdb.gz	MGYP000936433831.pdb.gz	8.406E-08	1.000	280	4	134	140	10	144	195	138	0.936	0.692
LOKIASV2_1460_ESMFold_hypothetical_protein	MGYP001077601590.pdb.gz	MGYP001077601590.pdb.gz	8.406E-08	1.000	278	1	135	140	11	142	162	137	0.964	0.815
LOKIASV2_1460_ESMFold_hypothetical_protein	MGYP001089853106.pdb.gz	MGYP001089853106.pdb.gz	2.532E-07	1.000	277	3	118	140	5	119	252	117	0.829	0.456
LOKIASV2_1460_ESMFold_hypothetical_protein	MGYP003565542603.pdb.gz	MGYP003565542603.pdb.gz	2.615E-08	1.000	276	3	138	140	30	175	182	149	0.971	0.802
LOKIASV2_1460_ESMFold_hypothetical_protein	MGYP001124501473.pdb.gz	MGYP001124501473.pdb.gz	2.883E-07	1.000	273	2	127	140	5	129	300	128	0.900	0.417
LOKIASV2_1460_ESMFold_hypothetical_protein	MGYP001127874159.pdb.gz	MGYP001127874159.pdb.gz	1.324E-07	1.000	272	4	123	140	2	129	148	129	0.857	0.865
LOKIASV2_1460_ESMFold_hypothetical_protein	MGYP001474332412.pdb.gz	MGYP001474332412.pdb.gz	6.919E-08	1.000	272	2	138	140	25	161	168	144	0.979	0.815
LOKIASV2_1460_ESMFold_hypothetical_protein	MGYP001116006355.pdb.gz	MGYP001116006355.pdb.gz	3.076E-07	1.000	271	4	100	140	2	100	111	99	0.693	0.892
LOKIASV2_1460_ESMFold_hypothetical_protein	MGYP001069544395.pdb.gz	MGYP001069544395.pdb.gz	1.507E-07	1.000	271	3	140	140	16	157	157	145	0.986	0.904
LOKIASV2_1460_ESMFold_hypothetical_protein	MGYP003085916351.pdb.gz	MGYP003085916351.pdb.gz	2.084E-07	1.000	270	1	135	140	6	139	252	136	0.964	0.532
LOKIASV2_1460_ESMFold_hypothetical_protein	MGYP001026689366.pdb.gz	MGYP001026689366.pdb.gz	3.502E-07	1.000	269	4	123	140	2	121	293	122	0.857	0.410
LOKIASV2_1460_ESMFold_hypothetical_protein	MGYP001073413945.pdb.gz	MGYP001073413945.pdb.gz	3.737E-07	1.000	268	4	113	140	2	112	114	114	0.786	0.974
LOKIASV2_1460_ESMFold_hypothetical_protein	MGYP000595483975.pdb.gz	MGYP000595483975.pdb.gz	3.076E-07	1.000	268	4	127	140	2	124	157	127	0.886	0.783
LOKIASV2_1460_ESMFold_hypothetical_protein	MGYP000672148815.pdb.gz	MGYP000672148815.pdb.gz	3.076E-07	1.000	268	4	138	140	2	137	170	140	0.964	0.800
LOKIASV2_1460_ESMFold_hypothetical_protein	MGYP001426827404.pdb.gz	MGYP001426827404.pdb.gz	8.138E-07	1.000	267	4	127	140	2	125	255	125	0.886	0.486
LOKIASV2_1460_ESMFold_hypothetical_protein	MGYP000389062800.pdb.gz	MGYP000389062800.pdb.gz	5.884E-07	1.000	266	4	127	140	2	124	157	126	0.886	0.783
LOKIASV2_1460_ESMFold_hypothetical_protein	MGYP000580737275.pdb.gz	MGYP000580737275.pdb.gz	1.608E-07	1.000	266	4	136	140	2	143	158	143	0.950	0.899
LOKIASV2_1460_ESMFold_hypothetical_protein	MGYP001085287834.pdb.gz	MGYP001085287834.pdb.gz	9.266E-07	1.000	263	6	100	140	2	98	100	97	0.679	0.970
LOKIASV2_1460_ESMFold_hypothetical_protein	MGYP000882069594.pdb.gz	MGYP000882069594.pdb.gz	7.878E-08	1.000	263	4	139	140	1	144	188	146	0.971	0.766
LOKIASV2_1460_ESMFold_hypothetical_protein	MGYP000138424290.pdb.gz	MGYP000138424290.pdb.gz	4.254E-07	1.000	263	3	122	140	262	382	383	126	0.857	0.316
LOKIASV2_1460_ESMFold_hypothetical_protein	MGYP000431803752.pdb.gz	MGYP000431803752.pdb.gz	7.383E-08	1.000	261	4	138	140	2	130	140	140	0.964	0.921
LOKIASV2_1460_ESMFold_hypothetical_protein	MGYP000557147254.pdb.gz	MGYP000557147254.pdb.gz	4.254E-07	1.000	261	4	128	140	2	125	164	130	0.893	0.756
LOKIASV2_1460_ESMFold_hypothetical_protein	MGYP000905364176.pdb.gz	MGYP000905364176.pdb.gz	5.168E-07	1.000	260	4	128	140	55	180	185	129	0.893	0.681
LOKIASV2_1460_ESMFold_hypothetical_protein	MGYP000546804097.pdb.gz	MGYP000546804097.pdb.gz	3.502E-07	1.000	255	4	129	140	2	127	147	132	0.900	0.857
LOKIASV2_1460_ESMFold_hypothetical_protein	MGYP000636766394.pdb.gz	MGYP000636766394.pdb.gz	3.076E-07	1.000	255	4	140	140	24	165	175	144	0.979	0.811
LOKIASV2_1460_ESMFold_hypothetical_protein	MGYP000515856966.pdb.gz	MGYP000515856966.pdb.gz	6.279E-07	1.000	254	4	129	140	2	125	203	128	0.900	0.611
LOKIASV2_1460_ESMFold_hypothetical_protein	MGYP001351297595.pdb.gz	MGYP001351297595.pdb.gz	3.282E-07	1.000	253	3	135	140	6	137	156	136	0.950	0.846
LOKIASV2_1460_ESMFold_hypothetical_protein	MGYP000356631593.pdb.gz	MGYP000356631593.pdb.gz	1.772E-06	1.000	251	4	101	140	2	98	126	99	0.700	0.770
LOKIASV2_1460_ESMFold_hypothetical_protein	MGYP001175063809.pdb.gz	MGYP001175063809.pdb.gz	5.884E-07	1.000	250	6	124	140	4	131	132	130	0.850	0.970
LOKIASV2_1460_ESMFold_hypothetical_protein	MGYP000704595176.pdb.gz	MGYP000704595176.pdb.gz	8.138E-07	1.000	250	3	138	140	10	144	149	140	0.971	0.906
LOKIASV2_1460_ESMFold_hypothetical_protein	MGYP000660265070.pdb.gz	MGYP000660265070.pdb.gz	2.153E-06	1.000	245	4	79	140	3	78	85	78	0.543	0.894
LOKIASV2_1460_ESMFold_hypothetical_protein	MGYP000362526119.pdb.gz	MGYP000362526119.pdb.gz	7.383E-08	1.000	245	4	128	140	3	124	126	130	0.893	0.968
LOKIASV2_1460_ESMFold_hypothetical_protein	MGYP000745867463.pdb.gz	MGYP000745867463.pdb.gz	2.616E-06	1.000	245	3	123	140	6	128	135	125	0.864	0.911
LOKIASV2_1460_ESMFold_hypothetical_protein	MGYP001056313667.pdb.gz	MGYP001056313667.pdb.gz	1.661E-06	1.000	244	4	121	140	2	126	254	125	0.843	0.492
LOKIASV2_1460_ESMFold_hypothetical_protein	MGYP000468085742.pdb.gz	MGYP000468085742.pdb.gz	1.367E-06	1.000	243	14	140	140	4	132	176	130	0.907	0.733
LOKIASV2_1460_ESMFold_hypothetical_protein	MGYP000632457891.pdb.gz	MGYP000632457891.pdb.gz	1.557E-06	1.000	242	4	130	140	2	130	169	133	0.907	0.763
LOKIASV2_1460_ESMFold_hypothetical_protein	MGYP000951976030.pdb.gz	MGYP000951976030.pdb.gz	1.772E-06	1.000	241	6	102	140	26	122	141	98	0.693	0.688
LOKIASV2_1460_ESMFold_hypothetical_protein	MGYP000864717643.pdb.gz	MGYP000864717643.pdb.gz	2.153E-06	1.000	240	14	122	140	2	109	115	109	0.779	0.939
LOKIASV2_1460_ESMFold_hypothetical_protein	MGYP000731117474.pdb.gz	MGYP000731117474.pdb.gz	1.772E-06	1.000	239	6	132	140	4	130	184	131	0.907	0.690
LOKIASV2_1460_ESMFold_hypothetical_protein	MGYP001076776054.pdb.gz	MGYP001076776054.pdb.gz	1.557E-06	1.000	238	3	127	140	232	360	366	132	0.893	0.352
LOKIASV2_1460_ESMFold_hypothetical_protein	MGYP000963280859.pdb.gz	MGYP000963280859.pdb.gz	2.616E-06	1.000	235	4	127	140	79	203	208	129	0.886	0.601
LOKIASV2_1460_ESMFold_hypothetical_protein	MGYP001411914427.pdb.gz	MGYP001411914427.pdb.gz	2.616E-06	1.000	233	4	111	140	2	113	138	112	0.771	0.812
LOKIASV2_1460_ESMFold_hypothetical_protein	MGYP001137689409.pdb.gz	MGYP001137689409.pdb.gz	3.618E-06	1.000	232	3	125	140	4	128	140	131	0.879	0.893
LOKIASV2_1460_ESMFold_hypothetical_protein	MGYP001176433323.pdb.gz	MGYP001176433323.pdb.gz	6.485E-08	1.000	231	4	140	140	2	145	173	148	0.979	0.832
LOKIASV2_1460_ESMFold_hypothetical_protein	MGYP000215087095.pdb.gz	MGYP000215087095.pdb.gz	5.884E-07	1.000	229	2	135	140	8	148	285	142	0.957	0.495
LOKIASV2_1460_ESMFold_hypothetical_protein	MGYP001010583876.pdb.gz	MGYP001010583876.pdb.gz	5.004E-06	1.000	228	4	134	140	40	168	169	133	0.936	0.763
LOKIASV2_1460_ESMFold_hypothetical_protein	MGYP000675167103.pdb.gz	MGYP000675167103.pdb.gz	1.557E-06	1.000	226	3	139	140	10	150	181	144	0.979	0.779
LOKIASV2_1460_ESMFold_hypothetical_protein	MGYP001037772906.pdb.gz	MGYP001037772906.pdb.gz	3.178E-06	1.000	225	4	90	140	1	88	95	91	0.621	0.926
LOKIASV2_1460_ESMFold_hypothetical_protein	MGYP001138444074.pdb.gz	MGYP001138444074.pdb.gz	4.395E-06	1.000	223	4	90	140	1	88	99	90	0.621	0.889
LOKIASV2_1460_ESMFold_hypothetical_protein	MGYP000288812619.pdb.gz	MGYP000288812619.pdb.gz	5.168E-07	1.000	223	3	131	140	21	154	156	138	0.921	0.859
LOKIASV2_1460_ESMFold_hypothetical_protein	MGYP000851004299.pdb.gz	MGYP000851004299.pdb.gz	5.339E-06	1.000	223	4	119	140	74	191	194	121	0.829	0.608
LOKIASV2_1460_ESMFold_hypothetical_protein	MGYP001388273097.pdb.gz	MGYP001388273097.pdb.gz	1.608E-05	1.000	222	4	91	140	2	89	91	89	0.629	0.967
LOKIASV2_1460_ESMFold_hypothetical_protein	MGYP001218561398.pdb.gz	MGYP001218561398.pdb.gz	2.373E-07	1.000	222	2	140	140	1	156	156	160	0.993	1.000
LOKIASV2_1460_ESMFold_hypothetical_protein	MGYP000350733688.pdb.gz	MGYP000350733688.pdb.gz	2.452E-06	1.000	222	4	138	140	5	147	166	147	0.964	0.861
LOKIASV2_1460_ESMFold_hypothetical_protein	MGYP000223642767.pdb.gz	MGYP000223642767.pdb.gz	1.324E-05	1.000	221	3	94	140	6	95	97	92	0.657	0.928
LOKIASV2_1460_ESMFold_hypothetical_protein	MGYP001143100778.pdb.gz	MGYP001143100778.pdb.gz	5.004E-06	1.000	220	3	127	140	4	128	141	130	0.893	0.887
LOKIASV2_1460_ESMFold_hypothetical_protein	MGYP000474583896.pdb.gz	MGYP000474583896.pdb.gz	1.891E-06	1.000	218	4	140	140	5	143	143	148	0.979	0.972
LOKIASV2_1460_ESMFold_hypothetical_protein	MGYP000199743914.pdb.gz	MGYP000199743914.pdb.gz	2.616E-06	1.000	218	3	125	140	15	148	207	140	0.879	0.647
LOKIASV2_1460_ESMFold_hypothetical_protein	MGYP000418450019.pdb.gz	MGYP000418450019.pdb.gz	8.408E-06	1.000	216	3	104	140	18	118	131	104	0.729	0.771
LOKIASV2_1460_ESMFold_hypothetical_protein	MGYP000397908238.pdb.gz	MGYP000397908238.pdb.gz	5.697E-06	1.000	216	4	139	140	2	133	136	140	0.971	0.971
LOKIASV2_1460_ESMFold_hypothetical_protein	MGYP000856753533.pdb.gz	MGYP000856753533.pdb.gz	3.178E-06	1.000	216	3	139	140	52	197	223	152	0.979	0.655
LOKIASV2_1460_ESMFold_hypothetical_protein	MGYP000008076362.pdb.gz	MGYP000008076362.pdb.gz	2.616E-06	1.000	215	3	137	140	12	154	194	147	0.964	0.737
LOKIASV2_1460_ESMFold_hypothetical_protein	MGYP003565594474.pdb.gz	MGYP003565594474.pdb.gz	4.690E-06	1.000	215	3	129	140	62	210	212	151	0.907	0.703
LOKIASV2_1460_ESMFold_hypothetical_protein	MGYP001285352198.pdb.gz	MGYP001285352198.pdb.gz	7.385E-06	1.000	214	3	127	140	74	201	204	132	0.893	0.627
LOKIASV2_1460_ESMFold_hypothetical_protein	MGYP000622027573.pdb.gz	MGYP000622027573.pdb.gz	4.395E-06	1.000	213	4	138	140	2	139	184	141	0.964	0.750
LOKIASV2_1460_ESMFold_hypothetical_protein	MGYP000456789033.pdb.gz	MGYP000456789033.pdb.gz	2.452E-06	1.000	212	3	140	140	8	151	173	150	0.986	0.832
LOKIASV2_1460_ESMFold_hypothetical_protein	MGYP000114828677.pdb.gz	MGYP000114828677.pdb.gz	2.225E-05	1.000	212	4	123	140	2	120	250	122	0.857	0.476
LOKIASV2_1460_ESMFold_hypothetical_protein	MGYP000515859664.pdb.gz	MGYP000515859664.pdb.gz	4.690E-06	1.000	211	4	138	140	12	147	156	142	0.964	0.872
LOKIASV2_1460_ESMFold_hypothetical_protein	MGYP000182647765.pdb.gz	MGYP000182647765.pdb.gz	1.831E-05	1.000	211	1	81	140	166	246	249	83	0.579	0.325
LOKIASV2_1460_ESMFold_hypothetical_protein	MGYP000940683358.pdb.gz	MGYP000940683358.pdb.gz	2.374E-05	1.000	210	4	94	140	2	93	95	94	0.650	0.968
LOKIASV2_1460_ESMFold_hypothetical_protein	MGYP003565709425.pdb.gz	MGYP003565709425.pdb.gz	2.374E-05	1.000	207	4	101	140	9	104	104	98	0.700	0.923
LOKIASV2_1460_ESMFold_hypothetical_protein	MGYP001290349157.pdb.gz	MGYP001290349157.pdb.gz	4.395E-06	1.000	207	2	124	140	1	137	154	140	0.879	0.890
LOKIASV2_1460_ESMFold_hypothetical_protein	MGYP001155750861.pdb.gz	MGYP001155750861.pdb.gz	3.988E-05	1.000	206	4	96	140	4	99	108	97	0.664	0.889
LOKIASV2_1460_ESMFold_hypothetical_protein	MGYP000383168837.pdb.gz	MGYP000383168837.pdb.gz	1.413E-05	1.000	205	1	97	140	2	94	117	97	0.693	0.795
LOKIASV2_1460_ESMFold_hypothetical_protein	MGYP003565669420.pdb.gz	MGYP003565669420.pdb.gz	9.887E-07	1.000	205	4	128	140	2	134	136	137	0.893	0.978
LOKIASV2_1460_ESMFold_hypothetical_protein	MGYP000627917276.pdb.gz	MGYP000627917276.pdb.gz	1.507E-05	1.000	205	4	76	140	2	71	322	74	0.521	0.217
LOKIASV2_1460_ESMFold_hypothetical_protein	MGYP001266180330.pdb.gz	MGYP001266180330.pdb.gz	1.324E-05	1.000	203	4	132	140	43	171	185	133	0.921	0.697
LOKIASV2_1460_ESMFold_hypothetical_protein	MGYP001414944846.pdb.gz	MGYP001414944846.pdb.gz	1.772E-06	1.000	202	1	88	140	1	101	103	101	0.629	0.981
LOKIASV2_1460_ESMFold_hypothetical_protein	MGYP000521762339.pdb.gz	MGYP000521762339.pdb.gz	1.163E-05	1.000	201	4	98	140	2	101	106	100	0.679	0.943
LOKIASV2_1460_ESMFold_hypothetical_protein	MGYP000448039523.pdb.gz	MGYP000448039523.pdb.gz	9.572E-06	1.000	201	4	107	140	2	107	317	110	0.743	0.334
LOKIASV2_1460_ESMFold_hypothetical_protein	MGYP001047854996.pdb.gz	MGYP001047854996.pdb.gz	8.971E-06	1.000	198	1	118	140	15	126	135	121	0.843	0.830
LOKIASV2_1460_ESMFold_hypothetical_protein	MGYP000218037769.pdb.gz	MGYP000218037769.pdb.gz	1.716E-05	1.000	198	4	131	140	2	145	172	148	0.914	0.837
LOKIASV2_1460_ESMFold_hypothetical_protein	MGYP001191472979.pdb.gz	MGYP001191472979.pdb.gz	1.201E-06	1.000	196	4	140	140	4	148	148	149	0.979	0.980
LOKIASV2_1460_ESMFold_hypothetical_protein	MGYP001276803678.pdb.gz	MGYP001276803678.pdb.gz	1.954E-05	1.000	196	3	126	140	65	208	212	147	0.886	0.679
LOKIASV2_1460_ESMFold_hypothetical_protein	MGYP000276430029.pdb.gz	MGYP000276430029.pdb.gz	3.738E-05	1.000	195	1	77	140	1	82	85	82	0.550	0.965
LOKIASV2_1460_ESMFold_hypothetical_protein	MGYP000669202104.pdb.gz	MGYP000669202104.pdb.gz	3.860E-06	1.000	195	4	140	140	45	181	181	143	0.979	0.757
LOKIASV2_1460_ESMFold_hypothetical_protein	MGYP000173807738.pdb.gz	MGYP000173807738.pdb.gz	1.772E-06	1.000	195	4	139	140	2	165	196	166	0.971	0.837
LOKIASV2_1460_ESMFold_hypothetical_protein	MGYP000846774010.pdb.gz	MGYP000846774010.pdb.gz	7.150E-05	1.000	193	4	126	140	2	129	139	131	0.879	0.921
LOKIASV2_1460_ESMFold_hypothetical_protein	MGYP000193848277.pdb.gz	MGYP000193848277.pdb.gz	2.791E-06	1.000	193	4	138	140	2	142	153	142	0.964	0.922
LOKIASV2_1460_ESMFold_hypothetical_protein	MGYP003822134345.pdb.gz	MGYP003822134345.pdb.gz	7.150E-05	1.000	192	4	76	140	2	75	83	74	0.521	0.892
LOKIASV2_1460_ESMFold_hypothetical_protein	MGYP000536504691.pdb.gz	MGYP000536504691.pdb.gz	1.163E-05	1.000	192	4	139	140	10	140	164	139	0.971	0.799
LOKIASV2_1460_ESMFold_hypothetical_protein	MGYP000639711712.pdb.gz	MGYP000639711712.pdb.gz	6.079E-06	1.000	191	4	136	140	2	130	160	140	0.950	0.806
LOKIASV2_1460_ESMFold_hypothetical_protein	MGYP000501121551.pdb.gz	MGYP000501121551.pdb.gz	6.486E-06	1.000	190	4	138	140	2	131	132	139	0.964	0.985
LOKIASV2_1460_ESMFold_hypothetical_protein	MGYP000197390375.pdb.gz	MGYP000197390375.pdb.gz	3.618E-06	1.000	190	4	140	140	2	147	147	153	0.979	0.993
LOKIASV2_1460_ESMFold_hypothetical_protein	MGYP000300313869.pdb.gz	MGYP000300313869.pdb.gz	1.608E-05	1.000	190	3	117	140	4	110	254	117	0.821	0.421
LOKIASV2_1460_ESMFold_hypothetical_protein	MGYP000963982083.pdb.gz	MGYP000963982083.pdb.gz	8.686E-05	1.000	189	4	122	140	28	144	149	121	0.850	0.785
LOKIASV2_1460_ESMFold_hypothetical_protein	MGYP000524703388.pdb.gz	MGYP000524703388.pdb.gz	3.988E-05	1.000	189	3	121	140	188	300	303	123	0.850	0.373
LOKIASV2_1460_ESMFold_hypothetical_protein	MGYP001613231881.pdb.gz	MGYP001613231881.pdb.gz	2.085E-05	1.000	188	3	138	140	19	182	198	166	0.971	0.828
LOKIASV2_1460_ESMFold_hypothetical_protein	MGYP000237189276.pdb.gz	MGYP000237189276.pdb.gz	1.608E-05	1.000	187	4	135	140	2	133	137	143	0.943	0.964
LOKIASV2_1460_ESMFold_hypothetical_protein	MGYP001074706023.pdb.gz	MGYP001074706023.pdb.gz	2.883E-05	1.000	187	3	124	140	71	197	200	129	0.871	0.635
LOKIASV2_1460_ESMFold_hypothetical_protein	MGYP000857356279.pdb.gz	MGYP000857356279.pdb.gz	2.702E-05	1.000	186	4	124	140	15	138	139	130	0.864	0.892
LOKIASV2_1460_ESMFold_hypothetical_protein	MGYP002379022642.pdb.gz	MGYP002379022642.pdb.gz	3.988E-05	1.000	185	2	112	140	173	287	632	118	0.793	0.182
LOKIASV2_1460_ESMFold_hypothetical_protein	MGYP000096341825.pdb.gz	MGYP000096341825.pdb.gz	1.201E-04	1.000	184	4	82	140	2	83	99	82	0.564	0.828
LOKIASV2_1460_ESMFold_hypothetical_protein	MGYP000695149402.pdb.gz	MGYP000695149402.pdb.gz	8.686E-05	1.000	184	3	127	140	13	140	143	130	0.893	0.895
LOKIASV2_1460_ESMFold_hypothetical_protein	MGYP000032267811.pdb.gz	MGYP000032267811.pdb.gz	2.702E-05	1.000	179	4	139	140	2	153	155	159	0.971	0.981
LOKIASV2_1460_ESMFold_hypothetical_protein	MGYP001149367064.pdb.gz	MGYP001149367064.pdb.gz	2.085E-05	1.000	178	1	91	140	16	111	112	97	0.650	0.857
LOKIASV2_1460_ESMFold_hypothetical_protein	MGYP000135475817.pdb.gz	MGYP000135475817.pdb.gz	1.891E-06	1.000	178	4	132	140	39	179	182	145	0.921	0.775
LOKIASV2_1460_ESMFold_hypothetical_protein	MGYP000998575958.pdb.gz	MGYP000998575958.pdb.gz	7.150E-05	1.000	177	1	98	140	1	99	103	100	0.700	0.961
LOKIASV2_1460_ESMFold_hypothetical_protein	MGYP002631735951.pdb.gz	MGYP002631735951.pdb.gz	1.282E-04	1.000	177	6	131	140	11	144	166	136	0.900	0.807
LOKIASV2_1460_ESMFold_hypothetical_protein	MGYP003987316815.pdb.gz	MGYP003987316815.pdb.gz	2.452E-04	1.000	176	2	98	140	1	105	108	106	0.693	0.972
LOKIASV2_1460_ESMFold_hypothetical_protein	MGYP000548389311.pdb.gz	MGYP000548389311.pdb.gz	3.283E-05	1.000	176	4	101	140	44	142	171	104	0.700	0.579
LOKIASV2_1460_ESMFold_hypothetical_protein	MGYP002715548614.pdb.gz	MGYP002715548614.pdb.gz	3.503E-05	1.000	175	6	117	140	33	134	144	113	0.800	0.708
LOKIASV2_1460_ESMFold_hypothetical_protein	MGYP000520458249.pdb.gz	MGYP000520458249.pdb.gz	6.701E-05	1.000	174	4	135	140	3	139	142	151	0.943	0.965
LOKIASV2_1460_ESMFold_hypothetical_protein	MGYP000439192245.pdb.gz	MGYP000439192245.pdb.gz	1.892E-04	1.000	173	4	126	140	2	123	282	125	0.879	0.433
LOKIASV2_1460_ESMFold_hypothetical_protein	MGYP001263218503.pdb.gz	MGYP001263218503.pdb.gz	3.077E-05	1.000	170	4	131	140	2	133	136	134	0.914	0.971
LOKIASV2_1460_ESMFold_hypothetical_protein	MGYP000349294876.pdb.gz	MGYP000349294876.pdb.gz	1.413E-05	1.000	169	1	94	140	16	112	122	101	0.671	0.795
LOKIASV2_1460_ESMFold_hypothetical_protein	MGYP000340530600.pdb.gz	MGYP000340530600.pdb.gz	4.396E-04	1.000	169	4	98	140	2	96	132	99	0.679	0.720
LOKIASV2_1460_ESMFold_hypothetical_protein	MGYP002385062828.pdb.gz	MGYP002385062828.pdb.gz	1.413E-05	1.000	168	4	120	140	2	112	114	124	0.836	0.974
LOKIASV2_1460_ESMFold_hypothetical_protein	MGYP000666254346.pdb.gz	MGYP000666254346.pdb.gz	2.883E-05	1.000	168	4	122	140	2	120	126	124	0.850	0.944
LOKIASV2_1460_ESMFold_hypothetical_protein	MGYP002840865099.pdb.gz	MGYP002840865099.pdb.gz	1.090E-05	1.000	168	2	137	140	6	152	180	150	0.971	0.817
LOKIASV2_1460_ESMFold_hypothetical_protein	MGYP001124119653.pdb.gz	MGYP001124119653.pdb.gz	1.126E-04	1.000	168	6	115	140	27	137	186	117	0.786	0.597
LOKIASV2_1460_ESMFold_hypothetical_protein	MGYP000737019937.pdb.gz	MGYP000737019937.pdb.gz	2.533E-05	1.000	167	4	138	140	10	146	147	144	0.964	0.932
LOKIASV2_1460_ESMFold_hypothetical_protein	MGYP003366292895.pdb.gz	MGYP003366292895.pdb.gz	9.889E-05	1.000	165	3	118	140	38	152	276	121	0.829	0.417
LOKIASV2_1460_ESMFold_hypothetical_protein	MGYP000099038522.pdb.gz	MGYP000099038522.pdb.gz	6.280E-05	1.000	164	1	91	140	14	113	123	100	0.650	0.813
LOKIASV2_1460_ESMFold_hypothetical_protein	MGYP000114834351.pdb.gz	MGYP000114834351.pdb.gz	4.541E-05	1.000	164	4	140	140	2	137	137	144	0.979	0.993
LOKIASV2_1460_ESMFold_hypothetical_protein	MGYP000417886365.pdb.gz	MGYP000417886365.pdb.gz	1.126E-04	1.000	163	2	91	140	17	112	123	96	0.643	0.780
LOKIASV2_1460_ESMFold_hypothetical_protein	MGYP000459028398.pdb.gz	MGYP000459028398.pdb.gz	1.662E-04	1.000	163	6	131	140	14	148	170	139	0.900	0.794
LOKIASV2_1460_ESMFold_hypothetical_protein	MGYP000949865523.pdb.gz	MGYP000949865523.pdb.gz	1.557E-04	1.000	163	6	118	140	21	146	210	128	0.807	0.600
LOKIASV2_1460_ESMFold_hypothetical_protein	MGYP000571890444.pdb.gz	MGYP000571890444.pdb.gz	6.701E-05	1.000	163	4	134	140	16	141	217	137	0.936	0.581
LOKIASV2_1460_ESMFold_hypothetical_protein	MGYP001257858078.pdb.gz	MGYP001257858078.pdb.gz	3.861E-04	1.000	160	4	98	140	51	151	156	101	0.679	0.647
LOKIASV2_1460_ESMFold_hypothetical_protein	MGYP001025653469.pdb.gz	MGYP001025653469.pdb.gz	7.386E-04	1.000	159	2	100	140	12	110	110	102	0.707	0.900
LOKIASV2_1460_ESMFold_hypothetical_protein	MGYP004416389661.pdb.gz	MGYP004416389661.pdb.gz	3.861E-04	1.000	158	4	138	140	3	164	175	163	0.964	0.926
LOKIASV2_1460_ESMFold_hypothetical_protein	MGYP003337167229.pdb.gz	MGYP003337167229.pdb.gz	2.298E-04	1.000	157	4	112	140	2	114	127	117	0.779	0.890
LOKIASV2_1460_ESMFold_hypothetical_protein	MGYP000315350129.pdb.gz	MGYP000315350129.pdb.gz	7.629E-05	1.000	156	4	137	140	2	146	152	151	0.957	0.954
LOKIASV2_1460_ESMFold_hypothetical_protein	MGYP001316076605.pdb.gz	MGYP001316076605.pdb.gz	2.792E-04	1.000	155	4	133	140	2	131	154	135	0.929	0.844
LOKIASV2_1460_ESMFold_hypothetical_protein	MGYP002634148346.pdb.gz	MGYP002634148346.pdb.gz	3.861E-04	1.000	153	3	98	140	8	117	151	111	0.686	0.728
LOKIASV2_1460_ESMFold_hypothetical_protein	MGYP001265426076.pdb.gz	MGYP001265426076.pdb.gz	6.080E-04	1.000	153	6	79	140	12	83	310	77	0.529	0.232
LOKIASV2_1460_ESMFold_hypothetical_protein	MGYP000182650694.pdb.gz	MGYP000182650694.pdb.gz	1.557E-04	1.000	153	4	118	140	242	356	362	126	0.821	0.318
LOKIASV2_1460_ESMFold_hypothetical_protein	MGYP001454962320.pdb.gz	MGYP001454962320.pdb.gz	7.881E-04	1.000	152	1	84	140	12	96	122	88	0.600	0.697
LOKIASV2_1460_ESMFold_hypothetical_protein	MGYP000736836325.pdb.gz	MGYP000736836325.pdb.gz	1.459E-04	1.000	152	4	127	140	2	132	134	137	0.886	0.978
LOKIASV2_1460_ESMFold_hypothetical_protein	MGYP000350137778.pdb.gz	MGYP000350137778.pdb.gz	1.368E-04	1.000	152	8	135	140	2	152	156	153	0.914	0.968
LOKIASV2_1460_ESMFold_hypothetical_protein	MGYP002885662337.pdb.gz	MGYP002885662337.pdb.gz	8.140E-05	1.000	152	1	138	140	1	143	175	147	0.986	0.817
LOKIASV2_1460_ESMFold_hypothetical_protein	MGYP001014121930.pdb.gz	MGYP001014121930.pdb.gz	3.392E-04	1.000	151	4	127	140	236	359	379	131	0.886	0.327
LOKIASV2_1460_ESMFold_hypothetical_protein	MGYP000403974233.pdb.gz	MGYP000403974233.pdb.gz	4.120E-04	1.000	151	2	112	140	127	237	536	116	0.793	0.207
LOKIASV2_1460_ESMFold_hypothetical_protein	MGYP001105168176.pdb.gz	MGYP001105168176.pdb.gz	6.923E-04	1.000	150	2	100	140	12	110	110	103	0.707	0.900
LOKIASV2_1460_ESMFold_hypothetical_protein	MGYP000291763894.pdb.gz	MGYP000291763894.pdb.gz	9.889E-05	1.000	150	1	139	140	1	140	203	147	0.993	0.690
LOKIASV2_1460_ESMFold_hypothetical_protein	MGYP000300026274.pdb.gz	MGYP000300026274.pdb.gz	2.452E-04	1.000	149	3	122	140	5	152	153	151	0.857	0.967
LOKIASV2_1460_ESMFold_hypothetical_protein	MGYP000509968269.pdb.gz	MGYP000509968269.pdb.gz	2.883E-05	1.000	148	4	106	140	2	116	118	118	0.736	0.975
LOKIASV2_1460_ESMFold_hypothetical_protein	MGYP001360289916.pdb.gz	MGYP001360289916.pdb.gz	6.280E-05	1.000	148	4	121	140	4	150	151	151	0.843	0.974
LOKIASV2_1460_ESMFold_hypothetical_protein	MGYP000058809190.pdb.gz	MGYP000058809190.pdb.gz	3.178E-04	1.000	148	4	118	140	2	122	156	124	0.821	0.776
LOKIASV2_1460_ESMFold_hypothetical_protein	MGYP000978255316.pdb.gz	MGYP000978255316.pdb.gz	8.410E-04	1.000	146	1	92	140	3	91	92	92	0.657	0.967
LOKIASV2_1460_ESMFold_hypothetical_protein	MGYP002621647079.pdb.gz	MGYP002621647079.pdb.gz	3.861E-04	1.000	146	4	139	140	2	134	155	140	0.971	0.858
LOKIASV2_1460_ESMFold_hypothetical_protein	MGYP000551246663.pdb.gz	MGYP000551246663.pdb.gz	6.080E-04	1.000	146	1	139	140	1	154	158	156	0.993	0.975
LOKIASV2_1460_ESMFold_hypothetical_protein	MGYP000536166015.pdb.gz	MGYP000536166015.pdb.gz	1.557E-04	1.000	145	2	94	140	15	116	119	103	0.664	0.857
LOKIASV2_1460_ESMFold_hypothetical_protein	MGYP000021927130.pdb.gz	MGYP000021927130.pdb.gz	1.324E-03	1.000	145	20	126	140	12	117	133	109	0.764	0.797
LOKIASV2_1460_ESMFold_hypothetical_protein	MGYP001089399860.pdb.gz	MGYP001089399860.pdb.gz	3.178E-04	1.000	144	4	101	140	26	132	139	108	0.700	0.770
LOKIASV2_1460_ESMFold_hypothetical_protein	MGYP000352190950.pdb.gz	MGYP000352190950.pdb.gz	8.140E-05	1.000	144	4	140	140	2	144	144	149	0.979	0.993
LOKIASV2_1460_ESMFold_hypothetical_protein	MGYP001056942113.pdb.gz	MGYP001056942113.pdb.gz	8.973E-04	1.000	144	2	111	140	13	123	145	116	0.786	0.766
LOKIASV2_1460_ESMFold_hypothetical_protein	MGYP003576077321.pdb.gz	MGYP003576077321.pdb.gz	7.881E-04	1.000	143	1	100	140	13	113	113	102	0.714	0.894
LOKIASV2_1460_ESMFold_hypothetical_protein	MGYP001492620240.pdb.gz	MGYP001492620240.pdb.gz	1.201E-04	1.000	141	2	109	140	27	129	140	113	0.771	0.736
LOKIASV2_1460_ESMFold_hypothetical_protein	MGYP001453202217.pdb.gz	MGYP001453202217.pdb.gz	5.886E-05	1.000	140	4	130	140	29	162	163	138	0.907	0.822
LOKIASV2_1460_ESMFold_hypothetical_protein	MGYP001407183036.pdb.gz	MGYP001407183036.pdb.gz	2.154E-04	1.000	139	2	94	140	15	109	119	99	0.664	0.798
LOKIASV2_1460_ESMFold_hypothetical_protein	MGYP001550531451.pdb.gz	MGYP001550531451.pdb.gz	2.154E-04	1.000	137	3	103	140	13	126	134	114	0.721	0.851
LOKIASV2_1460_ESMFold_hypothetical_protein	MGYP000482833173.pdb.gz	MGYP000482833173.pdb.gz	5.886E-05	1.000	137	4	137	140	34	166	167	140	0.957	0.796
LOKIASV2_1460_ESMFold_hypothetical_protein	MGYP003335931700.pdb.gz	MGYP003335931700.pdb.gz	1.090E-03	1.000	136	1	91	140	9	99	111	93	0.650	0.820
LOKIASV2_1460_ESMFold_hypothetical_protein	MGYP001252552921.pdb.gz	MGYP001252552921.pdb.gz	2.979E-04	1.000	136	4	127	140	2	115	130	127	0.886	0.877
LOKIASV2_1460_ESMFold_hypothetical_protein	MGYP000421494977.pdb.gz	MGYP000421494977.pdb.gz	2.979E-04	1.000	136	1	121	140	26	148	277	126	0.864	0.444
LOKIASV2_1460_ESMFold_hypothetical_protein	MGYP001059221549.pdb.gz	MGYP001059221549.pdb.gz	1.163E-03	1.000	135	3	91	140	38	126	132	91	0.636	0.674
LOKIASV2_1460_ESMFold_hypothetical_protein	MGYP002884027875.pdb.gz	MGYP002884027875.pdb.gz	4.120E-04	1.000	135	4	138	140	2	131	167	141	0.964	0.778
LOKIASV2_1460_ESMFold_hypothetical_protein	MGYP000176756182.pdb.gz	MGYP000176756182.pdb.gz	1.892E-04	1.000	135	4	131	140	3	129	210	136	0.914	0.605
LOKIASV2_1460_ESMFold_hypothetical_protein	MGYP000439333229.pdb.gz	MGYP000439333229.pdb.gz	5.005E-04	1.000	134	1	101	140	13	115	119	108	0.721	0.866
LOKIASV2_1460_ESMFold_hypothetical_protein	MGYP004076544333.pdb.gz	MGYP004076544333.pdb.gz	7.629E-05	1.000	134	4	135	140	9	131	132	140	0.943	0.932
LOKIASV2_1460_ESMFold_hypothetical_protein	MGYP000323529873.pdb.gz	MGYP000323529873.pdb.gz	1.662E-04	1.000	134	3	138	140	26	159	160	148	0.971	0.837
LOKIASV2_1460_ESMFold_hypothetical_protein	MGYP001759706538.pdb.gz	MGYP001759706538.pdb.gz	1.609E-03	1.000	133	1	91	140	11	101	124	93	0.650	0.734
LOKIASV2_1460_ESMFold_hypothetical_protein	MGYP000494167311.pdb.gz	MGYP000494167311.pdb.gz	1.413E-03	1.000	133	1	107	140	26	133	133	112	0.764	0.812
LOKIASV2_1460_ESMFold_hypothetical_protein	MGYP000499972124.pdb.gz	MGYP000499972124.pdb.gz	6.080E-04	1.000	133	4	135	140	2	131	166	137	0.943	0.783
LOKIASV2_1460_ESMFold_hypothetical_protein	MGYP000321251970.pdb.gz	MGYP000321251970.pdb.gz	6.282E-03	1.000	132	1	98	140	11	108	112	101	0.700	0.875
LOKIASV2_1460_ESMFold_hypothetical_protein	MGYP002788797409.pdb.gz	MGYP002788797409.pdb.gz	1.609E-03	1.000	132	1	108	140	1	111	113	115	0.771	0.982
LOKIASV2_1460_ESMFold_hypothetical_protein	MGYP001767073571.pdb.gz	MGYP001767073571.pdb.gz	1.832E-03	1.000	132	1	89	140	27	120	121	96	0.636	0.777
LOKIASV2_1460_ESMFold_hypothetical_protein	MGYP001807741186.pdb.gz	MGYP001807741186.pdb.gz	1.413E-03	1.000	131	1	101	140	12	117	122	110	0.721	0.869
LOKIASV2_1460_ESMFold_hypothetical_protein	MGYP000160953406.pdb.gz	MGYP000160953406.pdb.gz	6.488E-04	1.000	131	1	111	140	12	123	138	116	0.793	0.812
LOKIASV2_1460_ESMFold_hypothetical_protein	MGYP000873217905.pdb.gz	MGYP000873217905.pdb.gz	3.861E-04	1.000	130	2	91	140	30	124	166	97	0.643	0.572
LOKIASV2_1460_ESMFold_hypothetical_protein	MGYP001355618740.pdb.gz	MGYP001355618740.pdb.gz	3.989E-03	1.000	129	1	88	140	9	96	100	90	0.629	0.880
LOKIASV2_1460_ESMFold_hypothetical_protein	MGYP001019255930.pdb.gz	MGYP001019255930.pdb.gz	1.832E-03	1.000	129	1	91	140	15	105	114	97	0.650	0.798
LOKIASV2_1460_ESMFold_hypothetical_protein	MGYP000613177673.pdb.gz	MGYP000613177673.pdb.gz	1.324E-03	1.000	129	3	122	140	13	125	131	123	0.857	0.863
LOKIASV2_1460_ESMFold_hypothetical_protein	MGYP003966900529.pdb.gz	MGYP003966900529.pdb.gz	8.410E-04	1.000	128	2	93	140	11	117	122	109	0.657	0.877
LOKIASV2_1460_ESMFold_hypothetical_protein	MGYP001453279253.pdb.gz	MGYP001453279253.pdb.gz	2.533E-03	1.000	128	4	128	140	2	126	161	130	0.893	0.776
LOKIASV2_1460_ESMFold_hypothetical_protein	MGYP001571251287.pdb.gz	MGYP001571251287.pdb.gz	3.619E-04	1.000	128	4	140	140	40	169	169	146	0.979	0.769
LOKIASV2_1460_ESMFold_hypothetical_protein	MGYP001064574937.pdb.gz	MGYP001064574937.pdb.gz	6.923E-04	1.000	128	3	109	140	21	130	190	118	0.764	0.579
LOKIASV2_1460_ESMFold_hypothetical_protein	MGYP000225397827.pdb.gz	MGYP000225397827.pdb.gz	6.080E-04	1.000	127	3	107	140	24	127	127	113	0.750	0.819
LOKIASV2_1460_ESMFold_hypothetical_protein	MGYP000434837444.pdb.gz	MGYP000434837444.pdb.gz	1.609E-03	1.000	127	3	98	140	38	133	137	102	0.686	0.701
LOKIASV2_1460_ESMFold_hypothetical_protein	MGYP001568679410.pdb.gz	MGYP001568679410.pdb.gz	2.085E-03	1.000	126	2	79	140	15	97	119	84	0.557	0.697
LOKIASV2_1460_ESMFold_hypothetical_protein	MGYP000641303672.pdb.gz	MGYP000641303672.pdb.gz	1.241E-03	1.000	126	4	76	140	25	102	121	80	0.521	0.645
LOKIASV2_1460_ESMFold_hypothetical_protein	MGYP000571891274.pdb.gz	MGYP000571891274.pdb.gz	2.533E-03	1.000	126	6	133	140	12	131	132	134	0.914	0.909
LOKIASV2_1460_ESMFold_hypothetical_protein	MGYP000961365337.pdb.gz	MGYP000961365337.pdb.gz	7.881E-04	1.000	125	1	95	140	22	128	131	109	0.679	0.817
LOKIASV2_1460_ESMFold_hypothetical_protein	MGYP003361823716.pdb.gz	MGYP003361823716.pdb.gz	1.609E-03	1.000	125	4	123	140	3	118	132	128	0.857	0.879
LOKIASV2_1460_ESMFold_hypothetical_protein	MGYP002653030923.pdb.gz	MGYP002653030923.pdb.gz	2.225E-03	1.000	125	3	113	140	24	136	167	117	0.793	0.677
LOKIASV2_1460_ESMFold_hypothetical_protein	MGYP000163562801.pdb.gz	MGYP000163562801.pdb.gz	4.846E-03	1.000	124	2	107	140	15	119	147	110	0.757	0.714
LOKIASV2_1460_ESMFold_hypothetical_protein	MGYP003575752918.pdb.gz	MGYP003575752918.pdb.gz	3.178E-04	1.000	123	4	140	140	38	168	170	147	0.979	0.771
LOKIASV2_1460_ESMFold_hypothetical_protein	MGYP002630814040.pdb.gz	MGYP002630814040.pdb.gz	2.533E-03	1.000	123	3	109	140	42	150	182	111	0.764	0.599
LOKIASV2_1460_ESMFold_hypothetical_protein	MGYP000271409471.pdb.gz	MGYP000271409471.pdb.gz	9.891E-03	1.000	123	6	96	140	87	177	506	95	0.650	0.180
LOKIASV2_1460_ESMFold_hypothetical_protein	MGYP000945805035.pdb.gz	MGYP000945805035.pdb.gz	1.090E-03	1.000	122	1	88	140	13	101	113	90	0.629	0.788
LOKIASV2_1460_ESMFold_hypothetical_protein	MGYP001257648998.pdb.gz	MGYP001257648998.pdb.gz	8.410E-04	1.000	122	1	131	140	12	121	122	134	0.936	0.902
LOKIASV2_1460_ESMFold_hypothetical_protein	MGYP003477313400.pdb.gz	MGYP003477313400.pdb.gz	3.861E-04	1.000	122	4	127	140	53	188	189	137	0.886	0.720
LOKIASV2_1460_ESMFold_hypothetical_protein	MGYP000551250107.pdb.gz	MGYP000551250107.pdb.gz	3.178E-04	1.000	121	2	135	140	15	141	161	140	0.957	0.789
LOKIASV2_1460_ESMFold_hypothetical_protein	MGYP001596687203.pdb.gz	MGYP001596687203.pdb.gz	3.989E-03	1.000	120	2	86	140	15	103	104	92	0.607	0.856
LOKIASV2_1460_ESMFold_hypothetical_protein	MGYP001161665830.pdb.gz	MGYP001161665830.pdb.gz	1.892E-02	1.000	119	6	96	140	4	95	98	95	0.650	0.939
LOKIASV2_1460_ESMFold_hypothetical_protein	MGYP000712327778.pdb.gz	MGYP000712327778.pdb.gz	3.739E-03	1.000	119	3	92	140	14	107	111	98	0.643	0.847
LOKIASV2_1460_ESMFold_hypothetical_protein	MGYP003365661862.pdb.gz	MGYP003365661862.pdb.gz	1.241E-03	1.000	119	2	113	140	1	113	145	119	0.800	0.779
LOKIASV2_1460_ESMFold_hypothetical_protein	MGYP001309596357.pdb.gz	MGYP001309596357.pdb.gz	3.861E-04	1.000	119	4	136	140	35	166	167	143	0.950	0.790
LOKIASV2_1460_ESMFold_hypothetical_protein	MGYP000367443628.pdb.gz	MGYP000367443628.pdb.gz	7.631E-03	1.000	118	1	97	140	24	118	126	99	0.693	0.754
LOKIASV2_1460_ESMFold_hypothetical_protein	MGYP001325745078.pdb.gz	MGYP001325745078.pdb.gz	1.022E-03	1.000	118	2	124	140	36	148	173	128	0.879	0.653
LOKIASV2_1460_ESMFold_hypothetical_protein	MGYP001290243826.pdb.gz	MGYP001290243826.pdb.gz	5.171E-03	1.000	118	1	109	140	6	119	185	118	0.779	0.616
LOKIASV2_1460_ESMFold_hypothetical_protein	MGYP003620413697.pdb.gz	MGYP003620413697.pdb.gz	5.005E-04	1.000	118	4	130	140	74	190	207	133	0.907	0.565
LOKIASV2_1460_ESMFold_hypothetical_protein	MGYP000489460076.pdb.gz	MGYP000489460076.pdb.gz	2.225E-03	1.000	117	1	100	140	15	118	118	107	0.714	0.881
LOKIASV2_1460_ESMFold_hypothetical_protein	MGYP001125976660.pdb.gz	MGYP001125976660.pdb.gz	1.413E-03	1.000	117	7	120	140	4	125	134	128	0.814	0.910
LOKIASV2_1460_ESMFold_hypothetical_protein	MGYP001408168114.pdb.gz	MGYP001408168114.pdb.gz	8.973E-04	1.000	117	7	139	140	2	145	175	146	0.950	0.823
LOKIASV2_1460_ESMFold_hypothetical_protein	MGYP001768581248.pdb.gz	MGYP001768581248.pdb.gz	1.282E-02	1.000	116	3	90	140	21	106	143	90	0.629	0.601
LOKIASV2_1460_ESMFold_hypothetical_protein	MGYP000984351331.pdb.gz	MGYP000984351331.pdb.gz	9.575E-04	1.000	116	1	139	140	20	152	166	146	0.993	0.801
LOKIASV2_1460_ESMFold_hypothetical_protein	MGYP001037355948.pdb.gz	MGYP001037355948.pdb.gz	1.508E-03	1.000	115	1	95	140	12	110	111	102	0.679	0.892
LOKIASV2_1460_ESMFold_hypothetical_protein	MGYP000426770875.pdb.gz	MGYP000426770875.pdb.gz	1.413E-03	1.000	115	1	91	140	12	106	113	97	0.650	0.841
LOKIASV2_1460_ESMFold_hypothetical_protein	MGYP003328451956.pdb.gz	MGYP003328451956.pdb.gz	2.533E-03	1.000	115	2	93	140	13	108	113	98	0.657	0.850
LOKIASV2_1460_ESMFold_hypothetical_protein	MGYP001501787057.pdb.gz	MGYP001501787057.pdb.gz	3.077E-03	1.000	115	3	94	140	24	114	120	95	0.657	0.758
LOKIASV2_1460_ESMFold_hypothetical_protein	MGYP003685097471.pdb.gz	MGYP003685097471.pdb.gz	1.241E-03	1.000	115	1	131	140	12	124	125	135	0.936	0.904
LOKIASV2_1460_ESMFold_hypothetical_protein	MGYP000733880783.pdb.gz	MGYP000733880783.pdb.gz	3.284E-03	1.000	115	6	131	140	4	126	127	132	0.900	0.969
LOKIASV2_1460_ESMFold_hypothetical_protein	MGYP001767449544.pdb.gz	MGYP001767449544.pdb.gz	5.887E-03	1.000	114	3	91	140	24	113	124	93	0.636	0.726
LOKIASV2_1460_ESMFold_hypothetical_protein	MGYP001058938133.pdb.gz	MGYP001058938133.pdb.gz	2.299E-02	1.000	114	3	90	140	23	108	129	90	0.629	0.667
LOKIASV2_1460_ESMFold_hypothetical_protein	MGYP002165189512.pdb.gz	MGYP002165189512.pdb.gz	3.284E-03	1.000	114	1	131	140	18	129	130	133	0.936	0.862
LOKIASV2_1460_ESMFold_hypothetical_protein	MGYP000986034921.pdb.gz	MGYP000986034921.pdb.gz	2.617E-02	1.000	114	2	79	140	74	150	176	80	0.557	0.438
LOKIASV2_1460_ESMFold_hypothetical_protein	MGYP001315710260.pdb.gz	MGYP001315710260.pdb.gz	3.077E-03	1.000	113	1	100	140	10	113	113	108	0.714	0.920
LOKIASV2_1460_ESMFold_hypothetical_protein	MGYP000104892319.pdb.gz	MGYP000104892319.pdb.gz	1.163E-03	1.000	113	4	138	140	15	169	170	161	0.964	0.912
LOKIASV2_1460_ESMFold_hypothetical_protein	MGYP003566029395.pdb.gz	MGYP003566029395.pdb.gz	1.460E-02	1.000	112	4	103	140	2	100	101	102	0.714	0.980
LOKIASV2_1460_ESMFold_hypothetical_protein	MGYP001271391441.pdb.gz	MGYP001271391441.pdb.gz	1.163E-03	1.000	112	1	139	140	11	139	154	145	0.993	0.838
LOKIASV2_1460_ESMFold_hypothetical_protein	MGYP001152650579.pdb.gz	MGYP001152650579.pdb.gz	5.171E-03	1.000	112	3	134	140	14	153	155	150	0.943	0.903
LOKIASV2_1460_ESMFold_hypothetical_protein	MGYP000343644519.pdb.gz	MGYP000343644519.pdb.gz	3.284E-03	1.000	112	1	139	140	34	190	211	163	0.993	0.744
LOKIASV2_1460_ESMFold_hypothetical_protein	MGYP001168819259.pdb.gz	MGYP001168819259.pdb.gz	4.542E-03	1.000	111	4	76	140	2	74	84	76	0.521	0.869
LOKIASV2_1460_ESMFold_hypothetical_protein	MGYP000971914539.pdb.gz	MGYP000971914539.pdb.gz	6.282E-03	1.000	111	1	103	140	40	141	145	110	0.736	0.703
LOKIASV2_1460_ESMFold_hypothetical_protein	MGYP001444093025.pdb.gz	MGYP001444093025.pdb.gz	5.698E-04	1.000	111	4	130	140	2	146	147	154	0.907	0.986
LOKIASV2_1460_ESMFold_hypothetical_protein	MGYP003090282454.pdb.gz	MGYP003090282454.pdb.gz	1.508E-03	1.000	111	1	140	140	1	175	175	179	1.000	1.000
LOKIASV2_1460_ESMFold_hypothetical_protein	MGYP001473176135.pdb.gz	MGYP001473176135.pdb.gz	3.989E-03	1.000	110	1	83	140	13	96	108	86	0.593	0.778
LOKIASV2_1460_ESMFold_hypothetical_protein	MGYP002049087010.pdb.gz	MGYP002049087010.pdb.gz	7.881E-04	1.000	110	4	133	140	2	146	147	153	0.929	0.986
LOKIASV2_1460_ESMFold_hypothetical_protein	MGYP001801765913.pdb.gz	MGYP001801765913.pdb.gz	1.413E-03	1.000	110	1	130	140	12	147	149	143	0.929	0.913
LOKIASV2_1460_ESMFold_hypothetical_protein	MGYP000847077311.pdb.gz	MGYP000847077311.pdb.gz	1.022E-03	1.000	110	4	126	140	28	157	160	135	0.879	0.812
LOKIASV2_1460_ESMFold_hypothetical_protein	MGYP000435572447.pdb.gz	MGYP000435572447.pdb.gz	3.284E-03	1.000	110	4	124	140	6	161	438	160	0.864	0.356
LOKIASV2_1460_ESMFold_hypothetical_protein	MGYP001172848421.pdb.gz	MGYP001172848421.pdb.gz	2.019E-02	1.000	109	3	98	140	15	111	114	100	0.686	0.851
LOKIASV2_1460_ESMFold_hypothetical_protein	MGYP000010432698.pdb.gz	MGYP000010432698.pdb.gz	7.631E-03	1.000	109	3	106	140	21	116	144	107	0.743	0.667
LOKIASV2_1460_ESMFold_hypothetical_protein	MGYP001792661812.pdb.gz	MGYP001792661812.pdb.gz	1.090E-03	1.000	109	4	130	140	5	139	164	148	0.907	0.823
LOKIASV2_1460_ESMFold_hypothetical_protein	MGYP000462595511.pdb.gz	MGYP000462595511.pdb.gz	6.282E-03	1.000	108	4	94	140	21	111	122	97	0.650	0.746
LOKIASV2_1460_ESMFold_hypothetical_protein	MGYP000920869407.pdb.gz	MGYP000920869407.pdb.gz	2.085E-03	1.000	108	3	90	140	29	127	132	101	0.629	0.750
LOKIASV2_1460_ESMFold_hypothetical_protein	MGYP003792497389.pdb.gz	MGYP003792497389.pdb.gz	1.126E-02	1.000	107	3	91	140	9	101	113	97	0.636	0.823
LOKIASV2_1460_ESMFold_hypothetical_protein	MGYP000464586349.pdb.gz	MGYP000464586349.pdb.gz	1.282E-02	1.000	107	1	107	140	10	111	140	112	0.764	0.729
LOKIASV2_1460_ESMFold_hypothetical_protein	MGYP001421710713.pdb.gz	MGYP001421710713.pdb.gz	1.368E-02	1.000	106	1	94	140	16	109	110	96	0.671	0.855
LOKIASV2_1460_ESMFold_hypothetical_protein	MGYP001052669826.pdb.gz	MGYP001052669826.pdb.gz	5.887E-03	1.000	106	4	109	140	2	109	141	115	0.757	0.766
LOKIASV2_1460_ESMFold_hypothetical_protein	MGYP000182647351.pdb.gz	MGYP000182647351.pdb.gz	8.688E-03	1.000	106	3	91	140	35	123	156	93	0.636	0.571
LOKIASV2_1460_ESMFold_hypothetical_protein	MGYP003365002164.pdb.gz	MGYP003365002164.pdb.gz	5.171E-03	1.000	106	2	139	140	1	128	200	144	0.986	0.640
LOKIASV2_1460_ESMFold_hypothetical_protein	MGYP000565363075.pdb.gz	MGYP000565363075.pdb.gz	1.202E-02	1.000	105	1	97	140	1	94	95	104	0.693	0.989
LOKIASV2_1460_ESMFold_hypothetical_protein	MGYP001081105304.pdb.gz	MGYP001081105304.pdb.gz	9.270E-03	1.000	105	2	93	140	17	109	110	99	0.657	0.845
LOKIASV2_1460_ESMFold_hypothetical_protein	MGYP001461283588.pdb.gz	MGYP001461283588.pdb.gz	3.179E-02	1.000	105	2	94	140	38	133	140	99	0.664	0.686
LOKIASV2_1460_ESMFold_hypothetical_protein	MGYP000288941299.pdb.gz	MGYP000288941299.pdb.gz	3.861E-04	1.000	105	4	128	140	31	155	157	140	0.893	0.796
LOKIASV2_1460_ESMFold_hypothetical_protein	MGYP001795664641.pdb.gz	MGYP001795664641.pdb.gz	1.460E-02	1.000	105	2	79	140	124	203	227	80	0.557	0.352
LOKIASV2_1460_ESMFold_hypothetical_protein	MGYP003332065217.pdb.gz	MGYP003332065217.pdb.gz	6.282E-03	1.000	104	2	76	140	13	88	114	78	0.536	0.667
LOKIASV2_1460_ESMFold_hypothetical_protein	MGYP001461220476.pdb.gz	MGYP001461220476.pdb.gz	1.055E-02	1.000	104	2	89	140	30	117	118	94	0.629	0.746
LOKIASV2_1460_ESMFold_hypothetical_protein	MGYP000861537058.pdb.gz	MGYP000861537058.pdb.gz	1.892E-02	1.000	104	2	78	140	29	107	134	80	0.550	0.590
LOKIASV2_1460_ESMFold_hypothetical_protein	MGYP003366445991.pdb.gz	MGYP003366445991.pdb.gz	1.460E-02	1.000	104	2	108	140	1	111	146	113	0.764	0.760
LOKIASV2_1460_ESMFold_hypothetical_protein	MGYP000483430158.pdb.gz	MGYP000483430158.pdb.gz	3.620E-02	1.000	103	1	99	140	14	112	114	102	0.707	0.868
LOKIASV2_1460_ESMFold_hypothetical_protein	MGYP001615477037.pdb.gz	MGYP001615477037.pdb.gz	1.368E-02	1.000	103	1	91	140	16	106	117	97	0.650	0.778
LOKIASV2_1460_ESMFold_hypothetical_protein	MGYP000190890678.pdb.gz	MGYP000190890678.pdb.gz	9.891E-03	1.000	103	1	102	140	9	107	135	108	0.729	0.733
LOKIASV2_1460_ESMFold_hypothetical_protein	MGYP001053190708.pdb.gz	MGYP001053190708.pdb.gz	9.270E-03	1.000	102	3	109	140	8	117	173	113	0.764	0.636
LOKIASV2_1460_ESMFold_hypothetical_protein	MGYP003963500209.pdb.gz	MGYP003963500209.pdb.gz	1.558E-02	1.000	102	3	123	140	8	125	185	124	0.864	0.638
LOKIASV2_1460_ESMFold_hypothetical_protein	MGYP001491370002.pdb.gz	MGYP001491370002.pdb.gz	2.154E-02	1.000	102	1	109	140	11	124	194	118	0.779	0.588
LOKIASV2_1460_ESMFold_hypothetical_protein	MGYP000002058274.pdb.gz	MGYP000002058274.pdb.gz	3.392E-02	1.000	101	2	91	140	16	105	110	92	0.643	0.818
LOKIASV2_1460_ESMFold_hypothetical_protein	MGYP002632811399.pdb.gz	MGYP002632811399.pdb.gz	1.055E-02	1.000	101	4	111	140	2	124	126	124	0.771	0.976
LOKIASV2_1460_ESMFold_hypothetical_protein	MGYP001464664484.pdb.gz	MGYP001464664484.pdb.gz	2.617E-02	1.000	100	1	95	140	12	107	113	97	0.679	0.850
LOKIASV2_1460_ESMFold_hypothetical_protein	MGYP001339100005.pdb.gz	MGYP001339100005.pdb.gz	2.980E-02	1.000	100	1	91	140	20	110	115	93	0.650	0.791
LOKIASV2_1460_ESMFold_hypothetical_protein	MGYP000603518434.pdb.gz	MGYP000603518434.pdb.gz	2.019E-02	1.000	100	4	123	140	2	122	123	124	0.857	0.984
LOKIASV2_1460_ESMFold_hypothetical_protein	MGYP001450959926.pdb.gz	MGYP001450959926.pdb.gz	1.662E-02	0.999	99	1	88	140	7	95	96	91	0.629	0.927
LOKIASV2_1460_ESMFold_hypothetical_protein	MGYP000512921698.pdb.gz	MGYP000512921698.pdb.gz	1.892E-02	0.999	99	1	94	140	14	107	118	101	0.671	0.797
LOKIASV2_1460_ESMFold_hypothetical_protein	MGYP000984648564.pdb.gz	MGYP000984648564.pdb.gz	1.055E-02	0.999	98	3	86	140	14	98	102	91	0.600	0.833
LOKIASV2_1460_ESMFold_hypothetical_protein	MGYP002012861807.pdb.gz	MGYP002012861807.pdb.gz	1.892E-02	0.999	98	1	79	140	23	102	116	82	0.564	0.690
LOKIASV2_1460_ESMFold_hypothetical_protein	MGYP003466820530.pdb.gz	MGYP003466820530.pdb.gz	1.202E-02	0.999	98	4	90	140	50	141	146	94	0.621	0.630
LOKIASV2_1460_ESMFold_hypothetical_protein	MGYP001128069115.pdb.gz	MGYP001128069115.pdb.gz	1.090E-01	0.999	98	29	133	140	5	109	224	105	0.750	0.469
LOKIASV2_1460_ESMFold_hypothetical_protein	MGYP001116689176.pdb.gz	MGYP001116689176.pdb.gz	1.126E-02	0.999	98	6	121	140	11	142	316	139	0.829	0.418
LOKIASV2_1460_ESMFold_hypothetical_protein	MGYP000293604240.pdb.gz	MGYP000293604240.pdb.gz	8.142E-03	0.999	97	1	89	140	12	107	113	98	0.636	0.850
LOKIASV2_1460_ESMFold_hypothetical_protein	MGYP000897600601.pdb.gz	MGYP000897600601.pdb.gz	9.270E-03	0.999	97	4	138	140	2	139	148	144	0.964	0.932
LOKIASV2_1460_ESMFold_hypothetical_protein	MGYP001823427317.pdb.gz	MGYP001823427317.pdb.gz	3.739E-03	0.999	97	1	140	140	11	151	151	153	1.000	0.934
LOKIASV2_1460_ESMFold_hypothetical_protein	MGYP000190800441.pdb.gz	MGYP000190800441.pdb.gz	5.887E-03	0.999	97	3	123	140	19	137	156	130	0.864	0.763
LOKIASV2_1460_ESMFold_hypothetical_protein	MGYP001362899551.pdb.gz	MGYP001362899551.pdb.gz	1.368E-02	0.999	96	1	90	140	14	107	114	95	0.643	0.825
LOKIASV2_1460_ESMFold_hypothetical_protein	MGYP001802193655.pdb.gz	MGYP001802193655.pdb.gz	2.884E-03	0.999	96	1	123	140	11	141	145	137	0.879	0.903
LOKIASV2_1460_ESMFold_hypothetical_protein	MGYP001470362411.pdb.gz	MGYP001470362411.pdb.gz	1.609E-03	0.999	96	1	117	140	1	111	180	123	0.836	0.617
LOKIASV2_1460_ESMFold_hypothetical_protein	MGYP000497979292.pdb.gz	MGYP000497979292.pdb.gz	1.202E-02	0.998	95	4	119	140	2	122	124	129	0.829	0.976
LOKIASV2_1460_ESMFold_hypothetical_protein	MGYP002155005160.pdb.gz	MGYP002155005160.pdb.gz	2.617E-02	0.998	95	3	90	140	28	113	128	91	0.629	0.672
LOKIASV2_1460_ESMFold_hypothetical_protein	MGYP001376149045.pdb.gz	MGYP001376149045.pdb.gz	5.171E-03	0.998	95	4	120	140	2	115	154	126	0.836	0.740
LOKIASV2_1460_ESMFold_hypothetical_protein	MGYP000549888059.pdb.gz	MGYP000549888059.pdb.gz	1.368E-02	0.998	95	3	103	140	27	130	168	112	0.721	0.619
LOKIASV2_1460_ESMFold_hypothetical_protein	MGYP000995850119.pdb.gz	MGYP000995850119.pdb.gz	1.324E-03	0.998	95	1	133	140	52	177	178	138	0.950	0.708
LOKIASV2_1460_ESMFold_hypothetical_protein	MGYP001186634704.pdb.gz	MGYP001186634704.pdb.gz	1.460E-02	0.998	94	2	100	140	13	113	113	103	0.707	0.894
LOKIASV2_1460_ESMFold_hypothetical_protein	MGYP000959964535.pdb.gz	MGYP000959964535.pdb.gz	1.508E-03	0.998	94	1	104	140	17	129	148	119	0.743	0.764
LOKIASV2_1460_ESMFold_hypothetical_protein	MGYP001228240651.pdb.gz	MGYP001228240651.pdb.gz	1.055E-02	0.998	93	3	111	140	22	133	147	116	0.779	0.762
LOKIASV2_1460_ESMFold_hypothetical_protein	MGYP000615445564.pdb.gz	MGYP000615445564.pdb.gz	3.620E-02	0.998	93	1	94	140	49	142	149	101	0.671	0.631
LOKIASV2_1460_ESMFold_hypothetical_protein	MGYP000038196537.pdb.gz	MGYP000038196537.pdb.gz	1.126E-02	0.998	93	4	125	140	5	148	153	153	0.871	0.941
LOKIASV2_1460_ESMFold_hypothetical_protein	MGYP000169456755.pdb.gz	MGYP000169456755.pdb.gz	3.862E-02	0.997	92	2	95	140	15	111	112	101	0.671	0.866
LOKIASV2_1460_ESMFold_hypothetical_protein	MGYP001350316952.pdb.gz	MGYP001350316952.pdb.gz	2.154E-02	0.997	91	1	91	140	14	108	113	101	0.650	0.841
LOKIASV2_1460_ESMFold_hypothetical_protein	MGYP000471768009.pdb.gz	MGYP000471768009.pdb.gz	3.862E-02	0.997	91	3	108	140	25	131	132	113	0.757	0.811
LOKIASV2_1460_ESMFold_hypothetical_protein	MGYP001086816942.pdb.gz	MGYP001086816942.pdb.gz	9.270E-03	0.997	91	3	110	140	23	141	143	123	0.771	0.832
LOKIASV2_1460_ESMFold_hypothetical_protein	MGYP000694667737.pdb.gz	MGYP000694667737.pdb.gz	4.542E-03	0.996	90	4	115	140	26	131	195	118	0.800	0.544
LOKIASV2_1460_ESMFold_hypothetical_protein	MGYP000375937364.pdb.gz	MGYP000375937364.pdb.gz	5.006E-02	0.996	89	1	91	140	11	101	107	93	0.650	0.850
LOKIASV2_1460_ESMFold_hypothetical_protein	MGYP003667598398.pdb.gz	MGYP003667598398.pdb.gz	4.397E-02	0.995	88	1	91	140	13	103	107	93	0.650	0.850
LOKIASV2_1460_ESMFold_hypothetical_protein	MGYP000831492749.pdb.gz	MGYP000831492749.pdb.gz	2.703E-03	0.995	88	3	115	140	20	126	163	123	0.807	0.656
LOKIASV2_1460_ESMFold_hypothetical_protein	MGYP000722272660.pdb.gz	MGYP000722272660.pdb.gz	6.489E-02	0.993	86	2	111	140	22	133	135	117	0.786	0.830
LOKIASV2_1460_ESMFold_hypothetical_protein	MGYP000904058044.pdb.gz	MGYP000904058044.pdb.gz	1.368E-02	0.993	86	2	110	140	35	146	164	120	0.779	0.683
LOKIASV2_1460_ESMFold_hypothetical_protein	MGYP001076494080.pdb.gz	MGYP001076494080.pdb.gz	1.202E-02	0.992	85	3	103	140	23	130	138	112	0.721	0.783
LOKIASV2_1460_ESMFold_hypothetical_protein	MGYP001563581669.pdb.gz	MGYP001563581669.pdb.gz	6.702E-03	0.992	85	4	126	140	57	190	193	141	0.879	0.694
LOKIASV2_1460_ESMFold_hypothetical_protein	MGYP000563077607.pdb.gz	MGYP000563077607.pdb.gz	3.179E-02	0.991	84	4	98	140	4	112	113	113	0.679	0.965
LOKIASV2_1460_ESMFold_hypothetical_protein	MGYP001350709076.pdb.gz	MGYP001350709076.pdb.gz	7.388E-02	0.991	84	3	96	140	14	112	113	100	0.671	0.876
LOKIASV2_1460_ESMFold_hypothetical_protein	MGYP003379965801.pdb.gz	MGYP003379965801.pdb.gz	1.055E-02	0.991	84	3	123	140	18	117	118	125	0.864	0.847
LOKIASV2_1460_ESMFold_hypothetical_protein	MGYP000871810523.pdb.gz	MGYP000871810523.pdb.gz	2.225E-03	0.991	84	6	135	140	35	152	170	131	0.929	0.694
LOKIASV2_1460_ESMFold_hypothetical_protein	MGYP000308054740.pdb.gz	MGYP000308054740.pdb.gz	5.700E-02	0.990	83	1	94	140	9	104	105	97	0.671	0.914
LOKIASV2_1460_ESMFold_hypothetical_protein	MGYP000420957022.pdb.gz	MGYP000420957022.pdb.gz	6.702E-03	0.990	83	1	139	140	202	372	543	173	0.993	0.315
LOKIASV2_1460_ESMFold_hypothetical_protein	MGYP000961862792.pdb.gz	MGYP000961862792.pdb.gz	1.368E-02	0.988	82	3	117	140	14	122	185	122	0.821	0.589
LOKIASV2_1460_ESMFold_hypothetical_protein	MGYP001235035470.pdb.gz	MGYP001235035470.pdb.gz	4.542E-03	0.988	82	2	139	140	80	208	225	145	0.986	0.573
LOKIASV2_1460_ESMFold_hypothetical_protein	MGYP003104859593.pdb.gz	MGYP003104859593.pdb.gz	5.171E-03	0.988	82	1	135	140	120	244	245	136	0.964	0.510
LOKIASV2_1460_ESMFold_hypothetical_protein	MGYP001796469161.pdb.gz	MGYP001796469161.pdb.gz	6.702E-03	0.986	81	6	136	140	45	168	175	132	0.936	0.709
LOKIASV2_1460_ESMFold_hypothetical_protein	MGYP001804667172.pdb.gz	MGYP001804667172.pdb.gz	1.662E-02	0.984	80	1	138	140	1	155	171	158	0.986	0.906
LOKIASV2_1460_ESMFold_hypothetical_protein	MGYP001764618150.pdb.gz	MGYP001764618150.pdb.gz	5.887E-03	0.984	80	3	134	140	10	137	190	136	0.943	0.674
LOKIASV2_1460_ESMFold_hypothetical_protein	MGYP001549683019.pdb.gz	MGYP001549683019.pdb.gz	4.256E-03	0.984	80	6	134	140	5	129	195	135	0.921	0.641
LOKIASV2_1460_ESMFold_hypothetical_protein	MGYP001217078386.pdb.gz	MGYP001217078386.pdb.gz	8.688E-03	0.984	80	4	138	140	27	198	220	176	0.964	0.782
LOKIASV2_1460_ESMFold_hypothetical_protein	MGYP001142487446.pdb.gz	MGYP001142487446.pdb.gz	3.989E-03	0.981	79	2	135	140	22	135	171	136	0.957	0.667
LOKIASV2_1460_ESMFold_hypothetical_protein	MGYP001106423280.pdb.gz	MGYP001106423280.pdb.gz	1.717E-03	0.981	79	2	140	140	76	218	218	151	0.993	0.656
LOKIASV2_1460_ESMFold_hypothetical_protein	MGYP000937058628.pdb.gz	MGYP000937058628.pdb.gz	1.368E-02	0.981	79	6	134	140	6	129	231	132	0.921	0.537
LOKIASV2_1460_ESMFold_hypothetical_protein	MGYP002626528658.pdb.gz	MGYP002626528658.pdb.gz	1.954E-03	0.981	79	6	139	140	87	210	240	136	0.957	0.517
LOKIASV2_1460_ESMFold_hypothetical_protein	MGYP002717138362.pdb.gz	MGYP002717138362.pdb.gz	1.055E-02	0.981	79	5	138	140	284	405	444	134	0.957	0.275
LOKIASV2_1460_ESMFold_hypothetical_protein	MGYP002163332701.pdb.gz	MGYP002163332701.pdb.gz	7.631E-03	0.978	78	4	126	140	10	123	149	131	0.879	0.765
LOKIASV2_1460_ESMFold_hypothetical_protein	MGYP000903928899.pdb.gz	MGYP000903928899.pdb.gz	3.739E-03	0.978	78	6	140	140	84	212	213	141	0.964	0.606
LOKIASV2_1460_ESMFold_hypothetical_protein	MGYP001104333840.pdb.gz	MGYP001104333840.pdb.gz	5.171E-03	0.978	78	3	139	140	22	167	347	146	0.979	0.421
LOKIASV2_1460_ESMFold_hypothetical_protein	MGYP001950699337.pdb.gz	MGYP001950699337.pdb.gz	1.282E-02	0.978	78	1	134	140	202	317	377	134	0.957	0.308
LOKIASV2_1460_ESMFold_hypothetical_protein	MGYP003987974913.pdb.gz	MGYP003987974913.pdb.gz	2.617E-02	0.975	77	4	100	140	15	124	124	116	0.693	0.887
LOKIASV2_1460_ESMFold_hypothetical_protein	MGYP000308738042.pdb.gz	MGYP000308738042.pdb.gz	3.739E-03	0.971	76	6	139	140	80	207	226	138	0.957	0.566
LOKIASV2_1460_ESMFold_hypothetical_protein	MGYP000996059147.pdb.gz	MGYP000996059147.pdb.gz	3.989E-03	0.971	76	4	138	140	206	336	373	146	0.964	0.351
LOKIASV2_1460_ESMFold_hypothetical_protein	MGYP000574966524.pdb.gz	MGYP000574966524.pdb.gz	2.980E-02	0.971	76	3	135	140	174	300	495	134	0.950	0.257
LOKIASV2_1460_ESMFold_hypothetical_protein	MGYP001014017949.pdb.gz	MGYP001014017949.pdb.gz	3.862E-02	0.967	75	5	139	140	31	159	184	138	0.964	0.701
LOKIASV2_1460_ESMFold_hypothetical_protein	MGYP001273080717.pdb.gz	MGYP001273080717.pdb.gz	3.739E-03	0.967	75	2	138	140	5	127	191	142	0.979	0.644
LOKIASV2_1460_ESMFold_hypothetical_protein	MGYP001048844085.pdb.gz	MGYP001048844085.pdb.gz	6.702E-03	0.967	75	6	138	140	208	335	568	140	0.950	0.225
LOKIASV2_1460_ESMFold_hypothetical_protein	MGYP001572841784.pdb.gz	MGYP001572841784.pdb.gz	1.055E-02	0.961	74	6	98	140	8	96	169	100	0.664	0.527
LOKIASV2_1460_ESMFold_hypothetical_protein	MGYP001120335576.pdb.gz	MGYP001120335576.pdb.gz	2.086E-01	0.961	74	1	76	140	89	164	172	80	0.543	0.442
LOKIASV2_1460_ESMFold_hypothetical_protein	MGYP001546664957.pdb.gz	MGYP001546664957.pdb.gz	1.325E-01	0.961	74	2	78	140	96	172	176	82	0.550	0.438
LOKIASV2_1460_ESMFold_hypothetical_protein	MGYP003686778235.pdb.gz	MGYP003686778235.pdb.gz	1.055E-02	0.961	74	2	139	140	82	256	393	181	0.986	0.445
LOKIASV2_1460_ESMFold_hypothetical_protein	MGYP001000339839.pdb.gz	MGYP001000339839.pdb.gz	6.702E-03	0.961	74	6	135	140	77	196	411	131	0.929	0.292
LOKIASV2_1460_ESMFold_hypothetical_protein	MGYP000750583129.pdb.gz	MGYP000750583129.pdb.gz	1.282E-02	0.961	74	6	134	140	107	230	486	132	0.921	0.255
LOKIASV2_1460_ESMFold_hypothetical_protein	MGYP003366123859.pdb.gz	MGYP003366123859.pdb.gz	7.388E-02	0.956	73	6	81	140	4	79	101	82	0.543	0.752
LOKIASV2_1460_ESMFold_hypothetical_protein	MGYP000848385430.pdb.gz	MGYP000848385430.pdb.gz	1.558E-02	0.956	73	3	132	140	39	156	170	130	0.929	0.694
LOKIASV2_1460_ESMFold_hypothetical_protein	MGYP000185733201.pdb.gz	MGYP000185733201.pdb.gz	1.126E-02	0.956	73	1	135	140	15	143	173	139	0.964	0.746
LOKIASV2_1460_ESMFold_hypothetical_protein	MGYP001564525876.pdb.gz	MGYP001564525876.pdb.gz	1.090E-01	0.956	73	1	99	140	88	178	181	102	0.707	0.503
LOKIASV2_1460_ESMFold_hypothetical_protein	MGYP000588196120.pdb.gz	MGYP000588196120.pdb.gz	8.142E-03	0.956	73	1	137	140	107	224	225	137	0.979	0.524
LOKIASV2_1460_ESMFold_hypothetical_protein	MGYP000421239811.pdb.gz	MGYP000421239811.pdb.gz	2.453E-02	0.956	73	3	139	140	105	224	228	137	0.979	0.526
LOKIASV2_1460_ESMFold_hypothetical_protein	MGYP002511713240.pdb.gz	MGYP002511713240.pdb.gz	1.055E-02	0.956	73	2	135	140	76	200	247	138	0.957	0.506
LOKIASV2_1460_ESMFold_hypothetical_protein	MGYP003260686525.pdb.gz	MGYP003260686525.pdb.gz	8.142E-03	0.956	73	6	128	140	172	309	310	145	0.879	0.445
LOKIASV2_1460_ESMFold_hypothetical_protein	MGYP000226968393.pdb.gz	MGYP000226968393.pdb.gz	1.954E-03	0.956	73	6	137	140	215	325	586	135	0.943	0.189
LOKIASV2_1460_ESMFold_hypothetical_protein	MGYP000504160242.pdb.gz	MGYP000504160242.pdb.gz	2.453E-02	0.956	73	1	135	140	242	365	594	139	0.964	0.209
LOKIASV2_1460_ESMFold_hypothetical_protein	MGYP003623661874.pdb.gz	MGYP003623661874.pdb.gz	1.460E-02	0.949	72	6	130	140	18	132	171	126	0.893	0.673
LOKIASV2_1460_ESMFold_hypothetical_protein	MGYP000593241781.pdb.gz	MGYP000593241781.pdb.gz	8.142E-03	0.949	72	6	139	140	67	185	190	138	0.957	0.626
LOKIASV2_1460_ESMFold_hypothetical_protein	MGYP003353532754.pdb.gz	MGYP003353532754.pdb.gz	1.282E-02	0.949	72	2	138	140	3	130	205	144	0.979	0.624
LOKIASV2_1460_ESMFold_hypothetical_protein	MGYP003596410532.pdb.gz	MGYP003596410532.pdb.gz	2.086E-01	0.949	72	3	76	140	42	115	215	77	0.529	0.344
LOKIASV2_1460_ESMFold_hypothetical_protein	MGYP000040846694.pdb.gz	MGYP000040846694.pdb.gz	6.282E-03	0.949	72	1	138	140	2	123	293	140	0.986	0.416
LOKIASV2_1460_ESMFold_hypothetical_protein	MGYP001115139566.pdb.gz	MGYP001115139566.pdb.gz	3.620E-02	0.949	72	5	138	140	215	377	512	164	0.957	0.318
LOKIASV2_1460_ESMFold_hypothetical_protein	MGYP001086472962.pdb.gz	MGYP001086472962.pdb.gz	1.055E-02	0.949	72	1	139	140	204	337	552	145	0.993	0.243
LOKIASV2_1460_ESMFold_hypothetical_protein	MGYP001005605390.pdb.gz	MGYP001005605390.pdb.gz	8.142E-03	0.949	72	3	138	140	234	403	611	174	0.971	0.278
LOKIASV2_1460_ESMFold_hypothetical_protein	MGYP001418735105.pdb.gz	MGYP001418735105.pdb.gz	1.717E-01	0.941	71	4	103	140	24	123	134	106	0.714	0.746
LOKIASV2_1460_ESMFold_hypothetical_protein	MGYP001154246556.pdb.gz	MGYP001154246556.pdb.gz	1.773E-02	0.941	71	3	139	140	87	212	223	138	0.979	0.565
LOKIASV2_1460_ESMFold_hypothetical_protein	MGYP000666375668.pdb.gz	MGYP000666375668.pdb.gz	3.179E-02	0.941	71	4	98	140	169	271	280	108	0.679	0.368
LOKIASV2_1460_ESMFold_hypothetical_protein	MGYP001545188737.pdb.gz	MGYP001545188737.pdb.gz	1.202E-02	0.941	71	2	139	140	1	176	285	181	0.986	0.618
LOKIASV2_1460_ESMFold_hypothetical_protein	MGYP000851152455.pdb.gz	MGYP000851152455.pdb.gz	1.202E-02	0.941	71	2	138	140	9	127	305	141	0.979	0.390
LOKIASV2_1460_ESMFold_hypothetical_protein	MGYP001091457063.pdb.gz	MGYP001091457063.pdb.gz	1.662E-02	0.941	71	2	135	140	106	231	444	138	0.957	0.284
LOKIASV2_1460_ESMFold_hypothetical_protein	MGYP000570799481.pdb.gz	MGYP000570799481.pdb.gz	8.688E-03	0.933	70	3	138	140	9	192	195	193	0.971	0.944
LOKIASV2_1460_ESMFold_hypothetical_protein	MGYP003467970330.pdb.gz	MGYP003467970330.pdb.gz	9.891E-03	0.933	70	2	139	140	81	209	225	141	0.986	0.573
LOKIASV2_1460_ESMFold_hypothetical_protein	MGYP001275586205.pdb.gz	MGYP001275586205.pdb.gz	1.055E-02	0.933	70	2	138	140	169	299	310	141	0.979	0.423
LOKIASV2_1460_ESMFold_hypothetical_protein	MGYP000232794523.pdb.gz	MGYP000232794523.pdb.gz	1.282E-02	0.933	70	1	138	140	226	361	373	140	0.986	0.365
LOKIASV2_1460_ESMFold_hypothetical_protein	MGYP001382654364.pdb.gz	MGYP001382654364.pdb.gz	2.792E-02	0.933	70	6	135	140	60	183	394	131	0.929	0.315
LOKIASV2_1460_ESMFold_hypothetical_protein	MGYP001488098840.pdb.gz	MGYP001488098840.pdb.gz	2.154E-02	0.933	70	3	139	140	95	213	418	138	0.979	0.285
LOKIASV2_1460_ESMFold_hypothetical_protein	MGYP002624120515.pdb.gz	MGYP002624120515.pdb.gz	2.019E-02	0.933	70	3	139	140	33	148	460	137	0.979	0.252
LOKIASV2_1460_ESMFold_hypothetical_protein	MGYP001825630654.pdb.gz	MGYP001825630654.pdb.gz	2.299E-02	0.933	70	6	139	140	68	188	550	135	0.957	0.220
LOKIASV2_1460_ESMFold_hypothetical_protein	MGYP000945140030.pdb.gz	MGYP000945140030.pdb.gz	2.019E-02	0.933	70	1	138	140	213	344	600	141	0.986	0.220
LOKIASV2_1460_ESMFold_hypothetical_protein	MGYP000988853028.pdb.gz	MGYP000988853028.pdb.gz	1.892E-02	0.933	70	1	138	140	247	384	600	147	0.986	0.230
LOKIASV2_1460_ESMFold_hypothetical_protein	MGYP003307403059.pdb.gz	MGYP003307403059.pdb.gz	6.702E-03	0.923	69	6	135	140	44	165	188	132	0.929	0.649
LOKIASV2_1460_ESMFold_hypothetical_protein	MGYP000882287580.pdb.gz	MGYP000882287580.pdb.gz	2.453E-02	0.923	69	2	140	140	70	196	196	141	0.993	0.648
LOKIASV2_1460_ESMFold_hypothetical_protein	MGYP000277145181.pdb.gz	MGYP000277145181.pdb.gz	1.558E-02	0.923	69	6	138	140	103	230	237	140	0.950	0.540
LOKIASV2_1460_ESMFold_hypothetical_protein	MGYP001115754278.pdb.gz	MGYP001115754278.pdb.gz	2.019E-02	0.923	69	6	137	140	270	387	554	136	0.943	0.213
LOKIASV2_1460_ESMFold_hypothetical_protein	MGYP001625006841.pdb.gz	MGYP001625006841.pdb.gz	2.299E-02	0.912	68	1	128	140	51	173	174	132	0.914	0.707
LOKIASV2_1460_ESMFold_hypothetical_protein	MGYP001784048990.pdb.gz	MGYP001784048990.pdb.gz	1.892E-02	0.912	68	1	135	140	14	139	176	140	0.964	0.716
LOKIASV2_1460_ESMFold_hypothetical_protein	MGYP000282399942.pdb.gz	MGYP000282399942.pdb.gz	2.019E-02	0.912	68	6	136	140	59	175	177	132	0.936	0.661
LOKIASV2_1460_ESMFold_hypothetical_protein	MGYP001780666465.pdb.gz	MGYP001780666465.pdb.gz	2.792E-02	0.912	68	3	139	140	72	202	216	139	0.979	0.606
LOKIASV2_1460_ESMFold_hypothetical_protein	MGYP001555371445.pdb.gz	MGYP001555371445.pdb.gz	4.397E-02	0.912	68	2	134	140	68	199	238	137	0.950	0.555
LOKIASV2_1460_ESMFold_hypothetical_protein	MGYP000340453795.pdb.gz	MGYP000340453795.pdb.gz	2.299E-02	0.912	68	2	137	140	92	232	241	147	0.971	0.585
LOKIASV2_1460_ESMFold_hypothetical_protein	MGYP003590556252.pdb.gz	MGYP003590556252.pdb.gz	5.006E-02	0.912	68	2	135	140	152	283	291	137	0.957	0.454
LOKIASV2_1460_ESMFold_hypothetical_protein	MGYP001407033376.pdb.gz	MGYP001407033376.pdb.gz	1.460E-02	0.912	68	1	132	140	174	294	301	137	0.943	0.402
LOKIASV2_1460_ESMFold_hypothetical_protein	MGYP001291940084.pdb.gz	MGYP001291940084.pdb.gz	6.924E-02	0.912	68	6	139	140	141	268	317	136	0.957	0.404
LOKIASV2_1460_ESMFold_hypothetical_protein	MGYP000890750573.pdb.gz	MGYP000890750573.pdb.gz	1.662E-02	0.912	68	1	139	140	27	162	371	148	0.993	0.367
LOKIASV2_1460_ESMFold_hypothetical_protein	MGYP002788028808.pdb.gz	MGYP002788028808.pdb.gz	2.704E-01	0.900	67	37	117	140	3	78	80	84	0.579	0.950
LOKIASV2_1460_ESMFold_hypothetical_protein	MGYP001095509677.pdb.gz	MGYP001095509677.pdb.gz	2.019E-02	0.900	67	2	138	140	10	145	167	144	0.979	0.814
LOKIASV2_1460_ESMFold_hypothetical_protein	MGYP003342484426.pdb.gz	MGYP003342484426.pdb.gz	9.270E-03	0.900	67	6	135	140	60	179	182	133	0.929	0.659
LOKIASV2_1460_ESMFold_hypothetical_protein	MGYP003623916213.pdb.gz	MGYP003623916213.pdb.gz	2.980E-02	0.900	67	1	135	140	37	167	182	137	0.964	0.720
LOKIASV2_1460_ESMFold_hypothetical_protein	MGYP001668469304.pdb.gz	MGYP001668469304.pdb.gz	3.862E-02	0.900	67	1	140	140	35	166	220	141	1.000	0.600
LOKIASV2_1460_ESMFold_hypothetical_protein	MGYP002626537272.pdb.gz	MGYP002626537272.pdb.gz	2.980E-02	0.900	67	1	139	140	108	236	244	141	0.993	0.529
LOKIASV2_1460_ESMFold_hypothetical_protein	MGYP000896785864.pdb.gz	MGYP000896785864.pdb.gz	3.620E-02	0.900	67	1	136	140	80	215	263	149	0.971	0.517
LOKIASV2_1460_ESMFold_hypothetical_protein	MGYP001243178436.pdb.gz	MGYP001243178436.pdb.gz	1.662E-02	0.900	67	6	132	140	147	256	301	127	0.907	0.365
LOKIASV2_1460_ESMFold_hypothetical_protein	MGYP002704671729.pdb.gz	MGYP002704671729.pdb.gz	1.662E-02	0.900	67	3	138	140	211	324	329	140	0.971	0.347
LOKIASV2_1460_ESMFold_hypothetical_protein	MGYP003260101461.pdb.gz	MGYP003260101461.pdb.gz	3.862E-02	0.887	66	6	131	140	18	125	167	130	0.900	0.647
LOKIASV2_1460_ESMFold_hypothetical_protein	MGYP003184213973.pdb.gz	MGYP003184213973.pdb.gz	2.019E-02	0.887	66	5	138	140	10	168	179	171	0.957	0.888
LOKIASV2_1460_ESMFold_hypothetical_protein	MGYP001022090812.pdb.gz	MGYP001022090812.pdb.gz	3.392E-02	0.887	66	6	138	140	67	202	215	139	0.950	0.633
LOKIASV2_1460_ESMFold_hypothetical_protein	MGYP000470561959.pdb.gz	MGYP000470561959.pdb.gz	4.121E-02	0.887	66	2	139	140	15	132	222	138	0.986	0.532
LOKIASV2_1460_ESMFold_hypothetical_protein	MGYP000232668477.pdb.gz	MGYP000232668477.pdb.gz	4.397E-02	0.887	66	6	138	140	12	142	229	138	0.950	0.572
LOKIASV2_1460_ESMFold_hypothetical_protein	MGYP001559201759.pdb.gz	MGYP001559201759.pdb.gz	4.397E-02	0.887	66	3	138	140	13	143	273	138	0.971	0.480
LOKIASV2_1460_ESMFold_hypothetical_protein	MGYP000097888397.pdb.gz	MGYP000097888397.pdb.gz	2.375E-01	0.887	66	1	76	140	197	272	276	81	0.543	0.275
LOKIASV2_1460_ESMFold_hypothetical_protein	MGYP003332007825.pdb.gz	MGYP003332007825.pdb.gz	2.534E-01	0.887	66	1	91	140	86	176	346	93	0.650	0.263
LOKIASV2_1460_ESMFold_hypothetical_protein	MGYP003084233657.pdb.gz	MGYP003084233657.pdb.gz	2.885E-01	0.887	66	51	138	140	10	102	454	95	0.629	0.205
LOKIASV2_1460_ESMFold_hypothetical_protein	MGYP000612843935.pdb.gz	MGYP000612843935.pdb.gz	2.019E-02	0.887	66	1	136	140	206	334	509	142	0.971	0.253
LOKIASV2_1460_ESMFold_hypothetical_protein	MGYP000212266062.pdb.gz	MGYP000212266062.pdb.gz	2.980E-02	0.872	65	1	131	140	79	196	197	135	0.936	0.599
LOKIASV2_1460_ESMFold_hypothetical_protein	MGYP003389489792.pdb.gz	MGYP003389489792.pdb.gz	4.397E-02	0.872	65	6	138	140	13	146	209	141	0.950	0.641
LOKIASV2_1460_ESMFold_hypothetical_protein	MGYP000899717866.pdb.gz	MGYP000899717866.pdb.gz	3.862E-02	0.872	65	1	135	140	61	196	219	141	0.964	0.621
LOKIASV2_1460_ESMFold_hypothetical_protein	MGYP003594449193.pdb.gz	MGYP003594449193.pdb.gz	1.892E-02	0.872	65	6	139	140	83	207	231	138	0.957	0.541
LOKIASV2_1460_ESMFold_hypothetical_protein	MGYP000288388358.pdb.gz	MGYP000288388358.pdb.gz	4.121E-02	0.872	65	1	138	140	210	329	348	138	0.986	0.345
LOKIASV2_1460_ESMFold_hypothetical_protein	MGYP001142778614.pdb.gz	MGYP001142778614.pdb.gz	1.773E-02	0.872	65	1	138	140	199	318	377	142	0.986	0.318
LOKIASV2_1460_ESMFold_hypothetical_protein	MGYP003101885851.pdb.gz	MGYP003101885851.pdb.gz	8.412E-02	0.872	65	3	93	140	117	207	377	103	0.650	0.241
LOKIASV2_1460_ESMFold_hypothetical_protein	MGYP003435321626.pdb.gz	MGYP003435321626.pdb.gz	2.792E-02	0.872	65	6	138	140	212	338	390	141	0.950	0.326
LOKIASV2_1460_ESMFold_hypothetical_protein	MGYP000820215601.pdb.gz	MGYP000820215601.pdb.gz	4.397E-02	0.872	65	1	136	140	307	428	609	142	0.971	0.200
LOKIASV2_1460_ESMFold_hypothetical_protein	MGYP003613920728.pdb.gz	MGYP003613920728.pdb.gz	1.892E-02	0.855	64	3	128	140	7	135	174	134	0.900	0.741
LOKIASV2_1460_ESMFold_hypothetical_protein	MGYP001128281274.pdb.gz	MGYP001128281274.pdb.gz	1.558E-02	0.855	64	2	130	140	74	187	188	132	0.921	0.606
LOKIASV2_1460_ESMFold_hypothetical_protein	MGYP003332926842.pdb.gz	MGYP003332926842.pdb.gz	2.226E-01	0.855	64	1	91	140	89	179	203	94	0.650	0.448
LOKIASV2_1460_ESMFold_hypothetical_protein	MGYP000961476984.pdb.gz	MGYP000961476984.pdb.gz	7.388E-02	0.855	64	3	139	140	36	187	208	154	0.979	0.731
LOKIASV2_1460_ESMFold_hypothetical_protein	MGYP000441117280.pdb.gz	MGYP000441117280.pdb.gz	3.739E-01	0.855	64	2	76	140	110	184	223	78	0.536	0.336
LOKIASV2_1460_ESMFold_hypothetical_protein	MGYP002623161879.pdb.gz	MGYP002623161879.pdb.gz	1.368E-02	0.855	64	6	139	140	79	217	226	150	0.957	0.615
LOKIASV2_1460_ESMFold_hypothetical_protein	MGYP003565650008.pdb.gz	MGYP003565650008.pdb.gz	8.412E-02	0.855	64	1	139	140	1	169	237	170	0.993	0.713
LOKIASV2_1460_ESMFold_hypothetical_protein	MGYP002518291246.pdb.gz	MGYP002518291246.pdb.gz	1.558E-02	0.855	64	6	138	140	116	246	249	145	0.950	0.526
LOKIASV2_1460_ESMFold_hypothetical_protein	MGYP000508929125.pdb.gz	MGYP000508929125.pdb.gz	2.980E-02	0.855	64	2	135	140	9	132	251	138	0.957	0.494
LOKIASV2_1460_ESMFold_hypothetical_protein	MGYP002783710608.pdb.gz	MGYP002783710608.pdb.gz	2.792E-02	0.855	64	3	139	140	77	215	327	150	0.979	0.425
LOKIASV2_1460_ESMFold_hypothetical_protein	MGYP002797109915.pdb.gz	MGYP002797109915.pdb.gz	2.980E-02	0.855	64	3	135	140	200	319	332	136	0.950	0.361
LOKIASV2_1460_ESMFold_hypothetical_protein	MGYP001417657508.pdb.gz	MGYP001417657508.pdb.gz	2.453E-02	0.855	64	7	140	140	219	331	345	134	0.957	0.328
LOKIASV2_1460_ESMFold_hypothetical_protein	MGYP000342716930.pdb.gz	MGYP000342716930.pdb.gz	4.692E-02	0.855	64	1	138	140	208	338	352	141	0.986	0.372
LOKIASV2_1460_ESMFold_hypothetical_protein	MGYP000504046306.pdb.gz	MGYP000504046306.pdb.gz	3.739E-01	0.837	63	6	85	140	72	151	153	82	0.571	0.523
LOKIASV2_1460_ESMFold_hypothetical_protein	MGYP001794447153.pdb.gz	MGYP001794447153.pdb.gz	4.692E-02	0.837	63	6	133	140	67	184	220	131	0.914	0.536
LOKIASV2_1460_ESMFold_hypothetical_protein	MGYP001361003604.pdb.gz	MGYP001361003604.pdb.gz	9.577E-02	0.837	63	5	111	140	148	243	243	108	0.764	0.395
LOKIASV2_1460_ESMFold_hypothetical_protein	MGYP001559358855.pdb.gz	MGYP001559358855.pdb.gz	6.489E-02	0.837	63	6	131	140	159	280	281	129	0.900	0.434
LOKIASV2_1460_ESMFold_hypothetical_protein	MGYP001338121307.pdb.gz	MGYP001338121307.pdb.gz	6.082E-02	0.837	63	1	135	140	139	274	286	142	0.964	0.476
LOKIASV2_1460_ESMFold_hypothetical_protein	MGYP003580263888.pdb.gz	MGYP003580263888.pdb.gz	4.121E-02	0.837	63	1	139	140	83	257	296	180	0.993	0.591
LOKIASV2_1460_ESMFold_hypothetical_protein	MGYP000956165261.pdb.gz	MGYP000956165261.pdb.gz	2.617E-02	0.837	63	6	134	140	163	288	301	130	0.921	0.419
LOKIASV2_1460_ESMFold_hypothetical_protein	MGYP001175450416.pdb.gz	MGYP001175450416.pdb.gz	5.006E-02	0.837	63	3	138	140	187	306	332	139	0.971	0.361
LOKIASV2_1460_ESMFold_hypothetical_protein	MGYP000572704296.pdb.gz	MGYP000572704296.pdb.gz	3.179E-02	0.837	63	6	138	140	169	329	353	171	0.950	0.456
LOKIASV2_1460_ESMFold_hypothetical_protein	MGYP003311020354.pdb.gz	MGYP003311020354.pdb.gz	4.121E-02	0.817	62	1	135	140	8	133	160	138	0.964	0.788
LOKIASV2_1460_ESMFold_hypothetical_protein	MGYP001062623266.pdb.gz	MGYP001062623266.pdb.gz	8.975E-02	0.817	62	3	76	140	12	85	168	77	0.529	0.440
LOKIASV2_1460_ESMFold_hypothetical_protein	MGYP000950791987.pdb.gz	MGYP000950791987.pdb.gz	4.397E-02	0.817	62	6	131	140	56	173	174	127	0.900	0.678
LOKIASV2_1460_ESMFold_hypothetical_protein	MGYP000809424003.pdb.gz	MGYP000809424003.pdb.gz	1.717E-01	0.817	62	6	98	140	81	173	181	95	0.664	0.514
LOKIASV2_1460_ESMFold_hypothetical_protein	MGYP003602726319.pdb.gz	MGYP003602726319.pdb.gz	4.121E-02	0.817	62	2	135	140	12	138	182	140	0.957	0.698
LOKIASV2_1460_ESMFold_hypothetical_protein	MGYP000850150563.pdb.gz	MGYP000850150563.pdb.gz	8.975E-02	0.817	62	6	133	140	70	188	189	129	0.914	0.630
LOKIASV2_1460_ESMFold_hypothetical_protein	MGYP000972086506.pdb.gz	MGYP000972086506.pdb.gz	1.460E-02	0.817	62	6	139	140	41	198	200	165	0.957	0.790
LOKIASV2_1460_ESMFold_hypothetical_protein	MGYP003592989603.pdb.gz	MGYP003592989603.pdb.gz	3.505E-01	0.817	62	1	96	140	98	193	200	100	0.686	0.480
LOKIASV2_1460_ESMFold_hypothetical_protein	MGYP001626003158.pdb.gz	MGYP001626003158.pdb.gz	2.226E-01	0.817	62	6	95	140	106	201	202	102	0.643	0.475
LOKIASV2_1460_ESMFold_hypothetical_protein	MGYP001063754064.pdb.gz	MGYP001063754064.pdb.gz	7.388E-02	0.817	62	6	138	140	103	222	223	137	0.950	0.538
LOKIASV2_1460_ESMFold_hypothetical_protein	MGYP002727065346.pdb.gz	MGYP002727065346.pdb.gz	6.924E-02	0.817	62	2	139	140	86	221	225	147	0.986	0.604
LOKIASV2_1460_ESMFold_hypothetical_protein	MGYP000882740563.pdb.gz	MGYP000882740563.pdb.gz	7.883E-02	0.817	62	6	135	140	47	175	242	137	0.929	0.533
LOKIASV2_1460_ESMFold_hypothetical_protein	MGYP001094789653.pdb.gz	MGYP001094789653.pdb.gz	5.700E-02	0.817	62	6	101	140	134	231	262	112	0.686	0.374
LOKIASV2_1460_ESMFold_hypothetical_protein	MGYP001484306838.pdb.gz	MGYP001484306838.pdb.gz	9.577E-02	0.817	62	6	139	140	82	211	373	137	0.957	0.349
LOKIASV2_1460_ESMFold_hypothetical_protein	MGYP003308407030.pdb.gz	MGYP003308407030.pdb.gz	4.692E-02	0.817	62	1	138	140	210	388	395	190	0.986	0.453
LOKIASV2_1460_ESMFold_hypothetical_protein	MGYP001118127601.pdb.gz	MGYP001118127601.pdb.gz	2.154E-02	0.817	62	2	135	140	206	375	398	181	0.957	0.427
LOKIASV2_1460_ESMFold_hypothetical_protein	MGYP000157864314.pdb.gz	MGYP000157864314.pdb.gz	4.121E-02	0.817	62	6	138	140	208	331	405	140	0.950	0.306
LOKIASV2_1460_ESMFold_hypothetical_protein	MGYP002039211426.pdb.gz	MGYP002039211426.pdb.gz	1.773E-02	0.817	62	6	138	140	234	356	458	138	0.950	0.269
LOKIASV2_1460_ESMFold_hypothetical_protein	MGYP001226994211.pdb.gz	MGYP001226994211.pdb.gz	3.505E-01	0.795	61	1	100	140	12	115	115	108	0.714	0.904
LOKIASV2_1460_ESMFold_hypothetical_protein	MGYP003388737020.pdb.gz	MGYP003388737020.pdb.gz	2.792E-02	0.795	61	6	134	140	34	166	167	139	0.921	0.796
LOKIASV2_1460_ESMFold_hypothetical_protein	MGYP001091170437.pdb.gz	MGYP001091170437.pdb.gz	2.792E-02	0.795	61	1	139	140	9	154	188	157	0.993	0.777
LOKIASV2_1460_ESMFold_hypothetical_protein	MGYP001410745874.pdb.gz	MGYP001410745874.pdb.gz	6.924E-02	0.795	61	4	140	140	68	196	196	138	0.979	0.658
LOKIASV2_1460_ESMFold_hypothetical_protein	MGYP000860828040.pdb.gz	MGYP000860828040.pdb.gz	3.179E-02	0.795	61	1	138	140	19	151	203	144	0.986	0.655
LOKIASV2_1460_ESMFold_hypothetical_protein	MGYP002654258234.pdb.gz	MGYP002654258234.pdb.gz	2.453E-02	0.795	61	6	139	140	100	225	249	143	0.957	0.506
LOKIASV2_1460_ESMFold_hypothetical_protein	MGYP001039521997.pdb.gz	MGYP001039521997.pdb.gz	2.617E-02	0.795	61	6	133	140	125	253	258	134	0.914	0.500
LOKIASV2_1460_ESMFold_hypothetical_protein	MGYP000205576610.pdb.gz	MGYP000205576610.pdb.gz	4.121E-02	0.795	61	6	135	140	153	262	263	131	0.929	0.418
LOKIASV2_1460_ESMFold_hypothetical_protein	MGYP001021155707.pdb.gz	MGYP001021155707.pdb.gz	5.342E-02	0.795	61	5	138	140	136	254	276	135	0.957	0.431
LOKIASV2_1460_ESMFold_hypothetical_protein	MGYP000918060072.pdb.gz	MGYP000918060072.pdb.gz	2.019E-02	0.795	61	6	134	140	9	136	301	136	0.921	0.425
LOKIASV2_1460_ESMFold_hypothetical_protein	MGYP001321862268.pdb.gz	MGYP001321862268.pdb.gz	2.299E-02	0.795	61	3	134	140	215	333	424	135	0.943	0.281
LOKIASV2_1460_ESMFold_hypothetical_protein	MGYP001087079986.pdb.gz	MGYP001087079986.pdb.gz	5.700E-02	0.795	61	4	135	140	107	231	438	140	0.943	0.285
LOKIASV2_1460_ESMFold_hypothetical_protein	MGYP000083878220.pdb.gz	MGYP000083878220.pdb.gz	1.508E-01	0.772	60	6	138	140	21	137	147	136	0.950	0.796
LOKIASV2_1460_ESMFold_hypothetical_protein	MGYP001546966931.pdb.gz	MGYP001546966931.pdb.gz	1.022E-01	0.772	60	7	139	140	2	118	173	136	0.950	0.676
LOKIASV2_1460_ESMFold_hypothetical_protein	MGYP002518820408.pdb.gz	MGYP002518820408.pdb.gz	1.413E-01	0.772	60	3	138	140	33	155	176	137	0.971	0.699
LOKIASV2_1460_ESMFold_hypothetical_protein	MGYP003509791030.pdb.gz	MGYP003509791030.pdb.gz	3.620E-02	0.772	60	1	138	140	3	131	178	143	0.986	0.725
LOKIASV2_1460_ESMFold_hypothetical_protein	MGYP001555292969.pdb.gz	MGYP001555292969.pdb.gz	1.717E-01	0.772	60	5	135	140	9	130	182	132	0.936	0.670
LOKIASV2_1460_ESMFold_hypothetical_protein	MGYP002867361495.pdb.gz	MGYP002867361495.pdb.gz	2.617E-02	0.772	60	1	140	140	54	197	197	163	1.000	0.731
LOKIASV2_1460_ESMFold_hypothetical_protein	MGYP001166160411.pdb.gz	MGYP001166160411.pdb.gz	8.975E-02	0.772	60	3	140	140	75	200	200	143	0.986	0.630
LOKIASV2_1460_ESMFold_hypothetical_protein	MGYP001455195853.pdb.gz	MGYP001455195853.pdb.gz	6.082E-02	0.772	60	1	96	140	102	195	205	101	0.686	0.459
LOKIASV2_1460_ESMFold_hypothetical_protein	MGYP001363922488.pdb.gz	MGYP001363922488.pdb.gz	5.006E-02	0.772	60	4	132	140	13	144	212	137	0.921	0.623
LOKIASV2_1460_ESMFold_hypothetical_protein	MGYP001039581354.pdb.gz	MGYP001039581354.pdb.gz	6.489E-02	0.772	60	6	139	140	107	229	240	138	0.957	0.512
LOKIASV2_1460_ESMFold_hypothetical_protein	MGYP000599281963.pdb.gz	MGYP000599281963.pdb.gz	5.006E-02	0.772	60	6	134	140	85	204	254	134	0.921	0.472
LOKIASV2_1460_ESMFold_hypothetical_protein	MGYP000574745710.pdb.gz	MGYP000574745710.pdb.gz	2.226E-01	0.772	60	6	94	140	127	215	283	92	0.636	0.314
LOKIASV2_1460_ESMFold_hypothetical_protein	MGYP001075177468.pdb.gz	MGYP001075177468.pdb.gz	6.489E-02	0.772	60	6	137	140	11	121	285	133	0.943	0.389
LOKIASV2_1460_ESMFold_hypothetical_protein	MGYP003346735012.pdb.gz	MGYP003346735012.pdb.gz	8.975E-02	0.772	60	6	138	140	2	122	292	135	0.950	0.414
LOKIASV2_1460_ESMFold_hypothetical_protein	MGYP001458493570.pdb.gz	MGYP001458493570.pdb.gz	9.577E-02	0.772	60	1	131	140	213	343	350	143	0.936	0.374
LOKIASV2_1460_ESMFold_hypothetical_protein	MGYP002679495331.pdb.gz	MGYP002679495331.pdb.gz	4.397E-02	0.772	60	3	136	140	23	132	359	136	0.957	0.306
LOKIASV2_1460_ESMFold_hypothetical_protein	MGYP000868986544.pdb.gz	MGYP000868986544.pdb.gz	8.975E-02	0.772	60	2	139	140	157	325	380	174	0.986	0.445
LOKIASV2_1460_ESMFold_hypothetical_protein	MGYP000518946039.pdb.gz	MGYP000518946039.pdb.gz	2.980E-02	0.772	60	1	139	140	195	351	418	171	0.993	0.376
LOKIASV2_1460_ESMFold_hypothetical_protein	MGYP001043456599.pdb.gz	MGYP001043456599.pdb.gz	4.397E-02	0.772	60	1	138	140	44	215	626	175	0.986	0.275
LOKIASV2_1460_ESMFold_hypothetical_protein	MGYP000856862295.pdb.gz	MGYP000856862295.pdb.gz	5.342E-02	0.747	59	6	139	140	10	155	169	164	0.957	0.864
LOKIASV2_1460_ESMFold_hypothetical_protein	MGYP002735172410.pdb.gz	MGYP002735172410.pdb.gz	8.412E-02	0.747	59	1	135	140	48	187	188	148	0.964	0.745
LOKIASV2_1460_ESMFold_hypothetical_protein	MGYP000349668805.pdb.gz	MGYP000349668805.pdb.gz	1.717E-01	0.747	59	3	135	140	53	182	197	139	0.950	0.660
LOKIASV2_1460_ESMFold_hypothetical_protein	MGYP000464419162.pdb.gz	MGYP000464419162.pdb.gz	3.862E-02	0.747	59	6	139	140	73	193	217	141	0.957	0.558
LOKIASV2_1460_ESMFold_hypothetical_protein	MGYP002520403912.pdb.gz	MGYP002520403912.pdb.gz	6.924E-02	0.747	59	6	135	140	13	138	235	136	0.929	0.536
LOKIASV2_1460_ESMFold_hypothetical_protein	MGYP002625986212.pdb.gz	MGYP002625986212.pdb.gz	5.006E-02	0.747	59	6	139	140	130	253	270	138	0.957	0.459
LOKIASV2_1460_ESMFold_hypothetical_protein	MGYP003297683485.pdb.gz	MGYP003297683485.pdb.gz	3.392E-02	0.747	59	4	134	140	158	282	283	139	0.936	0.442
LOKIASV2_1460_ESMFold_hypothetical_protein	MGYP000588121042.pdb.gz	MGYP000588121042.pdb.gz	5.700E-02	0.747	59	6	135	140	209	325	334	132	0.929	0.350
LOKIASV2_1460_ESMFold_hypothetical_protein	MGYP001005142121.pdb.gz	MGYP001005142121.pdb.gz	2.375E-01	0.747	59	1	134	140	37	165	343	141	0.957	0.376
LOKIASV2_1460_ESMFold_hypothetical_protein	MGYP001229509245.pdb.gz	MGYP001229509245.pdb.gz	6.924E-02	0.747	59	4	135	140	221	333	356	133	0.943	0.317
LOKIASV2_1460_ESMFold_hypothetical_protein	MGYP001005802082.pdb.gz	MGYP001005802082.pdb.gz	5.700E-02	0.747	59	1	139	140	88	218	359	144	0.993	0.365
LOKIASV2_1460_ESMFold_hypothetical_protein	MGYP002767338748.pdb.gz	MGYP002767338748.pdb.gz	2.792E-02	0.747	59	6	138	140	219	368	443	171	0.950	0.339
LOKIASV2_1460_ESMFold_hypothetical_protein	MGYP000262362072.pdb.gz	MGYP000262362072.pdb.gz	7.883E-02	0.747	59	1	138	140	196	341	505	154	0.986	0.289
LOKIASV2_1460_ESMFold_hypothetical_protein	MGYP000661822158.pdb.gz	MGYP000661822158.pdb.gz	5.700E-02	0.747	59	6	139	140	68	229	556	169	0.957	0.291
LOKIASV2_1460_ESMFold_hypothetical_protein	MGYP003393776636.pdb.gz	MGYP003393776636.pdb.gz	1.241E-01	0.720	58	6	138	140	27	157	171	141	0.950	0.766
LOKIASV2_1460_ESMFold_hypothetical_protein	MGYP001017613851.pdb.gz	MGYP001017613851.pdb.gz	7.388E-02	0.720	58	6	135	140	6	116	189	133	0.929	0.587
LOKIASV2_1460_ESMFold_hypothetical_protein	MGYP001545239033.pdb.gz	MGYP001545239033.pdb.gz	1.368E-02	0.720	58	6	138	140	33	175	196	153	0.950	0.730
LOKIASV2_1460_ESMFold_hypothetical_protein	MGYP003314465652.pdb.gz	MGYP003314465652.pdb.gz	1.163E-01	0.720	58	6	138	140	68	171	199	134	0.950	0.523
LOKIASV2_1460_ESMFold_hypothetical_protein	MGYP001625974895.pdb.gz	MGYP001625974895.pdb.gz	2.375E-01	0.720	58	3	87	140	115	200	211	90	0.607	0.408
LOKIASV2_1460_ESMFold_hypothetical_protein	MGYP001815735790.pdb.gz	MGYP001815735790.pdb.gz	6.082E-02	0.720	58	6	139	140	82	205	211	138	0.957	0.588
LOKIASV2_1460_ESMFold_hypothetical_protein	MGYP001601142498.pdb.gz	MGYP001601142498.pdb.gz	8.144E-01	0.720	58	1	91	140	91	178	224	94	0.650	0.393
LOKIASV2_1460_ESMFold_hypothetical_protein	MGYP000302871979.pdb.gz	MGYP000302871979.pdb.gz	7.388E-02	0.720	58	6	140	140	90	226	226	145	0.964	0.606
LOKIASV2_1460_ESMFold_hypothetical_protein	MGYP002869744489.pdb.gz	MGYP002869744489.pdb.gz	7.388E-02	0.720	58	6	135	140	87	199	263	130	0.929	0.430
LOKIASV2_1460_ESMFold_hypothetical_protein	MGYP000537052165.pdb.gz	MGYP000537052165.pdb.gz	1.022E-01	0.720	58	1	140	140	181	296	314	141	1.000	0.369
LOKIASV2_1460_ESMFold_hypothetical_protein	MGYP001183399628.pdb.gz	MGYP001183399628.pdb.gz	2.792E-02	0.720	58	7	138	140	169	286	342	139	0.943	0.345
LOKIASV2_1460_ESMFold_hypothetical_protein	MGYP001806401242.pdb.gz	MGYP001806401242.pdb.gz	6.489E-02	0.720	58	6	138	140	215	339	370	141	0.950	0.338
LOKIASV2_1460_ESMFold_hypothetical_protein	MGYP001133046244.pdb.gz	MGYP001133046244.pdb.gz	4.692E-02	0.720	58	6	138	140	39	151	372	135	0.950	0.304
LOKIASV2_1460_ESMFold_hypothetical_protein	MGYP003337650266.pdb.gz	MGYP003337650266.pdb.gz	5.006E-02	0.720	58	3	134	140	50	217	407	174	0.943	0.413
LOKIASV2_1460_ESMFold_hypothetical_protein	MGYP003308192677.pdb.gz	MGYP003308192677.pdb.gz	9.577E-02	0.720	58	1	139	140	48	217	601	178	0.993	0.283
LOKIASV2_1460_ESMFold_hypothetical_protein	MGYP002617493664.pdb.gz	MGYP002617493664.pdb.gz	1.325E-01	0.720	58	1	138	140	239	403	625	169	0.986	0.264
LOKIASV2_1460_ESMFold_hypothetical_protein	MGYP001016462385.pdb.gz	MGYP001016462385.pdb.gz	8.412E-02	0.692	57	1	139	140	1	164	169	175	0.993	0.970
LOKIASV2_1460_ESMFold_hypothetical_protein	MGYP001218799803.pdb.gz	MGYP001218799803.pdb.gz	3.739E-01	0.692	57	6	78	140	94	166	174	77	0.521	0.420
LOKIASV2_1460_ESMFold_hypothetical_protein	MGYP003319212547.pdb.gz	MGYP003319212547.pdb.gz	5.342E-02	0.692	57	1	135	140	3	126	178	137	0.964	0.697
LOKIASV2_1460_ESMFold_hypothetical_protein	MGYP000919721192.pdb.gz	MGYP000919721192.pdb.gz	2.617E-02	0.692	57	2	129	140	61	196	197	142	0.914	0.690
LOKIASV2_1460_ESMFold_hypothetical_protein	MGYP000898266658.pdb.gz	MGYP000898266658.pdb.gz	2.019E-02	0.692	57	5	135	140	86	201	207	142	0.936	0.560
LOKIASV2_1460_ESMFold_hypothetical_protein	MGYP002815962846.pdb.gz	MGYP002815962846.pdb.gz	5.342E-02	0.692	57	6	138	140	25	146	248	140	0.950	0.492
LOKIASV2_1460_ESMFold_hypothetical_protein	MGYP002521629391.pdb.gz	MGYP002521629391.pdb.gz	8.975E-02	0.692	57	7	99	140	156	244	249	97	0.664	0.357
LOKIASV2_1460_ESMFold_hypothetical_protein	MGYP000985839662.pdb.gz	MGYP000985839662.pdb.gz	7.883E-02	0.692	57	6	135	140	121	236	269	135	0.929	0.431
LOKIASV2_1460_ESMFold_hypothetical_protein	MGYP003565479514.pdb.gz	MGYP003565479514.pdb.gz	6.489E-02	0.692	57	4	135	140	85	206	270	136	0.943	0.452
LOKIASV2_1460_ESMFold_hypothetical_protein	MGYP001092666781.pdb.gz	MGYP001092666781.pdb.gz	6.489E-02	0.692	57	6	135	140	27	143	274	130	0.929	0.427
LOKIASV2_1460_ESMFold_hypothetical_protein	MGYP001237355546.pdb.gz	MGYP001237355546.pdb.gz	1.241E-01	0.692	57	6	133	140	144	272	282	133	0.914	0.457
LOKIASV2_1460_ESMFold_hypothetical_protein	MGYP000005113142.pdb.gz	MGYP000005113142.pdb.gz	8.975E-02	0.692	57	6	139	140	137	268	299	140	0.957	0.441
LOKIASV2_1460_ESMFold_hypothetical_protein	MGYP000016370080.pdb.gz	MGYP000016370080.pdb.gz	7.883E-02	0.692	57	6	137	140	78	199	368	137	0.943	0.332
LOKIASV2_1460_ESMFold_hypothetical_protein	MGYP000896166695.pdb.gz	MGYP000896166695.pdb.gz	5.006E-02	0.692	57	6	139	140	193	355	377	177	0.957	0.432
LOKIASV2_1460_ESMFold_hypothetical_protein	MGYP003105014695.pdb.gz	MGYP003105014695.pdb.gz	1.413E-01	0.692	57	6	135	140	99	224	413	135	0.929	0.305
LOKIASV2_1460_ESMFold_hypothetical_protein	MGYP000208719227.pdb.gz	MGYP000208719227.pdb.gz	5.006E-02	0.692	57	6	135	140	51	214	455	172	0.929	0.360
LOKIASV2_1460_ESMFold_hypothetical_protein	MGYP000510102146.pdb.gz	MGYP000510102146.pdb.gz	1.325E-01	0.692	57	6	138	140	82	229	459	156	0.950	0.322
LOKIASV2_1460_ESMFold_hypothetical_protein	MGYP002511453184.pdb.gz	MGYP002511453184.pdb.gz	7.883E-02	0.663	56	6	135	140	2	128	166	139	0.929	0.765
LOKIASV2_1460_ESMFold_hypothetical_protein	MGYP001770499331.pdb.gz	MGYP001770499331.pdb.gz	5.342E-02	0.663	56	6	138	140	19	151	173	144	0.950	0.769
LOKIASV2_1460_ESMFold_hypothetical_protein	MGYP002865450403.pdb.gz	MGYP002865450403.pdb.gz	8.412E-02	0.663	56	6	135	140	5	124	173	135	0.929	0.694
LOKIASV2_1460_ESMFold_hypothetical_protein	MGYP003596862633.pdb.gz	MGYP003596862633.pdb.gz	3.739E-01	0.663	56	8	132	140	2	123	189	125	0.893	0.646
LOKIASV2_1460_ESMFold_hypothetical_protein	MGYP001329869583.pdb.gz	MGYP001329869583.pdb.gz	1.241E-01	0.663	56	1	138	140	53	181	191	143	0.986	0.675
LOKIASV2_1460_ESMFold_hypothetical_protein	MGYP001093228908.pdb.gz	MGYP001093228908.pdb.gz	5.006E-02	0.663	56	6	139	140	80	201	216	143	0.957	0.565
LOKIASV2_1460_ESMFold_hypothetical_protein	MGYP001319123126.pdb.gz	MGYP001319123126.pdb.gz	1.163E-01	0.663	56	6	140	140	99	226	226	141	0.964	0.566
LOKIASV2_1460_ESMFold_hypothetical_protein	MGYP002623464566.pdb.gz	MGYP002623464566.pdb.gz	3.862E-02	0.663	56	5	138	140	138	251	254	138	0.957	0.449
LOKIASV2_1460_ESMFold_hypothetical_protein	MGYP001544686011.pdb.gz	MGYP001544686011.pdb.gz	8.975E-02	0.663	56	7	135	140	29	153	257	133	0.921	0.486
LOKIASV2_1460_ESMFold_hypothetical_protein	MGYP001566060227.pdb.gz	MGYP001566060227.pdb.gz	5.006E-02	0.663	56	5	135	140	10	131	309	136	0.936	0.395
LOKIASV2_1460_ESMFold_hypothetical_protein	MGYP001458514253.pdb.gz	MGYP001458514253.pdb.gz	2.792E-02	0.663	56	7	138	140	202	319	322	140	0.943	0.366
LOKIASV2_1460_ESMFold_hypothetical_protein	MGYP003295804488.pdb.gz	MGYP003295804488.pdb.gz	6.924E-02	0.663	56	3	135	140	74	198	328	141	0.950	0.381
LOKIASV2_1460_ESMFold_hypothetical_protein	MGYP000651422342.pdb.gz	MGYP000651422342.pdb.gz	1.163E-01	0.663	56	1	135	140	213	340	394	139	0.964	0.325
LOKIASV2_1460_ESMFold_hypothetical_protein	MGYP002540383537.pdb.gz	MGYP002540383537.pdb.gz	1.090E-01	0.663	56	6	135	140	90	209	414	131	0.929	0.290
LOKIASV2_1460_ESMFold_hypothetical_protein	MGYP001298721182.pdb.gz	MGYP001298721182.pdb.gz	6.489E-02	0.663	56	6	135	140	240	356	442	133	0.929	0.265
LOKIASV2_1460_ESMFold_hypothetical_protein	MGYP003951561263.pdb.gz	MGYP003951561263.pdb.gz	2.226E-01	0.663	56	4	138	140	61	208	473	160	0.964	0.313
LOKIASV2_1460_ESMFold_hypothetical_protein	MGYP003571760496.pdb.gz	MGYP003571760496.pdb.gz	7.388E-02	0.663	56	6	133	140	202	315	475	137	0.914	0.240
LOKIASV2_1460_ESMFold_hypothetical_protein	MGYP000544762541.pdb.gz	MGYP000544762541.pdb.gz	1.413E-01	0.663	56	2	138	140	199	342	501	147	0.979	0.287
LOKIASV2_1460_ESMFold_hypothetical_protein	MGYP000904650908.pdb.gz	MGYP000904650908.pdb.gz	6.489E-02	0.663	56	1	138	140	257	414	581	158	0.986	0.272
LOKIASV2_1460_ESMFold_hypothetical_protein	MGYP000875170294.pdb.gz	MGYP000875170294.pdb.gz	1.163E-01	0.663	56	6	138	140	210	335	632	144	0.950	0.199
LOKIASV2_1460_ESMFold_hypothetical_protein	MGYP000299513203.pdb.gz	MGYP000299513203.pdb.gz	8.412E-02	0.663	56	6	135	140	216	335	879	135	0.929	0.137
LOKIASV2_1460_ESMFold_hypothetical_protein	MGYP003571677192.pdb.gz	MGYP003571677192.pdb.gz	2.086E-01	0.632	55	1	140	140	40	165	169	145	1.000	0.746
LOKIASV2_1460_ESMFold_hypothetical_protein	MGYP003312646613.pdb.gz	MGYP003312646613.pdb.gz	1.508E-01	0.632	55	2	138	140	25	167	170	149	0.979	0.841
LOKIASV2_1460_ESMFold_hypothetical_protein	MGYP003479362074.pdb.gz	MGYP003479362074.pdb.gz	4.692E-02	0.632	55	2	133	140	50	178	179	143	0.943	0.721
LOKIASV2_1460_ESMFold_hypothetical_protein	MGYP001088842687.pdb.gz	MGYP001088842687.pdb.gz	6.082E-02	0.632	55	1	133	140	66	191	192	138	0.950	0.656
LOKIASV2_1460_ESMFold_hypothetical_protein	MGYP002710890365.pdb.gz	MGYP002710890365.pdb.gz	7.388E-02	0.632	55	6	135	140	15	140	194	133	0.929	0.649
LOKIASV2_1460_ESMFold_hypothetical_protein	MGYP003561777614.pdb.gz	MGYP003561777614.pdb.gz	1.090E-01	0.632	55	3	138	140	33	156	195	146	0.971	0.636
LOKIASV2_1460_ESMFold_hypothetical_protein	MGYP000978987830.pdb.gz	MGYP000978987830.pdb.gz	4.692E-02	0.632	55	6	139	140	32	158	210	142	0.957	0.605
LOKIASV2_1460_ESMFold_hypothetical_protein	MGYP001033213477.pdb.gz	MGYP001033213477.pdb.gz	1.325E-01	0.632	55	6	134	140	58	168	215	133	0.921	0.516
LOKIASV2_1460_ESMFold_hypothetical_protein	MGYP003445330851.pdb.gz	MGYP003445330851.pdb.gz	1.022E-01	0.632	55	6	140	140	62	169	216	135	0.964	0.500
LOKIASV2_1460_ESMFold_hypothetical_protein	MGYP003297748479.pdb.gz	MGYP003297748479.pdb.gz	9.577E-02	0.632	55	4	138	140	106	236	241	139	0.964	0.544
LOKIASV2_1460_ESMFold_hypothetical_protein	MGYP000878421421.pdb.gz	MGYP000878421421.pdb.gz	5.700E-02	0.632	55	6	135	140	85	204	243	135	0.929	0.494
LOKIASV2_1460_ESMFold_hypothetical_protein	MGYP003609109658.pdb.gz	MGYP003609109658.pdb.gz	2.704E-01	0.632	55	1	131	140	110	240	286	134	0.936	0.458
LOKIASV2_1460_ESMFold_hypothetical_protein	MGYP002624835837.pdb.gz	MGYP002624835837.pdb.gz	7.883E-02	0.632	55	4	135	140	86	219	292	143	0.943	0.459
LOKIASV2_1460_ESMFold_hypothetical_protein	MGYP001389429951.pdb.gz	MGYP001389429951.pdb.gz	7.388E-02	0.632	55	2	128	140	211	329	331	134	0.907	0.360
LOKIASV2_1460_ESMFold_hypothetical_protein	MGYP003180664095.pdb.gz	MGYP003180664095.pdb.gz	7.883E-02	0.632	55	6	135	140	219	344	362	139	0.929	0.348
LOKIASV2_1460_ESMFold_hypothetical_protein	MGYP000877801501.pdb.gz	MGYP000877801501.pdb.gz	1.241E-01	0.632	55	6	135	140	176	290	370	133	0.929	0.311
LOKIASV2_1460_ESMFold_hypothetical_protein	MGYP000447319973.pdb.gz	MGYP000447319973.pdb.gz	7.883E-02	0.632	55	2	134	140	67	189	419	138	0.950	0.294
LOKIASV2_1460_ESMFold_hypothetical_protein	MGYP000556890168.pdb.gz	MGYP000556890168.pdb.gz	1.508E-01	0.632	55	5	133	140	79	203	430	140	0.921	0.291
LOKIASV2_1460_ESMFold_hypothetical_protein	MGYP000495722880.pdb.gz	MGYP000495722880.pdb.gz	6.924E-02	0.632	55	3	135	140	87	213	439	139	0.950	0.289
LOKIASV2_1460_ESMFold_hypothetical_protein	MGYP000529294135.pdb.gz	MGYP000529294135.pdb.gz	3.078E-01	0.601	54	3	135	140	29	158	192	140	0.950	0.677
LOKIASV2_1460_ESMFold_hypothetical_protein	MGYP003623175066.pdb.gz	MGYP003623175066.pdb.gz	2.375E-01	0.601	54	2	138	140	4	150	207	164	0.979	0.710
LOKIASV2_1460_ESMFold_hypothetical_protein	MGYP001131465191.pdb.gz	MGYP001131465191.pdb.gz	2.534E-01	0.601	54	5	137	140	45	208	209	166	0.950	0.785
LOKIASV2_1460_ESMFold_hypothetical_protein	MGYP003531846988.pdb.gz	MGYP003531846988.pdb.gz	8.412E-02	0.601	54	3	138	140	93	206	213	140	0.971	0.535
LOKIASV2_1460_ESMFold_hypothetical_protein	MGYP001116685740.pdb.gz	MGYP001116685740.pdb.gz	1.090E-01	0.601	54	6	139	140	82	206	233	136	0.957	0.536
LOKIASV2_1460_ESMFold_hypothetical_protein	MGYP000418362722.pdb.gz	MGYP000418362722.pdb.gz	1.717E-01	0.601	54	6	138	140	62	198	245	141	0.950	0.559
LOKIASV2_1460_ESMFold_hypothetical_protein	MGYP001093014767.pdb.gz	MGYP001093014767.pdb.gz	6.082E-02	0.601	54	1	138	140	81	253	273	185	0.986	0.634
LOKIASV2_1460_ESMFold_hypothetical_protein	MGYP000140696455.pdb.gz	MGYP000140696455.pdb.gz	6.082E-02	0.601	54	1	138	140	196	316	317	146	0.986	0.382
LOKIASV2_1460_ESMFold_hypothetical_protein	MGYP001794372537.pdb.gz	MGYP001794372537.pdb.gz	1.955E-01	0.601	54	6	138	140	181	304	361	137	0.950	0.343
LOKIASV2_1460_ESMFold_hypothetical_protein	MGYP001814200931.pdb.gz	MGYP001814200931.pdb.gz	1.022E-01	0.601	54	3	134	140	215	342	376	141	0.943	0.340
LOKIASV2_1460_ESMFold_hypothetical_protein	MGYP000951494090.pdb.gz	MGYP000951494090.pdb.gz	3.505E-01	0.601	54	6	138	140	214	369	397	158	0.950	0.393
LOKIASV2_1460_ESMFold_hypothetical_protein	MGYP001228371736.pdb.gz	MGYP001228371736.pdb.gz	1.609E-01	0.601	54	6	138	140	200	333	404	136	0.950	0.332
LOKIASV2_1460_ESMFold_hypothetical_protein	MGYP002335733135.pdb.gz	MGYP002335733135.pdb.gz	1.413E-01	0.601	54	1	138	140	29	161	478	143	0.986	0.278
LOKIASV2_1460_ESMFold_hypothetical_protein	MGYP003580434498.pdb.gz	MGYP003580434498.pdb.gz	5.006E-02	0.601	54	6	136	140	209	341	524	149	0.936	0.254
LOKIASV2_1460_ESMFold_hypothetical_protein	MGYP000072949567.pdb.gz	MGYP000072949567.pdb.gz	9.577E-02	0.601	54	6	138	140	90	218	565	140	0.950	0.228
LOKIASV2_1460_ESMFold_hypothetical_protein	MGYP001791309864.pdb.gz	MGYP001791309864.pdb.gz	1.282E+00	0.601	54	6	117	140	35	143	700	114	0.800	0.156
LOKIASV2_1460_ESMFold_hypothetical_protein	MGYP003124179486.pdb.gz	MGYP003124179486.pdb.gz	1.717E-01	0.601	54	4	117	140	192	294	737	124	0.814	0.140
LOKIASV2_1460_ESMFold_hypothetical_protein	MGYP000863879986.pdb.gz	MGYP000863879986.pdb.gz	8.975E-02	0.569	53	1	139	140	18	155	168	153	0.993	0.821
LOKIASV2_1460_ESMFold_hypothetical_protein	MGYP002684116768.pdb.gz	MGYP002684116768.pdb.gz	1.832E-01	0.569	53	3	139	140	8	137	172	144	0.979	0.756
LOKIASV2_1460_ESMFold_hypothetical_protein	MGYP001166086835.pdb.gz	MGYP001166086835.pdb.gz	1.508E-01	0.569	53	2	139	140	63	167	176	140	0.986	0.597
LOKIASV2_1460_ESMFold_hypothetical_protein	MGYP000040852895.pdb.gz	MGYP000040852895.pdb.gz	1.163E-01	0.569	53	1	130	140	45	176	177	139	0.929	0.746
LOKIASV2_1460_ESMFold_hypothetical_protein	MGYP003571654690.pdb.gz	MGYP003571654690.pdb.gz	1.090E-01	0.569	53	1	135	140	25	156	180	140	0.964	0.733
LOKIASV2_1460_ESMFold_hypothetical_protein	MGYP001545361508.pdb.gz	MGYP001545361508.pdb.gz	8.975E-02	0.569	53	4	135	140	8	116	187	133	0.943	0.583
LOKIASV2_1460_ESMFold_hypothetical_protein	MGYP000482805194.pdb.gz	MGYP000482805194.pdb.gz	1.241E-01	0.569	53	6	135	140	87	208	209	134	0.929	0.584
LOKIASV2_1460_ESMFold_hypothetical_protein	MGYP001814976036.pdb.gz	MGYP001814976036.pdb.gz	1.090E-01	0.569	53	2	139	140	83	212	245	153	0.986	0.531
LOKIASV2_1460_ESMFold_hypothetical_protein	MGYP001417658145.pdb.gz	MGYP001417658145.pdb.gz	1.325E-01	0.569	53	1	139	140	60	200	264	151	0.993	0.534
LOKIASV2_1460_ESMFold_hypothetical_protein	MGYP000615652871.pdb.gz	MGYP000615652871.pdb.gz	1.325E-01	0.569	53	3	135	140	200	323	329	136	0.950	0.377
LOKIASV2_1460_ESMFold_hypothetical_protein	MGYP002530865461.pdb.gz	MGYP002530865461.pdb.gz	9.577E-02	0.569	53	6	138	140	213	337	341	141	0.950	0.367
LOKIASV2_1460_ESMFold_hypothetical_protein	MGYP002640636327.pdb.gz	MGYP002640636327.pdb.gz	8.975E-02	0.569	53	6	139	140	216	367	394	167	0.957	0.386
LOKIASV2_1460_ESMFold_hypothetical_protein	MGYP001586801713.pdb.gz	MGYP001586801713.pdb.gz	1.163E-01	0.569	53	6	134	140	212	336	491	137	0.921	0.255
LOKIASV2_1460_ESMFold_hypothetical_protein	MGYP001369116052.pdb.gz	MGYP001369116052.pdb.gz	2.534E-01	0.537	52	7	140	140	29	166	166	139	0.957	0.831
LOKIASV2_1460_ESMFold_hypothetical_protein	MGYP000848293449.pdb.gz	MGYP000848293449.pdb.gz	6.082E-02	0.537	52	3	139	140	32	169	173	148	0.979	0.798
LOKIASV2_1460_ESMFold_hypothetical_protein	MGYP000414487927.pdb.gz	MGYP000414487927.pdb.gz	7.388E-02	0.537	52	3	139	140	84	222	231	151	0.979	0.602
LOKIASV2_1460_ESMFold_hypothetical_protein	MGYP000489127289.pdb.gz	MGYP000489127289.pdb.gz	2.704E-01	0.537	52	1	139	140	67	243	271	181	0.993	0.653
LOKIASV2_1460_ESMFold_hypothetical_protein	MGYP000078137512.pdb.gz	MGYP000078137512.pdb.gz	7.883E-02	0.537	52	1	138	140	13	184	281	180	0.986	0.612
LOKIASV2_1460_ESMFold_hypothetical_protein	MGYP003310694773.pdb.gz	MGYP003310694773.pdb.gz	1.717E-01	0.537	52	3	125	140	184	297	299	127	0.879	0.381
LOKIASV2_1460_ESMFold_hypothetical_protein	MGYP002624873262.pdb.gz	MGYP002624873262.pdb.gz	1.163E-01	0.537	52	4	135	140	80	208	357	139	0.943	0.361
LOKIASV2_1460_ESMFold_hypothetical_protein	MGYP002627286092.pdb.gz	MGYP002627286092.pdb.gz	1.325E-01	0.537	52	2	138	140	197	335	359	150	0.979	0.387
LOKIASV2_1460_ESMFold_hypothetical_protein	MGYP001458100776.pdb.gz	MGYP001458100776.pdb.gz	8.412E-02	0.537	52	5	139	140	226	379	418	169	0.964	0.368
LOKIASV2_1460_ESMFold_hypothetical_protein	MGYP001405318461.pdb.gz	MGYP001405318461.pdb.gz	1.241E-01	0.537	52	6	140	140	125	248	427	144	0.964	0.290
LOKIASV2_1460_ESMFold_hypothetical_protein	MGYP001350302618.pdb.gz	MGYP001350302618.pdb.gz	1.508E-01	0.537	52	7	138	140	205	328	499	134	0.943	0.248
LOKIASV2_1460_ESMFold_hypothetical_protein	MGYP001766487791.pdb.gz	MGYP001766487791.pdb.gz	1.163E-01	0.505	51	1	138	140	1	151	162	168	0.986	0.932
LOKIASV2_1460_ESMFold_hypothetical_protein	MGYP003345593553.pdb.gz	MGYP003345593553.pdb.gz	8.412E-02	0.505	51	4	138	140	45	155	170	140	0.964	0.653
LOKIASV2_1460_ESMFold_hypothetical_protein	MGYP000986675091.pdb.gz	MGYP000986675091.pdb.gz	1.955E-01	0.505	51	1	124	140	48	158	173	129	0.886	0.642
LOKIASV2_1460_ESMFold_hypothetical_protein	MGYP003304466508.pdb.gz	MGYP003304466508.pdb.gz	5.700E-02	0.505	51	1	136	140	28	168	173	150	0.971	0.815
LOKIASV2_1460_ESMFold_hypothetical_protein	MGYP003701393963.pdb.gz	MGYP003701393963.pdb.gz	7.633E-01	0.505	51	6	95	140	77	172	173	100	0.643	0.555
LOKIASV2_1460_ESMFold_hypothetical_protein	MGYP003303021874.pdb.gz	MGYP003303021874.pdb.gz	1.832E-01	0.505	51	6	132	140	61	169	179	127	0.907	0.609
LOKIASV2_1460_ESMFold_hypothetical_protein	MGYP001768604529.pdb.gz	MGYP001768604529.pdb.gz	3.284E-01	0.505	51	6	138	140	71	183	187	143	0.950	0.604
LOKIASV2_1460_ESMFold_hypothetical_protein	MGYP001215982315.pdb.gz	MGYP001215982315.pdb.gz	1.955E-01	0.505	51	3	140	140	59	187	195	142	0.986	0.662
LOKIASV2_1460_ESMFold_hypothetical_protein	MGYP000933073908.pdb.gz	MGYP000933073908.pdb.gz	2.226E-01	0.505	51	6	138	140	5	168	212	164	0.950	0.774
LOKIASV2_1460_ESMFold_hypothetical_protein	MGYP001397798559.pdb.gz	MGYP001397798559.pdb.gz	1.413E-01	0.505	51	6	138	140	27	174	212	148	0.950	0.698
LOKIASV2_1460_ESMFold_hypothetical_protein	MGYP001631318256.pdb.gz	MGYP001631318256.pdb.gz	1.090E-01	0.505	51	6	137	140	25	172	229	167	0.943	0.646
LOKIASV2_1460_ESMFold_hypothetical_protein	MGYP000864358598.pdb.gz	MGYP000864358598.pdb.gz	3.739E-01	0.505	51	1	135	140	8	138	244	145	0.964	0.537
LOKIASV2_1460_ESMFold_hypothetical_protein	MGYP003623302529.pdb.gz	MGYP003623302529.pdb.gz	6.704E-01	0.505	51	1	100	140	192	282	282	100	0.714	0.323
LOKIASV2_1460_ESMFold_hypothetical_protein	MGYP001553972475.pdb.gz	MGYP001553972475.pdb.gz	2.226E-01	0.505	51	6	138	140	147	289	348	144	0.950	0.411
LOKIASV2_1460_ESMFold_hypothetical_protein	MGYP001578897234.pdb.gz	MGYP001578897234.pdb.gz	1.832E-01	0.505	51	6	140	140	204	322	350	138	0.964	0.340
LOKIASV2_1460_ESMFold_hypothetical_protein	MGYP001610884907.pdb.gz	MGYP001610884907.pdb.gz	2.375E-01	0.505	51	6	138	140	206	326	374	136	0.950	0.324
LOKIASV2_1460_ESMFold_hypothetical_protein	MGYP003606374697.pdb.gz	MGYP003606374697.pdb.gz	4.257E-01	0.505	51	1	139	140	214	356	380	150	0.993	0.376
LOKIASV2_1460_ESMFold_hypothetical_protein	MGYP001102245785.pdb.gz	MGYP001102245785.pdb.gz	2.375E-01	0.505	51	6	139	140	213	384	393	175	0.957	0.438
LOKIASV2_1460_ESMFold_hypothetical_protein	MGYP001264469838.pdb.gz	MGYP001264469838.pdb.gz	2.885E-01	0.505	51	6	136	140	273	398	411	137	0.936	0.307
LOKIASV2_1460_ESMFold_hypothetical_protein	MGYP001113375814.pdb.gz	MGYP001113375814.pdb.gz	8.412E-02	0.505	51	2	135	140	84	214	416	146	0.957	0.315
LOKIASV2_1460_ESMFold_hypothetical_protein	MGYP000495193134.pdb.gz	MGYP000495193134.pdb.gz	2.885E-01	0.505	51	6	139	140	232	364	419	143	0.957	0.317
LOKIASV2_1460_ESMFold_hypothetical_protein	MGYP000107807555.pdb.gz	MGYP000107807555.pdb.gz	3.284E-01	0.505	51	6	135	140	20	152	428	139	0.929	0.311
LOKIASV2_1460_ESMFold_hypothetical_protein	MGYP000682800991.pdb.gz	MGYP000682800991.pdb.gz	2.885E-01	0.505	51	6	139	140	221	347	438	138	0.957	0.290
LOKIASV2_1460_ESMFold_hypothetical_protein	MGYP002623826033.pdb.gz	MGYP002623826033.pdb.gz	2.885E-01	0.505	51	6	135	140	126	244	463	130	0.929	0.257
LOKIASV2_1460_ESMFold_hypothetical_protein	MGYP001055056240.pdb.gz	MGYP001055056240.pdb.gz	1.717E-01	0.473	50	2	132	140	61	176	177	132	0.936	0.655
LOKIASV2_1460_ESMFold_hypothetical_protein	MGYP000646481862.pdb.gz	MGYP000646481862.pdb.gz	4.543E-01	0.473	50	4	94	140	95	185	191	97	0.650	0.476
LOKIASV2_1460_ESMFold_hypothetical_protein	MGYP000937361266.pdb.gz	MGYP000937361266.pdb.gz	3.078E-01	0.473	50	1	139	140	59	193	213	145	0.993	0.634
LOKIASV2_1460_ESMFold_hypothetical_protein	MGYP001119073773.pdb.gz	MGYP001119073773.pdb.gz	2.534E-01	0.473	50	2	135	140	89	211	215	139	0.957	0.572
LOKIASV2_1460_ESMFold_hypothetical_protein	MGYP000341105552.pdb.gz	MGYP000341105552.pdb.gz	1.413E-01	0.473	50	6	139	140	30	155	223	144	0.957	0.565
LOKIASV2_1460_ESMFold_hypothetical_protein	MGYP001494529591.pdb.gz	MGYP001494529591.pdb.gz	2.534E-01	0.473	50	1	138	140	1	172	300	178	0.986	0.573
LOKIASV2_1460_ESMFold_hypothetical_protein	MGYP000540958459.pdb.gz	MGYP000540958459.pdb.gz	1.832E-01	0.473	50	4	136	140	196	324	327	139	0.950	0.394
LOKIASV2_1460_ESMFold_hypothetical_protein	MGYP003059430012.pdb.gz	MGYP003059430012.pdb.gz	1.090E-01	0.473	50	1	135	140	76	201	332	141	0.964	0.380
LOKIASV2_1460_ESMFold_hypothetical_protein	MGYP000720968520.pdb.gz	MGYP000720968520.pdb.gz	3.739E-01	0.473	50	6	140	140	218	341	341	144	0.964	0.364
LOKIASV2_1460_ESMFold_hypothetical_protein	MGYP001220877931.pdb.gz	MGYP001220877931.pdb.gz	1.325E-01	0.473	50	6	138	140	216	338	368	140	0.950	0.334
LOKIASV2_1460_ESMFold_hypothetical_protein	MGYP000058187979.pdb.gz	MGYP000058187979.pdb.gz	3.990E-01	0.473	50	6	135	140	105	226	370	136	0.929	0.330
LOKIASV2_1460_ESMFold_hypothetical_protein	MGYP000878045423.pdb.gz	MGYP000878045423.pdb.gz	3.078E-01	0.473	50	1	139	140	227	372	374	152	0.993	0.390
LOKIASV2_1460_ESMFold_hypothetical_protein	MGYP000097275631.pdb.gz	MGYP000097275631.pdb.gz	1.955E-01	0.473	50	6	139	140	208	321	555	135	0.957	0.205
LOKIASV2_1460_ESMFold_hypothetical_protein	MGYP000994307767.pdb.gz	MGYP000994307767.pdb.gz	4.257E-01	0.442	49	1	135	140	31	162	193	143	0.964	0.684
LOKIASV2_1460_ESMFold_hypothetical_protein	MGYP001292922224.pdb.gz	MGYP001292922224.pdb.gz	8.412E-02	0.442	49	6	139	140	18	193	197	188	0.957	0.893
LOKIASV2_1460_ESMFold_hypothetical_protein	MGYP003510567459.pdb.gz	MGYP003510567459.pdb.gz	4.257E-01	0.442	49	6	133	140	84	205	206	136	0.914	0.592
LOKIASV2_1460_ESMFold_hypothetical_protein	MGYP001639031168.pdb.gz	MGYP001639031168.pdb.gz	1.413E-01	0.442	49	3	140	140	32	207	207	180	0.986	0.850
LOKIASV2_1460_ESMFold_hypothetical_protein	MGYP003571593709.pdb.gz	MGYP003571593709.pdb.gz	1.413E-01	0.442	49	6	139	140	71	207	211	145	0.957	0.649
LOKIASV2_1460_ESMFold_hypothetical_protein	MGYP003492915531.pdb.gz	MGYP003492915531.pdb.gz	2.375E-01	0.442	49	3	135	140	82	211	212	138	0.950	0.613
LOKIASV2_1460_ESMFold_hypothetical_protein	MGYP000099368563.pdb.gz	MGYP000099368563.pdb.gz	3.284E-01	0.442	49	2	135	140	79	211	222	142	0.957	0.599
LOKIASV2_1460_ESMFold_hypothetical_protein	MGYP001549547110.pdb.gz	MGYP001549547110.pdb.gz	1.832E-01	0.442	49	6	138	140	57	206	227	163	0.950	0.661
LOKIASV2_1460_ESMFold_hypothetical_protein	MGYP000324667509.pdb.gz	MGYP000324667509.pdb.gz	7.153E-01	0.442	49	1	135	140	93	225	229	137	0.964	0.581
LOKIASV2_1460_ESMFold_hypothetical_protein	MGYP001550151352.pdb.gz	MGYP001550151352.pdb.gz	7.633E-01	0.442	49	2	96	140	129	216	231	96	0.679	0.381
LOKIASV2_1460_ESMFold_hypothetical_protein	MGYP003673184423.pdb.gz	MGYP003673184423.pdb.gz	8.690E-01	0.442	49	6	98	140	179	272	282	97	0.664	0.333
LOKIASV2_1460_ESMFold_hypothetical_protein	MGYP003902243319.pdb.gz	MGYP003902243319.pdb.gz	2.226E-01	0.442	49	6	130	140	228	348	349	134	0.893	0.347
LOKIASV2_1460_ESMFold_hypothetical_protein	MGYP002547609295.pdb.gz	MGYP002547609295.pdb.gz	1.413E-01	0.442	49	2	134	140	19	147	361	140	0.950	0.357
LOKIASV2_1460_ESMFold_hypothetical_protein	MGYP000933574529.pdb.gz	MGYP000933574529.pdb.gz	2.534E-01	0.442	49	6	139	140	205	329	447	140	0.957	0.280
LOKIASV2_1460_ESMFold_hypothetical_protein	MGYP001247339626.pdb.gz	MGYP001247339626.pdb.gz	2.226E-01	0.442	49	6	128	140	79	206	447	134	0.879	0.286
LOKIASV2_1460_ESMFold_hypothetical_protein	MGYP000321691671.pdb.gz	MGYP000321691671.pdb.gz	1.325E-01	0.442	49	5	139	140	188	309	528	145	0.964	0.231
LOKIASV2_1460_ESMFold_hypothetical_protein	MGYP000037855794.pdb.gz	MGYP000037855794.pdb.gz	2.086E-01	0.442	49	1	139	140	221	357	529	152	0.993	0.259
LOKIASV2_1460_ESMFold_hypothetical_protein	MGYP000805994505.pdb.gz	MGYP000805994505.pdb.gz	1.955E-01	0.442	49	6	134	140	211	344	547	143	0.921	0.245
LOKIASV2_1460_ESMFold_hypothetical_protein	MGYP003365274618.pdb.gz	MGYP003365274618.pdb.gz	3.505E-01	0.442	49	6	138	140	260	383	617	140	0.950	0.201
LOKIASV2_1460_ESMFold_hypothetical_protein	MGYP002624618586.pdb.gz	MGYP002624618586.pdb.gz	1.832E-01	0.442	49	4	135	140	221	409	679	193	0.943	0.278
LOKIASV2_1460_ESMFold_hypothetical_protein	MGYP003528287599.pdb.gz	MGYP003528287599.pdb.gz	3.078E-01	0.411	48	6	140	140	44	174	174	142	0.964	0.753
LOKIASV2_1460_ESMFold_hypothetical_protein	MGYP000983000442.pdb.gz	MGYP000983000442.pdb.gz	2.226E-01	0.411	48	1	133	140	11	142	179	145	0.950	0.737
LOKIASV2_1460_ESMFold_hypothetical_protein	MGYP003388951933.pdb.gz	MGYP003388951933.pdb.gz	4.543E-01	0.411	48	6	140	140	62	184	184	142	0.964	0.668
LOKIASV2_1460_ESMFold_hypothetical_protein	MGYP001313565801.pdb.gz	MGYP001313565801.pdb.gz	6.489E-02	0.411	48	1	139	140	16	140	185	152	0.993	0.676
LOKIASV2_1460_ESMFold_hypothetical_protein	MGYP003571641797.pdb.gz	MGYP003571641797.pdb.gz	3.284E-01	0.411	48	6	138	140	14	185	186	174	0.950	0.925
LOKIASV2_1460_ESMFold_hypothetical_protein	MGYP001139824185.pdb.gz	MGYP001139824185.pdb.gz	3.505E-01	0.411	48	6	138	140	39	182	195	156	0.950	0.738
LOKIASV2_1460_ESMFold_hypothetical_protein	MGYP001347510220.pdb.gz	MGYP001347510220.pdb.gz	9.577E-02	0.411	48	6	138	140	45	176	206	142	0.950	0.641
LOKIASV2_1460_ESMFold_hypothetical_protein	MGYP000426727626.pdb.gz	MGYP000426727626.pdb.gz	2.086E-01	0.411	48	6	134	140	83	212	213	136	0.921	0.610
LOKIASV2_1460_ESMFold_hypothetical_protein	MGYP003353107086.pdb.gz	MGYP003353107086.pdb.gz	5.888E-01	0.411	48	1	138	140	6	132	218	141	0.986	0.583
LOKIASV2_1460_ESMFold_hypothetical_protein	MGYP000939222871.pdb.gz	MGYP000939222871.pdb.gz	1.717E-01	0.411	48	6	135	140	51	216	234	177	0.929	0.709
LOKIASV2_1460_ESMFold_hypothetical_protein	MGYP001807073716.pdb.gz	MGYP001807073716.pdb.gz	4.543E-01	0.411	48	6	140	140	117	235	235	136	0.964	0.506
LOKIASV2_1460_ESMFold_hypothetical_protein	MGYP000376685692.pdb.gz	MGYP000376685692.pdb.gz	4.543E-01	0.411	48	3	138	140	76	204	265	141	0.971	0.487
LOKIASV2_1460_ESMFold_hypothetical_protein	MGYP000527074120.pdb.gz	MGYP000527074120.pdb.gz	3.078E-01	0.411	48	1	138	140	125	263	266	154	0.986	0.523
LOKIASV2_1460_ESMFold_hypothetical_protein	MGYP003593398993.pdb.gz	MGYP003593398993.pdb.gz	1.609E-01	0.411	48	3	136	140	56	189	280	151	0.957	0.479
LOKIASV2_1460_ESMFold_hypothetical_protein	MGYP000285972335.pdb.gz	MGYP000285972335.pdb.gz	3.739E-01	0.411	48	6	135	140	91	213	297	132	0.929	0.414
LOKIASV2_1460_ESMFold_hypothetical_protein	MGYP001198359632.pdb.gz	MGYP001198359632.pdb.gz	3.505E-01	0.411	48	6	139	140	73	192	351	136	0.957	0.342
LOKIASV2_1460_ESMFold_hypothetical_protein	MGYP000518040026.pdb.gz	MGYP000518040026.pdb.gz	2.086E-01	0.411	48	6	139	140	223	352	356	146	0.957	0.365
LOKIASV2_1460_ESMFold_hypothetical_protein	MGYP001132921743.pdb.gz	MGYP001132921743.pdb.gz	2.375E-01	0.411	48	6	135	140	81	200	411	134	0.929	0.292
LOKIASV2_1460_ESMFold_hypothetical_protein	MGYP000601126539.pdb.gz	MGYP000601126539.pdb.gz	1.832E-01	0.411	48	2	135	140	107	230	446	138	0.957	0.278
LOKIASV2_1460_ESMFold_hypothetical_protein	MGYP000814949180.pdb.gz	MGYP000814949180.pdb.gz	3.284E-01	0.411	48	2	135	140	211	336	457	135	0.957	0.276
LOKIASV2_1460_ESMFold_hypothetical_protein	MGYP002777038869.pdb.gz	MGYP002777038869.pdb.gz	2.086E-01	0.411	48	5	138	140	218	344	525	142	0.957	0.242
LOKIASV2_1460_ESMFold_hypothetical_protein	MGYP000657255799.pdb.gz	MGYP000657255799.pdb.gz	2.885E-01	0.411	48	6	135	140	73	196	680	133	0.929	0.182
LOKIASV2_1460_ESMFold_hypothetical_protein	MGYP002627390245.pdb.gz	MGYP002627390245.pdb.gz	3.739E-01	0.382	47	2	138	140	14	152	156	149	0.979	0.891
LOKIASV2_1460_ESMFold_hypothetical_protein	MGYP001769161063.pdb.gz	MGYP001769161063.pdb.gz	1.955E-01	0.382	47	6	140	140	25	169	169	153	0.964	0.858
LOKIASV2_1460_ESMFold_hypothetical_protein	MGYP000016408045.pdb.gz	MGYP000016408045.pdb.gz	4.543E-01	0.382	47	7	139	140	2	126	176	135	0.950	0.710
LOKIASV2_1460_ESMFold_hypothetical_protein	MGYP003947183505.pdb.gz	MGYP003947183505.pdb.gz	3.739E-01	0.382	47	1	138	140	38	170	191	146	0.986	0.696
LOKIASV2_1460_ESMFold_hypothetical_protein	MGYP001420554193.pdb.gz	MGYP001420554193.pdb.gz	1.717E-01	0.382	47	6	139	140	22	155	192	145	0.957	0.698
LOKIASV2_1460_ESMFold_hypothetical_protein	MGYP000521815357.pdb.gz	MGYP000521815357.pdb.gz	4.543E-01	0.382	47	6	138	140	2	174	218	177	0.950	0.794
LOKIASV2_1460_ESMFold_hypothetical_protein	MGYP001148510717.pdb.gz	MGYP001148510717.pdb.gz	3.078E-01	0.382	47	5	130	140	65	181	218	130	0.900	0.537
LOKIASV2_1460_ESMFold_hypothetical_protein	MGYP001060214633.pdb.gz	MGYP001060214633.pdb.gz	3.078E-01	0.382	47	6	133	140	87	190	222	129	0.914	0.468
LOKIASV2_1460_ESMFold_hypothetical_protein	MGYP000971244419.pdb.gz	MGYP000971244419.pdb.gz	1.832E-01	0.382	47	6	135	140	110	236	237	146	0.929	0.536
LOKIASV2_1460_ESMFold_hypothetical_protein	MGYP003594064065.pdb.gz	MGYP003594064065.pdb.gz	1.717E-01	0.382	47	1	135	140	21	166	267	147	0.964	0.547
LOKIASV2_1460_ESMFold_hypothetical_protein	MGYP001421187048.pdb.gz	MGYP001421187048.pdb.gz	9.272E-01	0.382	47	1	101	140	3	105	272	106	0.721	0.379
LOKIASV2_1460_ESMFold_hypothetical_protein	MGYP003351582731.pdb.gz	MGYP003351582731.pdb.gz	5.519E-01	0.382	47	1	139	140	85	261	285	179	0.993	0.621
LOKIASV2_1460_ESMFold_hypothetical_protein	MGYP003337955072.pdb.gz	MGYP003337955072.pdb.gz	3.739E-01	0.382	47	6	138	140	145	270	288	139	0.950	0.438
LOKIASV2_1460_ESMFold_hypothetical_protein	MGYP002638983936.pdb.gz	MGYP002638983936.pdb.gz	3.078E-01	0.382	47	1	135	140	232	363	365	147	0.964	0.362
LOKIASV2_1460_ESMFold_hypothetical_protein	MGYP000994992881.pdb.gz	MGYP000994992881.pdb.gz	2.704E-01	0.382	47	5	138	140	228	346	387	141	0.957	0.307
LOKIASV2_1460_ESMFold_hypothetical_protein	MGYP002759445482.pdb.gz	MGYP002759445482.pdb.gz	6.283E-01	0.353	46	6	139	140	10	135	187	136	0.957	0.674
LOKIASV2_1460_ESMFold_hypothetical_protein	MGYP000868174358.pdb.gz	MGYP000868174358.pdb.gz	5.888E-01	0.353	46	2	138	140	6	127	198	142	0.979	0.616
LOKIASV2_1460_ESMFold_hypothetical_protein	MGYP000594085763.pdb.gz	MGYP000594085763.pdb.gz	1.508E-01	0.353	46	5	139	140	83	196	211	140	0.964	0.540
LOKIASV2_1460_ESMFold_hypothetical_protein	MGYP002582573376.pdb.gz	MGYP002582573376.pdb.gz	3.990E-01	0.353	46	1	135	140	9	134	219	144	0.964	0.575
LOKIASV2_1460_ESMFold_hypothetical_protein	MGYP001237702670.pdb.gz	MGYP001237702670.pdb.gz	6.704E-01	0.353	46	1	139	140	111	257	259	150	0.993	0.568
LOKIASV2_1460_ESMFold_hypothetical_protein	MGYP001105903728.pdb.gz	MGYP001105903728.pdb.gz	6.283E-01	0.353	46	5	138	140	135	281	287	151	0.957	0.512
LOKIASV2_1460_ESMFold_hypothetical_protein	MGYP001123189250.pdb.gz	MGYP001123189250.pdb.gz	3.505E-01	0.353	46	6	138	140	183	317	318	143	0.950	0.425
LOKIASV2_1460_ESMFold_hypothetical_protein	MGYP000688394761.pdb.gz	MGYP000688394761.pdb.gz	4.257E-01	0.353	46	1	135	140	195	319	325	137	0.964	0.385
LOKIASV2_1460_ESMFold_hypothetical_protein	MGYP001227914667.pdb.gz	MGYP001227914667.pdb.gz	5.172E-01	0.353	46	5	139	140	224	370	372	156	0.964	0.395
LOKIASV2_1460_ESMFold_hypothetical_protein	MGYP003292674090.pdb.gz	MGYP003292674090.pdb.gz	5.172E-01	0.353	46	1	139	140	190	325	385	146	0.993	0.353
LOKIASV2_1460_ESMFold_hypothetical_protein	MGYP001371848031.pdb.gz	MGYP001371848031.pdb.gz	8.690E-01	0.353	46	6	139	140	238	361	530	135	0.957	0.234
LOKIASV2_1460_ESMFold_hypothetical_protein	MGYP001202546370.pdb.gz	MGYP001202546370.pdb.gz	3.990E-01	0.353	46	1	135	140	224	388	606	169	0.964	0.272
LOKIASV2_1460_ESMFold_hypothetical_protein	MGYP002790575741.pdb.gz	MGYP002790575741.pdb.gz	3.505E-01	0.326	45	6	127	140	14	166	167	157	0.871	0.916
LOKIASV2_1460_ESMFold_hypothetical_protein	MGYP001328609008.pdb.gz	MGYP001328609008.pdb.gz	1.955E-01	0.326	45	6	138	140	3	141	180	156	0.950	0.772
LOKIASV2_1460_ESMFold_hypothetical_protein	MGYP001102402139.pdb.gz	MGYP001102402139.pdb.gz	2.375E-01	0.326	45	1	138	140	24	187	196	176	0.986	0.837
LOKIASV2_1460_ESMFold_hypothetical_protein	MGYP001277193424.pdb.gz	MGYP001277193424.pdb.gz	4.543E-01	0.326	45	6	136	140	3	117	197	137	0.936	0.584
LOKIASV2_1460_ESMFold_hypothetical_protein	MGYP001551221469.pdb.gz	MGYP001551221469.pdb.gz	3.739E-01	0.326	45	6	139	140	16	141	204	142	0.957	0.618
LOKIASV2_1460_ESMFold_hypothetical_protein	MGYP001081102751.pdb.gz	MGYP001081102751.pdb.gz	3.990E-01	0.326	45	2	136	140	84	207	208	143	0.964	0.596
LOKIASV2_1460_ESMFold_hypothetical_protein	MGYP001765173807.pdb.gz	MGYP001765173807.pdb.gz	2.375E-01	0.326	45	6	140	140	44	210	210	174	0.964	0.795
LOKIASV2_1460_ESMFold_hypothetical_protein	MGYP001577298596.pdb.gz	MGYP001577298596.pdb.gz	2.226E-01	0.326	45	1	139	140	78	210	212	142	0.993	0.627
LOKIASV2_1460_ESMFold_hypothetical_protein	MGYP000748829252.pdb.gz	MGYP000748829252.pdb.gz	3.078E-01	0.326	45	6	137	140	111	235	236	139	0.943	0.530
LOKIASV2_1460_ESMFold_hypothetical_protein	MGYP001163273085.pdb.gz	MGYP001163273085.pdb.gz	5.700E-02	0.326	45	6	137	140	128	255	261	148	0.943	0.490
LOKIASV2_1460_ESMFold_hypothetical_protein	MGYP003474734413.pdb.gz	MGYP003474734413.pdb.gz	2.086E-01	0.326	45	6	139	140	113	237	262	139	0.957	0.477
LOKIASV2_1460_ESMFold_hypothetical_protein	MGYP001043872277.pdb.gz	MGYP001043872277.pdb.gz	1.413E-01	0.326	45	3	135	140	170	291	294	137	0.950	0.415
LOKIASV2_1460_ESMFold_hypothetical_protein	MGYP000260931018.pdb.gz	MGYP000260931018.pdb.gz	6.283E-01	0.326	45	6	138	140	25	145	304	138	0.950	0.398
LOKIASV2_1460_ESMFold_hypothetical_protein	MGYP003394421974.pdb.gz	MGYP003394421974.pdb.gz	3.284E-01	0.326	45	6	140	140	160	307	307	154	0.964	0.482
LOKIASV2_1460_ESMFold_hypothetical_protein	MGYP000190140272.pdb.gz	MGYP000190140272.pdb.gz	3.505E-01	0.326	45	2	133	140	182	305	309	142	0.943	0.401
LOKIASV2_1460_ESMFold_hypothetical_protein	MGYP001036719429.pdb.gz	MGYP001036719429.pdb.gz	2.885E-01	0.326	45	6	138	140	196	321	322	140	0.950	0.391
LOKIASV2_1460_ESMFold_hypothetical_protein	MGYP003410121598.pdb.gz	MGYP003410121598.pdb.gz	6.283E-01	0.326	45	1	135	140	176	306	378	143	0.964	0.347
LOKIASV2_1460_ESMFold_hypothetical_protein	MGYP003310588321.pdb.gz	MGYP003310588321.pdb.gz	1.717E-01	0.326	45	1	136	140	195	370	384	185	0.971	0.458
LOKIASV2_1460_ESMFold_hypothetical_protein	MGYP003318219161.pdb.gz	MGYP003318219161.pdb.gz	2.704E-01	0.326	45	6	139	140	251	402	415	153	0.957	0.366
LOKIASV2_1460_ESMFold_hypothetical_protein	MGYP001022111686.pdb.gz	MGYP001022111686.pdb.gz	1.832E-01	0.326	45	1	134	140	261	391	449	141	0.957	0.292
LOKIASV2_1460_ESMFold_hypothetical_protein	MGYP000718519036.pdb.gz	MGYP000718519036.pdb.gz	2.704E-01	0.326	45	4	138	140	197	325	478	148	0.964	0.270
LOKIASV2_1460_ESMFold_hypothetical_protein	MGYP002624558827.pdb.gz	MGYP002624558827.pdb.gz	2.704E-01	0.326	45	6	135	140	190	314	553	137	0.929	0.226
LOKIASV2_1460_ESMFold_hypothetical_protein	MGYP003298902257.pdb.gz	MGYP003298902257.pdb.gz	8.144E-01	0.301	44	1	109	140	69	164	168	109	0.779	0.571
LOKIASV2_1460_ESMFold_hypothetical_protein	MGYP001055812436.pdb.gz	MGYP001055812436.pdb.gz	6.283E-01	0.301	44	7	140	140	51	182	182	139	0.957	0.725
LOKIASV2_1460_ESMFold_hypothetical_protein	MGYP001348843940.pdb.gz	MGYP001348843940.pdb.gz	3.990E-01	0.301	44	6	135	140	60	185	187	137	0.929	0.674
LOKIASV2_1460_ESMFold_hypothetical_protein	MGYP000163948843.pdb.gz	MGYP000163948843.pdb.gz	4.257E-01	0.301	44	7	135	140	44	169	195	134	0.921	0.646
LOKIASV2_1460_ESMFold_hypothetical_protein	MGYP002624875552.pdb.gz	MGYP002624875552.pdb.gz	7.633E-01	0.301	44	5	139	140	75	202	226	141	0.964	0.566
LOKIASV2_1460_ESMFold_hypothetical_protein	MGYP001077093709.pdb.gz	MGYP001077093709.pdb.gz	4.543E-01	0.301	44	6	132	140	99	210	245	136	0.907	0.457
LOKIASV2_1460_ESMFold_hypothetical_protein	MGYP000150027305.pdb.gz	MGYP000150027305.pdb.gz	4.847E-01	0.301	44	1	140	140	88	240	248	162	1.000	0.617
LOKIASV2_1460_ESMFold_hypothetical_protein	MGYP000394964456.pdb.gz	MGYP000394964456.pdb.gz	4.543E-01	0.301	44	3	135	140	115	243	250	140	0.950	0.516
LOKIASV2_1460_ESMFold_hypothetical_protein	MGYP001281105240.pdb.gz	MGYP001281105240.pdb.gz	5.519E-01	0.301	44	6	139	140	31	156	256	141	0.957	0.492
LOKIASV2_1460_ESMFold_hypothetical_protein	MGYP000243174745.pdb.gz	MGYP000243174745.pdb.gz	5.888E-01	0.301	44	6	135	140	50	180	259	136	0.929	0.506
LOKIASV2_1460_ESMFold_hypothetical_protein	MGYP001358258049.pdb.gz	MGYP001358258049.pdb.gz	1.368E+00	0.301	44	1	81	140	5	92	260	94	0.579	0.338
LOKIASV2_1460_ESMFold_hypothetical_protein	MGYP003296631212.pdb.gz	MGYP003296631212.pdb.gz	7.633E-01	0.301	44	3	85	140	114	197	260	92	0.593	0.323
LOKIASV2_1460_ESMFold_hypothetical_protein	MGYP001264892423.pdb.gz	MGYP001264892423.pdb.gz	3.739E-01	0.301	44	7	138	140	107	255	263	155	0.943	0.567
LOKIASV2_1460_ESMFold_hypothetical_protein	MGYP001495020849.pdb.gz	MGYP001495020849.pdb.gz	6.283E-01	0.301	44	2	140	140	124	287	287	168	0.993	0.571
LOKIASV2_1460_ESMFold_hypothetical_protein	MGYP003078116175.pdb.gz	MGYP003078116175.pdb.gz	7.153E-01	0.301	44	7	100	140	201	290	290	98	0.671	0.310
LOKIASV2_1460_ESMFold_hypothetical_protein	MGYP000528463087.pdb.gz	MGYP000528463087.pdb.gz	5.888E-01	0.301	44	6	138	140	221	342	349	139	0.950	0.350
LOKIASV2_1460_ESMFold_hypothetical_protein	MGYP001574222596.pdb.gz	MGYP001574222596.pdb.gz	5.519E-01	0.301	44	6	134	140	67	191	407	134	0.921	0.307
LOKIASV2_1460_ESMFold_hypothetical_protein	MGYP001099810228.pdb.gz	MGYP001099810228.pdb.gz	4.847E-01	0.277	43	6	132	140	55	177	178	130	0.907	0.691
LOKIASV2_1460_ESMFold_hypothetical_protein	MGYP001265035131.pdb.gz	MGYP001265035131.pdb.gz	4.543E-01	0.277	43	1	138	140	75	208	213	155	0.986	0.629
LOKIASV2_1460_ESMFold_hypothetical_protein	MGYP003385691433.pdb.gz	MGYP003385691433.pdb.gz	5.519E-01	0.277	43	6	138	140	83	202	240	141	0.950	0.500
LOKIASV2_1460_ESMFold_hypothetical_protein	MGYP000247609504.pdb.gz	MGYP000247609504.pdb.gz	5.888E-01	0.277	43	2	138	140	83	202	248	139	0.979	0.484
LOKIASV2_1460_ESMFold_hypothetical_protein	MGYP000846025248.pdb.gz	MGYP000846025248.pdb.gz	5.519E-01	0.277	43	1	135	140	117	237	248	139	0.964	0.488
LOKIASV2_1460_ESMFold_hypothetical_protein	MGYP000379029846.pdb.gz	MGYP000379029846.pdb.gz	2.885E-01	0.277	43	1	135	140	78	222	251	160	0.964	0.578
LOKIASV2_1460_ESMFold_hypothetical_protein	MGYP001585876130.pdb.gz	MGYP001585876130.pdb.gz	3.505E-01	0.277	43	6	135	140	49	190	260	148	0.929	0.546
LOKIASV2_1460_ESMFold_hypothetical_protein	MGYP000307442610.pdb.gz	MGYP000307442610.pdb.gz	3.078E-01	0.277	43	4	135	140	79	205	292	137	0.943	0.435
LOKIASV2_1460_ESMFold_hypothetical_protein	MGYP000987499640.pdb.gz	MGYP000987499640.pdb.gz	5.519E-01	0.277	43	1	134	140	144	275	302	139	0.957	0.437
LOKIASV2_1460_ESMFold_hypothetical_protein	MGYP000713336619.pdb.gz	MGYP000713336619.pdb.gz	2.534E-01	0.277	43	6	134	140	99	220	383	141	0.921	0.319
LOKIASV2_1460_ESMFold_hypothetical_protein	MGYP000337503139.pdb.gz	MGYP000337503139.pdb.gz	7.153E-01	0.277	43	4	135	140	173	298	490	137	0.943	0.257
LOKIASV2_1460_ESMFold_hypothetical_protein	MGYP002776412355.pdb.gz	MGYP002776412355.pdb.gz	6.704E-01	0.277	43	2	138	140	243	365	605	142	0.979	0.203
LOKIASV2_1460_ESMFold_hypothetical_protein	MGYP000337505226.pdb.gz	MGYP000337505226.pdb.gz	1.558E+00	0.277	43	1	138	140	254	448	611	197	0.986	0.319
LOKIASV2_1460_ESMFold_hypothetical_protein	MGYP001215873940.pdb.gz	MGYP001215873940.pdb.gz	2.375E-01	0.277	43	6	135	140	467	590	833	145	0.929	0.149
LOKIASV2_1460_ESMFold_hypothetical_protein	MGYP001115439442.pdb.gz	MGYP001115439442.pdb.gz	6.704E-01	0.254	42	6	129	140	53	171	172	131	0.886	0.692
LOKIASV2_1460_ESMFold_hypothetical_protein	MGYP002623664984.pdb.gz	MGYP002623664984.pdb.gz	9.894E-01	0.254	42	1	139	140	33	164	173	145	0.993	0.763
LOKIASV2_1460_ESMFold_hypothetical_protein	MGYP001593892913.pdb.gz	MGYP001593892913.pdb.gz	2.375E-01	0.254	42	3	133	140	70	171	177	131	0.936	0.576
LOKIASV2_1460_ESMFold_hypothetical_protein	MGYP001078219914.pdb.gz	MGYP001078219914.pdb.gz	1.126E+00	0.254	42	7	138	140	64	192	193	134	0.943	0.668
LOKIASV2_1460_ESMFold_hypothetical_protein	MGYP001614600127.pdb.gz	MGYP001614600127.pdb.gz	8.690E-01	0.254	42	3	140	140	66	193	193	148	0.986	0.663
LOKIASV2_1460_ESMFold_hypothetical_protein	MGYP001585001847.pdb.gz	MGYP001585001847.pdb.gz	8.690E-01	0.254	42	1	135	140	31	163	195	141	0.964	0.682
LOKIASV2_1460_ESMFold_hypothetical_protein	MGYP001610214027.pdb.gz	MGYP001610214027.pdb.gz	1.558E+00	0.254	42	4	139	140	3	122	198	140	0.971	0.606
LOKIASV2_1460_ESMFold_hypothetical_protein	MGYP001614224257.pdb.gz	MGYP001614224257.pdb.gz	3.505E-01	0.254	42	6	139	140	51	224	236	187	0.957	0.737
LOKIASV2_1460_ESMFold_hypothetical_protein	MGYP001093516923.pdb.gz	MGYP001093516923.pdb.gz	3.284E-01	0.254	42	4	139	140	76	214	238	147	0.971	0.584
LOKIASV2_1460_ESMFold_hypothetical_protein	MGYP002524317192.pdb.gz	MGYP002524317192.pdb.gz	4.847E-01	0.254	42	2	138	140	72	245	248	188	0.979	0.702
LOKIASV2_1460_ESMFold_hypothetical_protein	MGYP000094572138.pdb.gz	MGYP000094572138.pdb.gz	5.888E-01	0.254	42	6	139	140	189	300	306	138	0.957	0.366
LOKIASV2_1460_ESMFold_hypothetical_protein	MGYP000687689932.pdb.gz	MGYP000687689932.pdb.gz	3.739E-01	0.254	42	6	139	140	211	318	321	134	0.957	0.336
LOKIASV2_1460_ESMFold_hypothetical_protein	MGYP002869915817.pdb.gz	MGYP002869915817.pdb.gz	5.172E-01	0.254	42	4	138	140	191	315	326	145	0.964	0.383
LOKIASV2_1460_ESMFold_hypothetical_protein	MGYP003296397297.pdb.gz	MGYP003296397297.pdb.gz	1.126E+00	0.254	42	6	139	140	180	287	329	134	0.957	0.328
LOKIASV2_1460_ESMFold_hypothetical_protein	MGYP000562762520.pdb.gz	MGYP000562762520.pdb.gz	9.272E-01	0.254	42	5	135	140	215	334	337	132	0.936	0.356
LOKIASV2_1460_ESMFold_hypothetical_protein	MGYP000176121047.pdb.gz	MGYP000176121047.pdb.gz	1.282E+00	0.254	42	5	98	140	92	191	341	107	0.671	0.293
LOKIASV2_1460_ESMFold_hypothetical_protein	MGYP001062799764.pdb.gz	MGYP001062799764.pdb.gz	6.704E-01	0.254	42	1	135	140	203	335	347	144	0.964	0.383
LOKIASV2_1460_ESMFold_hypothetical_protein	MGYP001549115213.pdb.gz	MGYP001549115213.pdb.gz	6.283E-01	0.254	42	3	138	140	6	188	367	194	0.971	0.499
LOKIASV2_1460_ESMFold_hypothetical_protein	MGYP001108463951.pdb.gz	MGYP001108463951.pdb.gz	5.172E-01	0.254	42	2	138	140	197	301	390	137	0.979	0.269
LOKIASV2_1460_ESMFold_hypothetical_protein	MGYP000918777892.pdb.gz	MGYP000918777892.pdb.gz	5.888E-01	0.254	42	3	139	140	199	335	396	147	0.979	0.346
LOKIASV2_1460_ESMFold_hypothetical_protein	MGYP001810425508.pdb.gz	MGYP001810425508.pdb.gz	7.633E-01	0.254	42	6	138	140	181	311	533	140	0.950	0.246
LOKIASV2_1460_ESMFold_hypothetical_protein	MGYP001625258973.pdb.gz	MGYP001625258973.pdb.gz	3.284E-01	0.254	42	7	138	140	199	354	586	164	0.943	0.266
LOKIASV2_1460_ESMFold_hypothetical_protein	MGYP001623155015.pdb.gz	MGYP001623155015.pdb.gz	2.086E-01	0.254	42	6	133	140	223	363	608	150	0.914	0.232
LOKIASV2_1460_ESMFold_hypothetical_protein	MGYP000913129767.pdb.gz	MGYP000913129767.pdb.gz	4.847E-01	0.233	41	4	139	140	62	180	185	140	0.971	0.643
LOKIASV2_1460_ESMFold_hypothetical_protein	MGYP002710776304.pdb.gz	MGYP002710776304.pdb.gz	4.543E-01	0.233	41	1	139	140	77	209	212	144	0.993	0.627
LOKIASV2_1460_ESMFold_hypothetical_protein	MGYP001320563053.pdb.gz	MGYP001320563053.pdb.gz	5.172E-01	0.233	41	7	138	140	99	233	247	158	0.943	0.547
LOKIASV2_1460_ESMFold_hypothetical_protein	MGYP003595210486.pdb.gz	MGYP003595210486.pdb.gz	4.257E-01	0.233	41	5	139	140	72	222	282	158	0.964	0.535
LOKIASV2_1460_ESMFold_hypothetical_protein	MGYP001332344105.pdb.gz	MGYP001332344105.pdb.gz	8.690E-01	0.233	41	1	138	140	31	215	283	187	0.986	0.654
LOKIASV2_1460_ESMFold_hypothetical_protein	MGYP002627378800.pdb.gz	MGYP002627378800.pdb.gz	6.283E-01	0.233	41	1	135	140	184	314	325	147	0.964	0.403
LOKIASV2_1460_ESMFold_hypothetical_protein	MGYP003311502534.pdb.gz	MGYP003311502534.pdb.gz	4.847E-01	0.233	41	1	130	140	210	342	345	145	0.929	0.386
LOKIASV2_1460_ESMFold_hypothetical_protein	MGYP002868673884.pdb.gz	MGYP002868673884.pdb.gz	5.888E-01	0.233	41	5	138	140	194	328	354	146	0.957	0.381
LOKIASV2_1460_ESMFold_hypothetical_protein	MGYP002700279944.pdb.gz	MGYP002700279944.pdb.gz	8.144E-01	0.233	41	7	139	140	97	239	360	155	0.950	0.397
LOKIASV2_1460_ESMFold_hypothetical_protein	MGYP001242957172.pdb.gz	MGYP001242957172.pdb.gz	1.282E+00	0.233	41	6	139	140	61	193	365	140	0.957	0.364
LOKIASV2_1460_ESMFold_hypothetical_protein	MGYP003982084399.pdb.gz	MGYP003982084399.pdb.gz	4.543E-01	0.233	41	6	127	140	293	437	439	152	0.871	0.330
LOKIASV2_1460_ESMFold_hypothetical_protein	MGYP001256795709.pdb.gz	MGYP001256795709.pdb.gz	4.847E-01	0.233	41	1	139	140	208	334	450	151	0.993	0.282
LOKIASV2_1460_ESMFold_hypothetical_protein	MGYP003294556175.pdb.gz	MGYP003294556175.pdb.gz	5.888E-01	0.233	41	7	138	140	198	326	487	143	0.943	0.265
LOKIASV2_1460_ESMFold_hypothetical_protein	MGYP001201250242.pdb.gz	MGYP001201250242.pdb.gz	1.282E+00	0.214	40	2	138	140	8	160	166	162	0.979	0.922
LOKIASV2_1460_ESMFold_hypothetical_protein	MGYP003432160301.pdb.gz	MGYP003432160301.pdb.gz	6.704E-01	0.214	40	2	130	140	13	144	177	146	0.921	0.746
LOKIASV2_1460_ESMFold_hypothetical_protein	MGYP002642251341.pdb.gz	MGYP002642251341.pdb.gz	5.888E-01	0.214	40	6	138	140	19	175	184	164	0.950	0.853
LOKIASV2_1460_ESMFold_hypothetical_protein	MGYP000335376241.pdb.gz	MGYP000335376241.pdb.gz	5.888E-01	0.214	40	6	140	140	26	187	187	164	0.964	0.866
LOKIASV2_1460_ESMFold_hypothetical_protein	MGYP001098768989.pdb.gz	MGYP001098768989.pdb.gz	4.257E-01	0.214	40	1	138	140	23	167	188	154	0.986	0.771
LOKIASV2_1460_ESMFold_hypothetical_protein	MGYP000022199549.pdb.gz	MGYP000022199549.pdb.gz	8.690E-01	0.214	40	3	138	140	41	182	195	157	0.971	0.728
LOKIASV2_1460_ESMFold_hypothetical_protein	MGYP001496515660.pdb.gz	MGYP001496515660.pdb.gz	4.257E-01	0.214	40	6	135	140	8	142	212	148	0.929	0.637
LOKIASV2_1460_ESMFold_hypothetical_protein	MGYP004002433907.pdb.gz	MGYP004002433907.pdb.gz	6.704E-01	0.214	40	2	139	140	94	241	245	155	0.986	0.604
LOKIASV2_1460_ESMFold_hypothetical_protein	MGYP001545953511.pdb.gz	MGYP001545953511.pdb.gz	6.283E-01	0.214	40	6	139	140	57	226	249	175	0.957	0.683
LOKIASV2_1460_ESMFold_hypothetical_protein	MGYP003578415915.pdb.gz	MGYP003578415915.pdb.gz	4.847E-01	0.214	40	6	135	140	118	243	251	138	0.929	0.502
LOKIASV2_1460_ESMFold_hypothetical_protein	MGYP000509872510.pdb.gz	MGYP000509872510.pdb.gz	4.847E-01	0.214	40	6	133	140	110	228	301	132	0.914	0.395
LOKIASV2_1460_ESMFold_hypothetical_protein	MGYP003958864779.pdb.gz	MGYP003958864779.pdb.gz	4.257E-01	0.214	40	4	133	140	112	247	447	150	0.929	0.304
LOKIASV2_1460_ESMFold_hypothetical_protein	MGYP001280885253.pdb.gz	MGYP001280885253.pdb.gz	1.282E+00	0.214	40	2	139	140	219	393	597	177	0.986	0.293
LOKIASV2_1460_ESMFold_hypothetical_protein	MGYP001499943278.pdb.gz	MGYP001499943278.pdb.gz	1.558E+00	0.196	39	7	134	140	14	150	168	137	0.914	0.815
LOKIASV2_1460_ESMFold_hypothetical_protein	MGYP001556154980.pdb.gz	MGYP001556154980.pdb.gz	7.633E-01	0.196	39	6	140	140	27	184	184	162	0.964	0.859
LOKIASV2_1460_ESMFold_hypothetical_protein	MGYP002705944039.pdb.gz	MGYP002705944039.pdb.gz	5.888E-01	0.196	39	4	135	140	71	192	198	138	0.943	0.616
LOKIASV2_1460_ESMFold_hypothetical_protein	MGYP002750589425.pdb.gz	MGYP002750589425.pdb.gz	5.008E+00	0.196	39	20	138	140	18	135	201	122	0.850	0.587
LOKIASV2_1460_ESMFold_hypothetical_protein	MGYP001323340943.pdb.gz	MGYP001323340943.pdb.gz	6.704E-01	0.196	39	6	135	140	50	200	207	160	0.929	0.729
LOKIASV2_1460_ESMFold_hypothetical_protein	MGYP002523429377.pdb.gz	MGYP002523429377.pdb.gz	7.153E-01	0.196	39	6	135	140	29	151	219	149	0.929	0.562
LOKIASV2_1460_ESMFold_hypothetical_protein	MGYP001589758959.pdb.gz	MGYP001589758959.pdb.gz	9.272E-01	0.196	39	6	138	140	79	217	225	151	0.950	0.618
LOKIASV2_1460_ESMFold_hypothetical_protein	MGYP003949654475.pdb.gz	MGYP003949654475.pdb.gz	1.893E+00	0.196	39	6	139	140	110	234	240	140	0.957	0.521
LOKIASV2_1460_ESMFold_hypothetical_protein	MGYP001572104081.pdb.gz	MGYP001572104081.pdb.gz	1.202E+00	0.196	39	4	85	140	4	94	254	97	0.586	0.358
LOKIASV2_1460_ESMFold_hypothetical_protein	MGYP002627209950.pdb.gz	MGYP002627209950.pdb.gz	9.894E-01	0.196	39	6	134	140	86	193	291	131	0.921	0.371
LOKIASV2_1460_ESMFold_hypothetical_protein	MGYP000181993256.pdb.gz	MGYP000181993256.pdb.gz	7.633E-01	0.196	39	6	139	140	191	303	312	135	0.957	0.362
LOKIASV2_1460_ESMFold_hypothetical_protein	MGYP000884690933.pdb.gz	MGYP000884690933.pdb.gz	6.283E-01	0.196	39	5	138	140	200	311	321	137	0.957	0.349
LOKIASV2_1460_ESMFold_hypothetical_protein	MGYP002627382352.pdb.gz	MGYP002627382352.pdb.gz	1.202E+00	0.196	39	6	138	140	124	248	324	141	0.950	0.386
LOKIASV2_1460_ESMFold_hypothetical_protein	MGYP000159174863.pdb.gz	MGYP000159174863.pdb.gz	1.460E+00	0.196	39	1	131	140	229	354	360	139	0.936	0.350
LOKIASV2_1460_ESMFold_hypothetical_protein	MGYP001321013406.pdb.gz	MGYP001321013406.pdb.gz	9.272E-01	0.196	39	6	135	140	25	155	395	136	0.929	0.332
LOKIASV2_1460_ESMFold_hypothetical_protein	MGYP000332463569.pdb.gz	MGYP000332463569.pdb.gz	3.990E-01	0.196	39	6	135	140	127	252	402	142	0.929	0.313
LOKIASV2_1460_ESMFold_hypothetical_protein	MGYP001001733556.pdb.gz	MGYP001001733556.pdb.gz	8.144E-01	0.196	39	5	138	140	39	190	463	156	0.957	0.328
LOKIASV2_1460_ESMFold_hypothetical_protein	MGYP000099782822.pdb.gz	MGYP000099782822.pdb.gz	1.368E+00	0.196	39	2	137	140	239	355	518	141	0.971	0.226
LOKIASV2_1460_ESMFold_hypothetical_protein	MGYP000315037068.pdb.gz	MGYP000315037068.pdb.gz	7.633E-01	0.196	39	4	134	140	203	368	732	172	0.936	0.227
LOKIASV2_1460_ESMFold_hypothetical_protein	MGYP001599568484.pdb.gz	MGYP001599568484.pdb.gz	1.056E+00	0.179	38	5	139	140	8	150	172	156	0.964	0.831
LOKIASV2_1460_ESMFold_hypothetical_protein	MGYP001253608677.pdb.gz	MGYP001253608677.pdb.gz	8.690E-01	0.179	38	5	134	140	37	152	186	131	0.929	0.624
LOKIASV2_1460_ESMFold_hypothetical_protein	MGYP004006897051.pdb.gz	MGYP004006897051.pdb.gz	3.284E-01	0.179	38	6	138	140	27	181	188	167	0.950	0.824
LOKIASV2_1460_ESMFold_hypothetical_protein	MGYP003694239281.pdb.gz	MGYP003694239281.pdb.gz	5.172E-01	0.179	38	1	135	140	72	203	206	151	0.964	0.641
LOKIASV2_1460_ESMFold_hypothetical_protein	MGYP000864646238.pdb.gz	MGYP000864646238.pdb.gz	1.282E+00	0.179	38	5	138	140	2	146	213	152	0.957	0.681
LOKIASV2_1460_ESMFold_hypothetical_protein	MGYP000358978200.pdb.gz	MGYP000358978200.pdb.gz	1.460E+00	0.179	38	6	139	140	50	177	245	144	0.957	0.522
LOKIASV2_1460_ESMFold_hypothetical_protein	MGYP001450167486.pdb.gz	MGYP001450167486.pdb.gz	1.126E+00	0.179	38	7	138	140	106	226	259	137	0.943	0.467
LOKIASV2_1460_ESMFold_hypothetical_protein	MGYP001825757691.pdb.gz	MGYP001825757691.pdb.gz	1.558E+00	0.179	38	6	137	140	133	258	259	140	0.943	0.486
LOKIASV2_1460_ESMFold_hypothetical_protein	MGYP000184367107.pdb.gz	MGYP000184367107.pdb.gz	7.633E-01	0.179	38	3	126	140	85	215	270	138	0.886	0.485
LOKIASV2_1460_ESMFold_hypothetical_protein	MGYP002735071494.pdb.gz	MGYP002735071494.pdb.gz	2.618E+00	0.179	38	3	76	140	2	80	322	86	0.529	0.245
LOKIASV2_1460_ESMFold_hypothetical_protein	MGYP000488718762.pdb.gz	MGYP000488718762.pdb.gz	1.460E+00	0.179	38	1	139	140	176	322	344	153	0.993	0.427
LOKIASV2_1460_ESMFold_hypothetical_protein	MGYP000739976022.pdb.gz	MGYP000739976022.pdb.gz	8.690E-01	0.179	38	2	138	140	247	384	421	155	0.979	0.328
LOKIASV2_1460_ESMFold_hypothetical_protein	MGYP002682049149.pdb.gz	MGYP002682049149.pdb.gz	1.460E+00	0.179	38	5	139	140	31	167	448	149	0.964	0.306
LOKIASV2_1460_ESMFold_hypothetical_protein	MGYP001574526505.pdb.gz	MGYP001574526505.pdb.gz	1.558E+00	0.179	38	1	138	140	206	345	457	148	0.986	0.306
LOKIASV2_1460_ESMFold_hypothetical_protein	MGYP001430084677.pdb.gz	MGYP001430084677.pdb.gz	1.368E+00	0.179	38	6	128	140	80	187	477	123	0.879	0.226
LOKIASV2_1460_ESMFold_hypothetical_protein	MGYP003667554040.pdb.gz	MGYP003667554040.pdb.gz	8.690E-01	0.179	38	6	138	140	216	339	523	141	0.950	0.237
LOKIASV2_1460_ESMFold_hypothetical_protein	MGYP000031721380.pdb.gz	MGYP000031721380.pdb.gz	8.144E-01	0.164	37	1	139	140	15	156	169	161	0.993	0.840
LOKIASV2_1460_ESMFold_hypothetical_protein	MGYP001243188266.pdb.gz	MGYP001243188266.pdb.gz	1.662E+00	0.164	37	2	135	140	75	202	203	138	0.957	0.631
LOKIASV2_1460_ESMFold_hypothetical_protein	MGYP003307575571.pdb.gz	MGYP003307575571.pdb.gz	7.153E-01	0.164	37	6	139	140	77	207	211	143	0.957	0.621
LOKIASV2_1460_ESMFold_hypothetical_protein	MGYP000253485528.pdb.gz	MGYP000253485528.pdb.gz	1.202E+00	0.164	37	6	139	140	22	180	231	167	0.957	0.688
LOKIASV2_1460_ESMFold_hypothetical_protein	MGYP001262149278.pdb.gz	MGYP001262149278.pdb.gz	7.153E-01	0.164	37	1	135	140	123	248	251	147	0.964	0.502
LOKIASV2_1460_ESMFold_hypothetical_protein	MGYP002781323884.pdb.gz	MGYP002781323884.pdb.gz	1.126E+00	0.164	37	2	139	140	176	326	356	159	0.986	0.424
LOKIASV2_1460_ESMFold_hypothetical_protein	MGYP003495773634.pdb.gz	MGYP003495773634.pdb.gz	5.701E+00	0.164	37	1	76	140	122	197	361	80	0.543	0.211
LOKIASV2_1460_ESMFold_hypothetical_protein	MGYP001405708081.pdb.gz	MGYP001405708081.pdb.gz	9.272E-01	0.164	37	5	134	140	64	185	401	133	0.929	0.304
LOKIASV2_1460_ESMFold_hypothetical_protein	MGYP000880148132.pdb.gz	MGYP000880148132.pdb.gz	1.774E+00	0.164	37	6	138	140	199	365	402	173	0.950	0.415
LOKIASV2_1460_ESMFold_hypothetical_protein	MGYP002516786574.pdb.gz	MGYP002516786574.pdb.gz	1.126E+00	0.164	37	5	139	140	195	327	635	146	0.964	0.209
LOKIASV2_1460_ESMFold_hypothetical_protein	MGYP001594057448.pdb.gz	MGYP001594057448.pdb.gz	1.126E+00	0.150	36	6	138	140	10	141	181	147	0.950	0.729
LOKIASV2_1460_ESMFold_hypothetical_protein	MGYP001548256003.pdb.gz	MGYP001548256003.pdb.gz	1.126E+00	0.150	36	2	138	140	20	162	185	155	0.979	0.773
LOKIASV2_1460_ESMFold_hypothetical_protein	MGYP002523975075.pdb.gz	MGYP002523975075.pdb.gz	1.558E+00	0.150	36	6	138	140	5	144	188	147	0.950	0.745
LOKIASV2_1460_ESMFold_hypothetical_protein	MGYP001597173161.pdb.gz	MGYP001597173161.pdb.gz	2.618E+00	0.150	36	6	111	140	82	188	189	109	0.757	0.566
LOKIASV2_1460_ESMFold_hypothetical_protein	MGYP000344177865.pdb.gz	MGYP000344177865.pdb.gz	1.202E+00	0.150	36	34	140	140	128	221	221	107	0.764	0.425
LOKIASV2_1460_ESMFold_hypothetical_protein	MGYP002153745960.pdb.gz	MGYP002153745960.pdb.gz	1.893E+00	0.150	36	4	95	140	221	312	313	98	0.657	0.294
LOKIASV2_1460_ESMFold_hypothetical_protein	MGYP001381359675.pdb.gz	MGYP001381359675.pdb.gz	2.155E+00	0.150	36	6	138	140	251	412	416	166	0.950	0.389
LOKIASV2_1460_ESMFold_hypothetical_protein	MGYP000473965945.pdb.gz	MGYP000473965945.pdb.gz	4.543E-01	0.150	36	7	138	140	215	356	497	147	0.943	0.286
LOKIASV2_1460_ESMFold_hypothetical_protein	MGYP001412597696.pdb.gz	MGYP001412597696.pdb.gz	8.144E-01	0.150	36	1	138	140	204	396	598	194	0.986	0.323
LOKIASV2_1460_ESMFold_hypothetical_protein	MGYP001452057559.pdb.gz	MGYP001452057559.pdb.gz	1.893E+00	0.138	35	6	138	140	20	134	139	137	0.950	0.827
LOKIASV2_1460_ESMFold_hypothetical_protein	MGYP000403120432.pdb.gz	MGYP000403120432.pdb.gz	9.272E-01	0.138	35	1	138	140	18	165	187	161	0.986	0.791
LOKIASV2_1460_ESMFold_hypothetical_protein	MGYP001552943827.pdb.gz	MGYP001552943827.pdb.gz	7.633E-01	0.138	35	1	139	140	99	227	239	149	0.993	0.540
LOKIASV2_1460_ESMFold_hypothetical_protein	MGYP001591347027.pdb.gz	MGYP001591347027.pdb.gz	1.368E+00	0.138	35	5	135	140	143	271	272	138	0.936	0.474
LOKIASV2_1460_ESMFold_hypothetical_protein	MGYP000402578905.pdb.gz	MGYP000402578905.pdb.gz	1.558E+00	0.138	35	6	135	140	72	199	316	142	0.929	0.405
LOKIASV2_1460_ESMFold_hypothetical_protein	MGYP001182234331.pdb.gz	MGYP001182234331.pdb.gz	2.618E+00	0.138	35	4	139	140	198	368	377	176	0.971	0.454
LOKIASV2_1460_ESMFold_hypothetical_protein	MGYP001350334235.pdb.gz	MGYP001350334235.pdb.gz	2.299E+00	0.138	35	7	132	140	92	250	483	164	0.900	0.329
LOKIASV2_1460_ESMFold_hypothetical_protein	MGYP001119289965.pdb.gz	MGYP001119289965.pdb.gz	2.155E+00	0.138	35	6	135	140	220	360	539	149	0.929	0.262
LOKIASV2_1460_ESMFold_hypothetical_protein	MGYP001340028008.pdb.gz	MGYP001340028008.pdb.gz	2.299E+00	0.138	35	6	138	140	159	331	541	179	0.950	0.320
LOKIASV2_1460_ESMFold_hypothetical_protein	MGYP001563584129.pdb.gz	MGYP001563584129.pdb.gz	1.460E+00	0.126	34	1	138	140	52	185	205	153	0.986	0.654
LOKIASV2_1460_ESMFold_hypothetical_protein	MGYP000245784964.pdb.gz	MGYP000245784964.pdb.gz	6.704E-01	0.126	34	6	135	140	76	194	239	143	0.929	0.498
LOKIASV2_1460_ESMFold_hypothetical_protein	MGYP001419369771.pdb.gz	MGYP001419369771.pdb.gz	1.460E+00	0.126	34	6	139	140	94	235	250	152	0.957	0.568
LOKIASV2_1460_ESMFold_hypothetical_protein	MGYP003613120539.pdb.gz	MGYP003613120539.pdb.gz	1.893E+00	0.126	34	2	138	140	15	136	271	153	0.979	0.450
LOKIASV2_1460_ESMFold_hypothetical_protein	MGYP000716100753.pdb.gz	MGYP000716100753.pdb.gz	2.299E+00	0.126	34	7	135	140	2	121	332	133	0.921	0.361
LOKIASV2_1460_ESMFold_hypothetical_protein	MGYP002639420311.pdb.gz	MGYP002639420311.pdb.gz	1.202E+00	0.126	34	5	135	140	67	183	399	141	0.936	0.293
LOKIASV2_1460_ESMFold_hypothetical_protein	MGYP002522474978.pdb.gz	MGYP002522474978.pdb.gz	1.368E+00	0.126	34	6	139	140	35	162	401	142	0.957	0.319
LOKIASV2_1460_ESMFold_hypothetical_protein	MGYP000939433662.pdb.gz	MGYP000939433662.pdb.gz	4.847E-01	0.126	34	6	138	140	242	397	405	166	0.950	0.385
LOKIASV2_1460_ESMFold_hypothetical_protein	MGYP001363666499.pdb.gz	MGYP001363666499.pdb.gz	2.793E+00	0.116	33	34	98	140	70	142	143	73	0.464	0.510
LOKIASV2_1460_ESMFold_hypothetical_protein	MGYP000871703529.pdb.gz	MGYP000871703529.pdb.gz	2.618E+00	0.116	33	6	134	140	63	224	245	163	0.921	0.661
LOKIASV2_1460_ESMFold_hypothetical_protein	MGYP000936494932.pdb.gz	MGYP000936494932.pdb.gz	2.019E+00	0.116	33	20	137	140	4	122	247	123	0.843	0.482
LOKIASV2_1460_ESMFold_hypothetical_protein	MGYP000057476902.pdb.gz	MGYP000057476902.pdb.gz	2.453E+00	0.116	33	1	138	140	41	177	293	148	0.986	0.468
LOKIASV2_1460_ESMFold_hypothetical_protein	MGYP000963956166.pdb.gz	MGYP000963956166.pdb.gz	8.690E-01	0.116	33	2	139	140	82	290	293	216	0.986	0.713
LOKIASV2_1460_ESMFold_hypothetical_protein	MGYP001203260517.pdb.gz	MGYP001203260517.pdb.gz	3.621E+00	0.116	33	6	135	140	15	152	329	148	0.929	0.419
LOKIASV2_1460_ESMFold_hypothetical_protein	MGYP002356048858.pdb.gz	MGYP002356048858.pdb.gz	9.894E-01	0.116	33	6	138	140	154	303	342	161	0.950	0.439
LOKIASV2_1460_ESMFold_hypothetical_protein	MGYP000653767518.pdb.gz	MGYP000653767518.pdb.gz	1.774E+00	0.106	32	52	138	140	89	164	203	88	0.621	0.374
LOKIASV2_1460_ESMFold_hypothetical_protein	MGYP001217558292.pdb.gz	MGYP001217558292.pdb.gz	1.460E+00	0.106	32	5	100	140	116	208	208	111	0.686	0.447
LOKIASV2_1460_ESMFold_hypothetical_protein	MGYP002607264515.pdb.gz	MGYP002607264515.pdb.gz	3.180E+00	0.106	32	3	139	140	78	208	235	150	0.979	0.557
LOKIASV2_1460_ESMFold_hypothetical_protein	MGYP001066521707.pdb.gz	MGYP001066521707.pdb.gz	2.793E+00	0.106	32	6	135	140	78	196	269	135	0.929	0.442
LOKIASV2_1460_ESMFold_hypothetical_protein	MGYP003669175470.pdb.gz	MGYP003669175470.pdb.gz	5.008E+00	0.106	32	3	85	140	5	90	310	98	0.593	0.277
LOKIASV2_1460_ESMFold_hypothetical_protein	MGYP003183810717.pdb.gz	MGYP003183810717.pdb.gz	8.144E-01	0.106	32	7	129	140	208	323	354	136	0.879	0.328
LOKIASV2_1460_ESMFold_hypothetical_protein	MGYP000268180053.pdb.gz	MGYP000268180053.pdb.gz	2.793E+00	0.106	32	1	139	140	223	361	416	152	0.993	0.334
LOKIASV2_1460_ESMFold_hypothetical_protein	MGYP001281143127.pdb.gz	MGYP001281143127.pdb.gz	2.299E+00	0.106	32	6	139	140	205	334	547	146	0.957	0.238
LOKIASV2_1460_ESMFold_hypothetical_protein	MGYP000297472723.pdb.gz	MGYP000297472723.pdb.gz	3.393E+00	0.106	32	7	139	140	2	109	599	135	0.950	0.180
LOKIASV2_1460_ESMFold_hypothetical_protein	MGYP000443859926.pdb.gz	MGYP000443859926.pdb.gz	1.774E+00	0.098	31	6	135	140	36	191	195	158	0.929	0.800
LOKIASV2_1460_ESMFold_hypothetical_protein	MGYP003335930376.pdb.gz	MGYP003335930376.pdb.gz	3.180E+00	0.098	31	6	140	140	48	197	197	156	0.964	0.761
LOKIASV2_1460_ESMFold_hypothetical_protein	MGYP000978797725.pdb.gz	MGYP000978797725.pdb.gz	3.863E+00	0.098	31	58	139	140	84	162	270	82	0.586	0.293
LOKIASV2_1460_ESMFold_hypothetical_protein	MGYP003591810947.pdb.gz	MGYP003591810947.pdb.gz	1.558E+00	0.098	31	4	138	140	77	194	396	144	0.964	0.298
LOKIASV2_1460_ESMFold_hypothetical_protein	MGYP003675479949.pdb.gz	MGYP003675479949.pdb.gz	2.453E+00	0.098	31	7	135	140	63	164	410	130	0.921	0.249
LOKIASV2_1460_ESMFold_hypothetical_protein	MGYP001303759643.pdb.gz	MGYP001303759643.pdb.gz	2.793E+00	0.098	31	52	138	140	217	289	455	87	0.621	0.160
LOKIASV2_1460_ESMFold_hypothetical_protein	MGYP002709734573.pdb.gz	MGYP002709734573.pdb.gz	2.155E+00	0.098	31	6	135	140	79	257	490	186	0.929	0.365
LOKIASV2_1460_ESMFold_hypothetical_protein	MGYP003515494932.pdb.gz	MGYP003515494932.pdb.gz	3.621E+00	0.090	30	52	139	140	87	165	178	90	0.629	0.444
LOKIASV2_1460_ESMFold_hypothetical_protein	MGYP000894014276.pdb.gz	MGYP000894014276.pdb.gz	4.398E+00	0.090	30	1	139	140	22	166	265	151	0.993	0.547
LOKIASV2_1460_ESMFold_hypothetical_protein	MGYP001412468328.pdb.gz	MGYP001412468328.pdb.gz	1.460E+00	0.090	30	52	135	140	266	352	361	87	0.600	0.241
LOKIASV2_1460_ESMFold_hypothetical_protein	MGYP001191855883.pdb.gz	MGYP001191855883.pdb.gz	2.793E+00	0.090	30	2	138	140	218	348	518	146	0.979	0.253
LOKIASV2_1460_ESMFold_hypothetical_protein	MGYP000231474661.pdb.gz	MGYP000231474661.pdb.gz	2.793E+00	0.082	29	1	139	140	24	175	181	166	0.993	0.840
LOKIASV2_1460_ESMFold_hypothetical_protein	MGYP003544063167.pdb.gz	MGYP003544063167.pdb.gz	5.008E+00	0.076	28	48	138	140	79	162	174	96	0.650	0.483
LOKIASV2_1460_ESMFold_hypothetical_protein	MGYP001098299599.pdb.gz	MGYP001098299599.pdb.gz	3.393E+00	0.076	28	5	138	140	10	132	181	150	0.957	0.680
LOKIASV2_1460_ESMFold_hypothetical_protein	MGYP001769729064.pdb.gz	MGYP001769729064.pdb.gz	7.885E+00	0.076	28	1	139	140	1	126	261	142	0.993	0.483
LOKIASV2_1460_ESMFold_hypothetical_protein	MGYP001769722959.pdb.gz	MGYP001769722959.pdb.gz	3.180E+00	0.076	28	40	132	140	55	149	262	95	0.664	0.363
LOKIASV2_1460_ESMFold_hypothetical_protein	MGYP001380850144.pdb.gz	MGYP001380850144.pdb.gz	2.793E+00	0.076	28	5	138	140	121	282	318	173	0.957	0.509
LOKIASV2_1460_ESMFold_hypothetical_protein	MGYP000979726412.pdb.gz	MGYP000979726412.pdb.gz	6.926E+00	0.076	28	6	139	140	191	332	338	152	0.957	0.420
LOKIASV2_1460_ESMFold_hypothetical_protein	MGYP000042752572.pdb.gz	MGYP000042752572.pdb.gz	2.793E+00	0.069	27	6	136	140	23	162	176	154	0.936	0.795
LOKIASV2_1460_ESMFold_hypothetical_protein	MGYP000946484548.pdb.gz	MGYP000946484548.pdb.gz	3.180E+00	0.069	27	6	132	140	75	197	207	142	0.907	0.594
LOKIASV2_1460_ESMFold_hypothetical_protein	MGYP001171549270.pdb.gz	MGYP001171549270.pdb.gz	3.621E+00	0.069	27	6	139	140	77	214	224	161	0.957	0.616
LOKIASV2_1460_ESMFold_hypothetical_protein	MGYP003988787905.pdb.gz	MGYP003988787905.pdb.gz	3.863E+00	0.069	27	1	135	140	116	254	314	155	0.964	0.443
LOKIASV2_1460_ESMFold_hypothetical_protein	MGYP003591491911.pdb.gz	MGYP003591491911.pdb.gz	4.122E+00	0.063	26	1	138	140	166	309	416	158	0.986	0.346
LOKIASV2_1460_ESMFold_hypothetical_protein	MGYP001164789526.pdb.gz	MGYP001164789526.pdb.gz	5.008E+00	0.063	26	20	135	140	91	192	453	117	0.829	0.225
LOKIASV2_1460_ESMFold_hypothetical_protein	MGYP001235104628.pdb.gz	MGYP001235104628.pdb.gz	6.083E+00	0.057	25	5	137	140	52	173	174	144	0.950	0.701
LOKIASV2_1460_ESMFold_hypothetical_protein	MGYP000199597850.pdb.gz	MGYP000199597850.pdb.gz	2.453E+00	0.057	25	48	138	140	102	189	200	97	0.650	0.440
LOKIASV2_1460_ESMFold_hypothetical_protein	MGYP001313696324.pdb.gz	MGYP001313696324.pdb.gz	4.693E+00	0.057	25	2	139	140	36	176	229	165	0.986	0.616
LOKIASV2_1460_ESMFold_hypothetical_protein	MGYP003693539427.pdb.gz	MGYP003693539427.pdb.gz	8.978E+00	0.057	25	7	137	140	216	332	477	137	0.936	0.245
LOKIASV2_1460_ESMFold_hypothetical_protein	MGYP001347549929.pdb.gz	MGYP001347549929.pdb.gz	6.083E+00	0.051	24	1	138	140	26	160	170	153	0.986	0.794
LOKIASV2_1460_ESMFold_hypothetical_protein	MGYP000849055606.pdb.gz	MGYP000849055606.pdb.gz	8.414E+00	0.051	24	58	138	140	94	162	192	81	0.579	0.359
LOKIASV2_1460_ESMFold_hypothetical_protein	MGYP001766183751.pdb.gz	MGYP001766183751.pdb.gz	8.414E+00	0.051	24	1	138	140	63	200	212	148	0.986	0.651
LOKIASV2_1460_ESMFold_hypothetical_protein	MGYP001006326744.pdb.gz	MGYP001006326744.pdb.gz	4.122E+00	0.051	24	58	140	140	149	231	392	86	0.593	0.212
LOKIASV2_1460_ESMFold_hypothetical_protein	MGYP001554714933.pdb.gz	MGYP001554714933.pdb.gz	6.926E+00	0.045	23	1	138	140	9	156	235	159	0.986	0.630
LOKIASV2_1460_ESMFold_hypothetical_protein	MGYP002788099026.pdb.gz	MGYP002788099026.pdb.gz	4.122E+00	0.040	22	3	138	140	12	245	278	237	0.971	0.842
LOKIASV2_1460_ESMFold_hypothetical_protein	MGYP000334656176.pdb.gz	MGYP000334656176.pdb.gz	7.885E+00	0.034	21	1	135	140	1	145	161	161	0.964	0.901
LOKIASV2_1460_ESMFold_hypothetical_protein	MGYP001362371386.pdb.gz	MGYP001362371386.pdb.gz	7.885E+00	0.034	21	18	139	140	113	223	346	126	0.871	0.321
LOKIASV2_1460_ESMFold_hypothetical_protein	MGYP000184256538.pdb.gz	MGYP000184256538.pdb.gz	6.491E+00	0.034	21	6	127	140	314	457	460	155	0.871	0.313
LOKIASV2_1460_ESMFold_hypothetical_protein	ProtVar_O00203_Q9BXS5_B	ProtVar_O00203_Q9BXS5_B 	5.120E-06	1.000	168	2	126	140	1	114	423	125	0.893	0.270
LOKIASV2_1460_ESMFold_hypothetical_protein	LevyLab_Q9BT04_V1_4_relaxed_A	LevyLab_Q9BT04_V1_4_relaxed_A 	3.359E-05	1.000	155	6	118	140	11	127	418	121	0.807	0.280
LOKIASV2_1460_ESMFold_hypothetical_protein	ProtVar_P56377_Q9Y6Q5-2_B	ProtVar_P56377_Q9Y6Q5-2_B 	1.445E-05	1.000	154	2	127	140	1	115	425	126	0.900	0.271
LOKIASV2_1460_ESMFold_hypothetical_protein	ProtVar_P10147_Q7L1V2_B	ProtVar_P10147_Q7L1V2_B 	1.229E-04	1.000	150	2	127	140	107	234	547	132	0.900	0.234
LOKIASV2_1460_ESMFold_hypothetical_protein	ProtVar_P53677_Q8N3E9_A	ProtVar_P53677_Q8N3E9_A 	8.329E-05	1.000	143	4	107	140	2	105	418	108	0.743	0.249
LOKIASV2_1460_ESMFold_hypothetical_protein	ProtVar_P33681_Q9Y2T2_B	ProtVar_P33681_Q9Y2T2_B 	2.204E-04	1.000	142	4	100	140	2	94	418	97	0.693	0.222
LOKIASV2_1460_ESMFold_hypothetical_protein	ProtVar_P08240_P18621_A	ProtVar_P08240_P18621_A 	3.048E-04	1.000	133	4	134	140	2	129	638	135	0.936	0.201
LOKIASV2_1460_ESMFold_hypothetical_protein	ProtVar_P86791_Q86VX9_B	ProtVar_P86791_Q86VX9_B 	3.951E-04	1.000	133	5	96	140	252	340	652	94	0.657	0.137
LOKIASV2_1460_ESMFold_hypothetical_protein	ProtVar_Q9UPM8_Q9Y587-2_B	ProtVar_Q9UPM8_Q9Y587-2_B 	1.080E-04	1.000	130	4	105	140	2	103	159	107	0.729	0.642
LOKIASV2_1460_ESMFold_hypothetical_protein	ProtVar_O00189_Q7Z698_A	ProtVar_O00189_Q7Z698_A 	1.080E-04	1.000	130	4	109	140	2	107	453	114	0.757	0.234
LOKIASV2_1460_ESMFold_hypothetical_protein	ProtVar_Q8WUJ0_Q9Y2Q5-2_B	ProtVar_Q8WUJ0_Q9Y2Q5-2_B 	1.080E-04	1.000	129	3	79	140	18	98	150	84	0.550	0.540
LOKIASV2_1460_ESMFold_hypothetical_protein	ProtVar_Q6PD74_Q96PC3-4_B	ProtVar_Q6PD74_Q96PC3-4_B 	2.133E-05	1.000	129	4	132	140	2	149	154	151	0.921	0.961
LOKIASV2_1460_ESMFold_hypothetical_protein	ModelArchive_ma-bak-cepc-0377_B	ModelArchive_ma-bak-cepc-0377_B Predicted interaction between APL2 and APM1 Predicted interaction between APL2 and APM1	2.677E-04	1.000	129	4	108	140	2	108	475	110	0.750	0.225
LOKIASV2_1460_ESMFold_hypothetical_protein	LevyLab_Q9Y5R8_V1_4_relaxed_A	LevyLab_Q9Y5R8_V1_4_relaxed_A 	3.703E-04	1.000	124	2	98	140	1	107	145	110	0.693	0.738
LOKIASV2_1460_ESMFold_hypothetical_protein	ProtVar_P54619_Q96PC3_B	ProtVar_P54619_Q96PC3_B 	6.426E-05	1.000	124	4	140	140	2	154	154	156	0.979	0.994
LOKIASV2_1460_ESMFold_hypothetical_protein	ProtVar_Q96GS4_Q9Y2Q5_A	ProtVar_Q96GS4_Q9Y2Q5_A 	3.252E-04	1.000	123	3	91	140	18	113	125	99	0.636	0.768
LOKIASV2_1460_ESMFold_hypothetical_protein	ModelArchive_ma-bak-cepc-0302_A	ModelArchive_ma-bak-cepc-0302_A Predicted interaction between TCA17 and TRS130 Predicted interaction between TCA17 and TRS130	7.806E-05	1.000	123	2	126	140	1	145	152	147	0.893	0.954
LOKIASV2_1460_ESMFold_hypothetical_protein	ProtVar_O14579_Q9P299_B	ProtVar_O14579_Q9P299_B 	4.354E-05	1.000	122	4	132	140	46	204	210	167	0.921	0.757
LOKIASV2_1460_ESMFold_hypothetical_protein	ProtVar_Q6PD74_Q96PC3-2_B	ProtVar_Q6PD74_Q96PC3-2_B 	5.289E-05	1.000	121	4	128	140	2	145	164	147	0.893	0.878
LOKIASV2_1460_ESMFold_hypothetical_protein	LevyLab_O43504_V1_1_relaxed_A	LevyLab_O43504_V1_1_relaxed_A 	5.464E-04	1.000	118	3	76	140	17	88	91	78	0.529	0.791
LOKIASV2_1460_ESMFold_hypothetical_protein	LevyLab_Q03630_V1_3_relaxed_A	LevyLab_Q03630_V1_3_relaxed_A 	4.498E-04	1.000	118	2	101	140	1	116	159	120	0.714	0.730
LOKIASV2_1460_ESMFold_hypothetical_protein	ProtVar_O75143_Q9UHA4_B	ProtVar_O75143_Q9UHA4_B 	6.638E-04	1.000	117	3	98	140	18	116	124	103	0.686	0.798
LOKIASV2_1460_ESMFold_hypothetical_protein	ProtVar_O43493_Q96CW1_B	ProtVar_O43493_Q96CW1_B 	3.703E-04	1.000	116	4	108	140	2	105	435	111	0.750	0.239
LOKIASV2_1460_ESMFold_hypothetical_protein	ProtVar_P37173_P61966-2_B	ProtVar_P37173_P61966-2_B 	4.216E-04	1.000	115	4	123	140	2	115	133	127	0.857	0.857
LOKIASV2_1460_ESMFold_hypothetical_protein	ProtVar_O75396_P48444_B	ProtVar_O75396_P48444_B 	1.936E-04	1.000	111	2	138	140	1	152	511	160	0.979	0.297
LOKIASV2_1460_ESMFold_hypothetical_protein	ProtVar_O00189_Q9Y587_A	ProtVar_O00189_Q9Y587_A 	1.936E-04	1.000	110	4	130	140	2	143	144	148	0.907	0.986
LOKIASV2_1460_ESMFold_hypothetical_protein	ProtVar_O75843_Q9DB50_B	ProtVar_O75843_Q9DB50_B 	1.593E-04	1.000	109	4	139	140	1	153	160	159	0.971	0.956
LOKIASV2_1460_ESMFold_hypothetical_protein	ModelArchive_ma-bak-cepc-0369_A	ModelArchive_ma-bak-cepc-0369_A Predicted interaction between APS1 and APL4 Predicted interaction between APS1 and APL4	2.065E-04	1.000	107	1	133	140	1	155	156	162	0.950	0.994
LOKIASV2_1460_ESMFold_hypothetical_protein	ProtVar_A2RU67_O75396_B	ProtVar_A2RU67_O75396_B 	1.270E-03	1.000	106	4	136	140	2	138	215	140	0.950	0.637
LOKIASV2_1460_ESMFold_hypothetical_protein	ProtVar_P09622_P61923_B	ProtVar_P09622_P61923_B 	2.204E-04	1.000	105	3	136	140	12	175	177	169	0.957	0.927
LOKIASV2_1460_ESMFold_hypothetical_protein	ProtVar_O14662_Q96IW7_B	ProtVar_O14662_Q96IW7_B 	2.277E-03	1.000	104	4	104	140	4	102	307	104	0.721	0.322
LOKIASV2_1460_ESMFold_hypothetical_protein	ProtVar_Q92902_Q9NQG7_B	ProtVar_Q92902_Q9NQG7_B 	2.000E-03	1.000	103	3	115	140	14	146	708	137	0.807	0.188
LOKIASV2_1460_ESMFold_hypothetical_protein	ProtVar_O94973_P56377_B	ProtVar_O94973_P56377_B 	3.470E-04	1.000	100	4	140	140	1	157	157	163	0.979	1.000
LOKIASV2_1460_ESMFold_hypothetical_protein	ModelArchive_ma-bak-cepc-0864_B	ModelArchive_ma-bak-cepc-0864_B Predicted interaction between BET5 and TRS23 Predicted interaction between BET5 and TRS23	3.360E-03	0.999	98	2	99	140	1	189	219	190	0.700	0.863
LOKIASV2_1460_ESMFold_hypothetical_protein	ProtVar_Q92902_Q9NQG7_A	ProtVar_Q92902_Q9NQG7_A 	2.277E-03	0.999	98	6	116	140	3	133	700	136	0.793	0.187
LOKIASV2_1460_ESMFold_hypothetical_protein	ModelArchive_ma-bak-cepc-0331_B	ModelArchive_ma-bak-cepc-0331_B Predicted interaction between YPT7 and MON1 Predicted interaction between YPT7 and MON1	4.647E-03	0.999	97	6	118	140	183	305	644	128	0.807	0.191
LOKIASV2_1460_ESMFold_hypothetical_protein	LevyLab_Q8TF09_V1_3_relaxed_A	LevyLab_Q8TF09_V1_3_relaxed_A 	4.647E-03	0.999	96	1	76	140	14	92	96	83	0.543	0.823
LOKIASV2_1460_ESMFold_hypothetical_protein	ProtVar_O00401_P53680_B	ProtVar_O00401_P53680_B 	7.558E-04	0.999	96	4	125	140	2	139	142	144	0.871	0.972
LOKIASV2_1460_ESMFold_hypothetical_protein	ProtVar_O75897_P86790_B	ProtVar_O75897_P86790_B 	1.756E-03	0.999	96	4	131	140	24	177	482	161	0.914	0.320
LOKIASV2_1460_ESMFold_hypothetical_protein	ProtVar_P18754_P61966_B	ProtVar_P18754_P61966_B 	7.083E-04	0.998	94	4	136	140	2	155	158	160	0.950	0.975
LOKIASV2_1460_ESMFold_hypothetical_protein	ModelArchive_ma-low-csi-0022_B	ModelArchive_ma-low-csi-0022_B Predicted interaction between AP3D1 and AP3S1 Predicted interaction between AP3D1 and AP3S1	1.355E-03	0.998	94	4	139	140	2	162	193	165	0.971	0.834
LOKIASV2_1460_ESMFold_hypothetical_protein	ProtVar_O00161_P51809_B	ProtVar_O00161_P51809_B 	1.646E-03	0.998	94	2	139	140	1	139	220	151	0.986	0.632
LOKIASV2_1460_ESMFold_hypothetical_protein	ProtVar_Q7L1V2_Q9XVL8_B	ProtVar_Q7L1V2_Q9XVL8_B 	2.951E-03	0.997	92	4	127	140	31	187	528	160	0.886	0.297
LOKIASV2_1460_ESMFold_hypothetical_protein	ProtVar_Q92598_Q9NP97_B	ProtVar_Q92598_Q9NP97_B 	2.592E-03	0.997	91	1	76	140	14	92	96	86	0.543	0.823
LOKIASV2_1460_ESMFold_hypothetical_protein	ProtVar_P28482_Q9Y296_B	ProtVar_P28482_Q9Y296_B 	9.485E-03	0.996	90	2	98	140	1	179	219	182	0.693	0.817
LOKIASV2_1460_ESMFold_hypothetical_protein	ModelArchive_ma-bak-cepc-0384_B	ModelArchive_ma-bak-cepc-0384_B Predicted interaction between SRP102 and SRP101 Predicted interaction between SRP102 and SRP101	2.134E-03	0.996	89	4	135	140	2	160	621	165	0.943	0.256
LOKIASV2_1460_ESMFold_hypothetical_protein	ProtVar_P13473_Q5VZM2_B	ProtVar_P13473_Q5VZM2_B 	1.229E-02	0.993	86	2	98	140	259	360	374	105	0.693	0.273
LOKIASV2_1460_ESMFold_hypothetical_protein	ProtVar_Q8NHV4_Q92902-2_B	ProtVar_Q8NHV4_Q92902-2_B 	9.485E-03	0.993	86	6	116	140	3	133	667	136	0.793	0.196
LOKIASV2_1460_ESMFold_hypothetical_protein	ProtVar_O00189_P59780_B	ProtVar_O00189_P59780_B 	5.645E-03	0.991	84	4	138	140	2	156	193	160	0.964	0.803
LOKIASV2_1460_ESMFold_hypothetical_protein	ModelArchive_ma-bak-cepc-0442_A	ModelArchive_ma-bak-cepc-0442_A Predicted interaction between SLM4 and MEH1 Predicted interaction between SLM4 and MEH1	8.889E-03	0.988	82	4	95	140	32	156	162	125	0.657	0.772
LOKIASV2_1460_ESMFold_hypothetical_protein	ProtVar_O00161_O15498_B	ProtVar_O00161_O15498_B 	1.700E-02	0.978	78	2	138	140	1	158	198	163	0.979	0.798
LOKIASV2_1460_ESMFold_hypothetical_protein	ProtVar_O00214_Q5VZM2-2_B	ProtVar_O00214_Q5VZM2-2_B 	4.499E-02	0.971	76	2	98	140	231	332	346	105	0.693	0.295
LOKIASV2_1460_ESMFold_hypothetical_protein	ProtVar_O75865_Q9UL33_B	ProtVar_O75865_Q9UL33_B 	1.400E-02	0.967	75	4	122	140	2	135	140	139	0.850	0.957
LOKIASV2_1460_ESMFold_hypothetical_protein	ProtVar_O43504_Q7L523_B	ProtVar_O43504_Q7L523_B 	4.801E-02	0.967	75	2	98	140	198	299	313	105	0.693	0.326
LOKIASV2_1460_ESMFold_hypothetical_protein	ModelArchive_ma-bak-cepc-0737_A	ModelArchive_ma-bak-cepc-0737_A Predicted interaction between RET3 and SEC21 Predicted interaction between RET3 and SEC21	2.000E-03	0.961	74	4	117	140	9	122	189	122	0.814	0.603
LOKIASV2_1460_ESMFold_hypothetical_protein	ProtVar_Q9BT04_Q9ULD6_B	ProtVar_Q9BT04_Q9ULD6_B 	4.217E-02	0.961	74	6	76	140	308	390	942	85	0.507	0.088
LOKIASV2_1460_ESMFold_hypothetical_protein	ProtVar_P0DI81_P62310_B	ProtVar_P0DI81_P62310_B 	4.217E-02	0.933	70	6	98	140	6	108	140	105	0.664	0.736
LOKIASV2_1460_ESMFold_hypothetical_protein	ProtVar_Q6IAA8_Q9NQL2_B	ProtVar_Q6IAA8_Q9NQL2_B 	2.066E-02	0.912	68	3	138	140	256	380	400	152	0.971	0.312
LOKIASV2_1460_ESMFold_hypothetical_protein	ProtVar_O43617_P0DI81-3_B	ProtVar_O43617_P0DI81-3_B 	3.952E-02	0.900	67	6	102	140	40	147	174	110	0.693	0.621
LOKIASV2_1460_ESMFold_hypothetical_protein	ProtVar_P16219_Q9BRL7-2_B	ProtVar_P16219_Q9BRL7-2_B 	3.952E-02	0.900	67	1	138	140	1	143	250	153	0.986	0.572
LOKIASV2_1460_ESMFold_hypothetical_protein	LevyLab_Q8XB92_V1_4_relaxed_A	LevyLab_Q8XB92_V1_4_relaxed_A 	5.645E-03	0.772	60	1	132	140	272	394	564	139	0.943	0.218
LOKIASV2_1460_ESMFold_hypothetical_protein	ProtVar_Q8IW75_Q9BRL7_B	ProtVar_Q8IW75_Q9BRL7_B 	7.559E-02	0.720	58	1	107	140	1	105	303	116	0.764	0.347
LOKIASV2_1460_ESMFold_hypothetical_protein	ModelArchive_ma-cpuno_A	ModelArchive_ma-cpuno_A ARABIDOPSIS PROFILIN 1 COMPLEXED WITH POLY-L-PROLINE, THEORETICAL MODEL ARABIDOPSIS PROFILIN 1 COMPLEXED WITH POLY-L-PROLINE, THEORETICAL MODEL	9.799E-02	0.663	56	4	99	140	19	128	130	112	0.686	0.846
LOKIASV2_1460_ESMFold_hypothetical_protein	ProtVar_P31946_Q9HB90_B	ProtVar_P31946_Q9HB90_B 	8.607E-02	0.663	56	3	134	140	255	375	399	148	0.943	0.303
LOKIASV2_1460_ESMFold_hypothetical_protein	LevyLab_Q00582_V1_3_relaxed_A	LevyLab_Q00582_V1_3_relaxed_A 	4.499E-02	0.569	53	3	86	140	201	300	310	105	0.600	0.323
LOKIASV2_1460_ESMFold_hypothetical_protein	ProtVar_Q9H0R1_Q9NUS5_B	ProtVar_Q9H0R1_Q9NUS5_B 	2.277E-01	0.473	50	4	95	140	2	145	200	146	0.657	0.720
LOKIASV2_1460_ESMFold_hypothetical_protein	LevyLab_Q8X578_V1_2_relaxed_B	LevyLab_Q8X578_V1_2_relaxed_B 	2.510E-02	0.411	48	6	135	140	173	281	516	137	0.929	0.211
LOKIASV2_1460_ESMFold_hypothetical_protein	ModelArchive_ma-bak-cepc-0725_A	ModelArchive_ma-bak-cepc-0725_A Predicted interaction between GTR2 and MEH1 Predicted interaction between GTR2 and MEH1	2.134E-01	0.214	40	4	139	140	202	337	341	164	0.971	0.399
LOKIASV2_1460_ESMFold_hypothetical_protein	LevyLab_Q8XE99_V1_3_relaxed_B	LevyLab_Q8XE99_V1_3_relaxed_B 	1.646E-01	0.214	40	6	134	140	110	265	431	157	0.921	0.362
LOKIASV2_1460_ESMFold_hypothetical_protein	ModelArchive_ma-rap-bacsu-101_B	ModelArchive_ma-rap-bacsu-101_B Predicted interaction between ptsH and yesS Predicted interaction between ptsH and yesS	3.253E-02	0.214	40	6	136	140	211	363	761	166	0.936	0.201
LOKIASV2_1460_ESMFold_hypothetical_protein	ProtVar_Q6P3S1_Q8TEH3_B	ProtVar_Q6P3S1_Q8TEH3_B 	1.312E+00	0.196	39	3	98	140	12	122	1009	114	0.686	0.110
LOKIASV2_1460_ESMFold_hypothetical_protein	ProtVar_Q6P3S1_Q8TEH3_A	ProtVar_Q6P3S1_Q8TEH3_A 	1.012E+00	0.179	38	3	98	140	12	120	775	115	0.686	0.141
LOKIASV2_1460_ESMFold_hypothetical_protein	LevyLab_Q8XE40_V1_3_relaxed_A	LevyLab_Q8XE40_V1_3_relaxed_A 	6.025E-01	0.179	38	6	98	140	367	457	890	97	0.664	0.102
LOKIASV2_1460_ESMFold_hypothetical_protein	LevyLab_A0A0H3JK63_V1_4_relaxed_B	LevyLab_A0A0H3JK63_V1_4_relaxed_B 	4.959E-01	0.138	35	1	106	140	169	275	528	122	0.757	0.203
LOKIASV2_1460_ESMFold_hypothetical_protein	ModelArchive_ma-bak-cepc-0362_A	ModelArchive_ma-bak-cepc-0362_A Predicted interaction between LST4 and LST7 Predicted interaction between LST4 and LST7	2.134E-01	0.138	35	6	140	140	120	252	828	162	0.964	0.161
LOKIASV2_1460_ESMFold_hypothetical_protein	LevyLab_Q8X614_V1_3_relaxed_B	LevyLab_Q8X614_V1_3_relaxed_B 	1.757E-01	0.098	31	1	138	140	87	232	458	166	0.986	0.319
LOKIASV2_1460_ESMFold_hypothetical_protein	ProtVar_Q15286_Q8IV53_B	ProtVar_Q15286_Q8IV53_B 	1.815E+00	0.098	31	3	112	140	12	133	801	130	0.786	0.152
LOKIASV2_1460_ESMFold_hypothetical_protein	ProtVar_P62820_Q96LT7-2_B	ProtVar_P62820_Q96LT7-2_B 	8.333E-01	0.090	30	3	132	140	24	183	222	168	0.929	0.721
LOKIASV2_1460_ESMFold_hypothetical_protein	LevyLab_Q8U383_V1_4_relaxed_B	LevyLab_Q8U383_V1_4_relaxed_B 	1.012E+00	0.076	28	38	91	140	390	448	455	60	0.386	0.130
LOKIASV2_1460_ESMFold_hypothetical_protein	LevyLab_Q8X3W8_V1_3_relaxed_B	LevyLab_Q8X3W8_V1_3_relaxed_B 	1.594E+00	0.076	28	69	139	140	691	749	876	71	0.507	0.067
LOKIASV2_1460_ESMFold_hypothetical_protein	ModelArchive_ma-bak-cepc-0852_B	ModelArchive_ma-bak-cepc-0852_B Predicted interaction between TRS31 and TRS20 Predicted interaction between TRS31 and TRS20	3.254E+00	0.069	27	6	99	140	4	144	175	143	0.671	0.806
LOKIASV2_1460_ESMFold_hypothetical_protein	ProtVar_Q1RMZ1_Q96MD2_B	ProtVar_Q1RMZ1_Q96MD2_B 	3.704E+00	0.069	27	4	90	140	310	425	445	120	0.621	0.261
LOKIASV2_1460_ESMFold_hypothetical_protein	ProtVar_Q0VD86_Q96QG7_A	ProtVar_Q0VD86_Q96QG7_A 	3.953E+00	0.069	27	48	76	140	56	83	549	29	0.207	0.051
LOKIASV2_1460_ESMFold_hypothetical_protein	ProtVar_P05556_Q9UBP9_B	ProtVar_P05556_Q9UBP9_B 	7.319E-01	0.063	26	50	139	140	102	190	304	94	0.643	0.293
LOKIASV2_1460_ESMFold_hypothetical_protein	LevyLab_P0AFB6_V1_3_relaxed_B	LevyLab_P0AFB6_V1_3_relaxed_B 	1.012E+00	0.063	26	6	134	140	19	183	349	167	0.921	0.473
LOKIASV2_1460_ESMFold_hypothetical_protein	LevyLab_Q02783_V1_2_relaxed_B	LevyLab_Q02783_V1_2_relaxed_B 	7.810E-01	0.057	25	3	101	140	70	177	413	112	0.707	0.262
LOKIASV2_1460_ESMFold_hypothetical_protein	ProtVar_O14907_Q9HBZ2_B	ProtVar_O14907_Q9HBZ2_B 	7.810E-01	0.057	25	1	101	140	331	462	717	132	0.721	0.184
LOKIASV2_1460_ESMFold_hypothetical_protein	ProtVar_O43741_Q3KP22-3_B	ProtVar_O43741_Q3KP22-3_B 	5.467E+00	0.051	24	23	63	140	36	75	216	41	0.293	0.185
LOKIASV2_1460_ESMFold_hypothetical_protein	LevyLab_Q8U3H1_V1_3_relaxed_B	LevyLab_Q8U3H1_V1_3_relaxed_B 	3.953E+00	0.051	24	52	94	140	214	259	264	46	0.307	0.174
LOKIASV2_1460_ESMFold_hypothetical_protein	LevyLab_Q8XBD0_V1_3_relaxed_B	LevyLab_Q8XBD0_V1_3_relaxed_B 	2.066E+00	0.045	23	6	76	140	43	136	240	98	0.507	0.392
LOKIASV2_1460_ESMFold_hypothetical_protein	LevyLab_Q8U315_V1_1_relaxed_B	LevyLab_Q8U315_V1_1_relaxed_B 	3.704E+00	0.045	23	39	91	140	200	254	264	57	0.379	0.208
LOKIASV2_1460_ESMFold_hypothetical_protein	LevyLab_Q8X9D9_V1_3_relaxed_B	LevyLab_Q8X9D9_V1_3_relaxed_B 	6.859E-01	0.045	23	3	138	140	88	240	408	168	0.971	0.375
LOKIASV2_1460_ESMFold_hypothetical_protein	ProtVar_P25445_Q13885_B	ProtVar_P25445_Q13885_B 	2.066E+00	0.045	23	69	131	140	362	424	445	63	0.450	0.142
LOKIASV2_1460_ESMFold_hypothetical_protein	LevyLab_Q8X524_V1_3_relaxed_B	LevyLab_Q8X524_V1_3_relaxed_B 	1.815E+00	0.045	23	2	137	140	84	197	449	143	0.971	0.254
LOKIASV2_1460_ESMFold_hypothetical_protein	LevyLab_A0A0H3JIE8_V1_2_relaxed_B	LevyLab_A0A0H3JIE8_V1_2_relaxed_B 	4.802E+00	0.045	23	38	76	140	474	515	527	42	0.279	0.080
LOKIASV2_1460_ESMFold_hypothetical_protein	ProtVar_P53355_Q8IV53_A	ProtVar_P53355_Q8IV53_A 	1.153E+00	0.045	23	6	83	140	1128	1207	1430	92	0.557	0.056
LOKIASV2_1460_ESMFold_hypothetical_protein	ProtVar_P68371_Q8WXG6_B	ProtVar_P68371_Q8WXG6_B 	2.858E+00	0.045	23	47	99	140	1572	1634	1647	63	0.379	0.038
LOKIASV2_1460_ESMFold_hypothetical_protein	ProtVar_O43852_P59998_B	ProtVar_O43852_P59998_B 	8.333E-01	0.040	22	21	140	140	75	168	168	125	0.857	0.560
LOKIASV2_1460_ESMFold_hypothetical_protein	LevyLab_P60777_V1_2_relaxed_B	LevyLab_P60777_V1_2_relaxed_B 	2.678E+00	0.040	22	3	90	140	86	163	214	93	0.629	0.364
LOKIASV2_1460_ESMFold_hypothetical_protein	ProtVar_P21583_Q9ULZ2_B	ProtVar_P21583_Q9ULZ2_B 	2.678E+00	0.040	22	52	135	140	79	160	295	93	0.600	0.278
LOKIASV2_1460_ESMFold_hypothetical_protein	LevyLab_Q8U2H4_V1_3_relaxed_B	LevyLab_Q8U2H4_V1_3_relaxed_B 	3.049E+00	0.040	22	38	91	140	376	440	452	65	0.386	0.144
LOKIASV2_1460_ESMFold_hypothetical_protein	LevyLab_P0AE84_V1_3_relaxed_B	LevyLab_P0AE84_V1_3_relaxed_B 	1.153E+00	0.040	22	5	136	140	82	246	457	179	0.943	0.361
LOKIASV2_1460_ESMFold_hypothetical_protein	ProtVar_P11226_P25788-2_A	ProtVar_P11226_P25788-2_A 	6.224E+00	0.034	21	22	62	140	103	141	248	41	0.293	0.157
LOKIASV2_1460_ESMFold_hypothetical_protein	LevyLab_Q04430_V1_4_relaxed_B	LevyLab_Q04430_V1_4_relaxed_B 	9.801E+00	0.034	21	51	92	140	22	62	367	42	0.300	0.112
LOKIASV2_1460_ESMFold_hypothetical_protein	LevyLab_Q8XBX4_V1_4_relaxed_B	LevyLab_Q8XBX4_V1_4_relaxed_B 	1.312E+00	0.034	21	23	98	140	311	391	415	85	0.543	0.195
LOKIASV2_1460_ESMFold_hypothetical_protein	LevyLab_Q8XAQ9_V1_5_relaxed_A	LevyLab_Q8XAQ9_V1_5_relaxed_A 	5.124E+00	0.034	21	2	76	140	114	188	536	90	0.536	0.140
LOKIASV2_1460_ESMFold_hypothetical_protein	ProtVar_Q53GA4_Q96DC9_A	ProtVar_Q53GA4_Q96DC9_A 	5.124E+00	0.029	20	51	104	140	59	115	152	58	0.386	0.375
LOKIASV2_1460_ESMFold_hypothetical_protein	ProtVar_Q15185_Q86YD1-3_B	ProtVar_Q15185_Q86YD1-3_B 	3.953E+00	0.029	20	59	139	140	174	225	227	81	0.579	0.229
LOKIASV2_1460_ESMFold_hypothetical_protein	ProtVar_O00148_Q8WV24_B	ProtVar_O00148_Q8WV24_B 	3.472E+00	0.029	20	48	129	140	238	306	401	83	0.586	0.172
LOKIASV2_1460_ESMFold_hypothetical_protein	ProtVar_P02792_Q86YD1_B	ProtVar_P02792_Q86YD1_B 	3.472E+00	0.029	20	59	139	140	363	414	416	81	0.579	0.125
LOKIASV2_1460_ESMFold_hypothetical_protein	LevyLab_P53960_V1_3_relaxed_B	LevyLab_P53960_V1_3_relaxed_B 	2.066E+00	0.029	20	58	136	140	254	328	456	84	0.564	0.164
LOKIASV2_1460_ESMFold_hypothetical_protein	ProtVar_Q14847_Q71SY5_B	ProtVar_Q14847_Q71SY5_B 	3.953E+00	0.029	20	59	111	140	510	562	747	53	0.379	0.071
LOKIASV2_1460_ESMFold_hypothetical_protein	ProtVar_Q9GZX9_Q9H2X0-5_B	ProtVar_Q9GZX9_Q9H2X0-5_B 	3.254E+00	0.029	20	1	28	140	205	232	915	28	0.200	0.031
LOKIASV2_1460_ESMFold_hypothetical_protein	ProtVar_P51148_Q0IIM8_B	ProtVar_P51148_Q0IIM8_B 	2.352E+00	0.029	20	5	140	140	24	151	1120	148	0.971	0.114
LOKIASV2_1460_ESMFold_hypothetical_protein	ProtVar_P08582_Q8WXG6-2_B	ProtVar_P08582_Q8WXG6-2_B 	4.218E+00	0.029	20	47	99	140	1533	1595	1608	63	0.379	0.039
LOKIASV2_1460_ESMFold_hypothetical_protein	ProtVar_P42566_P53680-2_B	ProtVar_P42566_P53680-2_B 	3.254E+00	0.024	19	4	125	140	2	101	104	135	0.871	0.962
LOKIASV2_1460_ESMFold_hypothetical_protein	ProtVar_P51991_Q7CGT3_B	ProtVar_P51991_Q7CGT3_B 	5.833E+00	0.024	19	51	82	140	143	173	330	33	0.229	0.094
LOKIASV2_1460_ESMFold_hypothetical_protein	ProtVar_P39019_Q9NUD5_B	ProtVar_P39019_Q9NUD5_B 	1.494E+00	0.024	19	1	104	140	161	240	403	107	0.743	0.199
LOKIASV2_1460_ESMFold_hypothetical_protein	ProtVar_A6NCF5_Q9H4B7_B	ProtVar_A6NCF5_Q9H4B7_B 	4.500E+00	0.024	19	69	131	140	362	424	451	63	0.450	0.140
LOKIASV2_1460_ESMFold_hypothetical_protein	LevyLab_A0A0H3JS46_V1_5_relaxed_B	LevyLab_A0A0H3JS46_V1_5_relaxed_B 	3.472E+00	0.024	19	6	131	140	94	215	474	136	0.900	0.257
LOKIASV2_1460_ESMFold_hypothetical_protein	LevyLab_P0AA94_V1_5_relaxed_A	LevyLab_P0AA94_V1_5_relaxed_A 	8.609E+00	0.024	19	4	138	140	241	386	565	159	0.964	0.258
LOKIASV2_1460_ESMFold_hypothetical_protein	LevyLab_A0A0H3JHI5_V1_5_relaxed_A	LevyLab_A0A0H3JHI5_V1_5_relaxed_A 	1.701E+00	0.024	19	4	138	140	69	182	649	144	0.964	0.176
LOKIASV2_1460_ESMFold_hypothetical_protein	ProtVar_P52306_Q92870_B	ProtVar_P52306_Q92870_B 	3.953E+00	0.024	19	56	98	140	508	551	758	44	0.307	0.058
LOKIASV2_1460_ESMFold_hypothetical_protein	ProtVar_P62330_Q8WZ64_B	ProtVar_P62330_Q8WZ64_B 	4.218E+00	0.024	19	52	89	140	960	999	1704	40	0.271	0.023
LOKIASV2_1460_ESMFold_hypothetical_protein	ModelArchive_ma-ymw4k_B	ModelArchive_ma-ymw4k_B Homology model of RhlR Homology model of RhlR	4.500E+00	0.020	18	58	101	140	114	167	236	54	0.314	0.229
LOKIASV2_1460_ESMFold_hypothetical_protein	ModelArchive_ma-t3vr3-824_A	ModelArchive_ma-t3vr3-824_A Predicted interaction between NCOA2 (34-817) and PRMT1 (1-50) Predicted interaction between NCOA2 (34-817) and PRMT1 (1-50)	1.701E+00	0.020	18	1	100	140	231	364	364	137	0.714	0.368
LOKIASV2_1460_ESMFold_hypothetical_protein	LevyLab_Q8U4A3_V1_1_relaxed_B	LevyLab_Q8U4A3_V1_1_relaxed_B 	4.218E+00	0.020	18	60	139	140	215	288	404	82	0.571	0.183
LOKIASV2_1460_ESMFold_hypothetical_protein	ProtVar_A0AVF1_Q3ZCM7_B	ProtVar_A0AVF1_Q3ZCM7_B 	1.701E+00	0.020	18	3	131	140	310	424	444	133	0.921	0.259
LOKIASV2_1460_ESMFold_hypothetical_protein	ProtVar_Q03989_Q8WY64_A	ProtVar_Q03989_Q8WY64_A 	6.641E+00	0.020	18	48	76	140	220	254	445	35	0.207	0.079
LOKIASV2_1460_ESMFold_hypothetical_protein	ProtVar_O15234_P31749_B	ProtVar_O15234_P31749_B 	1.080E+00	0.020	18	12	130	140	31	122	480	131	0.850	0.192
LOKIASV2_1460_ESMFold_hypothetical_protein	LevyLab_A0A0H3JCR2_V1_3_relaxed_B	LevyLab_A0A0H3JCR2_V1_3_relaxed_B 	6.224E+00	0.020	18	52	90	140	496	540	546	45	0.279	0.082
LOKIASV2_1460_ESMFold_hypothetical_protein	ProtVar_O00327_P61244_A	ProtVar_O00327_P61244_A 	4.218E+00	0.020	18	1	76	140	334	439	626	106	0.543	0.169
LOKIASV2_1460_ESMFold_hypothetical_protein	ProtVar_Q04917_Q68D51_B	ProtVar_Q04917_Q68D51_B 	5.467E+00	0.020	18	3	105	140	490	621	928	135	0.736	0.142
LOKIASV2_1460_ESMFold_hypothetical_protein	ProtVar_O14827_P01116_A	ProtVar_O14827_P01116_A 	5.833E+00	0.020	18	57	138	140	95	180	1237	86	0.586	0.070
LOKIASV2_1460_ESMFold_hypothetical_protein	ModelArchive_ma-bak-cepc-1091_A	ModelArchive_ma-bak-cepc-1091_A Predicted interaction between PCC1 and KAE1 Predicted interaction between PCC1 and KAE1	9.801E+00	0.016	17	53	99	140	35	83	88	52	0.336	0.557
LOKIASV2_1460_ESMFold_hypothetical_protein	ModelArchive_ma-78f4p_B	ModelArchive_ma-78f4p_B Models of transcription factor LasR Models of transcription factor LasR	4.500E+00	0.016	17	6	111	140	36	171	239	142	0.757	0.569
LOKIASV2_1460_ESMFold_hypothetical_protein	ProtVar_P02794_Q8NC96_B	ProtVar_P02794_Q8NC96_B 	4.500E+00	0.016	17	47	139	140	77	143	275	96	0.664	0.244
LOKIASV2_1460_ESMFold_hypothetical_protein	ProtVar_P41221_Q5SW96_B	ProtVar_P41221_Q5SW96_B 	4.218E+00	0.016	17	57	135	140	127	189	308	80	0.564	0.205
LOKIASV2_1460_ESMFold_hypothetical_protein	LevyLab_P0AE47_V1_3_relaxed_B	LevyLab_P0AE47_V1_3_relaxed_B 	6.224E+00	0.016	17	22	79	140	370	428	447	63	0.414	0.132
LOKIASV2_1460_ESMFold_hypothetical_protein	ProtVar_Q6UXT9_Q9Y243-2_B	ProtVar_Q6UXT9_Q9Y243-2_B 	7.561E+00	0.016	17	57	98	140	70	111	465	43	0.300	0.090
LOKIASV2_1460_ESMFold_hypothetical_protein	ProtVar_O95704_Q92905_A	ProtVar_O95704_Q92905_A 	4.802E+00	0.016	17	54	111	140	206	260	486	60	0.414	0.113
LOKIASV2_1460_ESMFold_hypothetical_protein	ProtVar_P01111_Q9BPZ7-2_B	ProtVar_P01111_Q9BPZ7-2_B 	2.678E+00	0.016	17	51	134	140	405	485	486	90	0.600	0.167
LOKIASV2_1460_ESMFold_hypothetical_protein	LevyLab_P0AEC2_V1_4_relaxed_B	LevyLab_P0AEC2_V1_4_relaxed_B 	5.467E+00	0.016	17	21	76	140	459	508	518	62	0.400	0.097
LOKIASV2_1460_ESMFold_hypothetical_protein	ProtVar_Q04917_Q9BPZ7_B	ProtVar_Q04917_Q9BPZ7_B 	2.352E+00	0.016	17	51	134	140	441	521	522	90	0.600	0.155
LOKIASV2_1460_ESMFold_hypothetical_protein	ProtVar_P32780_Q13889_A	ProtVar_P32780_Q13889_A 	5.467E+00	0.016	17	52	135	140	55	120	548	88	0.600	0.120
LOKIASV2_1460_ESMFold_hypothetical_protein	ProtVar_P25101_Q86VW2_B	ProtVar_P25101_Q86VW2_B 	4.218E+00	0.016	17	58	109	140	429	485	580	57	0.371	0.098
LOKIASV2_1460_ESMFold_hypothetical_protein	ProtVar_O14498_Q9UNF1_B	ProtVar_O14498_Q9UNF1_B 	4.500E+00	0.016	17	30	138	140	408	501	606	110	0.779	0.155
LOKIASV2_1460_ESMFold_hypothetical_protein	ProtVar_Q86TM3_Q9NXZ2_B	ProtVar_Q86TM3_Q9NXZ2_B 	5.124E+00	0.016	17	36	98	140	87	138	648	64	0.450	0.080
LOKIASV2_1460_ESMFold_hypothetical_protein	ProtVar_O95363_Q9UKG1_B	ProtVar_O95363_Q9UKG1_B 	1.815E+00	0.016	17	4	138	140	501	665	709	179	0.964	0.233
LOKIASV2_1460_ESMFold_hypothetical_protein	ProtVar_P33402_Q02153-2_A	ProtVar_P33402_Q02153-2_A 	2.858E+00	0.016	17	3	138	140	326	485	732	179	0.971	0.219
LOKIASV2_1460_ESMFold_hypothetical_protein	ProtVar_P01036_Q3KR16_B	ProtVar_P01036_Q3KR16_B 	3.254E+00	0.016	17	52	131	140	463	535	790	85	0.571	0.092
LOKIASV2_1460_ESMFold_hypothetical_protein	ProtVar_P10114_Q15788-2_B	ProtVar_P10114_Q15788-2_B 	2.352E+00	0.016	17	1	81	140	256	370	1399	121	0.579	0.082
LOKIASV2_1460_ESMFold_hypothetical_protein	LevyLab_Q7DBK5_V1_5_relaxed_B	LevyLab_Q7DBK5_V1_5_relaxed_B 	6.641E+00	0.014	16	22	135	140	63	151	158	117	0.814	0.563
LOKIASV2_1460_ESMFold_hypothetical_protein	LevyLab_A7UQX2_V1_2_relaxed_B	LevyLab_A7UQX2_V1_2_relaxed_B 	4.500E+00	0.014	16	29	127	140	95	174	189	104	0.707	0.423
LOKIASV2_1460_ESMFold_hypothetical_protein	Predictome_i8lqao5_PAXX_HUMAN__TOP2B_HUMAN__1830aa_unrelaxed_af2mv3_model_2_A	Predictome_i8lqao5_PAXX_HUMAN__TOP2B_HUMAN__1830aa_unrelaxed_af2mv3_model_2_A 	5.467E+00	0.014	16	52	104	140	87	143	204	60	0.379	0.279
LOKIASV2_1460_ESMFold_hypothetical_protein	ProtVar_Q587J8_Q9H8W4_A	ProtVar_Q587J8_Q9H8W4_A 	4.802E+00	0.014	16	31	124	140	58	134	217	94	0.671	0.355
LOKIASV2_1460_ESMFold_hypothetical_protein	ProtVar_P57721_Q8N2A8_B	ProtVar_P57721_Q8N2A8_B 	9.801E+00	0.014	16	52	96	140	159	209	252	51	0.321	0.202
LOKIASV2_1460_ESMFold_hypothetical_protein	ProtVar_Q7Z4N8_Q9UBF1_A	ProtVar_Q7Z4N8_Q9UBF1_A 	7.561E+00	0.014	16	57	139	140	283	365	373	85	0.593	0.223
LOKIASV2_1460_ESMFold_hypothetical_protein	ProtVar_Q6PGQ7_Q9BTE6-2_B	ProtVar_Q6PGQ7_Q9BTE6-2_B 	5.833E+00	0.014	16	62	136	140	341	409	525	76	0.536	0.131
LOKIASV2_1460_ESMFold_hypothetical_protein	ProtVar_Q02108_Q02153_B	ProtVar_Q02108_Q02153_B 	3.049E+00	0.014	16	19	76	140	135	182	619	60	0.414	0.078
LOKIASV2_1460_ESMFold_hypothetical_protein	ProtVar_Q02108_Q02153_A	ProtVar_Q02108_Q02153_A 	5.467E+00	0.014	16	3	138	140	285	445	690	170	0.971	0.233
LOKIASV2_1460_ESMFold_hypothetical_protein	ProtVar_O00213_P14415_A	ProtVar_O00213_P14415_A 	6.224E+00	0.014	16	53	107	140	457	514	710	58	0.393	0.082
LOKIASV2_1460_ESMFold_hypothetical_protein	ProtVar_P79483_Q92870-2_B	ProtVar_P79483_Q92870-2_B 	7.086E+00	0.014	16	56	109	140	487	540	736	56	0.386	0.073
LOKIASV2_1460_ESMFold_hypothetical_protein	ProtVar_P05166_P27540-2_B	ProtVar_P05166_P27540-2_B 	5.124E+00	0.014	16	1	76	140	342	447	774	112	0.543	0.137
LOKIASV2_1460_ESMFold_hypothetical_protein	Predictome_00q9u1j_SMC5_HUMAN__RAD54_HUMAN__1848aa_unrelaxed_af2mv3_model_1_A	Predictome_00q9u1j_SMC5_HUMAN__RAD54_HUMAN__1848aa_unrelaxed_af2mv3_model_1_A 	3.704E+00	0.014	16	31	134	140	594	699	1101	116	0.743	0.096
LOKIASV2_1460_ESMFold_hypothetical_protein	LevyLab_Q8U2X4_V1_5_relaxed_B	LevyLab_Q8U2X4_V1_5_relaxed_B 	4.500E+00	0.011	15	26	98	140	57	116	117	73	0.521	0.513
LOKIASV2_1460_ESMFold_hypothetical_protein	ProtVar_O15121_Q92478_B	ProtVar_O15121_Q92478_B 	9.185E+00	0.011	15	34	64	140	16	51	149	36	0.221	0.242
LOKIASV2_1460_ESMFold_hypothetical_protein	ProtVar_P52788_Q5NGJ5_A	ProtVar_P52788_Q5NGJ5_A 	6.641E+00	0.011	15	6	98	140	8	99	366	109	0.664	0.251
LOKIASV2_1460_ESMFold_hypothetical_protein	LevyLab_A0A0H3JBS6_V1_2_relaxed_B	LevyLab_A0A0H3JBS6_V1_2_relaxed_B 	5.467E+00	0.011	15	6	99	140	25	135	385	126	0.671	0.288
LOKIASV2_1460_ESMFold_hypothetical_protein	ProtVar_A0AVF1_Q8N2R8_B	ProtVar_A0AVF1_Q8N2R8_B 	3.704E+00	0.011	15	50	132	140	144	216	423	88	0.593	0.173
LOKIASV2_1460_ESMFold_hypothetical_protein	ProtVar_O00499_Q86VV4_B	ProtVar_O00499_Q86VV4_B 	3.953E+00	0.011	15	52	135	140	363	427	465	86	0.600	0.140
LOKIASV2_1460_ESMFold_hypothetical_protein	LevyLab_Q8X739_V1_2_relaxed_B	LevyLab_Q8X739_V1_2_relaxed_B 	6.224E+00	0.011	15	6	131	140	85	234	486	158	0.900	0.309
LOKIASV2_1460_ESMFold_hypothetical_protein	ProtVar_O60563_Q5TA45_B	ProtVar_O60563_Q5TA45_B 	5.833E+00	0.011	15	34	89	140	526	587	600	65	0.400	0.103
LOKIASV2_1460_ESMFold_hypothetical_protein	ProtVar_P84157_Q02153-2_B	ProtVar_P84157_Q02153-2_B 	5.124E+00	0.010	14	19	76	140	135	182	586	60	0.414	0.082
LOKIASV2_1460_ESMFold_hypothetical_protein	ProtVar_O75553_Q13526_A	ProtVar_O75553_Q13526_A 	7.086E+00	0.010	14	53	138	140	120	193	588	89	0.614	0.126
LOKIASV2_1460_ESMFold_hypothetical_protein	ProtVar_Q14739_Q9UNF1-2_B	ProtVar_Q14739_Q9UNF1-2_B 	8.609E+00	0.010	14	60	138	140	410	483	588	82	0.564	0.126
LOKIASV2_1460_ESMFold_hypothetical_protein	ProtVar_Q08ER8_Q96NE9-2_B	ProtVar_Q08ER8_Q96NE9-2_B 	7.561E+00	0.010	14	47	136	140	267	347	614	91	0.643	0.132
LOKIASV2_1460_ESMFold_hypothetical_protein	ProtVar_O95793_Q06787_B	ProtVar_O95793_Q06787_B 	7.086E+00	0.010	14	61	138	140	158	211	632	78	0.557	0.085
LOKIASV2_1460_ESMFold_hypothetical_protein	ProtVar_A8MQ03_Q8TE68_A	ProtVar_A8MQ03_Q8TE68_A 	5.467E+00	0.010	14	51	129	140	108	181	723	89	0.564	0.102
LOKIASV2_1460_ESMFold_hypothetical_protein	ProtVar_O95672_Q8NBP0_B	ProtVar_O95672_Q8NBP0_B 	5.833E+00	0.010	14	29	118	140	640	748	860	111	0.643	0.127
LOKIASV2_1460_ESMFold_hypothetical_protein	ProtVar_P10911_P62745_A	ProtVar_P10911_P62745_A 	6.641E+00	0.010	14	54	134	140	771	835	925	81	0.579	0.070
LOKIASV2_1460_ESMFold_hypothetical_protein	LevyLab_A0A0H3JG68_V1_1_relaxed_B	LevyLab_A0A0H3JG68_V1_1_relaxed_B 	3.472E+00	0.009	13	1	90	140	27	133	153	125	0.643	0.699
LOKIASV2_1460_ESMFold_hypothetical_protein	ProtVar_O60701_P62502_B	ProtVar_O60701_P62502_B 	5.467E+00	0.009	13	58	94	140	119	156	163	39	0.264	0.233
LOKIASV2_1460_ESMFold_hypothetical_protein	LevyLab_P0AE80_V1_2_relaxed_B	LevyLab_P0AE80_V1_2_relaxed_B 	9.185E+00	0.009	13	2	76	140	202	280	292	88	0.536	0.271
LOKIASV2_1460_ESMFold_hypothetical_protein	LevyLab_Q8U3P5_V1_3_relaxed_B	LevyLab_Q8U3P5_V1_3_relaxed_B 	6.641E+00	0.009	13	7	91	140	233	301	334	88	0.607	0.207
LOKIASV2_1460_ESMFold_hypothetical_protein	ProtVar_Q03405_Q14680_B	ProtVar_Q03405_Q14680_B 	7.086E+00	0.009	13	23	88	140	566	646	651	87	0.471	0.124
LOKIASV2_1460_ESMFold_hypothetical_protein	ProtVar_O75676_Q32Q52_B	ProtVar_O75676_Q32Q52_B 	2.858E+00	0.009	13	23	126	140	570	682	691	131	0.743	0.164
LOKIASV2_1460_ESMFold_hypothetical_protein	LevyLab_P0ACJ7_V1_2_relaxed_B	LevyLab_P0ACJ7_V1_2_relaxed_B 	7.561E+00	0.008	12	6	89	140	65	124	152	84	0.600	0.395
LOKIASV2_1460_ESMFold_hypothetical_protein	LevyLab_P0A740_V1_3_relaxed_B	LevyLab_P0A740_V1_3_relaxed_B 	7.561E+00	0.008	12	6	75	140	31	101	161	86	0.500	0.441
LOKIASV2_1460_ESMFold_hypothetical_protein	ProtVar_O00391_P02763_B	ProtVar_O00391_P02763_B 	3.472E+00	0.008	12	52	130	140	107	198	201	101	0.564	0.458
LOKIASV2_1460_ESMFold_hypothetical_protein	ProtVar_Q6ZN17_Q96H22-2_B	ProtVar_Q6ZN17_Q96H22-2_B 	5.467E+00	0.008	12	5	91	140	84	181	204	106	0.621	0.480
LOKIASV2_1460_ESMFold_hypothetical_protein	LevyLab_Q00577_V1_5_relaxed_A	LevyLab_Q00577_V1_5_relaxed_A 	6.641E+00	0.008	12	19	138	140	172	308	322	150	0.857	0.425
LOKIASV2_1460_ESMFold_hypothetical_protein	LevyLab_P38169_V1_2_relaxed_B	LevyLab_P38169_V1_2_relaxed_B 	6.224E+00	0.008	12	2	119	140	191	284	460	129	0.843	0.204
LOKIASV2_1460_ESMFold_hypothetical_protein	ProtVar_O95047_Q9H6S3_B	ProtVar_O95047_Q9H6S3_B 	9.185E+00	0.008	12	52	130	140	125	197	715	89	0.564	0.102
LOKIASV2_1460_ESMFold_hypothetical_protein	ProtVar_O00291_P98082_B	ProtVar_O00291_P98082_B 	9.185E+00	0.008	12	53	111	140	128	187	770	63	0.421	0.078
LOKIASV2_1460_ESMFold_hypothetical_protein	ProtVar_P13727_Q8NBP0-2_B	ProtVar_P13727_Q8NBP0-2_B 	7.561E+00	0.008	12	29	118	140	587	694	806	112	0.643	0.134
LOKIASV2_1460_ESMFold_hypothetical_protein	ModelArchive_ma-low-csi-0853_A	ModelArchive_ma-low-csi-0853_A Predicted interaction between CHRD and RANBP1 Predicted interaction between CHRD and RANBP1	4.218E+00	0.008	12	1	79	140	205	276	955	90	0.564	0.075
LOKIASV2_1460_ESMFold_hypothetical_protein	ProtVar_O95782_P21579_A	ProtVar_O95782_P21579_A 	5.833E+00	0.008	12	5	76	140	887	959	977	94	0.514	0.075
LOKIASV2_1460_ESMFold_hypothetical_protein	ModelArchive_ma-bak-cepc-0360_A	ModelArchive_ma-bak-cepc-0360_A Predicted interaction between SRB2 and SRB5 Predicted interaction between SRB2 and SRB5	8.609E+00	0.007	11	14	91	140	75	172	210	103	0.557	0.467
LOKIASV2_1460_ESMFold_hypothetical_protein	LevyLab_Q8XED5_V1_3_relaxed_B	LevyLab_Q8XED5_V1_3_relaxed_B 	9.801E+00	0.007	11	7	134	140	77	176	433	134	0.914	0.231
LOKIASV2_1460_ESMFold_hypothetical_protein	ProtVar_Q13509_Q9UQV4_A	ProtVar_Q13509_Q9UQV4_A 	8.609E+00	0.007	11	3	131	140	310	424	450	133	0.921	0.256
LOKIASV2_1460_ESMFold_hypothetical_protein	ProtVar_P49366_Q8TE68-3_B	ProtVar_P49366_Q8TE68-3_B 	8.068E+00	0.007	11	51	118	140	90	151	551	78	0.486	0.113
LOKIASV2_1460_ESMFold_hypothetical_protein	ModelArchive_ma-t3vr3-291_B	ModelArchive_ma-t3vr3-291_B Predicted interaction between AR (321-520) and XRCC5 (1-587) Predicted interaction between AR (321-520) and XRCC5 (1-587)	9.801E+00	0.007	11	19	81	140	364	429	587	73	0.450	0.112
LOKIASV2_1460_ESMFold_hypothetical_protein	ProtVar_Q96NE9_Q9BYG5_A	ProtVar_Q96NE9_Q9BYG5_A 	8.068E+00	0.007	11	52	130	140	280	342	622	80	0.564	0.101
LOKIASV2_1460_ESMFold_hypothetical_protein	ProtVar_O75533_Q7L014_B	ProtVar_O75533_Q7L014_B 	9.185E+00	0.007	11	22	103	140	938	1023	1031	94	0.586	0.083
LOKIASV2_1460_ESMFold_hypothetical_protein	LevyLab_Q8TZW6_V1_5_relaxed_B	LevyLab_Q8TZW6_V1_5_relaxed_B 	9.185E+00	0.000	10	14	98	140	76	158	183	97	0.607	0.454
LOKIASV2_1460_ESMFold_hypothetical_protein	ProtVar_O60711_Q99608_B	ProtVar_O60711_Q99608_B 	8.068E+00	0.000	10	33	130	140	227	309	321	102	0.700	0.259
LOKIASV2_1460_ESMFold_hypothetical_protein	ProtVar_O95900_Q6P087-2_B	ProtVar_O95900_Q6P087-2_B 	7.561E+00	0.000	10	5	92	140	173	240	336	89	0.629	0.202
LOKIASV2_1460_ESMFold_hypothetical_protein	LevyLab_Q8U0N8_V1_1_relaxed_B	LevyLab_Q8U0N8_V1_1_relaxed_B 	5.124E+00	0.000	10	4	99	140	15	134	392	132	0.686	0.306
LOKIASV2_1460_ESMFold_hypothetical_protein	ProtVar_P47985_Q6P087_B	ProtVar_P47985_Q6P087_B 	8.068E+00	0.000	9	5	76	140	188	238	351	72	0.514	0.145
LOKIASV2_1460_ESMFold_hypothetical_protein	ProtVar_Q8NGK3_Q96QR8_B	ProtVar_Q8NGK3_Q96QR8_B 	8.609E+00	0.000	8	19	130	140	171	295	312	149	0.800	0.401
LOKIASV2_1460_ESMFold_hypothetical_protein	A0A481Z6H4_unrelaxed_rank_001_alphafold2_ptm_model_1_seed_000.pdb	A0A481Z6H4_unrelaxed_rank_001_alphafold2_ptm_model_1_seed_000.pdb	5.834E-03	0.923	69	6	135	140	6	142	189	146	0.929	0.725
LOKIASV2_1460_ESMFold_hypothetical_protein	A0A1V0SJZ2_unrelaxed_rank_001_alphafold2_ptm_model_3_seed_000.pdb	A0A1V0SJZ2_unrelaxed_rank_001_alphafold2_ptm_model_3_seed_000.pdb	1.191E-02	0.872	65	2	132	140	1	147	178	156	0.936	0.826
LOKIASV2_1460_ESMFold_hypothetical_protein	A0A3G4ZZE4_unrelaxed_rank_001_alphafold2_ptm_model_1_seed_000.pdb	A0A3G4ZZE4_unrelaxed_rank_001_alphafold2_ptm_model_1_seed_000.pdb	2.135E-02	0.663	56	3	123	140	10	152	178	149	0.864	0.803
LOKIASV2_1460_ESMFold_hypothetical_protein	A0A481YSV8_unrelaxed_rank_001_alphafold2_ptm_model_2_seed_000.pdb	A0A481YSV8_unrelaxed_rank_001_alphafold2_ptm_model_2_seed_000.pdb	6.027E-02	0.505	51	6	79	140	16	80	82	74	0.529	0.793
LOKIASV2_1460_ESMFold_hypothetical_protein	A0A3G4ZRZ1_unrelaxed_rank_001_alphafold2_ptm_model_1_seed_000.pdb	A0A3G4ZRZ1_unrelaxed_rank_001_alphafold2_ptm_model_1_seed_000.pdb	1.230E-01	0.326	45	1	127	140	11	150	315	146	0.907	0.444
LOKIASV2_1460_ESMFold_hypothetical_protein	A0A6N1NDL8_unrelaxed_rank_001_alphafold2_ptm_model_3_seed_000.pdb	A0A6N1NDL8_unrelaxed_rank_001_alphafold2_ptm_model_3_seed_000.pdb	5.469E-01	0.277	43	3	121	140	4	122	177	128	0.850	0.672
LOKIASV2_1460_ESMFold_hypothetical_protein	A0A6B9LCH7_unrelaxed_rank_001_alphafold2_ptm_model_1_seed_000.pdb	A0A6B9LCH7_unrelaxed_rank_001_alphafold2_ptm_model_1_seed_000.pdb	1.191E+00	0.254	42	20	65	140	20	71	83	52	0.329	0.627
LOKIASV2_1460_ESMFold_hypothetical_protein	A0A8S5N058_unrelaxed_rank_001_alphafold2_ptm_model_3_seed_000.pdb	A0A8S5N058_unrelaxed_rank_001_alphafold2_ptm_model_3_seed_000.pdb	5.125E-01	0.233	41	6	89	140	35	122	126	91	0.600	0.698
LOKIASV2_1460_ESMFold_hypothetical_protein	A0A8S5RVB8_unrelaxed_rank_001_alphafold2_ptm_model_1_seed_000.pdb	A0A8S5RVB8_unrelaxed_rank_001_alphafold2_ptm_model_1_seed_000.pdb	1.647E+00	0.196	39	29	76	140	129	178	180	50	0.343	0.278
LOKIASV2_1460_ESMFold_hypothetical_protein	E3T5I5_unrelaxed_rank_001_alphafold2_ptm_model_3_seed_000.pdb	E3T5I5_unrelaxed_rank_001_alphafold2_ptm_model_3_seed_000.pdb	1.116E+00	0.179	38	41	97	140	87	138	144	57	0.407	0.361
LOKIASV2_1460_ESMFold_hypothetical_protein	A0A6M3T948_unrelaxed_rank_001_alphafold2_ptm_model_1_seed_000.pdb	A0A6M3T948_unrelaxed_rank_001_alphafold2_ptm_model_1_seed_000.pdb	9.188E-01	0.150	36	4	76	140	43	107	110	73	0.521	0.591
LOKIASV2_1460_ESMFold_hypothetical_protein	A0A2H4FUQ5_unrelaxed_rank_001_alphafold2_ptm_model_1_seed_000.pdb	A0A2H4FUQ5_unrelaxed_rank_001_alphafold2_ptm_model_1_seed_000.pdb	2.278E+00	0.138	35	50	97	140	1	50	51	51	0.343	0.980
LOKIASV2_1460_ESMFold_hypothetical_protein	A0A6B9JAQ3_unrelaxed_rank_001_alphafold2_ptm_model_1_seed_000.pdb	A0A6B9JAQ3_unrelaxed_rank_001_alphafold2_ptm_model_1_seed_000.pdb	3.828E+00	0.138	35	35	75	140	27	66	80	41	0.293	0.500
LOKIASV2_1460_ESMFold_hypothetical_protein	A0A6J5KLV2_unrelaxed_rank_001_alphafold2_ptm_model_2_seed_000.pdb	A0A6J5KLV2_unrelaxed_rank_001_alphafold2_ptm_model_2_seed_000.pdb	7.089E-01	0.138	35	1	76	140	35	129	132	95	0.543	0.720
LOKIASV2_1460_ESMFold_hypothetical_protein	A0A4D5ZIQ8_unrelaxed_rank_001_alphafold2_ptm_model_3_seed_000.pdb	A0A4D5ZIQ8_unrelaxed_rank_001_alphafold2_ptm_model_3_seed_000.pdb	1.758E+00	0.126	34	37	96	140	17	69	75	61	0.429	0.707
LOKIASV2_1460_ESMFold_hypothetical_protein	A0A8S5V7J4_unrelaxed_rank_001_alphafold2_ptm_model_3_seed_000.pdb	A0A8S5V7J4_unrelaxed_rank_001_alphafold2_ptm_model_3_seed_000.pdb	6.226E-01	0.126	34	34	123	140	40	124	128	98	0.643	0.664
LOKIASV2_1460_ESMFold_hypothetical_protein	A0A889IPY4_unrelaxed_rank_001_alphafold2_ptm_model_2_seed_000.pdb	A0A889IPY4_unrelaxed_rank_001_alphafold2_ptm_model_2_seed_000.pdb	1.647E+00	0.126	34	48	84	140	58	93	167	37	0.264	0.216
LOKIASV2_1460_ESMFold_hypothetical_protein	A0A8S5QBN5_unrelaxed_rank_001_alphafold2_ptm_model_2_seed_000.pdb	A0A8S5QBN5_unrelaxed_rank_001_alphafold2_ptm_model_2_seed_000.pdb	2.953E+00	0.116	33	52	90	140	19	58	59	40	0.279	0.678
LOKIASV2_1460_ESMFold_hypothetical_protein	A0A8F3C7G0_unrelaxed_rank_001_alphafold2_ptm_model_3_seed_000.pdb	A0A8F3C7G0_unrelaxed_rank_001_alphafold2_ptm_model_3_seed_000.pdb	2.135E+00	0.116	33	48	75	140	55	82	86	28	0.200	0.326
LOKIASV2_1460_ESMFold_hypothetical_protein	A0A8S5T0K8_unrelaxed_rank_001_alphafold2_ptm_model_1_seed_000.pdb	A0A8S5T0K8_unrelaxed_rank_001_alphafold2_ptm_model_1_seed_000.pdb	2.594E+00	0.116	33	52	76	140	124	148	154	25	0.179	0.162
LOKIASV2_1460_ESMFold_hypothetical_protein	A0A649VF16_unrelaxed_rank_001_alphafold2_ptm_model_3_seed_000.pdb	A0A649VF16_unrelaxed_rank_001_alphafold2_ptm_model_3_seed_000.pdb	4.085E+00	0.106	32	48	92	140	1	45	46	45	0.321	0.978
LOKIASV2_1460_ESMFold_hypothetical_protein	A0A411CX23_unrelaxed_rank_001_alphafold2_ptm_model_2_seed_000.pdb	A0A411CX23_unrelaxed_rank_001_alphafold2_ptm_model_2_seed_000.pdb	1.544E+00	0.106	32	52	91	140	40	80	84	43	0.286	0.488
LOKIASV2_1460_ESMFold_hypothetical_protein	A0A2Z4GUR6_unrelaxed_rank_001_alphafold2_ptm_model_1_seed_000.pdb	A0A2Z4GUR6_unrelaxed_rank_001_alphafold2_ptm_model_1_seed_000.pdb	2.278E+00	0.106	32	34	93	140	67	126	127	60	0.429	0.472
LOKIASV2_1460_ESMFold_hypothetical_protein	A0A6J5KT26_unrelaxed_rank_001_alphafold2_ptm_model_1_seed_000.pdb	A0A6J5KT26_unrelaxed_rank_001_alphafold2_ptm_model_1_seed_000.pdb	3.706E-01	0.106	32	7	76	140	79	157	158	82	0.500	0.500
LOKIASV2_1460_ESMFold_hypothetical_protein	A0A7D5JHT7_unrelaxed_rank_001_alphafold2_ptm_model_3_seed_000.pdb	A0A7D5JHT7_unrelaxed_rank_001_alphafold2_ptm_model_3_seed_000.pdb	2.001E+00	0.098	31	24	75	140	23	67	69	52	0.371	0.652
LOKIASV2_1460_ESMFold_hypothetical_protein	A0A221LFG7_1_unrelaxed_rank_001_alphafold2_ptm_model_3_seed_000.pdb	A0A221LFG7_1_unrelaxed_rank_001_alphafold2_ptm_model_3_seed_000.pdb	2.768E+00	0.098	31	50	76	140	251	278	894	28	0.193	0.031
LOKIASV2_1460_ESMFold_hypothetical_protein	A0A8B6MVE3_unrelaxed_rank_001_alphafold2_ptm_model_2_seed_000.pdb	A0A8B6MVE3_unrelaxed_rank_001_alphafold2_ptm_model_2_seed_000.pdb	4.085E+00	0.090	30	46	96	140	23	74	93	54	0.364	0.559
LOKIASV2_1460_ESMFold_hypothetical_protein	A0A7R8R5W3_unrelaxed_rank_001_alphafold2_ptm_model_1_seed_000.pdb	A0A7R8R5W3_unrelaxed_rank_001_alphafold2_ptm_model_1_seed_000.pdb	2.278E+00	0.090	30	50	94	140	52	98	100	49	0.321	0.470
LOKIASV2_1460_ESMFold_hypothetical_protein	A0A481Z334_unrelaxed_rank_001_alphafold2_ptm_model_2_seed_000.pdb	A0A481Z334_unrelaxed_rank_001_alphafold2_ptm_model_2_seed_000.pdb	2.001E+00	0.090	30	39	76	140	90	130	132	42	0.271	0.311
LOKIASV2_1460_ESMFold_hypothetical_protein	A0A8S5V4K6_unrelaxed_rank_001_alphafold2_ptm_model_2_seed_000.pdb	A0A8S5V4K6_unrelaxed_rank_001_alphafold2_ptm_model_2_seed_000.pdb	3.828E+00	0.090	30	47	76	140	291	322	325	32	0.214	0.098
LOKIASV2_1460_ESMFold_hypothetical_protein	I1TQZ1_unrelaxed_rank_001_alphafold2_ptm_model_3_seed_000.pdb	I1TQZ1_unrelaxed_rank_001_alphafold2_ptm_model_3_seed_000.pdb	3.151E+00	0.082	29	6	50	140	24	68	77	45	0.321	0.584
LOKIASV2_1460_ESMFold_hypothetical_protein	A0A6G8MXB5_unrelaxed_rank_001_alphafold2_ptm_model_3_seed_000.pdb	A0A6G8MXB5_unrelaxed_rank_001_alphafold2_ptm_model_3_seed_000.pdb	2.594E+00	0.082	29	29	75	140	8	50	123	47	0.336	0.350
LOKIASV2_1460_ESMFold_hypothetical_protein	A0A8S5MC76_unrelaxed_rank_001_alphafold2_ptm_model_1_seed_000.pdb	A0A8S5MC76_unrelaxed_rank_001_alphafold2_ptm_model_1_seed_000.pdb	9.188E-01	0.082	29	29	121	140	25	119	129	100	0.664	0.736
LOKIASV2_1460_ESMFold_hypothetical_protein	A0A345BPQ5_unrelaxed_rank_001_alphafold2_ptm_model_2_seed_000.pdb	A0A345BPQ5_unrelaxed_rank_001_alphafold2_ptm_model_2_seed_000.pdb	3.050E-01	0.082	29	6	117	140	2	102	142	130	0.800	0.711
LOKIASV2_1460_ESMFold_hypothetical_protein	A0A3G4ZSR7_unrelaxed_rank_001_alphafold2_ptm_model_1_seed_000.pdb	A0A3G4ZSR7_unrelaxed_rank_001_alphafold2_ptm_model_1_seed_000.pdb	1.116E+00	0.082	29	38	140	140	60	171	171	119	0.736	0.655
LOKIASV2_1460_ESMFold_hypothetical_protein	A0A3G5A8R7_unrelaxed_rank_001_alphafold2_ptm_model_3_seed_000.pdb	A0A3G5A8R7_unrelaxed_rank_001_alphafold2_ptm_model_3_seed_000.pdb	1.356E+00	0.082	29	6	136	140	173	329	637	165	0.936	0.246
LOKIASV2_1460_ESMFold_hypothetical_protein	A0A7G8LHY1_unrelaxed_rank_001_alphafold2_ptm_model_3_seed_000.pdb	A0A7G8LHY1_unrelaxed_rank_001_alphafold2_ptm_model_3_seed_000.pdb	8.896E+00	0.076	28	52	94	140	5	45	49	43	0.307	0.837
LOKIASV2_1460_ESMFold_hypothetical_protein	A0A6J5M715_unrelaxed_rank_001_alphafold2_ptm_model_3_seed_000.pdb	A0A6J5M715_unrelaxed_rank_001_alphafold2_ptm_model_3_seed_000.pdb	2.953E+00	0.076	28	37	98	140	4	64	92	64	0.443	0.663
LOKIASV2_1460_ESMFold_hypothetical_protein	F6GQ74_unrelaxed_rank_001_alphafold2_ptm_model_3_seed_000.pdb	F6GQ74_unrelaxed_rank_001_alphafold2_ptm_model_3_seed_000.pdb	2.205E-01	0.076	28	1	81	140	14	113	122	107	0.579	0.820
LOKIASV2_1460_ESMFold_hypothetical_protein	A0A6J5KZZ3_unrelaxed_rank_001_alphafold2_ptm_model_1_seed_000.pdb	A0A6J5KZZ3_unrelaxed_rank_001_alphafold2_ptm_model_1_seed_000.pdb	1.447E+00	0.076	28	1	138	140	22	163	169	162	0.986	0.840
LOKIASV2_1460_ESMFold_hypothetical_protein	A0A142CKC5_unrelaxed_rank_001_alphafold2_ptm_model_3_seed_000.pdb	A0A142CKC5_unrelaxed_rank_001_alphafold2_ptm_model_3_seed_000.pdb	4.085E+00	0.076	28	51	104	140	176	229	234	54	0.386	0.231
LOKIASV2_1460_ESMFold_hypothetical_protein	A0A1L3KFQ5_unrelaxed_rank_001_alphafold2_ptm_model_2_seed_000.pdb	A0A1L3KFQ5_unrelaxed_rank_001_alphafold2_ptm_model_2_seed_000.pdb	1.876E+00	0.076	28	24	88	140	209	276	294	68	0.464	0.231
LOKIASV2_1460_ESMFold_hypothetical_protein	A0A8D4GNB8_unrelaxed_rank_001_alphafold2_ptm_model_2_seed_000.pdb	A0A8D4GNB8_unrelaxed_rank_001_alphafold2_ptm_model_2_seed_000.pdb	5.650E+00	0.076	28	51	75	140	452	476	481	25	0.179	0.052
LOKIASV2_1460_ESMFold_hypothetical_protein	A0A2P0VMK4_unrelaxed_rank_001_alphafold2_ptm_model_2_seed_000.pdb	A0A2P0VMK4_unrelaxed_rank_001_alphafold2_ptm_model_2_seed_000.pdb	2.431E+00	0.076	28	45	76	140	572	602	797	32	0.229	0.039
LOKIASV2_1460_ESMFold_hypothetical_protein	A0A068EUB1_unrelaxed_rank_001_alphafold2_ptm_model_1_seed_000.pdb	A0A068EUB1_unrelaxed_rank_001_alphafold2_ptm_model_1_seed_000.pdb	6.028E+00	0.069	27	52	91	140	4	44	49	41	0.286	0.837
LOKIASV2_1460_ESMFold_hypothetical_protein	A0A9E7S262_unrelaxed_rank_001_alphafold2_ptm_model_3_seed_000.pdb	A0A9E7S262_unrelaxed_rank_001_alphafold2_ptm_model_3_seed_000.pdb	6.863E+00	0.069	27	52	102	140	21	66	72	51	0.364	0.639
LOKIASV2_1460_ESMFold_hypothetical_protein	A0A8S5M750_unrelaxed_rank_001_alphafold2_ptm_model_3_seed_000.pdb	A0A8S5M750_unrelaxed_rank_001_alphafold2_ptm_model_3_seed_000.pdb	4.085E+00	0.069	27	23	79	140	14	75	77	62	0.407	0.805
LOKIASV2_1460_ESMFold_hypothetical_protein	A0A6J5NLL0_unrelaxed_rank_001_alphafold2_ptm_model_2_seed_000.pdb	A0A6J5NLL0_unrelaxed_rank_001_alphafold2_ptm_model_2_seed_000.pdb	2.594E+00	0.069	27	52	133	140	5	74	80	82	0.586	0.875
LOKIASV2_1460_ESMFold_hypothetical_protein	A0A8S5QT69_unrelaxed_rank_001_alphafold2_ptm_model_1_seed_000.pdb	A0A8S5QT69_unrelaxed_rank_001_alphafold2_ptm_model_1_seed_000.pdb	2.278E+00	0.069	27	1	94	140	1	78	80	101	0.671	0.975
LOKIASV2_1460_ESMFold_hypothetical_protein	A0A5B9N4W8_unrelaxed_rank_001_alphafold2_ptm_model_3_seed_000.pdb	A0A5B9N4W8_unrelaxed_rank_001_alphafold2_ptm_model_3_seed_000.pdb	2.594E+00	0.069	27	23	98	140	1	76	81	81	0.543	0.938
LOKIASV2_1460_ESMFold_hypothetical_protein	A0A6J5NUE3_unrelaxed_rank_001_alphafold2_ptm_model_1_seed_000.pdb	A0A6J5NUE3_unrelaxed_rank_001_alphafold2_ptm_model_1_seed_000.pdb	2.135E+00	0.069	27	30	89	140	23	88	92	67	0.429	0.717
LOKIASV2_1460_ESMFold_hypothetical_protein	A0A516MCI1_unrelaxed_rank_001_alphafold2_ptm_model_3_seed_000.pdb	A0A516MCI1_unrelaxed_rank_001_alphafold2_ptm_model_3_seed_000.pdb	9.804E-01	0.069	27	1	99	140	9	101	104	105	0.707	0.894
LOKIASV2_1460_ESMFold_hypothetical_protein	A0A3T0IIM6_unrelaxed_rank_001_alphafold2_ptm_model_3_seed_000.pdb	A0A3T0IIM6_unrelaxed_rank_001_alphafold2_ptm_model_3_seed_000.pdb	1.356E+00	0.069	27	4	91	140	36	98	109	88	0.629	0.578
LOKIASV2_1460_ESMFold_hypothetical_protein	A0A858E9L6_unrelaxed_rank_001_alphafold2_ptm_model_1_seed_000.pdb	A0A858E9L6_unrelaxed_rank_001_alphafold2_ptm_model_1_seed_000.pdb	7.089E-01	0.069	27	24	111	140	92	175	176	98	0.629	0.477
LOKIASV2_1460_ESMFold_hypothetical_protein	A0A6J5TAF0_unrelaxed_rank_001_alphafold2_ptm_model_3_seed_000.pdb	A0A6J5TAF0_unrelaxed_rank_001_alphafold2_ptm_model_3_seed_000.pdb	7.814E+00	0.069	27	48	94	140	135	186	190	52	0.336	0.274
LOKIASV2_1460_ESMFold_hypothetical_protein	A0A8S5SVS7_unrelaxed_rank_001_alphafold2_ptm_model_2_seed_000.pdb	A0A8S5SVS7_unrelaxed_rank_001_alphafold2_ptm_model_2_seed_000.pdb	2.768E+00	0.069	27	7	91	140	88	190	194	105	0.607	0.531
LOKIASV2_1460_ESMFold_hypothetical_protein	A0A8S5RN31_unrelaxed_rank_001_alphafold2_ptm_model_2_seed_000.pdb	A0A8S5RN31_unrelaxed_rank_001_alphafold2_ptm_model_2_seed_000.pdb	3.588E+00	0.069	27	52	140	140	14	115	307	103	0.636	0.332
LOKIASV2_1460_ESMFold_hypothetical_protein	A0A873WNI3_unrelaxed_rank_001_alphafold2_ptm_model_5_seed_000.pdb	A0A873WNI3_unrelaxed_rank_001_alphafold2_ptm_model_5_seed_000.pdb	1.356E+00	0.069	27	3	62	140	84	137	359	64	0.429	0.150
LOKIASV2_1460_ESMFold_hypothetical_protein	A0A3G5AED7_unrelaxed_rank_001_alphafold2_ptm_model_3_seed_000.pdb	A0A3G5AED7_unrelaxed_rank_001_alphafold2_ptm_model_3_seed_000.pdb	3.151E+00	0.069	27	52	76	140	476	499	542	25	0.179	0.044
LOKIASV2_1460_ESMFold_hypothetical_protein	A0A6J5LS95_unrelaxed_rank_001_alphafold2_ptm_model_3_seed_000.pdb	A0A6J5LS95_unrelaxed_rank_001_alphafold2_ptm_model_3_seed_000.pdb	1.876E+00	0.069	27	34	99	140	319	385	636	67	0.471	0.105
LOKIASV2_1460_ESMFold_hypothetical_protein	A0A516LBF8_unrelaxed_rank_001_alphafold2_ptm_model_2_seed_000.pdb	A0A516LBF8_unrelaxed_rank_001_alphafold2_ptm_model_2_seed_000.pdb	2.594E+00	0.063	26	52	110	140	10	67	67	62	0.421	0.866
LOKIASV2_1460_ESMFold_hypothetical_protein	A0A516MIM9_unrelaxed_rank_001_alphafold2_ptm_model_3_seed_000.pdb	A0A516MIM9_unrelaxed_rank_001_alphafold2_ptm_model_3_seed_000.pdb	2.768E+00	0.063	26	4	92	140	1	57	70	90	0.636	0.814
LOKIASV2_1460_ESMFold_hypothetical_protein	S5MCU1_unrelaxed_rank_001_alphafold2_ptm_model_1_seed_000.pdb	S5MCU1_unrelaxed_rank_001_alphafold2_ptm_model_1_seed_000.pdb	1.191E+00	0.063	26	26	76	140	1	70	73	74	0.364	0.959
LOKIASV2_1460_ESMFold_hypothetical_protein	A0A345BQ62_unrelaxed_rank_001_alphafold2_ptm_model_1_seed_000.pdb	A0A345BQ62_unrelaxed_rank_001_alphafold2_ptm_model_1_seed_000.pdb	8.338E+00	0.063	26	28	64	140	32	67	84	37	0.264	0.429
LOKIASV2_1460_ESMFold_hypothetical_protein	A0A097EY16_unrelaxed_rank_001_alphafold2_ptm_model_2_seed_000.pdb	A0A097EY16_unrelaxed_rank_001_alphafold2_ptm_model_2_seed_000.pdb	2.431E+00	0.063	26	23	74	140	21	76	92	56	0.371	0.609
LOKIASV2_1460_ESMFold_hypothetical_protein	A0A6J7WKJ5_unrelaxed_rank_001_alphafold2_ptm_model_1_seed_000.pdb	A0A6J7WKJ5_unrelaxed_rank_001_alphafold2_ptm_model_1_seed_000.pdb	1.356E+00	0.063	26	22	93	140	10	78	97	82	0.514	0.711
LOKIASV2_1460_ESMFold_hypothetical_protein	A5A3U6_unrelaxed_rank_001_alphafold2_ptm_model_1_seed_000.pdb	A5A3U6_unrelaxed_rank_001_alphafold2_ptm_model_1_seed_000.pdb	6.863E+00	0.063	26	83	132	140	48	97	98	50	0.357	0.510
LOKIASV2_1460_ESMFold_hypothetical_protein	A0A4Y5NY29_unrelaxed_rank_001_alphafold2_ptm_model_3_seed_000.pdb	A0A4Y5NY29_unrelaxed_rank_001_alphafold2_ptm_model_3_seed_000.pdb	6.028E+00	0.063	26	52	94	140	63	101	117	43	0.307	0.333
LOKIASV2_1460_ESMFold_hypothetical_protein	A0A0B5JCW5_unrelaxed_rank_001_alphafold2_ptm_model_3_seed_000.pdb	A0A0B5JCW5_unrelaxed_rank_001_alphafold2_ptm_model_3_seed_000.pdb	3.362E+00	0.063	26	4	75	140	86	152	159	74	0.514	0.421
LOKIASV2_1460_ESMFold_hypothetical_protein	A0A6M9U0I9_2_unrelaxed_rank_001_alphafold2_ptm_model_2_seed_000.pdb	A0A6M9U0I9_2_unrelaxed_rank_001_alphafold2_ptm_model_2_seed_000.pdb	4.651E+00	0.063	26	52	79	140	306	333	881	28	0.200	0.032
LOKIASV2_1460_ESMFold_hypothetical_protein	A0A5B9N4P8_unrelaxed_rank_001_alphafold2_ptm_model_1_seed_000.pdb	A0A5B9N4P8_unrelaxed_rank_001_alphafold2_ptm_model_1_seed_000.pdb	2.431E+00	0.057	25	1	48	140	7	54	65	48	0.343	0.738
LOKIASV2_1460_ESMFold_hypothetical_protein	A0A514AAP1_unrelaxed_rank_001_alphafold2_ptm_model_3_seed_000.pdb	A0A514AAP1_unrelaxed_rank_001_alphafold2_ptm_model_3_seed_000.pdb	8.338E+00	0.057	25	49	98	140	13	61	71	51	0.357	0.690
LOKIASV2_1460_ESMFold_hypothetical_protein	A0A7L7SM89_unrelaxed_rank_001_alphafold2_ptm_model_3_seed_000.pdb	A0A7L7SM89_unrelaxed_rank_001_alphafold2_ptm_model_3_seed_000.pdb	3.151E+00	0.057	25	6	76	140	7	70	75	72	0.507	0.853
LOKIASV2_1460_ESMFold_hypothetical_protein	A0A023ZWH4_unrelaxed_rank_001_alphafold2_ptm_model_3_seed_000.pdb	A0A023ZWH4_unrelaxed_rank_001_alphafold2_ptm_model_3_seed_000.pdb	4.962E+00	0.057	25	48	94	140	27	74	95	48	0.336	0.505
LOKIASV2_1460_ESMFold_hypothetical_protein	A0A1J0MD66_unrelaxed_rank_001_alphafold2_ptm_model_3_seed_000.pdb	A0A1J0MD66_unrelaxed_rank_001_alphafold2_ptm_model_3_seed_000.pdb	5.650E+00	0.057	25	51	80	140	51	80	103	30	0.214	0.291
LOKIASV2_1460_ESMFold_hypothetical_protein	V9SEM3_unrelaxed_rank_001_alphafold2_ptm_model_2_seed_000.pdb	V9SEM3_unrelaxed_rank_001_alphafold2_ptm_model_2_seed_000.pdb	1.544E+00	0.057	25	37	138	140	8	117	120	115	0.729	0.917
LOKIASV2_1460_ESMFold_hypothetical_protein	A0A075DXF8_unrelaxed_rank_001_alphafold2_ptm_model_2_seed_000.pdb	A0A075DXF8_unrelaxed_rank_001_alphafold2_ptm_model_2_seed_000.pdb	6.028E+00	0.057	25	47	101	140	69	120	123	55	0.393	0.423
LOKIASV2_1460_ESMFold_hypothetical_protein	M9MUN0_unrelaxed_rank_001_alphafold2_ptm_model_2_seed_000.pdb	M9MUN0_unrelaxed_rank_001_alphafold2_ptm_model_2_seed_000.pdb	1.544E+00	0.057	25	20	91	140	58	128	138	77	0.514	0.514
LOKIASV2_1460_ESMFold_hypothetical_protein	A0A481YZL2_unrelaxed_rank_001_alphafold2_ptm_model_2_seed_000.pdb	A0A481YZL2_unrelaxed_rank_001_alphafold2_ptm_model_2_seed_000.pdb	3.362E+00	0.057	25	4	26	140	50	72	154	23	0.164	0.149
LOKIASV2_1460_ESMFold_hypothetical_protein	A0A8S5MMD2_unrelaxed_rank_001_alphafold2_ptm_model_1_seed_000.pdb	A0A8S5MMD2_unrelaxed_rank_001_alphafold2_ptm_model_1_seed_000.pdb	2.768E+00	0.057	25	52	139	140	70	155	157	88	0.629	0.548
LOKIASV2_1460_ESMFold_hypothetical_protein	A0A894JN76_unrelaxed_rank_001_alphafold2_ptm_model_1_seed_000.pdb	A0A894JN76_unrelaxed_rank_001_alphafold2_ptm_model_1_seed_000.pdb	2.768E+00	0.057	25	37	76	140	222	259	596	40	0.286	0.064
LOKIASV2_1460_ESMFold_hypothetical_protein	A0A1B2IF92_unrelaxed_rank_001_alphafold2_ptm_model_3_seed_000.pdb	A0A1B2IF92_unrelaxed_rank_001_alphafold2_ptm_model_3_seed_000.pdb	8.338E+00	0.051	24	34	79	140	11	56	58	46	0.329	0.793
LOKIASV2_1460_ESMFold_hypothetical_protein	A0A096XUT6_unrelaxed_rank_001_alphafold2_ptm_model_1_seed_000.pdb	A0A096XUT6_unrelaxed_rank_001_alphafold2_ptm_model_1_seed_000.pdb	3.828E+00	0.051	24	1	49	140	6	59	65	54	0.350	0.831
LOKIASV2_1460_ESMFold_hypothetical_protein	A0A7R7J3I8_unrelaxed_rank_001_alphafold2_ptm_model_1_seed_000.pdb	A0A7R7J3I8_unrelaxed_rank_001_alphafold2_ptm_model_1_seed_000.pdb	8.338E+00	0.051	24	52	87	140	44	79	81	36	0.257	0.444
LOKIASV2_1460_ESMFold_hypothetical_protein	A0A6M3BEQ1_unrelaxed_rank_001_alphafold2_ptm_model_3_seed_000.pdb	A0A6M3BEQ1_unrelaxed_rank_001_alphafold2_ptm_model_3_seed_000.pdb	4.962E+00	0.051	24	20	75	140	27	84	89	63	0.400	0.652
LOKIASV2_1460_ESMFold_hypothetical_protein	A0A516LRX9_unrelaxed_rank_001_alphafold2_ptm_model_1_seed_000.pdb	A0A516LRX9_unrelaxed_rank_001_alphafold2_ptm_model_1_seed_000.pdb	4.651E+00	0.051	24	45	76	140	60	91	93	32	0.229	0.344
LOKIASV2_1460_ESMFold_hypothetical_protein	A0A8S5URW2_unrelaxed_rank_001_alphafold2_ptm_model_2_seed_000.pdb	A0A8S5URW2_unrelaxed_rank_001_alphafold2_ptm_model_2_seed_000.pdb	3.362E+00	0.051	24	2	98	140	34	107	113	98	0.693	0.655
LOKIASV2_1460_ESMFold_hypothetical_protein	A0A7G8LDJ7_unrelaxed_rank_001_alphafold2_ptm_model_5_seed_000.pdb	A0A7G8LDJ7_unrelaxed_rank_001_alphafold2_ptm_model_5_seed_000.pdb	1.876E+00	0.051	24	51	112	140	134	198	212	68	0.443	0.307
LOKIASV2_1460_ESMFold_hypothetical_protein	A0A1V0SFM3_unrelaxed_rank_001_alphafold2_ptm_model_3_seed_000.pdb	A0A1V0SFM3_unrelaxed_rank_001_alphafold2_ptm_model_3_seed_000.pdb	1.544E+00	0.051	24	22	126	140	120	223	226	112	0.750	0.460
LOKIASV2_1460_ESMFold_hypothetical_protein	B3FJK1_unrelaxed_rank_001_alphafold2_ptm_model_1_seed_000.pdb	B3FJK1_unrelaxed_rank_001_alphafold2_ptm_model_1_seed_000.pdb	3.588E+00	0.051	24	22	78	140	69	123	271	62	0.407	0.203
LOKIASV2_1460_ESMFold_hypothetical_protein	A0A191S3T9_unrelaxed_rank_001_alphafold2_ptm_model_3_seed_000.pdb	A0A191S3T9_unrelaxed_rank_001_alphafold2_ptm_model_3_seed_000.pdb	1.046E+00	0.051	24	48	138	140	87	196	438	110	0.650	0.251
LOKIASV2_1460_ESMFold_hypothetical_protein	A0A0H4U087_unrelaxed_rank_001_alphafold2_ptm_model_3_seed_000.pdb	A0A0H4U087_unrelaxed_rank_001_alphafold2_ptm_model_3_seed_000.pdb	6.028E+00	0.051	24	47	99	140	245	298	439	54	0.379	0.123
LOKIASV2_1460_ESMFold_hypothetical_protein	A0A481Z7J3_unrelaxed_rank_001_alphafold2_ptm_model_3_seed_000.pdb	A0A481Z7J3_unrelaxed_rank_001_alphafold2_ptm_model_3_seed_000.pdb	2.953E+00	0.051	24	52	138	140	584	678	683	97	0.621	0.139
LOKIASV2_1460_ESMFold_hypothetical_protein	A0A650AJI4_unrelaxed_rank_001_alphafold2_ptm_model_2_seed_000.pdb	A0A650AJI4_unrelaxed_rank_001_alphafold2_ptm_model_2_seed_000.pdb	1.647E+00	0.051	24	3	80	140	307	378	717	83	0.557	0.100
LOKIASV2_1460_ESMFold_hypothetical_protein	A0A8S0HVH4_unrelaxed_rank_001_alphafold2_ptm_model_1_seed_000.pdb	A0A8S0HVH4_unrelaxed_rank_001_alphafold2_ptm_model_1_seed_000.pdb	6.432E+00	0.045	23	52	94	140	4	46	62	43	0.307	0.694
LOKIASV2_1460_ESMFold_hypothetical_protein	G8EYF6_unrelaxed_rank_001_alphafold2_ptm_model_1_seed_000.pdb	G8EYF6_unrelaxed_rank_001_alphafold2_ptm_model_1_seed_000.pdb	4.962E+00	0.045	23	37	79	140	10	54	62	48	0.307	0.726
LOKIASV2_1460_ESMFold_hypothetical_protein	A0A2K9L1R0_unrelaxed_rank_001_alphafold2_ptm_model_2_seed_000.pdb	A0A2K9L1R0_unrelaxed_rank_001_alphafold2_ptm_model_2_seed_000.pdb	2.953E+00	0.045	23	7	76	140	4	73	73	77	0.500	0.959
LOKIASV2_1460_ESMFold_hypothetical_protein	A0A345BRF3_unrelaxed_rank_001_alphafold2_ptm_model_3_seed_000.pdb	A0A345BRF3_unrelaxed_rank_001_alphafold2_ptm_model_3_seed_000.pdb	4.962E+00	0.045	23	1	75	140	1	75	81	82	0.536	0.926
LOKIASV2_1460_ESMFold_hypothetical_protein	A0A385EE50_unrelaxed_rank_001_alphafold2_ptm_model_3_seed_000.pdb	A0A385EE50_unrelaxed_rank_001_alphafold2_ptm_model_3_seed_000.pdb	7.323E+00	0.045	23	32	98	140	11	77	82	68	0.479	0.817
LOKIASV2_1460_ESMFold_hypothetical_protein	A7IUM3_unrelaxed_rank_001_alphafold2_ptm_model_3_seed_000.pdb	A7IUM3_unrelaxed_rank_001_alphafold2_ptm_model_3_seed_000.pdb	6.028E+00	0.045	23	30	79	140	33	80	88	50	0.357	0.545
LOKIASV2_1460_ESMFold_hypothetical_protein	A0A2I2L4C1_unrelaxed_rank_001_alphafold2_ptm_model_1_seed_000.pdb	A0A2I2L4C1_unrelaxed_rank_001_alphafold2_ptm_model_1_seed_000.pdb	5.295E+00	0.045	23	52	139	140	7	88	93	89	0.629	0.882
LOKIASV2_1460_ESMFold_hypothetical_protein	A0A142IDV7_unrelaxed_rank_001_alphafold2_ptm_model_3_seed_000.pdb	A0A142IDV7_unrelaxed_rank_001_alphafold2_ptm_model_3_seed_000.pdb	6.432E+00	0.045	23	51	98	140	66	115	129	50	0.343	0.388
LOKIASV2_1460_ESMFold_hypothetical_protein	Q00146_unrelaxed_rank_001_alphafold2_ptm_model_3_seed_000.pdb	Q00146_unrelaxed_rank_001_alphafold2_ptm_model_3_seed_000.pdb	1.191E+00	0.045	23	2	79	140	11	108	147	105	0.557	0.667
LOKIASV2_1460_ESMFold_hypothetical_protein	A0A386K7G3_unrelaxed_rank_001_alphafold2_ptm_model_3_seed_000.pdb	A0A386K7G3_unrelaxed_rank_001_alphafold2_ptm_model_3_seed_000.pdb	3.151E+00	0.045	23	37	134	140	94	196	202	109	0.700	0.510
LOKIASV2_1460_ESMFold_hypothetical_protein	A0A5J6RAG3_unrelaxed_rank_001_alphafold2_ptm_model_3_seed_000.pdb	A0A5J6RAG3_unrelaxed_rank_001_alphafold2_ptm_model_3_seed_000.pdb	4.358E+00	0.045	23	52	138	140	78	169	214	99	0.621	0.430
LOKIASV2_1460_ESMFold_hypothetical_protein	A0A886NIY7_unrelaxed_rank_001_alphafold2_ptm_model_5_seed_000.pdb	A0A886NIY7_unrelaxed_rank_001_alphafold2_ptm_model_5_seed_000.pdb	3.588E+00	0.045	23	22	111	140	158	242	243	93	0.643	0.350
LOKIASV2_1460_ESMFold_hypothetical_protein	S5WBC2_unrelaxed_rank_001_alphafold2_ptm_model_4_seed_000.pdb	S5WBC2_unrelaxed_rank_001_alphafold2_ptm_model_4_seed_000.pdb	1.647E+00	0.045	23	23	93	140	195	261	276	74	0.507	0.243
LOKIASV2_1460_ESMFold_hypothetical_protein	A0A3G1L3L5_unrelaxed_rank_001_alphafold2_ptm_model_3_seed_000.pdb	A0A3G1L3L5_unrelaxed_rank_001_alphafold2_ptm_model_3_seed_000.pdb	8.896E+00	0.045	23	48	76	140	636	664	1209	29	0.207	0.024
LOKIASV2_1460_ESMFold_hypothetical_protein	A0A7U3VD70_2_unrelaxed_rank_001_alphafold2_ptm_model_5_seed_000.pdb	A0A7U3VD70_2_unrelaxed_rank_001_alphafold2_ptm_model_5_seed_000.pdb	2.768E+00	0.045	23	2	139	140	520	644	1353	142	0.986	0.092
LOKIASV2_1460_ESMFold_hypothetical_protein	A0A8S5VH50_unrelaxed_rank_001_alphafold2_ptm_model_1_seed_000.pdb	A0A8S5VH50_unrelaxed_rank_001_alphafold2_ptm_model_1_seed_000.pdb	7.323E+00	0.040	22	48	94	140	12	58	64	47	0.336	0.734
LOKIASV2_1460_ESMFold_hypothetical_protein	A0A6G5Y5N9_unrelaxed_rank_001_alphafold2_ptm_model_1_seed_000.pdb	A0A6G5Y5N9_unrelaxed_rank_001_alphafold2_ptm_model_1_seed_000.pdb	6.863E+00	0.040	22	49	94	140	18	69	71	52	0.329	0.732
LOKIASV2_1460_ESMFold_hypothetical_protein	A0A0F6WDT7_unrelaxed_rank_001_alphafold2_ptm_model_2_seed_000.pdb	A0A0F6WDT7_unrelaxed_rank_001_alphafold2_ptm_model_2_seed_000.pdb	1.356E+00	0.040	22	6	93	140	3	90	91	97	0.629	0.967
LOKIASV2_1460_ESMFold_hypothetical_protein	A0A7D3UKJ2_unrelaxed_rank_001_alphafold2_ptm_model_1_seed_000.pdb	A0A7D3UKJ2_unrelaxed_rank_001_alphafold2_ptm_model_1_seed_000.pdb	9.492E+00	0.040	22	52	76	140	88	112	118	25	0.179	0.212
LOKIASV2_1460_ESMFold_hypothetical_protein	A0A8S5RJ86_unrelaxed_rank_001_alphafold2_ptm_model_1_seed_000.pdb	A0A8S5RJ86_unrelaxed_rank_001_alphafold2_ptm_model_1_seed_000.pdb	4.358E+00	0.040	22	13	79	140	49	122	126	78	0.479	0.587
LOKIASV2_1460_ESMFold_hypothetical_protein	A0A2R8FEJ2_unrelaxed_rank_001_alphafold2_ptm_model_2_seed_000.pdb	A0A2R8FEJ2_unrelaxed_rank_001_alphafold2_ptm_model_2_seed_000.pdb	1.356E+00	0.040	22	6	93	140	49	141	142	101	0.629	0.655
LOKIASV2_1460_ESMFold_hypothetical_protein	A0A6J5T0B4_unrelaxed_rank_001_alphafold2_ptm_model_1_seed_000.pdb	A0A6J5T0B4_unrelaxed_rank_001_alphafold2_ptm_model_1_seed_000.pdb	2.953E+00	0.040	22	5	50	140	45	86	182	46	0.329	0.231
LOKIASV2_1460_ESMFold_hypothetical_protein	G1JWC9_unrelaxed_rank_001_alphafold2_ptm_model_3_seed_000.pdb	G1JWC9_unrelaxed_rank_001_alphafold2_ptm_model_3_seed_000.pdb	2.594E+00	0.040	22	24	101	140	114	195	201	87	0.557	0.408
LOKIASV2_1460_ESMFold_hypothetical_protein	M9Q2L2_unrelaxed_rank_001_alphafold2_ptm_model_3_seed_000.pdb	M9Q2L2_unrelaxed_rank_001_alphafold2_ptm_model_3_seed_000.pdb	2.953E+00	0.040	22	48	131	140	82	151	212	84	0.600	0.330
LOKIASV2_1460_ESMFold_hypothetical_protein	A0A1B2IGH2_unrelaxed_rank_001_alphafold2_ptm_model_3_seed_000.pdb	A0A1B2IGH2_unrelaxed_rank_001_alphafold2_ptm_model_3_seed_000.pdb	3.362E+00	0.040	22	31	101	140	70	138	319	74	0.507	0.216
LOKIASV2_1460_ESMFold_hypothetical_protein	A0A873WTI7_unrelaxed_rank_001_alphafold2_ptm_model_4_seed_000.pdb	A0A873WTI7_unrelaxed_rank_001_alphafold2_ptm_model_4_seed_000.pdb	4.962E+00	0.040	22	20	73	140	511	571	620	62	0.386	0.098
LOKIASV2_1460_ESMFold_hypothetical_protein	A0A218KSX8_unrelaxed_rank_001_alphafold2_ptm_model_3_seed_000.pdb	A0A218KSX8_unrelaxed_rank_001_alphafold2_ptm_model_3_seed_000.pdb	7.814E+00	0.034	21	50	96	140	24	70	71	48	0.336	0.662
LOKIASV2_1460_ESMFold_hypothetical_protein	A0A8S5Q2S5_unrelaxed_rank_001_alphafold2_ptm_model_2_seed_000.pdb	A0A8S5Q2S5_unrelaxed_rank_001_alphafold2_ptm_model_2_seed_000.pdb	4.358E+00	0.034	21	6	75	140	7	81	88	78	0.500	0.852
LOKIASV2_1460_ESMFold_hypothetical_protein	A0A7G8LGM1_unrelaxed_rank_001_alphafold2_ptm_model_3_seed_000.pdb	A0A7G8LGM1_unrelaxed_rank_001_alphafold2_ptm_model_3_seed_000.pdb	6.432E+00	0.034	21	52	80	140	62	90	103	29	0.207	0.282
LOKIASV2_1460_ESMFold_hypothetical_protein	A0A3G5A4V4_unrelaxed_rank_001_alphafold2_ptm_model_2_seed_000.pdb	A0A3G5A4V4_unrelaxed_rank_001_alphafold2_ptm_model_2_seed_000.pdb	2.278E+00	0.034	21	6	98	140	6	97	104	104	0.664	0.885
LOKIASV2_1460_ESMFold_hypothetical_protein	A0A2U8UNC9_unrelaxed_rank_001_alphafold2_ptm_model_1_seed_000.pdb	A0A2U8UNC9_unrelaxed_rank_001_alphafold2_ptm_model_1_seed_000.pdb	1.758E+00	0.034	21	18	108	140	41	116	120	93	0.650	0.633
LOKIASV2_1460_ESMFold_hypothetical_protein	A0A2L0V0A8_unrelaxed_rank_001_alphafold2_ptm_model_1_seed_000.pdb	A0A2L0V0A8_unrelaxed_rank_001_alphafold2_ptm_model_1_seed_000.pdb	8.611E-01	0.034	21	24	125	140	17	128	129	125	0.729	0.868
LOKIASV2_1460_ESMFold_hypothetical_protein	A0A385EC91_unrelaxed_rank_001_alphafold2_ptm_model_2_seed_000.pdb	A0A385EC91_unrelaxed_rank_001_alphafold2_ptm_model_2_seed_000.pdb	5.295E+00	0.034	21	37	72	140	70	107	141	38	0.257	0.270
LOKIASV2_1460_ESMFold_hypothetical_protein	A0A7D5BTX0_unrelaxed_rank_001_alphafold2_ptm_model_3_seed_000.pdb	A0A7D5BTX0_unrelaxed_rank_001_alphafold2_ptm_model_3_seed_000.pdb	1.876E+00	0.034	21	6	138	140	2	135	142	155	0.950	0.944
LOKIASV2_1460_ESMFold_hypothetical_protein	A0A7S5QY17_unrelaxed_rank_001_alphafold2_ptm_model_1_seed_000.pdb	A0A7S5QY17_unrelaxed_rank_001_alphafold2_ptm_model_1_seed_000.pdb	2.594E+00	0.034	21	29	98	140	25	109	143	88	0.500	0.594
LOKIASV2_1460_ESMFold_hypothetical_protein	A0A8S5UY27_unrelaxed_rank_001_alphafold2_ptm_model_3_seed_000.pdb	A0A8S5UY27_unrelaxed_rank_001_alphafold2_ptm_model_3_seed_000.pdb	6.863E+00	0.034	21	52	79	140	40	67	167	28	0.200	0.168
LOKIASV2_1460_ESMFold_hypothetical_protein	A0A481YX27_unrelaxed_rank_001_alphafold2_ptm_model_3_seed_000.pdb	A0A481YX27_unrelaxed_rank_001_alphafold2_ptm_model_3_seed_000.pdb	1.876E+00	0.034	21	6	87	140	3	74	169	84	0.586	0.426
LOKIASV2_1460_ESMFold_hypothetical_protein	S5VML7_unrelaxed_rank_001_alphafold2_ptm_model_3_seed_000.pdb	S5VML7_unrelaxed_rank_001_alphafold2_ptm_model_3_seed_000.pdb	4.962E+00	0.034	21	19	81	140	113	168	170	64	0.450	0.329
LOKIASV2_1460_ESMFold_hypothetical_protein	A0A076G7G4_unrelaxed_rank_001_alphafold2_ptm_model_3_seed_000.pdb	A0A076G7G4_unrelaxed_rank_001_alphafold2_ptm_model_3_seed_000.pdb	2.278E+00	0.034	21	26	139	140	3	163	175	161	0.814	0.920
LOKIASV2_1460_ESMFold_hypothetical_protein	B0YLH4_unrelaxed_rank_001_alphafold2_ptm_model_2_seed_000.pdb	B0YLH4_unrelaxed_rank_001_alphafold2_ptm_model_2_seed_000.pdb	6.432E+00	0.034	21	20	73	140	7	53	176	54	0.386	0.267
LOKIASV2_1460_ESMFold_hypothetical_protein	A0A3G5A0J8_unrelaxed_rank_001_alphafold2_ptm_model_5_seed_000.pdb	A0A3G5A0J8_unrelaxed_rank_001_alphafold2_ptm_model_5_seed_000.pdb	1.271E+00	0.034	21	52	128	140	94	182	238	93	0.550	0.374
LOKIASV2_1460_ESMFold_hypothetical_protein	A0A2I7S9U1_unrelaxed_rank_001_alphafold2_ptm_model_5_seed_000.pdb	A0A2I7S9U1_unrelaxed_rank_001_alphafold2_ptm_model_5_seed_000.pdb	2.135E+00	0.034	21	50	132	140	52	135	264	91	0.593	0.318
LOKIASV2_1460_ESMFold_hypothetical_protein	V5NYS3_unrelaxed_rank_001_alphafold2_ptm_model_4_seed_000.pdb	V5NYS3_unrelaxed_rank_001_alphafold2_ptm_model_4_seed_000.pdb	8.611E-01	0.034	21	1	131	140	93	192	264	134	0.936	0.379
LOKIASV2_1460_ESMFold_hypothetical_protein	A0A7D7FEU0_unrelaxed_rank_001_alphafold2_ptm_model_3_seed_000.pdb	A0A7D7FEU0_unrelaxed_rank_001_alphafold2_ptm_model_3_seed_000.pdb	7.323E+00	0.034	21	26	76	140	206	259	269	54	0.364	0.201
LOKIASV2_1460_ESMFold_hypothetical_protein	A0A3G4ZPD0_unrelaxed_rank_001_alphafold2_ptm_model_5_seed_000.pdb	A0A3G4ZPD0_unrelaxed_rank_001_alphafold2_ptm_model_5_seed_000.pdb	2.135E+00	0.034	21	34	140	140	148	240	282	117	0.764	0.330
LOKIASV2_1460_ESMFold_hypothetical_protein	A0A4D6T839_unrelaxed_rank_001_alphafold2_ptm_model_5_seed_000.pdb	A0A4D6T839_unrelaxed_rank_001_alphafold2_ptm_model_5_seed_000.pdb	6.432E+00	0.034	21	22	63	140	200	241	317	43	0.300	0.132
LOKIASV2_1460_ESMFold_hypothetical_protein	A0A481Z124_unrelaxed_rank_001_alphafold2_ptm_model_3_seed_000.pdb	A0A481Z124_unrelaxed_rank_001_alphafold2_ptm_model_3_seed_000.pdb	4.651E+00	0.034	21	5	133	140	304	436	565	151	0.921	0.235
LOKIASV2_1460_ESMFold_hypothetical_protein	A0A1L3KMK3_2_unrelaxed_rank_001_alphafold2_ptm_model_2_seed_000.pdb	A0A1L3KMK3_2_unrelaxed_rank_001_alphafold2_ptm_model_2_seed_000.pdb	8.338E+00	0.034	21	20	94	140	70	144	893	75	0.536	0.084
LOKIASV2_1460_ESMFold_hypothetical_protein	A0A8F5AGK6_2_unrelaxed_rank_001_alphafold2_ptm_model_2_seed_000.pdb	A0A8F5AGK6_2_unrelaxed_rank_001_alphafold2_ptm_model_2_seed_000.pdb	4.085E+00	0.034	21	20	101	140	672	763	1153	92	0.586	0.080
LOKIASV2_1460_ESMFold_hypothetical_protein	A0A2I7RGD5_unrelaxed_rank_001_alphafold2_ptm_model_3_seed_000.pdb	A0A2I7RGD5_unrelaxed_rank_001_alphafold2_ptm_model_3_seed_000.pdb	6.028E+00	0.029	20	20	79	140	1	50	60	60	0.429	0.833
LOKIASV2_1460_ESMFold_hypothetical_protein	B7VFE9_unrelaxed_rank_001_alphafold2_ptm_model_3_seed_000.pdb	B7VFE9_unrelaxed_rank_001_alphafold2_ptm_model_3_seed_000.pdb	4.085E+00	0.029	20	2	45	140	3	48	72	46	0.314	0.639
LOKIASV2_1460_ESMFold_hypothetical_protein	A0A8S5QS22_unrelaxed_rank_001_alphafold2_ptm_model_2_seed_000.pdb	A0A8S5QS22_unrelaxed_rank_001_alphafold2_ptm_model_2_seed_000.pdb	7.814E+00	0.029	20	6	75	140	5	77	84	78	0.500	0.869
LOKIASV2_1460_ESMFold_hypothetical_protein	A0A9E7P6Q9_unrelaxed_rank_001_alphafold2_ptm_model_1_seed_000.pdb	A0A9E7P6Q9_unrelaxed_rank_001_alphafold2_ptm_model_1_seed_000.pdb	9.492E+00	0.029	20	37	94	140	21	82	85	63	0.414	0.729
LOKIASV2_1460_ESMFold_hypothetical_protein	A0A345N1P6_unrelaxed_rank_001_alphafold2_ptm_model_1_seed_000.pdb	A0A345N1P6_unrelaxed_rank_001_alphafold2_ptm_model_1_seed_000.pdb	4.962E+00	0.029	20	6	75	140	7	78	86	74	0.500	0.837
LOKIASV2_1460_ESMFold_hypothetical_protein	S0A4F0_unrelaxed_rank_001_alphafold2_ptm_model_3_seed_000.pdb	S0A4F0_unrelaxed_rank_001_alphafold2_ptm_model_3_seed_000.pdb	3.828E+00	0.029	20	7	76	140	26	93	97	76	0.500	0.701
LOKIASV2_1460_ESMFold_hypothetical_protein	A0A0F7L6W1_unrelaxed_rank_001_alphafold2_ptm_model_1_seed_000.pdb	A0A0F7L6W1_unrelaxed_rank_001_alphafold2_ptm_model_1_seed_000.pdb	4.962E+00	0.029	20	48	136	140	9	93	111	94	0.636	0.766
LOKIASV2_1460_ESMFold_hypothetical_protein	A0A2I6SCL9_unrelaxed_rank_001_alphafold2_ptm_model_3_seed_000.pdb	A0A2I6SCL9_unrelaxed_rank_001_alphafold2_ptm_model_3_seed_000.pdb	7.814E+00	0.029	20	49	107	140	37	97	111	61	0.421	0.550
LOKIASV2_1460_ESMFold_hypothetical_protein	A0A8E6GSK1_unrelaxed_rank_001_alphafold2_ptm_model_1_seed_000.pdb	A0A8E6GSK1_unrelaxed_rank_001_alphafold2_ptm_model_1_seed_000.pdb	2.953E+00	0.029	20	48	133	140	24	112	114	93	0.614	0.781
LOKIASV2_1460_ESMFold_hypothetical_protein	V5LQW4_unrelaxed_rank_001_alphafold2_ptm_model_3_seed_000.pdb	V5LQW4_unrelaxed_rank_001_alphafold2_ptm_model_3_seed_000.pdb	5.650E+00	0.029	20	20	81	140	33	110	115	78	0.443	0.678
LOKIASV2_1460_ESMFold_hypothetical_protein	A0A516KUY2_unrelaxed_rank_001_alphafold2_ptm_model_3_seed_000.pdb	A0A516KUY2_unrelaxed_rank_001_alphafold2_ptm_model_3_seed_000.pdb	6.028E+00	0.029	20	52	138	140	90	141	146	87	0.621	0.356
LOKIASV2_1460_ESMFold_hypothetical_protein	Q9EAF3_unrelaxed_rank_001_alphafold2_ptm_model_2_seed_000.pdb	Q9EAF3_unrelaxed_rank_001_alphafold2_ptm_model_2_seed_000.pdb	7.814E+00	0.029	20	53	135	140	46	123	151	83	0.593	0.517
LOKIASV2_1460_ESMFold_hypothetical_protein	A0A4Y5FEN6_unrelaxed_rank_001_alphafold2_ptm_model_1_seed_000.pdb	A0A4Y5FEN6_unrelaxed_rank_001_alphafold2_ptm_model_1_seed_000.pdb	1.356E+00	0.029	20	19	122	140	14	135	164	131	0.743	0.744
LOKIASV2_1460_ESMFold_hypothetical_protein	A0A8S5P8S9_unrelaxed_rank_001_alphafold2_ptm_model_1_seed_000.pdb	A0A8S5P8S9_unrelaxed_rank_001_alphafold2_ptm_model_1_seed_000.pdb	8.338E+00	0.029	20	52	138	140	10	90	168	87	0.621	0.482
LOKIASV2_1460_ESMFold_hypothetical_protein	H6VZA9_unrelaxed_rank_001_alphafold2_ptm_model_4_seed_000.pdb	H6VZA9_unrelaxed_rank_001_alphafold2_ptm_model_4_seed_000.pdb	3.828E+00	0.029	20	37	135	140	96	197	200	111	0.707	0.510
LOKIASV2_1460_ESMFold_hypothetical_protein	A0A6J5L4T5_unrelaxed_rank_001_alphafold2_ptm_model_1_seed_000.pdb	A0A6J5L4T5_unrelaxed_rank_001_alphafold2_ptm_model_1_seed_000.pdb	3.151E+00	0.029	20	23	111	140	9	97	207	93	0.636	0.430
LOKIASV2_1460_ESMFold_hypothetical_protein	A0A481YUI3_unrelaxed_rank_001_alphafold2_ptm_model_2_seed_000.pdb	A0A481YUI3_unrelaxed_rank_001_alphafold2_ptm_model_2_seed_000.pdb	4.651E+00	0.029	20	20	88	140	139	209	264	73	0.493	0.269
LOKIASV2_1460_ESMFold_hypothetical_protein	A0A6M6D7V6_unrelaxed_rank_001_alphafold2_ptm_model_3_seed_000.pdb	A0A6M6D7V6_unrelaxed_rank_001_alphafold2_ptm_model_3_seed_000.pdb	2.953E+00	0.029	20	37	125	140	171	264	265	101	0.636	0.355
LOKIASV2_1460_ESMFold_hypothetical_protein	A0A8S5VMG6_unrelaxed_rank_001_alphafold2_ptm_model_4_seed_000.pdb	A0A8S5VMG6_unrelaxed_rank_001_alphafold2_ptm_model_4_seed_000.pdb	7.323E+00	0.029	20	58	79	140	241	262	389	22	0.157	0.057
LOKIASV2_1460_ESMFold_hypothetical_protein	A0A1V0SA96_unrelaxed_rank_001_alphafold2_ptm_model_1_seed_000.pdb	A0A1V0SA96_unrelaxed_rank_001_alphafold2_ptm_model_1_seed_000.pdb	2.135E+00	0.029	20	5	138	140	119	284	434	175	0.957	0.382
LOKIASV2_1460_ESMFold_hypothetical_protein	A0A1V0S925_unrelaxed_rank_001_alphafold2_ptm_model_4_seed_000.pdb	A0A1V0S925_unrelaxed_rank_001_alphafold2_ptm_model_4_seed_000.pdb	3.362E+00	0.029	20	4	139	140	137	317	457	186	0.971	0.396
LOKIASV2_1460_ESMFold_hypothetical_protein	A0A5B8II04_unrelaxed_rank_001_alphafold2_ptm_model_3_seed_000.pdb	A0A5B8II04_unrelaxed_rank_001_alphafold2_ptm_model_3_seed_000.pdb	3.828E+00	0.029	20	21	76	140	390	461	462	72	0.400	0.156
LOKIASV2_1460_ESMFold_hypothetical_protein	A0A6J5QZ65_unrelaxed_rank_001_alphafold2_ptm_model_3_seed_000.pdb	A0A6J5QZ65_unrelaxed_rank_001_alphafold2_ptm_model_3_seed_000.pdb	2.953E+00	0.029	20	20	99	140	3	83	492	84	0.571	0.165
LOKIASV2_1460_ESMFold_hypothetical_protein	A0A2Z4QKD1_1_unrelaxed_rank_001_alphafold2_ptm_model_5_seed_000.pdb	A0A2Z4QKD1_1_unrelaxed_rank_001_alphafold2_ptm_model_5_seed_000.pdb	2.278E+00	0.029	20	40	91	140	576	626	1226	55	0.371	0.042
LOKIASV2_1460_ESMFold_hypothetical_protein	U5NUA6_4_unrelaxed_rank_001_alphafold2_ptm_model_2_seed_000.pdb	U5NUA6_4_unrelaxed_rank_001_alphafold2_ptm_model_2_seed_000.pdb	1.447E+00	0.029	20	25	120	140	615	745	1439	136	0.686	0.091
LOKIASV2_1460_ESMFold_hypothetical_protein	A0A6J5M3G8_unrelaxed_rank_001_alphafold2_ptm_model_1_seed_000.pdb	A0A6J5M3G8_unrelaxed_rank_001_alphafold2_ptm_model_1_seed_000.pdb	9.492E+00	0.024	19	52	107	140	7	60	61	56	0.400	0.885
LOKIASV2_1460_ESMFold_hypothetical_protein	A0A7M1CP58_unrelaxed_rank_001_alphafold2_ptm_model_3_seed_000.pdb	A0A7M1CP58_unrelaxed_rank_001_alphafold2_ptm_model_3_seed_000.pdb	4.085E+00	0.024	19	52	98	140	6	50	88	47	0.336	0.511
LOKIASV2_1460_ESMFold_hypothetical_protein	A0A8S5TBF2_unrelaxed_rank_001_alphafold2_ptm_model_2_seed_000.pdb	A0A8S5TBF2_unrelaxed_rank_001_alphafold2_ptm_model_2_seed_000.pdb	6.863E+00	0.024	19	52	89	140	46	83	91	38	0.271	0.418
LOKIASV2_1460_ESMFold_hypothetical_protein	R9UB68_unrelaxed_rank_001_alphafold2_ptm_model_1_seed_000.pdb	R9UB68_unrelaxed_rank_001_alphafold2_ptm_model_1_seed_000.pdb	6.028E+00	0.024	19	35	100	140	24	95	95	76	0.471	0.758
LOKIASV2_1460_ESMFold_hypothetical_protein	A0A126HH51_unrelaxed_rank_001_alphafold2_ptm_model_1_seed_000.pdb	A0A126HH51_unrelaxed_rank_001_alphafold2_ptm_model_1_seed_000.pdb	2.594E+00	0.024	19	24	97	140	16	96	98	90	0.529	0.827
LOKIASV2_1460_ESMFold_hypothetical_protein	A0A481YP22_unrelaxed_rank_001_alphafold2_ptm_model_2_seed_000.pdb	A0A481YP22_unrelaxed_rank_001_alphafold2_ptm_model_2_seed_000.pdb	6.863E+00	0.024	19	22	91	140	31	100	105	76	0.500	0.667
LOKIASV2_1460_ESMFold_hypothetical_protein	A0A649VI46_unrelaxed_rank_001_alphafold2_ptm_model_2_seed_000.pdb	A0A649VI46_unrelaxed_rank_001_alphafold2_ptm_model_2_seed_000.pdb	6.432E+00	0.024	19	20	98	140	20	97	105	83	0.564	0.743
LOKIASV2_1460_ESMFold_hypothetical_protein	A0A1W5PTS6_unrelaxed_rank_001_alphafold2_ptm_model_1_seed_000.pdb	A0A1W5PTS6_unrelaxed_rank_001_alphafold2_ptm_model_1_seed_000.pdb	7.814E+00	0.024	19	25	65	140	15	50	109	41	0.293	0.330
LOKIASV2_1460_ESMFold_hypothetical_protein	A0A8S5MLB9_unrelaxed_rank_001_alphafold2_ptm_model_1_seed_000.pdb	A0A8S5MLB9_unrelaxed_rank_001_alphafold2_ptm_model_1_seed_000.pdb	5.295E+00	0.024	19	37	136	140	36	112	113	100	0.714	0.681
LOKIASV2_1460_ESMFold_hypothetical_protein	A0A6J5SFI8_unrelaxed_rank_001_alphafold2_ptm_model_2_seed_000.pdb	A0A6J5SFI8_unrelaxed_rank_001_alphafold2_ptm_model_2_seed_000.pdb	6.863E+00	0.024	19	38	135	140	7	99	115	99	0.700	0.809
LOKIASV2_1460_ESMFold_hypothetical_protein	A0A8S5QRB0_unrelaxed_rank_001_alphafold2_ptm_model_3_seed_000.pdb	A0A8S5QRB0_unrelaxed_rank_001_alphafold2_ptm_model_3_seed_000.pdb	4.358E+00	0.024	19	52	76	140	89	116	118	28	0.179	0.237
LOKIASV2_1460_ESMFold_hypothetical_protein	A0A8S5QAX4_unrelaxed_rank_001_alphafold2_ptm_model_1_seed_000.pdb	A0A8S5QAX4_unrelaxed_rank_001_alphafold2_ptm_model_1_seed_000.pdb	4.651E+00	0.024	19	40	92	140	14	67	119	56	0.379	0.454
LOKIASV2_1460_ESMFold_hypothetical_protein	A0A1V0S8I8_unrelaxed_rank_001_alphafold2_ptm_model_1_seed_000.pdb	A0A1V0S8I8_unrelaxed_rank_001_alphafold2_ptm_model_1_seed_000.pdb	3.151E+00	0.024	19	6	75	140	6	113	121	110	0.500	0.893
LOKIASV2_1460_ESMFold_hypothetical_protein	A0A7S5UT50_unrelaxed_rank_001_alphafold2_ptm_model_1_seed_000.pdb	A0A7S5UT50_unrelaxed_rank_001_alphafold2_ptm_model_1_seed_000.pdb	1.758E+00	0.024	19	22	134	140	27	144	145	127	0.807	0.814
LOKIASV2_1460_ESMFold_hypothetical_protein	A0A1S5V278_unrelaxed_rank_001_alphafold2_ptm_model_3_seed_000.pdb	A0A1S5V278_unrelaxed_rank_001_alphafold2_ptm_model_3_seed_000.pdb	1.544E+00	0.024	19	6	129	140	5	143	162	159	0.886	0.858
LOKIASV2_1460_ESMFold_hypothetical_protein	M4R277_unrelaxed_rank_001_alphafold2_ptm_model_3_seed_000.pdb	M4R277_unrelaxed_rank_001_alphafold2_ptm_model_3_seed_000.pdb	9.804E-01	0.024	19	2	125	140	3	131	170	154	0.886	0.759
LOKIASV2_1460_ESMFold_hypothetical_protein	A0A7L8G634_unrelaxed_rank_001_alphafold2_ptm_model_2_seed_000.pdb	A0A7L8G634_unrelaxed_rank_001_alphafold2_ptm_model_2_seed_000.pdb	2.278E+00	0.024	19	20	140	140	65	176	176	127	0.864	0.636
LOKIASV2_1460_ESMFold_hypothetical_protein	A0A8S5VUT4_unrelaxed_rank_001_alphafold2_ptm_model_3_seed_000.pdb	A0A8S5VUT4_unrelaxed_rank_001_alphafold2_ptm_model_3_seed_000.pdb	2.431E+00	0.024	19	24	139	140	57	179	181	134	0.829	0.680
LOKIASV2_1460_ESMFold_hypothetical_protein	A0A8S5MEE2_unrelaxed_rank_001_alphafold2_ptm_model_4_seed_000.pdb	A0A8S5MEE2_unrelaxed_rank_001_alphafold2_ptm_model_4_seed_000.pdb	2.594E+00	0.024	19	15	136	140	104	222	234	126	0.871	0.509
LOKIASV2_1460_ESMFold_hypothetical_protein	A0A2I6PIC9_unrelaxed_rank_001_alphafold2_ptm_model_2_seed_000.pdb	A0A2I6PIC9_unrelaxed_rank_001_alphafold2_ptm_model_2_seed_000.pdb	6.432E+00	0.024	19	50	138	140	6	95	318	94	0.636	0.283
LOKIASV2_1460_ESMFold_hypothetical_protein	A0A481YQY7_unrelaxed_rank_001_alphafold2_ptm_model_5_seed_000.pdb	A0A481YQY7_unrelaxed_rank_001_alphafold2_ptm_model_5_seed_000.pdb	5.295E+00	0.024	19	30	130	140	216	308	406	102	0.721	0.229
LOKIASV2_1460_ESMFold_hypothetical_protein	A0A6G9L6W6_unrelaxed_rank_001_alphafold2_ptm_model_5_seed_000.pdb	A0A6G9L6W6_unrelaxed_rank_001_alphafold2_ptm_model_5_seed_000.pdb	4.358E+00	0.024	19	34	136	140	270	368	453	105	0.736	0.219
LOKIASV2_1460_ESMFold_hypothetical_protein	A0A8S5RQ51_unrelaxed_rank_001_alphafold2_ptm_model_1_seed_000.pdb	A0A8S5RQ51_unrelaxed_rank_001_alphafold2_ptm_model_1_seed_000.pdb	2.135E+00	0.024	19	1	98	140	164	293	460	133	0.700	0.283
LOKIASV2_1460_ESMFold_hypothetical_protein	A0A1V0SBK5_unrelaxed_rank_001_alphafold2_ptm_model_1_seed_000.pdb	A0A1V0SBK5_unrelaxed_rank_001_alphafold2_ptm_model_1_seed_000.pdb	4.358E+00	0.024	19	35	98	140	99	178	519	85	0.457	0.154
LOKIASV2_1460_ESMFold_hypothetical_protein	B3KYE0_unrelaxed_rank_001_alphafold2_ptm_model_3_seed_000.pdb	B3KYE0_unrelaxed_rank_001_alphafold2_ptm_model_3_seed_000.pdb	3.828E+00	0.024	19	27	123	140	31	126	545	101	0.693	0.176
LOKIASV2_1460_ESMFold_hypothetical_protein	A0A7D8V9C1_1_unrelaxed_rank_001_alphafold2_ptm_model_2_seed_000.pdb	A0A7D8V9C1_1_unrelaxed_rank_001_alphafold2_ptm_model_2_seed_000.pdb	9.492E+00	0.024	19	22	62	140	522	565	779	44	0.293	0.056
LOKIASV2_1460_ESMFold_hypothetical_protein	A0A2U9GBM2_unrelaxed_rank_001_alphafold2_ptm_model_2_seed_000.pdb	A0A2U9GBM2_unrelaxed_rank_001_alphafold2_ptm_model_2_seed_000.pdb	2.768E+00	0.024	19	20	123	140	196	300	880	120	0.743	0.119
LOKIASV2_1460_ESMFold_hypothetical_protein	A0A8S5U0L2_unrelaxed_rank_001_alphafold2_ptm_model_2_seed_000.pdb	A0A8S5U0L2_unrelaxed_rank_001_alphafold2_ptm_model_2_seed_000.pdb	4.358E+00	0.020	18	48	76	140	28	58	61	31	0.207	0.508
LOKIASV2_1460_ESMFold_hypothetical_protein	A0A1B1IU90_unrelaxed_rank_001_alphafold2_ptm_model_1_seed_000.pdb	A0A1B1IU90_unrelaxed_rank_001_alphafold2_ptm_model_1_seed_000.pdb	6.432E+00	0.020	18	25	76	140	8	65	68	58	0.371	0.853
LOKIASV2_1460_ESMFold_hypothetical_protein	A0A2I7REX5_unrelaxed_rank_001_alphafold2_ptm_model_3_seed_000.pdb	A0A2I7REX5_unrelaxed_rank_001_alphafold2_ptm_model_3_seed_000.pdb	6.432E+00	0.020	18	1	102	140	1	73	83	102	0.729	0.880
LOKIASV2_1460_ESMFold_hypothetical_protein	A0A7S7YEC8_unrelaxed_rank_001_alphafold2_ptm_model_3_seed_000.pdb	A0A7S7YEC8_unrelaxed_rank_001_alphafold2_ptm_model_3_seed_000.pdb	3.362E+00	0.020	18	58	123	140	39	92	104	66	0.471	0.519
LOKIASV2_1460_ESMFold_hypothetical_protein	A0A3G4ZKS8_unrelaxed_rank_001_alphafold2_ptm_model_2_seed_000.pdb	A0A3G4ZKS8_unrelaxed_rank_001_alphafold2_ptm_model_2_seed_000.pdb	4.085E+00	0.020	18	41	129	140	21	108	109	97	0.636	0.807
LOKIASV2_1460_ESMFold_hypothetical_protein	A0A7D3UWF0_unrelaxed_rank_001_alphafold2_ptm_model_2_seed_000.pdb	A0A7D3UWF0_unrelaxed_rank_001_alphafold2_ptm_model_2_seed_000.pdb	7.814E+00	0.020	18	38	76	140	69	110	122	42	0.279	0.344
LOKIASV2_1460_ESMFold_hypothetical_protein	E3T5N1_unrelaxed_rank_001_alphafold2_ptm_model_1_seed_000.pdb	E3T5N1_unrelaxed_rank_001_alphafold2_ptm_model_1_seed_000.pdb	8.338E+00	0.020	18	52	81	140	101	130	139	30	0.214	0.216
LOKIASV2_1460_ESMFold_hypothetical_protein	A0A1B1ITI7_unrelaxed_rank_001_alphafold2_ptm_model_3_seed_000.pdb	A0A1B1ITI7_unrelaxed_rank_001_alphafold2_ptm_model_3_seed_000.pdb	4.358E+00	0.020	18	20	140	140	46	155	165	125	0.864	0.667
LOKIASV2_1460_ESMFold_hypothetical_protein	A0A142IES9_unrelaxed_rank_001_alphafold2_ptm_model_1_seed_000.pdb	A0A142IES9_unrelaxed_rank_001_alphafold2_ptm_model_1_seed_000.pdb	8.896E+00	0.020	18	51	93	140	110	161	173	52	0.307	0.301
LOKIASV2_1460_ESMFold_hypothetical_protein	A0A2D3I520_unrelaxed_rank_001_alphafold2_ptm_model_3_seed_000.pdb	A0A2D3I520_unrelaxed_rank_001_alphafold2_ptm_model_3_seed_000.pdb	4.651E+00	0.020	18	20	106	140	62	140	178	88	0.621	0.444
LOKIASV2_1460_ESMFold_hypothetical_protein	A0A514AAX2_unrelaxed_rank_001_alphafold2_ptm_model_1_seed_000.pdb	A0A514AAX2_unrelaxed_rank_001_alphafold2_ptm_model_1_seed_000.pdb	5.650E+00	0.020	18	46	139	140	10	93	192	100	0.671	0.438
LOKIASV2_1460_ESMFold_hypothetical_protein	C5IHL9_unrelaxed_rank_001_alphafold2_ptm_model_2_seed_000.pdb	C5IHL9_unrelaxed_rank_001_alphafold2_ptm_model_2_seed_000.pdb	3.151E+00	0.020	18	6	116	140	22	138	193	125	0.793	0.606
LOKIASV2_1460_ESMFold_hypothetical_protein	A0A2H4UUR6_unrelaxed_rank_001_alphafold2_ptm_model_2_seed_000.pdb	A0A2H4UUR6_unrelaxed_rank_001_alphafold2_ptm_model_2_seed_000.pdb	4.085E+00	0.020	18	52	135	140	39	118	207	86	0.600	0.386
LOKIASV2_1460_ESMFold_hypothetical_protein	Q997G7_unrelaxed_rank_001_alphafold2_ptm_model_1_seed_000.pdb	Q997G7_unrelaxed_rank_001_alphafold2_ptm_model_1_seed_000.pdb	4.651E+00	0.020	18	52	139	140	89	186	207	109	0.629	0.473
LOKIASV2_1460_ESMFold_hypothetical_protein	A0A0A7NQV4_unrelaxed_rank_001_alphafold2_ptm_model_2_seed_000.pdb	A0A0A7NQV4_unrelaxed_rank_001_alphafold2_ptm_model_2_seed_000.pdb	2.768E+00	0.020	18	7	134	140	78	231	232	169	0.914	0.664
LOKIASV2_1460_ESMFold_hypothetical_protein	A0A0D3R1C9_unrelaxed_rank_001_alphafold2_ptm_model_1_seed_000.pdb	A0A0D3R1C9_unrelaxed_rank_001_alphafold2_ptm_model_1_seed_000.pdb	3.588E+00	0.020	18	20	132	140	157	245	246	113	0.807	0.362
LOKIASV2_1460_ESMFold_hypothetical_protein	E3SM78_unrelaxed_rank_001_alphafold2_ptm_model_2_seed_000.pdb	E3SM78_unrelaxed_rank_001_alphafold2_ptm_model_2_seed_000.pdb	3.588E+00	0.020	18	43	135	140	147	242	329	102	0.664	0.292
LOKIASV2_1460_ESMFold_hypothetical_protein	A0A6J7X5L3_unrelaxed_rank_001_alphafold2_ptm_model_4_seed_000.pdb	A0A6J7X5L3_unrelaxed_rank_001_alphafold2_ptm_model_4_seed_000.pdb	7.323E+00	0.020	18	56	138	140	278	355	390	84	0.593	0.200
LOKIASV2_1460_ESMFold_hypothetical_protein	A0A1V0SLE6_unrelaxed_rank_001_alphafold2_ptm_model_3_seed_000.pdb	A0A1V0SLE6_unrelaxed_rank_001_alphafold2_ptm_model_3_seed_000.pdb	2.001E+00	0.020	18	24	138	140	280	405	799	136	0.821	0.158
LOKIASV2_1460_ESMFold_hypothetical_protein	A0A8S5UQM0_1_unrelaxed_rank_001_alphafold2_ptm_model_3_seed_000.pdb	A0A8S5UQM0_1_unrelaxed_rank_001_alphafold2_ptm_model_3_seed_000.pdb	1.647E+00	0.020	18	20	135	140	70	176	811	123	0.829	0.132
LOKIASV2_1460_ESMFold_hypothetical_protein	M4SND2_unrelaxed_rank_001_alphafold2_ptm_model_3_seed_000.pdb	M4SND2_unrelaxed_rank_001_alphafold2_ptm_model_3_seed_000.pdb	8.896E+00	0.016	17	46	79	140	30	67	73	40	0.243	0.521
LOKIASV2_1460_ESMFold_hypothetical_protein	A0A6J7XEE1_unrelaxed_rank_001_alphafold2_ptm_model_3_seed_000.pdb	A0A6J7XEE1_unrelaxed_rank_001_alphafold2_ptm_model_3_seed_000.pdb	8.896E+00	0.016	17	24	94	140	3	72	74	74	0.507	0.946
LOKIASV2_1460_ESMFold_hypothetical_protein	A0A7T0M256_unrelaxed_rank_001_alphafold2_ptm_model_3_seed_000.pdb	A0A7T0M256_unrelaxed_rank_001_alphafold2_ptm_model_3_seed_000.pdb	8.896E+00	0.016	17	53	129	140	9	83	84	79	0.550	0.893
LOKIASV2_1460_ESMFold_hypothetical_protein	A0A345BNR5_unrelaxed_rank_001_alphafold2_ptm_model_3_seed_000.pdb	A0A345BNR5_unrelaxed_rank_001_alphafold2_ptm_model_3_seed_000.pdb	6.028E+00	0.016	17	23	92	140	7	80	89	79	0.500	0.831
LOKIASV2_1460_ESMFold_hypothetical_protein	A0A249XSH3_unrelaxed_rank_001_alphafold2_ptm_model_2_seed_000.pdb	A0A249XSH3_unrelaxed_rank_001_alphafold2_ptm_model_2_seed_000.pdb	3.362E+00	0.016	17	3	86	140	5	83	90	87	0.600	0.878
LOKIASV2_1460_ESMFold_hypothetical_protein	UPI001CE5AE3D_unrelaxed_rank_001_alphafold2_ptm_model_2_seed_000.pdb	UPI001CE5AE3D_unrelaxed_rank_001_alphafold2_ptm_model_2_seed_000.pdb	2.001E+00	0.016	17	20	91	140	7	94	97	90	0.514	0.907
LOKIASV2_1460_ESMFold_hypothetical_protein	A0A3Q8HD05_unrelaxed_rank_001_alphafold2_ptm_model_2_seed_000.pdb	A0A3Q8HD05_unrelaxed_rank_001_alphafold2_ptm_model_2_seed_000.pdb	6.432E+00	0.016	17	37	100	140	12	103	103	92	0.457	0.893
LOKIASV2_1460_ESMFold_hypothetical_protein	A0A6J5L8R1_unrelaxed_rank_001_alphafold2_ptm_model_1_seed_000.pdb	A0A6J5L8R1_unrelaxed_rank_001_alphafold2_ptm_model_1_seed_000.pdb	6.863E+00	0.016	17	48	99	140	46	110	113	66	0.371	0.575
LOKIASV2_1460_ESMFold_hypothetical_protein	A0A6J5N2R3_unrelaxed_rank_001_alphafold2_ptm_model_3_seed_000.pdb	A0A6J5N2R3_unrelaxed_rank_001_alphafold2_ptm_model_3_seed_000.pdb	8.338E+00	0.016	17	29	139	140	13	108	121	112	0.793	0.793
LOKIASV2_1460_ESMFold_hypothetical_protein	A0A8S5L8H9_unrelaxed_rank_001_alphafold2_ptm_model_3_seed_000.pdb	A0A8S5L8H9_unrelaxed_rank_001_alphafold2_ptm_model_3_seed_000.pdb	6.028E+00	0.016	17	34	75	140	66	117	146	52	0.300	0.356
LOKIASV2_1460_ESMFold_hypothetical_protein	A0A1C9C5K9_unrelaxed_rank_001_alphafold2_ptm_model_2_seed_000.pdb	A0A1C9C5K9_unrelaxed_rank_001_alphafold2_ptm_model_2_seed_000.pdb	7.323E+00	0.016	17	48	132	140	101	194	199	96	0.607	0.472
LOKIASV2_1460_ESMFold_hypothetical_protein	E5AXW9_unrelaxed_rank_001_alphafold2_ptm_model_4_seed_000.pdb	E5AXW9_unrelaxed_rank_001_alphafold2_ptm_model_4_seed_000.pdb	5.650E+00	0.016	17	45	97	140	52	96	202	53	0.379	0.223
LOKIASV2_1460_ESMFold_hypothetical_protein	Q856F6_unrelaxed_rank_001_alphafold2_ptm_model_3_seed_000.pdb	Q856F6_unrelaxed_rank_001_alphafold2_ptm_model_3_seed_000.pdb	4.962E+00	0.016	17	18	107	140	92	199	211	108	0.643	0.512
LOKIASV2_1460_ESMFold_hypothetical_protein	A0A0F7L6N9_unrelaxed_rank_001_alphafold2_ptm_model_5_seed_000.pdb	A0A0F7L6N9_unrelaxed_rank_001_alphafold2_ptm_model_5_seed_000.pdb	7.814E+00	0.016	17	49	138	140	78	182	223	105	0.643	0.471
LOKIASV2_1460_ESMFold_hypothetical_protein	A0A3G5A7D0_unrelaxed_rank_001_alphafold2_ptm_model_5_seed_000.pdb	A0A3G5A7D0_unrelaxed_rank_001_alphafold2_ptm_model_5_seed_000.pdb	4.651E+00	0.016	17	24	127	140	12	101	236	115	0.743	0.381
LOKIASV2_1460_ESMFold_hypothetical_protein	A0A3G4ZKC3_unrelaxed_rank_001_alphafold2_ptm_model_4_seed_000.pdb	A0A3G4ZKC3_unrelaxed_rank_001_alphafold2_ptm_model_4_seed_000.pdb	5.295E+00	0.016	17	31	138	140	84	185	248	119	0.771	0.411
LOKIASV2_1460_ESMFold_hypothetical_protein	A0A5P8I4C3_unrelaxed_rank_001_alphafold2_ptm_model_4_seed_000.pdb	A0A5P8I4C3_unrelaxed_rank_001_alphafold2_ptm_model_4_seed_000.pdb	3.151E+00	0.016	17	50	133	140	7	89	269	89	0.600	0.309
LOKIASV2_1460_ESMFold_hypothetical_protein	R9TGR3_unrelaxed_rank_001_alphafold2_ptm_model_3_seed_000.pdb	R9TGR3_unrelaxed_rank_001_alphafold2_ptm_model_3_seed_000.pdb	6.863E+00	0.016	17	18	85	140	112	185	270	79	0.486	0.274
LOKIASV2_1460_ESMFold_hypothetical_protein	A0A6B7EVU6_unrelaxed_rank_001_alphafold2_ptm_model_2_seed_000.pdb	A0A6B7EVU6_unrelaxed_rank_001_alphafold2_ptm_model_2_seed_000.pdb	1.116E+00	0.016	17	22	136	140	112	258	369	156	0.821	0.398
LOKIASV2_1460_ESMFold_hypothetical_protein	A0A886NJ33_unrelaxed_rank_001_alphafold2_ptm_model_2_seed_000.pdb	A0A886NJ33_unrelaxed_rank_001_alphafold2_ptm_model_2_seed_000.pdb	5.650E+00	0.016	17	48	104	140	123	189	446	68	0.407	0.150
LOKIASV2_1460_ESMFold_hypothetical_protein	A0A8S5M742_unrelaxed_rank_001_alphafold2_ptm_model_1_seed_000.pdb	A0A8S5M742_unrelaxed_rank_001_alphafold2_ptm_model_1_seed_000.pdb	6.028E+00	0.016	17	28	127	140	194	297	450	110	0.714	0.231
LOKIASV2_1460_ESMFold_hypothetical_protein	A0A6G5XX62_unrelaxed_rank_001_alphafold2_ptm_model_1_seed_000.pdb	A0A6G5XX62_unrelaxed_rank_001_alphafold2_ptm_model_1_seed_000.pdb	6.863E+00	0.016	17	15	81	140	327	386	463	72	0.479	0.130
LOKIASV2_1460_ESMFold_hypothetical_protein	A0A481YMR9_unrelaxed_rank_001_alphafold2_ptm_model_2_seed_000.pdb	A0A481YMR9_unrelaxed_rank_001_alphafold2_ptm_model_2_seed_000.pdb	6.028E+00	0.016	17	40	131	140	25	108	543	95	0.657	0.155
LOKIASV2_1460_ESMFold_hypothetical_protein	A0A8A1UFD1_unrelaxed_rank_001_alphafold2_ptm_model_2_seed_000.pdb	A0A8A1UFD1_unrelaxed_rank_001_alphafold2_ptm_model_2_seed_000.pdb	8.338E+00	0.016	17	21	136	140	370	486	859	122	0.829	0.136
LOKIASV2_1460_ESMFold_hypothetical_protein	A0A8F8QTM9_1_unrelaxed_rank_001_alphafold2_ptm_model_3_seed_000.pdb	A0A8F8QTM9_1_unrelaxed_rank_001_alphafold2_ptm_model_3_seed_000.pdb	8.338E+00	0.016	17	51	84	140	309	343	883	36	0.243	0.040
LOKIASV2_1460_ESMFold_hypothetical_protein	A0A8U0LTR8_4_unrelaxed_rank_001_alphafold2_ptm_model_3_seed_000.pdb	A0A8U0LTR8_4_unrelaxed_rank_001_alphafold2_ptm_model_3_seed_000.pdb	8.896E+00	0.016	17	52	139	140	186	275	1138	98	0.629	0.079
LOKIASV2_1460_ESMFold_hypothetical_protein	Q9YYQ0_unrelaxed_rank_001_alphafold2_ptm_model_2_seed_000.pdb	Q9YYQ0_unrelaxed_rank_001_alphafold2_ptm_model_2_seed_000.pdb	3.828E+00	0.014	16	1	74	140	19	97	103	85	0.529	0.767
LOKIASV2_1460_ESMFold_hypothetical_protein	A0A8S5LJK2_unrelaxed_rank_001_alphafold2_ptm_model_3_seed_000.pdb	A0A8S5LJK2_unrelaxed_rank_001_alphafold2_ptm_model_3_seed_000.pdb	9.492E+00	0.014	16	52	138	140	19	89	105	87	0.621	0.676
LOKIASV2_1460_ESMFold_hypothetical_protein	A0A5J6TMR9_unrelaxed_rank_001_alphafold2_ptm_model_2_seed_000.pdb	A0A5J6TMR9_unrelaxed_rank_001_alphafold2_ptm_model_2_seed_000.pdb	6.863E+00	0.014	16	2	90	140	26	106	110	94	0.636	0.736
LOKIASV2_1460_ESMFold_hypothetical_protein	A0A7D7B3D2_unrelaxed_rank_001_alphafold2_ptm_model_1_seed_000.pdb	A0A7D7B3D2_unrelaxed_rank_001_alphafold2_ptm_model_1_seed_000.pdb	4.358E+00	0.014	16	6	104	140	31	106	119	101	0.707	0.639
LOKIASV2_1460_ESMFold_hypothetical_protein	A0A6J5LAJ2_unrelaxed_rank_001_alphafold2_ptm_model_1_seed_000.pdb	A0A6J5LAJ2_unrelaxed_rank_001_alphafold2_ptm_model_1_seed_000.pdb	2.431E+00	0.014	16	52	134	140	5	120	121	121	0.593	0.959
LOKIASV2_1460_ESMFold_hypothetical_protein	A0A1V0SAB7_unrelaxed_rank_001_alphafold2_ptm_model_5_seed_000.pdb	A0A1V0SAB7_unrelaxed_rank_001_alphafold2_ptm_model_5_seed_000.pdb	8.338E+00	0.014	16	34	139	140	48	142	194	108	0.757	0.490
LOKIASV2_1460_ESMFold_hypothetical_protein	A0A0N9NK81_unrelaxed_rank_001_alphafold2_ptm_model_4_seed_000.pdb	A0A0N9NK81_unrelaxed_rank_001_alphafold2_ptm_model_4_seed_000.pdb	4.962E+00	0.014	16	2	134	140	123	237	243	139	0.950	0.473
LOKIASV2_1460_ESMFold_hypothetical_protein	A0A2I5AR48_unrelaxed_rank_001_alphafold2_ptm_model_5_seed_000.pdb	A0A2I5AR48_unrelaxed_rank_001_alphafold2_ptm_model_5_seed_000.pdb	5.295E+00	0.014	16	3	139	140	152	269	271	144	0.979	0.435
LOKIASV2_1460_ESMFold_hypothetical_protein	A0A0H4Y1L3_unrelaxed_rank_001_alphafold2_ptm_model_2_seed_000.pdb	A0A0H4Y1L3_unrelaxed_rank_001_alphafold2_ptm_model_2_seed_000.pdb	1.758E+00	0.014	16	4	130	140	5	177	330	181	0.907	0.524
LOKIASV2_1460_ESMFold_hypothetical_protein	A0A2K9V9S3_unrelaxed_rank_001_alphafold2_ptm_model_4_seed_000.pdb	A0A2K9V9S3_unrelaxed_rank_001_alphafold2_ptm_model_4_seed_000.pdb	6.028E+00	0.014	16	7	135	140	368	470	493	131	0.921	0.209
LOKIASV2_1460_ESMFold_hypothetical_protein	A0A0A7DN12_unrelaxed_rank_001_alphafold2_ptm_model_1_seed_000.pdb	A0A0A7DN12_unrelaxed_rank_001_alphafold2_ptm_model_1_seed_000.pdb	3.828E+00	0.011	15	48	107	140	48	114	123	70	0.429	0.545
LOKIASV2_1460_ESMFold_hypothetical_protein	A0A385E1K4_unrelaxed_rank_001_alphafold2_ptm_model_2_seed_000.pdb	A0A385E1K4_unrelaxed_rank_001_alphafold2_ptm_model_2_seed_000.pdb	9.492E+00	0.011	15	22	140	140	16	127	129	125	0.850	0.868
LOKIASV2_1460_ESMFold_hypothetical_protein	A0A7S5UQF4_unrelaxed_rank_001_alphafold2_ptm_model_1_seed_000.pdb	A0A7S5UQF4_unrelaxed_rank_001_alphafold2_ptm_model_1_seed_000.pdb	4.358E+00	0.011	15	20	135	140	31	149	153	126	0.829	0.778
LOKIASV2_1460_ESMFold_hypothetical_protein	A0A6J5KNR0_unrelaxed_rank_001_alphafold2_ptm_model_1_seed_000.pdb	A0A6J5KNR0_unrelaxed_rank_001_alphafold2_ptm_model_1_seed_000.pdb	6.432E+00	0.011	15	22	135	140	12	147	155	144	0.814	0.877
LOKIASV2_1460_ESMFold_hypothetical_protein	A0A6J5LDH2_unrelaxed_rank_001_alphafold2_ptm_model_1_seed_000.pdb	A0A6J5LDH2_unrelaxed_rank_001_alphafold2_ptm_model_1_seed_000.pdb	8.338E+00	0.011	15	35	138	140	30	134	157	112	0.743	0.669
LOKIASV2_1460_ESMFold_hypothetical_protein	UPI001F13CEFE_unrelaxed_rank_001_alphafold2_ptm_model_1_seed_000.pdb	UPI001F13CEFE_unrelaxed_rank_001_alphafold2_ptm_model_1_seed_000.pdb	6.863E+00	0.011	15	52	140	140	82	170	170	99	0.636	0.524
LOKIASV2_1460_ESMFold_hypothetical_protein	A0A8S5Q300_unrelaxed_rank_001_alphafold2_ptm_model_3_seed_000.pdb	A0A8S5Q300_unrelaxed_rank_001_alphafold2_ptm_model_3_seed_000.pdb	9.492E+00	0.011	15	35	138	140	58	163	180	110	0.743	0.589
LOKIASV2_1460_ESMFold_hypothetical_protein	A0A516M4L5_unrelaxed_rank_001_alphafold2_ptm_model_1_seed_000.pdb	A0A516M4L5_unrelaxed_rank_001_alphafold2_ptm_model_1_seed_000.pdb	6.432E+00	0.011	15	24	140	140	68	200	200	148	0.836	0.665
LOKIASV2_1460_ESMFold_hypothetical_protein	A0A7T3KHV0_unrelaxed_rank_001_alphafold2_ptm_model_5_seed_000.pdb	A0A7T3KHV0_unrelaxed_rank_001_alphafold2_ptm_model_5_seed_000.pdb	7.814E+00	0.011	15	40	91	140	49	112	400	64	0.371	0.160
LOKIASV2_1460_ESMFold_hypothetical_protein	A0A8S5TKT5_3_unrelaxed_rank_001_alphafold2_ptm_model_2_seed_000.pdb	A0A8S5TKT5_3_unrelaxed_rank_001_alphafold2_ptm_model_2_seed_000.pdb	5.295E+00	0.011	15	7	101	140	518	602	1016	102	0.679	0.084
LOKIASV2_1460_ESMFold_hypothetical_protein	A0A5Q0TW33_1_unrelaxed_rank_001_alphafold2_ptm_model_2_seed_000.pdb	A0A5Q0TW33_1_unrelaxed_rank_001_alphafold2_ptm_model_2_seed_000.pdb	7.323E+00	0.011	15	51	76	140	294	320	1099	30	0.186	0.025
LOKIASV2_1460_ESMFold_hypothetical_protein	A0A6C0PIL1_unrelaxed_rank_001_alphafold2_ptm_model_2_seed_000.pdb	A0A6C0PIL1_unrelaxed_rank_001_alphafold2_ptm_model_2_seed_000.pdb	7.814E+00	0.011	15	20	127	140	95	203	1186	118	0.771	0.092
LOKIASV2_1460_ESMFold_hypothetical_protein	A0A6J7WNC3_unrelaxed_rank_001_alphafold2_ptm_model_1_seed_000.pdb	A0A6J7WNC3_unrelaxed_rank_001_alphafold2_ptm_model_1_seed_000.pdb	3.588E+00	0.010	14	40	91	140	18	73	76	59	0.371	0.737
LOKIASV2_1460_ESMFold_hypothetical_protein	D6PEA9_unrelaxed_rank_001_alphafold2_ptm_model_3_seed_000.pdb	D6PEA9_unrelaxed_rank_001_alphafold2_ptm_model_3_seed_000.pdb	9.492E+00	0.010	14	52	126	140	5	99	116	98	0.536	0.819
LOKIASV2_1460_ESMFold_hypothetical_protein	A0A1C9C503_unrelaxed_rank_001_alphafold2_ptm_model_1_seed_000.pdb	A0A1C9C503_unrelaxed_rank_001_alphafold2_ptm_model_1_seed_000.pdb	9.492E+00	0.010	14	38	135	140	29	113	122	98	0.700	0.697
LOKIASV2_1460_ESMFold_hypothetical_protein	A0A8A5LPH6_unrelaxed_rank_001_alphafold2_ptm_model_1_seed_000.pdb	A0A8A5LPH6_unrelaxed_rank_001_alphafold2_ptm_model_1_seed_000.pdb	5.295E+00	0.010	14	1	87	140	30	111	130	96	0.621	0.631
LOKIASV2_1460_ESMFold_hypothetical_protein	A0A5K0U7Z9_unrelaxed_rank_001_alphafold2_ptm_model_3_seed_000.pdb	A0A5K0U7Z9_unrelaxed_rank_001_alphafold2_ptm_model_3_seed_000.pdb	8.338E+00	0.010	14	40	138	140	7	133	134	137	0.707	0.948
LOKIASV2_1460_ESMFold_hypothetical_protein	A0A6J7WGX9_unrelaxed_rank_001_alphafold2_ptm_model_3_seed_000.pdb	A0A6J7WGX9_unrelaxed_rank_001_alphafold2_ptm_model_3_seed_000.pdb	6.863E+00	0.010	14	1	139	140	1	123	138	148	0.993	0.891
LOKIASV2_1460_ESMFold_hypothetical_protein	A0A7D3QVF2_unrelaxed_rank_001_alphafold2_ptm_model_1_seed_000.pdb	A0A7D3QVF2_unrelaxed_rank_001_alphafold2_ptm_model_1_seed_000.pdb	4.085E+00	0.010	14	2	140	140	37	157	157	150	0.993	0.771
LOKIASV2_1460_ESMFold_hypothetical_protein	A0A481ZEV1_unrelaxed_rank_001_alphafold2_ptm_model_1_seed_000.pdb	A0A481ZEV1_unrelaxed_rank_001_alphafold2_ptm_model_1_seed_000.pdb	8.896E+00	0.010	14	52	134	140	75	143	161	86	0.593	0.429
LOKIASV2_1460_ESMFold_hypothetical_protein	A0A916KQH1_unrelaxed_rank_001_alphafold2_ptm_model_3_seed_000.pdb	A0A916KQH1_unrelaxed_rank_001_alphafold2_ptm_model_3_seed_000.pdb	6.028E+00	0.010	14	58	135	140	56	167	172	112	0.557	0.651
LOKIASV2_1460_ESMFold_hypothetical_protein	A0A218L3T2_unrelaxed_rank_001_alphafold2_ptm_model_4_seed_000.pdb	A0A218L3T2_unrelaxed_rank_001_alphafold2_ptm_model_4_seed_000.pdb	5.650E+00	0.010	14	36	107	140	70	149	191	82	0.514	0.419
LOKIASV2_1460_ESMFold_hypothetical_protein	A0A4Y5TLR6_unrelaxed_rank_001_alphafold2_ptm_model_1_seed_000.pdb	A0A4Y5TLR6_unrelaxed_rank_001_alphafold2_ptm_model_1_seed_000.pdb	6.863E+00	0.010	14	38	133	140	25	109	197	100	0.686	0.431
LOKIASV2_1460_ESMFold_hypothetical_protein	A0A8S5RAN0_unrelaxed_rank_001_alphafold2_ptm_model_3_seed_000.pdb	A0A8S5RAN0_unrelaxed_rank_001_alphafold2_ptm_model_3_seed_000.pdb	7.814E+00	0.010	14	15	138	140	90	229	235	165	0.886	0.596
LOKIASV2_1460_ESMFold_hypothetical_protein	A0A6J5P4H6_unrelaxed_rank_001_alphafold2_ptm_model_4_seed_000.pdb	A0A6J5P4H6_unrelaxed_rank_001_alphafold2_ptm_model_4_seed_000.pdb	7.814E+00	0.010	14	20	140	140	141	258	258	130	0.864	0.457
LOKIASV2_1460_ESMFold_hypothetical_protein	A0A1C9EG51_unrelaxed_rank_001_alphafold2_ptm_model_4_seed_000.pdb	A0A1C9EG51_unrelaxed_rank_001_alphafold2_ptm_model_4_seed_000.pdb	6.432E+00	0.010	14	12	140	140	155	257	276	130	0.921	0.373
LOKIASV2_1460_ESMFold_hypothetical_protein	A0A6N1NNH5_unrelaxed_rank_001_alphafold2_ptm_model_4_seed_000.pdb	A0A6N1NNH5_unrelaxed_rank_001_alphafold2_ptm_model_4_seed_000.pdb	8.896E+00	0.010	14	40	138	140	179	266	282	104	0.707	0.312
LOKIASV2_1460_ESMFold_hypothetical_protein	A0A7D3QWU1_unrelaxed_rank_001_alphafold2_ptm_model_4_seed_000.pdb	A0A7D3QWU1_unrelaxed_rank_001_alphafold2_ptm_model_4_seed_000.pdb	8.896E+00	0.010	14	6	101	140	197	269	301	100	0.686	0.243
LOKIASV2_1460_ESMFold_hypothetical_protein	I7DAK3_unrelaxed_rank_001_alphafold2_ptm_model_5_seed_000.pdb	I7DAK3_unrelaxed_rank_001_alphafold2_ptm_model_5_seed_000.pdb	2.953E+00	0.010	14	15	138	140	92	274	302	184	0.886	0.606
LOKIASV2_1460_ESMFold_hypothetical_protein	Q9DW58_unrelaxed_rank_001_alphafold2_ptm_model_2_seed_000.pdb	Q9DW58_unrelaxed_rank_001_alphafold2_ptm_model_2_seed_000.pdb	4.651E+00	0.010	14	2	127	140	183	314	318	158	0.900	0.415
LOKIASV2_1460_ESMFold_hypothetical_protein	A0A2I5YP31_unrelaxed_rank_001_alphafold2_ptm_model_3_seed_000.pdb	A0A2I5YP31_unrelaxed_rank_001_alphafold2_ptm_model_3_seed_000.pdb	6.863E+00	0.010	14	2	101	140	103	178	319	101	0.714	0.238
LOKIASV2_1460_ESMFold_hypothetical_protein	A0A8S5QVU3_unrelaxed_rank_001_alphafold2_ptm_model_4_seed_000.pdb	A0A8S5QVU3_unrelaxed_rank_001_alphafold2_ptm_model_4_seed_000.pdb	4.651E+00	0.010	14	22	125	140	2	110	322	116	0.743	0.339
LOKIASV2_1460_ESMFold_hypothetical_protein	UPI001E748DD3_unrelaxed_rank_001_alphafold2_ptm_model_5_seed_000.pdb	UPI001E748DD3_unrelaxed_rank_001_alphafold2_ptm_model_5_seed_000.pdb	8.338E+00	0.010	14	18	138	140	52	188	357	141	0.864	0.384
LOKIASV2_1460_ESMFold_hypothetical_protein	D5IC42_unrelaxed_rank_001_alphafold2_ptm_model_1_seed_000.pdb	D5IC42_unrelaxed_rank_001_alphafold2_ptm_model_1_seed_000.pdb	9.492E+00	0.010	14	22	101	140	365	461	483	100	0.571	0.201
LOKIASV2_1460_ESMFold_hypothetical_protein	A0A222Z2Q7_unrelaxed_rank_001_alphafold2_ptm_model_1_seed_000.pdb	A0A222Z2Q7_unrelaxed_rank_001_alphafold2_ptm_model_1_seed_000.pdb	8.896E+00	0.009	13	20	76	140	17	76	87	62	0.407	0.690
LOKIASV2_1460_ESMFold_hypothetical_protein	A0A649VL04_unrelaxed_rank_001_alphafold2_ptm_model_1_seed_000.pdb	A0A649VL04_unrelaxed_rank_001_alphafold2_ptm_model_1_seed_000.pdb	8.896E+00	0.009	13	38	111	140	17	90	97	81	0.529	0.763
LOKIASV2_1460_ESMFold_hypothetical_protein	A0A2L0V019_unrelaxed_rank_001_alphafold2_ptm_model_2_seed_000.pdb	A0A2L0V019_unrelaxed_rank_001_alphafold2_ptm_model_2_seed_000.pdb	6.432E+00	0.009	13	1	90	140	5	107	112	119	0.643	0.920
LOKIASV2_1460_ESMFold_hypothetical_protein	A0A1U9HYR1_unrelaxed_rank_001_alphafold2_ptm_model_1_seed_000.pdb	A0A1U9HYR1_unrelaxed_rank_001_alphafold2_ptm_model_1_seed_000.pdb	7.814E+00	0.009	13	2	121	140	20	110	142	125	0.857	0.641
LOKIASV2_1460_ESMFold_hypothetical_protein	A0A8S5N8G0_unrelaxed_rank_001_alphafold2_ptm_model_2_seed_000.pdb	A0A8S5N8G0_unrelaxed_rank_001_alphafold2_ptm_model_2_seed_000.pdb	7.323E+00	0.009	13	5	131	140	47	151	152	131	0.907	0.691
LOKIASV2_1460_ESMFold_hypothetical_protein	A0A0B5JKI0_unrelaxed_rank_001_alphafold2_ptm_model_3_seed_000.pdb	A0A0B5JKI0_unrelaxed_rank_001_alphafold2_ptm_model_3_seed_000.pdb	9.492E+00	0.009	13	21	127	140	87	179	180	110	0.764	0.517
LOKIASV2_1460_ESMFold_hypothetical_protein	A0A9E7N566_unrelaxed_rank_001_alphafold2_ptm_model_5_seed_000.pdb	A0A9E7N566_unrelaxed_rank_001_alphafold2_ptm_model_5_seed_000.pdb	7.323E+00	0.009	13	16	95	140	121	197	203	84	0.571	0.379
LOKIASV2_1460_ESMFold_hypothetical_protein	A0A2D1GN55_unrelaxed_rank_001_alphafold2_ptm_model_1_seed_000.pdb	A0A2D1GN55_unrelaxed_rank_001_alphafold2_ptm_model_1_seed_000.pdb	9.492E+00	0.009	13	18	138	140	129	234	237	126	0.864	0.447
LOKIASV2_1460_ESMFold_hypothetical_protein	A0A6J5S5C1_unrelaxed_rank_001_alphafold2_ptm_model_3_seed_000.pdb	A0A6J5S5C1_unrelaxed_rank_001_alphafold2_ptm_model_3_seed_000.pdb	4.962E+00	0.009	13	24	125	140	117	243	252	130	0.729	0.504
LOKIASV2_1460_ESMFold_hypothetical_protein	A0A2L2BIG0_unrelaxed_rank_001_alphafold2_ptm_model_5_seed_000.pdb	A0A2L2BIG0_unrelaxed_rank_001_alphafold2_ptm_model_5_seed_000.pdb	7.323E+00	0.009	13	3	138	140	143	254	255	141	0.971	0.439
LOKIASV2_1460_ESMFold_hypothetical_protein	C4MZI0_unrelaxed_rank_001_alphafold2_ptm_model_3_seed_000.pdb	C4MZI0_unrelaxed_rank_001_alphafold2_ptm_model_3_seed_000.pdb	8.338E+00	0.009	13	5	137	140	154	279	280	149	0.950	0.450
LOKIASV2_1460_ESMFold_hypothetical_protein	Q6V0U8_unrelaxed_rank_001_alphafold2_ptm_model_3_seed_000.pdb	Q6V0U8_unrelaxed_rank_001_alphafold2_ptm_model_3_seed_000.pdb	4.962E+00	0.009	13	1	125	140	152	295	299	169	0.893	0.482
LOKIASV2_1460_ESMFold_hypothetical_protein	A0A0A0PZG4_unrelaxed_rank_001_alphafold2_ptm_model_1_seed_000.pdb	A0A0A0PZG4_unrelaxed_rank_001_alphafold2_ptm_model_1_seed_000.pdb	7.814E+00	0.009	13	20	138	140	132	293	309	171	0.850	0.524
LOKIASV2_1460_ESMFold_hypothetical_protein	A0A8S5VTS4_unrelaxed_rank_001_alphafold2_ptm_model_1_seed_000.pdb	A0A8S5VTS4_unrelaxed_rank_001_alphafold2_ptm_model_1_seed_000.pdb	8.338E+00	0.008	12	1	84	140	1	115	175	124	0.600	0.657
LOKIASV2_1460_ESMFold_hypothetical_protein	A0A481YZ59_unrelaxed_rank_001_alphafold2_ptm_model_3_seed_000.pdb	A0A481YZ59_unrelaxed_rank_001_alphafold2_ptm_model_3_seed_000.pdb	8.896E+00	0.008	12	18	131	140	110	194	195	118	0.814	0.436
LOKIASV2_1460_ESMFold_hypothetical_protein	A0A0A6ZKG1_unrelaxed_rank_001_alphafold2_ptm_model_3_seed_000.pdb	A0A0A6ZKG1_unrelaxed_rank_001_alphafold2_ptm_model_3_seed_000.pdb	7.814E+00	0.008	12	60	133	140	104	186	208	84	0.529	0.399
LOKIASV2_1460_ESMFold_hypothetical_protein	A0A6J5N6T8_unrelaxed_rank_001_alphafold2_ptm_model_4_seed_000.pdb	A0A6J5N6T8_unrelaxed_rank_001_alphafold2_ptm_model_4_seed_000.pdb	7.814E+00	0.008	12	2	76	140	6	93	267	92	0.536	0.330
LOKIASV2_1460_ESMFold_hypothetical_protein	A0A6J5L561_unrelaxed_rank_001_alphafold2_ptm_model_3_seed_000.pdb	A0A6J5L561_unrelaxed_rank_001_alphafold2_ptm_model_3_seed_000.pdb	9.492E+00	0.008	12	27	138	140	31	171	312	149	0.800	0.452
LOKIASV2_1460_ESMFold_hypothetical_protein	A0A6J5P9N3_unrelaxed_rank_001_alphafold2_ptm_model_1_seed_000.pdb	A0A6J5P9N3_unrelaxed_rank_001_alphafold2_ptm_model_1_seed_000.pdb	9.492E+00	0.008	12	20	136	140	8	121	321	127	0.836	0.355
LOKIASV2_1460_ESMFold_hypothetical_protein	A0A6J5P550_unrelaxed_rank_001_alphafold2_ptm_model_3_seed_000.pdb	A0A6J5P550_unrelaxed_rank_001_alphafold2_ptm_model_3_seed_000.pdb	9.492E+00	0.008	12	20	138	140	3	148	350	151	0.850	0.417
LOKIASV2_1460_ESMFold_hypothetical_protein	A0A3T1CXS4_unrelaxed_rank_001_alphafold2_ptm_model_1_seed_000.pdb	A0A3T1CXS4_unrelaxed_rank_001_alphafold2_ptm_model_1_seed_000.pdb	8.896E+00	0.007	11	21	135	140	78	192	202	135	0.821	0.569
LOKIASV2_1460_ESMFold_hypothetical_protein	UPI00051F5423_unrelaxed_rank_001_alphafold2_ptm_model_3_seed_000.pdb	UPI00051F5423_unrelaxed_rank_001_alphafold2_ptm_model_3_seed_000.pdb	9.492E+00	0.007	11	26	115	140	740	820	1021	93	0.643	0.079
