LOKIASV2_4524_AF2_hypothetical_protein	A0A481Z6U2_unrelaxed_rank_001_alphafold2_ptm_model_4_seed_000.pdb	A0A481Z6U2_unrelaxed_rank_001_alphafold2_ptm_model_4_seed_000.pdb	1.923E-03	1.000	127	368	874	1189	15	489	508	571	0.426	0.935
LOKIASV2_4524_AF2_hypothetical_protein	Q9PYN3_unrelaxed_rank_001_alphafold2_ptm_model_3_seed_000.pdb	Q9PYN3_unrelaxed_rank_001_alphafold2_ptm_model_3_seed_000.pdb	8.190E-04	0.941	71	230	1183	1189	22	1119	1122	1218	0.802	0.979
LOKIASV2_4524_AF2_hypothetical_protein	A0A3G5A0P3_unrelaxed_rank_001_alphafold2_ptm_model_4_seed_000.pdb	A0A3G5A0P3_unrelaxed_rank_001_alphafold2_ptm_model_4_seed_000.pdb	3.109E-01	0.933	70	951	1189	1189	12	243	300	256	0.201	0.773
LOKIASV2_4524_AF2_hypothetical_protein	A0A3G5A0K4_unrelaxed_rank_001_alphafold2_ptm_model_1_seed_000.pdb	A0A3G5A0K4_unrelaxed_rank_001_alphafold2_ptm_model_1_seed_000.pdb	1.518E-01	0.923	69	927	1187	1189	46	309	313	300	0.220	0.843
LOKIASV2_4524_AF2_hypothetical_protein	G8DGD0_unrelaxed_rank_001_alphafold2_ptm_model_5_seed_000.pdb	G8DGD0_unrelaxed_rank_001_alphafold2_ptm_model_5_seed_000.pdb	3.005E-01	0.923	69	443	843	1189	11	397	416	460	0.337	0.930
LOKIASV2_4524_AF2_hypothetical_protein	A0A3G5A792_unrelaxed_rank_001_alphafold2_ptm_model_5_seed_000.pdb	A0A3G5A792_unrelaxed_rank_001_alphafold2_ptm_model_5_seed_000.pdb	4.374E-01	0.900	67	440	811	1189	8	368	431	417	0.313	0.838
LOKIASV2_4524_AF2_hypothetical_protein	S4W3G8_unrelaxed_rank_001_alphafold2_ptm_model_3_seed_000.pdb	S4W3G8_unrelaxed_rank_001_alphafold2_ptm_model_3_seed_000.pdb	2.245E-02	0.872	65	472	1161	1189	39	717	754	798	0.580	0.901
LOKIASV2_4524_AF2_hypothetical_protein	A0A1V0SFR1_unrelaxed_rank_001_alphafold2_ptm_model_1_seed_000.pdb	A0A1V0SFR1_unrelaxed_rank_001_alphafold2_ptm_model_1_seed_000.pdb	4.150E-02	0.855	64	386	1090	1189	228	893	992	811	0.593	0.671
LOKIASV2_4524_AF2_hypothetical_protein	A0A291ATJ9_unrelaxed_rank_001_alphafold2_ptm_model_3_seed_000.pdb	A0A291ATJ9_unrelaxed_rank_001_alphafold2_ptm_model_3_seed_000.pdb	3.158E-02	0.837	63	442	1129	1189	491	1348	1349	947	0.579	0.636
LOKIASV2_4524_AF2_hypothetical_protein	A0A481Z2U5_unrelaxed_rank_001_alphafold2_ptm_model_1_seed_000.pdb	A0A481Z2U5_unrelaxed_rank_001_alphafold2_ptm_model_1_seed_000.pdb	3.949E-01	0.817	62	506	907	1189	14	399	411	450	0.338	0.939
LOKIASV2_4524_AF2_hypothetical_protein	A0A3G4ZTD0_unrelaxed_rank_001_alphafold2_ptm_model_3_seed_000.pdb	A0A3G4ZTD0_unrelaxed_rank_001_alphafold2_ptm_model_3_seed_000.pdb	7.815E-01	0.795	61	887	1188	1189	2	258	285	321	0.254	0.902
LOKIASV2_4524_AF2_hypothetical_protein	A0A8D9FR24_unrelaxed_rank_001_alphafold2_ptm_model_4_seed_000.pdb	A0A8D9FR24_unrelaxed_rank_001_alphafold2_ptm_model_4_seed_000.pdb	2.958E+00	0.663	56	988	1186	1189	178	383	405	219	0.167	0.509
LOKIASV2_4524_AF2_hypothetical_protein	A0A1V0SAY4_unrelaxed_rank_001_alphafold2_ptm_model_1_seed_000.pdb	A0A1V0SAY4_unrelaxed_rank_001_alphafold2_ptm_model_1_seed_000.pdb	9.742E-02	0.663	56	575	1188	1189	3	479	534	647	0.516	0.893
LOKIASV2_4524_AF2_hypothetical_protein	M1NLK8_unrelaxed_rank_001_alphafold2_ptm_model_3_seed_000.pdb	M1NLK8_unrelaxed_rank_001_alphafold2_ptm_model_3_seed_000.pdb	5.014E-01	0.632	55	774	1168	1189	14	322	341	410	0.332	0.906
LOKIASV2_4524_AF2_hypothetical_protein	A0A3G5AAC1_unrelaxed_rank_001_alphafold2_ptm_model_5_seed_000.pdb	A0A3G5AAC1_unrelaxed_rank_001_alphafold2_ptm_model_5_seed_000.pdb	1.008E-01	0.632	55	616	1186	1189	5	429	448	596	0.480	0.949
LOKIASV2_4524_AF2_hypothetical_protein	A0A8S5PY31_unrelaxed_rank_001_alphafold2_ptm_model_1_seed_000.pdb	A0A8S5PY31_unrelaxed_rank_001_alphafold2_ptm_model_1_seed_000.pdb	3.100E-03	0.632	55	26	1187	1189	187	1263	1377	1350	0.977	0.782
LOKIASV2_4524_AF2_hypothetical_protein	A0A3G5AAM6_unrelaxed_rank_001_alphafold2_ptm_model_4_seed_000.pdb	A0A3G5AAM6_unrelaxed_rank_001_alphafold2_ptm_model_4_seed_000.pdb	1.656E+00	0.601	54	891	1187	1189	64	310	350	308	0.250	0.706
LOKIASV2_4524_AF2_hypothetical_protein	A0A5B8IQ98_unrelaxed_rank_001_alphafold2_ptm_model_3_seed_000.pdb	A0A5B8IQ98_unrelaxed_rank_001_alphafold2_ptm_model_3_seed_000.pdb	5.838E-02	0.601	54	469	1111	1189	21	718	1240	793	0.541	0.563
LOKIASV2_4524_AF2_hypothetical_protein	A0A3G5A3Q4_unrelaxed_rank_001_alphafold2_ptm_model_1_seed_000.pdb	A0A3G5A3Q4_unrelaxed_rank_001_alphafold2_ptm_model_1_seed_000.pdb	8.367E-01	0.569	53	815	1187	1189	4	275	295	383	0.314	0.922
LOKIASV2_4524_AF2_hypothetical_protein	A0A3G4ZVS0_unrelaxed_rank_001_alphafold2_ptm_model_5_seed_000.pdb	A0A3G4ZVS0_unrelaxed_rank_001_alphafold2_ptm_model_5_seed_000.pdb	9.924E-01	0.569	53	891	1188	1189	21	276	317	319	0.251	0.808
LOKIASV2_4524_AF2_hypothetical_protein	A0A3G4ZWE5_unrelaxed_rank_001_alphafold2_ptm_model_3_seed_000.pdb	A0A3G4ZWE5_unrelaxed_rank_001_alphafold2_ptm_model_3_seed_000.pdb	9.591E-01	0.569	53	449	730	1189	31	277	600	300	0.237	0.412
LOKIASV2_4524_AF2_hypothetical_protein	A0A3G5A4T3_unrelaxed_rank_001_alphafold2_ptm_model_3_seed_000.pdb	A0A3G5A4T3_unrelaxed_rank_001_alphafold2_ptm_model_3_seed_000.pdb	1.928E-01	0.569	53	660	1178	1189	4	439	605	557	0.437	0.721
LOKIASV2_4524_AF2_hypothetical_protein	A0A1V0S8G1_unrelaxed_rank_001_alphafold2_ptm_model_3_seed_000.pdb	A0A1V0S8G1_unrelaxed_rank_001_alphafold2_ptm_model_3_seed_000.pdb	6.925E-02	0.537	52	443	1075	1189	4	534	551	697	0.532	0.964
LOKIASV2_4524_AF2_hypothetical_protein	R4TQQ5_unrelaxed_rank_001_alphafold2_ptm_model_3_seed_000.pdb	R4TQQ5_unrelaxed_rank_001_alphafold2_ptm_model_3_seed_000.pdb	1.445E+00	0.473	50	499	725	1189	116	351	358	248	0.191	0.659
LOKIASV2_4524_AF2_hypothetical_protein	A0A3G5A6P1_unrelaxed_rank_001_alphafold2_ptm_model_3_seed_000.pdb	A0A3G5A6P1_unrelaxed_rank_001_alphafold2_ptm_model_3_seed_000.pdb	1.260E+00	0.473	50	483	801	1189	59	368	382	366	0.268	0.812
LOKIASV2_4524_AF2_hypothetical_protein	A0A1V0SKH9_unrelaxed_rank_001_alphafold2_ptm_model_5_seed_000.pdb	A0A1V0SKH9_unrelaxed_rank_001_alphafold2_ptm_model_5_seed_000.pdb	3.949E-01	0.473	50	436	830	1189	74	442	466	446	0.332	0.792
LOKIASV2_4524_AF2_hypothetical_protein	A0A384ZX68_unrelaxed_rank_001_alphafold2_ptm_model_4_seed_000.pdb	A0A384ZX68_unrelaxed_rank_001_alphafold2_ptm_model_4_seed_000.pdb	3.391E+00	0.442	49	979	1189	1189	165	366	366	221	0.177	0.552
LOKIASV2_4524_AF2_hypothetical_protein	A0A5K0UB37_unrelaxed_rank_001_alphafold2_ptm_model_5_seed_000.pdb	A0A5K0UB37_unrelaxed_rank_001_alphafold2_ptm_model_5_seed_000.pdb	6.154E-01	0.442	49	447	850	1189	11	414	417	458	0.340	0.969
LOKIASV2_4524_AF2_hypothetical_protein	A0A3G5A0C3_unrelaxed_rank_001_alphafold2_ptm_model_4_seed_000.pdb	A0A3G5A0C3_unrelaxed_rank_001_alphafold2_ptm_model_4_seed_000.pdb	3.109E-01	0.442	49	438	844	1189	119	495	500	442	0.342	0.754
LOKIASV2_4524_AF2_hypothetical_protein	A0A3G5A9U9_unrelaxed_rank_001_alphafold2_ptm_model_5_seed_000.pdb	A0A3G5A9U9_unrelaxed_rank_001_alphafold2_ptm_model_5_seed_000.pdb	1.196E-01	0.442	49	572	1164	1189	6	518	521	631	0.499	0.985
LOKIASV2_4524_AF2_hypothetical_protein	A0A6J5QFS6_unrelaxed_rank_001_alphafold2_ptm_model_5_seed_000.pdb	A0A6J5QFS6_unrelaxed_rank_001_alphafold2_ptm_model_5_seed_000.pdb	3.509E+00	0.442	49	960	1187	1189	149	344	547	244	0.192	0.358
LOKIASV2_4524_AF2_hypothetical_protein	Q4A2Y4_unrelaxed_rank_001_alphafold2_ptm_model_1_seed_000.pdb	Q4A2Y4_unrelaxed_rank_001_alphafold2_ptm_model_1_seed_000.pdb	1.325E-01	0.442	49	560	1187	1189	4	552	601	685	0.528	0.913
LOKIASV2_4524_AF2_hypothetical_protein	A0A291ATJ1_unrelaxed_rank_001_alphafold2_ptm_model_3_seed_000.pdb	A0A291ATJ1_unrelaxed_rank_001_alphafold2_ptm_model_3_seed_000.pdb	1.801E-01	0.442	49	344	1153	1189	105	829	851	905	0.681	0.852
LOKIASV2_4524_AF2_hypothetical_protein	A0A856LZH5_unrelaxed_rank_001_alphafold2_ptm_model_3_seed_000.pdb	A0A856LZH5_unrelaxed_rank_001_alphafold2_ptm_model_3_seed_000.pdb	1.495E+00	0.411	48	533	835	1189	4	253	260	319	0.255	0.962
LOKIASV2_4524_AF2_hypothetical_protein	A0A6J4EKB9_unrelaxed_rank_001_alphafold2_ptm_model_3_seed_000.pdb	A0A6J4EKB9_unrelaxed_rank_001_alphafold2_ptm_model_3_seed_000.pdb	6.945E+00	0.411	48	1070	1187	1189	4	116	347	128	0.099	0.326
LOKIASV2_4524_AF2_hypothetical_protein	A0A3G5A1L9_unrelaxed_rank_001_alphafold2_ptm_model_3_seed_000.pdb	A0A3G5A1L9_unrelaxed_rank_001_alphafold2_ptm_model_3_seed_000.pdb	3.816E-01	0.411	48	655	1151	1189	9	347	366	508	0.418	0.926
LOKIASV2_4524_AF2_hypothetical_protein	UPI000018F68B_unrelaxed_rank_001_alphafold2_ptm_model_3_seed_000.pdb	UPI000018F68B_unrelaxed_rank_001_alphafold2_ptm_model_3_seed_000.pdb	4.162E+00	0.411	48	734	910	1189	68	267	427	208	0.149	0.468
LOKIASV2_4524_AF2_hypothetical_protein	A0A2I2L4G3_unrelaxed_rank_001_alphafold2_ptm_model_5_seed_000.pdb	A0A2I2L4G3_unrelaxed_rank_001_alphafold2_ptm_model_5_seed_000.pdb	7.815E-01	0.382	47	648	1042	1189	6	333	344	428	0.332	0.953
LOKIASV2_4524_AF2_hypothetical_protein	A0A3G5AB38_unrelaxed_rank_001_alphafold2_ptm_model_5_seed_000.pdb	A0A3G5AB38_unrelaxed_rank_001_alphafold2_ptm_model_5_seed_000.pdb	6.368E-01	0.353	46	487	835	1189	3	283	297	364	0.294	0.946
LOKIASV2_4524_AF2_hypothetical_protein	A0A6J5T0S5_unrelaxed_rank_001_alphafold2_ptm_model_1_seed_000.pdb	A0A6J5T0S5_unrelaxed_rank_001_alphafold2_ptm_model_1_seed_000.pdb	3.167E+00	0.353	46	944	1187	1189	625	795	797	254	0.205	0.215
LOKIASV2_4524_AF2_hypothetical_protein	A0A1V0S8U3_unrelaxed_rank_001_alphafold2_ptm_model_2_seed_000.pdb	A0A1V0S8U3_unrelaxed_rank_001_alphafold2_ptm_model_2_seed_000.pdb	1.600E+00	0.326	45	745	1184	1189	5	377	392	470	0.370	0.952
LOKIASV2_4524_AF2_hypothetical_protein	A0A3G5A615_unrelaxed_rank_001_alphafold2_ptm_model_3_seed_000.pdb	A0A3G5A615_unrelaxed_rank_001_alphafold2_ptm_model_3_seed_000.pdb	6.589E-01	0.326	45	655	1149	1189	3	396	403	529	0.416	0.978
LOKIASV2_4524_AF2_hypothetical_protein	A0A8S5T5N3_2_unrelaxed_rank_001_alphafold2_ptm_model_3_seed_000.pdb	A0A8S5T5N3_2_unrelaxed_rank_001_alphafold2_ptm_model_3_seed_000.pdb	5.173E-03	0.326	45	16	1172	1189	58	985	1001	1271	0.973	0.927
LOKIASV2_4524_AF2_hypothetical_protein	A0A1V0S8U4_unrelaxed_rank_001_alphafold2_ptm_model_5_seed_000.pdb	A0A1V0S8U4_unrelaxed_rank_001_alphafold2_ptm_model_5_seed_000.pdb	5.188E-01	0.301	44	605	1151	1189	3	439	459	571	0.460	0.952
LOKIASV2_4524_AF2_hypothetical_protein	A0A2I2L4V8_unrelaxed_rank_001_alphafold2_ptm_model_4_seed_000.pdb	A0A2I2L4V8_unrelaxed_rank_001_alphafold2_ptm_model_4_seed_000.pdb	1.063E+00	0.301	44	651	1188	1189	113	505	508	564	0.452	0.774
LOKIASV2_4524_AF2_hypothetical_protein	A0A5K0UAA2_unrelaxed_rank_001_alphafold2_ptm_model_2_seed_000.pdb	A0A5K0UAA2_unrelaxed_rank_001_alphafold2_ptm_model_2_seed_000.pdb	1.043E-01	0.301	44	365	1135	1189	137	921	1103	943	0.648	0.712
LOKIASV2_4524_AF2_hypothetical_protein	A0A3G5A1L3_unrelaxed_rank_001_alphafold2_ptm_model_4_seed_000.pdb	A0A3G5A1L3_unrelaxed_rank_001_alphafold2_ptm_model_4_seed_000.pdb	5.369E-01	0.277	43	778	1149	1189	4	335	336	413	0.313	0.988
LOKIASV2_4524_AF2_hypothetical_protein	S4W496_unrelaxed_rank_001_alphafold2_ptm_model_3_seed_000.pdb	S4W496_unrelaxed_rank_001_alphafold2_ptm_model_3_seed_000.pdb	3.564E-01	0.277	43	504	1039	1189	42	538	567	599	0.451	0.877
LOKIASV2_4524_AF2_hypothetical_protein	A0A3G5A670_unrelaxed_rank_001_alphafold2_ptm_model_3_seed_000.pdb	A0A3G5A670_unrelaxed_rank_001_alphafold2_ptm_model_3_seed_000.pdb	4.683E-01	0.277	43	447	1188	1189	43	617	655	780	0.624	0.878
LOKIASV2_4524_AF2_hypothetical_protein	A0A5J6VKE1_2_unrelaxed_rank_001_alphafold2_ptm_model_1_seed_000.pdb	A0A5J6VKE1_2_unrelaxed_rank_001_alphafold2_ptm_model_1_seed_000.pdb	3.329E-01	0.277	43	434	1120	1189	7	664	825	778	0.578	0.798
LOKIASV2_4524_AF2_hypothetical_protein	A0A4D5XEZ3_unrelaxed_rank_001_alphafold2_ptm_model_3_seed_000.pdb	A0A4D5XEZ3_unrelaxed_rank_001_alphafold2_ptm_model_3_seed_000.pdb	1.117E-01	0.254	42	442	1091	1189	40	561	593	706	0.547	0.880
LOKIASV2_4524_AF2_hypothetical_protein	A0A3G5A730_unrelaxed_rank_001_alphafold2_ptm_model_3_seed_000.pdb	A0A3G5A730_unrelaxed_rank_001_alphafold2_ptm_model_3_seed_000.pdb	4.611E+00	0.233	41	964	1187	1189	1	238	288	263	0.188	0.826
LOKIASV2_4524_AF2_hypothetical_protein	A0A3G5A1N9_unrelaxed_rank_001_alphafold2_ptm_model_4_seed_000.pdb	A0A3G5A1N9_unrelaxed_rank_001_alphafold2_ptm_model_4_seed_000.pdb	2.032E+00	0.233	41	772	1172	1189	18	295	298	411	0.337	0.933
LOKIASV2_4524_AF2_hypothetical_protein	A0A8S5PXW0_unrelaxed_rank_001_alphafold2_ptm_model_5_seed_000.pdb	A0A8S5PXW0_unrelaxed_rank_001_alphafold2_ptm_model_5_seed_000.pdb	6.712E+00	0.233	41	959	1188	1189	172	383	388	250	0.193	0.546
LOKIASV2_4524_AF2_hypothetical_protein	A0A6J5KNU8_unrelaxed_rank_001_alphafold2_ptm_model_3_seed_000.pdb	A0A6J5KNU8_unrelaxed_rank_001_alphafold2_ptm_model_3_seed_000.pdb	5.014E-01	0.233	41	498	1048	1189	14	529	557	623	0.463	0.926
LOKIASV2_4524_AF2_hypothetical_protein	A0A8S5VP99_unrelaxed_rank_001_alphafold2_ptm_model_3_seed_000.pdb	A0A8S5VP99_unrelaxed_rank_001_alphafold2_ptm_model_3_seed_000.pdb	1.008E-01	0.233	41	442	1187	1189	8	911	939	987	0.627	0.963
LOKIASV2_4524_AF2_hypothetical_protein	A0A3G5A1B5_unrelaxed_rank_001_alphafold2_ptm_model_1_seed_000.pdb	A0A3G5A1B5_unrelaxed_rank_001_alphafold2_ptm_model_1_seed_000.pdb	6.269E+00	0.214	40	1004	1188	1189	3	153	155	190	0.156	0.974
LOKIASV2_4524_AF2_hypothetical_protein	A0A3G4ZXR4_unrelaxed_rank_001_alphafold2_ptm_model_3_seed_000.pdb	A0A3G4ZXR4_unrelaxed_rank_001_alphafold2_ptm_model_3_seed_000.pdb	6.712E+00	0.214	40	924	1187	1189	3	202	226	271	0.222	0.885
LOKIASV2_4524_AF2_hypothetical_protein	A0A8S5TSE8_unrelaxed_rank_001_alphafold2_ptm_model_4_seed_000.pdb	A0A8S5TSE8_unrelaxed_rank_001_alphafold2_ptm_model_4_seed_000.pdb	8.819E+00	0.214	40	1067	1184	1189	132	286	288	158	0.099	0.538
LOKIASV2_4524_AF2_hypothetical_protein	A0A3G5A0E9_unrelaxed_rank_001_alphafold2_ptm_model_4_seed_000.pdb	A0A3G5A0E9_unrelaxed_rank_001_alphafold2_ptm_model_4_seed_000.pdb	2.763E+00	0.214	40	479	726	1189	39	307	311	289	0.209	0.865
LOKIASV2_4524_AF2_hypothetical_protein	A0A3G5A1C9_unrelaxed_rank_001_alphafold2_ptm_model_4_seed_000.pdb	A0A3G5A1C9_unrelaxed_rank_001_alphafold2_ptm_model_4_seed_000.pdb	5.369E-01	0.214	40	648	1172	1189	13	368	370	543	0.442	0.962
LOKIASV2_4524_AF2_hypothetical_protein	A0A1V0SFD0_unrelaxed_rank_001_alphafold2_ptm_model_3_seed_000.pdb	A0A1V0SFD0_unrelaxed_rank_001_alphafold2_ptm_model_3_seed_000.pdb	4.526E-01	0.214	40	412	1021	1189	30	571	595	679	0.513	0.911
LOKIASV2_4524_AF2_hypothetical_protein	A0A6N1NX58_unrelaxed_rank_001_alphafold2_ptm_model_1_seed_000.pdb	A0A6N1NX58_unrelaxed_rank_001_alphafold2_ptm_model_1_seed_000.pdb	8.237E+00	0.196	39	812	961	1189	41	148	148	154	0.126	0.730
LOKIASV2_4524_AF2_hypothetical_protein	A0A6B9URQ9_unrelaxed_rank_001_alphafold2_ptm_model_4_seed_000.pdb	A0A6B9URQ9_unrelaxed_rank_001_alphafold2_ptm_model_4_seed_000.pdb	1.099E+00	0.196	39	398	812	1189	9	354	358	434	0.349	0.966
LOKIASV2_4524_AF2_hypothetical_protein	A0A0G2Y1R8_unrelaxed_rank_001_alphafold2_ptm_model_3_seed_000.pdb	A0A0G2Y1R8_unrelaxed_rank_001_alphafold2_ptm_model_3_seed_000.pdb	1.027E+00	0.196	39	619	1117	1189	5	505	513	565	0.420	0.977
LOKIASV2_4524_AF2_hypothetical_protein	A0A2U9QHL5_unrelaxed_rank_001_alphafold2_ptm_model_2_seed_000.pdb	A0A2U9QHL5_unrelaxed_rank_001_alphafold2_ptm_model_2_seed_000.pdb	2.064E-01	0.196	39	520	1031	1189	3	389	524	531	0.431	0.739
LOKIASV2_4524_AF2_hypothetical_protein	A0A8S5P123_unrelaxed_rank_001_alphafold2_ptm_model_1_seed_000.pdb	A0A8S5P123_unrelaxed_rank_001_alphafold2_ptm_model_1_seed_000.pdb	6.692E-02	0.196	39	5	1184	1189	83	1276	1385	1393	0.992	0.862
LOKIASV2_4524_AF2_hypothetical_protein	A0A3G5A895_unrelaxed_rank_001_alphafold2_ptm_model_3_seed_000.pdb	A0A3G5A895_unrelaxed_rank_001_alphafold2_ptm_model_3_seed_000.pdb	3.887E+00	0.179	38	886	1182	1189	7	221	227	307	0.250	0.947
LOKIASV2_4524_AF2_hypothetical_protein	A0A6M6DHB7_unrelaxed_rank_001_alphafold2_ptm_model_3_seed_000.pdb	A0A6M6DHB7_unrelaxed_rank_001_alphafold2_ptm_model_3_seed_000.pdb	3.061E+00	0.179	38	655	939	1189	2	244	250	305	0.240	0.972
LOKIASV2_4524_AF2_hypothetical_protein	A0A7D3QTY1_unrelaxed_rank_001_alphafold2_ptm_model_2_seed_000.pdb	A0A7D3QTY1_unrelaxed_rank_001_alphafold2_ptm_model_2_seed_000.pdb	2.411E+00	0.179	38	461	766	1189	3	273	286	328	0.257	0.948
LOKIASV2_4524_AF2_hypothetical_protein	A0A3G4ZVJ7_unrelaxed_rank_001_alphafold2_ptm_model_3_seed_000.pdb	A0A3G4ZVJ7_unrelaxed_rank_001_alphafold2_ptm_model_3_seed_000.pdb	2.251E+00	0.179	38	823	1188	1189	1	309	314	379	0.308	0.984
LOKIASV2_4524_AF2_hypothetical_protein	A0A3G5A3H9_unrelaxed_rank_001_alphafold2_ptm_model_4_seed_000.pdb	A0A3G5A3H9_unrelaxed_rank_001_alphafold2_ptm_model_4_seed_000.pdb	3.061E+00	0.179	38	846	1188	1189	17	305	347	359	0.288	0.833
LOKIASV2_4524_AF2_hypothetical_protein	A0A160EQI3_unrelaxed_rank_001_alphafold2_ptm_model_5_seed_000.pdb	A0A160EQI3_unrelaxed_rank_001_alphafold2_ptm_model_5_seed_000.pdb	1.260E+00	0.179	38	660	1086	1189	17	353	354	445	0.359	0.952
LOKIASV2_4524_AF2_hypothetical_protein	A0A481ZET3_unrelaxed_rank_001_alphafold2_ptm_model_5_seed_000.pdb	A0A481ZET3_unrelaxed_rank_001_alphafold2_ptm_model_5_seed_000.pdb	3.167E+00	0.179	38	491	1031	1189	45	479	482	573	0.455	0.902
LOKIASV2_4524_AF2_hypothetical_protein	A0A2U7UDD7_unrelaxed_rank_001_alphafold2_ptm_model_3_seed_000.pdb	A0A2U7UDD7_unrelaxed_rank_001_alphafold2_ptm_model_3_seed_000.pdb	1.063E+00	0.179	38	628	1188	1189	13	548	567	639	0.472	0.945
LOKIASV2_4524_AF2_hypothetical_protein	A0A3G5A4Q5_unrelaxed_rank_001_alphafold2_ptm_model_2_seed_000.pdb	A0A3G5A4Q5_unrelaxed_rank_001_alphafold2_ptm_model_2_seed_000.pdb	3.329E-01	0.179	38	474	1126	1189	102	673	674	728	0.549	0.849
LOKIASV2_4524_AF2_hypothetical_protein	A0A3G4ZXB0_unrelaxed_rank_001_alphafold2_ptm_model_1_seed_000.pdb	A0A3G4ZXB0_unrelaxed_rank_001_alphafold2_ptm_model_1_seed_000.pdb	5.855E+00	0.164	37	886	1168	1189	3	252	304	302	0.238	0.822
LOKIASV2_4524_AF2_hypothetical_protein	A0A3G4ZZV8_unrelaxed_rank_001_alphafold2_ptm_model_1_seed_000.pdb	A0A3G4ZZV8_unrelaxed_rank_001_alphafold2_ptm_model_1_seed_000.pdb	2.581E+00	0.164	37	844	1186	1189	1	307	484	379	0.288	0.634
LOKIASV2_4524_AF2_hypothetical_protein	A0A3G4ZRB1_unrelaxed_rank_001_alphafold2_ptm_model_3_seed_000.pdb	A0A3G4ZRB1_unrelaxed_rank_001_alphafold2_ptm_model_3_seed_000.pdb	1.547E+00	0.164	37	459	1128	1189	23	560	561	701	0.563	0.959
LOKIASV2_4524_AF2_hypothetical_protein	A0A0B5J392_unrelaxed_rank_001_alphafold2_ptm_model_3_seed_000.pdb	A0A0B5J392_unrelaxed_rank_001_alphafold2_ptm_model_3_seed_000.pdb	2.032E+00	0.164	37	448	979	1189	31	517	600	610	0.447	0.812
LOKIASV2_4524_AF2_hypothetical_protein	A0A481Z4D9_unrelaxed_rank_001_alphafold2_ptm_model_1_seed_000.pdb	A0A481Z4D9_unrelaxed_rank_001_alphafold2_ptm_model_1_seed_000.pdb	7.299E-01	0.164	37	460	968	1189	74	579	711	608	0.428	0.712
LOKIASV2_4524_AF2_hypothetical_protein	A0A5K0UA15_unrelaxed_rank_001_alphafold2_ptm_model_2_seed_000.pdb	A0A5K0UA15_unrelaxed_rank_001_alphafold2_ptm_model_2_seed_000.pdb	5.748E-01	0.164	37	444	879	1189	90	642	863	601	0.367	0.641
LOKIASV2_4524_AF2_hypothetical_protein	A0A3G5A8A2_unrelaxed_rank_001_alphafold2_ptm_model_3_seed_000.pdb	A0A3G5A8A2_unrelaxed_rank_001_alphafold2_ptm_model_3_seed_000.pdb	8.658E-01	0.150	36	782	1188	1189	7	375	379	454	0.342	0.974
LOKIASV2_4524_AF2_hypothetical_protein	A0A481Z0X1_unrelaxed_rank_001_alphafold2_ptm_model_1_seed_000.pdb	A0A481Z0X1_unrelaxed_rank_001_alphafold2_ptm_model_1_seed_000.pdb	1.177E+00	0.150	36	746	1151	1189	4	354	412	440	0.341	0.852
LOKIASV2_4524_AF2_hypothetical_protein	S4VZ84_unrelaxed_rank_001_alphafold2_ptm_model_3_seed_000.pdb	S4VZ84_unrelaxed_rank_001_alphafold2_ptm_model_3_seed_000.pdb	4.162E+00	0.150	36	435	917	1189	74	472	541	516	0.406	0.738
LOKIASV2_4524_AF2_hypothetical_protein	A0A811BRC5_unrelaxed_rank_001_alphafold2_ptm_model_1_seed_000.pdb	A0A811BRC5_unrelaxed_rank_001_alphafold2_ptm_model_1_seed_000.pdb	1.196E-01	0.150	36	361	1147	1189	101	869	870	977	0.662	0.884
LOKIASV2_4524_AF2_hypothetical_protein	A0A3G5AC81_unrelaxed_rank_001_alphafold2_ptm_model_1_seed_000.pdb	A0A3G5AC81_unrelaxed_rank_001_alphafold2_ptm_model_1_seed_000.pdb	3.061E+00	0.138	35	453	770	1189	2	279	287	348	0.267	0.969
LOKIASV2_4524_AF2_hypothetical_protein	A0A0N9LVJ1_unrelaxed_rank_001_alphafold2_ptm_model_3_seed_000.pdb	A0A0N9LVJ1_unrelaxed_rank_001_alphafold2_ptm_model_3_seed_000.pdb	2.958E+00	0.138	35	447	842	1189	2	329	334	428	0.333	0.982
LOKIASV2_4524_AF2_hypothetical_protein	Q5UQA1_unrelaxed_rank_001_alphafold2_ptm_model_4_seed_000.pdb	Q5UQA1_unrelaxed_rank_001_alphafold2_ptm_model_4_seed_000.pdb	2.103E+00	0.138	35	317	706	1189	38	347	356	415	0.328	0.871
LOKIASV2_4524_AF2_hypothetical_protein	A0A481Z762_unrelaxed_rank_001_alphafold2_ptm_model_4_seed_000.pdb	A0A481Z762_unrelaxed_rank_001_alphafold2_ptm_model_4_seed_000.pdb	4.307E+00	0.138	35	447	822	1189	32	372	408	410	0.316	0.836
LOKIASV2_4524_AF2_hypothetical_protein	A0A811BNI7_unrelaxed_rank_001_alphafold2_ptm_model_4_seed_000.pdb	A0A811BNI7_unrelaxed_rank_001_alphafold2_ptm_model_4_seed_000.pdb	1.027E+00	0.138	35	616	1148	1189	23	421	434	562	0.448	0.919
LOKIASV2_4524_AF2_hypothetical_protein	A0A6J5KU24_unrelaxed_rank_001_alphafold2_ptm_model_3_seed_000.pdb	A0A6J5KU24_unrelaxed_rank_001_alphafold2_ptm_model_3_seed_000.pdb	5.469E+00	0.138	35	484	688	1189	1	168	445	215	0.172	0.378
LOKIASV2_4524_AF2_hypothetical_protein	A0A5B8X8Q2_unrelaxed_rank_001_alphafold2_ptm_model_3_seed_000.pdb	A0A5B8X8Q2_unrelaxed_rank_001_alphafold2_ptm_model_3_seed_000.pdb	8.658E-01	0.138	35	382	1020	1189	2	554	563	704	0.537	0.982
LOKIASV2_4524_AF2_hypothetical_protein	A0A2Z2U7T3_unrelaxed_rank_001_alphafold2_ptm_model_3_seed_000.pdb	A0A2Z2U7T3_unrelaxed_rank_001_alphafold2_ptm_model_3_seed_000.pdb	1.237E-01	0.138	35	486	1132	1189	56	711	722	769	0.544	0.909
LOKIASV2_4524_AF2_hypothetical_protein	A0A1V0SGJ4_unrelaxed_rank_001_alphafold2_ptm_model_3_seed_000.pdb	A0A1V0SGJ4_unrelaxed_rank_001_alphafold2_ptm_model_3_seed_000.pdb	1.099E+00	0.138	35	448	1158	1189	159	721	725	757	0.598	0.777
LOKIASV2_4524_AF2_hypothetical_protein	A0A1S5R3W8_unrelaxed_rank_001_alphafold2_ptm_model_2_seed_000.pdb	A0A1S5R3W8_unrelaxed_rank_001_alphafold2_ptm_model_2_seed_000.pdb	4.228E-01	0.138	35	299	1071	1189	279	1026	1312	929	0.650	0.570
LOKIASV2_4524_AF2_hypothetical_protein	A0A3G4ZSV7_unrelaxed_rank_001_alphafold2_ptm_model_4_seed_000.pdb	A0A3G4ZSV7_unrelaxed_rank_001_alphafold2_ptm_model_4_seed_000.pdb	1.773E+00	0.126	34	582	864	1189	9	268	280	316	0.238	0.929
LOKIASV2_4524_AF2_hypothetical_protein	A0A2H4UUK4_unrelaxed_rank_001_alphafold2_ptm_model_4_seed_000.pdb	A0A2H4UUK4_unrelaxed_rank_001_alphafold2_ptm_model_4_seed_000.pdb	5.285E+00	0.126	34	458	848	1189	5	284	284	406	0.329	0.986
LOKIASV2_4524_AF2_hypothetical_protein	A0A3G4ZWH5_unrelaxed_rank_001_alphafold2_ptm_model_1_seed_000.pdb	A0A3G4ZWH5_unrelaxed_rank_001_alphafold2_ptm_model_1_seed_000.pdb	1.713E+00	0.126	34	446	848	1189	13	410	418	453	0.339	0.952
LOKIASV2_4524_AF2_hypothetical_protein	A0A0F7L2G1_unrelaxed_rank_001_alphafold2_ptm_model_3_seed_000.pdb	A0A0F7L2G1_unrelaxed_rank_001_alphafold2_ptm_model_3_seed_000.pdb	6.059E+00	0.126	34	939	1189	1189	190	438	438	298	0.211	0.568
LOKIASV2_4524_AF2_hypothetical_protein	A0A2U9QHH4_unrelaxed_rank_001_alphafold2_ptm_model_2_seed_000.pdb	A0A2U9QHH4_unrelaxed_rank_001_alphafold2_ptm_model_2_seed_000.pdb	2.330E+00	0.126	34	524	992	1189	14	438	450	535	0.394	0.944
LOKIASV2_4524_AF2_hypothetical_protein	A0A6B9US80_unrelaxed_rank_001_alphafold2_ptm_model_2_seed_000.pdb	A0A6B9US80_unrelaxed_rank_001_alphafold2_ptm_model_2_seed_000.pdb	1.349E+00	0.126	34	424	909	1189	52	471	603	538	0.409	0.697
LOKIASV2_4524_AF2_hypothetical_protein	A0A2H4PQT3_unrelaxed_rank_001_alphafold2_ptm_model_1_seed_000.pdb	A0A2H4PQT3_unrelaxed_rank_001_alphafold2_ptm_model_1_seed_000.pdb	1.099E+00	0.126	34	440	874	1189	4	429	670	501	0.366	0.636
LOKIASV2_4524_AF2_hypothetical_protein	A0A5K0UA64_unrelaxed_rank_001_alphafold2_ptm_model_3_seed_000.pdb	A0A5K0UA64_unrelaxed_rank_001_alphafold2_ptm_model_3_seed_000.pdb	3.005E-01	0.126	34	571	1151	1189	106	689	1438	696	0.489	0.406
LOKIASV2_4524_AF2_hypothetical_protein	A0A8S5TTC8_1_unrelaxed_rank_001_alphafold2_ptm_model_5_seed_000.pdb	A0A8S5TTC8_1_unrelaxed_rank_001_alphafold2_ptm_model_5_seed_000.pdb	3.746E-02	0.126	34	398	1188	1189	38	873	1480	950	0.665	0.565
LOKIASV2_4524_AF2_hypothetical_protein	A0A481YUW9_unrelaxed_rank_001_alphafold2_ptm_model_4_seed_000.pdb	A0A481YUW9_unrelaxed_rank_001_alphafold2_ptm_model_4_seed_000.pdb	7.186E+00	0.116	33	508	716	1189	9	247	265	257	0.176	0.902
LOKIASV2_4524_AF2_hypothetical_protein	A0A3G4ZVN6_unrelaxed_rank_001_alphafold2_ptm_model_3_seed_000.pdb	A0A3G4ZVN6_unrelaxed_rank_001_alphafold2_ptm_model_3_seed_000.pdb	5.108E+00	0.116	33	908	1173	1189	9	277	287	295	0.224	0.937
LOKIASV2_4524_AF2_hypothetical_protein	A0A0B5JAA2_unrelaxed_rank_001_alphafold2_ptm_model_5_seed_000.pdb	A0A0B5JAA2_unrelaxed_rank_001_alphafold2_ptm_model_5_seed_000.pdb	4.307E+00	0.116	33	491	722	1189	88	330	341	279	0.195	0.713
LOKIASV2_4524_AF2_hypothetical_protein	A0A2I2L4K3_unrelaxed_rank_001_alphafold2_ptm_model_3_seed_000.pdb	A0A2I2L4K3_unrelaxed_rank_001_alphafold2_ptm_model_3_seed_000.pdb	2.103E+00	0.116	33	648	1133	1189	6	431	432	524	0.409	0.986
LOKIASV2_4524_AF2_hypothetical_protein	A0A1Z4CGD3_unrelaxed_rank_001_alphafold2_ptm_model_3_seed_000.pdb	A0A1Z4CGD3_unrelaxed_rank_001_alphafold2_ptm_model_3_seed_000.pdb	2.411E+00	0.116	33	362	789	1189	3	371	534	458	0.360	0.691
LOKIASV2_4524_AF2_hypothetical_protein	A0A811BNR6_unrelaxed_rank_001_alphafold2_ptm_model_3_seed_000.pdb	A0A811BNR6_unrelaxed_rank_001_alphafold2_ptm_model_3_seed_000.pdb	8.367E-01	0.116	33	474	1077	1189	116	590	592	644	0.508	0.802
LOKIASV2_4524_AF2_hypothetical_protein	A0A291ATV6_unrelaxed_rank_001_alphafold2_ptm_model_3_seed_000.pdb	A0A291ATV6_unrelaxed_rank_001_alphafold2_ptm_model_3_seed_000.pdb	2.904E-01	0.116	33	435	1147	1189	132	882	885	890	0.600	0.849
LOKIASV2_4524_AF2_hypothetical_protein	A0A6J5NT20_unrelaxed_rank_001_alphafold2_ptm_model_1_seed_000.pdb	A0A6J5NT20_unrelaxed_rank_001_alphafold2_ptm_model_1_seed_000.pdb	1.196E-01	0.116	33	169	1188	1189	38	873	886	1099	0.858	0.944
LOKIASV2_4524_AF2_hypothetical_protein	A0A1S5V2I4_unrelaxed_rank_001_alphafold2_ptm_model_3_seed_000.pdb	A0A1S5V2I4_unrelaxed_rank_001_alphafold2_ptm_model_3_seed_000.pdb	3.167E+00	0.106	32	614	914	1189	10	262	293	316	0.253	0.863
LOKIASV2_4524_AF2_hypothetical_protein	A0A2R8FE14_unrelaxed_rank_001_alphafold2_ptm_model_5_seed_000.pdb	A0A2R8FE14_unrelaxed_rank_001_alphafold2_ptm_model_5_seed_000.pdb	6.269E+00	0.106	32	437	706	1189	202	405	406	286	0.227	0.502
LOKIASV2_4524_AF2_hypothetical_protein	A0A2U7UF89_unrelaxed_rank_001_alphafold2_ptm_model_4_seed_000.pdb	A0A2U7UF89_unrelaxed_rank_001_alphafold2_ptm_model_4_seed_000.pdb	1.218E+00	0.106	32	443	909	1189	13	463	490	551	0.393	0.920
LOKIASV2_4524_AF2_hypothetical_protein	A0A481YVK7_unrelaxed_rank_001_alphafold2_ptm_model_3_seed_000.pdb	A0A481YVK7_unrelaxed_rank_001_alphafold2_ptm_model_3_seed_000.pdb	3.061E+00	0.106	32	649	982	1189	86	363	509	365	0.281	0.546
LOKIASV2_4524_AF2_hypothetical_protein	A0A2U7UFI7_unrelaxed_rank_001_alphafold2_ptm_model_3_seed_000.pdb	A0A2U7UFI7_unrelaxed_rank_001_alphafold2_ptm_model_3_seed_000.pdb	5.748E-01	0.106	32	516	1130	1189	36	618	657	721	0.517	0.887
LOKIASV2_4524_AF2_hypothetical_protein	A0A2U7U9L6_unrelaxed_rank_001_alphafold2_ptm_model_2_seed_000.pdb	A0A2U7U9L6_unrelaxed_rank_001_alphafold2_ptm_model_2_seed_000.pdb	2.807E-01	0.106	32	497	1186	1189	40	744	746	835	0.580	0.945
LOKIASV2_4524_AF2_hypothetical_protein	A0A3Q9R5P1_1_unrelaxed_rank_001_alphafold2_ptm_model_3_seed_000.pdb	A0A3Q9R5P1_1_unrelaxed_rank_001_alphafold2_ptm_model_3_seed_000.pdb	4.846E-01	0.106	32	365	1149	1189	134	869	881	899	0.660	0.835
LOKIASV2_4524_AF2_hypothetical_protein	J3IZL8_unrelaxed_rank_001_alphafold2_ptm_model_4_seed_000.pdb	J3IZL8_unrelaxed_rank_001_alphafold2_ptm_model_4_seed_000.pdb	6.269E+00	0.098	31	490	795	1189	23	250	251	319	0.257	0.908
LOKIASV2_4524_AF2_hypothetical_protein	A0A3G4ZU77_unrelaxed_rank_001_alphafold2_ptm_model_4_seed_000.pdb	A0A3G4ZU77_unrelaxed_rank_001_alphafold2_ptm_model_4_seed_000.pdb	4.771E+00	0.098	31	988	1188	1189	5	218	257	230	0.169	0.833
LOKIASV2_4524_AF2_hypothetical_protein	A0A0B5J808_unrelaxed_rank_001_alphafold2_ptm_model_5_seed_000.pdb	A0A0B5J808_unrelaxed_rank_001_alphafold2_ptm_model_5_seed_000.pdb	2.103E+00	0.098	31	662	1089	1189	2	415	416	504	0.360	0.995
LOKIASV2_4524_AF2_hypothetical_protein	A0A1V0SCX9_unrelaxed_rank_001_alphafold2_ptm_model_3_seed_000.pdb	A0A1V0SCX9_unrelaxed_rank_001_alphafold2_ptm_model_3_seed_000.pdb	2.251E+00	0.098	31	488	982	1189	17	498	499	565	0.416	0.966
LOKIASV2_4524_AF2_hypothetical_protein	G8DGW1_unrelaxed_rank_001_alphafold2_ptm_model_2_seed_000.pdb	G8DGW1_unrelaxed_rank_001_alphafold2_ptm_model_2_seed_000.pdb	3.631E+00	0.098	31	459	871	1189	122	579	733	504	0.347	0.625
LOKIASV2_4524_AF2_hypothetical_protein	A0A2U7UFA4_unrelaxed_rank_001_alphafold2_ptm_model_3_seed_000.pdb	A0A2U7UFA4_unrelaxed_rank_001_alphafold2_ptm_model_3_seed_000.pdb	4.307E+00	0.098	31	439	804	1189	208	611	743	455	0.308	0.544
LOKIASV2_4524_AF2_hypothetical_protein	G9BW49_2_unrelaxed_rank_001_alphafold2_ptm_model_3_seed_000.pdb	G9BW49_2_unrelaxed_rank_001_alphafold2_ptm_model_3_seed_000.pdb	1.682E-01	0.098	31	441	1169	1189	3	679	792	781	0.613	0.855
LOKIASV2_4524_AF2_hypothetical_protein	A0A5K0UAR1_unrelaxed_rank_001_alphafold2_ptm_model_1_seed_000.pdb	A0A5K0UAR1_unrelaxed_rank_001_alphafold2_ptm_model_1_seed_000.pdb	9.924E-01	0.098	31	398	1151	1189	202	900	901	849	0.634	0.776
LOKIASV2_4524_AF2_hypothetical_protein	A0A7D3UAQ9_unrelaxed_rank_001_alphafold2_ptm_model_3_seed_000.pdb	A0A7D3UAQ9_unrelaxed_rank_001_alphafold2_ptm_model_3_seed_000.pdb	2.713E-01	0.098	31	541	1185	1189	7	754	928	816	0.542	0.806
LOKIASV2_4524_AF2_hypothetical_protein	A0A3G5A2F0_unrelaxed_rank_001_alphafold2_ptm_model_1_seed_000.pdb	A0A3G5A2F0_unrelaxed_rank_001_alphafold2_ptm_model_1_seed_000.pdb	8.958E-01	0.098	31	365	1132	1189	122	707	995	820	0.646	0.589
LOKIASV2_4524_AF2_hypothetical_protein	A0A3G5A7T7_unrelaxed_rank_001_alphafold2_ptm_model_4_seed_000.pdb	A0A3G5A7T7_unrelaxed_rank_001_alphafold2_ptm_model_4_seed_000.pdb	3.391E+00	0.090	30	578	1042	1189	8	325	329	481	0.391	0.967
LOKIASV2_4524_AF2_hypothetical_protein	A0A291ATW2_unrelaxed_rank_001_alphafold2_ptm_model_3_seed_000.pdb	A0A291ATW2_unrelaxed_rank_001_alphafold2_ptm_model_3_seed_000.pdb	4.456E+00	0.090	30	417	840	1189	9	369	372	464	0.357	0.970
LOKIASV2_4524_AF2_hypothetical_protein	A0A3G4ZXV5_unrelaxed_rank_001_alphafold2_ptm_model_4_seed_000.pdb	A0A3G4ZXV5_unrelaxed_rank_001_alphafold2_ptm_model_4_seed_000.pdb	6.712E+00	0.090	30	811	1189	1189	52	342	395	397	0.319	0.737
LOKIASV2_4524_AF2_hypothetical_protein	A0A2U7UFV6_unrelaxed_rank_001_alphafold2_ptm_model_3_seed_000.pdb	A0A2U7UFV6_unrelaxed_rank_001_alphafold2_ptm_model_3_seed_000.pdb	1.773E+00	0.090	30	490	1046	1189	29	488	521	643	0.468	0.883
LOKIASV2_4524_AF2_hypothetical_protein	A0A8S5PZX9_unrelaxed_rank_001_alphafold2_ptm_model_3_seed_000.pdb	A0A8S5PZX9_unrelaxed_rank_001_alphafold2_ptm_model_3_seed_000.pdb	3.887E+00	0.090	30	519	1133	1189	29	595	607	655	0.517	0.934
LOKIASV2_4524_AF2_hypothetical_protein	A0A2H4UUF3_unrelaxed_rank_001_alphafold2_ptm_model_1_seed_000.pdb	A0A2H4UUF3_unrelaxed_rank_001_alphafold2_ptm_model_1_seed_000.pdb	1.445E+00	0.090	30	377	1105	1189	8	625	708	800	0.613	0.873
LOKIASV2_4524_AF2_hypothetical_protein	A0A8S5V3C8_unrelaxed_rank_001_alphafold2_ptm_model_3_seed_000.pdb	A0A8S5V3C8_unrelaxed_rank_001_alphafold2_ptm_model_3_seed_000.pdb	1.626E-01	0.090	30	171	1110	1189	324	1092	1092	1031	0.791	0.704
LOKIASV2_4524_AF2_hypothetical_protein	A0A1D8MBM6_1_unrelaxed_rank_001_alphafold2_ptm_model_2_seed_000.pdb	A0A1D8MBM6_1_unrelaxed_rank_001_alphafold2_ptm_model_2_seed_000.pdb	1.177E+00	0.090	30	347	1029	1189	45	692	1219	768	0.574	0.532
LOKIASV2_4524_AF2_hypothetical_protein	A0A3G5A775_unrelaxed_rank_001_alphafold2_ptm_model_5_seed_000.pdb	A0A3G5A775_unrelaxed_rank_001_alphafold2_ptm_model_5_seed_000.pdb	8.523E+00	0.082	29	876	1165	1189	4	226	241	304	0.244	0.925
LOKIASV2_4524_AF2_hypothetical_protein	A0A481Z4Q4_unrelaxed_rank_001_alphafold2_ptm_model_3_seed_000.pdb	A0A481Z4Q4_unrelaxed_rank_001_alphafold2_ptm_model_3_seed_000.pdb	6.487E+00	0.082	29	487	890	1189	20	382	456	436	0.340	0.796
LOKIASV2_4524_AF2_hypothetical_protein	A0A6B9UQQ3_unrelaxed_rank_001_alphafold2_ptm_model_5_seed_000.pdb	A0A6B9UQQ3_unrelaxed_rank_001_alphafold2_ptm_model_5_seed_000.pdb	1.445E+00	0.082	29	628	1044	1189	102	462	466	463	0.351	0.775
LOKIASV2_4524_AF2_hypothetical_protein	Q8LT58_unrelaxed_rank_001_alphafold2_ptm_model_3_seed_000.pdb	Q8LT58_unrelaxed_rank_001_alphafold2_ptm_model_3_seed_000.pdb	3.816E-01	0.082	29	365	1040	1189	35	576	611	723	0.569	0.887
LOKIASV2_4524_AF2_hypothetical_protein	A0A481TU52_1_unrelaxed_rank_001_alphafold2_ptm_model_3_seed_000.pdb	A0A481TU52_1_unrelaxed_rank_001_alphafold2_ptm_model_3_seed_000.pdb	8.794E-02	0.082	29	435	1185	1189	26	905	1074	965	0.632	0.819
LOKIASV2_4524_AF2_hypothetical_protein	A0A6N1NS74_unrelaxed_rank_001_alphafold2_ptm_model_3_seed_000.pdb	A0A6N1NS74_unrelaxed_rank_001_alphafold2_ptm_model_3_seed_000.pdb	7.694E+00	0.076	28	458	848	1189	6	309	311	412	0.329	0.977
LOKIASV2_4524_AF2_hypothetical_protein	S4VYQ6_unrelaxed_rank_001_alphafold2_ptm_model_3_seed_000.pdb	S4VYQ6_unrelaxed_rank_001_alphafold2_ptm_model_3_seed_000.pdb	3.061E+00	0.076	28	779	1126	1189	18	332	354	380	0.293	0.890
LOKIASV2_4524_AF2_hypothetical_protein	L7Y5P2_unrelaxed_rank_001_alphafold2_ptm_model_3_seed_000.pdb	L7Y5P2_unrelaxed_rank_001_alphafold2_ptm_model_3_seed_000.pdb	2.411E+00	0.076	28	380	731	1189	34	347	360	378	0.296	0.872
LOKIASV2_4524_AF2_hypothetical_protein	A0A6N1NIN8_unrelaxed_rank_001_alphafold2_ptm_model_4_seed_000.pdb	A0A6N1NIN8_unrelaxed_rank_001_alphafold2_ptm_model_4_seed_000.pdb	5.285E+00	0.076	28	379	755	1189	1	372	383	424	0.317	0.971
LOKIASV2_4524_AF2_hypothetical_protein	A0A1V0S9J2_unrelaxed_rank_001_alphafold2_ptm_model_5_seed_000.pdb	A0A1V0S9J2_unrelaxed_rank_001_alphafold2_ptm_model_5_seed_000.pdb	4.611E+00	0.076	28	443	865	1189	21	402	413	441	0.356	0.925
LOKIASV2_4524_AF2_hypothetical_protein	A0A2P1GNW9_unrelaxed_rank_001_alphafold2_ptm_model_1_seed_000.pdb	A0A2P1GNW9_unrelaxed_rank_001_alphafold2_ptm_model_1_seed_000.pdb	2.859E+00	0.076	28	690	1032	1189	207	500	592	383	0.288	0.497
LOKIASV2_4524_AF2_hypothetical_protein	A0A1L3KPP8_2_unrelaxed_rank_001_alphafold2_ptm_model_2_seed_000.pdb	A0A1L3KPP8_2_unrelaxed_rank_001_alphafold2_ptm_model_2_seed_000.pdb	1.656E+00	0.076	28	494	1120	1189	309	923	1119	735	0.527	0.550
LOKIASV2_4524_AF2_hypothetical_protein	A0A1L2BX61_3_unrelaxed_rank_001_alphafold2_ptm_model_3_seed_000.pdb	A0A1L2BX61_3_unrelaxed_rank_001_alphafold2_ptm_model_3_seed_000.pdb	5.188E-01	0.076	28	300	1149	1189	37	772	1136	900	0.715	0.648
LOKIASV2_4524_AF2_hypothetical_protein	A0A2P1EME6_unrelaxed_rank_001_alphafold2_ptm_model_3_seed_000.pdb	A0A2P1EME6_unrelaxed_rank_001_alphafold2_ptm_model_3_seed_000.pdb	8.819E+00	0.069	27	459	787	1189	5	273	294	355	0.277	0.915
LOKIASV2_4524_AF2_hypothetical_protein	A0A8S5UFH2_unrelaxed_rank_001_alphafold2_ptm_model_3_seed_000.pdb	A0A8S5UFH2_unrelaxed_rank_001_alphafold2_ptm_model_3_seed_000.pdb	4.162E+00	0.069	27	621	978	1189	87	341	356	372	0.301	0.716
LOKIASV2_4524_AF2_hypothetical_protein	L7Y7M8_unrelaxed_rank_001_alphafold2_ptm_model_3_seed_000.pdb	L7Y7M8_unrelaxed_rank_001_alphafold2_ptm_model_3_seed_000.pdb	3.631E+00	0.069	27	414	866	1189	10	400	403	495	0.381	0.970
LOKIASV2_4524_AF2_hypothetical_protein	A0A346G3Z6_unrelaxed_rank_001_alphafold2_ptm_model_5_seed_000.pdb	A0A346G3Z6_unrelaxed_rank_001_alphafold2_ptm_model_5_seed_000.pdb	8.819E+00	0.069	27	453	758	1189	14	257	408	330	0.257	0.598
LOKIASV2_4524_AF2_hypothetical_protein	A0A1L3KNA1_unrelaxed_rank_001_alphafold2_ptm_model_3_seed_000.pdb	A0A1L3KNA1_unrelaxed_rank_001_alphafold2_ptm_model_3_seed_000.pdb	4.771E+00	0.069	27	659	982	1189	165	431	443	340	0.272	0.603
LOKIASV2_4524_AF2_hypothetical_protein	A0A6B9UQQ4_unrelaxed_rank_001_alphafold2_ptm_model_3_seed_000.pdb	A0A6B9UQQ4_unrelaxed_rank_001_alphafold2_ptm_model_3_seed_000.pdb	1.835E+00	0.069	27	602	1150	1189	51	451	452	568	0.462	0.887
LOKIASV2_4524_AF2_hypothetical_protein	A0A6J5RQI5_unrelaxed_rank_001_alphafold2_ptm_model_3_seed_000.pdb	A0A6J5RQI5_unrelaxed_rank_001_alphafold2_ptm_model_3_seed_000.pdb	1.349E+00	0.069	27	429	884	1189	53	496	600	502	0.384	0.740
LOKIASV2_4524_AF2_hypothetical_protein	A0A1V0SF97_unrelaxed_rank_001_alphafold2_ptm_model_2_seed_000.pdb	A0A1V0SF97_unrelaxed_rank_001_alphafold2_ptm_model_2_seed_000.pdb	2.251E+00	0.069	27	474	875	1189	189	599	661	486	0.338	0.622
LOKIASV2_4524_AF2_hypothetical_protein	A0A8S5MN91_2_unrelaxed_rank_001_alphafold2_ptm_model_3_seed_000.pdb	A0A8S5MN91_2_unrelaxed_rank_001_alphafold2_ptm_model_3_seed_000.pdb	7.553E-01	0.069	27	151	1137	1189	35	1010	1035	1173	0.830	0.943
LOKIASV2_4524_AF2_hypothetical_protein	A0A125SJB6_1_unrelaxed_rank_001_alphafold2_ptm_model_1_seed_000.pdb	A0A125SJB6_1_unrelaxed_rank_001_alphafold2_ptm_model_1_seed_000.pdb	3.329E-01	0.069	27	230	1187	1189	5	985	1123	1126	0.806	0.874
LOKIASV2_4524_AF2_hypothetical_protein	A0A410S7S6_unrelaxed_rank_001_alphafold2_ptm_model_5_seed_000.pdb	A0A410S7S6_unrelaxed_rank_001_alphafold2_ptm_model_5_seed_000.pdb	4.307E+00	0.063	26	532	811	1189	81	323	349	302	0.235	0.696
LOKIASV2_4524_AF2_hypothetical_protein	A0A8S5T195_unrelaxed_rank_001_alphafold2_ptm_model_3_seed_000.pdb	A0A8S5T195_unrelaxed_rank_001_alphafold2_ptm_model_3_seed_000.pdb	9.442E+00	0.063	26	564	978	1189	9	371	380	440	0.349	0.955
LOKIASV2_4524_AF2_hypothetical_protein	A0A8F8KPQ9_unrelaxed_rank_001_alphafold2_ptm_model_5_seed_000.pdb	A0A8F8KPQ9_unrelaxed_rank_001_alphafold2_ptm_model_5_seed_000.pdb	3.757E+00	0.063	26	778	1151	1189	68	376	391	401	0.315	0.790
LOKIASV2_4524_AF2_hypothetical_protein	W5S6I9_unrelaxed_rank_001_alphafold2_ptm_model_3_seed_000.pdb	W5S6I9_unrelaxed_rank_001_alphafold2_ptm_model_3_seed_000.pdb	2.032E+00	0.063	26	618	1130	1189	12	393	403	547	0.431	0.948
LOKIASV2_4524_AF2_hypothetical_protein	A0A1L3KPP4_unrelaxed_rank_001_alphafold2_ptm_model_1_seed_000.pdb	A0A1L3KPP4_unrelaxed_rank_001_alphafold2_ptm_model_1_seed_000.pdb	2.411E+00	0.063	26	474	874	1189	5	394	424	461	0.337	0.920
LOKIASV2_4524_AF2_hypothetical_protein	A0A1V0SAC9_unrelaxed_rank_001_alphafold2_ptm_model_4_seed_000.pdb	A0A1V0SAC9_unrelaxed_rank_001_alphafold2_ptm_model_4_seed_000.pdb	3.887E+00	0.063	26	450	770	1189	10	397	434	408	0.270	0.894
LOKIASV2_4524_AF2_hypothetical_protein	A0A2C9DT01_unrelaxed_rank_001_alphafold2_ptm_model_3_seed_000.pdb	A0A2C9DT01_unrelaxed_rank_001_alphafold2_ptm_model_3_seed_000.pdb	1.898E+00	0.063	26	516	982	1189	2	368	551	488	0.393	0.666
LOKIASV2_4524_AF2_hypothetical_protein	A0A811BRL9_unrelaxed_rank_001_alphafold2_ptm_model_1_seed_000.pdb	A0A811BRL9_unrelaxed_rank_001_alphafold2_ptm_model_1_seed_000.pdb	1.396E+00	0.063	26	436	1056	1189	83	653	660	725	0.522	0.865
LOKIASV2_4524_AF2_hypothetical_protein	A0A6J5KKP3_unrelaxed_rank_001_alphafold2_ptm_model_1_seed_000.pdb	A0A6J5KKP3_unrelaxed_rank_001_alphafold2_ptm_model_1_seed_000.pdb	1.495E+00	0.063	26	437	1040	1189	54	628	692	687	0.508	0.831
LOKIASV2_4524_AF2_hypothetical_protein	A0A1B4XWP9_unrelaxed_rank_001_alphafold2_ptm_model_3_seed_000.pdb	A0A1B4XWP9_unrelaxed_rank_001_alphafold2_ptm_model_3_seed_000.pdb	2.176E+00	0.063	26	434	1116	1189	223	858	925	739	0.574	0.688
LOKIASV2_4524_AF2_hypothetical_protein	A0A218MLH0_unrelaxed_rank_001_alphafold2_ptm_model_3_seed_000.pdb	A0A218MLH0_unrelaxed_rank_001_alphafold2_ptm_model_3_seed_000.pdb	4.086E-01	0.063	26	93	1186	1189	40	1212	1367	1317	0.920	0.858
LOKIASV2_4524_AF2_hypothetical_protein	A0A6F8PI04_unrelaxed_rank_001_alphafold2_ptm_model_2_seed_000.pdb	A0A6F8PI04_unrelaxed_rank_001_alphafold2_ptm_model_2_seed_000.pdb	7.961E+00	0.063	26	377	686	1189	343	610	1400	327	0.261	0.191
LOKIASV2_4524_AF2_hypothetical_protein	A0A5K0UB11_unrelaxed_rank_001_alphafold2_ptm_model_4_seed_000.pdb	A0A5K0UB11_unrelaxed_rank_001_alphafold2_ptm_model_4_seed_000.pdb	7.186E+00	0.057	25	361	673	1189	2	259	306	333	0.263	0.843
LOKIASV2_4524_AF2_hypothetical_protein	Q6VZJ7_unrelaxed_rank_001_alphafold2_ptm_model_1_seed_000.pdb	Q6VZJ7_unrelaxed_rank_001_alphafold2_ptm_model_1_seed_000.pdb	9.126E+00	0.057	25	777	1128	1189	13	350	351	409	0.296	0.963
LOKIASV2_4524_AF2_hypothetical_protein	W5S6D3_unrelaxed_rank_001_alphafold2_ptm_model_4_seed_000.pdb	W5S6D3_unrelaxed_rank_001_alphafold2_ptm_model_4_seed_000.pdb	7.961E+00	0.057	25	647	1126	1189	24	421	422	515	0.404	0.943
LOKIASV2_4524_AF2_hypothetical_protein	A0A8F2D9K0_unrelaxed_rank_001_alphafold2_ptm_model_4_seed_000.pdb	A0A8F2D9K0_unrelaxed_rank_001_alphafold2_ptm_model_4_seed_000.pdb	4.307E+00	0.057	25	440	876	1189	38	405	538	474	0.368	0.684
LOKIASV2_4524_AF2_hypothetical_protein	A0A6J5SCI1_unrelaxed_rank_001_alphafold2_ptm_model_3_seed_000.pdb	A0A6J5SCI1_unrelaxed_rank_001_alphafold2_ptm_model_3_seed_000.pdb	1.898E+00	0.057	25	441	1038	1189	43	564	581	647	0.503	0.898
LOKIASV2_4524_AF2_hypothetical_protein	A0A3G5AHV8_unrelaxed_rank_001_alphafold2_ptm_model_2_seed_000.pdb	A0A3G5AHV8_unrelaxed_rank_001_alphafold2_ptm_model_2_seed_000.pdb	3.061E+00	0.057	25	654	1151	1189	47	554	709	585	0.419	0.717
LOKIASV2_4524_AF2_hypothetical_protein	A0A8S5UTW2_unrelaxed_rank_001_alphafold2_ptm_model_1_seed_000.pdb	A0A8S5UTW2_unrelaxed_rank_001_alphafold2_ptm_model_1_seed_000.pdb	1.773E+00	0.057	25	443	1188	1189	21	722	738	832	0.627	0.951
LOKIASV2_4524_AF2_hypothetical_protein	A0A2K9VHV8_unrelaxed_rank_001_alphafold2_ptm_model_1_seed_000.pdb	A0A2K9VHV8_unrelaxed_rank_001_alphafold2_ptm_model_1_seed_000.pdb	1.713E+00	0.057	25	491	1062	1189	31	594	754	661	0.481	0.748
LOKIASV2_4524_AF2_hypothetical_protein	A0A8S5TDK3_2_unrelaxed_rank_001_alphafold2_ptm_model_1_seed_000.pdb	A0A8S5TDK3_2_unrelaxed_rank_001_alphafold2_ptm_model_1_seed_000.pdb	9.924E-01	0.057	25	441	1188	1189	7	758	759	872	0.629	0.991
LOKIASV2_4524_AF2_hypothetical_protein	A0A7T6ZMG4_unrelaxed_rank_001_alphafold2_ptm_model_3_seed_000.pdb	A0A7T6ZMG4_unrelaxed_rank_001_alphafold2_ptm_model_3_seed_000.pdb	1.177E+00	0.057	25	348	1133	1189	101	910	918	965	0.661	0.882
LOKIASV2_4524_AF2_hypothetical_protein	A0A2H4PAR4_2_unrelaxed_rank_001_alphafold2_ptm_model_3_seed_000.pdb	A0A2H4PAR4_2_unrelaxed_rank_001_alphafold2_ptm_model_3_seed_000.pdb	2.807E-01	0.057	25	90	1158	1189	25	906	1066	1152	0.899	0.827
LOKIASV2_4524_AF2_hypothetical_protein	A0A1L3KPA8_2_unrelaxed_rank_001_alphafold2_ptm_model_2_seed_000.pdb	A0A1L3KPA8_2_unrelaxed_rank_001_alphafold2_ptm_model_2_seed_000.pdb	1.713E+00	0.057	25	307	1132	1189	188	888	1180	886	0.695	0.594
LOKIASV2_4524_AF2_hypothetical_protein	A0A8S5S4Q2_unrelaxed_rank_001_alphafold2_ptm_model_3_seed_000.pdb	A0A8S5S4Q2_unrelaxed_rank_001_alphafold2_ptm_model_3_seed_000.pdb	4.456E+00	0.051	24	560	1015	1189	6	289	393	464	0.384	0.723
LOKIASV2_4524_AF2_hypothetical_protein	A0A0M5KCD7_unrelaxed_rank_001_alphafold2_ptm_model_2_seed_000.pdb	A0A0M5KCD7_unrelaxed_rank_001_alphafold2_ptm_model_2_seed_000.pdb	7.436E+00	0.051	24	647	1118	1189	37	375	394	494	0.397	0.860
LOKIASV2_4524_AF2_hypothetical_protein	A0A0B5J015_unrelaxed_rank_001_alphafold2_ptm_model_3_seed_000.pdb	A0A0B5J015_unrelaxed_rank_001_alphafold2_ptm_model_3_seed_000.pdb	4.162E+00	0.051	24	764	1188	1189	7	400	419	477	0.357	0.940
LOKIASV2_4524_AF2_hypothetical_protein	A0A2U7UBK6_unrelaxed_rank_001_alphafold2_ptm_model_3_seed_000.pdb	A0A2U7UBK6_unrelaxed_rank_001_alphafold2_ptm_model_3_seed_000.pdb	2.103E+00	0.051	24	505	1123	1189	23	691	696	806	0.521	0.961
LOKIASV2_4524_AF2_hypothetical_protein	A0A5P9JX06_unrelaxed_rank_001_alphafold2_ptm_model_2_seed_000.pdb	A0A5P9JX06_unrelaxed_rank_001_alphafold2_ptm_model_2_seed_000.pdb	8.367E-01	0.051	24	447	1189	1189	15	897	1001	960	0.625	0.882
LOKIASV2_4524_AF2_hypothetical_protein	A0A5Q2W8R9_unrelaxed_rank_001_alphafold2_ptm_model_3_seed_000.pdb	A0A5Q2W8R9_unrelaxed_rank_001_alphafold2_ptm_model_3_seed_000.pdb	1.099E+00	0.051	24	312	1130	1189	193	1011	1014	1005	0.689	0.808
LOKIASV2_4524_AF2_hypothetical_protein	A0A8S5MP18_3_unrelaxed_rank_001_alphafold2_ptm_model_3_seed_000.pdb	A0A8S5MP18_3_unrelaxed_rank_001_alphafold2_ptm_model_3_seed_000.pdb	1.138E+00	0.051	24	393	1184	1189	157	1039	1043	994	0.666	0.847
LOKIASV2_4524_AF2_hypothetical_protein	S5WJ87_unrelaxed_rank_001_alphafold2_ptm_model_1_seed_000.pdb	S5WJ87_unrelaxed_rank_001_alphafold2_ptm_model_1_seed_000.pdb	7.186E+00	0.045	23	440	727	1189	13	288	316	327	0.242	0.873
LOKIASV2_4524_AF2_hypothetical_protein	A0A8A6CDB3_unrelaxed_rank_001_alphafold2_ptm_model_3_seed_000.pdb	A0A8A6CDB3_unrelaxed_rank_001_alphafold2_ptm_model_3_seed_000.pdb	7.436E+00	0.045	23	493	769	1189	31	299	334	317	0.233	0.805
LOKIASV2_4524_AF2_hypothetical_protein	S4VX56_unrelaxed_rank_001_alphafold2_ptm_model_3_seed_000.pdb	S4VX56_unrelaxed_rank_001_alphafold2_ptm_model_3_seed_000.pdb	6.269E+00	0.045	23	644	1091	1189	9	465	516	548	0.377	0.886
LOKIASV2_4524_AF2_hypothetical_protein	E3T567_unrelaxed_rank_001_alphafold2_ptm_model_3_seed_000.pdb	E3T567_unrelaxed_rank_001_alphafold2_ptm_model_3_seed_000.pdb	2.670E+00	0.045	23	469	1111	1189	10	674	688	800	0.541	0.967
LOKIASV2_4524_AF2_hypothetical_protein	A0A0F7L758_unrelaxed_rank_001_alphafold2_ptm_model_3_seed_000.pdb	A0A0F7L758_unrelaxed_rank_001_alphafold2_ptm_model_3_seed_000.pdb	1.835E+00	0.045	23	438	1044	1189	29	617	747	703	0.511	0.788
LOKIASV2_4524_AF2_hypothetical_protein	A0A6J5MNW2_unrelaxed_rank_001_alphafold2_ptm_model_3_seed_000.pdb	A0A6J5MNW2_unrelaxed_rank_001_alphafold2_ptm_model_3_seed_000.pdb	1.177E+00	0.045	23	370	1169	1189	135	811	813	883	0.673	0.833
LOKIASV2_4524_AF2_hypothetical_protein	A0A0M5KAI7_unrelaxed_rank_001_alphafold2_ptm_model_2_seed_000.pdb	A0A0M5KAI7_unrelaxed_rank_001_alphafold2_ptm_model_2_seed_000.pdb	2.958E+00	0.045	23	493	1131	1189	294	824	849	694	0.537	0.625
LOKIASV2_4524_AF2_hypothetical_protein	A0A516LG04_2_unrelaxed_rank_001_alphafold2_ptm_model_3_seed_000.pdb	A0A516LG04_2_unrelaxed_rank_001_alphafold2_ptm_model_3_seed_000.pdb	1.495E+00	0.045	23	515	1188	1189	1	722	886	820	0.567	0.815
LOKIASV2_4524_AF2_hypothetical_protein	G8IR01_unrelaxed_rank_001_alphafold2_ptm_model_3_seed_000.pdb	G8IR01_unrelaxed_rank_001_alphafold2_ptm_model_3_seed_000.pdb	1.445E+00	0.045	23	557	1073	1189	9	544	919	632	0.435	0.583
LOKIASV2_4524_AF2_hypothetical_protein	A0A6S4PAW3_unrelaxed_rank_001_alphafold2_ptm_model_1_seed_000.pdb	A0A6S4PAW3_unrelaxed_rank_001_alphafold2_ptm_model_1_seed_000.pdb	1.547E+00	0.045	23	535	1188	1189	59	678	990	753	0.550	0.626
LOKIASV2_4524_AF2_hypothetical_protein	H9NBX4_unrelaxed_rank_001_alphafold2_ptm_model_1_seed_000.pdb	H9NBX4_unrelaxed_rank_001_alphafold2_ptm_model_1_seed_000.pdb	3.887E+00	0.045	23	343	1177	1189	18	1017	1096	1075	0.702	0.912
LOKIASV2_4524_AF2_hypothetical_protein	A0A516MD60_unrelaxed_rank_001_alphafold2_ptm_model_3_seed_000.pdb	A0A516MD60_unrelaxed_rank_001_alphafold2_ptm_model_3_seed_000.pdb	3.061E+00	0.045	23	461	1185	1189	6	699	1155	805	0.610	0.601
LOKIASV2_4524_AF2_hypothetical_protein	A0A3S7SGL7_unrelaxed_rank_001_alphafold2_ptm_model_1_seed_000.pdb	A0A3S7SGL7_unrelaxed_rank_001_alphafold2_ptm_model_1_seed_000.pdb	1.898E+00	0.045	23	446	1133	1189	17	667	1287	787	0.579	0.506
LOKIASV2_4524_AF2_hypothetical_protein	A0A6J5P0I5_2_unrelaxed_rank_001_alphafold2_ptm_model_3_seed_000.pdb	A0A6J5P0I5_2_unrelaxed_rank_001_alphafold2_ptm_model_3_seed_000.pdb	7.815E-01	0.045	23	519	1185	1189	493	1447	1448	997	0.561	0.660
LOKIASV2_4524_AF2_hypothetical_protein	A0A7D3QWD3_unrelaxed_rank_001_alphafold2_ptm_model_4_seed_000.pdb	A0A7D3QWD3_unrelaxed_rank_001_alphafold2_ptm_model_4_seed_000.pdb	6.945E+00	0.040	22	436	860	1189	108	444	454	463	0.357	0.742
LOKIASV2_4524_AF2_hypothetical_protein	A0A6J5KKU7_unrelaxed_rank_001_alphafold2_ptm_model_3_seed_000.pdb	A0A6J5KKU7_unrelaxed_rank_001_alphafold2_ptm_model_3_seed_000.pdb	1.304E+00	0.040	22	382	1133	1189	20	686	694	851	0.632	0.961
LOKIASV2_4524_AF2_hypothetical_protein	A0A5J6A0G7_unrelaxed_rank_001_alphafold2_ptm_model_3_seed_000.pdb	A0A5J6A0G7_unrelaxed_rank_001_alphafold2_ptm_model_3_seed_000.pdb	2.103E+00	0.040	22	472	1184	1189	21	570	703	755	0.600	0.782
LOKIASV2_4524_AF2_hypothetical_protein	A0A1L3KF22_unrelaxed_rank_001_alphafold2_ptm_model_1_seed_000.pdb	A0A1L3KF22_unrelaxed_rank_001_alphafold2_ptm_model_1_seed_000.pdb	2.581E+00	0.040	22	453	1130	1189	18	825	835	941	0.570	0.968
LOKIASV2_4524_AF2_hypothetical_protein	A0A8S5SEP4_2_unrelaxed_rank_001_alphafold2_ptm_model_3_seed_000.pdb	A0A8S5SEP4_2_unrelaxed_rank_001_alphafold2_ptm_model_3_seed_000.pdb	6.589E-01	0.040	22	442	1169	1189	68	703	1127	789	0.612	0.564
LOKIASV2_4524_AF2_hypothetical_protein	A0A2D1AFD9_2_unrelaxed_rank_001_alphafold2_ptm_model_1_seed_000.pdb	A0A2D1AFD9_2_unrelaxed_rank_001_alphafold2_ptm_model_1_seed_000.pdb	2.330E+00	0.040	22	440	1169	1189	25	705	1207	844	0.614	0.564
LOKIASV2_4524_AF2_hypothetical_protein	A0A411CWB5_4_unrelaxed_rank_001_alphafold2_ptm_model_1_seed_000.pdb	A0A411CWB5_4_unrelaxed_rank_001_alphafold2_ptm_model_1_seed_000.pdb	8.658E-01	0.040	22	24	1187	1189	2	1024	1258	1285	0.979	0.813
LOKIASV2_4524_AF2_hypothetical_protein	A0A8D9UI35_unrelaxed_rank_001_alphafold2_ptm_model_1_seed_000.pdb	A0A8D9UI35_unrelaxed_rank_001_alphafold2_ptm_model_1_seed_000.pdb	3.816E-01	0.040	22	181	1188	1189	76	1329	1367	1336	0.848	0.917
LOKIASV2_4524_AF2_hypothetical_protein	A0A3T1CWN3_unrelaxed_rank_001_alphafold2_ptm_model_3_seed_000.pdb	A0A3T1CWN3_unrelaxed_rank_001_alphafold2_ptm_model_3_seed_000.pdb	9.126E+00	0.034	21	474	718	1189	27	276	280	295	0.206	0.893
LOKIASV2_4524_AF2_hypothetical_protein	A0A7D0KZ17_unrelaxed_rank_001_alphafold2_ptm_model_3_seed_000.pdb	A0A7D0KZ17_unrelaxed_rank_001_alphafold2_ptm_model_3_seed_000.pdb	5.469E+00	0.034	21	673	1082	1189	1	336	349	431	0.345	0.963
LOKIASV2_4524_AF2_hypothetical_protein	A0A481Z3N5_unrelaxed_rank_001_alphafold2_ptm_model_3_seed_000.pdb	A0A481Z3N5_unrelaxed_rank_001_alphafold2_ptm_model_3_seed_000.pdb	5.285E+00	0.034	21	571	918	1189	2	304	453	390	0.293	0.669
LOKIASV2_4524_AF2_hypothetical_protein	A0A4P8W5N2_unrelaxed_rank_001_alphafold2_ptm_model_1_seed_000.pdb	A0A4P8W5N2_unrelaxed_rank_001_alphafold2_ptm_model_1_seed_000.pdb	2.763E+00	0.034	21	698	1184	1189	11	419	463	516	0.410	0.883
LOKIASV2_4524_AF2_hypothetical_protein	A0A8S5TDK3_1_unrelaxed_rank_001_alphafold2_ptm_model_1_seed_000.pdb	A0A8S5TDK3_1_unrelaxed_rank_001_alphafold2_ptm_model_1_seed_000.pdb	1.177E+00	0.034	21	436	1184	1189	48	743	759	875	0.630	0.917
LOKIASV2_4524_AF2_hypothetical_protein	A0A516L4D1_2_unrelaxed_rank_001_alphafold2_ptm_model_1_seed_000.pdb	A0A516L4D1_2_unrelaxed_rank_001_alphafold2_ptm_model_1_seed_000.pdb	3.509E+00	0.034	21	391	991	1189	96	750	780	756	0.505	0.840
LOKIASV2_4524_AF2_hypothetical_protein	A0A8S5TK74_unrelaxed_rank_001_alphafold2_ptm_model_3_seed_000.pdb	A0A8S5TK74_unrelaxed_rank_001_alphafold2_ptm_model_3_seed_000.pdb	1.835E+00	0.034	21	513	1154	1189	34	562	780	696	0.540	0.678
LOKIASV2_4524_AF2_hypothetical_protein	A0A8S5P2V6_unrelaxed_rank_001_alphafold2_ptm_model_1_seed_000.pdb	A0A8S5P2V6_unrelaxed_rank_001_alphafold2_ptm_model_1_seed_000.pdb	2.251E+00	0.034	21	423	1168	1189	1	746	789	863	0.627	0.946
LOKIASV2_4524_AF2_hypothetical_protein	A0A8S5MQD3_1_unrelaxed_rank_001_alphafold2_ptm_model_3_seed_000.pdb	A0A8S5MQD3_1_unrelaxed_rank_001_alphafold2_ptm_model_3_seed_000.pdb	2.251E+00	0.034	21	365	1188	1189	10	783	846	916	0.693	0.915
LOKIASV2_4524_AF2_hypothetical_protein	A0A6J5LI28_unrelaxed_rank_001_alphafold2_ptm_model_3_seed_000.pdb	A0A6J5LI28_unrelaxed_rank_001_alphafold2_ptm_model_3_seed_000.pdb	1.495E+00	0.034	21	316	1151	1189	57	802	930	902	0.703	0.802
LOKIASV2_4524_AF2_hypothetical_protein	A0A8D9CCJ3_unrelaxed_rank_001_alphafold2_ptm_model_3_seed_000.pdb	A0A8D9CCJ3_unrelaxed_rank_001_alphafold2_ptm_model_3_seed_000.pdb	3.391E+00	0.034	21	302	1175	1189	39	884	983	1002	0.735	0.861
LOKIASV2_4524_AF2_hypothetical_protein	A0A0K1LMF6_unrelaxed_rank_001_alphafold2_ptm_model_1_seed_000.pdb	A0A0K1LMF6_unrelaxed_rank_001_alphafold2_ptm_model_1_seed_000.pdb	9.269E-01	0.034	21	5	1153	1189	93	929	1004	1185	0.966	0.834
LOKIASV2_4524_AF2_hypothetical_protein	A0A8K1XGX8_2_unrelaxed_rank_001_alphafold2_ptm_model_3_seed_000.pdb	A0A8K1XGX8_2_unrelaxed_rank_001_alphafold2_ptm_model_3_seed_000.pdb	2.411E+00	0.034	21	515	1157	1189	271	914	1010	786	0.541	0.638
LOKIASV2_4524_AF2_hypothetical_protein	A0A3G4ZLS1_unrelaxed_rank_001_alphafold2_ptm_model_3_seed_000.pdb	A0A3G4ZLS1_unrelaxed_rank_001_alphafold2_ptm_model_3_seed_000.pdb	1.547E+00	0.034	21	6	969	1189	21	816	1031	1052	0.811	0.772
LOKIASV2_4524_AF2_hypothetical_protein	A0A6J5LJL4_4_unrelaxed_rank_001_alphafold2_ptm_model_3_seed_000.pdb	A0A6J5LJL4_4_unrelaxed_rank_001_alphafold2_ptm_model_3_seed_000.pdb	9.591E-01	0.034	21	412	1185	1189	236	1287	1303	1126	0.651	0.807
LOKIASV2_4524_AF2_hypothetical_protein	A0A4Y5RUD2_1_unrelaxed_rank_001_alphafold2_ptm_model_3_seed_000.pdb	A0A4Y5RUD2_1_unrelaxed_rank_001_alphafold2_ptm_model_3_seed_000.pdb	2.103E+00	0.034	21	400	895	1189	185	591	1321	531	0.417	0.308
LOKIASV2_4524_AF2_hypothetical_protein	A0A8S5Q1A9_unrelaxed_rank_001_alphafold2_ptm_model_1_seed_000.pdb	A0A8S5Q1A9_unrelaxed_rank_001_alphafold2_ptm_model_1_seed_000.pdb	6.945E+00	0.029	20	468	784	1189	1	319	335	361	0.267	0.952
LOKIASV2_4524_AF2_hypothetical_protein	A0A516LP27_unrelaxed_rank_001_alphafold2_ptm_model_1_seed_000.pdb	A0A516LP27_unrelaxed_rank_001_alphafold2_ptm_model_1_seed_000.pdb	2.859E+00	0.029	20	535	995	1189	23	373	535	486	0.388	0.656
LOKIASV2_4524_AF2_hypothetical_protein	L7Y7R0_unrelaxed_rank_001_alphafold2_ptm_model_4_seed_000.pdb	L7Y7R0_unrelaxed_rank_001_alphafold2_ptm_model_4_seed_000.pdb	9.442E+00	0.029	20	508	1088	1189	3	582	585	700	0.489	0.991
LOKIASV2_4524_AF2_hypothetical_protein	A0A6J5M329_unrelaxed_rank_001_alphafold2_ptm_model_1_seed_000.pdb	A0A6J5M329_unrelaxed_rank_001_alphafold2_ptm_model_1_seed_000.pdb	2.859E+00	0.029	20	475	1085	1189	168	654	670	663	0.514	0.727
LOKIASV2_4524_AF2_hypothetical_protein	A0A8S5S3I0_unrelaxed_rank_001_alphafold2_ptm_model_3_seed_000.pdb	A0A8S5S3I0_unrelaxed_rank_001_alphafold2_ptm_model_3_seed_000.pdb	7.961E+00	0.029	20	815	1090	1189	530	803	810	319	0.232	0.338
LOKIASV2_4524_AF2_hypothetical_protein	A0A8S5SM48_2_unrelaxed_rank_001_alphafold2_ptm_model_1_seed_000.pdb	A0A8S5SM48_2_unrelaxed_rank_001_alphafold2_ptm_model_1_seed_000.pdb	1.600E+00	0.029	20	380	1187	1189	1	842	862	973	0.680	0.977
LOKIASV2_4524_AF2_hypothetical_protein	A0A6J5ST47_unrelaxed_rank_001_alphafold2_ptm_model_1_seed_000.pdb	A0A6J5ST47_unrelaxed_rank_001_alphafold2_ptm_model_1_seed_000.pdb	2.494E+00	0.029	20	361	1185	1189	13	749	890	900	0.694	0.828
LOKIASV2_4524_AF2_hypothetical_protein	A0A0B5JCW8_unrelaxed_rank_001_alphafold2_ptm_model_2_seed_000.pdb	A0A0B5JCW8_unrelaxed_rank_001_alphafold2_ptm_model_2_seed_000.pdb	3.167E+00	0.029	20	475	1178	1189	161	896	898	902	0.592	0.820
LOKIASV2_4524_AF2_hypothetical_protein	A0A6J5LX34_1_unrelaxed_rank_001_alphafold2_ptm_model_3_seed_000.pdb	A0A6J5LX34_1_unrelaxed_rank_001_alphafold2_ptm_model_3_seed_000.pdb	3.757E+00	0.029	20	447	1162	1189	105	971	984	977	0.602	0.881
LOKIASV2_4524_AF2_hypothetical_protein	A0A8S5PB09_1_unrelaxed_rank_001_alphafold2_ptm_model_1_seed_000.pdb	A0A8S5PB09_1_unrelaxed_rank_001_alphafold2_ptm_model_1_seed_000.pdb	7.694E+00	0.029	20	61	1185	1189	4	999	1010	1231	0.946	0.986
LOKIASV2_4524_AF2_hypothetical_protein	A0A3G4ZRI3_unrelaxed_rank_001_alphafold2_ptm_model_1_seed_000.pdb	A0A3G4ZRI3_unrelaxed_rank_001_alphafold2_ptm_model_1_seed_000.pdb	2.103E+00	0.029	20	371	1154	1189	18	970	1015	1073	0.659	0.939
LOKIASV2_4524_AF2_hypothetical_protein	A0A401IP17_unrelaxed_rank_001_alphafold2_ptm_model_2_seed_000.pdb	A0A401IP17_unrelaxed_rank_001_alphafold2_ptm_model_2_seed_000.pdb	1.656E+00	0.029	20	348	1187	1189	71	1095	1197	1137	0.706	0.856
LOKIASV2_4524_AF2_hypothetical_protein	A0A8S5LTM5_2_unrelaxed_rank_001_alphafold2_ptm_model_2_seed_000.pdb	A0A8S5LTM5_2_unrelaxed_rank_001_alphafold2_ptm_model_2_seed_000.pdb	1.396E+00	0.029	20	20	1188	1189	5	963	1211	1264	0.983	0.792
LOKIASV2_4524_AF2_hypothetical_protein	A0A4Y1NTY8_unrelaxed_rank_001_alphafold2_ptm_model_3_seed_000.pdb	A0A4Y1NTY8_unrelaxed_rank_001_alphafold2_ptm_model_3_seed_000.pdb	1.656E+00	0.029	20	401	1187	1189	3	939	1345	1050	0.662	0.697
LOKIASV2_4524_AF2_hypothetical_protein	A0A384V0C0_unrelaxed_rank_001_alphafold2_ptm_model_1_seed_000.pdb	A0A384V0C0_unrelaxed_rank_001_alphafold2_ptm_model_1_seed_000.pdb	3.391E+00	0.029	20	192	1188	1189	165	1108	1360	1119	0.839	0.694
LOKIASV2_4524_AF2_hypothetical_protein	A0A6J7WEX5_unrelaxed_rank_001_alphafold2_ptm_model_1_seed_000.pdb	A0A6J7WEX5_unrelaxed_rank_001_alphafold2_ptm_model_1_seed_000.pdb	5.659E+00	0.024	19	585	979	1189	2	379	504	438	0.332	0.750
LOKIASV2_4524_AF2_hypothetical_protein	A0A6J5LCD2_unrelaxed_rank_001_alphafold2_ptm_model_1_seed_000.pdb	A0A6J5LCD2_unrelaxed_rank_001_alphafold2_ptm_model_1_seed_000.pdb	6.059E+00	0.024	19	436	914	1189	51	480	551	525	0.403	0.780
LOKIASV2_4524_AF2_hypothetical_protein	A0A6J5M3R9_unrelaxed_rank_001_alphafold2_ptm_model_3_seed_000.pdb	A0A6J5M3R9_unrelaxed_rank_001_alphafold2_ptm_model_3_seed_000.pdb	5.659E+00	0.024	19	436	874	1189	46	567	614	580	0.369	0.850
LOKIASV2_4524_AF2_hypothetical_protein	A0A6J5NH91_unrelaxed_rank_001_alphafold2_ptm_model_1_seed_000.pdb	A0A6J5NH91_unrelaxed_rank_001_alphafold2_ptm_model_1_seed_000.pdb	4.162E+00	0.024	19	455	1090	1189	17	619	737	692	0.535	0.818
LOKIASV2_4524_AF2_hypothetical_protein	D4P7W7_unrelaxed_rank_001_alphafold2_ptm_model_1_seed_000.pdb	D4P7W7_unrelaxed_rank_001_alphafold2_ptm_model_1_seed_000.pdb	3.277E+00	0.024	19	188	981	1189	18	733	742	882	0.668	0.965
LOKIASV2_4524_AF2_hypothetical_protein	A0A5P8D4U6_unrelaxed_rank_001_alphafold2_ptm_model_3_seed_000.pdb	A0A5P8D4U6_unrelaxed_rank_001_alphafold2_ptm_model_3_seed_000.pdb	6.368E-01	0.024	19	548	1165	1189	129	656	820	669	0.520	0.644
LOKIASV2_4524_AF2_hypothetical_protein	A0A8S5MV66_2_unrelaxed_rank_001_alphafold2_ptm_model_1_seed_000.pdb	A0A8S5MV66_2_unrelaxed_rank_001_alphafold2_ptm_model_1_seed_000.pdb	5.855E+00	0.024	19	553	1031	1189	5	470	864	530	0.403	0.539
LOKIASV2_4524_AF2_hypothetical_protein	A0A7S9XGB4_unrelaxed_rank_001_alphafold2_ptm_model_3_seed_000.pdb	A0A7S9XGB4_unrelaxed_rank_001_alphafold2_ptm_model_3_seed_000.pdb	3.277E+00	0.024	19	362	1188	1189	20	943	1013	1038	0.696	0.912
LOKIASV2_4524_AF2_hypothetical_protein	A0A514D5F0_unrelaxed_rank_001_alphafold2_ptm_model_3_seed_000.pdb	A0A514D5F0_unrelaxed_rank_001_alphafold2_ptm_model_3_seed_000.pdb	3.391E+00	0.024	19	407	967	1189	1	617	1025	722	0.472	0.602
LOKIASV2_4524_AF2_hypothetical_protein	A0A8S5QAJ7_2_unrelaxed_rank_001_alphafold2_ptm_model_3_seed_000.pdb	A0A8S5QAJ7_2_unrelaxed_rank_001_alphafold2_ptm_model_3_seed_000.pdb	3.061E+00	0.024	19	229	1186	1189	136	1266	1267	1258	0.806	0.893
LOKIASV2_4524_AF2_hypothetical_protein	A0A3G5A8L0_unrelaxed_rank_001_alphafold2_ptm_model_2_seed_000.pdb	A0A3G5A8L0_unrelaxed_rank_001_alphafold2_ptm_model_2_seed_000.pdb	2.958E+00	0.020	18	551	1092	1189	116	619	660	622	0.456	0.764
LOKIASV2_4524_AF2_hypothetical_protein	A0A6J5QMF9_unrelaxed_rank_001_alphafold2_ptm_model_2_seed_000.pdb	A0A6J5QMF9_unrelaxed_rank_001_alphafold2_ptm_model_2_seed_000.pdb	4.611E+00	0.020	18	443	1093	1189	73	658	722	731	0.548	0.812
LOKIASV2_4524_AF2_hypothetical_protein	A0A8S5S4T9_1_unrelaxed_rank_001_alphafold2_ptm_model_3_seed_000.pdb	A0A8S5S4T9_1_unrelaxed_rank_001_alphafold2_ptm_model_3_seed_000.pdb	3.631E+00	0.020	18	459	1134	1189	16	738	755	829	0.569	0.958
LOKIASV2_4524_AF2_hypothetical_protein	A0A7D3QUC2_2_unrelaxed_rank_001_alphafold2_ptm_model_3_seed_000.pdb	A0A7D3QUC2_2_unrelaxed_rank_001_alphafold2_ptm_model_3_seed_000.pdb	1.835E+00	0.020	18	410	1086	1189	268	860	864	758	0.569	0.686
LOKIASV2_4524_AF2_hypothetical_protein	A0A385UEL0_1_unrelaxed_rank_001_alphafold2_ptm_model_1_seed_000.pdb	A0A385UEL0_1_unrelaxed_rank_001_alphafold2_ptm_model_1_seed_000.pdb	2.494E+00	0.020	18	436	1188	1189	78	903	931	974	0.633	0.887
LOKIASV2_4524_AF2_hypothetical_protein	W8CQE5_unrelaxed_rank_001_alphafold2_ptm_model_3_seed_000.pdb	W8CQE5_unrelaxed_rank_001_alphafold2_ptm_model_3_seed_000.pdb	5.108E+00	0.020	18	474	1188	1189	11	703	1000	803	0.601	0.693
LOKIASV2_4524_AF2_hypothetical_protein	T1YWK2_2_unrelaxed_rank_001_alphafold2_ptm_model_1_seed_000.pdb	T1YWK2_2_unrelaxed_rank_001_alphafold2_ptm_model_1_seed_000.pdb	8.819E+00	0.020	18	644	1143	1189	121	675	1207	625	0.421	0.460
LOKIASV2_4524_AF2_hypothetical_protein	A0A411CWB5_3_unrelaxed_rank_001_alphafold2_ptm_model_1_seed_000.pdb	A0A411CWB5_3_unrelaxed_rank_001_alphafold2_ptm_model_1_seed_000.pdb	4.022E+00	0.020	18	625	1168	1189	755	1242	1257	613	0.458	0.388
LOKIASV2_4524_AF2_hypothetical_protein	A0A8S5QYF4_unrelaxed_rank_001_alphafold2_ptm_model_1_seed_000.pdb	A0A8S5QYF4_unrelaxed_rank_001_alphafold2_ptm_model_1_seed_000.pdb	2.958E+00	0.020	18	365	1138	1189	22	769	1295	885	0.651	0.578
LOKIASV2_4524_AF2_hypothetical_protein	Q76M60_1_unrelaxed_rank_001_alphafold2_ptm_model_4_seed_000.pdb	Q76M60_1_unrelaxed_rank_001_alphafold2_ptm_model_4_seed_000.pdb	2.411E+00	0.020	18	361	1129	1189	588	1396	1435	973	0.647	0.564
LOKIASV2_4524_AF2_hypothetical_protein	A0A856M4I5_unrelaxed_rank_001_alphafold2_ptm_model_3_seed_000.pdb	A0A856M4I5_unrelaxed_rank_001_alphafold2_ptm_model_3_seed_000.pdb	8.237E+00	0.016	17	560	1031	1189	4	336	336	499	0.397	0.991
LOKIASV2_4524_AF2_hypothetical_protein	A0A5S9HX53_unrelaxed_rank_001_alphafold2_ptm_model_3_seed_000.pdb	A0A5S9HX53_unrelaxed_rank_001_alphafold2_ptm_model_3_seed_000.pdb	6.269E+00	0.016	17	560	1073	1189	13	480	492	586	0.432	0.951
LOKIASV2_4524_AF2_hypothetical_protein	A0A0B5J5A0_unrelaxed_rank_001_alphafold2_ptm_model_3_seed_000.pdb	A0A0B5J5A0_unrelaxed_rank_001_alphafold2_ptm_model_3_seed_000.pdb	8.523E+00	0.016	17	572	1187	1189	13	551	556	730	0.518	0.969
LOKIASV2_4524_AF2_hypothetical_protein	A0A2P0VP69_unrelaxed_rank_001_alphafold2_ptm_model_3_seed_000.pdb	A0A2P0VP69_unrelaxed_rank_001_alphafold2_ptm_model_3_seed_000.pdb	6.269E+00	0.016	17	443	739	1189	314	574	595	334	0.250	0.439
LOKIASV2_4524_AF2_hypothetical_protein	A0A1V0CNG3_unrelaxed_rank_001_alphafold2_ptm_model_3_seed_000.pdb	A0A1V0CNG3_unrelaxed_rank_001_alphafold2_ptm_model_3_seed_000.pdb	4.162E+00	0.016	17	651	1123	1189	94	609	611	594	0.398	0.845
LOKIASV2_4524_AF2_hypothetical_protein	A0A6J5NQL1_unrelaxed_rank_001_alphafold2_ptm_model_3_seed_000.pdb	A0A6J5NQL1_unrelaxed_rank_001_alphafold2_ptm_model_3_seed_000.pdb	5.469E+00	0.016	17	549	1116	1189	5	511	634	635	0.478	0.800
LOKIASV2_4524_AF2_hypothetical_protein	A0A510E8G1_unrelaxed_rank_001_alphafold2_ptm_model_1_seed_000.pdb	A0A510E8G1_unrelaxed_rank_001_alphafold2_ptm_model_1_seed_000.pdb	4.937E+00	0.016	17	490	1172	1189	14	501	671	707	0.574	0.727
LOKIASV2_4524_AF2_hypothetical_protein	A0A8S5QPK7_unrelaxed_rank_001_alphafold2_ptm_model_2_seed_000.pdb	A0A8S5QPK7_unrelaxed_rank_001_alphafold2_ptm_model_2_seed_000.pdb	6.712E+00	0.016	17	328	1040	1189	18	634	754	804	0.600	0.818
LOKIASV2_4524_AF2_hypothetical_protein	A0A6J5NYX9_1_unrelaxed_rank_001_alphafold2_ptm_model_1_seed_000.pdb	A0A6J5NYX9_1_unrelaxed_rank_001_alphafold2_ptm_model_1_seed_000.pdb	4.022E+00	0.016	17	299	1150	1189	53	851	903	915	0.717	0.885
LOKIASV2_4524_AF2_hypothetical_protein	A0A8S5VLG8_1_unrelaxed_rank_001_alphafold2_ptm_model_1_seed_000.pdb	A0A8S5VLG8_1_unrelaxed_rank_001_alphafold2_ptm_model_1_seed_000.pdb	6.945E+00	0.016	17	482	1184	1189	9	837	906	946	0.591	0.915
LOKIASV2_4524_AF2_hypothetical_protein	A0A5K0UBI3_unrelaxed_rank_001_alphafold2_ptm_model_2_seed_000.pdb	A0A5K0UBI3_unrelaxed_rank_001_alphafold2_ptm_model_2_seed_000.pdb	7.186E+00	0.016	17	535	1187	1189	235	852	907	766	0.549	0.681
LOKIASV2_4524_AF2_hypothetical_protein	A0A5P8PR99_3_unrelaxed_rank_001_alphafold2_ptm_model_3_seed_000.pdb	A0A5P8PR99_3_unrelaxed_rank_001_alphafold2_ptm_model_3_seed_000.pdb	5.659E+00	0.016	17	203	1186	1189	10	1005	1008	1215	0.828	0.988
LOKIASV2_4524_AF2_hypothetical_protein	A0A8S5VJ47_2_unrelaxed_rank_001_alphafold2_ptm_model_3_seed_000.pdb	A0A8S5VJ47_2_unrelaxed_rank_001_alphafold2_ptm_model_3_seed_000.pdb	4.456E+00	0.016	17	185	1121	1189	4	1009	1013	1181	0.788	0.993
LOKIASV2_4524_AF2_hypothetical_protein	A0A1L3KHR3_1_unrelaxed_rank_001_alphafold2_ptm_model_1_seed_000.pdb	A0A1L3KHR3_1_unrelaxed_rank_001_alphafold2_ptm_model_1_seed_000.pdb	7.436E+00	0.016	17	422	1020	1189	184	683	1041	664	0.504	0.480
LOKIASV2_4524_AF2_hypothetical_protein	A0A1B1HVH0_1_unrelaxed_rank_001_alphafold2_ptm_model_3_seed_000.pdb	A0A1B1HVH0_1_unrelaxed_rank_001_alphafold2_ptm_model_3_seed_000.pdb	4.307E+00	0.016	17	457	1188	1189	383	1062	1064	832	0.616	0.639
LOKIASV2_4524_AF2_hypothetical_protein	G0YQH1_1_unrelaxed_rank_001_alphafold2_ptm_model_1_seed_000.pdb	G0YQH1_1_unrelaxed_rank_001_alphafold2_ptm_model_1_seed_000.pdb	6.269E+00	0.016	17	524	1168	1189	301	937	1180	756	0.542	0.540
LOKIASV2_4524_AF2_hypothetical_protein	A0A0C7T860_unrelaxed_rank_001_alphafold2_ptm_model_3_seed_000.pdb	A0A0C7T860_unrelaxed_rank_001_alphafold2_ptm_model_3_seed_000.pdb	9.442E+00	0.016	17	409	1133	1189	42	935	1244	984	0.610	0.719
LOKIASV2_4524_AF2_hypothetical_protein	A0A8S5LWS5_unrelaxed_rank_001_alphafold2_ptm_model_3_seed_000.pdb	A0A8S5LWS5_unrelaxed_rank_001_alphafold2_ptm_model_3_seed_000.pdb	2.763E+00	0.014	16	416	840	1189	19	411	451	513	0.357	0.871
LOKIASV2_4524_AF2_hypothetical_protein	A0A8K1J5I4_unrelaxed_rank_001_alphafold2_ptm_model_3_seed_000.pdb	A0A8K1J5I4_unrelaxed_rank_001_alphafold2_ptm_model_3_seed_000.pdb	3.061E+00	0.014	16	560	1055	1189	43	471	659	556	0.417	0.651
LOKIASV2_4524_AF2_hypothetical_protein	A0A8S5Q2L0_unrelaxed_rank_001_alphafold2_ptm_model_3_seed_000.pdb	A0A8S5Q2L0_unrelaxed_rank_001_alphafold2_ptm_model_3_seed_000.pdb	9.770E+00	0.014	16	401	989	1189	12	645	724	733	0.495	0.876
LOKIASV2_4524_AF2_hypothetical_protein	A0A8D9FS09_unrelaxed_rank_001_alphafold2_ptm_model_1_seed_000.pdb	A0A8D9FS09_unrelaxed_rank_001_alphafold2_ptm_model_1_seed_000.pdb	4.307E+00	0.014	16	499	1132	1189	11	563	746	749	0.533	0.741
LOKIASV2_4524_AF2_hypothetical_protein	A0A6J7WRD0_unrelaxed_rank_001_alphafold2_ptm_model_3_seed_000.pdb	A0A6J7WRD0_unrelaxed_rank_001_alphafold2_ptm_model_3_seed_000.pdb	6.487E+00	0.014	16	517	1183	1189	22	764	765	821	0.561	0.971
LOKIASV2_4524_AF2_hypothetical_protein	A0A6J5SJM2_unrelaxed_rank_001_alphafold2_ptm_model_3_seed_000.pdb	A0A6J5SJM2_unrelaxed_rank_001_alphafold2_ptm_model_3_seed_000.pdb	6.712E+00	0.014	16	489	1146	1189	172	777	802	745	0.553	0.756
LOKIASV2_4524_AF2_hypothetical_protein	A0A6J5N556_unrelaxed_rank_001_alphafold2_ptm_model_3_seed_000.pdb	A0A6J5N556_unrelaxed_rank_001_alphafold2_ptm_model_3_seed_000.pdb	6.487E+00	0.014	16	172	1050	1189	18	736	803	948	0.739	0.895
LOKIASV2_4524_AF2_hypothetical_protein	A0A6N1NXY0_2_unrelaxed_rank_001_alphafold2_ptm_model_3_seed_000.pdb	A0A6N1NXY0_2_unrelaxed_rank_001_alphafold2_ptm_model_3_seed_000.pdb	9.126E+00	0.014	16	443	1185	1189	2	796	944	978	0.625	0.842
LOKIASV2_4524_AF2_hypothetical_protein	A0A7L9CDW9_2_unrelaxed_rank_001_alphafold2_ptm_model_3_seed_000.pdb	A0A7L9CDW9_2_unrelaxed_rank_001_alphafold2_ptm_model_3_seed_000.pdb	9.770E+00	0.014	16	602	1168	1189	502	986	1062	631	0.477	0.457
LOKIASV2_4524_AF2_hypothetical_protein	A0A1Y0JW69_1_unrelaxed_rank_001_alphafold2_ptm_model_3_seed_000.pdb	A0A1Y0JW69_1_unrelaxed_rank_001_alphafold2_ptm_model_3_seed_000.pdb	8.523E+00	0.014	16	550	957	1189	243	570	1103	437	0.343	0.297
LOKIASV2_4524_AF2_hypothetical_protein	A0A7M1RXG8_1_unrelaxed_rank_001_alphafold2_ptm_model_3_seed_000.pdb	A0A7M1RXG8_1_unrelaxed_rank_001_alphafold2_ptm_model_3_seed_000.pdb	4.162E+00	0.014	16	469	1185	1189	13	890	1141	987	0.603	0.770
LOKIASV2_4524_AF2_hypothetical_protein	A0A7M1RUN7_1_unrelaxed_rank_001_alphafold2_ptm_model_3_seed_000.pdb	A0A7M1RUN7_1_unrelaxed_rank_001_alphafold2_ptm_model_3_seed_000.pdb	2.494E+00	0.014	16	203	1130	1189	61	897	1193	1061	0.780	0.702
LOKIASV2_4524_AF2_hypothetical_protein	A0A8S5SQ16_unrelaxed_rank_001_alphafold2_ptm_model_3_seed_000.pdb	A0A8S5SQ16_unrelaxed_rank_001_alphafold2_ptm_model_3_seed_000.pdb	8.237E+00	0.014	16	176	1187	1189	215	1307	1461	1265	0.851	0.748
LOKIASV2_4524_AF2_hypothetical_protein	A0A8S5P989_unrelaxed_rank_001_alphafold2_ptm_model_1_seed_000.pdb	A0A8S5P989_unrelaxed_rank_001_alphafold2_ptm_model_1_seed_000.pdb	4.162E+00	0.014	16	203	1186	1189	4	851	1487	1108	0.828	0.570
LOKIASV2_4524_AF2_hypothetical_protein	A0A0A8J966_unrelaxed_rank_001_alphafold2_ptm_model_3_seed_000.pdb	A0A0A8J966_unrelaxed_rank_001_alphafold2_ptm_model_3_seed_000.pdb	9.126E+00	0.011	15	700	1188	1189	31	472	477	554	0.411	0.927
LOKIASV2_4524_AF2_hypothetical_protein	A0A7T3PHA1_unrelaxed_rank_001_alphafold2_ptm_model_3_seed_000.pdb	A0A7T3PHA1_unrelaxed_rank_001_alphafold2_ptm_model_3_seed_000.pdb	9.442E+00	0.011	15	441	1039	1189	34	576	580	669	0.504	0.936
LOKIASV2_4524_AF2_hypothetical_protein	A0A6J5SEA4_unrelaxed_rank_001_alphafold2_ptm_model_3_seed_000.pdb	A0A6J5SEA4_unrelaxed_rank_001_alphafold2_ptm_model_3_seed_000.pdb	9.442E+00	0.011	15	654	1084	1189	440	791	830	480	0.362	0.424
LOKIASV2_4524_AF2_hypothetical_protein	A0A1Y0SXJ0_unrelaxed_rank_001_alphafold2_ptm_model_3_seed_000.pdb	A0A1Y0SXJ0_unrelaxed_rank_001_alphafold2_ptm_model_3_seed_000.pdb	1.773E+00	0.011	15	506	1146	1189	144	689	834	693	0.539	0.655
LOKIASV2_4524_AF2_hypothetical_protein	A0A6J5SJW1_unrelaxed_rank_001_alphafold2_ptm_model_3_seed_000.pdb	A0A6J5SJW1_unrelaxed_rank_001_alphafold2_ptm_model_3_seed_000.pdb	4.611E+00	0.011	15	476	1135	1189	180	916	932	831	0.555	0.791
LOKIASV2_4524_AF2_hypothetical_protein	A0A8S5M5W1_2_unrelaxed_rank_001_alphafold2_ptm_model_1_seed_000.pdb	A0A8S5M5W1_2_unrelaxed_rank_001_alphafold2_ptm_model_1_seed_000.pdb	8.237E+00	0.011	15	226	1188	1189	31	986	996	1129	0.810	0.960
LOKIASV2_4524_AF2_hypothetical_protein	A0A516LNT9_unrelaxed_rank_001_alphafold2_ptm_model_1_seed_000.pdb	A0A516LNT9_unrelaxed_rank_001_alphafold2_ptm_model_1_seed_000.pdb	9.770E+00	0.011	15	505	1188	1189	94	829	1240	819	0.575	0.594
LOKIASV2_4524_AF2_hypothetical_protein	A0A6J5RVR6_unrelaxed_rank_001_alphafold2_ptm_model_2_seed_000.pdb	A0A6J5RVR6_unrelaxed_rank_001_alphafold2_ptm_model_2_seed_000.pdb	5.659E+00	0.011	15	251	1133	1189	11	989	1439	1094	0.743	0.680
LOKIASV2_4524_AF2_hypothetical_protein	I1VX55_unrelaxed_rank_001_alphafold2_ptm_model_1_seed_000.pdb	I1VX55_unrelaxed_rank_001_alphafold2_ptm_model_1_seed_000.pdb	9.442E+00	0.010	14	742	1138	1189	1	435	439	492	0.334	0.991
LOKIASV2_4524_AF2_hypothetical_protein	A0A6J5NK15_unrelaxed_rank_001_alphafold2_ptm_model_1_seed_000.pdb	A0A6J5NK15_unrelaxed_rank_001_alphafold2_ptm_model_1_seed_000.pdb	9.126E+00	0.010	14	497	1151	1189	15	609	711	745	0.551	0.837
LOKIASV2_4524_AF2_hypothetical_protein	A0A6S4PAQ9_unrelaxed_rank_001_alphafold2_ptm_model_1_seed_000.pdb	A0A6S4PAQ9_unrelaxed_rank_001_alphafold2_ptm_model_1_seed_000.pdb	9.770E+00	0.010	14	310	1135	1189	58	817	818	934	0.695	0.929
LOKIASV2_4524_AF2_hypothetical_protein	A0A8S5TE94_3_unrelaxed_rank_001_alphafold2_ptm_model_3_seed_000.pdb	A0A8S5TE94_3_unrelaxed_rank_001_alphafold2_ptm_model_3_seed_000.pdb	7.961E+00	0.010	14	185	1168	1189	18	1096	1170	1241	0.828	0.922
LOKIASV2_4524_AF2_hypothetical_protein	A0A481VW88_unrelaxed_rank_001_alphafold2_ptm_model_2_seed_000.pdb	A0A481VW88_unrelaxed_rank_001_alphafold2_ptm_model_2_seed_000.pdb	3.277E+00	0.010	14	44	1163	1189	174	1123	1202	1230	0.942	0.790
LOKIASV2_4524_AF2_hypothetical_protein	A0A8S5R2N1_1_unrelaxed_rank_001_alphafold2_ptm_model_5_seed_000.pdb	A0A8S5R2N1_1_unrelaxed_rank_001_alphafold2_ptm_model_5_seed_000.pdb	8.237E+00	0.010	14	152	1187	1189	17	1133	1244	1283	0.871	0.898
LOKIASV2_4524_AF2_hypothetical_protein	A0A6J7X9M7_unrelaxed_rank_001_alphafold2_ptm_model_1_seed_000.pdb	A0A6J7X9M7_unrelaxed_rank_001_alphafold2_ptm_model_1_seed_000.pdb	9.126E+00	0.009	13	398	955	1189	10	569	657	639	0.469	0.852
LOKIASV2_4524_AF2_hypothetical_protein	A0A2I7QP43_unrelaxed_rank_001_alphafold2_ptm_model_1_seed_000.pdb	A0A2I7QP43_unrelaxed_rank_001_alphafold2_ptm_model_1_seed_000.pdb	8.819E+00	0.009	13	506	1153	1189	12	624	738	770	0.545	0.831
LOKIASV2_4524_AF2_hypothetical_protein	A0A0F7L7I0_unrelaxed_rank_001_alphafold2_ptm_model_1_seed_000.pdb	A0A0F7L7I0_unrelaxed_rank_001_alphafold2_ptm_model_1_seed_000.pdb	7.961E+00	0.009	13	440	1185	1189	17	689	832	832	0.627	0.809
LOKIASV2_4524_AF2_hypothetical_protein	A0A1P8VVI0_unrelaxed_rank_001_alphafold2_ptm_model_1_seed_000.pdb	A0A1P8VVI0_unrelaxed_rank_001_alphafold2_ptm_model_1_seed_000.pdb	9.126E+00	0.009	13	203	1188	1189	103	968	1099	1103	0.829	0.788
LOKIASV2_4524_AF2_hypothetical_protein	H9NCG5_unrelaxed_rank_001_alphafold2_ptm_model_1_seed_000.pdb	H9NCG5_unrelaxed_rank_001_alphafold2_ptm_model_1_seed_000.pdb	4.937E+00	0.009	13	537	1187	1189	565	1140	1301	716	0.548	0.443
LOKIASV2_4524_AF2_hypothetical_protein	A0A7R8MK73_unrelaxed_rank_001_alphafold2_ptm_model_3_seed_000.pdb	A0A7R8MK73_unrelaxed_rank_001_alphafold2_ptm_model_3_seed_000.pdb	6.945E+00	0.008	12	535	1185	1189	105	649	816	703	0.548	0.668
LOKIASV2_4524_AF2_hypothetical_protein	A0A6J5MJA7_3_unrelaxed_rank_001_alphafold2_ptm_model_3_seed_000.pdb	A0A6J5MJA7_3_unrelaxed_rank_001_alphafold2_ptm_model_3_seed_000.pdb	8.523E+00	0.008	12	49	1148	1189	4	1135	1162	1365	0.925	0.974
LOKIASV2_4524_AF2_hypothetical_protein	A0A7G8ALU3_unrelaxed_rank_001_alphafold2_ptm_model_3_seed_000.pdb	A0A7G8ALU3_unrelaxed_rank_001_alphafold2_ptm_model_3_seed_000.pdb	9.126E+00	0.000	10	484	1188	1189	191	727	902	737	0.593	0.595
