LOKIASV2_2712_ESMFold_hypothetical_protein	AF-A0A1F9DC84-F1-model_v4	AF-A0A1F9DC84-F1-model_v4 Uncharacterized protein	1.407E-26	1.000	1323	20	485	489	19	478	517	468	0.953	0.890
LOKIASV2_2712_ESMFold_hypothetical_protein	AF-A0A2W4MA67-F1-model_v4	AF-A0A2W4MA67-F1-model_v4 Uncharacterized protein	4.471E-26	1.000	1281	20	486	489	18	479	490	474	0.955	0.943
LOKIASV2_2712_ESMFold_hypothetical_protein	AF-A0A7X4JN24-F1-model_v4	AF-A0A7X4JN24-F1-model_v4 Uncharacterized protein	4.141E-25	1.000	1257	20	483	489	18	480	498	469	0.949	0.930
LOKIASV2_2712_ESMFold_hypothetical_protein	AF-A0A523BJV6-F1-model_v4	AF-A0A523BJV6-F1-model_v4 Uncharacterized protein	8.575E-25	1.000	1206	20	488	489	18	480	486	478	0.959	0.953
LOKIASV2_2712_ESMFold_hypothetical_protein	AF-A0A7C2FAG6-F1-model_v4	AF-A0A7C2FAG6-F1-model_v4 Uncharacterized protein	1.952E-23	1.000	1160	20	488	489	22	484	492	471	0.959	0.941
LOKIASV2_2712_ESMFold_hypothetical_protein	AF-A0A7X3W2Z4-F1-model_v4	AF-A0A7X3W2Z4-F1-model_v4 Uncharacterized protein	1.168E-23	1.000	1155	9	488	489	7	484	493	493	0.982	0.970
LOKIASV2_2712_ESMFold_hypothetical_protein	AF-A0A7J4AD56-F1-model_v4	AF-A0A7J4AD56-F1-model_v4 Uncharacterized protein	2.774E-22	1.000	1106	17	487	489	6	486	494	487	0.963	0.974
LOKIASV2_2712_ESMFold_hypothetical_protein	AF-A0A7J3BK59-F1-model_v4	AF-A0A7J3BK59-F1-model_v4 Uncharacterized protein	1.178E-22	1.000	1103	20	484	489	17	483	496	475	0.951	0.942
LOKIASV2_2712_ESMFold_hypothetical_protein	AF-A0A5C7L7Y3-F1-model_v4	AF-A0A5C7L7Y3-F1-model_v4 Uncharacterized protein	2.146E-22	1.000	1063	19	488	489	68	567	576	514	0.961	0.868
LOKIASV2_2712_ESMFold_hypothetical_protein	AF-A0A2E1KFC8-F1-model_v4	AF-A0A2E1KFC8-F1-model_v4 Uncharacterized protein	1.139E-21	1.000	1039	14	488	489	19	534	545	525	0.971	0.947
LOKIASV2_2712_ESMFold_hypothetical_protein	AF-A0A7C4WT45-F1-model_v4	AF-A0A7C4WT45-F1-model_v4 Uncharacterized protein	4.256E-22	1.000	1028	5	489	489	15	498	500	504	0.992	0.968
LOKIASV2_2712_ESMFold_hypothetical_protein	AF-A0A0S7WMT2-F1-model_v4	AF-A0A0S7WMT2-F1-model_v4 Uncharacterized protein	2.593E-20	1.000	977	20	425	489	16	417	441	414	0.830	0.912
LOKIASV2_2712_ESMFold_hypothetical_protein	AF-A0A561T3K0-F1-model_v4	AF-A0A561T3K0-F1-model_v4 Uncharacterized protein	8.238E-20	1.000	953	19	488	489	18	469	477	472	0.961	0.948
LOKIASV2_2712_ESMFold_hypothetical_protein	AF-A0A7C4LK46-F1-model_v4	AF-A0A7C4LK46-F1-model_v4 Uncharacterized protein	4.928E-20	1.000	950	14	488	489	21	552	567	541	0.971	0.938
LOKIASV2_2712_ESMFold_hypothetical_protein	AF-A0A2N5GGB2-F1-model_v4	AF-A0A2N5GGB2-F1-model_v4 Uncharacterized protein	4.722E-20	1.000	949	20	488	489	19	470	479	478	0.959	0.944
LOKIASV2_2712_ESMFold_hypothetical_protein	AF-A0A2E8FJ12-F1-model_v4	AF-A0A2E8FJ12-F1-model_v4 Uncharacterized protein	6.941E-20	1.000	941	20	483	489	41	513	534	487	0.949	0.886
LOKIASV2_2712_ESMFold_hypothetical_protein	AF-A0A7C4MBW7-F1-model_v4	AF-A0A7C4MBW7-F1-model_v4 Uncharacterized protein	4.524E-20	1.000	911	19	488	489	17	468	478	483	0.961	0.946
LOKIASV2_2712_ESMFold_hypothetical_protein	AF-A0A523B9Y7-F1-model_v4	AF-A0A523B9Y7-F1-model_v4 Uncharacterized protein	7.311E-19	1.000	883	20	483	489	15	469	482	478	0.949	0.944
LOKIASV2_2712_ESMFold_hypothetical_protein	AF-A0A382C3K9-F1-model_v4	AF-A0A382C3K9-F1-model_v4 Uncharacterized protein	1.402E-17	1.000	862	47	482	489	2	429	431	444	0.892	0.993
LOKIASV2_2712_ESMFold_hypothetical_protein	AF-A0A3D9VCJ9-F1-model_v4	AF-A0A3D9VCJ9-F1-model_v4 Uncharacterized protein	1.132E-17	1.000	850	14	488	489	9	462	465	483	0.971	0.976
LOKIASV2_2712_ESMFold_hypothetical_protein	AF-A0A497ERF9-F1-model_v4	AF-A0A497ERF9-F1-model_v4 Uncharacterized protein	9.452E-19	1.000	836	17	487	489	18	568	575	568	0.963	0.958
LOKIASV2_2712_ESMFold_hypothetical_protein	AF-A0A5A7X876-F1-model_v4	AF-A0A5A7X876-F1-model_v4 Uncharacterized protein	6.773E-18	1.000	829	17	487	489	23	472	480	483	0.963	0.938
LOKIASV2_2712_ESMFold_hypothetical_protein	AF-A0A1F6NWB4-F1-model_v4	AF-A0A1F6NWB4-F1-model_v4 Gmad2 domain-containing protein	3.003E-18	1.000	810	20	482	489	4	452	593	485	0.947	0.757
LOKIASV2_2712_ESMFold_hypothetical_protein	AF-A0A7C4WQY7-F1-model_v4	AF-A0A7C4WQY7-F1-model_v4 Divalent metal cation transporter	5.065E-17	1.000	770	17	489	489	7	468	472	484	0.967	0.979
LOKIASV2_2712_ESMFold_hypothetical_protein	AF-A0A852TUY6-F1-model_v4	AF-A0A852TUY6-F1-model_v4 Uncharacterized protein	4.495E-16	1.000	755	20	484	489	64	518	529	481	0.951	0.860
LOKIASV2_2712_ESMFold_hypothetical_protein	AF-A0A497FCL7-F1-model_v4	AF-A0A497FCL7-F1-model_v4 Uncharacterized protein	7.134E-17	1.000	748	20	486	489	19	488	495	494	0.955	0.949
LOKIASV2_2712_ESMFold_hypothetical_protein	AF-A0A3R7EBG0-F1-model_v4	AF-A0A3R7EBG0-F1-model_v4 Uncharacterized protein	1.299E-16	1.000	729	20	485	489	22	480	488	492	0.953	0.941
LOKIASV2_2712_ESMFold_hypothetical_protein	AF-A0A7C5GV15-F1-model_v4	AF-A0A7C5GV15-F1-model_v4 Uncharacterized protein	7.199E-16	1.000	694	49	488	489	3	440	444	456	0.900	0.986
LOKIASV2_2712_ESMFold_hypothetical_protein	AF-A0A498F4X4-F1-model_v4	AF-A0A498F4X4-F1-model_v4 Uncharacterized protein	9.393E-15	1.000	679	20	483	489	83	536	605	486	0.949	0.750
LOKIASV2_2712_ESMFold_hypothetical_protein	AF-A0A7C5UI76-F1-model_v4	AF-A0A7C5UI76-F1-model_v4 Uncharacterized protein	1.491E-15	1.000	678	1	487	489	1	486	492	511	0.996	0.988
LOKIASV2_2712_ESMFold_hypothetical_protein	AF-A0A3D1DIR2-F1-model_v4	AF-A0A3D1DIR2-F1-model_v4 Uncharacterized protein	1.393E-13	1.000	623	12	392	489	27	421	422	408	0.779	0.936
LOKIASV2_2712_ESMFold_hypothetical_protein	AF-A0A3S1C7U0-F1-model_v4	AF-A0A3S1C7U0-F1-model_v4 Iron transporter	4.026E-14	1.000	604	5	488	489	11	457	467	492	0.990	0.957
LOKIASV2_2712_ESMFold_hypothetical_protein	AF-A0A1T5EBG8-F1-model_v4	AF-A0A1T5EBG8-F1-model_v4 Mn2+ and Fe2+ transporters of the NRAMP family	1.185E-12	1.000	542	20	488	489	12	447	453	485	0.959	0.962
LOKIASV2_2712_ESMFold_hypothetical_protein	AF-A0A3N9MKI8-F1-model_v4	AF-A0A3N9MKI8-F1-model_v4 Uncharacterized protein	8.412E-13	1.000	532	25	484	489	14	466	473	489	0.941	0.958
LOKIASV2_2712_ESMFold_hypothetical_protein	AF-A0A1N7DHK2-F1-model_v4	AF-A0A1N7DHK2-F1-model_v4 Uncharacterized protein	3.310E-12	1.000	520	20	488	489	27	502	510	516	0.959	0.933
LOKIASV2_2712_ESMFold_hypothetical_protein	AF-A0A1G6CJL4-F1-model_v4	AF-A0A1G6CJL4-F1-model_v4 Mn2+ and Fe2+ transporters of the NRAMP family	3.764E-12	1.000	516	24	487	489	19	457	463	487	0.949	0.948
LOKIASV2_2712_ESMFold_hypothetical_protein	AF-A0A0G1TLG1-F1-model_v4	AF-A0A0G1TLG1-F1-model_v4 Uncharacterized protein	3.487E-11	1.000	515	80	489	489	2	398	399	429	0.838	0.995
LOKIASV2_2712_ESMFold_hypothetical_protein	AF-A0A7Z0GKQ7-F1-model_v4	AF-A0A7Z0GKQ7-F1-model_v4 Mn2+/Fe2+ NRAMP family transporter	5.775E-12	1.000	503	2	484	489	4	444	454	494	0.988	0.971
LOKIASV2_2712_ESMFold_hypothetical_protein	AF-A0A518H5G7-F1-model_v4	AF-A0A518H5G7-F1-model_v4 Manganese transport protein MntH	1.758E-11	1.000	489	13	483	489	3	464	475	496	0.963	0.973
LOKIASV2_2712_ESMFold_hypothetical_protein	AF-A0A7V7DVS9-F1-model_v4	AF-A0A7V7DVS9-F1-model_v4 Nramp family divalent metal transporter	1.613E-11	1.000	486	28	483	489	170	650	666	508	0.933	0.722
LOKIASV2_2712_ESMFold_hypothetical_protein	AF-A0A662T5M7-F1-model_v4	AF-A0A662T5M7-F1-model_v4 Uncharacterized protein	2.453E-12	1.000	478	1	437	489	1	467	468	490	0.894	0.998
LOKIASV2_2712_ESMFold_hypothetical_protein	AF-A0A522ETY7-F1-model_v4	AF-A0A522ETY7-F1-model_v4 Uncharacterized protein	1.932E-10	1.000	468	20	326	489	4	295	296	312	0.628	0.986
LOKIASV2_2712_ESMFold_hypothetical_protein	AF-A0A2D5SBA7-F1-model_v4	AF-A0A2D5SBA7-F1-model_v4 Uncharacterized protein	5.125E-11	1.000	466	13	489	489	6	494	536	525	0.975	0.912
LOKIASV2_2712_ESMFold_hypothetical_protein	AF-A0A3N5XE05-F1-model_v4	AF-A0A3N5XE05-F1-model_v4 Divalent metal cation transporter	1.851E-10	1.000	458	11	489	489	79	554	554	513	0.980	0.859
LOKIASV2_2712_ESMFold_hypothetical_protein	AF-A0A2E0QVB2-F1-model_v4	AF-A0A2E0QVB2-F1-model_v4 Uncharacterized protein	1.314E-10	1.000	456	32	483	489	1	424	442	474	0.924	0.959
LOKIASV2_2712_ESMFold_hypothetical_protein	AF-A0A2P1PX95-F1-model_v4	AF-A0A2P1PX95-F1-model_v4 Uncharacterized protein	2.105E-10	1.000	452	38	488	489	12	424	428	473	0.922	0.965
LOKIASV2_2712_ESMFold_hypothetical_protein	AF-A0A7C4SPH0-F1-model_v4	AF-A0A7C4SPH0-F1-model_v4 Uncharacterized protein	4.138E-11	1.000	450	21	488	489	13	480	485	513	0.957	0.965
LOKIASV2_2712_ESMFold_hypothetical_protein	AF-A0A3B9HDN4-F1-model_v4	AF-A0A3B9HDN4-F1-model_v4 Uncharacterized protein	1.156E-10	1.000	442	41	489	489	6	461	468	486	0.918	0.974
LOKIASV2_2712_ESMFold_hypothetical_protein	AF-A0A7X3YJK5-F1-model_v4	AF-A0A7X3YJK5-F1-model_v4 Divalent metal cation transporter	3.230E-10	1.000	442	26	487	489	111	580	592	498	0.945	0.794
LOKIASV2_2712_ESMFold_hypothetical_protein	AF-A0A2E2HH71-F1-model_v4	AF-A0A2E2HH71-F1-model_v4 Iron transporter	1.271E-09	1.000	441	31	487	489	2	404	409	468	0.935	0.985
LOKIASV2_2712_ESMFold_hypothetical_protein	AF-A0A517R5V9-F1-model_v4	AF-A0A517R5V9-F1-model_v4 Manganese transport protein MntH	1.061E-10	1.000	440	7	484	489	5	525	536	557	0.978	0.972
LOKIASV2_2712_ESMFold_hypothetical_protein	AF-A0A1F6X4Q9-F1-model_v4	AF-A0A1F6X4Q9-F1-model_v4 Iron transporter	7.285E-10	1.000	438	32	488	489	4	416	420	465	0.935	0.983
LOKIASV2_2712_ESMFold_hypothetical_protein	AF-A0A7C3W5F5-F1-model_v4	AF-A0A7C3W5F5-F1-model_v4 Divalent metal cation transporter	8.208E-11	1.000	426	20	487	489	5	473	526	514	0.957	0.892
LOKIASV2_2712_ESMFold_hypothetical_protein	AF-A0A7V1RG85-F1-model_v4	AF-A0A7V1RG85-F1-model_v4 Divalent metal cation transporter	5.399E-10	1.000	424	29	488	489	8	415	423	472	0.941	0.965
LOKIASV2_2712_ESMFold_hypothetical_protein	AF-A0A7K3NG65-F1-model_v4	AF-A0A7K3NG65-F1-model_v4 Divalent metal cation transporter	2.415E-09	1.000	422	21	484	489	8	406	414	469	0.949	0.964
LOKIASV2_2712_ESMFold_hypothetical_protein	AF-A0A497CWW9-F1-model_v4	AF-A0A497CWW9-F1-model_v4 Divalent metal cation transporter	1.118E-09	1.000	417	34	487	489	2	410	416	475	0.928	0.983
LOKIASV2_2712_ESMFold_hypothetical_protein	AF-E8QWY4-F1-model_v4	AF-E8QWY4-F1-model_v4 Mn2+ and Fe2+ transporter of the NRAMP family-like protein	7.936E-10	1.000	416	26	488	489	3	432	434	494	0.947	0.991
LOKIASV2_2712_ESMFold_hypothetical_protein	AF-A0A177RDK5-F1-model_v4	AF-A0A177RDK5-F1-model_v4 Uncharacterized protein	6.138E-10	1.000	416	20	488	489	5	438	446	492	0.959	0.973
LOKIASV2_2712_ESMFold_hypothetical_protein	AF-A0A2G6G591-F1-model_v4	AF-A0A2G6G591-F1-model_v4 Uncharacterized protein	1.327E-09	1.000	409	31	487	489	2	408	414	478	0.935	0.983
LOKIASV2_2712_ESMFold_hypothetical_protein	AF-A0A660W8I5-F1-model_v4	AF-A0A660W8I5-F1-model_v4 Divalent metal cation transporter	2.608E-10	1.000	409	33	488	489	6	420	435	481	0.933	0.954
LOKIASV2_2712_ESMFold_hypothetical_protein	AF-D2R069-F1-model_v4	AF-D2R069-F1-model_v4 Mn2+ and Fe2+ transporter of the NRAMP family-like protein	6.195E-09	1.000	407	26	481	489	10	421	429	475	0.933	0.960
LOKIASV2_2712_ESMFold_hypothetical_protein	AF-A0A538JH32-F1-model_v4	AF-A0A538JH32-F1-model_v4 Divalent metal cation transporter	1.445E-09	1.000	400	20	488	489	34	463	468	485	0.959	0.919
LOKIASV2_2712_ESMFold_hypothetical_protein	AF-A0A8B6M159-F1-model_v4	AF-A0A8B6M159-F1-model_v4 Natural resistance-associated macrophage protein	6.138E-10	1.000	400	5	489	489	63	504	504	502	0.992	0.877
LOKIASV2_2712_ESMFold_hypothetical_protein	AF-A0A6B0XPU5-F1-model_v4	AF-A0A6B0XPU5-F1-model_v4 Uncharacterized protein	4.253E-08	1.000	398	117	487	489	7	374	380	379	0.759	0.968
LOKIASV2_2712_ESMFold_hypothetical_protein	AF-A0A1V3RAN4-F1-model_v4	AF-A0A1V3RAN4-F1-model_v4 Iron transporter	2.867E-09	1.000	396	20	482	489	6	433	442	482	0.947	0.968
LOKIASV2_2712_ESMFold_hypothetical_protein	AF-A0A2G9ZB65-F1-model_v4	AF-A0A2G9ZB65-F1-model_v4 Iron transporter	5.635E-10	1.000	393	5	488	489	51	481	485	493	0.990	0.889
LOKIASV2_2712_ESMFold_hypothetical_protein	AF-A0A1S9CVL6-F1-model_v4	AF-A0A1S9CVL6-F1-model_v4 Uncharacterized protein	1.271E-09	1.000	392	14	355	489	32	361	362	354	0.699	0.912
LOKIASV2_2712_ESMFold_hypothetical_protein	AF-A0A4Y9SUR1-F1-model_v4	AF-A0A4Y9SUR1-F1-model_v4 Divalent metal cation transporter	1.081E-08	1.000	392	29	488	489	1	417	424	474	0.941	0.983
LOKIASV2_2712_ESMFold_hypothetical_protein	AF-A0A3T0D4L9-F1-model_v4	AF-A0A3T0D4L9-F1-model_v4 Divalent metal cation transporter	7.673E-09	1.000	390	33	488	489	5	401	404	463	0.933	0.983
LOKIASV2_2712_ESMFold_hypothetical_protein	AF-A0A419ET57-F1-model_v4	AF-A0A419ET57-F1-model_v4 Divalent metal cation transporter	7.673E-09	1.000	386	26	485	489	2	412	423	480	0.941	0.972
LOKIASV2_2712_ESMFold_hypothetical_protein	AF-A0A1P8WPK5-F1-model_v4	AF-A0A1P8WPK5-F1-model_v4 Manganese transport protein	2.746E-09	1.000	384	20	488	489	4	431	435	492	0.959	0.984
LOKIASV2_2712_ESMFold_hypothetical_protein	AF-E1RK87-F1-model_v4	AF-E1RK87-F1-model_v4 Signal transduction histidine kinase, LytS	8.646E-10	1.000	383	33	488	489	11	415	639	475	0.933	0.634
LOKIASV2_2712_ESMFold_hypothetical_protein	AF-A0A2E5FLI5-F1-model_v4	AF-A0A2E5FLI5-F1-model_v4 Iron transporter	8.359E-09	1.000	382	27	484	489	1	405	413	477	0.937	0.981
LOKIASV2_2712_ESMFold_hypothetical_protein	AF-A0A3A5J922-F1-model_v4	AF-A0A3A5J922-F1-model_v4 Mn2+ and Fe2+ transporter of the NRAMP family-like protein	7.352E-09	1.000	381	25	488	489	21	452	455	480	0.949	0.949
LOKIASV2_2712_ESMFold_hypothetical_protein	AF-A0A2J6N7D0-F1-model_v4	AF-A0A2J6N7D0-F1-model_v4 Uncharacterized protein	8.359E-09	1.000	378	32	489	489	5	406	406	464	0.937	0.990
LOKIASV2_2712_ESMFold_hypothetical_protein	AF-A0A7W1WVH7-F1-model_v4	AF-A0A7W1WVH7-F1-model_v4 Nramp family divalent metal transporter	1.229E-08	1.000	376	24	487	489	9	430	437	480	0.949	0.966
LOKIASV2_2712_ESMFold_hypothetical_protein	AF-A0A7Y3CA33-F1-model_v4	AF-A0A7Y3CA33-F1-model_v4 Nramp family divalent metal transporter	7.352E-09	1.000	372	36	487	489	2	387	396	461	0.924	0.975
LOKIASV2_2712_ESMFold_hypothetical_protein	AF-A0A3D1TWD4-F1-model_v4	AF-A0A3D1TWD4-F1-model_v4 Uncharacterized protein	3.259E-09	1.000	372	31	488	489	2	404	408	481	0.937	0.988
LOKIASV2_2712_ESMFold_hypothetical_protein	AF-A0A847EKQ9-F1-model_v4	AF-A0A847EKQ9-F1-model_v4 Nramp family divalent metal transporter	9.024E-10	1.000	372	24	484	489	33	463	471	503	0.943	0.915
LOKIASV2_2712_ESMFold_hypothetical_protein	AF-A0A3B0CGG3-F1-model_v4	AF-A0A3B0CGG3-F1-model_v4 Divalent metal cation transporter	4.398E-09	1.000	370	26	483	489	1	392	402	463	0.937	0.975
LOKIASV2_2712_ESMFold_hypothetical_protein	AF-A0A7V5G9S2-F1-model_v4	AF-A0A7V5G9S2-F1-model_v4 Divalent metal cation transporter	1.283E-08	1.000	370	5	488	489	8	432	435	495	0.990	0.977
LOKIASV2_2712_ESMFold_hypothetical_protein	AF-A0A3D1DRX0-F1-model_v4	AF-A0A3D1DRX0-F1-model_v4 Uncharacterized protein	2.867E-09	1.000	370	14	487	489	5	618	629	652	0.969	0.976
LOKIASV2_2712_ESMFold_hypothetical_protein	AF-A0A1X7AFL5-F1-model_v4	AF-A0A1X7AFL5-F1-model_v4 Divalent metal cation transporter MntH	1.283E-08	1.000	367	24	487	489	10	419	425	483	0.949	0.965
LOKIASV2_2712_ESMFold_hypothetical_protein	AF-A0A2G2GFP0-F1-model_v4	AF-A0A2G2GFP0-F1-model_v4 Manganese transporter	2.655E-08	1.000	366	36	487	489	2	397	404	466	0.924	0.980
LOKIASV2_2712_ESMFold_hypothetical_protein	AF-A0A7X1B6U9-F1-model_v4	AF-A0A7X1B6U9-F1-model_v4 Nramp family divalent metal transporter	3.123E-09	1.000	365	20	486	489	2	419	426	491	0.955	0.981
LOKIASV2_2712_ESMFold_hypothetical_protein	AF-A0A7C2G7V8-F1-model_v4	AF-A0A7C2G7V8-F1-model_v4 Divalent metal cation transporter	2.893E-08	1.000	364	27	488	489	1	415	420	475	0.945	0.988
LOKIASV2_2712_ESMFold_hypothetical_protein	AF-A0A6P1MGY5-F1-model_v4	AF-A0A6P1MGY5-F1-model_v4 Beta-propeller fold lactonase family protein	1.026E-09	1.000	364	33	489	489	6	413	785	477	0.935	0.520
LOKIASV2_2712_ESMFold_hypothetical_protein	AF-A0A7U6DSD9-F1-model_v4	AF-A0A7U6DSD9-F1-model_v4 Divalent metal cation transporter	2.335E-08	1.000	363	44	484	489	2	384	395	452	0.902	0.970
LOKIASV2_2712_ESMFold_hypothetical_protein	AF-A0A365TA32-F1-model_v4	AF-A0A365TA32-F1-model_v4 Uncharacterized protein	1.218E-09	1.000	363	52	487	489	4	438	450	473	0.892	0.967
LOKIASV2_2712_ESMFold_hypothetical_protein	AF-Q3AF37-F1-model_v4	AF-Q3AF37-F1-model_v4 Putative cation transporter	3.583E-08	1.000	361	24	488	489	1	410	416	477	0.951	0.986
LOKIASV2_2712_ESMFold_hypothetical_protein	AF-A0A0A3XLK6-F1-model_v4	AF-A0A0A3XLK6-F1-model_v4 Iron transporter	3.402E-09	1.000	358	7	488	489	16	446	454	502	0.986	0.949
LOKIASV2_2712_ESMFold_hypothetical_protein	AF-A0A2D9LEP4-F1-model_v4	AF-A0A2D9LEP4-F1-model_v4 Uncharacterized protein	9.505E-09	1.000	357	35	487	489	2	402	410	471	0.926	0.978
LOKIASV2_2712_ESMFold_hypothetical_protein	AF-A0A2W4XWE3-F1-model_v4	AF-A0A2W4XWE3-F1-model_v4 Uncharacterized protein	1.397E-08	1.000	357	29	488	489	8	435	440	485	0.941	0.973
LOKIASV2_2712_ESMFold_hypothetical_protein	AF-A0A7X8SGY1-F1-model_v4	AF-A0A7X8SGY1-F1-model_v4 Nramp family divalent metal transporter	1.731E-08	1.000	355	32	488	489	4	400	406	467	0.935	0.978
LOKIASV2_2712_ESMFold_hypothetical_protein	AF-A0A7Y8LGN3-F1-model_v4	AF-A0A7Y8LGN3-F1-model_v4 Nramp family divalent metal transporter	6.251E-08	1.000	353	37	483	489	4	402	417	461	0.914	0.957
LOKIASV2_2712_ESMFold_hypothetical_protein	AF-A0A0G1JN82-F1-model_v4	AF-A0A0G1JN82-F1-model_v4 Uncharacterized protein	1.240E-07	1.000	352	124	487	489	1	361	366	383	0.744	0.986
LOKIASV2_2712_ESMFold_hypothetical_protein	AF-A0A1Q8IC87-F1-model_v4	AF-A0A1Q8IC87-F1-model_v4 Manganese transporter	3.740E-08	1.000	352	41	488	489	3	387	391	465	0.916	0.985
LOKIASV2_2712_ESMFold_hypothetical_protein	AF-A0A535UG59-F1-model_v4	AF-A0A535UG59-F1-model_v4 Divalent metal cation transporter	1.397E-08	1.000	352	29	489	489	140	543	550	473	0.943	0.735
LOKIASV2_2712_ESMFold_hypothetical_protein	AF-A0A6N4VSG3-F1-model_v4	AF-A0A6N4VSG3-F1-model_v4 Divalent metal cation transporter MntH	4.253E-08	1.000	351	26	489	489	2	408	408	475	0.949	0.998
LOKIASV2_2712_ESMFold_hypothetical_protein	AF-A0A524NSX0-F1-model_v4	AF-A0A524NSX0-F1-model_v4 Uncharacterized protein	1.458E-08	1.000	351	31	489	489	2	404	411	473	0.939	0.981
LOKIASV2_2712_ESMFold_hypothetical_protein	AF-A0A2E9JZS9-F1-model_v4	AF-A0A2E9JZS9-F1-model_v4 Iron transporter	2.655E-08	1.000	349	31	484	489	1	427	439	477	0.928	0.973
LOKIASV2_2712_ESMFold_hypothetical_protein	AF-A0A2E3GPT1-F1-model_v4	AF-A0A2E3GPT1-F1-model_v4 Iron transporter	1.968E-08	1.000	349	36	488	489	4	440	444	499	0.926	0.984
LOKIASV2_2712_ESMFold_hypothetical_protein	AF-A0A800F4X5-F1-model_v4	AF-A0A800F4X5-F1-model_v4 Divalent metal cation transporter	4.037E-09	1.000	349	2	488	489	55	496	500	507	0.996	0.884
LOKIASV2_2712_ESMFold_hypothetical_protein	AF-B8G7A7-F1-model_v4	AF-B8G7A7-F1-model_v4 Divalent metal cation transporter MntH	1.283E-08	1.000	347	20	488	489	10	416	420	484	0.959	0.969
LOKIASV2_2712_ESMFold_hypothetical_protein	AF-A0A2A5J0F2-F1-model_v4	AF-A0A2A5J0F2-F1-model_v4 Divalent metal cation transporter MntH	2.893E-08	1.000	347	29	484	489	24	421	425	471	0.933	0.936
LOKIASV2_2712_ESMFold_hypothetical_protein	AF-A0A2E3Y7E8-F1-model_v4	AF-A0A2E3Y7E8-F1-model_v4 Uncharacterized protein	3.151E-08	1.000	346	20	420	489	5	411	412	440	0.820	0.988
LOKIASV2_2712_ESMFold_hypothetical_protein	AF-A0A2A9CS58-F1-model_v4	AF-A0A2A9CS58-F1-model_v4 Manganese transport protein	1.968E-08	1.000	343	21	483	489	1	413	423	482	0.947	0.976
LOKIASV2_2712_ESMFold_hypothetical_protein	AF-A0A2M7F591-F1-model_v4	AF-A0A2M7F591-F1-model_v4 Uncharacterized protein	1.240E-07	1.000	342	49	358	489	3	308	309	320	0.634	0.990
LOKIASV2_2712_ESMFold_hypothetical_protein	AF-A0A1E4BID4-F1-model_v4	AF-A0A1E4BID4-F1-model_v4 Manganese transporter	1.806E-08	1.000	342	29	489	489	11	411	411	480	0.943	0.976
LOKIASV2_2712_ESMFold_hypothetical_protein	AF-A0A5D4N6S4-F1-model_v4	AF-A0A5D4N6S4-F1-model_v4 Divalent metal cation transporter MntH	3.019E-08	1.000	342	29	484	489	24	421	425	471	0.933	0.936
LOKIASV2_2712_ESMFold_hypothetical_protein	AF-A0A3M1Y259-F1-model_v4	AF-A0A3M1Y259-F1-model_v4 Divalent metal cation transporter	6.251E-08	1.000	342	27	488	489	11	398	439	472	0.945	0.884
LOKIASV2_2712_ESMFold_hypothetical_protein	AF-A0A1W2GTB5-F1-model_v4	AF-A0A1W2GTB5-F1-model_v4 Divalent metal cation transporter MntH	2.772E-08	1.000	341	20	489	489	2	431	431	503	0.961	0.998
LOKIASV2_2712_ESMFold_hypothetical_protein	AF-A0A6L8HKE7-F1-model_v4	AF-A0A6L8HKE7-F1-model_v4 Divalent metal cation transporter	5.935E-09	1.000	341	14	480	489	85	491	498	483	0.955	0.817
LOKIASV2_2712_ESMFold_hypothetical_protein	AF-A0A430FE72-F1-model_v4	AF-A0A430FE72-F1-model_v4 Manganese transporter	5.498E-08	1.000	339	26	489	489	59	464	466	473	0.949	0.871
LOKIASV2_2712_ESMFold_hypothetical_protein	AF-A0A127DB30-F1-model_v4	AF-A0A127DB30-F1-model_v4 Divalent metal cation transporter MntH	3.433E-08	1.000	337	26	483	489	7	406	412	471	0.937	0.971
LOKIASV2_2712_ESMFold_hypothetical_protein	AF-A0A6H3J4J9-F1-model_v4	AF-A0A6H3J4J9-F1-model_v4 Mn(2+) uptake NRAMP transporter MntH	6.525E-08	1.000	337	21	489	489	7	419	420	480	0.959	0.983
LOKIASV2_2712_ESMFold_hypothetical_protein	AF-A0A5C5BA30-F1-model_v4	AF-A0A5C5BA30-F1-model_v4 Divalent metal cation transporter	2.258E-07	1.000	336	39	488	489	4	398	403	459	0.920	0.980
LOKIASV2_2712_ESMFold_hypothetical_protein	AF-A0A806NTY2-F1-model_v4	AF-A0A806NTY2-F1-model_v4 Divalent metal cation transporter	1.045E-07	1.000	335	33	489	489	15	407	412	469	0.935	0.954
LOKIASV2_2712_ESMFold_hypothetical_protein	AF-A0A542HHG8-F1-model_v4	AF-A0A542HHG8-F1-model_v4 Mn2+/Fe2+ NRAMP family transporter	9.592E-08	1.000	334	32	485	489	1	397	409	472	0.928	0.971
LOKIASV2_2712_ESMFold_hypothetical_protein	AF-A0A7C4PYI7-F1-model_v4	AF-A0A7C4PYI7-F1-model_v4 Uncharacterized protein	1.472E-07	1.000	333	179	484	489	7	304	317	311	0.626	0.940
LOKIASV2_2712_ESMFold_hypothetical_protein	AF-A0A4Y8WXL4-F1-model_v4	AF-A0A4Y8WXL4-F1-model_v4 Divalent metal cation transporter	2.655E-08	1.000	332	39	483	489	37	434	450	461	0.910	0.884
LOKIASV2_2712_ESMFold_hypothetical_protein	AF-A0A2A5NMD1-F1-model_v4	AF-A0A2A5NMD1-F1-model_v4 Divalent metal cation transporter	1.410E-07	1.000	331	39	487	489	3	390	396	459	0.918	0.980
LOKIASV2_2712_ESMFold_hypothetical_protein	AF-A0A1Q4AWR4-F1-model_v4	AF-A0A1Q4AWR4-F1-model_v4 Divalent metal cation transporter	1.986E-07	1.000	330	26	488	489	3	405	411	473	0.947	0.981
LOKIASV2_2712_ESMFold_hypothetical_protein	AF-A0A7C6ZCE2-F1-model_v4	AF-A0A7C6ZCE2-F1-model_v4 Nramp family divalent metal transporter	9.592E-08	1.000	330	26	489	489	7	412	412	477	0.949	0.985
LOKIASV2_2712_ESMFold_hypothetical_protein	AF-A6TC38-F1-model_v4	AF-A6TC38-F1-model_v4 Divalent metal cation transporter MntH	4.253E-08	1.000	330	33	489	489	15	407	413	474	0.935	0.952
LOKIASV2_2712_ESMFold_hypothetical_protein	AF-A0A260U3H7-F1-model_v4	AF-A0A260U3H7-F1-model_v4 Divalent metal cation transporter MntH	1.603E-07	1.000	330	26	487	489	8	412	413	477	0.945	0.981
LOKIASV2_2712_ESMFold_hypothetical_protein	AF-A0A2E3N7V4-F1-model_v4	AF-A0A2E3N7V4-F1-model_v4 Uncharacterized protein	4.439E-08	1.000	329	31	482	489	2	403	412	469	0.924	0.976
LOKIASV2_2712_ESMFold_hypothetical_protein	AF-A0A2E5EQX0-F1-model_v4	AF-A0A2E5EQX0-F1-model_v4 Transmembrane Mn(2+) transporter	1.138E-07	1.000	329	45	483	489	2	486	502	525	0.898	0.966
LOKIASV2_2712_ESMFold_hypothetical_protein	AF-Q12LK0-F1-model_v4	AF-Q12LK0-F1-model_v4 Transporter, NRAMP family	8.436E-08	1.000	325	32	483	489	3	412	418	474	0.924	0.981
LOKIASV2_2712_ESMFold_hypothetical_protein	AF-A0A5C7P0I7-F1-model_v4	AF-A0A5C7P0I7-F1-model_v4 Divalent metal cation transporter	1.589E-08	1.000	325	20	489	489	39	464	464	495	0.961	0.918
LOKIASV2_2712_ESMFold_hypothetical_protein	AF-A0A2E0B3Q3-F1-model_v4	AF-A0A2E0B3Q3-F1-model_v4 Uncharacterized protein	2.772E-08	1.000	324	24	483	489	1	400	480	472	0.941	0.833
LOKIASV2_2712_ESMFold_hypothetical_protein	AF-A0A2E7CZB5-F1-model_v4	AF-A0A2E7CZB5-F1-model_v4 Transmembrane Mn(2+) transporter	3.019E-08	1.000	324	18	488	489	18	619	624	637	0.963	0.965
LOKIASV2_2712_ESMFold_hypothetical_protein	AF-A0A7C3DXS0-F1-model_v4	AF-A0A7C3DXS0-F1-model_v4 Uncharacterized protein	7.419E-08	1.000	323	9	484	489	83	498	507	490	0.973	0.821
LOKIASV2_2712_ESMFold_hypothetical_protein	AF-A0A0B7NE34-F1-model_v4	AF-A0A0B7NE34-F1-model_v4 Uncharacterized protein	1.001E-07	1.000	323	7	481	489	46	481	577	491	0.971	0.756
LOKIASV2_2712_ESMFold_hypothetical_protein	AF-A0A1J9Y365-F1-model_v4	AF-A0A1J9Y365-F1-model_v4 Divalent metal cation transporter MntH	6.251E-08	1.000	321	30	489	489	30	431	431	478	0.941	0.933
LOKIASV2_2712_ESMFold_hypothetical_protein	AF-A0A5C5VEW6-F1-model_v4	AF-A0A5C5VEW6-F1-model_v4 Divalent metal cation transporter MntH	2.357E-07	1.000	320	32	487	489	1	415	426	477	0.933	0.974
LOKIASV2_2712_ESMFold_hypothetical_protein	AF-K0TP54-F1-model_v4	AF-K0TP54-F1-model_v4 Uncharacterized protein	6.251E-08	1.000	320	24	485	489	28	455	467	481	0.945	0.916
LOKIASV2_2712_ESMFold_hypothetical_protein	AF-A0A3A5IQR9-F1-model_v4	AF-A0A3A5IQR9-F1-model_v4 Divalent metal cation transporter MntH	1.673E-07	1.000	319	30	484	489	21	417	420	475	0.930	0.945
LOKIASV2_2712_ESMFold_hypothetical_protein	AF-A0A1X2ZBG8-F1-model_v4	AF-A0A1X2ZBG8-F1-model_v4 Metal ion transporter metal ion (Mn2+/Fe2+) transporter (Nramp) family	5.989E-08	1.000	319	28	489	489	49	453	455	474	0.945	0.890
LOKIASV2_2712_ESMFold_hypothetical_protein	AF-A0A2G6J8R4-F1-model_v4	AF-A0A2G6J8R4-F1-model_v4 Permease	2.335E-08	1.000	319	20	488	489	69	495	499	496	0.959	0.856
LOKIASV2_2712_ESMFold_hypothetical_protein	AF-A0A1Q4I1W1-F1-model_v4	AF-A0A1Q4I1W1-F1-model_v4 Divalent metal cation transporter MntH	1.472E-07	1.000	318	28	487	489	1	402	408	471	0.941	0.985
LOKIASV2_2712_ESMFold_hypothetical_protein	AF-A0A542IIN2-F1-model_v4	AF-A0A542IIN2-F1-model_v4 Manganese transport protein	5.791E-07	1.000	317	21	489	489	1	414	416	485	0.959	0.995
LOKIASV2_2712_ESMFold_hypothetical_protein	AF-A0A6P7GHH5-F1-model_v4	AF-A0A6P7GHH5-F1-model_v4 protein Malvolio-like	5.047E-08	1.000	316	14	488	489	44	494	563	527	0.971	0.801
LOKIASV2_2712_ESMFold_hypothetical_protein	AF-A0A346DZJ7-F1-model_v4	AF-A0A346DZJ7-F1-model_v4 Divalent metal cation transporter MntH	8.805E-08	1.000	315	6	489	489	4	410	410	499	0.990	0.993
LOKIASV2_2712_ESMFold_hypothetical_protein	AF-A0A3D5UKA2-F1-model_v4	AF-A0A3D5UKA2-F1-model_v4 Uncharacterized protein	4.880E-07	1.000	315	24	488	489	2	406	413	469	0.951	0.981
LOKIASV2_2712_ESMFold_hypothetical_protein	AF-A0A419GBR0-F1-model_v4	AF-A0A419GBR0-F1-model_v4 Divalent metal cation transporter	3.047E-07	1.000	315	31	487	489	1	402	414	475	0.935	0.971
LOKIASV2_2712_ESMFold_hypothetical_protein	AF-A0A7Y2QUQ6-F1-model_v4	AF-A0A7Y2QUQ6-F1-model_v4 Divalent metal cation transporter	6.873E-07	1.000	313	42	487	489	3	382	391	452	0.912	0.972
LOKIASV2_2712_ESMFold_hypothetical_protein	AF-A0A1G7FFP5-F1-model_v4	AF-A0A1G7FFP5-F1-model_v4 Mn2+ and Fe2+ transporters of the NRAMP family	7.743E-08	1.000	311	34	488	489	4	419	423	489	0.930	0.983
LOKIASV2_2712_ESMFold_hypothetical_protein	AF-A0A7Y4L6H7-F1-model_v4	AF-A0A7Y4L6H7-F1-model_v4 Nramp family divalent metal transporter	4.479E-07	1.000	310	21	489	489	47	459	459	487	0.959	0.900
LOKIASV2_2712_ESMFold_hypothetical_protein	AF-A0A7V2DCI8-F1-model_v4	AF-A0A7V2DCI8-F1-model_v4 Divalent metal cation transporter	2.919E-07	1.000	309	31	488	489	1	397	402	474	0.937	0.988
LOKIASV2_2712_ESMFold_hypothetical_protein	AF-A0A212TEJ4-F1-model_v4	AF-A0A212TEJ4-F1-model_v4 Manganese transport protein	4.479E-07	1.000	308	5	489	489	9	420	420	501	0.992	0.981
LOKIASV2_2712_ESMFold_hypothetical_protein	AF-F0ZEW9-F1-model_v4	AF-F0ZEW9-F1-model_v4 Uncharacterized protein	1.472E-07	1.000	308	14	488	489	3	417	438	495	0.971	0.947
LOKIASV2_2712_ESMFold_hypothetical_protein	AF-A0A7S1C5G1-F1-model_v4	AF-A0A7S1C5G1-F1-model_v4 Hypothetical protein	6.525E-08	1.000	308	21	483	489	49	478	569	493	0.947	0.756
LOKIASV2_2712_ESMFold_hypothetical_protein	AF-A0A087SHD8-F1-model_v4	AF-A0A087SHD8-F1-model_v4 Metal transporter Nramp3	2.680E-07	1.000	308	24	486	489	2	411	669	481	0.947	0.613
LOKIASV2_2712_ESMFold_hypothetical_protein	AF-R1CYM7-F1-model_v4	AF-R1CYM7-F1-model_v4 Uncharacterized protein	1.101E-06	1.000	307	31	488	489	2	399	401	466	0.937	0.993
LOKIASV2_2712_ESMFold_hypothetical_protein	AF-A0A535N8Z6-F1-model_v4	AF-A0A535N8Z6-F1-model_v4 Divalent metal cation transporter	2.357E-07	1.000	307	2	488	489	36	462	464	502	0.996	0.920
LOKIASV2_2712_ESMFold_hypothetical_protein	AF-A0A2D5MBC9-F1-model_v4	AF-A0A2D5MBC9-F1-model_v4 Permease	1.188E-07	1.000	307	24	489	489	66	511	515	500	0.953	0.866
LOKIASV2_2712_ESMFold_hypothetical_protein	AF-A0A535EDQ6-F1-model_v4	AF-A0A535EDQ6-F1-model_v4 Divalent metal cation transporter	1.689E-06	1.000	304	33	488	489	8	403	408	470	0.933	0.971
LOKIASV2_2712_ESMFold_hypothetical_protein	AF-K0DJX4-F1-model_v4	AF-K0DJX4-F1-model_v4 Manganese transport protein	1.410E-07	1.000	303	21	484	489	113	522	532	482	0.949	0.771
LOKIASV2_2712_ESMFold_hypothetical_protein	AF-A0A536KRM8-F1-model_v4	AF-A0A536KRM8-F1-model_v4 Divalent metal cation transporter	1.101E-06	1.000	302	20	488	489	10	428	435	486	0.959	0.963
LOKIASV2_2712_ESMFold_hypothetical_protein	AF-A0A5B8MQK8-F1-model_v4	AF-A0A5B8MQK8-F1-model_v4 Hypothetical protein	3.583E-08	1.000	302	2	482	489	50	531	595	525	0.984	0.810
LOKIASV2_2712_ESMFold_hypothetical_protein	AF-A0A2E3GV55-F1-model_v4	AF-A0A2E3GV55-F1-model_v4 Manganese transporter	4.291E-07	1.000	301	32	486	489	4	424	433	475	0.930	0.972
LOKIASV2_2712_ESMFold_hypothetical_protein	AF-A0A6J1SL27-F1-model_v4	AF-A0A6J1SL27-F1-model_v4 protein Malvolio-like isoform X2	5.093E-07	1.000	300	26	488	489	2	443	536	501	0.947	0.825
LOKIASV2_2712_ESMFold_hypothetical_protein	AF-A0A182QPJ2-F1-model_v4	AF-A0A182QPJ2-F1-model_v4 Uncharacterized protein	6.309E-07	1.000	300	5	488	489	114	569	639	518	0.990	0.714
LOKIASV2_2712_ESMFold_hypothetical_protein	AF-A0A1V5M1N8-F1-model_v4	AF-A0A1V5M1N8-F1-model_v4 Divalent metal cation transporter MntH	1.823E-07	1.000	296	26	487	489	1	413	424	492	0.945	0.974
LOKIASV2_2712_ESMFold_hypothetical_protein	AF-A0A6I9UCA2-F1-model_v4	AF-A0A6I9UCA2-F1-model_v4 metal transporter Nramp1	2.460E-07	1.000	296	26	489	489	6	426	505	487	0.949	0.834
LOKIASV2_2712_ESMFold_hypothetical_protein	AF-A0A1V2JW11-F1-model_v4	AF-A0A1V2JW11-F1-model_v4 Divalent metal cation transporter MntH	1.054E-06	1.000	295	27	487	489	25	434	439	468	0.943	0.934
LOKIASV2_2712_ESMFold_hypothetical_protein	AF-A0A7I8CVD8-F1-model_v4	AF-A0A7I8CVD8-F1-model_v4 Iron transporter	7.487E-07	1.000	294	38	488	489	5	412	423	468	0.922	0.965
LOKIASV2_2712_ESMFold_hypothetical_protein	AF-A0A443R767-F1-model_v4	AF-A0A443R767-F1-model_v4 Protein Malvolio-like protein	2.797E-07	1.000	292	14	487	489	53	509	580	528	0.969	0.788
LOKIASV2_2712_ESMFold_hypothetical_protein	AF-A0A5J9VDP7-F1-model_v4	AF-A0A5J9VDP7-F1-model_v4 Uncharacterized protein	2.258E-07	1.000	292	1	488	489	81	515	599	508	0.998	0.726
LOKIASV2_2712_ESMFold_hypothetical_protein	AF-A0A1X7UN63-F1-model_v4	AF-A0A1X7UN63-F1-model_v4 Uncharacterized protein	6.873E-07	1.000	292	2	488	489	55	522	676	535	0.996	0.692
LOKIASV2_2712_ESMFold_hypothetical_protein	AF-A8I688-F1-model_v4	AF-A8I688-F1-model_v4 Predicted protein	6.044E-07	1.000	291	27	488	489	1	410	1029	479	0.945	0.398
LOKIASV2_2712_ESMFold_hypothetical_protein	AF-A0A843RU28-F1-model_v4	AF-A0A843RU28-F1-model_v4 Uncharacterized protein	2.460E-07	1.000	289	28	488	489	1	416	422	484	0.943	0.986
LOKIASV2_2712_ESMFold_hypothetical_protein	AF-A0A560SF00-F1-model_v4	AF-A0A560SF00-F1-model_v4 Divalent metal cation transporter MntH	1.550E-06	1.000	289	27	487	489	25	434	439	470	0.943	0.934
LOKIASV2_2712_ESMFold_hypothetical_protein	AF-A0A2Y9RXA5-F1-model_v4	AF-A0A2Y9RXA5-F1-model_v4 natural resistance-associated macrophage protein 2 isoform X3	4.880E-07	1.000	289	14	469	489	101	530	531	492	0.933	0.810
LOKIASV2_2712_ESMFold_hypothetical_protein	AF-A0A7X8Z974-F1-model_v4	AF-A0A7X8Z974-F1-model_v4 Divalent metal cation transporter	1.149E-06	1.000	288	13	487	489	3	410	414	486	0.971	0.986
LOKIASV2_2712_ESMFold_hypothetical_protein	AF-K7KZ72-F1-model_v4	AF-K7KZ72-F1-model_v4 Uncharacterized protein	4.633E-08	1.000	288	13	484	489	32	453	545	500	0.965	0.774
LOKIASV2_2712_ESMFold_hypothetical_protein	AF-A0A1J7IL77-F1-model_v4	AF-A0A1J7IL77-F1-model_v4 Natural resistance-associated macrophage protein	7.108E-08	1.000	287	5	488	489	7	503	516	544	0.990	0.963
LOKIASV2_2712_ESMFold_hypothetical_protein	AF-F8IG65-F1-model_v4	AF-F8IG65-F1-model_v4 Natural resistance-associated macrophage protein	3.319E-07	1.000	287	2	488	489	108	533	539	519	0.996	0.790
LOKIASV2_2712_ESMFold_hypothetical_protein	AF-A0A538FRZ6-F1-model_v4	AF-A0A538FRZ6-F1-model_v4 Divalent metal cation transporter MntH	3.047E-07	1.000	287	30	483	489	167	563	568	481	0.928	0.699
LOKIASV2_2712_ESMFold_hypothetical_protein	AF-A0A2S8XZS5-F1-model_v4	AF-A0A2S8XZS5-F1-model_v4 Divalent metal cation transporter MntH	2.004E-06	1.000	285	27	488	489	25	435	439	475	0.945	0.936
LOKIASV2_2712_ESMFold_hypothetical_protein	AF-A0A2H3AXX4-F1-model_v4	AF-A0A2H3AXX4-F1-model_v4 Smf Mn2+ and Fe2+ transporter	5.791E-07	1.000	285	26	488	489	2	469	476	516	0.947	0.983
LOKIASV2_2712_ESMFold_hypothetical_protein	AF-A0A5N4A1Z6-F1-model_v4	AF-A0A5N4A1Z6-F1-model_v4 Uncharacterized protein	1.603E-07	1.000	284	14	489	489	38	489	554	520	0.973	0.816
LOKIASV2_2712_ESMFold_hypothetical_protein	AF-A0A433T5E0-F1-model_v4	AF-A0A433T5E0-F1-model_v4 Uncharacterized protein	1.689E-06	1.000	284	15	488	489	82	528	611	516	0.969	0.732
LOKIASV2_2712_ESMFold_hypothetical_protein	AF-A0A1V5IS93-F1-model_v4	AF-A0A1V5IS93-F1-model_v4 Divalent metal cation transporter MntH	1.485E-06	1.000	280	10	484	489	5	416	422	489	0.971	0.976
LOKIASV2_2712_ESMFold_hypothetical_protein	AF-A0A7K4S3P8-F1-model_v4	AF-A0A7K4S3P8-F1-model_v4 NRAM1 protein	9.679E-07	1.000	280	16	488	489	17	461	518	513	0.967	0.859
LOKIASV2_2712_ESMFold_hypothetical_protein	AF-N4X2G1-F1-model_v4	AF-N4X2G1-F1-model_v4 Uncharacterized protein	7.814E-07	1.000	280	33	488	489	70	523	530	504	0.933	0.857
LOKIASV2_2712_ESMFold_hypothetical_protein	AF-A0A1Y2CVT6-F1-model_v4	AF-A0A1Y2CVT6-F1-model_v4 Nramp-domain-containing protein	4.675E-07	1.000	278	21	489	489	16	498	501	532	0.959	0.964
LOKIASV2_2712_ESMFold_hypothetical_protein	AF-A0A1I7SR14-F1-model_v4	AF-A0A1I7SR14-F1-model_v4 Uncharacterized protein	2.258E-07	1.000	278	2	482	489	11	471	559	539	0.984	0.825
LOKIASV2_2712_ESMFold_hypothetical_protein	AF-P49283-F1-model_v4	AF-P49283-F1-model_v4 Protein Malvolio	2.567E-07	1.000	278	14	484	489	56	508	596	511	0.963	0.760
LOKIASV2_2712_ESMFold_hypothetical_protein	AF-A0A0R2FW93-F1-model_v4	AF-A0A0R2FW93-F1-model_v4 Divalent metal cation transporter MntH	2.092E-06	1.000	277	22	489	489	11	441	443	497	0.957	0.973
LOKIASV2_2712_ESMFold_hypothetical_protein	AF-P49281-F1-model_v4	AF-P49281-F1-model_v4 Natural resistance-associated macrophage protein 2	1.054E-06	1.000	277	8	488	489	44	510	568	542	0.984	0.822
LOKIASV2_2712_ESMFold_hypothetical_protein	AF-A0A7Y8C1M9-F1-model_v4	AF-A0A7Y8C1M9-F1-model_v4 Divalent metal cation transporter MntH	3.075E-06	1.000	276	27	488	489	28	435	441	469	0.945	0.925
LOKIASV2_2712_ESMFold_hypothetical_protein	AF-A0A662ITQ3-F1-model_v4	AF-A0A662ITQ3-F1-model_v4 Uncharacterized protein	8.967E-06	1.000	275	215	483	489	7	280	293	276	0.550	0.935
LOKIASV2_2712_ESMFold_hypothetical_protein	AF-A0A356SGD3-F1-model_v4	AF-A0A356SGD3-F1-model_v4 Manganese transporter	4.675E-07	1.000	275	29	457	489	1	361	368	436	0.877	0.981
LOKIASV2_2712_ESMFold_hypothetical_protein	AF-A0A1B6H404-F1-model_v4	AF-A0A1B6H404-F1-model_v4 Uncharacterized protein	4.112E-07	1.000	275	14	489	489	35	480	540	516	0.973	0.826
LOKIASV2_2712_ESMFold_hypothetical_protein	AF-A0A0D9Y0W2-F1-model_v4	AF-A0A0D9Y0W2-F1-model_v4 Uncharacterized protein	1.840E-06	1.000	275	14	488	489	176	606	704	496	0.971	0.612
LOKIASV2_2712_ESMFold_hypothetical_protein	AF-A0A1X0N347-F1-model_v4	AF-A0A1X0N347-F1-model_v4 Divalent metal cation transporter MntH	2.004E-06	1.000	274	26	488	489	23	432	439	483	0.947	0.934
LOKIASV2_2712_ESMFold_hypothetical_protein	AF-G9NXY1-F1-model_v4	AF-G9NXY1-F1-model_v4 Uncharacterized protein	8.156E-07	1.000	274	21	488	489	63	550	557	525	0.957	0.876
LOKIASV2_2712_ESMFold_hypothetical_protein	AF-A0A2A6D269-F1-model_v4	AF-A0A2A6D269-F1-model_v4 Smf-1	6.044E-07	1.000	274	5	483	489	459	925	1000	546	0.980	0.467
LOKIASV2_2712_ESMFold_hypothetical_protein	AF-A0A2J7YQ94-F1-model_v4	AF-A0A2J7YQ94-F1-model_v4 Divalent metal cation transporter MntH	1.010E-06	1.000	273	40	489	489	4	399	399	470	0.920	0.992
LOKIASV2_2712_ESMFold_hypothetical_protein	AF-A0A3R9HXK8-F1-model_v4	AF-A0A3R9HXK8-F1-model_v4 Divalent metal cation transporter MntH	1.101E-06	1.000	273	20	487	489	13	437	444	500	0.957	0.957
LOKIASV2_2712_ESMFold_hypothetical_protein	AF-A0A447C969-F1-model_v4	AF-A0A447C969-F1-model_v4 Manganese transporter	3.180E-07	1.000	273	5	465	489	48	495	525	489	0.943	0.853
LOKIASV2_2712_ESMFold_hypothetical_protein	AF-A0A4U0UYX0-F1-model_v4	AF-A0A4U0UYX0-F1-model_v4 Uncharacterized protein	5.316E-07	1.000	273	20	488	489	105	619	626	556	0.959	0.823
LOKIASV2_2712_ESMFold_hypothetical_protein	AF-A0A0J9XCA3-F1-model_v4	AF-A0A0J9XCA3-F1-model_v4 Similar to Saccharomyces cerevisiae YHR050W SMF2 Divalent metal ion transporter involved in manganese homeostasis	3.319E-07	1.000	272	5	455	489	44	470	583	468	0.922	0.732
LOKIASV2_2712_ESMFold_hypothetical_protein	AF-A0A418MA47-F1-model_v4	AF-A0A418MA47-F1-model_v4 Divalent metal cation transporter	6.044E-07	1.000	271	20	488	489	7	419	426	498	0.959	0.969
LOKIASV2_2712_ESMFold_hypothetical_protein	AF-A0A5M9NV01-F1-model_v4	AF-A0A5M9NV01-F1-model_v4 Divalent metal cation transporter	2.092E-06	1.000	271	13	488	489	20	433	438	496	0.973	0.945
LOKIASV2_2712_ESMFold_hypothetical_protein	AF-Q10177-F1-model_v4	AF-Q10177-F1-model_v4 Manganese transporter pdt1	6.873E-07	1.000	270	31	488	489	67	510	521	496	0.937	0.852
LOKIASV2_2712_ESMFold_hypothetical_protein	AF-A0A5C6M6M0-F1-model_v4	AF-A0A5C6M6M0-F1-model_v4 Uncharacterized protein	8.513E-07	1.000	269	30	468	489	32	411	426	462	0.898	0.892
LOKIASV2_2712_ESMFold_hypothetical_protein	AF-A0A1E3PK25-F1-model_v4	AF-A0A1E3PK25-F1-model_v4 Natural resistance-associated macrophage protein	3.939E-07	1.000	269	33	488	489	176	658	671	530	0.933	0.720
LOKIASV2_2712_ESMFold_hypothetical_protein	AF-A0A7V4W7Y2-F1-model_v4	AF-A0A7V4W7Y2-F1-model_v4 Uncharacterized protein	4.149E-06	1.000	268	26	487	489	5	410	414	478	0.945	0.981
LOKIASV2_2712_ESMFold_hypothetical_protein	AF-A0A2T0G8X7-F1-model_v4	AF-A0A2T0G8X7-F1-model_v4 Divalent metal cation transporter MntH	2.004E-06	1.000	268	14	488	489	9	441	444	502	0.971	0.975
LOKIASV2_2712_ESMFold_hypothetical_protein	AF-A0A0G4ITT4-F1-model_v4	AF-A0A0G4ITT4-F1-model_v4 Uncharacterized protein	6.585E-07	1.000	268	14	488	489	12	487	489	524	0.971	0.973
LOKIASV2_2712_ESMFold_hypothetical_protein	AF-A0A151GD30-F1-model_v4	AF-A0A151GD30-F1-model_v4 Putative manganese transport protein	6.309E-07	1.000	267	21	488	489	292	787	795	532	0.957	0.624
LOKIASV2_2712_ESMFold_hypothetical_protein	AF-A0A4R6V998-F1-model_v4	AF-A0A4R6V998-F1-model_v4 Amino acid/polyamine/organocation transporter (APC superfamily)	7.173E-07	1.000	266	38	486	489	37	444	511	477	0.918	0.798
LOKIASV2_2712_ESMFold_hypothetical_protein	AF-A0A1D6KY99-F1-model_v4	AF-A0A1D6KY99-F1-model_v4 Metal transporter Nramp3	1.618E-06	1.000	266	2	482	489	67	490	540	496	0.984	0.785
LOKIASV2_2712_ESMFold_hypothetical_protein	AF-G8BUN3-F1-model_v4	AF-G8BUN3-F1-model_v4 Uncharacterized protein	7.173E-07	1.000	266	3	451	489	69	496	612	486	0.918	0.699
LOKIASV2_2712_ESMFold_hypothetical_protein	AF-A0A657AQW2-F1-model_v4	AF-A0A657AQW2-F1-model_v4 Uncharacterized protein	2.073E-07	1.000	265	7	485	489	2	408	438	506	0.980	0.929
LOKIASV2_2712_ESMFold_hypothetical_protein	AF-A0A2M9PV62-F1-model_v4	AF-A0A2M9PV62-F1-model_v4 Divalent metal cation transporter MntH	2.704E-06	1.000	265	20	484	489	25	440	449	481	0.951	0.927
LOKIASV2_2712_ESMFold_hypothetical_protein	AF-A0A4P9XN12-F1-model_v4	AF-A0A4P9XN12-F1-model_v4 NRAMP family	1.423E-06	1.000	264	28	488	489	1	447	451	520	0.943	0.991
LOKIASV2_2712_ESMFold_hypothetical_protein	AF-A0A0R2JC86-F1-model_v4	AF-A0A0R2JC86-F1-model_v4 Divalent metal cation transporter MntH	2.704E-06	1.000	264	15	487	489	26	451	462	504	0.967	0.922
LOKIASV2_2712_ESMFold_hypothetical_protein	AF-A0A4W5L7M8-F1-model_v4	AF-A0A4W5L7M8-F1-model_v4 Solute carrier family 11 member 2	4.924E-06	1.000	264	24	488	489	12	449	517	508	0.951	0.847
LOKIASV2_2712_ESMFold_hypothetical_protein	AF-A0A212M5C5-F1-model_v4	AF-A0A212M5C5-F1-model_v4 Probable Manganese transporter SMF1	1.618E-06	1.000	264	32	488	489	56	522	536	501	0.935	0.871
LOKIASV2_2712_ESMFold_hypothetical_protein	AF-A0A395SK44-F1-model_v4	AF-A0A395SK44-F1-model_v4 Manganese transporter	1.840E-06	1.000	264	14	488	489	350	842	846	531	0.971	0.583
LOKIASV2_2712_ESMFold_hypothetical_protein	AF-H8KZ78-F1-model_v4	AF-H8KZ78-F1-model_v4 Mn2+/Fe2_transporter, NRAMP family	2.704E-06	1.000	263	5	488	489	2	425	428	511	0.990	0.991
LOKIASV2_2712_ESMFold_hypothetical_protein	AF-A0A147I220-F1-model_v4	AF-A0A147I220-F1-model_v4 Divalent metal cation transporter MntH	7.886E-06	1.000	262	26	488	489	21	428	436	479	0.947	0.936
LOKIASV2_2712_ESMFold_hypothetical_protein	AF-B8A0P9-F1-model_v4	AF-B8A0P9-F1-model_v4 Metal transporter Nramp3	2.279E-06	1.000	261	24	489	489	51	472	516	488	0.953	0.818
LOKIASV2_2712_ESMFold_hypothetical_protein	AF-G1NG58-F1-model_v4	AF-G1NG58-F1-model_v4 Solute carrier family 11 member 1	1.550E-06	1.000	260	16	468	489	46	470	573	487	0.926	0.742
LOKIASV2_2712_ESMFold_hypothetical_protein	AF-A0A232EU36-F1-model_v4	AF-A0A232EU36-F1-model_v4 Uncharacterized protein	1.763E-06	1.000	260	14	484	489	654	1096	1178	509	0.963	0.376
LOKIASV2_2712_ESMFold_hypothetical_protein	AF-A0A5C7AY24-F1-model_v4	AF-A0A5C7AY24-F1-model_v4 Amino acid permease	2.279E-06	1.000	258	39	488	489	16	393	433	461	0.920	0.873
LOKIASV2_2712_ESMFold_hypothetical_protein	AF-A0A2R6W6U0-F1-model_v4	AF-A0A2R6W6U0-F1-model_v4 Uncharacterized protein	2.591E-06	1.000	258	2	488	489	42	487	504	527	0.996	0.885
LOKIASV2_2712_ESMFold_hypothetical_protein	AF-C3ZHQ9-F1-model_v4	AF-C3ZHQ9-F1-model_v4 Uncharacterized protein	1.920E-06	1.000	258	14	484	489	14	457	505	513	0.963	0.879
LOKIASV2_2712_ESMFold_hypothetical_protein	AF-A0A3C1WB67-F1-model_v4	AF-A0A3C1WB67-F1-model_v4 Uncharacterized protein	1.251E-06	1.000	257	24	483	489	1	511	558	578	0.941	0.916
LOKIASV2_2712_ESMFold_hypothetical_protein	AF-A0A1Q6DWN1-F1-model_v4	AF-A0A1Q6DWN1-F1-model_v4 Amino acid transporter fused to UspA-like domain	1.550E-06	1.000	256	36	487	489	10	400	404	475	0.924	0.968
LOKIASV2_2712_ESMFold_hypothetical_protein	AF-A0A7N8YIW8-F1-model_v4	AF-A0A7N8YIW8-F1-model_v4 Natural resistance-associated macrophage protein 2-like	6.366E-06	1.000	255	21	488	489	62	503	567	510	0.957	0.780
LOKIASV2_2712_ESMFold_hypothetical_protein	AF-A0A023F3Y8-F1-model_v4	AF-A0A023F3Y8-F1-model_v4 Putative mn2+ and fe2+ transporter of the nramp family	9.274E-07	1.000	255	19	484	489	36	477	571	504	0.953	0.774
LOKIASV2_2712_ESMFold_hypothetical_protein	AF-A0A336LL30-F1-model_v4	AF-A0A336LL30-F1-model_v4 CSON013689 protein	4.291E-07	1.000	254	14	488	489	47	505	988	531	0.971	0.465
LOKIASV2_2712_ESMFold_hypothetical_protein	AF-A0A2W5N2N5-F1-model_v4	AF-A0A2W5N2N5-F1-model_v4 Divalent metal cation transporter MntH	5.599E-06	1.000	253	26	487	489	32	442	450	483	0.945	0.913
LOKIASV2_2712_ESMFold_hypothetical_protein	AF-A0A564XV31-F1-model_v4	AF-A0A564XV31-F1-model_v4 Uncharacterized protein	3.350E-06	1.000	253	26	487	489	56	493	535	502	0.945	0.819
LOKIASV2_2712_ESMFold_hypothetical_protein	AF-A0A4C2ECC6-F1-model_v4	AF-A0A4C2ECC6-F1-model_v4 Manganese transporter smf1	6.366E-06	1.000	251	33	488	489	69	534	544	497	0.933	0.857
LOKIASV2_2712_ESMFold_hypothetical_protein	AF-A0A485PQU0-F1-model_v4	AF-A0A485PQU0-F1-model_v4 Natural resistance-associated macrophage protein 1	4.924E-06	1.000	251	24	482	489	67	510	584	513	0.939	0.760
LOKIASV2_2712_ESMFold_hypothetical_protein	AF-A0A0S8AXI3-F1-model_v4	AF-A0A0S8AXI3-F1-model_v4 Uncharacterized protein	1.306E-06	1.000	250	21	488	489	1	404	406	483	0.957	0.995
LOKIASV2_2712_ESMFold_hypothetical_protein	AF-A0A327HPH3-F1-model_v4	AF-A0A327HPH3-F1-model_v4 Uncharacterized protein	3.774E-07	1.000	250	29	486	489	15	434	471	494	0.937	0.892
LOKIASV2_2712_ESMFold_hypothetical_protein	AF-A4S7A4-F1-model_v4	AF-A4S7A4-F1-model_v4 Nramp family transporter: metal ion	6.935E-06	1.000	250	41	488	489	2	398	489	463	0.916	0.812
LOKIASV2_2712_ESMFold_hypothetical_protein	AF-A0A497SZZ2-F1-model_v4	AF-A0A497SZZ2-F1-model_v4 Methyltransf_11 domain-containing protein	1.010E-06	1.000	250	21	485	489	7	406	627	480	0.951	0.638
LOKIASV2_2712_ESMFold_hypothetical_protein	AF-F6WY28-F1-model_v4	AF-F6WY28-F1-model_v4 Uncharacterized protein	5.548E-07	1.000	249	5	488	489	2	446	454	520	0.990	0.980
LOKIASV2_2712_ESMFold_hypothetical_protein	AF-A0A2V3PN22-F1-model_v4	AF-A0A2V3PN22-F1-model_v4 L-asparagine transporter-like permease	1.485E-06	1.000	249	39	489	489	14	424	456	482	0.922	0.901
LOKIASV2_2712_ESMFold_hypothetical_protein	AF-A0A348B2B1-F1-model_v4	AF-A0A348B2B1-F1-model_v4 Amino acid permease	2.946E-06	1.000	249	15	489	489	2	414	471	493	0.971	0.877
LOKIASV2_2712_ESMFold_hypothetical_protein	AF-A0A0E9NPC9-F1-model_v4	AF-A0A0E9NPC9-F1-model_v4 Uncharacterized protein	1.363E-06	1.000	249	28	462	489	97	551	664	502	0.890	0.685
LOKIASV2_2712_ESMFold_hypothetical_protein	AF-A0A1Z8JKI7-F1-model_v4	AF-A0A1Z8JKI7-F1-model_v4 Uncharacterized protein	1.306E-06	1.000	247	6	489	489	69	618	623	580	0.990	0.883
LOKIASV2_2712_ESMFold_hypothetical_protein	AF-A0A3N5SN44-F1-model_v4	AF-A0A3N5SN44-F1-model_v4 APC family permease	1.564E-05	1.000	246	39	488	489	10	407	411	465	0.920	0.968
LOKIASV2_2712_ESMFold_hypothetical_protein	AF-A0A1F6NWL5-F1-model_v4	AF-A0A1F6NWL5-F1-model_v4 Uncharacterized protein	4.149E-06	1.000	246	28	485	489	1	403	429	480	0.937	0.939
LOKIASV2_2712_ESMFold_hypothetical_protein	AF-A0A7R9CCM6-F1-model_v4	AF-A0A7R9CCM6-F1-model_v4 Hypothetical protein	5.364E-06	1.000	246	5	466	489	126	535	535	491	0.945	0.766
LOKIASV2_2712_ESMFold_hypothetical_protein	AF-A0A072UZV8-F1-model_v4	AF-A0A072UZV8-F1-model_v4 NRAMP metal ion transporter 6	6.100E-06	1.000	245	24	489	489	30	421	421	486	0.953	0.931
LOKIASV2_2712_ESMFold_hypothetical_protein	AF-A0A7Z7I4J4-F1-model_v4	AF-A0A7Z7I4J4-F1-model_v4 Divalent metal cation transporter MntH	8.591E-06	1.000	245	22	489	489	88	508	508	492	0.957	0.829
LOKIASV2_2712_ESMFold_hypothetical_protein	AF-A0A538T6A6-F1-model_v4	AF-A0A538T6A6-F1-model_v4 Divalent metal cation transporter MntH	1.064E-05	1.000	245	14	488	489	257	693	813	508	0.971	0.538
LOKIASV2_2712_ESMFold_hypothetical_protein	AF-A0A4R8Q5V9-F1-model_v4	AF-A0A4R8Q5V9-F1-model_v4 Phosphatidyl-N-methylethanolamine N-methyltransferase	3.774E-07	1.000	244	35	487	489	193	645	657	507	0.926	0.689
LOKIASV2_2712_ESMFold_hypothetical_protein	AF-A0A2N5U869-F1-model_v4	AF-A0A2N5U869-F1-model_v4 Uncharacterized protein	6.873E-07	1.000	243	21	451	489	13	477	569	493	0.881	0.817
LOKIASV2_2712_ESMFold_hypothetical_protein	AF-A0A812R2R4-F1-model_v4	AF-A0A812R2R4-F1-model_v4 MntH protein	2.946E-06	1.000	243	2	487	489	358	772	785	511	0.994	0.529
LOKIASV2_2712_ESMFold_hypothetical_protein	AF-A0A259Y8X0-F1-model_v4	AF-A0A259Y8X0-F1-model_v4 Uncharacterized protein	6.366E-06	1.000	242	39	488	489	8	398	425	463	0.920	0.920
LOKIASV2_2712_ESMFold_hypothetical_protein	AF-A0A1X1J0G8-F1-model_v4	AF-A0A1X1J0G8-F1-model_v4 Divalent metal cation transporter MntH	3.649E-06	1.000	241	20	487	489	13	437	447	496	0.957	0.951
LOKIASV2_2712_ESMFold_hypothetical_protein	AF-D1BZU2-F1-model_v4	AF-D1BZU2-F1-model_v4 Amino acid permease-associated region	2.092E-06	1.000	241	35	488	489	28	437	506	480	0.928	0.810
LOKIASV2_2712_ESMFold_hypothetical_protein	AF-A0A1D2VH53-F1-model_v4	AF-A0A1D2VH53-F1-model_v4 Natural resistance-associated macrophage protein	4.479E-07	1.000	241	14	488	489	113	643	656	584	0.971	0.809
LOKIASV2_2712_ESMFold_hypothetical_protein	AF-K8EAT9-F1-model_v4	AF-K8EAT9-F1-model_v4 Manganese transport protein MntH	4.718E-06	1.000	240	9	485	489	69	501	596	511	0.975	0.727
LOKIASV2_2712_ESMFold_hypothetical_protein	AF-A0A5E8BR26-F1-model_v4	AF-A0A5E8BR26-F1-model_v4 Uncharacterized protein	1.550E-06	1.000	240	6	455	489	209	652	838	492	0.920	0.530
LOKIASV2_2712_ESMFold_hypothetical_protein	AF-A0A7C8EIV4-F1-model_v4	AF-A0A7C8EIV4-F1-model_v4 Uncharacterized protein	6.366E-06	1.000	239	1	487	489	1	437	471	515	0.996	0.928
LOKIASV2_2712_ESMFold_hypothetical_protein	AF-A0A1Y2CJQ2-F1-model_v4	AF-A0A1Y2CJQ2-F1-model_v4 Nramp-domain-containing protein	3.209E-06	1.000	238	26	489	489	27	613	614	615	0.949	0.956
LOKIASV2_2712_ESMFold_hypothetical_protein	AF-Q1MRQ7-F1-model_v4	AF-Q1MRQ7-F1-model_v4 Putative amino acid-amine transport protein	3.075E-06	1.000	237	38	488	489	5	391	423	473	0.922	0.915
LOKIASV2_2712_ESMFold_hypothetical_protein	AF-A0A6Q2YJ13-F1-model_v4	AF-A0A6Q2YJ13-F1-model_v4 Solute carrier family 7 member 9	2.183E-06	1.000	237	12	489	489	76	516	571	508	0.978	0.772
LOKIASV2_2712_ESMFold_hypothetical_protein	AF-E3NQ49-F1-model_v4	AF-E3NQ49-F1-model_v4 Uncharacterized protein	2.004E-06	1.000	237	35	486	489	4	411	1069	471	0.924	0.382
LOKIASV2_2712_ESMFold_hypothetical_protein	AF-A0A418LUP8-F1-model_v4	AF-A0A418LUP8-F1-model_v4 APC family permease	1.779E-05	1.000	236	46	486	489	3	403	414	463	0.902	0.969
LOKIASV2_2712_ESMFold_hypothetical_protein	AF-A0A0Q8VGY1-F1-model_v4	AF-A0A0Q8VGY1-F1-model_v4 Amino acid permease	2.378E-06	1.000	236	20	483	489	14	429	485	484	0.949	0.858
LOKIASV2_2712_ESMFold_hypothetical_protein	AF-A0A3D8P1E8-F1-model_v4	AF-A0A3D8P1E8-F1-model_v4 Amino acid permease	4.149E-06	1.000	235	24	485	489	1	411	440	496	0.945	0.934
LOKIASV2_2712_ESMFold_hypothetical_protein	AF-A0A7L9RSA3-F1-model_v4	AF-A0A7L9RSA3-F1-model_v4 Arginine/agmatine antiporter	3.075E-06	1.000	234	39	485	489	12	403	434	470	0.914	0.903
LOKIASV2_2712_ESMFold_hypothetical_protein	AF-A0A6G6WQN7-F1-model_v4	AF-A0A6G6WQN7-F1-model_v4 Amino acid permease	4.520E-06	1.000	234	38	486	489	26	430	467	478	0.918	0.867
LOKIASV2_2712_ESMFold_hypothetical_protein	AF-A0A7K0BPR3-F1-model_v4	AF-A0A7K0BPR3-F1-model_v4 Uncharacterized protein	7.239E-06	1.000	234	39	485	489	21	422	474	473	0.914	0.848
LOKIASV2_2712_ESMFold_hypothetical_protein	AF-A0A504YVK6-F1-model_v4	AF-A0A504YVK6-F1-model_v4 Large neutral amino acids transporter small	8.885E-07	1.000	234	5	488	489	30	486	533	528	0.990	0.857
LOKIASV2_2712_ESMFold_hypothetical_protein	AF-A0A7X9APZ8-F1-model_v4	AF-A0A7X9APZ8-F1-model_v4 Amino acid permease	2.092E-06	1.000	233	37	485	489	11	422	466	483	0.918	0.884
LOKIASV2_2712_ESMFold_hypothetical_protein	AF-A0A2R2W7V0-F1-model_v4	AF-A0A2R2W7V0-F1-model_v4 Putative amino acid permease YhdG	2.279E-06	1.000	233	24	485	489	2	428	505	496	0.945	0.846
LOKIASV2_2712_ESMFold_hypothetical_protein	AF-E5LFQ8-F1-model_v4	AF-E5LFQ8-F1-model_v4 Ethylene insensitive	2.400E-05	1.000	233	32	488	489	1	406	1275	473	0.935	0.318
LOKIASV2_2712_ESMFold_hypothetical_protein	AF-A0A7C3DCS8-F1-model_v4	AF-A0A7C3DCS8-F1-model_v4 Uncharacterized protein	9.359E-06	1.000	232	2	483	489	26	445	458	518	0.986	0.917
LOKIASV2_2712_ESMFold_hypothetical_protein	AF-A0A4Q3G4D2-F1-model_v4	AF-A0A4Q3G4D2-F1-model_v4 Amino acid permease	6.645E-06	1.000	232	5	486	489	94	538	583	521	0.986	0.763
LOKIASV2_2712_ESMFold_hypothetical_protein	AF-A0A1R4A5A6-F1-model_v4	AF-A0A1R4A5A6-F1-model_v4 APC superfamily transporter	2.704E-06	1.000	231	36	489	489	5	392	435	477	0.928	0.892
LOKIASV2_2712_ESMFold_hypothetical_protein	AF-K6FEI1-F1-model_v4	AF-K6FEI1-F1-model_v4 Spore germination protein	2.615E-05	1.000	230	42	485	489	14	404	428	459	0.908	0.914
LOKIASV2_2712_ESMFold_hypothetical_protein	AF-A0A6G1QRW9-F1-model_v4	AF-A0A6G1QRW9-F1-model_v4 Cystine/glutamate transporter	2.482E-06	1.000	230	42	489	489	21	418	475	472	0.916	0.838
LOKIASV2_2712_ESMFold_hypothetical_protein	AF-A0A1L8DEK5-F1-model_v4	AF-A0A1L8DEK5-F1-model_v4 Putative amino acid transporter	2.946E-06	1.000	230	39	485	489	58	454	514	465	0.914	0.772
LOKIASV2_2712_ESMFold_hypothetical_protein	AF-A0A0F8C6K8-F1-model_v4	AF-A0A0F8C6K8-F1-model_v4 Asc-type amino acid transporter 1	3.649E-06	1.000	230	20	488	489	220	636	716	491	0.959	0.582
LOKIASV2_2712_ESMFold_hypothetical_protein	AF-A0A2D7MTT3-F1-model_v4	AF-A0A2D7MTT3-F1-model_v4 Amino acid permease	4.924E-06	1.000	229	39	489	489	6	407	426	482	0.922	0.944
LOKIASV2_2712_ESMFold_hypothetical_protein	AF-A0A259DEC7-F1-model_v4	AF-A0A259DEC7-F1-model_v4 Uncharacterized protein	5.844E-06	1.000	229	26	488	489	7	398	435	482	0.947	0.901
LOKIASV2_2712_ESMFold_hypothetical_protein	AF-F6U4A3-F1-model_v4	AF-F6U4A3-F1-model_v4 Solute carrier family 7 member 13	5.599E-06	1.000	229	20	488	489	58	486	551	503	0.959	0.779
LOKIASV2_2712_ESMFold_hypothetical_protein	AF-V5WEE0-F1-model_v4	AF-V5WEE0-F1-model_v4 PTS EIIA type-2 domain-containing protein	3.350E-06	1.000	229	39	486	489	22	430	649	494	0.916	0.630
LOKIASV2_2712_ESMFold_hypothetical_protein	AF-A0A2R6BX77-F1-model_v4	AF-A0A2R6BX77-F1-model_v4 Uncharacterized protein	4.331E-06	1.000	228	39	484	489	21	420	483	479	0.912	0.828
LOKIASV2_2712_ESMFold_hypothetical_protein	AF-A0A7W0UFZ8-F1-model_v4	AF-A0A7W0UFZ8-F1-model_v4 APC family permease	4.149E-06	1.000	227	38	488	489	15	423	456	480	0.922	0.897
LOKIASV2_2712_ESMFold_hypothetical_protein	AF-A0A2A2Z4B4-F1-model_v4	AF-A0A2A2Z4B4-F1-model_v4 Amino acid transporter	5.599E-06	1.000	227	36	486	489	2	409	466	481	0.922	0.876
LOKIASV2_2712_ESMFold_hypothetical_protein	AF-A0A0H3YK27-F1-model_v4	AF-A0A0H3YK27-F1-model_v4 Slc7a-4	4.924E-06	1.000	227	2	488	489	19	450	484	515	0.996	0.893
LOKIASV2_2712_ESMFold_hypothetical_protein	AF-A0A838G3B1-F1-model_v4	AF-A0A838G3B1-F1-model_v4 APC family permease	2.482E-06	1.000	227	21	483	489	13	433	485	490	0.947	0.868
LOKIASV2_2712_ESMFold_hypothetical_protein	AF-A0A496PZN7-F1-model_v4	AF-A0A496PZN7-F1-model_v4 Uncharacterized protein	4.718E-06	1.000	227	32	484	489	24	519	555	561	0.926	0.894
LOKIASV2_2712_ESMFold_hypothetical_protein	AF-A0A8B5X5K2-F1-model_v4	AF-A0A8B5X5K2-F1-model_v4 Amino acid permease	1.020E-05	1.000	226	39	488	489	16	405	409	485	0.920	0.954
LOKIASV2_2712_ESMFold_hypothetical_protein	AF-A0A2E7ERP7-F1-model_v4	AF-A0A2E7ERP7-F1-model_v4 Uncharacterized protein	4.331E-06	1.000	226	35	483	489	4	404	461	476	0.918	0.870
LOKIASV2_2712_ESMFold_hypothetical_protein	AF-A5DP89-F1-model_v4	AF-A5DP89-F1-model_v4 Uncharacterized protein	2.004E-06	1.000	226	32	455	489	13	456	624	478	0.867	0.712
LOKIASV2_2712_ESMFold_hypothetical_protein	AF-A0A7C2YR24-F1-model_v4	AF-A0A7C2YR24-F1-model_v4 Divalent metal cation transporter MntH	1.436E-05	1.000	226	14	484	489	18	428	631	488	0.963	0.651
LOKIASV2_2712_ESMFold_hypothetical_protein	AF-A0A3P8VU66-F1-model_v4	AF-A0A3P8VU66-F1-model_v4 B(0,+)-type amino acid transporter 1-like	4.924E-06	1.000	225	20	489	489	41	467	522	505	0.961	0.818
LOKIASV2_2712_ESMFold_hypothetical_protein	AF-A0A194XIW6-F1-model_v4	AF-A0A194XIW6-F1-model_v4 Amino acid transporter	5.140E-06	1.000	224	24	488	489	14	451	478	505	0.951	0.916
LOKIASV2_2712_ESMFold_hypothetical_protein	AF-A0A0R3TUI0-F1-model_v4	AF-A0A0R3TUI0-F1-model_v4 Uncharacterized protein	5.364E-06	1.000	224	24	488	489	25	445	529	496	0.951	0.796
LOKIASV2_2712_ESMFold_hypothetical_protein	AF-A0A1Y2DCD5-F1-model_v4	AF-A0A1Y2DCD5-F1-model_v4 Amino acid permease/ SLC12A domain-containing protein	3.380E-05	1.000	223	42	488	489	8	425	433	484	0.914	0.965
LOKIASV2_2712_ESMFold_hypothetical_protein	AF-A0A1F3ZSJ0-F1-model_v4	AF-A0A1F3ZSJ0-F1-model_v4 Uncharacterized protein	1.159E-05	1.000	223	43	488	489	12	415	450	468	0.912	0.898
LOKIASV2_2712_ESMFold_hypothetical_protein	AF-A0A1W9GXN6-F1-model_v4	AF-A0A1W9GXN6-F1-model_v4 Amino acid permease	6.935E-06	1.000	223	21	486	489	2	432	477	498	0.953	0.904
LOKIASV2_2712_ESMFold_hypothetical_protein	AF-A0A535E5U2-F1-model_v4	AF-A0A535E5U2-F1-model_v4 APC family permease	1.149E-06	1.000	223	38	483	489	19	423	481	480	0.912	0.842
LOKIASV2_2712_ESMFold_hypothetical_protein	AF-A0A6A6FHH0-F1-model_v4	AF-A0A6A6FHH0-F1-model_v4 Uncharacterized protein	6.645E-06	1.000	223	39	485	489	84	490	561	467	0.914	0.725
LOKIASV2_2712_ESMFold_hypothetical_protein	AF-A0A1L0B3V5-F1-model_v4	AF-A0A1L0B3V5-F1-model_v4 Related to General amino acid permease AGP1	2.946E-06	1.000	223	2	485	489	33	475	566	521	0.990	0.783
LOKIASV2_2712_ESMFold_hypothetical_protein	AF-A0A2Z3KLZ8-F1-model_v4	AF-A0A2Z3KLZ8-F1-model_v4 Amino acid permease	2.111E-05	1.000	222	42	485	489	12	405	436	461	0.908	0.904
LOKIASV2_2712_ESMFold_hypothetical_protein	AF-A0A849DYK0-F1-model_v4	AF-A0A849DYK0-F1-model_v4 Amino acid permease	1.704E-05	1.000	222	38	483	489	13	403	441	468	0.912	0.887
LOKIASV2_2712_ESMFold_hypothetical_protein	AF-A0A258MXJ5-F1-model_v4	AF-A0A258MXJ5-F1-model_v4 Amino acid transporter	1.423E-06	1.000	222	42	487	489	14	438	485	490	0.912	0.876
LOKIASV2_2712_ESMFold_hypothetical_protein	AF-A0A674CC64-F1-model_v4	AF-A0A674CC64-F1-model_v4 B(0,+)-type amino acid transporter 1-like	6.100E-06	1.000	222	24	488	489	16	435	502	494	0.951	0.837
LOKIASV2_2712_ESMFold_hypothetical_protein	AF-A0A4R6EW21-F1-model_v4	AF-A0A4R6EW21-F1-model_v4 NRAMP (Natural resistance-associated macrophage protein)-like metal ion transporter	5.140E-06	1.000	222	5	486	489	89	504	507	507	0.986	0.821
LOKIASV2_2712_ESMFold_hypothetical_protein	AF-A0A0X8HWG0-F1-model_v4	AF-A0A0X8HWG0-F1-model_v4 HHL009Wp	6.366E-06	1.000	222	20	489	489	35	543	548	566	0.961	0.929
LOKIASV2_2712_ESMFold_hypothetical_protein	AF-A0A484IBK9-F1-model_v4	AF-A0A484IBK9-F1-model_v4 Putative amino acid permease YhdG	2.279E-06	1.000	221	39	486	489	20	419	449	483	0.916	0.891
LOKIASV2_2712_ESMFold_hypothetical_protein	AF-G3PPW0-F1-model_v4	AF-G3PPW0-F1-model_v4 Solute carrier family 7 member 10a	8.591E-06	1.000	221	2	488	489	20	443	499	519	0.996	0.850
LOKIASV2_2712_ESMFold_hypothetical_protein	AF-A0A131Z1W8-F1-model_v4	AF-A0A131Z1W8-F1-model_v4 Amino acid transporter	5.140E-06	1.000	221	39	488	489	63	467	534	480	0.920	0.758
LOKIASV2_2712_ESMFold_hypothetical_protein	AF-S9XB09-F1-model_v4	AF-S9XB09-F1-model_v4 Y+L amino acid transporter 1	1.550E-06	1.000	221	5	482	489	116	561	638	527	0.978	0.699
LOKIASV2_2712_ESMFold_hypothetical_protein	AF-A0A2E7MTD0-F1-model_v4	AF-A0A2E7MTD0-F1-model_v4 Amino acid transporter	3.239E-05	1.000	220	39	452	489	17	367	373	430	0.847	0.941
LOKIASV2_2712_ESMFold_hypothetical_protein	AF-H3KCC7-F1-model_v4	AF-H3KCC7-F1-model_v4 Putrescine transporter	2.203E-05	1.000	220	40	483	489	8	403	443	476	0.908	0.894
LOKIASV2_2712_ESMFold_hypothetical_protein	AF-A0A226N2R7-F1-model_v4	AF-A0A226N2R7-F1-model_v4 Uncharacterized protein	1.210E-05	1.000	220	24	488	489	13	439	515	501	0.951	0.829
LOKIASV2_2712_ESMFold_hypothetical_protein	AF-A0A2X5PFF7-F1-model_v4	AF-A0A2X5PFF7-F1-model_v4 L-aspartate transporter	3.496E-06	1.000	220	39	485	489	12	420	520	478	0.914	0.787
LOKIASV2_2712_ESMFold_hypothetical_protein	AF-A0A657BFA1-F1-model_v4	AF-A0A657BFA1-F1-model_v4 Amino acid permease	9.768E-06	1.000	219	9	480	489	4	405	409	497	0.965	0.983
LOKIASV2_2712_ESMFold_hypothetical_protein	AF-A0A350ISN1-F1-model_v4	AF-A0A350ISN1-F1-model_v4 Uncharacterized protein	5.140E-06	1.000	219	24	489	489	7	456	512	527	0.953	0.879
LOKIASV2_2712_ESMFold_hypothetical_protein	AF-A7S153-F1-model_v4	AF-A7S153-F1-model_v4 Predicted protein	7.239E-06	1.000	218	21	485	489	2	443	473	506	0.951	0.934
LOKIASV2_2712_ESMFold_hypothetical_protein	AF-A0A1B7TJC5-F1-model_v4	AF-A0A1B7TJC5-F1-model_v4 Natural resistance-associated macrophage protein	1.263E-05	1.000	218	2	462	489	20	424	531	491	0.943	0.763
LOKIASV2_2712_ESMFold_hypothetical_protein	AF-A0A7V3EKW4-F1-model_v4	AF-A0A7V3EKW4-F1-model_v4 Uncharacterized protein	1.376E-05	1.000	218	27	484	489	103	552	568	504	0.937	0.792
LOKIASV2_2712_ESMFold_hypothetical_protein	AF-A0A7V2IKH5-F1-model_v4	AF-A0A7V2IKH5-F1-model_v4 Amino acid permease	5.844E-06	1.000	218	18	486	489	2	406	627	488	0.959	0.646
LOKIASV2_2712_ESMFold_hypothetical_protein	AF-A0A7T9DKN1-F1-model_v4	AF-A0A7T9DKN1-F1-model_v4 Amino acid permease	4.187E-05	1.000	217	38	489	489	9	401	423	479	0.924	0.929
LOKIASV2_2712_ESMFold_hypothetical_protein	AF-A0A2A5RYV4-F1-model_v4	AF-A0A2A5RYV4-F1-model_v4 Amino acid transporter	4.718E-06	1.000	217	37	485	489	7	413	454	481	0.918	0.896
LOKIASV2_2712_ESMFold_hypothetical_protein	AF-F1SCU8-F1-model_v4	AF-F1SCU8-F1-model_v4 Uncharacterized protein	9.359E-06	1.000	217	38	489	489	3	406	460	484	0.924	0.878
LOKIASV2_2712_ESMFold_hypothetical_protein	AF-A0A7C0VD60-F1-model_v4	AF-A0A7C0VD60-F1-model_v4 Amino acid permease	1.436E-05	1.000	217	39	486	489	9	396	552	469	0.916	0.703
LOKIASV2_2712_ESMFold_hypothetical_protein	AF-A0A3D5E409-F1-model_v4	AF-A0A3D5E409-F1-model_v4 Amino acid transporter	1.111E-05	1.000	217	39	486	489	11	418	747	477	0.916	0.546
LOKIASV2_2712_ESMFold_hypothetical_protein	AF-L0AAY3-F1-model_v4	AF-L0AAY3-F1-model_v4 Purine-cytosine permease-like transporter	9.768E-06	1.000	216	21	481	489	1	427	439	510	0.943	0.973
LOKIASV2_2712_ESMFold_hypothetical_protein	AF-A0A1I3D8P4-F1-model_v4	AF-A0A1I3D8P4-F1-model_v4 Amino acid transporter	2.111E-05	1.000	216	15	483	489	7	430	482	497	0.959	0.880
LOKIASV2_2712_ESMFold_hypothetical_protein	AF-A0A7G5LWY1-F1-model_v4	AF-A0A7G5LWY1-F1-model_v4 Amino acid permease	6.935E-06	1.000	216	36	486	489	80	488	555	481	0.922	0.737
LOKIASV2_2712_ESMFold_hypothetical_protein	AF-A0A844Y5M1-F1-model_v4	AF-A0A844Y5M1-F1-model_v4 Amino acid permease	3.528E-05	1.000	215	43	464	489	16	383	383	432	0.863	0.961
LOKIASV2_2712_ESMFold_hypothetical_protein	AF-A0A657LYZ9-F1-model_v4	AF-A0A657LYZ9-F1-model_v4 Amino acid permease	7.239E-06	1.000	215	21	483	489	10	415	455	483	0.947	0.892
LOKIASV2_2712_ESMFold_hypothetical_protein	AF-D2S6U7-F1-model_v4	AF-D2S6U7-F1-model_v4 Amino acid permease-associated region	4.149E-06	1.000	215	36	488	489	18	428	484	471	0.926	0.849
LOKIASV2_2712_ESMFold_hypothetical_protein	AF-A0A0D3F096-F1-model_v4	AF-A0A0D3F096-F1-model_v4 Uncharacterized protein	3.496E-06	1.000	215	6	488	489	60	471	556	511	0.988	0.741
LOKIASV2_2712_ESMFold_hypothetical_protein	AF-A0A4E0R7N9-F1-model_v4	AF-A0A4E0R7N9-F1-model_v4 Large neutral amino acids transporter small	5.844E-06	1.000	215	14	488	489	182	628	670	523	0.971	0.667
LOKIASV2_2712_ESMFold_hypothetical_protein	AF-A0A3Q2H589-F1-model_v4	AF-A0A3Q2H589-F1-model_v4 Solute carrier family 7 member 13-like	1.064E-05	1.000	214	26	478	489	2	409	446	479	0.926	0.915
LOKIASV2_2712_ESMFold_hypothetical_protein	AF-A0A077AYF7-F1-model_v4	AF-A0A077AYF7-F1-model_v4 Uncharacterized protein	8.591E-06	1.000	214	24	485	489	5	406	447	493	0.945	0.899
LOKIASV2_2712_ESMFold_hypothetical_protein	AF-A0A2X0LWR3-F1-model_v4	AF-A0A2X0LWR3-F1-model_v4 BQ5605_C018g08683 protein	8.231E-06	1.000	214	24	482	489	41	496	717	520	0.939	0.636
LOKIASV2_2712_ESMFold_hypothetical_protein	AF-A0A3Q9IFL3-F1-model_v4	AF-A0A3Q9IFL3-F1-model_v4 Amino acid permease	2.203E-05	1.000	213	38	485	489	11	405	433	471	0.916	0.912
LOKIASV2_2712_ESMFold_hypothetical_protein	AF-A0A7W8FMM0-F1-model_v4	AF-A0A7W8FMM0-F1-model_v4 Amino acid transporter	4.187E-05	1.000	213	42	486	489	13	391	433	467	0.910	0.875
LOKIASV2_2712_ESMFold_hypothetical_protein	AF-A0A2N9NGW0-F1-model_v4	AF-A0A2N9NGW0-F1-model_v4 Gamma-aminobutyrate permease	1.170E-04	1.000	213	10	485	489	3	399	435	486	0.973	0.913
LOKIASV2_2712_ESMFold_hypothetical_protein	AF-A0A7Y2QU48-F1-model_v4	AF-A0A7Y2QU48-F1-model_v4 APC family permease	3.350E-06	1.000	213	37	483	489	26	426	479	472	0.914	0.837
LOKIASV2_2712_ESMFold_hypothetical_protein	AF-A0A7K1K8V2-F1-model_v4	AF-A0A7K1K8V2-F1-model_v4 APC family permease	2.591E-06	1.000	213	39	488	489	18	450	483	496	0.920	0.896
LOKIASV2_2712_ESMFold_hypothetical_protein	AF-G1SP18-F1-model_v4	AF-G1SP18-F1-model_v4 b(0,+)-type amino acid transporter 1	7.239E-06	1.000	213	39	489	489	32	431	533	478	0.922	0.750
LOKIASV2_2712_ESMFold_hypothetical_protein	AF-B5JLP5-F1-model_v4	AF-B5JLP5-F1-model_v4 Uncharacterized protein	2.004E-06	1.000	213	32	482	489	24	518	562	545	0.922	0.881
LOKIASV2_2712_ESMFold_hypothetical_protein	AF-A0A5A7Y680-F1-model_v4	AF-A0A5A7Y680-F1-model_v4 APC family permease	4.149E-06	1.000	213	21	485	489	61	501	594	513	0.951	0.742
LOKIASV2_2712_ESMFold_hypothetical_protein	AF-X0PIT4-F1-model_v4	AF-X0PIT4-F1-model_v4 AA_permease domain-containing protein	1.210E-05	1.000	212	24	472	489	20	421	422	477	0.918	0.953
LOKIASV2_2712_ESMFold_hypothetical_protein	AF-A0A420CY85-F1-model_v4	AF-A0A420CY85-F1-model_v4 Amino acid/polyamine/organocation transporter (APC superfamily)	9.359E-06	1.000	212	35	486	489	33	438	481	483	0.924	0.844
LOKIASV2_2712_ESMFold_hypothetical_protein	AF-T1FS91-F1-model_v4	AF-T1FS91-F1-model_v4 Uncharacterized protein	2.400E-05	1.000	212	39	489	489	30	433	487	473	0.922	0.830
LOKIASV2_2712_ESMFold_hypothetical_protein	AF-A0A0Q5ATD1-F1-model_v4	AF-A0A0Q5ATD1-F1-model_v4 Uncharacterized protein	2.300E-05	1.000	212	37	488	489	23	432	490	486	0.924	0.837
LOKIASV2_2712_ESMFold_hypothetical_protein	AF-A0A7C3PAC8-F1-model_v4	AF-A0A7C3PAC8-F1-model_v4 Amino acid permease	2.022E-05	1.000	212	5	488	489	56	475	513	508	0.990	0.819
LOKIASV2_2712_ESMFold_hypothetical_protein	AF-A0A7M7JQD6-F1-model_v4	AF-A0A7M7JQD6-F1-model_v4 Uncharacterized protein	1.263E-05	1.000	212	20	485	489	36	464	525	504	0.953	0.817
LOKIASV2_2712_ESMFold_hypothetical_protein	AF-A0A7K3WDQ7-F1-model_v4	AF-A0A7K3WDQ7-F1-model_v4 Amino acid permease	1.210E-05	1.000	212	36	486	489	74	485	543	480	0.922	0.759
LOKIASV2_2712_ESMFold_hypothetical_protein	AF-A0A3N4J8T1-F1-model_v4	AF-A0A3N4J8T1-F1-model_v4 Amino acid transporter	1.064E-05	1.000	212	38	485	489	31	459	544	494	0.916	0.789
LOKIASV2_2712_ESMFold_hypothetical_protein	AF-A0A7J3C6Q0-F1-model_v4	AF-A0A7J3C6Q0-F1-model_v4 APC family permease	2.505E-05	1.000	212	37	486	489	24	435	547	478	0.920	0.753
LOKIASV2_2712_ESMFold_hypothetical_protein	AF-A0A6G0Y7V7-F1-model_v4	AF-A0A6G0Y7V7-F1-model_v4 B(0,+)-type amino acid transporter 1 isoform X1	1.779E-05	1.000	212	20	489	489	22	456	550	501	0.961	0.791
LOKIASV2_2712_ESMFold_hypothetical_protein	AF-A1R7Q6-F1-model_v4	AF-A1R7Q6-F1-model_v4 Putative amino acid permease	1.064E-05	1.000	212	20	488	489	97	537	590	512	0.959	0.747
LOKIASV2_2712_ESMFold_hypothetical_protein	AF-N0BIC8-F1-model_v4	AF-N0BIC8-F1-model_v4 Gamma-aminobutyrate permease-related permease	2.111E-05	1.000	211	22	482	489	4	408	441	493	0.943	0.918
LOKIASV2_2712_ESMFold_hypothetical_protein	AF-A0A535NSQ9-F1-model_v4	AF-A0A535NSQ9-F1-model_v4 APC family permease	7.239E-06	1.000	211	38	484	489	20	424	463	483	0.914	0.875
LOKIASV2_2712_ESMFold_hypothetical_protein	AF-A0A665VAE2-F1-model_v4	AF-A0A665VAE2-F1-model_v4 Asc-type amino acid transporter 1-like	1.633E-05	1.000	211	41	488	489	1	400	470	477	0.916	0.851
LOKIASV2_2712_ESMFold_hypothetical_protein	AF-A0A7I7Y5G3-F1-model_v4	AF-A0A7I7Y5G3-F1-model_v4 Amino acid permease	1.210E-05	1.000	211	14	488	489	8	433	489	501	0.971	0.871
LOKIASV2_2712_ESMFold_hypothetical_protein	AF-A0A2G3J7V8-F1-model_v4	AF-A0A2G3J7V8-F1-model_v4 HAAAP family serine/threonine permease	1.263E-05	1.000	210	14	481	489	3	429	433	504	0.957	0.986
LOKIASV2_2712_ESMFold_hypothetical_protein	AF-A0A535ZTB1-F1-model_v4	AF-A0A535ZTB1-F1-model_v4 APC family permease	1.318E-05	1.000	210	24	488	489	3	435	482	505	0.951	0.898
LOKIASV2_2712_ESMFold_hypothetical_protein	AF-G1NGN2-F1-model_v4	AF-G1NGN2-F1-model_v4 Uncharacterized protein	1.159E-05	1.000	210	24	488	489	4	429	488	497	0.951	0.873
LOKIASV2_2712_ESMFold_hypothetical_protein	AF-A0A3D5DVZ5-F1-model_v4	AF-A0A3D5DVZ5-F1-model_v4 APC family permease	1.564E-05	1.000	210	13	489	489	23	446	493	517	0.975	0.860
LOKIASV2_2712_ESMFold_hypothetical_protein	AF-A0A2P7AE51-F1-model_v4	AF-A0A2P7AE51-F1-model_v4 Amino acid permease	3.239E-05	1.000	210	2	486	489	5	439	525	510	0.992	0.829
LOKIASV2_2712_ESMFold_hypothetical_protein	AF-A0A7V2UB02-F1-model_v4	AF-A0A7V2UB02-F1-model_v4 Uncharacterized protein	8.669E-05	1.000	210	30	489	489	104	524	533	488	0.941	0.790
LOKIASV2_2712_ESMFold_hypothetical_protein	AF-A0A6G1S9P9-F1-model_v4	AF-A0A6G1S9P9-F1-model_v4 B(0,+)-type amino acid transporter 1	8.591E-06	1.000	210	2	489	489	58	494	550	522	0.998	0.795
LOKIASV2_2712_ESMFold_hypothetical_protein	AF-M2MJ86-F1-model_v4	AF-M2MJ86-F1-model_v4 Uncharacterized protein	5.844E-06	1.000	210	21	488	489	93	552	609	534	0.957	0.755
LOKIASV2_2712_ESMFold_hypothetical_protein	AF-A0A1B2JAW3-F1-model_v4	AF-A0A1B2JAW3-F1-model_v4 BA75_03302T0	9.768E-06	1.000	210	1	485	489	159	672	756	573	0.992	0.680
LOKIASV2_2712_ESMFold_hypothetical_protein	AF-A0A4U0YIK7-F1-model_v4	AF-A0A4U0YIK7-F1-model_v4 Amino acid permease	1.436E-05	1.000	209	20	485	489	9	417	425	484	0.953	0.962
LOKIASV2_2712_ESMFold_hypothetical_protein	AF-A0A662C7I2-F1-model_v4	AF-A0A662C7I2-F1-model_v4 Amino acid permease	4.370E-05	1.000	209	36	489	489	11	410	439	473	0.928	0.911
LOKIASV2_2712_ESMFold_hypothetical_protein	AF-A0A3P8VDR7-F1-model_v4	AF-A0A3P8VDR7-F1-model_v4 Asc-type amino acid transporter 1	4.331E-06	1.000	209	1	488	489	1	461	531	536	0.998	0.868
LOKIASV2_2712_ESMFold_hypothetical_protein	AF-A0A2R6KFR6-F1-model_v4	AF-A0A2R6KFR6-F1-model_v4 Uncharacterized protein	2.615E-05	1.000	208	44	485	489	17	401	427	466	0.904	0.902
LOKIASV2_2712_ESMFold_hypothetical_protein	AF-A0A4R7B2Q8-F1-model_v4	AF-A0A4R7B2Q8-F1-model_v4 Cadaverine:lysine antiporter	6.999E-05	1.000	208	37	486	489	10	398	440	461	0.920	0.884
LOKIASV2_2712_ESMFold_hypothetical_protein	AF-A0A6N7YP86-F1-model_v4	AF-A0A6N7YP86-F1-model_v4 Amino acid permease	7.886E-06	1.000	208	37	487	489	24	434	505	479	0.922	0.814
LOKIASV2_2712_ESMFold_hypothetical_protein	AF-A0A1W7AB05-F1-model_v4	AF-A0A1W7AB05-F1-model_v4 Lysine-specific permease	5.599E-06	1.000	208	5	483	489	29	476	527	519	0.980	0.850
LOKIASV2_2712_ESMFold_hypothetical_protein	AF-A0A7C9VXI1-F1-model_v4	AF-A0A7C9VXI1-F1-model_v4 Amino acid permease	6.366E-06	1.000	207	38	486	489	7	411	464	486	0.918	0.873
LOKIASV2_2712_ESMFold_hypothetical_protein	AF-A0A0D8DIN0-F1-model_v4	AF-A0A0D8DIN0-F1-model_v4 Amino acid transporter	3.844E-05	1.000	207	17	489	489	3	418	467	502	0.967	0.891
LOKIASV2_2712_ESMFold_hypothetical_protein	AF-A0A4P6ZKI1-F1-model_v4	AF-A0A4P6ZKI1-F1-model_v4 APC family permease	3.528E-05	1.000	206	39	485	489	10	411	447	472	0.914	0.899
LOKIASV2_2712_ESMFold_hypothetical_protein	AF-A0A8B6M573-F1-model_v4	AF-A0A8B6M573-F1-model_v4 Amino acid transporter	5.650E-05	1.000	206	38	485	489	18	413	451	469	0.916	0.878
LOKIASV2_2712_ESMFold_hypothetical_protein	AF-A0A0R1VQE3-F1-model_v4	AF-A0A0R1VQE3-F1-model_v4 Amino acid transporter	1.938E-05	1.000	206	38	489	489	3	415	487	481	0.924	0.848
LOKIASV2_2712_ESMFold_hypothetical_protein	AF-A0A3M6UBU3-F1-model_v4	AF-A0A3M6UBU3-F1-model_v4 Uncharacterized protein	8.967E-06	1.000	206	2	485	489	47	466	497	509	0.990	0.845
LOKIASV2_2712_ESMFold_hypothetical_protein	AF-A0A066Z0E6-F1-model_v4	AF-A0A066Z0E6-F1-model_v4 Amino acid permease	2.848E-05	1.000	206	24	486	489	5	442	498	504	0.947	0.880
LOKIASV2_2712_ESMFold_hypothetical_protein	AF-A0A5N5WZB0-F1-model_v4	AF-A0A5N5WZB0-F1-model_v4 Amino acid transporter	3.239E-05	1.000	206	35	486	489	40	462	511	485	0.924	0.828
LOKIASV2_2712_ESMFold_hypothetical_protein	AF-A0A368N976-F1-model_v4	AF-A0A368N976-F1-model_v4 Amino acid transporter	4.012E-05	1.000	206	39	489	489	45	451	742	472	0.922	0.549
LOKIASV2_2712_ESMFold_hypothetical_protein	AF-A0A349N0F7-F1-model_v4	AF-A0A349N0F7-F1-model_v4 Putrescine transporter	8.306E-05	1.000	205	12	486	489	2	405	438	490	0.971	0.922
LOKIASV2_2712_ESMFold_hypothetical_protein	AF-K5BDN1-F1-model_v4	AF-K5BDN1-F1-model_v4 Amino acid permease family protein	9.768E-06	1.000	205	18	486	489	8	429	476	502	0.959	0.887
LOKIASV2_2712_ESMFold_hypothetical_protein	AF-A0A060ZC91-F1-model_v4	AF-A0A060ZC91-F1-model_v4 Amino acid permease-associated region	3.239E-05	1.000	205	35	486	489	4	418	501	480	0.924	0.828
LOKIASV2_2712_ESMFold_hypothetical_protein	AF-A0A756I7K3-F1-model_v4	AF-A0A756I7K3-F1-model_v4 Amino acid permease	1.029E-04	1.000	204	39	481	489	16	407	408	468	0.906	0.961
LOKIASV2_2712_ESMFold_hypothetical_protein	AF-A0A4S2VND9-F1-model_v4	AF-A0A4S2VND9-F1-model_v4 APC family permease	1.020E-05	1.000	204	38	482	489	21	432	511	475	0.910	0.806
LOKIASV2_2712_ESMFold_hypothetical_protein	AF-A0A1Y1Z936-F1-model_v4	AF-A0A1Y1Z936-F1-model_v4 Amino acid permease-domain-containing protein	2.505E-05	1.000	204	20	485	489	122	570	690	506	0.953	0.651
LOKIASV2_2712_ESMFold_hypothetical_protein	AF-A0A3N0XUF7-F1-model_v4	AF-A0A3N0XUF7-F1-model_v4 Y+L amino acid transporter 2	5.599E-06	1.000	204	5	482	489	520	944	1008	519	0.978	0.422
LOKIASV2_2712_ESMFold_hypothetical_protein	AF-A0A401J339-F1-model_v4	AF-A0A401J339-F1-model_v4 Uncharacterized protein	2.022E-05	1.000	203	36	486	489	8	413	465	491	0.922	0.873
LOKIASV2_2712_ESMFold_hypothetical_protein	AF-A0A7K7VDJ6-F1-model_v4	AF-A0A7K7VDJ6-F1-model_v4 S7A13 protein	4.370E-05	1.000	203	28	488	489	1	419	478	494	0.943	0.877
LOKIASV2_2712_ESMFold_hypothetical_protein	AF-A0A7Y6CRK5-F1-model_v4	AF-A0A7Y6CRK5-F1-model_v4 APC family permease	7.555E-06	1.000	203	20	483	489	7	405	496	484	0.949	0.804
LOKIASV2_2712_ESMFold_hypothetical_protein	AF-A0A3P8S462-F1-model_v4	AF-A0A3P8S462-F1-model_v4 Solute carrier family 7 member 8a	4.761E-05	1.000	203	39	488	489	35	436	522	471	0.920	0.770
LOKIASV2_2712_ESMFold_hypothetical_protein	AF-A0A7J2NG56-F1-model_v4	AF-A0A7J2NG56-F1-model_v4 Amino acid permease	1.436E-05	1.000	203	20	488	489	4	434	675	501	0.959	0.639
LOKIASV2_2712_ESMFold_hypothetical_protein	AF-A0A7Y2IN55-F1-model_v4	AF-A0A7Y2IN55-F1-model_v4 APC family permease	1.020E-05	1.000	202	42	486	489	13	398	446	473	0.910	0.865
LOKIASV2_2712_ESMFold_hypothetical_protein	AF-A0A839T0R4-F1-model_v4	AF-A0A839T0R4-F1-model_v4 Amino acid transporter	7.239E-06	1.000	202	21	482	489	4	423	483	501	0.945	0.870
LOKIASV2_2712_ESMFold_hypothetical_protein	AF-A0A2T3BC50-F1-model_v4	AF-A0A2T3BC50-F1-model_v4 Uncharacterized protein	5.187E-05	1.000	202	21	485	489	3	472	533	525	0.951	0.882
LOKIASV2_2712_ESMFold_hypothetical_protein	AF-A0A2N5VZP2-F1-model_v4	AF-A0A2N5VZP2-F1-model_v4 Uncharacterized protein	2.004E-06	1.000	202	32	451	489	26	473	565	490	0.859	0.793
LOKIASV2_2712_ESMFold_hypothetical_protein	AF-A0A6A6XG81-F1-model_v4	AF-A0A6A6XG81-F1-model_v4 Uncharacterized protein	2.973E-05	1.000	202	24	485	489	143	577	662	498	0.945	0.657
LOKIASV2_2712_ESMFold_hypothetical_protein	AF-A0A2W1N340-F1-model_v4	AF-A0A2W1N340-F1-model_v4 Amino acid transporter	2.400E-05	1.000	201	40	488	489	13	393	437	474	0.918	0.872
LOKIASV2_2712_ESMFold_hypothetical_protein	AF-A0A832VVT0-F1-model_v4	AF-A0A832VVT0-F1-model_v4 Amino acid permease	2.615E-05	1.000	201	45	486	489	6	386	442	461	0.904	0.862
LOKIASV2_2712_ESMFold_hypothetical_protein	AF-A0A6B3IQ04-F1-model_v4	AF-A0A6B3IQ04-F1-model_v4 D-serine/D-alanine/glycine transporter	4.761E-05	1.000	201	14	485	489	7	431	464	513	0.965	0.916
LOKIASV2_2712_ESMFold_hypothetical_protein	AF-A0A1A0KA56-F1-model_v4	AF-A0A1A0KA56-F1-model_v4 Amino acid permease	2.111E-05	1.000	201	21	488	489	2	436	482	510	0.957	0.902
LOKIASV2_2712_ESMFold_hypothetical_protein	AF-A0A7K0RYH2-F1-model_v4	AF-A0A7K0RYH2-F1-model_v4 Amino acid permease	2.203E-05	1.000	201	38	489	489	39	455	504	481	0.924	0.827
LOKIASV2_2712_ESMFold_hypothetical_protein	AF-E1QTF4-F1-model_v4	AF-E1QTF4-F1-model_v4 Amino acid permease-associated region	1.388E-04	1.000	201	39	482	489	18	426	524	468	0.908	0.781
LOKIASV2_2712_ESMFold_hypothetical_protein	AF-A0A2G7CF68-F1-model_v4	AF-A0A2G7CF68-F1-model_v4 Amino acid transporter	1.704E-05	1.000	201	36	487	489	70	479	544	469	0.924	0.754
LOKIASV2_2712_ESMFold_hypothetical_protein	AF-A0A367KUW9-F1-model_v4	AF-A0A367KUW9-F1-model_v4 Arf-GAP domain-containing protein	5.650E-05	1.000	201	32	465	489	7	460	909	490	0.888	0.499
LOKIASV2_2712_ESMFold_hypothetical_protein	AF-A0A2X5NRR3-F1-model_v4	AF-A0A2X5NRR3-F1-model_v4 Putrescine importer PuuP	4.761E-05	1.000	200	20	450	489	2	396	417	463	0.881	0.947
LOKIASV2_2712_ESMFold_hypothetical_protein	AF-S0ASY8-F1-model_v4	AF-S0ASY8-F1-model_v4 Transporter	1.436E-05	1.000	200	37	488	489	7	409	445	483	0.924	0.906
LOKIASV2_2712_ESMFold_hypothetical_protein	AF-A0A5N6C605-F1-model_v4	AF-A0A5N6C605-F1-model_v4 Amino acid permease	1.856E-05	1.000	200	37	486	489	2	408	469	483	0.920	0.868
LOKIASV2_2712_ESMFold_hypothetical_protein	AF-A0A6J6QVS1-F1-model_v4	AF-A0A6J6QVS1-F1-model_v4 Unannotated protein	4.187E-05	1.000	200	3	489	489	10	446	487	511	0.996	0.897
LOKIASV2_2712_ESMFold_hypothetical_protein	AF-A0A3B1J1H2-F1-model_v4	AF-A0A3B1J1H2-F1-model_v4 Uncharacterized protein	1.499E-05	1.000	200	20	475	489	6	423	488	489	0.933	0.857
LOKIASV2_2712_ESMFold_hypothetical_protein	AF-A0A7M6DJ11-F1-model_v4	AF-A0A7M6DJ11-F1-model_v4 Uncharacterized protein	1.779E-05	1.000	200	13	485	489	30	457	545	507	0.967	0.785
LOKIASV2_2712_ESMFold_hypothetical_protein	AF-A0A662YUZ7-F1-model_v4	AF-A0A662YUZ7-F1-model_v4 Y+L amino acid transporter 2	1.779E-05	1.000	200	39	482	489	52	447	866	479	0.908	0.457
LOKIASV2_2712_ESMFold_hypothetical_protein	AF-A0A7C0YAF8-F1-model_v4	AF-A0A7C0YAF8-F1-model_v4 Transporter	3.683E-05	1.000	199	37	487	489	9	424	427	487	0.922	0.974
LOKIASV2_2712_ESMFold_hypothetical_protein	AF-A0A6P6XZW5-F1-model_v4	AF-A0A6P6XZW5-F1-model_v4 large neutral amino acids transporter small subunit 1-like	7.555E-06	1.000	199	39	486	489	22	420	479	480	0.916	0.833
LOKIASV2_2712_ESMFold_hypothetical_protein	AF-A0A7I9V596-F1-model_v4	AF-A0A7I9V596-F1-model_v4 Putative amino acid permease	2.203E-05	1.000	199	14	488	489	18	435	487	501	0.971	0.858
LOKIASV2_2712_ESMFold_hypothetical_protein	AF-A0A0Q9WML4-F1-model_v4	AF-A0A0Q9WML4-F1-model_v4 Uncharacterized protein, isoform B	2.203E-05	1.000	199	20	489	489	49	483	523	506	0.961	0.832
LOKIASV2_2712_ESMFold_hypothetical_protein	AF-A0A6P5A0X0-F1-model_v4	AF-A0A6P5A0X0-F1-model_v4 large neutral amino acids transporter small subunit 1-like	1.938E-05	1.000	199	18	488	489	11	435	561	510	0.963	0.758
LOKIASV2_2712_ESMFold_hypothetical_protein	AF-A0A5N4DSD2-F1-model_v4	AF-A0A5N4DSD2-F1-model_v4 Asc-type amino acid transporter 1	2.848E-05	1.000	199	5	488	489	89	520	599	516	0.990	0.721
LOKIASV2_2712_ESMFold_hypothetical_protein	AF-A0A1U8QP37-F1-model_v4	AF-A0A1U8QP37-F1-model_v4 Uncharacterized protein	3.683E-05	1.000	199	20	485	489	29	473	614	511	0.953	0.725
LOKIASV2_2712_ESMFold_hypothetical_protein	AF-A0A315FUQ2-F1-model_v4	AF-A0A315FUQ2-F1-model_v4 Uncharacterized protein	4.562E-05	1.000	199	46	486	489	274	674	713	472	0.902	0.562
LOKIASV2_2712_ESMFold_hypothetical_protein	AF-A0A5J6PUI0-F1-model_v4	AF-A0A5J6PUI0-F1-model_v4 Putrescine transporter	1.274E-04	1.000	198	39	485	489	10	404	438	473	0.914	0.902
LOKIASV2_2712_ESMFold_hypothetical_protein	AF-X0IT90-F1-model_v4	AF-X0IT90-F1-model_v4 Uncharacterized protein	2.111E-05	1.000	198	37	485	489	21	444	456	492	0.918	0.930
LOKIASV2_2712_ESMFold_hypothetical_protein	AF-A0A5A9XE86-F1-model_v4	AF-A0A5A9XE86-F1-model_v4 Putrescine transporter	5.897E-05	1.000	198	36	486	489	12	406	477	463	0.922	0.828
LOKIASV2_2712_ESMFold_hypothetical_protein	AF-A0A6J5CRY2-F1-model_v4	AF-A0A6J5CRY2-F1-model_v4 Putrescine importer PuuP	1.263E-05	1.000	198	26	479	489	11	435	486	490	0.928	0.874
LOKIASV2_2712_ESMFold_hypothetical_protein	AF-A0A0H3YIW3-F1-model_v4	AF-A0A0H3YIW3-F1-model_v4 Slc7a-7	1.779E-05	1.000	198	14	489	489	14	430	490	503	0.973	0.851
LOKIASV2_2712_ESMFold_hypothetical_protein	AF-A0A538EBW4-F1-model_v4	AF-A0A538EBW4-F1-model_v4 APC family permease	1.111E-05	1.000	198	19	483	489	18	456	516	523	0.951	0.851
LOKIASV2_2712_ESMFold_hypothetical_protein	AF-A0A4P9XXG3-F1-model_v4	AF-A0A4P9XXG3-F1-model_v4 Amino acid permease-domain-containing protein	1.499E-05	1.000	198	3	485	489	31	485	552	532	0.988	0.824
LOKIASV2_2712_ESMFold_hypothetical_protein	AF-A0A177C6A8-F1-model_v4	AF-A0A177C6A8-F1-model_v4 High-affinity amino acid transporter	4.012E-05	1.000	198	20	485	489	33	459	565	499	0.953	0.756
LOKIASV2_2712_ESMFold_hypothetical_protein	AF-A0A093J1G3-F1-model_v4	AF-A0A093J1G3-F1-model_v4 Cystine/glutamate transporter	1.564E-05	1.000	197	39	488	489	46	441	483	475	0.920	0.820
LOKIASV2_2712_ESMFold_hypothetical_protein	AF-A0A367A3B2-F1-model_v4	AF-A0A367A3B2-F1-model_v4 Amino acid permease	2.505E-05	1.000	197	36	486	489	4	413	484	481	0.922	0.847
LOKIASV2_2712_ESMFold_hypothetical_protein	AF-A0A0Q7VI05-F1-model_v4	AF-A0A0Q7VI05-F1-model_v4 Amino acid transporter	2.505E-05	1.000	197	20	488	489	4	429	490	494	0.959	0.869
LOKIASV2_2712_ESMFold_hypothetical_protein	AF-A0A3N0GXY1-F1-model_v4	AF-A0A3N0GXY1-F1-model_v4 APC family permease	6.935E-06	1.000	197	39	486	489	35	438	496	481	0.916	0.815
LOKIASV2_2712_ESMFold_hypothetical_protein	AF-A0A425BIV2-F1-model_v4	AF-A0A425BIV2-F1-model_v4 Uncharacterized protein	4.012E-05	1.000	197	20	485	489	54	504	522	518	0.953	0.864
LOKIASV2_2712_ESMFold_hypothetical_protein	AF-A0A6N4VUK7-F1-model_v4	AF-A0A6N4VUK7-F1-model_v4 Amino acid permease	3.103E-05	1.000	197	24	487	489	3	449	541	510	0.949	0.826
LOKIASV2_2712_ESMFold_hypothetical_protein	AF-A0A2V7GUI8-F1-model_v4	AF-A0A2V7GUI8-F1-model_v4 APC family permease	5.414E-05	1.000	196	21	488	489	2	404	433	496	0.957	0.931
LOKIASV2_2712_ESMFold_hypothetical_protein	AF-A0A0A5G1I3-F1-model_v4	AF-A0A0A5G1I3-F1-model_v4 Transporter	8.669E-05	1.000	196	27	485	489	1	400	438	486	0.939	0.913
LOKIASV2_2712_ESMFold_hypothetical_protein	AF-A0A7C4ECC4-F1-model_v4	AF-A0A7C4ECC4-F1-model_v4 Amino acid permease	7.886E-06	1.000	196	37	485	489	4	407	458	486	0.918	0.882
LOKIASV2_2712_ESMFold_hypothetical_protein	AF-A0A7W9SY68-F1-model_v4	AF-A0A7W9SY68-F1-model_v4 Amino acid transporter	6.155E-05	1.000	196	36	485	489	16	415	463	479	0.920	0.864
LOKIASV2_2712_ESMFold_hypothetical_protein	AF-A0A671K6Z4-F1-model_v4	AF-A0A671K6Z4-F1-model_v4 Large neutral amino acids transporter small subunit 2-like	4.969E-05	1.000	196	29	488	489	1	421	470	496	0.941	0.896
LOKIASV2_2712_ESMFold_hypothetical_protein	AF-A0A3N5S248-F1-model_v4	AF-A0A3N5S248-F1-model_v4 Amino acid permease	8.669E-05	1.000	196	14	489	489	15	440	484	500	0.973	0.880
LOKIASV2_2712_ESMFold_hypothetical_protein	AF-A0A7D3VVT9-F1-model_v4	AF-A0A7D3VVT9-F1-model_v4 Amino acid permease-associated protein	4.562E-05	1.000	196	37	488	489	13	416	485	476	0.924	0.833
LOKIASV2_2712_ESMFold_hypothetical_protein	AF-A0A072NV43-F1-model_v4	AF-A0A072NV43-F1-model_v4 Uncharacterized protein	5.650E-05	1.000	196	22	485	489	32	460	512	506	0.949	0.838
LOKIASV2_2712_ESMFold_hypothetical_protein	AF-A0A0D7BTZ9-F1-model_v4	AF-A0A0D7BTZ9-F1-model_v4 High affinity methionine permease	6.155E-05	1.000	196	39	485	489	44	450	522	475	0.914	0.780
LOKIASV2_2712_ESMFold_hypothetical_protein	AF-A0A814QRX6-F1-model_v4	AF-A0A814QRX6-F1-model_v4 Hypothetical protein	1.704E-05	1.000	196	5	482	489	439	852	912	508	0.978	0.454
LOKIASV2_2712_ESMFold_hypothetical_protein	AF-A0A175J257-F1-model_v4	AF-A0A175J257-F1-model_v4 Amino acid permease	7.625E-05	1.000	195	44	488	489	2	410	463	478	0.910	0.883
LOKIASV2_2712_ESMFold_hypothetical_protein	AF-A0A3D1TXH0-F1-model_v4	AF-A0A3D1TXH0-F1-model_v4 Uncharacterized protein	4.562E-05	1.000	195	39	483	489	18	424	494	472	0.910	0.824
LOKIASV2_2712_ESMFold_hypothetical_protein	AF-A0A419VR56-F1-model_v4	AF-A0A419VR56-F1-model_v4 Amino acid/polyamine/organocation transporter (APC superfamily)	6.155E-05	1.000	195	20	486	489	37	459	531	493	0.955	0.797
LOKIASV2_2712_ESMFold_hypothetical_protein	AF-A0A7S0DKV3-F1-model_v4	AF-A0A7S0DKV3-F1-model_v4 Hypothetical protein	1.121E-04	1.000	195	5	488	489	15	452	602	529	0.990	0.728
LOKIASV2_2712_ESMFold_hypothetical_protein	AF-A0A6J4KKJ0-F1-model_v4	AF-A0A6J4KKJ0-F1-model_v4 Uncharacterized amino acid permease, GabP family	8.669E-05	1.000	194	22	453	489	9	370	375	445	0.883	0.965
LOKIASV2_2712_ESMFold_hypothetical_protein	AF-A0A1S2GM91-F1-model_v4	AF-A0A1S2GM91-F1-model_v4 Amino acid transporter	4.562E-05	1.000	194	42	485	489	11	414	472	481	0.908	0.856
LOKIASV2_2712_ESMFold_hypothetical_protein	AF-A0A3E1BJ36-F1-model_v4	AF-A0A3E1BJ36-F1-model_v4 Amino acid permease	4.012E-05	1.000	194	38	485	489	18	425	480	480	0.916	0.850
LOKIASV2_2712_ESMFold_hypothetical_protein	AF-A0A674GS84-F1-model_v4	AF-A0A674GS84-F1-model_v4 Uncharacterized protein	2.400E-05	1.000	194	38	488	489	36	431	493	477	0.922	0.803
LOKIASV2_2712_ESMFold_hypothetical_protein	AF-A0A2V1C1A7-F1-model_v4	AF-A0A2V1C1A7-F1-model_v4 Putative GABA permease	6.155E-05	1.000	194	36	485	489	17	439	494	489	0.920	0.856
LOKIASV2_2712_ESMFold_hypothetical_protein	AF-A0A0M2HSS6-F1-model_v4	AF-A0A0M2HSS6-F1-model_v4 Putrescine importer PuuP	1.210E-05	1.000	194	35	487	489	24	473	512	521	0.926	0.879
LOKIASV2_2712_ESMFold_hypothetical_protein	AF-A0A4R3VLW1-F1-model_v4	AF-A0A4R3VLW1-F1-model_v4 Ethanolamine:proton symporter (EAT family)	8.669E-05	1.000	194	24	482	489	64	489	527	493	0.939	0.808
LOKIASV2_2712_ESMFold_hypothetical_protein	AF-X0LPT1-F1-model_v4	AF-X0LPT1-F1-model_v4 AA_permease domain-containing protein	3.844E-05	1.000	194	9	482	489	4	470	564	522	0.969	0.828
LOKIASV2_2712_ESMFold_hypothetical_protein	AF-A0A0C9UWE6-F1-model_v4	AF-A0A0C9UWE6-F1-model_v4 Unplaced genomic scaffold SPHSTscaffold_24, whole genome shotgun sequence	2.505E-05	1.000	194	2	487	489	49	540	565	557	0.994	0.871
LOKIASV2_2712_ESMFold_hypothetical_protein	AF-A0A5B9D6C8-F1-model_v4	AF-A0A5B9D6C8-F1-model_v4 Putative fructoselysine transporter	4.012E-05	1.000	194	39	489	489	23	443	640	492	0.922	0.658
LOKIASV2_2712_ESMFold_hypothetical_protein	AF-A0A523FKT1-F1-model_v4	AF-A0A523FKT1-F1-model_v4 Amino acid permease	8.669E-05	1.000	193	38	484	489	20	404	433	469	0.914	0.889
LOKIASV2_2712_ESMFold_hypothetical_protein	AF-A0A7K7L8H9-F1-model_v4	AF-A0A7K7L8H9-F1-model_v4 XCT protein	2.300E-05	1.000	193	21	488	489	25	444	483	501	0.957	0.870
LOKIASV2_2712_ESMFold_hypothetical_protein	AF-A0A1I2H1K6-F1-model_v4	AF-A0A1I2H1K6-F1-model_v4 Amino acid transporter	2.300E-05	1.000	193	36	488	489	19	429	487	479	0.926	0.844
LOKIASV2_2712_ESMFold_hypothetical_protein	AF-A0A6G4X6W7-F1-model_v4	AF-A0A6G4X6W7-F1-model_v4 APC family permease	1.938E-05	1.000	193	24	488	489	23	454	497	507	0.951	0.869
LOKIASV2_2712_ESMFold_hypothetical_protein	AF-A0A411DWD6-F1-model_v4	AF-A0A411DWD6-F1-model_v4 Int-amino_acid_transporter_10	6.999E-05	1.000	193	39	488	489	58	455	509	475	0.920	0.782
LOKIASV2_2712_ESMFold_hypothetical_protein	AF-B8M7H2-F1-model_v4	AF-B8M7H2-F1-model_v4 Amino acid transporter, putative	7.625E-05	1.000	193	2	486	489	3	482	558	537	0.992	0.860
LOKIASV2_2712_ESMFold_hypothetical_protein	AF-A0A376B193-F1-model_v4	AF-A0A376B193-F1-model_v4 Probable Arginine permease	2.729E-05	1.000	193	24	486	489	42	490	567	513	0.947	0.792
LOKIASV2_2712_ESMFold_hypothetical_protein	AF-A0A3M7F1Y0-F1-model_v4	AF-A0A3M7F1Y0-F1-model_v4 AA_permease domain-containing protein	3.844E-05	1.000	193	39	485	489	81	501	581	498	0.914	0.725
LOKIASV2_2712_ESMFold_hypothetical_protein	AF-A0A432F4U3-F1-model_v4	AF-A0A432F4U3-F1-model_v4 Amino acid transporter	4.761E-05	1.000	192	35	488	489	11	394	433	466	0.928	0.887
LOKIASV2_2712_ESMFold_hypothetical_protein	AF-A0A142B9C0-F1-model_v4	AF-A0A142B9C0-F1-model_v4 Putrescine/ornithine transport protein, cryptic (APC family)	8.306E-05	1.000	192	42	485	489	11	401	434	465	0.908	0.901
LOKIASV2_2712_ESMFold_hypothetical_protein	AF-P44768-F1-model_v4	AF-P44768-F1-model_v4 Putrescine transporter PotE	2.223E-04	1.000	192	14	485	489	4	404	435	489	0.965	0.922
LOKIASV2_2712_ESMFold_hypothetical_protein	AF-U4KPP8-F1-model_v4	AF-U4KPP8-F1-model_v4 Amino acid/polyamine transporter I family protein	3.528E-05	1.000	192	39	487	489	10	413	455	478	0.918	0.888
LOKIASV2_2712_ESMFold_hypothetical_protein	AF-A0A2G4FY23-F1-model_v4	AF-A0A2G4FY23-F1-model_v4 Uncharacterized protein	8.306E-05	1.000	192	38	489	489	17	425	469	489	0.924	0.872
LOKIASV2_2712_ESMFold_hypothetical_protein	AF-A0A7L4YRG3-F1-model_v4	AF-A0A7L4YRG3-F1-model_v4 Amino acid permease	2.400E-05	1.000	192	44	485	489	37	430	474	475	0.904	0.831
LOKIASV2_2712_ESMFold_hypothetical_protein	AF-A0A674N3M4-F1-model_v4	AF-A0A674N3M4-F1-model_v4 Solute carrier family 7 member 5	4.969E-05	1.000	192	39	485	489	34	431	489	470	0.914	0.814
LOKIASV2_2712_ESMFold_hypothetical_protein	AF-A0A0N0MT10-F1-model_v4	AF-A0A0N0MT10-F1-model_v4 Uncharacterized protein	1.938E-05	1.000	192	38	489	489	61	475	533	493	0.924	0.779
LOKIASV2_2712_ESMFold_hypothetical_protein	AF-U5HAF2-F1-model_v4	AF-U5HAF2-F1-model_v4 AA_permease domain-containing protein	2.615E-05	1.000	192	24	482	489	58	488	572	506	0.939	0.753
LOKIASV2_2712_ESMFold_hypothetical_protein	AF-A0A2V9VEV5-F1-model_v4	AF-A0A2V9VEV5-F1-model_v4 Uncharacterized protein	9.857E-05	1.000	191	36	453	489	3	373	375	453	0.855	0.989
LOKIASV2_2712_ESMFold_hypothetical_protein	AF-A0A1F8JHV5-F1-model_v4	AF-A0A1F8JHV5-F1-model_v4 Uncharacterized protein	2.422E-04	1.000	191	26	488	489	1	400	404	487	0.947	0.990
LOKIASV2_2712_ESMFold_hypothetical_protein	AF-A0A220UI70-F1-model_v4	AF-A0A220UI70-F1-model_v4 Putrescine transporter PotE	1.388E-04	1.000	191	36	485	489	11	404	439	469	0.920	0.897
LOKIASV2_2712_ESMFold_hypothetical_protein	AF-I4D736-F1-model_v4	AF-I4D736-F1-model_v4 Amino acid transporter	1.564E-05	1.000	191	38	483	489	20	417	468	473	0.912	0.850
LOKIASV2_2712_ESMFold_hypothetical_protein	AF-A0A7X6K3N9-F1-model_v4	AF-A0A7X6K3N9-F1-model_v4 APC family permease	3.103E-05	1.000	191	9	488	489	2	442	503	514	0.982	0.877
LOKIASV2_2712_ESMFold_hypothetical_protein	AF-A0A6J2KTZ4-F1-model_v4	AF-A0A6J2KTZ4-F1-model_v4 Solute carrier family 7 member 5	4.012E-05	1.000	191	3	482	489	24	449	507	519	0.982	0.840
LOKIASV2_2712_ESMFold_hypothetical_protein	AF-A0A428RD72-F1-model_v4	AF-A0A428RD72-F1-model_v4 AA_permease domain-containing protein	5.414E-05	1.000	191	1	481	489	1	457	543	532	0.984	0.842
LOKIASV2_2712_ESMFold_hypothetical_protein	AF-A0A2S7P9W8-F1-model_v4	AF-A0A2S7P9W8-F1-model_v4 Uncharacterized protein	1.499E-05	1.000	191	5	485	489	10	492	544	541	0.984	0.888
LOKIASV2_2712_ESMFold_hypothetical_protein	AF-A0A2G9LT37-F1-model_v4	AF-A0A2G9LT37-F1-model_v4 Methyltransf_11 domain-containing protein	4.370E-05	1.000	191	26	488	489	3	429	677	508	0.947	0.631
LOKIASV2_2712_ESMFold_hypothetical_protein	AF-A0A669EXU0-F1-model_v4	AF-A0A669EXU0-F1-model_v4 Solute carrier family 12 member 10, tandem duplicate 1	2.111E-05	1.000	191	21	488	489	6	480	843	546	0.957	0.563
LOKIASV2_2712_ESMFold_hypothetical_protein	AF-A0A365MQ14-F1-model_v4	AF-A0A365MQ14-F1-model_v4 Uncharacterized protein	3.380E-05	1.000	191	20	476	489	31	461	890	501	0.935	0.484
LOKIASV2_2712_ESMFold_hypothetical_protein	AF-A0A1G5V1P7-F1-model_v4	AF-A0A1G5V1P7-F1-model_v4 Putrescine transporter	3.716E-04	1.000	190	14	485	489	3	399	432	491	0.965	0.919
LOKIASV2_2712_ESMFold_hypothetical_protein	AF-A0A1I2GUM2-F1-model_v4	AF-A0A1I2GUM2-F1-model_v4 Basic amino acid/polyamine antiporter, APA family	9.857E-05	1.000	190	39	488	489	14	421	442	498	0.920	0.923
LOKIASV2_2712_ESMFold_hypothetical_protein	AF-A0A3Q2HZV0-F1-model_v4	AF-A0A3Q2HZV0-F1-model_v4 Solute carrier family 7 member 13-like	6.706E-05	1.000	190	35	463	489	10	388	449	450	0.877	0.844
LOKIASV2_2712_ESMFold_hypothetical_protein	AF-A0A535QSN2-F1-model_v4	AF-A0A535QSN2-F1-model_v4 Amino acid permease	8.669E-05	1.000	190	24	480	489	15	459	461	505	0.935	0.965
LOKIASV2_2712_ESMFold_hypothetical_protein	AF-A0A319EKR0-F1-model_v4	AF-A0A319EKR0-F1-model_v4 Choline transporter	1.121E-04	1.000	190	38	486	489	7	424	470	483	0.918	0.889
LOKIASV2_2712_ESMFold_hypothetical_protein	AF-A0A671MPL1-F1-model_v4	AF-A0A671MPL1-F1-model_v4 Cystine/glutamate transporter-like	3.380E-05	1.000	190	26	482	489	2	417	475	498	0.935	0.876
LOKIASV2_2712_ESMFold_hypothetical_protein	AF-H2Z9J4-F1-model_v4	AF-H2Z9J4-F1-model_v4 Uncharacterized protein	3.380E-05	1.000	190	39	485	489	4	429	485	498	0.914	0.878
LOKIASV2_2712_ESMFold_hypothetical_protein	AF-R1DWV0-F1-model_v4	AF-R1DWV0-F1-model_v4 Uncharacterized protein	5.650E-05	1.000	190	21	484	489	41	455	490	503	0.949	0.847
LOKIASV2_2712_ESMFold_hypothetical_protein	AF-A0A518B670-F1-model_v4	AF-A0A518B670-F1-model_v4 Glutamate/gamma-aminobutyrate antiporter	3.380E-05	1.000	190	21	489	489	11	447	497	517	0.959	0.879
LOKIASV2_2712_ESMFold_hypothetical_protein	AF-A0A0D2XFD0-F1-model_v4	AF-A0A0D2XFD0-F1-model_v4 Uncharacterized protein	2.848E-05	1.000	190	38	485	489	34	453	509	496	0.916	0.825
LOKIASV2_2712_ESMFold_hypothetical_protein	AF-A0A8A3HIU2-F1-model_v4	AF-A0A8A3HIU2-F1-model_v4 APC family permease	2.203E-05	1.000	190	42	483	489	35	441	514	487	0.904	0.792
LOKIASV2_2712_ESMFold_hypothetical_protein	AF-F9ZMG2-F1-model_v4	AF-F9ZMG2-F1-model_v4 Amino acid permease family protein	2.111E-05	1.000	190	42	485	489	12	417	528	486	0.908	0.769
LOKIASV2_2712_ESMFold_hypothetical_protein	AF-A0A7E5A1J0-F1-model_v4	AF-A0A7E5A1J0-F1-model_v4 Uncharacterized protein	4.370E-05	1.000	190	39	489	489	8	413	539	486	0.922	0.753
LOKIASV2_2712_ESMFold_hypothetical_protein	AF-A0A085NUU6-F1-model_v4	AF-A0A085NUU6-F1-model_v4 Uncharacterized protein	2.848E-05	1.000	190	19	488	489	75	519	577	525	0.961	0.771
LOKIASV2_2712_ESMFold_hypothetical_protein	AF-E7A3C0-F1-model_v4	AF-E7A3C0-F1-model_v4 Related to HNM1-choline permease	5.897E-05	1.000	190	20	486	489	48	503	582	528	0.955	0.784
LOKIASV2_2712_ESMFold_hypothetical_protein	AF-A0A7M5WTX1-F1-model_v4	AF-A0A7M5WTX1-F1-model_v4 Uncharacterized protein	4.969E-05	1.000	190	1	489	489	118	551	614	526	1.000	0.707
LOKIASV2_2712_ESMFold_hypothetical_protein	AF-A0A5C6FYC4-F1-model_v4	AF-A0A5C6FYC4-F1-model_v4 Uncharacterized protein	1.704E-05	1.000	190	38	488	489	120	559	649	512	0.922	0.678
LOKIASV2_2712_ESMFold_hypothetical_protein	AF-A0A6A6D8Y3-F1-model_v4	AF-A0A6A6D8Y3-F1-model_v4 Uncharacterized protein	3.844E-05	1.000	190	24	485	489	28	470	688	517	0.945	0.644
LOKIASV2_2712_ESMFold_hypothetical_protein	AF-A0A5N4ECD4-F1-model_v4	AF-A0A5N4ECD4-F1-model_v4 Solute carrier family 12 member 2	4.012E-05	1.000	190	20	489	489	13	488	756	556	0.961	0.630
LOKIASV2_2712_ESMFold_hypothetical_protein	AF-H6L9C8-F1-model_v4	AF-H6L9C8-F1-model_v4 Amino acid permease-associated region	9.857E-05	1.000	189	8	488	489	2	417	444	501	0.984	0.937
LOKIASV2_2712_ESMFold_hypothetical_protein	AF-A0A1L7U2I4-F1-model_v4	AF-A0A1L7U2I4-F1-model_v4 Related to HNM1-Choline permease	1.720E-04	1.000	189	37	486	489	11	430	450	482	0.920	0.933
LOKIASV2_2712_ESMFold_hypothetical_protein	AF-A0A1N7EIR3-F1-model_v4	AF-A0A1N7EIR3-F1-model_v4 Amino acid/polyamine/organocation transporter, APC superfamily	9.049E-05	1.000	189	43	485	489	15	406	450	462	0.906	0.871
LOKIASV2_2712_ESMFold_hypothetical_protein	AF-A0A850MQ59-F1-model_v4	AF-A0A850MQ59-F1-model_v4 Amino acid permease	9.049E-05	1.000	189	36	486	489	17	422	465	481	0.922	0.873
LOKIASV2_2712_ESMFold_hypothetical_protein	AF-A0A1V3QYL0-F1-model_v4	AF-A0A1V3QYL0-F1-model_v4 Uncharacterized protein	5.414E-05	1.000	189	24	486	489	3	433	486	509	0.947	0.887
LOKIASV2_2712_ESMFold_hypothetical_protein	AF-A0A173LYR4-F1-model_v4	AF-A0A173LYR4-F1-model_v4 Amino acid transporter	2.615E-05	1.000	189	20	487	489	15	433	499	500	0.957	0.840
LOKIASV2_2712_ESMFold_hypothetical_protein	AF-Q9UPY5-F1-model_v4	AF-Q9UPY5-F1-model_v4 Cystine/glutamate transporter	9.444E-05	1.000	189	38	488	489	46	444	501	469	0.922	0.796
LOKIASV2_2712_ESMFold_hypothetical_protein	AF-M4EYU6-F1-model_v4	AF-M4EYU6-F1-model_v4 Uncharacterized protein	2.400E-05	1.000	189	32	429	489	29	397	543	435	0.814	0.680
LOKIASV2_2712_ESMFold_hypothetical_protein	AF-A0A495RPV6-F1-model_v4	AF-A0A495RPV6-F1-model_v4 Amino acid transporter	1.779E-05	1.000	189	24	485	489	9	444	549	520	0.945	0.794
LOKIASV2_2712_ESMFold_hypothetical_protein	AF-A0A2V5JZ34-F1-model_v4	AF-A0A2V5JZ34-F1-model_v4 Amino acid permease	4.370E-05	1.000	189	14	488	489	63	484	559	517	0.971	0.755
LOKIASV2_2712_ESMFold_hypothetical_protein	AF-A0A428Z368-F1-model_v4	AF-A0A428Z368-F1-model_v4 N-acetyltransferase domain-containing protein	3.844E-05	1.000	189	37	486	489	13	420	709	480	0.920	0.575
LOKIASV2_2712_ESMFold_hypothetical_protein	AF-A0A2P5HSU4-F1-model_v4	AF-A0A2P5HSU4-F1-model_v4 Uncharacterized protein	3.528E-05	1.000	189	24	485	489	106	579	741	538	0.945	0.640
LOKIASV2_2712_ESMFold_hypothetical_protein	AF-A0A1G2DHR1-F1-model_v4	AF-A0A1G2DHR1-F1-model_v4 Usp domain-containing protein	4.012E-05	1.000	189	38	486	489	21	428	765	483	0.918	0.533
LOKIASV2_2712_ESMFold_hypothetical_protein	AF-A0A0G4P739-F1-model_v4	AF-A0A0G4P739-F1-model_v4 Aminoacyl-tRNA synthetase, class I, conserved site	9.857E-05	1.000	189	42	482	489	609	1022	1092	473	0.902	0.379
LOKIASV2_2712_ESMFold_hypothetical_protein	AF-A0A060W0U6-F1-model_v4	AF-A0A060W0U6-F1-model_v4 Uncharacterized protein	1.955E-04	1.000	188	32	466	489	7	401	435	467	0.890	0.908
LOKIASV2_2712_ESMFold_hypothetical_protein	AF-A0A3C0IUD2-F1-model_v4	AF-A0A3C0IUD2-F1-model_v4 Serine/threonine protein kinase	1.449E-04	1.000	188	39	488	489	7	409	439	483	0.920	0.918
LOKIASV2_2712_ESMFold_hypothetical_protein	AF-A0A6A1WGD3-F1-model_v4	AF-A0A6A1WGD3-F1-model_v4 Metal transporter Nramp5	5.650E-05	1.000	188	20	489	489	39	440	440	499	0.961	0.914
LOKIASV2_2712_ESMFold_hypothetical_protein	AF-A0A6N8CRD3-F1-model_v4	AF-A0A6N8CRD3-F1-model_v4 Amino acid permease	5.414E-05	1.000	188	14	482	489	14	425	482	494	0.959	0.855
LOKIASV2_2712_ESMFold_hypothetical_protein	AF-A0A6F9ECI0-F1-model_v4	AF-A0A6F9ECI0-F1-model_v4 Uncharacterized protein	1.074E-04	1.000	188	35	488	489	16	438	483	494	0.928	0.876
LOKIASV2_2712_ESMFold_hypothetical_protein	AF-A0A0C2MEK6-F1-model_v4	AF-A0A0C2MEK6-F1-model_v4 B(0,+)-type amino acid transporter 1	4.761E-05	1.000	188	27	485	489	1	423	484	499	0.939	0.874
LOKIASV2_2712_ESMFold_hypothetical_protein	AF-A0A0C2MRC7-F1-model_v4	AF-A0A0C2MRC7-F1-model_v4 B(0,+)-type amino acid transporter 1	1.029E-04	1.000	188	27	485	489	13	426	487	486	0.939	0.850
LOKIASV2_2712_ESMFold_hypothetical_protein	AF-A0A2V9JNR5-F1-model_v4	AF-A0A2V9JNR5-F1-model_v4 Amino acid transporter	2.848E-05	1.000	188	21	488	489	58	460	488	506	0.957	0.826
LOKIASV2_2712_ESMFold_hypothetical_protein	AF-A0A0G4IXJ5-F1-model_v4	AF-A0A0G4IXJ5-F1-model_v4 Uncharacterized protein	4.187E-05	1.000	188	24	485	489	5	428	491	494	0.945	0.864
LOKIASV2_2712_ESMFold_hypothetical_protein	AF-A0A364KR33-F1-model_v4	AF-A0A364KR33-F1-model_v4 Uncharacterized protein	2.729E-05	1.000	188	38	486	489	27	449	502	491	0.918	0.843
LOKIASV2_2712_ESMFold_hypothetical_protein	AF-A0A849J264-F1-model_v4	AF-A0A849J264-F1-model_v4 Amino acid permease	6.706E-05	1.000	188	2	486	489	17	458	509	518	0.992	0.868
LOKIASV2_2712_ESMFold_hypothetical_protein	AF-A0A3P6T9R8-F1-model_v4	AF-A0A3P6T9R8-F1-model_v4 Uncharacterized protein	3.844E-05	1.000	188	5	489	489	52	483	539	521	0.992	0.801
LOKIASV2_2712_ESMFold_hypothetical_protein	AF-A0A194X923-F1-model_v4	AF-A0A194X923-F1-model_v4 Amino acid transporter	1.938E-05	1.000	188	5	488	489	43	504	541	554	0.990	0.854
LOKIASV2_2712_ESMFold_hypothetical_protein	AF-I0A231-F1-model_v4	AF-I0A231-F1-model_v4 Cationic amino acid transporter (Cat-1)	2.973E-05	1.000	188	38	489	489	10	431	702	491	0.924	0.601
LOKIASV2_2712_ESMFold_hypothetical_protein	AF-A0A1Q7CSQ8-F1-model_v4	AF-A0A1Q7CSQ8-F1-model_v4 Uncharacterized protein	1.973E-03	1.000	187	33	390	489	11	318	319	365	0.732	0.966
LOKIASV2_2712_ESMFold_hypothetical_protein	AF-A0A840D371-F1-model_v4	AF-A0A840D371-F1-model_v4 Amino acid transporter	2.615E-05	1.000	187	44	482	489	18	418	453	476	0.898	0.885
LOKIASV2_2712_ESMFold_hypothetical_protein	AF-A0A7I9WN59-F1-model_v4	AF-A0A7I9WN59-F1-model_v4 Amino acid permease	5.650E-05	1.000	187	38	485	489	2	408	463	485	0.916	0.879
LOKIASV2_2712_ESMFold_hypothetical_protein	AF-A0A0M9GCY7-F1-model_v4	AF-A0A0M9GCY7-F1-model_v4 Amino acid/polyamine/organocation transporter, APC superfamily	1.720E-04	1.000	187	36	488	489	19	427	479	477	0.926	0.854
LOKIASV2_2712_ESMFold_hypothetical_protein	AF-T0MNR9-F1-model_v4	AF-T0MNR9-F1-model_v4 Uncharacterized protein	4.012E-05	1.000	187	38	486	489	14	428	483	483	0.918	0.859
LOKIASV2_2712_ESMFold_hypothetical_protein	AF-A0A010RJD4-F1-model_v4	AF-A0A010RJD4-F1-model_v4 Uncharacterized protein	2.022E-05	1.000	187	20	452	489	37	490	494	493	0.885	0.919
LOKIASV2_2712_ESMFold_hypothetical_protein	AF-A0A6I3ZYK0-F1-model_v4	AF-A0A6I3ZYK0-F1-model_v4 APC family permease	2.729E-05	1.000	187	39	485	489	38	435	539	477	0.914	0.738
LOKIASV2_2712_ESMFold_hypothetical_protein	AF-A0A0C3F1Q8-F1-model_v4	AF-A0A0C3F1Q8-F1-model_v4 AA_permease domain-containing protein	2.973E-05	1.000	187	9	485	489	44	483	586	525	0.975	0.751
LOKIASV2_2712_ESMFold_hypothetical_protein	AF-A0A7W1N0S2-F1-model_v4	AF-A0A7W1N0S2-F1-model_v4 APC family permease	5.897E-05	1.000	187	24	488	489	18	447	610	508	0.951	0.705
LOKIASV2_2712_ESMFold_hypothetical_protein	AF-A0A5N6EVD1-F1-model_v4	AF-A0A5N6EVD1-F1-model_v4 Amino acid permease-domain-containing protein	4.562E-05	1.000	187	42	485	489	12	425	749	480	0.908	0.553
LOKIASV2_2712_ESMFold_hypothetical_protein	AF-A0A7C2XRV8-F1-model_v4	AF-A0A7C2XRV8-F1-model_v4 Transporter	1.955E-04	1.000	186	39	481	489	10	431	432	500	0.906	0.977
LOKIASV2_2712_ESMFold_hypothetical_protein	AF-A0A2W0BWB0-F1-model_v4	AF-A0A2W0BWB0-F1-model_v4 Amino acid permease	3.239E-05	1.000	186	38	489	489	4	419	447	498	0.924	0.931
LOKIASV2_2712_ESMFold_hypothetical_protein	AF-A0A6D1VJK8-F1-model_v4	AF-A0A6D1VJK8-F1-model_v4 APC family permease	8.306E-05	1.000	186	38	487	489	4	405	453	473	0.920	0.887
LOKIASV2_2712_ESMFold_hypothetical_protein	AF-A0A1Y2FGZ9-F1-model_v4	AF-A0A1Y2FGZ9-F1-model_v4 Amino acid transporter	4.012E-05	1.000	186	38	484	489	22	422	486	483	0.914	0.825
LOKIASV2_2712_ESMFold_hypothetical_protein	AF-A0A0D0A1C6-F1-model_v4	AF-A0A0D0A1C6-F1-model_v4 Unplaced genomic scaffold CY34scaffold_483, whole genome shotgun sequence	2.022E-05	1.000	186	7	486	489	25	460	508	510	0.982	0.858
LOKIASV2_2712_ESMFold_hypothetical_protein	AF-A0A6A6HQR4-F1-model_v4	AF-A0A6A6HQR4-F1-model_v4 Amino acid transporter	6.706E-05	1.000	186	38	485	489	43	477	530	499	0.916	0.821
LOKIASV2_2712_ESMFold_hypothetical_protein	AF-A0A6B2CKP4-F1-model_v4	AF-A0A6B2CKP4-F1-model_v4 Amino acid permease	8.669E-05	1.000	186	43	486	489	2	425	584	489	0.908	0.726
LOKIASV2_2712_ESMFold_hypothetical_protein	AF-M7BJD8-F1-model_v4	AF-M7BJD8-F1-model_v4 Cystine/glutamate transporter	4.187E-05	1.000	186	20	488	489	70	529	607	532	0.959	0.758
LOKIASV2_2712_ESMFold_hypothetical_protein	AF-A0A534ATZ9-F1-model_v4	AF-A0A534ATZ9-F1-model_v4 Amino acid permease	7.625E-05	1.000	186	24	485	489	234	661	820	510	0.945	0.522
LOKIASV2_2712_ESMFold_hypothetical_protein	AF-A0A212DXE3-F1-model_v4	AF-A0A212DXE3-F1-model_v4 Uncharacterized protein	1.720E-04	1.000	185	35	484	489	10	389	392	478	0.920	0.969
LOKIASV2_2712_ESMFold_hypothetical_protein	AF-A0A534KEV9-F1-model_v4	AF-A0A534KEV9-F1-model_v4 Amino acid permease	3.561E-04	1.000	185	24	455	489	4	384	393	448	0.883	0.969
LOKIASV2_2712_ESMFold_hypothetical_protein	AF-A0A6J2N2F6-F1-model_v4	AF-A0A6J2N2F6-F1-model_v4 B(0,+)-type amino acid transporter 1	8.306E-05	1.000	185	1	489	489	1	431	487	518	1.000	0.885
LOKIASV2_2712_ESMFold_hypothetical_protein	AF-A0A6A6FJX9-F1-model_v4	AF-A0A6A6FJX9-F1-model_v4 Uncharacterized protein	3.528E-05	1.000	185	36	486	489	40	461	515	495	0.922	0.819
LOKIASV2_2712_ESMFold_hypothetical_protein	AF-A0A1Y1IBK6-F1-model_v4	AF-A0A1Y1IBK6-F1-model_v4 Amino acid transporter	1.330E-04	1.000	185	3	488	489	42	474	526	510	0.994	0.823
LOKIASV2_2712_ESMFold_hypothetical_protein	AF-A0A0D2P998-F1-model_v4	AF-A0A0D2P998-F1-model_v4 Uncharacterized protein	5.650E-05	1.000	185	20	482	489	15	448	548	505	0.947	0.792
LOKIASV2_2712_ESMFold_hypothetical_protein	AF-A0A6A5RDT2-F1-model_v4	AF-A0A6A5RDT2-F1-model_v4 Uncharacterized protein	4.012E-05	1.000	185	20	485	489	99	548	667	525	0.953	0.675
LOKIASV2_2712_ESMFold_hypothetical_protein	AF-A0A6H1U8T5-F1-model_v4	AF-A0A6H1U8T5-F1-model_v4 L-methionine/branched-chain amino acid transporter	1.388E-04	1.000	184	42	486	489	12	380	409	462	0.910	0.902
LOKIASV2_2712_ESMFold_hypothetical_protein	AF-A0A0C3M4Z0-F1-model_v4	AF-A0A0C3M4Z0-F1-model_v4 Uncharacterized protein	8.306E-05	1.000	184	37	482	489	62	448	461	473	0.912	0.839
LOKIASV2_2712_ESMFold_hypothetical_protein	AF-A0A1Q9SBY2-F1-model_v4	AF-A0A1Q9SBY2-F1-model_v4 Uncharacterized protein	3.844E-05	1.000	184	37	485	489	8	414	466	484	0.918	0.873
LOKIASV2_2712_ESMFold_hypothetical_protein	AF-A0A7C2NVI8-F1-model_v4	AF-A0A7C2NVI8-F1-model_v4 APC family permease	6.706E-05	1.000	184	21	488	489	2	435	470	507	0.957	0.923
LOKIASV2_2712_ESMFold_hypothetical_protein	AF-A0A1W1WG34-F1-model_v4	AF-A0A1W1WG34-F1-model_v4 Amino acid/polyamine/organocation transporter, APC superfamily	4.187E-05	1.000	184	22	488	489	8	420	470	504	0.955	0.879
LOKIASV2_2712_ESMFold_hypothetical_protein	AF-A0A3M8QPA4-F1-model_v4	AF-A0A3M8QPA4-F1-model_v4 APC family permease	8.306E-05	1.000	184	12	480	489	9	415	477	496	0.959	0.853
LOKIASV2_2712_ESMFold_hypothetical_protein	AF-A0A810NNN1-F1-model_v4	AF-A0A810NNN1-F1-model_v4 Amino acid permease	1.648E-04	1.000	184	20	486	489	10	429	499	489	0.955	0.842
LOKIASV2_2712_ESMFold_hypothetical_protein	AF-A0A4R5APF2-F1-model_v4	AF-A0A4R5APF2-F1-model_v4 APC family permease	3.528E-05	1.000	184	12	485	489	12	435	512	508	0.969	0.828
LOKIASV2_2712_ESMFold_hypothetical_protein	AF-A0A0S7E2Q9-F1-model_v4	AF-A0A0S7E2Q9-F1-model_v4 Dicarboxylic amino acid permease	1.779E-05	1.000	184	45	488	489	2	425	516	495	0.908	0.822
LOKIASV2_2712_ESMFold_hypothetical_protein	AF-A0A5J5E7V1-F1-model_v4	AF-A0A5J5E7V1-F1-model_v4 Amino acid permease	1.029E-04	1.000	184	28	482	489	26	470	517	509	0.930	0.861
LOKIASV2_2712_ESMFold_hypothetical_protein	AF-U1GE90-F1-model_v4	AF-U1GE90-F1-model_v4 Uncharacterized protein	1.274E-04	1.000	184	24	485	489	111	547	683	502	0.945	0.640
LOKIASV2_2712_ESMFold_hypothetical_protein	AF-A0A1Q3PEC1-F1-model_v4	AF-A0A1Q3PEC1-F1-model_v4 Uncharacterized protein	2.874E-04	1.000	183	37	488	489	2	395	398	477	0.924	0.990
LOKIASV2_2712_ESMFold_hypothetical_protein	AF-A1ZRH0-F1-model_v4	AF-A1ZRH0-F1-model_v4 Manganese transporter	3.131E-04	1.000	183	77	484	489	4	351	400	420	0.834	0.870
LOKIASV2_2712_ESMFold_hypothetical_protein	AF-A0A2T0MWN1-F1-model_v4	AF-A0A2T0MWN1-F1-model_v4 Amino acid exporter (AAE family)	1.512E-04	1.000	183	38	488	489	3	383	404	466	0.922	0.943
LOKIASV2_2712_ESMFold_hypothetical_protein	AF-A0A2P5GR84-F1-model_v4	AF-A0A2P5GR84-F1-model_v4 Putrescine transporter PotE	1.795E-04	1.000	183	14	485	489	3	403	437	502	0.965	0.918
LOKIASV2_2712_ESMFold_hypothetical_protein	AF-A0A1C2FXA6-F1-model_v4	AF-A0A1C2FXA6-F1-model_v4 Uncharacterized protein	1.330E-04	1.000	183	38	489	489	17	434	459	490	0.924	0.911
LOKIASV2_2712_ESMFold_hypothetical_protein	AF-A0A7I7XX38-F1-model_v4	AF-A0A7I7XX38-F1-model_v4 Amino acid transporter	4.969E-05	1.000	183	24	488	489	7	427	478	508	0.951	0.881
LOKIASV2_2712_ESMFold_hypothetical_protein	AF-A0A7S0J2A3-F1-model_v4	AF-A0A7S0J2A3-F1-model_v4 Hypothetical protein	5.187E-05	1.000	183	5	485	489	53	489	539	519	0.984	0.811
LOKIASV2_2712_ESMFold_hypothetical_protein	AF-A0A2W1LQM1-F1-model_v4	AF-A0A2W1LQM1-F1-model_v4 Uncharacterized protein	1.074E-04	1.000	183	38	485	489	72	492	551	482	0.916	0.764
LOKIASV2_2712_ESMFold_hypothetical_protein	AF-X0B139-F1-model_v4	AF-X0B139-F1-model_v4 Uncharacterized protein	1.648E-04	1.000	183	5	486	489	73	526	575	521	0.986	0.790
LOKIASV2_2712_ESMFold_hypothetical_protein	AF-A0A1S9DWG7-F1-model_v4	AF-A0A1S9DWG7-F1-model_v4 Uncharacterized protein	2.300E-05	1.000	183	20	485	489	113	544	618	508	0.953	0.699
LOKIASV2_2712_ESMFold_hypothetical_protein	AF-A0A1Y2H6C6-F1-model_v4	AF-A0A1Y2H6C6-F1-model_v4 Amino acid permease-domain-containing protein	3.103E-05	1.000	183	26	489	489	103	564	622	526	0.949	0.743
LOKIASV2_2712_ESMFold_hypothetical_protein	AF-A0A4P9XT03-F1-model_v4	AF-A0A4P9XT03-F1-model_v4 Amino acid permease-domain-containing protein	6.155E-05	1.000	183	20	488	489	51	483	659	515	0.959	0.657
LOKIASV2_2712_ESMFold_hypothetical_protein	AF-A0A841P0R6-F1-model_v4	AF-A0A841P0R6-F1-model_v4 APA family basic amino acid/polyamine antiporter	2.639E-04	1.000	182	12	485	489	8	416	469	498	0.969	0.872
LOKIASV2_2712_ESMFold_hypothetical_protein	AF-A0A1C8ZQW4-F1-model_v4	AF-A0A1C8ZQW4-F1-model_v4 Amino acid permease	5.650E-05	1.000	182	20	485	489	10	433	474	507	0.953	0.895
LOKIASV2_2712_ESMFold_hypothetical_protein	AF-A0A7E6FFH4-F1-model_v4	AF-A0A7E6FFH4-F1-model_v4 b(0,+)-type amino acid transporter 1-like isoform X1	9.857E-05	1.000	182	38	489	489	14	413	475	476	0.924	0.842
LOKIASV2_2712_ESMFold_hypothetical_protein	AF-A0A2H3ISG2-F1-model_v4	AF-A0A2H3ISG2-F1-model_v4 Amino acid/polyamine transporter I	7.958E-05	1.000	182	20	486	489	15	468	488	526	0.955	0.930
LOKIASV2_2712_ESMFold_hypothetical_protein	AF-A0A0D6PAS5-F1-model_v4	AF-A0A0D6PAS5-F1-model_v4 Amino acid permease	3.380E-05	1.000	182	40	483	489	31	444	497	484	0.908	0.833
LOKIASV2_2712_ESMFold_hypothetical_protein	AF-A0A1I1R5G4-F1-model_v4	AF-A0A1I1R5G4-F1-model_v4 Amino acid transporter	5.414E-05	1.000	182	26	486	489	3	427	497	492	0.943	0.855
LOKIASV2_2712_ESMFold_hypothetical_protein	AF-R7VJM2-F1-model_v4	AF-R7VJM2-F1-model_v4 Uncharacterized protein	6.999E-05	1.000	182	39	485	489	34	428	499	471	0.914	0.792
LOKIASV2_2712_ESMFold_hypothetical_protein	AF-A0A177W3L0-F1-model_v4	AF-A0A177W3L0-F1-model_v4 Aspartate-proton symporter	4.761E-05	1.000	182	40	488	489	11	439	529	505	0.918	0.811
LOKIASV2_2712_ESMFold_hypothetical_protein	AF-A0A1D2VD88-F1-model_v4	AF-A0A1D2VD88-F1-model_v4 AA_permease domain-containing protein	1.579E-04	1.000	182	14	484	489	99	574	668	534	0.963	0.713
LOKIASV2_2712_ESMFold_hypothetical_protein	AF-A0A1Z8N8Q2-F1-model_v4	AF-A0A1Z8N8Q2-F1-model_v4 Uncharacterized protein	2.203E-05	1.000	182	31	482	489	2	413	697	484	0.924	0.591
LOKIASV2_2712_ESMFold_hypothetical_protein	AF-A0A7C1Y3P7-F1-model_v4	AF-A0A7C1Y3P7-F1-model_v4 APC family permease	1.955E-04	1.000	181	44	486	489	18	392	445	461	0.906	0.843
LOKIASV2_2712_ESMFold_hypothetical_protein	AF-A0A316Q660-F1-model_v4	AF-A0A316Q660-F1-model_v4 Putrescine importer PuuP	8.306E-05	1.000	181	24	485	489	2	417	454	496	0.945	0.916
LOKIASV2_2712_ESMFold_hypothetical_protein	AF-A0A838DPW5-F1-model_v4	AF-A0A838DPW5-F1-model_v4 APC family permease	6.999E-05	1.000	181	24	488	489	10	436	498	512	0.951	0.857
LOKIASV2_2712_ESMFold_hypothetical_protein	AF-A0A1R0UZS4-F1-model_v4	AF-A0A1R0UZS4-F1-model_v4 Amino acid permease	6.425E-05	1.000	181	20	485	489	2	457	518	531	0.953	0.880
LOKIASV2_2712_ESMFold_hypothetical_protein	AF-A0A1E3PAM2-F1-model_v4	AF-A0A1E3PAM2-F1-model_v4 AA_permease domain-containing protein	3.239E-05	1.000	181	4	486	489	22	473	574	526	0.988	0.787
LOKIASV2_2712_ESMFold_hypothetical_protein	AF-A0A4R6F9S5-F1-model_v4	AF-A0A4R6F9S5-F1-model_v4 Amino acid/polyamine/organocation transporter (APC superfamily)	3.380E-05	1.000	180	44	488	489	13	418	457	475	0.910	0.888
LOKIASV2_2712_ESMFold_hypothetical_protein	AF-A0A0D2B6K1-F1-model_v4	AF-A0A0D2B6K1-F1-model_v4 Uncharacterized protein	6.155E-05	1.000	180	38	486	489	14	436	488	487	0.918	0.867
LOKIASV2_2712_ESMFold_hypothetical_protein	AF-A0A3L8I9Y6-F1-model_v4	AF-A0A3L8I9Y6-F1-model_v4 Amino acid transporter	4.761E-05	1.000	180	43	488	489	9	432	511	490	0.912	0.830
LOKIASV2_2712_ESMFold_hypothetical_protein	AF-H2ATJ9-F1-model_v4	AF-H2ATJ9-F1-model_v4 AA_permease domain-containing protein	4.969E-05	1.000	180	2	485	489	31	507	598	562	0.990	0.798
LOKIASV2_2712_ESMFold_hypothetical_protein	AF-A0A1E5RGL0-F1-model_v4	AF-A0A1E5RGL0-F1-model_v4 Arginine permease	9.444E-05	1.000	180	39	486	489	56	485	634	491	0.916	0.678
LOKIASV2_2712_ESMFold_hypothetical_protein	AF-A0A091MFR0-F1-model_v4	AF-A0A091MFR0-F1-model_v4 Solute carrier family 12 member 1	1.720E-04	1.000	180	38	486	489	5	449	856	513	0.918	0.520
LOKIASV2_2712_ESMFold_hypothetical_protein	AF-A0A840ZNQ5-F1-model_v4	AF-A0A840ZNQ5-F1-model_v4 Amino acid transporter	2.422E-04	1.000	179	35	485	489	11	405	447	470	0.922	0.884
LOKIASV2_2712_ESMFold_hypothetical_protein	AF-A0A7S9VR80-F1-model_v4	AF-A0A7S9VR80-F1-model_v4 APC family permease	6.425E-05	1.000	179	37	485	489	4	408	466	483	0.918	0.869
LOKIASV2_2712_ESMFold_hypothetical_protein	AF-A0A7Y3JAW4-F1-model_v4	AF-A0A7Y3JAW4-F1-model_v4 APC family permease	2.615E-05	1.000	179	26	483	489	3	417	468	500	0.937	0.887
LOKIASV2_2712_ESMFold_hypothetical_protein	AF-R7UFD8-F1-model_v4	AF-R7UFD8-F1-model_v4 Uncharacterized protein	1.388E-04	1.000	179	39	489	489	11	410	474	481	0.922	0.844
LOKIASV2_2712_ESMFold_hypothetical_protein	AF-A0A2N1LH11-F1-model_v4	AF-A0A2N1LH11-F1-model_v4 Uncharacterized protein	1.221E-04	1.000	179	38	486	489	15	428	481	481	0.918	0.861
LOKIASV2_2712_ESMFold_hypothetical_protein	AF-A0A4Q4XIC1-F1-model_v4	AF-A0A4Q4XIC1-F1-model_v4 Uncharacterized protein	5.414E-05	1.000	179	20	484	489	23	481	517	524	0.951	0.888
LOKIASV2_2712_ESMFold_hypothetical_protein	AF-A0A010RN27-F1-model_v4	AF-A0A010RN27-F1-model_v4 PHYTOCHROME_2 domain-containing protein	8.306E-05	1.000	179	19	489	489	574	1064	1083	556	0.963	0.453
LOKIASV2_2712_ESMFold_hypothetical_protein	AF-A0A6B2FYS8-F1-model_v4	AF-A0A6B2FYS8-F1-model_v4 B(0,+)-type amino acid transporter 1 (Trinotate prediction)	1.720E-04	1.000	178	59	480	489	4	375	376	451	0.863	0.989
LOKIASV2_2712_ESMFold_hypothetical_protein	AF-A0A1S2VE74-F1-model_v4	AF-A0A1S2VE74-F1-model_v4 Uncharacterized protein	1.074E-04	1.000	178	39	484	489	8	413	440	492	0.912	0.923
LOKIASV2_2712_ESMFold_hypothetical_protein	AF-A0A1N6LR02-F1-model_v4	AF-A0A1N6LR02-F1-model_v4 Amino acid transporter	1.449E-04	1.000	178	36	486	489	19	444	474	491	0.922	0.899
LOKIASV2_2712_ESMFold_hypothetical_protein	AF-A0A7I7XJM0-F1-model_v4	AF-A0A7I7XJM0-F1-model_v4 Amino acid permease	1.074E-04	1.000	178	21	489	489	3	453	499	526	0.959	0.904
LOKIASV2_2712_ESMFold_hypothetical_protein	AF-A0A4S8M5D3-F1-model_v4	AF-A0A4S8M5D3-F1-model_v4 APC amino acid permease	9.049E-05	1.000	178	13	484	489	36	491	563	529	0.965	0.810
LOKIASV2_2712_ESMFold_hypothetical_protein	AF-I7IWH0-F1-model_v4	AF-I7IWH0-F1-model_v4 L-lysine transport protein	3.879E-04	1.000	178	24	485	489	234	672	733	506	0.945	0.599
LOKIASV2_2712_ESMFold_hypothetical_protein	AF-A0A2Z4XXK4-F1-model_v4	AF-A0A2Z4XXK4-F1-model_v4 Uncharacterized protein	2.754E-04	1.000	177	33	487	489	4	400	411	482	0.930	0.966
LOKIASV2_2712_ESMFold_hypothetical_protein	AF-A0A1V4PQY5-F1-model_v4	AF-A0A1V4PQY5-F1-model_v4 Uncharacterized protein	6.425E-05	1.000	177	44	484	489	4	400	459	470	0.902	0.865
LOKIASV2_2712_ESMFold_hypothetical_protein	AF-A0A2T0FN14-F1-model_v4	AF-A0A2T0FN14-F1-model_v4 Cationic amino acid transporter 1	1.029E-04	1.000	177	5	485	489	33	492	579	537	0.984	0.794
LOKIASV2_2712_ESMFold_hypothetical_protein	AF-A0A2V8SFY0-F1-model_v4	AF-A0A2V8SFY0-F1-model_v4 Uncharacterized protein	1.330E-04	1.000	177	18	487	489	97	522	581	512	0.961	0.733
LOKIASV2_2712_ESMFold_hypothetical_protein	AF-A0A4E9EEV5-F1-model_v4	AF-A0A4E9EEV5-F1-model_v4 Uncharacterized protein	1.074E-04	1.000	177	39	485	489	60	477	738	481	0.914	0.566
LOKIASV2_2712_ESMFold_hypothetical_protein	AF-A0A537X2C1-F1-model_v4	AF-A0A537X2C1-F1-model_v4 APC family permease	1.121E-04	1.000	177	24	486	489	1	445	788	511	0.947	0.565
LOKIASV2_2712_ESMFold_hypothetical_protein	AF-A0A452S1E5-F1-model_v4	AF-A0A452S1E5-F1-model_v4 Solute carrier family 12 member 1	1.221E-04	1.000	177	2	483	489	156	629	883	555	0.986	0.537
LOKIASV2_2712_ESMFold_hypothetical_protein	AF-A0A672I421-F1-model_v4	AF-A0A672I421-F1-model_v4 Uncharacterized protein	6.999E-05	1.000	177	5	489	489	61	549	904	571	0.992	0.541
LOKIASV2_2712_ESMFold_hypothetical_protein	AF-W7YSW1-F1-model_v4	AF-W7YSW1-F1-model_v4 D-serine/D-alanine/glycine transporter	3.411E-04	1.000	176	39	448	489	15	376	379	424	0.838	0.955
LOKIASV2_2712_ESMFold_hypothetical_protein	AF-A0A523DZ78-F1-model_v4	AF-A0A523DZ78-F1-model_v4 APC family permease	5.463E-04	1.000	176	38	484	489	14	413	465	477	0.914	0.860
LOKIASV2_2712_ESMFold_hypothetical_protein	AF-A0A6M5J1R0-F1-model_v4	AF-A0A6M5J1R0-F1-model_v4 APC family permease	1.221E-04	1.000	176	18	488	489	5	440	488	508	0.963	0.893
LOKIASV2_2712_ESMFold_hypothetical_protein	AF-Q54KK4-F1-model_v4	AF-Q54KK4-F1-model_v4 Uncharacterized protein	5.650E-05	1.000	176	21	485	489	23	458	506	516	0.951	0.862
LOKIASV2_2712_ESMFold_hypothetical_protein	AF-A0A524R053-F1-model_v4	AF-A0A524R053-F1-model_v4 Amino acid permease	1.720E-04	1.000	176	21	485	489	61	473	510	497	0.951	0.810
LOKIASV2_2712_ESMFold_hypothetical_protein	AF-A0A0G2G8A8-F1-model_v4	AF-A0A0G2G8A8-F1-model_v4 Putative dicarboxylic amino acid permease	6.706E-05	1.000	176	17	481	489	229	677	775	514	0.951	0.579
LOKIASV2_2712_ESMFold_hypothetical_protein	AF-A0A1X9MF83-F1-model_v4	AF-A0A1X9MF83-F1-model_v4 Spore germination protein YndE	5.463E-04	1.000	175	39	461	489	11	362	376	431	0.865	0.936
LOKIASV2_2712_ESMFold_hypothetical_protein	AF-A0A2S5RA69-F1-model_v4	AF-A0A2S5RA69-F1-model_v4 Arginine/agmatine antiporter	3.268E-04	1.000	175	39	483	489	16	398	431	473	0.910	0.889
LOKIASV2_2712_ESMFold_hypothetical_protein	AF-A0A2G9P732-F1-model_v4	AF-A0A2G9P732-F1-model_v4 Amino acid transporter	6.155E-05	1.000	175	22	486	489	6	431	437	524	0.951	0.975
LOKIASV2_2712_ESMFold_hypothetical_protein	AF-D2U3X1-F1-model_v4	AF-D2U3X1-F1-model_v4 Putrescine transporter PotE	3.411E-04	1.000	175	12	485	489	2	404	443	501	0.969	0.910
LOKIASV2_2712_ESMFold_hypothetical_protein	AF-A0A7C4HWA3-F1-model_v4	AF-A0A7C4HWA3-F1-model_v4 APC family permease	4.226E-04	1.000	175	39	485	489	14	406	448	470	0.914	0.877
LOKIASV2_2712_ESMFold_hypothetical_protein	AF-A0A0N6ZET2-F1-model_v4	AF-A0A0N6ZET2-F1-model_v4 Transporter	1.648E-04	1.000	175	24	483	489	14	428	466	494	0.941	0.891
LOKIASV2_2712_ESMFold_hypothetical_protein	AF-A0A7Z7DVG8-F1-model_v4	AF-A0A7Z7DVG8-F1-model_v4 Amino acid/polyamine/organocation transporter, APC superfamily	9.857E-05	1.000	175	37	488	489	14	423	474	482	0.924	0.865
LOKIASV2_2712_ESMFold_hypothetical_protein	AF-A0A6A3GUA6-F1-model_v4	AF-A0A6A3GUA6-F1-model_v4 Aa_trans domain-containing protein	8.306E-05	1.000	175	27	484	489	1	477	479	560	0.937	0.996
LOKIASV2_2712_ESMFold_hypothetical_protein	AF-A0A2G5B7E9-F1-model_v4	AF-A0A2G5B7E9-F1-model_v4 Amino acid transporter	1.388E-04	1.000	175	4	482	489	19	443	549	510	0.980	0.774
LOKIASV2_2712_ESMFold_hypothetical_protein	AF-A0A3T1B6F9-F1-model_v4	AF-A0A3T1B6F9-F1-model_v4 AA_permease domain-containing protein	4.805E-04	1.000	175	39	488	489	14	418	775	479	0.920	0.523
LOKIASV2_2712_ESMFold_hypothetical_protein	AF-A0A7L4LJ06-F1-model_v4	AF-A0A7L4LJ06-F1-model_v4 S12A1 protein	1.449E-04	1.000	175	5	483	489	138	618	826	556	0.980	0.582
LOKIASV2_2712_ESMFold_hypothetical_protein	AF-A0A485NWQ3-F1-model_v4	AF-A0A485NWQ3-F1-model_v4 Solute carrier family 7 member	5.234E-04	1.000	174	38	463	489	9	387	402	454	0.871	0.943
LOKIASV2_2712_ESMFold_hypothetical_protein	AF-A0A7K1TQA2-F1-model_v4	AF-A0A7K1TQA2-F1-model_v4 Amino acid permease	3.000E-04	1.000	174	24	488	489	1	405	422	494	0.951	0.960
LOKIASV2_2712_ESMFold_hypothetical_protein	AF-A0A6N7GHS3-F1-model_v4	AF-A0A6N7GHS3-F1-model_v4 Amino acid permease	4.562E-05	1.000	174	38	486	489	5	414	517	501	0.918	0.793
LOKIASV2_2712_ESMFold_hypothetical_protein	AF-A0A1R1LUW8-F1-model_v4	AF-A0A1R1LUW8-F1-model_v4 Amino acid transporter	5.650E-05	1.000	174	38	487	489	41	456	565	479	0.920	0.736
LOKIASV2_2712_ESMFold_hypothetical_protein	AF-A0A1M8A249-F1-model_v4	AF-A0A1M8A249-F1-model_v4 Similar to S.cerevisiae protein GAP1 (General amino acid permease)	7.625E-05	1.000	174	24	485	489	53	483	573	505	0.945	0.752
LOKIASV2_2712_ESMFold_hypothetical_protein	AF-A0A851SHP8-F1-model_v4	AF-A0A851SHP8-F1-model_v4 AAA1 protein	6.483E-04	1.000	173	39	466	489	3	373	374	453	0.875	0.992
LOKIASV2_2712_ESMFold_hypothetical_protein	AF-A0A1L9GYA4-F1-model_v4	AF-A0A1L9GYA4-F1-model_v4 Amino acid transporter	3.683E-05	1.000	173	38	483	489	13	423	475	491	0.912	0.865
LOKIASV2_2712_ESMFold_hypothetical_protein	AF-A0A7Z0CL99-F1-model_v4	AF-A0A7Z0CL99-F1-model_v4 Amino acid transporter	2.505E-05	1.000	173	26	485	489	2	423	491	496	0.941	0.859
LOKIASV2_2712_ESMFold_hypothetical_protein	AF-A0A444Q6C4-F1-model_v4	AF-A0A444Q6C4-F1-model_v4 APC family permease	1.170E-04	1.000	173	20	487	489	2	433	493	502	0.957	0.876
LOKIASV2_2712_ESMFold_hypothetical_protein	AF-A0A4W5QQH7-F1-model_v4	AF-A0A4W5QQH7-F1-model_v4 Uncharacterized protein	1.955E-04	1.000	173	39	481	489	30	424	509	472	0.906	0.776
LOKIASV2_2712_ESMFold_hypothetical_protein	AF-E4XFD1-F1-model_v4	AF-E4XFD1-F1-model_v4 Uncharacterized protein	5.650E-05	1.000	173	21	488	489	28	452	513	517	0.957	0.828
LOKIASV2_2712_ESMFold_hypothetical_protein	AF-A0A0G0QL12-F1-model_v4	AF-A0A0G0QL12-F1-model_v4 Aromatic amino acid permease	2.528E-04	1.000	172	31	489	489	1	390	390	487	0.939	1.000
LOKIASV2_2712_ESMFold_hypothetical_protein	AF-A0A6G6Y256-F1-model_v4	AF-A0A6G6Y256-F1-model_v4 Uncharacterized protein	3.411E-04	1.000	172	29	485	489	24	398	404	475	0.935	0.928
LOKIASV2_2712_ESMFold_hypothetical_protein	AF-A0A1V4ENY7-F1-model_v4	AF-A0A1V4ENY7-F1-model_v4 Uncharacterized protein	4.187E-05	1.000	172	24	480	489	5	399	429	490	0.935	0.921
LOKIASV2_2712_ESMFold_hypothetical_protein	AF-A0A843WN05-F1-model_v4	AF-A0A843WN05-F1-model_v4 Uncharacterized protein	9.948E-04	1.000	172	5	468	489	28	425	435	482	0.949	0.915
LOKIASV2_2712_ESMFold_hypothetical_protein	AF-A0A672FN12-F1-model_v4	AF-A0A672FN12-F1-model_v4 Uncharacterized protein	3.131E-04	1.000	172	29	488	489	10	415	467	481	0.941	0.869
LOKIASV2_2712_ESMFold_hypothetical_protein	AF-A0A1Q4W014-F1-model_v4	AF-A0A1Q4W014-F1-model_v4 Amino acid transporter	2.378E-06	1.000	172	37	485	489	9	449	472	512	0.918	0.934
LOKIASV2_2712_ESMFold_hypothetical_protein	AF-A0A516NLX5-F1-model_v4	AF-A0A516NLX5-F1-model_v4 Amino acid permease	7.958E-05	1.000	172	24	485	489	11	441	485	498	0.945	0.889
LOKIASV2_2712_ESMFold_hypothetical_protein	AF-A0A7H2BDS2-F1-model_v4	AF-A0A7H2BDS2-F1-model_v4 Amino acid permease	2.422E-04	1.000	172	39	485	489	31	441	493	487	0.914	0.834
LOKIASV2_2712_ESMFold_hypothetical_protein	AF-A0A6M4WI05-F1-model_v4	AF-A0A6M4WI05-F1-model_v4 APC family permease	2.300E-05	1.000	172	36	486	489	21	472	500	513	0.922	0.904
LOKIASV2_2712_ESMFold_hypothetical_protein	AF-A0A077RDB6-F1-model_v4	AF-A0A077RDB6-F1-model_v4 Related to HNM1-choline permease	6.999E-05	1.000	172	24	482	489	33	491	539	527	0.939	0.852
LOKIASV2_2712_ESMFold_hypothetical_protein	AF-A0A7X6IKX7-F1-model_v4	AF-A0A7X6IKX7-F1-model_v4 APC family permease	3.103E-05	1.000	172	21	488	489	62	501	554	515	0.957	0.794
LOKIASV2_2712_ESMFold_hypothetical_protein	AF-W4JSU9-F1-model_v4	AF-W4JSU9-F1-model_v4 Amino acid transporter	1.074E-04	1.000	172	17	488	489	78	529	653	517	0.965	0.692
LOKIASV2_2712_ESMFold_hypothetical_protein	AF-A0A7Z0L938-F1-model_v4	AF-A0A7Z0L938-F1-model_v4 Amino acid permease	1.779E-05	1.000	171	39	484	489	12	456	479	517	0.912	0.929
LOKIASV2_2712_ESMFold_hypothetical_protein	AF-A0A220IUF5-F1-model_v4	AF-A0A220IUF5-F1-model_v4 N(K)CC protein	1.873E-04	1.000	171	20	486	489	111	576	965	539	0.955	0.483
LOKIASV2_2712_ESMFold_hypothetical_protein	AF-A0A397BHB0-F1-model_v4	AF-A0A397BHB0-F1-model_v4 Uncharacterized protein	7.372E-04	1.000	170	38	486	489	6	400	451	468	0.918	0.876
LOKIASV2_2712_ESMFold_hypothetical_protein	AF-A0A819CCK4-F1-model_v4	AF-A0A819CCK4-F1-model_v4 Hypothetical protein	1.074E-04	1.000	170	21	453	489	4	375	472	450	0.885	0.788
LOKIASV2_2712_ESMFold_hypothetical_protein	AF-A0A4W4F9Y0-F1-model_v4	AF-A0A4W4F9Y0-F1-model_v4 Uncharacterized protein	1.579E-04	1.000	170	39	478	489	39	422	479	460	0.900	0.802
LOKIASV2_2712_ESMFold_hypothetical_protein	AF-A0A522TUS1-F1-model_v4	AF-A0A522TUS1-F1-model_v4 APC family permease	9.049E-05	1.000	170	39	488	489	19	422	481	497	0.920	0.840
LOKIASV2_2712_ESMFold_hypothetical_protein	AF-A0A269ZID8-F1-model_v4	AF-A0A269ZID8-F1-model_v4 Amino acid permease	1.121E-04	1.000	170	21	488	489	7	427	501	495	0.957	0.840
LOKIASV2_2712_ESMFold_hypothetical_protein	AF-W2RRG1-F1-model_v4	AF-W2RRG1-F1-model_v4 Uncharacterized protein	2.223E-04	1.000	170	20	486	489	25	478	526	509	0.955	0.863
LOKIASV2_2712_ESMFold_hypothetical_protein	AF-A0A662IKK0-F1-model_v4	AF-A0A662IKK0-F1-model_v4 Uncharacterized protein	2.754E-04	1.000	170	2	485	489	20	486	533	538	0.990	0.876
LOKIASV2_2712_ESMFold_hypothetical_protein	AF-A0A168BFG3-F1-model_v4	AF-A0A168BFG3-F1-model_v4 Amino acid/polyamine transporter I	3.000E-04	1.000	170	2	485	489	11	472	540	544	0.990	0.856
LOKIASV2_2712_ESMFold_hypothetical_protein	AF-A0A507FKY5-F1-model_v4	AF-A0A507FKY5-F1-model_v4 AA_permease domain-containing protein	3.716E-04	1.000	170	20	485	489	31	474	603	512	0.953	0.736
LOKIASV2_2712_ESMFold_hypothetical_protein	AF-A0A420Y1P6-F1-model_v4	AF-A0A420Y1P6-F1-model_v4 AA_permease domain-containing protein	9.857E-05	1.000	170	12	481	489	77	529	626	530	0.961	0.724
LOKIASV2_2712_ESMFold_hypothetical_protein	AF-G8BDE2-F1-model_v4	AF-G8BDE2-F1-model_v4 AA_permease domain-containing protein	1.720E-04	1.000	170	9	482	489	154	692	779	594	0.969	0.692
LOKIASV2_2712_ESMFold_hypothetical_protein	AF-A0A4Q4TW24-F1-model_v4	AF-A0A4Q4TW24-F1-model_v4 Aminotran_5 domain-containing protein	2.041E-04	1.000	170	24	488	489	26	479	922	522	0.951	0.492
LOKIASV2_2712_ESMFold_hypothetical_protein	AF-H3CVW7-F1-model_v4	AF-H3CVW7-F1-model_v4 Solute carrier family 12 member 1	3.000E-04	1.000	170	5	486	489	72	568	924	564	0.986	0.538
LOKIASV2_2712_ESMFold_hypothetical_protein	AF-A0A263BXC7-F1-model_v4	AF-A0A263BXC7-F1-model_v4 Uncharacterized protein	7.694E-04	1.000	169	37	455	489	9	357	365	439	0.857	0.956
LOKIASV2_2712_ESMFold_hypothetical_protein	AF-A0A7C6GA59-F1-model_v4	AF-A0A7C6GA59-F1-model_v4 Endospore germination permease	4.226E-04	1.000	169	37	461	489	10	360	376	442	0.869	0.934
LOKIASV2_2712_ESMFold_hypothetical_protein	AF-A0A379CGI5-F1-model_v4	AF-A0A379CGI5-F1-model_v4 Na+/alanine symporter	4.049E-04	1.000	169	29	462	489	37	436	445	475	0.888	0.899
LOKIASV2_2712_ESMFold_hypothetical_protein	AF-G1WJI2-F1-model_v4	AF-G1WJI2-F1-model_v4 Uncharacterized protein	2.041E-04	1.000	169	39	489	489	13	423	452	486	0.922	0.909
LOKIASV2_2712_ESMFold_hypothetical_protein	AF-A0A515D3R5-F1-model_v4	AF-A0A515D3R5-F1-model_v4 APC family permease	1.795E-04	1.000	169	13	488	489	3	433	465	521	0.973	0.927
LOKIASV2_2712_ESMFold_hypothetical_protein	AF-A0A6G1LEV7-F1-model_v4	AF-A0A6G1LEV7-F1-model_v4 Putative amino acid transporter	4.226E-04	1.000	169	5	485	489	5	439	490	512	0.984	0.888
LOKIASV2_2712_ESMFold_hypothetical_protein	AF-A0A6A3IQB4-F1-model_v4	AF-A0A6A3IQB4-F1-model_v4 Uncharacterized protein	4.049E-04	1.000	169	21	485	489	2	428	493	503	0.951	0.866
LOKIASV2_2712_ESMFold_hypothetical_protein	AF-A0A3D5DMW3-F1-model_v4	AF-A0A3D5DMW3-F1-model_v4 Uncharacterized protein	3.879E-04	1.000	169	15	489	489	2	462	506	524	0.971	0.911
LOKIASV2_2712_ESMFold_hypothetical_protein	AF-A0A674P135-F1-model_v4	AF-A0A674P135-F1-model_v4 Solute carrier family 7 member 8a	2.639E-04	1.000	169	5	488	489	4	444	536	527	0.990	0.823
LOKIASV2_2712_ESMFold_hypothetical_protein	AF-A0A1B8D168-F1-model_v4	AF-A0A1B8D168-F1-model_v4 Uncharacterized protein	7.625E-05	1.000	169	14	466	489	88	542	606	527	0.926	0.751
LOKIASV2_2712_ESMFold_hypothetical_protein	AF-A0A0M3WNR7-F1-model_v4	AF-A0A0M3WNR7-F1-model_v4 Uncharacterized protein	1.795E-04	1.000	169	43	479	489	68	470	607	472	0.894	0.664
LOKIASV2_2712_ESMFold_hypothetical_protein	AF-I0YNF7-F1-model_v4	AF-I0YNF7-F1-model_v4 Uncharacterized protein	4.562E-05	1.000	169	38	486	489	56	484	617	500	0.918	0.695
LOKIASV2_2712_ESMFold_hypothetical_protein	AF-A0A1E4SJV7-F1-model_v4	AF-A0A1E4SJV7-F1-model_v4 Transcriptional regulator of multiple amino acid permease	4.049E-04	1.000	169	24	482	489	115	626	710	567	0.939	0.721
LOKIASV2_2712_ESMFold_hypothetical_protein	AF-A0A5N6WYE6-F1-model_v4	AF-A0A5N6WYE6-F1-model_v4 Amino acid permease-domain-containing protein	1.795E-04	1.000	169	44	485	489	5	416	722	478	0.904	0.571
LOKIASV2_2712_ESMFold_hypothetical_protein	AF-A0A4Y7WFD9-F1-model_v4	AF-A0A4Y7WFD9-F1-model_v4 Spore gernimation protein GerB	7.372E-04	1.000	168	38	453	489	13	354	365	424	0.851	0.937
LOKIASV2_2712_ESMFold_hypothetical_protein	AF-A0A7W0HNB3-F1-model_v4	AF-A0A7W0HNB3-F1-model_v4 APA family basic amino acid/polyamine antiporter	1.873E-04	1.000	168	24	486	489	6	425	460	504	0.947	0.913
LOKIASV2_2712_ESMFold_hypothetical_protein	AF-A0A4Q9G6B7-F1-model_v4	AF-A0A4Q9G6B7-F1-model_v4 GABA permease	2.528E-04	1.000	168	39	478	489	16	420	466	499	0.900	0.869
LOKIASV2_2712_ESMFold_hypothetical_protein	AF-A0A2G6JZZ8-F1-model_v4	AF-A0A2G6JZZ8-F1-model_v4 Uncharacterized protein	2.528E-04	1.000	168	20	486	489	54	445	476	492	0.955	0.824
LOKIASV2_2712_ESMFold_hypothetical_protein	AF-A0A318Z837-F1-model_v4	AF-A0A318Z837-F1-model_v4 Choline transport protein	2.223E-04	1.000	168	39	485	489	11	443	512	498	0.914	0.846
LOKIASV2_2712_ESMFold_hypothetical_protein	AF-A0A7K0DDT8-F1-model_v4	AF-A0A7K0DDT8-F1-model_v4 L-asparagine permease 2	8.031E-04	1.000	168	27	485	489	5	436	531	505	0.939	0.814
LOKIASV2_2712_ESMFold_hypothetical_protein	AF-A0A6N8CPQ8-F1-model_v4	AF-A0A6N8CPQ8-F1-model_v4 Amino acid permease	1.795E-04	1.000	167	5	462	489	13	397	418	492	0.937	0.921
LOKIASV2_2712_ESMFold_hypothetical_protein	AF-A0A1L9RB78-F1-model_v4	AF-A0A1L9RB78-F1-model_v4 Uncharacterized protein	3.561E-04	1.000	167	14	483	489	5	413	481	495	0.961	0.850
LOKIASV2_2712_ESMFold_hypothetical_protein	AF-A0A371NWE6-F1-model_v4	AF-A0A371NWE6-F1-model_v4 Nitrate reductase	3.561E-04	1.000	167	39	451	489	44	393	486	429	0.845	0.720
LOKIASV2_2712_ESMFold_hypothetical_protein	AF-A0A1G7XGT2-F1-model_v4	AF-A0A1G7XGT2-F1-model_v4 Basic amino acid/polyamine antiporter, APA family	1.955E-04	1.000	167	20	489	489	36	454	488	495	0.961	0.859
LOKIASV2_2712_ESMFold_hypothetical_protein	AF-A0A2T2XJ53-F1-model_v4	AF-A0A2T2XJ53-F1-model_v4 AA_permease domain-containing protein	8.669E-05	1.000	167	2	485	489	14	456	518	523	0.990	0.855
LOKIASV2_2712_ESMFold_hypothetical_protein	AF-A0A6A6Q6S0-F1-model_v4	AF-A0A6A6Q6S0-F1-model_v4 GABA-specific permease	1.579E-04	1.000	167	21	486	489	2	471	522	525	0.953	0.900
LOKIASV2_2712_ESMFold_hypothetical_protein	AF-A0A6A6UQM8-F1-model_v4	AF-A0A6A6UQM8-F1-model_v4 Methionine permease	6.483E-04	1.000	167	14	485	489	53	497	576	514	0.965	0.773
LOKIASV2_2712_ESMFold_hypothetical_protein	AF-A0A815MW53-F1-model_v4	AF-A0A815MW53-F1-model_v4 Hypothetical protein	1.074E-04	1.000	167	5	453	489	49	435	678	464	0.918	0.571
LOKIASV2_2712_ESMFold_hypothetical_protein	AF-A0A674A654-F1-model_v4	AF-A0A674A654-F1-model_v4 Solute carrier family 12 member 1-like	1.720E-04	1.000	167	20	483	489	108	573	1045	538	0.949	0.446
LOKIASV2_2712_ESMFold_hypothetical_protein	AF-A0A1G4PH68-F1-model_v4	AF-A0A1G4PH68-F1-model_v4 Spore germination protein (Amino acid permease)	2.041E-04	1.000	166	32	453	489	1	354	367	446	0.863	0.965
LOKIASV2_2712_ESMFold_hypothetical_protein	AF-A0A4S4BSY7-F1-model_v4	AF-A0A4S4BSY7-F1-model_v4 Uncharacterized protein	7.372E-04	1.000	166	38	449	489	9	351	370	427	0.843	0.927
LOKIASV2_2712_ESMFold_hypothetical_protein	AF-A0A537MJI1-F1-model_v4	AF-A0A537MJI1-F1-model_v4 Amino acid permease	4.226E-04	1.000	166	25	485	489	4	409	452	495	0.943	0.898
LOKIASV2_2712_ESMFold_hypothetical_protein	AF-A0A5P2ALI1-F1-model_v4	AF-A0A5P2ALI1-F1-model_v4 Amino acid permease	3.716E-04	1.000	166	24	485	489	24	435	474	492	0.945	0.869
LOKIASV2_2712_ESMFold_hypothetical_protein	AF-A0A849IW82-F1-model_v4	AF-A0A849IW82-F1-model_v4 Uncharacterized protein	1.873E-04	1.000	166	13	484	489	17	467	481	537	0.965	0.938
LOKIASV2_2712_ESMFold_hypothetical_protein	AF-A0A318RHA7-F1-model_v4	AF-A0A318RHA7-F1-model_v4 Amino acid/polyamine/organocation transporter (APC superfamily)	2.874E-04	1.000	166	14	486	489	4	421	489	504	0.967	0.855
LOKIASV2_2712_ESMFold_hypothetical_protein	AF-A0A7X5CZG3-F1-model_v4	AF-A0A7X5CZG3-F1-model_v4 APC family permease	5.463E-04	1.000	166	37	486	489	19	428	501	479	0.920	0.818
LOKIASV2_2712_ESMFold_hypothetical_protein	AF-A0A2V9YBE2-F1-model_v4	AF-A0A2V9YBE2-F1-model_v4 Amino acid permease	2.528E-04	1.000	166	20	486	489	65	481	518	504	0.955	0.805
LOKIASV2_2712_ESMFold_hypothetical_protein	AF-I0Z312-F1-model_v4	AF-I0Z312-F1-model_v4 Uncharacterized protein	1.512E-04	1.000	166	27	486	489	1	433	546	514	0.941	0.793
LOKIASV2_2712_ESMFold_hypothetical_protein	AF-A0A507CXE7-F1-model_v4	AF-A0A507CXE7-F1-model_v4 Uncharacterized protein	2.639E-04	1.000	166	39	485	489	134	547	592	483	0.914	0.699
LOKIASV2_2712_ESMFold_hypothetical_protein	AF-A0A7V2E9W4-F1-model_v4	AF-A0A7V2E9W4-F1-model_v4 Amino acid permease	2.223E-04	1.000	166	39	416	489	75	408	655	399	0.773	0.510
LOKIASV2_2712_ESMFold_hypothetical_protein	AF-A0A2W1EAS7-F1-model_v4	AF-A0A2W1EAS7-F1-model_v4 HisA, Phosphoribosylformimino-5-aminoimidazole carboxamide ribonucleotide (ProFAR) isomerase	1.170E-04	1.000	166	14	481	489	26	481	725	519	0.957	0.629
LOKIASV2_2712_ESMFold_hypothetical_protein	AF-A0A7X6XK45-F1-model_v4	AF-A0A7X6XK45-F1-model_v4 APC family permease	2.754E-04	1.000	165	44	488	489	12	413	446	495	0.910	0.901
LOKIASV2_2712_ESMFold_hypothetical_protein	AF-A0A1X7MUP2-F1-model_v4	AF-A0A1X7MUP2-F1-model_v4 Toxin CptA	1.795E-04	1.000	165	13	446	489	11	380	490	456	0.888	0.755
LOKIASV2_2712_ESMFold_hypothetical_protein	AF-A0A0G4F4Y1-F1-model_v4	AF-A0A0G4F4Y1-F1-model_v4 Uncharacterized protein	2.041E-04	1.000	165	24	488	489	40	449	599	494	0.951	0.684
LOKIASV2_2712_ESMFold_hypothetical_protein	AF-A0A663MU28-F1-model_v4	AF-A0A663MU28-F1-model_v4 Solute carrier family 12 member 2	5.650E-05	1.000	165	38	482	489	14	475	893	536	0.910	0.517
LOKIASV2_2712_ESMFold_hypothetical_protein	AF-A0A5N6MSN0-F1-model_v4	AF-A0A5N6MSN0-F1-model_v4 Amino acid permease	1.512E-04	1.000	164	20	485	489	16	421	456	497	0.953	0.890
LOKIASV2_2712_ESMFold_hypothetical_protein	AF-B5GS55-F1-model_v4	AF-B5GS55-F1-model_v4 Amino acid permease	1.388E-04	1.000	164	24	484	489	2	423	503	503	0.943	0.839
LOKIASV2_2712_ESMFold_hypothetical_protein	AF-A0A191WHJ9-F1-model_v4	AF-A0A191WHJ9-F1-model_v4 Amino acid permease	2.223E-04	1.000	164	21	488	489	3	444	511	514	0.957	0.865
LOKIASV2_2712_ESMFold_hypothetical_protein	AF-R7UCU7-F1-model_v4	AF-R7UCU7-F1-model_v4 Uncharacterized protein	9.131E-04	1.000	164	20	486	489	70	527	1001	534	0.955	0.458
LOKIASV2_2712_ESMFold_hypothetical_protein	AF-A0A5E7YYA6-F1-model_v4	AF-A0A5E7YYA6-F1-model_v4 Uncharacterized protein	6.425E-05	1.000	163	39	482	489	14	437	445	494	0.908	0.953
LOKIASV2_2712_ESMFold_hypothetical_protein	AF-A0A674A0S1-F1-model_v4	AF-A0A674A0S1-F1-model_v4 Cystine/glutamate transporter-like	1.873E-04	1.000	163	20	481	489	13	431	490	508	0.945	0.855
LOKIASV2_2712_ESMFold_hypothetical_protein	AF-A0A1H6KNF6-F1-model_v4	AF-A0A1H6KNF6-F1-model_v4 Amino acid transporter	3.528E-05	1.000	163	14	488	489	10	473	495	523	0.971	0.937
LOKIASV2_2712_ESMFold_hypothetical_protein	AF-A0A842JLU3-F1-model_v4	AF-A0A842JLU3-F1-model_v4 APC family permease	1.029E-04	1.000	163	39	489	489	29	486	507	516	0.922	0.903
LOKIASV2_2712_ESMFold_hypothetical_protein	AF-A0A285DZP9-F1-model_v4	AF-A0A285DZP9-F1-model_v4 Amino acid/polyamine/organocation transporter, APC superfamily	4.410E-04	1.000	163	37	482	489	15	438	512	489	0.912	0.828
LOKIASV2_2712_ESMFold_hypothetical_protein	AF-A0A094AUY1-F1-model_v4	AF-A0A094AUY1-F1-model_v4 Uncharacterized protein	9.857E-05	1.000	163	1	486	489	12	469	663	537	0.994	0.691
LOKIASV2_2712_ESMFold_hypothetical_protein	AF-A0A2T7NEI2-F1-model_v4	AF-A0A2T7NEI2-F1-model_v4 Uncharacterized protein	3.411E-04	1.000	163	20	486	489	246	694	1216	528	0.955	0.369
LOKIASV2_2712_ESMFold_hypothetical_protein	AF-A0A4Q9L958-F1-model_v4	AF-A0A4Q9L958-F1-model_v4 Transmembrane amino acid transporter	1.286E-03	1.000	162	37	488	489	2	381	388	476	0.924	0.979
LOKIASV2_2712_ESMFold_hypothetical_protein	AF-A0A0T9LZR7-F1-model_v4	AF-A0A0T9LZR7-F1-model_v4 Putrescine transporter PotE	6.767E-04	1.000	162	14	485	489	4	404	438	498	0.965	0.916
LOKIASV2_2712_ESMFold_hypothetical_protein	AF-A0A5N6U1D1-F1-model_v4	AF-A0A5N6U1D1-F1-model_v4 Amino acid/polyamine transporter I	1.795E-04	1.000	162	38	485	489	3	399	438	474	0.916	0.906
LOKIASV2_2712_ESMFold_hypothetical_protein	AF-A0A2D6YEK0-F1-model_v4	AF-A0A2D6YEK0-F1-model_v4 Amino acid permease	2.551E-03	1.000	162	41	485	489	8	410	454	468	0.910	0.888
LOKIASV2_2712_ESMFold_hypothetical_protein	AF-A0A2T7Q9I8-F1-model_v4	AF-A0A2T7Q9I8-F1-model_v4 Serine/threonine protein kinase	8.382E-04	1.000	162	31	488	489	1	425	454	516	0.937	0.936
LOKIASV2_2712_ESMFold_hypothetical_protein	AF-A0A6H0Y662-F1-model_v4	AF-A0A6H0Y662-F1-model_v4 Uncharacterized protein	2.754E-04	1.000	162	6	476	489	64	483	486	510	0.963	0.864
LOKIASV2_2712_ESMFold_hypothetical_protein	AF-A0A395H319-F1-model_v4	AF-A0A395H319-F1-model_v4 Proline-specific permease	4.805E-04	1.000	162	7	482	489	9	472	553	532	0.973	0.839
LOKIASV2_2712_ESMFold_hypothetical_protein	AF-A0A7I4Y286-F1-model_v4	AF-A0A7I4Y286-F1-model_v4 Uncharacterized protein	2.754E-04	1.000	162	20	489	489	66	499	554	513	0.961	0.783
LOKIASV2_2712_ESMFold_hypothetical_protein	AF-A0A507DDX1-F1-model_v4	AF-A0A507DDX1-F1-model_v4 Uncharacterized protein	4.603E-04	1.000	162	39	482	489	230	643	690	486	0.908	0.600
LOKIASV2_2712_ESMFold_hypothetical_protein	AF-A0A0K8VSD2-F1-model_v4	AF-A0A0K8VSD2-F1-model_v4 Bumetanide-sensitive sodium-(Potassium)-chloride cotransporter	1.038E-03	1.000	162	24	486	489	134	591	945	518	0.947	0.485
LOKIASV2_2712_ESMFold_hypothetical_protein	AF-A0A672TFM4-F1-model_v4	AF-A0A672TFM4-F1-model_v4 Solute carrier family 12 member 2	6.999E-05	1.000	162	18	482	489	164	644	1063	556	0.951	0.452
LOKIASV2_2712_ESMFold_hypothetical_protein	AF-A0A1F7TKA7-F1-model_v4	AF-A0A1F7TKA7-F1-model_v4 Uncharacterized protein	2.779E-03	1.000	161	28	488	489	1	378	380	471	0.943	0.995
LOKIASV2_2712_ESMFold_hypothetical_protein	AF-A0A258VE84-F1-model_v4	AF-A0A258VE84-F1-model_v4 Uncharacterized protein	1.342E-03	1.000	161	41	489	489	11	414	442	484	0.918	0.914
LOKIASV2_2712_ESMFold_hypothetical_protein	AF-A0A2P9FF24-F1-model_v4	AF-A0A2P9FF24-F1-model_v4 Phenylalanine-specific permease	1.512E-04	1.000	161	24	486	489	2	434	492	505	0.947	0.880
LOKIASV2_2712_ESMFold_hypothetical_protein	AF-A0A0H5R3T5-F1-model_v4	AF-A0A0H5R3T5-F1-model_v4 Uncharacterized protein	2.639E-04	1.000	161	14	485	489	27	439	497	504	0.965	0.831
LOKIASV2_2712_ESMFold_hypothetical_protein	AF-A0A4Q9HR01-F1-model_v4	AF-A0A4Q9HR01-F1-model_v4 Amino acid permease	2.321E-04	1.000	161	19	488	489	20	455	512	511	0.961	0.852
LOKIASV2_2712_ESMFold_hypothetical_protein	AF-A0A7S3G0G1-F1-model_v4	AF-A0A7S3G0G1-F1-model_v4 Hypothetical protein	6.767E-04	1.000	161	24	483	489	8	422	561	499	0.941	0.740
LOKIASV2_2712_ESMFold_hypothetical_protein	AF-A0A803STU7-F1-model_v4	AF-A0A803STU7-F1-model_v4 Uncharacterized protein	3.131E-04	1.000	161	20	486	489	14	479	822	542	0.955	0.567
LOKIASV2_2712_ESMFold_hypothetical_protein	AF-L9KTP2-F1-model_v4	AF-L9KTP2-F1-model_v4 Solute carrier family 12 member 3	2.422E-04	1.000	161	20	488	489	238	718	1117	551	0.959	0.431
LOKIASV2_2712_ESMFold_hypothetical_protein	AF-A0A7X1VG34-F1-model_v4	AF-A0A7X1VG34-F1-model_v4 Amino acid permease	4.226E-04	1.000	160	28	486	489	1	414	453	490	0.939	0.914
LOKIASV2_2712_ESMFold_hypothetical_protein	AF-A0A7J3YQ02-F1-model_v4	AF-A0A7J3YQ02-F1-model_v4 Sodium:alanine symporter family protein	2.321E-04	1.000	160	42	462	489	69	459	469	452	0.861	0.834
LOKIASV2_2712_ESMFold_hypothetical_protein	AF-A2D794-F1-model_v4	AF-A2D794-F1-model_v4 Transmembrane amino acid transporter protein	1.955E-04	1.000	160	24	485	489	62	463	477	496	0.945	0.843
LOKIASV2_2712_ESMFold_hypothetical_protein	AF-A0A0M2JSQ6-F1-model_v4	AF-A0A0M2JSQ6-F1-model_v4 Uncharacterized protein	2.041E-04	1.000	160	21	489	489	2	430	482	502	0.959	0.890
LOKIASV2_2712_ESMFold_hypothetical_protein	AF-A0A7J8MD46-F1-model_v4	AF-A0A7J8MD46-F1-model_v4 Uncharacterized protein	4.049E-04	1.000	160	26	488	489	44	437	486	480	0.947	0.811
LOKIASV2_2712_ESMFold_hypothetical_protein	AF-A0A543AVQ0-F1-model_v4	AF-A0A543AVQ0-F1-model_v4 Amino acid transporter	1.795E-04	1.000	160	24	488	489	3	435	501	511	0.951	0.864
LOKIASV2_2712_ESMFold_hypothetical_protein	AF-A0A2Z2LDL1-F1-model_v4	AF-A0A2Z2LDL1-F1-model_v4 Amino acid permease	4.603E-04	1.000	160	38	482	489	13	419	523	485	0.910	0.778
LOKIASV2_2712_ESMFold_hypothetical_protein	AF-A0A6A6FH79-F1-model_v4	AF-A0A6A6FH79-F1-model_v4 Uncharacterized protein	2.130E-04	1.000	160	24	485	489	3	450	524	527	0.945	0.855
LOKIASV2_2712_ESMFold_hypothetical_protein	AF-A0A2N3QH74-F1-model_v4	AF-A0A2N3QH74-F1-model_v4 Amino acid permease	1.735E-03	1.000	160	39	489	489	59	470	526	482	0.922	0.783
LOKIASV2_2712_ESMFold_hypothetical_protein	AF-A0A0D1YXX5-F1-model_v4	AF-A0A0D1YXX5-F1-model_v4 Uncharacterized protein	6.212E-04	1.000	160	21	482	489	103	551	766	508	0.945	0.586
LOKIASV2_2712_ESMFold_hypothetical_protein	AF-T1IT84-F1-model_v4	AF-T1IT84-F1-model_v4 Uncharacterized protein	7.372E-04	1.000	160	40	452	489	112	486	780	428	0.845	0.481
LOKIASV2_2712_ESMFold_hypothetical_protein	AF-A0A2D4RTP6-F1-model_v4	AF-A0A2D4RTP6-F1-model_v4 Amino acid permease	1.121E-04	1.000	159	21	484	489	2	422	428	508	0.949	0.984
LOKIASV2_2712_ESMFold_hypothetical_protein	AF-A0A2V7VP73-F1-model_v4	AF-A0A2V7VP73-F1-model_v4 Uncharacterized protein	4.012E-05	1.000	159	38	482	489	14	445	454	512	0.910	0.952
LOKIASV2_2712_ESMFold_hypothetical_protein	AF-A0A3R7B4U7-F1-model_v4	AF-A0A3R7B4U7-F1-model_v4 Uncharacterized protein	4.226E-04	1.000	159	21	485	489	2	418	473	503	0.951	0.882
LOKIASV2_2712_ESMFold_hypothetical_protein	AF-A0A1Z5SN55-F1-model_v4	AF-A0A1Z5SN55-F1-model_v4 Uncharacterized protein	6.212E-04	1.000	159	37	485	489	17	434	491	490	0.918	0.851
LOKIASV2_2712_ESMFold_hypothetical_protein	AF-C7YVT8-F1-model_v4	AF-C7YVT8-F1-model_v4 AA_permease domain-containing protein	1.648E-04	1.000	159	24	481	489	4	444	542	519	0.937	0.814
LOKIASV2_2712_ESMFold_hypothetical_protein	AF-A0A0F4ZEG0-F1-model_v4	AF-A0A0F4ZEG0-F1-model_v4 Uncharacterized protein	6.155E-05	1.000	159	20	488	489	44	536	565	548	0.959	0.873
LOKIASV2_2712_ESMFold_hypothetical_protein	AF-H9GCY6-F1-model_v4	AF-H9GCY6-F1-model_v4 Solute carrier family 12 member 3	3.380E-05	1.000	159	6	481	489	97	600	761	572	0.973	0.662
LOKIASV2_2712_ESMFold_hypothetical_protein	AF-A0A0N1IFG1-F1-model_v4	AF-A0A0N1IFG1-F1-model_v4 Bumetanide-sensitive sodium-(Potassium)-chloride cotransporter	4.410E-04	1.000	159	8	488	489	101	602	918	567	0.984	0.547
LOKIASV2_2712_ESMFold_hypothetical_protein	AF-Q6L2Q0-F1-model_v4	AF-Q6L2Q0-F1-model_v4 Amino acid permease	5.702E-04	1.000	158	21	485	489	4	413	444	498	0.951	0.923
LOKIASV2_2712_ESMFold_hypothetical_protein	AF-A0A4W2H2D2-F1-model_v4	AF-A0A4W2H2D2-F1-model_v4 Solute carrier family 7 member 9	7.063E-04	1.000	158	21	489	489	3	407	463	492	0.959	0.875
LOKIASV2_2712_ESMFold_hypothetical_protein	AF-A0A1A0XT21-F1-model_v4	AF-A0A1A0XT21-F1-model_v4 Uncharacterized protein	6.999E-05	1.000	158	37	485	489	4	451	469	514	0.918	0.955
LOKIASV2_2712_ESMFold_hypothetical_protein	AF-A0A164XZJ3-F1-model_v4	AF-A0A164XZJ3-F1-model_v4 Amino acid transporter	5.951E-04	1.000	158	39	485	489	7	415	487	487	0.914	0.840
LOKIASV2_2712_ESMFold_hypothetical_protein	AF-W2Z390-F1-model_v4	AF-W2Z390-F1-model_v4 Uncharacterized protein	8.749E-04	1.000	158	5	488	489	28	466	528	527	0.990	0.831
LOKIASV2_2712_ESMFold_hypothetical_protein	AF-A0A177AFX6-F1-model_v4	AF-A0A177AFX6-F1-model_v4 AA_permease domain-containing protein	6.483E-04	1.000	158	25	485	489	62	501	585	517	0.943	0.752
LOKIASV2_2712_ESMFold_hypothetical_protein	AF-A0A420J1D4-F1-model_v4	AF-A0A420J1D4-F1-model_v4 High-affinity methionine permease	8.749E-04	1.000	158	27	485	489	94	549	616	523	0.939	0.740
LOKIASV2_2712_ESMFold_hypothetical_protein	AF-A0A341BN75-F1-model_v4	AF-A0A341BN75-F1-model_v4 solute carrier family 12 member 3 isoform X11	3.411E-04	1.000	158	18	488	489	121	603	1028	551	0.963	0.470
LOKIASV2_2712_ESMFold_hypothetical_protein	AF-R0MDJ9-F1-model_v4	AF-R0MDJ9-F1-model_v4 Putative amino acid permease	7.694E-04	1.000	157	29	488	489	1	382	384	489	0.941	0.995
LOKIASV2_2712_ESMFold_hypothetical_protein	AF-A0A0N1HDE1-F1-model_v4	AF-A0A0N1HDE1-F1-model_v4 Purine-cytosine permease FCY2	6.212E-04	1.000	157	6	446	489	57	433	666	466	0.902	0.566
LOKIASV2_2712_ESMFold_hypothetical_protein	AF-A0A7T9BDN6-F1-model_v4	AF-A0A7T9BDN6-F1-model_v4 Amino acid permease	1.735E-03	1.000	156	14	485	489	2	389	422	493	0.965	0.919
LOKIASV2_2712_ESMFold_hypothetical_protein	AF-A0A2E2TYB1-F1-model_v4	AF-A0A2E2TYB1-F1-model_v4 Amino acid permease	1.891E-03	1.000	156	41	489	489	8	420	455	492	0.918	0.908
LOKIASV2_2712_ESMFold_hypothetical_protein	AF-A0A0C9X8J2-F1-model_v4	AF-A0A0C9X8J2-F1-model_v4 Unplaced genomic scaffold K443scaffold_150, whole genome shotgun sequence	1.121E-04	1.000	156	27	482	489	25	449	460	512	0.933	0.924
LOKIASV2_2712_ESMFold_hypothetical_protein	AF-A0A2I1CKS1-F1-model_v4	AF-A0A2I1CKS1-F1-model_v4 Putative nucleoside transporter	8.031E-04	1.000	156	4	456	489	55	444	529	472	0.926	0.737
LOKIASV2_2712_ESMFold_hypothetical_protein	AF-U5HDS2-F1-model_v4	AF-U5HDS2-F1-model_v4 Uncharacterized protein	3.268E-04	1.000	156	18	486	489	256	732	937	551	0.959	0.509
LOKIASV2_2712_ESMFold_hypothetical_protein	AF-A0A4U0UK95-F1-model_v4	AF-A0A4U0UK95-F1-model_v4 Peptidase A1 domain-containing protein	3.716E-04	1.000	156	37	483	489	61	452	1032	481	0.914	0.380
LOKIASV2_2712_ESMFold_hypothetical_protein	AF-A0A5A8DVT7-F1-model_v4	AF-A0A5A8DVT7-F1-model_v4 Uncharacterized protein	3.561E-04	1.000	156	5	486	489	68	529	1131	545	0.986	0.408
LOKIASV2_2712_ESMFold_hypothetical_protein	AF-A0A847QLL6-F1-model_v4	AF-A0A847QLL6-F1-model_v4 Branched-chain amino acid transport system II carrier protein	1.401E-03	1.000	155	36	480	489	4	382	438	456	0.910	0.865
LOKIASV2_2712_ESMFold_hypothetical_protein	AF-A0A077X1Q6-F1-model_v4	AF-A0A077X1Q6-F1-model_v4 Uncharacterized protein	4.049E-04	1.000	155	2	479	489	12	429	478	510	0.978	0.874
LOKIASV2_2712_ESMFold_hypothetical_protein	AF-A0A075JKZ8-F1-model_v4	AF-A0A075JKZ8-F1-model_v4 Amino acid permease	7.063E-04	1.000	155	12	486	489	46	461	513	504	0.971	0.811
LOKIASV2_2712_ESMFold_hypothetical_protein	AF-K0KZE4-F1-model_v4	AF-K0KZE4-F1-model_v4 Y+L amino acid transporter	1.232E-03	1.000	155	20	479	489	30	456	523	493	0.941	0.816
LOKIASV2_2712_ESMFold_hypothetical_protein	AF-A0A5N6KJC8-F1-model_v4	AF-A0A5N6KJC8-F1-model_v4 Uncharacterized protein	8.749E-04	1.000	155	38	485	489	61	471	546	482	0.916	0.753
LOKIASV2_2712_ESMFold_hypothetical_protein	AF-A0A239AAR7-F1-model_v4	AF-A0A239AAR7-F1-model_v4 Amino acid transporter	1.286E-03	1.000	155	24	488	489	1	422	660	493	0.951	0.639
LOKIASV2_2712_ESMFold_hypothetical_protein	AF-A0A1B6CFU0-F1-model_v4	AF-A0A1B6CFU0-F1-model_v4 Uncharacterized protein	3.268E-04	1.000	155	22	488	489	79	556	857	542	0.955	0.558
LOKIASV2_2712_ESMFold_hypothetical_protein	AF-A0A3C0WZU3-F1-model_v4	AF-A0A3C0WZU3-F1-model_v4 Branched-chain amino acid transport system carrier protein	2.901E-03	1.000	154	25	433	489	4	349	353	429	0.836	0.980
LOKIASV2_2712_ESMFold_hypothetical_protein	AF-A0A2N5JN56-F1-model_v4	AF-A0A2N5JN56-F1-model_v4 Amino acid ABC transporter permease	1.181E-03	1.000	154	12	485	489	5	459	512	537	0.969	0.889
LOKIASV2_2712_ESMFold_hypothetical_protein	AF-A0A329YVR5-F1-model_v4	AF-A0A329YVR5-F1-model_v4 Amino acid transporter	2.874E-04	1.000	154	37	482	489	33	450	512	493	0.912	0.816
LOKIASV2_2712_ESMFold_hypothetical_protein	AF-A0A072PRL0-F1-model_v4	AF-A0A072PRL0-F1-model_v4 Uncharacterized protein	6.212E-04	1.000	154	41	486	489	39	462	517	489	0.912	0.820
LOKIASV2_2712_ESMFold_hypothetical_protein	AF-A0A517L624-F1-model_v4	AF-A0A517L624-F1-model_v4 Uncharacterized protein	5.702E-04	1.000	154	19	482	489	66	516	639	504	0.949	0.706
LOKIASV2_2712_ESMFold_hypothetical_protein	AF-A0A1W5CZ04-F1-model_v4	AF-A0A1W5CZ04-F1-model_v4 Choline transport protein	2.528E-04	1.000	153	20	486	489	29	493	547	534	0.955	0.850
LOKIASV2_2712_ESMFold_hypothetical_protein	AF-S8A0I3-F1-model_v4	AF-S8A0I3-F1-model_v4 AA_permease domain-containing protein	2.111E-05	1.000	153	18	484	489	28	516	571	550	0.955	0.856
LOKIASV2_2712_ESMFold_hypothetical_protein	AF-A0A507ELI0-F1-model_v4	AF-A0A507ELI0-F1-model_v4 Uncharacterized protein	2.041E-04	1.000	153	24	488	489	96	534	577	514	0.951	0.761
LOKIASV2_2712_ESMFold_hypothetical_protein	AF-A0A835T6L2-F1-model_v4	AF-A0A835T6L2-F1-model_v4 Uncharacterized protein	1.181E-03	1.000	153	39	486	489	13	445	672	494	0.916	0.644
LOKIASV2_2712_ESMFold_hypothetical_protein	AF-A0A023GEC5-F1-model_v4	AF-A0A023GEC5-F1-model_v4 Putative amino acid transporter	4.603E-04	1.000	153	5	485	489	133	583	845	537	0.984	0.534
LOKIASV2_2712_ESMFold_hypothetical_protein	AF-I4D7K1-F1-model_v4	AF-I4D7K1-F1-model_v4 Spore germination protein, amino acid permease	1.873E-04	1.000	152	20	435	489	6	388	402	456	0.851	0.953
LOKIASV2_2712_ESMFold_hypothetical_protein	AF-K1PK48-F1-model_v4	AF-K1PK48-F1-model_v4 Y+L amino acid transporter 2	1.526E-03	1.000	152	44	466	489	25	403	405	440	0.865	0.936
LOKIASV2_2712_ESMFold_hypothetical_protein	AF-A0A7W5B510-F1-model_v4	AF-A0A7W5B510-F1-model_v4 Spore germination protein	3.000E-04	1.000	152	20	450	489	3	379	419	469	0.881	0.900
LOKIASV2_2712_ESMFold_hypothetical_protein	AF-Q3UG45-F1-model_v4	AF-Q3UG45-F1-model_v4 Uncharacterized protein	1.593E-03	1.000	152	70	485	489	2	370	428	452	0.851	0.862
LOKIASV2_2712_ESMFold_hypothetical_protein	AF-A4T351-F1-model_v4	AF-A4T351-F1-model_v4 Permease for cytosine/purines, uracil, thiamine, allantoin	4.049E-04	1.000	151	39	451	489	20	371	461	435	0.845	0.764
LOKIASV2_2712_ESMFold_hypothetical_protein	AF-B8NFI6-F1-model_v4	AF-B8NFI6-F1-model_v4 Choline transport protein, putative	8.749E-04	1.000	151	33	485	489	20	440	487	490	0.926	0.864
LOKIASV2_2712_ESMFold_hypothetical_protein	AF-A0A101WV20-F1-model_v4	AF-A0A101WV20-F1-model_v4 Uncharacterized protein	9.857E-05	1.000	151	39	484	489	9	467	516	521	0.912	0.890
LOKIASV2_2712_ESMFold_hypothetical_protein	AF-A0A671PRM9-F1-model_v4	AF-A0A671PRM9-F1-model_v4 Putative sodium-coupled neutral amino acid transporter 10	2.060E-03	1.000	151	27	484	489	1	392	582	481	0.937	0.674
LOKIASV2_2712_ESMFold_hypothetical_protein	AF-A0A553I8E5-F1-model_v4	AF-A0A553I8E5-F1-model_v4 Uncharacterized protein	3.268E-04	1.000	151	5	440	489	88	499	602	495	0.892	0.684
LOKIASV2_2712_ESMFold_hypothetical_protein	AF-A0A1D1VP69-F1-model_v4	AF-A0A1D1VP69-F1-model_v4 AA_permease domain-containing protein	6.767E-04	1.000	151	24	462	489	36	425	636	483	0.898	0.613
LOKIASV2_2712_ESMFold_hypothetical_protein	AF-A0A1C1CKI1-F1-model_v4	AF-A0A1C1CKI1-F1-model_v4 High-affinity methionine permease	2.060E-03	1.000	151	39	484	489	140	550	682	476	0.912	0.603
LOKIASV2_2712_ESMFold_hypothetical_protein	AF-A0A521BIE9-F1-model_v4	AF-A0A521BIE9-F1-model_v4 Spore germination protein	1.286E-03	1.000	150	39	450	489	14	370	386	438	0.843	0.925
LOKIASV2_2712_ESMFold_hypothetical_protein	AF-A0A382EKL5-F1-model_v4	AF-A0A382EKL5-F1-model_v4 Uncharacterized protein	1.038E-03	1.000	150	1	479	489	1	485	487	580	0.980	0.996
LOKIASV2_2712_ESMFold_hypothetical_protein	AF-A0A852X4I2-F1-model_v4	AF-A0A852X4I2-F1-model_v4 Amino acid transporter	1.221E-04	1.000	150	36	484	489	26	474	509	512	0.918	0.882
LOKIASV2_2712_ESMFold_hypothetical_protein	AF-A0A7D5Z3I9-F1-model_v4	AF-A0A7D5Z3I9-F1-model_v4 Choline transport protein	4.226E-04	1.000	150	38	486	489	41	459	537	493	0.918	0.780
LOKIASV2_2712_ESMFold_hypothetical_protein	AF-A0A4T0DF32-F1-model_v4	AF-A0A4T0DF32-F1-model_v4 Amino acid permease	1.286E-03	1.000	150	20	486	489	245	702	781	529	0.955	0.586
LOKIASV2_2712_ESMFold_hypothetical_protein	AF-A0A4S1M9P3-F1-model_v4	AF-A0A4S1M9P3-F1-model_v4 Amino acid permease	2.060E-03	1.000	149	36	488	489	8	406	430	489	0.926	0.928
LOKIASV2_2712_ESMFold_hypothetical_protein	AF-A0A0G4FT42-F1-model_v4	AF-A0A0G4FT42-F1-model_v4 Aa_trans domain-containing protein	9.531E-04	1.000	149	42	488	489	38	422	431	469	0.914	0.893
LOKIASV2_2712_ESMFold_hypothetical_protein	AF-A0A5N7BSZ5-F1-model_v4	AF-A0A5N7BSZ5-F1-model_v4 Putative choline transporter	7.372E-04	1.000	149	27	486	489	10	398	460	489	0.941	0.846
LOKIASV2_2712_ESMFold_hypothetical_protein	AF-Q0CX87-F1-model_v4	AF-Q0CX87-F1-model_v4 AA_permease domain-containing protein	4.049E-04	1.000	149	22	485	489	4	448	487	534	0.949	0.914
LOKIASV2_2712_ESMFold_hypothetical_protein	AF-Q8SWS0-F1-model_v4	AF-Q8SWS0-F1-model_v4 RH37201p	1.342E-03	1.000	149	9	486	489	36	507	632	549	0.978	0.747
LOKIASV2_2712_ESMFold_hypothetical_protein	AF-A0A4D4K3X9-F1-model_v4	AF-A0A4D4K3X9-F1-model_v4 Uncharacterized protein	9.948E-04	1.000	149	24	446	489	8	380	675	444	0.865	0.553
LOKIASV2_2712_ESMFold_hypothetical_protein	AF-A0A6Q2WWU3-F1-model_v4	AF-A0A6Q2WWU3-F1-model_v4 Solute carrier family 12 member 2	1.449E-04	1.000	149	17	482	489	194	678	1109	562	0.953	0.437
LOKIASV2_2712_ESMFold_hypothetical_protein	AF-A0A6J3BDB7-F1-model_v4	AF-A0A6J3BDB7-F1-model_v4 large neutral amino acids transporter small subunit 1	1.663E-03	1.000	148	39	455	489	19	384	419	447	0.853	0.874
LOKIASV2_2712_ESMFold_hypothetical_protein	AF-A0A7K2KJE9-F1-model_v4	AF-A0A7K2KJE9-F1-model_v4 Cytosine or purine or uracil or thiamine or allantoin permease	5.702E-04	1.000	148	14	453	489	7	366	458	457	0.900	0.786
LOKIASV2_2712_ESMFold_hypothetical_protein	AF-A0A2N0X8Z0-F1-model_v4	AF-A0A2N0X8Z0-F1-model_v4 Lysine transporter	3.028E-03	1.000	148	36	485	489	2	418	479	495	0.920	0.871
LOKIASV2_2712_ESMFold_hypothetical_protein	AF-E4UQM9-F1-model_v4	AF-E4UQM9-F1-model_v4 Purine-cytosine permease FCY22	6.483E-04	1.000	148	5	482	489	49	502	513	548	0.978	0.885
LOKIASV2_2712_ESMFold_hypothetical_protein	AF-A0A1H6CTQ2-F1-model_v4	AF-A0A1H6CTQ2-F1-model_v4 Amino acid/polyamine/organocation transporter, APC superfamily	3.380E-05	1.000	148	20	483	489	14	473	524	534	0.949	0.878
LOKIASV2_2712_ESMFold_hypothetical_protein	AF-A0A2N1KYU7-F1-model_v4	AF-A0A2N1KYU7-F1-model_v4 Uncharacterized protein	7.372E-04	1.000	148	20	482	489	9	452	524	530	0.947	0.847
LOKIASV2_2712_ESMFold_hypothetical_protein	AF-A0A2D5YA09-F1-model_v4	AF-A0A2D5YA09-F1-model_v4 Uncharacterized protein	4.226E-04	1.000	148	3	483	489	6	550	574	624	0.984	0.949
LOKIASV2_2712_ESMFold_hypothetical_protein	AF-A0A1E5R7U2-F1-model_v4	AF-A0A1E5R7U2-F1-model_v4 SPS-sensor component SSY1	1.286E-03	1.000	148	20	481	489	252	797	881	589	0.945	0.620
LOKIASV2_2712_ESMFold_hypothetical_protein	AF-A0A2L2BQE0-F1-model_v4	AF-A0A2L2BQE0-F1-model_v4 Purine/cytosine permease	5.702E-04	1.000	148	12	472	489	465	854	944	483	0.943	0.413
LOKIASV2_2712_ESMFold_hypothetical_protein	AF-A0A5C8HSQ5-F1-model_v4	AF-A0A5C8HSQ5-F1-model_v4 APC family permease	4.969E-05	1.000	147	21	485	489	2	470	491	539	0.951	0.955
LOKIASV2_2712_ESMFold_hypothetical_protein	AF-A0A653UKJ7-F1-model_v4	AF-A0A653UKJ7-F1-model_v4 Amino acid/polyamine/organocation transporter, APC superfamily	4.562E-05	1.000	147	20	485	489	8	467	496	531	0.953	0.927
LOKIASV2_2712_ESMFold_hypothetical_protein	AF-A0A1E3HRM2-F1-model_v4	AF-A0A1E3HRM2-F1-model_v4 Uncharacterized protein	1.038E-03	1.000	147	2	484	489	43	474	548	541	0.988	0.788
LOKIASV2_2712_ESMFold_hypothetical_protein	AF-A0A2I2EYD1-F1-model_v4	AF-A0A2I2EYD1-F1-model_v4 Amino acid transporter	1.286E-03	1.000	147	5	484	489	100	520	561	510	0.982	0.750
LOKIASV2_2712_ESMFold_hypothetical_protein	AF-A0A1D2N090-F1-model_v4	AF-A0A1D2N090-F1-model_v4 Bumetanide-sensitive sodium-(Potassium)-chloride cotransporter	2.150E-03	1.000	147	12	488	489	276	740	1206	535	0.975	0.386
LOKIASV2_2712_ESMFold_hypothetical_protein	AF-A0A1Y0CN68-F1-model_v4	AF-A0A1Y0CN68-F1-model_v4 Spore gernimation protein	2.244E-03	1.000	146	38	481	489	15	358	368	465	0.908	0.935
LOKIASV2_2712_ESMFold_hypothetical_protein	AF-A0A0C3SEQ5-F1-model_v4	AF-A0A0C3SEQ5-F1-model_v4 Uncharacterized protein	3.561E-04	1.000	146	9	457	489	2	374	463	467	0.918	0.806
LOKIASV2_2712_ESMFold_hypothetical_protein	AF-A0A1G8XPD9-F1-model_v4	AF-A0A1G8XPD9-F1-model_v4 Amino acid transporter	9.857E-05	1.000	146	20	488	489	2	480	499	539	0.959	0.960
LOKIASV2_2712_ESMFold_hypothetical_protein	AF-A0A819SLR5-F1-model_v4	AF-A0A819SLR5-F1-model_v4 Hypothetical protein	3.561E-04	1.000	146	8	453	489	57	443	540	477	0.912	0.717
LOKIASV2_2712_ESMFold_hypothetical_protein	AF-A0A7C3URJ4-F1-model_v4	AF-A0A7C3URJ4-F1-model_v4 Thiamine permease	2.551E-03	1.000	145	39	416	489	27	339	340	388	0.773	0.921
LOKIASV2_2712_ESMFold_hypothetical_protein	AF-A0A550CPC6-F1-model_v4	AF-A0A550CPC6-F1-model_v4 Permease	5.463E-04	1.000	145	5	482	489	43	535	546	562	0.978	0.903
LOKIASV2_2712_ESMFold_hypothetical_protein	AF-A0A6L5D1Z5-F1-model_v4	AF-A0A6L5D1Z5-F1-model_v4 Aa_trans domain-containing protein	1.663E-03	1.000	144	42	485	489	28	408	430	476	0.908	0.886
LOKIASV2_2712_ESMFold_hypothetical_protein	AF-I9C887-F1-model_v4	AF-I9C887-F1-model_v4 Cytosine/purines/uracil/thiamine/allantoin transporter	1.181E-03	1.000	144	39	479	489	27	386	457	459	0.902	0.788
LOKIASV2_2712_ESMFold_hypothetical_protein	AF-J0LER1-F1-model_v4	AF-J0LER1-F1-model_v4 Uncharacterized protein	2.223E-04	1.000	144	20	486	489	4	436	494	519	0.955	0.877
LOKIASV2_2712_ESMFold_hypothetical_protein	AF-A0A6J4RCQ5-F1-model_v4	AF-A0A6J4RCQ5-F1-model_v4 Symporter YjcG	9.531E-04	1.000	144	39	457	489	8	399	509	457	0.857	0.770
LOKIASV2_2712_ESMFold_hypothetical_protein	AF-A0A7X4D2M1-F1-model_v4	AF-A0A7X4D2M1-F1-model_v4 Amino acid permease	4.562E-05	1.000	144	5	482	489	91	545	559	539	0.978	0.814
LOKIASV2_2712_ESMFold_hypothetical_protein	AF-P55017-F1-model_v4	AF-P55017-F1-model_v4 Solute carrier family 12 member 3	4.603E-04	1.000	144	24	488	489	126	605	1021	548	0.951	0.470
LOKIASV2_2712_ESMFold_hypothetical_protein	AF-A0A6G1YS37-F1-model_v4	AF-A0A6G1YS37-F1-model_v4 Putative hydroxymethylpyrimidine transporter CytX	3.028E-03	1.000	143	26	465	489	1	358	361	469	0.900	0.992
LOKIASV2_2712_ESMFold_hypothetical_protein	AF-A0A1Q9RRU5-F1-model_v4	AF-A0A1Q9RRU5-F1-model_v4 Uncharacterized protein	5.015E-04	1.000	143	7	475	489	7	430	441	514	0.959	0.961
LOKIASV2_2712_ESMFold_hypothetical_protein	AF-A0A2V2Z0N1-F1-model_v4	AF-A0A2V2Z0N1-F1-model_v4 Amino acid transporter	1.663E-03	1.000	143	38	488	489	67	496	554	503	0.922	0.776
LOKIASV2_2712_ESMFold_hypothetical_protein	AF-A0A0N0DHJ8-F1-model_v4	AF-A0A0N0DHJ8-F1-model_v4 Amino-acid permease inda1	8.669E-05	1.000	143	22	488	489	62	528	575	553	0.955	0.812
LOKIASV2_2712_ESMFold_hypothetical_protein	AF-A0A6I8QS40-F1-model_v4	AF-A0A6I8QS40-F1-model_v4 AA_permease domain-containing protein	5.015E-04	1.000	143	19	462	489	2	413	696	500	0.908	0.592
LOKIASV2_2712_ESMFold_hypothetical_protein	AF-A0A0L1J0J3-F1-model_v4	AF-A0A0L1J0J3-F1-model_v4 Putative amino acid transporter	3.593E-03	1.000	143	20	485	489	14	481	1050	529	0.953	0.446
LOKIASV2_2712_ESMFold_hypothetical_protein	AF-A0A352SIU1-F1-model_v4	AF-A0A352SIU1-F1-model_v4 Sodium:alanine symporter family protein	2.874E-04	1.000	142	26	436	489	47	417	427	432	0.840	0.869
LOKIASV2_2712_ESMFold_hypothetical_protein	AF-A0A7R8A136-F1-model_v4	AF-A0A7R8A136-F1-model_v4 AA_permease domain-containing protein	5.463E-04	1.000	142	7	482	489	10	473	554	543	0.973	0.838
LOKIASV2_2712_ESMFold_hypothetical_protein	AF-A0A7S1XFA0-F1-model_v4	AF-A0A7S1XFA0-F1-model_v4 Hypothetical protein	2.779E-03	1.000	141	37	488	489	40	427	431	475	0.924	0.900
LOKIASV2_2712_ESMFold_hypothetical_protein	AF-A0A4P6F6G8-F1-model_v4	AF-A0A4P6F6G8-F1-model_v4 Amino acid permease	5.282E-03	1.000	141	38	485	489	67	479	534	476	0.916	0.773
LOKIASV2_2712_ESMFold_hypothetical_protein	AF-A0A6B0PWR0-F1-model_v4	AF-A0A6B0PWR0-F1-model_v4 GerAB/ArcD/ProY family transporter	2.779E-03	1.000	140	38	455	489	12	359	364	442	0.855	0.956
LOKIASV2_2712_ESMFold_hypothetical_protein	AF-A0A7C3MN83-F1-model_v4	AF-A0A7C3MN83-F1-model_v4 APC family permease	1.038E-03	1.000	140	44	484	489	34	422	467	471	0.902	0.833
LOKIASV2_2712_ESMFold_hypothetical_protein	AF-A0A0K9G8H6-F1-model_v4	AF-A0A0K9G8H6-F1-model_v4 Uncharacterized protein	2.244E-03	1.000	140	42	470	489	29	384	469	442	0.877	0.759
LOKIASV2_2712_ESMFold_hypothetical_protein	AF-A0A2D6FDD3-F1-model_v4	AF-A0A2D6FDD3-F1-model_v4 Amino acid permease	1.663E-03	1.000	140	41	485	489	13	427	473	489	0.910	0.877
LOKIASV2_2712_ESMFold_hypothetical_protein	AF-A0A6G0XRD6-F1-model_v4	AF-A0A6G0XRD6-F1-model_v4 Uncharacterized protein	3.593E-03	1.000	140	21	487	489	7	425	548	492	0.955	0.765
LOKIASV2_2712_ESMFold_hypothetical_protein	AF-A0A2R5G6B7-F1-model_v4	AF-A0A2R5G6B7-F1-model_v4 Solute carrier family 12 member 9	2.150E-03	1.000	140	42	488	489	123	542	914	494	0.914	0.460
LOKIASV2_2712_ESMFold_hypothetical_protein	AF-A0A3E2HPZ9-F1-model_v4	AF-A0A3E2HPZ9-F1-model_v4 Protein kinase domain-containing protein	6.425E-05	1.000	140	20	487	489	57	467	1140	521	0.957	0.361
LOKIASV2_2712_ESMFold_hypothetical_protein	AF-A0A3G2TAK8-F1-model_v4	AF-A0A3G2TAK8-F1-model_v4 Uncharacterized protein	5.951E-04	1.000	139	21	420	489	5	362	389	439	0.818	0.920
LOKIASV2_2712_ESMFold_hypothetical_protein	AF-A0A1A7W861-F1-model_v4	AF-A0A1A7W861-F1-model_v4 Solute carrier family 38, member 10	4.645E-03	1.000	139	39	488	489	8	389	835	475	0.920	0.457
LOKIASV2_2712_ESMFold_hypothetical_protein	AF-A0A7G5KL29-F1-model_v4	AF-A0A7G5KL29-F1-model_v4 Uncharacterized protein	8.749E-04	1.000	138	2	481	489	54	479	527	525	0.982	0.808
LOKIASV2_2712_ESMFold_hypothetical_protein	AF-A0A7M5UNZ7-F1-model_v4	AF-A0A7M5UNZ7-F1-model_v4 Aa_trans domain-containing protein	1.891E-03	1.000	138	31	488	489	1	394	529	494	0.937	0.745
LOKIASV2_2712_ESMFold_hypothetical_protein	AF-A0A3A9G0J2-F1-model_v4	AF-A0A3A9G0J2-F1-model_v4 Spore gernimation protein	5.282E-03	1.000	137	21	482	489	1	363	370	474	0.945	0.981
LOKIASV2_2712_ESMFold_hypothetical_protein	AF-A0A6V8QZN5-F1-model_v4	AF-A0A6V8QZN5-F1-model_v4 Choline transport protein	3.298E-03	1.000	137	5	451	489	10	421	457	496	0.914	0.902
LOKIASV2_2712_ESMFold_hypothetical_protein	AF-A0A1R1MM23-F1-model_v4	AF-A0A1R1MM23-F1-model_v4 Cation acetate symporter	1.232E-03	1.000	137	4	481	489	17	512	534	573	0.978	0.929
LOKIASV2_2712_ESMFold_hypothetical_protein	AF-K1SR11-F1-model_v4	AF-K1SR11-F1-model_v4 Permease for cytosine/purines uracil thiamine allantoin	1.131E-03	1.000	136	38	476	489	6	384	385	466	0.898	0.984
LOKIASV2_2712_ESMFold_hypothetical_protein	AF-A0A139A6J5-F1-model_v4	AF-A0A139A6J5-F1-model_v4 Amino acid transporter	4.849E-03	1.000	136	26	486	489	1	444	511	510	0.943	0.869
LOKIASV2_2712_ESMFold_hypothetical_protein	AF-A0A7W9E592-F1-model_v4	AF-A0A7W9E592-F1-model_v4 Purine-cytosine permease-like protein	8.382E-04	1.000	136	14	465	489	80	460	581	488	0.924	0.656
LOKIASV2_2712_ESMFold_hypothetical_protein	AF-A0A838P3P1-F1-model_v4	AF-A0A838P3P1-F1-model_v4 Amino acid permease	4.849E-03	1.000	135	39	482	489	21	412	460	481	0.908	0.852
LOKIASV2_2712_ESMFold_hypothetical_protein	AF-M5YM74-F1-model_v4	AF-M5YM74-F1-model_v4 Sodium/proline symporter	1.973E-03	1.000	135	29	488	489	32	486	496	529	0.941	0.917
LOKIASV2_2712_ESMFold_hypothetical_protein	AF-A0A1B8WL77-F1-model_v4	AF-A0A1B8WL77-F1-model_v4 Uncharacterized protein	2.779E-03	1.000	135	38	485	489	70	481	537	483	0.916	0.767
LOKIASV2_2712_ESMFold_hypothetical_protein	AF-A0A1E7F4T8-F1-model_v4	AF-A0A1E7F4T8-F1-model_v4 Aa_trans-domain-containing protein	2.901E-03	1.000	134	4	453	489	40	462	464	494	0.920	0.912
LOKIASV2_2712_ESMFold_hypothetical_protein	AF-A0A813XT06-F1-model_v4	AF-A0A813XT06-F1-model_v4 Hypothetical protein	2.444E-03	1.000	134	39	453	489	28	386	473	443	0.849	0.759
LOKIASV2_2712_ESMFold_hypothetical_protein	AF-A0A194XI42-F1-model_v4	AF-A0A194XI42-F1-model_v4 Uncharacterized protein	6.483E-04	1.000	134	6	446	489	46	426	519	479	0.902	0.734
LOKIASV2_2712_ESMFold_hypothetical_protein	AF-A0A415X195-F1-model_v4	AF-A0A415X195-F1-model_v4 Uncharacterized protein	1.648E-04	1.000	134	26	483	489	2	382	719	494	0.937	0.530
LOKIASV2_2712_ESMFold_hypothetical_protein	AF-A0A6P1HZ11-F1-model_v4	AF-A0A6P1HZ11-F1-model_v4 Amino acid permease family protein	2.321E-04	1.000	133	44	489	489	5	438	449	507	0.912	0.967
LOKIASV2_2712_ESMFold_hypothetical_protein	AF-A0A7S1A5Y2-F1-model_v4	AF-A0A7S1A5Y2-F1-model_v4 Hypothetical protein	9.531E-04	1.000	133	5	486	489	29	452	463	527	0.986	0.916
LOKIASV2_2712_ESMFold_hypothetical_protein	AF-C5KHC3-F1-model_v4	AF-C5KHC3-F1-model_v4 Amino acid transporter, putative	1.526E-03	1.000	133	39	488	489	86	465	475	464	0.920	0.800
LOKIASV2_2712_ESMFold_hypothetical_protein	AF-U2S047-F1-model_v4	AF-U2S047-F1-model_v4 Branched-chain amino acid transport system carrier protein	1.181E-03	1.000	133	26	488	489	48	483	504	523	0.947	0.865
LOKIASV2_2712_ESMFold_hypothetical_protein	AF-A0A3D0XXB5-F1-model_v4	AF-A0A3D0XXB5-F1-model_v4 Uncharacterized protein	1.004E-02	1.000	132	38	451	489	8	353	362	427	0.847	0.956
LOKIASV2_2712_ESMFold_hypothetical_protein	AF-A0A6L8KIF3-F1-model_v4	AF-A0A6L8KIF3-F1-model_v4 Cytosine permease	1.891E-03	1.000	132	33	466	489	8	365	440	466	0.888	0.814
LOKIASV2_2712_ESMFold_hypothetical_protein	AF-A0A1H2DJ67-F1-model_v4	AF-A0A1H2DJ67-F1-model_v4 Purine-cytosine permease	2.342E-03	1.000	132	41	464	489	75	439	512	452	0.867	0.713
LOKIASV2_2712_ESMFold_hypothetical_protein	AF-A0A101DIX9-F1-model_v4	AF-A0A101DIX9-F1-model_v4 SSS sodium solute transporter superfamily	2.150E-03	1.000	132	38	482	489	48	494	524	510	0.910	0.853
LOKIASV2_2712_ESMFold_hypothetical_protein	AF-A0A652JVE9-F1-model_v4	AF-A0A652JVE9-F1-model_v4 APC family permease	1.720E-04	1.000	131	39	485	489	10	446	468	511	0.914	0.934
LOKIASV2_2712_ESMFold_hypothetical_protein	AF-A0A383VGQ9-F1-model_v4	AF-A0A383VGQ9-F1-model_v4 Aa_trans domain-containing protein	4.086E-03	1.000	131	24	455	489	14	387	509	456	0.883	0.735
LOKIASV2_2712_ESMFold_hypothetical_protein	AF-W4RQX6-F1-model_v4	AF-W4RQX6-F1-model_v4 Na+/myo-inositol cotransporter	1.526E-03	1.000	131	38	486	489	48	469	518	500	0.918	0.815
LOKIASV2_2712_ESMFold_hypothetical_protein	AF-A0A7M7MC99-F1-model_v4	AF-A0A7M7MC99-F1-model_v4 Uncharacterized protein	5.282E-03	1.000	131	2	470	489	18	486	543	541	0.959	0.864
LOKIASV2_2712_ESMFold_hypothetical_protein	AF-A0A074XAV5-F1-model_v4	AF-A0A074XAV5-F1-model_v4 AA_permease domain-containing protein	3.298E-03	1.000	131	24	482	489	5	495	645	563	0.939	0.761
LOKIASV2_2712_ESMFold_hypothetical_protein	AF-A0A4S4LZY9-F1-model_v4	AF-A0A4S4LZY9-F1-model_v4 HIT domain-containing protein	1.401E-03	1.000	131	2	451	489	243	703	794	531	0.920	0.581
LOKIASV2_2712_ESMFold_hypothetical_protein	AF-A0A2T4LR86-F1-model_v4	AF-A0A2T4LR86-F1-model_v4 Cytosine permease	8.829E-03	1.000	130	39	488	489	24	425	444	490	0.920	0.905
LOKIASV2_2712_ESMFold_hypothetical_protein	AF-A0A2T2X074-F1-model_v4	AF-A0A2T2X074-F1-model_v4 Uncharacterized protein	6.269E-03	1.000	130	15	484	489	11	446	461	523	0.961	0.946
LOKIASV2_2712_ESMFold_hypothetical_protein	AF-A0A6I3G000-F1-model_v4	AF-A0A6I3G000-F1-model_v4 Nitrate reductase	3.160E-03	1.000	130	14	452	489	6	384	472	467	0.898	0.803
LOKIASV2_2712_ESMFold_hypothetical_protein	AF-A0A0G4HKS3-F1-model_v4	AF-A0A0G4HKS3-F1-model_v4 Aa_trans domain-containing protein	3.298E-03	1.000	130	18	488	489	57	609	624	626	0.963	0.886
LOKIASV2_2712_ESMFold_hypothetical_protein	AF-A0A4R2PJ78-F1-model_v4	AF-A0A4R2PJ78-F1-model_v4 Histidine kinase	7.063E-04	1.000	130	26	489	489	36	516	1166	544	0.949	0.413
LOKIASV2_2712_ESMFold_hypothetical_protein	AF-A0A399YC39-F1-model_v4	AF-A0A399YC39-F1-model_v4 APC family permease	1.973E-03	1.000	129	38	482	489	17	401	487	478	0.910	0.791
LOKIASV2_2712_ESMFold_hypothetical_protein	AF-A0A6G9Y299-F1-model_v4	AF-A0A6G9Y299-F1-model_v4 Sodium/solute symporter	1.131E-03	1.000	129	39	451	489	53	433	542	453	0.845	0.703
LOKIASV2_2712_ESMFold_hypothetical_protein	AF-A0A538HZI0-F1-model_v4	AF-A0A538HZI0-F1-model_v4 APC family permease	1.342E-03	1.000	129	5	489	489	3	494	544	583	0.992	0.904
LOKIASV2_2712_ESMFold_hypothetical_protein	AF-A0A3D8MUH5-F1-model_v4	AF-A0A3D8MUH5-F1-model_v4 BCCT family transporter	9.618E-03	1.000	129	12	452	489	69	485	658	487	0.902	0.634
LOKIASV2_2712_ESMFold_hypothetical_protein	AF-A0A167CBC4-F1-model_v4	AF-A0A167CBC4-F1-model_v4 Ssy1p	5.513E-03	1.000	129	6	483	489	355	958	1053	648	0.978	0.574
LOKIASV2_2712_ESMFold_hypothetical_protein	AF-A0A835XJR9-F1-model_v4	AF-A0A835XJR9-F1-model_v4 Uncharacterized protein	2.901E-03	1.000	129	18	486	489	31	505	1098	548	0.959	0.433
LOKIASV2_2712_ESMFold_hypothetical_protein	AF-A0A3M4CBM5-F1-model_v4	AF-A0A3M4CBM5-F1-model_v4 Cytosine/purine uracil thiaminee allantoin permease	1.735E-03	1.000	128	13	465	489	7	393	489	476	0.926	0.791
LOKIASV2_2712_ESMFold_hypothetical_protein	AF-A0A1Q4HE95-F1-model_v4	AF-A0A1Q4HE95-F1-model_v4 Uncharacterized protein	2.244E-03	1.000	128	24	451	489	3	379	491	461	0.875	0.768
LOKIASV2_2712_ESMFold_hypothetical_protein	AF-A0A6G9GVZ8-F1-model_v4	AF-A0A6G9GVZ8-F1-model_v4 Cytosine permease	2.779E-03	1.000	128	20	454	489	18	375	510	447	0.890	0.702
LOKIASV2_2712_ESMFold_hypothetical_protein	AF-A0A1S9RF29-F1-model_v4	AF-A0A1S9RF29-F1-model_v4 Nucleoside transporter	5.513E-03	1.000	128	2	456	489	38	425	512	474	0.930	0.758
LOKIASV2_2712_ESMFold_hypothetical_protein	AF-A0A6L8K0K5-F1-model_v4	AF-A0A6L8K0K5-F1-model_v4 GerAB/ArcD/ProY family transporter	9.618E-03	1.000	127	38	453	489	16	356	371	435	0.851	0.919
LOKIASV2_2712_ESMFold_hypothetical_protein	AF-A0A2V9LP62-F1-model_v4	AF-A0A2V9LP62-F1-model_v4 Uncharacterized protein	3.000E-04	1.000	127	40	482	489	52	472	482	495	0.906	0.873
LOKIASV2_2712_ESMFold_hypothetical_protein	AF-A0A7C4UU07-F1-model_v4	AF-A0A7C4UU07-F1-model_v4 APC family permease	3.160E-03	1.000	127	40	485	489	23	491	493	518	0.912	0.951
LOKIASV2_2712_ESMFold_hypothetical_protein	AF-A0A6P2CD12-F1-model_v4	AF-A0A6P2CD12-F1-model_v4 APC family permease	9.948E-04	1.000	127	37	489	489	20	490	513	532	0.926	0.918
LOKIASV2_2712_ESMFold_hypothetical_protein	AF-A0A7W0D3T2-F1-model_v4	AF-A0A7W0D3T2-F1-model_v4 Endospore germination permease	9.618E-03	1.000	126	37	481	489	5	355	363	452	0.910	0.967
LOKIASV2_2712_ESMFold_hypothetical_protein	AF-H2SYH0-F1-model_v4	AF-H2SYH0-F1-model_v4 Uncharacterized protein	4.451E-03	1.000	126	29	449	489	33	414	628	462	0.861	0.608
LOKIASV2_2712_ESMFold_hypothetical_protein	AF-A0A354U6R2-F1-model_v4	AF-A0A354U6R2-F1-model_v4 Sodium/proline symporter	3.593E-03	1.000	125	29	453	489	29	406	488	459	0.869	0.775
LOKIASV2_2712_ESMFold_hypothetical_protein	AF-A0A318YG20-F1-model_v4	AF-A0A318YG20-F1-model_v4 Amino acid permease	1.891E-03	1.000	125	7	482	489	10	473	554	548	0.973	0.838
LOKIASV2_2712_ESMFold_hypothetical_protein	AF-A0A368FTT7-F1-model_v4	AF-A0A368FTT7-F1-model_v4 Amino acid permease	1.232E-03	1.000	125	2	488	489	19	462	790	555	0.996	0.562
LOKIASV2_2712_ESMFold_hypothetical_protein	AF-A0A7K4IHK2-F1-model_v4	AF-A0A7K4IHK2-F1-model_v4 Amino acid permease	3.950E-02	1.000	124	39	431	489	9	342	344	401	0.804	0.971
LOKIASV2_2712_ESMFold_hypothetical_protein	AF-A0A0A3IXX3-F1-model_v4	AF-A0A0A3IXX3-F1-model_v4 Spore gernimation protein	6.269E-03	1.000	124	42	455	489	16	358	365	438	0.847	0.940
LOKIASV2_2712_ESMFold_hypothetical_protein	AF-A0A7S3Q1E9-F1-model_v4	AF-A0A7S3Q1E9-F1-model_v4 Hypothetical protein	3.298E-03	1.000	124	11	485	489	38	465	479	526	0.971	0.894
LOKIASV2_2712_ESMFold_hypothetical_protein	AF-A0A497NRM5-F1-model_v4	AF-A0A497NRM5-F1-model_v4 Uncharacterized protein	4.805E-04	1.000	124	43	484	489	21	484	533	525	0.904	0.871
LOKIASV2_2712_ESMFold_hypothetical_protein	AF-A0A662PXQ9-F1-model_v4	AF-A0A662PXQ9-F1-model_v4 Uncharacterized protein	3.750E-03	1.000	124	40	489	489	21	495	539	530	0.920	0.881
LOKIASV2_2712_ESMFold_hypothetical_protein	AF-A0A6L8I4Q3-F1-model_v4	AF-A0A6L8I4Q3-F1-model_v4 Solute:sodium symporter family transporter	5.282E-03	1.000	124	38	480	489	44	492	540	518	0.906	0.831
LOKIASV2_2712_ESMFold_hypothetical_protein	AF-A0A6B2CPK6-F1-model_v4	AF-A0A6B2CPK6-F1-model_v4 Amino acid permease	1.908E-02	1.000	123	24	446	489	1	391	392	465	0.865	0.997
LOKIASV2_2712_ESMFold_hypothetical_protein	AF-C3Z564-F1-model_v4	AF-C3Z564-F1-model_v4 Uncharacterized protein	1.232E-03	1.000	123	21	483	489	30	483	487	532	0.947	0.932
LOKIASV2_2712_ESMFold_hypothetical_protein	AF-A0A4P6K4E1-F1-model_v4	AF-A0A4P6K4E1-F1-model_v4 APC family permease	4.086E-03	1.000	123	29	486	489	1	446	495	515	0.937	0.901
LOKIASV2_2712_ESMFold_hypothetical_protein	AF-A0A6I3X2W2-F1-model_v4	AF-A0A6I3X2W2-F1-model_v4 Amino acid permease	6.269E-03	1.000	122	41	428	489	17	363	368	418	0.793	0.943
LOKIASV2_2712_ESMFold_hypothetical_protein	AF-A0A3R6PE89-F1-model_v4	AF-A0A3R6PE89-F1-model_v4 APC family permease	4.492E-02	1.000	122	26	466	489	1	387	395	475	0.902	0.980
LOKIASV2_2712_ESMFold_hypothetical_protein	AF-A0A3Q9NRQ4-F1-model_v4	AF-A0A3Q9NRQ4-F1-model_v4 Amino acid permease	2.169E-02	1.000	122	41	483	489	24	432	513	478	0.906	0.797
LOKIASV2_2712_ESMFold_hypothetical_protein	AF-A0A0C9WT55-F1-model_v4	AF-A0A0C9WT55-F1-model_v4 Unplaced genomic scaffold K443scaffold_61, whole genome shotgun sequence	9.131E-04	1.000	122	18	486	489	8	500	534	552	0.959	0.923
LOKIASV2_2712_ESMFold_hypothetical_protein	AF-A0A662H5T2-F1-model_v4	AF-A0A662H5T2-F1-model_v4 Uncharacterized protein	3.028E-03	1.000	122	38	485	489	21	484	540	529	0.916	0.859
LOKIASV2_2712_ESMFold_hypothetical_protein	AF-A0A1J0KWD3-F1-model_v4	AF-A0A1J0KWD3-F1-model_v4 Tryptophan/tyrosine permease family protein	1.004E-02	1.000	121	32	480	489	1	361	366	470	0.918	0.986
LOKIASV2_2712_ESMFold_hypothetical_protein	AF-A0A3E0FVR2-F1-model_v4	AF-A0A3E0FVR2-F1-model_v4 Purine-cytosine permease-like protein	7.128E-03	1.000	121	21	443	489	16	375	377	453	0.865	0.955
LOKIASV2_2712_ESMFold_hypothetical_protein	AF-A0A1H4UHH4-F1-model_v4	AF-A0A1H4UHH4-F1-model_v4 Purine-cytosine permease	9.215E-03	1.000	121	14	454	489	10	383	533	460	0.902	0.702
LOKIASV2_2712_ESMFold_hypothetical_protein	AF-A0Z9A7-F1-model_v4	AF-A0Z9A7-F1-model_v4 Putative sodium/myo-inositol cotransporter	3.160E-03	1.000	121	38	482	489	47	483	572	508	0.910	0.764
LOKIASV2_2712_ESMFold_hypothetical_protein	AF-A0A7C4HRI1-F1-model_v4	AF-A0A7C4HRI1-F1-model_v4 Cytosine permease	1.476E-02	1.000	119	2	482	489	4	432	454	533	0.984	0.945
LOKIASV2_2712_ESMFold_hypothetical_protein	AF-A0A4R2UNK7-F1-model_v4	AF-A0A4R2UNK7-F1-model_v4 Purine-cytosine permease-like protein	6.006E-03	1.000	119	14	465	489	9	384	480	480	0.924	0.783
LOKIASV2_2712_ESMFold_hypothetical_protein	AF-A0A840VFP5-F1-model_v4	AF-A0A840VFP5-F1-model_v4 NCS1 family nucleobase:cation symporter-1	4.849E-03	1.000	119	14	452	489	12	381	483	462	0.898	0.766
LOKIASV2_2712_ESMFold_hypothetical_protein	AF-K0EZC1-F1-model_v4	AF-K0EZC1-F1-model_v4 Purine/cytosine permease	2.264E-02	1.000	119	39	453	489	32	382	489	442	0.849	0.718
LOKIASV2_2712_ESMFold_hypothetical_protein	AF-A0A1T4UJI8-F1-model_v4	AF-A0A1T4UJI8-F1-model_v4 Sodium/proline symporter	1.298E-02	1.000	119	30	488	489	31	473	499	524	0.939	0.888
LOKIASV2_2712_ESMFold_hypothetical_protein	AF-A0A101A5I6-F1-model_v4	AF-A0A101A5I6-F1-model_v4 Cation acetate symporter	6.829E-03	1.000	119	39	449	489	54	432	543	451	0.840	0.698
LOKIASV2_2712_ESMFold_hypothetical_protein	AF-A0A150VAL6-F1-model_v4	AF-A0A150VAL6-F1-model_v4 Uncharacterized protein	4.086E-03	1.000	118	2	453	489	80	465	558	486	0.924	0.692
LOKIASV2_2712_ESMFold_hypothetical_protein	AF-A0A5M8SBZ5-F1-model_v4	AF-A0A5M8SBZ5-F1-model_v4 APC family permease	3.914E-03	1.000	117	26	486	489	72	532	542	534	0.943	0.851
LOKIASV2_2712_ESMFold_hypothetical_protein	AF-A0A6Q2WU39-F1-model_v4	AF-A0A6Q2WU39-F1-model_v4 Solute carrier family 38 member 10	1.094E-02	1.000	117	32	484	489	1	395	694	492	0.926	0.569
LOKIASV2_2712_ESMFold_hypothetical_protein	AF-D8FVT7-F1-model_v4	AF-D8FVT7-F1-model_v4 Putative Histidine kinase	8.104E-03	1.000	116	21	485	489	9	402	819	498	0.951	0.481
LOKIASV2_2712_ESMFold_hypothetical_protein	AF-A0A662XTY9-F1-model_v4	AF-A0A662XTY9-F1-model_v4 Uncharacterized protein	5.015E-04	1.000	114	38	480	489	30	472	506	522	0.906	0.875
LOKIASV2_2712_ESMFold_hypothetical_protein	AF-A0A667I1K3-F1-model_v4	AF-A0A667I1K3-F1-model_v4 Uncharacterized protein	2.264E-02	1.000	114	32	484	489	1	361	638	469	0.926	0.566
LOKIASV2_2712_ESMFold_hypothetical_protein	AF-A0A7Y0NY56-F1-model_v4	AF-A0A7Y0NY56-F1-model_v4 Cytosine permease	1.828E-02	1.000	113	37	484	489	26	421	434	501	0.916	0.912
LOKIASV2_2712_ESMFold_hypothetical_protein	AF-A0A2P8B4L9-F1-model_v4	AF-A0A2P8B4L9-F1-model_v4 Uncharacterized protein	2.444E-03	1.000	112	1	481	489	1	473	501	567	0.984	0.944
LOKIASV2_2712_ESMFold_hypothetical_protein	AF-A0A166BXL1-F1-model_v4	AF-A0A166BXL1-F1-model_v4 Uncharacterized protein	8.829E-03	1.000	112	13	488	489	20	426	689	501	0.973	0.591
LOKIASV2_2712_ESMFold_hypothetical_protein	AF-A0A4R4Y403-F1-model_v4	AF-A0A4R4Y403-F1-model_v4 APC family permease	3.716E-04	1.000	111	38	488	489	8	442	476	518	0.922	0.914
LOKIASV2_2712_ESMFold_hypothetical_protein	AF-C6LYB1-F1-model_v4	AF-C6LYB1-F1-model_v4 Uncharacterized protein	4.264E-03	1.000	111	33	457	489	31	439	759	481	0.869	0.539
LOKIASV2_2712_ESMFold_hypothetical_protein	AF-A0A2V9YH21-F1-model_v4	AF-A0A2V9YH21-F1-model_v4 Uncharacterized protein	4.451E-03	1.000	110	39	482	489	17	434	446	503	0.908	0.937
LOKIASV2_2712_ESMFold_hypothetical_protein	AF-A0A3E0P0J5-F1-model_v4	AF-A0A3E0P0J5-F1-model_v4 Transporter	6.006E-03	1.000	110	30	488	489	44	490	548	539	0.939	0.816
LOKIASV2_2712_ESMFold_hypothetical_protein	AF-A0A510P1J1-F1-model_v4	AF-A0A510P1J1-F1-model_v4 Amino acid permease	9.131E-04	1.000	110	20	484	489	25	508	621	548	0.951	0.779
LOKIASV2_2712_ESMFold_hypothetical_protein	AF-A0A452RZV5-F1-model_v4	AF-A0A452RZV5-F1-model_v4 Solute carrier family 12 member 1	1.579E-04	1.000	110	5	469	489	125	651	901	570	0.951	0.585
LOKIASV2_2712_ESMFold_hypothetical_protein	AF-A0A4P6JYL0-F1-model_v4	AF-A0A4P6JYL0-F1-model_v4 APC family permease	1.973E-03	1.000	108	5	488	489	24	520	532	575	0.990	0.934
LOKIASV2_2712_ESMFold_hypothetical_protein	AF-A0A0G4GQ76-F1-model_v4	AF-A0A0G4GQ76-F1-model_v4 Aa_trans domain-containing protein	3.298E-03	1.000	108	20	391	489	7	333	1243	399	0.761	0.263
LOKIASV2_2712_ESMFold_hypothetical_protein	AF-F7F9C6-F1-model_v4	AF-F7F9C6-F1-model_v4 Uncharacterized protein	1.414E-02	1.000	107	2	489	489	16	423	483	530	0.998	0.845
LOKIASV2_2712_ESMFold_hypothetical_protein	AF-G0SG60-F1-model_v4	AF-G0SG60-F1-model_v4 Uncharacterized protein	1.593E-03	1.000	107	2	482	489	84	545	555	547	0.984	0.832
LOKIASV2_2712_ESMFold_hypothetical_protein	AF-N9V8F2-F1-model_v4	AF-N9V8F2-F1-model_v4 Cytosine transport protein	2.097E-01	1.000	105	37	400	489	14	293	312	374	0.744	0.897
LOKIASV2_2712_ESMFold_hypothetical_protein	AF-C7YIZ0-F1-model_v4	AF-C7YIZ0-F1-model_v4 Uncharacterized protein	2.575E-02	1.000	104	2	439	489	10	417	445	488	0.896	0.917
LOKIASV2_2712_ESMFold_hypothetical_protein	AF-A0A504JHH2-F1-model_v4	AF-A0A504JHH2-F1-model_v4 Solute:sodium symporter family transporter	3.474E-02	1.000	104	38	479	489	33	444	620	481	0.904	0.665
LOKIASV2_2712_ESMFold_hypothetical_protein	AF-A0A0C9VJM4-F1-model_v4	AF-A0A0C9VJM4-F1-model_v4 Unplaced genomic scaffold SPHSTscaffold_93, whole genome shotgun sequence	3.626E-02	1.000	101	2	453	489	28	388	483	466	0.924	0.747
LOKIASV2_2712_ESMFold_hypothetical_protein	AF-A0A1Z8X5K5-F1-model_v4	AF-A0A1Z8X5K5-F1-model_v4 Uncharacterized protein	3.329E-02	1.000	100	28	451	489	28	417	504	475	0.867	0.774
LOKIASV2_2712_ESMFold_hypothetical_protein	AF-A0A7S0FGU6-F1-model_v4	AF-A0A7S0FGU6-F1-model_v4 Hypothetical protein	3.785E-02	0.999	98	5	462	489	19	400	401	488	0.937	0.953
LOKIASV2_2712_ESMFold_hypothetical_protein	AF-R5TDH7-F1-model_v4	AF-R5TDH7-F1-model_v4 Spore germination protein	5.564E-02	0.999	97	37	424	489	8	353	360	427	0.793	0.961
LOKIASV2_2712_ESMFold_hypothetical_protein	AF-A0A6L7LUC1-F1-model_v4	AF-A0A6L7LUC1-F1-model_v4 Sodium/proline symporter	5.754E-03	0.999	97	27	488	489	3	474	485	559	0.945	0.973
LOKIASV2_2712_ESMFold_hypothetical_protein	AF-A0A7Y8LYX0-F1-model_v4	AF-A0A7Y8LYX0-F1-model_v4 Sodium/solute symporter	1.152E-01	0.999	96	42	488	489	48	472	500	492	0.914	0.850
LOKIASV2_2712_ESMFold_hypothetical_protein	AF-A0A0B7BIN6-F1-model_v4	AF-A0A0B7BIN6-F1-model_v4 Uncharacterized protein	2.687E-02	0.993	86	26	449	489	1	433	685	484	0.867	0.632
LOKIASV2_2712_ESMFold_hypothetical_protein	AF-A0A517KWU6-F1-model_v4	AF-A0A517KWU6-F1-model_v4 AA_permease domain-containing protein	1.367E-01	0.986	81	38	488	489	14	408	477	502	0.922	0.828
LOKIASV2_2712_ESMFold_hypothetical_protein	AF-B5R3U1-F1-model_v4	AF-B5R3U1-F1-model_v4 Divalent metal cation transporter MntH	8.316E-09	1.000	353	33	489	489	15	407	413	469	0.935	0.952
LOKIASV2_2712_ESMFold_hypothetical_protein	AF-Q1CJV0-F1-model_v4	AF-Q1CJV0-F1-model_v4 Divalent metal cation transporter MntH	2.043E-08	1.000	344	26	488	489	11	406	409	473	0.947	0.968
LOKIASV2_2712_ESMFold_hypothetical_protein	AF-Q50103-F1-model_v4	AF-Q50103-F1-model_v4 Divalent metal cation transporter MntH	8.316E-09	1.000	341	21	489	489	3	426	426	501	0.959	0.995
LOKIASV2_2712_ESMFold_hypothetical_protein	AF-B5YZU5-F1-model_v4	AF-B5YZU5-F1-model_v4 Divalent metal cation transporter MntH	9.455E-09	1.000	339	24	489	489	1	407	412	483	0.953	0.988
LOKIASV2_2712_ESMFold_hypothetical_protein	AF-C4ZVS8-F1-model_v4	AF-C4ZVS8-F1-model_v4 Divalent metal cation transporter MntH	1.030E-08	1.000	338	24	489	489	1	407	412	483	0.953	0.988
LOKIASV2_2712_ESMFold_hypothetical_protein	AF-Q0TF69-F1-model_v4	AF-Q0TF69-F1-model_v4 Divalent metal cation transporter MntH	1.030E-08	1.000	337	24	489	489	1	407	412	483	0.953	0.988
LOKIASV2_2712_ESMFold_hypothetical_protein	AF-B2K911-F1-model_v4	AF-B2K911-F1-model_v4 Divalent metal cation transporter MntH	7.967E-09	1.000	336	24	488	489	9	406	409	478	0.951	0.973
LOKIASV2_2712_ESMFold_hypothetical_protein	AF-A7N307-F1-model_v4	AF-A7N307-F1-model_v4 Divalent metal cation transporter MntH	1.876E-08	1.000	336	33	488	489	27	419	423	464	0.933	0.929
LOKIASV2_2712_ESMFold_hypothetical_protein	AF-B5XVU3-F1-model_v4	AF-B5XVU3-F1-model_v4 Divalent metal cation transporter MntH	1.390E-08	1.000	334	33	489	489	15	407	413	471	0.935	0.952
LOKIASV2_2712_ESMFold_hypothetical_protein	AF-Q57LU5-F1-model_v4	AF-Q57LU5-F1-model_v4 Divalent metal cation transporter MntH	1.122E-08	1.000	334	33	489	489	15	407	413	469	0.935	0.952
LOKIASV2_2712_ESMFold_hypothetical_protein	AF-P0A770-F1-model_v4	AF-P0A770-F1-model_v4 Divalent metal cation transporter MntH	1.514E-08	1.000	333	24	489	489	1	407	412	483	0.953	0.988
LOKIASV2_2712_ESMFold_hypothetical_protein	AF-A1JLC3-F1-model_v4	AF-A1JLC3-F1-model_v4 Divalent metal cation transporter MntH	8.679E-09	1.000	332	20	488	489	3	406	409	483	0.959	0.988
LOKIASV2_2712_ESMFold_hypothetical_protein	AF-B6I6U2-F1-model_v4	AF-B6I6U2-F1-model_v4 Divalent metal cation transporter MntH	1.332E-08	1.000	332	24	489	489	3	407	412	483	0.953	0.983
LOKIASV2_2712_ESMFold_hypothetical_protein	AF-B4TQE4-F1-model_v4	AF-B4TQE4-F1-model_v4 Divalent metal cation transporter MntH	1.514E-08	1.000	332	33	489	489	15	407	413	469	0.935	0.952
LOKIASV2_2712_ESMFold_hypothetical_protein	AF-Q8R7S2-F1-model_v4	AF-Q8R7S2-F1-model_v4 Divalent metal cation transporter MntH	1.451E-08	1.000	332	3	488	489	2	414	421	503	0.994	0.981
LOKIASV2_2712_ESMFold_hypothetical_protein	AF-A1WR47-F1-model_v4	AF-A1WR47-F1-model_v4 Divalent metal cation transporter MntH	6.219E-08	1.000	332	30	488	489	31	427	439	474	0.939	0.904
LOKIASV2_2712_ESMFold_hypothetical_protein	AF-P42964-F1-model_v4	AF-P42964-F1-model_v4 Uncharacterized membrane protein YcsG	2.323E-08	1.000	330	28	484	489	7	392	404	459	0.935	0.955
LOKIASV2_2712_ESMFold_hypothetical_protein	AF-B7NPS9-F1-model_v4	AF-B7NPS9-F1-model_v4 Divalent metal cation transporter MntH	1.222E-08	1.000	330	24	489	489	1	407	412	485	0.953	0.988
LOKIASV2_2712_ESMFold_hypothetical_protein	AF-A6TC38-F1-model_v4	AF-A6TC38-F1-model_v4 Divalent metal cation transporter MntH	1.075E-08	1.000	330	33	489	489	15	407	413	474	0.935	0.952
LOKIASV2_2712_ESMFold_hypothetical_protein	AF-A4TMF6-F1-model_v4	AF-A4TMF6-F1-model_v4 Divalent metal cation transporter MntH	1.276E-08	1.000	329	27	488	489	12	406	409	475	0.945	0.966
LOKIASV2_2712_ESMFold_hypothetical_protein	AF-Q0T2A8-F1-model_v4	AF-Q0T2A8-F1-model_v4 Divalent metal cation transporter MntH	1.390E-08	1.000	329	24	489	489	1	407	412	483	0.953	0.988
LOKIASV2_2712_ESMFold_hypothetical_protein	AF-Q32DF6-F1-model_v4	AF-Q32DF6-F1-model_v4 Divalent metal cation transporter MntH	7.313E-09	1.000	329	24	489	489	2	407	412	488	0.953	0.985
LOKIASV2_2712_ESMFold_hypothetical_protein	AF-P96593-F1-model_v4	AF-P96593-F1-model_v4 Divalent metal cation transporter MntH	1.876E-08	1.000	329	29	488	489	24	421	425	468	0.941	0.936
LOKIASV2_2712_ESMFold_hypothetical_protein	AF-O69443-F1-model_v4	AF-O69443-F1-model_v4 Divalent metal cation transporter MntH	2.618E-09	1.000	329	18	489	489	258	684	684	500	0.965	0.624
LOKIASV2_2712_ESMFold_hypothetical_protein	AF-B7N5Z2-F1-model_v4	AF-B7N5Z2-F1-model_v4 Divalent metal cation transporter MntH	8.679E-09	1.000	328	24	489	489	3	407	412	486	0.953	0.983
LOKIASV2_2712_ESMFold_hypothetical_protein	AF-B7MH51-F1-model_v4	AF-B7MH51-F1-model_v4 Divalent metal cation transporter MntH	7.967E-09	1.000	328	24	489	489	3	407	412	486	0.953	0.983
LOKIASV2_2712_ESMFold_hypothetical_protein	AF-A7ZPK2-F1-model_v4	AF-A7ZPK2-F1-model_v4 Divalent metal cation transporter MntH	9.059E-09	1.000	328	24	489	489	3	407	412	486	0.953	0.983
LOKIASV2_2712_ESMFold_hypothetical_protein	AF-B2TWY8-F1-model_v4	AF-B2TWY8-F1-model_v4 Divalent metal cation transporter MntH	7.633E-09	1.000	327	24	489	489	1	407	412	488	0.953	0.988
LOKIASV2_2712_ESMFold_hypothetical_protein	AF-B1IX71-F1-model_v4	AF-B1IX71-F1-model_v4 Divalent metal cation transporter MntH	2.133E-08	1.000	326	24	489	489	1	407	412	484	0.953	0.988
LOKIASV2_2712_ESMFold_hypothetical_protein	AF-Q869V1-F1-model_v4	AF-Q869V1-F1-model_v4 Metal transporter nramp1 homolog	6.432E-09	1.000	326	7	488	489	44	472	533	497	0.986	0.805
LOKIASV2_2712_ESMFold_hypothetical_protein	AF-A8A2P6-F1-model_v4	AF-A8A2P6-F1-model_v4 Divalent metal cation transporter MntH	1.122E-08	1.000	325	24	489	489	1	407	412	484	0.953	0.988
LOKIASV2_2712_ESMFold_hypothetical_protein	AF-B7MY49-F1-model_v4	AF-B7MY49-F1-model_v4 Divalent metal cation transporter MntH	1.332E-08	1.000	325	24	489	489	1	407	412	483	0.953	0.988
LOKIASV2_2712_ESMFold_hypothetical_protein	AF-C0PZC8-F1-model_v4	AF-C0PZC8-F1-model_v4 Divalent metal cation transporter MntH	2.757E-08	1.000	325	33	489	489	15	407	413	469	0.935	0.952
LOKIASV2_2712_ESMFold_hypothetical_protein	AF-B5RCN6-F1-model_v4	AF-B5RCN6-F1-model_v4 Divalent metal cation transporter MntH	1.030E-08	1.000	325	33	489	489	15	407	413	474	0.935	0.952
LOKIASV2_2712_ESMFold_hypothetical_protein	AF-P9WIZ5-F1-model_v4	AF-P9WIZ5-F1-model_v4 Divalent metal cation transporter MntH	1.797E-08	1.000	325	5	489	489	19	428	428	500	0.992	0.958
LOKIASV2_2712_ESMFold_hypothetical_protein	AF-B1LMI9-F1-model_v4	AF-B1LMI9-F1-model_v4 Divalent metal cation transporter MntH	1.451E-08	1.000	324	24	489	489	1	407	412	484	0.953	0.988
LOKIASV2_2712_ESMFold_hypothetical_protein	AF-Q3YZE0-F1-model_v4	AF-Q3YZE0-F1-model_v4 Divalent metal cation transporter MntH	1.722E-08	1.000	324	24	489	489	1	407	412	484	0.953	0.988
LOKIASV2_2712_ESMFold_hypothetical_protein	AF-A1ADR7-F1-model_v4	AF-A1ADR7-F1-model_v4 Divalent metal cation transporter MntH	1.390E-08	1.000	324	24	489	489	1	407	412	484	0.953	0.988
LOKIASV2_2712_ESMFold_hypothetical_protein	AF-A4WD10-F1-model_v4	AF-A4WD10-F1-model_v4 Divalent metal cation transporter MntH	7.633E-09	1.000	324	24	489	489	1	411	412	487	0.953	0.998
LOKIASV2_2712_ESMFold_hypothetical_protein	AF-Q668N2-F1-model_v4	AF-Q668N2-F1-model_v4 Divalent metal cation transporter MntH	2.043E-08	1.000	323	24	488	489	9	406	409	478	0.951	0.973
LOKIASV2_2712_ESMFold_hypothetical_protein	AF-Q1R8X4-F1-model_v4	AF-Q1R8X4-F1-model_v4 Divalent metal cation transporter MntH	5.420E-09	1.000	323	24	489	489	1	407	412	489	0.953	0.988
LOKIASV2_2712_ESMFold_hypothetical_protein	AF-B7UGA0-F1-model_v4	AF-B7UGA0-F1-model_v4 Divalent metal cation transporter MntH	1.390E-08	1.000	322	24	489	489	1	407	412	488	0.953	0.988
LOKIASV2_2712_ESMFold_hypothetical_protein	AF-P0A771-F1-model_v4	AF-P0A771-F1-model_v4 Divalent metal cation transporter MntH	1.876E-08	1.000	321	24	489	489	1	407	412	486	0.953	0.988
LOKIASV2_2712_ESMFold_hypothetical_protein	AF-A7MP48-F1-model_v4	AF-A7MP48-F1-model_v4 Divalent metal cation transporter MntH	5.420E-09	1.000	321	33	489	489	15	407	412	471	0.935	0.954
LOKIASV2_2712_ESMFold_hypothetical_protein	AF-B1X9R3-F1-model_v4	AF-B1X9R3-F1-model_v4 Divalent metal cation transporter MntH	7.007E-09	1.000	321	24	489	489	1	407	412	489	0.953	0.988
LOKIASV2_2712_ESMFold_hypothetical_protein	AF-B5BB80-F1-model_v4	AF-B5BB80-F1-model_v4 Divalent metal cation transporter MntH	1.514E-08	1.000	320	33	489	489	15	407	413	474	0.935	0.952
LOKIASV2_2712_ESMFold_hypothetical_protein	AF-A8ADJ8-F1-model_v4	AF-A8ADJ8-F1-model_v4 Divalent metal cation transporter MntH	2.133E-08	1.000	319	33	489	489	15	407	412	471	0.935	0.954
LOKIASV2_2712_ESMFold_hypothetical_protein	AF-Q31Y80-F1-model_v4	AF-Q31Y80-F1-model_v4 Divalent metal cation transporter MntH	2.043E-08	1.000	319	24	489	489	1	407	412	483	0.953	0.988
LOKIASV2_2712_ESMFold_hypothetical_protein	AF-Q5PNF0-F1-model_v4	AF-Q5PNF0-F1-model_v4 Divalent metal cation transporter MntH	1.451E-08	1.000	319	33	489	489	15	407	413	471	0.935	0.952
LOKIASV2_2712_ESMFold_hypothetical_protein	AF-B7M6R1-F1-model_v4	AF-B7M6R1-F1-model_v4 Divalent metal cation transporter MntH	9.455E-09	1.000	318	24	489	489	1	407	412	488	0.953	0.988
LOKIASV2_2712_ESMFold_hypothetical_protein	AF-P0A769-F1-model_v4	AF-P0A769-F1-model_v4 Divalent metal cation transporter MntH	2.531E-08	1.000	318	24	489	489	1	407	412	484	0.953	0.988
LOKIASV2_2712_ESMFold_hypothetical_protein	AF-P57864-F1-model_v4	AF-P57864-F1-model_v4 Uncharacterized protein PM0681	4.810E-08	1.000	318	5	487	489	6	425	433	499	0.988	0.970
LOKIASV2_2712_ESMFold_hypothetical_protein	AF-Q1C5Y6-F1-model_v4	AF-Q1C5Y6-F1-model_v4 Divalent metal cation transporter MntH	2.878E-08	1.000	316	24	488	489	9	406	409	479	0.951	0.973
LOKIASV2_2712_ESMFold_hypothetical_protein	AF-Q8Z4X5-F1-model_v4	AF-Q8Z4X5-F1-model_v4 Divalent metal cation transporter MntH	1.876E-08	1.000	316	33	489	489	15	407	413	471	0.935	0.952
LOKIASV2_2712_ESMFold_hypothetical_protein	AF-A0KG66-F1-model_v4	AF-A0KG66-F1-model_v4 Divalent metal cation transporter MntH	2.531E-08	1.000	315	20	488	489	2	404	407	479	0.959	0.990
LOKIASV2_2712_ESMFold_hypothetical_protein	AF-A5G348-F1-model_v4	AF-A5G348-F1-model_v4 Divalent metal cation transporter MntH	5.709E-08	1.000	314	4	488	489	15	422	433	494	0.992	0.942
LOKIASV2_2712_ESMFold_hypothetical_protein	AF-B1JFZ6-F1-model_v4	AF-B1JFZ6-F1-model_v4 Divalent metal cation transporter MntH	7.313E-09	1.000	312	24	488	489	9	406	409	478	0.951	0.973
LOKIASV2_2712_ESMFold_hypothetical_protein	AF-Q1QZ83-F1-model_v4	AF-Q1QZ83-F1-model_v4 Divalent metal cation transporter MntH	1.234E-07	1.000	311	29	489	489	25	430	431	479	0.943	0.942
LOKIASV2_2712_ESMFold_hypothetical_protein	AF-B7LCE3-F1-model_v4	AF-B7LCE3-F1-model_v4 Divalent metal cation transporter MntH	1.580E-08	1.000	310	24	489	489	1	407	412	489	0.953	0.988
LOKIASV2_2712_ESMFold_hypothetical_protein	AF-B2VDY7-F1-model_v4	AF-B2VDY7-F1-model_v4 Divalent metal cation transporter MntH	2.642E-08	1.000	310	1	488	489	1	407	413	497	0.998	0.985
LOKIASV2_2712_ESMFold_hypothetical_protein	AF-Q2FHX5-F1-model_v4	AF-Q2FHX5-F1-model_v4 Divalent metal cation transporter MntH	2.425E-08	1.000	310	27	484	489	23	442	450	489	0.937	0.933
LOKIASV2_2712_ESMFold_hypothetical_protein	AF-Q2YX69-F1-model_v4	AF-Q2YX69-F1-model_v4 Divalent metal cation transporter MntH	2.642E-08	1.000	309	27	484	489	23	442	450	489	0.937	0.933
LOKIASV2_2712_ESMFold_hypothetical_protein	AF-A7FGC8-F1-model_v4	AF-A7FGC8-F1-model_v4 Divalent metal cation transporter MntH	1.030E-08	1.000	308	28	488	489	13	406	409	474	0.943	0.963
LOKIASV2_2712_ESMFold_hypothetical_protein	AF-Q9RPF4-F1-model_v4	AF-Q9RPF4-F1-model_v4 Divalent metal cation transporter MntH	1.797E-08	1.000	308	33	489	489	15	407	413	472	0.935	0.952
LOKIASV2_2712_ESMFold_hypothetical_protein	AF-A6U0S3-F1-model_v4	AF-A6U0S3-F1-model_v4 Divalent metal cation transporter MntH	4.609E-08	1.000	308	27	484	489	23	442	450	484	0.937	0.933
LOKIASV2_2712_ESMFold_hypothetical_protein	AF-Q38UX8-F1-model_v4	AF-Q38UX8-F1-model_v4 Divalent metal cation transporter MntH	1.876E-08	1.000	308	14	482	489	29	449	458	501	0.959	0.919
LOKIASV2_2712_ESMFold_hypothetical_protein	AF-Q97TN5-F1-model_v4	AF-Q97TN5-F1-model_v4 Divalent metal cation transporter MntH	6.219E-08	1.000	307	32	488	489	30	424	431	463	0.935	0.916
LOKIASV2_2712_ESMFold_hypothetical_protein	AF-A6QFW1-F1-model_v4	AF-A6QFW1-F1-model_v4 Divalent metal cation transporter MntH	5.240E-08	1.000	307	14	484	489	15	442	450	497	0.963	0.951
LOKIASV2_2712_ESMFold_hypothetical_protein	AF-Q99UZ7-F1-model_v4	AF-Q99UZ7-F1-model_v4 Divalent metal cation transporter MntH	2.531E-08	1.000	307	27	484	489	23	442	450	485	0.937	0.933
LOKIASV2_2712_ESMFold_hypothetical_protein	AF-O05087-F1-model_v4	AF-O05087-F1-model_v4 Uncharacterized membrane protein HI_1728	1.288E-07	1.000	306	29	488	489	1	389	397	465	0.941	0.980
LOKIASV2_2712_ESMFold_hypothetical_protein	AF-P9WIZ4-F1-model_v4	AF-P9WIZ4-F1-model_v4 Divalent metal cation transporter MntH	2.133E-08	1.000	306	10	489	489	4	428	428	501	0.982	0.993
LOKIASV2_2712_ESMFold_hypothetical_protein	AF-A5IRZ2-F1-model_v4	AF-A5IRZ2-F1-model_v4 Divalent metal cation transporter MntH	3.721E-08	1.000	306	14	484	489	15	442	450	502	0.963	0.951
LOKIASV2_2712_ESMFold_hypothetical_protein	AF-P51027-F1-model_v4	AF-P51027-F1-model_v4 Natural resistance-associated macrophage protein 1	1.813E-07	1.000	306	16	488	489	46	490	555	511	0.967	0.802
LOKIASV2_2712_ESMFold_hypothetical_protein	AF-B7LL85-F1-model_v4	AF-B7LL85-F1-model_v4 Divalent metal cation transporter MntH	1.276E-08	1.000	305	24	489	489	1	407	412	489	0.953	0.988
LOKIASV2_2712_ESMFold_hypothetical_protein	AF-Q9S9N8-F1-model_v4	AF-Q9S9N8-F1-model_v4 Metal transporter Nramp6	1.122E-08	1.000	305	18	484	489	24	443	527	488	0.955	0.797
LOKIASV2_2712_ESMFold_hypothetical_protein	AF-Q6GHY0-F1-model_v4	AF-Q6GHY0-F1-model_v4 Divalent metal cation transporter MntH	6.219E-08	1.000	304	27	488	489	23	439	450	484	0.945	0.927
LOKIASV2_2712_ESMFold_hypothetical_protein	AF-P49279-F1-model_v4	AF-P49279-F1-model_v4 Natural resistance-associated macrophage protein 1	7.703E-08	1.000	302	15	488	489	40	485	550	511	0.969	0.811
LOKIASV2_2712_ESMFold_hypothetical_protein	AF-Q9RTP8-F1-model_v4	AF-Q9RTP8-F1-model_v4 Divalent metal cation transporter MntH	8.040E-08	1.000	301	4	489	489	21	436	436	500	0.994	0.954
LOKIASV2_2712_ESMFold_hypothetical_protein	AF-Q49WM9-F1-model_v4	AF-Q49WM9-F1-model_v4 Divalent metal cation transporter MntH	2.878E-08	1.000	301	14	484	489	17	440	446	493	0.963	0.951
LOKIASV2_2712_ESMFold_hypothetical_protein	AF-A7X111-F1-model_v4	AF-A7X111-F1-model_v4 Divalent metal cation transporter MntH	3.415E-08	1.000	301	14	484	489	15	442	450	498	0.963	0.951
LOKIASV2_2712_ESMFold_hypothetical_protein	AF-Q492G8-F1-model_v4	AF-Q492G8-F1-model_v4 Divalent metal cation transporter MntH	5.021E-08	1.000	300	33	489	489	14	408	411	470	0.935	0.961
LOKIASV2_2712_ESMFold_hypothetical_protein	AF-Q6GAA9-F1-model_v4	AF-Q6GAA9-F1-model_v4 Divalent metal cation transporter MntH	5.021E-08	1.000	300	27	484	489	23	442	450	489	0.937	0.933
LOKIASV2_2712_ESMFold_hypothetical_protein	AF-Q92BT1-F1-model_v4	AF-Q92BT1-F1-model_v4 Divalent metal cation transporter MntH	1.182E-07	1.000	299	6	488	489	2	439	448	514	0.988	0.978
LOKIASV2_2712_ESMFold_hypothetical_protein	AF-Q0B8F7-F1-model_v4	AF-Q0B8F7-F1-model_v4 Divalent metal cation transporter MntH	1.665E-07	1.000	298	30	487	489	41	436	441	468	0.937	0.898
LOKIASV2_2712_ESMFold_hypothetical_protein	AF-Q7A166-F1-model_v4	AF-Q7A166-F1-model_v4 Divalent metal cation transporter MntH	5.958E-08	1.000	297	26	484	489	22	442	450	490	0.939	0.936
LOKIASV2_2712_ESMFold_hypothetical_protein	AF-Q653V6-F1-model_v4	AF-Q653V6-F1-model_v4 Metal transporter Nramp3	2.642E-08	1.000	297	20	485	489	36	449	550	484	0.953	0.753
LOKIASV2_2712_ESMFold_hypothetical_protein	AF-C6D9J9-F1-model_v4	AF-C6D9J9-F1-model_v4 Divalent metal cation transporter MntH	1.332E-08	1.000	296	26	488	489	8	406	412	478	0.947	0.968
LOKIASV2_2712_ESMFold_hypothetical_protein	AF-Q9RPF3-F1-model_v4	AF-Q9RPF3-F1-model_v4 Divalent metal cation transporter MntH 1	9.542E-08	1.000	296	27	488	489	24	432	439	489	0.945	0.932
LOKIASV2_2712_ESMFold_hypothetical_protein	AF-Q5HGX9-F1-model_v4	AF-Q5HGX9-F1-model_v4 Divalent metal cation transporter MntH	6.775E-08	1.000	296	14	484	489	19	442	450	501	0.963	0.942
LOKIASV2_2712_ESMFold_hypothetical_protein	AF-C1L2Y0-F1-model_v4	AF-C1L2Y0-F1-model_v4 Divalent metal cation transporter MntH	1.813E-07	1.000	292	6	488	489	2	439	448	514	0.988	0.978
LOKIASV2_2712_ESMFold_hypothetical_protein	AF-Q8CPM6-F1-model_v4	AF-Q8CPM6-F1-model_v4 Divalent metal cation transporter MntH	5.469E-08	1.000	292	14	484	489	20	447	453	504	0.963	0.945
LOKIASV2_2712_ESMFold_hypothetical_protein	AF-Q21434-F1-model_v4	AF-Q21434-F1-model_v4 NRAMP-like transporter smf-1	6.775E-08	1.000	292	4	483	489	26	483	562	526	0.982	0.815
LOKIASV2_2712_ESMFold_hypothetical_protein	AF-Q8ZCK2-F1-model_v4	AF-Q8ZCK2-F1-model_v4 Divalent metal cation transporter MntH	3.883E-08	1.000	291	26	488	489	11	406	409	476	0.947	0.968
LOKIASV2_2712_ESMFold_hypothetical_protein	AF-Q0BW85-F1-model_v4	AF-Q0BW85-F1-model_v4 Divalent metal cation transporter MntH	9.959E-08	1.000	291	5	488	489	22	430	444	500	0.990	0.921
LOKIASV2_2712_ESMFold_hypothetical_protein	AF-Q71ZP6-F1-model_v4	AF-Q71ZP6-F1-model_v4 Divalent metal cation transporter MntH	1.288E-07	1.000	291	6	488	489	2	439	448	518	0.988	0.978
LOKIASV2_2712_ESMFold_hypothetical_protein	AF-Q03D26-F1-model_v4	AF-Q03D26-F1-model_v4 Divalent metal cation transporter MntH	1.403E-07	1.000	291	25	482	489	33	449	458	485	0.937	0.910
LOKIASV2_2712_ESMFold_hypothetical_protein	AF-Q0D7E4-F1-model_v4	AF-Q0D7E4-F1-model_v4 Metal transporter Nramp1	7.380E-08	1.000	291	3	489	489	18	445	518	512	0.996	0.826
LOKIASV2_2712_ESMFold_hypothetical_protein	AF-Q98I99-F1-model_v4	AF-Q98I99-F1-model_v4 Divalent metal cation transporter MntH	9.142E-08	1.000	288	14	489	489	27	454	454	498	0.973	0.943
LOKIASV2_2712_ESMFold_hypothetical_protein	AF-Q553K4-F1-model_v4	AF-Q553K4-F1-model_v4 Natural resistance-associated macrophage protein 2 homolog	1.288E-07	1.000	288	14	488	489	119	545	629	496	0.971	0.679
LOKIASV2_2712_ESMFold_hypothetical_protein	AF-Q8Y773-F1-model_v4	AF-Q8Y773-F1-model_v4 Divalent metal cation transporter MntH	1.528E-07	1.000	286	12	488	489	8	439	448	512	0.975	0.964
LOKIASV2_2712_ESMFold_hypothetical_protein	AF-Q9SN36-F1-model_v4	AF-Q9SN36-F1-model_v4 Metal transporter Nramp5	1.132E-07	1.000	286	14	485	489	56	469	530	484	0.965	0.781
LOKIASV2_2712_ESMFold_hypothetical_protein	AF-P49280-F1-model_v4	AF-P49280-F1-model_v4 Natural resistance-associated macrophage protein 1	1.182E-07	1.000	286	11	488	489	35	482	548	516	0.978	0.818
LOKIASV2_2712_ESMFold_hypothetical_protein	AF-P49282-F1-model_v4	AF-P49282-F1-model_v4 Natural resistance-associated macrophage protein 2	8.759E-08	1.000	286	15	484	489	52	496	568	518	0.961	0.783
LOKIASV2_2712_ESMFold_hypothetical_protein	AF-Q8GH68-F1-model_v4	AF-Q8GH68-F1-model_v4 Divalent metal cation transporter MntH	1.234E-07	1.000	285	2	489	489	5	461	464	531	0.998	0.985
LOKIASV2_2712_ESMFold_hypothetical_protein	AF-Q10Q65-F1-model_v4	AF-Q10Q65-F1-model_v4 Metal transporter Nramp2	8.759E-08	1.000	285	12	488	489	47	475	524	498	0.975	0.819
LOKIASV2_2712_ESMFold_hypothetical_protein	AF-A0AIM7-F1-model_v4	AF-A0AIM7-F1-model_v4 Divalent metal cation transporter MntH	1.893E-07	1.000	284	6	488	489	2	439	448	518	0.988	0.978
LOKIASV2_2712_ESMFold_hypothetical_protein	AF-Q9RPF2-F1-model_v4	AF-Q9RPF2-F1-model_v4 Divalent metal cation transporter MntH 2	6.013E-07	1.000	283	14	488	489	13	433	438	493	0.971	0.961
LOKIASV2_2712_ESMFold_hypothetical_protein	AF-O54902-F1-model_v4	AF-O54902-F1-model_v4 Natural resistance-associated macrophage protein 2	2.062E-07	1.000	282	15	484	489	52	496	568	520	0.961	0.783
LOKIASV2_2712_ESMFold_hypothetical_protein	AF-Q931T9-F1-model_v4	AF-Q931T9-F1-model_v4 Divalent metal cation transporter MntH	9.142E-08	1.000	281	26	484	489	22	442	450	491	0.939	0.936
LOKIASV2_2712_ESMFold_hypothetical_protein	AF-Q5HQ64-F1-model_v4	AF-Q5HQ64-F1-model_v4 Divalent metal cation transporter MntH	1.085E-07	1.000	281	14	484	489	20	447	453	503	0.963	0.945
LOKIASV2_2712_ESMFold_hypothetical_protein	AF-Q5QN13-F1-model_v4	AF-Q5QN13-F1-model_v4 Metal transporter Nramp4	1.344E-07	1.000	281	18	488	489	49	478	550	502	0.963	0.782
LOKIASV2_2712_ESMFold_hypothetical_protein	AF-Q8PKX1-F1-model_v4	AF-Q8PKX1-F1-model_v4 Divalent metal cation transporter MntH	4.090E-07	1.000	280	16	487	489	24	435	444	485	0.965	0.928
LOKIASV2_2712_ESMFold_hypothetical_protein	AF-Q4L5B9-F1-model_v4	AF-Q4L5B9-F1-model_v4 Divalent metal cation transporter MntH	1.132E-07	1.000	280	14	484	489	13	440	446	504	0.963	0.960
LOKIASV2_2712_ESMFold_hypothetical_protein	AF-Q9FN18-F1-model_v4	AF-Q9FN18-F1-model_v4 Metal transporter Nramp4	1.234E-07	1.000	280	26	489	489	43	462	512	484	0.949	0.820
LOKIASV2_2712_ESMFold_hypothetical_protein	AF-Q89K67-F1-model_v4	AF-Q89K67-F1-model_v4 Divalent metal cation transporter MntH	1.976E-07	1.000	279	20	489	489	16	450	450	503	0.961	0.967
LOKIASV2_2712_ESMFold_hypothetical_protein	AF-Q95102-F1-model_v4	AF-Q95102-F1-model_v4 Natural resistance-associated macrophage protein 1	2.666E-07	1.000	279	11	488	489	35	482	548	521	0.978	0.818
LOKIASV2_2712_ESMFold_hypothetical_protein	AF-Q2G2G3-F1-model_v4	AF-Q2G2G3-F1-model_v4 Divalent metal cation transporter MntH	1.234E-07	1.000	278	27	484	489	23	442	450	490	0.937	0.933
LOKIASV2_2712_ESMFold_hypothetical_protein	AF-Q8UEM1-F1-model_v4	AF-Q8UEM1-F1-model_v4 Divalent metal cation transporter MntH	3.164E-07	1.000	278	27	487	489	47	453	461	478	0.943	0.883
LOKIASV2_2712_ESMFold_hypothetical_protein	AF-P49281-F1-model_v4	AF-P49281-F1-model_v4 Natural resistance-associated macrophage protein 2	2.666E-07	1.000	277	8	488	489	44	510	568	542	0.984	0.822
LOKIASV2_2712_ESMFold_hypothetical_protein	AF-B8DE85-F1-model_v4	AF-B8DE85-F1-model_v4 Divalent metal cation transporter MntH	3.302E-07	1.000	276	12	488	489	8	439	448	512	0.975	0.964
LOKIASV2_2712_ESMFold_hypothetical_protein	AF-Q6ZG85-F1-model_v4	AF-Q6ZG85-F1-model_v4 Metal transporter NRAT1	6.775E-08	1.000	276	1	484	489	24	456	545	508	0.990	0.794
LOKIASV2_2712_ESMFold_hypothetical_protein	AF-P38925-F1-model_v4	AF-P38925-F1-model_v4 Manganese transporter SMF1	1.344E-07	1.000	276	2	488	489	25	562	575	579	0.996	0.936
LOKIASV2_2712_ESMFold_hypothetical_protein	AF-Q9SAH8-F1-model_v4	AF-Q9SAH8-F1-model_v4 Metal transporter Nramp1	3.272E-08	1.000	275	27	484	489	38	451	532	484	0.937	0.778
LOKIASV2_2712_ESMFold_hypothetical_protein	AF-Q03DK0-F1-model_v4	AF-Q03DK0-F1-model_v4 Divalent metal cation transporter MntH	3.447E-07	1.000	272	27	482	489	23	438	447	487	0.933	0.931
LOKIASV2_2712_ESMFold_hypothetical_protein	AF-B3W6P3-F1-model_v4	AF-B3W6P3-F1-model_v4 Divalent metal cation transporter MntH	1.665E-07	1.000	272	16	482	489	27	449	458	502	0.955	0.924
LOKIASV2_2712_ESMFold_hypothetical_protein	AF-Q27946-F1-model_v4	AF-Q27946-F1-model_v4 Natural resistance-associated macrophage protein 1	2.554E-07	1.000	272	19	487	489	41	485	548	521	0.959	0.812
LOKIASV2_2712_ESMFold_hypothetical_protein	AF-Q8P8R8-F1-model_v4	AF-Q8P8R8-F1-model_v4 Divalent metal cation transporter MntH	8.839E-07	1.000	271	16	489	489	24	444	444	490	0.969	0.948
LOKIASV2_2712_ESMFold_hypothetical_protein	AF-Q03TH5-F1-model_v4	AF-Q03TH5-F1-model_v4 Divalent metal cation transporter MntH	5.761E-07	1.000	270	16	488	489	28	452	459	505	0.967	0.926
LOKIASV2_2712_ESMFold_hypothetical_protein	AF-Q10177-F1-model_v4	AF-Q10177-F1-model_v4 Manganese transporter pdt1	1.737E-07	1.000	270	31	488	489	67	510	521	496	0.937	0.852
LOKIASV2_2712_ESMFold_hypothetical_protein	AF-Q9PEL3-F1-model_v4	AF-Q9PEL3-F1-model_v4 Divalent metal cation transporter MntH	3.302E-07	1.000	269	28	487	489	50	456	472	479	0.941	0.862
LOKIASV2_2712_ESMFold_hypothetical_protein	AF-Q93V04-F1-model_v4	AF-Q93V04-F1-model_v4 Divalent metal cation transporter MntH	3.447E-07	1.000	265	22	482	489	38	455	464	491	0.943	0.901
LOKIASV2_2712_ESMFold_hypothetical_protein	AF-O77741-F1-model_v4	AF-O77741-F1-model_v4 Natural resistance-associated macrophage protein 1	8.839E-07	1.000	265	14	488	489	27	482	538	522	0.971	0.848
LOKIASV2_2712_ESMFold_hypothetical_protein	AF-Q8XSF6-F1-model_v4	AF-Q8XSF6-F1-model_v4 Divalent metal cation transporter MntH	6.013E-07	1.000	261	24	489	489	27	442	442	485	0.953	0.941
LOKIASV2_2712_ESMFold_hypothetical_protein	AF-Q87EJ9-F1-model_v4	AF-Q87EJ9-F1-model_v4 Divalent metal cation transporter MntH	4.456E-07	1.000	260	21	487	489	35	456	472	502	0.955	0.894
LOKIASV2_2712_ESMFold_hypothetical_protein	AF-P56436-F1-model_v4	AF-P56436-F1-model_v4 Natural resistance-associated macrophage protein 1	5.761E-07	1.000	260	11	488	489	35	482	548	522	0.978	0.818
LOKIASV2_2712_ESMFold_hypothetical_protein	AF-Q9C6B2-F1-model_v4	AF-Q9C6B2-F1-model_v4 Metal transporter Nramp2	9.629E-07	1.000	259	20	488	489	57	477	530	486	0.959	0.794
LOKIASV2_2712_ESMFold_hypothetical_protein	AF-Q21433-F1-model_v4	AF-Q21433-F1-model_v4 NRAMP-like transporter smf-2	3.755E-07	1.000	259	14	488	489	23	471	546	524	0.971	0.822
LOKIASV2_2712_ESMFold_hypothetical_protein	AF-Q95XG8-F1-model_v4	AF-Q95XG8-F1-model_v4 NRAMP-like transporter smf-3	2.782E-07	1.000	259	13	483	489	24	475	560	521	0.963	0.807
LOKIASV2_2712_ESMFold_hypothetical_protein	AF-P65544-F1-model_v4	AF-P65544-F1-model_v4 Divalent metal cation transporter MntH	1.356E-06	1.000	258	29	487	489	38	444	456	485	0.939	0.893
LOKIASV2_2712_ESMFold_hypothetical_protein	AF-Q8H4H5-F1-model_v4	AF-Q8H4H5-F1-model_v4 Metal transporter Nramp5	2.904E-07	1.000	257	29	489	489	37	454	538	479	0.943	0.777
LOKIASV2_2712_ESMFold_hypothetical_protein	AF-Q9XT74-F1-model_v4	AF-Q9XT74-F1-model_v4 Natural resistance-associated macrophage protein 1	1.477E-06	1.000	256	15	488	489	37	482	547	521	0.969	0.815
LOKIASV2_2712_ESMFold_hypothetical_protein	AF-Q9SNV9-F1-model_v4	AF-Q9SNV9-F1-model_v4 Metal transporter Nramp3	5.761E-07	1.000	255	6	486	489	34	463	509	495	0.984	0.845
LOKIASV2_2712_ESMFold_hypothetical_protein	AF-Q8ZSB0-F1-model_v4	AF-Q8ZSB0-F1-model_v4 Divalent metal cation transporter MntH	1.299E-06	1.000	254	26	488	489	20	430	442	477	0.947	0.930
LOKIASV2_2712_ESMFold_hypothetical_protein	AF-P65545-F1-model_v4	AF-P65545-F1-model_v4 Divalent metal cation transporter MntH	2.931E-06	1.000	250	29	487	489	38	444	456	479	0.939	0.893
LOKIASV2_2712_ESMFold_hypothetical_protein	AF-Q58596-F1-model_v4	AF-Q58596-F1-model_v4 Putative amino-acid transporter MJ1196	1.095E-06	1.000	244	39	488	489	6	361	366	459	0.920	0.973
LOKIASV2_2712_ESMFold_hypothetical_protein	AF-Q27981-F1-model_v4	AF-Q27981-F1-model_v4 Natural resistance-associated macrophage protein 1	1.610E-06	1.000	244	11	484	489	35	482	548	521	0.969	0.818
LOKIASV2_2712_ESMFold_hypothetical_protein	AF-P41251-F1-model_v4	AF-P41251-F1-model_v4 Natural resistance-associated macrophage protein 1	8.469E-07	1.000	244	15	488	489	37	482	548	519	0.969	0.814
LOKIASV2_2712_ESMFold_hypothetical_protein	AF-Q12078-F1-model_v4	AF-Q12078-F1-model_v4 Iron transporter SMF3	1.610E-06	1.000	241	32	489	489	7	468	473	519	0.937	0.977
LOKIASV2_2712_ESMFold_hypothetical_protein	AF-Q0D8I9-F1-model_v4	AF-Q0D8I9-F1-model_v4 Protein ETHYLENE-INSENSITIVE 2	2.172E-06	1.000	239	20	486	489	10	419	1281	488	0.955	0.320
LOKIASV2_2712_ESMFold_hypothetical_protein	AF-Q8TCU3-F1-model_v4	AF-Q8TCU3-F1-model_v4 Solute carrier family 7 member 13	7.448E-07	1.000	238	38	484	489	15	411	470	472	0.914	0.845
LOKIASV2_2712_ESMFold_hypothetical_protein	AF-P0AAD6-F1-model_v4	AF-P0AAD6-F1-model_v4 Serine transporter	1.994E-06	1.000	237	31	489	489	19	429	429	479	0.939	0.958
LOKIASV2_2712_ESMFold_hypothetical_protein	AF-P0AAE4-F1-model_v4	AF-P0AAE4-F1-model_v4 Proline-specific permease ProY	2.081E-06	1.000	236	39	485	489	13	418	457	476	0.914	0.888
LOKIASV2_2712_ESMFold_hypothetical_protein	AF-P63340-F1-model_v4	AF-P63340-F1-model_v4 Inner membrane transport protein YqeG	3.478E-06	1.000	235	26	481	489	1	408	409	484	0.933	0.998
LOKIASV2_2712_ESMFold_hypothetical_protein	AF-P77400-F1-model_v4	AF-P77400-F1-model_v4 Inner membrane transport protein YbaT	1.005E-06	1.000	235	39	488	489	18	397	430	468	0.920	0.884
LOKIASV2_2712_ESMFold_hypothetical_protein	AF-D0ZE09-F1-model_v4	AF-D0ZE09-F1-model_v4 Threonine/serine transporter TdcC	7.845E-06	1.000	233	29	485	489	15	440	443	489	0.935	0.962
LOKIASV2_2712_ESMFold_hypothetical_protein	AF-Q2QN30-F1-model_v4	AF-Q2QN30-F1-model_v4 Metal transporter Nramp6	1.910E-06	1.000	232	20	481	489	67	488	541	495	0.945	0.780
LOKIASV2_2712_ESMFold_hypothetical_protein	AF-O34560-F1-model_v4	AF-O34560-F1-model_v4 Uncharacterized amino acid permease YecA	4.308E-06	1.000	229	23	483	489	2	389	424	476	0.943	0.915
LOKIASV2_2712_ESMFold_hypothetical_protein	AF-P38778-F1-model_v4	AF-P38778-F1-model_v4 Manganese transporter SMF2	1.477E-06	1.000	228	20	488	489	34	536	549	561	0.959	0.916
LOKIASV2_2712_ESMFold_hypothetical_protein	AF-P39277-F1-model_v4	AF-P39277-F1-model_v4 L-methionine/branched-chain amino acid exporter YjeH	3.478E-06	1.000	227	38	486	489	10	388	418	465	0.918	0.907
LOKIASV2_2712_ESMFold_hypothetical_protein	AF-P0AAD7-F1-model_v4	AF-P0AAD7-F1-model_v4 Serine transporter	3.059E-06	1.000	226	31	481	489	19	425	429	483	0.922	0.949
LOKIASV2_2712_ESMFold_hypothetical_protein	AF-P25737-F1-model_v4	AF-P25737-F1-model_v4 Lysine-specific permease	1.910E-06	1.000	224	14	482	489	4	431	489	496	0.959	0.875
LOKIASV2_2712_ESMFold_hypothetical_protein	AF-A1JIM8-F1-model_v4	AF-A1JIM8-F1-model_v4 Threonine/serine transporter TdcC	8.188E-06	1.000	222	1	484	489	1	438	442	517	0.990	0.991
LOKIASV2_2712_ESMFold_hypothetical_protein	AF-B7UJ20-F1-model_v4	AF-B7UJ20-F1-model_v4 Threonine/serine transporter TdcC	3.332E-06	1.000	222	32	488	489	8	440	443	499	0.935	0.977
LOKIASV2_2712_ESMFold_hypothetical_protein	AF-Q28I80-F1-model_v4	AF-Q28I80-F1-model_v4 Y+L amino acid transporter 2	8.839E-07	1.000	221	14	485	489	12	437	514	506	0.965	0.829
LOKIASV2_2712_ESMFold_hypothetical_protein	AF-Q92536-F1-model_v4	AF-Q92536-F1-model_v4 Y+L amino acid transporter 2	1.299E-06	1.000	221	20	485	489	25	442	515	503	0.953	0.812
LOKIASV2_2712_ESMFold_hypothetical_protein	AF-Q4G4A7-F1-model_v4	AF-Q4G4A7-F1-model_v4 Threonine/serine transporter TdcC	1.428E-05	1.000	220	29	484	489	15	439	443	490	0.933	0.959
LOKIASV2_2712_ESMFold_hypothetical_protein	AF-Q9QXA6-F1-model_v4	AF-Q9QXA6-F1-model_v4 b(0,+)-type amino acid transporter 1	1.245E-06	1.000	218	1	488	489	1	430	487	523	0.998	0.883
LOKIASV2_2712_ESMFold_hypothetical_protein	AF-O07002-F1-model_v4	AF-O07002-F1-model_v4 Aspartate-proton symporter	5.337E-06	1.000	218	37	482	489	14	416	520	468	0.912	0.775
LOKIASV2_2712_ESMFold_hypothetical_protein	AF-P63115-F1-model_v4	AF-P63115-F1-model_v4 Asc-type amino acid transporter 1	1.143E-06	1.000	218	21	488	489	25	449	530	499	0.957	0.802
LOKIASV2_2712_ESMFold_hypothetical_protein	AF-Q9Z1K8-F1-model_v4	AF-Q9Z1K8-F1-model_v4 Y+L amino acid transporter 1	1.143E-06	1.000	217	39	485	489	40	435	510	480	0.914	0.776
LOKIASV2_2712_ESMFold_hypothetical_protein	AF-Q9UM01-F1-model_v4	AF-Q9UM01-F1-model_v4 Y+L amino acid transporter 1	1.416E-06	1.000	217	39	485	489	39	434	511	475	0.914	0.775
LOKIASV2_2712_ESMFold_hypothetical_protein	AF-Q9NS82-F1-model_v4	AF-Q9NS82-F1-model_v4 Asc-type amino acid transporter 1	3.332E-06	1.000	217	21	488	489	19	443	523	499	0.957	0.813
LOKIASV2_2712_ESMFold_hypothetical_protein	AF-Q83QD0-F1-model_v4	AF-Q83QD0-F1-model_v4 Serine transporter	3.630E-06	1.000	216	31	481	489	19	425	429	483	0.922	0.949
LOKIASV2_2712_ESMFold_hypothetical_protein	AF-A8A4S9-F1-model_v4	AF-A8A4S9-F1-model_v4 Threonine/serine transporter TdcC	5.814E-06	1.000	215	32	488	489	8	440	443	503	0.935	0.977
LOKIASV2_2712_ESMFold_hypothetical_protein	AF-Q8BGK6-F1-model_v4	AF-Q8BGK6-F1-model_v4 Y+L amino acid transporter 2	1.542E-06	1.000	215	21	485	489	24	442	515	500	0.951	0.814
LOKIASV2_2712_ESMFold_hypothetical_protein	AF-Q32BK1-F1-model_v4	AF-Q32BK1-F1-model_v4 Threonine/serine transporter TdcC	7.201E-06	1.000	213	32	488	489	8	440	443	499	0.935	0.977
LOKIASV2_2712_ESMFold_hypothetical_protein	AF-P45320-F1-model_v4	AF-P45320-F1-model_v4 Uncharacterized sodium-dependent transporter HI_1690	6.276E-07	1.000	213	37	488	489	15	454	457	513	0.924	0.963
LOKIASV2_2712_ESMFold_hypothetical_protein	AF-A0A0H2VDI7-F1-model_v4	AF-A0A0H2VDI7-F1-model_v4 D-serine/D-alanine/glycine transporter	3.332E-06	1.000	213	20	485	489	6	432	470	509	0.953	0.909
LOKIASV2_2712_ESMFold_hypothetical_protein	AF-Q31WR5-F1-model_v4	AF-Q31WR5-F1-model_v4 Threonine/serine transporter TdcC	6.068E-06	1.000	212	1	484	489	2	439	443	523	0.990	0.989
LOKIASV2_2712_ESMFold_hypothetical_protein	AF-P37460-F1-model_v4	AF-P37460-F1-model_v4 Proline-specific permease ProY	1.059E-05	1.000	212	42	485	489	16	418	456	471	0.908	0.884
LOKIASV2_2712_ESMFold_hypothetical_protein	AF-A1AG28-F1-model_v4	AF-A1AG28-F1-model_v4 Threonine/serine transporter TdcC	7.516E-06	1.000	211	29	488	489	15	440	443	499	0.941	0.962
LOKIASV2_2712_ESMFold_hypothetical_protein	AF-P0AAD8-F1-model_v4	AF-P0AAD8-F1-model_v4 Threonine/serine transporter TdcC	7.201E-06	1.000	211	42	488	489	21	440	443	487	0.914	0.948
LOKIASV2_2712_ESMFold_hypothetical_protein	AF-Q59I64-F1-model_v4	AF-Q59I64-F1-model_v4 Y+L amino acid transporter 2	1.753E-06	1.000	211	39	482	489	9	404	468	474	0.908	0.846
LOKIASV2_2712_ESMFold_hypothetical_protein	AF-P0AAE0-F1-model_v4	AF-P0AAE0-F1-model_v4 D-serine/D-alanine/glycine transporter	3.193E-06	1.000	211	20	485	489	6	432	470	512	0.953	0.909
LOKIASV2_2712_ESMFold_hypothetical_protein	AF-P82252-F1-model_v4	AF-P82252-F1-model_v4 b(0,+)-type amino acid transporter 1	3.332E-06	1.000	211	39	488	489	32	430	487	475	0.920	0.819
LOKIASV2_2712_ESMFold_hypothetical_protein	AF-P63116-F1-model_v4	AF-P63116-F1-model_v4 Asc-type amino acid transporter 1	1.610E-06	1.000	211	24	488	489	28	449	530	500	0.951	0.796
LOKIASV2_2712_ESMFold_hypothetical_protein	AF-P63341-F1-model_v4	AF-P63341-F1-model_v4 Inner membrane transport protein YqeG	6.899E-06	1.000	210	26	481	489	1	408	409	481	0.933	0.998
LOKIASV2_2712_ESMFold_hypothetical_protein	AF-Q7YQK4-F1-model_v4	AF-Q7YQK4-F1-model_v4 Large neutral amino acids transporter small subunit 1	3.478E-06	1.000	210	2	482	489	17	445	503	507	0.984	0.853
LOKIASV2_2712_ESMFold_hypothetical_protein	AF-P19145-F1-model_v4	AF-P19145-F1-model_v4 General amino-acid permease GAP1	7.774E-07	1.000	210	12	485	489	54	512	602	526	0.969	0.762
LOKIASV2_2712_ESMFold_hypothetical_protein	AF-P63342-F1-model_v4	AF-P63342-F1-model_v4 Inner membrane transport protein YqeG	1.256E-05	1.000	209	26	481	489	1	408	409	484	0.933	0.998
LOKIASV2_2712_ESMFold_hypothetical_protein	AF-P44615-F1-model_v4	AF-P44615-F1-model_v4 Serine transporter	1.369E-05	1.000	209	31	481	489	10	409	412	476	0.922	0.971
LOKIASV2_2712_ESMFold_hypothetical_protein	AF-Q9R0S5-F1-model_v4	AF-Q9R0S5-F1-model_v4 Y+L amino acid transporter 1	2.690E-06	1.000	209	20	482	489	14	437	512	503	0.947	0.828
LOKIASV2_2712_ESMFold_hypothetical_protein	AF-Q12372-F1-model_v4	AF-Q12372-F1-model_v4 S-methylmethionine permease 1	4.899E-06	1.000	209	39	485	489	75	492	583	491	0.914	0.717
LOKIASV2_2712_ESMFold_hypothetical_protein	AF-B7M023-F1-model_v4	AF-B7M023-F1-model_v4 Threonine/serine transporter TdcC	1.153E-05	1.000	208	32	484	489	8	439	443	494	0.926	0.975
LOKIASV2_2712_ESMFold_hypothetical_protein	AF-A6TAU9-F1-model_v4	AF-A6TAU9-F1-model_v4 Threonine/serine transporter TdcC	1.928E-05	1.000	208	29	484	489	15	439	443	491	0.933	0.959
LOKIASV2_2712_ESMFold_hypothetical_protein	AF-B2U0A0-F1-model_v4	AF-B2U0A0-F1-model_v4 Threonine/serine transporter TdcC	1.624E-05	1.000	208	32	488	489	8	440	443	496	0.935	0.977
LOKIASV2_2712_ESMFold_hypothetical_protein	AF-Q0TCY8-F1-model_v4	AF-Q0TCY8-F1-model_v4 Threonine/serine transporter TdcC	5.814E-06	1.000	208	42	488	489	21	440	443	489	0.914	0.948
LOKIASV2_2712_ESMFold_hypothetical_protein	AF-O87394-F1-model_v4	AF-O87394-F1-model_v4 Uncharacterized transporter R00093	2.690E-06	1.000	208	21	482	489	6	418	465	490	0.945	0.888
LOKIASV2_2712_ESMFold_hypothetical_protein	AF-Q9URZ3-F1-model_v4	AF-Q9URZ3-F1-model_v4 Probable proline-specific permease put4	6.068E-06	1.000	208	2	484	489	10	469	552	527	0.988	0.833
LOKIASV2_2712_ESMFold_hypothetical_protein	AF-P37660-F1-model_v4	AF-P37660-F1-model_v4 Inner membrane transport protein YhjV	1.204E-05	1.000	207	26	489	489	14	423	423	484	0.949	0.969
LOKIASV2_2712_ESMFold_hypothetical_protein	AF-Q0T0F2-F1-model_v4	AF-Q0T0F2-F1-model_v4 Threonine/serine transporter TdcC	7.201E-06	1.000	207	42	488	489	21	440	443	487	0.914	0.948
LOKIASV2_2712_ESMFold_hypothetical_protein	AF-Q8FDC3-F1-model_v4	AF-Q8FDC3-F1-model_v4 Threonine/serine transporter TdcC	9.717E-06	1.000	207	32	484	489	8	439	443	497	0.926	0.975
LOKIASV2_2712_ESMFold_hypothetical_protein	AF-P82251-F1-model_v4	AF-P82251-F1-model_v4 b(0,+)-type amino acid transporter 1	2.267E-06	1.000	207	5	489	489	8	431	487	514	0.992	0.871
LOKIASV2_2712_ESMFold_hypothetical_protein	AF-P9WQM9-F1-model_v4	AF-P9WQM9-F1-model_v4 L-asparagine permease 1	8.920E-06	1.000	207	39	485	489	23	430	489	478	0.914	0.834
LOKIASV2_2712_ESMFold_hypothetical_protein	AF-P0AAD9-F1-model_v4	AF-P0AAD9-F1-model_v4 Threonine/serine transporter TdcC	8.188E-06	1.000	206	42	484	489	21	439	443	483	0.906	0.946
LOKIASV2_2712_ESMFold_hypothetical_protein	AF-B5YS06-F1-model_v4	AF-B5YS06-F1-model_v4 Threonine/serine transporter TdcC	2.192E-05	1.000	206	29	488	489	15	440	443	495	0.941	0.962
LOKIASV2_2712_ESMFold_hypothetical_protein	AF-B6I491-F1-model_v4	AF-B6I491-F1-model_v4 Threonine/serine transporter TdcC	1.059E-05	1.000	206	29	484	489	15	439	443	495	0.933	0.959
LOKIASV2_2712_ESMFold_hypothetical_protein	AF-B7LQI2-F1-model_v4	AF-B7LQI2-F1-model_v4 Threonine/serine transporter TdcC	2.192E-05	1.000	205	29	484	489	15	439	443	490	0.933	0.959
LOKIASV2_2712_ESMFold_hypothetical_protein	AF-Q876K6-F1-model_v4	AF-Q876K6-F1-model_v4 General amino acid permease AGP1	6.333E-06	1.000	205	6	485	489	89	542	633	533	0.982	0.717
LOKIASV2_2712_ESMFold_hypothetical_protein	AF-B7NDA4-F1-model_v4	AF-B7NDA4-F1-model_v4 Threonine/serine transporter TdcC	8.546E-06	1.000	204	42	484	489	21	439	443	484	0.906	0.946
LOKIASV2_2712_ESMFold_hypothetical_protein	AF-Q83Q28-F1-model_v4	AF-Q83Q28-F1-model_v4 Threonine/serine transporter TdcC	9.310E-06	1.000	204	42	488	489	21	440	443	490	0.914	0.948
LOKIASV2_2712_ESMFold_hypothetical_protein	AF-P0AAE2-F1-model_v4	AF-P0AAE2-F1-model_v4 Proline-specific permease ProY	1.491E-05	1.000	204	42	485	489	16	418	457	474	0.908	0.882
LOKIASV2_2712_ESMFold_hypothetical_protein	AF-P0AAE1-F1-model_v4	AF-P0AAE1-F1-model_v4 D-serine/D-alanine/glycine transporter	6.333E-06	1.000	204	20	485	489	6	432	470	514	0.953	0.909
LOKIASV2_2712_ESMFold_hypothetical_protein	AF-Q8X968-F1-model_v4	AF-Q8X968-F1-model_v4 Aromatic amino acid transport protein AroP	1.847E-05	1.000	203	24	489	489	10	423	457	497	0.953	0.906
LOKIASV2_2712_ESMFold_hypothetical_protein	AF-Q91WN3-F1-model_v4	AF-Q91WN3-F1-model_v4 Solute carrier family 7 member 13	6.068E-06	1.000	203	27	489	489	1	434	478	504	0.947	0.908
LOKIASV2_2712_ESMFold_hypothetical_protein	AF-B4T6B2-F1-model_v4	AF-B4T6B2-F1-model_v4 Threonine/serine transporter TdcC	2.715E-05	1.000	202	32	488	489	8	440	443	499	0.935	0.977
LOKIASV2_2712_ESMFold_hypothetical_protein	AF-C0PZ16-F1-model_v4	AF-C0PZ16-F1-model_v4 Threonine/serine transporter TdcC	1.624E-05	1.000	202	29	484	489	15	439	443	493	0.933	0.959
LOKIASV2_2712_ESMFold_hypothetical_protein	AF-P60065-F1-model_v4	AF-P60065-F1-model_v4 Arginine/agmatine antiporter	9.717E-06	1.000	202	12	489	489	4	404	445	491	0.978	0.901
LOKIASV2_2712_ESMFold_hypothetical_protein	AF-P0AAE3-F1-model_v4	AF-P0AAE3-F1-model_v4 Proline-specific permease ProY	1.928E-05	1.000	202	42	485	489	16	418	457	476	0.908	0.882
LOKIASV2_2712_ESMFold_hypothetical_protein	AF-B1LFL8-F1-model_v4	AF-B1LFL8-F1-model_v4 Threonine/serine transporter TdcC	1.105E-05	1.000	201	29	488	489	15	440	443	500	0.941	0.962
LOKIASV2_2712_ESMFold_hypothetical_protein	AF-B7N0B7-F1-model_v4	AF-B7N0B7-F1-model_v4 Threonine/serine transporter TdcC	1.153E-05	1.000	201	42	488	489	21	440	443	487	0.914	0.948
LOKIASV2_2712_ESMFold_hypothetical_protein	AF-P0AAE8-F1-model_v4	AF-P0AAE8-F1-model_v4 Probable cadaverine/lysine antiporter	1.847E-05	1.000	201	38	486	489	10	403	444	463	0.918	0.887
LOKIASV2_2712_ESMFold_hypothetical_protein	AF-P9WQM7-F1-model_v4	AF-P9WQM7-F1-model_v4 L-asparagine permease 2	1.105E-05	1.000	201	28	485	489	3	431	487	498	0.937	0.881
LOKIASV2_2712_ESMFold_hypothetical_protein	AF-P0A4W1-F1-model_v4	AF-P0A4W1-F1-model_v4 L-asparagine permease 2	1.014E-05	1.000	201	28	485	489	3	431	487	498	0.937	0.881
LOKIASV2_2712_ESMFold_hypothetical_protein	AF-Q7VEQ4-F1-model_v4	AF-Q7VEQ4-F1-model_v4 L-asparagine permease 1	1.624E-05	1.000	201	39	485	489	23	430	489	479	0.914	0.834
LOKIASV2_2712_ESMFold_hypothetical_protein	AF-Q9UHI5-F1-model_v4	AF-Q9UHI5-F1-model_v4 Large neutral amino acids transporter small subunit 2	7.201E-06	1.000	201	39	486	489	42	441	535	483	0.916	0.748
LOKIASV2_2712_ESMFold_hypothetical_protein	AF-Q9S814-F1-model_v4	AF-Q9S814-F1-model_v4 Ethylene-insensitive protein 2	2.100E-05	1.000	201	29	488	489	8	414	1294	490	0.941	0.315
LOKIASV2_2712_ESMFold_hypothetical_protein	AF-Q1R6L7-F1-model_v4	AF-Q1R6L7-F1-model_v4 Threonine/serine transporter TdcC	2.715E-05	1.000	200	32	484	489	8	439	443	496	0.926	0.975
LOKIASV2_2712_ESMFold_hypothetical_protein	AF-Q92367-F1-model_v4	AF-Q92367-F1-model_v4 Amino-acid permease 1	4.497E-06	1.000	200	14	485	489	23	479	594	537	0.965	0.769
LOKIASV2_2712_ESMFold_hypothetical_protein	AF-C4ZR30-F1-model_v4	AF-C4ZR30-F1-model_v4 Threonine/serine transporter TdcC	2.012E-05	1.000	199	29	488	489	15	440	443	498	0.941	0.962
LOKIASV2_2712_ESMFold_hypothetical_protein	AF-P39636-F1-model_v4	AF-P39636-F1-model_v4 Amino-acid permease RocC	1.204E-05	1.000	199	22	484	489	7	423	470	496	0.947	0.887
LOKIASV2_2712_ESMFold_hypothetical_protein	AF-Q9QXW9-F1-model_v4	AF-Q9QXW9-F1-model_v4 Large neutral amino acids transporter small subunit 2	6.333E-06	1.000	199	39	485	489	41	439	531	480	0.914	0.751
LOKIASV2_2712_ESMFold_hypothetical_protein	AF-Q63016-F1-model_v4	AF-Q63016-F1-model_v4 Large neutral amino acids transporter small subunit 1	6.333E-06	1.000	198	2	482	489	21	454	512	514	0.984	0.848
LOKIASV2_2712_ESMFold_hypothetical_protein	AF-B5F6Q0-F1-model_v4	AF-B5F6Q0-F1-model_v4 Threonine/serine transporter TdcC	2.100E-05	1.000	197	29	484	489	15	439	443	495	0.933	0.959
LOKIASV2_2712_ESMFold_hypothetical_protein	AF-O07577-F1-model_v4	AF-O07577-F1-model_v4 Uncharacterized sodium-dependent transporter YhdH	2.931E-06	1.000	197	39	486	489	12	442	451	514	0.916	0.956
LOKIASV2_2712_ESMFold_hypothetical_protein	AF-P18696-F1-model_v4	AF-P18696-F1-model_v4 Proline-specific permease	1.769E-05	1.000	197	39	482	489	43	466	550	477	0.908	0.771
LOKIASV2_2712_ESMFold_hypothetical_protein	AF-B1IRJ9-F1-model_v4	AF-B1IRJ9-F1-model_v4 Threonine/serine transporter TdcC	1.556E-05	1.000	196	29	488	489	15	440	443	499	0.941	0.962
LOKIASV2_2712_ESMFold_hypothetical_protein	AF-A4WEU1-F1-model_v4	AF-A4WEU1-F1-model_v4 Threonine/serine transporter TdcC	2.492E-05	1.000	196	4	484	489	5	439	443	520	0.984	0.982
LOKIASV2_2712_ESMFold_hypothetical_protein	AF-Q46065-F1-model_v4	AF-Q46065-F1-model_v4 Aromatic amino acid transport protein AroP	2.288E-05	1.000	196	39	485	489	14	420	463	472	0.914	0.879
LOKIASV2_2712_ESMFold_hypothetical_protein	AF-O60170-F1-model_v4	AF-O60170-F1-model_v4 Probable amino-acid permease meu22	1.193E-06	1.000	196	2	485	489	12	480	574	546	0.990	0.817
LOKIASV2_2712_ESMFold_hypothetical_protein	AF-B7LH53-F1-model_v4	AF-B7LH53-F1-model_v4 Threonine/serine transporter TdcC	2.288E-05	1.000	195	29	484	489	15	439	443	489	0.933	0.959
LOKIASV2_2712_ESMFold_hypothetical_protein	AF-Q8XAF5-F1-model_v4	AF-Q8XAF5-F1-model_v4 Serine transporter	2.192E-05	1.000	195	31	485	489	23	440	443	489	0.930	0.944
LOKIASV2_2712_ESMFold_hypothetical_protein	AF-B7MB46-F1-model_v4	AF-B7MB46-F1-model_v4 Threonine/serine transporter TdcC	3.087E-05	1.000	195	30	484	489	15	439	443	491	0.930	0.959
LOKIASV2_2712_ESMFold_hypothetical_protein	AF-Q8ZLW1-F1-model_v4	AF-Q8ZLW1-F1-model_v4 Threonine/serine transporter TdcC	3.991E-05	1.000	195	29	484	489	15	439	443	491	0.933	0.959
LOKIASV2_2712_ESMFold_hypothetical_protein	AF-P0AAE9-F1-model_v4	AF-P0AAE9-F1-model_v4 Probable cadaverine/lysine antiporter	2.100E-05	1.000	195	38	489	489	10	403	444	465	0.924	0.887
LOKIASV2_2712_ESMFold_hypothetical_protein	AF-Q01650-F1-model_v4	AF-Q01650-F1-model_v4 Large neutral amino acids transporter small subunit 1	6.610E-06	1.000	195	2	482	489	17	449	507	514	0.984	0.854
LOKIASV2_2712_ESMFold_hypothetical_protein	AF-Q08986-F1-model_v4	AF-Q08986-F1-model_v4 S-adenosylmethionine permease SAM3	5.337E-06	1.000	195	39	485	489	79	496	587	484	0.914	0.712
LOKIASV2_2712_ESMFold_hypothetical_protein	AF-P54425-F1-model_v4	AF-P54425-F1-model_v4 Uncharacterized transporter YbxG	7.845E-06	1.000	194	37	489	489	13	430	462	490	0.926	0.905
LOKIASV2_2712_ESMFold_hypothetical_protein	AF-Q9WVR6-F1-model_v4	AF-Q9WVR6-F1-model_v4 Large neutral amino acids transporter small subunit 2	1.105E-05	1.000	194	39	485	489	43	441	533	484	0.914	0.749
LOKIASV2_2712_ESMFold_hypothetical_protein	AF-P38084-F1-model_v4	AF-P38084-F1-model_v4 Leu/Val/Ile amino-acid permease	1.369E-05	1.000	194	5	485	489	65	517	609	531	0.984	0.744
LOKIASV2_2712_ESMFold_hypothetical_protein	AF-Q9P5N2-F1-model_v4	AF-Q9P5N2-F1-model_v4 Amino acid transporter 1	7.845E-06	1.000	193	14	485	489	34	496	579	538	0.965	0.800
LOKIASV2_2712_ESMFold_hypothetical_protein	AF-P44768-F1-model_v4	AF-P44768-F1-model_v4 Putrescine transporter PotE	5.621E-05	1.000	192	14	485	489	4	404	435	489	0.965	0.922
LOKIASV2_2712_ESMFold_hypothetical_protein	AF-Q58026-F1-model_v4	AF-Q58026-F1-model_v4 Uncharacterized protein MJ0609	3.789E-06	1.000	192	44	486	489	13	390	435	476	0.906	0.869
LOKIASV2_2712_ESMFold_hypothetical_protein	AF-A2RI86-F1-model_v4	AF-A2RI86-F1-model_v4 DL-alanine permease SerP2	1.847E-05	1.000	192	24	485	489	2	426	460	506	0.945	0.924
LOKIASV2_2712_ESMFold_hypothetical_protein	AF-P9WQM8-F1-model_v4	AF-P9WQM8-F1-model_v4 L-asparagine permease 1	2.958E-05	1.000	192	39	485	489	23	430	489	479	0.914	0.834
LOKIASV2_2712_ESMFold_hypothetical_protein	AF-Q9N1Q4-F1-model_v4	AF-Q9N1Q4-F1-model_v4 Large neutral amino acids transporter small subunit 2	1.769E-05	1.000	192	39	485	489	42	440	535	482	0.914	0.746
LOKIASV2_2712_ESMFold_hypothetical_protein	AF-P38090-F1-model_v4	AF-P38090-F1-model_v4 General amino acid permease AGP2	7.845E-06	1.000	192	20	479	489	62	513	596	521	0.941	0.758
LOKIASV2_2712_ESMFold_hypothetical_protein	AF-A9MPR1-F1-model_v4	AF-A9MPR1-F1-model_v4 Threonine/serine transporter TdcC	2.958E-05	1.000	191	29	484	489	15	439	443	495	0.933	0.959
LOKIASV2_2712_ESMFold_hypothetical_protein	AF-P42087-F1-model_v4	AF-P42087-F1-model_v4 Putative histidine permease	6.899E-06	1.000	191	39	482	489	17	427	475	480	0.908	0.865
LOKIASV2_2712_ESMFold_hypothetical_protein	AF-A7ZS06-F1-model_v4	AF-A7ZS06-F1-model_v4 Threonine/serine transporter TdcC	2.715E-05	1.000	190	29	488	489	15	440	443	500	0.941	0.962
LOKIASV2_2712_ESMFold_hypothetical_protein	AF-B1XGT1-F1-model_v4	AF-B1XGT1-F1-model_v4 Threonine/serine transporter TdcC	3.510E-05	1.000	190	29	484	489	15	439	443	489	0.933	0.959
LOKIASV2_2712_ESMFold_hypothetical_protein	AF-Q9N1R6-F1-model_v4	AF-Q9N1R6-F1-model_v4 b(0,+)-type amino acid transporter 1	1.311E-05	1.000	190	24	489	489	2	431	487	510	0.953	0.883
LOKIASV2_2712_ESMFold_hypothetical_protein	AF-Q5RAG7-F1-model_v4	AF-Q5RAG7-F1-model_v4 Cystine/glutamate transporter	1.105E-05	1.000	190	38	488	489	46	444	501	476	0.922	0.796
LOKIASV2_2712_ESMFold_hypothetical_protein	AF-Q9HDV2-F1-model_v4	AF-Q9HDV2-F1-model_v4 Uncharacterized amino-acid permease PB2B2.01	3.222E-05	1.000	190	26	485	489	51	497	585	527	0.941	0.764
LOKIASV2_2712_ESMFold_hypothetical_protein	AF-A8AQ08-F1-model_v4	AF-A8AQ08-F1-model_v4 Threonine/serine transporter TdcC	3.663E-05	1.000	189	32	484	489	8	439	443	497	0.926	0.975
LOKIASV2_2712_ESMFold_hypothetical_protein	AF-B4TIX1-F1-model_v4	AF-B4TIX1-F1-model_v4 Threonine/serine transporter TdcC	1.695E-05	1.000	189	42	484	489	21	439	443	487	0.906	0.946
LOKIASV2_2712_ESMFold_hypothetical_protein	AF-B4TVX7-F1-model_v4	AF-B4TVX7-F1-model_v4 Threonine/serine transporter TdcC	3.222E-05	1.000	189	32	484	489	8	439	443	498	0.926	0.975
LOKIASV2_2712_ESMFold_hypothetical_protein	AF-B7NJY3-F1-model_v4	AF-B7NJY3-F1-model_v4 Threonine/serine transporter TdcC	3.087E-05	1.000	189	32	484	489	8	439	443	498	0.926	0.975
LOKIASV2_2712_ESMFold_hypothetical_protein	AF-P39137-F1-model_v4	AF-P39137-F1-model_v4 Amino-acid permease RocE	1.428E-05	1.000	189	22	484	489	10	425	467	503	0.947	0.891
LOKIASV2_2712_ESMFold_hypothetical_protein	AF-Q9UPY5-F1-model_v4	AF-Q9UPY5-F1-model_v4 Cystine/glutamate transporter	2.388E-05	1.000	189	38	488	489	46	444	501	469	0.922	0.796
LOKIASV2_2712_ESMFold_hypothetical_protein	AF-O60113-F1-model_v4	AF-O60113-F1-model_v4 Uncharacterized amino-acid permease C15C4.04c	6.899E-06	1.000	189	21	486	489	16	485	542	539	0.953	0.867
LOKIASV2_2712_ESMFold_hypothetical_protein	AF-P36029-F1-model_v4	AF-P36029-F1-model_v4 Polyamine transporter TPO5	1.014E-05	1.000	189	7	486	489	20	484	618	541	0.982	0.752
LOKIASV2_2712_ESMFold_hypothetical_protein	AF-Q9I703-F1-model_v4	AF-Q9I703-F1-model_v4 Probable GABA permease	1.847E-05	1.000	188	24	488	489	2	449	475	517	0.951	0.943
LOKIASV2_2712_ESMFold_hypothetical_protein	AF-Q9LHN7-F1-model_v4	AF-Q9LHN7-F1-model_v4 Probable polyamine transporter At3g13620	2.012E-05	1.000	188	20	485	489	10	421	478	489	0.953	0.862
LOKIASV2_2712_ESMFold_hypothetical_protein	AF-Q9Z127-F1-model_v4	AF-Q9Z127-F1-model_v4 Large neutral amino acids transporter small subunit 1	7.516E-06	1.000	188	2	482	489	20	454	512	522	0.984	0.850
LOKIASV2_2712_ESMFold_hypothetical_protein	AF-P48813-F1-model_v4	AF-P48813-F1-model_v4 High-affinity glutamine permease	3.630E-06	1.000	188	5	485	489	113	571	663	540	0.984	0.692
LOKIASV2_2712_ESMFold_hypothetical_protein	AF-Q5PCA8-F1-model_v4	AF-Q5PCA8-F1-model_v4 Threonine/serine transporter TdcC	5.385E-05	1.000	187	29	484	489	15	439	443	491	0.933	0.959
LOKIASV2_2712_ESMFold_hypothetical_protein	AF-Q57JL7-F1-model_v4	AF-Q57JL7-F1-model_v4 Threonine/serine transporter TdcC	5.385E-05	1.000	187	29	484	489	15	439	443	491	0.933	0.959
LOKIASV2_2712_ESMFold_hypothetical_protein	AF-Q5RAE3-F1-model_v4	AF-Q5RAE3-F1-model_v4 Large neutral amino acids transporter small subunit 2	1.256E-05	1.000	187	39	485	489	42	440	535	486	0.914	0.746
LOKIASV2_2712_ESMFold_hypothetical_protein	AF-P32837-F1-model_v4	AF-P32837-F1-model_v4 GABA-specific permease	7.516E-06	1.000	187	37	486	489	77	501	571	495	0.920	0.744
LOKIASV2_2712_ESMFold_hypothetical_protein	AF-Q5AG77-F1-model_v4	AF-Q5AG77-F1-model_v4 Amino-acid permease GAP1	1.847E-05	1.000	186	7	485	489	28	492	582	526	0.980	0.799
LOKIASV2_2712_ESMFold_hypothetical_protein	AF-Q5E5M9-F1-model_v4	AF-Q5E5M9-F1-model_v4 Glutamine transporter 2	1.068E-04	1.000	185	38	485	489	4	386	388	468	0.916	0.987
LOKIASV2_2712_ESMFold_hypothetical_protein	AF-Q3YXB3-F1-model_v4	AF-Q3YXB3-F1-model_v4 Threonine/serine transporter TdcC	5.867E-05	1.000	185	29	484	489	15	439	443	496	0.933	0.959
LOKIASV2_2712_ESMFold_hypothetical_protein	AF-B5BGF7-F1-model_v4	AF-B5BGF7-F1-model_v4 Threonine/serine transporter TdcC	3.663E-05	1.000	185	29	484	489	15	439	443	498	0.933	0.959
LOKIASV2_2712_ESMFold_hypothetical_protein	AF-Q9WTR6-F1-model_v4	AF-Q9WTR6-F1-model_v4 Cystine/glutamate transporter	1.369E-05	1.000	185	24	488	489	28	444	502	492	0.951	0.831
LOKIASV2_2712_ESMFold_hypothetical_protein	AF-P70553-F1-model_v4	AF-P70553-F1-model_v4 Natural resistance-associated macrophage protein 1	8.624E-05	1.000	185	68	488	489	46	441	507	472	0.861	0.781
LOKIASV2_2712_ESMFold_hypothetical_protein	AF-A1L3M3-F1-model_v4	AF-A1L3M3-F1-model_v4 Y+L amino acid transporter 2	1.428E-05	1.000	185	21	485	489	17	437	510	507	0.951	0.825
LOKIASV2_2712_ESMFold_hypothetical_protein	AF-P55015-F1-model_v4	AF-P55015-F1-model_v4 Solute carrier family 12 member 1	2.012E-05	1.000	185	14	486	489	149	623	1099	557	0.967	0.432
LOKIASV2_2712_ESMFold_hypothetical_protein	AF-P47467-F1-model_v4	AF-P47467-F1-model_v4 Uncharacterized protein MG225	2.715E-05	1.000	183	37	486	489	11	434	489	476	0.920	0.867
LOKIASV2_2712_ESMFold_hypothetical_protein	AF-P06775-F1-model_v4	AF-P06775-F1-model_v4 Histidine permease	1.695E-05	1.000	183	20	485	489	51	512	603	532	0.953	0.766
LOKIASV2_2712_ESMFold_hypothetical_protein	AF-B5QZS1-F1-model_v4	AF-B5QZS1-F1-model_v4 Threonine/serine transporter TdcC	4.348E-05	1.000	182	29	484	489	15	439	443	495	0.933	0.959
LOKIASV2_2712_ESMFold_hypothetical_protein	AF-B5FHX7-F1-model_v4	AF-B5FHX7-F1-model_v4 Threonine/serine transporter TdcC	7.267E-05	1.000	182	29	484	489	15	439	443	492	0.933	0.959
LOKIASV2_2712_ESMFold_hypothetical_protein	AF-Q797A7-F1-model_v4	AF-Q797A7-F1-model_v4 Methylthioribose transporter	8.263E-05	1.000	182	4	485	489	10	429	461	514	0.986	0.911
LOKIASV2_2712_ESMFold_hypothetical_protein	AF-Q22397-F1-model_v4	AF-Q22397-F1-model_v4 Amino acid transporter protein 6	2.100E-05	1.000	182	24	488	489	2	425	523	500	0.951	0.811
LOKIASV2_2712_ESMFold_hypothetical_protein	AF-P41815-F1-model_v4	AF-P41815-F1-model_v4 Valine amino-acid permease	7.516E-06	1.000	182	2	488	489	44	551	604	578	0.996	0.841
LOKIASV2_2712_ESMFold_hypothetical_protein	AF-O34383-F1-model_v4	AF-O34383-F1-model_v4 Uncharacterized sodium-dependent transporter YocR	2.601E-05	1.000	181	37	487	489	11	442	445	508	0.922	0.971
LOKIASV2_2712_ESMFold_hypothetical_protein	AF-Q2YY11-F1-model_v4	AF-Q2YY11-F1-model_v4 Putative branched-chain amino acid carrier protein SAB1263c	2.288E-05	1.000	181	37	481	489	3	393	447	474	0.910	0.875
LOKIASV2_2712_ESMFold_hypothetical_protein	AF-P24207-F1-model_v4	AF-P24207-F1-model_v4 Phenylalanine-specific permease	4.538E-05	1.000	181	37	485	489	26	427	458	481	0.918	0.878
LOKIASV2_2712_ESMFold_hypothetical_protein	AF-O07576-F1-model_v4	AF-O07576-F1-model_v4 Uncharacterized amino acid permease YhdG	7.585E-05	1.000	181	9	486	489	12	434	465	516	0.978	0.910
LOKIASV2_2712_ESMFold_hypothetical_protein	AF-A0A1D8PMB1-F1-model_v4	AF-A0A1D8PMB1-F1-model_v4 Amino-acid permease GAP5	1.847E-05	1.000	181	39	485	489	116	528	618	497	0.914	0.668
LOKIASV2_2712_ESMFold_hypothetical_protein	AF-Q9VR07-F1-model_v4	AF-Q9VR07-F1-model_v4 Sodium- and chloride-dependent GABA transporter ine	1.311E-05	1.000	181	7	489	489	301	818	943	586	0.988	0.549
LOKIASV2_2712_ESMFold_hypothetical_protein	AF-P28785-F1-model_v4	AF-P28785-F1-model_v4 Low affinity tryptophan permease	1.215E-04	1.000	180	28	485	489	1	403	417	483	0.937	0.966
LOKIASV2_2712_ESMFold_hypothetical_protein	AF-O32257-F1-model_v4	AF-O32257-F1-model_v4 Uncharacterized amino acid permease YvbW	6.391E-05	1.000	180	37	489	489	15	419	447	474	0.926	0.906
LOKIASV2_2712_ESMFold_hypothetical_protein	AF-P0A189-F1-model_v4	AF-P0A189-F1-model_v4 Probable transport protein YifK	2.492E-05	1.000	179	20	488	489	5	439	461	515	0.959	0.944
LOKIASV2_2712_ESMFold_hypothetical_protein	AF-O31462-F1-model_v4	AF-O31462-F1-model_v4 Uncharacterized amino acid permease YbgF	1.105E-05	1.000	179	37	486	489	19	429	470	496	0.920	0.874
LOKIASV2_2712_ESMFold_hypothetical_protein	AF-Q9LH39-F1-model_v4	AF-Q9LH39-F1-model_v4 Probable polyamine transporter At3g19553	8.624E-05	1.000	179	42	485	489	26	414	479	465	0.908	0.812
LOKIASV2_2712_ESMFold_hypothetical_protein	AF-P55014-F1-model_v4	AF-P55014-F1-model_v4 Solute carrier family 12 member 1	3.363E-05	1.000	179	14	486	489	146	619	1095	548	0.967	0.433
LOKIASV2_2712_ESMFold_hypothetical_protein	AF-Q5HG12-F1-model_v4	AF-Q5HG12-F1-model_v4 Putative branched-chain amino acid carrier protein SACOL1443	3.510E-05	1.000	178	37	481	489	3	393	447	471	0.910	0.875
LOKIASV2_2712_ESMFold_hypothetical_protein	AF-O59942-F1-model_v4	AF-O59942-F1-model_v4 Amino-acid permease 2	3.510E-05	1.000	178	21	486	489	20	481	541	525	0.953	0.854
LOKIASV2_2712_ESMFold_hypothetical_protein	AF-O66504-F1-model_v4	AF-O66504-F1-model_v4 Uncharacterized protein aq_097	3.824E-05	1.000	177	32	485	489	32	402	407	471	0.928	0.912
LOKIASV2_2712_ESMFold_hypothetical_protein	AF-Q6GH01-F1-model_v4	AF-Q6GH01-F1-model_v4 Putative branched-chain amino acid carrier protein SAR1419	3.824E-05	1.000	177	37	481	489	3	393	447	472	0.910	0.875
LOKIASV2_2712_ESMFold_hypothetical_protein	AF-P0C217-F1-model_v4	AF-P0C217-F1-model_v4 Putative amino-acid transporter CPE0389	8.263E-05	1.000	177	38	485	489	10	421	481	489	0.916	0.857
LOKIASV2_2712_ESMFold_hypothetical_protein	AF-A2RNZ6-F1-model_v4	AF-A2RNZ6-F1-model_v4 Lysine permease LysP	7.267E-05	1.000	177	3	483	489	17	454	508	510	0.984	0.862
LOKIASV2_2712_ESMFold_hypothetical_protein	AF-O74537-F1-model_v4	AF-O74537-F1-model_v4 Uncharacterized amino-acid permease C74.04	3.824E-05	1.000	177	20	486	489	25	483	557	529	0.955	0.824
LOKIASV2_2712_ESMFold_hypothetical_protein	AF-P38967-F1-model_v4	AF-P38967-F1-model_v4 Tryptophan permease	2.958E-05	1.000	177	25	485	489	65	494	592	512	0.943	0.726
LOKIASV2_2712_ESMFold_hypothetical_protein	AF-O34739-F1-model_v4	AF-O34739-F1-model_v4 Serine/threonine exchanger SteT	2.715E-05	1.000	176	38	488	489	14	409	438	479	0.922	0.904
LOKIASV2_2712_ESMFold_hypothetical_protein	AF-B5XVZ7-F1-model_v4	AF-B5XVZ7-F1-model_v4 Threonine/serine transporter TdcC	5.385E-05	1.000	176	32	484	489	7	439	443	500	0.926	0.977
LOKIASV2_2712_ESMFold_hypothetical_protein	AF-P0CK99-F1-model_v4	AF-P0CK99-F1-model_v4 Aromatic amino acid transport protein AroP	1.639E-04	1.000	176	42	489	489	20	423	457	481	0.916	0.884
LOKIASV2_2712_ESMFold_hypothetical_protein	AF-A0A1D8PK89-F1-model_v4	AF-A0A1D8PK89-F1-model_v4 General amino-acid permease GAP2	3.087E-05	1.000	176	39	485	489	83	498	588	496	0.914	0.707
LOKIASV2_2712_ESMFold_hypothetical_protein	AF-P25376-F1-model_v4	AF-P25376-F1-model_v4 General amino acid permease AGP1	3.510E-05	1.000	176	2	485	489	73	542	633	540	0.990	0.742
LOKIASV2_2712_ESMFold_hypothetical_protein	AF-Q5HZH7-F1-model_v4	AF-Q5HZH7-F1-model_v4 Putative sodium-coupled neutral amino acid transporter 8	8.624E-05	1.000	175	24	488	489	11	425	432	495	0.951	0.961
LOKIASV2_2712_ESMFold_hypothetical_protein	AF-Q4L6B4-F1-model_v4	AF-Q4L6B4-F1-model_v4 Putative branched-chain amino acid carrier protein SH1502	5.160E-05	1.000	175	37	477	489	3	393	447	474	0.902	0.875
LOKIASV2_2712_ESMFold_hypothetical_protein	AF-P46349-F1-model_v4	AF-P46349-F1-model_v4 GABA permease	6.671E-05	1.000	175	22	484	489	7	417	469	499	0.947	0.876
LOKIASV2_2712_ESMFold_hypothetical_protein	AF-P40901-F1-model_v4	AF-P40901-F1-model_v4 Sexual differentiation process putative amino-acid permease isp5	9.310E-06	1.000	175	7	484	489	60	530	580	557	0.978	0.812
LOKIASV2_2712_ESMFold_hypothetical_protein	AF-Q13621-F1-model_v4	AF-Q13621-F1-model_v4 Solute carrier family 12 member 1	5.385E-05	1.000	175	20	483	489	162	620	1099	537	0.949	0.418
LOKIASV2_2712_ESMFold_hypothetical_protein	AF-P59737-F1-model_v4	AF-P59737-F1-model_v4 Aromatic amino acid transport protein AroP	1.864E-04	1.000	174	42	489	489	20	423	457	481	0.916	0.884
LOKIASV2_2712_ESMFold_hypothetical_protein	AF-Q9US40-F1-model_v4	AF-Q9US40-F1-model_v4 Uncharacterized amino-acid permease C1039.01	4.944E-05	1.000	174	2	486	489	24	488	567	540	0.992	0.820
LOKIASV2_2712_ESMFold_hypothetical_protein	AF-A6ZTG5-F1-model_v4	AF-A6ZTG5-F1-model_v4 General amino acid permease AGP1	2.601E-05	1.000	174	5	485	489	91	542	633	528	0.984	0.714
LOKIASV2_2712_ESMFold_hypothetical_protein	AF-Q8CJI3-F1-model_v4	AF-Q8CJI3-F1-model_v4 Solute carrier family 12 member 8	1.491E-05	1.000	174	5	462	489	12	402	707	489	0.937	0.553
LOKIASV2_2712_ESMFold_hypothetical_protein	AF-Q8XB33-F1-model_v4	AF-Q8XB33-F1-model_v4 Low affinity tryptophan permease	3.991E-05	1.000	173	38	487	489	21	404	415	469	0.920	0.925
LOKIASV2_2712_ESMFold_hypothetical_protein	AF-Q02DS7-F1-model_v4	AF-Q02DS7-F1-model_v4 Tryptophan-specific transport protein	1.323E-04	1.000	173	21	488	489	2	407	417	487	0.957	0.974
LOKIASV2_2712_ESMFold_hypothetical_protein	AF-A9N628-F1-model_v4	AF-A9N628-F1-model_v4 Threonine/serine transporter TdcC	8.263E-05	1.000	173	29	484	489	15	439	443	498	0.933	0.959
LOKIASV2_2712_ESMFold_hypothetical_protein	AF-Q8FL49-F1-model_v4	AF-Q8FL49-F1-model_v4 Aromatic amino acid transport protein AroP	1.639E-04	1.000	173	42	489	489	19	422	456	480	0.916	0.886
LOKIASV2_2712_ESMFold_hypothetical_protein	AF-E1W822-F1-model_v4	AF-E1W822-F1-model_v4 Aromatic amino acid transport protein AroP	1.711E-04	1.000	173	21	489	489	9	423	457	500	0.959	0.908
LOKIASV2_2712_ESMFold_hypothetical_protein	AF-Q47689-F1-model_v4	AF-Q47689-F1-model_v4 Probable S-methylmethionine permease	5.160E-05	1.000	173	37	485	489	17	425	467	496	0.918	0.876
LOKIASV2_2712_ESMFold_hypothetical_protein	AF-P77610-F1-model_v4	AF-P77610-F1-model_v4 L-asparagine permease	5.385E-05	1.000	173	39	485	489	32	439	499	481	0.914	0.818
LOKIASV2_2712_ESMFold_hypothetical_protein	AF-P39599-F1-model_v4	AF-P39599-F1-model_v4 Uncharacterized symporter YwcA	2.860E-04	1.000	173	39	452	489	42	416	513	435	0.847	0.731
LOKIASV2_2712_ESMFold_hypothetical_protein	AF-Q45577-F1-model_v4	AF-Q45577-F1-model_v4 Probable amino acid-proton symporter YbeC	3.510E-05	1.000	173	36	479	489	11	415	539	477	0.908	0.751
LOKIASV2_2712_ESMFold_hypothetical_protein	AF-Q6A4L1-F1-model_v4	AF-Q6A4L1-F1-model_v4 Solute carrier family 12 member 8	3.222E-05	1.000	173	2	462	489	27	416	721	493	0.943	0.541
LOKIASV2_2712_ESMFold_hypothetical_protein	AF-P23173-F1-model_v4	AF-P23173-F1-model_v4 Low affinity tryptophan permease	3.663E-05	1.000	172	38	487	489	21	404	415	471	0.920	0.925
LOKIASV2_2712_ESMFold_hypothetical_protein	AF-P0AAF2-F1-model_v4	AF-P0AAF2-F1-model_v4 Putrescine transporter PotE	1.442E-04	1.000	171	36	485	489	12	405	439	474	0.920	0.897
LOKIASV2_2712_ESMFold_hypothetical_protein	AF-P0AA48-F1-model_v4	AF-P0AA48-F1-model_v4 Low-affinity putrescine importer PlaP	4.944E-05	1.000	171	43	488	489	22	413	452	466	0.912	0.867
LOKIASV2_2712_ESMFold_hypothetical_protein	AF-P0A188-F1-model_v4	AF-P0A188-F1-model_v4 Aromatic amino acid transport protein AroP	1.864E-04	1.000	171	42	489	489	20	423	457	480	0.916	0.884
LOKIASV2_2712_ESMFold_hypothetical_protein	AF-Q2FH31-F1-model_v4	AF-Q2FH31-F1-model_v4 Putative branched-chain amino acid carrier protein SAUSA300_1300	6.123E-05	1.000	170	37	477	489	3	393	447	471	0.902	0.875
LOKIASV2_2712_ESMFold_hypothetical_protein	AF-Q58715-F1-model_v4	AF-Q58715-F1-model_v4 Uncharacterized sodium-dependent transporter MJ1319	3.663E-05	1.000	170	40	484	489	13	447	492	507	0.910	0.884
LOKIASV2_2712_ESMFold_hypothetical_protein	AF-Q10087-F1-model_v4	AF-Q10087-F1-model_v4 Uncharacterized amino-acid permease C11D3.08c	4.944E-05	1.000	170	38	486	489	52	468	550	488	0.918	0.758
LOKIASV2_2712_ESMFold_hypothetical_protein	AF-P0AAF1-F1-model_v4	AF-P0AAF1-F1-model_v4 Putrescine transporter PotE	1.570E-04	1.000	169	39	485	489	11	405	439	468	0.914	0.900
LOKIASV2_2712_ESMFold_hypothetical_protein	AF-A2RI97-F1-model_v4	AF-A2RI97-F1-model_v4 Histidine permease HisP	1.786E-04	1.000	169	39	482	489	13	423	477	474	0.908	0.862
LOKIASV2_2712_ESMFold_hypothetical_protein	AF-Q7TZ67-F1-model_v4	AF-Q7TZ67-F1-model_v4 Uncharacterized transporter Mb2001c	9.395E-05	1.000	169	27	483	489	4	429	481	498	0.935	0.886
LOKIASV2_2712_ESMFold_hypothetical_protein	AF-Q9UT18-F1-model_v4	AF-Q9UT18-F1-model_v4 Thiamine transporter thi9	7.917E-05	1.000	169	3	485	489	59	529	591	538	0.988	0.797
LOKIASV2_2712_ESMFold_hypothetical_protein	AF-P15380-F1-model_v4	AF-P15380-F1-model_v4 Proline-specific permease	1.323E-04	1.000	169	2	481	489	60	538	627	539	0.982	0.764
LOKIASV2_2712_ESMFold_hypothetical_protein	AF-Q03770-F1-model_v4	AF-Q03770-F1-model_v4 SPS-sensor component SSY1	1.105E-05	1.000	169	2	486	489	233	770	852	595	0.992	0.631
LOKIASV2_2712_ESMFold_hypothetical_protein	AF-B5REJ9-F1-model_v4	AF-B5REJ9-F1-model_v4 Threonine/serine transporter TdcC	1.323E-04	1.000	168	29	484	489	15	439	443	496	0.933	0.959
LOKIASV2_2712_ESMFold_hypothetical_protein	AF-Q2FYM4-F1-model_v4	AF-Q2FYM4-F1-model_v4 Putative branched-chain amino acid carrier protein SAOUHSC_01411	8.624E-05	1.000	168	37	481	489	3	393	447	471	0.910	0.875
LOKIASV2_2712_ESMFold_hypothetical_protein	AF-P0AA47-F1-model_v4	AF-P0AA47-F1-model_v4 Low-affinity putrescine importer PlaP	6.671E-05	1.000	168	43	488	489	22	413	452	466	0.912	0.867
LOKIASV2_2712_ESMFold_hypothetical_protein	AF-A2RMP5-F1-model_v4	AF-A2RMP5-F1-model_v4 Aromatic amino acid permease FywP	1.711E-04	1.000	168	39	488	489	13	423	457	488	0.920	0.899
LOKIASV2_2712_ESMFold_hypothetical_protein	AF-P15993-F1-model_v4	AF-P15993-F1-model_v4 Aromatic amino acid transport protein AroP	3.115E-04	1.000	167	42	489	489	20	423	457	481	0.916	0.884
LOKIASV2_2712_ESMFold_hypothetical_protein	AF-A2RI87-F1-model_v4	AF-A2RI87-F1-model_v4 Serine permease SerP1	9.395E-05	1.000	167	37	482	489	17	429	459	499	0.912	0.900
LOKIASV2_2712_ESMFold_hypothetical_protein	AF-P55016-F1-model_v4	AF-P55016-F1-model_v4 Solute carrier family 12 member 1	5.385E-05	1.000	167	14	486	489	146	619	1095	551	0.967	0.433
LOKIASV2_2712_ESMFold_hypothetical_protein	AF-P9WQM4-F1-model_v4	AF-P9WQM4-F1-model_v4 Uncharacterized transporter MT2031	1.215E-04	1.000	166	28	483	489	1	429	481	497	0.933	0.892
LOKIASV2_2712_ESMFold_hypothetical_protein	AF-P40812-F1-model_v4	AF-P40812-F1-model_v4 L-asparagine permease	8.263E-05	1.000	166	38	485	489	33	439	497	482	0.916	0.819
LOKIASV2_2712_ESMFold_hypothetical_protein	AF-A0A1D8PPG4-F1-model_v4	AF-A0A1D8PPG4-F1-model_v4 Probable lysine/arginine permease CAN3	5.113E-06	1.000	166	5	486	489	38	511	566	553	0.986	0.837
LOKIASV2_2712_ESMFold_hypothetical_protein	AF-Q9P5N4-F1-model_v4	AF-Q9P5N4-F1-model_v4 Uncharacterized amino-acid permease C359.01	3.510E-05	1.000	166	20	485	489	38	496	581	535	0.953	0.790
LOKIASV2_2712_ESMFold_hypothetical_protein	AF-P9WQM5-F1-model_v4	AF-P9WQM5-F1-model_v4 Uncharacterized transporter Rv1979c	9.806E-05	1.000	165	27	483	489	4	429	481	499	0.935	0.886
LOKIASV2_2712_ESMFold_hypothetical_protein	AF-P0A190-F1-model_v4	AF-P0A190-F1-model_v4 Probable transport protein YifK	1.711E-04	1.000	164	20	488	489	5	436	461	520	0.959	0.937
LOKIASV2_2712_ESMFold_hypothetical_protein	AF-Q3KLY0-F1-model_v4	AF-Q3KLY0-F1-model_v4 Arginine/agmatine antiporter	1.323E-04	1.000	164	38	485	489	14	420	483	481	0.916	0.843
LOKIASV2_2712_ESMFold_hypothetical_protein	AF-A2RL65-F1-model_v4	AF-A2RL65-F1-model_v4 Aspartate/glutamate permease AcaP	9.395E-05	1.000	164	35	489	489	8	434	489	504	0.930	0.873
LOKIASV2_2712_ESMFold_hypothetical_protein	AF-P53099-F1-model_v4	AF-P53099-F1-model_v4 Vitamin B6 transporter TPN1	7.917E-05	1.000	164	2	448	489	54	440	579	467	0.914	0.668
LOKIASV2_2712_ESMFold_hypothetical_protein	AF-P55019-F1-model_v4	AF-P55019-F1-model_v4 Solute carrier family 12 member 3	7.267E-05	1.000	164	20	486	489	122	583	1023	534	0.955	0.452
LOKIASV2_2712_ESMFold_hypothetical_protein	AF-P37034-F1-model_v4	AF-P37034-F1-model_v4 Uncharacterized transporter lpg1691	1.864E-04	1.000	163	36	486	489	11	419	464	483	0.922	0.881
LOKIASV2_2712_ESMFold_hypothetical_protein	AF-Q8BYF6-F1-model_v4	AF-Q8BYF6-F1-model_v4 Sodium-coupled monocarboxylate transporter 1	9.002E-05	1.000	163	27	447	489	34	425	611	461	0.861	0.642
LOKIASV2_2712_ESMFold_hypothetical_protein	AF-P71345-F1-model_v4	AF-P71345-F1-model_v4 Branched-chain amino acid transport system carrier protein	1.505E-04	1.000	162	31	488	489	3	426	436	508	0.937	0.972
LOKIASV2_2712_ESMFold_hypothetical_protein	AF-Q28I47-F1-model_v4	AF-Q28I47-F1-model_v4 Putative sodium-coupled neutral amino acid transporter 8	3.115E-04	1.000	162	39	488	489	26	430	440	482	0.920	0.920
LOKIASV2_2712_ESMFold_hypothetical_protein	AF-O34618-F1-model_v4	AF-O34618-F1-model_v4 Uncharacterized amino acid permease YtnA	9.806E-05	1.000	162	39	485	489	14	419	463	488	0.914	0.877
LOKIASV2_2712_ESMFold_hypothetical_protein	AF-Q5L5E6-F1-model_v4	AF-Q5L5E6-F1-model_v4 Arginine/agmatine antiporter	2.030E-04	1.000	162	38	485	489	15	423	486	472	0.916	0.842
LOKIASV2_2712_ESMFold_hypothetical_protein	AF-P19807-F1-model_v4	AF-P19807-F1-model_v4 Choline transport protein	1.024E-04	1.000	162	20	483	489	51	479	563	503	0.949	0.762
LOKIASV2_2712_ESMFold_hypothetical_protein	AF-A6NNN8-F1-model_v4	AF-A6NNN8-F1-model_v4 Putative sodium-coupled neutral amino acid transporter 8	1.164E-04	1.000	161	20	488	489	8	428	435	508	0.959	0.968
LOKIASV2_2712_ESMFold_hypothetical_protein	AF-O59813-F1-model_v4	AF-O59813-F1-model_v4 Uncharacterized amino-acid permease C794.03	1.639E-04	1.000	161	36	486	489	47	476	554	487	0.922	0.776
LOKIASV2_2712_ESMFold_hypothetical_protein	AF-P53388-F1-model_v4	AF-P53388-F1-model_v4 Dicarboxylic amino acid permease	2.958E-05	1.000	161	39	486	489	88	516	608	515	0.916	0.706
LOKIASV2_2712_ESMFold_hypothetical_protein	AF-Q5WUW3-F1-model_v4	AF-Q5WUW3-F1-model_v4 Probable potassium transport system protein kup 2	1.864E-04	1.000	161	28	487	489	1	413	624	491	0.941	0.662
LOKIASV2_2712_ESMFold_hypothetical_protein	AF-Q8VI23-F1-model_v4	AF-Q8VI23-F1-model_v4 Solute carrier family 12 member 8	4.166E-05	1.000	161	5	462	489	7	401	705	487	0.937	0.560
LOKIASV2_2712_ESMFold_hypothetical_protein	AF-Q9XS59-F1-model_v4	AF-Q9XS59-F1-model_v4 Sodium-dependent neutral amino acid transporter B(0)AT2	3.087E-05	1.000	161	2	488	489	13	590	729	661	0.996	0.793
LOKIASV2_2712_ESMFold_hypothetical_protein	AF-P59158-F1-model_v4	AF-P59158-F1-model_v4 Solute carrier family 12 member 3	8.624E-05	1.000	161	38	488	489	136	603	1002	533	0.922	0.467
LOKIASV2_2712_ESMFold_hypothetical_protein	AF-P9WQM2-F1-model_v4	AF-P9WQM2-F1-model_v4 Uncharacterized transporter MT2055	1.068E-04	1.000	160	24	483	489	2	394	440	497	0.941	0.893
LOKIASV2_2712_ESMFold_hypothetical_protein	AF-P96704-F1-model_v4	AF-P96704-F1-model_v4 Uncharacterized transporter YdgF	1.711E-04	1.000	160	20	485	489	7	425	458	513	0.953	0.915
LOKIASV2_2712_ESMFold_hypothetical_protein	AF-A1YG32-F1-model_v4	AF-A1YG32-F1-model_v4 Sodium-coupled neutral amino acid transporter 2	1.068E-04	1.000	160	20	488	489	38	491	506	525	0.959	0.897
LOKIASV2_2712_ESMFold_hypothetical_protein	AF-Q09887-F1-model_v4	AF-Q09887-F1-model_v4 Uncharacterized amino-acid permease C584.13	3.087E-05	1.000	160	24	486	489	6	467	544	523	0.947	0.849
LOKIASV2_2712_ESMFold_hypothetical_protein	AF-Q255I1-F1-model_v4	AF-Q255I1-F1-model_v4 Arginine/agmatine antiporter	1.024E-04	1.000	159	38	485	489	15	423	486	476	0.916	0.842
LOKIASV2_2712_ESMFold_hypothetical_protein	AF-A2X8M8-F1-model_v4	AF-A2X8M8-F1-model_v4 Polyamine transporter PUT1	4.538E-05	1.000	159	21	485	489	65	473	531	503	0.951	0.770
LOKIASV2_2712_ESMFold_hypothetical_protein	AF-Q874L4-F1-model_v4	AF-Q874L4-F1-model_v4 Vitamin B6 transporter TPN1	1.024E-04	1.000	159	2	448	489	54	440	579	463	0.914	0.668
LOKIASV2_2712_ESMFold_hypothetical_protein	AF-P63350-F1-model_v4	AF-P63350-F1-model_v4 Uncharacterized transporter Mb2022c	8.624E-05	1.000	158	26	483	489	4	394	440	489	0.937	0.889
LOKIASV2_2712_ESMFold_hypothetical_protein	AF-P42628-F1-model_v4	AF-P42628-F1-model_v4 Probable serine transporter	9.806E-05	1.000	158	24	485	489	1	440	443	520	0.945	0.993
LOKIASV2_2712_ESMFold_hypothetical_protein	AF-Q6G9F4-F1-model_v4	AF-Q6G9F4-F1-model_v4 Putative branched-chain amino acid carrier protein SAS1350	1.215E-04	1.000	158	37	481	489	3	393	447	473	0.910	0.875
LOKIASV2_2712_ESMFold_hypothetical_protein	AF-O06005-F1-model_v4	AF-O06005-F1-model_v4 Amino-acid permease AapA	8.263E-05	1.000	157	21	488	489	4	453	462	529	0.957	0.974
LOKIASV2_2712_ESMFold_hypothetical_protein	AF-O84379-F1-model_v4	AF-O84379-F1-model_v4 Arginine/agmatine antiporter	2.410E-04	1.000	157	38	485	489	14	420	483	481	0.916	0.843
LOKIASV2_2712_ESMFold_hypothetical_protein	AF-A2VE31-F1-model_v4	AF-A2VE31-F1-model_v4 Sodium-coupled neutral amino acid transporter 2	9.395E-05	1.000	157	20	488	489	38	495	506	533	0.959	0.905
LOKIASV2_2712_ESMFold_hypothetical_protein	AF-Q59WB3-F1-model_v4	AF-Q59WB3-F1-model_v4 S-adenosylmethionine permease GAP4	8.624E-05	1.000	157	3	485	489	47	516	607	550	0.988	0.774
LOKIASV2_2712_ESMFold_hypothetical_protein	AF-Q9PK20-F1-model_v4	AF-Q9PK20-F1-model_v4 Arginine/agmatine antiporter	2.740E-04	1.000	156	39	485	489	14	420	483	473	0.914	0.843
LOKIASV2_2712_ESMFold_hypothetical_protein	AF-Q7SYH5-F1-model_v4	AF-Q7SYH5-F1-model_v4 Sodium-coupled monocarboxylate transporter 1	1.115E-04	1.000	156	27	447	489	34	425	622	464	0.861	0.630
LOKIASV2_2712_ESMFold_hypothetical_protein	AF-P0AAE6-F1-model_v4	AF-P0AAE6-F1-model_v4 Putative arginine/ornithine antiporter	2.985E-04	1.000	155	37	486	489	8	404	460	478	0.920	0.863
LOKIASV2_2712_ESMFold_hypothetical_protein	AF-Q93AK1-F1-model_v4	AF-Q93AK1-F1-model_v4 Ectoine/hydroxyectoine transporter	1.505E-04	1.000	155	10	457	489	69	489	501	493	0.916	0.840
LOKIASV2_2712_ESMFold_hypothetical_protein	AF-P35865-F1-model_v4	AF-P35865-F1-model_v4 L-lysine transport protein	4.780E-04	1.000	155	21	485	489	2	440	501	517	0.951	0.876
LOKIASV2_2712_ESMFold_hypothetical_protein	AF-Q1PER9-F1-model_v4	AF-Q1PER9-F1-model_v4 Amino acid transporter AVT1G	4.027E-04	1.000	155	20	485	489	118	510	524	486	0.953	0.750
LOKIASV2_2712_ESMFold_hypothetical_protein	AF-B0B7U3-F1-model_v4	AF-B0B7U3-F1-model_v4 Arginine/agmatine antiporter	4.388E-04	1.000	154	38	485	489	15	420	483	471	0.916	0.841
LOKIASV2_2712_ESMFold_hypothetical_protein	AF-P47468-F1-model_v4	AF-P47468-F1-model_v4 Uncharacterized protein MG226	1.639E-04	1.000	154	24	483	489	5	442	492	504	0.941	0.890
LOKIASV2_2712_ESMFold_hypothetical_protein	AF-Q8CFE6-F1-model_v4	AF-Q8CFE6-F1-model_v4 Sodium-coupled neutral amino acid transporter 2	9.806E-05	1.000	154	20	488	489	43	492	504	531	0.959	0.893
LOKIASV2_2712_ESMFold_hypothetical_protein	AF-Q39ZN6-F1-model_v4	AF-Q39ZN6-F1-model_v4 Probable potassium transport system protein kup 1	1.639E-04	1.000	154	43	488	489	11	416	605	482	0.912	0.671
LOKIASV2_2712_ESMFold_hypothetical_protein	AF-P32487-F1-model_v4	AF-P32487-F1-model_v4 Lysine-specific permease	1.369E-05	1.000	154	7	484	489	76	563	611	570	0.978	0.799
LOKIASV2_2712_ESMFold_hypothetical_protein	AF-A0AV02-F1-model_v4	AF-A0AV02-F1-model_v4 Solute carrier family 12 member 8	8.263E-05	1.000	154	1	462	489	1	402	714	505	0.945	0.563
LOKIASV2_2712_ESMFold_hypothetical_protein	AF-O06754-F1-model_v4	AF-O06754-F1-model_v4 Branched-chain amino acid transport system carrier protein	1.505E-04	1.000	153	37	481	489	4	372	426	475	0.910	0.866
LOKIASV2_2712_ESMFold_hypothetical_protein	AF-P9WQM3-F1-model_v4	AF-P9WQM3-F1-model_v4 Uncharacterized transporter Rv1999c	4.944E-05	1.000	153	26	479	489	4	413	440	507	0.928	0.932
LOKIASV2_2712_ESMFold_hypothetical_protein	AF-B0BC08-F1-model_v4	AF-B0BC08-F1-model_v4 Arginine/agmatine antiporter	4.388E-04	1.000	153	38	485	489	15	420	483	471	0.916	0.841
LOKIASV2_2712_ESMFold_hypothetical_protein	AF-A7MBD8-F1-model_v4	AF-A7MBD8-F1-model_v4 Sodium-coupled monocarboxylate transporter 2	2.309E-04	1.000	153	32	447	489	30	421	617	453	0.851	0.635
LOKIASV2_2712_ESMFold_hypothetical_protein	AF-Q99MR3-F1-model_v4	AF-Q99MR3-F1-model_v4 Solute carrier family 12 member 9	1.024E-04	1.000	153	12	486	489	11	473	914	555	0.971	0.507
LOKIASV2_2712_ESMFold_hypothetical_protein	AF-P55011-F1-model_v4	AF-P55011-F1-model_v4 Solute carrier family 12 member 2	4.538E-05	1.000	153	20	482	489	270	749	1212	554	0.947	0.396
LOKIASV2_2712_ESMFold_hypothetical_protein	AF-P19072-F1-model_v4	AF-P19072-F1-model_v4 Branched-chain amino acid transport system 2 carrier protein	2.625E-04	1.000	152	26	483	489	1	389	437	484	0.937	0.890
LOKIASV2_2712_ESMFold_hypothetical_protein	AF-P0AAE7-F1-model_v4	AF-P0AAE7-F1-model_v4 Putative arginine/ornithine antiporter	2.740E-04	1.000	152	37	486	489	8	404	460	478	0.920	0.863
LOKIASV2_2712_ESMFold_hypothetical_protein	AF-P76037-F1-model_v4	AF-P76037-F1-model_v4 Putrescine importer PuuP	1.505E-04	1.000	152	18	488	489	13	417	461	492	0.963	0.879
LOKIASV2_2712_ESMFold_hypothetical_protein	AF-Q96QD8-F1-model_v4	AF-Q96QD8-F1-model_v4 Sodium-coupled neutral amino acid transporter 2	1.864E-04	1.000	152	20	488	489	43	491	506	521	0.959	0.887
LOKIASV2_2712_ESMFold_hypothetical_protein	AF-Q6Z8D0-F1-model_v4	AF-Q6Z8D0-F1-model_v4 Polyamine transporter PUT1	8.263E-05	1.000	152	20	485	489	64	473	531	505	0.953	0.772
LOKIASV2_2712_ESMFold_hypothetical_protein	AF-P38329-F1-model_v4	AF-P38329-F1-model_v4 Vacuolar cation-chloride cotransporter 1	1.570E-04	1.000	152	37	488	489	66	501	1120	518	0.924	0.389
LOKIASV2_2712_ESMFold_hypothetical_protein	AF-P94383-F1-model_v4	AF-P94383-F1-model_v4 Uncharacterized transporter YcgH	1.711E-04	1.000	151	21	482	489	1	405	446	498	0.945	0.908
LOKIASV2_2712_ESMFold_hypothetical_protein	AF-O53092-F1-model_v4	AF-O53092-F1-model_v4 Arginine/ornithine antiporter	5.921E-04	1.000	151	26	485	489	1	413	475	497	0.941	0.869
LOKIASV2_2712_ESMFold_hypothetical_protein	AF-P55012-F1-model_v4	AF-P55012-F1-model_v4 Solute carrier family 12 member 2	4.944E-05	1.000	151	20	482	489	263	742	1205	558	0.947	0.398
LOKIASV2_2712_ESMFold_hypothetical_protein	AF-C8V329-F1-model_v4	AF-C8V329-F1-model_v4 Purine-cytosine permease fcyB	3.991E-05	1.000	150	39	484	489	70	496	508	504	0.912	0.841
LOKIASV2_2712_ESMFold_hypothetical_protein	AF-Q25479-F1-model_v4	AF-Q25479-F1-model_v4 Bumetanide-sensitive sodium-(potassium)-chloride cotransporter	1.323E-04	1.000	150	9	486	489	101	570	1060	549	0.978	0.443
LOKIASV2_2712_ESMFold_hypothetical_protein	AF-P44727-F1-model_v4	AF-P44727-F1-model_v4 Tyrosine-specific transport protein 1	1.033E-03	1.000	149	38	485	489	3	386	400	460	0.916	0.960
LOKIASV2_2712_ESMFold_hypothetical_protein	AF-Q9LXF8-F1-model_v4	AF-Q9LXF8-F1-model_v4 Amino acid transporter AVT1J	1.078E-03	1.000	149	3	487	489	15	416	423	505	0.992	0.950
LOKIASV2_2712_ESMFold_hypothetical_protein	AF-P0ADA0-F1-model_v4	AF-P0ADA0-F1-model_v4 Branched-chain amino acid transport system 2 carrier protein	7.917E-05	1.000	149	37	488	489	8	425	439	498	0.924	0.952
LOKIASV2_2712_ESMFold_hypothetical_protein	AF-P45539-F1-model_v4	AF-P45539-F1-model_v4 Probable fructoselysine/psicoselysine transporter FrlA	1.864E-04	1.000	149	22	488	489	5	410	445	493	0.955	0.912
LOKIASV2_2712_ESMFold_hypothetical_protein	AF-P54104-F1-model_v4	AF-P54104-F1-model_v4 Branched-chain amino acid transport system carrier protein	1.570E-04	1.000	149	37	483	489	8	398	446	473	0.914	0.877
LOKIASV2_2712_ESMFold_hypothetical_protein	AF-A2BFP5-F1-model_v4	AF-A2BFP5-F1-model_v4 Solute carrier family 12 member 9	1.442E-04	1.000	149	14	486	489	14	479	899	555	0.967	0.518
LOKIASV2_2712_ESMFold_hypothetical_protein	AF-P55018-F1-model_v4	AF-P55018-F1-model_v4 Solute carrier family 12 member 3	1.786E-04	1.000	149	21	488	489	109	603	1002	564	0.957	0.494
LOKIASV2_2712_ESMFold_hypothetical_protein	AF-Q0TU56-F1-model_v4	AF-Q0TU56-F1-model_v4 Putative amino-acid transporter CPF_0377	3.859E-04	1.000	148	38	485	489	10	421	481	476	0.916	0.857
LOKIASV2_2712_ESMFold_hypothetical_protein	AF-Q59WU0-F1-model_v4	AF-Q59WU0-F1-model_v4 Probable lysine/arginine permease CAN2	5.160E-05	1.000	148	20	484	489	40	511	568	546	0.951	0.831
LOKIASV2_2712_ESMFold_hypothetical_protein	AF-P38971-F1-model_v4	AF-P38971-F1-model_v4 Basic amino-acid permease	6.123E-05	1.000	148	39	486	489	72	496	573	499	0.916	0.742
LOKIASV2_2712_ESMFold_hypothetical_protein	AF-Q9P768-F1-model_v4	AF-Q9P768-F1-model_v4 Uncharacterized amino-acid permease P7G5.06	1.928E-05	1.000	148	14	484	489	41	533	583	566	0.963	0.846
LOKIASV2_2712_ESMFold_hypothetical_protein	AF-P55013-F1-model_v4	AF-P55013-F1-model_v4 Solute carrier family 12 member 2	8.263E-05	1.000	148	20	482	489	242	722	1191	556	0.947	0.404
LOKIASV2_2712_ESMFold_hypothetical_protein	AF-Q9SF09-F1-model_v4	AF-Q9SF09-F1-model_v4 Amino acid transporter ANT1	1.945E-04	1.000	147	15	489	489	7	431	432	516	0.971	0.984
LOKIASV2_2712_ESMFold_hypothetical_protein	AF-P04817-F1-model_v4	AF-P04817-F1-model_v4 Arginine permease CAN1	1.268E-04	1.000	147	21	486	489	65	544	590	549	0.953	0.814
LOKIASV2_2712_ESMFold_hypothetical_protein	AF-P0AAD5-F1-model_v4	AF-P0AAD5-F1-model_v4 Tyrosine-specific transport protein	1.518E-03	1.000	146	36	488	489	2	393	403	480	0.926	0.973
LOKIASV2_2712_ESMFold_hypothetical_protein	AF-F4J1Q9-F1-model_v4	AF-F4J1Q9-F1-model_v4 Amino acid transporter AVT1I	5.435E-04	1.000	146	5	488	489	2	396	405	507	0.990	0.975
LOKIASV2_2712_ESMFold_hypothetical_protein	AF-D3Z813-F1-model_v4	AF-D3Z813-F1-model_v4 Putative sodium-coupled neutral amino acid transporter 11	6.450E-04	1.000	146	20	488	489	5	416	453	505	0.959	0.909
LOKIASV2_2712_ESMFold_hypothetical_protein	AF-Q822F2-F1-model_v4	AF-Q822F2-F1-model_v4 Arginine/agmatine antiporter	5.435E-04	1.000	146	38	485	489	15	423	486	474	0.916	0.842
LOKIASV2_2712_ESMFold_hypothetical_protein	AF-Q9GZV3-F1-model_v4	AF-Q9GZV3-F1-model_v4 High affinity choline transporter 1	9.084E-04	1.000	146	38	456	489	51	427	580	452	0.857	0.650
LOKIASV2_2712_ESMFold_hypothetical_protein	AF-P96589-F1-model_v4	AF-P96589-F1-model_v4 Potassium transporter KimA	1.711E-04	1.000	146	25	488	489	12	427	607	508	0.949	0.685
LOKIASV2_2712_ESMFold_hypothetical_protein	AF-P07869-F1-model_v4	AF-P07869-F1-model_v4 Spore germination protein A2	7.334E-04	1.000	145	38	453	489	12	353	365	431	0.851	0.937
LOKIASV2_2712_ESMFold_hypothetical_protein	AF-P39570-F1-model_v4	AF-P39570-F1-model_v4 Spore germination protein B2	1.033E-03	1.000	145	35	455	489	10	354	368	436	0.861	0.938
LOKIASV2_2712_ESMFold_hypothetical_protein	AF-O32060-F1-model_v4	AF-O32060-F1-model_v4 Putative sodium/proton-dependent alanine carrier protein YrbD	8.263E-05	1.000	145	5	472	489	36	444	484	505	0.957	0.845
LOKIASV2_2712_ESMFold_hypothetical_protein	AF-O70247-F1-model_v4	AF-O70247-F1-model_v4 Sodium-dependent multivitamin transporter	1.226E-03	1.000	145	40	449	489	67	444	634	437	0.838	0.596
LOKIASV2_2712_ESMFold_hypothetical_protein	AF-P0AD99-F1-model_v4	AF-P0AD99-F1-model_v4 Branched-chain amino acid transport system 2 carrier protein	2.119E-04	1.000	144	37	488	489	8	425	439	496	0.924	0.952
LOKIASV2_2712_ESMFold_hypothetical_protein	AF-Q84WE9-F1-model_v4	AF-Q84WE9-F1-model_v4 Lysine histidine transporter-like 7	6.450E-04	1.000	144	20	488	489	28	464	478	515	0.959	0.914
LOKIASV2_2712_ESMFold_hypothetical_protein	AF-Q6Z0E2-F1-model_v4	AF-Q6Z0E2-F1-model_v4 Cation-chloride cotransporter 1	4.989E-04	1.000	144	5	486	489	93	575	989	564	0.986	0.488
LOKIASV2_2712_ESMFold_hypothetical_protein	AF-P55017-F1-model_v4	AF-P55017-F1-model_v4 Solute carrier family 12 member 3	1.164E-04	1.000	144	24	488	489	126	605	1021	548	0.951	0.470
LOKIASV2_2712_ESMFold_hypothetical_protein	AF-P44614-F1-model_v4	AF-P44614-F1-model_v4 Tryptophan-specific transport protein	1.963E-03	1.000	143	39	487	489	9	406	418	465	0.918	0.952
LOKIASV2_2712_ESMFold_hypothetical_protein	AF-P27837-F1-model_v4	AF-P27837-F1-model_v4 Probable transport protein YifK	2.030E-04	1.000	143	39	488	489	14	447	461	512	0.920	0.941
LOKIASV2_2712_ESMFold_hypothetical_protein	AF-Q9NSD5-F1-model_v4	AF-Q9NSD5-F1-model_v4 Sodium- and chloride-dependent GABA transporter 2	1.226E-03	1.000	143	37	489	489	38	514	602	549	0.926	0.792
LOKIASV2_2712_ESMFold_hypothetical_protein	AF-A1ALM1-F1-model_v4	AF-A1ALM1-F1-model_v4 Probable potassium transport system protein kup	2.985E-04	1.000	143	27	485	489	1	413	605	503	0.939	0.683
LOKIASV2_2712_ESMFold_hypothetical_protein	AF-Q8N695-F1-model_v4	AF-Q8N695-F1-model_v4 Sodium-coupled monocarboxylate transporter 1	5.672E-04	1.000	143	27	449	489	34	431	610	461	0.865	0.652
LOKIASV2_2712_ESMFold_hypothetical_protein	AF-P31662-F1-model_v4	AF-P31662-F1-model_v4 Sodium-dependent neutral amino acid transporter SLC6A17	7.267E-05	1.000	143	14	488	489	39	586	727	631	0.971	0.754
LOKIASV2_2712_ESMFold_hypothetical_protein	AF-Q8TBB6-F1-model_v4	AF-Q8TBB6-F1-model_v4 Probable cationic amino acid transporter	2.410E-04	1.000	143	9	451	489	33	427	771	489	0.906	0.512
LOKIASV2_2712_ESMFold_hypothetical_protein	AF-B0UYF2-F1-model_v4	AF-B0UYF2-F1-model_v4 Probable cationic amino acid transporter	1.570E-04	1.000	143	5	449	489	32	425	785	486	0.910	0.502
LOKIASV2_2712_ESMFold_hypothetical_protein	AF-Q9FKY3-F1-model_v4	AF-Q9FKY3-F1-model_v4 Amino acid transporter AVT3A	4.579E-04	1.000	142	14	485	489	5	413	427	514	0.965	0.958
LOKIASV2_2712_ESMFold_hypothetical_protein	AF-P38680-F1-model_v4	AF-P38680-F1-model_v4 N amino acid transport system protein	3.697E-04	1.000	142	14	485	489	22	442	470	512	0.965	0.896
LOKIASV2_2712_ESMFold_hypothetical_protein	AF-P30143-F1-model_v4	AF-P30143-F1-model_v4 Uncharacterized transporter YaaJ	8.263E-05	1.000	142	32	451	489	40	440	476	459	0.859	0.842
LOKIASV2_2712_ESMFold_hypothetical_protein	AF-Q46170-F1-model_v4	AF-Q46170-F1-model_v4 Arginine/ornithine antiporter	7.026E-04	1.000	142	38	485	489	13	415	478	481	0.916	0.843
LOKIASV2_2712_ESMFold_hypothetical_protein	AF-P39981-F1-model_v4	AF-P39981-F1-model_v4 Vacuolar amino acid transporter 2	5.672E-04	1.000	142	14	485	489	23	460	480	523	0.965	0.913
LOKIASV2_2712_ESMFold_hypothetical_protein	AF-Q49B93-F1-model_v4	AF-Q49B93-F1-model_v4 Sodium-coupled monocarboxylate transporter 2	3.542E-04	1.000	142	32	447	489	30	421	619	468	0.851	0.633
LOKIASV2_2712_ESMFold_hypothetical_protein	AF-O74327-F1-model_v4	AF-O74327-F1-model_v4 Vacuolar amino acid transporter 5	3.542E-04	1.000	141	21	486	489	2	410	420	509	0.953	0.974
LOKIASV2_2712_ESMFold_hypothetical_protein	AF-Q9FFL1-F1-model_v4	AF-Q9FFL1-F1-model_v4 Polyamine transporter RMV1	1.215E-04	1.000	141	21	481	489	36	463	490	512	0.943	0.873
LOKIASV2_2712_ESMFold_hypothetical_protein	AF-Q7NA72-F1-model_v4	AF-Q7NA72-F1-model_v4 Cation/acetate symporter ActP	3.542E-04	1.000	141	30	484	489	57	516	549	530	0.930	0.838
LOKIASV2_2712_ESMFold_hypothetical_protein	AF-P31649-F1-model_v4	AF-P31649-F1-model_v4 Sodium- and chloride-dependent GABA transporter 2	6.450E-04	1.000	141	37	481	489	38	513	602	551	0.910	0.791
LOKIASV2_2712_ESMFold_hypothetical_protein	AF-Q74AA5-F1-model_v4	AF-Q74AA5-F1-model_v4 Probable potassium transport system protein kup 2	2.985E-04	1.000	141	28	487	489	1	414	605	492	0.941	0.684
LOKIASV2_2712_ESMFold_hypothetical_protein	AF-A4QC57-F1-model_v4	AF-A4QC57-F1-model_v4 Probable potassium transport system protein kup	2.309E-04	1.000	141	26	488	489	10	422	628	504	0.947	0.658
LOKIASV2_2712_ESMFold_hypothetical_protein	AF-Q9MYX0-F1-model_v4	AF-Q9MYX0-F1-model_v4 Sodium-dependent serotonin transporter	3.697E-04	1.000	141	20	489	489	60	559	630	579	0.961	0.794
LOKIASV2_2712_ESMFold_hypothetical_protein	AF-Q9Y666-F1-model_v4	AF-Q9Y666-F1-model_v4 Solute carrier family 12 member 7	7.334E-04	1.000	141	4	486	489	101	633	1083	616	0.988	0.492
LOKIASV2_2712_ESMFold_hypothetical_protein	AF-P0AAD4-F1-model_v4	AF-P0AAD4-F1-model_v4 Tyrosine-specific transport protein	2.538E-03	1.000	140	36	488	489	2	393	403	479	0.926	0.973
LOKIASV2_2712_ESMFold_hypothetical_protein	AF-Q3USY0-F1-model_v4	AF-Q3USY0-F1-model_v4 Putative sodium-coupled neutral amino acid transporter 11	1.518E-03	1.000	140	20	488	489	5	416	453	502	0.959	0.909
LOKIASV2_2712_ESMFold_hypothetical_protein	AF-Q9CEY5-F1-model_v4	AF-Q9CEY5-F1-model_v4 Probable agmatine/putrescine antiporter AguD	1.226E-03	1.000	140	43	486	489	13	414	466	474	0.908	0.863
LOKIASV2_2712_ESMFold_hypothetical_protein	AF-Q8LPL8-F1-model_v4	AF-Q8LPL8-F1-model_v4 Potassium transporter 13	2.119E-04	1.000	140	27	488	489	97	552	855	546	0.945	0.533
LOKIASV2_2712_ESMFold_hypothetical_protein	AF-P94392-F1-model_v4	AF-P94392-F1-model_v4 High-affinity proline transporter PutP	6.450E-04	1.000	139	30	489	489	13	453	473	518	0.941	0.932
LOKIASV2_2712_ESMFold_hypothetical_protein	AF-D4AU27-F1-model_v4	AF-D4AU27-F1-model_v4 Swainsonine transporter swnT	4.027E-04	1.000	139	20	486	489	19	454	498	509	0.955	0.876
LOKIASV2_2712_ESMFold_hypothetical_protein	AF-A0JNI9-F1-model_v4	AF-A0JNI9-F1-model_v4 Probable cationic amino acid transporter	4.388E-04	1.000	139	6	451	489	33	427	771	485	0.912	0.512
LOKIASV2_2712_ESMFold_hypothetical_protein	AF-Q66HR0-F1-model_v4	AF-Q66HR0-F1-model_v4 Solute carrier family 12 member 9	3.859E-04	1.000	139	24	486	489	23	473	914	538	0.947	0.493
LOKIASV2_2712_ESMFold_hypothetical_protein	AF-Q8X845-F1-model_v4	AF-Q8X845-F1-model_v4 Probable fructoselysine/psicoselysine transporter FrlA	2.309E-04	1.000	138	20	488	489	3	410	445	499	0.959	0.917
LOKIASV2_2712_ESMFold_hypothetical_protein	AF-Q747C1-F1-model_v4	AF-Q747C1-F1-model_v4 Probable potassium transport system protein kup 3	5.921E-04	1.000	138	27	488	489	1	416	605	503	0.945	0.688
LOKIASV2_2712_ESMFold_hypothetical_protein	AF-Q5ZTN5-F1-model_v4	AF-Q5ZTN5-F1-model_v4 Probable potassium transport system protein kup 2	8.339E-04	1.000	138	33	487	489	6	414	625	497	0.930	0.654
LOKIASV2_2712_ESMFold_hypothetical_protein	AF-Q9XT49-F1-model_v4	AF-Q9XT49-F1-model_v4 Sodium-dependent serotonin transporter	3.697E-04	1.000	138	20	489	489	58	559	630	583	0.961	0.797
LOKIASV2_2712_ESMFold_hypothetical_protein	AF-P0A1W9-F1-model_v4	AF-P0A1W9-F1-model_v4 Branched-chain amino acid transport system 2 carrier protein	3.115E-04	1.000	137	37	488	489	8	425	439	497	0.924	0.952
LOKIASV2_2712_ESMFold_hypothetical_protein	AF-P0A1W8-F1-model_v4	AF-P0A1W8-F1-model_v4 Branched-chain amino acid transport system 2 carrier protein	3.542E-04	1.000	137	37	488	489	8	425	439	500	0.924	0.952
LOKIASV2_2712_ESMFold_hypothetical_protein	AF-A8KBL5-F1-model_v4	AF-A8KBL5-F1-model_v4 Putative sodium-coupled neutral amino acid transporter 11	1.279E-03	1.000	137	4	488	489	2	403	448	516	0.992	0.897
LOKIASV2_2712_ESMFold_hypothetical_protein	AF-Q9C9J0-F1-model_v4	AF-Q9C9J0-F1-model_v4 Lysine histidine transporter-like 5	8.339E-04	1.000	137	38	485	489	39	428	448	488	0.916	0.871
LOKIASV2_2712_ESMFold_hypothetical_protein	AF-P10502-F1-model_v4	AF-P10502-F1-model_v4 Sodium/proline symporter	5.921E-04	1.000	137	41	489	489	43	473	502	514	0.918	0.859
LOKIASV2_2712_ESMFold_hypothetical_protein	AF-C6D930-F1-model_v4	AF-C6D930-F1-model_v4 Cation/acetate symporter ActP	3.251E-04	1.000	137	30	484	489	60	519	552	534	0.930	0.833
LOKIASV2_2712_ESMFold_hypothetical_protein	AF-Q465T0-F1-model_v4	AF-Q465T0-F1-model_v4 Probable potassium transport system protein kup	1.279E-03	1.000	137	31	485	489	2	410	603	493	0.930	0.678
LOKIASV2_2712_ESMFold_hypothetical_protein	AF-P31643-F1-model_v4	AF-P31643-F1-model_v4 Sodium- and chloride-dependent taurine transporter	2.212E-04	1.000	137	2	481	489	4	525	621	598	0.982	0.841
LOKIASV2_2712_ESMFold_hypothetical_protein	AF-Q5U4D8-F1-model_v4	AF-Q5U4D8-F1-model_v4 Sodium-dependent multivitamin transporter	8.703E-04	1.000	137	21	449	489	4	444	634	503	0.877	0.696
LOKIASV2_2712_ESMFold_hypothetical_protein	AF-P40074-F1-model_v4	AF-P40074-F1-model_v4 Vacuolar amino acid transporter 6	5.921E-04	1.000	136	39	488	489	5	442	448	521	0.920	0.978
LOKIASV2_2712_ESMFold_hypothetical_protein	AF-Q8IZM9-F1-model_v4	AF-Q8IZM9-F1-model_v4 Probable sodium-coupled neutral amino acid transporter 6	2.309E-04	1.000	136	20	488	489	23	451	456	518	0.959	0.941
LOKIASV2_2712_ESMFold_hypothetical_protein	AF-Q12119-F1-model_v4	AF-Q12119-F1-model_v4 Purine-cytosine permease FCY22	6.179E-04	1.000	136	9	469	489	58	457	530	496	0.943	0.755
LOKIASV2_2712_ESMFold_hypothetical_protein	AF-Q1EHB4-F1-model_v4	AF-Q1EHB4-F1-model_v4 Sodium-coupled monocarboxylate transporter 2	7.989E-04	1.000	136	40	447	489	50	421	618	444	0.834	0.602
LOKIASV2_2712_ESMFold_hypothetical_protein	AF-Q5BL81-F1-model_v4	AF-Q5BL81-F1-model_v4 Sodium-coupled monocarboxylate transporter 1	1.335E-03	1.000	136	27	448	489	34	427	620	460	0.863	0.635
LOKIASV2_2712_ESMFold_hypothetical_protein	AF-Q63633-F1-model_v4	AF-Q63633-F1-model_v4 Solute carrier family 12 member 5	8.703E-04	1.000	136	1	486	489	98	636	1139	589	0.994	0.473
LOKIASV2_2712_ESMFold_hypothetical_protein	AF-O22719-F1-model_v4	AF-O22719-F1-model_v4 Lysine histidine transporter-like 3	4.204E-04	1.000	135	33	485	489	19	428	451	494	0.926	0.909
LOKIASV2_2712_ESMFold_hypothetical_protein	AF-P44555-F1-model_v4	AF-P44555-F1-model_v4 Uncharacterized transporter HI_0183	3.115E-04	1.000	135	43	472	489	75	447	481	455	0.879	0.775
LOKIASV2_2712_ESMFold_hypothetical_protein	AF-Q495M3-F1-model_v4	AF-Q495M3-F1-model_v4 Proton-coupled amino acid transporter 2	5.921E-04	1.000	135	6	485	489	26	457	483	524	0.982	0.894
LOKIASV2_2712_ESMFold_hypothetical_protein	AF-Q09573-F1-model_v4	AF-Q09573-F1-model_v4 Potassium/chloride cotransporter 3	6.732E-04	1.000	135	27	488	489	73	615	1070	586	0.945	0.507
LOKIASV2_2712_ESMFold_hypothetical_protein	AF-O32204-F1-model_v4	AF-O32204-F1-model_v4 Putative arginine/ornithine antiporter	1.963E-03	1.000	134	36	489	489	9	438	469	510	0.928	0.917
LOKIASV2_2712_ESMFold_hypothetical_protein	AF-O74248-F1-model_v4	AF-O74248-F1-model_v4 Putative polyamine transporter	8.703E-04	1.000	134	9	486	489	24	468	553	534	0.978	0.805
LOKIASV2_2712_ESMFold_hypothetical_protein	AF-Q9C5D6-F1-model_v4	AF-Q9C5D6-F1-model_v4 Cationic amino acid transporter 9, chloroplastic	6.179E-04	1.000	134	11	488	489	21	539	569	598	0.978	0.912
LOKIASV2_2712_ESMFold_hypothetical_protein	AF-B5BP45-F1-model_v4	AF-B5BP45-F1-model_v4 Uncharacterized amino-acid permease C460.01c	2.288E-05	1.000	134	9	484	489	47	522	572	555	0.973	0.832
LOKIASV2_2712_ESMFold_hypothetical_protein	AF-P31652-F1-model_v4	AF-P31652-F1-model_v4 Sodium-dependent serotonin transporter	4.579E-04	1.000	134	20	489	489	58	559	630	582	0.961	0.797
LOKIASV2_2712_ESMFold_hypothetical_protein	AF-Q5RK27-F1-model_v4	AF-Q5RK27-F1-model_v4 Solute carrier family 12 member 7	9.084E-04	1.000	134	4	486	489	101	633	1083	586	0.988	0.492
LOKIASV2_2712_ESMFold_hypothetical_protein	AF-P0AA83-F1-model_v4	AF-P0AA83-F1-model_v4 Cytosine permease	6.179E-04	1.000	133	39	480	489	20	396	419	480	0.904	0.900
LOKIASV2_2712_ESMFold_hypothetical_protein	AF-P30145-F1-model_v4	AF-P30145-F1-model_v4 Sodium/proton-dependent alanine carrier protein	1.711E-04	1.000	133	36	487	489	18	402	445	502	0.924	0.865
LOKIASV2_2712_ESMFold_hypothetical_protein	AF-Q6WWW3-F1-model_v4	AF-Q6WWW3-F1-model_v4 Probable sodium-coupled neutral amino acid transporter 6	2.985E-04	1.000	133	21	488	489	27	452	457	515	0.957	0.932
LOKIASV2_2712_ESMFold_hypothetical_protein	AF-Q5EA97-F1-model_v4	AF-Q5EA97-F1-model_v4 Putative sodium-coupled neutral amino acid transporter 11	2.049E-03	1.000	133	33	489	489	29	420	463	485	0.935	0.847
LOKIASV2_2712_ESMFold_hypothetical_protein	AF-P07117-F1-model_v4	AF-P07117-F1-model_v4 Sodium/proline symporter	2.030E-04	1.000	133	41	489	489	43	473	502	515	0.918	0.859
LOKIASV2_2712_ESMFold_hypothetical_protein	AF-Q8BGY9-F1-model_v4	AF-Q8BGY9-F1-model_v4 High affinity choline transporter 1	7.026E-04	1.000	133	38	484	489	51	492	580	523	0.914	0.762
LOKIASV2_2712_ESMFold_hypothetical_protein	AF-Q39ZN5-F1-model_v4	AF-Q39ZN5-F1-model_v4 Probable potassium transport system protein kup 2	5.207E-04	1.000	133	27	487	489	1	415	606	498	0.943	0.685
LOKIASV2_2712_ESMFold_hypothetical_protein	AF-P31641-F1-model_v4	AF-P31641-F1-model_v4 Sodium- and chloride-dependent taurine transporter	4.579E-04	1.000	133	2	481	489	4	525	620	592	0.982	0.842
LOKIASV2_2712_ESMFold_hypothetical_protein	AF-Q5X3H2-F1-model_v4	AF-Q5X3H2-F1-model_v4 Probable potassium transport system protein kup 2	6.179E-04	1.000	133	33	487	489	6	414	625	501	0.930	0.654
LOKIASV2_2712_ESMFold_hypothetical_protein	AF-Q8BXR1-F1-model_v4	AF-Q8BXR1-F1-model_v4 Probable cationic amino acid transporter	1.033E-03	1.000	133	9	451	489	33	427	771	478	0.906	0.512
LOKIASV2_2712_ESMFold_hypothetical_protein	AF-Q91V14-F1-model_v4	AF-Q91V14-F1-model_v4 Solute carrier family 12 member 5	4.027E-04	1.000	133	3	486	489	102	636	1138	595	0.990	0.470
LOKIASV2_2712_ESMFold_hypothetical_protein	AF-Q9SX98-F1-model_v4	AF-Q9SX98-F1-model_v4 Lysine histidine transporter-like 8	1.639E-04	1.000	132	21	487	489	46	502	519	544	0.955	0.881
LOKIASV2_2712_ESMFold_hypothetical_protein	AF-F4JE35-F1-model_v4	AF-F4JE35-F1-model_v4 Amino acid transporter AVT1B	9.084E-04	1.000	132	21	485	489	127	525	540	495	0.951	0.739
LOKIASV2_2712_ESMFold_hypothetical_protein	AF-P38734-F1-model_v4	AF-P38734-F1-model_v4 Low-affinity methionine permease	4.780E-04	1.000	132	32	482	489	49	473	546	502	0.922	0.778
LOKIASV2_2712_ESMFold_hypothetical_protein	AF-A1JIK1-F1-model_v4	AF-A1JIK1-F1-model_v4 Cation/acetate symporter ActP	7.654E-04	1.000	132	30	484	489	59	518	551	532	0.930	0.835
LOKIASV2_2712_ESMFold_hypothetical_protein	AF-A7FNG3-F1-model_v4	AF-A7FNG3-F1-model_v4 Cation/acetate symporter ActP	1.078E-03	1.000	132	30	484	489	59	518	551	527	0.930	0.835
LOKIASV2_2712_ESMFold_hypothetical_protein	AF-Q8ZJ73-F1-model_v4	AF-Q8ZJ73-F1-model_v4 Cation/acetate symporter ActP	9.481E-04	1.000	132	30	484	489	59	518	551	530	0.930	0.835
LOKIASV2_2712_ESMFold_hypothetical_protein	AF-A5IDR5-F1-model_v4	AF-A5IDR5-F1-model_v4 Probable potassium transport system protein kup 2	4.989E-04	1.000	132	27	487	489	1	414	625	502	0.943	0.662
LOKIASV2_2712_ESMFold_hypothetical_protein	AF-G3UVW3-F1-model_v4	AF-G3UVW3-F1-model_v4 Probable sodium-coupled neutral amino acid transporter 6	3.542E-04	1.000	131	27	488	489	31	452	457	505	0.945	0.923
LOKIASV2_2712_ESMFold_hypothetical_protein	AF-B1JNK6-F1-model_v4	AF-B1JNK6-F1-model_v4 Cation/acetate symporter ActP	1.033E-03	1.000	131	30	484	489	59	518	551	531	0.930	0.835
LOKIASV2_2712_ESMFold_hypothetical_protein	AF-A4TS08-F1-model_v4	AF-A4TS08-F1-model_v4 Cation/acetate symporter ActP	1.033E-03	1.000	131	30	484	489	59	518	551	529	0.930	0.835
LOKIASV2_2712_ESMFold_hypothetical_protein	AF-A5FUT7-F1-model_v4	AF-A5FUT7-F1-model_v4 Probable potassium transport system protein kup	6.450E-04	1.000	131	21	488	489	2	425	630	506	0.957	0.673
LOKIASV2_2712_ESMFold_hypothetical_protein	AF-Q2UVJ5-F1-model_v4	AF-Q2UVJ5-F1-model_v4 Cation-chloride cotransporter 1	2.860E-04	1.000	131	7	486	489	96	568	975	554	0.982	0.485
LOKIASV2_2712_ESMFold_hypothetical_protein	AF-A0A0G2KTI4-F1-model_v4	AF-A0A0G2KTI4-F1-model_v4 Solute carrier family 12 member 2	4.780E-04	1.000	131	20	482	489	192	674	1136	553	0.947	0.425
LOKIASV2_2712_ESMFold_hypothetical_protein	AF-Q6DEL1-F1-model_v4	AF-Q6DEL1-F1-model_v4 Putative sodium-coupled neutral amino acid transporter 7	1.654E-03	1.000	130	2	483	489	19	446	465	527	0.986	0.920
LOKIASV2_2712_ESMFold_hypothetical_protein	AF-A9R563-F1-model_v4	AF-A9R563-F1-model_v4 Cation/acetate symporter ActP	1.125E-03	1.000	130	30	484	489	59	518	551	529	0.930	0.835
LOKIASV2_2712_ESMFold_hypothetical_protein	AF-Q66FN0-F1-model_v4	AF-Q66FN0-F1-model_v4 Cation/acetate symporter ActP	1.279E-03	1.000	130	30	484	489	59	518	551	527	0.930	0.835
LOKIASV2_2712_ESMFold_hypothetical_protein	AF-Q8DHB0-F1-model_v4	AF-Q8DHB0-F1-model_v4 Probable potassium transport system protein kup	1.455E-03	1.000	130	26	488	489	1	421	625	509	0.947	0.674
LOKIASV2_2712_ESMFold_hypothetical_protein	AF-Q96N87-F1-model_v4	AF-Q96N87-F1-model_v4 Inactive sodium-dependent neutral amino acid transporter B(0)AT3	3.859E-04	1.000	130	24	488	489	5	537	628	608	0.951	0.849
LOKIASV2_2712_ESMFold_hypothetical_protein	AF-Q93N69-F1-model_v4	AF-Q93N69-F1-model_v4 Spore germination protein GerLB	7.654E-04	1.000	129	32	432	489	3	360	374	448	0.820	0.957
LOKIASV2_2712_ESMFold_hypothetical_protein	AF-P94499-F1-model_v4	AF-P94499-F1-model_v4 Branched-chain amino acid transport system carrier protein BrnQ	8.339E-04	1.000	129	37	482	489	8	393	440	479	0.912	0.877
LOKIASV2_2712_ESMFold_hypothetical_protein	AF-Q6DFE7-F1-model_v4	AF-Q6DFE7-F1-model_v4 Putative sodium-coupled neutral amino acid transporter 7	2.432E-03	1.000	129	28	486	489	26	438	452	500	0.939	0.914
LOKIASV2_2712_ESMFold_hypothetical_protein	AF-Q9SS86-F1-model_v4	AF-Q9SS86-F1-model_v4 Lysine histidine transporter-like 4	2.625E-04	1.000	129	21	485	489	2	427	455	519	0.951	0.936
LOKIASV2_2712_ESMFold_hypothetical_protein	AF-A6TGZ7-F1-model_v4	AF-A6TGZ7-F1-model_v4 Cation/acetate symporter ActP	1.585E-03	1.000	129	29	452	489	59	452	551	467	0.867	0.715
LOKIASV2_2712_ESMFold_hypothetical_protein	AF-P43059-F1-model_v4	AF-P43059-F1-model_v4 Lysine/arginine permease	7.585E-05	1.000	129	5	486	489	45	516	571	547	0.986	0.827
LOKIASV2_2712_ESMFold_hypothetical_protein	AF-P51905-F1-model_v4	AF-P51905-F1-model_v4 Sodium-dependent serotonin transporter	3.859E-04	1.000	129	24	489	489	61	550	622	581	0.953	0.788
LOKIASV2_2712_ESMFold_hypothetical_protein	AF-Q9NVC3-F1-model_v4	AF-Q9NVC3-F1-model_v4 Putative sodium-coupled neutral amino acid transporter 7	4.242E-03	1.000	128	39	488	489	53	453	462	491	0.920	0.868
LOKIASV2_2712_ESMFold_hypothetical_protein	AF-Q9JMD7-F1-model_v4	AF-Q9JMD7-F1-model_v4 High affinity choline transporter 1	1.279E-03	1.000	128	38	484	489	51	492	580	528	0.914	0.762
LOKIASV2_2712_ESMFold_hypothetical_protein	AF-Q6F793-F1-model_v4	AF-Q6F793-F1-model_v4 Probable potassium transport system protein kup	1.394E-03	1.000	128	27	486	489	1	424	626	506	0.941	0.677
LOKIASV2_2712_ESMFold_hypothetical_protein	AF-Q035P5-F1-model_v4	AF-Q035P5-F1-model_v4 Probable potassium transport system protein kup	1.726E-03	1.000	128	24	488	489	3	431	684	504	0.951	0.627
LOKIASV2_2712_ESMFold_hypothetical_protein	AF-Q657W3-F1-model_v4	AF-Q657W3-F1-model_v4 Cation-chloride cotransporter 2	8.339E-04	1.000	128	9	486	489	106	582	994	565	0.978	0.480
LOKIASV2_2712_ESMFold_hypothetical_protein	AF-Q47825-F1-model_v4	AF-Q47825-F1-model_v4 Tyrosine permease	2.432E-03	1.000	127	39	488	489	10	406	416	474	0.920	0.954
LOKIASV2_2712_ESMFold_hypothetical_protein	AF-Q9CA25-F1-model_v4	AF-Q9CA25-F1-model_v4 Auxin transporter-like protein 3	3.144E-03	1.000	127	3	488	489	16	447	470	538	0.994	0.919
LOKIASV2_2712_ESMFold_hypothetical_protein	AF-Q5E9S9-F1-model_v4	AF-Q5E9S9-F1-model_v4 Sodium-coupled neutral amino acid transporter 5	1.394E-03	1.000	127	20	488	489	30	466	478	518	0.959	0.914
LOKIASV2_2712_ESMFold_hypothetical_protein	AF-P40039-F1-model_v4	AF-P40039-F1-model_v4 Purine-cytosine permease FCY21	7.989E-04	1.000	127	3	468	489	18	449	528	518	0.953	0.818
LOKIASV2_2712_ESMFold_hypothetical_protein	AF-B2K137-F1-model_v4	AF-B2K137-F1-model_v4 Cation/acetate symporter ActP	8.703E-04	1.000	127	30	484	489	59	518	551	527	0.930	0.835
LOKIASV2_2712_ESMFold_hypothetical_protein	AF-Q1C0M8-F1-model_v4	AF-Q1C0M8-F1-model_v4 Cation/acetate symporter ActP	1.455E-03	1.000	127	30	484	489	59	518	551	529	0.930	0.835
LOKIASV2_2712_ESMFold_hypothetical_protein	AF-P31646-F1-model_v4	AF-P31646-F1-model_v4 Sodium- and chloride-dependent GABA transporter 2	2.232E-03	1.000	127	14	481	489	2	513	602	580	0.957	0.850
LOKIASV2_2712_ESMFold_hypothetical_protein	AF-Q60857-F1-model_v4	AF-Q60857-F1-model_v4 Sodium-dependent serotonin transporter	5.435E-04	1.000	127	20	489	489	58	559	630	590	0.961	0.797
LOKIASV2_2712_ESMFold_hypothetical_protein	AF-Q8BLQ7-F1-model_v4	AF-Q8BLQ7-F1-model_v4 Cationic amino acid transporter 4	1.654E-03	1.000	127	24	454	489	2	406	635	483	0.881	0.638
LOKIASV2_2712_ESMFold_hypothetical_protein	AF-Q3B1C1-F1-model_v4	AF-Q3B1C1-F1-model_v4 Probable potassium transport system protein kup	1.726E-03	1.000	127	20	488	489	9	438	643	514	0.959	0.669
LOKIASV2_2712_ESMFold_hypothetical_protein	AF-Q99PN0-F1-model_v4	AF-Q99PN0-F1-model_v4 Sodium/iodide cotransporter	1.881E-03	1.000	126	29	447	489	41	428	618	456	0.857	0.628
LOKIASV2_2712_ESMFold_hypothetical_protein	AF-Q2W906-F1-model_v4	AF-Q2W906-F1-model_v4 Probable potassium transport system protein kup 1	6.732E-04	1.000	126	24	488	489	7	434	640	522	0.951	0.669
LOKIASV2_2712_ESMFold_hypothetical_protein	AF-B3WA65-F1-model_v4	AF-B3WA65-F1-model_v4 Probable potassium transport system protein kup	8.703E-04	1.000	126	43	488	489	18	431	684	487	0.912	0.605
LOKIASV2_2712_ESMFold_hypothetical_protein	AF-Q7XPL3-F1-model_v4	AF-Q7XPL3-F1-model_v4 Probable potassium transporter 15	1.125E-03	1.000	126	29	488	489	117	571	867	533	0.941	0.525
LOKIASV2_2712_ESMFold_hypothetical_protein	AF-O60146-F1-model_v4	AF-O60146-F1-model_v4 Uncharacterized transporter C18H10.16	2.232E-03	1.000	126	14	483	489	62	494	1050	527	0.961	0.412
LOKIASV2_2712_ESMFold_hypothetical_protein	AF-Q5RC98-F1-model_v4	AF-Q5RC98-F1-model_v4 Putative sodium-coupled neutral amino acid transporter 10	2.432E-03	1.000	126	33	488	489	6	392	1121	479	0.933	0.345
LOKIASV2_2712_ESMFold_hypothetical_protein	AF-Q8X691-F1-model_v4	AF-Q8X691-F1-model_v4 Cytosine permease	3.697E-04	1.000	125	39	480	489	20	396	419	478	0.904	0.900
LOKIASV2_2712_ESMFold_hypothetical_protein	AF-E9F8M0-F1-model_v4	AF-E9F8M0-F1-model_v4 Transmembrane transporter swnT	7.654E-04	1.000	125	21	483	489	5	452	496	524	0.947	0.903
LOKIASV2_2712_ESMFold_hypothetical_protein	AF-Q9GJT6-F1-model_v4	AF-Q9GJT6-F1-model_v4 Sodium-dependent dopamine transporter	1.455E-03	1.000	125	24	489	489	50	542	620	571	0.953	0.795
LOKIASV2_2712_ESMFold_hypothetical_protein	AF-Q92911-F1-model_v4	AF-Q92911-F1-model_v4 Sodium/iodide cotransporter	1.518E-03	1.000	125	30	447	489	42	428	643	457	0.855	0.602
LOKIASV2_2712_ESMFold_hypothetical_protein	AF-Q046Q7-F1-model_v4	AF-Q046Q7-F1-model_v4 Probable potassium transport system protein kup	2.740E-04	1.000	125	27	488	489	1	423	682	507	0.945	0.620
LOKIASV2_2712_ESMFold_hypothetical_protein	AF-Q84MS3-F1-model_v4	AF-Q84MS3-F1-model_v4 Probable potassium transporter 16	7.989E-04	1.000	125	10	488	489	44	512	811	561	0.980	0.578
LOKIASV2_2712_ESMFold_hypothetical_protein	AF-Q45068-F1-model_v4	AF-Q45068-F1-model_v4 Amino-acid carrier protein AlsT	9.896E-04	1.000	124	37	453	489	63	429	465	446	0.853	0.789
LOKIASV2_2712_ESMFold_hypothetical_protein	AF-Q8WUX1-F1-model_v4	AF-Q8WUX1-F1-model_v4 Sodium-coupled neutral amino acid transporter 5	1.078E-03	1.000	124	20	487	489	24	455	472	524	0.957	0.915
LOKIASV2_2712_ESMFold_hypothetical_protein	AF-Q9C0Z0-F1-model_v4	AF-Q9C0Z0-F1-model_v4 Uncharacterized amino-acid permease PB24D3.02c	1.455E-03	1.000	124	14	486	489	12	467	543	538	0.967	0.840
LOKIASV2_2712_ESMFold_hypothetical_protein	AF-Q8KAT2-F1-model_v4	AF-Q8KAT2-F1-model_v4 Probable potassium transport system protein kup	1.585E-03	1.000	124	45	488	489	2	408	613	492	0.908	0.664
LOKIASV2_2712_ESMFold_hypothetical_protein	AF-B7UY17-F1-model_v4	AF-B7UY17-F1-model_v4 Probable potassium transport system protein kup	3.894E-03	1.000	124	20	485	489	3	426	634	502	0.953	0.669
LOKIASV2_2712_ESMFold_hypothetical_protein	AF-Q3K107-F1-model_v4	AF-Q3K107-F1-model_v4 Probable potassium transport system protein kup	9.084E-04	1.000	124	29	488	489	1	422	666	513	0.941	0.634
LOKIASV2_2712_ESMFold_hypothetical_protein	AF-Q1WSN8-F1-model_v4	AF-Q1WSN8-F1-model_v4 Probable potassium transport system protein kup	2.515E-04	1.000	124	32	488	489	1	420	674	504	0.935	0.623
LOKIASV2_2712_ESMFold_hypothetical_protein	AF-Q9H2X9-F1-model_v4	AF-Q9H2X9-F1-model_v4 Solute carrier family 12 member 5	1.335E-03	1.000	124	1	486	489	98	636	1139	602	0.994	0.473
LOKIASV2_2712_ESMFold_hypothetical_protein	AF-Q5SPB1-F1-model_v4	AF-Q5SPB1-F1-model_v4 Sodium-coupled neutral amino acid transporter 2	5.921E-04	1.000	123	14	488	489	45	484	504	519	0.971	0.873
LOKIASV2_2712_ESMFold_hypothetical_protein	AF-Q8E575-F1-model_v4	AF-Q8E575-F1-model_v4 Probable potassium transport system protein kup	5.207E-04	1.000	123	29	488	489	1	422	666	512	0.941	0.634
LOKIASV2_2712_ESMFold_hypothetical_protein	AF-Q8DZL1-F1-model_v4	AF-Q8DZL1-F1-model_v4 Probable potassium transport system protein kup	1.033E-03	1.000	123	27	488	489	1	422	666	512	0.945	0.634
LOKIASV2_2712_ESMFold_hypothetical_protein	AF-Q0P9Y2-F1-model_v4	AF-Q0P9Y2-F1-model_v4 Peptide transporter CstA	7.989E-04	1.000	123	38	481	489	87	591	703	572	0.908	0.718
LOKIASV2_2712_ESMFold_hypothetical_protein	AF-G3XCN6-F1-model_v4	AF-G3XCN6-F1-model_v4 Glycine betaine/proline betaine transporter BetS	1.033E-03	1.000	123	25	453	489	126	533	706	476	0.877	0.578
LOKIASV2_2712_ESMFold_hypothetical_protein	AF-P58229-F1-model_v4	AF-P58229-F1-model_v4 Glutamate/gamma-aminobutyrate antiporter	6.732E-04	1.000	122	24	485	489	1	429	511	524	0.945	0.840
LOKIASV2_2712_ESMFold_hypothetical_protein	AF-Q1CE35-F1-model_v4	AF-Q1CE35-F1-model_v4 Cation/acetate symporter ActP	4.780E-04	1.000	122	30	484	489	59	518	551	525	0.930	0.835
LOKIASV2_2712_ESMFold_hypothetical_protein	AF-Q9P6J5-F1-model_v4	AF-Q9P6J5-F1-model_v4 Uncharacterized permease C1683.05	7.026E-04	1.000	122	12	488	489	17	513	559	573	0.975	0.889
LOKIASV2_2712_ESMFold_hypothetical_protein	AF-Q1I6D2-F1-model_v4	AF-Q1I6D2-F1-model_v4 Probable potassium transport system protein kup	9.481E-04	1.000	122	24	485	489	4	428	636	526	0.945	0.668
LOKIASV2_2712_ESMFold_hypothetical_protein	AF-Q88SV0-F1-model_v4	AF-Q88SV0-F1-model_v4 Probable potassium transport system protein kup 2	1.654E-03	1.000	122	36	488	489	2	423	680	498	0.926	0.621
LOKIASV2_2712_ESMFold_hypothetical_protein	AF-Q69RI8-F1-model_v4	AF-Q69RI8-F1-model_v4 Probable potassium transporter 14	1.585E-03	1.000	122	6	487	489	90	558	859	551	0.986	0.546
LOKIASV2_2712_ESMFold_hypothetical_protein	AF-Q3U1J0-F1-model_v4	AF-Q3U1J0-F1-model_v4 Sodium-coupled neutral amino acid transporter 5	7.026E-04	1.000	121	5	484	489	25	466	479	536	0.982	0.923
LOKIASV2_2712_ESMFold_hypothetical_protein	AF-D6R8X8-F1-model_v4	AF-D6R8X8-F1-model_v4 Hydantoin permease	1.963E-03	1.000	121	41	483	489	28	441	489	496	0.906	0.847
LOKIASV2_2712_ESMFold_hypothetical_protein	AF-O64759-F1-model_v4	AF-O64759-F1-model_v4 Cationic amino acid transporter 5	9.896E-04	1.000	121	4	478	489	32	434	569	522	0.971	0.708
LOKIASV2_2712_ESMFold_hypothetical_protein	AF-Q8WY07-F1-model_v4	AF-Q8WY07-F1-model_v4 Cationic amino acid transporter 3	1.518E-03	1.000	121	6	451	489	2	426	619	509	0.912	0.687
LOKIASV2_2712_ESMFold_hypothetical_protein	AF-A6GXA1-F1-model_v4	AF-A6GXA1-F1-model_v4 Probable potassium transport system protein kup	2.049E-03	1.000	121	43	487	489	16	416	654	487	0.910	0.613
LOKIASV2_2712_ESMFold_hypothetical_protein	AF-B4TEB2-F1-model_v4	AF-B4TEB2-F1-model_v4 Cation/acetate symporter ActP	2.232E-03	1.000	120	29	482	489	57	514	549	526	0.928	0.834
LOKIASV2_2712_ESMFold_hypothetical_protein	AF-Q8NS49-F1-model_v4	AF-Q8NS49-F1-model_v4 Monocarboxylic acid transporter	1.654E-03	1.000	120	25	449	489	41	440	551	472	0.869	0.726
LOKIASV2_2712_ESMFold_hypothetical_protein	AF-P75472-F1-model_v4	AF-P75472-F1-model_v4 Uncharacterized protein MPN_308	1.033E-03	1.000	120	39	485	489	10	477	565	529	0.914	0.828
LOKIASV2_2712_ESMFold_hypothetical_protein	AF-Q64093-F1-model_v4	AF-Q64093-F1-model_v4 Sodium- and chloride-dependent transporter XTRP3	1.518E-03	1.000	120	6	480	489	2	549	616	631	0.971	0.890
LOKIASV2_2712_ESMFold_hypothetical_protein	AF-A7IBQ1-F1-model_v4	AF-A7IBQ1-F1-model_v4 Probable potassium transport system protein kup	1.654E-03	1.000	120	27	488	489	1	423	628	512	0.945	0.674
LOKIASV2_2712_ESMFold_hypothetical_protein	AF-Q98KL7-F1-model_v4	AF-Q98KL7-F1-model_v4 Probable potassium transport system protein kup 2	2.232E-03	1.000	120	20	488	489	9	432	637	511	0.959	0.666
LOKIASV2_2712_ESMFold_hypothetical_protein	AF-P0AA82-F1-model_v4	AF-P0AA82-F1-model_v4 Cytosine permease	7.026E-04	1.000	119	39	480	489	20	396	419	477	0.904	0.900
LOKIASV2_2712_ESMFold_hypothetical_protein	AF-Q9SJP9-F1-model_v4	AF-Q9SJP9-F1-model_v4 Proline transporter 3	1.078E-03	1.000	119	35	488	489	30	417	436	487	0.928	0.890
LOKIASV2_2712_ESMFold_hypothetical_protein	AF-Q503G8-F1-model_v4	AF-Q503G8-F1-model_v4 Probable sodium-coupled neutral amino acid transporter 6	1.335E-03	1.000	119	26	489	489	27	444	449	513	0.949	0.931
LOKIASV2_2712_ESMFold_hypothetical_protein	AF-B2VKE4-F1-model_v4	AF-B2VKE4-F1-model_v4 Cation/acetate symporter ActP	2.330E-03	1.000	119	30	484	489	60	519	552	536	0.930	0.833
LOKIASV2_2712_ESMFold_hypothetical_protein	AF-P92962-F1-model_v4	AF-P92962-F1-model_v4 Proline transporter 2	1.585E-03	1.000	118	12	488	489	7	420	439	512	0.975	0.943
LOKIASV2_2712_ESMFold_hypothetical_protein	AF-F4KBM7-F1-model_v4	AF-F4KBM7-F1-model_v4 Amino acid transporter AVT6B	4.823E-03	1.000	118	1	488	489	1	440	456	535	0.998	0.965
LOKIASV2_2712_ESMFold_hypothetical_protein	AF-O34708-F1-model_v4	AF-O34708-F1-model_v4 Uncharacterized transporter YflA	1.226E-03	1.000	118	39	480	489	66	441	471	469	0.904	0.798
LOKIASV2_2712_ESMFold_hypothetical_protein	AF-Q811P0-F1-model_v4	AF-Q811P0-F1-model_v4 Proton-coupled amino acid transporter 3	2.886E-03	1.000	118	12	485	489	20	452	477	530	0.969	0.908
LOKIASV2_2712_ESMFold_hypothetical_protein	AF-O07556-F1-model_v4	AF-O07556-F1-model_v4 Uncharacterized symporter YhjB	1.279E-03	1.000	118	35	488	489	43	473	489	515	0.928	0.881
LOKIASV2_2712_ESMFold_hypothetical_protein	AF-Q9Y289-F1-model_v4	AF-Q9Y289-F1-model_v4 Sodium-dependent multivitamin transporter	3.859E-04	1.000	118	24	449	489	13	445	635	498	0.871	0.682
LOKIASV2_2712_ESMFold_hypothetical_protein	AF-Q10074-F1-model_v4	AF-Q10074-F1-model_v4 Vacuolar amino acid transporter 3	1.226E-03	1.000	118	14	487	489	245	655	656	502	0.969	0.627
LOKIASV2_2712_ESMFold_hypothetical_protein	AF-P0DB57-F1-model_v4	AF-P0DB57-F1-model_v4 Probable potassium transport system protein kup	1.125E-03	1.000	118	31	488	489	1	422	666	514	0.937	0.634
LOKIASV2_2712_ESMFold_hypothetical_protein	AF-C0M958-F1-model_v4	AF-C0M958-F1-model_v4 Probable potassium transport system protein kup	8.703E-04	1.000	118	33	488	489	3	422	667	510	0.933	0.630
LOKIASV2_2712_ESMFold_hypothetical_protein	AF-Q93LK8-F1-model_v4	AF-Q93LK8-F1-model_v4 Spore germination protein GerQB	2.649E-03	1.000	117	38	476	489	13	356	360	460	0.898	0.956
LOKIASV2_2712_ESMFold_hypothetical_protein	AF-Q8K415-F1-model_v4	AF-Q8K415-F1-model_v4 Proton-coupled amino acid transporter 2	3.012E-03	1.000	117	14	485	489	25	455	481	518	0.965	0.896
LOKIASV2_2712_ESMFold_hypothetical_protein	AF-A0A1D8PPI5-F1-model_v4	AF-A0A1D8PPI5-F1-model_v4 Lysine/arginine permease CAN1	3.115E-04	1.000	117	5	486	489	45	516	571	560	0.986	0.827
LOKIASV2_2712_ESMFold_hypothetical_protein	AF-P50276-F1-model_v4	AF-P50276-F1-model_v4 High-affinity methionine permease	1.125E-03	1.000	117	14	488	489	42	510	574	541	0.971	0.817
LOKIASV2_2712_ESMFold_hypothetical_protein	AF-Q63008-F1-model_v4	AF-Q63008-F1-model_v4 Sodium/iodide cotransporter	1.881E-03	1.000	117	30	447	489	42	425	618	454	0.855	0.621
LOKIASV2_2712_ESMFold_hypothetical_protein	AF-Q7K4Y6-F1-model_v4	AF-Q7K4Y6-F1-model_v4 Sodium-dependent dopamine transporter	1.125E-03	1.000	117	14	489	489	21	541	631	607	0.973	0.826
LOKIASV2_2712_ESMFold_hypothetical_protein	AF-Q28HE5-F1-model_v4	AF-Q28HE5-F1-model_v4 Probable sodium-coupled neutral amino acid transporter 6	1.881E-03	1.000	116	21	488	489	20	445	448	518	0.957	0.951
LOKIASV2_2712_ESMFold_hypothetical_protein	AF-Q05998-F1-model_v4	AF-Q05998-F1-model_v4 Thiamine transporter	3.731E-03	1.000	116	5	465	489	5	426	598	503	0.943	0.706
LOKIASV2_2712_ESMFold_hypothetical_protein	AF-Q09143-F1-model_v4	AF-Q09143-F1-model_v4 High affinity cationic amino acid transporter 1	2.886E-03	1.000	116	39	454	489	34	417	622	467	0.851	0.617
LOKIASV2_2712_ESMFold_hypothetical_protein	AF-O43246-F1-model_v4	AF-O43246-F1-model_v4 Cationic amino acid transporter 4	9.568E-03	1.000	116	37	455	489	40	414	635	457	0.857	0.591
LOKIASV2_2712_ESMFold_hypothetical_protein	AF-Q8UJL0-F1-model_v4	AF-Q8UJL0-F1-model_v4 Probable potassium transport system protein kup 2	1.726E-03	1.000	116	24	488	489	3	425	637	515	0.951	0.664
LOKIASV2_2712_ESMFold_hypothetical_protein	AF-C0MCV2-F1-model_v4	AF-C0MCV2-F1-model_v4 Probable potassium transport system protein kup	1.881E-03	1.000	116	33	488	489	3	422	667	511	0.933	0.630
LOKIASV2_2712_ESMFold_hypothetical_protein	AF-Q5FLF5-F1-model_v4	AF-Q5FLF5-F1-model_v4 Probable potassium transport system protein kup 2	8.339E-04	1.000	116	28	488	489	1	424	671	509	0.943	0.632
LOKIASV2_2712_ESMFold_hypothetical_protein	AF-E9PT23-F1-model_v4	AF-E9PT23-F1-model_v4 Putative sodium-coupled neutral amino acid transporter 10	6.793E-03	1.000	116	39	485	489	11	389	1099	470	0.914	0.345
LOKIASV2_2712_ESMFold_hypothetical_protein	AF-P63236-F1-model_v4	AF-P63236-F1-model_v4 Glutamate/gamma-aminobutyrate antiporter	1.654E-03	1.000	115	51	485	489	16	429	511	497	0.890	0.810
LOKIASV2_2712_ESMFold_hypothetical_protein	AF-Q87J97-F1-model_v4	AF-Q87J97-F1-model_v4 Glycine betaine transporter 2	3.575E-03	1.000	115	12	482	489	107	532	539	520	0.963	0.790
LOKIASV2_2712_ESMFold_hypothetical_protein	AF-Q8UHH1-F1-model_v4	AF-Q8UHH1-F1-model_v4 Probable potassium transport system protein kup 1	3.394E-04	1.000	115	20	488	489	6	431	639	518	0.959	0.667
LOKIASV2_2712_ESMFold_hypothetical_protein	AF-Q9UP95-F1-model_v4	AF-Q9UP95-F1-model_v4 Solute carrier family 12 member 4	4.428E-03	1.000	115	3	486	489	100	633	1085	605	0.990	0.492
LOKIASV2_2712_ESMFold_hypothetical_protein	AF-Q5FY69-F1-model_v4	AF-Q5FY69-F1-model_v4 Sodium/glucose cotransporter 5	2.538E-03	1.000	114	29	485	489	45	524	597	557	0.935	0.804
LOKIASV2_2712_ESMFold_hypothetical_protein	AF-A0K7S3-F1-model_v4	AF-A0K7S3-F1-model_v4 Probable potassium transport system protein kup	2.765E-03	1.000	114	21	488	489	8	432	638	514	0.957	0.666
LOKIASV2_2712_ESMFold_hypothetical_protein	AF-Q99Z39-F1-model_v4	AF-Q99Z39-F1-model_v4 Probable potassium transport system protein kup	2.330E-03	1.000	114	31	488	489	1	422	666	514	0.937	0.634
LOKIASV2_2712_ESMFold_hypothetical_protein	AF-Q24SP9-F1-model_v4	AF-Q24SP9-F1-model_v4 Probable glycine betaine transporter	1.726E-03	1.000	113	25	453	489	81	487	496	473	0.877	0.821
LOKIASV2_2712_ESMFold_hypothetical_protein	AF-Q3YUR7-F1-model_v4	AF-Q3YUR7-F1-model_v4 Cation/acetate symporter ActP	4.621E-03	1.000	113	29	482	489	57	514	549	527	0.928	0.834
LOKIASV2_2712_ESMFold_hypothetical_protein	AF-P54582-F1-model_v4	AF-P54582-F1-model_v4 Glycine betaine transporter BetP	3.575E-03	1.000	113	15	482	489	124	553	595	516	0.957	0.723
LOKIASV2_2712_ESMFold_hypothetical_protein	AF-Q7P0J4-F1-model_v4	AF-Q7P0J4-F1-model_v4 Probable potassium transport system protein kup 2	2.330E-03	1.000	113	32	487	489	1	415	621	503	0.933	0.668
LOKIASV2_2712_ESMFold_hypothetical_protein	AF-B1JD87-F1-model_v4	AF-B1JD87-F1-model_v4 Probable potassium transport system protein kup	1.518E-03	1.000	113	24	485	489	3	424	632	516	0.945	0.668
LOKIASV2_2712_ESMFold_hypothetical_protein	AF-Q74LN2-F1-model_v4	AF-Q74LN2-F1-model_v4 Probable potassium transport system protein kup 2	7.026E-04	1.000	113	28	488	489	1	423	665	513	0.943	0.636
LOKIASV2_2712_ESMFold_hypothetical_protein	AF-B4U1Z7-F1-model_v4	AF-B4U1Z7-F1-model_v4 Probable potassium transport system protein kup	3.425E-03	1.000	113	14	488	489	6	422	667	525	0.971	0.625
LOKIASV2_2712_ESMFold_hypothetical_protein	AF-Q6PCF9-F1-model_v4	AF-Q6PCF9-F1-model_v4 Putative sodium-coupled neutral amino acid transporter 10	8.062E-03	1.000	113	32	485	489	1	386	1045	482	0.928	0.369
LOKIASV2_2712_ESMFold_hypothetical_protein	AF-O06493-F1-model_v4	AF-O06493-F1-model_v4 Osmoregulated proline transporter OpuE	4.428E-03	1.000	112	32	488	489	30	465	492	511	0.935	0.886
LOKIASV2_2712_ESMFold_hypothetical_protein	AF-B7JBL0-F1-model_v4	AF-B7JBL0-F1-model_v4 Probable potassium transport system protein kup	3.012E-03	1.000	112	24	488	489	3	423	644	522	0.951	0.654
LOKIASV2_2712_ESMFold_hypothetical_protein	AF-Q8P0C8-F1-model_v4	AF-Q8P0C8-F1-model_v4 Probable potassium transport system protein kup	3.281E-03	1.000	112	31	488	489	2	422	666	509	0.937	0.632
LOKIASV2_2712_ESMFold_hypothetical_protein	AF-Q9JKZ2-F1-model_v4	AF-Q9JKZ2-F1-model_v4 Sodium/myo-inositol cotransporter	3.144E-03	1.000	112	31	488	489	35	528	718	557	0.937	0.688
LOKIASV2_2712_ESMFold_hypothetical_protein	AF-Q9FY75-F1-model_v4	AF-Q9FY75-F1-model_v4 Potassium transporter 7	5.975E-03	1.000	112	28	488	489	89	551	858	540	0.943	0.540
LOKIASV2_2712_ESMFold_hypothetical_protein	AF-Q688J2-F1-model_v4	AF-Q688J2-F1-model_v4 Auxin transporter-like protein 2	4.621E-03	1.000	111	2	482	489	18	437	482	535	0.984	0.871
LOKIASV2_2712_ESMFold_hypothetical_protein	AF-Q1M7A2-F1-model_v4	AF-Q1M7A2-F1-model_v4 Monocarboxylate transport permease protein	1.802E-03	1.000	111	26	484	489	33	477	491	527	0.939	0.906
LOKIASV2_2712_ESMFold_hypothetical_protein	AF-Q49YU6-F1-model_v4	AF-Q49YU6-F1-model_v4 Sodium/proline symporter 2	9.987E-03	1.000	111	36	452	489	50	429	511	449	0.853	0.744
LOKIASV2_2712_ESMFold_hypothetical_protein	AF-Q1MEX2-F1-model_v4	AF-Q1MEX2-F1-model_v4 Probable potassium transport system protein kup 2	1.033E-03	1.000	111	24	488	489	3	425	633	527	0.951	0.668
LOKIASV2_2712_ESMFold_hypothetical_protein	AF-B3TP03-F1-model_v4	AF-B3TP03-F1-model_v4 Cationic amino acid transporter 2	3.144E-03	1.000	111	8	454	489	5	425	654	508	0.914	0.644
LOKIASV2_2712_ESMFold_hypothetical_protein	AF-Q11PK1-F1-model_v4	AF-Q11PK1-F1-model_v4 Probable potassium transport system protein kup	5.975E-03	1.000	111	43	487	489	18	417	655	493	0.910	0.611
LOKIASV2_2712_ESMFold_hypothetical_protein	AF-B5XM58-F1-model_v4	AF-B5XM58-F1-model_v4 Probable potassium transport system protein kup	2.432E-03	1.000	111	31	488	489	1	422	666	520	0.937	0.634
LOKIASV2_2712_ESMFold_hypothetical_protein	AF-Q9ZK47-F1-model_v4	AF-Q9ZK47-F1-model_v4 Peptide transporter CstA	1.394E-03	1.000	111	12	487	489	74	655	687	660	0.973	0.847
LOKIASV2_2712_ESMFold_hypothetical_protein	AF-Q9UHW9-F1-model_v4	AF-Q9UHW9-F1-model_v4 Solute carrier family 12 member 6	5.484E-03	1.000	111	1	486	489	163	698	1150	595	0.994	0.466
LOKIASV2_2712_ESMFold_hypothetical_protein	AF-P94575-F1-model_v4	AF-P94575-F1-model_v4 Probable allantoin permease	1.088E-02	1.000	110	37	489	489	32	471	490	526	0.926	0.898
LOKIASV2_2712_ESMFold_hypothetical_protein	AF-Q7XGU4-F1-model_v4	AF-Q7XGU4-F1-model_v4 Auxin transporter-like protein 3	1.042E-02	1.000	110	2	488	489	38	464	547	534	0.996	0.781
LOKIASV2_2712_ESMFold_hypothetical_protein	AF-Q02I77-F1-model_v4	AF-Q02I77-F1-model_v4 Probable potassium transport system protein kup	6.236E-03	1.000	110	24	485	489	4	426	634	503	0.945	0.667
LOKIASV2_2712_ESMFold_hypothetical_protein	AF-Q9I540-F1-model_v4	AF-Q9I540-F1-model_v4 Probable potassium transport system protein kup	7.091E-03	1.000	110	24	485	489	4	426	634	503	0.945	0.667
LOKIASV2_2712_ESMFold_hypothetical_protein	AF-Q1JG56-F1-model_v4	AF-Q1JG56-F1-model_v4 Probable potassium transport system protein kup	2.649E-03	1.000	110	31	488	489	1	422	666	512	0.937	0.634
LOKIASV2_2712_ESMFold_hypothetical_protein	AF-Q1J5X4-F1-model_v4	AF-Q1J5X4-F1-model_v4 Probable potassium transport system protein kup	3.425E-03	1.000	110	31	488	489	2	422	666	518	0.937	0.632
LOKIASV2_2712_ESMFold_hypothetical_protein	AF-Q031B1-F1-model_v4	AF-Q031B1-F1-model_v4 Probable potassium transport system protein kup 2	2.886E-03	1.000	110	28	488	489	1	422	671	517	0.943	0.629
LOKIASV2_2712_ESMFold_hypothetical_protein	AF-Q69L87-F1-model_v4	AF-Q69L87-F1-model_v4 Potassium transporter 22	7.724E-03	1.000	110	30	488	489	54	518	790	550	0.939	0.589
LOKIASV2_2712_ESMFold_hypothetical_protein	AF-P34261-F1-model_v4	AF-P34261-F1-model_v4 Solute carrier family 12 protein B0303.11	2.886E-03	1.000	110	20	488	489	4	431	927	518	0.959	0.462
LOKIASV2_2712_ESMFold_hypothetical_protein	AF-Q9JIS8-F1-model_v4	AF-Q9JIS8-F1-model_v4 Solute carrier family 12 member 4	1.042E-02	1.000	110	3	486	489	97	633	1085	592	0.990	0.495
LOKIASV2_2712_ESMFold_hypothetical_protein	AF-Q5I012-F1-model_v4	AF-Q5I012-F1-model_v4 Putative sodium-coupled neutral amino acid transporter 10	5.484E-03	1.000	110	36	485	489	13	389	1090	479	0.920	0.346
LOKIASV2_2712_ESMFold_hypothetical_protein	AF-Q9SHH0-F1-model_v4	AF-Q9SHH0-F1-model_v4 Cationic amino acid transporter 8, vacuolar	2.049E-03	1.000	109	5	488	489	43	560	590	603	0.990	0.878
LOKIASV2_2712_ESMFold_hypothetical_protein	AF-Q48SQ3-F1-model_v4	AF-Q48SQ3-F1-model_v4 Probable potassium transport system protein kup	3.731E-03	1.000	109	31	488	489	1	422	666	518	0.937	0.634
LOKIASV2_2712_ESMFold_hypothetical_protein	AF-Q84MS4-F1-model_v4	AF-Q84MS4-F1-model_v4 Potassium transporter 27	1.335E-03	1.000	109	8	488	489	36	508	811	570	0.984	0.583
LOKIASV2_2712_ESMFold_hypothetical_protein	AF-Q924N4-F1-model_v4	AF-Q924N4-F1-model_v4 Solute carrier family 12 member 6	5.724E-03	1.000	109	1	486	489	163	698	1150	602	0.994	0.466
LOKIASV2_2712_ESMFold_hypothetical_protein	AF-A5IU69-F1-model_v4	AF-A5IU69-F1-model_v4 Sodium/proline symporter	1.237E-02	1.000	108	36	488	489	50	486	512	506	0.926	0.854
LOKIASV2_2712_ESMFold_hypothetical_protein	AF-Q3ZMH1-F1-model_v4	AF-Q3ZMH1-F1-model_v4 Sodium-coupled monocarboxylate transporter 1	4.064E-03	1.000	108	40	452	489	55	432	610	451	0.845	0.620
LOKIASV2_2712_ESMFold_hypothetical_protein	AF-P70423-F1-model_v4	AF-P70423-F1-model_v4 Cationic amino acid transporter 3	2.649E-03	1.000	108	6	449	489	4	424	618	496	0.908	0.681
LOKIASV2_2712_ESMFold_hypothetical_protein	AF-P28572-F1-model_v4	AF-P28572-F1-model_v4 Sodium- and chloride-dependent glycine transporter 1	1.088E-02	1.000	108	20	489	489	16	526	638	593	0.961	0.801
LOKIASV2_2712_ESMFold_hypothetical_protein	AF-Q9ZFB5-F1-model_v4	AF-Q9ZFB5-F1-model_v4 Spore germination protein XB	9.568E-03	1.000	107	44	482	489	6	349	355	459	0.898	0.969
LOKIASV2_2712_ESMFold_hypothetical_protein	AF-Q6G831-F1-model_v4	AF-Q6G831-F1-model_v4 Sodium/proline symporter	7.724E-03	1.000	107	11	488	489	37	486	512	533	0.978	0.879
LOKIASV2_2712_ESMFold_hypothetical_protein	AF-P31448-F1-model_v4	AF-P31448-F1-model_v4 Uncharacterized symporter YidK	1.455E-03	1.000	107	27	486	489	27	478	571	528	0.941	0.792
LOKIASV2_2712_ESMFold_hypothetical_protein	AF-Q2KBW4-F1-model_v4	AF-Q2KBW4-F1-model_v4 Probable potassium transport system protein kup 1	6.236E-03	1.000	107	26	488	489	1	424	632	514	0.947	0.671
LOKIASV2_2712_ESMFold_hypothetical_protein	AF-A5FAI5-F1-model_v4	AF-A5FAI5-F1-model_v4 Probable potassium transport system protein kup	1.963E-03	1.000	107	43	488	489	15	419	657	498	0.912	0.616
LOKIASV2_2712_ESMFold_hypothetical_protein	AF-Q9CHU4-F1-model_v4	AF-Q9CHU4-F1-model_v4 Probable potassium transport system protein kup 2	2.765E-03	1.000	107	33	488	489	6	422	671	514	0.933	0.621
LOKIASV2_2712_ESMFold_hypothetical_protein	AF-O34545-F1-model_v4	AF-O34545-F1-model_v4 Branched-chain amino acid transport system carrier protein BraB	1.136E-02	1.000	106	37	489	489	8	424	445	496	0.926	0.937
LOKIASV2_2712_ESMFold_hypothetical_protein	AF-Q6JWR2-F1-model_v4	AF-Q6JWR2-F1-model_v4 Putative sodium-coupled neutral amino acid transporter 7	8.062E-03	1.000	106	39	488	489	53	454	463	492	0.920	0.868
LOKIASV2_2712_ESMFold_hypothetical_protein	AF-O34745-F1-model_v4	AF-O34745-F1-model_v4 Uncharacterized symporter YodF	3.012E-03	1.000	106	39	482	489	49	470	496	505	0.908	0.851
LOKIASV2_2712_ESMFold_hypothetical_protein	AF-Q2FFJ3-F1-model_v4	AF-Q2FFJ3-F1-model_v4 Sodium/proline symporter	8.783E-03	1.000	106	11	488	489	37	486	512	541	0.978	0.879
LOKIASV2_2712_ESMFold_hypothetical_protein	AF-Q9XT77-F1-model_v4	AF-Q9XT77-F1-model_v4 Sodium-dependent multivitamin transporter	1.654E-03	1.000	106	18	449	489	3	445	636	507	0.883	0.697
LOKIASV2_2712_ESMFold_hypothetical_protein	AF-Q9URY6-F1-model_v4	AF-Q9URY6-F1-model_v4 Probable urea active transporter 3	1.726E-03	1.000	106	38	484	489	56	509	661	530	0.914	0.687
LOKIASV2_2712_ESMFold_hypothetical_protein	AF-P49940-F1-model_v4	AF-P49940-F1-model_v4 Spore germination protein KB	1.669E-02	1.000	105	37	479	489	9	360	373	456	0.906	0.944
LOKIASV2_2712_ESMFold_hypothetical_protein	AF-Q9FKS8-F1-model_v4	AF-Q9FKS8-F1-model_v4 Lysine histidine transporter 1	3.731E-03	1.000	105	38	485	489	40	426	446	489	0.916	0.868
LOKIASV2_2712_ESMFold_hypothetical_protein	AF-Q8BGD6-F1-model_v4	AF-Q8BGD6-F1-model_v4 Sodium-coupled neutral amino acid transporter 9	8.783E-03	1.000	105	27	489	489	104	560	560	548	0.947	0.816
LOKIASV2_2712_ESMFold_hypothetical_protein	AF-Q1MKT5-F1-model_v4	AF-Q1MKT5-F1-model_v4 Probable potassium transport system protein kup 1	7.401E-03	1.000	105	27	488	489	1	424	632	513	0.945	0.671
LOKIASV2_2712_ESMFold_hypothetical_protein	AF-B4GVM9-F1-model_v4	AF-B4GVM9-F1-model_v4 Sodium-dependent nutrient amino acid transporter 1	4.064E-03	1.000	105	2	489	489	41	546	652	606	0.998	0.776
LOKIASV2_2712_ESMFold_hypothetical_protein	AF-A2RDW5-F1-model_v4	AF-A2RDW5-F1-model_v4 Probable potassium transport system protein kup	2.432E-03	1.000	105	31	488	489	2	422	666	520	0.937	0.632
LOKIASV2_2712_ESMFold_hypothetical_protein	AF-A7E3U5-F1-model_v4	AF-A7E3U5-F1-model_v4 Putative sodium-coupled neutral amino acid transporter 7	8.783E-03	1.000	104	9	488	489	21	454	463	536	0.982	0.937
LOKIASV2_2712_ESMFold_hypothetical_protein	AF-Q9X4A5-F1-model_v4	AF-Q9X4A5-F1-model_v4 Glycine betaine transporter BetL	7.401E-03	1.000	104	28	481	489	79	487	507	506	0.928	0.807
LOKIASV2_2712_ESMFold_hypothetical_protein	AF-A0KJR8-F1-model_v4	AF-A0KJR8-F1-model_v4 Probable potassium transport system protein kup 1	1.455E-03	1.000	104	26	488	489	4	423	628	523	0.947	0.669
LOKIASV2_2712_ESMFold_hypothetical_protein	AF-Q2K2I9-F1-model_v4	AF-Q2K2I9-F1-model_v4 Probable potassium transport system protein kup 3	4.621E-03	1.000	104	26	488	489	5	424	632	510	0.947	0.665
LOKIASV2_2712_ESMFold_hypothetical_protein	AF-B9JA25-F1-model_v4	AF-B9JA25-F1-model_v4 Probable potassium transport system protein kup	3.012E-03	1.000	104	20	488	489	4	425	633	528	0.959	0.667
LOKIASV2_2712_ESMFold_hypothetical_protein	AF-Q472H9-F1-model_v4	AF-Q472H9-F1-model_v4 Probable potassium transport system protein kup	6.509E-03	1.000	104	24	488	489	1	430	636	527	0.951	0.676
LOKIASV2_2712_ESMFold_hypothetical_protein	AF-Q1JL33-F1-model_v4	AF-Q1JL33-F1-model_v4 Probable potassium transport system protein kup	3.575E-03	1.000	104	31	488	489	1	422	666	520	0.937	0.634
LOKIASV2_2712_ESMFold_hypothetical_protein	AF-Q9C6M2-F1-model_v4	AF-Q9C6M2-F1-model_v4 Lysine histidine transporter-like 6	1.348E-02	1.000	103	38	485	489	32	420	440	491	0.916	0.884
LOKIASV2_2712_ESMFold_hypothetical_protein	AF-Q8BWH0-F1-model_v4	AF-Q8BWH0-F1-model_v4 Putative sodium-coupled neutral amino acid transporter 7	9.987E-03	1.000	103	39	488	489	53	454	463	493	0.920	0.868
LOKIASV2_2712_ESMFold_hypothetical_protein	AF-P45174-F1-model_v4	AF-P45174-F1-model_v4 Sodium/proline symporter	3.281E-03	1.000	103	37	484	489	34	476	504	512	0.916	0.879
LOKIASV2_2712_ESMFold_hypothetical_protein	AF-A6U307-F1-model_v4	AF-A6U307-F1-model_v4 Sodium/proline symporter	8.783E-03	1.000	103	36	488	489	50	486	512	509	0.926	0.854
LOKIASV2_2712_ESMFold_hypothetical_protein	AF-Q4L7L6-F1-model_v4	AF-Q4L7L6-F1-model_v4 Sodium/proline symporter	1.599E-02	1.000	103	36	488	489	50	486	512	508	0.926	0.854
LOKIASV2_2712_ESMFold_hypothetical_protein	AF-O14035-F1-model_v4	AF-O14035-F1-model_v4 Uncharacterized permease C29B12.14c	2.432E-03	1.000	103	36	485	489	66	517	590	534	0.920	0.766
LOKIASV2_2712_ESMFold_hypothetical_protein	AF-Q5SWY8-F1-model_v4	AF-Q5SWY8-F1-model_v4 Sodium/glucose cotransporter 5	5.975E-03	1.000	103	38	489	489	60	531	596	555	0.924	0.792
LOKIASV2_2712_ESMFold_hypothetical_protein	AF-Q38WG4-F1-model_v4	AF-Q38WG4-F1-model_v4 Probable potassium transport system protein kup	4.823E-03	1.000	103	27	488	489	1	426	680	510	0.945	0.626
LOKIASV2_2712_ESMFold_hypothetical_protein	AF-Q6FDF5-F1-model_v4	AF-Q6FDF5-F1-model_v4 Osmo-dependent choline transporter BetT2	1.532E-02	1.000	103	12	452	489	83	503	686	494	0.902	0.614
LOKIASV2_2712_ESMFold_hypothetical_protein	AF-Q5HEM0-F1-model_v4	AF-Q5HEM0-F1-model_v4 Sodium/proline symporter	9.568E-03	1.000	102	36	488	489	50	486	512	514	0.926	0.854
LOKIASV2_2712_ESMFold_hypothetical_protein	AF-Q2YU74-F1-model_v4	AF-Q2YU74-F1-model_v4 Sodium/proline symporter	1.348E-02	1.000	102	11	488	489	37	486	512	546	0.978	0.879
LOKIASV2_2712_ESMFold_hypothetical_protein	AF-Q99SY5-F1-model_v4	AF-Q99SY5-F1-model_v4 Sodium/proline symporter	1.407E-02	1.000	102	36	488	489	50	486	512	513	0.926	0.854
LOKIASV2_2712_ESMFold_hypothetical_protein	AF-Q1BGW2-F1-model_v4	AF-Q1BGW2-F1-model_v4 Probable potassium transport system protein kup	5.975E-03	1.000	102	21	488	489	8	432	638	519	0.957	0.666
LOKIASV2_2712_ESMFold_hypothetical_protein	AF-P28571-F1-model_v4	AF-P28571-F1-model_v4 Sodium- and chloride-dependent glycine transporter 1	8.062E-03	1.000	102	2	489	489	51	580	692	602	0.998	0.766
LOKIASV2_2712_ESMFold_hypothetical_protein	AF-Q6VVA6-F1-model_v4	AF-Q6VVA6-F1-model_v4 Potassium transporter 1	4.242E-03	1.000	102	28	488	489	43	510	801	550	0.943	0.584
LOKIASV2_2712_ESMFold_hypothetical_protein	AF-A7X430-F1-model_v4	AF-A7X430-F1-model_v4 Sodium/proline symporter	1.599E-02	1.000	101	36	488	489	50	486	512	514	0.926	0.854
LOKIASV2_2712_ESMFold_hypothetical_protein	AF-Q2W905-F1-model_v4	AF-Q2W905-F1-model_v4 Probable potassium transport system protein kup 2	9.568E-03	1.000	101	17	488	489	9	437	643	515	0.965	0.667
LOKIASV2_2712_ESMFold_hypothetical_protein	AF-Q5XB99-F1-model_v4	AF-Q5XB99-F1-model_v4 Probable potassium transport system protein kup	6.509E-03	1.000	101	31	488	489	2	422	666	520	0.937	0.632
LOKIASV2_2712_ESMFold_hypothetical_protein	AF-O31674-F1-model_v4	AF-O31674-F1-model_v4 Uncharacterized membrane protein YkvI	1.136E-02	1.000	100	39	438	489	8	336	347	425	0.818	0.948
LOKIASV2_2712_ESMFold_hypothetical_protein	AF-Q9C733-F1-model_v4	AF-Q9C733-F1-model_v4 Lysine histidine transporter-like 1	5.484E-03	1.000	100	38	484	489	47	443	453	494	0.914	0.876
LOKIASV2_2712_ESMFold_hypothetical_protein	AF-A6QID0-F1-model_v4	AF-A6QID0-F1-model_v4 Sodium/proline symporter	2.068E-02	1.000	100	36	488	489	50	486	512	511	0.926	0.854
LOKIASV2_2712_ESMFold_hypothetical_protein	AF-Q10279-F1-model_v4	AF-Q10279-F1-model_v4 Uracil permease	6.793E-03	1.000	100	8	453	489	18	425	581	494	0.912	0.702
LOKIASV2_2712_ESMFold_hypothetical_protein	AF-B4NDL8-F1-model_v4	AF-B4NDL8-F1-model_v4 Sodium-dependent nutrient amino acid transporter 1	7.401E-03	1.000	100	35	484	489	42	530	641	583	0.920	0.763
LOKIASV2_2712_ESMFold_hypothetical_protein	AF-Q6GFF5-F1-model_v4	AF-Q6GFF5-F1-model_v4 Sodium/proline symporter	1.981E-02	0.999	99	36	488	489	50	486	512	507	0.926	0.854
LOKIASV2_2712_ESMFold_hypothetical_protein	AF-Q2FWY7-F1-model_v4	AF-Q2FWY7-F1-model_v4 Sodium/proline symporter	2.158E-02	0.999	98	36	488	489	50	486	512	510	0.926	0.854
LOKIASV2_2712_ESMFold_hypothetical_protein	AF-P30825-F1-model_v4	AF-P30825-F1-model_v4 High affinity cationic amino acid transporter 1	1.237E-02	0.999	98	5	454	489	3	424	629	519	0.920	0.671
LOKIASV2_2712_ESMFold_hypothetical_protein	AF-A8Z2R6-F1-model_v4	AF-A8Z2R6-F1-model_v4 Sodium/proline symporter	9.167E-03	0.999	97	36	482	489	50	488	512	518	0.914	0.857
LOKIASV2_2712_ESMFold_hypothetical_protein	AF-Q7A0H2-F1-model_v4	AF-Q7A0H2-F1-model_v4 Sodium/proline symporter	2.158E-02	0.999	97	36	488	489	50	486	512	516	0.926	0.854
LOKIASV2_2712_ESMFold_hypothetical_protein	AF-Q4A070-F1-model_v4	AF-Q4A070-F1-model_v4 Sodium/proline symporter 1	2.158E-02	0.999	97	36	488	489	50	486	514	515	0.926	0.850
LOKIASV2_2712_ESMFold_hypothetical_protein	AF-Q8NBW4-F1-model_v4	AF-Q8NBW4-F1-model_v4 Sodium-coupled neutral amino acid transporter 9	9.568E-03	0.999	97	36	489	489	124	561	561	533	0.928	0.781
LOKIASV2_2712_ESMFold_hypothetical_protein	AF-P56190-F1-model_v4	AF-P56190-F1-model_v4 Peptide transporter CstA	8.415E-03	0.999	97	37	487	489	85	662	687	638	0.922	0.841
LOKIASV2_2712_ESMFold_hypothetical_protein	AF-Q9SR44-F1-model_v4	AF-Q9SR44-F1-model_v4 Lysine histidine transporter-like 2	4.621E-03	0.999	96	26	484	489	6	431	441	533	0.939	0.966
LOKIASV2_2712_ESMFold_hypothetical_protein	AF-Q7A4Q7-F1-model_v4	AF-Q7A4Q7-F1-model_v4 Sodium/proline symporter	1.818E-02	0.999	96	29	488	489	41	486	512	518	0.941	0.871
LOKIASV2_2712_ESMFold_hypothetical_protein	AF-Q9CHU5-F1-model_v4	AF-Q9CHU5-F1-model_v4 Probable potassium transport system protein kup 1	7.724E-03	0.999	96	31	488	489	2	425	670	506	0.937	0.633
LOKIASV2_2712_ESMFold_hypothetical_protein	AF-Q7XBS0-F1-model_v4	AF-Q7XBS0-F1-model_v4 Urea-proton symporter DUR3	1.468E-02	0.999	96	38	453	489	88	484	721	461	0.851	0.551
LOKIASV2_2712_ESMFold_hypothetical_protein	AF-P05316-F1-model_v4	AF-P05316-F1-model_v4 Uracil permease	1.532E-02	0.998	95	35	453	489	113	483	633	448	0.857	0.586
LOKIASV2_2712_ESMFold_hypothetical_protein	AF-P0DB56-F1-model_v4	AF-P0DB56-F1-model_v4 Probable potassium transport system protein kup	8.062E-03	0.998	95	31	488	489	1	422	666	512	0.937	0.634
LOKIASV2_2712_ESMFold_hypothetical_protein	AF-Q03XG1-F1-model_v4	AF-Q03XG1-F1-model_v4 Probable potassium transport system protein kup	7.401E-03	0.998	94	43	487	489	12	423	677	491	0.910	0.609
LOKIASV2_2712_ESMFold_hypothetical_protein	AF-F4HW02-F1-model_v4	AF-F4HW02-F1-model_v4 GABA transporter 1	1.042E-02	0.998	93	30	487	489	29	435	451	510	0.937	0.902
LOKIASV2_2712_ESMFold_hypothetical_protein	AF-P75712-F1-model_v4	AF-P75712-F1-model_v4 Putative allantoin permease	4.823E-03	0.998	93	1	488	489	1	459	484	561	0.998	0.948
LOKIASV2_2712_ESMFold_hypothetical_protein	AF-P94532-F1-model_v4	AF-P94532-F1-model_v4 Peptide transporter CstA	8.062E-03	0.998	93	23	487	489	32	578	598	604	0.951	0.915
LOKIASV2_2712_ESMFold_hypothetical_protein	AF-Q88NK7-F1-model_v4	AF-Q88NK7-F1-model_v4 Probable potassium transport system protein kup	1.335E-03	0.998	93	20	482	489	3	451	636	552	0.947	0.706
LOKIASV2_2712_ESMFold_hypothetical_protein	AF-Q5HN32-F1-model_v4	AF-Q5HN32-F1-model_v4 Sodium/proline symporter	4.281E-02	0.997	92	36	452	489	50	429	511	456	0.853	0.744
LOKIASV2_2712_ESMFold_hypothetical_protein	AF-P31637-F1-model_v4	AF-P31637-F1-model_v4 Sodium/myo-inositol cotransporter	1.818E-02	0.997	92	32	488	489	36	528	718	541	0.935	0.687
LOKIASV2_2712_ESMFold_hypothetical_protein	AF-Q53584-F1-model_v4	AF-Q53584-F1-model_v4 Sodium/proline symporter	2.912E-02	0.997	91	30	488	489	41	485	511	521	0.939	0.871
LOKIASV2_2712_ESMFold_hypothetical_protein	AF-Q3B8Q3-F1-model_v4	AF-Q3B8Q3-F1-model_v4 Sodium-coupled neutral amino acid transporter 9	2.912E-02	0.997	91	27	489	489	104	559	559	540	0.947	0.816
LOKIASV2_2712_ESMFold_hypothetical_protein	AF-P53790-F1-model_v4	AF-P53790-F1-model_v4 Sodium/glucose cotransporter 1	2.912E-02	0.997	91	38	488	489	68	539	665	537	0.922	0.710
LOKIASV2_2712_ESMFold_hypothetical_protein	AF-O08812-F1-model_v4	AF-O08812-F1-model_v4 Cationic amino acid transporter 3	6.793E-03	0.996	90	38	454	489	34	422	619	471	0.853	0.628
LOKIASV2_2712_ESMFold_hypothetical_protein	AF-Q8VBW1-F1-model_v4	AF-Q8VBW1-F1-model_v4 Sodium- and chloride-dependent creatine transporter 1	3.456E-02	0.996	90	19	481	489	36	545	640	586	0.947	0.797
LOKIASV2_2712_ESMFold_hypothetical_protein	AF-Q216N0-F1-model_v4	AF-Q216N0-F1-model_v4 Probable potassium transport system protein kup 2	1.078E-03	0.996	89	21	482	489	1	448	630	546	0.945	0.711
LOKIASV2_2712_ESMFold_hypothetical_protein	AF-P53793-F1-model_v4	AF-P53793-F1-model_v4 Sodium/myo-inositol cotransporter	9.987E-03	0.996	89	31	488	489	35	528	718	560	0.937	0.688
LOKIASV2_2712_ESMFold_hypothetical_protein	AF-Q6F754-F1-model_v4	AF-Q6F754-F1-model_v4 Glycine betaine transporter	3.765E-02	0.995	88	28	452	489	88	490	660	483	0.869	0.611
LOKIASV2_2712_ESMFold_hypothetical_protein	AF-Q28728-F1-model_v4	AF-Q28728-F1-model_v4 Sodium/myo-inositol cotransporter 2	1.291E-02	0.995	88	29	489	489	52	543	674	563	0.943	0.730
LOKIASV2_2712_ESMFold_hypothetical_protein	AF-B0KTK9-F1-model_v4	AF-B0KTK9-F1-model_v4 Probable potassium transport system protein kup	1.881E-03	0.994	87	20	480	489	3	449	636	544	0.943	0.703
LOKIASV2_2712_ESMFold_hypothetical_protein	AF-Q5PR34-F1-model_v4	AF-Q5PR34-F1-model_v4 Cationic amino acid transporter 2	4.664E-02	0.994	87	39	454	489	34	424	640	472	0.851	0.611
LOKIASV2_2712_ESMFold_hypothetical_protein	AF-P18581-F1-model_v4	AF-P18581-F1-model_v4 Cationic amino acid transporter 2	9.987E-03	0.993	86	42	454	489	37	425	657	472	0.845	0.592
LOKIASV2_2712_ESMFold_hypothetical_protein	AF-O30417-F1-model_v4	AF-O30417-F1-model_v4 Glutamate/gamma-aminobutyrate antiporter	3.731E-03	0.992	85	35	489	489	9	460	503	544	0.930	0.899
LOKIASV2_2712_ESMFold_hypothetical_protein	AF-A6VA56-F1-model_v4	AF-A6VA56-F1-model_v4 Probable potassium transport system protein kup	1.237E-02	0.991	84	20	483	489	3	453	634	535	0.949	0.711
LOKIASV2_2712_ESMFold_hypothetical_protein	AF-Q9LRB5-F1-model_v4	AF-Q9LRB5-F1-model_v4 Lysine histidine transporter 2	1.669E-02	0.990	83	38	484	489	33	431	441	501	0.914	0.905
LOKIASV2_2712_ESMFold_hypothetical_protein	AF-A5VZT0-F1-model_v4	AF-A5VZT0-F1-model_v4 Probable potassium transport system protein kup	2.049E-03	0.990	83	20	482	489	3	451	636	547	0.947	0.706
LOKIASV2_2712_ESMFold_hypothetical_protein	AF-B5D5N9-F1-model_v4	AF-B5D5N9-F1-model_v4 Cationic amino acid transporter 2	1.237E-02	0.990	83	42	454	489	37	425	657	471	0.845	0.592
LOKIASV2_2712_ESMFold_hypothetical_protein	AF-Q5F3I6-F1-model_v4	AF-Q5F3I6-F1-model_v4 Transmembrane protein 104	8.863E-02	0.986	81	41	488	489	13	488	497	554	0.916	0.958
LOKIASV2_2712_ESMFold_hypothetical_protein	AF-Q08BA4-F1-model_v4	AF-Q08BA4-F1-model_v4 Sodium-coupled neutral amino acid transporter 9	8.136E-02	0.986	81	26	489	489	100	549	549	541	0.949	0.820
LOKIASV2_2712_ESMFold_hypothetical_protein	AF-Q8CNP2-F1-model_v4	AF-Q8CNP2-F1-model_v4 Sodium/proline symporter	8.492E-02	0.984	80	36	452	489	50	429	511	448	0.853	0.744
LOKIASV2_2712_ESMFold_hypothetical_protein	AF-Q47IT9-F1-model_v4	AF-Q47IT9-F1-model_v4 Probable potassium transport system protein kup 1	8.783E-03	0.984	80	27	453	489	8	441	630	515	0.873	0.689
LOKIASV2_2712_ESMFold_hypothetical_protein	AF-A8I499-F1-model_v4	AF-A8I499-F1-model_v4 Cationic amino acid transporter 2	2.068E-02	0.984	80	25	454	489	15	425	657	494	0.879	0.626
LOKIASV2_2712_ESMFold_hypothetical_protein	AF-Q19425-F1-model_v4	AF-Q19425-F1-model_v4 Sodium-coupled neutral amino acid transporter 9 homolog	7.156E-02	0.981	79	26	489	489	144	615	615	566	0.949	0.767
LOKIASV2_2712_ESMFold_hypothetical_protein	AF-P11170-F1-model_v4	AF-P11170-F1-model_v4 Sodium/glucose cotransporter 1	4.281E-02	0.981	79	38	488	489	68	543	662	544	0.922	0.719
LOKIASV2_2712_ESMFold_hypothetical_protein	AF-A4YN81-F1-model_v4	AF-A4YN81-F1-model_v4 Probable potassium transport system protein kup 1	9.987E-03	0.975	77	26	483	489	2	443	625	528	0.937	0.707
LOKIASV2_2712_ESMFold_hypothetical_protein	AF-Q2K711-F1-model_v4	AF-Q2K711-F1-model_v4 Probable potassium transport system protein kup 2	1.726E-03	0.971	76	24	452	489	2	451	633	508	0.877	0.711
LOKIASV2_2712_ESMFold_hypothetical_protein	AF-A7ZVZ0-F1-model_v4	AF-A7ZVZ0-F1-model_v4 L-carnitine/gamma-butyrobetaine antiporter	1.419E-01	0.961	74	24	452	489	83	496	504	489	0.877	0.821
LOKIASV2_2712_ESMFold_hypothetical_protein	AF-Q75G84-F1-model_v4	AF-Q75G84-F1-model_v4 Potassium transporter 21	1.898E-02	0.941	71	30	483	489	46	529	799	567	0.928	0.606
LOKIASV2_2712_ESMFold_hypothetical_protein	AF-B7UI86-F1-model_v4	AF-B7UI86-F1-model_v4 L-carnitine/gamma-butyrobetaine antiporter	2.178E-01	0.933	70	24	452	489	83	496	504	491	0.877	0.821
LOKIASV2_2712_ESMFold_hypothetical_protein	AF-O94469-F1-model_v4	AF-O94469-F1-model_v4 Probable urea active transporter 1	4.242E-03	0.933	70	39	486	489	57	602	664	578	0.916	0.822
LOKIASV2_2712_ESMFold_hypothetical_protein	AF-B7L4G3-F1-model_v4	AF-B7L4G3-F1-model_v4 L-carnitine/gamma-butyrobetaine antiporter	2.585E-01	0.912	68	23	452	489	78	496	504	488	0.879	0.831
LOKIASV2_2712_ESMFold_hypothetical_protein	AF-Q8ZRX1-F1-model_v4	AF-Q8ZRX1-F1-model_v4 L-carnitine/gamma-butyrobetaine antiporter	2.816E-01	0.912	68	25	465	489	81	505	505	499	0.902	0.842
LOKIASV2_2712_ESMFold_hypothetical_protein	AF-Q6H4R6-F1-model_v4	AF-Q6H4R6-F1-model_v4 Potassium transporter 23	2.087E-01	0.912	68	29	488	489	122	579	877	551	0.941	0.522
LOKIASV2_2712_ESMFold_hypothetical_protein	AF-B7N7R5-F1-model_v4	AF-B7N7R5-F1-model_v4 L-carnitine/gamma-butyrobetaine antiporter	2.816E-01	0.900	67	23	452	489	78	496	504	488	0.879	0.831
LOKIASV2_2712_ESMFold_hypothetical_protein	AF-Q0TLU9-F1-model_v4	AF-Q0TLU9-F1-model_v4 L-carnitine/gamma-butyrobetaine antiporter	3.799E-01	0.872	65	23	452	489	78	496	504	488	0.879	0.831
LOKIASV2_2712_ESMFold_hypothetical_protein	AF-Q3Z5W8-F1-model_v4	AF-Q3Z5W8-F1-model_v4 L-carnitine/gamma-butyrobetaine antiporter	3.488E-01	0.855	64	24	452	489	83	496	504	492	0.877	0.821
LOKIASV2_2712_ESMFold_hypothetical_protein	AF-C4ZPW6-F1-model_v4	AF-C4ZPW6-F1-model_v4 L-carnitine/gamma-butyrobetaine antiporter	3.966E-01	0.855	64	25	452	489	80	496	504	488	0.875	0.827
LOKIASV2_2712_ESMFold_hypothetical_protein	AF-P31553-F1-model_v4	AF-P31553-F1-model_v4 L-carnitine/gamma-butyrobetaine antiporter	3.067E-01	0.855	64	24	452	489	83	496	504	493	0.877	0.821
LOKIASV2_2712_ESMFold_hypothetical_protein	AF-A9MQH4-F1-model_v4	AF-A9MQH4-F1-model_v4 L-carnitine/gamma-butyrobetaine antiporter	4.706E-01	0.837	63	23	465	489	78	505	505	503	0.906	0.848
LOKIASV2_2712_ESMFold_hypothetical_protein	AF-Q6H4M2-F1-model_v4	AF-Q6H4M2-F1-model_v4 Potassium transporter 19	5.255E-03	0.837	63	29	444	489	37	512	742	540	0.851	0.642
LOKIASV2_2712_ESMFold_hypothetical_protein	AF-B5R1R3-F1-model_v4	AF-B5R1R3-F1-model_v4 L-carnitine/gamma-butyrobetaine antiporter	4.139E-01	0.817	62	25	465	489	81	505	505	507	0.902	0.842
LOKIASV2_2712_ESMFold_hypothetical_protein	AF-P59334-F1-model_v4	AF-P59334-F1-model_v4 L-carnitine/gamma-butyrobetaine antiporter	3.342E-01	0.795	61	25	456	489	81	500	504	499	0.883	0.833
LOKIASV2_2712_ESMFold_hypothetical_protein	AF-P59333-F1-model_v4	AF-P59333-F1-model_v4 L-carnitine/gamma-butyrobetaine antiporter	4.706E-01	0.795	61	24	452	489	83	496	504	490	0.877	0.821
LOKIASV2_2712_ESMFold_hypothetical_protein	AF-A8ALR3-F1-model_v4	AF-A8ALR3-F1-model_v4 L-carnitine/gamma-butyrobetaine antiporter	4.706E-01	0.795	61	17	465	489	76	505	505	512	0.918	0.851
LOKIASV2_2712_ESMFold_hypothetical_protein	AF-B5BL58-F1-model_v4	AF-B5BL58-F1-model_v4 L-carnitine/gamma-butyrobetaine antiporter	5.351E-01	0.795	61	25	465	489	81	505	505	497	0.902	0.842
LOKIASV2_2712_ESMFold_hypothetical_protein	AF-B1LFX3-F1-model_v4	AF-B1LFX3-F1-model_v4 L-carnitine/gamma-butyrobetaine antiporter	7.221E-01	0.720	58	24	452	489	83	496	504	486	0.877	0.821
LOKIASV2_2712_ESMFold_hypothetical_protein	AF-Q5E733-F1-model_v4	AF-Q5E733-F1-model_v4 N-acetylneuraminate transporter	5.830E-01	0.601	54	30	482	489	33	471	505	510	0.926	0.869
LOKIASV2_2712_ESMFold_hypothetical_protein	AF-P64954-F1-model_v4	AF-P64954-F1-model_v4 Uncharacterized protein Mb2232	7.401E-03	0.233	41	24	480	489	2	406	512	535	0.935	0.791
LOKIASV2_2712_ESMFold_hypothetical_protein	AF-O28739-F1-model_v4	AF-O28739-F1-model_v4 Uncharacterized transporter AF_1533	2.476E-01	0.150	36	76	480	489	2	273	278	413	0.828	0.978
LOKIASV2_2712_ESMFold_hypothetical_protein	AF-Q9S735-F1-model_v4	AF-Q9S735-F1-model_v4 Probable inorganic phosphate transporter 1-9	1.196E-01	0.150	36	60	482	489	2	495	532	570	0.865	0.929
LOKIASV2_2712_ESMFold_hypothetical_protein	AF-Q39608-F1-model_v4	AF-Q39608-F1-model_v4 Nitrate transporter 2.1	1.419E-01	0.150	36	60	480	489	44	446	547	510	0.861	0.737
LOKIASV2_2712_ESMFold_hypothetical_protein	AF-P25346-F1-model_v4	AF-P25346-F1-model_v4 Glycerophosphoinositol transporter 1	1.546E-01	0.126	34	29	483	489	35	451	518	530	0.930	0.805
LOKIASV2_2712_ESMFold_hypothetical_protein	AF-Q08299-F1-model_v4	AF-Q08299-F1-model_v4 Siderophore iron transporter ENB1	1.052E-01	0.126	34	5	487	489	21	569	606	622	0.988	0.906
LOKIASV2_2712_ESMFold_hypothetical_protein	AF-Q9I713-F1-model_v4	AF-Q9I713-F1-model_v4 C4-dicarboxylate transport protein 1	1.685E-01	0.116	33	29	471	489	1	421	449	510	0.906	0.938
LOKIASV2_2712_ESMFold_hypothetical_protein	AF-Q88CB9-F1-model_v4	AF-Q88CB9-F1-model_v4 Probable multidrug resistance protein NorM	1.419E-01	0.116	33	31	455	489	4	439	462	506	0.869	0.944
LOKIASV2_2712_ESMFold_hypothetical_protein	AF-Q02UV9-F1-model_v4	AF-Q02UV9-F1-model_v4 C4-dicarboxylate transport protein 1	2.087E-01	0.098	31	29	469	489	1	417	449	512	0.902	0.929
LOKIASV2_2712_ESMFold_hypothetical_protein	AF-Q8P4E6-F1-model_v4	AF-Q8P4E6-F1-model_v4 Probable multidrug resistance protein NorM	1.146E-01	0.098	31	21	450	489	1	449	458	519	0.879	0.980
LOKIASV2_2712_ESMFold_hypothetical_protein	AF-Q8RXL8-F1-model_v4	AF-Q8RXL8-F1-model_v4 UDP-xylose transporter 3	9.336E-01	0.090	30	75	483	489	7	293	357	428	0.836	0.804
LOKIASV2_2712_ESMFold_hypothetical_protein	AF-Q93Z75-F1-model_v4	AF-Q93Z75-F1-model_v4 Ureide permease 5	3.342E-01	0.090	30	27	488	489	10	403	413	506	0.945	0.954
LOKIASV2_2712_ESMFold_hypothetical_protein	AF-Q7RTY0-F1-model_v4	AF-Q7RTY0-F1-model_v4 Monocarboxylate transporter 13	4.706E-01	0.090	30	18	488	489	2	390	426	530	0.963	0.913
LOKIASV2_2712_ESMFold_hypothetical_protein	AF-Q8PG07-F1-model_v4	AF-Q8PG07-F1-model_v4 Probable multidrug resistance protein NorM	1.546E-01	0.090	30	24	450	489	3	449	458	524	0.873	0.976
LOKIASV2_2712_ESMFold_hypothetical_protein	AF-Q5NYX9-F1-model_v4	AF-Q5NYX9-F1-model_v4 Probable multidrug resistance protein NorM	2.373E-01	0.090	30	21	483	489	1	451	463	539	0.947	0.974
LOKIASV2_2712_ESMFold_hypothetical_protein	AF-Q8FYV0-F1-model_v4	AF-Q8FYV0-F1-model_v4 Thiamine transport system permease protein ThiP	8.863E-02	0.090	30	24	482	489	3	530	543	607	0.939	0.972
LOKIASV2_2712_ESMFold_hypothetical_protein	AF-E1ACQ6-F1-model_v4	AF-E1ACQ6-F1-model_v4 Efflux pump notK	2.816E-01	0.082	29	24	476	489	31	527	563	592	0.926	0.883
LOKIASV2_2712_ESMFold_hypothetical_protein	AF-Q48624-F1-model_v4	AF-Q48624-F1-model_v4 Lactose permease	2.178E-01	0.082	29	25	486	489	3	452	639	574	0.945	0.704
LOKIASV2_2712_ESMFold_hypothetical_protein	AF-Q02334-F1-model_v4	AF-Q02334-F1-model_v4 UDP-galactose translocator 1	9.744E-01	0.076	28	61	483	489	42	350	355	456	0.865	0.870
LOKIASV2_2712_ESMFold_hypothetical_protein	AF-Q57LY2-F1-model_v4	AF-Q57LY2-F1-model_v4 Uncharacterized MFS-type transporter YfcJ	2.273E-01	0.076	28	24	481	489	2	387	392	528	0.937	0.985
LOKIASV2_2712_ESMFold_hypothetical_protein	AF-O52718-F1-model_v4	AF-O52718-F1-model_v4 D-arabinitol transporter	4.509E-01	0.076	28	25	482	489	5	404	425	531	0.937	0.941
LOKIASV2_2712_ESMFold_hypothetical_protein	AF-A6UXQ5-F1-model_v4	AF-A6UXQ5-F1-model_v4 C4-dicarboxylate transport protein 1	2.816E-01	0.076	28	32	469	489	3	412	444	523	0.896	0.923
LOKIASV2_2712_ESMFold_hypothetical_protein	AF-Q8RX67-F1-model_v4	AF-Q8RX67-F1-model_v4 Protein NRT1/ PTR FAMILY 5.11	3.488E-01	0.076	28	5	482	489	15	526	538	651	0.978	0.952
LOKIASV2_2712_ESMFold_hypothetical_protein	AF-Q870L2-F1-model_v4	AF-Q870L2-F1-model_v4 Siderophore iron transporter mirB	3.202E-01	0.076	28	29	487	489	77	586	604	591	0.939	0.844
LOKIASV2_2712_ESMFold_hypothetical_protein	AF-Q72EN4-F1-model_v4	AF-Q72EN4-F1-model_v4 UPF0324 membrane protein DVU_0543	1.108E+00	0.069	27	27	428	489	1	365	369	458	0.822	0.989
LOKIASV2_2712_ESMFold_hypothetical_protein	AF-O59010-F1-model_v4	AF-O59010-F1-model_v4 Glutamate transporter homolog	8.211E-01	0.069	27	31	468	489	2	423	425	554	0.896	0.993
LOKIASV2_2712_ESMFold_hypothetical_protein	AF-Q5BEJ9-F1-model_v4	AF-Q5BEJ9-F1-model_v4 Efflux pump afoB	2.585E-01	0.069	27	24	450	489	33	504	538	542	0.873	0.877
LOKIASV2_2712_ESMFold_hypothetical_protein	AF-P38724-F1-model_v4	AF-P38724-F1-model_v4 Siderophore iron transporter ARN2	3.067E-01	0.069	27	30	486	489	64	575	620	633	0.935	0.826
LOKIASV2_2712_ESMFold_hypothetical_protein	AF-Q8PYZ8-F1-model_v4	AF-Q8PYZ8-F1-model_v4 K(+)-stimulated pyrophosphate-energized sodium pump	2.476E-01	0.069	27	36	488	489	168	667	676	592	0.926	0.740
LOKIASV2_2712_ESMFold_hypothetical_protein	AF-A8GDR2-F1-model_v4	AF-A8GDR2-F1-model_v4 Vitamin B12 import system permease protein BtuC	1.207E+00	0.063	26	33	381	489	20	300	335	378	0.714	0.839
LOKIASV2_2712_ESMFold_hypothetical_protein	AF-Q81G28-F1-model_v4	AF-Q81G28-F1-model_v4 Probable multidrug resistance protein NorM	7.537E-01	0.063	26	26	487	489	1	440	452	525	0.945	0.973
LOKIASV2_2712_ESMFold_hypothetical_protein	AF-Q8GW61-F1-model_v4	AF-Q8GW61-F1-model_v4 Sugar transport protein 14	6.918E-01	0.063	26	20	483	489	3	499	504	597	0.949	0.986
LOKIASV2_2712_ESMFold_hypothetical_protein	AF-Q9P6J7-F1-model_v4	AF-Q9P6J7-F1-model_v4 Uncharacterized MFS-type transporter C1683.03c	3.342E-01	0.063	26	5	488	489	14	492	519	622	0.990	0.923
LOKIASV2_2712_ESMFold_hypothetical_protein	AF-Q56992-F1-model_v4	AF-Q56992-F1-model_v4 Hemin transport system permease protein HmuU	9.744E-01	0.057	25	33	401	489	8	328	334	406	0.755	0.961
LOKIASV2_2712_ESMFold_hypothetical_protein	AF-Q9F9B1-F1-model_v4	AF-Q9F9B1-F1-model_v4 Fructose import permease protein FrcC	5.351E-01	0.057	25	9	425	489	15	355	360	469	0.853	0.947
LOKIASV2_2712_ESMFold_hypothetical_protein	AF-Q8DPQ6-F1-model_v4	AF-Q8DPQ6-F1-model_v4 Probable multidrug resistance protein NorM	9.336E-01	0.057	25	26	449	489	1	445	453	515	0.867	0.982
LOKIASV2_2712_ESMFold_hypothetical_protein	AF-Q3SWT5-F1-model_v4	AF-Q3SWT5-F1-model_v4 Solute carrier family 41 member 3	8.211E-01	0.057	25	22	488	489	7	440	462	554	0.955	0.939
LOKIASV2_2712_ESMFold_hypothetical_protein	AF-Q2YLW7-F1-model_v4	AF-Q2YLW7-F1-model_v4 Thiamine transport system permease protein ThiP	3.202E-01	0.057	25	24	482	489	3	530	543	608	0.939	0.972
LOKIASV2_2712_ESMFold_hypothetical_protein	AF-Q9SK99-F1-model_v4	AF-Q9SK99-F1-model_v4 Protein NRT1/ PTR FAMILY 5.15	6.629E-01	0.057	25	8	486	489	5	557	565	654	0.980	0.979
LOKIASV2_2712_ESMFold_hypothetical_protein	AF-O94343-F1-model_v4	AF-O94343-F1-model_v4 Uncharacterized MFS-type transporter C1271.10c	1.108E+00	0.057	25	14	489	489	27	542	581	620	0.973	0.888
LOKIASV2_2712_ESMFold_hypothetical_protein	AF-F9X9V3-F1-model_v4	AF-F9X9V3-F1-model_v4 Siderophore transporter MYCGRDRAFT_70577	7.867E-01	0.057	25	20	485	489	26	594	648	662	0.953	0.878
LOKIASV2_2712_ESMFold_hypothetical_protein	AF-Q8KY01-F1-model_v4	AF-Q8KY01-F1-model_v4 K(+)-insensitive pyrophosphate-energized proton pump	1.700E+00	0.057	25	33	479	489	69	654	725	634	0.914	0.808
LOKIASV2_2712_ESMFold_hypothetical_protein	AF-P74072-F1-model_v4	AF-P74072-F1-model_v4 Ca(2+)/H(+) antiporter	1.315E+00	0.051	24	44	488	489	39	360	372	471	0.910	0.866
LOKIASV2_2712_ESMFold_hypothetical_protein	AF-Q8ZLE4-F1-model_v4	AF-Q8ZLE4-F1-model_v4 Uncharacterized MFS-type transporter YhhS	1.372E+00	0.051	24	24	480	489	2	388	405	521	0.935	0.956
LOKIASV2_2712_ESMFold_hypothetical_protein	AF-P57648-F1-model_v4	AF-P57648-F1-model_v4 Uncharacterized transporter BU588	8.570E-01	0.051	24	5	482	489	2	400	410	534	0.978	0.973
LOKIASV2_2712_ESMFold_hypothetical_protein	AF-P0AA80-F1-model_v4	AF-P0AA80-F1-model_v4 Probable galactarate transporter	1.108E+00	0.051	24	29	466	489	10	442	444	525	0.896	0.975
LOKIASV2_2712_ESMFold_hypothetical_protein	AF-P0C5X8-F1-model_v4	AF-P0C5X8-F1-model_v4 Protein tweety homolog 1	7.537E-01	0.051	24	27	446	489	33	420	450	485	0.859	0.862
LOKIASV2_2712_ESMFold_hypothetical_protein	AF-A9QZC0-F1-model_v4	AF-A9QZC0-F1-model_v4 Multidrug resistance protein MdtK	3.342E-01	0.051	24	53	483	489	2	366	457	496	0.881	0.799
LOKIASV2_2712_ESMFold_hypothetical_protein	AF-Q1CIK5-F1-model_v4	AF-Q1CIK5-F1-model_v4 Multidrug resistance protein MdtK	5.127E-01	0.051	24	53	483	489	2	366	457	474	0.881	0.799
LOKIASV2_2712_ESMFold_hypothetical_protein	AF-A2X6E6-F1-model_v4	AF-A2X6E6-F1-model_v4 Sucrose transport protein SUT5	8.211E-01	0.051	24	5	472	489	25	531	535	590	0.957	0.948
LOKIASV2_2712_ESMFold_hypothetical_protein	AF-Q6C938-F1-model_v4	AF-Q6C938-F1-model_v4 Protein PNS1	8.570E-01	0.051	24	4	480	489	135	569	571	540	0.975	0.762
LOKIASV2_2712_ESMFold_hypothetical_protein	AF-O94607-F1-model_v4	AF-O94607-F1-model_v4 Siderophore iron transporter 2	2.106E+00	0.051	24	2	488	489	22	577	597	660	0.996	0.931
LOKIASV2_2712_ESMFold_hypothetical_protein	AF-F4IHS9-F1-model_v4	AF-F4IHS9-F1-model_v4 UDP-xylose transporter 1	2.017E+00	0.045	23	69	483	489	10	293	342	434	0.849	0.830
LOKIASV2_2712_ESMFold_hypothetical_protein	AF-Q9LXX8-F1-model_v4	AF-Q9LXX8-F1-model_v4 WAT1-related protein At3g56620	1.372E+00	0.045	23	27	425	489	1	320	377	433	0.816	0.849
LOKIASV2_2712_ESMFold_hypothetical_protein	AF-C0Q135-F1-model_v4	AF-C0Q135-F1-model_v4 Uncharacterized MFS-type transporter YhhS	1.629E+00	0.045	23	24	480	489	4	388	405	519	0.935	0.951
LOKIASV2_2712_ESMFold_hypothetical_protein	AF-C0Q5V7-F1-model_v4	AF-C0Q5V7-F1-model_v4 Multidrug resistance protein MdtK	1.495E+00	0.045	23	33	436	489	9	455	457	497	0.826	0.978
LOKIASV2_2712_ESMFold_hypothetical_protein	AF-Q9FH21-F1-model_v4	AF-Q9FH21-F1-model_v4 Protein DETOXIFICATION 55	1.372E+00	0.045	23	24	439	489	16	481	502	515	0.851	0.928
LOKIASV2_2712_ESMFold_hypothetical_protein	AF-Q9SK96-F1-model_v4	AF-Q9SK96-F1-model_v4 Protein NRT1/ PTR FAMILY 5.16	1.207E+00	0.045	23	5	488	489	2	551	564	660	0.990	0.975
LOKIASV2_2712_ESMFold_hypothetical_protein	AF-E1W9W8-F1-model_v4	AF-E1W9W8-F1-model_v4 Threonine/homoserine exporter RhtA	1.700E+00	0.040	22	26	438	489	2	281	295	432	0.845	0.949
LOKIASV2_2712_ESMFold_hypothetical_protein	AF-Q9KSL2-F1-model_v4	AF-Q9KSL2-F1-model_v4 Vitamin B12 import system permease protein BtuC	2.394E+00	0.040	22	68	416	489	60	321	331	372	0.714	0.792
LOKIASV2_2712_ESMFold_hypothetical_protein	AF-B5R3Y2-F1-model_v4	AF-B5R3Y2-F1-model_v4 Uncharacterized MFS-type transporter YhhS	1.207E+00	0.040	22	24	480	489	4	388	405	515	0.935	0.951
LOKIASV2_2712_ESMFold_hypothetical_protein	AF-Q8Z257-F1-model_v4	AF-Q8Z257-F1-model_v4 Uncharacterized MFS-type transporter YhhS	2.106E+00	0.040	22	24	480	489	2	388	405	519	0.935	0.956
LOKIASV2_2712_ESMFold_hypothetical_protein	AF-A4T0I1-F1-model_v4	AF-A4T0I1-F1-model_v4 C4-dicarboxylate transport protein	1.774E+00	0.040	22	26	481	489	1	433	442	519	0.933	0.980
LOKIASV2_2712_ESMFold_hypothetical_protein	AF-Q8VNZ2-F1-model_v4	AF-Q8VNZ2-F1-model_v4 Probable lipid II flippase MurJ	2.198E+00	0.040	22	1	487	489	1	503	523	613	0.996	0.962
LOKIASV2_2712_ESMFold_hypothetical_protein	AF-P33532-F1-model_v4	AF-P33532-F1-model_v4 Vitamin B6 transporter bsu1	1.629E+00	0.040	22	92	489	489	62	503	526	516	0.814	0.840
LOKIASV2_2712_ESMFold_hypothetical_protein	AF-Q8TJA9-F1-model_v4	AF-Q8TJA9-F1-model_v4 Putative K(+)-stimulated pyrophosphate-energized sodium pump	4.706E-01	0.040	22	60	483	489	158	650	676	563	0.867	0.729
LOKIASV2_2712_ESMFold_hypothetical_protein	AF-Q9JX23-F1-model_v4	AF-Q9JX23-F1-model_v4 Zinc transporter ZupT	2.294E+00	0.034	21	70	486	489	8	267	269	427	0.853	0.967
LOKIASV2_2712_ESMFold_hypothetical_protein	AF-Q8E2K6-F1-model_v4	AF-Q8E2K6-F1-model_v4 Putative sugar uptake protein gbs2116	6.689E+00	0.034	21	74	483	489	3	282	288	423	0.838	0.972
LOKIASV2_2712_ESMFold_hypothetical_protein	AF-O32859-F1-model_v4	AF-O32859-F1-model_v4 Multidrug efflux pump Tap	1.156E+00	0.034	21	36	435	489	10	406	409	485	0.818	0.971
LOKIASV2_2712_ESMFold_hypothetical_protein	AF-Q50173-F1-model_v4	AF-Q50173-F1-model_v4 Probable low-affinity inorganic phosphate transporter	7.867E-01	0.034	21	36	404	489	5	367	414	452	0.755	0.877
LOKIASV2_2712_ESMFold_hypothetical_protein	AF-O31686-F1-model_v4	AF-O31686-F1-model_v4 Sporulation protein YkvU	1.774E+00	0.034	21	35	445	489	4	422	445	494	0.840	0.942
LOKIASV2_2712_ESMFold_hypothetical_protein	AF-Q8ZPP2-F1-model_v4	AF-Q8ZPP2-F1-model_v4 Multidrug resistance protein MdtK	1.774E+00	0.034	21	32	484	489	1	437	457	505	0.926	0.956
LOKIASV2_2712_ESMFold_hypothetical_protein	AF-Q4WGS5-F1-model_v4	AF-Q4WGS5-F1-model_v4 Siderophore iron transporter 1	7.537E-01	0.034	21	29	487	489	45	555	577	617	0.939	0.886
LOKIASV2_2712_ESMFold_hypothetical_protein	AF-Q6GDN2-F1-model_v4	AF-Q6GDN2-F1-model_v4 O-acetyltransferase OatA	1.700E+00	0.034	21	31	483	489	2	395	603	524	0.926	0.653
LOKIASV2_2712_ESMFold_hypothetical_protein	AF-Q4WF31-F1-model_v4	AF-Q4WF31-F1-model_v4 MFS siderochrome iron transporter B	1.629E+00	0.034	21	2	486	489	17	593	612	665	0.992	0.943
LOKIASV2_2712_ESMFold_hypothetical_protein	AF-Q8NQK0-F1-model_v4	AF-Q8NQK0-F1-model_v4 Zinc transporter ZupT	3.095E+00	0.029	20	37	418	489	2	259	263	403	0.781	0.981
LOKIASV2_2712_ESMFold_hypothetical_protein	AF-A4SE48-F1-model_v4	AF-A4SE48-F1-model_v4 Zinc transporter ZupT	5.174E+00	0.029	20	69	421	489	2	265	266	366	0.722	0.992
LOKIASV2_2712_ESMFold_hypothetical_protein	AF-P60946-F1-model_v4	AF-P60946-F1-model_v4 Putative ribose uptake protein RbsU	1.560E+00	0.029	20	31	429	489	2	290	293	423	0.816	0.986
LOKIASV2_2712_ESMFold_hypothetical_protein	AF-P60949-F1-model_v4	AF-P60949-F1-model_v4 Putative ribose uptake protein RbsU	1.432E+00	0.029	20	31	422	489	1	290	296	428	0.802	0.980
LOKIASV2_2712_ESMFold_hypothetical_protein	AF-P31125-F1-model_v4	AF-P31125-F1-model_v4 Probable amino-acid metabolite efflux pump	7.939E+00	0.029	20	74	483	489	5	285	299	415	0.838	0.940
LOKIASV2_2712_ESMFold_hypothetical_protein	AF-Q84L09-F1-model_v4	AF-Q84L09-F1-model_v4 GDP-mannose transporter GONST2	3.834E+00	0.029	20	2	486	489	43	369	375	501	0.992	0.872
LOKIASV2_2712_ESMFold_hypothetical_protein	AF-Q8X6P4-F1-model_v4	AF-Q8X6P4-F1-model_v4 Uncharacterized MFS-type transporter YhhS	1.372E+00	0.029	20	24	480	489	2	388	405	539	0.935	0.956
LOKIASV2_2712_ESMFold_hypothetical_protein	AF-B2K5I9-F1-model_v4	AF-B2K5I9-F1-model_v4 Multidrug resistance protein MdtK	1.933E+00	0.029	20	33	484	489	9	437	457	519	0.924	0.939
LOKIASV2_2712_ESMFold_hypothetical_protein	AF-L7X3H5-F1-model_v4	AF-L7X3H5-F1-model_v4 Dehydrocurvularin exporter	2.499E+00	0.029	20	24	488	489	36	531	571	579	0.951	0.869
LOKIASV2_2712_ESMFold_hypothetical_protein	AF-P34315-F1-model_v4	AF-P34315-F1-model_v4 Putative sodium/calcium exchanger 6	3.231E+00	0.029	20	32	484	489	101	551	590	525	0.926	0.764
LOKIASV2_2712_ESMFold_hypothetical_protein	AF-Q5HCY3-F1-model_v4	AF-Q5HCY3-F1-model_v4 O-acetyltransferase OatA	2.966E+00	0.029	20	32	431	489	3	405	603	490	0.818	0.668
LOKIASV2_2712_ESMFold_hypothetical_protein	AF-A1A654-F1-model_v4	AF-A1A654-F1-model_v4 Siderophore transporter fer7	2.394E+00	0.029	20	9	488	489	25	608	659	688	0.982	0.886
LOKIASV2_2712_ESMFold_hypothetical_protein	AF-P87041-F1-model_v4	AF-P87041-F1-model_v4 UDP-galactose transporter	1.432E+00	0.024	19	70	418	489	15	322	353	405	0.714	0.873
LOKIASV2_2712_ESMFold_hypothetical_protein	AF-Q6GM04-F1-model_v4	AF-Q6GM04-F1-model_v4 Protein tweety homolog 1-B	1.108E+00	0.024	19	32	446	489	85	420	451	444	0.849	0.745
LOKIASV2_2712_ESMFold_hypothetical_protein	AF-Q6P5F7-F1-model_v4	AF-Q6P5F7-F1-model_v4 Protein tweety homolog 3	5.585E-01	0.024	19	27	431	489	75	414	524	441	0.828	0.649
LOKIASV2_2712_ESMFold_hypothetical_protein	AF-Q8L636-F1-model_v4	AF-Q8L636-F1-model_v4 Sodium/calcium exchanger NCL	1.700E+00	0.024	19	24	488	489	56	577	585	594	0.951	0.892
LOKIASV2_2712_ESMFold_hypothetical_protein	AF-Q8X1Z7-F1-model_v4	AF-Q8X1Z7-F1-model_v4 Siderophore iron transporter mirA	1.156E+00	0.024	19	9	487	489	4	572	609	644	0.980	0.934
LOKIASV2_2712_ESMFold_hypothetical_protein	AF-Q60850-F1-model_v4	AF-Q60850-F1-model_v4 Solute carrier family 23 member 3	3.231E+00	0.024	19	19	439	489	15	510	611	566	0.861	0.812
LOKIASV2_2712_ESMFold_hypothetical_protein	AF-Q8FTK0-F1-model_v4	AF-Q8FTK0-F1-model_v4 Zinc transporter ZupT	4.002E+00	0.020	18	36	418	489	3	264	268	396	0.783	0.978
LOKIASV2_2712_ESMFold_hypothetical_protein	AF-Q8P8Z6-F1-model_v4	AF-Q8P8Z6-F1-model_v4 Zinc transporter ZupT	5.400E+00	0.020	18	70	486	489	8	267	272	423	0.853	0.956
LOKIASV2_2712_ESMFold_hypothetical_protein	AF-Q8PKQ5-F1-model_v4	AF-Q8PKQ5-F1-model_v4 Zinc transporter ZupT	5.400E+00	0.020	18	70	486	489	8	267	272	427	0.853	0.956
LOKIASV2_2712_ESMFold_hypothetical_protein	AF-Q852F6-F1-model_v4	AF-Q852F6-F1-model_v4 Zinc transporter 2	4.957E+00	0.020	18	63	485	489	51	356	358	444	0.865	0.855
LOKIASV2_2712_ESMFold_hypothetical_protein	AF-O34367-F1-model_v4	AF-O34367-F1-model_v4 Uncharacterized MFS-type transporter YtbD	4.177E+00	0.020	18	73	449	489	10	385	396	466	0.771	0.949
LOKIASV2_2712_ESMFold_hypothetical_protein	AF-P26400-F1-model_v4	AF-P26400-F1-model_v4 Putative O-antigen transporter	1.774E+00	0.020	18	27	482	489	1	358	430	492	0.933	0.833
LOKIASV2_2712_ESMFold_hypothetical_protein	AF-Q945S5-F1-model_v4	AF-Q945S5-F1-model_v4 Vacuolar cation/proton exchanger 4	1.933E+00	0.020	18	35	486	489	100	434	446	488	0.924	0.751
LOKIASV2_2712_ESMFold_hypothetical_protein	AF-Q2KJ98-F1-model_v4	AF-Q2KJ98-F1-model_v4 Protein tweety homolog 1	6.918E-01	0.020	18	24	439	489	75	416	450	449	0.851	0.760
LOKIASV2_2712_ESMFold_hypothetical_protein	AF-Q92AG2-F1-model_v4	AF-Q92AG2-F1-model_v4 Probable multidrug resistance protein NorM	3.834E+00	0.020	18	26	455	489	1	447	456	520	0.879	0.980
LOKIASV2_2712_ESMFold_hypothetical_protein	AF-Q8ZDZ8-F1-model_v4	AF-Q8ZDZ8-F1-model_v4 Multidrug resistance protein MdtK	1.700E+00	0.020	18	53	483	489	2	366	457	496	0.881	0.799
LOKIASV2_2712_ESMFold_hypothetical_protein	AF-Q7ZWN9-F1-model_v4	AF-Q7ZWN9-F1-model_v4 Protein tweety homolog 2	1.700E+00	0.020	18	27	418	489	34	414	534	456	0.802	0.713
LOKIASV2_2712_ESMFold_hypothetical_protein	AF-S0DPY2-F1-model_v4	AF-S0DPY2-F1-model_v4 Efflux pump apf11	2.608E+00	0.020	18	20	485	489	29	522	562	601	0.953	0.879
LOKIASV2_2712_ESMFold_hypothetical_protein	AF-P60363-F1-model_v4	AF-P60363-F1-model_v4 K(+)-insensitive pyrophosphate-energized proton pump	4.957E+00	0.020	18	36	485	489	78	704	706	680	0.920	0.888
LOKIASV2_2712_ESMFold_hypothetical_protein	AF-B5YR85-F1-model_v4	AF-B5YR85-F1-model_v4 Zinc transporter ZupT	7.939E+00	0.016	17	127	484	489	3	249	257	383	0.732	0.961
LOKIASV2_2712_ESMFold_hypothetical_protein	AF-Q3B4G1-F1-model_v4	AF-Q3B4G1-F1-model_v4 Zinc transporter ZupT	5.636E+00	0.016	17	36	421	489	4	265	266	405	0.789	0.985
LOKIASV2_2712_ESMFold_hypothetical_protein	AF-P21608-F1-model_v4	AF-P21608-F1-model_v4 Citrate-sodium symporter	3.520E+00	0.016	17	33	421	489	118	441	442	437	0.796	0.733
LOKIASV2_2712_ESMFold_hypothetical_protein	AF-Q8VZE2-F1-model_v4	AF-Q8VZE2-F1-model_v4 Protein NRT1/ PTR FAMILY 5.14	6.689E+00	0.016	17	9	485	489	5	545	557	668	0.975	0.971
LOKIASV2_2712_ESMFold_hypothetical_protein	AF-P53389-F1-model_v4	AF-P53389-F1-model_v4 Protein HOL1	4.749E+00	0.016	17	36	489	489	61	586	586	604	0.928	0.898
LOKIASV2_2712_ESMFold_hypothetical_protein	AF-Q9A8J0-F1-model_v4	AF-Q9A8J0-F1-model_v4 K(+)-insensitive pyrophosphate-energized proton pump	4.002E+00	0.016	17	30	479	489	74	680	712	677	0.920	0.853
LOKIASV2_2712_ESMFold_hypothetical_protein	AF-Q8DWQ7-F1-model_v4	AF-Q8DWQ7-F1-model_v4 Putative sugar uptake protein SAG2157	5.636E+00	0.014	16	74	422	489	3	286	288	379	0.714	0.986
LOKIASV2_2712_ESMFold_hypothetical_protein	AF-Q8KWS7-F1-model_v4	AF-Q8KWS7-F1-model_v4 Putative bacilysin exporter BacE	4.360E+00	0.014	16	29	488	489	1	376	393	511	0.941	0.957
LOKIASV2_2712_ESMFold_hypothetical_protein	AF-Q8KWT2-F1-model_v4	AF-Q8KWT2-F1-model_v4 Putative bacilysin exporter BacE	3.674E+00	0.014	16	29	488	489	1	376	393	523	0.941	0.957
LOKIASV2_2712_ESMFold_hypothetical_protein	AF-P39642-F1-model_v4	AF-P39642-F1-model_v4 Putative bacilysin exporter BacE	4.002E+00	0.014	16	37	488	489	9	376	394	500	0.924	0.934
LOKIASV2_2712_ESMFold_hypothetical_protein	AF-Q8BGF8-F1-model_v4	AF-Q8BGF8-F1-model_v4 Solute carrier family 35 member D3	2.722E+00	0.014	16	70	418	489	4	297	422	384	0.714	0.697
LOKIASV2_2712_ESMFold_hypothetical_protein	AF-Q8Y654-F1-model_v4	AF-Q8Y654-F1-model_v4 Probable multidrug resistance protein NorM	4.749E+00	0.014	16	26	455	489	1	447	456	519	0.879	0.980
LOKIASV2_2712_ESMFold_hypothetical_protein	AF-Q71YH0-F1-model_v4	AF-Q71YH0-F1-model_v4 Probable multidrug resistance protein NorM	6.140E+00	0.014	16	26	455	489	1	447	456	520	0.879	0.980
LOKIASV2_2712_ESMFold_hypothetical_protein	AF-B5FDK5-F1-model_v4	AF-B5FDK5-F1-model_v4 Dipeptide and tripeptide permease B	5.174E+00	0.014	16	27	433	489	1	481	495	566	0.832	0.972
LOKIASV2_2712_ESMFold_hypothetical_protein	AF-O82752-F1-model_v4	AF-O82752-F1-model_v4 Protein DETOXIFICATION 49	3.834E+00	0.014	16	21	442	489	1	477	502	558	0.863	0.950
LOKIASV2_2712_ESMFold_hypothetical_protein	AF-Q6GPA5-F1-model_v4	AF-Q6GPA5-F1-model_v4 Protein tweety homolog 3	1.315E+00	0.014	16	27	432	489	76	412	522	444	0.830	0.646
LOKIASV2_2712_ESMFold_hypothetical_protein	AF-P44629-F1-model_v4	AF-P44629-F1-model_v4 Probable 3-phenylpropionic acid transporter	8.286E+00	0.011	15	74	442	489	5	371	388	466	0.755	0.946
LOKIASV2_2712_ESMFold_hypothetical_protein	AF-A7MG31-F1-model_v4	AF-A7MG31-F1-model_v4 Multidrug resistance protein MdtH	5.883E+00	0.011	15	36	482	489	13	387	402	533	0.914	0.933
LOKIASV2_2712_ESMFold_hypothetical_protein	AF-Q9FE59-F1-model_v4	AF-Q9FE59-F1-model_v4 Sucrose transport protein SUC4	5.400E+00	0.011	15	20	486	489	14	498	510	580	0.955	0.951
LOKIASV2_2712_ESMFold_hypothetical_protein	AF-Q9C0H2-F1-model_v4	AF-Q9C0H2-F1-model_v4 Protein tweety homolog 3	1.315E+00	0.011	15	4	433	489	64	413	523	480	0.879	0.669
LOKIASV2_2712_ESMFold_hypothetical_protein	AF-O22780-F1-model_v4	AF-O22780-F1-model_v4 Probable folate-biopterin transporter 9, chloroplastic	7.606E+00	0.011	15	14	482	489	49	493	538	578	0.959	0.827
LOKIASV2_2712_ESMFold_hypothetical_protein	AF-I1RAK8-F1-model_v4	AF-I1RAK8-F1-model_v4 MFS siderochrome iron transporter 1	5.636E+00	0.011	15	21	486	489	62	590	609	612	0.953	0.869
LOKIASV2_2712_ESMFold_hypothetical_protein	AF-I1RR07-F1-model_v4	AF-I1RR07-F1-model_v4 Autophagy-related protein 17	7.606E+00	0.010	14	13	448	489	36	422	519	467	0.892	0.746
LOKIASV2_2712_ESMFold_hypothetical_protein	AF-Q50103-F1-model_v4	AF-Q50103-F1-model_v4 Divalent metal cation transporter MntH	8.949E-09	1.000	341	21	489	489	3	426	426	501	0.959	0.995
LOKIASV2_2712_ESMFold_hypothetical_protein	AF-K0EHR2-F1-model_v4	AF-K0EHR2-F1-model_v4 Divalent metal cation transporter MntH	7.225E-09	1.000	334	26	488	489	2	402	411	477	0.947	0.976
LOKIASV2_2712_ESMFold_hypothetical_protein	AF-Q32DF6-F1-model_v4	AF-Q32DF6-F1-model_v4 Divalent metal cation transporter MntH	7.870E-09	1.000	329	24	489	489	2	407	412	488	0.953	0.985
LOKIASV2_2712_ESMFold_hypothetical_protein	AF-Q869V1-F1-model_v4	AF-Q869V1-F1-model_v4 Metal transporter nramp1 homolog	6.922E-09	1.000	326	7	488	489	44	472	533	497	0.986	0.805
LOKIASV2_2712_ESMFold_hypothetical_protein	AF-A0A0H3GTA3-F1-model_v4	AF-A0A0H3GTA3-F1-model_v4 Divalent metal cation transporter MntH	1.561E-08	1.000	325	41	489	489	2	386	392	463	0.918	0.982
LOKIASV2_2712_ESMFold_hypothetical_protein	AF-P9WIZ5-F1-model_v4	AF-P9WIZ5-F1-model_v4 Divalent metal cation transporter MntH	1.934E-08	1.000	325	5	489	489	19	428	428	500	0.992	0.958
LOKIASV2_2712_ESMFold_hypothetical_protein	AF-Q8DRF3-F1-model_v4	AF-Q8DRF3-F1-model_v4 Uncharacterized protein	1.561E-08	1.000	321	29	488	489	8	412	420	476	0.941	0.964
LOKIASV2_2712_ESMFold_hypothetical_protein	AF-P0A769-F1-model_v4	AF-P0A769-F1-model_v4 Divalent metal cation transporter MntH	2.724E-08	1.000	318	24	489	489	1	407	412	484	0.953	0.988
LOKIASV2_2712_ESMFold_hypothetical_protein	AF-A0A1D6EN96-F1-model_v4	AF-A0A1D6EN96-F1-model_v4 Metal transporter Nramp6	3.343E-09	1.000	311	30	483	489	72	508	586	492	0.928	0.746
LOKIASV2_2712_ESMFold_hypothetical_protein	AF-Q2FXX3-F1-model_v4	AF-Q2FXX3-F1-model_v4 Uncharacterized protein	1.119E-07	1.000	309	26	484	489	2	399	409	470	0.939	0.973
LOKIASV2_2712_ESMFold_hypothetical_protein	AF-Q9RPF4-F1-model_v4	AF-Q9RPF4-F1-model_v4 Divalent metal cation transporter MntH	1.934E-08	1.000	308	33	489	489	15	407	413	472	0.935	0.952
LOKIASV2_2712_ESMFold_hypothetical_protein	AF-B4FFD1-F1-model_v4	AF-B4FFD1-F1-model_v4 Nramp aluminum transporter1	1.208E-08	1.000	308	14	486	489	32	450	550	488	0.967	0.762
LOKIASV2_2712_ESMFold_hypothetical_protein	AF-O05087-F1-model_v4	AF-O05087-F1-model_v4 Uncharacterized membrane protein HI_1728	1.386E-07	1.000	306	29	488	489	1	389	397	465	0.941	0.980
LOKIASV2_2712_ESMFold_hypothetical_protein	AF-Q9S9N8-F1-model_v4	AF-Q9S9N8-F1-model_v4 Metal transporter Nramp6	1.208E-08	1.000	305	18	484	489	24	443	527	488	0.955	0.797
LOKIASV2_2712_ESMFold_hypothetical_protein	AF-P49279-F1-model_v4	AF-P49279-F1-model_v4 Natural resistance-associated macrophage protein 1	8.290E-08	1.000	302	15	488	489	40	485	550	511	0.969	0.811
LOKIASV2_2712_ESMFold_hypothetical_protein	AF-I1KAC9-F1-model_v4	AF-I1KAC9-F1-model_v4 Uncharacterized protein	8.215E-09	1.000	299	21	488	489	22	452	544	503	0.957	0.792
LOKIASV2_2712_ESMFold_hypothetical_protein	AF-I1K299-F1-model_v4	AF-I1K299-F1-model_v4 Uncharacterized protein	1.072E-07	1.000	297	22	486	489	48	464	516	486	0.951	0.808
LOKIASV2_2712_ESMFold_hypothetical_protein	AF-Q653V6-F1-model_v4	AF-Q653V6-F1-model_v4 Metal transporter Nramp3	2.843E-08	1.000	297	20	485	489	36	449	550	484	0.953	0.753
LOKIASV2_2712_ESMFold_hypothetical_protein	AF-Q9RPF3-F1-model_v4	AF-Q9RPF3-F1-model_v4 Divalent metal cation transporter MntH 1	1.027E-07	1.000	296	27	488	489	24	432	439	489	0.945	0.932
LOKIASV2_2712_ESMFold_hypothetical_protein	AF-A0A0R0IWZ1-F1-model_v4	AF-A0A0R0IWZ1-F1-model_v4 Uncharacterized protein	1.934E-08	1.000	293	20	488	489	74	495	588	495	0.959	0.718
LOKIASV2_2712_ESMFold_hypothetical_protein	AF-Q21434-F1-model_v4	AF-Q21434-F1-model_v4 NRAMP-like transporter smf-1	7.291E-08	1.000	292	4	483	489	26	483	562	526	0.982	0.815
LOKIASV2_2712_ESMFold_hypothetical_protein	AF-Q0D7E4-F1-model_v4	AF-Q0D7E4-F1-model_v4 Metal transporter Nramp1	7.943E-08	1.000	291	3	489	489	18	445	518	512	0.996	0.826
LOKIASV2_2712_ESMFold_hypothetical_protein	AF-K7KZ72-F1-model_v4	AF-K7KZ72-F1-model_v4 Uncharacterized protein	1.260E-08	1.000	288	13	484	489	32	453	545	500	0.965	0.774
LOKIASV2_2712_ESMFold_hypothetical_protein	AF-Q553K4-F1-model_v4	AF-Q553K4-F1-model_v4 Natural resistance-associated macrophage protein 2 homolog	1.386E-07	1.000	288	14	488	489	119	545	629	496	0.971	0.679
LOKIASV2_2712_ESMFold_hypothetical_protein	AF-Q9SN36-F1-model_v4	AF-Q9SN36-F1-model_v4 Metal transporter Nramp5	1.219E-07	1.000	286	14	485	489	56	469	530	484	0.965	0.781
LOKIASV2_2712_ESMFold_hypothetical_protein	AF-P49282-F1-model_v4	AF-P49282-F1-model_v4 Natural resistance-associated macrophage protein 2	9.426E-08	1.000	286	15	484	489	52	496	568	518	0.961	0.783
LOKIASV2_2712_ESMFold_hypothetical_protein	AF-Q10Q65-F1-model_v4	AF-Q10Q65-F1-model_v4 Metal transporter Nramp2	9.426E-08	1.000	285	12	488	489	47	475	524	498	0.975	0.819
LOKIASV2_2712_ESMFold_hypothetical_protein	AF-A0A1D6GZH1-F1-model_v4	AF-A0A1D6GZH1-F1-model_v4 Metal transporter Nramp6	1.072E-07	1.000	285	5	485	489	41	462	556	508	0.984	0.759
LOKIASV2_2712_ESMFold_hypothetical_protein	AF-Q9RPF2-F1-model_v4	AF-Q9RPF2-F1-model_v4 Divalent metal cation transporter MntH 2	6.471E-07	1.000	283	14	488	489	13	433	438	493	0.971	0.961
LOKIASV2_2712_ESMFold_hypothetical_protein	AF-O54902-F1-model_v4	AF-O54902-F1-model_v4 Natural resistance-associated macrophage protein 2	2.219E-07	1.000	282	15	484	489	52	496	568	520	0.961	0.783
LOKIASV2_2712_ESMFold_hypothetical_protein	AF-Q5QN13-F1-model_v4	AF-Q5QN13-F1-model_v4 Metal transporter Nramp4	1.446E-07	1.000	281	18	488	489	49	478	550	502	0.963	0.782
LOKIASV2_2712_ESMFold_hypothetical_protein	AF-Q9FN18-F1-model_v4	AF-Q9FN18-F1-model_v4 Metal transporter Nramp4	1.328E-07	1.000	280	26	489	489	43	462	512	484	0.949	0.820
LOKIASV2_2712_ESMFold_hypothetical_protein	AF-I1MVR0-F1-model_v4	AF-I1MVR0-F1-model_v4 Uncharacterized protein	2.633E-07	1.000	280	27	486	489	49	464	516	479	0.941	0.806
LOKIASV2_2712_ESMFold_hypothetical_protein	AF-Q2G2G3-F1-model_v4	AF-Q2G2G3-F1-model_v4 Divalent metal cation transporter MntH	1.328E-07	1.000	278	27	484	489	23	442	450	490	0.937	0.933
LOKIASV2_2712_ESMFold_hypothetical_protein	AF-K7KZX0-F1-model_v4	AF-K7KZX0-F1-model_v4 Uncharacterized protein	1.219E-07	1.000	278	6	488	489	53	505	557	518	0.988	0.813
LOKIASV2_2712_ESMFold_hypothetical_protein	AF-A0A5S6PAN2-F1-model_v4	AF-A0A5S6PAN2-F1-model_v4 Bm13827	9.838E-08	1.000	278	7	489	489	30	498	580	532	0.988	0.809
LOKIASV2_2712_ESMFold_hypothetical_protein	AF-P49283-F1-model_v4	AF-P49283-F1-model_v4 Protein Malvolio	6.985E-08	1.000	278	14	484	489	56	508	596	511	0.963	0.760
LOKIASV2_2712_ESMFold_hypothetical_protein	AF-P49281-F1-model_v4	AF-P49281-F1-model_v4 Natural resistance-associated macrophage protein 2	2.869E-07	1.000	277	8	488	489	44	510	568	542	0.984	0.822
LOKIASV2_2712_ESMFold_hypothetical_protein	AF-Q6ZG85-F1-model_v4	AF-Q6ZG85-F1-model_v4 Metal transporter NRAT1	7.291E-08	1.000	276	1	484	489	24	456	545	508	0.990	0.794
LOKIASV2_2712_ESMFold_hypothetical_protein	AF-P38925-F1-model_v4	AF-P38925-F1-model_v4 Manganese transporter SMF1	1.446E-07	1.000	276	2	488	489	25	562	575	579	0.996	0.936
LOKIASV2_2712_ESMFold_hypothetical_protein	AF-Q9SAH8-F1-model_v4	AF-Q9SAH8-F1-model_v4 Metal transporter Nramp1	3.521E-08	1.000	275	27	484	489	38	451	532	484	0.937	0.778
LOKIASV2_2712_ESMFold_hypothetical_protein	AF-A0A1D8PLB0-F1-model_v4	AF-A0A1D8PLB0-F1-model_v4 Uncharacterized protein	4.553E-08	1.000	275	20	488	489	49	564	577	560	0.959	0.894
LOKIASV2_2712_ESMFold_hypothetical_protein	AF-G4VAD4-F1-model_v4	AF-G4VAD4-F1-model_v4 Putative divalent metal transporter DMT1B	1.386E-07	1.000	273	17	481	489	46	489	583	520	0.951	0.762
LOKIASV2_2712_ESMFold_hypothetical_protein	AF-K7M407-F1-model_v4	AF-K7M407-F1-model_v4 Uncharacterized protein	4.362E-08	1.000	272	14	484	489	29	452	544	493	0.963	0.779
LOKIASV2_2712_ESMFold_hypothetical_protein	AF-A0A2K6W5S5-F1-model_v4	AF-A0A2K6W5S5-F1-model_v4 Uncharacterized protein	4.041E-07	1.000	272	15	489	489	55	506	588	516	0.971	0.769
LOKIASV2_2712_ESMFold_hypothetical_protein	AF-A0A5S6PAM6-F1-model_v4	AF-A0A5S6PAM6-F1-model_v4 Bm13827	1.328E-07	1.000	271	15	489	489	18	469	551	518	0.971	0.820
LOKIASV2_2712_ESMFold_hypothetical_protein	AF-Q10177-F1-model_v4	AF-Q10177-F1-model_v4 Manganese transporter pdt1	1.870E-07	1.000	270	31	488	489	67	510	521	496	0.937	0.852
LOKIASV2_2712_ESMFold_hypothetical_protein	AF-I1MCB0-F1-model_v4	AF-I1MCB0-F1-model_v4 Uncharacterized protein	5.639E-08	1.000	267	13	484	489	31	452	546	496	0.965	0.773
LOKIASV2_2712_ESMFold_hypothetical_protein	AF-I1J9B4-F1-model_v4	AF-I1J9B4-F1-model_v4 Uncharacterized protein	7.358E-07	1.000	266	14	486	489	22	455	507	501	0.967	0.856
LOKIASV2_2712_ESMFold_hypothetical_protein	AF-A0A1D6KY99-F1-model_v4	AF-A0A1D6KY99-F1-model_v4 Metal transporter Nramp3	4.402E-07	1.000	266	2	482	489	67	490	540	496	0.984	0.785
LOKIASV2_2712_ESMFold_hypothetical_protein	AF-Q5ACZ8-F1-model_v4	AF-Q5ACZ8-F1-model_v4 Putative divalent metal ion transporter	2.417E-07	1.000	264	26	488	489	6	506	514	556	0.947	0.975
LOKIASV2_2712_ESMFold_hypothetical_protein	AF-I1LH97-F1-model_v4	AF-I1LH97-F1-model_v4 Uncharacterized protein	5.452E-07	1.000	261	14	485	489	22	447	506	498	0.965	0.842
LOKIASV2_2712_ESMFold_hypothetical_protein	AF-B8A0P9-F1-model_v4	AF-B8A0P9-F1-model_v4 Metal transporter Nramp3	6.200E-07	1.000	261	24	489	489	51	472	516	488	0.953	0.818
LOKIASV2_2712_ESMFold_hypothetical_protein	AF-I1K839-F1-model_v4	AF-I1K839-F1-model_v4 Uncharacterized protein	9.512E-07	1.000	260	2	488	489	24	472	522	516	0.996	0.860
LOKIASV2_2712_ESMFold_hypothetical_protein	AF-Q9C6B2-F1-model_v4	AF-Q9C6B2-F1-model_v4 Metal transporter Nramp2	1.036E-06	1.000	259	20	488	489	57	477	530	486	0.959	0.794
LOKIASV2_2712_ESMFold_hypothetical_protein	AF-Q21433-F1-model_v4	AF-Q21433-F1-model_v4 NRAMP-like transporter smf-2	4.041E-07	1.000	259	14	488	489	23	471	546	524	0.971	0.822
LOKIASV2_2712_ESMFold_hypothetical_protein	AF-Q95XG8-F1-model_v4	AF-Q95XG8-F1-model_v4 NRAMP-like transporter smf-3	2.994E-07	1.000	259	13	483	489	24	475	560	521	0.963	0.807
LOKIASV2_2712_ESMFold_hypothetical_protein	AF-A0A1D6KEM9-F1-model_v4	AF-A0A1D6KEM9-F1-model_v4 Metal transporter Nramp3	6.200E-07	1.000	258	21	481	489	75	513	566	497	0.943	0.776
LOKIASV2_2712_ESMFold_hypothetical_protein	AF-Q8H4H5-F1-model_v4	AF-Q8H4H5-F1-model_v4 Metal transporter Nramp5	3.125E-07	1.000	257	29	489	489	37	454	538	479	0.943	0.777
LOKIASV2_2712_ESMFold_hypothetical_protein	AF-A0A1C1D0D4-F1-model_v4	AF-A0A1C1D0D4-F1-model_v4 Manganese transporter SMF1	1.072E-07	1.000	257	20	487	489	90	550	561	517	0.957	0.822
LOKIASV2_2712_ESMFold_hypothetical_protein	AF-A0A3Q0KJR9-F1-model_v4	AF-A0A3Q0KJR9-F1-model_v4 Putative divalent metal transporter DMT1B	5.940E-07	1.000	257	16	483	489	45	498	590	530	0.957	0.769
LOKIASV2_2712_ESMFold_hypothetical_protein	AF-Q9SNV9-F1-model_v4	AF-Q9SNV9-F1-model_v4 Metal transporter Nramp3	6.200E-07	1.000	255	6	486	489	34	463	509	495	0.984	0.845
LOKIASV2_2712_ESMFold_hypothetical_protein	AF-A0A0K0DV27-F1-model_v4	AF-A0A0K0DV27-F1-model_v4 Uncharacterized protein	2.869E-07	1.000	253	1	487	489	1	473	542	544	0.996	0.873
LOKIASV2_2712_ESMFold_hypothetical_protein	AF-A0A0K0DXH7-F1-model_v4	AF-A0A0K0DXH7-F1-model_v4 Uncharacterized protein	1.129E-06	1.000	250	17	488	489	31	475	552	514	0.965	0.806
LOKIASV2_2712_ESMFold_hypothetical_protein	AF-Q8I3M7-F1-model_v4	AF-Q8I3M7-F1-model_v4 Divalent metal transporter, putative	4.402E-07	1.000	249	5	482	489	210	635	684	504	0.978	0.623
LOKIASV2_2712_ESMFold_hypothetical_protein	AF-O25239-F1-model_v4	AF-O25239-F1-model_v4 Transporter	2.126E-07	1.000	248	39	487	489	7	441	442	509	0.918	0.984
LOKIASV2_2712_ESMFold_hypothetical_protein	AF-A0A5K4EJW2-F1-model_v4	AF-A0A5K4EJW2-F1-model_v4 Putative divalent metal transporter DMT1B	3.022E-06	1.000	248	6	481	489	39	500	594	531	0.973	0.778
LOKIASV2_2712_ESMFold_hypothetical_protein	AF-I1MKM5-F1-model_v4	AF-I1MKM5-F1-model_v4 Uncharacterized protein	1.459E-06	1.000	247	12	488	489	79	507	559	493	0.975	0.767
LOKIASV2_2712_ESMFold_hypothetical_protein	AF-Q9I4I8-F1-model_v4	AF-Q9I4I8-F1-model_v4 Probable amino acid permease	2.239E-06	1.000	245	3	486	489	5	440	496	503	0.990	0.879
LOKIASV2_2712_ESMFold_hypothetical_protein	AF-Q58596-F1-model_v4	AF-Q58596-F1-model_v4 Putative amino-acid transporter MJ1196	1.178E-06	1.000	244	39	488	489	6	361	366	459	0.920	0.973
LOKIASV2_2712_ESMFold_hypothetical_protein	AF-P41251-F1-model_v4	AF-P41251-F1-model_v4 Natural resistance-associated macrophage protein 1	9.114E-07	1.000	244	15	488	489	37	482	548	519	0.969	0.814
LOKIASV2_2712_ESMFold_hypothetical_protein	AF-Q12078-F1-model_v4	AF-Q12078-F1-model_v4 Iron transporter SMF3	1.732E-06	1.000	241	32	489	489	7	468	473	519	0.937	0.977
LOKIASV2_2712_ESMFold_hypothetical_protein	AF-A0A1D6F612-F1-model_v4	AF-A0A1D6F612-F1-model_v4 Metal transporter Nramp6	6.200E-07	1.000	240	15	483	489	68	493	569	502	0.959	0.749
LOKIASV2_2712_ESMFold_hypothetical_protein	AF-X8F5Q0-F1-model_v4	AF-X8F5Q0-F1-model_v4 Natural resistance-associated macrophage family protein	1.284E-06	1.000	239	28	481	489	21	422	431	480	0.928	0.933
LOKIASV2_2712_ESMFold_hypothetical_protein	AF-Q0D8I9-F1-model_v4	AF-Q0D8I9-F1-model_v4 Protein ETHYLENE-INSENSITIVE 2	2.337E-06	1.000	239	20	486	489	10	419	1281	488	0.955	0.320
LOKIASV2_2712_ESMFold_hypothetical_protein	AF-Q8TCU3-F1-model_v4	AF-Q8TCU3-F1-model_v4 Solute carrier family 7 member 13	8.015E-07	1.000	238	38	484	489	15	411	470	472	0.914	0.845
LOKIASV2_2712_ESMFold_hypothetical_protein	AF-Q6AXS1-F1-model_v4	AF-Q6AXS1-F1-model_v4 RCG41520, isoform CRA_b	2.417E-07	1.000	237	38	489	489	10	410	478	476	0.924	0.839
LOKIASV2_2712_ESMFold_hypothetical_protein	AF-A0A0D2GY14-F1-model_v4	AF-A0A0D2GY14-F1-model_v4 Unplaced genomic scaffold supercont1.6, whole genome shotgun sequence	4.217E-07	1.000	237	5	488	489	83	553	563	537	0.990	0.837
LOKIASV2_2712_ESMFold_hypothetical_protein	AF-P63340-F1-model_v4	AF-P63340-F1-model_v4 Inner membrane transport protein YqeG	3.743E-06	1.000	235	26	481	489	1	408	409	484	0.933	0.998
LOKIASV2_2712_ESMFold_hypothetical_protein	AF-P77400-F1-model_v4	AF-P77400-F1-model_v4 Inner membrane transport protein YbaT	1.082E-06	1.000	235	39	488	489	18	397	430	468	0.920	0.884
LOKIASV2_2712_ESMFold_hypothetical_protein	AF-A0A0H3GH59-F1-model_v4	AF-A0A0H3GH59-F1-model_v4 Putative transport	1.340E-06	1.000	234	21	486	489	2	388	416	482	0.953	0.930
LOKIASV2_2712_ESMFold_hypothetical_protein	AF-Q32CC2-F1-model_v4	AF-Q32CC2-F1-model_v4 Probable serine transporter	2.546E-06	1.000	232	31	489	489	19	429	429	482	0.939	0.958
LOKIASV2_2712_ESMFold_hypothetical_protein	AF-Q32J64-F1-model_v4	AF-Q32J64-F1-model_v4 Putative amino acid/amine transport protein	1.340E-06	1.000	232	39	488	489	18	397	430	467	0.920	0.884
LOKIASV2_2712_ESMFold_hypothetical_protein	AF-A0A077ZQA7-F1-model_v4	AF-A0A077ZQA7-F1-model_v4 AA permease domain containing protein	1.459E-06	1.000	232	39	484	489	19	433	489	477	0.912	0.849
LOKIASV2_2712_ESMFold_hypothetical_protein	AF-Q2QN30-F1-model_v4	AF-Q2QN30-F1-model_v4 Metal transporter Nramp6	2.056E-06	1.000	232	20	481	489	67	488	541	495	0.945	0.780
LOKIASV2_2712_ESMFold_hypothetical_protein	AF-Q4DQF4-F1-model_v4	AF-Q4DQF4-F1-model_v4 Amino acid permease/transporter, putative	5.940E-07	1.000	230	5	485	489	15	453	503	519	0.984	0.873
LOKIASV2_2712_ESMFold_hypothetical_protein	AF-A0A0D2FHR9-F1-model_v4	AF-A0A0D2FHR9-F1-model_v4 Unplaced genomic scaffold supercont1.1, whole genome shotgun sequence	1.284E-06	1.000	230	38	486	489	69	490	540	485	0.918	0.781
LOKIASV2_2712_ESMFold_hypothetical_protein	AF-F1M163-F1-model_v4	AF-F1M163-F1-model_v4 Similar to solute carrier family 7 (cationic amino acid transporter, y+ system), member 12	4.041E-07	1.000	229	36	489	489	9	410	465	481	0.928	0.865
LOKIASV2_2712_ESMFold_hypothetical_protein	AF-Q2FYU8-F1-model_v4	AF-Q2FYU8-F1-model_v4 AA_permease domain-containing protein	1.590E-06	1.000	229	39	482	489	12	428	484	476	0.908	0.862
LOKIASV2_2712_ESMFold_hypothetical_protein	AF-Q9HVG3-F1-model_v4	AF-Q9HVG3-F1-model_v4 Lysine-specific permease	3.586E-06	1.000	229	39	482	489	18	430	487	476	0.908	0.848
LOKIASV2_2712_ESMFold_hypothetical_protein	AF-O25240-F1-model_v4	AF-O25240-F1-model_v4 Sodium-and chloride-dependent transporter	8.732E-07	1.000	228	40	484	489	7	438	442	516	0.910	0.977
LOKIASV2_2712_ESMFold_hypothetical_protein	AF-P38778-F1-model_v4	AF-P38778-F1-model_v4 Manganese transporter SMF2	1.590E-06	1.000	228	20	488	489	34	536	549	561	0.959	0.916
LOKIASV2_2712_ESMFold_hypothetical_protein	AF-Q9I2I8-F1-model_v4	AF-Q9I2I8-F1-model_v4 Probable amino acid permease	1.675E-05	1.000	227	9	487	489	2	399	410	496	0.980	0.971
LOKIASV2_2712_ESMFold_hypothetical_protein	AF-Q328C6-F1-model_v4	AF-Q328C6-F1-model_v4 Putative transport	3.743E-06	1.000	227	38	486	489	10	388	415	465	0.918	0.913
LOKIASV2_2712_ESMFold_hypothetical_protein	AF-A0A077Z9S4-F1-model_v4	AF-A0A077Z9S4-F1-model_v4 AA permease 2 domain containing protein	3.743E-06	1.000	227	38	486	489	10	388	418	465	0.918	0.907
LOKIASV2_2712_ESMFold_hypothetical_protein	AF-P39277-F1-model_v4	AF-P39277-F1-model_v4 L-methionine/branched-chain amino acid exporter YjeH	3.743E-06	1.000	227	38	486	489	10	388	418	465	0.918	0.907
LOKIASV2_2712_ESMFold_hypothetical_protein	AF-F1QYD9-F1-model_v4	AF-F1QYD9-F1-model_v4 Solute carrier family 7 member 8b	1.036E-06	1.000	226	4	488	489	3	442	510	518	0.992	0.863
LOKIASV2_2712_ESMFold_hypothetical_protein	AF-O24946-F1-model_v4	AF-O24946-F1-model_v4 Serine transporter (SdaC)	1.473E-05	1.000	225	26	489	489	8	411	413	492	0.949	0.978
LOKIASV2_2712_ESMFold_hypothetical_protein	AF-Q6AYR7-F1-model_v4	AF-Q6AYR7-F1-model_v4 Solute carrier family 7 (Cationic amino acid transporter, y+ system), member 12	7.358E-07	1.000	224	38	489	489	9	410	472	477	0.924	0.852
LOKIASV2_2712_ESMFold_hypothetical_protein	AF-P25737-F1-model_v4	AF-P25737-F1-model_v4 Lysine-specific permease	2.056E-06	1.000	224	14	482	489	4	431	489	496	0.959	0.875
LOKIASV2_2712_ESMFold_hypothetical_protein	AF-Q9I2S6-F1-model_v4	AF-Q9I2S6-F1-model_v4 Probable amino acid permease	3.292E-06	1.000	223	38	486	489	14	413	451	479	0.918	0.887
LOKIASV2_2712_ESMFold_hypothetical_protein	AF-Q32EQ4-F1-model_v4	AF-Q32EQ4-F1-model_v4 Lysine-specific permease	1.459E-06	1.000	223	20	484	489	10	433	489	495	0.951	0.867
LOKIASV2_2712_ESMFold_hypothetical_protein	AF-A0A1D8PFT1-F1-model_v4	AF-A0A1D8PFT1-F1-model_v4 Divalent metal ion transporter	1.284E-06	1.000	223	39	451	489	3	466	651	501	0.845	0.713
LOKIASV2_2712_ESMFold_hypothetical_protein	AF-A0A0K0E532-F1-model_v4	AF-A0A0K0E532-F1-model_v4 Uncharacterized protein	8.015E-07	1.000	221	39	485	489	22	419	481	471	0.914	0.827
LOKIASV2_2712_ESMFold_hypothetical_protein	AF-Q19151-F1-model_v4	AF-Q19151-F1-model_v4 Amino Acid Transporter	1.459E-06	1.000	221	39	485	489	21	422	483	476	0.914	0.832
LOKIASV2_2712_ESMFold_hypothetical_protein	AF-Q92536-F1-model_v4	AF-Q92536-F1-model_v4 Y+L amino acid transporter 2	1.398E-06	1.000	221	20	485	489	25	442	515	503	0.953	0.812
LOKIASV2_2712_ESMFold_hypothetical_protein	AF-A0A0H3GK70-F1-model_v4	AF-A0A0H3GK70-F1-model_v4 Putative amino acid/amine transport protein	3.292E-06	1.000	220	38	488	489	15	426	459	476	0.922	0.898
LOKIASV2_2712_ESMFold_hypothetical_protein	AF-Q5RKI7-F1-model_v4	AF-Q5RKI7-F1-model_v4 Solute carrier family 7 member 13	5.272E-06	1.000	220	42	484	489	19	413	479	464	0.906	0.825
LOKIASV2_2712_ESMFold_hypothetical_protein	AF-Q50E62-F1-model_v4	AF-Q50E62-F1-model_v4 Aromatic-preferring amino acid transporter	5.743E-06	1.000	220	39	488	489	33	434	488	472	0.920	0.824
LOKIASV2_2712_ESMFold_hypothetical_protein	AF-F1QGJ2-F1-model_v4	AF-F1QGJ2-F1-model_v4 Solute carrier family 7 member 9	2.337E-06	1.000	220	39	488	489	38	436	492	473	0.920	0.811
LOKIASV2_2712_ESMFold_hypothetical_protein	AF-Q8ZKC0-F1-model_v4	AF-Q8ZKC0-F1-model_v4 Putative transporter	3.586E-06	1.000	218	39	486	489	10	388	413	467	0.916	0.918
LOKIASV2_2712_ESMFold_hypothetical_protein	AF-A0A3P7DLL6-F1-model_v4	AF-A0A3P7DLL6-F1-model_v4 Uncharacterized protein	2.440E-06	1.000	218	39	486	489	20	418	478	480	0.916	0.835
LOKIASV2_2712_ESMFold_hypothetical_protein	AF-A0A044VCS6-F1-model_v4	AF-A0A044VCS6-F1-model_v4 Uncharacterized protein	3.022E-06	1.000	218	39	486	489	20	418	478	475	0.916	0.835
LOKIASV2_2712_ESMFold_hypothetical_protein	AF-Q9QXA6-F1-model_v4	AF-Q9QXA6-F1-model_v4 b(0,+)-type amino acid transporter 1	1.340E-06	1.000	218	1	488	489	1	430	487	523	0.998	0.883
LOKIASV2_2712_ESMFold_hypothetical_protein	AF-A0A0B4KHK8-F1-model_v4	AF-A0A0B4KHK8-F1-model_v4 Uncharacterized protein, isoform C	9.114E-07	1.000	218	20	488	489	25	447	507	502	0.959	0.834
LOKIASV2_2712_ESMFold_hypothetical_protein	AF-P63115-F1-model_v4	AF-P63115-F1-model_v4 Asc-type amino acid transporter 1	1.230E-06	1.000	218	21	488	489	25	449	530	499	0.957	0.802
LOKIASV2_2712_ESMFold_hypothetical_protein	AF-Q8ZNC7-F1-model_v4	AF-Q8ZNC7-F1-model_v4 Putative amino acid transporter	2.895E-06	1.000	217	37	486	489	23	429	468	486	0.920	0.870
LOKIASV2_2712_ESMFold_hypothetical_protein	AF-Q9Z1K8-F1-model_v4	AF-Q9Z1K8-F1-model_v4 Y+L amino acid transporter 1	1.230E-06	1.000	217	39	485	489	40	435	510	480	0.914	0.776
LOKIASV2_2712_ESMFold_hypothetical_protein	AF-Q9UM01-F1-model_v4	AF-Q9UM01-F1-model_v4 Y+L amino acid transporter 1	1.523E-06	1.000	217	39	485	489	39	434	511	475	0.914	0.775
LOKIASV2_2712_ESMFold_hypothetical_protein	AF-Q9NS82-F1-model_v4	AF-Q9NS82-F1-model_v4 Asc-type amino acid transporter 1	3.586E-06	1.000	217	21	488	489	19	443	523	499	0.957	0.813
LOKIASV2_2712_ESMFold_hypothetical_protein	AF-A0A0D2DF51-F1-model_v4	AF-A0A0D2DF51-F1-model_v4 Unplaced genomic scaffold supercont1.7, whole genome shotgun sequence	1.523E-06	1.000	217	1	485	489	3	468	525	548	0.992	0.888
LOKIASV2_2712_ESMFold_hypothetical_protein	AF-Q8ZK77-F1-model_v4	AF-Q8ZK77-F1-model_v4 APC family D-alanine/D-serine/glycine transport protein	3.743E-06	1.000	216	20	485	489	6	432	469	513	0.953	0.910
LOKIASV2_2712_ESMFold_hypothetical_protein	AF-A0A0J9Y4Y3-F1-model_v4	AF-A0A0J9Y4Y3-F1-model_v4 BMA-AAT-2, isoform b	3.154E-06	1.000	216	39	486	489	20	418	478	478	0.916	0.835
LOKIASV2_2712_ESMFold_hypothetical_protein	AF-Q7AQ74-F1-model_v4	AF-Q7AQ74-F1-model_v4 Probable L-asparagine permease	3.743E-06	1.000	216	21	485	489	3	439	498	506	0.951	0.878
LOKIASV2_2712_ESMFold_hypothetical_protein	AF-A0A0H3GW42-F1-model_v4	AF-A0A0H3GW42-F1-model_v4 Lysine transporter	2.658E-06	1.000	215	13	482	489	3	431	489	500	0.961	0.877
LOKIASV2_2712_ESMFold_hypothetical_protein	AF-Q8BGK6-F1-model_v4	AF-Q8BGK6-F1-model_v4 Y+L amino acid transporter 2	1.659E-06	1.000	215	21	485	489	24	442	515	500	0.951	0.814
LOKIASV2_2712_ESMFold_hypothetical_protein	AF-A0A0R4IFJ3-F1-model_v4	AF-A0A0R4IFJ3-F1-model_v4 Solute carrier family 7 member 5	1.659E-06	1.000	215	2	485	489	17	465	523	528	0.990	0.859
LOKIASV2_2712_ESMFold_hypothetical_protein	AF-A0A1C1CMC6-F1-model_v4	AF-A0A1C1CMC6-F1-model_v4 Putative proline-specific permease put4	1.459E-06	1.000	215	20	486	489	9	473	552	520	0.955	0.842
LOKIASV2_2712_ESMFold_hypothetical_protein	AF-G4VHR0-F1-model_v4	AF-G4VHR0-F1-model_v4 Putative cationic amino acid transporter	1.590E-06	1.000	214	20	489	489	8	428	481	514	0.961	0.875
LOKIASV2_2712_ESMFold_hypothetical_protein	AF-A0A077ZEK4-F1-model_v4	AF-A0A077ZEK4-F1-model_v4 Amino acid permease	2.658E-06	1.000	214	14	488	489	13	451	509	513	0.971	0.862
LOKIASV2_2712_ESMFold_hypothetical_protein	AF-Q32BK1-F1-model_v4	AF-Q32BK1-F1-model_v4 Threonine/serine transporter TdcC	7.750E-06	1.000	213	32	488	489	8	440	443	499	0.935	0.977
LOKIASV2_2712_ESMFold_hypothetical_protein	AF-P45320-F1-model_v4	AF-P45320-F1-model_v4 Uncharacterized sodium-dependent transporter HI_1690	6.754E-07	1.000	213	37	488	489	15	454	457	513	0.924	0.963
LOKIASV2_2712_ESMFold_hypothetical_protein	AF-Q32J11-F1-model_v4	AF-Q32J11-F1-model_v4 Phenylalanine-specific transport system	7.425E-06	1.000	213	14	485	489	10	427	458	506	0.965	0.913
LOKIASV2_2712_ESMFold_hypothetical_protein	AF-A5PN01-F1-model_v4	AF-A5PN01-F1-model_v4 Si:dkeyp-120h9.1	2.546E-06	1.000	213	39	485	489	18	413	487	478	0.914	0.813
LOKIASV2_2712_ESMFold_hypothetical_protein	AF-Q8ZNK9-F1-model_v4	AF-Q8ZNK9-F1-model_v4 APC family lysine-specific permease	5.743E-06	1.000	213	39	482	489	19	431	489	480	0.908	0.845
LOKIASV2_2712_ESMFold_hypothetical_protein	AF-Q54KK5-F1-model_v4	AF-Q54KK5-F1-model_v4 Uncharacterized protein	5.691E-07	1.000	213	20	488	489	16	458	504	518	0.959	0.879
LOKIASV2_2712_ESMFold_hypothetical_protein	AF-U7PIP8-F1-model_v4	AF-U7PIP8-F1-model_v4 Uncharacterized protein	4.078E-06	1.000	213	40	485	489	76	487	608	480	0.912	0.678
LOKIASV2_2712_ESMFold_hypothetical_protein	AF-A0A0K0DW58-F1-model_v4	AF-A0A0K0DW58-F1-model_v4 Uncharacterized protein	1.398E-06	1.000	213	5	488	489	201	683	1222	551	0.990	0.395
LOKIASV2_2712_ESMFold_hypothetical_protein	AF-P60066-F1-model_v4	AF-P60066-F1-model_v4 Arginine/agmatine antiporter	6.816E-06	1.000	212	12	489	489	4	404	445	487	0.978	0.901
LOKIASV2_2712_ESMFold_hypothetical_protein	AF-P37460-F1-model_v4	AF-P37460-F1-model_v4 Proline-specific permease ProY	1.139E-05	1.000	212	42	485	489	16	418	456	471	0.908	0.884
LOKIASV2_2712_ESMFold_hypothetical_protein	AF-A0A132Z833-F1-model_v4	AF-A0A132Z833-F1-model_v4 Amino acid permease	3.154E-06	1.000	212	39	488	489	12	438	456	492	0.920	0.936
LOKIASV2_2712_ESMFold_hypothetical_protein	AF-Q8VIE6-F1-model_v4	AF-Q8VIE6-F1-model_v4 Asc-type amino acid transporter 2	2.774E-06	1.000	212	39	488	489	9	407	465	474	0.920	0.858
LOKIASV2_2712_ESMFold_hypothetical_protein	AF-A0A0H3GQP6-F1-model_v4	AF-A0A0H3GQP6-F1-model_v4 D-alanine/D-serine/glycine permease	5.272E-06	1.000	212	20	485	489	12	432	467	504	0.953	0.901
LOKIASV2_2712_ESMFold_hypothetical_protein	AF-Q38DX8-F1-model_v4	AF-Q38DX8-F1-model_v4 Amino acid transporter, putative	1.523E-06	1.000	212	1	486	489	6	438	492	519	0.994	0.880
LOKIASV2_2712_ESMFold_hypothetical_protein	AF-Q4DZK3-F1-model_v4	AF-Q4DZK3-F1-model_v4 Amino acid permease/transporter, putative	2.440E-06	1.000	212	4	485	489	10	452	502	518	0.986	0.882
LOKIASV2_2712_ESMFold_hypothetical_protein	AF-A0A2R8QU29-F1-model_v4	AF-A0A2R8QU29-F1-model_v4 Solute carrier family 7 member 10b	2.895E-06	1.000	212	26	486	489	6	442	521	515	0.943	0.839
LOKIASV2_2712_ESMFold_hypothetical_protein	AF-A0A0K3AVL7-F1-model_v4	AF-A0A0K3AVL7-F1-model_v4 Amino Acid Transporter	2.337E-06	1.000	212	20	489	489	43	473	529	514	0.961	0.815
LOKIASV2_2712_ESMFold_hypothetical_protein	AF-P0AAD8-F1-model_v4	AF-P0AAD8-F1-model_v4 Threonine/serine transporter TdcC	7.750E-06	1.000	211	42	488	489	21	440	443	487	0.914	0.948
LOKIASV2_2712_ESMFold_hypothetical_protein	AF-Q59I64-F1-model_v4	AF-Q59I64-F1-model_v4 Y+L amino acid transporter 2	1.887E-06	1.000	211	39	482	489	9	404	468	474	0.908	0.846
LOKIASV2_2712_ESMFold_hypothetical_protein	AF-P0AAE0-F1-model_v4	AF-P0AAE0-F1-model_v4 D-serine/D-alanine/glycine transporter	3.436E-06	1.000	211	20	485	489	6	432	470	512	0.953	0.909
LOKIASV2_2712_ESMFold_hypothetical_protein	AF-P82252-F1-model_v4	AF-P82252-F1-model_v4 b(0,+)-type amino acid transporter 1	3.586E-06	1.000	211	39	488	489	32	430	487	475	0.920	0.819
LOKIASV2_2712_ESMFold_hypothetical_protein	AF-C0NK82-F1-model_v4	AF-C0NK82-F1-model_v4 High affinity methionine permease	2.145E-06	1.000	211	7	485	489	12	457	529	520	0.980	0.843
LOKIASV2_2712_ESMFold_hypothetical_protein	AF-P63116-F1-model_v4	AF-P63116-F1-model_v4 Asc-type amino acid transporter 1	1.732E-06	1.000	211	24	488	489	28	449	530	500	0.951	0.796
LOKIASV2_2712_ESMFold_hypothetical_protein	AF-Q0PAR6-F1-model_v4	AF-Q0PAR6-F1-model_v4 Transporter	4.442E-06	1.000	210	37	489	489	10	447	447	514	0.926	0.980
LOKIASV2_2712_ESMFold_hypothetical_protein	AF-A0A0H3GP42-F1-model_v4	AF-A0A0H3GP42-F1-model_v4 D-alanine/D-serine/glycine transport protein	1.046E-05	1.000	210	24	489	489	6	438	476	504	0.953	0.910
LOKIASV2_2712_ESMFold_hypothetical_protein	AF-A4IBY1-F1-model_v4	AF-A4IBY1-F1-model_v4 Amino_acid_permease_-_putative	1.002E-05	1.000	210	22	489	489	19	436	517	499	0.957	0.809
LOKIASV2_2712_ESMFold_hypothetical_protein	AF-A0A0D2GK98-F1-model_v4	AF-A0A0D2GK98-F1-model_v4 Unplaced genomic scaffold supercont1.3, whole genome shotgun sequence	2.337E-06	1.000	210	36	485	489	47	464	543	489	0.920	0.770
LOKIASV2_2712_ESMFold_hypothetical_protein	AF-P19145-F1-model_v4	AF-P19145-F1-model_v4 General amino-acid permease GAP1	8.366E-07	1.000	210	12	485	489	54	512	602	526	0.969	0.762
LOKIASV2_2712_ESMFold_hypothetical_protein	AF-P44615-F1-model_v4	AF-P44615-F1-model_v4 Serine transporter	1.473E-05	1.000	209	31	481	489	10	409	412	476	0.922	0.971
LOKIASV2_2712_ESMFold_hypothetical_protein	AF-Q32JF4-F1-model_v4	AF-Q32JF4-F1-model_v4 Proline permease transport protein	9.197E-06	1.000	209	42	485	489	16	418	457	477	0.908	0.882
LOKIASV2_2712_ESMFold_hypothetical_protein	AF-Q9VKC2-F1-model_v4	AF-Q9VKC2-F1-model_v4 Amino acid transporter protein JHI-21	4.078E-06	1.000	209	24	483	489	24	438	500	492	0.941	0.830
LOKIASV2_2712_ESMFold_hypothetical_protein	AF-F1R8V8-F1-model_v4	AF-F1R8V8-F1-model_v4 Solute carrier family 7 member 7	1.969E-06	1.000	209	21	485	489	13	433	501	502	0.951	0.840
LOKIASV2_2712_ESMFold_hypothetical_protein	AF-Q9R0S5-F1-model_v4	AF-Q9R0S5-F1-model_v4 Y+L amino acid transporter 1	2.895E-06	1.000	209	20	482	489	14	437	512	503	0.947	0.828
LOKIASV2_2712_ESMFold_hypothetical_protein	AF-Q4DJK0-F1-model_v4	AF-Q4DJK0-F1-model_v4 Amino acid permease, putative	6.256E-06	1.000	209	13	489	489	14	439	521	498	0.975	0.818
LOKIASV2_2712_ESMFold_hypothetical_protein	AF-A0A0D2GDL2-F1-model_v4	AF-A0A0D2GDL2-F1-model_v4 Unplaced genomic scaffold supercont1.5, whole genome shotgun sequence	8.812E-06	1.000	209	36	486	489	33	452	533	477	0.922	0.788
LOKIASV2_2712_ESMFold_hypothetical_protein	AF-A0A0D2GVA7-F1-model_v4	AF-A0A0D2GVA7-F1-model_v4 Unplaced genomic scaffold supercont1.1, whole genome shotgun sequence	2.337E-06	1.000	209	37	485	489	59	477	568	495	0.918	0.738
LOKIASV2_2712_ESMFold_hypothetical_protein	AF-A0A0N4UH04-F1-model_v4	AF-A0A0N4UH04-F1-model_v4 Uncharacterized protein	1.887E-06	1.000	208	20	484	489	19	433	475	507	0.951	0.874
LOKIASV2_2712_ESMFold_hypothetical_protein	AF-Q9URZ3-F1-model_v4	AF-Q9URZ3-F1-model_v4 Probable proline-specific permease put4	6.530E-06	1.000	208	2	484	489	10	469	552	527	0.988	0.833
LOKIASV2_2712_ESMFold_hypothetical_protein	AF-A0A0D2FFM4-F1-model_v4	AF-A0A0D2FFM4-F1-model_v4 Unplaced genomic scaffold supercont1.1, whole genome shotgun sequence	3.586E-06	1.000	208	5	482	489	10	467	558	529	0.978	0.821
LOKIASV2_2712_ESMFold_hypothetical_protein	AF-P82251-F1-model_v4	AF-P82251-F1-model_v4 b(0,+)-type amino acid transporter 1	2.440E-06	1.000	207	5	489	489	8	431	487	514	0.992	0.871
LOKIASV2_2712_ESMFold_hypothetical_protein	AF-P9WQM9-F1-model_v4	AF-P9WQM9-F1-model_v4 L-asparagine permease 1	9.599E-06	1.000	207	39	485	489	23	430	489	478	0.914	0.834
LOKIASV2_2712_ESMFold_hypothetical_protein	AF-A0A1C1CGG9-F1-model_v4	AF-A0A1C1CGG9-F1-model_v4 Amino-acid permease inda1	4.256E-06	1.000	207	39	485	489	71	510	596	500	0.914	0.738
LOKIASV2_2712_ESMFold_hypothetical_protein	AF-E7F8H5-F1-model_v4	AF-E7F8H5-F1-model_v4 Zmp:0000001267	3.907E-06	1.000	206	12	485	489	3	418	475	499	0.969	0.876
LOKIASV2_2712_ESMFold_hypothetical_protein	AF-D3ZMM8-F1-model_v4	AF-D3ZMM8-F1-model_v4 Solute carrier family 7 (Cationic amino acid transporter, y+ system), member 6 (Predicted)	2.145E-06	1.000	206	20	485	489	27	442	515	510	0.953	0.808
LOKIASV2_2712_ESMFold_hypothetical_protein	AF-Q59RL1-F1-model_v4	AF-Q59RL1-F1-model_v4 Amino acid transporter	2.337E-06	1.000	206	10	485	489	44	486	579	510	0.973	0.765
LOKIASV2_2712_ESMFold_hypothetical_protein	AF-Q54KK2-F1-model_v4	AF-Q54KK2-F1-model_v4 AA_permease domain-containing protein	1.732E-06	1.000	206	39	485	489	146	558	665	479	0.914	0.621
LOKIASV2_2712_ESMFold_hypothetical_protein	AF-K0F4J5-F1-model_v4	AF-K0F4J5-F1-model_v4 Amino acid transporter	4.442E-06	1.000	205	24	483	489	12	413	459	483	0.941	0.876
LOKIASV2_2712_ESMFold_hypothetical_protein	AF-A0A0K0E4A9-F1-model_v4	AF-A0A0K0E4A9-F1-model_v4 Uncharacterized protein	5.272E-06	1.000	205	39	488	489	34	437	494	483	0.920	0.818
LOKIASV2_2712_ESMFold_hypothetical_protein	AF-E7EXU6-F1-model_v4	AF-E7EXU6-F1-model_v4 Solute carrier family 7 member 8a	8.442E-06	1.000	205	39	488	489	41	442	531	480	0.920	0.757
LOKIASV2_2712_ESMFold_hypothetical_protein	AF-C1GXP1-F1-model_v4	AF-C1GXP1-F1-model_v4 Large neutral amino acids transporter small subunit 2	2.440E-06	1.000	205	14	488	489	104	592	646	555	0.971	0.757
LOKIASV2_2712_ESMFold_hypothetical_protein	AF-A0A132PAE8-F1-model_v4	AF-A0A132PAE8-F1-model_v4 Amino acid permease	5.502E-06	1.000	204	26	488	489	6	434	449	508	0.947	0.955
LOKIASV2_2712_ESMFold_hypothetical_protein	AF-P0AAE2-F1-model_v4	AF-P0AAE2-F1-model_v4 Proline-specific permease ProY	1.605E-05	1.000	204	42	485	489	16	418	457	474	0.908	0.882
LOKIASV2_2712_ESMFold_hypothetical_protein	AF-Q9HUI4-F1-model_v4	AF-Q9HUI4-F1-model_v4 Probable amino acid permease	7.750E-06	1.000	204	42	489	489	17	429	470	488	0.916	0.879
LOKIASV2_2712_ESMFold_hypothetical_protein	AF-G8JL19-F1-model_v4	AF-G8JL19-F1-model_v4 Solute carrier family 7 member 10a	4.636E-06	1.000	204	5	488	489	14	442	511	509	0.990	0.840
LOKIASV2_2712_ESMFold_hypothetical_protein	AF-Q91WN3-F1-model_v4	AF-Q91WN3-F1-model_v4 Solute carrier family 7 member 13	6.530E-06	1.000	203	27	489	489	1	434	478	504	0.947	0.908
LOKIASV2_2712_ESMFold_hypothetical_protein	AF-A0A077ZAF6-F1-model_v4	AF-A0A077ZAF6-F1-model_v4 Large neutral amino acids transporter small	5.994E-06	1.000	203	14	488	489	8	440	494	511	0.971	0.877
LOKIASV2_2712_ESMFold_hypothetical_protein	AF-A0A1D8PCS6-F1-model_v4	AF-A0A1D8PCS6-F1-model_v4 Hnm4p	4.636E-06	1.000	203	13	486	489	16	455	503	515	0.969	0.875
LOKIASV2_2712_ESMFold_hypothetical_protein	AF-Q0P803-F1-model_v4	AF-Q0P803-F1-model_v4 Amino acid transporter	2.359E-05	1.000	202	27	487	489	3	412	416	488	0.943	0.986
LOKIASV2_2712_ESMFold_hypothetical_protein	AF-A0A0H3GSK4-F1-model_v4	AF-A0A0H3GSK4-F1-model_v4 Proline permease	5.502E-06	1.000	202	37	485	489	14	418	457	482	0.918	0.886
LOKIASV2_2712_ESMFold_hypothetical_protein	AF-A0A1C1CSC7-F1-model_v4	AF-A0A1C1CSC7-F1-model_v4 Putative amino acid transporter	8.812E-06	1.000	202	36	486	489	47	465	546	483	0.922	0.767
LOKIASV2_2712_ESMFold_hypothetical_protein	AF-P0AAE8-F1-model_v4	AF-P0AAE8-F1-model_v4 Probable cadaverine/lysine antiporter	1.987E-05	1.000	201	38	486	489	10	403	444	463	0.918	0.887
LOKIASV2_2712_ESMFold_hypothetical_protein	AF-A0A0H3GQ63-F1-model_v4	AF-A0A0H3GQ63-F1-model_v4 Putative amino acid permease	1.295E-05	1.000	201	25	485	489	6	420	460	491	0.943	0.902
LOKIASV2_2712_ESMFold_hypothetical_protein	AF-P9WQM7-F1-model_v4	AF-P9WQM7-F1-model_v4 L-asparagine permease 2	1.189E-05	1.000	201	28	485	489	3	431	487	498	0.937	0.881
LOKIASV2_2712_ESMFold_hypothetical_protein	AF-Q9UHI5-F1-model_v4	AF-Q9UHI5-F1-model_v4 Large neutral amino acids transporter small subunit 2	7.750E-06	1.000	201	39	486	489	42	441	535	483	0.916	0.748
LOKIASV2_2712_ESMFold_hypothetical_protein	AF-A0A1C1CJJ7-F1-model_v4	AF-A0A1C1CJJ7-F1-model_v4 Amino-acid permease BAT1	5.994E-06	1.000	201	26	485	489	65	508	559	512	0.941	0.794
LOKIASV2_2712_ESMFold_hypothetical_protein	AF-Q9S814-F1-model_v4	AF-Q9S814-F1-model_v4 Ethylene-insensitive protein 2	2.260E-05	1.000	201	29	488	489	8	414	1294	490	0.941	0.315
LOKIASV2_2712_ESMFold_hypothetical_protein	AF-Q2G0V5-F1-model_v4	AF-Q2G0V5-F1-model_v4 Transporter	3.292E-06	1.000	200	39	488	489	11	441	445	508	0.920	0.969
LOKIASV2_2712_ESMFold_hypothetical_protein	AF-Q328J0-F1-model_v4	AF-Q328J0-F1-model_v4 Transporter of D-alanine, D-serine, and glycine	8.812E-06	1.000	200	20	485	489	6	432	470	508	0.953	0.909
LOKIASV2_2712_ESMFold_hypothetical_protein	AF-I1MAW8-F1-model_v4	AF-I1MAW8-F1-model_v4 Uncharacterized protein	8.442E-06	1.000	200	20	484	489	8	422	481	493	0.951	0.863
LOKIASV2_2712_ESMFold_hypothetical_protein	AF-Q9VB75-F1-model_v4	AF-Q9VB75-F1-model_v4 GH08870p	5.502E-06	1.000	200	36	488	489	62	460	517	478	0.926	0.772
LOKIASV2_2712_ESMFold_hypothetical_protein	AF-Q92367-F1-model_v4	AF-Q92367-F1-model_v4 Amino-acid permease 1	4.839E-06	1.000	200	14	485	489	23	479	594	537	0.965	0.769
LOKIASV2_2712_ESMFold_hypothetical_protein	AF-A0A0H3GZU9-F1-model_v4	AF-A0A0H3GZU9-F1-model_v4 Threonine/serine transporter TdcC	2.165E-05	1.000	199	32	484	489	7	439	443	497	0.926	0.977
LOKIASV2_2712_ESMFold_hypothetical_protein	AF-Q9QXW9-F1-model_v4	AF-Q9QXW9-F1-model_v4 Large neutral amino acids transporter small subunit 2	6.816E-06	1.000	199	39	485	489	41	439	531	480	0.914	0.751
LOKIASV2_2712_ESMFold_hypothetical_protein	AF-A0A7I4NLX5-F1-model_v4	AF-A0A7I4NLX5-F1-model_v4 Amino acid permease family protein	4.839E-06	1.000	198	39	489	489	22	425	481	493	0.922	0.840
LOKIASV2_2712_ESMFold_hypothetical_protein	AF-Q63016-F1-model_v4	AF-Q63016-F1-model_v4 Large neutral amino acids transporter small subunit 1	6.816E-06	1.000	198	2	482	489	21	454	512	514	0.984	0.848
LOKIASV2_2712_ESMFold_hypothetical_protein	AF-C0NLU0-F1-model_v4	AF-C0NLU0-F1-model_v4 Choline transporter	1.537E-05	1.000	198	39	486	489	46	470	526	484	0.916	0.808
LOKIASV2_2712_ESMFold_hypothetical_protein	AF-A0A0D2H5D8-F1-model_v4	AF-A0A0D2H5D8-F1-model_v4 Unplaced genomic scaffold supercont1.4, whole genome shotgun sequence	8.442E-06	1.000	198	39	486	489	37	466	558	495	0.916	0.771
LOKIASV2_2712_ESMFold_hypothetical_protein	AF-A0A3Q0KLL4-F1-model_v4	AF-A0A3Q0KLL4-F1-model_v4 Transporter	4.636E-06	1.000	198	20	484	489	25	486	558	529	0.951	0.828
LOKIASV2_2712_ESMFold_hypothetical_protein	AF-A0A1C1CC48-F1-model_v4	AF-A0A1C1CC48-F1-model_v4 Putative amino-acid permease P7G5.06	9.599E-06	1.000	198	14	485	489	2	482	569	542	0.965	0.845
LOKIASV2_2712_ESMFold_hypothetical_protein	AF-A0A077Z9U0-F1-model_v4	AF-A0A077Z9U0-F1-model_v4 B(0,+)-type amino acid transporter 1	1.241E-05	1.000	197	39	489	489	12	404	445	474	0.922	0.883
LOKIASV2_2712_ESMFold_hypothetical_protein	AF-X8FLB8-F1-model_v4	AF-X8FLB8-F1-model_v4 Amino acid permease family protein	3.777E-05	1.000	197	45	485	489	2	403	462	470	0.902	0.870
LOKIASV2_2712_ESMFold_hypothetical_protein	AF-A0A0D2HFL8-F1-model_v4	AF-A0A0D2HFL8-F1-model_v4 Unplaced genomic scaffold supercont1.2, whole genome shotgun sequence	1.904E-05	1.000	197	21	486	489	2	467	528	526	0.953	0.883
LOKIASV2_2712_ESMFold_hypothetical_protein	AF-Q329J3-F1-model_v4	AF-Q329J3-F1-model_v4 Putative amino acid/amine transport protein, cryptic	1.824E-05	1.000	196	12	489	489	4	404	445	499	0.978	0.901
LOKIASV2_2712_ESMFold_hypothetical_protein	AF-K0EVL1-F1-model_v4	AF-K0EVL1-F1-model_v4 Amino acid transporter	1.046E-05	1.000	196	37	486	489	29	454	509	489	0.920	0.837
LOKIASV2_2712_ESMFold_hypothetical_protein	AF-A0A0D2GCS0-F1-model_v4	AF-A0A0D2GCS0-F1-model_v4 Unplaced genomic scaffold supercont1.5, whole genome shotgun sequence	1.189E-05	1.000	196	14	483	489	7	468	540	528	0.961	0.856
LOKIASV2_2712_ESMFold_hypothetical_protein	AF-O60170-F1-model_v4	AF-O60170-F1-model_v4 Probable amino-acid permease meu22	1.284E-06	1.000	196	2	485	489	12	480	574	546	0.990	0.817
LOKIASV2_2712_ESMFold_hypothetical_protein	AF-Q8ZLW1-F1-model_v4	AF-Q8ZLW1-F1-model_v4 Threonine/serine transporter TdcC	4.295E-05	1.000	195	29	484	489	15	439	443	491	0.933	0.959
LOKIASV2_2712_ESMFold_hypothetical_protein	AF-Q8ZR53-F1-model_v4	AF-Q8ZR53-F1-model_v4 APC family, phenylalanene transporter	1.748E-05	1.000	195	14	485	489	3	431	464	511	0.965	0.925
LOKIASV2_2712_ESMFold_hypothetical_protein	AF-A0A0H3GIX7-F1-model_v4	AF-A0A0H3GIX7-F1-model_v4 S-methylmethionine transporter	1.046E-05	1.000	195	21	485	489	10	427	469	501	0.951	0.891
LOKIASV2_2712_ESMFold_hypothetical_protein	AF-F1QSV1-F1-model_v4	AF-F1QSV1-F1-model_v4 Si:ch73-352p4.8	7.114E-06	1.000	195	20	489	489	11	435	492	500	0.961	0.864
LOKIASV2_2712_ESMFold_hypothetical_protein	AF-A0A140LGS0-F1-model_v4	AF-A0A140LGS0-F1-model_v4 Solute carrier family 7 member 11	6.256E-06	1.000	195	21	481	489	18	439	498	497	0.943	0.847
LOKIASV2_2712_ESMFold_hypothetical_protein	AF-Q01650-F1-model_v4	AF-Q01650-F1-model_v4 Large neutral amino acids transporter small subunit 1	7.114E-06	1.000	195	2	482	489	17	449	507	514	0.984	0.854
LOKIASV2_2712_ESMFold_hypothetical_protein	AF-A0A0K0DU66-F1-model_v4	AF-A0A0K0DU66-F1-model_v4 Uncharacterized protein	6.256E-06	1.000	195	14	486	489	25	435	514	497	0.967	0.800
LOKIASV2_2712_ESMFold_hypothetical_protein	AF-A0A0R0IHB2-F1-model_v4	AF-A0A0R0IHB2-F1-model_v4 Uncharacterized protein	3.467E-05	1.000	195	5	485	489	27	462	516	508	0.984	0.845
LOKIASV2_2712_ESMFold_hypothetical_protein	AF-Q08986-F1-model_v4	AF-Q08986-F1-model_v4 S-adenosylmethionine permease SAM3	5.743E-06	1.000	195	39	485	489	79	496	587	484	0.914	0.712
LOKIASV2_2712_ESMFold_hypothetical_protein	AF-A0A0D2EPA5-F1-model_v4	AF-A0A0D2EPA5-F1-model_v4 Unplaced genomic scaffold supercont1.7, whole genome shotgun sequence	8.812E-06	1.000	195	21	488	489	96	575	627	553	0.957	0.766
LOKIASV2_2712_ESMFold_hypothetical_protein	AF-Q8ZN34-F1-model_v4	AF-Q8ZN34-F1-model_v4 APC family lysine/cadaverine transport protein	2.359E-05	1.000	194	38	486	489	10	403	443	466	0.918	0.889
LOKIASV2_2712_ESMFold_hypothetical_protein	AF-K0ETS0-F1-model_v4	AF-K0ETS0-F1-model_v4 Uncharacterized protein	2.359E-05	1.000	194	42	485	489	39	439	474	484	0.908	0.846
LOKIASV2_2712_ESMFold_hypothetical_protein	AF-Q19834-F1-model_v4	AF-Q19834-F1-model_v4 Amino Acid Transporter	5.743E-06	1.000	194	20	488	489	9	436	493	513	0.959	0.868
LOKIASV2_2712_ESMFold_hypothetical_protein	AF-A0A0N4UKH9-F1-model_v4	AF-A0A0N4UKH9-F1-model_v4 Uncharacterized protein	1.473E-05	1.000	194	39	488	489	10	414	527	479	0.920	0.769
LOKIASV2_2712_ESMFold_hypothetical_protein	AF-Q9WVR6-F1-model_v4	AF-Q9WVR6-F1-model_v4 Large neutral amino acids transporter small subunit 2	1.189E-05	1.000	194	39	485	489	43	441	533	484	0.914	0.749
LOKIASV2_2712_ESMFold_hypothetical_protein	AF-A0A0D2GUV2-F1-model_v4	AF-A0A0D2GUV2-F1-model_v4 Unplaced genomic scaffold supercont1.1, whole genome shotgun sequence	5.743E-06	1.000	194	33	481	489	37	466	550	506	0.918	0.782
LOKIASV2_2712_ESMFold_hypothetical_protein	AF-P38084-F1-model_v4	AF-P38084-F1-model_v4 Leu/Val/Ile amino-acid permease	1.473E-05	1.000	194	5	485	489	65	517	609	531	0.984	0.744
LOKIASV2_2712_ESMFold_hypothetical_protein	AF-Q9HY29-F1-model_v4	AF-Q9HY29-F1-model_v4 Probable amino acid permease	1.295E-05	1.000	193	44	485	489	13	401	440	475	0.904	0.884
LOKIASV2_2712_ESMFold_hypothetical_protein	AF-A0A077ZBS4-F1-model_v4	AF-A0A077ZBS4-F1-model_v4 AA permease 2 domain containing protein	1.605E-05	1.000	193	38	486	489	10	403	444	469	0.918	0.887
LOKIASV2_2712_ESMFold_hypothetical_protein	AF-Q55GU7-F1-model_v4	AF-Q55GU7-F1-model_v4 Uncharacterized protein	1.411E-05	1.000	193	38	483	489	29	431	488	484	0.912	0.826
LOKIASV2_2712_ESMFold_hypothetical_protein	AF-A0A1C1CYS1-F1-model_v4	AF-A0A1C1CYS1-F1-model_v4 GABA-specific permease	7.425E-06	1.000	193	7	485	489	13	475	532	531	0.980	0.870
LOKIASV2_2712_ESMFold_hypothetical_protein	AF-Q9P5N2-F1-model_v4	AF-Q9P5N2-F1-model_v4 Amino acid transporter 1	8.442E-06	1.000	193	14	485	489	34	496	579	538	0.965	0.800
LOKIASV2_2712_ESMFold_hypothetical_protein	AF-P44768-F1-model_v4	AF-P44768-F1-model_v4 Putrescine transporter PotE	6.049E-05	1.000	192	14	485	489	4	404	435	489	0.965	0.922
LOKIASV2_2712_ESMFold_hypothetical_protein	AF-Q58026-F1-model_v4	AF-Q58026-F1-model_v4 Uncharacterized protein MJ0609	4.078E-06	1.000	192	44	486	489	13	390	435	476	0.906	0.869
LOKIASV2_2712_ESMFold_hypothetical_protein	AF-Q7AQ73-F1-model_v4	AF-Q7AQ73-F1-model_v4 Probable L-asparagine permease	1.904E-05	1.000	192	21	485	489	3	439	505	508	0.951	0.865
LOKIASV2_2712_ESMFold_hypothetical_protein	AF-Q385A1-F1-model_v4	AF-Q385A1-F1-model_v4 Amino acid permease/transporter, putative	3.907E-06	1.000	192	5	489	489	19	461	507	525	0.992	0.874
LOKIASV2_2712_ESMFold_hypothetical_protein	AF-P38090-F1-model_v4	AF-P38090-F1-model_v4 General amino acid permease AGP2	8.442E-06	1.000	192	20	479	489	62	513	596	521	0.941	0.758
LOKIASV2_2712_ESMFold_hypothetical_protein	AF-A0A175VUT7-F1-model_v4	AF-A0A175VUT7-F1-model_v4 High-affinity methionine permease	1.352E-05	1.000	192	3	485	489	36	542	672	577	0.988	0.754
LOKIASV2_2712_ESMFold_hypothetical_protein	AF-A0A5S6PET7-F1-model_v4	AF-A0A5S6PET7-F1-model_v4 Uncharacterized protein	6.256E-06	1.000	191	24	489	489	2	425	481	514	0.953	0.881
LOKIASV2_2712_ESMFold_hypothetical_protein	AF-D3ZI89-F1-model_v4	AF-D3ZI89-F1-model_v4 Solute carrier family 7 (cationic amino acid transporter, y+ system), member 15	8.812E-06	1.000	191	21	488	489	10	434	488	503	0.957	0.871
LOKIASV2_2712_ESMFold_hypothetical_protein	AF-Q8IR48-F1-model_v4	AF-Q8IR48-F1-model_v4 Sobremesa, isoform B	8.442E-06	1.000	191	18	489	489	58	501	541	514	0.965	0.821
LOKIASV2_2712_ESMFold_hypothetical_protein	AF-A0A1D8PGP7-F1-model_v4	AF-A0A1D8PGP7-F1-model_v4 Uncharacterized protein	2.260E-05	1.000	191	5	485	489	6	476	544	536	0.984	0.866
LOKIASV2_2712_ESMFold_hypothetical_protein	AF-A0A1C1CUQ8-F1-model_v4	AF-A0A1C1CUQ8-F1-model_v4 General amino acid permease AGP2	1.139E-05	1.000	191	2	482	489	48	508	580	533	0.984	0.795
LOKIASV2_2712_ESMFold_hypothetical_protein	AF-A0A175W2S7-F1-model_v4	AF-A0A175W2S7-F1-model_v4 Amino-acid permease inda1	8.812E-06	1.000	191	6	485	489	69	537	631	540	0.982	0.743
LOKIASV2_2712_ESMFold_hypothetical_protein	AF-Q9HT63-F1-model_v4	AF-Q9HT63-F1-model_v4 Probable transporter	1.824E-05	1.000	190	36	485	489	19	411	449	471	0.920	0.875
LOKIASV2_2712_ESMFold_hypothetical_protein	AF-B6TZ59-F1-model_v4	AF-B6TZ59-F1-model_v4 Cationic amino acid transporter	5.796E-05	1.000	190	42	483	489	45	426	480	465	0.904	0.796
LOKIASV2_2712_ESMFold_hypothetical_protein	AF-U7PII5-F1-model_v4	AF-U7PII5-F1-model_v4 Uncharacterized protein	2.074E-05	1.000	190	37	486	489	52	472	524	484	0.920	0.803
LOKIASV2_2712_ESMFold_hypothetical_protein	AF-A0A0D2E1X5-F1-model_v4	AF-A0A0D2E1X5-F1-model_v4 Unplaced genomic scaffold supercont1.2, whole genome shotgun sequence	1.091E-05	1.000	190	1	486	489	14	477	540	530	0.994	0.859
LOKIASV2_2712_ESMFold_hypothetical_protein	AF-Q9HDV2-F1-model_v4	AF-Q9HDV2-F1-model_v4 Uncharacterized amino-acid permease PB2B2.01	3.467E-05	1.000	190	26	485	489	51	497	585	527	0.941	0.764
LOKIASV2_2712_ESMFold_hypothetical_protein	AF-A4HUW5-F1-model_v4	AF-A4HUW5-F1-model_v4 Amino_acid_permease/transporter_-_putative	5.320E-05	1.000	189	47	485	489	1	391	466	472	0.898	0.839
LOKIASV2_2712_ESMFold_hypothetical_protein	AF-Q9UPY5-F1-model_v4	AF-Q9UPY5-F1-model_v4 Cystine/glutamate transporter	2.570E-05	1.000	189	38	488	489	46	444	501	469	0.922	0.796
LOKIASV2_2712_ESMFold_hypothetical_protein	AF-O60113-F1-model_v4	AF-O60113-F1-model_v4 Uncharacterized amino-acid permease C15C4.04c	7.425E-06	1.000	189	21	486	489	16	485	542	539	0.953	0.867
LOKIASV2_2712_ESMFold_hypothetical_protein	AF-A0A0D2GFN3-F1-model_v4	AF-A0A0D2GFN3-F1-model_v4 Unplaced genomic scaffold supercont1.4, whole genome shotgun sequence	1.352E-05	1.000	189	20	481	489	24	474	573	510	0.945	0.787
LOKIASV2_2712_ESMFold_hypothetical_protein	AF-P36029-F1-model_v4	AF-P36029-F1-model_v4 Polyamine transporter TPO5	1.091E-05	1.000	189	7	486	489	20	484	618	541	0.982	0.752
LOKIASV2_2712_ESMFold_hypothetical_protein	AF-A0A132Z694-F1-model_v4	AF-A0A132Z694-F1-model_v4 Amino acid permease	1.748E-05	1.000	188	39	485	489	12	409	443	469	0.914	0.898
LOKIASV2_2712_ESMFold_hypothetical_protein	AF-Q329X4-F1-model_v4	AF-Q329X4-F1-model_v4 Putative amino acid/amine transport protein	2.682E-05	1.000	188	20	488	489	5	436	461	513	0.959	0.937
LOKIASV2_2712_ESMFold_hypothetical_protein	AF-Q9I703-F1-model_v4	AF-Q9I703-F1-model_v4 Probable GABA permease	1.987E-05	1.000	188	24	488	489	2	449	475	517	0.951	0.943
LOKIASV2_2712_ESMFold_hypothetical_protein	AF-Q9LHN7-F1-model_v4	AF-Q9LHN7-F1-model_v4 Probable polyamine transporter At3g13620	2.165E-05	1.000	188	20	485	489	10	421	478	489	0.953	0.862
LOKIASV2_2712_ESMFold_hypothetical_protein	AF-Q9Z127-F1-model_v4	AF-Q9Z127-F1-model_v4 Large neutral amino acids transporter small subunit 1	8.089E-06	1.000	188	2	482	489	20	454	512	522	0.984	0.850
LOKIASV2_2712_ESMFold_hypothetical_protein	AF-A0A0D2GS33-F1-model_v4	AF-A0A0D2GS33-F1-model_v4 Unplaced genomic scaffold supercont1.8, whole genome shotgun sequence	1.411E-05	1.000	188	24	485	489	29	481	532	521	0.945	0.852
LOKIASV2_2712_ESMFold_hypothetical_protein	AF-A0A1C1CDL4-F1-model_v4	AF-A0A1C1CDL4-F1-model_v4 Putative proline-specific permease put4	1.824E-05	1.000	188	21	482	489	20	478	560	525	0.945	0.820
LOKIASV2_2712_ESMFold_hypothetical_protein	AF-P48813-F1-model_v4	AF-P48813-F1-model_v4 High-affinity glutamine permease	3.907E-06	1.000	188	5	485	489	113	571	663	540	0.984	0.692
LOKIASV2_2712_ESMFold_hypothetical_protein	AF-A0A0H3GJN5-F1-model_v4	AF-A0A0H3GJN5-F1-model_v4 Putative phenylalanine-specific permease	3.777E-05	1.000	187	39	485	489	24	426	458	475	0.914	0.880
LOKIASV2_2712_ESMFold_hypothetical_protein	AF-K0F6Y6-F1-model_v4	AF-K0F6Y6-F1-model_v4 L-asparagine permease AnsP1	3.619E-05	1.000	187	29	485	489	1	430	489	499	0.935	0.879
LOKIASV2_2712_ESMFold_hypothetical_protein	AF-D4ADU2-F1-model_v4	AF-D4ADU2-F1-model_v4 Solute carrier family 7 member 11	1.241E-05	1.000	187	38	488	489	46	444	502	475	0.922	0.795
LOKIASV2_2712_ESMFold_hypothetical_protein	AF-A0A0D2FIK0-F1-model_v4	AF-A0A0D2FIK0-F1-model_v4 Unplaced genomic scaffold supercont1.1, whole genome shotgun sequence	3.049E-05	1.000	187	24	486	489	7	457	516	515	0.947	0.874
LOKIASV2_2712_ESMFold_hypothetical_protein	AF-A0A0D2GK18-F1-model_v4	AF-A0A0D2GK18-F1-model_v4 Unplaced genomic scaffold supercont1.3, whole genome shotgun sequence	7.114E-06	1.000	187	5	465	489	52	444	521	477	0.943	0.754
LOKIASV2_2712_ESMFold_hypothetical_protein	AF-A0A1D8PGA9-F1-model_v4	AF-A0A1D8PGA9-F1-model_v4 Hnm1p	6.816E-06	1.000	187	2	483	489	32	474	538	515	0.986	0.823
LOKIASV2_2712_ESMFold_hypothetical_protein	AF-A0A0D2GSX7-F1-model_v4	AF-A0A0D2GSX7-F1-model_v4 Unplaced genomic scaffold supercont1.2, whole genome shotgun sequence	8.442E-06	1.000	187	38	486	489	36	456	549	496	0.918	0.767
LOKIASV2_2712_ESMFold_hypothetical_protein	AF-A0A0D2HAI5-F1-model_v4	AF-A0A0D2HAI5-F1-model_v4 Unplaced genomic scaffold supercont1.3, whole genome shotgun sequence	9.599E-06	1.000	187	24	486	489	30	474	551	513	0.947	0.808
LOKIASV2_2712_ESMFold_hypothetical_protein	AF-A0A0D2DCI8-F1-model_v4	AF-A0A0D2DCI8-F1-model_v4 Unplaced genomic scaffold supercont1.7, whole genome shotgun sequence	1.605E-05	1.000	187	37	486	489	59	479	561	492	0.920	0.750
LOKIASV2_2712_ESMFold_hypothetical_protein	AF-A0A175W4Q9-F1-model_v4	AF-A0A175W4Q9-F1-model_v4 Putative proline-specific permease put4	1.473E-05	1.000	187	39	481	489	52	477	561	490	0.906	0.759
LOKIASV2_2712_ESMFold_hypothetical_protein	AF-P32837-F1-model_v4	AF-P32837-F1-model_v4 GABA-specific permease	8.089E-06	1.000	187	37	486	489	77	501	571	495	0.920	0.744
LOKIASV2_2712_ESMFold_hypothetical_protein	AF-K0EQ22-F1-model_v4	AF-K0EQ22-F1-model_v4 NCS1 family transporter	2.799E-05	1.000	186	39	477	489	30	414	474	462	0.898	0.812
LOKIASV2_2712_ESMFold_hypothetical_protein	AF-A0A1D8PQM7-F1-model_v4	AF-A0A1D8PQM7-F1-model_v4 AA_permease domain-containing protein	3.183E-05	1.000	186	42	486	489	56	472	549	494	0.910	0.760
LOKIASV2_2712_ESMFold_hypothetical_protein	AF-C0NHZ1-F1-model_v4	AF-C0NHZ1-F1-model_v4 Arginine permease	1.189E-05	1.000	186	20	486	489	11	476	556	548	0.955	0.838
LOKIASV2_2712_ESMFold_hypothetical_protein	AF-Q5AG77-F1-model_v4	AF-Q5AG77-F1-model_v4 Amino-acid permease GAP1	1.987E-05	1.000	186	7	485	489	28	492	582	526	0.980	0.799
LOKIASV2_2712_ESMFold_hypothetical_protein	AF-A0A0D2GLD9-F1-model_v4	AF-A0A0D2GLD9-F1-model_v4 Unplaced genomic scaffold supercont1.3, whole genome shotgun sequence	1.987E-05	1.000	186	38	485	489	60	486	600	494	0.916	0.712
LOKIASV2_2712_ESMFold_hypothetical_protein	AF-Q9WTR6-F1-model_v4	AF-Q9WTR6-F1-model_v4 Cystine/glutamate transporter	1.473E-05	1.000	185	24	488	489	28	444	502	492	0.951	0.831
LOKIASV2_2712_ESMFold_hypothetical_protein	AF-P70553-F1-model_v4	AF-P70553-F1-model_v4 Natural resistance-associated macrophage protein 1	9.281E-05	1.000	185	68	488	489	46	441	507	472	0.861	0.781
LOKIASV2_2712_ESMFold_hypothetical_protein	AF-Q7XUT0-F1-model_v4	AF-Q7XUT0-F1-model_v4 Os04g0435100 protein	1.537E-05	1.000	185	9	486	489	11	465	530	531	0.978	0.858
LOKIASV2_2712_ESMFold_hypothetical_protein	AF-A0A175W9S3-F1-model_v4	AF-A0A175W9S3-F1-model_v4 Dicarboxylic amino acid permease	8.442E-06	1.000	185	5	482	489	2	478	536	540	0.978	0.890
LOKIASV2_2712_ESMFold_hypothetical_protein	AF-I1L906-F1-model_v4	AF-I1L906-F1-model_v4 Uncharacterized protein	7.821E-05	1.000	185	27	488	489	10	414	1298	476	0.945	0.312
LOKIASV2_2712_ESMFold_hypothetical_protein	AF-Q9I274-F1-model_v4	AF-Q9I274-F1-model_v4 Probable amino acid permease	3.049E-05	1.000	184	21	486	489	11	414	456	492	0.953	0.886
LOKIASV2_2712_ESMFold_hypothetical_protein	AF-A0A5K4F4A8-F1-model_v4	AF-A0A5K4F4A8-F1-model_v4 Uncharacterized protein	1.605E-05	1.000	184	26	489	489	2	432	485	512	0.949	0.889
LOKIASV2_2712_ESMFold_hypothetical_protein	AF-A0A175W446-F1-model_v4	AF-A0A175W446-F1-model_v4 Amino-acid permease 2	1.241E-05	1.000	184	38	486	489	52	469	542	491	0.918	0.771
LOKIASV2_2712_ESMFold_hypothetical_protein	AF-A0A1C1C896-F1-model_v4	AF-A0A1C1C896-F1-model_v4 Histidine permease	9.599E-06	1.000	184	20	485	489	18	468	554	526	0.953	0.814
LOKIASV2_2712_ESMFold_hypothetical_protein	AF-U7PXY2-F1-model_v4	AF-U7PXY2-F1-model_v4 AA_permease domain-containing protein	2.359E-05	1.000	184	21	486	489	10	477	555	527	0.953	0.843
LOKIASV2_2712_ESMFold_hypothetical_protein	AF-A0A0D2H066-F1-model_v4	AF-A0A0D2H066-F1-model_v4 Unplaced genomic scaffold supercont1.2, whole genome shotgun sequence	1.241E-05	1.000	184	17	482	489	16	478	560	541	0.953	0.827
LOKIASV2_2712_ESMFold_hypothetical_protein	AF-A0A0D2F952-F1-model_v4	AF-A0A0D2F952-F1-model_v4 Unplaced genomic scaffold supercont1.2, whole genome shotgun sequence	7.114E-06	1.000	184	21	481	489	13	485	566	534	0.943	0.836
LOKIASV2_2712_ESMFold_hypothetical_protein	AF-O25596-F1-model_v4	AF-O25596-F1-model_v4 D-alanine glycine permease (DagA)	3.586E-06	1.000	183	10	448	489	44	430	450	468	0.898	0.860
LOKIASV2_2712_ESMFold_hypothetical_protein	AF-Q9HV05-F1-model_v4	AF-Q9HV05-F1-model_v4 Probable amino acid permease	4.295E-05	1.000	183	39	486	489	11	417	465	488	0.916	0.875
LOKIASV2_2712_ESMFold_hypothetical_protein	AF-A0A3P7DWH7-F1-model_v4	AF-A0A3P7DWH7-F1-model_v4 Uncharacterized protein	1.748E-05	1.000	183	39	489	489	22	425	487	486	0.922	0.830
LOKIASV2_2712_ESMFold_hypothetical_protein	AF-P06775-F1-model_v4	AF-P06775-F1-model_v4 Histidine permease	1.824E-05	1.000	183	20	485	489	51	512	603	532	0.953	0.766
LOKIASV2_2712_ESMFold_hypothetical_protein	AF-U7PUP4-F1-model_v4	AF-U7PUP4-F1-model_v4 AA_permease domain-containing protein	4.295E-05	1.000	183	39	485	489	198	613	703	485	0.914	0.592
LOKIASV2_2712_ESMFold_hypothetical_protein	AF-U7PXB6-F1-model_v4	AF-U7PXB6-F1-model_v4 Uncharacterized protein	1.411E-05	1.000	183	13	485	489	56	494	849	513	0.967	0.517
LOKIASV2_2712_ESMFold_hypothetical_protein	AF-Q9I6G9-F1-model_v4	AF-Q9I6G9-F1-model_v4 Probable transporter	1.046E-05	1.000	182	21	488	489	25	423	464	492	0.957	0.860
LOKIASV2_2712_ESMFold_hypothetical_protein	AF-A0A5K4ET74-F1-model_v4	AF-A0A5K4ET74-F1-model_v4 Putative cationic amino acid transporter	1.002E-05	1.000	182	1	486	489	1	428	481	535	0.994	0.890
LOKIASV2_2712_ESMFold_hypothetical_protein	AF-Q22397-F1-model_v4	AF-Q22397-F1-model_v4 Amino acid transporter protein 6	2.260E-05	1.000	182	24	488	489	2	425	523	500	0.951	0.811
LOKIASV2_2712_ESMFold_hypothetical_protein	AF-A0A0D2DX05-F1-model_v4	AF-A0A0D2DX05-F1-model_v4 Unplaced genomic scaffold supercont1.3, whole genome shotgun sequence	8.442E-06	1.000	182	2	481	489	39	506	579	543	0.982	0.808
LOKIASV2_2712_ESMFold_hypothetical_protein	AF-C1GXZ7-F1-model_v4	AF-C1GXZ7-F1-model_v4 High-affinity methionine permease	4.115E-05	1.000	182	25	484	489	49	494	580	519	0.941	0.769
LOKIASV2_2712_ESMFold_hypothetical_protein	AF-P41815-F1-model_v4	AF-P41815-F1-model_v4 Valine amino-acid permease	8.089E-06	1.000	182	2	488	489	44	551	604	578	0.996	0.841
LOKIASV2_2712_ESMFold_hypothetical_protein	AF-Q4D143-F1-model_v4	AF-Q4D143-F1-model_v4 Amino acid permease, putative	3.619E-05	1.000	182	14	485	489	10	451	627	528	0.965	0.705
LOKIASV2_2712_ESMFold_hypothetical_protein	AF-Q8ZPP8-F1-model_v4	AF-Q8ZPP8-F1-model_v4 Putative amino acid permease	8.520E-05	1.000	181	37	482	489	10	406	447	470	0.912	0.888
LOKIASV2_2712_ESMFold_hypothetical_protein	AF-Q2FXN2-F1-model_v4	AF-Q2FXN2-F1-model_v4 AA_permease domain-containing protein	6.314E-05	1.000	181	39	489	489	11	420	453	468	0.922	0.905
LOKIASV2_2712_ESMFold_hypothetical_protein	AF-P24207-F1-model_v4	AF-P24207-F1-model_v4 Phenylalanine-specific permease	4.883E-05	1.000	181	37	485	489	26	427	458	481	0.918	0.878
LOKIASV2_2712_ESMFold_hypothetical_protein	AF-A0A1C1CX44-F1-model_v4	AF-A0A1C1CX44-F1-model_v4 Putative GABA permease	4.679E-05	1.000	181	36	485	489	71	486	537	478	0.920	0.775
LOKIASV2_2712_ESMFold_hypothetical_protein	AF-C0NRD9-F1-model_v4	AF-C0NRD9-F1-model_v4 Proline-specific permease	1.189E-05	1.000	181	39	481	489	52	476	557	488	0.906	0.763
LOKIASV2_2712_ESMFold_hypothetical_protein	AF-A0A0D2EKB7-F1-model_v4	AF-A0A0D2EKB7-F1-model_v4 Unplaced genomic scaffold supercont1.8, whole genome shotgun sequence	4.883E-05	1.000	181	23	485	489	55	492	578	518	0.947	0.758
LOKIASV2_2712_ESMFold_hypothetical_protein	AF-A0A1D8PMB1-F1-model_v4	AF-A0A1D8PMB1-F1-model_v4 Amino-acid permease GAP5	1.987E-05	1.000	181	39	485	489	116	528	618	497	0.914	0.668
LOKIASV2_2712_ESMFold_hypothetical_protein	AF-A0A175VUS1-F1-model_v4	AF-A0A175VUS1-F1-model_v4 General amino-acid permease GAP1	3.322E-05	1.000	181	37	485	489	122	536	670	487	0.918	0.619
LOKIASV2_2712_ESMFold_hypothetical_protein	AF-A0A0A2VL17-F1-model_v4	AF-A0A0A2VL17-F1-model_v4 Uncharacterized protein	3.049E-05	1.000	181	20	486	489	3	450	1109	526	0.955	0.404
LOKIASV2_2712_ESMFold_hypothetical_protein	AF-Q32BK7-F1-model_v4	AF-Q32BK7-F1-model_v4 Putative transport system permease protein	8.892E-05	1.000	180	31	485	489	23	440	443	492	0.930	0.944
LOKIASV2_2712_ESMFold_hypothetical_protein	AF-Q9HU86-F1-model_v4	AF-Q9HU86-F1-model_v4 Probable amino acid permease	3.322E-05	1.000	180	39	485	489	13	421	467	487	0.914	0.876
LOKIASV2_2712_ESMFold_hypothetical_protein	AF-Q9HZK5-F1-model_v4	AF-Q9HZK5-F1-model_v4 Aromatic amino acid transport protein AroP1	7.179E-05	1.000	180	39	485	489	17	428	469	492	0.914	0.878
LOKIASV2_2712_ESMFold_hypothetical_protein	AF-U7PV21-F1-model_v4	AF-U7PV21-F1-model_v4 Uncharacterized protein	2.165E-05	1.000	180	21	486	489	16	480	526	529	0.953	0.884
LOKIASV2_2712_ESMFold_hypothetical_protein	AF-C1GRM2-F1-model_v4	AF-C1GRM2-F1-model_v4 Proline-specific permease	2.165E-05	1.000	180	2	485	489	28	472	552	514	0.990	0.806
LOKIASV2_2712_ESMFold_hypothetical_protein	AF-Q9CBH5-F1-model_v4	AF-Q9CBH5-F1-model_v4 Uncharacterized protein	4.883E-05	1.000	180	1	486	489	91	530	572	522	0.994	0.769
LOKIASV2_2712_ESMFold_hypothetical_protein	AF-Q8LQU5-F1-model_v4	AF-Q8LQU5-F1-model_v4 Os01g0597400 protein	7.493E-05	1.000	179	2	488	489	17	434	443	516	0.996	0.944
LOKIASV2_2712_ESMFold_hypothetical_protein	AF-P0A189-F1-model_v4	AF-P0A189-F1-model_v4 Probable transport protein YifK	2.682E-05	1.000	179	20	488	489	5	439	461	515	0.959	0.944
LOKIASV2_2712_ESMFold_hypothetical_protein	AF-Q2FVI1-F1-model_v4	AF-Q2FVI1-F1-model_v4 Amino acid ABC transporter-like protein, putative	3.183E-05	1.000	179	39	489	489	11	421	469	489	0.922	0.876
LOKIASV2_2712_ESMFold_hypothetical_protein	AF-A0A0K0E741-F1-model_v4	AF-A0A0K0E741-F1-model_v4 Uncharacterized protein	1.295E-05	1.000	179	24	489	489	9	436	492	519	0.953	0.870
LOKIASV2_2712_ESMFold_hypothetical_protein	AF-A0A3Q0KPV8-F1-model_v4	AF-A0A3Q0KPV8-F1-model_v4 Putative cationic amino acid transporter	7.425E-06	1.000	179	5	488	489	23	447	501	521	0.990	0.848
LOKIASV2_2712_ESMFold_hypothetical_protein	AF-A0A0D2GR78-F1-model_v4	AF-A0A0D2GR78-F1-model_v4 Unplaced genomic scaffold supercont1.8, whole genome shotgun sequence	6.314E-05	1.000	179	36	485	489	52	474	525	493	0.920	0.806
LOKIASV2_2712_ESMFold_hypothetical_protein	AF-Q59WG4-F1-model_v4	AF-Q59WG4-F1-model_v4 Alp1p	1.675E-05	1.000	179	20	478	489	8	454	543	521	0.939	0.823
LOKIASV2_2712_ESMFold_hypothetical_protein	AF-C1H093-F1-model_v4	AF-C1H093-F1-model_v4 Dicarboxylic amino acid permease	4.483E-05	1.000	179	9	481	489	24	474	572	515	0.967	0.788
LOKIASV2_2712_ESMFold_hypothetical_protein	AF-P55014-F1-model_v4	AF-P55014-F1-model_v4 Solute carrier family 12 member 1	3.619E-05	1.000	179	14	486	489	146	619	1095	548	0.967	0.433
LOKIASV2_2712_ESMFold_hypothetical_protein	AF-A0A1C1CTX0-F1-model_v4	AF-A0A1C1CTX0-F1-model_v4 Uncharacterized protein	2.922E-05	1.000	179	39	485	489	61	486	1133	491	0.914	0.376
LOKIASV2_2712_ESMFold_hypothetical_protein	AF-Q8ZMM0-F1-model_v4	AF-Q8ZMM0-F1-model_v4 RpoS dependent gamma-aminobutyrate transport protein	1.150E-04	1.000	178	39	484	489	16	419	466	486	0.912	0.867
LOKIASV2_2712_ESMFold_hypothetical_protein	AF-A0A0D2H4T2-F1-model_v4	AF-A0A0D2H4T2-F1-model_v4 Unplaced genomic scaffold supercont1.4, whole genome shotgun sequence	1.987E-05	1.000	178	36	486	489	26	448	512	493	0.922	0.826
LOKIASV2_2712_ESMFold_hypothetical_protein	AF-A0A1C1CBI9-F1-model_v4	AF-A0A1C1CBI9-F1-model_v4 Choline transport protein	1.091E-05	1.000	178	36	486	489	26	448	520	495	0.922	0.813
LOKIASV2_2712_ESMFold_hypothetical_protein	AF-K7TTC8-F1-model_v4	AF-K7TTC8-F1-model_v4 Amino acid permease	8.089E-06	1.000	178	38	486	489	35	471	525	505	0.918	0.832
LOKIASV2_2712_ESMFold_hypothetical_protein	AF-U7PH99-F1-model_v4	AF-U7PH99-F1-model_v4 Uncharacterized protein	3.619E-05	1.000	178	29	485	489	81	497	568	487	0.935	0.734
LOKIASV2_2712_ESMFold_hypothetical_protein	AF-A0A1C1CBW9-F1-model_v4	AF-A0A1C1CBW9-F1-model_v4 General amino-acid permease GAP1	5.097E-05	1.000	178	39	485	489	79	501	712	494	0.914	0.594
LOKIASV2_2712_ESMFold_hypothetical_protein	AF-A0A0K0E2Q0-F1-model_v4	AF-A0A0K0E2Q0-F1-model_v4 Uncharacterized protein	2.462E-05	1.000	178	7	488	489	64	554	1022	550	0.986	0.480
LOKIASV2_2712_ESMFold_hypothetical_protein	AF-Q2FYJ4-F1-model_v4	AF-Q2FYJ4-F1-model_v4 Uncharacterized protein	6.314E-05	1.000	177	38	489	489	13	420	440	500	0.924	0.927
LOKIASV2_2712_ESMFold_hypothetical_protein	AF-I1JGW0-F1-model_v4	AF-I1JGW0-F1-model_v4 Uncharacterized protein	4.295E-05	1.000	177	40	484	489	31	421	470	470	0.910	0.832
LOKIASV2_2712_ESMFold_hypothetical_protein	AF-A0A1C1CQS2-F1-model_v4	AF-A0A1C1CQS2-F1-model_v4 Vitamin B6 transporter TPN1	1.352E-05	1.000	177	2	483	489	62	478	535	516	0.986	0.779
LOKIASV2_2712_ESMFold_hypothetical_protein	AF-O74537-F1-model_v4	AF-O74537-F1-model_v4 Uncharacterized amino-acid permease C74.04	4.115E-05	1.000	177	20	486	489	25	483	557	529	0.955	0.824
LOKIASV2_2712_ESMFold_hypothetical_protein	AF-C0NXC3-F1-model_v4	AF-C0NXC3-F1-model_v4 Amino acid permease	3.619E-05	1.000	177	20	486	489	28	480	567	530	0.955	0.799
LOKIASV2_2712_ESMFold_hypothetical_protein	AF-A0A1C1CBG3-F1-model_v4	AF-A0A1C1CBG3-F1-model_v4 Dicarboxylic amino acid permease	4.883E-05	1.000	177	5	482	489	14	475	577	533	0.978	0.801
LOKIASV2_2712_ESMFold_hypothetical_protein	AF-P38967-F1-model_v4	AF-P38967-F1-model_v4 Tryptophan permease	3.183E-05	1.000	177	25	485	489	65	494	592	512	0.943	0.726
LOKIASV2_2712_ESMFold_hypothetical_protein	AF-P0CK99-F1-model_v4	AF-P0CK99-F1-model_v4 Aromatic amino acid transport protein AroP	1.764E-04	1.000	176	42	489	489	20	423	457	481	0.916	0.884
LOKIASV2_2712_ESMFold_hypothetical_protein	AF-A0A1D8PS37-F1-model_v4	AF-A0A1D8PS37-F1-model_v4 Hnm3p	1.101E-04	1.000	176	4	486	489	13	453	498	508	0.988	0.886
LOKIASV2_2712_ESMFold_hypothetical_protein	AF-Q54KK4-F1-model_v4	AF-Q54KK4-F1-model_v4 Uncharacterized protein	1.537E-05	1.000	176	21	485	489	23	458	506	516	0.951	0.862
LOKIASV2_2712_ESMFold_hypothetical_protein	AF-A0A0D2F4G1-F1-model_v4	AF-A0A0D2F4G1-F1-model_v4 Unplaced genomic scaffold supercont1.3, whole genome shotgun sequence	3.183E-05	1.000	176	37	486	489	46	467	543	490	0.920	0.777
LOKIASV2_2712_ESMFold_hypothetical_protein	AF-A0A175VRW0-F1-model_v4	AF-A0A175VRW0-F1-model_v4 B(0,+)-type amino acid transporter 1	1.824E-05	1.000	176	20	488	489	52	553	563	565	0.959	0.892
LOKIASV2_2712_ESMFold_hypothetical_protein	AF-A0A1D8PU37-F1-model_v4	AF-A0A1D8PU37-F1-model_v4 AA_permease domain-containing protein	1.537E-05	1.000	176	4	485	489	20	478	571	536	0.986	0.804
LOKIASV2_2712_ESMFold_hypothetical_protein	AF-A0A1D8PK89-F1-model_v4	AF-A0A1D8PK89-F1-model_v4 General amino-acid permease GAP2	3.322E-05	1.000	176	39	485	489	83	498	588	496	0.914	0.707
LOKIASV2_2712_ESMFold_hypothetical_protein	AF-P25376-F1-model_v4	AF-P25376-F1-model_v4 General amino acid permease AGP1	3.777E-05	1.000	176	2	485	489	73	542	633	540	0.990	0.742
LOKIASV2_2712_ESMFold_hypothetical_protein	AF-Q5HZH7-F1-model_v4	AF-Q5HZH7-F1-model_v4 Putative sodium-coupled neutral amino acid transporter 8	9.281E-05	1.000	175	24	488	489	11	425	432	495	0.951	0.961
LOKIASV2_2712_ESMFold_hypothetical_protein	AF-A0A132Z4F1-F1-model_v4	AF-A0A132Z4F1-F1-model_v4 Amino acid permease	1.200E-04	1.000	175	36	489	489	12	411	440	480	0.928	0.909
LOKIASV2_2712_ESMFold_hypothetical_protein	AF-A0A0H3GNZ3-F1-model_v4	AF-A0A0H3GNZ3-F1-model_v4 L-asparagine permease	1.364E-04	1.000	175	39	485	489	32	439	484	475	0.914	0.843
LOKIASV2_2712_ESMFold_hypothetical_protein	AF-A0A175W958-F1-model_v4	AF-A0A175W958-F1-model_v4 General amino acid permease AGP2	1.675E-05	1.000	175	39	481	489	49	470	555	505	0.906	0.760
LOKIASV2_2712_ESMFold_hypothetical_protein	AF-U7PWB9-F1-model_v4	AF-U7PWB9-F1-model_v4 Uncharacterized protein	2.462E-05	1.000	175	35	486	489	56	480	571	499	0.924	0.744
LOKIASV2_2712_ESMFold_hypothetical_protein	AF-P40901-F1-model_v4	AF-P40901-F1-model_v4 Sexual differentiation process putative amino-acid permease isp5	1.002E-05	1.000	175	7	484	489	60	530	580	557	0.978	0.812
LOKIASV2_2712_ESMFold_hypothetical_protein	AF-Q13621-F1-model_v4	AF-Q13621-F1-model_v4 Solute carrier family 12 member 1	5.796E-05	1.000	175	20	483	489	162	620	1099	537	0.949	0.418
LOKIASV2_2712_ESMFold_hypothetical_protein	AF-Q38AV6-F1-model_v4	AF-Q38AV6-F1-model_v4 Amino acid transporter, putative	3.942E-05	1.000	174	24	489	489	34	453	453	502	0.953	0.927
LOKIASV2_2712_ESMFold_hypothetical_protein	AF-A0A0H3GJW2-F1-model_v4	AF-A0A0H3GJW2-F1-model_v4 Gamma-aminobutyrate transporter	1.424E-04	1.000	174	39	484	489	16	419	466	484	0.912	0.867
LOKIASV2_2712_ESMFold_hypothetical_protein	AF-A0A5K4F182-F1-model_v4	AF-A0A5K4F182-F1-model_v4 Uncharacterized protein	1.748E-05	1.000	174	39	489	489	27	428	481	493	0.922	0.836
LOKIASV2_2712_ESMFold_hypothetical_protein	AF-A0A044TXN0-F1-model_v4	AF-A0A044TXN0-F1-model_v4 Uncharacterized protein	2.462E-05	1.000	174	39	489	489	22	449	505	509	0.922	0.848
LOKIASV2_2712_ESMFold_hypothetical_protein	AF-A0A1C1CGM8-F1-model_v4	AF-A0A1C1CGM8-F1-model_v4 Putative amino-acid permease PB24D3.02c	7.179E-05	1.000	174	36	485	489	53	474	525	500	0.920	0.804
LOKIASV2_2712_ESMFold_hypothetical_protein	AF-C1H6S2-F1-model_v4	AF-C1H6S2-F1-model_v4 Amino-acid permease	1.241E-05	1.000	174	13	486	489	13	476	528	544	0.969	0.879
LOKIASV2_2712_ESMFold_hypothetical_protein	AF-Q9US40-F1-model_v4	AF-Q9US40-F1-model_v4 Uncharacterized amino-acid permease C1039.01	5.320E-05	1.000	174	2	486	489	24	488	567	540	0.992	0.820
LOKIASV2_2712_ESMFold_hypothetical_protein	AF-A0A1C1CQV1-F1-model_v4	AF-A0A1C1CQV1-F1-model_v4 Thiamine transporter thi9	9.687E-05	1.000	174	35	486	489	61	488	574	490	0.924	0.746
LOKIASV2_2712_ESMFold_hypothetical_protein	AF-Q8CJI3-F1-model_v4	AF-Q8CJI3-F1-model_v4 Solute carrier family 12 member 8	1.605E-05	1.000	174	5	462	489	12	402	707	489	0.937	0.553
LOKIASV2_2712_ESMFold_hypothetical_protein	AF-E9PTX9-F1-model_v4	AF-E9PTX9-F1-model_v4 Solute carrier family 12 member 2	7.179E-05	1.000	174	20	487	489	261	738	1203	553	0.957	0.397
LOKIASV2_2712_ESMFold_hypothetical_protein	AF-Q47689-F1-model_v4	AF-Q47689-F1-model_v4 Probable S-methylmethionine permease	5.553E-05	1.000	173	37	485	489	17	425	467	496	0.918	0.876
LOKIASV2_2712_ESMFold_hypothetical_protein	AF-Q4CY96-F1-model_v4	AF-Q4CY96-F1-model_v4 Amino acid transporter, putative	8.892E-05	1.000	173	4	488	489	19	465	474	530	0.992	0.943
LOKIASV2_2712_ESMFold_hypothetical_protein	AF-P77610-F1-model_v4	AF-P77610-F1-model_v4 L-asparagine permease	5.796E-05	1.000	173	39	485	489	32	439	499	481	0.914	0.818
LOKIASV2_2712_ESMFold_hypothetical_protein	AF-O44832-F1-model_v4	AF-O44832-F1-model_v4 Amino Acid Transporter	4.115E-05	1.000	173	39	489	489	16	422	500	482	0.922	0.814
LOKIASV2_2712_ESMFold_hypothetical_protein	AF-A0A0D2H6S6-F1-model_v4	AF-A0A0D2H6S6-F1-model_v4 Unplaced genomic scaffold supercont1.1, whole genome shotgun sequence	6.878E-05	1.000	173	2	486	489	15	464	547	529	0.992	0.823
LOKIASV2_2712_ESMFold_hypothetical_protein	AF-U7Q3R5-F1-model_v4	AF-U7Q3R5-F1-model_v4 Uncharacterized protein	4.483E-05	1.000	173	38	486	489	59	475	576	488	0.918	0.724
LOKIASV2_2712_ESMFold_hypothetical_protein	AF-A0A175W140-F1-model_v4	AF-A0A175W140-F1-model_v4 High-affinity methionine permease	2.799E-05	1.000	173	38	485	489	67	481	596	490	0.916	0.696
LOKIASV2_2712_ESMFold_hypothetical_protein	AF-C1HE36-F1-model_v4	AF-C1HE36-F1-model_v4 General amino-acid permease GAP1	1.748E-05	1.000	173	39	485	489	86	528	618	515	0.914	0.717
LOKIASV2_2712_ESMFold_hypothetical_protein	AF-Q54CK3-F1-model_v4	AF-Q54CK3-F1-model_v4 Uncharacterized protein	3.322E-05	1.000	173	14	488	489	162	606	875	531	0.971	0.509
LOKIASV2_2712_ESMFold_hypothetical_protein	AF-A0A0H3GTD9-F1-model_v4	AF-A0A0H3GTD9-F1-model_v4 Putative amino acid/amine transport protein	1.904E-05	1.000	172	34	483	489	4	428	499	495	0.920	0.852
LOKIASV2_2712_ESMFold_hypothetical_protein	AF-U7PMX7-F1-model_v4	AF-U7PMX7-F1-model_v4 Uncharacterized protein	3.942E-05	1.000	172	37	486	489	38	472	540	491	0.920	0.806
LOKIASV2_2712_ESMFold_hypothetical_protein	AF-U7PZX8-F1-model_v4	AF-U7PZX8-F1-model_v4 Uncharacterized protein	3.467E-05	1.000	172	3	486	489	38	500	550	538	0.990	0.842
LOKIASV2_2712_ESMFold_hypothetical_protein	AF-A0A158Q351-F1-model_v4	AF-A0A158Q351-F1-model_v4 Uncharacterized protein	2.799E-05	1.000	172	7	487	489	145	636	850	560	0.984	0.579
LOKIASV2_2712_ESMFold_hypothetical_protein	AF-F1R8D4-F1-model_v4	AF-F1R8D4-F1-model_v4 Solute carrier family 12 member 10, tandem duplicate 1	4.883E-05	1.000	172	14	482	489	128	593	1033	531	0.959	0.451
LOKIASV2_2712_ESMFold_hypothetical_protein	AF-Q9I5E9-F1-model_v4	AF-Q9I5E9-F1-model_v4 Probable amino acid permease	5.553E-05	1.000	171	37	485	489	21	425	471	480	0.918	0.860
LOKIASV2_2712_ESMFold_hypothetical_protein	AF-Q9I575-F1-model_v4	AF-Q9I575-F1-model_v4 Aromatic amino acid transport protein AroP2	1.252E-04	1.000	171	37	489	489	18	432	472	496	0.926	0.879
LOKIASV2_2712_ESMFold_hypothetical_protein	AF-O25661-F1-model_v4	AF-O25661-F1-model_v4 Amino acid permease (RocE)	1.139E-05	1.000	171	39	488	489	63	506	519	525	0.920	0.855
LOKIASV2_2712_ESMFold_hypothetical_protein	AF-A0A0D2GN00-F1-model_v4	AF-A0A0D2GN00-F1-model_v4 Unplaced genomic scaffold supercont1.3, whole genome shotgun sequence	5.553E-05	1.000	171	20	486	489	11	470	521	536	0.955	0.883
LOKIASV2_2712_ESMFold_hypothetical_protein	AF-A0A0D2HEZ8-F1-model_v4	AF-A0A0D2HEZ8-F1-model_v4 Unplaced genomic scaffold supercont1.2, whole genome shotgun sequence	8.163E-05	1.000	171	4	486	489	16	464	524	532	0.988	0.857
LOKIASV2_2712_ESMFold_hypothetical_protein	AF-A0A0D2GEB0-F1-model_v4	AF-A0A0D2GEB0-F1-model_v4 Unplaced genomic scaffold supercont1.5, whole genome shotgun sequence	2.260E-05	1.000	171	7	486	489	48	482	561	524	0.982	0.775
LOKIASV2_2712_ESMFold_hypothetical_protein	AF-A0A1D8PH79-F1-model_v4	AF-A0A1D8PH79-F1-model_v4 Tpo5p	1.987E-05	1.000	171	5	486	489	51	517	670	528	0.986	0.697
LOKIASV2_2712_ESMFold_hypothetical_protein	AF-A0A133CNP4-F1-model_v4	AF-A0A133CNP4-F1-model_v4 Amino acid permease	1.101E-04	1.000	170	20	488	489	3	413	446	491	0.959	0.922
LOKIASV2_2712_ESMFold_hypothetical_protein	AF-Q5A695-F1-model_v4	AF-Q5A695-F1-model_v4 Agp3p	1.619E-04	1.000	170	4	485	489	9	447	513	521	0.986	0.856
LOKIASV2_2712_ESMFold_hypothetical_protein	AF-A0A1C1D1E8-F1-model_v4	AF-A0A1C1D1E8-F1-model_v4 Amino acid permease	6.590E-05	1.000	170	6	486	489	17	464	524	523	0.984	0.855
LOKIASV2_2712_ESMFold_hypothetical_protein	AF-Q59QM3-F1-model_v4	AF-Q59QM3-F1-model_v4 Lyp1p	1.252E-04	1.000	170	39	485	489	35	471	529	505	0.914	0.826
LOKIASV2_2712_ESMFold_hypothetical_protein	AF-Q10087-F1-model_v4	AF-Q10087-F1-model_v4 Uncharacterized amino-acid permease C11D3.08c	5.320E-05	1.000	170	38	486	489	52	468	550	488	0.918	0.758
LOKIASV2_2712_ESMFold_hypothetical_protein	AF-Q1LX46-F1-model_v4	AF-Q1LX46-F1-model_v4 Solute carrier family 12 member 3	2.799E-05	1.000	170	20	488	489	104	587	1012	554	0.959	0.478
LOKIASV2_2712_ESMFold_hypothetical_protein	AF-A0A077ZAG4-F1-model_v4	AF-A0A077ZAG4-F1-model_v4 Solute carrier family 12	1.011E-04	1.000	170	16	486	489	116	577	1121	525	0.963	0.412
LOKIASV2_2712_ESMFold_hypothetical_protein	AF-H8ESD5-F1-model_v4	AF-H8ESD5-F1-model_v4 Na-K-Cl Cotransporter homolog	4.679E-05	1.000	170	7	486	489	207	680	1235	546	0.982	0.384
LOKIASV2_2712_ESMFold_hypothetical_protein	AF-P0AAF1-F1-model_v4	AF-P0AAF1-F1-model_v4 Putrescine transporter PotE	1.690E-04	1.000	169	39	485	489	11	405	439	468	0.914	0.900
LOKIASV2_2712_ESMFold_hypothetical_protein	AF-A0A132P586-F1-model_v4	AF-A0A132P586-F1-model_v4 Amino acid permease	2.281E-04	1.000	169	20	489	489	4	420	449	510	0.961	0.929
LOKIASV2_2712_ESMFold_hypothetical_protein	AF-O05896-F1-model_v4	AF-O05896-F1-model_v4 Possible cationic amino acid transport integral membrane protein	7.493E-05	1.000	169	43	485	489	32	452	495	493	0.906	0.851
LOKIASV2_2712_ESMFold_hypothetical_protein	AF-Q9UT18-F1-model_v4	AF-Q9UT18-F1-model_v4 Thiamine transporter thi9	8.520E-05	1.000	169	3	485	489	59	529	591	538	0.988	0.797
LOKIASV2_2712_ESMFold_hypothetical_protein	AF-U7PT62-F1-model_v4	AF-U7PT62-F1-model_v4 AA_permease domain-containing protein	5.320E-05	1.000	169	20	479	489	59	508	596	511	0.941	0.755
LOKIASV2_2712_ESMFold_hypothetical_protein	AF-Q4DQR3-F1-model_v4	AF-Q4DQR3-F1-model_v4 Amino acid permease, putative	1.101E-04	1.000	169	14	488	489	143	573	783	512	0.971	0.550
LOKIASV2_2712_ESMFold_hypothetical_protein	AF-Q03770-F1-model_v4	AF-Q03770-F1-model_v4 SPS-sensor component SSY1	1.189E-05	1.000	169	2	486	489	233	770	852	595	0.992	0.631
LOKIASV2_2712_ESMFold_hypothetical_protein	AF-Q2FYM4-F1-model_v4	AF-Q2FYM4-F1-model_v4 Putative branched-chain amino acid carrier protein SAOUHSC_01411	9.281E-05	1.000	168	37	481	489	3	393	447	471	0.910	0.875
LOKIASV2_2712_ESMFold_hypothetical_protein	AF-P0AA47-F1-model_v4	AF-P0AA47-F1-model_v4 Low-affinity putrescine importer PlaP	7.179E-05	1.000	168	43	488	489	22	413	452	466	0.912	0.867
LOKIASV2_2712_ESMFold_hypothetical_protein	AF-U7PWL1-F1-model_v4	AF-U7PWL1-F1-model_v4 Uncharacterized protein	3.183E-05	1.000	168	9	447	489	45	413	516	455	0.898	0.715
LOKIASV2_2712_ESMFold_hypothetical_protein	AF-K0F035-F1-model_v4	AF-K0F035-F1-model_v4 Amino acid permease family protein	1.764E-04	1.000	168	7	486	489	24	479	544	528	0.982	0.838
LOKIASV2_2712_ESMFold_hypothetical_protein	AF-A0A1D8PH27-F1-model_v4	AF-A0A1D8PH27-F1-model_v4 Ssy1p	8.892E-05	1.000	168	2	486	489	248	797	880	597	0.992	0.625
LOKIASV2_2712_ESMFold_hypothetical_protein	AF-A0A044U4I5-F1-model_v4	AF-A0A044U4I5-F1-model_v4 Uncharacterized protein	5.796E-05	1.000	168	7	487	489	134	622	979	555	0.984	0.499
LOKIASV2_2712_ESMFold_hypothetical_protein	AF-A0A0H3GMG1-F1-model_v4	AF-A0A0H3GMG1-F1-model_v4 Aromatic amino acid transport protein	2.948E-04	1.000	167	42	489	489	18	421	459	482	0.916	0.880
LOKIASV2_2712_ESMFold_hypothetical_protein	AF-A0A0D2DRY0-F1-model_v4	AF-A0A0D2DRY0-F1-model_v4 Unplaced genomic scaffold supercont1.4, whole genome shotgun sequence	1.486E-04	1.000	167	46	485	489	2	407	466	478	0.900	0.871
LOKIASV2_2712_ESMFold_hypothetical_protein	AF-Q26594-F1-model_v4	AF-Q26594-F1-model_v4 Amino acid permease	2.895E-06	1.000	167	26	481	489	2	449	503	512	0.933	0.891
LOKIASV2_2712_ESMFold_hypothetical_protein	AF-A0A0K0DZF7-F1-model_v4	AF-A0A0K0DZF7-F1-model_v4 Uncharacterized protein	6.590E-05	1.000	167	14	489	489	4	413	515	499	0.973	0.796
LOKIASV2_2712_ESMFold_hypothetical_protein	AF-A0A0D2GVT2-F1-model_v4	AF-A0A0D2GVT2-F1-model_v4 Unplaced genomic scaffold supercont1.3, whole genome shotgun sequence	9.281E-05	1.000	167	37	486	489	54	476	521	487	0.920	0.812
LOKIASV2_2712_ESMFold_hypothetical_protein	AF-A0A0D2GEU0-F1-model_v4	AF-A0A0D2GEU0-F1-model_v4 Unplaced genomic scaffold supercont1.4, whole genome shotgun sequence	3.467E-05	1.000	167	36	486	489	61	497	551	502	0.922	0.793
LOKIASV2_2712_ESMFold_hypothetical_protein	AF-A0A2R8Q739-F1-model_v4	AF-A0A2R8Q739-F1-model_v4 Zgc:153039	5.320E-05	1.000	167	38	486	489	58	491	942	521	0.918	0.461
LOKIASV2_2712_ESMFold_hypothetical_protein	AF-A0A0K0E2Q1-F1-model_v4	AF-A0A0K0E2Q1-F1-model_v4 Uncharacterized protein	6.049E-05	1.000	167	9	488	489	67	560	1027	567	0.982	0.481
LOKIASV2_2712_ESMFold_hypothetical_protein	AF-P55016-F1-model_v4	AF-P55016-F1-model_v4 Solute carrier family 12 member 1	5.796E-05	1.000	167	14	486	489	146	619	1095	551	0.967	0.433
LOKIASV2_2712_ESMFold_hypothetical_protein	AF-A2ZV22-F1-model_v4	AF-A2ZV22-F1-model_v4 Os01g0597600 protein	2.825E-04	1.000	166	5	484	489	24	410	424	499	0.982	0.913
LOKIASV2_2712_ESMFold_hypothetical_protein	AF-I1NF79-F1-model_v4	AF-I1NF79-F1-model_v4 Uncharacterized protein	3.467E-05	1.000	166	20	485	489	9	420	466	505	0.953	0.884
LOKIASV2_2712_ESMFold_hypothetical_protein	AF-Q4E277-F1-model_v4	AF-Q4E277-F1-model_v4 Amino acid transporter, putative	8.892E-05	1.000	166	1	488	489	18	465	474	533	0.998	0.945
LOKIASV2_2712_ESMFold_hypothetical_protein	AF-P40812-F1-model_v4	AF-P40812-F1-model_v4 L-asparagine permease	8.892E-05	1.000	166	38	485	489	33	439	497	482	0.916	0.819
LOKIASV2_2712_ESMFold_hypothetical_protein	AF-A0A1D8PGQ6-F1-model_v4	AF-A0A1D8PGQ6-F1-model_v4 Uga6p	1.011E-04	1.000	166	37	485	489	53	475	544	498	0.918	0.778
LOKIASV2_2712_ESMFold_hypothetical_protein	AF-A0A1C1D1G7-F1-model_v4	AF-A0A1C1D1G7-F1-model_v4 Putative amino-acid permease	1.101E-04	1.000	166	37	486	489	59	479	561	492	0.920	0.750
LOKIASV2_2712_ESMFold_hypothetical_protein	AF-A0A1D8PPG4-F1-model_v4	AF-A0A1D8PPG4-F1-model_v4 Probable lysine/arginine permease CAN3	5.502E-06	1.000	166	5	486	489	38	511	566	553	0.986	0.837
LOKIASV2_2712_ESMFold_hypothetical_protein	AF-A0A1C1CAT4-F1-model_v4	AF-A0A1C1CAT4-F1-model_v4 Amino acid permease	5.097E-05	1.000	166	24	486	489	59	526	580	532	0.947	0.807
LOKIASV2_2712_ESMFold_hypothetical_protein	AF-Q9P5N4-F1-model_v4	AF-Q9P5N4-F1-model_v4 Uncharacterized amino-acid permease C359.01	3.777E-05	1.000	166	20	485	489	38	496	581	535	0.953	0.790
LOKIASV2_2712_ESMFold_hypothetical_protein	AF-Q2QN95-F1-model_v4	AF-Q2QN95-F1-model_v4 Amino acid transporter family protein, putative, expressed	8.892E-05	1.000	166	19	485	489	178	582	594	490	0.955	0.682
LOKIASV2_2712_ESMFold_hypothetical_protein	AF-A0A5S6PJN5-F1-model_v4	AF-A0A5S6PJN5-F1-model_v4 Bm3272	6.590E-05	1.000	166	3	462	489	11	449	650	531	0.941	0.675
LOKIASV2_2712_ESMFold_hypothetical_protein	AF-P9WQM5-F1-model_v4	AF-P9WQM5-F1-model_v4 Uncharacterized transporter Rv1979c	1.055E-04	1.000	165	27	483	489	4	429	481	499	0.935	0.886
LOKIASV2_2712_ESMFold_hypothetical_protein	AF-Q2G0J4-F1-model_v4	AF-Q2G0J4-F1-model_v4 Uncharacterized protein	1.101E-04	1.000	165	37	483	489	20	423	494	485	0.914	0.818
LOKIASV2_2712_ESMFold_hypothetical_protein	AF-A0A0D2F6X5-F1-model_v4	AF-A0A0D2F6X5-F1-model_v4 Unplaced genomic scaffold supercont1.3, whole genome shotgun sequence	4.679E-05	1.000	165	20	485	489	5	473	526	540	0.953	0.892
LOKIASV2_2712_ESMFold_hypothetical_protein	AF-A0A1D8PTX5-F1-model_v4	AF-A0A1D8PTX5-F1-model_v4 Fcy24p	1.486E-04	1.000	165	6	456	489	28	427	528	469	0.922	0.758
LOKIASV2_2712_ESMFold_hypothetical_protein	AF-A0A0D2F1H5-F1-model_v4	AF-A0A0D2F1H5-F1-model_v4 Unplaced genomic scaffold supercont1.4, whole genome shotgun sequence	1.748E-05	1.000	165	20	488	489	9	465	529	534	0.959	0.864
LOKIASV2_2712_ESMFold_hypothetical_protein	AF-A0A0D2F653-F1-model_v4	AF-A0A0D2F653-F1-model_v4 Unplaced genomic scaffold supercont1.3, whole genome shotgun sequence	6.878E-05	1.000	165	38	486	489	42	461	534	486	0.918	0.787
LOKIASV2_2712_ESMFold_hypothetical_protein	AF-A0A0D2GYX6-F1-model_v4	AF-A0A0D2GYX6-F1-model_v4 Unplaced genomic scaffold supercont1.1, whole genome shotgun sequence	6.049E-05	1.000	165	2	486	489	14	485	539	545	0.992	0.876
LOKIASV2_2712_ESMFold_hypothetical_protein	AF-A0A0D2FF92-F1-model_v4	AF-A0A0D2FF92-F1-model_v4 Unplaced genomic scaffold supercont1.1, whole genome shotgun sequence	6.590E-05	1.000	165	37	485	489	38	458	548	491	0.918	0.768
LOKIASV2_2712_ESMFold_hypothetical_protein	AF-Q86I87-F1-model_v4	AF-Q86I87-F1-model_v4 Uncharacterized protein	9.281E-05	1.000	165	16	488	489	67	504	688	519	0.967	0.637
LOKIASV2_2712_ESMFold_hypothetical_protein	AF-K7L630-F1-model_v4	AF-K7L630-F1-model_v4 Uncharacterized protein	1.252E-04	1.000	164	2	483	489	23	433	483	508	0.986	0.851
LOKIASV2_2712_ESMFold_hypothetical_protein	AF-K0EPE1-F1-model_v4	AF-K0EPE1-F1-model_v4 L-asparagine permease 1 (L-asparagine transport protein 1)	2.380E-04	1.000	164	39	485	489	33	440	523	482	0.914	0.780
LOKIASV2_2712_ESMFold_hypothetical_protein	AF-P53099-F1-model_v4	AF-P53099-F1-model_v4 Vitamin B6 transporter TPN1	8.520E-05	1.000	164	2	448	489	54	440	579	467	0.914	0.668
LOKIASV2_2712_ESMFold_hypothetical_protein	AF-Q8ZQW7-F1-model_v4	AF-Q8ZQW7-F1-model_v4 Putrescine transporter PotE	1.551E-04	1.000	163	36	483	489	12	402	439	474	0.916	0.891
LOKIASV2_2712_ESMFold_hypothetical_protein	AF-A0A0H3GKD5-F1-model_v4	AF-A0A0H3GKD5-F1-model_v4 Putative amino acid/amine transport protein	1.055E-04	1.000	163	20	488	489	5	436	461	512	0.959	0.937
LOKIASV2_2712_ESMFold_hypothetical_protein	AF-Q32CR5-F1-model_v4	AF-Q32CR5-F1-model_v4 Transport permease protein of gamma-aminobutyrate	1.101E-04	1.000	163	39	484	489	16	419	466	496	0.912	0.867
LOKIASV2_2712_ESMFold_hypothetical_protein	AF-Q9C6S4-F1-model_v4	AF-Q9C6S4-F1-model_v4 Probable polyamine transporter At1g31820	1.411E-05	1.000	163	24	485	489	17	426	482	502	0.945	0.851
LOKIASV2_2712_ESMFold_hypothetical_protein	AF-C0NBC5-F1-model_v4	AF-C0NBC5-F1-model_v4 Purine cytosine permease Fcy2	4.883E-05	1.000	163	5	456	489	40	424	510	471	0.924	0.755
LOKIASV2_2712_ESMFold_hypothetical_protein	AF-U7PW31-F1-model_v4	AF-U7PW31-F1-model_v4 Uncharacterized protein	7.493E-05	1.000	163	5	488	489	7	502	531	568	0.990	0.934
LOKIASV2_2712_ESMFold_hypothetical_protein	AF-C1H586-F1-model_v4	AF-C1H586-F1-model_v4 Uncharacterized protein	1.150E-04	1.000	163	6	485	489	33	494	545	536	0.982	0.848
LOKIASV2_2712_ESMFold_hypothetical_protein	AF-Q8BYF6-F1-model_v4	AF-Q8BYF6-F1-model_v4 Sodium-coupled monocarboxylate transporter 1	9.687E-05	1.000	163	27	447	489	34	425	611	461	0.861	0.642
LOKIASV2_2712_ESMFold_hypothetical_protein	AF-K7LZS3-F1-model_v4	AF-K7LZS3-F1-model_v4 Uncharacterized protein	1.841E-04	1.000	163	26	488	489	8	414	1313	485	0.947	0.310
LOKIASV2_2712_ESMFold_hypothetical_protein	AF-P71345-F1-model_v4	AF-P71345-F1-model_v4 Branched-chain amino acid transport system carrier protein	1.619E-04	1.000	162	31	488	489	3	426	436	508	0.937	0.972
LOKIASV2_2712_ESMFold_hypothetical_protein	AF-B4FDE9-F1-model_v4	AF-B4FDE9-F1-model_v4 Tryptophan/tyrosine permease	5.320E-05	1.000	162	21	481	489	72	495	496	506	0.943	0.855
LOKIASV2_2712_ESMFold_hypothetical_protein	AF-P19807-F1-model_v4	AF-P19807-F1-model_v4 Choline transport protein	1.101E-04	1.000	162	20	483	489	51	479	563	503	0.949	0.762
LOKIASV2_2712_ESMFold_hypothetical_protein	AF-A0A1C1CFK7-F1-model_v4	AF-A0A1C1CFK7-F1-model_v4 General amino-acid permease GAP1	7.821E-05	1.000	162	39	485	489	75	494	585	489	0.914	0.718
LOKIASV2_2712_ESMFold_hypothetical_protein	AF-A6NNN8-F1-model_v4	AF-A6NNN8-F1-model_v4 Putative sodium-coupled neutral amino acid transporter 8	1.252E-04	1.000	161	20	488	489	8	428	435	508	0.959	0.968
LOKIASV2_2712_ESMFold_hypothetical_protein	AF-A0A0H3GVS0-F1-model_v4	AF-A0A0H3GVS0-F1-model_v4 Amino acid APC transporter	1.101E-04	1.000	161	43	488	489	22	413	452	468	0.912	0.867
LOKIASV2_2712_ESMFold_hypothetical_protein	AF-Q57UX8-F1-model_v4	AF-Q57UX8-F1-model_v4 Amino acid transporter, putative	6.941E-04	1.000	161	24	485	489	38	447	458	486	0.945	0.895
LOKIASV2_2712_ESMFold_hypothetical_protein	AF-K0F0Z5-F1-model_v4	AF-K0F0Z5-F1-model_v4 Amino acid permease	3.352E-04	1.000	161	26	489	489	13	438	474	506	0.949	0.899
LOKIASV2_2712_ESMFold_hypothetical_protein	AF-Q94197-F1-model_v4	AF-Q94197-F1-model_v4 Amino Acid Transporter	3.777E-05	1.000	161	39	487	489	11	420	483	490	0.918	0.849
LOKIASV2_2712_ESMFold_hypothetical_protein	AF-Q583G7-F1-model_v4	AF-Q583G7-F1-model_v4 Amino acid transporter 10, putative	2.281E-04	1.000	161	14	489	489	43	485	490	512	0.973	0.904
LOKIASV2_2712_ESMFold_hypothetical_protein	AF-O59813-F1-model_v4	AF-O59813-F1-model_v4 Uncharacterized amino-acid permease C794.03	1.764E-04	1.000	161	36	486	489	47	476	554	487	0.922	0.776
LOKIASV2_2712_ESMFold_hypothetical_protein	AF-A0A1C1CN65-F1-model_v4	AF-A0A1C1CN65-F1-model_v4 Putative amino-acid permease P7G5.06	8.520E-05	1.000	161	27	485	489	35	470	579	513	0.939	0.753
LOKIASV2_2712_ESMFold_hypothetical_protein	AF-P53388-F1-model_v4	AF-P53388-F1-model_v4 Dicarboxylic amino acid permease	3.183E-05	1.000	161	39	486	489	88	516	608	515	0.916	0.706
LOKIASV2_2712_ESMFold_hypothetical_protein	AF-Q8VI23-F1-model_v4	AF-Q8VI23-F1-model_v4 Solute carrier family 12 member 8	4.483E-05	1.000	161	5	462	489	7	401	705	487	0.937	0.560
LOKIASV2_2712_ESMFold_hypothetical_protein	AF-P59158-F1-model_v4	AF-P59158-F1-model_v4 Solute carrier family 12 member 3	9.281E-05	1.000	161	38	488	489	136	603	1002	533	0.922	0.467
LOKIASV2_2712_ESMFold_hypothetical_protein	AF-D4A0Y7-F1-model_v4	AF-D4A0Y7-F1-model_v4 Solute carrier family 38, member 8	1.841E-04	1.000	160	21	489	489	12	426	432	505	0.959	0.961
LOKIASV2_2712_ESMFold_hypothetical_protein	AF-Q32EE4-F1-model_v4	AF-Q32EE4-F1-model_v4 Putative amino acid/amine transport protein	1.690E-04	1.000	160	14	488	489	10	415	454	494	0.971	0.894
LOKIASV2_2712_ESMFold_hypothetical_protein	AF-A0A0H3GJD2-F1-model_v4	AF-A0A0H3GJD2-F1-model_v4 Aromatic amino acid transporter	2.093E-04	1.000	160	42	489	489	19	422	456	480	0.916	0.886
LOKIASV2_2712_ESMFold_hypothetical_protein	AF-Q32G71-F1-model_v4	AF-Q32G71-F1-model_v4 Putative arginine/ornithine antiporter	2.593E-04	1.000	160	37	486	489	8	404	460	478	0.920	0.863
LOKIASV2_2712_ESMFold_hypothetical_protein	AF-Q9I6R8-F1-model_v4	AF-Q9I6R8-F1-model_v4 Amino acid APC family transporter	6.314E-05	1.000	160	39	483	489	18	412	477	484	0.910	0.828
LOKIASV2_2712_ESMFold_hypothetical_protein	AF-K0F4D9-F1-model_v4	AF-K0F4D9-F1-model_v4 Transmembrane permease protein	9.114E-07	1.000	160	24	485	489	4	470	490	539	0.945	0.953
LOKIASV2_2712_ESMFold_hypothetical_protein	AF-A0A0D2HP53-F1-model_v4	AF-A0A0D2HP53-F1-model_v4 Unplaced genomic scaffold supercont1.1, whole genome shotgun sequence	7.821E-05	1.000	160	36	485	489	52	472	523	490	0.920	0.805
LOKIASV2_2712_ESMFold_hypothetical_protein	AF-C1GYA4-F1-model_v4	AF-C1GYA4-F1-model_v4 High-affinity methionine permease	1.424E-04	1.000	160	24	482	489	4	454	528	531	0.939	0.854
LOKIASV2_2712_ESMFold_hypothetical_protein	AF-I1NFQ3-F1-model_v4	AF-I1NFQ3-F1-model_v4 Uncharacterized protein	1.200E-04	1.000	160	38	485	489	51	481	530	499	0.916	0.813
LOKIASV2_2712_ESMFold_hypothetical_protein	AF-U7PXP7-F1-model_v4	AF-U7PXP7-F1-model_v4 Uncharacterized protein	7.821E-05	1.000	160	38	485	489	38	463	547	499	0.916	0.779
LOKIASV2_2712_ESMFold_hypothetical_protein	AF-C0NPM2-F1-model_v4	AF-C0NPM2-F1-model_v4 High-affinity permease for basic amino acids	8.163E-05	1.000	160	39	484	489	44	485	550	506	0.912	0.804
LOKIASV2_2712_ESMFold_hypothetical_protein	AF-A0A0D2DN69-F1-model_v4	AF-A0A0D2DN69-F1-model_v4 Unplaced genomic scaffold supercont1.5, whole genome shotgun sequence	9.687E-05	1.000	160	5	481	489	2	479	561	554	0.975	0.852
LOKIASV2_2712_ESMFold_hypothetical_protein	AF-Q5AMG7-F1-model_v4	AF-Q5AMG7-F1-model_v4 Agp2p	1.424E-04	1.000	160	2	486	489	18	483	568	545	0.992	0.820
LOKIASV2_2712_ESMFold_hypothetical_protein	AF-A0A5S6PK23-F1-model_v4	AF-A0A5S6PK23-F1-model_v4 Bm3272	1.101E-04	1.000	160	8	462	489	19	419	617	504	0.930	0.650
LOKIASV2_2712_ESMFold_hypothetical_protein	AF-A0A077ZCE5-F1-model_v4	AF-A0A077ZCE5-F1-model_v4 Solute carrier family 12	1.619E-04	1.000	160	21	488	489	58	520	949	533	0.957	0.488
LOKIASV2_2712_ESMFold_hypothetical_protein	AF-A0A077ZC59-F1-model_v4	AF-A0A077ZC59-F1-model_v4 Amino acid permease	3.212E-04	1.000	160	24	486	489	74	604	1095	604	0.947	0.485
LOKIASV2_2712_ESMFold_hypothetical_protein	AF-A0A0H3GXZ6-F1-model_v4	AF-A0A0H3GXZ6-F1-model_v4 HAAAP family transporter	1.160E-03	1.000	159	70	489	489	2	371	371	444	0.859	0.997
LOKIASV2_2712_ESMFold_hypothetical_protein	AF-A0A368ULK6-F1-model_v4	AF-A0A368ULK6-F1-model_v4 Aa_trans domain-containing protein	2.380E-04	1.000	159	14	484	489	12	423	437	509	0.963	0.943
LOKIASV2_2712_ESMFold_hypothetical_protein	AF-K0F0H7-F1-model_v4	AF-K0F0H7-F1-model_v4 Amino acid permease-associated protein	1.424E-04	1.000	159	38	486	489	14	400	454	479	0.918	0.852
LOKIASV2_2712_ESMFold_hypothetical_protein	AF-K0ERI6-F1-model_v4	AF-K0ERI6-F1-model_v4 Amino acid transporter	3.212E-04	1.000	159	36	488	489	30	437	469	486	0.926	0.870
LOKIASV2_2712_ESMFold_hypothetical_protein	AF-Q2FZQ1-F1-model_v4	AF-Q2FZQ1-F1-model_v4 Uncharacterized protein	6.530E-06	1.000	159	33	462	489	38	472	522	499	0.879	0.833
LOKIASV2_2712_ESMFold_hypothetical_protein	AF-A0A175W3S1-F1-model_v4	AF-A0A175W3S1-F1-model_v4 General amino acid permease AGP3	2.380E-04	1.000	159	39	486	489	63	477	556	487	0.916	0.746
LOKIASV2_2712_ESMFold_hypothetical_protein	AF-A0A0D2G905-F1-model_v4	AF-A0A0D2G905-F1-model_v4 Unplaced genomic scaffold supercont1.6, whole genome shotgun sequence	7.821E-05	1.000	159	39	485	489	79	501	591	507	0.914	0.716
LOKIASV2_2712_ESMFold_hypothetical_protein	AF-A0A158Q2W8-F1-model_v4	AF-A0A158Q2W8-F1-model_v4 AA_permease domain-containing protein	1.011E-04	1.000	159	25	462	489	12	421	614	495	0.896	0.668
LOKIASV2_2712_ESMFold_hypothetical_protein	AF-A4HVX4-F1-model_v4	AF-A4HVX4-F1-model_v4 Amino_acid_permease_-_putative	1.922E-04	1.000	159	24	485	489	65	495	803	516	0.945	0.537
LOKIASV2_2712_ESMFold_hypothetical_protein	AF-P25185-F1-model_v4	AF-P25185-F1-model_v4 Branched-chain amino acid transport system 3 carrier protein	5.097E-05	1.000	158	26	489	489	1	430	437	521	0.949	0.984
LOKIASV2_2712_ESMFold_hypothetical_protein	AF-P42628-F1-model_v4	AF-P42628-F1-model_v4 Probable serine transporter	1.055E-04	1.000	158	24	485	489	1	440	443	520	0.945	0.993
LOKIASV2_2712_ESMFold_hypothetical_protein	AF-K0EZX5-F1-model_v4	AF-K0EZX5-F1-model_v4 Amino acid permease-associated protein	2.093E-04	1.000	158	38	488	489	23	443	517	488	0.922	0.814
LOKIASV2_2712_ESMFold_hypothetical_protein	AF-Q57UY1-F1-model_v4	AF-Q57UY1-F1-model_v4 Amino acid transporter, putative	4.334E-04	1.000	158	24	485	489	113	521	532	486	0.945	0.769
LOKIASV2_2712_ESMFold_hypothetical_protein	AF-A0A175VUA2-F1-model_v4	AF-A0A175VUA2-F1-model_v4 Choline transport protein	1.690E-04	1.000	158	36	486	489	49	473	543	507	0.922	0.783
LOKIASV2_2712_ESMFold_hypothetical_protein	AF-A0A0K0DTX7-F1-model_v4	AF-A0A0K0DTX7-F1-model_v4 Uncharacterized protein	4.883E-05	1.000	158	39	489	489	12	433	545	506	0.922	0.774
LOKIASV2_2712_ESMFold_hypothetical_protein	AF-A0A1C1CBX8-F1-model_v4	AF-A0A1C1CBX8-F1-model_v4 General amino acid permease AGP2	2.948E-04	1.000	158	42	482	489	44	468	574	486	0.902	0.740
LOKIASV2_2712_ESMFold_hypothetical_protein	AF-A0A0D2DEH4-F1-model_v4	AF-A0A0D2DEH4-F1-model_v4 Unplaced genomic scaffold supercont1.7, whole genome shotgun sequence	6.049E-05	1.000	158	15	486	489	7	470	577	537	0.965	0.804
LOKIASV2_2712_ESMFold_hypothetical_protein	AF-Q2FVH8-F1-model_v4	AF-Q2FVH8-F1-model_v4 Membrane protein, putative	6.314E-05	1.000	158	25	488	489	12	426	609	512	0.949	0.681
LOKIASV2_2712_ESMFold_hypothetical_protein	AF-A0A1D6MG65-F1-model_v4	AF-A0A1D6MG65-F1-model_v4 Cationic amino acid transporter 5	2.706E-04	1.000	158	5	452	489	51	455	620	484	0.916	0.653
LOKIASV2_2712_ESMFold_hypothetical_protein	AF-K7N182-F1-model_v4	AF-K7N182-F1-model_v4 Aa_trans domain-containing protein	5.604E-04	1.000	157	27	488	489	7	394	407	485	0.945	0.953
LOKIASV2_2712_ESMFold_hypothetical_protein	AF-Q4CTK3-F1-model_v4	AF-Q4CTK3-F1-model_v4 Amino acid transporter, putative	4.524E-04	1.000	157	21	485	489	22	437	448	493	0.951	0.929
LOKIASV2_2712_ESMFold_hypothetical_protein	AF-Q7CQB1-F1-model_v4	AF-Q7CQB1-F1-model_v4 Putative APC family amino acid transport protein	1.424E-04	1.000	157	44	488	489	25	415	454	470	0.910	0.861
LOKIASV2_2712_ESMFold_hypothetical_protein	AF-Q2FVV1-F1-model_v4	AF-Q2FVV1-F1-model_v4 AA_permease domain-containing protein	3.322E-05	1.000	157	37	488	489	13	449	459	512	0.924	0.952
LOKIASV2_2712_ESMFold_hypothetical_protein	AF-C1HAV6-F1-model_v4	AF-C1HAV6-F1-model_v4 Amino acid permease	6.314E-05	1.000	157	14	486	489	11	488	556	553	0.967	0.860
LOKIASV2_2712_ESMFold_hypothetical_protein	AF-A0A1C1CK85-F1-model_v4	AF-A0A1C1CK85-F1-model_v4 Putative amino-acid permease	1.922E-04	1.000	157	35	486	489	62	486	574	503	0.924	0.740
LOKIASV2_2712_ESMFold_hypothetical_protein	AF-A0A0D2GXN5-F1-model_v4	AF-A0A0D2GXN5-F1-model_v4 Unplaced genomic scaffold supercont1.2, whole genome shotgun sequence	1.200E-04	1.000	157	35	486	489	63	487	575	504	0.924	0.739
LOKIASV2_2712_ESMFold_hypothetical_protein	AF-Q59WB3-F1-model_v4	AF-Q59WB3-F1-model_v4 S-adenosylmethionine permease GAP4	9.281E-05	1.000	157	3	485	489	47	516	607	550	0.988	0.774
LOKIASV2_2712_ESMFold_hypothetical_protein	AF-A9C3V4-F1-model_v4	AF-A9C3V4-F1-model_v4 Solute carrier family 12 member 8	6.049E-05	1.000	157	1	455	489	2	386	697	486	0.930	0.552
LOKIASV2_2712_ESMFold_hypothetical_protein	AF-U7PTX9-F1-model_v4	AF-U7PTX9-F1-model_v4 AA_permease domain-containing protein	5.994E-06	1.000	156	20	484	489	33	509	564	549	0.951	0.846
LOKIASV2_2712_ESMFold_hypothetical_protein	AF-A0A0D2F4H7-F1-model_v4	AF-A0A0D2F4H7-F1-model_v4 Unplaced genomic scaffold supercont1.3, whole genome shotgun sequence	2.074E-05	1.000	156	4	487	489	61	479	735	510	0.990	0.570
LOKIASV2_2712_ESMFold_hypothetical_protein	AF-A0A077Z4B0-F1-model_v4	AF-A0A077Z4B0-F1-model_v4 Solute carrier family 12	8.520E-05	1.000	156	14	486	489	95	558	1057	539	0.967	0.439
LOKIASV2_2712_ESMFold_hypothetical_protein	AF-Q4DL06-F1-model_v4	AF-Q4DL06-F1-model_v4 Amino acid permease, putative	1.841E-04	1.000	155	5	489	489	20	448	448	517	0.992	0.958
LOKIASV2_2712_ESMFold_hypothetical_protein	AF-P0AAE5-F1-model_v4	AF-P0AAE5-F1-model_v4 Putative arginine/ornithine antiporter	2.948E-04	1.000	155	37	486	489	8	404	460	480	0.920	0.863
LOKIASV2_2712_ESMFold_hypothetical_protein	AF-Q381K2-F1-model_v4	AF-Q381K2-F1-model_v4 Amino acid transporter, putative	2.706E-04	1.000	155	24	488	489	32	457	462	507	0.951	0.922
LOKIASV2_2712_ESMFold_hypothetical_protein	AF-Q57V93-F1-model_v4	AF-Q57V93-F1-model_v4 Amino acid transporter, putative	1.424E-04	1.000	155	26	488	489	49	463	467	490	0.947	0.889
LOKIASV2_2712_ESMFold_hypothetical_protein	AF-Q1PER9-F1-model_v4	AF-Q1PER9-F1-model_v4 Amino acid transporter AVT1G	4.334E-04	1.000	155	20	485	489	118	510	524	486	0.953	0.750
LOKIASV2_2712_ESMFold_hypothetical_protein	AF-H2KZG9-F1-model_v4	AF-H2KZG9-F1-model_v4 Amino Acid Transporter	3.499E-04	1.000	155	39	484	489	9	410	537	480	0.912	0.749
LOKIASV2_2712_ESMFold_hypothetical_protein	AF-A0A0D2FAU7-F1-model_v4	AF-A0A0D2FAU7-F1-model_v4 Unplaced genomic scaffold supercont1.2, whole genome shotgun sequence	2.484E-04	1.000	155	36	486	489	44	463	555	489	0.922	0.757
LOKIASV2_2712_ESMFold_hypothetical_protein	AF-A0A1C1CUQ7-F1-model_v4	AF-A0A1C1CUQ7-F1-model_v4 Polyamine transporter TPO5	1.486E-04	1.000	155	35	486	489	58	497	558	513	0.924	0.789
LOKIASV2_2712_ESMFold_hypothetical_protein	AF-F1QK49-F1-model_v4	AF-F1QK49-F1-model_v4 Solute carrier family 38 member 8a	1.200E-04	1.000	154	1	488	489	1	431	441	538	0.998	0.977
LOKIASV2_2712_ESMFold_hypothetical_protein	AF-Q7CQK4-F1-model_v4	AF-Q7CQK4-F1-model_v4 Putative amino acid transporter	2.593E-04	1.000	154	37	486	489	8	404	460	479	0.920	0.863
LOKIASV2_2712_ESMFold_hypothetical_protein	AF-Q94D33-F1-model_v4	AF-Q94D33-F1-model_v4 Os01g0586500 protein	4.334E-04	1.000	154	5	484	489	21	446	460	522	0.982	0.926
LOKIASV2_2712_ESMFold_hypothetical_protein	AF-U7Q5V6-F1-model_v4	AF-U7Q5V6-F1-model_v4 AA_permease domain-containing protein	6.878E-05	1.000	154	2	481	489	14	454	536	523	0.982	0.823
LOKIASV2_2712_ESMFold_hypothetical_protein	AF-A0A0D2ESM1-F1-model_v4	AF-A0A0D2ESM1-F1-model_v4 Unplaced genomic scaffold supercont1.6, whole genome shotgun sequence	2.706E-04	1.000	154	38	485	489	66	480	591	483	0.916	0.702
LOKIASV2_2712_ESMFold_hypothetical_protein	AF-P32487-F1-model_v4	AF-P32487-F1-model_v4 Lysine-specific permease	1.473E-05	1.000	154	7	484	489	76	563	611	570	0.978	0.799
LOKIASV2_2712_ESMFold_hypothetical_protein	AF-Q1L963-F1-model_v4	AF-Q1L963-F1-model_v4 Solute carrier family 12 member 10, tandem duplicate 2	3.499E-04	1.000	154	24	486	489	83	554	998	542	0.947	0.473
LOKIASV2_2712_ESMFold_hypothetical_protein	AF-A0A175W9F4-F1-model_v4	AF-A0A175W9F4-F1-model_v4 Probable alpha/beta-glucosidase agdC	1.295E-05	1.000	154	39	484	489	122	559	1384	507	0.912	0.316
LOKIASV2_2712_ESMFold_hypothetical_protein	AF-P9WQM3-F1-model_v4	AF-P9WQM3-F1-model_v4 Uncharacterized transporter Rv1999c	5.320E-05	1.000	153	26	479	489	4	413	440	507	0.928	0.932
LOKIASV2_2712_ESMFold_hypothetical_protein	AF-Q8ZLW4-F1-model_v4	AF-Q8ZLW4-F1-model_v4 Putative HAAAP family transport protein	1.690E-04	1.000	153	30	485	489	32	440	443	494	0.933	0.923
LOKIASV2_2712_ESMFold_hypothetical_protein	AF-A0A0H3GW71-F1-model_v4	AF-A0A0H3GW71-F1-model_v4 Putative allantoin permease	4.153E-04	1.000	153	39	480	489	19	402	459	469	0.904	0.837
LOKIASV2_2712_ESMFold_hypothetical_protein	AF-Q57WK8-F1-model_v4	AF-Q57WK8-F1-model_v4 Amino acid transporter, putative	4.153E-04	1.000	153	27	488	489	48	456	460	492	0.945	0.889
LOKIASV2_2712_ESMFold_hypothetical_protein	AF-A0A1C1D243-F1-model_v4	AF-A0A1C1D243-F1-model_v4 Putative amino-acid permease	1.150E-04	1.000	153	63	486	489	30	418	475	462	0.867	0.819
LOKIASV2_2712_ESMFold_hypothetical_protein	AF-Q9HU84-F1-model_v4	AF-Q9HU84-F1-model_v4 Probable transporter	2.593E-04	1.000	153	21	451	489	2	373	480	450	0.881	0.775
LOKIASV2_2712_ESMFold_hypothetical_protein	AF-K7KQF8-F1-model_v4	AF-K7KQF8-F1-model_v4 Uncharacterized protein	4.928E-04	1.000	153	20	483	489	27	432	482	485	0.949	0.842
LOKIASV2_2712_ESMFold_hypothetical_protein	AF-Q9I674-F1-model_v4	AF-Q9I674-F1-model_v4 Probable transporter	1.841E-04	1.000	153	42	489	489	48	469	496	492	0.916	0.851
LOKIASV2_2712_ESMFold_hypothetical_protein	AF-O33203-F1-model_v4	AF-O33203-F1-model_v4 Probable D-serine/alanine/glycine transporter protein CycA	4.928E-04	1.000	153	26	485	489	2	430	556	510	0.941	0.772
LOKIASV2_2712_ESMFold_hypothetical_protein	AF-A0A0A2V5H2-F1-model_v4	AF-A0A0A2V5H2-F1-model_v4 AA_permease domain-containing protein	1.101E-04	1.000	153	14	485	489	28	500	569	553	0.965	0.831
LOKIASV2_2712_ESMFold_hypothetical_protein	AF-U7PGW6-F1-model_v4	AF-U7PGW6-F1-model_v4 AA_permease domain-containing protein	1.055E-04	1.000	153	20	486	489	53	514	592	538	0.955	0.780
LOKIASV2_2712_ESMFold_hypothetical_protein	AF-I1K4C9-F1-model_v4	AF-I1K4C9-F1-model_v4 AA_permease_C domain-containing protein	1.922E-04	1.000	153	14	483	489	20	533	600	602	0.961	0.857
LOKIASV2_2712_ESMFold_hypothetical_protein	AF-A0A1P6BXZ4-F1-model_v4	AF-A0A1P6BXZ4-F1-model_v4 Bm3272	1.486E-04	1.000	153	20	462	489	4	419	620	505	0.906	0.671
LOKIASV2_2712_ESMFold_hypothetical_protein	AF-Q99MR3-F1-model_v4	AF-Q99MR3-F1-model_v4 Solute carrier family 12 member 9	1.101E-04	1.000	153	12	486	489	11	473	914	555	0.971	0.507
LOKIASV2_2712_ESMFold_hypothetical_protein	AF-H2KZC3-F1-model_v4	AF-H2KZC3-F1-model_v4 K+/Cl-Cotransporter	6.878E-05	1.000	153	3	486	489	127	662	1129	579	0.990	0.475
LOKIASV2_2712_ESMFold_hypothetical_protein	AF-P55011-F1-model_v4	AF-P55011-F1-model_v4 Solute carrier family 12 member 2	4.883E-05	1.000	153	20	482	489	270	749	1212	554	0.947	0.396
LOKIASV2_2712_ESMFold_hypothetical_protein	AF-P19072-F1-model_v4	AF-P19072-F1-model_v4 Branched-chain amino acid transport system 2 carrier protein	2.825E-04	1.000	152	26	483	489	1	389	437	484	0.937	0.890
LOKIASV2_2712_ESMFold_hypothetical_protein	AF-Q4E497-F1-model_v4	AF-Q4E497-F1-model_v4 Amino acid transporter, putative	3.812E-04	1.000	152	4	485	489	24	447	458	517	0.986	0.926
LOKIASV2_2712_ESMFold_hypothetical_protein	AF-Q6Z8D0-F1-model_v4	AF-Q6Z8D0-F1-model_v4 Polyamine transporter PUT1	8.892E-05	1.000	152	20	485	489	64	473	531	505	0.953	0.772
LOKIASV2_2712_ESMFold_hypothetical_protein	AF-A0A0D2DR76-F1-model_v4	AF-A0A0D2DR76-F1-model_v4 Unplaced genomic scaffold supercont1.4, whole genome shotgun sequence	3.049E-05	1.000	152	24	488	489	15	482	532	528	0.951	0.880
LOKIASV2_2712_ESMFold_hypothetical_protein	AF-Q9NA91-F1-model_v4	AF-Q9NA91-F1-model_v4 Amino Acid Transporter	2.948E-04	1.000	152	39	485	489	22	426	541	482	0.914	0.749
LOKIASV2_2712_ESMFold_hypothetical_protein	AF-A0A0D2GG93-F1-model_v4	AF-A0A0D2GG93-F1-model_v4 Unplaced genomic scaffold supercont1.6, whole genome shotgun sequence	8.812E-06	1.000	152	14	484	489	11	509	583	560	0.963	0.856
LOKIASV2_2712_ESMFold_hypothetical_protein	AF-Q4D4D1-F1-model_v4	AF-Q4D4D1-F1-model_v4 Amino acid permease, putative	2.281E-04	1.000	152	14	488	489	76	506	716	515	0.971	0.602
LOKIASV2_2712_ESMFold_hypothetical_protein	AF-Q1L964-F1-model_v4	AF-Q1L964-F1-model_v4 Solute carrier family 12 member 10, tandem duplicate 3	3.812E-04	1.000	152	24	482	489	88	554	996	535	0.939	0.469
LOKIASV2_2712_ESMFold_hypothetical_protein	AF-Q9VNC7-F1-model_v4	AF-Q9VNC7-F1-model_v4 GH09711p	6.104E-04	1.000	152	12	486	489	112	580	1068	529	0.971	0.439
LOKIASV2_2712_ESMFold_hypothetical_protein	AF-Q4DDN5-F1-model_v4	AF-Q4DDN5-F1-model_v4 Amino acid permease, putative	2.484E-04	1.000	151	14	489	489	12	448	448	515	0.973	0.975
LOKIASV2_2712_ESMFold_hypothetical_protein	AF-A0A1C1CUU9-F1-model_v4	AF-A0A1C1CUU9-F1-model_v4 Amino acid transporter	2.948E-04	1.000	151	63	485	489	2	396	449	463	0.865	0.880
LOKIASV2_2712_ESMFold_hypothetical_protein	AF-Q57UX9-F1-model_v4	AF-Q57UX9-F1-model_v4 Amino acid transporter, putative	5.144E-04	1.000	151	14	485	489	30	447	458	501	0.965	0.913
LOKIASV2_2712_ESMFold_hypothetical_protein	AF-A0A0H3GQY7-F1-model_v4	AF-A0A0H3GQY7-F1-model_v4 Sodium/proline symporter	1.307E-04	1.000	151	41	486	489	43	469	502	507	0.912	0.851
LOKIASV2_2712_ESMFold_hypothetical_protein	AF-A0A1C1CD69-F1-model_v4	AF-A0A1C1CD69-F1-model_v4 Choline transport protein	2.093E-04	1.000	151	38	486	489	31	460	545	506	0.918	0.789
LOKIASV2_2712_ESMFold_hypothetical_protein	AF-Q59LX0-F1-model_v4	AF-Q59LX0-F1-model_v4 Fcy23p	1.055E-04	1.000	151	2	448	489	65	458	597	463	0.914	0.660
LOKIASV2_2712_ESMFold_hypothetical_protein	AF-D3Z9E5-F1-model_v4	AF-D3Z9E5-F1-model_v4 Electrogenic sodium monocarboxylate cotransporter	3.499E-04	1.000	151	27	452	489	34	431	611	463	0.871	0.651
LOKIASV2_2712_ESMFold_hypothetical_protein	AF-A0A0N4UGX0-F1-model_v4	AF-A0A0N4UGX0-F1-model_v4 Uncharacterized protein	7.493E-05	1.000	151	5	488	489	45	532	624	587	0.990	0.782
LOKIASV2_2712_ESMFold_hypothetical_protein	AF-A0A1C1CKI1-F1-model_v4	AF-A0A1C1CKI1-F1-model_v4 High-affinity methionine permease	5.604E-04	1.000	151	39	484	489	140	550	682	476	0.912	0.603
LOKIASV2_2712_ESMFold_hypothetical_protein	AF-X1WED4-F1-model_v4	AF-X1WED4-F1-model_v4 Solute carrier family 12 member 5a	5.849E-04	1.000	151	3	486	489	35	570	1080	615	0.990	0.496
LOKIASV2_2712_ESMFold_hypothetical_protein	AF-P55012-F1-model_v4	AF-P55012-F1-model_v4 Solute carrier family 12 member 2	5.320E-05	1.000	151	20	482	489	263	742	1205	558	0.947	0.398
LOKIASV2_2712_ESMFold_hypothetical_protein	AF-Q381K0-F1-model_v4	AF-Q381K0-F1-model_v4 Amino acid transporter, putative	5.849E-04	1.000	150	21	485	489	28	450	462	509	0.951	0.916
LOKIASV2_2712_ESMFold_hypothetical_protein	AF-Q4DMS3-F1-model_v4	AF-Q4DMS3-F1-model_v4 Amino acid transporter, putative	1.437E-03	1.000	150	32	485	489	54	451	463	471	0.928	0.860
LOKIASV2_2712_ESMFold_hypothetical_protein	AF-A0A1D6P4C8-F1-model_v4	AF-A0A1D6P4C8-F1-model_v4 Amino acid transporter-like protein	4.928E-04	1.000	150	20	488	489	46	462	475	506	0.959	0.878
LOKIASV2_2712_ESMFold_hypothetical_protein	AF-A0A1C1CV30-F1-model_v4	AF-A0A1C1CV30-F1-model_v4 Choline transport protein	2.484E-04	1.000	150	2	486	489	17	461	518	533	0.992	0.859
LOKIASV2_2712_ESMFold_hypothetical_protein	AF-E7F8S7-F1-model_v4	AF-E7F8S7-F1-model_v4 Solute carrier family 7 member 14b	2.706E-04	1.000	150	38	449	489	55	423	756	443	0.843	0.488
LOKIASV2_2712_ESMFold_hypothetical_protein	AF-U7PX78-F1-model_v4	AF-U7PX78-F1-model_v4 Uncharacterized protein	1.101E-04	1.000	150	23	480	489	138	630	778	561	0.937	0.634
LOKIASV2_2712_ESMFold_hypothetical_protein	AF-A0A0K0E2T1-F1-model_v4	AF-A0A0K0E2T1-F1-model_v4 Uncharacterized protein	2.006E-04	1.000	150	14	488	489	93	558	1025	538	0.971	0.455
LOKIASV2_2712_ESMFold_hypothetical_protein	AF-P45539-F1-model_v4	AF-P45539-F1-model_v4 Probable fructoselysine/psicoselysine transporter FrlA	2.006E-04	1.000	149	22	488	489	5	410	445	493	0.955	0.912
LOKIASV2_2712_ESMFold_hypothetical_protein	AF-Q8DQQ3-F1-model_v4	AF-Q8DQQ3-F1-model_v4 Branched-chain amino acid transport system carrier protein	2.281E-04	1.000	149	32	480	489	1	395	446	479	0.918	0.886
LOKIASV2_2712_ESMFold_hypothetical_protein	AF-A4HZQ0-F1-model_v4	AF-A4HZQ0-F1-model_v4 Amino_acid_permease_-_putative	5.144E-04	1.000	149	2	485	489	44	475	485	518	0.990	0.891
LOKIASV2_2712_ESMFold_hypothetical_protein	AF-A0A175VTY2-F1-model_v4	AF-A0A175VTY2-F1-model_v4 High-affinity methionine permease	2.825E-04	1.000	149	14	485	489	33	469	543	518	0.965	0.805
LOKIASV2_2712_ESMFold_hypothetical_protein	AF-K0ETE0-F1-model_v4	AF-K0ETE0-F1-model_v4 Acetate transporter	1.200E-04	1.000	149	30	440	489	42	435	545	461	0.840	0.723
LOKIASV2_2712_ESMFold_hypothetical_protein	AF-I1LCY5-F1-model_v4	AF-I1LCY5-F1-model_v4 Aa_trans domain-containing protein	2.093E-04	1.000	149	20	485	489	136	546	561	507	0.953	0.733
LOKIASV2_2712_ESMFold_hypothetical_protein	AF-A0A0D2GJN8-F1-model_v4	AF-A0A0D2GJN8-F1-model_v4 Unplaced genomic scaffold supercont1.3, whole genome shotgun sequence	1.824E-05	1.000	149	39	484	489	68	513	561	514	0.912	0.795
LOKIASV2_2712_ESMFold_hypothetical_protein	AF-U7PTU8-F1-model_v4	AF-U7PTU8-F1-model_v4 AA_permease domain-containing protein	4.153E-04	1.000	149	24	483	489	40	485	565	515	0.941	0.789
LOKIASV2_2712_ESMFold_hypothetical_protein	AF-C1H5V5-F1-model_v4	AF-C1H5V5-F1-model_v4 Amino-acid permease inda1	3.777E-05	1.000	149	39	484	489	72	519	570	526	0.912	0.786
LOKIASV2_2712_ESMFold_hypothetical_protein	AF-A2BFP5-F1-model_v4	AF-A2BFP5-F1-model_v4 Solute carrier family 12 member 9	1.551E-04	1.000	149	14	486	489	14	479	899	555	0.967	0.518
LOKIASV2_2712_ESMFold_hypothetical_protein	AF-P55018-F1-model_v4	AF-P55018-F1-model_v4 Solute carrier family 12 member 3	1.922E-04	1.000	149	21	488	489	109	603	1002	564	0.957	0.494
LOKIASV2_2712_ESMFold_hypothetical_protein	AF-Q57V85-F1-model_v4	AF-Q57V85-F1-model_v4 Amino acid transporter 1, putative	1.364E-04	1.000	148	24	485	489	34	455	467	503	0.945	0.904
LOKIASV2_2712_ESMFold_hypothetical_protein	AF-A4ICU5-F1-model_v4	AF-A4ICU5-F1-model_v4 Amino acid permease-like protein	7.493E-05	1.000	148	34	488	489	80	486	494	497	0.930	0.824
LOKIASV2_2712_ESMFold_hypothetical_protein	AF-Q381J1-F1-model_v4	AF-Q381J1-F1-model_v4 Amino acid transporter, putative	3.812E-04	1.000	148	26	488	489	50	468	495	497	0.947	0.846
LOKIASV2_2712_ESMFold_hypothetical_protein	AF-A4I6J8-F1-model_v4	AF-A4I6J8-F1-model_v4 Amino_acid_transporter_-_putative	8.237E-04	1.000	148	3	485	489	105	521	535	513	0.988	0.779
LOKIASV2_2712_ESMFold_hypothetical_protein	AF-A0A1D8PDP0-F1-model_v4	AF-A0A1D8PDP0-F1-model_v4 AA_permease domain-containing protein	5.849E-04	1.000	148	26	486	489	27	471	548	507	0.943	0.812
LOKIASV2_2712_ESMFold_hypothetical_protein	AF-Q59WU0-F1-model_v4	AF-Q59WU0-F1-model_v4 Probable lysine/arginine permease CAN2	5.553E-05	1.000	148	20	484	489	40	511	568	546	0.951	0.831
LOKIASV2_2712_ESMFold_hypothetical_protein	AF-Q5ACZ5-F1-model_v4	AF-Q5ACZ5-F1-model_v4 Uncharacterized protein	4.153E-04	1.000	148	2	486	489	48	498	569	523	0.992	0.793
LOKIASV2_2712_ESMFold_hypothetical_protein	AF-P38971-F1-model_v4	AF-P38971-F1-model_v4 Basic amino-acid permease	6.590E-05	1.000	148	39	486	489	72	496	573	499	0.916	0.742
LOKIASV2_2712_ESMFold_hypothetical_protein	AF-Q9P768-F1-model_v4	AF-Q9P768-F1-model_v4 Uncharacterized amino-acid permease P7G5.06	2.074E-05	1.000	148	14	484	489	41	533	583	566	0.963	0.846
LOKIASV2_2712_ESMFold_hypothetical_protein	AF-A0A3Q0KPT1-F1-model_v4	AF-A0A3Q0KPT1-F1-model_v4 Putative high-affinity choline transporter	2.948E-04	1.000	148	4	455	489	21	422	602	484	0.924	0.668
LOKIASV2_2712_ESMFold_hypothetical_protein	AF-Q57UX7-F1-model_v4	AF-Q57UX7-F1-model_v4 Amino acid transporter, putative	1.160E-03	1.000	147	24	485	489	39	447	458	489	0.945	0.893
LOKIASV2_2712_ESMFold_hypothetical_protein	AF-Q9I236-F1-model_v4	AF-Q9I236-F1-model_v4 Probable amino acid permease	1.200E-04	1.000	147	39	488	489	23	444	468	512	0.920	0.902
LOKIASV2_2712_ESMFold_hypothetical_protein	AF-A0A1A7SG39-F1-model_v4	AF-A0A1A7SG39-F1-model_v4 Amino acid permease	9.366E-04	1.000	147	43	485	489	12	413	473	488	0.906	0.850
LOKIASV2_2712_ESMFold_hypothetical_protein	AF-A0A5S6PJ55-F1-model_v4	AF-A0A5S6PJ55-F1-model_v4 Amino acid permease family protein	3.979E-04	1.000	147	39	488	489	3	407	506	483	0.920	0.800
LOKIASV2_2712_ESMFold_hypothetical_protein	AF-A0A0D2GWM9-F1-model_v4	AF-A0A0D2GWM9-F1-model_v4 Unplaced genomic scaffold supercont1.1, whole genome shotgun sequence	1.764E-04	1.000	147	24	486	489	23	472	539	525	0.947	0.835
LOKIASV2_2712_ESMFold_hypothetical_protein	AF-P04817-F1-model_v4	AF-P04817-F1-model_v4 Arginine permease CAN1	1.364E-04	1.000	147	21	486	489	65	544	590	549	0.953	0.814
LOKIASV2_2712_ESMFold_hypothetical_protein	AF-A0A077ZGV7-F1-model_v4	AF-A0A077ZGV7-F1-model_v4 Solute carrier family 12	4.928E-04	1.000	147	21	486	489	135	585	1149	524	0.953	0.393
LOKIASV2_2712_ESMFold_hypothetical_protein	AF-F4J1Q9-F1-model_v4	AF-F4J1Q9-F1-model_v4 Amino acid transporter AVT1I	5.849E-04	1.000	146	5	488	489	2	396	405	507	0.990	0.975
LOKIASV2_2712_ESMFold_hypothetical_protein	AF-Q57WK5-F1-model_v4	AF-Q57WK5-F1-model_v4 Amino acid transporter, putative	5.144E-04	1.000	146	29	488	489	45	457	461	496	0.941	0.896
LOKIASV2_2712_ESMFold_hypothetical_protein	AF-Q9GZV3-F1-model_v4	AF-Q9GZV3-F1-model_v4 High affinity choline transporter 1	9.776E-04	1.000	146	38	456	489	51	427	580	452	0.857	0.650
LOKIASV2_2712_ESMFold_hypothetical_protein	AF-U7PH21-F1-model_v4	AF-U7PH21-F1-model_v4 Fe2OG dioxygenase domain-containing protein	2.706E-04	1.000	146	21	482	489	64	497	775	502	0.945	0.560
LOKIASV2_2712_ESMFold_hypothetical_protein	AF-A0A0H3GVK1-F1-model_v4	AF-A0A0H3GVK1-F1-model_v4 Aromatic amino acid permease	1.705E-03	1.000	145	36	487	489	2	392	403	477	0.924	0.970
LOKIASV2_2712_ESMFold_hypothetical_protein	AF-A0A0D2E3I0-F1-model_v4	AF-A0A0D2E3I0-F1-model_v4 Unplaced genomic scaffold supercont1.2, whole genome shotgun sequence	1.200E-04	1.000	145	20	485	489	3	459	542	531	0.953	0.843
LOKIASV2_2712_ESMFold_hypothetical_protein	AF-C1H5S0-F1-model_v4	AF-C1H5S0-F1-model_v4 Purine-cytosine permease FCY22	1.150E-04	1.000	145	39	482	489	113	538	561	512	0.908	0.759
LOKIASV2_2712_ESMFold_hypothetical_protein	AF-Q84MA5-F1-model_v4	AF-Q84MA5-F1-model_v4 Cationic amino acid transporter 1	4.722E-04	1.000	145	38	455	489	76	437	594	455	0.855	0.609
LOKIASV2_2712_ESMFold_hypothetical_protein	AF-Q19301-F1-model_v4	AF-Q19301-F1-model_v4 AA_permease domain-containing protein	5.369E-04	1.000	145	10	462	489	36	423	603	486	0.926	0.643
LOKIASV2_2712_ESMFold_hypothetical_protein	AF-A0A0N4UNE3-F1-model_v4	AF-A0A0N4UNE3-F1-model_v4 Transporter	4.928E-04	1.000	145	24	483	489	44	554	606	593	0.941	0.843
LOKIASV2_2712_ESMFold_hypothetical_protein	AF-O70247-F1-model_v4	AF-O70247-F1-model_v4 Sodium-dependent multivitamin transporter	1.319E-03	1.000	145	40	449	489	67	444	634	437	0.838	0.596
LOKIASV2_2712_ESMFold_hypothetical_protein	AF-A0A0B4K7V4-F1-model_v4	AF-A0A0B4K7V4-F1-model_v4 Transporter	4.722E-04	1.000	145	20	484	489	45	570	721	611	0.951	0.730
LOKIASV2_2712_ESMFold_hypothetical_protein	AF-U4PLX3-F1-model_v4	AF-U4PLX3-F1-model_v4 AA_permease domain-containing protein	1.551E-04	1.000	145	38	451	489	31	436	762	490	0.847	0.533
LOKIASV2_2712_ESMFold_hypothetical_protein	AF-A0A077ZC29-F1-model_v4	AF-A0A077ZC29-F1-model_v4 Protein kcc	3.352E-04	1.000	145	38	486	489	3	509	948	540	0.918	0.535
LOKIASV2_2712_ESMFold_hypothetical_protein	AF-O45813-F1-model_v4	AF-O45813-F1-model_v4 Transporter	1.101E-04	1.000	145	5	489	489	144	662	1022	604	0.992	0.508
LOKIASV2_2712_ESMFold_hypothetical_protein	AF-Q4D6Y8-F1-model_v4	AF-Q4D6Y8-F1-model_v4 Amino acid transporter, putative	8.237E-04	1.000	144	21	485	489	26	437	448	495	0.951	0.920
LOKIASV2_2712_ESMFold_hypothetical_protein	AF-Q57V87-F1-model_v4	AF-Q57V87-F1-model_v4 Amino acid transporter, putative	4.334E-04	1.000	144	25	485	489	31	454	466	499	0.943	0.910
LOKIASV2_2712_ESMFold_hypothetical_protein	AF-Q584M1-F1-model_v4	AF-Q584M1-F1-model_v4 Amino acid transporter 7, putative	9.776E-04	1.000	144	19	489	489	55	485	490	504	0.963	0.880
LOKIASV2_2712_ESMFold_hypothetical_protein	AF-A0A0D2H1Y5-F1-model_v4	AF-A0A0D2H1Y5-F1-model_v4 Unplaced genomic scaffold supercont1.1, whole genome shotgun sequence	8.974E-04	1.000	144	21	482	489	18	465	574	518	0.945	0.780
LOKIASV2_2712_ESMFold_hypothetical_protein	AF-B0V3R4-F1-model_v4	AF-B0V3R4-F1-model_v4 Transporter	3.812E-04	1.000	144	2	489	489	4	526	625	610	0.998	0.837
LOKIASV2_2712_ESMFold_hypothetical_protein	AF-A0A0D2H4F6-F1-model_v4	AF-A0A0D2H4F6-F1-model_v4 Unplaced genomic scaffold supercont1.4, whole genome shotgun sequence	2.825E-04	1.000	144	20	488	489	55	587	652	596	0.959	0.817
LOKIASV2_2712_ESMFold_hypothetical_protein	AF-P55017-F1-model_v4	AF-P55017-F1-model_v4 Solute carrier family 12 member 3	1.252E-04	1.000	144	24	488	489	126	605	1021	548	0.951	0.470
LOKIASV2_2712_ESMFold_hypothetical_protein	AF-P44614-F1-model_v4	AF-P44614-F1-model_v4 Tryptophan-specific transport protein	2.113E-03	1.000	143	39	487	489	9	406	418	465	0.918	0.952
LOKIASV2_2712_ESMFold_hypothetical_protein	AF-Q32JF3-F1-model_v4	AF-Q32JF3-F1-model_v4 Branched-chain amino acid transport system carrier protein	2.484E-04	1.000	143	37	488	489	8	425	439	496	0.924	0.952
LOKIASV2_2712_ESMFold_hypothetical_protein	AF-Q67VL0-F1-model_v4	AF-Q67VL0-F1-model_v4 Os06g0633800 protein	5.849E-04	1.000	143	21	488	489	24	445	458	508	0.957	0.921
LOKIASV2_2712_ESMFold_hypothetical_protein	AF-P27837-F1-model_v4	AF-P27837-F1-model_v4 Probable transport protein YifK	2.185E-04	1.000	143	39	488	489	14	447	461	512	0.920	0.941
LOKIASV2_2712_ESMFold_hypothetical_protein	AF-A0A0D2GXW3-F1-model_v4	AF-A0A0D2GXW3-F1-model_v4 Unplaced genomic scaffold supercont1.6, whole genome shotgun sequence	5.144E-04	1.000	143	5	486	489	8	463	536	529	0.986	0.851
LOKIASV2_2712_ESMFold_hypothetical_protein	AF-Q9NSD5-F1-model_v4	AF-Q9NSD5-F1-model_v4 Sodium- and chloride-dependent GABA transporter 2	1.319E-03	1.000	143	37	489	489	38	514	602	549	0.926	0.792
LOKIASV2_2712_ESMFold_hypothetical_protein	AF-Q8N695-F1-model_v4	AF-Q8N695-F1-model_v4 Sodium-coupled monocarboxylate transporter 1	6.104E-04	1.000	143	27	449	489	34	431	610	461	0.865	0.652
LOKIASV2_2712_ESMFold_hypothetical_protein	AF-Q5RIG1-F1-model_v4	AF-Q5RIG1-F1-model_v4 Solute carrier family 5 member 6a	8.237E-04	1.000	143	42	450	489	55	420	625	429	0.836	0.586
LOKIASV2_2712_ESMFold_hypothetical_protein	AF-Q9FKY3-F1-model_v4	AF-Q9FKY3-F1-model_v4 Amino acid transporter AVT3A	4.928E-04	1.000	142	14	485	489	5	413	427	514	0.965	0.958
LOKIASV2_2712_ESMFold_hypothetical_protein	AF-A0A133CF62-F1-model_v4	AF-A0A133CF62-F1-model_v4 Branched-chain amino acid transport system carrier protein	7.245E-04	1.000	142	24	489	489	1	437	450	520	0.953	0.971
LOKIASV2_2712_ESMFold_hypothetical_protein	AF-Q4DSW7-F1-model_v4	AF-Q4DSW7-F1-model_v4 Amino acid transporter, putative	7.892E-04	1.000	142	20	485	489	50	458	471	495	0.953	0.868
LOKIASV2_2712_ESMFold_hypothetical_protein	AF-P30143-F1-model_v4	AF-P30143-F1-model_v4 Uncharacterized transporter YaaJ	8.892E-05	1.000	142	32	451	489	40	440	476	459	0.859	0.842
LOKIASV2_2712_ESMFold_hypothetical_protein	AF-A4I6I1-F1-model_v4	AF-A4I6I1-F1-model_v4 Amino acid permease 3	5.604E-04	1.000	142	20	488	489	56	471	480	507	0.959	0.867
LOKIASV2_2712_ESMFold_hypothetical_protein	AF-A0A1C1CP28-F1-model_v4	AF-A0A1C1CP28-F1-model_v4 Purine-cytosine permease FCY21	6.049E-05	1.000	142	4	453	489	49	426	519	485	0.920	0.728
LOKIASV2_2712_ESMFold_hypothetical_protein	AF-A0A0K0EB20-F1-model_v4	AF-A0A0K0EB20-F1-model_v4 AA_permease domain-containing protein	3.352E-04	1.000	142	11	462	489	36	426	593	486	0.924	0.659
LOKIASV2_2712_ESMFold_hypothetical_protein	AF-Q49B93-F1-model_v4	AF-Q49B93-F1-model_v4 Sodium-coupled monocarboxylate transporter 2	3.812E-04	1.000	142	32	447	489	30	421	619	468	0.851	0.633
LOKIASV2_2712_ESMFold_hypothetical_protein	AF-M9PI37-F1-model_v4	AF-M9PI37-F1-model_v4 Sodium chloride cotransporter 69, isoform E	8.598E-04	1.000	142	20	486	489	197	653	1207	532	0.955	0.379
LOKIASV2_2712_ESMFold_hypothetical_protein	AF-C1GQC4-F1-model_v4	AF-C1GQC4-F1-model_v4 Uncharacterized protein	7.892E-04	1.000	142	21	486	489	92	543	1277	528	0.953	0.354
LOKIASV2_2712_ESMFold_hypothetical_protein	AF-O74327-F1-model_v4	AF-O74327-F1-model_v4 Vacuolar amino acid transporter 5	3.812E-04	1.000	141	21	486	489	2	410	420	509	0.953	0.974
LOKIASV2_2712_ESMFold_hypothetical_protein	AF-A0A1D6H345-F1-model_v4	AF-A0A1D6H345-F1-model_v4 Transmembrane amino acid transporter family protein	7.892E-04	1.000	141	39	488	489	37	438	451	487	0.920	0.891
LOKIASV2_2712_ESMFold_hypothetical_protein	AF-A0A077ZFZ5-F1-model_v4	AF-A0A077ZFZ5-F1-model_v4 AA permease domain containing protein	2.006E-04	1.000	141	39	488	489	14	447	461	518	0.920	0.941
LOKIASV2_2712_ESMFold_hypothetical_protein	AF-Q583F8-F1-model_v4	AF-Q583F8-F1-model_v4 Amino acid transporter, putative	3.077E-04	1.000	141	5	488	489	31	469	473	514	0.990	0.928
LOKIASV2_2712_ESMFold_hypothetical_protein	AF-Q9FFL1-F1-model_v4	AF-Q9FFL1-F1-model_v4 Polyamine transporter RMV1	1.307E-04	1.000	141	21	481	489	36	463	490	512	0.943	0.873
LOKIASV2_2712_ESMFold_hypothetical_protein	AF-U7PWI2-F1-model_v4	AF-U7PWI2-F1-model_v4 Uncharacterized protein	2.006E-04	1.000	141	4	453	489	59	440	536	467	0.920	0.713
LOKIASV2_2712_ESMFold_hypothetical_protein	AF-A0A0D2GVN8-F1-model_v4	AF-A0A0D2GVN8-F1-model_v4 Unplaced genomic scaffold supercont1.3, whole genome shotgun sequence	1.112E-03	1.000	141	18	485	489	24	455	544	502	0.957	0.794
LOKIASV2_2712_ESMFold_hypothetical_protein	AF-E9QJH0-F1-model_v4	AF-E9QJH0-F1-model_v4 Solute carrier family 12 member 7b	5.849E-04	1.000	141	1	486	489	71	607	1055	601	0.994	0.509
LOKIASV2_2712_ESMFold_hypothetical_protein	AF-Q9Y666-F1-model_v4	AF-Q9Y666-F1-model_v4 Solute carrier family 12 member 7	7.892E-04	1.000	141	4	486	489	101	633	1083	616	0.988	0.492
LOKIASV2_2712_ESMFold_hypothetical_protein	AF-P0AAD4-F1-model_v4	AF-P0AAD4-F1-model_v4 Tyrosine-specific transport protein	2.731E-03	1.000	140	36	488	489	2	393	403	479	0.926	0.973
LOKIASV2_2712_ESMFold_hypothetical_protein	AF-Q3USY0-F1-model_v4	AF-Q3USY0-F1-model_v4 Putative sodium-coupled neutral amino acid transporter 11	1.634E-03	1.000	140	20	488	489	5	416	453	502	0.959	0.909
LOKIASV2_2712_ESMFold_hypothetical_protein	AF-Q5F793-F1-model_v4	AF-Q5F793-F1-model_v4 Alanine glycine permease	3.352E-04	1.000	140	30	462	489	58	446	472	469	0.885	0.824
LOKIASV2_2712_ESMFold_hypothetical_protein	AF-A0A0H3GI03-F1-model_v4	AF-A0A0H3GI03-F1-model_v4 Inner membrane transport protein	4.722E-04	1.000	140	32	453	489	40	438	476	459	0.863	0.838
LOKIASV2_2712_ESMFold_hypothetical_protein	AF-I1L225-F1-model_v4	AF-I1L225-F1-model_v4 AA_permease_C domain-containing protein	3.077E-04	1.000	140	10	483	489	65	536	594	572	0.969	0.795
LOKIASV2_2712_ESMFold_hypothetical_protein	AF-A0A1B0GSD2-F1-model_v4	AF-A0A1B0GSD2-F1-model_v4 Transporter	2.380E-04	1.000	140	21	481	489	30	578	748	615	0.943	0.734
LOKIASV2_2712_ESMFold_hypothetical_protein	AF-Q8LPL8-F1-model_v4	AF-Q8LPL8-F1-model_v4 Potassium transporter 13	2.281E-04	1.000	140	27	488	489	97	552	855	546	0.945	0.533
LOKIASV2_2712_ESMFold_hypothetical_protein	AF-O44846-F1-model_v4	AF-O44846-F1-model_v4 Uncharacterized protein	6.650E-04	1.000	140	39	486	489	85	526	952	522	0.916	0.464
LOKIASV2_2712_ESMFold_hypothetical_protein	AF-K7LCK9-F1-model_v4	AF-K7LCK9-F1-model_v4 Uncharacterized protein	6.941E-04	1.000	140	18	486	489	123	581	994	543	0.959	0.462
LOKIASV2_2712_ESMFold_hypothetical_protein	AF-A0A1C1CD78-F1-model_v4	AF-A0A1C1CD78-F1-model_v4 Cation chloride cotransporter	6.104E-04	1.000	140	38	486	489	154	594	1310	523	0.918	0.337
LOKIASV2_2712_ESMFold_hypothetical_protein	AF-B4F9V0-F1-model_v4	AF-B4F9V0-F1-model_v4 Amino acid transporter ANT1	8.598E-04	1.000	139	16	488	489	18	422	428	508	0.967	0.946
LOKIASV2_2712_ESMFold_hypothetical_protein	AF-K7MA07-F1-model_v4	AF-K7MA07-F1-model_v4 Aa_trans domain-containing protein	8.520E-05	1.000	139	21	487	489	44	500	516	542	0.955	0.886
LOKIASV2_2712_ESMFold_hypothetical_protein	AF-A0A1C1CR31-F1-model_v4	AF-A0A1C1CR31-F1-model_v4 Putative amino-acid permease P7G5.06	6.590E-05	1.000	139	4	484	489	40	508	557	554	0.984	0.842
LOKIASV2_2712_ESMFold_hypothetical_protein	AF-A0A1D6MWS7-F1-model_v4	AF-A0A1D6MWS7-F1-model_v4 Transmembrane amino acid transporter family protein	1.319E-03	1.000	139	43	483	489	191	593	609	497	0.902	0.662
LOKIASV2_2712_ESMFold_hypothetical_protein	AF-A0A7I4KME7-F1-model_v4	AF-A0A7I4KME7-F1-model_v4 Transporter	4.928E-04	1.000	139	20	489	489	22	531	621	586	0.961	0.821
LOKIASV2_2712_ESMFold_hypothetical_protein	AF-Q66HR0-F1-model_v4	AF-Q66HR0-F1-model_v4 Solute carrier family 12 member 9	4.153E-04	1.000	139	24	486	489	23	473	914	538	0.947	0.493
LOKIASV2_2712_ESMFold_hypothetical_protein	AF-A0A077Z5N4-F1-model_v4	AF-A0A077Z5N4-F1-model_v4 Solute carrier family 12	4.928E-04	1.000	139	38	486	489	19	521	929	549	0.918	0.541
LOKIASV2_2712_ESMFold_hypothetical_protein	AF-Q57V83-F1-model_v4	AF-Q57V83-F1-model_v4 Amino acid transporter 1, putative	2.006E-04	1.000	138	20	484	489	30	461	467	512	0.951	0.925
LOKIASV2_2712_ESMFold_hypothetical_protein	AF-Q4CQK7-F1-model_v4	AF-Q4CQK7-F1-model_v4 Amino acid transporter, putative	3.212E-04	1.000	138	26	485	489	54	471	483	503	0.941	0.865
LOKIASV2_2712_ESMFold_hypothetical_protein	AF-A0A1D5NSG7-F1-model_v4	AF-A0A1D5NSG7-F1-model_v4 Solute carrier family 38 member 8b	4.928E-04	1.000	138	3	488	489	111	548	558	525	0.994	0.785
LOKIASV2_2712_ESMFold_hypothetical_protein	AF-A0A133CUC6-F1-model_v4	AF-A0A133CUC6-F1-model_v4 APC family permease	1.139E-05	1.000	138	25	483	489	11	448	607	519	0.939	0.722
LOKIASV2_2712_ESMFold_hypothetical_protein	AF-P23977-F1-model_v4	AF-P23977-F1-model_v4 Sodium-dependent dopamine transporter	6.104E-04	1.000	138	24	489	489	50	541	619	575	0.953	0.795
LOKIASV2_2712_ESMFold_hypothetical_protein	AF-P0A1W8-F1-model_v4	AF-P0A1W8-F1-model_v4 Branched-chain amino acid transport system 2 carrier protein	3.812E-04	1.000	137	37	488	489	8	425	439	500	0.924	0.952
LOKIASV2_2712_ESMFold_hypothetical_protein	AF-Q9C9J0-F1-model_v4	AF-Q9C9J0-F1-model_v4 Lysine histidine transporter-like 5	8.974E-04	1.000	137	38	485	489	39	428	448	488	0.916	0.871
LOKIASV2_2712_ESMFold_hypothetical_protein	AF-A4I887-F1-model_v4	AF-A4I887-F1-model_v4 L-Lysine_transport_protein_-_putative	1.211E-03	1.000	137	21	485	489	62	475	486	497	0.951	0.852
LOKIASV2_2712_ESMFold_hypothetical_protein	AF-Q381J0-F1-model_v4	AF-Q381J0-F1-model_v4 Amino acid transporter, putative	7.892E-04	1.000	137	25	488	489	51	472	494	506	0.949	0.854
LOKIASV2_2712_ESMFold_hypothetical_protein	AF-Q32HP8-F1-model_v4	AF-Q32HP8-F1-model_v4 Sodium/proline symporter	4.153E-04	1.000	137	41	489	489	43	473	502	510	0.918	0.859
LOKIASV2_2712_ESMFold_hypothetical_protein	AF-P10502-F1-model_v4	AF-P10502-F1-model_v4 Sodium/proline symporter	6.371E-04	1.000	137	41	489	489	43	473	502	514	0.918	0.859
LOKIASV2_2712_ESMFold_hypothetical_protein	AF-A0A1C1CXK8-F1-model_v4	AF-A0A1C1CXK8-F1-model_v4 Putative amino-acid permease	3.652E-04	1.000	137	36	483	489	33	462	514	494	0.916	0.837
LOKIASV2_2712_ESMFold_hypothetical_protein	AF-A0A1C1CJ57-F1-model_v4	AF-A0A1C1CJ57-F1-model_v4 Putative choline transport protein	2.281E-04	1.000	137	20	486	489	3	462	537	529	0.955	0.857
LOKIASV2_2712_ESMFold_hypothetical_protein	AF-P31643-F1-model_v4	AF-P31643-F1-model_v4 Sodium- and chloride-dependent taurine transporter	2.380E-04	1.000	137	2	481	489	4	525	621	598	0.982	0.841
LOKIASV2_2712_ESMFold_hypothetical_protein	AF-Q5U4D8-F1-model_v4	AF-Q5U4D8-F1-model_v4 Sodium-dependent multivitamin transporter	9.366E-04	1.000	137	21	449	489	4	444	634	503	0.877	0.696
LOKIASV2_2712_ESMFold_hypothetical_protein	AF-G4VCI8-F1-model_v4	AF-G4VCI8-F1-model_v4 Putative cationic amino acid transporter	8.974E-04	1.000	137	1	462	489	1	423	647	503	0.945	0.654
LOKIASV2_2712_ESMFold_hypothetical_protein	AF-A0A2K6VF97-F1-model_v4	AF-A0A2K6VF97-F1-model_v4 Uncharacterized protein	8.237E-04	1.000	137	24	486	489	82	548	970	550	0.947	0.481
LOKIASV2_2712_ESMFold_hypothetical_protein	AF-K7MCG4-F1-model_v4	AF-K7MCG4-F1-model_v4 Uncharacterized protein	5.849E-04	1.000	137	6	486	489	106	580	992	563	0.984	0.479
LOKIASV2_2712_ESMFold_hypothetical_protein	AF-Q67WJ7-F1-model_v4	AF-Q67WJ7-F1-model_v4 Os06g0228500 protein	1.437E-03	1.000	136	38	485	489	13	400	413	475	0.916	0.939
LOKIASV2_2712_ESMFold_hypothetical_protein	AF-P40074-F1-model_v4	AF-P40074-F1-model_v4 Vacuolar amino acid transporter 6	6.371E-04	1.000	136	39	488	489	5	442	448	521	0.920	0.978
LOKIASV2_2712_ESMFold_hypothetical_protein	AF-Q8IZM9-F1-model_v4	AF-Q8IZM9-F1-model_v4 Probable sodium-coupled neutral amino acid transporter 6	2.484E-04	1.000	136	20	488	489	23	451	456	518	0.959	0.941
LOKIASV2_2712_ESMFold_hypothetical_protein	AF-A0A133N3M1-F1-model_v4	AF-A0A133N3M1-F1-model_v4 Branched-chain amino acid transport system carrier protein	9.366E-04	1.000	136	35	476	489	9	389	459	464	0.904	0.830
LOKIASV2_2712_ESMFold_hypothetical_protein	AF-Q57V84-F1-model_v4	AF-Q57V84-F1-model_v4 Amino acid transporter 1, putative	4.524E-04	1.000	136	20	484	489	30	461	467	507	0.951	0.925
LOKIASV2_2712_ESMFold_hypothetical_protein	AF-Q57V82-F1-model_v4	AF-Q57V82-F1-model_v4 Amino acid transporter 1, putative	5.144E-04	1.000	136	4	484	489	46	461	467	508	0.984	0.891
LOKIASV2_2712_ESMFold_hypothetical_protein	AF-Q584L9-F1-model_v4	AF-Q584L9-F1-model_v4 Amino acid transporter 8, putative	1.211E-03	1.000	136	5	489	489	9	468	473	537	0.992	0.973
LOKIASV2_2712_ESMFold_hypothetical_protein	AF-Q1EHB4-F1-model_v4	AF-Q1EHB4-F1-model_v4 Sodium-coupled monocarboxylate transporter 2	8.598E-04	1.000	136	40	447	489	50	421	618	444	0.834	0.602
LOKIASV2_2712_ESMFold_hypothetical_protein	AF-O46100-F1-model_v4	AF-O46100-F1-model_v4 EG:8D8.3 protein	7.245E-04	1.000	136	11	462	489	80	455	712	484	0.924	0.528
LOKIASV2_2712_ESMFold_hypothetical_protein	AF-O22719-F1-model_v4	AF-O22719-F1-model_v4 Lysine histidine transporter-like 3	4.524E-04	1.000	135	33	485	489	19	428	451	494	0.926	0.909
LOKIASV2_2712_ESMFold_hypothetical_protein	AF-Q4CYP4-F1-model_v4	AF-Q4CYP4-F1-model_v4 Transmembrane amino acid transporter, putative	1.160E-03	1.000	135	29	485	489	82	483	494	482	0.935	0.814
LOKIASV2_2712_ESMFold_hypothetical_protein	AF-A0A0K0E742-F1-model_v4	AF-A0A0K0E742-F1-model_v4 Uncharacterized protein	5.369E-04	1.000	135	41	480	489	38	443	551	477	0.900	0.737
LOKIASV2_2712_ESMFold_hypothetical_protein	AF-U7Q2U3-F1-model_v4	AF-U7Q2U3-F1-model_v4 Uncharacterized protein	1.264E-03	1.000	135	5	483	489	2	428	1287	524	0.980	0.332
LOKIASV2_2712_ESMFold_hypothetical_protein	AF-A4I6L4-F1-model_v4	AF-A4I6L4-F1-model_v4 Amino acid permease 3	7.561E-04	1.000	134	20	488	489	56	471	480	509	0.959	0.867
LOKIASV2_2712_ESMFold_hypothetical_protein	AF-Q4CPV4-F1-model_v4	AF-Q4CPV4-F1-model_v4 Amino acid transporter, putative	4.524E-04	1.000	134	25	485	489	53	471	483	503	0.943	0.867
LOKIASV2_2712_ESMFold_hypothetical_protein	AF-A4I6K0-F1-model_v4	AF-A4I6K0-F1-model_v4 Amino_acid_transporter_aATP11_-_putative	6.650E-04	1.000	134	3	485	489	83	496	511	507	0.988	0.810
LOKIASV2_2712_ESMFold_hypothetical_protein	AF-Q9C5D6-F1-model_v4	AF-Q9C5D6-F1-model_v4 Cationic amino acid transporter 9, chloroplastic	6.650E-04	1.000	134	11	488	489	21	539	569	598	0.978	0.912
LOKIASV2_2712_ESMFold_hypothetical_protein	AF-B5BP45-F1-model_v4	AF-B5BP45-F1-model_v4 Uncharacterized amino-acid permease C460.01c	2.462E-05	1.000	134	9	484	489	47	522	572	555	0.973	0.832
LOKIASV2_2712_ESMFold_hypothetical_protein	AF-Q5RK27-F1-model_v4	AF-Q5RK27-F1-model_v4 Solute carrier family 12 member 7	9.776E-04	1.000	134	4	486	489	101	633	1083	586	0.988	0.492
LOKIASV2_2712_ESMFold_hypothetical_protein	AF-A0A175W3N9-F1-model_v4	AF-A0A175W3N9-F1-model_v4 Vacuolar cation-chloride cotransporter 1	6.941E-04	1.000	134	38	487	489	14	441	1862	511	0.920	0.230
LOKIASV2_2712_ESMFold_hypothetical_protein	AF-A0A0H3GKA9-F1-model_v4	AF-A0A0H3GKA9-F1-model_v4 Branched-chain amino acid transport system carrier protein	6.650E-04	1.000	133	37	484	489	8	425	439	496	0.916	0.952
LOKIASV2_2712_ESMFold_hypothetical_protein	AF-Q584M0-F1-model_v4	AF-Q584M0-F1-model_v4 Amino acid transporter, putative	1.566E-03	1.000	133	30	485	489	26	438	450	500	0.933	0.918
LOKIASV2_2712_ESMFold_hypothetical_protein	AF-Q584L8-F1-model_v4	AF-Q584L8-F1-model_v4 Amino acid transporter, putative	1.939E-03	1.000	133	28	488	489	24	448	451	504	0.943	0.942
LOKIASV2_2712_ESMFold_hypothetical_protein	AF-Q6WWW3-F1-model_v4	AF-Q6WWW3-F1-model_v4 Probable sodium-coupled neutral amino acid transporter 6	3.212E-04	1.000	133	21	488	489	27	452	457	515	0.957	0.932
LOKIASV2_2712_ESMFold_hypothetical_protein	AF-A0A132Z6W4-F1-model_v4	AF-A0A132Z6W4-F1-model_v4 Amino acid permease	7.892E-04	1.000	133	27	483	489	1	432	492	514	0.935	0.878
LOKIASV2_2712_ESMFold_hypothetical_protein	AF-P07117-F1-model_v4	AF-P07117-F1-model_v4 Sodium/proline symporter	2.185E-04	1.000	133	41	489	489	43	473	502	515	0.918	0.859
LOKIASV2_2712_ESMFold_hypothetical_protein	AF-Q5PP33-F1-model_v4	AF-Q5PP33-F1-model_v4 At5g19500	8.974E-04	1.000	133	39	488	489	110	495	505	479	0.920	0.764
LOKIASV2_2712_ESMFold_hypothetical_protein	AF-A0A175VYY9-F1-model_v4	AF-A0A175VYY9-F1-model_v4 Purine-cytosine permease fcyB	5.604E-04	1.000	133	6	456	489	35	422	506	474	0.922	0.767
LOKIASV2_2712_ESMFold_hypothetical_protein	AF-A0A1D8PQC0-F1-model_v4	AF-A0A1D8PQC0-F1-model_v4 Aspartate/glutamate transporter	2.825E-04	1.000	133	42	488	489	9	498	510	552	0.914	0.961
LOKIASV2_2712_ESMFold_hypothetical_protein	AF-A0A175VNU6-F1-model_v4	AF-A0A175VNU6-F1-model_v4 Amino-acid permease 2	1.551E-04	1.000	133	27	486	489	47	461	519	514	0.941	0.800
LOKIASV2_2712_ESMFold_hypothetical_protein	AF-Q5A3J0-F1-model_v4	AF-Q5A3J0-F1-model_v4 Mup1p	2.185E-04	1.000	133	14	488	489	31	496	553	546	0.971	0.843
LOKIASV2_2712_ESMFold_hypothetical_protein	AF-A0A0D2DPB4-F1-model_v4	AF-A0A0D2DPB4-F1-model_v4 Unplaced genomic scaffold supercont1.4, whole genome shotgun sequence	5.144E-04	1.000	133	22	489	489	36	499	559	552	0.957	0.830
LOKIASV2_2712_ESMFold_hypothetical_protein	AF-Q8BGY9-F1-model_v4	AF-Q8BGY9-F1-model_v4 High affinity choline transporter 1	7.561E-04	1.000	133	38	484	489	51	492	580	523	0.914	0.762
LOKIASV2_2712_ESMFold_hypothetical_protein	AF-O17167-F1-model_v4	AF-O17167-F1-model_v4 AA_permease_C domain-containing protein	1.065E-03	1.000	133	39	454	489	31	404	585	450	0.851	0.639
LOKIASV2_2712_ESMFold_hypothetical_protein	AF-P31641-F1-model_v4	AF-P31641-F1-model_v4 Sodium- and chloride-dependent taurine transporter	4.928E-04	1.000	133	2	481	489	4	525	620	592	0.982	0.842
LOKIASV2_2712_ESMFold_hypothetical_protein	AF-A0A0K0JJA6-F1-model_v4	AF-A0A0K0JJA6-F1-model_v4 Amino acid permease family protein	1.377E-03	1.000	133	38	486	489	91	532	954	524	0.918	0.463
LOKIASV2_2712_ESMFold_hypothetical_protein	AF-Q8DR25-F1-model_v4	AF-Q8DR25-F1-model_v4 D-alanine glycine permease	8.520E-05	1.000	132	33	455	489	41	436	440	469	0.865	0.900
LOKIASV2_2712_ESMFold_hypothetical_protein	AF-P38734-F1-model_v4	AF-P38734-F1-model_v4 Low-affinity methionine permease	5.144E-04	1.000	132	32	482	489	49	473	546	502	0.922	0.778
LOKIASV2_2712_ESMFold_hypothetical_protein	AF-A0A0H3GQA8-F1-model_v4	AF-A0A0H3GQA8-F1-model_v4 Cation/acetate symporter ActP	1.319E-03	1.000	132	29	449	489	59	452	551	465	0.861	0.715
LOKIASV2_2712_ESMFold_hypothetical_protein	AF-A0A2K6W6K4-F1-model_v4	AF-A0A2K6W6K4-F1-model_v4 Uncharacterized protein	7.245E-04	1.000	132	29	449	489	25	426	574	467	0.861	0.700
LOKIASV2_2712_ESMFold_hypothetical_protein	AF-Q8IQQ7-F1-model_v4	AF-Q8IQQ7-F1-model_v4 Bloated tubules, isoform B	4.722E-04	1.000	132	15	486	489	186	658	976	550	0.965	0.485
LOKIASV2_2712_ESMFold_hypothetical_protein	AF-Q9I5F5-F1-model_v4	AF-Q9I5F5-F1-model_v4 Sodium/proline symporter	1.500E-03	1.000	131	38	489	489	44	474	506	504	0.924	0.852
LOKIASV2_2712_ESMFold_hypothetical_protein	AF-A0A0D2F5Z7-F1-model_v4	AF-A0A0D2F5Z7-F1-model_v4 Unplaced genomic scaffold supercont1.3, whole genome shotgun sequence	1.424E-04	1.000	131	39	484	489	59	512	587	511	0.912	0.773
LOKIASV2_2712_ESMFold_hypothetical_protein	AF-C1H7F6-F1-model_v4	AF-C1H7F6-F1-model_v4 Allantoin permease	2.593E-04	1.000	131	10	453	489	67	468	592	489	0.908	0.679
LOKIASV2_2712_ESMFold_hypothetical_protein	AF-A0A0G2KTI4-F1-model_v4	AF-A0A0G2KTI4-F1-model_v4 Solute carrier family 12 member 2	5.144E-04	1.000	131	20	482	489	192	674	1136	553	0.947	0.425
LOKIASV2_2712_ESMFold_hypothetical_protein	AF-Q6DEL1-F1-model_v4	AF-Q6DEL1-F1-model_v4 Putative sodium-coupled neutral amino acid transporter 7	1.780E-03	1.000	130	2	483	489	19	446	465	527	0.986	0.920
LOKIASV2_2712_ESMFold_hypothetical_protein	AF-A0A5K4EJZ4-F1-model_v4	AF-A0A5K4EJZ4-F1-model_v4 Putative sodium/solute symporter	1.500E-03	1.000	130	5	460	489	35	456	468	487	0.933	0.902
LOKIASV2_2712_ESMFold_hypothetical_protein	AF-Q2FXP8-F1-model_v4	AF-Q2FXP8-F1-model_v4 AA_permease domain-containing protein	1.011E-04	1.000	130	39	484	489	18	468	497	514	0.912	0.907
LOKIASV2_2712_ESMFold_hypothetical_protein	AF-F1QZU3-F1-model_v4	AF-F1QZU3-F1-model_v4 Transporter	3.383E-03	1.000	130	14	489	489	12	507	615	569	0.973	0.807
LOKIASV2_2712_ESMFold_hypothetical_protein	AF-K7L5D9-F1-model_v4	AF-K7L5D9-F1-model_v4 Potassium transporter	6.650E-04	1.000	130	23	487	489	78	542	847	544	0.951	0.549
LOKIASV2_2712_ESMFold_hypothetical_protein	AF-A0A077YXW4-F1-model_v4	AF-A0A077YXW4-F1-model_v4 Solute carrier family 12	8.237E-04	1.000	130	20	488	489	133	591	1105	539	0.959	0.415
LOKIASV2_2712_ESMFold_hypothetical_protein	AF-Q57Y06-F1-model_v4	AF-Q57Y06-F1-model_v4 Amino acid transporter, putative	4.765E-03	1.000	129	26	485	489	48	459	471	486	0.941	0.875
LOKIASV2_2712_ESMFold_hypothetical_protein	AF-A0A0D2FBQ3-F1-model_v4	AF-A0A0D2FBQ3-F1-model_v4 Unplaced genomic scaffold supercont1.2, whole genome shotgun sequence	6.371E-04	1.000	129	39	485	489	54	442	474	486	0.914	0.821
LOKIASV2_2712_ESMFold_hypothetical_protein	AF-Q8ZS16-F1-model_v4	AF-Q8ZS16-F1-model_v4 Putative alanine/glycine transport protein	3.352E-04	1.000	129	32	451	489	40	440	476	464	0.859	0.842
LOKIASV2_2712_ESMFold_hypothetical_protein	AF-A0A1C1CS54-F1-model_v4	AF-A0A1C1CS54-F1-model_v4 Choline transport protein	5.849E-04	1.000	129	7	486	489	25	432	491	517	0.982	0.831
LOKIASV2_2712_ESMFold_hypothetical_protein	AF-O17069-F1-model_v4	AF-O17069-F1-model_v4 AA_permease_C domain-containing protein	2.024E-03	1.000	129	39	454	489	32	405	583	467	0.851	0.642
LOKIASV2_2712_ESMFold_hypothetical_protein	AF-A0A1C1CB41-F1-model_v4	AF-A0A1C1CB41-F1-model_v4 Proline-specific permease	1.319E-03	1.000	129	39	481	489	89	543	659	521	0.906	0.690
LOKIASV2_2712_ESMFold_hypothetical_protein	AF-A0A0D2H148-F1-model_v4	AF-A0A0D2H148-F1-model_v4 Unplaced genomic scaffold supercont1.2, whole genome shotgun sequence	9.776E-04	1.000	129	21	486	489	127	596	1328	550	0.953	0.354
LOKIASV2_2712_ESMFold_hypothetical_protein	AF-Q328Z7-F1-model_v4	AF-Q328Z7-F1-model_v4 Aromatic amino acid permease	1.705E-03	1.000	128	47	487	489	7	384	395	453	0.902	0.957
LOKIASV2_2712_ESMFold_hypothetical_protein	AF-A0A0N4UM44-F1-model_v4	AF-A0A0N4UM44-F1-model_v4 Uncharacterized protein	7.892E-04	1.000	128	24	453	489	3	419	442	498	0.879	0.943
LOKIASV2_2712_ESMFold_hypothetical_protein	AF-A0A158Q6I1-F1-model_v4	AF-A0A158Q6I1-F1-model_v4 Uncharacterized protein	8.163E-05	1.000	128	1	482	489	1	440	459	542	0.986	0.959
LOKIASV2_2712_ESMFold_hypothetical_protein	AF-Q6DG25-F1-model_v4	AF-Q6DG25-F1-model_v4 Slc38a3 protein	6.941E-04	1.000	128	21	488	489	15	455	472	528	0.957	0.934
LOKIASV2_2712_ESMFold_hypothetical_protein	AF-Q9JMD7-F1-model_v4	AF-Q9JMD7-F1-model_v4 High affinity choline transporter 1	1.377E-03	1.000	128	38	484	489	51	492	580	528	0.914	0.762
LOKIASV2_2712_ESMFold_hypothetical_protein	AF-A0A0N4UID8-F1-model_v4	AF-A0A0N4UID8-F1-model_v4 Uncharacterized protein	2.024E-03	1.000	128	22	489	489	20	518	621	573	0.957	0.804
LOKIASV2_2712_ESMFold_hypothetical_protein	AF-A0A1D8PKB2-F1-model_v4	AF-A0A1D8PKB2-F1-model_v4 Aa_trans domain-containing protein	1.319E-03	1.000	128	14	484	489	286	752	762	551	0.963	0.613
LOKIASV2_2712_ESMFold_hypothetical_protein	AF-Q657W3-F1-model_v4	AF-Q657W3-F1-model_v4 Cation-chloride cotransporter 2	8.974E-04	1.000	128	9	486	489	106	582	994	565	0.978	0.480
LOKIASV2_2712_ESMFold_hypothetical_protein	AF-A0A0P0X1E9-F1-model_v4	AF-A0A0P0X1E9-F1-model_v4 Os07g0100800 protein	6.371E-04	1.000	127	35	488	489	52	439	458	480	0.928	0.847
LOKIASV2_2712_ESMFold_hypothetical_protein	AF-C1H115-F1-model_v4	AF-C1H115-F1-model_v4 Arginine permease	6.049E-05	1.000	127	2	483	489	27	506	559	564	0.986	0.859
LOKIASV2_2712_ESMFold_hypothetical_protein	AF-A0A175W5E2-F1-model_v4	AF-A0A175W5E2-F1-model_v4 High-affinity methionine permease	1.020E-03	1.000	127	22	482	489	48	475	561	504	0.943	0.763
LOKIASV2_2712_ESMFold_hypothetical_protein	AF-K7KN88-F1-model_v4	AF-K7KN88-F1-model_v4 AA_permease_C domain-containing protein	3.686E-03	1.000	127	4	482	489	21	483	575	557	0.980	0.805
LOKIASV2_2712_ESMFold_hypothetical_protein	AF-Q4DWB6-F1-model_v4	AF-Q4DWB6-F1-model_v4 Amino acid tansporter, putative	2.024E-03	1.000	127	14	487	489	138	582	594	533	0.969	0.749
LOKIASV2_2712_ESMFold_hypothetical_protein	AF-A0A1D6QHT6-F1-model_v4	AF-A0A1D6QHT6-F1-model_v4 Cation-chloride cotransporter 1	5.369E-04	1.000	127	21	486	489	62	524	936	551	0.953	0.495
LOKIASV2_2712_ESMFold_hypothetical_protein	AF-A0A7I4KSV5-F1-model_v4	AF-A0A7I4KSV5-F1-model_v4 GH09271p, putative	1.634E-03	1.000	127	5	488	489	26	591	1003	643	0.990	0.564
LOKIASV2_2712_ESMFold_hypothetical_protein	AF-E7F671-F1-model_v4	AF-E7F671-F1-model_v4 Solute carrier family 38 member 10	2.975E-03	1.000	127	34	488	489	4	389	1132	471	0.930	0.341
LOKIASV2_2712_ESMFold_hypothetical_protein	AF-Q9I6K3-F1-model_v4	AF-Q9I6K3-F1-model_v4 3-guanidinopropionate transport protein	2.825E-04	1.000	126	38	477	489	42	444	461	487	0.900	0.874
LOKIASV2_2712_ESMFold_hypothetical_protein	AF-Q57V86-F1-model_v4	AF-Q57V86-F1-model_v4 Amino acid transporter, putative	1.939E-03	1.000	126	41	485	489	60	454	466	474	0.910	0.848
LOKIASV2_2712_ESMFold_hypothetical_protein	AF-Q99PN0-F1-model_v4	AF-Q99PN0-F1-model_v4 Sodium/iodide cotransporter	2.024E-03	1.000	126	29	447	489	41	428	618	456	0.857	0.628
LOKIASV2_2712_ESMFold_hypothetical_protein	AF-O60146-F1-model_v4	AF-O60146-F1-model_v4 Uncharacterized transporter C18H10.16	2.402E-03	1.000	126	14	483	489	62	494	1050	527	0.961	0.412
LOKIASV2_2712_ESMFold_hypothetical_protein	AF-A0A1D8PJQ2-F1-model_v4	AF-A0A1D8PJQ2-F1-model_v4 Fcy2p	1.566E-03	1.000	125	7	456	489	36	440	526	495	0.920	0.770
LOKIASV2_2712_ESMFold_hypothetical_protein	AF-Q5AIA8-F1-model_v4	AF-Q5AIA8-F1-model_v4 Put4p	3.499E-04	1.000	125	25	488	489	19	509	564	558	0.949	0.871
LOKIASV2_2712_ESMFold_hypothetical_protein	AF-Q6H6H8-F1-model_v4	AF-Q6H6H8-F1-model_v4 Os02g0655700 protein	1.437E-03	1.000	125	20	483	489	39	521	605	562	0.949	0.798
LOKIASV2_2712_ESMFold_hypothetical_protein	AF-Q92911-F1-model_v4	AF-Q92911-F1-model_v4 Sodium/iodide cotransporter	1.634E-03	1.000	125	30	447	489	42	428	643	457	0.855	0.602
LOKIASV2_2712_ESMFold_hypothetical_protein	AF-Q9SVG0-F1-model_v4	AF-Q9SVG0-F1-model_v4 Amino acid transporter AVT3C	2.301E-03	1.000	124	11	488	489	3	429	436	535	0.978	0.979
LOKIASV2_2712_ESMFold_hypothetical_protein	AF-I1KRZ0-F1-model_v4	AF-I1KRZ0-F1-model_v4 Aa_trans domain-containing protein	1.264E-03	1.000	124	38	485	489	30	418	438	488	0.916	0.888
LOKIASV2_2712_ESMFold_hypothetical_protein	AF-Q4CNY2-F1-model_v4	AF-Q4CNY2-F1-model_v4 Amino acid permease, putative	1.634E-03	1.000	124	5	485	489	48	462	474	516	0.984	0.876
LOKIASV2_2712_ESMFold_hypothetical_protein	AF-Q9C0Z0-F1-model_v4	AF-Q9C0Z0-F1-model_v4 Uncharacterized amino-acid permease PB24D3.02c	1.566E-03	1.000	124	14	486	489	12	467	543	538	0.967	0.840
LOKIASV2_2712_ESMFold_hypothetical_protein	AF-A0A1D6KX53-F1-model_v4	AF-A0A1D6KX53-F1-model_v4 Cationic amino acid transporter 1	1.939E-03	1.000	124	38	460	489	82	448	602	468	0.865	0.610
LOKIASV2_2712_ESMFold_hypothetical_protein	AF-I1N8D3-F1-model_v4	AF-I1N8D3-F1-model_v4 AA_permease_C domain-containing protein	3.531E-03	1.000	124	38	456	489	50	424	636	459	0.857	0.590
LOKIASV2_2712_ESMFold_hypothetical_protein	AF-A0A1D6IYL1-F1-model_v4	AF-A0A1D6IYL1-F1-model_v4 Potassium transporter	7.245E-04	1.000	124	2	487	489	30	501	800	575	0.994	0.590
LOKIASV2_2712_ESMFold_hypothetical_protein	AF-I1K2N8-F1-model_v4	AF-I1K2N8-F1-model_v4 Potassium transporter	8.974E-04	1.000	124	26	487	489	78	541	846	542	0.945	0.548
LOKIASV2_2712_ESMFold_hypothetical_protein	AF-A0A7I4KSA7-F1-model_v4	AF-A0A7I4KSA7-F1-model_v4 GH09271p, putative	1.211E-03	1.000	124	2	488	489	16	625	1037	677	0.996	0.588
LOKIASV2_2712_ESMFold_hypothetical_protein	AF-I1KA67-F1-model_v4	AF-I1KA67-F1-model_v4 Aa_trans domain-containing protein	3.241E-03	1.000	123	3	482	489	13	431	465	528	0.982	0.901
LOKIASV2_2712_ESMFold_hypothetical_protein	AF-Q5SPB1-F1-model_v4	AF-Q5SPB1-F1-model_v4 Sodium-coupled neutral amino acid transporter 2	6.371E-04	1.000	123	14	488	489	45	484	504	519	0.971	0.873
LOKIASV2_2712_ESMFold_hypothetical_protein	AF-I1JLI8-F1-model_v4	AF-I1JLI8-F1-model_v4 Aa_trans domain-containing protein	2.205E-03	1.000	123	1	482	489	1	440	506	532	0.986	0.870
LOKIASV2_2712_ESMFold_hypothetical_protein	AF-Q5F6J9-F1-model_v4	AF-Q5F6J9-F1-model_v4 Sodium/proline symporter	1.160E-03	1.000	123	31	484	489	19	480	508	538	0.928	0.909
LOKIASV2_2712_ESMFold_hypothetical_protein	AF-Q9HZ06-F1-model_v4	AF-Q9HZ06-F1-model_v4 Probable sodium:solute symporter	2.113E-03	1.000	123	29	484	489	58	518	551	534	0.933	0.837
LOKIASV2_2712_ESMFold_hypothetical_protein	AF-A0A0G2K1G8-F1-model_v4	AF-A0A0G2K1G8-F1-model_v4 Solute carrier family 7, member 14	1.020E-03	1.000	123	7	449	489	32	425	771	492	0.906	0.511
LOKIASV2_2712_ESMFold_hypothetical_protein	AF-A0A044S9G6-F1-model_v4	AF-A0A044S9G6-F1-model_v4 Uncharacterized protein	1.566E-03	1.000	123	14	482	489	33	585	1099	615	0.959	0.503
LOKIASV2_2712_ESMFold_hypothetical_protein	AF-K0F9C9-F1-model_v4	AF-K0F9C9-F1-model_v4 Cytosine/purines, uracil, thiamine, allantoin permease	4.191E-03	1.000	122	26	479	489	4	450	457	536	0.928	0.978
LOKIASV2_2712_ESMFold_hypothetical_protein	AF-Q4CWQ7-F1-model_v4	AF-Q4CWQ7-F1-model_v4 Amino acid transporter, putative	2.617E-03	1.000	122	20	484	489	50	464	471	497	0.951	0.881
LOKIASV2_2712_ESMFold_hypothetical_protein	AF-A0A0D2EV57-F1-model_v4	AF-A0A0D2EV57-F1-model_v4 Unplaced genomic scaffold supercont1.5, whole genome shotgun sequence	1.112E-03	1.000	122	20	483	489	28	450	480	522	0.949	0.881
LOKIASV2_2712_ESMFold_hypothetical_protein	AF-O24896-F1-model_v4	AF-O24896-F1-model_v4 Sodium/proline symporter	1.065E-03	1.000	122	33	486	489	36	484	496	522	0.928	0.905
LOKIASV2_2712_ESMFold_hypothetical_protein	AF-C1H045-F1-model_v4	AF-C1H045-F1-model_v4 Vacuolar amino acid transporter 6	3.531E-03	1.000	122	39	488	489	41	496	509	531	0.920	0.896
LOKIASV2_2712_ESMFold_hypothetical_protein	AF-A0A0D2GJW3-F1-model_v4	AF-A0A0D2GJW3-F1-model_v4 Unplaced genomic scaffold supercont1.3, whole genome shotgun sequence	4.374E-03	1.000	122	36	455	489	29	409	595	457	0.859	0.640
LOKIASV2_2712_ESMFold_hypothetical_protein	AF-Q69RI8-F1-model_v4	AF-Q69RI8-F1-model_v4 Probable potassium transporter 14	1.705E-03	1.000	122	6	487	489	90	558	859	551	0.986	0.546
LOKIASV2_2712_ESMFold_hypothetical_protein	AF-Q9I1L7-F1-model_v4	AF-Q9I1L7-F1-model_v4 Probable AGCS sodium/alanine/glycine symporter	2.507E-03	1.000	121	36	450	489	58	425	481	435	0.849	0.765
LOKIASV2_2712_ESMFold_hypothetical_protein	AF-Q54EI7-F1-model_v4	AF-Q54EI7-F1-model_v4 Aa_trans domain-containing protein	2.617E-03	1.000	121	8	488	489	27	494	508	560	0.984	0.921
LOKIASV2_2712_ESMFold_hypothetical_protein	AF-U7PKP6-F1-model_v4	AF-U7PKP6-F1-model_v4 Uncharacterized protein	4.722E-04	1.000	121	5	448	489	52	428	515	480	0.908	0.732
LOKIASV2_2712_ESMFold_hypothetical_protein	AF-Q8WY07-F1-model_v4	AF-Q8WY07-F1-model_v4 Cationic amino acid transporter 3	1.634E-03	1.000	121	6	451	489	2	426	619	509	0.912	0.687
LOKIASV2_2712_ESMFold_hypothetical_protein	AF-A0A0K0E1D1-F1-model_v4	AF-A0A0K0E1D1-F1-model_v4 Uncharacterized protein	1.112E-03	1.000	120	20	484	489	4	591	689	650	0.951	0.853
LOKIASV2_2712_ESMFold_hypothetical_protein	AF-Q9SJP9-F1-model_v4	AF-Q9SJP9-F1-model_v4 Proline transporter 3	1.160E-03	1.000	119	35	488	489	30	417	436	487	0.928	0.890
LOKIASV2_2712_ESMFold_hypothetical_protein	AF-Q503G8-F1-model_v4	AF-Q503G8-F1-model_v4 Probable sodium-coupled neutral amino acid transporter 6	1.437E-03	1.000	119	26	489	489	27	444	449	513	0.949	0.931
LOKIASV2_2712_ESMFold_hypothetical_protein	AF-C0NYV9-F1-model_v4	AF-C0NYV9-F1-model_v4 Uncharacterized protein	1.437E-03	1.000	119	10	489	489	5	470	479	558	0.982	0.973
LOKIASV2_2712_ESMFold_hypothetical_protein	AF-Q57Y05-F1-model_v4	AF-Q57Y05-F1-model_v4 Amino acid transporter, putative	1.566E-03	1.000	119	5	488	489	30	482	484	544	0.990	0.936
LOKIASV2_2712_ESMFold_hypothetical_protein	AF-K0EZC1-F1-model_v4	AF-K0EZC1-F1-model_v4 Purine/cytosine permease	6.160E-03	1.000	119	39	453	489	32	382	489	442	0.849	0.718
LOKIASV2_2712_ESMFold_hypothetical_protein	AF-Q9I3S5-F1-model_v4	AF-Q9I3S5-F1-model_v4 Probable transporter	1.566E-03	1.000	119	14	454	489	14	387	503	469	0.902	0.744
LOKIASV2_2712_ESMFold_hypothetical_protein	AF-Q2FVG4-F1-model_v4	AF-Q2FVG4-F1-model_v4 Uncharacterized protein	7.821E-05	1.000	119	31	482	489	1	450	545	525	0.924	0.826
LOKIASV2_2712_ESMFold_hypothetical_protein	AF-C0P3V4-F1-model_v4	AF-C0P3V4-F1-model_v4 Cationic amino acid transporter 9 chloroplastic	7.892E-04	1.000	119	5	483	489	34	520	602	580	0.980	0.809
LOKIASV2_2712_ESMFold_hypothetical_protein	AF-B7ZVD9-F1-model_v4	AF-B7ZVD9-F1-model_v4 Solute carrier family 5 member 6	4.765E-03	1.000	119	37	449	489	54	430	603	434	0.845	0.625
LOKIASV2_2712_ESMFold_hypothetical_protein	AF-Q9HTR3-F1-model_v4	AF-Q9HTR3-F1-model_v4 Probable choline transporter	6.160E-03	1.000	119	12	457	489	74	495	661	503	0.912	0.638
LOKIASV2_2712_ESMFold_hypothetical_protein	AF-A0A3Q0KTL1-F1-model_v4	AF-A0A3Q0KTL1-F1-model_v4 Putative cationic amino acid transporter	1.065E-03	1.000	119	9	452	489	34	450	674	505	0.908	0.619
LOKIASV2_2712_ESMFold_hypothetical_protein	AF-W5U5A2-F1-model_v4	AF-W5U5A2-F1-model_v4 Potassium transporter	2.617E-03	1.000	119	26	488	489	94	551	847	541	0.947	0.541
LOKIASV2_2712_ESMFold_hypothetical_protein	AF-I1K700-F1-model_v4	AF-I1K700-F1-model_v4 Aa_trans domain-containing protein	3.847E-03	1.000	118	1	488	489	1	442	481	546	0.998	0.919
LOKIASV2_2712_ESMFold_hypothetical_protein	AF-A0A0D2GPL7-F1-model_v4	AF-A0A0D2GPL7-F1-model_v4 Unplaced genomic scaffold supercont1.2, whole genome shotgun sequence	1.211E-03	1.000	118	20	485	489	13	445	482	525	0.953	0.898
LOKIASV2_2712_ESMFold_hypothetical_protein	AF-A0A077Z181-F1-model_v4	AF-A0A077Z181-F1-model_v4 Transporter	2.507E-03	1.000	118	29	488	489	13	486	507	562	0.941	0.935
LOKIASV2_2712_ESMFold_hypothetical_protein	AF-A0A1C1CZN5-F1-model_v4	AF-A0A1C1CZN5-F1-model_v4 Putative permease	2.975E-03	1.000	118	22	453	489	47	422	564	468	0.883	0.667
LOKIASV2_2712_ESMFold_hypothetical_protein	AF-Q9Y289-F1-model_v4	AF-Q9Y289-F1-model_v4 Sodium-dependent multivitamin transporter	4.153E-04	1.000	118	24	449	489	13	445	635	498	0.871	0.682
LOKIASV2_2712_ESMFold_hypothetical_protein	AF-Q10074-F1-model_v4	AF-Q10074-F1-model_v4 Vacuolar amino acid transporter 3	1.319E-03	1.000	118	14	487	489	245	655	656	502	0.969	0.627
LOKIASV2_2712_ESMFold_hypothetical_protein	AF-I1LNB5-F1-model_v4	AF-I1LNB5-F1-model_v4 Aa_trans domain-containing protein	2.975E-03	1.000	117	5	487	489	12	419	433	523	0.988	0.942
LOKIASV2_2712_ESMFold_hypothetical_protein	AF-A0A1C1CH34-F1-model_v4	AF-A0A1C1CH34-F1-model_v4 Aa_trans domain-containing protein	1.858E-03	1.000	117	28	485	489	39	444	481	499	0.937	0.844
LOKIASV2_2712_ESMFold_hypothetical_protein	AF-A0A0R0LGL1-F1-model_v4	AF-A0A0R0LGL1-F1-model_v4 Aa_trans domain-containing protein	3.531E-03	1.000	117	2	482	489	15	437	483	523	0.984	0.876
LOKIASV2_2712_ESMFold_hypothetical_protein	AF-A0A1D8PPI5-F1-model_v4	AF-A0A1D8PPI5-F1-model_v4 Lysine/arginine permease CAN1	3.352E-04	1.000	117	5	486	489	45	516	571	560	0.986	0.827
LOKIASV2_2712_ESMFold_hypothetical_protein	AF-P50276-F1-model_v4	AF-P50276-F1-model_v4 High-affinity methionine permease	1.211E-03	1.000	117	14	488	489	42	510	574	541	0.971	0.817
LOKIASV2_2712_ESMFold_hypothetical_protein	AF-Q63008-F1-model_v4	AF-Q63008-F1-model_v4 Sodium/iodide cotransporter	2.024E-03	1.000	117	30	447	489	42	425	618	454	0.855	0.621
LOKIASV2_2712_ESMFold_hypothetical_protein	AF-F1QNI7-F1-model_v4	AF-F1QNI7-F1-model_v4 Solute carrier family 7 member 3b	1.112E-03	1.000	117	5	454	489	21	475	698	536	0.920	0.652
LOKIASV2_2712_ESMFold_hypothetical_protein	AF-A0A175W3T6-F1-model_v4	AF-A0A175W3T6-F1-model_v4 Vacuolar amino acid transporter 3	2.975E-03	1.000	117	44	488	489	349	722	746	473	0.910	0.501
LOKIASV2_2712_ESMFold_hypothetical_protein	AF-A0A0N4ULV2-F1-model_v4	AF-A0A0N4ULV2-F1-model_v4 Uncharacterized protein	6.160E-03	1.000	116	2	416	489	15	382	385	445	0.849	0.956
LOKIASV2_2712_ESMFold_hypothetical_protein	AF-A4IC53-F1-model_v4	AF-A4IC53-F1-model_v4 Amino_acid_permease_-_putative	1.075E-02	1.000	116	34	489	489	2	410	410	500	0.933	0.998
LOKIASV2_2712_ESMFold_hypothetical_protein	AF-Q54Q84-F1-model_v4	AF-Q54Q84-F1-model_v4 Aa_trans domain-containing protein	2.507E-03	1.000	116	39	482	489	48	451	508	486	0.908	0.795
LOKIASV2_2712_ESMFold_hypothetical_protein	AF-A0A0D2E5X0-F1-model_v4	AF-A0A0D2E5X0-F1-model_v4 Unplaced genomic scaffold supercont1.1, whole genome shotgun sequence	9.776E-04	1.000	116	7	468	489	4	433	550	503	0.945	0.782
LOKIASV2_2712_ESMFold_hypothetical_protein	AF-Q5Z6S8-F1-model_v4	AF-Q5Z6S8-F1-model_v4 Os06g0539400 protein	4.765E-03	1.000	116	4	483	489	57	537	596	577	0.982	0.807
LOKIASV2_2712_ESMFold_hypothetical_protein	AF-Q9VNP7-F1-model_v4	AF-Q9VNP7-F1-model_v4 LD37241p	2.402E-03	1.000	116	39	455	489	29	405	604	469	0.853	0.624
LOKIASV2_2712_ESMFold_hypothetical_protein	AF-Q09143-F1-model_v4	AF-Q09143-F1-model_v4 High affinity cationic amino acid transporter 1	3.106E-03	1.000	116	39	454	489	34	417	622	467	0.851	0.617
LOKIASV2_2712_ESMFold_hypothetical_protein	AF-E9PT23-F1-model_v4	AF-E9PT23-F1-model_v4 Putative sodium-coupled neutral amino acid transporter 10	7.311E-03	1.000	116	39	485	489	11	389	1099	470	0.914	0.345
LOKIASV2_2712_ESMFold_hypothetical_protein	AF-Q32HD7-F1-model_v4	AF-Q32HD7-F1-model_v4 Aromatic amino acid permease	2.975E-03	1.000	115	36	480	489	2	392	403	481	0.910	0.970
LOKIASV2_2712_ESMFold_hypothetical_protein	AF-A4IG60-F1-model_v4	AF-A4IG60-F1-model_v4 Slc5a5 protein	5.418E-03	1.000	115	26	447	489	37	429	601	457	0.863	0.654
LOKIASV2_2712_ESMFold_hypothetical_protein	AF-A0A175W9K4-F1-model_v4	AF-A0A175W9K4-F1-model_v4 Putative urea active transporter 1	2.617E-03	1.000	115	38	488	489	66	523	695	533	0.922	0.659
LOKIASV2_2712_ESMFold_hypothetical_protein	AF-A0A1D6HQJ6-F1-model_v4	AF-A0A1D6HQJ6-F1-model_v4 Proline transporter 2	1.939E-03	1.000	114	20	488	489	21	445	464	514	0.959	0.916
LOKIASV2_2712_ESMFold_hypothetical_protein	AF-Q32G16-F1-model_v4	AF-Q32G16-F1-model_v4 Glutamate/gamma-aminobutyrate antiporter	1.319E-03	1.000	114	24	485	489	1	429	511	523	0.945	0.840
LOKIASV2_2712_ESMFold_hypothetical_protein	AF-K7MUP1-F1-model_v4	AF-K7MUP1-F1-model_v4 AA_permease_C domain-containing protein	4.191E-03	1.000	114	10	484	489	17	481	578	571	0.971	0.804
LOKIASV2_2712_ESMFold_hypothetical_protein	AF-A0A1D6INQ6-F1-model_v4	AF-A0A1D6INQ6-F1-model_v4 Tryptophan/tyrosine permease	7.005E-03	1.000	113	17	487	489	52	495	502	534	0.963	0.884
LOKIASV2_2712_ESMFold_hypothetical_protein	AF-I1MDW6-F1-model_v4	AF-I1MDW6-F1-model_v4 Potassium transporter	3.531E-03	1.000	113	26	487	489	75	538	841	546	0.945	0.552
LOKIASV2_2712_ESMFold_hypothetical_protein	AF-Q5F5C0-F1-model_v4	AF-Q5F5C0-F1-model_v4 Hydrogenase expression protein	9.865E-03	1.000	112	42	483	489	14	368	408	461	0.904	0.870
LOKIASV2_2712_ESMFold_hypothetical_protein	AF-A0A0H3GX99-F1-model_v4	AF-A0A0H3GX99-F1-model_v4 Na+/solute symporter	7.005E-03	1.000	112	38	484	489	48	448	469	491	0.914	0.855
LOKIASV2_2712_ESMFold_hypothetical_protein	AF-Q9VGP3-F1-model_v4	AF-Q9VGP3-F1-model_v4 FI02016p	1.075E-02	1.000	112	28	448	489	41	431	587	459	0.861	0.666
LOKIASV2_2712_ESMFold_hypothetical_protein	AF-A0A1D6KGL2-F1-model_v4	AF-A0A1D6KGL2-F1-model_v4 Cationic amino acid transporter 4 vacuolar	2.851E-03	1.000	112	12	454	489	18	401	624	472	0.906	0.615
LOKIASV2_2712_ESMFold_hypothetical_protein	AF-A0A1C1CDC7-F1-model_v4	AF-A0A1C1CDC7-F1-model_v4 Vacuolar amino acid transporter	2.851E-03	1.000	112	21	487	489	333	737	754	502	0.955	0.537
LOKIASV2_2712_ESMFold_hypothetical_protein	AF-B6TER9-F1-model_v4	AF-B6TER9-F1-model_v4 Amino acid transport protein	2.731E-03	1.000	111	18	488	489	29	424	432	491	0.963	0.917
LOKIASV2_2712_ESMFold_hypothetical_protein	AF-A0A3P7FR20-F1-model_v4	AF-A0A3P7FR20-F1-model_v4 Uncharacterized protein	2.975E-03	1.000	111	39	479	489	2	478	487	526	0.902	0.979
LOKIASV2_2712_ESMFold_hypothetical_protein	AF-E9PWS4-F1-model_v4	AF-E9PWS4-F1-model_v4 Expressed sequence AU018091	1.939E-03	1.000	111	5	455	489	50	473	684	507	0.922	0.620
LOKIASV2_2712_ESMFold_hypothetical_protein	AF-U7PIJ5-F1-model_v4	AF-U7PIJ5-F1-model_v4 Potassium uptake protein	3.383E-03	1.000	111	2	488	489	34	511	783	576	0.996	0.610
LOKIASV2_2712_ESMFold_hypothetical_protein	AF-A0A044V6E8-F1-model_v4	AF-A0A044V6E8-F1-model_v4 Uncharacterized protein	9.865E-03	1.000	111	24	488	489	860	1286	1288	514	0.951	0.332
LOKIASV2_2712_ESMFold_hypothetical_protein	AF-Q7XGU4-F1-model_v4	AF-Q7XGU4-F1-model_v4 Auxin transporter-like protein 3	1.122E-02	1.000	110	2	488	489	38	464	547	534	0.996	0.781
LOKIASV2_2712_ESMFold_hypothetical_protein	AF-A0A0D2GPN3-F1-model_v4	AF-A0A0D2GPN3-F1-model_v4 Unplaced genomic scaffold supercont1.2, whole genome shotgun sequence	4.015E-03	1.000	110	38	488	489	64	515	765	534	0.922	0.591
LOKIASV2_2712_ESMFold_hypothetical_protein	AF-Q69L87-F1-model_v4	AF-Q69L87-F1-model_v4 Potassium transporter 22	8.313E-03	1.000	110	30	488	489	54	518	790	550	0.939	0.589
LOKIASV2_2712_ESMFold_hypothetical_protein	AF-P34261-F1-model_v4	AF-P34261-F1-model_v4 Solute carrier family 12 protein B0303.11	3.106E-03	1.000	110	20	488	489	4	431	927	518	0.959	0.462
LOKIASV2_2712_ESMFold_hypothetical_protein	AF-Q5I012-F1-model_v4	AF-Q5I012-F1-model_v4 Putative sodium-coupled neutral amino acid transporter 10	5.902E-03	1.000	110	36	485	489	13	389	1090	479	0.920	0.346
LOKIASV2_2712_ESMFold_hypothetical_protein	AF-K7TGS4-F1-model_v4	AF-K7TGS4-F1-model_v4 LHT1	6.160E-03	1.000	109	38	485	489	35	426	446	496	0.916	0.879
LOKIASV2_2712_ESMFold_hypothetical_protein	AF-A0A0P0VMW4-F1-model_v4	AF-A0A0P0VMW4-F1-model_v4 Os02g0670900 protein	2.113E-03	1.000	109	5	485	489	58	472	487	517	0.984	0.852
LOKIASV2_2712_ESMFold_hypothetical_protein	AF-C0NTX3-F1-model_v4	AF-C0NTX3-F1-model_v4 Dicarboxylic amino acid permease	4.524E-04	1.000	109	2	484	489	14	474	532	549	0.988	0.867
LOKIASV2_2712_ESMFold_hypothetical_protein	AF-Q9SHH0-F1-model_v4	AF-Q9SHH0-F1-model_v4 Cationic amino acid transporter 8, vacuolar	2.205E-03	1.000	109	5	488	489	43	560	590	603	0.990	0.878
LOKIASV2_2712_ESMFold_hypothetical_protein	AF-A0A0D2G0U2-F1-model_v4	AF-A0A0D2G0U2-F1-model_v4 Unplaced genomic scaffold supercont1.9, whole genome shotgun sequence	3.383E-03	1.000	109	36	469	489	98	481	611	470	0.888	0.628
LOKIASV2_2712_ESMFold_hypothetical_protein	AF-Q84MS4-F1-model_v4	AF-Q84MS4-F1-model_v4 Potassium transporter 27	1.437E-03	1.000	109	8	488	489	36	508	811	570	0.984	0.583
LOKIASV2_2712_ESMFold_hypothetical_protein	AF-P70423-F1-model_v4	AF-P70423-F1-model_v4 Cationic amino acid transporter 3	2.851E-03	1.000	108	6	449	489	4	424	618	496	0.908	0.681
LOKIASV2_2712_ESMFold_hypothetical_protein	AF-U7Q2Y0-F1-model_v4	AF-U7Q2Y0-F1-model_v4 Aa_trans domain-containing protein	2.507E-03	1.000	108	20	488	489	396	809	827	506	0.959	0.501
LOKIASV2_2712_ESMFold_hypothetical_protein	AF-Q9HV74-F1-model_v4	AF-Q9HV74-F1-model_v4 Histidine kinase	3.531E-03	1.000	108	33	450	489	30	410	983	459	0.855	0.388
LOKIASV2_2712_ESMFold_hypothetical_protein	AF-P31448-F1-model_v4	AF-P31448-F1-model_v4 Uncharacterized symporter YidK	1.566E-03	1.000	107	27	486	489	27	478	571	528	0.941	0.792
LOKIASV2_2712_ESMFold_hypothetical_protein	AF-Q9I3S6-F1-model_v4	AF-Q9I3S6-F1-model_v4 Probable sodium:solute symport protein	4.973E-03	1.000	106	30	481	489	27	452	463	513	0.924	0.920
LOKIASV2_2712_ESMFold_hypothetical_protein	AF-Q57WK0-F1-model_v4	AF-Q57WK0-F1-model_v4 Amino acid transporter, putative	6.430E-03	1.000	106	2	485	489	7	459	471	538	0.990	0.962
LOKIASV2_2712_ESMFold_hypothetical_protein	AF-Q6L5C8-F1-model_v4	AF-Q6L5C8-F1-model_v4 Os05g0586500 protein	9.452E-03	1.000	106	21	487	489	14	462	481	540	0.955	0.933
LOKIASV2_2712_ESMFold_hypothetical_protein	AF-Q8IN99-F1-model_v4	AF-Q8IN99-F1-model_v4 IP12186p	2.402E-03	1.000	106	9	450	489	32	431	579	489	0.904	0.691
LOKIASV2_2712_ESMFold_hypothetical_protein	AF-Q9URY6-F1-model_v4	AF-Q9URY6-F1-model_v4 Probable urea active transporter 3	1.858E-03	1.000	106	38	484	489	56	509	661	530	0.914	0.687
LOKIASV2_2712_ESMFold_hypothetical_protein	AF-I1KUD4-F1-model_v4	AF-I1KUD4-F1-model_v4 Potassium transporter	7.311E-03	1.000	106	29	487	489	79	539	842	541	0.939	0.548
LOKIASV2_2712_ESMFold_hypothetical_protein	AF-A0A1D6NJF2-F1-model_v4	AF-A0A1D6NJF2-F1-model_v4 Putative GABA transporter 2	8.313E-03	1.000	105	24	487	489	24	448	467	524	0.949	0.910
LOKIASV2_2712_ESMFold_hypothetical_protein	AF-K0F0H6-F1-model_v4	AF-K0F0H6-F1-model_v4 Permease for cytosine/purines uracil thiamine allantoin	8.676E-03	1.000	105	14	469	489	2	387	469	475	0.933	0.823
LOKIASV2_2712_ESMFold_hypothetical_protein	AF-I1KKB8-F1-model_v4	AF-I1KKB8-F1-model_v4 Aa_trans domain-containing protein	4.374E-03	1.000	105	4	482	489	28	445	494	532	0.980	0.846
LOKIASV2_2712_ESMFold_hypothetical_protein	AF-Q0P8B6-F1-model_v4	AF-Q0P8B6-F1-model_v4 Sodium/proline symporter	1.858E-03	1.000	105	30	488	489	39	473	495	511	0.939	0.879
LOKIASV2_2712_ESMFold_hypothetical_protein	AF-Q8VDB9-F1-model_v4	AF-Q8VDB9-F1-model_v4 Sodium- and chloride-dependent transporter XTRP3A	2.851E-03	1.000	105	36	488	489	12	530	592	597	0.926	0.877
LOKIASV2_2712_ESMFold_hypothetical_protein	AF-A0A0R4IYN4-F1-model_v4	AF-A0A0R4IYN4-F1-model_v4 Solute carrier family 12 member 1	3.531E-03	1.000	105	55	488	489	2	450	681	523	0.888	0.659
LOKIASV2_2712_ESMFold_hypothetical_protein	AF-A0A3P7QU59-F1-model_v4	AF-A0A3P7QU59-F1-model_v4 Uncharacterized protein	3.847E-03	1.000	105	68	486	489	5	405	828	487	0.857	0.484
LOKIASV2_2712_ESMFold_hypothetical_protein	AF-B9FFK2-F1-model_v4	AF-B9FFK2-F1-model_v4 Os04g0462400 protein	3.531E-03	1.000	104	38	484	489	26	434	444	505	0.914	0.921
LOKIASV2_2712_ESMFold_hypothetical_protein	AF-A0A1C1CME8-F1-model_v4	AF-A0A1C1CME8-F1-model_v4 Urea active transporter	9.056E-03	1.000	104	41	484	489	55	510	693	519	0.908	0.658
LOKIASV2_2712_ESMFold_hypothetical_protein	AF-A0A0R0FLI0-F1-model_v4	AF-A0A0R0FLI0-F1-model_v4 Aa_trans domain-containing protein	7.311E-03	1.000	103	38	485	489	33	421	441	486	0.916	0.882
LOKIASV2_2712_ESMFold_hypothetical_protein	AF-Q8BWH0-F1-model_v4	AF-Q8BWH0-F1-model_v4 Putative sodium-coupled neutral amino acid transporter 7	1.075E-02	1.000	103	39	488	489	53	454	463	493	0.920	0.868
LOKIASV2_2712_ESMFold_hypothetical_protein	AF-A0A133CHB7-F1-model_v4	AF-A0A133CHB7-F1-model_v4 Amino acid permease	2.825E-04	1.000	103	12	486	489	3	455	473	559	0.971	0.958
LOKIASV2_2712_ESMFold_hypothetical_protein	AF-P45174-F1-model_v4	AF-P45174-F1-model_v4 Sodium/proline symporter	3.531E-03	1.000	103	37	484	489	34	476	504	512	0.916	0.879
LOKIASV2_2712_ESMFold_hypothetical_protein	AF-O14035-F1-model_v4	AF-O14035-F1-model_v4 Uncharacterized permease C29B12.14c	2.617E-03	1.000	103	36	485	489	66	517	590	534	0.920	0.766
LOKIASV2_2712_ESMFold_hypothetical_protein	AF-F1R9X0-F1-model_v4	AF-F1R9X0-F1-model_v4 Solute carrier family 7 member 3a	3.531E-03	1.000	103	7	454	489	2	422	644	511	0.916	0.654
LOKIASV2_2712_ESMFold_hypothetical_protein	AF-A0A1C1CHF6-F1-model_v4	AF-A0A1C1CHF6-F1-model_v4 Uracil permease	3.686E-03	1.000	101	36	453	489	128	495	670	444	0.855	0.549
LOKIASV2_2712_ESMFold_hypothetical_protein	AF-A0A0A2V3C3-F1-model_v4	AF-A0A0A2V3C3-F1-model_v4 Aa_trans domain-containing protein	1.030E-02	1.000	101	6	488	489	320	729	745	506	0.988	0.550
LOKIASV2_2712_ESMFold_hypothetical_protein	AF-K7MFH4-F1-model_v4	AF-K7MFH4-F1-model_v4 Aa_trans domain-containing protein	9.452E-03	1.000	100	38	485	489	44	430	450	487	0.916	0.860
LOKIASV2_2712_ESMFold_hypothetical_protein	AF-Q9C733-F1-model_v4	AF-Q9C733-F1-model_v4 Lysine histidine transporter-like 1	5.902E-03	1.000	100	38	484	489	47	443	453	494	0.914	0.876
LOKIASV2_2712_ESMFold_hypothetical_protein	AF-Q10279-F1-model_v4	AF-Q10279-F1-model_v4 Uracil permease	7.311E-03	1.000	100	8	453	489	18	425	581	494	0.912	0.702
LOKIASV2_2712_ESMFold_hypothetical_protein	AF-I1JZC9-F1-model_v4	AF-I1JZC9-F1-model_v4 Aa_trans domain-containing protein	2.322E-02	0.999	99	38	485	489	25	416	436	480	0.916	0.899
LOKIASV2_2712_ESMFold_hypothetical_protein	AF-A0A175W9Z6-F1-model_v4	AF-A0A175W9Z6-F1-model_v4 Vacuolar amino acid transporter 6	3.003E-02	0.999	99	36	449	489	20	406	515	457	0.847	0.751
LOKIASV2_2712_ESMFold_hypothetical_protein	AF-J9E4P3-F1-model_v4	AF-J9E4P3-F1-model_v4 AA_permease domain-containing protein	5.707E-02	0.999	98	32	390	489	10	355	356	406	0.734	0.972
LOKIASV2_2712_ESMFold_hypothetical_protein	AF-I1N7F7-F1-model_v4	AF-I1N7F7-F1-model_v4 Aa_trans domain-containing protein	4.191E-03	0.999	98	19	485	489	2	431	451	536	0.955	0.953
LOKIASV2_2712_ESMFold_hypothetical_protein	AF-Q2FWY7-F1-model_v4	AF-Q2FWY7-F1-model_v4 Sodium/proline symporter	2.322E-02	0.999	98	36	488	489	50	486	512	510	0.926	0.854
LOKIASV2_2712_ESMFold_hypothetical_protein	AF-A4I6W4-F1-model_v4	AF-A4I6W4-F1-model_v4 Amino acid permease	9.865E-03	0.999	98	20	484	489	51	601	605	622	0.951	0.911
LOKIASV2_2712_ESMFold_hypothetical_protein	AF-I1MKW7-F1-model_v4	AF-I1MKW7-F1-model_v4 AA_permease_C domain-containing protein	9.056E-03	0.999	98	6	454	489	14	415	640	499	0.918	0.628
LOKIASV2_2712_ESMFold_hypothetical_protein	AF-K7TMV8-F1-model_v4	AF-K7TMV8-F1-model_v4 Amino acid transport protein	4.374E-03	0.999	97	38	485	489	113	480	495	472	0.916	0.743
LOKIASV2_2712_ESMFold_hypothetical_protein	AF-I1L617-F1-model_v4	AF-I1L617-F1-model_v4 AA_permease_C domain-containing protein	3.383E-03	0.999	97	7	466	489	30	549	558	613	0.941	0.932
LOKIASV2_2712_ESMFold_hypothetical_protein	AF-A0A2K6VJE1-F1-model_v4	AF-A0A2K6VJE1-F1-model_v4 AA_permease domain-containing protein	2.484E-04	0.999	97	7	482	489	18	528	612	579	0.973	0.835
LOKIASV2_2712_ESMFold_hypothetical_protein	AF-P56190-F1-model_v4	AF-P56190-F1-model_v4 Peptide transporter CstA	9.056E-03	0.999	97	37	487	489	85	662	687	638	0.922	0.841
LOKIASV2_2712_ESMFold_hypothetical_protein	AF-A0A1C1D2V8-F1-model_v4	AF-A0A1C1D2V8-F1-model_v4 Vacuolar amino acid transporter	1.796E-02	0.999	96	20	488	489	15	524	536	588	0.959	0.951
LOKIASV2_2712_ESMFold_hypothetical_protein	AF-A0A0D2GZ71-F1-model_v4	AF-A0A0D2GZ71-F1-model_v4 Unplaced genomic scaffold supercont1.5, whole genome shotgun sequence	1.721E-02	0.999	96	39	453	489	44	411	555	449	0.849	0.663
LOKIASV2_2712_ESMFold_hypothetical_protein	AF-A0A0D2E2A4-F1-model_v4	AF-A0A0D2E2A4-F1-model_v4 Unplaced genomic scaffold supercont1.2, whole genome shotgun sequence	5.655E-03	0.999	96	24	476	489	1	421	577	518	0.926	0.730
LOKIASV2_2712_ESMFold_hypothetical_protein	AF-Q9V9U1-F1-model_v4	AF-Q9V9U1-F1-model_v4 FI02923p	3.563E-02	0.999	96	27	451	489	48	438	591	467	0.869	0.662
LOKIASV2_2712_ESMFold_hypothetical_protein	AF-Q0E961-F1-model_v4	AF-Q0E961-F1-model_v4 Bedraggled, isoform A	2.205E-03	0.999	96	21	488	489	469	1062	1331	669	0.957	0.446
LOKIASV2_2712_ESMFold_hypothetical_protein	AF-Q2QV42-F1-model_v4	AF-Q2QV42-F1-model_v4 Lysine and histidine specific transporter, putative, expressed	1.875E-02	0.998	95	38	487	489	31	432	446	493	0.920	0.901
LOKIASV2_2712_ESMFold_hypothetical_protein	AF-A0A0D2G501-F1-model_v4	AF-A0A0D2G501-F1-model_v4 Unplaced genomic scaffold supercont1.7, whole genome shotgun sequence	1.514E-02	0.998	95	20	462	489	15	429	535	498	0.906	0.776
LOKIASV2_2712_ESMFold_hypothetical_protein	AF-P05316-F1-model_v4	AF-P05316-F1-model_v4 Uracil permease	1.649E-02	0.998	95	35	453	489	113	483	633	448	0.857	0.586
LOKIASV2_2712_ESMFold_hypothetical_protein	AF-A0A0G2KSE4-F1-model_v4	AF-A0A0G2KSE4-F1-model_v4 AA_permease_C domain-containing protein	1.331E-02	0.998	95	39	454	489	34	424	647	469	0.851	0.604
LOKIASV2_2712_ESMFold_hypothetical_protein	AF-A0A1D6NLC0-F1-model_v4	AF-A0A1D6NLC0-F1-model_v4 Transmembrane amino acid transporter family protein	4.229E-02	0.998	95	24	484	489	29	426	856	490	0.943	0.465
LOKIASV2_2712_ESMFold_hypothetical_protein	AF-U7PXY1-F1-model_v4	AF-U7PXY1-F1-model_v4 Uncharacterized protein	1.222E-02	0.998	94	14	486	489	31	501	558	562	0.967	0.844
LOKIASV2_2712_ESMFold_hypothetical_protein	AF-A0A1D6KZ93-F1-model_v4	AF-A0A1D6KZ93-F1-model_v4 Cationic amino acid transporter 4 vacuolar	3.134E-02	0.998	94	14	454	489	31	443	664	498	0.902	0.622
LOKIASV2_2712_ESMFold_hypothetical_protein	AF-P75712-F1-model_v4	AF-P75712-F1-model_v4 Putative allantoin permease	5.191E-03	0.998	93	1	488	489	1	459	484	561	0.998	0.948
LOKIASV2_2712_ESMFold_hypothetical_protein	AF-Q337V1-F1-model_v4	AF-Q337V1-F1-model_v4 Amino acid permease family protein, expressed	7.005E-03	0.998	93	5	454	489	39	432	622	500	0.920	0.633
LOKIASV2_2712_ESMFold_hypothetical_protein	AF-A0A1D8PF84-F1-model_v4	AF-A0A1D8PF84-F1-model_v4 Avt4p	1.721E-02	0.998	93	2	489	489	168	639	639	574	0.998	0.739
LOKIASV2_2712_ESMFold_hypothetical_protein	AF-I1K1U1-F1-model_v4	AF-I1K1U1-F1-model_v4 AA_permease_C domain-containing protein	9.452E-03	0.998	93	24	454	489	8	413	640	508	0.881	0.634
LOKIASV2_2712_ESMFold_hypothetical_protein	AF-A0A0P0V5C2-F1-model_v4	AF-A0A0P0V5C2-F1-model_v4 Os01g0621200 protein	2.975E-03	0.997	92	14	487	489	22	482	501	542	0.969	0.920
LOKIASV2_2712_ESMFold_hypothetical_protein	AF-A0A1D8PJY8-F1-model_v4	AF-A0A1D8PJY8-F1-model_v4 Dur35p	2.043E-02	0.997	92	38	488	489	60	514	668	519	0.922	0.681
LOKIASV2_2712_ESMFold_hypothetical_protein	AF-A0A0D2H163-F1-model_v4	AF-A0A0D2H163-F1-model_v4 Unplaced genomic scaffold supercont1.2, whole genome shotgun sequence	4.191E-03	0.997	92	36	482	489	53	511	728	536	0.914	0.630
LOKIASV2_2712_ESMFold_hypothetical_protein	AF-I1LCT0-F1-model_v4	AF-I1LCT0-F1-model_v4 Aa_trans domain-containing protein	3.134E-02	0.996	90	38	485	489	20	408	428	489	0.916	0.909
LOKIASV2_2712_ESMFold_hypothetical_protein	AF-I1J6N5-F1-model_v4	AF-I1J6N5-F1-model_v4 Aa_trans domain-containing protein	3.134E-02	0.996	90	26	485	489	6	417	437	517	0.941	0.943
LOKIASV2_2712_ESMFold_hypothetical_protein	AF-O08812-F1-model_v4	AF-O08812-F1-model_v4 Cationic amino acid transporter 3	7.311E-03	0.996	90	38	454	489	34	422	619	471	0.853	0.628
LOKIASV2_2712_ESMFold_hypothetical_protein	AF-A0A1D6LTK4-F1-model_v4	AF-A0A1D6LTK4-F1-model_v4 Transmembrane amino acid transporter family protein	1.514E-02	0.996	89	20	433	489	150	523	526	447	0.847	0.711
LOKIASV2_2712_ESMFold_hypothetical_protein	AF-Q57V88-F1-model_v4	AF-Q57V88-F1-model_v4 Amino acid transporter, putative	2.225E-02	0.996	89	18	485	489	106	533	546	520	0.957	0.784
LOKIASV2_2712_ESMFold_hypothetical_protein	AF-A0A0D2HPS2-F1-model_v4	AF-A0A0D2HPS2-F1-model_v4 Unplaced genomic scaffold supercont1.1, whole genome shotgun sequence	1.875E-02	0.995	88	36	486	489	56	448	478	483	0.922	0.822
LOKIASV2_2712_ESMFold_hypothetical_protein	AF-A0A0R0HFT0-F1-model_v4	AF-A0A0R0HFT0-F1-model_v4 Aa_trans domain-containing protein	2.132E-02	0.994	87	39	484	489	40	422	447	489	0.912	0.857
LOKIASV2_2712_ESMFold_hypothetical_protein	AF-A0A0D2GF15-F1-model_v4	AF-A0A0D2GF15-F1-model_v4 Unplaced genomic scaffold supercont1.6, whole genome shotgun sequence	4.973E-03	0.994	87	33	488	489	48	500	567	536	0.933	0.799
LOKIASV2_2712_ESMFold_hypothetical_protein	AF-Q5PR34-F1-model_v4	AF-Q5PR34-F1-model_v4 Cationic amino acid transporter 2	5.019E-02	0.994	87	39	454	489	34	424	640	472	0.851	0.611
LOKIASV2_2712_ESMFold_hypothetical_protein	AF-P18581-F1-model_v4	AF-P18581-F1-model_v4 Cationic amino acid transporter 2	1.075E-02	0.993	86	42	454	489	37	425	657	472	0.845	0.592
LOKIASV2_2712_ESMFold_hypothetical_protein	AF-A0A1C1CYV4-F1-model_v4	AF-A0A1C1CYV4-F1-model_v4 Low-affinity methionine permease	4.052E-02	0.992	85	24	379	489	20	368	370	414	0.728	0.943
LOKIASV2_2712_ESMFold_hypothetical_protein	AF-W5U5X2-F1-model_v4	AF-W5U5X2-F1-model_v4 Potassium transporter	3.882E-02	0.992	85	28	488	489	94	553	852	544	0.943	0.540
LOKIASV2_2712_ESMFold_hypothetical_protein	AF-A0A1C1CP50-F1-model_v4	AF-A0A1C1CP50-F1-model_v4 Putative urea active transporter	7.631E-03	0.991	84	38	489	489	62	522	683	535	0.924	0.675
LOKIASV2_2712_ESMFold_hypothetical_protein	AF-A0A1C1C8U6-F1-model_v4	AF-A0A1C1C8U6-F1-model_v4 Putative potassium transporter	3.719E-02	0.991	84	43	488	489	3	443	760	531	0.912	0.580
LOKIASV2_2712_ESMFold_hypothetical_protein	AF-E9QF99-F1-model_v4	AF-E9QF99-F1-model_v4 Solute carrier family 7 member 1a	2.132E-02	0.990	83	7	454	489	3	427	652	511	0.916	0.652
LOKIASV2_2712_ESMFold_hypothetical_protein	AF-B5D5N9-F1-model_v4	AF-B5D5N9-F1-model_v4 Cationic amino acid transporter 2	1.331E-02	0.990	83	42	454	489	37	425	657	471	0.845	0.592
LOKIASV2_2712_ESMFold_hypothetical_protein	AF-Q54KK3-F1-model_v4	AF-Q54KK3-F1-model_v4 Uncharacterized protein	5.191E-03	0.990	83	10	488	489	570	1037	1054	551	0.980	0.444
LOKIASV2_2712_ESMFold_hypothetical_protein	AF-K7L9J8-F1-model_v4	AF-K7L9J8-F1-model_v4 Potassium transporter	9.056E-03	0.988	82	1	476	489	1	493	784	590	0.973	0.629
LOKIASV2_2712_ESMFold_hypothetical_protein	AF-Q8ZR80-F1-model_v4	AF-Q8ZR80-F1-model_v4 Putative NCS1 family, allantoin transport protein	4.229E-02	0.986	81	57	488	489	1	416	437	505	0.883	0.952
LOKIASV2_2712_ESMFold_hypothetical_protein	AF-A0A0R4INA7-F1-model_v4	AF-A0A0R4INA7-F1-model_v4 Zgc:175280	2.530E-02	0.984	80	6	454	489	4	423	613	506	0.918	0.685
LOKIASV2_2712_ESMFold_hypothetical_protein	AF-Q19425-F1-model_v4	AF-Q19425-F1-model_v4 Sodium-coupled neutral amino acid transporter 9 homolog	7.701E-02	0.981	79	26	489	489	144	615	615	566	0.949	0.767
LOKIASV2_2712_ESMFold_hypothetical_protein	AF-Q5AKW0-F1-model_v4	AF-Q5AKW0-F1-model_v4 Dur32p	3.882E-02	0.981	79	38	488	489	60	514	671	528	0.922	0.678
LOKIASV2_2712_ESMFold_hypothetical_protein	AF-Q8ZJY5-F1-model_v4	AF-Q8ZJY5-F1-model_v4 Putative carbon starvation protein	1.450E-02	0.978	78	37	488	489	88	673	716	625	0.924	0.818
LOKIASV2_2712_ESMFold_hypothetical_protein	AF-I1N836-F1-model_v4	AF-I1N836-F1-model_v4 Potassium transporter	2.756E-02	0.949	72	24	480	489	3	497	785	578	0.935	0.631
LOKIASV2_2712_ESMFold_hypothetical_protein	AF-Q8ZRX1-F1-model_v4	AF-Q8ZRX1-F1-model_v4 L-carnitine/gamma-butyrobetaine antiporter	3.030E-01	0.912	68	25	465	489	81	505	505	499	0.902	0.842
LOKIASV2_2712_ESMFold_hypothetical_protein	AF-Q6H4M2-F1-model_v4	AF-Q6H4M2-F1-model_v4 Potassium transporter 19	5.655E-03	0.837	63	29	444	489	37	512	742	540	0.851	0.642
LOKIASV2_2712_ESMFold_hypothetical_protein	AF-A0A1D6EBZ3-F1-model_v4	AF-A0A1D6EBZ3-F1-model_v4 Potassium transporter	3.719E-02	0.505	51	24	450	489	69	556	824	545	0.873	0.592
LOKIASV2_2712_ESMFold_hypothetical_protein	AF-Q8K3D6-F1-model_v4	AF-Q8K3D6-F1-model_v4 Solute carrier family 35 member E4	1.415E+00	0.069	27	74	483	489	49	326	351	417	0.838	0.792
LOKIASV2_2712_ESMFold_hypothetical_protein	AF-A0A1C1CLN7-F1-model_v4	AF-A0A1C1CLN7-F1-model_v4 Putative HC-toxin efflux carrier TOXA	4.268E-01	0.069	27	5	481	489	13	530	550	608	0.975	0.942
LOKIASV2_2712_ESMFold_hypothetical_protein	AF-K0ERT2-F1-model_v4	AF-K0ERT2-F1-model_v4 Uncharacterized protein	1.993E+00	0.063	26	24	371	489	13	285	295	374	0.712	0.925
LOKIASV2_2712_ESMFold_hypothetical_protein	AF-F4IHS9-F1-model_v4	AF-F4IHS9-F1-model_v4 UDP-xylose transporter 1	2.171E+00	0.045	23	69	483	489	10	293	342	434	0.849	0.830
LOKIASV2_2712_ESMFold_hypothetical_protein	AF-A0A132Z4Y7-F1-model_v4	AF-A0A132Z4Y7-F1-model_v4 2-hydroxycarboxylate transporter family protein	1.415E+00	0.045	23	32	482	489	73	439	440	476	0.922	0.834
LOKIASV2_2712_ESMFold_hypothetical_protein	AF-Q5Z9P4-F1-model_v4	AF-Q5Z9P4-F1-model_v4 Probable magnesium transporter	5.335E+00	0.034	21	121	488	489	2	293	344	412	0.753	0.849
LOKIASV2_2712_ESMFold_hypothetical_protein	AF-A0A0P0YB54-F1-model_v4	AF-A0A0P0YB54-F1-model_v4 Protein DETOXIFICATION	1.609E+00	0.034	21	33	479	489	17	452	472	522	0.914	0.924
LOKIASV2_2712_ESMFold_hypothetical_protein	AF-U7Q326-F1-model_v4	AF-U7Q326-F1-model_v4 MFS domain-containing protein	3.953E+00	0.034	21	50	479	489	15	495	563	581	0.879	0.854
LOKIASV2_2712_ESMFold_hypothetical_protein	AF-U7PXQ5-F1-model_v4	AF-U7PXQ5-F1-model_v4 MFS domain-containing protein	2.171E+00	0.029	20	2	477	489	46	579	580	638	0.973	0.921
LOKIASV2_2712_ESMFold_hypothetical_protein	AF-P34315-F1-model_v4	AF-P34315-F1-model_v4 Putative sodium/calcium exchanger 6	3.477E+00	0.029	20	32	484	489	101	551	590	525	0.926	0.764
LOKIASV2_2712_ESMFold_hypothetical_protein	AF-A0A0N4UKE0-F1-model_v4	AF-A0A0N4UKE0-F1-model_v4 Uncharacterized protein	6.331E+00	0.024	19	150	488	489	6	316	364	380	0.693	0.854
LOKIASV2_2712_ESMFold_hypothetical_protein	AF-I1LH83-F1-model_v4	AF-I1LH83-F1-model_v4 Uncharacterized protein	1.542E+00	0.024	19	4	414	489	32	436	450	506	0.840	0.900
LOKIASV2_2712_ESMFold_hypothetical_protein	AF-A0A0G2K0W3-F1-model_v4	AF-A0A0G2K0W3-F1-model_v4 Protein tweety homolog	6.274E-01	0.024	19	28	432	489	75	412	526	440	0.828	0.643
LOKIASV2_2712_ESMFold_hypothetical_protein	AF-K7KTH8-F1-model_v4	AF-K7KTH8-F1-model_v4 TPT domain-containing protein	5.111E+00	0.020	18	23	425	489	14	346	347	443	0.824	0.960
LOKIASV2_2712_ESMFold_hypothetical_protein	AF-C0P3N1-F1-model_v4	AF-C0P3N1-F1-model_v4 Probable magnesium transporter	8.543E+00	0.020	18	65	485	489	15	303	375	449	0.861	0.771
LOKIASV2_2712_ESMFold_hypothetical_protein	AF-I1JTG2-F1-model_v4	AF-I1JTG2-F1-model_v4 Uncharacterized protein	2.807E+00	0.016	17	5	485	489	30	587	612	657	0.984	0.912
LOKIASV2_2712_ESMFold_hypothetical_protein	AF-A0A1C1CBJ6-F1-model_v4	AF-A0A1C1CBJ6-F1-model_v4 General alpha-glucoside permease	4.495E+00	0.014	16	20	489	489	45	658	672	680	0.961	0.914
LOKIASV2_2712_ESMFold_hypothetical_protein	AF-A0A044UUJ2-F1-model_v4	AF-A0A044UUJ2-F1-model_v4 Uncharacterized protein	6.608E+00	0.011	15	77	480	489	23	367	424	447	0.826	0.814
LOKIASV2_2712_ESMFold_hypothetical_protein	AF-Q9C0H2-F1-model_v4	AF-Q9C0H2-F1-model_v4 Protein tweety homolog 3	1.415E+00	0.011	15	4	433	489	64	413	523	480	0.879	0.669
LOKIASV2_2712_ESMFold_hypothetical_protein	AF-Q20332-F1-model_v4	AF-Q20332-F1-model_v4 Protein tweety homolog 1	6.331E+00	0.010	14	4	442	489	55	423	519	479	0.898	0.711
LOKIASV2_2712_ESMFold_hypothetical_protein	af_Q6AYR7_4_443_1.20.1740.10	af_Q6AYR7_4_443_1.20.1740.10	4.917E-08	1.000	262	38	489	489	6	407	440	475	0.924	0.914
LOKIASV2_2712_ESMFold_hypothetical_protein	af_Q58596_3_366_1.20.1740.10	af_Q58596_3_366_1.20.1740.10	4.006E-07	1.000	250	39	488	489	4	359	364	459	0.920	0.978
LOKIASV2_2712_ESMFold_hypothetical_protein	af_Q10177_77_507_1.20.1740.10	af_Q10177_77_507_1.20.1740.10	1.219E-06	1.000	245	43	482	489	2	428	431	478	0.900	0.991
LOKIASV2_2712_ESMFold_hypothetical_protein	af_Q19151_16_462_1.20.1740.10	af_Q19151_16_462_1.20.1740.10	1.702E-07	1.000	245	39	485	489	6	407	447	477	0.914	0.899
LOKIASV2_2712_ESMFold_hypothetical_protein	af_Q12078_15_467_1.20.1740.10	af_Q12078_15_467_1.20.1740.10	1.219E-06	1.000	239	41	487	489	2	452	453	507	0.914	0.996
LOKIASV2_2712_ESMFold_hypothetical_protein	af_Q653V6_68_493_1.20.1740.10	af_Q653V6_68_493_1.20.1740.10	9.843E-07	1.000	238	52	485	489	1	382	426	451	0.888	0.897
LOKIASV2_2712_ESMFold_hypothetical_protein	af_P25737_13_472_1.20.1740.10	af_P25737_13_472_1.20.1740.10	7.613E-07	1.000	238	39	482	489	7	419	460	470	0.908	0.898
LOKIASV2_2712_ESMFold_hypothetical_protein	af_Q2FYU8_4_476_1.20.1740.10	af_Q2FYU8_4_476_1.20.1740.10	4.555E-07	1.000	237	39	482	489	9	425	473	477	0.908	0.882
LOKIASV2_2712_ESMFold_hypothetical_protein	af_P63340_10_409_1.20.1740.10	af_P63340_10_409_1.20.1740.10	3.711E-06	1.000	236	43	481	489	4	399	400	457	0.898	0.990
LOKIASV2_2712_ESMFold_hypothetical_protein	af_P39277_4_414_1.20.1740.10	af_P39277_4_414_1.20.1740.10	1.328E-06	1.000	234	38	486	489	7	385	411	465	0.918	0.922
LOKIASV2_2712_ESMFold_hypothetical_protein	af_Q8I3M7_238_670_1.20.1740.10	af_Q8I3M7_238_670_1.20.1740.10	1.027E-06	1.000	233	42	484	489	2	400	433	466	0.906	0.921
LOKIASV2_2712_ESMFold_hypothetical_protein	af_P77400_8_430_1.20.1740.10	af_P77400_8_430_1.20.1740.10	5.406E-07	1.000	228	39	488	489	11	390	423	466	0.920	0.898
LOKIASV2_2712_ESMFold_hypothetical_protein	af_Q5RKI7_10_447_1.20.1740.10	af_Q5RKI7_10_447_1.20.1740.10	1.510E-06	1.000	227	42	484	489	10	404	438	464	0.906	0.902
LOKIASV2_2712_ESMFold_hypothetical_protein	af_Q9Y1A7_38_480_1.20.1740.10	af_Q9Y1A7_38_480_1.20.1740.10	6.989E-07	1.000	226	39	486	489	8	404	443	472	0.916	0.896
LOKIASV2_2712_ESMFold_hypothetical_protein	af_P0AAD6_24_427_1.10.4160.10	af_P0AAD6_24_427_1.10.4160.10	3.406E-06	1.000	224	44	484	489	4	401	404	461	0.902	0.985
LOKIASV2_2712_ESMFold_hypothetical_protein	af_Q5QN13_86_509_1.20.1740.10	af_Q5QN13_86_509_1.20.1740.10	1.386E-06	1.000	224	51	488	489	2	393	424	462	0.896	0.925
LOKIASV2_2712_ESMFold_hypothetical_protein	af_Q92367_68_515_1.20.1740.10	af_Q92367_68_515_1.20.1740.10	1.871E-06	1.000	224	39	485	489	4	412	448	483	0.914	0.913
LOKIASV2_2712_ESMFold_hypothetical_protein	af_Q2QN30_93_531_1.20.1740.10	af_Q2QN30_93_531_1.20.1740.10	5.694E-06	1.000	223	43	481	489	2	396	439	466	0.898	0.900
LOKIASV2_2712_ESMFold_hypothetical_protein	af_A4IBY1_30_466_1.20.1740.10	af_A4IBY1_30_466_1.20.1740.10	5.455E-06	1.000	222	38	489	489	8	407	437	478	0.924	0.915
LOKIASV2_2712_ESMFold_hypothetical_protein	af_Q8IR48_79_518_1.20.1740.10	af_Q8IR48_79_518_1.20.1740.10	1.168E-06	1.000	219	39	489	489	8	423	440	484	0.922	0.945
LOKIASV2_2712_ESMFold_hypothetical_protein	af_Q50E62_26_473_1.20.1740.10	af_Q50E62_26_473_1.20.1740.10	3.406E-06	1.000	219	39	485	489	8	406	448	469	0.914	0.891
LOKIASV2_2712_ESMFold_hypothetical_protein	af_A0A0B4KHK8_45_488_1.20.1740.10	af_A0A0B4KHK8_45_488_1.20.1740.10	9.843E-07	1.000	218	39	488	489	7	403	444	473	0.920	0.894
LOKIASV2_2712_ESMFold_hypothetical_protein	af_B4FFD1_70_433_1.20.1740.10	af_B4FFD1_70_433_1.20.1740.10	7.683E-06	1.000	217	58	466	489	3	364	364	427	0.836	0.995
LOKIASV2_2712_ESMFold_hypothetical_protein	af_Q2G2G3_53_420_1.20.1740.10	af_Q2G2G3_53_420_1.20.1740.10	8.370E-06	1.000	216	58	465	489	3	367	368	430	0.834	0.992
LOKIASV2_2712_ESMFold_hypothetical_protein	af_Q0D8I9_30_469_1.20.1740.10	af_Q0D8I9_30_469_1.20.1740.10	1.399E-05	1.000	215	40	486	489	2	390	440	467	0.914	0.884
LOKIASV2_2712_ESMFold_hypothetical_protein	af_Q59RL1_65_531_1.20.1740.10	af_Q59RL1_65_531_1.20.1740.10	1.386E-06	1.000	215	42	485	489	7	422	467	473	0.908	0.891
LOKIASV2_2712_ESMFold_hypothetical_protein	af_P0A769_38_384_1.20.1740.10	af_P0A769_38_384_1.20.1740.10	4.597E-06	1.000	213	58	451	489	3	331	347	408	0.806	0.948
LOKIASV2_2712_ESMFold_hypothetical_protein	af_P0AAE2_5_456_1.20.1740.10	af_P0AAE2_5_456_1.20.1740.10	4.597E-06	1.000	211	42	485	489	12	414	452	471	0.908	0.892
LOKIASV2_2712_ESMFold_hypothetical_protein	af_Q2G1Y2_23_478_1.20.1740.10	af_Q2G1Y2_23_478_1.20.1740.10	9.843E-07	1.000	210	44	489	489	11	436	456	501	0.912	0.934
LOKIASV2_2712_ESMFold_hypothetical_protein	af_P9WIZ5_52_401_1.20.1740.10	af_P9WIZ5_52_401_1.20.1740.10	1.284E-05	1.000	208	58	451	489	3	334	350	400	0.806	0.949
LOKIASV2_2712_ESMFold_hypothetical_protein	af_Q12372_68_536_1.20.1740.10	af_Q12372_68_536_1.20.1740.10	1.328E-06	1.000	207	39	485	489	8	425	469	485	0.914	0.891
LOKIASV2_2712_ESMFold_hypothetical_protein	af_P60061_6_436_1.20.1740.10	af_P60061_6_436_1.20.1740.10	8.736E-06	1.000	204	39	489	489	7	399	431	477	0.922	0.912
LOKIASV2_2712_ESMFold_hypothetical_protein	af_Q55GU7_25_483_1.20.1740.10	af_Q55GU7_25_483_1.20.1740.10	3.264E-06	1.000	204	38	483	489	5	407	459	489	0.912	0.878
LOKIASV2_2712_ESMFold_hypothetical_protein	af_P9WQM9_17_470_1.20.1740.10	af_P9WQM9_17_470_1.20.1740.10	9.933E-06	1.000	203	39	485	489	7	414	454	478	0.914	0.899
LOKIASV2_2712_ESMFold_hypothetical_protein	af_P0AAE8_2_443_1.20.1740.10	af_P0AAE8_2_443_1.20.1740.10	9.517E-06	1.000	202	38	489	489	9	402	442	462	0.924	0.891
LOKIASV2_2712_ESMFold_hypothetical_protein	af_Q22397_14_464_1.20.1740.10	af_Q22397_14_464_1.20.1740.10	5.694E-06	1.000	200	44	488	489	12	412	451	469	0.910	0.889
LOKIASV2_2712_ESMFold_hypothetical_protein	af_P37660_20_422_1.20.1740.10	af_P37660_20_422_1.20.1740.10	1.230E-05	1.000	199	38	485	489	2	400	403	468	0.916	0.990
LOKIASV2_2712_ESMFold_hypothetical_protein	af_Q9LHN7_26_467_1.20.1740.10	af_Q9LHN7_26_467_1.20.1740.10	8.736E-06	1.000	198	40	485	489	7	396	442	466	0.912	0.882
LOKIASV2_2712_ESMFold_hypothetical_protein	af_Q553K4_170_526_1.20.1740.10	af_Q553K4_170_526_1.20.1740.10	1.733E-05	1.000	196	58	466	489	3	357	357	427	0.836	0.994
LOKIASV2_2712_ESMFold_hypothetical_protein	af_A0A1D8PQM7_48_510_1.20.1740.10	af_A0A1D8PQM7_48_510_1.20.1740.10	1.037E-05	1.000	196	42	486	489	9	425	463	496	0.910	0.901
LOKIASV2_2712_ESMFold_hypothetical_protein	af_Q9URZ3_36_511_1.20.1740.10	af_Q9URZ3_36_511_1.20.1740.10	5.455E-06	1.000	196	39	484	489	9	434	476	487	0.912	0.895
LOKIASV2_2712_ESMFold_hypothetical_protein	3giaA00	3giaA00	3.555E-06	1.000	195	44	486	489	11	388	433	476	0.906	0.873
LOKIASV2_2712_ESMFold_hypothetical_protein	af_A0A1D8PGA9_48_516_1.20.1740.10	af_A0A1D8PGA9_48_516_1.20.1740.10	5.007E-06	1.000	192	27	486	489	1	427	469	490	0.941	0.910
LOKIASV2_2712_ESMFold_hypothetical_protein	af_P32837_68_548_1.20.1740.10	af_P32837_68_548_1.20.1740.10	5.007E-06	1.000	192	38	486	489	11	434	481	489	0.918	0.881
LOKIASV2_2712_ESMFold_hypothetical_protein	af_A4HUW5_4_432_1.20.1740.10	af_A4HUW5_4_432_1.20.1740.10	3.745E-05	1.000	191	54	485	489	4	388	429	462	0.883	0.897
LOKIASV2_2712_ESMFold_hypothetical_protein	af_A0A1D8PFT1_6_466_1.20.1740.10	af_A0A1D8PFT1_6_466_1.20.1740.10	5.943E-06	1.000	191	43	453	489	2	460	461	500	0.840	0.996
LOKIASV2_2712_ESMFold_hypothetical_protein	af_P36029_53_523_1.20.1740.10	af_P36029_53_523_1.20.1740.10	1.179E-05	1.000	190	39	486	489	3	432	471	493	0.916	0.913
LOKIASV2_2712_ESMFold_hypothetical_protein	af_Q7XUT0_22_503_1.20.1740.10	af_Q7XUT0_22_503_1.20.1740.10	5.007E-06	1.000	190	36	486	489	9	444	482	504	0.922	0.905
LOKIASV2_2712_ESMFold_hypothetical_protein	af_P38090_83_573_1.20.1740.10	af_P38090_83_573_1.20.1740.10	8.370E-06	1.000	190	39	485	489	8	437	491	488	0.914	0.876
LOKIASV2_2712_ESMFold_hypothetical_protein	af_Q2G2N5_66_476_1.20.1740.10	af_Q2G2N5_66_476_1.20.1740.10	9.933E-06	1.000	189	39	457	489	9	377	411	436	0.857	0.898
LOKIASV2_2712_ESMFold_hypothetical_protein	af_Q2FYJ4_6_440_1.20.1740.10	af_Q2FYJ4_6_440_1.20.1740.10	2.547E-05	1.000	189	38	489	489	8	415	435	488	0.924	0.938
LOKIASV2_2712_ESMFold_hypothetical_protein	af_Q9UT18_73_572_1.20.1740.10	af_Q9UT18_73_572_1.20.1740.10	1.809E-05	1.000	189	38	485	489	7	457	500	496	0.916	0.902
LOKIASV2_2712_ESMFold_hypothetical_protein	af_P38085_90_555_1.20.1740.10	af_P38085_90_555_1.20.1740.10	7.053E-06	1.000	188	37	485	489	8	422	466	490	0.918	0.891
LOKIASV2_2712_ESMFold_hypothetical_protein	af_P24207_19_458_1.20.1740.10	af_P24207_19_458_1.20.1740.10	1.809E-05	1.000	187	37	485	489	8	409	440	480	0.918	0.914
LOKIASV2_2712_ESMFold_hypothetical_protein	af_Q47689_10_465_1.20.1740.10	af_Q47689_10_465_1.20.1740.10	1.179E-05	1.000	187	37	489	489	8	420	456	498	0.926	0.906
LOKIASV2_2712_ESMFold_hypothetical_protein	af_O74543_41_511_1.20.1740.10	af_O74543_41_511_1.20.1740.10	1.888E-05	1.000	187	22	481	489	1	427	471	488	0.941	0.907
LOKIASV2_2712_ESMFold_hypothetical_protein	af_O05896_24_492_1.20.1740.10	af_O05896_24_492_1.20.1740.10	1.129E-05	1.000	185	43	485	489	9	429	469	494	0.906	0.898
LOKIASV2_2712_ESMFold_hypothetical_protein	af_P40901_77_547_1.20.1740.10	af_P40901_77_547_1.20.1740.10	1.037E-05	1.000	185	21	485	489	1	421	471	515	0.951	0.894
LOKIASV2_2712_ESMFold_hypothetical_protein	af_A0A1D8PCS6_27_501_1.20.1740.10	af_A0A1D8PCS6_27_501_1.20.1740.10	9.517E-06	1.000	185	37	486	489	6	429	475	496	0.920	0.893
LOKIASV2_2712_ESMFold_hypothetical_protein	af_D4ADU2_38_483_1.20.1740.10	af_D4ADU2_38_483_1.20.1740.10	1.284E-05	1.000	184	38	488	489	9	407	446	475	0.922	0.895
LOKIASV2_2712_ESMFold_hypothetical_protein	af_O60113_56_528_1.20.1740.10	af_O60113_56_528_1.20.1740.10	6.757E-06	1.000	184	38	486	489	9	430	473	495	0.918	0.892
LOKIASV2_2712_ESMFold_hypothetical_protein	af_Q09887_36_510_1.20.1740.10	af_Q09887_36_510_1.20.1740.10	9.517E-06	1.000	182	35	486	489	9	432	475	492	0.924	0.893
LOKIASV2_2712_ESMFold_hypothetical_protein	af_Q58715_5_484_1.20.1740.10	af_Q58715_5_484_1.20.1740.10	1.460E-05	1.000	182	40	484	489	9	443	480	511	0.910	0.906
LOKIASV2_2712_ESMFold_hypothetical_protein	af_P25527_13_458_1.20.1740.10	af_P25527_13_458_1.20.1740.10	4.639E-05	1.000	181	39	484	489	4	407	446	479	0.912	0.906
LOKIASV2_2712_ESMFold_hypothetical_protein	af_A0A1D8PJQ5_59_515_1.20.1740.10	af_A0A1D8PJQ5_59_515_1.20.1740.10	3.023E-05	1.000	181	36	482	489	8	417	457	480	0.914	0.897
LOKIASV2_2712_ESMFold_hypothetical_protein	af_Q2FVG4_7_465_1.20.1740.10	af_Q2FVG4_7_465_1.20.1740.10	1.340E-05	1.000	181	39	482	489	11	418	459	474	0.908	0.889
LOKIASV2_2712_ESMFold_hypothetical_protein	af_A0A1D8PJU0_112_579_1.20.1740.10	af_A0A1D8PJU0_112_579_1.20.1740.10	1.591E-05	1.000	181	39	486	489	7	430	468	487	0.916	0.906
LOKIASV2_2712_ESMFold_hypothetical_protein	af_Q2G0J4_14_476_1.20.1740.10	af_Q2G0J4_14_476_1.20.1740.10	1.970E-05	1.000	180	37	483	489	6	410	463	480	0.914	0.875
LOKIASV2_2712_ESMFold_hypothetical_protein	af_Q9C0V0_13_494_1.20.1740.10	af_Q9C0V0_13_494_1.20.1740.10	1.888E-05	1.000	180	39	483	489	8	434	482	495	0.910	0.886
LOKIASV2_2712_ESMFold_hypothetical_protein	af_P71892_30_474_1.20.1740.10	af_P71892_30_474_1.20.1740.10	6.819E-05	1.000	179	38	485	489	9	412	445	480	0.916	0.908
LOKIASV2_2712_ESMFold_hypothetical_protein	af_Q10087_46_506_1.20.1740.10	af_Q10087_46_506_1.20.1740.10	2.547E-05	1.000	179	38	486	489	7	423	461	489	0.918	0.905
LOKIASV2_2712_ESMFold_hypothetical_protein	af_O60170_57_528_1.20.1740.10	af_O60170_57_528_1.20.1740.10	7.053E-06	1.000	179	39	485	489	8	424	472	488	0.914	0.883
LOKIASV2_2712_ESMFold_hypothetical_protein	af_P53744_53_524_1.20.1740.10	af_P53744_53_524_1.20.1740.10	4.404E-06	1.000	179	44	481	489	2	471	472	523	0.896	0.996
LOKIASV2_2712_ESMFold_hypothetical_protein	af_A0A368ULK6_47_431_1.20.1740.10	af_A0A368ULK6_47_431_1.20.1740.10	6.819E-05	1.000	178	38	485	489	5	378	385	468	0.916	0.971
LOKIASV2_2712_ESMFold_hypothetical_protein	af_A0A1P8B1H3_116_540_1.20.1740.10	af_A0A1P8B1H3_116_540_1.20.1740.10	2.659E-05	1.000	178	36	481	489	5	424	425	507	0.912	0.988
LOKIASV2_2712_ESMFold_hypothetical_protein	af_Q4E277_72_471_1.20.1740.10	af_Q4E277_72_471_1.20.1740.10	5.997E-05	1.000	177	39	488	489	3	394	400	472	0.920	0.980
LOKIASV2_2712_ESMFold_hypothetical_protein	af_A0A1D8PTX5_60_507_1.10.4160.10	af_A0A1D8PTX5_60_507_1.10.4160.10	4.258E-05	1.000	176	35	456	489	3	368	448	442	0.863	0.817
LOKIASV2_2712_ESMFold_hypothetical_protein	af_Q2FVI1_4_463_1.20.1740.10	af_Q2FVI1_4_463_1.20.1740.10	2.659E-05	1.000	175	39	485	489	8	414	460	485	0.914	0.885
LOKIASV2_2712_ESMFold_hypothetical_protein	af_P42628_38_443_1.20.1740.10	af_P42628_38_443_1.20.1740.10	1.888E-05	1.000	173	37	485	489	2	403	406	492	0.918	0.990
LOKIASV2_2712_ESMFold_hypothetical_protein	af_Q86I87_92_535_1.20.1740.10	af_Q86I87_92_535_1.20.1740.10	3.438E-05	1.000	173	39	488	489	5	413	444	485	0.920	0.921
LOKIASV2_2712_ESMFold_hypothetical_protein	af_Q2FZQ1_52_496_1.20.1740.10	af_Q2FZQ1_52_496_1.20.1740.10	1.576E-06	1.000	173	42	462	489	10	421	445	488	0.861	0.926
LOKIASV2_2712_ESMFold_hypothetical_protein	af_A0A1D8PS37_27_496_1.20.1740.10	af_A0A1D8PS37_27_496_1.20.1740.10	8.446E-05	1.000	173	38	486	489	8	427	470	475	0.918	0.894
LOKIASV2_2712_ESMFold_hypothetical_protein	af_A4I6F2_138_532_1.20.1740.10	af_A4I6F2_138_532_1.20.1740.10	1.749E-04	1.000	172	38	488	489	3	391	395	465	0.922	0.985
LOKIASV2_2712_ESMFold_hypothetical_protein	af_P30143_57_455_1.20.1740.10	af_P30143_57_455_1.20.1740.10	2.547E-05	1.000	172	39	450	489	4	371	399	434	0.843	0.922
LOKIASV2_2712_ESMFold_hypothetical_protein	af_Q4DQR3_170_606_1.20.1740.10	af_Q4DQR3_170_606_1.20.1740.10	3.438E-05	1.000	170	38	488	489	8	404	437	478	0.922	0.908
LOKIASV2_2712_ESMFold_hypothetical_protein	af_Q5AG77_70_532_1.20.1740.10	af_Q5AG77_70_532_1.20.1740.10	1.809E-05	1.000	170	39	485	489	8	423	463	489	0.914	0.898
LOKIASV2_2712_ESMFold_hypothetical_protein	af_Q4E497_61_454_1.20.1740.10	af_Q4E497_61_454_1.20.1740.10	2.683E-04	1.000	169	39	485	489	4	387	394	467	0.914	0.975
LOKIASV2_2712_ESMFold_hypothetical_protein	af_P0AA47_14_445_1.20.1740.10	af_P0AA47_14_445_1.20.1740.10	4.639E-05	1.000	169	43	488	489	9	400	432	467	0.912	0.907
LOKIASV2_2712_ESMFold_hypothetical_protein	af_P38329_58_513_1.20.1740.10	af_P38329_58_513_1.20.1740.10	3.745E-05	1.000	169	37	488	489	9	444	456	512	0.924	0.956
LOKIASV2_2712_ESMFold_hypothetical_protein	af_A0A2R8Q739_55_518_1.20.1740.10	af_A0A2R8Q739_55_518_1.20.1740.10	3.293E-05	1.000	169	38	486	489	4	437	464	520	0.918	0.935
LOKIASV2_2712_ESMFold_hypothetical_protein	af_A0A1D8PH79_86_559_1.20.1740.10	af_A0A1D8PH79_86_559_1.20.1740.10	1.460E-05	1.000	168	38	486	489	10	432	474	486	0.918	0.892
LOKIASV2_2712_ESMFold_hypothetical_protein	af_Q54CB3_50_448_1.20.1740.10	af_Q54CB3_50_448_1.20.1740.10	1.296E-04	1.000	167	42	485	489	6	392	399	482	0.908	0.970
LOKIASV2_2712_ESMFold_hypothetical_protein	af_A4HVX4_95_526_1.20.1740.10	af_A4HVX4_95_526_1.20.1740.10	1.353E-04	1.000	167	43	485	489	6	401	432	476	0.906	0.917
LOKIASV2_2712_ESMFold_hypothetical_protein	af_O44832_9_450_1.20.1740.10	af_O44832_9_450_1.20.1740.10	3.909E-05	1.000	167	39	489	489	8	414	442	481	0.922	0.921
LOKIASV2_2712_ESMFold_hypothetical_protein	af_Q2FYM4_4_445_1.20.1740.10	af_Q2FYM4_4_445_1.20.1740.10	4.841E-05	1.000	167	38	481	489	3	390	442	470	0.908	0.878
LOKIASV2_2712_ESMFold_hypothetical_protein	af_Q9VR07_337_861_1.10.4160.10	af_Q9VR07_337_861_1.10.4160.10	3.155E-05	1.000	167	24	489	489	1	482	525	560	0.953	0.918
LOKIASV2_2712_ESMFold_hypothetical_protein	af_Q2FXX3_47_381_1.20.1730.10	af_Q2FXX3_47_381_1.20.1730.10	4.297E-04	1.000	166	68	465	489	6	334	335	404	0.814	0.982
LOKIASV2_2712_ESMFold_hypothetical_protein	af_I1JAZ5_8_441_1.20.1740.10	af_I1JAZ5_8_441_1.20.1740.10	1.190E-04	1.000	166	40	485	489	7	396	434	475	0.912	0.899
LOKIASV2_2712_ESMFold_hypothetical_protein	af_Q4CYX3_37_503_1.20.1740.10	af_Q4CYX3_37_503_1.20.1740.10	6.819E-05	1.000	166	43	485	489	9	430	467	494	0.906	0.904
LOKIASV2_2712_ESMFold_hypothetical_protein	af_O59813_45_518_1.20.1740.10	af_O59813_45_518_1.20.1740.10	6.533E-05	1.000	166	36	486	489	3	432	474	490	0.922	0.907
LOKIASV2_2712_ESMFold_hypothetical_protein	af_Q5AL37_57_519_1.20.1740.10	af_Q5AL37_57_519_1.20.1740.10	6.533E-05	1.000	164	37	485	489	4	412	463	474	0.918	0.883
LOKIASV2_2712_ESMFold_hypothetical_protein	af_Q5AMG7_47_528_1.20.1740.10	af_Q5AMG7_47_528_1.20.1740.10	7.428E-05	1.000	164	39	486	489	9	437	482	501	0.916	0.890
LOKIASV2_2712_ESMFold_hypothetical_protein	af_P0AAF1_3_436_1.20.1740.10	af_P0AAF1_3_436_1.20.1740.10	1.474E-04	1.000	163	39	485	489	9	403	434	468	0.914	0.910
LOKIASV2_2712_ESMFold_hypothetical_protein	af_P0AAE5_1_447_1.20.1740.10	af_P0AAE5_1_447_1.20.1740.10	9.604E-05	1.000	163	37	486	489	8	404	447	479	0.920	0.888
LOKIASV2_2712_ESMFold_hypothetical_protein	af_Q5AIA8_39_528_1.20.1740.10	af_Q5AIA8_39_528_1.20.1740.10	5.053E-05	1.000	163	39	488	489	9	471	490	524	0.920	0.945
LOKIASV2_2712_ESMFold_hypothetical_protein	af_Q59QM3_27_518_1.20.1740.10	af_Q59QM3_27_518_1.20.1740.10	7.428E-05	1.000	163	39	485	489	9	445	492	506	0.914	0.888
LOKIASV2_2712_ESMFold_hypothetical_protein	af_P0AD99_6_430_1.20.1740.10	af_P0AD99_6_430_1.20.1740.10	4.841E-05	1.000	161	36	488	489	2	420	425	499	0.926	0.986
LOKIASV2_2712_ESMFold_hypothetical_protein	af_Q94197_4_457_1.20.1740.10	af_Q94197_4_457_1.20.1740.10	3.023E-05	1.000	161	39	487	489	8	417	454	490	0.918	0.903
LOKIASV2_2712_ESMFold_hypothetical_protein	af_Q59WG4_39_508_1.20.1740.10	af_Q59WG4_39_508_1.20.1740.10	3.909E-05	1.000	161	37	478	489	10	416	470	488	0.904	0.866
LOKIASV2_2712_ESMFold_hypothetical_protein	af_P0AAD2_10_413_1.20.1740.10	af_P0AAD2_10_413_1.20.1740.10	7.428E-05	1.000	160	43	488	489	7	395	404	477	0.912	0.963
LOKIASV2_2712_ESMFold_hypothetical_protein	af_A0A1D6MG65_83_517_1.20.1740.10	af_A0A1D6MG65_83_517_1.20.1740.10	2.683E-04	1.000	160	42	475	489	11	394	435	467	0.888	0.883
LOKIASV2_2712_ESMFold_hypothetical_protein	af_P45539_5_443_1.20.1740.10	af_P45539_5_443_1.20.1740.10	5.746E-05	1.000	160	38	488	489	9	406	439	482	0.922	0.907
LOKIASV2_2712_ESMFold_hypothetical_protein	af_O59831_39_498_1.20.1740.10	af_O59831_39_498_1.20.1740.10	5.274E-05	1.000	160	39	484	489	8	414	460	488	0.912	0.885
LOKIASV2_2712_ESMFold_hypothetical_protein	af_I1J9B4_68_431_1.20.1740.10	af_I1J9B4_68_431_1.20.1740.10	5.555E-04	1.000	159	58	465	489	3	363	364	426	0.834	0.992
LOKIASV2_2712_ESMFold_hypothetical_protein	af_Q21652_22_416_1.10.4160.10	af_Q21652_22_416_1.10.4160.10	1.002E-04	1.000	159	38	470	489	5	387	395	478	0.885	0.970
LOKIASV2_2712_ESMFold_hypothetical_protein	af_Q4DL06_48_444_1.20.1740.10	af_Q4DL06_48_444_1.20.1740.10	1.190E-04	1.000	159	24	484	489	1	396	397	486	0.943	0.997
LOKIASV2_2712_ESMFold_hypothetical_protein	af_P07117_23_496_1.20.1730.10	af_P07117_23_496_1.20.1730.10	7.428E-05	1.000	159	41	489	489	21	451	474	506	0.918	0.909
LOKIASV2_2712_ESMFold_hypothetical_protein	af_Q03770_279_815_3.30.450.70	af_Q03770_279_815_3.30.450.70	1.809E-05	1.000	159	39	486	489	5	492	537	554	0.916	0.909
LOKIASV2_2712_ESMFold_hypothetical_protein	af_D4A0Y7_23_429_1.20.1740.10	af_D4A0Y7_23_429_1.20.1740.10	1.825E-04	1.000	158	39	489	489	4	404	407	486	0.922	0.985
LOKIASV2_2712_ESMFold_hypothetical_protein	af_Q695T7_32_608_1.20.1740.10	af_Q695T7_32_608_1.20.1740.10	2.338E-05	1.000	158	37	488	489	8	520	577	597	0.924	0.889
LOKIASV2_2712_ESMFold_hypothetical_protein	af_P83740_46_534_1.20.1730.10	af_P83740_46_534_1.20.1730.10	1.675E-04	1.000	157	41	453	489	2	386	489	443	0.845	0.787
LOKIASV2_2712_ESMFold_hypothetical_protein	af_Q9N3C7_100_625_1.20.1740.10	af_Q9N3C7_100_625_1.20.1740.10	4.080E-05	1.000	157	24	488	489	1	482	526	568	0.951	0.916
LOKIASV2_2712_ESMFold_hypothetical_protein	af_Q5PP33_104_499_1.20.1740.10	af_Q5PP33_104_499_1.20.1740.10	1.353E-04	1.000	156	39	488	489	7	392	396	479	0.920	0.975
LOKIASV2_2712_ESMFold_hypothetical_protein	af_I1K7F1_81_494_1.10.4160.10	af_I1K7F1_81_494_1.10.4160.10	5.053E-05	1.000	156	38	487	489	6	409	414	486	0.920	0.976
LOKIASV2_2712_ESMFold_hypothetical_protein	af_P9WQM3_13_431_1.20.1740.10	af_P9WQM3_13_431_1.20.1740.10	2.775E-05	1.000	156	37	479	489	9	401	419	487	0.906	0.938
LOKIASV2_2712_ESMFold_hypothetical_protein	af_P53388_82_562_1.20.1740.10	af_P53388_82_562_1.20.1740.10	2.338E-05	1.000	156	39	486	489	7	435	481	515	0.916	0.892
LOKIASV2_2712_ESMFold_hypothetical_protein	af_A0A0H2UJX9_34_534_1.20.1730.10	af_A0A0H2UJX9_34_534_1.20.1730.10	5.274E-05	1.000	156	37	456	489	9	395	501	464	0.859	0.772
LOKIASV2_2712_ESMFold_hypothetical_protein	af_G5EBM5_82_644_1.20.1740.10	af_G5EBM5_82_644_1.20.1740.10	1.605E-04	1.000	156	35	489	489	7	522	563	590	0.930	0.917
LOKIASV2_2712_ESMFold_hypothetical_protein	af_Q9HBR0_4_398_1.20.1740.10	af_Q9HBR0_4_398_1.20.1740.10	3.944E-04	1.000	155	31	488	489	1	389	395	479	0.937	0.985
LOKIASV2_2712_ESMFold_hypothetical_protein	af_Q12119_63_501_1.10.4160.10	af_Q12119_63_501_1.10.4160.10	1.002E-04	1.000	155	39	482	489	22	414	439	479	0.908	0.895
LOKIASV2_2712_ESMFold_hypothetical_protein	af_Q2FUX9_6_464_1.20.1740.10	af_Q2FUX9_6_464_1.20.1740.10	2.166E-04	1.000	155	39	485	489	9	410	459	476	0.914	0.876
LOKIASV2_2712_ESMFold_hypothetical_protein	af_P9WQM5_12_474_1.20.1740.10	af_P9WQM5_12_474_1.20.1740.10	1.242E-04	1.000	155	37	483	489	10	418	463	485	0.914	0.883
LOKIASV2_2712_ESMFold_hypothetical_protein	af_F1QB29_9_534_1.10.4160.10	af_F1QB29_9_534_1.10.4160.10	7.753E-05	1.000	155	36	489	489	8	485	526	550	0.928	0.909
LOKIASV2_2712_ESMFold_hypothetical_protein	af_Q3USY0_32_420_1.20.1740.10	af_Q3USY0_32_420_1.20.1740.10	6.052E-04	1.000	154	37	488	489	6	385	389	470	0.924	0.977
LOKIASV2_2712_ESMFold_hypothetical_protein	af_H2KZG9_3_457_1.20.1740.10	af_H2KZG9_3_457_1.20.1740.10	1.296E-04	1.000	154	39	484	489	7	408	455	486	0.912	0.884
LOKIASV2_2712_ESMFold_hypothetical_protein	af_P90890_109_682_1.20.1740.10	af_P90890_109_682_1.20.1740.10	1.905E-04	1.000	154	24	489	489	1	532	574	607	0.953	0.927
LOKIASV2_2712_ESMFold_hypothetical_protein	af_A0AV02_39_416_1.20.1740.10	af_A0AV02_39_416_1.20.1740.10	1.242E-04	1.000	153	38	462	489	3	364	378	460	0.869	0.958
LOKIASV2_2712_ESMFold_hypothetical_protein	af_A4ICU5_86_490_1.20.1740.10	af_A4ICU5_86_490_1.20.1740.10	7.117E-05	1.000	153	39	488	489	5	401	405	488	0.920	0.980
LOKIASV2_2712_ESMFold_hypothetical_protein	af_L7N6B9_1_429_1.20.1740.10	af_L7N6B9_1_429_1.20.1740.10	5.274E-05	1.000	153	45	488	489	2	411	429	494	0.908	0.956
LOKIASV2_2712_ESMFold_hypothetical_protein	af_Q7YXH5_16_457_1.20.1740.10	af_Q7YXH5_16_457_1.20.1740.10	3.324E-04	1.000	153	39	488	489	7	408	442	471	0.920	0.910
LOKIASV2_2712_ESMFold_hypothetical_protein	af_B4FGJ5_65_452_1.10.4160.10	af_B4FGJ5_65_452_1.10.4160.10	3.469E-04	1.000	152	42	488	489	8	384	388	475	0.914	0.972
LOKIASV2_2712_ESMFold_hypothetical_protein	af_Q4DMS3_64_458_1.20.1740.10	af_Q4DMS3_64_458_1.20.1740.10	6.052E-04	1.000	152	39	485	489	3	388	395	462	0.914	0.977
LOKIASV2_2712_ESMFold_hypothetical_protein	af_A0A1D6F612_111_472_1.20.1740.10	af_A0A1D6F612_111_472_1.20.1740.10	2.075E-04	1.000	151	58	433	489	3	349	362	406	0.769	0.959
LOKIASV2_2712_ESMFold_hypothetical_protein	af_A4I6F1_110_504_1.20.1740.10	af_A4I6F1_110_504_1.20.1740.10	4.485E-04	1.000	151	38	488	489	4	391	395	474	0.922	0.982
LOKIASV2_2712_ESMFold_hypothetical_protein	af_Q9VE46_30_497_1.20.1730.10	af_Q9VE46_30_497_1.20.1730.10	1.988E-04	1.000	151	38	483	489	18	448	468	511	0.912	0.921
LOKIASV2_2712_ESMFold_hypothetical_protein	af_P42590_4_465_1.20.1740.10	af_P42590_4_465_1.20.1740.10	1.046E-04	1.000	150	48	485	489	11	420	462	489	0.896	0.887
LOKIASV2_2712_ESMFold_hypothetical_protein	af_Q5ACZ5_74_544_1.20.1740.10	af_Q5ACZ5_74_544_1.20.1740.10	1.412E-04	1.000	150	38	486	489	8	425	471	489	0.918	0.887
LOKIASV2_2712_ESMFold_hypothetical_protein	af_P34479_35_446_1.20.1740.10	af_P34479_35_446_1.20.1740.10	6.593E-04	1.000	149	36	489	489	6	412	412	504	0.928	0.988
LOKIASV2_2712_ESMFold_hypothetical_protein	af_Q9W1J0_57_603_1.20.1740.10	af_Q9W1J0_57_603_1.20.1740.10	1.242E-04	1.000	149	30	489	489	5	506	547	584	0.941	0.918
LOKIASV2_2712_ESMFold_hypothetical_protein	af_A0A1D6L0N4_39_392_1.20.1740.10	af_A0A1D6L0N4_39_392_1.20.1740.10	8.897E-04	1.000	148	58	465	489	3	353	354	427	0.834	0.992
LOKIASV2_2712_ESMFold_hypothetical_protein	af_A4I6K0_108_503_1.20.1740.10	af_A4I6K0_108_503_1.20.1740.10	4.117E-04	1.000	148	39	485	489	4	389	396	467	0.914	0.975
LOKIASV2_2712_ESMFold_hypothetical_protein	af_Q19301_49_542_1.20.1740.10	af_Q19301_49_542_1.20.1740.10	3.184E-04	1.000	148	40	462	489	3	375	494	456	0.865	0.755
LOKIASV2_2712_ESMFold_hypothetical_protein	af_Q95XG8_64_454_1.20.1740.10	af_Q95XG8_64_454_1.20.1740.10	2.075E-04	1.000	147	54	465	489	3	390	391	468	0.843	0.992
LOKIASV2_2712_ESMFold_hypothetical_protein	af_Q9Y289_54_554_1.20.1730.10	af_Q9Y289_54_554_1.20.1730.10	2.571E-04	1.000	147	42	450	489	17	393	501	444	0.836	0.752
LOKIASV2_2712_ESMFold_hypothetical_protein	af_O74327_18_420_3.40.50.300	af_O74327_18_420_3.40.50.300	1.905E-04	1.000	146	42	486	489	6	393	403	483	0.910	0.963
LOKIASV2_2712_ESMFold_hypothetical_protein	af_Q84WE9_58_466_1.10.4160.10	af_Q84WE9_58_466_1.10.4160.10	1.474E-04	1.000	146	38	488	489	6	407	409	488	0.922	0.983
LOKIASV2_2712_ESMFold_hypothetical_protein	af_A0A1D8PN64_73_492_1.20.1740.10	af_A0A1D8PN64_73_492_1.20.1740.10	6.317E-04	1.000	146	37	488	489	3	410	420	490	0.924	0.971
LOKIASV2_2712_ESMFold_hypothetical_protein	af_P0ABD1_1_444_1.20.1740.10	af_P0ABD1_1_444_1.20.1740.10	7.824E-04	1.000	146	4	452	489	5	436	444	506	0.918	0.973
LOKIASV2_2712_ESMFold_hypothetical_protein	af_O76689_64_609_1.20.1740.10	af_O76689_64_609_1.20.1740.10	1.905E-04	1.000	146	30	489	489	5	505	546	595	0.941	0.918
LOKIASV2_2712_ESMFold_hypothetical_protein	af_Q2FVH8_33_467_1.20.1740.10	af_Q2FVH8_33_467_1.20.1740.10	1.675E-04	1.000	145	43	488	489	2	394	435	487	0.912	0.903
LOKIASV2_2712_ESMFold_hypothetical_protein	af_P0AAD4_2_400_1.20.1740.10	af_P0AAD4_2_400_1.20.1740.10	9.692E-04	1.000	144	37	488	489	2	392	399	478	0.924	0.980
LOKIASV2_2712_ESMFold_hypothetical_protein	af_Q09143_27_439_1.20.1740.10	af_Q09143_27_439_1.20.1740.10	2.683E-04	1.000	144	39	445	489	8	396	413	455	0.832	0.942
LOKIASV2_2712_ESMFold_hypothetical_protein	af_Q9VWD3_53_450_1.20.1740.10	af_Q9VWD3_53_450_1.20.1740.10	2.801E-04	1.000	143	37	441	489	8	375	398	445	0.828	0.925
LOKIASV2_2712_ESMFold_hypothetical_protein	af_Q9M8L9_73_482_1.20.1740.10	af_Q9M8L9_73_482_1.20.1740.10	1.765E-03	1.000	143	39	489	489	5	407	410	474	0.922	0.983
LOKIASV2_2712_ESMFold_hypothetical_protein	af_O17167_24_467_1.20.1740.10	af_O17167_24_467_1.20.1740.10	2.801E-04	1.000	143	39	454	489	8	385	444	451	0.851	0.851
LOKIASV2_2712_ESMFold_hypothetical_protein	af_O60146_75_524_1.20.1740.10	af_O60146_75_524_1.20.1740.10	5.555E-04	1.000	143	38	483	489	6	420	450	494	0.912	0.922
LOKIASV2_2712_ESMFold_hypothetical_protein	af_I1MNV9_89_500_1.20.1740.10	af_I1MNV9_89_500_1.20.1740.10	2.683E-04	1.000	142	39	488	489	9	409	412	497	0.920	0.973
LOKIASV2_2712_ESMFold_hypothetical_protein	af_Q5SPB1_72_488_1.20.1740.10	af_Q5SPB1_72_488_1.20.1740.10	3.944E-04	1.000	142	40	488	489	5	413	417	487	0.918	0.981
LOKIASV2_2712_ESMFold_hypothetical_protein	af_B9EWF0_29_508_1.20.1740.10	af_B9EWF0_29_508_1.20.1740.10	4.117E-04	1.000	142	39	486	489	8	441	480	504	0.916	0.904
LOKIASV2_2712_ESMFold_hypothetical_protein	af_F1LNR9_6_530_1.20.1740.10	af_F1LNR9_6_530_1.20.1740.10	1.140E-04	1.000	142	36	489	489	8	484	525	552	0.928	0.909
LOKIASV2_2712_ESMFold_hypothetical_protein	af_Q7K3Q2_41_585_1.20.1730.10	af_Q7K3Q2_41_585_1.20.1730.10	5.100E-04	1.000	142	40	449	489	12	389	545	434	0.838	0.694
LOKIASV2_2712_ESMFold_hypothetical_protein	af_B7Z122_118_665_1.20.1740.10	af_B7Z122_118_665_1.20.1740.10	1.242E-04	1.000	142	24	485	489	1	491	548	575	0.945	0.896
LOKIASV2_2712_ESMFold_hypothetical_protein	af_Q1EHB4_32_596_1.20.1730.10	af_Q1EHB4_32_596_1.20.1730.10	2.075E-04	1.000	142	40	447	489	19	390	565	443	0.834	0.658
LOKIASV2_2712_ESMFold_hypothetical_protein	af_Q18595_74_485_1.20.1740.10	af_Q18595_74_485_1.20.1740.10	2.360E-04	1.000	141	37	484	489	6	404	412	496	0.916	0.968
LOKIASV2_2712_ESMFold_hypothetical_protein	af_P27837_7_458_1.20.1740.10	af_P27837_7_458_1.20.1740.10	1.538E-04	1.000	141	39	488	489	8	441	452	511	0.920	0.960
LOKIASV2_2712_ESMFold_hypothetical_protein	af_A0A0B4K7V4_55_621_1.20.1740.10	af_A0A0B4K7V4_55_621_1.20.1740.10	1.675E-04	1.000	141	30	484	489	5	516	567	599	0.930	0.903
LOKIASV2_2712_ESMFold_hypothetical_protein	af_Q5A3J0_41_501_1.20.1740.10	af_Q5A3J0_41_501_1.20.1740.10	8.446E-05	1.000	140	39	488	489	8	456	461	516	0.920	0.974
LOKIASV2_2712_ESMFold_hypothetical_protein	af_O44846_82_559_1.20.1740.10	af_O44846_82_559_1.20.1740.10	1.749E-04	1.000	140	38	486	489	4	445	478	532	0.918	0.925
LOKIASV2_2712_ESMFold_hypothetical_protein	af_P53099_71_468_1.10.4160.10	af_P53099_71_468_1.10.4160.10	5.100E-04	1.000	139	21	448	489	1	370	398	445	0.875	0.930
LOKIASV2_2712_ESMFold_hypothetical_protein	af_Q19676_42_439_1.20.1740.10	af_Q19676_42_439_1.20.1740.10	7.182E-04	1.000	139	38	489	489	5	398	398	487	0.924	0.990
LOKIASV2_2712_ESMFold_hypothetical_protein	af_Q9VJ75_61_535_1.20.1740.10	af_Q9VJ75_61_535_1.20.1740.10	1.092E-04	1.000	139	38	486	489	7	441	475	512	0.918	0.916
LOKIASV2_2712_ESMFold_hypothetical_protein	af_Q7K330_74_595_1.20.1740.10	af_Q7K330_74_595_1.20.1740.10	4.297E-04	1.000	139	36	488	489	8	480	522	556	0.926	0.906
LOKIASV2_2712_ESMFold_hypothetical_protein	af_A0A2R8QFZ8_42_590_1.20.1740.10	af_A0A2R8QFZ8_42_590_1.20.1740.10	3.293E-05	1.000	139	24	488	489	1	544	549	613	0.951	0.991
LOKIASV2_2712_ESMFold_hypothetical_protein	af_Q9Y345_191_740_1.20.1740.10	af_Q9Y345_191_740_1.20.1740.10	2.683E-04	1.000	139	38	483	489	9	503	550	571	0.912	0.900
LOKIASV2_2712_ESMFold_hypothetical_protein	af_A4I6L4_79_475_1.20.1740.10	af_A4I6L4_79_475_1.20.1740.10	6.593E-04	1.000	138	36	488	489	5	393	397	486	0.926	0.980
LOKIASV2_2712_ESMFold_hypothetical_protein	af_Q8WTK1_48_454_1.20.1740.10	af_Q8WTK1_48_454_1.20.1740.10	7.496E-04	1.000	138	42	485	489	6	400	407	481	0.908	0.971
LOKIASV2_2712_ESMFold_hypothetical_protein	af_Q9VLR8_70_548_1.20.1730.10	af_Q9VLR8_70_548_1.20.1730.10	1.201E-03	1.000	138	40	460	489	13	396	479	449	0.861	0.802
LOKIASV2_2712_ESMFold_hypothetical_protein	af_Q9VT04_56_457_1.20.1740.10	af_Q9VT04_56_457_1.20.1740.10	7.824E-04	1.000	137	36	487	489	6	401	402	480	0.924	0.985
LOKIASV2_2712_ESMFold_hypothetical_protein	af_C6KTD0_170_605_1.20.1740.10	af_C6KTD0_170_605_1.20.1740.10	1.150E-03	1.000	137	39	488	489	2	433	436	523	0.920	0.991
LOKIASV2_2712_ESMFold_hypothetical_protein	af_P38734_61_516_1.20.1740.10	af_P38734_61_516_1.20.1740.10	2.683E-04	1.000	137	36	482	489	8	413	456	484	0.914	0.890
LOKIASV2_2712_ESMFold_hypothetical_protein	af_K7LCK9_143_607_1.20.1740.10	af_K7LCK9_143_607_1.20.1740.10	5.798E-04	1.000	137	38	486	489	5	439	465	518	0.918	0.935
LOKIASV2_2712_ESMFold_hypothetical_protein	af_Q9XW19_35_473_1.20.1740.10	af_Q9XW19_35_473_1.20.1740.10	4.485E-04	1.000	136	38	485	489	7	415	439	509	0.916	0.932
LOKIASV2_2712_ESMFold_hypothetical_protein	af_I6Y1H7_43_499_1.20.1740.10	af_I6Y1H7_43_499_1.20.1740.10	4.117E-04	1.000	136	45	488	489	2	417	457	487	0.908	0.910
LOKIASV2_2712_ESMFold_hypothetical_protein	af_A0A0R4IYN4_1_464_1.20.1740.10	af_A0A0R4IYN4_1_464_1.20.1740.10	1.552E-03	1.000	136	54	483	489	2	426	464	487	0.879	0.916
LOKIASV2_2712_ESMFold_hypothetical_protein	af_P40501_5_486_1.25.40.10	af_P40501_5_486_1.25.40.10	2.801E-04	1.000	136	38	488	489	3	473	482	552	0.922	0.977
LOKIASV2_2712_ESMFold_hypothetical_protein	af_A0A1D8PDH1_58_531_1.20.1740.10	af_A0A1D8PDH1_58_531_1.20.1740.10	4.886E-04	1.000	135	35	486	489	8	433	474	502	0.924	0.899
LOKIASV2_2712_ESMFold_hypothetical_protein	af_P32705_52_542_1.20.1730.10	af_P32705_52_542_1.20.1730.10	4.485E-04	1.000	135	29	487	489	6	484	491	547	0.939	0.976
LOKIASV2_2712_ESMFold_hypothetical_protein	af_Q9VLY6_24_540_1.20.1740.10	af_Q9VLY6_24_540_1.20.1740.10	4.444E-05	1.000	135	38	488	489	9	475	517	546	0.922	0.903
LOKIASV2_2712_ESMFold_hypothetical_protein	af_O62270_34_524_1.20.1730.10	af_O62270_34_524_1.20.1730.10	3.324E-04	1.000	134	41	488	489	22	466	491	522	0.916	0.906
LOKIASV2_2712_ESMFold_hypothetical_protein	af_G5EBN9_30_557_1.20.1740.10	af_G5EBN9_30_557_1.20.1740.10	2.683E-04	1.000	134	36	488	489	8	485	528	563	0.926	0.905
LOKIASV2_2712_ESMFold_hypothetical_protein	af_P04817_83_548_1.20.1740.10	af_P04817_83_548_1.20.1740.10	2.240E-05	1.000	133	39	486	489	8	462	466	517	0.916	0.976
LOKIASV2_2712_ESMFold_hypothetical_protein	af_A0A1D6E953_60_452_1.20.1740.10	af_A0A1D6E953_60_452_1.20.1740.10	3.354E-03	1.000	132	35	485	489	5	386	393	478	0.922	0.972
LOKIASV2_2712_ESMFold_hypothetical_protein	af_Q4D7M4_95_490_1.20.1740.10	af_Q4D7M4_95_490_1.20.1740.10	1.620E-03	1.000	132	39	484	489	5	395	396	470	0.912	0.987
LOKIASV2_2712_ESMFold_hypothetical_protein	af_A0A1D8PJQ2_67_497_1.10.4160.10	af_A0A1D8PJQ2_67_497_1.10.4160.10	7.182E-04	1.000	132	39	477	489	18	408	431	476	0.898	0.907
LOKIASV2_2712_ESMFold_hypothetical_protein	af_I1M9Z8_20_448_1.20.1740.10	af_I1M9Z8_20_448_1.20.1740.10	1.012E-03	1.000	131	42	489	489	8	426	429	495	0.916	0.977
LOKIASV2_2712_ESMFold_hypothetical_protein	af_A0A1D8PQC0_4_505_1.20.1740.10	af_A0A1D8PQC0_4_505_1.20.1740.10	1.749E-04	1.000	131	42	488	489	6	495	502	552	0.914	0.976
LOKIASV2_2712_ESMFold_hypothetical_protein	af_Q9H598_114_513_1.20.1740.10	af_Q9H598_114_513_1.20.1740.10	6.317E-04	1.000	129	24	487	489	1	399	400	516	0.949	0.998
LOKIASV2_2712_ESMFold_hypothetical_protein	af_A4ICC3_65_474_1.20.1740.10	af_A4ICC3_65_474_1.20.1740.10	2.683E-04	1.000	129	39	488	489	4	406	410	493	0.920	0.983
LOKIASV2_2712_ESMFold_hypothetical_protein	af_I1K1U1_40_445_1.20.1740.10	af_I1K1U1_40_445_1.20.1740.10	1.842E-03	1.000	128	42	475	489	8	400	406	479	0.888	0.968
LOKIASV2_2712_ESMFold_hypothetical_protein	af_A0A1D6G914_244_653_1.20.1740.10	af_A0A1D6G914_244_653_1.20.1740.10	2.708E-03	1.000	128	39	488	489	5	403	410	486	0.920	0.973
LOKIASV2_2712_ESMFold_hypothetical_protein	af_A0A0R0G7N8_26_445_1.20.1740.10	af_A0A0R0G7N8_26_445_1.20.1740.10	8.897E-04	1.000	128	36	489	489	6	417	420	509	0.928	0.981
LOKIASV2_2712_ESMFold_hypothetical_protein	af_Q9SJP9_26_422_1.20.1740.10	af_Q9SJP9_26_422_1.20.1740.10	4.297E-04	1.000	127	35	488	489	5	392	397	488	0.928	0.977
LOKIASV2_2712_ESMFold_hypothetical_protein	af_Q8IQF3_17_423_1.20.1740.10	af_Q8IQF3_17_423_1.20.1740.10	2.007E-03	1.000	127	39	488	489	5	403	407	483	0.920	0.980
LOKIASV2_2712_ESMFold_hypothetical_protein	af_Q9V4E7_58_597_1.20.1740.10	af_Q9V4E7_58_597_1.20.1740.10	2.007E-03	1.000	127	38	489	489	9	499	540	562	0.924	0.909
LOKIASV2_2712_ESMFold_hypothetical_protein	af_A0A1B0GSD2_48_631_1.20.1740.10	af_A0A1B0GSD2_48_631_1.20.1740.10	3.469E-04	1.000	127	33	481	489	4	531	584	596	0.918	0.904
LOKIASV2_2712_ESMFold_hypothetical_protein	af_P63235_7_481_1.20.1740.10	af_P63235_7_481_1.20.1740.10	1.308E-03	1.000	125	51	486	489	10	424	475	483	0.892	0.874
LOKIASV2_2712_ESMFold_hypothetical_protein	af_O45813_157_703_1.20.1740.10	af_O45813_157_703_1.20.1740.10	2.360E-04	1.000	125	21	489	489	1	506	547	592	0.959	0.925
LOKIASV2_2712_ESMFold_hypothetical_protein	af_A0A1D8PGU1_10_439_1.20.1740.10	af_A0A1D8PGU1_10_439_1.20.1740.10	6.317E-04	1.000	124	36	487	489	4	422	430	499	0.924	0.974
LOKIASV2_2712_ESMFold_hypothetical_protein	af_Q2G1H2_6_444_1.20.1740.10	af_Q2G1H2_6_444_1.20.1740.10	1.150E-03	1.000	124	36	489	489	2	432	439	502	0.928	0.982
LOKIASV2_2712_ESMFold_hypothetical_protein	af_Q23616_56_575_1.20.1730.10	af_Q23616_56_575_1.20.1730.10	1.620E-03	1.000	124	38	451	489	2	379	520	442	0.847	0.727
LOKIASV2_2712_ESMFold_hypothetical_protein	af_P34579_87_475_1.20.1740.10	af_P34579_87_475_1.20.1740.10	4.336E-03	1.000	123	27	488	489	1	385	389	494	0.945	0.990
LOKIASV2_2712_ESMFold_hypothetical_protein	af_B5DFJ0_32_432_1.20.1740.10	af_B5DFJ0_32_432_1.20.1740.10	4.526E-03	1.000	123	43	455	489	10	383	401	444	0.845	0.933
LOKIASV2_2712_ESMFold_hypothetical_protein	af_M9PEU1_158_562_1.20.1740.10	af_M9PEU1_158_562_1.20.1740.10	1.552E-03	1.000	123	33	484	489	10	404	405	491	0.924	0.975
LOKIASV2_2712_ESMFold_hypothetical_protein	af_Q9V9U2_57_565_1.20.1730.10	af_Q9V9U2_57_565_1.20.1730.10	3.814E-03	1.000	123	42	450	489	13	389	509	443	0.836	0.741
LOKIASV2_2712_ESMFold_hypothetical_protein	af_Q1LVJ1_11_536_1.20.1740.10	af_Q1LVJ1_11_536_1.20.1740.10	1.620E-03	1.000	123	37	489	489	7	484	526	558	0.926	0.909
LOKIASV2_2712_ESMFold_hypothetical_protein	af_A0A0R0JXR5_25_421_1.20.1740.10	af_A0A0R0JXR5_25_421_1.20.1740.10	3.501E-03	1.000	122	42	488	489	8	393	397	483	0.914	0.972
LOKIASV2_2712_ESMFold_hypothetical_protein	af_Q9VX84_52_456_1.20.1730.10	af_Q9VX84_52_456_1.20.1730.10	4.117E-04	1.000	122	24	485	489	1	398	405	490	0.945	0.983
LOKIASV2_2712_ESMFold_hypothetical_protein	af_Q4DWB6_182_592_1.20.1740.10	af_Q4DWB6_182_592_1.20.1740.10	2.708E-03	1.000	122	42	487	489	10	401	411	487	0.912	0.954
LOKIASV2_2712_ESMFold_hypothetical_protein	af_Q5AEJ0_49_465_1.20.1740.10	af_Q5AEJ0_49_465_1.20.1740.10	3.779E-04	1.000	122	36	483	489	1	396	417	509	0.916	0.950
LOKIASV2_2712_ESMFold_hypothetical_protein	af_P34261_19_459_1.20.1740.10	af_P34261_19_459_1.20.1740.10	1.150E-03	1.000	122	40	488	489	3	413	441	494	0.918	0.932
LOKIASV2_2712_ESMFold_hypothetical_protein	af_Q54Q84_44_503_1.10.4160.10	af_Q54Q84_44_503_1.10.4160.10	1.102E-03	1.000	122	39	477	489	5	402	460	482	0.898	0.865
LOKIASV2_2712_ESMFold_hypothetical_protein	af_Q9URY6_34_543_1.20.1730.10	af_Q9URY6_34_543_1.20.1730.10	1.253E-03	1.000	122	26	488	489	1	476	510	555	0.947	0.933
LOKIASV2_2712_ESMFold_hypothetical_protein	af_Q9SVG0_33_429_1.20.1740.10	af_Q9SVG0_33_429_1.20.1740.10	3.213E-03	1.000	121	36	485	489	5	390	397	497	0.920	0.972
LOKIASV2_2712_ESMFold_hypothetical_protein	af_Q9W056_41_444_1.20.1740.10	af_Q9W056_41_444_1.20.1740.10	1.923E-03	1.000	121	36	485	489	6	397	404	478	0.920	0.970
LOKIASV2_2712_ESMFold_hypothetical_protein	af_I1LWX3_44_456_1.20.1740.10	af_I1LWX3_44_456_1.20.1740.10	1.425E-03	1.000	121	40	485	489	5	408	413	483	0.912	0.978
LOKIASV2_2712_ESMFold_hypothetical_protein	af_P0AA82_3_417_1.10.4160.10	af_P0AA82_3_417_1.10.4160.10	3.324E-04	1.000	121	39	480	489	18	394	415	478	0.904	0.908
LOKIASV2_2712_ESMFold_hypothetical_protein	af_P38176_3_456_2.60.40.150	af_P38176_3_456_2.60.40.150	8.524E-04	1.000	121	42	487	489	5	443	454	514	0.912	0.967
LOKIASV2_2712_ESMFold_hypothetical_protein	af_O44752_21_556_1.20.1740.10	af_O44752_21_556_1.20.1740.10	4.117E-04	1.000	121	24	488	489	1	534	536	599	0.951	0.996
LOKIASV2_2712_ESMFold_hypothetical_protein	af_Q9N321_3_420_1.20.1740.10	af_Q9N321_3_420_1.20.1740.10	8.524E-04	1.000	120	36	485	489	5	401	418	496	0.920	0.950
LOKIASV2_2712_ESMFold_hypothetical_protein	af_Q6ZLK8_36_478_1.20.1740.10	af_Q6ZLK8_36_478_1.20.1740.10	1.012E-03	1.000	120	39	489	489	8	437	443	519	0.922	0.971
LOKIASV2_2712_ESMFold_hypothetical_protein	af_Q54KK3_597_1052_1.20.1740.10	af_Q54KK3_597_1052_1.20.1740.10	2.441E-05	1.000	120	37	488	489	10	441	456	510	0.924	0.947
LOKIASV2_2712_ESMFold_hypothetical_protein	af_Q05998_19_505_1.10.4160.10	af_Q05998_19_505_1.10.4160.10	8.524E-04	1.000	120	22	471	489	10	415	487	484	0.920	0.834
LOKIASV2_2712_ESMFold_hypothetical_protein	af_I1L906_38_392_1.20.1740.10	af_I1L906_38_392_1.20.1740.10	3.213E-03	1.000	119	57	446	489	2	337	355	411	0.798	0.946
LOKIASV2_2712_ESMFold_hypothetical_protein	af_Q4DXY9_43_440_1.20.1740.10	af_Q4DXY9_43_440_1.20.1740.10	3.213E-03	1.000	119	41	485	489	2	395	398	477	0.910	0.990
LOKIASV2_2712_ESMFold_hypothetical_protein	af_M9PHT8_82_489_1.20.1740.10	af_M9PHT8_82_489_1.20.1740.10	3.079E-03	1.000	118	33	485	489	10	401	408	491	0.926	0.961
LOKIASV2_2712_ESMFold_hypothetical_protein	af_Q503G8_36_443_1.20.1740.10	af_Q503G8_36_443_1.20.1740.10	2.186E-03	1.000	118	38	488	489	5	404	408	490	0.922	0.980
LOKIASV2_2712_ESMFold_hypothetical_protein	af_K7TR83_40_488_1.20.1740.10	af_K7TR83_40_488_1.20.1740.10	4.336E-03	1.000	118	36	455	489	9	385	449	465	0.859	0.840
LOKIASV2_2712_ESMFold_hypothetical_protein	af_Q17598_11_484_1.20.1740.10	af_Q17598_11_484_1.20.1740.10	4.485E-04	1.000	118	24	486	489	1	473	474	552	0.947	0.998
LOKIASV2_2712_ESMFold_hypothetical_protein	af_Q9VC02_70_436_1.20.1740.10	af_Q9VC02_70_436_1.20.1740.10	1.425E-03	1.000	117	44	462	489	2	350	367	450	0.857	0.951
LOKIASV2_2712_ESMFold_hypothetical_protein	af_Q53JG7_51_467_1.20.1740.10	af_Q53JG7_51_467_1.20.1740.10	4.724E-03	1.000	117	39	482	489	5	397	417	492	0.908	0.942
LOKIASV2_2712_ESMFold_hypothetical_protein	af_A0A0P0V5C2_65_492_1.20.1740.10	af_A0A0P0V5C2_65_492_1.20.1740.10	1.552E-03	1.000	117	38	487	489	3	418	428	494	0.920	0.972
LOKIASV2_2712_ESMFold_hypothetical_protein	af_P36062_277_680_1.20.1730.10	af_P36062_277_680_1.20.1730.10	2.486E-03	1.000	116	43	483	489	26	403	404	471	0.902	0.936
LOKIASV2_2712_ESMFold_hypothetical_protein	af_A4IG60_54_549_1.20.1730.10	af_A4IG60_54_549_1.20.1730.10	5.371E-03	1.000	116	40	453	489	3	382	496	439	0.847	0.766
LOKIASV2_2712_ESMFold_hypothetical_protein	af_A0A1D8PH27_333_838_1.20.1740.10	af_A0A1D8PH27_333_838_1.20.1740.10	2.708E-03	1.000	116	68	486	489	4	465	506	512	0.857	0.913
LOKIASV2_2712_ESMFold_hypothetical_protein	af_P75835_4_476_1.20.1740.10	af_P75835_4_476_1.20.1740.10	7.496E-04	1.000	115	36	489	489	14	433	473	508	0.928	0.888
LOKIASV2_2712_ESMFold_hypothetical_protein	af_Q9VBK1_152_658_1.20.1730.10	af_Q9VBK1_152_658_1.20.1730.10	4.526E-03	1.000	115	40	459	489	16	398	507	448	0.859	0.755
LOKIASV2_2712_ESMFold_hypothetical_protein	af_A0A368UKA6_43_470_1.20.1740.10	af_A0A368UKA6_43_470_1.20.1740.10	1.308E-03	1.000	114	38	485	489	8	413	428	496	0.916	0.949
LOKIASV2_2712_ESMFold_hypothetical_protein	af_I1L617_42_474_1.20.1740.10	af_I1L617_42_474_1.20.1740.10	1.552E-03	1.000	114	39	477	489	7	431	433	515	0.898	0.982
LOKIASV2_2712_ESMFold_hypothetical_protein	af_O45915_77_633_1.20.1740.10	af_O45915_77_633_1.20.1740.10	1.365E-03	1.000	113	24	488	489	2	510	557	583	0.951	0.914
LOKIASV2_2712_ESMFold_hypothetical_protein	af_A0A1D6INQ6_89_414_1.20.1740.10	af_A0A1D6INQ6_89_414_1.20.1740.10	9.781E-03	1.000	112	39	436	489	5	321	326	406	0.814	0.972
LOKIASV2_2712_ESMFold_hypothetical_protein	af_Q2FW63_9_491_1.20.1740.10	af_Q2FW63_9_491_1.20.1740.10	2.007E-03	1.000	112	16	453	489	64	472	483	492	0.896	0.847
LOKIASV2_2712_ESMFold_hypothetical_protein	af_Q2FWY7_34_506_1.20.1730.10	af_Q2FWY7_34_506_1.20.1730.10	4.336E-03	1.000	111	36	488	489	17	453	473	500	0.926	0.924
LOKIASV2_2712_ESMFold_hypothetical_protein	af_A0A0R4INA7_27_507_1.20.1740.10	af_A0A0R4INA7_27_507_1.20.1740.10	1.691E-03	1.000	111	39	481	489	8	453	481	516	0.906	0.927
LOKIASV2_2712_ESMFold_hypothetical_protein	af_Q8SY25_5_393_1.20.1740.10	af_Q8SY25_5_393_1.20.1740.10	1.566E-02	1.000	110	41	485	489	1	382	389	472	0.910	0.982
LOKIASV2_2712_ESMFold_hypothetical_protein	af_A4HUI4_82_485_1.20.1740.10	af_A4HUI4_82_485_1.20.1740.10	4.155E-03	1.000	110	39	488	489	5	401	404	495	0.920	0.983
LOKIASV2_2712_ESMFold_hypothetical_protein	af_Q9I7N9_94_593_1.20.1740.10	af_Q9I7N9_94_593_1.20.1740.10	3.814E-03	1.000	110	44	488	489	2	467	500	541	0.910	0.932
LOKIASV2_2712_ESMFold_hypothetical_protein	af_F1QBX6_71_590_1.20.1730.10	af_F1QBX6_71_590_1.20.1730.10	2.094E-03	1.000	110	38	486	489	18	481	520	529	0.918	0.892
LOKIASV2_2712_ESMFold_hypothetical_protein	af_A4I6L3_73_467_1.20.1740.10	af_A4I6L3_73_467_1.20.1740.10	7.896E-03	1.000	109	36	485	489	5	388	395	467	0.920	0.972
LOKIASV2_2712_ESMFold_hypothetical_protein	af_Q54W03_82_541_1.20.1740.10	af_Q54W03_82_541_1.20.1740.10	4.931E-03	1.000	109	42	468	489	9	385	460	463	0.873	0.820
LOKIASV2_2712_ESMFold_hypothetical_protein	af_Q54JK9_60_587_1.20.1740.10	af_Q54JK9_60_587_1.20.1740.10	3.814E-03	1.000	109	44	487	489	2	401	528	489	0.908	0.758
LOKIASV2_2712_ESMFold_hypothetical_protein	af_O17394_2_448_3.40.390.10	af_O17394_2_448_3.40.390.10	4.155E-03	1.000	108	71	453	489	2	349	447	415	0.783	0.779
LOKIASV2_2712_ESMFold_hypothetical_protein	af_A4HVX5_314_694_1.20.1740.10	af_A4HVX5_314_694_1.20.1740.10	6.653E-03	1.000	107	36	489	489	2	381	381	494	0.928	0.997
LOKIASV2_2712_ESMFold_hypothetical_protein	af_Q2G161_32_508_1.20.1730.10	af_Q2G161_32_508_1.20.1730.10	1.425E-03	1.000	107	41	489	489	16	450	477	510	0.918	0.912
LOKIASV2_2712_ESMFold_hypothetical_protein	af_O88575_48_624_1.20.1740.10	af_O88575_48_624_1.20.1740.10	1.691E-03	1.000	107	36	488	489	8	526	577	591	0.926	0.899
LOKIASV2_2712_ESMFold_hypothetical_protein	af_Q6JWR2_50_463_1.20.1740.10	af_Q6JWR2_50_463_1.20.1740.10	5.851E-03	1.000	106	39	488	489	4	405	414	495	0.920	0.971
LOKIASV2_2712_ESMFold_hypothetical_protein	af_A0A1D8PDB5_36_538_1.20.1730.10	af_A0A1D8PDB5_36_538_1.20.1730.10	4.526E-03	1.000	106	39	489	489	24	482	503	531	0.922	0.913
LOKIASV2_2712_ESMFold_hypothetical_protein	af_Q7KTJ8_20_536_1.20.1740.10	af_Q7KTJ8_20_536_1.20.1740.10	1.620E-03	1.000	106	38	488	489	10	478	517	547	0.922	0.907
LOKIASV2_2712_ESMFold_hypothetical_protein	af_Q9VTD5_43_446_1.20.1740.10	af_Q9VTD5_43_446_1.20.1740.10	3.980E-03	1.000	105	42	488	489	8	400	404	480	0.914	0.973
LOKIASV2_2712_ESMFold_hypothetical_protein	af_P39282_4_494_1.20.1740.10	af_P39282_4_494_1.20.1740.10	2.826E-03	1.000	105	39	488	489	7	451	491	515	0.920	0.906
LOKIASV2_2712_ESMFold_hypothetical_protein	af_F4HW02_28_440_1.20.1740.10	af_F4HW02_28_440_1.20.1740.10	6.944E-03	1.000	104	38	487	489	5	408	413	505	0.920	0.978
LOKIASV2_2712_ESMFold_hypothetical_protein	af_P16256_31_481_1.20.1730.10	af_P16256_31_481_1.20.1730.10	2.486E-03	1.000	104	38	489	489	16	436	451	502	0.924	0.933
LOKIASV2_2712_ESMFold_hypothetical_protein	4d1dA00	4d1dA00	5.606E-03	1.000	104	41	469	489	18	384	456	444	0.877	0.805
LOKIASV2_2712_ESMFold_hypothetical_protein	af_E9AHL1_84_602_1.20.1740.10	af_E9AHL1_84_602_1.20.1740.10	5.371E-03	1.000	104	38	484	489	8	518	519	582	0.914	0.985
LOKIASV2_2712_ESMFold_hypothetical_protein	af_A0A1L1SR47_125_705_1.20.1740.10	af_A0A1L1SR47_125_705_1.20.1740.10	5.371E-03	1.000	104	37	488	489	7	528	581	599	0.924	0.898
LOKIASV2_2712_ESMFold_hypothetical_protein	af_Q9VLM3_94_496_1.20.1740.10	af_Q9VLM3_94_496_1.20.1740.10	9.371E-03	1.000	103	36	484	489	6	402	403	486	0.918	0.985
LOKIASV2_2712_ESMFold_hypothetical_protein	af_A0A0R0HNR6_5_409_1.20.1740.10	af_A0A0R0HNR6_5_409_1.20.1740.10	1.021E-02	1.000	103	42	489	489	8	398	405	479	0.916	0.965
LOKIASV2_2712_ESMFold_hypothetical_protein	af_Q2FV06_78_495_1.20.1740.10	af_Q2FV06_78_495_1.20.1740.10	8.602E-03	1.000	103	38	476	489	5	417	418	505	0.898	0.988
LOKIASV2_2712_ESMFold_hypothetical_protein	af_Q2G171_2_420_1.20.1740.10	af_Q2G171_2_420_1.20.1740.10	5.371E-03	1.000	103	36	488	489	2	411	419	508	0.926	0.979
LOKIASV2_2712_ESMFold_hypothetical_protein	af_Q84YJ9_78_550_1.20.1740.10	af_Q84YJ9_78_550_1.20.1740.10	4.724E-03	1.000	103	46	487	489	2	440	473	515	0.904	0.928
LOKIASV2_2712_ESMFold_hypothetical_protein	af_A0A1D6DYY5_78_645_1.20.1740.10	af_A0A1D6DYY5_78_645_1.20.1740.10	4.724E-03	1.000	103	46	486	489	2	447	568	517	0.902	0.785
LOKIASV2_2712_ESMFold_hypothetical_protein	af_I1K2N8_99_672_1.20.1740.10	af_I1K2N8_99_672_1.20.1740.10	3.814E-03	1.000	103	46	487	489	2	443	574	517	0.904	0.770
LOKIASV2_2712_ESMFold_hypothetical_protein	af_Q4DAV2_68_468_1.20.1740.10	af_Q4DAV2_68_468_1.20.1740.10	1.320E-02	1.000	102	36	489	489	6	399	401	485	0.928	0.983
LOKIASV2_2712_ESMFold_hypothetical_protein	af_Q9P6J5_48_514_1.10.4160.10	af_Q9P6J5_48_514_1.10.4160.10	3.354E-03	1.000	102	37	489	489	16	467	467	528	0.926	0.968
LOKIASV2_2712_ESMFold_hypothetical_protein	af_P75712_7_482_1.10.4160.10	af_P75712_7_482_1.10.4160.10	2.282E-03	1.000	101	36	488	489	24	453	476	520	0.926	0.903
LOKIASV2_2712_ESMFold_hypothetical_protein	af_Q4V5R4_45_447_1.20.1740.10	af_Q4V5R4_45_447_1.20.1740.10	7.565E-03	1.000	100	42	488	489	7	400	403	485	0.914	0.978
LOKIASV2_2712_ESMFold_hypothetical_protein	af_I1L943_79_546_1.10.4160.10	af_I1L943_79_546_1.10.4160.10	1.320E-02	0.999	99	38	477	489	26	430	468	491	0.900	0.865
LOKIASV2_2712_ESMFold_hypothetical_protein	af_P31448_28_554_1.20.1730.10	af_P31448_28_554_1.20.1730.10	2.594E-03	0.999	99	28	486	489	1	451	527	526	0.939	0.856
LOKIASV2_2712_ESMFold_hypothetical_protein	af_A0A1D6MWS7_184_510_1.20.1740.10	af_A0A1D6MWS7_184_510_1.20.1740.10	2.302E-02	0.999	97	43	425	489	8	318	327	398	0.783	0.951
LOKIASV2_2712_ESMFold_hypothetical_protein	af_Q9VTD7_51_457_1.20.1740.10	af_Q9VTD7_51_457_1.20.1740.10	5.851E-03	0.999	97	36	484	489	6	406	407	488	0.918	0.985
LOKIASV2_2712_ESMFold_hypothetical_protein	af_Q54EI7_72_491_1.20.1740.10	af_Q54EI7_72_491_1.20.1740.10	8.602E-03	0.999	97	38	484	489	15	419	420	492	0.914	0.964
LOKIASV2_2712_ESMFold_hypothetical_protein	af_Q69RI8_116_588_1.20.1740.10	af_Q69RI8_116_588_1.20.1740.10	8.602E-03	0.999	96	44	487	489	2	443	473	515	0.908	0.934
LOKIASV2_2712_ESMFold_hypothetical_protein	2xq2A01	2xq2A01	9.371E-03	0.999	96	38	489	489	24	466	535	505	0.924	0.828
LOKIASV2_2712_ESMFold_hypothetical_protein	af_A0A1D8PJY8_38_548_1.20.1730.10	af_A0A1D8PJY8_38_548_1.20.1730.10	6.374E-03	0.998	94	38	488	489	23	477	511	526	0.922	0.890
LOKIASV2_2712_ESMFold_hypothetical_protein	af_F1R3N3_71_591_1.20.1740.10	af_F1R3N3_71_591_1.20.1740.10	2.683E-04	0.998	94	32	488	489	40	473	521	520	0.935	0.833
LOKIASV2_2712_ESMFold_hypothetical_protein	af_P0ABC9_17_503_1.20.1730.10	af_P0ABC9_17_503_1.20.1730.10	1.438E-02	0.997	91	24	453	489	68	476	487	485	0.879	0.840
LOKIASV2_2712_ESMFold_hypothetical_protein	af_O14035_41_517_1.10.4160.10	af_O14035_41_517_1.10.4160.10	4.931E-03	0.996	90	36	489	489	26	477	477	536	0.928	0.948
LOKIASV2_2712_ESMFold_hypothetical_protein	af_Q59UP3_34_539_1.20.1730.10	af_Q59UP3_34_539_1.20.1730.10	4.724E-03	0.996	89	36	477	489	22	499	506	547	0.904	0.945
LOKIASV2_2712_ESMFold_hypothetical_protein	af_A4I914_10_482_1.20.1740.10	af_A4I914_10_482_1.20.1740.10	1.161E-02	0.995	88	39	488	489	5	469	473	536	0.920	0.983
LOKIASV2_2712_ESMFold_hypothetical_protein	af_Q0E961_494_1067_1.20.1740.10	af_Q0E961_494_1067_1.20.1740.10	4.155E-03	0.995	88	42	488	489	10	569	574	629	0.914	0.976
LOKIASV2_2712_ESMFold_hypothetical_protein	af_Q7K2W3_61_464_1.20.1740.10	af_Q7K2W3_61_464_1.20.1740.10	9.781E-03	0.991	84	41	488	489	4	400	404	485	0.916	0.983
LOKIASV2_2712_ESMFold_hypothetical_protein	af_F4KD71_61_574_1.20.1730.10	af_F4KD71_61_574_1.20.1730.10	5.905E-02	0.988	82	39	488	489	24	483	514	523	0.920	0.895
LOKIASV2_2712_ESMFold_hypothetical_protein	af_P63183_13_544_1.20.1740.10	af_P63183_13_544_1.20.1740.10	1.211E-02	0.975	77	44	488	489	2	424	532	513	0.910	0.795
LOKIASV2_2712_ESMFold_hypothetical_protein	af_A0A0P0WFV3_131_528_1.20.1730.10	af_A0A0P0WFV3_131_528_1.20.1730.10	4.767E-02	0.971	76	73	482	489	3	397	398	482	0.838	0.992
LOKIASV2_2712_ESMFold_hypothetical_protein	af_P31553_14_501_1.20.1740.10	af_P31553_14_501_1.20.1740.10	5.905E-02	0.971	76	24	452	489	70	483	488	483	0.877	0.848
LOKIASV2_2712_ESMFold_hypothetical_protein	af_A0A1D6LES5_21_388_1.20.1740.10	af_A0A1D6LES5_21_388_1.20.1740.10	1.030E-01	0.949	72	73	485	489	6	361	368	455	0.845	0.967
LOKIASV2_2712_ESMFold_hypothetical_protein	af_K7K564_143_419_1.20.1740.10	af_K7K564_143_419_1.20.1740.10	2.758E-01	0.941	71	38	366	489	6	272	277	342	0.673	0.964
LOKIASV2_2712_ESMFold_hypothetical_protein	af_A0A0P0VCX1_3_391_1.20.1740.10	af_A0A0P0VCX1_3_391_1.20.1740.10	6.714E-02	0.941	71	72	485	489	3	353	389	451	0.847	0.902
LOKIASV2_2712_ESMFold_hypothetical_protein	af_A0A0G2KQP1_1_442_1.20.1730.10	af_A0A0G2KQP1_1_442_1.20.1730.10	2.758E-01	0.941	71	89	449	489	2	316	442	389	0.738	0.713
LOKIASV2_2712_ESMFold_hypothetical_protein	af_Q84MS4_133_530_1.20.1740.10	af_Q84MS4_133_530_1.20.1740.10	1.876E-01	0.933	70	75	488	489	59	376	398	432	0.847	0.799
LOKIASV2_2712_ESMFold_hypothetical_protein	af_A0A1D8PDU7_80_559_1.20.1740.10	af_A0A1D8PDU7_80_559_1.20.1740.10	1.390E-01	0.933	70	45	487	489	2	450	480	533	0.906	0.935
LOKIASV2_2712_ESMFold_hypothetical_protein	af_A4I2V2_74_388_1.20.1740.10	af_A4I2V2_74_388_1.20.1740.10	2.758E-01	0.872	65	39	400	489	4	307	315	401	0.740	0.965
LOKIASV2_2712_ESMFold_hypothetical_protein	af_H2KYM8_4_570_1.20.1740.10	af_H2KYM8_4_570_1.20.1740.10	1.223E-01	0.817	62	38	486	489	3	501	567	593	0.918	0.880
LOKIASV2_2712_ESMFold_hypothetical_protein	af_Q8I3V3_300_878_1.20.1740.10	af_Q8I3V3_300_878_1.20.1740.10	2.226E-01	0.817	62	36	455	489	5	431	579	501	0.859	0.737
LOKIASV2_2712_ESMFold_hypothetical_protein	af_F1LWL8_3_419_1.20.1730.10	af_F1LWL8_3_419_1.20.1730.10	5.193E-02	0.747	59	73	452	489	8	312	417	405	0.777	0.731
LOKIASV2_2712_ESMFold_hypothetical_protein	af_E9AHL2_66_432_1.20.1740.10	af_E9AHL2_66_432_1.20.1740.10	6.492E-01	0.601	54	40	413	489	5	350	367	419	0.765	0.943
LOKIASV2_2712_ESMFold_hypothetical_protein	af_Q2FVB0_2_275_1.20.1730.10	af_Q2FVB0_2_275_1.20.1730.10	5.709E-01	0.537	52	111	417	489	22	273	274	325	0.628	0.920
LOKIASV2_2712_ESMFold_hypothetical_protein	af_O96181_434_994_2.30.29.30	af_O96181_434_994_2.30.29.30	3.721E-01	0.411	48	34	488	489	2	523	561	590	0.930	0.930
LOKIASV2_2712_ESMFold_hypothetical_protein	af_Q10074_273_554_1.20.1740.10	af_Q10074_273_554_1.20.1740.10	4.609E-01	0.382	47	35	376	489	12	281	282	367	0.699	0.957
LOKIASV2_2712_ESMFold_hypothetical_protein	af_P37758_1_462_1.20.1250.20	af_P37758_1_462_1.20.1250.20	3.243E-02	0.179	38	69	486	489	34	450	462	511	0.855	0.903
LOKIASV2_2712_ESMFold_hypothetical_protein	af_Q0JBB8_3_335_1.20.1740.10	af_Q0JBB8_3_335_1.20.1740.10	5.289E+00	0.138	35	115	481	489	3	320	333	402	0.751	0.955
LOKIASV2_2712_ESMFold_hypothetical_protein	af_Q5API4_21_440_1.20.1250.20	af_Q5API4_21_440_1.20.1250.20	7.008E-02	0.138	35	31	439	489	2	417	420	508	0.836	0.990
LOKIASV2_2712_ESMFold_hypothetical_protein	af_Q54IT2_31_456_1.20.1250.20	af_Q54IT2_31_456_1.20.1250.20	1.581E-01	0.138	35	65	482	489	2	423	426	511	0.855	0.991
LOKIASV2_2712_ESMFold_hypothetical_protein	af_O53668_15_411_1.20.1250.20	af_O53668_15_411_1.20.1250.20	9.870E-02	0.126	34	33	453	489	2	395	397	485	0.861	0.992
LOKIASV2_2712_ESMFold_hypothetical_protein	af_A0A1D6GJY0_126_420_1.20.1730.10	af_A0A1D6GJY0_126_420_1.20.1730.10	8.760E-01	0.116	33	118	431	489	4	280	295	349	0.642	0.939
LOKIASV2_2712_ESMFold_hypothetical_protein	af_Q54SQ1_200_631_1.20.1250.20	af_Q54SQ1_200_631_1.20.1250.20	7.968E-02	0.116	33	70	480	489	5	404	432	510	0.840	0.926
LOKIASV2_2712_ESMFold_hypothetical_protein	2nq2A00	2nq2A00	1.958E-01	0.098	31	67	424	489	7	306	308	389	0.732	0.974
LOKIASV2_2712_ESMFold_hypothetical_protein	af_P31122_11_385_1.20.1250.20	af_P31122_11_385_1.20.1250.20	4.416E-01	0.098	31	71	488	489	3	372	375	482	0.855	0.987
LOKIASV2_2712_ESMFold_hypothetical_protein	af_Q54LA4_481_867_1.20.1250.20	af_Q54LA4_481_867_1.20.1250.20	9.870E-02	0.098	31	36	481	489	5	386	387	494	0.912	0.987
LOKIASV2_2712_ESMFold_hypothetical_protein	af_G5EFS0_68_469_1.20.1530.20	af_G5EFS0_68_469_1.20.1530.20	3.565E-01	0.098	31	28	488	489	1	395	402	508	0.943	0.983
LOKIASV2_2712_ESMFold_hypothetical_protein	af_Q5ALJ4_102_499_1.20.1250.20	af_Q5ALJ4_102_499_1.20.1250.20	2.324E-01	0.090	30	37	449	489	3	397	398	478	0.845	0.992
LOKIASV2_2712_ESMFold_hypothetical_protein	af_Q46909_13_432_1.20.1250.20	af_Q46909_13_432_1.20.1250.20	2.133E-01	0.090	30	74	482	489	4	408	420	506	0.836	0.964
LOKIASV2_2712_ESMFold_hypothetical_protein	af_Q10487_80_518_1.20.1250.20	af_Q10487_80_518_1.20.1250.20	1.451E-01	0.090	30	36	457	489	8	438	439	523	0.863	0.982
LOKIASV2_2712_ESMFold_hypothetical_protein	af_P76628_9_385_1.20.1250.20	af_P76628_9_385_1.20.1250.20	2.425E-01	0.082	29	39	446	489	4	375	377	479	0.834	0.987
LOKIASV2_2712_ESMFold_hypothetical_protein	af_Q9LEV7_56_469_1.20.1250.20	af_Q9LEV7_56_469_1.20.1250.20	1.223E-01	0.082	29	38	480	489	2	413	414	518	0.906	0.995
LOKIASV2_2712_ESMFold_hypothetical_protein	af_Q9XWL3_1_422_1.20.1250.20	af_Q9XWL3_1_422_1.20.1250.20	7.968E-02	0.082	29	59	449	489	2	420	422	512	0.800	0.993
LOKIASV2_2712_ESMFold_hypothetical_protein	af_Q59Q30_48_475_1.20.1250.20	af_Q59Q30_48_475_1.20.1250.20	1.876E-01	0.082	29	76	483	489	2	405	428	500	0.834	0.944
LOKIASV2_2712_ESMFold_hypothetical_protein	af_P24077_14_401_1.20.1250.20	af_P24077_14_401_1.20.1250.20	5.959E-01	0.076	28	35	482	489	7	385	388	493	0.916	0.977
LOKIASV2_2712_ESMFold_hypothetical_protein	af_F1QCN1_4_392_1.20.1250.20	af_F1QCN1_4_392_1.20.1250.20	3.135E-01	0.076	28	69	481	489	6	388	389	496	0.845	0.985
LOKIASV2_2712_ESMFold_hypothetical_protein	af_P21345_1_417_1.10.3860.10	af_P21345_1_417_1.10.3860.10	3.565E-01	0.076	28	29	462	489	1	411	417	523	0.888	0.986
LOKIASV2_2712_ESMFold_hypothetical_protein	4pypA00	4pypA00	5.959E-01	0.076	28	62	481	489	4	439	447	536	0.859	0.975
LOKIASV2_2712_ESMFold_hypothetical_protein	af_K7VD92_43_493_1.20.1250.20	af_K7VD92_43_493_1.20.1250.20	1.650E-01	0.076	28	37	450	489	2	450	451	545	0.847	0.996
LOKIASV2_2712_ESMFold_hypothetical_protein	af_Q2FW77_7_322_1.10.3470.10	af_Q2FW77_7_322_1.10.3470.10	4.609E-01	0.069	27	32	401	489	1	314	316	407	0.757	0.994
LOKIASV2_2712_ESMFold_hypothetical_protein	af_C0PMF2_61_384_1.20.1530.20	af_C0PMF2_61_384_1.20.1530.20	4.231E-01	0.069	27	72	483	489	3	323	324	444	0.843	0.991
LOKIASV2_2712_ESMFold_hypothetical_protein	4dblA00	4dblA00	3.565E-01	0.069	27	33	416	489	10	318	324	417	0.785	0.954
LOKIASV2_2712_ESMFold_hypothetical_protein	af_Q2G0A2_1_380_1.20.1250.20	af_Q2G0A2_1_380_1.20.1250.20	5.959E-01	0.069	27	33	488	489	3	375	380	523	0.933	0.982
LOKIASV2_2712_ESMFold_hypothetical_protein	af_Q18797_15_402_1.20.1250.20	af_Q18797_15_402_1.20.1250.20	4.811E-01	0.069	27	35	489	489	7	388	388	513	0.930	0.985
LOKIASV2_2712_ESMFold_hypothetical_protein	4jr9A00	4jr9A00	2.425E-01	0.069	27	18	425	489	2	404	409	491	0.834	0.985
LOKIASV2_2712_ESMFold_hypothetical_protein	af_P0AEX3_19_432_1.20.1250.20	af_P0AEX3_19_432_1.20.1250.20	3.884E-01	0.069	27	69	480	489	4	403	414	507	0.843	0.966
LOKIASV2_2712_ESMFold_hypothetical_protein	4qiqA00	4qiqA00	3.565E-01	0.069	27	36	482	489	8	427	439	540	0.914	0.957
LOKIASV2_2712_ESMFold_hypothetical_protein	af_Q07376_24_481_1.20.1250.20	af_Q07376_24_481_1.20.1250.20	1.958E-01	0.069	27	74	488	489	4	451	458	519	0.849	0.978
LOKIASV2_2712_ESMFold_hypothetical_protein	af_Q9XU83_14_479_1.20.1250.20	af_Q9XU83_14_479_1.20.1250.20	4.054E-01	0.069	27	73	481	489	6	448	466	529	0.836	0.951
LOKIASV2_2712_ESMFold_hypothetical_protein	af_Q2G2D9_6_271_1.10.3470.10	af_Q2G2D9_6_271_1.10.3470.10	6.220E-01	0.063	26	70	424	489	8	263	266	377	0.726	0.962
LOKIASV2_2712_ESMFold_hypothetical_protein	af_A0A0P0XZ15_3_374_1.20.1740.10	af_A0A0P0XZ15_3_374_1.20.1740.10	7.449E+00	0.063	26	76	446	489	8	301	372	405	0.759	0.790
LOKIASV2_2712_ESMFold_hypothetical_protein	af_Q9USW4_42_452_1.20.1250.20	af_Q9USW4_42_452_1.20.1250.20	1.650E-01	0.063	26	26	475	489	2	394	411	502	0.920	0.956
LOKIASV2_2712_ESMFold_hypothetical_protein	af_I1JSY9_7_419_1.20.1250.20	af_I1JSY9_7_419_1.20.1250.20	3.135E-01	0.063	26	73	479	489	3	412	413	493	0.832	0.993
LOKIASV2_2712_ESMFold_hypothetical_protein	af_Q86B08_43_455_1.20.1250.20	af_Q86B08_43_455_1.20.1250.20	6.776E-01	0.063	26	38	488	489	2	411	413	526	0.922	0.993
LOKIASV2_2712_ESMFold_hypothetical_protein	af_F4IMD9_8_431_1.20.1250.20	af_F4IMD9_8_431_1.20.1250.20	1.876E-01	0.063	26	37	486	489	2	423	424	524	0.920	0.995
LOKIASV2_2712_ESMFold_hypothetical_protein	af_O74899_78_501_1.20.1250.20	af_O74899_78_501_1.20.1250.20	4.416E-01	0.063	26	69	485	489	2	423	424	540	0.853	0.995
LOKIASV2_2712_ESMFold_hypothetical_protein	af_C0P753_61_506_1.20.1250.20	af_C0P753_61_506_1.20.1250.20	3.721E-01	0.063	26	36	482	489	5	429	446	547	0.914	0.953
LOKIASV2_2712_ESMFold_hypothetical_protein	af_P95218_1_451_1.20.1250.20	af_P95218_1_451_1.20.1250.20	1.876E-01	0.063	26	68	486	489	28	441	451	544	0.857	0.918
LOKIASV2_2712_ESMFold_hypothetical_protein	af_Q19376_25_479_1.20.1250.20	af_Q19376_25_479_1.20.1250.20	8.393E-01	0.063	26	73	481	489	6	444	455	530	0.836	0.965
LOKIASV2_2712_ESMFold_hypothetical_protein	af_I1J4L0_137_499_1.20.1250.20	af_I1J4L0_137_499_1.20.1250.20	8.393E-01	0.057	25	46	479	489	2	362	363	467	0.888	0.994
LOKIASV2_2712_ESMFold_hypothetical_protein	af_Q8CE94_12_391_1.20.1250.20	af_Q8CE94_12_391_1.20.1250.20	4.416E-01	0.057	25	37	489	489	3	380	380	523	0.926	0.995
LOKIASV2_2712_ESMFold_hypothetical_protein	af_Q2FVF2_6_388_1.20.1250.20	af_Q2FVF2_6_388_1.20.1250.20	6.220E-01	0.057	25	60	483	489	3	380	383	480	0.867	0.987
LOKIASV2_2712_ESMFold_hypothetical_protein	af_I1MG86_20_421_1.20.1250.20	af_I1MG86_20_421_1.20.1250.20	7.381E-01	0.057	25	43	480	489	1	401	402	520	0.896	0.998
LOKIASV2_2712_ESMFold_hypothetical_protein	af_B2RYK8_113_519_1.20.1530.20	af_B2RYK8_113_519_1.20.1530.20	8.760E-01	0.057	25	31	439	489	1	401	407	488	0.836	0.985
LOKIASV2_2712_ESMFold_hypothetical_protein	af_Q4DHU7_36_448_1.20.1250.20	af_Q4DHU7_36_448_1.20.1250.20	3.416E-01	0.057	25	31	488	489	3	409	413	547	0.937	0.985
LOKIASV2_2712_ESMFold_hypothetical_protein	af_O59833_86_505_1.20.1250.20	af_O59833_86_505_1.20.1250.20	6.776E-01	0.057	25	69	489	489	2	420	420	523	0.861	0.998
LOKIASV2_2712_ESMFold_hypothetical_protein	af_P31679_13_435_1.20.1250.20	af_P31679_13_435_1.20.1250.20	8.393E-01	0.057	25	74	488	489	3	407	423	509	0.849	0.957
LOKIASV2_2712_ESMFold_hypothetical_protein	af_A0A1D8PST5_62_490_1.20.1250.20	af_A0A1D8PST5_62_490_1.20.1250.20	5.709E-01	0.057	25	66	482	489	3	428	429	526	0.853	0.993
LOKIASV2_2712_ESMFold_hypothetical_protein	af_K7MWN2_101_550_1.20.1250.20	af_K7MWN2_101_550_1.20.1250.20	3.135E-01	0.057	25	32	482	489	6	428	450	542	0.922	0.940
LOKIASV2_2712_ESMFold_hypothetical_protein	af_A0A1D6HY58_38_506_1.20.1250.20	af_A0A1D6HY58_38_506_1.20.1250.20	6.220E-01	0.057	25	24	485	489	33	468	469	561	0.945	0.930
LOKIASV2_2712_ESMFold_hypothetical_protein	af_Q2FY18_5_276_1.10.3470.10	af_Q2FY18_5_276_1.10.3470.10	8.393E-01	0.051	24	70	420	489	6	265	272	374	0.718	0.956
LOKIASV2_2712_ESMFold_hypothetical_protein	4g1uB00	4g1uB00	8.393E-01	0.051	24	37	382	489	5	270	297	355	0.708	0.896
LOKIASV2_2712_ESMFold_hypothetical_protein	af_A0A0P0WMA8_96_409_1.20.1740.10	af_A0A0P0WMA8_96_409_1.20.1740.10	5.709E-01	0.051	24	49	424	489	2	313	314	425	0.769	0.994
LOKIASV2_2712_ESMFold_hypothetical_protein	af_P06972_338_660_1.10.3470.10	af_P06972_338_660_1.10.3470.10	1.288E+00	0.051	24	25	402	489	1	321	323	419	0.773	0.994
LOKIASV2_2712_ESMFold_hypothetical_protein	af_P76103_4_381_1.20.1740.10	af_P76103_4_381_1.20.1740.10	6.220E-01	0.051	24	65	480	489	3	377	378	465	0.851	0.992
LOKIASV2_2712_ESMFold_hypothetical_protein	af_Q58955_3_381_1.20.1250.20	af_Q58955_3_381_1.20.1250.20	7.381E-01	0.051	24	33	446	489	4	378	379	479	0.847	0.989
LOKIASV2_2712_ESMFold_hypothetical_protein	af_P43531_29_411_1.20.1250.20	af_P43531_29_411_1.20.1250.20	9.960E-01	0.051	24	30	480	489	1	381	383	511	0.922	0.995
LOKIASV2_2712_ESMFold_hypothetical_protein	af_Q4CXZ3_11_427_1.20.1250.20	af_Q4CXZ3_11_427_1.20.1250.20	1.344E+00	0.051	24	69	480	489	8	413	417	513	0.843	0.974
LOKIASV2_2712_ESMFold_hypothetical_protein	af_Q2G0Z4_33_460_1.10.3860.10	af_Q2G0Z4_33_460_1.10.3860.10	4.231E-01	0.051	24	36	439	489	3	407	428	474	0.826	0.946
LOKIASV2_2712_ESMFold_hypothetical_protein	af_Q9UAT3_49_520_1.20.1250.20	af_Q9UAT3_49_520_1.20.1250.20	4.231E-01	0.051	24	38	487	489	5	468	472	559	0.920	0.983
LOKIASV2_2712_ESMFold_hypothetical_protein	af_A2RVG5_191_589_1.20.1250.20	af_A2RVG5_191_589_1.20.1250.20	1.040E+00	0.045	23	29	434	489	17	387	399	499	0.830	0.930
LOKIASV2_2712_ESMFold_hypothetical_protein	af_A0A1D6PJB8_26_433_1.20.1250.20	af_A0A1D6PJB8_26_433_1.20.1250.20	7.072E-01	0.045	23	41	483	489	2	406	408	520	0.906	0.993
LOKIASV2_2712_ESMFold_hypothetical_protein	af_Q02161_1_414_1.10.3430.10	af_Q02161_1_414_1.10.3430.10	4.416E-01	0.045	23	5	486	489	18	389	414	524	0.986	0.899
LOKIASV2_2712_ESMFold_hypothetical_protein	af_O17444_26_441_1.20.1250.20	af_O17444_26_441_1.20.1250.20	1.464E+00	0.045	23	33	482	489	3	415	416	550	0.920	0.993
LOKIASV2_2712_ESMFold_hypothetical_protein	af_Q0D566_20_438_1.20.1250.20	af_Q0D566_20_438_1.20.1250.20	2.878E-01	0.045	23	42	439	489	2	416	419	505	0.814	0.990
LOKIASV2_2712_ESMFold_hypothetical_protein	af_A0A0R0HT68_135_559_1.20.1250.20	af_A0A0R0HT68_135_559_1.20.1250.20	8.041E-01	0.045	23	33	438	489	4	422	425	484	0.830	0.986
LOKIASV2_2712_ESMFold_hypothetical_protein	af_O59814_105_529_1.20.1250.20	af_O59814_105_529_1.20.1250.20	1.234E+00	0.045	23	72	482	489	1	423	425	529	0.840	0.995
LOKIASV2_2712_ESMFold_hypothetical_protein	af_Q4DEW1_52_477_1.20.1250.20	af_Q4DEW1_52_477_1.20.1250.20	3.565E-01	0.045	23	28	425	489	28	424	426	494	0.814	0.932
LOKIASV2_2712_ESMFold_hypothetical_protein	af_P0CU10_39_465_1.20.1250.20	af_P0CU10_39_465_1.20.1250.20	9.960E-01	0.045	23	38	446	489	3	426	427	513	0.836	0.993
LOKIASV2_2712_ESMFold_hypothetical_protein	af_Q9UAZ6_8_435_1.20.1250.20	af_Q9UAZ6_8_435_1.20.1250.20	3.135E-01	0.045	23	68	489	489	6	428	428	515	0.863	0.988
LOKIASV2_2712_ESMFold_hypothetical_protein	af_P38125_110_564_1.20.1250.20	af_P38125_110_564_1.20.1250.20	9.543E-01	0.045	23	38	448	489	2	453	455	520	0.840	0.993
LOKIASV2_2712_ESMFold_hypothetical_protein	af_Q8MLQ7_46_504_1.20.1250.20	af_Q8MLQ7_46_504_1.20.1250.20	1.182E+00	0.045	23	61	482	489	5	439	459	539	0.863	0.948
LOKIASV2_2712_ESMFold_hypothetical_protein	af_A1ZA52_37_500_1.20.1250.20	af_A1ZA52_37_500_1.20.1250.20	3.721E-01	0.045	23	77	483	489	4	445	464	546	0.832	0.953
LOKIASV2_2712_ESMFold_hypothetical_protein	af_K7ML12_100_280_1.20.1250.20	af_K7ML12_100_280_1.20.1250.20	7.775E+00	0.040	22	338	449	489	52	180	181	135	0.229	0.713
LOKIASV2_2712_ESMFold_hypothetical_protein	af_P77672_36_301_1.10.3470.10	af_P77672_36_301_1.10.3470.10	1.893E+00	0.040	22	69	417	489	5	265	266	364	0.714	0.981
LOKIASV2_2712_ESMFold_hypothetical_protein	af_Q10320_1_287_1.20.1250.20	af_Q10320_1_287_1.20.1250.20	1.085E+00	0.040	22	24	432	489	34	285	287	420	0.836	0.878
LOKIASV2_2712_ESMFold_hypothetical_protein	af_Q54HV5_13_392_1.20.1250.20	af_Q54HV5_13_392_1.20.1250.20	1.665E+00	0.040	22	71	488	489	2	369	380	469	0.855	0.968
LOKIASV2_2712_ESMFold_hypothetical_protein	af_P71906_20_424_1.10.3860.10	af_P71906_20_424_1.10.3860.10	3.135E-01	0.040	22	31	421	489	1	402	405	487	0.800	0.993
LOKIASV2_2712_ESMFold_hypothetical_protein	af_F1QVM2_17_424_1.20.1250.20	af_F1QVM2_17_424_1.20.1250.20	2.878E-01	0.040	22	47	423	489	2	403	408	492	0.771	0.985
LOKIASV2_2712_ESMFold_hypothetical_protein	af_P0A830_1_408_1.10.3860.10	af_P0A830_1_408_1.10.3860.10	9.960E-01	0.040	22	31	453	489	1	398	408	478	0.865	0.975
LOKIASV2_2712_ESMFold_hypothetical_protein	af_P38124_101_531_1.20.1250.20	af_P38124_101_531_1.20.1250.20	9.143E-01	0.040	22	36	446	489	7	429	431	511	0.840	0.981
LOKIASV2_2712_ESMFold_hypothetical_protein	af_Q18545_5_447_1.20.1250.20	af_Q18545_5_447_1.20.1250.20	7.704E-01	0.040	22	54	486	489	5	442	443	549	0.885	0.989
LOKIASV2_2712_ESMFold_hypothetical_protein	af_A4I0Q6_2_446_1.20.1250.20	af_A4I0Q6_2_446_1.20.1250.20	6.776E-01	0.040	22	36	433	489	6	438	445	501	0.814	0.973
LOKIASV2_2712_ESMFold_hypothetical_protein	af_I3ITI5_21_469_1.20.1250.20	af_I3ITI5_21_469_1.20.1250.20	1.182E+00	0.040	22	37	452	489	3	448	449	507	0.851	0.993
LOKIASV2_2712_ESMFold_hypothetical_protein	af_A0A1D8PQL0_54_513_1.20.1250.20	af_A0A1D8PQL0_54_513_1.20.1250.20	1.814E+00	0.040	22	60	485	489	2	451	460	558	0.871	0.978
LOKIASV2_2712_ESMFold_hypothetical_protein	af_Q9VBV9_27_501_1.20.1250.20	af_Q9VBV9_27_501_1.20.1250.20	1.085E+00	0.040	22	33	482	489	2	474	475	588	0.920	0.996
LOKIASV2_2712_ESMFold_hypothetical_protein	af_A0A1D6NJW4_8_489_1.20.1250.20	af_A0A1D6NJW4_8_489_1.20.1250.20	4.231E-01	0.040	22	24	449	489	3	463	482	554	0.871	0.956
LOKIASV2_2712_ESMFold_hypothetical_protein	af_P71749_10_605_1.20.1740.10	af_P71749_10_605_1.20.1740.10	4.811E-01	0.040	22	38	489	489	91	596	596	584	0.924	0.849
LOKIASV2_2712_ESMFold_hypothetical_protein	5hxcA02	5hxcA02	2.345E+00	0.034	21	38	420	489	4	216	223	391	0.783	0.955
LOKIASV2_2712_ESMFold_hypothetical_protein	af_Q93YR2_88_394_1.20.1530.20	af_Q93YR2_88_394_1.20.1530.20	1.814E+00	0.034	21	53	420	489	6	306	307	406	0.753	0.980
LOKIASV2_2712_ESMFold_hypothetical_protein	af_Q2G1Z2_11_332_1.10.3470.10	af_Q2G1Z2_11_332_1.10.3470.10	1.738E+00	0.034	21	35	410	489	2	308	322	417	0.769	0.953
LOKIASV2_2712_ESMFold_hypothetical_protein	af_Q9VY22_125_509_1.20.1250.20	af_Q9VY22_125_509_1.20.1250.20	1.234E+00	0.034	21	73	448	489	11	381	385	453	0.769	0.964
LOKIASV2_2712_ESMFold_hypothetical_protein	af_B4FW72_93_494_1.20.1250.20	af_B4FW72_93_494_1.20.1250.20	1.234E+00	0.034	21	37	480	489	2	401	402	529	0.908	0.995
LOKIASV2_2712_ESMFold_hypothetical_protein	af_Q9VM74_249_652_1.20.1530.20	af_Q9VM74_249_652_1.20.1530.20	3.884E-01	0.034	21	43	436	489	7	401	404	473	0.806	0.978
LOKIASV2_2712_ESMFold_hypothetical_protein	af_Q503M4_18_431_1.20.1250.20	af_Q503M4_18_431_1.20.1250.20	1.976E+00	0.034	21	37	446	489	2	410	414	492	0.838	0.988
LOKIASV2_2712_ESMFold_hypothetical_protein	af_Q8S397_18_450_1.20.1530.20	af_Q8S397_18_450_1.20.1530.20	1.665E+00	0.034	21	32	485	489	3	423	433	508	0.928	0.972
LOKIASV2_2712_ESMFold_hypothetical_protein	af_Q8T2G9_46_481_1.20.1250.20	af_Q8T2G9_46_481_1.20.1250.20	1.133E+00	0.034	21	73	488	489	5	433	436	523	0.851	0.984
LOKIASV2_2712_ESMFold_hypothetical_protein	af_Q5A4P7_55_494_1.20.1250.20	af_Q5A4P7_55_494_1.20.1250.20	1.085E+00	0.034	21	35	486	489	2	439	440	565	0.924	0.995
LOKIASV2_2712_ESMFold_hypothetical_protein	af_B9FMX4_255_697_1.20.1250.20	af_B9FMX4_255_697_1.20.1250.20	1.133E+00	0.034	21	38	478	489	2	442	443	572	0.902	0.995
LOKIASV2_2712_ESMFold_hypothetical_protein	af_P0AEP1_8_453_1.20.1250.20	af_P0AEP1_8_453_1.20.1250.20	1.234E+00	0.034	21	32	483	489	7	429	446	551	0.924	0.948
LOKIASV2_2712_ESMFold_hypothetical_protein	af_A0A1D6GE24_164_619_1.20.1250.20	af_A0A1D6GE24_164_619_1.20.1250.20	6.220E-01	0.034	21	68	483	489	5	441	456	518	0.851	0.958
LOKIASV2_2712_ESMFold_hypothetical_protein	af_E1JHQ6_41_508_1.10.3860.10	af_E1JHQ6_41_508_1.10.3860.10	1.403E+00	0.034	21	31	487	489	1	447	468	549	0.935	0.955
LOKIASV2_2712_ESMFold_hypothetical_protein	af_O59726_96_576_1.20.1250.20	af_O59726_96_576_1.20.1250.20	1.040E+00	0.034	21	42	443	489	2	477	481	543	0.822	0.990
LOKIASV2_2712_ESMFold_hypothetical_protein	af_Q9V3J5_45_549_1.20.1250.20	af_Q9V3J5_45_549_1.20.1250.20	7.381E-01	0.034	21	37	485	489	2	501	505	557	0.918	0.990
LOKIASV2_2712_ESMFold_hypothetical_protein	af_P39832_7_260_1.10.3470.10	af_P39832_7_260_1.10.3470.10	2.152E+00	0.029	20	71	418	489	2	248	254	371	0.712	0.972
LOKIASV2_2712_ESMFold_hypothetical_protein	af_P9WGE5_1_282_1.20.1250.20	af_P9WGE5_1_282_1.20.1250.20	8.470E+00	0.029	20	342	484	489	94	234	282	159	0.292	0.500
LOKIASV2_2712_ESMFold_hypothetical_protein	af_Q2FZE5_4_321_1.10.3470.10	af_Q2FZE5_4_321_1.10.3470.10	1.085E+00	0.029	20	63	401	489	51	317	318	373	0.693	0.840
LOKIASV2_2712_ESMFold_hypothetical_protein	af_P37621_16_394_1.20.1250.20	af_P37621_16_394_1.20.1250.20	1.133E+00	0.029	20	37	480	489	2	373	379	501	0.908	0.982
LOKIASV2_2712_ESMFold_hypothetical_protein	af_F1Q7T3_19_411_1.20.1250.20	af_F1Q7T3_19_411_1.20.1250.20	1.344E+00	0.029	20	41	448	489	1	391	393	512	0.834	0.995
LOKIASV2_2712_ESMFold_hypothetical_protein	af_P9WJY1_30_430_1.20.1250.20	af_P9WJY1_30_430_1.20.1250.20	8.760E-01	0.029	20	75	453	489	3	399	401	501	0.775	0.990
LOKIASV2_2712_ESMFold_hypothetical_protein	af_Q60362_5_406_1.20.1530.20	af_Q60362_5_406_1.20.1530.20	1.403E+00	0.029	20	33	424	489	18	396	402	459	0.802	0.943
LOKIASV2_2712_ESMFold_hypothetical_protein	af_B5DFC0_141_552_1.20.1250.20	af_B5DFC0_141_552_1.20.1250.20	1.814E+00	0.029	20	37	482	489	3	387	412	523	0.912	0.934
LOKIASV2_2712_ESMFold_hypothetical_protein	af_Q6ESB5_27_441_1.20.1530.20	af_Q6ESB5_27_441_1.20.1530.20	1.288E+00	0.029	20	33	453	489	59	404	415	457	0.861	0.834
LOKIASV2_2712_ESMFold_hypothetical_protein	5e9sA00	5e9sA00	8.393E-01	0.029	20	70	479	489	10	412	427	500	0.838	0.944
LOKIASV2_2712_ESMFold_hypothetical_protein	af_Q9V395_44_473_1.20.1250.20	af_Q9V395_44_473_1.20.1250.20	1.738E+00	0.029	20	70	479	489	6	429	430	493	0.838	0.986
LOKIASV2_2712_ESMFold_hypothetical_protein	af_Q9VI79_1_432_1.20.1250.20	af_Q9VI79_1_432_1.20.1250.20	1.133E+00	0.029	20	44	466	489	2	430	432	526	0.865	0.993
LOKIASV2_2712_ESMFold_hypothetical_protein	af_A0A3B1DV80_20_452_1.20.1250.20	af_A0A3B1DV80_20_452_1.20.1250.20	1.133E+00	0.029	20	37	485	489	2	432	433	543	0.918	0.995
LOKIASV2_2712_ESMFold_hypothetical_protein	af_Q1LVS8_61_504_1.20.1250.20	af_Q1LVS8_61_504_1.20.1250.20	6.492E-01	0.029	20	31	421	489	1	430	444	528	0.800	0.968
LOKIASV2_2712_ESMFold_hypothetical_protein	af_A0A1D8PNU2_13_476_1.20.1250.20	af_A0A1D8PNU2_13_476_1.20.1250.20	1.738E+00	0.029	20	37	456	489	3	456	464	530	0.859	0.978
LOKIASV2_2712_ESMFold_hypothetical_protein	af_Q23535_62_539_1.20.1250.20	af_Q23535_62_539_1.20.1250.20	7.704E-01	0.029	20	61	433	489	3	472	478	522	0.763	0.983
LOKIASV2_2712_ESMFold_hypothetical_protein	af_A0A1D8PTJ9_61_539_1.20.1250.20	af_A0A1D8PTJ9_61_539_1.20.1250.20	1.040E+00	0.029	20	73	483	489	7	461	479	548	0.840	0.950
LOKIASV2_2712_ESMFold_hypothetical_protein	af_A0A1D6Q3P6_44_529_1.20.1250.20	af_A0A1D6Q3P6_44_529_1.20.1250.20	2.666E+00	0.029	20	69	488	489	3	478	486	554	0.859	0.979
LOKIASV2_2712_ESMFold_hypothetical_protein	af_P58355_36_521_1.20.1250.20	af_P58355_36_521_1.20.1250.20	9.543E-01	0.029	20	39	443	489	2	484	486	547	0.828	0.994
LOKIASV2_2712_ESMFold_hypothetical_protein	af_R4GDV7_209_491_1.20.1070.10	af_R4GDV7_209_491_1.20.1070.10	3.032E+00	0.024	19	24	401	489	2	282	283	392	0.773	0.993
LOKIASV2_2712_ESMFold_hypothetical_protein	af_C6KSN3_150_437_1.20.1420.30	af_C6KSN3_150_437_1.20.1420.30	2.783E+00	0.024	19	32	446	489	1	287	288	427	0.849	0.997
LOKIASV2_2712_ESMFold_hypothetical_protein	af_Q2FVU6_1_305_1.20.1530.20	af_Q2FVU6_1_305_1.20.1530.20	1.085E+00	0.024	19	73	450	489	2	302	305	414	0.773	0.987
LOKIASV2_2712_ESMFold_hypothetical_protein	af_Q2FW76_16_342_1.10.3470.10	af_Q2FW76_16_342_1.10.3470.10	1.182E+00	0.024	19	33	413	489	10	325	327	431	0.779	0.966
LOKIASV2_2712_ESMFold_hypothetical_protein	af_A0A075W8S1_28_375_1.20.1530.20	af_A0A075W8S1_28_375_1.20.1530.20	5.067E+00	0.024	19	44	400	489	31	347	348	401	0.730	0.911
LOKIASV2_2712_ESMFold_hypothetical_protein	af_E7FF54_44_404_1.20.1250.20	af_E7FF54_44_404_1.20.1250.20	2.666E+00	0.024	19	67	442	489	6	358	361	444	0.769	0.978
LOKIASV2_2712_ESMFold_hypothetical_protein	af_P31462_4_375_1.20.1720.10	af_P31462_4_375_1.20.1720.10	1.595E+00	0.024	19	39	424	489	2	371	372	470	0.789	0.995
LOKIASV2_2712_ESMFold_hypothetical_protein	af_Q2FW71_4_384_1.20.1250.20	af_Q2FW71_4_384_1.20.1250.20	2.447E+00	0.024	19	38	482	489	2	375	381	501	0.910	0.982
LOKIASV2_2712_ESMFold_hypothetical_protein	af_Q17675_13_398_1.20.1250.20	af_Q17675_13_398_1.20.1250.20	1.976E+00	0.024	19	70	489	489	3	375	386	485	0.859	0.966
LOKIASV2_2712_ESMFold_hypothetical_protein	af_P9WJX5_11_398_1.20.1250.20	af_P9WJX5_11_398_1.20.1250.20	1.665E+00	0.024	19	124	449	489	6	387	388	433	0.667	0.985
LOKIASV2_2712_ESMFold_hypothetical_protein	af_Q2G1I0_8_408_1.20.1250.20	af_Q2G1I0_8_408_1.20.1250.20	1.814E+00	0.024	19	37	486	489	2	395	401	529	0.920	0.983
LOKIASV2_2712_ESMFold_hypothetical_protein	af_A0A1D6QMY8_28_445_1.20.1530.20	af_A0A1D6QMY8_28_445_1.20.1530.20	1.464E+00	0.024	19	27	439	489	51	404	418	451	0.845	0.847
LOKIASV2_2712_ESMFold_hypothetical_protein	af_I6XHB8_22_443_1.20.1250.20	af_I6XHB8_22_443_1.20.1250.20	2.783E+00	0.024	19	69	482	489	2	407	422	499	0.847	0.962
LOKIASV2_2712_ESMFold_hypothetical_protein	af_P33532_77_498_1.20.1250.20	af_P33532_77_498_1.20.1250.20	1.133E+00	0.024	19	33	449	489	6	420	422	502	0.853	0.983
LOKIASV2_2712_ESMFold_hypothetical_protein	af_A0A1D8PEG8_141_566_1.20.1250.20	af_A0A1D8PEG8_141_566_1.20.1250.20	2.152E+00	0.024	19	70	486	489	2	425	426	536	0.853	0.995
LOKIASV2_2712_ESMFold_hypothetical_protein	af_Q9DC26_9_435_1.20.1250.20	af_Q9DC26_9_435_1.20.1250.20	1.234E+00	0.024	19	33	420	489	59	426	427	473	0.793	0.862
LOKIASV2_2712_ESMFold_hypothetical_protein	af_Q10917_36_465_1.20.1250.20	af_Q10917_36_465_1.20.1250.20	2.247E+00	0.024	19	27	484	489	1	417	430	565	0.937	0.970
LOKIASV2_2712_ESMFold_hypothetical_protein	af_O01927_57_488_1.20.1250.20	af_O01927_57_488_1.20.1250.20	1.464E+00	0.024	19	39	444	489	2	430	432	511	0.830	0.993
LOKIASV2_2712_ESMFold_hypothetical_protein	af_Q9VEW8_45_486_1.20.1250.20	af_Q9VEW8_45_486_1.20.1250.20	1.403E+00	0.024	19	69	479	489	2	438	442	551	0.840	0.989
LOKIASV2_2712_ESMFold_hypothetical_protein	af_Q7JVN6_37_490_1.20.1250.20	af_Q7JVN6_37_490_1.20.1250.20	1.893E+00	0.024	19	70	481	489	5	433	454	531	0.843	0.945
LOKIASV2_2712_ESMFold_hypothetical_protein	af_O94343_82_536_1.20.1250.20	af_O94343_82_536_1.20.1250.20	1.738E+00	0.024	19	62	482	489	8	454	455	541	0.861	0.982
LOKIASV2_2712_ESMFold_hypothetical_protein	af_Q9W3S8_48_502_1.20.1250.20	af_Q9W3S8_48_502_1.20.1250.20	1.976E+00	0.024	19	38	469	489	3	448	455	531	0.883	0.980
LOKIASV2_2712_ESMFold_hypothetical_protein	af_A0A0G2K058_37_502_1.20.1250.20	af_A0A0G2K058_37_502_1.20.1250.20	2.554E+00	0.024	19	38	488	489	7	456	466	575	0.922	0.966
LOKIASV2_2712_ESMFold_hypothetical_protein	af_F1QZA8_9_474_1.20.1250.20	af_F1QZA8_9_474_1.20.1250.20	1.344E+00	0.024	19	52	482	489	3	444	466	554	0.881	0.948
LOKIASV2_2712_ESMFold_hypothetical_protein	af_Q5A7L9_109_575_1.20.1250.20	af_Q5A7L9_109_575_1.20.1250.20	1.182E+00	0.024	19	36	437	489	11	466	467	539	0.822	0.976
LOKIASV2_2712_ESMFold_hypothetical_protein	af_A0A0B4KHM5_17_486_1.20.1250.20	af_A0A0B4KHM5_17_486_1.20.1250.20	1.133E+00	0.024	19	36	443	489	2	469	470	523	0.834	0.996
LOKIASV2_2712_ESMFold_hypothetical_protein	af_F1RC11_15_486_1.20.1250.20	af_F1RC11_15_486_1.20.1250.20	8.760E-01	0.024	19	38	431	489	2	467	472	543	0.806	0.987
LOKIASV2_2712_ESMFold_hypothetical_protein	af_Q86I62_1_480_1.20.1250.20	af_Q86I62_1_480_1.20.1250.20	7.381E-01	0.024	19	24	484	489	3	448	480	581	0.943	0.929
LOKIASV2_2712_ESMFold_hypothetical_protein	af_Q9C101_74_553_1.20.1250.20	af_Q9C101_74_553_1.20.1250.20	6.776E-01	0.024	19	35	465	489	4	480	480	562	0.881	0.994
LOKIASV2_2712_ESMFold_hypothetical_protein	af_Q0DHC7_8_518_1.20.1250.20	af_Q0DHC7_8_518_1.20.1250.20	2.554E+00	0.024	19	38	488	489	2	506	511	592	0.922	0.988
LOKIASV2_2712_ESMFold_hypothetical_protein	af_A0A0P0XQZ1_28_562_1.20.1250.20	af_A0A0P0XQZ1_28_562_1.20.1250.20	1.344E+00	0.024	19	72	488	489	17	530	535	610	0.853	0.961
LOKIASV2_2712_ESMFold_hypothetical_protein	af_C0H564_8_225_1.20.1250.20	af_C0H564_8_225_1.20.1250.20	3.755E+00	0.020	18	59	323	489	2	204	218	282	0.542	0.931
LOKIASV2_2712_ESMFold_hypothetical_protein	af_Q9VXF5_136_429_1.20.1530.20	af_Q9VXF5_136_429_1.20.1530.20	5.520E+00	0.020	18	73	421	489	15	291	294	366	0.714	0.942
LOKIASV2_2712_ESMFold_hypothetical_protein	af_Q769E5_118_423_1.20.1420.30	af_Q769E5_118_423_1.20.1420.30	4.456E+00	0.020	18	50	446	489	4	305	306	422	0.812	0.987
LOKIASV2_2712_ESMFold_hypothetical_protein	af_Q1EBV7_88_396_1.20.1530.20	af_Q1EBV7_88_396_1.20.1530.20	3.919E+00	0.020	18	28	419	489	1	308	309	425	0.802	0.997
LOKIASV2_2712_ESMFold_hypothetical_protein	af_Q57552_11_347_1.10.3470.10	af_Q57552_11_347_1.10.3470.10	1.814E+00	0.020	18	53	401	489	2	334	337	423	0.714	0.988
LOKIASV2_2712_ESMFold_hypothetical_protein	af_P28246_11_389_1.20.1720.10	af_P28246_11_389_1.20.1720.10	2.447E+00	0.020	18	38	448	489	3	378	379	475	0.840	0.992
LOKIASV2_2712_ESMFold_hypothetical_protein	af_P31126_1_382_1.20.1250.20	af_P31126_1_382_1.20.1250.20	2.783E+00	0.020	18	70	487	489	4	381	382	504	0.855	0.990
LOKIASV2_2712_ESMFold_hypothetical_protein	af_Q11073_40_423_1.20.1250.20	af_Q11073_40_423_1.20.1250.20	2.345E+00	0.020	18	70	421	489	5	369	384	415	0.720	0.951
LOKIASV2_2712_ESMFold_hypothetical_protein	af_Q0E8E1_107_498_1.20.1250.20	af_Q0E8E1_107_498_1.20.1250.20	1.344E+00	0.020	18	59	488	489	3	388	392	493	0.879	0.985
LOKIASV2_2712_ESMFold_hypothetical_protein	af_P0AGE4_8_406_1.10.3860.10	af_P0AGE4_8_406_1.10.3860.10	2.666E+00	0.020	18	35	453	489	2	395	399	506	0.857	0.987
LOKIASV2_2712_ESMFold_hypothetical_protein	af_I1M3G2_109_523_1.20.1250.20	af_I1M3G2_109_523_1.20.1250.20	1.085E+00	0.020	18	76	483	489	19	401	415	462	0.834	0.923
LOKIASV2_2712_ESMFold_hypothetical_protein	4j05B00	4j05B00	3.598E+00	0.020	18	70	431	489	5	414	422	498	0.740	0.972
LOKIASV2_2712_ESMFold_hypothetical_protein	af_P38776_67_494_1.20.1250.20	af_P38776_67_494_1.20.1250.20	2.666E+00	0.020	18	29	479	489	1	425	428	523	0.922	0.993
LOKIASV2_2712_ESMFold_hypothetical_protein	af_A0A1D8PQJ5_22_485_1.20.1250.20	af_A0A1D8PQJ5_22_485_1.20.1250.20	2.783E+00	0.020	18	74	485	489	2	445	464	535	0.843	0.957
LOKIASV2_2712_ESMFold_hypothetical_protein	af_A4HZF5_34_610_1.20.1250.20	af_A4HZF5_34_610_1.20.1250.20	1.133E+00	0.020	18	33	483	489	23	575	577	629	0.922	0.958
LOKIASV2_2712_ESMFold_hypothetical_protein	af_F4JPW1_85_406_1.20.1530.20	af_F4JPW1_85_406_1.20.1530.20	3.164E+00	0.016	17	77	483	489	6	319	322	426	0.832	0.975
LOKIASV2_2712_ESMFold_hypothetical_protein	af_Q5SR56_41_413_1.20.1250.20	af_Q5SR56_41_413_1.20.1250.20	2.666E+00	0.016	17	38	424	489	10	359	373	447	0.791	0.938
LOKIASV2_2712_ESMFold_hypothetical_protein	af_Q5A6K2_104_484_1.20.1250.20	af_Q5A6K2_104_484_1.20.1250.20	2.152E+00	0.016	17	71	486	489	5	380	381	492	0.851	0.987
LOKIASV2_2712_ESMFold_hypothetical_protein	af_A0A1D8PNP7_69_490_1.20.1250.20	af_A0A1D8PNP7_69_490_1.20.1250.20	2.345E+00	0.016	17	28	482	489	1	421	422	553	0.930	0.998
LOKIASV2_2712_ESMFold_hypothetical_protein	af_A0A0P0Y6M3_45_473_1.20.1250.20	af_A0A0P0Y6M3_45_473_1.20.1250.20	4.270E+00	0.016	17	38	485	489	2	428	429	529	0.916	0.995
LOKIASV2_2712_ESMFold_hypothetical_protein	af_E7EXH8_9_438_1.20.1250.20	af_E7EXH8_9_438_1.20.1250.20	2.447E+00	0.016	17	38	450	489	3	427	430	534	0.845	0.988
LOKIASV2_2712_ESMFold_hypothetical_protein	af_Q9USN4_40_471_1.20.1250.20	af_Q9USN4_40_471_1.20.1250.20	1.528E+00	0.016	17	35	420	489	2	430	432	508	0.789	0.993
LOKIASV2_2712_ESMFold_hypothetical_protein	af_A0A1D8PJQ4_172_607_1.20.1250.20	af_A0A1D8PJQ4_172_607_1.20.1250.20	4.270E+00	0.016	17	73	478	489	3	426	436	525	0.830	0.972
LOKIASV2_2712_ESMFold_hypothetical_protein	af_Q23149_47_494_1.20.1250.20	af_Q23149_47_494_1.20.1250.20	2.447E+00	0.016	17	38	453	489	2	443	448	562	0.851	0.987
LOKIASV2_2712_ESMFold_hypothetical_protein	af_Q9M0Z9_22_470_1.20.1250.20	af_Q9M0Z9_22_470_1.20.1250.20	2.062E+00	0.016	17	35	485	489	11	427	449	543	0.922	0.929
LOKIASV2_2712_ESMFold_hypothetical_protein	af_Q8NHS3_42_498_1.20.1250.20	af_Q8NHS3_42_498_1.20.1250.20	1.893E+00	0.016	17	30	418	489	29	455	457	555	0.796	0.934
LOKIASV2_2712_ESMFold_hypothetical_protein	af_Q9GPA2_1_468_1.20.1250.20	af_Q9GPA2_1_468_1.20.1250.20	2.152E+00	0.016	17	29	480	489	1	446	468	571	0.924	0.953
LOKIASV2_2712_ESMFold_hypothetical_protein	af_C0H564_11_514_1.20.1250.20	af_C0H564_11_514_1.20.1250.20	2.247E+00	0.016	17	69	489	489	2	504	504	585	0.861	0.998
LOKIASV2_2712_ESMFold_hypothetical_protein	af_Q9LSF0_2_515_1.20.1250.20	af_Q9LSF0_2_515_1.20.1250.20	4.651E+00	0.016	17	73	485	489	26	513	514	569	0.845	0.949
LOKIASV2_2712_ESMFold_hypothetical_protein	af_Q94DS0_19_557_1.20.1250.20	af_Q94DS0_19_557_1.20.1250.20	2.783E+00	0.016	17	31	485	489	4	532	539	644	0.930	0.981
LOKIASV2_2712_ESMFold_hypothetical_protein	af_F4I5R5_1_255_1.25.10.10	af_F4I5R5_1_255_1.25.10.10	4.091E+00	0.014	16	195	432	489	7	247	255	287	0.487	0.945
LOKIASV2_2712_ESMFold_hypothetical_protein	af_P77315_52_317_1.10.3470.10	af_P77315_52_317_1.10.3470.10	5.289E+00	0.014	16	69	418	489	5	265	266	390	0.716	0.981
LOKIASV2_2712_ESMFold_hypothetical_protein	af_P32720_52_318_1.10.3470.10	af_P32720_52_318_1.10.3470.10	4.855E+00	0.014	16	69	416	489	3	264	267	375	0.712	0.981
LOKIASV2_2712_ESMFold_hypothetical_protein	af_Q8RWF4_3_311_1.20.1280.290	af_Q8RWF4_3_311_1.20.1280.290	5.520E+00	0.014	16	72	368	489	2	304	309	346	0.607	0.981
LOKIASV2_2712_ESMFold_hypothetical_protein	af_Q2G1Z1_6_337_1.10.3470.10	af_Q2G1Z1_6_337_1.10.3470.10	3.032E+00	0.014	16	54	401	489	4	329	332	415	0.712	0.982
LOKIASV2_2712_ESMFold_hypothetical_protein	af_A0A1D8PSL9_199_630_1.20.1250.20	af_A0A1D8PSL9_199_630_1.20.1250.20	1.344E+00	0.014	16	36	418	489	8	430	432	523	0.783	0.979
LOKIASV2_2712_ESMFold_hypothetical_protein	af_A0A1D6K7U5_7_472_1.20.1250.20	af_A0A1D6K7U5_7_472_1.20.1250.20	3.755E+00	0.014	16	74	488	489	6	464	466	550	0.849	0.985
LOKIASV2_2712_ESMFold_hypothetical_protein	af_Q95QY6_5_483_1.20.1250.20	af_Q95QY6_5_483_1.20.1250.20	2.905E+00	0.014	16	36	448	489	2	458	479	525	0.845	0.954
LOKIASV2_2712_ESMFold_hypothetical_protein	af_P60778_2_187_1.20.1250.20	af_P60778_2_187_1.20.1250.20	7.775E+00	0.011	15	69	375	489	7	179	186	307	0.628	0.930
LOKIASV2_2712_ESMFold_hypothetical_protein	af_P31549_289_531_1.10.3720.10	af_P31549_289_531_1.10.3720.10	4.270E+00	0.011	15	54	323	489	20	237	243	280	0.552	0.897
LOKIASV2_2712_ESMFold_hypothetical_protein	af_Q2G0F5_2_315_1.10.3470.10	af_Q2G0F5_2_315_1.10.3470.10	1.976E+00	0.011	15	33	388	489	7	279	314	388	0.728	0.869
LOKIASV2_2712_ESMFold_hypothetical_protein	af_P15029_1_318_1.10.3470.10	af_P15029_1_318_1.10.3470.10	3.598E+00	0.011	15	32	401	489	5	316	318	412	0.757	0.981
LOKIASV2_2712_ESMFold_hypothetical_protein	af_Q2FZS4_4_365_1.20.1250.20	af_Q2FZS4_4_365_1.20.1250.20	5.067E+00	0.011	15	78	489	489	2	362	362	485	0.843	0.997
LOKIASV2_2712_ESMFold_hypothetical_protein	af_K7LB72_17_387_1.20.1250.20	af_K7LB72_17_387_1.20.1250.20	5.289E+00	0.011	15	78	486	489	8	345	371	475	0.836	0.911
LOKIASV2_2712_ESMFold_hypothetical_protein	af_K7TQZ4_34_446_1.20.1250.20	af_K7TQZ4_34_446_1.20.1250.20	6.277E+00	0.011	15	72	489	489	6	413	413	511	0.855	0.988
LOKIASV2_2712_ESMFold_hypothetical_protein	af_A0A1D8PTA4_135_567_1.20.1250.20	af_A0A1D8PTA4_135_567_1.20.1250.20	3.447E+00	0.011	15	69	448	489	7	427	433	517	0.777	0.972
LOKIASV2_2712_ESMFold_hypothetical_protein	af_Q8IMT7_67_504_1.20.1250.20	af_Q8IMT7_67_504_1.20.1250.20	3.598E+00	0.011	15	38	439	489	12	436	438	508	0.822	0.970
LOKIASV2_2712_ESMFold_hypothetical_protein	af_A0A0B4KFK6_132_575_1.20.1250.20	af_A0A0B4KFK6_132_575_1.20.1250.20	2.783E+00	0.011	15	29	484	489	22	430	444	535	0.933	0.921
LOKIASV2_2712_ESMFold_hypothetical_protein	af_A0A1D8PMH0_2_447_1.20.1250.20	af_A0A1D8PMH0_2_447_1.20.1250.20	5.289E+00	0.011	15	120	488	489	3	443	446	483	0.755	0.989
LOKIASV2_2712_ESMFold_hypothetical_protein	af_H2KZC0_20_471_1.20.1250.20	af_H2KZC0_20_471_1.20.1250.20	1.976E+00	0.011	15	38	448	489	4	450	452	532	0.840	0.989
LOKIASV2_2712_ESMFold_hypothetical_protein	af_Q6ZIE6_46_504_1.20.1730.10	af_Q6ZIE6_46_504_1.20.1730.10	3.303E+00	0.011	15	38	407	489	3	458	459	490	0.757	0.993
LOKIASV2_2712_ESMFold_hypothetical_protein	af_Q54X11_59_519_1.20.1250.20	af_Q54X11_59_519_1.20.1250.20	4.091E+00	0.011	15	35	480	489	2	460	461	570	0.912	0.996
LOKIASV2_2712_ESMFold_hypothetical_protein	af_Q22682_1_462_1.10.3860.10	af_Q22682_1_462_1.10.3860.10	4.651E+00	0.011	15	28	440	489	1	452	462	530	0.845	0.978
LOKIASV2_2712_ESMFold_hypothetical_protein	af_Q5PRC2_17_479_1.20.1250.20	af_Q5PRC2_17_479_1.20.1250.20	4.091E+00	0.011	15	69	486	489	2	460	463	562	0.855	0.991
LOKIASV2_2712_ESMFold_hypothetical_protein	af_A0A1D6MJP7_22_488_1.20.1250.20	af_A0A1D6MJP7_22_488_1.20.1250.20	5.067E+00	0.011	15	38	483	489	2	465	467	550	0.912	0.994
LOKIASV2_2712_ESMFold_hypothetical_protein	af_Q8N468_19_487_1.20.1250.20	af_Q8N468_19_487_1.20.1250.20	3.303E+00	0.011	15	74	455	489	2	468	469	535	0.781	0.996
LOKIASV2_2712_ESMFold_hypothetical_protein	af_Q9U2K5_2_470_1.20.1250.20	af_Q9U2K5_2_470_1.20.1250.20	4.855E+00	0.011	15	33	435	489	5	466	469	539	0.824	0.985
LOKIASV2_2712_ESMFold_hypothetical_protein	af_A0A1D8PGN2_58_528_1.20.1250.20	af_A0A1D8PGN2_58_528_1.20.1250.20	2.783E+00	0.011	15	38	426	489	39	471	471	497	0.796	0.919
LOKIASV2_2712_ESMFold_hypothetical_protein	af_Q559N7_60_545_1.20.1250.20	af_Q559N7_60_545_1.20.1250.20	3.164E+00	0.011	15	26	485	489	12	475	486	603	0.941	0.955
LOKIASV2_2712_ESMFold_hypothetical_protein	af_O59768_113_408_3.30.360.10	af_O59768_113_408_3.30.360.10	5.520E+00	0.010	14	32	488	489	7	290	296	477	0.935	0.959
LOKIASV2_2712_ESMFold_hypothetical_protein	af_F1R0H0_3_336_1.20.1250.20	af_F1R0H0_3_336_1.20.1250.20	5.762E+00	0.010	14	73	425	489	3	317	334	417	0.722	0.943
LOKIASV2_2712_ESMFold_hypothetical_protein	af_E7F7W6_65_441_1.20.1250.20	af_E7F7W6_65_441_1.20.1250.20	4.456E+00	0.010	14	72	417	489	11	373	377	442	0.708	0.963
LOKIASV2_2712_ESMFold_hypothetical_protein	af_Q95XM8_3_386_1.20.1250.20	af_Q95XM8_3_386_1.20.1250.20	3.919E+00	0.010	14	64	446	489	6	382	384	478	0.783	0.982
LOKIASV2_2712_ESMFold_hypothetical_protein	af_Q8CA03_55_458_1.20.1250.20	af_Q8CA03_55_458_1.20.1250.20	6.277E+00	0.010	14	63	479	489	10	403	404	505	0.853	0.975
LOKIASV2_2712_ESMFold_hypothetical_protein	af_P9WKR5_116_527_1.20.1250.20	af_P9WKR5_116_527_1.20.1250.20	6.551E+00	0.010	14	37	489	489	3	412	412	511	0.926	0.995
LOKIASV2_2712_ESMFold_hypothetical_protein	af_E7FBR6_84_501_1.20.1250.20	af_E7FBR6_84_501_1.20.1250.20	6.014E+00	0.010	14	29	420	489	34	403	418	477	0.802	0.885
LOKIASV2_2712_ESMFold_hypothetical_protein	af_Q07824_142_566_1.20.1250.20	af_Q07824_142_566_1.20.1250.20	5.289E+00	0.010	14	32	479	489	1	422	425	551	0.916	0.993
LOKIASV2_2712_ESMFold_hypothetical_protein	af_F1QZ62_7_441_1.20.1250.20	af_F1QZ62_7_441_1.20.1250.20	6.838E+00	0.010	14	42	425	489	2	432	435	481	0.785	0.991
LOKIASV2_2712_ESMFold_hypothetical_protein	af_K7TK04_23_479_1.20.1250.20	af_K7TK04_23_479_1.20.1250.20	4.855E+00	0.010	14	73	482	489	5	435	457	547	0.838	0.943
LOKIASV2_2712_ESMFold_hypothetical_protein	af_Q9NEI8_5_469_1.20.1250.20	af_Q9NEI8_5_469_1.20.1250.20	5.067E+00	0.010	14	35	485	489	5	448	465	538	0.922	0.955
LOKIASV2_2712_ESMFold_hypothetical_protein	af_A8JQU1_37_502_1.20.1250.20	af_A8JQU1_37_502_1.20.1250.20	3.919E+00	0.010	14	65	488	489	3	439	466	552	0.867	0.938
LOKIASV2_2712_ESMFold_hypothetical_protein	af_Q2QYN3_23_488_1.20.1250.20	af_Q2QYN3_23_488_1.20.1250.20	5.289E+00	0.010	14	32	432	489	1	463	466	530	0.820	0.994
LOKIASV2_2712_ESMFold_hypothetical_protein	af_I1KCR2_55_521_1.20.1250.20	af_I1KCR2_55_521_1.20.1250.20	8.115E+00	0.010	14	69	481	489	2	450	467	548	0.845	0.961
LOKIASV2_2712_ESMFold_hypothetical_protein	af_Q54XG5_62_532_1.20.1250.20	af_Q54XG5_62_532_1.20.1250.20	7.775E+00	0.010	14	35	478	489	2	470	471	571	0.908	0.996
LOKIASV2_2712_ESMFold_hypothetical_protein	af_Q9VH93_56_534_1.20.1250.20	af_Q9VH93_56_534_1.20.1250.20	5.067E+00	0.010	14	27	485	489	1	467	479	586	0.939	0.975
LOKIASV2_2712_ESMFold_hypothetical_protein	af_Q5N734_14_536_1.20.1250.20	af_Q5N734_14_536_1.20.1250.20	6.014E+00	0.010	14	72	482	489	12	512	523	583	0.840	0.958
LOKIASV2_2712_ESMFold_hypothetical_protein	af_I1M9V7_25_557_1.20.1250.20	af_I1M9V7_25_557_1.20.1250.20	2.554E+00	0.010	14	31	485	489	3	530	533	633	0.930	0.991
LOKIASV2_2712_ESMFold_hypothetical_protein	af_A0A0S0WGX2_67_611_1.20.1250.20	af_A0A0S0WGX2_67_611_1.20.1250.20	5.762E+00	0.010	14	39	483	489	2	542	545	650	0.910	0.993
LOKIASV2_2712_ESMFold_hypothetical_protein	4f4cA01	4f4cA01	3.755E+00	0.010	14	32	486	489	4	692	718	756	0.930	0.960
LOKIASV2_2712_ESMFold_hypothetical_protein	af_Q22118_1_316_1.20.1070.10	af_Q22118_1_316_1.20.1070.10	9.630E+00	0.009	13	115	453	489	2	267	316	373	0.693	0.842
LOKIASV2_2712_ESMFold_hypothetical_protein	af_I1KRY8_859_1188_1.20.1560.10	af_I1KRY8_859_1188_1.20.1560.10	8.840E+00	0.009	13	99	443	489	20	324	330	373	0.706	0.924
LOKIASV2_2712_ESMFold_hypothetical_protein	af_O16278_6_336_1.20.1070.10	af_O16278_6_336_1.20.1070.10	5.762E+00	0.009	13	99	433	489	6	298	331	381	0.685	0.885
LOKIASV2_2712_ESMFold_hypothetical_protein	af_C0H4E1_36_419_1.20.1250.20	af_C0H4E1_36_419_1.20.1250.20	5.067E+00	0.009	13	38	482	489	2	378	384	544	0.910	0.982
LOKIASV2_2712_ESMFold_hypothetical_protein	af_Q2G2B3_4_390_1.20.1250.20	af_Q2G2B3_4_390_1.20.1250.20	5.762E+00	0.009	13	55	482	489	2	386	387	505	0.875	0.995
LOKIASV2_2712_ESMFold_hypothetical_protein	af_Q10048_73_463_1.20.1250.20	af_Q10048_73_463_1.20.1250.20	6.014E+00	0.009	13	39	424	489	9	388	391	493	0.789	0.972
LOKIASV2_2712_ESMFold_hypothetical_protein	af_Q59MJ2_24_426_1.20.1250.20	af_Q59MJ2_24_426_1.20.1250.20	9.227E+00	0.009	13	38	482	489	2	401	403	517	0.910	0.993
LOKIASV2_2712_ESMFold_hypothetical_protein	af_A6NK97_112_520_1.20.1250.20	af_A6NK97_112_520_1.20.1250.20	8.840E+00	0.009	13	37	448	489	22	394	409	463	0.843	0.912
LOKIASV2_2712_ESMFold_hypothetical_protein	af_P41438_27_445_1.20.1250.20	af_P41438_27_445_1.20.1250.20	6.551E+00	0.009	13	37	488	489	4	415	419	561	0.924	0.983
LOKIASV2_2712_ESMFold_hypothetical_protein	af_Q7Z9I0_113_533_1.20.1250.20	af_Q7Z9I0_113_533_1.20.1250.20	8.470E+00	0.009	13	69	479	489	3	418	421	530	0.840	0.988
LOKIASV2_2712_ESMFold_hypothetical_protein	af_Q961K4_69_513_1.20.1250.20	af_Q961K4_69_513_1.20.1250.20	3.755E+00	0.009	13	53	479	489	10	442	445	557	0.873	0.973
LOKIASV2_2712_ESMFold_hypothetical_protein	af_Q18153_30_477_1.20.1250.20	af_Q18153_30_477_1.20.1250.20	5.067E+00	0.009	13	36	439	489	3	446	448	544	0.826	0.991
LOKIASV2_2712_ESMFold_hypothetical_protein	af_Q9UAY8_3_451_1.10.3860.10	af_Q9UAY8_3_451_1.10.3860.10	5.289E+00	0.009	13	33	442	489	4	437	449	503	0.838	0.967
LOKIASV2_2712_ESMFold_hypothetical_protein	af_O44607_16_465_1.20.1250.20	af_O44607_16_465_1.20.1250.20	6.838E+00	0.009	13	37	478	489	5	449	450	567	0.904	0.989
LOKIASV2_2712_ESMFold_hypothetical_protein	af_Q8MKK4_21_472_1.20.1250.20	af_Q8MKK4_21_472_1.20.1250.20	6.838E+00	0.009	13	68	483	489	7	434	452	516	0.851	0.947
LOKIASV2_2712_ESMFold_hypothetical_protein	6jkcA00	6jkcA00	5.289E+00	0.009	13	41	457	489	2	455	462	559	0.853	0.983
LOKIASV2_2712_ESMFold_hypothetical_protein	af_P46996_77_542_1.20.1250.20	af_P46996_77_542_1.20.1250.20	6.014E+00	0.009	13	37	486	489	3	465	466	549	0.920	0.994
LOKIASV2_2712_ESMFold_hypothetical_protein	af_O13714_132_635_1.20.1250.20	af_O13714_132_635_1.20.1250.20	3.303E+00	0.009	13	44	455	489	2	502	504	570	0.843	0.994
LOKIASV2_2712_ESMFold_hypothetical_protein	af_A6NIM6_16_537_1.20.1250.20	af_A6NIM6_16_537_1.20.1250.20	4.855E+00	0.009	13	33	425	489	18	514	522	567	0.804	0.952
LOKIASV2_2712_ESMFold_hypothetical_protein	af_Q9M1I2_11_546_1.20.1250.20	af_Q9M1I2_11_546_1.20.1250.20	5.520E+00	0.009	13	65	482	489	4	525	536	621	0.855	0.974
LOKIASV2_2712_ESMFold_hypothetical_protein	af_Q2G1V0_12_273_1.20.1080.10	af_Q2G1V0_12_273_1.20.1080.10	8.470E+00	0.008	12	43	335	489	4	252	262	323	0.599	0.950
LOKIASV2_2712_ESMFold_hypothetical_protein	af_P77726_3_389_1.20.1250.20	af_P77726_3_389_1.20.1250.20	6.277E+00	0.008	12	120	422	489	10	383	387	425	0.620	0.966
LOKIASV2_2712_ESMFold_hypothetical_protein	af_Q497L8_131_536_1.20.1250.20	af_Q497L8_131_536_1.20.1250.20	8.470E+00	0.008	12	27	438	489	14	394	406	473	0.843	0.938
LOKIASV2_2712_ESMFold_hypothetical_protein	af_G5EEI9_48_459_1.20.1250.20	af_G5EEI9_48_459_1.20.1250.20	6.551E+00	0.008	12	6	483	489	3	399	412	551	0.978	0.964
LOKIASV2_2712_ESMFold_hypothetical_protein	af_Q9VS51_43_476_1.20.1250.20	af_Q9VS51_43_476_1.20.1250.20	4.855E+00	0.008	12	38	417	489	3	433	434	527	0.777	0.993
LOKIASV2_2712_ESMFold_hypothetical_protein	af_Q9BZV2_16_457_1.20.1250.20	af_Q9BZV2_16_457_1.20.1250.20	8.470E+00	0.008	12	37	488	489	2	440	442	582	0.924	0.993
LOKIASV2_2712_ESMFold_hypothetical_protein	6gs4A00	6gs4A00	7.137E+00	0.008	12	29	432	489	1	466	468	531	0.826	0.996
LOKIASV2_2712_ESMFold_hypothetical_protein	af_G5EC34_39_523_1.20.1250.20	af_G5EC34_39_523_1.20.1250.20	6.277E+00	0.008	12	31	435	489	70	472	485	511	0.828	0.831
LOKIASV2_2712_ESMFold_hypothetical_protein	af_Q55G06_43_573_1.20.1250.20	af_Q55G06_43_573_1.20.1250.20	6.014E+00	0.008	12	26	485	489	16	519	531	646	0.941	0.949
LOKIASV2_2712_ESMFold_hypothetical_protein	af_Q8BPX9_21_568_1.20.1250.20	af_Q8BPX9_21_568_1.20.1250.20	8.470E+00	0.008	12	26	482	489	1	536	548	619	0.935	0.978
LOKIASV2_2712_ESMFold_hypothetical_protein	af_A0A1D6DUZ1_88_640_1.20.1250.20	af_A0A1D6DUZ1_88_640_1.20.1250.20	8.115E+00	0.008	12	68	485	489	10	544	553	614	0.855	0.967
LOKIASV2_2712_ESMFold_hypothetical_protein	af_Q8IVF4_3019_3358_1.20.920.20	af_Q8IVF4_3019_3358_1.20.920.20	6.014E+00	0.007	11	74	442	489	3	338	340	399	0.755	0.988
LOKIASV2_2712_ESMFold_hypothetical_protein	af_A6NKX4_110_517_1.20.1250.20	af_A6NKX4_110_517_1.20.1250.20	7.449E+00	0.007	11	37	480	489	17	394	408	531	0.908	0.926
LOKIASV2_2712_ESMFold_hypothetical_protein	af_Q9N309_26_518_1.20.1250.20	af_Q9N309_26_518_1.20.1250.20	4.270E+00	0.007	11	55	485	489	12	473	493	565	0.881	0.937
LOKIASV2_2712_ESMFold_hypothetical_protein	af_I1N2N5_13_562_1.20.1250.20	af_I1N2N5_13_562_1.20.1250.20	8.115E+00	0.007	11	72	375	489	18	223	550	319	0.622	0.375
LOKIASV2_2712_ESMFold_hypothetical_protein	af_I1J5J6_54_612_1.20.1250.20	af_I1J5J6_54_612_1.20.1250.20	8.470E+00	0.007	11	34	488	489	6	539	559	656	0.930	0.955
LOKIASV2_2712_ESMFold_hypothetical_protein	af_Q4E4I4_1_335_1.20.144.10	af_Q4E4I4_1_335_1.20.144.10	9.227E+00	0.000	10	55	365	489	12	261	335	351	0.636	0.746
LOKIASV2_2712_ESMFold_hypothetical_protein	af_Q4DA01_59_456_1.20.1250.20	af_Q4DA01_59_456_1.20.1250.20	9.630E+00	0.000	10	68	436	489	2	379	398	454	0.755	0.950
LOKIASV2_2712_ESMFold_hypothetical_protein	af_Q8INF8_123_562_1.20.1250.20	af_Q8INF8_123_562_1.20.1250.20	9.227E+00	0.000	10	55	488	489	6	437	440	534	0.888	0.982
LOKIASV2_2712_ESMFold_hypothetical_protein	8e5v-assembly1.cif.gz_A	8e5v-assembly1.cif.gz_A X-ray structure of the Deinococcus radiodurans Nramp/MntH divalent transition metal transporter WTsoak in an occluded state	5.479E-08	1.000	317	41	489	489	1	391	392	459	0.918	0.997
LOKIASV2_2712_ESMFold_hypothetical_protein	8e6i-assembly1.cif.gz_A	8e6i-assembly1.cif.gz_A X-ray structure of the Deinococcus radiodurans Nramp/MntH divalent transition metal transporter M230A mutant in an inward-open, manganese-bound state	1.979E-07	1.000	302	41	489	489	1	392	392	462	0.918	1.000
LOKIASV2_2712_ESMFold_hypothetical_protein	8e6l-assembly1.cif.gz_A	8e6l-assembly1.cif.gz_A X-ray structure of the Deinococcus radiodurans Nramp/MntH divalent transition metal transporter D296A mutant in an inward-open, manganese-bound state	3.604E-07	1.000	296	41	489	489	3	385	385	458	0.918	0.995
LOKIASV2_2712_ESMFold_hypothetical_protein	7qia-assembly1.cif.gz_A	7qia-assembly1.cif.gz_A Structure of apo-EleNRMT in complex with two nanobodies at 3.5A	6.287E-07	1.000	282	40	488	489	6	395	401	460	0.918	0.973
LOKIASV2_2712_ESMFold_hypothetical_protein	8e6h-assembly1.cif.gz_A	8e6h-assembly1.cif.gz_A X-ray structure of the Deinococcus radiodurans Nramp/MntH divalent transition metal transporter A47W mutant in an occluded, manganese-bound state	1.087E-07	1.000	281	41	483	489	1	386	392	461	0.906	0.985
LOKIASV2_2712_ESMFold_hypothetical_protein	8e6m-assembly1.cif.gz_A	8e6m-assembly1.cif.gz_A X-ray structure of the Deinococcus radiodurans Nramp/MntH divalent transition metal transporter WT in an inward-open, cadmium-bound state	4.464E-07	1.000	279	42	483	489	6	382	388	451	0.904	0.972
LOKIASV2_2712_ESMFold_hypothetical_protein	8e6n-assembly1.cif.gz_A	8e6n-assembly1.cif.gz_A X-ray structure of the Deinococcus radiodurans Nramp/MntH divalent transition metal transporter G223W mutant in an outward-open, manganese-bound state	7.149E-07	1.000	264	38	489	489	4	398	398	464	0.924	0.992
LOKIASV2_2712_ESMFold_hypothetical_protein	6c3i-assembly1.cif.gz_A	6c3i-assembly1.cif.gz_A Crystal structure of the Deinococcus radiodurans Nramp/MntH divalent transition metal transporter G45R mutant in an inward occluded state	7.149E-07	1.000	260	42	485	489	2	382	386	465	0.908	0.987
LOKIASV2_2712_ESMFold_hypothetical_protein	6c3i-assembly2.cif.gz_B	6c3i-assembly2.cif.gz_B Crystal structure of the Deinococcus radiodurans Nramp/MntH divalent transition metal transporter G45R mutant in an inward occluded state	4.277E-07	1.000	250	41	485	489	2	384	388	472	0.910	0.987
LOKIASV2_2712_ESMFold_hypothetical_protein	5m8j-assembly1.cif.gz_A	5m8j-assembly1.cif.gz_A Crystal structure of Eremococcus coleocola manganese transporter mutant H236A	7.462E-07	1.000	240	13	482	489	5	443	494	510	0.961	0.889
LOKIASV2_2712_ESMFold_hypothetical_protein	5m8a-assembly1.cif.gz_A	5m8a-assembly1.cif.gz_A Crystal structure of Eremococcus coleocola manganese transporter mutant E129A	1.145E-06	1.000	236	13	482	489	5	443	494	510	0.961	0.889
LOKIASV2_2712_ESMFold_hypothetical_protein	5j4i-assembly1.cif.gz_A	5j4i-assembly1.cif.gz_A Crystal Structure of the L-arginine/agmatine antiporter from E. coli at 2.2 Angstroem resolution	2.370E-06	1.000	213	39	489	489	8	400	437	465	0.922	0.899
LOKIASV2_2712_ESMFold_hypothetical_protein	6tl2-assembly1.cif.gz_A	6tl2-assembly1.cif.gz_A Crystal structure of Eremococcus coleocola manganese transporter in complex with an aromatic bis-isothiourea substituted compound	5.076E-07	1.000	210	14	487	489	5	484	494	545	0.969	0.972
LOKIASV2_2712_ESMFold_hypothetical_protein	8a6l-assembly1.cif.gz_B	8a6l-assembly1.cif.gz_B Human 4F2hc-LAT2 heterodimeric amino acid transporter in complex with anticalin D11vs	2.474E-06	1.000	209	42	486	489	6	401	452	472	0.910	0.876
LOKIASV2_2712_ESMFold_hypothetical_protein	3ob6-assembly1.cif.gz_B	3ob6-assembly1.cif.gz_B Structure of AdiC(N101A) in the open-to-out Arg+ bound conformation	2.813E-06	1.000	208	14	489	489	2	400	436	500	0.973	0.915
LOKIASV2_2712_ESMFold_hypothetical_protein	5m95-assembly1.cif.gz_A	5m95-assembly1.cif.gz_A STAPHYLOCOCCUS CAPITIS DIVALENT METAL ION TRANSPORTER (DMT) IN COMPLEX WITH MANGANESE	1.016E-05	1.000	203	50	479	489	3	390	395	447	0.879	0.982
LOKIASV2_2712_ESMFold_hypothetical_protein	3ob6-assembly1.cif.gz_A	3ob6-assembly1.cif.gz_A Structure of AdiC(N101A) in the open-to-out Arg+ bound conformation	1.259E-05	1.000	200	14	489	489	2	394	430	488	0.973	0.914
LOKIASV2_2712_ESMFold_hypothetical_protein	8ont-assembly1.cif.gz_A	8ont-assembly1.cif.gz_A Structure of Setaria italica NRAT in complex with a nanobody	2.720E-05	1.000	196	41	488	489	2	394	438	479	0.916	0.897
LOKIASV2_2712_ESMFold_hypothetical_protein	3gia-assembly1.cif.gz_A	3gia-assembly1.cif.gz_A Crystal Structure of ApcT Transporter	4.505E-06	1.000	195	44	486	489	11	388	433	476	0.906	0.873
LOKIASV2_2712_ESMFold_hypothetical_protein	5m8k-assembly1.cif.gz_A	5m8k-assembly1.cif.gz_A Crystal structure of Eremococcus coleocola manganese transporter mutant E129Q	2.271E-06	1.000	189	15	487	489	6	484	494	548	0.967	0.970
LOKIASV2_2712_ESMFold_hypothetical_protein	6d9w-assembly1.cif.gz_A	6d9w-assembly1.cif.gz_A Crystal structure of Deinococcus radiodurans MntH, an Nramp-family transition metal transporter, in the inward-open apo state	2.720E-05	1.000	188	40	489	489	2	362	362	462	0.920	0.997
LOKIASV2_2712_ESMFold_hypothetical_protein	3gi9-assembly1.cif.gz_C	3gi9-assembly1.cif.gz_C Crystal Structure of ApcT Transporter Bound to 7F11 Monoclonal Fab Fragment	1.494E-05	1.000	180	37	486	489	11	389	437	473	0.920	0.867
LOKIASV2_2712_ESMFold_hypothetical_protein	3gi8-assembly1.cif.gz_C	3gi8-assembly1.cif.gz_C Crystal Structure of ApcT K158A Transporter Bound to 7F11 Monoclonal Fab Fragment	3.369E-05	1.000	178	37	486	489	11	390	435	473	0.920	0.874
LOKIASV2_2712_ESMFold_hypothetical_protein	6f2g-assembly1.cif.gz_A	6f2g-assembly1.cif.gz_A Bacterial asc transporter crystal structure in open to in conformation	7.931E-05	1.000	177	34	488	489	2	401	430	477	0.930	0.930
LOKIASV2_2712_ESMFold_hypothetical_protein	6f34-assembly1.cif.gz_A	6f34-assembly1.cif.gz_A Crystal structure of a bacterial cationic amino acid transporter (CAT) homologue bound to Arginine.	1.326E-04	1.000	174	36	485	489	30	427	458	503	0.920	0.869
LOKIASV2_2712_ESMFold_hypothetical_protein	6pzt-assembly1.cif.gz_A	6pzt-assembly1.cif.gz_A cryo-EM structure of human NKCC1	1.949E-04	1.000	169	41	489	489	3	444	466	506	0.918	0.948
LOKIASV2_2712_ESMFold_hypothetical_protein	7mxo-assembly1.cif.gz_A	7mxo-assembly1.cif.gz_A CryoEM structure of human NKCC1	7.599E-05	1.000	168	38	482	489	4	443	825	509	0.910	0.533
LOKIASV2_2712_ESMFold_hypothetical_protein	7s1y-assembly1.cif.gz_B	7s1y-assembly1.cif.gz_B Cryo-EM structure of human NKCC1 K289NA492E bound with bumetanide	6.975E-05	1.000	162	40	486	489	8	449	474	514	0.914	0.932
LOKIASV2_2712_ESMFold_hypothetical_protein	4hod-assembly1.cif.gz_A	4hod-assembly1.cif.gz_A Crystal structure of LeuT-E290S with bound Cl	4.173E-05	1.000	162	37	484	489	8	459	509	515	0.916	0.888
LOKIASV2_2712_ESMFold_hypothetical_protein	5oqt-assembly1.cif.gz_A	5oqt-assembly1.cif.gz_A Crystal structure of a bacterial cationic amino acid transporter (CAT) homologue	2.216E-04	1.000	160	36	485	489	28	425	456	499	0.920	0.873
LOKIASV2_2712_ESMFold_hypothetical_protein	7nf6-assembly1.cif.gz_B	7nf6-assembly1.cif.gz_B Ovine b0,+AT-rBAT heterodimer	1.573E-04	1.000	158	39	489	489	4	403	455	485	0.922	0.879
LOKIASV2_2712_ESMFold_hypothetical_protein	7lql-assembly1.cif.gz_A	7lql-assembly1.cif.gz_A Crystal structure of the R375D mutant of LeuT	5.395E-05	1.000	158	37	484	489	8	459	501	516	0.916	0.902
LOKIASV2_2712_ESMFold_hypothetical_protein	4fxz-assembly1.cif.gz_A	4fxz-assembly1.cif.gz_A Crystal structure of LeuT-F253A bound to L-leucine from lipid bicelles	5.878E-05	1.000	158	37	488	489	8	459	502	516	0.924	0.900
LOKIASV2_2712_ESMFold_hypothetical_protein	6li9-assembly1.cif.gz_B	6li9-assembly1.cif.gz_B Heteromeric amino acid transporter b0,+AT-rBAT complex bound with Arginine	9.413E-05	1.000	157	39	488	489	3	401	458	483	0.920	0.871
LOKIASV2_2712_ESMFold_hypothetical_protein	7zgo-assembly1.cif.gz_B	7zgo-assembly1.cif.gz_B Cryo-EM structure of human NKCC1 (TM domain)	9.413E-05	1.000	156	38	487	489	4	464	470	540	0.920	0.981
LOKIASV2_2712_ESMFold_hypothetical_protein	7smp-assembly1.cif.gz_A	7smp-assembly1.cif.gz_A CryoEM structure of NKCC1 Bu-I	3.998E-05	1.000	156	39	482	489	6	468	835	532	0.908	0.554
LOKIASV2_2712_ESMFold_hypothetical_protein	5kte-assembly1.cif.gz_A	5kte-assembly1.cif.gz_A Crystal structure of Deinococcus radiodurans MntH, an Nramp-family transition metal transporter	1.177E-03	1.000	154	40	489	489	2	336	338	456	0.920	0.991
LOKIASV2_2712_ESMFold_hypothetical_protein	3ncy-assembly1.cif.gz_A	3ncy-assembly1.cif.gz_A X-ray crystal structure of an arginine agmatine antiporter (AdiC) in complex with a Fab fragment	1.789E-04	1.000	154	39	485	489	3	385	422	481	0.914	0.908
LOKIASV2_2712_ESMFold_hypothetical_protein	7p9v-assembly1.cif.gz_B	7p9v-assembly1.cif.gz_B Cryo EM structure of System XC-	2.313E-04	1.000	153	43	485	489	5	397	455	476	0.906	0.864
LOKIASV2_2712_ESMFold_hypothetical_protein	3usp-assembly1.cif.gz_A	3usp-assembly1.cif.gz_A Crystal structure of LeuT in heptyl-beta-D-Selenoglucoside	6.683E-05	1.000	152	37	488	489	8	460	503	525	0.924	0.901
LOKIASV2_2712_ESMFold_hypothetical_protein	7sfl-assembly1.cif.gz_A	7sfl-assembly1.cif.gz_A Human NKCC1 state Fu-II	2.990E-04	1.000	151	35	488	489	2	456	829	515	0.928	0.549
LOKIASV2_2712_ESMFold_hypothetical_protein	5jae-assembly2.cif.gz_B	5jae-assembly2.cif.gz_B LeuT in the outward-oriented, Na+-free return state, P21 form at pH 6.5	1.714E-04	1.000	150	37	484	489	9	462	503	527	0.916	0.903
LOKIASV2_2712_ESMFold_hypothetical_protein	3qs6-assembly1.cif.gz_A	3qs6-assembly1.cif.gz_A Crystal structure of LeuT mutant F259V,I359Q bound to sodium and L-tryptophan	2.745E-04	1.000	150	37	484	489	8	459	509	516	0.916	0.888
LOKIASV2_2712_ESMFold_hypothetical_protein	7phq-assembly1.cif.gz_B	7phq-assembly1.cif.gz_B Structure of homo-dimeric Staphylococcus capitis divalent metal ion transporter (DMT) by NabFab-fiducial assisted cryo-EM	8.004E-04	1.000	149	52	481	489	9	396	398	455	0.879	0.975
LOKIASV2_2712_ESMFold_hypothetical_protein	3mpn-assembly1.cif.gz_A	3mpn-assembly1.cif.gz_A F177R1 mutant of LeuT	9.018E-05	1.000	149	37	484	489	8	459	505	523	0.916	0.895
LOKIASV2_2712_ESMFold_hypothetical_protein	3l1l-assembly1.cif.gz_A-2	3l1l-assembly1.cif.gz_A-2 Structure of Arg-bound Escherichia coli AdiC	2.865E-04	1.000	148	39	485	489	6	387	423	473	0.914	0.903
LOKIASV2_2712_ESMFold_hypothetical_protein	3mpq-assembly1.cif.gz_A	3mpq-assembly1.cif.gz_A I204R1 mutant of LeuT	1.867E-04	1.000	148	37	484	489	9	457	490	510	0.916	0.916
LOKIASV2_2712_ESMFold_hypothetical_protein	8b70-assembly1.cif.gz_A	8b70-assembly1.cif.gz_A KimA from B. subtilis with nucleotide second-messenger c-di-AMP bound	4.356E-05	1.000	148	43	489	489	7	394	572	480	0.914	0.678
LOKIASV2_2712_ESMFold_hypothetical_protein	6yu6-assembly1.cif.gz_A	6yu6-assembly1.cif.gz_A Crystal structure of MhsT in complex with L-leucine	3.704E-04	1.000	147	38	486	489	10	440	441	503	0.918	0.977
LOKIASV2_2712_ESMFold_hypothetical_protein	7djc-assembly1.cif.gz_A	7djc-assembly1.cif.gz_A Crystal structure of the G26C/Q250A mutant of LeuT	1.507E-04	1.000	147	37	484	489	8	451	488	510	0.916	0.910
LOKIASV2_2712_ESMFold_hypothetical_protein	4hmk-assembly3.cif.gz_B	4hmk-assembly3.cif.gz_B Crystal structure of LeuT-E290S with bound Br	1.714E-04	1.000	146	37	484	489	9	459	506	517	0.916	0.891
LOKIASV2_2712_ESMFold_hypothetical_protein	6m47-assembly1.cif.gz_A	6m47-assembly1.cif.gz_A X-ray structure of a Drosophila dopamine transporter with NET-like mutations (D121G/S426M/F471L) in tramadol bound form	1.642E-04	1.000	146	24	489	489	1	476	534	562	0.953	0.891
LOKIASV2_2712_ESMFold_hypothetical_protein	8b71-assembly1.cif.gz_B	8b71-assembly1.cif.gz_B Upright KimA dimer with bound c-di-AMP from B. subtilis	7.280E-05	1.000	145	38	489	489	3	374	552	482	0.924	0.674
LOKIASV2_2712_ESMFold_hypothetical_protein	7yg0-assembly1.cif.gz_A	7yg0-assembly1.cif.gz_A Cryo-EM structure of human sodium-chloride cotransporter	1.573E-04	1.000	144	41	488	489	3	455	854	515	0.916	0.530
LOKIASV2_2712_ESMFold_hypothetical_protein	4xpg-assembly1.cif.gz_A	4xpg-assembly1.cif.gz_A X-ray structure of Drosophila dopamine transporter with subsiteB mutations (D121G/S426M) bound to beta-CFT or Win35428	3.121E-04	1.000	143	24	489	489	1	474	533	557	0.953	0.889
LOKIASV2_2712_ESMFold_hypothetical_protein	3usi-assembly1.cif.gz_A	3usi-assembly1.cif.gz_A Crystal structure of LeuT bound to L-leucine in space group P2 from lipid bicelles	2.414E-04	1.000	142	37	484	489	8	458	502	518	0.916	0.898
LOKIASV2_2712_ESMFold_hypothetical_protein	7y6i-assembly1.cif.gz_B	7y6i-assembly1.cif.gz_B Cryo-EM structure of human sodium-chloride cotransporter	2.034E-04	1.000	141	42	488	489	5	455	469	524	0.914	0.962
LOKIASV2_2712_ESMFold_hypothetical_protein	3ncy-assembly1.cif.gz_B	3ncy-assembly1.cif.gz_B X-ray crystal structure of an arginine agmatine antiporter (AdiC) in complex with a Fab fragment	7.039E-04	1.000	139	39	485	489	3	384	420	484	0.914	0.910
LOKIASV2_2712_ESMFold_hypothetical_protein	7mxo-assembly1.cif.gz_B	7mxo-assembly1.cif.gz_B CryoEM structure of human NKCC1	9.018E-05	1.000	139	39	482	489	5	460	819	521	0.908	0.557
LOKIASV2_2712_ESMFold_hypothetical_protein	7wgt-assembly1.cif.gz_A	7wgt-assembly1.cif.gz_A X-ray structure of thermostabilized Drosophila dopamine transporter with GABA transporter1-like substitutions in the binding site, in complex with NO711.	2.865E-04	1.000	138	24	489	489	1	476	536	556	0.953	0.888
LOKIASV2_2712_ESMFold_hypothetical_protein	4xnx-assembly1.cif.gz_A	4xnx-assembly1.cif.gz_A X-ray structure of Drosophila dopamine transporter in complex with reboxetine	4.588E-04	1.000	138	24	489	489	1	476	536	556	0.953	0.888
LOKIASV2_2712_ESMFold_hypothetical_protein	8fho-assembly1.cif.gz_A	8fho-assembly1.cif.gz_A Cryo-EM structure of human NCC (class 1)	1.949E-04	1.000	138	38	489	489	8	476	847	543	0.924	0.554
LOKIASV2_2712_ESMFold_hypothetical_protein	7lqk-assembly1.cif.gz_A	7lqk-assembly1.cif.gz_A Crystal structure of the R375A mutant of LeuT	5.683E-04	1.000	137	37	484	489	8	459	505	519	0.916	0.895
LOKIASV2_2712_ESMFold_hypothetical_protein	6csf-assembly1.cif.gz_C	6csf-assembly1.cif.gz_C Crystal structure of sodium/alanine symporter AgcS with D-alanine bound	2.520E-04	1.000	136	10	452	489	28	416	428	466	0.906	0.909
LOKIASV2_2712_ESMFold_hypothetical_protein	7dsk-assembly1.cif.gz_B	7dsk-assembly1.cif.gz_B Overall structure of the LAT1-4F2hc bound with JX-075	4.396E-04	1.000	136	42	485	489	11	406	464	489	0.908	0.853
LOKIASV2_2712_ESMFold_hypothetical_protein	4xph-assembly1.cif.gz_A	4xph-assembly1.cif.gz_A X-ray structure of Drosophila dopamine transporter with subsiteB mutations (D121G/S426M) bound to 3,4dichlorophenethylamine	3.121E-04	1.000	136	24	489	489	1	476	534	562	0.953	0.891
LOKIASV2_2712_ESMFold_hypothetical_protein	7li7-assembly1.cif.gz_A	7li7-assembly1.cif.gz_A apo serotonin transporter reconstituted in lipid nanodisc in presence of NaCl in occluded conformation	1.177E-03	1.000	136	36	489	489	8	481	537	548	0.928	0.883
LOKIASV2_2712_ESMFold_hypothetical_protein	6jmq-assembly1.cif.gz_A	6jmq-assembly1.cif.gz_A LAT1-CD98hc complex bound to MEM-108 Fab	1.396E-03	1.000	135	38	485	489	3	372	403	463	0.916	0.918
LOKIASV2_2712_ESMFold_hypothetical_protein	6irt-assembly1.cif.gz_B	6irt-assembly1.cif.gz_B human LAT1-4F2hc complex bound with BCH	1.521E-03	1.000	134	43	485	489	5	399	457	478	0.906	0.864
LOKIASV2_2712_ESMFold_hypothetical_protein	8fht-assembly1.cif.gz_B	8fht-assembly1.cif.gz_B Cryo-EM structure of human NCC	3.866E-04	1.000	134	42	489	489	2	468	468	529	0.916	0.998
LOKIASV2_2712_ESMFold_hypothetical_protein	6nle-assembly1.cif.gz_A	6nle-assembly1.cif.gz_A X-ray structure of LeuT with V269 deletion	4.211E-04	1.000	134	37	488	489	9	459	491	526	0.924	0.919
LOKIASV2_2712_ESMFold_hypothetical_protein	8fho-assembly1.cif.gz_B	8fho-assembly1.cif.gz_B Cryo-EM structure of human NCC (class 1)	8.719E-04	1.000	133	38	488	489	8	461	847	522	0.922	0.536
LOKIASV2_2712_ESMFold_hypothetical_protein	8fhp-assembly1.cif.gz_A	8fhp-assembly1.cif.gz_A Cryo-EM structure of human NCC (class 3-1)	8.004E-04	1.000	132	42	488	489	10	461	475	521	0.914	0.952
LOKIASV2_2712_ESMFold_hypothetical_protein	5jaf-assembly1.cif.gz_A	5jaf-assembly1.cif.gz_A LeuT Na+-free Return State, C2 form at pH 5	1.228E-03	1.000	131	37	484	489	9	456	494	510	0.916	0.907
LOKIASV2_2712_ESMFold_hypothetical_protein	3f3a-assembly1.cif.gz_A	3f3a-assembly1.cif.gz_A Crystal Structure of LeuT bound to L-Tryptophan and Sodium	8.004E-04	1.000	131	37	488	489	8	459	504	523	0.924	0.897
LOKIASV2_2712_ESMFold_hypothetical_protein	8fhn-assembly1.cif.gz_A	8fhn-assembly1.cif.gz_A Cryo-EM structure of human NCC (class 2)	4.396E-04	1.000	131	38	488	489	8	475	846	537	0.922	0.553
LOKIASV2_2712_ESMFold_hypothetical_protein	7dix-assembly1.cif.gz_A	7dix-assembly1.cif.gz_A Crystal structure of LeuT in lipidic cubic phase at pH 5	4.211E-04	1.000	130	37	484	489	8	459	496	529	0.916	0.911
LOKIASV2_2712_ESMFold_hypothetical_protein	4mmc-assembly1.cif.gz_A	4mmc-assembly1.cif.gz_A Crystal structure of LeuBAT (delta6 mutant) in complex with desvenlafaxine	2.865E-04	1.000	130	37	484	489	8	458	504	527	0.916	0.895
LOKIASV2_2712_ESMFold_hypothetical_protein	3lrc-assembly1.cif.gz_A	3lrc-assembly1.cif.gz_A Structure of E. coli AdiC (P1)	5.217E-04	1.000	129	39	489	489	7	379	410	476	0.922	0.910
LOKIASV2_2712_ESMFold_hypothetical_protein	3gww-assembly1.cif.gz_A	3gww-assembly1.cif.gz_A Leucine transporter LeuT in complex with S-fluoxetine	7.347E-04	1.000	129	37	484	489	8	456	501	520	0.916	0.896
LOKIASV2_2712_ESMFold_hypothetical_protein	8hez-assembly1.cif.gz_A	8hez-assembly1.cif.gz_A Structure of human SGLT2-MAP17 complex with Dapagliflozin	4.588E-04	1.000	129	38	488	489	45	523	582	542	0.922	0.823
LOKIASV2_2712_ESMFold_hypothetical_protein	4mm4-assembly1.cif.gz_A	4mm4-assembly1.cif.gz_A Crystal structure of LeuBAT (delta13 mutant) in complex with paroxetine	1.177E-03	1.000	128	37	484	489	8	458	497	515	0.916	0.907
LOKIASV2_2712_ESMFold_hypothetical_protein	6s3k-assembly1.cif.gz_B	6s3k-assembly1.cif.gz_B KimA from Bacillus subtilis in inward-facing, occluded state	5.683E-04	1.000	128	45	489	489	5	402	573	481	0.910	0.695
LOKIASV2_2712_ESMFold_hypothetical_protein	3gjc-assembly1.cif.gz_B	3gjc-assembly1.cif.gz_B Crystal Structure of the E290S mutant of LeuT with bound OG	7.668E-04	1.000	127	37	489	489	10	468	498	538	0.926	0.922
LOKIASV2_2712_ESMFold_hypothetical_protein	5jae-assembly1.cif.gz_A	5jae-assembly1.cif.gz_A LeuT in the outward-oriented, Na+-free return state, P21 form at pH 6.5	8.719E-04	1.000	127	37	484	489	9	460	507	522	0.916	0.892
LOKIASV2_2712_ESMFold_hypothetical_protein	7n3n-assembly1.cif.gz_A	7n3n-assembly1.cif.gz_A CryoEM structure of human NKCC1 state Fu-I	9.914E-04	1.000	127	35	482	489	2	445	832	520	0.916	0.534
LOKIASV2_2712_ESMFold_hypothetical_protein	6m2r-assembly1.cif.gz_A	6m2r-assembly1.cif.gz_A X-ray structure of a functional Drosophila dopamine transporter in L-norepinephrine bound form	9.101E-04	1.000	125	24	489	489	1	476	536	559	0.953	0.888
LOKIASV2_2712_ESMFold_hypothetical_protein	3tt1-assembly2.cif.gz_B	3tt1-assembly2.cif.gz_B Crystal Structure of LeuT in the outward-open conformation in complex with Fab	4.588E-04	1.000	124	37	484	489	8	456	498	526	0.916	0.902
LOKIASV2_2712_ESMFold_hypothetical_protein	3qs4-assembly1.cif.gz_A	3qs4-assembly1.cif.gz_A Crystal structure of LeuT mutant F259V bound to sodium and L-tryptophan	6.191E-04	1.000	124	42	488	489	9	459	504	527	0.914	0.895
LOKIASV2_2712_ESMFold_hypothetical_protein	5i6z-assembly1.cif.gz_A	5i6z-assembly1.cif.gz_A X-ray structure of the ts2 human serotonin transporter	1.457E-03	1.000	124	24	489	489	6	486	544	570	0.953	0.884
LOKIASV2_2712_ESMFold_hypothetical_protein	6npl-assembly1.cif.gz_A	6npl-assembly1.cif.gz_A Cryo-EM structure of NKCC1	1.730E-03	1.000	123	38	489	489	4	451	861	513	0.924	0.520
LOKIASV2_2712_ESMFold_hypothetical_protein	4djk-assembly3.cif.gz_B	4djk-assembly3.cif.gz_B Structure of glutamate-GABA antiporter GadC	1.967E-03	1.000	122	48	486	489	7	404	453	473	0.898	0.879
LOKIASV2_2712_ESMFold_hypothetical_protein	7dj1-assembly1.cif.gz_A	7dj1-assembly1.cif.gz_A Crystal structure of the G26C mutant of LeuT	1.282E-03	1.000	122	42	484	489	9	458	488	521	0.906	0.922
LOKIASV2_2712_ESMFold_hypothetical_protein	4mma-assembly1.cif.gz_A	4mma-assembly1.cif.gz_A Crystal structure of LeuBAT (delta13 mutant) in complex with clomipramine	1.657E-03	1.000	122	37	486	489	8	460	504	523	0.920	0.899
LOKIASV2_2712_ESMFold_hypothetical_protein	7aio-assembly1.cif.gz_A	7aio-assembly1.cif.gz_A Structure of Human Potassium Chloride Transporter KCC3 S45D/T940D/T997D in NaCl (Subclass)	2.654E-03	1.000	122	2	486	489	15	544	909	612	0.992	0.583
LOKIASV2_2712_ESMFold_hypothetical_protein	3ncy-assembly2.cif.gz_D	3ncy-assembly2.cif.gz_D X-ray crystal structure of an arginine agmatine antiporter (AdiC) in complex with a Fab fragment	2.334E-03	1.000	119	40	489	489	4	384	419	483	0.920	0.909
LOKIASV2_2712_ESMFold_hypothetical_protein	7n3n-assembly1.cif.gz_B	7n3n-assembly1.cif.gz_B CryoEM structure of human NKCC1 state Fu-I	5.445E-04	1.000	119	43	481	489	5	462	831	522	0.898	0.551
LOKIASV2_2712_ESMFold_hypothetical_protein	7ccs-assembly1.cif.gz_B	7ccs-assembly1.cif.gz_B Consensus mutated xCT-CD98hc complex	4.072E-03	1.000	118	43	488	489	5	400	454	491	0.912	0.872
LOKIASV2_2712_ESMFold_hypothetical_protein	7s1z-assembly1.cif.gz_B	7s1z-assembly1.cif.gz_B Cryo-EM structure of Human NKCC1 K289NA492EL671C	7.414E-03	1.000	118	41	483	489	9	446	472	529	0.906	0.928
LOKIASV2_2712_ESMFold_hypothetical_protein	4dji-assembly3.cif.gz_A	4dji-assembly3.cif.gz_A Structure of glutamate-GABA antiporter GadC	2.436E-03	1.000	118	43	486	489	8	418	493	496	0.908	0.834
LOKIASV2_2712_ESMFold_hypothetical_protein	8de3-assembly1.cif.gz_A	8de3-assembly1.cif.gz_A Native serotonin transporter in complex with 15B8 Fab antibody in the presence of cocaine	1.177E-03	1.000	118	36	489	489	8	481	539	552	0.928	0.879
LOKIASV2_2712_ESMFold_hypothetical_protein	8hdh-assembly1.cif.gz_A	8hdh-assembly1.cif.gz_A Structure of human SGLT2-MAP17 complex with Canagliflozin	1.730E-03	1.000	118	41	488	489	45	516	586	541	0.916	0.805
LOKIASV2_2712_ESMFold_hypothetical_protein	6csf-assembly2.cif.gz_M	6csf-assembly2.cif.gz_M Crystal structure of sodium/alanine symporter AgcS with D-alanine bound	9.914E-04	1.000	117	4	452	489	27	416	431	479	0.918	0.905
LOKIASV2_2712_ESMFold_hypothetical_protein	7dj2-assembly1.cif.gz_A	7dj2-assembly1.cif.gz_A Crystal structure of the G26C/E290S mutant of LeuT	1.035E-03	1.000	117	37	484	489	8	461	492	534	0.916	0.923
LOKIASV2_2712_ESMFold_hypothetical_protein	7lia-assembly1.cif.gz_A	7lia-assembly1.cif.gz_A 5-HT bound serotonin transporter reconstituted in lipid nanodisc in presence of NaCl in outward facing conformation	1.396E-03	1.000	116	36	489	489	8	481	539	551	0.928	0.879
LOKIASV2_2712_ESMFold_hypothetical_protein	5jag-assembly1.cif.gz_A	5jag-assembly1.cif.gz_A LeuT T354H mutant in the outward-oriented, Na+-free Return State	6.191E-04	1.000	115	37	484	489	9	459	496	521	0.916	0.909
LOKIASV2_2712_ESMFold_hypothetical_protein	7dj1-assembly2.cif.gz_B	7dj1-assembly2.cif.gz_B Crystal structure of the G26C mutant of LeuT	2.543E-03	1.000	114	42	488	489	9	459	490	524	0.914	0.920
LOKIASV2_2712_ESMFold_hypothetical_protein	6yv1-assembly1.cif.gz_A	6yv1-assembly1.cif.gz_A Structure of human b(0,+)AT1	4.832E-03	1.000	113	39	485	489	2	310	328	457	0.914	0.942
LOKIASV2_2712_ESMFold_hypothetical_protein	6nph-assembly1.cif.gz_A	6nph-assembly1.cif.gz_A Structure of NKCC1 TM domain	7.668E-04	1.000	113	38	482	489	4	469	472	534	0.910	0.987
LOKIASV2_2712_ESMFold_hypothetical_protein	4mmf-assembly1.cif.gz_A	4mmf-assembly1.cif.gz_A Crystal structure of LeuBAT (delta5 mutant) in complex with mazindol	9.101E-04	1.000	113	37	484	489	8	458	504	522	0.916	0.895
LOKIASV2_2712_ESMFold_hypothetical_protein	6kkr-assembly1.cif.gz_A	6kkr-assembly1.cif.gz_A human KCC1 structure determined in KCl and detergent GDN	9.586E-03	1.000	113	38	486	489	5	518	537	581	0.918	0.957
LOKIASV2_2712_ESMFold_hypothetical_protein	6awo-assembly1.cif.gz_A	6awo-assembly1.cif.gz_A X-ray structure of the ts3 human serotonin transporter complexed with sertraline at the central site	4.832E-03	1.000	112	24	489	489	6	486	544	568	0.953	0.884
LOKIASV2_2712_ESMFold_hypothetical_protein	7yni-assembly1.cif.gz_A	7yni-assembly1.cif.gz_A Structure of human SGLT1-MAP17 complex bound with substrate 4D4FDG in the occluded conformation	4.630E-03	1.000	112	39	488	489	37	497	566	530	0.920	0.814
LOKIASV2_2712_ESMFold_hypothetical_protein	7qoa-assembly2.cif.gz_B	7qoa-assembly2.cif.gz_B Structure of CodB, a cytosine transporter in an outward-facing conformation	7.668E-04	1.000	110	37	479	489	18	392	400	473	0.906	0.938
LOKIASV2_2712_ESMFold_hypothetical_protein	7dix-assembly2.cif.gz_B	7dix-assembly2.cif.gz_B Crystal structure of LeuT in lipidic cubic phase at pH 5	2.770E-03	1.000	110	37	488	489	8	459	496	528	0.924	0.911
LOKIASV2_2712_ESMFold_hypothetical_protein	6awn-assembly1.cif.gz_A	6awn-assembly1.cif.gz_A X-ray structure of the S439T human serotonin transporter complexed with paroxetine at the central site	3.431E-03	1.000	110	24	488	489	6	485	544	569	0.951	0.882
LOKIASV2_2712_ESMFold_hypothetical_protein	4mm4-assembly2.cif.gz_B	4mm4-assembly2.cif.gz_B Crystal structure of LeuBAT (delta13 mutant) in complex with paroxetine	1.282E-03	1.000	108	37	486	489	8	460	499	513	0.920	0.908
LOKIASV2_2712_ESMFold_hypothetical_protein	4ain-assembly1.cif.gz_A	4ain-assembly1.cif.gz_A Crystal structure of BetP with asymmetric protomers.	4.630E-03	1.000	108	37	467	489	99	500	529	480	0.881	0.760
LOKIASV2_2712_ESMFold_hypothetical_protein	8hg7-assembly1.cif.gz_A	8hg7-assembly1.cif.gz_A Structure of human SGLT2-MAP17 complex with Sotagliflozin	3.287E-03	1.000	108	38	488	489	45	523	590	546	0.922	0.812
LOKIASV2_2712_ESMFold_hypothetical_protein	7uuy-assembly1.cif.gz_A	7uuy-assembly1.cif.gz_A Structure of the sodium/iodide symporter (NIS)	3.738E-03	1.000	107	35	447	489	25	393	503	438	0.845	0.734
LOKIASV2_2712_ESMFold_hypothetical_protein	7ain-assembly1.cif.gz_B	7ain-assembly1.cif.gz_B Structure of Human Potassium Chloride Transporter KCC3 S45D/T940D/T997D in NaCl (Reference Map)	6.247E-03	1.000	107	2	486	489	15	544	904	621	0.992	0.586
LOKIASV2_2712_ESMFold_hypothetical_protein	7sl9-assembly1.cif.gz_A	7sl9-assembly1.cif.gz_A CryoEM structure of SMCT1	7.739E-03	1.000	106	32	453	489	25	411	497	457	0.863	0.779
LOKIASV2_2712_ESMFold_hypothetical_protein	4mm8-assembly1.cif.gz_A	4mm8-assembly1.cif.gz_A Crystal structure of LeuBAT (delta13 mutant) in complex with (R)-fluoxetine	9.499E-04	1.000	105	37	484	489	8	458	498	522	0.916	0.906
LOKIASV2_2712_ESMFold_hypothetical_protein	2xq2-assembly1.cif.gz_B	2xq2-assembly1.cif.gz_B Structure of the K294A mutant of vSGLT	5.735E-03	1.000	104	33	489	489	10	453	522	508	0.935	0.851
LOKIASV2_2712_ESMFold_hypothetical_protein	4ain-assembly1.cif.gz_B	4ain-assembly1.cif.gz_B Crystal structure of BetP with asymmetric protomers.	3.901E-03	1.000	103	36	469	489	78	491	497	481	0.888	0.833
LOKIASV2_2712_ESMFold_hypothetical_protein	7uuz-assembly1.cif.gz_A	7uuz-assembly1.cif.gz_A Structure of the sodium/iodide symporter (NIS) in complex with perrhenate and sodium	5.264E-03	1.000	102	31	452	489	4	404	501	464	0.863	0.800
LOKIASV2_2712_ESMFold_hypothetical_protein	7d99-assembly1.cif.gz_B	7d99-assembly1.cif.gz_B human potassium-chloride co-transporter KCC4	8.077E-03	1.000	102	46	486	489	37	542	891	557	0.902	0.568
LOKIASV2_2712_ESMFold_hypothetical_protein	7uv0-assembly1.cif.gz_A	7uv0-assembly1.cif.gz_A Structure of the sodium/iodide symporter (NIS) in complex with iodide and sodium	1.090E-02	1.000	100	38	447	489	27	391	501	433	0.838	0.729
LOKIASV2_2712_ESMFold_hypothetical_protein	6y5v-assembly1.cif.gz_B	6y5v-assembly1.cif.gz_B Structure of Human Potassium Chloride Transporter KCC3b (S45D/T940D/T997D) in KCl	2.770E-03	1.000	100	40	486	489	28	522	879	556	0.914	0.563
LOKIASV2_2712_ESMFold_hypothetical_protein	2wit-assembly1.cif.gz_C	2wit-assembly1.cif.gz_C CRYSTAL STRUCTURE OF THE SODIUM-COUPLED GLYCINE BETAINE SYMPORTER BETP FROM CORYNEBACTERIUM GLUTAMICUM WITH BOUND SUBSTRATE	1.187E-02	0.999	97	15	469	489	68	493	510	503	0.930	0.835
LOKIASV2_2712_ESMFold_hypothetical_protein	7y7y-assembly1.cif.gz_A	7y7y-assembly1.cif.gz_A Cryo-EM structure of human GABA transporter GAT1 bound with nipecotic acid in NaCl solution in an inward-occluded state at 2.4 angstrom	1.396E-03	0.999	97	38	488	489	3	467	527	562	0.922	0.882
LOKIASV2_2712_ESMFold_hypothetical_protein	6ukn-assembly1.cif.gz_A	6ukn-assembly1.cif.gz_A Cryo-EM structure of the potassium-chloride cotransporter KCC4 in lipid nanodiscs	6.806E-03	0.999	96	39	486	489	7	517	536	570	0.916	0.953
LOKIASV2_2712_ESMFold_hypothetical_protein	2xq2-assembly1.cif.gz_A	2xq2-assembly1.cif.gz_A Structure of the K294A mutant of vSGLT	1.187E-02	0.999	96	38	489	489	27	469	538	505	0.924	0.823
LOKIASV2_2712_ESMFold_hypothetical_protein	7aio-assembly1.cif.gz_B	7aio-assembly1.cif.gz_B Structure of Human Potassium Chloride Transporter KCC3 S45D/T940D/T997D in NaCl (Subclass)	3.287E-03	0.999	96	3	486	489	13	544	910	604	0.990	0.585
LOKIASV2_2712_ESMFold_hypothetical_protein	6zbv-assembly1.cif.gz_A	6zbv-assembly1.cif.gz_A Inward-open structure of human glycine transporter 1 in complex with a benzoylisoindoline inhibitor and sybody Sb_GlyT1#7	2.795E-02	0.998	94	31	489	489	3	469	539	558	0.939	0.866
LOKIASV2_2712_ESMFold_hypothetical_protein	7d14-assembly1.cif.gz_A	7d14-assembly1.cif.gz_A Mouse KCC2	7.739E-03	0.998	94	9	486	489	18	498	850	581	0.978	0.566
LOKIASV2_2712_ESMFold_hypothetical_protein	6m23-assembly1.cif.gz_A	6m23-assembly1.cif.gz_A Overall structure of KCC2	2.071E-02	0.998	94	21	486	489	8	540	936	582	0.953	0.569
LOKIASV2_2712_ESMFold_hypothetical_protein	8i91-assembly1.cif.gz_B	8i91-assembly1.cif.gz_B ACE2-SIT1 complex bound with proline	1.239E-02	0.997	92	34	480	489	6	521	579	605	0.914	0.891
LOKIASV2_2712_ESMFold_hypothetical_protein	2jln-assembly1.cif.gz_A	2jln-assembly1.cif.gz_A Structure of Mhp1, a nucleobase-cation-symport-1 family transporter	1.090E-02	0.996	89	41	469	489	21	387	463	449	0.877	0.793
LOKIASV2_2712_ESMFold_hypothetical_protein	6m22-assembly1.cif.gz_A	6m22-assembly1.cif.gz_A KCC3 bound with DIOA	1.745E-02	0.996	89	38	486	489	17	528	885	576	0.918	0.579
LOKIASV2_2712_ESMFold_hypothetical_protein	8gnk-assembly1.cif.gz_A	8gnk-assembly1.cif.gz_A CryoEM structure of cytosol-facing, substrate-bound ratGAT1	1.350E-02	0.994	87	36	488	489	2	468	525	555	0.926	0.890
LOKIASV2_2712_ESMFold_hypothetical_protein	7air-assembly1.cif.gz_B	7air-assembly1.cif.gz_B Structure of Human Potassium Chloride Transporter KCC1 in NaCl (Subclass 2)	4.289E-02	0.994	87	38	486	489	5	508	866	566	0.918	0.582
LOKIASV2_2712_ESMFold_hypothetical_protein	2x79-assembly1.cif.gz_A	2x79-assembly1.cif.gz_A Inward facing conformation of Mhp1	4.672E-02	0.992	85	40	488	489	22	434	465	488	0.918	0.888
LOKIASV2_2712_ESMFold_hypothetical_protein	6m1y-assembly1.cif.gz_A	6m1y-assembly1.cif.gz_A The overall structure of KCC3	4.109E-02	0.992	85	29	486	489	13	536	938	601	0.937	0.559
LOKIASV2_2712_ESMFold_hypothetical_protein	7ynk-assembly1.cif.gz_A	7ynk-assembly1.cif.gz_A Structure of human SGLT2-MAP17 complex in the apo state in the inward-facing conformation	1.409E-02	0.991	84	32	484	489	4	498	553	569	0.926	0.895
LOKIASV2_2712_ESMFold_hypothetical_protein	7d8z-assembly1.cif.gz_A	7d8z-assembly1.cif.gz_A human potassium-chloride co-transporter KCC2	4.877E-02	0.991	84	5	486	489	2	546	895	615	0.986	0.609
LOKIASV2_2712_ESMFold_hypothetical_protein	7vsi-assembly1.cif.gz_A	7vsi-assembly1.cif.gz_A Structure of human SGLT2-MAP17 complex bound with empagliflozin	1.672E-02	0.990	83	24	488	489	1	523	586	602	0.951	0.892
LOKIASV2_2712_ESMFold_hypothetical_protein	7tth-assembly1.cif.gz_A	7tth-assembly1.cif.gz_A Human potassium-chloride cotransporter 1 in inward-open state	1.617E-01	0.984	80	28	485	489	1	517	875	594	0.937	0.591
LOKIASV2_2712_ESMFold_hypothetical_protein	3dh4-assembly1.cif.gz_A	3dh4-assembly1.cif.gz_A Crystal Structure of Sodium/Sugar symporter with bound Galactose from vibrio parahaemolyticus	4.877E-02	0.971	76	39	489	489	26	469	512	518	0.922	0.867
LOKIASV2_2712_ESMFold_hypothetical_protein	4doj-assembly1.cif.gz_A	4doj-assembly1.cif.gz_A Crystal structure of BetP in outward-facing conformation	9.268E-02	0.961	74	10	469	489	65	494	526	509	0.941	0.817
LOKIASV2_2712_ESMFold_hypothetical_protein	7d10-assembly1.cif.gz_B	7d10-assembly1.cif.gz_B Human NKCC1	7.739E-03	0.949	72	37	481	489	3	440	446	538	0.910	0.982
LOKIASV2_2712_ESMFold_hypothetical_protein	6dzz-assembly1.cif.gz_A	6dzz-assembly1.cif.gz_A Cryo-EM Structure of the wild-type human serotonin transporter in complex with ibogaine and 15B8 Fab in the inward conformation	2.003E-01	0.941	71	28	489	489	1	482	540	556	0.945	0.893
LOKIASV2_2712_ESMFold_hypothetical_protein	7d90-assembly1.cif.gz_B	7d90-assembly1.cif.gz_B human potassium-chloride co-transporter KCC3	2.821E-01	0.933	70	38	485	489	5	515	880	584	0.916	0.581
LOKIASV2_2712_ESMFold_hypothetical_protein	8hin-assembly1.cif.gz_A	8hin-assembly1.cif.gz_A Structure of human SGLT2-MAP17 complex with Phlorizin	6.040E-02	0.872	65	32	488	489	16	519	588	576	0.935	0.857
LOKIASV2_2712_ESMFold_hypothetical_protein	7wmv-assembly1.cif.gz_A	7wmv-assembly1.cif.gz_A Structure of human SGLT1-MAP17 complex bound with LX2761	7.482E-02	0.837	63	38	488	489	42	526	602	548	0.922	0.806
LOKIASV2_2712_ESMFold_hypothetical_protein	5nva-assembly1.cif.gz_A	5nva-assembly1.cif.gz_A Substrate-bound outward-open state of a Na+-coupled sialic acid symporter reveals a novel Na+-site	1.054E-01	0.817	62	31	453	489	3	412	472	478	0.865	0.869
LOKIASV2_2712_ESMFold_hypothetical_protein	4doj-assembly1.cif.gz_B	4doj-assembly1.cif.gz_B Crystal structure of BetP in outward-facing conformation	2.481E-01	0.817	62	15	455	489	68	481	501	510	0.902	0.826
LOKIASV2_2712_ESMFold_hypothetical_protein	7air-assembly1.cif.gz_A	7air-assembly1.cif.gz_A Structure of Human Potassium Chloride Transporter KCC1 in NaCl (Subclass 2)	3.073E-01	0.817	62	38	486	489	5	511	885	587	0.918	0.573
LOKIASV2_2712_ESMFold_hypothetical_protein	3p03-assembly1.cif.gz_A	3p03-assembly1.cif.gz_A Crystal structure of BetP-G153D with choline bound	2.589E-01	0.795	61	10	434	489	60	463	504	469	0.869	0.802
LOKIASV2_2712_ESMFold_hypothetical_protein	5nv9-assembly1.cif.gz_A	5nv9-assembly1.cif.gz_A Substrate-bound outward-open state of a Na+-coupled sialic acid symporter reveals a novel Na+-site	1.422E-01	0.747	59	31	453	489	3	418	480	480	0.865	0.867
LOKIASV2_2712_ESMFold_hypothetical_protein	4m8j-assembly1.cif.gz_A	4m8j-assembly1.cif.gz_A Crystal structure of CaiT R262E bound to gamma-butyrobetaine	4.715E-01	0.747	59	20	456	489	68	492	495	494	0.894	0.859
LOKIASV2_2712_ESMFold_hypothetical_protein	4llh-assembly1.cif.gz_C	4llh-assembly1.cif.gz_C Substrate bound outward-open state of the symporter BetP	3.045E-02	0.663	56	10	469	489	65	488	490	539	0.941	0.865
LOKIASV2_2712_ESMFold_hypothetical_protein	3p03-assembly1.cif.gz_B	3p03-assembly1.cif.gz_B Crystal structure of BetP-G153D with choline bound	3.207E-01	0.569	53	4	446	489	57	468	476	507	0.906	0.866
LOKIASV2_2712_ESMFold_hypothetical_protein	3hfx-assembly1.cif.gz_A	3hfx-assembly1.cif.gz_A Crystal structure of carnitine transporter	6.096E-01	0.537	52	4	452	489	48	485	493	521	0.918	0.888
LOKIASV2_2712_ESMFold_hypothetical_protein	2wsx-assembly1.cif.gz_C	2wsx-assembly1.cif.gz_C Crystal Structure of Carnitine Transporter from Escherichia coli	1.110E+00	0.537	52	19	452	489	73	489	496	502	0.888	0.841
LOKIASV2_2712_ESMFold_hypothetical_protein	2wsw-assembly1.cif.gz_A	2wsw-assembly1.cif.gz_A Crystal Structure of Carnitine Transporter from Proteus mirabilis	7.551E-01	0.537	52	20	456	489	81	505	508	503	0.894	0.837
LOKIASV2_2712_ESMFold_hypothetical_protein	4iu8-assembly1.cif.gz_A	4iu8-assembly1.cif.gz_A Crystal structure of a membrane transporter (selenomethionine derivative)	9.184E-03	0.214	40	73	482	489	20	418	422	495	0.838	0.945
LOKIASV2_2712_ESMFold_hypothetical_protein	4u4w-assembly2.cif.gz_B	4u4w-assembly2.cif.gz_B Structure of a nitrate/nitrite antiporter NarK in nitrate-bound occluded state	2.678E-02	0.214	40	21	488	489	1	427	430	556	0.957	0.993
LOKIASV2_2712_ESMFold_hypothetical_protein	6oh3-assembly1.cif.gz_A	6oh3-assembly1.cif.gz_A X-ray crystal structure of the mouse CMP-sialic acid transporter in complex with CMP-sialic acid, by lipidic cubic phase	7.169E-02	0.196	39	75	483	489	5	300	304	427	0.836	0.974
LOKIASV2_2712_ESMFold_hypothetical_protein	4u4v-assembly1.cif.gz_A	4u4v-assembly1.cif.gz_A Structure of a nitrate/nitrite antiporter NarK in apo inward-open state	5.545E-02	0.179	38	54	488	489	18	434	442	517	0.890	0.943
LOKIASV2_2712_ESMFold_hypothetical_protein	6bmi-assembly1.cif.gz_B	6bmi-assembly1.cif.gz_B Crystal Structure of GltPh R397C in complex with L-Serine	1.761E-01	0.138	35	26	453	489	1	392	396	516	0.875	0.990
LOKIASV2_2712_ESMFold_hypothetical_protein	6w4s-assembly1.cif.gz_F	6w4s-assembly1.cif.gz_F Structure of apo human ferroportin in lipid nanodisc	1.251E-01	0.126	34	32	487	489	1	414	421	517	0.933	0.983
LOKIASV2_2712_ESMFold_hypothetical_protein	4iu9-assembly2.cif.gz_A	4iu9-assembly2.cif.gz_A Crystal structure of a membrane transporter	1.148E-01	0.106	32	53	489	489	16	396	396	488	0.894	0.962
LOKIASV2_2712_ESMFold_hypothetical_protein	2nq2-assembly1.cif.gz_A	2nq2-assembly1.cif.gz_A An inward-facing conformation of a putative metal-chelate type ABC transporter.	2.481E-01	0.098	31	67	424	489	7	306	308	389	0.732	0.974
LOKIASV2_2712_ESMFold_hypothetical_protein	8t69-assembly1.cif.gz_A	8t69-assembly1.cif.gz_A Human VMAT2 in complex with tetrabenazine	2.377E-01	0.090	30	69	482	489	3	376	386	494	0.847	0.969
LOKIASV2_2712_ESMFold_hypothetical_protein	6vbg-assembly1.cif.gz_A	6vbg-assembly1.cif.gz_A Lactose permease complex with thiodigalactoside and nanobody 9043	7.482E-02	0.090	30	65	486	489	3	387	396	491	0.863	0.972
LOKIASV2_2712_ESMFold_hypothetical_protein	6vbg-assembly2.cif.gz_B	6vbg-assembly2.cif.gz_B Lactose permease complex with thiodigalactoside and nanobody 9043	8.508E-02	0.090	30	65	486	489	3	388	397	485	0.863	0.972
LOKIASV2_2712_ESMFold_hypothetical_protein	4jre-assembly1.cif.gz_A	4jre-assembly1.cif.gz_A Crystal structure of nitrate/nitrite exchanger NarK with nitrite bound	1.100E-01	0.090	30	69	489	489	24	408	409	497	0.861	0.941
LOKIASV2_2712_ESMFold_hypothetical_protein	6rw3-assembly4.cif.gz_D	6rw3-assembly4.cif.gz_D The molecular basis for sugar import in malaria parasites.	3.973E-01	0.090	30	74	483	489	5	426	430	516	0.838	0.981
LOKIASV2_2712_ESMFold_hypothetical_protein	6rw3-assembly3.cif.gz_C	6rw3-assembly3.cif.gz_C The molecular basis for sugar import in malaria parasites.	2.481E-01	0.090	30	71	483	489	5	440	447	533	0.845	0.975
LOKIASV2_2712_ESMFold_hypothetical_protein	6oh4-assembly2.cif.gz_B	6oh4-assembly2.cif.gz_B X-ray crystal structure of the mouse CMP-sialic acid transporter in complex with CMP, by hanging drop vapor diffusion	5.840E-01	0.082	29	70	483	489	2	295	299	433	0.847	0.983
LOKIASV2_2712_ESMFold_hypothetical_protein	7dl9-assembly2.cif.gz_B	7dl9-assembly2.cif.gz_B Crystal structure of nucleoside transporter NupG	1.688E-01	0.082	29	58	486	489	4	402	405	495	0.877	0.985
LOKIASV2_2712_ESMFold_hypothetical_protein	6bav-assembly1.cif.gz_B	6bav-assembly1.cif.gz_B Crystal Structure of GltPh R397C in complex with S-Benzyl-L-Cysteine	5.596E-01	0.082	29	26	453	489	1	404	409	525	0.875	0.988
LOKIASV2_2712_ESMFold_hypothetical_protein	4ky0-assembly1.cif.gz_B	4ky0-assembly1.cif.gz_B Crystal structure of a substrate-free glutamate transporter homologue from Thermococcus kodakarensis	5.840E-01	0.082	29	26	455	489	4	402	413	525	0.879	0.966
LOKIASV2_2712_ESMFold_hypothetical_protein	4u4t-assembly1.cif.gz_A	4u4t-assembly1.cif.gz_A Structure of a nitrate/nitrite antiporter NarK in nitrate-bound inward-open state	3.973E-01	0.082	29	69	488	489	23	435	444	511	0.859	0.930
LOKIASV2_2712_ESMFold_hypothetical_protein	4dbl-assembly1.cif.gz_B	4dbl-assembly1.cif.gz_B Crystal structure of E159Q mutant of BtuCDF	2.944E-01	0.076	28	33	401	489	10	323	324	407	0.755	0.969
LOKIASV2_2712_ESMFold_hypothetical_protein	3kbc-assembly1.cif.gz_B	3kbc-assembly1.cif.gz_B Crystal structure of GltPh K55C-A364C mutant crosslinked with divalent mercury	5.596E-01	0.076	28	74	479	489	7	407	411	502	0.830	0.976
LOKIASV2_2712_ESMFold_hypothetical_protein	4pyp-assembly1.cif.gz_A	4pyp-assembly1.cif.gz_A Crystal structure of the human glucose transporter GLUT1	7.551E-01	0.076	28	62	481	489	4	439	447	536	0.859	0.975
LOKIASV2_2712_ESMFold_hypothetical_protein	4dbl-assembly2.cif.gz_F	4dbl-assembly2.cif.gz_F Crystal structure of E159Q mutant of BtuCDF	4.517E-01	0.069	27	33	416	489	10	318	324	417	0.785	0.954
LOKIASV2_2712_ESMFold_hypothetical_protein	6bat-assembly1.cif.gz_A	6bat-assembly1.cif.gz_A Crystal Structure of Wild-Type GltPh in complex with L-aspartate	6.362E-01	0.069	27	26	479	489	1	404	408	540	0.928	0.990
LOKIASV2_2712_ESMFold_hypothetical_protein	4jr9-assembly1.cif.gz_A	4jr9-assembly1.cif.gz_A Crystal structure of nitrate/nitrite exchanger NarK	3.073E-01	0.069	27	18	425	489	2	404	409	491	0.834	0.985
LOKIASV2_2712_ESMFold_hypothetical_protein	4ja3-assembly2.cif.gz_B	4ja3-assembly2.cif.gz_B Partially occluded inward open conformation of the xylose transporter XylE from E. coli	1.063E+00	0.069	27	36	482	489	9	430	439	532	0.914	0.961
LOKIASV2_2712_ESMFold_hypothetical_protein	4qiq-assembly1.cif.gz_A	4qiq-assembly1.cif.gz_A Crystal structure of D-xylose-proton symporter	4.517E-01	0.069	27	36	482	489	8	427	439	540	0.914	0.957
LOKIASV2_2712_ESMFold_hypothetical_protein	7cyn-assembly1.cif.gz_D	7cyn-assembly1.cif.gz_D Cryo-EM structure of human TLR7 in complex with UNC93B1	1.919E-01	0.069	27	75	435	489	13	464	483	507	0.738	0.936
LOKIASV2_2712_ESMFold_hypothetical_protein	6i1z-assembly1.cif.gz_B	6i1z-assembly1.cif.gz_B Outward facing structure of apo CST	1.855E+00	0.063	26	77	483	489	2	281	291	429	0.832	0.962
LOKIASV2_2712_ESMFold_hypothetical_protein	4jre-assembly1.cif.gz_D	4jre-assembly1.cif.gz_D Crystal structure of nitrate/nitrite exchanger NarK with nitrite bound	3.348E-01	0.063	26	54	480	489	18	398	402	494	0.873	0.948
LOKIASV2_2712_ESMFold_hypothetical_protein	7l17-assembly1.cif.gz_A	7l17-assembly1.cif.gz_A Crystal structure of sugar-bound melibiose permease MelB	6.362E-01	0.063	26	31	487	489	1	429	453	546	0.935	0.947
LOKIASV2_2712_ESMFold_hypothetical_protein	5hwy-assembly1.cif.gz_A	5hwy-assembly1.cif.gz_A Structural mechanisms of extracellular ion exchange and induced binding-site occlusion in the sodium-calcium exchanger NCX_Mj soaked with 10 mM Na+ and zero Ca2+	9.762E-01	0.057	25	33	420	489	6	297	300	407	0.793	0.973
LOKIASV2_2712_ESMFold_hypothetical_protein	5ayn-assembly1.cif.gz_A	5ayn-assembly1.cif.gz_A Crystal structure of a bacterial homologue of iron transporter ferroportin in outward-facing state	1.375E+00	0.057	25	37	449	489	5	402	405	478	0.845	0.983
LOKIASV2_2712_ESMFold_hypothetical_protein	5y50-assembly1.cif.gz_A	5y50-assembly1.cif.gz_A Crystal structure of eukaryotic MATE transporter AtDTX14	4.328E-01	0.057	25	32	439	489	4	447	448	506	0.834	0.991
LOKIASV2_2712_ESMFold_hypothetical_protein	7spt-assembly1.cif.gz_A	7spt-assembly1.cif.gz_A Crystal structure of exofacial state human glucose transporter GLUT3	1.063E+00	0.057	25	60	481	489	8	448	470	547	0.863	0.938
LOKIASV2_2712_ESMFold_hypothetical_protein	5hxs-assembly1.cif.gz_A	5hxs-assembly1.cif.gz_A Structural mechanisms of extracellular ion exchange and induced binding-site occlusion in the sodium-calcium exchanger NCX_Mj soaked with 2.5 mM Na+ and 10mM Sr2+	8.585E-01	0.051	24	35	420	489	13	293	296	409	0.789	0.949
LOKIASV2_2712_ESMFold_hypothetical_protein	4g1u-assembly1.cif.gz_B	4g1u-assembly1.cif.gz_B X-ray structure of the bacterial heme transporter HmuUV from Yersinia pestis	1.063E+00	0.051	24	37	382	489	5	270	297	355	0.708	0.896
LOKIASV2_2712_ESMFold_hypothetical_protein	4kjs-assembly2.cif.gz_B	4kjs-assembly2.cif.gz_B Structure of native YfkE	7.551E-01	0.051	24	36	488	489	3	312	320	481	0.926	0.969
LOKIASV2_2712_ESMFold_hypothetical_protein	5xat-assembly2.cif.gz_C	5xat-assembly2.cif.gz_C Structural insights into the elevator-like mechanism of the sodium/citrate symporter CitS	4.147E-01	0.051	24	32	418	489	92	405	408	416	0.791	0.770
LOKIASV2_2712_ESMFold_hypothetical_protein	7ugd-assembly1.cif.gz_A	7ugd-assembly1.cif.gz_A Asp-bound GltPh RSMR mutant in IFS-A1 state	7.234E-01	0.051	24	35	479	489	2	409	413	535	0.910	0.988
LOKIASV2_2712_ESMFold_hypothetical_protein	7rcp-assembly1.cif.gz_A	7rcp-assembly1.cif.gz_A GltPh mutant (S279E/D405N) in complex with aspartate and sodium ions	1.317E+00	0.051	24	35	453	489	3	411	415	523	0.857	0.986
LOKIASV2_2712_ESMFold_hypothetical_protein	6s4m-assembly1.cif.gz_A	6s4m-assembly1.cif.gz_A Crystal structure of the human organic anion transporter MFSD10 (TETRAN)	6.096E-01	0.051	24	37	453	489	5	425	426	513	0.853	0.988
LOKIASV2_2712_ESMFold_hypothetical_protein	6ol1-assembly1.cif.gz_B	6ol1-assembly1.cif.gz_B Structure of VcINDY in complex with Succinate	7.234E-01	0.051	24	61	486	489	15	443	445	532	0.871	0.964
LOKIASV2_2712_ESMFold_hypothetical_protein	5uld-assembly2.cif.gz_C	5uld-assembly2.cif.gz_C Structure and function of the divalent anion/Na+ symporter from Vibrio cholerae and a humanized variant	2.944E-01	0.051	24	59	487	489	13	442	445	505	0.877	0.966
LOKIASV2_2712_ESMFold_hypothetical_protein	7dqk-assembly1.cif.gz_A	7dqk-assembly1.cif.gz_A A nicotine MATE transporter, Nicotiana tabacum MATE2 (NtMATE2)	6.362E-01	0.051	24	4	482	489	4	473	476	573	0.980	0.987
LOKIASV2_2712_ESMFold_hypothetical_protein	5jdf-assembly1.cif.gz_A	5jdf-assembly1.cif.gz_A Structural mechanisms of extracellular ion exchange and induced binding-site occlusion in the sodium-calcium exchanger NCX_Mj soaked with 2.5 mM Na+ and 1mM Ca2+	2.399E+00	0.045	23	31	420	489	1	290	294	411	0.798	0.986
LOKIASV2_2712_ESMFold_hypothetical_protein	4kjs-assembly1.cif.gz_A	4kjs-assembly1.cif.gz_A Structure of native YfkE	2.202E+00	0.045	23	45	488	489	4	312	320	474	0.908	0.966
LOKIASV2_2712_ESMFold_hypothetical_protein	7a27-assembly4.cif.gz_CCC	7a27-assembly4.cif.gz_CCC Structure of soluble SmhA crystal form 2 of the tripartite alpha-pore forming toxin, Smh, from Serratia marcescens.	1.262E+00	0.045	23	55	451	489	4	342	347	430	0.812	0.977
LOKIASV2_2712_ESMFold_hypothetical_protein	8thr-assembly1.cif.gz_A	8thr-assembly1.cif.gz_A Structure of the human vesicular monoamine transporter 2 (VMAT2) bound to tetrabenazine in an occluded conformation	9.762E-01	0.045	23	31	482	489	1	380	389	526	0.924	0.977
LOKIASV2_2712_ESMFold_hypothetical_protein	6v8g-assembly1.cif.gz_C	6v8g-assembly1.cif.gz_C GltPh mutant - Y204L A345V V366A	1.375E+00	0.045	23	31	453	489	1	389	393	520	0.865	0.990
LOKIASV2_2712_ESMFold_hypothetical_protein	8afa-assembly1.cif.gz_A	8afa-assembly1.cif.gz_A Cryo-EM structure of a substrate-bound glutamate transporter homologue GltTk encapsulated within a nanodisc	1.703E+00	0.045	23	38	447	489	2	388	401	502	0.838	0.965
LOKIASV2_2712_ESMFold_hypothetical_protein	7d5q-assembly1.cif.gz_A	7d5q-assembly1.cif.gz_A Structure of NorC transporter (K398A mutant) in an outward-open conformation in complex with a single-chain Indian camelid antibody	5.596E-01	0.045	23	75	487	489	2	399	403	503	0.845	0.988
LOKIASV2_2712_ESMFold_hypothetical_protein	4oye-assembly1.cif.gz_F	4oye-assembly1.cif.gz_F Crystal structure of GltPh R397A in apo	1.778E+00	0.045	23	26	439	489	2	395	404	503	0.847	0.975
LOKIASV2_2712_ESMFold_hypothetical_protein	5ayo-assembly1.cif.gz_A	5ayo-assembly1.cif.gz_A Crystal structure of a bacterial homologue of iron transporter ferroportin in inward-facing state	1.563E+00	0.045	23	30	450	489	1	404	406	487	0.861	0.995
LOKIASV2_2712_ESMFold_hypothetical_protein	5xls-assembly1.cif.gz_A-2	5xls-assembly1.cif.gz_A-2 Crystal structure of UraA in occluded conformation	2.399E+00	0.045	23	25	416	489	5	401	408	482	0.802	0.973
LOKIASV2_2712_ESMFold_hypothetical_protein	3vvp-assembly2.cif.gz_B	3vvp-assembly2.cif.gz_B Crystal structure of MATE in complex with Br-NRF	9.353E-01	0.045	23	66	481	489	4	411	412	495	0.851	0.990
LOKIASV2_2712_ESMFold_hypothetical_protein	6x15-assembly1.cif.gz_B	6x15-assembly1.cif.gz_B Inward-facing state of the glutamate transporter homologue GltPh in complex with L-aspartate and sodium ions	1.063E+00	0.045	23	32	479	489	1	412	419	550	0.916	0.983
LOKIASV2_2712_ESMFold_hypothetical_protein	6x15-assembly1.cif.gz_C	6x15-assembly1.cif.gz_C Inward-facing state of the glutamate transporter homologue GltPh in complex with L-aspartate and sodium ions	1.063E+00	0.045	23	32	479	489	1	412	419	550	0.916	0.983
LOKIASV2_2712_ESMFold_hypothetical_protein	6r7r-assembly1.cif.gz_C	6r7r-assembly1.cif.gz_C Crystal structure of the glutamate transporter homologue GltTk in complex with D-aspartate	5.596E-01	0.045	23	26	401	489	9	414	422	470	0.769	0.962
LOKIASV2_2712_ESMFold_hypothetical_protein	6xwo-assembly1.cif.gz_A	6xwo-assembly1.cif.gz_A Structure of glutamate transporter homologue GltTk in the unsaturated conditions - inward-inward-outward configuration	7.881E-01	0.045	23	35	465	489	3	427	427	544	0.881	0.995
LOKIASV2_2712_ESMFold_hypothetical_protein	8c03-assembly1.cif.gz_A	8c03-assembly1.cif.gz_A Structure of SLC40/ferroportin in complex with vamifeport and synthetic nanobody Sy12 in outward-facing conformation	1.936E+00	0.045	23	73	487	489	7	419	429	497	0.849	0.963
LOKIASV2_2712_ESMFold_hypothetical_protein	8wx2-assembly1.cif.gz_B	8wx2-assembly1.cif.gz_B Cryo-EM structure of human SLC15A3 (outward-facing partially occluded)	6.362E-01	0.045	23	54	487	489	5	432	440	496	0.888	0.973
LOKIASV2_2712_ESMFold_hypothetical_protein	6tha-assembly1.cif.gz_A	6tha-assembly1.cif.gz_A Crystal structure of human sugar transporter GLUT1 (SLC2A1) in the inward conformation	1.317E+00	0.045	23	61	483	489	4	445	448	531	0.865	0.987
LOKIASV2_2712_ESMFold_hypothetical_protein	7a26-assembly8.cif.gz_DDD	7a26-assembly8.cif.gz_DDD Structure of soluble SmhA crystal form 1 of the tripartite alpha-pore forming toxin, Smh, from Serratia marcescens.	1.632E+00	0.040	22	68	443	489	10	321	327	404	0.769	0.954
LOKIASV2_2712_ESMFold_hypothetical_protein	7a27-assembly2.cif.gz_AAA	7a27-assembly2.cif.gz_AAA Structure of soluble SmhA crystal form 2 of the tripartite alpha-pore forming toxin, Smh, from Serratia marcescens.	1.778E+00	0.040	22	68	451	489	9	340	345	426	0.785	0.962
LOKIASV2_2712_ESMFold_hypothetical_protein	7a27-assembly1.cif.gz_GGG	7a27-assembly1.cif.gz_GGG Structure of soluble SmhA crystal form 2 of the tripartite alpha-pore forming toxin, Smh, from Serratia marcescens.	1.855E+00	0.040	22	55	451	489	4	343	349	431	0.812	0.974
LOKIASV2_2712_ESMFold_hypothetical_protein	3v8g-assembly2.cif.gz_F	3v8g-assembly2.cif.gz_F Crystal structure of an asymmetric trimer of a glutamate transporter homologue (GltPh)	7.234E-01	0.040	22	70	453	489	7	388	392	470	0.785	0.974
LOKIASV2_2712_ESMFold_hypothetical_protein	5xat-assembly2.cif.gz_B	5xat-assembly2.cif.gz_B Structural insights into the elevator-like mechanism of the sodium/citrate symporter CitS	7.234E-01	0.040	22	32	418	489	91	408	409	421	0.791	0.778
LOKIASV2_2712_ESMFold_hypothetical_protein	6wzb-assembly1.cif.gz_A	6wzb-assembly1.cif.gz_A Crystal structure of the GltPh V216C-G388C mutant cross-linked with divalent mercury	1.632E+00	0.040	22	26	453	489	4	407	411	535	0.875	0.983
LOKIASV2_2712_ESMFold_hypothetical_protein	6uwf-assembly1.cif.gz_A	6uwf-assembly1.cif.gz_A GltPh in complex with L-aspartate and sodium ions in outward-facing state	7.881E-01	0.040	22	32	393	489	1	415	416	476	0.740	0.998
LOKIASV2_2712_ESMFold_hypothetical_protein	6wik-assembly1.cif.gz_A	6wik-assembly1.cif.gz_A Cryo-EM structure of SLC40/ferroportin with Fab in the presence of hepcidin	1.262E+00	0.040	22	32	486	489	1	415	427	535	0.930	0.972
LOKIASV2_2712_ESMFold_hypothetical_protein	5dwy-assembly1.cif.gz_B	5dwy-assembly1.cif.gz_B Crystal structure of a substrate-free glutamate transporter homologue GltTk	1.063E+00	0.040	22	30	453	489	1	414	428	532	0.867	0.967
LOKIASV2_2712_ESMFold_hypothetical_protein	6wbv-assembly1.cif.gz_A	6wbv-assembly1.cif.gz_A Structure of human ferroportin bound to hepcidin and cobalt in lipid nanodisc	4.147E-01	0.040	22	31	450	489	1	425	429	523	0.859	0.991
LOKIASV2_2712_ESMFold_hypothetical_protein	5c65-assembly1.cif.gz_A	5c65-assembly1.cif.gz_A Structure of the human glucose transporter GLUT3 / SLC2A3	6.931E-01	0.040	22	35	436	489	7	453	457	509	0.822	0.978
LOKIASV2_2712_ESMFold_hypothetical_protein	7fci-assembly1.cif.gz_A	7fci-assembly1.cif.gz_A human NTCP in complex with YN69083 Fab	3.841E+00	0.034	21	65	424	489	7	293	297	382	0.736	0.966
LOKIASV2_2712_ESMFold_hypothetical_protein	1v9m-assembly1.cif.gz_A	1v9m-assembly1.cif.gz_A Crystal structure of the C subunit of V-type ATPase from Thermus thermophilus	1.159E+00	0.034	21	152	403	489	52	309	312	311	0.515	0.827
LOKIASV2_2712_ESMFold_hypothetical_protein	8jt9-assembly1.cif.gz_A	8jt9-assembly1.cif.gz_A Human VMAT2 complex with ketanserin	1.063E+00	0.034	21	37	485	489	3	380	384	517	0.918	0.984
LOKIASV2_2712_ESMFold_hypothetical_protein	8hpk-assembly1.cif.gz_A	8hpk-assembly1.cif.gz_A Crystal structure of the bacterial oxalate transporter OxlT in an oxalate-bound occluded form	1.855E+00	0.034	21	35	424	489	7	380	390	459	0.798	0.959
LOKIASV2_2712_ESMFold_hypothetical_protein	7awn-assembly1.cif.gz_A	7awn-assembly1.cif.gz_A Structure of the thermostabilized EAAT1 cryst mutant in complex with rubidium and barium and the allosteric inhibitor UCPH101	1.019E+00	0.034	21	37	398	489	8	389	391	464	0.740	0.977
LOKIASV2_2712_ESMFold_hypothetical_protein	7d5p-assembly1.cif.gz_A	7d5p-assembly1.cif.gz_A Structure of NorC transporter in an outward-open conformation in complex with a single-chain Indian camelid antibody	1.110E+00	0.034	21	45	435	489	2	406	408	484	0.800	0.993
LOKIASV2_2712_ESMFold_hypothetical_protein	5xas-assembly1.cif.gz_A	5xas-assembly1.cif.gz_A Structural insights into the elevator-like mechanism of the sodium/citrate symporter CitS	1.317E+00	0.034	21	32	418	489	91	405	409	422	0.791	0.770
LOKIASV2_2712_ESMFold_hypothetical_protein	3vvp-assembly1.cif.gz_A	3vvp-assembly1.cif.gz_A Crystal structure of MATE in complex with Br-NRF	1.498E+00	0.034	21	37	433	489	7	419	420	489	0.812	0.983
LOKIASV2_2712_ESMFold_hypothetical_protein	6ol0-assembly2.cif.gz_B	6ol0-assembly2.cif.gz_B Structure of VcINDY bound to Malate	1.498E+00	0.034	21	59	484	489	12	425	428	512	0.871	0.967
LOKIASV2_2712_ESMFold_hypothetical_protein	7bc7-assembly1.cif.gz_A	7bc7-assembly1.cif.gz_A Cryo-EM structure of the proton coupled folate transporter at pH 6.0 bound to pemetrexed	1.703E+00	0.034	21	37	481	489	5	425	432	530	0.910	0.975
LOKIASV2_2712_ESMFold_hypothetical_protein	6ids-assembly1.cif.gz_A	6ids-assembly1.cif.gz_A Crystal structure of Vibrio cholerae MATE transporter VcmN D35N mutant	1.063E+00	0.034	21	33	450	489	5	426	438	493	0.855	0.963
LOKIASV2_2712_ESMFold_hypothetical_protein	7tak-assembly1.cif.gz_B	7tak-assembly1.cif.gz_B Structure of a NAT transporter	1.498E+00	0.034	21	16	485	489	6	412	450	541	0.961	0.904
LOKIASV2_2712_ESMFold_hypothetical_protein	3wbn-assembly1.cif.gz_A	3wbn-assembly1.cif.gz_A Crystal structure of MATE in complex with MaL6	2.021E+00	0.034	21	24	433	489	10	448	450	519	0.838	0.976
LOKIASV2_2712_ESMFold_hypothetical_protein	7mjs-assembly1.cif.gz_X	7mjs-assembly1.cif.gz_X Single-Particle Cryo-EM Structure of Major Facilitator Superfamily Domain containing 2A in complex with LPC-18:3	1.209E+00	0.034	21	37	488	489	6	444	458	556	0.924	0.959
LOKIASV2_2712_ESMFold_hypothetical_protein	7sps-assembly2.cif.gz_B	7sps-assembly2.cif.gz_B Crystal structure of human glucose transporter GLUT3 bound with exofacial inhibitor SA47	1.209E+00	0.034	21	31	483	489	4	447	468	546	0.926	0.949
LOKIASV2_2712_ESMFold_hypothetical_protein	7p54-assembly1.cif.gz_B	7p54-assembly1.cif.gz_B Cryo-EM structure of human TTYH2 in GDN	1.375E+00	0.029	20	27	443	489	29	395	397	456	0.853	0.924
LOKIASV2_2712_ESMFold_hypothetical_protein	5aym-assembly1.cif.gz_A	5aym-assembly1.cif.gz_A Crystal structure of a bacterial homologue of iron transporter ferroportin in outward-facing state with soaked iron	1.498E+00	0.029	20	37	449	489	5	395	398	512	0.845	0.982
LOKIASV2_2712_ESMFold_hypothetical_protein	7p5j-assembly1.cif.gz_B	7p5j-assembly1.cif.gz_B Cryo-EM structure of human TTYH1 in GDN	2.504E+00	0.029	20	24	448	489	24	396	399	463	0.869	0.935
LOKIASV2_2712_ESMFold_hypothetical_protein	4oye-assembly1.cif.gz_A	4oye-assembly1.cif.gz_A Crystal structure of GltPh R397A in apo	2.727E+00	0.029	20	26	460	489	2	401	402	517	0.890	0.995
LOKIASV2_2712_ESMFold_hypothetical_protein	3v8g-assembly2.cif.gz_E	3v8g-assembly2.cif.gz_E Crystal structure of an asymmetric trimer of a glutamate transporter homologue (GltPh)	1.262E+00	0.029	20	70	462	489	7	396	403	480	0.804	0.968
LOKIASV2_2712_ESMFold_hypothetical_protein	7d5q-assembly2.cif.gz_B	7d5q-assembly2.cif.gz_B Structure of NorC transporter (K398A mutant) in an outward-open conformation in complex with a single-chain Indian camelid antibody	1.262E+00	0.029	20	68	487	489	2	407	411	516	0.859	0.988
LOKIASV2_2712_ESMFold_hypothetical_protein	4p19-assembly1.cif.gz_C	4p19-assembly1.cif.gz_C Closed, apo inward-facing state of the glutamate transporter homologue GltPh	1.563E+00	0.029	20	43	453	489	6	407	413	504	0.840	0.973
LOKIASV2_2712_ESMFold_hypothetical_protein	8g92-assembly1.cif.gz_A	8g92-assembly1.cif.gz_A Structure of inhibitor 16d-bound SPNS2	2.298E+00	0.029	20	37	457	489	2	413	415	508	0.861	0.993
LOKIASV2_2712_ESMFold_hypothetical_protein	5xat-assembly1.cif.gz_A	5xat-assembly1.cif.gz_A Structural insights into the elevator-like mechanism of the sodium/citrate symporter CitS	1.435E+00	0.029	20	32	418	489	93	415	418	427	0.791	0.773
LOKIASV2_2712_ESMFold_hypothetical_protein	4iu9-assembly1.cif.gz_B	4iu9-assembly1.cif.gz_B Crystal structure of a membrane transporter	1.159E+00	0.029	20	73	486	489	20	423	427	512	0.847	0.946
LOKIASV2_2712_ESMFold_hypothetical_protein	6fhz-assembly1.cif.gz_A	6fhz-assembly1.cif.gz_A Inward-facing conformation of a multidrug resistance MATE family transporter of the MOP superfamily.	1.375E+00	0.029	20	38	482	489	21	428	440	506	0.910	0.927
LOKIASV2_2712_ESMFold_hypothetical_protein	3vvs-assembly1.cif.gz_A	3vvs-assembly1.cif.gz_A Crystal structure of MATE in complex with MaD3S	9.353E-01	0.029	20	50	482	489	5	434	444	524	0.885	0.968
LOKIASV2_2712_ESMFold_hypothetical_protein	7a26-assembly2.cif.gz_BBB	7a26-assembly2.cif.gz_BBB Structure of soluble SmhA crystal form 1 of the tripartite alpha-pore forming toxin, Smh, from Serratia marcescens.	3.526E+00	0.024	19	55	451	489	5	336	341	429	0.812	0.974
LOKIASV2_2712_ESMFold_hypothetical_protein	7a26-assembly1.cif.gz_AAA	7a26-assembly1.cif.gz_AAA Structure of soluble SmhA crystal form 1 of the tripartite alpha-pore forming toxin, Smh, from Serratia marcescens.	2.847E+00	0.024	19	52	451	489	2	339	344	424	0.818	0.983
LOKIASV2_2712_ESMFold_hypothetical_protein	7a27-assembly3.cif.gz_BBB	7a27-assembly3.cif.gz_BBB Structure of soluble SmhA crystal form 2 of the tripartite alpha-pore forming toxin, Smh, from Serratia marcescens.	3.378E+00	0.024	19	68	451	489	10	340	346	430	0.785	0.957
LOKIASV2_2712_ESMFold_hypothetical_protein	8hpj-assembly1.cif.gz_A	8hpj-assembly1.cif.gz_A Crystal structure of the bacterial oxalate transporter OxlT in a ligand-free outward-facing form	3.237E+00	0.024	19	27	426	489	1	380	393	460	0.818	0.967
LOKIASV2_2712_ESMFold_hypothetical_protein	6hcl-assembly1.cif.gz_A	6hcl-assembly1.cif.gz_A Crystal structure of a MFS transporter with Ligand at 2.69 Angstroem resolution	1.110E+00	0.024	19	45	422	489	6	376	395	467	0.773	0.939
LOKIASV2_2712_ESMFold_hypothetical_protein	8afa-assembly1.cif.gz_C	8afa-assembly1.cif.gz_C Cryo-EM structure of a substrate-bound glutamate transporter homologue GltTk encapsulated within a nanodisc	1.632E+00	0.024	19	38	401	489	2	394	402	444	0.744	0.978
LOKIASV2_2712_ESMFold_hypothetical_protein	7xq0-assembly1.cif.gz_A	7xq0-assembly1.cif.gz_A Structure of hSLC19A1+3'3'-CDA	2.399E+00	0.024	19	37	450	489	12	396	402	515	0.847	0.958
LOKIASV2_2712_ESMFold_hypothetical_protein	4oye-assembly2.cif.gz_I	4oye-assembly2.cif.gz_I Crystal structure of GltPh R397A in apo	2.504E+00	0.024	19	26	460	489	2	402	403	525	0.890	0.995
LOKIASV2_2712_ESMFold_hypothetical_protein	3v8g-assembly1.cif.gz_B	3v8g-assembly1.cif.gz_B Crystal structure of an asymmetric trimer of a glutamate transporter homologue (GltPh)	1.563E+00	0.024	19	70	462	489	7	397	404	481	0.804	0.968
LOKIASV2_2712_ESMFold_hypothetical_protein	5x9r-assembly1.cif.gz_B	5x9r-assembly1.cif.gz_B Structural insights into the elevator-like mechanism of the sodium/citrate symporter CitS	1.563E+00	0.024	19	32	418	489	92	407	409	425	0.791	0.773
LOKIASV2_2712_ESMFold_hypothetical_protein	3o7p-assembly1.cif.gz_A	3o7p-assembly1.cif.gz_A Crystal structure of the E.coli Fucose:proton symporter, FucP (N162A)	2.727E+00	0.024	19	55	482	489	2	407	410	508	0.875	0.990
LOKIASV2_2712_ESMFold_hypothetical_protein	7d5p-assembly2.cif.gz_B	7d5p-assembly2.cif.gz_B Structure of NorC transporter in an outward-open conformation in complex with a single-chain Indian camelid antibody	1.778E+00	0.024	19	44	435	489	2	411	413	490	0.802	0.993
LOKIASV2_2712_ESMFold_hypothetical_protein	6r7r-assembly1.cif.gz_A	6r7r-assembly1.cif.gz_A Crystal structure of the glutamate transporter homologue GltTk in complex with D-aspartate	1.375E+00	0.024	19	38	401	489	6	407	416	454	0.744	0.966
LOKIASV2_2712_ESMFold_hypothetical_protein	7sp5-assembly1.cif.gz_A	7sp5-assembly1.cif.gz_A Crystal Structure of a Eukaryotic Phosphate Transporter	2.727E+00	0.024	19	70	480	489	5	412	433	507	0.840	0.942
LOKIASV2_2712_ESMFold_hypothetical_protein	6gwh-assembly1.cif.gz_A	6gwh-assembly1.cif.gz_A Outward-facing conformation of a multidrug resistance MATE family transporter of the MOP superfamily.	2.021E+00	0.024	19	69	482	489	5	429	440	509	0.847	0.966
LOKIASV2_2712_ESMFold_hypothetical_protein	3vvr-assembly1.cif.gz_A	3vvr-assembly1.cif.gz_A Crystal structure of MATE in complex with MaD5	1.778E+00	0.024	19	66	489	489	4	440	440	522	0.867	0.993
LOKIASV2_2712_ESMFold_hypothetical_protein	8dl6-assembly1.cif.gz_A	8dl6-assembly1.cif.gz_A Cryo-EM structure of human ferroportin/slc40 bound to Ca2+ in nanodisc	1.632E+00	0.024	19	73	452	489	10	434	442	506	0.777	0.962
LOKIASV2_2712_ESMFold_hypothetical_protein	3vvn-assembly1.cif.gz_A	3vvn-assembly1.cif.gz_A Crystal structure of MATE in the straight conformation	2.021E+00	0.024	19	33	453	489	15	442	445	494	0.861	0.962
LOKIASV2_2712_ESMFold_hypothetical_protein	4tpj-assembly2.cif.gz_B	4tpj-assembly2.cif.gz_B Selectivity mechanism of a bacterial homologue of the human drug peptide transporters PepT1 and PepT2	2.021E+00	0.024	19	36	483	489	4	440	450	550	0.916	0.971
LOKIASV2_2712_ESMFold_hypothetical_protein	7waw-assembly1.cif.gz_A	7waw-assembly1.cif.gz_A MurJ inward closed form	1.209E+00	0.024	19	44	474	489	2	438	496	527	0.881	0.881
LOKIASV2_2712_ESMFold_hypothetical_protein	5tsa-assembly1.cif.gz_A	5tsa-assembly1.cif.gz_A Crystal structure of the Zrt-/Irt-like protein from Bordetella bronchiseptica with bound Zn2+	4.009E+00	0.020	18	57	416	489	3	231	233	375	0.736	0.983
LOKIASV2_2712_ESMFold_hypothetical_protein	7paf-assembly1.cif.gz_D	7paf-assembly1.cif.gz_D Streptococcus pneumoniae choline importer LicB in lipid nanodiscs	4.185E+00	0.020	18	37	376	489	3	276	278	375	0.695	0.986
LOKIASV2_2712_ESMFold_hypothetical_protein	5jdn-assembly1.cif.gz_A	5jdn-assembly1.cif.gz_A Structural mechanisms of extracellular ion exchange and induced binding-site occlusion in the sodium-calcium exchanger NCX_Mj soaked with 10 mM Na+ and 10mM Sr2+	2.971E+00	0.020	18	37	420	489	3	293	297	416	0.785	0.980
LOKIASV2_2712_ESMFold_hypothetical_protein	7a26-assembly7.cif.gz_HHH	7a26-assembly7.cif.gz_HHH Structure of soluble SmhA crystal form 1 of the tripartite alpha-pore forming toxin, Smh, from Serratia marcescens.	3.680E+00	0.020	18	52	451	489	2	341	347	427	0.818	0.980
LOKIASV2_2712_ESMFold_hypothetical_protein	7a26-assembly3.cif.gz_CCC	7a26-assembly3.cif.gz_CCC Structure of soluble SmhA crystal form 1 of the tripartite alpha-pore forming toxin, Smh, from Serratia marcescens.	2.847E+00	0.020	18	55	462	489	5	337	348	426	0.834	0.957
LOKIASV2_2712_ESMFold_hypothetical_protein	6kki-assembly1.cif.gz_A	6kki-assembly1.cif.gz_A Crystal structure of Drug:Proton Antiporter-1 (DHA1) Family SotB, in the inward-occluded conformation	4.758E+00	0.020	18	69	482	489	2	358	366	473	0.847	0.975
LOKIASV2_2712_ESMFold_hypothetical_protein	7awp-assembly1.cif.gz_A	7awp-assembly1.cif.gz_A Structure of the thermostabilized EAAT1 cryst-II mutant in complex with rubidium and barium ions and the allosteric inhibitor UCPH101	1.703E+00	0.020	18	39	398	489	8	384	386	440	0.736	0.977
LOKIASV2_2712_ESMFold_hypothetical_protein	4zow-assembly1.cif.gz_A	4zow-assembly1.cif.gz_A Crystal structure of E. coli multidrug transporter MdfA in complex with chloramphenicol	2.298E+00	0.020	18	70	483	489	5	390	391	478	0.847	0.987
LOKIASV2_2712_ESMFold_hypothetical_protein	7awm-assembly1.cif.gz_A	7awm-assembly1.cif.gz_A Structure of the thermostabilized EAAT1 cryst mutant in complex with L-ASP, three sodium ions and the allosteric inhibitor UCPH101	1.778E+00	0.020	18	8	399	489	2	410	412	499	0.802	0.993
LOKIASV2_2712_ESMFold_hypothetical_protein	7ngh-assembly1.cif.gz_C	7ngh-assembly1.cif.gz_C Structure of glutamate transporter homologue in complex with Sybody	3.680E+00	0.020	18	70	447	489	10	402	415	484	0.773	0.947
LOKIASV2_2712_ESMFold_hypothetical_protein	6z71-assembly1.cif.gz_A	6z71-assembly1.cif.gz_A Structure of the MATE family multidrug resistance transporter Aq_128 from Aquifex aeolicus in the outward-facing state	2.021E+00	0.020	18	55	486	489	5	411	419	506	0.883	0.971
LOKIASV2_2712_ESMFold_hypothetical_protein	2ht4-assembly1.cif.gz_B	2ht4-assembly1.cif.gz_B Structure of the Escherichia coli ClC chloride channel Y445W mutant and Fab complex	2.110E+00	0.020	18	5	439	489	2	437	441	527	0.890	0.989
LOKIASV2_2712_ESMFold_hypothetical_protein	8bb6-assembly2.cif.gz_B	8bb6-assembly2.cif.gz_B Crystal structure of Arabidopsis thaliana sucrose transporter SUC1	3.378E+00	0.020	18	69	486	489	8	472	476	557	0.855	0.977
LOKIASV2_2712_ESMFold_hypothetical_protein	6h7d-assembly1.cif.gz_A	6h7d-assembly1.cif.gz_A Crystal Structure of A. thaliana Sugar Transport Protein 10 in complex with glucose in the outward occluded state	2.613E+00	0.020	18	73	488	489	4	445	487	537	0.851	0.908
LOKIASV2_2712_ESMFold_hypothetical_protein	7cq6-assembly1.cif.gz_C	7cq6-assembly1.cif.gz_C Structure of the human CLCN7-OSTM1 complex	1.563E+00	0.020	18	71	488	489	30	500	647	550	0.855	0.728
LOKIASV2_2712_ESMFold_hypothetical_protein	7p02-assembly1.cif.gz_R	7p02-assembly1.cif.gz_R Human Neurokinin 1 receptor (NK1R) substance P Gs complex	7.620E+00	0.016	17	103	449	489	4	283	287	380	0.710	0.976
LOKIASV2_2712_ESMFold_hypothetical_protein	5i20-assembly5.cif.gz_E	5i20-assembly5.cif.gz_E Crystal structure of protein	4.368E+00	0.016	17	70	479	489	5	276	291	426	0.838	0.935
LOKIASV2_2712_ESMFold_hypothetical_protein	5jdm-assembly1.cif.gz_A	5jdm-assembly1.cif.gz_A Structural mechanisms of extracellular ion exchange and induced binding-site occlusion in the sodium-calcium exchanger NCX_Mj soaked with 2.5 mM Na+ and 0.1mM Sr2+	2.971E+00	0.016	17	36	420	489	13	291	294	407	0.787	0.949
LOKIASV2_2712_ESMFold_hypothetical_protein	6lep-assembly1.cif.gz_A	6lep-assembly1.cif.gz_A Crystal structure of thiosulfate transporter YeeE inactive mutant - C91A	4.009E+00	0.016	17	74	457	489	2	317	318	427	0.785	0.994
LOKIASV2_2712_ESMFold_hypothetical_protein	1l7v-assembly1.cif.gz_B	1l7v-assembly1.cif.gz_B Bacterial ABC Transporter Involved in B12 Uptake	4.559E+00	0.016	17	33	419	489	10	320	324	421	0.791	0.960
LOKIASV2_2712_ESMFold_hypothetical_protein	6kkk-assembly3.cif.gz_C	6kkk-assembly3.cif.gz_C Crystal structure of Drug:Proton Antiporter-1 (DHA1) Family SotB, in the inward open conformation (H115A mutant)	2.504E+00	0.016	17	73	481	489	3	371	381	494	0.836	0.969
LOKIASV2_2712_ESMFold_hypothetical_protein	6lyy-assembly1.cif.gz_A	6lyy-assembly1.cif.gz_A Cryo-EM structure of the human MCT1/Basigin-2 complex in the presence of anti-cancer drug candidate AZD3965 in the outward-open conformation.	3.526E+00	0.016	17	36	488	489	7	376	382	512	0.926	0.969
LOKIASV2_2712_ESMFold_hypothetical_protein	6uwl-assembly1.cif.gz_A	6uwl-assembly1.cif.gz_A GltPh in complex with L-aspartate and sodium ions in intermediate outward-facing state	3.526E+00	0.016	17	70	439	489	12	398	401	472	0.757	0.965
LOKIASV2_2712_ESMFold_hypothetical_protein	7xpz-assembly1.cif.gz_A	7xpz-assembly1.cif.gz_A Structure of Apo-hSLC19A1	3.101E+00	0.016	17	37	450	489	12	400	402	517	0.847	0.968
LOKIASV2_2712_ESMFold_hypothetical_protein	5xar-assembly1.cif.gz_B	5xar-assembly1.cif.gz_B Structural insights into the elevator-like mechanism of the sodium/citrate symporter CitS	2.298E+00	0.016	17	32	420	489	97	407	409	428	0.796	0.760
LOKIASV2_2712_ESMFold_hypothetical_protein	3v8g-assembly2.cif.gz_D	3v8g-assembly2.cif.gz_D Crystal structure of an asymmetric trimer of a glutamate transporter homologue (GltPh)	2.613E+00	0.016	17	70	462	489	7	404	411	488	0.804	0.968
LOKIASV2_2712_ESMFold_hypothetical_protein	5x9r-assembly1.cif.gz_A	5x9r-assembly1.cif.gz_A Structural insights into the elevator-like mechanism of the sodium/citrate symporter CitS	2.613E+00	0.016	17	32	418	489	92	413	416	435	0.791	0.774
LOKIASV2_2712_ESMFold_hypothetical_protein	5a1s-assembly2.cif.gz_A	5a1s-assembly2.cif.gz_A Crystal structure of the sodium-dependent citrate symporter SeCitS form Salmonella enterica.	5.183E+00	0.016	17	54	423	489	71	432	433	429	0.757	0.836
LOKIASV2_2712_ESMFold_hypothetical_protein	3w4t-assembly1.cif.gz_A	3w4t-assembly1.cif.gz_A Crystal structure of MATE P26A mutant	2.021E+00	0.016	17	69	489	489	5	446	446	539	0.861	0.991
LOKIASV2_2712_ESMFold_hypothetical_protein	7b4m-assembly1.cif.gz_A	7b4m-assembly1.cif.gz_A CryoEM structure of the human sodium proton exchanger NHA2 in nanodisc	2.202E+00	0.016	17	28	433	489	17	451	459	525	0.830	0.948
LOKIASV2_2712_ESMFold_hypothetical_protein	4tpg-assembly2.cif.gz_B	4tpg-assembly2.cif.gz_B Selectivity mechanism of a bacterial homologue of the human drug peptide transporters PepT1 and PepT2	2.847E+00	0.016	17	36	488	489	4	447	459	546	0.926	0.967
LOKIASV2_2712_ESMFold_hypothetical_protein	4gby-assembly1.cif.gz_A	4gby-assembly1.cif.gz_A The structure of the MFS (major facilitator superfamily) proton:xylose symporter XylE bound to D-xylose	4.368E+00	0.016	17	36	483	489	11	459	475	552	0.916	0.945
LOKIASV2_2712_ESMFold_hypothetical_protein	7y58-assembly1.cif.gz_A	7y58-assembly1.cif.gz_A CryoEM structure of QacA (D411N), an antibacterial efflux transporter from Staphylococcus aureus	2.504E+00	0.016	17	21	488	489	2	495	510	605	0.957	0.969
LOKIASV2_2712_ESMFold_hypothetical_protein	5hxh-assembly2.cif.gz_B	5hxh-assembly2.cif.gz_B Structural mechanisms of extracellular ion exchange and induced binding-site occlusion in the sodium-calcium exchanger NCX_Mj soaked with zero Na+ and Ca2+	7.620E+00	0.014	16	63	420	489	3	288	291	395	0.732	0.983
LOKIASV2_2712_ESMFold_hypothetical_protein	5b58-assembly1.cif.gz_B	5b58-assembly1.cif.gz_B Inward-facing conformation of ABC heme importer BhuUV in complex with periplasmic heme binding protein BhuT from Burkholderia cenocepacia	5.647E+00	0.014	16	34	400	489	13	323	331	402	0.751	0.940
LOKIASV2_2712_ESMFold_hypothetical_protein	7egl-assembly1.cif.gz_A	7egl-assembly1.cif.gz_A Bicarbonate transporter complex SbtA-SbtB bound to HCO3-	5.894E+00	0.014	16	47	427	489	5	329	335	423	0.779	0.970
LOKIASV2_2712_ESMFold_hypothetical_protein	2nrj-assembly1.cif.gz_A	2nrj-assembly1.cif.gz_A Crystal Structure of Hemolysin binding component from Bacillus cereus	6.152E+00	0.014	16	44	433	489	4	332	338	420	0.798	0.973
LOKIASV2_2712_ESMFold_hypothetical_protein	4k1c-assembly1.cif.gz_A	4k1c-assembly1.cif.gz_A VCX1 Calcium/Proton Exchanger	4.966E+00	0.014	16	38	479	489	57	369	374	462	0.904	0.837
LOKIASV2_2712_ESMFold_hypothetical_protein	6oom-assembly2.cif.gz_A-2	6oom-assembly2.cif.gz_A-2 PROTEIN A	2.399E+00	0.014	16	70	483	489	6	391	392	483	0.847	0.985
LOKIASV2_2712_ESMFold_hypothetical_protein	7p5c-assembly1.cif.gz_B	7p5c-assembly1.cif.gz_B Cryo-EM structure of human TTYH3 in Ca2+ and GDN	2.202E+00	0.014	16	27	425	489	29	391	392	448	0.816	0.926
LOKIASV2_2712_ESMFold_hypothetical_protein	5xar-assembly2.cif.gz_C	5xar-assembly2.cif.gz_C Structural insights into the elevator-like mechanism of the sodium/citrate symporter CitS	3.841E+00	0.014	16	32	420	489	95	411	413	437	0.796	0.768
LOKIASV2_2712_ESMFold_hypothetical_protein	5a1s-assembly1.cif.gz_C	5a1s-assembly1.cif.gz_C Crystal structure of the sodium-dependent citrate symporter SeCitS form Salmonella enterica.	2.613E+00	0.014	16	32	418	489	100	425	428	440	0.791	0.762
LOKIASV2_2712_ESMFold_hypothetical_protein	4r0c-assembly1.cif.gz_B	4r0c-assembly1.cif.gz_B Crystal structure of the Alcanivorax borkumensis YdaH transporter reveals an unusual topology	2.021E+00	0.014	16	68	486	489	3	456	468	507	0.857	0.970
LOKIASV2_2712_ESMFold_hypothetical_protein	6wu1-assembly1.cif.gz_A	6wu1-assembly1.cif.gz_A Structure of apo LaINDY	2.971E+00	0.014	16	21	486	489	76	475	489	520	0.953	0.818
LOKIASV2_2712_ESMFold_hypothetical_protein	7wag-assembly1.cif.gz_A	7wag-assembly1.cif.gz_A Crystal structure of MurJ squeezed form	3.101E+00	0.014	16	31	489	489	9	500	522	596	0.939	0.943
LOKIASV2_2712_ESMFold_hypothetical_protein	4x0j-assembly1.cif.gz_A	4x0j-assembly1.cif.gz_A Trypanosoma brucei haptoglobin-haemoglobin receptor	7.301E+00	0.011	15	68	417	489	7	253	261	355	0.716	0.946
LOKIASV2_2712_ESMFold_hypothetical_protein	8ght-assembly1.cif.gz_B	8ght-assembly1.cif.gz_B Cryo-electron microscopy structure of the zinc transporter from Bordetella bronchiseptica	6.421E+00	0.011	15	60	483	489	9	300	304	433	0.867	0.961
LOKIASV2_2712_ESMFold_hypothetical_protein	6leo-assembly1.cif.gz_A	6leo-assembly1.cif.gz_A Crystal structure of thiosulfate transporter YeeE from Spirochaeta thermophila	4.966E+00	0.011	15	74	457	489	2	327	328	423	0.785	0.994
LOKIASV2_2712_ESMFold_hypothetical_protein	6zgu-assembly2.cif.gz_B	6zgu-assembly2.cif.gz_B Crystal structure of a MFS transporter with bound 3-(2-methylphenyl)propanoic acid at 2.41 Angstroem resolution	4.368E+00	0.011	15	36	422	489	3	359	364	460	0.791	0.981
LOKIASV2_2712_ESMFold_hypothetical_protein	6euq-assembly1.cif.gz_A	6euq-assembly1.cif.gz_A MdfA(Q131R/L339E)	3.526E+00	0.011	15	73	483	489	3	385	386	476	0.840	0.992
LOKIASV2_2712_ESMFold_hypothetical_protein	2y5y-assembly1.cif.gz_A	2y5y-assembly1.cif.gz_A Crystal structure of LacY in complex with an affinity inactivator	4.559E+00	0.011	15	70	485	489	5	382	386	496	0.851	0.979
LOKIASV2_2712_ESMFold_hypothetical_protein	7dla-assembly1.cif.gz_A	7dla-assembly1.cif.gz_A Crystal structure of nucleoside transporter NupG (D323A mutant)	3.101E+00	0.011	15	45	426	489	2	401	402	487	0.781	0.995
LOKIASV2_2712_ESMFold_hypothetical_protein	8cua-assembly1.cif.gz_A	8cua-assembly1.cif.gz_A Human excitatory amino acid transporter 3 (EAAT3) with bound potassium in an intermediate outward facing state	3.526E+00	0.011	15	31	403	489	1	412	416	482	0.763	0.990
LOKIASV2_2712_ESMFold_hypothetical_protein	4ja4-assembly3.cif.gz_C	4ja4-assembly3.cif.gz_C Inward open conformation of the xylose transporter XylE from E. coli	5.647E+00	0.011	15	33	482	489	4	416	436	537	0.920	0.947
LOKIASV2_2712_ESMFold_hypothetical_protein	4tpj-assembly1.cif.gz_A	4tpj-assembly1.cif.gz_A Selectivity mechanism of a bacterial homologue of the human drug peptide transporters PepT1 and PepT2	7.620E+00	0.011	15	33	488	489	4	433	445	539	0.933	0.966
LOKIASV2_2712_ESMFold_hypothetical_protein	6yog-assembly1.cif.gz_A	6yog-assembly1.cif.gz_A Structure of PepTSt from COC IMISX setup collected by still serial crystallography on crystals prelocated by 2D X-ray phase-contrast imaging	7.301E+00	0.011	15	37	488	489	12	440	448	539	0.924	0.958
LOKIASV2_2712_ESMFold_hypothetical_protein	4lep-assembly3.cif.gz_B	4lep-assembly3.cif.gz_B Structural insights into substrate recognition in proton dependent oligopeptide transporters	6.995E+00	0.011	15	33	485	489	2	445	452	556	0.926	0.982
LOKIASV2_2712_ESMFold_hypothetical_protein	7jm6-assembly1.cif.gz_B	7jm6-assembly1.cif.gz_B Structure of chicken CLC-7	5.410E+00	0.011	15	114	486	489	42	480	667	489	0.763	0.658
LOKIASV2_2712_ESMFold_hypothetical_protein	7cq7-assembly1.cif.gz_C	7cq7-assembly1.cif.gz_C Structure of the human CLCN7-OSTM1 complex with ADP	2.399E+00	0.011	15	71	488	489	29	499	676	561	0.855	0.697
LOKIASV2_2712_ESMFold_hypothetical_protein	4av3-assembly1.cif.gz_B	4av3-assembly1.cif.gz_B Crystal structure of Thermotoga Maritima sodium pumping membrane integral pyrophosphatase with metal ions in active site	4.009E+00	0.011	15	25	476	489	27	669	707	681	0.924	0.909
LOKIASV2_2712_ESMFold_hypothetical_protein	6s59-assembly1.cif.gz_A	6s59-assembly1.cif.gz_A Structure of ovine transhydrogenase in the apo state	3.680E+00	0.011	15	33	379	489	452	826	1033	443	0.710	0.363
LOKIASV2_2712_ESMFold_hypothetical_protein	4k1c-assembly2.cif.gz_B	4k1c-assembly2.cif.gz_B VCX1 Calcium/Proton Exchanger	4.185E+00	0.010	14	35	488	489	44	361	371	489	0.928	0.857
LOKIASV2_2712_ESMFold_hypothetical_protein	6t1z-assembly1.cif.gz_A	6t1z-assembly1.cif.gz_A LmrP from L. lactis, in an outward-open conformation, bound to Hoechst 33342	6.152E+00	0.010	14	77	482	489	10	385	393	487	0.830	0.957
LOKIASV2_2712_ESMFold_hypothetical_protein	7p5m-assembly1.cif.gz_B	7p5m-assembly1.cif.gz_B Cryo-EM structure of human TTYH2 in lipid nanodiscs	5.183E+00	0.010	14	30	464	489	31	394	394	468	0.890	0.924
LOKIASV2_2712_ESMFold_hypothetical_protein	6wyj-assembly1.cif.gz_A	6wyj-assembly1.cif.gz_A Cryo-EM structure of the GltPh L152C-G321C mutant in the intermediate state	4.559E+00	0.010	14	39	453	489	7	393	397	488	0.849	0.975
LOKIASV2_2712_ESMFold_hypothetical_protein	5l2a-assembly1.cif.gz_C	5l2a-assembly1.cif.gz_C Structure of CNTnw N149S,F366A in an outward-facing state	3.237E+00	0.010	14	76	436	489	4	402	406	472	0.738	0.983
LOKIASV2_2712_ESMFold_hypothetical_protein	5xas-assembly1.cif.gz_B	5xas-assembly1.cif.gz_B Structural insights into the elevator-like mechanism of the sodium/citrate symporter CitS	4.966E+00	0.010	14	32	420	489	97	405	407	420	0.796	0.759
LOKIASV2_2712_ESMFold_hypothetical_protein	3o7q-assembly1.cif.gz_A	3o7q-assembly1.cif.gz_A Crystal structure of a Major Facilitator Superfamily (MFS) transporter, FucP, in the outward conformation	4.009E+00	0.010	14	60	455	489	2	410	414	511	0.810	0.988
LOKIASV2_2712_ESMFold_hypothetical_protein	6x3e-assembly1.cif.gz_A	6x3e-assembly1.cif.gz_A hEAAT3-Asymmetric-1o2i	5.647E+00	0.010	14	39	399	489	5	417	419	484	0.738	0.986
LOKIASV2_2712_ESMFold_hypothetical_protein	5a1s-assembly2.cif.gz_B	5a1s-assembly2.cif.gz_B Crystal structure of the sodium-dependent citrate symporter SeCitS form Salmonella enterica.	5.410E+00	0.010	14	33	439	489	99	425	426	459	0.832	0.768
LOKIASV2_2712_ESMFold_hypothetical_protein	6okz-assembly2.cif.gz_A	6okz-assembly2.cif.gz_A Structure of VcINDY bound to Fumarate	3.526E+00	0.010	14	74	484	489	3	429	432	503	0.840	0.988
LOKIASV2_2712_ESMFold_hypothetical_protein	5oxk-assembly1.cif.gz_A	5oxk-assembly1.cif.gz_A PepTSt in complex with dipeptide Ala-Gln	9.043E+00	0.010	14	76	484	489	8	435	437	525	0.836	0.979
LOKIASV2_2712_ESMFold_hypothetical_protein	4ja4-assembly2.cif.gz_B	4ja4-assembly2.cif.gz_B Inward open conformation of the xylose transporter XylE from E. coli	7.620E+00	0.010	14	33	481	489	4	418	439	536	0.918	0.945
LOKIASV2_2712_ESMFold_hypothetical_protein	5xjj-assembly1.cif.gz_A	5xjj-assembly1.cif.gz_A Crystal structure of a MATE family protein	3.680E+00	0.010	14	37	438	489	12	447	448	530	0.822	0.973
LOKIASV2_2712_ESMFold_hypothetical_protein	6hfb-assembly3.cif.gz_C	6hfb-assembly3.cif.gz_C Outward-facing conformation of a multidrug resistance MATE family transporter of the MOP superfamily.	6.152E+00	0.010	14	26	432	489	1	448	451	530	0.832	0.993
LOKIASV2_2712_ESMFold_hypothetical_protein	7ac6-assembly1.cif.gz_A	7ac6-assembly1.cif.gz_A Structure of sponge-phase grown PepTst2 collected by rotation serial crystallography on a COC membrane at a synchrotron source	6.701E+00	0.010	14	24	430	489	1	451	453	523	0.832	0.996
LOKIASV2_2712_ESMFold_hypothetical_protein	6yof-assembly1.cif.gz_A	6yof-assembly1.cif.gz_A Structure of PepTSt from COC IMISX setup collected by rotation serial crystallography on crystals prelocated by 2D X-ray phase-contrast imaging	9.851E+00	0.010	14	37	488	489	12	450	460	542	0.924	0.954
LOKIASV2_2712_ESMFold_hypothetical_protein	7wsn-assembly1.cif.gz_A	7wsn-assembly1.cif.gz_A Cryo-EM structure of human glucose transporter GLUT4 bound to cytochalasin B in detergent micelles	4.368E+00	0.010	14	36	433	489	9	460	463	541	0.814	0.976
LOKIASV2_2712_ESMFold_hypothetical_protein	6e8j-assembly1.cif.gz_A	6e8j-assembly1.cif.gz_A Crystal Structure of A Bacterial Homolog to Human Lysosomal Transporter, Spinster, in Inward-facing And Occupied Conformation	2.971E+00	0.010	14	59	442	489	12	453	465	507	0.785	0.951
LOKIASV2_2712_ESMFold_hypothetical_protein	6eba-assembly1.cif.gz_A	6eba-assembly1.cif.gz_A Crystal Structure of A Bacterial Homolog to Human Lysosomal Transporter, Spinster, in Inward-facing And Unoccupied Conformation	6.152E+00	0.010	14	57	487	489	4	472	479	549	0.881	0.979
LOKIASV2_2712_ESMFold_hypothetical_protein	6ei3-assembly1.cif.gz_A	6ei3-assembly1.cif.gz_A Crystal structure of auto inhibited POT family peptide transporter	3.841E+00	0.010	14	34	485	489	2	493	511	574	0.924	0.963
LOKIASV2_2712_ESMFold_hypothetical_protein	7lb8-assembly1.cif.gz_B	7lb8-assembly1.cif.gz_B Structure of a ferrichrome importer FhuCDB from E. coli	7.953E+00	0.010	14	62	395	489	49	296	630	352	0.683	0.394
LOKIASV2_2712_ESMFold_hypothetical_protein	5k3i-assembly2.cif.gz_D	5k3i-assembly2.cif.gz_D Crystal structure of Acyl-CoA oxidase-1 in Caenorhabditis elegans complexed with FAD and ATP	6.152E+00	0.010	14	117	483	489	288	591	653	407	0.751	0.466
LOKIASV2_2712_ESMFold_hypothetical_protein	4av6-assembly1.cif.gz_A	4av6-assembly1.cif.gz_A Crystal structure of Thermotoga maritima sodium pumping membrane integral pyrophosphatase at 4 A in complex with phosphate and magnesium	3.237E+00	0.010	14	39	446	489	162	649	655	572	0.834	0.745
LOKIASV2_2712_ESMFold_hypothetical_protein	7rtu-assembly1.cif.gz_B	7rtu-assembly1.cif.gz_B Cryo-EM structure of a TTYH2 trans-dimer	7.620E+00	0.009	13	34	452	489	2	355	359	458	0.857	0.986
LOKIASV2_2712_ESMFold_hypothetical_protein	8f7n-assembly1.cif.gz_A-2	8f7n-assembly1.cif.gz_A-2 Crystal structure of chemoreceptor McpZ ligand sensing domain	6.995E+00	0.009	13	61	462	489	77	357	364	409	0.822	0.772
LOKIASV2_2712_ESMFold_hypothetical_protein	7rtw-assembly1.cif.gz_A	7rtw-assembly1.cif.gz_A Cryo-EM structure of a TTYH3 cis-dimer	8.664E+00	0.009	13	27	439	489	27	384	388	467	0.845	0.923
LOKIASV2_2712_ESMFold_hypothetical_protein	7awq-assembly1.cif.gz_A	7awq-assembly1.cif.gz_A Structure of the thermostabilized EAAT1 cryst-E386Q mutant in complex with L-ASP, sodium ions and the allosteric inhibitor UCPH101	6.421E+00	0.009	13	29	402	489	8	401	404	477	0.765	0.975
LOKIASV2_2712_ESMFold_hypothetical_protein	5xat-assembly1.cif.gz_D	5xat-assembly1.cif.gz_D Structural insights into the elevator-like mechanism of the sodium/citrate symporter CitS	6.701E+00	0.009	13	33	420	489	93	404	406	430	0.793	0.768
LOKIASV2_2712_ESMFold_hypothetical_protein	5xar-assembly2.cif.gz_D	5xar-assembly2.cif.gz_D Structural insights into the elevator-like mechanism of the sodium/citrate symporter CitS	7.620E+00	0.009	13	32	436	489	100	408	411	439	0.828	0.752
LOKIASV2_2712_ESMFold_hypothetical_protein	8ex4-assembly1.cif.gz_A	8ex4-assembly1.cif.gz_A Human S1P transporter Spns2 in an inward-facing open conformation (state 1)	6.421E+00	0.009	13	33	399	489	4	416	417	488	0.751	0.990
LOKIASV2_2712_ESMFold_hypothetical_protein	5xar-assembly1.cif.gz_A	5xar-assembly1.cif.gz_A Structural insights into the elevator-like mechanism of the sodium/citrate symporter CitS	6.421E+00	0.009	13	32	420	489	93	415	417	443	0.796	0.775
LOKIASV2_2712_ESMFold_hypothetical_protein	6rvx-assembly1.cif.gz_A	6rvx-assembly1.cif.gz_A Inward-open structure of the ASCT2 (SLC1A5) mutant C467R in presence of TBOA	5.183E+00	0.009	13	30	384	489	5	426	430	507	0.726	0.981
LOKIASV2_2712_ESMFold_hypothetical_protein	5ir6-assembly1.cif.gz_A	5ir6-assembly1.cif.gz_A The structure of bd oxidase from Geobacillus thermodenitrificans	8.664E+00	0.009	13	53	432	489	2	427	432	486	0.777	0.986
LOKIASV2_2712_ESMFold_hypothetical_protein	6hfb-assembly4.cif.gz_D	6hfb-assembly4.cif.gz_D Outward-facing conformation of a multidrug resistance MATE family transporter of the MOP superfamily.	7.301E+00	0.009	13	52	489	489	3	437	451	535	0.896	0.965
LOKIASV2_2712_ESMFold_hypothetical_protein	6jkc-assembly1.cif.gz_A	6jkc-assembly1.cif.gz_A Crystal structure of tetrameric PepTSo2 in P4212 space group	6.701E+00	0.009	13	41	457	489	2	455	462	559	0.853	0.983
LOKIASV2_2712_ESMFold_hypothetical_protein	4r0c-assembly1.cif.gz_D	4r0c-assembly1.cif.gz_D Crystal structure of the Alcanivorax borkumensis YdaH transporter reveals an unusual topology	6.421E+00	0.009	13	68	488	489	12	469	483	517	0.861	0.948
LOKIASV2_2712_ESMFold_hypothetical_protein	7aar-assembly1.cif.gz_A	7aar-assembly1.cif.gz_A sugar/H+ symporter STP10 in inward open conformation	4.966E+00	0.009	13	36	416	489	11	453	485	523	0.779	0.913
LOKIASV2_2712_ESMFold_hypothetical_protein	6khj-assembly1.cif.gz_B	6khj-assembly1.cif.gz_B Supercomplex for electron transfer	5.647E+00	0.009	13	52	486	489	4	421	488	528	0.890	0.857
LOKIASV2_2712_ESMFold_hypothetical_protein	4z3p-assembly1.cif.gz_A	4z3p-assembly1.cif.gz_A MATE transporter ClbM in complex with Rb+	9.851E+00	0.008	12	50	488	489	5	408	431	498	0.898	0.937
LOKIASV2_2712_ESMFold_hypothetical_protein	8b1j-assembly1.cif.gz_A	8b1j-assembly1.cif.gz_A DtpB-Nb132-SL	9.043E+00	0.008	12	35	433	489	5	447	451	535	0.816	0.982
LOKIASV2_2712_ESMFold_hypothetical_protein	6gs4-assembly1.cif.gz_A	6gs4-assembly1.cif.gz_A Crystal structure of peptide transporter DtpA-nanobody in complex with valganciclovir	9.043E+00	0.008	12	29	432	489	1	466	468	531	0.826	0.996
LOKIASV2_2712_ESMFold_hypothetical_protein	5k3i-assembly1.cif.gz_B	5k3i-assembly1.cif.gz_B Crystal structure of Acyl-CoA oxidase-1 in Caenorhabditis elegans complexed with FAD and ATP	9.439E+00	0.008	12	120	483	489	288	595	657	408	0.744	0.469
LOKIASV2_2712_ESMFold_hypothetical_protein	7cq5-assembly1.cif.gz_C	7cq5-assembly1.cif.gz_C Structure of the human CLCN7-OSTM1 complex with ATP	6.152E+00	0.008	12	4	488	489	12	503	681	625	0.992	0.722
LOKIASV2_2712_ESMFold_hypothetical_protein	4uvm-assembly1.cif.gz_A	4uvm-assembly1.cif.gz_A In meso crystal structure of the POT family transporter PepTSo	9.439E+00	0.007	11	34	456	489	5	502	505	562	0.865	0.986
LOKIASV2_2712_ESMFold_hypothetical_protein	6jb3-assembly1.cif.gz_B	6jb3-assembly1.cif.gz_B Structure of SUR1 subunit bound with repaglinide	8.664E+00	0.007	11	35	485	489	75	646	671	637	0.922	0.852
LOKIASV2_2712_ESMFold_hypothetical_protein	7jm7-assembly1.cif.gz_A	7jm7-assembly1.cif.gz_A Structure of human CLC-7/OSTM1 complex	7.953E+00	0.007	11	5	418	489	18	501	683	550	0.847	0.709
LOKIASV2_2712_ESMFold_hypothetical_protein	6afx-assembly1.cif.gz_A	6afx-assembly1.cif.gz_A Proton pyrophosphatase - E225A	6.152E+00	0.007	11	36	448	489	118	739	740	670	0.845	0.841
LOKIASV2_2712_ESMFold_hypothetical_protein	8pcz-assembly1.cif.gz_B	8pcz-assembly1.cif.gz_B Ligand-free SpSLC9C1 in lipid nanodiscs, dimer	9.439E+00	0.007	11	66	488	489	3	410	1023	499	0.865	0.399
LOKIASV2_2712_ESMFold_hypothetical_protein	6afy-assembly1.cif.gz_A	6afy-assembly1.cif.gz_A Proton pyrophosphatase-E225S mutant	7.953E+00	0.000	10	44	448	489	171	739	740	619	0.828	0.769
LOKIASV2_2712_ESMFold_hypothetical_protein	MGYP001291964650.pdb.gz	MGYP001291964650.pdb.gz	5.466E-28	1.000	1406	10	486	489	6	481	491	484	0.975	0.969
LOKIASV2_2712_ESMFold_hypothetical_protein	MGYP001118306990.pdb.gz	MGYP001118306990.pdb.gz	1.299E-26	1.000	1306	13	485	489	4	474	513	478	0.967	0.918
LOKIASV2_2712_ESMFold_hypothetical_protein	MGYP003296194239.pdb.gz	MGYP003296194239.pdb.gz	3.191E-26	1.000	1294	4	487	489	2	488	494	494	0.990	0.986
LOKIASV2_2712_ESMFold_hypothetical_protein	MGYP001626242766.pdb.gz	MGYP001626242766.pdb.gz	2.713E-25	1.000	1257	12	488	489	4	479	488	483	0.975	0.975
LOKIASV2_2712_ESMFold_hypothetical_protein	MGYP003428556445.pdb.gz	MGYP003428556445.pdb.gz	2.713E-25	1.000	1247	9	479	489	2	475	477	480	0.963	0.994
LOKIASV2_2712_ESMFold_hypothetical_protein	MGYP003575511575.pdb.gz	MGYP003575511575.pdb.gz	4.941E-25	1.000	1242	9	484	489	10	488	496	485	0.973	0.966
LOKIASV2_2712_ESMFold_hypothetical_protein	MGYP001056881965.pdb.gz	MGYP001056881965.pdb.gz	5.618E-25	1.000	1236	16	488	489	22	491	495	478	0.967	0.949
LOKIASV2_2712_ESMFold_hypothetical_protein	MGYP001577679499.pdb.gz	MGYP001577679499.pdb.gz	4.345E-25	1.000	1223	11	488	489	3	481	486	492	0.978	0.986
LOKIASV2_2712_ESMFold_hypothetical_protein	MGYP001158989168.pdb.gz	MGYP001158989168.pdb.gz	7.197E-26	1.000	1223	15	486	489	9	479	490	489	0.965	0.961
LOKIASV2_2712_ESMFold_hypothetical_protein	MGYP003344236697.pdb.gz	MGYP003344236697.pdb.gz	4.777E-24	1.000	1202	14	488	489	13	484	491	481	0.971	0.961
LOKIASV2_2712_ESMFold_hypothetical_protein	MGYP003575037211.pdb.gz	MGYP003575037211.pdb.gz	3.695E-24	1.000	1202	17	487	489	23	486	493	472	0.963	0.941
LOKIASV2_2712_ESMFold_hypothetical_protein	MGYP003348301762.pdb.gz	MGYP003348301762.pdb.gz	5.204E-24	1.000	1196	19	488	489	1	463	467	475	0.961	0.991
LOKIASV2_2712_ESMFold_hypothetical_protein	MGYP001015685467.pdb.gz	MGYP001015685467.pdb.gz	1.323E-24	1.000	1195	19	488	489	3	489	496	496	0.961	0.982
LOKIASV2_2712_ESMFold_hypothetical_protein	MGYP003390038054.pdb.gz	MGYP003390038054.pdb.gz	6.176E-24	1.000	1170	19	485	489	17	507	518	496	0.955	0.948
LOKIASV2_2712_ESMFold_hypothetical_protein	MGYP000218037179.pdb.gz	MGYP000218037179.pdb.gz	3.113E-24	1.000	1159	20	483	489	3	474	487	480	0.949	0.969
LOKIASV2_2712_ESMFold_hypothetical_protein	MGYP001404121023.pdb.gz	MGYP001404121023.pdb.gz	1.335E-23	1.000	1159	19	487	489	25	487	497	471	0.959	0.932
LOKIASV2_2712_ESMFold_hypothetical_protein	MGYP001025889734.pdb.gz	MGYP001025889734.pdb.gz	7.985E-24	1.000	1133	18	488	489	7	475	483	482	0.963	0.971
LOKIASV2_2712_ESMFold_hypothetical_protein	MGYP001151853847.pdb.gz	MGYP001151853847.pdb.gz	6.505E-23	1.000	1128	16	488	489	12	485	491	484	0.967	0.965
LOKIASV2_2712_ESMFold_hypothetical_protein	MGYP000097264837.pdb.gz	MGYP000097264837.pdb.gz	1.393E-23	1.000	1110	19	483	489	24	520	538	503	0.951	0.924
LOKIASV2_2712_ESMFold_hypothetical_protein	MGYP000715703656.pdb.gz	MGYP000715703656.pdb.gz	3.763E-22	1.000	1083	22	484	489	34	499	514	471	0.947	0.907
LOKIASV2_2712_ESMFold_hypothetical_protein	MGYP000577110043.pdb.gz	MGYP000577110043.pdb.gz	1.347E-22	1.000	1076	16	483	489	24	493	509	482	0.957	0.923
LOKIASV2_2712_ESMFold_hypothetical_protein	MGYP001487247973.pdb.gz	MGYP001487247973.pdb.gz	3.763E-22	1.000	1059	14	488	489	24	539	550	526	0.971	0.938
LOKIASV2_2712_ESMFold_hypothetical_protein	MGYP001036743106.pdb.gz	MGYP001036743106.pdb.gz	2.789E-22	1.000	1043	3	488	489	11	479	483	495	0.994	0.971
LOKIASV2_2712_ESMFold_hypothetical_protein	MGYP003576133247.pdb.gz	MGYP003576133247.pdb.gz	1.248E-21	1.000	1024	20	488	489	9	478	484	481	0.959	0.971
LOKIASV2_2712_ESMFold_hypothetical_protein	MGYP002639001370.pdb.gz	MGYP002639001370.pdb.gz	6.081E-21	1.000	1006	19	488	489	40	639	646	608	0.961	0.929
LOKIASV2_2712_ESMFold_hypothetical_protein	MGYP001001554918.pdb.gz	MGYP001001554918.pdb.gz	9.739E-21	1.000	1002	19	488	489	18	469	473	477	0.961	0.956
LOKIASV2_2712_ESMFold_hypothetical_protein	MGYP001228432112.pdb.gz	MGYP001228432112.pdb.gz	1.773E-20	1.000	986	17	488	489	6	459	465	480	0.965	0.976
LOKIASV2_2712_ESMFold_hypothetical_protein	MGYP001566710354.pdb.gz	MGYP001566710354.pdb.gz	2.721E-20	1.000	960	20	488	489	4	465	472	489	0.959	0.979
LOKIASV2_2712_ESMFold_hypothetical_protein	MGYP001032845160.pdb.gz	MGYP001032845160.pdb.gz	4.954E-20	1.000	949	20	487	489	9	457	465	473	0.957	0.966
LOKIASV2_2712_ESMFold_hypothetical_protein	MGYP001156231343.pdb.gz	MGYP001156231343.pdb.gz	1.384E-19	1.000	946	14	488	489	27	657	659	643	0.971	0.958
LOKIASV2_2712_ESMFold_hypothetical_protein	MGYP004270876529.pdb.gz	MGYP004270876529.pdb.gz	7.934E-20	1.000	941	13	488	489	13	664	668	669	0.973	0.976
LOKIASV2_2712_ESMFold_hypothetical_protein	MGYP000574163831.pdb.gz	MGYP000574163831.pdb.gz	1.166E-19	1.000	939	14	488	489	24	478	490	481	0.971	0.929
LOKIASV2_2712_ESMFold_hypothetical_protein	MGYP001619741296.pdb.gz	MGYP001619741296.pdb.gz	5.880E-20	1.000	938	19	488	489	9	463	470	483	0.961	0.968
LOKIASV2_2712_ESMFold_hypothetical_protein	MGYP001572976606.pdb.gz	MGYP001572976606.pdb.gz	1.166E-19	1.000	934	20	489	489	4	459	462	481	0.961	0.987
LOKIASV2_2712_ESMFold_hypothetical_protein	MGYP001320472961.pdb.gz	MGYP001320472961.pdb.gz	4.548E-20	1.000	931	20	487	489	3	455	459	481	0.957	0.987
LOKIASV2_2712_ESMFold_hypothetical_protein	MGYP000134792338.pdb.gz	MGYP000134792338.pdb.gz	1.868E-19	1.000	917	14	488	489	12	469	475	484	0.971	0.964
LOKIASV2_2712_ESMFold_hypothetical_protein	MGYP003332705152.pdb.gz	MGYP003332705152.pdb.gz	3.122E-19	1.000	915	12	489	489	4	463	463	491	0.978	0.994
LOKIASV2_2712_ESMFold_hypothetical_protein	MGYP001113658726.pdb.gz	MGYP001113658726.pdb.gz	1.950E-19	1.000	913	45	488	489	2	443	454	456	0.908	0.974
LOKIASV2_2712_ESMFold_hypothetical_protein	MGYP001572491686.pdb.gz	MGYP001572491686.pdb.gz	1.806E-18	1.000	896	24	488	489	2	448	457	474	0.951	0.978
LOKIASV2_2712_ESMFold_hypothetical_protein	MGYP001090431005.pdb.gz	MGYP001090431005.pdb.gz	4.036E-19	1.000	877	20	485	489	16	472	483	484	0.953	0.946
LOKIASV2_2712_ESMFold_hypothetical_protein	MGYP000604469228.pdb.gz	MGYP000604469228.pdb.gz	3.582E-18	1.000	864	20	487	489	57	510	575	476	0.957	0.790
LOKIASV2_2712_ESMFold_hypothetical_protein	MGYP000960612408.pdb.gz	MGYP000960612408.pdb.gz	1.885E-18	1.000	862	17	463	489	29	456	459	454	0.914	0.932
LOKIASV2_2712_ESMFold_hypothetical_protein	MGYP001174964199.pdb.gz	MGYP001174964199.pdb.gz	2.544E-18	1.000	855	20	489	489	29	516	516	508	0.961	0.946
LOKIASV2_2712_ESMFold_hypothetical_protein	MGYP000647881088.pdb.gz	MGYP000647881088.pdb.gz	1.294E-17	1.000	839	41	488	489	1	442	453	465	0.916	0.976
LOKIASV2_2712_ESMFold_hypothetical_protein	MGYP001155956217.pdb.gz	MGYP001155956217.pdb.gz	1.658E-18	1.000	838	19	488	489	23	473	485	482	0.961	0.930
LOKIASV2_2712_ESMFold_hypothetical_protein	MGYP003581268034.pdb.gz	MGYP003581268034.pdb.gz	1.588E-18	1.000	825	13	488	489	3	473	479	495	0.973	0.983
LOKIASV2_2712_ESMFold_hypothetical_protein	MGYP001426100022.pdb.gz	MGYP001426100022.pdb.gz	2.679E-17	1.000	804	20	489	489	6	468	468	497	0.961	0.989
LOKIASV2_2712_ESMFold_hypothetical_protein	MGYP000558733724.pdb.gz	MGYP000558733724.pdb.gz	4.251E-18	1.000	797	12	488	489	8	483	493	499	0.975	0.966
LOKIASV2_2712_ESMFold_hypothetical_protein	MGYP000207784138.pdb.gz	MGYP000207784138.pdb.gz	5.737E-18	1.000	794	14	487	489	10	481	486	496	0.969	0.971
LOKIASV2_2712_ESMFold_hypothetical_protein	MGYP001591464197.pdb.gz	MGYP001591464197.pdb.gz	1.673E-17	1.000	789	5	488	489	9	466	475	495	0.990	0.964
LOKIASV2_2712_ESMFold_hypothetical_protein	MGYP000374447595.pdb.gz	MGYP000374447595.pdb.gz	3.318E-17	1.000	782	19	487	489	11	474	481	486	0.959	0.965
LOKIASV2_2712_ESMFold_hypothetical_protein	MGYP000253424756.pdb.gz	MGYP000253424756.pdb.gz	2.356E-17	1.000	780	20	484	489	22	473	487	486	0.951	0.928
LOKIASV2_2712_ESMFold_hypothetical_protein	MGYP003287363195.pdb.gz	MGYP003287363195.pdb.gz	5.138E-16	1.000	772	4	488	489	16	491	499	504	0.992	0.954
LOKIASV2_2712_ESMFold_hypothetical_protein	MGYP000863869066.pdb.gz	MGYP000863869066.pdb.gz	9.765E-16	1.000	727	20	489	489	2	447	447	482	0.961	0.998
LOKIASV2_2712_ESMFold_hypothetical_protein	MGYP000515862363.pdb.gz	MGYP000515862363.pdb.gz	4.717E-16	1.000	725	14	486	489	9	484	498	493	0.967	0.956
LOKIASV2_2712_ESMFold_hypothetical_protein	MGYP000442140275.pdb.gz	MGYP000442140275.pdb.gz	2.614E-15	1.000	669	12	487	489	10	494	500	510	0.973	0.970
LOKIASV2_2712_ESMFold_hypothetical_protein	MGYP000349244023.pdb.gz	MGYP000349244023.pdb.gz	6.482E-14	1.000	610	6	488	489	2	437	450	497	0.988	0.969
LOKIASV2_2712_ESMFold_hypothetical_protein	MGYP000648259953.pdb.gz	MGYP000648259953.pdb.gz	3.442E-13	1.000	576	18	489	489	2	481	494	515	0.965	0.972
LOKIASV2_2712_ESMFold_hypothetical_protein	MGYP001816982123.pdb.gz	MGYP001816982123.pdb.gz	5.512E-13	1.000	572	27	488	489	1	415	423	470	0.945	0.981
LOKIASV2_2712_ESMFold_hypothetical_protein	MGYP000008673058.pdb.gz	MGYP000008673058.pdb.gz	6.704E-15	1.000	562	19	488	489	20	540	544	545	0.961	0.958
LOKIASV2_2712_ESMFold_hypothetical_protein	MGYP001601714869.pdb.gz	MGYP001601714869.pdb.gz	2.264E-12	1.000	554	20	391	489	33	413	414	395	0.761	0.920
LOKIASV2_2712_ESMFold_hypothetical_protein	MGYP000852552728.pdb.gz	MGYP000852552728.pdb.gz	8.457E-13	1.000	550	21	489	489	3	462	469	505	0.959	0.981
LOKIASV2_2712_ESMFold_hypothetical_protein	MGYP001592654527.pdb.gz	MGYP001592654527.pdb.gz	2.804E-12	1.000	549	20	487	489	5	468	469	505	0.957	0.989
LOKIASV2_2712_ESMFold_hypothetical_protein	MGYP000091365160.pdb.gz	MGYP000091365160.pdb.gz	8.907E-12	1.000	547	111	484	489	3	370	384	380	0.765	0.958
LOKIASV2_2712_ESMFold_hypothetical_protein	MGYP003663137233.pdb.gz	MGYP003663137233.pdb.gz	4.224E-14	1.000	545	20	488	489	38	512	515	528	0.959	0.922
LOKIASV2_2712_ESMFold_hypothetical_protein	MGYP000968521248.pdb.gz	MGYP000968521248.pdb.gz	5.106E-12	1.000	523	24	488	489	4	433	443	478	0.951	0.971
LOKIASV2_2712_ESMFold_hypothetical_protein	MGYP001120485434.pdb.gz	MGYP001120485434.pdb.gz	3.818E-11	1.000	518	31	488	489	2	414	417	469	0.937	0.990
LOKIASV2_2712_ESMFold_hypothetical_protein	MGYP001079357786.pdb.gz	MGYP001079357786.pdb.gz	5.329E-12	1.000	517	14	484	489	4	475	485	510	0.963	0.973
LOKIASV2_2712_ESMFold_hypothetical_protein	MGYP001032672176.pdb.gz	MGYP001032672176.pdb.gz	8.457E-13	1.000	515	14	482	489	2	484	490	522	0.959	0.986
LOKIASV2_2712_ESMFold_hypothetical_protein	MGYP003520066965.pdb.gz	MGYP003520066965.pdb.gz	4.892E-12	1.000	508	39	484	489	2	417	428	465	0.912	0.972
LOKIASV2_2712_ESMFold_hypothetical_protein	MGYP002623468435.pdb.gz	MGYP002623468435.pdb.gz	2.953E-11	1.000	506	27	488	489	1	407	411	473	0.945	0.990
LOKIASV2_2712_ESMFold_hypothetical_protein	MGYP000622022186.pdb.gz	MGYP000622022186.pdb.gz	9.792E-11	1.000	498	20	484	489	2	408	412	468	0.951	0.988
LOKIASV2_2712_ESMFold_hypothetical_protein	MGYP000991814226.pdb.gz	MGYP000991814226.pdb.gz	3.818E-11	1.000	497	24	488	489	4	433	441	478	0.951	0.975
LOKIASV2_2712_ESMFold_hypothetical_protein	MGYP001159610381.pdb.gz	MGYP001159610381.pdb.gz	1.057E-11	1.000	491	6	485	489	2	485	496	522	0.982	0.976
LOKIASV2_2712_ESMFold_hypothetical_protein	MGYP001400730825.pdb.gz	MGYP001400730825.pdb.gz	2.489E-11	1.000	486	18	487	489	6	448	452	484	0.961	0.980
LOKIASV2_2712_ESMFold_hypothetical_protein	MGYP001423719638.pdb.gz	MGYP001423719638.pdb.gz	7.834E-12	1.000	485	19	489	489	2	484	484	517	0.963	0.998
LOKIASV2_2712_ESMFold_hypothetical_protein	MGYP000877815515.pdb.gz	MGYP000877815515.pdb.gz	3.505E-11	1.000	483	20	489	489	13	491	497	511	0.961	0.964
LOKIASV2_2712_ESMFold_hypothetical_protein	MGYP000128168739.pdb.gz	MGYP000128168739.pdb.gz	1.767E-11	1.000	482	1	488	489	1	460	467	514	0.998	0.985
LOKIASV2_2712_ESMFold_hypothetical_protein	MGYP000638280594.pdb.gz	MGYP000638280594.pdb.gz	2.953E-11	1.000	475	14	488	489	8	431	434	490	0.971	0.977
LOKIASV2_2712_ESMFold_hypothetical_protein	MGYP000610232438.pdb.gz	MGYP000610232438.pdb.gz	3.784E-12	1.000	471	26	487	489	16	482	483	517	0.945	0.967
LOKIASV2_2712_ESMFold_hypothetical_protein	MGYP001208822266.pdb.gz	MGYP001208822266.pdb.gz	5.152E-11	1.000	468	21	489	489	3	480	482	507	0.959	0.992
LOKIASV2_2712_ESMFold_hypothetical_protein	MGYP001626144371.pdb.gz	MGYP001626144371.pdb.gz	2.830E-11	1.000	460	21	487	489	11	484	492	512	0.955	0.963
LOKIASV2_2712_ESMFold_hypothetical_protein	MGYP001234306414.pdb.gz	MGYP001234306414.pdb.gz	3.505E-11	1.000	454	26	484	489	12	487	502	507	0.939	0.948
LOKIASV2_2712_ESMFold_hypothetical_protein	MGYP000359488891.pdb.gz	MGYP000359488891.pdb.gz	4.198E-10	1.000	453	31	488	489	2	411	415	473	0.937	0.988
LOKIASV2_2712_ESMFold_hypothetical_protein	MGYP001605756193.pdb.gz	MGYP001605756193.pdb.gz	6.953E-11	1.000	452	20	484	489	7	442	454	485	0.951	0.960
LOKIASV2_2712_ESMFold_hypothetical_protein	MGYP000916308935.pdb.gz	MGYP000916308935.pdb.gz	6.953E-11	1.000	450	13	488	489	4	488	500	530	0.973	0.970
LOKIASV2_2712_ESMFold_hypothetical_protein	MGYP001337540867.pdb.gz	MGYP001337540867.pdb.gz	1.942E-10	1.000	445	21	488	489	5	435	442	485	0.957	0.975
LOKIASV2_2712_ESMFold_hypothetical_protein	MGYP001176856560.pdb.gz	MGYP001176856560.pdb.gz	5.858E-11	1.000	445	25	489	489	16	498	498	516	0.951	0.970
LOKIASV2_2712_ESMFold_hypothetical_protein	MGYP000651612037.pdb.gz	MGYP000651612037.pdb.gz	6.115E-11	1.000	444	13	488	489	7	484	489	526	0.973	0.978
LOKIASV2_2712_ESMFold_hypothetical_protein	MGYP001414137418.pdb.gz	MGYP001414137418.pdb.gz	1.022E-10	1.000	444	9	488	489	23	532	539	555	0.982	0.946
LOKIASV2_2712_ESMFold_hypothetical_protein	MGYP003134212946.pdb.gz	MGYP003134212946.pdb.gz	2.621E-10	1.000	443	24	488	489	10	430	434	485	0.951	0.970
LOKIASV2_2712_ESMFold_hypothetical_protein	MGYP001330186115.pdb.gz	MGYP001330186115.pdb.gz	2.209E-10	1.000	443	1	488	489	1	453	457	511	0.998	0.991
LOKIASV2_2712_ESMFold_hypothetical_protein	MGYP000731199972.pdb.gz	MGYP000731199972.pdb.gz	2.621E-10	1.000	442	26	488	489	2	404	414	471	0.947	0.973
LOKIASV2_2712_ESMFold_hypothetical_protein	MGYP003571035528.pdb.gz	MGYP003571035528.pdb.gz	4.022E-10	1.000	440	29	488	489	1	412	416	469	0.941	0.990
LOKIASV2_2712_ESMFold_hypothetical_protein	MGYP001814351869.pdb.gz	MGYP001814351869.pdb.gz	1.224E-09	1.000	437	37	489	489	2	407	407	465	0.926	0.998
LOKIASV2_2712_ESMFold_hypothetical_protein	MGYP001365273094.pdb.gz	MGYP001365273094.pdb.gz	1.861E-10	1.000	435	26	489	489	6	429	429	487	0.949	0.988
LOKIASV2_2712_ESMFold_hypothetical_protein	MGYP000316844696.pdb.gz	MGYP000316844696.pdb.gz	2.027E-10	1.000	433	32	488	489	1	408	419	468	0.935	0.974
LOKIASV2_2712_ESMFold_hypothetical_protein	MGYP000751854932.pdb.gz	MGYP000751854932.pdb.gz	8.691E-10	1.000	433	24	487	489	2	415	420	486	0.949	0.986
LOKIASV2_2712_ESMFold_hypothetical_protein	MGYP002519011770.pdb.gz	MGYP002519011770.pdb.gz	8.691E-10	1.000	432	28	489	489	9	409	413	476	0.945	0.971
LOKIASV2_2712_ESMFold_hypothetical_protein	MGYP001227781864.pdb.gz	MGYP001227781864.pdb.gz	2.116E-10	1.000	431	36	486	489	5	407	414	464	0.922	0.973
LOKIASV2_2712_ESMFold_hypothetical_protein	MGYP001459324168.pdb.gz	MGYP001459324168.pdb.gz	1.783E-10	1.000	431	28	488	489	1	424	427	495	0.943	0.993
LOKIASV2_2712_ESMFold_hypothetical_protein	MGYP000663319965.pdb.gz	MGYP000663319965.pdb.gz	7.323E-10	1.000	430	14	488	489	5	428	436	488	0.971	0.972
LOKIASV2_2712_ESMFold_hypothetical_protein	MGYP000084237389.pdb.gz	MGYP000084237389.pdb.gz	2.856E-10	1.000	429	20	487	489	16	451	475	481	0.957	0.918
LOKIASV2_2712_ESMFold_hypothetical_protein	MGYP001419563746.pdb.gz	MGYP001419563746.pdb.gz	4.531E-11	1.000	429	21	487	489	6	466	504	511	0.955	0.915
LOKIASV2_2712_ESMFold_hypothetical_protein	MGYP003123749776.pdb.gz	MGYP003123749776.pdb.gz	2.116E-10	1.000	429	13	488	489	5	505	508	555	0.973	0.986
LOKIASV2_2712_ESMFold_hypothetical_protein	MGYP001363230379.pdb.gz	MGYP001363230379.pdb.gz	7.016E-10	1.000	426	31	488	489	2	408	412	479	0.937	0.988
LOKIASV2_2712_ESMFold_hypothetical_protein	MGYP000579514740.pdb.gz	MGYP000579514740.pdb.gz	6.171E-10	1.000	426	33	488	489	12	410	414	466	0.933	0.964
LOKIASV2_2712_ESMFold_hypothetical_protein	MGYP004344032391.pdb.gz	MGYP004344032391.pdb.gz	2.326E-09	1.000	425	32	488	489	1	409	414	471	0.935	0.988
LOKIASV2_2712_ESMFold_hypothetical_protein	MGYP000287575960.pdb.gz	MGYP000287575960.pdb.gz	2.305E-10	1.000	420	31	488	489	1	409	419	476	0.937	0.976
LOKIASV2_2712_ESMFold_hypothetical_protein	MGYP001202690881.pdb.gz	MGYP001202690881.pdb.gz	2.882E-09	1.000	418	26	489	489	11	418	425	473	0.949	0.960
LOKIASV2_2712_ESMFold_hypothetical_protein	MGYP001427822862.pdb.gz	MGYP001427822862.pdb.gz	2.428E-09	1.000	418	20	488	489	5	439	444	483	0.959	0.980
LOKIASV2_2712_ESMFold_hypothetical_protein	MGYP001059041980.pdb.gz	MGYP001059041980.pdb.gz	2.980E-10	1.000	417	32	486	489	1	399	406	481	0.930	0.983
LOKIASV2_2712_ESMFold_hypothetical_protein	MGYP000719021991.pdb.gz	MGYP000719021991.pdb.gz	1.583E-09	1.000	417	27	488	489	1	406	411	479	0.945	0.988
LOKIASV2_2712_ESMFold_hypothetical_protein	MGYP001137872350.pdb.gz	MGYP001137872350.pdb.gz	3.277E-09	1.000	412	28	483	489	1	413	423	475	0.933	0.976
LOKIASV2_2712_ESMFold_hypothetical_protein	MGYP001396329117.pdb.gz	MGYP001396329117.pdb.gz	8.989E-11	1.000	412	20	489	489	11	438	442	494	0.961	0.968
LOKIASV2_2712_ESMFold_hypothetical_protein	MGYP001092728396.pdb.gz	MGYP001092728396.pdb.gz	9.468E-10	1.000	411	32	489	489	1	416	423	479	0.937	0.983
LOKIASV2_2712_ESMFold_hypothetical_protein	MGYP001049787956.pdb.gz	MGYP001049787956.pdb.gz	5.664E-10	1.000	409	29	488	489	26	436	443	480	0.941	0.928
LOKIASV2_2712_ESMFold_hypothetical_protein	MGYP000467963293.pdb.gz	MGYP000467963293.pdb.gz	6.784E-09	1.000	408	68	488	489	5	397	400	432	0.861	0.983
LOKIASV2_2712_ESMFold_hypothetical_protein	MGYP001827269539.pdb.gz	MGYP001827269539.pdb.gz	3.420E-09	1.000	408	27	487	489	3	403	408	483	0.943	0.983
LOKIASV2_2712_ESMFold_hypothetical_protein	MGYP001581088035.pdb.gz	MGYP001581088035.pdb.gz	4.773E-10	1.000	408	32	488	489	58	454	458	464	0.935	0.867
LOKIASV2_2712_ESMFold_hypothetical_protein	MGYP000967812528.pdb.gz	MGYP000967812528.pdb.gz	7.323E-10	1.000	408	22	485	489	9	501	516	539	0.949	0.955
LOKIASV2_2712_ESMFold_hypothetical_protein	MGYP001545833543.pdb.gz	MGYP001545833543.pdb.gz	9.468E-10	1.000	407	8	487	489	2	422	429	500	0.982	0.981
LOKIASV2_2712_ESMFold_hypothetical_protein	MGYP004251356049.pdb.gz	MGYP004251356049.pdb.gz	7.323E-10	1.000	407	13	483	489	2	435	452	487	0.963	0.960
LOKIASV2_2712_ESMFold_hypothetical_protein	MGYP003329143604.pdb.gz	MGYP003329143604.pdb.gz	2.645E-09	1.000	406	29	488	489	1	405	409	480	0.941	0.990
LOKIASV2_2712_ESMFold_hypothetical_protein	MGYP000952734639.pdb.gz	MGYP000952734639.pdb.gz	2.882E-09	1.000	406	33	487	489	9	414	420	465	0.930	0.967
LOKIASV2_2712_ESMFold_hypothetical_protein	MGYP002713226619.pdb.gz	MGYP002713226619.pdb.gz	1.516E-09	1.000	405	33	488	489	12	428	433	481	0.933	0.963
LOKIASV2_2712_ESMFold_hypothetical_protein	MGYP000983018592.pdb.gz	MGYP000983018592.pdb.gz	1.224E-09	1.000	403	26	488	489	9	409	413	473	0.947	0.971
LOKIASV2_2712_ESMFold_hypothetical_protein	MGYP000378912133.pdb.gz	MGYP000378912133.pdb.gz	1.960E-09	1.000	403	26	488	489	1	423	429	474	0.947	0.986
LOKIASV2_2712_ESMFold_hypothetical_protein	MGYP001827515271.pdb.gz	MGYP001827515271.pdb.gz	4.421E-09	1.000	399	21	488	489	2	438	441	491	0.957	0.991
LOKIASV2_2712_ESMFold_hypothetical_protein	MGYP003651629230.pdb.gz	MGYP003651629230.pdb.gz	1.278E-09	1.000	398	31	488	489	2	410	413	476	0.937	0.990
LOKIASV2_2712_ESMFold_hypothetical_protein	MGYP001423784009.pdb.gz	MGYP001423784009.pdb.gz	1.321E-10	1.000	398	34	487	489	2	440	488	490	0.928	0.900
LOKIASV2_2712_ESMFold_hypothetical_protein	MGYP003393945720.pdb.gz	MGYP003393945720.pdb.gz	1.960E-09	1.000	397	29	488	489	1	414	420	472	0.941	0.986
LOKIASV2_2712_ESMFold_hypothetical_protein	MGYP001264903507.pdb.gz	MGYP001264903507.pdb.gz	2.046E-09	1.000	397	33	487	489	5	425	430	490	0.930	0.979
LOKIASV2_2712_ESMFold_hypothetical_protein	MGYP000216942089.pdb.gz	MGYP000216942089.pdb.gz	7.081E-09	1.000	396	40	482	489	6	394	406	452	0.906	0.958
LOKIASV2_2712_ESMFold_hypothetical_protein	MGYP000247541124.pdb.gz	MGYP000247541124.pdb.gz	3.420E-09	1.000	396	32	487	489	1	399	409	469	0.933	0.976
LOKIASV2_2712_ESMFold_hypothetical_protein	MGYP001415031303.pdb.gz	MGYP001415031303.pdb.gz	1.453E-09	1.000	395	28	488	489	9	409	419	472	0.943	0.957
LOKIASV2_2712_ESMFold_hypothetical_protein	MGYP003631513870.pdb.gz	MGYP003631513870.pdb.gz	5.966E-09	1.000	395	33	488	489	4	417	421	491	0.933	0.983
LOKIASV2_2712_ESMFold_hypothetical_protein	MGYP001480655119.pdb.gz	MGYP001480655119.pdb.gz	7.713E-09	1.000	394	24	483	489	1	402	412	476	0.941	0.976
LOKIASV2_2712_ESMFold_hypothetical_protein	MGYP001317280054.pdb.gz	MGYP001317280054.pdb.gz	1.346E-08	1.000	394	38	488	489	7	407	413	464	0.922	0.971
LOKIASV2_2712_ESMFold_hypothetical_protein	MGYP001257302379.pdb.gz	MGYP001257302379.pdb.gz	1.652E-09	1.000	394	33	488	489	5	412	414	480	0.933	0.986
LOKIASV2_2712_ESMFold_hypothetical_protein	MGYP003645128817.pdb.gz	MGYP003645128817.pdb.gz	5.477E-09	1.000	394	33	488	489	4	417	428	471	0.933	0.967
LOKIASV2_2712_ESMFold_hypothetical_protein	MGYP003345711000.pdb.gz	MGYP003345711000.pdb.gz	2.046E-09	1.000	394	30	488	489	58	455	458	473	0.939	0.869
LOKIASV2_2712_ESMFold_hypothetical_protein	MGYP001401686155.pdb.gz	MGYP001401686155.pdb.gz	2.428E-09	1.000	393	18	488	489	8	443	449	498	0.963	0.971
LOKIASV2_2712_ESMFold_hypothetical_protein	MGYP003682953277.pdb.gz	MGYP003682953277.pdb.gz	6.441E-10	1.000	392	35	487	489	2	403	409	470	0.926	0.983
LOKIASV2_2712_ESMFold_hypothetical_protein	MGYP001357476177.pdb.gz	MGYP001357476177.pdb.gz	6.722E-10	1.000	392	28	487	489	1	403	411	485	0.941	0.981
LOKIASV2_2712_ESMFold_hypothetical_protein	MGYP000123929585.pdb.gz	MGYP000123929585.pdb.gz	1.392E-09	1.000	392	29	489	489	1	406	412	478	0.943	0.985
LOKIASV2_2712_ESMFold_hypothetical_protein	MGYP000215828003.pdb.gz	MGYP000215828003.pdb.gz	2.558E-08	1.000	392	28	485	489	1	403	418	470	0.937	0.964
LOKIASV2_2712_ESMFold_hypothetical_protein	MGYP001955790222.pdb.gz	MGYP001955790222.pdb.gz	6.784E-09	1.000	392	28	488	489	36	435	440	471	0.943	0.909
LOKIASV2_2712_ESMFold_hypothetical_protein	MGYP001047026315.pdb.gz	MGYP001047026315.pdb.gz	2.645E-09	1.000	391	32	489	489	4	403	409	475	0.937	0.978
LOKIASV2_2712_ESMFold_hypothetical_protein	MGYP000976844282.pdb.gz	MGYP000976844282.pdb.gz	2.645E-09	1.000	390	32	488	489	8	417	420	475	0.935	0.976
LOKIASV2_2712_ESMFold_hypothetical_protein	MGYP003633812938.pdb.gz	MGYP003633812938.pdb.gz	2.428E-09	1.000	390	27	484	489	10	417	428	479	0.937	0.953
LOKIASV2_2712_ESMFold_hypothetical_protein	MGYP003578946425.pdb.gz	MGYP003578946425.pdb.gz	9.555E-09	1.000	389	24	484	489	14	410	413	470	0.943	0.961
LOKIASV2_2712_ESMFold_hypothetical_protein	MGYP002623636820.pdb.gz	MGYP002623636820.pdb.gz	5.716E-09	1.000	389	7	488	489	6	432	438	506	0.986	0.975
LOKIASV2_2712_ESMFold_hypothetical_protein	MGYP000993858649.pdb.gz	MGYP000993858649.pdb.gz	5.247E-09	1.000	388	26	487	489	10	410	414	479	0.945	0.969
LOKIASV2_2712_ESMFold_hypothetical_protein	MGYP002630679588.pdb.gz	MGYP002630679588.pdb.gz	1.878E-09	1.000	388	10	482	489	3	489	506	534	0.967	0.962
LOKIASV2_2712_ESMFold_hypothetical_protein	MGYP000883793591.pdb.gz	MGYP000883793591.pdb.gz	1.124E-09	1.000	388	13	485	489	13	526	541	557	0.967	0.950
LOKIASV2_2712_ESMFold_hypothetical_protein	MGYP001127771888.pdb.gz	MGYP001127771888.pdb.gz	3.569E-09	1.000	388	12	487	489	20	632	638	657	0.973	0.961
LOKIASV2_2712_ESMFold_hypothetical_protein	MGYP003579993675.pdb.gz	MGYP003579993675.pdb.gz	3.420E-09	1.000	386	24	488	489	6	425	427	487	0.951	0.984
LOKIASV2_2712_ESMFold_hypothetical_protein	MGYP002401730422.pdb.gz	MGYP002401730422.pdb.gz	9.468E-10	1.000	386	2	488	489	12	463	468	514	0.996	0.966
LOKIASV2_2712_ESMFold_hypothetical_protein	MGYP001002331085.pdb.gz	MGYP001002331085.pdb.gz	7.713E-09	1.000	385	31	484	489	1	383	394	456	0.928	0.972
LOKIASV2_2712_ESMFold_hypothetical_protein	MGYP003333929410.pdb.gz	MGYP003333929410.pdb.gz	9.972E-09	1.000	385	26	488	489	3	409	415	478	0.947	0.981
LOKIASV2_2712_ESMFold_hypothetical_protein	MGYP001384522316.pdb.gz	MGYP001384522316.pdb.gz	3.008E-09	1.000	384	29	488	489	1	406	410	476	0.941	0.990
LOKIASV2_2712_ESMFold_hypothetical_protein	MGYP000036672928.pdb.gz	MGYP000036672928.pdb.gz	3.008E-09	1.000	384	14	486	489	21	532	545	562	0.967	0.939
LOKIASV2_2712_ESMFold_hypothetical_protein	MGYP001193312683.pdb.gz	MGYP001193312683.pdb.gz	1.652E-09	1.000	383	36	488	489	2	401	403	473	0.926	0.993
LOKIASV2_2712_ESMFold_hypothetical_protein	MGYP000374412927.pdb.gz	MGYP000374412927.pdb.gz	9.154E-09	1.000	383	29	488	489	1	406	410	470	0.941	0.990
LOKIASV2_2712_ESMFold_hypothetical_protein	MGYP000311066951.pdb.gz	MGYP000311066951.pdb.gz	1.878E-09	1.000	383	33	488	489	19	428	436	482	0.933	0.940
LOKIASV2_2712_ESMFold_hypothetical_protein	MGYP003663169486.pdb.gz	MGYP003663169486.pdb.gz	1.184E-08	1.000	382	36	487	489	2	391	398	459	0.924	0.980
LOKIASV2_2712_ESMFold_hypothetical_protein	MGYP000492806816.pdb.gz	MGYP000492806816.pdb.gz	1.086E-08	1.000	382	24	488	489	1	405	408	475	0.951	0.993
LOKIASV2_2712_ESMFold_hypothetical_protein	MGYP001355371744.pdb.gz	MGYP001355371744.pdb.gz	1.041E-08	1.000	381	29	488	489	9	404	408	473	0.941	0.971
LOKIASV2_2712_ESMFold_hypothetical_protein	MGYP002629892132.pdb.gz	MGYP002629892132.pdb.gz	5.477E-09	1.000	381	32	489	489	1	426	426	479	0.937	1.000
LOKIASV2_2712_ESMFold_hypothetical_protein	MGYP001301426576.pdb.gz	MGYP001301426576.pdb.gz	7.390E-09	1.000	381	25	487	489	15	438	449	494	0.947	0.944
LOKIASV2_2712_ESMFold_hypothetical_protein	MGYP001772987219.pdb.gz	MGYP001772987219.pdb.gz	3.008E-09	1.000	380	29	487	489	27	436	444	479	0.939	0.923
LOKIASV2_2712_ESMFold_hypothetical_protein	MGYP000423844021.pdb.gz	MGYP000423844021.pdb.gz	9.555E-09	1.000	379	24	487	489	4	420	428	490	0.949	0.974
LOKIASV2_2712_ESMFold_hypothetical_protein	MGYP001259921492.pdb.gz	MGYP001259921492.pdb.gz	4.421E-09	1.000	379	24	487	489	10	427	433	493	0.949	0.965
LOKIASV2_2712_ESMFold_hypothetical_protein	MGYP003345930108.pdb.gz	MGYP003345930108.pdb.gz	2.882E-09	1.000	379	29	488	489	31	431	438	477	0.941	0.916
LOKIASV2_2712_ESMFold_hypothetical_protein	MGYP001351812389.pdb.gz	MGYP001351812389.pdb.gz	4.059E-09	1.000	379	21	487	489	11	536	547	562	0.955	0.962
LOKIASV2_2712_ESMFold_hypothetical_protein	MGYP001453103276.pdb.gz	MGYP001453103276.pdb.gz	7.713E-09	1.000	378	30	488	489	17	417	421	468	0.939	0.952
LOKIASV2_2712_ESMFold_hypothetical_protein	MGYP000161985225.pdb.gz	MGYP000161985225.pdb.gz	2.761E-09	1.000	376	21	488	489	3	420	424	488	0.957	0.986
LOKIASV2_2712_ESMFold_hypothetical_protein	MGYP000276688084.pdb.gz	MGYP000276688084.pdb.gz	8.403E-09	1.000	374	39	488	489	3	387	391	460	0.920	0.985
LOKIASV2_2712_ESMFold_hypothetical_protein	MGYP003334854504.pdb.gz	MGYP003334854504.pdb.gz	7.390E-09	1.000	374	33	488	489	6	422	431	480	0.933	0.968
LOKIASV2_2712_ESMFold_hypothetical_protein	MGYP000689218176.pdb.gz	MGYP000689218176.pdb.gz	3.569E-09	1.000	372	2	489	489	7	446	451	507	0.998	0.976
LOKIASV2_2712_ESMFold_hypothetical_protein	MGYP000492039223.pdb.gz	MGYP000492039223.pdb.gz	9.555E-09	1.000	371	36	488	489	2	403	405	467	0.926	0.993
LOKIASV2_2712_ESMFold_hypothetical_protein	MGYP002386446001.pdb.gz	MGYP002386446001.pdb.gz	5.247E-09	1.000	371	26	489	489	24	441	444	481	0.949	0.941
LOKIASV2_2712_ESMFold_hypothetical_protein	MGYP001408779826.pdb.gz	MGYP001408779826.pdb.gz	2.046E-09	1.000	371	21	483	489	8	540	545	580	0.947	0.978
LOKIASV2_2712_ESMFold_hypothetical_protein	MGYP001481680328.pdb.gz	MGYP001481680328.pdb.gz	8.771E-09	1.000	370	41	489	489	2	415	415	471	0.918	0.998
LOKIASV2_2712_ESMFold_hypothetical_protein	MGYP001221920511.pdb.gz	MGYP001221920511.pdb.gz	3.139E-09	1.000	370	24	488	489	4	416	423	480	0.951	0.976
LOKIASV2_2712_ESMFold_hypothetical_protein	MGYP000061145388.pdb.gz	MGYP000061145388.pdb.gz	3.889E-09	1.000	370	33	488	489	25	436	441	482	0.933	0.934
LOKIASV2_2712_ESMFold_hypothetical_protein	MGYP001375115226.pdb.gz	MGYP001375115226.pdb.gz	2.450E-08	1.000	369	42	489	489	6	395	398	457	0.916	0.980
LOKIASV2_2712_ESMFold_hypothetical_protein	MGYP002795045541.pdb.gz	MGYP002795045541.pdb.gz	6.784E-09	1.000	369	27	487	489	3	416	422	475	0.943	0.981
LOKIASV2_2712_ESMFold_hypothetical_protein	MGYP000509361078.pdb.gz	MGYP000509361078.pdb.gz	2.558E-08	1.000	368	29	489	489	1	419	419	477	0.943	1.000
LOKIASV2_2712_ESMFold_hypothetical_protein	MGYP003288623756.pdb.gz	MGYP003288623756.pdb.gz	3.307E-08	1.000	367	32	487	489	1	397	408	471	0.933	0.973
LOKIASV2_2712_ESMFold_hypothetical_protein	MGYP001943748387.pdb.gz	MGYP001943748387.pdb.gz	9.555E-09	1.000	367	27	488	489	3	417	422	495	0.945	0.983
LOKIASV2_2712_ESMFold_hypothetical_protein	MGYP000177354383.pdb.gz	MGYP000177354383.pdb.gz	6.846E-08	1.000	366	44	488	489	2	387	389	452	0.910	0.992
LOKIASV2_2712_ESMFold_hypothetical_protein	MGYP000218059855.pdb.gz	MGYP000218059855.pdb.gz	1.086E-08	1.000	366	27	489	489	1	411	416	478	0.947	0.988
LOKIASV2_2712_ESMFold_hypothetical_protein	MGYP001774815430.pdb.gz	MGYP001774815430.pdb.gz	1.740E-08	1.000	365	35	488	489	3	386	389	459	0.928	0.987
LOKIASV2_2712_ESMFold_hypothetical_protein	MGYP000731246740.pdb.gz	MGYP000731246740.pdb.gz	3.307E-08	1.000	365	27	489	489	9	420	420	474	0.947	0.981
LOKIASV2_2712_ESMFold_hypothetical_protein	MGYP001297534630.pdb.gz	MGYP001297534630.pdb.gz	1.530E-08	1.000	365	32	489	489	7	419	423	468	0.937	0.976
LOKIASV2_2712_ESMFold_hypothetical_protein	MGYP003945672121.pdb.gz	MGYP003945672121.pdb.gz	7.713E-09	1.000	364	32	486	489	1	397	406	475	0.930	0.978
LOKIASV2_2712_ESMFold_hypothetical_protein	MGYP001389430503.pdb.gz	MGYP001389430503.pdb.gz	8.051E-09	1.000	364	24	488	489	9	408	413	473	0.951	0.969
LOKIASV2_2712_ESMFold_hypothetical_protein	MGYP003705784955.pdb.gz	MGYP003705784955.pdb.gz	1.346E-08	1.000	362	38	482	489	2	398	407	477	0.910	0.975
LOKIASV2_2712_ESMFold_hypothetical_protein	MGYP003308871115.pdb.gz	MGYP003308871115.pdb.gz	4.817E-09	1.000	362	33	486	489	4	408	418	479	0.928	0.969
LOKIASV2_2712_ESMFold_hypothetical_protein	MGYP000751444583.pdb.gz	MGYP000751444583.pdb.gz	5.027E-09	1.000	362	30	488	489	14	418	422	473	0.939	0.960
LOKIASV2_2712_ESMFold_hypothetical_protein	MGYP001545505406.pdb.gz	MGYP001545505406.pdb.gz	1.235E-08	1.000	362	21	488	489	3	435	444	485	0.957	0.975
LOKIASV2_2712_ESMFold_hypothetical_protein	MGYP001554607119.pdb.gz	MGYP001554607119.pdb.gz	3.008E-09	1.000	361	26	486	489	1	401	413	474	0.943	0.971
LOKIASV2_2712_ESMFold_hypothetical_protein	MGYP000416399894.pdb.gz	MGYP000416399894.pdb.gz	1.816E-08	1.000	361	5	488	489	2	413	420	493	0.990	0.981
LOKIASV2_2712_ESMFold_hypothetical_protein	MGYP000196234567.pdb.gz	MGYP000196234567.pdb.gz	1.816E-08	1.000	360	31	482	489	2	408	409	473	0.924	0.995
LOKIASV2_2712_ESMFold_hypothetical_protein	MGYP002323393296.pdb.gz	MGYP002323393296.pdb.gz	2.348E-08	1.000	360	27	489	489	8	407	413	467	0.947	0.969
LOKIASV2_2712_ESMFold_hypothetical_protein	MGYP003939984983.pdb.gz	MGYP003939984983.pdb.gz	6.784E-09	1.000	360	4	488	489	8	433	435	505	0.992	0.979
LOKIASV2_2712_ESMFold_hypothetical_protein	MGYP000551279362.pdb.gz	MGYP000551279362.pdb.gz	9.555E-09	1.000	359	27	488	489	14	420	427	478	0.945	0.953
LOKIASV2_2712_ESMFold_hypothetical_protein	MGYP000665639523.pdb.gz	MGYP000665639523.pdb.gz	1.184E-08	1.000	357	30	488	489	23	420	423	471	0.939	0.941
LOKIASV2_2712_ESMFold_hypothetical_protein	MGYP001389897100.pdb.gz	MGYP001389897100.pdb.gz	3.420E-09	1.000	356	27	489	489	1	409	415	487	0.947	0.986
LOKIASV2_2712_ESMFold_hypothetical_protein	MGYP003393303161.pdb.gz	MGYP003393303161.pdb.gz	1.597E-08	1.000	355	27	489	489	1	411	416	484	0.947	0.988
LOKIASV2_2712_ESMFold_hypothetical_protein	MGYP003366070517.pdb.gz	MGYP003366070517.pdb.gz	1.346E-08	1.000	354	21	486	489	26	447	451	484	0.953	0.936
LOKIASV2_2712_ESMFold_hypothetical_protein	MGYP000452874636.pdb.gz	MGYP000452874636.pdb.gz	6.559E-08	1.000	352	34	455	489	2	376	398	437	0.863	0.942
LOKIASV2_2712_ESMFold_hypothetical_protein	MGYP001078055192.pdb.gz	MGYP001078055192.pdb.gz	2.669E-08	1.000	352	32	489	489	1	396	401	469	0.937	0.988
LOKIASV2_2712_ESMFold_hypothetical_protein	MGYP000184924647.pdb.gz	MGYP000184924647.pdb.gz	1.530E-08	1.000	352	32	487	489	1	399	409	482	0.933	0.976
LOKIASV2_2712_ESMFold_hypothetical_protein	MGYP002632234481.pdb.gz	MGYP002632234481.pdb.gz	1.466E-08	1.000	351	26	488	489	1	400	411	478	0.947	0.973
LOKIASV2_2712_ESMFold_hypothetical_protein	MGYP002713138331.pdb.gz	MGYP002713138331.pdb.gz	2.348E-08	1.000	349	29	484	489	1	424	440	485	0.933	0.964
LOKIASV2_2712_ESMFold_hypothetical_protein	MGYP001566347211.pdb.gz	MGYP001566347211.pdb.gz	1.978E-08	1.000	347	31	487	489	1	414	420	481	0.935	0.986
LOKIASV2_2712_ESMFold_hypothetical_protein	MGYP000721020225.pdb.gz	MGYP000721020225.pdb.gz	8.480E-08	1.000	346	60	488	489	2	373	379	442	0.877	0.982
LOKIASV2_2712_ESMFold_hypothetical_protein	MGYP001383390408.pdb.gz	MGYP001383390408.pdb.gz	2.450E-08	1.000	346	32	488	489	4	425	434	488	0.935	0.972
LOKIASV2_2712_ESMFold_hypothetical_protein	MGYP001157833008.pdb.gz	MGYP001157833008.pdb.gz	2.249E-08	1.000	345	33	489	489	5	394	400	462	0.935	0.975
LOKIASV2_2712_ESMFold_hypothetical_protein	MGYP000739544389.pdb.gz	MGYP000739544389.pdb.gz	1.978E-08	1.000	345	32	488	489	1	404	409	485	0.935	0.988
LOKIASV2_2712_ESMFold_hypothetical_protein	MGYP001822379111.pdb.gz	MGYP001822379111.pdb.gz	4.462E-08	1.000	344	32	488	489	1	385	398	466	0.935	0.967
LOKIASV2_2712_ESMFold_hypothetical_protein	MGYP000975493466.pdb.gz	MGYP000975493466.pdb.gz	3.602E-08	1.000	344	29	488	489	6	406	410	483	0.941	0.978
LOKIASV2_2712_ESMFold_hypothetical_protein	MGYP001339621738.pdb.gz	MGYP001339621738.pdb.gz	6.227E-09	1.000	344	26	487	489	12	484	531	530	0.945	0.891
LOKIASV2_2712_ESMFold_hypothetical_protein	MGYP000172607932.pdb.gz	MGYP000172607932.pdb.gz	1.740E-08	1.000	343	26	488	489	19	443	448	487	0.947	0.949
LOKIASV2_2712_ESMFold_hypothetical_protein	MGYP000154757781.pdb.gz	MGYP000154757781.pdb.gz	4.421E-09	1.000	343	5	485	489	3	465	475	532	0.984	0.975
LOKIASV2_2712_ESMFold_hypothetical_protein	MGYP001325757401.pdb.gz	MGYP001325757401.pdb.gz	4.275E-08	1.000	341	26	487	489	2	406	420	477	0.945	0.964
LOKIASV2_2712_ESMFold_hypothetical_protein	MGYP003362089901.pdb.gz	MGYP003362089901.pdb.gz	2.249E-08	1.000	341	29	481	489	24	422	431	475	0.926	0.926
LOKIASV2_2712_ESMFold_hypothetical_protein	MGYP000388471654.pdb.gz	MGYP000388471654.pdb.gz	4.275E-08	1.000	339	28	485	489	1	403	406	477	0.937	0.993
LOKIASV2_2712_ESMFold_hypothetical_protein	MGYP000682622285.pdb.gz	MGYP000682622285.pdb.gz	1.358E-07	1.000	339	27	489	489	4	412	412	478	0.947	0.993
LOKIASV2_2712_ESMFold_hypothetical_protein	MGYP001353172569.pdb.gz	MGYP001353172569.pdb.gz	7.145E-08	1.000	339	28	488	489	1	416	424	482	0.943	0.981
LOKIASV2_2712_ESMFold_hypothetical_protein	MGYP000263766183.pdb.gz	MGYP000263766183.pdb.gz	2.175E-07	1.000	337	33	488	489	10	406	416	471	0.933	0.954
LOKIASV2_2712_ESMFold_hypothetical_protein	MGYP001205964309.pdb.gz	MGYP001205964309.pdb.gz	4.657E-08	1.000	335	25	483	489	14	411	420	484	0.939	0.948
LOKIASV2_2712_ESMFold_hypothetical_protein	MGYP003708737235.pdb.gz	MGYP003708737235.pdb.gz	7.145E-08	1.000	333	27	487	489	1	397	402	466	0.943	0.988
LOKIASV2_2712_ESMFold_hypothetical_protein	MGYP000284684007.pdb.gz	MGYP000284684007.pdb.gz	1.050E-07	1.000	333	26	485	489	5	403	413	471	0.941	0.966
LOKIASV2_2712_ESMFold_hypothetical_protein	MGYP000163525787.pdb.gz	MGYP000163525787.pdb.gz	3.307E-08	1.000	333	21	489	489	4	430	438	493	0.959	0.975
LOKIASV2_2712_ESMFold_hypothetical_protein	MGYP001004187026.pdb.gz	MGYP001004187026.pdb.gz	2.155E-08	1.000	332	28	484	489	1	395	404	464	0.935	0.978
LOKIASV2_2712_ESMFold_hypothetical_protein	MGYP003337469649.pdb.gz	MGYP003337469649.pdb.gz	7.458E-08	1.000	332	29	488	489	28	424	436	472	0.941	0.911
LOKIASV2_2712_ESMFold_hypothetical_protein	MGYP001451075066.pdb.gz	MGYP001451075066.pdb.gz	3.168E-08	1.000	332	13	489	489	2	496	548	541	0.975	0.903
LOKIASV2_2712_ESMFold_hypothetical_protein	MGYP000662062749.pdb.gz	MGYP000662062749.pdb.gz	6.021E-08	1.000	331	36	485	489	4	396	410	472	0.920	0.959
LOKIASV2_2712_ESMFold_hypothetical_protein	MGYP000199031645.pdb.gz	MGYP000199031645.pdb.gz	8.125E-08	1.000	331	21	488	489	14	427	432	482	0.957	0.958
LOKIASV2_2712_ESMFold_hypothetical_protein	MGYP001767340545.pdb.gz	MGYP001767340545.pdb.gz	1.895E-08	1.000	330	28	489	489	20	425	427	484	0.945	0.951
LOKIASV2_2712_ESMFold_hypothetical_protein	MGYP002760181247.pdb.gz	MGYP002760181247.pdb.gz	1.756E-07	1.000	330	29	486	489	1	398	446	469	0.937	0.892
LOKIASV2_2712_ESMFold_hypothetical_protein	MGYP000224061934.pdb.gz	MGYP000224061934.pdb.gz	1.479E-07	1.000	329	44	488	489	2	386	394	455	0.910	0.977
LOKIASV2_2712_ESMFold_hypothetical_protein	MGYP000885959409.pdb.gz	MGYP000885959409.pdb.gz	4.275E-08	1.000	329	5	488	489	2	417	423	505	0.990	0.983
LOKIASV2_2712_ESMFold_hypothetical_protein	MGYP001800938015.pdb.gz	MGYP001800938015.pdb.gz	3.451E-08	1.000	327	27	489	489	1	422	422	484	0.947	1.000
LOKIASV2_2712_ESMFold_hypothetical_protein	MGYP001610807010.pdb.gz	MGYP001610807010.pdb.gz	5.527E-08	1.000	327	32	488	489	8	420	424	480	0.935	0.974
LOKIASV2_2712_ESMFold_hypothetical_protein	MGYP003361758199.pdb.gz	MGYP003361758199.pdb.gz	4.096E-08	1.000	325	2	489	489	8	464	466	520	0.998	0.981
LOKIASV2_2712_ESMFold_hypothetical_protein	MGYP000352343587.pdb.gz	MGYP000352343587.pdb.gz	1.006E-07	1.000	324	24	484	489	20	424	636	471	0.943	0.637
LOKIASV2_2712_ESMFold_hypothetical_protein	MGYP002631603010.pdb.gz	MGYP002631603010.pdb.gz	1.612E-07	1.000	321	24	486	489	1	434	446	497	0.947	0.973
LOKIASV2_2712_ESMFold_hypothetical_protein	MGYP001410746674.pdb.gz	MGYP001410746674.pdb.gz	1.358E-07	1.000	320	5	488	489	3	409	413	493	0.990	0.985
LOKIASV2_2712_ESMFold_hypothetical_protein	MGYP000855968709.pdb.gz	MGYP000855968709.pdb.gz	4.096E-08	1.000	319	29	484	489	1	398	414	475	0.933	0.961
LOKIASV2_2712_ESMFold_hypothetical_protein	MGYP001824859744.pdb.gz	MGYP001824859744.pdb.gz	3.602E-08	1.000	319	2	472	489	15	415	416	489	0.963	0.964
LOKIASV2_2712_ESMFold_hypothetical_protein	MGYP003331333966.pdb.gz	MGYP003331333966.pdb.gz	2.369E-07	1.000	318	8	488	489	15	446	454	506	0.984	0.952
LOKIASV2_2712_ESMFold_hypothetical_protein	MGYP000088513614.pdb.gz	MGYP000088513614.pdb.gz	1.996E-07	1.000	317	24	489	489	2	409	424	483	0.953	0.962
LOKIASV2_2712_ESMFold_hypothetical_protein	MGYP001231842397.pdb.gz	MGYP001231842397.pdb.gz	4.275E-08	1.000	317	15	487	489	3	496	524	539	0.967	0.943
LOKIASV2_2712_ESMFold_hypothetical_protein	MGYP000051547421.pdb.gz	MGYP000051547421.pdb.gz	1.096E-07	1.000	316	29	489	489	1	398	404	473	0.943	0.985
LOKIASV2_2712_ESMFold_hypothetical_protein	MGYP000726818639.pdb.gz	MGYP000726818639.pdb.gz	3.602E-08	1.000	316	9	489	489	34	443	443	496	0.984	0.926
LOKIASV2_2712_ESMFold_hypothetical_protein	MGYP000535840482.pdb.gz	MGYP000535840482.pdb.gz	1.096E-07	1.000	315	24	488	489	17	430	444	488	0.951	0.932
LOKIASV2_2712_ESMFold_hypothetical_protein	MGYP000710297693.pdb.gz	MGYP000710297693.pdb.gz	3.063E-07	1.000	313	32	486	489	3	401	411	472	0.930	0.971
LOKIASV2_2712_ESMFold_hypothetical_protein	MGYP001607318610.pdb.gz	MGYP001607318610.pdb.gz	7.211E-07	1.000	312	33	489	489	12	418	418	474	0.935	0.974
LOKIASV2_2712_ESMFold_hypothetical_protein	MGYP001243338271.pdb.gz	MGYP001243338271.pdb.gz	6.342E-07	1.000	311	36	484	489	2	404	417	468	0.918	0.966
LOKIASV2_2712_ESMFold_hypothetical_protein	MGYP000282923264.pdb.gz	MGYP000282923264.pdb.gz	3.337E-07	1.000	311	5	488	489	3	416	418	502	0.990	0.990
LOKIASV2_2712_ESMFold_hypothetical_protein	MGYP001165880142.pdb.gz	MGYP001165880142.pdb.gz	1.479E-07	1.000	311	36	482	489	4	382	429	460	0.914	0.883
LOKIASV2_2712_ESMFold_hypothetical_protein	MGYP002756471070.pdb.gz	MGYP002756471070.pdb.gz	3.337E-07	1.000	310	29	477	489	1	380	381	453	0.918	0.997
LOKIASV2_2712_ESMFold_hypothetical_protein	MGYP002787138589.pdb.gz	MGYP002787138589.pdb.gz	2.935E-07	1.000	309	20	489	489	5	408	408	482	0.961	0.990
LOKIASV2_2712_ESMFold_hypothetical_protein	MGYP000025780861.pdb.gz	MGYP000025780861.pdb.gz	2.175E-07	1.000	308	28	487	489	9	406	416	475	0.941	0.957
LOKIASV2_2712_ESMFold_hypothetical_protein	MGYP000315107088.pdb.gz	MGYP000315107088.pdb.gz	4.905E-07	1.000	308	26	484	489	1	390	440	466	0.939	0.886
LOKIASV2_2712_ESMFold_hypothetical_protein	MGYP003361976635.pdb.gz	MGYP003361976635.pdb.gz	2.369E-07	1.000	306	26	489	489	7	414	417	487	0.949	0.978
LOKIASV2_2712_ESMFold_hypothetical_protein	MGYP000723879869.pdb.gz	MGYP000723879869.pdb.gz	1.756E-07	1.000	306	14	487	489	40	492	499	511	0.969	0.908
LOKIASV2_2712_ESMFold_hypothetical_protein	MGYP003592469252.pdb.gz	MGYP003592469252.pdb.gz	6.909E-07	1.000	305	41	487	489	1	399	413	463	0.914	0.966
LOKIASV2_2712_ESMFold_hypothetical_protein	MGYP000939579432.pdb.gz	MGYP000939579432.pdb.gz	4.700E-07	1.000	305	26	488	489	7	422	430	488	0.947	0.967
LOKIASV2_2712_ESMFold_hypothetical_protein	MGYP000958557940.pdb.gz	MGYP000958557940.pdb.gz	1.358E-07	1.000	304	28	488	489	11	404	410	472	0.943	0.961
LOKIASV2_2712_ESMFold_hypothetical_protein	MGYP000016929137.pdb.gz	MGYP000016929137.pdb.gz	1.247E-07	1.000	301	33	485	489	25	419	425	477	0.926	0.929
LOKIASV2_2712_ESMFold_hypothetical_protein	MGYP001610427827.pdb.gz	MGYP001610427827.pdb.gz	4.314E-07	1.000	301	24	488	489	16	424	448	488	0.951	0.913
LOKIASV2_2712_ESMFold_hypothetical_protein	MGYP001880981690.pdb.gz	MGYP001880981690.pdb.gz	8.932E-07	1.000	297	29	487	489	26	429	437	469	0.939	0.924
LOKIASV2_2712_ESMFold_hypothetical_protein	MGYP003365350640.pdb.gz	MGYP003365350640.pdb.gz	3.483E-07	1.000	297	27	488	489	1	464	474	518	0.945	0.979
LOKIASV2_2712_ESMFold_hypothetical_protein	MGYP001817845508.pdb.gz	MGYP001817845508.pdb.gz	3.035E-08	1.000	295	39	488	489	16	408	410	472	0.920	0.959
LOKIASV2_2712_ESMFold_hypothetical_protein	MGYP000511568778.pdb.gz	MGYP000511568778.pdb.gz	2.270E-07	1.000	295	30	488	489	50	446	450	476	0.939	0.882
LOKIASV2_2712_ESMFold_hypothetical_protein	MGYP001824803518.pdb.gz	MGYP001824803518.pdb.gz	1.016E-06	1.000	291	32	489	489	1	394	402	470	0.937	0.980
LOKIASV2_2712_ESMFold_hypothetical_protein	MGYP001086029311.pdb.gz	MGYP001086029311.pdb.gz	6.909E-07	1.000	289	28	489	489	28	440	440	488	0.945	0.939
LOKIASV2_2712_ESMFold_hypothetical_protein	MGYP000770121498.pdb.gz	MGYP000770121498.pdb.gz	7.526E-07	1.000	287	31	488	489	9	422	427	485	0.937	0.970
LOKIASV2_2712_ESMFold_hypothetical_protein	MGYP003332879396.pdb.gz	MGYP003332879396.pdb.gz	8.558E-07	1.000	286	5	484	489	4	422	426	497	0.982	0.984
LOKIASV2_2712_ESMFold_hypothetical_protein	MGYP002624680805.pdb.gz	MGYP002624680805.pdb.gz	1.626E-06	1.000	285	63	488	489	2	399	405	455	0.871	0.983
LOKIASV2_2712_ESMFold_hypothetical_protein	MGYP002623974158.pdb.gz	MGYP002623974158.pdb.gz	7.211E-07	1.000	281	36	483	489	4	386	444	460	0.916	0.863
LOKIASV2_2712_ESMFold_hypothetical_protein	MGYP001766823173.pdb.gz	MGYP001766823173.pdb.gz	8.932E-07	1.000	279	25	487	489	11	423	430	474	0.947	0.960
LOKIASV2_2712_ESMFold_hypothetical_protein	MGYP003362177599.pdb.gz	MGYP003362177599.pdb.gz	1.155E-06	1.000	279	16	488	489	17	430	434	489	0.967	0.954
LOKIASV2_2712_ESMFold_hypothetical_protein	MGYP000378877741.pdb.gz	MGYP000378877741.pdb.gz	3.960E-07	1.000	279	29	488	489	25	446	458	489	0.941	0.921
LOKIASV2_2712_ESMFold_hypothetical_protein	MGYP000490926785.pdb.gz	MGYP000490926785.pdb.gz	2.581E-07	1.000	279	38	486	489	33	448	547	474	0.918	0.761
LOKIASV2_2712_ESMFold_hypothetical_protein	MGYP001460257346.pdb.gz	MGYP001460257346.pdb.gz	7.211E-07	1.000	278	27	482	489	6	453	514	521	0.933	0.872
LOKIASV2_2712_ESMFold_hypothetical_protein	MGYP001062212865.pdb.gz	MGYP001062212865.pdb.gz	1.205E-06	1.000	276	24	483	489	7	420	457	483	0.941	0.906
LOKIASV2_2712_ESMFold_hypothetical_protein	MGYP000594085635.pdb.gz	MGYP000594085635.pdb.gz	7.526E-07	1.000	274	9	488	489	35	450	490	495	0.982	0.849
LOKIASV2_2712_ESMFold_hypothetical_protein	MGYP000703977009.pdb.gz	MGYP000703977009.pdb.gz	6.909E-07	1.000	273	39	486	489	9	389	425	461	0.916	0.896
LOKIASV2_2712_ESMFold_hypothetical_protein	MGYP001599873280.pdb.gz	MGYP001599873280.pdb.gz	9.730E-07	1.000	273	7	489	489	2	429	623	512	0.988	0.687
LOKIASV2_2712_ESMFold_hypothetical_protein	MGYP001292025237.pdb.gz	MGYP001292025237.pdb.gz	6.619E-07	1.000	270	39	488	489	7	388	426	467	0.920	0.897
LOKIASV2_2712_ESMFold_hypothetical_protein	MGYP001770696089.pdb.gz	MGYP001770696089.pdb.gz	4.353E-06	1.000	269	41	482	489	2	388	390	466	0.904	0.992
LOKIASV2_2712_ESMFold_hypothetical_protein	MGYP001353720248.pdb.gz	MGYP001353720248.pdb.gz	1.370E-06	1.000	266	38	485	489	14	406	415	465	0.916	0.947
LOKIASV2_2712_ESMFold_hypothetical_protein	MGYP000350823738.pdb.gz	MGYP000350823738.pdb.gz	6.076E-07	1.000	266	39	486	489	8	396	615	465	0.916	0.633
LOKIASV2_2712_ESMFold_hypothetical_protein	MGYP001134406110.pdb.gz	MGYP001134406110.pdb.gz	2.605E-06	1.000	265	26	453	489	4	354	373	435	0.875	0.941
LOKIASV2_2712_ESMFold_hypothetical_protein	MGYP000328695886.pdb.gz	MGYP000328695886.pdb.gz	1.116E-05	1.000	262	26	476	489	1	384	446	459	0.922	0.861
LOKIASV2_2712_ESMFold_hypothetical_protein	MGYP000415288080.pdb.gz	MGYP000415288080.pdb.gz	1.913E-07	1.000	262	39	486	489	15	435	448	482	0.916	0.940
LOKIASV2_2712_ESMFold_hypothetical_protein	MGYP001484506682.pdb.gz	MGYP001484506682.pdb.gz	2.718E-06	1.000	261	39	489	489	11	404	431	464	0.922	0.914
LOKIASV2_2712_ESMFold_hypothetical_protein	MGYP000399976075.pdb.gz	MGYP000399976075.pdb.gz	4.503E-07	1.000	261	33	488	489	31	434	442	478	0.933	0.914
LOKIASV2_2712_ESMFold_hypothetical_protein	MGYP001405596779.pdb.gz	MGYP001405596779.pdb.gz	4.544E-06	1.000	261	20	485	489	17	421	632	474	0.953	0.641
LOKIASV2_2712_ESMFold_hypothetical_protein	MGYP001773553715.pdb.gz	MGYP001773553715.pdb.gz	6.132E-06	1.000	260	39	443	489	4	344	347	412	0.828	0.983
LOKIASV2_2712_ESMFold_hypothetical_protein	MGYP002539177383.pdb.gz	MGYP002539177383.pdb.gz	9.730E-07	1.000	258	12	485	489	3	414	432	496	0.969	0.954
LOKIASV2_2712_ESMFold_hypothetical_protein	MGYP001102546415.pdb.gz	MGYP001102546415.pdb.gz	1.493E-06	1.000	258	26	487	489	47	454	464	472	0.945	0.879
LOKIASV2_2712_ESMFold_hypothetical_protein	MGYP001313383123.pdb.gz	MGYP001313383123.pdb.gz	5.120E-07	1.000	258	26	489	489	4	436	487	491	0.949	0.889
LOKIASV2_2712_ESMFold_hypothetical_protein	MGYP001237909447.pdb.gz	MGYP001237909447.pdb.gz	1.313E-06	1.000	257	5	489	489	12	452	452	505	0.992	0.976
LOKIASV2_2712_ESMFold_hypothetical_protein	MGYP003108982608.pdb.gz	MGYP003108982608.pdb.gz	1.370E-06	1.000	255	20	482	489	6	404	409	483	0.947	0.976
LOKIASV2_2712_ESMFold_hypothetical_protein	MGYP002632551910.pdb.gz	MGYP002632551910.pdb.gz	1.930E-06	1.000	255	42	485	489	8	399	429	466	0.908	0.914
LOKIASV2_2712_ESMFold_hypothetical_protein	MGYP001607095070.pdb.gz	MGYP001607095070.pdb.gz	3.367E-06	1.000	254	42	489	489	8	397	401	468	0.916	0.973
LOKIASV2_2712_ESMFold_hypothetical_protein	MGYP001035944687.pdb.gz	MGYP001035944687.pdb.gz	3.226E-06	1.000	254	39	485	489	3	396	424	474	0.914	0.929
LOKIASV2_2712_ESMFold_hypothetical_protein	MGYP000551334820.pdb.gz	MGYP000551334820.pdb.gz	5.344E-07	1.000	252	14	486	489	7	407	630	488	0.967	0.637
LOKIASV2_2712_ESMFold_hypothetical_protein	MGYP001189214988.pdb.gz	MGYP001189214988.pdb.gz	4.743E-06	1.000	251	27	441	489	1	361	362	437	0.849	0.997
LOKIASV2_2712_ESMFold_hypothetical_protein	MGYP002750652596.pdb.gz	MGYP002750652596.pdb.gz	1.070E-05	1.000	249	33	488	489	13	395	399	473	0.933	0.960
LOKIASV2_2712_ESMFold_hypothetical_protein	MGYP003110482458.pdb.gz	MGYP003110482458.pdb.gz	1.849E-06	1.000	249	20	488	489	6	405	407	488	0.959	0.983
LOKIASV2_2712_ESMFold_hypothetical_protein	MGYP002716751945.pdb.gz	MGYP002716751945.pdb.gz	4.353E-06	1.000	248	1	489	489	1	427	427	519	1.000	1.000
LOKIASV2_2712_ESMFold_hypothetical_protein	MGYP000631468761.pdb.gz	MGYP000631468761.pdb.gz	9.323E-07	1.000	248	37	486	489	29	436	494	475	0.920	0.826
LOKIASV2_2712_ESMFold_hypothetical_protein	MGYP000607398237.pdb.gz	MGYP000607398237.pdb.gz	2.837E-06	1.000	247	39	485	489	13	398	436	463	0.914	0.885
LOKIASV2_2712_ESMFold_hypothetical_protein	MGYP002335764563.pdb.gz	MGYP002335764563.pdb.gz	4.353E-06	1.000	247	38	485	489	12	406	438	469	0.916	0.902
LOKIASV2_2712_ESMFold_hypothetical_protein	MGYP000122822861.pdb.gz	MGYP000122822861.pdb.gz	1.258E-06	1.000	247	29	485	489	1	406	444	485	0.935	0.914
LOKIASV2_2712_ESMFold_hypothetical_protein	MGYP000160793028.pdb.gz	MGYP000160793028.pdb.gz	1.756E-07	1.000	247	26	489	489	5	449	497	523	0.949	0.895
LOKIASV2_2712_ESMFold_hypothetical_protein	MGYP000954756108.pdb.gz	MGYP000954756108.pdb.gz	1.849E-06	1.000	245	39	489	489	11	441	441	493	0.922	0.977
LOKIASV2_2712_ESMFold_hypothetical_protein	MGYP000436244721.pdb.gz	MGYP000436244721.pdb.gz	2.195E-06	1.000	245	39	485	489	14	414	448	468	0.914	0.895
LOKIASV2_2712_ESMFold_hypothetical_protein	MGYP000736434866.pdb.gz	MGYP000736434866.pdb.gz	2.718E-06	1.000	244	39	488	489	11	403	433	467	0.920	0.908
LOKIASV2_2712_ESMFold_hypothetical_protein	MGYP001565014779.pdb.gz	MGYP001565014779.pdb.gz	2.391E-06	1.000	244	20	489	489	3	433	446	523	0.961	0.966
LOKIASV2_2712_ESMFold_hypothetical_protein	MGYP001346000653.pdb.gz	MGYP001346000653.pdb.gz	1.493E-06	1.000	244	26	484	489	1	455	495	508	0.939	0.919
LOKIASV2_2712_ESMFold_hypothetical_protein	MGYP001106039321.pdb.gz	MGYP001106039321.pdb.gz	1.626E-06	1.000	243	38	485	489	8	395	424	473	0.916	0.915
LOKIASV2_2712_ESMFold_hypothetical_protein	MGYP001118774678.pdb.gz	MGYP001118774678.pdb.gz	5.577E-07	1.000	243	38	481	489	22	435	507	479	0.908	0.817
LOKIASV2_2712_ESMFold_hypothetical_protein	MGYP002725490810.pdb.gz	MGYP002725490810.pdb.gz	8.558E-07	1.000	243	21	488	489	2	398	627	486	0.957	0.633
LOKIASV2_2712_ESMFold_hypothetical_protein	MGYP001074560932.pdb.gz	MGYP001074560932.pdb.gz	2.015E-06	1.000	242	3	489	489	5	441	492	513	0.996	0.888
LOKIASV2_2712_ESMFold_hypothetical_protein	MGYP001220177130.pdb.gz	MGYP001220177130.pdb.gz	4.544E-06	1.000	241	21	488	489	6	415	457	490	0.957	0.897
LOKIASV2_2712_ESMFold_hypothetical_protein	MGYP003110236472.pdb.gz	MGYP003110236472.pdb.gz	1.025E-05	1.000	240	15	487	489	2	401	405	484	0.967	0.988
LOKIASV2_2712_ESMFold_hypothetical_protein	MGYP003381180299.pdb.gz	MGYP003381180299.pdb.gz	3.226E-06	1.000	240	46	487	489	2	378	428	460	0.904	0.881
LOKIASV2_2712_ESMFold_hypothetical_protein	MGYP001819419956.pdb.gz	MGYP001819419956.pdb.gz	6.132E-06	1.000	240	39	485	489	15	400	429	457	0.914	0.900
LOKIASV2_2712_ESMFold_hypothetical_protein	MGYP000194439316.pdb.gz	MGYP000194439316.pdb.gz	5.628E-06	1.000	240	42	489	489	13	406	446	470	0.916	0.883
LOKIASV2_2712_ESMFold_hypothetical_protein	MGYP001569722381.pdb.gz	MGYP001569722381.pdb.gz	4.171E-06	1.000	240	21	489	489	7	424	463	496	0.959	0.903
LOKIASV2_2712_ESMFold_hypothetical_protein	MGYP001017185383.pdb.gz	MGYP001017185383.pdb.gz	2.605E-06	1.000	240	5	489	489	2	431	468	509	0.992	0.919
LOKIASV2_2712_ESMFold_hypothetical_protein	MGYP003875440727.pdb.gz	MGYP003875440727.pdb.gz	7.595E-06	1.000	239	39	485	489	5	396	434	467	0.914	0.903
LOKIASV2_2712_ESMFold_hypothetical_protein	MGYP003605761453.pdb.gz	MGYP003605761453.pdb.gz	1.155E-06	1.000	239	39	485	489	14	427	470	488	0.914	0.881
LOKIASV2_2712_ESMFold_hypothetical_protein	MGYP001277363862.pdb.gz	MGYP001277363862.pdb.gz	1.025E-05	1.000	239	2	483	489	6	506	547	572	0.986	0.916
LOKIASV2_2712_ESMFold_hypothetical_protein	MGYP001133794422.pdb.gz	MGYP001133794422.pdb.gz	2.962E-06	1.000	238	1	486	489	1	397	424	505	0.994	0.936
LOKIASV2_2712_ESMFold_hypothetical_protein	MGYP000565447703.pdb.gz	MGYP000565447703.pdb.gz	1.106E-06	1.000	238	39	488	489	8	415	434	484	0.920	0.940
LOKIASV2_2712_ESMFold_hypothetical_protein	MGYP001822248282.pdb.gz	MGYP001822248282.pdb.gz	4.353E-06	1.000	238	38	485	489	12	408	448	473	0.916	0.886
LOKIASV2_2712_ESMFold_hypothetical_protein	MGYP000446709861.pdb.gz	MGYP000446709861.pdb.gz	2.718E-06	1.000	238	38	485	489	6	403	449	474	0.916	0.886
LOKIASV2_2712_ESMFold_hypothetical_protein	MGYP003592442772.pdb.gz	MGYP003592442772.pdb.gz	4.544E-06	1.000	238	38	489	489	14	412	464	472	0.924	0.860
LOKIASV2_2712_ESMFold_hypothetical_protein	MGYP000294377774.pdb.gz	MGYP000294377774.pdb.gz	3.515E-06	1.000	237	39	485	489	24	433	443	474	0.914	0.926
LOKIASV2_2712_ESMFold_hypothetical_protein	MGYP000254343149.pdb.gz	MGYP000254343149.pdb.gz	7.927E-06	1.000	237	13	485	489	2	411	443	495	0.967	0.926
LOKIASV2_2712_ESMFold_hypothetical_protein	MGYP001171557137.pdb.gz	MGYP001171557137.pdb.gz	5.167E-06	1.000	236	39	487	489	20	425	489	468	0.918	0.830
LOKIASV2_2712_ESMFold_hypothetical_protein	MGYP002629831820.pdb.gz	MGYP002629831820.pdb.gz	6.680E-06	1.000	236	39	488	489	12	426	741	471	0.920	0.560
LOKIASV2_2712_ESMFold_hypothetical_protein	MGYP000459241363.pdb.gz	MGYP000459241363.pdb.gz	8.636E-06	1.000	235	39	479	489	10	399	400	473	0.902	0.975
LOKIASV2_2712_ESMFold_hypothetical_protein	MGYP000752371213.pdb.gz	MGYP000752371213.pdb.gz	2.837E-06	1.000	235	37	483	489	23	428	500	473	0.914	0.812
LOKIASV2_2712_ESMFold_hypothetical_protein	MGYP000200026786.pdb.gz	MGYP000200026786.pdb.gz	1.698E-06	1.000	235	39	485	489	13	419	545	474	0.914	0.747
LOKIASV2_2712_ESMFold_hypothetical_protein	MGYP000610800166.pdb.gz	MGYP000610800166.pdb.gz	2.962E-06	1.000	234	1	489	489	1	427	427	521	1.000	1.000
LOKIASV2_2712_ESMFold_hypothetical_protein	MGYP001626358806.pdb.gz	MGYP001626358806.pdb.gz	1.849E-06	1.000	234	39	485	489	17	426	537	473	0.914	0.764
LOKIASV2_2712_ESMFold_hypothetical_protein	MGYP000170869386.pdb.gz	MGYP000170869386.pdb.gz	6.076E-07	1.000	233	38	485	489	18	423	424	485	0.916	0.958
LOKIASV2_2712_ESMFold_hypothetical_protein	MGYP000035162737.pdb.gz	MGYP000035162737.pdb.gz	5.167E-06	1.000	233	20	488	489	3	408	432	504	0.959	0.940
LOKIASV2_2712_ESMFold_hypothetical_protein	MGYP000952853433.pdb.gz	MGYP000952853433.pdb.gz	5.628E-06	1.000	233	43	485	489	21	408	438	464	0.906	0.886
LOKIASV2_2712_ESMFold_hypothetical_protein	MGYP001593517377.pdb.gz	MGYP001593517377.pdb.gz	9.323E-07	1.000	233	39	489	489	4	420	618	480	0.922	0.675
LOKIASV2_2712_ESMFold_hypothetical_protein	MGYP000303217889.pdb.gz	MGYP000303217889.pdb.gz	5.821E-07	1.000	232	1	489	489	6	444	488	523	1.000	0.900
LOKIASV2_2712_ESMFold_hypothetical_protein	MGYP000323008820.pdb.gz	MGYP000323008820.pdb.gz	1.788E-05	1.000	231	38	485	489	7	397	426	467	0.916	0.918
LOKIASV2_2712_ESMFold_hypothetical_protein	MGYP000222515200.pdb.gz	MGYP000222515200.pdb.gz	3.668E-06	1.000	231	39	485	489	14	404	436	473	0.914	0.897
LOKIASV2_2712_ESMFold_hypothetical_protein	MGYP000350080511.pdb.gz	MGYP000350080511.pdb.gz	6.680E-06	1.000	231	18	486	489	12	422	455	484	0.959	0.903
LOKIASV2_2712_ESMFold_hypothetical_protein	MGYP000529981448.pdb.gz	MGYP000529981448.pdb.gz	3.668E-06	1.000	231	37	486	489	16	414	464	489	0.920	0.860
LOKIASV2_2712_ESMFold_hypothetical_protein	MGYP000638528738.pdb.gz	MGYP000638528738.pdb.gz	2.015E-06	1.000	231	20	485	489	3	427	480	499	0.953	0.885
LOKIASV2_2712_ESMFold_hypothetical_protein	MGYP000538104230.pdb.gz	MGYP000538104230.pdb.gz	5.393E-06	1.000	231	38	483	489	25	425	492	469	0.912	0.815
LOKIASV2_2712_ESMFold_hypothetical_protein	MGYP001104600635.pdb.gz	MGYP001104600635.pdb.gz	7.526E-07	1.000	231	38	488	489	40	436	492	473	0.922	0.807
LOKIASV2_2712_ESMFold_hypothetical_protein	MGYP003662725908.pdb.gz	MGYP003662725908.pdb.gz	1.025E-05	1.000	230	21	488	489	2	393	397	485	0.957	0.987
LOKIASV2_2712_ESMFold_hypothetical_protein	MGYP001351000398.pdb.gz	MGYP001351000398.pdb.gz	1.641E-05	1.000	230	42	487	489	14	405	406	457	0.912	0.966
LOKIASV2_2712_ESMFold_hypothetical_protein	MGYP001777641939.pdb.gz	MGYP001777641939.pdb.gz	1.930E-06	1.000	230	27	488	489	1	448	461	512	0.945	0.972
LOKIASV2_2712_ESMFold_hypothetical_protein	MGYP001140196839.pdb.gz	MGYP001140196839.pdb.gz	1.772E-06	1.000	230	12	488	489	17	448	481	511	0.975	0.898
LOKIASV2_2712_ESMFold_hypothetical_protein	MGYP000441807497.pdb.gz	MGYP000441807497.pdb.gz	6.342E-07	1.000	230	37	485	489	23	437	487	491	0.918	0.852
LOKIASV2_2712_ESMFold_hypothetical_protein	MGYP000577791009.pdb.gz	MGYP000577791009.pdb.gz	3.226E-06	1.000	230	39	486	489	14	398	615	476	0.916	0.626
LOKIASV2_2712_ESMFold_hypothetical_protein	MGYP000395708149.pdb.gz	MGYP000395708149.pdb.gz	9.014E-06	1.000	229	37	488	489	12	416	445	469	0.924	0.910
LOKIASV2_2712_ESMFold_hypothetical_protein	MGYP001062648084.pdb.gz	MGYP001062648084.pdb.gz	4.950E-06	1.000	229	39	485	489	17	402	450	468	0.914	0.858
LOKIASV2_2712_ESMFold_hypothetical_protein	MGYP000320592045.pdb.gz	MGYP000320592045.pdb.gz	5.167E-06	1.000	229	39	486	489	23	422	504	467	0.916	0.794
LOKIASV2_2712_ESMFold_hypothetical_protein	MGYP003365456635.pdb.gz	MGYP003365456635.pdb.gz	7.526E-07	1.000	229	7	484	489	9	441	507	510	0.978	0.854
LOKIASV2_2712_ESMFold_hypothetical_protein	MGYP001772904366.pdb.gz	MGYP001772904366.pdb.gz	1.396E-04	1.000	228	40	488	489	11	379	383	454	0.918	0.963
LOKIASV2_2712_ESMFold_hypothetical_protein	MGYP001757162788.pdb.gz	MGYP001757162788.pdb.gz	9.819E-06	1.000	228	33	487	489	2	406	416	478	0.930	0.974
LOKIASV2_2712_ESMFold_hypothetical_protein	MGYP002801258185.pdb.gz	MGYP002801258185.pdb.gz	2.605E-06	1.000	228	39	485	489	14	406	437	471	0.914	0.899
LOKIASV2_2712_ESMFold_hypothetical_protein	MGYP000374419082.pdb.gz	MGYP000374419082.pdb.gz	8.274E-06	1.000	228	39	485	489	20	406	442	462	0.914	0.876
LOKIASV2_2712_ESMFold_hypothetical_protein	MGYP001447689805.pdb.gz	MGYP001447689805.pdb.gz	1.626E-06	1.000	228	37	488	489	22	439	493	484	0.924	0.848
LOKIASV2_2712_ESMFold_hypothetical_protein	MGYP000107621248.pdb.gz	MGYP000107621248.pdb.gz	2.473E-07	1.000	228	45	485	489	22	433	500	483	0.902	0.824
LOKIASV2_2712_ESMFold_hypothetical_protein	MGYP000964602121.pdb.gz	MGYP000964602121.pdb.gz	4.950E-06	1.000	228	2	486	489	11	462	507	528	0.992	0.892
LOKIASV2_2712_ESMFold_hypothetical_protein	MGYP003985299937.pdb.gz	MGYP003985299937.pdb.gz	6.132E-06	1.000	227	20	488	489	2	397	400	483	0.959	0.990
LOKIASV2_2712_ESMFold_hypothetical_protein	MGYP000950867884.pdb.gz	MGYP000950867884.pdb.gz	1.216E-05	1.000	227	37	487	489	8	425	426	486	0.922	0.981
LOKIASV2_2712_ESMFold_hypothetical_protein	MGYP001262275183.pdb.gz	MGYP001262275183.pdb.gz	3.515E-06	1.000	227	5	485	489	8	443	517	522	0.984	0.843
LOKIASV2_2712_ESMFold_hypothetical_protein	MGYP000366939137.pdb.gz	MGYP000366939137.pdb.gz	4.544E-06	1.000	226	14	488	489	19	448	454	523	0.971	0.947
LOKIASV2_2712_ESMFold_hypothetical_protein	MGYP003361602539.pdb.gz	MGYP003361602539.pdb.gz	9.014E-06	1.000	226	37	488	489	14	423	457	476	0.924	0.897
LOKIASV2_2712_ESMFold_hypothetical_protein	MGYP000124532752.pdb.gz	MGYP000124532752.pdb.gz	5.393E-06	1.000	226	38	488	489	17	415	461	472	0.922	0.866
LOKIASV2_2712_ESMFold_hypothetical_protein	MGYP001161340051.pdb.gz	MGYP001161340051.pdb.gz	1.948E-05	1.000	225	21	486	489	2	396	398	481	0.953	0.992
LOKIASV2_2712_ESMFold_hypothetical_protein	MGYP001800813987.pdb.gz	MGYP001800813987.pdb.gz	1.216E-05	1.000	225	40	485	489	4	414	463	476	0.912	0.888
LOKIASV2_2712_ESMFold_hypothetical_protein	MGYP003631898730.pdb.gz	MGYP003631898730.pdb.gz	1.558E-06	1.000	225	24	485	489	7	427	481	493	0.945	0.875
LOKIASV2_2712_ESMFold_hypothetical_protein	MGYP001252636387.pdb.gz	MGYP001252636387.pdb.gz	3.367E-06	1.000	225	42	485	489	69	462	537	479	0.908	0.734
LOKIASV2_2712_ESMFold_hypothetical_protein	MGYP000240226316.pdb.gz	MGYP000240226316.pdb.gz	6.680E-06	1.000	225	30	485	489	43	588	633	595	0.933	0.863
LOKIASV2_2712_ESMFold_hypothetical_protein	MGYP000228978413.pdb.gz	MGYP000228978413.pdb.gz	9.408E-06	1.000	224	42	485	489	18	417	436	470	0.908	0.917
LOKIASV2_2712_ESMFold_hypothetical_protein	MGYP000123198928.pdb.gz	MGYP000123198928.pdb.gz	3.668E-06	1.000	224	39	487	489	8	412	442	482	0.918	0.916
LOKIASV2_2712_ESMFold_hypothetical_protein	MGYP001114459275.pdb.gz	MGYP001114459275.pdb.gz	2.103E-06	1.000	224	38	484	489	13	417	486	480	0.914	0.833
LOKIASV2_2712_ESMFold_hypothetical_protein	MGYP003361878305.pdb.gz	MGYP003361878305.pdb.gz	1.370E-06	1.000	224	14	485	489	23	488	593	520	0.965	0.786
LOKIASV2_2712_ESMFold_hypothetical_protein	MGYP000421182593.pdb.gz	MGYP000421182593.pdb.gz	1.070E-05	1.000	223	38	479	489	12	405	405	472	0.904	0.973
LOKIASV2_2712_ESMFold_hypothetical_protein	MGYP001278452033.pdb.gz	MGYP001278452033.pdb.gz	1.270E-05	1.000	223	39	489	489	11	407	433	472	0.922	0.917
LOKIASV2_2712_ESMFold_hypothetical_protein	MGYP000636891049.pdb.gz	MGYP000636891049.pdb.gz	2.195E-06	1.000	223	23	488	489	16	421	463	490	0.953	0.877
LOKIASV2_2712_ESMFold_hypothetical_protein	MGYP001256619717.pdb.gz	MGYP001256619717.pdb.gz	3.367E-06	1.000	223	4	488	489	4	450	501	535	0.992	0.892
LOKIASV2_2712_ESMFold_hypothetical_protein	MGYP000549860759.pdb.gz	MGYP000549860759.pdb.gz	1.370E-06	1.000	222	38	488	489	12	416	421	485	0.922	0.962
LOKIASV2_2712_ESMFold_hypothetical_protein	MGYP000468683417.pdb.gz	MGYP000468683417.pdb.gz	6.972E-06	1.000	222	39	488	489	14	412	442	477	0.920	0.903
LOKIASV2_2712_ESMFold_hypothetical_protein	MGYP000370054698.pdb.gz	MGYP000370054698.pdb.gz	4.544E-06	1.000	222	10	489	489	7	426	467	509	0.982	0.899
LOKIASV2_2712_ESMFold_hypothetical_protein	MGYP001159231982.pdb.gz	MGYP001159231982.pdb.gz	2.837E-06	1.000	222	20	485	489	5	422	535	508	0.953	0.781
LOKIASV2_2712_ESMFold_hypothetical_protein	MGYP001616815636.pdb.gz	MGYP001616815636.pdb.gz	3.429E-04	1.000	221	228	486	489	2	260	335	261	0.530	0.773
LOKIASV2_2712_ESMFold_hypothetical_protein	MGYP003631220942.pdb.gz	MGYP003631220942.pdb.gz	4.743E-06	1.000	221	38	487	489	13	396	431	466	0.920	0.891
LOKIASV2_2712_ESMFold_hypothetical_protein	MGYP003361893732.pdb.gz	MGYP003361893732.pdb.gz	1.070E-05	1.000	221	30	485	489	33	438	441	479	0.933	0.921
LOKIASV2_2712_ESMFold_hypothetical_protein	MGYP001439654428.pdb.gz	MGYP001439654428.pdb.gz	9.014E-06	1.000	221	38	489	489	17	420	456	480	0.924	0.886
LOKIASV2_2712_ESMFold_hypothetical_protein	MGYP001003499412.pdb.gz	MGYP001003499412.pdb.gz	1.116E-05	1.000	221	39	484	489	53	466	540	482	0.912	0.767
LOKIASV2_2712_ESMFold_hypothetical_protein	MGYP001135415627.pdb.gz	MGYP001135415627.pdb.gz	1.070E-05	1.000	220	39	488	489	10	401	426	473	0.920	0.920
LOKIASV2_2712_ESMFold_hypothetical_protein	MGYP003521787160.pdb.gz	MGYP003521787160.pdb.gz	1.788E-05	1.000	220	45	486	489	4	398	442	469	0.904	0.894
LOKIASV2_2712_ESMFold_hypothetical_protein	MGYP001098424290.pdb.gz	MGYP001098424290.pdb.gz	1.443E-05	1.000	220	38	485	489	14	408	447	471	0.916	0.884
LOKIASV2_2712_ESMFold_hypothetical_protein	MGYP000927931785.pdb.gz	MGYP000927931785.pdb.gz	6.680E-06	1.000	220	20	485	489	3	437	470	511	0.953	0.926
LOKIASV2_2712_ESMFold_hypothetical_protein	MGYP003335352110.pdb.gz	MGYP003335352110.pdb.gz	5.393E-06	1.000	220	36	489	489	29	443	490	489	0.928	0.847
LOKIASV2_2712_ESMFold_hypothetical_protein	MGYP003624109752.pdb.gz	MGYP003624109752.pdb.gz	3.515E-06	1.000	220	21	486	489	3	451	528	519	0.953	0.850
LOKIASV2_2712_ESMFold_hypothetical_protein	MGYP001018866368.pdb.gz	MGYP001018866368.pdb.gz	8.636E-06	1.000	219	14	485	489	3	395	427	491	0.965	0.920
LOKIASV2_2712_ESMFold_hypothetical_protein	MGYP002780524146.pdb.gz	MGYP002780524146.pdb.gz	3.996E-06	1.000	219	20	488	489	28	433	458	496	0.959	0.886
LOKIASV2_2712_ESMFold_hypothetical_protein	MGYP000218401920.pdb.gz	MGYP000218401920.pdb.gz	1.025E-05	1.000	219	2	489	489	35	489	527	535	0.998	0.863
LOKIASV2_2712_ESMFold_hypothetical_protein	MGYP001343291400.pdb.gz	MGYP001343291400.pdb.gz	5.167E-06	1.000	219	5	485	489	70	517	613	518	0.984	0.731
LOKIASV2_2712_ESMFold_hypothetical_protein	MGYP001432926639.pdb.gz	MGYP001432926639.pdb.gz	4.950E-06	1.000	218	20	486	489	6	416	451	499	0.955	0.911
LOKIASV2_2712_ESMFold_hypothetical_protein	MGYP000347017790.pdb.gz	MGYP000347017790.pdb.gz	9.408E-06	1.000	218	42	485	489	11	411	452	469	0.908	0.887
LOKIASV2_2712_ESMFold_hypothetical_protein	MGYP001772539204.pdb.gz	MGYP001772539204.pdb.gz	3.829E-06	1.000	218	36	483	489	17	419	479	474	0.916	0.841
LOKIASV2_2712_ESMFold_hypothetical_protein	MGYP001791650347.pdb.gz	MGYP001791650347.pdb.gz	7.595E-06	1.000	218	7	489	489	5	452	501	514	0.988	0.894
LOKIASV2_2712_ESMFold_hypothetical_protein	MGYP000185082532.pdb.gz	MGYP000185082532.pdb.gz	1.165E-05	1.000	217	36	487	489	13	404	444	478	0.924	0.883
LOKIASV2_2712_ESMFold_hypothetical_protein	MGYP002640563236.pdb.gz	MGYP002640563236.pdb.gz	1.866E-05	1.000	217	38	488	489	9	421	452	474	0.922	0.914
LOKIASV2_2712_ESMFold_hypothetical_protein	MGYP000104652400.pdb.gz	MGYP000104652400.pdb.gz	5.393E-06	1.000	217	4	485	489	6	423	462	511	0.986	0.905
LOKIASV2_2712_ESMFold_hypothetical_protein	MGYP003626032031.pdb.gz	MGYP003626032031.pdb.gz	1.788E-05	1.000	217	37	485	489	16	424	468	482	0.918	0.874
LOKIASV2_2712_ESMFold_hypothetical_protein	MGYP000679094411.pdb.gz	MGYP000679094411.pdb.gz	2.033E-05	1.000	217	4	487	489	2	433	479	509	0.990	0.902
LOKIASV2_2712_ESMFold_hypothetical_protein	MGYP001127569120.pdb.gz	MGYP001127569120.pdb.gz	7.927E-06	1.000	217	37	483	489	24	430	487	478	0.914	0.836
LOKIASV2_2712_ESMFold_hypothetical_protein	MGYP000916670935.pdb.gz	MGYP000916670935.pdb.gz	1.270E-05	1.000	217	37	486	489	20	424	746	471	0.920	0.543
LOKIASV2_2712_ESMFold_hypothetical_protein	MGYP000633013875.pdb.gz	MGYP000633013875.pdb.gz	2.215E-05	1.000	216	13	433	489	52	413	414	432	0.861	0.874
LOKIASV2_2712_ESMFold_hypothetical_protein	MGYP000199741829.pdb.gz	MGYP000199741829.pdb.gz	1.507E-05	1.000	216	26	489	489	15	423	426	494	0.949	0.960
LOKIASV2_2712_ESMFold_hypothetical_protein	MGYP001345940548.pdb.gz	MGYP001345940548.pdb.gz	4.743E-06	1.000	216	37	489	489	38	469	469	505	0.926	0.921
LOKIASV2_2712_ESMFold_hypothetical_protein	MGYP000650327935.pdb.gz	MGYP000650327935.pdb.gz	6.132E-06	1.000	216	14	485	489	10	416	487	492	0.965	0.836
LOKIASV2_2712_ESMFold_hypothetical_protein	MGYP000240310740.pdb.gz	MGYP000240310740.pdb.gz	3.829E-06	1.000	216	24	486	489	2	432	489	510	0.947	0.881
LOKIASV2_2712_ESMFold_hypothetical_protein	MGYP000064367330.pdb.gz	MGYP000064367330.pdb.gz	1.573E-05	1.000	216	39	483	489	24	425	490	474	0.910	0.820
LOKIASV2_2712_ESMFold_hypothetical_protein	MGYP000620707109.pdb.gz	MGYP000620707109.pdb.gz	6.972E-06	1.000	216	14	485	489	9	435	562	500	0.965	0.760
LOKIASV2_2712_ESMFold_hypothetical_protein	MGYP001013601084.pdb.gz	MGYP001013601084.pdb.gz	7.277E-06	1.000	216	4	488	489	7	511	566	575	0.992	0.892
LOKIASV2_2712_ESMFold_hypothetical_protein	MGYP000675222026.pdb.gz	MGYP000675222026.pdb.gz	7.277E-06	1.000	216	38	488	489	40	456	618	483	0.922	0.675
LOKIASV2_2712_ESMFold_hypothetical_protein	MGYP000016119564.pdb.gz	MGYP000016119564.pdb.gz	5.680E-05	1.000	215	39	485	489	12	407	437	473	0.914	0.906
LOKIASV2_2712_ESMFold_hypothetical_protein	MGYP000904639773.pdb.gz	MGYP000904639773.pdb.gz	8.636E-06	1.000	215	39	485	489	21	427	468	486	0.914	0.870
LOKIASV2_2712_ESMFold_hypothetical_protein	MGYP002784156083.pdb.gz	MGYP002784156083.pdb.gz	3.996E-06	1.000	215	2	488	489	10	435	471	517	0.996	0.904
LOKIASV2_2712_ESMFold_hypothetical_protein	MGYP000414307341.pdb.gz	MGYP000414307341.pdb.gz	2.837E-06	1.000	215	14	488	489	6	449	500	520	0.971	0.888
LOKIASV2_2712_ESMFold_hypothetical_protein	MGYP001150535446.pdb.gz	MGYP001150535446.pdb.gz	7.927E-06	1.000	215	39	483	489	13	417	523	468	0.910	0.774
LOKIASV2_2712_ESMFold_hypothetical_protein	MGYP001547934965.pdb.gz	MGYP001547934965.pdb.gz	1.165E-05	1.000	215	43	485	489	15	429	539	476	0.906	0.770
LOKIASV2_2712_ESMFold_hypothetical_protein	MGYP001623201967.pdb.gz	MGYP001623201967.pdb.gz	1.713E-05	1.000	214	42	486	489	9	402	464	473	0.910	0.849
LOKIASV2_2712_ESMFold_hypothetical_protein	MGYP000072294621.pdb.gz	MGYP000072294621.pdb.gz	2.628E-05	1.000	214	39	485	489	11	416	525	463	0.914	0.773
LOKIASV2_2712_ESMFold_hypothetical_protein	MGYP000977358072.pdb.gz	MGYP000977358072.pdb.gz	2.413E-05	1.000	213	1	488	489	1	423	446	524	0.998	0.948
LOKIASV2_2712_ESMFold_hypothetical_protein	MGYP000438029683.pdb.gz	MGYP000438029683.pdb.gz	9.096E-05	1.000	213	39	489	489	13	417	453	473	0.922	0.894
LOKIASV2_2712_ESMFold_hypothetical_protein	MGYP001457579403.pdb.gz	MGYP001457579403.pdb.gz	5.167E-06	1.000	213	39	488	489	8	408	453	483	0.920	0.885
LOKIASV2_2712_ESMFold_hypothetical_protein	MGYP001572363241.pdb.gz	MGYP001572363241.pdb.gz	1.788E-05	1.000	213	39	483	489	21	439	510	474	0.910	0.822
LOKIASV2_2712_ESMFold_hypothetical_protein	MGYP001190485568.pdb.gz	MGYP001190485568.pdb.gz	1.070E-05	1.000	213	39	488	489	13	433	529	489	0.920	0.796
LOKIASV2_2712_ESMFold_hypothetical_protein	MGYP003575957004.pdb.gz	MGYP003575957004.pdb.gz	1.626E-06	1.000	213	27	486	489	21	458	630	495	0.941	0.695
LOKIASV2_2712_ESMFold_hypothetical_protein	MGYP000058625121.pdb.gz	MGYP000058625121.pdb.gz	9.408E-06	1.000	212	38	481	489	3	406	411	475	0.908	0.983
LOKIASV2_2712_ESMFold_hypothetical_protein	MGYP000366997568.pdb.gz	MGYP000366997568.pdb.gz	1.070E-05	1.000	212	37	480	489	12	429	437	488	0.908	0.957
LOKIASV2_2712_ESMFold_hypothetical_protein	MGYP000639000578.pdb.gz	MGYP000639000578.pdb.gz	5.167E-06	1.000	212	5	489	489	22	447	476	524	0.992	0.895
LOKIASV2_2712_ESMFold_hypothetical_protein	MGYP000165489386.pdb.gz	MGYP000165489386.pdb.gz	1.626E-06	1.000	212	14	484	489	5	432	486	511	0.963	0.881
LOKIASV2_2712_ESMFold_hypothetical_protein	MGYP003708717131.pdb.gz	MGYP003708717131.pdb.gz	1.025E-05	1.000	212	39	486	489	14	437	492	488	0.916	0.862
LOKIASV2_2712_ESMFold_hypothetical_protein	MGYP000188123628.pdb.gz	MGYP000188123628.pdb.gz	6.680E-06	1.000	212	39	487	489	12	438	515	489	0.918	0.829
LOKIASV2_2712_ESMFold_hypothetical_protein	MGYP000382056340.pdb.gz	MGYP000382056340.pdb.gz	1.216E-05	1.000	211	36	485	489	7	397	424	472	0.920	0.922
LOKIASV2_2712_ESMFold_hypothetical_protein	MGYP001285002766.pdb.gz	MGYP001285002766.pdb.gz	4.786E-05	1.000	211	39	485	489	10	403	437	467	0.914	0.902
LOKIASV2_2712_ESMFold_hypothetical_protein	MGYP001126985277.pdb.gz	MGYP001126985277.pdb.gz	4.544E-06	1.000	211	1	488	489	1	429	464	514	0.998	0.925
LOKIASV2_2712_ESMFold_hypothetical_protein	MGYP002654402323.pdb.gz	MGYP002654402323.pdb.gz	2.518E-05	1.000	211	40	489	489	16	424	467	473	0.920	0.876
LOKIASV2_2712_ESMFold_hypothetical_protein	MGYP000331753616.pdb.gz	MGYP000331753616.pdb.gz	6.132E-06	1.000	211	14	489	489	13	461	505	525	0.973	0.889
LOKIASV2_2712_ESMFold_hypothetical_protein	MGYP001179525157.pdb.gz	MGYP001179525157.pdb.gz	4.209E-05	1.000	210	38	462	489	19	394	397	442	0.869	0.947
LOKIASV2_2712_ESMFold_hypothetical_protein	MGYP000729807634.pdb.gz	MGYP000729807634.pdb.gz	9.819E-06	1.000	210	14	485	489	7	430	464	501	0.965	0.914
LOKIASV2_2712_ESMFold_hypothetical_protein	MGYP001154670271.pdb.gz	MGYP001154670271.pdb.gz	4.033E-05	1.000	210	43	485	489	12	421	467	477	0.906	0.878
LOKIASV2_2712_ESMFold_hypothetical_protein	MGYP000494671908.pdb.gz	MGYP000494671908.pdb.gz	2.103E-06	1.000	209	39	485	489	9	415	457	489	0.914	0.891
LOKIASV2_2712_ESMFold_hypothetical_protein	MGYP000155659495.pdb.gz	MGYP000155659495.pdb.gz	1.383E-05	1.000	209	38	488	489	16	424	462	481	0.922	0.885
LOKIASV2_2712_ESMFold_hypothetical_protein	MGYP000217016196.pdb.gz	MGYP000217016196.pdb.gz	2.605E-06	1.000	209	38	486	489	19	423	474	487	0.918	0.854
LOKIASV2_2712_ESMFold_hypothetical_protein	MGYP000048688981.pdb.gz	MGYP000048688981.pdb.gz	1.060E-06	1.000	209	6	487	489	5	473	491	546	0.986	0.955
LOKIASV2_2712_ESMFold_hypothetical_protein	MGYP001596266345.pdb.gz	MGYP001596266345.pdb.gz	5.167E-06	1.000	208	38	477	489	34	425	426	472	0.900	0.920
LOKIASV2_2712_ESMFold_hypothetical_protein	MGYP000889079411.pdb.gz	MGYP000889079411.pdb.gz	1.070E-05	1.000	208	28	484	489	1	410	438	488	0.935	0.936
LOKIASV2_2712_ESMFold_hypothetical_protein	MGYP000200494886.pdb.gz	MGYP000200494886.pdb.gz	9.819E-06	1.000	208	27	485	489	13	440	443	507	0.939	0.966
LOKIASV2_2712_ESMFold_hypothetical_protein	MGYP000751157816.pdb.gz	MGYP000751157816.pdb.gz	1.573E-05	1.000	208	19	485	489	2	417	444	510	0.955	0.937
LOKIASV2_2712_ESMFold_hypothetical_protein	MGYP002133338936.pdb.gz	MGYP002133338936.pdb.gz	6.972E-06	1.000	208	40	485	489	16	419	457	479	0.912	0.884
LOKIASV2_2712_ESMFold_hypothetical_protein	MGYP000654572786.pdb.gz	MGYP000654572786.pdb.gz	2.743E-05	1.000	208	44	485	489	13	421	465	473	0.904	0.880
LOKIASV2_2712_ESMFold_hypothetical_protein	MGYP001626185376.pdb.gz	MGYP001626185376.pdb.gz	1.025E-05	1.000	208	35	489	489	17	433	474	489	0.930	0.880
LOKIASV2_2712_ESMFold_hypothetical_protein	MGYP000415755241.pdb.gz	MGYP000415755241.pdb.gz	2.312E-05	1.000	207	5	489	489	9	428	428	519	0.992	0.981
LOKIASV2_2712_ESMFold_hypothetical_protein	MGYP001816080128.pdb.gz	MGYP001816080128.pdb.gz	3.996E-06	1.000	207	7	487	489	14	427	428	515	0.984	0.967
LOKIASV2_2712_ESMFold_hypothetical_protein	MGYP003293284082.pdb.gz	MGYP003293284082.pdb.gz	1.788E-05	1.000	207	27	488	489	1	415	443	497	0.945	0.937
LOKIASV2_2712_ESMFold_hypothetical_protein	MGYP001587052224.pdb.gz	MGYP001587052224.pdb.gz	1.866E-05	1.000	207	41	484	489	9	411	445	469	0.908	0.906
LOKIASV2_2712_ESMFold_hypothetical_protein	MGYP003606360284.pdb.gz	MGYP003606360284.pdb.gz	1.713E-05	1.000	207	21	485	489	5	415	454	496	0.951	0.905
LOKIASV2_2712_ESMFold_hypothetical_protein	MGYP001821068060.pdb.gz	MGYP001821068060.pdb.gz	3.119E-05	1.000	207	38	485	489	10	420	462	483	0.916	0.890
LOKIASV2_2712_ESMFold_hypothetical_protein	MGYP000606604246.pdb.gz	MGYP000606604246.pdb.gz	2.122E-05	1.000	207	36	483	489	17	418	481	476	0.916	0.836
LOKIASV2_2712_ESMFold_hypothetical_protein	MGYP000403127079.pdb.gz	MGYP000403127079.pdb.gz	3.996E-06	1.000	207	13	483	489	6	435	495	510	0.963	0.869
LOKIASV2_2712_ESMFold_hypothetical_protein	MGYP002719447093.pdb.gz	MGYP002719447093.pdb.gz	8.636E-06	1.000	207	24	488	489	40	469	517	497	0.951	0.832
LOKIASV2_2712_ESMFold_hypothetical_protein	MGYP001066859248.pdb.gz	MGYP001066859248.pdb.gz	1.270E-05	1.000	207	39	485	489	11	417	537	475	0.914	0.758
LOKIASV2_2712_ESMFold_hypothetical_protein	MGYP001626378863.pdb.gz	MGYP001626378863.pdb.gz	2.628E-05	1.000	207	27	486	489	6	457	563	513	0.941	0.803
LOKIASV2_2712_ESMFold_hypothetical_protein	MGYP001560001800.pdb.gz	MGYP001560001800.pdb.gz	7.665E-05	1.000	206	43	484	489	13	395	420	454	0.904	0.912
LOKIASV2_2712_ESMFold_hypothetical_protein	MGYP001585936205.pdb.gz	MGYP001585936205.pdb.gz	4.786E-05	1.000	206	18	486	489	11	399	440	485	0.959	0.884
LOKIASV2_2712_ESMFold_hypothetical_protein	MGYP000585284240.pdb.gz	MGYP000585284240.pdb.gz	3.547E-05	1.000	206	39	485	489	17	414	448	477	0.914	0.888
LOKIASV2_2712_ESMFold_hypothetical_protein	MGYP001340736651.pdb.gz	MGYP001340736651.pdb.gz	1.507E-05	1.000	206	20	488	489	16	434	455	510	0.959	0.921
LOKIASV2_2712_ESMFold_hypothetical_protein	MGYP001614528711.pdb.gz	MGYP001614528711.pdb.gz	2.215E-05	1.000	206	1	488	489	1	424	458	511	0.998	0.926
LOKIASV2_2712_ESMFold_hypothetical_protein	MGYP001392165818.pdb.gz	MGYP001392165818.pdb.gz	1.070E-05	1.000	206	25	485	489	6	427	460	499	0.943	0.917
LOKIASV2_2712_ESMFold_hypothetical_protein	MGYP003417931208.pdb.gz	MGYP003417931208.pdb.gz	9.014E-06	1.000	206	36	484	489	9	418	460	482	0.918	0.891
LOKIASV2_2712_ESMFold_hypothetical_protein	MGYP000742305909.pdb.gz	MGYP000742305909.pdb.gz	5.875E-06	1.000	206	14	485	489	8	428	474	503	0.965	0.888
LOKIASV2_2712_ESMFold_hypothetical_protein	MGYP000275765536.pdb.gz	MGYP000275765536.pdb.gz	2.215E-05	1.000	206	14	486	489	2	438	493	502	0.967	0.886
LOKIASV2_2712_ESMFold_hypothetical_protein	MGYP001557720095.pdb.gz	MGYP001557720095.pdb.gz	9.819E-06	1.000	206	38	483	489	25	449	502	506	0.912	0.847
LOKIASV2_2712_ESMFold_hypothetical_protein	MGYP000527631616.pdb.gz	MGYP000527631616.pdb.gz	4.209E-05	1.000	205	38	488	489	8	408	436	478	0.922	0.920
LOKIASV2_2712_ESMFold_hypothetical_protein	MGYP003417597859.pdb.gz	MGYP003417597859.pdb.gz	2.033E-05	1.000	205	39	489	489	24	436	484	487	0.922	0.853
LOKIASV2_2712_ESMFold_hypothetical_protein	MGYP003397580846.pdb.gz	MGYP003397580846.pdb.gz	3.864E-05	1.000	204	36	452	489	9	355	373	429	0.853	0.930
LOKIASV2_2712_ESMFold_hypothetical_protein	MGYP000300295482.pdb.gz	MGYP000300295482.pdb.gz	1.573E-05	1.000	204	21	486	489	4	413	445	490	0.953	0.921
LOKIASV2_2712_ESMFold_hypothetical_protein	MGYP001262797184.pdb.gz	MGYP001262797184.pdb.gz	2.743E-05	1.000	204	38	487	489	8	399	451	482	0.920	0.869
LOKIASV2_2712_ESMFold_hypothetical_protein	MGYP000515668737.pdb.gz	MGYP000515668737.pdb.gz	6.458E-05	1.000	204	43	485	489	10	420	463	482	0.906	0.888
LOKIASV2_2712_ESMFold_hypothetical_protein	MGYP000740089619.pdb.gz	MGYP000740089619.pdb.gz	2.743E-05	1.000	204	43	485	489	14	422	473	481	0.906	0.865
LOKIASV2_2712_ESMFold_hypothetical_protein	MGYP003404899451.pdb.gz	MGYP003404899451.pdb.gz	3.702E-05	1.000	204	8	485	489	4	443	475	517	0.978	0.926
LOKIASV2_2712_ESMFold_hypothetical_protein	MGYP001364665510.pdb.gz	MGYP001364665510.pdb.gz	1.216E-05	1.000	204	35	488	489	12	428	476	492	0.928	0.876
LOKIASV2_2712_ESMFold_hypothetical_protein	MGYP001434298607.pdb.gz	MGYP001434298607.pdb.gz	5.628E-06	1.000	204	36	482	489	22	424	485	477	0.914	0.831
LOKIASV2_2712_ESMFold_hypothetical_protein	MGYP000227294963.pdb.gz	MGYP000227294963.pdb.gz	9.408E-06	1.000	204	39	486	489	16	441	494	493	0.916	0.862
LOKIASV2_2712_ESMFold_hypothetical_protein	MGYP000094250854.pdb.gz	MGYP000094250854.pdb.gz	7.343E-05	1.000	203	29	375	489	76	379	381	359	0.710	0.798
LOKIASV2_2712_ESMFold_hypothetical_protein	MGYP000897050811.pdb.gz	MGYP000897050811.pdb.gz	2.518E-05	1.000	203	38	481	489	4	389	398	470	0.908	0.970
LOKIASV2_2712_ESMFold_hypothetical_protein	MGYP000727737706.pdb.gz	MGYP000727737706.pdb.gz	8.350E-05	1.000	203	13	485	489	4	405	445	489	0.967	0.903
LOKIASV2_2712_ESMFold_hypothetical_protein	MGYP003567024816.pdb.gz	MGYP003567024816.pdb.gz	3.547E-05	1.000	203	38	488	489	17	411	447	478	0.922	0.884
LOKIASV2_2712_ESMFold_hypothetical_protein	MGYP001626165078.pdb.gz	MGYP001626165078.pdb.gz	8.636E-06	1.000	203	38	488	489	27	443	458	494	0.922	0.910
LOKIASV2_2712_ESMFold_hypothetical_protein	MGYP000953233159.pdb.gz	MGYP000953233159.pdb.gz	2.743E-05	1.000	203	37	489	489	19	425	469	486	0.926	0.868
LOKIASV2_2712_ESMFold_hypothetical_protein	MGYP001094280821.pdb.gz	MGYP001094280821.pdb.gz	3.256E-05	1.000	203	41	489	489	29	441	484	480	0.918	0.853
LOKIASV2_2712_ESMFold_hypothetical_protein	MGYP001770710183.pdb.gz	MGYP001770710183.pdb.gz	5.875E-06	1.000	203	39	485	489	17	438	498	496	0.914	0.847
LOKIASV2_2712_ESMFold_hypothetical_protein	MGYP000101721359.pdb.gz	MGYP000101721359.pdb.gz	2.033E-05	1.000	203	38	486	489	33	439	504	481	0.918	0.808
LOKIASV2_2712_ESMFold_hypothetical_protein	MGYP000149367914.pdb.gz	MGYP000149367914.pdb.gz	4.033E-05	1.000	203	39	485	489	74	481	541	478	0.914	0.754
LOKIASV2_2712_ESMFold_hypothetical_protein	MGYP001406422673.pdb.gz	MGYP001406422673.pdb.gz	1.713E-05	1.000	203	41	485	489	15	425	552	480	0.910	0.745
LOKIASV2_2712_ESMFold_hypothetical_protein	MGYP003624119683.pdb.gz	MGYP003624119683.pdb.gz	2.518E-05	1.000	202	39	488	489	10	391	431	466	0.920	0.886
LOKIASV2_2712_ESMFold_hypothetical_protein	MGYP000893923815.pdb.gz	MGYP000893923815.pdb.gz	8.715E-05	1.000	202	37	486	489	12	405	436	465	0.920	0.904
LOKIASV2_2712_ESMFold_hypothetical_protein	MGYP001365111186.pdb.gz	MGYP001365111186.pdb.gz	2.628E-05	1.000	202	38	488	489	10	406	436	472	0.922	0.911
LOKIASV2_2712_ESMFold_hypothetical_protein	MGYP000071902203.pdb.gz	MGYP000071902203.pdb.gz	1.866E-05	1.000	202	26	465	489	5	441	443	497	0.900	0.986
LOKIASV2_2712_ESMFold_hypothetical_protein	MGYP000615363473.pdb.gz	MGYP000615363473.pdb.gz	6.188E-05	1.000	202	39	485	489	9	400	462	465	0.914	0.848
LOKIASV2_2712_ESMFold_hypothetical_protein	MGYP001097317411.pdb.gz	MGYP001097317411.pdb.gz	2.413E-05	1.000	202	8	489	489	4	429	463	515	0.986	0.920
LOKIASV2_2712_ESMFold_hypothetical_protein	MGYP000413180636.pdb.gz	MGYP000413180636.pdb.gz	7.927E-06	1.000	202	3	485	489	20	470	512	535	0.988	0.881
LOKIASV2_2712_ESMFold_hypothetical_protein	MGYP001620114127.pdb.gz	MGYP001620114127.pdb.gz	6.188E-05	1.000	201	36	484	489	2	368	376	465	0.918	0.976
LOKIASV2_2712_ESMFold_hypothetical_protein	MGYP002040701747.pdb.gz	MGYP002040701747.pdb.gz	4.033E-05	1.000	201	26	480	489	6	405	410	491	0.930	0.976
LOKIASV2_2712_ESMFold_hypothetical_protein	MGYP001398704585.pdb.gz	MGYP001398704585.pdb.gz	5.214E-05	1.000	201	38	484	489	17	405	447	475	0.914	0.870
LOKIASV2_2712_ESMFold_hypothetical_protein	MGYP001474810598.pdb.gz	MGYP001474810598.pdb.gz	8.274E-06	1.000	201	5	485	489	19	426	458	507	0.984	0.891
LOKIASV2_2712_ESMFold_hypothetical_protein	MGYP001828967325.pdb.gz	MGYP001828967325.pdb.gz	9.819E-06	1.000	201	5	489	489	6	436	460	536	0.992	0.937
LOKIASV2_2712_ESMFold_hypothetical_protein	MGYP002647548918.pdb.gz	MGYP002647548918.pdb.gz	2.033E-05	1.000	200	31	485	489	15	433	436	494	0.930	0.961
LOKIASV2_2712_ESMFold_hypothetical_protein	MGYP000083940827.pdb.gz	MGYP000083940827.pdb.gz	9.909E-05	1.000	200	38	485	489	18	407	438	468	0.916	0.890
LOKIASV2_2712_ESMFold_hypothetical_protein	MGYP000308266699.pdb.gz	MGYP000308266699.pdb.gz	1.573E-05	1.000	200	14	489	489	2	410	438	515	0.973	0.934
LOKIASV2_2712_ESMFold_hypothetical_protein	MGYP000962557207.pdb.gz	MGYP000962557207.pdb.gz	7.036E-05	1.000	200	39	488	489	14	414	445	476	0.920	0.901
LOKIASV2_2712_ESMFold_hypothetical_protein	MGYP001111713442.pdb.gz	MGYP001111713442.pdb.gz	2.541E-04	1.000	199	39	442	489	9	363	364	416	0.826	0.975
LOKIASV2_2712_ESMFold_hypothetical_protein	MGYP001087921429.pdb.gz	MGYP001087921429.pdb.gz	4.786E-05	1.000	199	31	450	489	2	379	419	442	0.859	0.902
LOKIASV2_2712_ESMFold_hypothetical_protein	MGYP000022832494.pdb.gz	MGYP000022832494.pdb.gz	5.442E-05	1.000	199	39	488	489	11	403	432	472	0.920	0.910
LOKIASV2_2712_ESMFold_hypothetical_protein	MGYP003503125940.pdb.gz	MGYP003503125940.pdb.gz	3.256E-05	1.000	199	38	488	489	9	412	433	477	0.922	0.933
LOKIASV2_2712_ESMFold_hypothetical_protein	MGYP003290151980.pdb.gz	MGYP003290151980.pdb.gz	1.281E-04	1.000	199	39	488	489	8	410	438	465	0.920	0.920
LOKIASV2_2712_ESMFold_hypothetical_protein	MGYP001049876431.pdb.gz	MGYP001049876431.pdb.gz	8.000E-05	1.000	199	37	488	489	9	410	446	465	0.924	0.901
LOKIASV2_2712_ESMFold_hypothetical_protein	MGYP000218061526.pdb.gz	MGYP000218061526.pdb.gz	5.928E-05	1.000	199	38	482	489	7	436	464	495	0.910	0.927
LOKIASV2_2712_ESMFold_hypothetical_protein	MGYP000721073565.pdb.gz	MGYP000721073565.pdb.gz	2.628E-05	1.000	199	38	485	489	17	415	475	477	0.916	0.840
LOKIASV2_2712_ESMFold_hypothetical_protein	MGYP000622150461.pdb.gz	MGYP000622150461.pdb.gz	1.507E-05	1.000	199	37	483	489	21	427	490	470	0.914	0.831
LOKIASV2_2712_ESMFold_hypothetical_protein	MGYP001012301342.pdb.gz	MGYP001012301342.pdb.gz	2.122E-05	1.000	199	13	485	489	4	449	510	526	0.967	0.875
LOKIASV2_2712_ESMFold_hypothetical_protein	MGYP000630185763.pdb.gz	MGYP000630185763.pdb.gz	2.628E-05	1.000	199	38	485	489	42	452	525	486	0.916	0.783
LOKIASV2_2712_ESMFold_hypothetical_protein	MGYP003474345038.pdb.gz	MGYP003474345038.pdb.gz	1.176E-04	1.000	198	39	451	489	24	404	405	444	0.845	0.941
LOKIASV2_2712_ESMFold_hypothetical_protein	MGYP003611344622.pdb.gz	MGYP003611344622.pdb.gz	1.713E-05	1.000	198	26	453	489	8	405	421	464	0.875	0.945
LOKIASV2_2712_ESMFold_hypothetical_protein	MGYP003580940535.pdb.gz	MGYP003580940535.pdb.gz	4.995E-05	1.000	198	39	485	489	23	407	436	470	0.914	0.883
LOKIASV2_2712_ESMFold_hypothetical_protein	MGYP000529112502.pdb.gz	MGYP000529112502.pdb.gz	3.398E-05	1.000	198	22	486	489	3	406	442	488	0.951	0.914
LOKIASV2_2712_ESMFold_hypothetical_protein	MGYP001433544254.pdb.gz	MGYP001433544254.pdb.gz	5.680E-05	1.000	198	20	488	489	10	415	450	501	0.959	0.902
LOKIASV2_2712_ESMFold_hypothetical_protein	MGYP003289713163.pdb.gz	MGYP003289713163.pdb.gz	1.507E-05	1.000	198	39	489	489	10	406	457	485	0.922	0.869
LOKIASV2_2712_ESMFold_hypothetical_protein	MGYP001382804004.pdb.gz	MGYP001382804004.pdb.gz	4.586E-05	1.000	198	38	485	489	21	416	467	473	0.916	0.848
LOKIASV2_2712_ESMFold_hypothetical_protein	MGYP000023554613.pdb.gz	MGYP000023554613.pdb.gz	5.214E-05	1.000	198	39	489	489	12	412	496	477	0.922	0.808
LOKIASV2_2712_ESMFold_hypothetical_protein	MGYP000209291707.pdb.gz	MGYP000209291707.pdb.gz	1.396E-04	1.000	197	15	488	489	2	392	424	494	0.969	0.922
LOKIASV2_2712_ESMFold_hypothetical_protein	MGYP000403805774.pdb.gz	MGYP000403805774.pdb.gz	5.680E-05	1.000	197	20	486	489	2	401	435	489	0.955	0.920
LOKIASV2_2712_ESMFold_hypothetical_protein	MGYP001476096324.pdb.gz	MGYP001476096324.pdb.gz	3.864E-05	1.000	197	37	489	489	19	437	437	495	0.926	0.959
LOKIASV2_2712_ESMFold_hypothetical_protein	MGYP000046394446.pdb.gz	MGYP000046394446.pdb.gz	1.216E-05	1.000	197	38	486	489	12	412	445	481	0.918	0.901
LOKIASV2_2712_ESMFold_hypothetical_protein	MGYP000716506891.pdb.gz	MGYP000716506891.pdb.gz	7.665E-05	1.000	197	39	488	489	15	404	458	476	0.920	0.852
LOKIASV2_2712_ESMFold_hypothetical_protein	MGYP001481682762.pdb.gz	MGYP001481682762.pdb.gz	2.312E-05	1.000	197	40	485	489	12	421	475	490	0.912	0.863
LOKIASV2_2712_ESMFold_hypothetical_protein	MGYP000956426914.pdb.gz	MGYP000956426914.pdb.gz	3.398E-05	1.000	197	14	486	489	13	429	479	503	0.967	0.871
LOKIASV2_2712_ESMFold_hypothetical_protein	MGYP001048050782.pdb.gz	MGYP001048050782.pdb.gz	8.636E-06	1.000	197	39	487	489	29	441	507	490	0.918	0.815
LOKIASV2_2712_ESMFold_hypothetical_protein	MGYP000738632064.pdb.gz	MGYP000738632064.pdb.gz	1.507E-05	1.000	197	38	485	489	24	436	515	490	0.916	0.802
LOKIASV2_2712_ESMFold_hypothetical_protein	MGYP003640644875.pdb.gz	MGYP003640644875.pdb.gz	2.391E-06	1.000	197	3	484	489	46	587	597	610	0.986	0.908
LOKIASV2_2712_ESMFold_hypothetical_protein	MGYP002825030079.pdb.gz	MGYP002825030079.pdb.gz	6.244E-04	1.000	196	26	417	489	1	341	342	412	0.802	0.997
LOKIASV2_2712_ESMFold_hypothetical_protein	MGYP001625086019.pdb.gz	MGYP001625086019.pdb.gz	1.520E-04	1.000	196	26	462	489	6	385	394	456	0.894	0.964
LOKIASV2_2712_ESMFold_hypothetical_protein	MGYP000392795377.pdb.gz	MGYP000392795377.pdb.gz	9.014E-06	1.000	196	21	487	489	4	394	429	492	0.955	0.911
LOKIASV2_2712_ESMFold_hypothetical_protein	MGYP001015037165.pdb.gz	MGYP001015037165.pdb.gz	2.052E-04	1.000	196	38	482	489	16	403	439	462	0.910	0.884
LOKIASV2_2712_ESMFold_hypothetical_protein	MGYP000353685845.pdb.gz	MGYP000353685845.pdb.gz	6.458E-05	1.000	196	18	483	489	7	406	440	486	0.953	0.909
LOKIASV2_2712_ESMFold_hypothetical_protein	MGYP001352010235.pdb.gz	MGYP001352010235.pdb.gz	5.214E-05	1.000	196	62	453	489	2	335	466	404	0.802	0.717
LOKIASV2_2712_ESMFold_hypothetical_protein	MGYP003085229079.pdb.gz	MGYP003085229079.pdb.gz	2.518E-05	1.000	196	39	484	489	10	409	470	479	0.912	0.851
LOKIASV2_2712_ESMFold_hypothetical_protein	MGYP000611803502.pdb.gz	MGYP000611803502.pdb.gz	3.702E-05	1.000	196	2	489	489	18	430	476	506	0.998	0.868
LOKIASV2_2712_ESMFold_hypothetical_protein	MGYP002622378017.pdb.gz	MGYP002622378017.pdb.gz	3.119E-05	1.000	196	39	486	489	14	438	493	491	0.916	0.862
LOKIASV2_2712_ESMFold_hypothetical_protein	MGYP000960664951.pdb.gz	MGYP000960664951.pdb.gz	5.680E-05	1.000	196	28	485	489	8	414	626	477	0.937	0.650
LOKIASV2_2712_ESMFold_hypothetical_protein	MGYP000983976563.pdb.gz	MGYP000983976563.pdb.gz	7.343E-05	1.000	195	40	450	489	10	351	353	438	0.840	0.969
LOKIASV2_2712_ESMFold_hypothetical_protein	MGYP000889901928.pdb.gz	MGYP000889901928.pdb.gz	4.586E-05	1.000	195	39	485	489	10	408	420	483	0.914	0.950
LOKIASV2_2712_ESMFold_hypothetical_protein	MGYP000076495326.pdb.gz	MGYP000076495326.pdb.gz	3.864E-05	1.000	195	42	486	489	8	390	434	475	0.910	0.882
LOKIASV2_2712_ESMFold_hypothetical_protein	MGYP002784830701.pdb.gz	MGYP002784830701.pdb.gz	6.458E-05	1.000	195	39	482	489	12	408	441	472	0.908	0.900
LOKIASV2_2712_ESMFold_hypothetical_protein	MGYP001772562580.pdb.gz	MGYP001772562580.pdb.gz	7.036E-05	1.000	195	36	488	489	13	414	452	476	0.926	0.889
LOKIASV2_2712_ESMFold_hypothetical_protein	MGYP000042599478.pdb.gz	MGYP000042599478.pdb.gz	9.014E-06	1.000	195	21	486	489	2	429	468	513	0.953	0.915
LOKIASV2_2712_ESMFold_hypothetical_protein	MGYP001806197518.pdb.gz	MGYP001806197518.pdb.gz	5.442E-05	1.000	195	37	488	489	21	429	481	485	0.924	0.850
LOKIASV2_2712_ESMFold_hypothetical_protein	MGYP000735700569.pdb.gz	MGYP000735700569.pdb.gz	1.383E-05	1.000	195	3	485	489	26	470	525	530	0.988	0.848
LOKIASV2_2712_ESMFold_hypothetical_protein	MGYP000055284678.pdb.gz	MGYP000055284678.pdb.gz	5.214E-05	1.000	194	38	485	489	9	405	442	480	0.916	0.898
LOKIASV2_2712_ESMFold_hypothetical_protein	MGYP001758529133.pdb.gz	MGYP001758529133.pdb.gz	7.665E-05	1.000	194	38	486	489	11	410	447	475	0.918	0.895
LOKIASV2_2712_ESMFold_hypothetical_protein	MGYP000751187958.pdb.gz	MGYP000751187958.pdb.gz	4.393E-05	1.000	194	20	489	489	4	423	450	496	0.961	0.933
LOKIASV2_2712_ESMFold_hypothetical_protein	MGYP003336181830.pdb.gz	MGYP003336181830.pdb.gz	2.989E-05	1.000	194	38	489	489	18	436	479	487	0.924	0.875
LOKIASV2_2712_ESMFold_hypothetical_protein	MGYP000991019835.pdb.gz	MGYP000991019835.pdb.gz	4.586E-05	1.000	194	3	487	489	10	439	492	512	0.992	0.874
LOKIASV2_2712_ESMFold_hypothetical_protein	MGYP001770776302.pdb.gz	MGYP001770776302.pdb.gz	1.127E-04	1.000	194	14	483	489	3	427	525	498	0.961	0.810
LOKIASV2_2712_ESMFold_hypothetical_protein	MGYP000308601186.pdb.gz	MGYP000308601186.pdb.gz	4.586E-05	1.000	193	38	484	489	17	404	452	473	0.914	0.858
LOKIASV2_2712_ESMFold_hypothetical_protein	MGYP001135001770.pdb.gz	MGYP001135001770.pdb.gz	1.457E-04	1.000	193	39	485	489	9	407	469	474	0.914	0.851
LOKIASV2_2712_ESMFold_hypothetical_protein	MGYP001097666474.pdb.gz	MGYP001097666474.pdb.gz	9.408E-06	1.000	193	37	487	489	22	428	481	484	0.922	0.846
LOKIASV2_2712_ESMFold_hypothetical_protein	MGYP000324207512.pdb.gz	MGYP000324207512.pdb.gz	2.989E-05	1.000	193	38	485	489	30	439	496	480	0.916	0.827
LOKIASV2_2712_ESMFold_hypothetical_protein	MGYP001217221801.pdb.gz	MGYP001217221801.pdb.gz	7.927E-06	1.000	193	6	485	489	7	443	507	524	0.982	0.862
LOKIASV2_2712_ESMFold_hypothetical_protein	MGYP000305432019.pdb.gz	MGYP000305432019.pdb.gz	4.393E-05	1.000	193	39	482	489	8	417	524	474	0.908	0.782
LOKIASV2_2712_ESMFold_hypothetical_protein	MGYP000320862682.pdb.gz	MGYP000320862682.pdb.gz	9.494E-05	1.000	192	31	485	489	1	401	433	475	0.930	0.926
LOKIASV2_2712_ESMFold_hypothetical_protein	MGYP001765081002.pdb.gz	MGYP001765081002.pdb.gz	9.494E-05	1.000	192	24	488	489	3	416	450	488	0.951	0.920
LOKIASV2_2712_ESMFold_hypothetical_protein	MGYP000072339330.pdb.gz	MGYP000072339330.pdb.gz	1.337E-04	1.000	192	39	489	489	9	418	455	484	0.922	0.901
LOKIASV2_2712_ESMFold_hypothetical_protein	MGYP001806252401.pdb.gz	MGYP001806252401.pdb.gz	9.909E-05	1.000	192	39	489	489	11	421	463	488	0.922	0.888
LOKIASV2_2712_ESMFold_hypothetical_protein	MGYP001142793886.pdb.gz	MGYP001142793886.pdb.gz	3.256E-05	1.000	192	44	489	489	11	425	468	489	0.912	0.887
LOKIASV2_2712_ESMFold_hypothetical_protein	MGYP002621263542.pdb.gz	MGYP002621263542.pdb.gz	7.343E-05	1.000	192	14	488	489	6	437	473	508	0.971	0.913
LOKIASV2_2712_ESMFold_hypothetical_protein	MGYP000064092706.pdb.gz	MGYP000064092706.pdb.gz	1.383E-05	1.000	192	38	485	489	24	442	490	497	0.916	0.855
LOKIASV2_2712_ESMFold_hypothetical_protein	MGYP001180332707.pdb.gz	MGYP001180332707.pdb.gz	5.442E-05	1.000	192	4	488	489	5	461	503	530	0.992	0.909
LOKIASV2_2712_ESMFold_hypothetical_protein	MGYP002628319472.pdb.gz	MGYP002628319472.pdb.gz	3.398E-05	1.000	192	43	485	489	16	423	542	478	0.906	0.753
LOKIASV2_2712_ESMFold_hypothetical_protein	MGYP002628535846.pdb.gz	MGYP002628535846.pdb.gz	1.396E-04	1.000	191	39	485	489	17	399	432	464	0.914	0.887
LOKIASV2_2712_ESMFold_hypothetical_protein	MGYP001265849206.pdb.gz	MGYP001265849206.pdb.gz	4.786E-05	1.000	191	39	483	489	8	407	437	482	0.910	0.915
LOKIASV2_2712_ESMFold_hypothetical_protein	MGYP002541655424.pdb.gz	MGYP002541655424.pdb.gz	5.680E-05	1.000	191	39	486	489	7	401	470	473	0.916	0.840
LOKIASV2_2712_ESMFold_hypothetical_protein	MGYP000996728112.pdb.gz	MGYP000996728112.pdb.gz	1.866E-05	1.000	191	31	488	489	23	437	472	499	0.937	0.879
LOKIASV2_2712_ESMFold_hypothetical_protein	MGYP001030535602.pdb.gz	MGYP001030535602.pdb.gz	8.715E-05	1.000	191	39	489	489	18	443	521	510	0.922	0.818
LOKIASV2_2712_ESMFold_hypothetical_protein	MGYP002654392280.pdb.gz	MGYP002654392280.pdb.gz	6.458E-05	1.000	191	37	483	489	29	436	539	473	0.914	0.757
LOKIASV2_2712_ESMFold_hypothetical_protein	MGYP003365366934.pdb.gz	MGYP003365366934.pdb.gz	1.325E-05	1.000	191	2	448	489	21	410	563	477	0.914	0.693
LOKIASV2_2712_ESMFold_hypothetical_protein	MGYP001403676750.pdb.gz	MGYP001403676750.pdb.gz	9.494E-05	1.000	190	31	484	489	2	400	411	484	0.928	0.971
LOKIASV2_2712_ESMFold_hypothetical_protein	MGYP000573554595.pdb.gz	MGYP000573554595.pdb.gz	1.127E-04	1.000	190	38	489	489	16	424	439	484	0.924	0.932
LOKIASV2_2712_ESMFold_hypothetical_protein	MGYP003604937703.pdb.gz	MGYP003604937703.pdb.gz	2.235E-04	1.000	190	39	489	489	11	410	440	464	0.922	0.909
LOKIASV2_2712_ESMFold_hypothetical_protein	MGYP000706408513.pdb.gz	MGYP000706408513.pdb.gz	1.457E-04	1.000	190	39	489	489	10	417	445	486	0.922	0.917
LOKIASV2_2712_ESMFold_hypothetical_protein	MGYP003607965964.pdb.gz	MGYP003607965964.pdb.gz	2.518E-05	1.000	190	39	486	489	9	414	449	481	0.916	0.904
LOKIASV2_2712_ESMFold_hypothetical_protein	MGYP000031652619.pdb.gz	MGYP000031652619.pdb.gz	2.312E-05	1.000	190	21	485	489	2	415	451	497	0.951	0.918
LOKIASV2_2712_ESMFold_hypothetical_protein	MGYP001941697998.pdb.gz	MGYP001941697998.pdb.gz	2.652E-04	1.000	190	22	485	489	4	416	456	487	0.949	0.906
LOKIASV2_2712_ESMFold_hypothetical_protein	MGYP001219932874.pdb.gz	MGYP001219932874.pdb.gz	8.350E-05	1.000	190	39	485	489	28	432	473	482	0.914	0.856
LOKIASV2_2712_ESMFold_hypothetical_protein	MGYP001492741405.pdb.gz	MGYP001492741405.pdb.gz	5.680E-05	1.000	190	39	487	489	19	434	477	482	0.918	0.872
LOKIASV2_2712_ESMFold_hypothetical_protein	MGYP001075373113.pdb.gz	MGYP001075373113.pdb.gz	3.547E-05	1.000	190	14	485	489	4	429	482	500	0.965	0.884
LOKIASV2_2712_ESMFold_hypothetical_protein	MGYP001436022358.pdb.gz	MGYP001436022358.pdb.gz	1.337E-04	1.000	190	39	483	489	11	420	534	470	0.910	0.768
LOKIASV2_2712_ESMFold_hypothetical_protein	MGYP001125759440.pdb.gz	MGYP001125759440.pdb.gz	1.165E-05	1.000	190	38	487	489	28	453	550	493	0.920	0.775
LOKIASV2_2712_ESMFold_hypothetical_protein	MGYP003777547035.pdb.gz	MGYP003777547035.pdb.gz	1.866E-05	1.000	190	14	485	489	51	520	561	538	0.965	0.838
LOKIASV2_2712_ESMFold_hypothetical_protein	MGYP003576779863.pdb.gz	MGYP003576779863.pdb.gz	2.743E-05	1.000	189	39	487	489	7	406	432	485	0.918	0.926
LOKIASV2_2712_ESMFold_hypothetical_protein	MGYP000067060144.pdb.gz	MGYP000067060144.pdb.gz	5.214E-05	1.000	189	18	487	489	3	408	437	497	0.961	0.929
LOKIASV2_2712_ESMFold_hypothetical_protein	MGYP002673223480.pdb.gz	MGYP002673223480.pdb.gz	6.188E-05	1.000	189	37	485	489	8	409	446	481	0.918	0.901
LOKIASV2_2712_ESMFold_hypothetical_protein	MGYP000364802617.pdb.gz	MGYP000364802617.pdb.gz	1.281E-04	1.000	189	43	485	489	2	398	449	469	0.906	0.884
LOKIASV2_2712_ESMFold_hypothetical_protein	MGYP000728464407.pdb.gz	MGYP000728464407.pdb.gz	9.909E-05	1.000	189	12	489	489	4	427	454	506	0.978	0.934
LOKIASV2_2712_ESMFold_hypothetical_protein	MGYP000909589114.pdb.gz	MGYP000909589114.pdb.gz	1.396E-04	1.000	189	37	489	489	30	432	462	482	0.926	0.872
LOKIASV2_2712_ESMFold_hypothetical_protein	MGYP001626171442.pdb.gz	MGYP001626171442.pdb.gz	1.025E-05	1.000	189	38	488	489	16	446	468	510	0.922	0.921
LOKIASV2_2712_ESMFold_hypothetical_protein	MGYP000405441727.pdb.gz	MGYP000405441727.pdb.gz	3.547E-05	1.000	189	37	487	489	4	412	471	476	0.922	0.868
LOKIASV2_2712_ESMFold_hypothetical_protein	MGYP001965258109.pdb.gz	MGYP001965258109.pdb.gz	1.080E-04	1.000	189	26	489	489	2	439	478	508	0.949	0.916
LOKIASV2_2712_ESMFold_hypothetical_protein	MGYP001775081179.pdb.gz	MGYP001775081179.pdb.gz	4.393E-05	1.000	189	28	485	489	5	433	503	501	0.937	0.853
LOKIASV2_2712_ESMFold_hypothetical_protein	MGYP000193219094.pdb.gz	MGYP000193219094.pdb.gz	1.127E-04	1.000	188	39	488	489	10	416	427	489	0.920	0.953
LOKIASV2_2712_ESMFold_hypothetical_protein	MGYP000523362415.pdb.gz	MGYP000523362415.pdb.gz	6.188E-05	1.000	188	36	485	489	9	418	461	499	0.920	0.889
LOKIASV2_2712_ESMFold_hypothetical_protein	MGYP002632806286.pdb.gz	MGYP002632806286.pdb.gz	1.227E-04	1.000	188	33	486	489	29	452	470	498	0.928	0.902
LOKIASV2_2712_ESMFold_hypothetical_protein	MGYP000668398070.pdb.gz	MGYP000668398070.pdb.gz	2.863E-05	1.000	188	41	486	489	49	475	492	504	0.912	0.868
LOKIASV2_2712_ESMFold_hypothetical_protein	MGYP001627501437.pdb.gz	MGYP001627501437.pdb.gz	1.034E-04	1.000	187	20	452	489	3	371	389	456	0.885	0.949
LOKIASV2_2712_ESMFold_hypothetical_protein	MGYP001572184280.pdb.gz	MGYP001572184280.pdb.gz	1.070E-05	1.000	187	38	485	489	39	408	410	467	0.916	0.902
LOKIASV2_2712_ESMFold_hypothetical_protein	MGYP000968433983.pdb.gz	MGYP000968433983.pdb.gz	3.286E-04	1.000	187	42	483	489	20	413	418	470	0.904	0.943
LOKIASV2_2712_ESMFold_hypothetical_protein	MGYP000319513030.pdb.gz	MGYP000319513030.pdb.gz	8.715E-05	1.000	187	39	485	489	54	475	511	482	0.914	0.826
LOKIASV2_2712_ESMFold_hypothetical_protein	MGYP000072123188.pdb.gz	MGYP000072123188.pdb.gz	6.458E-05	1.000	187	27	483	489	4	454	516	520	0.935	0.874
LOKIASV2_2712_ESMFold_hypothetical_protein	MGYP002719290561.pdb.gz	MGYP002719290561.pdb.gz	1.034E-04	1.000	186	39	480	489	8	404	405	470	0.904	0.980
LOKIASV2_2712_ESMFold_hypothetical_protein	MGYP003631926446.pdb.gz	MGYP003631926446.pdb.gz	8.715E-05	1.000	186	40	488	489	10	397	419	469	0.918	0.926
LOKIASV2_2712_ESMFold_hypothetical_protein	MGYP000022741258.pdb.gz	MGYP000022741258.pdb.gz	5.928E-05	1.000	186	39	488	489	16	426	434	493	0.920	0.947
LOKIASV2_2712_ESMFold_hypothetical_protein	MGYP001465305463.pdb.gz	MGYP001465305463.pdb.gz	1.396E-04	1.000	186	37	488	489	9	425	440	482	0.924	0.948
LOKIASV2_2712_ESMFold_hypothetical_protein	MGYP001267577038.pdb.gz	MGYP001267577038.pdb.gz	7.343E-05	1.000	186	38	485	489	14	412	451	481	0.916	0.885
LOKIASV2_2712_ESMFold_hypothetical_protein	MGYP003602602138.pdb.gz	MGYP003602602138.pdb.gz	6.458E-05	1.000	186	6	489	489	2	430	460	520	0.990	0.933
LOKIASV2_2712_ESMFold_hypothetical_protein	MGYP001075120874.pdb.gz	MGYP001075120874.pdb.gz	4.209E-05	1.000	186	39	485	489	13	417	461	486	0.914	0.879
LOKIASV2_2712_ESMFold_hypothetical_protein	MGYP000199155432.pdb.gz	MGYP000199155432.pdb.gz	1.866E-05	1.000	186	38	485	489	18	426	467	480	0.916	0.876
LOKIASV2_2712_ESMFold_hypothetical_protein	MGYP000241317307.pdb.gz	MGYP000241317307.pdb.gz	5.442E-05	1.000	186	13	485	489	15	432	475	503	0.967	0.880
LOKIASV2_2712_ESMFold_hypothetical_protein	MGYP001772979705.pdb.gz	MGYP001772979705.pdb.gz	4.033E-05	1.000	186	38	488	489	22	432	481	482	0.922	0.854
LOKIASV2_2712_ESMFold_hypothetical_protein	MGYP000504206285.pdb.gz	MGYP000504206285.pdb.gz	6.458E-05	1.000	186	39	485	489	16	425	485	487	0.914	0.845
LOKIASV2_2712_ESMFold_hypothetical_protein	MGYP001588630553.pdb.gz	MGYP001588630553.pdb.gz	5.442E-05	1.000	186	35	487	489	31	434	490	482	0.926	0.824
LOKIASV2_2712_ESMFold_hypothetical_protein	MGYP000497824668.pdb.gz	MGYP000497824668.pdb.gz	1.270E-05	1.000	186	39	453	489	77	458	515	447	0.849	0.742
LOKIASV2_2712_ESMFold_hypothetical_protein	MGYP003706593157.pdb.gz	MGYP003706593157.pdb.gz	1.729E-04	1.000	186	3	485	489	4	467	530	536	0.988	0.875
LOKIASV2_2712_ESMFold_hypothetical_protein	MGYP001299421988.pdb.gz	MGYP001299421988.pdb.gz	1.337E-04	1.000	186	39	483	489	9	413	535	478	0.910	0.757
LOKIASV2_2712_ESMFold_hypothetical_protein	MGYP000017652192.pdb.gz	MGYP000017652192.pdb.gz	9.494E-05	1.000	185	14	488	489	2	384	390	493	0.971	0.982
LOKIASV2_2712_ESMFold_hypothetical_protein	MGYP001942552902.pdb.gz	MGYP001942552902.pdb.gz	4.786E-05	1.000	185	20	483	489	5	404	436	495	0.949	0.917
LOKIASV2_2712_ESMFold_hypothetical_protein	MGYP001103107186.pdb.gz	MGYP001103107186.pdb.gz	1.127E-04	1.000	185	41	485	489	10	419	461	480	0.910	0.889
LOKIASV2_2712_ESMFold_hypothetical_protein	MGYP002738660408.pdb.gz	MGYP002738660408.pdb.gz	1.804E-04	1.000	185	36	482	489	5	390	465	462	0.914	0.830
LOKIASV2_2712_ESMFold_hypothetical_protein	MGYP003950883645.pdb.gz	MGYP003950883645.pdb.gz	1.443E-05	1.000	185	24	485	489	1	429	476	503	0.945	0.901
LOKIASV2_2712_ESMFold_hypothetical_protein	MGYP001097947576.pdb.gz	MGYP001097947576.pdb.gz	1.520E-04	1.000	185	41	486	489	12	429	477	490	0.912	0.876
LOKIASV2_2712_ESMFold_hypothetical_protein	MGYP000209213065.pdb.gz	MGYP000209213065.pdb.gz	1.216E-05	1.000	185	39	489	489	18	437	481	495	0.922	0.873
LOKIASV2_2712_ESMFold_hypothetical_protein	MGYP002880619684.pdb.gz	MGYP002880619684.pdb.gz	2.052E-04	1.000	185	39	485	489	14	427	483	473	0.914	0.857
LOKIASV2_2712_ESMFold_hypothetical_protein	MGYP000651636864.pdb.gz	MGYP000651636864.pdb.gz	1.656E-04	1.000	185	38	489	489	36	448	487	485	0.924	0.848
LOKIASV2_2712_ESMFold_hypothetical_protein	MGYP001491982550.pdb.gz	MGYP001491982550.pdb.gz	5.680E-05	1.000	184	39	488	489	9	406	447	478	0.920	0.890
LOKIASV2_2712_ESMFold_hypothetical_protein	MGYP003333787130.pdb.gz	MGYP003333787130.pdb.gz	4.393E-05	1.000	184	27	488	489	1	425	454	507	0.945	0.936
LOKIASV2_2712_ESMFold_hypothetical_protein	MGYP000502709653.pdb.gz	MGYP000502709653.pdb.gz	1.966E-04	1.000	184	38	489	489	11	422	459	486	0.924	0.898
LOKIASV2_2712_ESMFold_hypothetical_protein	MGYP001419242461.pdb.gz	MGYP001419242461.pdb.gz	3.256E-05	1.000	184	41	489	489	19	442	468	488	0.918	0.906
LOKIASV2_2712_ESMFold_hypothetical_protein	MGYP001024568646.pdb.gz	MGYP001024568646.pdb.gz	4.393E-05	1.000	184	38	486	489	32	435	480	485	0.918	0.842
LOKIASV2_2712_ESMFold_hypothetical_protein	MGYP000073220720.pdb.gz	MGYP000073220720.pdb.gz	7.036E-05	1.000	184	24	483	489	4	428	503	499	0.941	0.845
LOKIASV2_2712_ESMFold_hypothetical_protein	MGYP000545466025.pdb.gz	MGYP000545466025.pdb.gz	3.256E-05	1.000	184	38	486	489	5	396	508	476	0.918	0.772
LOKIASV2_2712_ESMFold_hypothetical_protein	MGYP001765277562.pdb.gz	MGYP001765277562.pdb.gz	3.547E-05	1.000	184	24	484	489	2	444	509	518	0.943	0.870
LOKIASV2_2712_ESMFold_hypothetical_protein	MGYP000341906012.pdb.gz	MGYP000341906012.pdb.gz	4.393E-05	1.000	184	38	486	489	42	453	510	487	0.918	0.808
LOKIASV2_2712_ESMFold_hypothetical_protein	MGYP000627242074.pdb.gz	MGYP000627242074.pdb.gz	3.119E-05	1.000	184	24	485	489	2	457	518	535	0.945	0.880
LOKIASV2_2712_ESMFold_hypothetical_protein	MGYP003662523400.pdb.gz	MGYP003662523400.pdb.gz	6.458E-05	1.000	184	38	486	489	45	465	571	484	0.918	0.737
LOKIASV2_2712_ESMFold_hypothetical_protein	MGYP000314024192.pdb.gz	MGYP000314024192.pdb.gz	9.494E-05	1.000	183	39	488	489	9	405	431	478	0.920	0.921
LOKIASV2_2712_ESMFold_hypothetical_protein	MGYP001813089488.pdb.gz	MGYP001813089488.pdb.gz	6.188E-05	1.000	183	39	488	489	31	439	469	482	0.920	0.872
LOKIASV2_2712_ESMFold_hypothetical_protein	MGYP001036693941.pdb.gz	MGYP001036693941.pdb.gz	3.119E-05	1.000	183	44	485	489	11	421	472	485	0.904	0.871
LOKIASV2_2712_ESMFold_hypothetical_protein	MGYP002651543981.pdb.gz	MGYP002651543981.pdb.gz	1.641E-05	1.000	183	26	488	489	1	423	484	511	0.947	0.874
LOKIASV2_2712_ESMFold_hypothetical_protein	MGYP003339279203.pdb.gz	MGYP003339279203.pdb.gz	6.188E-05	1.000	183	38	487	489	31	443	504	493	0.920	0.819
LOKIASV2_2712_ESMFold_hypothetical_protein	MGYP001056354871.pdb.gz	MGYP001056354871.pdb.gz	8.350E-05	1.000	183	3	488	489	32	490	534	537	0.994	0.860
LOKIASV2_2712_ESMFold_hypothetical_protein	MGYP003674761110.pdb.gz	MGYP003674761110.pdb.gz	1.034E-04	1.000	182	43	485	489	11	415	461	479	0.906	0.879
LOKIASV2_2712_ESMFold_hypothetical_protein	MGYP001252149891.pdb.gz	MGYP001252149891.pdb.gz	2.235E-04	1.000	182	39	485	489	14	427	473	482	0.914	0.875
LOKIASV2_2712_ESMFold_hypothetical_protein	MGYP000694539978.pdb.gz	MGYP000694539978.pdb.gz	1.227E-04	1.000	182	27	485	489	1	418	481	495	0.939	0.869
LOKIASV2_2712_ESMFold_hypothetical_protein	MGYP000713102951.pdb.gz	MGYP000713102951.pdb.gz	3.547E-05	1.000	182	29	483	489	1	426	483	499	0.930	0.882
LOKIASV2_2712_ESMFold_hypothetical_protein	MGYP001584888487.pdb.gz	MGYP001584888487.pdb.gz	3.702E-05	1.000	182	37	489	489	17	429	483	497	0.926	0.855
LOKIASV2_2712_ESMFold_hypothetical_protein	MGYP003366362876.pdb.gz	MGYP003366362876.pdb.gz	4.033E-05	1.000	182	40	489	489	3	419	494	487	0.920	0.844
LOKIASV2_2712_ESMFold_hypothetical_protein	MGYP001209480464.pdb.gz	MGYP001209480464.pdb.gz	1.520E-04	1.000	181	20	489	489	3	424	462	505	0.961	0.913
LOKIASV2_2712_ESMFold_hypothetical_protein	MGYP001320854690.pdb.gz	MGYP001320854690.pdb.gz	1.883E-04	1.000	181	41	485	489	12	426	470	490	0.910	0.883
LOKIASV2_2712_ESMFold_hypothetical_protein	MGYP000579569011.pdb.gz	MGYP000579569011.pdb.gz	2.541E-04	1.000	181	41	485	489	15	427	471	488	0.910	0.877
LOKIASV2_2712_ESMFold_hypothetical_protein	MGYP000424109590.pdb.gz	MGYP000424109590.pdb.gz	7.277E-06	1.000	181	5	483	489	7	427	479	511	0.980	0.879
LOKIASV2_2712_ESMFold_hypothetical_protein	MGYP003365243796.pdb.gz	MGYP003365243796.pdb.gz	5.628E-06	1.000	181	37	485	489	26	462	485	509	0.918	0.901
LOKIASV2_2712_ESMFold_hypothetical_protein	MGYP000613564074.pdb.gz	MGYP000613564074.pdb.gz	1.227E-04	1.000	181	23	485	489	1	432	494	501	0.947	0.874
LOKIASV2_2712_ESMFold_hypothetical_protein	MGYP001562552108.pdb.gz	MGYP001562552108.pdb.gz	3.286E-04	1.000	181	14	489	489	24	439	514	494	0.973	0.809
LOKIASV2_2712_ESMFold_hypothetical_protein	MGYP000857299921.pdb.gz	MGYP000857299921.pdb.gz	8.350E-05	1.000	181	37	487	489	33	466	523	495	0.922	0.830
LOKIASV2_2712_ESMFold_hypothetical_protein	MGYP000526199122.pdb.gz	MGYP000526199122.pdb.gz	7.665E-05	1.000	181	38	486	489	24	457	542	497	0.918	0.801
LOKIASV2_2712_ESMFold_hypothetical_protein	MGYP002681800074.pdb.gz	MGYP002681800074.pdb.gz	6.458E-05	1.000	181	1	486	489	1	463	550	538	0.994	0.842
LOKIASV2_2712_ESMFold_hypothetical_protein	MGYP000594283244.pdb.gz	MGYP000594283244.pdb.gz	1.216E-05	1.000	180	36	448	489	67	427	435	436	0.845	0.830
LOKIASV2_2712_ESMFold_hypothetical_protein	MGYP001166778451.pdb.gz	MGYP001166778451.pdb.gz	2.768E-04	1.000	180	39	485	489	13	403	438	468	0.914	0.893
LOKIASV2_2712_ESMFold_hypothetical_protein	MGYP000956526804.pdb.gz	MGYP000956526804.pdb.gz	8.715E-05	1.000	180	39	486	489	10	406	475	478	0.916	0.836
LOKIASV2_2712_ESMFold_hypothetical_protein	MGYP000412037063.pdb.gz	MGYP000412037063.pdb.gz	8.350E-05	1.000	180	39	485	489	20	425	492	479	0.914	0.825
LOKIASV2_2712_ESMFold_hypothetical_protein	MGYP000464392320.pdb.gz	MGYP000464392320.pdb.gz	1.866E-05	1.000	180	15	485	489	12	429	499	511	0.963	0.838
LOKIASV2_2712_ESMFold_hypothetical_protein	MGYP001436338243.pdb.gz	MGYP001436338243.pdb.gz	8.000E-05	1.000	180	38	485	489	23	430	505	482	0.916	0.808
LOKIASV2_2712_ESMFold_hypothetical_protein	MGYP002715970605.pdb.gz	MGYP002715970605.pdb.gz	8.715E-05	1.000	180	26	488	489	1	448	508	511	0.947	0.882
LOKIASV2_2712_ESMFold_hypothetical_protein	MGYP000975664366.pdb.gz	MGYP000975664366.pdb.gz	1.227E-04	1.000	180	2	489	489	57	486	530	520	0.998	0.811
LOKIASV2_2712_ESMFold_hypothetical_protein	MGYP001436441787.pdb.gz	MGYP001436441787.pdb.gz	1.457E-04	1.000	179	36	439	489	14	372	382	429	0.826	0.940
LOKIASV2_2712_ESMFold_hypothetical_protein	MGYP000252087618.pdb.gz	MGYP000252087618.pdb.gz	3.148E-04	1.000	179	5	449	489	10	385	393	468	0.910	0.957
LOKIASV2_2712_ESMFold_hypothetical_protein	MGYP000642904390.pdb.gz	MGYP000642904390.pdb.gz	1.948E-05	1.000	179	5	442	489	11	378	416	459	0.896	0.885
LOKIASV2_2712_ESMFold_hypothetical_protein	MGYP000657841012.pdb.gz	MGYP000657841012.pdb.gz	3.148E-04	1.000	179	12	482	489	5	409	440	487	0.963	0.920
LOKIASV2_2712_ESMFold_hypothetical_protein	MGYP001241711604.pdb.gz	MGYP001241711604.pdb.gz	5.928E-05	1.000	179	39	487	489	12	440	448	513	0.918	0.958
LOKIASV2_2712_ESMFold_hypothetical_protein	MGYP003575088550.pdb.gz	MGYP003575088550.pdb.gz	4.586E-05	1.000	179	24	485	489	5	426	465	508	0.945	0.908
LOKIASV2_2712_ESMFold_hypothetical_protein	MGYP000114218902.pdb.gz	MGYP000114218902.pdb.gz	6.458E-05	1.000	179	39	489	489	12	427	466	491	0.922	0.893
LOKIASV2_2712_ESMFold_hypothetical_protein	MGYP000396573788.pdb.gz	MGYP000396573788.pdb.gz	8.715E-05	1.000	179	25	483	489	9	430	492	501	0.939	0.858
LOKIASV2_2712_ESMFold_hypothetical_protein	MGYP001763402053.pdb.gz	MGYP001763402053.pdb.gz	2.541E-04	1.000	179	21	485	489	15	451	527	510	0.951	0.829
LOKIASV2_2712_ESMFold_hypothetical_protein	MGYP000220613622.pdb.gz	MGYP000220613622.pdb.gz	1.281E-04	1.000	179	45	488	489	15	432	572	489	0.908	0.731
LOKIASV2_2712_ESMFold_hypothetical_protein	MGYP000894961999.pdb.gz	MGYP000894961999.pdb.gz	8.715E-05	1.000	179	1	483	489	1	510	573	584	0.988	0.890
LOKIASV2_2712_ESMFold_hypothetical_protein	MGYP000036875575.pdb.gz	MGYP000036875575.pdb.gz	4.786E-05	1.000	178	27	486	489	12	427	437	492	0.941	0.952
LOKIASV2_2712_ESMFold_hypothetical_protein	MGYP000087455889.pdb.gz	MGYP000087455889.pdb.gz	2.652E-04	1.000	178	38	488	489	13	413	455	485	0.922	0.881
LOKIASV2_2712_ESMFold_hypothetical_protein	MGYP003630422872.pdb.gz	MGYP003630422872.pdb.gz	1.396E-04	1.000	178	36	485	489	11	418	460	482	0.920	0.887
LOKIASV2_2712_ESMFold_hypothetical_protein	MGYP000251113865.pdb.gz	MGYP000251113865.pdb.gz	2.333E-04	1.000	178	38	486	489	9	409	464	472	0.918	0.864
LOKIASV2_2712_ESMFold_hypothetical_protein	MGYP000487971576.pdb.gz	MGYP000487971576.pdb.gz	1.966E-04	1.000	178	38	485	489	24	424	468	477	0.916	0.857
LOKIASV2_2712_ESMFold_hypothetical_protein	MGYP002700094991.pdb.gz	MGYP002700094991.pdb.gz	1.337E-04	1.000	178	41	486	489	12	428	471	480	0.912	0.885
LOKIASV2_2712_ESMFold_hypothetical_protein	MGYP001157802749.pdb.gz	MGYP001157802749.pdb.gz	1.804E-04	1.000	178	27	485	489	11	444	491	515	0.939	0.884
LOKIASV2_2712_ESMFold_hypothetical_protein	MGYP000474719209.pdb.gz	MGYP000474719209.pdb.gz	1.025E-05	1.000	178	24	483	489	2	542	581	592	0.941	0.931
LOKIASV2_2712_ESMFold_hypothetical_protein	MGYP001053490292.pdb.gz	MGYP001053490292.pdb.gz	1.520E-04	1.000	177	38	485	489	7	400	445	473	0.916	0.885
LOKIASV2_2712_ESMFold_hypothetical_protein	MGYP001048854867.pdb.gz	MGYP001048854867.pdb.gz	1.281E-04	1.000	177	25	484	489	3	424	471	498	0.941	0.896
LOKIASV2_2712_ESMFold_hypothetical_protein	MGYP003365127876.pdb.gz	MGYP003365127876.pdb.gz	1.396E-04	1.000	177	29	485	489	1	431	487	505	0.935	0.885
LOKIASV2_2712_ESMFold_hypothetical_protein	MGYP001294426925.pdb.gz	MGYP001294426925.pdb.gz	6.458E-05	1.000	177	26	486	489	2	448	508	512	0.943	0.880
LOKIASV2_2712_ESMFold_hypothetical_protein	MGYP001197821739.pdb.gz	MGYP001197821739.pdb.gz	8.000E-05	1.000	177	5	488	489	16	457	668	522	0.990	0.662
LOKIASV2_2712_ESMFold_hypothetical_protein	MGYP001085792277.pdb.gz	MGYP001085792277.pdb.gz	2.141E-04	1.000	176	33	485	489	2	397	418	472	0.926	0.947
LOKIASV2_2712_ESMFold_hypothetical_protein	MGYP000114931873.pdb.gz	MGYP000114931873.pdb.gz	9.494E-05	1.000	176	36	485	489	4	382	425	468	0.920	0.892
LOKIASV2_2712_ESMFold_hypothetical_protein	MGYP000726819808.pdb.gz	MGYP000726819808.pdb.gz	1.281E-04	1.000	176	26	486	489	14	429	468	497	0.943	0.889
LOKIASV2_2712_ESMFold_hypothetical_protein	MGYP000977533562.pdb.gz	MGYP000977533562.pdb.gz	2.652E-04	1.000	176	42	485	489	22	424	487	482	0.908	0.828
LOKIASV2_2712_ESMFold_hypothetical_protein	MGYP000198436591.pdb.gz	MGYP000198436591.pdb.gz	9.909E-05	1.000	176	33	488	489	4	410	633	478	0.933	0.643
LOKIASV2_2712_ESMFold_hypothetical_protein	MGYP001373870056.pdb.gz	MGYP001373870056.pdb.gz	1.227E-04	1.000	175	39	484	489	20	438	470	496	0.912	0.891
LOKIASV2_2712_ESMFold_hypothetical_protein	MGYP003298766567.pdb.gz	MGYP003298766567.pdb.gz	2.863E-05	1.000	175	4	454	489	40	442	474	478	0.922	0.850
LOKIASV2_2712_ESMFold_hypothetical_protein	MGYP000300186124.pdb.gz	MGYP000300186124.pdb.gz	8.350E-05	1.000	175	38	481	489	28	426	488	471	0.908	0.818
LOKIASV2_2712_ESMFold_hypothetical_protein	MGYP000896217192.pdb.gz	MGYP000896217192.pdb.gz	9.096E-05	1.000	175	37	483	489	17	425	499	487	0.914	0.820
LOKIASV2_2712_ESMFold_hypothetical_protein	MGYP000739978935.pdb.gz	MGYP000739978935.pdb.gz	2.333E-04	1.000	175	23	489	489	2	447	510	518	0.955	0.875
LOKIASV2_2712_ESMFold_hypothetical_protein	MGYP001111330048.pdb.gz	MGYP001111330048.pdb.gz	1.396E-04	1.000	174	40	478	489	10	359	368	456	0.898	0.951
LOKIASV2_2712_ESMFold_hypothetical_protein	MGYP003673604554.pdb.gz	MGYP003673604554.pdb.gz	7.343E-05	1.000	174	43	479	489	9	391	430	474	0.894	0.891
LOKIASV2_2712_ESMFold_hypothetical_protein	MGYP003336193949.pdb.gz	MGYP003336193949.pdb.gz	2.052E-04	1.000	174	24	489	489	3	418	448	497	0.953	0.929
LOKIASV2_2712_ESMFold_hypothetical_protein	MGYP004004510947.pdb.gz	MGYP004004510947.pdb.gz	3.429E-04	1.000	174	43	489	489	8	424	461	491	0.914	0.905
LOKIASV2_2712_ESMFold_hypothetical_protein	MGYP001039543034.pdb.gz	MGYP001039543034.pdb.gz	4.070E-04	1.000	174	38	485	489	18	429	478	480	0.916	0.862
LOKIASV2_2712_ESMFold_hypothetical_protein	MGYP001111360278.pdb.gz	MGYP001111360278.pdb.gz	1.587E-04	1.000	174	33	488	489	18	448	484	493	0.933	0.890
LOKIASV2_2712_ESMFold_hypothetical_protein	MGYP000141811553.pdb.gz	MGYP000141811553.pdb.gz	1.396E-04	1.000	174	1	486	489	1	414	544	502	0.994	0.761
LOKIASV2_2712_ESMFold_hypothetical_protein	MGYP003381237504.pdb.gz	MGYP003381237504.pdb.gz	1.396E-04	1.000	174	41	482	489	11	421	570	482	0.904	0.721
LOKIASV2_2712_ESMFold_hypothetical_protein	MGYP001480061422.pdb.gz	MGYP001480061422.pdb.gz	1.656E-04	1.000	173	38	488	489	13	419	439	479	0.922	0.927
LOKIASV2_2712_ESMFold_hypothetical_protein	MGYP000117440434.pdb.gz	MGYP000117440434.pdb.gz	5.262E-04	1.000	173	35	485	489	7	397	442	473	0.922	0.885
LOKIASV2_2712_ESMFold_hypothetical_protein	MGYP003576454861.pdb.gz	MGYP003576454861.pdb.gz	2.890E-04	1.000	173	41	485	489	7	415	455	497	0.910	0.899
LOKIASV2_2712_ESMFold_hypothetical_protein	MGYP001319182989.pdb.gz	MGYP001319182989.pdb.gz	1.034E-04	1.000	173	27	489	489	1	436	464	508	0.947	0.940
LOKIASV2_2712_ESMFold_hypothetical_protein	MGYP000638373086.pdb.gz	MGYP000638373086.pdb.gz	2.989E-05	1.000	173	38	488	489	17	448	469	507	0.922	0.921
LOKIASV2_2712_ESMFold_hypothetical_protein	MGYP000257975397.pdb.gz	MGYP000257975397.pdb.gz	2.052E-04	1.000	173	43	485	489	13	425	471	480	0.906	0.877
LOKIASV2_2712_ESMFold_hypothetical_protein	MGYP002400749400.pdb.gz	MGYP002400749400.pdb.gz	3.429E-04	1.000	173	26	489	489	7	450	507	511	0.949	0.876
LOKIASV2_2712_ESMFold_hypothetical_protein	MGYP001483861657.pdb.gz	MGYP001483861657.pdb.gz	1.227E-04	1.000	173	26	485	489	15	444	522	508	0.941	0.824
LOKIASV2_2712_ESMFold_hypothetical_protein	MGYP001425900072.pdb.gz	MGYP001425900072.pdb.gz	4.627E-04	1.000	173	9	486	489	44	583	663	593	0.978	0.814
LOKIASV2_2712_ESMFold_hypothetical_protein	MGYP002520620506.pdb.gz	MGYP002520620506.pdb.gz	8.715E-05	1.000	172	38	451	489	8	352	365	439	0.847	0.945
LOKIASV2_2712_ESMFold_hypothetical_protein	MGYP000683559162.pdb.gz	MGYP000683559162.pdb.gz	6.517E-04	1.000	172	40	482	489	35	441	446	488	0.906	0.913
LOKIASV2_2712_ESMFold_hypothetical_protein	MGYP001082176561.pdb.gz	MGYP001082176561.pdb.gz	7.036E-05	1.000	172	41	484	489	1	416	474	483	0.908	0.878
LOKIASV2_2712_ESMFold_hypothetical_protein	MGYP002479008687.pdb.gz	MGYP002479008687.pdb.gz	3.119E-05	1.000	172	28	486	489	29	447	489	502	0.939	0.857
LOKIASV2_2712_ESMFold_hypothetical_protein	MGYP001507662831.pdb.gz	MGYP001507662831.pdb.gz	1.883E-04	1.000	172	39	485	489	64	478	548	497	0.914	0.757
LOKIASV2_2712_ESMFold_hypothetical_protein	MGYP000894376561.pdb.gz	MGYP000894376561.pdb.gz	8.426E-04	1.000	171	42	455	489	11	363	372	431	0.847	0.949
LOKIASV2_2712_ESMFold_hypothetical_protein	MGYP001601402877.pdb.gz	MGYP001601402877.pdb.gz	1.729E-04	1.000	171	38	488	489	26	439	480	482	0.922	0.863
LOKIASV2_2712_ESMFold_hypothetical_protein	MGYP003287336010.pdb.gz	MGYP003287336010.pdb.gz	1.034E-04	1.000	171	42	488	489	8	427	637	503	0.914	0.659
LOKIASV2_2712_ESMFold_hypothetical_protein	MGYP000890638992.pdb.gz	MGYP000890638992.pdb.gz	1.966E-04	1.000	170	41	453	489	8	387	388	448	0.845	0.979
LOKIASV2_2712_ESMFold_hypothetical_protein	MGYP001408355385.pdb.gz	MGYP001408355385.pdb.gz	2.652E-04	1.000	170	42	453	489	17	390	399	447	0.843	0.937
LOKIASV2_2712_ESMFold_hypothetical_protein	MGYP002785111829.pdb.gz	MGYP002785111829.pdb.gz	2.312E-05	1.000	170	38	482	489	12	415	416	484	0.910	0.971
LOKIASV2_2712_ESMFold_hypothetical_protein	MGYP000548295544.pdb.gz	MGYP000548295544.pdb.gz	3.579E-04	1.000	170	24	488	489	13	427	442	515	0.951	0.939
LOKIASV2_2712_ESMFold_hypothetical_protein	MGYP000111894438.pdb.gz	MGYP000111894438.pdb.gz	1.587E-04	1.000	170	37	465	489	37	392	476	442	0.877	0.748
LOKIASV2_2712_ESMFold_hypothetical_protein	MGYP000650895755.pdb.gz	MGYP000650895755.pdb.gz	2.768E-04	1.000	170	27	485	489	1	429	476	501	0.939	0.901
LOKIASV2_2712_ESMFold_hypothetical_protein	MGYP003361842575.pdb.gz	MGYP003361842575.pdb.gz	2.768E-04	1.000	169	13	486	489	8	411	453	500	0.969	0.892
LOKIASV2_2712_ESMFold_hypothetical_protein	MGYP000852552467.pdb.gz	MGYP000852552467.pdb.gz	9.494E-05	1.000	169	39	485	489	17	434	484	494	0.914	0.864
LOKIASV2_2712_ESMFold_hypothetical_protein	MGYP003362633879.pdb.gz	MGYP003362633879.pdb.gz	2.235E-04	1.000	169	5	489	489	8	455	522	518	0.992	0.858
LOKIASV2_2712_ESMFold_hypothetical_protein	MGYP000955685897.pdb.gz	MGYP000955685897.pdb.gz	9.819E-06	1.000	169	39	482	489	18	447	528	498	0.908	0.814
LOKIASV2_2712_ESMFold_hypothetical_protein	MGYP003369533644.pdb.gz	MGYP003369533644.pdb.gz	2.435E-04	1.000	168	31	489	489	1	419	431	505	0.939	0.972
LOKIASV2_2712_ESMFold_hypothetical_protein	MGYP000072152965.pdb.gz	MGYP000072152965.pdb.gz	9.494E-05	1.000	168	37	486	489	28	422	470	490	0.920	0.840
LOKIASV2_2712_ESMFold_hypothetical_protein	MGYP000734141519.pdb.gz	MGYP000734141519.pdb.gz	1.587E-04	1.000	168	38	454	489	27	376	484	430	0.853	0.723
LOKIASV2_2712_ESMFold_hypothetical_protein	MGYP003333388865.pdb.gz	MGYP003333388865.pdb.gz	3.148E-04	1.000	168	38	486	489	21	432	485	490	0.918	0.849
LOKIASV2_2712_ESMFold_hypothetical_protein	MGYP001277199545.pdb.gz	MGYP001277199545.pdb.gz	2.033E-05	1.000	168	20	488	489	3	481	506	550	0.959	0.947
LOKIASV2_2712_ESMFold_hypothetical_protein	MGYP001680602365.pdb.gz	MGYP001680602365.pdb.gz	1.227E-04	1.000	168	20	485	489	8	486	520	545	0.953	0.921
LOKIASV2_2712_ESMFold_hypothetical_protein	MGYP001764898770.pdb.gz	MGYP001764898770.pdb.gz	3.736E-04	1.000	168	39	489	489	20	438	521	484	0.922	0.804
LOKIASV2_2712_ESMFold_hypothetical_protein	MGYP001133275717.pdb.gz	MGYP001133275717.pdb.gz	1.270E-05	1.000	168	5	489	489	15	525	546	580	0.992	0.936
LOKIASV2_2712_ESMFold_hypothetical_protein	MGYP000206014074.pdb.gz	MGYP000206014074.pdb.gz	1.788E-05	1.000	167	27	489	489	1	434	434	510	0.947	1.000
LOKIASV2_2712_ESMFold_hypothetical_protein	MGYP003667142570.pdb.gz	MGYP003667142570.pdb.gz	9.909E-05	1.000	167	38	485	489	22	419	458	481	0.916	0.869
LOKIASV2_2712_ESMFold_hypothetical_protein	MGYP000033894640.pdb.gz	MGYP000033894640.pdb.gz	2.890E-04	1.000	167	27	486	489	1	432	464	507	0.941	0.931
LOKIASV2_2712_ESMFold_hypothetical_protein	MGYP000731524463.pdb.gz	MGYP000731524463.pdb.gz	2.541E-04	1.000	167	28	489	489	1	423	475	496	0.945	0.891
LOKIASV2_2712_ESMFold_hypothetical_protein	MGYP000020468356.pdb.gz	MGYP000020468356.pdb.gz	2.863E-05	1.000	167	40	489	489	19	477	521	519	0.920	0.881
LOKIASV2_2712_ESMFold_hypothetical_protein	MGYP000378819644.pdb.gz	MGYP000378819644.pdb.gz	2.052E-04	1.000	167	26	486	489	92	519	614	506	0.943	0.697
LOKIASV2_2712_ESMFold_hypothetical_protein	MGYP002630170478.pdb.gz	MGYP002630170478.pdb.gz	8.795E-04	1.000	166	41	485	489	11	405	449	463	0.910	0.880
LOKIASV2_2712_ESMFold_hypothetical_protein	MGYP000935072657.pdb.gz	MGYP000935072657.pdb.gz	2.743E-05	1.000	166	39	482	489	21	450	460	506	0.908	0.935
LOKIASV2_2712_ESMFold_hypothetical_protein	MGYP001827032376.pdb.gz	MGYP001827032376.pdb.gz	7.100E-04	1.000	166	12	489	489	22	452	472	518	0.978	0.913
LOKIASV2_2712_ESMFold_hypothetical_protein	MGYP000702334142.pdb.gz	MGYP000702334142.pdb.gz	4.070E-04	1.000	166	24	485	489	1	422	477	511	0.945	0.885
LOKIASV2_2712_ESMFold_hypothetical_protein	MGYP001335433659.pdb.gz	MGYP001335433659.pdb.gz	3.579E-04	1.000	166	24	486	489	9	466	504	523	0.947	0.909
LOKIASV2_2712_ESMFold_hypothetical_protein	MGYP002517494586.pdb.gz	MGYP002517494586.pdb.gz	2.435E-04	1.000	166	38	485	489	11	424	530	492	0.916	0.781
LOKIASV2_2712_ESMFold_hypothetical_protein	MGYP001075418046.pdb.gz	MGYP001075418046.pdb.gz	9.909E-05	1.000	166	5	488	489	3	492	687	547	0.990	0.713
LOKIASV2_2712_ESMFold_hypothetical_protein	MGYP003365569775.pdb.gz	MGYP003365569775.pdb.gz	8.350E-05	1.000	165	39	488	489	13	465	470	532	0.920	0.964
LOKIASV2_2712_ESMFold_hypothetical_protein	MGYP001005846636.pdb.gz	MGYP001005846636.pdb.gz	3.899E-04	1.000	165	38	485	489	29	462	524	489	0.916	0.828
LOKIASV2_2712_ESMFold_hypothetical_protein	MGYP002202804629.pdb.gz	MGYP002202804629.pdb.gz	1.137E-03	1.000	164	20	485	489	16	439	459	503	0.953	0.924
LOKIASV2_2712_ESMFold_hypothetical_protein	MGYP003333487380.pdb.gz	MGYP003333487380.pdb.gz	8.636E-06	1.000	164	38	485	489	17	452	486	504	0.916	0.897
LOKIASV2_2712_ESMFold_hypothetical_protein	MGYP000482256102.pdb.gz	MGYP000482256102.pdb.gz	8.636E-06	1.000	164	14	488	489	7	473	490	536	0.971	0.953
LOKIASV2_2712_ESMFold_hypothetical_protein	MGYP000409030058.pdb.gz	MGYP000409030058.pdb.gz	4.209E-05	1.000	164	39	481	489	9	441	528	499	0.906	0.820
LOKIASV2_2712_ESMFold_hypothetical_protein	MGYP000437836686.pdb.gz	MGYP000437836686.pdb.gz	3.429E-04	1.000	164	38	486	489	15	403	769	482	0.918	0.506
LOKIASV2_2712_ESMFold_hypothetical_protein	MGYP000916638480.pdb.gz	MGYP000916638480.pdb.gz	3.016E-04	1.000	163	38	453	489	8	350	368	442	0.851	0.932
LOKIASV2_2712_ESMFold_hypothetical_protein	MGYP000974407100.pdb.gz	MGYP000974407100.pdb.gz	3.429E-04	1.000	163	39	488	489	11	422	453	480	0.920	0.909
LOKIASV2_2712_ESMFold_hypothetical_protein	MGYP001227816090.pdb.gz	MGYP001227816090.pdb.gz	1.281E-04	1.000	163	4	455	489	44	447	455	476	0.924	0.888
LOKIASV2_2712_ESMFold_hypothetical_protein	MGYP000494882711.pdb.gz	MGYP000494882711.pdb.gz	1.137E-03	1.000	163	32	488	489	13	442	471	500	0.935	0.913
LOKIASV2_2712_ESMFold_hypothetical_protein	MGYP000443866383.pdb.gz	MGYP000443866383.pdb.gz	1.966E-04	1.000	163	33	472	489	191	586	687	474	0.900	0.576
LOKIASV2_2712_ESMFold_hypothetical_protein	MGYP002834154051.pdb.gz	MGYP002834154051.pdb.gz	2.457E-03	1.000	162	38	485	489	3	379	416	461	0.916	0.906
LOKIASV2_2712_ESMFold_hypothetical_protein	MGYP001347364627.pdb.gz	MGYP001347364627.pdb.gz	4.995E-05	1.000	162	39	482	489	10	431	437	492	0.908	0.966
LOKIASV2_2712_ESMFold_hypothetical_protein	MGYP003658324919.pdb.gz	MGYP003658324919.pdb.gz	2.541E-04	1.000	162	21	485	489	10	404	442	501	0.951	0.894
LOKIASV2_2712_ESMFold_hypothetical_protein	MGYP000958281802.pdb.gz	MGYP000958281802.pdb.gz	9.096E-05	1.000	162	4	457	489	48	447	452	477	0.928	0.885
LOKIASV2_2712_ESMFold_hypothetical_protein	MGYP000459344604.pdb.gz	MGYP000459344604.pdb.gz	3.016E-04	1.000	162	7	489	489	7	424	464	515	0.988	0.901
LOKIASV2_2712_ESMFold_hypothetical_protein	MGYP000321098578.pdb.gz	MGYP000321098578.pdb.gz	1.034E-04	1.000	162	45	483	489	10	419	472	489	0.898	0.869
LOKIASV2_2712_ESMFold_hypothetical_protein	MGYP002847988371.pdb.gz	MGYP002847988371.pdb.gz	3.579E-04	1.000	162	36	488	489	25	463	516	507	0.926	0.851
LOKIASV2_2712_ESMFold_hypothetical_protein	MGYP000359591369.pdb.gz	MGYP000359591369.pdb.gz	3.256E-05	1.000	162	24	488	489	4	479	522	538	0.951	0.912
LOKIASV2_2712_ESMFold_hypothetical_protein	MGYP001217038109.pdb.gz	MGYP001217038109.pdb.gz	4.830E-04	1.000	162	39	483	489	14	418	536	484	0.910	0.756
LOKIASV2_2712_ESMFold_hypothetical_protein	MGYP003314749586.pdb.gz	MGYP003314749586.pdb.gz	6.244E-04	1.000	161	36	486	489	3	394	430	476	0.922	0.912
LOKIASV2_2712_ESMFold_hypothetical_protein	MGYP001558608357.pdb.gz	MGYP001558608357.pdb.gz	5.041E-04	1.000	161	37	489	489	21	442	483	495	0.926	0.874
LOKIASV2_2712_ESMFold_hypothetical_protein	MGYP000689855622.pdb.gz	MGYP000689855622.pdb.gz	1.034E-04	1.000	161	35	486	489	35	453	530	505	0.924	0.791
LOKIASV2_2712_ESMFold_hypothetical_protein	MGYP000429028253.pdb.gz	MGYP000429028253.pdb.gz	4.033E-05	1.000	161	35	488	489	29	493	546	518	0.928	0.852
LOKIASV2_2712_ESMFold_hypothetical_protein	MGYP000636419247.pdb.gz	MGYP000636419247.pdb.gz	7.411E-04	1.000	160	26	485	489	4	397	441	486	0.941	0.893
LOKIASV2_2712_ESMFold_hypothetical_protein	MGYP000337762733.pdb.gz	MGYP000337762733.pdb.gz	6.188E-05	1.000	160	39	488	489	22	443	448	511	0.920	0.942
LOKIASV2_2712_ESMFold_hypothetical_protein	MGYP001626194092.pdb.gz	MGYP001626194092.pdb.gz	2.652E-04	1.000	160	1	484	489	1	442	449	547	0.990	0.984
LOKIASV2_2712_ESMFold_hypothetical_protein	MGYP000915909083.pdb.gz	MGYP000915909083.pdb.gz	6.741E-05	1.000	160	13	482	489	2	442	456	508	0.961	0.967
LOKIASV2_2712_ESMFold_hypothetical_protein	MGYP001044657402.pdb.gz	MGYP001044657402.pdb.gz	5.041E-04	1.000	160	39	484	489	18	412	462	481	0.912	0.855
LOKIASV2_2712_ESMFold_hypothetical_protein	MGYP002975221331.pdb.gz	MGYP002975221331.pdb.gz	1.000E-03	1.000	160	38	485	489	18	402	648	479	0.916	0.594
LOKIASV2_2712_ESMFold_hypothetical_protein	MGYP000863383722.pdb.gz	MGYP000863383722.pdb.gz	2.457E-03	1.000	159	18	450	489	7	378	380	461	0.885	0.979
LOKIASV2_2712_ESMFold_hypothetical_protein	MGYP001091230005.pdb.gz	MGYP001091230005.pdb.gz	6.517E-04	1.000	159	36	481	489	17	410	418	493	0.912	0.943
LOKIASV2_2712_ESMFold_hypothetical_protein	MGYP000142095787.pdb.gz	MGYP000142095787.pdb.gz	2.235E-04	1.000	159	39	485	489	13	403	441	483	0.914	0.887
LOKIASV2_2712_ESMFold_hypothetical_protein	MGYP000873807636.pdb.gz	MGYP000873807636.pdb.gz	4.209E-05	1.000	159	37	485	489	29	485	513	522	0.918	0.891
LOKIASV2_2712_ESMFold_hypothetical_protein	MGYP001043676926.pdb.gz	MGYP001043676926.pdb.gz	2.541E-04	1.000	159	24	488	489	10	472	667	533	0.951	0.694
LOKIASV2_2712_ESMFold_hypothetical_protein	MGYP002641566659.pdb.gz	MGYP002641566659.pdb.gz	1.534E-03	1.000	158	74	489	489	2	383	385	441	0.851	0.992
LOKIASV2_2712_ESMFold_hypothetical_protein	MGYP000149902235.pdb.gz	MGYP000149902235.pdb.gz	1.883E-04	1.000	158	39	489	489	14	437	445	500	0.922	0.953
LOKIASV2_2712_ESMFold_hypothetical_protein	MGYP002623862395.pdb.gz	MGYP002623862395.pdb.gz	3.899E-04	1.000	158	26	480	489	4	434	450	521	0.930	0.958
LOKIASV2_2712_ESMFold_hypothetical_protein	MGYP001057559229.pdb.gz	MGYP001057559229.pdb.gz	8.073E-04	1.000	158	39	485	489	24	425	461	482	0.914	0.872
LOKIASV2_2712_ESMFold_hypothetical_protein	MGYP001770661473.pdb.gz	MGYP001770661473.pdb.gz	1.165E-05	1.000	158	36	483	489	17	446	468	496	0.916	0.919
LOKIASV2_2712_ESMFold_hypothetical_protein	MGYP000585796172.pdb.gz	MGYP000585796172.pdb.gz	6.741E-05	1.000	158	34	453	489	40	439	496	474	0.859	0.806
LOKIASV2_2712_ESMFold_hypothetical_protein	MGYP002634236545.pdb.gz	MGYP002634236545.pdb.gz	1.293E-03	1.000	157	37	409	489	7	339	340	390	0.763	0.979
LOKIASV2_2712_ESMFold_hypothetical_protein	MGYP001316267477.pdb.gz	MGYP001316267477.pdb.gz	5.492E-04	1.000	157	38	419	489	34	386	387	412	0.781	0.912
LOKIASV2_2712_ESMFold_hypothetical_protein	MGYP001625453033.pdb.gz	MGYP001625453033.pdb.gz	2.255E-03	1.000	157	28	462	489	1	380	392	458	0.890	0.969
LOKIASV2_2712_ESMFold_hypothetical_protein	MGYP000043441843.pdb.gz	MGYP000043441843.pdb.gz	3.899E-04	1.000	157	42	488	489	32	421	427	504	0.914	0.913
LOKIASV2_2712_ESMFold_hypothetical_protein	MGYP001576973223.pdb.gz	MGYP001576973223.pdb.gz	8.073E-04	1.000	157	39	489	489	12	424	473	490	0.922	0.873
LOKIASV2_2712_ESMFold_hypothetical_protein	MGYP000377666068.pdb.gz	MGYP000377666068.pdb.gz	4.627E-04	1.000	157	4	454	489	3	388	474	471	0.922	0.814
LOKIASV2_2712_ESMFold_hypothetical_protein	MGYP000194123260.pdb.gz	MGYP000194123260.pdb.gz	5.492E-04	1.000	156	6	484	489	5	453	474	529	0.980	0.947
LOKIASV2_2712_ESMFold_hypothetical_protein	MGYP002509747532.pdb.gz	MGYP002509747532.pdb.gz	4.434E-04	1.000	155	46	485	489	2	401	408	484	0.900	0.980
LOKIASV2_2712_ESMFold_hypothetical_protein	MGYP003369135336.pdb.gz	MGYP003369135336.pdb.gz	1.587E-04	1.000	155	21	488	489	1	428	439	517	0.957	0.975
LOKIASV2_2712_ESMFold_hypothetical_protein	MGYP001616580194.pdb.gz	MGYP001616580194.pdb.gz	7.735E-04	1.000	155	41	485	489	16	410	454	474	0.910	0.870
LOKIASV2_2712_ESMFold_hypothetical_protein	MGYP000299438749.pdb.gz	MGYP000299438749.pdb.gz	8.073E-04	1.000	155	14	469	489	7	391	458	472	0.933	0.841
LOKIASV2_2712_ESMFold_hypothetical_protein	MGYP000487981280.pdb.gz	MGYP000487981280.pdb.gz	4.248E-04	1.000	155	22	488	489	15	434	484	509	0.955	0.868
LOKIASV2_2712_ESMFold_hypothetical_protein	MGYP000267954993.pdb.gz	MGYP000267954993.pdb.gz	2.890E-04	1.000	155	1	486	489	1	448	501	535	0.994	0.894
LOKIASV2_2712_ESMFold_hypothetical_protein	MGYP000110556340.pdb.gz	MGYP000110556340.pdb.gz	6.517E-04	1.000	155	35	479	489	29	442	516	485	0.910	0.802
LOKIASV2_2712_ESMFold_hypothetical_protein	MGYP002309417445.pdb.gz	MGYP002309417445.pdb.gz	2.652E-04	1.000	154	38	446	489	64	422	458	433	0.836	0.784
LOKIASV2_2712_ESMFold_hypothetical_protein	MGYP000756433740.pdb.gz	MGYP000756433740.pdb.gz	1.239E-03	1.000	154	38	485	489	15	429	505	477	0.916	0.822
LOKIASV2_2712_ESMFold_hypothetical_protein	MGYP001820142182.pdb.gz	MGYP001820142182.pdb.gz	9.179E-04	1.000	153	14	488	489	9	425	439	526	0.971	0.950
LOKIASV2_2712_ESMFold_hypothetical_protein	MGYP003382481308.pdb.gz	MGYP003382481308.pdb.gz	5.680E-05	1.000	153	39	482	489	11	432	441	508	0.908	0.957
LOKIASV2_2712_ESMFold_hypothetical_protein	MGYP001079598601.pdb.gz	MGYP001079598601.pdb.gz	9.096E-05	1.000	153	14	480	489	57	444	457	494	0.955	0.849
LOKIASV2_2712_ESMFold_hypothetical_protein	MGYP001257658791.pdb.gz	MGYP001257658791.pdb.gz	2.161E-03	1.000	153	43	485	489	12	421	489	474	0.906	0.838
LOKIASV2_2712_ESMFold_hypothetical_protein	MGYP000001342928.pdb.gz	MGYP000001342928.pdb.gz	2.052E-04	1.000	153	26	488	489	8	432	596	504	0.947	0.713
LOKIASV2_2712_ESMFold_hypothetical_protein	MGYP003288715190.pdb.gz	MGYP003288715190.pdb.gz	2.435E-04	1.000	153	40	488	489	26	446	626	488	0.918	0.673
LOKIASV2_2712_ESMFold_hypothetical_protein	MGYP001141192838.pdb.gz	MGYP001141192838.pdb.gz	9.179E-04	1.000	152	40	481	489	10	358	366	464	0.904	0.954
LOKIASV2_2712_ESMFold_hypothetical_protein	MGYP003374701895.pdb.gz	MGYP003374701895.pdb.gz	6.803E-04	1.000	152	28	443	489	14	381	388	448	0.851	0.948
LOKIASV2_2712_ESMFold_hypothetical_protein	MGYP000987236742.pdb.gz	MGYP000987236742.pdb.gz	2.161E-03	1.000	152	8	469	489	2	382	395	478	0.945	0.965
LOKIASV2_2712_ESMFold_hypothetical_protein	MGYP000079259634.pdb.gz	MGYP000079259634.pdb.gz	2.794E-03	1.000	152	33	488	489	4	400	403	486	0.933	0.985
LOKIASV2_2712_ESMFold_hypothetical_protein	MGYP000197126495.pdb.gz	MGYP000197126495.pdb.gz	5.680E-05	1.000	152	39	488	489	13	447	457	518	0.920	0.952
LOKIASV2_2712_ESMFold_hypothetical_protein	MGYP000984486293.pdb.gz	MGYP000984486293.pdb.gz	6.458E-05	1.000	152	38	485	489	28	487	521	525	0.916	0.883
LOKIASV2_2712_ESMFold_hypothetical_protein	MGYP003602635692.pdb.gz	MGYP003602635692.pdb.gz	1.127E-04	1.000	151	38	489	489	15	460	470	511	0.924	0.949
LOKIASV2_2712_ESMFold_hypothetical_protein	MGYP002475663041.pdb.gz	MGYP002475663041.pdb.gz	9.179E-04	1.000	150	36	485	489	9	385	399	482	0.920	0.945
LOKIASV2_2712_ESMFold_hypothetical_protein	MGYP001067428524.pdb.gz	MGYP001067428524.pdb.gz	2.070E-03	1.000	150	38	483	489	10	371	404	470	0.912	0.896
LOKIASV2_2712_ESMFold_hypothetical_protein	MGYP003385941723.pdb.gz	MGYP003385941723.pdb.gz	1.281E-04	1.000	150	38	476	489	41	417	466	472	0.898	0.809
LOKIASV2_2712_ESMFold_hypothetical_protein	MGYP000137639378.pdb.gz	MGYP000137639378.pdb.gz	1.408E-03	1.000	150	33	484	489	12	435	497	497	0.924	0.853
LOKIASV2_2712_ESMFold_hypothetical_protein	MGYP001191490745.pdb.gz	MGYP001191490745.pdb.gz	4.248E-04	1.000	150	20	448	489	3	390	502	471	0.877	0.773
LOKIASV2_2712_ESMFold_hypothetical_protein	MGYP001207729776.pdb.gz	MGYP001207729776.pdb.gz	2.794E-03	1.000	149	44	455	489	2	356	372	431	0.843	0.954
LOKIASV2_2712_ESMFold_hypothetical_protein	MGYP003235068708.pdb.gz	MGYP003235068708.pdb.gz	1.470E-03	1.000	149	39	488	489	11	407	438	475	0.920	0.906
LOKIASV2_2712_ESMFold_hypothetical_protein	MGYP001496573274.pdb.gz	MGYP001496573274.pdb.gz	1.349E-03	1.000	149	31	485	489	1	424	474	492	0.930	0.895
LOKIASV2_2712_ESMFold_hypothetical_protein	MGYP002622941654.pdb.gz	MGYP002622941654.pdb.gz	1.080E-04	1.000	149	39	481	489	16	475	481	533	0.906	0.956
LOKIASV2_2712_ESMFold_hypothetical_protein	MGYP002467454217.pdb.gz	MGYP002467454217.pdb.gz	2.333E-04	1.000	149	39	485	489	85	492	526	479	0.914	0.776
LOKIASV2_2712_ESMFold_hypothetical_protein	MGYP003499493742.pdb.gz	MGYP003499493742.pdb.gz	2.565E-03	1.000	148	39	445	489	3	382	383	449	0.832	0.992
LOKIASV2_2712_ESMFold_hypothetical_protein	MGYP003967979121.pdb.gz	MGYP003967979121.pdb.gz	1.671E-03	1.000	148	39	487	489	11	396	437	471	0.918	0.883
LOKIASV2_2712_ESMFold_hypothetical_protein	MGYP001772885856.pdb.gz	MGYP001772885856.pdb.gz	7.735E-04	1.000	148	38	485	489	26	424	480	482	0.916	0.831
LOKIASV2_2712_ESMFold_hypothetical_protein	MGYP001028446490.pdb.gz	MGYP001028446490.pdb.gz	2.916E-03	1.000	147	37	478	489	9	357	367	446	0.904	0.951
LOKIASV2_2712_ESMFold_hypothetical_protein	MGYP001214771154.pdb.gz	MGYP001214771154.pdb.gz	1.457E-04	1.000	147	39	483	489	9	431	445	502	0.910	0.951
LOKIASV2_2712_ESMFold_hypothetical_protein	MGYP000520426851.pdb.gz	MGYP000520426851.pdb.gz	5.262E-04	1.000	147	14	486	489	3	471	533	541	0.967	0.880
LOKIASV2_2712_ESMFold_hypothetical_protein	MGYP001566731621.pdb.gz	MGYP001566731621.pdb.gz	6.803E-04	1.000	146	23	488	489	2	435	490	500	0.953	0.886
LOKIASV2_2712_ESMFold_hypothetical_protein	MGYP001762255596.pdb.gz	MGYP001762255596.pdb.gz	1.000E-03	1.000	146	22	489	489	173	647	647	563	0.957	0.734
LOKIASV2_2712_ESMFold_hypothetical_protein	MGYP002581947218.pdb.gz	MGYP002581947218.pdb.gz	4.070E-04	1.000	145	32	453	489	54	420	424	437	0.863	0.866
LOKIASV2_2712_ESMFold_hypothetical_protein	MGYP000889955456.pdb.gz	MGYP000889955456.pdb.gz	3.286E-04	1.000	145	29	453	489	23	397	521	459	0.869	0.720
LOKIASV2_2712_ESMFold_hypothetical_protein	MGYP000205571563.pdb.gz	MGYP000205571563.pdb.gz	2.677E-03	1.000	144	40	486	489	24	434	489	486	0.914	0.840
LOKIASV2_2712_ESMFold_hypothetical_protein	MGYP001465436677.pdb.gz	MGYP001465436677.pdb.gz	3.286E-04	1.000	144	26	486	489	22	467	515	526	0.943	0.866
LOKIASV2_2712_ESMFold_hypothetical_protein	MGYP000013908828.pdb.gz	MGYP000013908828.pdb.gz	8.000E-05	1.000	143	39	482	489	11	429	444	501	0.908	0.944
LOKIASV2_2712_ESMFold_hypothetical_protein	MGYP001085247361.pdb.gz	MGYP001085247361.pdb.gz	6.517E-04	1.000	143	24	481	489	7	445	481	534	0.937	0.913
LOKIASV2_2712_ESMFold_hypothetical_protein	MGYP001194496222.pdb.gz	MGYP001194496222.pdb.gz	1.127E-04	1.000	143	25	485	489	10	463	484	533	0.943	0.938
LOKIASV2_2712_ESMFold_hypothetical_protein	MGYP000192211872.pdb.gz	MGYP000192211872.pdb.gz	4.670E-03	1.000	143	38	481	489	55	476	500	505	0.908	0.844
LOKIASV2_2712_ESMFold_hypothetical_protein	MGYP001233753938.pdb.gz	MGYP001233753938.pdb.gz	8.073E-04	1.000	142	24	449	489	2	402	408	463	0.871	0.983
LOKIASV2_2712_ESMFold_hypothetical_protein	MGYP000866506858.pdb.gz	MGYP000866506858.pdb.gz	1.745E-03	1.000	142	38	481	489	29	419	420	489	0.908	0.931
LOKIASV2_2712_ESMFold_hypothetical_protein	MGYP003499212144.pdb.gz	MGYP003499212144.pdb.gz	1.984E-03	1.000	142	38	484	489	44	462	483	503	0.914	0.867
LOKIASV2_2712_ESMFold_hypothetical_protein	MGYP001079006886.pdb.gz	MGYP001079006886.pdb.gz	2.070E-03	1.000	141	39	482	489	12	436	496	494	0.908	0.857
LOKIASV2_2712_ESMFold_hypothetical_protein	MGYP000223942512.pdb.gz	MGYP000223942512.pdb.gz	1.281E-04	1.000	140	38	482	489	12	417	423	489	0.910	0.960
LOKIASV2_2712_ESMFold_hypothetical_protein	MGYP000316807988.pdb.gz	MGYP000316807988.pdb.gz	3.044E-03	1.000	140	28	487	489	1	385	437	481	0.941	0.881
LOKIASV2_2712_ESMFold_hypothetical_protein	MGYP001806186327.pdb.gz	MGYP001806186327.pdb.gz	2.565E-03	1.000	140	39	453	489	29	379	470	438	0.849	0.747
LOKIASV2_2712_ESMFold_hypothetical_protein	MGYP000284967683.pdb.gz	MGYP000284967683.pdb.gz	7.100E-04	1.000	140	38	420	489	41	369	493	405	0.783	0.667
LOKIASV2_2712_ESMFold_hypothetical_protein	MGYP000892859446.pdb.gz	MGYP000892859446.pdb.gz	3.612E-03	1.000	140	39	453	489	29	379	495	441	0.849	0.709
LOKIASV2_2712_ESMFold_hypothetical_protein	MGYP000271577948.pdb.gz	MGYP000271577948.pdb.gz	3.899E-04	1.000	140	5	488	489	4	480	507	572	0.990	0.941
LOKIASV2_2712_ESMFold_hypothetical_protein	MGYP000002865310.pdb.gz	MGYP000002865310.pdb.gz	2.333E-04	1.000	140	27	488	489	46	498	550	520	0.945	0.824
LOKIASV2_2712_ESMFold_hypothetical_protein	MGYP001386837531.pdb.gz	MGYP001386837531.pdb.gz	1.349E-03	1.000	139	37	448	489	10	359	369	437	0.843	0.949
LOKIASV2_2712_ESMFold_hypothetical_protein	MGYP000683111678.pdb.gz	MGYP000683111678.pdb.gz	1.408E-03	1.000	139	39	488	489	46	459	488	495	0.920	0.848
LOKIASV2_2712_ESMFold_hypothetical_protein	MGYP000615198947.pdb.gz	MGYP000615198947.pdb.gz	7.735E-04	1.000	139	2	477	489	43	463	539	516	0.973	0.781
LOKIASV2_2712_ESMFold_hypothetical_protein	MGYP003354591440.pdb.gz	MGYP003354591440.pdb.gz	8.073E-04	1.000	139	30	489	489	26	543	725	569	0.941	0.714
LOKIASV2_2712_ESMFold_hypothetical_protein	MGYP002624546319.pdb.gz	MGYP002624546319.pdb.gz	4.874E-03	1.000	138	37	489	489	12	433	470	489	0.926	0.898
LOKIASV2_2712_ESMFold_hypothetical_protein	MGYP001553965430.pdb.gz	MGYP001553965430.pdb.gz	2.794E-03	1.000	138	20	463	489	29	398	482	455	0.908	0.768
LOKIASV2_2712_ESMFold_hypothetical_protein	MGYP001039323786.pdb.gz	MGYP001039323786.pdb.gz	1.821E-03	1.000	138	27	483	489	28	477	489	518	0.935	0.920
LOKIASV2_2712_ESMFold_hypothetical_protein	MGYP003333846286.pdb.gz	MGYP003333846286.pdb.gz	2.161E-03	1.000	138	9	451	489	38	406	498	458	0.906	0.741
LOKIASV2_2712_ESMFold_hypothetical_protein	MGYP003417924666.pdb.gz	MGYP003417924666.pdb.gz	1.349E-03	1.000	138	41	487	489	38	473	500	513	0.914	0.872
LOKIASV2_2712_ESMFold_hypothetical_protein	MGYP000283418332.pdb.gz	MGYP000283418332.pdb.gz	2.070E-03	1.000	137	33	481	489	4	378	408	469	0.918	0.919
LOKIASV2_2712_ESMFold_hypothetical_protein	MGYP003616726664.pdb.gz	MGYP003616726664.pdb.gz	2.916E-03	1.000	137	39	488	489	19	419	421	493	0.920	0.952
LOKIASV2_2712_ESMFold_hypothetical_protein	MGYP002401796705.pdb.gz	MGYP002401796705.pdb.gz	9.581E-04	1.000	137	29	481	489	4	440	462	526	0.926	0.946
LOKIASV2_2712_ESMFold_hypothetical_protein	MGYP000019131543.pdb.gz	MGYP000019131543.pdb.gz	2.794E-03	1.000	137	27	479	489	27	475	503	506	0.926	0.893
LOKIASV2_2712_ESMFold_hypothetical_protein	MGYP000287370360.pdb.gz	MGYP000287370360.pdb.gz	5.542E-03	1.000	136	38	449	489	13	373	374	436	0.843	0.965
LOKIASV2_2712_ESMFold_hypothetical_protein	MGYP001766668902.pdb.gz	MGYP001766668902.pdb.gz	4.670E-03	1.000	136	39	479	489	9	383	402	485	0.902	0.933
LOKIASV2_2712_ESMFold_hypothetical_protein	MGYP002651923546.pdb.gz	MGYP002651923546.pdb.gz	4.874E-03	1.000	136	43	470	489	2	350	456	447	0.875	0.765
LOKIASV2_2712_ESMFold_hypothetical_protein	MGYP002797485299.pdb.gz	MGYP002797485299.pdb.gz	8.073E-04	1.000	136	39	489	489	50	433	460	490	0.922	0.835
LOKIASV2_2712_ESMFold_hypothetical_protein	MGYP001770702323.pdb.gz	MGYP001770702323.pdb.gz	4.874E-03	1.000	136	42	453	489	27	374	475	430	0.843	0.733
LOKIASV2_2712_ESMFold_hypothetical_protein	MGYP001153878830.pdb.gz	MGYP001153878830.pdb.gz	3.770E-03	1.000	136	42	475	489	45	412	501	458	0.888	0.735
LOKIASV2_2712_ESMFold_hypothetical_protein	MGYP002615899839.pdb.gz	MGYP002615899839.pdb.gz	6.865E-03	1.000	135	37	481	489	5	348	354	453	0.910	0.972
LOKIASV2_2712_ESMFold_hypothetical_protein	MGYP000464248407.pdb.gz	MGYP000464248407.pdb.gz	2.255E-03	1.000	135	36	479	489	24	423	439	498	0.908	0.911
LOKIASV2_2712_ESMFold_hypothetical_protein	MGYP001474621617.pdb.gz	MGYP001474621617.pdb.gz	4.830E-04	1.000	135	38	489	489	38	422	450	493	0.924	0.856
LOKIASV2_2712_ESMFold_hypothetical_protein	MGYP001770651364.pdb.gz	MGYP001770651364.pdb.gz	1.349E-03	1.000	135	40	484	489	48	490	502	507	0.910	0.882
LOKIASV2_2712_ESMFold_hypothetical_protein	MGYP003289138814.pdb.gz	MGYP003289138814.pdb.gz	2.070E-03	1.000	134	38	424	489	19	359	497	412	0.791	0.686
LOKIASV2_2712_ESMFold_hypothetical_protein	MGYP003576365833.pdb.gz	MGYP003576365833.pdb.gz	1.901E-03	1.000	133	37	477	489	11	356	366	456	0.902	0.945
LOKIASV2_2712_ESMFold_hypothetical_protein	MGYP002628301615.pdb.gz	MGYP002628301615.pdb.gz	6.803E-04	1.000	133	14	453	489	3	368	457	462	0.900	0.801
LOKIASV2_2712_ESMFold_hypothetical_protein	MGYP000260920431.pdb.gz	MGYP000260920431.pdb.gz	1.587E-04	1.000	133	14	482	489	5	462	468	547	0.959	0.979
LOKIASV2_2712_ESMFold_hypothetical_protein	MGYP000528141945.pdb.gz	MGYP000528141945.pdb.gz	1.089E-03	1.000	133	37	487	489	49	474	487	493	0.922	0.875
LOKIASV2_2712_ESMFold_hypothetical_protein	MGYP000073177810.pdb.gz	MGYP000073177810.pdb.gz	3.177E-03	1.000	133	37	424	489	49	384	544	401	0.793	0.618
LOKIASV2_2712_ESMFold_hypothetical_protein	MGYP001320537760.pdb.gz	MGYP001320537760.pdb.gz	9.179E-04	1.000	133	36	487	489	35	506	561	529	0.924	0.841
LOKIASV2_2712_ESMFold_hypothetical_protein	MGYP003384148974.pdb.gz	MGYP003384148974.pdb.gz	1.293E-03	1.000	133	7	488	489	6	472	655	546	0.986	0.713
LOKIASV2_2712_ESMFold_hypothetical_protein	MGYP001627813929.pdb.gz	MGYP001627813929.pdb.gz	1.137E-03	1.000	132	38	488	489	43	496	592	526	0.922	0.767
LOKIASV2_2712_ESMFold_hypothetical_protein	MGYP001943935839.pdb.gz	MGYP001943935839.pdb.gz	5.542E-03	1.000	131	39	450	489	15	355	371	429	0.843	0.919
LOKIASV2_2712_ESMFold_hypothetical_protein	MGYP000527782474.pdb.gz	MGYP000527782474.pdb.gz	3.612E-03	1.000	130	33	485	489	27	389	401	475	0.926	0.905
LOKIASV2_2712_ESMFold_hypothetical_protein	MGYP002524609415.pdb.gz	MGYP002524609415.pdb.gz	4.287E-03	1.000	130	39	483	489	10	398	452	473	0.910	0.861
LOKIASV2_2712_ESMFold_hypothetical_protein	MGYP002625775729.pdb.gz	MGYP002625775729.pdb.gz	6.037E-03	1.000	130	26	485	489	8	432	699	514	0.941	0.608
LOKIASV2_2712_ESMFold_hypothetical_protein	MGYP001092198507.pdb.gz	MGYP001092198507.pdb.gz	2.480E-02	1.000	129	39	419	489	14	347	348	400	0.779	0.960
LOKIASV2_2712_ESMFold_hypothetical_protein	MGYP000468009838.pdb.gz	MGYP000468009838.pdb.gz	7.411E-04	1.000	129	38	488	489	33	499	546	539	0.922	0.855
LOKIASV2_2712_ESMFold_hypothetical_protein	MGYP000005729109.pdb.gz	MGYP000005729109.pdb.gz	4.670E-03	1.000	128	24	483	489	26	435	442	503	0.941	0.928
LOKIASV2_2712_ESMFold_hypothetical_protein	MGYP000383380091.pdb.gz	MGYP000383380091.pdb.gz	1.137E-03	1.000	128	1	485	489	1	456	470	545	0.992	0.970
LOKIASV2_2712_ESMFold_hypothetical_protein	MGYP000270881176.pdb.gz	MGYP000270881176.pdb.gz	2.070E-03	1.000	128	9	488	489	2	462	478	554	0.982	0.964
LOKIASV2_2712_ESMFold_hypothetical_protein	MGYP003291228250.pdb.gz	MGYP003291228250.pdb.gz	3.935E-03	1.000	127	27	431	489	1	347	352	424	0.828	0.986
LOKIASV2_2712_ESMFold_hypothetical_protein	MGYP000880968025.pdb.gz	MGYP000880968025.pdb.gz	1.349E-03	1.000	127	25	489	489	28	473	492	528	0.951	0.907
LOKIASV2_2712_ESMFold_hypothetical_protein	MGYP000611858564.pdb.gz	MGYP000611858564.pdb.gz	8.073E-04	1.000	126	37	483	489	15	436	446	495	0.914	0.946
LOKIASV2_2712_ESMFold_hypothetical_protein	MGYP002617956490.pdb.gz	MGYP002617956490.pdb.gz	2.677E-03	1.000	126	38	483	489	70	449	459	484	0.912	0.828
LOKIASV2_2712_ESMFold_hypothetical_protein	MGYP003684116909.pdb.gz	MGYP003684116909.pdb.gz	2.794E-03	1.000	125	38	489	489	44	446	454	490	0.924	0.888
LOKIASV2_2712_ESMFold_hypothetical_protein	MGYP000960178734.pdb.gz	MGYP000960178734.pdb.gz	4.670E-03	1.000	124	24	489	489	1	439	453	532	0.953	0.969
LOKIASV2_2712_ESMFold_hypothetical_protein	MGYP002014700408.pdb.gz	MGYP002014700408.pdb.gz	5.732E-04	1.000	123	38	488	489	16	457	482	518	0.922	0.917
LOKIASV2_2712_ESMFold_hypothetical_protein	MGYP000405514834.pdb.gz	MGYP000405514834.pdb.gz	1.250E-02	1.000	123	37	454	489	27	382	485	438	0.855	0.734
LOKIASV2_2712_ESMFold_hypothetical_protein	MGYP001212994261.pdb.gz	MGYP001212994261.pdb.gz	1.534E-03	1.000	123	38	488	489	46	473	520	510	0.922	0.823
LOKIASV2_2712_ESMFold_hypothetical_protein	MGYP001047490169.pdb.gz	MGYP001047490169.pdb.gz	1.293E-03	1.000	123	27	482	489	27	481	532	528	0.933	0.855
LOKIASV2_2712_ESMFold_hypothetical_protein	MGYP001406995104.pdb.gz	MGYP001406995104.pdb.gz	1.000E-03	1.000	122	39	438	489	16	379	408	440	0.818	0.892
LOKIASV2_2712_ESMFold_hypothetical_protein	MGYP001149793050.pdb.gz	MGYP001149793050.pdb.gz	3.044E-03	1.000	122	41	486	489	20	482	534	525	0.912	0.867
LOKIASV2_2712_ESMFold_hypothetical_protein	MGYP000430047269.pdb.gz	MGYP000430047269.pdb.gz	8.875E-03	1.000	122	22	483	489	107	531	536	518	0.945	0.793
LOKIASV2_2712_ESMFold_hypothetical_protein	MGYP001239012544.pdb.gz	MGYP001239012544.pdb.gz	2.161E-03	1.000	121	39	441	489	11	362	374	433	0.824	0.941
LOKIASV2_2712_ESMFold_hypothetical_protein	MGYP001350223242.pdb.gz	MGYP001350223242.pdb.gz	1.687E-02	1.000	120	39	486	489	20	427	467	489	0.916	0.874
LOKIASV2_2712_ESMFold_hypothetical_protein	MGYP000061110255.pdb.gz	MGYP000061110255.pdb.gz	5.087E-03	1.000	120	27	488	489	5	435	677	519	0.945	0.637
LOKIASV2_2712_ESMFold_hypothetical_protein	MGYP002521980365.pdb.gz	MGYP002521980365.pdb.gz	3.770E-03	1.000	119	40	487	489	8	432	457	508	0.916	0.930
LOKIASV2_2712_ESMFold_hypothetical_protein	MGYP003643731625.pdb.gz	MGYP003643731625.pdb.gz	6.037E-03	1.000	119	38	488	489	33	483	529	516	0.922	0.853
LOKIASV2_2712_ESMFold_hypothetical_protein	MGYP000076081571.pdb.gz	MGYP000076081571.pdb.gz	1.761E-02	1.000	118	37	455	489	12	352	361	442	0.857	0.945
LOKIASV2_2712_ESMFold_hypothetical_protein	MGYP000523421345.pdb.gz	MGYP000523421345.pdb.gz	2.276E-02	1.000	118	38	453	489	8	356	366	440	0.851	0.954
LOKIASV2_2712_ESMFold_hypothetical_protein	MGYP003566360097.pdb.gz	MGYP003566360097.pdb.gz	2.255E-03	1.000	118	13	485	489	15	453	473	525	0.967	0.928
LOKIASV2_2712_ESMFold_hypothetical_protein	MGYP000505674087.pdb.gz	MGYP000505674087.pdb.gz	8.147E-03	1.000	118	37	484	489	42	461	563	493	0.916	0.746
LOKIASV2_2712_ESMFold_hypothetical_protein	MGYP001500927895.pdb.gz	MGYP001500927895.pdb.gz	4.874E-03	1.000	117	41	488	489	1	447	457	521	0.916	0.978
LOKIASV2_2712_ESMFold_hypothetical_protein	MGYP001401596887.pdb.gz	MGYP001401596887.pdb.gz	8.426E-04	1.000	117	39	482	489	15	466	480	528	0.908	0.942
LOKIASV2_2712_ESMFold_hypothetical_protein	MGYP000116446140.pdb.gz	MGYP000116446140.pdb.gz	1.044E-03	1.000	116	37	479	489	13	434	453	505	0.906	0.932
LOKIASV2_2712_ESMFold_hypothetical_protein	MGYP003615086939.pdb.gz	MGYP003615086939.pdb.gz	1.044E-03	1.000	115	35	485	489	15	436	480	513	0.922	0.879
LOKIASV2_2712_ESMFold_hypothetical_protein	MGYP000650769614.pdb.gz	MGYP000650769614.pdb.gz	1.147E-02	1.000	115	5	489	489	10	472	526	546	0.992	0.880
LOKIASV2_2712_ESMFold_hypothetical_protein	MGYP002518473218.pdb.gz	MGYP002518473218.pdb.gz	3.461E-03	1.000	114	31	489	489	7	440	455	530	0.939	0.954
LOKIASV2_2712_ESMFold_hypothetical_protein	MGYP003647554355.pdb.gz	MGYP003647554355.pdb.gz	1.349E-03	1.000	112	30	488	489	28	490	497	534	0.939	0.932
LOKIASV2_2712_ESMFold_hypothetical_protein	MGYP002524368395.pdb.gz	MGYP002524368395.pdb.gz	2.457E-03	1.000	112	38	484	489	53	477	501	498	0.914	0.848
LOKIASV2_2712_ESMFold_hypothetical_protein	MGYP001057641694.pdb.gz	MGYP001057641694.pdb.gz	1.053E-02	1.000	111	36	488	489	7	442	449	520	0.926	0.971
LOKIASV2_2712_ESMFold_hypothetical_protein	MGYP001552631278.pdb.gz	MGYP001552631278.pdb.gz	9.263E-03	1.000	109	16	489	489	13	429	452	520	0.969	0.923
LOKIASV2_2712_ESMFold_hypothetical_protein	MGYP000514552796.pdb.gz	MGYP000514552796.pdb.gz	1.918E-02	1.000	108	38	484	489	43	477	492	499	0.914	0.884
LOKIASV2_2712_ESMFold_hypothetical_protein	MGYP003300608217.pdb.gz	MGYP003300608217.pdb.gz	1.250E-02	1.000	107	38	485	489	43	517	523	528	0.916	0.908
LOKIASV2_2712_ESMFold_hypothetical_protein	MGYP002519026280.pdb.gz	MGYP002519026280.pdb.gz	1.009E-02	1.000	106	37	453	489	8	364	451	440	0.853	0.792
LOKIASV2_2712_ESMFold_hypothetical_protein	MGYP001191718850.pdb.gz	MGYP001191718850.pdb.gz	6.302E-03	1.000	106	13	482	489	33	446	459	526	0.961	0.902
LOKIASV2_2712_ESMFold_hypothetical_protein	MGYP003325265534.pdb.gz	MGYP003325265534.pdb.gz	4.670E-03	1.000	106	33	488	489	14	481	505	539	0.933	0.927
LOKIASV2_2712_ESMFold_hypothetical_protein	MGYP002673970344.pdb.gz	MGYP002673970344.pdb.gz	3.935E-03	1.000	106	38	450	489	42	551	789	555	0.845	0.646
LOKIASV2_2712_ESMFold_hypothetical_protein	MGYP003333470446.pdb.gz	MGYP003333470446.pdb.gz	8.503E-03	1.000	105	13	482	489	9	463	487	528	0.961	0.934
LOKIASV2_2712_ESMFold_hypothetical_protein	MGYP000192308102.pdb.gz	MGYP000192308102.pdb.gz	2.701E-02	1.000	103	39	488	489	8	396	402	504	0.920	0.968
LOKIASV2_2712_ESMFold_hypothetical_protein	MGYP000467341060.pdb.gz	MGYP000467341060.pdb.gz	3.346E-02	0.999	98	30	480	489	32	470	522	517	0.922	0.841
LOKIASV2_2712_ESMFold_hypothetical_protein	MGYP003579655093.pdb.gz	MGYP003579655093.pdb.gz	2.089E-02	0.999	97	28	452	489	27	437	536	495	0.869	0.767
LOKIASV2_2712_ESMFold_hypothetical_protein	MGYP002629486947.pdb.gz	MGYP002629486947.pdb.gz	1.687E-02	0.998	94	5	452	489	15	451	723	504	0.916	0.604
LOKIASV2_2712_ESMFold_hypothetical_protein	MGYP003593258863.pdb.gz	MGYP003593258863.pdb.gz	2.020E-01	0.949	72	33	453	489	15	420	501	475	0.861	0.810
LOKIASV2_2712_ESMFold_hypothetical_protein	MGYP001062000264.pdb.gz	MGYP001062000264.pdb.gz	5.009E+00	0.020	18	5	487	489	4	554	600	616	0.988	0.918
LOKIASV2_2712_ESMFold_hypothetical_protein	ProtVar_O43808_P49281-2_B	ProtVar_O43808_P49281-2_B 	2.728E-06	1.000	234	15	488	489	52	496	561	519	0.969	0.793
LOKIASV2_2712_ESMFold_hypothetical_protein	ProtVar_Q92624_Q9NS82_B	ProtVar_Q92624_Q9NS82_B 	2.377E-07	1.000	220	24	488	489	20	443	523	505	0.951	0.811
LOKIASV2_2712_ESMFold_hypothetical_protein	ProtVar_P08195_Q9UM01_B	ProtVar_P08195_Q9UM01_B 	7.552E-07	1.000	216	39	485	489	39	434	511	477	0.914	0.775
LOKIASV2_2712_ESMFold_hypothetical_protein	ProtVar_Q92536_Q9NY72_A	ProtVar_Q92536_Q9NY72_A 	1.110E-06	1.000	214	39	485	489	47	442	515	476	0.914	0.769
LOKIASV2_2712_ESMFold_hypothetical_protein	ProtVar_P82251_Q07837_A	ProtVar_P82251_Q07837_A 	3.681E-06	1.000	211	39	489	489	32	431	487	474	0.922	0.821
LOKIASV2_2712_ESMFold_hypothetical_protein	ProtVar_A0A087WZ82_Q9UHI5_A	ProtVar_A0A087WZ82_Q9UHI5_A 	1.159E-06	1.000	208	39	485	489	42	440	535	472	0.914	0.746
LOKIASV2_2712_ESMFold_hypothetical_protein	ProtVar_O00182_P55011-3_B	ProtVar_O00182_P55011-3_B 	4.759E-06	1.000	200	38	486	489	287	730	1196	511	0.918	0.371
LOKIASV2_2712_ESMFold_hypothetical_protein	LevyLab_P60063_V1_3_relaxed_B	LevyLab_P60063_V1_3_relaxed_B 	1.274E-05	1.000	194	39	485	489	12	404	445	464	0.914	0.883
LOKIASV2_2712_ESMFold_hypothetical_protein	LevyLab_Q8X9G5_V1_5_relaxed_B	LevyLab_Q8X9G5_V1_5_relaxed_B 	1.120E-05	1.000	192	36	483	489	12	402	439	474	0.916	0.891
LOKIASV2_2712_ESMFold_hypothetical_protein	LevyLab_P0AAF0_V1_3_relaxed_B	LevyLab_P0AAF0_V1_3_relaxed_B 	1.274E-05	1.000	191	13	485	489	2	402	444	489	0.967	0.903
LOKIASV2_2712_ESMFold_hypothetical_protein	ProtVar_P21926_Q01650_B	ProtVar_P21926_Q01650_B 	6.152E-06	1.000	190	2	485	489	17	449	507	515	0.990	0.854
LOKIASV2_2712_ESMFold_hypothetical_protein	ProtVar_Q12918_Q9UPY5_B	ProtVar_Q12918_Q9UPY5_B 	9.853E-06	1.000	187	20	488	489	17	444	501	505	0.959	0.854
LOKIASV2_2712_ESMFold_hypothetical_protein	LevyLab_Q13621_V1_4_relaxed_B	LevyLab_Q13621_V1_4_relaxed_B 	1.274E-05	1.000	181	20	486	489	155	623	1099	539	0.955	0.427
LOKIASV2_2712_ESMFold_hypothetical_protein	ProtVar_P23246_P55011_B	ProtVar_P23246_P55011_B 	1.578E-05	1.000	180	28	486	489	267	730	1212	541	0.939	0.383
LOKIASV2_2712_ESMFold_hypothetical_protein	LevyLab_P55017_V1_2_relaxed_B	LevyLab_P55017_V1_2_relaxed_B 	1.873E-05	1.000	161	18	488	489	122	605	1021	554	0.963	0.474
LOKIASV2_2712_ESMFold_hypothetical_protein	ProtVar_Q8N695_Q92828_A	ProtVar_Q8N695_Q92828_A 	3.130E-05	1.000	160	27	448	489	34	427	610	462	0.863	0.646
LOKIASV2_2712_ESMFold_hypothetical_protein	ProtVar_Q5J8X5_Q9Y666_A	ProtVar_Q5J8X5_Q9Y666_A 	6.764E-05	1.000	157	3	486	489	101	633	1083	620	0.990	0.492
LOKIASV2_2712_ESMFold_hypothetical_protein	LevyLab_P38329_V1_4_relaxed_B	LevyLab_P38329_V1_4_relaxed_B 	3.441E-04	1.000	150	42	486	489	67	483	1120	500	0.910	0.372
LOKIASV2_2712_ESMFold_hypothetical_protein	LevyLab_A6NNN8_V1_3_relaxed_B	LevyLab_A6NNN8_V1_3_relaxed_B 	1.462E-04	1.000	149	20	486	489	2	423	435	505	0.955	0.970
LOKIASV2_2712_ESMFold_hypothetical_protein	ProtVar_Q9H598_Q9P0P0_A	ProtVar_Q9H598_Q9P0P0_A 	1.526E-04	1.000	146	18	489	489	96	514	525	519	0.965	0.798
LOKIASV2_2712_ESMFold_hypothetical_protein	ProtVar_Q695T7_Q9BYF1_A	ProtVar_Q695T7_Q9BYF1_A 	1.342E-04	1.000	146	4	481	489	18	551	634	622	0.978	0.842
LOKIASV2_2712_ESMFold_hypothetical_protein	ModelArchive_ma-rap-bacsu-054_A	ModelArchive_ma-rap-bacsu-054_A Predicted interaction between gerBB and gerAC Predicted interaction between gerBB and gerAC	6.265E-04	1.000	141	35	455	489	10	354	368	441	0.861	0.938
LOKIASV2_2712_ESMFold_hypothetical_protein	ProtVar_Q86UR5_Q9H598_B	ProtVar_Q86UR5_Q9H598_B 	4.643E-04	1.000	141	21	487	489	96	509	525	513	0.955	0.789
LOKIASV2_2712_ESMFold_hypothetical_protein	ProtVar_O14798_Q8WUX1_B	ProtVar_O14798_Q8WUX1_B 	1.083E-04	1.000	140	26	488	489	32	460	472	509	0.947	0.909
LOKIASV2_2712_ESMFold_hypothetical_protein	ProtVar_Q9BXP2_Q9H313-2_A	ProtVar_Q9BXP2_Q9H313-2_A 	2.550E-04	1.000	140	38	486	489	39	473	914	527	0.918	0.476
LOKIASV2_2712_ESMFold_hypothetical_protein	ProtVar_O43808_Q9Y289_B	ProtVar_O43808_Q9Y289_B 	3.026E-04	1.000	137	21	449	489	5	445	635	497	0.877	0.694
LOKIASV2_2712_ESMFold_hypothetical_protein	ProtVar_Q9H2J7_Q9NVC3_A	ProtVar_Q9H2J7_Q9NVC3_A 	8.027E-05	1.000	135	20	481	489	48	590	730	615	0.945	0.744
LOKIASV2_2712_ESMFold_hypothetical_protein	ProtVar_A0PK11_Q9UP95-2_B	ProtVar_A0PK11_Q9UP95-2_B 	2.778E-04	1.000	134	5	486	489	97	633	1068	590	0.986	0.503
LOKIASV2_2712_ESMFold_hypothetical_protein	ProtVar_O75063_Q8TBB6_A	ProtVar_O75063_Q8TBB6_A 	2.778E-04	1.000	132	37	451	489	56	427	771	451	0.849	0.482
LOKIASV2_2712_ESMFold_hypothetical_protein	ProtVar_P60953_Q96QD8_B	ProtVar_P60953_Q96QD8_B 	4.643E-04	1.000	130	27	488	489	53	491	506	496	0.945	0.868
LOKIASV2_2712_ESMFold_hypothetical_protein	ProtVar_P31641_Q8IZF4_A	ProtVar_P31641_Q8IZF4_A 	2.443E-04	1.000	129	2	481	489	4	525	620	610	0.982	0.842
LOKIASV2_2712_ESMFold_hypothetical_protein	ProtVar_Q8NGN2_Q9UHW9-2_B	ProtVar_Q8NGN2_Q9UHW9-2_B 	3.297E-04	1.000	129	5	486	489	112	647	1099	593	0.986	0.488
LOKIASV2_2712_ESMFold_hypothetical_protein	ProtVar_P11912_P48065_B	ProtVar_P11912_P48065_B 	2.899E-04	1.000	128	37	484	489	42	514	614	560	0.916	0.770
LOKIASV2_2712_ESMFold_hypothetical_protein	ModelArchive_ma-rap-bacsu-049_A	ModelArchive_ma-rap-bacsu-049_A Predicted interaction between gerAB and gerKA Predicted interaction between gerAB and gerKA	1.907E-03	1.000	125	36	453	489	13	353	365	433	0.855	0.934
LOKIASV2_2712_ESMFold_hypothetical_protein	ProtVar_Q7Z2H8_Q8IXB3_A	ProtVar_Q7Z2H8_Q8IXB3_A 	8.455E-04	1.000	121	8	485	489	4	450	476	536	0.978	0.939
LOKIASV2_2712_ESMFold_hypothetical_protein	ProtVar_Q99624_Q9NY72_A	ProtVar_Q99624_Q9NY72_A 	2.550E-04	1.000	121	21	488	489	46	487	504	531	0.957	0.877
LOKIASV2_2712_ESMFold_hypothetical_protein	LevyLab_Q9UP95_V1_4_relaxed_B	LevyLab_Q9UP95_V1_4_relaxed_B 	4.084E-04	1.000	119	4	486	489	95	633	1085	593	0.988	0.497
LOKIASV2_2712_ESMFold_hypothetical_protein	ProtVar_Q9UKV5_Q9Y345_B	ProtVar_Q9UKV5_Q9Y345_B 	2.243E-04	1.000	118	21	488	489	175	735	797	621	0.957	0.704
LOKIASV2_2712_ESMFold_hypothetical_protein	ProtVar_P30531_Q05329_A	ProtVar_P30531_Q05329_A 	1.526E-04	1.000	116	14	483	489	32	552	599	601	0.961	0.870
LOKIASV2_2712_ESMFold_hypothetical_protein	ProtVar_P20036_Q9HBR0_B	ProtVar_P20036_Q9HBR0_B 	3.054E-03	1.000	115	33	487	489	5	395	1119	479	0.930	0.349
LOKIASV2_2712_ESMFold_hypothetical_protein	ProtVar_O15529_Q9H2H9_A	ProtVar_O15529_Q9H2H9_A 	1.540E-03	1.000	114	2	488	489	49	475	487	517	0.996	0.877
LOKIASV2_2712_ESMFold_hypothetical_protein	ProtVar_A6NGC4_Q9NP91_B	ProtVar_A6NGC4_Q9NP91_B 	1.297E-03	1.000	114	25	480	489	5	525	592	608	0.933	0.880
LOKIASV2_2712_ESMFold_hypothetical_protein	ProtVar_A8MVS5_Q8WY07_B	ProtVar_A8MVS5_Q8WY07_B 	9.210E-04	1.000	113	6	451	489	2	426	619	507	0.912	0.687
LOKIASV2_2712_ESMFold_hypothetical_protein	ProtVar_P21730_P48029_B	ProtVar_P21730_P48029_B 	1.413E-03	1.000	112	20	488	489	33	540	635	582	0.959	0.800
LOKIASV2_2712_ESMFold_hypothetical_protein	ProtVar_P02787_Q8IZM9-2_B	ProtVar_P02787_Q8IZM9-2_B 	1.413E-03	1.000	107	20	487	489	25	450	521	523	0.957	0.818
LOKIASV2_2712_ESMFold_hypothetical_protein	ProtVar_Q8TD22_Q92911_B	ProtVar_Q8TD22_Q92911_B 	3.054E-03	1.000	107	26	447	489	38	425	643	461	0.863	0.603
LOKIASV2_2712_ESMFold_hypothetical_protein	ProtVar_Q08AI6_Q8IXB3_A	ProtVar_Q08AI6_Q8IXB3_A 	8.905E-03	1.000	106	70	488	489	9	358	406	437	0.857	0.862
LOKIASV2_2712_ESMFold_hypothetical_protein	ProtVar_O95292_P52569-3_B	ProtVar_O95292_P52569-3_B 	2.686E-03	1.000	105	38	454	489	78	466	698	477	0.853	0.557
LOKIASV2_2712_ESMFold_hypothetical_protein	ProtVar_O15529_Q9NVC3_B	ProtVar_O15529_Q9NVC3_B 	2.926E-03	1.000	104	3	488	489	21	453	462	533	0.994	0.937
LOKIASV2_2712_ESMFold_hypothetical_protein	ProtVar_P08962_P13866_B	ProtVar_P08962_P13866_B 	4.121E-03	1.000	104	38	487	489	68	539	664	530	0.920	0.711
LOKIASV2_2712_ESMFold_hypothetical_protein	ProtVar_O15218_P53794_B	ProtVar_O15218_P53794_B 	2.077E-03	1.000	102	31	488	489	35	528	718	548	0.937	0.688
LOKIASV2_2712_ESMFold_hypothetical_protein	ProtVar_Q4KMZ8_Q9UHW9_B	ProtVar_Q4KMZ8_Q9UHW9_B 	6.599E-03	1.000	101	5	486	489	147	698	1150	630	0.986	0.480
LOKIASV2_2712_ESMFold_hypothetical_protein	ProtVar_Q8NE00_Q8WXA8_A	ProtVar_Q8NE00_Q8WXA8_A 	1.309E-02	0.999	97	26	488	489	2	487	496	571	0.947	0.980
LOKIASV2_2712_ESMFold_hypothetical_protein	ProtVar_P07858_Q8D0R9_B	ProtVar_P07858_Q8D0R9_B 	7.832E-03	0.998	94	16	483	489	85	506	559	537	0.957	0.755
LOKIASV2_2712_ESMFold_hypothetical_protein	ModelArchive_ma-rap-bacsu-058_A	ModelArchive_ma-rap-bacsu-058_A Predicted interaction between gerKB and gerKA Predicted interaction between gerKB and gerKA	1.488E-02	0.996	90	35	479	489	9	360	373	470	0.910	0.944
LOKIASV2_2712_ESMFold_hypothetical_protein	LevyLab_Q8XA30_V1_1_relaxed_B	LevyLab_Q8XA30_V1_1_relaxed_B 	3.984E-02	0.994	87	25	452	489	80	496	504	493	0.875	0.827
LOKIASV2_2712_ESMFold_hypothetical_protein	ProtVar_Q8NBW4_Q9P035_A	ProtVar_Q8NBW4_Q9P035_A 	2.009E-02	0.988	82	44	489	489	122	561	561	530	0.912	0.784
LOKIASV2_2712_ESMFold_hypothetical_protein	ProtVar_Q9NR77_Q9NY91_B	ProtVar_Q9NR77_Q9NY91_B 	6.599E-03	0.986	81	32	487	489	55	535	659	554	0.933	0.730
LOKIASV2_2712_ESMFold_hypothetical_protein	ProtVar_O43653_P30825_B	ProtVar_O43653_P30825_B 	8.532E-03	0.975	77	5	454	489	3	424	629	515	0.920	0.671
LOKIASV2_2712_ESMFold_hypothetical_protein	ProtVar_P52569_Q86X19_A	ProtVar_P52569_Q86X19_A 	9.790E-02	0.900	67	38	454	489	38	426	658	480	0.853	0.591
LOKIASV2_2712_ESMFold_hypothetical_protein	ModelArchive_ma-rap-bacsu-074_B	ModelArchive_ma-rap-bacsu-074_B Predicted interaction between MntC and MntD and MntA Predicted interaction between MntC and MntD and MntA	2.855E-01	0.116	33	70	451	489	4	272	295	400	0.781	0.912
LOKIASV2_2712_ESMFold_hypothetical_protein	LevyLab_Q8XAV2_V1_2_relaxed_B	LevyLab_Q8XAV2_V1_2_relaxed_B 	2.406E-01	0.116	33	31	441	489	28	423	442	493	0.840	0.896
LOKIASV2_2712_ESMFold_hypothetical_protein	LevyLab_P0AGI6_V1_3_relaxed_B	LevyLab_P0AGI6_V1_3_relaxed_B 	5.612E-02	0.106	32	24	476	489	14	383	393	487	0.926	0.941
LOKIASV2_2712_ESMFold_hypothetical_protein	LevyLab_Q8X4W0_V1_5_relaxed_B	LevyLab_Q8X4W0_V1_5_relaxed_B 	1.067E-01	0.106	32	36	443	489	11	404	426	486	0.834	0.925
LOKIASV2_2712_ESMFold_hypothetical_protein	ProtVar_O15173_Q7RTY0_B	ProtVar_O15173_Q7RTY0_B 	2.305E-01	0.106	32	20	448	489	4	390	426	479	0.877	0.908
LOKIASV2_2712_ESMFold_hypothetical_protein	LevyLab_Q8XB20_V1_3_relaxed_B	LevyLab_Q8XB20_V1_3_relaxed_B 	2.511E-01	0.106	32	24	479	489	6	442	445	538	0.933	0.982
LOKIASV2_2712_ESMFold_hypothetical_protein	ProtVar_O14981_P11166_B	ProtVar_O14981_P11166_B 	5.857E-02	0.106	32	24	481	489	1	450	492	577	0.937	0.915
LOKIASV2_2712_ESMFold_hypothetical_protein	LevyLab_Q8U037_V1_3_relaxed_B	LevyLab_Q8U037_V1_3_relaxed_B 	3.110E-01	0.098	31	69	451	489	5	270	275	388	0.783	0.967
LOKIASV2_2712_ESMFold_hypothetical_protein	ModelArchive_ma-rap-bacsu-074_A	ModelArchive_ma-rap-bacsu-074_A Predicted interaction between MntC and MntD and MntA Predicted interaction between MntC and MntD and MntA	1.113E-01	0.098	31	60	416	489	5	271	435	370	0.730	0.614
LOKIASV2_2712_ESMFold_hypothetical_protein	ProtVar_Q6PXP3_Q92620_A	ProtVar_Q6PXP3_Q92620_A 	6.381E-02	0.098	31	20	480	489	5	463	512	572	0.943	0.896
LOKIASV2_2712_ESMFold_hypothetical_protein	LevyLab_Q9UHI7_V1_3_relaxed_A	LevyLab_Q9UHI7_V1_3_relaxed_A 	1.636E-01	0.098	31	13	479	489	25	531	598	604	0.955	0.848
LOKIASV2_2712_ESMFold_hypothetical_protein	LevyLab_Q8X4M9_V1_3_relaxed_B	LevyLab_Q8X4M9_V1_3_relaxed_B 	2.208E-01	0.090	30	28	420	489	1	307	318	421	0.804	0.965
LOKIASV2_2712_ESMFold_hypothetical_protein	ProtVar_O15552_Q7Z5S9_B	ProtVar_O15552_Q7Z5S9_B 	2.116E-01	0.090	30	70	486	489	7	340	345	448	0.853	0.968
LOKIASV2_2712_ESMFold_hypothetical_protein	ProtVar_P38484_Q96FL8-3_B	ProtVar_P38484_Q96FL8-3_B 	6.381E-02	0.090	30	24	440	489	5	474	586	557	0.853	0.802
LOKIASV2_2712_ESMFold_hypothetical_protein	LevyLab_P0AGN1_V1_3_relaxed_B	LevyLab_P0AGN1_V1_3_relaxed_B 	3.536E-01	0.082	29	14	424	489	19	457	463	504	0.840	0.948
LOKIASV2_2712_ESMFold_hypothetical_protein	ProtVar_O15127_Q5NEB3_B	ProtVar_O15127_Q5NEB3_B 	1.568E-01	0.076	28	27	488	489	3	389	396	526	0.945	0.977
LOKIASV2_2712_ESMFold_hypothetical_protein	ProtVar_Q6P1K1_Q86WB7-2_B	ProtVar_Q6P1K1_Q86WB7-2_B 	1.113E-01	0.076	28	120	488	489	3	385	415	439	0.755	0.923
LOKIASV2_2712_ESMFold_hypothetical_protein	LevyLab_Q8X4P7_V1_5_relaxed_B	LevyLab_Q8X4P7_V1_5_relaxed_B 	4.197E-01	0.076	28	64	484	489	14	428	438	516	0.861	0.947
LOKIASV2_2712_ESMFold_hypothetical_protein	ProtVar_Q12999_Q9H3U5_B	ProtVar_Q12999_Q9H3U5_B 	3.110E-01	0.076	28	30	488	489	37	437	465	538	0.939	0.862
LOKIASV2_2712_ESMFold_hypothetical_protein	ProtVar_Q6P4I2_Q8TDB8_B	ProtVar_Q6P4I2_Q8TDB8_B 	1.636E-01	0.076	28	37	481	489	35	472	520	563	0.910	0.842
LOKIASV2_2712_ESMFold_hypothetical_protein	LevyLab_P15365_V1_5_relaxed_B	LevyLab_P15365_V1_5_relaxed_B 	2.116E-01	0.076	28	1	484	489	54	501	543	571	0.990	0.825
LOKIASV2_2712_ESMFold_hypothetical_protein	LevyLab_Q8U0A1_V1_3_relaxed_B	LevyLab_Q8U0A1_V1_3_relaxed_B 	4.197E-01	0.069	27	57	421	489	2	284	302	394	0.746	0.937
LOKIASV2_2712_ESMFold_hypothetical_protein	ModelArchive_ma-rap-bacsu-142_B	ModelArchive_ma-rap-bacsu-142_B Predicted interaction between yfmC and yfmD Predicted interaction between yfmC and yfmD	4.021E-01	0.069	27	1	401	489	1	328	333	444	0.820	0.985
LOKIASV2_2712_ESMFold_hypothetical_protein	ProtVar_P08247_Q9HBR0-3_B	ProtVar_P08247_Q9HBR0-3_B 	5.663E-01	0.069	27	70	421	489	2	315	686	406	0.720	0.458
LOKIASV2_2712_ESMFold_hypothetical_protein	ModelArchive_ma-rap-bacsu-081_B	ModelArchive_ma-rap-bacsu-081_B Predicted interaction between nupP and nupQ Predicted interaction between nupP and nupQ	4.021E-01	0.063	26	55	418	489	2	296	319	401	0.744	0.925
LOKIASV2_2712_ESMFold_hypothetical_protein	ModelArchive_ma-rap-bacsu-034_A	ModelArchive_ma-rap-bacsu-034_A Predicted interaction between feuB and feuC Predicted interaction between feuB and feuC	4.981E-01	0.063	26	33	401	489	4	329	334	414	0.755	0.976
LOKIASV2_2712_ESMFold_hypothetical_protein	ProtVar_P02724_Q96BI1_B	ProtVar_P02724_Q96BI1_B 	3.536E-01	0.063	26	26	477	489	14	409	424	519	0.924	0.934
LOKIASV2_2712_ESMFold_hypothetical_protein	LevyLab_Q8U0W2_V1_4_relaxed_B	LevyLab_Q8U0W2_V1_4_relaxed_B 	4.772E-01	0.063	26	27	462	489	1	401	426	519	0.892	0.941
LOKIASV2_2712_ESMFold_hypothetical_protein	LevyLab_Q8XCW2_V1_2_relaxed_B	LevyLab_Q8XCW2_V1_2_relaxed_B 	2.208E-01	0.063	26	26	431	489	1	423	433	508	0.830	0.977
LOKIASV2_2712_ESMFold_hypothetical_protein	ProtVar_O14735_Q86WB7_B	ProtVar_O14735_Q86WB7_B 	2.621E-01	0.063	26	37	482	489	3	428	457	525	0.912	0.932
LOKIASV2_2712_ESMFold_hypothetical_protein	ProtVar_Q8NBP5_Q9NRM0-2_A	ProtVar_Q8NBP5_Q9NRM0-2_A 	1.861E-01	0.063	26	2	448	489	17	458	474	548	0.914	0.932
LOKIASV2_2712_ESMFold_hypothetical_protein	ProtVar_A1L3X0_Q8IVJ1_A	ProtVar_A1L3X0_Q8IVJ1_A 	6.169E-01	0.063	26	20	488	489	82	500	513	546	0.959	0.817
LOKIASV2_2712_ESMFold_hypothetical_protein	ProtVar_Q14CX5_Q8IUC2_A	ProtVar_Q14CX5_Q8IUC2_A 	4.572E-01	0.063	26	31	489	489	2	517	517	576	0.939	0.998
LOKIASV2_2712_ESMFold_hypothetical_protein	LevyLab_Q8XCJ0_V1_3_relaxed_B	LevyLab_Q8XCJ0_V1_3_relaxed_B 	6.169E-01	0.057	25	70	418	489	4	254	261	372	0.714	0.962
LOKIASV2_2712_ESMFold_hypothetical_protein	LevyLab_Q8X5S1_V1_3_relaxed_B	LevyLab_Q8X5S1_V1_3_relaxed_B 	4.981E-01	0.057	25	29	470	489	1	421	437	531	0.904	0.963
LOKIASV2_2712_ESMFold_hypothetical_protein	LevyLab_Q8U2I2_V1_4_relaxed_B	LevyLab_Q8U2I2_V1_4_relaxed_B 	6.721E-01	0.057	25	33	446	489	11	432	442	502	0.847	0.955
LOKIASV2_2712_ESMFold_hypothetical_protein	ProtVar_O15120_P11169_B	ProtVar_O15120_P11169_B 	2.406E-01	0.057	25	37	481	489	11	448	496	560	0.910	0.883
LOKIASV2_2712_ESMFold_hypothetical_protein	LevyLab_Q8XD37_V1_2_relaxed_A	LevyLab_Q8XD37_V1_2_relaxed_A 	3.110E-01	0.057	25	35	488	489	7	386	558	486	0.928	0.681
LOKIASV2_2712_ESMFold_hypothetical_protein	ProtVar_A8MZ59_Q9H1C4_A	ProtVar_A8MZ59_Q9H1C4_A 	1.266E-01	0.057	25	75	482	489	57	514	597	548	0.834	0.767
LOKIASV2_2712_ESMFold_hypothetical_protein	LevyLab_Q8X4L7_V1_2_relaxed_B	LevyLab_Q8X4L7_V1_2_relaxed_B 	7.321E-01	0.051	24	33	410	489	10	324	326	412	0.773	0.966
LOKIASV2_2712_ESMFold_hypothetical_protein	ProtVar_P18859_Q8IXU6-3_B	ProtVar_P18859_Q8IXU6-3_B 	2.326E+00	0.051	24	77	489	489	2	288	327	420	0.845	0.878
LOKIASV2_2712_ESMFold_hypothetical_protein	LevyLab_Q8XBV6_V1_5_relaxed_B	LevyLab_Q8XBV6_V1_5_relaxed_B 	4.981E-01	0.051	24	27	401	489	1	330	330	421	0.767	1.000
LOKIASV2_2712_ESMFold_hypothetical_protein	LevyLab_Q8XA61_V1_5_relaxed_B	LevyLab_Q8XA61_V1_5_relaxed_B 	4.572E-01	0.051	24	26	424	489	7	322	332	443	0.816	0.952
LOKIASV2_2712_ESMFold_hypothetical_protein	ProtVar_A0A0B4J1R5_P78382_A	ProtVar_A0A0B4J1R5_P78382_A 	7.976E-01	0.051	24	61	483	489	13	313	337	444	0.865	0.893
LOKIASV2_2712_ESMFold_hypothetical_protein	LevyLab_Q8X562_V1_3_relaxed_B	LevyLab_Q8X562_V1_3_relaxed_B 	5.198E-01	0.051	24	21	417	489	3	322	340	438	0.812	0.941
LOKIASV2_2712_ESMFold_hypothetical_protein	LevyLab_A0A152VKR3_V1_3_relaxed_B	LevyLab_A0A152VKR3_V1_3_relaxed_B 	4.772E-01	0.051	24	21	401	489	3	340	345	430	0.779	0.980
LOKIASV2_2712_ESMFold_hypothetical_protein	ProtVar_Q13231_Q14728_B	ProtVar_Q13231_Q14728_B 	6.721E-01	0.051	24	22	446	489	10	442	455	518	0.869	0.952
LOKIASV2_2712_ESMFold_hypothetical_protein	ProtVar_Q6PCB8_Q8NCK7_B	ProtVar_Q6PCB8_Q8NCK7_B 	2.305E-01	0.051	24	14	446	489	22	423	471	541	0.885	0.854
LOKIASV2_2712_ESMFold_hypothetical_protein	ProtVar_O60669_P09601_B	ProtVar_O60669_P09601_B 	1.439E-01	0.051	24	24	425	489	5	424	478	526	0.822	0.879
LOKIASV2_2712_ESMFold_hypothetical_protein	ProtVar_O14493_Q5SR56_A	ProtVar_O14493_Q5SR56_A 	7.015E-01	0.051	24	73	482	489	45	449	506	498	0.838	0.800
LOKIASV2_2712_ESMFold_hypothetical_protein	ProtVar_O75146_Q9NRM0-2_B	ProtVar_O75146_Q9NRM0-2_B 	4.197E-01	0.051	24	77	482	489	26	466	511	525	0.830	0.863
LOKIASV2_2712_ESMFold_hypothetical_protein	ProtVar_A0PK00_Q8NDX2-2_B	ProtVar_A0PK00_Q8NDX2-2_B 	7.015E-01	0.051	24	59	426	489	74	450	539	471	0.753	0.699
LOKIASV2_2712_ESMFold_hypothetical_protein	ModelArchive_ma-rap-bacsu-034_B	ModelArchive_ma-rap-bacsu-034_B Predicted interaction between feuB and feuC Predicted interaction between feuB and feuC	5.911E-01	0.045	23	31	402	489	1	330	336	417	0.761	0.982
LOKIASV2_2712_ESMFold_hypothetical_protein	ModelArchive_ma-bak-cepc-0336_B	ModelArchive_ma-bak-cepc-0336_B Predicted interaction between SUR1 and CSG2 Predicted interaction between SUR1 and CSG2	1.960E+00	0.045	23	68	481	489	3	398	410	483	0.847	0.966
LOKIASV2_2712_ESMFold_hypothetical_protein	LevyLab_P0ABP1_V1_4_relaxed_B	LevyLab_P0ABP1_V1_4_relaxed_B 	3.388E-01	0.045	23	35	486	489	3	443	446	528	0.924	0.989
LOKIASV2_2712_ESMFold_hypothetical_protein	ProtVar_Q5W111_Q8NCC5-2_B	ProtVar_Q5W111_Q8NCC5-2_B 	5.911E-01	0.045	23	66	422	489	19	456	478	500	0.730	0.916
LOKIASV2_2712_ESMFold_hypothetical_protein	ProtVar_Q8NGT2_Q96GZ6-5_B	ProtVar_Q8NGT2_Q96GZ6-5_B 	6.439E-01	0.045	23	26	488	489	50	457	478	537	0.947	0.854
LOKIASV2_2712_ESMFold_hypothetical_protein	ProtVar_Q9BSA4_Q9BSA4_A	ProtVar_Q9BSA4_Q9BSA4_A 	2.116E-01	0.045	23	27	448	489	34	419	534	490	0.863	0.723
LOKIASV2_2712_ESMFold_hypothetical_protein	ProtVar_Q9H3Z4_Q9P2U7_B	ProtVar_Q9H3Z4_Q9P2U7_B 	9.880E-01	0.045	23	68	485	489	60	489	560	522	0.855	0.768
LOKIASV2_2712_ESMFold_hypothetical_protein	ProtVar_P21217_Q96JW4_A	ProtVar_P21217_Q96JW4_A 	7.015E-01	0.045	23	19	486	489	139	558	573	547	0.957	0.733
LOKIASV2_2712_ESMFold_hypothetical_protein	LevyLab_Q96RN1_V1_3_relaxed_B	LevyLab_Q96RN1_V1_3_relaxed_B 	4.021E-01	0.045	23	29	482	489	85	516	970	535	0.928	0.445
LOKIASV2_2712_ESMFold_hypothetical_protein	LevyLab_Q8X584_V1_2_relaxed_B	LevyLab_Q8X584_V1_2_relaxed_B 	1.582E+00	0.040	22	68	400	489	56	318	326	357	0.681	0.807
LOKIASV2_2712_ESMFold_hypothetical_protein	LevyLab_Q8U0A2_V1_4_relaxed_B	LevyLab_Q8U0A2_V1_4_relaxed_B 	4.572E-01	0.040	22	28	424	489	1	316	329	454	0.812	0.960
LOKIASV2_2712_ESMFold_hypothetical_protein	ModelArchive_ma-rap-bacsu-081_A	ModelArchive_ma-rap-bacsu-081_A Predicted interaction between nupP and nupQ Predicted interaction between nupP and nupQ	8.689E-01	0.040	22	31	488	489	1	338	348	485	0.937	0.971
LOKIASV2_2712_ESMFold_hypothetical_protein	ProtVar_Q15717_Q6NT16_B	ProtVar_Q15717_Q6NT16_B 	9.069E-01	0.040	22	12	488	489	16	428	456	556	0.975	0.906
LOKIASV2_2712_ESMFold_hypothetical_protein	ProtVar_O15427_P48165_B	ProtVar_O15427_P48165_B 	7.015E-01	0.040	22	41	456	489	19	408	465	491	0.851	0.839
LOKIASV2_2712_ESMFold_hypothetical_protein	ProtVar_Q5T700_Q6NUT3-2_B	ProtVar_Q5T700_Q6NUT3-2_B 	1.516E+00	0.040	22	24	450	489	12	452	471	507	0.873	0.936
LOKIASV2_2712_ESMFold_hypothetical_protein	ProtVar_A6NFN3_P22732_B	ProtVar_A6NFN3_P22732_B 	5.198E-01	0.040	22	12	482	489	3	459	501	557	0.963	0.912
LOKIASV2_2712_ESMFold_hypothetical_protein	ProtVar_P12235_P14672_B	ProtVar_P12235_P14672_B 	9.880E-01	0.040	22	24	482	489	2	464	509	588	0.939	0.910
LOKIASV2_2712_ESMFold_hypothetical_protein	LevyLab_Q4ZJI4_V1_1_relaxed_B	LevyLab_Q4ZJI4_V1_1_relaxed_B 	7.015E-01	0.040	22	20	474	489	51	512	515	539	0.930	0.897
LOKIASV2_2712_ESMFold_hypothetical_protein	ProtVar_O15031_O75751_B	ProtVar_O15031_O75751_B 	6.169E-01	0.040	22	126	484	489	153	516	556	452	0.734	0.655
LOKIASV2_2712_ESMFold_hypothetical_protein	LevyLab_P40309_V1_3_relaxed_B	LevyLab_P40309_V1_3_relaxed_B 	5.911E-01	0.040	22	32	425	489	40	424	873	458	0.806	0.441
LOKIASV2_2712_ESMFold_hypothetical_protein	LevyLab_A0A0H3JIG8_V1_3_relaxed_B	LevyLab_A0A0H3JIG8_V1_3_relaxed_B 	9.880E-01	0.034	21	65	484	489	39	312	318	441	0.859	0.862
LOKIASV2_2712_ESMFold_hypothetical_protein	ModelArchive_ma-rap-bacsu-104_B	ModelArchive_ma-rap-bacsu-104_B Predicted interaction between rbsA and rbsC Predicted interaction between rbsA and rbsC	1.123E+00	0.034	21	1	424	489	1	319	322	461	0.867	0.991
LOKIASV2_2712_ESMFold_hypothetical_protein	LevyLab_Q8X4N0_V1_5_relaxed_B	LevyLab_Q8X4N0_V1_5_relaxed_B 	1.076E+00	0.034	21	36	425	489	2	315	323	437	0.798	0.972
LOKIASV2_2712_ESMFold_hypothetical_protein	LevyLab_Q8X5Q5_V1_3_relaxed_B	LevyLab_Q8X5Q5_V1_3_relaxed_B 	9.466E-01	0.034	21	27	424	489	1	316	324	446	0.814	0.975
LOKIASV2_2712_ESMFold_hypothetical_protein	ProtVar_Q10469_Q9Y2D2_B	ProtVar_Q10469_Q9Y2D2_B 	8.689E-01	0.034	21	60	479	489	5	312	325	450	0.859	0.948
LOKIASV2_2712_ESMFold_hypothetical_protein	LevyLab_Q8X561_V1_5_relaxed_B	LevyLab_Q8X561_V1_5_relaxed_B 	7.642E-01	0.034	21	42	420	489	7	306	331	428	0.775	0.906
LOKIASV2_2712_ESMFold_hypothetical_protein	LevyLab_Q8XAY8_V1_5_relaxed_B	LevyLab_Q8XAY8_V1_5_relaxed_B 	8.689E-01	0.034	21	55	424	489	10	303	342	403	0.757	0.860
LOKIASV2_2712_ESMFold_hypothetical_protein	ProtVar_A0PJX8_P02652_B	ProtVar_A0PJX8_P02652_B 	1.516E+00	0.034	21	65	433	489	18	313	343	400	0.755	0.863
LOKIASV2_2712_ESMFold_hypothetical_protein	ProtVar_P34972_Q6ICL7_A	ProtVar_P34972_Q6ICL7_A 	2.228E+00	0.034	21	74	486	489	49	325	350	419	0.845	0.791
LOKIASV2_2712_ESMFold_hypothetical_protein	LevyLab_Q8U2C9_V1_3_relaxed_B	LevyLab_Q8U2C9_V1_3_relaxed_B 	8.689E-01	0.034	21	1	401	489	11	354	359	462	0.820	0.958
LOKIASV2_2712_ESMFold_hypothetical_protein	ProtVar_Q9GZW8_Q9ZC63_B	ProtVar_Q9GZW8_Q9ZC63_B 	1.123E+00	0.034	21	28	486	489	7	357	366	494	0.939	0.959
LOKIASV2_2712_ESMFold_hypothetical_protein	LevyLab_P0AGM8_V1_2_relaxed_B	LevyLab_P0AGM8_V1_2_relaxed_B 	3.536E-01	0.034	21	20	488	489	5	412	429	534	0.959	0.951
LOKIASV2_2712_ESMFold_hypothetical_protein	LevyLab_P0ABN7_V1_5_relaxed_B	LevyLab_P0ABN7_V1_5_relaxed_B 	3.110E-01	0.034	21	36	489	489	3	429	433	537	0.928	0.986
LOKIASV2_2712_ESMFold_hypothetical_protein	ProtVar_O15120_O43934_B	ProtVar_O15120_O43934_B 	1.452E+00	0.034	21	33	488	489	6	431	449	564	0.933	0.949
LOKIASV2_2712_ESMFold_hypothetical_protein	ProtVar_O14523_Q6N075_B	ProtVar_O14523_Q6N075_B 	8.689E-01	0.034	21	24	453	489	27	423	450	496	0.879	0.882
LOKIASV2_2712_ESMFold_hypothetical_protein	ProtVar_A0PJW6_Q9H313-2_B	ProtVar_A0PJW6_Q9H313-2_B 	5.426E-01	0.034	21	27	439	489	33	416	451	468	0.845	0.851
LOKIASV2_2712_ESMFold_hypothetical_protein	ProtVar_O14966_P11166_B	ProtVar_O14966_P11166_B 	7.321E-01	0.034	21	78	481	489	12	450	492	535	0.826	0.892
LOKIASV2_2712_ESMFold_hypothetical_protein	ProtVar_P61165_Q9NRA2_B	ProtVar_P61165_Q9NRA2_B 	6.169E-01	0.034	21	24	486	489	24	474	495	599	0.947	0.911
LOKIASV2_2712_ESMFold_hypothetical_protein	LevyLab_Q9UGH3_V1_3_relaxed_A	LevyLab_Q9UGH3_V1_3_relaxed_A 	2.621E-01	0.034	21	10	476	489	84	585	650	605	0.955	0.772
LOKIASV2_2712_ESMFold_hypothetical_protein	LevyLab_Q8U244_V1_3_relaxed_B	LevyLab_Q8U244_V1_3_relaxed_B 	1.224E+00	0.029	20	31	353	489	1	281	282	361	0.661	0.996
LOKIASV2_2712_ESMFold_hypothetical_protein	ProtVar_O00501_Q969S0_B	ProtVar_O00501_Q969S0_B 	1.452E+00	0.029	20	42	421	489	2	313	331	423	0.777	0.943
LOKIASV2_2712_ESMFold_hypothetical_protein	LevyLab_Q8XBV5_V1_3_relaxed_B	LevyLab_Q8XBV5_V1_3_relaxed_B 	1.651E+00	0.029	20	32	404	489	13	331	334	416	0.763	0.955
LOKIASV2_2712_ESMFold_hypothetical_protein	ModelArchive_ma-tbvar3d-03_B	ModelArchive_ma-tbvar3d-03_B TBvar3D model for L7N665_MYCTU (L7N665) TBvar3D model for L7N665_MYCTU (L7N665)	8.325E-01	0.029	20	42	436	489	34	374	385	439	0.808	0.886
LOKIASV2_2712_ESMFold_hypothetical_protein	LevyLab_Q8X564_V1_1_relaxed_B	LevyLab_Q8X564_V1_1_relaxed_B 	1.123E+00	0.029	20	26	449	489	1	388	392	534	0.867	0.990
LOKIASV2_2712_ESMFold_hypothetical_protein	LevyLab_P0AC97_V1_4_relaxed_B	LevyLab_P0AC97_V1_4_relaxed_B 	7.321E-01	0.029	20	44	483	489	53	442	446	498	0.900	0.874
LOKIASV2_2712_ESMFold_hypothetical_protein	ProtVar_O00322_Q99808_B	ProtVar_O00322_Q99808_B 	1.172E+00	0.029	20	59	485	489	13	455	456	545	0.873	0.971
LOKIASV2_2712_ESMFold_hypothetical_protein	ProtVar_Q05940_Q53FV1_A	ProtVar_Q05940_Q53FV1_A 	9.880E-01	0.029	20	55	485	489	5	470	514	583	0.881	0.907
LOKIASV2_2712_ESMFold_hypothetical_protein	ProtVar_P16871_Q8NHS3_B	ProtVar_P16871_Q8NHS3_B 	3.246E-01	0.029	20	20	432	489	16	513	518	573	0.845	0.961
LOKIASV2_2712_ESMFold_hypothetical_protein	LevyLab_Q8TZG2_V1_5_relaxed_B	LevyLab_Q8TZG2_V1_5_relaxed_B 	1.076E+00	0.029	20	27	465	489	44	525	533	569	0.898	0.904
LOKIASV2_2712_ESMFold_hypothetical_protein	ProtVar_O15173_Q86UD5_A	ProtVar_O15173_Q86UD5_A 	1.391E+00	0.029	20	5	433	489	67	513	537	524	0.877	0.832
LOKIASV2_2712_ESMFold_hypothetical_protein	LevyLab_P0A3R8_V1_3_relaxed_B	LevyLab_P0A3R8_V1_3_relaxed_B 	7.321E-01	0.029	20	44	432	489	38	393	578	461	0.796	0.616
LOKIASV2_2712_ESMFold_hypothetical_protein	ProtVar_Q8N130_Q8TED1_A	ProtVar_Q8N130_Q8TED1_A 	6.169E-01	0.029	20	22	485	489	46	488	599	525	0.949	0.740
LOKIASV2_2712_ESMFold_hypothetical_protein	ProtVar_O43567_P51798_B	ProtVar_O43567_P51798_B 	6.169E-01	0.029	20	15	486	489	88	597	805	620	0.965	0.634
LOKIASV2_2712_ESMFold_hypothetical_protein	ProtVar_O15552_Q7Z769_B	ProtVar_O15552_Q7Z769_B 	3.138E+00	0.024	19	69	483	489	17	294	313	436	0.849	0.888
LOKIASV2_2712_ESMFold_hypothetical_protein	ModelArchive_ma-rap-bacsu-132_B	ModelArchive_ma-rap-bacsu-132_B Predicted interaction between yclP and yclN Predicted interaction between yclP and yclN	2.228E+00	0.024	19	79	484	489	46	310	316	415	0.830	0.839
LOKIASV2_2712_ESMFold_hypothetical_protein	ProtVar_Q4KMQ2_Q9Y4A9_B	ProtVar_Q4KMQ2_Q9Y4A9_B 	3.725E+00	0.024	19	110	399	489	24	310	318	328	0.593	0.903
LOKIASV2_2712_ESMFold_hypothetical_protein	ProtVar_Q96KT7_Q9BXK5_B	ProtVar_Q96KT7_Q9BXK5_B 	1.582E+00	0.024	19	21	442	489	17	324	338	445	0.863	0.911
LOKIASV2_2712_ESMFold_hypothetical_protein	LevyLab_Q8X9V8_V1_5_relaxed_B	LevyLab_Q8X9V8_V1_5_relaxed_B 	8.689E-01	0.024	19	38	482	489	9	382	390	490	0.910	0.959
LOKIASV2_2712_ESMFold_hypothetical_protein	LevyLab_A0A0H3JGG9_V1_3_relaxed_B	LevyLab_A0A0H3JGG9_V1_3_relaxed_B 	9.880E-01	0.024	19	34	441	489	2	415	416	484	0.834	0.995
LOKIASV2_2712_ESMFold_hypothetical_protein	LevyLab_Q8X5M2_V1_3_relaxed_B	LevyLab_Q8X5M2_V1_3_relaxed_B 	7.976E-01	0.024	19	34	469	489	39	410	428	475	0.892	0.869
LOKIASV2_2712_ESMFold_hypothetical_protein	LevyLab_A0A0H3JKR7_V1_3_relaxed_B	LevyLab_A0A0H3JKR7_V1_3_relaxed_B 	5.198E-01	0.024	19	44	488	489	5	433	438	522	0.910	0.979
LOKIASV2_2712_ESMFold_hypothetical_protein	ProtVar_O75556_Q9UGQ3-2_B	ProtVar_O75556_Q9UGQ3-2_B 	1.224E+00	0.024	19	26	479	489	20	417	445	516	0.928	0.894
LOKIASV2_2712_ESMFold_hypothetical_protein	LevyLab_Q8XE15_V1_3_relaxed_B	LevyLab_Q8XE15_V1_3_relaxed_B 	1.724E+00	0.024	19	37	469	489	31	452	463	532	0.885	0.911
LOKIASV2_2712_ESMFold_hypothetical_protein	LevyLab_Q8X923_V1_1_relaxed_B	LevyLab_Q8X923_V1_1_relaxed_B 	6.169E-01	0.024	19	49	487	489	80	472	477	504	0.898	0.824
LOKIASV2_2712_ESMFold_hypothetical_protein	ModelArchive_ma-rap-bacsu-076_B	ModelArchive_ma-rap-bacsu-076_B Predicted interaction between mrpA and mrpD Predicted interaction between mrpA and mrpD	2.228E+00	0.024	19	73	480	489	4	464	493	537	0.834	0.935
LOKIASV2_2712_ESMFold_hypothetical_protein	ProtVar_Q6UW56_Q8NCC5_B	ProtVar_Q6UW56_Q8NCC5_B 	7.015E-01	0.024	19	27	430	489	1	484	494	565	0.826	0.980
LOKIASV2_2712_ESMFold_hypothetical_protein	ProtVar_P68871_Q8TDB8-2_B	ProtVar_P68871_Q8TDB8-2_B 	1.878E+00	0.024	19	54	481	489	5	449	497	557	0.875	0.895
LOKIASV2_2712_ESMFold_hypothetical_protein	ProtVar_P63104_Q5TF39_B	ProtVar_P63104_Q5TF39_B 	7.976E-01	0.024	19	44	422	489	2	404	518	495	0.775	0.778
LOKIASV2_2712_ESMFold_hypothetical_protein	ProtVar_O14798_Q9Y5Y0_B	ProtVar_O14798_Q9Y5Y0_B 	1.878E+00	0.024	19	70	482	489	110	511	555	502	0.845	0.724
LOKIASV2_2712_ESMFold_hypothetical_protein	ProtVar_O00526_Q9HD45_B	ProtVar_O00526_Q9HD45_B 	1.452E+00	0.024	19	120	404	489	288	584	589	339	0.583	0.504
LOKIASV2_2712_ESMFold_hypothetical_protein	LevyLab_Q6PIS1_V1_2_relaxed_B	LevyLab_Q6PIS1_V1_2_relaxed_B 	2.428E+00	0.024	19	21	439	489	21	507	610	567	0.857	0.798
LOKIASV2_2712_ESMFold_hypothetical_protein	ProtVar_Q05823_Q7L0J3-2_B	ProtVar_Q05823_Q7L0J3-2_B 	1.516E+00	0.024	19	20	351	489	123	380	682	353	0.679	0.378
LOKIASV2_2712_ESMFold_hypothetical_protein	ModelArchive_ma-low-csi-0047_A	ModelArchive_ma-low-csi-0047_A Predicted interaction between SLC26A4 and XRCC5 Predicted interaction between SLC26A4 and XRCC5	1.799E+00	0.024	19	32	425	489	80	505	780	525	0.806	0.546
LOKIASV2_2712_ESMFold_hypothetical_protein	LevyLab_Q8U2T4_V1_4_relaxed_B	LevyLab_Q8U2T4_V1_4_relaxed_B 	6.498E+00	0.020	18	57	418	489	9	268	269	390	0.740	0.967
LOKIASV2_2712_ESMFold_hypothetical_protein	ProtVar_Q4KMZ8_Q96FL8-2_B	ProtVar_Q4KMZ8_Q96FL8-2_B 	1.960E+00	0.020	18	21	418	489	1	274	290	414	0.814	0.945
LOKIASV2_2712_ESMFold_hypothetical_protein	LevyLab_Q8U3G5_V1_5_relaxed_B	LevyLab_Q8U3G5_V1_5_relaxed_B 	3.569E+00	0.020	18	32	402	489	1	329	331	425	0.759	0.994
LOKIASV2_2712_ESMFold_hypothetical_protein	LevyLab_Q8XDM7_V1_4_relaxed_B	LevyLab_Q8XDM7_V1_4_relaxed_B 	2.645E+00	0.020	18	117	421	489	7	321	331	366	0.624	0.952
LOKIASV2_2712_ESMFold_hypothetical_protein	LevyLab_Q8U4I1_V1_3_relaxed_B	LevyLab_Q8U4I1_V1_3_relaxed_B 	1.224E+00	0.020	18	32	439	489	1	364	373	469	0.834	0.976
LOKIASV2_2712_ESMFold_hypothetical_protein	ProtVar_P27695_Q8IXU6_B	ProtVar_P27695_Q8IXU6_B 	6.721E-01	0.020	18	26	418	489	12	332	374	432	0.804	0.858
LOKIASV2_2712_ESMFold_hypothetical_protein	ProtVar_P52272_Q7CGZ2_B	ProtVar_P52272_Q7CGZ2_B 	1.651E+00	0.020	18	70	486	489	11	391	406	489	0.853	0.938
LOKIASV2_2712_ESMFold_hypothetical_protein	ProtVar_Q5T1Q4_Q9NQQ7_A	ProtVar_Q5T1Q4_Q9NQQ7_A 	7.015E-01	0.020	18	73	419	489	59	354	408	385	0.710	0.725
LOKIASV2_2712_ESMFold_hypothetical_protein	LevyLab_Q99385_V1_4_relaxed_B	LevyLab_Q99385_V1_4_relaxed_B 	1.123E+00	0.020	18	35	488	489	65	390	411	494	0.928	0.793
LOKIASV2_2712_ESMFold_hypothetical_protein	ProtVar_Q96ES6_Q9Y385_A	ProtVar_Q96ES6_Q9Y385_A 	1.452E+00	0.020	18	70	489	489	5	407	412	487	0.859	0.978
LOKIASV2_2712_ESMFold_hypothetical_protein	ProtVar_P15941_Q02161_B	ProtVar_P15941_Q02161_B 	1.224E+00	0.020	18	73	485	489	46	388	417	453	0.845	0.823
LOKIASV2_2712_ESMFold_hypothetical_protein	LevyLab_Q8U1G8_V1_3_relaxed_B	LevyLab_Q8U1G8_V1_3_relaxed_B 	1.224E+00	0.020	18	21	477	489	6	384	427	526	0.935	0.888
LOKIASV2_2712_ESMFold_hypothetical_protein	LevyLab_P0AC95_V1_2_relaxed_B	LevyLab_P0AC95_V1_2_relaxed_B 	1.651E+00	0.020	18	31	489	489	45	447	447	514	0.939	0.902
LOKIASV2_2712_ESMFold_hypothetical_protein	ProtVar_P20292_Q14542_B	ProtVar_P20292_Q14542_B 	1.960E+00	0.020	18	25	478	489	6	455	456	570	0.928	0.987
LOKIASV2_2712_ESMFold_hypothetical_protein	LevyLab_P0ABP4_V1_4_relaxed_B	LevyLab_P0ABP4_V1_4_relaxed_B 	1.123E+00	0.020	18	44	482	489	2	450	461	516	0.898	0.974
LOKIASV2_2712_ESMFold_hypothetical_protein	ProtVar_Q5T700_Q6NUT3_B	ProtVar_Q5T700_Q6NUT3_B 	1.724E+00	0.020	18	24	488	489	12	463	480	563	0.951	0.942
LOKIASV2_2712_ESMFold_hypothetical_protein	ProtVar_O75208_P53985_B	ProtVar_O75208_P53985_B 	9.880E-01	0.020	18	26	423	489	2	439	500	533	0.814	0.876
LOKIASV2_2712_ESMFold_hypothetical_protein	ProtVar_O60725_Q8N468_B	ProtVar_O60725_Q8N468_B 	2.326E+00	0.020	18	70	488	489	16	490	514	550	0.857	0.924
LOKIASV2_2712_ESMFold_hypothetical_protein	ProtVar_P26842_Q9C0H2_B	ProtVar_P26842_Q9C0H2_B 	4.380E-01	0.020	18	33	418	489	85	413	523	422	0.789	0.629
LOKIASV2_2712_ESMFold_hypothetical_protein	ProtVar_P13500_P36021_B	ProtVar_P13500_P36021_B 	1.799E+00	0.020	18	21	485	489	56	497	539	567	0.951	0.820
LOKIASV2_2712_ESMFold_hypothetical_protein	ModelArchive_ma-low-csi-0762_A	ModelArchive_ma-low-csi-0762_A Predicted interaction between SVOP and H2AC17 Predicted interaction between SVOP and H2AC17	1.076E+00	0.020	18	44	439	489	70	504	548	499	0.810	0.794
LOKIASV2_2712_ESMFold_hypothetical_protein	ProtVar_B2RUZ4_Q86WA9_A	ProtVar_B2RUZ4_Q86WA9_A 	5.426E-01	0.020	18	27	484	489	43	465	606	545	0.937	0.698
LOKIASV2_2712_ESMFold_hypothetical_protein	LevyLab_Q9UBY0_V1_4_relaxed_A	LevyLab_Q9UBY0_V1_4_relaxed_A 	1.123E+00	0.020	18	26	421	489	132	479	812	446	0.810	0.429
LOKIASV2_2712_ESMFold_hypothetical_protein	LevyLab_Q12325_V1_4_relaxed_B	LevyLab_Q12325_V1_4_relaxed_B 	1.123E+00	0.020	18	31	489	489	133	574	893	539	0.939	0.495
LOKIASV2_2712_ESMFold_hypothetical_protein	ModelArchive_ma-rap-bacsu-093_B	ModelArchive_ma-rap-bacsu-093_B Predicted interaction between opuBD and opuBB Predicted interaction between opuBD and opuBB	2.881E+00	0.016	17	58	323	489	3	201	217	271	0.544	0.917
LOKIASV2_2712_ESMFold_hypothetical_protein	LevyLab_P0AEX8_V1_5_relaxed_B	LevyLab_P0AEX8_V1_5_relaxed_B 	3.419E+00	0.016	17	68	417	489	6	294	308	388	0.716	0.938
LOKIASV2_2712_ESMFold_hypothetical_protein	ProtVar_P43005_Q9HC07_B	ProtVar_P43005_Q9HC07_B 	3.276E+00	0.016	17	24	428	489	77	320	324	415	0.828	0.753
LOKIASV2_2712_ESMFold_hypothetical_protein	ProtVar_P14770_Q8TBP6_B	ProtVar_P14770_Q8TBP6_B 	3.276E+00	0.016	17	60	402	489	17	336	338	398	0.701	0.947
LOKIASV2_2712_ESMFold_hypothetical_protein	ModelArchive_ma-rap-bacsu-141_B	ModelArchive_ma-rap-bacsu-141_B Predicted interaction between YfiY and YfhA and YfiZ Predicted interaction between YfiY and YfhA and YfiZ	1.799E+00	0.016	17	27	400	489	1	335	343	422	0.765	0.977
LOKIASV2_2712_ESMFold_hypothetical_protein	LevyLab_P32804_V1_2_relaxed_B	LevyLab_P32804_V1_2_relaxed_B 	3.007E+00	0.016	17	24	485	489	12	372	376	500	0.945	0.960
LOKIASV2_2712_ESMFold_hypothetical_protein	LevyLab_P0AGE5_V1_3_relaxed_B	LevyLab_P0AGE5_V1_3_relaxed_B 	2.881E+00	0.016	17	26	453	489	1	402	414	526	0.875	0.971
LOKIASV2_2712_ESMFold_hypothetical_protein	ProtVar_O95858_Q8TDV0_B	ProtVar_O95858_Q8TDV0_B 	6.498E+00	0.016	17	100	401	489	24	327	419	339	0.618	0.726
LOKIASV2_2712_ESMFold_hypothetical_protein	ProtVar_P01857_Q5NH71_B	ProtVar_P01857_Q5NH71_B 	1.391E+00	0.016	17	32	446	489	15	419	426	503	0.849	0.951
LOKIASV2_2712_ESMFold_hypothetical_protein	ProtVar_O43826_O95858_A	ProtVar_O43826_O95858_A 	3.569E+00	0.016	17	27	481	489	1	413	429	552	0.930	0.963
LOKIASV2_2712_ESMFold_hypothetical_protein	ProtVar_Q13520_Q9NWF4_B	ProtVar_Q13520_Q9NWF4_B 	2.326E+00	0.016	17	27	486	489	1	426	448	563	0.941	0.951
LOKIASV2_2712_ESMFold_hypothetical_protein	ProtVar_Q13061_Q9HCJ1_B	ProtVar_Q13061_Q9HCJ1_B 	2.760E+00	0.016	17	29	436	489	7	448	492	492	0.834	0.898
LOKIASV2_2712_ESMFold_hypothetical_protein	LevyLab_P0AFA8_V1_1_relaxed_B	LevyLab_P0AFA8_V1_1_relaxed_B 	3.725E+00	0.016	17	31	431	489	81	502	513	494	0.820	0.823
LOKIASV2_2712_ESMFold_hypothetical_protein	ProtVar_O60259_Q8TF71_B	ProtVar_O60259_Q8TF71_B 	2.881E+00	0.016	17	24	486	489	31	473	515	552	0.947	0.860
LOKIASV2_2712_ESMFold_hypothetical_protein	ProtVar_Q96JF0_Q9H2B4_B	ProtVar_Q96JF0_Q9H2B4_B 	3.276E+00	0.016	17	43	442	489	71	500	701	534	0.818	0.613
LOKIASV2_2712_ESMFold_hypothetical_protein	ModelArchive_ma-rap-bacsu-133_B	ModelArchive_ma-rap-bacsu-133_B Predicted interaction between yclP and yclO Predicted interaction between yclP and yclO	1.878E+00	0.014	16	33	416	489	4	305	315	419	0.785	0.959
LOKIASV2_2712_ESMFold_hypothetical_protein	LevyLab_P0AGI3_V1_5_relaxed_B	LevyLab_P0AGI3_V1_5_relaxed_B 	3.007E+00	0.014	16	27	479	489	4	317	321	472	0.926	0.978
LOKIASV2_2712_ESMFold_hypothetical_protein	ModelArchive_ma-rap-bacsu-141_C	ModelArchive_ma-rap-bacsu-141_C Predicted interaction between YfiY and YfhA and YfiZ Predicted interaction between YfiY and YfhA and YfiZ	5.246E+00	0.014	16	27	401	489	1	329	333	429	0.767	0.988
LOKIASV2_2712_ESMFold_hypothetical_protein	ProtVar_P49116_Q9BUM1_B	ProtVar_P49116_Q9BUM1_B 	3.569E+00	0.014	16	86	436	489	4	332	346	411	0.718	0.951
LOKIASV2_2712_ESMFold_hypothetical_protein	ProtVar_Q6P499_Q8TED1_A	ProtVar_Q6P499_Q8TED1_A 	4.420E+00	0.014	16	70	486	489	25	320	406	451	0.853	0.729
LOKIASV2_2712_ESMFold_hypothetical_protein	ProtVar_Q9BYT1_Q9NR28-2_A	ProtVar_Q9BYT1_Q9NR28-2_A 	2.760E+00	0.014	16	25	488	489	16	420	436	552	0.949	0.929
LOKIASV2_2712_ESMFold_hypothetical_protein	LevyLab_Q8X9G4_V1_3_relaxed_B	LevyLab_Q8X9G4_V1_3_relaxed_B 	1.960E+00	0.014	16	32	444	489	12	407	454	495	0.845	0.872
LOKIASV2_2712_ESMFold_hypothetical_protein	ProtVar_Q6DKI2_Q8NBW4-2_B	ProtVar_Q6DKI2_Q8NBW4-2_B 	1.333E+00	0.014	16	75	446	489	119	457	462	440	0.761	0.734
LOKIASV2_2712_ESMFold_hypothetical_protein	LevyLab_Q5T764_V1_3_relaxed_A	LevyLab_Q5T764_V1_3_relaxed_A 	2.645E+00	0.014	16	114	487	489	7	367	474	439	0.765	0.762
LOKIASV2_2712_ESMFold_hypothetical_protein	LevyLab_Q8XBK4_V1_3_relaxed_B	LevyLab_Q8XBK4_V1_3_relaxed_B 	3.007E+00	0.014	16	26	488	489	1	476	487	534	0.947	0.977
LOKIASV2_2712_ESMFold_hypothetical_protein	LevyLab_P41948_V1_2_relaxed_B	LevyLab_P41948_V1_2_relaxed_B 	3.276E+00	0.014	16	27	425	489	27	411	499	490	0.816	0.772
LOKIASV2_2712_ESMFold_hypothetical_protein	ProtVar_A8MUH7_P43003_B	ProtVar_A8MUH7_P43003_B 	3.419E+00	0.014	16	3	402	489	23	516	542	572	0.818	0.911
LOKIASV2_2712_ESMFold_hypothetical_protein	LevyLab_P43004_V1_5_relaxed_A	LevyLab_P43004_V1_5_relaxed_A 	4.420E+00	0.014	16	14	446	489	14	493	574	571	0.885	0.836
LOKIASV2_2712_ESMFold_hypothetical_protein	ProtVar_P27361_Q6ZMI0_B	ProtVar_P27361_Q6ZMI0_B 	3.276E+00	0.014	16	5	400	489	216	523	780	426	0.810	0.395
LOKIASV2_2712_ESMFold_hypothetical_protein	LevyLab_P42839_V1_5_relaxed_B	LevyLab_P42839_V1_5_relaxed_B 	4.058E+00	0.014	16	74	449	489	567	904	908	429	0.769	0.372
LOKIASV2_2712_ESMFold_hypothetical_protein	ProtVar_P63104_Q13163_A	ProtVar_P63104_Q13163_A 	5.715E+00	0.011	15	194	488	489	3	230	245	314	0.603	0.931
LOKIASV2_2712_ESMFold_hypothetical_protein	LevyLab_P0AGH9_V1_4_relaxed_B	LevyLab_P0AGH9_V1_4_relaxed_B 	2.534E+00	0.011	15	24	335	489	6	306	319	365	0.638	0.944
LOKIASV2_2712_ESMFold_hypothetical_protein	ProtVar_Q01151_Q8N1S5-2_B	ProtVar_Q01151_Q8N1S5-2_B 	4.058E+00	0.011	15	28	421	489	1	334	335	469	0.806	0.997
LOKIASV2_2712_ESMFold_hypothetical_protein	LevyLab_Q96H72_V1_3_relaxed_A	LevyLab_Q96H72_V1_3_relaxed_A 	3.888E+00	0.011	15	71	488	489	67	369	371	442	0.855	0.817
LOKIASV2_2712_ESMFold_hypothetical_protein	LevyLab_Q8X794_V1_3_relaxed_B	LevyLab_Q8X794_V1_3_relaxed_B 	2.534E+00	0.011	15	70	426	489	4	405	418	464	0.730	0.962
LOKIASV2_2712_ESMFold_hypothetical_protein	ProtVar_O43240_O43826-2_B	ProtVar_O43240_O43826-2_B 	4.815E+00	0.011	15	34	448	489	7	435	451	499	0.849	0.951
LOKIASV2_2712_ESMFold_hypothetical_protein	LevyLab_A0A0H3JKZ0_V1_4_relaxed_B	LevyLab_A0A0H3JKZ0_V1_4_relaxed_B 	3.419E+00	0.011	15	32	437	489	1	442	452	527	0.830	0.978
LOKIASV2_2712_ESMFold_hypothetical_protein	LevyLab_P0AE75_V1_3_relaxed_B	LevyLab_P0AE75_V1_3_relaxed_B 	1.878E+00	0.011	15	53	488	489	97	477	487	498	0.892	0.782
LOKIASV2_2712_ESMFold_hypothetical_protein	ProtVar_Q6ZMD2_Q8WVV5_B	ProtVar_Q6ZMD2_Q8WVV5_B 	2.428E+00	0.011	15	24	450	489	27	475	512	552	0.873	0.877
LOKIASV2_2712_ESMFold_hypothetical_protein	ProtVar_A0PK05_P43005_B	ProtVar_A0PK05_P43005_B 	4.058E+00	0.011	15	26	485	489	2	464	524	582	0.941	0.884
LOKIASV2_2712_ESMFold_hypothetical_protein	LevyLab_Q8XCG9_V1_4_relaxed_B	LevyLab_Q8XCG9_V1_4_relaxed_B 	4.614E+00	0.011	15	27	420	489	10	329	692	438	0.806	0.462
LOKIASV2_2712_ESMFold_hypothetical_protein	ProtVar_Q68DH5_Q9H313-2_A	ProtVar_Q68DH5_Q9H313-2_A 	1.582E+00	0.011	15	5	487	489	163	542	695	551	0.988	0.547
LOKIASV2_2712_ESMFold_hypothetical_protein	ProtVar_Q9H2A7_Q9NX78_B	ProtVar_Q9H2A7_Q9NX78_B 	2.428E+00	0.011	15	38	420	489	33	405	707	484	0.783	0.528
LOKIASV2_2712_ESMFold_hypothetical_protein	LevyLab_Q8NBS3_V1_3_relaxed_B	LevyLab_Q8NBS3_V1_3_relaxed_B 	3.888E+00	0.011	15	22	462	489	360	881	891	599	0.902	0.586
LOKIASV2_2712_ESMFold_hypothetical_protein	ProtVar_P63104_Q9H6E4_A	ProtVar_P63104_Q9H6E4_A 	7.389E+00	0.010	14	194	488	489	3	230	245	311	0.603	0.931
LOKIASV2_2712_ESMFold_hypothetical_protein	ProtVar_P68133_Q9BRY0_B	ProtVar_P68133_Q9BRY0_B 	5.965E+00	0.010	14	76	488	489	2	312	314	431	0.845	0.990
LOKIASV2_2712_ESMFold_hypothetical_protein	ProtVar_P35348_P61073_B	ProtVar_P35348_P61073_B 	7.389E+00	0.010	14	108	410	489	36	320	352	338	0.620	0.810
LOKIASV2_2712_ESMFold_hypothetical_protein	LevyLab_Q8XDE4_V1_3_relaxed_B	LevyLab_Q8XDE4_V1_3_relaxed_B 	7.079E+00	0.010	14	29	486	489	10	357	366	501	0.937	0.951
LOKIASV2_2712_ESMFold_hypothetical_protein	ProtVar_Q3KNW5_Q8TBE7_B	ProtVar_Q3KNW5_Q8TBE7_B 	5.246E+00	0.010	14	7	481	489	59	387	412	506	0.971	0.799
LOKIASV2_2712_ESMFold_hypothetical_protein	ProtVar_Q12999_Q9H3U5-3_B	ProtVar_Q12999_Q9H3U5-3_B 	6.498E+00	0.010	14	124	488	489	42	398	426	443	0.746	0.838
LOKIASV2_2712_ESMFold_hypothetical_protein	ProtVar_Q5JX71_Q9HAB3_B	ProtVar_Q5JX71_Q9HAB3_B 	4.420E+00	0.010	14	73	486	489	11	423	445	525	0.847	0.928
LOKIASV2_2712_ESMFold_hypothetical_protein	ProtVar_Q12918_Q9H2V7-2_B	ProtVar_Q12918_Q9H2V7-2_B 	2.135E+00	0.010	14	73	448	489	57	442	476	476	0.769	0.811
LOKIASV2_2712_ESMFold_hypothetical_protein	ProtVar_Q8IWL3_Q9H2V7_B	ProtVar_Q8IWL3_Q9H2V7_B 	3.138E+00	0.010	14	17	453	489	9	499	528	560	0.894	0.930
LOKIASV2_2712_ESMFold_hypothetical_protein	ProtVar_Q8WWI5_Q9NPA1-3_A	ProtVar_Q8WWI5_Q9NPA1-3_A 	6.226E+00	0.010	14	58	486	489	203	586	657	495	0.877	0.584
LOKIASV2_2712_ESMFold_hypothetical_protein	ProtVar_Q53HC5_Q6ZMI0-2_B	ProtVar_Q53HC5_Q6ZMI0-2_B 	5.475E+00	0.010	14	5	400	489	216	523	769	432	0.810	0.401
LOKIASV2_2712_ESMFold_hypothetical_protein	LevyLab_Q8X9W4_V1_2_relaxed_B	LevyLab_Q8X9W4_V1_2_relaxed_B 	5.026E+00	0.009	13	5	253	489	21	211	264	256	0.509	0.723
LOKIASV2_2712_ESMFold_hypothetical_protein	LevyLab_A0A0H3JIZ2_V1_5_relaxed_B	LevyLab_A0A0H3JIZ2_V1_5_relaxed_B 	5.715E+00	0.009	13	32	348	489	45	293	296	343	0.648	0.841
LOKIASV2_2712_ESMFold_hypothetical_protein	ProtVar_P13236_Q9NYW4_A	ProtVar_P13236_Q9NYW4_A 	8.768E+00	0.009	13	115	401	489	11	285	299	332	0.587	0.920
LOKIASV2_2712_ESMFold_hypothetical_protein	ProtVar_Q8IYV9_Q8N1S5-2_B	ProtVar_Q8IYV9_Q8N1S5-2_B 	5.246E+00	0.009	13	28	421	489	1	334	335	487	0.806	0.997
LOKIASV2_2712_ESMFold_hypothetical_protein	ProtVar_O14842_Q8N1S5_B	ProtVar_O14842_Q8N1S5_B 	6.782E+00	0.009	13	28	421	489	1	341	342	476	0.806	0.997
LOKIASV2_2712_ESMFold_hypothetical_protein	ProtVar_A0PK00_P61073-2_B	ProtVar_A0PK00_P61073-2_B 	7.712E+00	0.009	13	110	410	489	41	324	356	337	0.616	0.798
LOKIASV2_2712_ESMFold_hypothetical_protein	LevyLab_Q5H9J9_V1_5_relaxed_B	LevyLab_Q5H9J9_V1_5_relaxed_B 	7.389E+00	0.009	13	110	403	489	122	393	407	342	0.601	0.668
LOKIASV2_2712_ESMFold_hypothetical_protein	ProtVar_P13726_Q9NY64_B	ProtVar_P13726_Q9NY64_B 	5.715E+00	0.009	13	24	436	489	16	476	477	537	0.845	0.966
LOKIASV2_2712_ESMFold_hypothetical_protein	ProtVar_O15374_Q9BRK0-2_A	ProtVar_O15374_Q9BRK0-2_A 	8.768E+00	0.009	13	26	462	489	1	482	487	567	0.894	0.990
LOKIASV2_2712_ESMFold_hypothetical_protein	ProtVar_O95907_Q9UBS3_A	ProtVar_O95907_Q9UBS3_A 	5.715E+00	0.009	13	117	485	489	19	430	504	485	0.755	0.817
LOKIASV2_2712_ESMFold_hypothetical_protein	ProtVar_O14798_Q7RTT9-2_B	ProtVar_O14798_Q7RTT9-2_B 	5.246E+00	0.009	13	18	418	489	41	488	516	526	0.820	0.868
LOKIASV2_2712_ESMFold_hypothetical_protein	ProtVar_Q14432_Q8WVP7-3_B	ProtVar_Q14432_Q8WVP7-3_B 	3.007E+00	0.009	13	65	425	489	12	486	531	501	0.738	0.895
LOKIASV2_2712_ESMFold_hypothetical_protein	ProtVar_O00400_O15218_A	ProtVar_O00400_O15218_A 	4.815E+00	0.009	13	21	453	489	54	468	549	522	0.885	0.756
LOKIASV2_2712_ESMFold_hypothetical_protein	LevyLab_Q6UXD7_V1_3_relaxed_B	LevyLab_Q6UXD7_V1_3_relaxed_B 	5.475E+00	0.009	13	70	486	489	28	438	560	520	0.853	0.734
LOKIASV2_2712_ESMFold_hypothetical_protein	LevyLab_Q04121_V1_5_relaxed_A	LevyLab_Q04121_V1_5_relaxed_A 	3.276E+00	0.009	13	5	488	489	18	485	633	593	0.990	0.739
LOKIASV2_2712_ESMFold_hypothetical_protein	ProtVar_O95436_P0DN84_A	ProtVar_O95436_P0DN84_A 	3.569E+00	0.009	13	22	477	489	71	550	690	566	0.933	0.696
LOKIASV2_2712_ESMFold_hypothetical_protein	LevyLab_Q9UBJ2_V1_3_relaxed_A	LevyLab_Q9UBJ2_V1_3_relaxed_A 	3.888E+00	0.009	13	5	421	489	38	437	740	473	0.853	0.541
LOKIASV2_2712_ESMFold_hypothetical_protein	ProtVar_P48764_Q99653_A	ProtVar_P48764_Q99653_A 	3.138E+00	0.009	13	32	434	489	74	459	834	477	0.824	0.463
LOKIASV2_2712_ESMFold_hypothetical_protein	LevyLab_Q99271_V1_4_relaxed_B	LevyLab_Q99271_V1_4_relaxed_B 	4.815E+00	0.009	13	32	488	489	29	428	985	499	0.935	0.406
LOKIASV2_2712_ESMFold_hypothetical_protein	LevyLab_Q8XAD3_V1_3_relaxed_B	LevyLab_Q8XAD3_V1_3_relaxed_B 	7.712E+00	0.008	12	32	334	489	3	273	282	347	0.620	0.961
LOKIASV2_2712_ESMFold_hypothetical_protein	LevyLab_P69381_V1_3_relaxed_B	LevyLab_P69381_V1_3_relaxed_B 	9.152E+00	0.008	12	117	399	489	6	206	300	291	0.579	0.670
LOKIASV2_2712_ESMFold_hypothetical_protein	LevyLab_Q9REB3_V1_3_relaxed_B	LevyLab_Q9REB3_V1_3_relaxed_B 	7.389E+00	0.008	12	70	402	489	9	295	303	375	0.681	0.947
LOKIASV2_2712_ESMFold_hypothetical_protein	ProtVar_Q8NGE1_Q9H4F1_A	ProtVar_Q8NGE1_Q9H4F1_A 	9.152E+00	0.008	12	70	401	489	25	308	309	360	0.679	0.919
LOKIASV2_2712_ESMFold_hypothetical_protein	ProtVar_Q8NHS3_Q9GZN0_B	ProtVar_Q8NHS3_Q9GZN0_B 	9.552E+00	0.008	12	114	449	489	24	339	384	402	0.687	0.823
LOKIASV2_2712_ESMFold_hypothetical_protein	LevyLab_Q8U366_V1_5_relaxed_B	LevyLab_Q8U366_V1_5_relaxed_B 	7.389E+00	0.008	12	25	448	489	7	391	400	508	0.867	0.962
LOKIASV2_2712_ESMFold_hypothetical_protein	LevyLab_Q8U0I6_V1_3_relaxed_B	LevyLab_Q8U0I6_V1_3_relaxed_B 	5.026E+00	0.008	12	34	485	489	26	392	427	508	0.924	0.859
LOKIASV2_2712_ESMFold_hypothetical_protein	ProtVar_Q13520_Q8TB61_B	ProtVar_Q13520_Q8TB61_B 	3.138E+00	0.008	12	70	400	489	112	418	432	399	0.677	0.711
LOKIASV2_2712_ESMFold_hypothetical_protein	ProtVar_P30301_P54219-3_B	ProtVar_P30301_P54219-3_B 	4.058E+00	0.008	12	56	485	489	5	446	493	559	0.879	0.897
LOKIASV2_2712_ESMFold_hypothetical_protein	ProtVar_Q15077_Q15758_B	ProtVar_Q15077_Q15758_B 	5.026E+00	0.008	12	24	402	489	33	495	541	538	0.775	0.856
LOKIASV2_2712_ESMFold_hypothetical_protein	ProtVar_Q30201_Q9NP59_B	ProtVar_Q30201_Q9NP59_B 	9.970E+00	0.008	12	29	487	489	10	539	571	636	0.939	0.928
LOKIASV2_2712_ESMFold_hypothetical_protein	LevyLab_Q9Y2E8_V1_5_relaxed_B	LevyLab_Q9Y2E8_V1_5_relaxed_B 	5.965E+00	0.008	12	45	463	489	123	478	581	456	0.857	0.613
LOKIASV2_2712_ESMFold_hypothetical_protein	ProtVar_Q8IY34_Q92572_A	ProtVar_Q8IY34_Q92572_A 	8.049E+00	0.008	12	104	425	489	22	247	581	342	0.658	0.389
LOKIASV2_2712_ESMFold_hypothetical_protein	ProtVar_O14745_Q92624_B	ProtVar_O14745_Q92624_B 	5.715E+00	0.008	12	83	437	489	226	575	585	413	0.726	0.598
LOKIASV2_2712_ESMFold_hypothetical_protein	LevyLab_Q7RTS5_V1_3_relaxed_A	LevyLab_Q7RTS5_V1_3_relaxed_A 	3.725E+00	0.008	12	20	435	489	51	595	596	606	0.851	0.914
LOKIASV2_2712_ESMFold_hypothetical_protein	ProtVar_P09668_Q86UG4-2_B	ProtVar_P09668_Q86UG4-2_B 	8.401E+00	0.008	12	6	425	489	282	625	657	484	0.859	0.524
LOKIASV2_2712_ESMFold_hypothetical_protein	ProtVar_P21730_Q5T3F8-3_B	ProtVar_P21730_Q5T3F8-3_B 	4.420E+00	0.008	12	156	486	489	420	698	704	381	0.677	0.396
LOKIASV2_2712_ESMFold_hypothetical_protein	ProtVar_O95858_Q7Z388_B	ProtVar_O95858_Q7Z388_B 	6.226E+00	0.008	12	21	482	489	32	537	723	582	0.945	0.700
LOKIASV2_2712_ESMFold_hypothetical_protein	ProtVar_Q9BXS9_Q9BXS9_B	ProtVar_Q9BXS9_Q9BXS9_B 	5.965E+00	0.008	12	32	430	489	86	505	759	483	0.816	0.553
LOKIASV2_2712_ESMFold_hypothetical_protein	ProtVar_O43745_P19634_B	ProtVar_O43745_P19634_B 	6.782E+00	0.008	12	24	441	489	152	505	815	451	0.855	0.434
LOKIASV2_2712_ESMFold_hypothetical_protein	ProtVar_Q9GZR5_Q9UHX3_B	ProtVar_Q9GZR5_Q9UHX3_B 	9.970E+00	0.008	12	115	401	489	534	798	823	313	0.587	0.322
LOKIASV2_2712_ESMFold_hypothetical_protein	ProtVar_P02671_P51797_B	ProtVar_P02671_P51797_B 	4.058E+00	0.008	12	33	421	489	76	582	869	554	0.796	0.583
LOKIASV2_2712_ESMFold_hypothetical_protein	LevyLab_P41909_V1_3_relaxed_B	LevyLab_P41909_V1_3_relaxed_B 	5.246E+00	0.008	12	27	418	489	154	527	870	443	0.802	0.430
LOKIASV2_2712_ESMFold_hypothetical_protein	ProtVar_Q04917_Q14C86-2_B	ProtVar_Q04917_Q14C86-2_B 	3.007E+00	0.008	12	40	479	489	4	444	1460	551	0.900	0.302
LOKIASV2_2712_ESMFold_hypothetical_protein	LevyLab_Q8X504_V1_3_relaxed_B	LevyLab_Q8X504_V1_3_relaxed_B 	9.970E+00	0.007	11	47	484	489	7	306	330	466	0.896	0.909
LOKIASV2_2712_ESMFold_hypothetical_protein	ProtVar_Q9BXA5_Q9Y6C9_A	ProtVar_Q9BXA5_Q9Y6C9_A 	7.712E+00	0.007	11	57	413	489	15	331	334	423	0.730	0.949
LOKIASV2_2712_ESMFold_hypothetical_protein	ProtVar_Q96A29_Q9H3N1_A	ProtVar_Q96A29_Q9H3N1_A 	5.026E+00	0.007	11	69	421	489	37	340	364	396	0.722	0.835
LOKIASV2_2712_ESMFold_hypothetical_protein	ProtVar_P05141_Q8N357_B	ProtVar_P05141_Q8N357_B 	9.970E+00	0.007	11	70	420	489	7	335	371	414	0.718	0.887
LOKIASV2_2712_ESMFold_hypothetical_protein	ProtVar_Q6NVV3_Q9NQ84_B	ProtVar_Q6NVV3_Q9NQ84_B 	9.970E+00	0.007	11	67	432	489	50	303	441	389	0.748	0.576
LOKIASV2_2712_ESMFold_hypothetical_protein	ProtVar_P11912_Q7Z3Q1_B	ProtVar_P11912_Q7Z3Q1_B 	8.049E+00	0.007	11	62	452	489	4	439	461	523	0.800	0.946
LOKIASV2_2712_ESMFold_hypothetical_protein	ProtVar_P17931_Q8NBI5_B	ProtVar_P17931_Q8NBI5_B 	8.049E+00	0.007	11	34	481	489	4	482	491	581	0.916	0.976
LOKIASV2_2712_ESMFold_hypothetical_protein	ProtVar_Q86YT5_Q8NBJ4_B	ProtVar_Q86YT5_Q8NBJ4_B 	6.498E+00	0.007	11	56	468	489	54	567	568	597	0.845	0.905
LOKIASV2_2712_ESMFold_hypothetical_protein	ProtVar_A8K2U0_Q9BRG2_B	ProtVar_A8K2U0_Q9BRG2_B 	7.389E+00	0.007	11	24	365	489	292	569	576	386	0.699	0.483
LOKIASV2_2712_ESMFold_hypothetical_protein	LevyLab_P60753_V1_4_relaxed_B	LevyLab_P60753_V1_4_relaxed_B 	8.401E+00	0.007	11	71	439	489	16	315	582	424	0.755	0.515
LOKIASV2_2712_ESMFold_hypothetical_protein	ProtVar_Q9UNL2_Q9Y267_B	ProtVar_Q9UNL2_Q9Y267_B 	8.768E+00	0.007	11	33	489	489	50	559	594	629	0.935	0.859
LOKIASV2_2712_ESMFold_hypothetical_protein	LevyLab_Q8XD16_V1_3_relaxed_B	LevyLab_Q8XD16_V1_3_relaxed_B 	7.079E+00	0.007	11	71	418	489	162	452	720	392	0.712	0.404
LOKIASV2_2712_ESMFold_hypothetical_protein	ProtVar_P48681_Q2M3R5_B	ProtVar_P48681_Q2M3R5_B 	9.970E+00	0.000	10	73	424	489	70	358	365	395	0.720	0.792
LOKIASV2_2712_ESMFold_hypothetical_protein	LevyLab_Q8X5G4_V1_5_relaxed_B	LevyLab_Q8X5G4_V1_5_relaxed_B 	6.782E+00	0.000	10	70	425	489	83	385	393	415	0.728	0.771
LOKIASV2_2712_ESMFold_hypothetical_protein	ProtVar_Q86X19_Q9H1N7_B	ProtVar_Q86X19_Q9H1N7_B 	8.768E+00	0.000	10	74	424	489	80	369	401	374	0.718	0.723
LOKIASV2_2712_ESMFold_hypothetical_protein	ProtVar_P0CK96_P13598_A	ProtVar_P0CK96_P13598_A 	6.782E+00	0.000	10	53	418	489	68	367	405	400	0.748	0.741
LOKIASV2_2712_ESMFold_hypothetical_protein	ProtVar_O00624_Q9ULG6_A	ProtVar_O00624_Q9ULG6_A 	9.552E+00	0.000	10	26	394	489	5	436	439	500	0.755	0.984
LOKIASV2_2712_ESMFold_hypothetical_protein	LevyLab_A0A0H3JEL3_V1_3_relaxed_B	LevyLab_A0A0H3JEL3_V1_3_relaxed_B 	6.782E+00	0.000	10	110	488	489	9	428	452	503	0.775	0.929
LOKIASV2_2712_ESMFold_hypothetical_protein	ProtVar_Q7Z7B1_Q9GZM5_A	ProtVar_Q7Z7B1_Q9GZM5_A 	9.152E+00	0.000	10	29	425	489	1	495	504	560	0.812	0.982
LOKIASV2_2712_ESMFold_hypothetical_protein	LevyLab_Q8U0D8_V1_5_relaxed_A	LevyLab_Q8U0D8_V1_5_relaxed_A 	9.970E+00	0.000	10	61	483	489	11	293	581	439	0.865	0.487
LOKIASV2_2712_ESMFold_hypothetical_protein	ProtVar_P27449_Q93050-1_B	ProtVar_P27449_Q93050-1_B 	8.401E+00	0.000	10	21	372	489	358	803	831	494	0.720	0.537
LOKIASV2_2712_ESMFold_hypothetical_protein	LevyLab_P34230_V1_3_relaxed_B	LevyLab_P34230_V1_3_relaxed_B 	9.152E+00	0.000	10	26	414	489	103	450	853	450	0.796	0.408
LOKIASV2_2712_ESMFold_hypothetical_protein	LevyLab_Q8N1M1_V1_3_relaxed_B	LevyLab_Q8N1M1_V1_3_relaxed_B 	9.552E+00	0.000	9	35	418	489	33	322	668	417	0.785	0.434
LOKIASV2_2712_ESMFold_hypothetical_protein	ProtVar_Q86WK6_Q8N271_A	ProtVar_Q86WK6_Q8N271_A 	7.389E+00	0.000	9	33	435	489	220	806	834	614	0.824	0.704
LOKIASV2_2712_ESMFold_hypothetical_protein	LevyLab_Q03516_V1_4_relaxed_A	LevyLab_Q03516_V1_4_relaxed_A 	9.970E+00	0.000	9	24	484	489	67	684	953	683	0.943	0.648
LOKIASV2_2712_ESMFold_hypothetical_protein	A0A481YQI4_unrelaxed_rank_001_alphafold2_ptm_model_5_seed_000.pdb	A0A481YQI4_unrelaxed_rank_001_alphafold2_ptm_model_5_seed_000.pdb	8.692E-05	1.000	163	32	488	489	4	438	446	524	0.935	0.975
LOKIASV2_2712_ESMFold_hypothetical_protein	Q5GAC1_unrelaxed_rank_001_alphafold2_ptm_model_3_seed_000.pdb	Q5GAC1_unrelaxed_rank_001_alphafold2_ptm_model_3_seed_000.pdb	3.277E-04	1.000	153	33	489	489	3	378	380	482	0.935	0.989
LOKIASV2_2712_ESMFold_hypothetical_protein	A0A0K1L698_unrelaxed_rank_001_alphafold2_ptm_model_4_seed_000.pdb	A0A0K1L698_unrelaxed_rank_001_alphafold2_ptm_model_4_seed_000.pdb	1.667E-03	1.000	140	36	489	489	2	367	370	467	0.928	0.989
LOKIASV2_2712_ESMFold_hypothetical_protein	A0A1X9SKH8_unrelaxed_rank_001_alphafold2_ptm_model_5_seed_000.pdb	A0A1X9SKH8_unrelaxed_rank_001_alphafold2_ptm_model_5_seed_000.pdb	3.063E-02	0.996	89	31	486	489	2	349	398	477	0.933	0.874
LOKIASV2_2712_ESMFold_hypothetical_protein	A0A2I7QNT1_unrelaxed_rank_001_alphafold2_ptm_model_5_seed_000.pdb	A0A2I7QNT1_unrelaxed_rank_001_alphafold2_ptm_model_5_seed_000.pdb	5.822E-02	0.993	86	10	453	489	17	394	411	478	0.908	0.920
LOKIASV2_2712_ESMFold_hypothetical_protein	A0A8S5QUC3_unrelaxed_rank_001_alphafold2_ptm_model_1_seed_000.pdb	A0A8S5QUC3_unrelaxed_rank_001_alphafold2_ptm_model_1_seed_000.pdb	9.731E-02	0.900	67	28	430	489	1	302	308	423	0.824	0.981
LOKIASV2_2712_ESMFold_hypothetical_protein	A0A5J6VLF4_unrelaxed_rank_001_alphafold2_ptm_model_3_seed_000.pdb	A0A5J6VLF4_unrelaxed_rank_001_alphafold2_ptm_model_3_seed_000.pdb	3.483E-02	0.277	43	69	489	489	2	293	293	442	0.861	0.997
LOKIASV2_2712_ESMFold_hypothetical_protein	A0A1V0SAJ3_unrelaxed_rank_001_alphafold2_ptm_model_3_seed_000.pdb	A0A1V0SAJ3_unrelaxed_rank_001_alphafold2_ptm_model_3_seed_000.pdb	4.171E-01	0.090	30	31	425	489	2	353	361	421	0.808	0.975
LOKIASV2_2712_ESMFold_hypothetical_protein	A0A2I2L540_unrelaxed_rank_001_alphafold2_ptm_model_3_seed_000.pdb	A0A2I2L540_unrelaxed_rank_001_alphafold2_ptm_model_3_seed_000.pdb	1.930E-01	0.082	29	27	484	489	7	393	394	520	0.937	0.982
LOKIASV2_2712_ESMFold_hypothetical_protein	A0A6H0QXA5_unrelaxed_rank_001_alphafold2_ptm_model_3_seed_000.pdb	A0A6H0QXA5_unrelaxed_rank_001_alphafold2_ptm_model_3_seed_000.pdb	4.354E-01	0.082	29	2	457	489	323	728	736	524	0.933	0.552
LOKIASV2_2712_ESMFold_hypothetical_protein	A0A7D3UWB8_unrelaxed_rank_001_alphafold2_ptm_model_4_seed_000.pdb	A0A7D3UWB8_unrelaxed_rank_001_alphafold2_ptm_model_4_seed_000.pdb	7.928E-01	0.076	28	27	489	489	1	318	355	491	0.947	0.896
LOKIASV2_2712_ESMFold_hypothetical_protein	A0A3G4ZWR7_unrelaxed_rank_001_alphafold2_ptm_model_3_seed_000.pdb	A0A3G4ZWR7_unrelaxed_rank_001_alphafold2_ptm_model_3_seed_000.pdb	9.820E-01	0.069	27	74	488	489	7	318	334	441	0.849	0.934
LOKIASV2_2712_ESMFold_hypothetical_protein	Q647F8_unrelaxed_rank_001_alphafold2_ptm_model_3_seed_000.pdb	Q647F8_unrelaxed_rank_001_alphafold2_ptm_model_3_seed_000.pdb	1.383E+00	0.063	26	32	417	489	13	313	316	417	0.789	0.953
LOKIASV2_2712_ESMFold_hypothetical_protein	A0A6N1NU95_unrelaxed_rank_001_alphafold2_ptm_model_3_seed_000.pdb	A0A6N1NU95_unrelaxed_rank_001_alphafold2_ptm_model_3_seed_000.pdb	3.669E-01	0.063	26	31	485	489	2	339	362	484	0.930	0.934
LOKIASV2_2712_ESMFold_hypothetical_protein	A0A6B9US86_unrelaxed_rank_001_alphafold2_ptm_model_3_seed_000.pdb	A0A6B9US86_unrelaxed_rank_001_alphafold2_ptm_model_3_seed_000.pdb	9.014E-01	0.057	25	71	479	489	6	425	443	521	0.836	0.948
LOKIASV2_2712_ESMFold_hypothetical_protein	A0A2H4UTW6_unrelaxed_rank_001_alphafold2_ptm_model_3_seed_000.pdb	A0A2H4UTW6_unrelaxed_rank_001_alphafold2_ptm_model_3_seed_000.pdb	2.312E+00	0.051	24	73	483	489	5	328	349	432	0.840	0.928
LOKIASV2_2712_ESMFold_hypothetical_protein	A0A286RUG5_unrelaxed_rank_001_alphafold2_ptm_model_4_seed_000.pdb	A0A286RUG5_unrelaxed_rank_001_alphafold2_ptm_model_4_seed_000.pdb	1.866E+00	0.051	24	24	453	489	10	397	424	522	0.879	0.915
LOKIASV2_2712_ESMFold_hypothetical_protein	Q99CY4_unrelaxed_rank_001_alphafold2_ptm_model_3_seed_000.pdb	Q99CY4_unrelaxed_rank_001_alphafold2_ptm_model_3_seed_000.pdb	2.033E+00	0.040	22	123	456	489	6	350	350	397	0.683	0.986
LOKIASV2_2712_ESMFold_hypothetical_protein	Q91BC4_unrelaxed_rank_001_alphafold2_ptm_model_3_seed_000.pdb	Q91BC4_unrelaxed_rank_001_alphafold2_ptm_model_3_seed_000.pdb	9.409E-01	0.040	22	69	453	489	6	416	418	493	0.787	0.983
LOKIASV2_2712_ESMFold_hypothetical_protein	A0A3G4ZSM6_unrelaxed_rank_001_alphafold2_ptm_model_1_seed_000.pdb	A0A3G4ZSM6_unrelaxed_rank_001_alphafold2_ptm_model_1_seed_000.pdb	1.025E+00	0.040	22	29	455	489	4	408	430	499	0.873	0.942
LOKIASV2_2712_ESMFold_hypothetical_protein	B5X0A5_unrelaxed_rank_001_alphafold2_ptm_model_3_seed_000.pdb	B5X0A5_unrelaxed_rank_001_alphafold2_ptm_model_3_seed_000.pdb	1.444E+00	0.040	22	35	485	489	3	455	457	552	0.922	0.991
LOKIASV2_2712_ESMFold_hypothetical_protein	A0A1V0SEV2_unrelaxed_rank_001_alphafold2_ptm_model_1_seed_000.pdb	A0A1V0SEV2_unrelaxed_rank_001_alphafold2_ptm_model_1_seed_000.pdb	1.507E+00	0.029	20	125	482	489	3	363	377	417	0.732	0.958
LOKIASV2_2712_ESMFold_hypothetical_protein	H6WUY1_unrelaxed_rank_001_alphafold2_ptm_model_3_seed_000.pdb	H6WUY1_unrelaxed_rank_001_alphafold2_ptm_model_3_seed_000.pdb	1.573E+00	0.029	20	20	438	489	6	418	419	499	0.857	0.986
LOKIASV2_2712_ESMFold_hypothetical_protein	A0A8S5VGF5_unrelaxed_rank_001_alphafold2_ptm_model_1_seed_000.pdb	A0A8S5VGF5_unrelaxed_rank_001_alphafold2_ptm_model_1_seed_000.pdb	1.713E+00	0.024	19	27	453	489	53	410	442	463	0.873	0.810
LOKIASV2_2712_ESMFold_hypothetical_protein	A0A3G5ADS6_unrelaxed_rank_001_alphafold2_ptm_model_3_seed_000.pdb	A0A3G5ADS6_unrelaxed_rank_001_alphafold2_ptm_model_3_seed_000.pdb	1.444E+00	0.024	19	72	433	489	95	469	479	440	0.740	0.783
LOKIASV2_2712_ESMFold_hypothetical_protein	A0A7D3QGC7_unrelaxed_rank_001_alphafold2_ptm_model_3_seed_000.pdb	A0A7D3QGC7_unrelaxed_rank_001_alphafold2_ptm_model_3_seed_000.pdb	3.120E+00	0.024	19	4	485	489	22	484	505	588	0.986	0.917
LOKIASV2_2712_ESMFold_hypothetical_protein	A0A3G5AH66_unrelaxed_rank_001_alphafold2_ptm_model_1_seed_000.pdb	A0A3G5AH66_unrelaxed_rank_001_alphafold2_ptm_model_1_seed_000.pdb	7.344E+00	0.020	18	290	427	489	87	204	243	142	0.282	0.486
LOKIASV2_2712_ESMFold_hypothetical_protein	A0A2H4UVM2_unrelaxed_rank_001_alphafold2_ptm_model_4_seed_000.pdb	A0A2H4UVM2_unrelaxed_rank_001_alphafold2_ptm_model_4_seed_000.pdb	2.989E+00	0.020	18	34	487	489	7	416	446	540	0.928	0.919
LOKIASV2_2712_ESMFold_hypothetical_protein	S4W311_unrelaxed_rank_001_alphafold2_ptm_model_3_seed_000.pdb	S4W311_unrelaxed_rank_001_alphafold2_ptm_model_3_seed_000.pdb	3.120E+00	0.020	18	26	486	489	110	540	602	542	0.943	0.716
LOKIASV2_2712_ESMFold_hypothetical_protein	A0A8S5UY22_1_unrelaxed_rank_001_alphafold2_ptm_model_1_seed_000.pdb	A0A8S5UY22_1_unrelaxed_rank_001_alphafold2_ptm_model_1_seed_000.pdb	3.256E+00	0.020	18	74	482	489	85	427	803	455	0.836	0.427
LOKIASV2_2712_ESMFold_hypothetical_protein	A0A8S5Q719_unrelaxed_rank_001_alphafold2_ptm_model_1_seed_000.pdb	A0A8S5Q719_unrelaxed_rank_001_alphafold2_ptm_model_1_seed_000.pdb	6.972E-01	0.020	18	2	465	489	413	839	1201	546	0.949	0.356
LOKIASV2_2712_ESMFold_hypothetical_protein	A0A4Y5FGJ4_unrelaxed_rank_001_alphafold2_ptm_model_1_seed_000.pdb	A0A4Y5FGJ4_unrelaxed_rank_001_alphafold2_ptm_model_1_seed_000.pdb	9.409E-01	0.020	18	5	431	489	327	695	1265	488	0.873	0.292
LOKIASV2_2712_ESMFold_hypothetical_protein	A0A3Q8JCC4_unrelaxed_rank_001_alphafold2_ptm_model_3_seed_000.pdb	A0A3Q8JCC4_unrelaxed_rank_001_alphafold2_ptm_model_3_seed_000.pdb	7.036E+00	0.016	17	113	433	489	11	357	363	428	0.656	0.956
LOKIASV2_2712_ESMFold_hypothetical_protein	A0A1V0SDQ6_unrelaxed_rank_001_alphafold2_ptm_model_4_seed_000.pdb	A0A1V0SDQ6_unrelaxed_rank_001_alphafold2_ptm_model_4_seed_000.pdb	3.547E+00	0.016	17	37	446	489	3	384	405	490	0.838	0.943
LOKIASV2_2712_ESMFold_hypothetical_protein	A0A482DEQ5_unrelaxed_rank_001_alphafold2_ptm_model_3_seed_000.pdb	A0A482DEQ5_unrelaxed_rank_001_alphafold2_ptm_model_3_seed_000.pdb	3.398E+00	0.014	16	65	429	489	6	344	352	454	0.746	0.963
LOKIASV2_2712_ESMFold_hypothetical_protein	Q6X255_unrelaxed_rank_001_alphafold2_ptm_model_1_seed_000.pdb	Q6X255_unrelaxed_rank_001_alphafold2_ptm_model_1_seed_000.pdb	8.716E+00	0.014	16	112	453	489	18	376	380	413	0.699	0.945
LOKIASV2_2712_ESMFold_hypothetical_protein	A0A6J5MX04_unrelaxed_rank_001_alphafold2_ptm_model_3_seed_000.pdb	A0A6J5MX04_unrelaxed_rank_001_alphafold2_ptm_model_3_seed_000.pdb	9.097E+00	0.014	16	287	453	489	225	383	406	184	0.342	0.392
LOKIASV2_2712_ESMFold_hypothetical_protein	D1FXT9_unrelaxed_rank_001_alphafold2_ptm_model_3_seed_000.pdb	D1FXT9_unrelaxed_rank_001_alphafold2_ptm_model_3_seed_000.pdb	6.188E+00	0.014	16	103	486	489	38	412	415	445	0.785	0.904
LOKIASV2_2712_ESMFold_hypothetical_protein	A0A0M3T968_unrelaxed_rank_001_alphafold2_ptm_model_1_seed_000.pdb	A0A0M3T968_unrelaxed_rank_001_alphafold2_ptm_model_1_seed_000.pdb	2.989E+00	0.014	16	32	488	489	15	424	429	525	0.935	0.956
LOKIASV2_2712_ESMFold_hypothetical_protein	A0A3G4ZPM1_unrelaxed_rank_001_alphafold2_ptm_model_3_seed_000.pdb	A0A3G4ZPM1_unrelaxed_rank_001_alphafold2_ptm_model_3_seed_000.pdb	4.394E+00	0.014	16	1	488	489	1	429	439	575	0.998	0.977
LOKIASV2_2712_ESMFold_hypothetical_protein	A0A0F6TG63_unrelaxed_rank_001_alphafold2_ptm_model_3_seed_000.pdb	A0A0F6TG63_unrelaxed_rank_001_alphafold2_ptm_model_3_seed_000.pdb	3.864E+00	0.014	16	54	409	489	9	304	447	393	0.728	0.662
LOKIASV2_2712_ESMFold_hypothetical_protein	A0A6J7XGB1_unrelaxed_rank_001_alphafold2_ptm_model_3_seed_000.pdb	A0A6J7XGB1_unrelaxed_rank_001_alphafold2_ptm_model_3_seed_000.pdb	1.866E+00	0.014	16	34	443	489	231	593	695	469	0.838	0.522
LOKIASV2_2712_ESMFold_hypothetical_protein	A0A096VL37_unrelaxed_rank_001_alphafold2_ptm_model_1_seed_000.pdb	A0A096VL37_unrelaxed_rank_001_alphafold2_ptm_model_1_seed_000.pdb	4.033E+00	0.014	16	5	483	489	83	538	773	578	0.980	0.590
LOKIASV2_2712_ESMFold_hypothetical_protein	A0A5K0U8V4_unrelaxed_rank_001_alphafold2_ptm_model_1_seed_000.pdb	A0A5K0U8V4_unrelaxed_rank_001_alphafold2_ptm_model_1_seed_000.pdb	5.442E+00	0.011	15	83	442	489	87	358	363	380	0.736	0.749
LOKIASV2_2712_ESMFold_hypothetical_protein	A0A6J5KYT6_unrelaxed_rank_001_alphafold2_ptm_model_1_seed_000.pdb	A0A6J5KYT6_unrelaxed_rank_001_alphafold2_ptm_model_1_seed_000.pdb	3.120E+00	0.011	15	75	483	489	275	685	1121	487	0.836	0.367
LOKIASV2_2712_ESMFold_hypothetical_protein	A0A516LUR3_unrelaxed_rank_001_alphafold2_ptm_model_3_seed_000.pdb	A0A516LUR3_unrelaxed_rank_001_alphafold2_ptm_model_3_seed_000.pdb	7.344E+00	0.011	15	64	466	489	728	1053	1295	435	0.824	0.252
LOKIASV2_2712_ESMFold_hypothetical_protein	A0A3G1HER6_unrelaxed_rank_001_alphafold2_ptm_model_3_seed_000.pdb	A0A3G1HER6_unrelaxed_rank_001_alphafold2_ptm_model_3_seed_000.pdb	4.996E+00	0.010	14	27	439	489	1	405	406	485	0.845	0.998
LOKIASV2_2712_ESMFold_hypothetical_protein	A0A0B5JCF5_unrelaxed_rank_001_alphafold2_ptm_model_2_seed_000.pdb	A0A0B5JCF5_unrelaxed_rank_001_alphafold2_ptm_model_2_seed_000.pdb	6.188E+00	0.010	14	15	401	489	227	538	572	420	0.791	0.545
LOKIASV2_2712_ESMFold_hypothetical_protein	A0A1V0DYA9_unrelaxed_rank_001_alphafold2_ptm_model_1_seed_000.pdb	A0A1V0DYA9_unrelaxed_rank_001_alphafold2_ptm_model_1_seed_000.pdb	4.394E+00	0.010	14	5	416	489	23	402	1018	478	0.843	0.373
LOKIASV2_2712_ESMFold_hypothetical_protein	A0A8S5T2N6_1_unrelaxed_rank_001_alphafold2_ptm_model_1_seed_000.pdb	A0A8S5T2N6_1_unrelaxed_rank_001_alphafold2_ptm_model_1_seed_000.pdb	3.864E+00	0.010	14	3	438	489	258	750	1032	550	0.892	0.478
LOKIASV2_2712_ESMFold_hypothetical_protein	A0A2I7RBA8_3_unrelaxed_rank_001_alphafold2_ptm_model_3_seed_000.pdb	A0A2I7RBA8_3_unrelaxed_rank_001_alphafold2_ptm_model_3_seed_000.pdb	6.741E+00	0.010	14	110	438	489	811	1109	1122	378	0.673	0.266
LOKIASV2_2712_ESMFold_hypothetical_protein	A0A3G4ZUP7_unrelaxed_rank_001_alphafold2_ptm_model_3_seed_000.pdb	A0A3G4ZUP7_unrelaxed_rank_001_alphafold2_ptm_model_3_seed_000.pdb	8.351E+00	0.009	13	70	488	489	11	440	499	538	0.857	0.862
LOKIASV2_2712_ESMFold_hypothetical_protein	A0A7L9VYI2_unrelaxed_rank_001_alphafold2_ptm_model_5_seed_000.pdb	A0A7L9VYI2_unrelaxed_rank_001_alphafold2_ptm_model_5_seed_000.pdb	9.495E+00	0.009	13	14	445	489	54	493	500	527	0.883	0.880
LOKIASV2_2712_ESMFold_hypothetical_protein	A0A6J7XIX1_unrelaxed_rank_001_alphafold2_ptm_model_1_seed_000.pdb	A0A6J7XIX1_unrelaxed_rank_001_alphafold2_ptm_model_1_seed_000.pdb	4.394E+00	0.009	13	34	445	489	365	741	876	471	0.843	0.430
LOKIASV2_2712_ESMFold_hypothetical_protein	A0A8S5RSP5_unrelaxed_rank_001_alphafold2_ptm_model_3_seed_000.pdb	A0A8S5RSP5_unrelaxed_rank_001_alphafold2_ptm_model_3_seed_000.pdb	8.351E+00	0.009	13	81	480	489	644	975	1033	430	0.818	0.321
LOKIASV2_2712_ESMFold_hypothetical_protein	A0A3G3BWB7_unrelaxed_rank_001_alphafold2_ptm_model_1_seed_000.pdb	A0A3G3BWB7_unrelaxed_rank_001_alphafold2_ptm_model_1_seed_000.pdb	3.120E+00	0.009	13	20	400	489	4	380	1178	451	0.779	0.320
LOKIASV2_2712_ESMFold_hypothetical_protein	I1VX56_unrelaxed_rank_001_alphafold2_ptm_model_3_seed_000.pdb	I1VX56_unrelaxed_rank_001_alphafold2_ptm_model_3_seed_000.pdb	9.910E+00	0.008	12	81	413	489	25	264	448	371	0.681	0.536
LOKIASV2_2712_ESMFold_hypothetical_protein	A0A8S5PM39_unrelaxed_rank_001_alphafold2_ptm_model_3_seed_000.pdb	A0A8S5PM39_unrelaxed_rank_001_alphafold2_ptm_model_3_seed_000.pdb	9.495E+00	0.008	12	33	448	489	217	491	876	418	0.851	0.314
LOKIASV2_2712_ESMFold_hypothetical_protein	A0A6J5RZX0_unrelaxed_rank_001_alphafold2_ptm_model_1_seed_000.pdb	A0A6J5RZX0_unrelaxed_rank_001_alphafold2_ptm_model_1_seed_000.pdb	5.442E+00	0.008	12	81	450	489	42	399	977	438	0.757	0.366
LOKIASV2_2712_ESMFold_hypothetical_protein	UPI00232974B4_1_unrelaxed_rank_001_alphafold2_ptm_model_3_seed_000.pdb	UPI00232974B4_1_unrelaxed_rank_001_alphafold2_ptm_model_3_seed_000.pdb	9.495E+00	0.008	12	5	483	489	3	449	1113	575	0.980	0.402
LOKIASV2_2712_ESMFold_hypothetical_protein	A0A1D8KI11_1_unrelaxed_rank_001_alphafold2_ptm_model_3_seed_000.pdb	A0A1D8KI11_1_unrelaxed_rank_001_alphafold2_ptm_model_3_seed_000.pdb	8.716E+00	0.008	12	17	455	489	75	524	1231	547	0.898	0.366
LOKIASV2_2712_ESMFold_hypothetical_protein	A0A6J7VNK2_2_unrelaxed_rank_001_alphafold2_ptm_model_3_seed_000.pdb	A0A6J7VNK2_2_unrelaxed_rank_001_alphafold2_ptm_model_3_seed_000.pdb	7.344E+00	0.008	12	48	476	489	860	1274	1313	498	0.877	0.316
LOKIASV2_2712_ESMFold_hypothetical_protein	Q8JQA6_unrelaxed_rank_001_alphafold2_ptm_model_5_seed_000.pdb	Q8JQA6_unrelaxed_rank_001_alphafold2_ptm_model_5_seed_000.pdb	8.001E+00	0.007	11	73	429	489	51	387	391	422	0.730	0.862
LOKIASV2_2712_ESMFold_hypothetical_protein	D6PFV3_unrelaxed_rank_001_alphafold2_ptm_model_3_seed_000.pdb	D6PFV3_unrelaxed_rank_001_alphafold2_ptm_model_3_seed_000.pdb	8.351E+00	0.007	11	33	416	489	42	417	530	464	0.785	0.709
LOKIASV2_2712_ESMFold_hypothetical_protein	A0A6J7X293_unrelaxed_rank_001_alphafold2_ptm_model_1_seed_000.pdb	A0A6J7X293_unrelaxed_rank_001_alphafold2_ptm_model_1_seed_000.pdb	7.036E+00	0.007	11	33	403	489	84	406	556	415	0.759	0.581
LOKIASV2_2712_ESMFold_hypothetical_protein	W8QE13_unrelaxed_rank_001_alphafold2_ptm_model_3_seed_000.pdb	W8QE13_unrelaxed_rank_001_alphafold2_ptm_model_3_seed_000.pdb	7.665E+00	0.007	11	2	486	489	157	658	691	555	0.992	0.726
LOKIASV2_2712_ESMFold_hypothetical_protein	A0A8S5SSV7_1_unrelaxed_rank_001_alphafold2_ptm_model_1_seed_000.pdb	A0A8S5SSV7_1_unrelaxed_rank_001_alphafold2_ptm_model_1_seed_000.pdb	8.716E+00	0.007	11	9	482	489	51	414	750	519	0.969	0.485
LOKIASV2_2712_ESMFold_hypothetical_protein	A0A6J5QT65_unrelaxed_rank_001_alphafold2_ptm_model_3_seed_000.pdb	A0A6J5QT65_unrelaxed_rank_001_alphafold2_ptm_model_3_seed_000.pdb	8.716E+00	0.007	11	13	485	489	170	639	757	562	0.967	0.621
LOKIASV2_2712_ESMFold_hypothetical_protein	A0A110B694_unrelaxed_rank_001_alphafold2_ptm_model_1_seed_000.pdb	A0A110B694_unrelaxed_rank_001_alphafold2_ptm_model_1_seed_000.pdb	6.741E+00	0.007	11	32	475	489	5	380	1041	497	0.908	0.361
LOKIASV2_2712_ESMFold_hypothetical_protein	A0A8S5LTM5_2_unrelaxed_rank_001_alphafold2_ptm_model_2_seed_000.pdb	A0A8S5LTM5_2_unrelaxed_rank_001_alphafold2_ptm_model_2_seed_000.pdb	9.495E+00	0.007	11	5	445	489	443	855	1211	493	0.902	0.341
LOKIASV2_2712_ESMFold_hypothetical_protein	A0A6G5YME9_unrelaxed_rank_001_alphafold2_ptm_model_3_seed_000.pdb	A0A6G5YME9_unrelaxed_rank_001_alphafold2_ptm_model_3_seed_000.pdb	9.910E+00	0.000	10	27	411	489	39	344	422	424	0.787	0.725
LOKIASV2_2712_ESMFold_hypothetical_protein	A0A516MKS5_2_unrelaxed_rank_001_alphafold2_ptm_model_1_seed_000.pdb	A0A516MKS5_2_unrelaxed_rank_001_alphafold2_ptm_model_1_seed_000.pdb	9.910E+00	0.000	10	65	426	489	661	1015	1032	457	0.740	0.344
