LOKIASV2_3740_ESMFold_hypothetical_protein	af_A1ZAL7_11_155_1.20.120.610	af_A1ZAL7_11_155_1.20.120.610	3.257E-07	1.000	367	4	147	147	2	145	145	144	0.980	0.993
LOKIASV2_3740_ESMFold_hypothetical_protein	af_A4I051_11_161_1.20.120.610	af_A4I051_11_161_1.20.120.610	7.490E-07	1.000	341	5	146	147	3	145	151	146	0.966	0.947
LOKIASV2_3740_ESMFold_hypothetical_protein	af_Q8IDF7_15_178_1.20.120.610	af_Q8IDF7_15_178_1.20.120.610	2.311E-06	1.000	301	1	146	147	1	162	164	165	0.993	0.988
LOKIASV2_3740_ESMFold_hypothetical_protein	af_Q57674_2_143_1.20.120.610	af_Q57674_2_143_1.20.120.610	1.108E-05	1.000	293	1	147	147	1	142	142	147	1.000	1.000
LOKIASV2_3740_ESMFold_hypothetical_protein	af_Q4DX70_65_223_1.20.120.610	af_Q4DX70_65_223_1.20.120.610	7.129E-06	1.000	283	5	144	147	2	153	159	152	0.952	0.956
LOKIASV2_3740_ESMFold_hypothetical_protein	3aouI00	3aouI00	1.639E-05	1.000	280	5	145	147	13	153	156	141	0.959	0.904
LOKIASV2_3740_ESMFold_hypothetical_protein	3aouJ00	3aouJ00	2.547E-05	1.000	274	3	145	147	11	153	156	143	0.973	0.917
LOKIASV2_3740_ESMFold_hypothetical_protein	af_Q9VFE3_49_209_1.20.120.610	af_Q9VFE3_49_209_1.20.120.610	1.163E-05	1.000	271	1	147	147	1	157	161	160	1.000	0.975
LOKIASV2_3740_ESMFold_hypothetical_protein	5tj5E00	5tj5E00	9.560E-05	1.000	236	7	147	147	5	133	138	141	0.959	0.935
LOKIASV2_3740_ESMFold_hypothetical_protein	af_A0A1D6LI10_12_134_1.20.120.610	af_A0A1D6LI10_12_134_1.20.120.610	7.123E-04	1.000	204	4	111	147	2	112	123	111	0.735	0.902
LOKIASV2_3740_ESMFold_hypothetical_protein	af_M0R8M1_10_124_1.20.120.610	af_M0R8M1_10_124_1.20.120.610	1.221E-03	1.000	200	6	116	147	4	114	115	111	0.755	0.965
LOKIASV2_3740_ESMFold_hypothetical_protein	4bemJ00	4bemJ00	2.950E-04	1.000	167	1	145	147	17	175	181	162	0.986	0.878
LOKIASV2_3740_ESMFold_hypothetical_protein	af_Q41773_1_106_1.20.120.610	af_Q41773_1_106_1.20.120.610	1.719E-02	1.000	136	50	147	147	2	102	106	104	0.667	0.953
LOKIASV2_3740_ESMFold_hypothetical_protein	af_F6P2J8_249_388_1.20.120.550	af_F6P2J8_249_388_1.20.120.550	5.305E-02	0.981	79	7	143	147	2	131	140	142	0.932	0.929
LOKIASV2_3740_ESMFold_hypothetical_protein	1syqA02	1syqA02	1.484E-01	0.933	70	25	146	147	5	120	129	124	0.830	0.899
LOKIASV2_3740_ESMFold_hypothetical_protein	af_B8JIH2_1_252_1.20.120.810	af_B8JIH2_1_252_1.20.120.810	1.558E-01	0.855	64	17	147	147	126	250	252	133	0.891	0.496
LOKIASV2_3740_ESMFold_hypothetical_protein	1u6hA02	1u6hA02	1.637E-01	0.795	61	4	147	147	2	121	123	144	0.980	0.976
LOKIASV2_3740_ESMFold_hypothetical_protein	af_Q1ZXE9_716_918_1.20.1410.10	af_Q1ZXE9_716_918_1.20.1410.10	9.548E-02	0.795	61	10	146	147	8	186	203	180	0.932	0.882
LOKIASV2_3740_ESMFold_hypothetical_protein	6fkfP01	6fkfP01	1.345E+00	0.692	57	1	69	147	1	73	76	74	0.469	0.961
LOKIASV2_3740_ESMFold_hypothetical_protein	3s90A02	3s90A02	5.302E-01	0.663	56	25	147	147	5	121	121	127	0.837	0.967
LOKIASV2_3740_ESMFold_hypothetical_protein	1ydiA02	1ydiA02	6.142E-01	0.663	56	25	147	147	5	121	129	125	0.837	0.907
LOKIASV2_3740_ESMFold_hypothetical_protein	4cbjC00	4cbjC00	1.412E+00	0.632	55	7	69	147	2	68	69	67	0.429	0.971
LOKIASV2_3740_ESMFold_hypothetical_protein	6b2z500	6b2z500	1.718E+00	0.632	55	80	145	147	5	73	75	71	0.449	0.920
LOKIASV2_3740_ESMFold_hypothetical_protein	af_A0A2R9YJG7_1_173_1.20.120.810	af_A0A2R9YJG7_1_173_1.20.120.810	2.091E-01	0.632	55	17	147	147	47	171	173	137	0.891	0.723
LOKIASV2_3740_ESMFold_hypothetical_protein	3v3cA01	3v3cA01	2.804E+00	0.601	54	1	69	147	1	73	76	73	0.469	0.961
LOKIASV2_3740_ESMFold_hypothetical_protein	6fkfL01	6fkfL01	1.895E+00	0.601	54	1	69	147	1	73	76	74	0.469	0.961
LOKIASV2_3740_ESMFold_hypothetical_protein	3v3cF00	3v3cF00	2.804E+00	0.601	54	1	69	147	1	73	77	73	0.469	0.948
LOKIASV2_3740_ESMFold_hypothetical_protein	af_Q9ZQT3_3_137_1.20.5.4130	af_Q9ZQT3_3_137_1.20.5.4130	2.306E-01	0.601	54	4	146	147	2	128	135	150	0.973	0.941
LOKIASV2_3740_ESMFold_hypothetical_protein	6fkfS01	6fkfS01	1.895E+00	0.569	53	1	69	147	1	73	76	74	0.469	0.961
LOKIASV2_3740_ESMFold_hypothetical_protein	3tj6A02	3tj6A02	5.302E-01	0.569	53	25	145	147	5	119	128	125	0.823	0.898
LOKIASV2_3740_ESMFold_hypothetical_protein	af_Q9B8D5_1_76_1.20.20.10	af_Q9B8D5_1_76_1.20.20.10	2.195E+00	0.537	52	1	69	147	1	73	76	74	0.469	0.961
LOKIASV2_3740_ESMFold_hypothetical_protein	1xwjA02	1xwjA02	7.846E-01	0.537	52	25	147	147	5	121	123	125	0.837	0.951
LOKIASV2_3740_ESMFold_hypothetical_protein	1t01A02	1t01A02	6.774E-01	0.537	52	25	147	147	5	121	125	127	0.837	0.936
LOKIASV2_3740_ESMFold_hypothetical_protein	af_A0A0R4IDZ8_1657_1820_1.20.1420.10	af_A0A0R4IDZ8_1657_1820_1.20.1420.10	7.474E-02	0.537	52	1	138	147	1	156	164	162	0.939	0.951
LOKIASV2_3740_ESMFold_hypothetical_protein	6fkfQ01	6fkfQ01	3.411E+00	0.505	51	1	69	147	1	73	76	73	0.469	0.961
LOKIASV2_3740_ESMFold_hypothetical_protein	af_G3V852_2295_2482_1.20.1410.10	af_G3V852_2295_2482_1.20.1410.10	7.846E-01	0.505	51	1	141	147	5	151	188	162	0.959	0.782
LOKIASV2_3740_ESMFold_hypothetical_protein	af_Q9W6A7_15_357_1.20.1070.10	af_Q9W6A7_15_357_1.20.1070.10	2.671E-01	0.505	51	8	137	147	33	167	343	138	0.884	0.394
LOKIASV2_3740_ESMFold_hypothetical_protein	2x2vB00	2x2vB00	3.248E+00	0.473	50	8	69	147	2	67	68	66	0.422	0.971
LOKIASV2_3740_ESMFold_hypothetical_protein	2x2vE00	2x2vE00	3.248E+00	0.473	50	8	69	147	2	67	68	66	0.422	0.971
LOKIASV2_3740_ESMFold_hypothetical_protein	6fkfM01	6fkfM01	2.542E+00	0.473	50	1	69	147	1	73	76	74	0.469	0.961
LOKIASV2_3740_ESMFold_hypothetical_protein	2xqsE01	2xqsE01	3.582E+00	0.473	50	76	144	147	2	74	78	73	0.469	0.936
LOKIASV2_3740_ESMFold_hypothetical_protein	af_P61829_1_76_1.20.20.10	af_P61829_1_76_1.20.20.10	2.305E+00	0.442	49	82	144	147	3	72	76	72	0.429	0.921
LOKIASV2_3740_ESMFold_hypothetical_protein	4v1gA00	4v1gA00	2.804E+00	0.442	49	76	145	147	1	78	85	78	0.476	0.918
LOKIASV2_3740_ESMFold_hypothetical_protein	af_Q71LX4_2207_2375_1.20.1410.10	af_Q71LX4_2207_2375_1.20.1410.10	1.053E+00	0.442	49	17	141	147	7	151	169	147	0.850	0.858
LOKIASV2_3740_ESMFold_hypothetical_protein	af_A0A0P0UYR6_48_235_1.20.1410.10	af_A0A0P0UYR6_48_235_1.20.1410.10	2.306E-01	0.442	49	2	146	147	1	185	188	198	0.986	0.984
LOKIASV2_3740_ESMFold_hypothetical_protein	6fkfJ01	6fkfJ01	2.945E+00	0.411	48	1	69	147	1	73	76	74	0.469	0.961
LOKIASV2_3740_ESMFold_hypothetical_protein	6fkfK01	6fkfK01	3.092E+00	0.411	48	1	69	147	1	73	76	74	0.469	0.961
LOKIASV2_3740_ESMFold_hypothetical_protein	4v1gC00	4v1gC00	3.762E+00	0.411	48	75	145	147	2	78	85	77	0.483	0.906
LOKIASV2_3740_ESMFold_hypothetical_protein	1zvzA02	1zvzA02	8.654E-01	0.411	48	25	147	147	5	121	124	128	0.837	0.944
LOKIASV2_3740_ESMFold_hypothetical_protein	af_A2BGS3_3_351_1.20.1070.10	af_A2BGS3_3_351_1.20.1070.10	1.805E-01	0.411	48	10	141	147	21	158	349	146	0.898	0.395
LOKIASV2_3740_ESMFold_hypothetical_protein	af_Q23033_1_352_1.20.1070.10	af_Q23033_1_352_1.20.1070.10	5.302E-01	0.411	48	10	145	147	17	154	352	145	0.925	0.392
LOKIASV2_3740_ESMFold_hypothetical_protein	4cbjF00	4cbjF00	3.092E+00	0.382	47	7	69	147	2	68	69	67	0.429	0.971
LOKIASV2_3740_ESMFold_hypothetical_protein	af_P9WPS1_1_81_1.20.20.10	af_P9WPS1_1_81_1.20.20.10	2.670E+00	0.382	47	78	146	147	4	72	81	69	0.469	0.852
LOKIASV2_3740_ESMFold_hypothetical_protein	af_Q9UAQ1_4_302_1.20.1070.10	af_Q9UAQ1_4_302_1.20.1070.10	4.578E-01	0.382	47	7	143	147	6	154	299	149	0.932	0.498
LOKIASV2_3740_ESMFold_hypothetical_protein	6fkfO01	6fkfO01	3.582E+00	0.353	46	1	69	147	1	73	76	74	0.469	0.961
LOKIASV2_3740_ESMFold_hypothetical_protein	4v1fA00	4v1fA00	4.357E+00	0.353	46	75	145	147	3	79	86	77	0.483	0.895
LOKIASV2_3740_ESMFold_hypothetical_protein	af_Q2R8J2_3_127_1.20.5.4130	af_Q2R8J2_3_127_1.20.5.4130	9.544E-01	0.353	46	22	138	147	2	124	125	129	0.796	0.984
LOKIASV2_3740_ESMFold_hypothetical_protein	af_A0A0R4IIA7_1847_1972_1.20.120.230	af_A0A0R4IIA7_1847_1972_1.20.120.230	1.412E+00	0.353	46	7	146	147	5	124	126	143	0.952	0.952
LOKIASV2_3740_ESMFold_hypothetical_protein	af_Q8INR2_1_232_1.20.1270.60	af_Q8INR2_1_232_1.20.1270.60	2.091E-01	0.353	46	3	146	147	39	193	232	161	0.980	0.668
LOKIASV2_3740_ESMFold_hypothetical_protein	af_Q84RQ9_239_483_1.20.120.1750	af_Q84RQ9_239_483_1.20.120.1750	3.762E+00	0.353	46	7	146	147	101	240	245	146	0.952	0.571
LOKIASV2_3740_ESMFold_hypothetical_protein	af_Q502K5_3_306_1.20.1070.10	af_Q502K5_3_306_1.20.1070.10	2.805E-01	0.353	46	6	145	147	8	149	304	156	0.952	0.467
LOKIASV2_3740_ESMFold_hypothetical_protein	6fkfN01	6fkfN01	3.762E+00	0.326	45	1	69	147	1	73	76	74	0.469	0.961
LOKIASV2_3740_ESMFold_hypothetical_protein	4v1fB00	4v1fB00	3.951E+00	0.326	45	76	145	147	1	78	85	78	0.476	0.918
LOKIASV2_3740_ESMFold_hypothetical_protein	3s90B02	3s90B02	1.106E+00	0.326	45	25	146	147	5	120	123	126	0.830	0.943
LOKIASV2_3740_ESMFold_hypothetical_protein	af_A0A1D6FVL9_48_178_1.20.5.4130	af_A0A1D6FVL9_48_178_1.20.5.4130	9.544E-01	0.326	45	22	146	147	2	129	131	136	0.850	0.977
LOKIASV2_3740_ESMFold_hypothetical_protein	5fztA01	5fztA01	2.422E-01	0.326	45	2	132	147	1	169	176	172	0.891	0.960
LOKIASV2_3740_ESMFold_hypothetical_protein	af_D4ADR1_21_329_1.20.1070.10	af_D4ADR1_21_329_1.20.1070.10	8.654E-01	0.326	45	8	141	147	15	149	309	142	0.912	0.437
LOKIASV2_3740_ESMFold_hypothetical_protein	2wieC01	2wieC01	4.357E+00	0.301	44	1	69	147	3	75	78	74	0.469	0.936
LOKIASV2_3740_ESMFold_hypothetical_protein	2wieD01	2wieD01	4.357E+00	0.301	44	1	69	147	3	75	78	74	0.469	0.936
LOKIASV2_3740_ESMFold_hypothetical_protein	2wieE01	2wieE01	4.357E+00	0.301	44	1	69	147	3	75	78	74	0.469	0.936
LOKIASV2_3740_ESMFold_hypothetical_protein	2xqtA01	2xqtA01	4.357E+00	0.301	44	1	69	147	3	75	78	74	0.469	0.936
LOKIASV2_3740_ESMFold_hypothetical_protein	2xquA01	2xquA01	4.576E+00	0.301	44	1	69	147	3	75	78	74	0.469	0.936
LOKIASV2_3740_ESMFold_hypothetical_protein	2xquB01	2xquB01	4.357E+00	0.301	44	1	69	147	3	75	78	74	0.469	0.936
LOKIASV2_3740_ESMFold_hypothetical_protein	2xquD01	2xquD01	4.357E+00	0.301	44	1	69	147	3	75	78	74	0.469	0.936
LOKIASV2_3740_ESMFold_hypothetical_protein	4v1hA00	4v1hA00	4.576E+00	0.301	44	76	145	147	1	78	85	78	0.476	0.918
LOKIASV2_3740_ESMFold_hypothetical_protein	4v1hB00	4v1hB00	4.357E+00	0.301	44	76	145	147	1	78	85	78	0.476	0.918
LOKIASV2_3740_ESMFold_hypothetical_protein	af_Q9ZV31_8_116_1.20.930.20	af_Q9ZV31_8_116_1.20.930.20	9.544E-01	0.301	44	21	144	147	2	107	109	125	0.844	0.972
LOKIASV2_3740_ESMFold_hypothetical_protein	af_Q54K81_1745_1895_1.20.1420.10	af_Q54K81_1745_1895_1.20.1420.10	2.946E-01	0.301	44	2	138	147	7	149	151	157	0.932	0.947
LOKIASV2_3740_ESMFold_hypothetical_protein	af_A0A2R8QGP7_220_371_1.20.1420.10	af_A0A2R8QGP7_220_371_1.20.1420.10	1.053E+00	0.301	44	1	146	147	1	149	152	168	0.993	0.980
LOKIASV2_3740_ESMFold_hypothetical_protein	1i4tB00	1i4tB00	3.094E-01	0.301	44	4	146	147	23	162	179	158	0.973	0.782
LOKIASV2_3740_ESMFold_hypothetical_protein	af_P0C646_7_298_1.20.1070.10	af_P0C646_7_298_1.20.1070.10	8.654E-01	0.301	44	10	145	147	4	139	292	140	0.925	0.466
LOKIASV2_3740_ESMFold_hypothetical_protein	6fkfI01	6fkfI01	4.149E+00	0.277	43	1	69	147	1	73	76	74	0.469	0.961
LOKIASV2_3740_ESMFold_hypothetical_protein	6fkfR01	6fkfR01	7.111E+00	0.277	43	1	69	147	1	73	76	73	0.469	0.961
LOKIASV2_3740_ESMFold_hypothetical_protein	2wieA01	2wieA01	4.806E+00	0.277	43	1	69	147	3	75	78	74	0.469	0.936
LOKIASV2_3740_ESMFold_hypothetical_protein	4v1fC00	4v1fC00	4.357E+00	0.277	43	75	145	147	1	79	86	79	0.483	0.919
LOKIASV2_3740_ESMFold_hypothetical_protein	af_I1LPJ5_248_488_1.20.120.1750	af_I1LPJ5_248_488_1.20.120.1750	2.804E+00	0.277	43	10	138	147	98	227	241	133	0.878	0.539
LOKIASV2_3740_ESMFold_hypothetical_protein	af_Q9BXC1_5_308_1.20.1070.10	af_Q9BXC1_5_308_1.20.1070.10	8.240E-01	0.277	43	6	142	147	10	150	304	143	0.932	0.464
LOKIASV2_3740_ESMFold_hypothetical_protein	4cbjD00	4cbjD00	4.806E+00	0.254	42	7	69	147	2	68	69	67	0.429	0.971
LOKIASV2_3740_ESMFold_hypothetical_protein	6fkfT01	6fkfT01	4.806E+00	0.254	42	1	69	147	1	73	76	74	0.469	0.961
LOKIASV2_3740_ESMFold_hypothetical_protein	4v1gB00	4v1gB00	6.139E+00	0.254	42	75	145	147	3	79	86	77	0.483	0.895
LOKIASV2_3740_ESMFold_hypothetical_protein	af_Q9Y4G6_1847_1971_1.20.120.230	af_Q9Y4G6_1847_1971_1.20.120.230	2.670E+00	0.254	42	7	147	147	5	125	125	142	0.959	0.968
LOKIASV2_3740_ESMFold_hypothetical_protein	af_Q62035_11_325_1.20.1070.10	af_Q62035_11_325_1.20.1070.10	8.654E-01	0.254	42	8	147	147	2	145	315	151	0.952	0.457
LOKIASV2_3740_ESMFold_hypothetical_protein	af_P0DQD5_22_362_1.20.1070.10	af_P0DQD5_22_362_1.20.1070.10	1.002E+00	0.254	42	10	147	147	19	156	341	143	0.939	0.405
LOKIASV2_3740_ESMFold_hypothetical_protein	4v1hC00	4v1hC00	5.566E+00	0.233	41	76	145	147	1	78	85	78	0.476	0.918
LOKIASV2_3740_ESMFold_hypothetical_protein	af_Q54K81_1148_1297_1.20.1420.10	af_Q54K81_1148_1297_1.20.1420.10	5.302E-01	0.233	41	2	141	147	3	149	150	170	0.952	0.980
LOKIASV2_3740_ESMFold_hypothetical_protein	af_Q9FHN3_5_164_1.20.140.150	af_Q9FHN3_5_164_1.20.140.150	7.846E-01	0.233	41	2	146	147	23	153	160	147	0.986	0.819
LOKIASV2_3740_ESMFold_hypothetical_protein	af_A0A1D6L541_5_185_1.20.1260.60	af_A0A1D6L541_5_185_1.20.1260.60	5.848E-01	0.233	41	2	141	147	6	171	181	169	0.952	0.917
LOKIASV2_3740_ESMFold_hypothetical_protein	af_Q9SMU4_200_397_1.20.1170.10	af_Q9SMU4_200_397_1.20.1170.10	6.142E-01	0.233	41	11	145	147	8	194	198	187	0.918	0.944
LOKIASV2_3740_ESMFold_hypothetical_protein	af_Q9FG38_181_399_1.20.1270.60	af_Q9FG38_181_399_1.20.1270.60	3.094E-01	0.233	41	2	147	147	18	171	219	161	0.993	0.703
LOKIASV2_3740_ESMFold_hypothetical_protein	af_E7F8C4_71_358_1.20.1070.10	af_E7F8C4_71_358_1.20.1070.10	5.848E-01	0.233	41	6	141	147	9	153	288	147	0.925	0.503
LOKIASV2_3740_ESMFold_hypothetical_protein	2xqsA01	2xqsA01	6.139E+00	0.214	40	1	69	147	3	75	78	74	0.469	0.936
LOKIASV2_3740_ESMFold_hypothetical_protein	2xqsB01	2xqsB01	6.139E+00	0.214	40	1	69	147	3	75	78	74	0.469	0.936
LOKIASV2_3740_ESMFold_hypothetical_protein	af_A0A1D6JME7_469_627_1.20.1270.60	af_A0A1D6JME7_469_627_1.20.1270.60	2.421E+00	0.214	40	6	143	147	21	158	159	145	0.939	0.868
LOKIASV2_3740_ESMFold_hypothetical_protein	2kvpA00	2kvpA00	1.106E+00	0.214	40	7	146	147	42	161	165	144	0.952	0.727
LOKIASV2_3740_ESMFold_hypothetical_protein	af_F4IB75_8_187_1.20.1260.60	af_F4IB75_8_187_1.20.1260.60	7.114E-01	0.214	40	3	134	147	9	171	180	166	0.898	0.906
LOKIASV2_3740_ESMFold_hypothetical_protein	af_K7M2Q2_4_183_1.20.1260.60	af_K7M2Q2_4_183_1.20.1260.60	8.654E-01	0.214	40	7	143	147	14	179	180	168	0.932	0.922
LOKIASV2_3740_ESMFold_hypothetical_protein	af_G5EFL6_1_261_1.20.1070.10	af_G5EFL6_1_261_1.20.1070.10	1.161E+00	0.214	40	1	143	147	1	145	261	153	0.973	0.556
LOKIASV2_3740_ESMFold_hypothetical_protein	af_I1MJT4_6_290_1.20.1070.10	af_I1MJT4_6_290_1.20.1070.10	8.240E-01	0.214	40	3	145	147	6	142	285	150	0.973	0.481
LOKIASV2_3740_ESMFold_hypothetical_protein	af_E7FC87_22_309_1.20.1070.10	af_E7FC87_22_309_1.20.1070.10	7.114E-01	0.214	40	10	143	147	13	143	288	142	0.912	0.455
LOKIASV2_3740_ESMFold_hypothetical_protein	af_Q04683_49_352_1.20.1070.10	af_Q04683_49_352_1.20.1070.10	1.636E+00	0.214	40	4	145	147	5	139	304	149	0.966	0.444
LOKIASV2_3740_ESMFold_hypothetical_protein	af_A0A0R4I9M2_36_377_1.20.1070.10	af_A0A0R4I9M2_36_377_1.20.1070.10	1.558E+00	0.214	40	11	144	147	7	142	342	141	0.912	0.398
LOKIASV2_3740_ESMFold_hypothetical_protein	af_Q9VAA2_22_363_1.20.1070.10	af_Q9VAA2_22_363_1.20.1070.10	1.718E+00	0.214	40	14	143	147	23	152	342	134	0.884	0.380
LOKIASV2_3740_ESMFold_hypothetical_protein	af_Q1EC46_1_96_1.20.5.110	af_Q1EC46_1_96_1.20.5.110	1.412E+00	0.196	39	11	104	147	9	93	96	94	0.639	0.885
LOKIASV2_3740_ESMFold_hypothetical_protein	4ehpA02	4ehpA02	8.654E-01	0.196	39	25	138	147	5	116	120	117	0.776	0.933
LOKIASV2_3740_ESMFold_hypothetical_protein	af_F1QIS1_3_136_1.20.120.550	af_F1QIS1_3_136_1.20.120.550	3.951E+00	0.196	39	15	143	147	4	126	134	134	0.878	0.918
LOKIASV2_3740_ESMFold_hypothetical_protein	1b68A00	1b68A00	3.092E+00	0.196	39	22	146	147	4	136	138	137	0.850	0.964
LOKIASV2_3740_ESMFold_hypothetical_protein	af_O14880_2_142_1.20.120.550	af_O14880_2_142_1.20.120.550	6.774E-01	0.196	39	14	136	147	6	133	141	139	0.837	0.908
LOKIASV2_3740_ESMFold_hypothetical_protein	af_Q50703_2_172_1.20.1260.20	af_Q50703_2_172_1.20.1260.20	8.240E-01	0.196	39	1	143	147	4	153	171	160	0.973	0.877
LOKIASV2_3740_ESMFold_hypothetical_protein	1i4dA00	1i4dA00	1.106E+00	0.196	39	4	143	147	26	158	188	144	0.952	0.707
LOKIASV2_3740_ESMFold_hypothetical_protein	af_F1QIS8_34_353_1.20.1070.10	af_F1QIS8_34_353_1.20.1070.10	2.945E+00	0.196	39	1	143	147	6	156	320	159	0.973	0.472
LOKIASV2_3740_ESMFold_hypothetical_protein	af_Q9XIF0_10_127_1.20.5.4130	af_Q9XIF0_10_127_1.20.5.4130	3.248E+00	0.179	38	24	146	147	2	115	118	123	0.837	0.966
LOKIASV2_3740_ESMFold_hypothetical_protein	af_G5E851_19_156_1.20.140.150	af_G5E851_19_156_1.20.140.150	9.544E-01	0.179	38	11	146	147	2	134	138	142	0.925	0.964
LOKIASV2_3740_ESMFold_hypothetical_protein	af_O53926_223_367_1.20.140.10	af_O53926_223_367_1.20.140.10	2.542E+00	0.179	38	1	137	147	2	141	145	148	0.932	0.966
LOKIASV2_3740_ESMFold_hypothetical_protein	af_Q9Y5X3_201_403_1.20.1270.60	af_Q9Y5X3_201_403_1.20.1270.60	1.002E+00	0.179	38	4	142	147	23	162	203	147	0.946	0.690
LOKIASV2_3740_ESMFold_hypothetical_protein	af_K7MVM2_29_248_1.20.1270.60	af_K7MVM2_29_248_1.20.1270.60	1.219E+00	0.179	38	2	147	147	3	170	220	171	0.993	0.764
LOKIASV2_3740_ESMFold_hypothetical_protein	af_A0A0B7H3M6_33_288_1.20.1070.10	af_A0A0B7H3M6_33_288_1.20.1070.10	1.345E+00	0.179	38	30	140	147	112	247	256	137	0.755	0.531
LOKIASV2_3740_ESMFold_hypothetical_protein	af_F1QPR0_12_293_1.20.1070.10	af_F1QPR0_12_293_1.20.1070.10	1.990E+00	0.179	38	13	143	147	3	133	282	135	0.891	0.465
LOKIASV2_3740_ESMFold_hypothetical_protein	af_Q8N6U8_14_343_1.20.1070.10	af_Q8N6U8_14_343_1.20.1070.10	1.002E+00	0.179	38	4	138	147	14	147	330	149	0.918	0.406
LOKIASV2_3740_ESMFold_hypothetical_protein	af_E7F1C0_6_351_1.20.1070.10	af_E7F1C0_6_351_1.20.1070.10	5.302E-01	0.179	38	10	139	147	23	160	346	142	0.884	0.399
LOKIASV2_3740_ESMFold_hypothetical_protein	af_A0A0R0G921_199_314_1.20.140.150	af_A0A0R0G921_199_314_1.20.140.150	1.718E+00	0.164	37	14	146	147	3	113	116	141	0.905	0.957
LOKIASV2_3740_ESMFold_hypothetical_protein	af_K7MBN6_422_538_1.20.140.150	af_K7MBN6_422_538_1.20.140.150	1.483E+00	0.164	37	7	145	147	4	113	117	147	0.946	0.940
LOKIASV2_3740_ESMFold_hypothetical_protein	af_B7ZWJ5_133_255_1.20.58.390	af_B7ZWJ5_133_255_1.20.58.390	2.195E+00	0.164	37	22	146	147	2	119	123	130	0.850	0.959
LOKIASV2_3740_ESMFold_hypothetical_protein	af_G5EGK1_1671_1835_1.20.1420.10	af_G5EGK1_1671_1835_1.20.1420.10	3.092E+00	0.164	37	1	145	147	1	157	165	168	0.986	0.952
LOKIASV2_3740_ESMFold_hypothetical_protein	af_F4ICV8_3_180_1.20.1260.60	af_F4ICV8_3_180_1.20.1260.60	1.161E+00	0.164	37	1	141	147	6	162	178	165	0.959	0.882
LOKIASV2_3740_ESMFold_hypothetical_protein	af_Q5A7Q7_9_192_1.20.1260.60	af_Q5A7Q7_9_192_1.20.1260.60	2.195E+00	0.164	37	2	116	147	7	135	184	129	0.782	0.701
LOKIASV2_3740_ESMFold_hypothetical_protein	af_Q9XVT7_1_220_1.20.140.150	af_Q9XVT7_1_220_1.20.140.150	1.053E+00	0.164	37	10	146	147	60	199	220	147	0.932	0.636
LOKIASV2_3740_ESMFold_hypothetical_protein	af_A0A0G2KJF7_1_299_1.20.1070.10	af_A0A0G2KJF7_1_299_1.20.1070.10	1.412E+00	0.164	37	8	141	147	2	139	299	144	0.912	0.462
LOKIASV2_3740_ESMFold_hypothetical_protein	af_E9QJ73_40_339_1.20.1070.10	af_E9QJ73_40_339_1.20.1070.10	1.804E+00	0.164	37	9	143	147	2	142	300	148	0.918	0.470
LOKIASV2_3740_ESMFold_hypothetical_protein	af_A9JRC2_3_313_1.20.1070.10	af_A9JRC2_3_313_1.20.1070.10	2.421E+00	0.164	37	8	142	147	2	139	311	144	0.918	0.444
LOKIASV2_3740_ESMFold_hypothetical_protein	af_O17842_2_317_1.20.1070.10	af_O17842_2_317_1.20.1070.10	1.345E+00	0.164	37	1	143	147	13	162	316	160	0.973	0.475
LOKIASV2_3740_ESMFold_hypothetical_protein	af_G5EBX8_41_379_1.20.1070.10	af_G5EBX8_41_379_1.20.1070.10	1.718E+00	0.164	37	4	138	147	22	156	339	148	0.918	0.398
LOKIASV2_3740_ESMFold_hypothetical_protein	af_Q95YD7_26_367_1.20.1070.10	af_Q95YD7_26_367_1.20.1070.10	2.305E+00	0.164	37	1	145	147	4	145	342	156	0.986	0.415
LOKIASV2_3740_ESMFold_hypothetical_protein	af_Q9Z2C6_1_116_1.20.140.150	af_Q9Z2C6_1_116_1.20.140.150	1.804E+00	0.150	36	11	109	147	12	115	116	107	0.673	0.897
LOKIASV2_3740_ESMFold_hypothetical_protein	af_Q0J403_9_139_1.20.5.4130	af_Q0J403_9_139_1.20.5.4130	3.411E+00	0.150	36	24	146	147	5	126	131	131	0.837	0.931
LOKIASV2_3740_ESMFold_hypothetical_protein	af_Q55C26_1_134_1.20.140.150	af_Q55C26_1_134_1.20.140.150	2.542E+00	0.150	36	1	147	147	9	117	134	149	1.000	0.813
LOKIASV2_3740_ESMFold_hypothetical_protein	2l10A00	2l10A00	2.421E+00	0.150	36	25	145	147	39	154	158	128	0.823	0.734
LOKIASV2_3740_ESMFold_hypothetical_protein	af_P0CE94_990_1150_1.20.1420.10	af_P0CE94_990_1150_1.20.1420.10	7.114E-01	0.150	36	3	146	147	8	159	161	165	0.980	0.944
LOKIASV2_3740_ESMFold_hypothetical_protein	af_A0A0R0JLB9_29_199_1.20.1260.60	af_A0A0R0JLB9_29_199_1.20.1260.60	1.990E+00	0.150	36	1	144	147	1	164	171	175	0.980	0.959
LOKIASV2_3740_ESMFold_hypothetical_protein	af_Q6DI32_196_398_1.20.1270.60	af_Q6DI32_196_398_1.20.1270.60	1.002E+00	0.150	36	4	147	147	23	203	203	187	0.980	0.892
LOKIASV2_3740_ESMFold_hypothetical_protein	af_Q54XE8_29_233_1.20.1270.60	af_Q54XE8_29_233_1.20.1270.60	8.654E-01	0.150	36	2	145	147	1	177	205	178	0.980	0.863
LOKIASV2_3740_ESMFold_hypothetical_protein	af_Q3V2J0_3_218_1.20.1270.60	af_Q3V2J0_3_218_1.20.1270.60	1.804E+00	0.150	36	7	146	147	15	166	216	155	0.952	0.704
LOKIASV2_3740_ESMFold_hypothetical_protein	af_P36113_310_543_1.20.120.1750	af_P36113_310_543_1.20.120.1750	3.762E+00	0.150	36	18	137	147	109	229	234	126	0.816	0.517
LOKIASV2_3740_ESMFold_hypothetical_protein	af_O62493_11_247_2.130.10.10	af_O62493_11_247_2.130.10.10	2.671E-01	0.150	36	12	147	147	2	202	237	202	0.925	0.848
LOKIASV2_3740_ESMFold_hypothetical_protein	af_D4A5E7_408_650_1.20.1270.420	af_D4A5E7_408_650_1.20.1270.420	6.142E-01	0.150	36	3	147	147	34	190	243	158	0.986	0.646
LOKIASV2_3740_ESMFold_hypothetical_protein	af_C7FZZ5_4_268_1.20.1270.60	af_C7FZZ5_4_268_1.20.1270.60	7.471E-01	0.150	36	7	146	147	26	193	265	176	0.952	0.634
LOKIASV2_3740_ESMFold_hypothetical_protein	af_A0A096LPK9_20_311_1.20.1070.10	af_A0A096LPK9_20_311_1.20.1070.10	2.090E+00	0.150	36	4	142	147	2	138	292	146	0.946	0.469
LOKIASV2_3740_ESMFold_hypothetical_protein	af_Q1LYI4_40_345_1.20.1070.10	af_Q1LYI4_40_345_1.20.1070.10	1.990E+00	0.150	36	9	145	147	3	139	306	144	0.932	0.448
LOKIASV2_3740_ESMFold_hypothetical_protein	af_O44676_6_313_1.20.1070.10	af_O44676_6_313_1.20.1070.10	1.219E+00	0.150	36	29	145	147	154	295	308	145	0.796	0.461
LOKIASV2_3740_ESMFold_hypothetical_protein	af_P51491_11_345_1.20.1070.10	af_P51491_11_345_1.20.1070.10	1.558E+00	0.150	36	8	141	147	19	153	335	141	0.912	0.403
LOKIASV2_3740_ESMFold_hypothetical_protein	af_Q10368_174_335_1.20.1410.10	af_Q10368_174_335_1.20.1410.10	1.161E+00	0.138	35	7	137	147	2	136	162	149	0.891	0.833
LOKIASV2_3740_ESMFold_hypothetical_protein	af_P9WI97_1_212_1.20.58.220	af_P9WI97_1_212_1.20.58.220	1.281E+00	0.138	35	2	145	147	11	205	212	195	0.980	0.920
LOKIASV2_3740_ESMFold_hypothetical_protein	af_D4A017_183_471_1.20.1070.10	af_D4A017_183_471_1.20.1070.10	1.161E+00	0.138	35	15	143	147	49	205	289	161	0.878	0.543
LOKIASV2_3740_ESMFold_hypothetical_protein	af_Q10934_14_337_1.20.1070.10	af_Q10934_14_337_1.20.1070.10	1.106E+00	0.138	35	10	145	147	14	154	324	146	0.925	0.435
LOKIASV2_3740_ESMFold_hypothetical_protein	5d57A00	5d57A00	4.806E+00	0.126	34	34	144	147	3	106	116	113	0.755	0.897
LOKIASV2_3740_ESMFold_hypothetical_protein	af_B7FF22_1_118_1.20.930.20	af_B7FF22_1_118_1.20.930.20	2.305E+00	0.126	34	12	138	147	2	116	118	135	0.864	0.975
LOKIASV2_3740_ESMFold_hypothetical_protein	af_A8DT49_1_156_1.20.140.150	af_A8DT49_1_156_1.20.140.150	1.412E+00	0.126	34	7	146	147	13	147	156	150	0.952	0.865
LOKIASV2_3740_ESMFold_hypothetical_protein	af_Q9SFX3_456_614_1.20.58.70	af_Q9SFX3_456_614_1.20.58.70	2.542E+00	0.126	34	7	143	147	15	158	159	145	0.932	0.906
LOKIASV2_3740_ESMFold_hypothetical_protein	af_M1FN39_66_236_1.20.120.220	af_M1FN39_66_236_1.20.120.220	1.483E+00	0.126	34	3	146	147	13	154	171	157	0.980	0.830
LOKIASV2_3740_ESMFold_hypothetical_protein	2y44A00	2y44A00	1.161E+00	0.126	34	2	144	147	13	182	183	172	0.973	0.929
LOKIASV2_3740_ESMFold_hypothetical_protein	af_Q22674_46_344_1.20.1070.10	af_Q22674_46_344_1.20.1070.10	2.090E+00	0.126	34	3	142	147	13	150	299	151	0.952	0.462
LOKIASV2_3740_ESMFold_hypothetical_protein	af_E7FA08_13_312_1.20.1070.10	af_E7FA08_13_312_1.20.1070.10	9.088E-01	0.126	34	6	137	147	16	153	300	145	0.898	0.460
LOKIASV2_3740_ESMFold_hypothetical_protein	af_Q8BY68_7_309_1.20.1070.10	af_Q8BY68_7_309_1.20.1070.10	2.195E+00	0.126	34	8	145	147	13	150	303	143	0.939	0.455
LOKIASV2_3740_ESMFold_hypothetical_protein	af_O01668_27_364_1.20.1070.10	af_O01668_27_364_1.20.1070.10	1.718E+00	0.126	34	1	139	147	16	154	338	152	0.946	0.411
LOKIASV2_3740_ESMFold_hypothetical_protein	af_Q9M109_490_601_1.20.58.390	af_Q9M109_490_601_1.20.58.390	4.576E+00	0.116	33	79	145	147	49	108	112	67	0.456	0.536
LOKIASV2_3740_ESMFold_hypothetical_protein	af_K7UPR6_1_118_1.20.930.20	af_K7UPR6_1_118_1.20.930.20	2.090E+00	0.116	33	18	147	147	4	118	118	137	0.884	0.975
LOKIASV2_3740_ESMFold_hypothetical_protein	af_I1N4Z3_1_127_1.20.5.4130	af_I1N4Z3_1_127_1.20.5.4130	2.305E+00	0.116	33	21	146	147	2	119	127	128	0.857	0.929
LOKIASV2_3740_ESMFold_hypothetical_protein	af_Q2R8I7_5_133_1.20.5.4130	af_Q2R8I7_5_133_1.20.5.4130	1.106E+00	0.116	33	24	146	147	3	124	129	132	0.837	0.946
LOKIASV2_3740_ESMFold_hypothetical_protein	af_Q54K81_1591_1744_1.20.1420.10	af_Q54K81_1591_1744_1.20.1420.10	1.558E+00	0.116	33	1	136	147	1	148	154	162	0.925	0.961
LOKIASV2_3740_ESMFold_hypothetical_protein	af_P0C7T8_35_191_2.10.60.10	af_P0C7T8_35_191_2.10.60.10	1.804E+00	0.116	33	11	144	147	2	120	157	138	0.912	0.758
LOKIASV2_3740_ESMFold_hypothetical_protein	af_Q99N09_47_204_1.20.140.150	af_Q99N09_47_204_1.20.140.150	2.421E+00	0.116	33	10	145	147	2	157	158	167	0.925	0.987
LOKIASV2_3740_ESMFold_hypothetical_protein	af_Q54K81_1900_2062_1.20.1420.10	af_Q54K81_1900_2062_1.20.1420.10	1.990E+00	0.116	33	1	147	147	1	158	163	170	1.000	0.969
LOKIASV2_3740_ESMFold_hypothetical_protein	af_P9WHW9_1_173_1.20.1260.20	af_P9WHW9_1_173_1.20.1260.20	2.306E-01	0.116	33	1	137	147	6	161	173	167	0.932	0.902
LOKIASV2_3740_ESMFold_hypothetical_protein	af_P9WI01_2_175_1.20.1260.20	af_P9WI01_2_175_1.20.1260.20	5.302E-01	0.116	33	1	147	147	6	166	174	170	1.000	0.925
LOKIASV2_3740_ESMFold_hypothetical_protein	1xwmA00	1xwmA00	9.088E-01	0.116	33	2	145	147	8	202	212	201	0.980	0.920
LOKIASV2_3740_ESMFold_hypothetical_protein	af_K7LM94_26_238_1.20.1270.60	af_K7LM94_26_238_1.20.1270.60	1.219E+00	0.116	33	2	146	147	16	170	213	167	0.986	0.728
LOKIASV2_3740_ESMFold_hypothetical_protein	af_Q9U6B8_133_346_1.20.140.140	af_Q9U6B8_133_346_1.20.140.140	1.345E+00	0.116	33	2	137	147	10	168	214	166	0.925	0.743
LOKIASV2_3740_ESMFold_hypothetical_protein	af_Q84ZM3_12_231_1.20.120.550	af_Q84ZM3_12_231_1.20.120.550	5.302E-01	0.116	33	2	145	147	51	210	220	174	0.980	0.727
LOKIASV2_3740_ESMFold_hypothetical_protein	af_I1JXQ4_4_250_1.20.1270.60	af_I1JXQ4_4_250_1.20.1270.60	1.412E+00	0.116	33	2	143	147	12	178	247	171	0.966	0.676
LOKIASV2_3740_ESMFold_hypothetical_protein	af_Q9UNW8_29_325_1.20.1070.10	af_Q9UNW8_29_325_1.20.1070.10	3.092E+00	0.116	33	10	147	147	13	152	297	146	0.939	0.471
LOKIASV2_3740_ESMFold_hypothetical_protein	af_Q7TQA5_3_315_1.20.1070.10	af_Q7TQA5_3_315_1.20.1070.10	2.195E+00	0.116	33	11	143	147	14	150	313	141	0.905	0.438
LOKIASV2_3740_ESMFold_hypothetical_protein	af_Q09344_15_330_1.20.1070.10	af_Q09344_15_330_1.20.1070.10	2.670E+00	0.116	33	2	147	147	13	175	316	170	0.993	0.516
LOKIASV2_3740_ESMFold_hypothetical_protein	af_F1QZ18_9_338_1.20.1070.10	af_F1QZ18_9_338_1.20.1070.10	2.670E+00	0.116	33	8	141	147	11	146	330	144	0.912	0.412
LOKIASV2_3740_ESMFold_hypothetical_protein	4m70Q00	4m70Q00	3.092E+00	0.106	32	10	104	147	2	107	108	106	0.646	0.981
LOKIASV2_3740_ESMFold_hypothetical_protein	af_O00322_1_124_1.20.140.150	af_O00322_1_124_1.20.140.150	4.357E+00	0.106	32	2	112	147	13	123	124	119	0.755	0.895
LOKIASV2_3740_ESMFold_hypothetical_protein	af_A0A0P0VI21_9_137_1.20.5.4130	af_A0A0P0VI21_9_137_1.20.5.4130	5.047E+00	0.106	32	25	146	147	2	123	129	130	0.830	0.946
LOKIASV2_3740_ESMFold_hypothetical_protein	af_Q9SB38_33_196_1.20.140.40	af_Q9SB38_33_196_1.20.140.40	6.447E+00	0.106	32	2	147	147	33	163	164	146	0.993	0.799
LOKIASV2_3740_ESMFold_hypothetical_protein	af_A0A078BPE5_147_314_1.20.120.30	af_A0A078BPE5_147_314_1.20.120.30	2.542E+00	0.106	32	7	138	147	10	146	168	143	0.898	0.815
LOKIASV2_3740_ESMFold_hypothetical_protein	af_B4FXK5_9_190_1.20.1260.60	af_B4FXK5_9_190_1.20.1260.60	5.848E-01	0.106	32	2	144	147	6	177	182	182	0.973	0.945
LOKIASV2_3740_ESMFold_hypothetical_protein	af_P53843_1_193_1.20.1260.60	af_P53843_1_193_1.20.1260.60	2.195E+00	0.106	32	1	127	147	5	145	193	145	0.864	0.731
LOKIASV2_3740_ESMFold_hypothetical_protein	af_O45310_1_210_1.20.140.150	af_O45310_1_210_1.20.140.150	1.002E+00	0.106	32	12	146	147	9	156	210	150	0.918	0.705
LOKIASV2_3740_ESMFold_hypothetical_protein	af_A0A0G2L9K3_285_506_1.20.1270.60	af_A0A0G2L9K3_285_506_1.20.1270.60	1.718E+00	0.106	32	8	144	147	35	170	222	148	0.932	0.613
LOKIASV2_3740_ESMFold_hypothetical_protein	5ax0A00	5ax0A00	1.558E+00	0.106	32	5	137	147	9	153	234	164	0.905	0.620
LOKIASV2_3740_ESMFold_hypothetical_protein	af_A0A1D8PLU5_1_236_1.20.1250.20	af_A0A1D8PLU5_1_236_1.20.1250.20	3.248E+00	0.106	32	3	146	147	11	154	236	157	0.980	0.610
LOKIASV2_3740_ESMFold_hypothetical_protein	af_Q4E676_32_269_1.20.1270.60	af_Q4E676_32_269_1.20.1270.60	1.483E+00	0.106	32	2	146	147	28	205	238	184	0.986	0.748
LOKIASV2_3740_ESMFold_hypothetical_protein	af_Q14164_406_648_1.20.1270.420	af_Q14164_406_648_1.20.1270.420	1.053E+00	0.106	32	3	147	147	34	189	243	159	0.986	0.642
LOKIASV2_3740_ESMFold_hypothetical_protein	af_Q2QQ65_1_246_1.20.1270.60	af_Q2QQ65_1_246_1.20.1270.60	5.049E-01	0.106	32	8	146	147	95	243	246	151	0.946	0.606
LOKIASV2_3740_ESMFold_hypothetical_protein	af_P30558_90_383_1.20.1070.10	af_P30558_90_383_1.20.1070.10	1.990E+00	0.106	32	9	143	147	20	148	294	141	0.918	0.439
LOKIASV2_3740_ESMFold_hypothetical_protein	af_Q960A0_247_560_1.20.1070.10	af_Q960A0_247_560_1.20.1070.10	1.990E+00	0.106	32	6	141	147	16	154	314	156	0.925	0.443
LOKIASV2_3740_ESMFold_hypothetical_protein	af_A3QJZ0_26_367_1.20.1070.10	af_A3QJZ0_26_367_1.20.1070.10	6.142E-01	0.106	32	10	145	147	22	157	342	155	0.925	0.398
LOKIASV2_3740_ESMFold_hypothetical_protein	af_Q7YTN4_32_376_1.20.1070.10	af_Q7YTN4_32_376_1.20.1070.10	2.090E+00	0.106	32	10	145	147	2	159	345	159	0.925	0.458
LOKIASV2_3740_ESMFold_hypothetical_protein	af_Q21052_1_123_1.20.1300.10	af_Q21052_1_123_1.20.1300.10	4.357E+00	0.098	31	44	144	147	12	121	123	118	0.687	0.894
LOKIASV2_3740_ESMFold_hypothetical_protein	af_A1ZBJ2_489_617_1.20.140.10	af_A1ZBJ2_489_617_1.20.140.10	5.047E+00	0.098	31	53	145	147	20	102	129	93	0.633	0.643
LOKIASV2_3740_ESMFold_hypothetical_protein	af_K7LCD6_3_139_1.20.140.40	af_K7LCD6_3_139_1.20.140.40	4.357E+00	0.098	31	10	132	147	16	136	137	130	0.837	0.883
LOKIASV2_3740_ESMFold_hypothetical_protein	3sxzB00	3sxzB00	1.804E+00	0.098	31	2	138	147	10	137	140	147	0.932	0.914
LOKIASV2_3740_ESMFold_hypothetical_protein	af_P06727_179_332_1.20.120.20	af_P06727_179_332_1.20.120.20	1.106E+00	0.098	31	18	145	147	2	125	154	133	0.871	0.805
LOKIASV2_3740_ESMFold_hypothetical_protein	4hksA00	4hksA00	1.483E+00	0.098	31	18	137	147	15	131	165	130	0.816	0.709
LOKIASV2_3740_ESMFold_hypothetical_protein	af_Q4DAD0_1_175_1.20.140.150	af_Q4DAD0_1_175_1.20.140.150	4.357E+00	0.098	31	5	146	147	16	149	175	146	0.966	0.766
LOKIASV2_3740_ESMFold_hypothetical_protein	af_F4ITF9_2_190_1.20.1260.60	af_F4ITF9_2_190_1.20.1260.60	2.945E+00	0.098	31	1	127	147	8	154	189	150	0.864	0.778
LOKIASV2_3740_ESMFold_hypothetical_protein	af_P53990_1_189_1.20.1260.60	af_P53990_1_189_1.20.1260.60	2.542E+00	0.098	31	4	138	147	8	152	189	153	0.918	0.767
LOKIASV2_3740_ESMFold_hypothetical_protein	af_Q93891_1_189_1.20.140.150	af_Q93891_1_189_1.20.140.150	2.090E+00	0.098	31	5	147	147	2	170	189	173	0.973	0.894
LOKIASV2_3740_ESMFold_hypothetical_protein	af_Q2G1P4_337_540_1.20.58.220	af_Q2G1P4_337_540_1.20.58.220	1.636E+00	0.098	31	6	146	147	2	201	204	200	0.959	0.980
LOKIASV2_3740_ESMFold_hypothetical_protein	af_Q54RT3_54_265_1.20.1270.60	af_Q54RT3_54_265_1.20.1270.60	9.544E-01	0.098	31	1	146	147	4	181	212	183	0.993	0.840
LOKIASV2_3740_ESMFold_hypothetical_protein	af_Q9VCQ6_1_250_1.20.1270.60	af_Q9VCQ6_1_250_1.20.1270.60	1.106E+00	0.098	31	12	145	147	22	177	250	167	0.912	0.624
LOKIASV2_3740_ESMFold_hypothetical_protein	af_Q23339_5_274_1.20.1070.10	af_Q23339_5_274_1.20.1070.10	2.804E+00	0.098	31	7	132	147	5	137	270	142	0.857	0.493
LOKIASV2_3740_ESMFold_hypothetical_protein	af_Q9XX34_1_272_1.20.1070.10	af_Q9XX34_1_272_1.20.1070.10	2.670E+00	0.098	31	4	130	147	2	132	272	141	0.864	0.482
LOKIASV2_3740_ESMFold_hypothetical_protein	af_Q9XV85_3_285_1.20.1070.10	af_Q9XV85_3_285_1.20.1070.10	1.345E+00	0.098	31	1	143	147	1	142	283	159	0.973	0.502
LOKIASV2_3740_ESMFold_hypothetical_protein	af_Q18700_21_318_1.20.1070.10	af_Q18700_21_318_1.20.1070.10	3.582E+00	0.098	31	7	143	147	17	153	298	145	0.932	0.460
LOKIASV2_3740_ESMFold_hypothetical_protein	af_O01609_15_315_1.20.1070.10	af_O01609_15_315_1.20.1070.10	2.670E+00	0.098	31	10	146	147	9	149	301	162	0.932	0.468
LOKIASV2_3740_ESMFold_hypothetical_protein	af_Q19558_40_363_1.20.1070.10	af_Q19558_40_363_1.20.1070.10	4.149E+00	0.098	31	20	144	147	179	297	324	131	0.850	0.367
LOKIASV2_3740_ESMFold_hypothetical_protein	af_Q9U8C4_14_368_1.20.1070.10	af_Q9U8C4_14_368_1.20.1070.10	2.542E+00	0.098	31	3	147	147	17	167	355	165	0.986	0.425
LOKIASV2_3740_ESMFold_hypothetical_protein	af_M9MRW9_1_161_1.20.140.150	af_M9MRW9_1_161_1.20.140.150	3.762E+00	0.090	30	10	142	147	13	146	161	140	0.905	0.832
LOKIASV2_3740_ESMFold_hypothetical_protein	af_D4ACQ1_35_196_1.20.140.150	af_D4ACQ1_35_196_1.20.140.150	3.411E+00	0.090	30	18	144	147	2	120	162	129	0.864	0.735
LOKIASV2_3740_ESMFold_hypothetical_protein	af_P05704_34_195_1.20.120.30	af_P05704_34_195_1.20.120.30	2.421E+00	0.090	30	8	146	147	20	154	162	144	0.946	0.833
LOKIASV2_3740_ESMFold_hypothetical_protein	3frsA00	3frsA00	3.951E+00	0.090	30	4	138	147	4	147	175	149	0.918	0.823
LOKIASV2_3740_ESMFold_hypothetical_protein	1i4lB00	1i4lB00	1.002E+00	0.090	30	4	147	147	22	173	178	170	0.980	0.854
LOKIASV2_3740_ESMFold_hypothetical_protein	af_Q54I39_3_182_1.20.1260.60	af_Q54I39_3_182_1.20.1260.60	4.149E+00	0.090	30	3	130	147	11	167	180	158	0.871	0.872
LOKIASV2_3740_ESMFold_hypothetical_protein	3frrA00	3frrA00	3.092E+00	0.090	30	4	138	147	7	151	186	153	0.918	0.780
LOKIASV2_3740_ESMFold_hypothetical_protein	af_R9PY72_1_190_1.20.140.150	af_R9PY72_1_190_1.20.140.150	4.806E+00	0.090	30	1	146	147	2	164	190	169	0.993	0.858
LOKIASV2_3740_ESMFold_hypothetical_protein	af_Q8NDH6_43_244_1.20.1270.60	af_Q8NDH6_43_244_1.20.1270.60	1.002E+00	0.090	30	4	146	147	7	168	202	168	0.973	0.802
LOKIASV2_3740_ESMFold_hypothetical_protein	af_Q7XVM5_26_239_1.20.1270.60	af_Q7XVM5_26_239_1.20.1270.60	1.636E+00	0.090	30	7	146	147	13	178	214	172	0.952	0.776
LOKIASV2_3740_ESMFold_hypothetical_protein	af_Q86IF6_309_526_1.20.1270.60	af_Q86IF6_309_526_1.20.1270.60	2.090E+00	0.090	30	7	143	147	27	174	218	157	0.932	0.679
LOKIASV2_3740_ESMFold_hypothetical_protein	af_A1Z7A6_27_279_1.20.1270.60	af_A1Z7A6_27_279_1.20.1270.60	2.090E+00	0.090	30	11	146	147	12	181	253	170	0.925	0.672
LOKIASV2_3740_ESMFold_hypothetical_protein	af_I6YA50_1_270_1.20.1170.10	af_I6YA50_1_270_1.20.1170.10	7.111E+00	0.090	30	21	141	147	127	261	270	139	0.823	0.500
LOKIASV2_3740_ESMFold_hypothetical_protein	af_O45557_1_272_1.20.1070.10	af_O45557_1_272_1.20.1070.10	2.305E+00	0.090	30	4	136	147	2	138	272	152	0.905	0.504
LOKIASV2_3740_ESMFold_hypothetical_protein	af_Q91ZB8_14_302_1.20.1070.10	af_Q91ZB8_14_302_1.20.1070.10	3.411E+00	0.090	30	1	143	147	7	148	289	155	0.973	0.491
LOKIASV2_3740_ESMFold_hypothetical_protein	af_Q9H1Y3_32_337_1.20.1070.10	af_Q9H1Y3_32_337_1.20.1070.10	3.951E+00	0.090	30	1	141	147	5	138	306	144	0.959	0.438
LOKIASV2_3740_ESMFold_hypothetical_protein	af_A0A2R8QEF3_37_352_1.20.1070.10	af_A0A2R8QEF3_37_352_1.20.1070.10	3.411E+00	0.090	30	11	146	147	3	151	316	157	0.925	0.472
LOKIASV2_3740_ESMFold_hypothetical_protein	af_O14843_5_334_1.20.1070.10	af_O14843_5_334_1.20.1070.10	5.047E+00	0.090	30	2	142	147	1	148	330	150	0.959	0.448
LOKIASV2_3740_ESMFold_hypothetical_protein	af_Q9GYH3_27_376_1.20.1070.10	af_Q9GYH3_27_376_1.20.1070.10	4.576E+00	0.090	30	51	144	147	217	308	350	100	0.639	0.263
LOKIASV2_3740_ESMFold_hypothetical_protein	af_F1Q5N3_3_362_1.20.1070.10	af_F1Q5N3_3_362_1.20.1070.10	1.636E+00	0.090	30	10	145	147	21	157	360	150	0.925	0.381
LOKIASV2_3740_ESMFold_hypothetical_protein	af_K7MBN0_417_531_1.20.140.150	af_K7MBN0_417_531_1.20.140.150	3.582E+00	0.082	29	7	145	147	4	111	115	147	0.946	0.939
LOKIASV2_3740_ESMFold_hypothetical_protein	4brbA00	4brbA00	9.084E+00	0.082	29	56	145	147	25	110	115	94	0.612	0.748
LOKIASV2_3740_ESMFold_hypothetical_protein	af_Q2R8W6_14_135_1.20.5.4130	af_Q2R8W6_14_135_1.20.5.4130	5.566E+00	0.082	29	22	146	147	2	119	122	139	0.850	0.967
LOKIASV2_3740_ESMFold_hypothetical_protein	af_A4I856_8_135_1.20.1080.10	af_A4I856_8_135_1.20.1080.10	1.990E+00	0.082	29	6	130	147	2	124	128	140	0.850	0.961
LOKIASV2_3740_ESMFold_hypothetical_protein	af_Q94CB1_80_235_1.20.140.40	af_Q94CB1_80_235_1.20.140.40	6.139E+00	0.082	29	1	142	147	25	155	156	147	0.966	0.840
LOKIASV2_3740_ESMFold_hypothetical_protein	af_Q9FF77_85_240_1.20.140.40	af_Q9FF77_85_240_1.20.140.40	7.111E+00	0.082	29	1	142	147	25	155	156	146	0.966	0.840
LOKIASV2_3740_ESMFold_hypothetical_protein	3s84A02	3s84A02	3.248E+00	0.082	29	6	146	147	15	136	157	142	0.959	0.777
LOKIASV2_3740_ESMFold_hypothetical_protein	af_O01589_1_166_1.20.140.150	af_O01589_1_166_1.20.140.150	1.895E+00	0.082	29	7	145	147	15	152	166	144	0.946	0.831
LOKIASV2_3740_ESMFold_hypothetical_protein	af_A0A0P0XTD4_54_225_1.20.140.40	af_A0A0P0XTD4_54_225_1.20.140.40	5.300E+00	0.082	29	2	141	147	33	169	172	145	0.952	0.797
LOKIASV2_3740_ESMFold_hypothetical_protein	af_Q4DPJ7_10_188_1.20.1070.10	af_Q4DPJ7_10_188_1.20.1070.10	7.114E-01	0.082	29	22	144	147	2	136	179	139	0.837	0.754
LOKIASV2_3740_ESMFold_hypothetical_protein	af_E7EZ14_14_198_1.20.140.150	af_E7EZ14_14_198_1.20.140.150	4.806E+00	0.082	29	10	144	147	3	170	185	171	0.918	0.908
LOKIASV2_3740_ESMFold_hypothetical_protein	af_Q54IL3_659_850_1.20.120.1750	af_Q54IL3_659_850_1.20.120.1750	5.300E+00	0.082	29	19	142	147	64	184	192	134	0.844	0.630
LOKIASV2_3740_ESMFold_hypothetical_protein	af_Q6Z3I6_46_239_1.20.1270.60	af_Q6Z3I6_46_239_1.20.1270.60	1.895E+00	0.082	29	2	135	147	31	193	194	166	0.912	0.840
LOKIASV2_3740_ESMFold_hypothetical_protein	af_Q9VGQ8_135_333_1.20.1270.60	af_Q9VGQ8_135_333_1.20.1270.60	2.090E+00	0.082	29	7	146	147	23	165	199	150	0.952	0.719
LOKIASV2_3740_ESMFold_hypothetical_protein	af_Q9VP78_31_229_1.20.1270.60	af_Q9VP78_31_229_1.20.1270.60	2.421E+00	0.082	29	2	146	147	11	166	199	167	0.986	0.784
LOKIASV2_3740_ESMFold_hypothetical_protein	af_D9PTP5_274_476_1.20.1270.60	af_D9PTP5_274_476_1.20.1270.60	2.945E+00	0.082	29	4	146	147	22	162	203	149	0.973	0.695
LOKIASV2_3740_ESMFold_hypothetical_protein	af_Q9VK91_10_215_1.20.1270.60	af_Q9VK91_10_215_1.20.1270.60	1.718E+00	0.082	29	5	146	147	10	164	206	158	0.966	0.752
LOKIASV2_3740_ESMFold_hypothetical_protein	af_D3ZP87_74_282_1.20.1270.60	af_D3ZP87_74_282_1.20.1270.60	3.411E+00	0.082	29	11	146	147	9	166	209	160	0.925	0.756
LOKIASV2_3740_ESMFold_hypothetical_protein	af_K7UHW7_32_246_1.20.1270.60	af_K7UHW7_32_246_1.20.1270.60	1.483E+00	0.082	29	1	146	147	1	176	215	183	0.993	0.819
LOKIASV2_3740_ESMFold_hypothetical_protein	af_Q8IQE6_1_221_1.20.1270.60	af_Q8IQE6_1_221_1.20.1270.60	3.951E+00	0.082	29	4	146	147	29	204	221	180	0.973	0.796
LOKIASV2_3740_ESMFold_hypothetical_protein	af_I1LQ21_54_281_1.20.1270.60	af_I1LQ21_54_281_1.20.1270.60	4.149E+00	0.082	29	4	145	147	34	225	228	193	0.966	0.842
LOKIASV2_3740_ESMFold_hypothetical_protein	af_Q8IY95_26_259_1.20.1070.10	af_Q8IY95_26_259_1.20.1070.10	4.806E+00	0.082	29	14	147	147	22	171	234	160	0.912	0.641
LOKIASV2_3740_ESMFold_hypothetical_protein	af_A0A1D8PEG6_32_281_1.20.1270.60	af_A0A1D8PEG6_32_281_1.20.1270.60	3.248E+00	0.082	29	2	145	147	32	203	250	175	0.980	0.688
LOKIASV2_3740_ESMFold_hypothetical_protein	af_Q9XXK0_1_273_1.20.1070.10	af_Q9XXK0_1_273_1.20.1070.10	2.421E+00	0.082	29	4	139	147	2	138	273	153	0.925	0.502
LOKIASV2_3740_ESMFold_hypothetical_protein	af_B7F9V1_175_464_1.20.1070.10	af_B7F9V1_175_464_1.20.1070.10	1.895E+00	0.082	29	10	141	147	42	205	290	174	0.898	0.566
LOKIASV2_3740_ESMFold_hypothetical_protein	af_Q9Y2T6_3_303_1.20.1070.10	af_Q9Y2T6_3_303_1.20.1070.10	1.990E+00	0.082	29	6	145	147	13	155	301	153	0.952	0.475
LOKIASV2_3740_ESMFold_hypothetical_protein	af_F1Q6R0_34_338_1.20.1070.10	af_F1Q6R0_34_338_1.20.1070.10	8.240E-01	0.082	29	7	142	147	11	146	305	153	0.925	0.446
LOKIASV2_3740_ESMFold_hypothetical_protein	af_Q10935_2_325_1.20.1070.10	af_Q10935_2_325_1.20.1070.10	3.951E+00	0.082	29	2	145	147	7	153	324	157	0.980	0.454
LOKIASV2_3740_ESMFold_hypothetical_protein	4mbsB00	4mbsB00	3.951E+00	0.082	29	6	145	147	7	146	346	150	0.952	0.405
LOKIASV2_3740_ESMFold_hypothetical_protein	af_B7FF20_1_118_1.20.930.20	af_B7FF20_1_118_1.20.930.20	3.092E+00	0.076	28	18	138	147	4	116	118	125	0.823	0.958
LOKIASV2_3740_ESMFold_hypothetical_protein	af_A1Z998_1_142_1.20.140.150	af_A1Z998_1_142_1.20.140.150	1.804E+00	0.076	28	14	146	147	14	134	142	139	0.905	0.852
LOKIASV2_3740_ESMFold_hypothetical_protein	3s84B02	3s84B02	3.762E+00	0.076	28	6	146	147	15	136	157	142	0.959	0.777
LOKIASV2_3740_ESMFold_hypothetical_protein	af_F1LZT4_47_209_1.20.140.150	af_F1LZT4_47_209_1.20.140.150	3.411E+00	0.076	28	10	141	147	2	162	163	169	0.898	0.988
LOKIASV2_3740_ESMFold_hypothetical_protein	af_Q4CQM1_6_181_6.10.140.1230	af_Q4CQM1_6_181_6.10.140.1230	1.483E+00	0.076	28	21	146	147	9	130	176	130	0.857	0.693
LOKIASV2_3740_ESMFold_hypothetical_protein	af_Q66H41_179_375_1.20.1270.60	af_Q66H41_179_375_1.20.1270.60	3.092E+00	0.076	28	11	137	147	15	148	197	136	0.864	0.680
LOKIASV2_3740_ESMFold_hypothetical_protein	af_Q54XT6_30_233_1.20.1270.60	af_Q54XT6_30_233_1.20.1270.60	4.806E+00	0.076	28	7	146	147	2	168	204	172	0.952	0.819
LOKIASV2_3740_ESMFold_hypothetical_protein	af_A4FVS2_32_237_1.20.1270.60	af_A4FVS2_32_237_1.20.1270.60	1.219E+00	0.076	28	2	146	147	12	159	206	160	0.986	0.718
LOKIASV2_3740_ESMFold_hypothetical_protein	af_A0A0R0FX98_29_240_1.20.1270.60	af_A0A0R0FX98_29_240_1.20.1270.60	2.090E+00	0.076	28	7	146	147	20	173	212	166	0.952	0.726
LOKIASV2_3740_ESMFold_hypothetical_protein	af_Q54WI0_191_402_1.20.1270.60	af_Q54WI0_191_402_1.20.1270.60	2.804E+00	0.076	28	4	146	147	21	169	212	153	0.973	0.703
LOKIASV2_3740_ESMFold_hypothetical_protein	af_D4A646_441_664_1.20.900.10	af_D4A646_441_664_1.20.900.10	2.804E+00	0.076	28	1	146	147	17	201	224	189	0.993	0.826
LOKIASV2_3740_ESMFold_hypothetical_protein	af_A0A1D8PL12_1_227_1.20.1270.60	af_A0A1D8PL12_1_227_1.20.1270.60	1.281E+00	0.076	28	7	144	147	18	156	227	152	0.939	0.612
LOKIASV2_3740_ESMFold_hypothetical_protein	af_Q55AA8_2_236_1.20.1270.60	af_Q55AA8_2_236_1.20.1270.60	4.149E+00	0.076	28	12	93	147	125	214	235	90	0.558	0.383
LOKIASV2_3740_ESMFold_hypothetical_protein	af_Q551Q8_27_279_1.20.1270.60	af_Q551Q8_27_279_1.20.1270.60	2.804E+00	0.076	28	10	145	147	41	180	253	147	0.925	0.553
LOKIASV2_3740_ESMFold_hypothetical_protein	5g2aA00	5g2aA00	2.542E+00	0.076	28	2	146	147	19	171	264	171	0.986	0.580
LOKIASV2_3740_ESMFold_hypothetical_protein	af_Q7JNP8_1_277_1.20.1070.10	af_Q7JNP8_1_277_1.20.1070.10	1.161E+00	0.076	28	4	143	147	2	134	277	152	0.952	0.480
LOKIASV2_3740_ESMFold_hypothetical_protein	af_Q965R7_2_282_1.20.1070.10	af_Q965R7_2_282_1.20.1070.10	1.219E+00	0.076	28	7	142	147	5	140	281	149	0.925	0.484
LOKIASV2_3740_ESMFold_hypothetical_protein	af_Q9EQ16_36_333_1.20.1070.10	af_Q9EQ16_36_333_1.20.1070.10	4.806E+00	0.076	28	9	145	147	3	141	298	147	0.932	0.466
LOKIASV2_3740_ESMFold_hypothetical_protein	af_G3V9V6_84_382_1.20.1070.10	af_G3V9V6_84_382_1.20.1070.10	3.248E+00	0.076	28	9	145	147	3	137	299	149	0.932	0.452
LOKIASV2_3740_ESMFold_hypothetical_protein	af_Q9PTF7_32_335_1.20.1070.10	af_Q9PTF7_32_335_1.20.1070.10	5.300E+00	0.076	28	43	144	147	168	273	304	109	0.694	0.349
LOKIASV2_3740_ESMFold_hypothetical_protein	af_A9JRH6_63_374_1.20.1070.10	af_A9JRH6_63_374_1.20.1070.10	3.411E+00	0.076	28	9	145	147	3	141	312	150	0.932	0.446
LOKIASV2_3740_ESMFold_hypothetical_protein	af_A0PJR8_18_333_1.20.1070.10	af_A0PJR8_18_333_1.20.1070.10	6.139E+00	0.076	28	11	141	147	16	152	316	145	0.891	0.434
LOKIASV2_3740_ESMFold_hypothetical_protein	af_Q9NAG1_1_333_1.20.1070.10	af_Q9NAG1_1_333_1.20.1070.10	4.806E+00	0.076	28	10	136	147	25	159	333	140	0.864	0.405
LOKIASV2_3740_ESMFold_hypothetical_protein	5dwkB00	5dwkB00	7.843E+00	0.069	27	34	145	147	2	106	111	113	0.762	0.946
LOKIASV2_3740_ESMFold_hypothetical_protein	5d6iA00	5d6iA00	7.111E+00	0.069	27	34	143	147	2	111	115	113	0.748	0.957
LOKIASV2_3740_ESMFold_hypothetical_protein	af_Q8NB16_1_118_1.20.930.20	af_Q8NB16_1_118_1.20.930.20	4.576E+00	0.069	27	1	138	147	1	116	118	144	0.939	0.983
LOKIASV2_3740_ESMFold_hypothetical_protein	af_I1MBG6_1_127_1.20.5.4130	af_I1MBG6_1_127_1.20.5.4130	2.670E+00	0.069	27	25	146	147	2	119	127	128	0.830	0.929
LOKIASV2_3740_ESMFold_hypothetical_protein	af_Q9LH93_301_431_1.20.1250.10	af_Q9LH93_301_431_1.20.1250.10	3.092E+00	0.069	27	56	143	147	21	118	131	107	0.599	0.748
LOKIASV2_3740_ESMFold_hypothetical_protein	af_Q01362_60_204_1.20.140.150	af_Q01362_60_204_1.20.140.150	4.576E+00	0.069	27	3	146	147	2	135	145	147	0.980	0.924
LOKIASV2_3740_ESMFold_hypothetical_protein	af_Q0DF51_1_157_1.20.140.150	af_Q0DF51_1_157_1.20.140.150	4.576E+00	0.069	27	7	143	147	5	155	157	155	0.932	0.962
LOKIASV2_3740_ESMFold_hypothetical_protein	af_I1NBU8_29_186_1.20.140.40	af_I1NBU8_29_186_1.20.140.40	3.762E+00	0.069	27	10	147	147	33	158	158	145	0.939	0.797
LOKIASV2_3740_ESMFold_hypothetical_protein	af_Q54HR7_1_160_1.20.140.150	af_Q54HR7_1_160_1.20.140.150	2.542E+00	0.069	27	1	143	147	1	149	160	164	0.973	0.931
LOKIASV2_3740_ESMFold_hypothetical_protein	af_Q0IWH7_26_186_1.20.140.150	af_Q0IWH7_26_186_1.20.140.150	4.806E+00	0.069	27	2	146	147	26	158	161	150	0.986	0.826
LOKIASV2_3740_ESMFold_hypothetical_protein	af_Q6Z3G1_46_238_1.20.1420.10	af_Q6Z3G1_46_238_1.20.1420.10	6.139E+00	0.069	27	2	147	147	31	193	193	172	0.993	0.845
LOKIASV2_3740_ESMFold_hypothetical_protein	af_O02051_1_202_1.20.140.150	af_O02051_1_202_1.20.140.150	3.411E+00	0.069	27	14	146	147	33	179	202	154	0.905	0.728
LOKIASV2_3740_ESMFold_hypothetical_protein	af_A8JRH4_1_213_1.20.1070.10	af_A8JRH4_1_213_1.20.1070.10	4.149E+00	0.069	27	2	142	147	11	165	213	161	0.959	0.728
LOKIASV2_3740_ESMFold_hypothetical_protein	af_Q9Y876_1_215_1.20.1250.20	af_Q9Y876_1_215_1.20.1250.20	5.300E+00	0.069	27	3	145	147	19	161	215	156	0.973	0.665
LOKIASV2_3740_ESMFold_hypothetical_protein	af_Q67UP1_30_246_1.20.1270.60	af_Q67UP1_30_246_1.20.1270.60	3.411E+00	0.069	27	2	143	147	10	169	217	171	0.966	0.737
LOKIASV2_3740_ESMFold_hypothetical_protein	1wdzB00	1wdzB00	3.411E+00	0.069	27	17	143	147	30	178	222	152	0.864	0.671
LOKIASV2_3740_ESMFold_hypothetical_protein	af_O16494_20_280_1.20.1070.10	af_O16494_20_280_1.20.1070.10	2.542E+00	0.069	27	10	139	147	2	131	261	142	0.884	0.498
LOKIASV2_3740_ESMFold_hypothetical_protein	af_Q22938_168_459_1.20.1070.10	af_Q22938_168_459_1.20.1070.10	1.895E+00	0.069	27	11	141	147	49	206	292	168	0.891	0.541
LOKIASV2_3740_ESMFold_hypothetical_protein	af_P43219_120_414_1.20.1070.10	af_P43219_120_414_1.20.1070.10	4.806E+00	0.069	27	9	143	147	10	158	295	154	0.918	0.505
LOKIASV2_3740_ESMFold_hypothetical_protein	af_P35343_29_336_1.20.1070.10	af_P35343_29_336_1.20.1070.10	2.670E+00	0.069	27	11	145	147	19	152	308	144	0.918	0.435
LOKIASV2_3740_ESMFold_hypothetical_protein	af_A0A0R4IWV6_18_327_1.20.1070.10	af_A0A0R4IWV6_18_327_1.20.1070.10	2.945E+00	0.069	27	9	145	147	2	140	310	149	0.932	0.448
LOKIASV2_3740_ESMFold_hypothetical_protein	af_B3DJ81_43_353_1.20.1070.10	af_B3DJ81_43_353_1.20.1070.10	5.047E+00	0.069	27	3	141	147	10	150	311	154	0.946	0.453
LOKIASV2_3740_ESMFold_hypothetical_protein	af_E7FD01_17_327_1.20.1070.10	af_E7FD01_17_327_1.20.1070.10	3.411E+00	0.069	27	2	139	147	12	156	311	151	0.939	0.466
LOKIASV2_3740_ESMFold_hypothetical_protein	af_A0A2R8QDF5_21_338_1.20.1070.10	af_A0A2R8QDF5_21_338_1.20.1070.10	4.576E+00	0.069	27	11	142	147	6	140	318	144	0.898	0.425
LOKIASV2_3740_ESMFold_hypothetical_protein	af_I1N641_62_389_3.40.50.2000	af_I1N641_62_389_3.40.50.2000	1.412E+00	0.069	27	3	146	147	113	263	328	157	0.980	0.460
LOKIASV2_3740_ESMFold_hypothetical_protein	af_Q868T3_101_466_1.20.1070.10	af_Q868T3_101_466_1.20.1070.10	7.468E+00	0.069	27	2	145	147	14	157	366	153	0.980	0.393
LOKIASV2_3740_ESMFold_hypothetical_protein	af_Q19125_63_439_1.20.1070.10	af_Q19125_63_439_1.20.1070.10	6.139E+00	0.069	27	7	146	147	9	151	377	149	0.952	0.379
LOKIASV2_3740_ESMFold_hypothetical_protein	af_Q9ZT78_472_582_1.20.58.390	af_Q9ZT78_472_582_1.20.58.390	8.237E+00	0.063	26	75	144	147	39	106	111	76	0.476	0.613
LOKIASV2_3740_ESMFold_hypothetical_protein	af_A9JRF5_1_118_1.20.140.150	af_A9JRF5_1_118_1.20.140.150	2.804E+00	0.063	26	7	146	147	13	115	118	140	0.952	0.873
LOKIASV2_3740_ESMFold_hypothetical_protein	af_O46101_1_121_1.20.140.150	af_O46101_1_121_1.20.140.150	7.111E+00	0.063	26	11	106	147	20	119	121	105	0.653	0.826
LOKIASV2_3740_ESMFold_hypothetical_protein	af_B9F6Z0_46_190_1.20.140.150	af_B9F6Z0_46_190_1.20.140.150	5.846E+00	0.063	26	10	147	147	2	145	145	154	0.939	0.993
LOKIASV2_3740_ESMFold_hypothetical_protein	af_P06728_180_332_1.20.120.20	af_P06728_180_332_1.20.120.20	1.106E+00	0.063	26	9	147	147	3	152	153	153	0.946	0.980
LOKIASV2_3740_ESMFold_hypothetical_protein	af_Q99N07_47_207_1.20.140.150	af_Q99N07_47_207_1.20.140.150	7.111E+00	0.063	26	10	145	147	2	153	161	161	0.925	0.944
LOKIASV2_3740_ESMFold_hypothetical_protein	af_I1LNR9_48_213_1.20.140.40	af_I1LNR9_48_213_1.20.140.40	7.843E+00	0.063	26	2	138	147	34	163	166	144	0.932	0.783
LOKIASV2_3740_ESMFold_hypothetical_protein	af_A4I1X4_11_206_1.20.1260.60	af_A4I1X4_11_206_1.20.1260.60	4.806E+00	0.063	26	2	133	147	5	154	196	154	0.898	0.765
LOKIASV2_3740_ESMFold_hypothetical_protein	af_Q54F03_169_372_1.20.1070.10	af_Q54F03_169_372_1.20.1070.10	4.576E+00	0.063	26	10	146	147	44	184	204	153	0.932	0.691
LOKIASV2_3740_ESMFold_hypothetical_protein	af_A0A0N7KR22_176_382_1.20.120.1770	af_A0A0N7KR22_176_382_1.20.120.1770	6.139E+00	0.063	26	7	147	147	30	166	207	153	0.959	0.662
LOKIASV2_3740_ESMFold_hypothetical_protein	af_Q9UHR4_1_229_1.20.1270.60	af_Q9UHR4_1_229_1.20.1270.60	4.357E+00	0.063	26	4	146	147	31	179	229	153	0.973	0.651
LOKIASV2_3740_ESMFold_hypothetical_protein	af_P39453_47_320_1.20.58.920	af_P39453_47_320_1.20.58.920	5.047E+00	0.063	26	2	146	147	93	259	274	169	0.986	0.609
LOKIASV2_3740_ESMFold_hypothetical_protein	af_B3DJU8_4_286_1.20.1070.10	af_B3DJU8_4_286_1.20.1070.10	4.576E+00	0.063	26	1	138	147	13	149	283	151	0.939	0.484
LOKIASV2_3740_ESMFold_hypothetical_protein	af_Q91WW3_10_299_1.20.1070.10	af_Q91WW3_10_299_1.20.1070.10	4.576E+00	0.063	26	9	143	147	2	136	290	146	0.918	0.466
LOKIASV2_3740_ESMFold_hypothetical_protein	af_Q19027_3_293_1.20.1070.10	af_Q19027_3_293_1.20.1070.10	5.300E+00	0.063	26	7	143	147	3	138	291	147	0.932	0.467
LOKIASV2_3740_ESMFold_hypothetical_protein	af_P49682_38_336_1.20.1070.10	af_P49682_38_336_1.20.1070.10	1.281E+00	0.063	26	6	138	147	10	147	299	151	0.905	0.462
LOKIASV2_3740_ESMFold_hypothetical_protein	af_Q19550_1_330_1.20.1070.10	af_Q19550_1_330_1.20.1070.10	2.195E+00	0.063	26	1	142	147	16	155	330	160	0.966	0.424
LOKIASV2_3740_ESMFold_hypothetical_protein	af_I1LHW7_4_128_1.20.5.4130	af_I1LHW7_4_128_1.20.5.4130	6.139E+00	0.057	25	10	144	147	2	119	125	137	0.918	0.944
LOKIASV2_3740_ESMFold_hypothetical_protein	af_Q4DK44_487_616_1.20.140.10	af_Q4DK44_487_616_1.20.140.10	7.468E+00	0.057	25	21	146	147	2	119	130	126	0.857	0.908
LOKIASV2_3740_ESMFold_hypothetical_protein	af_M9NFP0_1_142_1.20.120.350	af_M9NFP0_1_142_1.20.120.350	4.576E+00	0.057	25	1	143	147	4	133	142	146	0.973	0.915
LOKIASV2_3740_ESMFold_hypothetical_protein	4u83D03	4u83D03	5.846E+00	0.057	25	10	147	147	10	140	142	143	0.939	0.923
LOKIASV2_3740_ESMFold_hypothetical_protein	af_Q9C0W5_1_160_1.20.120.550	af_Q9C0W5_1_160_1.20.120.550	8.237E+00	0.057	25	1	144	147	1	156	160	167	0.980	0.975
LOKIASV2_3740_ESMFold_hypothetical_protein	af_Q9XWV6_1_163_1.20.140.150	af_Q9XWV6_1_163_1.20.140.150	4.149E+00	0.057	25	2	138	147	5	141	163	149	0.932	0.840
LOKIASV2_3740_ESMFold_hypothetical_protein	af_Q54PQ2_1_177_1.20.1260.60	af_Q54PQ2_1_177_1.20.1260.60	7.843E+00	0.057	25	2	141	147	8	164	177	164	0.952	0.887
LOKIASV2_3740_ESMFold_hypothetical_protein	af_Q6ETI1_4_180_1.20.1260.60	af_Q6ETI1_4_180_1.20.1260.60	5.300E+00	0.057	25	1	134	147	5	161	177	162	0.912	0.887
LOKIASV2_3740_ESMFold_hypothetical_protein	af_Q9LYS9_197_382_2.60.120.200	af_Q9LYS9_197_382_2.60.120.200	6.447E+00	0.057	25	7	147	147	17	153	186	149	0.959	0.737
LOKIASV2_3740_ESMFold_hypothetical_protein	af_I1NFJ5_5_192_1.20.1260.60	af_I1NFJ5_5_192_1.20.1260.60	2.670E+00	0.057	25	7	134	147	2	172	188	178	0.871	0.910
LOKIASV2_3740_ESMFold_hypothetical_protein	af_P9WGF5_41_236_1.20.1510.10	af_P9WGF5_41_236_1.20.1510.10	7.468E+00	0.057	25	10	147	147	3	194	196	195	0.939	0.980
LOKIASV2_3740_ESMFold_hypothetical_protein	af_Q4D9V1_1_218_1.20.1270.60	af_Q4D9V1_1_218_1.20.1270.60	2.090E+00	0.057	25	2	145	147	40	214	218	184	0.980	0.803
LOKIASV2_3740_ESMFold_hypothetical_protein	af_A4I6H0_24_250_1.20.1270.60	af_A4I6H0_24_250_1.20.1270.60	9.084E+00	0.057	25	3	146	147	6	163	227	163	0.980	0.696
LOKIASV2_3740_ESMFold_hypothetical_protein	af_Q9NA31_253_480_1.20.120.1750	af_Q9NA31_253_480_1.20.120.1750	2.090E+00	0.057	25	41	144	147	109	219	228	128	0.707	0.487
LOKIASV2_3740_ESMFold_hypothetical_protein	af_K7LX23_110_362_2.60.40.640	af_K7LX23_110_362_2.60.40.640	6.139E+00	0.057	25	1	145	147	25	238	253	217	0.986	0.846
LOKIASV2_3740_ESMFold_hypothetical_protein	af_A1L1F5_1_255_1.20.1270.60	af_A1L1F5_1_255_1.20.1270.60	4.149E+00	0.057	25	8	145	147	32	177	255	154	0.939	0.573
LOKIASV2_3740_ESMFold_hypothetical_protein	af_A5WWC0_11_309_1.20.1070.10	af_A5WWC0_11_309_1.20.1070.10	2.804E+00	0.057	25	11	145	147	22	157	299	152	0.918	0.455
LOKIASV2_3740_ESMFold_hypothetical_protein	af_A0A2R8PZ54_30_330_1.20.1070.10	af_A0A2R8PZ54_30_330_1.20.1070.10	2.090E+00	0.057	25	1	145	147	6	144	301	161	0.986	0.462
LOKIASV2_3740_ESMFold_hypothetical_protein	af_A0A1D5NSD1_1_303_1.20.1070.10	af_A0A1D5NSD1_1_303_1.20.1070.10	3.582E+00	0.057	25	13	141	147	15	143	303	141	0.878	0.426
LOKIASV2_3740_ESMFold_hypothetical_protein	af_P91553_1_303_1.20.1070.10	af_P91553_1_303_1.20.1070.10	4.357E+00	0.057	25	33	146	147	162	300	303	142	0.776	0.459
LOKIASV2_3740_ESMFold_hypothetical_protein	af_O16504_1_306_1.20.1070.10	af_O16504_1_306_1.20.1070.10	3.951E+00	0.057	25	1	140	147	14	149	306	152	0.952	0.444
LOKIASV2_3740_ESMFold_hypothetical_protein	af_P30411_43_348_1.20.1070.10	af_P30411_43_348_1.20.1070.10	5.047E+00	0.057	25	3	145	147	21	151	306	156	0.973	0.428
LOKIASV2_3740_ESMFold_hypothetical_protein	af_Q6XKD3_16_321_1.20.1070.10	af_Q6XKD3_16_321_1.20.1070.10	7.843E+00	0.057	25	25	144	147	180	287	306	123	0.816	0.353
LOKIASV2_3740_ESMFold_hypothetical_protein	af_Q966I4_10_317_1.20.1070.10	af_Q966I4_10_317_1.20.1070.10	4.806E+00	0.057	25	8	143	147	4	146	308	159	0.925	0.464
LOKIASV2_3740_ESMFold_hypothetical_protein	af_Q8RWF4_3_311_1.20.1280.290	af_Q8RWF4_3_311_1.20.1280.290	3.951E+00	0.057	25	6	143	147	76	249	309	176	0.939	0.563
LOKIASV2_3740_ESMFold_hypothetical_protein	af_A0A1D6ICF7_21_338_1.20.1070.10	af_A0A1D6ICF7_21_338_1.20.1070.10	7.468E+00	0.057	25	8	147	147	2	240	318	244	0.952	0.752
LOKIASV2_3740_ESMFold_hypothetical_protein	af_I1MY53_50_374_1.20.1170.10	af_I1MY53_50_374_1.20.1170.10	8.237E+00	0.057	25	65	147	147	227	316	325	94	0.565	0.277
LOKIASV2_3740_ESMFold_hypothetical_protein	af_Q9W534_34_374_1.20.1070.10	af_Q9W534_34_374_1.20.1070.10	3.582E+00	0.057	25	6	138	147	2	132	341	148	0.905	0.384
LOKIASV2_3740_ESMFold_hypothetical_protein	af_O44731_6_359_1.20.1070.10	af_O44731_6_359_1.20.1070.10	6.771E+00	0.057	25	1	143	147	12	144	354	145	0.973	0.376
LOKIASV2_3740_ESMFold_hypothetical_protein	af_P02651_179_332_1.20.120.20	af_P02651_179_332_1.20.120.20	1.412E+00	0.051	24	9	147	147	4	153	154	156	0.946	0.974
LOKIASV2_3740_ESMFold_hypothetical_protein	af_Q9FJR8_19_175_1.20.140.40	af_Q9FJR8_19_175_1.20.140.40	6.771E+00	0.051	24	10	146	147	41	155	157	143	0.932	0.732
LOKIASV2_3740_ESMFold_hypothetical_protein	1ls4A00	1ls4A00	3.092E+00	0.051	24	2	146	147	19	156	164	155	0.986	0.841
LOKIASV2_3740_ESMFold_hypothetical_protein	4z9hA00	4z9hA00	5.566E+00	0.051	24	1	146	147	10	147	165	156	0.993	0.836
LOKIASV2_3740_ESMFold_hypothetical_protein	af_P07017_22_191_1.20.120.30	af_P07017_22_191_1.20.120.30	6.771E+00	0.051	24	7	145	147	24	158	170	143	0.946	0.794
LOKIASV2_3740_ESMFold_hypothetical_protein	af_I1KV82_6_177_1.20.1260.60	af_I1KV82_6_177_1.20.1260.60	1.895E+00	0.051	24	7	144	147	2	164	172	170	0.939	0.948
LOKIASV2_3740_ESMFold_hypothetical_protein	af_Q8I4E2_384_566_1.20.1270.60	af_Q8I4E2_384_566_1.20.1270.60	4.806E+00	0.051	24	9	143	147	3	147	183	151	0.918	0.792
LOKIASV2_3740_ESMFold_hypothetical_protein	af_Q18251_2_203_1.20.1250.20	af_Q18251_2_203_1.20.1250.20	2.804E+00	0.051	24	1	144	147	1	189	202	198	0.980	0.936
LOKIASV2_3740_ESMFold_hypothetical_protein	af_Q1ZXN6_443_648_1.20.900.10	af_Q1ZXN6_443_648_1.20.900.10	5.846E+00	0.051	24	3	146	147	10	187	206	179	0.980	0.864
LOKIASV2_3740_ESMFold_hypothetical_protein	af_Q54VM6_8_230_1.20.1070.10	af_Q54VM6_8_230_1.20.1070.10	8.237E+00	0.051	24	26	146	147	6	124	223	128	0.823	0.534
LOKIASV2_3740_ESMFold_hypothetical_protein	4hyjA00	4hyjA00	3.951E+00	0.051	24	10	136	147	5	154	236	155	0.864	0.636
LOKIASV2_3740_ESMFold_hypothetical_protein	af_Q8TDY4_27_273_1.20.1270.60	af_Q8TDY4_27_273_1.20.1270.60	3.092E+00	0.051	24	10	146	147	22	182	247	163	0.932	0.652
LOKIASV2_3740_ESMFold_hypothetical_protein	af_Q6T486_269_517_1.20.120.1750	af_Q6T486_269_517_1.20.120.1750	8.237E+00	0.051	24	26	146	147	121	236	249	130	0.823	0.466
LOKIASV2_3740_ESMFold_hypothetical_protein	5c5bA01	5c5bA01	3.582E+00	0.051	24	2	145	147	26	173	251	156	0.980	0.590
LOKIASV2_3740_ESMFold_hypothetical_protein	af_B8JLA1_1_254_1.20.1270.60	af_B8JLA1_1_254_1.20.1270.60	7.111E+00	0.051	24	2	146	147	37	199	254	173	0.986	0.642
LOKIASV2_3740_ESMFold_hypothetical_protein	af_Q5A473_30_302_1.20.1270.60	af_Q5A473_30_302_1.20.1270.60	4.806E+00	0.051	24	51	146	147	131	230	273	102	0.653	0.366
LOKIASV2_3740_ESMFold_hypothetical_protein	af_A4GZK9_21_339_1.20.1070.10	af_A4GZK9_21_339_1.20.1070.10	3.248E+00	0.051	24	4	141	147	15	152	319	160	0.939	0.433
LOKIASV2_3740_ESMFold_hypothetical_protein	af_Q23254_27_360_1.20.1070.10	af_Q23254_27_360_1.20.1070.10	8.650E+00	0.051	24	14	145	147	6	143	334	150	0.898	0.413
LOKIASV2_3740_ESMFold_hypothetical_protein	af_H2KYN3_479_586_1.20.140.10	af_H2KYN3_479_586_1.20.140.10	3.582E+00	0.045	23	25	145	147	10	100	108	121	0.823	0.843
LOKIASV2_3740_ESMFold_hypothetical_protein	af_E0R7Q3_1_142_1.20.120.350	af_E0R7Q3_1_142_1.20.120.350	3.762E+00	0.045	23	10	147	147	9	133	142	150	0.939	0.880
LOKIASV2_3740_ESMFold_hypothetical_protein	2asrA00	2asrA00	5.566E+00	0.045	23	2	146	147	7	136	142	152	0.986	0.915
LOKIASV2_3740_ESMFold_hypothetical_protein	4xevD00	4xevD00	8.237E+00	0.045	23	24	142	147	7	122	147	128	0.810	0.789
LOKIASV2_3740_ESMFold_hypothetical_protein	af_Q8N7C4_11_171_1.20.1070.10	af_Q8N7C4_11_171_1.20.1070.10	3.762E+00	0.045	23	4	146	147	2	141	161	151	0.973	0.870
LOKIASV2_3740_ESMFold_hypothetical_protein	af_Q9SRX4_26_188_1.20.140.40	af_Q9SRX4_26_188_1.20.140.40	6.447E+00	0.045	23	10	147	147	27	163	163	150	0.939	0.840
LOKIASV2_3740_ESMFold_hypothetical_protein	af_Q9VAZ2_1_163_1.20.140.150	af_Q9VAZ2_1_163_1.20.140.150	5.047E+00	0.045	23	10	145	147	5	130	163	143	0.925	0.773
LOKIASV2_3740_ESMFold_hypothetical_protein	af_Q9VEF6_1_169_1.20.140.150	af_Q9VEF6_1_169_1.20.140.150	5.047E+00	0.045	23	3	146	147	21	154	169	153	0.980	0.793
LOKIASV2_3740_ESMFold_hypothetical_protein	af_O74490_1_174_1.20.1260.60	af_O74490_1_174_1.20.1260.60	3.248E+00	0.045	23	1	123	147	2	127	174	141	0.837	0.724
LOKIASV2_3740_ESMFold_hypothetical_protein	af_Q969K7_18_199_1.20.140.150	af_Q969K7_18_199_1.20.140.150	5.566E+00	0.045	23	1	144	147	1	167	182	175	0.980	0.918
LOKIASV2_3740_ESMFold_hypothetical_protein	af_M0R9L3_403_592_1.20.1270.60	af_M0R9L3_403_592_1.20.1270.60	4.357E+00	0.045	23	2	146	147	11	178	190	177	0.986	0.884
LOKIASV2_3740_ESMFold_hypothetical_protein	af_Q8IKN2_1_193_1.20.140.150	af_Q8IKN2_1_193_1.20.140.150	7.111E+00	0.045	23	25	146	147	13	148	193	140	0.830	0.705
LOKIASV2_3740_ESMFold_hypothetical_protein	af_Q19127_1088_1288_1.20.1640.10	af_Q19127_1088_1288_1.20.1640.10	3.092E+00	0.045	23	19	147	147	41	198	201	165	0.878	0.786
LOKIASV2_3740_ESMFold_hypothetical_protein	af_Q9URW7_247_458_1.20.1270.60	af_Q9URW7_247_458_1.20.1270.60	2.804E+00	0.045	23	12	143	147	2	162	212	168	0.898	0.759
LOKIASV2_3740_ESMFold_hypothetical_protein	3ok8B00	3ok8B00	9.084E+00	0.045	23	4	147	147	30	181	219	156	0.980	0.694
LOKIASV2_3740_ESMFold_hypothetical_protein	af_Q80Y61_1_220_1.20.1270.60	af_Q80Y61_1_220_1.20.1270.60	8.237E+00	0.045	23	3	147	147	12	182	220	174	0.986	0.777
LOKIASV2_3740_ESMFold_hypothetical_protein	af_Q3KR97_1_229_1.20.1270.60	af_Q3KR97_1_229_1.20.1270.60	6.139E+00	0.045	23	4	147	147	31	191	229	165	0.980	0.703
LOKIASV2_3740_ESMFold_hypothetical_protein	af_K7LF98_28_257_1.20.1270.60	af_K7LF98_28_257_1.20.1270.60	5.047E+00	0.045	23	2	145	147	36	223	230	188	0.980	0.817
LOKIASV2_3740_ESMFold_hypothetical_protein	af_P38745_177_443_3.40.50.300	af_P38745_177_443_3.40.50.300	6.771E+00	0.045	23	10	141	147	11	177	267	170	0.898	0.625
LOKIASV2_3740_ESMFold_hypothetical_protein	af_G5EGF9_1_272_1.20.1070.10	af_G5EGF9_1_272_1.20.1070.10	5.047E+00	0.045	23	5	133	147	3	138	272	144	0.878	0.500
LOKIASV2_3740_ESMFold_hypothetical_protein	af_Q9TXS0_4_275_1.20.1270.60	af_Q9TXS0_4_275_1.20.1270.60	9.084E+00	0.045	23	2	144	147	22	186	272	167	0.973	0.607
LOKIASV2_3740_ESMFold_hypothetical_protein	af_Q9VQ34_159_444_1.20.1070.10	af_Q9VQ34_159_444_1.20.1070.10	1.895E+00	0.045	23	15	143	147	44	202	286	163	0.878	0.556
LOKIASV2_3740_ESMFold_hypothetical_protein	af_Q8VIB8_3_297_1.20.1070.10	af_Q8VIB8_3_297_1.20.1070.10	2.804E+00	0.045	23	11	145	147	4	143	295	154	0.918	0.475
LOKIASV2_3740_ESMFold_hypothetical_protein	af_O08707_27_329_1.20.1070.10	af_O08707_27_329_1.20.1070.10	3.248E+00	0.045	23	6	142	147	14	150	303	162	0.932	0.452
LOKIASV2_3740_ESMFold_hypothetical_protein	af_Q9WUT7_44_350_1.20.1070.10	af_Q9WUT7_44_350_1.20.1070.10	6.771E+00	0.045	23	6	144	147	83	273	307	194	0.946	0.622
LOKIASV2_3740_ESMFold_hypothetical_protein	af_A0A2R8QBU5_34_343_1.20.1070.10	af_A0A2R8QBU5_34_343_1.20.1070.10	6.771E+00	0.045	23	1	145	147	13	152	310	156	0.986	0.452
LOKIASV2_3740_ESMFold_hypothetical_protein	af_O18014_19_343_1.20.1070.10	af_O18014_19_343_1.20.1070.10	7.111E+00	0.045	23	7	139	147	5	137	325	148	0.905	0.409
LOKIASV2_3740_ESMFold_hypothetical_protein	af_Q7YTN6_37_377_1.20.1070.10	af_Q7YTN6_37_377_1.20.1070.10	3.951E+00	0.045	23	7	143	147	10	147	341	147	0.932	0.405
LOKIASV2_3740_ESMFold_hypothetical_protein	af_Q54DP2_26_390_1.20.1070.10	af_Q54DP2_26_390_1.20.1070.10	7.111E+00	0.045	23	6	144	147	58	244	365	192	0.946	0.512
LOKIASV2_3740_ESMFold_hypothetical_protein	3ze5A00	3ze5A00	9.540E+00	0.040	22	76	143	147	44	111	115	73	0.463	0.591
LOKIASV2_3740_ESMFold_hypothetical_protein	af_M9PJS6_227_355_1.20.140.150	af_M9PJS6_227_355_1.20.140.150	8.237E+00	0.040	22	17	145	147	2	121	129	133	0.878	0.930
LOKIASV2_3740_ESMFold_hypothetical_protein	af_A0A0R0F9Y9_8_149_1.20.5.4130	af_A0A0R0F9Y9_8_149_1.20.5.4130	4.806E+00	0.040	22	26	144	147	13	121	142	125	0.810	0.768
LOKIASV2_3740_ESMFold_hypothetical_protein	af_Q8RXK7_27_187_1.20.140.40	af_Q8RXK7_27_187_1.20.140.40	7.468E+00	0.040	22	10	147	147	30	161	161	149	0.939	0.820
LOKIASV2_3740_ESMFold_hypothetical_protein	af_A5A8R3_1_166_1.20.1270.60	af_A5A8R3_1_166_1.20.1270.60	8.650E+00	0.040	22	10	147	147	43	165	166	143	0.939	0.741
LOKIASV2_3740_ESMFold_hypothetical_protein	af_P00854_92_259_1.20.120.220	af_P00854_92_259_1.20.120.220	1.990E+00	0.040	22	3	141	147	11	164	168	163	0.946	0.917
LOKIASV2_3740_ESMFold_hypothetical_protein	af_Q4DPJ8_5_182_1.20.1070.10	af_Q4DPJ8_5_182_1.20.1070.10	2.090E+00	0.040	22	18	141	147	2	133	178	142	0.844	0.742
LOKIASV2_3740_ESMFold_hypothetical_protein	af_Q8WXS4_7_187_1.20.140.150	af_Q8WXS4_7_187_1.20.140.150	9.084E+00	0.040	22	9	146	147	16	178	181	171	0.939	0.901
LOKIASV2_3740_ESMFold_hypothetical_protein	af_Q9CY18_179_375_1.20.1270.60	af_Q9CY18_179_375_1.20.1270.60	7.111E+00	0.040	22	2	137	147	6	148	197	145	0.925	0.726
LOKIASV2_3740_ESMFold_hypothetical_protein	af_Q559G4_11_218_1.20.1070.10	af_Q559G4_11_218_1.20.1070.10	8.650E+00	0.040	22	7	144	147	46	200	208	159	0.939	0.745
LOKIASV2_3740_ESMFold_hypothetical_protein	af_A4IBF2_204_415_1.20.1270.60	af_A4IBF2_204_415_1.20.1270.60	3.248E+00	0.040	22	11	146	147	15	166	212	153	0.925	0.717
LOKIASV2_3740_ESMFold_hypothetical_protein	af_Q9FT41_11_223_1.20.120.550	af_Q9FT41_11_223_1.20.120.550	3.762E+00	0.040	22	2	145	147	50	197	213	171	0.980	0.695
LOKIASV2_3740_ESMFold_hypothetical_protein	2d4cD00	2d4cD00	4.149E+00	0.040	22	7	145	147	18	199	217	185	0.946	0.839
LOKIASV2_3740_ESMFold_hypothetical_protein	af_Q09749_83_304_1.20.1070.10	af_Q09749_83_304_1.20.1070.10	3.762E+00	0.040	22	21	133	147	80	221	222	146	0.769	0.640
LOKIASV2_3740_ESMFold_hypothetical_protein	af_Q9DBJ3_1_229_1.20.1270.60	af_Q9DBJ3_1_229_1.20.1270.60	7.468E+00	0.040	22	4	147	147	31	191	229	165	0.980	0.703
LOKIASV2_3740_ESMFold_hypothetical_protein	4x0iD00	4x0iD00	2.090E+00	0.040	22	2	146	147	1	191	239	194	0.986	0.799
LOKIASV2_3740_ESMFold_hypothetical_protein	af_I1K6T3_4_250_1.20.1270.60	af_I1K6T3_4_250_1.20.1270.60	6.771E+00	0.040	22	11	144	147	24	179	247	163	0.912	0.632
LOKIASV2_3740_ESMFold_hypothetical_protein	af_O13818_11_265_1.20.1270.60	af_O13818_11_265_1.20.1270.60	6.447E+00	0.040	22	7	146	147	23	183	255	168	0.952	0.631
LOKIASV2_3740_ESMFold_hypothetical_protein	af_H2KZV6_2_258_1.20.1270.60	af_H2KZV6_2_258_1.20.1270.60	3.582E+00	0.040	22	7	146	147	24	185	257	169	0.952	0.630
LOKIASV2_3740_ESMFold_hypothetical_protein	af_P35352_13_272_1.20.1070.10	af_P35352_13_272_1.20.1070.10	9.084E+00	0.040	22	10	143	147	7	131	260	138	0.912	0.481
LOKIASV2_3740_ESMFold_hypothetical_protein	3o1jA00	3o1jA00	3.582E+00	0.040	22	7	146	147	88	256	273	173	0.952	0.619
LOKIASV2_3740_ESMFold_hypothetical_protein	af_Q22246_26_308_1.20.1070.10	af_Q22246_26_308_1.20.1070.10	1.412E+00	0.040	22	7	145	147	11	141	283	158	0.946	0.463
LOKIASV2_3740_ESMFold_hypothetical_protein	af_P40531_7_297_1.20.1270.60	af_P40531_7_297_1.20.1270.60	3.582E+00	0.040	22	21	146	147	129	254	291	133	0.857	0.433
LOKIASV2_3740_ESMFold_hypothetical_protein	af_Q9XW96_22_330_1.20.1070.10	af_Q9XW96_22_330_1.20.1070.10	5.047E+00	0.040	22	1	143	147	5	147	309	158	0.973	0.463
LOKIASV2_3740_ESMFold_hypothetical_protein	af_O16955_21_358_1.20.1070.10	af_O16955_21_358_1.20.1070.10	7.468E+00	0.040	22	2	143	147	3	144	338	167	0.966	0.420
LOKIASV2_3740_ESMFold_hypothetical_protein	af_B1NYI2_20_362_1.20.1070.10	af_B1NYI2_20_362_1.20.1070.10	9.540E+00	0.040	22	1	145	147	1	150	343	159	0.986	0.437
LOKIASV2_3740_ESMFold_hypothetical_protein	af_Q23650_1_353_1.20.1070.10	af_Q23650_1_353_1.20.1070.10	5.566E+00	0.040	22	2	139	147	8	153	353	154	0.939	0.414
LOKIASV2_3740_ESMFold_hypothetical_protein	af_Q2QLQ4_8_114_1.20.1280.290	af_Q2QLQ4_8_114_1.20.1280.290	6.771E+00	0.034	21	13	134	147	2	106	107	122	0.830	0.981
LOKIASV2_3740_ESMFold_hypothetical_protein	af_Q4D2X9_251_372_1.20.120.1780	af_Q4D2X9_251_372_1.20.120.1780	8.237E+00	0.034	21	7	134	147	2	116	122	130	0.871	0.943
LOKIASV2_3740_ESMFold_hypothetical_protein	af_Q5U117_501_628_1.20.140.10	af_Q5U117_501_628_1.20.140.10	5.846E+00	0.034	21	7	146	147	11	102	128	140	0.952	0.719
LOKIASV2_3740_ESMFold_hypothetical_protein	af_Q20526_20_156_1.20.140.150	af_Q20526_20_156_1.20.140.150	5.566E+00	0.034	21	17	133	147	2	136	137	145	0.796	0.985
LOKIASV2_3740_ESMFold_hypothetical_protein	af_A8DY57_1_142_1.20.140.150	af_A8DY57_1_142_1.20.140.150	9.540E+00	0.034	21	21	145	147	13	120	142	126	0.850	0.761
LOKIASV2_3740_ESMFold_hypothetical_protein	af_P34360_11_169_1.20.140.150	af_P34360_11_169_1.20.140.150	9.084E+00	0.034	21	10	146	147	3	132	159	145	0.932	0.818
LOKIASV2_3740_ESMFold_hypothetical_protein	af_Q8CE50_240_432_1.20.1270.60	af_Q8CE50_240_432_1.20.1270.60	4.149E+00	0.034	21	1	145	147	1	187	193	188	0.986	0.969
LOKIASV2_3740_ESMFold_hypothetical_protein	af_E9Q9H8_9_204_1.20.140.150	af_E9Q9H8_9_204_1.20.140.150	9.540E+00	0.034	21	10	146	147	3	180	196	183	0.932	0.908
LOKIASV2_3740_ESMFold_hypothetical_protein	af_K7MXI5_27_242_1.20.1270.60	af_K7MXI5_27_242_1.20.1270.60	5.047E+00	0.034	21	6	141	147	14	166	216	160	0.925	0.708
LOKIASV2_3740_ESMFold_hypothetical_protein	af_Q9VFG7_111_330_1.20.1070.10	af_Q9VFG7_111_330_1.20.1070.10	6.771E+00	0.034	21	17	143	147	5	143	220	144	0.864	0.632
LOKIASV2_3740_ESMFold_hypothetical_protein	af_Q6DC77_44_286_1.20.1070.10	af_Q6DC77_44_286_1.20.1070.10	5.846E+00	0.034	21	21	145	147	5	169	243	175	0.850	0.679
LOKIASV2_3740_ESMFold_hypothetical_protein	af_Q59VZ4_30_280_1.20.1070.10	af_Q59VZ4_30_280_1.20.1070.10	5.300E+00	0.034	21	1	147	147	5	178	251	194	1.000	0.693
LOKIASV2_3740_ESMFold_hypothetical_protein	af_A0A0R4IAC2_1_252_1.20.1270.60	af_A0A0R4IAC2_1_252_1.20.1270.60	7.468E+00	0.034	21	6	145	147	36	175	252	152	0.952	0.556
LOKIASV2_3740_ESMFold_hypothetical_protein	af_Q22929_50_316_1.20.1070.10	af_Q22929_50_316_1.20.1070.10	9.084E+00	0.034	21	7	143	147	8	139	267	146	0.932	0.494
LOKIASV2_3740_ESMFold_hypothetical_protein	af_A0A0R4IM47_32_299_1.20.1270.60	af_A0A0R4IM47_32_299_1.20.1270.60	3.092E+00	0.034	21	11	146	147	26	195	268	179	0.925	0.634
LOKIASV2_3740_ESMFold_hypothetical_protein	af_P18106_1_274_1.20.1270.60	af_P18106_1_274_1.20.1270.60	5.566E+00	0.034	21	4	144	147	24	200	274	179	0.959	0.646
LOKIASV2_3740_ESMFold_hypothetical_protein	af_Q9UAR1_1_276_1.20.1070.10	af_Q9UAR1_1_276_1.20.1070.10	7.843E+00	0.034	21	7	143	147	2	138	276	153	0.932	0.496
LOKIASV2_3740_ESMFold_hypothetical_protein	af_Q18551_2_290_1.20.1070.10	af_Q18551_2_290_1.20.1070.10	7.843E+00	0.034	21	7	137	147	6	140	289	147	0.891	0.467
LOKIASV2_3740_ESMFold_hypothetical_protein	af_P46567_18_314_1.20.1070.10	af_P46567_18_314_1.20.1070.10	6.771E+00	0.034	21	4	130	147	17	151	297	150	0.864	0.455
LOKIASV2_3740_ESMFold_hypothetical_protein	af_F1QIM2_4_316_1.20.1070.10	af_F1QIM2_4_316_1.20.1070.10	4.149E+00	0.034	21	5	145	147	11	156	313	165	0.959	0.466
LOKIASV2_3740_ESMFold_hypothetical_protein	af_D3Z8C2_38_363_1.20.1070.10	af_D3Z8C2_38_363_1.20.1070.10	8.237E+00	0.034	21	10	146	147	6	144	326	152	0.932	0.426
LOKIASV2_3740_ESMFold_hypothetical_protein	af_Q20411_3_332_1.20.1070.10	af_Q20411_3_332_1.20.1070.10	9.084E+00	0.034	21	1	143	147	8	157	330	157	0.973	0.455
LOKIASV2_3740_ESMFold_hypothetical_protein	af_A3QMB0_1_341_1.20.1070.10	af_A3QMB0_1_341_1.20.1070.10	4.806E+00	0.034	21	3	144	147	22	156	341	157	0.966	0.396
LOKIASV2_3740_ESMFold_hypothetical_protein	af_A0A2R8QNI4_62_406_1.20.1070.10	af_A0A2R8QNI4_62_406_1.20.1070.10	6.139E+00	0.034	21	10	145	147	8	145	345	156	0.925	0.400
LOKIASV2_3740_ESMFold_hypothetical_protein	af_I1J8R3_4_128_1.20.5.4130	af_I1J8R3_4_128_1.20.5.4130	9.084E+00	0.029	20	28	144	147	2	119	125	127	0.796	0.944
LOKIASV2_3740_ESMFold_hypothetical_protein	af_M9MSL9_1_154_1.20.140.150	af_M9MSL9_1_154_1.20.140.150	5.566E+00	0.029	20	11	145	147	10	140	154	149	0.918	0.851
LOKIASV2_3740_ESMFold_hypothetical_protein	3dytA02	3dytA02	6.139E+00	0.029	20	2	146	147	10	173	185	174	0.986	0.886
LOKIASV2_3740_ESMFold_hypothetical_protein	af_I1KZ04_198_383_1.20.120.1770	af_I1KZ04_198_383_1.20.120.1770	3.951E+00	0.029	20	7	145	147	9	175	186	175	0.946	0.898
LOKIASV2_3740_ESMFold_hypothetical_protein	2xs1A03	2xs1A03	5.300E+00	0.029	20	2	135	147	26	188	189	166	0.912	0.862
LOKIASV2_3740_ESMFold_hypothetical_protein	af_I1N1W5_186_378_1.20.120.1770	af_I1N1W5_186_378_1.20.120.1770	5.846E+00	0.029	20	1	145	147	13	182	193	181	0.986	0.881
LOKIASV2_3740_ESMFold_hypothetical_protein	af_Q54F08_17_217_1.20.140.150	af_Q54F08_17_217_1.20.140.150	5.300E+00	0.029	20	14	147	147	5	201	201	204	0.912	0.980
LOKIASV2_3740_ESMFold_hypothetical_protein	1qu7B00	1qu7B00	6.447E+00	0.029	20	6	144	147	55	178	221	140	0.946	0.561
LOKIASV2_3740_ESMFold_hypothetical_protein	af_A0A1D6GWG1_119_381_1.20.1170.10	af_A0A1D6GWG1_119_381_1.20.1170.10	6.139E+00	0.029	20	53	146	147	171	260	263	102	0.639	0.342
LOKIASV2_3740_ESMFold_hypothetical_protein	af_Q6BES6_30_331_1.20.1070.10	af_Q6BES6_30_331_1.20.1070.10	5.566E+00	0.029	20	11	136	147	12	151	302	146	0.857	0.464
LOKIASV2_3740_ESMFold_hypothetical_protein	af_P02942_216_518_1.10.287.950	af_P02942_216_518_1.10.287.950	8.650E+00	0.029	20	6	147	147	139	301	303	166	0.966	0.538
LOKIASV2_3740_ESMFold_hypothetical_protein	af_P34490_5_317_1.20.1070.10	af_P34490_5_317_1.20.1070.10	9.084E+00	0.029	20	6	147	147	10	150	313	159	0.966	0.450
LOKIASV2_3740_ESMFold_hypothetical_protein	af_G5EG36_4_318_1.20.1070.10	af_G5EG36_4_318_1.20.1070.10	7.843E+00	0.029	20	7	145	147	3	141	315	160	0.946	0.441
LOKIASV2_3740_ESMFold_hypothetical_protein	af_D4AEL4_109_948_1.20.1560.10	af_D4AEL4_109_948_1.20.1560.10	6.139E+00	0.029	20	3	145	147	88	245	840	160	0.973	0.188
LOKIASV2_3740_ESMFold_hypothetical_protein	af_Q9ZT73_453_564_1.20.58.390	af_Q9ZT73_453_564_1.20.58.390	4.357E+00	0.024	19	18	141	147	8	111	112	137	0.844	0.929
LOKIASV2_3740_ESMFold_hypothetical_protein	af_Q566D0_1_116_1.20.140.150	af_Q566D0_1_116_1.20.140.150	6.447E+00	0.024	19	11	116	147	12	113	116	114	0.721	0.879
LOKIASV2_3740_ESMFold_hypothetical_protein	3kyiA00	3kyiA00	6.447E+00	0.024	19	15	132	147	2	124	127	137	0.803	0.969
LOKIASV2_3740_ESMFold_hypothetical_protein	af_F0JAT1_1_141_1.20.120.350	af_F0JAT1_1_141_1.20.120.350	5.566E+00	0.024	19	7	142	147	6	134	141	151	0.925	0.915
LOKIASV2_3740_ESMFold_hypothetical_protein	af_P20490_52_195_1.20.140.150	af_P20490_52_195_1.20.140.150	6.447E+00	0.024	19	3	137	147	2	143	144	157	0.918	0.986
LOKIASV2_3740_ESMFold_hypothetical_protein	af_G5EF57_16_196_1.20.1270.60	af_G5EF57_16_196_1.20.1270.60	3.582E+00	0.024	19	1	145	147	5	177	181	178	0.986	0.956
LOKIASV2_3740_ESMFold_hypothetical_protein	af_A0A0G2JUF2_240_424_1.20.1270.60	af_A0A0G2JUF2_240_424_1.20.1270.60	7.111E+00	0.024	19	1	147	147	1	185	185	186	1.000	1.000
LOKIASV2_3740_ESMFold_hypothetical_protein	af_Q5FVL6_9_193_1.20.140.150	af_Q5FVL6_9_193_1.20.140.150	7.111E+00	0.024	19	11	145	147	2	173	185	183	0.918	0.930
LOKIASV2_3740_ESMFold_hypothetical_protein	af_Q5JKQ9_1_195_1.20.1070.10	af_Q5JKQ9_1_195_1.20.1070.10	7.843E+00	0.024	19	9	146	147	48	183	195	160	0.939	0.697
LOKIASV2_3740_ESMFold_hypothetical_protein	af_A0A1D6PIE2_191_388_1.20.120.1770	af_A0A1D6PIE2_191_388_1.20.120.1770	7.843E+00	0.024	19	14	144	147	23	188	198	169	0.891	0.838
LOKIASV2_3740_ESMFold_hypothetical_protein	af_I1JJR6_181_383_1.20.120.1770	af_I1JJR6_181_383_1.20.120.1770	8.650E+00	0.024	19	17	146	147	29	161	203	144	0.884	0.655
LOKIASV2_3740_ESMFold_hypothetical_protein	4nqiC00	4nqiC00	5.566E+00	0.024	19	1	143	147	3	166	222	174	0.973	0.739
LOKIASV2_3740_ESMFold_hypothetical_protein	af_I1L788_5_227_1.20.1420.10	af_I1L788_5_227_1.20.1420.10	8.650E+00	0.024	19	1	146	147	31	201	223	181	0.993	0.767
LOKIASV2_3740_ESMFold_hypothetical_protein	af_Q6Z3H7_30_255_1.20.1410.10	af_Q6Z3H7_30_255_1.20.1410.10	7.468E+00	0.024	19	2	147	147	28	226	226	204	0.993	0.881
LOKIASV2_3740_ESMFold_hypothetical_protein	af_F1QAX6_1_228_1.20.1270.60	af_F1QAX6_1_228_1.20.1270.60	5.300E+00	0.024	19	2	147	147	7	190	228	198	0.993	0.807
LOKIASV2_3740_ESMFold_hypothetical_protein	af_I1J846_33_264_1.20.1270.60	af_I1J846_33_264_1.20.1270.60	6.447E+00	0.024	19	2	145	147	6	218	232	213	0.980	0.918
LOKIASV2_3740_ESMFold_hypothetical_protein	af_O14243_167_401_1.20.1270.60	af_O14243_167_401_1.20.1270.60	8.650E+00	0.024	19	3	145	147	38	226	235	189	0.973	0.804
LOKIASV2_3740_ESMFold_hypothetical_protein	af_O74870_7_247_1.20.1070.10	af_O74870_7_247_1.20.1070.10	5.566E+00	0.024	19	5	137	147	13	168	241	171	0.905	0.647
LOKIASV2_3740_ESMFold_hypothetical_protein	af_Q2FY18_5_276_1.10.3470.10	af_Q2FY18_5_276_1.10.3470.10	7.111E+00	0.024	19	1	144	147	4	205	272	206	0.980	0.743
LOKIASV2_3740_ESMFold_hypothetical_protein	af_Q8WQF6_1_287_1.20.1070.10	af_Q8WQF6_1_287_1.20.1070.10	9.540E+00	0.024	19	1	141	147	1	142	287	161	0.959	0.495
LOKIASV2_3740_ESMFold_hypothetical_protein	af_Q497Y9_40_334_1.20.1070.10	af_Q497Y9_40_334_1.20.1070.10	5.047E+00	0.024	19	8	147	147	17	203	295	197	0.952	0.634
LOKIASV2_3740_ESMFold_hypothetical_protein	af_P35411_14_312_1.20.1070.10	af_P35411_14_312_1.20.1070.10	5.047E+00	0.024	19	6	141	147	14	149	299	157	0.925	0.455
LOKIASV2_3740_ESMFold_hypothetical_protein	3zx6B00	3zx6B00	5.047E+00	0.024	19	6	144	147	140	298	303	162	0.946	0.525
LOKIASV2_3740_ESMFold_hypothetical_protein	af_O77438_205_523_1.20.1070.10	af_O77438_205_523_1.20.1070.10	6.771E+00	0.024	19	9	144	147	26	215	319	196	0.925	0.596
LOKIASV2_3740_ESMFold_hypothetical_protein	af_Q8IZ08_93_411_1.20.1070.10	af_Q8IZ08_93_411_1.20.1070.10	7.843E+00	0.024	19	1	141	147	1	149	319	160	0.959	0.467
LOKIASV2_3740_ESMFold_hypothetical_protein	af_Q09203_1_328_1.20.1070.10	af_Q09203_1_328_1.20.1070.10	9.540E+00	0.024	19	1	141	147	17	155	328	158	0.959	0.424
LOKIASV2_3740_ESMFold_hypothetical_protein	af_O44453_4_342_1.20.1070.10	af_O44453_4_342_1.20.1070.10	6.771E+00	0.024	19	4	139	147	15	159	339	152	0.925	0.428
LOKIASV2_3740_ESMFold_hypothetical_protein	af_O16474_2_347_1.20.1070.10	af_O16474_2_347_1.20.1070.10	7.843E+00	0.024	19	2	139	147	20	167	346	155	0.939	0.428
LOKIASV2_3740_ESMFold_hypothetical_protein	af_Q4V915_1_105_1.20.5.110	af_Q4V915_1_105_1.20.5.110	9.540E+00	0.020	18	1	129	147	1	103	105	129	0.878	0.981
LOKIASV2_3740_ESMFold_hypothetical_protein	af_I1N4M6_5_116_1.20.5.4130	af_I1N4M6_5_116_1.20.5.4130	8.237E+00	0.020	18	29	134	147	2	111	112	122	0.721	0.982
LOKIASV2_3740_ESMFold_hypothetical_protein	af_K7K1K9_5_121_1.20.5.4130	af_K7K1K9_5_121_1.20.5.4130	7.468E+00	0.020	18	29	146	147	2	112	117	130	0.803	0.949
LOKIASV2_3740_ESMFold_hypothetical_protein	af_Q27559_82_244_1.20.120.220	af_Q27559_82_244_1.20.120.220	3.582E+00	0.020	18	3	146	147	7	157	163	169	0.980	0.926
LOKIASV2_3740_ESMFold_hypothetical_protein	af_Q8CGS4_5_183_6.10.140.1230	af_Q8CGS4_5_183_6.10.140.1230	9.084E+00	0.020	18	14	137	147	11	123	179	129	0.844	0.631
LOKIASV2_3740_ESMFold_hypothetical_protein	af_O96186_278_457_1.20.1250.20	af_O96186_278_457_1.20.1250.20	4.357E+00	0.020	18	5	143	147	50	179	180	156	0.946	0.722
LOKIASV2_3740_ESMFold_hypothetical_protein	af_A0A0R4IUC3_81_265_1.20.58.70	af_A0A0R4IUC3_81_265_1.20.58.70	6.771E+00	0.020	18	3	143	147	17	167	185	158	0.959	0.816
LOKIASV2_3740_ESMFold_hypothetical_protein	af_Q8IED6_1_192_1.20.140.150	af_Q8IED6_1_192_1.20.140.150	5.300E+00	0.020	18	9	145	147	4	142	192	150	0.932	0.724
LOKIASV2_3740_ESMFold_hypothetical_protein	af_Q9U1V1_57_285_1.20.1070.10	af_Q9U1V1_57_285_1.20.1070.10	4.149E+00	0.020	18	21	147	147	5	127	229	138	0.864	0.537
LOKIASV2_3740_ESMFold_hypothetical_protein	af_O81797_56_285_1.20.58.70	af_O81797_56_285_1.20.58.70	9.540E+00	0.020	18	2	139	147	40	228	230	190	0.939	0.822
LOKIASV2_3740_ESMFold_hypothetical_protein	af_Q86JJ7_63_328_1.20.1270.60	af_Q86JJ7_63_328_1.20.1270.60	7.468E+00	0.020	18	2	146	147	1	198	266	202	0.986	0.744
LOKIASV2_3740_ESMFold_hypothetical_protein	af_X1WGW1_5_278_1.20.1070.10	af_X1WGW1_5_278_1.20.1070.10	9.540E+00	0.020	18	9	144	147	2	139	274	154	0.925	0.504
LOKIASV2_3740_ESMFold_hypothetical_protein	af_Q9TZM1_5_288_1.20.1070.10	af_Q9TZM1_5_288_1.20.1070.10	6.771E+00	0.020	18	4	141	147	12	149	284	158	0.939	0.486
LOKIASV2_3740_ESMFold_hypothetical_protein	af_D4ADE0_32_321_1.20.1070.10	af_D4ADE0_32_321_1.20.1070.10	6.139E+00	0.020	18	4	145	147	2	136	290	161	0.966	0.466
LOKIASV2_3740_ESMFold_hypothetical_protein	af_A1ZAX0_56_426_1.20.1070.10	af_A1ZAX0_56_426_1.20.1070.10	7.468E+00	0.020	18	11	143	147	26	161	371	155	0.905	0.367
LOKIASV2_3740_ESMFold_hypothetical_protein	2b5uC02	2b5uC02	6.447E+00	0.016	17	7	134	147	30	154	161	145	0.871	0.776
LOKIASV2_3740_ESMFold_hypothetical_protein	af_A0A2R8Q5Z1_5_176_1.20.1070.10	af_A0A2R8Q5Z1_5_176_1.20.1070.10	7.843E+00	0.016	17	16	144	147	17	164	172	158	0.878	0.860
LOKIASV2_3740_ESMFold_hypothetical_protein	af_O45678_17_211_1.20.1250.20	af_O45678_17_211_1.20.1250.20	6.771E+00	0.016	17	3	147	147	8	192	195	196	0.986	0.949
LOKIASV2_3740_ESMFold_hypothetical_protein	af_Q95XA0_44_243_1.20.1270.60	af_Q95XA0_44_243_1.20.1270.60	8.237E+00	0.016	17	15	147	147	42	168	200	148	0.905	0.635
LOKIASV2_3740_ESMFold_hypothetical_protein	af_A0A0P0YAT5_1_242_1.20.1270.60	af_A0A0P0YAT5_1_242_1.20.1270.60	4.576E+00	0.016	17	1	146	147	56	238	242	185	0.993	0.756
LOKIASV2_3740_ESMFold_hypothetical_protein	4kikA03	4kikA03	6.771E+00	0.016	17	3	147	147	56	234	252	190	0.986	0.710
LOKIASV2_3740_ESMFold_hypothetical_protein	af_O16240_2_280_1.20.1070.10	af_O16240_2_280_1.20.1070.10	8.650E+00	0.016	17	6	142	147	2	137	279	149	0.932	0.487
LOKIASV2_3740_ESMFold_hypothetical_protein	af_Q86D05_45_361_1.20.1070.10	af_Q86D05_45_361_1.20.1070.10	6.771E+00	0.016	17	9	147	147	183	307	317	148	0.946	0.394
LOKIASV2_3740_ESMFold_hypothetical_protein	af_P33311_101_434_1.20.1560.10	af_P33311_101_434_1.20.1560.10	7.111E+00	0.016	17	3	147	147	159	327	334	173	0.986	0.506
LOKIASV2_3740_ESMFold_hypothetical_protein	af_F4HW02_28_440_1.20.1740.10	af_F4HW02_28_440_1.20.1740.10	7.468E+00	0.016	17	6	141	147	88	250	413	170	0.925	0.395
LOKIASV2_3740_ESMFold_hypothetical_protein	3ze5C00	3ze5C00	7.843E+00	0.014	16	31	136	147	4	102	104	119	0.721	0.952
LOKIASV2_3740_ESMFold_hypothetical_protein	af_P45953_517_646_1.20.140.10	af_P45953_517_646_1.20.140.10	7.111E+00	0.014	16	24	145	147	19	102	130	122	0.830	0.646
LOKIASV2_3740_ESMFold_hypothetical_protein	6o0aA01	6o0aA01	9.084E+00	0.014	16	10	146	147	7	139	149	142	0.932	0.893
LOKIASV2_3740_ESMFold_hypothetical_protein	af_A0A1D6MBU0_33_185_1.20.120.520	af_A0A1D6MBU0_33_185_1.20.120.520	8.650E+00	0.014	16	1	139	147	1	152	153	165	0.946	0.993
LOKIASV2_3740_ESMFold_hypothetical_protein	af_Q494G7_34_244_1.20.1250.20	af_Q494G7_34_244_1.20.1250.20	8.650E+00	0.014	16	6	144	147	72	200	211	150	0.946	0.611
LOKIASV2_3740_ESMFold_hypothetical_protein	af_Q60748_107_390_1.20.1070.10	af_Q60748_107_390_1.20.1070.10	8.237E+00	0.014	16	9	139	147	5	134	284	150	0.891	0.458
LOKIASV2_3740_ESMFold_hypothetical_protein	af_P48974_32_339_1.20.1070.10	af_P48974_32_339_1.20.1070.10	7.843E+00	0.014	16	10	145	147	2	138	308	156	0.925	0.445
LOKIASV2_3740_ESMFold_hypothetical_protein	af_P36158_273_583_1.20.1270.60	af_P36158_273_583_1.20.1270.60	8.237E+00	0.014	16	11	146	147	94	255	311	168	0.925	0.521
LOKIASV2_3740_ESMFold_hypothetical_protein	af_Q95QY6_5_483_1.20.1250.20	af_Q95QY6_5_483_1.20.1250.20	7.468E+00	0.014	16	3	145	147	71	207	479	164	0.973	0.286
LOKIASV2_3740_ESMFold_hypothetical_protein	3pltB00	3pltB00	8.650E+00	0.011	15	28	144	147	4	140	207	146	0.796	0.662
LOKIASV2_3740_ESMFold_hypothetical_protein	af_Q9VQZ7_22_214_1.20.1250.20	af_Q9VQZ7_22_214_1.20.1250.20	9.540E+00	0.009	13	3	144	147	46	187	193	160	0.966	0.736
