LOKIASV2_1899_ESMFold_hypothetical_protein	AF-Q1LU86-F1-model_v4	AF-Q1LU86-F1-model_v4 Protein FAM92A	1.990E-08	1.000	403	1	217	218	5	216	295	217	0.995	0.719
LOKIASV2_1899_ESMFold_hypothetical_protein	AF-Q8BP22-F1-model_v4	AF-Q8BP22-F1-model_v4 Protein FAM92A	2.322E-08	1.000	400	4	218	218	75	284	355	215	0.986	0.592
LOKIASV2_1899_ESMFold_hypothetical_protein	AF-Q3SZG6-F1-model_v4	AF-Q3SZG6-F1-model_v4 Protein FAM92A	4.522E-08	1.000	389	4	217	218	6	214	288	214	0.982	0.726
LOKIASV2_1899_ESMFold_hypothetical_protein	AF-A1XBS5-F1-model_v4	AF-A1XBS5-F1-model_v4 Protein FAM92A	6.817E-08	1.000	381	4	218	218	6	215	289	215	0.986	0.727
LOKIASV2_1899_ESMFold_hypothetical_protein	AF-Q3V2J0-F1-model_v4	AF-Q3V2J0-F1-model_v4 CBY1-interacting BAR domain-containing protein 2	3.158E-08	1.000	365	6	217	218	2	212	292	216	0.972	0.723
LOKIASV2_1899_ESMFold_hypothetical_protein	AF-Q1RMK1-F1-model_v4	AF-Q1RMK1-F1-model_v4 CBY1-interacting BAR domain-containing protein 2	3.684E-08	1.000	360	6	217	218	2	212	288	216	0.972	0.733
LOKIASV2_1899_ESMFold_hypothetical_protein	AF-Q2VR06-F1-model_v4	AF-Q2VR06-F1-model_v4 Protein FAM92A-A	6.152E-08	1.000	347	6	217	218	16	215	284	212	0.972	0.704
LOKIASV2_1899_ESMFold_hypothetical_protein	AF-Q6ZTR7-F1-model_v4	AF-Q6ZTR7-F1-model_v4 CBY1-interacting BAR domain-containing protein 2	8.810E-08	1.000	342	6	217	218	2	212	304	216	0.972	0.694
LOKIASV2_1899_ESMFold_hypothetical_protein	AF-Q6GN09-F1-model_v4	AF-Q6GN09-F1-model_v4 Protein FAM92A-B	7.951E-08	1.000	321	6	217	218	16	215	285	212	0.972	0.702
LOKIASV2_1899_ESMFold_hypothetical_protein	AF-O60749-F1-model_v4	AF-O60749-F1-model_v4 Sorting nexin-2	2.361E-05	1.000	276	9	216	218	304	519	519	216	0.954	0.416
LOKIASV2_1899_ESMFold_hypothetical_protein	AF-Q2TBW7-F1-model_v4	AF-Q2TBW7-F1-model_v4 Sorting nexin-2	3.380E-05	1.000	269	9	216	218	304	519	519	216	0.954	0.416
LOKIASV2_1899_ESMFold_hypothetical_protein	AF-Q9CWK8-F1-model_v4	AF-Q9CWK8-F1-model_v4 Sorting nexin-2	3.943E-05	1.000	267	9	216	218	304	519	519	216	0.954	0.416
LOKIASV2_1899_ESMFold_hypothetical_protein	AF-P0C220-F1-model_v4	AF-P0C220-F1-model_v4 Sorting nexin-2	3.558E-05	1.000	264	9	216	218	304	523	523	220	0.954	0.421
LOKIASV2_1899_ESMFold_hypothetical_protein	AF-Q5R9A9-F1-model_v4	AF-Q5R9A9-F1-model_v4 Sorting nexin-2	3.943E-05	1.000	263	9	216	218	304	523	523	220	0.954	0.421
LOKIASV2_1899_ESMFold_hypothetical_protein	AF-Q9C865-F1-model_v4	AF-Q9C865-F1-model_v4 SH3 domain-containing protein 1	1.735E-05	1.000	257	9	218	218	45	267	439	225	0.963	0.508
LOKIASV2_1899_ESMFold_hypothetical_protein	AF-Q96P50-F1-model_v4	AF-Q96P50-F1-model_v4 Arf-GAP with coiled-coil, ANK repeat and PH domain-containing protein 3	1.566E-05	1.000	249	6	214	218	14	217	834	211	0.959	0.245
LOKIASV2_1899_ESMFold_hypothetical_protein	AF-Q9JI08-F1-model_v4	AF-Q9JI08-F1-model_v4 Bridging integrator 3	5.943E-05	1.000	247	6	218	218	19	230	253	216	0.977	0.838
LOKIASV2_1899_ESMFold_hypothetical_protein	AF-Q9VK91-F1-model_v4	AF-Q9VK91-F1-model_v4 GH04442p	1.151E-05	1.000	244	1	217	218	7	217	395	220	0.995	0.534
LOKIASV2_1899_ESMFold_hypothetical_protein	AF-Q68FW8-F1-model_v4	AF-Q68FW8-F1-model_v4 Bridging integrator 3	8.510E-05	1.000	242	6	218	218	19	229	253	215	0.977	0.834
LOKIASV2_1899_ESMFold_hypothetical_protein	AF-Q5PPZ5-F1-model_v4	AF-Q5PPZ5-F1-model_v4 Bridging integrator 3 homolog	8.510E-05	1.000	238	6	218	218	18	228	252	217	0.977	0.837
LOKIASV2_1899_ESMFold_hypothetical_protein	AF-Q9NQY0-F1-model_v4	AF-Q9NQY0-F1-model_v4 Bridging integrator 3	1.158E-04	1.000	234	6	218	218	19	230	253	216	0.977	0.838
LOKIASV2_1899_ESMFold_hypothetical_protein	AF-O08838-F1-model_v4	AF-O08838-F1-model_v4 Amphiphysin	9.925E-05	1.000	231	9	214	218	37	233	683	208	0.945	0.288
LOKIASV2_1899_ESMFold_hypothetical_protein	AF-Q9FG38-F1-model_v4	AF-Q9FG38-F1-model_v4 Sorting nexin 1	4.150E-05	1.000	230	10	213	218	188	397	402	213	0.936	0.522
LOKIASV2_1899_ESMFold_hypothetical_protein	AF-Q9FIT8-F1-model_v4	AF-Q9FIT8-F1-model_v4 ADP-ribosylation factor GTPase-activating protein AGD1	2.898E-05	1.000	230	6	214	218	11	218	828	218	0.959	0.251
LOKIASV2_1899_ESMFold_hypothetical_protein	AF-Q54XT6-F1-model_v4	AF-Q54XT6-F1-model_v4 Rho GTPase-activating protein gacR	3.943E-05	1.000	227	1	213	218	23	237	783	226	0.977	0.275
LOKIASV2_1899_ESMFold_hypothetical_protein	AF-Q9SMX5-F1-model_v4	AF-Q9SMX5-F1-model_v4 ADP-ribosylation factor GTPase-activating protein AGD4	3.051E-05	1.000	226	8	214	218	14	219	775	213	0.950	0.266
LOKIASV2_1899_ESMFold_hypothetical_protein	AF-Q8VWF1-F1-model_v4	AF-Q8VWF1-F1-model_v4 SH3 domain-containing protein 2	5.646E-05	1.000	225	9	217	218	45	267	368	225	0.959	0.606
LOKIASV2_1899_ESMFold_hypothetical_protein	AF-Q5RFP8-F1-model_v4	AF-Q5RFP8-F1-model_v4 Sorting nexin-1	2.374E-04	1.000	225	1	216	218	285	522	522	241	0.991	0.456
LOKIASV2_1899_ESMFold_hypothetical_protein	AF-Q9C6C3-F1-model_v4	AF-Q9C6C3-F1-model_v4 ADP-ribosylation factor GTPase-activating protein AGD2	4.840E-05	1.000	223	8	214	218	14	219	776	213	0.950	0.265
LOKIASV2_1899_ESMFold_hypothetical_protein	AF-Q68FR2-F1-model_v4	AF-Q68FR2-F1-model_v4 Bridging integrator 2	1.745E-04	1.000	220	11	214	218	43	237	507	205	0.936	0.385
LOKIASV2_1899_ESMFold_hypothetical_protein	AF-Q9WV80-F1-model_v4	AF-Q9WV80-F1-model_v4 Sorting nexin-1	6.621E-04	1.000	220	11	216	218	309	522	522	214	0.945	0.410
LOKIASV2_1899_ESMFold_hypothetical_protein	AF-Q9UBW5-F1-model_v4	AF-Q9UBW5-F1-model_v4 Bridging integrator 2	1.837E-04	1.000	220	10	214	218	42	237	565	206	0.940	0.347
LOKIASV2_1899_ESMFold_hypothetical_protein	AF-Q7TQF7-F1-model_v4	AF-Q7TQF7-F1-model_v4 Amphiphysin	2.142E-04	1.000	219	9	214	218	37	233	686	208	0.945	0.287
LOKIASV2_1899_ESMFold_hypothetical_protein	AF-Q75C43-F1-model_v4	AF-Q75C43-F1-model_v4 Sorting nexin-4	3.068E-04	1.000	218	10	211	218	170	409	410	240	0.927	0.585
LOKIASV2_1899_ESMFold_hypothetical_protein	AF-P49418-F1-model_v4	AF-P49418-F1-model_v4 Amphiphysin	2.142E-04	1.000	218	9	214	218	37	233	695	208	0.945	0.283
LOKIASV2_1899_ESMFold_hypothetical_protein	AF-Q6IVG4-F1-model_v4	AF-Q6IVG4-F1-model_v4 Arf-GAP with coiled-coil, ANK repeat and PH domain-containing protein 2	7.296E-05	1.000	218	6	213	218	16	218	778	210	0.954	0.261
LOKIASV2_1899_ESMFold_hypothetical_protein	AF-Q05B62-F1-model_v4	AF-Q05B62-F1-model_v4 Sorting nexin-1	6.290E-04	1.000	217	11	216	218	309	522	522	217	0.945	0.410
LOKIASV2_1899_ESMFold_hypothetical_protein	AF-P50478-F1-model_v4	AF-P50478-F1-model_v4 Amphiphysin	2.374E-04	1.000	217	9	214	218	37	233	682	208	0.945	0.289
LOKIASV2_1899_ESMFold_hypothetical_protein	AF-O97902-F1-model_v4	AF-O97902-F1-model_v4 Arf-GAP with SH3 domain, ANK repeat and PH domain-containing protein 1	3.068E-04	1.000	216	8	214	218	54	267	1129	214	0.950	0.190
LOKIASV2_1899_ESMFold_hypothetical_protein	AF-Q08DP6-F1-model_v4	AF-Q08DP6-F1-model_v4 Rho GTPase-activating protein 10	4.867E-04	1.000	215	8	214	218	19	227	785	218	0.950	0.266
LOKIASV2_1899_ESMFold_hypothetical_protein	AF-Q9ULH1-F1-model_v4	AF-Q9ULH1-F1-model_v4 Arf-GAP with SH3 domain, ANK repeat and PH domain-containing protein 1	2.769E-04	1.000	214	16	214	218	62	267	1129	206	0.913	0.182
LOKIASV2_1899_ESMFold_hypothetical_protein	AF-Q13596-F1-model_v4	AF-Q13596-F1-model_v4 Sorting nexin-1	5.393E-04	1.000	213	11	216	218	309	522	522	218	0.945	0.410
LOKIASV2_1899_ESMFold_hypothetical_protein	AF-Q5ZKL7-F1-model_v4	AF-Q5ZKL7-F1-model_v4 Bridging integrator 2	3.399E-04	1.000	212	11	216	218	41	237	476	206	0.945	0.414
LOKIASV2_1899_ESMFold_hypothetical_protein	AF-D3Z6Q9-F1-model_v4	AF-D3Z6Q9-F1-model_v4 Bridging integrator 2	2.255E-04	1.000	212	11	214	218	43	237	489	207	0.936	0.399
LOKIASV2_1899_ESMFold_hypothetical_protein	AF-Q5ZMW5-F1-model_v4	AF-Q5ZMW5-F1-model_v4 Rho GTPase-activating protein 26	4.867E-04	1.000	212	6	213	218	17	229	760	224	0.954	0.280
LOKIASV2_1899_ESMFold_hypothetical_protein	AF-Q1AAU6-F1-model_v4	AF-Q1AAU6-F1-model_v4 Arf-GAP with SH3 domain, ANK repeat and PH domain-containing protein 1	4.173E-04	1.000	210	8	214	218	54	267	1144	214	0.950	0.187
LOKIASV2_1899_ESMFold_hypothetical_protein	AF-Q8CE50-F1-model_v4	AF-Q8CE50-F1-model_v4 Sorting nexin-30	4.867E-04	1.000	209	10	218	218	241	436	437	209	0.959	0.449
LOKIASV2_1899_ESMFold_hypothetical_protein	AF-Q5FVC7-F1-model_v4	AF-Q5FVC7-F1-model_v4 Arf-GAP with coiled-coil, ANK repeat and PH domain-containing protein 2	1.045E-04	1.000	209	6	213	218	16	218	770	213	0.954	0.264
LOKIASV2_1899_ESMFold_hypothetical_protein	AF-Q4R503-F1-model_v4	AF-Q4R503-F1-model_v4 Sorting nexin-1	6.970E-04	1.000	208	11	216	218	309	522	522	218	0.945	0.410
LOKIASV2_1899_ESMFold_hypothetical_protein	AF-O43150-F1-model_v4	AF-O43150-F1-model_v4 Arf-GAP with SH3 domain, ANK repeat and PH domain-containing protein 2	5.976E-04	1.000	208	8	213	218	34	246	1006	213	0.945	0.212
LOKIASV2_1899_ESMFold_hypothetical_protein	AF-A1Z7A6-F1-model_v4	AF-A1Z7A6-F1-model_v4 ArfGAP with SH3 domain, ANK repeat and PH domain-containing protein	4.393E-04	1.000	208	8	213	218	35	247	1155	213	0.945	0.184
LOKIASV2_1899_ESMFold_hypothetical_protein	AF-O74960-F1-model_v4	AF-O74960-F1-model_v4 Probable sphingolipid long chain base-responsive protein pil1	2.035E-04	1.000	206	22	218	218	55	230	351	197	0.904	0.501
LOKIASV2_1899_ESMFold_hypothetical_protein	AF-Q7SGV1-F1-model_v4	AF-Q7SGV1-F1-model_v4 Sorting nexin-4	6.970E-04	1.000	205	10	214	218	245	486	493	243	0.940	0.491
LOKIASV2_1899_ESMFold_hypothetical_protein	AF-Q54XE8-F1-model_v4	AF-Q54XE8-F1-model_v4 Rho GTPase-activating protein gacP	1.837E-04	1.000	205	3	214	218	4	236	576	238	0.972	0.405
LOKIASV2_1899_ESMFold_hypothetical_protein	AF-Q68EM7-F1-model_v4	AF-Q68EM7-F1-model_v4 Rho GTPase-activating protein 17	1.933E-04	1.000	204	12	214	218	27	243	881	224	0.931	0.246
LOKIASV2_1899_ESMFold_hypothetical_protein	AF-Q9D8U8-F1-model_v4	AF-Q9D8U8-F1-model_v4 Sorting nexin-5	1.658E-04	1.000	203	2	215	218	185	404	404	229	0.982	0.545
LOKIASV2_1899_ESMFold_hypothetical_protein	AF-I1RXT2-F1-model_v4	AF-I1RXT2-F1-model_v4 Sorting nexin-4	8.557E-04	1.000	203	10	214	218	219	454	460	237	0.940	0.513
LOKIASV2_1899_ESMFold_hypothetical_protein	AF-P53252-F1-model_v4	AF-P53252-F1-model_v4 Sphingolipid long chain base-responsive protein PIL1	1.933E-04	1.000	202	22	218	218	55	230	339	197	0.904	0.519
LOKIASV2_1899_ESMFold_hypothetical_protein	AF-Q12230-F1-model_v4	AF-Q12230-F1-model_v4 Sphingolipid long chain base-responsive protein LSP1	2.374E-04	1.000	202	22	218	218	55	230	341	197	0.904	0.516
LOKIASV2_1899_ESMFold_hypothetical_protein	AF-Q8K2H4-F1-model_v4	AF-Q8K2H4-F1-model_v4 Arf-GAP with coiled-coil, ANK repeat and PH domain-containing protein 1	1.658E-04	1.000	202	6	214	218	16	219	740	211	0.959	0.276
LOKIASV2_1899_ESMFold_hypothetical_protein	AF-B1H267-F1-model_v4	AF-B1H267-F1-model_v4 Sorting nexin-5	1.837E-04	1.000	201	2	215	218	185	404	404	229	0.982	0.545
LOKIASV2_1899_ESMFold_hypothetical_protein	AF-Q6ZQK5-F1-model_v4	AF-Q6ZQK5-F1-model_v4 Arf-GAP with coiled-coil, ANK repeat and PH domain-containing protein 2	1.837E-04	1.000	201	6	213	218	16	218	770	213	0.954	0.264
LOKIASV2_1899_ESMFold_hypothetical_protein	AF-Q15057-F1-model_v4	AF-Q15057-F1-model_v4 Arf-GAP with coiled-coil, ANK repeat and PH domain-containing protein 2	1.933E-04	1.000	201	6	213	218	16	218	778	213	0.954	0.261
LOKIASV2_1899_ESMFold_hypothetical_protein	AF-Q8AXV0-F1-model_v4	AF-Q8AXV0-F1-model_v4 Endophilin-A2	1.212E-05	1.000	200	10	214	218	32	242	367	233	0.940	0.575
LOKIASV2_1899_ESMFold_hypothetical_protein	AF-P91124-F1-model_v4	AF-P91124-F1-model_v4 Resistance to inhibitors of cholinesterase protein 19	8.129E-04	1.000	200	1	218	218	51	268	430	222	1.000	0.507
LOKIASV2_1899_ESMFold_hypothetical_protein	AF-Q8TDY4-F1-model_v4	AF-Q8TDY4-F1-model_v4 Arf-GAP with SH3 domain, ANK repeat and PH domain-containing protein 3	2.035E-04	1.000	200	4	214	218	31	242	903	221	0.968	0.235
LOKIASV2_1899_ESMFold_hypothetical_protein	AF-Q28E02-F1-model_v4	AF-Q28E02-F1-model_v4 Sorting nexin-30	9.008E-04	1.000	199	10	218	218	250	444	446	209	0.959	0.437
LOKIASV2_1899_ESMFold_hypothetical_protein	AF-A6NI28-F1-model_v4	AF-A6NI28-F1-model_v4 Rho GTPase-activating protein 42	6.290E-04	1.000	199	6	214	218	17	227	874	225	0.959	0.241
LOKIASV2_1899_ESMFold_hypothetical_protein	AF-O35964-F1-model_v4	AF-O35964-F1-model_v4 Endophilin-A2	2.361E-05	1.000	198	10	214	218	32	242	368	230	0.940	0.573
LOKIASV2_1899_ESMFold_hypothetical_protein	AF-Q5AFE4-F1-model_v4	AF-Q5AFE4-F1-model_v4 Regulator of cytoskeleton and endocytosis RVS161	4.393E-04	1.000	196	9	217	218	28	232	264	213	0.959	0.777
LOKIASV2_1899_ESMFold_hypothetical_protein	AF-Q3ZBM5-F1-model_v4	AF-Q3ZBM5-F1-model_v4 Sorting nexin-5	2.630E-04	1.000	196	2	215	218	185	404	404	229	0.982	0.545
LOKIASV2_1899_ESMFold_hypothetical_protein	AF-A5PK26-F1-model_v4	AF-A5PK26-F1-model_v4 Arf-GAP with coiled-coil, ANK repeat and PH domain-containing protein 1	3.068E-04	1.000	194	6	214	218	16	219	745	211	0.959	0.274
LOKIASV2_1899_ESMFold_hypothetical_protein	AF-Q6CTQ0-F1-model_v4	AF-Q6CTQ0-F1-model_v4 Sorting nexin-4	1.429E-03	1.000	192	10	215	218	165	400	400	237	0.945	0.590
LOKIASV2_1899_ESMFold_hypothetical_protein	AF-Q05084-F1-model_v4	AF-Q05084-F1-model_v4 Islet cell autoantigen 1	6.290E-04	1.000	192	10	218	218	55	262	483	213	0.959	0.431
LOKIASV2_1899_ESMFold_hypothetical_protein	AF-Q9Y5X3-F1-model_v4	AF-Q9Y5X3-F1-model_v4 Sorting nexin-5	3.766E-04	1.000	191	2	215	218	185	404	404	229	0.982	0.545
LOKIASV2_1899_ESMFold_hypothetical_protein	AF-Q9UNH7-F1-model_v4	AF-Q9UNH7-F1-model_v4 Sorting nexin-6	2.142E-04	1.000	191	1	213	218	178	403	406	235	0.977	0.557
LOKIASV2_1899_ESMFold_hypothetical_protein	AF-Q62419-F1-model_v4	AF-Q62419-F1-model_v4 Endophilin-A2	2.898E-05	1.000	190	10	214	218	32	242	368	233	0.940	0.573
LOKIASV2_1899_ESMFold_hypothetical_protein	AF-Q6P8X1-F1-model_v4	AF-Q6P8X1-F1-model_v4 Sorting nexin-6	1.837E-04	1.000	190	1	213	218	178	403	406	235	0.977	0.557
LOKIASV2_1899_ESMFold_hypothetical_protein	AF-Q99962-F1-model_v4	AF-Q99962-F1-model_v4 Endophilin-A1	4.598E-05	1.000	189	10	214	218	32	242	352	234	0.940	0.599
LOKIASV2_1899_ESMFold_hypothetical_protein	AF-O14128-F1-model_v4	AF-O14128-F1-model_v4 Probable sphingolipid long chain base-responsive protein pil2	7.680E-05	1.000	189	21	218	218	53	229	383	198	0.908	0.462
LOKIASV2_1899_ESMFold_hypothetical_protein	AF-Q5REH1-F1-model_v4	AF-Q5REH1-F1-model_v4 PRKCA-binding protein	2.268E-03	1.000	189	11	218	218	149	365	415	218	0.954	0.523
LOKIASV2_1899_ESMFold_hypothetical_protein	AF-Q6Y5D8-F1-model_v4	AF-Q6Y5D8-F1-model_v4 Rho GTPase-activating protein 10	5.976E-04	1.000	189	8	214	218	19	227	786	217	0.950	0.266
LOKIASV2_1899_ESMFold_hypothetical_protein	AF-Q8AXV1-F1-model_v4	AF-Q8AXV1-F1-model_v4 Endophilin-A1	5.646E-05	1.000	188	10	213	218	32	241	353	229	0.936	0.595
LOKIASV2_1899_ESMFold_hypothetical_protein	AF-Q99N27-F1-model_v4	AF-Q99N27-F1-model_v4 Sorting nexin-1	1.051E-03	1.000	187	11	216	218	309	522	522	217	0.945	0.410
LOKIASV2_1899_ESMFold_hypothetical_protein	AF-Q9URW7-F1-model_v4	AF-Q9URW7-F1-model_v4 Vacuolar protein sorting-associated protein 17	1.219E-04	1.000	187	1	217	218	223	459	549	246	0.995	0.432
LOKIASV2_1899_ESMFold_hypothetical_protein	AF-A6ZXL6-F1-model_v4	AF-A6ZXL6-F1-model_v4 Autophagy-related protein 20	1.164E-03	1.000	187	1	215	218	353	640	640	288	0.986	0.450
LOKIASV2_1899_ESMFold_hypothetical_protein	AF-Q5ZK62-F1-model_v4	AF-Q5ZK62-F1-model_v4 Arf-GAP with coiled-coil, ANK repeat and PH domain-containing protein 2	2.374E-04	1.000	187	6	213	218	16	218	781	216	0.954	0.260
LOKIASV2_1899_ESMFold_hypothetical_protein	AF-Q6ZM89-F1-model_v4	AF-Q6ZM89-F1-model_v4 Rho GTPase-activating protein 42	4.393E-04	1.000	187	3	213	218	12	233	805	230	0.968	0.276
LOKIASV2_1899_ESMFold_hypothetical_protein	AF-Q54QF4-F1-model_v4	AF-Q54QF4-F1-model_v4 Mental retardation GTPase activating protein homolog 4	1.735E-05	1.000	186	17	217	218	15	231	909	222	0.922	0.239
LOKIASV2_1899_ESMFold_hypothetical_protein	AF-Q15027-F1-model_v4	AF-Q15027-F1-model_v4 Arf-GAP with coiled-coil, ANK repeat and PH domain-containing protein 1	3.399E-04	1.000	185	6	214	218	16	226	740	218	0.959	0.285
LOKIASV2_1899_ESMFold_hypothetical_protein	AF-A1A4S6-F1-model_v4	AF-A1A4S6-F1-model_v4 Rho GTPase-activating protein 10	6.290E-04	1.000	185	8	213	218	19	229	786	219	0.945	0.268
LOKIASV2_1899_ESMFold_hypothetical_protein	AF-Q5W7F2-F1-model_v4	AF-Q5W7F2-F1-model_v4 ADP-ribosylation factor GTPase-activating protein AGD3	2.243E-05	1.000	185	14	214	218	12	218	827	214	0.922	0.250
LOKIASV2_1899_ESMFold_hypothetical_protein	AF-Q99N37-F1-model_v4	AF-Q99N37-F1-model_v4 Rho GTPase-activating protein 17	2.035E-04	1.000	185	8	215	218	2	244	858	249	0.954	0.283
LOKIASV2_1899_ESMFold_hypothetical_protein	AF-Q5R613-F1-model_v4	AF-Q5R613-F1-model_v4 Sorting nexin-6	3.766E-04	1.000	183	1	213	218	178	403	406	235	0.977	0.557
LOKIASV2_1899_ESMFold_hypothetical_protein	AF-P97411-F1-model_v4	AF-P97411-F1-model_v4 Islet cell autoantigen 1	1.164E-03	1.000	183	10	210	218	54	253	478	205	0.922	0.418
LOKIASV2_1899_ESMFold_hypothetical_protein	AF-Q3UIA2-F1-model_v4	AF-Q3UIA2-F1-model_v4 Rho GTPase-activating protein 17	2.142E-04	1.000	183	8	214	218	2	243	846	248	0.950	0.286
LOKIASV2_1899_ESMFold_hypothetical_protein	AF-Q07528-F1-model_v4	AF-Q07528-F1-model_v4 Autophagy-related protein 20	1.667E-03	1.000	181	1	215	218	353	640	640	288	0.986	0.450
LOKIASV2_1899_ESMFold_hypothetical_protein	AF-Q7YQL6-F1-model_v4	AF-Q7YQL6-F1-model_v4 Oligophrenin-1	5.976E-04	1.000	181	6	213	218	17	233	802	226	0.954	0.271
LOKIASV2_1899_ESMFold_hypothetical_protein	AF-Q80ZJ7-F1-model_v4	AF-Q80ZJ7-F1-model_v4 Sorting nexin-32	7.723E-04	1.000	180	2	216	218	181	404	404	233	0.986	0.554
LOKIASV2_1899_ESMFold_hypothetical_protein	AF-Q3TY65-F1-model_v4	AF-Q3TY65-F1-model_v4 Islet cell autoantigen 1-like protein	1.100E-04	1.000	180	6	218	218	44	255	431	220	0.977	0.492
LOKIASV2_1899_ESMFold_hypothetical_protein	AF-Q5B797-F1-model_v4	AF-Q5B797-F1-model_v4 Sorting nexin-4	3.229E-04	1.000	179	1	214	218	211	476	487	268	0.982	0.546
LOKIASV2_1899_ESMFold_hypothetical_protein	AF-P0CR64-F1-model_v4	AF-P0CR64-F1-model_v4 Sorting nexin-41	1.106E-03	1.000	177	9	218	218	264	546	638	283	0.963	0.444
LOKIASV2_1899_ESMFold_hypothetical_protein	AF-Q8L7W0-F1-model_v4	AF-Q8L7W0-F1-model_v4 SH3 domain-containing protein 3	3.766E-04	1.000	176	16	218	218	51	275	351	231	0.931	0.641
LOKIASV2_1899_ESMFold_hypothetical_protein	AF-P47057-F1-model_v4	AF-P47057-F1-model_v4 Sorting nexin-4	6.621E-04	1.000	176	9	210	218	189	421	423	233	0.927	0.551
LOKIASV2_1899_ESMFold_hypothetical_protein	AF-P0CAX5-F1-model_v4	AF-P0CAX5-F1-model_v4 Oligophrenin-1	8.129E-04	1.000	176	6	213	218	17	233	802	227	0.954	0.271
LOKIASV2_1899_ESMFold_hypothetical_protein	AF-Q5R807-F1-model_v4	AF-Q5R807-F1-model_v4 F-BAR domain only protein 2	8.510E-05	1.000	176	11	217	218	18	247	810	233	0.950	0.284
LOKIASV2_1899_ESMFold_hypothetical_protein	AF-Q9UNA1-F1-model_v4	AF-Q9UNA1-F1-model_v4 Rho GTPase-activating protein 26	1.429E-03	1.000	176	8	214	218	19	227	814	218	0.950	0.257
LOKIASV2_1899_ESMFold_hypothetical_protein	AF-O95219-F1-model_v4	AF-O95219-F1-model_v4 Sorting nexin-4	4.196E-03	1.000	175	9	215	218	218	450	450	235	0.950	0.518
LOKIASV2_1899_ESMFold_hypothetical_protein	AF-Q5H7C3-F1-model_v4	AF-Q5H7C3-F1-model_v4 Sorting nexin-4	4.417E-03	1.000	175	9	208	218	251	498	661	248	0.917	0.375
LOKIASV2_1899_ESMFold_hypothetical_protein	AF-E7F1U2-F1-model_v4	AF-E7F1U2-F1-model_v4 Dynamin-binding protein	1.584E-03	1.000	175	11	218	218	1089	1281	1673	210	0.954	0.115
LOKIASV2_1899_ESMFold_hypothetical_protein	AF-Q2T9M1-F1-model_v4	AF-Q2T9M1-F1-model_v4 PRKCA-binding protein	5.709E-03	1.000	174	11	218	218	149	363	417	218	0.954	0.516
LOKIASV2_1899_ESMFold_hypothetical_protein	AF-Q5AD77-F1-model_v4	AF-Q5AD77-F1-model_v4 Sorting nexin-4	4.895E-03	1.000	174	13	214	218	373	624	630	252	0.927	0.400
LOKIASV2_1899_ESMFold_hypothetical_protein	AF-Q0JRZ9-F1-model_v4	AF-Q0JRZ9-F1-model_v4 F-BAR domain only protein 2	1.045E-04	1.000	174	11	217	218	18	247	810	233	0.950	0.284
LOKIASV2_1899_ESMFold_hypothetical_protein	AF-O35180-F1-model_v4	AF-O35180-F1-model_v4 Endophilin-A3	1.100E-04	1.000	173	10	218	218	32	253	347	244	0.959	0.640
LOKIASV2_1899_ESMFold_hypothetical_protein	AF-Q522W5-F1-model_v4	AF-Q522W5-F1-model_v4 Sorting nexin-4	4.895E-03	1.000	173	10	214	218	250	489	495	242	0.940	0.485
LOKIASV2_1899_ESMFold_hypothetical_protein	AF-Q62083-F1-model_v4	AF-Q62083-F1-model_v4 PRKCA-binding protein	5.423E-03	1.000	172	11	218	218	149	365	416	218	0.954	0.522
LOKIASV2_1899_ESMFold_hypothetical_protein	AF-P25343-F1-model_v4	AF-P25343-F1-model_v4 Reduced viability upon starvation protein 161	1.225E-03	1.000	171	9	217	218	28	232	265	215	0.959	0.774
LOKIASV2_1899_ESMFold_hypothetical_protein	AF-P53367-F1-model_v4	AF-P53367-F1-model_v4 Arfaptin-1	1.429E-03	1.000	171	10	217	218	157	361	373	219	0.954	0.550
LOKIASV2_1899_ESMFold_hypothetical_protein	AF-Q2UB56-F1-model_v4	AF-Q2UB56-F1-model_v4 Sorting nexin mvp1	1.667E-03	1.000	171	8	218	218	492	723	724	233	0.968	0.320
LOKIASV2_1899_ESMFold_hypothetical_protein	AF-Q9Y5X2-F1-model_v4	AF-Q9Y5X2-F1-model_v4 Sorting nexin-8	6.256E-05	1.000	168	13	213	218	213	441	465	230	0.922	0.492
LOKIASV2_1899_ESMFold_hypothetical_protein	AF-Q6AY65-F1-model_v4	AF-Q6AY65-F1-model_v4 Arfaptin-2	7.766E-03	1.000	167	16	218	218	131	329	341	207	0.931	0.584
LOKIASV2_1899_ESMFold_hypothetical_protein	AF-Q5R4C2-F1-model_v4	AF-Q5R4C2-F1-model_v4 Sorting nexin-4	7.009E-03	1.000	167	9	215	218	218	450	450	235	0.950	0.518
LOKIASV2_1899_ESMFold_hypothetical_protein	AF-Q2KHV6-F1-model_v4	AF-Q2KHV6-F1-model_v4 Sorting nexin-8	4.150E-05	1.000	167	13	212	218	208	435	459	229	0.917	0.497
LOKIASV2_1899_ESMFold_hypothetical_protein	AF-Q8CFD4-F1-model_v4	AF-Q8CFD4-F1-model_v4 Sorting nexin-8	5.363E-05	1.000	167	13	213	218	208	435	459	228	0.922	0.497
LOKIASV2_1899_ESMFold_hypothetical_protein	AF-Q4WQI6-F1-model_v4	AF-Q4WQI6-F1-model_v4 Sorting nexin-4	4.393E-04	1.000	167	1	215	218	213	483	497	273	0.986	0.545
LOKIASV2_1899_ESMFold_hypothetical_protein	AF-A7TIP6-F1-model_v4	AF-A7TIP6-F1-model_v4 Autophagy-related protein 20	2.931E-03	1.000	167	1	215	218	381	667	667	287	0.986	0.430
LOKIASV2_1899_ESMFold_hypothetical_protein	AF-Q8NDH6-F1-model_v4	AF-Q8NDH6-F1-model_v4 Islet cell autoantigen 1-like protein	5.393E-04	1.000	166	1	218	218	39	255	482	225	1.000	0.450
LOKIASV2_1899_ESMFold_hypothetical_protein	AF-Q91YJ2-F1-model_v4	AF-Q91YJ2-F1-model_v4 Sorting nexin-4	4.650E-03	1.000	165	16	215	218	221	450	450	232	0.917	0.511
LOKIASV2_1899_ESMFold_hypothetical_protein	AF-Q6C9X0-F1-model_v4	AF-Q6C9X0-F1-model_v4 Sorting nexin-41	2.513E-03	1.000	164	1	215	218	283	570	570	288	0.986	0.505
LOKIASV2_1899_ESMFold_hypothetical_protein	AF-Q6ZQ82-F1-model_v4	AF-Q6ZQ82-F1-model_v4 Rho GTPase-activating protein 26	2.645E-03	1.000	164	8	213	218	19	226	814	214	0.945	0.256
LOKIASV2_1899_ESMFold_hypothetical_protein	AF-Q99963-F1-model_v4	AF-Q99963-F1-model_v4 Endophilin-A3	2.914E-04	1.000	163	10	213	218	32	241	347	232	0.936	0.605
LOKIASV2_1899_ESMFold_hypothetical_protein	AF-P0CR65-F1-model_v4	AF-P0CR65-F1-model_v4 Sorting nexin-41	1.755E-03	1.000	163	9	218	218	264	546	638	283	0.963	0.444
LOKIASV2_1899_ESMFold_hypothetical_protein	AF-Q8R1S4-F1-model_v4	AF-Q8R1S4-F1-model_v4 Protein MTSS 1	5.943E-05	1.000	163	3	218	218	1	236	759	238	0.991	0.311
LOKIASV2_1899_ESMFold_hypothetical_protein	AF-Q9JHU5-F1-model_v4	AF-Q9JHU5-F1-model_v4 Arfaptin-1	1.667E-03	1.000	162	10	218	218	150	358	366	223	0.959	0.571
LOKIASV2_1899_ESMFold_hypothetical_protein	AF-Q6DCZ7-F1-model_v4	AF-Q6DCZ7-F1-model_v4 Formin-binding protein 1-like	9.429E-05	1.000	162	10	217	218	10	260	543	258	0.954	0.462
LOKIASV2_1899_ESMFold_hypothetical_protein	AF-O60890-F1-model_v4	AF-O60890-F1-model_v4 Oligophrenin-1	2.268E-03	1.000	162	6	213	218	17	233	802	226	0.954	0.271
LOKIASV2_1899_ESMFold_hypothetical_protein	AF-Q9C0U7-F1-model_v4	AF-Q9C0U7-F1-model_v4 Vacuolar protein sorting-associated protein vps5	2.047E-03	1.000	161	1	210	218	341	575	576	240	0.963	0.408
LOKIASV2_1899_ESMFold_hypothetical_protein	AF-Q4WZF1-F1-model_v4	AF-Q4WZF1-F1-model_v4 Sorting nexin mvp1	3.598E-03	1.000	160	8	217	218	497	727	729	232	0.963	0.317
LOKIASV2_1899_ESMFold_hypothetical_protein	AF-Q6BZE9-F1-model_v4	AF-Q6BZE9-F1-model_v4 Sorting nexin-4	3.247E-03	1.000	158	13	214	218	312	576	582	265	0.927	0.455
LOKIASV2_1899_ESMFold_hypothetical_protein	AF-O00499-F1-model_v4	AF-O00499-F1-model_v4 Myc box-dependent-interacting protein 1	8.557E-04	1.000	158	9	215	218	42	266	593	229	0.950	0.379
LOKIASV2_1899_ESMFold_hypothetical_protein	AF-Q60780-F1-model_v4	AF-Q60780-F1-model_v4 Growth arrest-specific protein 7	2.485E-05	1.000	157	29	217	218	169	398	421	230	0.867	0.546
LOKIASV2_1899_ESMFold_hypothetical_protein	AF-Q63054-F1-model_v4	AF-Q63054-F1-model_v4 Islet cell autoantigen 1	5.976E-04	1.000	157	10	210	218	54	253	480	208	0.922	0.417
LOKIASV2_1899_ESMFold_hypothetical_protein	AF-Q6GUF4-F1-model_v4	AF-Q6GUF4-F1-model_v4 Formin-binding protein 1-like	1.658E-04	1.000	157	10	217	218	10	260	550	258	0.954	0.456
LOKIASV2_1899_ESMFold_hypothetical_protein	AF-O08839-F1-model_v4	AF-O08839-F1-model_v4 Myc box-dependent-interacting protein 1	1.225E-03	1.000	157	9	215	218	42	266	588	229	0.950	0.383
LOKIASV2_1899_ESMFold_hypothetical_protein	AF-O55148-F1-model_v4	AF-O55148-F1-model_v4 Growth arrest-specific protein 7	2.243E-05	1.000	156	29	217	218	169	399	422	231	0.867	0.547
LOKIASV2_1899_ESMFold_hypothetical_protein	AF-Q75B65-F1-model_v4	AF-Q75B65-F1-model_v4 Autophagy-related protein 20	3.598E-03	1.000	155	9	215	218	302	577	577	276	0.950	0.478
LOKIASV2_1899_ESMFold_hypothetical_protein	AF-O08539-F1-model_v4	AF-O08539-F1-model_v4 Myc box-dependent-interacting protein 1	1.225E-03	1.000	155	9	215	218	42	266	588	231	0.950	0.383
LOKIASV2_1899_ESMFold_hypothetical_protein	AF-Q9NRD5-F1-model_v4	AF-Q9NRD5-F1-model_v4 PRKCA-binding protein	2.387E-03	1.000	154	16	218	218	154	363	415	215	0.931	0.506
LOKIASV2_1899_ESMFold_hypothetical_protein	AF-O22799-F1-model_v4	AF-O22799-F1-model_v4 Uncharacterized protein At2g33490	1.051E-03	1.000	154	1	213	218	14	228	623	226	0.977	0.345
LOKIASV2_1899_ESMFold_hypothetical_protein	AF-O60861-F1-model_v4	AF-O60861-F1-model_v4 Growth arrest-specific protein 7	2.616E-05	1.000	153	29	217	218	224	453	476	230	0.867	0.483
LOKIASV2_1899_ESMFold_hypothetical_protein	AF-Q9UHR4-F1-model_v4	AF-Q9UHR4-F1-model_v4 Brain-specific angiogenesis inhibitor 1-associated protein 2-like protein 1	1.051E-03	1.000	153	18	217	218	20	232	511	220	0.917	0.417
LOKIASV2_1899_ESMFold_hypothetical_protein	AF-Q8K012-F1-model_v4	AF-Q8K012-F1-model_v4 Formin-binding protein 1-like	5.943E-05	1.000	152	10	217	218	10	260	605	258	0.954	0.415
LOKIASV2_1899_ESMFold_hypothetical_protein	AF-O43312-F1-model_v4	AF-O43312-F1-model_v4 Protein MTSS 1	1.496E-04	1.000	152	7	218	218	5	232	755	231	0.972	0.302
LOKIASV2_1899_ESMFold_hypothetical_protein	AF-D3ZYR1-F1-model_v4	AF-D3ZYR1-F1-model_v4 F-BAR domain only protein 2	1.837E-04	1.000	152	11	217	218	18	247	809	235	0.950	0.284
LOKIASV2_1899_ESMFold_hypothetical_protein	AF-P40531-F1-model_v4	AF-P40531-F1-model_v4 Protein GVP36	2.513E-03	1.000	151	42	218	218	138	303	326	179	0.812	0.509
LOKIASV2_1899_ESMFold_hypothetical_protein	AF-Q6FPT9-F1-model_v4	AF-Q6FPT9-F1-model_v4 Sorting nexin-4	1.847E-03	1.000	150	4	212	218	197	429	430	237	0.959	0.542
LOKIASV2_1899_ESMFold_hypothetical_protein	AF-Q4R5U9-F1-model_v4	AF-Q4R5U9-F1-model_v4 Sorting nexin-7	6.658E-03	1.000	148	1	213	218	159	375	387	232	0.977	0.561
LOKIASV2_1899_ESMFold_hypothetical_protein	AF-A1A4L0-F1-model_v4	AF-A1A4L0-F1-model_v4 Sorting nexin-4	4.650E-03	1.000	148	17	215	218	222	450	450	231	0.913	0.509
LOKIASV2_1899_ESMFold_hypothetical_protein	AF-Q6FNH2-F1-model_v4	AF-Q6FNH2-F1-model_v4 Sorting nexin MVP1	3.598E-03	1.000	148	5	218	218	274	507	509	235	0.982	0.460
LOKIASV2_1899_ESMFold_hypothetical_protein	AF-Q86XE0-F1-model_v4	AF-Q86XE0-F1-model_v4 Sorting nexin-32	2.513E-03	1.000	146	2	215	218	180	403	403	240	0.982	0.556
LOKIASV2_1899_ESMFold_hypothetical_protein	AF-Q6RUG5-F1-model_v4	AF-Q6RUG5-F1-model_v4 Islet cell autoantigen 1-like protein	1.944E-03	1.000	146	6	216	218	44	253	435	218	0.968	0.483
LOKIASV2_1899_ESMFold_hypothetical_protein	AF-Q60437-F1-model_v4	AF-Q60437-F1-model_v4 Brain-specific angiogenesis inhibitor 1-associated protein 2	2.047E-03	1.000	144	21	210	218	24	224	521	207	0.872	0.386
LOKIASV2_1899_ESMFold_hypothetical_protein	AF-Q28GP7-F1-model_v4	AF-Q28GP7-F1-model_v4 Sorting nexin-33	3.418E-03	1.000	143	1	215	218	343	549	549	230	0.986	0.377
LOKIASV2_1899_ESMFold_hypothetical_protein	AF-E2RP94-F1-model_v4	AF-E2RP94-F1-model_v4 Dynamin-binding protein	2.931E-03	1.000	143	11	217	218	1030	1224	1583	212	0.950	0.123
LOKIASV2_1899_ESMFold_hypothetical_protein	AF-Q9TTY2-F1-model_v4	AF-Q9TTY2-F1-model_v4 Tyrosine-protein kinase Fer	1.290E-03	1.000	142	1	217	218	1	256	823	261	0.995	0.311
LOKIASV2_1899_ESMFold_hypothetical_protein	AF-Q6NRL2-F1-model_v4	AF-Q6NRL2-F1-model_v4 Sorting nexin-33	4.196E-03	1.000	141	1	215	218	344	550	550	230	0.986	0.376
LOKIASV2_1899_ESMFold_hypothetical_protein	AF-Q91ZR2-F1-model_v4	AF-Q91ZR2-F1-model_v4 Sorting nexin-18	6.325E-03	1.000	141	4	215	218	411	614	614	224	0.972	0.332
LOKIASV2_1899_ESMFold_hypothetical_protein	AF-Q9UUD0-F1-model_v4	AF-Q9UUD0-F1-model_v4 Uncharacterized protein C19C2.10	5.423E-03	1.000	140	1	218	218	1	234	501	247	1.000	0.467
LOKIASV2_1899_ESMFold_hypothetical_protein	AF-D3ZFJ3-F1-model_v4	AF-D3ZFJ3-F1-model_v4 SH3 domain-binding protein 1	3.787E-03	1.000	140	2	213	218	20	253	689	242	0.972	0.340
LOKIASV2_1899_ESMFold_hypothetical_protein	AF-P16591-F1-model_v4	AF-P16591-F1-model_v4 Tyrosine-protein kinase Fer	1.504E-03	1.000	140	1	217	218	1	256	822	261	0.995	0.311
LOKIASV2_1899_ESMFold_hypothetical_protein	AF-Q2KJB5-F1-model_v4	AF-Q2KJB5-F1-model_v4 Nostrin	3.766E-04	1.000	139	10	217	218	9	257	505	249	0.954	0.493
LOKIASV2_1899_ESMFold_hypothetical_protein	AF-Q91VH2-F1-model_v4	AF-Q91VH2-F1-model_v4 Sorting nexin-9	4.417E-03	1.000	139	4	211	218	392	591	595	220	0.954	0.336
LOKIASV2_1899_ESMFold_hypothetical_protein	AF-Q5AZC9-F1-model_v4	AF-Q5AZC9-F1-model_v4 Sorting nexin-41	1.764E-02	1.000	138	1	218	218	282	615	615	335	1.000	0.543
LOKIASV2_1899_ESMFold_hypothetical_protein	AF-P70451-F1-model_v4	AF-P70451-F1-model_v4 Tyrosine-protein kinase Fer	1.429E-03	1.000	138	1	217	218	1	256	823	261	0.995	0.311
LOKIASV2_1899_ESMFold_hypothetical_protein	AF-Q6CNX6-F1-model_v4	AF-Q6CNX6-F1-model_v4 Autophagy-related protein 20	2.527E-02	1.000	137	8	215	218	361	636	636	277	0.954	0.434
LOKIASV2_1899_ESMFold_hypothetical_protein	AF-Q05080-F1-model_v4	AF-Q05080-F1-model_v4 Cytokinesis protein 2	2.255E-04	1.000	136	19	217	218	18	258	669	241	0.913	0.360
LOKIASV2_1899_ESMFold_hypothetical_protein	AF-Q10199-F1-model_v4	AF-Q10199-F1-model_v4 Septation protein imp2	3.229E-04	1.000	136	18	217	218	30	266	670	237	0.917	0.354
LOKIASV2_1899_ESMFold_hypothetical_protein	AF-Q09746-F1-model_v4	AF-Q09746-F1-model_v4 Protein BZZ1	6.290E-04	1.000	135	12	217	218	10	269	642	260	0.945	0.405
LOKIASV2_1899_ESMFold_hypothetical_protein	AF-Q502I9-F1-model_v4	AF-Q502I9-F1-model_v4 F-BAR domain only protein 2	8.958E-05	1.000	135	18	217	218	18	247	848	231	0.917	0.271
LOKIASV2_1899_ESMFold_hypothetical_protein	AF-Q765P7-F1-model_v4	AF-Q765P7-F1-model_v4 Protein MTSS 2	3.399E-04	1.000	134	5	217	218	2	240	747	240	0.977	0.320
LOKIASV2_1899_ESMFold_hypothetical_protein	AF-Q75JD4-F1-model_v4	AF-Q75JD4-F1-model_v4 SH3 and F-BAR domain-containing protein DDB_G0271676	7.680E-05	1.000	133	18	217	218	8	255	533	251	0.917	0.465
LOKIASV2_1899_ESMFold_hypothetical_protein	AF-Q3UQN2-F1-model_v4	AF-Q3UQN2-F1-model_v4 F-BAR domain only protein 2	1.933E-04	1.000	133	18	217	218	18	247	809	231	0.917	0.284
LOKIASV2_1899_ESMFold_hypothetical_protein	AF-P09760-F1-model_v4	AF-P09760-F1-model_v4 Tyrosine-protein kinase Fer	2.513E-03	1.000	133	1	217	218	1	256	823	261	0.995	0.311
LOKIASV2_1899_ESMFold_hypothetical_protein	AF-Q8K285-F1-model_v4	AF-Q8K285-F1-model_v4 F-BAR domain only protein 1	3.399E-04	1.000	133	16	218	218	17	246	873	238	0.931	0.263
LOKIASV2_1899_ESMFold_hypothetical_protein	AF-Q6PGG2-F1-model_v4	AF-Q6PGG2-F1-model_v4 GEM-interacting protein	1.667E-03	1.000	133	12	214	218	99	328	971	230	0.931	0.237
LOKIASV2_1899_ESMFold_hypothetical_protein	AF-O94447-F1-model_v4	AF-O94447-F1-model_v4 Cytoskeletal signaling protein slm1	3.987E-03	1.000	131	12	217	218	29	262	498	234	0.945	0.470
LOKIASV2_1899_ESMFold_hypothetical_protein	AF-Q6P9S0-F1-model_v4	AF-Q6P9S0-F1-model_v4 Protein MTSS 2	4.624E-04	1.000	131	5	217	218	2	237	715	238	0.977	0.330
LOKIASV2_1899_ESMFold_hypothetical_protein	AF-Q8AXU9-F1-model_v4	AF-Q8AXU9-F1-model_v4 Endophilin-A3	5.976E-04	1.000	130	1	213	218	1	241	353	264	0.977	0.683
LOKIASV2_1899_ESMFold_hypothetical_protein	AF-Q4VAA7-F1-model_v4	AF-Q4VAA7-F1-model_v4 Sorting nexin-33	7.378E-03	1.000	129	1	215	218	368	574	574	234	0.986	0.361
LOKIASV2_1899_ESMFold_hypothetical_protein	AF-Q09822-F1-model_v4	AF-Q09822-F1-model_v4 Cell division control protein 15	1.225E-03	1.000	129	12	218	218	31	271	927	247	0.950	0.260
LOKIASV2_1899_ESMFold_hypothetical_protein	AF-Q55DK5-F1-model_v4	AF-Q55DK5-F1-model_v4 Mental retardation GTPase activating protein homolog 3	4.624E-04	1.000	129	11	217	218	17	261	1337	249	0.950	0.183
LOKIASV2_1899_ESMFold_hypothetical_protein	AF-E7FBF7-F1-model_v4	AF-E7FBF7-F1-model_v4 F-BAR domain only protein 1	7.337E-04	1.000	128	16	216	218	17	244	897	232	0.922	0.254
LOKIASV2_1899_ESMFold_hypothetical_protein	AF-Q8IVI9-F1-model_v4	AF-Q8IVI9-F1-model_v4 Nostrin	9.008E-04	1.000	127	11	217	218	10	257	506	248	0.950	0.490
LOKIASV2_1899_ESMFold_hypothetical_protein	AF-Q7SB54-F1-model_v4	AF-Q7SB54-F1-model_v4 Sorting nexin-41	3.102E-02	1.000	126	7	218	218	298	619	619	322	0.972	0.520
LOKIASV2_1899_ESMFold_hypothetical_protein	AF-Q9P107-F1-model_v4	AF-Q9P107-F1-model_v4 GEM-interacting protein	2.047E-03	1.000	126	12	213	218	95	319	970	226	0.927	0.232
LOKIASV2_1899_ESMFold_hypothetical_protein	AF-P97814-F1-model_v4	AF-P97814-F1-model_v4 Proline-serine-threonine phosphatase-interacting protein 1	5.976E-04	1.000	124	29	217	218	26	261	415	237	0.867	0.569
LOKIASV2_1899_ESMFold_hypothetical_protein	AF-O43586-F1-model_v4	AF-O43586-F1-model_v4 Proline-serine-threonine phosphatase-interacting protein 1	8.510E-05	1.000	124	15	213	218	22	239	416	219	0.913	0.524
LOKIASV2_1899_ESMFold_hypothetical_protein	AF-Q9USM8-F1-model_v4	AF-Q9USM8-F1-model_v4 Autophagy-related protein 20	2.166E-02	1.000	124	14	213	218	271	528	534	259	0.917	0.483
LOKIASV2_1899_ESMFold_hypothetical_protein	AF-Q92331-F1-model_v4	AF-Q92331-F1-model_v4 Vacuolar protein sorting-associated protein 5	7.378E-03	1.000	124	1	210	218	462	672	675	225	0.963	0.313
LOKIASV2_1899_ESMFold_hypothetical_protein	AF-Q9DBJ3-F1-model_v4	AF-Q9DBJ3-F1-model_v4 Brain-specific angiogenesis inhibitor 1-associated protein 2-like protein 1	2.387E-03	1.000	122	18	213	218	20	219	514	209	0.899	0.389
LOKIASV2_1899_ESMFold_hypothetical_protein	AF-Q55CK2-F1-model_v4	AF-Q55CK2-F1-model_v4 Mental retardation GTPase activating protein homolog 2	8.129E-04	1.000	122	12	217	218	18	282	877	265	0.945	0.302
LOKIASV2_1899_ESMFold_hypothetical_protein	AF-Q9USK0-F1-model_v4	AF-Q9USK0-F1-model_v4 Inositol-pentakisphosphate 2-kinase	3.102E-02	1.000	121	9	207	218	25	225	640	214	0.913	0.314
LOKIASV2_1899_ESMFold_hypothetical_protein	AF-Q9Y3L3-F1-model_v4	AF-Q9Y3L3-F1-model_v4 SH3 domain-binding protein 1	1.764E-02	1.000	120	47	214	218	75	254	701	189	0.771	0.257
LOKIASV2_1899_ESMFold_hypothetical_protein	AF-Q54GD0-F1-model_v4	AF-Q54GD0-F1-model_v4 Mental retardation GTPase activating protein homolog 1	9.008E-04	1.000	119	13	217	218	95	341	920	247	0.940	0.268
LOKIASV2_1899_ESMFold_hypothetical_protein	AF-Q555L8-F1-model_v4	AF-Q555L8-F1-model_v4 SH3 and F-BAR domain-containing protein DDB_G0274695	5.152E-03	1.000	118	5	217	218	16	255	389	244	0.977	0.617
LOKIASV2_1899_ESMFold_hypothetical_protein	AF-Q9Z0W5-F1-model_v4	AF-Q9Z0W5-F1-model_v4 Protein kinase C and casein kinase substrate in neurons protein 1	4.393E-04	1.000	118	18	217	218	22	277	441	256	0.917	0.580
LOKIASV2_1899_ESMFold_hypothetical_protein	AF-O14526-F1-model_v4	AF-O14526-F1-model_v4 F-BAR domain only protein 1	2.374E-04	1.000	117	18	217	218	16	245	889	238	0.917	0.259
LOKIASV2_1899_ESMFold_hypothetical_protein	AF-A0A098DRQ4-F1-model_v4	AF-A0A098DRQ4-F1-model_v4 Autophagy-related protein 20	3.102E-02	1.000	116	12	218	218	297	617	617	324	0.950	0.520
LOKIASV2_1899_ESMFold_hypothetical_protein	AF-Q19253-F1-model_v4	AF-Q19253-F1-model_v4 Transducer of Cdc42-dependent actin assembly protein 1 homolog	1.837E-04	1.000	115	10	211	218	9	236	592	228	0.927	0.385
LOKIASV2_1899_ESMFold_hypothetical_protein	AF-Q3ZCL5-F1-model_v4	AF-Q3ZCL5-F1-model_v4 Arfaptin-2	7.009E-03	1.000	114	4	216	218	133	328	341	218	0.977	0.575
LOKIASV2_1899_ESMFold_hypothetical_protein	AF-Q759T1-F1-model_v4	AF-Q759T1-F1-model_v4 Sorting nexin-41	1.056E-02	1.000	114	17	217	218	298	603	603	306	0.922	0.507
LOKIASV2_1899_ESMFold_hypothetical_protein	AF-Q9XXH8-F1-model_v4	AF-Q9XXH8-F1-model_v4 Arf-GAP with ANK repeat and PH domain-containing protein cnt-1	1.056E-02	1.000	114	4	213	218	33	231	826	215	0.963	0.241
LOKIASV2_1899_ESMFold_hypothetical_protein	AF-O14243-F1-model_v4	AF-O14243-F1-model_v4 Sorting nexin-4	7.009E-03	1.000	113	4	214	218	155	398	401	252	0.968	0.608
LOKIASV2_1899_ESMFold_hypothetical_protein	AF-Q7SB97-F1-model_v4	AF-Q7SB97-F1-model_v4 Sorting nexin mvp1	1.232E-02	1.000	113	4	218	218	561	789	790	233	0.986	0.290
LOKIASV2_1899_ESMFold_hypothetical_protein	AF-X2JAU8-F1-model_v4	AF-X2JAU8-F1-model_v4 Protein nervous wreck	1.051E-03	1.000	113	1	217	218	7	286	1075	283	0.995	0.260
LOKIASV2_1899_ESMFold_hypothetical_protein	AF-P34445-F1-model_v4	AF-P34445-F1-model_v4 Uncharacterized protein F54C8.7	3.247E-03	1.000	112	17	218	218	95	299	307	217	0.927	0.668
LOKIASV2_1899_ESMFold_hypothetical_protein	AF-O43295-F1-model_v4	AF-O43295-F1-model_v4 SLIT-ROBO Rho GTPase-activating protein 3	3.247E-03	1.000	112	5	217	218	11	311	1099	301	0.977	0.274
LOKIASV2_1899_ESMFold_hypothetical_protein	AF-Q6WKZ7-F1-model_v4	AF-Q6WKZ7-F1-model_v4 Nostrin	1.584E-03	1.000	110	2	213	218	8	235	506	231	0.972	0.451
LOKIASV2_1899_ESMFold_hypothetical_protein	AF-Q5I0D6-F1-model_v4	AF-Q5I0D6-F1-model_v4 Nostrin	1.667E-03	1.000	109	2	213	218	8	235	502	231	0.972	0.454
LOKIASV2_1899_ESMFold_hypothetical_protein	AF-P38339-F1-model_v4	AF-P38339-F1-model_v4 RHO GTPase-activating protein RGD1	4.417E-03	1.000	109	18	217	218	45	279	666	239	0.917	0.353
LOKIASV2_1899_ESMFold_hypothetical_protein	AF-Q6BHN9-F1-model_v4	AF-Q6BHN9-F1-model_v4 Sorting nexin-41	1.239E-01	1.000	109	12	215	218	376	670	670	298	0.936	0.440
LOKIASV2_1899_ESMFold_hypothetical_protein	AF-O43059-F1-model_v4	AF-O43059-F1-model_v4 Cytoskeletal protein syp1	7.419E-02	1.000	109	12	214	218	20	221	818	214	0.931	0.247
LOKIASV2_1899_ESMFold_hypothetical_protein	AF-Q6XZF7-F1-model_v4	AF-Q6XZF7-F1-model_v4 Dynamin-binding protein	2.513E-03	1.000	108	1	217	218	992	1217	1577	248	0.995	0.143
LOKIASV2_1899_ESMFold_hypothetical_protein	AF-Q8K221-F1-model_v4	AF-Q8K221-F1-model_v4 Arfaptin-2	1.232E-02	1.000	105	4	218	218	133	328	341	219	0.986	0.575
LOKIASV2_1899_ESMFold_hypothetical_protein	AF-P53365-F1-model_v4	AF-P53365-F1-model_v4 Arfaptin-2	1.171E-02	1.000	105	4	217	218	133	329	341	219	0.982	0.578
LOKIASV2_1899_ESMFold_hypothetical_protein	AF-Q6ZT62-F1-model_v4	AF-Q6ZT62-F1-model_v4 Bargin	1.513E-02	1.000	105	21	214	218	39	262	677	236	0.890	0.331
LOKIASV2_1899_ESMFold_hypothetical_protein	AF-Q6CWX3-F1-model_v4	AF-Q6CWX3-F1-model_v4 Sorting nexin-41	7.419E-02	1.000	103	3	215	218	274	575	575	303	0.977	0.525
LOKIASV2_1899_ESMFold_hypothetical_protein	AF-Q04053-F1-model_v4	AF-Q04053-F1-model_v4 Sorting nexin-41	1.009E-01	1.000	103	8	214	218	307	623	625	318	0.950	0.507
LOKIASV2_1899_ESMFold_hypothetical_protein	AF-Q9WVE8-F1-model_v4	AF-Q9WVE8-F1-model_v4 Protein kinase C and casein kinase substrate in neurons protein 2	2.630E-04	1.000	100	18	217	218	24	257	486	236	0.917	0.481
LOKIASV2_1899_ESMFold_hypothetical_protein	AF-P40959-F1-model_v4	AF-P40959-F1-model_v4 Sorting nexin MVP1	2.660E-02	1.000	100	5	218	218	283	509	511	232	0.982	0.444
LOKIASV2_1899_ESMFold_hypothetical_protein	AF-Q59TN9-F1-model_v4	AF-Q59TN9-F1-model_v4 Autophagy-related protein 20	1.239E-01	1.000	100	22	215	218	439	731	731	296	0.890	0.401
LOKIASV2_1899_ESMFold_hypothetical_protein	AF-Q8I4E2-F1-model_v4	AF-Q8I4E2-F1-model_v4 Sorting nexin lst-4	3.102E-02	0.999	99	5	212	218	378	565	566	215	0.954	0.332
LOKIASV2_1899_ESMFold_hypothetical_protein	AF-Q9H939-F1-model_v4	AF-Q9H939-F1-model_v4 Proline-serine-threonine phosphatase-interacting protein 2	2.154E-03	0.999	98	15	214	218	21	240	334	221	0.917	0.659
LOKIASV2_1899_ESMFold_hypothetical_protein	AF-Q99M15-F1-model_v4	AF-Q99M15-F1-model_v4 Proline-serine-threonine phosphatase-interacting protein 2	3.418E-03	0.999	98	15	214	218	21	240	334	220	0.917	0.659
LOKIASV2_1899_ESMFold_hypothetical_protein	AF-Q9UKS6-F1-model_v4	AF-Q9UKS6-F1-model_v4 Protein kinase C and casein kinase substrate in neurons protein 3	4.624E-04	0.999	98	17	218	218	21	259	424	240	0.927	0.564
LOKIASV2_1899_ESMFold_hypothetical_protein	AF-O94466-F1-model_v4	AF-O94466-F1-model_v4 Probable Rho-GTPase-activating protein 7	7.766E-03	0.999	97	13	218	218	50	305	695	263	0.945	0.368
LOKIASV2_1899_ESMFold_hypothetical_protein	AF-Q91Z69-F1-model_v4	AF-Q91Z69-F1-model_v4 SLIT-ROBO Rho GTPase-activating protein 1	9.058E-03	0.999	97	4	217	218	21	311	1062	291	0.982	0.274
LOKIASV2_1899_ESMFold_hypothetical_protein	AF-P18106-F1-model_v4	AF-P18106-F1-model_v4 Tyrosine-protein kinase Fer	2.047E-03	0.999	97	28	217	218	16	261	1325	247	0.872	0.186
LOKIASV2_1899_ESMFold_hypothetical_protein	AF-O60107-F1-model_v4	AF-O60107-F1-model_v4 Sorting nexin-41	2.963E-01	0.999	96	1	213	218	234	582	586	352	0.977	0.596
LOKIASV2_1899_ESMFold_hypothetical_protein	AF-P37683-F1-model_v4	AF-P37683-F1-model_v4 Inner membrane protein YiaV	6.396E-01	0.998	94	87	201	218	104	220	378	118	0.528	0.310
LOKIASV2_1899_ESMFold_hypothetical_protein	AF-Q9DDA9-F1-model_v4	AF-Q9DDA9-F1-model_v4 Protein kinase C and casein kinase substrate in neurons protein 2	4.624E-04	0.998	94	18	217	218	24	257	477	235	0.917	0.491
LOKIASV2_1899_ESMFold_hypothetical_protein	AF-Q9UNF0-F1-model_v4	AF-Q9UNF0-F1-model_v4 Protein kinase C and casein kinase substrate in neurons protein 2	5.677E-04	0.998	94	18	217	218	24	257	486	236	0.917	0.481
LOKIASV2_1899_ESMFold_hypothetical_protein	AF-Q9QY17-F1-model_v4	AF-Q9QY17-F1-model_v4 Protein kinase C and casein kinase substrate in neurons 2 protein	6.290E-04	0.998	93	18	214	218	24	253	488	231	0.904	0.471
LOKIASV2_1899_ESMFold_hypothetical_protein	AF-P0DMP2-F1-model_v4	AF-P0DMP2-F1-model_v4 SLIT-ROBO Rho GTPase-activating protein 2B	1.944E-03	0.997	92	5	217	218	11	321	458	311	0.977	0.679
LOKIASV2_1899_ESMFold_hypothetical_protein	AF-P14238-F1-model_v4	AF-P14238-F1-model_v4 Tyrosine-protein kinase Fes/Fps	2.513E-03	0.997	91	9	211	218	11	227	820	227	0.931	0.265
LOKIASV2_1899_ESMFold_hypothetical_protein	AF-Q7Z6B7-F1-model_v4	AF-Q7Z6B7-F1-model_v4 SLIT-ROBO Rho GTPase-activating protein 1	1.513E-02	0.996	90	4	217	218	21	311	1085	291	0.982	0.268
LOKIASV2_1899_ESMFold_hypothetical_protein	AF-D4A208-F1-model_v4	AF-D4A208-F1-model_v4 SLIT-ROBO Rho GTPase-activating protein 2	2.280E-02	0.996	89	5	217	218	11	322	1071	312	0.977	0.291
LOKIASV2_1899_ESMFold_hypothetical_protein	AF-O13154-F1-model_v4	AF-O13154-F1-model_v4 Protein kinase C and casein kinase substrate in neurons protein 2	1.106E-03	0.994	87	18	217	218	24	257	448	235	0.917	0.522
LOKIASV2_1899_ESMFold_hypothetical_protein	AF-P0DJJ0-F1-model_v4	AF-P0DJJ0-F1-model_v4 SLIT-ROBO Rho GTPase-activating protein 2C	3.787E-03	0.994	87	5	217	218	11	322	459	312	0.977	0.680
LOKIASV2_1899_ESMFold_hypothetical_protein	AF-Q99LH9-F1-model_v4	AF-Q99LH9-F1-model_v4 SH3 domain-binding protein 5-like	8.220E-02	0.993	86	34	213	218	61	248	392	194	0.826	0.480
LOKIASV2_1899_ESMFold_hypothetical_protein	AF-Q7L8J4-F1-model_v4	AF-Q7L8J4-F1-model_v4 SH3 domain-binding protein 5-like	9.108E-02	0.992	85	34	213	218	61	248	393	194	0.826	0.478
LOKIASV2_1899_ESMFold_hypothetical_protein	AF-Q4PHC3-F1-model_v4	AF-Q4PHC3-F1-model_v4 Sorting nexin MVP1	1.365E-02	0.992	85	4	213	218	455	673	683	226	0.963	0.321
LOKIASV2_1899_ESMFold_hypothetical_protein	AF-P16879-F1-model_v4	AF-P16879-F1-model_v4 Tyrosine-protein kinase Fes/Fps	5.152E-03	0.992	85	28	211	218	16	229	822	217	0.844	0.260
LOKIASV2_1899_ESMFold_hypothetical_protein	AF-A4IH82-F1-model_v4	AF-A4IH82-F1-model_v4 SH3 domain-binding protein 5-like	2.293E-01	0.988	82	34	214	218	62	243	373	188	0.830	0.488
LOKIASV2_1899_ESMFold_hypothetical_protein	AF-Q0V8K7-F1-model_v4	AF-Q0V8K7-F1-model_v4 SH3 domain-binding protein 5-like	1.239E-01	0.988	82	34	213	218	61	248	385	194	0.826	0.488
LOKIASV2_1899_ESMFold_hypothetical_protein	AF-Q04934-F1-model_v4	AF-Q04934-F1-model_v4 Protein IVY1	4.676E-02	0.988	82	18	216	218	105	308	453	218	0.913	0.450
LOKIASV2_1899_ESMFold_hypothetical_protein	AF-Q5R9X9-F1-model_v4	AF-Q5R9X9-F1-model_v4 SH3 domain-binding protein 5-like	1.009E-01	0.984	80	34	213	218	61	248	393	199	0.826	0.478
LOKIASV2_1899_ESMFold_hypothetical_protein	AF-P07332-F1-model_v4	AF-P07332-F1-model_v4 Tyrosine-protein kinase Fes/Fps	9.058E-03	0.984	80	22	211	218	4	229	822	229	0.872	0.275
LOKIASV2_1899_ESMFold_hypothetical_protein	AF-O75044-F1-model_v4	AF-O75044-F1-model_v4 SLIT-ROBO Rho GTPase-activating protein 2	1.056E-02	0.981	79	5	217	218	11	322	1071	312	0.977	0.291
LOKIASV2_1899_ESMFold_hypothetical_protein	AF-Q91Z67-F1-model_v4	AF-Q91Z67-F1-model_v4 SLIT-ROBO Rho GTPase-activating protein 2	1.171E-02	0.975	77	5	217	218	11	322	1071	312	0.977	0.291
LOKIASV2_1899_ESMFold_hypothetical_protein	AF-O67453-F1-model_v4	AF-O67453-F1-model_v4 Uncharacterized protein aq_1476	1.239E-01	0.967	75	35	214	218	2	166	180	184	0.826	0.917
LOKIASV2_1899_ESMFold_hypothetical_protein	AF-P26761-F1-model_v4	AF-P26761-F1-model_v4 RTX-I toxin determinant D	1.124E+00	0.949	72	75	214	218	186	319	477	141	0.642	0.281
LOKIASV2_1899_ESMFold_hypothetical_protein	AF-P0AFV0-F1-model_v4	AF-P0AFV0-F1-model_v4 Inner membrane protein YibH	1.530E+00	0.941	71	87	204	218	104	217	378	118	0.541	0.302
LOKIASV2_1899_ESMFold_hypothetical_protein	AF-P09986-F1-model_v4	AF-P09986-F1-model_v4 Hemolysin secretion protein D, chromosomal	7.087E-01	0.941	71	36	214	218	137	320	478	190	0.821	0.385
LOKIASV2_1899_ESMFold_hypothetical_protein	AF-P15276-F1-model_v4	AF-P15276-F1-model_v4 Transcriptional regulatory protein AlgP	5.210E-01	0.933	70	67	218	218	12	140	352	152	0.697	0.366
LOKIASV2_1899_ESMFold_hypothetical_protein	AF-O60239-F1-model_v4	AF-O60239-F1-model_v4 SH3 domain-binding protein 5	1.868E-01	0.933	70	29	214	218	45	235	455	200	0.853	0.420
LOKIASV2_1899_ESMFold_hypothetical_protein	AF-P06739-F1-model_v4	AF-P06739-F1-model_v4 Hemolysin secretion protein D, plasmid	7.853E-01	0.933	70	36	214	218	137	320	478	190	0.821	0.385
LOKIASV2_1899_ESMFold_hypothetical_protein	AF-Q9UZC8-F1-model_v4	AF-Q9UZC8-F1-model_v4 DNA double-strand break repair Rad50 ATPase	9.588E-02	0.923	69	4	212	218	302	542	880	247	0.959	0.274
LOKIASV2_1899_ESMFold_hypothetical_protein	AF-P0AFV1-F1-model_v4	AF-P0AFV1-F1-model_v4 Inner membrane protein YibH	2.980E+00	0.900	67	87	201	218	104	220	378	122	0.528	0.310
LOKIASV2_1899_ESMFold_hypothetical_protein	AF-Q8K1N2-F1-model_v4	AF-Q8K1N2-F1-model_v4 Pleckstrin homology-like domain family B member 2	1.601E-01	0.900	67	9	214	218	584	760	1249	209	0.945	0.142
LOKIASV2_1899_ESMFold_hypothetical_protein	AF-Q86SQ0-F1-model_v4	AF-Q86SQ0-F1-model_v4 Pleckstrin homology-like domain family B member 2	1.601E-01	0.887	66	1	214	218	576	764	1253	221	0.982	0.151
LOKIASV2_1899_ESMFold_hypothetical_protein	AF-P58301-F1-model_v4	AF-P58301-F1-model_v4 DNA double-strand break repair Rad50 ATPase	1.686E-01	0.872	65	6	213	218	306	542	882	242	0.954	0.269
LOKIASV2_1899_ESMFold_hypothetical_protein	AF-P13799-F1-model_v4	AF-P13799-F1-model_v4 Signal transduction histidine-protein kinase/phosphatase DegS	7.853E-01	0.855	64	37	212	218	9	153	385	176	0.807	0.377
LOKIASV2_1899_ESMFold_hypothetical_protein	AF-Q8KA41-F1-model_v4	AF-Q8KA41-F1-model_v4 Flagellar FliJ protein	3.476E+00	0.837	63	95	214	218	14	140	152	128	0.550	0.836
LOKIASV2_1899_ESMFold_hypothetical_protein	AF-Q9RUB7-F1-model_v4	AF-Q9RUB7-F1-model_v4 Phage shock protein A homolog	1.977E+00	0.837	63	67	211	218	15	150	223	148	0.665	0.610
LOKIASV2_1899_ESMFold_hypothetical_protein	AF-Q9D8Y8-F1-model_v4	AF-Q9D8Y8-F1-model_v4 Inhibitor of growth protein 5	1.246E+00	0.837	63	83	203	218	1	117	240	121	0.555	0.488
LOKIASV2_1899_ESMFold_hypothetical_protein	AF-P55125-F1-model_v4	AF-P55125-F1-model_v4 Leukotoxin secretion protein D	9.159E-01	0.837	63	42	213	218	145	322	478	190	0.789	0.372
LOKIASV2_1899_ESMFold_hypothetical_protein	AF-Q9QYW1-F1-model_v4	AF-Q9QYW1-F1-model_v4 Intermediate conductance calcium-activated potassium channel protein 4	3.119E-01	0.817	62	64	213	218	260	402	425	155	0.688	0.336
LOKIASV2_1899_ESMFold_hypothetical_protein	AF-O15554-F1-model_v4	AF-O15554-F1-model_v4 Intermediate conductance calcium-activated potassium channel protein 4	7.853E-01	0.817	62	64	213	218	262	404	427	151	0.688	0.335
LOKIASV2_1899_ESMFold_hypothetical_protein	AF-Q08633-F1-model_v4	AF-Q08633-F1-model_v4 RTX-III toxin determinant D	1.695E+00	0.772	60	36	214	218	132	319	477	193	0.821	0.394
LOKIASV2_1899_ESMFold_hypothetical_protein	AF-P16534-F1-model_v4	AF-P16534-F1-model_v4 Leukotoxin secretion protein D	1.246E+00	0.772	60	34	214	218	137	319	478	196	0.830	0.383
LOKIASV2_1899_ESMFold_hypothetical_protein	AF-Q9UUJ3-F1-model_v4	AF-Q9UUJ3-F1-model_v4 Probable Rho-GTPase-activating protein 9	1.124E+00	0.772	60	16	217	218	19	389	670	374	0.927	0.554
LOKIASV2_1899_ESMFold_hypothetical_protein	AF-Q10QE9-F1-model_v4	AF-Q10QE9-F1-model_v4 UPF0496 protein 1	1.068E+00	0.747	59	6	193	218	192	386	388	211	0.862	0.503
LOKIASV2_1899_ESMFold_hypothetical_protein	AF-Q04GM3-F1-model_v4	AF-Q04GM3-F1-model_v4 Serine--tRNA ligase	3.302E+00	0.747	59	78	180	218	7	104	439	105	0.472	0.223
LOKIASV2_1899_ESMFold_hypothetical_protein	AF-P70604-F1-model_v4	AF-P70604-F1-model_v4 Small conductance calcium-activated potassium channel protein 2	7.853E-01	0.747	59	64	213	218	371	516	580	152	0.688	0.252
LOKIASV2_1899_ESMFold_hypothetical_protein	AF-P58392-F1-model_v4	AF-P58392-F1-model_v4 Small conductance calcium-activated potassium channel protein 3	7.853E-01	0.747	59	64	213	218	512	657	724	152	0.688	0.202
LOKIASV2_1899_ESMFold_hypothetical_protein	AF-Q09313-F1-model_v4	AF-Q09313-F1-model_v4 Protein dct-6	1.878E+00	0.747	59	16	188	218	219	403	923	187	0.794	0.200
LOKIASV2_1899_ESMFold_hypothetical_protein	AF-C0RGW8-F1-model_v4	AF-C0RGW8-F1-model_v4 NAD(+) hydrolase BtpA	2.831E+00	0.720	58	85	214	218	4	118	275	130	0.596	0.418
LOKIASV2_1899_ESMFold_hypothetical_protein	AF-Q9VJE5-F1-model_v4	AF-Q9VJE5-F1-model_v4 Restin homolog	2.674E-01	0.720	58	5	213	218	712	924	1690	218	0.959	0.126
LOKIASV2_1899_ESMFold_hypothetical_protein	AF-Q5ZKY4-F1-model_v4	AF-Q5ZKY4-F1-model_v4 Inhibitor of growth protein 4	9.641E-01	0.692	57	95	218	218	5	131	249	128	0.569	0.510
LOKIASV2_1899_ESMFold_hypothetical_protein	AF-Q2SR32-F1-model_v4	AF-Q2SR32-F1-model_v4 Serine--tRNA ligase	4.054E+00	0.692	57	90	178	218	23	104	422	89	0.408	0.194
LOKIASV2_1899_ESMFold_hypothetical_protein	AF-A2Z6C5-F1-model_v4	AF-A2Z6C5-F1-model_v4 Putative UPF0496 protein 5	1.686E-01	0.692	57	5	217	218	186	409	428	251	0.977	0.523
LOKIASV2_1899_ESMFold_hypothetical_protein	AF-Q47JR8-F1-model_v4	AF-Q47JR8-F1-model_v4 ATP-dependent lipid A-core flippase	2.414E-01	0.692	57	39	218	218	92	327	585	238	0.826	0.403
LOKIASV2_1899_ESMFold_hypothetical_protein	AF-P70605-F1-model_v4	AF-P70605-F1-model_v4 Small conductance calcium-activated potassium channel protein 3	9.159E-01	0.692	57	64	213	218	520	665	732	152	0.688	0.199
LOKIASV2_1899_ESMFold_hypothetical_protein	AF-P58391-F1-model_v4	AF-P58391-F1-model_v4 Small conductance calcium-activated potassium channel protein 3	9.159E-01	0.692	57	64	213	218	520	665	732	152	0.688	0.199
LOKIASV2_1899_ESMFold_hypothetical_protein	AF-P58390-F1-model_v4	AF-P58390-F1-model_v4 Small conductance calcium-activated potassium channel protein 2	9.159E-01	0.692	57	64	213	218	630	775	839	152	0.688	0.174
LOKIASV2_1899_ESMFold_hypothetical_protein	AF-Q8WYH8-F1-model_v4	AF-Q8WYH8-F1-model_v4 Inhibitor of growth protein 5	9.641E-01	0.663	56	83	218	218	1	125	240	136	0.624	0.521
LOKIASV2_1899_ESMFold_hypothetical_protein	AF-P42171-F1-model_v4	AF-P42171-F1-model_v4 Guanine nucleotide exchange factor rei-1	7.853E-01	0.663	56	48	213	218	5	193	244	198	0.761	0.775
LOKIASV2_1899_ESMFold_hypothetical_protein	AF-Q9UNL4-F1-model_v4	AF-Q9UNL4-F1-model_v4 Inhibitor of growth protein 4	1.068E+00	0.663	56	95	218	218	5	131	249	128	0.569	0.510
LOKIASV2_1899_ESMFold_hypothetical_protein	AF-O89109-F1-model_v4	AF-O89109-F1-model_v4 Intermediate conductance calcium-activated potassium channel protein 4	6.733E-01	0.663	56	64	213	218	260	402	425	155	0.688	0.336
LOKIASV2_1899_ESMFold_hypothetical_protein	AF-Q9UGI6-F1-model_v4	AF-Q9UGI6-F1-model_v4 Small conductance calcium-activated potassium channel protein 3	1.068E+00	0.663	56	64	213	218	519	664	731	152	0.688	0.200
LOKIASV2_1899_ESMFold_hypothetical_protein	AF-P9WHP5-F1-model_v4	AF-P9WHP5-F1-model_v4 PspA protein	1.068E+00	0.632	55	71	213	218	27	153	270	143	0.656	0.470
LOKIASV2_1899_ESMFold_hypothetical_protein	AF-B0R9Z1-F1-model_v4	AF-B0R9Z1-F1-model_v4 Transducer protein Car	3.119E-01	0.632	55	5	213	218	158	393	452	240	0.959	0.522
LOKIASV2_1899_ESMFold_hypothetical_protein	AF-Q9H2S1-F1-model_v4	AF-Q9H2S1-F1-model_v4 Small conductance calcium-activated potassium channel protein 2	1.068E+00	0.632	55	64	213	218	370	515	579	152	0.688	0.252
LOKIASV2_1899_ESMFold_hypothetical_protein	AF-Q1CA68-F1-model_v4	AF-Q1CA68-F1-model_v4 ATP-dependent lipid A-core flippase	3.638E-01	0.632	55	39	218	218	89	327	582	241	0.826	0.411
LOKIASV2_1899_ESMFold_hypothetical_protein	AF-P76072-F1-model_v4	AF-P76072-F1-model_v4 Prophage side tail fiber protein homolog StfR	4.949E-01	0.632	55	16	211	218	156	347	1120	201	0.899	0.171
LOKIASV2_1899_ESMFold_hypothetical_protein	AF-P9WHP4-F1-model_v4	AF-P9WHP4-F1-model_v4 PspA protein	1.246E+00	0.601	54	71	213	218	27	153	270	143	0.656	0.470
LOKIASV2_1899_ESMFold_hypothetical_protein	AF-Q9Z131-F1-model_v4	AF-Q9Z131-F1-model_v4 SH3 domain-binding protein 5	2.069E-01	0.601	54	1	214	218	17	238	463	239	0.982	0.479
LOKIASV2_1899_ESMFold_hypothetical_protein	AF-A3NLD5-F1-model_v4	AF-A3NLD5-F1-model_v4 Translocator protein BipB	1.068E+00	0.601	54	77	218	218	131	270	620	143	0.651	0.226
LOKIASV2_1899_ESMFold_hypothetical_protein	AF-P63360-F1-model_v4	AF-P63360-F1-model_v4 ATP-dependent lipid A-core flippase	1.068E+00	0.569	53	63	211	218	131	310	582	180	0.683	0.309
LOKIASV2_1899_ESMFold_hypothetical_protein	AF-P04480-F1-model_v4	AF-P04480-F1-model_v4 Colicin-A	6.770E+00	0.569	53	69	213	218	218	357	592	145	0.665	0.236
LOKIASV2_1899_ESMFold_hypothetical_protein	AF-Q05050-F1-model_v4	AF-Q05050-F1-model_v4 Eisosome protein 1	1.184E+00	0.569	53	4	216	218	465	689	843	231	0.977	0.267
LOKIASV2_1899_ESMFold_hypothetical_protein	AF-B3LLS9-F1-model_v4	AF-B3LLS9-F1-model_v4 Eisosome protein 1	1.312E+00	0.569	53	4	218	218	465	689	843	230	0.986	0.267
LOKIASV2_1899_ESMFold_hypothetical_protein	AF-Q8C0D7-F1-model_v4	AF-Q8C0D7-F1-model_v4 Inhibitor of growth protein 4	1.381E+00	0.537	52	95	218	218	5	129	249	128	0.569	0.502
LOKIASV2_1899_ESMFold_hypothetical_protein	AF-A5U697-F1-model_v4	AF-A5U697-F1-model_v4 PspA protein	1.453E+00	0.537	52	71	213	218	27	153	270	143	0.656	0.470
LOKIASV2_1899_ESMFold_hypothetical_protein	AF-A1B4S2-F1-model_v4	AF-A1B4S2-F1-model_v4 Serine--tRNA ligase	7.896E+00	0.537	52	97	178	218	27	101	430	82	0.376	0.174
LOKIASV2_1899_ESMFold_hypothetical_protein	AF-Q91Y80-F1-model_v4	AF-Q91Y80-F1-model_v4 SH3 domain-binding protein 5	2.674E-01	0.537	52	1	213	218	16	239	457	243	0.977	0.490
LOKIASV2_1899_ESMFold_hypothetical_protein	AF-Q58718-F1-model_v4	AF-Q58718-F1-model_v4 DNA double-strand break repair Rad50 ATPase	7.087E-01	0.537	52	4	214	218	350	593	1005	247	0.968	0.243
LOKIASV2_1899_ESMFold_hypothetical_protein	AF-Q3T095-F1-model_v4	AF-Q3T095-F1-model_v4 Inhibitor of growth protein 4	1.530E+00	0.505	51	95	218	218	5	129	248	128	0.569	0.504
LOKIASV2_1899_ESMFold_hypothetical_protein	AF-P0AFY6-F1-model_v4	AF-P0AFY6-F1-model_v4 Peptide antibiotic transporter SbmA	7.087E-01	0.505	51	50	218	218	167	399	406	233	0.775	0.574
LOKIASV2_1899_ESMFold_hypothetical_protein	AF-B0UD12-F1-model_v4	AF-B0UD12-F1-model_v4 Serine--tRNA ligase	7.896E+00	0.505	51	97	180	218	27	103	435	84	0.385	0.177
LOKIASV2_1899_ESMFold_hypothetical_protein	AF-C7GL88-F1-model_v4	AF-C7GL88-F1-model_v4 Eisosome protein 1	9.159E-01	0.505	51	4	213	218	465	671	843	220	0.963	0.246
LOKIASV2_1899_ESMFold_hypothetical_protein	AF-P34665-F1-model_v4	AF-P34665-F1-model_v4 Uncharacterized protein ZK652.8	2.555E+00	0.473	50	50	210	218	14	149	171	161	0.739	0.795
LOKIASV2_1899_ESMFold_hypothetical_protein	AF-A8F3R6-F1-model_v4	AF-A8F3R6-F1-model_v4 Serine--tRNA ligase	4.977E+00	0.473	50	77	178	218	6	102	424	104	0.468	0.229
LOKIASV2_1899_ESMFold_hypothetical_protein	AF-P19401-F1-model_v4	AF-P19401-F1-model_v4 M protein, serotype 12	1.124E+00	0.473	50	4	213	218	114	303	564	210	0.963	0.337
LOKIASV2_1899_ESMFold_hypothetical_protein	AF-Q8ZGA9-F1-model_v4	AF-Q8ZGA9-F1-model_v4 ATP-dependent lipid A-core flippase	7.460E-01	0.473	50	39	218	218	89	327	582	241	0.826	0.411
LOKIASV2_1899_ESMFold_hypothetical_protein	AF-Q2T711-F1-model_v4	AF-Q2T711-F1-model_v4 Translocator protein BipB	1.184E+00	0.473	50	77	214	218	135	260	624	139	0.633	0.202
LOKIASV2_1899_ESMFold_hypothetical_protein	AF-Q6FSB1-F1-model_v4	AF-Q6FSB1-F1-model_v4 Chromatin modification-related protein YNG2	2.427E+00	0.442	49	95	196	218	9	114	274	106	0.468	0.387
LOKIASV2_1899_ESMFold_hypothetical_protein	AF-Q98LC8-F1-model_v4	AF-Q98LC8-F1-model_v4 Serine--tRNA ligase	9.210E+00	0.442	49	94	180	218	29	108	434	87	0.399	0.184
LOKIASV2_1899_ESMFold_hypothetical_protein	AF-Q57R14-F1-model_v4	AF-Q57R14-F1-model_v4 ATP-dependent lipid A-core flippase	1.124E+00	0.442	49	63	218	218	131	328	582	199	0.716	0.340
LOKIASV2_1899_ESMFold_hypothetical_protein	AF-A2S1Q0-F1-model_v4	AF-A2S1Q0-F1-model_v4 Translocator protein BipB	1.784E+00	0.442	49	77	217	218	131	269	620	142	0.647	0.224
LOKIASV2_1899_ESMFold_hypothetical_protein	AF-Q9RA63-F1-model_v4	AF-Q9RA63-F1-model_v4 Chaperone protein ClpB	1.977E+00	0.442	49	41	169	218	404	512	854	130	0.592	0.128
LOKIASV2_1899_ESMFold_hypothetical_protein	AF-P0AFY7-F1-model_v4	AF-P0AFY7-F1-model_v4 Peptide antibiotic transporter SbmA	4.949E-01	0.411	48	50	217	218	167	400	406	234	0.771	0.576
LOKIASV2_1899_ESMFold_hypothetical_protein	AF-A9MAQ8-F1-model_v4	AF-A9MAQ8-F1-model_v4 Serine--tRNA ligase	9.695E+00	0.411	48	97	181	218	27	104	427	85	0.390	0.183
LOKIASV2_1899_ESMFold_hypothetical_protein	AF-C0RIL8-F1-model_v4	AF-C0RIL8-F1-model_v4 Serine--tRNA ligase	9.695E+00	0.411	48	97	181	218	27	104	427	85	0.390	0.183
LOKIASV2_1899_ESMFold_hypothetical_protein	AF-B2S5B8-F1-model_v4	AF-B2S5B8-F1-model_v4 Serine--tRNA ligase	9.695E+00	0.411	48	97	181	218	27	104	427	85	0.390	0.183
LOKIASV2_1899_ESMFold_hypothetical_protein	AF-Q8YGS6-F1-model_v4	AF-Q8YGS6-F1-model_v4 Serine--tRNA ligase	9.695E+00	0.411	48	97	181	218	27	104	427	85	0.390	0.183
LOKIASV2_1899_ESMFold_hypothetical_protein	AF-Q8G139-F1-model_v4	AF-Q8G139-F1-model_v4 Serine--tRNA ligase	9.695E+00	0.411	48	97	181	218	27	104	427	85	0.390	0.183
LOKIASV2_1899_ESMFold_hypothetical_protein	AF-A7HXK4-F1-model_v4	AF-A7HXK4-F1-model_v4 Serine--tRNA ligase	9.695E+00	0.411	48	97	176	218	27	99	435	80	0.367	0.168
LOKIASV2_1899_ESMFold_hypothetical_protein	AF-Q63K34-F1-model_v4	AF-Q63K34-F1-model_v4 Translocator protein BipB	1.977E+00	0.411	48	77	217	218	131	269	620	142	0.647	0.224
LOKIASV2_1899_ESMFold_hypothetical_protein	AF-O26640-F1-model_v4	AF-O26640-F1-model_v4 DNA double-strand break repair Rad50 ATPase	1.124E+00	0.411	48	4	213	218	290	502	837	229	0.963	0.254
LOKIASV2_1899_ESMFold_hypothetical_protein	AF-Q8EW01-F1-model_v4	AF-Q8EW01-F1-model_v4 Serine--tRNA ligase	4.054E+00	0.382	47	77	178	218	6	101	426	106	0.468	0.225
LOKIASV2_1899_ESMFold_hypothetical_protein	AF-Q28TH5-F1-model_v4	AF-Q28TH5-F1-model_v4 Serine--tRNA ligase	8.749E+00	0.382	47	97	175	218	27	98	430	79	0.362	0.167
LOKIASV2_1899_ESMFold_hypothetical_protein	AF-B8GX53-F1-model_v4	AF-B8GX53-F1-model_v4 Serine--tRNA ligase	6.770E+00	0.382	47	85	178	218	4	101	482	105	0.431	0.203
LOKIASV2_1899_ESMFold_hypothetical_protein	AF-Q080T2-F1-model_v4	AF-Q080T2-F1-model_v4 ATP-dependent lipid A-core flippase	1.124E+00	0.382	47	50	218	218	114	342	600	229	0.775	0.382
LOKIASV2_1899_ESMFold_hypothetical_protein	AF-B5VPF9-F1-model_v4	AF-B5VPF9-F1-model_v4 Eisosome protein 1	1.530E+00	0.382	47	4	217	218	465	690	843	236	0.982	0.268
LOKIASV2_1899_ESMFold_hypothetical_protein	AF-F4J1U4-F1-model_v4	AF-F4J1U4-F1-model_v4 Kinesin-like protein KIN-12E	4.702E-01	0.382	47	4	213	218	936	1165	1263	238	0.963	0.182
LOKIASV2_1899_ESMFold_hypothetical_protein	AF-Q7TP36-F1-model_v4	AF-Q7TP36-F1-model_v4 Protein Shroom2	7.460E-01	0.382	47	2	214	218	1213	1409	1423	223	0.977	0.138
LOKIASV2_1899_ESMFold_hypothetical_protein	AF-Q09JY9-F1-model_v4	AF-Q09JY9-F1-model_v4 Protein Shroom2	7.460E-01	0.382	47	1	218	218	1512	1723	1726	234	1.000	0.123
LOKIASV2_1899_ESMFold_hypothetical_protein	AF-Q757W2-F1-model_v4	AF-Q757W2-F1-model_v4 Chromatin modification-related protein YNG2	1.184E+00	0.353	46	91	213	218	7	142	285	137	0.564	0.477
LOKIASV2_1899_ESMFold_hypothetical_protein	AF-Q5ZK36-F1-model_v4	AF-Q5ZK36-F1-model_v4 Inhibitor of growth protein 3	2.427E+00	0.353	46	93	218	218	3	129	417	127	0.578	0.305
LOKIASV2_1899_ESMFold_hypothetical_protein	AF-Q9A6T4-F1-model_v4	AF-Q9A6T4-F1-model_v4 Serine--tRNA ligase	7.896E+00	0.353	46	85	178	218	4	101	482	105	0.431	0.203
LOKIASV2_1899_ESMFold_hypothetical_protein	AF-A0QNI5-F1-model_v4	AF-A0QNI5-F1-model_v4 ESX-1 secretion-associated protein EspE	4.702E-01	0.353	46	1	217	218	37	261	525	261	0.995	0.429
LOKIASV2_1899_ESMFold_hypothetical_protein	AF-P07018-F1-model_v4	AF-P07018-F1-model_v4 Methyl-accepting chemotaxis protein IV	1.610E+00	0.353	46	5	213	218	257	468	533	221	0.959	0.398
LOKIASV2_1899_ESMFold_hypothetical_protein	AF-P63287-F1-model_v4	AF-P63287-F1-model_v4 Chaperone protein ClpB	2.306E+00	0.353	46	36	161	218	413	521	848	126	0.578	0.129
LOKIASV2_1899_ESMFold_hypothetical_protein	AF-P62134-F1-model_v4	AF-P62134-F1-model_v4 DNA double-strand break repair Rad50 ATPase	1.312E+00	0.353	46	4	214	218	357	581	993	232	0.968	0.227
LOKIASV2_1899_ESMFold_hypothetical_protein	AF-Q55707-F1-model_v4	AF-Q55707-F1-model_v4 Protein sll0617	5.239E+00	0.326	45	78	214	218	26	154	267	138	0.628	0.483
LOKIASV2_1899_ESMFold_hypothetical_protein	AF-Q8UEQ2-F1-model_v4	AF-Q8UEQ2-F1-model_v4 Serine--tRNA ligase	7.896E+00	0.326	45	77	178	218	6	101	427	103	0.468	0.225
LOKIASV2_1899_ESMFold_hypothetical_protein	AF-Q166J5-F1-model_v4	AF-Q166J5-F1-model_v4 Serine--tRNA ligase	7.896E+00	0.326	45	77	177	218	6	100	430	102	0.463	0.221
LOKIASV2_1899_ESMFold_hypothetical_protein	AF-Q8VZN4-F1-model_v4	AF-Q8VZN4-F1-model_v4 Proton pump-interactor 4	4.977E+00	0.326	45	84	207	218	64	178	439	124	0.569	0.262
LOKIASV2_1899_ESMFold_hypothetical_protein	AF-Q3Z3K7-F1-model_v4	AF-Q3Z3K7-F1-model_v4 ATP-dependent lipid A-core flippase	1.381E+00	0.326	45	63	218	218	131	328	582	199	0.716	0.340
LOKIASV2_1899_ESMFold_hypothetical_protein	AF-A3MCG8-F1-model_v4	AF-A3MCG8-F1-model_v4 Translocator protein BipB	2.190E+00	0.326	45	77	214	218	131	290	620	162	0.633	0.258
LOKIASV2_1899_ESMFold_hypothetical_protein	AF-Q66CI3-F1-model_v4	AF-Q66CI3-F1-model_v4 ATP-dependent lipid A-core flippase	8.266E-01	0.301	44	39	218	218	89	327	582	241	0.826	0.411
LOKIASV2_1899_ESMFold_hypothetical_protein	AF-Q62B07-F1-model_v4	AF-Q62B07-F1-model_v4 Translocator protein BipB	2.980E+00	0.301	44	77	217	218	131	269	620	142	0.647	0.224
LOKIASV2_1899_ESMFold_hypothetical_protein	AF-Q6FKB4-F1-model_v4	AF-Q6FKB4-F1-model_v4 Eisosome protein 1	2.081E+00	0.301	44	4	213	218	480	671	885	217	0.963	0.217
LOKIASV2_1899_ESMFold_hypothetical_protein	AF-Q09857-F1-model_v4	AF-Q09857-F1-model_v4 Intracellular protein transport protein uso1	8.266E-01	0.301	44	4	213	218	829	1031	1067	216	0.963	0.190
LOKIASV2_1899_ESMFold_hypothetical_protein	AF-O60127-F1-model_v4	AF-O60127-F1-model_v4 Pdp3-interacting factor 2	1.695E+00	0.277	43	99	218	218	24	125	126	121	0.550	0.810
LOKIASV2_1899_ESMFold_hypothetical_protein	AF-P0AFM7-F1-model_v4	AF-P0AFM7-F1-model_v4 Phage shock protein A	4.728E+00	0.277	43	78	213	218	26	157	222	141	0.624	0.595
LOKIASV2_1899_ESMFold_hypothetical_protein	AF-P0AFM8-F1-model_v4	AF-P0AFM8-F1-model_v4 Phage shock protein A	4.728E+00	0.277	43	78	213	218	26	157	222	141	0.624	0.595
LOKIASV2_1899_ESMFold_hypothetical_protein	AF-P0AFM6-F1-model_v4	AF-P0AFM6-F1-model_v4 Phage shock protein A	4.728E+00	0.277	43	78	213	218	26	157	222	141	0.624	0.595
LOKIASV2_1899_ESMFold_hypothetical_protein	AF-Q6BNL6-F1-model_v4	AF-Q6BNL6-F1-model_v4 Chromatin modification-related protein YNG2	2.980E+00	0.277	43	87	218	218	4	132	285	136	0.606	0.453
LOKIASV2_1899_ESMFold_hypothetical_protein	AF-A0C767-F1-model_v4	AF-A0C767-F1-model_v4 Trichocyst matrix protein T4-B	1.784E+00	0.277	43	12	212	218	56	300	363	249	0.922	0.675
LOKIASV2_1899_ESMFold_hypothetical_protein	AF-Q7ZX31-F1-model_v4	AF-Q7ZX31-F1-model_v4 Inhibitor of growth protein 3	3.302E+00	0.277	43	93	218	218	3	129	416	127	0.578	0.305
LOKIASV2_1899_ESMFold_hypothetical_protein	AF-Q66KD5-F1-model_v4	AF-Q66KD5-F1-model_v4 Inhibitor of growth protein 3	3.302E+00	0.277	43	93	218	218	3	129	417	127	0.578	0.305
LOKIASV2_1899_ESMFold_hypothetical_protein	AF-Q8VEK6-F1-model_v4	AF-Q8VEK6-F1-model_v4 Inhibitor of growth protein 3	3.302E+00	0.277	43	93	217	218	3	131	421	129	0.573	0.306
LOKIASV2_1899_ESMFold_hypothetical_protein	AF-P63359-F1-model_v4	AF-P63359-F1-model_v4 ATP-dependent lipid A-core flippase	1.184E+00	0.277	43	63	218	218	131	328	582	198	0.716	0.340
LOKIASV2_1899_ESMFold_hypothetical_protein	AF-Q1CGH0-F1-model_v4	AF-Q1CGH0-F1-model_v4 ATP-dependent lipid A-core flippase	1.695E+00	0.277	43	39	218	218	89	327	582	241	0.826	0.411
LOKIASV2_1899_ESMFold_hypothetical_protein	AF-Q92351-F1-model_v4	AF-Q92351-F1-model_v4 Spindle pole body protein pcp1	1.068E+00	0.277	43	4	213	218	522	726	1208	215	0.963	0.170
LOKIASV2_1899_ESMFold_hypothetical_protein	AF-O68032-F1-model_v4	AF-O68032-F1-model_v4 Nuclease SbcCD subunit C	3.476E+00	0.277	43	4	217	218	477	702	1238	239	0.982	0.183
LOKIASV2_1899_ESMFold_hypothetical_protein	AF-Q9BQS8-F1-model_v4	AF-Q9BQS8-F1-model_v4 FYVE and coiled-coil domain-containing protein 1	4.977E+00	0.277	43	4	214	218	639	829	1478	212	0.968	0.129
LOKIASV2_1899_ESMFold_hypothetical_protein	AF-Q99MS7-F1-model_v4	AF-Q99MS7-F1-model_v4 EH domain-binding protein 1-like protein 1	2.689E+00	0.277	43	12	205	218	1543	1715	1716	196	0.890	0.101
LOKIASV2_1899_ESMFold_hypothetical_protein	AF-O32201-F1-model_v4	AF-O32201-F1-model_v4 Protein LiaH	7.502E+00	0.254	42	81	217	218	24	160	225	141	0.628	0.609
LOKIASV2_1899_ESMFold_hypothetical_protein	AF-A1WP10-F1-model_v4	AF-A1WP10-F1-model_v4 Serine--tRNA ligase	7.502E+00	0.254	42	104	178	218	30	104	438	75	0.344	0.171
LOKIASV2_1899_ESMFold_hypothetical_protein	AF-Q00986-F1-model_v4	AF-Q00986-F1-model_v4 Chemoreceptor McpA	2.427E+00	0.254	42	5	213	218	349	553	657	221	0.959	0.312
LOKIASV2_1899_ESMFold_hypothetical_protein	AF-Q09697-F1-model_v4	AF-Q09697-F1-model_v4 Rho-GTPase-activating protein 8	1.453E+00	0.254	42	7	158	218	18	168	777	171	0.697	0.194
LOKIASV2_1899_ESMFold_hypothetical_protein	AF-P9WPD1-F1-model_v4	AF-P9WPD1-F1-model_v4 Chaperone protein ClpB	3.302E+00	0.254	42	36	161	218	413	521	848	126	0.578	0.129
LOKIASV2_1899_ESMFold_hypothetical_protein	AF-P9WPD0-F1-model_v4	AF-P9WPD0-F1-model_v4 Chaperone protein ClpB	3.302E+00	0.254	42	36	161	218	413	521	848	126	0.578	0.129
LOKIASV2_1899_ESMFold_hypothetical_protein	AF-Q5AHB8-F1-model_v4	AF-Q5AHB8-F1-model_v4 Chromatin modification-related protein YNG2	1.977E+00	0.233	41	87	207	218	5	114	298	125	0.555	0.369
LOKIASV2_1899_ESMFold_hypothetical_protein	AF-Q0AND9-F1-model_v4	AF-Q0AND9-F1-model_v4 Serine--tRNA ligase	7.502E+00	0.233	41	104	177	218	27	100	425	74	0.339	0.174
LOKIASV2_1899_ESMFold_hypothetical_protein	AF-Q5UXM8-F1-model_v4	AF-Q5UXM8-F1-model_v4 Sensory rhodopsin I transducer	4.054E+00	0.233	41	5	213	218	202	435	528	238	0.959	0.443
LOKIASV2_1899_ESMFold_hypothetical_protein	AF-Q8FJB1-F1-model_v4	AF-Q8FJB1-F1-model_v4 ATP-dependent lipid A-core flippase	2.427E+00	0.233	41	63	218	218	131	328	582	199	0.716	0.340
LOKIASV2_1899_ESMFold_hypothetical_protein	AF-Q6NSJ2-F1-model_v4	AF-Q6NSJ2-F1-model_v4 Pleckstrin homology-like domain family B member 3	1.246E+00	0.233	41	8	214	218	91	307	640	239	0.950	0.339
LOKIASV2_1899_ESMFold_hypothetical_protein	AF-G2HE57-F1-model_v4	AF-G2HE57-F1-model_v4 Dynein regulatory complex subunit 7	6.110E+00	0.233	41	100	192	218	777	871	874	98	0.427	0.109
LOKIASV2_1899_ESMFold_hypothetical_protein	AF-Q92878-F1-model_v4	AF-Q92878-F1-model_v4 DNA repair protein RAD50	9.641E-01	0.233	41	4	213	218	518	773	1312	262	0.963	0.195
LOKIASV2_1899_ESMFold_hypothetical_protein	AF-Q8IUG5-F1-model_v4	AF-Q8IUG5-F1-model_v4 Unconventional myosin-XVIIIb	2.831E+00	0.233	41	4	213	218	1833	2033	2567	219	0.963	0.078
LOKIASV2_1899_ESMFold_hypothetical_protein	AF-Q498T3-F1-model_v4	AF-Q498T3-F1-model_v4 Inhibitor of growth protein 3	3.658E+00	0.214	40	95	217	218	2	131	421	130	0.564	0.309
LOKIASV2_1899_ESMFold_hypothetical_protein	AF-Q0TJD9-F1-model_v4	AF-Q0TJD9-F1-model_v4 ATP-dependent lipid A-core flippase	1.610E+00	0.214	40	63	218	218	131	328	582	199	0.716	0.340
LOKIASV2_1899_ESMFold_hypothetical_protein	AF-Q5H0H0-F1-model_v4	AF-Q5H0H0-F1-model_v4 ATP-dependent lipid A-core flippase	1.878E+00	0.214	40	37	218	218	95	332	589	239	0.835	0.404
LOKIASV2_1899_ESMFold_hypothetical_protein	AF-P54719-F1-model_v4	AF-P54719-F1-model_v4 Uncharacterized ABC transporter ATP-binding protein YfiC	2.427E+00	0.214	40	41	213	218	113	328	604	217	0.794	0.358
LOKIASV2_1899_ESMFold_hypothetical_protein	AF-Q9NRK6-F1-model_v4	AF-Q9NRK6-F1-model_v4 ATP-binding cassette sub-family B member 10, mitochondrial	1.784E+00	0.214	40	1	214	218	205	457	738	273	0.982	0.343
LOKIASV2_1899_ESMFold_hypothetical_protein	AF-B0R6I4-F1-model_v4	AF-B0R6I4-F1-model_v4 Transducer protein BasT	7.127E+00	0.214	40	6	213	218	512	708	805	214	0.954	0.245
LOKIASV2_1899_ESMFold_hypothetical_protein	AF-Q95JL1-F1-model_v4	AF-Q95JL1-F1-model_v4 Dynein regulatory complex subunit 7	6.770E+00	0.214	40	100	192	218	777	871	874	98	0.427	0.109
LOKIASV2_1899_ESMFold_hypothetical_protein	AF-Q6S002-F1-model_v4	AF-Q6S002-F1-model_v4 Kinesin-related protein 10	7.896E+00	0.214	40	80	214	218	502	644	1238	149	0.619	0.116
LOKIASV2_1899_ESMFold_hypothetical_protein	AF-A0A098D1N7-F1-model_v4	AF-A0A098D1N7-F1-model_v4 Gramillins biosynthetic cluster protein FGSG_00038	4.267E+00	0.196	39	37	211	218	20	168	203	178	0.803	0.734
LOKIASV2_1899_ESMFold_hypothetical_protein	AF-Q550T1-F1-model_v4	AF-Q550T1-F1-model_v4 Uncharacterized transmembrane protein DDB_G0276999	1.124E+00	0.196	39	4	218	218	6	188	258	216	0.986	0.709
LOKIASV2_1899_ESMFold_hypothetical_protein	AF-O42871-F1-model_v4	AF-O42871-F1-model_v4 Chromatin modification-related protein png1	7.896E+00	0.196	39	95	184	218	11	104	283	94	0.413	0.332
LOKIASV2_1899_ESMFold_hypothetical_protein	AF-Q6A808-F1-model_v4	AF-Q6A808-F1-model_v4 Peptide chain release factor 2	4.977E+00	0.196	39	100	204	218	3	116	368	114	0.482	0.310
LOKIASV2_1899_ESMFold_hypothetical_protein	AF-P54663-F1-model_v4	AF-P54663-F1-model_v4 Signal transduction histidine-protein kinase/phosphatase DegS	1.453E+00	0.196	39	36	213	218	13	167	386	185	0.817	0.402
LOKIASV2_1899_ESMFold_hypothetical_protein	AF-Q9HQ00-F1-model_v4	AF-Q9HQ00-F1-model_v4 Halobacterial transducer protein 9	3.137E+00	0.196	39	5	213	218	196	421	481	236	0.959	0.470
LOKIASV2_1899_ESMFold_hypothetical_protein	AF-Q65U21-F1-model_v4	AF-Q65U21-F1-model_v4 ATP-dependent lipid A-core flippase	7.087E-01	0.196	39	63	218	218	133	330	585	199	0.716	0.338
LOKIASV2_1899_ESMFold_hypothetical_protein	AF-Q2T9M4-F1-model_v4	AF-Q2T9M4-F1-model_v4 Dynein regulatory complex subunit 7	7.502E+00	0.196	39	97	193	218	770	867	872	101	0.445	0.112
LOKIASV2_1899_ESMFold_hypothetical_protein	AF-A8X7Z3-F1-model_v4	AF-A8X7Z3-F1-model_v4 Protein dct-6	6.110E+00	0.196	39	1	218	218	219	416	946	227	1.000	0.209
LOKIASV2_1899_ESMFold_hypothetical_protein	AF-O80796-F1-model_v4	AF-O80796-F1-model_v4 Membrane-associated protein VIPP1, chloroplastic	4.054E+00	0.179	38	40	213	218	76	216	330	174	0.798	0.427
LOKIASV2_1899_ESMFold_hypothetical_protein	AF-Q10RR9-F1-model_v4	AF-Q10RR9-F1-model_v4 UPF0496 protein 3	4.977E+00	0.179	38	12	209	218	188	377	378	219	0.908	0.503
LOKIASV2_1899_ESMFold_hypothetical_protein	AF-Q56XQ0-F1-model_v4	AF-Q56XQ0-F1-model_v4 UPF0496 protein At2g18630	5.805E+00	0.179	38	11	187	218	189	376	393	200	0.812	0.478
LOKIASV2_1899_ESMFold_hypothetical_protein	AF-Q2W8M7-F1-model_v4	AF-Q2W8M7-F1-model_v4 Methyl-accepting chemotaxis protein Amb0994	1.312E+00	0.179	38	5	213	218	175	386	436	220	0.959	0.486
LOKIASV2_1899_ESMFold_hypothetical_protein	AF-P32714-F1-model_v4	AF-P32714-F1-model_v4 Multidrug resistance outer membrane protein MdtP	8.749E+00	0.179	38	60	186	218	365	478	488	128	0.583	0.234
LOKIASV2_1899_ESMFold_hypothetical_protein	AF-Q9HPR6-F1-model_v4	AF-Q9HPR6-F1-model_v4 Heme-based aerotactic transducer HemAT	1.530E+00	0.179	38	5	211	218	234	432	489	220	0.950	0.407
LOKIASV2_1899_ESMFold_hypothetical_protein	AF-Q5AD73-F1-model_v4	AF-Q5AD73-F1-model_v4 Sorting nexin-41	6.110E+00	0.179	38	15	214	218	327	639	681	315	0.917	0.460
LOKIASV2_1899_ESMFold_hypothetical_protein	AF-Q01613-F1-model_v4	AF-Q01613-F1-model_v4 Protein Shroom1	1.184E+00	0.179	38	34	216	218	1240	1419	1420	198	0.839	0.127
LOKIASV2_1899_ESMFold_hypothetical_protein	AF-A2ALU4-F1-model_v4	AF-A2ALU4-F1-model_v4 Protein Shroom2	2.980E+00	0.179	38	32	218	218	1295	1481	1481	206	0.858	0.126
LOKIASV2_1899_ESMFold_hypothetical_protein	AF-Q03943-F1-model_v4	AF-Q03943-F1-model_v4 Membrane-associated 30 kDa protein, chloroplastic	7.896E+00	0.164	37	77	213	218	88	205	323	137	0.628	0.365
LOKIASV2_1899_ESMFold_hypothetical_protein	AF-Q5RBA1-F1-model_v4	AF-Q5RBA1-F1-model_v4 Inhibitor of growth protein 3	6.110E+00	0.164	37	107	217	218	3	116	403	114	0.509	0.283
LOKIASV2_1899_ESMFold_hypothetical_protein	AF-A4YV70-F1-model_v4	AF-A4YV70-F1-model_v4 Serine--tRNA ligase	7.502E+00	0.164	37	97	172	218	27	102	442	76	0.349	0.172
LOKIASV2_1899_ESMFold_hypothetical_protein	AF-Q7N6C6-F1-model_v4	AF-Q7N6C6-F1-model_v4 ATP-dependent lipid A-core flippase	1.068E+00	0.164	37	39	218	218	88	326	581	240	0.826	0.411
LOKIASV2_1899_ESMFold_hypothetical_protein	AF-Q4UV65-F1-model_v4	AF-Q4UV65-F1-model_v4 ATP-dependent lipid A-core flippase	2.427E+00	0.164	37	37	218	218	95	332	589	239	0.835	0.404
LOKIASV2_1899_ESMFold_hypothetical_protein	AF-Q2A1U9-F1-model_v4	AF-Q2A1U9-F1-model_v4 ATP-dependent lipid A-core flippase	1.124E+00	0.164	37	39	218	218	114	358	609	247	0.826	0.402
LOKIASV2_1899_ESMFold_hypothetical_protein	AF-Q73T66-F1-model_v4	AF-Q73T66-F1-model_v4 Chaperone protein ClpB	5.805E+00	0.164	37	36	162	218	413	522	848	128	0.583	0.130
LOKIASV2_1899_ESMFold_hypothetical_protein	AF-P47460-F1-model_v4	AF-P47460-F1-model_v4 Cytadherence high molecular weight protein 2	4.492E+00	0.164	37	3	214	218	35	263	1805	241	0.972	0.127
LOKIASV2_1899_ESMFold_hypothetical_protein	AF-Q5HPD6-F1-model_v4	AF-Q5HPD6-F1-model_v4 TelA-like protein SERP0976	4.054E+00	0.150	36	8	214	218	74	272	376	226	0.950	0.529
LOKIASV2_1899_ESMFold_hypothetical_protein	AF-C5CGC3-F1-model_v4	AF-C5CGC3-F1-model_v4 Serine--tRNA ligase	4.267E+00	0.150	36	77	172	218	6	103	424	101	0.440	0.231
LOKIASV2_1899_ESMFold_hypothetical_protein	AF-Q5PGH0-F1-model_v4	AF-Q5PGH0-F1-model_v4 ATP-dependent lipid A-core flippase	3.476E+00	0.150	36	39	218	218	89	328	582	241	0.826	0.412
LOKIASV2_1899_ESMFold_hypothetical_protein	AF-Q8PKS5-F1-model_v4	AF-Q8PKS5-F1-model_v4 ATP-dependent lipid A-core flippase	3.137E+00	0.150	36	37	218	218	95	332	589	238	0.835	0.404
LOKIASV2_1899_ESMFold_hypothetical_protein	AF-Q14JW6-F1-model_v4	AF-Q14JW6-F1-model_v4 ATP-dependent lipid A-core flippase	1.184E+00	0.150	36	63	218	218	156	358	609	205	0.716	0.333
LOKIASV2_1899_ESMFold_hypothetical_protein	AF-Q7W9N7-F1-model_v4	AF-Q7W9N7-F1-model_v4 ATP-dependent lipid A-core flippase	1.453E+00	0.150	36	39	214	218	128	349	623	223	0.807	0.356
LOKIASV2_1899_ESMFold_hypothetical_protein	AF-Q9HP81-F1-model_v4	AF-Q9HP81-F1-model_v4 Sensory rhodopsin II transducer	7.896E+00	0.150	36	6	213	218	479	675	764	212	0.954	0.258
LOKIASV2_1899_ESMFold_hypothetical_protein	AF-Q3UIL6-F1-model_v4	AF-Q3UIL6-F1-model_v4 Pleckstrin homology domain-containing family A member 7	5.514E+00	0.150	36	84	211	218	687	819	1118	143	0.587	0.119
LOKIASV2_1899_ESMFold_hypothetical_protein	AF-Q13796-F1-model_v4	AF-Q13796-F1-model_v4 Protein Shroom2	2.427E+00	0.150	36	6	218	218	1407	1615	1616	235	0.977	0.129
LOKIASV2_1899_ESMFold_hypothetical_protein	AF-A5EJV9-F1-model_v4	AF-A5EJV9-F1-model_v4 Serine--tRNA ligase	9.210E+00	0.138	35	97	172	218	27	102	442	76	0.349	0.172
LOKIASV2_1899_ESMFold_hypothetical_protein	AF-Q8IY82-F1-model_v4	AF-Q8IY82-F1-model_v4 Dynein regulatory complex subunit 7	5.239E+00	0.138	35	100	214	218	777	871	874	116	0.528	0.109
LOKIASV2_1899_ESMFold_hypothetical_protein	AF-Q6V3W6-F1-model_v4	AF-Q6V3W6-F1-model_v4 Dynein regulatory complex subunit 7	6.770E+00	0.138	35	100	205	218	779	872	876	108	0.486	0.107
LOKIASV2_1899_ESMFold_hypothetical_protein	AF-O58687-F1-model_v4	AF-O58687-F1-model_v4 DNA double-strand break repair Rad50 ATPase	8.266E-01	0.138	35	13	216	218	303	516	879	231	0.936	0.243
LOKIASV2_1899_ESMFold_hypothetical_protein	AF-Q0C0W2-F1-model_v4	AF-Q0C0W2-F1-model_v4 Serine--tRNA ligase	8.312E+00	0.126	34	77	178	218	6	103	432	105	0.468	0.227
LOKIASV2_1899_ESMFold_hypothetical_protein	AF-O46404-F1-model_v4	AF-O46404-F1-model_v4 Phosphatidylinositol 3-kinase regulatory subunit gamma	2.980E+00	0.126	34	39	218	218	165	338	461	193	0.826	0.377
LOKIASV2_1899_ESMFold_hypothetical_protein	AF-P75471-F1-model_v4	AF-P75471-F1-model_v4 Cytadherence high molecular weight protein 2	3.476E+00	0.126	34	4	214	218	88	268	1818	217	0.968	0.100
LOKIASV2_1899_ESMFold_hypothetical_protein	AF-Q813A6-F1-model_v4	AF-Q813A6-F1-model_v4 Protein PsiE homolog	8.312E+00	0.116	33	1	168	218	1	134	140	170	0.771	0.957
LOKIASV2_1899_ESMFold_hypothetical_protein	AF-Q8CP87-F1-model_v4	AF-Q8CP87-F1-model_v4 TelA-like protein SE_1089	6.432E+00	0.116	33	66	214	218	146	272	376	150	0.683	0.338
LOKIASV2_1899_ESMFold_hypothetical_protein	AF-Q83LP0-F1-model_v4	AF-Q83LP0-F1-model_v4 ATP-dependent lipid A-core flippase	4.492E+00	0.116	33	63	218	218	131	328	582	199	0.716	0.340
LOKIASV2_1899_ESMFold_hypothetical_protein	AF-Q81TT4-F1-model_v4	AF-Q81TT4-F1-model_v4 Chaperone protein ClpB	6.770E+00	0.116	33	41	161	218	416	523	866	125	0.555	0.125
LOKIASV2_1899_ESMFold_hypothetical_protein	AF-Q14149-F1-model_v4	AF-Q14149-F1-model_v4 MORC family CW-type zinc finger protein 3	4.977E+00	0.116	33	107	218	218	766	875	939	117	0.514	0.117
LOKIASV2_1899_ESMFold_hypothetical_protein	AF-G1UB63-F1-model_v4	AF-G1UB63-F1-model_v4 Cell wall protein 1	3.658E+00	0.116	33	6	208	218	824	1015	1018	219	0.931	0.189
LOKIASV2_1899_ESMFold_hypothetical_protein	AF-Q9GYZ0-F1-model_v4	AF-Q9GYZ0-F1-model_v4 Kinesin-like protein KIF15	7.502E+00	0.116	33	4	213	218	850	1037	1463	213	0.963	0.129
LOKIASV2_1899_ESMFold_hypothetical_protein	AF-Q80WE4-F1-model_v4	AF-Q80WE4-F1-model_v4 Kinesin-like protein KIF20B	5.805E+00	0.116	33	4	214	218	1245	1464	1774	228	0.968	0.124
LOKIASV2_1899_ESMFold_hypothetical_protein	AF-O14157-F1-model_v4	AF-O14157-F1-model_v4 Myosin type-2 heavy chain 2	6.110E+00	0.116	33	4	214	218	1757	1951	2104	214	0.968	0.093
LOKIASV2_1899_ESMFold_hypothetical_protein	AF-A4X3K6-F1-model_v4	AF-A4X3K6-F1-model_v4 Peptide chain release factor 2	9.210E+00	0.106	32	100	218	218	3	123	373	124	0.546	0.324
LOKIASV2_1899_ESMFold_hypothetical_protein	AF-Q3JL23-F1-model_v4	AF-Q3JL23-F1-model_v4 Translocator protein BipB	3.476E+00	0.106	32	2	207	218	97	256	620	207	0.945	0.258
LOKIASV2_1899_ESMFold_hypothetical_protein	AF-Q6CTI0-F1-model_v4	AF-Q6CTI0-F1-model_v4 Eisosome protein 1	4.728E+00	0.106	32	4	218	218	445	637	830	225	0.986	0.233
LOKIASV2_1899_ESMFold_hypothetical_protein	AF-P0DOA3-F1-model_v4	AF-P0DOA3-F1-model_v4 Apolipoprotein E	6.432E+00	0.098	31	35	218	218	76	222	320	189	0.844	0.459
LOKIASV2_1899_ESMFold_hypothetical_protein	AF-Q31YT6-F1-model_v4	AF-Q31YT6-F1-model_v4 ATP-dependent lipid A-core flippase	2.306E+00	0.098	31	39	218	218	89	328	582	241	0.826	0.412
LOKIASV2_1899_ESMFold_hypothetical_protein	AF-P60752-F1-model_v4	AF-P60752-F1-model_v4 ATP-dependent lipid A-core flippase	2.190E+00	0.098	31	39	218	218	89	328	582	241	0.826	0.412
LOKIASV2_1899_ESMFold_hypothetical_protein	AF-Q2NUA5-F1-model_v4	AF-Q2NUA5-F1-model_v4 ATP-dependent lipid A-core flippase	2.306E+00	0.098	31	39	218	218	89	327	582	241	0.826	0.411
LOKIASV2_1899_ESMFold_hypothetical_protein	AF-Q83N78-F1-model_v4	AF-Q83N78-F1-model_v4 Chaperone protein ClpB	6.432E+00	0.098	31	68	218	218	212	368	699	186	0.693	0.225
LOKIASV2_1899_ESMFold_hypothetical_protein	AF-Q08378-F1-model_v4	AF-Q08378-F1-model_v4 Golgin subfamily A member 3	8.312E+00	0.098	31	4	214	218	925	1108	1498	218	0.968	0.123
LOKIASV2_1899_ESMFold_hypothetical_protein	AF-Q8TF72-F1-model_v4	AF-Q8TF72-F1-model_v4 Protein Shroom3	4.054E+00	0.098	31	1	218	218	1766	1959	1996	236	1.000	0.097
LOKIASV2_1899_ESMFold_hypothetical_protein	AF-P38806-F1-model_v4	AF-P38806-F1-model_v4 Chromatin modification-related protein YNG2	3.476E+00	0.090	30	95	218	218	5	123	282	132	0.569	0.422
LOKIASV2_1899_ESMFold_hypothetical_protein	AF-Q7TN45-F1-model_v4	AF-Q7TN45-F1-model_v4 Mas-related G-protein coupled receptor member B4	7.896E+00	0.090	30	1	212	218	1	201	323	226	0.972	0.622
LOKIASV2_1899_ESMFold_hypothetical_protein	AF-A7INN1-F1-model_v4	AF-A7INN1-F1-model_v4 Serine--tRNA ligase	9.695E+00	0.090	30	94	187	218	29	111	468	94	0.431	0.177
LOKIASV2_1899_ESMFold_hypothetical_protein	AF-Q8LPQ1-F1-model_v4	AF-Q8LPQ1-F1-model_v4 Protein NETWORKED 2C	1.878E+00	0.090	30	6	218	218	211	447	848	256	0.977	0.279
LOKIASV2_1899_ESMFold_hypothetical_protein	AF-Q2M3G4-F1-model_v4	AF-Q2M3G4-F1-model_v4 Protein Shroom1	3.851E+00	0.090	30	35	218	218	647	830	852	202	0.844	0.216
LOKIASV2_1899_ESMFold_hypothetical_protein	AF-Q5JHN1-F1-model_v4	AF-Q5JHN1-F1-model_v4 DNA double-strand break repair Rad50 ATPase	2.190E+00	0.090	30	9	214	218	255	528	883	278	0.945	0.310
LOKIASV2_1899_ESMFold_hypothetical_protein	AF-Q6CXN0-F1-model_v4	AF-Q6CXN0-F1-model_v4 Chromatin modification-related protein YNG2	7.896E+00	0.082	29	72	218	218	12	129	295	147	0.674	0.400
LOKIASV2_1899_ESMFold_hypothetical_protein	AF-Q32E34-F1-model_v4	AF-Q32E34-F1-model_v4 ATP-dependent lipid A-core flippase	2.831E+00	0.082	29	39	218	218	89	328	582	241	0.826	0.412
LOKIASV2_1899_ESMFold_hypothetical_protein	AF-Q9RVI3-F1-model_v4	AF-Q9RVI3-F1-model_v4 Chaperone protein ClpB	8.312E+00	0.082	29	41	209	218	404	572	852	190	0.775	0.198
LOKIASV2_1899_ESMFold_hypothetical_protein	AF-Q8S0J7-F1-model_v4	AF-Q8S0J7-F1-model_v4 Probable membrane-associated 30 kDa protein, chloroplastic	6.432E+00	0.076	28	40	217	218	62	218	317	189	0.817	0.495
LOKIASV2_1899_ESMFold_hypothetical_protein	AF-A8I4J4-F1-model_v4	AF-A8I4J4-F1-model_v4 Serine--tRNA ligase	8.312E+00	0.076	28	79	180	218	25	108	445	102	0.468	0.189
LOKIASV2_1899_ESMFold_hypothetical_protein	AF-P60753-F1-model_v4	AF-P60753-F1-model_v4 ATP-dependent lipid A-core flippase	2.980E+00	0.076	28	39	218	218	89	328	582	241	0.826	0.412
LOKIASV2_1899_ESMFold_hypothetical_protein	AF-Q6HNQ4-F1-model_v4	AF-Q6HNQ4-F1-model_v4 Probable methyl-accepting chemotaxis protein BT9727_0469	8.749E+00	0.076	28	5	213	218	381	585	658	221	0.959	0.312
LOKIASV2_1899_ESMFold_hypothetical_protein	AF-Q9CB26-F1-model_v4	AF-Q9CB26-F1-model_v4 Chaperone protein ClpB	8.312E+00	0.076	28	36	161	218	413	521	848	127	0.578	0.129
LOKIASV2_1899_ESMFold_hypothetical_protein	AF-Q9QXV3-F1-model_v4	AF-Q9QXV3-F1-model_v4 Inhibitor of growth protein 1	8.312E+00	0.069	27	80	218	218	6	132	279	148	0.638	0.455
LOKIASV2_1899_ESMFold_hypothetical_protein	AF-Q9FWW5-F1-model_v4	AF-Q9FWW5-F1-model_v4 WEB family protein At1g12150	4.492E+00	0.069	27	4	214	218	307	535	548	247	0.968	0.418
LOKIASV2_1899_ESMFold_hypothetical_protein	AF-Q1RGR1-F1-model_v4	AF-Q1RGR1-F1-model_v4 Chaperone protein ClpB	8.312E+00	0.069	27	67	217	218	344	523	858	187	0.693	0.210
LOKIASV2_1899_ESMFold_hypothetical_protein	AF-Q28502-F1-model_v4	AF-Q28502-F1-model_v4 Apolipoprotein E	7.502E+00	0.063	26	8	213	218	45	218	295	214	0.945	0.590
LOKIASV2_1899_ESMFold_hypothetical_protein	AF-P18650-F1-model_v4	AF-P18650-F1-model_v4 Apolipoprotein E	4.267E+00	0.063	26	9	214	218	45	237	317	238	0.945	0.609
LOKIASV2_1899_ESMFold_hypothetical_protein	AF-P0CI26-F1-model_v4	AF-P0CI26-F1-model_v4 Tripartite motif-containing protein 49C	6.770E+00	0.063	26	71	215	218	129	262	452	152	0.665	0.296
LOKIASV2_1899_ESMFold_hypothetical_protein	AF-Q7AKE5-F1-model_v4	AF-Q7AKE5-F1-model_v4 ABC transporter ATP-binding protein RamB	4.492E+00	0.063	26	39	212	218	89	312	608	224	0.798	0.368
LOKIASV2_1899_ESMFold_hypothetical_protein	AF-Q5SX79-F1-model_v4	AF-Q5SX79-F1-model_v4 Protein Shroom1	5.514E+00	0.063	26	12	218	218	616	801	823	227	0.950	0.226
LOKIASV2_1899_ESMFold_hypothetical_protein	AF-Q9CFF3-F1-model_v4	AF-Q9CFF3-F1-model_v4 Chaperone protein ClpB	9.695E+00	0.063	26	41	210	218	415	548	867	175	0.780	0.155
LOKIASV2_1899_ESMFold_hypothetical_protein	AF-Q5QNQ6-F1-model_v4	AF-Q5QNQ6-F1-model_v4 Oxysterol-binding protein 2	8.312E+00	0.063	26	75	213	218	266	388	908	148	0.638	0.135
LOKIASV2_1899_ESMFold_hypothetical_protein	AF-P0DKW5-F1-model_v4	AF-P0DKW5-F1-model_v4 Apolipoprotein E	6.770E+00	0.057	25	13	218	218	66	279	281	229	0.945	0.762
LOKIASV2_1899_ESMFold_hypothetical_protein	AF-A9ZLL8-F1-model_v4	AF-A9ZLL8-F1-model_v4 Protein lsd90	7.502E+00	0.057	25	4	213	218	310	535	756	235	0.963	0.299
LOKIASV2_1899_ESMFold_hypothetical_protein	AF-P0DO94-F1-model_v4	AF-P0DO94-F1-model_v4 Apolipoprotein E	8.312E+00	0.051	24	8	218	218	45	219	317	223	0.968	0.552
LOKIASV2_1899_ESMFold_hypothetical_protein	AF-Q9SKC2-F1-model_v4	AF-Q9SKC2-F1-model_v4 Probable E3 ubiquitin-protein ligase ARI11	3.851E+00	0.051	24	6	218	218	350	526	542	227	0.977	0.327
LOKIASV2_1899_ESMFold_hypothetical_protein	AF-P0DKY2-F1-model_v4	AF-P0DKY2-F1-model_v4 Apolipoprotein E	9.695E+00	0.045	23	34	218	218	73	219	317	188	0.849	0.464
LOKIASV2_1899_ESMFold_hypothetical_protein	AF-Q87S63-F1-model_v4	AF-Q87S63-F1-model_v4 Chaperone protein ClpB	8.312E+00	0.045	23	63	178	218	393	523	857	141	0.532	0.153
LOKIASV2_1899_ESMFold_hypothetical_protein	AF-Q6N1H2-F1-model_v4	AF-Q6N1H2-F1-model_v4 Chaperone protein ClpB	7.127E+00	0.045	23	73	218	218	394	525	879	160	0.670	0.150
LOKIASV2_1899_ESMFold_hypothetical_protein	AF-Q8CQ32-F1-model_v4	AF-Q8CQ32-F1-model_v4 Iron-sulfur cluster repair protein ScdA	7.127E+00	0.040	22	33	201	218	76	223	224	186	0.775	0.661
LOKIASV2_1899_ESMFold_hypothetical_protein	AF-Q5HR69-F1-model_v4	AF-Q5HR69-F1-model_v4 Iron-sulfur cluster repair protein ScdA	7.127E+00	0.040	22	33	201	218	76	223	224	186	0.775	0.661
LOKIASV2_1899_ESMFold_hypothetical_protein	AF-Q9SMU4-F1-model_v4	AF-Q9SMU4-F1-model_v4 UPF0496 protein At3g49070	7.502E+00	0.040	22	12	204	218	221	400	416	221	0.885	0.433
LOKIASV2_1899_ESMFold_hypothetical_protein	AF-Q7CQ01-F1-model_v4	AF-Q7CQ01-F1-model_v4 Chaperone protein ClpB	2.689E+00	0.040	22	65	216	218	367	525	857	187	0.697	0.186
LOKIASV2_1899_ESMFold_hypothetical_protein	AF-Q6GIB2-F1-model_v4	AF-Q6GIB2-F1-model_v4 Chaperone protein ClpB	3.302E+00	0.040	22	65	218	218	366	529	869	189	0.706	0.189
LOKIASV2_1899_ESMFold_hypothetical_protein	AF-Q99VB5-F1-model_v4	AF-Q99VB5-F1-model_v4 Chaperone protein ClpB	3.137E+00	0.040	22	65	218	218	366	528	869	189	0.706	0.188
LOKIASV2_1899_ESMFold_hypothetical_protein	AF-Q7A6G6-F1-model_v4	AF-Q7A6G6-F1-model_v4 Chaperone protein ClpB	3.302E+00	0.040	22	67	218	218	369	528	869	187	0.697	0.184
LOKIASV2_1899_ESMFold_hypothetical_protein	AF-Q4L8T8-F1-model_v4	AF-Q4L8T8-F1-model_v4 Iron-sulfur cluster repair protein ScdA	9.695E+00	0.034	21	34	207	218	75	220	222	184	0.798	0.658
LOKIASV2_1899_ESMFold_hypothetical_protein	AF-P48748-F1-model_v4	AF-P48748-F1-model_v4 B1 bradykinin receptor	9.210E+00	0.034	21	36	218	218	43	241	352	225	0.839	0.565
LOKIASV2_1899_ESMFold_hypothetical_protein	AF-Q7AMH5-F1-model_v4	AF-Q7AMH5-F1-model_v4 Chaperone protein ClpB	3.302E+00	0.034	21	65	216	218	367	525	857	187	0.697	0.186
LOKIASV2_1899_ESMFold_hypothetical_protein	AF-Q68XR2-F1-model_v4	AF-Q68XR2-F1-model_v4 Chaperone protein ClpB	6.110E+00	0.034	21	65	218	218	368	524	858	188	0.706	0.183
LOKIASV2_1899_ESMFold_hypothetical_protein	AF-O83110-F1-model_v4	AF-O83110-F1-model_v4 Chaperone protein ClpB	4.728E+00	0.034	21	73	218	218	392	529	878	167	0.670	0.157
LOKIASV2_1899_ESMFold_hypothetical_protein	AF-Q8EBE6-F1-model_v4	AF-Q8EBE6-F1-model_v4 Chaperone protein ClpB	5.805E+00	0.029	20	65	218	218	367	523	857	188	0.706	0.183
LOKIASV2_1899_ESMFold_hypothetical_protein	AF-Q5HQI5-F1-model_v4	AF-Q5HQI5-F1-model_v4 Chaperone protein ClpB	5.805E+00	0.029	20	65	211	218	366	522	869	182	0.674	0.181
LOKIASV2_1899_ESMFold_hypothetical_protein	AF-Q9ZEA9-F1-model_v4	AF-Q9ZEA9-F1-model_v4 Chaperone protein ClpB	7.127E+00	0.024	19	65	218	218	368	523	858	188	0.706	0.182
LOKIASV2_1899_ESMFold_hypothetical_protein	AF-Q826F2-F1-model_v4	AF-Q826F2-F1-model_v4 Chaperone protein ClpB 2	6.432E+00	0.024	19	67	218	218	375	532	879	184	0.697	0.180
LOKIASV2_1899_ESMFold_hypothetical_protein	AF-Q81GM5-F1-model_v4	AF-Q81GM5-F1-model_v4 Chaperone protein ClpB	6.770E+00	0.016	17	65	213	218	370	521	866	181	0.683	0.176
LOKIASV2_1899_ESMFold_hypothetical_protein	AF-Q71XF9-F1-model_v4	AF-Q71XF9-F1-model_v4 Chaperone protein ClpB	9.210E+00	0.016	17	65	216	218	369	530	866	187	0.697	0.187
LOKIASV2_1899_ESMFold_hypothetical_protein	AF-Q8DJ40-F1-model_v4	AF-Q8DJ40-F1-model_v4 Chaperone protein ClpB 1	7.502E+00	0.016	17	73	211	218	393	524	871	160	0.638	0.152
