LOKIASV2_2099_ESMFold_hypothetical_protein	7k09-assembly1.cif.gz_A	7k09-assembly1.cif.gz_A Puromycin N-acetyltransferase in complex with acetyl-CoA	2.605E-12	1.000	402	12	209	209	1	194	194	205	0.947	1.000
LOKIASV2_2099_ESMFold_hypothetical_protein	2qec-assembly1.cif.gz_A-2	2qec-assembly1.cif.gz_A-2 Crystal structure of histone acetyltransferase HPA2 and related acetyltransferase (NP_600742.1) from Corynebacterium glutamicum ATCC 13032 at 1.90 A resolution	2.151E-07	1.000	239	10	209	209	1	178	181	217	0.957	0.983
LOKIASV2_2099_ESMFold_hypothetical_protein	3qb8-assembly2.cif.gz_B	3qb8-assembly2.cif.gz_B Paramecium Chlorella Bursaria Virus1 Putative ORF A654L is a Polyamine Acetyltransferase	5.395E-07	1.000	209	14	206	209	4	196	197	216	0.923	0.980
LOKIASV2_2099_ESMFold_hypothetical_protein	5gi7-assembly1.cif.gz_A	5gi7-assembly1.cif.gz_A Crystal Structure of Drosophila melanogaster Dopamine N-Acetyltransferase in Ternary Complex with CoA and Acetyl-phenylethylamine	1.433E-06	1.000	192	14	206	209	4	209	210	226	0.923	0.981
LOKIASV2_2099_ESMFold_hypothetical_protein	5gi6-assembly1.cif.gz_A	5gi6-assembly1.cif.gz_A Crystal Structure of Drosophila melanogaster Dopamine N-Acetyltransferase Bound to CoA and Phenylethylamine	1.348E-05	1.000	179	14	206	209	6	201	202	219	0.923	0.970
LOKIASV2_2099_ESMFold_hypothetical_protein	5gi5-assembly1.cif.gz_A	5gi5-assembly1.cif.gz_A Crystal Structure of Drosophila melanogaster Dopamine N-Acetyltransferase Bound to CoA	9.548E-06	1.000	176	14	206	209	9	208	209	224	0.923	0.957
LOKIASV2_2099_ESMFold_hypothetical_protein	5gii-assembly1.cif.gz_A	5gii-assembly1.cif.gz_A Crystal Structure of Drosophila melanogaster E47N Dopamine N-Acetyltransferase in Ternary Complex with CoA and Acetyl-phenylethylamine	7.163E-06	1.000	174	14	205	209	4	208	210	225	0.919	0.976
LOKIASV2_2099_ESMFold_hypothetical_protein	5gih-assembly1.cif.gz_A	5gih-assembly1.cif.gz_A Crystal Structure of Drosophila melanogaster E47D Dopamine N-Acetyltransferase in Ternary Complex with CoA and Acetyl-phenylethylamine	9.548E-06	1.000	172	14	205	209	4	208	210	225	0.919	0.976
LOKIASV2_2099_ESMFold_hypothetical_protein	4fd4-assembly2.cif.gz_B	4fd4-assembly2.cif.gz_B Crystal structure of mosquito arylalkylamine N-Acetyltransferase like 5b	1.348E-05	1.000	163	14	204	209	4	209	212	221	0.914	0.972
LOKIASV2_2099_ESMFold_hypothetical_protein	7ciu-assembly1.cif.gz_A	7ciu-assembly1.cif.gz_A Crystal Structure of Agmatine N-Acetyltransferase mutant S171A apo form	1.696E-05	1.000	160	10	204	209	1	207	210	224	0.933	0.986
LOKIASV2_2099_ESMFold_hypothetical_protein	6v3t-assembly6.cif.gz_G	6v3t-assembly6.cif.gz_G X-Ray Crystal Structure of Tribolium castaneum Arylalkylamine N-acyltransferase in Complex with Acetyl-CoA	1.348E-05	1.000	158	14	204	209	3	209	213	222	0.914	0.972
LOKIASV2_2099_ESMFold_hypothetical_protein	4fd5-assembly1.cif.gz_A	4fd5-assembly1.cif.gz_A Crystal structure of arylalkylamine N-Acetyltransferase 2 from Aedes aegypti	5.055E-05	1.000	157	14	208	209	5	216	216	227	0.933	0.981
LOKIASV2_2099_ESMFold_hypothetical_protein	5k9n-assembly2.cif.gz_B	5k9n-assembly2.cif.gz_B Structural and Mechanistic Analysis of Drosophila melanogaster Polyamine N acetyltransferase, an enzyme that Catalyzes the Formation of N acetylagmatine	1.797E-05	1.000	152	14	206	209	4	208	209	231	0.923	0.981
LOKIASV2_2099_ESMFold_hypothetical_protein	7ciu-assembly2.cif.gz_B	7ciu-assembly2.cif.gz_B Crystal Structure of Agmatine N-Acetyltransferase mutant S171A apo form	2.686E-05	1.000	148	14	204	209	4	202	205	224	0.914	0.971
LOKIASV2_2099_ESMFold_hypothetical_protein	6z00-assembly2.cif.gz_B	6z00-assembly2.cif.gz_B Arabidopsis thaliana Naa50 in complex with bisubstrate analogue CoA-Ac-MVNAL	5.035E-04	1.000	146	131	206	209	68	150	151	83	0.364	0.550
LOKIASV2_2099_ESMFold_hypothetical_protein	1wwz-assembly1.cif.gz_B	1wwz-assembly1.cif.gz_B Crystal structure of PH1933 from Pyrococcus horikoshii OT3	2.385E-04	1.000	146	13	209	209	6	157	157	203	0.943	0.968
LOKIASV2_2099_ESMFold_hypothetical_protein	1tiq-assembly1.cif.gz_A	1tiq-assembly1.cif.gz_A Crystal Structure of an Acetyltransferase (PaiA) in complex with CoA and DTT from Bacillus subtilis, Northeast Structural Genomics Target SR64.	1.007E-04	1.000	145	14	204	209	4	165	173	207	0.914	0.936
LOKIASV2_2099_ESMFold_hypothetical_protein	1wk4-assembly1.cif.gz_A	1wk4-assembly1.cif.gz_A Crystal structure of ttk003001606	6.006E-05	1.000	145	14	205	209	3	165	174	210	0.919	0.937
LOKIASV2_2099_ESMFold_hypothetical_protein	2cnt-assembly4.cif.gz_D	2cnt-assembly4.cif.gz_D RimI - Ribosomal S18 N-alpha-protein acetyltransferase in complex with CoenzymeA.	3.778E-04	1.000	143	14	208	209	4	147	151	210	0.933	0.954
LOKIASV2_2099_ESMFold_hypothetical_protein	1tiq-assembly2.cif.gz_B	1tiq-assembly2.cif.gz_B Crystal Structure of an Acetyltransferase (PaiA) in complex with CoA and DTT from Bacillus subtilis, Northeast Structural Genomics Target SR64.	1.690E-04	1.000	143	14	204	209	4	159	168	205	0.914	0.929
LOKIASV2_2099_ESMFold_hypothetical_protein	4fd7-assembly4.cif.gz_D	4fd7-assembly4.cif.gz_D Crystal structure of insect putative arylalkylamine N-Acetyltransferase 7 from the yellow fever mosquito Aedes aegypt	2.834E-04	1.000	142	14	208	209	32	237	237	225	0.933	0.869
LOKIASV2_2099_ESMFold_hypothetical_protein	5isv-assembly2.cif.gz_B	5isv-assembly2.cif.gz_B Crystal structure of the ribosomal-protein-S18-alanine N-acetyltransferase from Escherichia coli	6.337E-04	1.000	133	14	209	209	4	148	155	209	0.938	0.935
LOKIASV2_2099_ESMFold_hypothetical_protein	2r7h-assembly1.cif.gz_A	2r7h-assembly1.cif.gz_A CRYSTAL STRUCTURE OF A putative acetyltransferase of the GNAT family (DDE_3044) FROM DESULFOVIBRIO DESULFURICANS SUBSP. AT 1.85 A RESOLUTION	3.567E-04	1.000	133	14	208	209	4	157	157	210	0.933	0.981
LOKIASV2_2099_ESMFold_hypothetical_protein	6ppl-assembly1.cif.gz_A	6ppl-assembly1.cif.gz_A Cryo-EM structure of human NatE complex (NatA/Naa50)	6.337E-04	1.000	132	14	208	209	8	155	155	208	0.933	0.955
LOKIASV2_2099_ESMFold_hypothetical_protein	6ygd-assembly1.cif.gz_A	6ygd-assembly1.cif.gz_A Crystal structure of the NatC complex bound to Gag peptide and CoA	1.506E-04	1.000	131	6	208	209	1	159	159	223	0.971	1.000
LOKIASV2_2099_ESMFold_hypothetical_protein	4m85-assembly4.cif.gz_D	4m85-assembly4.cif.gz_D Crystal structure of N-acetyltransferase from Staphylococcus aureus Mu50	3.368E-04	1.000	131	14	204	209	3	182	183	213	0.914	0.984
LOKIASV2_2099_ESMFold_hypothetical_protein	6dys-assembly1.cif.gz_A	6dys-assembly1.cif.gz_A C-terminal condensation domain of Ebony in complex with beta-alanyl-dopamine	1.343E-04	1.000	130	14	204	209	6	210	213	225	0.914	0.962
LOKIASV2_2099_ESMFold_hypothetical_protein	8osp-assembly2.cif.gz_C	8osp-assembly2.cif.gz_C GCN5-related N-Acetyltransferase from Lactobacillus curiae	4.001E-04	1.000	128	14	205	209	8	172	174	214	0.919	0.948
LOKIASV2_2099_ESMFold_hypothetical_protein	6ag5-assembly1.cif.gz_A	6ag5-assembly1.cif.gz_A Crystal structure of Ard1 N-terminal acetyltransferase E88H/H127E mutant from Sulfolobus solfataricus	8.446E-04	1.000	126	14	206	209	4	156	157	205	0.923	0.975
LOKIASV2_2099_ESMFold_hypothetical_protein	2fiw-assembly1.cif.gz_A	2fiw-assembly1.cif.gz_A Crystal Structure of the GCN5-Related N-acetyltransferase: Aminotransferase, Class-II from Rhodopseudomonas palustris	1.004E-03	1.000	126	5	206	209	2	159	160	216	0.967	0.988
LOKIASV2_2099_ESMFold_hypothetical_protein	3fnc-assembly1.cif.gz_B	3fnc-assembly1.cif.gz_B Crystal structure of a putative acetyltransferase from Listeria innocua	4.489E-04	1.000	125	14	209	209	6	161	161	209	0.938	0.969
LOKIASV2_2099_ESMFold_hypothetical_protein	7l1k-assembly1.cif.gz_A	7l1k-assembly1.cif.gz_A Cryo-EM structure of S. Pombe NatC complex with a Bisubstrate inhibitor and inositol hexaphosphate	5.649E-04	1.000	122	14	206	209	2	148	149	212	0.923	0.987
LOKIASV2_2099_ESMFold_hypothetical_protein	2fia-assembly1.cif.gz_A	2fia-assembly1.cif.gz_A The crystal structure of the acetyltransferase from Enterococcus faecalis	1.338E-03	1.000	122	14	208	209	3	157	157	218	0.933	0.987
LOKIASV2_2099_ESMFold_hypothetical_protein	7mx2-assembly1.cif.gz_A	7mx2-assembly1.cif.gz_A Cryo-EM structure of human ternary NatC complex with a Bisubstrate inhibitor	3.986E-03	1.000	120	131	206	209	70	150	152	84	0.364	0.533
LOKIASV2_2099_ESMFold_hypothetical_protein	1q2y-assembly1.cif.gz_A	1q2y-assembly1.cif.gz_A Crystal structure of the protein YJCF from Bacillus subtilis: a member of the GCN5-related N-acetyltransferase superfamily fold	1.263E-03	1.000	119	14	206	209	3	140	140	201	0.923	0.986
LOKIASV2_2099_ESMFold_hypothetical_protein	4e2a-assembly1.cif.gz_A	4e2a-assembly1.cif.gz_A Crystal Structure of the Putative acetyltransferase from Streptococcus mutans	7.974E-04	1.000	119	14	206	209	4	169	170	211	0.923	0.976
LOKIASV2_2099_ESMFold_hypothetical_protein	1u6m-assembly4.cif.gz_D	1u6m-assembly4.cif.gz_D The crystal structure of acetyltransferase	3.368E-04	1.000	119	14	208	209	3	189	189	215	0.933	0.989
LOKIASV2_2099_ESMFold_hypothetical_protein	6wf5-assembly2.cif.gz_B	6wf5-assembly2.cif.gz_B Crystal structure of human Naa50 in complex with a truncated cofactor derived inhibitor (compound 2)	2.118E-03	1.000	118	14	208	209	4	151	159	209	0.933	0.931
LOKIASV2_2099_ESMFold_hypothetical_protein	2kcw-assembly1.cif.gz_A	2kcw-assembly1.cif.gz_A Solution structure of Apo-form YjaB from Escherichia coli	2.376E-03	1.000	115	14	208	209	5	147	147	201	0.933	0.973
LOKIASV2_2099_ESMFold_hypothetical_protein	4pv6-assembly8.cif.gz_N	4pv6-assembly8.cif.gz_N Crystal Structure Analysis of Ard1 from Thermoplasma volcanium	2.517E-03	1.000	115	14	209	209	5	148	148	205	0.938	0.973
LOKIASV2_2099_ESMFold_hypothetical_protein	2g3a-assembly1.cif.gz_A-2	2g3a-assembly1.cif.gz_A-2 Crystal structure of putative acetyltransferase from Agrobacterium tumefaciens	8.911E-03	1.000	114	132	205	209	60	135	137	80	0.354	0.555
LOKIASV2_2099_ESMFold_hypothetical_protein	6wf5-assembly1.cif.gz_A	6wf5-assembly1.cif.gz_A Crystal structure of human Naa50 in complex with a truncated cofactor derived inhibitor (compound 2)	2.000E-03	1.000	114	14	209	209	4	152	165	212	0.938	0.903
LOKIASV2_2099_ESMFold_hypothetical_protein	1kuy-assembly1.cif.gz_A	1kuy-assembly1.cif.gz_A X-ray Crystallographic Studies of Serotonin N-acetyltransferase Catalysis and Inhibition	2.376E-03	1.000	113	6	206	209	1	165	166	214	0.962	0.994
LOKIASV2_2099_ESMFold_hypothetical_protein	6zmp-assembly2.cif.gz_B	6zmp-assembly2.cif.gz_B Crystal structure of Chaetomium thermophilum Naa20 in complex with a bisubstrate analogue	4.489E-04	1.000	112	14	206	209	3	164	190	222	0.923	0.853
LOKIASV2_2099_ESMFold_hypothetical_protein	8bjq-assembly1.cif.gz_A	8bjq-assembly1.cif.gz_A Structure of a yeast 80S ribosome-bound N-Acetyltransferase B complex	1.589E-03	1.000	112	130	206	209	73	170	195	98	0.368	0.503
LOKIASV2_2099_ESMFold_hypothetical_protein	7rb3-assembly1.cif.gz_A	7rb3-assembly1.cif.gz_A Cryo-EM structure of human binary NatC complex with a Bisubstrate inhibitor	6.686E-03	1.000	110	14	206	209	3	143	145	203	0.923	0.972
LOKIASV2_2099_ESMFold_hypothetical_protein	3ld2-assembly3.cif.gz_C	3ld2-assembly3.cif.gz_C The Crystal Structure of smu.2055 from Streptococcus mutans UA159	1.059E-02	1.000	108	14	208	209	3	158	158	208	0.933	0.987
LOKIASV2_2099_ESMFold_hypothetical_protein	7ypu-assembly2.cif.gz_C	7ypu-assembly2.cif.gz_C OrfE-CoA-glycylthricin complex	5.960E-03	1.000	107	132	204	209	85	166	169	82	0.349	0.485
LOKIASV2_2099_ESMFold_hypothetical_protein	5c82-assembly1.cif.gz_A-2	5c82-assembly1.cif.gz_A-2 Crystal structure of Nourseothricin acetyltransferase	4.222E-03	1.000	107	132	208	209	85	170	170	88	0.368	0.506
LOKIASV2_2099_ESMFold_hypothetical_protein	6ag4-assembly1.cif.gz_A	6ag4-assembly1.cif.gz_A Crystal structure of Ard1 N-terminal acetyltransferase H88A/E127A mutant from Sulfolobus solfataricus	5.313E-03	1.000	106	14	204	209	4	154	157	204	0.914	0.962
LOKIASV2_2099_ESMFold_hypothetical_protein	6vp9-assembly1.cif.gz_A	6vp9-assembly1.cif.gz_A Cryo-EM structure of human NatB complex	2.823E-03	1.000	106	14	209	209	3	156	158	214	0.938	0.975
LOKIASV2_2099_ESMFold_hypothetical_protein	2pc1-assembly1.cif.gz_A	2pc1-assembly1.cif.gz_A Crystal structure of acetyltransferase GNAT family (NP_688560.1) from Streptococcus agalactiae 2603 at 1.28 A resolution	7.500E-03	1.000	106	7	209	209	1	173	173	219	0.971	1.000
LOKIASV2_2099_ESMFold_hypothetical_protein	2ae6-assembly1.cif.gz_D	2ae6-assembly1.cif.gz_D Crystal Structure of Acetyltransferase of GNAT family from Enterococcus faecalis V583	1.338E-03	1.000	105	14	206	209	3	143	144	204	0.923	0.979
LOKIASV2_2099_ESMFold_hypothetical_protein	2jdd-assembly1.cif.gz_A	2jdd-assembly1.cif.gz_A Glyphosate N-acetyltransferase bound to acetyl COA and 3-phosphoglycerate	1.188E-02	1.000	105	14	208	209	3	145	145	201	0.933	0.986
LOKIASV2_2099_ESMFold_hypothetical_protein	7ypu-assembly4.cif.gz_H	7ypu-assembly4.cif.gz_H OrfE-CoA-glycylthricin complex	7.081E-03	1.000	105	132	204	209	79	160	162	82	0.349	0.506
LOKIASV2_2099_ESMFold_hypothetical_protein	7kwj-assembly1.cif.gz_A	7kwj-assembly1.cif.gz_A Spermidine N-acetyltransferase SpeG K23-Q34 chimera from Vibrio cholerae and hSSAT	1.888E-03	1.000	105	14	207	209	5	157	163	212	0.928	0.939
LOKIASV2_2099_ESMFold_hypothetical_protein	6rxt-assembly1.cif.gz_CR	6rxt-assembly1.cif.gz_CR Cryo-EM structure of the 90S pre-ribosome (Kre33-Noc4) from Chaetomium thermophilum, state A	2.834E-04	1.000	105	9	209	209	401	604	760	243	0.962	0.268
LOKIASV2_2099_ESMFold_hypothetical_protein	5k04-assembly1.cif.gz_B	5k04-assembly1.cif.gz_B The NatB Acetyltransferase Complex Bound To CoA and MES	9.475E-04	1.000	104	14	205	209	3	150	153	214	0.919	0.967
LOKIASV2_2099_ESMFold_hypothetical_protein	5hgz-assembly1.cif.gz_A	5hgz-assembly1.cif.gz_A Crystal structure of human Naa60 in complex with acetyl-CoA	1.500E-03	1.000	103	14	204	209	15	178	211	214	0.914	0.777
LOKIASV2_2099_ESMFold_hypothetical_protein	7ypu-assembly4.cif.gz_G	7ypu-assembly4.cif.gz_G OrfE-CoA-glycylthricin complex	9.439E-03	1.000	102	132	204	209	80	161	164	82	0.349	0.500
LOKIASV2_2099_ESMFold_hypothetical_protein	1vhs-assembly1.cif.gz_A	1vhs-assembly1.cif.gz_A Crystal structure of a putative phosphinothricin N-acetyltransferase	8.911E-03	1.000	102	14	209	209	4	165	165	219	0.938	0.982
LOKIASV2_2099_ESMFold_hypothetical_protein	3wr7-assembly1.cif.gz_A-3	3wr7-assembly1.cif.gz_A-3 Crystal Structure of Spermidine Acetyltransferase from Escherichia coli	2.666E-03	1.000	100	14	207	209	5	162	170	218	0.928	0.929
LOKIASV2_2099_ESMFold_hypothetical_protein	3pp9-assembly2.cif.gz_B	3pp9-assembly2.cif.gz_B 1.6 Angstrom resolution crystal structure of putative streptothricin acetyltransferase from Bacillus anthracis str. Ames in complex with acetyl coenzyme A	3.355E-03	1.000	100	132	209	209	88	174	174	87	0.373	0.500
LOKIASV2_2099_ESMFold_hypothetical_protein	4zbg-assembly1.cif.gz_A	4zbg-assembly1.cif.gz_A Crystal Structure of a GNAT family Acetyltransferase from Brucella melitensis in complex with Acetyl-CoA	1.332E-02	0.999	99	14	209	209	6	140	154	204	0.938	0.877
LOKIASV2_2099_ESMFold_hypothetical_protein	7ypu-assembly2.cif.gz_D	7ypu-assembly2.cif.gz_D OrfE-CoA-glycylthricin complex	1.258E-02	0.999	99	132	204	209	83	164	167	82	0.349	0.491
LOKIASV2_2099_ESMFold_hypothetical_protein	4kua-assembly1.cif.gz_A	4kua-assembly1.cif.gz_A Crystal structure of a GNAT superfamily acetyltransferase PA4794	6.686E-03	0.999	98	134	208	209	77	161	161	86	0.359	0.528
LOKIASV2_2099_ESMFold_hypothetical_protein	3dr8-assembly1.cif.gz_A	3dr8-assembly1.cif.gz_A Structure of yncA, a putative ACETYLTRANSFERASE from Salmonella typhimurium with its cofactor Acetyl-CoA	1.059E-02	0.999	98	14	209	209	5	166	173	214	0.938	0.936
LOKIASV2_2099_ESMFold_hypothetical_protein	3pp9-assembly2.cif.gz_C	3pp9-assembly2.cif.gz_C 1.6 Angstrom resolution crystal structure of putative streptothricin acetyltransferase from Bacillus anthracis str. Ames in complex with acetyl coenzyme A	7.944E-03	0.999	98	132	208	209	89	173	173	85	0.368	0.491
LOKIASV2_2099_ESMFold_hypothetical_protein	2a4n-assembly1.cif.gz_A	2a4n-assembly1.cif.gz_A Crystal structure of aminoglycoside 6'-N-acetyltransferase complexed with coenzyme A	5.016E-03	0.999	98	14	209	209	3	177	180	235	0.938	0.972
LOKIASV2_2099_ESMFold_hypothetical_protein	6r45-assembly1.cif.gz_A	6r45-assembly1.cif.gz_A Crystal structure of eukaryotic O-GlcNAcase HAT-like domain	2.376E-03	0.999	98	14	204	209	8	205	208	216	0.914	0.952
LOKIASV2_2099_ESMFold_hypothetical_protein	1b6b-assembly2.cif.gz_B	1b6b-assembly2.cif.gz_B MELATONIN BIOSYNTHESIS: THE STRUCTURE OF SEROTONIN N-ACETYLTRANSFERASE AT 2.5 A RESOLUTION SUGGESTS A CATALYTIC MECHANISM	5.960E-03	0.999	97	14	208	209	3	151	156	200	0.933	0.955
LOKIASV2_2099_ESMFold_hypothetical_protein	7ypu-assembly1.cif.gz_A	7ypu-assembly1.cif.gz_A OrfE-CoA-glycylthricin complex	8.414E-03	0.999	97	132	204	209	82	163	166	85	0.349	0.494
LOKIASV2_2099_ESMFold_hypothetical_protein	4r3k-assembly1.cif.gz_A	4r3k-assembly1.cif.gz_A Crystal structure of Ard1 N-terminal acetyltransferase from Sulfolobus solfataricus bound to CoA	8.911E-03	0.999	96	14	204	209	4	154	157	205	0.914	0.962
LOKIASV2_2099_ESMFold_hypothetical_protein	2ree-assembly2.cif.gz_B	2ree-assembly2.cif.gz_B Crystal structure of the loading GNATL domain of CurA from Lyngbya majuscula	4.222E-03	0.999	96	14	206	209	5	195	199	232	0.923	0.960
LOKIASV2_2099_ESMFold_hypothetical_protein	1yvk-assembly1.cif.gz_D	1yvk-assembly1.cif.gz_D Crystal Structure of the Bacillis subtilis Acetyltransferase in complex with CoA, Northeast Structural Genomics Target SR237.	1.332E-02	0.998	95	14	206	209	6	150	152	213	0.923	0.954
LOKIASV2_2099_ESMFold_hypothetical_protein	6ao7-assembly1.cif.gz_A-2	6ao7-assembly1.cif.gz_A-2 Crystal Structure of a GNAT family acetyltransferase from Elizabethkingia anophelis with acetyl-CoA bound	1.059E-02	0.998	94	58	206	209	30	152	153	171	0.713	0.804
LOKIASV2_2099_ESMFold_hypothetical_protein	8g0l-assembly1.cif.gz_A	8g0l-assembly1.cif.gz_A Semi-synthetic CoA-alpha-Synuclein Constructs Trap N-terminal Acetyltransferase NatB for Binding Mechanism Studies	7.081E-03	0.998	94	14	208	209	3	156	158	216	0.933	0.975
LOKIASV2_2099_ESMFold_hypothetical_protein	1yr0-assembly2.cif.gz_D	1yr0-assembly2.cif.gz_D Crystal structure of phosphinothricin acetyltransferase from agrobacterium tumefaciens	1.411E-02	0.998	94	14	206	209	4	162	163	209	0.923	0.975
LOKIASV2_2099_ESMFold_hypothetical_protein	5hh1-assembly1.cif.gz_A-2	5hh1-assembly1.cif.gz_A-2 Crystal structure of human Naa60 mutant - F34A in complex with CoA	5.313E-03	0.998	94	14	205	209	11	175	195	210	0.919	0.846
LOKIASV2_2099_ESMFold_hypothetical_protein	4hny-assembly2.cif.gz_D	4hny-assembly2.cif.gz_D Apo N-terminal acetyltransferase complex A	1.059E-02	0.998	94	122	208	209	89	179	216	94	0.416	0.421
LOKIASV2_2099_ESMFold_hypothetical_protein	3ddd-assembly1.cif.gz_A	3ddd-assembly1.cif.gz_A Crystal structure of A Putative Acetyltransferase (NP_142035.1) from PYROCOCCUS HORIKOSHII at 2.25 A resolution	6.686E-03	0.998	94	1	190	209	5	137	281	193	0.909	0.473
LOKIASV2_2099_ESMFold_hypothetical_protein	6zqc-assembly1.cif.gz_JB	6zqc-assembly1.cif.gz_JB Cryo-EM structure of the 90S pre-ribosome from Saccharomyces cerevisiae, state Pre-A1	6.711E-04	0.998	94	9	206	209	474	676	835	243	0.947	0.243
LOKIASV2_2099_ESMFold_hypothetical_protein	3bln-assembly1.cif.gz_A-2	3bln-assembly1.cif.gz_A-2 Crystal structure of acetyltransferase GNAT family (NP_981174.1) from Bacillus cereus ATCC 10987 at 1.31 A resolution	1.992E-02	0.998	93	14	209	209	5	142	142	204	0.938	0.972
LOKIASV2_2099_ESMFold_hypothetical_protein	8a9n-assembly1.cif.gz_B	8a9n-assembly1.cif.gz_B Structure of DpA polyamine acetyltransferase in complex with 1,3-DAP	1.121E-02	0.998	93	14	192	209	5	142	149	192	0.856	0.926
LOKIASV2_2099_ESMFold_hypothetical_protein	7ypv-assembly1.cif.gz_B	7ypv-assembly1.cif.gz_B Crystal structure of OrE-ST-F	1.677E-02	0.998	93	132	206	209	87	170	171	87	0.359	0.491
LOKIASV2_2099_ESMFold_hypothetical_protein	6tgx-assembly2.cif.gz_B	6tgx-assembly2.cif.gz_B Crystal structure of Arabidopsis thaliana NAA60 in complex with a bisubstrate analogue	1.683E-03	0.998	93	23	205	209	9	169	172	206	0.876	0.936
LOKIASV2_2099_ESMFold_hypothetical_protein	3juw-assembly2.cif.gz_C-2	3juw-assembly2.cif.gz_C-2 Putative GnaT-family acetyltransferase from Bordetella pertussis.	1.583E-02	0.997	92	6	206	209	1	164	164	215	0.962	1.000
LOKIASV2_2099_ESMFold_hypothetical_protein	8a9o-assembly1.cif.gz_A	8a9o-assembly1.cif.gz_A Structure of the polyamine acetyltransferase DpA	1.776E-02	0.997	91	14	191	209	7	143	148	191	0.852	0.926
LOKIASV2_2099_ESMFold_hypothetical_protein	5k18-assembly1.cif.gz_B	5k18-assembly1.cif.gz_B The NatB Acetyltransferase Complex Bound To bisubstrate inhibitor	3.763E-03	0.997	91	14	204	209	3	159	179	219	0.914	0.877
LOKIASV2_2099_ESMFold_hypothetical_protein	4xpd-assembly1.cif.gz_B	4xpd-assembly1.cif.gz_B Crystal structure of yeast N-terminal acetyltransferase NatE (ppGpp) in complex with a bisubstrate	2.656E-02	0.997	91	128	208	209	75	162	187	88	0.388	0.471
LOKIASV2_2099_ESMFold_hypothetical_protein	1y9w-assembly1.cif.gz_B	1y9w-assembly1.cif.gz_B Structural Genomics, 1.9A crystal structure of an acetyltransferase from Bacillus cereus ATCC 14579	3.342E-02	0.996	90	132	205	209	63	138	140	82	0.354	0.543
LOKIASV2_2099_ESMFold_hypothetical_protein	3h4q-assembly1.cif.gz_A	3h4q-assembly1.cif.gz_A Crystal structure of putative acetyltransferase (NP_371943.1) from STAPHYLOCOCCUS AUREUS MU50 at 2.50 A resolution	1.188E-02	0.996	90	14	208	209	3	145	145	202	0.933	0.986
LOKIASV2_2099_ESMFold_hypothetical_protein	3exn-assembly1.cif.gz_A	3exn-assembly1.cif.gz_A Crystal structure of acetyltransferase from Thermus thermophilus HB8	2.813E-02	0.996	90	6	204	209	4	151	154	211	0.952	0.961
LOKIASV2_2099_ESMFold_hypothetical_protein	2j8n-assembly1.cif.gz_A	2j8n-assembly1.cif.gz_A Structure of P. aeruginosa acetyltransferase PA4866 solved at room temperature	1.776E-02	0.996	90	14	206	209	2	161	169	214	0.923	0.947
LOKIASV2_2099_ESMFold_hypothetical_protein	1z4e-assembly1.cif.gz_B	1z4e-assembly1.cif.gz_B Crystal structure of transcriptional regulator from Bacillus halodurans C-125	1.677E-02	0.996	89	14	191	209	4	145	150	200	0.852	0.947
LOKIASV2_2099_ESMFold_hypothetical_protein	4k30-assembly2.cif.gz_X	4k30-assembly2.cif.gz_X Structure of the N-acetyltransferase domain of human N-acetylglutamate synthase	1.059E-02	0.996	89	14	209	209	3	133	153	206	0.938	0.856
LOKIASV2_2099_ESMFold_hypothetical_protein	1vhs-assembly2.cif.gz_B	1vhs-assembly2.cif.gz_B Crystal structure of a putative phosphinothricin N-acetyltransferase	2.656E-02	0.996	89	14	209	209	4	158	158	207	0.938	0.981
LOKIASV2_2099_ESMFold_hypothetical_protein	7kx2-assembly1.cif.gz_B	7kx2-assembly1.cif.gz_B Spermidine N-acetyltransferase SpeG F149A mutant from Vibrio cholerae	9.997E-03	0.996	89	14	208	209	3	162	169	221	0.933	0.947
LOKIASV2_2099_ESMFold_hypothetical_protein	3dr8-assembly1.cif.gz_B	3dr8-assembly1.cif.gz_B Structure of yncA, a putative ACETYLTRANSFERASE from Salmonella typhimurium with its cofactor Acetyl-CoA	8.911E-03	0.996	89	14	209	209	5	166	173	215	0.938	0.936
LOKIASV2_2099_ESMFold_hypothetical_protein	4hnw-assembly1.cif.gz_B	4hnw-assembly1.cif.gz_B The NatA Acetyltransferase Complex Bound To Inositol Hexakisphosphate	7.944E-03	0.996	89	76	209	209	74	176	189	141	0.641	0.545
LOKIASV2_2099_ESMFold_hypothetical_protein	4hnx-assembly1.cif.gz_B	4hnx-assembly1.cif.gz_B The NatA Acetyltransferase Complex Bound To ppGpp	1.776E-02	0.996	89	129	208	209	84	170	213	90	0.383	0.408
LOKIASV2_2099_ESMFold_hypothetical_protein	2ae6-assembly1.cif.gz_B	2ae6-assembly1.cif.gz_B Crystal Structure of Acetyltransferase of GNAT family from Enterococcus faecalis V583	7.081E-03	0.995	88	14	206	209	7	146	147	214	0.923	0.952
LOKIASV2_2099_ESMFold_hypothetical_protein	3pp9-assembly1.cif.gz_A-2	3pp9-assembly1.cif.gz_A-2 1.6 Angstrom resolution crystal structure of putative streptothricin acetyltransferase from Bacillus anthracis str. Ames in complex with acetyl coenzyme A	1.059E-02	0.995	88	132	208	209	91	176	176	87	0.368	0.489
LOKIASV2_2099_ESMFold_hypothetical_protein	4ua3-assembly2.cif.gz_B	4ua3-assembly2.cif.gz_B Crystal structure of selenomethionine labeled SpNatD	3.763E-03	0.995	88	1	208	209	7	190	193	245	0.995	0.953
LOKIASV2_2099_ESMFold_hypothetical_protein	4xnh-assembly1.cif.gz_B	4xnh-assembly1.cif.gz_B Crystal structure of yeast N-terminal acetyltransferase NatE (IP6) in complex with a bisubstrate	1.258E-02	0.995	88	76	208	209	73	171	197	140	0.636	0.503
LOKIASV2_2099_ESMFold_hypothetical_protein	3zj0-assembly1.cif.gz_A	3zj0-assembly1.cif.gz_A The human O-GlcNAcase C-terminal domain is a pseudo histone acetyltransferase	8.414E-03	0.995	88	14	208	209	5	202	202	233	0.933	0.980
LOKIASV2_2099_ESMFold_hypothetical_protein	4oae-assembly1.cif.gz_A	4oae-assembly1.cif.gz_A Crystal structure of a GNAT superfamily acetyltransferase PA4794 C29A/C117A/Y128A mutant in complex with chloramphenicol	2.110E-02	0.994	87	134	208	209	76	160	160	86	0.359	0.531
LOKIASV2_2099_ESMFold_hypothetical_protein	3f5b-assembly1.cif.gz_A	3f5b-assembly1.cif.gz_A The crystal structure of aminoglycoside N(6')acetyltransferase from Legionella pneumophila subsp. pneumophila str. Philadelphia 1.	9.439E-03	0.994	87	1	205	209	1	163	172	223	0.981	0.948
LOKIASV2_2099_ESMFold_hypothetical_protein	5z6n-assembly1.cif.gz_A	5z6n-assembly1.cif.gz_A Crystal structure of Escherichia coli ElaA	3.749E-02	0.993	86	132	206	209	70	144	144	82	0.359	0.521
LOKIASV2_2099_ESMFold_hypothetical_protein	3d3s-assembly2.cif.gz_D	3d3s-assembly2.cif.gz_D Crystal structure of L-2,4-diaminobutyric acid acetyltransferase from Bordetella parapertussis	2.507E-02	0.993	86	14	209	209	4	145	145	203	0.938	0.979
LOKIASV2_2099_ESMFold_hypothetical_protein	4j3g-assembly2.cif.gz_C	4j3g-assembly2.cif.gz_C Crystal structure of Ribosomal-protein-alanine N-acetyltransferase from Brucella melitensis	3.971E-02	0.993	86	14	206	209	3	161	162	212	0.923	0.981
LOKIASV2_2099_ESMFold_hypothetical_protein	1yvo-assembly1.cif.gz_A	1yvo-assembly1.cif.gz_A hypothetical acetyltransferase from P.aeruginosa PA01	2.813E-02	0.993	86	14	204	209	2	159	169	212	0.914	0.935
LOKIASV2_2099_ESMFold_hypothetical_protein	7kx3-assembly1.cif.gz_B	7kx3-assembly1.cif.gz_B SpeG Spermidine N-acetyltransferase F149G mutant from Vibrio cholerae	6.288E-02	0.993	86	134	208	209	81	165	172	85	0.359	0.494
LOKIASV2_2099_ESMFold_hypothetical_protein	2zpa-assembly2.cif.gz_B	2zpa-assembly2.cif.gz_B Crystal Structure of tRNA(Met) Cytidine Acetyltransferase	1.495E-02	0.992	85	66	209	209	387	527	662	162	0.689	0.213
LOKIASV2_2099_ESMFold_hypothetical_protein	7dqg-assembly1.cif.gz_A-2	7dqg-assembly1.cif.gz_A-2 Crystal structure of Salmonella phage acetyltransferase	1.881E-02	0.991	84	118	204	209	22	126	161	107	0.416	0.652
LOKIASV2_2099_ESMFold_hypothetical_protein	6vfn-assembly1.cif.gz_D	6vfn-assembly1.cif.gz_D Crystal structure of SpeG allosteric polyamine acetyltransferase from Bacillus thuringiensis in complex with spermine	1.188E-02	0.991	84	14	207	209	4	161	167	219	0.928	0.946
LOKIASV2_2099_ESMFold_hypothetical_protein	5wif-assembly1.cif.gz_B	5wif-assembly1.cif.gz_B Crystal structure of spermidine/spermine N-acetyltransferase SpeG from Yersinia pestis	6.312E-03	0.991	84	14	207	209	10	164	173	220	0.928	0.896
LOKIASV2_2099_ESMFold_hypothetical_protein	2qml-assembly1.cif.gz_A	2qml-assembly1.cif.gz_A Crystal structure of an uncharacterized protein (bh2621) from bacillus halodurans at 1.55 A resolution	1.188E-02	0.991	84	14	206	209	19	177	193	209	0.923	0.824
LOKIASV2_2099_ESMFold_hypothetical_protein	6r45-assembly1.cif.gz_B	6r45-assembly1.cif.gz_B Crystal structure of eukaryotic O-GlcNAcase HAT-like domain	1.121E-02	0.991	84	14	204	209	6	198	201	227	0.914	0.960
LOKIASV2_2099_ESMFold_hypothetical_protein	5jph-assembly1.cif.gz_B	5jph-assembly1.cif.gz_B Structure of a GNAT acetyltransferase SACOL1063 from Staphylococcus aureus in complex with CoA	2.656E-02	0.990	83	10	208	209	1	144	144	214	0.952	1.000
LOKIASV2_2099_ESMFold_hypothetical_protein	2zpa-assembly1.cif.gz_A	2zpa-assembly1.cif.gz_A Crystal Structure of tRNA(Met) Cytidine Acetyltransferase	5.627E-03	0.990	83	9	209	209	331	523	658	231	0.962	0.293
LOKIASV2_2099_ESMFold_hypothetical_protein	3d8p-assembly1.cif.gz_A	3d8p-assembly1.cif.gz_A Crystal structure of acetyltransferase of GNAT family (NP_373092.1) from STAPHYLOCOCCUS AUREUS MU50 at 2.20 A resolution	5.292E-02	0.988	82	14	208	209	4	158	158	210	0.933	0.981
LOKIASV2_2099_ESMFold_hypothetical_protein	7bxz-assembly1.cif.gz_B	7bxz-assembly1.cif.gz_B Crystal structure of the aminoglycoside 6'-N-acetyltransferase from Enterococcus faecium	1.776E-02	0.988	82	14	209	209	3	177	180	231	0.938	0.972
LOKIASV2_2099_ESMFold_hypothetical_protein	1y9k-assembly3.cif.gz_C	1y9k-assembly3.cif.gz_C IAA acetyltransferase from Bacillus cereus ATCC 14579	3.155E-02	0.986	81	14	205	209	4	148	150	214	0.919	0.967
LOKIASV2_2099_ESMFold_hypothetical_protein	3juw-assembly1.cif.gz_A	3juw-assembly1.cif.gz_A Putative GnaT-family acetyltransferase from Bordetella pertussis.	4.206E-02	0.986	81	6	206	209	1	167	167	218	0.962	1.000
LOKIASV2_2099_ESMFold_hypothetical_protein	2oh1-assembly3.cif.gz_C	2oh1-assembly3.cif.gz_C Crystal structure of acetyltransferase GNAT family (YP_013287.1) from Listeria monocytogenes 4b F2365 at 1.46 A resolution	2.110E-02	0.986	81	7	204	209	1	169	172	217	0.947	0.983
LOKIASV2_2099_ESMFold_hypothetical_protein	5k18-assembly2.cif.gz_D	5k18-assembly2.cif.gz_D The NatB Acetyltransferase Complex Bound To bisubstrate inhibitor	8.414E-03	0.986	81	14	205	209	3	159	177	222	0.919	0.887
LOKIASV2_2099_ESMFold_hypothetical_protein	7oju-assembly1.cif.gz_A	7oju-assembly1.cif.gz_A Chaetomium thermophilum Naa50 GNAT-domain in complex with bisubstrate analogue CoA-Ac-MVNAL	6.312E-03	0.986	81	8	209	209	2	201	214	250	0.967	0.935
LOKIASV2_2099_ESMFold_hypothetical_protein	4kvm-assembly1.cif.gz_E	4kvm-assembly1.cif.gz_E The NatA (Naa10p/Naa15p) amino-terminal acetyltransferase complex bound to a bisubstrate analog	5.292E-02	0.984	80	14	208	209	3	153	153	212	0.933	0.987
LOKIASV2_2099_ESMFold_hypothetical_protein	3d8p-assembly2.cif.gz_B	3d8p-assembly2.cif.gz_B Crystal structure of acetyltransferase of GNAT family (NP_373092.1) from STAPHYLOCOCCUS AUREUS MU50 at 2.20 A resolution	3.749E-02	0.984	80	14	208	209	4	160	160	212	0.933	0.981
LOKIASV2_2099_ESMFold_hypothetical_protein	8gxf-assembly2.cif.gz_C	8gxf-assembly2.cif.gz_C Pseudomonas flexibilis GCN5 family acetyltransferase	1.677E-02	0.984	80	6	207	209	1	172	187	226	0.967	0.920
LOKIASV2_2099_ESMFold_hypothetical_protein	5wif-assembly1.cif.gz_C	5wif-assembly1.cif.gz_C Crystal structure of spermidine/spermine N-acetyltransferase SpeG from Yersinia pestis	1.258E-02	0.981	79	14	207	209	11	166	174	221	0.928	0.897
LOKIASV2_2099_ESMFold_hypothetical_protein	3ey5-assembly1.cif.gz_A	3ey5-assembly1.cif.gz_A Putative acetyltransferase from GNAT family from Bacteroides thetaiotaomicron.	6.288E-02	0.981	79	132	209	209	69	156	176	90	0.373	0.500
LOKIASV2_2099_ESMFold_hypothetical_protein	4ua3-assembly1.cif.gz_A	4ua3-assembly1.cif.gz_A Crystal structure of selenomethionine labeled SpNatD	1.258E-02	0.981	79	13	208	209	17	183	186	226	0.938	0.898
LOKIASV2_2099_ESMFold_hypothetical_protein	5jpq-assembly1.cif.gz_i	5jpq-assembly1.cif.gz_i Cryo-EM structure of the 90S pre-ribosome	5.313E-03	0.981	79	9	209	209	343	522	659	234	0.962	0.273
LOKIASV2_2099_ESMFold_hypothetical_protein	5jtf-assembly1.cif.gz_B	5jtf-assembly1.cif.gz_B Crystal structure of ArsN N-acetyltransferase from Pseudomonas putida KT2440	2.507E-02	0.978	78	14	209	209	4	164	175	223	0.938	0.920
LOKIASV2_2099_ESMFold_hypothetical_protein	6edd-assembly2.cif.gz_B	6edd-assembly2.cif.gz_B Crystal structure of a GNAT Superfamily PA3944 acetyltransferase in complex with CoA (P1 space group)	2.813E-02	0.978	78	6	207	209	12	187	193	229	0.967	0.912
LOKIASV2_2099_ESMFold_hypothetical_protein	2atr-assembly1.cif.gz_A	2atr-assembly1.cif.gz_A Acetyltransferase, GNAT family protein SP0256 from Streptococcus pneumoniae TIGR4	8.382E-02	0.975	77	132	188	209	61	118	132	62	0.273	0.439
LOKIASV2_2099_ESMFold_hypothetical_protein	2fl4-assembly1.cif.gz_A-2	2fl4-assembly1.cif.gz_A-2 The crystal structure of the spermine/spermidine acetyltransferase from Enterococcus faecalis	3.749E-02	0.975	77	128	208	209	67	147	147	87	0.388	0.551
LOKIASV2_2099_ESMFold_hypothetical_protein	8a9o-assembly1.cif.gz_B	8a9o-assembly1.cif.gz_B Structure of the polyamine acetyltransferase DpA	5.292E-02	0.975	77	14	192	209	5	142	148	192	0.856	0.932
LOKIASV2_2099_ESMFold_hypothetical_protein	4nf1-assembly3.cif.gz_F	4nf1-assembly3.cif.gz_F Structure of N-acetyltransferase domain of X. fastidiosa NAGS/K without his-tag	6.288E-02	0.975	77	14	202	209	3	123	148	201	0.904	0.818
LOKIASV2_2099_ESMFold_hypothetical_protein	4xpd-assembly1.cif.gz_C	4xpd-assembly1.cif.gz_C Crystal structure of yeast N-terminal acetyltransferase NatE (ppGpp) in complex with a bisubstrate	7.472E-02	0.975	77	132	208	209	69	155	155	91	0.368	0.561
LOKIASV2_2099_ESMFold_hypothetical_protein	4f6a-assembly1.cif.gz_B	4f6a-assembly1.cif.gz_B High-resolution x-ray Structure of the tetramutant of BH1408 protein from Bacillus halodurans, Northeast Structural Genomics Consortium (NESG) Target BhR182	3.155E-02	0.975	77	14	191	209	3	151	156	200	0.852	0.955
LOKIASV2_2099_ESMFold_hypothetical_protein	8fv0-assembly1.cif.gz_C	8fv0-assembly1.cif.gz_C SpeG spermidine N-acetyltransferase from Staphylococcus aureus in complex with spermine	2.367E-02	0.975	77	14	209	209	4	163	166	220	0.938	0.964
LOKIASV2_2099_ESMFold_hypothetical_protein	2prb-assembly1.cif.gz_A	2prb-assembly1.cif.gz_A crystal structure of aminoglycoside acetyltransferase AAC(6')-Ib in complex whith coenzyme A	6.288E-02	0.975	77	14	207	209	4	165	173	207	0.928	0.936
LOKIASV2_2099_ESMFold_hypothetical_protein	1qsm-assembly1.cif.gz_D	1qsm-assembly1.cif.gz_D Histone Acetyltransferase HPA2 from Saccharomyces Cerevisiae in Complex with Acetyl Coenzyme A	3.155E-02	0.971	76	14	189	209	7	144	152	189	0.842	0.908
LOKIASV2_2099_ESMFold_hypothetical_protein	7chd-assembly4.cif.gz_D	7chd-assembly4.cif.gz_D AtaT complexed with acetyl-methionyl-tRNAfMet	9.439E-03	0.971	76	52	201	209	29	159	170	166	0.718	0.771
LOKIASV2_2099_ESMFold_hypothetical_protein	6cx8-assembly1.cif.gz_E-2	6cx8-assembly1.cif.gz_E-2 Crystal structure of spermidine/spermine N-acetyltransferase SpeG from Vibrio cholerae in complex with manganese ions.	3.342E-02	0.971	76	14	208	209	8	163	170	225	0.933	0.918
LOKIASV2_2099_ESMFold_hypothetical_protein	2bue-assembly1.cif.gz_A	2bue-assembly1.cif.gz_A Structure of AAC(6')-Ib in complex with Ribostamycin and Coenzyme A.	7.472E-02	0.971	76	14	207	209	5	169	179	204	0.928	0.922
LOKIASV2_2099_ESMFold_hypothetical_protein	7byy-assembly1.cif.gz_B	7byy-assembly1.cif.gz_B Crystal structure of bacterial toxin	3.553E-03	0.971	76	66	201	209	48	162	179	156	0.651	0.642
LOKIASV2_2099_ESMFold_hypothetical_protein	3pzj-assembly1.cif.gz_B	3pzj-assembly1.cif.gz_B Crystal structure of a probable acetyltransferases (GNAT family) from Chromobacterium violaceum ATCC 12472	4.997E-02	0.971	76	8	207	209	6	178	183	226	0.957	0.945
LOKIASV2_2099_ESMFold_hypothetical_protein	5jpq-assembly1.cif.gz_j	5jpq-assembly1.cif.gz_j Cryo-EM structure of the 90S pre-ribosome	9.439E-03	0.971	76	9	209	209	343	540	677	231	0.962	0.292
LOKIASV2_2099_ESMFold_hypothetical_protein	7ajt-assembly1.cif.gz_JA	7ajt-assembly1.cif.gz_JA Cryo-EM structure of the 90S-exosome super-complex (state Pre-A1-exosome)	5.313E-03	0.971	76	5	209	209	447	658	812	255	0.981	0.261
LOKIASV2_2099_ESMFold_hypothetical_protein	2q4v-assembly1.cif.gz_B	2q4v-assembly1.cif.gz_B Ensemble refinement of the protein crystal structure of thialysine n-acetyltransferase (SSAT2) from Homo sapiens	2.110E-02	0.967	75	14	184	209	5	133	159	180	0.818	0.811
LOKIASV2_2099_ESMFold_hypothetical_protein	4xnh-assembly1.cif.gz_C	4xnh-assembly1.cif.gz_C Crystal structure of yeast N-terminal acetyltransferase NatE (IP6) in complex with a bisubstrate	8.382E-02	0.967	75	126	208	209	67	159	159	93	0.397	0.585
LOKIASV2_2099_ESMFold_hypothetical_protein	4mbu-assembly1.cif.gz_A	4mbu-assembly1.cif.gz_A Crystal structure of N-acetyltransferase from Staphylococcus aureus Mu50	5.292E-02	0.967	75	14	208	209	5	165	165	213	0.933	0.976
LOKIASV2_2099_ESMFold_hypothetical_protein	3owc-assembly2.cif.gz_B	3owc-assembly2.cif.gz_B Crystal structure of GNAT superfamily protein PA2578 from Pseudomonas aeruginosa	1.117E-01	0.967	75	132	204	209	81	162	170	82	0.349	0.482
LOKIASV2_2099_ESMFold_hypothetical_protein	8heh-assembly1.cif.gz_A	8heh-assembly1.cif.gz_A Crystal structure of GCN5-related N-acetyltransferase 05790	1.874E-01	0.961	74	137	206	209	73	140	141	75	0.335	0.482
LOKIASV2_2099_ESMFold_hypothetical_protein	4nsq-assembly1.cif.gz_A	4nsq-assembly1.cif.gz_A Crystal structure of PCAF	3.342E-02	0.961	74	14	209	209	5	157	157	223	0.938	0.975
LOKIASV2_2099_ESMFold_hypothetical_protein	6d72-assembly1.cif.gz_C	6d72-assembly1.cif.gz_C Crystal structure of spermidine/spermine N-acetyltransferase SpeG from Yersinia pestis in complex with calcium ions.	2.507E-02	0.961	74	1	207	209	3	169	177	236	0.990	0.944
LOKIASV2_2099_ESMFold_hypothetical_protein	5u08-assembly1.cif.gz_A	5u08-assembly1.cif.gz_A Crystal structure of an aminoglycoside acetyltransferase meta-AAC0020 from an uncultured soil metagenomic sample in complex with sisomicin	2.110E-02	0.956	73	14	182	209	8	135	152	186	0.809	0.842
LOKIASV2_2099_ESMFold_hypothetical_protein	6gtr-assembly2.cif.gz_B	6gtr-assembly2.cif.gz_B Structure of the AtaT Y144F mutant toxin bound to the C-terminus of the antitoxin AtaR and Acetyl-CoA	2.979E-02	0.956	73	131	202	209	72	144	156	81	0.344	0.468
LOKIASV2_2099_ESMFold_hypothetical_protein	6gtq-assembly2.cif.gz_B	6gtq-assembly2.cif.gz_B Structure of the AtaT Y144F mutant toxin bound to the C-terminus of the antitoxin AtaR	2.979E-02	0.956	73	131	202	209	72	144	158	81	0.344	0.462
LOKIASV2_2099_ESMFold_hypothetical_protein	3ne7-assembly1.cif.gz_A	3ne7-assembly1.cif.gz_A Crystal structure of paia n-acetyltransferase from thermoplasma acidophilum in complex with coenzyme a	1.677E-02	0.956	73	14	206	209	5	158	159	220	0.923	0.969
LOKIASV2_2099_ESMFold_hypothetical_protein	2g0b-assembly11.cif.gz_D	2g0b-assembly11.cif.gz_D The structure of FeeM, an N-acyl amino acid synthase from uncultured soil microbes	4.718E-02	0.956	73	14	206	209	6	166	181	206	0.923	0.890
LOKIASV2_2099_ESMFold_hypothetical_protein	6k5m-assembly1.cif.gz_A	6k5m-assembly1.cif.gz_A The crystal structure of a serotonin N-acetyltransferase from Oryza Sativa (Rice)	1.985E-01	0.949	72	132	186	209	77	132	155	58	0.263	0.361
LOKIASV2_2099_ESMFold_hypothetical_protein	5trm-assembly1.cif.gz_T	5trm-assembly1.cif.gz_T Crystal structure of human GCN5 histone acetyltransferase domain	3.971E-02	0.949	72	14	208	209	4	154	160	219	0.933	0.944
LOKIASV2_2099_ESMFold_hypothetical_protein	6hd7-assembly1.cif.gz_v	6hd7-assembly1.cif.gz_v Cryo-EM structure of the ribosome-NatA complex	9.959E-02	0.949	72	128	208	209	71	161	161	91	0.388	0.565
LOKIASV2_2099_ESMFold_hypothetical_protein	8h6c-assembly1.cif.gz_F	8h6c-assembly1.cif.gz_F Crystal structure of human GCN5 histone acetyltransferase domain bound with malonyl-CoA	4.718E-02	0.949	72	14	208	209	5	158	164	216	0.933	0.939
LOKIASV2_2099_ESMFold_hypothetical_protein	5nnr-assembly2.cif.gz_E	5nnr-assembly2.cif.gz_E Structure of Naa15/Naa10 bound to HypK-THB	4.454E-02	0.949	72	14	206	209	3	160	179	219	0.923	0.883
LOKIASV2_2099_ESMFold_hypothetical_protein	4u9w-assembly3.cif.gz_C	4u9w-assembly3.cif.gz_C Crystal Structure of NatD bound to H4/H2A peptide and CoA	2.813E-02	0.949	72	7	209	209	28	195	195	228	0.971	0.862
LOKIASV2_2099_ESMFold_hypothetical_protein	3lod-assembly1.cif.gz_A	3lod-assembly1.cif.gz_A The crystal structure of the putative acyl-CoA N-acyltransferase from Klebsiella pneumoniae subsp.pneumoniae MGH 78578	7.472E-02	0.941	71	132	208	209	65	145	145	89	0.368	0.559
LOKIASV2_2099_ESMFold_hypothetical_protein	3efa-assembly1.cif.gz_A-2	3efa-assembly1.cif.gz_A-2 Crystal structure of putative N-acetyltransferase from Lactobacillus plantarum	7.472E-02	0.941	71	13	208	209	2	146	146	213	0.938	0.993
LOKIASV2_2099_ESMFold_hypothetical_protein	2pr1-assembly1.cif.gz_A	2pr1-assembly1.cif.gz_A Crystal structure of the Bacillus subtilis N-acetyltransferase YlbP protein in complex with Coenzyme-A	3.971E-02	0.941	71	65	206	209	43	147	152	151	0.679	0.691
LOKIASV2_2099_ESMFold_hypothetical_protein	4e0a-assembly1.cif.gz_B	4e0a-assembly1.cif.gz_B Crystal Structure of the mutant F44R BH1408 protein from Bacillus halodurans, Northeast Structural Genomics Consortium (NESG) Target BhR182	5.606E-02	0.941	71	14	191	209	3	151	157	200	0.852	0.949
LOKIASV2_2099_ESMFold_hypothetical_protein	5zgn-assembly1.cif.gz_F	5zgn-assembly1.cif.gz_F The crystal structure of KacTA-DNA complex	5.292E-02	0.941	71	131	202	209	74	146	159	80	0.344	0.459
LOKIASV2_2099_ESMFold_hypothetical_protein	6gtr-assembly1.cif.gz_A	6gtr-assembly1.cif.gz_A Structure of the AtaT Y144F mutant toxin bound to the C-terminus of the antitoxin AtaR and Acetyl-CoA	1.258E-02	0.941	71	66	202	209	44	148	160	151	0.656	0.656
LOKIASV2_2099_ESMFold_hypothetical_protein	2vqy-assembly1.cif.gz_A	2vqy-assembly1.cif.gz_A Structure of AAC(6')-Ib in complex with Parmomycin and AcetylCoA.	9.959E-02	0.941	71	14	207	209	5	167	177	208	0.928	0.921
LOKIASV2_2099_ESMFold_hypothetical_protein	1yk3-assembly2.cif.gz_B	1yk3-assembly2.cif.gz_B Crystal structure of Rv1347c from Mycobacterium tuberculosis	4.997E-02	0.941	71	7	209	209	26	193	193	213	0.971	0.870
LOKIASV2_2099_ESMFold_hypothetical_protein	3juw-assembly1.cif.gz_B	3juw-assembly1.cif.gz_B Putative GnaT-family acetyltransferase from Bordetella pertussis.	4.997E-02	0.933	70	6	206	209	1	165	165	223	0.962	1.000
LOKIASV2_2099_ESMFold_hypothetical_protein	6nbw-assembly1.cif.gz_N	6nbw-assembly1.cif.gz_N Ternary Complex of Beta/Gamma-Actin with Profilin and AnCoA-NAA80	3.540E-02	0.933	70	5	205	209	1	165	167	225	0.962	0.988
LOKIASV2_2099_ESMFold_hypothetical_protein	2jlm-assembly1.cif.gz_C	2jlm-assembly1.cif.gz_C Structure of a Putative Acetyltransferase (ACIAD1637) from Acinetobacter baylyi ADP1	1.327E-01	0.933	70	14	206	209	7	167	177	211	0.923	0.910
LOKIASV2_2099_ESMFold_hypothetical_protein	5kf1-assembly1.cif.gz_B	5kf1-assembly1.cif.gz_B X-ray structure of a glucosamine N-Acetyltransferase from Clostridium acetobutylicum, apo form, pH 5	7.054E-02	0.933	70	14	190	209	3	146	312	193	0.847	0.462
LOKIASV2_2099_ESMFold_hypothetical_protein	3fb3-assembly1.cif.gz_A	3fb3-assembly1.cif.gz_A Crystal Structure of Trypanosoma Brucei Acetyltransferase, Tb11.01.2886	1.055E-01	0.923	69	14	192	209	4	137	142	191	0.856	0.944
LOKIASV2_2099_ESMFold_hypothetical_protein	5f47-assembly1.cif.gz_B	5f47-assembly1.cif.gz_B Crystal structure of an aminoglycoside acetyltransferase meta-AAC0020 from an uncultured soil metagenomic sample in complex with trehalose	3.971E-02	0.923	69	14	182	209	8	135	152	185	0.809	0.842
LOKIASV2_2099_ESMFold_hypothetical_protein	6c9m-assembly2.cif.gz_D	6c9m-assembly2.cif.gz_D The Human NatA (Naa10/Naa15) amino-terminal acetyltransferase complex	7.054E-02	0.923	69	67	206	209	42	150	160	152	0.670	0.681
LOKIASV2_2099_ESMFold_hypothetical_protein	6erd-assembly1.cif.gz_A	6erd-assembly1.cif.gz_A Crystal structure of a putative acetyltransferase from Bacillus cereus species.	4.718E-02	0.923	69	14	207	209	6	162	167	221	0.928	0.940
LOKIASV2_2099_ESMFold_hypothetical_protein	6g96-assembly1.cif.gz_B	6g96-assembly1.cif.gz_B Crystal structure of TacT3 (tRNA acetylating toxin) from Salmonella	2.110E-02	0.923	69	66	203	209	44	160	174	157	0.660	0.672
LOKIASV2_2099_ESMFold_hypothetical_protein	5kga-assembly1.cif.gz_B	5kga-assembly1.cif.gz_B X-ray structure of a glucosamine N-Acetyltransferase from Clostridium acetobutylicum, mutant D287N, in complex with N-acetylglucosamine	4.718E-02	0.923	69	14	190	209	3	146	316	195	0.847	0.456
LOKIASV2_2099_ESMFold_hypothetical_protein	3fyn-assembly1.cif.gz_A-2	3fyn-assembly1.cif.gz_A-2 Crystal structure from the mobile metagenome of Cole Harbour Salt Marsh: Integron Cassette Protein HFX_CASS3	5.292E-02	0.912	68	11	159	209	8	112	152	154	0.713	0.691
LOKIASV2_2099_ESMFold_hypothetical_protein	7crm-assembly2.cif.gz_D	7crm-assembly2.cif.gz_D Aminoglycoside 2'-N-acetyltransferase from Mycolicibacterium smegmatis-APO Structure	4.997E-02	0.912	68	17	208	209	13	166	189	216	0.919	0.815
LOKIASV2_2099_ESMFold_hypothetical_protein	5kgh-assembly1.cif.gz_B	5kgh-assembly1.cif.gz_B X-ray structure of a glucosamine N-Acetyltransferase from Clostridium acetobutylicum, mutant Y297F	5.292E-02	0.912	68	14	190	209	3	146	313	195	0.847	0.460
LOKIASV2_2099_ESMFold_hypothetical_protein	8heh-assembly1.cif.gz_B	8heh-assembly1.cif.gz_B Crystal structure of GCN5-related N-acetyltransferase 05790	1.670E-01	0.900	67	14	206	209	9	146	147	205	0.923	0.939
LOKIASV2_2099_ESMFold_hypothetical_protein	1xeb-assembly1.cif.gz_A	1xeb-assembly1.cif.gz_A Crystal Structure of an Acyl-CoA N-acyltransferase from Pseudomonas aeruginosa	2.102E-01	0.900	67	132	206	209	74	149	149	82	0.359	0.510
LOKIASV2_2099_ESMFold_hypothetical_protein	6ajn-assembly1.cif.gz_B	6ajn-assembly1.cif.gz_B Crystal structure of AtaTR bound with AcCoA	5.937E-02	0.900	67	14	202	209	6	146	157	207	0.904	0.898
LOKIASV2_2099_ESMFold_hypothetical_protein	7f36-assembly1.cif.gz_D	7f36-assembly1.cif.gz_D TacT complexed with acetyl-glycyl-tRNAGly	3.540E-02	0.900	67	56	209	209	24	159	159	179	0.737	0.855
LOKIASV2_2099_ESMFold_hypothetical_protein	1qst-assembly1.cif.gz_A	1qst-assembly1.cif.gz_A CRYSTAL STRUCTURE OF TETRAHYMENA GCN5	7.054E-02	0.900	67	14	208	209	3	155	160	218	0.933	0.956
LOKIASV2_2099_ESMFold_hypothetical_protein	3i9s-assembly1.cif.gz_B	3i9s-assembly1.cif.gz_B Structure from the mobile metagenome of V.cholerae. Integron cassette protein VCH_CASS6	7.472E-02	0.900	67	14	184	209	6	139	162	189	0.818	0.827
LOKIASV2_2099_ESMFold_hypothetical_protein	5trm-assembly1.cif.gz_J	5trm-assembly1.cif.gz_J Crystal structure of human GCN5 histone acetyltransferase domain	8.382E-02	0.900	67	14	208	209	5	157	163	218	0.933	0.939
LOKIASV2_2099_ESMFold_hypothetical_protein	6erd-assembly2.cif.gz_C	6erd-assembly2.cif.gz_C Crystal structure of a putative acetyltransferase from Bacillus cereus species.	5.937E-02	0.900	67	14	207	209	5	160	164	221	0.928	0.951
LOKIASV2_2099_ESMFold_hypothetical_protein	5ix3-assembly1.cif.gz_A	5ix3-assembly1.cif.gz_A Crystal structure of N-acetyltransferase from Staphylococcus aureus.	9.403E-02	0.900	67	134	206	209	78	160	166	87	0.349	0.500
LOKIASV2_2099_ESMFold_hypothetical_protein	1xeb-assembly6.cif.gz_F	1xeb-assembly6.cif.gz_F Crystal Structure of an Acyl-CoA N-acyltransferase from Pseudomonas aeruginosa	3.329E-01	0.887	66	132	206	209	73	145	145	79	0.359	0.503
LOKIASV2_2099_ESMFold_hypothetical_protein	3d3s-assembly1.cif.gz_A	3d3s-assembly1.cif.gz_A Crystal structure of L-2,4-diaminobutyric acid acetyltransferase from Bordetella parapertussis	1.670E-01	0.887	66	14	205	209	4	157	159	210	0.919	0.969
LOKIASV2_2099_ESMFold_hypothetical_protein	2b3v-assembly1.cif.gz_A	2b3v-assembly1.cif.gz_A Spermine spermidine acetyltransferase in complex with acetylcoa, K26R mutant	9.403E-02	0.887	66	14	184	209	3	141	167	195	0.818	0.832
LOKIASV2_2099_ESMFold_hypothetical_protein	4zm6-assembly1.cif.gz_B	4zm6-assembly1.cif.gz_B A unique GCN5-related glucosamine N-acetyltransferase region exist in the fungal multi-domain GH3 beta-N-acetylglucosaminidase	3.971E-02	0.887	66	14	190	209	527	671	844	205	0.847	0.172
LOKIASV2_2099_ESMFold_hypothetical_protein	7ak8-assembly1.cif.gz_A	7ak8-assembly1.cif.gz_A Structure of Salmonella TacT1 toxin bound to TacA1 antitoxin C-terminal peptide	9.959E-02	0.872	65	14	205	209	5	147	149	206	0.919	0.960
LOKIASV2_2099_ESMFold_hypothetical_protein	6gtq-assembly1.cif.gz_A	6gtq-assembly1.cif.gz_A Structure of the AtaT Y144F mutant toxin bound to the C-terminus of the antitoxin AtaR	3.155E-02	0.872	65	66	201	209	44	148	160	147	0.651	0.656
LOKIASV2_2099_ESMFold_hypothetical_protein	5trm-assembly1.cif.gz_M	5trm-assembly1.cif.gz_M Crystal structure of human GCN5 histone acetyltransferase domain	1.327E-01	0.872	65	14	208	209	3	154	160	220	0.933	0.950
LOKIASV2_2099_ESMFold_hypothetical_protein	7ak9-assembly1.cif.gz_A	7ak9-assembly1.cif.gz_A Structure of Salmonella TacT3 toxin bound to TacA3 antitoxin C-terminal peptide	1.055E-01	0.872	65	131	203	209	75	148	162	80	0.349	0.457
LOKIASV2_2099_ESMFold_hypothetical_protein	5trm-assembly1.cif.gz_E	5trm-assembly1.cif.gz_E Crystal structure of human GCN5 histone acetyltransferase domain	1.055E-01	0.872	65	14	208	209	5	157	163	217	0.933	0.939
LOKIASV2_2099_ESMFold_hypothetical_protein	3b8g-assembly1.cif.gz_A	3b8g-assembly1.cif.gz_A Crysta structure of N-acetylglutamate synthase from Neisseria gonorrhoeae complexed with coenzyme A and N-acetyl-glutamate	6.660E-02	0.872	65	14	209	209	277	424	424	211	0.938	0.349
LOKIASV2_2099_ESMFold_hypothetical_protein	3bj7-assembly2.cif.gz_C	3bj7-assembly2.cif.gz_C Spermine/spermidine N1-acetyltransferase from mouse: Crystal structure of a ternary complex reveals solvent-mediated spermine binding	1.769E-01	0.855	64	14	184	209	4	137	162	190	0.818	0.827
LOKIASV2_2099_ESMFold_hypothetical_protein	2qir-assembly1.cif.gz_A	2qir-assembly1.cif.gz_A Crystal structure of aminoglycoside acetyltransferase AAC(6')-Ib in complex whith coenzyme A and kanamycin	2.358E-01	0.855	64	14	207	209	4	164	172	206	0.928	0.936
LOKIASV2_2099_ESMFold_hypothetical_protein	2jlm-assembly1.cif.gz_B	2jlm-assembly1.cif.gz_B Structure of a Putative Acetyltransferase (ACIAD1637) from Acinetobacter baylyi ADP1	2.645E-01	0.855	64	14	206	209	9	169	179	211	0.923	0.899
LOKIASV2_2099_ESMFold_hypothetical_protein	6gtp-assembly1.cif.gz_A-2	6gtp-assembly1.cif.gz_A-2 Structure of the AtaT Y144F mutant toxin	2.110E-02	0.855	64	66	202	209	53	169	180	157	0.656	0.650
LOKIASV2_2099_ESMFold_hypothetical_protein	5kf2-assembly1.cif.gz_A	5kf2-assembly1.cif.gz_A X-ray structure of a glucosamine N-Acetyltransferase from Clostridium acetobutylicum, apo form, pH 8	3.155E-02	0.855	64	2	209	209	155	317	317	227	0.995	0.514
LOKIASV2_2099_ESMFold_hypothetical_protein	2q0y-assembly1.cif.gz_A-2	2q0y-assembly1.cif.gz_A-2 Crystal structure of GCN5-related N-acetyltransferase (YP_295895.1) from Ralstonia eutropha JMP134 at 1.80 A resolution	2.102E-01	0.837	63	14	192	209	4	148	153	195	0.856	0.948
LOKIASV2_2099_ESMFold_hypothetical_protein	2g0b-assembly8.cif.gz_H	2g0b-assembly8.cif.gz_H The structure of FeeM, an N-acyl amino acid synthase from uncultured soil microbes	2.226E-01	0.837	63	14	206	209	4	156	170	202	0.923	0.900
LOKIASV2_2099_ESMFold_hypothetical_protein	6ajn-assembly1.cif.gz_A	6ajn-assembly1.cif.gz_A Crystal structure of AtaTR bound with AcCoA	2.656E-02	0.837	63	1	202	209	1	161	172	218	0.967	0.936
LOKIASV2_2099_ESMFold_hypothetical_protein	8gxk-assembly2.cif.gz_C	8gxk-assembly2.cif.gz_C Pseudomonas jinjuensis N-acetyltransferase	1.489E-01	0.837	63	4	207	209	3	171	187	226	0.976	0.904
LOKIASV2_2099_ESMFold_hypothetical_protein	1yk3-assembly10.cif.gz_F	1yk3-assembly10.cif.gz_F Crystal structure of Rv1347c from Mycobacterium tuberculosis	8.877E-02	0.837	63	7	208	209	30	199	202	218	0.967	0.842
LOKIASV2_2099_ESMFold_hypothetical_protein	1xeb-assembly8.cif.gz_H	1xeb-assembly8.cif.gz_H Crystal Structure of an Acyl-CoA N-acyltransferase from Pseudomonas aeruginosa	3.143E-01	0.817	62	132	206	209	73	146	146	82	0.359	0.507
LOKIASV2_2099_ESMFold_hypothetical_protein	5trl-assembly1.cif.gz_G	5trl-assembly1.cif.gz_G Crystal structure of human GCN5 histone acetyltransferase domain	1.253E-01	0.817	62	14	208	209	4	150	156	214	0.933	0.942
LOKIASV2_2099_ESMFold_hypothetical_protein	7f37-assembly1.cif.gz_B	7f37-assembly1.cif.gz_B Crystal structure of AtaT2-AtaR2 complex	4.206E-02	0.817	62	41	209	209	27	156	157	184	0.809	0.828
LOKIASV2_2099_ESMFold_hypothetical_protein	2i79-assembly1.cif.gz_E	2i79-assembly1.cif.gz_E The crystal structure of the acetyltransferase of GNAT family from Streptococcus pneumoniae	2.358E-01	0.817	62	14	204	209	4	165	168	221	0.914	0.964
LOKIASV2_2099_ESMFold_hypothetical_protein	6nas-assembly1.cif.gz_N	6nas-assembly1.cif.gz_N Ternary Complex of Ac-Alpha-Actin with Profilin and AcCoA-NAA80	9.403E-02	0.817	62	6	205	209	3	178	180	236	0.957	0.978
LOKIASV2_2099_ESMFold_hypothetical_protein	8gxj-assembly1.cif.gz_A	8gxj-assembly1.cif.gz_A Pseudomonas aeruginosa N-acetyltransferase domain-containing protein PA3270	1.253E-01	0.817	62	4	207	209	5	173	189	224	0.976	0.894
LOKIASV2_2099_ESMFold_hypothetical_protein	4yfj-assembly1.cif.gz_A	4yfj-assembly1.cif.gz_A Crystal structure of aminoglycoside acetyltransferase AAC(3)-Ib	1.055E-01	0.795	61	14	184	209	5	137	153	186	0.818	0.869
LOKIASV2_2099_ESMFold_hypothetical_protein	1mk4-assembly1.cif.gz_B	1mk4-assembly1.cif.gz_B Structure of Protein of Unknown Function YqjY from Bacillus subtilis, Probable Acetyltransferase	1.985E-01	0.795	61	132	204	209	68	154	157	87	0.349	0.554
LOKIASV2_2099_ESMFold_hypothetical_protein	2b3u-assembly1.cif.gz_B	2b3u-assembly1.cif.gz_B Human Spermine spermidine acetyltransferase K26R mutant	1.874E-01	0.795	61	14	184	209	3	138	164	192	0.818	0.829
LOKIASV2_2099_ESMFold_hypothetical_protein	4hny-assembly1.cif.gz_B	4hny-assembly1.cif.gz_B Apo N-terminal acetyltransferase complex A	9.439E-03	0.795	61	14	208	209	4	181	216	232	0.933	0.824
LOKIASV2_2099_ESMFold_hypothetical_protein	4my0-assembly1.cif.gz_C	4my0-assembly1.cif.gz_C Crystal Structure of GCN5-related N-acetyltransferase from Kribbella flavida	1.985E-01	0.795	61	131	190	209	79	139	392	66	0.287	0.156
LOKIASV2_2099_ESMFold_hypothetical_protein	6fn6-assembly1.cif.gz_B	6fn6-assembly1.cif.gz_B Modifying region (DH-ER-KR) of an insect fatty acid synthase (FAS)	1.577E-01	0.795	61	151	209	209	383	443	1089	63	0.282	0.056
LOKIASV2_2099_ESMFold_hypothetical_protein	1xeb-assembly2.cif.gz_B	1xeb-assembly2.cif.gz_B Crystal Structure of an Acyl-CoA N-acyltransferase from Pseudomonas aeruginosa	3.526E-01	0.772	60	132	206	209	74	148	148	81	0.359	0.507
LOKIASV2_2099_ESMFold_hypothetical_protein	7ak9-assembly1.cif.gz_B	7ak9-assembly1.cif.gz_B Structure of Salmonella TacT3 toxin bound to TacA3 antitoxin C-terminal peptide	1.055E-01	0.772	60	7	201	209	1	147	163	209	0.933	0.902
LOKIASV2_2099_ESMFold_hypothetical_protein	6vfm-assembly1.cif.gz_A	6vfm-assembly1.cif.gz_A Crystal structure of SpeG allosteric polyamine acetyltransferase from Bacillus thuringiensis	1.117E-01	0.772	60	14	207	209	4	161	167	226	0.928	0.946
LOKIASV2_2099_ESMFold_hypothetical_protein	5xun-assembly1.cif.gz_A	5xun-assembly1.cif.gz_A Crystal structure of Y145F mutant of KacT	8.877E-02	0.772	60	122	202	209	77	162	170	92	0.388	0.506
LOKIASV2_2099_ESMFold_hypothetical_protein	7kpu-assembly1.cif.gz_D	7kpu-assembly1.cif.gz_D Crystal structure of human NatD (NAA40) bound to a bisubstrate analogue with a C-3 linker	8.877E-02	0.772	60	7	204	209	29	192	195	223	0.947	0.841
LOKIASV2_2099_ESMFold_hypothetical_protein	4u9w-assembly1.cif.gz_A	4u9w-assembly1.cif.gz_A Crystal Structure of NatD bound to H4/H2A peptide and CoA	4.718E-02	0.772	60	7	209	209	31	196	197	229	0.971	0.843
LOKIASV2_2099_ESMFold_hypothetical_protein	7ak8-assembly1.cif.gz_B	7ak8-assembly1.cif.gz_B Structure of Salmonella TacT1 toxin bound to TacA1 antitoxin C-terminal peptide	8.877E-02	0.747	59	56	205	209	24	149	151	172	0.718	0.834
LOKIASV2_2099_ESMFold_hypothetical_protein	5trm-assembly1.cif.gz_K	5trm-assembly1.cif.gz_K Crystal structure of human GCN5 histone acetyltransferase domain	1.985E-01	0.747	59	14	208	209	4	154	160	216	0.933	0.944
LOKIASV2_2099_ESMFold_hypothetical_protein	1z4r-assembly1.cif.gz_A	1z4r-assembly1.cif.gz_A Human GCN5 Acetyltransferase	2.226E-01	0.747	59	7	208	209	11	161	163	221	0.967	0.926
LOKIASV2_2099_ESMFold_hypothetical_protein	2q7b-assembly1.cif.gz_A-2	2q7b-assembly1.cif.gz_A-2 Crystal structure of acetyltransferase (NP_689019.1) from Streptococcus agalactiae 2603 at 2.00 A resolution	2.645E-01	0.747	59	12	206	209	2	163	164	213	0.933	0.988
LOKIASV2_2099_ESMFold_hypothetical_protein	5trm-assembly1.cif.gz_G	5trm-assembly1.cif.gz_G Crystal structure of human GCN5 histone acetyltransferase domain	1.117E-01	0.747	59	24	208	209	20	158	164	207	0.885	0.848
LOKIASV2_2099_ESMFold_hypothetical_protein	3tth-assembly10.cif.gz_J	3tth-assembly10.cif.gz_J Structure of the spermidine N1-acetyltransferase (speG) from Coxiella burnetii	1.055E-01	0.747	59	14	208	209	5	164	164	226	0.933	0.976
LOKIASV2_2099_ESMFold_hypothetical_protein	6add-assembly1.cif.gz_B	6add-assembly1.cif.gz_B The crystal structure of Rv2747 from Mycobacterium tuberculosis in complex with CoA and NLQ	3.329E-01	0.747	59	12	206	209	1	164	166	235	0.933	0.988
LOKIASV2_2099_ESMFold_hypothetical_protein	2pr8-assembly1.cif.gz_B	2pr8-assembly1.cif.gz_B crystal structure of aminoglycoside N-acetyltransferase AAC(6')-Ib11	2.645E-01	0.747	59	14	207	209	5	169	173	210	0.928	0.954
LOKIASV2_2099_ESMFold_hypothetical_protein	7q3a-assembly1.cif.gz_A	7q3a-assembly1.cif.gz_A Crystal structure of MAB_4324 a tandem repeat GNAT from Mycobacterium abscessus	4.997E-02	0.747	59	4	190	209	12	167	339	214	0.895	0.460
LOKIASV2_2099_ESMFold_hypothetical_protein	3bj8-assembly2.cif.gz_C	3bj8-assembly2.cif.gz_C Spermine/spermidine N1-acetyltransferase from mouse: Crystal structure of a ternary complex reveals solvent-mediated spermine binding	2.102E-01	0.720	58	14	191	209	4	144	158	200	0.852	0.892
LOKIASV2_2099_ESMFold_hypothetical_protein	5trm-assembly1.cif.gz_C	5trm-assembly1.cif.gz_C Crystal structure of human GCN5 histone acetyltransferase domain	1.769E-01	0.720	58	14	208	209	4	153	159	217	0.933	0.943
LOKIASV2_2099_ESMFold_hypothetical_protein	7ovu-assembly1.cif.gz_A	7ovu-assembly1.cif.gz_A Crystal structure of Arabidopsis thaliana NAT9 in complex with AcCoA	4.190E-01	0.720	58	131	209	209	101	178	196	86	0.378	0.398
LOKIASV2_2099_ESMFold_hypothetical_protein	2q04-assembly1.cif.gz_A	2q04-assembly1.cif.gz_A Crystal structure of acetoin utilization protein (ZP_00540088.1) from Exiguobacterium sibiricum 255-15 at 2.33 A resolution	4.997E-02	0.720	58	47	205	209	45	186	211	184	0.761	0.673
LOKIASV2_2099_ESMFold_hypothetical_protein	5kgh-assembly1.cif.gz_A	5kgh-assembly1.cif.gz_A X-ray structure of a glucosamine N-Acetyltransferase from Clostridium acetobutylicum, mutant Y297F	8.382E-02	0.720	58	2	209	209	155	316	316	222	0.995	0.513
LOKIASV2_2099_ESMFold_hypothetical_protein	6sll-assembly1.cif.gz_B	6sll-assembly1.cif.gz_B Diaminobutyrate acetyltransferase EctA from Paenibacillus lautus in complex with its substrate L-2,4-diaminobutyric acid (DAB) and coenzyme A	3.956E-01	0.692	57	14	203	209	6	158	166	207	0.909	0.922
LOKIASV2_2099_ESMFold_hypothetical_protein	1z9u-assembly1.cif.gz_A	1z9u-assembly1.cif.gz_A Structural Genomics, The crystal structure of the acetyl transferase, modifies N-terminal serine of 50S ribosomal subunit protein L7/L12 from Salmonella typhimurium	2.645E-01	0.692	57	14	208	209	11	172	172	218	0.933	0.942
LOKIASV2_2099_ESMFold_hypothetical_protein	7kpu-assembly2.cif.gz_A	7kpu-assembly2.cif.gz_A Crystal structure of human NatD (NAA40) bound to a bisubstrate analogue with a C-3 linker	1.117E-01	0.692	57	7	209	209	28	196	197	230	0.971	0.858
LOKIASV2_2099_ESMFold_hypothetical_protein	3s6f-assembly1.cif.gz_A-2	3s6f-assembly1.cif.gz_A-2 Crystal structure of a putative acetyltransferase (DR_1678) from Deinococcus radiodurans R1 at 1.19 A resolution	2.498E-01	0.663	56	6	194	209	1	136	143	202	0.904	0.951
LOKIASV2_2099_ESMFold_hypothetical_protein	6erd-assembly1.cif.gz_B	6erd-assembly1.cif.gz_B Crystal structure of a putative acetyltransferase from Bacillus cereus species.	1.577E-01	0.663	56	14	207	209	4	156	161	225	0.928	0.950
LOKIASV2_2099_ESMFold_hypothetical_protein	2g0b-assembly10.cif.gz_B	2g0b-assembly10.cif.gz_B The structure of FeeM, an N-acyl amino acid synthase from uncultured soil microbes	2.102E-01	0.663	56	14	206	209	6	175	189	214	0.923	0.899
LOKIASV2_2099_ESMFold_hypothetical_protein	4u9w-assembly4.cif.gz_D	4u9w-assembly4.cif.gz_D Crystal Structure of NatD bound to H4/H2A peptide and CoA	1.253E-01	0.663	56	7	209	209	25	191	192	228	0.971	0.870
LOKIASV2_2099_ESMFold_hypothetical_protein	2vzz-assembly1.cif.gz_D	2vzz-assembly1.cif.gz_D Crystal structure of Rv0802c from Mycobacterium tuberculosis in Complex with Succinyl-CoA	7.883E-01	0.663	56	134	207	209	105	186	210	83	0.354	0.390
LOKIASV2_2099_ESMFold_hypothetical_protein	7dai-assembly2.cif.gz_C	7dai-assembly2.cif.gz_C The crystal structure of a serotonin N-acetyltransferase from Oryza Sativa	4.978E-01	0.632	55	132	186	209	81	136	151	59	0.263	0.371
LOKIASV2_2099_ESMFold_hypothetical_protein	7ak7-assembly1.cif.gz_A	7ak7-assembly1.cif.gz_A Structure of Salmonella TacT2 toxin bound to TacA2 antitoxin	1.769E-01	0.632	55	14	202	209	5	144	154	202	0.904	0.909
LOKIASV2_2099_ESMFold_hypothetical_protein	6bvc-assembly1.cif.gz_A-2	6bvc-assembly1.cif.gz_A-2 Crystal structure of AAC(3)-Ia in complex with coenzyme A	3.143E-01	0.632	55	14	191	209	6	142	154	193	0.852	0.890
LOKIASV2_2099_ESMFold_hypothetical_protein	6nbe-assembly1.cif.gz_N	6nbe-assembly1.cif.gz_N Ternary Complex of Ac-Alpha-Actin with Profilin and CoA-NAA80	1.670E-01	0.632	55	6	205	209	4	184	186	241	0.957	0.973
LOKIASV2_2099_ESMFold_hypothetical_protein	4my3-assembly3.cif.gz_D	4my3-assembly3.cif.gz_D Crystal Structure of GCN5-related N-acetyltransferase from Kribbella flavida	1.327E-01	0.632	55	131	190	209	73	133	384	66	0.287	0.159
LOKIASV2_2099_ESMFold_hypothetical_protein	6yug-assembly1.cif.gz_B	6yug-assembly1.cif.gz_B Crystal structure of C. parvum GNA1 in complex with acetyl-CoA and glucose 6P.	5.584E-01	0.601	54	14	191	209	6	137	143	197	0.852	0.923
LOKIASV2_2099_ESMFold_hypothetical_protein	3bj8-assembly2.cif.gz_D	3bj8-assembly2.cif.gz_D Spermine/spermidine N1-acetyltransferase from mouse: Crystal structure of a ternary complex reveals solvent-mediated spermine binding	3.956E-01	0.601	54	14	191	209	4	149	161	201	0.852	0.907
LOKIASV2_2099_ESMFold_hypothetical_protein	3tth-assembly13.cif.gz_F	3tth-assembly13.cif.gz_F Structure of the spermidine N1-acetyltransferase (speG) from Coxiella burnetii	1.577E-01	0.601	54	14	208	209	5	162	162	225	0.933	0.975
LOKIASV2_2099_ESMFold_hypothetical_protein	2fe7-assembly1.cif.gz_B	2fe7-assembly1.cif.gz_B The crystal structure of a probable N-acetyltransferase from Pseudomonas aeruginosa	2.226E-01	0.601	54	4	184	209	5	144	166	201	0.866	0.843
LOKIASV2_2099_ESMFold_hypothetical_protein	2b5g-assembly1.cif.gz_B	2b5g-assembly1.cif.gz_B Wild Type SSAT- 1.7A structure	3.735E-01	0.569	53	14	184	209	3	134	160	188	0.818	0.825
LOKIASV2_2099_ESMFold_hypothetical_protein	3c26-assembly1.cif.gz_A-2	3c26-assembly1.cif.gz_A-2 Crystal structure of a putative acetyltransferase (NP_394282.1) from Thermoplasma acidophilum at 2.00 A resolution	9.367E-01	0.569	53	132	190	209	79	140	257	62	0.282	0.241
LOKIASV2_2099_ESMFold_hypothetical_protein	1bo4-assembly1.cif.gz_B	1bo4-assembly1.cif.gz_B CRYSTAL STRUCTURE OF A GCN5-RELATED N-ACETYLTRANSFERASE: SERRATIA MARESCENS AMINOGLYCOSIDE 3-N-ACETYLTRANSFERASE	3.143E-01	0.537	52	14	171	209	5	122	136	170	0.756	0.868
LOKIASV2_2099_ESMFold_hypothetical_protein	2q4v-assembly1.cif.gz_A	2q4v-assembly1.cif.gz_A Ensemble refinement of the protein crystal structure of thialysine n-acetyltransferase (SSAT2) from Homo sapiens	3.956E-01	0.537	52	14	184	209	4	131	156	190	0.818	0.821
LOKIASV2_2099_ESMFold_hypothetical_protein	3tth-assembly11.cif.gz_K	3tth-assembly11.cif.gz_K Structure of the spermidine N1-acetyltransferase (speG) from Coxiella burnetii	2.102E-01	0.537	52	134	206	209	79	161	162	92	0.349	0.512
LOKIASV2_2099_ESMFold_hypothetical_protein	2g0b-assembly1.cif.gz_A	2g0b-assembly1.cif.gz_A The structure of FeeM, an N-acyl amino acid synthase from uncultured soil microbes	2.968E-01	0.537	52	14	204	209	9	172	188	209	0.914	0.872
LOKIASV2_2099_ESMFold_hypothetical_protein	5o7o-assembly1.cif.gz_B	5o7o-assembly1.cif.gz_B The crystal structure of DfoC, the desferrioxamine biosynthetic pathway acetyltransferase/Non-Ribosomal Peptide Synthetase (NRPS)-Independent Siderophore (NIS) from the fire blight disease pathogen Erwinia amylovora	2.802E-01	0.505	51	123	207	209	42	131	145	96	0.407	0.621
LOKIASV2_2099_ESMFold_hypothetical_protein	1i12-assembly2.cif.gz_B	1i12-assembly2.cif.gz_B CRYSTAL STRUCTURE OF SACCHAROMYCES CEREVISIAE GNA1 COMPLEXED WITH ACCOA	3.143E-01	0.505	51	9	186	209	1	144	154	201	0.852	0.935
LOKIASV2_2099_ESMFold_hypothetical_protein	1cm0-assembly1.cif.gz_B	1cm0-assembly1.cif.gz_B CRYSTAL STRUCTURE OF THE PCAF/COENZYME-A COMPLEX	4.437E-01	0.505	51	17	209	209	15	161	161	209	0.923	0.913
LOKIASV2_2099_ESMFold_hypothetical_protein	4ri1-assembly1.cif.gz_A	4ri1-assembly1.cif.gz_A Crystal structure of Helicobacter pylori pseudaminic acid biosynthesis N -acetyltransferase PseH complex with acetyl-coA	8.844E-01	0.505	51	134	207	209	87	168	178	87	0.354	0.461
LOKIASV2_2099_ESMFold_hypothetical_protein	2g0b-assembly7.cif.gz_G	2g0b-assembly7.cif.gz_G The structure of FeeM, an N-acyl amino acid synthase from uncultured soil microbes	1.874E-01	0.473	50	45	204	209	6	163	174	186	0.766	0.908
LOKIASV2_2099_ESMFold_hypothetical_protein	5a27-assembly1.cif.gz_A	5a27-assembly1.cif.gz_A Leishmania major N-myristoyltransferase in complex with a chlorophenyl 1,2,4-oxadiazole inhibitor.	1.327E-01	0.473	50	7	173	209	39	196	411	188	0.799	0.384
LOKIASV2_2099_ESMFold_hypothetical_protein	3jvn-assembly1.cif.gz_A-2	3jvn-assembly1.cif.gz_A-2 Crystal Structure of the acetyltransferase VF_1542 from Vibrio fischeri, Northeast Structural Genomics Consortium Target VfR136	6.635E-01	0.442	49	12	169	209	1	115	122	168	0.756	0.943
LOKIASV2_2099_ESMFold_hypothetical_protein	5hmn-assembly1.cif.gz_C	5hmn-assembly1.cif.gz_C Crystal structure of an aminoglycoside acetyltransferase HMB0005 from an uncultured soil metagenomic sample, unknown active site density modeled as polyethylene glycol	9.367E-01	0.442	49	14	191	209	5	143	152	198	0.852	0.914
LOKIASV2_2099_ESMFold_hypothetical_protein	3tth-assembly14.cif.gz_I	3tth-assembly14.cif.gz_I Structure of the spermidine N1-acetyltransferase (speG) from Coxiella burnetii	3.143E-01	0.442	49	134	206	209	80	161	162	91	0.349	0.506
LOKIASV2_2099_ESMFold_hypothetical_protein	2fxf-assembly1.cif.gz_A	2fxf-assembly1.cif.gz_A Human spermidine/spermine N1-acetyltransferase	4.437E-01	0.442	49	14	196	209	4	158	164	212	0.876	0.945
LOKIASV2_2099_ESMFold_hypothetical_protein	5e72-assembly1.cif.gz_A	5e72-assembly1.cif.gz_A Crystal structure of the archaeal tRNA m2G/m22G10 methyltransferase (aTrm11) in complex with S-adenosyl-L-methionine (SAM) from Thermococcus kodakarensis	5.914E-01	0.442	49	142	206	209	256	322	323	68	0.311	0.207
LOKIASV2_2099_ESMFold_hypothetical_protein	3t9y-assembly1.cif.gz_A-2	3t9y-assembly1.cif.gz_A-2 Crystal structure of GNAT family acetyltransferase Staphylococcus aureus subsp. aureus USA300_TCH1516	4.190E-01	0.411	48	14	159	209	5	104	135	152	0.699	0.741
LOKIASV2_2099_ESMFold_hypothetical_protein	2g3t-assembly1.cif.gz_A	2g3t-assembly1.cif.gz_A Crystal structure of human spermidine/spermine N1-acetyltransferase (hSSAT)	9.921E-01	0.411	48	130	184	209	84	142	169	64	0.263	0.349
LOKIASV2_2099_ESMFold_hypothetical_protein	7ovv-assembly1.cif.gz_A	7ovv-assembly1.cif.gz_A Crystal structure of the Arabidopsis thaliana thialysine acetyltransferase AtNATA2	5.272E-01	0.411	48	14	192	209	8	189	194	239	0.856	0.938
LOKIASV2_2099_ESMFold_hypothetical_protein	3s6k-assembly1.cif.gz_A	3s6k-assembly1.cif.gz_A Crystal structure of xcNAGS	4.978E-01	0.411	48	14	209	209	288	418	438	199	0.938	0.299
LOKIASV2_2099_ESMFold_hypothetical_protein	1s5k-assembly1.cif.gz_B	1s5k-assembly1.cif.gz_B Aminoglycoside N-Acetyltransferase AAC(6')-Iy in Complex with CoA and N-terminal His(6)-tag (crystal form 1)	8.844E-01	0.382	47	14	192	209	2	132	134	193	0.856	0.978
LOKIASV2_2099_ESMFold_hypothetical_protein	7n1l-assembly8.cif.gz_N	7n1l-assembly8.cif.gz_N Crystal Structure of Ribosomal-protein-alanine N-acetyltransferase from Brucella melitensis biovar Abortus 2308	8.844E-01	0.382	47	14	183	209	3	125	140	186	0.813	0.879
LOKIASV2_2099_ESMFold_hypothetical_protein	1s60-assembly1.cif.gz_A-2	1s60-assembly1.cif.gz_A-2 Aminoglycoside N-Acetyltransferase AAC(6')-Iy in Complex with CoA and N-terminal His(6)-tag (crystal form 2)	3.329E-01	0.382	47	9	183	209	1	133	152	188	0.837	0.875
LOKIASV2_2099_ESMFold_hypothetical_protein	7ak7-assembly1.cif.gz_B	7ak7-assembly1.cif.gz_B Structure of Salmonella TacT2 toxin bound to TacA2 antitoxin	2.968E-01	0.382	47	14	202	209	5	144	154	207	0.904	0.909
LOKIASV2_2099_ESMFold_hypothetical_protein	4lua-assembly1.cif.gz_A	4lua-assembly1.cif.gz_A Crystal structure of N-acetyltransferase from Staphylococcus aureus Mu50	9.921E-01	0.382	47	14	206	209	5	153	156	218	0.923	0.955
LOKIASV2_2099_ESMFold_hypothetical_protein	7f37-assembly1.cif.gz_A	7f37-assembly1.cif.gz_A Crystal structure of AtaT2-AtaR2 complex	2.102E-01	0.382	47	66	209	209	42	159	161	161	0.689	0.733
LOKIASV2_2099_ESMFold_hypothetical_protein	1nsl-assembly1.cif.gz_E	1nsl-assembly1.cif.gz_E Crystal structure of Probable acetyltransferase	4.700E-01	0.382	47	14	207	209	13	176	179	228	0.928	0.916
LOKIASV2_2099_ESMFold_hypothetical_protein	7zkt-assembly4.cif.gz_H	7zkt-assembly4.cif.gz_H Moss spermine/spermidine acetyl transferase (PpSSAT) in complex with CoA and lysine	2.645E-01	0.382	47	14	192	209	8	180	194	230	0.856	0.892
LOKIASV2_2099_ESMFold_hypothetical_protein	7ovv-assembly1.cif.gz_B	7ovv-assembly1.cif.gz_B Crystal structure of the Arabidopsis thaliana thialysine acetyltransferase AtNATA2	1.051E+00	0.382	47	126	192	209	121	191	196	76	0.321	0.362
LOKIASV2_2099_ESMFold_hypothetical_protein	7n1l-assembly3.cif.gz_C	7n1l-assembly3.cif.gz_C Crystal Structure of Ribosomal-protein-alanine N-acetyltransferase from Brucella melitensis biovar Abortus 2308	1.867E+00	0.353	46	14	183	209	4	124	137	179	0.813	0.883
LOKIASV2_2099_ESMFold_hypothetical_protein	7zkt-assembly2.cif.gz_C	7zkt-assembly2.cif.gz_C Moss spermine/spermidine acetyl transferase (PpSSAT) in complex with CoA and lysine	2.645E-01	0.353	46	14	192	209	10	184	198	233	0.856	0.884
LOKIASV2_2099_ESMFold_hypothetical_protein	7zkt-assembly4.cif.gz_G	7zkt-assembly4.cif.gz_G Moss spermine/spermidine acetyl transferase (PpSSAT) in complex with CoA and lysine	2.498E-01	0.353	46	14	192	209	10	188	202	237	0.856	0.886
LOKIASV2_2099_ESMFold_hypothetical_protein	2ozg-assembly1.cif.gz_A	2ozg-assembly1.cif.gz_A Crystal structure of GCN5-related N-acetyltransferase (YP_325469.1) from Anabaena variabilis ATCC 29413 at 2.00 A resolution	5.914E-01	0.353	46	14	190	209	4	128	388	190	0.847	0.322
LOKIASV2_2099_ESMFold_hypothetical_protein	8fi5-assembly1.cif.gz_A	8fi5-assembly1.cif.gz_A Crystal Structure of Glycylpeptide N-tetradecanoyltransferase (N-myristoyl transferase) (NMT) from Leishmania major Friedlin bound to tetradecanoyl-CoA (Orthorhombic P Form 2)	2.226E-01	0.353	46	2	173	209	33	195	410	191	0.823	0.398
LOKIASV2_2099_ESMFold_hypothetical_protein	7zkt-assembly3.cif.gz_F	7zkt-assembly3.cif.gz_F Moss spermine/spermidine acetyl transferase (PpSSAT) in complex with CoA and lysine	2.226E-01	0.326	45	14	184	209	10	177	199	226	0.818	0.844
LOKIASV2_2099_ESMFold_hypothetical_protein	7vkq-assembly1.cif.gz_A	7vkq-assembly1.cif.gz_A Crystal structure of D. melanogaster SAMTOR in the SAH bound form	6.264E-01	0.326	45	145	208	209	137	202	228	68	0.306	0.289
LOKIASV2_2099_ESMFold_hypothetical_protein	1g60-assembly1.cif.gz_A	1g60-assembly1.cif.gz_A Crystal Structure of Methyltransferase MboIIa (Moraxella bovis)	8.844E-01	0.326	45	143	209	209	46	126	238	82	0.321	0.340
LOKIASV2_2099_ESMFold_hypothetical_protein	6wqb-assembly1.cif.gz_A	6wqb-assembly1.cif.gz_A Crystal structure of VipF from Legionella hackeliae in complex with acetyl-CoA	7.027E-01	0.326	45	131	190	209	72	130	290	62	0.287	0.203
LOKIASV2_2099_ESMFold_hypothetical_protein	6tdh-assembly1.cif.gz_A-2	6tdh-assembly1.cif.gz_A-2 Crystal structure of Aspergillus fumigatus Glucosamine-6-phosphate N-acetyltransferase 1 in complex with compound 1	1.179E+00	0.301	44	10	186	209	19	154	164	187	0.847	0.829
LOKIASV2_2099_ESMFold_hypothetical_protein	3mti-assembly1.cif.gz_A	3mti-assembly1.cif.gz_A The Crystal Structure of a rRNA Methylase from Streptococcus thermophilus to 1.95A	7.027E-01	0.301	44	134	208	209	92	166	166	82	0.359	0.452
LOKIASV2_2099_ESMFold_hypothetical_protein	1kzf-assembly1.cif.gz_A	1kzf-assembly1.cif.gz_A Crystal Structure of the Acyl-homoserine Lactone Synthase, EsaI	7.443E-01	0.301	44	66	209	209	41	168	198	158	0.689	0.646
LOKIASV2_2099_ESMFold_hypothetical_protein	7vkq-assembly3.cif.gz_C	7vkq-assembly3.cif.gz_C Crystal structure of D. melanogaster SAMTOR in the SAH bound form	8.844E-01	0.301	44	143	208	209	134	198	210	67	0.316	0.310
LOKIASV2_2099_ESMFold_hypothetical_protein	6x7a-assembly1.cif.gz_AAA	6x7a-assembly1.cif.gz_AAA Crystal structure of acetyltransferase Eis from Mycobacterium tuberculosis in complex with inhibitor SGT572	6.635E-01	0.301	44	14	186	209	2	124	392	184	0.828	0.314
LOKIASV2_2099_ESMFold_hypothetical_protein	6omk-assembly1.cif.gz_A	6omk-assembly1.cif.gz_A Crystal structure of a glycylpeptide N-tetradecanoyltransferase (N-myristoyl transferase, NMT) from Leishmania major Friedlin bound to tetradecanoyl-CoA	2.802E-01	0.301	44	4	173	209	42	202	417	196	0.813	0.386
LOKIASV2_2099_ESMFold_hypothetical_protein	7zhc-assembly1.cif.gz_B	7zhc-assembly1.cif.gz_B Moss spermine/spermidine acetyl transferase (PpSSAT) in complex with AcetylCoA and polyethylen glycol	3.956E-01	0.277	43	14	192	209	10	183	197	231	0.856	0.883
LOKIASV2_2099_ESMFold_hypothetical_protein	7zkt-assembly1.cif.gz_B	7zkt-assembly1.cif.gz_B Moss spermine/spermidine acetyl transferase (PpSSAT) in complex with CoA and lysine	3.956E-01	0.277	43	14	192	209	10	188	202	237	0.856	0.886
LOKIASV2_2099_ESMFold_hypothetical_protein	6wqc-assembly1.cif.gz_A	6wqc-assembly1.cif.gz_A Crystal structure of VipF from Legionella hackeliae in complex with CoA	8.350E-01	0.277	43	131	190	209	73	131	293	62	0.287	0.201
LOKIASV2_2099_ESMFold_hypothetical_protein	8f55-assembly1.cif.gz_A	8f55-assembly1.cif.gz_A Crystal structure of acetyltransferase Eis from Mycobacterium tuberculosis H37Rv in complex with inhibitor SGT1614	9.367E-01	0.277	43	14	186	209	3	125	391	185	0.828	0.315
LOKIASV2_2099_ESMFold_hypothetical_protein	6gnv-assembly1.cif.gz_A	6gnv-assembly1.cif.gz_A Crystal Structure of Leishmania major N-Myristoyltransferase (NMT) With Bound Myristoyl-CoA and a isopropyl methyl indole aryl sulphonamide ligand	3.143E-01	0.277	43	4	173	209	36	196	411	191	0.813	0.392
LOKIASV2_2099_ESMFold_hypothetical_protein	4crz-assembly1.cif.gz_B	4crz-assembly1.cif.gz_B Direct visualisation of strain-induced protein prost-translational modification	2.488E+00	0.254	42	128	202	209	56	125	128	80	0.359	0.547
LOKIASV2_2099_ESMFold_hypothetical_protein	4h6z-assembly3.cif.gz_B	4h6z-assembly3.cif.gz_B Tubulin acetyltransferase	1.322E+00	0.254	42	128	207	209	68	141	145	82	0.383	0.510
LOKIASV2_2099_ESMFold_hypothetical_protein	4h6z-assembly3.cif.gz_A	4h6z-assembly3.cif.gz_A Tubulin acetyltransferase	1.248E+00	0.254	42	128	207	209	70	143	147	85	0.383	0.503
LOKIASV2_2099_ESMFold_hypothetical_protein	4y49-assembly3.cif.gz_O	4y49-assembly3.cif.gz_O Crystal structure of yeast N-terminal acetyltransferase (ppGpp) NatE in complex with a bisubstrate	2.094E+00	0.254	42	128	208	209	69	154	154	90	0.388	0.558
LOKIASV2_2099_ESMFold_hypothetical_protein	4u5y-assembly1.cif.gz_A	4u5y-assembly1.cif.gz_A Crystal Structure of the complex between the GNAT domain of S. lividans PAT and the acetyl-CoA synthetase C-terminal domain of S. enterica	1.762E+00	0.254	42	134	206	209	92	164	165	80	0.349	0.442
LOKIASV2_2099_ESMFold_hypothetical_protein	4u9v-assembly1.cif.gz_B	4u9v-assembly1.cif.gz_B Crystal structure of NatD (Naa40p) bound to acetyl CoA	8.382E-02	0.254	42	18	209	209	1	197	197	243	0.919	1.000
LOKIASV2_2099_ESMFold_hypothetical_protein	6zxw-assembly1.cif.gz_G	6zxw-assembly1.cif.gz_G Structure of Archaeoglobus fulgidus Trm11-Trm112 m2G10 tRNA methyltransferase complex bound to sinefungin	7.443E-01	0.254	42	136	208	209	251	321	321	77	0.349	0.221
LOKIASV2_2099_ESMFold_hypothetical_protein	7rk3-assembly1.cif.gz_A	7rk3-assembly1.cif.gz_A Crystal structure of human N-myristoyltransferase 1 fragment (residues 109-496) bound to diacylated human Arf6 octapeptide and Coenzyme A	3.735E-01	0.254	42	4	173	209	2	141	352	190	0.813	0.398
LOKIASV2_2099_ESMFold_hypothetical_protein	2wuu-assembly1.cif.gz_A	2wuu-assembly1.cif.gz_A Structure of N-myristoyltransferase from L. donovani	4.978E-01	0.254	42	2	173	209	34	193	402	191	0.823	0.398
LOKIASV2_2099_ESMFold_hypothetical_protein	2fxf-assembly1.cif.gz_B	2fxf-assembly1.cif.gz_B Human spermidine/spermine N1-acetyltransferase	1.401E+00	0.233	41	14	184	209	5	140	164	200	0.818	0.829
LOKIASV2_2099_ESMFold_hypothetical_protein	4b5p-assembly1.cif.gz_B	4b5p-assembly1.cif.gz_B Crystal structure of human alpha tubulin acetyltransferase catalytic domain Q58A variant	2.094E+00	0.233	41	128	201	209	102	173	184	77	0.354	0.391
LOKIASV2_2099_ESMFold_hypothetical_protein	3ofk-assembly2.cif.gz_B	3ofk-assembly2.cif.gz_B Crystal structure of N-methyltransferase NodS from Bradyrhizobium japonicum WM9 in complex with S-adenosyl-l-homocysteine (SAH)	1.051E+00	0.233	41	147	209	209	120	196	196	77	0.301	0.393
LOKIASV2_2099_ESMFold_hypothetical_protein	3g89-assembly2.cif.gz_B	3g89-assembly2.cif.gz_B T. thermophilus 16S rRNA G527 methyltransferase in complex with AdoMet and AMP in space group P61	1.051E+00	0.233	41	153	209	209	155	219	238	65	0.273	0.273
LOKIASV2_2099_ESMFold_hypothetical_protein	3g8b-assembly1.cif.gz_A	3g8b-assembly1.cif.gz_A T. thermophilus 16S rRNA G527 methyltransferase in complex with AdoMet in space group I222	1.322E+00	0.233	41	153	209	209	158	222	241	65	0.273	0.270
LOKIASV2_2099_ESMFold_hypothetical_protein	4zbp-assembly2.cif.gz_C-2	4zbp-assembly2.cif.gz_C-2 Crystal structure of the AMPCPR-bound AtNUDT7	3.720E+00	0.233	41	133	209	209	16	86	262	81	0.368	0.271
LOKIASV2_2099_ESMFold_hypothetical_protein	5w7p-assembly1.cif.gz_A-2	5w7p-assembly1.cif.gz_A-2 Crystal structure of OxaC	1.113E+00	0.233	41	149	206	209	311	396	396	86	0.278	0.217
LOKIASV2_2099_ESMFold_hypothetical_protein	4h6u-assembly1.cif.gz_B	4h6u-assembly1.cif.gz_B Tubulin acetyltransferase mutant	1.664E+00	0.214	40	128	206	209	84	156	161	84	0.378	0.453
LOKIASV2_2099_ESMFold_hypothetical_protein	8h0s-assembly1.cif.gz_D	8h0s-assembly1.cif.gz_D Crystal structure of MnmM from B. subtilis complexed with Gln-TTG anti-codon stem loop and SAM (2.90 A)	6.264E-01	0.214	40	134	209	209	98	169	169	85	0.364	0.426
LOKIASV2_2099_ESMFold_hypothetical_protein	4b5o-assembly1.cif.gz_A-2	4b5o-assembly1.cif.gz_A-2 Crystal structure of human alpha tubulin acetyltransferase catalytic domain	2.218E+00	0.214	40	128	201	209	111	183	192	77	0.354	0.380
LOKIASV2_2099_ESMFold_hypothetical_protein	4lec-assembly2.cif.gz_B	4lec-assembly2.cif.gz_B Human Methyltransferase-Like Protein 21A	1.179E+00	0.214	40	151	209	209	139	199	201	63	0.282	0.303
LOKIASV2_2099_ESMFold_hypothetical_protein	7o4o-assembly1.cif.gz_A	7o4o-assembly1.cif.gz_A Structure of Staphylococcus aureus m1A22-tRNA methyltransferase in complex with S-adenosylhomocysteine	1.113E+00	0.214	40	146	208	209	96	162	226	67	0.301	0.296
LOKIASV2_2099_ESMFold_hypothetical_protein	3frh-assembly1.cif.gz_A	3frh-assembly1.cif.gz_A Structure of the 16S rRNA methylase RmtB, P21	5.584E-01	0.214	40	143	206	209	183	240	241	67	0.306	0.241
LOKIASV2_2099_ESMFold_hypothetical_protein	3dmh-assembly1.cif.gz_A	3dmh-assembly1.cif.gz_A T. Thermophilus 16S rRNA N2 G1207 methyltransferase (RsmC) in complex with AdoMet and Guanosine	2.635E+00	0.214	40	134	209	209	104	175	371	82	0.364	0.194
LOKIASV2_2099_ESMFold_hypothetical_protein	6f56-assembly1.cif.gz_A	6f56-assembly1.cif.gz_A Mutant of Human N-myristoyltransferase with bound myristoyl-CoA	5.914E-01	0.214	40	2	173	209	30	171	382	195	0.823	0.372
LOKIASV2_2099_ESMFold_hypothetical_protein	8j07-assembly1.cif.gz_d0	8j07-assembly1.cif.gz_d0 96nm repeat of human respiratory doublet microtubule and associated axonemal complexes	1.322E+00	0.214	40	14	207	209	16	176	1092	206	0.928	0.147
LOKIASV2_2099_ESMFold_hypothetical_protein	7n1l-assembly8.cif.gz_O	7n1l-assembly8.cif.gz_O Crystal Structure of Ribosomal-protein-alanine N-acetyltransferase from Brucella melitensis biovar Abortus 2308	2.635E+00	0.196	39	131	183	209	65	121	134	57	0.254	0.425
LOKIASV2_2099_ESMFold_hypothetical_protein	4f0y-assembly1.cif.gz_B	4f0y-assembly1.cif.gz_B Crystal structure of aminoglycoside antibiotic 6'-N-acetyltransferase AAC(6')-IG from Acinetobacter haemolyticus, apo	2.349E+00	0.196	39	14	186	209	3	132	145	181	0.828	0.897
LOKIASV2_2099_ESMFold_hypothetical_protein	4pk3-assembly1.cif.gz_A	4pk3-assembly1.cif.gz_A tubulin acetyltransferase complex with bisubstrate analog	2.488E+00	0.196	39	128	201	209	106	178	188	77	0.354	0.388
LOKIASV2_2099_ESMFold_hypothetical_protein	2vzy-assembly1.cif.gz_C	2vzy-assembly1.cif.gz_C Crystal structure of Rv0802c from Mycobacterium tuberculosis in an unliganded form.	8.350E-01	0.196	39	134	205	209	84	161	189	82	0.344	0.413
LOKIASV2_2099_ESMFold_hypothetical_protein	1k4j-assembly1.cif.gz_A	1k4j-assembly1.cif.gz_A Crystal Structure of the Acyl-homoserinelactone Synthase EsaI Complexed with Rhenate	2.094E+00	0.196	39	128	209	209	74	163	193	94	0.392	0.466
LOKIASV2_2099_ESMFold_hypothetical_protein	1g60-assembly1.cif.gz_B	1g60-assembly1.cif.gz_B Crystal Structure of Methyltransferase MboIIa (Moraxella bovis)	1.762E+00	0.196	39	143	209	209	46	126	228	82	0.321	0.355
LOKIASV2_2099_ESMFold_hypothetical_protein	6cn0-assembly1.cif.gz_A	6cn0-assembly1.cif.gz_A 2.95 Angstrom Crystal Structure of 16S rRNA Methylase from Proteus mirabilis	3.329E-01	0.196	39	145	208	209	210	269	269	71	0.306	0.223
LOKIASV2_2099_ESMFold_hypothetical_protein	5mu6-assembly2.cif.gz_B	5mu6-assembly2.cif.gz_B Human N-myristoyltransferase (NMT1) with Myristoyl-CoA and IMP-1088 inhibitor bound	5.914E-01	0.196	39	2	173	209	30	171	377	195	0.823	0.377
LOKIASV2_2099_ESMFold_hypothetical_protein	6nxg-assembly3.cif.gz_C	6nxg-assembly3.cif.gz_C Crystal structure of glycylpeptide N-tetradecanoyltransferase from Plasmodium vivax in complex with inhibitor 303a	6.264E-01	0.196	39	2	173	209	33	174	378	190	0.823	0.376
LOKIASV2_2099_ESMFold_hypothetical_protein	6qrm-assembly2.cif.gz_B	6qrm-assembly2.cif.gz_B HsNMT1 in complex with both MyrCoA and GNCFSKRRAA substrates	7.027E-01	0.196	39	2	173	209	40	181	391	195	0.823	0.363
LOKIASV2_2099_ESMFold_hypothetical_protein	6b0u-assembly1.cif.gz_B-2	6b0u-assembly1.cif.gz_B-2 Crystal structure of acetyltransferase Eis from Mycobacterium tuberculosis in complex with a Lys-containing peptide	6.264E-01	0.196	39	14	186	209	3	126	394	187	0.828	0.315
LOKIASV2_2099_ESMFold_hypothetical_protein	3d2p-assembly1.cif.gz_A	3d2p-assembly1.cif.gz_A Crystal structure of N-acetylglutamate synthase from Neisseria gonorrhoeae complexed with coenzyme A and L-arginine	1.401E+00	0.196	39	133	209	209	344	424	424	90	0.368	0.191
LOKIASV2_2099_ESMFold_hypothetical_protein	7n1l-assembly3.cif.gz_G	7n1l-assembly3.cif.gz_G Crystal Structure of Ribosomal-protein-alanine N-acetyltransferase from Brucella melitensis biovar Abortus 2308	2.791E+00	0.179	38	14	183	209	5	127	140	179	0.813	0.879
LOKIASV2_2099_ESMFold_hypothetical_protein	3hm2-assembly2.cif.gz_H	3hm2-assembly2.cif.gz_H Crystal Structure of Putative Precorrin-6Y C5,15-Methyltransferase Targeted Domain from Corynebacterium diphtheriae	8.844E-01	0.179	38	145	208	209	96	167	167	76	0.306	0.431
LOKIASV2_2099_ESMFold_hypothetical_protein	4pon-assembly1.cif.gz_B	4pon-assembly1.cif.gz_B The crystal structure of a putative SAM-dependent methyltransferase, YtqB, from Bacillus subtilis	1.762E+00	0.179	38	134	209	209	99	171	171	81	0.364	0.427
LOKIASV2_2099_ESMFold_hypothetical_protein	5cm2-assembly1.cif.gz_Z	5cm2-assembly1.cif.gz_Z Structure of Y. lipolytica Trm9-Trm112 complex, a methyltransferase modifying U34 in the anticodon loop of some tRNAs	9.367E-01	0.179	38	134	209	209	80	182	184	107	0.364	0.560
LOKIASV2_2099_ESMFold_hypothetical_protein	1jsx-assembly1.cif.gz_A	1jsx-assembly1.cif.gz_A Crystal Structure of the Escherichia coli Glucose-Inhibited Division Protein B (GidB)	9.921E-01	0.179	38	153	209	209	135	193	193	60	0.273	0.306
LOKIASV2_2099_ESMFold_hypothetical_protein	4qpn-assembly1.cif.gz_A	4qpn-assembly1.cif.gz_A Crystal Structure of Human Methyltransferase-Like Protein 21B	1.867E+00	0.179	38	153	209	209	139	199	203	63	0.273	0.300
LOKIASV2_2099_ESMFold_hypothetical_protein	7nzj-assembly3.cif.gz_E	7nzj-assembly3.cif.gz_E Structure of bsTrmB apo	1.113E+00	0.179	38	134	208	209	106	206	206	103	0.359	0.490
LOKIASV2_2099_ESMFold_hypothetical_protein	7yrj-assembly1.cif.gz_B	7yrj-assembly1.cif.gz_B S-adenosylmethionine sensor upstream of mTORC1	1.401E+00	0.179	38	150	208	209	139	199	213	63	0.282	0.286
LOKIASV2_2099_ESMFold_hypothetical_protein	3g8a-assembly6.cif.gz_F	3g8a-assembly6.cif.gz_F T. thermophilus 16S rRNA G527 methyltransferase in complex with AdoHcy in space group P61	1.867E+00	0.179	38	153	209	209	156	220	239	65	0.273	0.272
LOKIASV2_2099_ESMFold_hypothetical_protein	8f4w-assembly1.cif.gz_A	8f4w-assembly1.cif.gz_A Crystal structure of acetyltransferase Eis from M. tuberculosis in complex with venlafaxine	8.350E-01	0.179	38	14	186	209	3	125	392	185	0.828	0.314
LOKIASV2_2099_ESMFold_hypothetical_protein	5ag6-assembly1.cif.gz_A	5ag6-assembly1.cif.gz_A CRYSTAL STRUCTURE OF LEISHMANIA MAJOR N-MYRISTOYLTRANSFERASE (NMT) WITH BOUND MYRISTOYL-COA AND A THIAZOLIDINONE LIGAND	6.264E-01	0.179	38	4	173	209	36	196	402	189	0.813	0.400
LOKIASV2_2099_ESMFold_hypothetical_protein	6sgb-assembly1.cif.gz_FF	6sgb-assembly1.cif.gz_FF mt-SSU assemblosome of Trypanosoma brucei	1.179E+00	0.179	38	140	209	209	273	353	408	84	0.335	0.199
LOKIASV2_2099_ESMFold_hypothetical_protein	3hm2-assembly1.cif.gz_B	3hm2-assembly1.cif.gz_B Crystal Structure of Putative Precorrin-6Y C5,15-Methyltransferase Targeted Domain from Corynebacterium diphtheriae	8.844E-01	0.164	37	134	208	209	92	171	171	89	0.359	0.468
LOKIASV2_2099_ESMFold_hypothetical_protein	3ofj-assembly1.cif.gz_A	3ofj-assembly1.cif.gz_A Crystal structure of N-methyltransferase NodS from Bradyrhizobium japonicum WM9	2.218E+00	0.164	37	143	209	209	98	178	178	82	0.321	0.455
LOKIASV2_2099_ESMFold_hypothetical_protein	1f38-assembly1.cif.gz_A	1f38-assembly1.cif.gz_A X-RAY CRYSTALLOGRAPHIC STRUCTURE OF PRECORRIN 8W DECARBOXYLASE, THE PRODUCT OF GENE MT0146 IN THE METHANOBACTERIUM THERMOAUTOTROPHICUM GENOME	1.113E+00	0.164	37	146	206	209	108	185	186	78	0.292	0.419
LOKIASV2_2099_ESMFold_hypothetical_protein	7yri-assembly2.cif.gz_C	7yri-assembly2.cif.gz_C S-adenosylmethionine sensor upstream of mTORC1	1.977E+00	0.164	37	143	208	209	123	189	200	69	0.316	0.335
LOKIASV2_2099_ESMFold_hypothetical_protein	3id6-assembly1.cif.gz_C-2	3id6-assembly1.cif.gz_C-2 Crystal structure of Sulfolobus solfataricus Nop5 (1-262) and fibrillarin complex	8.350E-01	0.164	37	122	206	209	134	220	220	94	0.407	0.395
LOKIASV2_2099_ESMFold_hypothetical_protein	3g8a-assembly1.cif.gz_A	3g8a-assembly1.cif.gz_A T. thermophilus 16S rRNA G527 methyltransferase in complex with AdoHcy in space group P61	1.867E+00	0.164	37	153	209	209	153	217	236	65	0.273	0.275
LOKIASV2_2099_ESMFold_hypothetical_protein	3v8h-assembly1.cif.gz_D	3v8h-assembly1.cif.gz_D Crystal structure of Thymidylate Synthase from Burkholderia thailandensis	4.682E+00	0.164	37	166	206	209	101	141	290	43	0.196	0.141
LOKIASV2_2099_ESMFold_hypothetical_protein	3v8h-assembly1.cif.gz_A	3v8h-assembly1.cif.gz_A Crystal structure of Thymidylate Synthase from Burkholderia thailandensis	4.682E+00	0.164	37	166	206	209	112	152	312	43	0.196	0.131
LOKIASV2_2099_ESMFold_hypothetical_protein	2zzm-assembly1.cif.gz_A	2zzm-assembly1.cif.gz_A The complex structure of aTrm5 and tRNALeu	1.051E+00	0.164	37	150	204	209	269	329	333	63	0.263	0.183
LOKIASV2_2099_ESMFold_hypothetical_protein	4a95-assembly3.cif.gz_C	4a95-assembly3.cif.gz_C Plasmodium vivax N-myristoyltransferase with quinoline inhibitor	5.584E-01	0.164	37	2	189	209	33	213	366	229	0.900	0.495
LOKIASV2_2099_ESMFold_hypothetical_protein	6ehj-assembly1.cif.gz_A	6ehj-assembly1.cif.gz_A Human N-myristoyltransferase (NMT1) with Myristoyl-CoA and peptide bound	4.978E-01	0.164	37	2	196	209	30	230	371	254	0.933	0.542
LOKIASV2_2099_ESMFold_hypothetical_protein	6b1l-assembly1.cif.gz_A	6b1l-assembly1.cif.gz_A Crystal structure of glycylpeptide N-tetradecanoyltransferase from Plasmodium vivax in complex with inhibitor IMP-0001173	8.844E-01	0.164	37	2	173	209	33	174	378	194	0.823	0.376
LOKIASV2_2099_ESMFold_hypothetical_protein	8f57-assembly1.cif.gz_A	8f57-assembly1.cif.gz_A Crystal structure of acetyltransferase Eis from M. tuberculosis in complex with inhibitor SGT1615	2.218E+00	0.164	37	131	186	209	69	125	390	62	0.268	0.146
LOKIASV2_2099_ESMFold_hypothetical_protein	7n1l-assembly4.cif.gz_J	7n1l-assembly4.cif.gz_J Crystal Structure of Ribosomal-protein-alanine N-acetyltransferase from Brucella melitensis biovar Abortus 2308	3.720E+00	0.150	36	131	183	209	65	121	134	57	0.254	0.425
LOKIASV2_2099_ESMFold_hypothetical_protein	2b5g-assembly1.cif.gz_A	2b5g-assembly1.cif.gz_A Wild Type SSAT- 1.7A structure	1.322E+00	0.150	36	14	184	209	5	139	164	205	0.818	0.823
LOKIASV2_2099_ESMFold_hypothetical_protein	4h6u-assembly1.cif.gz_A	4h6u-assembly1.cif.gz_A Tubulin acetyltransferase mutant	2.791E+00	0.150	36	128	207	209	89	162	165	84	0.383	0.448
LOKIASV2_2099_ESMFold_hypothetical_protein	5hek-assembly3.cif.gz_B	5hek-assembly3.cif.gz_B crystal structure of M1.HpyAVI	9.367E-01	0.150	36	152	209	209	37	110	185	75	0.278	0.400
LOKIASV2_2099_ESMFold_hypothetical_protein	5t53-assembly1.cif.gz_A	5t53-assembly1.cif.gz_A MOLECULAR BASIS FOR COHESIN ACETYLATION BY ESTABLISHMENT OF SISTER CHROMATID COHESION N-ACETYLTRANSFERASE ESCO1	4.174E+00	0.150	36	129	182	209	126	184	187	60	0.258	0.316
LOKIASV2_2099_ESMFold_hypothetical_protein	3e05-assembly1.cif.gz_A	3e05-assembly1.cif.gz_A CRYSTAL STRUCTURE OF Precorrin-6y C5,15-methyltransferase FROM Geobacter metallireducens GS-15	1.483E+00	0.150	36	134	208	209	109	188	188	88	0.359	0.426
LOKIASV2_2099_ESMFold_hypothetical_protein	7yri-assembly2.cif.gz_A	7yri-assembly2.cif.gz_A S-adenosylmethionine sensor upstream of mTORC1	2.488E+00	0.150	36	150	208	209	137	196	216	62	0.282	0.278
LOKIASV2_2099_ESMFold_hypothetical_protein	6pbd-assembly1.cif.gz_B	6pbd-assembly1.cif.gz_B DNA N6-Adenine Methyltransferase CcrM In Complex with Double-Stranded DNA Oligonucleotide Containing Its Recognition Sequence GAATC	1.571E+00	0.150	36	143	209	209	35	119	331	85	0.321	0.257
LOKIASV2_2099_ESMFold_hypothetical_protein	5uut-assembly1.cif.gz_A	5uut-assembly1.cif.gz_A N-myristoyltransferase 1 (NMT) bound to myristoyl-CoA	1.179E+00	0.150	36	2	173	209	30	171	373	192	0.823	0.381
LOKIASV2_2099_ESMFold_hypothetical_protein	3jtk-assembly2.cif.gz_B	3jtk-assembly2.cif.gz_B Crystal Structure of human type-I N-myristoyltransferase with bound myristoyl-CoA and inhibitor DDD90055	9.921E-01	0.150	36	2	173	209	30	171	378	195	0.823	0.376
LOKIASV2_2099_ESMFold_hypothetical_protein	6sjz-assembly2.cif.gz_B	6sjz-assembly2.cif.gz_B HsNMT1 in complex with both MyrCoA and Acetylated-GNCFSKPR substrates	8.844E-01	0.150	36	2	173	209	40	181	389	195	0.823	0.365
LOKIASV2_2099_ESMFold_hypothetical_protein	7owp-assembly1.cif.gz_A	7owp-assembly1.cif.gz_A HsNMT1 in complex with both MyrCoA and ACE-G-(L-ORN)SFSKPR	9.367E-01	0.150	36	2	172	209	42	182	394	194	0.818	0.358
LOKIASV2_2099_ESMFold_hypothetical_protein	5t6b-assembly2.cif.gz_B	5t6b-assembly2.cif.gz_B X-ray structure of the KijD1 C3-methyltransfeerase, converted to monomeric form	1.051E+00	0.150	36	153	208	209	180	258	406	79	0.268	0.195
LOKIASV2_2099_ESMFold_hypothetical_protein	4azt-assembly1.cif.gz_A	4azt-assembly1.cif.gz_A Co-crystal structure of WbdD and kinase inhibitor LY294002.	2.791E+00	0.150	36	152	207	209	142	207	435	69	0.268	0.152
LOKIASV2_2099_ESMFold_hypothetical_protein	3dlu-assembly1.cif.gz_D	3dlu-assembly1.cif.gz_D Structures of SRP54 and SRP19, the two proteins assembling the ribonucleic core of the Signal Recognition Particle from the archaeon Pyrococcus furiosus.	2.218E+00	0.138	35	169	209	209	28	69	87	43	0.196	0.483
LOKIASV2_2099_ESMFold_hypothetical_protein	7n1l-assembly4.cif.gz_F	7n1l-assembly4.cif.gz_F Crystal Structure of Ribosomal-protein-alanine N-acetyltransferase from Brucella melitensis biovar Abortus 2308	2.218E+00	0.138	35	14	160	209	4	100	141	152	0.703	0.688
LOKIASV2_2099_ESMFold_hypothetical_protein	3hm2-assembly1.cif.gz_D	3hm2-assembly1.cif.gz_D Crystal Structure of Putative Precorrin-6Y C5,15-Methyltransferase Targeted Domain from Corynebacterium diphtheriae	8.350E-01	0.138	35	134	208	209	87	167	167	88	0.359	0.485
LOKIASV2_2099_ESMFold_hypothetical_protein	3hm2-assembly2.cif.gz_F	3hm2-assembly2.cif.gz_F Crystal Structure of Putative Precorrin-6Y C5,15-Methyltransferase Targeted Domain from Corynebacterium diphtheriae	1.113E+00	0.138	35	134	208	209	89	167	167	89	0.359	0.473
LOKIASV2_2099_ESMFold_hypothetical_protein	5n1u-assembly2.cif.gz_B	5n1u-assembly2.cif.gz_B Structure of xEco2 acetyltransferase domain	3.316E+00	0.138	35	128	182	209	95	156	170	63	0.263	0.365
LOKIASV2_2099_ESMFold_hypothetical_protein	3hm2-assembly2.cif.gz_G	3hm2-assembly2.cif.gz_G Crystal Structure of Putative Precorrin-6Y C5,15-Methyltransferase Targeted Domain from Corynebacterium diphtheriae	1.322E+00	0.138	35	134	208	209	92	171	171	89	0.359	0.468
LOKIASV2_2099_ESMFold_hypothetical_protein	3e05-assembly2.cif.gz_F	3e05-assembly2.cif.gz_F CRYSTAL STRUCTURE OF Precorrin-6y C5,15-methyltransferase FROM Geobacter metallireducens GS-15	1.571E+00	0.138	35	134	208	209	109	187	187	88	0.359	0.422
LOKIASV2_2099_ESMFold_hypothetical_protein	4u9y-assembly1.cif.gz_A	4u9y-assembly1.cif.gz_A Structure of the alpha-tubulin acetyltransferase alpha-TAT1/Mec-17 in complex with CoA	4.682E+00	0.138	35	128	182	209	111	166	190	57	0.263	0.295
LOKIASV2_2099_ESMFold_hypothetical_protein	3dxz-assembly1.cif.gz_A	3dxz-assembly1.cif.gz_A Crystal structure of EcTrmB in complex with SAH	1.113E+00	0.138	35	134	209	209	104	198	200	100	0.364	0.475
LOKIASV2_2099_ESMFold_hypothetical_protein	7wmt-assembly1.cif.gz_A	7wmt-assembly1.cif.gz_A Crystal structure of small molecule 13 bound to human Nicotinamide N-methyltransferase	1.483E+00	0.138	35	139	206	209	161	227	228	72	0.325	0.294
LOKIASV2_2099_ESMFold_hypothetical_protein	6ehj-assembly2.cif.gz_B	6ehj-assembly2.cif.gz_B Human N-myristoyltransferase (NMT1) with Myristoyl-CoA and peptide bound	5.914E-01	0.138	35	7	206	209	211	360	376	220	0.957	0.399
LOKIASV2_2099_ESMFold_hypothetical_protein	4e31-assembly1.cif.gz_A	4e31-assembly1.cif.gz_A X-ray Structure of the Y76F mutant of TcaB9, a C-3'-Methyltransferase, in Complex with S-Adenosyl-L-Homocysteine and Sugar Product	1.401E+00	0.138	35	134	209	209	164	257	404	99	0.364	0.233
LOKIASV2_2099_ESMFold_hypothetical_protein	2vz8-assembly1.cif.gz_B	2vz8-assembly1.cif.gz_B Crystal Structure of Mammalian Fatty Acid Synthase	2.791E+00	0.138	35	153	209	209	1247	1304	2004	60	0.273	0.029
LOKIASV2_2099_ESMFold_hypothetical_protein	7n1l-assembly1.cif.gz_A	7n1l-assembly1.cif.gz_A Crystal Structure of Ribosomal-protein-alanine N-acetyltransferase from Brucella melitensis biovar Abortus 2308	4.959E+00	0.126	34	14	183	209	4	130	143	182	0.813	0.888
LOKIASV2_2099_ESMFold_hypothetical_protein	2nyu-assembly2.cif.gz_B	2nyu-assembly2.cif.gz_B Crystal Structure of Human FtsJ homolog 2 (E.coli) protein in complex with S-adenosylmethionine	2.488E+00	0.126	34	151	207	209	125	179	182	61	0.273	0.302
LOKIASV2_2099_ESMFold_hypothetical_protein	5hfj-assembly2.cif.gz_C	5hfj-assembly2.cif.gz_C crystal structure of M1.HpyAVI-SAM complex	9.921E-01	0.126	34	115	209	209	8	113	204	113	0.455	0.520
LOKIASV2_2099_ESMFold_hypothetical_protein	5bw4-assembly1.cif.gz_A	5bw4-assembly1.cif.gz_A Crystal structure of the 16S rRNA (adenine(1408)-N(1))-methyltransferase W203A mutant with cosubstrate SAM from Catenulisporales acidiphilia	1.483E+00	0.126	34	153	209	209	123	202	205	81	0.273	0.390
LOKIASV2_2099_ESMFold_hypothetical_protein	3dxy-assembly1.cif.gz_A	3dxy-assembly1.cif.gz_A Crystal structure of EcTrmB in complex with SAM	1.179E+00	0.126	34	134	209	209	104	204	207	106	0.364	0.488
LOKIASV2_2099_ESMFold_hypothetical_protein	6q56-assembly4.cif.gz_D	6q56-assembly4.cif.gz_D Crystal structure of the B. subtilis M1A22 tRNA methyltransferase TrmK	1.867E+00	0.126	34	146	206	209	95	158	234	66	0.292	0.274
LOKIASV2_2099_ESMFold_hypothetical_protein	3l1w-assembly2.cif.gz_D	3l1w-assembly2.cif.gz_D The crystal structure of a functionally unknown conserved protein from Enterococcus faecalis V583	1.867E+00	0.126	34	128	205	209	122	220	252	99	0.373	0.393
LOKIASV2_2099_ESMFold_hypothetical_protein	3b7p-assembly1.cif.gz_A	3b7p-assembly1.cif.gz_A Crystal structure of spermidine synthase from Plasmodium falciparum in complex with spermine	2.791E+00	0.126	34	153	208	209	172	237	281	68	0.268	0.235
LOKIASV2_2099_ESMFold_hypothetical_protein	3tma-assembly1.cif.gz_A	3tma-assembly1.cif.gz_A Crystal structure of TrmN from Thermus thermophilus	2.956E+00	0.126	34	124	208	209	248	332	332	89	0.407	0.256
LOKIASV2_2099_ESMFold_hypothetical_protein	5npq-assembly2.cif.gz_B	5npq-assembly2.cif.gz_B Human N-myristoyltransferase 1 (MNT1) with Myristoyl-CoA analogue X10 bound	7.443E-01	0.126	34	2	196	209	30	228	375	252	0.933	0.531
LOKIASV2_2099_ESMFold_hypothetical_protein	8f4a-assembly1.cif.gz_A	8f4a-assembly1.cif.gz_A Crystal structure of acetyltransferase Eis from M. tuberculosis in complex with chlorhexidine	2.349E+00	0.126	34	14	186	209	3	125	390	185	0.828	0.315
LOKIASV2_2099_ESMFold_hypothetical_protein	7dl8-assembly1.cif.gz_B	7dl8-assembly1.cif.gz_B Crystal structure of ALBA1 from Trypanosoma brucei	2.349E+00	0.116	33	134	209	209	5	81	110	81	0.364	0.700
LOKIASV2_2099_ESMFold_hypothetical_protein	3dou-assembly1.cif.gz_A	3dou-assembly1.cif.gz_A Crystal structure of methyltransferase involved in cell division from thermoplasma volcanicum gss1	9.921E-01	0.116	33	115	208	209	72	173	175	111	0.450	0.583
LOKIASV2_2099_ESMFold_hypothetical_protein	2plw-assembly1.cif.gz_A	2plw-assembly1.cif.gz_A Crystal structure of a ribosomal RNA methyltransferase, putative, from Plasmodium falciparum (PF13_0052).	2.956E+00	0.116	33	149	207	209	119	178	182	66	0.282	0.330
LOKIASV2_2099_ESMFold_hypothetical_protein	3e05-assembly2.cif.gz_H	3e05-assembly2.cif.gz_H CRYSTAL STRUCTURE OF Precorrin-6y C5,15-methyltransferase FROM Geobacter metallireducens GS-15	2.218E+00	0.116	33	134	208	209	111	191	191	89	0.359	0.424
LOKIASV2_2099_ESMFold_hypothetical_protein	4if5-assembly1.cif.gz_A	4if5-assembly1.cif.gz_A Structure of human Mec17	4.420E+00	0.116	33	128	208	209	115	189	192	85	0.388	0.391
LOKIASV2_2099_ESMFold_hypothetical_protein	7o9m-assembly1.cif.gz_n	7o9m-assembly1.cif.gz_n Human mitochondrial ribosome large subunit assembly intermediate with MTERF4-NSUN4, MRM2, MTG1 and the MALSU module	4.420E+00	0.116	33	148	209	209	148	214	215	68	0.297	0.312
LOKIASV2_2099_ESMFold_hypothetical_protein	3id5-assembly1.cif.gz_F	3id5-assembly1.cif.gz_F Crystal structure of Sulfolobus solfataricus C/D RNP assembled with Nop5, fibrillarin, L7Ae and a split half C/D RNA	1.051E+00	0.116	33	121	204	209	133	219	223	94	0.402	0.390
LOKIASV2_2099_ESMFold_hypothetical_protein	7owb-assembly1.cif.gz_A-2	7owb-assembly1.cif.gz_A-2 Chimeric carminomycin-4-O-methyltransferase (DnrK) with a region from 10-hydroxylase CalMB	1.113E+00	0.116	33	150	208	209	251	333	333	84	0.282	0.249
LOKIASV2_2099_ESMFold_hypothetical_protein	6sk2-assembly2.cif.gz_B	6sk2-assembly2.cif.gz_B HsNMT1 in complex with both MyrCoA and Acetylated-GKSFSKPR peptide reveals N-terminal Lysine Myristoylation	1.762E+00	0.116	33	2	173	209	40	181	390	195	0.823	0.364
LOKIASV2_2099_ESMFold_hypothetical_protein	8f51-assembly1.cif.gz_A	8f51-assembly1.cif.gz_A Crystal structure of acetyltransferase Eis from M. tuberculosis in complex with mefloquine	2.094E+00	0.116	33	131	186	209	70	126	392	62	0.268	0.145
LOKIASV2_2099_ESMFold_hypothetical_protein	4e2y-assembly1.cif.gz_A	4e2y-assembly1.cif.gz_A X-ray Structure of the E224Q mutant of TcaB9, a C-3'-Methyltransferase, in Complex with S-Adenosyl-L-Homocysteine and Sugar Product	1.977E+00	0.116	33	151	209	209	177	258	405	82	0.282	0.202
LOKIASV2_2099_ESMFold_hypothetical_protein	4ax8-assembly1.cif.gz_A	4ax8-assembly1.cif.gz_A Medium resolution structure of the bifunctional kinase- methyltransferase WbdD	2.218E+00	0.116	33	152	207	209	142	207	450	70	0.268	0.147
LOKIASV2_2099_ESMFold_hypothetical_protein	2b3u-assembly1.cif.gz_A	2b3u-assembly1.cif.gz_A Human Spermine spermidine acetyltransferase K26R mutant	1.762E+00	0.106	32	130	184	209	78	136	162	69	0.263	0.364
LOKIASV2_2099_ESMFold_hypothetical_protein	3hm2-assembly2.cif.gz_E	3hm2-assembly2.cif.gz_E Crystal Structure of Putative Precorrin-6Y C5,15-Methyltransferase Targeted Domain from Corynebacterium diphtheriae	1.483E+00	0.106	32	134	208	209	91	170	170	89	0.359	0.471
LOKIASV2_2099_ESMFold_hypothetical_protein	3lby-assembly1.cif.gz_A	3lby-assembly1.cif.gz_A Crystal structure of SMU.1697c, a putative methyltransferase from streptococcus mutans in complex with SAH	2.094E+00	0.106	32	134	204	209	91	172	176	84	0.340	0.466
LOKIASV2_2099_ESMFold_hypothetical_protein	5zw3-assembly1.cif.gz_B	5zw3-assembly1.cif.gz_B Crystal Structure of TrmR from B. subtilis	2.218E+00	0.106	32	134	208	209	129	193	193	79	0.359	0.337
LOKIASV2_2099_ESMFold_hypothetical_protein	3lec-assembly1.cif.gz_A	3lec-assembly1.cif.gz_A The Crystal Structure of a protein in the NADB-Rossmann Superfamily from Streptococcus agalactiae to 1.8A	3.720E+00	0.106	32	153	209	209	106	164	225	59	0.273	0.262
LOKIASV2_2099_ESMFold_hypothetical_protein	3v8h-assembly2.cif.gz_B	3v8h-assembly2.cif.gz_B Crystal structure of Thymidylate Synthase from Burkholderia thailandensis	7.853E+00	0.106	32	166	206	209	111	151	311	43	0.196	0.132
LOKIASV2_2099_ESMFold_hypothetical_protein	6zxy-assembly1.cif.gz_B	6zxy-assembly1.cif.gz_B Structure of Archaeoglobus fulgidus Trm11 m2G10 tRNA methyltransferase enzyme	3.720E+00	0.106	32	134	208	209	251	321	321	79	0.359	0.221
LOKIASV2_2099_ESMFold_hypothetical_protein	4bhq-assembly1.cif.gz_A	4bhq-assembly1.cif.gz_A Structure of the periplasmic domain of the PilN type IV pilus biogenesis protein from Thermus thermophilus	4.420E+00	0.098	31	166	204	209	58	103	109	46	0.187	0.422
LOKIASV2_2099_ESMFold_hypothetical_protein	7n1l-assembly6.cif.gz_L	7n1l-assembly6.cif.gz_L Crystal Structure of Ribosomal-protein-alanine N-acetyltransferase from Brucella melitensis biovar Abortus 2308	8.810E+00	0.098	31	131	160	209	77	106	148	30	0.144	0.203
LOKIASV2_2099_ESMFold_hypothetical_protein	7ods-assembly1.cif.gz_z	7ods-assembly1.cif.gz_z State B of the human mitoribosomal large subunit assembly intermediate	3.940E+00	0.098	31	151	209	209	125	181	181	63	0.282	0.315
LOKIASV2_2099_ESMFold_hypothetical_protein	3h2b-assembly1.cif.gz_A	3h2b-assembly1.cif.gz_A Crystal structure of the SAM-dependent methyltransferase cg3271 from Corynebacterium glutamicum in complex with S-adenosyl-L-homocysteine and pyrophosphate. Northeast Structural Genomics Consortium Target CgR113A	4.174E+00	0.098	31	145	206	209	114	194	195	81	0.297	0.415
LOKIASV2_2099_ESMFold_hypothetical_protein	3ku1-assembly2.cif.gz_B	3ku1-assembly2.cif.gz_B Crystal structure of Streptococcus pneumoniae Sp1610, a putative tRNA (m1A22) methyltransferase, in complex with S-adenosyl-L-methionine	1.977E+00	0.098	31	134	209	209	87	161	214	81	0.364	0.350
LOKIASV2_2099_ESMFold_hypothetical_protein	6qe6-assembly2.cif.gz_B	6qe6-assembly2.cif.gz_B Structure of M. capricolum TrmK in complex with the natural cofactor product S-adenosyl-homocysteine (SAH)	2.488E+00	0.098	31	151	209	209	99	159	226	61	0.282	0.270
LOKIASV2_2099_ESMFold_hypothetical_protein	5gin-assembly1.cif.gz_F	5gin-assembly1.cif.gz_F Crystal structure of box C/D RNP with 12 nt guide regions and 9 nt substrates	2.635E+00	0.098	31	121	206	209	133	227	227	102	0.411	0.419
LOKIASV2_2099_ESMFold_hypothetical_protein	6i1n-assembly1.cif.gz_A	6i1n-assembly1.cif.gz_A Plasmodium falciparum spermidine synthase in complex with N-(3-aminopropyl)-trans-cyclohexane-1,4-diamine	4.682E+00	0.098	31	155	209	209	164	228	271	66	0.263	0.240
LOKIASV2_2099_ESMFold_hypothetical_protein	1p0h-assembly1.cif.gz_A	1p0h-assembly1.cif.gz_A Crystal Structure of Rv0819 from Mycobacterium Tuberculosis MshD-Mycothiol Synthase Coenzyme A Complex	2.488E+00	0.098	31	7	203	209	137	288	290	218	0.943	0.524
LOKIASV2_2099_ESMFold_hypothetical_protein	7xay-assembly1.cif.gz_A	7xay-assembly1.cif.gz_A Crystal structure of Hat1-Hat2-Asf1-H3-H4	7.001E+00	0.098	31	131	182	209	206	260	311	57	0.249	0.177
LOKIASV2_2099_ESMFold_hypothetical_protein	5t6b-assembly3.cif.gz_C	5t6b-assembly3.cif.gz_C X-ray structure of the KijD1 C3-methyltransfeerase, converted to monomeric form	9.921E-01	0.098	31	142	205	209	163	244	394	88	0.306	0.208
LOKIASV2_2099_ESMFold_hypothetical_protein	5w7s-assembly1.cif.gz_A-2	5w7s-assembly1.cif.gz_A-2 Crystal structure of OxaC in complex with sinefungin and meleagrin	3.513E+00	0.098	31	153	206	209	313	394	394	82	0.258	0.208
LOKIASV2_2099_ESMFold_hypothetical_protein	5w7r-assembly1.cif.gz_A-2	5w7r-assembly1.cif.gz_A-2 Crystal structure of OxaC in complex with SAH and oxaline	3.513E+00	0.098	31	153	206	209	315	396	396	82	0.258	0.207
LOKIASV2_2099_ESMFold_hypothetical_protein	8h1a-assembly1.cif.gz_B	8h1a-assembly1.cif.gz_B Crystal structure of MnmM from S. aureus in apo state (1.44 A)	2.488E+00	0.090	30	146	209	209	100	168	168	73	0.306	0.411
LOKIASV2_2099_ESMFold_hypothetical_protein	8h26-assembly1.cif.gz_A	8h26-assembly1.cif.gz_A Crystal structure of MnmM from S. aureus complexed with SAH (1.50 A)	1.762E+00	0.090	30	134	208	209	96	175	175	89	0.359	0.457
LOKIASV2_2099_ESMFold_hypothetical_protein	3e05-assembly2.cif.gz_C	3e05-assembly2.cif.gz_C CRYSTAL STRUCTURE OF Precorrin-6y C5,15-methyltransferase FROM Geobacter metallireducens GS-15	2.349E+00	0.090	30	134	204	209	110	187	190	86	0.340	0.411
LOKIASV2_2099_ESMFold_hypothetical_protein	5d1h-assembly1.cif.gz_A	5d1h-assembly1.cif.gz_A Crystal structure of the 16S rRNA (adenine(1408)-N(1))-methyltransferase W203A mutant from Catenulisporales acidiphilia	2.488E+00	0.090	30	134	209	209	104	201	204	101	0.364	0.480
LOKIASV2_2099_ESMFold_hypothetical_protein	4zb3-assembly1.cif.gz_A-2	4zb3-assembly1.cif.gz_A-2 Crystal structure of the apo AtNUDT7	7.001E+00	0.090	30	133	209	209	15	87	262	81	0.368	0.279
LOKIASV2_2099_ESMFold_hypothetical_protein	2c27-assembly1.cif.gz_A	2c27-assembly1.cif.gz_A The Structure of Mycothiol Synthase in Complex with des- AcetylMycothiol and CoenzymeA.	1.762E+00	0.090	30	7	203	209	138	298	301	231	0.943	0.535
LOKIASV2_2099_ESMFold_hypothetical_protein	7pg7-assembly1.cif.gz_D-2	7pg7-assembly1.cif.gz_D-2 10-decarboxylase TamK from Streptomyces tsukubaensis	1.179E+00	0.090	30	150	203	209	247	326	329	80	0.258	0.243
LOKIASV2_2099_ESMFold_hypothetical_protein	6wlf-assembly2.cif.gz_B	6wlf-assembly2.cif.gz_B Phosphoethanolamine Methyltransferase from the Pine Wilt Nematode Bursaphelenchus xylophilus	2.488E+00	0.090	30	116	206	209	343	433	434	98	0.435	0.210
LOKIASV2_2099_ESMFold_hypothetical_protein	6edz-assembly1.cif.gz_B	6edz-assembly1.cif.gz_B Crystal structure of Mycobacterium tuberculosis ICL2 in complex with acetyl-CoA, form I	1.322E+00	0.090	30	9	207	209	563	708	730	223	0.952	0.200
LOKIASV2_2099_ESMFold_hypothetical_protein	6ee1-assembly1.cif.gz_D	6ee1-assembly1.cif.gz_D Crystal structure of Mycobacterium tuberculosis ICL2 in complex with acetyl-CoA	1.483E+00	0.090	30	16	207	209	569	707	730	216	0.919	0.190
LOKIASV2_2099_ESMFold_hypothetical_protein	7n1l-assembly7.cif.gz_M	7n1l-assembly7.cif.gz_M Crystal Structure of Ribosomal-protein-alanine N-acetyltransferase from Brucella melitensis biovar Abortus 2308	5.252E+00	0.082	29	14	160	209	5	99	139	155	0.703	0.683
LOKIASV2_2099_ESMFold_hypothetical_protein	7n1l-assembly6.cif.gz_I	7n1l-assembly6.cif.gz_I Crystal Structure of Ribosomal-protein-alanine N-acetyltransferase from Brucella melitensis biovar Abortus 2308	5.563E+00	0.082	29	14	160	209	5	103	143	153	0.703	0.692
LOKIASV2_2099_ESMFold_hypothetical_protein	3hm2-assembly1.cif.gz_A	3hm2-assembly1.cif.gz_A Crystal Structure of Putative Precorrin-6Y C5,15-Methyltransferase Targeted Domain from Corynebacterium diphtheriae	3.720E+00	0.082	29	153	204	209	103	168	171	66	0.249	0.386
LOKIASV2_2099_ESMFold_hypothetical_protein	5hek-assembly3.cif.gz_D	5hek-assembly3.cif.gz_D crystal structure of M1.HpyAVI	2.094E+00	0.082	29	116	209	209	9	102	177	105	0.450	0.531
LOKIASV2_2099_ESMFold_hypothetical_protein	2nyu-assembly1.cif.gz_A	2nyu-assembly1.cif.gz_A Crystal Structure of Human FtsJ homolog 2 (E.coli) protein in complex with S-adenosylmethionine	3.513E+00	0.082	29	151	207	209	125	178	181	61	0.273	0.298
LOKIASV2_2099_ESMFold_hypothetical_protein	7o9k-assembly1.cif.gz_n	7o9k-assembly1.cif.gz_n Human mitochondrial ribosome large subunit assembly intermediate with MTERF4-NSUN4, MRM2, MTG1, the MALSU module, GTPBP5 and mtEF-Tu	5.252E+00	0.082	29	148	209	209	122	188	189	68	0.297	0.354
LOKIASV2_2099_ESMFold_hypothetical_protein	7yri-assembly1.cif.gz_J	7yri-assembly1.cif.gz_J S-adenosylmethionine sensor upstream of mTORC1	5.252E+00	0.082	29	143	208	209	131	197	215	69	0.316	0.312
LOKIASV2_2099_ESMFold_hypothetical_protein	7oas-assembly1.cif.gz_A	7oas-assembly1.cif.gz_A Structural basis for targeted p97 remodeling by ASPL as prerequisite for p97 trimethylation by METTL21D	4.682E+00	0.082	29	153	209	209	151	216	216	67	0.273	0.306
LOKIASV2_2099_ESMFold_hypothetical_protein	2h00-assembly1.cif.gz_A	2h00-assembly1.cif.gz_A Human methyltransferase 10 domain containing protein	2.956E+00	0.082	29	143	209	209	151	225	225	78	0.321	0.333
LOKIASV2_2099_ESMFold_hypothetical_protein	3gnl-assembly2.cif.gz_B	3gnl-assembly2.cif.gz_B Structure of uncharacterized protein (LMOf2365_1472) from Listeria monocytogenes serotype 4b	2.094E+00	0.082	29	146	209	209	95	159	230	73	0.306	0.283
LOKIASV2_2099_ESMFold_hypothetical_protein	7wmc-assembly1.cif.gz_B	7wmc-assembly1.cif.gz_B Crystal structure of macrocyclic peptide 1 bound to human Nicotinamide N-methyltransferase	3.513E+00	0.082	29	140	208	209	166	230	230	72	0.330	0.283
LOKIASV2_2099_ESMFold_hypothetical_protein	7ehz-assembly1.cif.gz_A	7ehz-assembly1.cif.gz_A Structure of human NNMT in complex with macrocyclic peptide 2	4.174E+00	0.082	29	145	203	209	159	233	236	77	0.282	0.318
LOKIASV2_2099_ESMFold_hypothetical_protein	7nbq-assembly4.cif.gz_D	7nbq-assembly4.cif.gz_D Co-crystal structure of Human Nicotinamide N-methyltransferase (NNMT) with the tricyclic inhibitor (4)	3.720E+00	0.082	29	149	204	209	169	250	255	82	0.268	0.322
LOKIASV2_2099_ESMFold_hypothetical_protein	3fpg-assembly1.cif.gz_B	3fpg-assembly1.cif.gz_B Crystal Structure of E81Q mutant of MtNAS	2.094E+00	0.082	29	108	208	209	159	264	264	117	0.483	0.402
LOKIASV2_2099_ESMFold_hypothetical_protein	7nbq-assembly1.cif.gz_A	7nbq-assembly1.cif.gz_A Co-crystal structure of Human Nicotinamide N-methyltransferase (NNMT) with the tricyclic inhibitor (4)	4.959E+00	0.082	29	145	208	209	177	266	266	90	0.306	0.338
LOKIASV2_2099_ESMFold_hypothetical_protein	7wuy-assembly1.cif.gz_B	7wuy-assembly1.cif.gz_B The crystal structure of FinI in complex with SAM and fischerin	4.174E+00	0.082	29	153	206	209	314	393	393	80	0.258	0.204
LOKIASV2_2099_ESMFold_hypothetical_protein	6ee1-assembly1.cif.gz_A	6ee1-assembly1.cif.gz_A Crystal structure of Mycobacterium tuberculosis ICL2 in complex with acetyl-CoA	1.977E+00	0.082	29	16	207	209	563	698	719	213	0.919	0.189
LOKIASV2_2099_ESMFold_hypothetical_protein	3e05-assembly1.cif.gz_G	3e05-assembly1.cif.gz_G CRYSTAL STRUCTURE OF Precorrin-6y C5,15-methyltransferase FROM Geobacter metallireducens GS-15	3.316E+00	0.076	28	134	204	209	108	186	189	87	0.340	0.418
LOKIASV2_2099_ESMFold_hypothetical_protein	7jlz-assembly1.cif.gz_A	7jlz-assembly1.cif.gz_A Crystal structure of 30S ribosomal A1408 methyltransferase from an uncultured bacterium (UncKam)	1.867E+00	0.076	28	150	208	209	117	204	204	91	0.282	0.431
LOKIASV2_2099_ESMFold_hypothetical_protein	1yzh-assembly1.cif.gz_A	1yzh-assembly1.cif.gz_A Crystal Structure of the Conserved Hypothetical Protein, Methyltransferase from Streptococcus pneumoniae TIGR4	3.316E+00	0.076	28	134	204	209	106	202	204	99	0.340	0.475
LOKIASV2_2099_ESMFold_hypothetical_protein	1nt2-assembly1.cif.gz_A	1nt2-assembly1.cif.gz_A CRYSTAL STRUCTURE OF FIBRILLARIN/NOP5P COMPLEX	3.131E+00	0.076	28	134	206	209	130	208	209	86	0.349	0.378
LOKIASV2_2099_ESMFold_hypothetical_protein	7sok-assembly1.cif.gz_C	7sok-assembly1.cif.gz_C Structure of Nicotinamide N-Methyltransferase (NNMT) in complex with inhibitor II329	4.174E+00	0.076	28	145	204	209	178	263	267	86	0.287	0.322
LOKIASV2_2099_ESMFold_hypothetical_protein	6chh-assembly1.cif.gz_A	6chh-assembly1.cif.gz_A Structure of human NNMT in complex with bisubstrate inhibitor MS2756	4.682E+00	0.076	28	149	209	209	182	269	269	88	0.292	0.327
LOKIASV2_2099_ESMFold_hypothetical_protein	7oy1-assembly1.cif.gz_A	7oy1-assembly1.cif.gz_A DnrK mutant RTCR	2.635E+00	0.076	28	150	208	209	247	334	334	88	0.282	0.263
LOKIASV2_2099_ESMFold_hypothetical_protein	7bqp-assembly1.cif.gz_A-2	7bqp-assembly1.cif.gz_A-2 The structure of HpiI	3.940E+00	0.076	28	134	209	209	331	449	449	126	0.364	0.265
LOKIASV2_2099_ESMFold_hypothetical_protein	3kow-assembly4.cif.gz_B	3kow-assembly4.cif.gz_B Crystal Structure of ornithine 4,5 aminomutase backsoaked complex	3.940E+00	0.076	28	165	209	209	514	567	728	54	0.215	0.074
LOKIASV2_2099_ESMFold_hypothetical_protein	6ee1-assembly1.cif.gz_B	6ee1-assembly1.cif.gz_B Crystal structure of Mycobacterium tuberculosis ICL2 in complex with acetyl-CoA	2.094E+00	0.076	28	16	207	209	570	708	729	216	0.919	0.191
LOKIASV2_2099_ESMFold_hypothetical_protein	6edz-assembly1.cif.gz_A	6edz-assembly1.cif.gz_A Crystal structure of Mycobacterium tuberculosis ICL2 in complex with acetyl-CoA, form I	1.483E+00	0.076	28	2	207	209	563	711	733	230	0.986	0.203
LOKIASV2_2099_ESMFold_hypothetical_protein	7yfe-assembly1.cif.gz_J	7yfe-assembly1.cif.gz_J In situ structure of polymerase complex of mammalian reovirus in virion	1.664E+00	0.076	28	134	209	209	574	662	1288	96	0.364	0.069
LOKIASV2_2099_ESMFold_hypothetical_protein	3hm2-assembly1.cif.gz_C	3hm2-assembly1.cif.gz_C Crystal Structure of Putative Precorrin-6Y C5,15-Methyltransferase Targeted Domain from Corynebacterium diphtheriae	3.720E+00	0.069	27	146	208	209	97	169	169	77	0.301	0.432
LOKIASV2_2099_ESMFold_hypothetical_protein	3vwd-assembly1.cif.gz_A	3vwd-assembly1.cif.gz_A Crystal structure of alpha-tubulin acetyltransferase domain of human Mec-17 in complex with acetoacetyl-CoA (P21212 form)	7.415E+00	0.069	27	128	200	209	113	183	196	76	0.349	0.362
LOKIASV2_2099_ESMFold_hypothetical_protein	2h00-assembly3.cif.gz_C	2h00-assembly3.cif.gz_C Human methyltransferase 10 domain containing protein	2.791E+00	0.069	27	150	209	209	135	203	203	74	0.287	0.340
LOKIASV2_2099_ESMFold_hypothetical_protein	6zqc-assembly1.cif.gz_CA	6zqc-assembly1.cif.gz_CA Cryo-EM structure of the 90S pre-ribosome from Saccharomyces cerevisiae, state Pre-A1	2.956E+00	0.069	27	123	209	209	144	240	242	103	0.416	0.401
LOKIASV2_2099_ESMFold_hypothetical_protein	5yjf-assembly4.cif.gz_D	5yjf-assembly4.cif.gz_D Co-crystal structure of Human Nicotinamide N-methyltransferase (NNMT) with small molecule analog of Nicotinamide	4.682E+00	0.069	27	145	204	209	164	248	252	87	0.287	0.337
LOKIASV2_2099_ESMFold_hypothetical_protein	5yji-assembly2.cif.gz_B	5yji-assembly2.cif.gz_B Co-crystal structure of Mouse Nicotinamide N-methyltransferase (NNMT) with small molecule analog of Nicotinamide	4.959E+00	0.069	27	147	204	209	165	248	252	84	0.278	0.333
LOKIASV2_2099_ESMFold_hypothetical_protein	6gt5-assembly1.cif.gz_A	6gt5-assembly1.cif.gz_A METTL16 MTase domain (crystal form 2)	6.610E+00	0.069	27	149	209	209	190	254	254	70	0.292	0.256
LOKIASV2_2099_ESMFold_hypothetical_protein	2pss-assembly1.cif.gz_A	2pss-assembly1.cif.gz_A The structure of Plasmodium falciparum spermidine synthase in its apo-form	5.892E+00	0.069	27	151	208	209	158	225	269	69	0.278	0.253
LOKIASV2_2099_ESMFold_hypothetical_protein	3m6u-assembly1.cif.gz_A	3m6u-assembly1.cif.gz_A Multi-site-specific 16S rRNA methyltransferase RsmF from Thermus thermophilus in space group 43	2.094E+00	0.069	27	134	208	209	171	282	438	112	0.359	0.256
LOKIASV2_2099_ESMFold_hypothetical_protein	8ia0-assembly1.cif.gz_CS	8ia0-assembly1.cif.gz_CS Cryo-EM structure of a Chaetomium thermophilum pre-60S ribosomal subunit - State Puf6	4.420E+00	0.069	27	118	209	209	86	190	629	107	0.440	0.167
LOKIASV2_2099_ESMFold_hypothetical_protein	6ee1-assembly1.cif.gz_C	6ee1-assembly1.cif.gz_C Crystal structure of Mycobacterium tuberculosis ICL2 in complex with acetyl-CoA	2.635E+00	0.069	27	16	207	209	563	701	722	216	0.919	0.193
LOKIASV2_2099_ESMFold_hypothetical_protein	6edz-assembly1.cif.gz_C	6edz-assembly1.cif.gz_C Crystal structure of Mycobacterium tuberculosis ICL2 in complex with acetyl-CoA, form I	2.218E+00	0.069	27	2	207	209	553	702	723	230	0.986	0.207
LOKIASV2_2099_ESMFold_hypothetical_protein	5n1w-assembly2.cif.gz_B	5n1w-assembly2.cif.gz_B Structure of xEco2 acetyltransferase domain bound to K105-CoA conjugate	5.563E+00	0.063	26	66	182	209	54	152	166	134	0.560	0.596
LOKIASV2_2099_ESMFold_hypothetical_protein	5n22-assembly4.cif.gz_D	5n22-assembly4.cif.gz_D Structure of xEco2 acetyltransferase domain bound to K106-CoA conjugate	4.959E+00	0.063	26	66	182	209	55	154	167	135	0.560	0.599
LOKIASV2_2099_ESMFold_hypothetical_protein	3mr7-assembly1.cif.gz_B	3mr7-assembly1.cif.gz_B Crystal Structure of Adenylate/Guanylate Cyclase/Hydrolase from Silicibacter pomeroyi	1.571E+00	0.063	26	98	208	209	69	172	172	118	0.531	0.605
LOKIASV2_2099_ESMFold_hypothetical_protein	5hfj-assembly3.cif.gz_H	5hfj-assembly3.cif.gz_H crystal structure of M1.HpyAVI-SAM complex	2.218E+00	0.063	26	115	209	209	8	111	193	117	0.455	0.539
LOKIASV2_2099_ESMFold_hypothetical_protein	7wmc-assembly1.cif.gz_A	7wmc-assembly1.cif.gz_A Crystal structure of macrocyclic peptide 1 bound to human Nicotinamide N-methyltransferase	5.252E+00	0.063	26	153	205	209	176	227	228	55	0.254	0.228
LOKIASV2_2099_ESMFold_hypothetical_protein	6chh-assembly1.cif.gz_C	6chh-assembly1.cif.gz_C Structure of human NNMT in complex with bisubstrate inhibitor MS2756	5.892E+00	0.063	26	145	204	209	154	239	244	86	0.287	0.352
LOKIASV2_2099_ESMFold_hypothetical_protein	4rtl-assembly1.cif.gz_A	4rtl-assembly1.cif.gz_A Complex of Escherichia coli DNA Adenine Methyltransferase (DAM) with Sinefungin and with DNA Containing Distal Pap Regulon Sequence	8.844E-01	0.063	26	16	208	209	65	254	254	231	0.923	0.748
LOKIASV2_2099_ESMFold_hypothetical_protein	2i62-assembly1.cif.gz_A	2i62-assembly1.cif.gz_A Mouse Nicotinamide N-methyltransferase	6.240E+00	0.063	26	145	204	209	167	252	257	86	0.287	0.335
LOKIASV2_2099_ESMFold_hypothetical_protein	1o54-assembly1.cif.gz_A	1o54-assembly1.cif.gz_A Crystal structure of SAM-dependent O-methyltransferase (TM0748) from Thermotoga maritima at 1.65 A resolution	4.959E+00	0.063	26	134	209	209	176	263	265	98	0.364	0.332
LOKIASV2_2099_ESMFold_hypothetical_protein	1bob-assembly1.cif.gz_A	1bob-assembly1.cif.gz_A HISTONE ACETYLTRANSFERASE HAT1 FROM SACCHAROMYCES CEREVISIAE IN COMPLEX WITH ACETYL COENZYME A	7.001E+00	0.063	26	66	182	209	170	253	306	126	0.560	0.275
LOKIASV2_2099_ESMFold_hypothetical_protein	1iic-assembly1.cif.gz_A	1iic-assembly1.cif.gz_A Crystal Structure of Saccharomyces cerevisiae N-myristoyltransferase with Bound MyristoylCoA	5.892E+00	0.063	26	2	173	209	34	175	422	188	0.823	0.336
LOKIASV2_2099_ESMFold_hypothetical_protein	3m6u-assembly2.cif.gz_B	3m6u-assembly2.cif.gz_B Multi-site-specific 16S rRNA methyltransferase RsmF from Thermus thermophilus in space group 43	1.401E+00	0.063	26	134	208	209	171	279	435	112	0.359	0.251
LOKIASV2_2099_ESMFold_hypothetical_protein	6edz-assembly1.cif.gz_D	6edz-assembly1.cif.gz_D Crystal structure of Mycobacterium tuberculosis ICL2 in complex with acetyl-CoA, form I	2.349E+00	0.063	26	2	207	209	562	711	733	230	0.986	0.205
LOKIASV2_2099_ESMFold_hypothetical_protein	6edw-assembly1.cif.gz_B	6edw-assembly1.cif.gz_B Crystal structure of Mycobacterium tuberculosis ICL2 in the apo form	1.179E+00	0.063	26	17	202	209	588	723	746	213	0.890	0.182
LOKIASV2_2099_ESMFold_hypothetical_protein	7dco-assembly1.cif.gz_C	7dco-assembly1.cif.gz_C Cryo-EM structure of the activated spliceosome (Bact complex) at an atomic resolution of 2.5 angstrom	1.401E+00	0.063	26	128	205	209	723	816	918	95	0.373	0.102
LOKIASV2_2099_ESMFold_hypothetical_protein	1ve3-assembly1.cif.gz_A-3	1ve3-assembly1.cif.gz_A-3 Crystal structure of PH0226 protein from Pyrococcus horikoshii OT3	3.940E+00	0.057	25	151	208	209	117	212	212	99	0.278	0.453
LOKIASV2_2099_ESMFold_hypothetical_protein	7ble-assembly1.cif.gz_A	7ble-assembly1.cif.gz_A Co-crystal structure of Human Nicotinamide N-methyltransferase (NNMT) with the tricyclic inhibitor (3)	5.892E+00	0.057	25	145	204	209	176	261	265	86	0.287	0.325
LOKIASV2_2099_ESMFold_hypothetical_protein	4eze-assembly1.cif.gz_A	4eze-assembly1.cif.gz_A Crystal structure of had family hydrolase t0658 from Salmonella enterica subsp. enterica serovar Typhi (Target EFI-501419)	3.720E+00	0.057	25	166	207	209	5	50	291	48	0.201	0.158
LOKIASV2_2099_ESMFold_hypothetical_protein	8fkw-assembly1.cif.gz_SJ	8fkw-assembly1.cif.gz_SJ Human nucleolar pre-60S ribosomal subunit (State D2)	7.001E+00	0.057	25	118	207	209	91	180	313	96	0.431	0.288
LOKIASV2_2099_ESMFold_hypothetical_protein	8fkv-assembly1.cif.gz_SJ	8fkv-assembly1.cif.gz_SJ Human nucleolar pre-60S ribosomal subunit (State D1)	7.415E+00	0.057	25	118	207	209	89	178	340	96	0.431	0.265
LOKIASV2_2099_ESMFold_hypothetical_protein	6kko-assembly1.cif.gz_B	6kko-assembly1.cif.gz_B The crystal structure of SiaB-SiaC complex from Pseudomonas aeruginosa	3.720E+00	0.051	24	14	83	209	22	101	168	87	0.335	0.476
LOKIASV2_2099_ESMFold_hypothetical_protein	3tka-assembly1.cif.gz_A-2	3tka-assembly1.cif.gz_A-2 crystal structure and solution saxs of methyltransferase rsmh from E.coli	8.350E-01	0.051	24	25	208	209	129	283	283	214	0.880	0.548
LOKIASV2_2099_ESMFold_hypothetical_protein	8bid-assembly2.cif.gz_D	8bid-assembly2.cif.gz_D O-Methyltransferase Plu4890 (mutant H229N) in complex with SAH and AQ-270a	8.318E+00	0.051	24	153	208	209	240	319	319	80	0.268	0.251
LOKIASV2_2099_ESMFold_hypothetical_protein	3i5u-assembly1.cif.gz_A	3i5u-assembly1.cif.gz_A Crystal structure of an O-methyltransferase (NcsB1) from neocarzinostatin biosynthesis in complex with S-adenosylmethionine (SAM) and 2-hydroxy-5-methyl naphthoic acid (MNA)	3.940E+00	0.051	24	150	203	209	249	322	325	76	0.258	0.228
LOKIASV2_2099_ESMFold_hypothetical_protein	7naf-assembly1.cif.gz_w	7naf-assembly1.cif.gz_w State E2 nucleolar 60S ribosomal biogenesis intermediate - Spb1-MTD local model	7.415E+00	0.051	24	144	209	209	133	206	361	76	0.316	0.205
LOKIASV2_2099_ESMFold_hypothetical_protein	3kp0-assembly1.cif.gz_A	3kp0-assembly1.cif.gz_A Crystal Structure of ORNITHINE 4,5 AMINOMUTASE in complex with 2,4-diaminobutyrate (DAB) (Aerobic)	6.610E+00	0.051	24	165	204	209	514	562	578	49	0.191	0.085
LOKIASV2_2099_ESMFold_hypothetical_protein	6icz-assembly1.cif.gz_C	6icz-assembly1.cif.gz_C Cryo-EM structure of a human post-catalytic spliceosome (P complex) at 3.0 angstrom	3.131E+00	0.051	24	129	205	209	730	820	894	94	0.368	0.102
LOKIASV2_2099_ESMFold_hypothetical_protein	3ndq-assembly1.cif.gz_A	3ndq-assembly1.cif.gz_A Structure of Human TFIIS Domain II	3.720E+00	0.045	23	17	63	209	4	48	97	50	0.225	0.464
LOKIASV2_2099_ESMFold_hypothetical_protein	7d3u-assembly1.cif.gz_E	7d3u-assembly1.cif.gz_E Structure of Mrp complex from Dietzia sp. DQ12-45-1b	4.420E+00	0.045	23	143	205	209	13	84	110	74	0.301	0.655
LOKIASV2_2099_ESMFold_hypothetical_protein	7r81-assembly1.cif.gz_Z2	7r81-assembly1.cif.gz_Z2 Structure of the translating Neurospora crassa ribosome arrested by cycloheximide	7.001E+00	0.045	23	174	208	209	42	78	124	37	0.167	0.298
LOKIASV2_2099_ESMFold_hypothetical_protein	6zj3-assembly1.cif.gz_SZ	6zj3-assembly1.cif.gz_SZ Cryo-EM structure of the highly atypical cytoplasmic ribosome of Euglena gracilis	5.563E+00	0.045	23	166	208	209	21	78	127	58	0.206	0.457
LOKIASV2_2099_ESMFold_hypothetical_protein	4wp9-assembly1.cif.gz_A	4wp9-assembly1.cif.gz_A Crystal structure of Adenylyl cyclase MA1120 from Mycobacterium Avium bound to 2'5'-DD-3'-ATP, Calcium and Magnesium ion	1.867E+00	0.045	23	108	206	209	67	164	165	107	0.474	0.594
LOKIASV2_2099_ESMFold_hypothetical_protein	6kko-assembly1.cif.gz_A	6kko-assembly1.cif.gz_A The crystal structure of SiaB-SiaC complex from Pseudomonas aeruginosa	3.940E+00	0.045	23	14	82	209	20	98	170	86	0.330	0.465
LOKIASV2_2099_ESMFold_hypothetical_protein	1ej0-assembly1.cif.gz_A	1ej0-assembly1.cif.gz_A FTSJ RNA METHYLTRANSFERASE COMPLEXED WITH S-ADENOSYLMETHIONINE, MERCURY DERIVATIVE	5.892E+00	0.045	23	150	209	209	111	180	180	72	0.287	0.389
LOKIASV2_2099_ESMFold_hypothetical_protein	2vdv-assembly1.cif.gz_E	2vdv-assembly1.cif.gz_E Structure of trm8, m7G methylation enzyme	9.883E+00	0.045	23	153	209	209	131	211	216	81	0.273	0.375
LOKIASV2_2099_ESMFold_hypothetical_protein	7nbm-assembly4.cif.gz_D	7nbm-assembly4.cif.gz_D Co-crystal structure of Human Nicotinamide N-methyltransferase (NNMT) with the bisubstrate-like inhibitor (33)	6.610E+00	0.045	23	145	204	209	163	248	252	86	0.287	0.341
LOKIASV2_2099_ESMFold_hypothetical_protein	2f8l-assembly1.cif.gz_A	2f8l-assembly1.cif.gz_A Crystal structure of a putative class i s-adenosylmethionine-dependent methyltransferase (lmo1582) from listeria monocytogenes at 2.20 A resolution	5.252E+00	0.045	23	137	209	209	213	288	323	85	0.349	0.235
LOKIASV2_2099_ESMFold_hypothetical_protein	3mcz-assembly1.cif.gz_B	3mcz-assembly1.cif.gz_B The Structure of an O-methyltransferase family protein from Burkholderia thailandensis.	5.892E+00	0.045	23	150	209	209	246	332	332	90	0.287	0.262
LOKIASV2_2099_ESMFold_hypothetical_protein	2pjd-assembly1.cif.gz_A	2pjd-assembly1.cif.gz_A Crystal structure of 16S rRNA methyltransferase RsmC	9.883E+00	0.045	23	134	206	209	79	146	334	78	0.349	0.204
LOKIASV2_2099_ESMFold_hypothetical_protein	6em5-assembly1.cif.gz_w	6em5-assembly1.cif.gz_w State D architectural model (Nsa1-TAP Flag-Ytm1) - Visualizing the assembly pathway of nucleolar pre-60S ribosomes	7.001E+00	0.045	23	144	208	209	110	180	436	75	0.311	0.163
LOKIASV2_2099_ESMFold_hypothetical_protein	8jkb-assembly1.cif.gz_E	8jkb-assembly1.cif.gz_E Cryo-EM structure of KCTD5 in complex with Gbeta gamma subunits	9.331E+00	0.040	22	165	205	209	5	47	51	43	0.196	0.843
LOKIASV2_2099_ESMFold_hypothetical_protein	3lpm-assembly1.cif.gz_B	3lpm-assembly1.cif.gz_B Crystal structure of putative methyltransferase small domain protein from Listeria monocytogenes	9.883E+00	0.040	22	154	209	209	132	194	222	67	0.268	0.284
LOKIASV2_2099_ESMFold_hypothetical_protein	6ke6-assembly1.cif.gz_3C	6ke6-assembly1.cif.gz_3C 3.4 angstrom cryo-EM structure of yeast 90S small subunit preribosome	5.563E+00	0.040	22	146	207	209	151	225	225	77	0.297	0.333
LOKIASV2_2099_ESMFold_hypothetical_protein	7d5t-assembly1.cif.gz_3B	7d5t-assembly1.cif.gz_3B Cryo-EM structure of 90S preribosome with inactive Utp24 (state F1)	7.001E+00	0.040	22	149	208	209	168	239	242	75	0.287	0.298
LOKIASV2_2099_ESMFold_hypothetical_protein	7oyc-assembly1.cif.gz_v2	7oyc-assembly1.cif.gz_v2 Cryo-EM structure of the Xenopus egg 80S ribosome	3.131E+00	0.040	22	130	209	209	201	294	360	100	0.383	0.261
LOKIASV2_2099_ESMFold_hypothetical_protein	6ix3-assembly1.cif.gz_A	6ix3-assembly1.cif.gz_A The structure of LepI complex with SAM	7.001E+00	0.040	22	150	206	209	304	388	389	85	0.273	0.219
LOKIASV2_2099_ESMFold_hypothetical_protein	7of6-assembly1.cif.gz_C	7of6-assembly1.cif.gz_C Structure of mature human mitochondrial ribosome large subunit in complex with GTPBP6 (PTC conformation 2).	5.892E+00	0.040	22	139	206	209	348	410	422	68	0.325	0.149
LOKIASV2_2099_ESMFold_hypothetical_protein	6edw-assembly1.cif.gz_C	6edw-assembly1.cif.gz_C Crystal structure of Mycobacterium tuberculosis ICL2 in the apo form	9.883E+00	0.040	22	131	202	209	631	703	724	78	0.344	0.101
LOKIASV2_2099_ESMFold_hypothetical_protein	8ceh-assembly1.cif.gz_Aa	8ceh-assembly1.cif.gz_Aa Translocation intermediate 4 (TI-4) of 80S S. cerevisiae ribosome with ligands and eEF2 in the presence of sordarin	9.921E-01	0.040	22	75	205	209	557	745	815	190	0.627	0.232
LOKIASV2_2099_ESMFold_hypothetical_protein	6gz5-assembly1.cif.gz_Ct	6gz5-assembly1.cif.gz_Ct tRNA translocation by the eukaryotic 80S ribosome and the impact of GTP hydrolysis, Translocation-intermediate-POST-3 (TI-POST-3)	4.420E+00	0.040	22	128	205	209	693	783	852	91	0.373	0.107
LOKIASV2_2099_ESMFold_hypothetical_protein	6j6h-assembly1.cif.gz_C	6j6h-assembly1.cif.gz_C Cryo-EM structure of the yeast B*-a1 complex at an average resolution of 3.6 angstrom	1.664E+00	0.040	22	105	209	209	691	824	920	138	0.502	0.146
LOKIASV2_2099_ESMFold_hypothetical_protein	6rm3-assembly1.cif.gz_SY0	6rm3-assembly1.cif.gz_SY0 Evolutionary compaction and adaptation visualized by the structure of the dormant microsporidian ribosome	9.331E+00	0.034	21	166	208	209	21	77	125	57	0.206	0.456
LOKIASV2_2099_ESMFold_hypothetical_protein	5n22-assembly1.cif.gz_A	5n22-assembly1.cif.gz_A Structure of xEco2 acetyltransferase domain bound to K106-CoA conjugate	8.318E+00	0.034	21	66	160	209	53	127	168	109	0.455	0.446
LOKIASV2_2099_ESMFold_hypothetical_protein	5n22-assembly3.cif.gz_C	5n22-assembly3.cif.gz_C Structure of xEco2 acetyltransferase domain bound to K106-CoA conjugate	7.415E+00	0.034	21	66	160	209	54	127	168	108	0.455	0.440
LOKIASV2_2099_ESMFold_hypothetical_protein	3njr-assembly1.cif.gz_A	3njr-assembly1.cif.gz_A Crystal structure of C-terminal domain of precorrin-6Y C5,15-methyltransferase from Rhodobacter capsulatus	3.940E+00	0.034	21	111	209	209	68	184	184	123	0.474	0.636
LOKIASV2_2099_ESMFold_hypothetical_protein	5je3-assembly2.cif.gz_B	5je3-assembly2.cif.gz_B Crystal structure of Burkholderia glumae ToxA Y7A mutant with bound S-adenosylhomocysteine (SAH)	2.218E+00	0.034	21	150	207	209	101	168	219	70	0.278	0.311
LOKIASV2_2099_ESMFold_hypothetical_protein	5jdz-assembly1.cif.gz_B	5jdz-assembly1.cif.gz_B Crystal structure of Burkholderia glumae ToxA with bound S-adenosylhomocysteine (SAH)	2.349E+00	0.034	21	150	207	209	101	169	220	69	0.278	0.314
LOKIASV2_2099_ESMFold_hypothetical_protein	3fpf-assembly1.cif.gz_B	3fpf-assembly1.cif.gz_B Crystal Structure of MtNAS in complex with MTA and tNA	4.959E+00	0.034	21	101	206	209	157	262	264	127	0.507	0.402
LOKIASV2_2099_ESMFold_hypothetical_protein	7of2-assembly1.cif.gz_C	7of2-assembly1.cif.gz_C Structure of a human mitochondrial ribosome large subunit assembly intermediate in complex with GTPBP6.	8.810E+00	0.034	21	147	206	209	331	389	401	65	0.287	0.147
LOKIASV2_2099_ESMFold_hypothetical_protein	7dsu-assembly1.cif.gz_B	7dsu-assembly1.cif.gz_B Structure of Mod subunit of the Type III restriction-modification enzyme Mbo45V	5.892E+00	0.034	21	137	209	209	131	216	420	91	0.349	0.205
LOKIASV2_2099_ESMFold_hypothetical_protein	1jdq-assembly1.cif.gz_A	1jdq-assembly1.cif.gz_A Solution Structure of TM006 Protein from Thermotoga maritima	8.810E+00	0.029	20	134	208	209	28	98	98	81	0.359	0.724
LOKIASV2_2099_ESMFold_hypothetical_protein	8g8k-assembly1.cif.gz_A	8g8k-assembly1.cif.gz_A Crystal structure of Rv1916 (residues 233-398)	7.001E+00	0.029	20	66	202	209	38	137	162	151	0.656	0.617
LOKIASV2_2099_ESMFold_hypothetical_protein	1g8a-assembly1.cif.gz_A	1g8a-assembly1.cif.gz_A PYROCOCCUS HORIKOSHII FIBRILLARIN PRE-RRNA PROCESSING PROTEIN	8.810E+00	0.029	20	152	208	209	155	227	227	75	0.273	0.322
LOKIASV2_2099_ESMFold_hypothetical_protein	4xz7-assembly1.cif.gz_A	4xz7-assembly1.cif.gz_A Crystal structure of a TGase	7.853E+00	0.029	20	166	206	209	108	153	378	48	0.196	0.122
LOKIASV2_2099_ESMFold_hypothetical_protein	4xz7-assembly1.cif.gz_B	4xz7-assembly1.cif.gz_B Crystal structure of a TGase	5.892E+00	0.029	20	166	206	209	109	154	382	50	0.196	0.120
LOKIASV2_2099_ESMFold_hypothetical_protein	7bmf-assembly1.cif.gz_A	7bmf-assembly1.cif.gz_A Crystal structure of RecJCdc45 from Methanothermobacter thermoautotroficus in complex with dCTP	1.401E+00	0.029	20	97	203	209	293	422	444	139	0.512	0.293
LOKIASV2_2099_ESMFold_hypothetical_protein	7ls1-assembly1.cif.gz_m	7ls1-assembly1.cif.gz_m 80S ribosome from mouse bound to eEF2 (Class II)	1.664E+00	0.029	20	75	205	209	565	753	823	191	0.627	0.230
LOKIASV2_2099_ESMFold_hypothetical_protein	6mte-assembly1.cif.gz_v	6mte-assembly1.cif.gz_v Rabbit 80S ribosome with eEF2 and SERBP1 (rotated state)	4.959E+00	0.029	20	128	205	209	687	777	847	92	0.373	0.107
LOKIASV2_2099_ESMFold_hypothetical_protein	7nwi-assembly1.cif.gz_YY	7nwi-assembly1.cif.gz_YY Mammalian pre-termination 80S ribosome with Empty-A site bound by Blasticidin S	8.810E+00	0.024	19	166	208	209	20	76	126	57	0.206	0.452
LOKIASV2_2099_ESMFold_hypothetical_protein	4wp3-assembly6.cif.gz_F	4wp3-assembly6.cif.gz_F Crystal Structure of Adenylyl cyclase from Mycobacterium avium Ma1120 wild type	1.977E+00	0.024	19	101	208	209	86	184	184	117	0.517	0.538
LOKIASV2_2099_ESMFold_hypothetical_protein	1wg8-assembly2.cif.gz_B	1wg8-assembly2.cif.gz_B Crystal structure of a predicted S-adenosylmethionine-dependent methyltransferase TT1512 from Thermus thermophilus HB8.	6.240E+00	0.024	19	139	206	209	187	279	280	93	0.325	0.332
LOKIASV2_2099_ESMFold_hypothetical_protein	7dah-assembly1.cif.gz_B-2	7dah-assembly1.cif.gz_B-2 Adenosine triphosphate phosphoribosyltransferase from Vibrio cholerae in complex with ATP and PRPP	7.853E+00	0.024	19	130	209	209	187	267	292	88	0.383	0.277
LOKIASV2_2099_ESMFold_hypothetical_protein	4edq-assembly2.cif.gz_B	4edq-assembly2.cif.gz_B MBP-fusion protein of myosin-binding protein c residues 149-269	9.331E+00	0.024	19	165	209	209	403	447	475	46	0.215	0.095
LOKIASV2_2099_ESMFold_hypothetical_protein	6edw-assembly1.cif.gz_A	6edw-assembly1.cif.gz_A Crystal structure of Mycobacterium tuberculosis ICL2 in the apo form	4.682E+00	0.024	19	17	202	209	584	719	742	213	0.890	0.183
LOKIASV2_2099_ESMFold_hypothetical_protein	6teo-assembly1.cif.gz_A	6teo-assembly1.cif.gz_A Crystal structure of a yeast Snu114-Prp8 complex	5.563E+00	0.024	19	128	205	209	681	774	863	95	0.373	0.109
LOKIASV2_2099_ESMFold_hypothetical_protein	7b9v-assembly1.cif.gz_C	7b9v-assembly1.cif.gz_C Yeast C complex spliceosome at 2.8 Angstrom resolution with Prp18/Slu7 bound	4.959E+00	0.024	19	128	207	209	712	807	898	97	0.383	0.107
LOKIASV2_2099_ESMFold_hypothetical_protein	7ell-assembly1.cif.gz_K	7ell-assembly1.cif.gz_K In situ structure of capping enzyme lambda2, penetration protein mu1 of mammalian reovirus capsid asymmetric unit.	8.318E+00	0.024	19	134	207	209	571	655	1283	92	0.354	0.066
LOKIASV2_2099_ESMFold_hypothetical_protein	2lw4-assembly1.cif.gz_A	2lw4-assembly1.cif.gz_A Solution NMR Structure of Human Transcription Elongation Factor A protein 2, Central Domain, Northeast Structural Genomics Consortium (NESG) Target HR8682B	8.810E+00	0.020	18	6	61	209	3	49	113	57	0.268	0.416
LOKIASV2_2099_ESMFold_hypothetical_protein	3mr7-assembly2.cif.gz_C-2	3mr7-assembly2.cif.gz_C-2 Crystal Structure of Adenylate/Guanylate Cyclase/Hydrolase from Silicibacter pomeroyi	6.240E+00	0.020	18	98	209	209	65	169	169	126	0.536	0.621
LOKIASV2_2099_ESMFold_hypothetical_protein	6k0w-assembly2.cif.gz_C	6k0w-assembly2.cif.gz_C DNA methyltransferase in complex with sinefungin	5.892E+00	0.020	18	104	208	209	82	191	433	122	0.502	0.254
LOKIASV2_2099_ESMFold_hypothetical_protein	8esq-assembly1.cif.gz_w	8esq-assembly1.cif.gz_w Ytm1 associated nascent 60S ribosome State 2	8.318E+00	0.020	18	118	203	209	85	184	504	101	0.411	0.198
LOKIASV2_2099_ESMFold_hypothetical_protein	6ahd-assembly1.cif.gz_C	6ahd-assembly1.cif.gz_C The Cryo-EM Structure of Human Pre-catalytic Spliceosome (B complex) at 3.8 angstrom resolution	7.415E+00	0.020	18	129	205	209	660	750	818	95	0.368	0.111
LOKIASV2_2099_ESMFold_hypothetical_protein	4v6w-assembly1.cif.gz_Az	4v6w-assembly1.cif.gz_Az Structure of the D. melanogaster 80S ribosome	6.240E+00	0.020	18	128	206	209	676	767	837	94	0.378	0.110
LOKIASV2_2099_ESMFold_hypothetical_protein	6qw6-assembly1.cif.gz_5C	6qw6-assembly1.cif.gz_5C Structure of the human U5.U4/U6 tri-snRNP at 2.9A resolution.	7.001E+00	0.020	18	129	205	209	681	771	852	92	0.368	0.107
LOKIASV2_2099_ESMFold_hypothetical_protein	4wp3-assembly3.cif.gz_C	4wp3-assembly3.cif.gz_C Crystal Structure of Adenylyl cyclase from Mycobacterium avium Ma1120 wild type	3.131E+00	0.016	17	101	204	209	89	183	187	113	0.498	0.508
LOKIASV2_2099_ESMFold_hypothetical_protein	4rtk-assembly1.cif.gz_A	4rtk-assembly1.cif.gz_A Complex of Escherichia coli DNA Adenine Methyltransferase (DAM) with SAH and with DNA Containing Distal Pap Regulon Sequence	6.240E+00	0.016	17	20	205	209	69	241	245	209	0.890	0.706
LOKIASV2_2099_ESMFold_hypothetical_protein	1r8y-assembly1.cif.gz_A	1r8y-assembly1.cif.gz_A Crystal Structure of Mouse Glycine N-Methyltransferase (Monoclinic Form)	5.252E+00	0.016	17	134	208	209	132	234	281	105	0.359	0.367
LOKIASV2_2099_ESMFold_hypothetical_protein	1r8y-assembly1.cif.gz_B	1r8y-assembly1.cif.gz_B Crystal Structure of Mouse Glycine N-Methyltransferase (Monoclinic Form)	5.892E+00	0.016	17	145	208	209	148	235	282	88	0.306	0.312
LOKIASV2_2099_ESMFold_hypothetical_protein	1r8y-assembly1.cif.gz_C	1r8y-assembly1.cif.gz_C Crystal Structure of Mouse Glycine N-Methyltransferase (Monoclinic Form)	5.892E+00	0.016	17	142	208	209	144	238	283	95	0.321	0.336
LOKIASV2_2099_ESMFold_hypothetical_protein	1r8y-assembly2.cif.gz_G	1r8y-assembly2.cif.gz_G Crystal Structure of Mouse Glycine N-Methyltransferase (Monoclinic Form)	5.252E+00	0.016	17	134	208	209	132	236	283	105	0.359	0.371
LOKIASV2_2099_ESMFold_hypothetical_protein	3ths-assembly1.cif.gz_C	3ths-assembly1.cif.gz_C Crystal structure of rat native liver Glycine N-methyltransferase complexed with 5-methyltetrahydrofolate pentaglutamate	4.420E+00	0.016	17	145	208	209	147	237	284	93	0.306	0.320
LOKIASV2_2099_ESMFold_hypothetical_protein	1r8y-assembly2.cif.gz_E	1r8y-assembly2.cif.gz_E Crystal Structure of Mouse Glycine N-Methyltransferase (Monoclinic Form)	4.959E+00	0.016	17	145	208	209	148	239	286	92	0.306	0.322
LOKIASV2_2099_ESMFold_hypothetical_protein	3thr-assembly1.cif.gz_B	3thr-assembly1.cif.gz_B Crystal structure of rat native liver Glycine N-methyltransferase complexed with 5-methyltetrahydrofolate monoglutamate	4.682E+00	0.016	17	145	208	209	147	239	286	93	0.306	0.325
LOKIASV2_2099_ESMFold_hypothetical_protein	1n0v-assembly2.cif.gz_D	1n0v-assembly2.cif.gz_D Crystal structure of elongation factor 2	6.610E+00	0.016	17	128	205	209	664	755	825	98	0.373	0.112
LOKIASV2_2099_ESMFold_hypothetical_protein	6m37-assembly1.cif.gz_C-2	6m37-assembly1.cif.gz_C-2 The crystal structure of B. subtilis RsbV/RsbW complex in the hexagonal crystal form	9.883E+00	0.014	16	14	94	209	6	89	115	89	0.388	0.730
LOKIASV2_2099_ESMFold_hypothetical_protein	1fx4-assembly1.cif.gz_A-2	1fx4-assembly1.cif.gz_A-2 STRUCTURE ANALYSIS OF ADENYLATE CYCLASES FROM TRYPANOSOMA BRUCEI IN THEIR MONOMERIC STATE	4.420E+00	0.014	16	10	204	209	8	215	231	248	0.933	0.900
LOKIASV2_2099_ESMFold_hypothetical_protein	2idj-assembly1.cif.gz_C	2idj-assembly1.cif.gz_C Crystal Structure of Rat Glycine N-Methyltransferase Apoprotein, Monoclinic Form	6.610E+00	0.014	16	145	208	209	146	233	280	89	0.306	0.314
LOKIASV2_2099_ESMFold_hypothetical_protein	3ths-assembly1.cif.gz_B	3ths-assembly1.cif.gz_B Crystal structure of rat native liver Glycine N-methyltransferase complexed with 5-methyltetrahydrofolate pentaglutamate	6.610E+00	0.014	16	145	208	209	147	238	285	93	0.306	0.323
LOKIASV2_2099_ESMFold_hypothetical_protein	1r8y-assembly1.cif.gz_D	1r8y-assembly1.cif.gz_D Crystal Structure of Mouse Glycine N-Methyltransferase (Monoclinic Form)	6.240E+00	0.014	16	145	208	209	148	239	286	92	0.306	0.322
LOKIASV2_2099_ESMFold_hypothetical_protein	7w59-assembly1.cif.gz_C	7w59-assembly1.cif.gz_C The cryo-EM structure of human pre-C*-I complex	2.488E+00	0.014	16	2	205	209	589	794	862	246	0.976	0.239
LOKIASV2_2099_ESMFold_hypothetical_protein	7dah-assembly1.cif.gz_E-3	7dah-assembly1.cif.gz_E-3 Adenosine triphosphate phosphoribosyltransferase from Vibrio cholerae in complex with ATP and PRPP	6.240E+00	0.011	15	130	209	209	188	267	293	91	0.383	0.273
LOKIASV2_2099_ESMFold_hypothetical_protein	5z56-assembly1.cif.gz_C	5z56-assembly1.cif.gz_C cryo-EM structure of a human activated spliceosome (mature Bact) at 5.1 angstrom.	3.720E+00	0.011	15	14	205	209	606	792	860	227	0.919	0.217
LOKIASV2_2099_ESMFold_hypothetical_protein	6s4l-assembly1.cif.gz_C	6s4l-assembly1.cif.gz_C Structure of human KCTD1	9.883E+00	0.010	14	86	209	209	75	203	212	144	0.593	0.608
LOKIASV2_2099_ESMFold_hypothetical_protein	3peh-assembly2.cif.gz_B	3peh-assembly2.cif.gz_B Crystal Structure of the N-terminal domain of an HSP90 from Plasmodium Falciparum, PFL1070c in the presence of a thienopyrimidine derivative	1.051E+00	0.010	14	15	205	209	2	255	262	277	0.914	0.969
LOKIASV2_2099_ESMFold_hypothetical_protein	3ths-assembly1.cif.gz_D	3ths-assembly1.cif.gz_D Crystal structure of rat native liver Glycine N-methyltransferase complexed with 5-methyltetrahydrofolate pentaglutamate	9.331E+00	0.010	14	134	208	209	132	236	283	108	0.359	0.371
LOKIASV2_2099_ESMFold_hypothetical_protein	1r8x-assembly1.cif.gz_B-2	1r8x-assembly1.cif.gz_B-2 Crystal Structure of Mouse Glycine N-Methyltransferase (Tetragonal Form)	6.610E+00	0.010	14	134	208	209	132	237	284	109	0.359	0.373
LOKIASV2_2099_ESMFold_hypothetical_protein	2idk-assembly1.cif.gz_B	2idk-assembly1.cif.gz_B Crystal Structure of Rat Glycine N-Methyltransferase Complexed With Folate	9.883E+00	0.010	14	145	208	209	147	238	285	95	0.306	0.323
LOKIASV2_2099_ESMFold_hypothetical_protein	8ag6-assembly1.cif.gz_A	8ag6-assembly1.cif.gz_A human MutSalpha (MSH2/MSH6) binding to DNA with a GT mismatch	1.322E+00	0.010	14	17	206	209	339	541	896	243	0.909	0.227
LOKIASV2_2099_ESMFold_hypothetical_protein	1d2g-assembly1.cif.gz_A	1d2g-assembly1.cif.gz_A CRYSTAL STRUCTURE OF R175K MUTANT GLYCINE N-METHYLTRANSFERASE FROM RAT LIVER	9.331E+00	0.009	13	142	208	209	144	245	292	105	0.321	0.349
LOKIASV2_2099_ESMFold_hypothetical_protein	1nbh-assembly1.cif.gz_B	1nbh-assembly1.cif.gz_B Structure of glycine N-methyltransferase complexed with S-adenosylmethionine and acetate, GNMT:SAM:Ace	8.318E+00	0.009	13	134	208	209	132	245	292	117	0.359	0.390
LOKIASV2_2099_ESMFold_hypothetical_protein	7pnx-assembly1.cif.gz_b	7pnx-assembly1.cif.gz_b Assembly intermediate of human mitochondrial ribosome small subunit without mS37 in complex with RBFA and METTL15 conformation a	6.240E+00	0.009	13	18	206	209	130	325	326	252	0.904	0.601
LOKIASV2_2099_ESMFold_hypothetical_protein	2npf-assembly1.cif.gz_A	2npf-assembly1.cif.gz_A Structure of eEF2 in complex with moriniafungin	9.883E+00	0.008	12	4	205	209	461	752	822	313	0.967	0.355
LOKIASV2_2099_ESMFold_hypothetical_protein	5wsx-assembly1.cif.gz_A	5wsx-assembly1.cif.gz_A The crystal structure of SAV606	9.883E+00	0.000	8	56	204	209	14	125	162	156	0.713	0.691
