LOKIASV2_2518_ESMFold_hypothetical_protein	AF-Q51703-F1-model_v4	AF-Q51703-F1-model_v4 Siroheme decarboxylase NirDL subunit	1.429E-08	1.000	214	6	365	380	1	317	325	399	0.947	0.975
LOKIASV2_2518_ESMFold_hypothetical_protein	AF-I6UH61-F1-model_v4	AF-I6UH61-F1-model_v4 Siroheme decarboxylase NirDL subunit	2.372E-07	1.000	183	6	365	380	1	318	326	401	0.947	0.975
LOKIASV2_2518_ESMFold_hypothetical_protein	AF-O59579-F1-model_v4	AF-O59579-F1-model_v4 Uncharacterized HTH-type transcriptional regulator PH1916	3.492E-06	1.000	179	216	354	380	4	141	150	144	0.366	0.920
LOKIASV2_2518_ESMFold_hypothetical_protein	AF-Q9V1E5-F1-model_v4	AF-Q9V1E5-F1-model_v4 Uncharacterized HTH-type transcriptional regulator PYRAB04820	5.979E-06	1.000	172	216	354	380	1	134	147	146	0.366	0.912
LOKIASV2_2518_ESMFold_hypothetical_protein	AF-O59309-F1-model_v4	AF-O59309-F1-model_v4 Uncharacterized HTH-type transcriptional regulator PH1692	7.593E-06	1.000	172	215	354	380	1	135	148	147	0.368	0.912
LOKIASV2_2518_ESMFold_hypothetical_protein	AF-O58782-F1-model_v4	AF-O58782-F1-model_v4 Uncharacterized HTH-type transcriptional regulator PH1055	7.153E-06	1.000	172	212	354	380	1	141	159	148	0.376	0.887
LOKIASV2_2518_ESMFold_hypothetical_protein	AF-O05217-F1-model_v4	AF-O05217-F1-model_v4 Uncharacterized HTH-type transcriptional regulator YwrC	8.061E-06	1.000	166	215	353	380	10	144	158	147	0.366	0.854
LOKIASV2_2518_ESMFold_hypothetical_protein	AF-Q8U1H7-F1-model_v4	AF-Q8U1H7-F1-model_v4 Uncharacterized HTH-type transcriptional regulator PF1231	1.465E-05	1.000	165	216	354	380	1	135	148	146	0.366	0.912
LOKIASV2_2518_ESMFold_hypothetical_protein	AF-Q8U067-F1-model_v4	AF-Q8U067-F1-model_v4 Uncharacterized HTH-type transcriptional regulator PF1734	8.061E-06	1.000	164	215	354	380	1	135	148	148	0.368	0.912
LOKIASV2_2518_ESMFold_hypothetical_protein	AF-Q8U445-F1-model_v4	AF-Q8U445-F1-model_v4 Uncharacterized HTH-type transcriptional regulator PF0250	1.753E-05	1.000	163	215	354	380	3	141	150	145	0.368	0.927
LOKIASV2_2518_ESMFold_hypothetical_protein	AF-O07920-F1-model_v4	AF-O07920-F1-model_v4 Transcriptional regulator AzlB	2.364E-05	1.000	158	215	353	380	3	142	157	150	0.366	0.892
LOKIASV2_2518_ESMFold_hypothetical_protein	AF-O57818-F1-model_v4	AF-O57818-F1-model_v4 Uncharacterized HTH-type transcriptional regulator PH0045	2.227E-05	1.000	156	217	354	380	4	142	155	143	0.363	0.897
LOKIASV2_2518_ESMFold_hypothetical_protein	AF-Q8U4M7-F1-model_v4	AF-Q8U4M7-F1-model_v4 Uncharacterized HTH-type transcriptional regulator PF0054	9.920E-05	1.000	156	216	353	380	3	143	155	146	0.363	0.910
LOKIASV2_2518_ESMFold_hypothetical_protein	AF-O57880-F1-model_v4	AF-O57880-F1-model_v4 Uncharacterized HTH-type transcriptional regulator PH0140	4.561E-05	1.000	155	211	354	380	6	145	158	151	0.379	0.886
LOKIASV2_2518_ESMFold_hypothetical_protein	AF-P96653-F1-model_v4	AF-P96653-F1-model_v4 HTH-type transcriptional regulator LrpB	7.358E-05	1.000	154	215	368	380	1	145	149	158	0.405	0.973
LOKIASV2_2518_ESMFold_hypothetical_protein	AF-P96652-F1-model_v4	AF-P96652-F1-model_v4 HTH-type transcriptional regulator LrpA	9.345E-05	1.000	152	216	353	380	1	133	136	144	0.363	0.978
LOKIASV2_2518_ESMFold_hypothetical_protein	AF-Q8U0P3-F1-model_v4	AF-Q8U0P3-F1-model_v4 HTH-type transcriptional regulator FL11	5.140E-05	1.000	150	214	354	380	2	137	151	145	0.371	0.901
LOKIASV2_2518_ESMFold_hypothetical_protein	AF-Q58133-F1-model_v4	AF-Q58133-F1-model_v4 HTH-type transcriptional regulator Ptr2	1.420E-04	1.000	149	217	354	380	1	134	140	144	0.363	0.957
LOKIASV2_2518_ESMFold_hypothetical_protein	AF-Q9UY16-F1-model_v4	AF-Q9UY16-F1-model_v4 Uncharacterized HTH-type transcriptional regulator PYRAB16920	3.813E-05	1.000	149	215	354	380	3	141	150	149	0.368	0.927
LOKIASV2_2518_ESMFold_hypothetical_protein	AF-P37424-F1-model_v4	AF-P37424-F1-model_v4 Leucine-responsive regulatory protein	2.097E-05	1.000	149	210	354	380	1	148	164	157	0.382	0.902
LOKIASV2_2518_ESMFold_hypothetical_protein	AF-F8DT24-F1-model_v4	AF-F8DT24-F1-model_v4 HTH-type transcriptional regulator Zrp	4.297E-05	1.000	148	216	354	380	1	137	153	147	0.366	0.895
LOKIASV2_2518_ESMFold_hypothetical_protein	AF-P45265-F1-model_v4	AF-P45265-F1-model_v4 Leucine-responsive regulatory protein	1.300E-05	1.000	148	187	354	380	2	152	166	176	0.442	0.910
LOKIASV2_2518_ESMFold_hypothetical_protein	AF-Q976J7-F1-model_v4	AF-Q976J7-F1-model_v4 HTH-type transcriptional regulator LysM	3.383E-05	1.000	147	217	354	380	4	134	140	147	0.363	0.936
LOKIASV2_2518_ESMFold_hypothetical_protein	AF-Q9V2D7-F1-model_v4	AF-Q9V2D7-F1-model_v4 Uncharacterized HTH-type transcriptional regulator PYRAB01370	4.561E-05	1.000	147	210	354	380	5	145	158	155	0.382	0.892
LOKIASV2_2518_ESMFold_hypothetical_protein	AF-Q52710-F1-model_v4	AF-Q52710-F1-model_v4 Proline dehydrogenase transcriptional activator	1.976E-05	1.000	146	216	354	380	4	141	154	147	0.366	0.896
LOKIASV2_2518_ESMFold_hypothetical_protein	AF-P0DJA6-F1-model_v4	AF-P0DJA6-F1-model_v4 HTH-type transcriptional regulator Zrp	5.793E-05	1.000	145	216	354	380	1	137	153	147	0.366	0.895
LOKIASV2_2518_ESMFold_hypothetical_protein	AF-Q9V2M0-F1-model_v4	AF-Q9V2M0-F1-model_v4 Uncharacterized HTH-type transcriptional regulator PYRAB00550	3.813E-05	1.000	144	217	354	380	4	142	155	146	0.363	0.897
LOKIASV2_2518_ESMFold_hypothetical_protein	AF-P0ACJ2-F1-model_v4	AF-P0ACJ2-F1-model_v4 Leucine-responsive regulatory protein	6.150E-05	1.000	144	217	354	380	12	148	164	146	0.363	0.835
LOKIASV2_2518_ESMFold_hypothetical_protein	AF-P0ACJ3-F1-model_v4	AF-P0ACJ3-F1-model_v4 Leucine-responsive regulatory protein	5.793E-05	1.000	144	215	354	380	10	148	164	148	0.368	0.848
LOKIASV2_2518_ESMFold_hypothetical_protein	AF-P0ACJ4-F1-model_v4	AF-P0ACJ4-F1-model_v4 Leucine-responsive regulatory protein	6.150E-05	1.000	144	217	354	380	12	148	164	146	0.363	0.835
LOKIASV2_2518_ESMFold_hypothetical_protein	AF-Q980W9-F1-model_v4	AF-Q980W9-F1-model_v4 HTH-type transcriptional regulator LysM	4.561E-05	1.000	143	217	354	380	6	136	142	147	0.363	0.923
LOKIASV2_2518_ESMFold_hypothetical_protein	AF-Q9V0Y9-F1-model_v4	AF-Q9V0Y9-F1-model_v4 HTH-type transcriptional regulator FL11	7.358E-05	1.000	143	215	354	380	3	137	151	144	0.368	0.894
LOKIASV2_2518_ESMFold_hypothetical_protein	AF-P0A2S0-F1-model_v4	AF-P0A2S0-F1-model_v4 Leucine-responsive regulatory protein	5.140E-05	1.000	143	210	354	380	1	148	164	157	0.382	0.902
LOKIASV2_2518_ESMFold_hypothetical_protein	AF-P0ACJ1-F1-model_v4	AF-P0ACJ1-F1-model_v4 Leucine-responsive regulatory protein	6.529E-05	1.000	143	215	354	380	10	148	164	148	0.368	0.848
LOKIASV2_2518_ESMFold_hypothetical_protein	AF-P0ACJ0-F1-model_v4	AF-P0ACJ0-F1-model_v4 Leucine-responsive regulatory protein	5.140E-05	1.000	143	210	354	380	1	148	164	157	0.382	0.902
LOKIASV2_2518_ESMFold_hypothetical_protein	AF-P37425-F1-model_v4	AF-P37425-F1-model_v4 Leucine-responsive regulatory protein	5.793E-05	1.000	141	210	354	380	1	148	164	157	0.382	0.902
LOKIASV2_2518_ESMFold_hypothetical_protein	AF-Q8TZE2-F1-model_v4	AF-Q8TZE2-F1-model_v4 Uncharacterized HTH-type transcriptional regulator PF2053	6.931E-05	1.000	140	218	353	380	5	137	148	139	0.358	0.899
LOKIASV2_2518_ESMFold_hypothetical_protein	AF-O59188-F1-model_v4	AF-O59188-F1-model_v4 HTH-type transcriptional regulator FL11	9.345E-05	1.000	140	215	354	380	3	137	151	144	0.368	0.894
LOKIASV2_2518_ESMFold_hypothetical_protein	AF-P0ACJ6-F1-model_v4	AF-P0ACJ6-F1-model_v4 DNA-binding transcriptional activator DecR	9.345E-05	1.000	139	216	353	380	1	137	152	149	0.363	0.901
LOKIASV2_2518_ESMFold_hypothetical_protein	AF-Q9V029-F1-model_v4	AF-Q9V029-F1-model_v4 Uncharacterized HTH-type transcriptional regulator PYRAB09690	2.364E-05	1.000	139	1	150	380	2	145	162	161	0.395	0.889
LOKIASV2_2518_ESMFold_hypothetical_protein	AF-F8DT92-F1-model_v4	AF-F8DT92-F1-model_v4 Glutamate uptake regulatory protein	1.118E-04	1.000	139	215	353	380	3	139	164	147	0.366	0.835
LOKIASV2_2518_ESMFold_hypothetical_protein	AF-Q44333-F1-model_v4	AF-Q44333-F1-model_v4 Proline dehydrogenase transcriptional activator	9.920E-05	1.000	138	217	357	380	10	149	156	149	0.371	0.897
LOKIASV2_2518_ESMFold_hypothetical_protein	AF-P0ACJ7-F1-model_v4	AF-P0ACJ7-F1-model_v4 DNA-binding transcriptional activator DecR	1.337E-04	1.000	137	216	353	380	1	137	152	148	0.363	0.901
LOKIASV2_2518_ESMFold_hypothetical_protein	AF-P0ACI6-F1-model_v4	AF-P0ACI6-F1-model_v4 Regulatory protein AsnC	1.803E-04	1.000	136	215	354	380	4	140	152	150	0.368	0.901
LOKIASV2_2518_ESMFold_hypothetical_protein	AF-P55658-F1-model_v4	AF-P55658-F1-model_v4 Uncharacterized HTH-type transcriptional regulator y4tD	2.290E-04	1.000	136	211	354	380	12	154	169	153	0.379	0.846
LOKIASV2_2518_ESMFold_hypothetical_protein	AF-P0ACJ5-F1-model_v4	AF-P0ACJ5-F1-model_v4 DNA-binding transcriptional activator DecR	1.600E-04	1.000	135	216	353	380	1	137	152	149	0.363	0.901
LOKIASV2_2518_ESMFold_hypothetical_protein	AF-O05236-F1-model_v4	AF-O05236-F1-model_v4 Uncharacterized HTH-type transcriptional regulator YugG	1.600E-04	1.000	135	215	353	380	1	140	166	149	0.366	0.843
LOKIASV2_2518_ESMFold_hypothetical_protein	AF-Q8U2H1-F1-model_v4	AF-Q8U2H1-F1-model_v4 Uncharacterized HTH-type transcriptional regulator PF0864	5.140E-05	1.000	134	4	150	380	2	145	162	157	0.387	0.889
LOKIASV2_2518_ESMFold_hypothetical_protein	AF-O31497-F1-model_v4	AF-O31497-F1-model_v4 Uncharacterized HTH-type transcriptional regulator YezC	3.088E-04	1.000	133	217	354	380	1	128	139	143	0.363	0.921
LOKIASV2_2518_ESMFold_hypothetical_protein	AF-P56901-F1-model_v4	AF-P56901-F1-model_v4 Leucine-responsive regulatory protein	1.507E-04	1.000	133	215	354	380	5	143	156	148	0.368	0.891
LOKIASV2_2518_ESMFold_hypothetical_protein	AF-P0DJA5-F1-model_v4	AF-P0DJA5-F1-model_v4 Glutamate uptake regulatory protein	3.278E-04	1.000	133	215	353	380	3	141	164	150	0.366	0.848
LOKIASV2_2518_ESMFold_hypothetical_protein	AF-P0ACI7-F1-model_v4	AF-P0ACI7-F1-model_v4 Regulatory protein AsnC	3.088E-04	1.000	132	215	355	380	4	141	152	151	0.371	0.908
LOKIASV2_2518_ESMFold_hypothetical_protein	AF-O58741-F1-model_v4	AF-O58741-F1-model_v4 Uncharacterized HTH-type transcriptional regulator PH1013	4.047E-05	1.000	132	1	150	380	1	145	162	160	0.395	0.895
LOKIASV2_2518_ESMFold_hypothetical_protein	AF-P0ACI8-F1-model_v4	AF-P0ACI8-F1-model_v4 Regulatory protein AsnC	5.288E-04	1.000	130	215	353	380	4	141	152	147	0.366	0.908
LOKIASV2_2518_ESMFold_hypothetical_protein	AF-P0ACI9-F1-model_v4	AF-P0ACI9-F1-model_v4 Regulatory protein AsnC	3.278E-04	1.000	130	215	355	380	4	141	152	151	0.371	0.908
LOKIASV2_2518_ESMFold_hypothetical_protein	AF-Q9V2K6-F1-model_v4	AF-Q9V2K6-F1-model_v4 Uncharacterized HTH-type transcriptional regulator PYRAB00690	1.118E-04	1.000	129	216	359	380	3	143	148	151	0.379	0.953
LOKIASV2_2518_ESMFold_hypothetical_protein	AF-P44337-F1-model_v4	AF-P44337-F1-model_v4 Regulatory protein AsnC	2.740E-04	1.000	129	216	359	380	3	139	150	152	0.379	0.913
LOKIASV2_2518_ESMFold_hypothetical_protein	AF-B0R717-F1-model_v4	AF-B0R717-F1-model_v4 HTH-type transcriptional regulator Lrp	1.187E-04	1.000	129	220	353	380	6	136	154	146	0.353	0.851
LOKIASV2_2518_ESMFold_hypothetical_protein	AF-O57802-F1-model_v4	AF-O57802-F1-model_v4 Uncharacterized HTH-type transcriptional regulator PH0061	1.053E-04	1.000	128	216	354	380	3	138	148	146	0.366	0.919
LOKIASV2_2518_ESMFold_hypothetical_protein	AF-E1V7V9-F1-model_v4	AF-E1V7V9-F1-model_v4 Transcriptional regulatory protein DoeX	6.931E-05	1.000	128	215	363	380	1	146	158	162	0.392	0.924
LOKIASV2_2518_ESMFold_hypothetical_protein	AF-P44580-F1-model_v4	AF-P44580-F1-model_v4 Uncharacterized HTH-type transcriptional regulator HI_0224	5.288E-04	1.000	128	2	148	380	14	155	168	151	0.387	0.845
LOKIASV2_2518_ESMFold_hypothetical_protein	AF-O59256-F1-model_v4	AF-O59256-F1-model_v4 HTH-type transcriptional regulator LrpA	4.981E-04	1.000	127	216	354	380	1	135	141	146	0.366	0.957
LOKIASV2_2518_ESMFold_hypothetical_protein	AF-P42180-F1-model_v4	AF-P42180-F1-model_v4 HTH-type transcriptional regulator LrpA	3.480E-04	1.000	125	216	354	380	1	135	141	151	0.366	0.957
LOKIASV2_2518_ESMFold_hypothetical_protein	AF-Q57615-F1-model_v4	AF-Q57615-F1-model_v4 HTH-type transcriptional regulator Ptr1	8.802E-05	1.000	125	216	360	380	1	133	148	158	0.382	0.899
LOKIASV2_2518_ESMFold_hypothetical_protein	AF-P96582-F1-model_v4	AF-P96582-F1-model_v4 HTH-type transcriptional regulator LrpC	5.959E-04	1.000	119	215	354	380	1	132	144	150	0.368	0.917
LOKIASV2_2518_ESMFold_hypothetical_protein	AF-P42179-F1-model_v4	AF-P42179-F1-model_v4 Bkd operon transcriptional regulator	6.716E-04	1.000	118	6	148	380	2	139	161	149	0.376	0.857
LOKIASV2_2518_ESMFold_hypothetical_protein	AF-Q9V159-F1-model_v4	AF-Q9V159-F1-model_v4 HTH-type transcriptional regulator LrpA	1.296E-03	1.000	114	216	354	380	1	135	141	150	0.366	0.957
LOKIASV2_2518_ESMFold_hypothetical_protein	AF-Q9I1M3-F1-model_v4	AF-Q9I1M3-F1-model_v4 Bkd operon transcriptional regulator	1.855E-03	1.000	109	4	148	380	1	140	153	153	0.382	0.915
LOKIASV2_2518_ESMFold_hypothetical_protein	AF-B0R4X4-F1-model_v4	AF-B0R4X4-F1-model_v4 HTH-type transcriptional regulator LrpA1	3.176E-03	1.000	100	215	353	380	1	135	142	144	0.366	0.951
LOKIASV2_2518_ESMFold_hypothetical_protein	AF-P95413-F1-model_v4	AF-P95413-F1-model_v4 Siroheme decarboxylase NirL subunit	1.221E-03	0.998	93	210	354	380	1	150	174	167	0.382	0.862
LOKIASV2_2518_ESMFold_hypothetical_protein	AF-Q46CH6-F1-model_v4	AF-Q46CH6-F1-model_v4 Siroheme decarboxylase alpha subunit	1.020E-03	0.998	93	178	354	380	3	166	182	186	0.466	0.901
LOKIASV2_2518_ESMFold_hypothetical_protein	AF-Q46CH5-F1-model_v4	AF-Q46CH5-F1-model_v4 Siroheme decarboxylase beta subunit	1.333E-02	0.997	91	8	149	380	1	139	152	154	0.374	0.914
LOKIASV2_2518_ESMFold_hypothetical_protein	AF-Q9FK81-F1-model_v4	AF-Q9FK81-F1-model_v4 Stress-response A/B barrel domain-containing protein At5g22580	7.785E-03	0.996	89	66	150	380	3	99	111	99	0.224	0.874
LOKIASV2_2518_ESMFold_hypothetical_protein	AF-Q52523-F1-model_v4	AF-Q52523-F1-model_v4 Siroheme decarboxylase NirL subunit	4.826E-03	0.996	89	217	354	380	5	148	170	155	0.363	0.847
LOKIASV2_2518_ESMFold_hypothetical_protein	AF-Q30Y72-F1-model_v4	AF-Q30Y72-F1-model_v4 Siroheme decarboxylase alpha subunit	1.747E-03	0.993	86	1	150	380	3	144	164	165	0.395	0.866
LOKIASV2_2518_ESMFold_hypothetical_protein	AF-P95415-F1-model_v4	AF-P95415-F1-model_v4 Siroheme decarboxylase NirH subunit	1.256E-02	0.988	82	215	366	380	3	161	171	172	0.400	0.930
LOKIASV2_2518_ESMFold_hypothetical_protein	AF-Q52525-F1-model_v4	AF-Q52525-F1-model_v4 Siroheme decarboxylase NirH subunit	1.797E-02	0.986	81	215	366	380	3	160	168	170	0.400	0.940
LOKIASV2_2518_ESMFold_hypothetical_protein	AF-O31641-F1-model_v4	AF-O31641-F1-model_v4 Uncharacterized protein YjcS	1.256E-02	0.984	80	66	150	380	9	104	105	97	0.224	0.914
LOKIASV2_2518_ESMFold_hypothetical_protein	AF-P95414-F1-model_v4	AF-P95414-F1-model_v4 Siroheme decarboxylase NirG subunit	1.502E-02	0.984	80	217	356	380	1	136	147	151	0.368	0.925
LOKIASV2_2518_ESMFold_hypothetical_protein	AF-Q72DS5-F1-model_v4	AF-Q72DS5-F1-model_v4 Siroheme decarboxylase alpha subunit	4.282E-03	0.975	77	2	150	380	24	162	176	164	0.392	0.790
LOKIASV2_2518_ESMFold_hypothetical_protein	AF-P50337-F1-model_v4	AF-P50337-F1-model_v4 Uncharacterized HTH-type transcriptional regulator y4sM	3.078E-02	0.971	76	36	148	380	5	113	127	116	0.297	0.858
LOKIASV2_2518_ESMFold_hypothetical_protein	AF-P95412-F1-model_v4	AF-P95412-F1-model_v4 Siroheme decarboxylase NirD subunit	8.264E-03	0.941	71	8	150	380	1	133	150	152	0.376	0.887
LOKIASV2_2518_ESMFold_hypothetical_protein	AF-P37503-F1-model_v4	AF-P37503-F1-model_v4 Uncharacterized HTH-type transcriptional regulator YybA	6.885E-01	0.933	70	8	57	380	28	77	150	50	0.132	0.333
LOKIASV2_2518_ESMFold_hypothetical_protein	AF-Q52522-F1-model_v4	AF-Q52522-F1-model_v4 Siroheme decarboxylase NirD subunit	1.797E-02	0.933	70	6	150	380	2	135	152	155	0.382	0.882
LOKIASV2_2518_ESMFold_hypothetical_protein	AF-B8J364-F1-model_v4	AF-B8J364-F1-model_v4 Siroheme decarboxylase alpha subunit	6.507E-03	0.933	70	1	150	380	6	156	173	174	0.395	0.873
LOKIASV2_2518_ESMFold_hypothetical_protein	AF-B1I4J1-F1-model_v4	AF-B1I4J1-F1-model_v4 Glutamyl-tRNA reductase	5.939E-02	0.912	68	69	149	380	2	92	446	94	0.213	0.204
LOKIASV2_2518_ESMFold_hypothetical_protein	AF-P9WLA5-F1-model_v4	AF-P9WLA5-F1-model_v4 Uncharacterized protein Rv2557	3.682E-02	0.900	67	67	366	380	16	223	224	332	0.789	0.929
LOKIASV2_2518_ESMFold_hypothetical_protein	AF-A7I5K0-F1-model_v4	AF-A7I5K0-F1-model_v4 Elongation factor 1-beta	2.348E-01	0.887	66	67	150	380	2	84	85	93	0.221	0.976
LOKIASV2_2518_ESMFold_hypothetical_protein	AF-P65006-F1-model_v4	AF-P65006-F1-model_v4 Uncharacterized protein Mb2588	6.305E-02	0.887	66	66	366	380	28	231	236	330	0.792	0.864
LOKIASV2_2518_ESMFold_hypothetical_protein	AF-P65004-F1-model_v4	AF-P65004-F1-model_v4 Uncharacterized protein Mb2587	4.149E-02	0.872	65	67	354	380	16	212	224	320	0.758	0.879
LOKIASV2_2518_ESMFold_hypothetical_protein	AF-Q0BKE7-F1-model_v4	AF-Q0BKE7-F1-model_v4 Glutamyl-tRNA reductase	4.676E-02	0.872	65	69	148	380	3	93	416	91	0.211	0.219
LOKIASV2_2518_ESMFold_hypothetical_protein	AF-O29721-F1-model_v4	AF-O29721-F1-model_v4 Uncharacterized protein AF_0529	4.810E-01	0.855	64	212	272	380	1	68	74	68	0.161	0.919
LOKIASV2_2518_ESMFold_hypothetical_protein	AF-A4IWC0-F1-model_v4	AF-A4IWC0-F1-model_v4 Glutamyl-tRNA reductase	8.501E-02	0.855	64	69	148	380	2	91	414	91	0.211	0.217
LOKIASV2_2518_ESMFold_hypothetical_protein	AF-Q14JR2-F1-model_v4	AF-Q14JR2-F1-model_v4 Glutamyl-tRNA reductase	5.595E-02	0.855	64	69	148	380	3	93	416	91	0.211	0.219
LOKIASV2_2518_ESMFold_hypothetical_protein	AF-A7NE97-F1-model_v4	AF-A7NE97-F1-model_v4 Glutamyl-tRNA reductase	1.080E-01	0.817	62	69	148	380	2	91	414	91	0.211	0.217
LOKIASV2_2518_ESMFold_hypothetical_protein	AF-P9WLA2-F1-model_v4	AF-P9WLA2-F1-model_v4 Uncharacterized protein MT2635	1.456E-01	0.772	60	66	368	380	28	233	236	332	0.797	0.873
LOKIASV2_2518_ESMFold_hypothetical_protein	AF-Q8TV90-F1-model_v4	AF-Q8TV90-F1-model_v4 Putative nickel-responsive regulator	1.595E-02	0.747	59	1	150	380	8	137	141	157	0.395	0.922
LOKIASV2_2518_ESMFold_hypothetical_protein	AF-O32253-F1-model_v4	AF-O32253-F1-model_v4 Central glycolytic genes regulator	2.019E+00	0.747	59	11	55	380	21	65	340	45	0.118	0.132
LOKIASV2_2518_ESMFold_hypothetical_protein	AF-P33020-F1-model_v4	AF-P33020-F1-model_v4 Uncharacterized sugar kinase YeiI	7.543E-02	0.747	59	217	321	380	1	93	362	112	0.276	0.257
LOKIASV2_2518_ESMFold_hypothetical_protein	AF-P10869-F1-model_v4	AF-P10869-F1-model_v4 Aspartokinase	2.646E-01	0.747	59	66	150	380	352	435	527	93	0.224	0.159
LOKIASV2_2518_ESMFold_hypothetical_protein	AF-B8GF55-F1-model_v4	AF-B8GF55-F1-model_v4 Elongation factor 1-beta	2.083E-01	0.720	58	67	148	380	2	84	85	87	0.216	0.976
LOKIASV2_2518_ESMFold_hypothetical_protein	AF-A6W1C3-F1-model_v4	AF-A6W1C3-F1-model_v4 Glutamyl-tRNA reductase	2.493E-01	0.720	58	69	148	380	2	91	422	93	0.211	0.213
LOKIASV2_2518_ESMFold_hypothetical_protein	AF-Q97ZE0-F1-model_v4	AF-Q97ZE0-F1-model_v4 Homocitrate synthase	4.676E-02	0.720	58	10	148	380	328	456	461	152	0.366	0.280
LOKIASV2_2518_ESMFold_hypothetical_protein	AF-B8HBS2-F1-model_v4	AF-B8HBS2-F1-model_v4 Glutamyl-tRNA reductase	2.493E-01	0.692	57	69	148	380	2	93	441	93	0.211	0.209
LOKIASV2_2518_ESMFold_hypothetical_protein	AF-B1J9R7-F1-model_v4	AF-B1J9R7-F1-model_v4 Putative nickel-responsive regulator	3.909E-02	0.663	56	1	150	380	1	130	138	156	0.395	0.942
LOKIASV2_2518_ESMFold_hypothetical_protein	AF-Q3IUG3-F1-model_v4	AF-Q3IUG3-F1-model_v4 Putative nickel-responsive regulator	4.676E-02	0.663	56	1	150	380	1	131	141	157	0.395	0.929
LOKIASV2_2518_ESMFold_hypothetical_protein	AF-Q57824-F1-model_v4	AF-Q57824-F1-model_v4 CRISPR locus-related putative DNA-binding protein Csa3	1.111E+00	0.663	56	215	270	380	145	207	208	63	0.147	0.303
LOKIASV2_2518_ESMFold_hypothetical_protein	AF-A5UU33-F1-model_v4	AF-A5UU33-F1-model_v4 Glutamyl-tRNA reductase	1.371E-01	0.663	56	69	149	380	2	89	425	92	0.213	0.207
LOKIASV2_2518_ESMFold_hypothetical_protein	AF-A9WPH1-F1-model_v4	AF-A9WPH1-F1-model_v4 Glutamyl-tRNA reductase	6.305E-02	0.663	56	66	192	380	2	122	440	137	0.334	0.275
LOKIASV2_2518_ESMFold_hypothetical_protein	AF-A0JYN2-F1-model_v4	AF-A0JYN2-F1-model_v4 Glutamyl-tRNA reductase	2.809E-01	0.663	56	69	148	380	2	93	446	93	0.211	0.206
LOKIASV2_2518_ESMFold_hypothetical_protein	AF-Q4FLR0-F1-model_v4	AF-Q4FLR0-F1-model_v4 tRNA uridine(34) hydroxylase	2.809E-01	0.632	55	69	148	380	2	75	301	81	0.211	0.246
LOKIASV2_2518_ESMFold_hypothetical_protein	AF-Q46K33-F1-model_v4	AF-Q46K33-F1-model_v4 tRNA uridine(34) hydroxylase	2.809E-01	0.632	55	62	148	380	7	86	319	92	0.229	0.251
LOKIASV2_2518_ESMFold_hypothetical_protein	AF-Q88HL5-F1-model_v4	AF-Q88HL5-F1-model_v4 Putative nickel-responsive regulator	5.595E-02	0.601	54	1	150	380	1	130	138	156	0.395	0.942
LOKIASV2_2518_ESMFold_hypothetical_protein	AF-Q8WWZ7-F1-model_v4	AF-Q8WWZ7-F1-model_v4 Cholesterol transporter ABCA5	3.166E-01	0.601	54	61	150	380	1520	1602	1642	92	0.237	0.051
LOKIASV2_2518_ESMFold_hypothetical_protein	AF-A1AQS8-F1-model_v4	AF-A1AQS8-F1-model_v4 Putative nickel-responsive regulator	8.501E-02	0.569	53	36	150	380	11	133	139	135	0.303	0.885
LOKIASV2_2518_ESMFold_hypothetical_protein	AF-C6E697-F1-model_v4	AF-C6E697-F1-model_v4 Putative nickel-responsive regulator	8.007E-02	0.569	53	36	150	380	11	133	139	135	0.303	0.885
LOKIASV2_2518_ESMFold_hypothetical_protein	AF-A3PDJ9-F1-model_v4	AF-A3PDJ9-F1-model_v4 tRNA uridine(34) hydroxylase	2.809E-01	0.569	53	66	148	380	3	80	310	86	0.218	0.252
LOKIASV2_2518_ESMFold_hypothetical_protein	AF-Q5V1I8-F1-model_v4	AF-Q5V1I8-F1-model_v4 Glutamyl-tRNA reductase	5.939E-02	0.569	53	67	149	380	6	89	448	93	0.218	0.188
LOKIASV2_2518_ESMFold_hypothetical_protein	AF-Q7TM95-F1-model_v4	AF-Q7TM95-F1-model_v4 Tigger transposable element-derived protein 3	8.744E-01	0.569	53	210	260	380	4	55	470	52	0.134	0.111
LOKIASV2_2518_ESMFold_hypothetical_protein	AF-B5EC98-F1-model_v4	AF-B5EC98-F1-model_v4 Putative nickel-responsive regulator	9.024E-02	0.537	52	36	150	380	11	133	139	135	0.303	0.885
LOKIASV2_2518_ESMFold_hypothetical_protein	AF-A7MX86-F1-model_v4	AF-A7MX86-F1-model_v4 HTH-type transcriptional repressor NsrR	7.759E-01	0.537	52	6	57	380	2	58	141	57	0.137	0.404
LOKIASV2_2518_ESMFold_hypothetical_protein	AF-P41087-F1-model_v4	AF-P41087-F1-model_v4 tRNA uridine(34) hydroxylase	2.982E-01	0.537	52	66	148	380	2	77	247	84	0.218	0.308
LOKIASV2_2518_ESMFold_hypothetical_protein	AF-P0AF21-F1-model_v4	AF-P0AF21-F1-model_v4 N-acetylglucosamine repressor	1.410E+00	0.537	52	10	59	380	17	67	406	51	0.132	0.126
LOKIASV2_2518_ESMFold_hypothetical_protein	AF-A1R8A6-F1-model_v4	AF-A1R8A6-F1-model_v4 Glutamyl-tRNA reductase	4.810E-01	0.537	52	69	148	380	2	93	440	93	0.211	0.209
LOKIASV2_2518_ESMFold_hypothetical_protein	AF-C3N5A3-F1-model_v4	AF-C3N5A3-F1-model_v4 Homocitrate synthase	7.543E-02	0.537	52	10	148	380	328	454	461	151	0.366	0.275
LOKIASV2_2518_ESMFold_hypothetical_protein	AF-Q68XP2-F1-model_v4	AF-Q68XP2-F1-model_v4 tRNA uridine(34) hydroxylase	4.268E-01	0.505	51	66	148	380	2	77	247	84	0.218	0.308
LOKIASV2_2518_ESMFold_hypothetical_protein	AF-P76034-F1-model_v4	AF-P76034-F1-model_v4 Uncharacterized HTH-type transcriptional regulator YciT	3.896E+00	0.505	51	217	261	380	1	45	249	45	0.118	0.181
LOKIASV2_2518_ESMFold_hypothetical_protein	AF-Q31AD1-F1-model_v4	AF-Q31AD1-F1-model_v4 tRNA uridine(34) hydroxylase	3.568E-01	0.505	51	66	148	380	3	80	310	86	0.218	0.252
LOKIASV2_2518_ESMFold_hypothetical_protein	AF-A0LIM5-F1-model_v4	AF-A0LIM5-F1-model_v4 Glutamyl-tRNA reductase	5.270E-02	0.505	51	69	191	380	3	132	461	146	0.324	0.282
LOKIASV2_2518_ESMFold_hypothetical_protein	AF-Q10200-F1-model_v4	AF-Q10200-F1-model_v4 Uncharacterized protein C11C11.01	2.646E-01	0.505	51	67	150	380	105	182	466	87	0.221	0.167
LOKIASV2_2518_ESMFold_hypothetical_protein	AF-P39213-F1-model_v4	AF-P39213-F1-model_v4 Transposase InsN for insertion sequence element IS911	1.046E+00	0.473	50	210	261	380	12	64	112	54	0.137	0.473
LOKIASV2_2518_ESMFold_hypothetical_protein	AF-P40610-F1-model_v4	AF-P40610-F1-model_v4 HTH-type transcriptional repressor NsrR	8.744E-01	0.473	50	10	57	380	11	58	141	48	0.126	0.340
LOKIASV2_2518_ESMFold_hypothetical_protein	AF-B8E2N2-F1-model_v4	AF-B8E2N2-F1-model_v4 Protein translocase subunit SecF	6.485E-01	0.473	50	64	150	380	41	119	290	90	0.229	0.272
LOKIASV2_2518_ESMFold_hypothetical_protein	AF-B6YTJ4-F1-model_v4	AF-B6YTJ4-F1-model_v4 Phenylalanine--tRNA ligase alpha subunit	1.256E-02	0.473	50	6	148	380	1	177	500	198	0.376	0.354
LOKIASV2_2518_ESMFold_hypothetical_protein	AF-Q8TYM5-F1-model_v4	AF-Q8TYM5-F1-model_v4 Phenylalanine--tRNA ligase alpha subunit	4.826E-03	0.473	50	8	274	380	10	207	524	290	0.703	0.378
LOKIASV2_2518_ESMFold_hypothetical_protein	AF-A9WZ97-F1-model_v4	AF-A9WZ97-F1-model_v4 Putative nickel-responsive regulator	3.909E-02	0.442	49	1	150	380	1	131	132	163	0.395	0.992
LOKIASV2_2518_ESMFold_hypothetical_protein	AF-A2C3I3-F1-model_v4	AF-A2C3I3-F1-model_v4 tRNA uridine(34) hydroxylase	4.810E-01	0.442	49	67	146	380	10	86	319	85	0.211	0.241
LOKIASV2_2518_ESMFold_hypothetical_protein	AF-P16468-F1-model_v4	AF-P16468-F1-model_v4 NAD-dependent malic enzyme	4.021E-01	0.442	49	67	134	380	8	77	478	74	0.179	0.146
LOKIASV2_2518_ESMFold_hypothetical_protein	AF-P48988-F1-model_v4	AF-P48988-F1-model_v4 Major centromere autoantigen B	7.759E-01	0.442	49	1	53	380	1	59	606	59	0.139	0.097
LOKIASV2_2518_ESMFold_hypothetical_protein	AF-P38054-F1-model_v4	AF-P38054-F1-model_v4 Cation efflux system protein CusA	1.146E-01	0.442	49	65	158	380	42	146	1047	110	0.247	0.100
LOKIASV2_2518_ESMFold_hypothetical_protein	AF-Q9ZHC9-F1-model_v4	AF-Q9ZHC9-F1-model_v4 Putative cation efflux system protein SilA	1.146E-01	0.442	49	65	158	380	42	146	1048	110	0.247	0.100
LOKIASV2_2518_ESMFold_hypothetical_protein	AF-P39212-F1-model_v4	AF-P39212-F1-model_v4 Putative transposase InsN for insertion sequence element IS911B	1.252E+00	0.411	48	212	261	380	1	52	88	52	0.132	0.591
LOKIASV2_2518_ESMFold_hypothetical_protein	AF-Q57IP3-F1-model_v4	AF-Q57IP3-F1-model_v4 Nickel-responsive regulator	2.493E-01	0.411	48	1	150	380	1	130	133	158	0.395	0.977
LOKIASV2_2518_ESMFold_hypothetical_protein	AF-A5GBR0-F1-model_v4	AF-A5GBR0-F1-model_v4 Putative nickel-responsive regulator	1.741E-01	0.411	48	36	150	380	11	133	139	135	0.303	0.885
LOKIASV2_2518_ESMFold_hypothetical_protein	AF-Q39YD7-F1-model_v4	AF-Q39YD7-F1-model_v4 Putative nickel-responsive regulator	1.741E-01	0.411	48	36	150	380	11	133	139	133	0.303	0.885
LOKIASV2_2518_ESMFold_hypothetical_protein	AF-Q4L6Y8-F1-model_v4	AF-Q4L6Y8-F1-model_v4 UPF0735 ACT domain-containing protein SH1278	4.149E-02	0.411	48	1	148	380	10	146	151	160	0.389	0.907
LOKIASV2_2518_ESMFold_hypothetical_protein	AF-P27159-F1-model_v4	AF-P27159-F1-model_v4 Xylose repressor	3.568E-01	0.411	48	216	319	380	6	73	383	104	0.274	0.178
LOKIASV2_2518_ESMFold_hypothetical_protein	AF-A9B543-F1-model_v4	AF-A9B543-F1-model_v4 Glutamyl-tRNA reductase	4.268E-01	0.411	48	69	148	380	2	89	414	93	0.211	0.213
LOKIASV2_2518_ESMFold_hypothetical_protein	AF-Q4L5S7-F1-model_v4	AF-Q4L5S7-F1-model_v4 Uncharacterized protein SH1689	1.963E-01	0.411	48	268	380	380	229	323	552	119	0.297	0.172
LOKIASV2_2518_ESMFold_hypothetical_protein	AF-P37142-F1-model_v4	AF-P37142-F1-model_v4 Bifunctional aspartokinase/homoserine dehydrogenase, chloroplastic	1.741E-01	0.411	48	51	150	380	400	491	921	109	0.263	0.100
LOKIASV2_2518_ESMFold_hypothetical_protein	AF-P35195-F1-model_v4	AF-P35195-F1-model_v4 UPF0045 protein ECM15	7.309E-01	0.382	47	66	150	380	2	83	104	89	0.224	0.788
LOKIASV2_2518_ESMFold_hypothetical_protein	AF-Q5PJN1-F1-model_v4	AF-Q5PJN1-F1-model_v4 Nickel-responsive regulator	2.212E-01	0.382	47	1	150	380	1	130	133	157	0.395	0.977
LOKIASV2_2518_ESMFold_hypothetical_protein	AF-Q1R5D7-F1-model_v4	AF-Q1R5D7-F1-model_v4 Nickel-responsive regulator	2.809E-01	0.382	47	1	150	380	1	130	133	158	0.395	0.977
LOKIASV2_2518_ESMFold_hypothetical_protein	AF-A7ZT19-F1-model_v4	AF-A7ZT19-F1-model_v4 Nickel-responsive regulator	2.083E-01	0.382	47	1	150	380	1	130	133	156	0.395	0.977
LOKIASV2_2518_ESMFold_hypothetical_protein	AF-C4K1Q3-F1-model_v4	AF-C4K1Q3-F1-model_v4 tRNA uridine(34) hydroxylase	6.885E-01	0.382	47	68	148	380	4	77	247	84	0.213	0.300
LOKIASV2_2518_ESMFold_hypothetical_protein	AF-B8HPZ1-F1-model_v4	AF-B8HPZ1-F1-model_v4 Ribosomal protein L11 methyltransferase	7.759E-01	0.382	47	67	148	380	3	80	295	86	0.216	0.264
LOKIASV2_2518_ESMFold_hypothetical_protein	AF-P71073-F1-model_v4	AF-P71073-F1-model_v4 Transcriptional activator AdeR	1.797E-02	0.382	47	12	264	380	169	401	422	281	0.666	0.552
LOKIASV2_2518_ESMFold_hypothetical_protein	AF-Q1ITN7-F1-model_v4	AF-Q1ITN7-F1-model_v4 Glutamyl-tRNA reductase 1	1.456E-01	0.382	47	67	192	380	2	132	431	151	0.332	0.304
LOKIASV2_2518_ESMFold_hypothetical_protein	AF-C3NDV7-F1-model_v4	AF-C3NDV7-F1-model_v4 Homocitrate synthase	1.545E-01	0.382	47	10	148	380	328	454	461	151	0.366	0.275
LOKIASV2_2518_ESMFold_hypothetical_protein	AF-C5A5Y9-F1-model_v4	AF-C5A5Y9-F1-model_v4 Phenylalanine--tRNA ligase alpha subunit	2.423E-02	0.382	47	6	149	380	1	180	499	197	0.379	0.361
LOKIASV2_2518_ESMFold_hypothetical_protein	AF-Q53201-F1-model_v4	AF-Q53201-F1-model_v4 Putative transposase y4uI	1.687E+00	0.382	47	1	51	380	1	49	514	51	0.134	0.095
LOKIASV2_2518_ESMFold_hypothetical_protein	AF-P27790-F1-model_v4	AF-P27790-F1-model_v4 Major centromere autoantigen B	9.854E-01	0.382	47	1	53	380	1	59	599	59	0.139	0.098
LOKIASV2_2518_ESMFold_hypothetical_protein	AF-A2SR44-F1-model_v4	AF-A2SR44-F1-model_v4 Elongation factor 1-beta	8.237E-01	0.353	46	67	148	380	2	79	86	89	0.216	0.907
LOKIASV2_2518_ESMFold_hypothetical_protein	AF-A9MC92-F1-model_v4	AF-A9MC92-F1-model_v4 Putative nickel-responsive regulator	4.405E-02	0.353	46	1	150	380	1	131	132	162	0.395	0.992
LOKIASV2_2518_ESMFold_hypothetical_protein	AF-Q2YJ35-F1-model_v4	AF-Q2YJ35-F1-model_v4 Putative nickel-responsive regulator	6.693E-02	0.353	46	1	150	380	1	131	132	159	0.395	0.992
LOKIASV2_2518_ESMFold_hypothetical_protein	AF-B2SAM1-F1-model_v4	AF-B2SAM1-F1-model_v4 Putative nickel-responsive regulator	4.405E-02	0.353	46	1	150	380	1	131	132	162	0.395	0.992
LOKIASV2_2518_ESMFold_hypothetical_protein	AF-A5VV94-F1-model_v4	AF-A5VV94-F1-model_v4 Putative nickel-responsive regulator	4.405E-02	0.353	46	1	150	380	1	131	132	162	0.395	0.992
LOKIASV2_2518_ESMFold_hypothetical_protein	AF-B7UL33-F1-model_v4	AF-B7UL33-F1-model_v4 Nickel-responsive regulator	2.348E-01	0.353	46	1	150	380	1	130	133	157	0.395	0.977
LOKIASV2_2518_ESMFold_hypothetical_protein	AF-B7NEA8-F1-model_v4	AF-B7NEA8-F1-model_v4 Nickel-responsive regulator	3.166E-01	0.353	46	1	150	380	1	130	133	158	0.395	0.977
LOKIASV2_2518_ESMFold_hypothetical_protein	AF-Q3YW47-F1-model_v4	AF-Q3YW47-F1-model_v4 Nickel-responsive regulator	2.348E-01	0.353	46	1	150	380	1	130	133	156	0.395	0.977
LOKIASV2_2518_ESMFold_hypothetical_protein	AF-C4ZW30-F1-model_v4	AF-C4ZW30-F1-model_v4 Nickel-responsive regulator	2.348E-01	0.353	46	1	150	380	1	130	133	156	0.395	0.977
LOKIASV2_2518_ESMFold_hypothetical_protein	AF-B1X7T9-F1-model_v4	AF-B1X7T9-F1-model_v4 Nickel-responsive regulator	2.646E-01	0.353	46	1	150	380	1	130	133	156	0.395	0.977
LOKIASV2_2518_ESMFold_hypothetical_protein	AF-B8E0M0-F1-model_v4	AF-B8E0M0-F1-model_v4 Putative nickel-responsive regulator	1.371E-01	0.353	46	36	150	380	11	133	135	136	0.303	0.911
LOKIASV2_2518_ESMFold_hypothetical_protein	AF-A9B4U5-F1-model_v4	AF-A9B4U5-F1-model_v4 Probable transcriptional regulatory protein Haur_3030	3.078E-02	0.353	46	10	153	380	23	207	252	199	0.379	0.734
LOKIASV2_2518_ESMFold_hypothetical_protein	AF-B9LAL6-F1-model_v4	AF-B9LAL6-F1-model_v4 Probable transcriptional regulatory protein Chy400_1141	9.313E-03	0.353	46	1	186	380	10	251	252	267	0.489	0.960
LOKIASV2_2518_ESMFold_hypothetical_protein	AF-B7KJ88-F1-model_v4	AF-B7KJ88-F1-model_v4 Ribosomal protein L11 methyltransferase	4.531E-01	0.353	46	67	148	380	2	80	298	85	0.216	0.265
LOKIASV2_2518_ESMFold_hypothetical_protein	AF-A8G5G4-F1-model_v4	AF-A8G5G4-F1-model_v4 tRNA uridine(34) hydroxylase	4.268E-01	0.353	46	66	148	380	3	82	310	86	0.218	0.258
LOKIASV2_2518_ESMFold_hypothetical_protein	AF-Q2RWE2-F1-model_v4	AF-Q2RWE2-F1-model_v4 Glutamyl-tRNA reductase	6.485E-01	0.353	46	68	148	380	2	92	431	96	0.213	0.211
LOKIASV2_2518_ESMFold_hypothetical_protein	AF-Q6B0B8-F1-model_v4	AF-Q6B0B8-F1-model_v4 Tigger transposable element-derived protein 3	1.902E+00	0.353	46	210	260	380	4	55	471	52	0.134	0.110
LOKIASV2_2518_ESMFold_hypothetical_protein	AF-Q9FKF2-F1-model_v4	AF-Q9FKF2-F1-model_v4 ABC transporter A family member 11	7.309E-01	0.353	46	61	150	380	751	838	953	93	0.237	0.092
LOKIASV2_2518_ESMFold_hypothetical_protein	AF-D8MMF7-F1-model_v4	AF-D8MMF7-F1-model_v4 Modulator protein MzrA	2.348E-01	0.326	45	39	195	380	15	127	128	157	0.413	0.883
LOKIASV2_2518_ESMFold_hypothetical_protein	AF-B5YUQ6-F1-model_v4	AF-B5YUQ6-F1-model_v4 Nickel-responsive regulator	2.809E-01	0.326	45	1	150	380	1	130	133	156	0.395	0.977
LOKIASV2_2518_ESMFold_hypothetical_protein	AF-P0A6Z9-F1-model_v4	AF-P0A6Z9-F1-model_v4 Nickel-responsive regulator	2.809E-01	0.326	45	1	150	380	1	130	133	156	0.395	0.977
LOKIASV2_2518_ESMFold_hypothetical_protein	AF-B6I346-F1-model_v4	AF-B6I346-F1-model_v4 Nickel-responsive regulator	3.361E-01	0.326	45	1	150	380	1	130	133	156	0.395	0.977
LOKIASV2_2518_ESMFold_hypothetical_protein	AF-B7N1R9-F1-model_v4	AF-B7N1R9-F1-model_v4 Nickel-responsive regulator	2.809E-01	0.326	45	1	150	380	1	130	133	156	0.395	0.977
LOKIASV2_2518_ESMFold_hypothetical_protein	AF-Q58219-F1-model_v4	AF-Q58219-F1-model_v4 Acylphosphatase-like protein MJ0809	9.854E-01	0.326	45	67	148	380	6	85	167	87	0.216	0.479
LOKIASV2_2518_ESMFold_hypothetical_protein	AF-A8GQU9-F1-model_v4	AF-A8GQU9-F1-model_v4 tRNA uridine(34) hydroxylase	8.744E-01	0.326	45	67	148	380	3	77	247	83	0.216	0.304
LOKIASV2_2518_ESMFold_hypothetical_protein	AF-A8F0N3-F1-model_v4	AF-A8F0N3-F1-model_v4 tRNA uridine(34) hydroxylase	8.237E-01	0.326	45	67	148	380	3	77	247	85	0.216	0.304
LOKIASV2_2518_ESMFold_hypothetical_protein	AF-Q133L1-F1-model_v4	AF-Q133L1-F1-model_v4 Urease accessory protein UreD	1.329E+00	0.326	45	82	135	380	221	274	283	55	0.142	0.191
LOKIASV2_2518_ESMFold_hypothetical_protein	AF-B1XKZ0-F1-model_v4	AF-B1XKZ0-F1-model_v4 Ribosomal protein L11 methyltransferase	6.885E-01	0.326	45	67	148	380	2	80	296	89	0.216	0.267
LOKIASV2_2518_ESMFold_hypothetical_protein	AF-Q8XBZ8-F1-model_v4	AF-Q8XBZ8-F1-model_v4 Protein CbrA	1.080E-01	0.326	45	261	360	380	141	253	354	123	0.263	0.319
LOKIASV2_2518_ESMFold_hypothetical_protein	AF-Q3YWC2-F1-model_v4	AF-Q3YWC2-F1-model_v4 Protein CbrA	1.080E-01	0.326	45	261	360	380	141	253	354	123	0.263	0.319
LOKIASV2_2518_ESMFold_hypothetical_protein	AF-P0AF22-F1-model_v4	AF-P0AF22-F1-model_v4 N-acetylglucosamine repressor	1.589E+00	0.326	45	1	59	380	2	67	406	66	0.155	0.163
LOKIASV2_2518_ESMFold_hypothetical_protein	AF-Q76KA8-F1-model_v4	AF-Q76KA8-F1-model_v4 Phenylalanine--tRNA ligase alpha subunit	2.899E-02	0.326	45	6	148	380	1	177	501	197	0.376	0.353
LOKIASV2_2518_ESMFold_hypothetical_protein	AF-C6A236-F1-model_v4	AF-C6A236-F1-model_v4 Phenylalanine--tRNA ligase alpha subunit	3.682E-02	0.326	45	6	148	380	1	179	503	193	0.376	0.356
LOKIASV2_2518_ESMFold_hypothetical_protein	AF-P07199-F1-model_v4	AF-P07199-F1-model_v4 Major centromere autoantigen B	1.252E+00	0.326	45	1	53	380	1	59	599	59	0.139	0.098
LOKIASV2_2518_ESMFold_hypothetical_protein	AF-O94911-F1-model_v4	AF-O94911-F1-model_v4 ABC-type organic anion transporter ABCA8	1.111E+00	0.326	45	61	150	380	1505	1584	1621	90	0.237	0.049
LOKIASV2_2518_ESMFold_hypothetical_protein	AF-C6DKE3-F1-model_v4	AF-C6DKE3-F1-model_v4 Modulator protein MzrA	2.982E-01	0.301	44	22	148	380	7	109	131	127	0.334	0.786
LOKIASV2_2518_ESMFold_hypothetical_protein	AF-A8A5T9-F1-model_v4	AF-A8A5T9-F1-model_v4 Nickel-responsive regulator	3.361E-01	0.301	44	1	150	380	1	130	133	156	0.395	0.977
LOKIASV2_2518_ESMFold_hypothetical_protein	AF-Q31VE5-F1-model_v4	AF-Q31VE5-F1-model_v4 Nickel-responsive regulator	3.361E-01	0.301	44	1	150	380	1	130	133	156	0.395	0.977
LOKIASV2_2518_ESMFold_hypothetical_protein	AF-B1J0E9-F1-model_v4	AF-B1J0E9-F1-model_v4 Nickel-responsive regulator	3.361E-01	0.301	44	1	150	380	1	130	133	156	0.395	0.977
LOKIASV2_2518_ESMFold_hypothetical_protein	AF-B7MDX1-F1-model_v4	AF-B7MDX1-F1-model_v4 Nickel-responsive regulator	3.361E-01	0.301	44	1	150	380	1	130	133	156	0.395	0.977
LOKIASV2_2518_ESMFold_hypothetical_protein	AF-B5BHM4-F1-model_v4	AF-B5BHM4-F1-model_v4 Nickel-responsive regulator	3.568E-01	0.301	44	1	150	380	1	130	133	157	0.395	0.977
LOKIASV2_2518_ESMFold_hypothetical_protein	AF-Q0TBX7-F1-model_v4	AF-Q0TBX7-F1-model_v4 Nickel-responsive regulator	3.568E-01	0.301	44	1	150	380	1	130	133	156	0.395	0.977
LOKIASV2_2518_ESMFold_hypothetical_protein	AF-P55640-F1-model_v4	AF-P55640-F1-model_v4 Uncharacterized protein y4rG	2.722E+00	0.301	44	210	264	380	30	84	135	57	0.145	0.407
LOKIASV2_2518_ESMFold_hypothetical_protein	AF-Q8RAR7-F1-model_v4	AF-Q8RAR7-F1-model_v4 Probable transcriptional regulatory protein TTE1135	4.964E-02	0.301	44	10	153	380	27	207	243	194	0.379	0.745
LOKIASV2_2518_ESMFold_hypothetical_protein	AF-C3PMG3-F1-model_v4	AF-C3PMG3-F1-model_v4 tRNA uridine(34) hydroxylase	9.854E-01	0.301	44	67	148	380	3	77	247	85	0.216	0.304
LOKIASV2_2518_ESMFold_hypothetical_protein	AF-Q55613-F1-model_v4	AF-Q55613-F1-model_v4 tRNA uridine(34) hydroxylase	7.309E-01	0.301	44	69	148	380	2	75	278	82	0.211	0.266
LOKIASV2_2518_ESMFold_hypothetical_protein	AF-Q89FW1-F1-model_v4	AF-Q89FW1-F1-model_v4 Ribosomal protein L11 methyltransferase	5.421E-01	0.301	44	67	150	380	5	84	295	86	0.221	0.271
LOKIASV2_2518_ESMFold_hypothetical_protein	AF-Q8YVT3-F1-model_v4	AF-Q8YVT3-F1-model_v4 Ribosomal protein L11 methyltransferase	7.759E-01	0.301	44	67	148	380	2	80	306	88	0.216	0.258
LOKIASV2_2518_ESMFold_hypothetical_protein	AF-Q6YRD0-F1-model_v4	AF-Q6YRD0-F1-model_v4 tRNA uridine(34) hydroxylase	8.237E-01	0.301	44	66	150	380	6	83	308	89	0.224	0.253
LOKIASV2_2518_ESMFold_hypothetical_protein	AF-P31456-F1-model_v4	AF-P31456-F1-model_v4 Protein CbrA	1.849E-01	0.301	44	261	360	380	141	253	354	123	0.263	0.319
LOKIASV2_2518_ESMFold_hypothetical_protein	AF-B0TX36-F1-model_v4	AF-B0TX36-F1-model_v4 Glutamyl-tRNA reductase	1.217E-01	0.301	44	69	192	380	2	153	414	165	0.326	0.367
LOKIASV2_2518_ESMFold_hypothetical_protein	AF-A1AX01-F1-model_v4	AF-A1AX01-F1-model_v4 Glutamyl-tRNA reductase	4.405E-02	0.301	44	68	241	380	2	160	416	199	0.458	0.382
LOKIASV2_2518_ESMFold_hypothetical_protein	AF-Q5NIA9-F1-model_v4	AF-Q5NIA9-F1-model_v4 Glutamyl-tRNA reductase	9.024E-02	0.301	44	69	192	380	3	155	416	165	0.326	0.368
LOKIASV2_2518_ESMFold_hypothetical_protein	AF-A4YD89-F1-model_v4	AF-A4YD89-F1-model_v4 Glutamyl-tRNA reductase	4.021E-01	0.301	44	59	150	380	1	91	424	102	0.242	0.215
LOKIASV2_2518_ESMFold_hypothetical_protein	AF-A1U368-F1-model_v4	AF-A1U368-F1-model_v4 Glutamyl-tRNA reductase	4.531E-01	0.301	44	69	148	380	2	90	429	94	0.211	0.207
LOKIASV2_2518_ESMFold_hypothetical_protein	AF-A0B7D5-F1-model_v4	AF-A0B7D5-F1-model_v4 Elongation factor 2	2.090E-03	0.301	44	65	380	380	387	718	730	390	0.832	0.455
LOKIASV2_2518_ESMFold_hypothetical_protein	AF-B7LMW8-F1-model_v4	AF-B7LMW8-F1-model_v4 Modulator protein MzrA	3.166E-01	0.277	43	39	150	380	12	107	127	115	0.295	0.756
LOKIASV2_2518_ESMFold_hypothetical_protein	AF-B4TYY1-F1-model_v4	AF-B4TYY1-F1-model_v4 Nickel-responsive regulator	4.021E-01	0.277	43	1	150	380	1	130	133	156	0.395	0.977
LOKIASV2_2518_ESMFold_hypothetical_protein	AF-P0A6Z6-F1-model_v4	AF-P0A6Z6-F1-model_v4 Nickel-responsive regulator	4.021E-01	0.277	43	1	150	380	1	130	133	156	0.395	0.977
LOKIASV2_2518_ESMFold_hypothetical_protein	AF-P47236-F1-model_v4	AF-P47236-F1-model_v4 Paired box protein Pax-1	3.067E+00	0.277	43	212	261	380	14	63	203	50	0.132	0.246
LOKIASV2_2518_ESMFold_hypothetical_protein	AF-Q30QR5-F1-model_v4	AF-Q30QR5-F1-model_v4 Probable transcriptional regulatory protein Suden_1389	1.256E-02	0.277	43	10	147	380	23	200	236	197	0.363	0.754
LOKIASV2_2518_ESMFold_hypothetical_protein	AF-Q67QQ4-F1-model_v4	AF-Q67QQ4-F1-model_v4 Probable transcriptional regulatory protein STH1004	7.105E-02	0.277	43	10	153	380	25	206	242	198	0.379	0.752
LOKIASV2_2518_ESMFold_hypothetical_protein	AF-Q3ABX7-F1-model_v4	AF-Q3ABX7-F1-model_v4 Probable transcriptional regulatory protein CHY_1525	9.580E-02	0.277	43	10	153	380	27	209	244	201	0.379	0.750
LOKIASV2_2518_ESMFold_hypothetical_protein	AF-Q8F839-F1-model_v4	AF-Q8F839-F1-model_v4 Probable transcriptional regulatory protein LA_0720	1.595E-02	0.277	43	11	174	380	22	229	249	227	0.432	0.835
LOKIASV2_2518_ESMFold_hypothetical_protein	AF-Q0AX12-F1-model_v4	AF-Q0AX12-F1-model_v4 Probable transcriptional regulatory protein Swol_1435	2.899E-02	0.277	43	10	153	380	27	209	251	200	0.379	0.729
LOKIASV2_2518_ESMFold_hypothetical_protein	AF-O27363-F1-model_v4	AF-O27363-F1-model_v4 Translation initiation factor 2 subunit alpha	4.964E-02	0.277	43	11	150	380	105	259	262	177	0.368	0.592
LOKIASV2_2518_ESMFold_hypothetical_protein	AF-A2BX81-F1-model_v4	AF-A2BX81-F1-model_v4 tRNA uridine(34) hydroxylase	2.982E-01	0.277	43	66	148	380	3	78	310	90	0.218	0.245
LOKIASV2_2518_ESMFold_hypothetical_protein	AF-Q8CVK0-F1-model_v4	AF-Q8CVK0-F1-model_v4 Protein CbrA	1.456E-01	0.277	43	261	360	380	141	253	366	123	0.263	0.309
LOKIASV2_2518_ESMFold_hypothetical_protein	AF-Q1CI51-F1-model_v4	AF-Q1CI51-F1-model_v4 Peptidase T	3.568E-01	0.277	43	53	150	380	205	317	411	123	0.258	0.275
LOKIASV2_2518_ESMFold_hypothetical_protein	AF-Q669P7-F1-model_v4	AF-Q669P7-F1-model_v4 Peptidase T	3.568E-01	0.277	43	53	150	380	205	317	411	123	0.258	0.275
LOKIASV2_2518_ESMFold_hypothetical_protein	AF-Q2A1P9-F1-model_v4	AF-Q2A1P9-F1-model_v4 Glutamyl-tRNA reductase	1.545E-01	0.277	43	69	192	380	2	153	414	165	0.326	0.367
LOKIASV2_2518_ESMFold_hypothetical_protein	AF-Q4J8P9-F1-model_v4	AF-Q4J8P9-F1-model_v4 Phenylalanine--tRNA ligase alpha subunit	2.731E-02	0.277	43	7	190	380	1	154	465	197	0.484	0.331
LOKIASV2_2518_ESMFold_hypothetical_protein	AF-A3CT76-F1-model_v4	AF-A3CT76-F1-model_v4 Phenylalanine--tRNA ligase alpha subunit	8.501E-02	0.277	43	6	148	380	1	162	481	184	0.376	0.337
LOKIASV2_2518_ESMFold_hypothetical_protein	AF-Q94AC1-F1-model_v4	AF-Q94AC1-F1-model_v4 Rhodanese-like domain-containing protein 6	7.309E-01	0.277	43	67	150	380	18	94	581	90	0.221	0.133
LOKIASV2_2518_ESMFold_hypothetical_protein	AF-C3NED6-F1-model_v4	AF-C3NED6-F1-model_v4 Elongation factor 2	2.090E-03	0.277	43	65	380	380	392	725	736	381	0.832	0.454
LOKIASV2_2518_ESMFold_hypothetical_protein	AF-Q8K440-F1-model_v4	AF-Q8K440-F1-model_v4 ABC-type organic anion transporter ABCA8B	4.268E-01	0.277	43	61	202	380	1503	1614	1620	142	0.374	0.069
LOKIASV2_2518_ESMFold_hypothetical_protein	AF-E9PU17-F1-model_v4	AF-E9PU17-F1-model_v4 ATP-binding cassette sub-family A member 17	3.682E-02	0.277	43	61	232	380	745	903	1773	196	0.453	0.090
LOKIASV2_2518_ESMFold_hypothetical_protein	AF-P73406-F1-model_v4	AF-P73406-F1-model_v4 Carboxysome shell protein CcmK3	1.902E+00	0.254	42	67	150	380	2	80	103	86	0.221	0.767
LOKIASV2_2518_ESMFold_hypothetical_protein	AF-D4I1C3-F1-model_v4	AF-D4I1C3-F1-model_v4 Modulator protein MzrA	5.755E-01	0.254	42	39	150	380	17	111	130	112	0.295	0.731
LOKIASV2_2518_ESMFold_hypothetical_protein	AF-Q58898-F1-model_v4	AF-Q58898-F1-model_v4 Uncharacterized protein MJ1503	5.106E-01	0.254	42	217	341	380	25	110	132	125	0.329	0.652
LOKIASV2_2518_ESMFold_hypothetical_protein	AF-P75679-F1-model_v4	AF-P75679-F1-model_v4 Putative transposase InsN for insertion sequence element IS911A	2.275E+00	0.254	42	210	261	380	11	64	134	54	0.137	0.403
LOKIASV2_2518_ESMFold_hypothetical_protein	AF-B9JL06-F1-model_v4	AF-B9JL06-F1-model_v4 Putative nickel-responsive regulator	1.371E-01	0.254	42	1	150	380	2	131	145	155	0.395	0.897
LOKIASV2_2518_ESMFold_hypothetical_protein	AF-B2UVA2-F1-model_v4	AF-B2UVA2-F1-model_v4 Putative nickel-responsive regulator	1.545E-01	0.254	42	1	150	380	11	142	148	159	0.395	0.892
LOKIASV2_2518_ESMFold_hypothetical_protein	AF-Q8RDM5-F1-model_v4	AF-Q8RDM5-F1-model_v4 UPF0735 ACT domain-containing protein FN1487	9.024E-02	0.254	42	198	353	380	3	150	153	171	0.411	0.967
LOKIASV2_2518_ESMFold_hypothetical_protein	AF-B9MQH7-F1-model_v4	AF-B9MQH7-F1-model_v4 Probable transcriptional regulatory protein Athe_0816	6.693E-02	0.254	42	10	153	380	27	207	243	194	0.379	0.745
LOKIASV2_2518_ESMFold_hypothetical_protein	AF-A9WIH5-F1-model_v4	AF-A9WIH5-F1-model_v4 Probable transcriptional regulatory protein Caur_1043	3.468E-02	0.254	42	2	177	380	11	230	252	240	0.463	0.873
LOKIASV2_2518_ESMFold_hypothetical_protein	AF-Q7V100-F1-model_v4	AF-Q7V100-F1-model_v4 tRNA uridine(34) hydroxylase	3.787E-01	0.254	42	66	148	380	3	78	310	90	0.218	0.245
LOKIASV2_2518_ESMFold_hypothetical_protein	AF-Q02YX4-F1-model_v4	AF-Q02YX4-F1-model_v4 tRNA uridine(34) hydroxylase	1.497E+00	0.254	42	66	148	380	2	79	319	84	0.218	0.245
LOKIASV2_2518_ESMFold_hypothetical_protein	AF-A7ZTP5-F1-model_v4	AF-A7ZTP5-F1-model_v4 Protein CbrA	1.849E-01	0.254	42	261	360	380	141	253	354	123	0.263	0.319
LOKIASV2_2518_ESMFold_hypothetical_protein	AF-Q1R4P6-F1-model_v4	AF-Q1R4P6-F1-model_v4 Protein CbrA	1.849E-01	0.254	42	261	360	380	141	253	366	123	0.263	0.309
LOKIASV2_2518_ESMFold_hypothetical_protein	AF-Q976H4-F1-model_v4	AF-Q976H4-F1-model_v4 Glutamyl-tRNA reductase	2.348E-01	0.254	42	65	192	380	8	127	412	147	0.337	0.291
LOKIASV2_2518_ESMFold_hypothetical_protein	AF-B2SFF5-F1-model_v4	AF-B2SFF5-F1-model_v4 Glutamyl-tRNA reductase	1.849E-01	0.254	42	69	192	380	2	153	414	165	0.326	0.367
LOKIASV2_2518_ESMFold_hypothetical_protein	AF-Q9HP72-F1-model_v4	AF-Q9HP72-F1-model_v4 Glutamyl-tRNA reductase	1.371E-01	0.254	42	64	169	380	2	101	436	120	0.279	0.229
LOKIASV2_2518_ESMFold_hypothetical_protein	AF-Q72C23-F1-model_v4	AF-Q72C23-F1-model_v4 Glutamyl-tRNA reductase	8.007E-02	0.254	42	68	237	380	3	181	440	199	0.447	0.407
LOKIASV2_2518_ESMFold_hypothetical_protein	AF-F4I933-F1-model_v4	AF-F4I933-F1-model_v4 Rhodanese-like domain-containing protein 8, chloroplastic	1.046E+00	0.254	42	66	150	380	80	157	448	88	0.224	0.174
LOKIASV2_2518_ESMFold_hypothetical_protein	AF-A4JK94-F1-model_v4	AF-A4JK94-F1-model_v4 Acylphosphatase	8.237E-01	0.233	41	63	148	380	4	83	98	90	0.226	0.816
LOKIASV2_2518_ESMFold_hypothetical_protein	AF-B1LIE4-F1-model_v4	AF-B1LIE4-F1-model_v4 Nickel-responsive regulator	5.106E-01	0.233	41	1	150	380	1	130	133	157	0.395	0.977
LOKIASV2_2518_ESMFold_hypothetical_protein	AF-B2TPC6-F1-model_v4	AF-B2TPC6-F1-model_v4 UPF0735 ACT domain-containing protein CLL_A2896	7.543E-02	0.233	41	210	354	380	7	143	145	161	0.382	0.945
LOKIASV2_2518_ESMFold_hypothetical_protein	AF-P97247-F1-model_v4	AF-P97247-F1-model_v4 Uncharacterized HTH-type transcriptional regulator YsmB	4.268E-01	0.233	41	215	341	380	34	120	146	128	0.334	0.596
LOKIASV2_2518_ESMFold_hypothetical_protein	AF-A7Z311-F1-model_v4	AF-A7Z311-F1-model_v4 HTH-type transcriptional regulator Hpr	3.166E-01	0.233	41	8	137	380	44	134	203	136	0.342	0.448
LOKIASV2_2518_ESMFold_hypothetical_protein	AF-Q64T66-F1-model_v4	AF-Q64T66-F1-model_v4 Probable transcriptional regulatory protein BF2564	4.964E-02	0.233	41	10	153	380	21	205	245	198	0.379	0.755
LOKIASV2_2518_ESMFold_hypothetical_protein	AF-Q1RHB4-F1-model_v4	AF-Q1RHB4-F1-model_v4 tRNA uridine(34) hydroxylase	8.237E-01	0.233	41	67	148	380	2	77	247	85	0.216	0.308
LOKIASV2_2518_ESMFold_hypothetical_protein	AF-B0BW95-F1-model_v4	AF-B0BW95-F1-model_v4 tRNA uridine(34) hydroxylase	1.252E+00	0.233	41	67	148	380	3	77	247	85	0.216	0.304
LOKIASV2_2518_ESMFold_hypothetical_protein	AF-B8G4I7-F1-model_v4	AF-B8G4I7-F1-model_v4 Probable transcriptional regulatory protein Cagg_2594	3.078E-02	0.233	41	5	186	380	14	251	252	259	0.479	0.944
LOKIASV2_2518_ESMFold_hypothetical_protein	AF-B0TF65-F1-model_v4	AF-B0TF65-F1-model_v4 Probable transcriptional regulatory protein Helmi_17570	5.595E-02	0.233	41	10	172	380	21	234	255	228	0.429	0.839
LOKIASV2_2518_ESMFold_hypothetical_protein	AF-A5CS09-F1-model_v4	AF-A5CS09-F1-model_v4 Probable transcriptional regulatory protein CMM_1817	5.595E-02	0.233	41	10	150	380	23	205	255	203	0.371	0.718
LOKIASV2_2518_ESMFold_hypothetical_protein	AF-Q31LZ7-F1-model_v4	AF-Q31LZ7-F1-model_v4 tRNA uridine(34) hydroxylase	9.854E-01	0.233	41	69	148	380	2	75	269	84	0.211	0.275
LOKIASV2_2518_ESMFold_hypothetical_protein	AF-Q5MZX7-F1-model_v4	AF-Q5MZX7-F1-model_v4 tRNA uridine(34) hydroxylase	9.854E-01	0.233	41	69	148	380	2	75	269	84	0.211	0.275
LOKIASV2_2518_ESMFold_hypothetical_protein	AF-E1RHR2-F1-model_v4	AF-E1RHR2-F1-model_v4 Protein-export membrane protein SecF	4.021E-01	0.233	41	275	379	380	49	126	282	105	0.276	0.277
LOKIASV2_2518_ESMFold_hypothetical_protein	AF-B0BA81-F1-model_v4	AF-B0BA81-F1-model_v4 tRNA uridine(34) hydroxylase	1.589E+00	0.233	41	66	148	380	2	77	327	85	0.218	0.232
LOKIASV2_2518_ESMFold_hypothetical_protein	AF-Q329C3-F1-model_v4	AF-Q329C3-F1-model_v4 Protein CbrA	1.963E-01	0.233	41	261	360	380	141	253	354	123	0.263	0.319
LOKIASV2_2518_ESMFold_hypothetical_protein	AF-A8GCZ9-F1-model_v4	AF-A8GCZ9-F1-model_v4 tRNA uridine(34) hydroxylase	1.410E+00	0.233	41	61	148	380	14	97	356	91	0.232	0.236
LOKIASV2_2518_ESMFold_hypothetical_protein	AF-P94536-F1-model_v4	AF-P94536-F1-model_v4 Uncharacterized protein YsfB	8.007E-02	0.233	41	43	260	380	145	342	368	242	0.574	0.538
LOKIASV2_2518_ESMFold_hypothetical_protein	AF-Q8CSM6-F1-model_v4	AF-Q8CSM6-F1-model_v4 Uncharacterized hydrolase SE_1078	6.109E-01	0.233	41	56	148	380	178	285	383	118	0.245	0.282
LOKIASV2_2518_ESMFold_hypothetical_protein	AF-C6DFW1-F1-model_v4	AF-C6DFW1-F1-model_v4 Peptidase T	5.421E-01	0.233	41	53	150	380	205	317	410	123	0.258	0.276
LOKIASV2_2518_ESMFold_hypothetical_protein	AF-A7FH54-F1-model_v4	AF-A7FH54-F1-model_v4 Peptidase T	4.810E-01	0.233	41	53	150	380	205	317	411	123	0.258	0.275
LOKIASV2_2518_ESMFold_hypothetical_protein	AF-Q8F983-F1-model_v4	AF-Q8F983-F1-model_v4 Elongation factor G	5.774E-03	0.233	41	67	380	380	411	701	706	381	0.826	0.412
LOKIASV2_2518_ESMFold_hypothetical_protein	AF-A3CXM8-F1-model_v4	AF-A3CXM8-F1-model_v4 Elongation factor 2	2.992E-03	0.233	41	65	380	380	388	719	730	390	0.832	0.455
LOKIASV2_2518_ESMFold_hypothetical_protein	AF-C3MQ53-F1-model_v4	AF-C3MQ53-F1-model_v4 Elongation factor 2	2.992E-03	0.233	41	65	380	380	392	725	736	380	0.832	0.454
LOKIASV2_2518_ESMFold_hypothetical_protein	AF-P34358-F1-model_v4	AF-P34358-F1-model_v4 ABC transporter ced-7	1.456E-01	0.233	41	61	231	380	764	928	1704	195	0.450	0.097
LOKIASV2_2518_ESMFold_hypothetical_protein	AF-Q5PGB8-F1-model_v4	AF-Q5PGB8-F1-model_v4 Acylphosphatase	1.046E+00	0.214	40	69	150	380	3	79	93	85	0.216	0.828
LOKIASV2_2518_ESMFold_hypothetical_protein	AF-B7LSV6-F1-model_v4	AF-B7LSV6-F1-model_v4 Nickel-responsive regulator	2.493E-01	0.214	40	1	150	380	1	130	133	157	0.395	0.977
LOKIASV2_2518_ESMFold_hypothetical_protein	AF-A4W9Y8-F1-model_v4	AF-A4W9Y8-F1-model_v4 Nickel-responsive regulator	2.493E-01	0.214	40	1	150	380	1	130	133	161	0.395	0.977
LOKIASV2_2518_ESMFold_hypothetical_protein	AF-Q1CRS0-F1-model_v4	AF-Q1CRS0-F1-model_v4 Putative nickel-responsive regulator	2.493E-01	0.214	40	1	150	380	11	142	148	159	0.395	0.892
LOKIASV2_2518_ESMFold_hypothetical_protein	AF-P76066-F1-model_v4	AF-P76066-F1-model_v4 Protein YdaW	6.109E-01	0.214	40	166	261	380	19	121	186	110	0.253	0.554
LOKIASV2_2518_ESMFold_hypothetical_protein	AF-Q65LS8-F1-model_v4	AF-Q65LS8-F1-model_v4 HTH-type transcriptional regulator Hpr	3.166E-01	0.214	40	8	137	380	44	134	206	137	0.342	0.442
LOKIASV2_2518_ESMFold_hypothetical_protein	AF-Q7MRV4-F1-model_v4	AF-Q7MRV4-F1-model_v4 Probable transcriptional regulatory protein WS1016	5.595E-02	0.214	40	10	147	380	23	201	237	191	0.363	0.755
LOKIASV2_2518_ESMFold_hypothetical_protein	AF-Q7MXR6-F1-model_v4	AF-Q7MXR6-F1-model_v4 Probable transcriptional regulatory protein PG_0097	7.543E-02	0.214	40	9	153	380	18	204	242	200	0.382	0.773
LOKIASV2_2518_ESMFold_hypothetical_protein	AF-O29723-F1-model_v4	AF-O29723-F1-model_v4 Translation initiation factor 2 subunit alpha	2.982E-01	0.214	40	37	150	380	161	264	267	120	0.300	0.390
LOKIASV2_2518_ESMFold_hypothetical_protein	AF-Q07K69-F1-model_v4	AF-Q07K69-F1-model_v4 Urease accessory protein UreD	1.046E+00	0.214	40	82	137	380	225	277	286	57	0.147	0.185
LOKIASV2_2518_ESMFold_hypothetical_protein	AF-Q9Z7H1-F1-model_v4	AF-Q9Z7H1-F1-model_v4 tRNA uridine(34) hydroxylase	2.415E+00	0.214	40	66	150	380	2	81	324	89	0.224	0.247
LOKIASV2_2518_ESMFold_hypothetical_protein	AF-Q0SYN3-F1-model_v4	AF-Q0SYN3-F1-model_v4 Protein CbrA	2.493E-01	0.214	40	261	360	380	141	253	366	123	0.263	0.309
LOKIASV2_2518_ESMFold_hypothetical_protein	AF-A1AHM5-F1-model_v4	AF-A1AHM5-F1-model_v4 Protein CbrA	2.348E-01	0.214	40	261	360	380	141	253	366	123	0.263	0.309
LOKIASV2_2518_ESMFold_hypothetical_protein	AF-Q0TB17-F1-model_v4	AF-Q0TB17-F1-model_v4 Protein CbrA	2.493E-01	0.214	40	261	360	380	141	253	366	123	0.263	0.309
LOKIASV2_2518_ESMFold_hypothetical_protein	AF-A4TLP0-F1-model_v4	AF-A4TLP0-F1-model_v4 Peptidase T	3.787E-01	0.214	40	53	150	380	205	317	411	123	0.258	0.275
LOKIASV2_2518_ESMFold_hypothetical_protein	AF-A9R0M2-F1-model_v4	AF-A9R0M2-F1-model_v4 Peptidase T	3.787E-01	0.214	40	53	150	380	205	317	411	123	0.258	0.275
LOKIASV2_2518_ESMFold_hypothetical_protein	AF-A0Q845-F1-model_v4	AF-A0Q845-F1-model_v4 Glutamyl-tRNA reductase	2.493E-01	0.214	40	69	192	380	2	153	414	165	0.326	0.367
LOKIASV2_2518_ESMFold_hypothetical_protein	AF-A2ST81-F1-model_v4	AF-A2ST81-F1-model_v4 Phenylalanine--tRNA ligase alpha subunit	2.423E-02	0.214	40	6	240	380	1	234	474	281	0.618	0.494
LOKIASV2_2518_ESMFold_hypothetical_protein	AF-Q0W0X9-F1-model_v4	AF-Q0W0X9-F1-model_v4 Phenylalanine--tRNA ligase alpha subunit	9.580E-02	0.214	40	6	148	380	1	170	495	187	0.376	0.343
LOKIASV2_2518_ESMFold_hypothetical_protein	AF-Q4W5G0-F1-model_v4	AF-Q4W5G0-F1-model_v4 Tigger transposable element-derived protein 2	2.019E+00	0.214	40	1	51	380	1	51	525	53	0.134	0.097
LOKIASV2_2518_ESMFold_hypothetical_protein	AF-Q8XBY1-F1-model_v4	AF-Q8XBY1-F1-model_v4 Cation efflux system protein CusA	1.371E-01	0.214	40	12	156	380	2	143	1045	160	0.382	0.136
LOKIASV2_2518_ESMFold_hypothetical_protein	AF-Q9CGZ6-F1-model_v4	AF-Q9CGZ6-F1-model_v4 UPF0237 protein YjhC	8.237E-01	0.196	39	68	148	380	2	75	87	86	0.213	0.851
LOKIASV2_2518_ESMFold_hypothetical_protein	AF-Q0B602-F1-model_v4	AF-Q0B602-F1-model_v4 Acylphosphatase	9.282E-01	0.196	39	63	148	380	4	83	98	90	0.226	0.816
LOKIASV2_2518_ESMFold_hypothetical_protein	AF-Q8J1F7-F1-model_v4	AF-Q8J1F7-F1-model_v4 UPF0045 protein ECM15	9.854E-01	0.196	39	275	380	380	3	105	105	112	0.279	0.981
LOKIASV2_2518_ESMFold_hypothetical_protein	AF-E3G1S2-F1-model_v4	AF-E3G1S2-F1-model_v4 Modulator protein MzrA	2.348E-01	0.196	39	39	150	380	12	107	127	115	0.295	0.756
LOKIASV2_2518_ESMFold_hypothetical_protein	AF-Q748M1-F1-model_v4	AF-Q748M1-F1-model_v4 Putative nickel-responsive regulator	4.810E-01	0.196	39	36	150	380	11	131	139	135	0.303	0.871
LOKIASV2_2518_ESMFold_hypothetical_protein	AF-A2RNS2-F1-model_v4	AF-A2RNS2-F1-model_v4 Transcriptional regulator ZitR	2.809E-01	0.196	39	1	192	380	28	143	145	193	0.505	0.800
LOKIASV2_2518_ESMFold_hypothetical_protein	AF-P75306-F1-model_v4	AF-P75306-F1-model_v4 Probable transcriptional regulatory protein MPN_478	6.305E-02	0.196	39	1	187	380	1	219	235	250	0.492	0.932
LOKIASV2_2518_ESMFold_hypothetical_protein	AF-A4XI43-F1-model_v4	AF-A4XI43-F1-model_v4 Probable transcriptional regulatory protein Csac_0964	7.543E-02	0.196	39	10	153	380	21	207	242	201	0.379	0.773
LOKIASV2_2518_ESMFold_hypothetical_protein	AF-A5I6F4-F1-model_v4	AF-A5I6F4-F1-model_v4 Probable transcriptional regulatory protein CBO3073/CLC_2975	8.501E-02	0.196	39	10	153	380	27	207	246	197	0.379	0.736
LOKIASV2_2518_ESMFold_hypothetical_protein	AF-Q89UG4-F1-model_v4	AF-Q89UG4-F1-model_v4 Urease accessory protein UreD	3.256E+00	0.196	39	82	134	380	215	267	276	54	0.139	0.192
LOKIASV2_2518_ESMFold_hypothetical_protein	AF-Q5PBC6-F1-model_v4	AF-Q5PBC6-F1-model_v4 tRNA uridine(34) hydroxylase	1.252E+00	0.196	39	65	148	380	4	82	277	88	0.221	0.285
LOKIASV2_2518_ESMFold_hypothetical_protein	AF-B1VHR9-F1-model_v4	AF-B1VHR9-F1-model_v4 tRNA uridine(34) hydroxylase	9.854E-01	0.196	39	64	150	380	7	85	297	91	0.229	0.266
LOKIASV2_2518_ESMFold_hypothetical_protein	AF-P9WHM2-F1-model_v4	AF-P9WHM2-F1-model_v4 Formyltetrahydrofolate deformylase	8.237E-01	0.196	39	66	151	380	27	112	310	92	0.226	0.277
LOKIASV2_2518_ESMFold_hypothetical_protein	AF-Q9EQ80-F1-model_v4	AF-Q9EQ80-F1-model_v4 NIF3-like protein 1	3.361E-01	0.196	39	66	150	380	163	238	376	92	0.224	0.202
LOKIASV2_2518_ESMFold_hypothetical_protein	AF-Q58782-F1-model_v4	AF-Q58782-F1-model_v4 Putative nickel insertion protein	3.166E-01	0.196	39	66	191	380	237	378	379	158	0.332	0.375
LOKIASV2_2518_ESMFold_hypothetical_protein	AF-Q5HPE4-F1-model_v4	AF-Q5HPE4-F1-model_v4 Uncharacterized hydrolase SERP0968	6.885E-01	0.196	39	56	148	380	178	285	383	118	0.245	0.282
LOKIASV2_2518_ESMFold_hypothetical_protein	AF-Q6D4E3-F1-model_v4	AF-Q6D4E3-F1-model_v4 Peptidase T	5.755E-01	0.196	39	53	150	380	205	317	410	123	0.258	0.276
LOKIASV2_2518_ESMFold_hypothetical_protein	AF-A6GVP1-F1-model_v4	AF-A6GVP1-F1-model_v4 Glutamyl-tRNA reductase	4.810E-01	0.196	39	68	167	380	10	106	413	110	0.263	0.235
LOKIASV2_2518_ESMFold_hypothetical_protein	AF-A5CW97-F1-model_v4	AF-A5CW97-F1-model_v4 Glutamyl-tRNA reductase	8.501E-02	0.196	39	68	246	380	2	161	416	205	0.471	0.385
LOKIASV2_2518_ESMFold_hypothetical_protein	AF-Q63QF1-F1-model_v4	AF-Q63QF1-F1-model_v4 Glutamyl-tRNA reductase	4.810E-01	0.196	39	67	195	380	8	148	441	157	0.339	0.320
LOKIASV2_2518_ESMFold_hypothetical_protein	AF-A4VFY3-F1-model_v4	AF-A4VFY3-F1-model_v4 Aspartate kinase Ask_Ect	1.179E+00	0.196	39	67	148	380	326	398	476	84	0.216	0.153
LOKIASV2_2518_ESMFold_hypothetical_protein	AF-Q9UYX3-F1-model_v4	AF-Q9UYX3-F1-model_v4 Phenylalanine--tRNA ligase alpha subunit	1.371E-01	0.196	39	6	148	380	1	179	500	196	0.376	0.358
LOKIASV2_2518_ESMFold_hypothetical_protein	AF-O23653-F1-model_v4	AF-O23653-F1-model_v4 Aspartokinase 2, chloroplastic	4.531E-01	0.196	39	56	175	380	390	502	544	129	0.316	0.208
LOKIASV2_2518_ESMFold_hypothetical_protein	AF-Q9FLT5-F1-model_v4	AF-Q9FLT5-F1-model_v4 ABC transporter A family member 9	6.109E-01	0.196	39	277	376	380	759	846	950	105	0.263	0.093
LOKIASV2_2518_ESMFold_hypothetical_protein	AF-A0A0G2K1Q8-F1-model_v4	AF-A0A0G2K1Q8-F1-model_v4 Phospholipid-transporting ATPase ABCA3	4.676E-02	0.196	39	61	232	380	750	916	1704	191	0.453	0.098
LOKIASV2_2518_ESMFold_hypothetical_protein	AF-Q60386-F1-model_v4	AF-Q60386-F1-model_v4 Uncharacterized transcriptional regulator MJ0080	1.456E-01	0.179	38	1	147	380	1	124	127	152	0.387	0.976
LOKIASV2_2518_ESMFold_hypothetical_protein	AF-B7L5T4-F1-model_v4	AF-B7L5T4-F1-model_v4 Nickel-responsive regulator	4.531E-01	0.179	38	1	150	380	1	130	133	157	0.395	0.977
LOKIASV2_2518_ESMFold_hypothetical_protein	AF-C3MQC7-F1-model_v4	AF-C3MQC7-F1-model_v4 Putative nickel-responsive regulator	6.485E-01	0.179	38	1	150	380	4	129	133	156	0.395	0.947
LOKIASV2_2518_ESMFold_hypothetical_protein	AF-B5R3Y5-F1-model_v4	AF-B5R3Y5-F1-model_v4 Nickel-responsive regulator	4.810E-01	0.179	38	1	150	380	1	130	133	157	0.395	0.977
LOKIASV2_2518_ESMFold_hypothetical_protein	AF-P9WMF1-F1-model_v4	AF-P9WMF1-F1-model_v4 Uncharacterized HTH-type transcriptional regulator Rv0880	7.309E-01	0.179	38	217	341	380	32	116	143	126	0.329	0.594
LOKIASV2_2518_ESMFold_hypothetical_protein	AF-P9WMF0-F1-model_v4	AF-P9WMF0-F1-model_v4 Uncharacterized HTH-type transcriptional regulator MT0903.1	7.759E-01	0.179	38	217	341	380	32	116	143	126	0.329	0.594
LOKIASV2_2518_ESMFold_hypothetical_protein	AF-P37372-F1-model_v4	AF-P37372-F1-model_v4 Uncharacterized protein Synpcc7942_2318	1.791E+00	0.179	38	67	150	380	6	96	208	95	0.221	0.438
LOKIASV2_2518_ESMFold_hypothetical_protein	AF-B5ZBA5-F1-model_v4	AF-B5ZBA5-F1-model_v4 Probable transcriptional regulatory protein UUR10_0292	1.080E-01	0.179	38	10	176	380	24	220	236	215	0.439	0.835
LOKIASV2_2518_ESMFold_hypothetical_protein	AF-A6LBD0-F1-model_v4	AF-A6LBD0-F1-model_v4 Probable transcriptional regulatory protein BDI_1233	1.963E-01	0.179	38	10	153	380	25	204	243	193	0.379	0.741
LOKIASV2_2518_ESMFold_hypothetical_protein	AF-Q8EPQ4-F1-model_v4	AF-Q8EPQ4-F1-model_v4 Probable transcriptional regulatory protein OB2038	2.493E-01	0.179	38	220	355	380	28	206	243	189	0.358	0.737
LOKIASV2_2518_ESMFold_hypothetical_protein	AF-B1L0B5-F1-model_v4	AF-B1L0B5-F1-model_v4 Probable transcriptional regulatory protein CLK_2466	1.080E-01	0.179	38	10	153	380	27	207	246	197	0.379	0.736
LOKIASV2_2518_ESMFold_hypothetical_protein	AF-C3KTD5-F1-model_v4	AF-C3KTD5-F1-model_v4 Probable transcriptional regulatory protein CLJ_B3338	1.217E-01	0.179	38	10	153	380	27	207	246	195	0.379	0.736
LOKIASV2_2518_ESMFold_hypothetical_protein	AF-A7FY22-F1-model_v4	AF-A7FY22-F1-model_v4 Probable transcriptional regulatory protein CLB_3102	1.292E-01	0.179	38	10	153	380	27	207	246	195	0.379	0.736
LOKIASV2_2518_ESMFold_hypothetical_protein	AF-B0REB7-F1-model_v4	AF-B0REB7-F1-model_v4 Probable transcriptional regulatory protein CMS0715	1.371E-01	0.179	38	10	150	380	23	205	255	200	0.371	0.718
LOKIASV2_2518_ESMFold_hypothetical_protein	AF-O31769-F1-model_v4	AF-O31769-F1-model_v4 Uncharacterized protein YmfK	6.485E-01	0.179	38	65	150	380	7	83	269	90	0.226	0.286
LOKIASV2_2518_ESMFold_hypothetical_protein	AF-Q6ML86-F1-model_v4	AF-Q6ML86-F1-model_v4 tRNA uridine(34) hydroxylase	7.759E-01	0.179	38	66	148	380	4	82	350	92	0.218	0.226
LOKIASV2_2518_ESMFold_hypothetical_protein	AF-Q8NWS3-F1-model_v4	AF-Q8NWS3-F1-model_v4 Uncharacterized hydrolase MW1286	7.759E-01	0.179	38	67	148	380	177	285	383	109	0.216	0.285
LOKIASV2_2518_ESMFold_hypothetical_protein	AF-P55455-F1-model_v4	AF-P55455-F1-model_v4 Uncharacterized protein y4fQ	3.568E-01	0.179	38	215	354	380	5	107	392	153	0.368	0.263
LOKIASV2_2518_ESMFold_hypothetical_protein	AF-Q04795-F1-model_v4	AF-Q04795-F1-model_v4 Aspartokinase 1	1.252E+00	0.179	38	56	150	380	265	337	404	95	0.250	0.181
LOKIASV2_2518_ESMFold_hypothetical_protein	AF-B2K719-F1-model_v4	AF-B2K719-F1-model_v4 Peptidase T	4.021E-01	0.179	38	53	150	380	205	317	411	124	0.258	0.275
LOKIASV2_2518_ESMFold_hypothetical_protein	AF-B0R6C0-F1-model_v4	AF-B0R6C0-F1-model_v4 Glutamyl-tRNA reductase	2.982E-01	0.179	38	66	169	380	4	101	436	115	0.274	0.225
LOKIASV2_2518_ESMFold_hypothetical_protein	AF-D3V7P3-F1-model_v4	AF-D3V7P3-F1-model_v4 Multidrug resistance protein MdtB	3.361E-01	0.179	38	64	171	380	48	168	1056	122	0.284	0.115
LOKIASV2_2518_ESMFold_hypothetical_protein	AF-A1UED9-F1-model_v4	AF-A1UED9-F1-model_v4 Acylphosphatase	1.410E+00	0.164	37	66	148	380	3	79	94	86	0.218	0.819
LOKIASV2_2518_ESMFold_hypothetical_protein	AF-A0B3Q5-F1-model_v4	AF-A0B3Q5-F1-model_v4 Acylphosphatase	1.410E+00	0.164	37	63	150	380	4	85	98	92	0.232	0.837
LOKIASV2_2518_ESMFold_hypothetical_protein	AF-A6TED5-F1-model_v4	AF-A6TED5-F1-model_v4 Modulator protein MzrA	3.787E-01	0.164	37	39	150	380	13	108	128	114	0.295	0.750
LOKIASV2_2518_ESMFold_hypothetical_protein	AF-B2VDB4-F1-model_v4	AF-B2VDB4-F1-model_v4 Modulator protein MzrA	7.759E-01	0.164	37	39	148	380	19	109	130	112	0.289	0.700
LOKIASV2_2518_ESMFold_hypothetical_protein	AF-C3NEK4-F1-model_v4	AF-C3NEK4-F1-model_v4 Putative nickel-responsive regulator	6.109E-01	0.164	37	1	150	380	4	129	133	156	0.395	0.947
LOKIASV2_2518_ESMFold_hypothetical_protein	AF-C3N649-F1-model_v4	AF-C3N649-F1-model_v4 Putative nickel-responsive regulator	8.237E-01	0.164	37	1	150	380	4	129	133	156	0.395	0.947
LOKIASV2_2518_ESMFold_hypothetical_protein	AF-Q9UX49-F1-model_v4	AF-Q9UX49-F1-model_v4 Putative nickel-responsive regulator	8.744E-01	0.164	37	1	150	380	4	129	133	156	0.395	0.947
LOKIASV2_2518_ESMFold_hypothetical_protein	AF-C4XJB6-F1-model_v4	AF-C4XJB6-F1-model_v4 Putative nickel-responsive regulator	2.809E-01	0.164	37	1	150	380	1	131	139	160	0.395	0.942
LOKIASV2_2518_ESMFold_hypothetical_protein	AF-Q5XEA3-F1-model_v4	AF-Q5XEA3-F1-model_v4 Transcriptional regulator AdcR	3.361E-01	0.164	37	1	192	380	29	144	147	192	0.505	0.789
LOKIASV2_2518_ESMFold_hypothetical_protein	AF-Q57973-F1-model_v4	AF-Q57973-F1-model_v4 Acylphosphatase-like protein MJ0553	1.589E+00	0.164	37	67	148	380	2	81	153	91	0.216	0.523
LOKIASV2_2518_ESMFold_hypothetical_protein	AF-A4J533-F1-model_v4	AF-A4J533-F1-model_v4 Probable transcriptional regulatory protein Dred_1658	2.646E-01	0.164	37	10	153	380	27	208	242	195	0.379	0.752
LOKIASV2_2518_ESMFold_hypothetical_protein	AF-A5D3F8-F1-model_v4	AF-A5D3F8-F1-model_v4 Probable transcriptional regulatory protein PTH_1024	2.493E-01	0.164	37	220	380	380	28	229	243	216	0.424	0.831
LOKIASV2_2518_ESMFold_hypothetical_protein	AF-Q2NE59-F1-model_v4	AF-Q2NE59-F1-model_v4 Translation initiation factor 2 subunit alpha	1.217E-01	0.164	37	11	150	380	123	256	260	158	0.368	0.515
LOKIASV2_2518_ESMFold_hypothetical_protein	AF-Q1QV72-F1-model_v4	AF-Q1QV72-F1-model_v4 Ribosomal protein L11 methyltransferase	1.410E+00	0.164	37	68	148	380	2	91	299	98	0.213	0.301
LOKIASV2_2518_ESMFold_hypothetical_protein	AF-E9RGS4-F1-model_v4	AF-E9RGS4-F1-model_v4 Protein translocase subunit SecF	9.854E-01	0.164	37	64	150	380	45	127	315	95	0.229	0.263
LOKIASV2_2518_ESMFold_hypothetical_protein	AF-Q83IZ5-F1-model_v4	AF-Q83IZ5-F1-model_v4 Protein CbrA	1.640E-01	0.164	37	261	379	380	141	299	366	169	0.313	0.434
LOKIASV2_2518_ESMFold_hypothetical_protein	AF-A3MW83-F1-model_v4	AF-A3MW83-F1-model_v4 Glutamyl-tRNA reductase 1	5.755E-01	0.164	37	65	191	380	2	114	380	137	0.334	0.297
LOKIASV2_2518_ESMFold_hypothetical_protein	AF-D2PPN2-F1-model_v4	AF-D2PPN2-F1-model_v4 Cyclobis-(1-6)-alpha-nigerosyl repressor	5.421E-01	0.164	37	1	118	380	1	79	402	121	0.311	0.197
LOKIASV2_2518_ESMFold_hypothetical_protein	AF-B1JI59-F1-model_v4	AF-B1JI59-F1-model_v4 Peptidase T	4.531E-01	0.164	37	53	150	380	205	317	411	124	0.258	0.275
LOKIASV2_2518_ESMFold_hypothetical_protein	AF-Q8ZFR0-F1-model_v4	AF-Q8ZFR0-F1-model_v4 Peptidase T	4.531E-01	0.164	37	53	150	380	205	317	411	124	0.258	0.275
LOKIASV2_2518_ESMFold_hypothetical_protein	AF-P94417-F1-model_v4	AF-P94417-F1-model_v4 Aspartokinase 3	4.531E-01	0.164	37	1	148	380	232	380	454	178	0.389	0.328
LOKIASV2_2518_ESMFold_hypothetical_protein	AF-Q8TUA2-F1-model_v4	AF-Q8TUA2-F1-model_v4 Phenylalanine--tRNA ligase alpha subunit	5.595E-02	0.164	37	1	274	380	1	185	492	286	0.721	0.376
LOKIASV2_2518_ESMFold_hypothetical_protein	AF-Q9S702-F1-model_v4	AF-Q9S702-F1-model_v4 Aspartokinase 3, chloroplastic	8.744E-01	0.164	37	56	175	380	391	501	559	129	0.316	0.199
LOKIASV2_2518_ESMFold_hypothetical_protein	AF-O52836-F1-model_v4	AF-O52836-F1-model_v4 Tetracycline resistance protein TetW	1.415E-02	0.164	37	68	380	380	344	639	639	380	0.824	0.463
LOKIASV2_2518_ESMFold_hypothetical_protein	AF-Q99758-F1-model_v4	AF-Q99758-F1-model_v4 Phospholipid-transporting ATPase ABCA3	1.371E-01	0.164	37	61	232	380	750	916	1704	190	0.453	0.098
LOKIASV2_2518_ESMFold_hypothetical_protein	AF-A1TZV5-F1-model_v4	AF-A1TZV5-F1-model_v4 Acylphosphatase	6.485E-01	0.150	36	67	150	380	4	80	92	91	0.221	0.837
LOKIASV2_2518_ESMFold_hypothetical_protein	AF-Q5YS19-F1-model_v4	AF-Q5YS19-F1-model_v4 Acylphosphatase	1.497E+00	0.150	36	66	150	380	9	89	100	92	0.224	0.810
LOKIASV2_2518_ESMFold_hypothetical_protein	AF-Q56200-F1-model_v4	AF-Q56200-F1-model_v4 UPF0045 protein in glkA 3'region	2.143E+00	0.150	36	69	189	380	3	105	107	125	0.318	0.963
LOKIASV2_2518_ESMFold_hypothetical_protein	AF-Q1AXW6-F1-model_v4	AF-Q1AXW6-F1-model_v4 Acylphosphatase	1.179E+00	0.150	36	63	150	380	16	97	110	92	0.232	0.745
LOKIASV2_2518_ESMFold_hypothetical_protein	AF-C3NH39-F1-model_v4	AF-C3NH39-F1-model_v4 Putative nickel-responsive regulator	8.237E-01	0.150	36	1	150	380	4	129	133	156	0.395	0.947
LOKIASV2_2518_ESMFold_hypothetical_protein	AF-P18358-F1-model_v4	AF-P18358-F1-model_v4 Transposon Tn552 resolvase	7.759E-01	0.150	36	163	261	380	103	188	197	99	0.261	0.437
LOKIASV2_2518_ESMFold_hypothetical_protein	AF-P11065-F1-model_v4	AF-P11065-F1-model_v4 HTH-type transcriptional regulator Hpr	2.212E-01	0.150	36	8	203	380	44	196	203	216	0.516	0.754
LOKIASV2_2518_ESMFold_hypothetical_protein	AF-Q57434-F1-model_v4	AF-Q57434-F1-model_v4 Uncharacterized protein HI_0896	2.415E+00	0.150	36	66	148	380	133	203	204	83	0.218	0.348
LOKIASV2_2518_ESMFold_hypothetical_protein	AF-P22996-F1-model_v4	AF-P22996-F1-model_v4 Resolvase	1.410E+00	0.150	36	163	261	380	127	217	219	111	0.261	0.416
LOKIASV2_2518_ESMFold_hypothetical_protein	AF-Q9PQJ6-F1-model_v4	AF-Q9PQJ6-F1-model_v4 Probable transcriptional regulatory protein UU295	2.348E-01	0.150	36	220	355	380	17	199	236	196	0.358	0.775
LOKIASV2_2518_ESMFold_hypothetical_protein	AF-Q189Y9-F1-model_v4	AF-Q189Y9-F1-model_v4 Probable transcriptional regulatory protein CD630_07950	1.545E-01	0.150	36	10	153	380	22	204	239	197	0.379	0.766
LOKIASV2_2518_ESMFold_hypothetical_protein	AF-Q38W22-F1-model_v4	AF-Q38W22-F1-model_v4 Probable transcriptional regulatory protein LCA_1307	1.640E-01	0.150	36	10	153	380	21	206	243	203	0.379	0.765
LOKIASV2_2518_ESMFold_hypothetical_protein	AF-C1FKG4-F1-model_v4	AF-C1FKG4-F1-model_v4 Probable transcriptional regulatory protein CLM_3478	1.640E-01	0.150	36	10	153	380	27	207	246	195	0.379	0.736
LOKIASV2_2518_ESMFold_hypothetical_protein	AF-B5YFL4-F1-model_v4	AF-B5YFL4-F1-model_v4 Probable transcriptional regulatory protein DICTH_1505	1.849E-01	0.150	36	10	153	380	27	207	249	204	0.379	0.727
LOKIASV2_2518_ESMFold_hypothetical_protein	AF-Q5GTP4-F1-model_v4	AF-Q5GTP4-F1-model_v4 tRNA uridine(34) hydroxylase	1.497E+00	0.150	36	70	148	380	2	77	269	82	0.208	0.283
LOKIASV2_2518_ESMFold_hypothetical_protein	AF-P9WHM3-F1-model_v4	AF-P9WHM3-F1-model_v4 Formyltetrahydrofolate deformylase	1.046E+00	0.150	36	66	154	380	27	116	310	99	0.234	0.290
LOKIASV2_2518_ESMFold_hypothetical_protein	AF-Q1JC67-F1-model_v4	AF-Q1JC67-F1-model_v4 tRNA uridine(34) hydroxylase	1.329E+00	0.150	36	67	148	380	2	77	328	87	0.216	0.232
LOKIASV2_2518_ESMFold_hypothetical_protein	AF-A8A6F0-F1-model_v4	AF-A8A6F0-F1-model_v4 Protein CbrA	2.083E-01	0.150	36	261	379	380	141	299	366	169	0.313	0.434
LOKIASV2_2518_ESMFold_hypothetical_protein	AF-Q6GH10-F1-model_v4	AF-Q6GH10-F1-model_v4 Uncharacterized hydrolase SAR1410	1.329E+00	0.150	36	67	148	380	177	285	383	109	0.216	0.285
LOKIASV2_2518_ESMFold_hypothetical_protein	AF-B1XA37-F1-model_v4	AF-B1XA37-F1-model_v4 Peptidase T	9.282E-01	0.150	36	53	150	380	205	317	408	124	0.258	0.277
LOKIASV2_2518_ESMFold_hypothetical_protein	AF-P29745-F1-model_v4	AF-P29745-F1-model_v4 Peptidase T	8.744E-01	0.150	36	53	150	380	205	317	408	124	0.258	0.277
LOKIASV2_2518_ESMFold_hypothetical_protein	AF-Q1C6R3-F1-model_v4	AF-Q1C6R3-F1-model_v4 Peptidase T	6.109E-01	0.150	36	53	150	380	205	317	411	124	0.258	0.275
LOKIASV2_2518_ESMFold_hypothetical_protein	AF-Q8DH31-F1-model_v4	AF-Q8DH31-F1-model_v4 CinA-like protein	7.759E-01	0.150	36	39	147	380	154	254	416	120	0.287	0.243
LOKIASV2_2518_ESMFold_hypothetical_protein	AF-Q17RP2-F1-model_v4	AF-Q17RP2-F1-model_v4 Tigger transposable element-derived protein 6	4.948E+00	0.150	36	210	261	380	4	55	521	52	0.137	0.100
LOKIASV2_2518_ESMFold_hypothetical_protein	AF-O27131-F1-model_v4	AF-O27131-F1-model_v4 Elongation factor 2	9.887E-03	0.150	36	65	380	380	388	719	730	389	0.832	0.455
LOKIASV2_2518_ESMFold_hypothetical_protein	AF-A3DMV6-F1-model_v4	AF-A3DMV6-F1-model_v4 Elongation factor 2	2.423E-02	0.150	36	67	380	380	393	724	736	415	0.826	0.451
LOKIASV2_2518_ESMFold_hypothetical_protein	AF-O09053-F1-model_v4	AF-O09053-F1-model_v4 Werner syndrome ATP-dependent helicase homolog	5.755E-01	0.150	36	163	275	380	1146	1272	1401	138	0.297	0.091
LOKIASV2_2518_ESMFold_hypothetical_protein	AF-Q555Z5-F1-model_v4	AF-Q555Z5-F1-model_v4 ABC transporter A family member 4	1.545E-01	0.150	36	61	232	380	714	848	1615	183	0.453	0.084
LOKIASV2_2518_ESMFold_hypothetical_protein	AF-A3PXU3-F1-model_v4	AF-A3PXU3-F1-model_v4 Acylphosphatase	2.275E+00	0.138	35	66	148	380	3	79	94	85	0.218	0.819
LOKIASV2_2518_ESMFold_hypothetical_protein	AF-Q0SZJ2-F1-model_v4	AF-Q0SZJ2-F1-model_v4 Nickel-responsive regulator	6.109E-01	0.138	35	1	150	380	1	130	133	156	0.395	0.977
LOKIASV2_2518_ESMFold_hypothetical_protein	AF-C3MW06-F1-model_v4	AF-C3MW06-F1-model_v4 Putative nickel-responsive regulator	1.046E+00	0.138	35	1	150	380	4	129	133	156	0.395	0.947
LOKIASV2_2518_ESMFold_hypothetical_protein	AF-C4KHL2-F1-model_v4	AF-C4KHL2-F1-model_v4 Putative nickel-responsive regulator	9.282E-01	0.138	35	1	150	380	4	129	133	156	0.395	0.947
LOKIASV2_2518_ESMFold_hypothetical_protein	AF-Q796S4-F1-model_v4	AF-Q796S4-F1-model_v4 Uncharacterized HTH-type transcriptional regulator YhjH	4.810E-01	0.138	35	162	341	380	14	130	175	181	0.474	0.669
LOKIASV2_2518_ESMFold_hypothetical_protein	AF-A7GHU1-F1-model_v4	AF-A7GHU1-F1-model_v4 Probable transcriptional regulatory protein CLI_3132	2.493E-01	0.138	35	10	153	380	27	207	246	195	0.379	0.736
LOKIASV2_2518_ESMFold_hypothetical_protein	AF-B1IMF6-F1-model_v4	AF-B1IMF6-F1-model_v4 Probable transcriptional regulatory protein CLD_1467	2.348E-01	0.138	35	10	153	380	27	207	246	195	0.379	0.736
LOKIASV2_2518_ESMFold_hypothetical_protein	AF-Q9ZNK0-F1-model_v4	AF-Q9ZNK0-F1-model_v4 Probable transcriptional regulatory protein ORF2U	1.456E-01	0.138	35	10	153	380	25	207	246	198	0.379	0.744
LOKIASV2_2518_ESMFold_hypothetical_protein	AF-Q1AWE6-F1-model_v4	AF-Q1AWE6-F1-model_v4 Probable transcriptional regulatory protein Rxyl_1318	1.545E-01	0.138	35	5	153	380	14	207	250	212	0.392	0.776
LOKIASV2_2518_ESMFold_hypothetical_protein	AF-C5C5Q3-F1-model_v4	AF-C5C5Q3-F1-model_v4 Probable transcriptional regulatory protein Bcav_1989	8.501E-02	0.138	35	10	153	380	23	208	252	209	0.379	0.738
LOKIASV2_2518_ESMFold_hypothetical_protein	AF-A6TE39-F1-model_v4	AF-A6TE39-F1-model_v4 Urease accessory protein UreD	3.457E+00	0.138	35	70	145	380	198	267	274	80	0.200	0.255
LOKIASV2_2518_ESMFold_hypothetical_protein	AF-Q3YSP9-F1-model_v4	AF-Q3YSP9-F1-model_v4 tRNA uridine(34) hydroxylase	1.902E+00	0.138	35	70	148	380	2	75	274	82	0.208	0.270
LOKIASV2_2518_ESMFold_hypothetical_protein	AF-B0B8K2-F1-model_v4	AF-B0B8K2-F1-model_v4 tRNA uridine(34) hydroxylase	2.019E+00	0.138	35	66	153	380	2	84	327	92	0.232	0.254
LOKIASV2_2518_ESMFold_hypothetical_protein	AF-Q5HG22-F1-model_v4	AF-Q5HG22-F1-model_v4 Uncharacterized hydrolase SACOL1433	1.046E+00	0.138	35	56	148	380	178	285	383	118	0.245	0.282
LOKIASV2_2518_ESMFold_hypothetical_protein	AF-Q4L6A3-F1-model_v4	AF-Q4L6A3-F1-model_v4 Uncharacterized hydrolase SH1513	1.589E+00	0.138	35	56	148	380	178	285	383	118	0.245	0.282
LOKIASV2_2518_ESMFold_hypothetical_protein	AF-A6L8T2-F1-model_v4	AF-A6L8T2-F1-model_v4 Peptidase T	7.309E-01	0.138	35	53	150	380	205	315	406	125	0.258	0.273
LOKIASV2_2518_ESMFold_hypothetical_protein	AF-B7LQ18-F1-model_v4	AF-B7LQ18-F1-model_v4 Peptidase T	8.237E-01	0.138	35	53	150	380	205	317	408	123	0.258	0.277
LOKIASV2_2518_ESMFold_hypothetical_protein	AF-A5FDF9-F1-model_v4	AF-A5FDF9-F1-model_v4 Glutamyl-tRNA reductase 2	4.810E-01	0.138	35	65	196	380	8	140	434	146	0.347	0.306
LOKIASV2_2518_ESMFold_hypothetical_protein	AF-Q0V6Q5-F1-model_v4	AF-Q0V6Q5-F1-model_v4 FAD-linked oxidoreductase phmC	1.410E+00	0.138	35	67	192	380	272	406	439	150	0.332	0.308
LOKIASV2_2518_ESMFold_hypothetical_protein	AF-B3WFB1-F1-model_v4	AF-B3WFB1-F1-model_v4 Peptide chain release factor 3	3.361E-01	0.138	35	67	192	380	394	517	524	147	0.332	0.237
LOKIASV2_2518_ESMFold_hypothetical_protein	AF-Q0VBL1-F1-model_v4	AF-Q0VBL1-F1-model_v4 Tigger transposable element-derived protein 2	3.670E+00	0.138	35	1	51	380	1	51	525	53	0.134	0.097
LOKIASV2_2518_ESMFold_hypothetical_protein	AF-Q9LYU8-F1-model_v4	AF-Q9LYU8-F1-model_v4 Aspartokinase 1, chloroplastic	6.485E-01	0.138	35	56	171	380	394	500	569	127	0.305	0.188
LOKIASV2_2518_ESMFold_hypothetical_protein	AF-P0CU32-F1-model_v4	AF-P0CU32-F1-model_v4 FAD-linked oxidoreductase cheF	3.670E+00	0.138	35	67	150	380	344	425	616	91	0.221	0.133
LOKIASV2_2518_ESMFold_hypothetical_protein	AF-Q89AR4-F1-model_v4	AF-Q89AR4-F1-model_v4 Bifunctional aspartokinase/homoserine dehydrogenase	7.759E-01	0.138	35	36	173	380	284	427	816	161	0.363	0.176
LOKIASV2_2518_ESMFold_hypothetical_protein	AF-P69340-F1-model_v4	AF-P69340-F1-model_v4 Multidrug resistance protein MdtB	6.109E-01	0.138	35	64	171	380	48	168	1039	122	0.284	0.116
LOKIASV2_2518_ESMFold_hypothetical_protein	AF-P13511-F1-model_v4	AF-P13511-F1-model_v4 Cobalt-zinc-cadmium resistance protein CzcA	9.854E-01	0.138	35	61	158	380	30	133	1063	116	0.258	0.098
LOKIASV2_2518_ESMFold_hypothetical_protein	AF-Q44586-F1-model_v4	AF-Q44586-F1-model_v4 Nickel-cobalt-cadmium resistance protein NccA	5.755E-01	0.138	35	12	158	380	2	133	1076	159	0.387	0.123
LOKIASV2_2518_ESMFold_hypothetical_protein	AF-Q8K442-F1-model_v4	AF-Q8K442-F1-model_v4 ABC-type organic anion transporter ABCA8A	1.046E+00	0.138	35	61	196	380	1504	1608	1620	137	0.358	0.065
LOKIASV2_2518_ESMFold_hypothetical_protein	AF-B5XTJ9-F1-model_v4	AF-B5XTJ9-F1-model_v4 Nickel-responsive regulator	6.885E-01	0.126	34	1	150	380	1	128	132	162	0.395	0.970
LOKIASV2_2518_ESMFold_hypothetical_protein	AF-P62087-F1-model_v4	AF-P62087-F1-model_v4 Uncharacterized HTH-type transcriptional regulator SA2060	1.497E+00	0.126	34	217	341	380	30	113	146	125	0.329	0.575
LOKIASV2_2518_ESMFold_hypothetical_protein	AF-Q9MS98-F1-model_v4	AF-Q9MS98-F1-model_v4 Acetolactate synthase small subunit	4.268E-01	0.126	34	246	379	380	53	170	181	138	0.353	0.652
LOKIASV2_2518_ESMFold_hypothetical_protein	AF-Q52563-F1-model_v4	AF-Q52563-F1-model_v4 Resolvase	1.329E+00	0.126	34	163	261	380	118	208	210	108	0.261	0.433
LOKIASV2_2518_ESMFold_hypothetical_protein	AF-P94447-F1-model_v4	AF-P94447-F1-model_v4 Probable transcriptional regulatory protein YrbC	1.545E-01	0.126	34	214	363	380	14	239	240	236	0.395	0.942
LOKIASV2_2518_ESMFold_hypothetical_protein	AF-Q1WUV3-F1-model_v4	AF-Q1WUV3-F1-model_v4 Probable transcriptional regulatory protein LSL_0422	1.545E-01	0.126	34	10	153	380	25	206	242	199	0.379	0.752
LOKIASV2_2518_ESMFold_hypothetical_protein	AF-B0K0L3-F1-model_v4	AF-B0K0L3-F1-model_v4 Probable transcriptional regulatory protein Teth514_1449	1.963E-01	0.126	34	10	193	380	27	228	246	234	0.484	0.821
LOKIASV2_2518_ESMFold_hypothetical_protein	AF-C4Z5P5-F1-model_v4	AF-C4Z5P5-F1-model_v4 Probable transcriptional regulatory protein EUBELI_00902	2.083E-01	0.126	34	10	153	380	21	207	247	201	0.379	0.757
LOKIASV2_2518_ESMFold_hypothetical_protein	AF-B5Y8Y9-F1-model_v4	AF-B5Y8Y9-F1-model_v4 Probable transcriptional regulatory protein COPRO5265_0905	1.456E-01	0.126	34	10	174	380	24	229	248	222	0.434	0.831
LOKIASV2_2518_ESMFold_hypothetical_protein	AF-Q9X234-F1-model_v4	AF-Q9X234-F1-model_v4 Probable cell division protein WhiA	2.572E-02	0.126	34	1	260	380	2	287	295	338	0.684	0.969
LOKIASV2_2518_ESMFold_hypothetical_protein	AF-Q11RM1-F1-model_v4	AF-Q11RM1-F1-model_v4 tRNA uridine(34) hydroxylase	1.687E+00	0.126	34	66	148	380	2	76	312	91	0.218	0.240
LOKIASV2_2518_ESMFold_hypothetical_protein	AF-B7LT80-F1-model_v4	AF-B7LT80-F1-model_v4 tRNA uridine(34) hydroxylase	3.256E+00	0.126	34	61	148	380	14	97	350	91	0.232	0.240
LOKIASV2_2518_ESMFold_hypothetical_protein	AF-Q0TJ18-F1-model_v4	AF-Q0TJ18-F1-model_v4 tRNA uridine(34) hydroxylase	3.457E+00	0.126	34	61	148	380	14	97	350	92	0.232	0.240
LOKIASV2_2518_ESMFold_hypothetical_protein	AF-O29786-F1-model_v4	AF-O29786-F1-model_v4 Digeranylgeranylglycerophospholipid reductase	1.252E+00	0.126	34	277	353	380	172	253	387	89	0.203	0.212
LOKIASV2_2518_ESMFold_hypothetical_protein	AF-Q3Z2Z2-F1-model_v4	AF-Q3Z2Z2-F1-model_v4 Peptidase T	9.854E-01	0.126	34	53	150	380	205	317	408	123	0.258	0.277
LOKIASV2_2518_ESMFold_hypothetical_protein	AF-Q1RD26-F1-model_v4	AF-Q1RD26-F1-model_v4 Peptidase T	9.282E-01	0.126	34	53	150	380	205	317	408	123	0.258	0.277
LOKIASV2_2518_ESMFold_hypothetical_protein	AF-Q32EY5-F1-model_v4	AF-Q32EY5-F1-model_v4 Peptidase T	9.282E-01	0.126	34	53	150	380	205	317	408	123	0.258	0.277
LOKIASV2_2518_ESMFold_hypothetical_protein	AF-B7MJB5-F1-model_v4	AF-B7MJB5-F1-model_v4 Peptidase T	9.854E-01	0.126	34	53	150	380	205	317	408	123	0.258	0.277
LOKIASV2_2518_ESMFold_hypothetical_protein	AF-Q0TIU6-F1-model_v4	AF-Q0TIU6-F1-model_v4 Peptidase T	9.282E-01	0.126	34	53	150	380	205	317	408	123	0.258	0.277
LOKIASV2_2518_ESMFold_hypothetical_protein	AF-Q9S281-F1-model_v4	AF-Q9S281-F1-model_v4 Phosphoserine phosphatase	9.854E-01	0.126	34	65	156	380	6	102	410	107	0.242	0.237
LOKIASV2_2518_ESMFold_hypothetical_protein	AF-A4YIL1-F1-model_v4	AF-A4YIL1-F1-model_v4 Phenylalanine--tRNA ligase alpha subunit	2.348E-01	0.126	34	216	363	380	1	173	465	195	0.389	0.372
LOKIASV2_2518_ESMFold_hypothetical_protein	AF-Q2NEL0-F1-model_v4	AF-Q2NEL0-F1-model_v4 Elongation factor 2	2.899E-02	0.126	34	65	380	380	388	719	730	393	0.832	0.455
LOKIASV2_2518_ESMFold_hypothetical_protein	AF-B5XPB9-F1-model_v4	AF-B5XPB9-F1-model_v4 Multidrug resistance protein MdtB	3.568E-01	0.126	34	39	171	380	23	168	1040	150	0.350	0.140
LOKIASV2_2518_ESMFold_hypothetical_protein	AF-B4TNI6-F1-model_v4	AF-B4TNI6-F1-model_v4 Multidrug resistance protein MdtB	4.531E-01	0.126	34	48	171	380	35	168	1040	138	0.326	0.129
LOKIASV2_2518_ESMFold_hypothetical_protein	AF-B7ME87-F1-model_v4	AF-B7ME87-F1-model_v4 Multidrug resistance protein MdtB	1.046E+00	0.126	34	64	159	380	48	156	1040	110	0.253	0.105
LOKIASV2_2518_ESMFold_hypothetical_protein	AF-D0ZEW1-F1-model_v4	AF-D0ZEW1-F1-model_v4 Multidrug resistance protein MdtB	1.046E+00	0.126	34	64	158	380	51	158	1042	109	0.250	0.104
LOKIASV2_2518_ESMFold_hypothetical_protein	AF-Q3IPI5-F1-model_v4	AF-Q3IPI5-F1-model_v4 Acylphosphatase	2.415E+00	0.116	33	67	148	380	2	77	92	86	0.216	0.826
LOKIASV2_2518_ESMFold_hypothetical_protein	AF-A0LI66-F1-model_v4	AF-A0LI66-F1-model_v4 Acylphosphatase	1.252E+00	0.116	33	68	148	380	4	76	97	86	0.213	0.753
LOKIASV2_2518_ESMFold_hypothetical_protein	AF-P72230-F1-model_v4	AF-P72230-F1-model_v4 Elongation factor G	1.791E+00	0.116	33	39	148	380	19	105	128	111	0.289	0.680
LOKIASV2_2518_ESMFold_hypothetical_protein	AF-B5YAK0-F1-model_v4	AF-B5YAK0-F1-model_v4 Putative nickel-responsive regulator	6.109E-01	0.116	33	35	150	380	29	133	135	127	0.305	0.778
LOKIASV2_2518_ESMFold_hypothetical_protein	AF-Q6GEG9-F1-model_v4	AF-Q6GEG9-F1-model_v4 Uncharacterized HTH-type transcriptional regulator SAR2349	8.237E-01	0.116	33	179	379	380	7	134	146	201	0.529	0.877
LOKIASV2_2518_ESMFold_hypothetical_protein	AF-P40762-F1-model_v4	AF-P40762-F1-model_v4 HTH-type transcriptional regulator PchR	9.282E-01	0.116	33	4	192	380	41	154	169	191	0.497	0.675
LOKIASV2_2518_ESMFold_hypothetical_protein	AF-P0A9I3-F1-model_v4	AF-P0A9I3-F1-model_v4 Glycine cleavage system transcriptional repressor	2.212E-01	0.116	33	56	363	380	6	180	190	329	0.811	0.921
LOKIASV2_2518_ESMFold_hypothetical_protein	AF-A8FBL1-F1-model_v4	AF-A8FBL1-F1-model_v4 HTH-type transcriptional regulator Hpr	3.568E-01	0.116	33	8	191	380	44	173	206	193	0.484	0.631
LOKIASV2_2518_ESMFold_hypothetical_protein	AF-A9KMB4-F1-model_v4	AF-A9KMB4-F1-model_v4 Probable transcriptional regulatory protein Cphy_2507	2.493E-01	0.116	33	10	153	380	21	208	242	204	0.379	0.777
LOKIASV2_2518_ESMFold_hypothetical_protein	AF-Q0RNU9-F1-model_v4	AF-Q0RNU9-F1-model_v4 Probable transcriptional regulatory protein FRAAL2138	3.361E-01	0.116	33	10	150	380	23	205	251	205	0.371	0.729
LOKIASV2_2518_ESMFold_hypothetical_protein	AF-A5GV27-F1-model_v4	AF-A5GV27-F1-model_v4 Probable transcriptional regulatory protein SynRCC307_1833	4.268E-01	0.116	33	214	354	380	14	205	253	201	0.371	0.759
LOKIASV2_2518_ESMFold_hypothetical_protein	AF-Q2SZW2-F1-model_v4	AF-Q2SZW2-F1-model_v4 tRNA uridine(34) hydroxylase	5.576E+00	0.116	33	69	148	380	3	81	296	81	0.211	0.267
LOKIASV2_2518_ESMFold_hypothetical_protein	AF-Q6F8I3-F1-model_v4	AF-Q6F8I3-F1-model_v4 tRNA uridine(34) hydroxylase	2.415E+00	0.116	33	59	148	380	13	96	314	97	0.237	0.268
LOKIASV2_2518_ESMFold_hypothetical_protein	AF-Q8D3D6-F1-model_v4	AF-Q8D3D6-F1-model_v4 tRNA uridine(34) hydroxylase	3.896E+00	0.116	33	52	148	380	7	96	315	99	0.255	0.286
LOKIASV2_2518_ESMFold_hypothetical_protein	AF-P67333-F1-model_v4	AF-P67333-F1-model_v4 tRNA uridine(34) hydroxylase	2.722E+00	0.116	33	67	148	380	3	77	328	88	0.216	0.229
LOKIASV2_2518_ESMFold_hypothetical_protein	AF-Q2L4T2-F1-model_v4	AF-Q2L4T2-F1-model_v4 Paired box protein Pax-9	2.143E+00	0.116	33	166	261	380	42	135	342	107	0.253	0.275
LOKIASV2_2518_ESMFold_hypothetical_protein	AF-B1IV47-F1-model_v4	AF-B1IV47-F1-model_v4 tRNA uridine(34) hydroxylase	3.896E+00	0.116	33	61	148	380	14	97	350	91	0.232	0.240
LOKIASV2_2518_ESMFold_hypothetical_protein	AF-B7MTI7-F1-model_v4	AF-B7MTI7-F1-model_v4 tRNA uridine(34) hydroxylase	3.457E+00	0.116	33	61	148	380	14	97	350	96	0.232	0.240
LOKIASV2_2518_ESMFold_hypothetical_protein	AF-Q72TP1-F1-model_v4	AF-Q72TP1-F1-model_v4 tRNA uridine(34) hydroxylase	4.390E+00	0.116	33	61	148	380	27	110	367	93	0.232	0.229
LOKIASV2_2518_ESMFold_hypothetical_protein	AF-P0AF20-F1-model_v4	AF-P0AF20-F1-model_v4 N-acetylglucosamine repressor	1.111E+00	0.116	33	220	341	380	19	139	406	149	0.321	0.298
LOKIASV2_2518_ESMFold_hypothetical_protein	AF-P65804-F1-model_v4	AF-P65804-F1-model_v4 Peptidase T	1.111E+00	0.116	33	53	150	380	205	317	408	123	0.258	0.277
LOKIASV2_2518_ESMFold_hypothetical_protein	AF-B7UQ36-F1-model_v4	AF-B7UQ36-F1-model_v4 Peptidase T	1.111E+00	0.116	33	53	150	380	205	317	408	123	0.258	0.277
LOKIASV2_2518_ESMFold_hypothetical_protein	AF-B1IUE0-F1-model_v4	AF-B1IUE0-F1-model_v4 Peptidase T	1.111E+00	0.116	33	53	150	380	205	317	408	123	0.258	0.277
LOKIASV2_2518_ESMFold_hypothetical_protein	AF-B7MTQ8-F1-model_v4	AF-B7MTQ8-F1-model_v4 Peptidase T	1.111E+00	0.116	33	53	150	380	205	317	408	123	0.258	0.277
LOKIASV2_2518_ESMFold_hypothetical_protein	AF-B5F8C6-F1-model_v4	AF-B5F8C6-F1-model_v4 Peptidase T	1.179E+00	0.116	33	53	150	380	205	317	409	123	0.258	0.276
LOKIASV2_2518_ESMFold_hypothetical_protein	AF-Q04BM6-F1-model_v4	AF-Q04BM6-F1-model_v4 Peptide chain release factor 3	1.902E+00	0.116	33	67	156	380	394	473	523	96	0.237	0.153
LOKIASV2_2518_ESMFold_hypothetical_protein	AF-P11131-F1-model_v4	AF-P11131-F1-model_v4 Tetracycline resistance protein TetM from transposon Tn1545	3.468E-02	0.116	33	68	379	380	344	637	639	380	0.821	0.460
LOKIASV2_2518_ESMFold_hypothetical_protein	AF-Q5PDW7-F1-model_v4	AF-Q5PDW7-F1-model_v4 Multidrug resistance protein MdtB	5.421E-01	0.116	33	48	171	380	35	168	1040	138	0.326	0.129
LOKIASV2_2518_ESMFold_hypothetical_protein	AF-B5YUD3-F1-model_v4	AF-B5YUD3-F1-model_v4 Multidrug resistance protein MdtB	8.744E-01	0.116	33	64	171	380	48	168	1040	122	0.284	0.116
LOKIASV2_2518_ESMFold_hypothetical_protein	AF-A7MHJ1-F1-model_v4	AF-A7MHJ1-F1-model_v4 Multidrug resistance protein MdtB	8.237E-01	0.116	33	64	171	380	48	168	1040	122	0.284	0.116
LOKIASV2_2518_ESMFold_hypothetical_protein	AF-B5BF69-F1-model_v4	AF-B5BF69-F1-model_v4 Multidrug resistance protein MdtB	7.759E-01	0.116	33	48	158	380	35	155	1040	125	0.292	0.116
LOKIASV2_2518_ESMFold_hypothetical_protein	AF-A8GCM9-F1-model_v4	AF-A8GCM9-F1-model_v4 Acylphosphatase	2.722E+00	0.106	32	69	150	380	3	79	92	85	0.216	0.837
LOKIASV2_2518_ESMFold_hypothetical_protein	AF-O26703-F1-model_v4	AF-O26703-F1-model_v4 Putative nickel-responsive regulator 1	2.722E+00	0.106	32	1	149	380	1	127	127	156	0.392	1.000
LOKIASV2_2518_ESMFold_hypothetical_protein	AF-A6TFA8-F1-model_v4	AF-A6TFA8-F1-model_v4 Nickel-responsive regulator	9.854E-01	0.106	32	1	150	380	1	128	132	164	0.395	0.970
LOKIASV2_2518_ESMFold_hypothetical_protein	AF-B8J1Q4-F1-model_v4	AF-B8J1Q4-F1-model_v4 Putative nickel-responsive regulator	1.589E+00	0.106	32	38	150	380	33	132	138	121	0.297	0.725
LOKIASV2_2518_ESMFold_hypothetical_protein	AF-Q8NVA6-F1-model_v4	AF-Q8NVA6-F1-model_v4 Uncharacterized HTH-type transcriptional regulator MW2183	9.854E-01	0.106	32	217	379	380	30	134	146	165	0.429	0.719
LOKIASV2_2518_ESMFold_hypothetical_protein	AF-Q5HEZ8-F1-model_v4	AF-Q5HEZ8-F1-model_v4 RNA polymerase sigma factor SigS	9.854E-01	0.106	32	162	259	380	30	149	156	128	0.258	0.769
LOKIASV2_2518_ESMFold_hypothetical_protein	AF-Q08553-F1-model_v4	AF-Q08553-F1-model_v4 Protein SYC1	4.136E+00	0.106	32	70	142	380	10	97	188	89	0.192	0.468
LOKIASV2_2518_ESMFold_hypothetical_protein	AF-P33905-F1-model_v4	AF-P33905-F1-model_v4 Transcriptional activator protein TraR	1.080E-01	0.106	32	38	262	380	63	218	234	247	0.592	0.667
LOKIASV2_2518_ESMFold_hypothetical_protein	AF-Q8Y6Z5-F1-model_v4	AF-Q8Y6Z5-F1-model_v4 Probable transcriptional regulatory protein lmo1535	3.166E-01	0.106	32	10	153	380	21	207	241	201	0.379	0.776
LOKIASV2_2518_ESMFold_hypothetical_protein	AF-Q71ZD5-F1-model_v4	AF-Q71ZD5-F1-model_v4 Probable transcriptional regulatory protein LMOf2365_1554	3.166E-01	0.106	32	10	153	380	29	207	241	194	0.379	0.743
LOKIASV2_2518_ESMFold_hypothetical_protein	AF-Q838A9-F1-model_v4	AF-Q838A9-F1-model_v4 Probable transcriptional regulatory protein EF_0663	3.568E-01	0.106	32	10	153	380	21	208	242	207	0.379	0.777
LOKIASV2_2518_ESMFold_hypothetical_protein	AF-Q03EU1-F1-model_v4	AF-Q03EU1-F1-model_v4 Probable transcriptional regulatory protein PEPE_1240	4.810E-01	0.106	32	10	153	380	21	207	245	199	0.379	0.763
LOKIASV2_2518_ESMFold_hypothetical_protein	AF-C5D5F1-F1-model_v4	AF-C5D5F1-F1-model_v4 Probable transcriptional regulatory protein GWCH70_2524	4.268E-01	0.106	32	10	153	380	21	208	246	203	0.379	0.764
LOKIASV2_2518_ESMFold_hypothetical_protein	AF-B8CXG6-F1-model_v4	AF-B8CXG6-F1-model_v4 Probable transcriptional regulatory protein Hore_12350	4.531E-01	0.106	32	10	153	380	25	208	253	201	0.379	0.727
LOKIASV2_2518_ESMFold_hypothetical_protein	AF-A6WCI2-F1-model_v4	AF-A6WCI2-F1-model_v4 Probable transcriptional regulatory protein Krad_3057	1.849E-01	0.106	32	10	150	380	24	206	253	207	0.371	0.723
LOKIASV2_2518_ESMFold_hypothetical_protein	AF-A7NH92-F1-model_v4	AF-A7NH92-F1-model_v4 Probable transcriptional regulatory protein Rcas_0718	3.166E-01	0.106	32	6	153	380	15	211	255	213	0.389	0.773
LOKIASV2_2518_ESMFold_hypothetical_protein	AF-A5V1E4-F1-model_v4	AF-A5V1E4-F1-model_v4 Probable transcriptional regulatory protein RoseRS_4362	2.493E-01	0.106	32	5	153	380	14	211	255	215	0.392	0.776
LOKIASV2_2518_ESMFold_hypothetical_protein	AF-Q54E29-F1-model_v4	AF-Q54E29-F1-model_v4 Probable tRNA(His) guanylyltransferase	2.982E-01	0.106	32	67	335	380	20	254	256	316	0.708	0.918
LOKIASV2_2518_ESMFold_hypothetical_protein	AF-Q210F4-F1-model_v4	AF-Q210F4-F1-model_v4 Urease accessory protein UreD	3.670E+00	0.106	32	82	144	380	215	272	277	64	0.166	0.209
LOKIASV2_2518_ESMFold_hypothetical_protein	AF-P55166-F1-model_v4	AF-P55166-F1-model_v4 Paired box protein Pax-9	2.564E+00	0.106	32	166	261	380	40	133	339	107	0.253	0.277
LOKIASV2_2518_ESMFold_hypothetical_protein	AF-Q2VL53-F1-model_v4	AF-Q2VL53-F1-model_v4 Paired box protein Pax-9	2.415E+00	0.106	32	166	261	380	42	135	341	107	0.253	0.276
LOKIASV2_2518_ESMFold_hypothetical_protein	AF-Q2VL62-F1-model_v4	AF-Q2VL62-F1-model_v4 Paired box protein Pax-9	2.564E+00	0.106	32	166	261	380	42	135	341	107	0.253	0.276
LOKIASV2_2518_ESMFold_hypothetical_protein	AF-Q2VL52-F1-model_v4	AF-Q2VL52-F1-model_v4 Paired box protein Pax-9	2.415E+00	0.106	32	166	261	380	42	135	341	107	0.253	0.276
LOKIASV2_2518_ESMFold_hypothetical_protein	AF-P47242-F1-model_v4	AF-P47242-F1-model_v4 Paired box protein Pax-9	2.564E+00	0.106	32	166	261	380	42	135	342	107	0.253	0.275
LOKIASV2_2518_ESMFold_hypothetical_protein	AF-B6I9D2-F1-model_v4	AF-B6I9D2-F1-model_v4 tRNA uridine(34) hydroxylase	3.256E+00	0.106	32	61	148	380	14	97	350	91	0.232	0.240
LOKIASV2_2518_ESMFold_hypothetical_protein	AF-Q8CXS1-F1-model_v4	AF-Q8CXS1-F1-model_v4 tRNA uridine(34) hydroxylase	4.948E+00	0.106	32	61	148	380	27	108	367	93	0.232	0.223
LOKIASV2_2518_ESMFold_hypothetical_protein	AF-A4WJE1-F1-model_v4	AF-A4WJE1-F1-model_v4 Glutamyl-tRNA reductase 1	9.854E-01	0.106	32	64	192	380	2	118	387	141	0.339	0.302
LOKIASV2_2518_ESMFold_hypothetical_protein	AF-A8AHU0-F1-model_v4	AF-A8AHU0-F1-model_v4 Peptidase T	9.282E-01	0.106	32	53	150	380	205	317	408	123	0.258	0.277
LOKIASV2_2518_ESMFold_hypothetical_protein	AF-C4ZS67-F1-model_v4	AF-C4ZS67-F1-model_v4 Peptidase T	8.237E-01	0.106	32	53	150	380	205	317	408	123	0.258	0.277
LOKIASV2_2518_ESMFold_hypothetical_protein	AF-Q18BS8-F1-model_v4	AF-Q18BS8-F1-model_v4 Putative competence-damage inducible protein	5.939E-02	0.106	32	39	340	380	157	410	418	327	0.795	0.608
LOKIASV2_2518_ESMFold_hypothetical_protein	AF-Q2FLL0-F1-model_v4	AF-Q2FLL0-F1-model_v4 Phenylalanine--tRNA ligase alpha subunit	1.456E-01	0.106	32	6	274	380	1	169	478	287	0.708	0.354
LOKIASV2_2518_ESMFold_hypothetical_protein	AF-Q1GB78-F1-model_v4	AF-Q1GB78-F1-model_v4 Peptide chain release factor 3	2.564E+00	0.106	32	67	156	380	394	473	523	98	0.237	0.153
LOKIASV2_2518_ESMFold_hypothetical_protein	AF-P72533-F1-model_v4	AF-P72533-F1-model_v4 Tetracycline resistance protein TetO	3.909E-02	0.106	32	68	380	380	344	639	639	384	0.824	0.463
LOKIASV2_2518_ESMFold_hypothetical_protein	AF-C5DWG7-F1-model_v4	AF-C5DWG7-F1-model_v4 Translation factor GUF1, mitochondrial	2.212E-01	0.106	32	65	360	380	333	526	643	312	0.779	0.302
LOKIASV2_2518_ESMFold_hypothetical_protein	AF-Q11HP9-F1-model_v4	AF-Q11HP9-F1-model_v4 Elongation factor G	4.405E-02	0.106	32	67	376	380	410	694	696	379	0.816	0.409
LOKIASV2_2518_ESMFold_hypothetical_protein	AF-A4T1R3-F1-model_v4	AF-A4T1R3-F1-model_v4 Elongation factor G	4.676E-02	0.106	32	68	380	380	410	700	700	385	0.824	0.416
LOKIASV2_2518_ESMFold_hypothetical_protein	AF-C4ZSG3-F1-model_v4	AF-C4ZSG3-F1-model_v4 Multidrug resistance protein MdtB	1.410E+00	0.106	32	64	159	380	48	156	1040	110	0.253	0.105
LOKIASV2_2518_ESMFold_hypothetical_protein	AF-Q8ZCW0-F1-model_v4	AF-Q8ZCW0-F1-model_v4 Multidrug resistance protein MdtB	8.237E-01	0.106	32	64	171	380	48	168	1052	124	0.284	0.115
LOKIASV2_2518_ESMFold_hypothetical_protein	AF-D0JNB0-F1-model_v4	AF-D0JNB0-F1-model_v4 Multidrug resistance protein MdtB	5.106E-01	0.106	32	39	171	380	23	168	1052	150	0.350	0.139
LOKIASV2_2518_ESMFold_hypothetical_protein	AF-Q8N139-F1-model_v4	AF-Q8N139-F1-model_v4 ATP-binding cassette sub-family A member 6	1.849E-01	0.106	32	61	294	380	700	902	1617	259	0.616	0.126
LOKIASV2_2518_ESMFold_hypothetical_protein	AF-E9PX95-F1-model_v4	AF-E9PX95-F1-model_v4 ATP-binding cassette sub-family A member 17	1.146E-01	0.106	32	59	232	380	735	897	1733	200	0.458	0.094
LOKIASV2_2518_ESMFold_hypothetical_protein	AF-F2EUZ7-F1-model_v4	AF-F2EUZ7-F1-model_v4 Modulator protein MzrA	2.143E+00	0.098	31	39	149	380	13	104	115	111	0.292	0.800
LOKIASV2_2518_ESMFold_hypothetical_protein	AF-O14211-F1-model_v4	AF-O14211-F1-model_v4 Required for respiratory growth protein 9, mitochondrial	2.019E+00	0.098	31	158	253	380	2	86	117	96	0.253	0.726
LOKIASV2_2518_ESMFold_hypothetical_protein	AF-C6C0U7-F1-model_v4	AF-C6C0U7-F1-model_v4 Putative nickel-responsive regulator	2.143E+00	0.098	31	38	150	380	33	131	139	118	0.297	0.712
LOKIASV2_2518_ESMFold_hypothetical_protein	AF-P9WME8-F1-model_v4	AF-P9WME8-F1-model_v4 HTH-type transcriptional repressor MT2955	2.143E+00	0.098	31	8	135	380	33	120	139	135	0.337	0.633
LOKIASV2_2518_ESMFold_hypothetical_protein	AF-P55502-F1-model_v4	AF-P55502-F1-model_v4 Uncharacterized protein y4jB	2.143E+00	0.098	31	172	261	380	1	81	152	90	0.237	0.533
LOKIASV2_2518_ESMFold_hypothetical_protein	AF-Q7A505-F1-model_v4	AF-Q7A505-F1-model_v4 RNA polymerase sigma factor SigS	1.589E+00	0.098	31	162	259	380	30	149	156	130	0.258	0.769
LOKIASV2_2518_ESMFold_hypothetical_protein	AF-O31564-F1-model_v4	AF-O31564-F1-model_v4 Uncharacterized HTH-type transcriptional regulator YfiV	2.809E-01	0.098	31	214	379	380	44	153	160	172	0.437	0.688
LOKIASV2_2518_ESMFold_hypothetical_protein	AF-Q5WHU1-F1-model_v4	AF-Q5WHU1-F1-model_v4 HTH-type transcriptional regulator Hpr	8.237E-01	0.098	31	8	202	380	44	195	196	223	0.513	0.776
LOKIASV2_2518_ESMFold_hypothetical_protein	AF-B1AIT3-F1-model_v4	AF-B1AIT3-F1-model_v4 Probable transcriptional regulatory protein UPA3_0303	3.361E-01	0.098	31	10	176	380	18	220	236	222	0.439	0.860
LOKIASV2_2518_ESMFold_hypothetical_protein	AF-C4ZBH1-F1-model_v4	AF-C4ZBH1-F1-model_v4 Probable transcriptional regulatory protein EUBREC_1961	4.021E-01	0.098	31	10	153	380	21	208	242	210	0.379	0.777
LOKIASV2_2518_ESMFold_hypothetical_protein	AF-B0K951-F1-model_v4	AF-B0K951-F1-model_v4 Probable transcriptional regulatory protein Teth39_1009	2.982E-01	0.098	31	10	153	380	27	207	246	209	0.379	0.736
LOKIASV2_2518_ESMFold_hypothetical_protein	AF-A4IRB5-F1-model_v4	AF-A4IRB5-F1-model_v4 Probable transcriptional regulatory protein GTNG_2524	4.021E-01	0.098	31	11	153	380	22	208	247	203	0.376	0.757
LOKIASV2_2518_ESMFold_hypothetical_protein	AF-Q9HIX3-F1-model_v4	AF-Q9HIX3-F1-model_v4 Translation initiation factor 2 subunit alpha	1.589E+00	0.098	31	38	150	380	157	253	254	118	0.297	0.382
LOKIASV2_2518_ESMFold_hypothetical_protein	AF-Q87A46-F1-model_v4	AF-Q87A46-F1-model_v4 tRNA uridine(34) hydroxylase	3.670E+00	0.098	31	69	148	380	3	75	257	87	0.211	0.284
LOKIASV2_2518_ESMFold_hypothetical_protein	AF-Q02944-F1-model_v4	AF-Q02944-F1-model_v4 Urease accessory protein UreD	6.284E+00	0.098	31	70	145	380	194	263	270	80	0.200	0.259
LOKIASV2_2518_ESMFold_hypothetical_protein	AF-Q2GFU2-F1-model_v4	AF-Q2GFU2-F1-model_v4 tRNA uridine(34) hydroxylase	3.256E+00	0.098	31	70	148	380	2	76	275	82	0.208	0.273
LOKIASV2_2518_ESMFold_hypothetical_protein	AF-A2S4E7-F1-model_v4	AF-A2S4E7-F1-model_v4 tRNA uridine(34) hydroxylase	7.518E+00	0.098	31	69	148	380	3	81	299	81	0.211	0.264
LOKIASV2_2518_ESMFold_hypothetical_protein	AF-A3NT12-F1-model_v4	AF-A3NT12-F1-model_v4 tRNA uridine(34) hydroxylase	6.671E+00	0.098	31	69	148	380	3	81	299	81	0.211	0.264
LOKIASV2_2518_ESMFold_hypothetical_protein	AF-E4TJ19-F1-model_v4	AF-E4TJ19-F1-model_v4 Protein translocase subunit SecF	1.687E+00	0.098	31	65	192	380	47	150	304	139	0.337	0.342
LOKIASV2_2518_ESMFold_hypothetical_protein	AF-P0AG95-F1-model_v4	AF-P0AG95-F1-model_v4 Protein translocase subunit SecF	1.791E+00	0.098	31	64	148	380	51	128	323	91	0.224	0.241
LOKIASV2_2518_ESMFold_hypothetical_protein	AF-Q2VL51-F1-model_v4	AF-Q2VL51-F1-model_v4 Paired box protein Pax-9	2.019E+00	0.098	31	166	261	380	42	135	341	108	0.253	0.276
LOKIASV2_2518_ESMFold_hypothetical_protein	AF-Q2VL57-F1-model_v4	AF-Q2VL57-F1-model_v4 Paired box protein Pax-9	3.067E+00	0.098	31	166	261	380	42	135	341	107	0.253	0.276
LOKIASV2_2518_ESMFold_hypothetical_protein	AF-Q2VL54-F1-model_v4	AF-Q2VL54-F1-model_v4 Paired box protein Pax-9	3.067E+00	0.098	31	166	261	380	42	135	341	107	0.253	0.276
LOKIASV2_2518_ESMFold_hypothetical_protein	AF-Q2VL60-F1-model_v4	AF-Q2VL60-F1-model_v4 Paired box protein Pax-9	3.067E+00	0.098	31	166	261	380	42	135	341	107	0.253	0.276
LOKIASV2_2518_ESMFold_hypothetical_protein	AF-Q2VL61-F1-model_v4	AF-Q2VL61-F1-model_v4 Paired box protein Pax-9	3.067E+00	0.098	31	166	261	380	42	135	341	107	0.253	0.276
LOKIASV2_2518_ESMFold_hypothetical_protein	AF-Q2VL50-F1-model_v4	AF-Q2VL50-F1-model_v4 Paired box protein Pax-9	2.889E+00	0.098	31	166	261	380	42	135	341	107	0.253	0.276
LOKIASV2_2518_ESMFold_hypothetical_protein	AF-P55771-F1-model_v4	AF-P55771-F1-model_v4 Paired box protein Pax-9	2.889E+00	0.098	31	166	261	380	42	135	341	107	0.253	0.276
LOKIASV2_2518_ESMFold_hypothetical_protein	AF-A9N5Q7-F1-model_v4	AF-A9N5Q7-F1-model_v4 tRNA uridine(34) hydroxylase	6.671E+00	0.098	31	61	148	380	14	97	350	91	0.232	0.240
LOKIASV2_2518_ESMFold_hypothetical_protein	AF-Q83LJ0-F1-model_v4	AF-Q83LJ0-F1-model_v4 tRNA uridine(34) hydroxylase	5.252E+00	0.098	31	61	148	380	14	97	350	91	0.232	0.240
LOKIASV2_2518_ESMFold_hypothetical_protein	AF-Q8FIR7-F1-model_v4	AF-Q8FIR7-F1-model_v4 tRNA uridine(34) hydroxylase	4.661E+00	0.098	31	61	148	380	14	97	350	96	0.232	0.240
LOKIASV2_2518_ESMFold_hypothetical_protein	AF-P23757-F1-model_v4	AF-P23757-F1-model_v4 Paired box pox-meso protein	2.564E+00	0.098	31	166	261	380	47	140	370	107	0.253	0.254
LOKIASV2_2518_ESMFold_hypothetical_protein	AF-P54955-F1-model_v4	AF-P54955-F1-model_v4 N-acetylcysteine deacetylase	8.744E-01	0.098	31	67	152	380	177	291	380	119	0.226	0.303
LOKIASV2_2518_ESMFold_hypothetical_protein	AF-A1AA21-F1-model_v4	AF-A1AA21-F1-model_v4 Peptidase T	9.854E-01	0.098	31	53	150	380	205	317	408	123	0.258	0.277
LOKIASV2_2518_ESMFold_hypothetical_protein	AF-B5XSP2-F1-model_v4	AF-B5XSP2-F1-model_v4 Peptidase T	7.309E-01	0.098	31	53	150	380	205	317	410	124	0.258	0.276
LOKIASV2_2518_ESMFold_hypothetical_protein	AF-P23758-F1-model_v4	AF-P23758-F1-model_v4 Paired box pox-neuro protein	2.143E+00	0.098	31	166	262	380	43	134	425	107	0.255	0.216
LOKIASV2_2518_ESMFold_hypothetical_protein	AF-P0DD96-F1-model_v4	AF-P0DD96-F1-model_v4 Peptide chain release factor 3	6.885E-01	0.098	31	67	192	380	385	507	514	151	0.332	0.239
LOKIASV2_2518_ESMFold_hypothetical_protein	AF-P98074-F1-model_v4	AF-P98074-F1-model_v4 Enteropeptidase	3.166E-01	0.098	31	1	150	380	7	166	1034	178	0.395	0.155
LOKIASV2_2518_ESMFold_hypothetical_protein	AF-B7M458-F1-model_v4	AF-B7M458-F1-model_v4 Multidrug resistance protein MdtB	1.589E+00	0.098	31	64	159	380	48	156	1040	110	0.253	0.105
LOKIASV2_2518_ESMFold_hypothetical_protein	AF-A4WCC1-F1-model_v4	AF-A4WCC1-F1-model_v4 Multidrug resistance protein MdtB	7.309E-01	0.098	31	48	159	380	35	156	1040	128	0.295	0.117
LOKIASV2_2518_ESMFold_hypothetical_protein	AF-Q7ML77-F1-model_v4	AF-Q7ML77-F1-model_v4 Acylphosphatase	2.019E+00	0.090	30	68	150	380	4	78	90	88	0.218	0.833
LOKIASV2_2518_ESMFold_hypothetical_protein	AF-Q9PC61-F1-model_v4	AF-Q9PC61-F1-model_v4 Trp operon repressor homolog	5.252E+00	0.090	30	180	262	380	4	82	92	94	0.218	0.859
LOKIASV2_2518_ESMFold_hypothetical_protein	AF-Q57735-F1-model_v4	AF-Q57735-F1-model_v4 Uncharacterized protein MJ0287	3.896E+00	0.090	30	201	274	380	5	83	97	81	0.195	0.814
LOKIASV2_2518_ESMFold_hypothetical_protein	AF-Q6N510-F1-model_v4	AF-Q6N510-F1-model_v4 Acylphosphatase	2.275E+00	0.090	30	55	150	380	2	78	99	99	0.253	0.778
LOKIASV2_2518_ESMFold_hypothetical_protein	AF-D2BRP0-F1-model_v4	AF-D2BRP0-F1-model_v4 Modulator protein MzrA	1.329E+00	0.090	30	39	148	380	16	105	117	114	0.289	0.769
LOKIASV2_2518_ESMFold_hypothetical_protein	AF-A4THL5-F1-model_v4	AF-A4THL5-F1-model_v4 Modulator protein MzrA	1.902E+00	0.090	30	39	148	380	16	108	129	112	0.289	0.721
LOKIASV2_2518_ESMFold_hypothetical_protein	AF-Q727G4-F1-model_v4	AF-Q727G4-F1-model_v4 Putative nickel-responsive regulator	1.589E+00	0.090	30	38	150	380	33	133	139	121	0.297	0.727
LOKIASV2_2518_ESMFold_hypothetical_protein	AF-P55481-F1-model_v4	AF-P55481-F1-model_v4 Uncharacterized protein y4hN	7.518E+00	0.090	30	210	264	380	20	72	144	56	0.145	0.368
LOKIASV2_2518_ESMFold_hypothetical_protein	AF-Q93MD2-F1-model_v4	AF-Q93MD2-F1-model_v4 Resolvase	4.810E-01	0.090	30	114	260	380	67	188	189	159	0.387	0.646
LOKIASV2_2518_ESMFold_hypothetical_protein	AF-A4IKT9-F1-model_v4	AF-A4IKT9-F1-model_v4 HTH-type transcriptional regulator Hpr	1.902E+00	0.090	30	8	142	380	44	145	200	147	0.355	0.510
LOKIASV2_2518_ESMFold_hypothetical_protein	AF-C5D6L6-F1-model_v4	AF-C5D6L6-F1-model_v4 HTH-type transcriptional regulator Hpr	7.759E-01	0.090	30	8	233	380	44	201	201	241	0.595	0.786
LOKIASV2_2518_ESMFold_hypothetical_protein	AF-B7GFM4-F1-model_v4	AF-B7GFM4-F1-model_v4 Probable transcriptional regulatory protein Aflv_0709	5.755E-01	0.090	30	11	153	380	22	208	245	206	0.376	0.763
LOKIASV2_2518_ESMFold_hypothetical_protein	AF-Q9C8J2-F1-model_v4	AF-Q9C8J2-F1-model_v4 NifU-like protein 5, mitochondrial	2.564E+00	0.090	30	281	349	380	101	173	275	75	0.182	0.265
LOKIASV2_2518_ESMFold_hypothetical_protein	AF-P60093-F1-model_v4	AF-P60093-F1-model_v4 Ribosomal protein L11 methyltransferase	3.670E+00	0.090	30	68	148	380	2	75	290	85	0.213	0.255
LOKIASV2_2518_ESMFold_hypothetical_protein	AF-E8N5I9-F1-model_v4	AF-E8N5I9-F1-model_v4 Protein translocase subunit SecF	1.252E+00	0.090	30	60	148	380	21	109	308	104	0.234	0.289
LOKIASV2_2518_ESMFold_hypothetical_protein	AF-B8D9F0-F1-model_v4	AF-B8D9F0-F1-model_v4 tRNA uridine(34) hydroxylase	3.670E+00	0.090	30	45	146	380	10	95	324	106	0.268	0.265
LOKIASV2_2518_ESMFold_hypothetical_protein	AF-Q2VL58-F1-model_v4	AF-Q2VL58-F1-model_v4 Paired box protein Pax-9	3.256E+00	0.090	30	166	261	380	42	135	341	107	0.253	0.276
LOKIASV2_2518_ESMFold_hypothetical_protein	AF-Q2VL56-F1-model_v4	AF-Q2VL56-F1-model_v4 Paired box protein Pax-9	3.067E+00	0.090	30	166	261	380	42	135	341	107	0.253	0.276
LOKIASV2_2518_ESMFold_hypothetical_protein	AF-Q2VL59-F1-model_v4	AF-Q2VL59-F1-model_v4 Paired box protein Pax-9	2.275E+00	0.090	30	166	261	380	42	135	341	108	0.253	0.276
LOKIASV2_2518_ESMFold_hypothetical_protein	AF-A4W968-F1-model_v4	AF-A4W968-F1-model_v4 tRNA uridine(34) hydroxylase	4.948E+00	0.090	30	61	148	380	14	97	349	96	0.232	0.241
LOKIASV2_2518_ESMFold_hypothetical_protein	AF-B7MIJ6-F1-model_v4	AF-B7MIJ6-F1-model_v4 tRNA uridine(34) hydroxylase	4.948E+00	0.090	30	61	148	380	14	97	350	96	0.232	0.240
LOKIASV2_2518_ESMFold_hypothetical_protein	AF-Q57QC7-F1-model_v4	AF-Q57QC7-F1-model_v4 Peptidase T	1.252E+00	0.090	30	53	150	380	205	317	409	123	0.258	0.276
LOKIASV2_2518_ESMFold_hypothetical_protein	AF-B5FK77-F1-model_v4	AF-B5FK77-F1-model_v4 Peptidase T	1.252E+00	0.090	30	53	150	380	205	317	409	123	0.258	0.276
LOKIASV2_2518_ESMFold_hypothetical_protein	AF-Q1GYE9-F1-model_v4	AF-Q1GYE9-F1-model_v4 Glutamyl-tRNA reductase	4.268E-01	0.090	30	69	198	380	2	159	414	176	0.342	0.382
LOKIASV2_2518_ESMFold_hypothetical_protein	AF-Q1DCC8-F1-model_v4	AF-Q1DCC8-F1-model_v4 CinA-like protein	9.024E-02	0.090	30	40	338	380	164	415	421	337	0.787	0.599
LOKIASV2_2518_ESMFold_hypothetical_protein	AF-Q9KT84-F1-model_v4	AF-Q9KT84-F1-model_v4 Regulatory protein LuxO	1.589E+00	0.090	30	163	261	380	334	448	455	118	0.261	0.253
LOKIASV2_2518_ESMFold_hypothetical_protein	AF-Q46CQ6-F1-model_v4	AF-Q46CQ6-F1-model_v4 Phenylalanine--tRNA ligase alpha subunit	5.939E-02	0.090	30	1	346	380	1	219	492	365	0.911	0.445
LOKIASV2_2518_ESMFold_hypothetical_protein	AF-C1CPU9-F1-model_v4	AF-C1CPU9-F1-model_v4 Peptide chain release factor 3	8.744E-01	0.090	30	68	192	380	385	507	514	150	0.329	0.239
LOKIASV2_2518_ESMFold_hypothetical_protein	AF-Q721H8-F1-model_v4	AF-Q721H8-F1-model_v4 Peptide chain release factor 3	9.282E-01	0.090	30	67	192	380	392	515	522	147	0.332	0.238
LOKIASV2_2518_ESMFold_hypothetical_protein	AF-Q47810-F1-model_v4	AF-Q47810-F1-model_v4 Tetracycline resistance protein TetM from transposon TnFO1	8.501E-02	0.090	30	68	379	380	344	637	639	386	0.821	0.460
LOKIASV2_2518_ESMFold_hypothetical_protein	AF-P37484-F1-model_v4	AF-P37484-F1-model_v4 Cyclic-di-AMP phosphodiesterase GdpP	1.111E+00	0.090	30	44	148	380	160	265	659	121	0.276	0.161
LOKIASV2_2518_ESMFold_hypothetical_protein	AF-A8P1W0-F1-model_v4	AF-A8P1W0-F1-model_v4 Elongation factor G, mitochondrial	3.468E-02	0.090	30	67	379	380	521	811	818	376	0.824	0.356
LOKIASV2_2518_ESMFold_hypothetical_protein	AF-A6TBH4-F1-model_v4	AF-A6TBH4-F1-model_v4 Multidrug resistance protein MdtB	1.329E+00	0.090	30	64	171	380	48	168	1040	122	0.284	0.116
LOKIASV2_2518_ESMFold_hypothetical_protein	AF-B7NCB1-F1-model_v4	AF-B7NCB1-F1-model_v4 Multidrug resistance protein MdtB	1.410E+00	0.090	30	64	171	380	48	168	1040	122	0.284	0.116
LOKIASV2_2518_ESMFold_hypothetical_protein	AF-A1ACT0-F1-model_v4	AF-A1ACT0-F1-model_v4 Multidrug resistance protein MdtB	7.309E-01	0.090	30	39	171	380	23	168	1040	150	0.350	0.140
LOKIASV2_2518_ESMFold_hypothetical_protein	AF-P76398-F1-model_v4	AF-P76398-F1-model_v4 Multidrug resistance protein MdtB	2.019E+00	0.090	30	64	159	380	48	156	1040	110	0.253	0.105
LOKIASV2_2518_ESMFold_hypothetical_protein	AF-Q0TG15-F1-model_v4	AF-Q0TG15-F1-model_v4 Multidrug resistance protein MdtB	7.309E-01	0.090	30	39	171	380	23	168	1040	150	0.350	0.140
LOKIASV2_2518_ESMFold_hypothetical_protein	AF-Q7N3E2-F1-model_v4	AF-Q7N3E2-F1-model_v4 Multidrug resistance protein MdtB	8.237E-01	0.090	30	39	171	380	24	168	1048	151	0.350	0.138
LOKIASV2_2518_ESMFold_hypothetical_protein	AF-A9WAI7-F1-model_v4	AF-A9WAI7-F1-model_v4 Acylphosphatase	1.179E+00	0.082	29	55	148	380	2	76	92	98	0.247	0.815
LOKIASV2_2518_ESMFold_hypothetical_protein	AF-A7H8A3-F1-model_v4	AF-A7H8A3-F1-model_v4 Acylphosphatase	2.019E+00	0.082	29	67	148	380	2	77	93	89	0.216	0.817
LOKIASV2_2518_ESMFold_hypothetical_protein	AF-E6WE99-F1-model_v4	AF-E6WE99-F1-model_v4 Modulator protein MzrA	2.143E+00	0.082	29	39	194	380	14	122	122	156	0.411	0.893
LOKIASV2_2518_ESMFold_hypothetical_protein	AF-Q6G757-F1-model_v4	AF-Q6G757-F1-model_v4 Uncharacterized HTH-type transcriptional regulator SAS2155	1.497E+00	0.082	29	217	379	380	30	134	146	168	0.429	0.719
LOKIASV2_2518_ESMFold_hypothetical_protein	AF-A7X3L7-F1-model_v4	AF-A7X3L7-F1-model_v4 RNA polymerase sigma factor SigS	1.410E+00	0.082	29	81	259	380	1	149	156	193	0.471	0.955
LOKIASV2_2518_ESMFold_hypothetical_protein	AF-P0A9I4-F1-model_v4	AF-P0A9I4-F1-model_v4 Glycine cleavage system transcriptional repressor	5.106E-01	0.082	29	56	365	380	6	181	190	331	0.816	0.926
LOKIASV2_2518_ESMFold_hypothetical_protein	AF-Q1GAZ3-F1-model_v4	AF-Q1GAZ3-F1-model_v4 Probable transcriptional regulatory protein Ldb0677	8.237E-01	0.082	29	10	153	380	21	207	243	202	0.379	0.770
LOKIASV2_2518_ESMFold_hypothetical_protein	AF-Q7V5W3-F1-model_v4	AF-Q7V5W3-F1-model_v4 Probable transcriptional regulatory protein PMT_1423	6.885E-01	0.082	29	220	379	380	30	232	247	217	0.421	0.822
LOKIASV2_2518_ESMFold_hypothetical_protein	AF-Q6AFB7-F1-model_v4	AF-Q6AFB7-F1-model_v4 Probable transcriptional regulatory protein Lxx10750	7.309E-01	0.082	29	10	153	380	23	208	252	205	0.379	0.738
LOKIASV2_2518_ESMFold_hypothetical_protein	AF-B1L927-F1-model_v4	AF-B1L927-F1-model_v4 Probable transcriptional regulatory protein TRQ2_0469	2.809E-01	0.082	29	10	171	380	23	221	253	223	0.426	0.787
LOKIASV2_2518_ESMFold_hypothetical_protein	AF-A5ERV4-F1-model_v4	AF-A5ERV4-F1-model_v4 Urease accessory protein UreD 3	4.948E+00	0.082	29	85	142	380	219	273	278	59	0.153	0.198
LOKIASV2_2518_ESMFold_hypothetical_protein	AF-Q63VX9-F1-model_v4	AF-Q63VX9-F1-model_v4 tRNA uridine(34) hydroxylase	4.948E+00	0.082	29	69	148	380	3	81	299	84	0.211	0.264
LOKIASV2_2518_ESMFold_hypothetical_protein	AF-P0AG94-F1-model_v4	AF-P0AG94-F1-model_v4 Protein translocase subunit SecF	4.390E+00	0.082	29	61	148	380	41	128	323	95	0.232	0.272
LOKIASV2_2518_ESMFold_hypothetical_protein	AF-B5F952-F1-model_v4	AF-B5F952-F1-model_v4 tRNA uridine(34) hydroxylase	7.981E+00	0.082	29	61	148	380	14	97	350	96	0.232	0.240
LOKIASV2_2518_ESMFold_hypothetical_protein	AF-A9MH08-F1-model_v4	AF-A9MH08-F1-model_v4 tRNA uridine(34) hydroxylase	6.671E+00	0.082	29	61	148	380	14	97	350	91	0.232	0.240
LOKIASV2_2518_ESMFold_hypothetical_protein	AF-Q8ZQ23-F1-model_v4	AF-Q8ZQ23-F1-model_v4 tRNA uridine(34) hydroxylase	8.994E+00	0.082	29	61	148	380	14	97	350	91	0.232	0.240
LOKIASV2_2518_ESMFold_hypothetical_protein	AF-A0M6C1-F1-model_v4	AF-A0M6C1-F1-model_v4 Glutamyl-tRNA reductase	1.791E+00	0.082	29	63	149	380	2	95	418	104	0.229	0.225
LOKIASV2_2518_ESMFold_hypothetical_protein	AF-P09083-F1-model_v4	AF-P09083-F1-model_v4 Protein gooseberry-neuro	1.456E-01	0.082	29	6	261	380	35	238	449	282	0.674	0.454
LOKIASV2_2518_ESMFold_hypothetical_protein	AF-Q5YTV5-F1-model_v4	AF-Q5YTV5-F1-model_v4 Rifampicin monooxygenase	3.067E+00	0.082	29	61	150	380	157	257	473	103	0.237	0.214
LOKIASV2_2518_ESMFold_hypothetical_protein	AF-P24610-F1-model_v4	AF-P24610-F1-model_v4 Paired box protein Pax-3	1.456E-01	0.082	29	6	261	380	49	275	479	302	0.674	0.474
LOKIASV2_2518_ESMFold_hypothetical_protein	AF-F4IRQ5-F1-model_v4	AF-F4IRQ5-F1-model_v4 tRNA(His) guanylyltransferase 1	3.682E-02	0.082	29	39	360	380	36	446	567	480	0.847	0.725
LOKIASV2_2518_ESMFold_hypothetical_protein	AF-P10952-F1-model_v4	AF-P10952-F1-model_v4 Tetracycline resistance protein TetO	5.939E-02	0.082	29	68	380	380	344	639	639	392	0.824	0.463
LOKIASV2_2518_ESMFold_hypothetical_protein	AF-O87844-F1-model_v4	AF-O87844-F1-model_v4 Elongation factor G 2	1.080E-01	0.082	29	67	356	380	399	683	686	367	0.763	0.415
LOKIASV2_2518_ESMFold_hypothetical_protein	AF-Q2IK81-F1-model_v4	AF-Q2IK81-F1-model_v4 Elongation factor G 2	1.371E-01	0.082	29	67	378	380	402	690	694	383	0.821	0.416
LOKIASV2_2518_ESMFold_hypothetical_protein	AF-Q6BPD3-F1-model_v4	AF-Q6BPD3-F1-model_v4 Elongation factor G, mitochondrial	6.693E-02	0.082	29	68	377	380	480	768	769	380	0.816	0.376
LOKIASV2_2518_ESMFold_hypothetical_protein	AF-B0Y604-F1-model_v4	AF-B0Y604-F1-model_v4 Elongation factor G, mitochondrial	8.007E-02	0.082	29	67	379	380	507	796	802	373	0.824	0.362
LOKIASV2_2518_ESMFold_hypothetical_protein	AF-Q55BC0-F1-model_v4	AF-Q55BC0-F1-model_v4 ABC transporter A family member 8	2.275E+00	0.082	29	66	148	380	743	818	837	86	0.218	0.091
LOKIASV2_2518_ESMFold_hypothetical_protein	AF-P98073-F1-model_v4	AF-P98073-F1-model_v4 Enteropeptidase	1.179E+00	0.082	29	39	147	380	38	158	1019	132	0.287	0.119
LOKIASV2_2518_ESMFold_hypothetical_protein	AF-B7LV39-F1-model_v4	AF-B7LV39-F1-model_v4 Multidrug resistance protein MdtB	9.282E-01	0.082	29	39	171	380	23	168	1040	150	0.350	0.140
LOKIASV2_2518_ESMFold_hypothetical_protein	AF-B1LNW6-F1-model_v4	AF-B1LNW6-F1-model_v4 Multidrug resistance protein MdtB	1.902E+00	0.082	29	64	171	380	48	168	1040	122	0.284	0.116
LOKIASV2_2518_ESMFold_hypothetical_protein	AF-Q3Z0C9-F1-model_v4	AF-Q3Z0C9-F1-model_v4 Multidrug resistance protein MdtB	5.421E-01	0.082	29	1	171	380	5	168	1040	188	0.450	0.158
LOKIASV2_2518_ESMFold_hypothetical_protein	AF-Q1R9Z6-F1-model_v4	AF-Q1R9Z6-F1-model_v4 Multidrug resistance protein MdtB	5.421E-01	0.082	29	1	171	380	4	168	1040	188	0.450	0.159
LOKIASV2_2518_ESMFold_hypothetical_protein	AF-B4T9U1-F1-model_v4	AF-B4T9U1-F1-model_v4 Multidrug resistance protein MdtB	1.687E+00	0.082	29	64	171	380	48	168	1040	122	0.284	0.116
LOKIASV2_2518_ESMFold_hypothetical_protein	AF-B5EXV7-F1-model_v4	AF-B5EXV7-F1-model_v4 Multidrug resistance protein MdtB	1.902E+00	0.082	29	64	171	380	48	168	1040	122	0.284	0.116
LOKIASV2_2518_ESMFold_hypothetical_protein	AF-Q8Z5F7-F1-model_v4	AF-Q8Z5F7-F1-model_v4 Multidrug resistance protein MdtB	1.111E+00	0.082	29	48	171	380	35	168	1040	138	0.326	0.129
LOKIASV2_2518_ESMFold_hypothetical_protein	AF-A9MKX0-F1-model_v4	AF-A9MKX0-F1-model_v4 Multidrug resistance protein MdtB	5.106E-01	0.082	29	1	169	380	4	170	1040	189	0.445	0.161
LOKIASV2_2518_ESMFold_hypothetical_protein	AF-B6HYS0-F1-model_v4	AF-B6HYS0-F1-model_v4 Multidrug resistance protein MdtB	8.744E-01	0.082	29	39	171	380	23	168	1040	150	0.350	0.140
LOKIASV2_2518_ESMFold_hypothetical_protein	AF-B1X7H1-F1-model_v4	AF-B1X7H1-F1-model_v4 Multidrug resistance protein MdtB	1.791E+00	0.082	29	64	171	380	48	168	1040	122	0.284	0.116
LOKIASV2_2518_ESMFold_hypothetical_protein	AF-Q8FG04-F1-model_v4	AF-Q8FG04-F1-model_v4 Multidrug resistance protein MdtB	1.046E+00	0.082	29	39	171	380	23	168	1040	150	0.350	0.140
LOKIASV2_2518_ESMFold_hypothetical_protein	AF-Q8R420-F1-model_v4	AF-Q8R420-F1-model_v4 Phospholipid-transporting ATPase ABCA3	2.646E-01	0.082	29	61	232	380	750	916	1704	190	0.453	0.098
LOKIASV2_2518_ESMFold_hypothetical_protein	AF-Q1QLD8-F1-model_v4	AF-Q1QLD8-F1-model_v4 Acylphosphatase	3.256E+00	0.076	28	68	150	380	4	78	99	87	0.218	0.758
LOKIASV2_2518_ESMFold_hypothetical_protein	AF-Q90YP9-F1-model_v4	AF-Q90YP9-F1-model_v4 40S ribosomal protein S25	2.564E+00	0.076	28	195	267	380	20	107	124	91	0.192	0.710
LOKIASV2_2518_ESMFold_hypothetical_protein	AF-P58829-F1-model_v4	AF-P58829-F1-model_v4 UPF0201 protein MK0399	2.019E+00	0.076	28	67	137	380	2	70	159	72	0.187	0.434
LOKIASV2_2518_ESMFold_hypothetical_protein	AF-Q92BH9-F1-model_v4	AF-Q92BH9-F1-model_v4 Probable transcriptional regulatory protein lin1570	7.309E-01	0.076	28	10	153	380	21	207	241	201	0.379	0.776
LOKIASV2_2518_ESMFold_hypothetical_protein	AF-Q5FL22-F1-model_v4	AF-Q5FL22-F1-model_v4 Probable transcriptional regulatory protein LBA0733	6.485E-01	0.076	28	10	153	380	23	207	242	200	0.379	0.764
LOKIASV2_2518_ESMFold_hypothetical_protein	AF-Q8SY96-F1-model_v4	AF-Q8SY96-F1-model_v4 NFU1 iron-sulfur cluster scaffold homolog, mitochondrial	3.067E+00	0.076	28	281	350	380	94	165	283	75	0.184	0.254
LOKIASV2_2518_ESMFold_hypothetical_protein	AF-A4JGJ9-F1-model_v4	AF-A4JGJ9-F1-model_v4 tRNA uridine(34) hydroxylase	5.919E+00	0.076	28	69	148	380	3	81	284	84	0.211	0.278
LOKIASV2_2518_ESMFold_hypothetical_protein	AF-Q62IG1-F1-model_v4	AF-Q62IG1-F1-model_v4 tRNA uridine(34) hydroxylase	5.252E+00	0.076	28	69	148	380	3	81	299	85	0.211	0.264
LOKIASV2_2518_ESMFold_hypothetical_protein	AF-A1V2D0-F1-model_v4	AF-A1V2D0-F1-model_v4 tRNA uridine(34) hydroxylase	5.919E+00	0.076	28	69	148	380	3	81	299	84	0.211	0.264
LOKIASV2_2518_ESMFold_hypothetical_protein	AF-P57446-F1-model_v4	AF-P57446-F1-model_v4 tRNA uridine(34) hydroxylase	4.136E+00	0.076	28	45	148	380	10	97	324	108	0.274	0.272
LOKIASV2_2518_ESMFold_hypothetical_protein	AF-B2K776-F1-model_v4	AF-B2K776-F1-model_v4 tRNA uridine(34) hydroxylase	8.472E+00	0.076	28	61	146	380	14	95	355	89	0.226	0.231
LOKIASV2_2518_ESMFold_hypothetical_protein	AF-Q669J6-F1-model_v4	AF-Q669J6-F1-model_v4 tRNA uridine(34) hydroxylase	8.472E+00	0.076	28	61	148	380	17	97	355	89	0.232	0.228
LOKIASV2_2518_ESMFold_hypothetical_protein	AF-Q5PMK2-F1-model_v4	AF-Q5PMK2-F1-model_v4 Peptidase T	1.329E+00	0.076	28	53	150	380	205	317	409	124	0.258	0.276
LOKIASV2_2518_ESMFold_hypothetical_protein	AF-B4TTK0-F1-model_v4	AF-B4TTK0-F1-model_v4 Peptidase T	1.111E+00	0.076	28	53	150	380	205	317	409	124	0.258	0.276
LOKIASV2_2518_ESMFold_hypothetical_protein	AF-B5QXA9-F1-model_v4	AF-B5QXA9-F1-model_v4 Peptidase T	1.111E+00	0.076	28	53	150	380	205	317	409	124	0.258	0.276
LOKIASV2_2518_ESMFold_hypothetical_protein	AF-A8GDC2-F1-model_v4	AF-A8GDC2-F1-model_v4 Peptidase T	1.791E+00	0.076	28	67	150	380	209	317	409	110	0.221	0.267
LOKIASV2_2518_ESMFold_hypothetical_protein	AF-B5RB75-F1-model_v4	AF-B5RB75-F1-model_v4 Peptidase T	1.046E+00	0.076	28	53	150	380	205	317	409	124	0.258	0.276
LOKIASV2_2518_ESMFold_hypothetical_protein	AF-Q03EQ4-F1-model_v4	AF-Q03EQ4-F1-model_v4 Putative competence-damage inducible protein	1.741E-01	0.076	28	36	341	380	151	410	413	335	0.805	0.630
LOKIASV2_2518_ESMFold_hypothetical_protein	AF-Q74GV1-F1-model_v4	AF-Q74GV1-F1-model_v4 CinA-like protein	1.849E-01	0.076	28	38	339	380	153	412	413	340	0.795	0.630
LOKIASV2_2518_ESMFold_hypothetical_protein	AF-P52985-F1-model_v4	AF-P52985-F1-model_v4 Homoserine dehydrogenase	2.564E+00	0.076	28	67	150	380	348	424	428	90	0.221	0.180
LOKIASV2_2518_ESMFold_hypothetical_protein	AF-Q06710-F1-model_v4	AF-Q06710-F1-model_v4 Paired box protein Pax-8	3.670E+00	0.076	28	166	255	380	47	133	450	101	0.237	0.193
LOKIASV2_2518_ESMFold_hypothetical_protein	AF-Q645N4-F1-model_v4	AF-Q645N4-F1-model_v4 Paired box protein Pax-3-A	1.017E-01	0.076	28	1	261	380	31	276	484	304	0.687	0.508
LOKIASV2_2518_ESMFold_hypothetical_protein	AF-Q8BUZ3-F1-model_v4	AF-Q8BUZ3-F1-model_v4 Tigger transposable element-derived protein 4	9.548E+00	0.076	28	210	260	380	10	63	513	54	0.134	0.105
LOKIASV2_2518_ESMFold_hypothetical_protein	AF-B8DEE7-F1-model_v4	AF-B8DEE7-F1-model_v4 Peptide chain release factor 3	1.179E+00	0.076	28	67	192	380	392	515	522	149	0.332	0.238
LOKIASV2_2518_ESMFold_hypothetical_protein	AF-O88022-F1-model_v4	AF-O88022-F1-model_v4 Putative membrane protein SCO6666	8.744E-01	0.076	28	10	148	380	20	157	705	158	0.366	0.196
LOKIASV2_2518_ESMFold_hypothetical_protein	AF-O15816-F1-model_v4	AF-O15816-F1-model_v4 Myb-like protein B	1.687E+00	0.076	28	117	255	380	369	483	711	142	0.366	0.162
LOKIASV2_2518_ESMFold_hypothetical_protein	AF-Q0VKZ4-F1-model_v4	AF-Q0VKZ4-F1-model_v4 HTH-type transcriptional regulator AlkS	1.252E+00	0.076	28	120	274	380	734	863	872	160	0.408	0.149
LOKIASV2_2518_ESMFold_hypothetical_protein	AF-C6DBC8-F1-model_v4	AF-C6DBC8-F1-model_v4 Multidrug resistance protein MdtC	2.564E+00	0.076	28	14	167	380	4	156	1026	172	0.405	0.149
LOKIASV2_2518_ESMFold_hypothetical_protein	AF-B7L9U8-F1-model_v4	AF-B7L9U8-F1-model_v4 Multidrug resistance protein MdtB	1.902E+00	0.076	28	67	171	380	51	168	1040	119	0.276	0.113
LOKIASV2_2518_ESMFold_hypothetical_protein	AF-Q8X7J4-F1-model_v4	AF-Q8X7J4-F1-model_v4 Multidrug resistance protein MdtB	8.237E-01	0.076	28	1	171	380	4	168	1040	187	0.450	0.159
LOKIASV2_2518_ESMFold_hypothetical_protein	AF-B7UTB3-F1-model_v4	AF-B7UTB3-F1-model_v4 Multidrug resistance protein MdtB	2.143E+00	0.076	28	64	171	380	48	168	1040	122	0.284	0.116
LOKIASV2_2518_ESMFold_hypothetical_protein	AF-Q323E0-F1-model_v4	AF-Q323E0-F1-model_v4 Multidrug resistance protein MdtB	1.252E+00	0.076	28	39	171	380	23	168	1040	150	0.350	0.140
LOKIASV2_2518_ESMFold_hypothetical_protein	AF-B4SXW0-F1-model_v4	AF-B4SXW0-F1-model_v4 Multidrug resistance protein MdtB	2.275E+00	0.076	28	64	171	380	48	168	1040	122	0.284	0.116
LOKIASV2_2518_ESMFold_hypothetical_protein	AF-B7NQB1-F1-model_v4	AF-B7NQB1-F1-model_v4 Multidrug resistance protein MdtB	7.309E-01	0.076	28	1	171	380	4	168	1040	188	0.450	0.159
LOKIASV2_2518_ESMFold_hypothetical_protein	AF-A7ZNP8-F1-model_v4	AF-A7ZNP8-F1-model_v4 Multidrug resistance protein MdtB	1.179E+00	0.076	28	39	171	380	23	168	1040	150	0.350	0.140
LOKIASV2_2518_ESMFold_hypothetical_protein	AF-B5FMU6-F1-model_v4	AF-B5FMU6-F1-model_v4 Multidrug resistance protein MdtB	2.019E+00	0.076	28	48	158	380	35	155	1040	125	0.292	0.116
LOKIASV2_2518_ESMFold_hypothetical_protein	AF-Q87D16-F1-model_v4	AF-Q87D16-F1-model_v4 Trp operon repressor homolog	7.981E+00	0.069	27	180	262	380	4	82	92	94	0.218	0.859
LOKIASV2_2518_ESMFold_hypothetical_protein	AF-Q3A2F4-F1-model_v4	AF-Q3A2F4-F1-model_v4 Acylphosphatase	6.284E+00	0.069	27	68	150	380	2	78	92	91	0.218	0.837
LOKIASV2_2518_ESMFold_hypothetical_protein	AF-Q0SL54-F1-model_v4	AF-Q0SL54-F1-model_v4 Acylphosphatase	5.576E+00	0.069	27	276	357	380	2	80	93	88	0.216	0.849
LOKIASV2_2518_ESMFold_hypothetical_protein	AF-Q8NNW4-F1-model_v4	AF-Q8NNW4-F1-model_v4 Acylphosphatase	3.067E+00	0.069	27	69	150	380	5	84	94	91	0.216	0.851
LOKIASV2_2518_ESMFold_hypothetical_protein	AF-Q2LTM9-F1-model_v4	AF-Q2LTM9-F1-model_v4 Acylphosphatase	4.136E+00	0.069	27	68	150	380	3	77	96	88	0.218	0.781
LOKIASV2_2518_ESMFold_hypothetical_protein	AF-Q9N9V4-F1-model_v4	AF-Q9N9V4-F1-model_v4 40S ribosomal protein S25	4.390E+00	0.069	27	180	262	380	10	88	120	91	0.218	0.658
LOKIASV2_2518_ESMFold_hypothetical_protein	AF-A7MIS1-F1-model_v4	AF-A7MIS1-F1-model_v4 Modulator protein MzrA	2.019E+00	0.069	27	277	380	380	34	127	127	108	0.274	0.740
LOKIASV2_2518_ESMFold_hypothetical_protein	AF-P42615-F1-model_v4	AF-P42615-F1-model_v4 Modulator protein MzrA	1.410E+00	0.069	27	39	198	380	16	127	127	164	0.421	0.882
LOKIASV2_2518_ESMFold_hypothetical_protein	AF-O83709-F1-model_v4	AF-O83709-F1-model_v4 Uncharacterized protein TP_0711	5.576E+00	0.069	27	195	261	380	127	189	190	67	0.176	0.332
LOKIASV2_2518_ESMFold_hypothetical_protein	AF-A8YUH0-F1-model_v4	AF-A8YUH0-F1-model_v4 Probable transcriptional regulatory protein lhv_0777	7.309E-01	0.069	27	10	153	380	23	207	242	201	0.379	0.764
LOKIASV2_2518_ESMFold_hypothetical_protein	AF-Q04BD3-F1-model_v4	AF-Q04BD3-F1-model_v4 Probable transcriptional regulatory protein LBUL_0609	1.111E+00	0.069	27	10	153	380	21	207	243	202	0.379	0.770
LOKIASV2_2518_ESMFold_hypothetical_protein	AF-Q5KWQ7-F1-model_v4	AF-Q5KWQ7-F1-model_v4 Probable transcriptional regulatory protein GK2594	7.759E-01	0.069	27	11	153	380	22	208	246	206	0.376	0.760
LOKIASV2_2518_ESMFold_hypothetical_protein	AF-C5CGU7-F1-model_v4	AF-C5CGU7-F1-model_v4 Probable transcriptional regulatory protein Kole_1935	4.021E-01	0.069	27	10	174	380	24	228	252	228	0.434	0.813
LOKIASV2_2518_ESMFold_hypothetical_protein	AF-Q9UMS0-F1-model_v4	AF-Q9UMS0-F1-model_v4 NFU1 iron-sulfur cluster scaffold homolog, mitochondrial	3.457E+00	0.069	27	277	348	380	70	156	254	89	0.189	0.343
LOKIASV2_2518_ESMFold_hypothetical_protein	AF-Q97BP2-F1-model_v4	AF-Q97BP2-F1-model_v4 Translation initiation factor 2 subunit alpha	3.670E+00	0.069	27	38	150	380	157	253	254	119	0.297	0.382
LOKIASV2_2518_ESMFold_hypothetical_protein	AF-Q9QZ23-F1-model_v4	AF-Q9QZ23-F1-model_v4 NFU1 iron-sulfur cluster scaffold homolog, mitochondrial	2.722E+00	0.069	27	277	349	380	68	155	255	90	0.192	0.345
LOKIASV2_2518_ESMFold_hypothetical_protein	AF-Q6N3M9-F1-model_v4	AF-Q6N3M9-F1-model_v4 Urease accessory protein UreD	6.284E+00	0.069	27	85	134	380	220	266	279	51	0.132	0.168
LOKIASV2_2518_ESMFold_hypothetical_protein	AF-B4R3T1-F1-model_v4	AF-B4R3T1-F1-model_v4 NFU1 iron-sulfur cluster scaffold homolog, mitochondrial	3.670E+00	0.069	27	281	350	380	94	165	283	75	0.184	0.254
LOKIASV2_2518_ESMFold_hypothetical_protein	AF-Q9LIG6-F1-model_v4	AF-Q9LIG6-F1-model_v4 NifU-like protein 4, mitochondrial	2.889E+00	0.069	27	277	345	380	91	174	283	89	0.182	0.297
LOKIASV2_2518_ESMFold_hypothetical_protein	AF-B4E6D6-F1-model_v4	AF-B4E6D6-F1-model_v4 tRNA uridine(34) hydroxylase	7.082E+00	0.069	27	69	148	380	3	81	284	85	0.211	0.278
LOKIASV2_2518_ESMFold_hypothetical_protein	AF-B2KBZ0-F1-model_v4	AF-B2KBZ0-F1-model_v4 Protein translocase subunit SecF	7.518E+00	0.069	27	65	148	380	43	115	321	85	0.221	0.227
LOKIASV2_2518_ESMFold_hypothetical_protein	AF-A9KKT8-F1-model_v4	AF-A9KKT8-F1-model_v4 Ribosomal protein L11 methyltransferase	3.067E+00	0.069	27	276	354	380	2	102	333	107	0.208	0.303
LOKIASV2_2518_ESMFold_hypothetical_protein	AF-A1A9V1-F1-model_v4	AF-A1A9V1-F1-model_v4 tRNA uridine(34) hydroxylase	7.981E+00	0.069	27	61	148	380	14	97	350	94	0.232	0.240
LOKIASV2_2518_ESMFold_hypothetical_protein	AF-Q8ZDV4-F1-model_v4	AF-Q8ZDV4-F1-model_v4 tRNA uridine(34) hydroxylase	9.548E+00	0.069	27	61	146	380	17	95	355	87	0.226	0.223
LOKIASV2_2518_ESMFold_hypothetical_protein	AF-Q2IFM3-F1-model_v4	AF-Q2IFM3-F1-model_v4 CinA-like protein	1.640E-01	0.069	27	38	336	380	156	406	408	329	0.787	0.615
LOKIASV2_2518_ESMFold_hypothetical_protein	AF-B4UD97-F1-model_v4	AF-B4UD97-F1-model_v4 CinA-like protein	1.963E-01	0.069	27	70	336	380	178	406	408	296	0.703	0.561
LOKIASV2_2518_ESMFold_hypothetical_protein	AF-Q8Z7H6-F1-model_v4	AF-Q8Z7H6-F1-model_v4 Peptidase T	1.329E+00	0.069	27	53	150	380	205	317	409	124	0.258	0.276
LOKIASV2_2518_ESMFold_hypothetical_protein	AF-C0Q764-F1-model_v4	AF-C0Q764-F1-model_v4 Peptidase T	1.179E+00	0.069	27	53	150	380	205	317	409	124	0.258	0.276
LOKIASV2_2518_ESMFold_hypothetical_protein	AF-P32114-F1-model_v4	AF-P32114-F1-model_v4 Paired box protein Pax-2	3.457E+00	0.069	27	166	255	380	53	139	414	101	0.237	0.210
LOKIASV2_2518_ESMFold_hypothetical_protein	AF-B2HDA1-F1-model_v4	AF-B2HDA1-F1-model_v4 CinA-like protein	1.371E-01	0.069	27	6	335	380	95	421	425	397	0.868	0.769
LOKIASV2_2518_ESMFold_hypothetical_protein	AF-Q7MM78-F1-model_v4	AF-Q7MM78-F1-model_v4 Regulatory protein LuxO	2.889E+00	0.069	27	163	261	380	354	448	453	107	0.261	0.210
LOKIASV2_2518_ESMFold_hypothetical_protein	AF-P51974-F1-model_v4	AF-P51974-F1-model_v4 Paired box protein Pax-8	3.896E+00	0.069	27	166	255	380	47	133	457	101	0.237	0.190
LOKIASV2_2518_ESMFold_hypothetical_protein	AF-Q5R9M8-F1-model_v4	AF-Q5R9M8-F1-model_v4 Paired box protein Pax-8	5.576E+00	0.069	27	166	255	380	47	134	457	100	0.237	0.193
LOKIASV2_2518_ESMFold_hypothetical_protein	AF-P47240-F1-model_v4	AF-P47240-F1-model_v4 Paired box protein Pax-8	3.896E+00	0.069	27	166	255	380	47	133	459	101	0.237	0.190
LOKIASV2_2518_ESMFold_hypothetical_protein	AF-Q9PUK5-F1-model_v4	AF-Q9PUK5-F1-model_v4 Paired box protein Pax-8	3.256E+00	0.069	27	166	259	380	64	158	465	109	0.247	0.204
LOKIASV2_2518_ESMFold_hypothetical_protein	AF-Q8PWV6-F1-model_v4	AF-Q8PWV6-F1-model_v4 Phenylalanine--tRNA ligase alpha subunit	1.292E-01	0.069	27	1	346	380	3	222	495	366	0.911	0.444
LOKIASV2_2518_ESMFold_hypothetical_protein	AF-P15863-F1-model_v4	AF-P15863-F1-model_v4 Paired box protein Pax-1	3.256E+00	0.069	27	166	261	380	136	229	534	108	0.253	0.176
LOKIASV2_2518_ESMFold_hypothetical_protein	AF-Q6FUQ6-F1-model_v4	AF-Q6FUQ6-F1-model_v4 Elongation factor G, mitochondrial	7.105E-02	0.069	27	67	379	380	466	753	757	386	0.824	0.380
LOKIASV2_2518_ESMFold_hypothetical_protein	AF-Q0CZH0-F1-model_v4	AF-Q0CZH0-F1-model_v4 FAD-linked oxidoreductase pytB	5.576E+00	0.069	27	67	148	380	233	309	807	88	0.216	0.095
LOKIASV2_2518_ESMFold_hypothetical_protein	AF-Q0TZN8-F1-model_v4	AF-Q0TZN8-F1-model_v4 Nitrogen permease regulator 3	5.919E+00	0.069	27	179	267	380	779	868	870	97	0.234	0.103
LOKIASV2_2518_ESMFold_hypothetical_protein	AF-Q8T5Z7-F1-model_v4	AF-Q8T5Z7-F1-model_v4 ABC transporter A family member 1	3.256E+00	0.069	27	61	148	380	775	856	877	95	0.232	0.094
LOKIASV2_2518_ESMFold_hypothetical_protein	AF-B5EXV8-F1-model_v4	AF-B5EXV8-F1-model_v4 Multidrug resistance protein MdtC	4.136E+00	0.069	27	64	158	380	39	146	1026	112	0.250	0.105
LOKIASV2_2518_ESMFold_hypothetical_protein	AF-B5BF68-F1-model_v4	AF-B5BF68-F1-model_v4 Multidrug resistance protein MdtC	1.589E+00	0.069	27	14	158	380	4	146	1026	164	0.382	0.139
LOKIASV2_2518_ESMFold_hypothetical_protein	AF-A8A1U7-F1-model_v4	AF-A8A1U7-F1-model_v4 Multidrug resistance protein MdtB	1.046E+00	0.069	27	1	159	380	4	156	1040	176	0.418	0.147
LOKIASV2_2518_ESMFold_hypothetical_protein	AF-A9N7L2-F1-model_v4	AF-A9N7L2-F1-model_v4 Multidrug resistance protein MdtB	2.143E+00	0.069	27	48	158	380	35	155	1040	125	0.292	0.116
LOKIASV2_2518_ESMFold_hypothetical_protein	AF-A8AEE6-F1-model_v4	AF-A8AEE6-F1-model_v4 Multidrug resistance protein MdtB	1.497E+00	0.069	27	39	169	380	23	170	1040	152	0.345	0.142
LOKIASV2_2518_ESMFold_hypothetical_protein	AF-Q9W0K4-F1-model_v4	AF-Q9W0K4-F1-model_v4 Protein bric-a-brac 2	4.136E+00	0.069	27	179	250	380	612	677	1067	73	0.189	0.062
LOKIASV2_2518_ESMFold_hypothetical_protein	AF-B2I4R3-F1-model_v4	AF-B2I4R3-F1-model_v4 Trp operon repressor homolog	5.919E+00	0.063	26	180	262	380	4	82	92	93	0.218	0.859
LOKIASV2_2518_ESMFold_hypothetical_protein	AF-Q6ASQ0-F1-model_v4	AF-Q6ASQ0-F1-model_v4 Acylphosphatase	4.948E+00	0.063	26	67	150	380	2	77	93	90	0.221	0.817
LOKIASV2_2518_ESMFold_hypothetical_protein	AF-A4QFD3-F1-model_v4	AF-A4QFD3-F1-model_v4 Acylphosphatase	2.889E+00	0.063	26	69	148	380	5	80	94	86	0.211	0.809
LOKIASV2_2518_ESMFold_hypothetical_protein	AF-Q3E792-F1-model_v4	AF-Q3E792-F1-model_v4 40S ribosomal protein S25-A	6.284E+00	0.063	26	183	264	380	10	90	108	89	0.216	0.750
LOKIASV2_2518_ESMFold_hypothetical_protein	AF-Q6BUM6-F1-model_v4	AF-Q6BUM6-F1-model_v4 Required for respiratory growth protein 9, mitochondrial	2.722E+00	0.063	26	118	253	380	29	114	226	136	0.358	0.381
LOKIASV2_2518_ESMFold_hypothetical_protein	AF-P62037-F1-model_v4	AF-P62037-F1-model_v4 Probable transcriptional regulatory protein LJ_0904	1.046E+00	0.063	26	10	153	380	21	207	243	200	0.379	0.770
LOKIASV2_2518_ESMFold_hypothetical_protein	AF-Q2JD97-F1-model_v4	AF-Q2JD97-F1-model_v4 Probable transcriptional regulatory protein Francci3_1368	6.485E-01	0.063	26	10	150	380	23	205	251	211	0.371	0.729
LOKIASV2_2518_ESMFold_hypothetical_protein	AF-B8FQV9-F1-model_v4	AF-B8FQV9-F1-model_v4 Probable transcriptional regulatory protein Dhaf_3629	7.309E-01	0.063	26	10	176	380	21	223	252	230	0.439	0.806
LOKIASV2_2518_ESMFold_hypothetical_protein	AF-Q24UN3-F1-model_v4	AF-Q24UN3-F1-model_v4 Probable transcriptional regulatory protein DSY2470	8.237E-01	0.063	26	10	176	380	21	229	252	230	0.439	0.829
LOKIASV2_2518_ESMFold_hypothetical_protein	AF-B3NYF7-F1-model_v4	AF-B3NYF7-F1-model_v4 NFU1 iron-sulfur cluster scaffold homolog, mitochondrial	4.136E+00	0.063	26	282	350	380	93	165	283	75	0.182	0.258
LOKIASV2_2518_ESMFold_hypothetical_protein	AF-A3MI14-F1-model_v4	AF-A3MI14-F1-model_v4 tRNA uridine(34) hydroxylase	7.518E+00	0.063	26	69	148	380	3	81	299	85	0.211	0.264
LOKIASV2_2518_ESMFold_hypothetical_protein	AF-A3N7C4-F1-model_v4	AF-A3N7C4-F1-model_v4 tRNA uridine(34) hydroxylase	7.518E+00	0.063	26	69	148	380	3	81	299	84	0.211	0.264
LOKIASV2_2518_ESMFold_hypothetical_protein	AF-Q3JUI8-F1-model_v4	AF-Q3JUI8-F1-model_v4 tRNA uridine(34) hydroxylase	6.671E+00	0.063	26	69	148	380	3	81	299	85	0.211	0.264
LOKIASV2_2518_ESMFold_hypothetical_protein	AF-Q7JQ07-F1-model_v4	AF-Q7JQ07-F1-model_v4 Mariner Mos1 transposase	2.212E-01	0.063	26	162	341	380	12	233	345	241	0.474	0.643
LOKIASV2_2518_ESMFold_hypothetical_protein	AF-B5FL09-F1-model_v4	AF-B5FL09-F1-model_v4 tRNA uridine(34) hydroxylase	8.994E+00	0.063	26	61	148	380	14	97	350	94	0.232	0.240
LOKIASV2_2518_ESMFold_hypothetical_protein	AF-B5BAE8-F1-model_v4	AF-B5BAE8-F1-model_v4 Peptidase T	1.589E+00	0.063	26	53	150	380	205	317	409	124	0.258	0.276
LOKIASV2_2518_ESMFold_hypothetical_protein	AF-A0QJI1-F1-model_v4	AF-A0QJI1-F1-model_v4 Phosphoserine phosphatase	7.981E+00	0.063	26	66	150	380	95	173	411	90	0.224	0.192
LOKIASV2_2518_ESMFold_hypothetical_protein	AF-C5BFN3-F1-model_v4	AF-C5BFN3-F1-model_v4 Peptidase T	3.670E+00	0.063	26	53	150	380	205	317	412	123	0.258	0.274
LOKIASV2_2518_ESMFold_hypothetical_protein	AF-Q1IPQ9-F1-model_v4	AF-Q1IPQ9-F1-model_v4 CinA-like protein	1.849E-01	0.063	26	36	336	380	155	412	414	342	0.792	0.623
LOKIASV2_2518_ESMFold_hypothetical_protein	AF-Q29CW0-F1-model_v4	AF-Q29CW0-F1-model_v4 Protein distal antenna-related	9.548E+00	0.063	26	197	261	380	3	67	432	66	0.171	0.150
LOKIASV2_2518_ESMFold_hypothetical_protein	AF-P0C5S5-F1-model_v4	AF-P0C5S5-F1-model_v4 Luminescence regulatory protein LuxO	3.256E+00	0.063	26	163	261	380	354	448	453	107	0.261	0.210
LOKIASV2_2518_ESMFold_hypothetical_protein	AF-F2R776-F1-model_v4	AF-F2R776-F1-model_v4 Rifampicin monooxygenase	3.896E+00	0.063	26	61	150	380	157	258	476	108	0.237	0.214
LOKIASV2_2518_ESMFold_hypothetical_protein	AF-Q0IH87-F1-model_v4	AF-Q0IH87-F1-model_v4 Paired box protein Pax-3-B	2.646E-01	0.063	26	1	261	380	31	275	483	302	0.687	0.507
LOKIASV2_2518_ESMFold_hypothetical_protein	AF-O57685-F1-model_v4	AF-O57685-F1-model_v4 Paired box protein Pax-2-A	4.390E+00	0.063	26	166	256	380	54	141	497	102	0.239	0.177
LOKIASV2_2518_ESMFold_hypothetical_protein	AF-Q5QJ60-F1-model_v4	AF-Q5QJ60-F1-model_v4 Berberine bridge enzyme-like Cyn d 4	3.896E+00	0.063	26	69	147	380	255	332	522	85	0.208	0.149
LOKIASV2_2518_ESMFold_hypothetical_protein	AF-G3MY25-F1-model_v4	AF-G3MY25-F1-model_v4 Tigger transposable element-derived protein 5	3.067E+00	0.063	26	2	96	380	55	138	643	103	0.250	0.131
LOKIASV2_2518_ESMFold_hypothetical_protein	AF-B5R0C1-F1-model_v4	AF-B5R0C1-F1-model_v4 Multidrug resistance protein MdtC	4.390E+00	0.063	26	64	158	380	39	146	1026	112	0.250	0.105
LOKIASV2_2518_ESMFold_hypothetical_protein	AF-B2TYA8-F1-model_v4	AF-B2TYA8-F1-model_v4 Multidrug resistance protein MdtB	1.179E+00	0.063	26	1	159	380	4	156	1040	176	0.418	0.147
LOKIASV2_2518_ESMFold_hypothetical_protein	AF-B5R0C0-F1-model_v4	AF-B5R0C0-F1-model_v4 Multidrug resistance protein MdtB	1.252E+00	0.063	26	1	158	380	4	155	1040	174	0.416	0.146
LOKIASV2_2518_ESMFold_hypothetical_protein	AF-Q8ZNQ2-F1-model_v4	AF-Q8ZNQ2-F1-model_v4 Multidrug resistance protein MdtB	1.252E+00	0.063	26	1	159	380	4	156	1040	175	0.418	0.147
LOKIASV2_2518_ESMFold_hypothetical_protein	AF-B7MWY8-F1-model_v4	AF-B7MWY8-F1-model_v4 Multidrug resistance protein MdtB	1.902E+00	0.063	26	39	171	380	23	168	1040	150	0.350	0.140
LOKIASV2_2518_ESMFold_hypothetical_protein	AF-Q4WF61-F1-model_v4	AF-Q4WF61-F1-model_v4 Nonribosomal peptide synthase sidE	1.908E-02	0.063	26	1	375	380	1577	2003	2109	511	0.987	0.202
LOKIASV2_2518_ESMFold_hypothetical_protein	AF-Q03409-F1-model_v4	AF-Q03409-F1-model_v4 40S ribosomal protein S25	4.136E+00	0.057	25	172	264	380	6	95	110	99	0.245	0.818
LOKIASV2_2518_ESMFold_hypothetical_protein	AF-D2TR04-F1-model_v4	AF-D2TR04-F1-model_v4 Modulator protein MzrA	1.111E+00	0.057	25	39	148	380	16	103	127	111	0.289	0.693
LOKIASV2_2518_ESMFold_hypothetical_protein	AF-Q65GN7-F1-model_v4	AF-Q65GN7-F1-model_v4 Probable transcriptional regulatory protein BLi02909/BL01150	9.854E-01	0.057	25	10	153	380	29	208	240	198	0.379	0.750
LOKIASV2_2518_ESMFold_hypothetical_protein	AF-Q042I3-F1-model_v4	AF-Q042I3-F1-model_v4 Probable transcriptional regulatory protein LGAS_1276	1.410E+00	0.057	25	10	153	380	21	207	243	202	0.379	0.770
LOKIASV2_2518_ESMFold_hypothetical_protein	AF-B4PZ52-F1-model_v4	AF-B4PZ52-F1-model_v4 NFU1 iron-sulfur cluster scaffold homolog, mitochondrial	4.390E+00	0.057	25	282	350	380	93	165	283	75	0.182	0.258
LOKIASV2_2518_ESMFold_hypothetical_protein	AF-B4NE93-F1-model_v4	AF-B4NE93-F1-model_v4 NFU1 iron-sulfur cluster scaffold homolog, mitochondrial	4.661E+00	0.057	25	282	349	380	94	166	289	75	0.179	0.253
LOKIASV2_2518_ESMFold_hypothetical_protein	AF-B4JWR9-F1-model_v4	AF-B4JWR9-F1-model_v4 NFU1 iron-sulfur cluster scaffold homolog, mitochondrial	4.661E+00	0.057	25	282	350	380	105	177	298	75	0.182	0.245
LOKIASV2_2518_ESMFold_hypothetical_protein	AF-Q02962-F1-model_v4	AF-Q02962-F1-model_v4 Paired box protein Pax-2	4.661E+00	0.057	25	166	255	380	54	140	417	101	0.237	0.209
LOKIASV2_2518_ESMFold_hypothetical_protein	AF-P09084-F1-model_v4	AF-P09084-F1-model_v4 Paired box protein Pax-1	4.661E+00	0.057	25	166	261	380	127	220	446	108	0.253	0.211
LOKIASV2_2518_ESMFold_hypothetical_protein	AF-P57608-F1-model_v4	AF-P57608-F1-model_v4 Peptide chain release factor 3	2.889E+00	0.057	25	67	168	380	391	484	526	109	0.268	0.179
LOKIASV2_2518_ESMFold_hypothetical_protein	AF-Q6D2B0-F1-model_v4	AF-Q6D2B0-F1-model_v4 Multidrug resistance protein MdtC	8.994E+00	0.057	25	64	158	380	39	146	1026	112	0.250	0.105
LOKIASV2_2518_ESMFold_hypothetical_protein	AF-B4T9U2-F1-model_v4	AF-B4T9U2-F1-model_v4 Multidrug resistance protein MdtC	4.661E+00	0.057	25	14	146	380	4	129	1026	147	0.350	0.123
LOKIASV2_2518_ESMFold_hypothetical_protein	AF-B5FMU7-F1-model_v4	AF-B5FMU7-F1-model_v4 Multidrug resistance protein MdtC	7.082E+00	0.057	25	64	158	380	39	146	1026	114	0.250	0.105
LOKIASV2_2518_ESMFold_hypothetical_protein	AF-Q8RY95-F1-model_v4	AF-Q8RY95-F1-model_v4 Squamosa promoter-binding-like protein 14	7.082E+00	0.057	25	66	148	380	501	591	1035	92	0.218	0.088
LOKIASV2_2518_ESMFold_hypothetical_protein	AF-Q57MM5-F1-model_v4	AF-Q57MM5-F1-model_v4 Multidrug resistance protein MdtB	1.329E+00	0.057	25	1	171	380	4	168	1040	189	0.450	0.159
LOKIASV2_2518_ESMFold_hypothetical_protein	AF-Q822W7-F1-model_v4	AF-Q822W7-F1-model_v4 Trp operon repressor homolog	7.981E+00	0.051	24	179	258	380	3	81	101	86	0.211	0.782
LOKIASV2_2518_ESMFold_hypothetical_protein	AF-O34479-F1-model_v4	AF-O34479-F1-model_v4 SPbeta prophage-derived putative HNH homing endonuclease YosQ	1.687E+00	0.051	24	140	256	380	45	156	173	139	0.308	0.647
LOKIASV2_2518_ESMFold_hypothetical_protein	AF-A4YM24-F1-model_v4	AF-A4YM24-F1-model_v4 Urease accessory protein UreD 1	5.919E+00	0.051	24	85	142	380	219	273	278	61	0.153	0.198
LOKIASV2_2518_ESMFold_hypothetical_protein	AF-B4H303-F1-model_v4	AF-B4H303-F1-model_v4 NFU1 iron-sulfur cluster scaffold homolog, mitochondrial	5.576E+00	0.051	24	282	350	380	89	161	282	75	0.182	0.259
LOKIASV2_2518_ESMFold_hypothetical_protein	AF-P37671-F1-model_v4	AF-P37671-F1-model_v4 DNA-binding transcriptional repressor YiaJ	4.810E-01	0.051	24	1	342	380	19	263	282	376	0.900	0.869
LOKIASV2_2518_ESMFold_hypothetical_protein	AF-B5DKJ8-F1-model_v4	AF-B5DKJ8-F1-model_v4 NFU1 iron-sulfur cluster scaffold homolog, mitochondrial	3.896E+00	0.051	24	282	350	380	93	165	286	78	0.182	0.255
LOKIASV2_2518_ESMFold_hypothetical_protein	AF-C3Y431-F1-model_v4	AF-C3Y431-F1-model_v4 DDRGK domain-containing protein 1	2.415E+00	0.051	24	83	261	380	108	237	298	184	0.471	0.436
LOKIASV2_2518_ESMFold_hypothetical_protein	AF-P0AG93-F1-model_v4	AF-P0AG93-F1-model_v4 Protein translocase subunit SecF	5.919E+00	0.051	24	64	148	380	51	128	323	91	0.224	0.241
LOKIASV2_2518_ESMFold_hypothetical_protein	AF-P44509-F1-model_v4	AF-P44509-F1-model_v4 Uncharacterized protein HI_0093	6.885E-01	0.051	24	11	260	380	129	346	368	285	0.658	0.592
LOKIASV2_2518_ESMFold_hypothetical_protein	AF-Q836H7-F1-model_v4	AF-Q836H7-F1-model_v4 N-acetyldiaminopimelate deacetylase	5.252E+00	0.051	24	67	148	380	177	284	378	111	0.216	0.286
LOKIASV2_2518_ESMFold_hypothetical_protein	AF-P45493-F1-model_v4	AF-P45493-F1-model_v4 Hippurate hydrolase	6.284E+00	0.051	24	67	148	380	181	288	383	111	0.216	0.282
LOKIASV2_2518_ESMFold_hypothetical_protein	AF-B8CXC3-F1-model_v4	AF-B8CXC3-F1-model_v4 Putative competence-damage inducible protein	3.787E-01	0.051	24	39	340	380	163	406	413	327	0.795	0.591
LOKIASV2_2518_ESMFold_hypothetical_protein	AF-B1KNC9-F1-model_v4	AF-B1KNC9-F1-model_v4 CinA-like protein	5.576E+00	0.051	24	38	151	380	156	255	424	122	0.300	0.236
LOKIASV2_2518_ESMFold_hypothetical_protein	AF-Q79CE8-F1-model_v4	AF-Q79CE8-F1-model_v4 Probable transposase for insertion sequence element IS1353	9.854E-01	0.051	24	81	258	380	2	160	514	202	0.468	0.309
LOKIASV2_2518_ESMFold_hypothetical_protein	AF-Q5PDW8-F1-model_v4	AF-Q5PDW8-F1-model_v4 Multidrug resistance protein MdtC	2.564E+00	0.051	24	14	158	380	4	146	1026	164	0.382	0.139
LOKIASV2_2518_ESMFold_hypothetical_protein	AF-C0Q1F3-F1-model_v4	AF-C0Q1F3-F1-model_v4 Multidrug resistance protein MdtB	2.019E+00	0.051	24	1	171	380	4	168	1040	189	0.450	0.159
LOKIASV2_2518_ESMFold_hypothetical_protein	AF-Q48815-F1-model_v4	AF-Q48815-F1-model_v4 Protein HelA	1.963E-01	0.051	24	66	378	380	42	343	1052	405	0.824	0.287
LOKIASV2_2518_ESMFold_hypothetical_protein	AF-Q668C6-F1-model_v4	AF-Q668C6-F1-model_v4 Multidrug resistance protein MdtB	1.687E+00	0.051	24	1	171	380	4	168	1052	188	0.450	0.157
LOKIASV2_2518_ESMFold_hypothetical_protein	AF-P25197-F1-model_v4	AF-P25197-F1-model_v4 Nodulation protein NolG	4.268E-01	0.051	24	61	369	380	28	327	1065	384	0.813	0.282
LOKIASV2_2518_ESMFold_hypothetical_protein	AF-Q2INT8-F1-model_v4	AF-Q2INT8-F1-model_v4 Acylphosphatase	4.661E+00	0.045	23	67	148	380	5	77	93	86	0.216	0.785
LOKIASV2_2518_ESMFold_hypothetical_protein	AF-Q9SIK2-F1-model_v4	AF-Q9SIK2-F1-model_v4 40S ribosomal protein S25-2	8.472E+00	0.045	23	194	267	380	21	101	108	84	0.195	0.750
LOKIASV2_2518_ESMFold_hypothetical_protein	AF-P52821-F1-model_v4	AF-P52821-F1-model_v4 40S ribosomal protein S25	7.082E+00	0.045	23	194	264	380	24	94	117	78	0.187	0.607
LOKIASV2_2518_ESMFold_hypothetical_protein	AF-B2GIM1-F1-model_v4	AF-B2GIM1-F1-model_v4 Probable transcriptional regulatory protein KRH_13670	1.111E+00	0.045	23	10	146	380	23	203	253	203	0.361	0.715
LOKIASV2_2518_ESMFold_hypothetical_protein	AF-Q9UUB8-F1-model_v4	AF-Q9UUB8-F1-model_v4 NifU-like protein C1709.19c	7.981E+00	0.045	23	277	346	380	54	139	260	86	0.184	0.331
LOKIASV2_2518_ESMFold_hypothetical_protein	AF-Q9RVC9-F1-model_v4	AF-Q9RVC9-F1-model_v4 tRNA uridine(34) hydroxylase	7.981E+00	0.045	23	67	147	380	9	83	300	86	0.213	0.250
LOKIASV2_2518_ESMFold_hypothetical_protein	AF-P34623-F1-model_v4	AF-P34623-F1-model_v4 DDRGK domain-containing protein 1	1.410E+00	0.045	23	39	270	380	115	264	302	244	0.611	0.497
LOKIASV2_2518_ESMFold_hypothetical_protein	AF-P55629-F1-model_v4	AF-P55629-F1-model_v4 Putative HTH-type transcriptional regulator y4qH	2.646E-01	0.045	23	2	261	380	72	307	326	325	0.684	0.724
LOKIASV2_2518_ESMFold_hypothetical_protein	AF-B8J6V6-F1-model_v4	AF-B8J6V6-F1-model_v4 CinA-like protein	7.309E-01	0.045	23	70	336	380	178	406	408	298	0.703	0.561
LOKIASV2_2518_ESMFold_hypothetical_protein	AF-Q2RKI6-F1-model_v4	AF-Q2RKI6-F1-model_v4 Putative competence-damage inducible protein	5.421E-01	0.045	23	40	338	380	160	404	414	322	0.787	0.592
LOKIASV2_2518_ESMFold_hypothetical_protein	AF-Q47XX0-F1-model_v4	AF-Q47XX0-F1-model_v4 CinA-like protein	8.744E-01	0.045	23	66	336	380	178	406	432	290	0.713	0.530
LOKIASV2_2518_ESMFold_hypothetical_protein	AF-Q96JN0-F1-model_v4	AF-Q96JN0-F1-model_v4 Ligand-dependent corepressor	8.994E+00	0.045	23	195	261	380	333	391	433	67	0.176	0.136
LOKIASV2_2518_ESMFold_hypothetical_protein	AF-O57682-F1-model_v4	AF-O57682-F1-model_v4 Paired box protein Pax-2-B	7.082E+00	0.045	23	166	255	380	53	139	494	101	0.237	0.176
LOKIASV2_2518_ESMFold_hypothetical_protein	AF-P20506-F1-model_v4	AF-P20506-F1-model_v4 L-Threonine dehydratase biosynthetic IlvA	3.787E-01	0.045	23	35	354	380	318	501	514	331	0.842	0.358
LOKIASV2_2518_ESMFold_hypothetical_protein	AF-B5RBW8-F1-model_v4	AF-B5RBW8-F1-model_v4 Multidrug resistance protein MdtB	2.415E+00	0.045	23	1	169	380	4	170	1040	191	0.445	0.161
LOKIASV2_2518_ESMFold_hypothetical_protein	AF-A0A125SUR3-F1-model_v4	AF-A0A125SUR3-F1-model_v4 Nonribosomal peptide synthetase ACTTS4	1.111E+00	0.045	23	32	118	380	9	106	1507	104	0.229	0.065
LOKIASV2_2518_ESMFold_hypothetical_protein	AF-Q8YYH3-F1-model_v4	AF-Q8YYH3-F1-model_v4 Acylphosphatase	5.252E+00	0.040	22	66	148	380	7	83	101	93	0.218	0.762
LOKIASV2_2518_ESMFold_hypothetical_protein	AF-Q6FPX5-F1-model_v4	AF-Q6FPX5-F1-model_v4 40S ribosomal protein S25	7.981E+00	0.040	22	183	264	380	10	90	107	89	0.216	0.757
LOKIASV2_2518_ESMFold_hypothetical_protein	AF-A4WES8-F1-model_v4	AF-A4WES8-F1-model_v4 Modulator protein MzrA	4.136E+00	0.040	22	39	198	380	16	127	127	163	0.421	0.882
LOKIASV2_2518_ESMFold_hypothetical_protein	AF-Q58959-F1-model_v4	AF-Q58959-F1-model_v4 UPF0201 protein MJ1564	8.744E-01	0.040	22	70	261	380	2	167	170	218	0.505	0.976
LOKIASV2_2518_ESMFold_hypothetical_protein	AF-A7I0N5-F1-model_v4	AF-A7I0N5-F1-model_v4 Ribosomal protein L11 methyltransferase	4.948E+00	0.040	22	68	148	380	3	72	301	86	0.213	0.233
LOKIASV2_2518_ESMFold_hypothetical_protein	AF-P0CR14-F1-model_v4	AF-P0CR14-F1-model_v4 Pre-mRNA-splicing factor CWC2	3.067E+00	0.040	22	66	232	380	139	311	342	185	0.439	0.506
LOKIASV2_2518_ESMFold_hypothetical_protein	AF-O28142-F1-model_v4	AF-O28142-F1-model_v4 Phosphoserine phosphatase	1.410E+00	0.040	22	39	246	380	15	240	344	252	0.547	0.657
LOKIASV2_2518_ESMFold_hypothetical_protein	AF-Q9YH95-F1-model_v4	AF-Q9YH95-F1-model_v4 Paired box protein Pax-5	7.981E+00	0.040	22	166	255	380	53	139	388	101	0.237	0.224
LOKIASV2_2518_ESMFold_hypothetical_protein	AF-Q90268-F1-model_v4	AF-Q90268-F1-model_v4 Paired box protein Pax-2a	7.518E+00	0.040	22	166	255	380	57	143	410	101	0.237	0.212
LOKIASV2_2518_ESMFold_hypothetical_protein	AF-Q0HDU2-F1-model_v4	AF-Q0HDU2-F1-model_v4 CinA-like protein	7.309E-01	0.040	22	37	360	380	153	422	425	351	0.853	0.635
LOKIASV2_2518_ESMFold_hypothetical_protein	AF-P23760-F1-model_v4	AF-P23760-F1-model_v4 Paired box protein Pax-3	7.309E-01	0.040	22	1	261	380	31	275	479	313	0.687	0.511
LOKIASV2_2518_ESMFold_hypothetical_protein	AF-Q53EQ6-F1-model_v4	AF-Q53EQ6-F1-model_v4 Tigger transposable element-derived protein 5	5.576E+00	0.040	22	195	261	380	41	106	642	75	0.176	0.103
LOKIASV2_2518_ESMFold_hypothetical_protein	AF-B7NQB0-F1-model_v4	AF-B7NQB0-F1-model_v4 Multidrug resistance protein MdtC	6.284E+00	0.040	22	9	146	380	1	129	1025	151	0.363	0.126
LOKIASV2_2518_ESMFold_hypothetical_protein	AF-P76399-F1-model_v4	AF-P76399-F1-model_v4 Multidrug resistance protein MdtC	7.981E+00	0.040	22	9	146	380	1	129	1025	151	0.363	0.126
LOKIASV2_2518_ESMFold_hypothetical_protein	AF-B4SXW1-F1-model_v4	AF-B4SXW1-F1-model_v4 Multidrug resistance protein MdtC	8.994E+00	0.040	22	64	158	380	39	146	1026	112	0.250	0.105
LOKIASV2_2518_ESMFold_hypothetical_protein	AF-Q8Z5F6-F1-model_v4	AF-Q8Z5F6-F1-model_v4 Multidrug resistance protein MdtC	8.994E+00	0.040	22	64	158	380	39	146	1026	112	0.250	0.105
LOKIASV2_2518_ESMFold_hypothetical_protein	AF-P9WEU8-F1-model_v4	AF-P9WEU8-F1-model_v4 Nonribisomal peptide synthetase benY	1.589E+00	0.040	22	36	119	380	664	758	1110	96	0.221	0.086
LOKIASV2_2518_ESMFold_hypothetical_protein	AF-A0A6G9KH54-F1-model_v4	AF-A0A6G9KH54-F1-model_v4 Nonribosomal peptide synthetase nanA	2.493E-01	0.040	22	1	236	380	866	1069	2486	269	0.621	0.082
LOKIASV2_2518_ESMFold_hypothetical_protein	AF-A0QJ63-F1-model_v4	AF-A0QJ63-F1-model_v4 Acylphosphatase	8.472E+00	0.034	21	66	148	380	2	82	97	93	0.218	0.835
LOKIASV2_2518_ESMFold_hypothetical_protein	AF-Q07623-F1-model_v4	AF-Q07623-F1-model_v4 Nucleolar protein 6	7.981E+00	0.034	21	69	192	380	77	192	225	127	0.326	0.516
LOKIASV2_2518_ESMFold_hypothetical_protein	AF-Q4J924-F1-model_v4	AF-Q4J924-F1-model_v4 Cell division protein B	4.390E+00	0.034	21	120	264	380	134	258	261	154	0.382	0.479
LOKIASV2_2518_ESMFold_hypothetical_protein	AF-O43316-F1-model_v4	AF-O43316-F1-model_v4 Paired box protein Pax-4	1.111E+00	0.034	21	6	261	380	20	229	350	290	0.674	0.600
LOKIASV2_2518_ESMFold_hypothetical_protein	AF-Q02650-F1-model_v4	AF-Q02650-F1-model_v4 Paired box protein Pax-5	8.994E+00	0.034	21	166	255	380	54	140	391	101	0.237	0.223
LOKIASV2_2518_ESMFold_hypothetical_protein	AF-A0L257-F1-model_v4	AF-A0L257-F1-model_v4 CinA-like protein	7.759E-01	0.034	21	42	360	380	155	422	425	355	0.839	0.631
LOKIASV2_2518_ESMFold_hypothetical_protein	AF-P09082-F1-model_v4	AF-P09082-F1-model_v4 Protein gooseberry	1.329E+00	0.034	21	6	261	380	34	241	427	280	0.674	0.487
LOKIASV2_2518_ESMFold_hypothetical_protein	AF-P42571-F1-model_v4	AF-P42571-F1-model_v4 POU domain, class 2, transcription factor 3	7.309E-01	0.034	21	88	259	380	175	333	430	206	0.453	0.370
LOKIASV2_2518_ESMFold_hypothetical_protein	AF-P47239-F1-model_v4	AF-P47239-F1-model_v4 Paired box protein Pax-7	7.759E-01	0.034	21	1	261	380	31	271	503	312	0.687	0.479
LOKIASV2_2518_ESMFold_hypothetical_protein	AF-G4MWA7-F1-model_v4	AF-G4MWA7-F1-model_v4 FAD-linked oxidoreductase OXR2	2.019E+00	0.034	21	67	266	380	310	558	584	273	0.526	0.426
LOKIASV2_2518_ESMFold_hypothetical_protein	AF-P06601-F1-model_v4	AF-P06601-F1-model_v4 Segmentation protein paired	1.111E+00	0.034	21	6	261	380	42	269	613	299	0.674	0.372
LOKIASV2_2518_ESMFold_hypothetical_protein	AF-Q9HXI1-F1-model_v4	AF-Q9HXI1-F1-model_v4 Protein translocase subunit SecD	6.109E-01	0.034	21	33	319	380	2	313	620	370	0.755	0.503
LOKIASV2_2518_ESMFold_hypothetical_protein	AF-B7L9U9-F1-model_v4	AF-B7L9U9-F1-model_v4 Multidrug resistance protein MdtC	4.136E+00	0.034	21	9	158	380	1	146	1025	170	0.395	0.142
LOKIASV2_2518_ESMFold_hypothetical_protein	AF-B7LV40-F1-model_v4	AF-B7LV40-F1-model_v4 Multidrug resistance protein MdtC	7.981E+00	0.034	21	9	146	380	1	129	1025	153	0.363	0.126
LOKIASV2_2518_ESMFold_hypothetical_protein	AF-F2EYE0-F1-model_v4	AF-F2EYE0-F1-model_v4 Multidrug resistance protein MdtC	5.252E+00	0.034	21	14	158	380	4	146	1025	165	0.382	0.140
LOKIASV2_2518_ESMFold_hypothetical_protein	AF-A8GHQ9-F1-model_v4	AF-A8GHQ9-F1-model_v4 Multidrug resistance protein MdtB	7.309E-01	0.034	21	6	363	380	2	331	1039	416	0.942	0.318
LOKIASV2_2518_ESMFold_hypothetical_protein	AF-A1DA59-F1-model_v4	AF-A1DA59-F1-model_v4 Nonribosomal peptide synthetase 13	5.755E-01	0.034	21	39	184	380	687	848	2212	189	0.384	0.073
LOKIASV2_2518_ESMFold_hypothetical_protein	AF-B1I313-F1-model_v4	AF-B1I313-F1-model_v4 Putative competence-damage inducible protein	5.106E-01	0.029	20	69	377	380	178	412	413	338	0.813	0.569
LOKIASV2_2518_ESMFold_hypothetical_protein	AF-Q28DP6-F1-model_v4	AF-Q28DP6-F1-model_v4 Paired box protein Pax-3	1.329E+00	0.029	20	6	261	380	49	252	461	271	0.674	0.443
LOKIASV2_2518_ESMFold_hypothetical_protein	AF-F4IU14-F1-model_v4	AF-F4IU14-F1-model_v4 Diacylglycerol O-acyltransferase	8.744E-01	0.029	20	42	150	380	8	150	487	147	0.287	0.294
LOKIASV2_2518_ESMFold_hypothetical_protein	AF-Q9Y4A0-F1-model_v4	AF-Q9Y4A0-F1-model_v4 Jerky protein homolog-like	2.143E+00	0.029	20	1	192	380	1	165	524	214	0.505	0.315
LOKIASV2_2518_ESMFold_hypothetical_protein	AF-P74397-F1-model_v4	AF-P74397-F1-model_v4 Primosomal protein N'	2.722E+00	0.029	20	39	148	380	717	823	831	128	0.289	0.129
LOKIASV2_2518_ESMFold_hypothetical_protein	AF-B4EYA1-F1-model_v4	AF-B4EYA1-F1-model_v4 Multidrug resistance protein MdtC	7.082E+00	0.029	20	12	158	380	2	146	1027	169	0.387	0.141
LOKIASV2_2518_ESMFold_hypothetical_protein	AF-Q4WLW8-F1-model_v4	AF-Q4WLW8-F1-model_v4 Nonribosomal peptide synthetase fmqC	2.809E-01	0.029	20	24	196	380	724	921	1160	220	0.455	0.171
LOKIASV2_2518_ESMFold_hypothetical_protein	AF-A0MFS9-F1-model_v4	AF-A0MFS9-F1-model_v4 Anoctamin-like protein At1g73020	8.472E+00	0.024	19	70	124	380	13	67	665	56	0.145	0.083
LOKIASV2_2518_ESMFold_hypothetical_protein	AF-B7M459-F1-model_v4	AF-B7M459-F1-model_v4 Multidrug resistance protein MdtC	7.518E+00	0.024	19	9	158	380	1	146	1025	168	0.395	0.142
LOKIASV2_2518_ESMFold_hypothetical_protein	AF-A1ACT1-F1-model_v4	AF-A1ACT1-F1-model_v4 Multidrug resistance protein MdtC	9.548E+00	0.024	19	9	158	380	1	146	1025	170	0.395	0.142
LOKIASV2_2518_ESMFold_hypothetical_protein	AF-C6CAI2-F1-model_v4	AF-C6CAI2-F1-model_v4 Multidrug resistance protein MdtB	1.046E+00	0.024	19	10	379	380	523	868	1040	454	0.974	0.333
LOKIASV2_2518_ESMFold_hypothetical_protein	AF-P0CR15-F1-model_v4	AF-P0CR15-F1-model_v4 Pre-mRNA-splicing factor CWC2	7.518E+00	0.020	18	66	232	380	139	311	342	185	0.439	0.506
LOKIASV2_2518_ESMFold_hypothetical_protein	AF-A9N7L1-F1-model_v4	AF-A9N7L1-F1-model_v4 Multidrug resistance protein MdtC	9.548E+00	0.020	18	14	158	380	4	146	1026	164	0.382	0.139
LOKIASV2_2518_ESMFold_hypothetical_protein	AF-B1IYZ9-F1-model_v4	AF-B1IYZ9-F1-model_v4 Multidrug resistance protein MdtB	1.589E+00	0.020	18	1	355	380	4	329	1040	415	0.934	0.313
LOKIASV2_2518_ESMFold_hypothetical_protein	AF-Q4WYN6-F1-model_v4	AF-Q4WYN6-F1-model_v4 Isocyanide synthase-NRPS hybrid crmA	1.640E-01	0.020	18	37	377	380	1035	1432	1537	465	0.897	0.259
LOKIASV2_2518_ESMFold_hypothetical_protein	AF-Q4WAW3-F1-model_v4	AF-Q4WAW3-F1-model_v4 Nonribosomal peptide synthetase 13	1.410E+00	0.020	18	39	206	380	689	896	2211	218	0.442	0.094
LOKIASV2_2518_ESMFold_hypothetical_protein	AF-B2RRL2-F1-model_v4	AF-B2RRL2-F1-model_v4 Jerky protein homolog-like	4.948E+00	0.016	17	1	192	380	1	165	523	214	0.505	0.315
LOKIASV2_2518_ESMFold_hypothetical_protein	AF-Q499M4-F1-model_v4	AF-Q499M4-F1-model_v4 Tigger transposable element derived 5	7.981E+00	0.016	17	2	136	380	60	172	642	145	0.355	0.176
LOKIASV2_2518_ESMFold_hypothetical_protein	AF-Q6D2B1-F1-model_v4	AF-Q6D2B1-F1-model_v4 Multidrug resistance protein MdtB	1.329E+00	0.016	17	11	379	380	524	870	1040	458	0.971	0.334
LOKIASV2_2518_ESMFold_hypothetical_protein	AF-A1S257-F1-model_v4	AF-A1S257-F1-model_v4 CinA-like protein	2.722E+00	0.014	16	42	360	380	154	421	424	350	0.839	0.632
LOKIASV2_2518_ESMFold_hypothetical_protein	AF-B4R133-F1-model_v4	AF-B4R133-F1-model_v4 DDRGK domain-containing protein 1	5.919E+00	0.011	15	39	351	380	118	289	293	316	0.824	0.587
LOKIASV2_2518_ESMFold_hypothetical_protein	AF-Q12SN4-F1-model_v4	AF-Q12SN4-F1-model_v4 CinA-like protein	3.457E+00	0.011	15	37	375	380	152	409	424	361	0.892	0.608
LOKIASV2_2518_ESMFold_hypothetical_protein	AF-G3Y424-F1-model_v4	AF-G3Y424-F1-model_v4 FAD-dependent monooxygenase yanF	5.919E+00	0.010	14	67	342	380	322	520	580	312	0.726	0.343
LOKIASV2_2518_ESMFold_hypothetical_protein	AF-B2VFQ4-F1-model_v4	AF-B2VFQ4-F1-model_v4 Multidrug resistance protein MdtC	8.994E+00	0.010	14	61	354	380	18	319	1024	364	0.774	0.295
LOKIASV2_2518_ESMFold_hypothetical_protein	AF-P39923-F1-model_v4	AF-P39923-F1-model_v4 Nitrogen permease regulator 2	5.919E+00	0.009	13	67	301	380	11	326	615	348	0.618	0.514
LOKIASV2_2518_ESMFold_hypothetical_protein	AF-B5XPB8-F1-model_v4	AF-B5XPB8-F1-model_v4 Multidrug resistance protein MdtC	3.457E+00	0.009	13	1	379	380	497	854	1025	463	0.997	0.349
LOKIASV2_2518_ESMFold_hypothetical_protein	AF-Q9TIR3-F1-model_v4	AF-Q9TIR3-F1-model_v4 Maturase K	8.472E+00	0.008	12	39	355	380	114	328	510	324	0.834	0.422
LOKIASV2_2518_ESMFold_hypothetical_protein	AF-Q2UEK2-F1-model_v4	AF-Q2UEK2-F1-model_v4 Nonribosomal peptide synthetase astA	7.082E+00	0.007	11	24	115	380	904	993	1338	103	0.242	0.067
LOKIASV2_2518_ESMFold_hypothetical_protein	AF-Q80TC5-F1-model_v4	AF-Q80TC5-F1-model_v4 Pogo transposable element with KRAB domain	4.390E+00	0.000	10	152	301	380	197	340	607	186	0.395	0.237
LOKIASV2_2518_ESMFold_hypothetical_protein	AF-Q9P215-F1-model_v4	AF-Q9P215-F1-model_v4 Pogo transposable element with KRAB domain	5.252E+00	0.000	9	131	300	380	185	339	609	206	0.447	0.255
