LOKIASV2_3635_ESMFold_sulfite_exporter_TauE-SafE_family_protein	AF-A0A842VSS6-F1-model_v4	AF-A0A842VSS6-F1-model_v4 TSUP family transporter	2.687E-13	1.000	722	2	244	244	19	264	264	246	0.996	0.932
LOKIASV2_3635_ESMFold_sulfite_exporter_TauE-SafE_family_protein	AF-A0A7K4HEA9-F1-model_v4	AF-A0A7K4HEA9-F1-model_v4 Probable membrane transporter protein	1.276E-13	1.000	719	3	242	244	6	249	254	244	0.984	0.961
LOKIASV2_3635_ESMFold_sulfite_exporter_TauE-SafE_family_protein	AF-A0A524D718-F1-model_v4	AF-A0A524D718-F1-model_v4 Probable membrane transporter protein	2.933E-13	1.000	712	2	240	244	9	258	262	250	0.980	0.954
LOKIASV2_3635_ESMFold_sulfite_exporter_TauE-SafE_family_protein	AF-A0A7V7K1K6-F1-model_v4	AF-A0A7V7K1K6-F1-model_v4 Probable membrane transporter protein	7.487E-10	1.000	541	1	240	244	1	237	239	241	0.984	0.992
LOKIASV2_3635_ESMFold_sulfite_exporter_TauE-SafE_family_protein	AF-A0A6L3F1Q5-F1-model_v4	AF-A0A6L3F1Q5-F1-model_v4 Probable membrane transporter protein	1.879E-09	1.000	534	3	237	244	4	233	234	235	0.963	0.983
LOKIASV2_3635_ESMFold_sulfite_exporter_TauE-SafE_family_protein	AF-A0A660U6W8-F1-model_v4	AF-A0A660U6W8-F1-model_v4 Probable membrane transporter protein	2.340E-09	1.000	534	1	237	244	5	240	243	240	0.971	0.971
LOKIASV2_3635_ESMFold_sulfite_exporter_TauE-SafE_family_protein	AF-A0A1G3BKL5-F1-model_v4	AF-A0A1G3BKL5-F1-model_v4 Probable membrane transporter protein	1.324E-09	1.000	530	2	237	244	4	236	239	238	0.967	0.975
LOKIASV2_3635_ESMFold_sulfite_exporter_TauE-SafE_family_protein	AF-A0A7Y5UYX4-F1-model_v4	AF-A0A7Y5UYX4-F1-model_v4 Probable membrane transporter protein	2.340E-09	1.000	529	3	237	244	6	235	237	235	0.963	0.970
LOKIASV2_3635_ESMFold_sulfite_exporter_TauE-SafE_family_protein	AF-A0A1M4U5H9-F1-model_v4	AF-A0A1M4U5H9-F1-model_v4 Probable membrane transporter protein	3.180E-09	1.000	528	2	238	244	6	238	240	237	0.971	0.971
LOKIASV2_3635_ESMFold_sulfite_exporter_TauE-SafE_family_protein	AF-A0A1B9F5G3-F1-model_v4	AF-A0A1B9F5G3-F1-model_v4 Probable membrane transporter protein	2.554E-09	1.000	526	2	238	244	9	241	242	238	0.971	0.963
LOKIASV2_3635_ESMFold_sulfite_exporter_TauE-SafE_family_protein	AF-A0A8B5X2M7-F1-model_v4	AF-A0A8B5X2M7-F1-model_v4 Sulfite exporter TauE/SafE family protein	4.717E-09	1.000	522	3	241	244	36	272	273	239	0.980	0.868
LOKIASV2_3635_ESMFold_sulfite_exporter_TauE-SafE_family_protein	AF-A0A1E4NA24-F1-model_v4	AF-A0A1E4NA24-F1-model_v4 Probable membrane transporter protein	1.160E-09	1.000	521	3	240	244	9	242	243	242	0.975	0.963
LOKIASV2_3635_ESMFold_sulfite_exporter_TauE-SafE_family_protein	AF-W4LFD6-F1-model_v4	AF-W4LFD6-F1-model_v4 Probable membrane transporter protein	4.717E-09	1.000	515	3	242	244	15	250	288	240	0.984	0.819
LOKIASV2_3635_ESMFold_sulfite_exporter_TauE-SafE_family_protein	AF-A0A2S8G5E0-F1-model_v4	AF-A0A2S8G5E0-F1-model_v4 Probable membrane transporter protein	5.380E-09	1.000	514	2	237	244	10	246	299	238	0.967	0.793
LOKIASV2_3635_ESMFold_sulfite_exporter_TauE-SafE_family_protein	AF-A0A3C1F586-F1-model_v4	AF-A0A3C1F586-F1-model_v4 Probable membrane transporter protein	3.471E-09	1.000	510	2	242	244	8	244	245	241	0.988	0.967
LOKIASV2_3635_ESMFold_sulfite_exporter_TauE-SafE_family_protein	AF-F0SD01-F1-model_v4	AF-F0SD01-F1-model_v4 Probable membrane transporter protein	7.312E-09	1.000	510	3	242	244	8	244	248	240	0.984	0.956
LOKIASV2_3635_ESMFold_sulfite_exporter_TauE-SafE_family_protein	AF-B8F9Y1-F1-model_v4	AF-B8F9Y1-F1-model_v4 Probable membrane transporter protein	3.959E-09	1.000	509	3	244	244	6	243	244	242	0.992	0.975
LOKIASV2_3635_ESMFold_sulfite_exporter_TauE-SafE_family_protein	AF-A0A6I5RK63-F1-model_v4	AF-A0A6I5RK63-F1-model_v4 Probable membrane transporter protein	5.380E-09	1.000	508	3	243	244	7	242	244	241	0.988	0.967
LOKIASV2_3635_ESMFold_sulfite_exporter_TauE-SafE_family_protein	AF-A0A848CF29-F1-model_v4	AF-A0A848CF29-F1-model_v4 Sulfite exporter TauE/SafE family protein	7.640E-09	1.000	508	3	241	244	9	244	245	239	0.980	0.963
LOKIASV2_3635_ESMFold_sulfite_exporter_TauE-SafE_family_protein	AF-A0A3E0Q6H3-F1-model_v4	AF-A0A3E0Q6H3-F1-model_v4 Probable membrane transporter protein	4.717E-09	1.000	508	3	244	244	8	258	258	251	0.992	0.973
LOKIASV2_3635_ESMFold_sulfite_exporter_TauE-SafE_family_protein	AF-A0A3A0AYM8-F1-model_v4	AF-A0A3A0AYM8-F1-model_v4 Probable membrane transporter protein	5.150E-09	1.000	504	2	238	244	57	292	293	240	0.971	0.805
LOKIASV2_3635_ESMFold_sulfite_exporter_TauE-SafE_family_protein	AF-A0A101DG77-F1-model_v4	AF-A0A101DG77-F1-model_v4 Probable membrane transporter protein	6.411E-09	1.000	503	3	242	244	6	240	245	240	0.984	0.959
LOKIASV2_3635_ESMFold_sulfite_exporter_TauE-SafE_family_protein	AF-A0A4Q7E328-F1-model_v4	AF-A0A4Q7E328-F1-model_v4 Probable membrane transporter protein	2.143E-09	1.000	502	2	237	244	6	236	237	237	0.967	0.975
LOKIASV2_3635_ESMFold_sulfite_exporter_TauE-SafE_family_protein	AF-A0A7C2YJT9-F1-model_v4	AF-A0A7C2YJT9-F1-model_v4 Probable membrane transporter protein	6.411E-09	1.000	501	3	238	244	9	244	245	237	0.967	0.963
LOKIASV2_3635_ESMFold_sulfite_exporter_TauE-SafE_family_protein	AF-A0A510Y1I2-F1-model_v4	AF-A0A510Y1I2-F1-model_v4 Probable membrane transporter protein	1.411E-08	1.000	500	2	237	244	9	242	245	237	0.967	0.955
LOKIASV2_3635_ESMFold_sulfite_exporter_TauE-SafE_family_protein	AF-A0A1F8ZWW7-F1-model_v4	AF-A0A1F8ZWW7-F1-model_v4 Probable membrane transporter protein	5.150E-09	1.000	500	2	244	244	16	255	255	244	0.996	0.941
LOKIASV2_3635_ESMFold_sulfite_exporter_TauE-SafE_family_protein	AF-A0A2S8FNK2-F1-model_v4	AF-A0A2S8FNK2-F1-model_v4 Probable membrane transporter protein	1.609E-08	1.000	499	2	237	244	11	247	275	237	0.967	0.862
LOKIASV2_3635_ESMFold_sulfite_exporter_TauE-SafE_family_protein	AF-A0A4U8YQS8-F1-model_v4	AF-A0A4U8YQS8-F1-model_v4 Probable membrane transporter protein	8.713E-09	1.000	498	3	243	244	7	243	245	241	0.988	0.967
LOKIASV2_3635_ESMFold_sulfite_exporter_TauE-SafE_family_protein	AF-A0A7J0BJG5-F1-model_v4	AF-A0A7J0BJG5-F1-model_v4 Probable membrane transporter protein	7.982E-09	1.000	495	1	237	244	1	237	240	241	0.971	0.988
LOKIASV2_3635_ESMFold_sulfite_exporter_TauE-SafE_family_protein	AF-A0A2N2IDR8-F1-model_v4	AF-A0A2N2IDR8-F1-model_v4 Probable membrane transporter protein	1.411E-08	1.000	494	3	244	244	9	246	246	242	0.992	0.967
LOKIASV2_3635_ESMFold_sulfite_exporter_TauE-SafE_family_protein	AF-A0A2I1TM34-F1-model_v4	AF-A0A2I1TM34-F1-model_v4 Probable membrane transporter protein	1.609E-08	1.000	493	3	241	244	5	239	241	239	0.980	0.975
LOKIASV2_3635_ESMFold_sulfite_exporter_TauE-SafE_family_protein	AF-A0A1I6DVS4-F1-model_v4	AF-A0A1I6DVS4-F1-model_v4 Probable membrane transporter protein	6.998E-09	1.000	490	3	241	244	6	244	245	242	0.980	0.976
LOKIASV2_3635_ESMFold_sulfite_exporter_TauE-SafE_family_protein	AF-A0A2M7AED9-F1-model_v4	AF-A0A2M7AED9-F1-model_v4 Probable membrane transporter protein	1.474E-08	1.000	488	2	237	244	9	240	241	236	0.967	0.963
LOKIASV2_3635_ESMFold_sulfite_exporter_TauE-SafE_family_protein	AF-A0A2T0ARQ7-F1-model_v4	AF-A0A2T0ARQ7-F1-model_v4 Probable membrane transporter protein	1.184E-08	1.000	488	3	241	244	10	246	247	240	0.980	0.960
LOKIASV2_3635_ESMFold_sulfite_exporter_TauE-SafE_family_protein	AF-A0A7X8LC84-F1-model_v4	AF-A0A7X8LC84-F1-model_v4 Probable membrane transporter protein	1.918E-08	1.000	487	3	238	244	6	237	239	236	0.967	0.971
LOKIASV2_3635_ESMFold_sulfite_exporter_TauE-SafE_family_protein	AF-A0A2N2HSA9-F1-model_v4	AF-A0A2N2HSA9-F1-model_v4 Probable membrane transporter protein	1.038E-08	1.000	487	3	240	244	9	242	243	238	0.975	0.963
LOKIASV2_3635_ESMFold_sulfite_exporter_TauE-SafE_family_protein	AF-F4BQ37-F1-model_v4	AF-F4BQ37-F1-model_v4 Probable membrane transporter protein	1.085E-08	1.000	486	3	240	244	9	248	249	241	0.975	0.964
LOKIASV2_3635_ESMFold_sulfite_exporter_TauE-SafE_family_protein	AF-A0A0S8IU65-F1-model_v4	AF-A0A0S8IU65-F1-model_v4 Probable membrane transporter protein	1.133E-08	1.000	484	1	237	244	1	234	235	239	0.971	0.996
LOKIASV2_3635_ESMFold_sulfite_exporter_TauE-SafE_family_protein	AF-A0A6N8BDS8-F1-model_v4	AF-A0A6N8BDS8-F1-model_v4 Probable membrane transporter protein	1.351E-08	1.000	484	3	238	244	6	237	238	236	0.967	0.975
LOKIASV2_3635_ESMFold_sulfite_exporter_TauE-SafE_family_protein	AF-A0A3N5WCU7-F1-model_v4	AF-A0A3N5WCU7-F1-model_v4 Probable membrane transporter protein	1.085E-08	1.000	482	3	242	244	15	249	250	240	0.984	0.940
LOKIASV2_3635_ESMFold_sulfite_exporter_TauE-SafE_family_protein	AF-A0A2G6J0V8-F1-model_v4	AF-A0A2G6J0V8-F1-model_v4 Probable membrane transporter protein	2.606E-08	1.000	482	3	242	244	18	253	254	240	0.984	0.929
LOKIASV2_3635_ESMFold_sulfite_exporter_TauE-SafE_family_protein	AF-A0A4Q1SL35-F1-model_v4	AF-A0A4Q1SL35-F1-model_v4 Probable membrane transporter protein	3.390E-08	1.000	481	3	242	244	8	244	247	240	0.984	0.960
LOKIASV2_3635_ESMFold_sulfite_exporter_TauE-SafE_family_protein	AF-A0A1H8HIB9-F1-model_v4	AF-A0A1H8HIB9-F1-model_v4 Probable membrane transporter protein	1.411E-08	1.000	481	3	242	244	24	264	268	244	0.984	0.899
LOKIASV2_3635_ESMFold_sulfite_exporter_TauE-SafE_family_protein	AF-A0A7V2TT60-F1-model_v4	AF-A0A7V2TT60-F1-model_v4 Probable membrane transporter protein	1.757E-08	1.000	480	3	237	244	20	254	256	235	0.963	0.918
LOKIASV2_3635_ESMFold_sulfite_exporter_TauE-SafE_family_protein	AF-A0A3M1RTR3-F1-model_v4	AF-A0A3M1RTR3-F1-model_v4 Probable membrane transporter protein	2.494E-08	1.000	475	3	243	244	9	249	251	242	0.988	0.960
LOKIASV2_3635_ESMFold_sulfite_exporter_TauE-SafE_family_protein	AF-A0A7C6LI54-F1-model_v4	AF-A0A7C6LI54-F1-model_v4 Probable membrane transporter protein	2.004E-08	1.000	474	1	237	244	1	233	234	238	0.971	0.996
LOKIASV2_3635_ESMFold_sulfite_exporter_TauE-SafE_family_protein	AF-A0A0R1ZH60-F1-model_v4	AF-A0A0R1ZH60-F1-model_v4 Probable membrane transporter protein	3.542E-08	1.000	474	2	242	244	7	243	244	241	0.988	0.971
LOKIASV2_3635_ESMFold_sulfite_exporter_TauE-SafE_family_protein	AF-A0A151B1F9-F1-model_v4	AF-A0A151B1F9-F1-model_v4 Probable membrane transporter protein	3.105E-08	1.000	474	3	241	244	10	245	246	239	0.980	0.959
LOKIASV2_3635_ESMFold_sulfite_exporter_TauE-SafE_family_protein	AF-D6TT68-F1-model_v4	AF-D6TT68-F1-model_v4 Probable membrane transporter protein	2.004E-08	1.000	474	1	238	244	3	246	249	245	0.975	0.980
LOKIASV2_3635_ESMFold_sulfite_exporter_TauE-SafE_family_protein	AF-A0A2H0LZ21-F1-model_v4	AF-A0A2H0LZ21-F1-model_v4 Probable membrane transporter protein	1.609E-08	1.000	473	3	237	244	7	237	238	236	0.963	0.971
LOKIASV2_3635_ESMFold_sulfite_exporter_TauE-SafE_family_protein	AF-A0A0S8HRZ0-F1-model_v4	AF-A0A0S8HRZ0-F1-model_v4 Probable membrane transporter protein	1.237E-08	1.000	473	3	237	244	11	242	243	235	0.963	0.955
LOKIASV2_3635_ESMFold_sulfite_exporter_TauE-SafE_family_protein	AF-A0A2A4XWX4-F1-model_v4	AF-A0A2A4XWX4-F1-model_v4 Probable membrane transporter protein	9.511E-09	1.000	472	2	242	244	8	256	259	249	0.988	0.961
LOKIASV2_3635_ESMFold_sulfite_exporter_TauE-SafE_family_protein	AF-A0A6N3I5C1-F1-model_v4	AF-A0A6N3I5C1-F1-model_v4 Probable membrane transporter protein	3.700E-08	1.000	471	3	242	244	7	242	243	240	0.984	0.971
LOKIASV2_3635_ESMFold_sulfite_exporter_TauE-SafE_family_protein	AF-A0A202DPB6-F1-model_v4	AF-A0A202DPB6-F1-model_v4 Probable membrane transporter protein	2.606E-08	1.000	470	2	240	244	5	239	241	240	0.980	0.975
LOKIASV2_3635_ESMFold_sulfite_exporter_TauE-SafE_family_protein	AF-A0A1N6GS84-F1-model_v4	AF-A0A1N6GS84-F1-model_v4 Probable membrane transporter protein	1.757E-08	1.000	469	1	243	244	1	243	245	247	0.996	0.992
LOKIASV2_3635_ESMFold_sulfite_exporter_TauE-SafE_family_protein	AF-A0A3A9KCQ8-F1-model_v4	AF-A0A3A9KCQ8-F1-model_v4 Probable membrane transporter protein	3.866E-08	1.000	469	2	238	244	7	243	245	239	0.971	0.967
LOKIASV2_3635_ESMFold_sulfite_exporter_TauE-SafE_family_protein	AF-A0A1V4HW45-F1-model_v4	AF-A0A1V4HW45-F1-model_v4 Probable membrane transporter protein	2.004E-08	1.000	469	2	242	244	5	246	264	246	0.988	0.917
LOKIASV2_3635_ESMFold_sulfite_exporter_TauE-SafE_family_protein	AF-A0A523NXS6-F1-model_v4	AF-A0A523NXS6-F1-model_v4 Probable membrane transporter protein	3.105E-08	1.000	468	3	238	244	8	239	240	236	0.967	0.967
LOKIASV2_3635_ESMFold_sulfite_exporter_TauE-SafE_family_protein	AF-E5Y2U3-F1-model_v4	AF-E5Y2U3-F1-model_v4 Probable membrane transporter protein	4.039E-08	1.000	468	3	242	244	9	244	247	240	0.984	0.955
LOKIASV2_3635_ESMFold_sulfite_exporter_TauE-SafE_family_protein	AF-A0A3A6N5D1-F1-model_v4	AF-A0A3A6N5D1-F1-model_v4 Probable membrane transporter protein	3.700E-08	1.000	468	2	237	244	11	247	248	237	0.967	0.956
LOKIASV2_3635_ESMFold_sulfite_exporter_TauE-SafE_family_protein	AF-A0A2M7ALT3-F1-model_v4	AF-A0A2M7ALT3-F1-model_v4 Probable membrane transporter protein	3.390E-08	1.000	467	2	237	244	7	244	245	238	0.967	0.971
LOKIASV2_3635_ESMFold_sulfite_exporter_TauE-SafE_family_protein	AF-A0A1G5R0P0-F1-model_v4	AF-A0A1G5R0P0-F1-model_v4 Probable membrane transporter protein	2.004E-08	1.000	467	3	241	244	10	246	247	239	0.980	0.960
LOKIASV2_3635_ESMFold_sulfite_exporter_TauE-SafE_family_protein	AF-A0A7C1HRF3-F1-model_v4	AF-A0A7C1HRF3-F1-model_v4 Probable membrane transporter protein	5.736E-08	1.000	467	2	240	244	25	259	261	239	0.980	0.900
LOKIASV2_3635_ESMFold_sulfite_exporter_TauE-SafE_family_protein	AF-A0A845WZ60-F1-model_v4	AF-A0A845WZ60-F1-model_v4 Sulfite exporter TauE/SafE family protein	5.993E-08	1.000	465	3	244	244	6	242	242	242	0.992	0.979
LOKIASV2_3635_ESMFold_sulfite_exporter_TauE-SafE_family_protein	AF-A0A840QLU5-F1-model_v4	AF-A0A840QLU5-F1-model_v4 Uncharacterized protein	4.607E-08	1.000	465	2	238	244	6	242	244	240	0.971	0.971
LOKIASV2_3635_ESMFold_sulfite_exporter_TauE-SafE_family_protein	AF-A0A7Y3K456-F1-model_v4	AF-A0A7Y3K456-F1-model_v4 Probable membrane transporter protein	7.461E-08	1.000	465	3	241	244	9	244	245	239	0.980	0.963
LOKIASV2_3635_ESMFold_sulfite_exporter_TauE-SafE_family_protein	AF-A0A4Q1SXM6-F1-model_v4	AF-A0A4Q1SXM6-F1-model_v4 Probable membrane transporter protein	1.609E-08	1.000	465	2	244	244	14	257	257	248	0.996	0.949
LOKIASV2_3635_ESMFold_sulfite_exporter_TauE-SafE_family_protein	AF-A0A2V2FND4-F1-model_v4	AF-A0A2V2FND4-F1-model_v4 Probable membrane transporter protein	3.245E-08	1.000	464	3	238	244	6	237	239	236	0.967	0.971
LOKIASV2_3635_ESMFold_sulfite_exporter_TauE-SafE_family_protein	AF-R5T7N4-F1-model_v4	AF-R5T7N4-F1-model_v4 Probable membrane transporter protein	3.700E-08	1.000	464	3	242	244	85	320	321	241	0.984	0.735
LOKIASV2_3635_ESMFold_sulfite_exporter_TauE-SafE_family_protein	AF-A0A7Z9GAE0-F1-model_v4	AF-A0A7Z9GAE0-F1-model_v4 Probable membrane transporter protein	5.993E-08	1.000	463	4	241	244	10	243	244	239	0.975	0.959
LOKIASV2_3635_ESMFold_sulfite_exporter_TauE-SafE_family_protein	AF-A0A1Y4D030-F1-model_v4	AF-A0A1Y4D030-F1-model_v4 Probable membrane transporter protein	5.029E-08	1.000	463	3	242	244	8	243	244	240	0.984	0.967
LOKIASV2_3635_ESMFold_sulfite_exporter_TauE-SafE_family_protein	AF-A0A7V6PXQ2-F1-model_v4	AF-A0A7V6PXQ2-F1-model_v4 Probable membrane transporter protein	1.038E-08	1.000	462	3	234	244	6	238	240	237	0.951	0.971
LOKIASV2_3635_ESMFold_sulfite_exporter_TauE-SafE_family_protein	AF-A0A4Y9UVD1-F1-model_v4	AF-A0A4Y9UVD1-F1-model_v4 Probable membrane transporter protein	4.039E-08	1.000	462	2	242	244	8	244	248	241	0.988	0.956
LOKIASV2_3635_ESMFold_sulfite_exporter_TauE-SafE_family_protein	AF-A0A7Z0MSF1-F1-model_v4	AF-A0A7Z0MSF1-F1-model_v4 Probable membrane transporter protein	2.285E-08	1.000	462	3	242	244	8	244	251	240	0.984	0.944
LOKIASV2_3635_ESMFold_sulfite_exporter_TauE-SafE_family_protein	AF-A0A7S8HC71-F1-model_v4	AF-A0A7S8HC71-F1-model_v4 Sulfite exporter TauE/SafE family protein	2.723E-08	1.000	462	2	242	244	28	266	270	245	0.988	0.885
LOKIASV2_3635_ESMFold_sulfite_exporter_TauE-SafE_family_protein	AF-A0A542AKM7-F1-model_v4	AF-A0A542AKM7-F1-model_v4 Probable membrane transporter protein	4.410E-08	1.000	460	3	237	244	12	243	244	239	0.963	0.951
LOKIASV2_3635_ESMFold_sulfite_exporter_TauE-SafE_family_protein	AF-A0A2E7M8Q9-F1-model_v4	AF-A0A2E7M8Q9-F1-model_v4 Probable membrane transporter protein	6.261E-08	1.000	460	3	244	244	7	244	244	242	0.992	0.975
LOKIASV2_3635_ESMFold_sulfite_exporter_TauE-SafE_family_protein	AF-A0A1W9T2S8-F1-model_v4	AF-A0A1W9T2S8-F1-model_v4 Probable membrane transporter protein	4.813E-08	1.000	460	3	240	244	8	243	244	239	0.975	0.967
LOKIASV2_3635_ESMFold_sulfite_exporter_TauE-SafE_family_protein	AF-A0A7X2PCE5-F1-model_v4	AF-A0A7X2PCE5-F1-model_v4 Probable membrane transporter protein	1.918E-08	1.000	459	2	242	244	6	242	243	244	0.988	0.975
LOKIASV2_3635_ESMFold_sulfite_exporter_TauE-SafE_family_protein	AF-A0A2T0N5F6-F1-model_v4	AF-A0A2T0N5F6-F1-model_v4 Probable membrane transporter protein	6.261E-08	1.000	459	3	242	244	10	242	243	240	0.984	0.959
LOKIASV2_3635_ESMFold_sulfite_exporter_TauE-SafE_family_protein	AF-A0A517ZDS4-F1-model_v4	AF-A0A517ZDS4-F1-model_v4 Probable membrane transporter protein	6.261E-08	1.000	459	3	238	244	17	249	251	237	0.967	0.928
LOKIASV2_3635_ESMFold_sulfite_exporter_TauE-SafE_family_protein	AF-A0A2V2FS56-F1-model_v4	AF-A0A2V2FS56-F1-model_v4 Probable membrane transporter protein	1.681E-08	1.000	459	3	240	244	56	289	290	241	0.975	0.807
LOKIASV2_3635_ESMFold_sulfite_exporter_TauE-SafE_family_protein	AF-A0A0R2KX51-F1-model_v4	AF-A0A0R2KX51-F1-model_v4 Probable membrane transporter protein	4.410E-08	1.000	458	1	238	244	1	243	244	243	0.975	0.996
LOKIASV2_3635_ESMFold_sulfite_exporter_TauE-SafE_family_protein	AF-A0A1D7QS95-F1-model_v4	AF-A0A1D7QS95-F1-model_v4 Probable membrane transporter protein	4.607E-08	1.000	458	2	240	244	7	245	247	241	0.980	0.968
LOKIASV2_3635_ESMFold_sulfite_exporter_TauE-SafE_family_protein	AF-A0A537X301-F1-model_v4	AF-A0A537X301-F1-model_v4 Probable membrane transporter protein	5.993E-08	1.000	457	2	242	244	6	239	240	241	0.988	0.975
LOKIASV2_3635_ESMFold_sulfite_exporter_TauE-SafE_family_protein	AF-A0A7Y2FUE2-F1-model_v4	AF-A0A7Y2FUE2-F1-model_v4 Probable membrane transporter protein	5.490E-08	1.000	457	3	237	244	12	243	246	235	0.963	0.943
LOKIASV2_3635_ESMFold_sulfite_exporter_TauE-SafE_family_protein	AF-A0A2C8FD44-F1-model_v4	AF-A0A2C8FD44-F1-model_v4 Probable membrane transporter protein	3.542E-08	1.000	456	1	240	244	1	241	242	244	0.984	0.996
LOKIASV2_3635_ESMFold_sulfite_exporter_TauE-SafE_family_protein	AF-A0A7C6XIY1-F1-model_v4	AF-A0A7C6XIY1-F1-model_v4 Probable membrane transporter protein	6.261E-08	1.000	455	3	238	244	7	238	239	236	0.967	0.971
LOKIASV2_3635_ESMFold_sulfite_exporter_TauE-SafE_family_protein	AF-A0A354ATT4-F1-model_v4	AF-A0A354ATT4-F1-model_v4 Probable membrane transporter protein	4.607E-08	1.000	455	3	238	244	10	241	242	236	0.967	0.959
LOKIASV2_3635_ESMFold_sulfite_exporter_TauE-SafE_family_protein	AF-A0A7K4CVZ0-F1-model_v4	AF-A0A7K4CVZ0-F1-model_v4 Probable membrane transporter protein	3.866E-08	1.000	454	1	191	244	1	193	198	194	0.783	0.975
LOKIASV2_3635_ESMFold_sulfite_exporter_TauE-SafE_family_protein	AF-A0A358LDP6-F1-model_v4	AF-A0A358LDP6-F1-model_v4 Probable membrane transporter protein	1.014E-07	1.000	454	3	242	244	6	242	247	240	0.984	0.960
LOKIASV2_3635_ESMFold_sulfite_exporter_TauE-SafE_family_protein	AF-A0A1Y5TIX0-F1-model_v4	AF-A0A1Y5TIX0-F1-model_v4 Probable membrane transporter protein	7.141E-08	1.000	454	3	241	244	11	249	256	239	0.980	0.934
LOKIASV2_3635_ESMFold_sulfite_exporter_TauE-SafE_family_protein	AF-A0A1G9HQ86-F1-model_v4	AF-A0A1G9HQ86-F1-model_v4 Probable membrane transporter protein	2.845E-08	1.000	453	3	241	244	9	243	244	241	0.980	0.963
LOKIASV2_3635_ESMFold_sulfite_exporter_TauE-SafE_family_protein	AF-A0A841PX35-F1-model_v4	AF-A0A841PX35-F1-model_v4 Uncharacterized protein	2.972E-08	1.000	453	2	239	244	7	244	245	240	0.975	0.971
LOKIASV2_3635_ESMFold_sulfite_exporter_TauE-SafE_family_protein	AF-A0A838LSX1-F1-model_v4	AF-A0A838LSX1-F1-model_v4 Sulfite exporter TauE/SafE family protein	5.993E-08	1.000	453	3	239	244	12	245	246	237	0.971	0.951
LOKIASV2_3635_ESMFold_sulfite_exporter_TauE-SafE_family_protein	AF-A0A2G4HTK0-F1-model_v4	AF-A0A2G4HTK0-F1-model_v4 Probable membrane transporter protein	4.220E-08	1.000	453	3	244	244	17	253	253	242	0.992	0.937
LOKIASV2_3635_ESMFold_sulfite_exporter_TauE-SafE_family_protein	AF-A0A7V2Y423-F1-model_v4	AF-A0A7V2Y423-F1-model_v4 Probable membrane transporter protein	6.261E-08	1.000	453	3	244	244	15	260	260	246	0.992	0.946
LOKIASV2_3635_ESMFold_sulfite_exporter_TauE-SafE_family_protein	AF-A0A1H6AZK9-F1-model_v4	AF-A0A1H6AZK9-F1-model_v4 Probable membrane transporter protein	3.866E-08	1.000	453	3	242	244	46	283	287	240	0.984	0.829
LOKIASV2_3635_ESMFold_sulfite_exporter_TauE-SafE_family_protein	AF-Q67NV8-F1-model_v4	AF-Q67NV8-F1-model_v4 Probable membrane transporter protein	4.813E-08	1.000	452	3	237	244	6	240	242	236	0.963	0.971
LOKIASV2_3635_ESMFold_sulfite_exporter_TauE-SafE_family_protein	AF-W4Q851-F1-model_v4	AF-W4Q851-F1-model_v4 Probable membrane transporter protein	7.795E-08	1.000	452	2	241	244	7	246	248	243	0.984	0.968
LOKIASV2_3635_ESMFold_sulfite_exporter_TauE-SafE_family_protein	AF-A0A853G3R9-F1-model_v4	AF-A0A853G3R9-F1-model_v4 Sulfite exporter TauE/SafE family protein	9.289E-08	1.000	452	3	242	244	5	241	250	240	0.984	0.948
LOKIASV2_3635_ESMFold_sulfite_exporter_TauE-SafE_family_protein	AF-A0A4R6H6U2-F1-model_v4	AF-A0A4R6H6U2-F1-model_v4 Probable membrane transporter protein	8.144E-08	1.000	451	3	242	244	6	242	243	240	0.984	0.975
LOKIASV2_3635_ESMFold_sulfite_exporter_TauE-SafE_family_protein	AF-A0A1F4FCE0-F1-model_v4	AF-A0A1F4FCE0-F1-model_v4 Probable membrane transporter protein	6.835E-08	1.000	451	3	238	244	17	248	249	237	0.967	0.932
LOKIASV2_3635_ESMFold_sulfite_exporter_TauE-SafE_family_protein	AF-V2UKI8-F1-model_v4	AF-V2UKI8-F1-model_v4 Probable membrane transporter protein	4.607E-08	1.000	451	2	243	244	12	249	250	243	0.992	0.952
LOKIASV2_3635_ESMFold_sulfite_exporter_TauE-SafE_family_protein	AF-A0A1X9MH61-F1-model_v4	AF-A0A1X9MH61-F1-model_v4 Probable membrane transporter protein	7.461E-08	1.000	450	3	240	244	7	237	238	238	0.975	0.971
LOKIASV2_3635_ESMFold_sulfite_exporter_TauE-SafE_family_protein	AF-A0A417BA79-F1-model_v4	AF-A0A417BA79-F1-model_v4 Probable membrane transporter protein	1.059E-07	1.000	449	2	238	244	5	237	238	237	0.971	0.979
LOKIASV2_3635_ESMFold_sulfite_exporter_TauE-SafE_family_protein	AF-R5S1I0-F1-model_v4	AF-R5S1I0-F1-model_v4 Probable membrane transporter protein	2.723E-08	1.000	449	3	240	244	6	239	240	241	0.975	0.975
LOKIASV2_3635_ESMFold_sulfite_exporter_TauE-SafE_family_protein	AF-A0A3C1LSV9-F1-model_v4	AF-A0A3C1LSV9-F1-model_v4 Probable membrane transporter protein	9.289E-08	1.000	449	3	241	244	6	240	241	240	0.980	0.975
LOKIASV2_3635_ESMFold_sulfite_exporter_TauE-SafE_family_protein	AF-S7UT29-F1-model_v4	AF-S7UT29-F1-model_v4 Probable membrane transporter protein	7.795E-08	1.000	448	3	242	244	7	242	243	240	0.984	0.971
LOKIASV2_3635_ESMFold_sulfite_exporter_TauE-SafE_family_protein	AF-A0A2M7KJ04-F1-model_v4	AF-A0A2M7KJ04-F1-model_v4 Probable membrane transporter protein	4.410E-08	1.000	448	2	237	244	8	243	245	240	0.967	0.963
LOKIASV2_3635_ESMFold_sulfite_exporter_TauE-SafE_family_protein	AF-A0A1M7SL19-F1-model_v4	AF-A0A1M7SL19-F1-model_v4 Probable membrane transporter protein	4.410E-08	1.000	447	1	239	244	1	239	240	243	0.980	0.996
LOKIASV2_3635_ESMFold_sulfite_exporter_TauE-SafE_family_protein	AF-A0A3D4MZ57-F1-model_v4	AF-A0A3D4MZ57-F1-model_v4 Probable membrane transporter protein	4.220E-08	1.000	447	3	241	244	4	242	243	244	0.980	0.984
LOKIASV2_3635_ESMFold_sulfite_exporter_TauE-SafE_family_protein	AF-A0A520TMW7-F1-model_v4	AF-A0A520TMW7-F1-model_v4 Probable membrane transporter protein	3.700E-08	1.000	447	5	240	244	16	249	250	237	0.967	0.936
LOKIASV2_3635_ESMFold_sulfite_exporter_TauE-SafE_family_protein	AF-A0A0S8B101-F1-model_v4	AF-A0A0S8B101-F1-model_v4 Probable membrane transporter protein	8.890E-08	1.000	447	2	238	244	20	256	257	241	0.971	0.922
LOKIASV2_3635_ESMFold_sulfite_exporter_TauE-SafE_family_protein	AF-A0A7V6NZ02-F1-model_v4	AF-A0A7V6NZ02-F1-model_v4 Probable membrane transporter protein	1.504E-07	1.000	446	2	238	244	6	239	240	237	0.971	0.975
LOKIASV2_3635_ESMFold_sulfite_exporter_TauE-SafE_family_protein	AF-D6Y0C6-F1-model_v4	AF-D6Y0C6-F1-model_v4 Probable membrane transporter protein	1.262E-07	1.000	446	2	240	244	7	245	246	241	0.980	0.972
LOKIASV2_3635_ESMFold_sulfite_exporter_TauE-SafE_family_protein	AF-A0A660TU93-F1-model_v4	AF-A0A660TU93-F1-model_v4 Probable membrane transporter protein	1.107E-07	1.000	445	1	238	244	5	242	243	240	0.975	0.979
LOKIASV2_3635_ESMFold_sulfite_exporter_TauE-SafE_family_protein	AF-A0A285XHW9-F1-model_v4	AF-A0A285XHW9-F1-model_v4 Probable membrane transporter protein	3.390E-08	1.000	445	4	242	244	10	250	257	242	0.980	0.938
LOKIASV2_3635_ESMFold_sulfite_exporter_TauE-SafE_family_protein	AF-A0A6J6EA59-F1-model_v4	AF-A0A6J6EA59-F1-model_v4 Unannotated protein	9.705E-08	1.000	444	3	241	244	9	240	241	240	0.980	0.963
LOKIASV2_3635_ESMFold_sulfite_exporter_TauE-SafE_family_protein	AF-A0A2E0QWE7-F1-model_v4	AF-A0A2E0QWE7-F1-model_v4 Probable membrane transporter protein	1.156E-07	1.000	444	2	238	244	7	240	242	237	0.971	0.967
LOKIASV2_3635_ESMFold_sulfite_exporter_TauE-SafE_family_protein	AF-A0A1G1Y2N6-F1-model_v4	AF-A0A1G1Y2N6-F1-model_v4 Probable membrane transporter protein	1.262E-07	1.000	444	3	238	244	9	243	244	236	0.967	0.963
LOKIASV2_3635_ESMFold_sulfite_exporter_TauE-SafE_family_protein	AF-A0A352VYG2-F1-model_v4	AF-A0A352VYG2-F1-model_v4 Probable membrane transporter protein	1.440E-07	1.000	444	3	241	244	9	244	245	240	0.980	0.963
LOKIASV2_3635_ESMFold_sulfite_exporter_TauE-SafE_family_protein	AF-A0A517NRQ6-F1-model_v4	AF-A0A517NRQ6-F1-model_v4 Probable membrane transporter protein	9.705E-08	1.000	444	3	240	244	12	248	289	242	0.975	0.820
LOKIASV2_3635_ESMFold_sulfite_exporter_TauE-SafE_family_protein	AF-A0A178NXB6-F1-model_v4	AF-A0A178NXB6-F1-model_v4 Probable membrane transporter protein	6.835E-08	1.000	443	3	238	244	9	245	246	241	0.967	0.963
LOKIASV2_3635_ESMFold_sulfite_exporter_TauE-SafE_family_protein	AF-A0A2D5BQJ8-F1-model_v4	AF-A0A2D5BQJ8-F1-model_v4 Probable membrane transporter protein	8.890E-08	1.000	443	3	240	244	11	247	268	239	0.975	0.884
LOKIASV2_3635_ESMFold_sulfite_exporter_TauE-SafE_family_protein	AF-A0A2E9IPU9-F1-model_v4	AF-A0A2E9IPU9-F1-model_v4 Probable membrane transporter protein	1.208E-07	1.000	443	3	240	244	38	271	272	238	0.975	0.860
LOKIASV2_3635_ESMFold_sulfite_exporter_TauE-SafE_family_protein	AF-A0A7Y2EZN1-F1-model_v4	AF-A0A7Y2EZN1-F1-model_v4 Probable membrane transporter protein	6.542E-08	1.000	442	2	242	244	8	247	248	248	0.988	0.968
LOKIASV2_3635_ESMFold_sulfite_exporter_TauE-SafE_family_protein	AF-A0A6A8QBZ9-F1-model_v4	AF-A0A6A8QBZ9-F1-model_v4 Probable membrane transporter protein	7.461E-08	1.000	441	3	241	244	6	243	244	240	0.980	0.975
LOKIASV2_3635_ESMFold_sulfite_exporter_TauE-SafE_family_protein	AF-A0A3L7AGE9-F1-model_v4	AF-A0A3L7AGE9-F1-model_v4 Probable membrane transporter protein	5.736E-08	1.000	441	3	240	244	11	246	248	241	0.975	0.952
LOKIASV2_3635_ESMFold_sulfite_exporter_TauE-SafE_family_protein	AF-A0A2A2RIB4-F1-model_v4	AF-A0A2A2RIB4-F1-model_v4 Probable membrane transporter protein	2.136E-07	1.000	441	2	238	244	162	394	396	237	0.971	0.588
LOKIASV2_3635_ESMFold_sulfite_exporter_TauE-SafE_family_protein	AF-A0A1F4DGB6-F1-model_v4	AF-A0A1F4DGB6-F1-model_v4 Probable membrane transporter protein	8.144E-08	1.000	440	3	238	244	12	245	246	239	0.967	0.951
LOKIASV2_3635_ESMFold_sulfite_exporter_TauE-SafE_family_protein	AF-A0A0G1UU73-F1-model_v4	AF-A0A0G1UU73-F1-model_v4 Probable membrane transporter protein	6.835E-08	1.000	440	2	240	244	5	239	562	241	0.980	0.418
LOKIASV2_3635_ESMFold_sulfite_exporter_TauE-SafE_family_protein	AF-A0A0A6S882-F1-model_v4	AF-A0A0A6S882-F1-model_v4 Probable membrane transporter protein	1.262E-07	1.000	439	1	241	244	1	241	242	245	0.988	0.996
LOKIASV2_3635_ESMFold_sulfite_exporter_TauE-SafE_family_protein	AF-A0A4R3JD86-F1-model_v4	AF-A0A4R3JD86-F1-model_v4 Probable membrane transporter protein	1.792E-07	1.000	439	3	237	244	12	241	243	235	0.963	0.947
LOKIASV2_3635_ESMFold_sulfite_exporter_TauE-SafE_family_protein	AF-A0A7X7EH39-F1-model_v4	AF-A0A7X7EH39-F1-model_v4 Probable membrane transporter protein	2.232E-07	1.000	439	2	244	244	6	245	245	243	0.996	0.980
LOKIASV2_3635_ESMFold_sulfite_exporter_TauE-SafE_family_protein	AF-A0A0S8C5B2-F1-model_v4	AF-A0A0S8C5B2-F1-model_v4 Probable membrane transporter protein	1.572E-07	1.000	439	3	238	244	12	247	248	237	0.967	0.952
LOKIASV2_3635_ESMFold_sulfite_exporter_TauE-SafE_family_protein	AF-A0A645C3R3-F1-model_v4	AF-A0A645C3R3-F1-model_v4 Uncharacterized protein	4.607E-08	1.000	439	3	240	244	17	255	255	244	0.975	0.937
LOKIASV2_3635_ESMFold_sulfite_exporter_TauE-SafE_family_protein	AF-A0A1W2EDS4-F1-model_v4	AF-A0A1W2EDS4-F1-model_v4 Probable membrane transporter protein	5.490E-08	1.000	438	3	242	244	15	252	255	243	0.984	0.933
LOKIASV2_3635_ESMFold_sulfite_exporter_TauE-SafE_family_protein	AF-A0A160TQQ3-F1-model_v4	AF-A0A160TQQ3-F1-model_v4 Uncharacterized protein	2.845E-08	1.000	438	2	243	244	5	246	346	246	0.992	0.699
LOKIASV2_3635_ESMFold_sulfite_exporter_TauE-SafE_family_protein	AF-E6SR01-F1-model_v4	AF-E6SR01-F1-model_v4 Probable membrane transporter protein	1.642E-07	1.000	437	3	238	244	5	237	238	237	0.967	0.979
LOKIASV2_3635_ESMFold_sulfite_exporter_TauE-SafE_family_protein	AF-A0A1Y4W4D8-F1-model_v4	AF-A0A1Y4W4D8-F1-model_v4 Probable membrane transporter protein	1.440E-07	1.000	437	2	240	244	5	239	240	240	0.980	0.979
LOKIASV2_3635_ESMFold_sulfite_exporter_TauE-SafE_family_protein	AF-A0A661UWV8-F1-model_v4	AF-A0A661UWV8-F1-model_v4 Probable membrane transporter protein	1.572E-07	1.000	437	3	241	244	9	243	245	239	0.980	0.959
LOKIASV2_3635_ESMFold_sulfite_exporter_TauE-SafE_family_protein	AF-A0A3A0FLU9-F1-model_v4	AF-A0A3A0FLU9-F1-model_v4 Probable membrane transporter protein	4.607E-08	1.000	437	2	237	244	10	245	246	240	0.967	0.959
LOKIASV2_3635_ESMFold_sulfite_exporter_TauE-SafE_family_protein	AF-A0A2E5V5E2-F1-model_v4	AF-A0A2E5V5E2-F1-model_v4 Probable membrane transporter protein	4.220E-08	1.000	437	2	242	244	21	253	257	243	0.988	0.907
LOKIASV2_3635_ESMFold_sulfite_exporter_TauE-SafE_family_protein	AF-A0A2M7GT02-F1-model_v4	AF-A0A2M7GT02-F1-model_v4 Probable membrane transporter protein	1.504E-07	1.000	436	2	237	244	9	241	242	236	0.967	0.963
LOKIASV2_3635_ESMFold_sulfite_exporter_TauE-SafE_family_protein	AF-A0A0H2MI40-F1-model_v4	AF-A0A0H2MI40-F1-model_v4 Probable membrane transporter protein	1.792E-07	1.000	436	3	241	244	18	251	252	239	0.980	0.929
LOKIASV2_3635_ESMFold_sulfite_exporter_TauE-SafE_family_protein	AF-A0A2P5LQZ2-F1-model_v4	AF-A0A2P5LQZ2-F1-model_v4 Probable membrane transporter protein	7.141E-08	1.000	436	4	244	244	387	628	630	248	0.988	0.384
LOKIASV2_3635_ESMFold_sulfite_exporter_TauE-SafE_family_protein	AF-A0A7V3NNP3-F1-model_v4	AF-A0A7V3NNP3-F1-model_v4 Probable membrane transporter protein	7.141E-08	1.000	435	1	238	244	1	242	243	244	0.975	0.996
LOKIASV2_3635_ESMFold_sulfite_exporter_TauE-SafE_family_protein	AF-A0A1M5N1B4-F1-model_v4	AF-A0A1M5N1B4-F1-model_v4 Probable membrane transporter protein	5.993E-08	1.000	435	3	241	244	9	243	244	240	0.980	0.963
LOKIASV2_3635_ESMFold_sulfite_exporter_TauE-SafE_family_protein	AF-A0A2E8S0L4-F1-model_v4	AF-A0A2E8S0L4-F1-model_v4 Probable membrane transporter protein	7.461E-08	1.000	435	3	240	244	10	243	245	242	0.975	0.955
LOKIASV2_3635_ESMFold_sulfite_exporter_TauE-SafE_family_protein	AF-A0A358LE90-F1-model_v4	AF-A0A358LE90-F1-model_v4 Probable membrane transporter protein	5.736E-08	1.000	435	2	242	244	7	246	247	245	0.988	0.972
LOKIASV2_3635_ESMFold_sulfite_exporter_TauE-SafE_family_protein	AF-A0A6P1ZHM2-F1-model_v4	AF-A0A6P1ZHM2-F1-model_v4 Probable membrane transporter protein	1.504E-07	1.000	435	6	243	244	14	246	249	238	0.975	0.936
LOKIASV2_3635_ESMFold_sulfite_exporter_TauE-SafE_family_protein	AF-A0A7Y9EA05-F1-model_v4	AF-A0A7Y9EA05-F1-model_v4 Probable membrane transporter protein	1.504E-07	1.000	434	3	242	244	6	245	250	244	0.984	0.960
LOKIASV2_3635_ESMFold_sulfite_exporter_TauE-SafE_family_protein	AF-A0A2T2WEQ7-F1-model_v4	AF-A0A2T2WEQ7-F1-model_v4 Probable membrane transporter protein	5.254E-08	1.000	434	3	240	244	20	257	258	240	0.975	0.922
LOKIASV2_3635_ESMFold_sulfite_exporter_TauE-SafE_family_protein	AF-A0A7C7VW70-F1-model_v4	AF-A0A7C7VW70-F1-model_v4 Probable membrane transporter protein	1.208E-07	1.000	433	3	238	244	9	241	242	236	0.967	0.963
LOKIASV2_3635_ESMFold_sulfite_exporter_TauE-SafE_family_protein	AF-A0A7V0WMK0-F1-model_v4	AF-A0A7V0WMK0-F1-model_v4 Probable membrane transporter protein	2.044E-07	1.000	433	3	240	244	10	244	246	238	0.975	0.955
LOKIASV2_3635_ESMFold_sulfite_exporter_TauE-SafE_family_protein	AF-A0A2D5UFY3-F1-model_v4	AF-A0A2D5UFY3-F1-model_v4 Probable membrane transporter protein	1.792E-07	1.000	433	2	239	244	11	248	249	239	0.975	0.956
LOKIASV2_3635_ESMFold_sulfite_exporter_TauE-SafE_family_protein	AF-A0A3M1GY58-F1-model_v4	AF-A0A3M1GY58-F1-model_v4 Probable membrane transporter protein	1.572E-07	1.000	433	3	238	244	98	334	335	237	0.967	0.707
LOKIASV2_3635_ESMFold_sulfite_exporter_TauE-SafE_family_protein	AF-S0FEX6-F1-model_v4	AF-S0FEX6-F1-model_v4 Probable membrane transporter protein	2.778E-07	1.000	432	2	238	244	6	239	240	239	0.971	0.975
LOKIASV2_3635_ESMFold_sulfite_exporter_TauE-SafE_family_protein	AF-A0A848YEW8-F1-model_v4	AF-A0A848YEW8-F1-model_v4 Sulfite exporter TauE/SafE family protein	1.873E-07	1.000	432	2	238	244	9	242	246	237	0.971	0.951
LOKIASV2_3635_ESMFold_sulfite_exporter_TauE-SafE_family_protein	AF-A0A3M1T9M1-F1-model_v4	AF-A0A3M1T9M1-F1-model_v4 Probable membrane transporter protein	2.332E-07	1.000	432	3	239	244	13	250	251	238	0.971	0.948
LOKIASV2_3635_ESMFold_sulfite_exporter_TauE-SafE_family_protein	AF-A0A7C6HST4-F1-model_v4	AF-A0A7C6HST4-F1-model_v4 Probable membrane transporter protein	1.572E-07	1.000	431	3	242	244	6	238	239	241	0.984	0.975
LOKIASV2_3635_ESMFold_sulfite_exporter_TauE-SafE_family_protein	AF-A0A7X4CYV7-F1-model_v4	AF-A0A7X4CYV7-F1-model_v4 Probable membrane transporter protein	9.289E-08	1.000	431	3	238	244	8	240	241	236	0.967	0.967
LOKIASV2_3635_ESMFold_sulfite_exporter_TauE-SafE_family_protein	AF-A0A1Y4FFD5-F1-model_v4	AF-A0A1Y4FFD5-F1-model_v4 Probable membrane transporter protein	7.461E-08	1.000	431	2	241	244	8	243	244	245	0.984	0.967
LOKIASV2_3635_ESMFold_sulfite_exporter_TauE-SafE_family_protein	AF-I2B5S8-F1-model_v4	AF-I2B5S8-F1-model_v4 Probable membrane transporter protein	1.378E-07	1.000	431	1	244	244	3	247	247	253	1.000	0.992
LOKIASV2_3635_ESMFold_sulfite_exporter_TauE-SafE_family_protein	AF-A0A2W4LZ43-F1-model_v4	AF-A0A2W4LZ43-F1-model_v4 Probable membrane transporter protein	2.723E-08	1.000	431	3	238	244	45	277	278	241	0.967	0.838
LOKIASV2_3635_ESMFold_sulfite_exporter_TauE-SafE_family_protein	AF-A0A2E4FCB6-F1-model_v4	AF-A0A2E4FCB6-F1-model_v4 Probable membrane transporter protein	1.156E-07	1.000	430	1	237	244	1	237	238	241	0.971	0.996
LOKIASV2_3635_ESMFold_sulfite_exporter_TauE-SafE_family_protein	AF-A0A1W1WH39-F1-model_v4	AF-A0A1W1WH39-F1-model_v4 Probable membrane transporter protein	1.440E-07	1.000	430	2	237	244	12	243	246	240	0.967	0.943
LOKIASV2_3635_ESMFold_sulfite_exporter_TauE-SafE_family_protein	AF-A0A7X0JVN6-F1-model_v4	AF-A0A7X0JVN6-F1-model_v4 Probable membrane transporter protein	1.440E-07	1.000	430	3	243	244	9	245	247	242	0.988	0.960
LOKIASV2_3635_ESMFold_sulfite_exporter_TauE-SafE_family_protein	AF-A0A2M8D2U7-F1-model_v4	AF-A0A2M8D2U7-F1-model_v4 Probable membrane transporter protein	1.957E-07	1.000	430	2	239	244	17	252	254	239	0.975	0.929
LOKIASV2_3635_ESMFold_sulfite_exporter_TauE-SafE_family_protein	AF-A0A1Y2L5V8-F1-model_v4	AF-A0A1Y2L5V8-F1-model_v4 Probable membrane transporter protein	9.289E-08	1.000	430	2	242	244	8	251	256	245	0.988	0.953
LOKIASV2_3635_ESMFold_sulfite_exporter_TauE-SafE_family_protein	AF-A0A4Y4K3W7-F1-model_v4	AF-A0A4Y4K3W7-F1-model_v4 Probable membrane transporter protein	2.044E-07	1.000	429	3	242	244	9	241	242	240	0.984	0.963
LOKIASV2_3635_ESMFold_sulfite_exporter_TauE-SafE_family_protein	AF-A0A4P5RYC6-F1-model_v4	AF-A0A4P5RYC6-F1-model_v4 Probable membrane transporter protein	2.093E-08	1.000	429	3	241	244	9	241	242	239	0.980	0.963
LOKIASV2_3635_ESMFold_sulfite_exporter_TauE-SafE_family_protein	AF-A0A2E5Z753-F1-model_v4	AF-A0A2E5Z753-F1-model_v4 Probable membrane transporter protein	1.572E-07	1.000	429	3	242	244	10	244	245	240	0.984	0.959
LOKIASV2_3635_ESMFold_sulfite_exporter_TauE-SafE_family_protein	AF-A0A3A5V2I4-F1-model_v4	AF-A0A3A5V2I4-F1-model_v4 Probable membrane transporter protein	1.156E-07	1.000	429	2	243	244	7	244	248	244	0.992	0.960
LOKIASV2_3635_ESMFold_sulfite_exporter_TauE-SafE_family_protein	AF-A0A7Y3AFD0-F1-model_v4	AF-A0A7Y3AFD0-F1-model_v4 Probable membrane transporter protein	1.572E-07	1.000	429	2	241	244	10	242	248	240	0.984	0.940
LOKIASV2_3635_ESMFold_sulfite_exporter_TauE-SafE_family_protein	AF-A0A223P7V2-F1-model_v4	AF-A0A223P7V2-F1-model_v4 Probable membrane transporter protein	5.993E-08	1.000	429	2	242	244	6	249	250	246	0.988	0.976
LOKIASV2_3635_ESMFold_sulfite_exporter_TauE-SafE_family_protein	AF-A0A7H1NU56-F1-model_v4	AF-A0A7H1NU56-F1-model_v4 Probable membrane transporter protein	2.285E-08	1.000	429	3	242	244	7	242	278	240	0.984	0.849
LOKIASV2_3635_ESMFold_sulfite_exporter_TauE-SafE_family_protein	AF-A0A7K3YQ87-F1-model_v4	AF-A0A7K3YQ87-F1-model_v4 Probable membrane transporter protein	2.436E-07	1.000	428	3	244	244	6	244	244	242	0.992	0.980
LOKIASV2_3635_ESMFold_sulfite_exporter_TauE-SafE_family_protein	AF-A0A7K1C876-F1-model_v4	AF-A0A7K1C876-F1-model_v4 Probable membrane transporter protein	2.545E-07	1.000	428	3	241	244	62	293	294	239	0.980	0.789
LOKIASV2_3635_ESMFold_sulfite_exporter_TauE-SafE_family_protein	AF-A0A7X0NJD4-F1-model_v4	AF-A0A7X0NJD4-F1-model_v4 Probable membrane transporter protein	4.410E-08	1.000	427	2	237	244	4	240	242	241	0.967	0.979
LOKIASV2_3635_ESMFold_sulfite_exporter_TauE-SafE_family_protein	AF-A0A352P8V6-F1-model_v4	AF-A0A352P8V6-F1-model_v4 Probable membrane transporter protein	1.319E-07	1.000	426	3	237	244	7	237	238	237	0.963	0.971
LOKIASV2_3635_ESMFold_sulfite_exporter_TauE-SafE_family_protein	AF-A0A525I288-F1-model_v4	AF-A0A525I288-F1-model_v4 Probable membrane transporter protein	1.957E-07	1.000	426	2	243	244	10	248	252	242	0.992	0.948
LOKIASV2_3635_ESMFold_sulfite_exporter_TauE-SafE_family_protein	AF-A0A3A9YBK6-F1-model_v4	AF-A0A3A9YBK6-F1-model_v4 Probable membrane transporter protein	1.208E-07	1.000	426	1	240	244	50	286	288	244	0.984	0.823
LOKIASV2_3635_ESMFold_sulfite_exporter_TauE-SafE_family_protein	AF-A0A4V0X2P1-F1-model_v4	AF-A0A4V0X2P1-F1-model_v4 Probable membrane transporter protein	4.410E-08	1.000	425	3	238	244	7	246	247	244	0.967	0.972
LOKIASV2_3635_ESMFold_sulfite_exporter_TauE-SafE_family_protein	AF-A0A3A4QFW2-F1-model_v4	AF-A0A3A4QFW2-F1-model_v4 Probable membrane transporter protein	3.169E-07	1.000	425	3	238	244	27	262	263	238	0.967	0.897
LOKIASV2_3635_ESMFold_sulfite_exporter_TauE-SafE_family_protein	AF-A0A0P0YF73-F1-model_v4	AF-A0A0P0YF73-F1-model_v4 Probable membrane transporter protein	1.107E-07	1.000	425	2	242	244	20	257	281	244	0.988	0.847
LOKIASV2_3635_ESMFold_sulfite_exporter_TauE-SafE_family_protein	AF-A0A2T0ZYQ4-F1-model_v4	AF-A0A2T0ZYQ4-F1-model_v4 Probable membrane transporter protein	2.044E-07	1.000	424	3	242	244	4	240	241	244	0.984	0.983
LOKIASV2_3635_ESMFold_sulfite_exporter_TauE-SafE_family_protein	AF-H9UFE9-F1-model_v4	AF-H9UFE9-F1-model_v4 Probable membrane transporter protein	1.319E-07	1.000	424	1	242	244	1	243	244	246	0.992	0.996
LOKIASV2_3635_ESMFold_sulfite_exporter_TauE-SafE_family_protein	AF-A0A0F6SGI8-F1-model_v4	AF-A0A0F6SGI8-F1-model_v4 Probable membrane transporter protein	1.957E-07	1.000	424	1	240	244	9	253	253	245	0.984	0.968
LOKIASV2_3635_ESMFold_sulfite_exporter_TauE-SafE_family_protein	AF-A0A1Y4VK42-F1-model_v4	AF-A0A1Y4VK42-F1-model_v4 Probable membrane transporter protein	2.778E-07	1.000	424	2	240	244	69	303	304	239	0.980	0.773
LOKIASV2_3635_ESMFold_sulfite_exporter_TauE-SafE_family_protein	AF-A0A4R9L2R8-F1-model_v4	AF-A0A4R9L2R8-F1-model_v4 Probable membrane transporter protein	3.945E-07	1.000	423	2	237	244	6	242	243	239	0.967	0.975
LOKIASV2_3635_ESMFold_sulfite_exporter_TauE-SafE_family_protein	AF-A0A4P6AM00-F1-model_v4	AF-A0A4P6AM00-F1-model_v4 Probable membrane transporter protein	1.873E-07	1.000	423	2	240	244	8	247	248	247	0.980	0.968
LOKIASV2_3635_ESMFold_sulfite_exporter_TauE-SafE_family_protein	AF-A0A1F7TN17-F1-model_v4	AF-A0A1F7TN17-F1-model_v4 Probable membrane transporter protein	2.903E-07	1.000	423	3	237	244	12	246	249	236	0.963	0.944
LOKIASV2_3635_ESMFold_sulfite_exporter_TauE-SafE_family_protein	AF-A0A7X6XLX0-F1-model_v4	AF-A0A7X6XLX0-F1-model_v4 Probable membrane transporter protein	1.319E-07	1.000	423	3	236	244	16	246	250	234	0.959	0.924
LOKIASV2_3635_ESMFold_sulfite_exporter_TauE-SafE_family_protein	AF-A0A517W9X4-F1-model_v4	AF-A0A517W9X4-F1-model_v4 Probable membrane transporter protein	6.974E-07	1.000	423	3	240	244	12	249	283	238	0.975	0.841
LOKIASV2_3635_ESMFold_sulfite_exporter_TauE-SafE_family_protein	AF-A0A7X6U0G4-F1-model_v4	AF-A0A7X6U0G4-F1-model_v4 Probable membrane transporter protein	1.716E-07	1.000	422	3	239	244	6	238	239	237	0.971	0.975
LOKIASV2_3635_ESMFold_sulfite_exporter_TauE-SafE_family_protein	AF-A0A4V2E6Y3-F1-model_v4	AF-A0A4V2E6Y3-F1-model_v4 Probable membrane transporter protein	2.545E-07	1.000	422	2	237	244	9	241	242	236	0.967	0.963
LOKIASV2_3635_ESMFold_sulfite_exporter_TauE-SafE_family_protein	AF-A0A101WEP2-F1-model_v4	AF-A0A101WEP2-F1-model_v4 Probable membrane transporter protein	3.033E-07	1.000	421	2	238	244	5	238	239	237	0.971	0.979
LOKIASV2_3635_ESMFold_sulfite_exporter_TauE-SafE_family_protein	AF-A0A7C6TUH1-F1-model_v4	AF-A0A7C6TUH1-F1-model_v4 Probable membrane transporter protein	2.778E-07	1.000	421	3	238	244	7	238	239	236	0.967	0.971
LOKIASV2_3635_ESMFold_sulfite_exporter_TauE-SafE_family_protein	AF-A0A177QYQ2-F1-model_v4	AF-A0A177QYQ2-F1-model_v4 Probable membrane transporter protein	2.659E-07	1.000	421	3	237	244	8	243	250	238	0.963	0.944
LOKIASV2_3635_ESMFold_sulfite_exporter_TauE-SafE_family_protein	AF-A0A6F8ZGE4-F1-model_v4	AF-A0A6F8ZGE4-F1-model_v4 Probable membrane transporter protein	1.642E-07	1.000	420	2	237	244	13	244	247	238	0.967	0.939
LOKIASV2_3635_ESMFold_sulfite_exporter_TauE-SafE_family_protein	AF-A0A0F4R8A6-F1-model_v4	AF-A0A0F4R8A6-F1-model_v4 Probable membrane transporter protein	1.208E-07	1.000	420	2	240	244	9	249	250	249	0.980	0.964
LOKIASV2_3635_ESMFold_sulfite_exporter_TauE-SafE_family_protein	AF-F0JHA7-F1-model_v4	AF-F0JHA7-F1-model_v4 Probable membrane transporter protein	2.778E-07	1.000	419	2	240	244	6	240	241	239	0.980	0.975
LOKIASV2_3635_ESMFold_sulfite_exporter_TauE-SafE_family_protein	AF-A0A1I5PU40-F1-model_v4	AF-A0A1I5PU40-F1-model_v4 Probable membrane transporter protein	5.993E-08	1.000	419	3	239	244	7	243	245	244	0.971	0.967
LOKIASV2_3635_ESMFold_sulfite_exporter_TauE-SafE_family_protein	AF-A0A2E6GQK4-F1-model_v4	AF-A0A2E6GQK4-F1-model_v4 Probable membrane transporter protein	7.795E-08	1.000	419	3	241	244	9	245	246	246	0.980	0.963
LOKIASV2_3635_ESMFold_sulfite_exporter_TauE-SafE_family_protein	AF-A0A2E9ZIA5-F1-model_v4	AF-A0A2E9ZIA5-F1-model_v4 Probable membrane transporter protein	1.378E-07	1.000	419	3	238	244	6	245	247	243	0.967	0.972
LOKIASV2_3635_ESMFold_sulfite_exporter_TauE-SafE_family_protein	AF-A0A1K1Q4D7-F1-model_v4	AF-A0A1K1Q4D7-F1-model_v4 Probable membrane transporter protein	7.461E-08	1.000	419	2	242	244	6	243	252	243	0.988	0.944
LOKIASV2_3635_ESMFold_sulfite_exporter_TauE-SafE_family_protein	AF-A0A317JZF5-F1-model_v4	AF-A0A317JZF5-F1-model_v4 Probable membrane transporter protein	2.332E-07	1.000	418	1	240	244	1	237	239	244	0.984	0.992
LOKIASV2_3635_ESMFold_sulfite_exporter_TauE-SafE_family_protein	AF-A0A4R3Z8P5-F1-model_v4	AF-A0A4R3Z8P5-F1-model_v4 Probable membrane transporter protein	1.014E-07	1.000	418	3	240	244	6	239	240	238	0.975	0.975
LOKIASV2_3635_ESMFold_sulfite_exporter_TauE-SafE_family_protein	AF-A0A1G7AFK9-F1-model_v4	AF-A0A1G7AFK9-F1-model_v4 Probable membrane transporter protein	3.776E-07	1.000	418	2	238	244	8	241	242	238	0.971	0.967
LOKIASV2_3635_ESMFold_sulfite_exporter_TauE-SafE_family_protein	AF-A0A1N6H7X5-F1-model_v4	AF-A0A1N6H7X5-F1-model_v4 Probable membrane transporter protein	4.306E-07	1.000	418	3	243	244	11	246	249	241	0.988	0.948
LOKIASV2_3635_ESMFold_sulfite_exporter_TauE-SafE_family_protein	AF-A0A2E4XPR7-F1-model_v4	AF-A0A2E4XPR7-F1-model_v4 Probable membrane transporter protein	2.903E-07	1.000	418	2	241	244	13	251	252	246	0.984	0.948
LOKIASV2_3635_ESMFold_sulfite_exporter_TauE-SafE_family_protein	AF-A0A4Q6BXP3-F1-model_v4	AF-A0A4Q6BXP3-F1-model_v4 Probable membrane transporter protein	6.389E-07	1.000	418	3	242	244	14	254	257	241	0.984	0.938
LOKIASV2_3635_ESMFold_sulfite_exporter_TauE-SafE_family_protein	AF-A0A355B4J3-F1-model_v4	AF-A0A355B4J3-F1-model_v4 Probable membrane transporter protein	3.033E-07	1.000	418	2	240	244	46	284	284	240	0.980	0.842
LOKIASV2_3635_ESMFold_sulfite_exporter_TauE-SafE_family_protein	AF-A0A3B8Z5X5-F1-model_v4	AF-A0A3B8Z5X5-F1-model_v4 Probable membrane transporter protein	2.044E-07	1.000	418	3	240	244	86	320	324	242	0.975	0.725
LOKIASV2_3635_ESMFold_sulfite_exporter_TauE-SafE_family_protein	AF-A0A7V6WGT3-F1-model_v4	AF-A0A7V6WGT3-F1-model_v4 Probable membrane transporter protein	3.459E-07	1.000	417	3	241	244	9	244	245	239	0.980	0.963
LOKIASV2_3635_ESMFold_sulfite_exporter_TauE-SafE_family_protein	AF-A0A521LES5-F1-model_v4	AF-A0A521LES5-F1-model_v4 Probable membrane transporter protein	2.778E-07	1.000	417	2	241	244	12	248	249	240	0.984	0.952
LOKIASV2_3635_ESMFold_sulfite_exporter_TauE-SafE_family_protein	AF-A0A8A5XE02-F1-model_v4	AF-A0A8A5XE02-F1-model_v4 Sulfite exporter TauE/SafE family protein	1.378E-07	1.000	417	3	242	244	13	255	259	244	0.984	0.938
LOKIASV2_3635_ESMFold_sulfite_exporter_TauE-SafE_family_protein	AF-A0A494J5V5-F1-model_v4	AF-A0A494J5V5-F1-model_v4 Probable membrane transporter protein	2.285E-08	1.000	417	2	242	244	5	244	343	244	0.988	0.700
LOKIASV2_3635_ESMFold_sulfite_exporter_TauE-SafE_family_protein	AF-A0A415RJC9-F1-model_v4	AF-A0A415RJC9-F1-model_v4 Probable membrane transporter protein	3.614E-07	1.000	416	3	237	244	2	233	234	235	0.963	0.991
LOKIASV2_3635_ESMFold_sulfite_exporter_TauE-SafE_family_protein	AF-A0A433X5S9-F1-model_v4	AF-A0A433X5S9-F1-model_v4 Probable membrane transporter protein	3.169E-07	1.000	416	2	243	244	8	247	251	249	0.992	0.956
LOKIASV2_3635_ESMFold_sulfite_exporter_TauE-SafE_family_protein	AF-A0A2E2B748-F1-model_v4	AF-A0A2E2B748-F1-model_v4 Probable membrane transporter protein	1.792E-07	1.000	416	3	241	244	19	254	255	241	0.980	0.925
LOKIASV2_3635_ESMFold_sulfite_exporter_TauE-SafE_family_protein	AF-A0A060QGG2-F1-model_v4	AF-A0A060QGG2-F1-model_v4 Probable membrane transporter protein	2.778E-07	1.000	416	2	242	244	20	257	353	241	0.988	0.674
LOKIASV2_3635_ESMFold_sulfite_exporter_TauE-SafE_family_protein	AF-A6FK56-F1-model_v4	AF-A6FK56-F1-model_v4 Probable membrane transporter protein	7.286E-07	1.000	415	3	243	244	6	239	240	241	0.988	0.975
LOKIASV2_3635_ESMFold_sulfite_exporter_TauE-SafE_family_protein	AF-A0A5E4I9R8-F1-model_v4	AF-A0A5E4I9R8-F1-model_v4 Probable membrane transporter protein	2.136E-07	1.000	415	2	238	244	7	239	241	238	0.971	0.967
LOKIASV2_3635_ESMFold_sulfite_exporter_TauE-SafE_family_protein	AF-A0A0Q9YPL9-F1-model_v4	AF-A0A0Q9YPL9-F1-model_v4 Probable membrane transporter protein	2.232E-07	1.000	415	3	242	244	12	249	252	240	0.984	0.944
LOKIASV2_3635_ESMFold_sulfite_exporter_TauE-SafE_family_protein	AF-A0A160TVV7-F1-model_v4	AF-A0A160TVV7-F1-model_v4 Membrane protein	6.389E-07	1.000	414	2	243	244	8	249	253	242	0.992	0.957
LOKIASV2_3635_ESMFold_sulfite_exporter_TauE-SafE_family_protein	AF-A0A537T1R8-F1-model_v4	AF-A0A537T1R8-F1-model_v4 Probable membrane transporter protein	8.144E-08	1.000	414	3	242	244	17	254	255	249	0.984	0.933
LOKIASV2_3635_ESMFold_sulfite_exporter_TauE-SafE_family_protein	AF-A0A5D0TC28-F1-model_v4	AF-A0A5D0TC28-F1-model_v4 Probable membrane transporter protein	2.232E-07	1.000	414	2	240	244	106	341	343	243	0.980	0.688
LOKIASV2_3635_ESMFold_sulfite_exporter_TauE-SafE_family_protein	AF-A0A318E2D1-F1-model_v4	AF-A0A318E2D1-F1-model_v4 Probable membrane transporter protein	3.459E-07	1.000	413	3	238	244	8	242	243	238	0.967	0.967
LOKIASV2_3635_ESMFold_sulfite_exporter_TauE-SafE_family_protein	AF-A0A846EXF7-F1-model_v4	AF-A0A846EXF7-F1-model_v4 Sulfite exporter TauE/SafE family protein	1.572E-07	1.000	413	3	242	244	9	246	247	251	0.984	0.964
LOKIASV2_3635_ESMFold_sulfite_exporter_TauE-SafE_family_protein	AF-A0A6J4VTM4-F1-model_v4	AF-A0A6J4VTM4-F1-model_v4 Probable membrane transporter protein	2.778E-07	1.000	413	2	244	244	10	250	250	247	0.996	0.964
LOKIASV2_3635_ESMFold_sulfite_exporter_TauE-SafE_family_protein	AF-A0A024P4H1-F1-model_v4	AF-A0A024P4H1-F1-model_v4 Probable membrane transporter protein	4.499E-07	1.000	413	3	242	244	62	294	295	240	0.984	0.790
LOKIASV2_3635_ESMFold_sulfite_exporter_TauE-SafE_family_protein	AF-K9SMW3-F1-model_v4	AF-K9SMW3-F1-model_v4 Probable membrane transporter protein	6.835E-08	1.000	412	3	236	244	6	239	242	234	0.959	0.967
LOKIASV2_3635_ESMFold_sulfite_exporter_TauE-SafE_family_protein	AF-A0A7V1H310-F1-model_v4	AF-A0A7V1H310-F1-model_v4 Probable membrane transporter protein	3.311E-07	1.000	412	2	240	244	7	241	243	239	0.980	0.967
LOKIASV2_3635_ESMFold_sulfite_exporter_TauE-SafE_family_protein	AF-A0A1F4F922-F1-model_v4	AF-A0A1F4F922-F1-model_v4 Probable membrane transporter protein	1.716E-07	1.000	412	3	242	244	7	247	250	244	0.984	0.964
LOKIASV2_3635_ESMFold_sulfite_exporter_TauE-SafE_family_protein	AF-A0A7Y6YBD5-F1-model_v4	AF-A0A7Y6YBD5-F1-model_v4 Probable membrane transporter protein	1.572E-07	1.000	412	3	242	244	7	250	252	246	0.984	0.968
LOKIASV2_3635_ESMFold_sulfite_exporter_TauE-SafE_family_protein	AF-A0A369WBP8-F1-model_v4	AF-A0A369WBP8-F1-model_v4 Probable membrane transporter protein	2.232E-07	1.000	412	3	243	244	9	249	253	248	0.988	0.953
LOKIASV2_3635_ESMFold_sulfite_exporter_TauE-SafE_family_protein	AF-A0A1L6I913-F1-model_v4	AF-A0A1L6I913-F1-model_v4 Probable membrane transporter protein	3.459E-07	1.000	412	3	243	244	12	257	259	248	0.988	0.950
LOKIASV2_3635_ESMFold_sulfite_exporter_TauE-SafE_family_protein	AF-A0A6N8XWZ8-F1-model_v4	AF-A0A6N8XWZ8-F1-model_v4 Probable membrane transporter protein	2.659E-07	1.000	412	3	238	244	35	267	268	236	0.967	0.869
LOKIASV2_3635_ESMFold_sulfite_exporter_TauE-SafE_family_protein	AF-A0A061P5W3-F1-model_v4	AF-A0A061P5W3-F1-model_v4 Probable membrane transporter protein	2.778E-07	1.000	411	3	241	244	6	237	239	243	0.980	0.971
LOKIASV2_3635_ESMFold_sulfite_exporter_TauE-SafE_family_protein	AF-A0A7X7ZI89-F1-model_v4	AF-A0A7X7ZI89-F1-model_v4 Probable membrane transporter protein	3.776E-07	1.000	411	3	241	244	5	239	240	240	0.980	0.979
LOKIASV2_3635_ESMFold_sulfite_exporter_TauE-SafE_family_protein	AF-A0A0J1FVG1-F1-model_v4	AF-A0A0J1FVG1-F1-model_v4 Probable membrane transporter protein	4.701E-07	1.000	411	3	241	244	9	243	244	240	0.980	0.963
LOKIASV2_3635_ESMFold_sulfite_exporter_TauE-SafE_family_protein	AF-A0A0S7WGJ7-F1-model_v4	AF-A0A0S7WGJ7-F1-model_v4 Probable membrane transporter protein	1.504E-07	1.000	411	3	240	244	9	242	245	241	0.975	0.955
LOKIASV2_3635_ESMFold_sulfite_exporter_TauE-SafE_family_protein	AF-A0A1H4BAT3-F1-model_v4	AF-A0A1H4BAT3-F1-model_v4 Probable membrane transporter protein	1.014E-07	1.000	411	5	242	244	13	247	250	242	0.975	0.940
LOKIASV2_3635_ESMFold_sulfite_exporter_TauE-SafE_family_protein	AF-A0A7V5P7Y4-F1-model_v4	AF-A0A7V5P7Y4-F1-model_v4 Probable membrane transporter protein	1.035E-06	1.000	410	3	238	244	10	241	242	236	0.967	0.959
LOKIASV2_3635_ESMFold_sulfite_exporter_TauE-SafE_family_protein	AF-A0A3C1WEN2-F1-model_v4	AF-A0A3C1WEN2-F1-model_v4 Probable membrane transporter protein	1.319E-07	1.000	410	1	238	244	1	242	243	244	0.975	0.996
LOKIASV2_3635_ESMFold_sulfite_exporter_TauE-SafE_family_protein	AF-A0A1F4ZXP7-F1-model_v4	AF-A0A1F4ZXP7-F1-model_v4 Probable membrane transporter protein	1.572E-07	1.000	410	1	238	244	11	244	245	242	0.975	0.955
LOKIASV2_3635_ESMFold_sulfite_exporter_TauE-SafE_family_protein	AF-A0A1W1WGH5-F1-model_v4	AF-A0A1W1WGH5-F1-model_v4 Probable membrane transporter protein	3.169E-07	1.000	410	2	238	244	13	245	246	241	0.971	0.947
LOKIASV2_3635_ESMFold_sulfite_exporter_TauE-SafE_family_protein	AF-A0A848K101-F1-model_v4	AF-A0A848K101-F1-model_v4 Uncharacterized protein	2.778E-07	1.000	410	2	244	244	6	249	249	246	0.996	0.980
LOKIASV2_3635_ESMFold_sulfite_exporter_TauE-SafE_family_protein	AF-A0A8B2NXU3-F1-model_v4	AF-A0A8B2NXU3-F1-model_v4 Sulfite exporter TauE/SafE family protein	1.378E-07	1.000	410	3	244	244	11	250	250	247	0.992	0.960
LOKIASV2_3635_ESMFold_sulfite_exporter_TauE-SafE_family_protein	AF-A0A6I7PIK4-F1-model_v4	AF-A0A6I7PIK4-F1-model_v4 Probable membrane transporter protein	6.974E-07	1.000	410	3	237	244	34	264	266	235	0.963	0.868
LOKIASV2_3635_ESMFold_sulfite_exporter_TauE-SafE_family_protein	AF-A0A2A4LDW1-F1-model_v4	AF-A0A2A4LDW1-F1-model_v4 Probable membrane transporter protein	4.306E-07	1.000	409	2	243	244	9	248	249	245	0.992	0.964
LOKIASV2_3635_ESMFold_sulfite_exporter_TauE-SafE_family_protein	AF-A0A350TLK1-F1-model_v4	AF-A0A350TLK1-F1-model_v4 Probable membrane transporter protein	1.792E-07	1.000	408	3	242	244	2	237	238	244	0.984	0.992
LOKIASV2_3635_ESMFold_sulfite_exporter_TauE-SafE_family_protein	AF-A0A4Q8TX14-F1-model_v4	AF-A0A4Q8TX14-F1-model_v4 Probable membrane transporter protein	2.136E-07	1.000	408	3	242	244	9	249	250	246	0.984	0.964
LOKIASV2_3635_ESMFold_sulfite_exporter_TauE-SafE_family_protein	AF-A0A437QFE2-F1-model_v4	AF-A0A437QFE2-F1-model_v4 Probable membrane transporter protein	8.890E-08	1.000	407	1	240	244	3	243	244	249	0.984	0.988
LOKIASV2_3635_ESMFold_sulfite_exporter_TauE-SafE_family_protein	AF-A0A1M4Z8P1-F1-model_v4	AF-A0A1M4Z8P1-F1-model_v4 Probable membrane transporter protein	1.156E-07	1.000	407	2	242	244	15	248	251	243	0.988	0.932
LOKIASV2_3635_ESMFold_sulfite_exporter_TauE-SafE_family_protein	AF-A0A2E6E663-F1-model_v4	AF-A0A2E6E663-F1-model_v4 Probable membrane transporter protein	1.957E-07	1.000	407	3	242	244	7	250	255	248	0.984	0.957
LOKIASV2_3635_ESMFold_sulfite_exporter_TauE-SafE_family_protein	AF-A0A147HQZ2-F1-model_v4	AF-A0A147HQZ2-F1-model_v4 Probable membrane transporter protein	5.853E-07	1.000	407	3	242	244	18	255	260	241	0.984	0.915
LOKIASV2_3635_ESMFold_sulfite_exporter_TauE-SafE_family_protein	AF-A0A1V4ALJ8-F1-model_v4	AF-A0A1V4ALJ8-F1-model_v4 Probable membrane transporter protein	5.602E-07	1.000	406	1	238	244	3	240	241	242	0.975	0.988
LOKIASV2_3635_ESMFold_sulfite_exporter_TauE-SafE_family_protein	AF-A0A6N7FBB0-F1-model_v4	AF-A0A6N7FBB0-F1-model_v4 Probable membrane transporter protein	2.044E-07	1.000	406	3	242	244	9	246	248	247	0.984	0.960
LOKIASV2_3635_ESMFold_sulfite_exporter_TauE-SafE_family_protein	AF-A0A7Y1Z012-F1-model_v4	AF-A0A7Y1Z012-F1-model_v4 Probable membrane transporter protein	4.122E-07	1.000	406	3	242	244	10	246	251	240	0.984	0.944
LOKIASV2_3635_ESMFold_sulfite_exporter_TauE-SafE_family_protein	AF-A0A7V4XBC8-F1-model_v4	AF-A0A7V4XBC8-F1-model_v4 Probable membrane transporter protein	4.912E-07	1.000	406	2	241	244	13	253	254	245	0.984	0.949
LOKIASV2_3635_ESMFold_sulfite_exporter_TauE-SafE_family_protein	AF-A0A4R5DL86-F1-model_v4	AF-A0A4R5DL86-F1-model_v4 Probable membrane transporter protein	6.389E-07	1.000	405	5	238	244	2	233	234	236	0.959	0.991
LOKIASV2_3635_ESMFold_sulfite_exporter_TauE-SafE_family_protein	AF-A0A7W9BP03-F1-model_v4	AF-A0A7W9BP03-F1-model_v4 Probable membrane transporter protein	3.459E-07	1.000	405	3	243	244	9	244	246	241	0.988	0.959
LOKIASV2_3635_ESMFold_sulfite_exporter_TauE-SafE_family_protein	AF-A0A5C8ZUF8-F1-model_v4	AF-A0A5C8ZUF8-F1-model_v4 Probable membrane transporter protein	3.033E-07	1.000	405	2	242	244	3	240	247	245	0.988	0.964
LOKIASV2_3635_ESMFold_sulfite_exporter_TauE-SafE_family_protein	AF-A0A838IG12-F1-model_v4	AF-A0A838IG12-F1-model_v4 Sulfite exporter TauE/SafE family protein	5.853E-07	1.000	405	2	241	244	9	248	251	241	0.984	0.956
LOKIASV2_3635_ESMFold_sulfite_exporter_TauE-SafE_family_protein	AF-A0A833L5A3-F1-model_v4	AF-A0A833L5A3-F1-model_v4 Uncharacterized protein	2.332E-07	1.000	405	4	244	244	19	260	262	245	0.988	0.924
LOKIASV2_3635_ESMFold_sulfite_exporter_TauE-SafE_family_protein	AF-B2IG31-F1-model_v4	AF-B2IG31-F1-model_v4 Probable membrane transporter protein	5.490E-08	1.000	405	2	242	244	6	245	343	241	0.988	0.700
LOKIASV2_3635_ESMFold_sulfite_exporter_TauE-SafE_family_protein	AF-A0A2V6WVM3-F1-model_v4	AF-A0A2V6WVM3-F1-model_v4 Probable membrane transporter protein	1.642E-07	1.000	404	1	241	244	4	242	244	249	0.988	0.980
LOKIASV2_3635_ESMFold_sulfite_exporter_TauE-SafE_family_protein	AF-A0A0M5KYV1-F1-model_v4	AF-A0A0M5KYV1-F1-model_v4 Probable membrane transporter protein	7.954E-07	1.000	404	2	237	244	12	244	245	236	0.967	0.951
LOKIASV2_3635_ESMFold_sulfite_exporter_TauE-SafE_family_protein	AF-A0A3L7WBT8-F1-model_v4	AF-A0A3L7WBT8-F1-model_v4 Probable membrane transporter protein	2.903E-07	1.000	404	1	242	244	160	407	408	250	0.992	0.608
LOKIASV2_3635_ESMFold_sulfite_exporter_TauE-SafE_family_protein	AF-A0A7X6ZF76-F1-model_v4	AF-A0A7X6ZF76-F1-model_v4 Probable membrane transporter protein	9.478E-07	1.000	403	3	240	244	6	236	237	238	0.975	0.975
LOKIASV2_3635_ESMFold_sulfite_exporter_TauE-SafE_family_protein	AF-A0A1V3NRQ6-F1-model_v4	AF-A0A1V3NRQ6-F1-model_v4 Probable membrane transporter protein	6.115E-07	1.000	403	3	237	244	8	242	243	239	0.963	0.967
LOKIASV2_3635_ESMFold_sulfite_exporter_TauE-SafE_family_protein	AF-A0A194AHE7-F1-model_v4	AF-A0A194AHE7-F1-model_v4 Probable membrane transporter protein	9.903E-07	1.000	403	3	238	244	6	237	245	236	0.967	0.947
LOKIASV2_3635_ESMFold_sulfite_exporter_TauE-SafE_family_protein	AF-A0A7J9ZGI6-F1-model_v4	AF-A0A7J9ZGI6-F1-model_v4 Probable membrane transporter protein	7.286E-07	1.000	403	3	241	244	14	248	249	242	0.980	0.944
LOKIASV2_3635_ESMFold_sulfite_exporter_TauE-SafE_family_protein	AF-A0A1H1ICZ2-F1-model_v4	AF-A0A1H1ICZ2-F1-model_v4 Probable membrane transporter protein	6.675E-07	1.000	403	3	243	244	25	263	267	245	0.988	0.895
LOKIASV2_3635_ESMFold_sulfite_exporter_TauE-SafE_family_protein	AF-A0A2D5PAQ1-F1-model_v4	AF-A0A2D5PAQ1-F1-model_v4 Probable membrane transporter protein	3.169E-07	1.000	403	3	241	244	34	277	279	245	0.980	0.875
LOKIASV2_3635_ESMFold_sulfite_exporter_TauE-SafE_family_protein	AF-A0A3S9B8R4-F1-model_v4	AF-A0A3S9B8R4-F1-model_v4 Probable membrane transporter protein	4.499E-07	1.000	403	3	244	244	71	310	310	245	0.992	0.774
LOKIASV2_3635_ESMFold_sulfite_exporter_TauE-SafE_family_protein	AF-A0A5R9G8Q4-F1-model_v4	AF-A0A5R9G8Q4-F1-model_v4 Probable membrane transporter protein	4.122E-07	1.000	402	2	240	244	6	237	238	243	0.980	0.975
LOKIASV2_3635_ESMFold_sulfite_exporter_TauE-SafE_family_protein	AF-A0A7Z9Y8C2-F1-model_v4	AF-A0A7Z9Y8C2-F1-model_v4 Probable membrane transporter protein	1.873E-07	1.000	402	2	239	244	12	245	246	238	0.975	0.951
LOKIASV2_3635_ESMFold_sulfite_exporter_TauE-SafE_family_protein	AF-A0A7Z0KZ99-F1-model_v4	AF-A0A7Z0KZ99-F1-model_v4 Probable membrane transporter protein	3.459E-07	1.000	402	3	239	244	9	245	246	244	0.971	0.963
LOKIASV2_3635_ESMFold_sulfite_exporter_TauE-SafE_family_protein	AF-A0A2E3K904-F1-model_v4	AF-A0A2E3K904-F1-model_v4 Probable membrane transporter protein	3.311E-07	1.000	402	3	241	244	9	245	246	246	0.980	0.963
LOKIASV2_3635_ESMFold_sulfite_exporter_TauE-SafE_family_protein	AF-A0A2D7JIN7-F1-model_v4	AF-A0A2D7JIN7-F1-model_v4 Probable membrane transporter protein	9.289E-08	1.000	402	2	242	244	11	254	255	251	0.988	0.957
LOKIASV2_3635_ESMFold_sulfite_exporter_TauE-SafE_family_protein	AF-A0A840AAK8-F1-model_v4	AF-A0A840AAK8-F1-model_v4 Uncharacterized protein	3.459E-07	1.000	401	3	237	244	8	242	243	240	0.963	0.967
LOKIASV2_3635_ESMFold_sulfite_exporter_TauE-SafE_family_protein	AF-A0A6I6LGP5-F1-model_v4	AF-A0A6I6LGP5-F1-model_v4 Probable membrane transporter protein	2.232E-07	1.000	401	2	241	244	11	250	251	245	0.984	0.956
LOKIASV2_3635_ESMFold_sulfite_exporter_TauE-SafE_family_protein	AF-A0A4V1LRR3-F1-model_v4	AF-A0A4V1LRR3-F1-model_v4 Probable membrane transporter protein	1.440E-07	1.000	401	2	243	244	9	251	256	249	0.992	0.949
LOKIASV2_3635_ESMFold_sulfite_exporter_TauE-SafE_family_protein	AF-A0A2E6TT72-F1-model_v4	AF-A0A2E6TT72-F1-model_v4 Probable membrane transporter protein	3.311E-07	1.000	401	1	243	244	38	286	382	249	0.996	0.652
LOKIASV2_3635_ESMFold_sulfite_exporter_TauE-SafE_family_protein	AF-A0A437QDM5-F1-model_v4	AF-A0A437QDM5-F1-model_v4 Probable membrane transporter protein	9.478E-07	1.000	400	3	242	244	9	243	247	240	0.984	0.951
LOKIASV2_3635_ESMFold_sulfite_exporter_TauE-SafE_family_protein	AF-A0A7C2IXM6-F1-model_v4	AF-A0A7C2IXM6-F1-model_v4 Probable membrane transporter protein	2.232E-07	1.000	400	2	242	244	13	251	252	247	0.988	0.948
LOKIASV2_3635_ESMFold_sulfite_exporter_TauE-SafE_family_protein	AF-A0A2E8AX01-F1-model_v4	AF-A0A2E8AX01-F1-model_v4 Probable membrane transporter protein	7.286E-07	1.000	400	3	242	244	24	262	266	242	0.984	0.898
LOKIASV2_3635_ESMFold_sulfite_exporter_TauE-SafE_family_protein	AF-A0A3B9FGH5-F1-model_v4	AF-A0A3B9FGH5-F1-model_v4 Probable membrane transporter protein	3.776E-07	1.000	399	3	241	244	7	241	242	242	0.980	0.971
LOKIASV2_3635_ESMFold_sulfite_exporter_TauE-SafE_family_protein	AF-A0A1H2B1E0-F1-model_v4	AF-A0A1H2B1E0-F1-model_v4 Probable membrane transporter protein	9.478E-07	1.000	399	2	238	244	5	242	243	240	0.971	0.979
LOKIASV2_3635_ESMFold_sulfite_exporter_TauE-SafE_family_protein	AF-A0A2K9MCM9-F1-model_v4	AF-A0A2K9MCM9-F1-model_v4 Probable membrane transporter protein	5.602E-07	1.000	399	2	243	244	33	271	274	243	0.992	0.872
LOKIASV2_3635_ESMFold_sulfite_exporter_TauE-SafE_family_protein	AF-M1RE47-F1-model_v4	AF-M1RE47-F1-model_v4 Probable membrane transporter protein	7.286E-07	1.000	398	7	244	244	2	241	241	243	0.975	0.996
LOKIASV2_3635_ESMFold_sulfite_exporter_TauE-SafE_family_protein	AF-A0A848TUM0-F1-model_v4	AF-A0A848TUM0-F1-model_v4 Sulfite exporter TauE/SafE family protein	2.232E-07	1.000	398	3	243	244	8	244	248	243	0.988	0.956
LOKIASV2_3635_ESMFold_sulfite_exporter_TauE-SafE_family_protein	AF-A0A1H1XZ78-F1-model_v4	AF-A0A1H1XZ78-F1-model_v4 Probable membrane transporter protein	3.459E-07	1.000	398	1	243	244	1	243	249	247	0.996	0.976
LOKIASV2_3635_ESMFold_sulfite_exporter_TauE-SafE_family_protein	AF-A0A1F7L9H7-F1-model_v4	AF-A0A1F7L9H7-F1-model_v4 Probable membrane transporter protein	6.675E-07	1.000	398	2	237	244	12	247	249	237	0.967	0.948
LOKIASV2_3635_ESMFold_sulfite_exporter_TauE-SafE_family_protein	AF-A0A2H5ZRG4-F1-model_v4	AF-A0A2H5ZRG4-F1-model_v4 Probable membrane transporter protein	8.683E-07	1.000	398	3	240	244	13	249	251	240	0.975	0.944
LOKIASV2_3635_ESMFold_sulfite_exporter_TauE-SafE_family_protein	AF-A0A2H6IZD4-F1-model_v4	AF-A0A2H6IZD4-F1-model_v4 Probable membrane transporter protein	6.115E-07	1.000	398	4	240	244	12	245	252	237	0.971	0.929
LOKIASV2_3635_ESMFold_sulfite_exporter_TauE-SafE_family_protein	AF-A0A0J1HJ13-F1-model_v4	AF-A0A0J1HJ13-F1-model_v4 Probable membrane transporter protein	7.613E-07	1.000	398	3	242	244	9	249	252	245	0.984	0.956
LOKIASV2_3635_ESMFold_sulfite_exporter_TauE-SafE_family_protein	AF-A0A7Y0L4D0-F1-model_v4	AF-A0A7Y0L4D0-F1-model_v4 Probable membrane transporter protein	9.072E-07	1.000	398	1	242	244	3	250	253	252	0.992	0.980
LOKIASV2_3635_ESMFold_sulfite_exporter_TauE-SafE_family_protein	AF-A0A1J5R6T6-F1-model_v4	AF-A0A1J5R6T6-F1-model_v4 Sulfite exporter TauE/SafE	1.180E-06	1.000	398	3	240	244	25	262	264	238	0.975	0.902
LOKIASV2_3635_ESMFold_sulfite_exporter_TauE-SafE_family_protein	AF-A0A518IAC6-F1-model_v4	AF-A0A518IAC6-F1-model_v4 Probable membrane transporter protein	4.912E-07	1.000	398	2	240	244	20	258	279	246	0.980	0.857
LOKIASV2_3635_ESMFold_sulfite_exporter_TauE-SafE_family_protein	AF-A0A7V2I7B1-F1-model_v4	AF-A0A7V2I7B1-F1-model_v4 Probable membrane transporter protein	3.169E-07	1.000	398	3	240	244	159	394	396	246	0.975	0.596
LOKIASV2_3635_ESMFold_sulfite_exporter_TauE-SafE_family_protein	AF-A0A0M7CST4-F1-model_v4	AF-A0A0M7CST4-F1-model_v4 Probable membrane transporter protein	6.675E-07	1.000	397	2	240	244	7	241	242	239	0.980	0.971
LOKIASV2_3635_ESMFold_sulfite_exporter_TauE-SafE_family_protein	AF-A0A7C6GLT5-F1-model_v4	AF-A0A7C6GLT5-F1-model_v4 Probable membrane transporter protein	1.180E-06	1.000	397	2	241	244	5	241	242	241	0.984	0.979
LOKIASV2_3635_ESMFold_sulfite_exporter_TauE-SafE_family_protein	AF-A0A2N3RW32-F1-model_v4	AF-A0A2N3RW32-F1-model_v4 Probable membrane transporter protein	9.903E-07	1.000	397	2	237	244	8	240	242	237	0.967	0.963
LOKIASV2_3635_ESMFold_sulfite_exporter_TauE-SafE_family_protein	AF-A0A7V3A119-F1-model_v4	AF-A0A7V3A119-F1-model_v4 Probable membrane transporter protein	4.912E-07	1.000	397	1	241	244	1	242	243	245	0.988	0.996
LOKIASV2_3635_ESMFold_sulfite_exporter_TauE-SafE_family_protein	AF-W4M509-F1-model_v4	AF-W4M509-F1-model_v4 Probable membrane transporter protein	1.835E-08	1.000	397	3	237	244	13	244	246	238	0.963	0.943
LOKIASV2_3635_ESMFold_sulfite_exporter_TauE-SafE_family_protein	AF-A0A3D1ZUW7-F1-model_v4	AF-A0A3D1ZUW7-F1-model_v4 Probable membrane transporter protein	9.478E-07	1.000	397	3	242	244	42	276	277	240	0.984	0.848
LOKIASV2_3635_ESMFold_sulfite_exporter_TauE-SafE_family_protein	AF-A0A353VF82-F1-model_v4	AF-A0A353VF82-F1-model_v4 Probable membrane transporter protein	9.289E-08	1.000	397	3	237	244	66	304	306	244	0.963	0.781
LOKIASV2_3635_ESMFold_sulfite_exporter_TauE-SafE_family_protein	AF-A0A0R1ZA49-F1-model_v4	AF-A0A0R1ZA49-F1-model_v4 Probable membrane transporter protein	1.081E-06	1.000	396	1	241	244	1	241	242	245	0.988	0.996
LOKIASV2_3635_ESMFold_sulfite_exporter_TauE-SafE_family_protein	AF-A0A7C4SR22-F1-model_v4	AF-A0A7C4SR22-F1-model_v4 Probable membrane transporter protein	1.129E-06	1.000	396	3	238	244	8	243	244	237	0.967	0.967
LOKIASV2_3635_ESMFold_sulfite_exporter_TauE-SafE_family_protein	AF-A0A534WZU9-F1-model_v4	AF-A0A534WZU9-F1-model_v4 Probable membrane transporter protein	2.044E-07	1.000	396	2	242	244	8	244	246	247	0.988	0.963
LOKIASV2_3635_ESMFold_sulfite_exporter_TauE-SafE_family_protein	AF-A0A3N5ETN2-F1-model_v4	AF-A0A3N5ETN2-F1-model_v4 Probable membrane transporter protein	1.081E-06	1.000	396	4	241	244	12	248	250	238	0.975	0.948
LOKIASV2_3635_ESMFold_sulfite_exporter_TauE-SafE_family_protein	AF-A0A8B2NZ43-F1-model_v4	AF-A0A8B2NZ43-F1-model_v4 Sulfite exporter TauE/SafE family protein	5.602E-07	1.000	396	2	242	244	16	248	251	243	0.988	0.928
LOKIASV2_3635_ESMFold_sulfite_exporter_TauE-SafE_family_protein	AF-K9YSX4-F1-model_v4	AF-K9YSX4-F1-model_v4 Probable membrane transporter protein	1.035E-06	1.000	396	3	243	244	9	246	253	241	0.988	0.941
LOKIASV2_3635_ESMFold_sulfite_exporter_TauE-SafE_family_protein	AF-A0A2E5HDA8-F1-model_v4	AF-A0A2E5HDA8-F1-model_v4 Probable membrane transporter protein	9.072E-07	1.000	396	2	243	244	14	253	257	244	0.992	0.934
LOKIASV2_3635_ESMFold_sulfite_exporter_TauE-SafE_family_protein	AF-A0A1I7HU81-F1-model_v4	AF-A0A1I7HU81-F1-model_v4 Probable membrane transporter protein	1.014E-07	1.000	396	3	244	244	7	248	347	244	0.992	0.697
LOKIASV2_3635_ESMFold_sulfite_exporter_TauE-SafE_family_protein	AF-A0A2A9GJK3-F1-model_v4	AF-A0A2A9GJK3-F1-model_v4 Probable membrane transporter protein	4.912E-07	1.000	395	1	244	244	1	245	245	248	1.000	1.000
LOKIASV2_3635_ESMFold_sulfite_exporter_TauE-SafE_family_protein	AF-A0A3A5URD7-F1-model_v4	AF-A0A3A5URD7-F1-model_v4 Probable membrane transporter protein	5.853E-07	1.000	395	2	243	244	15	252	256	245	0.992	0.930
LOKIASV2_3635_ESMFold_sulfite_exporter_TauE-SafE_family_protein	AF-A0A520PSV8-F1-model_v4	AF-A0A520PSV8-F1-model_v4 Probable membrane transporter protein	5.602E-07	1.000	395	3	242	244	14	251	262	243	0.984	0.908
LOKIASV2_3635_ESMFold_sulfite_exporter_TauE-SafE_family_protein	AF-A0A346R3G2-F1-model_v4	AF-A0A346R3G2-F1-model_v4 Probable membrane transporter protein	4.499E-07	1.000	394	2	241	244	7	244	245	244	0.984	0.971
LOKIASV2_3635_ESMFold_sulfite_exporter_TauE-SafE_family_protein	AF-A0A7W4GW82-F1-model_v4	AF-A0A7W4GW82-F1-model_v4 Probable membrane transporter protein	3.776E-07	1.000	394	3	238	244	4	245	246	243	0.967	0.984
LOKIASV2_3635_ESMFold_sulfite_exporter_TauE-SafE_family_protein	AF-A0A7C6HKI8-F1-model_v4	AF-A0A7C6HKI8-F1-model_v4 Probable membrane transporter protein	1.406E-06	1.000	394	2	244	244	9	247	247	245	0.996	0.968
LOKIASV2_3635_ESMFold_sulfite_exporter_TauE-SafE_family_protein	AF-A0A1E4ZQJ9-F1-model_v4	AF-A0A1E4ZQJ9-F1-model_v4 Probable membrane transporter protein	7.613E-07	1.000	394	3	242	244	9	246	247	242	0.984	0.964
LOKIASV2_3635_ESMFold_sulfite_exporter_TauE-SafE_family_protein	AF-A0A3D3VC76-F1-model_v4	AF-A0A3D3VC76-F1-model_v4 Probable membrane transporter protein	4.912E-07	1.000	394	3	241	244	14	250	251	244	0.980	0.944
LOKIASV2_3635_ESMFold_sulfite_exporter_TauE-SafE_family_protein	AF-A0A7Y2FEB7-F1-model_v4	AF-A0A7Y2FEB7-F1-model_v4 Probable membrane transporter protein	3.614E-07	1.000	394	3	242	244	14	250	253	243	0.984	0.937
LOKIASV2_3635_ESMFold_sulfite_exporter_TauE-SafE_family_protein	AF-A8TIE7-F1-model_v4	AF-A8TIE7-F1-model_v4 Probable membrane transporter protein	8.310E-07	1.000	394	2	241	244	14	251	253	244	0.984	0.941
LOKIASV2_3635_ESMFold_sulfite_exporter_TauE-SafE_family_protein	AF-A0A356KST5-F1-model_v4	AF-A0A356KST5-F1-model_v4 Probable membrane transporter protein	1.035E-06	1.000	394	3	242	244	9	249	254	244	0.984	0.949
LOKIASV2_3635_ESMFold_sulfite_exporter_TauE-SafE_family_protein	AF-A0A7C7ZAM0-F1-model_v4	AF-A0A7C7ZAM0-F1-model_v4 Probable membrane transporter protein	2.659E-07	1.000	394	3	240	244	14	256	259	246	0.975	0.938
LOKIASV2_3635_ESMFold_sulfite_exporter_TauE-SafE_family_protein	AF-A0A317FC94-F1-model_v4	AF-A0A317FC94-F1-model_v4 Probable membrane transporter protein	4.499E-07	1.000	393	3	237	244	8	242	243	241	0.963	0.967
LOKIASV2_3635_ESMFold_sulfite_exporter_TauE-SafE_family_protein	AF-A0A1I3PUS8-F1-model_v4	AF-A0A1I3PUS8-F1-model_v4 Probable membrane transporter protein	7.286E-07	1.000	393	2	238	244	10	243	245	240	0.971	0.955
LOKIASV2_3635_ESMFold_sulfite_exporter_TauE-SafE_family_protein	AF-Q6AMJ5-F1-model_v4	AF-Q6AMJ5-F1-model_v4 Probable membrane transporter protein	3.614E-07	1.000	393	2	240	244	6	249	250	248	0.980	0.976
LOKIASV2_3635_ESMFold_sulfite_exporter_TauE-SafE_family_protein	AF-A0A2A5WZP1-F1-model_v4	AF-A0A2A5WZP1-F1-model_v4 Probable membrane transporter protein	3.311E-07	1.000	393	2	242	244	8	249	253	247	0.988	0.957
LOKIASV2_3635_ESMFold_sulfite_exporter_TauE-SafE_family_protein	AF-F7V4B9-F1-model_v4	AF-F7V4B9-F1-model_v4 Probable membrane transporter protein	5.361E-07	1.000	393	3	242	244	6	249	253	245	0.984	0.964
LOKIASV2_3635_ESMFold_sulfite_exporter_TauE-SafE_family_protein	AF-A0A2Z2NTB7-F1-model_v4	AF-A0A2Z2NTB7-F1-model_v4 Probable membrane transporter protein	3.169E-07	1.000	393	3	241	244	17	253	254	244	0.980	0.933
LOKIASV2_3635_ESMFold_sulfite_exporter_TauE-SafE_family_protein	AF-A0A1W2CMT7-F1-model_v4	AF-A0A1W2CMT7-F1-model_v4 Probable membrane transporter protein	5.602E-07	1.000	393	3	241	244	19	254	255	240	0.980	0.925
LOKIASV2_3635_ESMFold_sulfite_exporter_TauE-SafE_family_protein	AF-A0A254RWZ3-F1-model_v4	AF-A0A254RWZ3-F1-model_v4 Probable membrane transporter protein	1.288E-06	1.000	393	2	237	244	36	268	270	237	0.967	0.863
LOKIASV2_3635_ESMFold_sulfite_exporter_TauE-SafE_family_protein	AF-A0A365Y369-F1-model_v4	AF-A0A365Y369-F1-model_v4 Probable membrane transporter protein	5.490E-08	1.000	393	2	243	244	7	247	345	245	0.992	0.699
LOKIASV2_3635_ESMFold_sulfite_exporter_TauE-SafE_family_protein	AF-A0A2E6LYS9-F1-model_v4	AF-A0A2E6LYS9-F1-model_v4 Probable membrane transporter protein	1.233E-06	1.000	392	3	239	244	8	241	242	237	0.971	0.967
LOKIASV2_3635_ESMFold_sulfite_exporter_TauE-SafE_family_protein	AF-A0A7W4J9C4-F1-model_v4	AF-A0A7W4J9C4-F1-model_v4 Probable membrane transporter protein	1.716E-07	1.000	392	2	242	244	6	243	321	241	0.988	0.741
LOKIASV2_3635_ESMFold_sulfite_exporter_TauE-SafE_family_protein	AF-A0A3A9HXS2-F1-model_v4	AF-A0A3A9HXS2-F1-model_v4 Probable membrane transporter protein	4.701E-07	1.000	391	1	238	244	3	240	241	246	0.975	0.988
LOKIASV2_3635_ESMFold_sulfite_exporter_TauE-SafE_family_protein	AF-C0WCZ8-F1-model_v4	AF-C0WCZ8-F1-model_v4 Probable membrane transporter protein	1.129E-06	1.000	391	1	240	244	7	241	244	240	0.984	0.963
LOKIASV2_3635_ESMFold_sulfite_exporter_TauE-SafE_family_protein	AF-A0A1H7WLR6-F1-model_v4	AF-A0A1H7WLR6-F1-model_v4 Probable membrane transporter protein	3.311E-07	1.000	391	2	244	244	8	247	247	249	0.996	0.972
LOKIASV2_3635_ESMFold_sulfite_exporter_TauE-SafE_family_protein	AF-A0A1F4BNU8-F1-model_v4	AF-A0A1F4BNU8-F1-model_v4 Probable membrane transporter protein	1.233E-06	1.000	391	4	244	244	14	249	249	241	0.988	0.948
LOKIASV2_3635_ESMFold_sulfite_exporter_TauE-SafE_family_protein	AF-F0SJZ2-F1-model_v4	AF-F0SJZ2-F1-model_v4 Probable membrane transporter protein	1.346E-06	1.000	391	2	238	244	11	247	267	239	0.971	0.888
LOKIASV2_3635_ESMFold_sulfite_exporter_TauE-SafE_family_protein	AF-A0A3C1GHH7-F1-model_v4	AF-A0A3C1GHH7-F1-model_v4 Probable membrane transporter protein	3.033E-07	1.000	391	2	237	244	45	284	286	242	0.967	0.839
LOKIASV2_3635_ESMFold_sulfite_exporter_TauE-SafE_family_protein	AF-A0A832Y1C4-F1-model_v4	AF-A0A832Y1C4-F1-model_v4 Sulfite exporter TauE/SafE family protein	8.683E-07	1.000	391	3	238	244	105	344	346	245	0.967	0.694
LOKIASV2_3635_ESMFold_sulfite_exporter_TauE-SafE_family_protein	AF-A0A836RMB1-F1-model_v4	AF-A0A836RMB1-F1-model_v4 Sulfite exporter TauE/SafE family protein	1.792E-07	1.000	390	2	237	244	7	242	245	244	0.967	0.963
LOKIASV2_3635_ESMFold_sulfite_exporter_TauE-SafE_family_protein	AF-A0A367FSQ0-F1-model_v4	AF-A0A367FSQ0-F1-model_v4 Probable membrane transporter protein	7.954E-07	1.000	390	3	237	244	11	244	245	237	0.963	0.955
LOKIASV2_3635_ESMFold_sulfite_exporter_TauE-SafE_family_protein	AF-A0A5C0DZE1-F1-model_v4	AF-A0A5C0DZE1-F1-model_v4 Probable membrane transporter protein	1.262E-07	1.000	390	3	243	244	6	242	246	241	0.988	0.963
LOKIASV2_3635_ESMFold_sulfite_exporter_TauE-SafE_family_protein	AF-A0A2D6T5E1-F1-model_v4	AF-A0A2D6T5E1-F1-model_v4 Probable membrane transporter protein	7.954E-07	1.000	390	3	241	244	12	248	249	243	0.980	0.952
LOKIASV2_3635_ESMFold_sulfite_exporter_TauE-SafE_family_protein	AF-A0A2J7W5L7-F1-model_v4	AF-A0A2J7W5L7-F1-model_v4 Probable membrane transporter protein	1.233E-06	1.000	390	3	242	244	13	252	257	244	0.984	0.934
LOKIASV2_3635_ESMFold_sulfite_exporter_TauE-SafE_family_protein	AF-A0A1H7J7P2-F1-model_v4	AF-A0A1H7J7P2-F1-model_v4 Probable membrane transporter protein	5.853E-07	1.000	389	3	240	244	10	240	242	242	0.975	0.955
LOKIASV2_3635_ESMFold_sulfite_exporter_TauE-SafE_family_protein	AF-A0A177QT65-F1-model_v4	AF-A0A177QT65-F1-model_v4 Probable membrane transporter protein	4.912E-07	1.000	389	3	238	244	8	245	246	241	0.967	0.967
LOKIASV2_3635_ESMFold_sulfite_exporter_TauE-SafE_family_protein	AF-A0A1C6BAY6-F1-model_v4	AF-A0A1C6BAY6-F1-model_v4 Probable membrane transporter protein	2.659E-07	1.000	389	3	237	244	9	247	248	246	0.963	0.964
LOKIASV2_3635_ESMFold_sulfite_exporter_TauE-SafE_family_protein	AF-A0A2M8WDI1-F1-model_v4	AF-A0A2M8WDI1-F1-model_v4 Probable membrane transporter protein	1.346E-06	1.000	389	4	241	244	12	247	248	238	0.975	0.952
LOKIASV2_3635_ESMFold_sulfite_exporter_TauE-SafE_family_protein	AF-A0A2E1FVK7-F1-model_v4	AF-A0A2E1FVK7-F1-model_v4 Probable membrane transporter protein	4.701E-07	1.000	389	3	241	244	11	247	249	244	0.980	0.952
LOKIASV2_3635_ESMFold_sulfite_exporter_TauE-SafE_family_protein	AF-A0A381TMD0-F1-model_v4	AF-A0A381TMD0-F1-model_v4 Uncharacterized protein	1.035E-06	1.000	389	3	244	244	14	252	252	248	0.992	0.948
LOKIASV2_3635_ESMFold_sulfite_exporter_TauE-SafE_family_protein	AF-A0A534NWC2-F1-model_v4	AF-A0A534NWC2-F1-model_v4 Probable membrane transporter protein	2.903E-07	1.000	389	3	243	244	9	245	279	247	0.988	0.849
LOKIASV2_3635_ESMFold_sulfite_exporter_TauE-SafE_family_protein	AF-A0A522DCP8-F1-model_v4	AF-A0A522DCP8-F1-model_v4 Probable membrane transporter protein	5.853E-07	1.000	388	2	238	244	5	240	241	240	0.971	0.979
LOKIASV2_3635_ESMFold_sulfite_exporter_TauE-SafE_family_protein	AF-A0A554IVH3-F1-model_v4	AF-A0A554IVH3-F1-model_v4 Probable membrane transporter protein	2.778E-07	1.000	388	2	237	244	6	240	244	238	0.967	0.963
LOKIASV2_3635_ESMFold_sulfite_exporter_TauE-SafE_family_protein	AF-A0A061QG37-F1-model_v4	AF-A0A061QG37-F1-model_v4 Probable membrane transporter protein	1.535E-06	1.000	388	3	241	244	10	244	248	240	0.980	0.948
LOKIASV2_3635_ESMFold_sulfite_exporter_TauE-SafE_family_protein	AF-A0A6I6L5M6-F1-model_v4	AF-A0A6I6L5M6-F1-model_v4 Probable membrane transporter protein	9.478E-07	1.000	388	3	241	244	9	250	251	242	0.980	0.964
LOKIASV2_3635_ESMFold_sulfite_exporter_TauE-SafE_family_protein	AF-A0A537PEK0-F1-model_v4	AF-A0A537PEK0-F1-model_v4 Probable membrane transporter protein	2.277E-06	1.000	388	3	238	244	22	257	258	237	0.967	0.915
LOKIASV2_3635_ESMFold_sulfite_exporter_TauE-SafE_family_protein	AF-A0A2H5YPY1-F1-model_v4	AF-A0A2H5YPY1-F1-model_v4 Probable membrane transporter protein	2.277E-06	1.000	388	3	242	244	29	269	270	242	0.984	0.893
LOKIASV2_3635_ESMFold_sulfite_exporter_TauE-SafE_family_protein	AF-A0A3D5W1S2-F1-model_v4	AF-A0A3D5W1S2-F1-model_v4 Probable membrane transporter protein	6.389E-07	1.000	388	1	241	244	66	309	310	247	0.988	0.787
LOKIASV2_3635_ESMFold_sulfite_exporter_TauE-SafE_family_protein	AF-A0A356E2P7-F1-model_v4	AF-A0A356E2P7-F1-model_v4 Probable membrane transporter protein	6.115E-07	1.000	387	3	241	244	7	241	242	244	0.980	0.971
LOKIASV2_3635_ESMFold_sulfite_exporter_TauE-SafE_family_protein	AF-D8IDA0-F1-model_v4	AF-D8IDA0-F1-model_v4 Probable membrane transporter protein	6.389E-07	1.000	387	1	242	244	1	243	247	248	0.992	0.984
LOKIASV2_3635_ESMFold_sulfite_exporter_TauE-SafE_family_protein	AF-A0A2E6ELM1-F1-model_v4	AF-A0A2E6ELM1-F1-model_v4 Probable membrane transporter protein	9.289E-08	1.000	387	2	242	244	6	242	247	242	0.988	0.960
LOKIASV2_3635_ESMFold_sulfite_exporter_TauE-SafE_family_protein	AF-A0A2P6GCP1-F1-model_v4	AF-A0A2P6GCP1-F1-model_v4 Probable membrane transporter protein	3.945E-07	1.000	387	1	240	244	5	248	255	245	0.984	0.957
LOKIASV2_3635_ESMFold_sulfite_exporter_TauE-SafE_family_protein	AF-A0A1G9SJA2-F1-model_v4	AF-A0A1G9SJA2-F1-model_v4 Probable membrane transporter protein	4.122E-07	1.000	387	4	238	244	11	250	291	242	0.963	0.825
LOKIASV2_3635_ESMFold_sulfite_exporter_TauE-SafE_family_protein	AF-A0A1Z5IDE2-F1-model_v4	AF-A0A1Z5IDE2-F1-model_v4 Probable membrane transporter protein	6.974E-07	1.000	386	2	238	244	5	237	238	240	0.971	0.979
LOKIASV2_3635_ESMFold_sulfite_exporter_TauE-SafE_family_protein	AF-A0A4U1KEP0-F1-model_v4	AF-A0A4U1KEP0-F1-model_v4 Probable membrane transporter protein	6.389E-07	1.000	386	3	241	244	2	238	239	243	0.980	0.992
LOKIASV2_3635_ESMFold_sulfite_exporter_TauE-SafE_family_protein	AF-A0A7J4SAS9-F1-model_v4	AF-A0A7J4SAS9-F1-model_v4 Probable membrane transporter protein	8.683E-07	1.000	386	6	242	244	3	235	240	240	0.971	0.971
LOKIASV2_3635_ESMFold_sulfite_exporter_TauE-SafE_family_protein	AF-A0A2D7U0X5-F1-model_v4	AF-A0A2D7U0X5-F1-model_v4 Probable membrane transporter protein	5.602E-07	1.000	386	4	244	244	12	248	250	242	0.988	0.948
LOKIASV2_3635_ESMFold_sulfite_exporter_TauE-SafE_family_protein	AF-A0A4P8H9S0-F1-model_v4	AF-A0A4P8H9S0-F1-model_v4 Probable membrane transporter protein	7.613E-07	1.000	386	2	242	244	7	247	252	244	0.988	0.956
LOKIASV2_3635_ESMFold_sulfite_exporter_TauE-SafE_family_protein	AF-A0A6A7KVX3-F1-model_v4	AF-A0A6A7KVX3-F1-model_v4 Probable membrane transporter protein	6.675E-07	1.000	386	3	241	244	16	252	253	242	0.980	0.937
LOKIASV2_3635_ESMFold_sulfite_exporter_TauE-SafE_family_protein	AF-A0A2E4CGG9-F1-model_v4	AF-A0A2E4CGG9-F1-model_v4 Probable membrane transporter protein	1.378E-07	1.000	386	3	240	244	11	245	276	242	0.975	0.851
LOKIASV2_3635_ESMFold_sulfite_exporter_TauE-SafE_family_protein	AF-A0A0K2VN55-F1-model_v4	AF-A0A0K2VN55-F1-model_v4 Probable membrane transporter protein	1.129E-06	1.000	386	6	242	244	52	292	295	241	0.971	0.817
LOKIASV2_3635_ESMFold_sulfite_exporter_TauE-SafE_family_protein	AF-A0A316NHA3-F1-model_v4	AF-A0A316NHA3-F1-model_v4 Probable membrane transporter protein	4.701E-07	1.000	386	2	244	244	79	322	322	254	0.996	0.758
LOKIASV2_3635_ESMFold_sulfite_exporter_TauE-SafE_family_protein	AF-A0A352WWR8-F1-model_v4	AF-A0A352WWR8-F1-model_v4 Probable membrane transporter protein	2.086E-06	1.000	385	2	238	244	7	239	241	237	0.971	0.967
LOKIASV2_3635_ESMFold_sulfite_exporter_TauE-SafE_family_protein	AF-A0A7Y3M7J7-F1-model_v4	AF-A0A7Y3M7J7-F1-model_v4 Probable membrane transporter protein	1.233E-06	1.000	385	3	242	244	6	241	242	240	0.984	0.975
LOKIASV2_3635_ESMFold_sulfite_exporter_TauE-SafE_family_protein	AF-A0A524JMI0-F1-model_v4	AF-A0A524JMI0-F1-model_v4 Probable membrane transporter protein	5.132E-07	1.000	385	3	239	244	5	243	244	244	0.971	0.980
LOKIASV2_3635_ESMFold_sulfite_exporter_TauE-SafE_family_protein	AF-A0A534NBA1-F1-model_v4	AF-A0A534NBA1-F1-model_v4 Probable membrane transporter protein	8.683E-07	1.000	385	3	241	244	10	246	247	246	0.980	0.960
LOKIASV2_3635_ESMFold_sulfite_exporter_TauE-SafE_family_protein	AF-A0A432R3I5-F1-model_v4	AF-A0A432R3I5-F1-model_v4 Probable membrane transporter protein	4.912E-07	1.000	385	3	241	244	8	250	251	250	0.980	0.968
LOKIASV2_3635_ESMFold_sulfite_exporter_TauE-SafE_family_protein	AF-A0A0F4FNZ8-F1-model_v4	AF-A0A0F4FNZ8-F1-model_v4 Probable membrane transporter protein	1.035E-06	1.000	385	2	240	244	74	316	319	243	0.980	0.762
LOKIASV2_3635_ESMFold_sulfite_exporter_TauE-SafE_family_protein	AF-A0A661MY18-F1-model_v4	AF-A0A661MY18-F1-model_v4 Probable membrane transporter protein	6.675E-07	1.000	384	3	238	244	9	245	246	241	0.967	0.963
LOKIASV2_3635_ESMFold_sulfite_exporter_TauE-SafE_family_protein	AF-A0A3T0VV14-F1-model_v4	AF-A0A3T0VV14-F1-model_v4 Probable membrane transporter protein	1.233E-06	1.000	384	3	243	244	9	249	252	245	0.988	0.956
LOKIASV2_3635_ESMFold_sulfite_exporter_TauE-SafE_family_protein	AF-A0A554RYN1-F1-model_v4	AF-A0A554RYN1-F1-model_v4 Probable membrane transporter protein	6.389E-07	1.000	384	3	244	244	14	253	253	249	0.992	0.949
LOKIASV2_3635_ESMFold_sulfite_exporter_TauE-SafE_family_protein	AF-A0A3N5SX20-F1-model_v4	AF-A0A3N5SX20-F1-model_v4 Probable membrane transporter protein	2.044E-07	1.000	384	3	240	244	84	317	318	238	0.975	0.736
LOKIASV2_3635_ESMFold_sulfite_exporter_TauE-SafE_family_protein	AF-A0A1C6FTH7-F1-model_v4	AF-A0A1C6FTH7-F1-model_v4 Probable membrane transporter protein	8.310E-07	1.000	383	2	240	244	5	239	241	243	0.980	0.975
LOKIASV2_3635_ESMFold_sulfite_exporter_TauE-SafE_family_protein	AF-A0A2E0WS34-F1-model_v4	AF-A0A2E0WS34-F1-model_v4 Probable membrane transporter protein	4.701E-07	1.000	383	2	238	244	8	245	248	243	0.971	0.960
LOKIASV2_3635_ESMFold_sulfite_exporter_TauE-SafE_family_protein	AF-W5XQY3-F1-model_v4	AF-W5XQY3-F1-model_v4 Probable membrane transporter protein	2.436E-07	1.000	383	1	242	244	1	247	250	252	0.992	0.988
LOKIASV2_3635_ESMFold_sulfite_exporter_TauE-SafE_family_protein	AF-A0A3R7SU25-F1-model_v4	AF-A0A3R7SU25-F1-model_v4 Probable membrane transporter protein	6.115E-07	1.000	383	3	241	244	20	255	257	244	0.980	0.918
LOKIASV2_3635_ESMFold_sulfite_exporter_TauE-SafE_family_protein	AF-A0A2E0LYP7-F1-model_v4	AF-A0A2E0LYP7-F1-model_v4 Probable membrane transporter protein	4.701E-07	1.000	383	1	241	244	12	258	259	252	0.988	0.954
LOKIASV2_3635_ESMFold_sulfite_exporter_TauE-SafE_family_protein	AF-A0A5R8WVG5-F1-model_v4	AF-A0A5R8WVG5-F1-model_v4 Probable membrane transporter protein	2.545E-07	1.000	383	2	242	244	5	244	343	244	0.988	0.700
LOKIASV2_3635_ESMFold_sulfite_exporter_TauE-SafE_family_protein	AF-A0A2N2IL78-F1-model_v4	AF-A0A2N2IL78-F1-model_v4 Probable membrane transporter protein	1.997E-06	1.000	382	3	240	244	12	247	250	239	0.975	0.944
LOKIASV2_3635_ESMFold_sulfite_exporter_TauE-SafE_family_protein	AF-W0SIV4-F1-model_v4	AF-W0SIV4-F1-model_v4 Probable membrane transporter protein	1.997E-06	1.000	382	2	242	244	15	255	256	242	0.988	0.941
LOKIASV2_3635_ESMFold_sulfite_exporter_TauE-SafE_family_protein	AF-A0A382GX49-F1-model_v4	AF-A0A382GX49-F1-model_v4 Uncharacterized protein	1.535E-06	1.000	382	3	244	244	24	263	263	243	0.992	0.913
LOKIASV2_3635_ESMFold_sulfite_exporter_TauE-SafE_family_protein	AF-A0A6I4ZB45-F1-model_v4	AF-A0A6I4ZB45-F1-model_v4 Probable membrane transporter protein	2.179E-06	1.000	381	2	242	244	8	241	242	242	0.988	0.967
LOKIASV2_3635_ESMFold_sulfite_exporter_TauE-SafE_family_protein	AF-A0A849MB65-F1-model_v4	AF-A0A849MB65-F1-model_v4 Sulfite exporter TauE/SafE family protein	4.912E-07	1.000	381	3	241	244	8	243	245	246	0.980	0.963
LOKIASV2_3635_ESMFold_sulfite_exporter_TauE-SafE_family_protein	AF-B6WTG8-F1-model_v4	AF-B6WTG8-F1-model_v4 Probable membrane transporter protein	9.478E-07	1.000	381	3	242	244	9	244	246	246	0.984	0.959
LOKIASV2_3635_ESMFold_sulfite_exporter_TauE-SafE_family_protein	AF-A0A2D3W2M4-F1-model_v4	AF-A0A2D3W2M4-F1-model_v4 Probable membrane transporter protein	4.912E-07	1.000	381	2	242	244	7	246	247	251	0.988	0.972
LOKIASV2_3635_ESMFold_sulfite_exporter_TauE-SafE_family_protein	AF-A0A2D9F7Q5-F1-model_v4	AF-A0A2D9F7Q5-F1-model_v4 Probable membrane transporter protein	9.072E-07	1.000	381	2	241	244	9	246	247	245	0.984	0.964
LOKIASV2_3635_ESMFold_sulfite_exporter_TauE-SafE_family_protein	AF-G6Y431-F1-model_v4	AF-G6Y431-F1-model_v4 Probable membrane transporter protein	1.469E-06	1.000	381	6	242	244	64	304	307	241	0.971	0.785
LOKIASV2_3635_ESMFold_sulfite_exporter_TauE-SafE_family_protein	AF-A0A2G6J8W2-F1-model_v4	AF-A0A2G6J8W2-F1-model_v4 Probable membrane transporter protein	5.132E-07	1.000	380	3	240	244	6	245	246	240	0.975	0.976
LOKIASV2_3635_ESMFold_sulfite_exporter_TauE-SafE_family_protein	AF-A0A7W2U3P8-F1-model_v4	AF-A0A7W2U3P8-F1-model_v4 Probable membrane transporter protein	4.499E-07	1.000	380	2	242	244	9	241	251	243	0.988	0.928
LOKIASV2_3635_ESMFold_sulfite_exporter_TauE-SafE_family_protein	AF-A0A848W495-F1-model_v4	AF-A0A848W495-F1-model_v4 Sulfite exporter TauE/SafE family protein	1.233E-06	1.000	380	2	244	244	15	250	251	243	0.996	0.940
LOKIASV2_3635_ESMFold_sulfite_exporter_TauE-SafE_family_protein	AF-A0A520NGH1-F1-model_v4	AF-A0A520NGH1-F1-model_v4 Probable membrane transporter protein	5.853E-07	1.000	380	3	242	244	9	245	251	240	0.984	0.944
LOKIASV2_3635_ESMFold_sulfite_exporter_TauE-SafE_family_protein	AF-A0A7U2KHF1-F1-model_v4	AF-A0A7U2KHF1-F1-model_v4 Probable membrane transporter protein	6.389E-07	1.000	380	3	241	244	16	253	255	247	0.980	0.933
LOKIASV2_3635_ESMFold_sulfite_exporter_TauE-SafE_family_protein	AF-A0A2E6LRH3-F1-model_v4	AF-A0A2E6LRH3-F1-model_v4 Probable membrane transporter protein	7.613E-07	1.000	380	3	243	244	41	282	285	247	0.988	0.849
LOKIASV2_3635_ESMFold_sulfite_exporter_TauE-SafE_family_protein	AF-A0A316RML1-F1-model_v4	AF-A0A316RML1-F1-model_v4 Probable membrane transporter protein	1.233E-06	1.000	379	1	237	244	3	240	241	244	0.971	0.988
LOKIASV2_3635_ESMFold_sulfite_exporter_TauE-SafE_family_protein	AF-A0A1X4NND8-F1-model_v4	AF-A0A1X4NND8-F1-model_v4 Probable membrane transporter protein	7.286E-07	1.000	379	3	241	244	10	246	247	246	0.980	0.960
LOKIASV2_3635_ESMFold_sulfite_exporter_TauE-SafE_family_protein	AF-A0A4Q1AR97-F1-model_v4	AF-A0A4Q1AR97-F1-model_v4 Probable membrane transporter protein	9.478E-07	1.000	379	3	242	244	9	246	247	249	0.984	0.964
LOKIASV2_3635_ESMFold_sulfite_exporter_TauE-SafE_family_protein	AF-A0A2N6AVP9-F1-model_v4	AF-A0A2N6AVP9-F1-model_v4 Probable membrane transporter protein	1.129E-06	1.000	379	1	240	244	6	248	250	244	0.984	0.972
LOKIASV2_3635_ESMFold_sulfite_exporter_TauE-SafE_family_protein	AF-A0A368LJZ3-F1-model_v4	AF-A0A368LJZ3-F1-model_v4 Probable membrane transporter protein	1.406E-06	1.000	379	3	242	244	9	249	252	245	0.984	0.956
LOKIASV2_3635_ESMFold_sulfite_exporter_TauE-SafE_family_protein	AF-A0A2G4ITI5-F1-model_v4	AF-A0A2G4ITI5-F1-model_v4 Probable membrane transporter protein	5.853E-07	1.000	379	2	242	244	15	254	255	248	0.988	0.941
LOKIASV2_3635_ESMFold_sulfite_exporter_TauE-SafE_family_protein	AF-A0A2P8EVX2-F1-model_v4	AF-A0A2P8EVX2-F1-model_v4 Probable membrane transporter protein	7.613E-07	1.000	379	3	243	244	21	253	260	241	0.988	0.896
LOKIASV2_3635_ESMFold_sulfite_exporter_TauE-SafE_family_protein	AF-A0A0R1UJ85-F1-model_v4	AF-A0A0R1UJ85-F1-model_v4 Probable membrane transporter protein	9.072E-07	1.000	379	2	238	244	62	294	295	242	0.971	0.790
LOKIASV2_3635_ESMFold_sulfite_exporter_TauE-SafE_family_protein	AF-A0A316NLF6-F1-model_v4	AF-A0A316NLF6-F1-model_v4 Probable membrane transporter protein	4.912E-07	1.000	378	1	239	244	1	239	240	247	0.980	0.996
LOKIASV2_3635_ESMFold_sulfite_exporter_TauE-SafE_family_protein	AF-A0A7W9JR48-F1-model_v4	AF-A0A7W9JR48-F1-model_v4 Probable membrane transporter protein	7.954E-07	1.000	378	2	241	244	10	246	247	246	0.984	0.960
LOKIASV2_3635_ESMFold_sulfite_exporter_TauE-SafE_family_protein	AF-A0A1V6DSH0-F1-model_v4	AF-A0A1V6DSH0-F1-model_v4 Probable membrane transporter protein	4.306E-07	1.000	378	3	237	244	6	244	249	241	0.963	0.960
LOKIASV2_3635_ESMFold_sulfite_exporter_TauE-SafE_family_protein	AF-A0A1V5ZAT3-F1-model_v4	AF-A0A1V5ZAT3-F1-model_v4 Probable membrane transporter protein	1.406E-06	1.000	377	3	236	244	11	240	242	234	0.959	0.950
LOKIASV2_3635_ESMFold_sulfite_exporter_TauE-SafE_family_protein	AF-A0A7C2HHL6-F1-model_v4	AF-A0A7C2HHL6-F1-model_v4 Probable membrane transporter protein	1.676E-06	1.000	377	3	241	244	14	250	251	245	0.980	0.944
LOKIASV2_3635_ESMFold_sulfite_exporter_TauE-SafE_family_protein	AF-A0A5D9D525-F1-model_v4	AF-A0A5D9D525-F1-model_v4 Probable membrane transporter protein	1.035E-06	1.000	376	3	241	244	2	238	239	243	0.980	0.992
LOKIASV2_3635_ESMFold_sulfite_exporter_TauE-SafE_family_protein	AF-A0A6H2CVI6-F1-model_v4	AF-A0A6H2CVI6-F1-model_v4 Probable membrane transporter protein	1.035E-06	1.000	376	3	242	244	9	244	245	248	0.984	0.963
LOKIASV2_3635_ESMFold_sulfite_exporter_TauE-SafE_family_protein	AF-A0A3R7WAI0-F1-model_v4	AF-A0A3R7WAI0-F1-model_v4 Probable membrane transporter protein	3.529E-06	1.000	376	3	240	244	9	249	250	241	0.975	0.964
LOKIASV2_3635_ESMFold_sulfite_exporter_TauE-SafE_family_protein	AF-A0A416ET68-F1-model_v4	AF-A0A416ET68-F1-model_v4 Probable membrane transporter protein	3.945E-07	1.000	375	1	236	244	1	236	240	240	0.967	0.983
LOKIASV2_3635_ESMFold_sulfite_exporter_TauE-SafE_family_protein	AF-A0A6M1LFJ9-F1-model_v4	AF-A0A6M1LFJ9-F1-model_v4 Probable membrane transporter protein	9.478E-07	1.000	375	3	237	244	8	242	243	241	0.963	0.967
LOKIASV2_3635_ESMFold_sulfite_exporter_TauE-SafE_family_protein	AF-A0A1F4DF01-F1-model_v4	AF-A0A1F4DF01-F1-model_v4 Probable membrane transporter protein	2.713E-06	1.000	375	2	238	244	8	245	246	242	0.971	0.967
LOKIASV2_3635_ESMFold_sulfite_exporter_TauE-SafE_family_protein	AF-A0A3E0WNF3-F1-model_v4	AF-A0A3E0WNF3-F1-model_v4 Probable membrane transporter protein	7.954E-07	1.000	375	1	237	244	6	246	248	243	0.971	0.972
LOKIASV2_3635_ESMFold_sulfite_exporter_TauE-SafE_family_protein	AF-A0A3N5WWF0-F1-model_v4	AF-A0A3N5WWF0-F1-model_v4 Probable membrane transporter protein	1.829E-06	1.000	375	3	242	244	13	248	249	241	0.984	0.948
LOKIASV2_3635_ESMFold_sulfite_exporter_TauE-SafE_family_protein	AF-A0A5N7MAT9-F1-model_v4	AF-A0A5N7MAT9-F1-model_v4 Probable membrane transporter protein	4.701E-07	1.000	375	3	242	244	5	247	254	248	0.984	0.957
LOKIASV2_3635_ESMFold_sulfite_exporter_TauE-SafE_family_protein	AF-A0A317KHP9-F1-model_v4	AF-A0A317KHP9-F1-model_v4 Probable membrane transporter protein	6.115E-07	1.000	375	2	242	244	39	272	276	245	0.988	0.848
LOKIASV2_3635_ESMFold_sulfite_exporter_TauE-SafE_family_protein	AF-A0A2E9XEX9-F1-model_v4	AF-A0A2E9XEX9-F1-model_v4 Probable membrane transporter protein	5.361E-07	1.000	374	2	241	244	8	244	245	241	0.984	0.967
LOKIASV2_3635_ESMFold_sulfite_exporter_TauE-SafE_family_protein	AF-A0A2G6IGI4-F1-model_v4	AF-A0A2G6IGI4-F1-model_v4 Probable membrane transporter protein	2.659E-07	1.000	374	3	240	244	16	253	256	250	0.975	0.930
LOKIASV2_3635_ESMFold_sulfite_exporter_TauE-SafE_family_protein	AF-A0A4R4VS26-F1-model_v4	AF-A0A4R4VS26-F1-model_v4 Probable membrane transporter protein	2.713E-06	1.000	374	3	242	244	34	266	267	240	0.984	0.873
LOKIASV2_3635_ESMFold_sulfite_exporter_TauE-SafE_family_protein	AF-A0A831TXG6-F1-model_v4	AF-A0A831TXG6-F1-model_v4 Sulfite exporter TauE/SafE family protein	9.478E-07	1.000	374	4	240	244	55	289	293	238	0.971	0.802
LOKIASV2_3635_ESMFold_sulfite_exporter_TauE-SafE_family_protein	AF-A0A257SA58-F1-model_v4	AF-A0A257SA58-F1-model_v4 Probable membrane transporter protein	1.180E-06	1.000	373	3	240	244	9	245	245	242	0.975	0.967
LOKIASV2_3635_ESMFold_sulfite_exporter_TauE-SafE_family_protein	AF-A0A1S7PYA1-F1-model_v4	AF-A0A1S7PYA1-F1-model_v4 Probable membrane transporter protein	6.675E-07	1.000	373	3	241	244	12	248	250	247	0.980	0.948
LOKIASV2_3635_ESMFold_sulfite_exporter_TauE-SafE_family_protein	AF-A0A3A4P8T6-F1-model_v4	AF-A0A3A4P8T6-F1-model_v4 Probable membrane transporter protein	3.776E-07	1.000	373	1	237	244	1	244	258	247	0.971	0.946
LOKIASV2_3635_ESMFold_sulfite_exporter_TauE-SafE_family_protein	AF-A0A7L7KS23-F1-model_v4	AF-A0A7L7KS23-F1-model_v4 Probable membrane transporter protein	1.081E-06	1.000	372	3	238	244	7	245	246	244	0.967	0.972
LOKIASV2_3635_ESMFold_sulfite_exporter_TauE-SafE_family_protein	AF-D2Z701-F1-model_v4	AF-D2Z701-F1-model_v4 Probable membrane transporter protein	1.535E-06	1.000	372	3	238	244	7	248	249	242	0.967	0.972
LOKIASV2_3635_ESMFold_sulfite_exporter_TauE-SafE_family_protein	AF-A0A1Y0KUM1-F1-model_v4	AF-A0A1Y0KUM1-F1-model_v4 Probable membrane transporter protein	1.035E-06	1.000	372	3	242	244	9	249	259	246	0.984	0.931
LOKIASV2_3635_ESMFold_sulfite_exporter_TauE-SafE_family_protein	AF-A0A2E2WN49-F1-model_v4	AF-A0A2E2WN49-F1-model_v4 Probable membrane transporter protein	7.286E-07	1.000	372	3	242	244	6	259	260	259	0.984	0.977
LOKIASV2_3635_ESMFold_sulfite_exporter_TauE-SafE_family_protein	AF-A0A3M2DBS0-F1-model_v4	AF-A0A3M2DBS0-F1-model_v4 Probable membrane transporter protein	3.233E-06	1.000	372	3	237	244	34	268	269	236	0.963	0.874
LOKIASV2_3635_ESMFold_sulfite_exporter_TauE-SafE_family_protein	AF-A0A031G1G6-F1-model_v4	AF-A0A031G1G6-F1-model_v4 Probable membrane transporter protein	3.033E-07	1.000	371	3	237	244	10	242	243	236	0.963	0.959
LOKIASV2_3635_ESMFold_sulfite_exporter_TauE-SafE_family_protein	AF-A0A6L5FSV3-F1-model_v4	AF-A0A6L5FSV3-F1-model_v4 Probable membrane transporter protein	1.180E-06	1.000	371	3	240	244	10	244	245	241	0.975	0.959
LOKIASV2_3635_ESMFold_sulfite_exporter_TauE-SafE_family_protein	AF-A0A7C2FVH5-F1-model_v4	AF-A0A7C2FVH5-F1-model_v4 Probable membrane transporter protein	3.945E-07	1.000	371	3	241	244	9	245	247	242	0.980	0.960
LOKIASV2_3635_ESMFold_sulfite_exporter_TauE-SafE_family_protein	AF-A0A2G2IYL4-F1-model_v4	AF-A0A2G2IYL4-F1-model_v4 Probable membrane transporter protein	1.676E-06	1.000	371	2	240	244	9	247	248	244	0.980	0.964
LOKIASV2_3635_ESMFold_sulfite_exporter_TauE-SafE_family_protein	AF-A0A1Z9VXB1-F1-model_v4	AF-A0A1Z9VXB1-F1-model_v4 Probable membrane transporter protein	1.535E-06	1.000	371	6	242	244	14	255	256	243	0.971	0.945
LOKIASV2_3635_ESMFold_sulfite_exporter_TauE-SafE_family_protein	AF-A0A450T4B5-F1-model_v4	AF-A0A450T4B5-F1-model_v4 Probable membrane transporter protein	1.233E-06	1.000	370	3	238	244	10	242	244	240	0.967	0.955
LOKIASV2_3635_ESMFold_sulfite_exporter_TauE-SafE_family_protein	AF-A0A7W5AWP0-F1-model_v4	AF-A0A7W5AWP0-F1-model_v4 Probable membrane transporter protein	1.997E-06	1.000	370	1	238	244	6	247	248	244	0.975	0.976
LOKIASV2_3635_ESMFold_sulfite_exporter_TauE-SafE_family_protein	AF-X7EBF6-F1-model_v4	AF-X7EBF6-F1-model_v4 Probable membrane transporter protein	2.962E-06	1.000	370	1	241	244	6	248	249	248	0.988	0.976
LOKIASV2_3635_ESMFold_sulfite_exporter_TauE-SafE_family_protein	AF-A0A4P7RD94-F1-model_v4	AF-A0A4P7RD94-F1-model_v4 Probable membrane transporter protein	2.179E-06	1.000	370	3	242	244	15	252	254	247	0.984	0.937
LOKIASV2_3635_ESMFold_sulfite_exporter_TauE-SafE_family_protein	AF-A0A853IBK2-F1-model_v4	AF-A0A853IBK2-F1-model_v4 Sulfite exporter TauE/SafE family protein	1.535E-06	1.000	369	2	243	244	5	238	240	248	0.992	0.975
LOKIASV2_3635_ESMFold_sulfite_exporter_TauE-SafE_family_protein	AF-A0A7L5BZP2-F1-model_v4	AF-A0A7L5BZP2-F1-model_v4 Probable membrane transporter protein	1.997E-06	1.000	369	2	242	244	7	245	246	244	0.988	0.972
LOKIASV2_3635_ESMFold_sulfite_exporter_TauE-SafE_family_protein	AF-A0A850Q1N5-F1-model_v4	AF-A0A850Q1N5-F1-model_v4 Sulfite exporter TauE/SafE family protein	2.277E-06	1.000	369	3	240	244	7	244	246	241	0.975	0.967
LOKIASV2_3635_ESMFold_sulfite_exporter_TauE-SafE_family_protein	AF-A0A5R8Y5Z5-F1-model_v4	AF-A0A5R8Y5Z5-F1-model_v4 Probable membrane transporter protein	1.129E-06	1.000	369	3	244	244	16	249	249	245	0.992	0.940
LOKIASV2_3635_ESMFold_sulfite_exporter_TauE-SafE_family_protein	AF-A0A355AZ16-F1-model_v4	AF-A0A355AZ16-F1-model_v4 Probable membrane transporter protein	1.829E-06	1.000	369	3	243	244	6	246	251	244	0.988	0.960
LOKIASV2_3635_ESMFold_sulfite_exporter_TauE-SafE_family_protein	AF-A0A2E9Y657-F1-model_v4	AF-A0A2E9Y657-F1-model_v4 Probable membrane transporter protein	3.378E-06	1.000	369	3	244	244	11	252	252	245	0.992	0.960
LOKIASV2_3635_ESMFold_sulfite_exporter_TauE-SafE_family_protein	AF-A0A7Z9SBX1-F1-model_v4	AF-A0A7Z9SBX1-F1-model_v4 Probable membrane transporter protein	1.911E-06	1.000	369	3	242	244	10	247	254	247	0.984	0.937
LOKIASV2_3635_ESMFold_sulfite_exporter_TauE-SafE_family_protein	AF-U2B9X1-F1-model_v4	AF-U2B9X1-F1-model_v4 Probable membrane transporter protein	4.499E-07	1.000	369	4	240	244	34	266	267	242	0.971	0.873
LOKIASV2_3635_ESMFold_sulfite_exporter_TauE-SafE_family_protein	AF-A0A2E1UFP8-F1-model_v4	AF-A0A2E1UFP8-F1-model_v4 Probable membrane transporter protein	4.591E-06	1.000	369	2	242	244	46	287	295	246	0.988	0.820
LOKIASV2_3635_ESMFold_sulfite_exporter_TauE-SafE_family_protein	AF-Q0FCI9-F1-model_v4	AF-Q0FCI9-F1-model_v4 Probable membrane transporter protein	1.406E-06	1.000	368	2	241	244	6	247	248	247	0.984	0.976
LOKIASV2_3635_ESMFold_sulfite_exporter_TauE-SafE_family_protein	AF-A0A1Y5TJX6-F1-model_v4	AF-A0A1Y5TJX6-F1-model_v4 Probable membrane transporter protein	1.406E-06	1.000	368	3	241	244	14	250	251	242	0.980	0.944
LOKIASV2_3635_ESMFold_sulfite_exporter_TauE-SafE_family_protein	AF-A0A1I1CQJ4-F1-model_v4	AF-A0A1I1CQJ4-F1-model_v4 Probable membrane transporter protein	7.613E-07	1.000	368	3	241	244	10	249	251	246	0.980	0.956
LOKIASV2_3635_ESMFold_sulfite_exporter_TauE-SafE_family_protein	AF-A0A656HJ04-F1-model_v4	AF-A0A656HJ04-F1-model_v4 Probable membrane transporter protein	9.478E-07	1.000	368	3	242	244	16	252	253	243	0.984	0.937
LOKIASV2_3635_ESMFold_sulfite_exporter_TauE-SafE_family_protein	AF-A0A1H8IKN7-F1-model_v4	AF-A0A1H8IKN7-F1-model_v4 Probable membrane transporter protein	1.233E-06	1.000	368	3	241	244	29	267	269	245	0.980	0.888
LOKIASV2_3635_ESMFold_sulfite_exporter_TauE-SafE_family_protein	AF-A0A534XVR3-F1-model_v4	AF-A0A534XVR3-F1-model_v4 Probable membrane transporter protein	7.286E-07	1.000	368	3	240	244	36	269	284	241	0.975	0.824
LOKIASV2_3635_ESMFold_sulfite_exporter_TauE-SafE_family_protein	AF-A0A3N9Q3L3-F1-model_v4	AF-A0A3N9Q3L3-F1-model_v4 Probable membrane transporter protein	1.751E-06	1.000	367	3	241	244	6	237	238	239	0.980	0.975
LOKIASV2_3635_ESMFold_sulfite_exporter_TauE-SafE_family_protein	AF-A0A2N5IJG3-F1-model_v4	AF-A0A2N5IJG3-F1-model_v4 Probable membrane transporter protein	2.179E-06	1.000	367	3	241	244	5	241	242	240	0.980	0.979
LOKIASV2_3635_ESMFold_sulfite_exporter_TauE-SafE_family_protein	AF-A0A1F6CPS5-F1-model_v4	AF-A0A1F6CPS5-F1-model_v4 Probable membrane transporter protein	4.912E-07	1.000	367	3	239	244	9	244	245	238	0.971	0.963
LOKIASV2_3635_ESMFold_sulfite_exporter_TauE-SafE_family_protein	AF-A0A024QD89-F1-model_v4	AF-A0A024QD89-F1-model_v4 Probable membrane transporter protein	2.835E-06	1.000	367	1	238	244	6	247	248	245	0.975	0.976
LOKIASV2_3635_ESMFold_sulfite_exporter_TauE-SafE_family_protein	AF-A0A4Q9G071-F1-model_v4	AF-A0A4Q9G071-F1-model_v4 Probable membrane transporter protein	1.535E-06	1.000	367	3	244	244	6	249	249	249	0.992	0.980
LOKIASV2_3635_ESMFold_sulfite_exporter_TauE-SafE_family_protein	AF-A0A1X4J1M5-F1-model_v4	AF-A0A1X4J1M5-F1-model_v4 Probable membrane transporter protein	5.602E-07	1.000	367	4	242	244	14	250	255	239	0.980	0.929
LOKIASV2_3635_ESMFold_sulfite_exporter_TauE-SafE_family_protein	AF-A0A7U8GSP6-F1-model_v4	AF-A0A7U8GSP6-F1-model_v4 Probable membrane transporter protein	2.044E-07	1.000	367	3	242	244	19	259	274	255	0.984	0.880
LOKIASV2_3635_ESMFold_sulfite_exporter_TauE-SafE_family_protein	AF-A0A3S4CG17-F1-model_v4	AF-A0A3S4CG17-F1-model_v4 Probable membrane transporter protein	2.086E-06	1.000	367	4	242	244	67	301	307	239	0.980	0.765
LOKIASV2_3635_ESMFold_sulfite_exporter_TauE-SafE_family_protein	AF-A0A540VBT1-F1-model_v4	AF-A0A540VBT1-F1-model_v4 Probable membrane transporter protein	1.604E-06	1.000	367	4	239	244	128	365	376	243	0.967	0.633
LOKIASV2_3635_ESMFold_sulfite_exporter_TauE-SafE_family_protein	AF-A0A6P1AUG0-F1-model_v4	AF-A0A6P1AUG0-F1-model_v4 Probable membrane transporter protein	3.095E-06	1.000	367	2	237	244	10	247	378	239	0.967	0.630
LOKIASV2_3635_ESMFold_sulfite_exporter_TauE-SafE_family_protein	AF-A0A2M6WH84-F1-model_v4	AF-A0A2M6WH84-F1-model_v4 Probable membrane transporter protein	1.604E-06	1.000	366	3	237	244	8	238	239	241	0.963	0.967
LOKIASV2_3635_ESMFold_sulfite_exporter_TauE-SafE_family_protein	AF-A0A2E8K4B9-F1-model_v4	AF-A0A2E8K4B9-F1-model_v4 Probable membrane transporter protein	6.675E-07	1.000	366	3	238	244	9	245	246	244	0.967	0.963
LOKIASV2_3635_ESMFold_sulfite_exporter_TauE-SafE_family_protein	AF-A0A853NYT8-F1-model_v4	AF-A0A853NYT8-F1-model_v4 Sulfite exporter TauE/SafE	1.406E-06	1.000	366	3	241	244	11	247	249	244	0.980	0.952
LOKIASV2_3635_ESMFold_sulfite_exporter_TauE-SafE_family_protein	AF-A0A0S8C421-F1-model_v4	AF-A0A0S8C421-F1-model_v4 Probable membrane transporter protein	1.469E-06	1.000	366	2	242	244	6	247	251	248	0.988	0.964
LOKIASV2_3635_ESMFold_sulfite_exporter_TauE-SafE_family_protein	AF-A0A4Z1C8Y5-F1-model_v4	AF-A0A4Z1C8Y5-F1-model_v4 Probable membrane transporter protein	2.486E-06	1.000	366	2	241	244	8	254	255	249	0.984	0.969
LOKIASV2_3635_ESMFold_sulfite_exporter_TauE-SafE_family_protein	AF-A0A5B7VZV0-F1-model_v4	AF-A0A5B7VZV0-F1-model_v4 Probable membrane transporter protein	3.378E-06	1.000	366	3	240	244	9	247	256	243	0.975	0.934
LOKIASV2_3635_ESMFold_sulfite_exporter_TauE-SafE_family_protein	AF-A0A1Z8RLJ7-F1-model_v4	AF-A0A1Z8RLJ7-F1-model_v4 Probable membrane transporter protein	1.180E-06	1.000	366	2	243	244	28	270	278	250	0.992	0.874
LOKIASV2_3635_ESMFold_sulfite_exporter_TauE-SafE_family_protein	AF-A0A2E5LL43-F1-model_v4	AF-A0A2E5LL43-F1-model_v4 Probable membrane transporter protein	6.675E-07	1.000	366	3	240	244	46	281	283	247	0.975	0.834
LOKIASV2_3635_ESMFold_sulfite_exporter_TauE-SafE_family_protein	AF-A0A640JTC3-F1-model_v4	AF-A0A640JTC3-F1-model_v4 Probable membrane transporter protein	1.604E-06	1.000	366	3	243	244	67	308	312	250	0.988	0.776
LOKIASV2_3635_ESMFold_sulfite_exporter_TauE-SafE_family_protein	AF-A0A7C7SC80-F1-model_v4	AF-A0A7C7SC80-F1-model_v4 Probable membrane transporter protein	5.972E-06	1.000	366	2	242	244	90	331	336	246	0.988	0.720
LOKIASV2_3635_ESMFold_sulfite_exporter_TauE-SafE_family_protein	AF-A0A1Q7BGQ2-F1-model_v4	AF-A0A1Q7BGQ2-F1-model_v4 Probable membrane transporter protein	1.180E-06	1.000	365	3	240	244	2	235	236	242	0.975	0.992
LOKIASV2_3635_ESMFold_sulfite_exporter_TauE-SafE_family_protein	AF-A0A239KJZ4-F1-model_v4	AF-A0A239KJZ4-F1-model_v4 Probable membrane transporter protein	1.469E-06	1.000	365	3	242	244	15	252	257	243	0.984	0.926
LOKIASV2_3635_ESMFold_sulfite_exporter_TauE-SafE_family_protein	AF-A0A101HA07-F1-model_v4	AF-A0A101HA07-F1-model_v4 Probable membrane transporter protein	5.236E-06	1.000	364	3	237	244	7	237	240	235	0.963	0.962
LOKIASV2_3635_ESMFold_sulfite_exporter_TauE-SafE_family_protein	AF-A0A2W4KXU6-F1-model_v4	AF-A0A2W4KXU6-F1-model_v4 Probable membrane transporter protein	4.394E-06	1.000	364	3	239	244	8	241	242	237	0.971	0.967
LOKIASV2_3635_ESMFold_sulfite_exporter_TauE-SafE_family_protein	AF-A0A1Q9K2W3-F1-model_v4	AF-A0A1Q9K2W3-F1-model_v4 Probable membrane transporter protein	3.378E-06	1.000	364	2	239	244	5	242	243	239	0.975	0.979
LOKIASV2_3635_ESMFold_sulfite_exporter_TauE-SafE_family_protein	AF-A0A3N1Y8W0-F1-model_v4	AF-A0A3N1Y8W0-F1-model_v4 Probable membrane transporter protein	9.478E-07	1.000	364	3	238	244	8	244	245	243	0.967	0.967
LOKIASV2_3635_ESMFold_sulfite_exporter_TauE-SafE_family_protein	AF-A0A4V5NQ20-F1-model_v4	AF-A0A4V5NQ20-F1-model_v4 Probable membrane transporter protein	2.486E-06	1.000	364	2	241	244	12	249	250	244	0.984	0.952
LOKIASV2_3635_ESMFold_sulfite_exporter_TauE-SafE_family_protein	AF-A0A7V2Y4C0-F1-model_v4	AF-A0A7V2Y4C0-F1-model_v4 Probable membrane transporter protein	4.591E-06	1.000	364	2	242	244	9	250	251	244	0.988	0.964
LOKIASV2_3635_ESMFold_sulfite_exporter_TauE-SafE_family_protein	AF-A0A845MDG5-F1-model_v4	AF-A0A845MDG5-F1-model_v4 TSUP family transporter	5.602E-07	1.000	364	1	241	244	11	253	254	255	0.988	0.957
LOKIASV2_3635_ESMFold_sulfite_exporter_TauE-SafE_family_protein	AF-A0A2E8VN44-F1-model_v4	AF-A0A2E8VN44-F1-model_v4 Probable membrane transporter protein	1.081E-06	1.000	364	3	241	244	23	262	263	245	0.980	0.913
LOKIASV2_3635_ESMFold_sulfite_exporter_TauE-SafE_family_protein	AF-A0A363TRV9-F1-model_v4	AF-A0A363TRV9-F1-model_v4 Probable membrane transporter protein	2.962E-06	1.000	364	4	240	244	40	272	279	237	0.971	0.835
LOKIASV2_3635_ESMFold_sulfite_exporter_TauE-SafE_family_protein	AF-A0A7C3RWP5-F1-model_v4	AF-A0A7C3RWP5-F1-model_v4 Probable membrane transporter protein	5.012E-06	1.000	364	3	236	244	56	289	293	234	0.959	0.799
LOKIASV2_3635_ESMFold_sulfite_exporter_TauE-SafE_family_protein	AF-A0A6P2BII4-F1-model_v4	AF-A0A6P2BII4-F1-model_v4 Probable membrane transporter protein	9.903E-07	1.000	364	3	243	244	86	327	333	248	0.988	0.727
LOKIASV2_3635_ESMFold_sulfite_exporter_TauE-SafE_family_protein	AF-A0A7X8V2A7-F1-model_v4	AF-A0A7X8V2A7-F1-model_v4 Probable membrane transporter protein	1.233E-06	1.000	363	2	242	244	5	241	245	247	0.988	0.967
LOKIASV2_3635_ESMFold_sulfite_exporter_TauE-SafE_family_protein	AF-A0A522XYT3-F1-model_v4	AF-A0A522XYT3-F1-model_v4 Probable membrane transporter protein	4.306E-07	1.000	363	1	244	244	1	247	248	256	1.000	0.996
LOKIASV2_3635_ESMFold_sulfite_exporter_TauE-SafE_family_protein	AF-A0A6F8QC37-F1-model_v4	AF-A0A6F8QC37-F1-model_v4 Probable membrane transporter protein	1.604E-06	1.000	363	4	241	244	13	250	251	243	0.975	0.948
LOKIASV2_3635_ESMFold_sulfite_exporter_TauE-SafE_family_protein	AF-A0A2E7QHR5-F1-model_v4	AF-A0A2E7QHR5-F1-model_v4 Probable membrane transporter protein	2.597E-06	1.000	363	3	242	244	10	247	254	247	0.984	0.937
LOKIASV2_3635_ESMFold_sulfite_exporter_TauE-SafE_family_protein	AF-A0A7C4XME1-F1-model_v4	AF-A0A7C4XME1-F1-model_v4 Probable membrane transporter protein	1.676E-06	1.000	363	3	242	244	9	248	256	249	0.984	0.938
LOKIASV2_3635_ESMFold_sulfite_exporter_TauE-SafE_family_protein	AF-H0HLI2-F1-model_v4	AF-H0HLI2-F1-model_v4 Probable membrane transporter protein	4.206E-06	1.000	363	6	242	244	101	337	340	239	0.971	0.697
LOKIASV2_3635_ESMFold_sulfite_exporter_TauE-SafE_family_protein	AF-A0A0B2XNY9-F1-model_v4	AF-A0A0B2XNY9-F1-model_v4 Probable membrane transporter protein	3.233E-06	1.000	362	3	230	244	2	226	228	229	0.934	0.987
LOKIASV2_3635_ESMFold_sulfite_exporter_TauE-SafE_family_protein	AF-A0A2E8CMS7-F1-model_v4	AF-A0A2E8CMS7-F1-model_v4 Probable membrane transporter protein	4.394E-06	1.000	362	3	242	244	10	247	248	243	0.984	0.960
LOKIASV2_3635_ESMFold_sulfite_exporter_TauE-SafE_family_protein	AF-A0A1H0LJL9-F1-model_v4	AF-A0A1H0LJL9-F1-model_v4 Probable membrane transporter protein	6.675E-07	1.000	362	2	243	244	5	246	248	250	0.992	0.976
LOKIASV2_3635_ESMFold_sulfite_exporter_TauE-SafE_family_protein	AF-A0A7J2LXE0-F1-model_v4	AF-A0A7J2LXE0-F1-model_v4 Probable membrane transporter protein	8.683E-07	1.000	362	2	244	244	7	251	252	252	0.996	0.972
LOKIASV2_3635_ESMFold_sulfite_exporter_TauE-SafE_family_protein	AF-A0A1Y6CBD3-F1-model_v4	AF-A0A1Y6CBD3-F1-model_v4 Probable membrane transporter protein	1.406E-06	1.000	362	2	242	244	17	255	256	246	0.988	0.934
LOKIASV2_3635_ESMFold_sulfite_exporter_TauE-SafE_family_protein	AF-A0A1X7AK40-F1-model_v4	AF-A0A1X7AK40-F1-model_v4 Probable membrane transporter protein	1.911E-06	1.000	362	2	244	244	16	258	260	249	0.996	0.935
LOKIASV2_3635_ESMFold_sulfite_exporter_TauE-SafE_family_protein	AF-A0A3B9K6F5-F1-model_v4	AF-A0A3B9K6F5-F1-model_v4 Probable membrane transporter protein	1.911E-06	1.000	361	2	237	244	8	240	241	241	0.967	0.967
LOKIASV2_3635_ESMFold_sulfite_exporter_TauE-SafE_family_protein	AF-A0A831UJ34-F1-model_v4	AF-A0A831UJ34-F1-model_v4 Sulfite exporter TauE/SafE family protein	3.529E-06	1.000	361	3	237	244	6	244	245	240	0.963	0.976
LOKIASV2_3635_ESMFold_sulfite_exporter_TauE-SafE_family_protein	AF-A0A137S9T4-F1-model_v4	AF-A0A137S9T4-F1-model_v4 Probable membrane transporter protein	4.394E-06	1.000	361	3	238	244	9	246	247	242	0.967	0.964
LOKIASV2_3635_ESMFold_sulfite_exporter_TauE-SafE_family_protein	AF-A0A7K1LHX1-F1-model_v4	AF-A0A7K1LHX1-F1-model_v4 Probable membrane transporter protein	2.179E-06	1.000	361	3	242	244	5	247	251	244	0.984	0.968
LOKIASV2_3635_ESMFold_sulfite_exporter_TauE-SafE_family_protein	AF-A0A2D5TVV7-F1-model_v4	AF-A0A2D5TVV7-F1-model_v4 Probable membrane transporter protein	5.132E-07	1.000	361	3	237	244	17	249	252	240	0.963	0.925
LOKIASV2_3635_ESMFold_sulfite_exporter_TauE-SafE_family_protein	AF-A0A1G9LMM9-F1-model_v4	AF-A0A1G9LMM9-F1-model_v4 Probable membrane transporter protein	1.604E-06	1.000	361	3	244	244	12	254	254	248	0.992	0.957
LOKIASV2_3635_ESMFold_sulfite_exporter_TauE-SafE_family_protein	AF-A0A2E4KXY2-F1-model_v4	AF-A0A2E4KXY2-F1-model_v4 Probable membrane transporter protein	9.903E-07	1.000	361	2	241	244	18	255	256	249	0.984	0.930
LOKIASV2_3635_ESMFold_sulfite_exporter_TauE-SafE_family_protein	AF-A0A5B8XQP8-F1-model_v4	AF-A0A5B8XQP8-F1-model_v4 Probable membrane transporter protein	9.478E-07	1.000	361	1	240	244	22	265	266	251	0.984	0.917
LOKIASV2_3635_ESMFold_sulfite_exporter_TauE-SafE_family_protein	AF-Q6AN31-F1-model_v4	AF-Q6AN31-F1-model_v4 Probable membrane transporter protein	6.974E-07	1.000	361	3	242	244	40	275	285	241	0.984	0.828
LOKIASV2_3635_ESMFold_sulfite_exporter_TauE-SafE_family_protein	AF-A0A3D3L4S5-F1-model_v4	AF-A0A3D3L4S5-F1-model_v4 Probable membrane transporter protein	4.206E-06	1.000	360	1	238	244	1	238	239	238	0.975	0.996
LOKIASV2_3635_ESMFold_sulfite_exporter_TauE-SafE_family_protein	AF-A0A7M4DHV7-F1-model_v4	AF-A0A7M4DHV7-F1-model_v4 Probable membrane transporter protein	2.277E-06	1.000	360	3	243	244	6	243	245	245	0.988	0.971
LOKIASV2_3635_ESMFold_sulfite_exporter_TauE-SafE_family_protein	AF-A0A0U5IFZ5-F1-model_v4	AF-A0A0U5IFZ5-F1-model_v4 Probable membrane transporter protein	8.683E-07	1.000	360	3	240	244	11	245	246	244	0.975	0.955
LOKIASV2_3635_ESMFold_sulfite_exporter_TauE-SafE_family_protein	AF-A0A7W2GRP2-F1-model_v4	AF-A0A7W2GRP2-F1-model_v4 Probable membrane transporter protein	3.095E-06	1.000	360	3	242	244	10	247	248	243	0.984	0.960
LOKIASV2_3635_ESMFold_sulfite_exporter_TauE-SafE_family_protein	AF-A0A1A6C3J5-F1-model_v4	AF-A0A1A6C3J5-F1-model_v4 Probable membrane transporter protein	1.081E-06	1.000	360	3	237	244	15	246	248	237	0.963	0.935
LOKIASV2_3635_ESMFold_sulfite_exporter_TauE-SafE_family_protein	AF-A0A5N7RTB3-F1-model_v4	AF-A0A5N7RTB3-F1-model_v4 Probable membrane transporter protein	1.081E-06	1.000	360	2	242	244	8	249	250	252	0.988	0.968
LOKIASV2_3635_ESMFold_sulfite_exporter_TauE-SafE_family_protein	AF-A0A0C1EIJ5-F1-model_v4	AF-A0A0C1EIJ5-F1-model_v4 Probable membrane transporter protein	2.962E-06	1.000	360	3	233	244	9	238	250	233	0.947	0.920
LOKIASV2_3635_ESMFold_sulfite_exporter_TauE-SafE_family_protein	AF-A0A7W5TYI7-F1-model_v4	AF-A0A7W5TYI7-F1-model_v4 Probable membrane transporter protein	2.962E-06	1.000	360	3	243	244	9	246	252	246	0.988	0.944
LOKIASV2_3635_ESMFold_sulfite_exporter_TauE-SafE_family_protein	AF-A0A318C8M2-F1-model_v4	AF-A0A318C8M2-F1-model_v4 Probable membrane transporter protein	2.486E-06	1.000	360	2	243	244	6	251	253	246	0.992	0.972
LOKIASV2_3635_ESMFold_sulfite_exporter_TauE-SafE_family_protein	AF-A0A6L7VLY5-F1-model_v4	AF-A0A6L7VLY5-F1-model_v4 Probable membrane transporter protein	1.676E-06	1.000	360	3	241	244	10	249	254	245	0.980	0.945
LOKIASV2_3635_ESMFold_sulfite_exporter_TauE-SafE_family_protein	AF-A0A1H8W9D1-F1-model_v4	AF-A0A1H8W9D1-F1-model_v4 Probable membrane transporter protein	2.379E-06	1.000	360	3	242	244	17	254	258	247	0.984	0.922
LOKIASV2_3635_ESMFold_sulfite_exporter_TauE-SafE_family_protein	AF-A0A836TH36-F1-model_v4	AF-A0A836TH36-F1-model_v4 Sulfite exporter TauE/SafE family protein	2.486E-06	1.000	360	3	241	244	29	265	266	246	0.980	0.891
LOKIASV2_3635_ESMFold_sulfite_exporter_TauE-SafE_family_protein	AF-N8WQV7-F1-model_v4	AF-N8WQV7-F1-model_v4 Probable membrane transporter protein	1.911E-06	1.000	360	2	242	244	24	263	268	246	0.988	0.896
LOKIASV2_3635_ESMFold_sulfite_exporter_TauE-SafE_family_protein	AF-Q2SLJ3-F1-model_v4	AF-Q2SLJ3-F1-model_v4 Probable membrane transporter protein	1.346E-06	1.000	359	3	237	244	6	240	243	242	0.963	0.967
LOKIASV2_3635_ESMFold_sulfite_exporter_TauE-SafE_family_protein	AF-A0A0K1F8N8-F1-model_v4	AF-A0A0K1F8N8-F1-model_v4 Probable membrane transporter protein	2.179E-06	1.000	359	3	238	244	11	243	244	240	0.967	0.955
LOKIASV2_3635_ESMFold_sulfite_exporter_TauE-SafE_family_protein	AF-E6VHT8-F1-model_v4	AF-E6VHT8-F1-model_v4 Probable membrane transporter protein	1.829E-06	1.000	359	1	243	244	3	245	247	249	0.996	0.984
LOKIASV2_3635_ESMFold_sulfite_exporter_TauE-SafE_family_protein	AF-A0A2E5PP54-F1-model_v4	AF-A0A2E5PP54-F1-model_v4 Probable membrane transporter protein	9.072E-07	1.000	359	3	241	244	14	250	251	248	0.980	0.944
LOKIASV2_3635_ESMFold_sulfite_exporter_TauE-SafE_family_protein	AF-A0A2G6IKN7-F1-model_v4	AF-A0A2G6IKN7-F1-model_v4 Probable membrane transporter protein	2.277E-06	1.000	359	2	242	244	11	251	252	246	0.988	0.956
LOKIASV2_3635_ESMFold_sulfite_exporter_TauE-SafE_family_protein	AF-A0A3E1EFH3-F1-model_v4	AF-A0A3E1EFH3-F1-model_v4 Probable membrane transporter protein	5.716E-06	1.000	359	3	242	244	11	250	258	242	0.984	0.930
LOKIASV2_3635_ESMFold_sulfite_exporter_TauE-SafE_family_protein	AF-A0A2M7QLP8-F1-model_v4	AF-A0A2M7QLP8-F1-model_v4 Probable membrane transporter protein	2.713E-06	1.000	359	3	242	244	27	266	267	245	0.984	0.899
LOKIASV2_3635_ESMFold_sulfite_exporter_TauE-SafE_family_protein	AF-A0A2E6B320-F1-model_v4	AF-A0A2E6B320-F1-model_v4 Probable membrane transporter protein	2.713E-06	1.000	359	3	243	244	24	265	272	250	0.988	0.890
LOKIASV2_3635_ESMFold_sulfite_exporter_TauE-SafE_family_protein	AF-A0A6V8ECX7-F1-model_v4	AF-A0A6V8ECX7-F1-model_v4 Probable membrane transporter protein	3.688E-06	1.000	359	2	242	244	36	272	277	244	0.988	0.856
LOKIASV2_3635_ESMFold_sulfite_exporter_TauE-SafE_family_protein	AF-A0A5J6WAS4-F1-model_v4	AF-A0A5J6WAS4-F1-model_v4 Probable membrane transporter protein	2.597E-06	1.000	358	2	241	244	6	242	243	247	0.984	0.975
LOKIASV2_3635_ESMFold_sulfite_exporter_TauE-SafE_family_protein	AF-A0A845CPF1-F1-model_v4	AF-A0A845CPF1-F1-model_v4 Sulfite exporter TauE/SafE family protein	2.962E-06	1.000	358	3	242	244	9	247	250	247	0.984	0.956
LOKIASV2_3635_ESMFold_sulfite_exporter_TauE-SafE_family_protein	AF-A0A084IPN9-F1-model_v4	AF-A0A084IPN9-F1-model_v4 Probable membrane transporter protein	3.233E-06	1.000	358	2	242	244	20	258	259	248	0.988	0.923
LOKIASV2_3635_ESMFold_sulfite_exporter_TauE-SafE_family_protein	AF-A0A382ZGZ0-F1-model_v4	AF-A0A382ZGZ0-F1-model_v4 Uncharacterized protein	7.116E-06	1.000	357	2	212	244	8	218	219	211	0.865	0.963
LOKIASV2_3635_ESMFold_sulfite_exporter_TauE-SafE_family_protein	AF-A0A257R538-F1-model_v4	AF-A0A257R538-F1-model_v4 Probable membrane transporter protein	3.378E-06	1.000	357	2	242	244	6	244	247	247	0.988	0.968
LOKIASV2_3635_ESMFold_sulfite_exporter_TauE-SafE_family_protein	AF-A0A432F6H7-F1-model_v4	AF-A0A432F6H7-F1-model_v4 Probable membrane transporter protein	2.086E-06	1.000	357	3	240	244	12	250	251	244	0.975	0.952
LOKIASV2_3635_ESMFold_sulfite_exporter_TauE-SafE_family_protein	AF-A0A6N6JMI9-F1-model_v4	AF-A0A6N6JMI9-F1-model_v4 Probable membrane transporter protein	3.233E-06	1.000	357	3	242	244	37	276	277	249	0.984	0.866
LOKIASV2_3635_ESMFold_sulfite_exporter_TauE-SafE_family_protein	AF-H6SPX1-F1-model_v4	AF-H6SPX1-F1-model_v4 Probable membrane transporter protein	3.853E-06	1.000	357	3	242	244	197	433	434	245	0.984	0.546
LOKIASV2_3635_ESMFold_sulfite_exporter_TauE-SafE_family_protein	AF-A0A849U2X7-F1-model_v4	AF-A0A849U2X7-F1-model_v4 Sulfite exporter TauE/SafE family protein	4.394E-06	1.000	356	3	237	244	9	241	243	238	0.963	0.959
LOKIASV2_3635_ESMFold_sulfite_exporter_TauE-SafE_family_protein	AF-A0A1I3QXG3-F1-model_v4	AF-A0A1I3QXG3-F1-model_v4 Probable membrane transporter protein	3.095E-06	1.000	356	3	243	244	9	244	246	241	0.988	0.959
LOKIASV2_3635_ESMFold_sulfite_exporter_TauE-SafE_family_protein	AF-A0A349SR11-F1-model_v4	AF-A0A349SR11-F1-model_v4 Probable membrane transporter protein	3.233E-06	1.000	356	2	243	244	6	251	253	250	0.992	0.972
LOKIASV2_3635_ESMFold_sulfite_exporter_TauE-SafE_family_protein	AF-A0A2D6G569-F1-model_v4	AF-A0A2D6G569-F1-model_v4 Probable membrane transporter protein	9.478E-07	1.000	356	4	241	244	16	256	258	246	0.975	0.934
LOKIASV2_3635_ESMFold_sulfite_exporter_TauE-SafE_family_protein	AF-A0A0R2FJ88-F1-model_v4	AF-A0A0R2FJ88-F1-model_v4 Probable membrane transporter protein	1.233E-06	1.000	356	2	237	244	51	282	284	240	0.967	0.817
LOKIASV2_3635_ESMFold_sulfite_exporter_TauE-SafE_family_protein	AF-A0A5B2TBG5-F1-model_v4	AF-A0A5B2TBG5-F1-model_v4 Probable membrane transporter protein	5.012E-06	1.000	356	3	242	244	42	285	286	245	0.984	0.853
LOKIASV2_3635_ESMFold_sulfite_exporter_TauE-SafE_family_protein	AF-A0A5P2G808-F1-model_v4	AF-A0A5P2G808-F1-model_v4 Probable membrane transporter protein	2.232E-07	1.000	356	2	242	244	5	244	299	245	0.988	0.803
LOKIASV2_3635_ESMFold_sulfite_exporter_TauE-SafE_family_protein	AF-A0A0P9E5L0-F1-model_v4	AF-A0A0P9E5L0-F1-model_v4 Probable membrane transporter protein	2.835E-06	1.000	355	2	244	244	10	255	255	248	0.996	0.965
LOKIASV2_3635_ESMFold_sulfite_exporter_TauE-SafE_family_protein	AF-A0A1M7D002-F1-model_v4	AF-A0A1M7D002-F1-model_v4 Probable membrane transporter protein	2.044E-07	1.000	355	2	242	244	7	246	265	246	0.988	0.906
LOKIASV2_3635_ESMFold_sulfite_exporter_TauE-SafE_family_protein	AF-A0A2T6E610-F1-model_v4	AF-A0A2T6E610-F1-model_v4 Probable membrane transporter protein	1.535E-06	1.000	355	3	243	244	6	253	266	253	0.988	0.932
LOKIASV2_3635_ESMFold_sulfite_exporter_TauE-SafE_family_protein	AF-A0A1Y5TKU4-F1-model_v4	AF-A0A1Y5TKU4-F1-model_v4 Probable membrane transporter protein	3.529E-06	1.000	355	1	241	244	25	265	266	245	0.988	0.906
LOKIASV2_3635_ESMFold_sulfite_exporter_TauE-SafE_family_protein	AF-A0A849EAE4-F1-model_v4	AF-A0A849EAE4-F1-model_v4 Sulfite exporter TauE/SafE family protein	2.086E-06	1.000	355	3	242	244	29	267	272	246	0.984	0.879
LOKIASV2_3635_ESMFold_sulfite_exporter_TauE-SafE_family_protein	AF-A0A1I2VAN8-F1-model_v4	AF-A0A1I2VAN8-F1-model_v4 Probable membrane transporter protein	1.288E-06	1.000	355	3	241	244	64	301	302	250	0.980	0.788
LOKIASV2_3635_ESMFold_sulfite_exporter_TauE-SafE_family_protein	AF-A0A1M6LTP0-F1-model_v4	AF-A0A1M6LTP0-F1-model_v4 Probable membrane transporter protein	2.086E-06	1.000	354	3	240	244	11	248	249	244	0.975	0.956
LOKIASV2_3635_ESMFold_sulfite_exporter_TauE-SafE_family_protein	AF-A0A496X8B7-F1-model_v4	AF-A0A496X8B7-F1-model_v4 Probable membrane transporter protein	4.025E-06	1.000	354	3	242	244	7	247	251	245	0.984	0.960
LOKIASV2_3635_ESMFold_sulfite_exporter_TauE-SafE_family_protein	AF-A0A212KIG4-F1-model_v4	AF-A0A212KIG4-F1-model_v4 Probable membrane transporter protein	1.997E-06	1.000	354	3	240	244	15	250	252	244	0.975	0.937
LOKIASV2_3635_ESMFold_sulfite_exporter_TauE-SafE_family_protein	AF-A0A2D6Q1E3-F1-model_v4	AF-A0A2D6Q1E3-F1-model_v4 Probable membrane transporter protein	3.529E-06	1.000	354	3	240	244	17	258	259	245	0.975	0.934
LOKIASV2_3635_ESMFold_sulfite_exporter_TauE-SafE_family_protein	AF-A0A6C2UPZ0-F1-model_v4	AF-A0A6C2UPZ0-F1-model_v4 Probable membrane transporter protein	1.233E-06	1.000	354	1	240	244	9	262	263	255	0.984	0.966
LOKIASV2_3635_ESMFold_sulfite_exporter_TauE-SafE_family_protein	AF-A0A257PJC8-F1-model_v4	AF-A0A257PJC8-F1-model_v4 Probable membrane transporter protein	4.797E-06	1.000	354	3	240	244	27	262	265	241	0.975	0.891
LOKIASV2_3635_ESMFold_sulfite_exporter_TauE-SafE_family_protein	AF-A0A6B9FFC2-F1-model_v4	AF-A0A6B9FFC2-F1-model_v4 Probable membrane transporter protein	8.859E-06	1.000	354	3	242	244	9	245	284	240	0.984	0.835
LOKIASV2_3635_ESMFold_sulfite_exporter_TauE-SafE_family_protein	AF-A0A2E0IWV4-F1-model_v4	AF-A0A2E0IWV4-F1-model_v4 Probable membrane transporter protein	2.835E-06	1.000	353	3	238	244	6	241	242	243	0.967	0.975
LOKIASV2_3635_ESMFold_sulfite_exporter_TauE-SafE_family_protein	AF-A0A844H8B6-F1-model_v4	AF-A0A844H8B6-F1-model_v4 TSUP family transporter	1.676E-06	1.000	353	3	242	244	10	242	247	240	0.984	0.943
LOKIASV2_3635_ESMFold_sulfite_exporter_TauE-SafE_family_protein	AF-A0A2D8XX16-F1-model_v4	AF-A0A2D8XX16-F1-model_v4 Probable membrane transporter protein	3.378E-06	1.000	353	2	243	244	8	250	254	248	0.992	0.957
LOKIASV2_3635_ESMFold_sulfite_exporter_TauE-SafE_family_protein	AF-A0A3D3SRN1-F1-model_v4	AF-A0A3D3SRN1-F1-model_v4 Probable membrane transporter protein	4.591E-06	1.000	353	3	238	244	14	254	257	241	0.967	0.938
LOKIASV2_3635_ESMFold_sulfite_exporter_TauE-SafE_family_protein	AF-A0A0S8C3B2-F1-model_v4	AF-A0A0S8C3B2-F1-model_v4 Probable membrane transporter protein	6.239E-06	1.000	352	3	241	244	6	242	243	242	0.980	0.975
LOKIASV2_3635_ESMFold_sulfite_exporter_TauE-SafE_family_protein	AF-A0A088SZL1-F1-model_v4	AF-A0A088SZL1-F1-model_v4 Probable membrane transporter protein	1.180E-06	1.000	352	1	238	244	1	246	247	251	0.975	0.996
LOKIASV2_3635_ESMFold_sulfite_exporter_TauE-SafE_family_protein	AF-A0A2E9UL55-F1-model_v4	AF-A0A2E9UL55-F1-model_v4 Probable membrane transporter protein	2.597E-06	1.000	352	3	238	244	9	242	247	246	0.967	0.947
LOKIASV2_3635_ESMFold_sulfite_exporter_TauE-SafE_family_protein	AF-A0A381N307-F1-model_v4	AF-A0A381N307-F1-model_v4 Uncharacterized protein	1.233E-06	1.000	352	2	239	244	10	245	248	242	0.975	0.952
LOKIASV2_3635_ESMFold_sulfite_exporter_TauE-SafE_family_protein	AF-Q4JMJ3-F1-model_v4	AF-Q4JMJ3-F1-model_v4 Probable membrane transporter protein	5.972E-06	1.000	352	2	242	244	10	248	249	242	0.988	0.960
LOKIASV2_3635_ESMFold_sulfite_exporter_TauE-SafE_family_protein	AF-K2IG35-F1-model_v4	AF-K2IG35-F1-model_v4 Probable membrane transporter protein	1.180E-06	1.000	352	1	241	244	5	249	250	250	0.988	0.980
LOKIASV2_3635_ESMFold_sulfite_exporter_TauE-SafE_family_protein	AF-A0A0L8MGB5-F1-model_v4	AF-A0A0L8MGB5-F1-model_v4 Probable membrane transporter protein	1.997E-06	1.000	352	3	242	244	12	250	251	250	0.984	0.952
LOKIASV2_3635_ESMFold_sulfite_exporter_TauE-SafE_family_protein	AF-A0A3D9DVI2-F1-model_v4	AF-A0A3D9DVI2-F1-model_v4 Probable membrane transporter protein	6.811E-06	1.000	352	3	242	244	11	250	251	243	0.984	0.956
LOKIASV2_3635_ESMFold_sulfite_exporter_TauE-SafE_family_protein	AF-A0A1F7NJ00-F1-model_v4	AF-A0A1F7NJ00-F1-model_v4 Probable membrane transporter protein	5.236E-06	1.000	352	3	244	244	6	255	255	253	0.992	0.980
LOKIASV2_3635_ESMFold_sulfite_exporter_TauE-SafE_family_protein	AF-A0A2E2UM14-F1-model_v4	AF-A0A2E2UM14-F1-model_v4 Probable membrane transporter protein	3.688E-06	1.000	352	3	239	244	11	253	263	244	0.971	0.924
LOKIASV2_3635_ESMFold_sulfite_exporter_TauE-SafE_family_protein	AF-A0A7X4KX72-F1-model_v4	AF-A0A7X4KX72-F1-model_v4 Probable membrane transporter protein	2.486E-06	1.000	352	3	242	244	10	247	285	250	0.984	0.835
LOKIASV2_3635_ESMFold_sulfite_exporter_TauE-SafE_family_protein	AF-A0A2N3AZH4-F1-model_v4	AF-A0A2N3AZH4-F1-model_v4 Probable membrane transporter protein	4.206E-06	1.000	352	3	242	244	80	319	320	246	0.984	0.750
LOKIASV2_3635_ESMFold_sulfite_exporter_TauE-SafE_family_protein	AF-A0A418SJM8-F1-model_v4	AF-A0A418SJM8-F1-model_v4 Probable membrane transporter protein	9.903E-07	1.000	352	3	242	244	97	336	339	247	0.984	0.708
LOKIASV2_3635_ESMFold_sulfite_exporter_TauE-SafE_family_protein	AF-A0A7C3DD42-F1-model_v4	AF-A0A7C3DD42-F1-model_v4 Probable membrane transporter protein	3.529E-06	1.000	351	3	238	244	8	245	246	240	0.967	0.967
LOKIASV2_3635_ESMFold_sulfite_exporter_TauE-SafE_family_protein	AF-A0A0A1VCN4-F1-model_v4	AF-A0A0A1VCN4-F1-model_v4 Probable membrane transporter protein	3.233E-06	1.000	351	2	238	244	12	246	247	242	0.971	0.951
LOKIASV2_3635_ESMFold_sulfite_exporter_TauE-SafE_family_protein	AF-A0A2P8KKA5-F1-model_v4	AF-A0A2P8KKA5-F1-model_v4 Probable membrane transporter protein	2.835E-06	1.000	351	3	242	244	9	249	250	248	0.984	0.964
LOKIASV2_3635_ESMFold_sulfite_exporter_TauE-SafE_family_protein	AF-A0A7V2CMZ8-F1-model_v4	AF-A0A7V2CMZ8-F1-model_v4 Probable membrane transporter protein	5.236E-06	1.000	351	2	240	244	7	245	253	245	0.980	0.945
LOKIASV2_3635_ESMFold_sulfite_exporter_TauE-SafE_family_protein	AF-A0A5N0USP1-F1-model_v4	AF-A0A5N0USP1-F1-model_v4 Probable membrane transporter protein	4.591E-06	1.000	350	3	240	244	9	242	242	239	0.975	0.967
LOKIASV2_3635_ESMFold_sulfite_exporter_TauE-SafE_family_protein	AF-A0A1G6LRE9-F1-model_v4	AF-A0A1G6LRE9-F1-model_v4 Probable membrane transporter protein	5.236E-06	1.000	350	3	242	244	8	243	246	243	0.984	0.959
LOKIASV2_3635_ESMFold_sulfite_exporter_TauE-SafE_family_protein	AF-A0A7C9MC90-F1-model_v4	AF-A0A7C9MC90-F1-model_v4 Probable membrane transporter protein	7.286E-07	1.000	350	6	242	244	11	248	249	239	0.971	0.956
LOKIASV2_3635_ESMFold_sulfite_exporter_TauE-SafE_family_protein	AF-A0A6M1ML94-F1-model_v4	AF-A0A6M1ML94-F1-model_v4 Probable membrane transporter protein	1.469E-06	1.000	350	3	241	244	12	250	251	253	0.980	0.952
LOKIASV2_3635_ESMFold_sulfite_exporter_TauE-SafE_family_protein	AF-A0A2D7ABZ1-F1-model_v4	AF-A0A2D7ABZ1-F1-model_v4 Probable membrane transporter protein	5.012E-06	1.000	350	3	241	244	20	256	257	245	0.980	0.922
LOKIASV2_3635_ESMFold_sulfite_exporter_TauE-SafE_family_protein	AF-A0A845CHR5-F1-model_v4	AF-A0A845CHR5-F1-model_v4 Sulfite exporter TauE/SafE family protein	3.853E-06	1.000	350	3	242	244	14	256	257	247	0.984	0.946
LOKIASV2_3635_ESMFold_sulfite_exporter_TauE-SafE_family_protein	AF-A0A3M1Q810-F1-model_v4	AF-A0A3M1Q810-F1-model_v4 Probable membrane transporter protein	6.115E-07	1.000	350	3	240	244	16	259	259	246	0.975	0.942
LOKIASV2_3635_ESMFold_sulfite_exporter_TauE-SafE_family_protein	AF-A0A7V1SN03-F1-model_v4	AF-A0A7V1SN03-F1-model_v4 Probable membrane transporter protein	4.122E-07	1.000	350	2	242	244	5	241	338	245	0.988	0.701
LOKIASV2_3635_ESMFold_sulfite_exporter_TauE-SafE_family_protein	AF-A0A3R7FJ14-F1-model_v4	AF-A0A3R7FJ14-F1-model_v4 Probable membrane transporter protein	2.835E-06	1.000	349	3	238	244	2	235	236	243	0.967	0.992
LOKIASV2_3635_ESMFold_sulfite_exporter_TauE-SafE_family_protein	AF-A0A1V6G2N5-F1-model_v4	AF-A0A1V6G2N5-F1-model_v4 Probable membrane transporter protein	4.394E-06	1.000	349	3	237	244	8	245	246	241	0.963	0.967
LOKIASV2_3635_ESMFold_sulfite_exporter_TauE-SafE_family_protein	AF-A0A1Z8V0X3-F1-model_v4	AF-A0A1Z8V0X3-F1-model_v4 Probable membrane transporter protein	1.604E-06	1.000	349	4	241	244	10	247	248	248	0.975	0.960
LOKIASV2_3635_ESMFold_sulfite_exporter_TauE-SafE_family_protein	AF-A0A2N6FP72-F1-model_v4	AF-A0A2N6FP72-F1-model_v4 Probable membrane transporter protein	1.997E-06	1.000	349	2	241	244	10	247	248	245	0.984	0.960
LOKIASV2_3635_ESMFold_sulfite_exporter_TauE-SafE_family_protein	AF-A0A2P8KNX2-F1-model_v4	AF-A0A2P8KNX2-F1-model_v4 Probable membrane transporter protein	6.239E-06	1.000	349	3	241	244	14	253	254	244	0.980	0.945
LOKIASV2_3635_ESMFold_sulfite_exporter_TauE-SafE_family_protein	AF-J1H1I7-F1-model_v4	AF-J1H1I7-F1-model_v4 Probable membrane transporter protein	2.903E-07	1.000	349	2	243	244	7	251	255	249	0.992	0.961
LOKIASV2_3635_ESMFold_sulfite_exporter_TauE-SafE_family_protein	AF-A0A524IL63-F1-model_v4	AF-A0A524IL63-F1-model_v4 Probable membrane transporter protein	2.086E-06	1.000	349	3	241	244	12	264	266	254	0.980	0.951
LOKIASV2_3635_ESMFold_sulfite_exporter_TauE-SafE_family_protein	AF-M1QGS0-F1-model_v4	AF-M1QGS0-F1-model_v4 Probable membrane transporter protein	1.829E-06	1.000	349	3	241	244	12	266	267	262	0.980	0.955
LOKIASV2_3635_ESMFold_sulfite_exporter_TauE-SafE_family_protein	AF-A0A1Y5E1R2-F1-model_v4	AF-A0A1Y5E1R2-F1-model_v4 Probable membrane transporter protein	6.519E-06	1.000	348	3	238	244	9	245	246	241	0.967	0.963
LOKIASV2_3635_ESMFold_sulfite_exporter_TauE-SafE_family_protein	AF-A0A1L9QF16-F1-model_v4	AF-A0A1L9QF16-F1-model_v4 Probable membrane transporter protein	7.435E-06	1.000	348	2	242	244	9	247	251	244	0.988	0.952
LOKIASV2_3635_ESMFold_sulfite_exporter_TauE-SafE_family_protein	AF-A0A3N4V178-F1-model_v4	AF-A0A3N4V178-F1-model_v4 Probable membrane transporter protein	5.972E-06	1.000	348	4	240	244	16	249	251	238	0.971	0.932
LOKIASV2_3635_ESMFold_sulfite_exporter_TauE-SafE_family_protein	AF-A0A149U5Y7-F1-model_v4	AF-A0A149U5Y7-F1-model_v4 Probable membrane transporter protein	1.346E-06	1.000	348	3	242	244	8	246	324	241	0.984	0.738
LOKIASV2_3635_ESMFold_sulfite_exporter_TauE-SafE_family_protein	AF-A0A7V0NUB4-F1-model_v4	AF-A0A7V0NUB4-F1-model_v4 Probable membrane transporter protein	8.116E-06	1.000	347	4	238	244	6	237	238	235	0.963	0.975
LOKIASV2_3635_ESMFold_sulfite_exporter_TauE-SafE_family_protein	AF-A0A2E7PJK0-F1-model_v4	AF-A0A2E7PJK0-F1-model_v4 Probable membrane transporter protein	1.911E-06	1.000	347	2	241	244	10	247	248	254	0.984	0.960
LOKIASV2_3635_ESMFold_sulfite_exporter_TauE-SafE_family_protein	AF-F2I3W7-F1-model_v4	AF-F2I3W7-F1-model_v4 Probable membrane transporter protein	3.529E-06	1.000	347	2	240	244	12	248	250	245	0.980	0.948
LOKIASV2_3635_ESMFold_sulfite_exporter_TauE-SafE_family_protein	AF-A0A7M3T5U2-F1-model_v4	AF-A0A7M3T5U2-F1-model_v4 Probable membrane transporter protein	3.378E-06	1.000	347	3	241	244	15	251	252	243	0.980	0.940
LOKIASV2_3635_ESMFold_sulfite_exporter_TauE-SafE_family_protein	AF-A0A848FD80-F1-model_v4	AF-A0A848FD80-F1-model_v4 Sulfite exporter TauE/SafE family protein	3.233E-06	1.000	346	3	238	244	9	241	242	240	0.967	0.963
LOKIASV2_3635_ESMFold_sulfite_exporter_TauE-SafE_family_protein	AF-A0A2W0ZXS9-F1-model_v4	AF-A0A2W0ZXS9-F1-model_v4 Probable membrane transporter protein	1.829E-06	1.000	346	2	243	244	6	243	245	251	0.992	0.971
LOKIASV2_3635_ESMFold_sulfite_exporter_TauE-SafE_family_protein	AF-A0A358HV95-F1-model_v4	AF-A0A358HV95-F1-model_v4 Probable membrane transporter protein	2.962E-06	1.000	346	3	244	244	9	247	247	250	0.992	0.968
LOKIASV2_3635_ESMFold_sulfite_exporter_TauE-SafE_family_protein	AF-A0A167BH36-F1-model_v4	AF-A0A167BH36-F1-model_v4 Probable membrane transporter protein	3.233E-06	1.000	346	2	243	244	10	249	251	249	0.992	0.956
LOKIASV2_3635_ESMFold_sulfite_exporter_TauE-SafE_family_protein	AF-A0A3M1I0Q5-F1-model_v4	AF-A0A3M1I0Q5-F1-model_v4 Probable membrane transporter protein	4.797E-06	1.000	346	3	242	244	8	247	251	245	0.984	0.956
LOKIASV2_3635_ESMFold_sulfite_exporter_TauE-SafE_family_protein	AF-A0A1Y1CMT7-F1-model_v4	AF-A0A1Y1CMT7-F1-model_v4 Probable membrane transporter protein	1.469E-06	1.000	345	3	238	244	7	238	239	248	0.967	0.971
LOKIASV2_3635_ESMFold_sulfite_exporter_TauE-SafE_family_protein	AF-A0A7C5K5B7-F1-model_v4	AF-A0A7C5K5B7-F1-model_v4 Probable membrane transporter protein	3.529E-06	1.000	345	3	238	244	7	242	243	242	0.967	0.971
LOKIASV2_3635_ESMFold_sulfite_exporter_TauE-SafE_family_protein	AF-A0A2D7FXJ5-F1-model_v4	AF-A0A2D7FXJ5-F1-model_v4 Probable membrane transporter protein	5.236E-06	1.000	345	2	241	244	8	248	249	248	0.984	0.968
LOKIASV2_3635_ESMFold_sulfite_exporter_TauE-SafE_family_protein	AF-J0UF65-F1-model_v4	AF-J0UF65-F1-model_v4 Probable membrane transporter protein	5.716E-06	1.000	345	3	242	244	17	254	261	243	0.984	0.912
LOKIASV2_3635_ESMFold_sulfite_exporter_TauE-SafE_family_protein	AF-A0A386UNI3-F1-model_v4	AF-A0A386UNI3-F1-model_v4 Probable membrane transporter protein	6.811E-06	1.000	345	3	243	244	44	284	289	248	0.988	0.834
LOKIASV2_3635_ESMFold_sulfite_exporter_TauE-SafE_family_protein	AF-A0A398CZN7-F1-model_v4	AF-A0A398CZN7-F1-model_v4 Probable membrane transporter protein	5.012E-06	1.000	345	2	236	244	214	448	450	240	0.963	0.522
LOKIASV2_3635_ESMFold_sulfite_exporter_TauE-SafE_family_protein	AF-A0A0H4L5W9-F1-model_v4	AF-A0A0H4L5W9-F1-model_v4 Probable membrane transporter protein	6.519E-06	1.000	344	2	240	244	8	245	246	243	0.980	0.967
LOKIASV2_3635_ESMFold_sulfite_exporter_TauE-SafE_family_protein	AF-A0A7V0RKB5-F1-model_v4	AF-A0A7V0RKB5-F1-model_v4 Probable membrane transporter protein	8.859E-06	1.000	344	3	241	244	10	246	247	242	0.980	0.960
LOKIASV2_3635_ESMFold_sulfite_exporter_TauE-SafE_family_protein	AF-A0A848F3N4-F1-model_v4	AF-A0A848F3N4-F1-model_v4 Sulfite exporter TauE/SafE family protein	7.435E-06	1.000	344	4	240	244	15	248	250	238	0.971	0.936
LOKIASV2_3635_ESMFold_sulfite_exporter_TauE-SafE_family_protein	AF-A0A0M6Z3U0-F1-model_v4	AF-A0A0M6Z3U0-F1-model_v4 Probable membrane transporter protein	1.911E-06	1.000	344	2	243	244	19	252	256	243	0.992	0.914
LOKIASV2_3635_ESMFold_sulfite_exporter_TauE-SafE_family_protein	AF-A0A2D6T234-F1-model_v4	AF-A0A2D6T234-F1-model_v4 Probable membrane transporter protein	4.025E-06	1.000	344	3	242	244	17	259	265	244	0.984	0.917
LOKIASV2_3635_ESMFold_sulfite_exporter_TauE-SafE_family_protein	AF-A0A5D0V216-F1-model_v4	AF-A0A5D0V216-F1-model_v4 Probable membrane transporter protein	5.236E-06	1.000	344	1	243	244	34	269	272	247	0.996	0.868
LOKIASV2_3635_ESMFold_sulfite_exporter_TauE-SafE_family_protein	AF-A0A371B873-F1-model_v4	AF-A0A371B873-F1-model_v4 Probable membrane transporter protein	3.529E-06	1.000	344	3	241	244	48	284	285	248	0.980	0.832
LOKIASV2_3635_ESMFold_sulfite_exporter_TauE-SafE_family_protein	AF-A0A810NMJ4-F1-model_v4	AF-A0A810NMJ4-F1-model_v4 Uncharacterized protein	8.859E-06	1.000	343	3	242	244	7	239	242	244	0.984	0.963
LOKIASV2_3635_ESMFold_sulfite_exporter_TauE-SafE_family_protein	AF-A0A1T5DI85-F1-model_v4	AF-A0A1T5DI85-F1-model_v4 Probable membrane transporter protein	9.478E-07	1.000	343	2	239	244	8	243	246	244	0.975	0.959
LOKIASV2_3635_ESMFold_sulfite_exporter_TauE-SafE_family_protein	AF-A0A506U7B3-F1-model_v4	AF-A0A506U7B3-F1-model_v4 Probable membrane transporter protein	4.394E-06	1.000	343	3	242	244	14	249	254	242	0.984	0.929
LOKIASV2_3635_ESMFold_sulfite_exporter_TauE-SafE_family_protein	AF-A0A6N6P679-F1-model_v4	AF-A0A6N6P679-F1-model_v4 Probable membrane transporter protein	1.152E-05	1.000	343	3	237	244	19	253	255	235	0.963	0.922
LOKIASV2_3635_ESMFold_sulfite_exporter_TauE-SafE_family_protein	AF-A0A5P9D3C5-F1-model_v4	AF-A0A5P9D3C5-F1-model_v4 Probable membrane transporter protein	8.480E-06	1.000	343	3	242	244	15	252	256	243	0.984	0.930
LOKIASV2_3635_ESMFold_sulfite_exporter_TauE-SafE_family_protein	AF-A0A554UHK5-F1-model_v4	AF-A0A554UHK5-F1-model_v4 Probable membrane transporter protein	1.406E-06	1.000	343	3	244	244	15	255	256	246	0.992	0.941
LOKIASV2_3635_ESMFold_sulfite_exporter_TauE-SafE_family_protein	AF-A0A3N2QMH4-F1-model_v4	AF-A0A3N2QMH4-F1-model_v4 Probable membrane transporter protein	5.236E-06	1.000	343	3	242	244	56	292	293	246	0.984	0.809
LOKIASV2_3635_ESMFold_sulfite_exporter_TauE-SafE_family_protein	AF-A0A2V6XX79-F1-model_v4	AF-A0A2V6XX79-F1-model_v4 Probable membrane transporter protein	1.751E-06	1.000	343	3	240	244	76	311	312	244	0.975	0.756
LOKIASV2_3635_ESMFold_sulfite_exporter_TauE-SafE_family_protein	AF-A0A6B0TTE9-F1-model_v4	AF-A0A6B0TTE9-F1-model_v4 Probable membrane transporter protein	3.853E-06	1.000	343	3	241	244	86	328	329	245	0.980	0.739
LOKIASV2_3635_ESMFold_sulfite_exporter_TauE-SafE_family_protein	AF-A0A847PZM2-F1-model_v4	AF-A0A847PZM2-F1-model_v4 Sulfite exporter TauE/SafE family protein	2.962E-06	1.000	342	3	241	244	6	240	241	244	0.980	0.975
LOKIASV2_3635_ESMFold_sulfite_exporter_TauE-SafE_family_protein	AF-A0A1H3NG39-F1-model_v4	AF-A0A1H3NG39-F1-model_v4 Probable membrane transporter protein	7.116E-06	1.000	342	2	241	244	3	240	241	250	0.984	0.988
LOKIASV2_3635_ESMFold_sulfite_exporter_TauE-SafE_family_protein	AF-A0A7Y2D7G1-F1-model_v4	AF-A0A7Y2D7G1-F1-model_v4 Probable membrane transporter protein	1.346E-06	1.000	342	3	241	244	9	245	246	246	0.980	0.963
LOKIASV2_3635_ESMFold_sulfite_exporter_TauE-SafE_family_protein	AF-A0A7C7U0J3-F1-model_v4	AF-A0A7C7U0J3-F1-model_v4 Probable membrane transporter protein	3.233E-06	1.000	342	2	244	244	8	248	248	251	0.996	0.972
LOKIASV2_3635_ESMFold_sulfite_exporter_TauE-SafE_family_protein	AF-A0A7C9GZZ5-F1-model_v4	AF-A0A7C9GZZ5-F1-model_v4 Probable membrane transporter protein	5.236E-06	1.000	342	3	242	244	14	256	257	243	0.984	0.946
LOKIASV2_3635_ESMFold_sulfite_exporter_TauE-SafE_family_protein	AF-A0A7W0RV02-F1-model_v4	AF-A0A7W0RV02-F1-model_v4 Probable membrane transporter protein	7.435E-06	1.000	342	3	240	244	19	256	258	249	0.975	0.922
LOKIASV2_3635_ESMFold_sulfite_exporter_TauE-SafE_family_protein	AF-A0A1V5CEN3-F1-model_v4	AF-A0A1V5CEN3-F1-model_v4 Probable membrane transporter protein	3.853E-06	1.000	342	1	241	244	10	256	259	251	0.988	0.954
LOKIASV2_3635_ESMFold_sulfite_exporter_TauE-SafE_family_protein	AF-U3BZI6-F1-model_v4	AF-U3BZI6-F1-model_v4 Probable membrane transporter protein	3.233E-06	1.000	342	3	242	244	20	255	262	246	0.984	0.901
LOKIASV2_3635_ESMFold_sulfite_exporter_TauE-SafE_family_protein	AF-A0A2Z3G967-F1-model_v4	AF-A0A2Z3G967-F1-model_v4 Probable membrane transporter protein	9.903E-07	1.000	342	2	242	244	7	247	268	244	0.988	0.899
LOKIASV2_3635_ESMFold_sulfite_exporter_TauE-SafE_family_protein	AF-V7I9A4-F1-model_v4	AF-V7I9A4-F1-model_v4 Probable membrane transporter protein	4.025E-06	1.000	341	3	237	244	8	245	246	241	0.963	0.967
LOKIASV2_3635_ESMFold_sulfite_exporter_TauE-SafE_family_protein	AF-A0A7T9IHK0-F1-model_v4	AF-A0A7T9IHK0-F1-model_v4 Probable membrane transporter protein	7.116E-06	1.000	341	3	241	244	9	245	246	244	0.980	0.963
LOKIASV2_3635_ESMFold_sulfite_exporter_TauE-SafE_family_protein	AF-A0A7X7A712-F1-model_v4	AF-A0A7X7A712-F1-model_v4 Probable membrane transporter protein	6.811E-06	1.000	341	4	238	244	14	249	250	240	0.963	0.944
LOKIASV2_3635_ESMFold_sulfite_exporter_TauE-SafE_family_protein	AF-A0A3B9GKJ1-F1-model_v4	AF-A0A3B9GKJ1-F1-model_v4 Probable membrane transporter protein	8.116E-06	1.000	341	6	237	244	18	251	252	236	0.951	0.929
LOKIASV2_3635_ESMFold_sulfite_exporter_TauE-SafE_family_protein	AF-A0A5Q2QC49-F1-model_v4	AF-A0A5Q2QC49-F1-model_v4 Probable membrane transporter protein	1.751E-06	1.000	341	3	243	244	11	252	256	251	0.988	0.945
LOKIASV2_3635_ESMFold_sulfite_exporter_TauE-SafE_family_protein	AF-A0A1G2YCZ8-F1-model_v4	AF-A0A1G2YCZ8-F1-model_v4 Probable membrane transporter protein	2.713E-06	1.000	341	3	243	244	12	252	258	246	0.988	0.934
LOKIASV2_3635_ESMFold_sulfite_exporter_TauE-SafE_family_protein	AF-A0A0S7YPU4-F1-model_v4	AF-A0A0S7YPU4-F1-model_v4 Probable membrane transporter protein	8.859E-06	1.000	341	3	242	244	18	255	259	242	0.984	0.919
LOKIASV2_3635_ESMFold_sulfite_exporter_TauE-SafE_family_protein	AF-A0A6J7TTU3-F1-model_v4	AF-A0A6J7TTU3-F1-model_v4 Unannotated protein	8.480E-06	1.000	341	3	239	244	16	262	263	249	0.971	0.939
LOKIASV2_3635_ESMFold_sulfite_exporter_TauE-SafE_family_protein	AF-A0A3N5TPD1-F1-model_v4	AF-A0A3N5TPD1-F1-model_v4 Probable membrane transporter protein	9.072E-07	1.000	341	3	240	244	30	263	264	238	0.975	0.886
LOKIASV2_3635_ESMFold_sulfite_exporter_TauE-SafE_family_protein	AF-A0A2T6E9R2-F1-model_v4	AF-A0A2T6E9R2-F1-model_v4 Probable membrane transporter protein	5.236E-06	1.000	341	1	242	244	11	255	292	251	0.992	0.839
LOKIASV2_3635_ESMFold_sulfite_exporter_TauE-SafE_family_protein	AF-A8URL4-F1-model_v4	AF-A8URL4-F1-model_v4 Probable membrane transporter protein	1.129E-06	1.000	340	2	237	244	6	243	246	241	0.967	0.967
LOKIASV2_3635_ESMFold_sulfite_exporter_TauE-SafE_family_protein	AF-A0A3E1ERX7-F1-model_v4	AF-A0A3E1ERX7-F1-model_v4 Probable membrane transporter protein	5.471E-06	1.000	340	3	237	244	11	245	248	239	0.963	0.948
LOKIASV2_3635_ESMFold_sulfite_exporter_TauE-SafE_family_protein	AF-A0A3N5GHF1-F1-model_v4	AF-A0A3N5GHF1-F1-model_v4 Probable membrane transporter protein	5.972E-06	1.000	340	3	242	244	4	247	248	248	0.984	0.984
LOKIASV2_3635_ESMFold_sulfite_exporter_TauE-SafE_family_protein	AF-A0A2T6BM82-F1-model_v4	AF-A0A2T6BM82-F1-model_v4 Probable membrane transporter protein	2.962E-06	1.000	340	2	241	244	6	249	250	246	0.984	0.976
LOKIASV2_3635_ESMFold_sulfite_exporter_TauE-SafE_family_protein	AF-G9ZWQ9-F1-model_v4	AF-G9ZWQ9-F1-model_v4 Probable membrane transporter protein	7.768E-06	1.000	340	3	242	244	9	251	252	249	0.984	0.964
LOKIASV2_3635_ESMFold_sulfite_exporter_TauE-SafE_family_protein	AF-A0A7C4Z2X5-F1-model_v4	AF-A0A7C4Z2X5-F1-model_v4 Probable membrane transporter protein	1.056E-05	1.000	340	4	237	244	15	252	255	241	0.959	0.933
LOKIASV2_3635_ESMFold_sulfite_exporter_TauE-SafE_family_protein	AF-A0A398DUV2-F1-model_v4	AF-A0A398DUV2-F1-model_v4 Probable membrane transporter protein	5.716E-06	1.000	340	2	236	244	56	290	292	240	0.963	0.805
LOKIASV2_3635_ESMFold_sulfite_exporter_TauE-SafE_family_protein	AF-A0A7S9LPJ6-F1-model_v4	AF-A0A7S9LPJ6-F1-model_v4 Sulfite exporter TauE/SafE family protein	9.256E-06	1.000	340	3	240	244	59	300	302	242	0.975	0.801
LOKIASV2_3635_ESMFold_sulfite_exporter_TauE-SafE_family_protein	AF-A0A1F9FRQ3-F1-model_v4	AF-A0A1F9FRQ3-F1-model_v4 Probable membrane transporter protein	5.972E-06	1.000	339	2	236	244	6	233	237	237	0.963	0.962
LOKIASV2_3635_ESMFold_sulfite_exporter_TauE-SafE_family_protein	AF-A0A2S6UDM9-F1-model_v4	AF-A0A2S6UDM9-F1-model_v4 Probable membrane transporter protein	5.012E-06	1.000	339	3	240	244	11	246	248	242	0.975	0.952
LOKIASV2_3635_ESMFold_sulfite_exporter_TauE-SafE_family_protein	AF-A0A1H7EK27-F1-model_v4	AF-A0A1H7EK27-F1-model_v4 Probable membrane transporter protein	6.811E-06	1.000	339	3	243	244	62	303	307	248	0.988	0.788
LOKIASV2_3635_ESMFold_sulfite_exporter_TauE-SafE_family_protein	AF-A0A3M1IT65-F1-model_v4	AF-A0A3M1IT65-F1-model_v4 Probable membrane transporter protein	6.239E-06	1.000	339	3	239	244	54	302	313	251	0.971	0.796
LOKIASV2_3635_ESMFold_sulfite_exporter_TauE-SafE_family_protein	AF-A0A2D8YV24-F1-model_v4	AF-A0A2D8YV24-F1-model_v4 Probable membrane transporter protein	4.206E-06	1.000	339	4	241	244	150	389	390	246	0.975	0.615
LOKIASV2_3635_ESMFold_sulfite_exporter_TauE-SafE_family_protein	AF-A0A7C6JCI8-F1-model_v4	AF-A0A7C6JCI8-F1-model_v4 Probable membrane transporter protein	8.116E-06	1.000	338	3	243	244	7	243	245	242	0.988	0.967
LOKIASV2_3635_ESMFold_sulfite_exporter_TauE-SafE_family_protein	AF-A0A1Y4D938-F1-model_v4	AF-A0A1Y4D938-F1-model_v4 Probable membrane transporter protein	3.459E-07	1.000	338	3	244	244	10	247	247	246	0.992	0.964
LOKIASV2_3635_ESMFold_sulfite_exporter_TauE-SafE_family_protein	AF-A0A7C9C3M4-F1-model_v4	AF-A0A7C9C3M4-F1-model_v4 Probable membrane transporter protein	1.829E-06	1.000	338	3	238	244	12	247	248	242	0.967	0.952
LOKIASV2_3635_ESMFold_sulfite_exporter_TauE-SafE_family_protein	AF-A0A6G6FHQ9-F1-model_v4	AF-A0A6G6FHQ9-F1-model_v4 Probable membrane transporter protein	5.972E-06	1.000	338	3	240	244	13	252	253	247	0.975	0.949
LOKIASV2_3635_ESMFold_sulfite_exporter_TauE-SafE_family_protein	AF-A0A4Z0WBQ6-F1-model_v4	AF-A0A4Z0WBQ6-F1-model_v4 Probable membrane transporter protein	1.103E-05	1.000	338	2	241	244	18	256	257	244	0.984	0.930
LOKIASV2_3635_ESMFold_sulfite_exporter_TauE-SafE_family_protein	AF-A0A4R1Z8D2-F1-model_v4	AF-A0A4R1Z8D2-F1-model_v4 Probable membrane transporter protein	7.435E-06	1.000	338	3	243	244	14	255	259	248	0.988	0.934
LOKIASV2_3635_ESMFold_sulfite_exporter_TauE-SafE_family_protein	AF-A0A367WPS3-F1-model_v4	AF-A0A367WPS3-F1-model_v4 Probable membrane transporter protein	1.204E-05	1.000	337	3	242	244	9	246	247	243	0.984	0.964
LOKIASV2_3635_ESMFold_sulfite_exporter_TauE-SafE_family_protein	AF-H3NX40-F1-model_v4	AF-H3NX40-F1-model_v4 Probable membrane transporter protein	1.152E-05	1.000	337	2	241	244	11	250	251	244	0.984	0.956
LOKIASV2_3635_ESMFold_sulfite_exporter_TauE-SafE_family_protein	AF-A0A2M8P386-F1-model_v4	AF-A0A2M8P386-F1-model_v4 Probable membrane transporter protein	7.116E-06	1.000	337	3	242	244	9	248	253	246	0.984	0.949
LOKIASV2_3635_ESMFold_sulfite_exporter_TauE-SafE_family_protein	AF-M5CK91-F1-model_v4	AF-M5CK91-F1-model_v4 Probable membrane transporter protein	4.394E-06	1.000	337	2	243	244	44	282	290	253	0.992	0.824
LOKIASV2_3635_ESMFold_sulfite_exporter_TauE-SafE_family_protein	AF-A0A842Y2E0-F1-model_v4	AF-A0A842Y2E0-F1-model_v4 Sulfite exporter TauE/SafE family protein	2.277E-06	1.000	336	2	240	244	5	247	248	252	0.980	0.980
LOKIASV2_3635_ESMFold_sulfite_exporter_TauE-SafE_family_protein	AF-A0A6L3ENJ1-F1-model_v4	AF-A0A6L3ENJ1-F1-model_v4 Probable membrane transporter protein	2.597E-06	1.000	336	2	244	244	9	249	249	244	0.996	0.968
LOKIASV2_3635_ESMFold_sulfite_exporter_TauE-SafE_family_protein	AF-A0A315DWQ6-F1-model_v4	AF-A0A315DWQ6-F1-model_v4 Probable membrane transporter protein	7.768E-06	1.000	336	2	241	244	10	250	251	246	0.984	0.960
LOKIASV2_3635_ESMFold_sulfite_exporter_TauE-SafE_family_protein	AF-A0A3S2WA18-F1-model_v4	AF-A0A3S2WA18-F1-model_v4 Probable membrane transporter protein	3.378E-06	1.000	336	3	241	244	42	280	281	239	0.980	0.851
LOKIASV2_3635_ESMFold_sulfite_exporter_TauE-SafE_family_protein	AF-A0A0F0KZ53-F1-model_v4	AF-A0A0F0KZ53-F1-model_v4 Probable membrane transporter protein	1.435E-05	1.000	335	3	237	244	8	245	247	240	0.963	0.964
LOKIASV2_3635_ESMFold_sulfite_exporter_TauE-SafE_family_protein	AF-E8U416-F1-model_v4	AF-E8U416-F1-model_v4 Probable membrane transporter protein	6.519E-06	1.000	335	3	242	244	6	252	255	253	0.984	0.969
LOKIASV2_3635_ESMFold_sulfite_exporter_TauE-SafE_family_protein	AF-A0A847GAY0-F1-model_v4	AF-A0A847GAY0-F1-model_v4 Sulfite exporter TauE/SafE family protein	8.859E-06	1.000	335	3	243	244	15	266	276	252	0.988	0.913
LOKIASV2_3635_ESMFold_sulfite_exporter_TauE-SafE_family_protein	AF-A0A0J1DCP0-F1-model_v4	AF-A0A0J1DCP0-F1-model_v4 Probable membrane transporter protein	5.716E-06	1.000	335	3	242	244	31	268	283	244	0.984	0.841
LOKIASV2_3635_ESMFold_sulfite_exporter_TauE-SafE_family_protein	AF-A0A3B9J9Q5-F1-model_v4	AF-A0A3B9J9Q5-F1-model_v4 Probable membrane transporter protein	1.258E-05	1.000	335	3	241	244	43	282	283	243	0.980	0.848
LOKIASV2_3635_ESMFold_sulfite_exporter_TauE-SafE_family_protein	AF-A0A511RHS6-F1-model_v4	AF-A0A511RHS6-F1-model_v4 Probable membrane transporter protein	4.025E-06	1.000	334	3	237	244	5	239	242	240	0.963	0.971
LOKIASV2_3635_ESMFold_sulfite_exporter_TauE-SafE_family_protein	AF-A0A3N1M950-F1-model_v4	AF-A0A3N1M950-F1-model_v4 Probable membrane transporter protein	4.394E-06	1.000	334	3	238	244	10	247	248	247	0.967	0.960
LOKIASV2_3635_ESMFold_sulfite_exporter_TauE-SafE_family_protein	AF-A0A380WIY4-F1-model_v4	AF-A0A380WIY4-F1-model_v4 Probable membrane transporter protein	6.811E-06	1.000	334	3	240	244	9	244	249	243	0.975	0.948
LOKIASV2_3635_ESMFold_sulfite_exporter_TauE-SafE_family_protein	AF-A0A086Y2N0-F1-model_v4	AF-A0A086Y2N0-F1-model_v4 Probable membrane transporter protein	4.394E-06	1.000	334	3	242	244	9	249	253	247	0.984	0.953
LOKIASV2_3635_ESMFold_sulfite_exporter_TauE-SafE_family_protein	AF-A0A6N9R6L9-F1-model_v4	AF-A0A6N9R6L9-F1-model_v4 Probable membrane transporter protein	1.499E-05	1.000	334	1	242	244	8	253	254	248	0.992	0.969
LOKIASV2_3635_ESMFold_sulfite_exporter_TauE-SafE_family_protein	AF-A0A5B8LX59-F1-model_v4	AF-A0A5B8LX59-F1-model_v4 Probable membrane transporter protein	4.206E-06	1.000	334	2	239	244	40	277	278	245	0.975	0.856
LOKIASV2_3635_ESMFold_sulfite_exporter_TauE-SafE_family_protein	AF-A0A1N6J9L7-F1-model_v4	AF-A0A1N6J9L7-F1-model_v4 Probable membrane transporter protein	7.768E-06	1.000	334	1	241	244	35	279	280	247	0.988	0.875
LOKIASV2_3635_ESMFold_sulfite_exporter_TauE-SafE_family_protein	AF-A0A4Y9NA17-F1-model_v4	AF-A0A4Y9NA17-F1-model_v4 Probable membrane transporter protein	1.056E-05	1.000	334	3	240	244	109	339	341	242	0.975	0.677
LOKIASV2_3635_ESMFold_sulfite_exporter_TauE-SafE_family_protein	AF-A0A2D5FVG0-F1-model_v4	AF-A0A2D5FVG0-F1-model_v4 Probable membrane transporter protein	2.086E-06	1.000	333	2	240	244	9	244	245	249	0.980	0.963
LOKIASV2_3635_ESMFold_sulfite_exporter_TauE-SafE_family_protein	AF-A0A512BRN4-F1-model_v4	AF-A0A512BRN4-F1-model_v4 Probable membrane transporter protein	8.116E-06	1.000	333	3	240	244	11	246	248	245	0.975	0.952
LOKIASV2_3635_ESMFold_sulfite_exporter_TauE-SafE_family_protein	AF-A0A537J3W5-F1-model_v4	AF-A0A537J3W5-F1-model_v4 Probable membrane transporter protein	6.239E-06	1.000	333	3	241	244	11	246	248	242	0.980	0.952
LOKIASV2_3635_ESMFold_sulfite_exporter_TauE-SafE_family_protein	AF-A0A520PGW7-F1-model_v4	AF-A0A520PGW7-F1-model_v4 Probable membrane transporter protein	3.688E-06	1.000	333	2	244	244	14	251	252	249	0.996	0.944
LOKIASV2_3635_ESMFold_sulfite_exporter_TauE-SafE_family_protein	AF-A0A370HLM4-F1-model_v4	AF-A0A370HLM4-F1-model_v4 Probable membrane transporter protein	1.535E-06	1.000	333	2	242	244	5	247	252	246	0.988	0.964
LOKIASV2_3635_ESMFold_sulfite_exporter_TauE-SafE_family_protein	AF-A0A2G4FAG3-F1-model_v4	AF-A0A2G4FAG3-F1-model_v4 Probable membrane transporter protein	1.373E-05	1.000	333	3	237	244	17	254	255	238	0.963	0.933
LOKIASV2_3635_ESMFold_sulfite_exporter_TauE-SafE_family_protein	AF-A0A836QSC8-F1-model_v4	AF-A0A836QSC8-F1-model_v4 Sulfite exporter TauE/SafE family protein	5.236E-06	1.000	333	2	243	244	35	276	278	250	0.992	0.871
LOKIASV2_3635_ESMFold_sulfite_exporter_TauE-SafE_family_protein	AF-M5EJB4-F1-model_v4	AF-M5EJB4-F1-model_v4 Probable membrane transporter protein	6.519E-06	1.000	333	3	242	244	14	253	301	240	0.984	0.797
LOKIASV2_3635_ESMFold_sulfite_exporter_TauE-SafE_family_protein	AF-A0A3D2BSC2-F1-model_v4	AF-A0A3D2BSC2-F1-model_v4 Probable membrane transporter protein	7.435E-06	1.000	332	5	241	244	2	236	237	247	0.971	0.992
LOKIASV2_3635_ESMFold_sulfite_exporter_TauE-SafE_family_protein	AF-A0A2S7CXI8-F1-model_v4	AF-A0A2S7CXI8-F1-model_v4 Probable membrane transporter protein	5.972E-06	1.000	332	3	241	244	11	246	247	253	0.980	0.955
LOKIASV2_3635_ESMFold_sulfite_exporter_TauE-SafE_family_protein	AF-A0A4T0UX03-F1-model_v4	AF-A0A4T0UX03-F1-model_v4 Probable membrane transporter protein	6.811E-06	1.000	332	2	237	244	15	251	252	247	0.967	0.940
LOKIASV2_3635_ESMFold_sulfite_exporter_TauE-SafE_family_protein	AF-A0A7H0GM93-F1-model_v4	AF-A0A7H0GM93-F1-model_v4 Probable membrane transporter protein	1.152E-05	1.000	332	1	238	244	29	264	265	241	0.975	0.891
LOKIASV2_3635_ESMFold_sulfite_exporter_TauE-SafE_family_protein	AF-E6J4P5-F1-model_v4	AF-E6J4P5-F1-model_v4 Probable membrane transporter protein	5.972E-06	1.000	332	2	240	244	7	249	296	247	0.980	0.821
LOKIASV2_3635_ESMFold_sulfite_exporter_TauE-SafE_family_protein	AF-A0A0J6FWK1-F1-model_v4	AF-A0A0J6FWK1-F1-model_v4 Probable membrane transporter protein	5.012E-06	1.000	331	3	241	244	11	246	247	245	0.980	0.955
LOKIASV2_3635_ESMFold_sulfite_exporter_TauE-SafE_family_protein	AF-A0A509EK14-F1-model_v4	AF-A0A509EK14-F1-model_v4 Probable membrane transporter protein	4.025E-06	1.000	331	2	242	244	6	243	248	241	0.988	0.960
LOKIASV2_3635_ESMFold_sulfite_exporter_TauE-SafE_family_protein	AF-A0A2P2CFT4-F1-model_v4	AF-A0A2P2CFT4-F1-model_v4 Sulfite exporter TauE/SafE	5.471E-06	1.000	331	3	237	244	8	246	248	239	0.963	0.964
LOKIASV2_3635_ESMFold_sulfite_exporter_TauE-SafE_family_protein	AF-A0A0H2MIP7-F1-model_v4	AF-A0A0H2MIP7-F1-model_v4 Probable membrane transporter protein	4.394E-06	1.000	331	2	242	244	8	250	251	250	0.988	0.968
LOKIASV2_3635_ESMFold_sulfite_exporter_TauE-SafE_family_protein	AF-A0A355B3Z4-F1-model_v4	AF-A0A355B3Z4-F1-model_v4 Probable membrane transporter protein	7.116E-06	1.000	331	3	242	244	39	277	280	247	0.984	0.854
LOKIASV2_3635_ESMFold_sulfite_exporter_TauE-SafE_family_protein	AF-A0A501WEN9-F1-model_v4	AF-A0A501WEN9-F1-model_v4 Probable membrane transporter protein	2.037E-05	1.000	331	3	242	244	78	317	318	249	0.984	0.755
LOKIASV2_3635_ESMFold_sulfite_exporter_TauE-SafE_family_protein	AF-A0A1E4BXW5-F1-model_v4	AF-A0A1E4BXW5-F1-model_v4 Probable membrane transporter protein	6.519E-06	1.000	330	3	241	244	9	245	246	246	0.980	0.963
LOKIASV2_3635_ESMFold_sulfite_exporter_TauE-SafE_family_protein	AF-V4RLS1-F1-model_v4	AF-V4RLS1-F1-model_v4 Probable membrane transporter protein	7.116E-06	1.000	330	3	242	244	10	247	248	250	0.984	0.960
LOKIASV2_3635_ESMFold_sulfite_exporter_TauE-SafE_family_protein	AF-A0A117S866-F1-model_v4	AF-A0A117S866-F1-model_v4 Probable membrane transporter protein	1.152E-05	1.000	330	2	237	244	14	249	251	241	0.967	0.940
LOKIASV2_3635_ESMFold_sulfite_exporter_TauE-SafE_family_protein	AF-A0A168TN32-F1-model_v4	AF-A0A168TN32-F1-model_v4 Probable membrane transporter protein	9.256E-06	1.000	330	3	240	244	19	254	256	246	0.975	0.922
LOKIASV2_3635_ESMFold_sulfite_exporter_TauE-SafE_family_protein	AF-A0A6M1PPY1-F1-model_v4	AF-A0A6M1PPY1-F1-model_v4 Probable membrane transporter protein	9.256E-06	1.000	330	2	241	244	31	268	269	245	0.984	0.885
LOKIASV2_3635_ESMFold_sulfite_exporter_TauE-SafE_family_protein	AF-A0A0H4XNE5-F1-model_v4	AF-A0A0H4XNE5-F1-model_v4 Probable membrane transporter protein	1.152E-05	1.000	330	1	240	244	1	246	287	253	0.984	0.857
LOKIASV2_3635_ESMFold_sulfite_exporter_TauE-SafE_family_protein	AF-A0A521TGV2-F1-model_v4	AF-A0A521TGV2-F1-model_v4 Probable membrane transporter protein	1.204E-05	1.000	329	1	238	244	1	238	239	244	0.975	0.996
LOKIASV2_3635_ESMFold_sulfite_exporter_TauE-SafE_family_protein	AF-A0A1Y2LB55-F1-model_v4	AF-A0A1Y2LB55-F1-model_v4 Probable membrane transporter protein	1.258E-05	1.000	329	1	241	244	4	243	244	247	0.988	0.984
LOKIASV2_3635_ESMFold_sulfite_exporter_TauE-SafE_family_protein	AF-A0A7C2FI87-F1-model_v4	AF-A0A7C2FI87-F1-model_v4 Probable membrane transporter protein	7.613E-07	1.000	329	2	238	244	9	245	246	242	0.971	0.963
LOKIASV2_3635_ESMFold_sulfite_exporter_TauE-SafE_family_protein	AF-A0A315BBD6-F1-model_v4	AF-A0A315BBD6-F1-model_v4 Probable membrane transporter protein	4.797E-06	1.000	329	3	238	244	16	249	250	244	0.967	0.936
LOKIASV2_3635_ESMFold_sulfite_exporter_TauE-SafE_family_protein	AF-A0A0J9E5A8-F1-model_v4	AF-A0A0J9E5A8-F1-model_v4 Probable membrane transporter protein	1.056E-05	1.000	329	1	241	244	5	249	250	249	0.988	0.980
LOKIASV2_3635_ESMFold_sulfite_exporter_TauE-SafE_family_protein	AF-A0A2U1UZJ8-F1-model_v4	AF-A0A2U1UZJ8-F1-model_v4 Probable membrane transporter protein	1.010E-05	1.000	329	3	241	244	80	316	317	246	0.980	0.748
LOKIASV2_3635_ESMFold_sulfite_exporter_TauE-SafE_family_protein	AF-A0A7C2LRV5-F1-model_v4	AF-A0A7C2LRV5-F1-model_v4 Probable membrane transporter protein	1.499E-05	1.000	328	3	240	244	11	246	247	239	0.975	0.955
LOKIASV2_3635_ESMFold_sulfite_exporter_TauE-SafE_family_protein	AF-A0A0S8C535-F1-model_v4	AF-A0A0S8C535-F1-model_v4 Probable membrane transporter protein	9.256E-06	1.000	328	3	241	244	13	249	250	245	0.980	0.948
LOKIASV2_3635_ESMFold_sulfite_exporter_TauE-SafE_family_protein	AF-A0A7W2GW66-F1-model_v4	AF-A0A7W2GW66-F1-model_v4 Probable membrane transporter protein	5.716E-06	1.000	328	4	244	244	13	252	253	246	0.988	0.949
LOKIASV2_3635_ESMFold_sulfite_exporter_TauE-SafE_family_protein	AF-A0A2D6VC53-F1-model_v4	AF-A0A2D6VC53-F1-model_v4 Probable membrane transporter protein	1.103E-05	1.000	328	2	242	244	14	255	261	247	0.988	0.927
LOKIASV2_3635_ESMFold_sulfite_exporter_TauE-SafE_family_protein	AF-Q12AT0-F1-model_v4	AF-Q12AT0-F1-model_v4 Probable membrane transporter protein	1.499E-05	1.000	328	3	243	244	21	259	278	244	0.988	0.860
LOKIASV2_3635_ESMFold_sulfite_exporter_TauE-SafE_family_protein	AF-U2YM78-F1-model_v4	AF-U2YM78-F1-model_v4 Ribokinase	3.095E-06	1.000	328	2	242	244	310	550	553	242	0.988	0.436
LOKIASV2_3635_ESMFold_sulfite_exporter_TauE-SafE_family_protein	AF-A0A3D2RRH4-F1-model_v4	AF-A0A3D2RRH4-F1-model_v4 Probable membrane transporter protein	1.535E-06	1.000	327	1	238	244	1	243	244	245	0.975	0.996
LOKIASV2_3635_ESMFold_sulfite_exporter_TauE-SafE_family_protein	AF-A0A2T6K549-F1-model_v4	AF-A0A2T6K549-F1-model_v4 Probable membrane transporter protein	1.010E-05	1.000	327	3	242	244	10	247	248	244	0.984	0.960
LOKIASV2_3635_ESMFold_sulfite_exporter_TauE-SafE_family_protein	AF-A0A239MBV4-F1-model_v4	AF-A0A239MBV4-F1-model_v4 Probable membrane transporter protein	2.597E-06	1.000	327	2	242	244	6	247	250	249	0.988	0.968
LOKIASV2_3635_ESMFold_sulfite_exporter_TauE-SafE_family_protein	AF-A0A6L6WM22-F1-model_v4	AF-A0A6L6WM22-F1-model_v4 Probable membrane transporter protein	6.389E-07	1.000	327	2	241	244	11	253	255	256	0.984	0.953
LOKIASV2_3635_ESMFold_sulfite_exporter_TauE-SafE_family_protein	AF-A0A4V1SB29-F1-model_v4	AF-A0A4V1SB29-F1-model_v4 Probable membrane transporter protein	1.866E-05	1.000	327	3	238	244	70	305	307	238	0.967	0.769
LOKIASV2_3635_ESMFold_sulfite_exporter_TauE-SafE_family_protein	AF-A0A3N1MCR2-F1-model_v4	AF-A0A3N1MCR2-F1-model_v4 Probable membrane transporter protein	6.239E-06	1.000	326	2	237	244	7	239	240	236	0.967	0.971
LOKIASV2_3635_ESMFold_sulfite_exporter_TauE-SafE_family_protein	AF-A0A1I0GIM5-F1-model_v4	AF-A0A1I0GIM5-F1-model_v4 Probable membrane transporter protein	5.236E-06	1.000	326	1	241	244	1	243	244	256	0.988	0.996
LOKIASV2_3635_ESMFold_sulfite_exporter_TauE-SafE_family_protein	AF-A0A661GB75-F1-model_v4	AF-A0A661GB75-F1-model_v4 Probable membrane transporter protein	1.258E-05	1.000	326	3	243	244	7	245	249	251	0.988	0.960
LOKIASV2_3635_ESMFold_sulfite_exporter_TauE-SafE_family_protein	AF-A0A6M9PPL9-F1-model_v4	AF-A0A6M9PPL9-F1-model_v4 Uncharacterized protein	6.519E-06	1.000	326	2	243	244	6	248	251	249	0.992	0.968
LOKIASV2_3635_ESMFold_sulfite_exporter_TauE-SafE_family_protein	AF-A0A3S1AX80-F1-model_v4	AF-A0A3S1AX80-F1-model_v4 Probable membrane transporter protein	7.116E-06	1.000	326	2	242	244	18	258	259	251	0.988	0.931
LOKIASV2_3635_ESMFold_sulfite_exporter_TauE-SafE_family_protein	AF-A0A7X6XQX7-F1-model_v4	AF-A0A7X6XQX7-F1-model_v4 Probable membrane transporter protein	2.128E-05	1.000	326	3	237	244	15	249	265	238	0.963	0.887
LOKIASV2_3635_ESMFold_sulfite_exporter_TauE-SafE_family_protein	AF-A0A430CJZ5-F1-model_v4	AF-A0A430CJZ5-F1-model_v4 Probable membrane transporter protein	6.675E-07	1.000	326	3	242	244	6	245	348	248	0.984	0.690
LOKIASV2_3635_ESMFold_sulfite_exporter_TauE-SafE_family_protein	AF-A0A1F4CIC8-F1-model_v4	AF-A0A1F4CIC8-F1-model_v4 Probable membrane transporter protein	4.394E-06	1.000	325	3	236	244	10	244	246	241	0.959	0.955
LOKIASV2_3635_ESMFold_sulfite_exporter_TauE-SafE_family_protein	AF-A0A2E7R853-F1-model_v4	AF-A0A2E7R853-F1-model_v4 Probable membrane transporter protein	1.103E-05	1.000	325	3	241	244	10	246	247	246	0.980	0.960
LOKIASV2_3635_ESMFold_sulfite_exporter_TauE-SafE_family_protein	AF-A0A1Z8VA35-F1-model_v4	AF-A0A1Z8VA35-F1-model_v4 Probable membrane transporter protein	9.671E-06	1.000	325	3	240	244	9	244	247	247	0.975	0.955
LOKIASV2_3635_ESMFold_sulfite_exporter_TauE-SafE_family_protein	AF-A0A7L9WS67-F1-model_v4	AF-A0A7L9WS67-F1-model_v4 TSUP family transporter	4.394E-06	1.000	325	2	243	244	6	246	248	244	0.992	0.972
LOKIASV2_3635_ESMFold_sulfite_exporter_TauE-SafE_family_protein	AF-A0A2M7YHS7-F1-model_v4	AF-A0A2M7YHS7-F1-model_v4 Probable membrane transporter protein	7.116E-06	1.000	325	1	238	244	1	250	251	257	0.975	0.996
LOKIASV2_3635_ESMFold_sulfite_exporter_TauE-SafE_family_protein	AF-A0A839PUX1-F1-model_v4	AF-A0A839PUX1-F1-model_v4 Uncharacterized protein	1.435E-05	1.000	325	3	242	244	12	249	309	247	0.984	0.770
LOKIASV2_3635_ESMFold_sulfite_exporter_TauE-SafE_family_protein	AF-F2N823-F1-model_v4	AF-F2N823-F1-model_v4 Probable membrane transporter protein	1.129E-06	1.000	324	1	239	244	5	247	248	243	0.980	0.980
LOKIASV2_3635_ESMFold_sulfite_exporter_TauE-SafE_family_protein	AF-A0A438AFQ4-F1-model_v4	AF-A0A438AFQ4-F1-model_v4 Probable membrane transporter protein	3.233E-06	1.000	324	3	242	244	6	249	250	252	0.984	0.976
LOKIASV2_3635_ESMFold_sulfite_exporter_TauE-SafE_family_protein	AF-A0A6L3ENX2-F1-model_v4	AF-A0A6L3ENX2-F1-model_v4 Probable membrane transporter protein	4.797E-06	1.000	324	3	242	244	14	249	250	245	0.984	0.944
LOKIASV2_3635_ESMFold_sulfite_exporter_TauE-SafE_family_protein	AF-A0A158KIN4-F1-model_v4	AF-A0A158KIN4-F1-model_v4 Probable membrane transporter protein	1.056E-05	1.000	324	3	243	244	9	250	253	247	0.988	0.957
LOKIASV2_3635_ESMFold_sulfite_exporter_TauE-SafE_family_protein	AF-A0A4Q1KK72-F1-model_v4	AF-A0A4Q1KK72-F1-model_v4 Probable membrane transporter protein	2.713E-06	1.000	324	3	244	244	14	255	256	252	0.992	0.945
LOKIASV2_3635_ESMFold_sulfite_exporter_TauE-SafE_family_protein	AF-A0A839TDV7-F1-model_v4	AF-A0A839TDV7-F1-model_v4 Uncharacterized protein	5.853E-07	1.000	324	3	243	244	15	255	257	251	0.988	0.938
LOKIASV2_3635_ESMFold_sulfite_exporter_TauE-SafE_family_protein	AF-A0A2D8R9P8-F1-model_v4	AF-A0A2D8R9P8-F1-model_v4 Probable membrane transporter protein	1.786E-05	1.000	324	3	244	244	19	260	260	248	0.992	0.931
LOKIASV2_3635_ESMFold_sulfite_exporter_TauE-SafE_family_protein	AF-A0A350FSG5-F1-model_v4	AF-A0A350FSG5-F1-model_v4 Probable membrane transporter protein	2.128E-05	1.000	323	3	242	244	12	249	250	247	0.984	0.952
LOKIASV2_3635_ESMFold_sulfite_exporter_TauE-SafE_family_protein	AF-A0A2E0RDK9-F1-model_v4	AF-A0A2E0RDK9-F1-model_v4 Probable membrane transporter protein	1.056E-05	1.000	323	1	242	244	17	258	259	249	0.992	0.934
LOKIASV2_3635_ESMFold_sulfite_exporter_TauE-SafE_family_protein	AF-A0A7X4EQ15-F1-model_v4	AF-A0A7X4EQ15-F1-model_v4 Probable membrane transporter protein	1.676E-06	1.000	323	3	242	244	35	272	273	248	0.984	0.872
LOKIASV2_3635_ESMFold_sulfite_exporter_TauE-SafE_family_protein	AF-A0A564WHF9-F1-model_v4	AF-A0A564WHF9-F1-model_v4 Probable membrane transporter protein	1.950E-05	1.000	323	3	241	244	39	275	276	243	0.980	0.859
LOKIASV2_3635_ESMFold_sulfite_exporter_TauE-SafE_family_protein	AF-A0A1H8JG16-F1-model_v4	AF-A0A1H8JG16-F1-model_v4 Probable membrane transporter protein	1.180E-06	1.000	323	3	242	244	43	280	281	247	0.984	0.847
LOKIASV2_3635_ESMFold_sulfite_exporter_TauE-SafE_family_protein	AF-A0A7X4CQ96-F1-model_v4	AF-A0A7X4CQ96-F1-model_v4 Probable membrane transporter protein	9.478E-07	1.000	323	3	238	244	37	281	282	248	0.967	0.869
LOKIASV2_3635_ESMFold_sulfite_exporter_TauE-SafE_family_protein	AF-A0A380T894-F1-model_v4	AF-A0A380T894-F1-model_v4 Putative membrane transporter protein	2.323E-05	1.000	322	1	241	244	7	245	246	245	0.988	0.972
LOKIASV2_3635_ESMFold_sulfite_exporter_TauE-SafE_family_protein	AF-A0A1G5N5Y3-F1-model_v4	AF-A0A1G5N5Y3-F1-model_v4 Probable membrane transporter protein	1.499E-05	1.000	322	3	242	244	6	243	249	245	0.984	0.956
LOKIASV2_3635_ESMFold_sulfite_exporter_TauE-SafE_family_protein	AF-A0A7X1E7R7-F1-model_v4	AF-A0A7X1E7R7-F1-model_v4 Probable membrane transporter protein	1.636E-05	1.000	322	1	241	244	5	249	250	247	0.988	0.980
LOKIASV2_3635_ESMFold_sulfite_exporter_TauE-SafE_family_protein	AF-A0A154VQB3-F1-model_v4	AF-A0A154VQB3-F1-model_v4 Probable membrane transporter protein	1.314E-05	1.000	322	2	243	244	10	249	251	251	0.992	0.956
LOKIASV2_3635_ESMFold_sulfite_exporter_TauE-SafE_family_protein	AF-A0A7T9EM85-F1-model_v4	AF-A0A7T9EM85-F1-model_v4 Probable membrane transporter protein	4.025E-06	1.000	322	3	242	244	8	244	252	243	0.984	0.940
LOKIASV2_3635_ESMFold_sulfite_exporter_TauE-SafE_family_protein	AF-A0A1B8TLS7-F1-model_v4	AF-A0A1B8TLS7-F1-model_v4 Probable membrane transporter protein	2.179E-06	1.000	322	3	242	244	17	258	262	247	0.984	0.924
LOKIASV2_3635_ESMFold_sulfite_exporter_TauE-SafE_family_protein	AF-A0A3C0FXF2-F1-model_v4	AF-A0A3C0FXF2-F1-model_v4 Probable membrane transporter protein	5.471E-06	1.000	321	26	242	244	3	218	222	217	0.889	0.973
LOKIASV2_3635_ESMFold_sulfite_exporter_TauE-SafE_family_protein	AF-A0A6M1LG78-F1-model_v4	AF-A0A6M1LG78-F1-model_v4 Probable membrane transporter protein	2.128E-05	1.000	321	2	240	244	6	240	242	245	0.980	0.971
LOKIASV2_3635_ESMFold_sulfite_exporter_TauE-SafE_family_protein	AF-A0A537SZN5-F1-model_v4	AF-A0A537SZN5-F1-model_v4 Probable membrane transporter protein	7.768E-06	1.000	321	3	241	244	9	245	246	249	0.980	0.963
LOKIASV2_3635_ESMFold_sulfite_exporter_TauE-SafE_family_protein	AF-A0A1V5N2R0-F1-model_v4	AF-A0A1V5N2R0-F1-model_v4 Probable membrane transporter protein	5.012E-06	1.000	321	1	240	244	6	248	249	244	0.984	0.976
LOKIASV2_3635_ESMFold_sulfite_exporter_TauE-SafE_family_protein	AF-A0A2N3KPV6-F1-model_v4	AF-A0A2N3KPV6-F1-model_v4 Probable membrane transporter protein	1.866E-05	1.000	321	3	242	244	8	247	251	246	0.984	0.956
LOKIASV2_3635_ESMFold_sulfite_exporter_TauE-SafE_family_protein	AF-A0A222F0D6-F1-model_v4	AF-A0A222F0D6-F1-model_v4 Probable membrane transporter protein	2.536E-05	1.000	321	3	242	244	15	252	256	243	0.984	0.930
LOKIASV2_3635_ESMFold_sulfite_exporter_TauE-SafE_family_protein	AF-A0A2E3IS76-F1-model_v4	AF-A0A2E3IS76-F1-model_v4 Probable membrane transporter protein	1.056E-05	1.000	321	2	242	244	7	257	262	255	0.988	0.958
LOKIASV2_3635_ESMFold_sulfite_exporter_TauE-SafE_family_protein	AF-A0A0M6YYY2-F1-model_v4	AF-A0A0M6YYY2-F1-model_v4 Probable membrane transporter protein	5.471E-06	1.000	321	3	243	244	33	266	267	251	0.988	0.876
LOKIASV2_3635_ESMFold_sulfite_exporter_TauE-SafE_family_protein	AF-A0A165STC7-F1-model_v4	AF-A0A165STC7-F1-model_v4 Probable membrane transporter protein	1.056E-05	1.000	321	2	242	244	82	319	320	243	0.988	0.744
LOKIASV2_3635_ESMFold_sulfite_exporter_TauE-SafE_family_protein	AF-A0A1V5UCK6-F1-model_v4	AF-A0A1V5UCK6-F1-model_v4 Probable membrane transporter protein	2.037E-05	1.000	320	26	237	244	9	220	221	212	0.869	0.959
LOKIASV2_3635_ESMFold_sulfite_exporter_TauE-SafE_family_protein	AF-A0A850LMX2-F1-model_v4	AF-A0A850LMX2-F1-model_v4 Sulfite exporter TauE/SafE family protein	1.373E-05	1.000	320	3	242	244	10	247	248	245	0.984	0.960
LOKIASV2_3635_ESMFold_sulfite_exporter_TauE-SafE_family_protein	AF-A0A2E6X621-F1-model_v4	AF-A0A2E6X621-F1-model_v4 Probable membrane transporter protein	2.893E-05	1.000	320	3	242	244	11	248	249	244	0.984	0.956
LOKIASV2_3635_ESMFold_sulfite_exporter_TauE-SafE_family_protein	AF-A0A520P8H2-F1-model_v4	AF-A0A520P8H2-F1-model_v4 Probable membrane transporter protein	9.256E-06	1.000	320	3	241	244	15	253	254	239	0.980	0.941
LOKIASV2_3635_ESMFold_sulfite_exporter_TauE-SafE_family_protein	AF-A0A0L1L3T7-F1-model_v4	AF-A0A0L1L3T7-F1-model_v4 Probable membrane transporter protein	1.566E-05	1.000	320	3	242	244	9	249	255	246	0.984	0.945
LOKIASV2_3635_ESMFold_sulfite_exporter_TauE-SafE_family_protein	AF-A0A2A9E4W0-F1-model_v4	AF-A0A2A9E4W0-F1-model_v4 Probable membrane transporter protein	5.012E-06	1.000	320	2	242	244	7	251	260	255	0.988	0.942
LOKIASV2_3635_ESMFold_sulfite_exporter_TauE-SafE_family_protein	AF-A0A7C7YKH6-F1-model_v4	AF-A0A7C7YKH6-F1-model_v4 Probable membrane transporter protein	7.435E-06	1.000	320	2	243	244	4	249	301	255	0.992	0.817
LOKIASV2_3635_ESMFold_sulfite_exporter_TauE-SafE_family_protein	AF-A0A849EAS8-F1-model_v4	AF-A0A849EAS8-F1-model_v4 Sulfite exporter TauE/SafE family protein	1.435E-05	1.000	319	8	241	244	2	235	237	243	0.959	0.987
LOKIASV2_3635_ESMFold_sulfite_exporter_TauE-SafE_family_protein	AF-A0A1I2USG9-F1-model_v4	AF-A0A1I2USG9-F1-model_v4 Probable membrane transporter protein	3.853E-06	1.000	319	3	240	244	9	247	248	251	0.975	0.964
LOKIASV2_3635_ESMFold_sulfite_exporter_TauE-SafE_family_protein	AF-A0A0B6WUG2-F1-model_v4	AF-A0A0B6WUG2-F1-model_v4 Probable membrane transporter protein	1.499E-05	1.000	319	2	243	244	9	254	257	251	0.992	0.957
LOKIASV2_3635_ESMFold_sulfite_exporter_TauE-SafE_family_protein	AF-A0A832HBQ9-F1-model_v4	AF-A0A832HBQ9-F1-model_v4 Sulfite exporter TauE/SafE family protein	7.435E-06	1.000	319	2	243	244	7	253	259	251	0.992	0.954
LOKIASV2_3635_ESMFold_sulfite_exporter_TauE-SafE_family_protein	AF-A0A2T0XKY4-F1-model_v4	AF-A0A2T0XKY4-F1-model_v4 Probable membrane transporter protein	1.950E-05	1.000	318	6	242	244	2	236	238	250	0.971	0.987
LOKIASV2_3635_ESMFold_sulfite_exporter_TauE-SafE_family_protein	AF-A0A351D1R1-F1-model_v4	AF-A0A351D1R1-F1-model_v4 Probable membrane transporter protein	7.435E-06	1.000	318	1	240	244	1	236	238	244	0.984	0.992
LOKIASV2_3635_ESMFold_sulfite_exporter_TauE-SafE_family_protein	AF-A0A520ZTF7-F1-model_v4	AF-A0A520ZTF7-F1-model_v4 Probable membrane transporter protein	6.239E-06	1.000	318	2	242	244	14	252	253	251	0.988	0.945
LOKIASV2_3635_ESMFold_sulfite_exporter_TauE-SafE_family_protein	AF-A0A848EEW5-F1-model_v4	AF-A0A848EEW5-F1-model_v4 Sulfite exporter TauE/SafE family protein	1.710E-05	1.000	318	3	240	244	9	250	253	247	0.975	0.957
LOKIASV2_3635_ESMFold_sulfite_exporter_TauE-SafE_family_protein	AF-A0A2T6DAE9-F1-model_v4	AF-A0A2T6DAE9-F1-model_v4 Probable membrane transporter protein	2.428E-05	1.000	318	2	240	244	20	258	264	249	0.980	0.905
LOKIASV2_3635_ESMFold_sulfite_exporter_TauE-SafE_family_protein	AF-A0A7C7WJS5-F1-model_v4	AF-A0A7C7WJS5-F1-model_v4 Probable membrane transporter protein	1.152E-05	1.000	318	3	241	244	23	262	271	245	0.980	0.886
LOKIASV2_3635_ESMFold_sulfite_exporter_TauE-SafE_family_protein	AF-A0A2Z5A9A6-F1-model_v4	AF-A0A2Z5A9A6-F1-model_v4 Probable membrane transporter protein	8.859E-06	1.000	317	2	242	244	5	243	249	250	0.988	0.960
LOKIASV2_3635_ESMFold_sulfite_exporter_TauE-SafE_family_protein	AF-A0A2E8E5B6-F1-model_v4	AF-A0A2E8E5B6-F1-model_v4 Probable membrane transporter protein	1.676E-06	1.000	316	3	240	244	7	245	248	246	0.975	0.964
LOKIASV2_3635_ESMFold_sulfite_exporter_TauE-SafE_family_protein	AF-A0A4Y9RGX1-F1-model_v4	AF-A0A4Y9RGX1-F1-model_v4 Probable membrane transporter protein	2.428E-05	1.000	316	3	244	244	10	249	249	250	0.992	0.964
LOKIASV2_3635_ESMFold_sulfite_exporter_TauE-SafE_family_protein	AF-A0A239IF95-F1-model_v4	AF-A0A239IF95-F1-model_v4 Probable membrane transporter protein	2.769E-05	1.000	316	2	242	244	8	247	253	243	0.988	0.949
LOKIASV2_3635_ESMFold_sulfite_exporter_TauE-SafE_family_protein	AF-A0A0Q4P6R8-F1-model_v4	AF-A0A0Q4P6R8-F1-model_v4 Probable membrane transporter protein	1.314E-05	1.000	316	3	242	244	8	253	255	253	0.984	0.965
LOKIASV2_3635_ESMFold_sulfite_exporter_TauE-SafE_family_protein	AF-A0A7Y1Z352-F1-model_v4	AF-A0A7Y1Z352-F1-model_v4 Probable membrane transporter protein	7.768E-06	1.000	316	2	242	244	20	258	259	244	0.988	0.923
LOKIASV2_3635_ESMFold_sulfite_exporter_TauE-SafE_family_protein	AF-A0A542ZCH2-F1-model_v4	AF-A0A542ZCH2-F1-model_v4 Probable membrane transporter protein	8.859E-06	1.000	315	2	243	244	6	244	246	252	0.992	0.972
LOKIASV2_3635_ESMFold_sulfite_exporter_TauE-SafE_family_protein	AF-A0A1M3LH51-F1-model_v4	AF-A0A1M3LH51-F1-model_v4 Probable membrane transporter protein	1.950E-05	1.000	315	3	238	244	14	245	246	243	0.967	0.943
LOKIASV2_3635_ESMFold_sulfite_exporter_TauE-SafE_family_protein	AF-A0A0Q6WJ51-F1-model_v4	AF-A0A0Q6WJ51-F1-model_v4 Probable membrane transporter protein	2.037E-05	1.000	315	3	240	244	7	251	254	253	0.975	0.965
LOKIASV2_3635_ESMFold_sulfite_exporter_TauE-SafE_family_protein	AF-A0A4R3UR84-F1-model_v4	AF-A0A4R3UR84-F1-model_v4 Probable membrane transporter protein	2.323E-05	1.000	314	3	240	244	6	244	246	247	0.975	0.972
LOKIASV2_3635_ESMFold_sulfite_exporter_TauE-SafE_family_protein	AF-A0A2S7DJ06-F1-model_v4	AF-A0A2S7DJ06-F1-model_v4 Probable membrane transporter protein	2.769E-05	1.000	314	3	241	244	11	246	247	245	0.980	0.955
LOKIASV2_3635_ESMFold_sulfite_exporter_TauE-SafE_family_protein	AF-D2S720-F1-model_v4	AF-D2S720-F1-model_v4 Probable membrane transporter protein	9.256E-06	1.000	314	3	242	244	11	246	248	249	0.984	0.952
LOKIASV2_3635_ESMFold_sulfite_exporter_TauE-SafE_family_protein	AF-A0A6M1M0D6-F1-model_v4	AF-A0A6M1M0D6-F1-model_v4 Probable membrane transporter protein	2.224E-05	1.000	314	3	238	244	54	287	291	243	0.967	0.804
LOKIASV2_3635_ESMFold_sulfite_exporter_TauE-SafE_family_protein	AF-A0A2E2B0V8-F1-model_v4	AF-A0A2E2B0V8-F1-model_v4 Probable membrane transporter protein	1.710E-05	1.000	314	2	237	244	64	300	302	244	0.967	0.785
LOKIASV2_3635_ESMFold_sulfite_exporter_TauE-SafE_family_protein	AF-A0A0Q9SBV7-F1-model_v4	AF-A0A0Q9SBV7-F1-model_v4 Probable membrane transporter protein	2.536E-05	1.000	313	1	234	244	1	240	242	240	0.959	0.992
LOKIASV2_3635_ESMFold_sulfite_exporter_TauE-SafE_family_protein	AF-A0A5C5TQL5-F1-model_v4	AF-A0A5C5TQL5-F1-model_v4 Probable membrane transporter protein	1.499E-05	1.000	313	3	237	244	11	243	247	241	0.963	0.943
LOKIASV2_3635_ESMFold_sulfite_exporter_TauE-SafE_family_protein	AF-A0A7X2FUK6-F1-model_v4	AF-A0A7X2FUK6-F1-model_v4 Probable membrane transporter protein	1.786E-05	1.000	313	3	242	244	11	248	249	247	0.984	0.956
LOKIASV2_3635_ESMFold_sulfite_exporter_TauE-SafE_family_protein	AF-A0A177HDF3-F1-model_v4	AF-A0A177HDF3-F1-model_v4 Probable membrane transporter protein	3.601E-05	1.000	313	3	241	244	19	252	253	241	0.980	0.925
LOKIASV2_3635_ESMFold_sulfite_exporter_TauE-SafE_family_protein	AF-A0A6B1F2C7-F1-model_v4	AF-A0A6B1F2C7-F1-model_v4 Probable membrane transporter protein	2.277E-06	1.000	313	3	241	244	16	254	255	247	0.980	0.937
LOKIASV2_3635_ESMFold_sulfite_exporter_TauE-SafE_family_protein	AF-A0A5E4UE98-F1-model_v4	AF-A0A5E4UE98-F1-model_v4 Probable membrane transporter protein	1.950E-05	1.000	313	3	241	244	17	256	257	247	0.980	0.934
LOKIASV2_3635_ESMFold_sulfite_exporter_TauE-SafE_family_protein	AF-A0A3N5NL04-F1-model_v4	AF-A0A3N5NL04-F1-model_v4 Probable membrane transporter protein	1.373E-05	1.000	312	3	230	244	12	244	246	238	0.934	0.947
LOKIASV2_3635_ESMFold_sulfite_exporter_TauE-SafE_family_protein	AF-A0A316MJ87-F1-model_v4	AF-A0A316MJ87-F1-model_v4 Probable membrane transporter protein	9.903E-07	1.000	312	3	241	244	10	245	246	245	0.980	0.959
LOKIASV2_3635_ESMFold_sulfite_exporter_TauE-SafE_family_protein	AF-A0A5P9EW26-F1-model_v4	AF-A0A5P9EW26-F1-model_v4 Probable membrane transporter protein	8.480E-06	1.000	312	3	242	244	6	241	248	246	0.984	0.952
LOKIASV2_3635_ESMFold_sulfite_exporter_TauE-SafE_family_protein	AF-A0A1W9VAQ7-F1-model_v4	AF-A0A1W9VAQ7-F1-model_v4 Probable membrane transporter protein	3.022E-05	1.000	312	2	238	244	13	248	249	241	0.971	0.948
LOKIASV2_3635_ESMFold_sulfite_exporter_TauE-SafE_family_protein	AF-A0A4R1L9G5-F1-model_v4	AF-A0A4R1L9G5-F1-model_v4 Probable membrane transporter protein	2.128E-05	1.000	312	2	237	244	17	250	252	243	0.967	0.929
LOKIASV2_3635_ESMFold_sulfite_exporter_TauE-SafE_family_protein	AF-C4GLY1-F1-model_v4	AF-C4GLY1-F1-model_v4 Probable membrane transporter protein	4.394E-06	1.000	312	2	243	244	9	251	253	253	0.992	0.960
LOKIASV2_3635_ESMFold_sulfite_exporter_TauE-SafE_family_protein	AF-A0A3P1Y604-F1-model_v4	AF-A0A3P1Y604-F1-model_v4 Probable membrane transporter protein	2.650E-05	1.000	312	3	239	244	57	293	294	242	0.971	0.806
LOKIASV2_3635_ESMFold_sulfite_exporter_TauE-SafE_family_protein	AF-A0A2E7F5R5-F1-model_v4	AF-A0A2E7F5R5-F1-model_v4 Probable membrane transporter protein	4.107E-05	1.000	311	3	238	244	15	246	247	237	0.967	0.939
LOKIASV2_3635_ESMFold_sulfite_exporter_TauE-SafE_family_protein	AF-A0A2E7HCL4-F1-model_v4	AF-A0A2E7HCL4-F1-model_v4 Probable membrane transporter protein	2.536E-05	1.000	311	3	241	244	12	248	250	243	0.980	0.948
LOKIASV2_3635_ESMFold_sulfite_exporter_TauE-SafE_family_protein	AF-A0A7V9IMU5-F1-model_v4	AF-A0A7V9IMU5-F1-model_v4 Probable membrane transporter protein	1.950E-05	1.000	311	4	238	244	20	252	253	242	0.963	0.921
LOKIASV2_3635_ESMFold_sulfite_exporter_TauE-SafE_family_protein	AF-A0A518G0L5-F1-model_v4	AF-A0A518G0L5-F1-model_v4 Probable membrane transporter protein	5.114E-05	1.000	311	2	238	244	24	259	290	241	0.971	0.814
LOKIASV2_3635_ESMFold_sulfite_exporter_TauE-SafE_family_protein	AF-A0A4Q7WEM8-F1-model_v4	AF-A0A4Q7WEM8-F1-model_v4 Probable membrane transporter protein	2.428E-05	1.000	311	2	240	244	7	249	698	249	0.980	0.348
LOKIASV2_3635_ESMFold_sulfite_exporter_TauE-SafE_family_protein	AF-A0A1I3YE30-F1-model_v4	AF-A0A1I3YE30-F1-model_v4 Probable membrane transporter protein	2.323E-05	1.000	310	3	241	244	13	249	250	249	0.980	0.948
LOKIASV2_3635_ESMFold_sulfite_exporter_TauE-SafE_family_protein	AF-A0A2D7ZB69-F1-model_v4	AF-A0A2D7ZB69-F1-model_v4 Probable membrane transporter protein	5.716E-06	1.000	310	2	244	244	15	256	256	250	0.996	0.945
LOKIASV2_3635_ESMFold_sulfite_exporter_TauE-SafE_family_protein	AF-A0A2A9LUS6-F1-model_v4	AF-A0A2A9LUS6-F1-model_v4 Probable membrane transporter protein	2.323E-05	1.000	310	3	241	244	46	282	283	249	0.980	0.837
LOKIASV2_3635_ESMFold_sulfite_exporter_TauE-SafE_family_protein	AF-A0A3D2CET2-F1-model_v4	AF-A0A3D2CET2-F1-model_v4 Probable membrane transporter protein	9.256E-06	1.000	309	2	238	244	6	242	243	242	0.971	0.975
LOKIASV2_3635_ESMFold_sulfite_exporter_TauE-SafE_family_protein	AF-A0A524KPK7-F1-model_v4	AF-A0A524KPK7-F1-model_v4 Probable membrane transporter protein	2.536E-05	1.000	309	3	241	244	10	246	247	246	0.980	0.960
LOKIASV2_3635_ESMFold_sulfite_exporter_TauE-SafE_family_protein	AF-B2JWC5-F1-model_v4	AF-B2JWC5-F1-model_v4 Probable membrane transporter protein	2.323E-05	1.000	309	3	242	244	9	249	253	246	0.984	0.953
LOKIASV2_3635_ESMFold_sulfite_exporter_TauE-SafE_family_protein	AF-A0A0F7PHM5-F1-model_v4	AF-A0A0F7PHM5-F1-model_v4 Probable membrane transporter protein	1.258E-05	1.000	309	2	242	244	19	260	261	250	0.988	0.927
LOKIASV2_3635_ESMFold_sulfite_exporter_TauE-SafE_family_protein	AF-A0A3M1MEZ0-F1-model_v4	AF-A0A3M1MEZ0-F1-model_v4 Probable membrane transporter protein	6.094E-05	1.000	309	3	237	244	13	246	289	237	0.963	0.810
LOKIASV2_3635_ESMFold_sulfite_exporter_TauE-SafE_family_protein	AF-A0A2A4ZKH7-F1-model_v4	AF-A0A2A4ZKH7-F1-model_v4 Probable membrane transporter protein	5.114E-05	1.000	308	2	241	244	10	246	247	240	0.984	0.960
LOKIASV2_3635_ESMFold_sulfite_exporter_TauE-SafE_family_protein	AF-A0A432FG55-F1-model_v4	AF-A0A432FG55-F1-model_v4 Probable membrane transporter protein	1.435E-05	1.000	308	3	237	244	12	248	250	246	0.963	0.948
LOKIASV2_3635_ESMFold_sulfite_exporter_TauE-SafE_family_protein	AF-A0A7Y6PJZ6-F1-model_v4	AF-A0A7Y6PJZ6-F1-model_v4 Probable membrane transporter protein	2.037E-05	1.000	308	2	240	244	8	250	252	249	0.980	0.964
LOKIASV2_3635_ESMFold_sulfite_exporter_TauE-SafE_family_protein	AF-A0A368E426-F1-model_v4	AF-A0A368E426-F1-model_v4 Probable membrane transporter protein	1.314E-05	1.000	308	3	240	244	12	252	253	243	0.975	0.953
LOKIASV2_3635_ESMFold_sulfite_exporter_TauE-SafE_family_protein	AF-A0A246QEQ5-F1-model_v4	AF-A0A246QEQ5-F1-model_v4 Probable membrane transporter protein	1.056E-05	1.000	308	3	238	244	19	252	254	245	0.967	0.921
LOKIASV2_3635_ESMFold_sulfite_exporter_TauE-SafE_family_protein	AF-A0A7X3QFW8-F1-model_v4	AF-A0A7X3QFW8-F1-model_v4 Probable membrane transporter protein	4.206E-06	1.000	308	3	244	244	40	281	281	249	0.992	0.861
LOKIASV2_3635_ESMFold_sulfite_exporter_TauE-SafE_family_protein	AF-A0A0A7PLU1-F1-model_v4	AF-A0A0A7PLU1-F1-model_v4 Probable membrane transporter protein	4.685E-05	1.000	307	3	241	244	11	247	248	243	0.980	0.956
LOKIASV2_3635_ESMFold_sulfite_exporter_TauE-SafE_family_protein	AF-A0A2E1PCT2-F1-model_v4	AF-A0A2E1PCT2-F1-model_v4 Probable membrane transporter protein	4.591E-06	1.000	307	2	244	244	7	248	248	247	0.996	0.976
LOKIASV2_3635_ESMFold_sulfite_exporter_TauE-SafE_family_protein	AF-A0A3D3ASS6-F1-model_v4	AF-A0A3D3ASS6-F1-model_v4 Probable membrane transporter protein	6.239E-06	1.000	307	2	243	244	6	245	250	252	0.992	0.960
LOKIASV2_3635_ESMFold_sulfite_exporter_TauE-SafE_family_protein	AF-A0A5C7N9E1-F1-model_v4	AF-A0A5C7N9E1-F1-model_v4 Probable membrane transporter protein	2.835E-06	1.000	307	3	240	244	14	252	253	254	0.975	0.945
LOKIASV2_3635_ESMFold_sulfite_exporter_TauE-SafE_family_protein	AF-A0A519JAH3-F1-model_v4	AF-A0A519JAH3-F1-model_v4 Probable membrane transporter protein	1.710E-05	1.000	307	3	242	244	49	289	296	255	0.984	0.814
LOKIASV2_3635_ESMFold_sulfite_exporter_TauE-SafE_family_protein	AF-A0A132EFR3-F1-model_v4	AF-A0A132EFR3-F1-model_v4 Probable membrane transporter protein	1.950E-05	1.000	306	2	241	244	8	248	255	246	0.984	0.945
LOKIASV2_3635_ESMFold_sulfite_exporter_TauE-SafE_family_protein	AF-A0A2E2E5D3-F1-model_v4	AF-A0A2E2E5D3-F1-model_v4 Probable membrane transporter protein	2.536E-05	1.000	305	3	241	244	9	244	245	242	0.980	0.963
LOKIASV2_3635_ESMFold_sulfite_exporter_TauE-SafE_family_protein	AF-A0A3C0JCH0-F1-model_v4	AF-A0A3C0JCH0-F1-model_v4 Probable membrane transporter protein	2.893E-05	1.000	305	3	240	244	12	247	249	243	0.975	0.948
LOKIASV2_3635_ESMFold_sulfite_exporter_TauE-SafE_family_protein	AF-A0A353DU77-F1-model_v4	AF-A0A353DU77-F1-model_v4 Probable membrane transporter protein	3.763E-05	1.000	305	2	238	244	13	248	249	245	0.971	0.948
LOKIASV2_3635_ESMFold_sulfite_exporter_TauE-SafE_family_protein	AF-A0A2E3AG15-F1-model_v4	AF-A0A2E3AG15-F1-model_v4 Probable membrane transporter protein	9.256E-06	1.000	305	3	243	244	9	248	250	243	0.988	0.960
LOKIASV2_3635_ESMFold_sulfite_exporter_TauE-SafE_family_protein	AF-A0A4P7ABM7-F1-model_v4	AF-A0A4P7ABM7-F1-model_v4 Probable membrane transporter protein	2.323E-05	1.000	305	3	241	244	12	250	253	251	0.980	0.945
LOKIASV2_3635_ESMFold_sulfite_exporter_TauE-SafE_family_protein	AF-A0A1D9HAX2-F1-model_v4	AF-A0A1D9HAX2-F1-model_v4 Probable membrane transporter protein	1.866E-05	1.000	305	3	243	244	8	249	256	247	0.988	0.945
LOKIASV2_3635_ESMFold_sulfite_exporter_TauE-SafE_family_protein	AF-A0A4V0XFP4-F1-model_v4	AF-A0A4V0XFP4-F1-model_v4 Probable membrane transporter protein	8.480E-06	1.000	304	2	242	244	5	238	242	248	0.988	0.967
LOKIASV2_3635_ESMFold_sulfite_exporter_TauE-SafE_family_protein	AF-A0A840V4D4-F1-model_v4	AF-A0A840V4D4-F1-model_v4 Uncharacterized protein	3.601E-05	1.000	304	3	242	244	10	247	249	246	0.984	0.956
LOKIASV2_3635_ESMFold_sulfite_exporter_TauE-SafE_family_protein	AF-A0A2N8G616-F1-model_v4	AF-A0A2N8G616-F1-model_v4 Probable membrane transporter protein	1.866E-05	1.000	304	3	244	244	9	250	250	251	0.992	0.968
LOKIASV2_3635_ESMFold_sulfite_exporter_TauE-SafE_family_protein	AF-A0A375J5C6-F1-model_v4	AF-A0A375J5C6-F1-model_v4 Probable membrane transporter protein	2.128E-05	1.000	304	3	243	244	35	272	279	248	0.988	0.853
LOKIASV2_3635_ESMFold_sulfite_exporter_TauE-SafE_family_protein	AF-A0A2N4VBS5-F1-model_v4	AF-A0A2N4VBS5-F1-model_v4 Probable membrane transporter protein	2.128E-05	1.000	303	1	240	244	13	250	251	254	0.984	0.948
LOKIASV2_3635_ESMFold_sulfite_exporter_TauE-SafE_family_protein	AF-A0A840SWQ5-F1-model_v4	AF-A0A840SWQ5-F1-model_v4 Uncharacterized protein	1.204E-05	1.000	303	3	243	244	14	250	253	242	0.988	0.937
LOKIASV2_3635_ESMFold_sulfite_exporter_TauE-SafE_family_protein	AF-A0A536RH75-F1-model_v4	AF-A0A536RH75-F1-model_v4 Probable membrane transporter protein	3.763E-05	1.000	303	3	242	244	141	377	378	243	0.984	0.627
LOKIASV2_3635_ESMFold_sulfite_exporter_TauE-SafE_family_protein	AF-A0A0P6VLL9-F1-model_v4	AF-A0A0P6VLL9-F1-model_v4 Probable membrane transporter protein	3.299E-05	1.000	302	3	242	244	6	241	242	244	0.984	0.975
LOKIASV2_3635_ESMFold_sulfite_exporter_TauE-SafE_family_protein	AF-A0A2G2LJ49-F1-model_v4	AF-A0A2G2LJ49-F1-model_v4 Probable membrane transporter protein	5.582E-05	1.000	302	2	238	244	6	242	243	241	0.971	0.975
LOKIASV2_3635_ESMFold_sulfite_exporter_TauE-SafE_family_protein	AF-A0A2R8C1H7-F1-model_v4	AF-A0A2R8C1H7-F1-model_v4 Probable membrane transporter protein	3.931E-05	1.000	302	3	240	244	12	249	251	242	0.975	0.948
LOKIASV2_3635_ESMFold_sulfite_exporter_TauE-SafE_family_protein	AF-A0A2T5HT90-F1-model_v4	AF-A0A2T5HT90-F1-model_v4 Probable membrane transporter protein	1.288E-06	1.000	302	3	241	244	17	255	256	251	0.980	0.934
LOKIASV2_3635_ESMFold_sulfite_exporter_TauE-SafE_family_protein	AF-A0A533QK34-F1-model_v4	AF-A0A533QK34-F1-model_v4 Probable membrane transporter protein	2.769E-05	1.000	301	3	243	244	8	252	254	249	0.988	0.965
LOKIASV2_3635_ESMFold_sulfite_exporter_TauE-SafE_family_protein	AF-A0A428YKI5-F1-model_v4	AF-A0A428YKI5-F1-model_v4 Probable membrane transporter protein	3.022E-05	1.000	301	2	240	244	6	248	342	253	0.980	0.711
LOKIASV2_3635_ESMFold_sulfite_exporter_TauE-SafE_family_protein	AF-A0A2G4JHV1-F1-model_v4	AF-A0A2G4JHV1-F1-model_v4 Probable membrane transporter protein	2.769E-05	1.000	300	3	242	244	7	243	247	243	0.984	0.960
LOKIASV2_3635_ESMFold_sulfite_exporter_TauE-SafE_family_protein	AF-A0A7V1Y6P0-F1-model_v4	AF-A0A7V1Y6P0-F1-model_v4 Probable membrane transporter protein	8.281E-05	1.000	300	3	244	244	8	251	281	247	0.992	0.868
LOKIASV2_3635_ESMFold_sulfite_exporter_TauE-SafE_family_protein	AF-A0A1I1THC4-F1-model_v4	AF-A0A1I1THC4-F1-model_v4 Probable membrane transporter protein	6.367E-05	1.000	300	3	238	244	52	286	287	239	0.967	0.819
LOKIASV2_3635_ESMFold_sulfite_exporter_TauE-SafE_family_protein	AF-A0A7V2G500-F1-model_v4	AF-A0A7V2G500-F1-model_v4 Probable membrane transporter protein	2.128E-05	1.000	299	2	238	244	11	246	248	241	0.971	0.952
LOKIASV2_3635_ESMFold_sulfite_exporter_TauE-SafE_family_protein	AF-A0A6L3AHN7-F1-model_v4	AF-A0A6L3AHN7-F1-model_v4 Probable membrane transporter protein	3.601E-05	1.000	299	1	243	244	6	252	259	252	0.996	0.954
LOKIASV2_3635_ESMFold_sulfite_exporter_TauE-SafE_family_protein	AF-A0A0Q8LN09-F1-model_v4	AF-A0A0Q8LN09-F1-model_v4 Probable membrane transporter protein	1.950E-05	1.000	299	3	238	244	27	265	266	242	0.967	0.898
LOKIASV2_3635_ESMFold_sulfite_exporter_TauE-SafE_family_protein	AF-A0A521LP41-F1-model_v4	AF-A0A521LP41-F1-model_v4 Probable membrane transporter protein	1.866E-05	1.000	298	3	241	244	10	246	247	251	0.980	0.960
LOKIASV2_3635_ESMFold_sulfite_exporter_TauE-SafE_family_protein	AF-A0A3D0IZX0-F1-model_v4	AF-A0A3D0IZX0-F1-model_v4 Probable membrane transporter protein	4.685E-05	1.000	298	2	237	244	10	245	248	237	0.967	0.952
LOKIASV2_3635_ESMFold_sulfite_exporter_TauE-SafE_family_protein	AF-A0A845H7B0-F1-model_v4	AF-A0A845H7B0-F1-model_v4 TSUP family transporter	3.022E-05	1.000	298	2	242	244	10	250	254	249	0.988	0.949
LOKIASV2_3635_ESMFold_sulfite_exporter_TauE-SafE_family_protein	AF-J2WRZ5-F1-model_v4	AF-J2WRZ5-F1-model_v4 Probable membrane transporter protein	5.343E-05	1.000	298	3	244	244	15	256	257	247	0.992	0.942
LOKIASV2_3635_ESMFold_sulfite_exporter_TauE-SafE_family_protein	AF-A0A7C4G7K8-F1-model_v4	AF-A0A7C4G7K8-F1-model_v4 Probable membrane transporter protein	4.291E-05	1.000	298	3	242	244	10	266	272	264	0.984	0.945
LOKIASV2_3635_ESMFold_sulfite_exporter_TauE-SafE_family_protein	AF-A0A420B2Y3-F1-model_v4	AF-A0A420B2Y3-F1-model_v4 Probable membrane transporter protein	3.763E-05	1.000	298	3	242	244	40	277	281	251	0.984	0.847
LOKIASV2_3635_ESMFold_sulfite_exporter_TauE-SafE_family_protein	AF-A0A355B2G4-F1-model_v4	AF-A0A355B2G4-F1-model_v4 Probable membrane transporter protein	4.107E-05	1.000	297	3	240	244	7	242	247	242	0.975	0.955
LOKIASV2_3635_ESMFold_sulfite_exporter_TauE-SafE_family_protein	AF-A0A4U6BJ96-F1-model_v4	AF-A0A4U6BJ96-F1-model_v4 Probable membrane transporter protein	7.586E-05	1.000	297	3	242	244	10	247	253	249	0.984	0.941
LOKIASV2_3635_ESMFold_sulfite_exporter_TauE-SafE_family_protein	AF-A0A2N1IV14-F1-model_v4	AF-A0A2N1IV14-F1-model_v4 Probable membrane transporter protein	3.763E-05	1.000	297	3	240	244	19	254	254	247	0.975	0.929
LOKIASV2_3635_ESMFold_sulfite_exporter_TauE-SafE_family_protein	AF-A0A382LLV9-F1-model_v4	AF-A0A382LLV9-F1-model_v4 Uncharacterized protein	6.519E-06	1.000	297	3	240	244	49	284	286	244	0.975	0.825
LOKIASV2_3635_ESMFold_sulfite_exporter_TauE-SafE_family_protein	AF-A0A2E3HCZ1-F1-model_v4	AF-A0A2E3HCZ1-F1-model_v4 Probable membrane transporter protein	1.031E-04	1.000	296	3	237	244	12	245	247	236	0.963	0.947
LOKIASV2_3635_ESMFold_sulfite_exporter_TauE-SafE_family_protein	AF-A0A2E0F7K3-F1-model_v4	AF-A0A2E0F7K3-F1-model_v4 Probable membrane transporter protein	6.239E-06	1.000	296	3	240	244	13	246	247	245	0.975	0.947
LOKIASV2_3635_ESMFold_sulfite_exporter_TauE-SafE_family_protein	AF-A0A1G9GF72-F1-model_v4	AF-A0A1G9GF72-F1-model_v4 Probable membrane transporter protein	1.258E-05	1.000	296	3	241	244	7	247	248	242	0.980	0.972
LOKIASV2_3635_ESMFold_sulfite_exporter_TauE-SafE_family_protein	AF-A0A2A5DC97-F1-model_v4	AF-A0A2A5DC97-F1-model_v4 Probable membrane transporter protein	2.037E-05	1.000	295	1	240	244	1	245	245	249	0.984	1.000
LOKIASV2_3635_ESMFold_sulfite_exporter_TauE-SafE_family_protein	AF-A0A5C0AX52-F1-model_v4	AF-A0A5C0AX52-F1-model_v4 Probable membrane transporter protein	5.343E-05	1.000	295	2	241	244	8	245	246	247	0.984	0.967
LOKIASV2_3635_ESMFold_sulfite_exporter_TauE-SafE_family_protein	AF-A0A2V3W520-F1-model_v4	AF-A0A2V3W520-F1-model_v4 Probable membrane transporter protein	1.401E-04	1.000	295	2	238	244	10	246	247	239	0.971	0.960
LOKIASV2_3635_ESMFold_sulfite_exporter_TauE-SafE_family_protein	AF-A0A4S5DAZ5-F1-model_v4	AF-A0A4S5DAZ5-F1-model_v4 Probable membrane transporter protein	5.832E-05	1.000	295	3	241	244	12	248	249	249	0.980	0.952
LOKIASV2_3635_ESMFold_sulfite_exporter_TauE-SafE_family_protein	AF-A0A542BBN2-F1-model_v4	AF-A0A542BBN2-F1-model_v4 Probable membrane transporter protein	2.323E-05	1.000	295	3	241	244	43	279	280	251	0.980	0.846
LOKIASV2_3635_ESMFold_sulfite_exporter_TauE-SafE_family_protein	AF-A0A0H5CZK0-F1-model_v4	AF-A0A0H5CZK0-F1-model_v4 Probable membrane transporter protein	1.204E-05	1.000	295	3	241	244	43	281	282	252	0.980	0.848
LOKIASV2_3635_ESMFold_sulfite_exporter_TauE-SafE_family_protein	AF-A0A521TF39-F1-model_v4	AF-A0A521TF39-F1-model_v4 Probable membrane transporter protein	3.299E-05	1.000	295	2	241	244	4	247	289	252	0.984	0.844
LOKIASV2_3635_ESMFold_sulfite_exporter_TauE-SafE_family_protein	AF-A0A5S4H8C6-F1-model_v4	AF-A0A5S4H8C6-F1-model_v4 Probable membrane transporter protein	2.128E-05	1.000	295	2	240	244	5	247	758	251	0.980	0.321
LOKIASV2_3635_ESMFold_sulfite_exporter_TauE-SafE_family_protein	AF-A0A3B9ZP58-F1-model_v4	AF-A0A3B9ZP58-F1-model_v4 Probable membrane transporter protein	1.950E-05	1.000	294	3	237	244	8	242	243	237	0.963	0.967
LOKIASV2_3635_ESMFold_sulfite_exporter_TauE-SafE_family_protein	AF-A0A7Y2BM51-F1-model_v4	AF-A0A7Y2BM51-F1-model_v4 Probable membrane transporter protein	5.832E-05	1.000	294	3	241	244	10	246	247	249	0.980	0.960
LOKIASV2_3635_ESMFold_sulfite_exporter_TauE-SafE_family_protein	AF-A0A1W9KM13-F1-model_v4	AF-A0A1W9KM13-F1-model_v4 Probable membrane transporter protein	2.536E-05	1.000	294	3	243	244	7	244	251	242	0.988	0.948
LOKIASV2_3635_ESMFold_sulfite_exporter_TauE-SafE_family_protein	AF-A0A6N4RD38-F1-model_v4	AF-A0A6N4RD38-F1-model_v4 Uncharacterized protein	7.586E-05	1.000	294	3	244	244	12	253	253	249	0.992	0.957
LOKIASV2_3635_ESMFold_sulfite_exporter_TauE-SafE_family_protein	AF-A0A6N8Y020-F1-model_v4	AF-A0A6N8Y020-F1-model_v4 Probable membrane transporter protein	9.671E-06	1.000	294	3	242	244	41	280	285	257	0.984	0.842
LOKIASV2_3635_ESMFold_sulfite_exporter_TauE-SafE_family_protein	AF-A0A4P7RCY8-F1-model_v4	AF-A0A4P7RCY8-F1-model_v4 Probable membrane transporter protein	6.239E-06	1.000	293	3	242	244	40	280	289	256	0.984	0.834
LOKIASV2_3635_ESMFold_sulfite_exporter_TauE-SafE_family_protein	AF-A0A7X5FTR9-F1-model_v4	AF-A0A7X5FTR9-F1-model_v4 Probable membrane transporter protein	1.786E-05	1.000	292	3	240	244	15	250	251	251	0.975	0.940
LOKIASV2_3635_ESMFold_sulfite_exporter_TauE-SafE_family_protein	AF-A0A4Q3ZBK3-F1-model_v4	AF-A0A4Q3ZBK3-F1-model_v4 Probable membrane transporter protein	1.866E-05	1.000	291	12	240	244	2	230	233	234	0.939	0.983
LOKIASV2_3635_ESMFold_sulfite_exporter_TauE-SafE_family_protein	AF-A0A4Y6RUF1-F1-model_v4	AF-A0A4Y6RUF1-F1-model_v4 Probable membrane transporter protein	5.471E-06	1.000	291	3	243	244	8	241	242	256	0.988	0.967
LOKIASV2_3635_ESMFold_sulfite_exporter_TauE-SafE_family_protein	AF-A0A136KZZ4-F1-model_v4	AF-A0A136KZZ4-F1-model_v4 Probable membrane transporter protein	1.566E-05	1.000	291	2	244	244	7	253	253	254	0.996	0.976
LOKIASV2_3635_ESMFold_sulfite_exporter_TauE-SafE_family_protein	AF-A0A2P6GCM0-F1-model_v4	AF-A0A2P6GCM0-F1-model_v4 Probable membrane transporter protein	5.972E-06	1.000	291	3	242	244	15	253	258	251	0.984	0.926
LOKIASV2_3635_ESMFold_sulfite_exporter_TauE-SafE_family_protein	AF-A0A352JZL9-F1-model_v4	AF-A0A352JZL9-F1-model_v4 Probable membrane transporter protein	2.224E-05	1.000	291	3	238	244	32	265	268	249	0.967	0.873
LOKIASV2_3635_ESMFold_sulfite_exporter_TauE-SafE_family_protein	AF-A0A7C9GIA5-F1-model_v4	AF-A0A7C9GIA5-F1-model_v4 Probable membrane transporter protein	1.103E-05	1.000	291	3	241	244	71	307	308	243	0.980	0.769
LOKIASV2_3635_ESMFold_sulfite_exporter_TauE-SafE_family_protein	AF-A0A831XFB5-F1-model_v4	AF-A0A831XFB5-F1-model_v4 Sulfite exporter TauE/SafE family protein	3.763E-05	1.000	290	3	242	244	10	253	272	251	0.984	0.897
LOKIASV2_3635_ESMFold_sulfite_exporter_TauE-SafE_family_protein	AF-A0A7X8EXK1-F1-model_v4	AF-A0A7X8EXK1-F1-model_v4 Probable membrane transporter protein	3.158E-05	1.000	288	2	238	244	9	248	249	241	0.971	0.964
LOKIASV2_3635_ESMFold_sulfite_exporter_TauE-SafE_family_protein	AF-A0A7X7SCX7-F1-model_v4	AF-A0A7X7SCX7-F1-model_v4 Probable membrane transporter protein	1.866E-05	1.000	288	5	238	244	15	250	251	240	0.959	0.940
LOKIASV2_3635_ESMFold_sulfite_exporter_TauE-SafE_family_protein	AF-A0A3M4SKA1-F1-model_v4	AF-A0A3M4SKA1-F1-model_v4 Probable membrane transporter protein	4.685E-05	1.000	288	3	238	244	26	259	261	244	0.967	0.897
LOKIASV2_3635_ESMFold_sulfite_exporter_TauE-SafE_family_protein	AF-A0A3L7NNB9-F1-model_v4	AF-A0A3L7NNB9-F1-model_v4 Probable membrane transporter protein	3.447E-05	1.000	288	1	237	244	109	348	351	253	0.971	0.684
LOKIASV2_3635_ESMFold_sulfite_exporter_TauE-SafE_family_protein	AF-A0A7X7CUG1-F1-model_v4	AF-A0A7X7CUG1-F1-model_v4 Probable membrane transporter protein	6.950E-05	1.000	287	2	239	244	11	248	250	241	0.975	0.952
LOKIASV2_3635_ESMFold_sulfite_exporter_TauE-SafE_family_protein	AF-A0A3A4XL61-F1-model_v4	AF-A0A3A4XL61-F1-model_v4 Probable membrane transporter protein	3.158E-05	1.000	286	2	238	244	11	247	248	238	0.971	0.956
LOKIASV2_3635_ESMFold_sulfite_exporter_TauE-SafE_family_protein	AF-A0A0M9I7E2-F1-model_v4	AF-A0A0M9I7E2-F1-model_v4 Probable membrane transporter protein	9.040E-05	1.000	286	3	242	244	18	255	256	245	0.984	0.930
LOKIASV2_3635_ESMFold_sulfite_exporter_TauE-SafE_family_protein	AF-A0A2M7ERS7-F1-model_v4	AF-A0A2M7ERS7-F1-model_v4 Probable membrane transporter protein	8.859E-06	1.000	286	3	242	244	16	255	256	247	0.984	0.938
LOKIASV2_3635_ESMFold_sulfite_exporter_TauE-SafE_family_protein	AF-A0A562ZDD3-F1-model_v4	AF-A0A562ZDD3-F1-model_v4 Probable membrane transporter protein	5.582E-05	1.000	285	2	237	244	11	244	246	243	0.967	0.951
LOKIASV2_3635_ESMFold_sulfite_exporter_TauE-SafE_family_protein	AF-A0A2G1WB22-F1-model_v4	AF-A0A2G1WB22-F1-model_v4 Probable membrane transporter protein	7.926E-05	1.000	285	2	237	244	12	246	249	241	0.967	0.944
LOKIASV2_3635_ESMFold_sulfite_exporter_TauE-SafE_family_protein	AF-W6RF94-F1-model_v4	AF-W6RF94-F1-model_v4 Probable membrane transporter protein	7.586E-05	1.000	285	2	237	244	10	243	788	246	0.967	0.297
LOKIASV2_3635_ESMFold_sulfite_exporter_TauE-SafE_family_protein	AF-Q8ZUW1-F1-model_v4	AF-Q8ZUW1-F1-model_v4 Probable membrane transporter protein	1.152E-05	1.000	284	3	244	244	11	251	288	252	0.992	0.837
LOKIASV2_3635_ESMFold_sulfite_exporter_TauE-SafE_family_protein	AF-A0A7C6U916-F1-model_v4	AF-A0A7C6U916-F1-model_v4 Probable membrane transporter protein	1.125E-04	1.000	283	2	233	244	8	237	238	234	0.951	0.966
LOKIASV2_3635_ESMFold_sulfite_exporter_TauE-SafE_family_protein	AF-A0A6P2FJH3-F1-model_v4	AF-A0A6P2FJH3-F1-model_v4 Probable membrane transporter protein	3.022E-05	1.000	282	3	242	244	24	264	267	248	0.984	0.903
LOKIASV2_3635_ESMFold_sulfite_exporter_TauE-SafE_family_protein	AF-A9IPR2-F1-model_v4	AF-A9IPR2-F1-model_v4 Probable membrane transporter protein	7.586E-05	1.000	282	3	243	244	115	352	355	243	0.988	0.670
LOKIASV2_3635_ESMFold_sulfite_exporter_TauE-SafE_family_protein	AF-A0A849GC14-F1-model_v4	AF-A0A849GC14-F1-model_v4 Sulfite exporter TauE/SafE family protein	9.445E-05	1.000	281	3	240	244	8	245	249	246	0.975	0.956
LOKIASV2_3635_ESMFold_sulfite_exporter_TauE-SafE_family_protein	AF-A0A7X8YVI7-F1-model_v4	AF-A0A7X8YVI7-F1-model_v4 Probable membrane transporter protein	3.931E-05	1.000	281	1	238	244	10	250	251	242	0.975	0.960
LOKIASV2_3635_ESMFold_sulfite_exporter_TauE-SafE_family_protein	AF-A0A7X2FWT0-F1-model_v4	AF-A0A7X2FWT0-F1-model_v4 Probable membrane transporter protein	1.950E-05	1.000	279	3	242	244	15	252	253	245	0.984	0.941
LOKIASV2_3635_ESMFold_sulfite_exporter_TauE-SafE_family_protein	AF-A0A1G9QCX8-F1-model_v4	AF-A0A1G9QCX8-F1-model_v4 Probable membrane transporter protein	5.114E-05	1.000	278	3	242	244	14	254	257	247	0.984	0.938
LOKIASV2_3635_ESMFold_sulfite_exporter_TauE-SafE_family_protein	AF-A0A4V4RBK5-F1-model_v4	AF-A0A4V4RBK5-F1-model_v4 Probable membrane transporter protein	2.893E-05	1.000	278	3	243	244	12	253	259	257	0.988	0.934
LOKIASV2_3635_ESMFold_sulfite_exporter_TauE-SafE_family_protein	AF-A0A351EUC3-F1-model_v4	AF-A0A351EUC3-F1-model_v4 Probable membrane transporter protein	2.769E-05	1.000	277	20	241	244	1	222	223	230	0.910	0.996
LOKIASV2_3635_ESMFold_sulfite_exporter_TauE-SafE_family_protein	AF-A0A395ZLB4-F1-model_v4	AF-A0A395ZLB4-F1-model_v4 Probable membrane transporter protein	3.158E-05	1.000	277	2	238	244	5	243	244	239	0.971	0.980
LOKIASV2_3635_ESMFold_sulfite_exporter_TauE-SafE_family_protein	AF-A0A1G8B8D8-F1-model_v4	AF-A0A1G8B8D8-F1-model_v4 Probable membrane transporter protein	1.056E-05	1.000	277	3	240	244	13	248	250	244	0.975	0.944
LOKIASV2_3635_ESMFold_sulfite_exporter_TauE-SafE_family_protein	AF-A0A840SS16-F1-model_v4	AF-A0A840SS16-F1-model_v4 Uncharacterized protein	1.152E-05	1.000	277	3	241	244	19	257	258	247	0.980	0.926
LOKIASV2_3635_ESMFold_sulfite_exporter_TauE-SafE_family_protein	AF-A0A351DRL8-F1-model_v4	AF-A0A351DRL8-F1-model_v4 Probable membrane transporter protein	5.114E-05	1.000	276	3	238	244	12	245	248	247	0.967	0.944
LOKIASV2_3635_ESMFold_sulfite_exporter_TauE-SafE_family_protein	AF-A0A7C9K9J3-F1-model_v4	AF-A0A7C9K9J3-F1-model_v4 Probable membrane transporter protein	2.128E-05	1.000	276	3	240	244	17	252	254	249	0.975	0.929
LOKIASV2_3635_ESMFold_sulfite_exporter_TauE-SafE_family_protein	AF-A0A512J8A2-F1-model_v4	AF-A0A512J8A2-F1-model_v4 Probable membrane transporter protein	9.256E-06	1.000	276	4	242	244	13	252	258	246	0.980	0.930
LOKIASV2_3635_ESMFold_sulfite_exporter_TauE-SafE_family_protein	AF-A0A7V4F1F3-F1-model_v4	AF-A0A7V4F1F3-F1-model_v4 Probable membrane transporter protein	9.040E-05	1.000	275	3	237	244	15	252	253	243	0.963	0.941
LOKIASV2_3635_ESMFold_sulfite_exporter_TauE-SafE_family_protein	AF-A0A372IC97-F1-model_v4	AF-A0A372IC97-F1-model_v4 Probable membrane transporter protein	1.636E-05	1.000	275	3	241	244	16	254	256	247	0.980	0.934
LOKIASV2_3635_ESMFold_sulfite_exporter_TauE-SafE_family_protein	AF-A0A1F4E7V5-F1-model_v4	AF-A0A1F4E7V5-F1-model_v4 Probable membrane transporter protein	9.445E-05	1.000	274	2	240	244	8	246	247	248	0.980	0.968
LOKIASV2_3635_ESMFold_sulfite_exporter_TauE-SafE_family_protein	AF-A0A447CW24-F1-model_v4	AF-A0A447CW24-F1-model_v4 Probable membrane transporter protein	1.125E-04	1.000	274	3	240	244	14	248	249	247	0.975	0.944
LOKIASV2_3635_ESMFold_sulfite_exporter_TauE-SafE_family_protein	AF-A0A7C6P173-F1-model_v4	AF-A0A7C6P173-F1-model_v4 Probable membrane transporter protein	7.586E-05	1.000	274	1	238	244	10	250	251	246	0.975	0.960
LOKIASV2_3635_ESMFold_sulfite_exporter_TauE-SafE_family_protein	AF-A0A2D0NEB2-F1-model_v4	AF-A0A2D0NEB2-F1-model_v4 Probable membrane transporter protein	5.343E-05	1.000	274	3	238	244	12	250	251	242	0.967	0.952
LOKIASV2_3635_ESMFold_sulfite_exporter_TauE-SafE_family_protein	AF-A8LLE4-F1-model_v4	AF-A8LLE4-F1-model_v4 Probable membrane transporter protein	2.037E-05	1.000	274	3	240	244	15	252	254	243	0.975	0.937
LOKIASV2_3635_ESMFold_sulfite_exporter_TauE-SafE_family_protein	AF-V4YQK5-F1-model_v4	AF-V4YQK5-F1-model_v4 Probable membrane transporter protein	5.012E-06	1.000	274	3	242	244	15	254	255	254	0.984	0.941
LOKIASV2_3635_ESMFold_sulfite_exporter_TauE-SafE_family_protein	AF-A0A2E7FNA6-F1-model_v4	AF-A0A2E7FNA6-F1-model_v4 Probable membrane transporter protein	6.950E-05	1.000	274	1	242	244	5	249	256	249	0.992	0.957
LOKIASV2_3635_ESMFold_sulfite_exporter_TauE-SafE_family_protein	AF-A0A3C0HF26-F1-model_v4	AF-A0A3C0HF26-F1-model_v4 Probable membrane transporter protein	1.077E-04	1.000	273	3	240	244	6	244	245	247	0.975	0.976
LOKIASV2_3635_ESMFold_sulfite_exporter_TauE-SafE_family_protein	AF-A0A3C1XT77-F1-model_v4	AF-A0A3C1XT77-F1-model_v4 Probable membrane transporter protein	1.125E-04	1.000	273	3	244	244	12	251	251	252	0.992	0.956
LOKIASV2_3635_ESMFold_sulfite_exporter_TauE-SafE_family_protein	AF-A0A7C5G7B0-F1-model_v4	AF-A0A7C5G7B0-F1-model_v4 Probable membrane transporter protein	9.040E-05	1.000	272	2	238	244	87	323	324	247	0.971	0.731
LOKIASV2_3635_ESMFold_sulfite_exporter_TauE-SafE_family_protein	AF-A0A7C3S7P6-F1-model_v4	AF-A0A7C3S7P6-F1-model_v4 Probable membrane transporter protein	7.586E-05	1.000	270	1	238	244	1	244	245	249	0.975	0.996
LOKIASV2_3635_ESMFold_sulfite_exporter_TauE-SafE_family_protein	AF-A0A1V5ZKI6-F1-model_v4	AF-A0A1V5ZKI6-F1-model_v4 Probable membrane transporter protein	3.022E-05	1.000	269	36	242	244	12	218	221	212	0.848	0.937
LOKIASV2_3635_ESMFold_sulfite_exporter_TauE-SafE_family_protein	AF-A0A7X2FVU4-F1-model_v4	AF-A0A7X2FVU4-F1-model_v4 Probable membrane transporter protein	3.601E-05	1.000	269	1	244	244	7	252	252	254	1.000	0.976
LOKIASV2_3635_ESMFold_sulfite_exporter_TauE-SafE_family_protein	AF-A0A2H4NFN4-F1-model_v4	AF-A0A2H4NFN4-F1-model_v4 Probable membrane transporter protein	7.261E-05	1.000	269	3	242	244	29	275	280	251	0.984	0.882
LOKIASV2_3635_ESMFold_sulfite_exporter_TauE-SafE_family_protein	AF-A0A1G0K6N3-F1-model_v4	AF-A0A1G0K6N3-F1-model_v4 Probable membrane transporter protein	9.868E-05	1.000	268	50	242	244	2	194	195	194	0.791	0.990
LOKIASV2_3635_ESMFold_sulfite_exporter_TauE-SafE_family_protein	AF-A0A3D2SL80-F1-model_v4	AF-A0A3D2SL80-F1-model_v4 Probable membrane transporter protein	1.284E-04	1.000	268	26	240	244	3	215	217	220	0.881	0.982
LOKIASV2_3635_ESMFold_sulfite_exporter_TauE-SafE_family_protein	AF-A0A847BKF6-F1-model_v4	AF-A0A847BKF6-F1-model_v4 Sulfite exporter TauE/SafE family protein	2.769E-05	1.000	268	4	244	244	2	249	249	256	0.988	0.996
LOKIASV2_3635_ESMFold_sulfite_exporter_TauE-SafE_family_protein	AF-A0A7V5YTB9-F1-model_v4	AF-A0A7V5YTB9-F1-model_v4 Probable membrane transporter protein	4.685E-05	1.000	267	3	237	244	8	242	243	240	0.963	0.967
LOKIASV2_3635_ESMFold_sulfite_exporter_TauE-SafE_family_protein	AF-A0A2W4RWD7-F1-model_v4	AF-A0A2W4RWD7-F1-model_v4 Probable membrane transporter protein	9.445E-05	1.000	267	4	237	244	14	249	252	239	0.959	0.937
LOKIASV2_3635_ESMFold_sulfite_exporter_TauE-SafE_family_protein	AF-A0A6I3BU95-F1-model_v4	AF-A0A6I3BU95-F1-model_v4 Probable membrane transporter protein	3.601E-05	1.000	266	3	239	244	32	265	266	245	0.971	0.880
LOKIASV2_3635_ESMFold_sulfite_exporter_TauE-SafE_family_protein	AF-A0A7X8XLY1-F1-model_v4	AF-A0A7X8XLY1-F1-model_v4 Probable membrane transporter protein	6.950E-05	1.000	265	2	242	244	4	248	253	251	0.988	0.968
LOKIASV2_3635_ESMFold_sulfite_exporter_TauE-SafE_family_protein	AF-A0A1J6Y6D2-F1-model_v4	AF-A0A1J6Y6D2-F1-model_v4 Probable membrane transporter protein	9.445E-05	1.000	264	3	243	244	9	253	258	254	0.988	0.950
LOKIASV2_3635_ESMFold_sulfite_exporter_TauE-SafE_family_protein	AF-A4QDS4-F1-model_v4	AF-A4QDS4-F1-model_v4 Probable membrane transporter protein	6.652E-05	1.000	263	1	242	244	1	247	250	253	0.992	0.988
LOKIASV2_3635_ESMFold_sulfite_exporter_TauE-SafE_family_protein	AF-A0A4R7FZB3-F1-model_v4	AF-A0A4R7FZB3-F1-model_v4 Probable membrane transporter protein	3.447E-05	1.000	262	2	239	244	7	248	280	250	0.975	0.864
LOKIASV2_3635_ESMFold_sulfite_exporter_TauE-SafE_family_protein	AF-A0A2E3K3C2-F1-model_v4	AF-A0A2E3K3C2-F1-model_v4 Probable membrane transporter protein	1.823E-04	1.000	261	3	241	244	21	260	263	244	0.980	0.913
LOKIASV2_3635_ESMFold_sulfite_exporter_TauE-SafE_family_protein	AF-A0A2T0YB15-F1-model_v4	AF-A0A2T0YB15-F1-model_v4 Probable membrane transporter protein	4.107E-05	1.000	257	2	242	244	7	257	317	259	0.988	0.792
LOKIASV2_3635_ESMFold_sulfite_exporter_TauE-SafE_family_protein	AF-A0A0N9ZIC5-F1-model_v4	AF-A0A0N9ZIC5-F1-model_v4 Probable membrane transporter protein	4.685E-05	1.000	253	3	240	244	18	256	258	250	0.975	0.926
LOKIASV2_3635_ESMFold_sulfite_exporter_TauE-SafE_family_protein	AF-A0A6J7NTZ5-F1-model_v4	AF-A0A6J7NTZ5-F1-model_v4 Unannotated protein	1.031E-04	1.000	253	3	241	244	12	254	259	256	0.980	0.938
LOKIASV2_3635_ESMFold_sulfite_exporter_TauE-SafE_family_protein	AF-A0A6I2Y032-F1-model_v4	AF-A0A6I2Y032-F1-model_v4 Probable membrane transporter protein	1.341E-04	1.000	251	3	241	244	6	248	253	253	0.980	0.960
LOKIASV2_3635_ESMFold_sulfite_exporter_TauE-SafE_family_protein	AF-A0A3N9WSM9-F1-model_v4	AF-A0A3N9WSM9-F1-model_v4 Probable membrane transporter protein	6.367E-05	1.000	251	3	239	244	62	302	351	251	0.971	0.687
LOKIASV2_3635_ESMFold_sulfite_exporter_TauE-SafE_family_protein	AF-A0A3S2BX88-F1-model_v4	AF-A0A3S2BX88-F1-model_v4 Probable membrane transporter protein	3.517E-04	1.000	250	6	208	244	14	212	214	206	0.832	0.930
LOKIASV2_3635_ESMFold_sulfite_exporter_TauE-SafE_family_protein	AF-A0A6F8Q3B1-F1-model_v4	AF-A0A6F8Q3B1-F1-model_v4 Probable membrane transporter protein	1.077E-04	1.000	250	1	238	244	5	246	247	250	0.975	0.980
LOKIASV2_3635_ESMFold_sulfite_exporter_TauE-SafE_family_protein	AF-A0A1H2EJ64-F1-model_v4	AF-A0A1H2EJ64-F1-model_v4 Probable membrane transporter protein	6.496E-04	1.000	247	3	237	244	31	266	268	236	0.963	0.881
LOKIASV2_3635_ESMFold_sulfite_exporter_TauE-SafE_family_protein	AF-A0A0E9LWS4-F1-model_v4	AF-A0A0E9LWS4-F1-model_v4 Probable membrane transporter protein	2.825E-04	1.000	244	2	237	244	14	252	254	244	0.967	0.941
LOKIASV2_3635_ESMFold_sulfite_exporter_TauE-SafE_family_protein	AF-A0A840X078-F1-model_v4	AF-A0A840X078-F1-model_v4 Uncharacterized protein	1.401E-04	1.000	244	3	242	244	22	261	262	252	0.984	0.916
LOKIASV2_3635_ESMFold_sulfite_exporter_TauE-SafE_family_protein	AF-A0A1H9XWF9-F1-model_v4	AF-A0A1H9XWF9-F1-model_v4 Probable membrane transporter protein	9.868E-05	1.000	243	2	239	244	4	245	282	252	0.975	0.858
LOKIASV2_3635_ESMFold_sulfite_exporter_TauE-SafE_family_protein	AF-A0A1H8L7K8-F1-model_v4	AF-A0A1H8L7K8-F1-model_v4 Probable membrane transporter protein	3.022E-05	1.000	242	3	242	244	12	251	254	256	0.984	0.945
LOKIASV2_3635_ESMFold_sulfite_exporter_TauE-SafE_family_protein	AF-A0A4Q6E6U3-F1-model_v4	AF-A0A4Q6E6U3-F1-model_v4 Probable membrane transporter protein	1.031E-04	1.000	240	28	243	244	29	244	246	222	0.885	0.878
LOKIASV2_3635_ESMFold_sulfite_exporter_TauE-SafE_family_protein	AF-A0A421BBQ3-F1-model_v4	AF-A0A421BBQ3-F1-model_v4 Probable membrane transporter protein	1.077E-04	1.000	238	3	243	244	5	249	252	253	0.988	0.972
LOKIASV2_3635_ESMFold_sulfite_exporter_TauE-SafE_family_protein	AF-A0A1I4KL64-F1-model_v4	AF-A0A1I4KL64-F1-model_v4 Probable membrane transporter protein	5.218E-04	1.000	236	3	238	244	11	249	250	248	0.967	0.956
LOKIASV2_3635_ESMFold_sulfite_exporter_TauE-SafE_family_protein	AF-A0A6I7QNE7-F1-model_v4	AF-A0A6I7QNE7-F1-model_v4 Probable membrane transporter protein	4.994E-04	1.000	235	3	236	244	11	244	246	241	0.959	0.951
LOKIASV2_3635_ESMFold_sulfite_exporter_TauE-SafE_family_protein	AF-A0A258C5T3-F1-model_v4	AF-A0A258C5T3-F1-model_v4 Probable membrane transporter protein	1.430E-03	1.000	234	3	190	244	10	197	202	190	0.770	0.931
LOKIASV2_3635_ESMFold_sulfite_exporter_TauE-SafE_family_protein	AF-A0A3S3QT99-F1-model_v4	AF-A0A3S3QT99-F1-model_v4 Probable membrane transporter protein	5.951E-04	1.000	226	36	242	244	3	205	208	207	0.848	0.976
LOKIASV2_3635_ESMFold_sulfite_exporter_TauE-SafE_family_protein	AF-A0A5C5EAN5-F1-model_v4	AF-A0A5C5EAN5-F1-model_v4 Probable membrane transporter protein	9.224E-04	1.000	226	2	236	244	48	285	287	248	0.963	0.829
LOKIASV2_3635_ESMFold_sulfite_exporter_TauE-SafE_family_protein	AF-A0A7C5CAG1-F1-model_v4	AF-A0A7C5CAG1-F1-model_v4 Probable membrane transporter protein	6.218E-04	1.000	225	3	210	244	11	222	223	220	0.852	0.951
LOKIASV2_3635_ESMFold_sulfite_exporter_TauE-SafE_family_protein	AF-A0A7X7KL87-F1-model_v4	AF-A0A7X7KL87-F1-model_v4 Probable membrane transporter protein	1.200E-03	1.000	222	2	190	244	10	198	201	195	0.775	0.940
LOKIASV2_3635_ESMFold_sulfite_exporter_TauE-SafE_family_protein	AF-A0A2S7U1T0-F1-model_v4	AF-A0A2S7U1T0-F1-model_v4 Probable membrane transporter protein	8.088E-04	1.000	219	3	237	244	9	242	245	249	0.963	0.955
LOKIASV2_3635_ESMFold_sulfite_exporter_TauE-SafE_family_protein	AF-A0A1H0I2B7-F1-model_v4	AF-A0A1H0I2B7-F1-model_v4 Probable membrane transporter protein	4.780E-04	1.000	214	22	242	244	2	222	223	237	0.906	0.991
LOKIASV2_3635_ESMFold_sulfite_exporter_TauE-SafE_family_protein	AF-A0A259H9P5-F1-model_v4	AF-A0A259H9P5-F1-model_v4 Probable membrane transporter protein	2.527E-03	1.000	210	3	209	244	8	210	211	212	0.848	0.962
LOKIASV2_3635_ESMFold_sulfite_exporter_TauE-SafE_family_protein	AF-A0A849GSR0-F1-model_v4	AF-A0A849GSR0-F1-model_v4 TSUP family transporter	2.527E-03	1.000	205	3	213	244	9	211	213	220	0.865	0.953
