LOKIASV2_3307_ESMFold_glycoside_hydrolase_family_3_C-terminal_domain-containing_protein	AF-A0A353VRH8-F1-model_v4	AF-A0A353VRH8-F1-model_v4 Fn3_like domain-containing protein	1.175E-76	1.000	2823	30	719	721	2	685	687	709	0.957	0.996
LOKIASV2_3307_ESMFold_glycoside_hydrolase_family_3_C-terminal_domain-containing_protein	AF-A0A842VTX1-F1-model_v4	AF-A0A842VTX1-F1-model_v4 Glycosyl hydrolase	5.632E-76	1.000	2767	39	721	721	17	675	676	699	0.947	0.975
LOKIASV2_3307_ESMFold_glycoside_hydrolase_family_3_C-terminal_domain-containing_protein	AF-A0A068NNV2-F1-model_v4	AF-A0A068NNV2-F1-model_v4 Glycoside hydrolase family protein	1.042E-75	1.000	2705	30	719	721	12	822	823	837	0.957	0.985
LOKIASV2_3307_ESMFold_glycoside_hydrolase_family_3_C-terminal_domain-containing_protein	AF-A0A1V5XAR5-F1-model_v4	AF-A0A1V5XAR5-F1-model_v4 Thermostable beta-glucosidase B	1.214E-73	1.000	2692	48	721	721	3	667	674	695	0.935	0.987
LOKIASV2_3307_ESMFold_glycoside_hydrolase_family_3_C-terminal_domain-containing_protein	AF-Q1IIZ8-F1-model_v4	AF-Q1IIZ8-F1-model_v4 Glycoside hydrolase, family 3-like protein	5.283E-75	1.000	2690	31	721	721	7	831	831	851	0.958	0.993
LOKIASV2_3307_ESMFold_glycoside_hydrolase_family_3_C-terminal_domain-containing_protein	AF-A0A1I6MXW8-F1-model_v4	AF-A0A1I6MXW8-F1-model_v4 Beta-glucosidase	1.139E-72	1.000	2616	1	719	721	26	891	901	901	0.997	0.961
LOKIASV2_3307_ESMFold_glycoside_hydrolase_family_3_C-terminal_domain-containing_protein	AF-A0A290QFU2-F1-model_v4	AF-A0A290QFU2-F1-model_v4 Glycosyl hydrolase	2.948E-72	1.000	2612	32	719	721	1	678	679	705	0.954	0.999
LOKIASV2_3307_ESMFold_glycoside_hydrolase_family_3_C-terminal_domain-containing_protein	AF-A0A3R5U9T9-F1-model_v4	AF-A0A3R5U9T9-F1-model_v4 Glycosyl hydrolase	1.884E-72	1.000	2604	38	719	721	1	683	684	711	0.946	0.999
LOKIASV2_3307_ESMFold_glycoside_hydrolase_family_3_C-terminal_domain-containing_protein	AF-A0A7X5EHM1-F1-model_v4	AF-A0A7X5EHM1-F1-model_v4 Glycosyl hydrolase	2.678E-74	1.000	2600	48	721	721	5	666	752	697	0.935	0.880
LOKIASV2_3307_ESMFold_glycoside_hydrolase_family_3_C-terminal_domain-containing_protein	AF-A0A2T4T5N7-F1-model_v4	AF-A0A2T4T5N7-F1-model_v4 Beta-glucosidase	4.397E-73	1.000	2595	29	719	721	10	850	851	871	0.958	0.988
LOKIASV2_3307_ESMFold_glycoside_hydrolase_family_3_C-terminal_domain-containing_protein	AF-A0A178A419-F1-model_v4	AF-A0A178A419-F1-model_v4 Fn3_like domain-containing protein	3.324E-73	1.000	2586	47	721	721	2	671	766	702	0.936	0.875
LOKIASV2_3307_ESMFold_glycoside_hydrolase_family_3_C-terminal_domain-containing_protein	AF-A0A1M3DNV3-F1-model_v4	AF-A0A1M3DNV3-F1-model_v4 Beta-glucosidase	1.993E-72	1.000	2576	31	721	721	2	825	910	848	0.958	0.905
LOKIASV2_3307_ESMFold_glycoside_hydrolase_family_3_C-terminal_domain-containing_protein	AF-A0A1C5VAW7-F1-model_v4	AF-A0A1C5VAW7-F1-model_v4 Thermostable beta-glucosidase B	4.158E-73	1.000	2571	48	721	721	5	663	756	696	0.935	0.872
LOKIASV2_3307_ESMFold_glycoside_hydrolase_family_3_C-terminal_domain-containing_protein	AF-A0A3B0UQ80-F1-model_v4	AF-A0A3B0UQ80-F1-model_v4 Beta-glucosidase	7.695E-73	1.000	2564	30	720	721	14	865	870	877	0.958	0.979
LOKIASV2_3307_ESMFold_glycoside_hydrolase_family_3_C-terminal_domain-containing_protein	AF-A0A1H1U6D7-F1-model_v4	AF-A0A1H1U6D7-F1-model_v4 Beta-glucosidase	2.246E-73	1.000	2552	1	721	721	1	718	719	762	1.000	0.999
LOKIASV2_3307_ESMFold_glycoside_hydrolase_family_3_C-terminal_domain-containing_protein	AF-A0A5P2V7V4-F1-model_v4	AF-A0A5P2V7V4-F1-model_v4 Glycoside hydrolase family 3	2.925E-71	1.000	2506	30	719	721	22	691	949	707	0.957	0.706
LOKIASV2_3307_ESMFold_glycoside_hydrolase_family_3_C-terminal_domain-containing_protein	AF-A0A522Q1L9-F1-model_v4	AF-A0A522Q1L9-F1-model_v4 Glycosyl hydrolase	6.056E-71	1.000	2487	31	721	721	19	704	708	724	0.958	0.969
LOKIASV2_3307_ESMFold_glycoside_hydrolase_family_3_C-terminal_domain-containing_protein	AF-U4R228-F1-model_v4	AF-U4R228-F1-model_v4 Glycoside hydrolase family 3	1.754E-70	1.000	2467	44	719	721	6	710	711	735	0.938	0.992
LOKIASV2_3307_ESMFold_glycoside_hydrolase_family_3_C-terminal_domain-containing_protein	AF-A0A1W9Q969-F1-model_v4	AF-A0A1W9Q969-F1-model_v4 PA14 domain-containing protein	2.302E-69	1.000	2455	31	719	721	19	860	867	873	0.956	0.971
LOKIASV2_3307_ESMFold_glycoside_hydrolase_family_3_C-terminal_domain-containing_protein	AF-A0A2S4YF72-F1-model_v4	AF-A0A2S4YF72-F1-model_v4 Fn3_like domain-containing protein	7.051E-69	1.000	2426	30	720	721	80	757	1243	712	0.958	0.545
LOKIASV2_3307_ESMFold_glycoside_hydrolase_family_3_C-terminal_domain-containing_protein	AF-A0A0M4M091-F1-model_v4	AF-A0A0M4M091-F1-model_v4 Fn3_like domain-containing protein	4.728E-68	1.000	2420	32	721	721	1	677	677	718	0.957	1.000
LOKIASV2_3307_ESMFold_glycoside_hydrolase_family_3_C-terminal_domain-containing_protein	AF-A0A2E0TKG7-F1-model_v4	AF-A0A2E0TKG7-F1-model_v4 Glycosyl hydrolase	3.353E-67	1.000	2417	30	721	721	7	698	698	730	0.960	0.991
LOKIASV2_3307_ESMFold_glycoside_hydrolase_family_3_C-terminal_domain-containing_protein	AF-A0A358QM92-F1-model_v4	AF-A0A358QM92-F1-model_v4 Glycosyl hydrolase	1.095E-67	1.000	2413	55	721	721	1	683	696	711	0.925	0.981
LOKIASV2_3307_ESMFold_glycoside_hydrolase_family_3_C-terminal_domain-containing_protein	AF-A0A519PG58-F1-model_v4	AF-A0A519PG58-F1-model_v4 Fn3_like domain-containing protein	4.195E-67	1.000	2387	74	721	721	1	654	654	675	0.899	1.000
LOKIASV2_3307_ESMFold_glycoside_hydrolase_family_3_C-terminal_domain-containing_protein	AF-A0A194VRK3-F1-model_v4	AF-A0A194VRK3-F1-model_v4 Beta-glucosidase	3.721E-66	1.000	2379	42	721	721	1	676	676	710	0.943	1.000
LOKIASV2_3307_ESMFold_glycoside_hydrolase_family_3_C-terminal_domain-containing_protein	AF-Q7X201-F1-model_v4	AF-Q7X201-F1-model_v4 Beta-glucosidase	8.211E-67	1.000	2374	96	721	721	48	648	689	632	0.868	0.872
LOKIASV2_3307_ESMFold_glycoside_hydrolase_family_3_C-terminal_domain-containing_protein	AF-A0A1G9YXD8-F1-model_v4	AF-A0A1G9YXD8-F1-model_v4 Beta-glucosidase	2.042E-68	1.000	2373	48	719	721	5	690	691	728	0.932	0.993
LOKIASV2_3307_ESMFold_glycoside_hydrolase_family_3_C-terminal_domain-containing_protein	AF-A0A7K0C3Q8-F1-model_v4	AF-A0A7K0C3Q8-F1-model_v4 Thermostable beta-glucosidase B	1.595E-65	1.000	2349	39	718	721	28	688	689	706	0.943	0.959
LOKIASV2_3307_ESMFold_glycoside_hydrolase_family_3_C-terminal_domain-containing_protein	AF-A0A7C6IYS4-F1-model_v4	AF-A0A7C6IYS4-F1-model_v4 Glycosyl hydrolase	1.700E-66	1.000	2339	44	721	721	5	667	790	701	0.940	0.839
LOKIASV2_3307_ESMFold_glycoside_hydrolase_family_3_C-terminal_domain-containing_protein	AF-A0A535HWF0-F1-model_v4	AF-A0A535HWF0-F1-model_v4 Glycosyl hydrolase	3.380E-68	1.000	2339	30	716	721	21	725	806	736	0.953	0.875
LOKIASV2_3307_ESMFold_glycoside_hydrolase_family_3_C-terminal_domain-containing_protein	AF-A0A6P1V8L5-F1-model_v4	AF-A0A6P1V8L5-F1-model_v4 Glycosyl hydrolase	6.615E-68	1.000	2334	34	721	721	1	826	826	858	0.954	1.000
LOKIASV2_3307_ESMFold_glycoside_hydrolase_family_3_C-terminal_domain-containing_protein	AF-A0A7W9KNL6-F1-model_v4	AF-A0A7W9KNL6-F1-model_v4 Beta-glucosidase	1.086E-66	1.000	2331	32	719	721	454	1120	1129	705	0.954	0.591
LOKIASV2_3307_ESMFold_glycoside_hydrolase_family_3_C-terminal_domain-containing_protein	AF-A0A2N0Z0C6-F1-model_v4	AF-A0A2N0Z0C6-F1-model_v4 Glycosyl hydrolase	3.221E-69	1.000	2326	30	721	721	21	746	750	767	0.960	0.968
LOKIASV2_3307_ESMFold_glycoside_hydrolase_family_3_C-terminal_domain-containing_protein	AF-A0A2E0LDV6-F1-model_v4	AF-A0A2E0LDV6-F1-model_v4 Glycosyl hydrolase	4.436E-67	1.000	2325	4	719	721	2	746	748	783	0.993	0.996
LOKIASV2_3307_ESMFold_glycoside_hydrolase_family_3_C-terminal_domain-containing_protein	AF-A0A7T4YAZ8-F1-model_v4	AF-A0A7T4YAZ8-F1-model_v4 Glycoside hydrolase family 3 C-terminal domain-containing protein	2.639E-65	1.000	2322	30	720	721	18	851	878	855	0.958	0.950
LOKIASV2_3307_ESMFold_glycoside_hydrolase_family_3_C-terminal_domain-containing_protein	AF-A0A1Q6K5A2-F1-model_v4	AF-A0A1Q6K5A2-F1-model_v4 Fn3_like domain-containing protein	4.162E-66	1.000	2321	47	721	721	2	657	789	697	0.936	0.831
LOKIASV2_3307_ESMFold_glycoside_hydrolase_family_3_C-terminal_domain-containing_protein	AF-A0A3B8V7L5-F1-model_v4	AF-A0A3B8V7L5-F1-model_v4 Glycosyl hydrolase	6.887E-66	1.000	2314	56	721	721	4	649	659	690	0.924	0.980
LOKIASV2_3307_ESMFold_glycoside_hydrolase_family_3_C-terminal_domain-containing_protein	AF-A0A261Y7Q8-F1-model_v4	AF-A0A261Y7Q8-F1-model_v4 Beta-glucosidase	7.227E-65	1.000	2310	38	721	721	1	822	829	854	0.949	0.992
LOKIASV2_3307_ESMFold_glycoside_hydrolase_family_3_C-terminal_domain-containing_protein	AF-A0A6C2UHJ4-F1-model_v4	AF-A0A6C2UHJ4-F1-model_v4 Xylan 1,4-beta-xylosidase	1.544E-68	1.000	2306	29	721	721	13	866	866	890	0.961	0.986
LOKIASV2_3307_ESMFold_glycoside_hydrolase_family_3_C-terminal_domain-containing_protein	AF-A0A522KIW2-F1-model_v4	AF-A0A522KIW2-F1-model_v4 Glycosyl hydrolase	4.401E-66	1.000	2302	31	719	721	13	834	835	855	0.956	0.984
LOKIASV2_3307_ESMFold_glycoside_hydrolase_family_3_C-terminal_domain-containing_protein	AF-A0A261FC78-F1-model_v4	AF-A0A261FC78-F1-model_v4 Glycosyl hydrolase	1.035E-67	1.000	2294	30	720	721	8	688	769	718	0.958	0.886
LOKIASV2_3307_ESMFold_glycoside_hydrolase_family_3_C-terminal_domain-containing_protein	AF-D0MD38-F1-model_v4	AF-D0MD38-F1-model_v4 Glycoside hydrolase family 3 domain protein	5.549E-67	1.000	2290	48	721	721	25	839	839	852	0.935	0.971
LOKIASV2_3307_ESMFold_glycoside_hydrolase_family_3_C-terminal_domain-containing_protein	AF-A0A5J5FAN5-F1-model_v4	AF-A0A5J5FAN5-F1-model_v4 Beta-glucosidase	6.461E-65	1.000	2288	38	721	721	1	849	856	878	0.949	0.992
LOKIASV2_3307_ESMFold_glycoside_hydrolase_family_3_C-terminal_domain-containing_protein	AF-A0A2G2J308-F1-model_v4	AF-A0A2G2J308-F1-model_v4 Beta-glucosidase	2.660E-66	1.000	2285	31	721	721	2	814	814	855	0.958	0.999
LOKIASV2_3307_ESMFold_glycoside_hydrolase_family_3_C-terminal_domain-containing_protein	AF-A0A1D8ADE0-F1-model_v4	AF-A0A1D8ADE0-F1-model_v4 PA14 domain-containing protein	1.078E-65	1.000	2285	31	719	721	1	824	825	862	0.956	0.999
LOKIASV2_3307_ESMFold_glycoside_hydrolase_family_3_C-terminal_domain-containing_protein	AF-A0A2A9CU34-F1-model_v4	AF-A0A2A9CU34-F1-model_v4 Beta-glucosidase	6.158E-66	1.000	2283	42	721	721	1	692	704	723	0.943	0.983
LOKIASV2_3307_ESMFold_glycoside_hydrolase_family_3_C-terminal_domain-containing_protein	AF-R5FGE8-F1-model_v4	AF-R5FGE8-F1-model_v4 Thermostable beta-glucosidase B	1.338E-64	1.000	2271	48	719	721	3	649	801	687	0.932	0.808
LOKIASV2_3307_ESMFold_glycoside_hydrolase_family_3_C-terminal_domain-containing_protein	AF-A0A1I0XZC9-F1-model_v4	AF-A0A1I0XZC9-F1-model_v4 Beta-glucosidase	9.040E-65	1.000	2269	38	721	721	83	809	810	755	0.949	0.898
LOKIASV2_3307_ESMFold_glycoside_hydrolase_family_3_C-terminal_domain-containing_protein	AF-A0A813KUP2-F1-model_v4	AF-A0A813KUP2-F1-model_v4 Hypothetical protein	2.359E-65	1.000	2262	32	719	721	1	698	707	734	0.954	0.987
LOKIASV2_3307_ESMFold_glycoside_hydrolase_family_3_C-terminal_domain-containing_protein	AF-A0A4S4ZXW4-F1-model_v4	AF-A0A4S4ZXW4-F1-model_v4 Glycosyl hydrolase	1.348E-65	1.000	2260	38	719	721	45	755	763	749	0.946	0.932
LOKIASV2_3307_ESMFold_glycoside_hydrolase_family_3_C-terminal_domain-containing_protein	AF-A0A1X2HL44-F1-model_v4	AF-A0A1X2HL44-F1-model_v4 Glycoside hydrolase superfamily	1.196E-64	1.000	2259	42	719	721	7	690	691	723	0.940	0.990
LOKIASV2_3307_ESMFold_glycoside_hydrolase_family_3_C-terminal_domain-containing_protein	AF-A0A374BAT2-F1-model_v4	AF-A0A374BAT2-F1-model_v4 Glycosyl hydrolase	8.083E-65	1.000	2257	48	721	721	3	666	805	701	0.935	0.825
LOKIASV2_3307_ESMFold_glycoside_hydrolase_family_3_C-terminal_domain-containing_protein	AF-A0A2D7DEZ9-F1-model_v4	AF-A0A2D7DEZ9-F1-model_v4 Glycosyl hydrolase	3.275E-64	1.000	2251	31	721	721	9	682	1029	707	0.958	0.655
LOKIASV2_3307_ESMFold_glycoside_hydrolase_family_3_C-terminal_domain-containing_protein	AF-A0A519PYP7-F1-model_v4	AF-A0A519PYP7-F1-model_v4 Glycosyl hydrolase	3.491E-65	1.000	2247	83	719	721	3	667	668	693	0.883	0.996
LOKIASV2_3307_ESMFold_glycoside_hydrolase_family_3_C-terminal_domain-containing_protein	AF-A0A2V2ETP8-F1-model_v4	AF-A0A2V2ETP8-F1-model_v4 Glycosyl hydrolase	3.301E-65	1.000	2243	38	720	721	1	670	793	713	0.947	0.845
LOKIASV2_3307_ESMFold_glycoside_hydrolase_family_3_C-terminal_domain-containing_protein	AF-A0A6N7HCN9-F1-model_v4	AF-A0A6N7HCN9-F1-model_v4 PA14 domain-containing protein	2.928E-64	1.000	2242	31	721	721	7	847	1255	873	0.958	0.670
LOKIASV2_3307_ESMFold_glycoside_hydrolase_family_3_C-terminal_domain-containing_protein	AF-A0A350BE08-F1-model_v4	AF-A0A350BE08-F1-model_v4 Glycosyl hydrolase	1.783E-65	1.000	2241	32	721	721	1	678	817	720	0.957	0.830
LOKIASV2_3307_ESMFold_glycoside_hydrolase_family_3_C-terminal_domain-containing_protein	AF-A0A660U256-F1-model_v4	AF-A0A660U256-F1-model_v4 Uncharacterized protein	5.506E-66	1.000	2241	40	677	721	153	919	919	796	0.885	0.835
LOKIASV2_3307_ESMFold_glycoside_hydrolase_family_3_C-terminal_domain-containing_protein	AF-A0A2V4NI46-F1-model_v4	AF-A0A2V4NI46-F1-model_v4 Glycosyl hydrolase	1.496E-64	1.000	2236	30	719	721	10	831	1111	859	0.957	0.740
LOKIASV2_3307_ESMFold_glycoside_hydrolase_family_3_C-terminal_domain-containing_protein	AF-A0A494T9C8-F1-model_v4	AF-A0A494T9C8-F1-model_v4 Beta-glucosidase	8.548E-65	1.000	2233	55	720	721	1	653	740	691	0.924	0.882
LOKIASV2_3307_ESMFold_glycoside_hydrolase_family_3_C-terminal_domain-containing_protein	AF-A0A6P1M4T1-F1-model_v4	AF-A0A6P1M4T1-F1-model_v4 Carbohydrate-binding protein	2.618E-64	1.000	2225	40	719	721	190	1013	1017	859	0.943	0.810
LOKIASV2_3307_ESMFold_glycoside_hydrolase_family_3_C-terminal_domain-containing_protein	AF-A0A848AWE2-F1-model_v4	AF-A0A848AWE2-F1-model_v4 Uncharacterized protein	2.341E-64	1.000	2215	1	721	721	1	714	1112	767	1.000	0.642
LOKIASV2_3307_ESMFold_glycoside_hydrolase_family_3_C-terminal_domain-containing_protein	AF-A0A1I4DCD1-F1-model_v4	AF-A0A1I4DCD1-F1-model_v4 Beta-glucosidase	3.464E-64	1.000	2214	44	716	721	10	687	687	733	0.933	0.987
LOKIASV2_3307_ESMFold_glycoside_hydrolase_family_3_C-terminal_domain-containing_protein	AF-A0A062TYE5-F1-model_v4	AF-A0A062TYE5-F1-model_v4 Fn3_like domain-containing protein	5.732E-64	1.000	2209	40	719	721	10	693	698	730	0.943	0.980
LOKIASV2_3307_ESMFold_glycoside_hydrolase_family_3_C-terminal_domain-containing_protein	AF-A0A087CJB0-F1-model_v4	AF-A0A087CJB0-F1-model_v4 Glycosyl hydrolase family 3	5.732E-64	1.000	2198	52	719	721	9	664	751	699	0.926	0.874
LOKIASV2_3307_ESMFold_glycoside_hydrolase_family_3_C-terminal_domain-containing_protein	AF-A0A7C6GCE0-F1-model_v4	AF-A0A7C6GCE0-F1-model_v4 ATP-binding cassette domain-containing protein	1.196E-64	1.000	2189	48	719	721	3	654	970	701	0.932	0.672
LOKIASV2_3307_ESMFold_glycoside_hydrolase_family_3_C-terminal_domain-containing_protein	AF-A0A1I7H391-F1-model_v4	AF-A0A1I7H391-F1-model_v4 Beta-glucosidase	6.062E-64	1.000	2175	48	721	721	3	634	783	691	0.935	0.807
LOKIASV2_3307_ESMFold_glycoside_hydrolase_family_3_C-terminal_domain-containing_protein	AF-A0A167LNB3-F1-model_v4	AF-A0A167LNB3-F1-model_v4 Beta-glucosidase	3.410E-62	1.000	2171	44	719	721	10	840	850	858	0.938	0.978
LOKIASV2_3307_ESMFold_glycoside_hydrolase_family_3_C-terminal_domain-containing_protein	AF-A0A261XUB4-F1-model_v4	AF-A0A261XUB4-F1-model_v4 Beta-glucosidase	3.249E-63	1.000	2165	38	705	721	11	816	1148	835	0.926	0.702
LOKIASV2_3307_ESMFold_glycoside_hydrolase_family_3_C-terminal_domain-containing_protein	AF-A0A1Q3L5T7-F1-model_v4	AF-A0A1Q3L5T7-F1-model_v4 Glycosyl hydrolase	2.747E-63	1.000	2162	35	719	721	1	653	735	709	0.950	0.888
LOKIASV2_3307_ESMFold_glycoside_hydrolase_family_3_C-terminal_domain-containing_protein	AF-K0YK10-F1-model_v4	AF-K0YK10-F1-model_v4 Fn3_like domain-containing protein	1.557E-62	1.000	2156	42	719	721	1	657	801	701	0.940	0.820
LOKIASV2_3307_ESMFold_glycoside_hydrolase_family_3_C-terminal_domain-containing_protein	AF-A0A1V5HS22-F1-model_v4	AF-A0A1V5HS22-F1-model_v4 Thermostable beta-glucosidase B	4.299E-63	1.000	2146	30	721	721	2	667	801	712	0.960	0.831
LOKIASV2_3307_ESMFold_glycoside_hydrolase_family_3_C-terminal_domain-containing_protein	AF-A0A1V6FAT8-F1-model_v4	AF-A0A1V6FAT8-F1-model_v4 Thermostable beta-glucosidase B	5.967E-62	1.000	2145	47	719	721	5	660	801	693	0.933	0.819
LOKIASV2_3307_ESMFold_glycoside_hydrolase_family_3_C-terminal_domain-containing_protein	AF-A0A174JNG2-F1-model_v4	AF-A0A174JNG2-F1-model_v4 Glycoside hydrolase family protein	9.798E-61	1.000	2144	45	719	721	12	686	687	716	0.936	0.983
LOKIASV2_3307_ESMFold_glycoside_hydrolase_family_3_C-terminal_domain-containing_protein	AF-A0A7X7MVE5-F1-model_v4	AF-A0A7X7MVE5-F1-model_v4 Glycosyl hydrolase	4.232E-61	1.000	2136	48	673	721	3	615	616	650	0.868	0.995
LOKIASV2_3307_ESMFold_glycoside_hydrolase_family_3_C-terminal_domain-containing_protein	AF-A0A4Q7NV60-F1-model_v4	AF-A0A4Q7NV60-F1-model_v4 Beta-glucosidase	2.179E-62	1.000	2127	31	719	721	29	759	942	753	0.956	0.776
LOKIASV2_3307_ESMFold_glycoside_hydrolase_family_3_C-terminal_domain-containing_protein	AF-A0A355RLR9-F1-model_v4	AF-A0A355RLR9-F1-model_v4 Fn3_like domain-containing protein	7.406E-61	1.000	2124	83	721	721	7	625	762	657	0.886	0.812
LOKIASV2_3307_ESMFold_glycoside_hydrolase_family_3_C-terminal_domain-containing_protein	AF-A0A2M8WJP2-F1-model_v4	AF-A0A2M8WJP2-F1-model_v4 Beta-glucosidase	1.473E-62	1.000	2120	55	719	721	3	641	722	686	0.922	0.885
LOKIASV2_3307_ESMFold_glycoside_hydrolase_family_3_C-terminal_domain-containing_protein	AF-A0A7X7RF85-F1-model_v4	AF-A0A7X7RF85-F1-model_v4 Beta-glucosidase	3.634E-63	1.000	2111	32	718	721	15	740	758	756	0.953	0.958
LOKIASV2_3307_ESMFold_glycoside_hydrolase_family_3_C-terminal_domain-containing_protein	AF-A0A852SMW6-F1-model_v4	AF-A0A852SMW6-F1-model_v4 Beta-glucosidase	8.349E-62	1.000	2110	30	721	721	2	707	942	735	0.960	0.749
LOKIASV2_3307_ESMFold_glycoside_hydrolase_family_3_C-terminal_domain-containing_protein	AF-R1EQW8-F1-model_v4	AF-R1EQW8-F1-model_v4 Beta-glucosidase	1.104E-61	1.000	2107	48	719	721	6	822	832	857	0.932	0.982
LOKIASV2_3307_ESMFold_glycoside_hydrolase_family_3_C-terminal_domain-containing_protein	AF-A0A172YJ44-F1-model_v4	AF-A0A172YJ44-F1-model_v4 Fn3_like domain-containing protein	9.953E-63	1.000	2091	18	719	721	2	710	719	758	0.974	0.986
LOKIASV2_3307_ESMFold_glycoside_hydrolase_family_3_C-terminal_domain-containing_protein	AF-A0A4Q6EUN4-F1-model_v4	AF-A0A4Q6EUN4-F1-model_v4 Beta-glucosidase	9.411E-63	1.000	2081	96	721	721	2	745	745	779	0.868	0.999
LOKIASV2_3307_ESMFold_glycoside_hydrolase_family_3_C-terminal_domain-containing_protein	AF-A0A2H3ALS7-F1-model_v4	AF-A0A2H3ALS7-F1-model_v4 Beta-glucosidase	1.360E-59	1.000	2067	48	721	721	14	849	857	864	0.935	0.975
LOKIASV2_3307_ESMFold_glycoside_hydrolase_family_3_C-terminal_domain-containing_protein	AF-A0A6N3V697-F1-model_v4	AF-A0A6N3V697-F1-model_v4 Family 43 glycosylhydrolase	5.598E-61	1.000	2066	31	719	721	6	761	1141	782	0.956	0.663
LOKIASV2_3307_ESMFold_glycoside_hydrolase_family_3_C-terminal_domain-containing_protein	AF-H9UFV3-F1-model_v4	AF-H9UFV3-F1-model_v4 Beta-glucosidase-like glycosyl hydrolase	3.813E-62	1.000	2064	42	719	721	4	695	779	734	0.940	0.888
LOKIASV2_3307_ESMFold_glycoside_hydrolase_family_3_C-terminal_domain-containing_protein	AF-A0A4Q5UVD0-F1-model_v4	AF-A0A4Q5UVD0-F1-model_v4 PA14 domain-containing protein	2.179E-62	1.000	2062	111	721	721	2	732	732	759	0.847	0.999
LOKIASV2_3307_ESMFold_glycoside_hydrolase_family_3_C-terminal_domain-containing_protein	AF-W6MV28-F1-model_v4	AF-W6MV28-F1-model_v4 Beta-glucosidase	8.692E-60	1.000	2056	49	719	721	2	818	828	848	0.931	0.987
LOKIASV2_3307_ESMFold_glycoside_hydrolase_family_3_C-terminal_domain-containing_protein	AF-R5K6U7-F1-model_v4	AF-R5K6U7-F1-model_v4 Glycosyl hydrolase family 3 N-terminal domain protein	1.545E-61	1.000	2054	42	721	721	1	769	850	819	0.943	0.905
LOKIASV2_3307_ESMFold_glycoside_hydrolase_family_3_C-terminal_domain-containing_protein	AF-A0A2S8ACH7-F1-model_v4	AF-A0A2S8ACH7-F1-model_v4 Glycosyl hydrolase	9.798E-61	1.000	2053	33	720	721	42	795	821	790	0.954	0.918
LOKIASV2_3307_ESMFold_glycoside_hydrolase_family_3_C-terminal_domain-containing_protein	AF-A0A354MSV3-F1-model_v4	AF-A0A354MSV3-F1-model_v4 Glycosyl hydrolase	1.349E-58	1.000	2051	55	695	721	1	612	612	664	0.889	1.000
LOKIASV2_3307_ESMFold_glycoside_hydrolase_family_3_C-terminal_domain-containing_protein	AF-F7S6J3-F1-model_v4	AF-F7S6J3-F1-model_v4 Glycoside hydrolase family 3 protein	1.903E-59	1.000	2045	29	719	721	18	803	927	822	0.958	0.848
LOKIASV2_3307_ESMFold_glycoside_hydrolase_family_3_C-terminal_domain-containing_protein	AF-A0A173LKV0-F1-model_v4	AF-A0A173LKV0-F1-model_v4 Thermostable beta-glucosidase B	7.465E-62	1.000	2042	36	720	721	1	667	783	718	0.950	0.852
LOKIASV2_3307_ESMFold_glycoside_hydrolase_family_3_C-terminal_domain-containing_protein	AF-A0A7Z2GEF5-F1-model_v4	AF-A0A7Z2GEF5-F1-model_v4 Beta-glucosidase	2.860E-61	1.000	2041	30	719	721	7	731	736	772	0.957	0.985
LOKIASV2_3307_ESMFold_glycoside_hydrolase_family_3_C-terminal_domain-containing_protein	AF-V2Y2Y9-F1-model_v4	AF-V2Y2Y9-F1-model_v4 Beta-glucosidase	5.252E-60	1.000	2041	44	718	721	138	855	858	756	0.936	0.837
LOKIASV2_3307_ESMFold_glycoside_hydrolase_family_3_C-terminal_domain-containing_protein	AF-A0A1V6CDT2-F1-model_v4	AF-A0A1V6CDT2-F1-model_v4 Periplasmic beta-glucosidase	9.875E-62	1.000	2040	45	721	721	2	704	704	751	0.939	0.999
LOKIASV2_3307_ESMFold_glycoside_hydrolase_family_3_C-terminal_domain-containing_protein	AF-A0A6A6QRK8-F1-model_v4	AF-A0A6A6QRK8-F1-model_v4 Beta-glucosidase	4.166E-59	1.000	2038	31	721	721	1	849	857	886	0.958	0.991
LOKIASV2_3307_ESMFold_glycoside_hydrolase_family_3_C-terminal_domain-containing_protein	AF-A0A395MZD6-F1-model_v4	AF-A0A395MZD6-F1-model_v4 Beta-glucosidase	2.978E-59	1.000	2032	48	721	721	9	816	824	846	0.935	0.981
LOKIASV2_3307_ESMFold_glycoside_hydrolase_family_3_C-terminal_domain-containing_protein	AF-A0A0Q5WL15-F1-model_v4	AF-A0A0Q5WL15-F1-model_v4 Fn3_like domain-containing protein	4.927E-59	1.000	2025	55	719	721	1	685	693	721	0.922	0.988
LOKIASV2_3307_ESMFold_glycoside_hydrolase_family_3_C-terminal_domain-containing_protein	AF-A0A2N9LMD7-F1-model_v4	AF-A0A2N9LMD7-F1-model_v4 Glycoside hydrolase family 3 protein	3.001E-60	1.000	2024	30	721	721	7	738	762	777	0.960	0.961
LOKIASV2_3307_ESMFold_glycoside_hydrolase_family_3_C-terminal_domain-containing_protein	AF-F8PMR0-F1-model_v4	AF-F8PMR0-F1-model_v4 Glycoside hydrolase family 3 protein	7.832E-61	1.000	2023	24	718	721	95	863	865	806	0.964	0.889
LOKIASV2_3307_ESMFold_glycoside_hydrolase_family_3_C-terminal_domain-containing_protein	AF-A0A6A6VNE9-F1-model_v4	AF-A0A6A6VNE9-F1-model_v4 Glycoside hydrolase family 3 protein	7.771E-60	1.000	2022	44	719	721	7	707	708	739	0.938	0.990
LOKIASV2_3307_ESMFold_glycoside_hydrolase_family_3_C-terminal_domain-containing_protein	AF-A0A1S8CNN0-F1-model_v4	AF-A0A1S8CNN0-F1-model_v4 PA14 domain-containing protein	1.918E-60	1.000	2022	31	721	721	4	867	868	899	0.958	0.995
LOKIASV2_3307_ESMFold_glycoside_hydrolase_family_3_C-terminal_domain-containing_protein	AF-A0A3R9PGY5-F1-model_v4	AF-A0A3R9PGY5-F1-model_v4 Beta-glucosidase	4.440E-60	1.000	2013	30	719	721	30	755	970	764	0.957	0.748
LOKIASV2_3307_ESMFold_glycoside_hydrolase_family_3_C-terminal_domain-containing_protein	AF-A0A511TR03-F1-model_v4	AF-A0A511TR03-F1-model_v4 Glycosyl hydrolase	7.348E-60	1.000	2008	55	719	721	1	680	688	716	0.922	0.988
LOKIASV2_3307_ESMFold_glycoside_hydrolase_family_3_C-terminal_domain-containing_protein	AF-A0A2W1X4Y9-F1-model_v4	AF-A0A2W1X4Y9-F1-model_v4 Uncharacterized protein	1.450E-60	1.000	2008	31	719	721	24	952	1109	967	0.956	0.838
LOKIASV2_3307_ESMFold_glycoside_hydrolase_family_3_C-terminal_domain-containing_protein	AF-A0A1I2Q438-F1-model_v4	AF-A0A1I2Q438-F1-model_v4 Beta-glucosidase	3.174E-60	1.000	2004	42	676	721	1	652	669	691	0.881	0.975
LOKIASV2_3307_ESMFold_glycoside_hydrolase_family_3_C-terminal_domain-containing_protein	AF-A0A5M3XMJ0-F1-model_v4	AF-A0A5M3XMJ0-F1-model_v4 Glycosyl hydrolase	8.219E-60	1.000	2003	38	719	721	1	717	718	753	0.946	0.999
LOKIASV2_3307_ESMFold_glycoside_hydrolase_family_3_C-terminal_domain-containing_protein	AF-A0A7X7X0K9-F1-model_v4	AF-A0A7X7X0K9-F1-model_v4 Beta-glucosidase	2.838E-60	1.000	1999	30	719	721	3	758	771	777	0.957	0.981
LOKIASV2_3307_ESMFold_glycoside_hydrolase_family_3_C-terminal_domain-containing_protein	AF-A0A2G8RY69-F1-model_v4	AF-A0A2G8RY69-F1-model_v4 Fn3_like domain-containing protein	2.537E-60	1.000	1998	44	718	721	144	849	851	747	0.936	0.830
LOKIASV2_3307_ESMFold_glycoside_hydrolase_family_3_C-terminal_domain-containing_protein	AF-A0A137QYJ3-F1-model_v4	AF-A0A137QYJ3-F1-model_v4 Beta-glucosidase	9.120E-59	1.000	1994	48	719	721	8	847	857	873	0.932	0.980
LOKIASV2_3307_ESMFold_glycoside_hydrolase_family_3_C-terminal_domain-containing_protein	AF-A0A2C5WR72-F1-model_v4	AF-A0A2C5WR72-F1-model_v4 Beta-glucosidase	1.286E-59	1.000	1992	55	719	721	1	708	709	746	0.922	0.999
LOKIASV2_3307_ESMFold_glycoside_hydrolase_family_3_C-terminal_domain-containing_protein	AF-A0A6N7V6H9-F1-model_v4	AF-A0A6N7V6H9-F1-model_v4 Beta-glucosidase	1.596E-58	1.000	1982	38	721	721	256	1094	1094	873	0.949	0.767
LOKIASV2_3307_ESMFold_glycoside_hydrolase_family_3_C-terminal_domain-containing_protein	AF-A0A2Z7A0Q1-F1-model_v4	AF-A0A2Z7A0Q1-F1-model_v4 Thermostable beta-glucosidase B	5.425E-57	1.000	1975	74	719	721	3	636	639	673	0.896	0.992
LOKIASV2_3307_ESMFold_glycoside_hydrolase_family_3_C-terminal_domain-containing_protein	AF-A0A832M1E4-F1-model_v4	AF-A0A832M1E4-F1-model_v4 Beta-glucosidase	2.498E-58	1.000	1975	97	719	721	5	635	644	674	0.864	0.980
LOKIASV2_3307_ESMFold_glycoside_hydrolase_family_3_C-terminal_domain-containing_protein	AF-R5W579-F1-model_v4	AF-R5W579-F1-model_v4 Putative beta-glucosidase	3.124E-58	1.000	1971	50	721	721	4	652	801	699	0.932	0.810
LOKIASV2_3307_ESMFold_glycoside_hydrolase_family_3_C-terminal_domain-containing_protein	AF-A0A2G8RY98-F1-model_v4	AF-A0A2G8RY98-F1-model_v4 Beta-glucosidase	3.939E-59	1.000	1966	44	718	721	134	882	884	776	0.936	0.847
LOKIASV2_3307_ESMFold_glycoside_hydrolase_family_3_C-terminal_domain-containing_protein	AF-A0A7S4WBQ9-F1-model_v4	AF-A0A7S4WBQ9-F1-model_v4 Hypothetical protein	4.440E-60	1.000	1963	31	721	721	183	1094	1094	946	0.958	0.834
LOKIASV2_3307_ESMFold_glycoside_hydrolase_family_3_C-terminal_domain-containing_protein	AF-A0A818X1J0-F1-model_v4	AF-A0A818X1J0-F1-model_v4 Hypothetical protein	2.478E-57	1.000	1959	85	719	721	3	639	640	685	0.881	0.995
LOKIASV2_3307_ESMFold_glycoside_hydrolase_family_3_C-terminal_domain-containing_protein	AF-A0A848E4Z4-F1-model_v4	AF-A0A848E4Z4-F1-model_v4 Glycosyl hydrolase	1.197E-57	1.000	1958	85	719	721	7	646	656	678	0.881	0.976
LOKIASV2_3307_ESMFold_glycoside_hydrolase_family_3_C-terminal_domain-containing_protein	AF-A0A093V1J0-F1-model_v4	AF-A0A093V1J0-F1-model_v4 Putative beta-glucosidase L	2.954E-58	1.000	1957	44	720	721	14	720	811	744	0.939	0.872
LOKIASV2_3307_ESMFold_glycoside_hydrolase_family_3_C-terminal_domain-containing_protein	AF-A0A813LNG2-F1-model_v4	AF-A0A813LNG2-F1-model_v4 Hypothetical protein	5.005E-61	1.000	1953	4	719	721	100	834	850	801	0.993	0.865
LOKIASV2_3307_ESMFold_glycoside_hydrolase_family_3_C-terminal_domain-containing_protein	AF-A0A497DZF5-F1-model_v4	AF-A0A497DZF5-F1-model_v4 Glycosyl hydrolase	3.550E-60	1.000	1952	30	721	721	21	766	774	792	0.960	0.964
LOKIASV2_3307_ESMFold_glycoside_hydrolase_family_3_C-terminal_domain-containing_protein	AF-S3C196-F1-model_v4	AF-S3C196-F1-model_v4 Beta-glucosidase	1.349E-58	1.000	1951	44	721	721	31	788	788	798	0.940	0.962
LOKIASV2_3307_ESMFold_glycoside_hydrolase_family_3_C-terminal_domain-containing_protein	AF-A0A662C809-F1-model_v4	AF-A0A662C809-F1-model_v4 Beta-glucosidase	2.838E-60	1.000	1948	34	721	721	1	754	754	799	0.954	1.000
LOKIASV2_3307_ESMFold_glycoside_hydrolase_family_3_C-terminal_domain-containing_protein	AF-A0A2S7PF06-F1-model_v4	AF-A0A2S7PF06-F1-model_v4 Glycosyl hydrolase family 3 N terminal domain-containing protein	3.939E-59	1.000	1941	29	718	721	62	825	828	802	0.957	0.923
LOKIASV2_3307_ESMFold_glycoside_hydrolase_family_3_C-terminal_domain-containing_protein	AF-A8Q3N2-F1-model_v4	AF-A8Q3N2-F1-model_v4 Fn3_like domain-containing protein	9.049E-58	1.000	1937	30	718	721	21	775	776	783	0.956	0.973
LOKIASV2_3307_ESMFold_glycoside_hydrolase_family_3_C-terminal_domain-containing_protein	AF-A0A0D2H6S0-F1-model_v4	AF-A0A0D2H6S0-F1-model_v4 Unplaced genomic scaffold supercont1.1, whole genome shotgun sequence	1.785E-58	1.000	1936	1	720	721	1	785	790	821	0.999	0.994
LOKIASV2_3307_ESMFold_glycoside_hydrolase_family_3_C-terminal_domain-containing_protein	AF-A0A2A4RCH1-F1-model_v4	AF-A0A2A4RCH1-F1-model_v4 Glucan 1,4-alpha-glucosidase	1.965E-56	1.000	1936	32	721	721	1	885	886	927	0.957	0.999
LOKIASV2_3307_ESMFold_glycoside_hydrolase_family_3_C-terminal_domain-containing_protein	AF-K0KTX9-F1-model_v4	AF-K0KTX9-F1-model_v4 Beta-glucosidase	6.840E-58	1.000	1929	30	719	721	389	1234	1236	872	0.957	0.684
LOKIASV2_3307_ESMFold_glycoside_hydrolase_family_3_C-terminal_domain-containing_protein	AF-A0A517MQR8-F1-model_v4	AF-A0A517MQR8-F1-model_v4 Periplasmic beta-glucosidase	7.771E-60	1.000	1927	30	721	721	74	820	820	780	0.960	0.911
LOKIASV2_3307_ESMFold_glycoside_hydrolase_family_3_C-terminal_domain-containing_protein	AF-R5F2X7-F1-model_v4	AF-R5F2X7-F1-model_v4 Fn3_like domain-containing protein	1.070E-57	1.000	1924	30	719	721	6	741	766	773	0.957	0.961
LOKIASV2_3307_ESMFold_glycoside_hydrolase_family_3_C-terminal_domain-containing_protein	AF-N4V718-F1-model_v4	AF-N4V718-F1-model_v4 Beta-glucosidase	1.584E-57	1.000	1924	35	721	721	1	835	835	868	0.953	1.000
LOKIASV2_3307_ESMFold_glycoside_hydrolase_family_3_C-terminal_domain-containing_protein	AF-A0A1I6KK33-F1-model_v4	AF-A0A1I6KK33-F1-model_v4 Beta-glucosidase	2.343E-57	1.000	1921	42	718	721	22	712	718	740	0.939	0.962
LOKIASV2_3307_ESMFold_glycoside_hydrolase_family_3_C-terminal_domain-containing_protein	AF-A0A1B8G8L7-F1-model_v4	AF-A0A1B8G8L7-F1-model_v4 Beta-glucosidase	2.621E-57	1.000	1920	31	719	721	19	852	862	875	0.956	0.968
LOKIASV2_3307_ESMFold_glycoside_hydrolase_family_3_C-terminal_domain-containing_protein	AF-A0A1Z7ZHZ2-F1-model_v4	AF-A0A1Z7ZHZ2-F1-model_v4 Glycosyl hydrolase	5.252E-60	1.000	1919	31	721	721	1	750	750	794	0.958	1.000
LOKIASV2_3307_ESMFold_glycoside_hydrolase_family_3_C-terminal_domain-containing_protein	AF-R1CX50-F1-model_v4	AF-R1CX50-F1-model_v4 Beta-glucosidase	4.133E-58	1.000	1914	42	721	721	6	706	706	746	0.943	0.993
LOKIASV2_3307_ESMFold_glycoside_hydrolase_family_3_C-terminal_domain-containing_protein	AF-A0A1G0TEK4-F1-model_v4	AF-A0A1G0TEK4-F1-model_v4 Glycosyl hydrolase	2.517E-59	1.000	1914	31	721	721	2	729	730	769	0.958	0.997
LOKIASV2_3307_ESMFold_glycoside_hydrolase_family_3_C-terminal_domain-containing_protein	AF-A0LVH1-F1-model_v4	AF-A0LVH1-F1-model_v4 Beta-glucosidase	1.132E-57	1.000	1913	29	719	721	35	894	897	899	0.958	0.959
LOKIASV2_3307_ESMFold_glycoside_hydrolase_family_3_C-terminal_domain-containing_protein	AF-R6PU68-F1-model_v4	AF-R6PU68-F1-model_v4 Beta-glucosidase	1.070E-57	1.000	1905	31	719	721	9	760	784	783	0.956	0.959
LOKIASV2_3307_ESMFold_glycoside_hydrolase_family_3_C-terminal_domain-containing_protein	AF-A0A2S1YJE5-F1-model_v4	AF-A0A2S1YJE5-F1-model_v4 Glycosyl hydrolase	1.521E-59	1.000	1900	30	721	721	2	741	743	780	0.960	0.996
LOKIASV2_3307_ESMFold_glycoside_hydrolase_family_3_C-terminal_domain-containing_protein	AF-A0A7H1NU87-F1-model_v4	AF-A0A7H1NU87-F1-model_v4 Fn3_like domain-containing protein	4.659E-59	1.000	1898	12	719	721	48	864	872	843	0.982	0.937
LOKIASV2_3307_ESMFold_glycoside_hydrolase_family_3_C-terminal_domain-containing_protein	AF-A0A7V4JJR1-F1-model_v4	AF-A0A7V4JJR1-F1-model_v4 Beta-glucosidase	6.468E-58	1.000	1896	30	721	721	24	874	875	899	0.960	0.973
LOKIASV2_3307_ESMFold_glycoside_hydrolase_family_3_C-terminal_domain-containing_protein	AF-A0A6A6P2P1-F1-model_v4	AF-A0A6A6P2P1-F1-model_v4 Glycoside hydrolase family 3 protein	1.771E-57	1.000	1891	10	718	721	5	902	902	918	0.983	0.996
LOKIASV2_3307_ESMFold_glycoside_hydrolase_family_3_C-terminal_domain-containing_protein	AF-A0A543C0U7-F1-model_v4	AF-A0A543C0U7-F1-model_v4 Beta-glucosidase-like glycosyl hydrolase	3.638E-56	1.000	1885	32	721	721	27	795	1203	805	0.957	0.639
LOKIASV2_3307_ESMFold_glycoside_hydrolase_family_3_C-terminal_domain-containing_protein	AF-A0A0Q9J2I7-F1-model_v4	AF-A0A0Q9J2I7-F1-model_v4 Fn3_like domain-containing protein	1.744E-55	1.000	1884	34	717	721	1	830	852	860	0.949	0.974
LOKIASV2_3307_ESMFold_glycoside_hydrolase_family_3_C-terminal_domain-containing_protein	AF-A0A850MZQ9-F1-model_v4	AF-A0A850MZQ9-F1-model_v4 Beta-glucosidase	2.793E-58	1.000	1882	44	721	721	24	737	739	750	0.940	0.966
LOKIASV2_3307_ESMFold_glycoside_hydrolase_family_3_C-terminal_domain-containing_protein	AF-A0A4Y8TTD0-F1-model_v4	AF-A0A4Y8TTD0-F1-model_v4 Glycosyl hydrolase	1.012E-57	1.000	1881	39	721	721	10	757	776	794	0.947	0.964
LOKIASV2_3307_ESMFold_glycoside_hydrolase_family_3_C-terminal_domain-containing_protein	AF-A0A832LL59-F1-model_v4	AF-A0A832LL59-F1-model_v4 Glycosyl hydrolase	1.675E-57	1.000	1877	55	721	721	1	692	700	736	0.925	0.989
LOKIASV2_3307_ESMFold_glycoside_hydrolase_family_3_C-terminal_domain-containing_protein	AF-B5CV99-F1-model_v4	AF-B5CV99-F1-model_v4 Glycosyl hydrolase family 3 C-terminal domain protein	8.489E-57	1.000	1877	28	721	721	8	779	912	815	0.963	0.846
LOKIASV2_3307_ESMFold_glycoside_hydrolase_family_3_C-terminal_domain-containing_protein	AF-A0A0B2WEQ5-F1-model_v4	AF-A0A0B2WEQ5-F1-model_v4 Glycoside hydrolase, family 3	8.978E-57	1.000	1871	22	719	721	38	798	800	808	0.968	0.951
LOKIASV2_3307_ESMFold_glycoside_hydrolase_family_3_C-terminal_domain-containing_protein	AF-A0A812YLW0-F1-model_v4	AF-A0A812YLW0-F1-model_v4 BglI protein	2.600E-56	1.000	1871	44	720	721	42	893	897	888	0.939	0.950
LOKIASV2_3307_ESMFold_glycoside_hydrolase_family_3_C-terminal_domain-containing_protein	AF-A0A2K1QIW5-F1-model_v4	AF-A0A2K1QIW5-F1-model_v4 Beta-glucosidase 1	4.337E-57	1.000	1870	1	721	721	90	996	1045	930	1.000	0.868
LOKIASV2_3307_ESMFold_glycoside_hydrolase_family_3_C-terminal_domain-containing_protein	AF-A0A497QXU9-F1-model_v4	AF-A0A497QXU9-F1-model_v4 Glycosyl hydrolase	2.401E-53	1.000	1869	156	721	721	4	544	544	575	0.785	0.994
LOKIASV2_3307_ESMFold_glycoside_hydrolase_family_3_C-terminal_domain-containing_protein	AF-A0A6A6I777-F1-model_v4	AF-A0A6A6I777-F1-model_v4 Glycoside hydrolase family 3 protein	5.383E-56	1.000	1869	44	719	721	11	771	772	799	0.938	0.986
LOKIASV2_3307_ESMFold_glycoside_hydrolase_family_3_C-terminal_domain-containing_protein	AF-A0A813BMP7-F1-model_v4	AF-A0A813BMP7-F1-model_v4 BglB protein	9.645E-59	1.000	1869	6	719	721	106	885	889	835	0.990	0.877
LOKIASV2_3307_ESMFold_glycoside_hydrolase_family_3_C-terminal_domain-containing_protein	AF-A0A7Y3L6R0-F1-model_v4	AF-A0A7Y3L6R0-F1-model_v4 Beta-glucosidase	9.963E-56	1.000	1867	30	721	721	34	861	861	871	0.960	0.962
LOKIASV2_3307_ESMFold_glycoside_hydrolase_family_3_C-terminal_domain-containing_protein	AF-A0A1T3W595-F1-model_v4	AF-A0A1T3W595-F1-model_v4 Glycosyl hydrolase	3.974E-53	1.000	1865	51	657	721	4	584	585	623	0.842	0.993
LOKIASV2_3307_ESMFold_glycoside_hydrolase_family_3_C-terminal_domain-containing_protein	AF-A0A1F7ZWR3-F1-model_v4	AF-A0A1F7ZWR3-F1-model_v4 Beta-glucosidase	5.383E-56	1.000	1862	31	719	721	33	797	798	807	0.956	0.959
LOKIASV2_3307_ESMFold_glycoside_hydrolase_family_3_C-terminal_domain-containing_protein	AF-A0A316U9J1-F1-model_v4	AF-A0A316U9J1-F1-model_v4 Glycoside hydrolase	3.638E-56	1.000	1860	26	719	721	5	896	904	918	0.963	0.987
LOKIASV2_3307_ESMFold_glycoside_hydrolase_family_3_C-terminal_domain-containing_protein	AF-A0A2N0HFV0-F1-model_v4	AF-A0A2N0HFV0-F1-model_v4 Beta-glucosidase	7.590E-57	1.000	1852	39	721	721	10	745	745	778	0.947	0.988
LOKIASV2_3307_ESMFold_glycoside_hydrolase_family_3_C-terminal_domain-containing_protein	AF-A0A6A5ZTM5-F1-model_v4	AF-A0A6A5ZTM5-F1-model_v4 Avenacinase	1.486E-56	1.000	1852	31	718	721	2	785	787	822	0.954	0.996
LOKIASV2_3307_ESMFold_glycoside_hydrolase_family_3_C-terminal_domain-containing_protein	AF-A0A1B7THX0-F1-model_v4	AF-A0A1B7THX0-F1-model_v4 Glycoside hydrolase	4.551E-56	1.000	1849	21	719	721	49	910	912	892	0.969	0.945
LOKIASV2_3307_ESMFold_glycoside_hydrolase_family_3_C-terminal_domain-containing_protein	AF-A0A1Y2BUW3-F1-model_v4	AF-A0A1Y2BUW3-F1-model_v4 Beta-glucosidase	4.851E-57	1.000	1844	30	721	721	14	730	731	762	0.960	0.981
LOKIASV2_3307_ESMFold_glycoside_hydrolase_family_3_C-terminal_domain-containing_protein	AF-A0A271IWF2-F1-model_v4	AF-A0A271IWF2-F1-model_v4 PA14 domain-containing protein	4.269E-55	1.000	1842	29	721	721	7	851	852	896	0.961	0.992
LOKIASV2_3307_ESMFold_glycoside_hydrolase_family_3_C-terminal_domain-containing_protein	AF-A0A3N4KC50-F1-model_v4	AF-A0A3N4KC50-F1-model_v4 Glycoside hydrolase family 3 protein	3.878E-57	1.000	1838	30	721	721	6	768	768	799	0.960	0.993
LOKIASV2_3307_ESMFold_glycoside_hydrolase_family_3_C-terminal_domain-containing_protein	AF-A0A5N6JZP3-F1-model_v4	AF-A0A5N6JZP3-F1-model_v4 Beta-glucosidase	1.474E-55	1.000	1838	33	719	721	82	856	857	810	0.953	0.904
LOKIASV2_3307_ESMFold_glycoside_hydrolase_family_3_C-terminal_domain-containing_protein	AF-A0A358N9T9-F1-model_v4	AF-A0A358N9T9-F1-model_v4 GH26 domain-containing protein	3.638E-56	1.000	1837	31	721	721	347	1113	1130	812	0.958	0.679
LOKIASV2_3307_ESMFold_glycoside_hydrolase_family_3_C-terminal_domain-containing_protein	AF-A0A4R1IZ39-F1-model_v4	AF-A0A4R1IZ39-F1-model_v4 Beta-glucosidase	1.981E-57	1.000	1833	30	721	721	2	740	741	779	0.960	0.997
LOKIASV2_3307_ESMFold_glycoside_hydrolase_family_3_C-terminal_domain-containing_protein	AF-A0A2P2H6J9-F1-model_v4	AF-A0A2P2H6J9-F1-model_v4 Beta-glucosidase	3.609E-55	1.000	1831	26	719	721	204	982	983	818	0.963	0.792
LOKIASV2_3307_ESMFold_glycoside_hydrolase_family_3_C-terminal_domain-containing_protein	AF-A0A1U9NNJ8-F1-model_v4	AF-A0A1U9NNJ8-F1-model_v4 Periplasmic beta-glucosidase	2.233E-58	1.000	1827	1	721	721	1	794	930	836	1.000	0.854
LOKIASV2_3307_ESMFold_glycoside_hydrolase_family_3_C-terminal_domain-containing_protein	AF-A0A3M1GT71-F1-model_v4	AF-A0A3M1GT71-F1-model_v4 Beta-glucosidase	7.964E-56	1.000	1823	36	721	721	1	755	755	800	0.951	1.000
LOKIASV2_3307_ESMFold_glycoside_hydrolase_family_3_C-terminal_domain-containing_protein	AF-A0A4V2KSW5-F1-model_v4	AF-A0A4V2KSW5-F1-model_v4 Fn3_like domain-containing protein	1.965E-56	1.000	1822	34	719	721	32	872	875	886	0.951	0.961
LOKIASV2_3307_ESMFold_glycoside_hydrolase_family_3_C-terminal_domain-containing_protein	AF-G0L0T0-F1-model_v4	AF-G0L0T0-F1-model_v4 Xylosidase/arabinosidase, family GH3	1.662E-56	1.000	1820	31	721	721	2	737	738	787	0.958	0.997
LOKIASV2_3307_ESMFold_glycoside_hydrolase_family_3_C-terminal_domain-containing_protein	AF-A0A3M2SVG6-F1-model_v4	AF-A0A3M2SVG6-F1-model_v4 Fn3_like domain-containing protein	1.547E-54	1.000	1816	5	718	721	141	1023	1023	910	0.990	0.863
LOKIASV2_3307_ESMFold_glycoside_hydrolase_family_3_C-terminal_domain-containing_protein	AF-M2ZMP3-F1-model_v4	AF-M2ZMP3-F1-model_v4 Beta-glucosidase	6.681E-55	1.000	1814	5	721	721	34	813	813	820	0.994	0.959
LOKIASV2_3307_ESMFold_glycoside_hydrolase_family_3_C-terminal_domain-containing_protein	AF-A0A434ADF2-F1-model_v4	AF-A0A434ADF2-F1-model_v4 Beta-glucosidase BglX	1.070E-57	1.000	1812	30	721	721	3	763	763	796	0.960	0.997
LOKIASV2_3307_ESMFold_glycoside_hydrolase_family_3_C-terminal_domain-containing_protein	AF-A0A1M4SZT5-F1-model_v4	AF-A0A1M4SZT5-F1-model_v4 Beta-glucosidase	1.830E-54	1.000	1810	30	721	721	43	899	899	904	0.960	0.953
LOKIASV2_3307_ESMFold_glycoside_hydrolase_family_3_C-terminal_domain-containing_protein	AF-A0A180ESU2-F1-model_v4	AF-A0A180ESU2-F1-model_v4 Fn3_like domain-containing protein	9.963E-56	1.000	1809	40	721	721	5	749	753	791	0.946	0.989
LOKIASV2_3307_ESMFold_glycoside_hydrolase_family_3_C-terminal_domain-containing_protein	AF-A0A1D1VIC0-F1-model_v4	AF-A0A1D1VIC0-F1-model_v4 Fn3_like domain-containing protein	4.813E-56	1.000	1805	30	721	721	22	748	800	766	0.960	0.909
LOKIASV2_3307_ESMFold_glycoside_hydrolase_family_3_C-terminal_domain-containing_protein	AF-A0A1H7RST1-F1-model_v4	AF-A0A1H7RST1-F1-model_v4 Beta-glucosidase	3.847E-56	1.000	1803	30	721	721	7	766	766	802	0.960	0.992
LOKIASV2_3307_ESMFold_glycoside_hydrolase_family_3_C-terminal_domain-containing_protein	AF-A0A3N5P0N0-F1-model_v4	AF-A0A3N5P0N0-F1-model_v4 PA14 domain-containing protein	7.531E-56	1.000	1800	32	598	721	8	709	709	725	0.786	0.990
LOKIASV2_3307_ESMFold_glycoside_hydrolase_family_3_C-terminal_domain-containing_protein	AF-A0A1Q7S4S9-F1-model_v4	AF-A0A1Q7S4S9-F1-model_v4 Glycosyl hydrolase	1.012E-57	1.000	1799	35	721	721	1	724	728	764	0.953	0.995
LOKIASV2_3307_ESMFold_glycoside_hydrolase_family_3_C-terminal_domain-containing_protein	AF-A0A3N4KD82-F1-model_v4	AF-A0A3N4KD82-F1-model_v4 CBM1 domain-containing protein	4.005E-54	1.000	1797	31	716	721	7	842	935	873	0.951	0.894
LOKIASV2_3307_ESMFold_glycoside_hydrolase_family_3_C-terminal_domain-containing_protein	AF-A0A838J2Y2-F1-model_v4	AF-A0A838J2Y2-F1-model_v4 Glycoside hydrolase family 3 C-terminal domain-containing protein	7.121E-56	1.000	1794	135	721	721	2	726	732	754	0.814	0.990
LOKIASV2_3307_ESMFold_glycoside_hydrolase_family_3_C-terminal_domain-containing_protein	AF-A0A3S3UUJ8-F1-model_v4	AF-A0A3S3UUJ8-F1-model_v4 Beta-glucosidase	1.981E-57	1.000	1793	31	719	721	23	739	740	765	0.956	0.969
LOKIASV2_3307_ESMFold_glycoside_hydrolase_family_3_C-terminal_domain-containing_protein	AF-A0A167Z4U1-F1-model_v4	AF-A0A167Z4U1-F1-model_v4 Glycoside hydrolase family 3 protein	5.090E-56	1.000	1791	30	706	721	20	714	1093	744	0.939	0.636
LOKIASV2_3307_ESMFold_glycoside_hydrolase_family_3_C-terminal_domain-containing_protein	AF-A0A1Y2DP58-F1-model_v4	AF-A0A1Y2DP58-F1-model_v4 Fn3_like domain-containing protein	5.010E-54	1.000	1789	52	719	721	9	835	836	858	0.926	0.989
LOKIASV2_3307_ESMFold_glycoside_hydrolase_family_3_C-terminal_domain-containing_protein	AF-A0A2H0IK95-F1-model_v4	AF-A0A2H0IK95-F1-model_v4 Beta-glucosidase BglX	4.813E-56	1.000	1788	42	721	721	1	724	726	764	0.943	0.997
LOKIASV2_3307_ESMFold_glycoside_hydrolase_family_3_C-terminal_domain-containing_protein	AF-A0A2S7I6S3-F1-model_v4	AF-A0A2S7I6S3-F1-model_v4 Beta-glucosidase BglX	9.420E-56	1.000	1788	29	721	721	8	738	739	771	0.961	0.989
LOKIASV2_3307_ESMFold_glycoside_hydrolase_family_3_C-terminal_domain-containing_protein	AF-A0A7L6N4W5-F1-model_v4	AF-A0A7L6N4W5-F1-model_v4 Beta-glucosidase	3.413E-55	1.000	1787	47	721	721	4	697	698	740	0.936	0.994
LOKIASV2_3307_ESMFold_glycoside_hydrolase_family_3_C-terminal_domain-containing_protein	AF-A0A543CU84-F1-model_v4	AF-A0A543CU84-F1-model_v4 Beta-glucosidase	2.560E-54	1.000	1787	31	721	721	30	980	980	975	0.958	0.970
LOKIASV2_3307_ESMFold_glycoside_hydrolase_family_3_C-terminal_domain-containing_protein	AF-A0A0T0M7W1-F1-model_v4	AF-A0A0T0M7W1-F1-model_v4 Beta-glucosidase	6.733E-56	1.000	1783	31	720	721	8	738	740	774	0.957	0.988
LOKIASV2_3307_ESMFold_glycoside_hydrolase_family_3_C-terminal_domain-containing_protein	AF-A0A1G0B1U9-F1-model_v4	AF-A0A1G0B1U9-F1-model_v4 Glycosyl hydrolase	4.551E-56	1.000	1781	55	721	721	1	704	704	745	0.925	1.000
LOKIASV2_3307_ESMFold_glycoside_hydrolase_family_3_C-terminal_domain-containing_protein	AF-A0A174BEZ2-F1-model_v4	AF-A0A174BEZ2-F1-model_v4 Beta-glucosidase-related glycosidases	8.908E-56	1.000	1781	31	721	721	8	728	728	783	0.958	0.990
LOKIASV2_3307_ESMFold_glycoside_hydrolase_family_3_C-terminal_domain-containing_protein	AF-A0A2V7R2G5-F1-model_v4	AF-A0A2V7R2G5-F1-model_v4 Glycosyl hydrolase	2.459E-56	1.000	1780	31	721	721	1	708	709	764	0.958	0.999
LOKIASV2_3307_ESMFold_glycoside_hydrolase_family_3_C-terminal_domain-containing_protein	AF-A0A1S9RM25-F1-model_v4	AF-A0A1S9RM25-F1-model_v4 Beta-glucosidase	1.106E-54	1.000	1779	50	721	721	21	855	855	872	0.932	0.977
LOKIASV2_3307_ESMFold_glycoside_hydrolase_family_3_C-terminal_domain-containing_protein	AF-A0A2V3Y715-F1-model_v4	AF-A0A2V3Y715-F1-model_v4 Beta-glucosidase	8.838E-55	1.000	1777	40	721	721	11	759	761	798	0.946	0.984
LOKIASV2_3307_ESMFold_glycoside_hydrolase_family_3_C-terminal_domain-containing_protein	AF-A0A7C4PN61-F1-model_v4	AF-A0A7C4PN61-F1-model_v4 Glycoside hydrolase family 3 protein	4.375E-51	1.000	1775	48	596	721	4	538	539	572	0.761	0.993
LOKIASV2_3307_ESMFold_glycoside_hydrolase_family_3_C-terminal_domain-containing_protein	AF-T5AE63-F1-model_v4	AF-T5AE63-F1-model_v4 Glycoside hydrolase, family 3	1.950E-55	1.000	1773	48	721	721	2	752	763	797	0.935	0.984
LOKIASV2_3307_ESMFold_glycoside_hydrolase_family_3_C-terminal_domain-containing_protein	AF-A0A545T3C3-F1-model_v4	AF-A0A545T3C3-F1-model_v4 Beta-glucosidase BglX	1.178E-55	1.000	1771	55	721	721	1	711	712	738	0.925	0.999
LOKIASV2_3307_ESMFold_glycoside_hydrolase_family_3_C-terminal_domain-containing_protein	AF-A0A7C5NW01-F1-model_v4	AF-A0A7C5NW01-F1-model_v4 Beta-glucosidase BglX	1.256E-56	1.000	1770	1	719	721	1	748	760	814	0.997	0.984
LOKIASV2_3307_ESMFold_glycoside_hydrolase_family_3_C-terminal_domain-containing_protein	AF-A0A386HUS3-F1-model_v4	AF-A0A386HUS3-F1-model_v4 Beta-glucosidase	1.744E-55	1.000	1770	28	721	721	41	801	802	813	0.963	0.949
LOKIASV2_3307_ESMFold_glycoside_hydrolase_family_3_C-terminal_domain-containing_protein	AF-A0A1F3M6E3-F1-model_v4	AF-A0A1F3M6E3-F1-model_v4 Glycosyl hydrolase	8.838E-55	1.000	1768	55	721	721	1	702	702	740	0.925	1.000
LOKIASV2_3307_ESMFold_glycoside_hydrolase_family_3_C-terminal_domain-containing_protein	AF-A0A410YJ89-F1-model_v4	AF-A0A410YJ89-F1-model_v4 Glycosyl hydrolase	1.318E-55	1.000	1767	31	721	721	1	755	777	799	0.958	0.972
LOKIASV2_3307_ESMFold_glycoside_hydrolase_family_3_C-terminal_domain-containing_protein	AF-A0A349NF37-F1-model_v4	AF-A0A349NF37-F1-model_v4 Glycosyl hydrolase	1.160E-53	1.000	1766	99	719	721	18	666	690	679	0.861	0.941
LOKIASV2_3307_ESMFold_glycoside_hydrolase_family_3_C-terminal_domain-containing_protein	AF-G2QSH6-F1-model_v4	AF-G2QSH6-F1-model_v4 Glycoside hydrolase family 3 protein	5.926E-54	1.000	1766	85	719	721	3	691	692	729	0.881	0.996
LOKIASV2_3307_ESMFold_glycoside_hydrolase_family_3_C-terminal_domain-containing_protein	AF-A0A1C7MG99-F1-model_v4	AF-A0A1C7MG99-F1-model_v4 Beta-glucosidase	3.004E-53	1.000	1764	41	719	721	7	815	825	866	0.942	0.981
LOKIASV2_3307_ESMFold_glycoside_hydrolase_family_3_C-terminal_domain-containing_protein	AF-A0A087AYU1-F1-model_v4	AF-A0A087AYU1-F1-model_v4 Putative glycosyl hydrolase	1.716E-53	1.000	1763	120	721	721	2	587	728	628	0.835	0.805
LOKIASV2_3307_ESMFold_glycoside_hydrolase_family_3_C-terminal_domain-containing_protein	AF-A0A1H0KIB9-F1-model_v4	AF-A0A1H0KIB9-F1-model_v4 Beta-glucosidase	2.439E-55	1.000	1763	31	721	721	12	763	763	803	0.958	0.986
LOKIASV2_3307_ESMFold_glycoside_hydrolase_family_3_C-terminal_domain-containing_protein	AF-A0A0R2RUI8-F1-model_v4	AF-A0A0R2RUI8-F1-model_v4 Fn3_like domain-containing protein	3.878E-57	1.000	1760	37	721	721	1	739	740	792	0.950	0.999
LOKIASV2_3307_ESMFold_glycoside_hydrolase_family_3_C-terminal_domain-containing_protein	AF-A0A5B1B7N3-F1-model_v4	AF-A0A5B1B7N3-F1-model_v4 Beta-glucosidase BglX	7.121E-56	1.000	1758	55	721	721	1	718	719	761	0.925	0.999
LOKIASV2_3307_ESMFold_glycoside_hydrolase_family_3_C-terminal_domain-containing_protein	AF-L7HSW0-F1-model_v4	AF-L7HSW0-F1-model_v4 Beta-glucosidase	1.815E-53	1.000	1756	24	721	721	10	774	969	807	0.968	0.789
LOKIASV2_3307_ESMFold_glycoside_hydrolase_family_3_C-terminal_domain-containing_protein	AF-F9XBV5-F1-model_v4	AF-F9XBV5-F1-model_v4 Beta-glucosidase	1.106E-54	1.000	1751	13	719	721	51	863	864	862	0.981	0.941
LOKIASV2_3307_ESMFold_glycoside_hydrolase_family_3_C-terminal_domain-containing_protein	AF-K5BT09-F1-model_v4	AF-K5BT09-F1-model_v4 Fn3_like domain-containing protein	7.964E-56	1.000	1751	32	721	721	19	769	1195	792	0.957	0.628
LOKIASV2_3307_ESMFold_glycoside_hydrolase_family_3_C-terminal_domain-containing_protein	AF-A0A7K1A051-F1-model_v4	AF-A0A7K1A051-F1-model_v4 Fn3_like domain-containing protein	9.731E-53	1.000	1749	115	719	721	2	620	654	653	0.839	0.946
LOKIASV2_3307_ESMFold_glycoside_hydrolase_family_3_C-terminal_domain-containing_protein	AF-A0A3E2BJR1-F1-model_v4	AF-A0A3E2BJR1-F1-model_v4 Beta-glucosidase / beta-xylosidase	6.218E-53	1.000	1749	1	720	721	15	900	902	936	0.999	0.982
LOKIASV2_3307_ESMFold_glycoside_hydrolase_family_3_C-terminal_domain-containing_protein	AF-Q0CE57-F1-model_v4	AF-Q0CE57-F1-model_v4 Fn3_like domain-containing protein	3.386E-54	1.000	1748	32	721	721	34	794	794	809	0.957	0.958
LOKIASV2_3307_ESMFold_glycoside_hydrolase_family_3_C-terminal_domain-containing_protein	AF-A0A3D1I8H8-F1-model_v4	AF-A0A3D1I8H8-F1-model_v4 Beta-glucosidase	1.905E-52	1.000	1746	83	721	721	11	625	626	671	0.886	0.982
LOKIASV2_3307_ESMFold_glycoside_hydrolase_family_3_C-terminal_domain-containing_protein	AF-A0A497AA86-F1-model_v4	AF-A0A497AA86-F1-model_v4 Beta-glucosidase	1.106E-54	1.000	1745	45	654	721	2	741	743	775	0.846	0.996
LOKIASV2_3307_ESMFold_glycoside_hydrolase_family_3_C-terminal_domain-containing_protein	AF-A0A7Z0P635-F1-model_v4	AF-A0A7Z0P635-F1-model_v4 Beta-glucosidase BglX	3.227E-55	1.000	1743	31	721	721	12	763	763	798	0.958	0.986
LOKIASV2_3307_ESMFold_glycoside_hydrolase_family_3_C-terminal_domain-containing_protein	AF-A0A4V2BCW4-F1-model_v4	AF-A0A4V2BCW4-F1-model_v4 Beta-glucosidase BglX	7.121E-56	1.000	1743	30	721	721	15	749	777	785	0.960	0.946
LOKIASV2_3307_ESMFold_glycoside_hydrolase_family_3_C-terminal_domain-containing_protein	AF-A0A1H1Q7T0-F1-model_v4	AF-A0A1H1Q7T0-F1-model_v4 Beta-glucosidase	8.769E-54	1.000	1742	41	720	721	10	754	756	790	0.943	0.985
LOKIASV2_3307_ESMFold_glycoside_hydrolase_family_3_C-terminal_domain-containing_protein	AF-A0A396M6D8-F1-model_v4	AF-A0A396M6D8-F1-model_v4 Glycosyl hydrolase	2.307E-55	1.000	1742	31	719	721	32	759	762	770	0.956	0.955
LOKIASV2_3307_ESMFold_glycoside_hydrolase_family_3_C-terminal_domain-containing_protein	AF-A0A166SSQ9-F1-model_v4	AF-A0A166SSQ9-F1-model_v4 Beta-glucosidase 2 protein	8.357E-55	1.000	1741	61	719	721	2	718	721	765	0.914	0.994
LOKIASV2_3307_ESMFold_glycoside_hydrolase_family_3_C-terminal_domain-containing_protein	AF-F8WWC3-F1-model_v4	AF-F8WWC3-F1-model_v4 Fn3_like domain-containing protein	4.775E-55	1.000	1741	44	721	721	27	795	796	806	0.940	0.966
LOKIASV2_3307_ESMFold_glycoside_hydrolase_family_3_C-terminal_domain-containing_protein	AF-A0A6I4TTA2-F1-model_v4	AF-A0A6I4TTA2-F1-model_v4 PA14 domain-containing protein	7.902E-55	1.000	1737	37	719	721	43	901	905	896	0.947	0.949
LOKIASV2_3307_ESMFold_glycoside_hydrolase_family_3_C-terminal_domain-containing_protein	AF-A0A7X7DL91-F1-model_v4	AF-A0A7X7DL91-F1-model_v4 Beta-glucosidase	2.686E-53	1.000	1724	40	721	721	9	752	753	792	0.946	0.988
LOKIASV2_3307_ESMFold_glycoside_hydrolase_family_3_C-terminal_domain-containing_protein	AF-A0A7Y0WAH1-F1-model_v4	AF-A0A7Y0WAH1-F1-model_v4 Beta-glucosidase BglX	2.707E-54	1.000	1716	31	721	721	11	763	763	803	0.958	0.987
LOKIASV2_3307_ESMFold_glycoside_hydrolase_family_3_C-terminal_domain-containing_protein	AF-C6XWK6-F1-model_v4	AF-C6XWK6-F1-model_v4 Glycoside hydrolase family 3 domain protein	4.236E-54	1.000	1714	42	721	721	30	737	738	761	0.943	0.959
LOKIASV2_3307_ESMFold_glycoside_hydrolase_family_3_C-terminal_domain-containing_protein	AF-A0A399Y4A1-F1-model_v4	AF-A0A399Y4A1-F1-model_v4 Fn3_like domain-containing protein	1.383E-54	1.000	1712	42	721	721	59	730	737	736	0.943	0.912
LOKIASV2_3307_ESMFold_glycoside_hydrolase_family_3_C-terminal_domain-containing_protein	AF-A0A7T1WT98-F1-model_v4	AF-A0A7T1WT98-F1-model_v4 Glycosyl hydrolase	2.289E-54	1.000	1711	30	721	721	73	825	825	796	0.960	0.913
LOKIASV2_3307_ESMFold_glycoside_hydrolase_family_3_C-terminal_domain-containing_protein	AF-A0A495JDW0-F1-model_v4	AF-A0A495JDW0-F1-model_v4 Beta-glucosidase	3.004E-53	1.000	1708	30	721	721	42	834	863	834	0.960	0.919
LOKIASV2_3307_ESMFold_glycoside_hydrolase_family_3_C-terminal_domain-containing_protein	AF-A0A074WMX8-F1-model_v4	AF-A0A074WMX8-F1-model_v4 Beta-glucosidase	1.905E-52	1.000	1707	34	718	721	55	885	946	865	0.950	0.878
LOKIASV2_3307_ESMFold_glycoside_hydrolase_family_3_C-terminal_domain-containing_protein	AF-A0A660LCN9-F1-model_v4	AF-A0A660LCN9-F1-model_v4 Beta-glucosidase	2.707E-54	1.000	1706	59	719	721	2	724	725	798	0.917	0.997
LOKIASV2_3307_ESMFold_glycoside_hydrolase_family_3_C-terminal_domain-containing_protein	AF-A0A349DCJ4-F1-model_v4	AF-A0A349DCJ4-F1-model_v4 Glycosyl hydrolase	6.074E-50	1.000	1702	39	634	721	14	605	605	634	0.827	0.979
LOKIASV2_3307_ESMFold_glycoside_hydrolase_family_3_C-terminal_domain-containing_protein	AF-V9E121-F1-model_v4	AF-V9E121-F1-model_v4 Fn3_like domain-containing protein	6.628E-54	1.000	1701	40	721	721	38	749	759	768	0.946	0.938
LOKIASV2_3307_ESMFold_glycoside_hydrolase_family_3_C-terminal_domain-containing_protein	AF-A0A6L9XVS0-F1-model_v4	AF-A0A6L9XVS0-F1-model_v4 Glycoside hydrolase family 3 protein	1.860E-49	1.000	1700	32	604	721	1	549	561	593	0.795	0.979
LOKIASV2_3307_ESMFold_glycoside_hydrolase_family_3_C-terminal_domain-containing_protein	AF-A0A172YJV1-F1-model_v4	AF-A0A172YJV1-F1-model_v4 Glycosyl hydrolase	6.628E-54	1.000	1700	38	721	721	5	740	745	780	0.949	0.988
LOKIASV2_3307_ESMFold_glycoside_hydrolase_family_3_C-terminal_domain-containing_protein	AF-A0A3A6HPY3-F1-model_v4	AF-A0A3A6HPY3-F1-model_v4 Beta-glucosidase	2.253E-52	1.000	1700	41	721	721	8	872	873	909	0.945	0.991
LOKIASV2_3307_ESMFold_glycoside_hydrolase_family_3_C-terminal_domain-containing_protein	AF-A0A0A1U233-F1-model_v4	AF-A0A0A1U233-F1-model_v4 Thermostable beta-glucosidase B, putative	1.920E-53	1.000	1699	54	719	721	5	702	729	749	0.924	0.957
LOKIASV2_3307_ESMFold_glycoside_hydrolase_family_3_C-terminal_domain-containing_protein	AF-A0A1H7B9B7-F1-model_v4	AF-A0A1H7B9B7-F1-model_v4 Beta-glucosidase	2.420E-54	1.000	1699	25	721	721	12	763	763	808	0.967	0.986
LOKIASV2_3307_ESMFold_glycoside_hydrolase_family_3_C-terminal_domain-containing_protein	AF-A0A1Q6EVF7-F1-model_v4	AF-A0A1Q6EVF7-F1-model_v4 Glycosyl hydrolase	1.676E-50	1.000	1697	33	633	721	1	576	593	622	0.834	0.971
LOKIASV2_3307_ESMFold_glycoside_hydrolase_family_3_C-terminal_domain-containing_protein	AF-A0A395GKX2-F1-model_v4	AF-A0A395GKX2-F1-model_v4 Beta-glucosidase	1.690E-51	1.000	1697	30	716	721	33	859	872	860	0.953	0.948
LOKIASV2_3307_ESMFold_glycoside_hydrolase_family_3_C-terminal_domain-containing_protein	AF-A0A806KAQ7-F1-model_v4	AF-A0A806KAQ7-F1-model_v4 Beta-glucosidase	1.428E-51	1.000	1694	40	721	721	10	863	1029	898	0.946	0.830
LOKIASV2_3307_ESMFold_glycoside_hydrolase_family_3_C-terminal_domain-containing_protein	AF-A0A094J2F8-F1-model_v4	AF-A0A094J2F8-F1-model_v4 Periplasmic beta-glucosidase	1.097E-53	1.000	1693	48	721	721	3	705	715	750	0.935	0.983
LOKIASV2_3307_ESMFold_glycoside_hydrolase_family_3_C-terminal_domain-containing_protein	AF-A0A6L6XWN7-F1-model_v4	AF-A0A6L6XWN7-F1-model_v4 Glycosyl hydrolase	5.257E-53	1.000	1691	55	721	721	1	718	739	773	0.925	0.972
LOKIASV2_3307_ESMFold_glycoside_hydrolase_family_3_C-terminal_domain-containing_protein	AF-A0A1H2ZLU2-F1-model_v4	AF-A0A1H2ZLU2-F1-model_v4 Beta-glucosidase	7.413E-54	1.000	1687	31	721	721	12	709	709	761	0.958	0.984
LOKIASV2_3307_ESMFold_glycoside_hydrolase_family_3_C-terminal_domain-containing_protein	AF-A0A1N6RGF6-F1-model_v4	AF-A0A1N6RGF6-F1-model_v4 Beta-glucosidase	3.004E-53	1.000	1684	31	721	721	6	730	732	770	0.958	0.990
LOKIASV2_3307_ESMFold_glycoside_hydrolase_family_3_C-terminal_domain-containing_protein	AF-A0A3D5J1N8-F1-model_v4	AF-A0A3D5J1N8-F1-model_v4 Glycosyl hydrolase	1.890E-51	1.000	1683	31	721	721	1	855	855	901	0.958	1.000
LOKIASV2_3307_ESMFold_glycoside_hydrolase_family_3_C-terminal_domain-containing_protein	AF-A0A4R5DDH3-F1-model_v4	AF-A0A4R5DDH3-F1-model_v4 Beta-glucosidase	6.218E-53	1.000	1678	35	719	721	1	725	727	778	0.950	0.997
LOKIASV2_3307_ESMFold_glycoside_hydrolase_family_3_C-terminal_domain-containing_protein	AF-A0A6S7PN57-F1-model_v4	AF-A0A6S7PN57-F1-model_v4 Fn3_like domain-containing protein	7.779E-53	1.000	1678	40	721	721	54	772	840	767	0.946	0.856
LOKIASV2_3307_ESMFold_glycoside_hydrolase_family_3_C-terminal_domain-containing_protein	AF-A0A561PUL7-F1-model_v4	AF-A0A561PUL7-F1-model_v4 Beta-glucosidase	6.576E-53	1.000	1676	20	718	721	12	737	745	775	0.969	0.974
LOKIASV2_3307_ESMFold_glycoside_hydrolase_family_3_C-terminal_domain-containing_protein	AF-A0A3E2H1S3-F1-model_v4	AF-A0A3E2H1S3-F1-model_v4 Beta-glucosidase	1.598E-51	1.000	1674	30	720	721	138	981	990	891	0.958	0.853
LOKIASV2_3307_ESMFold_glycoside_hydrolase_family_3_C-terminal_domain-containing_protein	AF-A0A4Y6UWK6-F1-model_v4	AF-A0A4Y6UWK6-F1-model_v4 Beta-glucosidase	1.088E-52	1.000	1673	40	721	721	6	770	790	808	0.946	0.968
LOKIASV2_3307_ESMFold_glycoside_hydrolase_family_3_C-terminal_domain-containing_protein	AF-A0A3C0WYF6-F1-model_v4	AF-A0A3C0WYF6-F1-model_v4 Fn3_like domain-containing protein	5.216E-52	1.000	1665	42	721	721	1	708	708	757	0.943	1.000
LOKIASV2_3307_ESMFold_glycoside_hydrolase_family_3_C-terminal_domain-containing_protein	AF-A0A349GWJ7-F1-model_v4	AF-A0A349GWJ7-F1-model_v4 Beta-glucosidase	3.728E-52	1.000	1664	41	721	721	10	706	720	750	0.945	0.968
LOKIASV2_3307_ESMFold_glycoside_hydrolase_family_3_C-terminal_domain-containing_protein	AF-A0A2K2ZA01-F1-model_v4	AF-A0A2K2ZA01-F1-model_v4 PA14 domain-containing protein	1.787E-51	1.000	1662	44	721	721	32	850	850	878	0.940	0.964
LOKIASV2_3307_ESMFold_glycoside_hydrolase_family_3_C-terminal_domain-containing_protein	AF-A0A4R6KL30-F1-model_v4	AF-A0A4R6KL30-F1-model_v4 Beta-glucosidase	1.080E-51	1.000	1653	42	721	721	12	760	764	796	0.943	0.980
LOKIASV2_3307_ESMFold_glycoside_hydrolase_family_3_C-terminal_domain-containing_protein	AF-A0A417L2C3-F1-model_v4	AF-A0A417L2C3-F1-model_v4 Beta-glucosidase	4.375E-51	1.000	1653	38	721	721	1	869	869	917	0.949	1.000
LOKIASV2_3307_ESMFold_glycoside_hydrolase_family_3_C-terminal_domain-containing_protein	AF-A0A3R8L8V4-F1-model_v4	AF-A0A3R8L8V4-F1-model_v4 Beta-glucosidase	2.383E-52	1.000	1649	44	721	721	4	711	711	754	0.940	0.996
LOKIASV2_3307_ESMFold_glycoside_hydrolase_family_3_C-terminal_domain-containing_protein	AF-D3R0E2-F1-model_v4	AF-D3R0E2-F1-model_v4 Glycosyl hydrolase family 3 N-terminal domain protein	4.170E-52	1.000	1648	34	721	721	5	731	735	774	0.954	0.989
LOKIASV2_3307_ESMFold_glycoside_hydrolase_family_3_C-terminal_domain-containing_protein	AF-A0A6I1F8W3-F1-model_v4	AF-A0A6I1F8W3-F1-model_v4 Beta-glucosidase	1.198E-50	1.000	1646	42	721	721	1	778	894	823	0.943	0.870
LOKIASV2_3307_ESMFold_glycoside_hydrolase_family_3_C-terminal_domain-containing_protein	AF-A0A352A7E9-F1-model_v4	AF-A0A352A7E9-F1-model_v4 Glycosyl hydrolase	1.676E-50	1.000	1644	158	721	721	8	558	693	590	0.782	0.795
LOKIASV2_3307_ESMFold_glycoside_hydrolase_family_3_C-terminal_domain-containing_protein	AF-A0A5N6U4K3-F1-model_v4	AF-A0A5N6U4K3-F1-model_v4 Glycoside hydrolase superfamily	1.523E-52	1.000	1640	29	721	721	2	771	771	815	0.961	0.999
LOKIASV2_3307_ESMFold_glycoside_hydrolase_family_3_C-terminal_domain-containing_protein	AF-A0A7Y6HKT8-F1-model_v4	AF-A0A7Y6HKT8-F1-model_v4 Beta-glucosidase	1.151E-52	1.000	1639	34	721	721	1	759	760	810	0.954	0.999
LOKIASV2_3307_ESMFold_glycoside_hydrolase_family_3_C-terminal_domain-containing_protein	AF-A0A3D4K7T8-F1-model_v4	AF-A0A3D4K7T8-F1-model_v4 Glycosyl hydrolase	7.479E-48	1.000	1638	38	606	721	10	578	586	608	0.789	0.971
LOKIASV2_3307_ESMFold_glycoside_hydrolase_family_3_C-terminal_domain-containing_protein	AF-A0A5M9HV23-F1-model_v4	AF-A0A5M9HV23-F1-model_v4 Glycosyl hydrolase	4.410E-52	1.000	1637	35	721	721	1	732	733	788	0.953	0.999
LOKIASV2_3307_ESMFold_glycoside_hydrolase_family_3_C-terminal_domain-containing_protein	AF-A0A3Q7IEQ9-F1-model_v4	AF-A0A3Q7IEQ9-F1-model_v4 Fn3_like domain-containing protein	1.585E-50	1.000	1633	39	720	721	71	787	1125	773	0.946	0.637
LOKIASV2_3307_ESMFold_glycoside_hydrolase_family_3_C-terminal_domain-containing_protein	AF-A0A4D9D2H5-F1-model_v4	AF-A0A4D9D2H5-F1-model_v4 Fn3_like domain-containing protein	5.473E-51	1.000	1627	38	721	721	1	761	1015	799	0.949	0.750
LOKIASV2_3307_ESMFold_glycoside_hydrolase_family_3_C-terminal_domain-containing_protein	AF-A0A415XBJ7-F1-model_v4	AF-A0A415XBJ7-F1-model_v4 Beta-glucosidase BglX	6.955E-53	1.000	1625	47	721	721	5	736	737	772	0.936	0.993
LOKIASV2_3307_ESMFold_glycoside_hydrolase_family_3_C-terminal_domain-containing_protein	AF-B3DXK0-F1-model_v4	AF-B3DXK0-F1-model_v4 Periplasmic beta-glucosidase	1.124E-49	1.000	1622	112	721	721	2	611	612	647	0.846	0.997
LOKIASV2_3307_ESMFold_glycoside_hydrolase_family_3_C-terminal_domain-containing_protein	AF-T0SD44-F1-model_v4	AF-T0SD44-F1-model_v4 Fn3_like domain-containing protein	2.644E-51	1.000	1622	31	720	721	2	746	792	791	0.957	0.941
LOKIASV2_3307_ESMFold_glycoside_hydrolase_family_3_C-terminal_domain-containing_protein	AF-A0A8A5Z8S6-F1-model_v4	AF-A0A8A5Z8S6-F1-model_v4 Glycoside hydrolase family 3 C-terminal domain-containing protein	6.074E-50	1.000	1621	30	721	721	14	924	1103	958	0.960	0.826
LOKIASV2_3307_ESMFold_glycoside_hydrolase_family_3_C-terminal_domain-containing_protein	AF-A0A0R0C2V1-F1-model_v4	AF-A0A0R0C2V1-F1-model_v4 Beta-glucosidase	2.980E-52	1.000	1620	47	721	721	5	722	724	769	0.936	0.992
LOKIASV2_3307_ESMFold_glycoside_hydrolase_family_3_C-terminal_domain-containing_protein	AF-A0A316QSB9-F1-model_v4	AF-A0A316QSB9-F1-model_v4 Fn3_like domain-containing protein	5.473E-51	1.000	1618	40	719	721	8	735	736	775	0.943	0.989
LOKIASV2_3307_ESMFold_glycoside_hydrolase_family_3_C-terminal_domain-containing_protein	AF-A0A3D4HTN8-F1-model_v4	AF-A0A3D4HTN8-F1-model_v4 Glycosyl hydrolase	9.972E-49	1.000	1617	45	637	721	13	603	610	636	0.822	0.969
LOKIASV2_3307_ESMFold_glycoside_hydrolase_family_3_C-terminal_domain-containing_protein	AF-A0A1L5LYM0-F1-model_v4	AF-A0A1L5LYM0-F1-model_v4 Beta-glucosidase	3.498E-51	1.000	1617	55	721	721	1	702	702	746	0.925	1.000
LOKIASV2_3307_ESMFold_glycoside_hydrolase_family_3_C-terminal_domain-containing_protein	AF-A0A835AAD7-F1-model_v4	AF-A0A835AAD7-F1-model_v4 Uncharacterized protein	9.579E-51	1.000	1617	39	720	721	29	745	747	774	0.946	0.960
LOKIASV2_3307_ESMFold_glycoside_hydrolase_family_3_C-terminal_domain-containing_protein	AF-A0A2I1M738-F1-model_v4	AF-A0A2I1M738-F1-model_v4 Beta-glucosidase	1.499E-50	1.000	1617	30	721	721	4	791	792	839	0.960	0.995
LOKIASV2_3307_ESMFold_glycoside_hydrolase_family_3_C-terminal_domain-containing_protein	AF-A0A3E3EG65-F1-model_v4	AF-A0A3E3EG65-F1-model_v4 Beta-glucosidase	7.298E-52	1.000	1616	48	720	721	2	731	733	782	0.933	0.996
LOKIASV2_3307_ESMFold_glycoside_hydrolase_family_3_C-terminal_domain-containing_protein	AF-A0A1X7VH13-F1-model_v4	AF-A0A1X7VH13-F1-model_v4 Fn3_like domain-containing protein	3.851E-49	1.000	1610	39	721	721	40	772	797	778	0.947	0.920
LOKIASV2_3307_ESMFold_glycoside_hydrolase_family_3_C-terminal_domain-containing_protein	AF-A0A164VSL7-F1-model_v4	AF-A0A164VSL7-F1-model_v4 Fn3_like domain-containing protein	2.345E-50	1.000	1610	39	721	721	56	780	1273	775	0.947	0.570
LOKIASV2_3307_ESMFold_glycoside_hydrolase_family_3_C-terminal_domain-containing_protein	AF-A0A1V1STJ0-F1-model_v4	AF-A0A1V1STJ0-F1-model_v4 Beta-glucosidase	5.516E-52	1.000	1609	142	721	721	1	722	729	755	0.804	0.990
LOKIASV2_3307_ESMFold_glycoside_hydrolase_family_3_C-terminal_domain-containing_protein	AF-A0A094DQY7-F1-model_v4	AF-A0A094DQY7-F1-model_v4 Fn3_like domain-containing protein	2.253E-52	1.000	1602	13	721	721	6	790	1015	838	0.983	0.773
LOKIASV2_3307_ESMFold_glycoside_hydrolase_family_3_C-terminal_domain-containing_protein	AF-A0A1I6U0Y4-F1-model_v4	AF-A0A1I6U0Y4-F1-model_v4 Beta-glucosidase	3.079E-49	1.000	1598	38	719	721	1	793	927	848	0.946	0.855
LOKIASV2_3307_ESMFold_glycoside_hydrolase_family_3_C-terminal_domain-containing_protein	AF-A0A812YE89-F1-model_v4	AF-A0A812YE89-F1-model_v4 BXL7 protein	3.127E-51	1.000	1597	39	721	721	27	775	798	796	0.947	0.939
LOKIASV2_3307_ESMFold_glycoside_hydrolase_family_3_C-terminal_domain-containing_protein	AF-A0A3G5FAK3-F1-model_v4	AF-A0A3G5FAK3-F1-model_v4 Glycosyl hydrolase	2.480E-50	1.000	1595	38	721	721	4	714	714	763	0.949	0.996
LOKIASV2_3307_ESMFold_glycoside_hydrolase_family_3_C-terminal_domain-containing_protein	AF-A0A2W4PDX4-F1-model_v4	AF-A0A2W4PDX4-F1-model_v4 Glycosyl hydrolase	2.911E-49	1.000	1594	108	721	721	2	636	636	680	0.852	0.998
LOKIASV2_3307_ESMFold_glycoside_hydrolase_family_3_C-terminal_domain-containing_protein	AF-A0A1B1G0N6-F1-model_v4	AF-A0A1B1G0N6-F1-model_v4 Glycoside hydrolase family 3	3.281E-50	1.000	1594	39	719	721	24	871	878	894	0.945	0.966
LOKIASV2_3307_ESMFold_glycoside_hydrolase_family_3_C-terminal_domain-containing_protein	AF-A0A0T2L0X3-F1-model_v4	AF-A0A0T2L0X3-F1-model_v4 Beta-glucosidase	3.881E-50	1.000	1592	33	721	721	1	739	765	791	0.956	0.966
LOKIASV2_3307_ESMFold_glycoside_hydrolase_family_3_C-terminal_domain-containing_protein	AF-A0A1U7LSJ7-F1-model_v4	AF-A0A1U7LSJ7-F1-model_v4 Periplasmic beta-glucosidase	4.627E-51	1.000	1589	30	721	721	13	783	783	820	0.960	0.985
LOKIASV2_3307_ESMFold_glycoside_hydrolase_family_3_C-terminal_domain-containing_protein	AF-A0A3A5WQR1-F1-model_v4	AF-A0A3A5WQR1-F1-model_v4 Beta-glucosidase BglX	2.796E-51	1.000	1586	30	721	721	16	773	773	794	0.960	0.981
LOKIASV2_3307_ESMFold_glycoside_hydrolase_family_3_C-terminal_domain-containing_protein	AF-A0A0N1NZ38-F1-model_v4	AF-A0A0N1NZ38-F1-model_v4 Beta-glucosidase	6.122E-51	1.000	1586	114	721	721	270	1025	1025	800	0.843	0.738
LOKIASV2_3307_ESMFold_glycoside_hydrolase_family_3_C-terminal_domain-containing_protein	AF-A0A2S7PDU7-F1-model_v4	AF-A0A2S7PDU7-F1-model_v4 Glycoside hydrolase family 3 protein	2.200E-49	1.000	1585	40	721	721	168	870	974	760	0.946	0.722
LOKIASV2_3307_ESMFold_glycoside_hydrolase_family_3_C-terminal_domain-containing_protein	AF-A0A3M7P1S5-F1-model_v4	AF-A0A3M7P1S5-F1-model_v4 Beta-glucosidase	2.934E-50	1.000	1583	33	721	721	1	687	704	747	0.956	0.976
LOKIASV2_3307_ESMFold_glycoside_hydrolase_family_3_C-terminal_domain-containing_protein	AF-A0A3N4HIL4-F1-model_v4	AF-A0A3N4HIL4-F1-model_v4 Beta-glucosidase	3.079E-49	1.000	1581	30	721	721	77	935	938	902	0.960	0.916
LOKIASV2_3307_ESMFold_glycoside_hydrolase_family_3_C-terminal_domain-containing_protein	AF-A0A484E5N9-F1-model_v4	AF-A0A484E5N9-F1-model_v4 Fn3_like domain-containing protein	2.623E-50	1.000	1572	1	721	721	40	814	911	828	1.000	0.851
LOKIASV2_3307_ESMFold_glycoside_hydrolase_family_3_C-terminal_domain-containing_protein	AF-A0A540MGK2-F1-model_v4	AF-A0A540MGK2-F1-model_v4 Fn3_like domain-containing protein	3.103E-50	1.000	1569	39	721	721	272	1023	1031	805	0.947	0.729
LOKIASV2_3307_ESMFold_glycoside_hydrolase_family_3_C-terminal_domain-containing_protein	AF-A0A3N5I6Y0-F1-model_v4	AF-A0A3N5I6Y0-F1-model_v4 Glycoside hydrolase family 3 protein	1.860E-49	1.000	1567	62	721	721	2	814	814	870	0.915	0.999
LOKIASV2_3307_ESMFold_glycoside_hydrolase_family_3_C-terminal_domain-containing_protein	AF-A0A0A0UL45-F1-model_v4	AF-A0A0A0UL45-F1-model_v4 Beta-D-glucosideglucohydrolase	8.497E-50	1.000	1566	30	721	721	4	787	787	834	0.960	0.996
LOKIASV2_3307_ESMFold_glycoside_hydrolase_family_3_C-terminal_domain-containing_protein	AF-A0A427YCL1-F1-model_v4	AF-A0A427YCL1-F1-model_v4 Beta-glucosidase	3.670E-50	1.000	1566	29	719	721	4	822	832	889	0.958	0.984
LOKIASV2_3307_ESMFold_glycoside_hydrolase_family_3_C-terminal_domain-containing_protein	AF-A0A0L0DUN8-F1-model_v4	AF-A0A0L0DUN8-F1-model_v4 Glycoside hydrolase family 3 domain-containing protein	1.170E-47	1.000	1562	42	721	721	38	819	829	832	0.943	0.943
LOKIASV2_3307_ESMFold_glycoside_hydrolase_family_3_C-terminal_domain-containing_protein	AF-A0A0R1N2K6-F1-model_v4	AF-A0A0R1N2K6-F1-model_v4 Beta-glucosidase	7.658E-51	1.000	1561	46	721	721	4	718	721	752	0.938	0.992
LOKIASV2_3307_ESMFold_glycoside_hydrolase_family_3_C-terminal_domain-containing_protein	AF-A0A4R1QST2-F1-model_v4	AF-A0A4R1QST2-F1-model_v4 Beta-glucosidase	3.699E-51	1.000	1561	31	721	721	1	780	780	828	0.958	1.000
LOKIASV2_3307_ESMFold_glycoside_hydrolase_family_3_C-terminal_domain-containing_protein	AF-A0A416DPI9-F1-model_v4	AF-A0A416DPI9-F1-model_v4 Beta-glucosidase	2.166E-47	1.000	1553	29	721	721	3	853	1015	902	0.961	0.838
LOKIASV2_3307_ESMFold_glycoside_hydrolase_family_3_C-terminal_domain-containing_protein	AF-A0A813LQP5-F1-model_v4	AF-A0A813LQP5-F1-model_v4 Hypothetical protein	8.035E-50	1.000	1553	39	721	721	43	797	1128	801	0.947	0.669
LOKIASV2_3307_ESMFold_glycoside_hydrolase_family_3_C-terminal_domain-containing_protein	AF-A0A2J6RU96-F1-model_v4	AF-A0A2J6RU96-F1-model_v4 Glycoside hydrolase family 3 protein	2.309E-48	1.000	1551	40	721	721	59	770	903	762	0.946	0.788
LOKIASV2_3307_ESMFold_glycoside_hydrolase_family_3_C-terminal_domain-containing_protein	AF-A0A6A4BIL6-F1-model_v4	AF-A0A6A4BIL6-F1-model_v4 Putative exo-1,4-beta-xylosidase	1.585E-50	1.000	1545	62	719	721	2	697	745	748	0.913	0.934
LOKIASV2_3307_ESMFold_glycoside_hydrolase_family_3_C-terminal_domain-containing_protein	AF-A0A2W5P5J2-F1-model_v4	AF-A0A2W5P5J2-F1-model_v4 Beta-glucosidase	1.732E-47	1.000	1544	32	721	721	1	832	840	902	0.957	0.990
LOKIASV2_3307_ESMFold_glycoside_hydrolase_family_3_C-terminal_domain-containing_protein	AF-A0A0Q7B064-F1-model_v4	AF-A0A0Q7B064-F1-model_v4 Ig-like domain-containing protein	3.641E-49	1.000	1544	34	719	721	38	941	1136	942	0.951	0.796
LOKIASV2_3307_ESMFold_glycoside_hydrolase_family_3_C-terminal_domain-containing_protein	AF-A0A326U089-F1-model_v4	AF-A0A326U089-F1-model_v4 Beta-glucosidase	1.022E-44	1.000	1543	48	515	721	3	478	479	488	0.649	0.994
LOKIASV2_3307_ESMFold_glycoside_hydrolase_family_3_C-terminal_domain-containing_protein	AF-A0A0F7JV38-F1-model_v4	AF-A0A0F7JV38-F1-model_v4 Fn3_like domain-containing protein	4.817E-49	1.000	1537	44	719	721	14	713	715	762	0.938	0.979
LOKIASV2_3307_ESMFold_glycoside_hydrolase_family_3_C-terminal_domain-containing_protein	AF-A0A5N6LLB8-F1-model_v4	AF-A0A5N6LLB8-F1-model_v4 Fn3_like domain-containing protein	4.519E-48	1.000	1537	39	721	721	45	863	900	878	0.947	0.910
LOKIASV2_3307_ESMFold_glycoside_hydrolase_family_3_C-terminal_domain-containing_protein	AF-S0BE57-F1-model_v4	AF-S0BE57-F1-model_v4 Beta-glucosidase	3.443E-49	1.000	1536	44	625	721	5	739	740	764	0.807	0.993
LOKIASV2_3307_ESMFold_glycoside_hydrolase_family_3_C-terminal_domain-containing_protein	AF-A0A445H742-F1-model_v4	AF-A0A445H742-F1-model_v4 Putative beta-D-xylosidase 7 isoform B	3.585E-47	1.000	1532	29	721	721	32	902	903	924	0.961	0.965
LOKIASV2_3307_ESMFold_glycoside_hydrolase_family_3_C-terminal_domain-containing_protein	AF-A0A3D8QI72-F1-model_v4	AF-A0A3D8QI72-F1-model_v4 Fn3_like domain-containing protein	1.759E-49	1.000	1532	30	721	721	12	767	1112	812	0.960	0.680
LOKIASV2_3307_ESMFold_glycoside_hydrolase_family_3_C-terminal_domain-containing_protein	AF-A0A0W8DDN1-F1-model_v4	AF-A0A0W8DDN1-F1-model_v4 ADP-ribosylation factor GTPase-activating protein	7.072E-48	1.000	1527	83	721	721	76	720	734	691	0.886	0.879
LOKIASV2_3307_ESMFold_glycoside_hydrolase_family_3_C-terminal_domain-containing_protein	AF-A0A2J6M733-F1-model_v4	AF-A0A2J6M733-F1-model_v4 Fn3_like domain-containing protein	1.417E-50	1.000	1526	40	694	721	54	752	806	750	0.908	0.867
LOKIASV2_3307_ESMFold_glycoside_hydrolase_family_3_C-terminal_domain-containing_protein	AF-A0A536E7K1-F1-model_v4	AF-A0A536E7K1-F1-model_v4 Beta-glucosidase	1.650E-48	1.000	1511	30	719	721	28	803	805	827	0.957	0.964
LOKIASV2_3307_ESMFold_glycoside_hydrolase_family_3_C-terminal_domain-containing_protein	AF-A0A4Q2E070-F1-model_v4	AF-A0A4Q2E070-F1-model_v4 Beta-glucosidase	5.609E-47	1.000	1510	42	719	721	1	772	782	860	0.940	0.987
LOKIASV2_3307_ESMFold_glycoside_hydrolase_family_3_C-terminal_domain-containing_protein	AF-A0A416RXP1-F1-model_v4	AF-A0A416RXP1-F1-model_v4 Beta-glucosidase	6.687E-48	1.000	1510	41	719	721	10	771	792	804	0.942	0.962
LOKIASV2_3307_ESMFold_glycoside_hydrolase_family_3_C-terminal_domain-containing_protein	AF-A0A4V4ILI6-F1-model_v4	AF-A0A4V4ILI6-F1-model_v4 Glycoside hydrolase	1.170E-47	1.000	1510	41	714	721	16	693	969	738	0.935	0.700
LOKIASV2_3307_ESMFold_glycoside_hydrolase_family_3_C-terminal_domain-containing_protein	AF-F3FP57-F1-model_v4	AF-F3FP57-F1-model_v4 Beta-glucosidase	7.128E-49	1.000	1506	165	721	721	2	712	751	737	0.773	0.947
LOKIASV2_3307_ESMFold_glycoside_hydrolase_family_3_C-terminal_domain-containing_protein	AF-A0A7R9UGM1-F1-model_v4	AF-A0A7R9UGM1-F1-model_v4 Hypothetical protein	1.115E-48	1.000	1504	39	661	721	51	677	677	681	0.864	0.926
LOKIASV2_3307_ESMFold_glycoside_hydrolase_family_3_C-terminal_domain-containing_protein	AF-A0A397CQI1-F1-model_v4	AF-A0A397CQI1-F1-model_v4 Fn3_like domain-containing protein	2.048E-47	1.000	1488	83	719	721	81	723	736	691	0.883	0.874
LOKIASV2_3307_ESMFold_glycoside_hydrolase_family_3_C-terminal_domain-containing_protein	AF-A0A4P5TNG5-F1-model_v4	AF-A0A4P5TNG5-F1-model_v4 Glycosyl hydrolase	2.731E-48	1.000	1487	31	721	721	28	848	851	861	0.958	0.965
LOKIASV2_3307_ESMFold_glycoside_hydrolase_family_3_C-terminal_domain-containing_protein	AF-A0A0U5GRR2-F1-model_v4	AF-A0A0U5GRR2-F1-model_v4 Uncharacterized protein	6.323E-48	1.000	1479	30	665	721	2	741	742	776	0.882	0.997
LOKIASV2_3307_ESMFold_glycoside_hydrolase_family_3_C-terminal_domain-containing_protein	AF-A0A5C5TYY9-F1-model_v4	AF-A0A5C5TYY9-F1-model_v4 Glycoside hydrolase family 3 protein	7.848E-47	1.000	1477	48	719	721	2	845	854	909	0.932	0.988
LOKIASV2_3307_ESMFold_glycoside_hydrolase_family_3_C-terminal_domain-containing_protein	AF-A0A7C6W6C1-F1-model_v4	AF-A0A7C6W6C1-F1-model_v4 Beta-glucosidase	5.565E-46	1.000	1472	111	721	721	2	618	628	657	0.847	0.982
LOKIASV2_3307_ESMFold_glycoside_hydrolase_family_3_C-terminal_domain-containing_protein	AF-A0A1V6PVM0-F1-model_v4	AF-A0A1V6PVM0-F1-model_v4 Uncharacterized protein	3.585E-47	1.000	1472	22	665	721	28	711	711	730	0.893	0.962
LOKIASV2_3307_ESMFold_glycoside_hydrolase_family_3_C-terminal_domain-containing_protein	AF-A0A3R6ZRH1-F1-model_v4	AF-A0A3R6ZRH1-F1-model_v4 Fn3_like domain-containing protein	5.055E-48	1.000	1466	21	721	721	2	756	763	815	0.972	0.990
LOKIASV2_3307_ESMFold_glycoside_hydrolase_family_3_C-terminal_domain-containing_protein	AF-A0A7V0XNJ0-F1-model_v4	AF-A0A7V0XNJ0-F1-model_v4 Beta-glucosidase	4.937E-45	1.000	1463	103	721	721	2	605	605	669	0.859	0.998
LOKIASV2_3307_ESMFold_glycoside_hydrolase_family_3_C-terminal_domain-containing_protein	AF-A0A1S9DC43-F1-model_v4	AF-A0A1S9DC43-F1-model_v4 Glycoside hydrolase family 3 domain protein	7.363E-46	1.000	1458	39	721	721	164	872	986	762	0.947	0.719
LOKIASV2_3307_ESMFold_glycoside_hydrolase_family_3_C-terminal_domain-containing_protein	AF-A0A7Y3FA16-F1-model_v4	AF-A0A7Y3FA16-F1-model_v4 Glycosyl hydrolase	8.640E-45	1.000	1451	213	721	721	1	519	519	547	0.706	1.000
LOKIASV2_3307_ESMFold_glycoside_hydrolase_family_3_C-terminal_domain-containing_protein	AF-A0A804I8B2-F1-model_v4	AF-A0A804I8B2-F1-model_v4 Uncharacterized protein	2.255E-45	1.000	1438	97	720	721	10	671	673	709	0.865	0.984
LOKIASV2_3307_ESMFold_glycoside_hydrolase_family_3_C-terminal_domain-containing_protein	AF-A0A0G2HM48-F1-model_v4	AF-A0A0G2HM48-F1-model_v4 Putative glycoside hydrolase family 3 protein	9.740E-46	1.000	1431	29	721	721	11	597	597	726	0.961	0.983
LOKIASV2_3307_ESMFold_glycoside_hydrolase_family_3_C-terminal_domain-containing_protein	AF-A0A496N360-F1-model_v4	AF-A0A496N360-F1-model_v4 Beta-glucosidase	2.983E-45	1.000	1427	124	721	721	2	617	617	656	0.829	0.998
LOKIASV2_3307_ESMFold_glycoside_hydrolase_family_3_C-terminal_domain-containing_protein	AF-A0A167MH02-F1-model_v4	AF-A0A167MH02-F1-model_v4 Glycoside hydrolase, superfamily	1.098E-46	1.000	1426	31	719	721	9	760	761	805	0.956	0.988
LOKIASV2_3307_ESMFold_glycoside_hydrolase_family_3_C-terminal_domain-containing_protein	AF-A0A3D5DLH1-F1-model_v4	AF-A0A3D5DLH1-F1-model_v4 Family 3 glycosyl hydrolase	3.259E-42	1.000	1425	53	539	721	2	541	556	551	0.675	0.971
LOKIASV2_3307_ESMFold_glycoside_hydrolase_family_3_C-terminal_domain-containing_protein	AF-A0A7V4LP64-F1-model_v4	AF-A0A7V4LP64-F1-model_v4 Glycoside hydrolase family 3 protein	6.480E-44	1.000	1425	88	669	721	1	590	591	640	0.807	0.998
LOKIASV2_3307_ESMFold_glycoside_hydrolase_family_3_C-terminal_domain-containing_protein	AF-A0A1V9YVX0-F1-model_v4	AF-A0A1V9YVX0-F1-model_v4 Glycoside hydrolase	1.922E-46	1.000	1425	30	719	721	355	1102	1124	806	0.957	0.665
LOKIASV2_3307_ESMFold_glycoside_hydrolase_family_3_C-terminal_domain-containing_protein	AF-A0A4Y9YY42-F1-model_v4	AF-A0A4Y9YY42-F1-model_v4 Beta-glucosidase	2.273E-46	1.000	1424	124	719	721	2	793	798	818	0.827	0.992
LOKIASV2_3307_ESMFold_glycoside_hydrolase_family_3_C-terminal_domain-containing_protein	AF-A0A3N4KDV5-F1-model_v4	AF-A0A3N4KDV5-F1-model_v4 Beta-glucosidase	1.152E-45	1.000	1423	20	720	721	12	943	946	970	0.972	0.985
LOKIASV2_3307_ESMFold_glycoside_hydrolase_family_3_C-terminal_domain-containing_protein	AF-A0A834W9P4-F1-model_v4	AF-A0A834W9P4-F1-model_v4 Beta-D-xylosidase 1	9.210E-46	1.000	1422	57	706	721	1	690	835	736	0.902	0.826
LOKIASV2_3307_ESMFold_glycoside_hydrolase_family_3_C-terminal_domain-containing_protein	AF-A0A524QDC5-F1-model_v4	AF-A0A524QDC5-F1-model_v4 Glycoside hydrolase family 3 protein	2.366E-44	1.000	1409	75	706	721	1	786	787	837	0.877	0.999
LOKIASV2_3307_ESMFold_glycoside_hydrolase_family_3_C-terminal_domain-containing_protein	AF-A0A813H9N7-F1-model_v4	AF-A0A813H9N7-F1-model_v4 Hypothetical protein	2.647E-44	1.000	1405	44	600	721	176	763	763	626	0.773	0.771
LOKIASV2_3307_ESMFold_glycoside_hydrolase_family_3_C-terminal_domain-containing_protein	AF-A0A1V9ZPI5-F1-model_v4	AF-A0A1V9ZPI5-F1-model_v4 Glycoside hydrolase	1.612E-45	1.000	1400	83	709	721	122	738	772	669	0.870	0.799
LOKIASV2_3307_ESMFold_glycoside_hydrolase_family_3_C-terminal_domain-containing_protein	AF-A0A7X9CA10-F1-model_v4	AF-A0A7X9CA10-F1-model_v4 Fn3_like domain-containing protein	1.143E-44	1.000	1399	30	720	721	8	814	820	861	0.958	0.984
LOKIASV2_3307_ESMFold_glycoside_hydrolase_family_3_C-terminal_domain-containing_protein	AF-A0A0G2FXE8-F1-model_v4	AF-A0A0G2FXE8-F1-model_v4 Putative beta-d-glucoside glucohydrolase	2.116E-44	1.000	1395	170	719	721	5	576	577	606	0.763	0.991
LOKIASV2_3307_ESMFold_glycoside_hydrolase_family_3_C-terminal_domain-containing_protein	AF-A0A0C3L135-F1-model_v4	AF-A0A0C3L135-F1-model_v4 Beta-glucosidase	5.221E-45	1.000	1392	41	596	721	8	717	718	739	0.771	0.989
LOKIASV2_3307_ESMFold_glycoside_hydrolase_family_3_C-terminal_domain-containing_protein	AF-A0A316Z6C5-F1-model_v4	AF-A0A316Z6C5-F1-model_v4 Glycoside hydrolase	3.947E-45	1.000	1387	30	719	721	15	723	724	784	0.957	0.979
LOKIASV2_3307_ESMFold_glycoside_hydrolase_family_3_C-terminal_domain-containing_protein	AF-A0A830FYJ1-F1-model_v4	AF-A0A830FYJ1-F1-model_v4 Glycosyl hydrolase	4.937E-45	1.000	1383	17	721	721	14	767	780	816	0.978	0.967
LOKIASV2_3307_ESMFold_glycoside_hydrolase_family_3_C-terminal_domain-containing_protein	AF-A0A2R4X4H4-F1-model_v4	AF-A0A2R4X4H4-F1-model_v4 Glycosyl hydrolase	3.947E-45	1.000	1382	77	721	721	71	716	719	700	0.895	0.898
LOKIASV2_3307_ESMFold_glycoside_hydrolase_family_3_C-terminal_domain-containing_protein	AF-A0A2W4SI26-F1-model_v4	AF-A0A2W4SI26-F1-model_v4 Glycosyl hydrolase	1.419E-43	1.000	1369	144	721	721	2	567	569	606	0.802	0.995
LOKIASV2_3307_ESMFold_glycoside_hydrolase_family_3_C-terminal_domain-containing_protein	AF-A0A6G0X6I9-F1-model_v4	AF-A0A6G0X6I9-F1-model_v4 Fn3_like domain-containing protein	4.414E-45	1.000	1367	31	721	721	1	748	875	804	0.958	0.855
LOKIASV2_3307_ESMFold_glycoside_hydrolase_family_3_C-terminal_domain-containing_protein	AF-A0A0G4MFP9-F1-model_v4	AF-A0A0G4MFP9-F1-model_v4 Uncharacterized protein	6.907E-45	1.000	1366	33	606	721	27	666	698	674	0.796	0.917
LOKIASV2_3307_ESMFold_glycoside_hydrolase_family_3_C-terminal_domain-containing_protein	AF-A0A4R2H0Z2-F1-model_v4	AF-A0A4R2H0Z2-F1-model_v4 Beta-glucosidase	7.725E-45	1.000	1362	34	721	721	1	725	735	777	0.954	0.986
LOKIASV2_3307_ESMFold_glycoside_hydrolase_family_3_C-terminal_domain-containing_protein	AF-A0A2E9ITY2-F1-model_v4	AF-A0A2E9ITY2-F1-model_v4 Beta-glucosidase	1.985E-43	1.000	1359	114	721	721	15	614	616	651	0.843	0.974
LOKIASV2_3307_ESMFold_glycoside_hydrolase_family_3_C-terminal_domain-containing_protein	AF-A0A7X0KU64-F1-model_v4	AF-A0A7X0KU64-F1-model_v4 Beta-glucosidase	1.072E-43	1.000	1355	58	721	721	6	765	765	826	0.921	0.993
LOKIASV2_3307_ESMFold_glycoside_hydrolase_family_3_C-terminal_domain-containing_protein	AF-M7TM91-F1-model_v4	AF-M7TM91-F1-model_v4 Putative beta-glucosidase m protein	8.709E-46	1.000	1350	9	719	721	43	747	748	808	0.986	0.943
LOKIASV2_3307_ESMFold_glycoside_hydrolase_family_3_C-terminal_domain-containing_protein	AF-A0A834VR71-F1-model_v4	AF-A0A834VR71-F1-model_v4 BglX, Beta-glucosidase-related glycosidase	8.300E-47	1.000	1345	2	617	721	100	791	918	722	0.854	0.754
LOKIASV2_3307_ESMFold_glycoside_hydrolase_family_3_C-terminal_domain-containing_protein	AF-A0A7W0H115-F1-model_v4	AF-A0A7W0H115-F1-model_v4 Glycoside hydrolase family 3 C-terminal domain-containing protein	5.351E-41	1.000	1340	201	719	721	1	504	519	535	0.720	0.971
LOKIASV2_3307_ESMFold_glycoside_hydrolase_family_3_C-terminal_domain-containing_protein	AF-A0A7V4D7I5-F1-model_v4	AF-A0A7V4D7I5-F1-model_v4 Uncharacterized protein	2.444E-41	1.000	1336	42	611	721	123	650	653	582	0.791	0.809
LOKIASV2_3307_ESMFold_glycoside_hydrolase_family_3_C-terminal_domain-containing_protein	AF-A0A514YQU8-F1-model_v4	AF-A0A514YQU8-F1-model_v4 Beta-glucosidase	5.180E-44	1.000	1326	41	721	721	7	847	855	906	0.945	0.984
LOKIASV2_3307_ESMFold_glycoside_hydrolase_family_3_C-terminal_domain-containing_protein	AF-R6N926-F1-model_v4	AF-R6N926-F1-model_v4 Beta-glucosidase-related glycosidases	2.099E-43	1.000	1325	141	721	721	3	605	606	643	0.806	0.995
LOKIASV2_3307_ESMFold_glycoside_hydrolase_family_3_C-terminal_domain-containing_protein	AF-A0A2W4QTR5-F1-model_v4	AF-A0A2W4QTR5-F1-model_v4 Beta-glucosidase	9.513E-43	1.000	1323	162	721	721	2	588	605	625	0.777	0.970
LOKIASV2_3307_ESMFold_glycoside_hydrolase_family_3_C-terminal_domain-containing_protein	AF-A0A7S0R953-F1-model_v4	AF-A0A7S0R953-F1-model_v4 Hypothetical protein	1.125E-42	1.000	1321	125	721	721	2	602	624	648	0.828	0.963
LOKIASV2_3307_ESMFold_glycoside_hydrolase_family_3_C-terminal_domain-containing_protein	AF-A0A7J6JSI7-F1-model_v4	AF-A0A7J6JSI7-F1-model_v4 Beta-glucosidase	6.800E-43	1.000	1316	48	529	721	5	666	673	664	0.669	0.984
LOKIASV2_3307_ESMFold_glycoside_hydrolase_family_3_C-terminal_domain-containing_protein	AF-R6JIA1-F1-model_v4	AF-R6JIA1-F1-model_v4 Glycosyl hydrolase family 3 C-terminal domain protein	4.141E-44	1.000	1308	110	721	721	3	768	768	821	0.849	0.997
LOKIASV2_3307_ESMFold_glycoside_hydrolase_family_3_C-terminal_domain-containing_protein	AF-A0A3N5GNK6-F1-model_v4	AF-A0A3N5GNK6-F1-model_v4 Glycoside hydrolase family 3 protein	6.969E-39	1.000	1300	33	529	721	1	541	542	554	0.689	0.998
LOKIASV2_3307_ESMFold_glycoside_hydrolase_family_3_C-terminal_domain-containing_protein	AF-A0A2N3FMZ2-F1-model_v4	AF-A0A2N3FMZ2-F1-model_v4 Beta-glucosidase	2.483E-43	1.000	1300	30	718	721	73	877	881	887	0.956	0.914
LOKIASV2_3307_ESMFold_glycoside_hydrolase_family_3_C-terminal_domain-containing_protein	AF-A0A4S9ZVG0-F1-model_v4	AF-A0A4S9ZVG0-F1-model_v4 Glycoside hydrolase	8.855E-41	1.000	1299	56	654	721	1	585	585	635	0.831	1.000
LOKIASV2_3307_ESMFold_glycoside_hydrolase_family_3_C-terminal_domain-containing_protein	AF-A0A642V1S5-F1-model_v4	AF-A0A642V1S5-F1-model_v4 Uncharacterized protein	8.043E-43	1.000	1294	13	621	721	2	683	689	705	0.845	0.990
LOKIASV2_3307_ESMFold_glycoside_hydrolase_family_3_C-terminal_domain-containing_protein	AF-A0A7V0X2T6-F1-model_v4	AF-A0A7V0X2T6-F1-model_v4 Beta-glucosidase	2.777E-43	1.000	1293	40	637	721	7	681	686	712	0.829	0.984
LOKIASV2_3307_ESMFold_glycoside_hydrolase_family_3_C-terminal_domain-containing_protein	AF-A0A4T0EBG0-F1-model_v4	AF-A0A4T0EBG0-F1-model_v4 Beta-glucosidase	3.501E-44	1.000	1276	4	656	721	55	788	796	785	0.906	0.922
LOKIASV2_3307_ESMFold_glycoside_hydrolase_family_3_C-terminal_domain-containing_protein	AF-A0A7V3SZL3-F1-model_v4	AF-A0A7V3SZL3-F1-model_v4 Glycoside hydrolase family 3 protein	1.006E-42	1.000	1273	234	719	721	1	610	611	638	0.674	0.998
LOKIASV2_3307_ESMFold_glycoside_hydrolase_family_3_C-terminal_domain-containing_protein	AF-A0A1U7YQ22-F1-model_v4	AF-A0A1U7YQ22-F1-model_v4 beta-D-xylosidase 1 isoform X2	4.784E-41	1.000	1270	39	721	721	48	657	665	747	0.947	0.917
LOKIASV2_3307_ESMFold_glycoside_hydrolase_family_3_C-terminal_domain-containing_protein	AF-A0A345Z4X8-F1-model_v4	AF-A0A345Z4X8-F1-model_v4 Beta-glucosidase	3.501E-44	1.000	1270	42	718	721	1	716	717	791	0.939	0.999
LOKIASV2_3307_ESMFold_glycoside_hydrolase_family_3_C-terminal_domain-containing_protein	AF-A0A7Y1VKV9-F1-model_v4	AF-A0A7Y1VKV9-F1-model_v4 Glycoside hydrolase family 3 protein	2.868E-40	1.000	1267	181	721	721	2	545	545	592	0.750	0.998
LOKIASV2_3307_ESMFold_glycoside_hydrolase_family_3_C-terminal_domain-containing_protein	AF-A0A2D6APK7-F1-model_v4	AF-A0A2D6APK7-F1-model_v4 Glycosyl hydrolase	4.488E-40	1.000	1258	29	604	721	6	603	603	649	0.799	0.992
LOKIASV2_3307_ESMFold_glycoside_hydrolase_family_3_C-terminal_domain-containing_protein	AF-A0A7X7EU10-F1-model_v4	AF-A0A7X7EU10-F1-model_v4 Beta-glucosidase	5.704E-42	1.000	1256	28	658	721	45	738	738	742	0.875	0.940
LOKIASV2_3307_ESMFold_glycoside_hydrolase_family_3_C-terminal_domain-containing_protein	AF-A0A7J9DI60-F1-model_v4	AF-A0A7J9DI60-F1-model_v4 Uncharacterized protein	5.985E-41	1.000	1253	41	617	721	45	647	649	654	0.800	0.929
LOKIASV2_3307_ESMFold_glycoside_hydrolase_family_3_C-terminal_domain-containing_protein	AF-A0A7Y2YEF4-F1-model_v4	AF-A0A7Y2YEF4-F1-model_v4 Glycosyl hydrolase	1.144E-37	1.000	1251	301	721	721	1	401	491	429	0.584	0.817
LOKIASV2_3307_ESMFold_glycoside_hydrolase_family_3_C-terminal_domain-containing_protein	AF-A0A2I0WFB9-F1-model_v4	AF-A0A2I0WFB9-F1-model_v4 Putative beta-D-xylosidase 7	8.717E-39	1.000	1244	39	534	721	46	588	617	557	0.688	0.880
LOKIASV2_3307_ESMFold_glycoside_hydrolase_family_3_C-terminal_domain-containing_protein	AF-A0A813FIS0-F1-model_v4	AF-A0A813FIS0-F1-model_v4 Hypothetical protein	2.066E-41	1.000	1243	174	719	721	3	539	569	590	0.757	0.944
LOKIASV2_3307_ESMFold_glycoside_hydrolase_family_3_C-terminal_domain-containing_protein	AF-A0A397EMF5-F1-model_v4	AF-A0A397EMF5-F1-model_v4 PH domain-containing protein	3.885E-43	1.000	1242	19	716	721	92	787	978	751	0.968	0.712
LOKIASV2_3307_ESMFold_glycoside_hydrolase_family_3_C-terminal_domain-containing_protein	AF-A0A090X657-F1-model_v4	AF-A0A090X657-F1-model_v4 Beta-glucosidase	4.710E-39	1.000	1238	177	721	721	13	562	562	595	0.756	0.979
LOKIASV2_3307_ESMFold_glycoside_hydrolase_family_3_C-terminal_domain-containing_protein	AF-A0A847IQR0-F1-model_v4	AF-A0A847IQR0-F1-model_v4 Beta-glucosidase	1.108E-40	1.000	1237	29	634	721	19	641	641	680	0.840	0.972
LOKIASV2_3307_ESMFold_glycoside_hydrolase_family_3_C-terminal_domain-containing_protein	AF-A0A359EE15-F1-model_v4	AF-A0A359EE15-F1-model_v4 Fn3_like domain-containing protein	8.581E-37	1.000	1230	230	721	721	4	472	472	504	0.682	0.994
LOKIASV2_3307_ESMFold_glycoside_hydrolase_family_3_C-terminal_domain-containing_protein	AF-A0A7C4JSS3-F1-model_v4	AF-A0A7C4JSS3-F1-model_v4 Beta-glucosidase BglX	2.203E-42	1.000	1229	30	637	721	35	675	675	683	0.843	0.950
LOKIASV2_3307_ESMFold_glycoside_hydrolase_family_3_C-terminal_domain-containing_protein	AF-A0A2E3DAC5-F1-model_v4	AF-A0A2E3DAC5-F1-model_v4 Glycosyl hydrolase	7.198E-36	1.000	1224	44	486	721	28	483	485	471	0.614	0.940
LOKIASV2_3307_ESMFold_glycoside_hydrolase_family_3_C-terminal_domain-containing_protein	AF-A0A6L7LYB9-F1-model_v4	AF-A0A6L7LYB9-F1-model_v4 Fn3_like domain-containing protein	1.490E-35	1.000	1224	344	721	721	3	363	498	386	0.524	0.725
LOKIASV2_3307_ESMFold_glycoside_hydrolase_family_3_C-terminal_domain-containing_protein	AF-A0A1R1X2H8-F1-model_v4	AF-A0A1R1X2H8-F1-model_v4 Beta-glucosidase BoGH3B	1.443E-38	1.000	1219	120	721	721	3	599	601	653	0.835	0.993
LOKIASV2_3307_ESMFold_glycoside_hydrolase_family_3_C-terminal_domain-containing_protein	AF-A0A7X6SEI6-F1-model_v4	AF-A0A7X6SEI6-F1-model_v4 Glycoside hydrolase family 3 protein	5.145E-36	1.000	1214	34	441	721	4	405	407	423	0.566	0.988
LOKIASV2_3307_ESMFold_glycoside_hydrolase_family_3_C-terminal_domain-containing_protein	AF-A0A535K1F6-F1-model_v4	AF-A0A535K1F6-F1-model_v4 PA14 domain-containing protein	1.181E-41	1.000	1212	99	633	721	7	674	684	700	0.742	0.977
LOKIASV2_3307_ESMFold_glycoside_hydrolase_family_3_C-terminal_domain-containing_protein	AF-A0A4Q5UKN7-F1-model_v4	AF-A0A4Q5UKN7-F1-model_v4 Glycosyl hydrolase	3.133E-37	1.000	1209	284	721	721	15	445	445	460	0.607	0.969
LOKIASV2_3307_ESMFold_glycoside_hydrolase_family_3_C-terminal_domain-containing_protein	AF-V9G9P3-F1-model_v4	AF-V9G9P3-F1-model_v4 Beta-glucosidase	1.805E-38	1.000	1202	211	721	721	2	507	508	549	0.709	0.996
LOKIASV2_3307_ESMFold_glycoside_hydrolase_family_3_C-terminal_domain-containing_protein	AF-B9DJ14-F1-model_v4	AF-B9DJ14-F1-model_v4 Putative glucosidase	3.889E-36	1.000	1189	42	480	721	1	445	447	460	0.609	0.996
LOKIASV2_3307_ESMFold_glycoside_hydrolase_family_3_C-terminal_domain-containing_protein	AF-A0A395IWI8-F1-model_v4	AF-A0A395IWI8-F1-model_v4 Beta-glucosidase	5.100E-42	1.000	1189	47	719	721	3	705	705	759	0.933	0.997
LOKIASV2_3307_ESMFold_glycoside_hydrolase_family_3_C-terminal_domain-containing_protein	AF-A0A7S2JQR9-F1-model_v4	AF-A0A7S2JQR9-F1-model_v4 Hypothetical protein	1.526E-38	1.000	1187	101	609	721	20	554	567	566	0.706	0.944
LOKIASV2_3307_ESMFold_glycoside_hydrolase_family_3_C-terminal_domain-containing_protein	AF-A0A6V8HJA5-F1-model_v4	AF-A0A6V8HJA5-F1-model_v4 Beta-glucosidase	1.848E-41	1.000	1184	197	721	721	3	674	674	706	0.728	0.997
LOKIASV2_3307_ESMFold_glycoside_hydrolase_family_3_C-terminal_domain-containing_protein	AF-A0A0P7B566-F1-model_v4	AF-A0A0P7B566-F1-model_v4 Fn3_like domain-containing protein	1.310E-40	1.000	1177	34	721	721	29	734	734	800	0.954	0.962
LOKIASV2_3307_ESMFold_glycoside_hydrolase_family_3_C-terminal_domain-containing_protein	AF-A0A3M6Y100-F1-model_v4	AF-A0A3M6Y100-F1-model_v4 Beta-glucosidase	4.942E-38	1.000	1173	30	535	721	22	606	607	598	0.702	0.964
LOKIASV2_3307_ESMFold_glycoside_hydrolase_family_3_C-terminal_domain-containing_protein	AF-A0A319CYS6-F1-model_v4	AF-A0A319CYS6-F1-model_v4 Fn3_like domain-containing protein	3.765E-39	1.000	1171	183	721	721	23	585	587	599	0.748	0.959
LOKIASV2_3307_ESMFold_glycoside_hydrolase_family_3_C-terminal_domain-containing_protein	AF-A0A7X1B5M6-F1-model_v4	AF-A0A7X1B5M6-F1-model_v4 Glycoside hydrolase family 3 C-terminal domain-containing protein	4.178E-38	1.000	1166	217	721	721	3	510	530	550	0.700	0.958
LOKIASV2_3307_ESMFold_glycoside_hydrolase_family_3_C-terminal_domain-containing_protein	AF-A0A538E6G8-F1-model_v4	AF-A0A538E6G8-F1-model_v4 Beta-glucosidase	5.891E-39	1.000	1152	30	495	721	25	642	643	628	0.646	0.961
LOKIASV2_3307_ESMFold_glycoside_hydrolase_family_3_C-terminal_domain-containing_protein	AF-A0A7L9UWA3-F1-model_v4	AF-A0A7L9UWA3-F1-model_v4 Glycoside hydrolase family 3 protein	8.051E-36	1.000	1150	52	486	721	3	456	553	465	0.603	0.821
LOKIASV2_3307_ESMFold_glycoside_hydrolase_family_3_C-terminal_domain-containing_protein	AF-A0A7Y6AG10-F1-model_v4	AF-A0A7Y6AG10-F1-model_v4 Beta-glucosidase	1.173E-33	1.000	1123	38	455	721	1	430	430	438	0.580	1.000
LOKIASV2_3307_ESMFold_glycoside_hydrolase_family_3_C-terminal_domain-containing_protein	AF-A0A3D4EKH2-F1-model_v4	AF-A0A3D4EKH2-F1-model_v4 Glycosyl hydrolase	1.201E-36	1.000	1116	247	720	721	1	481	483	513	0.657	0.996
LOKIASV2_3307_ESMFold_glycoside_hydrolase_family_3_C-terminal_domain-containing_protein	AF-A0A3D1GDE1-F1-model_v4	AF-A0A3D1GDE1-F1-model_v4 Glycosyl hydrolase	1.015E-36	1.000	1115	38	535	721	20	603	634	598	0.691	0.921
LOKIASV2_3307_ESMFold_glycoside_hydrolase_family_3_C-terminal_domain-containing_protein	AF-W4GMX7-F1-model_v4	AF-W4GMX7-F1-model_v4 Uncharacterized protein	6.538E-38	1.000	1114	34	666	721	9	695	696	730	0.878	0.987
LOKIASV2_3307_ESMFold_glycoside_hydrolase_family_3_C-terminal_domain-containing_protein	AF-A0A3N5GB92-F1-model_v4	AF-A0A3N5GB92-F1-model_v4 Beta-glucosidase	8.794E-33	1.000	1092	42	427	721	1	397	511	406	0.535	0.777
LOKIASV2_3307_ESMFold_glycoside_hydrolase_family_3_C-terminal_domain-containing_protein	AF-A0A3N5L5N7-F1-model_v4	AF-A0A3N5L5N7-F1-model_v4 Beta-glucosidase	1.201E-36	1.000	1090	55	553	721	1	600	611	612	0.692	0.982
LOKIASV2_3307_ESMFold_glycoside_hydrolase_family_3_C-terminal_domain-containing_protein	AF-A0A847H263-F1-model_v4	AF-A0A847H263-F1-model_v4 Glycosyl hydrolase	2.350E-36	1.000	1089	41	539	721	31	619	680	596	0.692	0.866
LOKIASV2_3307_ESMFold_glycoside_hydrolase_family_3_C-terminal_domain-containing_protein	AF-A0A3D3TGL1-F1-model_v4	AF-A0A3D3TGL1-F1-model_v4 Glycosyl hydrolase	5.441E-36	1.000	1087	31	446	721	5	472	472	484	0.577	0.992
LOKIASV2_3307_ESMFold_glycoside_hydrolase_family_3_C-terminal_domain-containing_protein	AF-A0A1Q2M4C1-F1-model_v4	AF-A0A1Q2M4C1-F1-model_v4 Uncharacterized protein	1.879E-36	1.000	1087	24	602	721	8	610	610	672	0.803	0.989
LOKIASV2_3307_ESMFold_glycoside_hydrolase_family_3_C-terminal_domain-containing_protein	AF-A0A317JWG1-F1-model_v4	AF-A0A317JWG1-F1-model_v4 Beta-glucosidase	4.081E-35	1.000	1082	55	602	721	1	558	558	624	0.760	1.000
LOKIASV2_3307_ESMFold_glycoside_hydrolase_family_3_C-terminal_domain-containing_protein	AF-A0A6B2SGG6-F1-model_v4	AF-A0A6B2SGG6-F1-model_v4 Glycoside hydrolase family 3 protein	3.370E-32	1.000	1081	74	421	721	3	345	423	353	0.483	0.811
LOKIASV2_3307_ESMFold_glycoside_hydrolase_family_3_C-terminal_domain-containing_protein	AF-A0A1E5UZF8-F1-model_v4	AF-A0A1E5UZF8-F1-model_v4 Putative beta-D-xylosidase 2	2.002E-37	1.000	1074	133	720	721	9	648	957	694	0.816	0.669
LOKIASV2_3307_ESMFold_glycoside_hydrolase_family_3_C-terminal_domain-containing_protein	AF-A0A349YSF8-F1-model_v4	AF-A0A349YSF8-F1-model_v4 Glycosyl hydrolase	1.057E-34	1.000	1072	222	721	721	4	510	518	552	0.693	0.979
LOKIASV2_3307_ESMFold_glycoside_hydrolase_family_3_C-terminal_domain-containing_protein	AF-A0A6G1HFS8-F1-model_v4	AF-A0A6G1HFS8-F1-model_v4 Glycoside hydrolase family 3 protein	6.753E-35	1.000	1070	207	721	721	2	536	551	577	0.714	0.971
LOKIASV2_3307_ESMFold_glycoside_hydrolase_family_3_C-terminal_domain-containing_protein	AF-A0A0K9QN51-F1-model_v4	AF-A0A0K9QN51-F1-model_v4 Uncharacterized protein	1.971E-35	1.000	1068	41	601	721	12	601	614	657	0.778	0.961
LOKIASV2_3307_ESMFold_glycoside_hydrolase_family_3_C-terminal_domain-containing_protein	AF-A0A3D1ZQ09-F1-model_v4	AF-A0A3D1ZQ09-F1-model_v4 Glycosyl hydrolase	5.800E-37	1.000	1066	31	604	721	25	662	663	681	0.796	0.962
LOKIASV2_3307_ESMFold_glycoside_hydrolase_family_3_C-terminal_domain-containing_protein	AF-A0A4S9UFY5-F1-model_v4	AF-A0A4S9UFY5-F1-model_v4 Glycoside hydrolase family 3 protein	2.101E-36	1.000	1066	34	596	721	51	668	669	650	0.781	0.924
LOKIASV2_3307_ESMFold_glycoside_hydrolase_family_3_C-terminal_domain-containing_protein	AF-A0A3D2XAE9-F1-model_v4	AF-A0A3D2XAE9-F1-model_v4 Beta-glucosidase	2.118E-37	1.000	1061	33	541	721	1	610	630	621	0.706	0.968
LOKIASV2_3307_ESMFold_glycoside_hydrolase_family_3_C-terminal_domain-containing_protein	AF-A0A3B9LU13-F1-model_v4	AF-A0A3B9LU13-F1-model_v4 Beta-glucosidase	7.086E-34	1.000	1060	239	721	721	3	466	466	513	0.670	0.996
LOKIASV2_3307_ESMFold_glycoside_hydrolase_family_3_C-terminal_domain-containing_protein	AF-A0A3D2HCQ2-F1-model_v4	AF-A0A3D2HCQ2-F1-model_v4 Glycosyl hydrolase	1.564E-34	1.000	1058	273	721	721	2	442	442	486	0.623	0.998
LOKIASV2_3307_ESMFold_glycoside_hydrolase_family_3_C-terminal_domain-containing_protein	AF-A0A820GTR7-F1-model_v4	AF-A0A820GTR7-F1-model_v4 Hypothetical protein	1.821E-32	1.000	1057	58	494	721	1	464	465	479	0.606	0.998
LOKIASV2_3307_ESMFold_glycoside_hydrolase_family_3_C-terminal_domain-containing_protein	AF-A0A351ZF40-F1-model_v4	AF-A0A351ZF40-F1-model_v4 Glycosyl hydrolase	5.851E-31	1.000	1054	48	371	721	3	332	344	334	0.449	0.959
LOKIASV2_3307_ESMFold_glycoside_hydrolase_family_3_C-terminal_domain-containing_protein	AF-A0A804KHZ0-F1-model_v4	AF-A0A804KHZ0-F1-model_v4 Uncharacterized protein	6.806E-36	1.000	1049	41	601	721	32	620	656	645	0.778	0.898
LOKIASV2_3307_ESMFold_glycoside_hydrolase_family_3_C-terminal_domain-containing_protein	AF-B9TDB0-F1-model_v4	AF-B9TDB0-F1-model_v4 Beta-glucosidase	3.828E-34	1.000	1047	44	529	721	69	578	578	541	0.674	0.882
LOKIASV2_3307_ESMFold_glycoside_hydrolase_family_3_C-terminal_domain-containing_protein	AF-A0A2U8U9Q7-F1-model_v4	AF-A0A2U8U9Q7-F1-model_v4 Beta-glucosidase	7.494E-34	1.000	1045	106	524	721	2	468	468	479	0.581	0.998
LOKIASV2_3307_ESMFold_glycoside_hydrolase_family_3_C-terminal_domain-containing_protein	AF-L1KPJ7-F1-model_v4	AF-L1KPJ7-F1-model_v4 Glycosyl hydrolase family 3 C-terminal domain protein	9.992E-35	1.000	1042	225	721	721	3	504	525	546	0.689	0.956
LOKIASV2_3307_ESMFold_glycoside_hydrolase_family_3_C-terminal_domain-containing_protein	AF-A0A2M7U1U0-F1-model_v4	AF-A0A2M7U1U0-F1-model_v4 Beta-glucosidase	1.173E-33	1.000	1040	41	535	721	2	549	554	568	0.687	0.989
LOKIASV2_3307_ESMFold_glycoside_hydrolase_family_3_C-terminal_domain-containing_protein	AF-A0A7X7LHC5-F1-model_v4	AF-A0A7X7LHC5-F1-model_v4 Beta-glucosidase	1.588E-36	1.000	1040	85	637	721	8	689	696	730	0.767	0.980
LOKIASV2_3307_ESMFold_glycoside_hydrolase_family_3_C-terminal_domain-containing_protein	AF-A0A7K2P5R3-F1-model_v4	AF-A0A7K2P5R3-F1-model_v4 Beta-glucosidase	2.277E-32	1.000	1037	83	532	721	27	511	513	496	0.624	0.945
LOKIASV2_3307_ESMFold_glycoside_hydrolase_family_3_C-terminal_domain-containing_protein	AF-A0A3B8VWQ6-F1-model_v4	AF-A0A3B8VWQ6-F1-model_v4 Beta-glucosidase	4.354E-29	1.000	1036	30	307	721	16	298	299	284	0.386	0.946
LOKIASV2_3307_ESMFold_glycoside_hydrolase_family_3_C-terminal_domain-containing_protein	AF-A0A3S1G875-F1-model_v4	AF-A0A3S1G875-F1-model_v4 Glycoside hydrolase family 3 protein	2.547E-32	1.000	1035	38	465	721	1	460	460	476	0.594	1.000
LOKIASV2_3307_ESMFold_glycoside_hydrolase_family_3_C-terminal_domain-containing_protein	AF-A0A2K0UJM4-F1-model_v4	AF-A0A2K0UJM4-F1-model_v4 Beta-glucosidase	3.620E-34	1.000	1035	227	719	721	1	535	536	570	0.684	0.998
LOKIASV2_3307_ESMFold_glycoside_hydrolase_family_3_C-terminal_domain-containing_protein	AF-A0A066WL44-F1-model_v4	AF-A0A066WL44-F1-model_v4 Beta-glucosidase	6.385E-35	1.000	1031	38	497	721	1	631	632	640	0.638	0.998
LOKIASV2_3307_ESMFold_glycoside_hydrolase_family_3_C-terminal_domain-containing_protein	AF-A0A3B8IJW0-F1-model_v4	AF-A0A3B8IJW0-F1-model_v4 Glycosyl hydrolase	4.248E-33	1.000	1030	31	429	721	21	438	456	429	0.553	0.917
LOKIASV2_3307_ESMFold_glycoside_hydrolase_family_3_C-terminal_domain-containing_protein	AF-A0A3B9L247-F1-model_v4	AF-A0A3B9L247-F1-model_v4 Glycosyl hydrolase	9.836E-33	1.000	1028	253	719	721	3	462	463	510	0.648	0.994
LOKIASV2_3307_ESMFold_glycoside_hydrolase_family_3_C-terminal_domain-containing_protein	AF-A0A1B1S890-F1-model_v4	AF-A0A1B1S890-F1-model_v4 Beta-glucosidase	3.109E-36	1.000	1028	29	719	721	5	742	743	898	0.958	0.993
LOKIASV2_3307_ESMFold_glycoside_hydrolase_family_3_C-terminal_domain-containing_protein	AF-A0A2R7LW64-F1-model_v4	AF-A0A2R7LW64-F1-model_v4 Beta-glucosidase	3.060E-34	1.000	1025	258	721	721	1	481	482	516	0.644	0.998
LOKIASV2_3307_ESMFold_glycoside_hydrolase_family_3_C-terminal_domain-containing_protein	AF-A0A524CL80-F1-model_v4	AF-A0A524CL80-F1-model_v4 Glycoside hydrolase family 3 protein	1.221E-31	1.000	1024	31	452	721	1	438	446	456	0.585	0.982
LOKIASV2_3307_ESMFold_glycoside_hydrolase_family_3_C-terminal_domain-containing_protein	AF-A0A377V8E1-F1-model_v4	AF-A0A377V8E1-F1-model_v4 Beta-D-glucoside glucohydrolase	5.620E-33	1.000	1024	83	526	721	11	497	516	506	0.616	0.944
LOKIASV2_3307_ESMFold_glycoside_hydrolase_family_3_C-terminal_domain-containing_protein	AF-B8P5Y8-F1-model_v4	AF-B8P5Y8-F1-model_v4 Predicted protein	2.085E-35	1.000	1024	44	721	721	57	681	681	747	0.940	0.918
LOKIASV2_3307_ESMFold_glycoside_hydrolase_family_3_C-terminal_domain-containing_protein	AF-A0A830B6G5-F1-model_v4	AF-A0A830B6G5-F1-model_v4 Beta-glucosidase bogh3b	1.941E-33	1.000	1023	47	601	721	4	587	594	642	0.770	0.983
LOKIASV2_3307_ESMFold_glycoside_hydrolase_family_3_C-terminal_domain-containing_protein	AF-A0A0E0F8T0-F1-model_v4	AF-A0A0E0F8T0-F1-model_v4 Uncharacterized protein	2.505E-37	1.000	1021	39	678	721	71	776	828	772	0.888	0.853
LOKIASV2_3307_ESMFold_glycoside_hydrolase_family_3_C-terminal_domain-containing_protein	AF-A0A5N6PI05-F1-model_v4	AF-A0A5N6PI05-F1-model_v4 Fn3_like domain-containing protein	6.487E-37	1.000	1018	39	721	721	48	660	661	767	0.947	0.927
LOKIASV2_3307_ESMFold_glycoside_hydrolase_family_3_C-terminal_domain-containing_protein	AF-H0EG24-F1-model_v4	AF-H0EG24-F1-model_v4 Putative beta-glucosidase L	1.065E-35	1.000	1017	30	721	721	2	579	579	732	0.960	0.998
LOKIASV2_3307_ESMFold_glycoside_hydrolase_family_3_C-terminal_domain-containing_protein	AF-A0A2N5M6N4-F1-model_v4	AF-A0A2N5M6N4-F1-model_v4 Beta-glucosidase	1.564E-34	1.000	1017	29	539	721	20	608	627	612	0.709	0.939
LOKIASV2_3307_ESMFold_glycoside_hydrolase_family_3_C-terminal_domain-containing_protein	AF-A0A3D1U9D6-F1-model_v4	AF-A0A3D1U9D6-F1-model_v4 Fn3_like domain-containing protein	5.025E-33	1.000	1014	248	719	721	1	480	489	520	0.655	0.982
LOKIASV2_3307_ESMFold_glycoside_hydrolase_family_3_C-terminal_domain-containing_protein	AF-A0A6I3RFL4-F1-model_v4	AF-A0A6I3RFL4-F1-model_v4 Glycosyl hydrolase	1.708E-31	1.000	1013	52	390	721	3	362	370	367	0.470	0.973
LOKIASV2_3307_ESMFold_glycoside_hydrolase_family_3_C-terminal_domain-containing_protein	AF-A0A7X7DNL4-F1-model_v4	AF-A0A7X7DNL4-F1-model_v4 Beta-glucosidase	1.118E-34	1.000	1013	38	602	721	205	790	790	654	0.784	0.742
LOKIASV2_3307_ESMFold_glycoside_hydrolase_family_3_C-terminal_domain-containing_protein	AF-A0A0G4PHZ1-F1-model_v4	AF-A0A0G4PHZ1-F1-model_v4 Beta-glucosidase	9.759E-32	1.000	1012	42	426	721	2	384	412	401	0.534	0.930
LOKIASV2_3307_ESMFold_glycoside_hydrolase_family_3_C-terminal_domain-containing_protein	AF-A0A7C6IIZ3-F1-model_v4	AF-A0A7C6IIZ3-F1-model_v4 Beta-glucosidase	4.493E-33	1.000	1012	243	721	721	2	476	477	524	0.664	0.996
LOKIASV2_3307_ESMFold_glycoside_hydrolase_family_3_C-terminal_domain-containing_protein	AF-A0A7C4HP27-F1-model_v4	AF-A0A7C4HP27-F1-model_v4 Glycosyl hydrolase	1.973E-28	1.000	1010	353	721	721	1	337	337	373	0.512	1.000
LOKIASV2_3307_ESMFold_glycoside_hydrolase_family_3_C-terminal_domain-containing_protein	AF-K2EB76-F1-model_v4	AF-K2EB76-F1-model_v4 Uncharacterized protein	2.408E-32	1.000	1009	99	529	721	15	466	471	469	0.598	0.960
LOKIASV2_3307_ESMFold_glycoside_hydrolase_family_3_C-terminal_domain-containing_protein	AF-A0A1V6SNT5-F1-model_v4	AF-A0A1V6SNT5-F1-model_v4 MFS domain-containing protein	7.988E-35	1.000	1003	106	671	721	484	1029	1029	605	0.785	0.531
LOKIASV2_3307_ESMFold_glycoside_hydrolase_family_3_C-terminal_domain-containing_protein	AF-A0A7V9BTK9-F1-model_v4	AF-A0A7V9BTK9-F1-model_v4 Glycoside hydrolase family 3 protein	1.821E-32	1.000	1001	85	535	721	3	463	479	487	0.626	0.962
LOKIASV2_3307_ESMFold_glycoside_hydrolase_family_3_C-terminal_domain-containing_protein	AF-A0A7J7GYW5-F1-model_v4	AF-A0A7J7GYW5-F1-model_v4 Uncharacterized protein	5.185E-37	1.000	999	41	638	721	40	708	829	733	0.829	0.807
LOKIASV2_3307_ESMFold_glycoside_hydrolase_family_3_C-terminal_domain-containing_protein	AF-A0A1E7FMV9-F1-model_v4	AF-A0A1E7FMV9-F1-model_v4 Beta-glucosidase	6.538E-38	1.000	999	30	721	721	20	861	1045	904	0.960	0.806
LOKIASV2_3307_ESMFold_glycoside_hydrolase_family_3_C-terminal_domain-containing_protein	AF-A0A2D4WYZ8-F1-model_v4	AF-A0A2D4WYZ8-F1-model_v4 Glycosyl hydrolase	1.211E-30	1.000	995	30	362	721	22	386	387	369	0.462	0.943
LOKIASV2_3307_ESMFold_glycoside_hydrolase_family_3_C-terminal_domain-containing_protein	AF-A0A396ZVL5-F1-model_v4	AF-A0A396ZVL5-F1-model_v4 Uncharacterized protein	1.387E-33	1.000	995	83	671	721	81	648	872	626	0.817	0.651
LOKIASV2_3307_ESMFold_glycoside_hydrolase_family_3_C-terminal_domain-containing_protein	AF-A0A1F5SFZ2-F1-model_v4	AF-A0A1F5SFZ2-F1-model_v4 Uncharacterized protein	1.109E-33	1.000	994	10	602	721	5	596	607	669	0.822	0.975
LOKIASV2_3307_ESMFold_glycoside_hydrolase_family_3_C-terminal_domain-containing_protein	AF-A0A446L9S4-F1-model_v4	AF-A0A446L9S4-F1-model_v4 Fn3_like domain-containing protein	5.709E-35	1.000	993	29	720	721	14	684	686	782	0.960	0.978
LOKIASV2_3307_ESMFold_glycoside_hydrolase_family_3_C-terminal_domain-containing_protein	AF-A0A4R5ABN3-F1-model_v4	AF-A0A4R5ABN3-F1-model_v4 Glycoside hydrolase family 3 protein	3.859E-35	1.000	991	29	601	721	63	669	675	673	0.795	0.899
LOKIASV2_3307_ESMFold_glycoside_hydrolase_family_3_C-terminal_domain-containing_protein	AF-A0A4Q3RDL0-F1-model_v4	AF-A0A4Q3RDL0-F1-model_v4 Beta-glucosidase	1.365E-31	1.000	989	345	720	721	2	377	379	409	0.521	0.992
LOKIASV2_3307_ESMFold_glycoside_hydrolase_family_3_C-terminal_domain-containing_protein	AF-A0A2T6LGH0-F1-model_v4	AF-A0A2T6LGH0-F1-model_v4 Beta-glucosidase	3.859E-35	1.000	989	83	721	721	101	819	829	768	0.886	0.867
LOKIASV2_3307_ESMFold_glycoside_hydrolase_family_3_C-terminal_domain-containing_protein	AF-A0A815SY86-F1-model_v4	AF-A0A815SY86-F1-model_v4 Hypothetical protein	9.448E-35	1.000	988	28	683	721	22	593	663	718	0.910	0.863
LOKIASV2_3307_ESMFold_glycoside_hydrolase_family_3_C-terminal_domain-containing_protein	AF-A0A395LXS4-F1-model_v4	AF-A0A395LXS4-F1-model_v4 Glycoside hydrolase family 3 protein	1.628E-32	1.000	986	29	602	721	8	598	598	657	0.796	0.988
LOKIASV2_3307_ESMFold_glycoside_hydrolase_family_3_C-terminal_domain-containing_protein	AF-A0A3E0N9J9-F1-model_v4	AF-A0A3E0N9J9-F1-model_v4 Glycoside hydrolase family 3 protein	2.447E-34	1.000	986	30	602	721	2	605	620	675	0.795	0.974
LOKIASV2_3307_ESMFold_glycoside_hydrolase_family_3_C-terminal_domain-containing_protein	AF-A0A1M7YYC1-F1-model_v4	AF-A0A1M7YYC1-F1-model_v4 Periplasmic beta-glucosidase	3.620E-34	1.000	978	29	602	721	33	634	655	671	0.796	0.919
LOKIASV2_3307_ESMFold_glycoside_hydrolase_family_3_C-terminal_domain-containing_protein	AF-A0A7C9RVU6-F1-model_v4	AF-A0A7C9RVU6-F1-model_v4 Carbohydrate-binding protein	2.002E-37	1.000	977	31	721	721	8	739	739	817	0.958	0.991
LOKIASV2_3307_ESMFold_glycoside_hydrolase_family_3_C-terminal_domain-containing_protein	AF-A0A353LKV8-F1-model_v4	AF-A0A353LKV8-F1-model_v4 Beta-glucosidase	1.048E-33	1.000	975	30	518	721	4	601	601	610	0.678	0.995
LOKIASV2_3307_ESMFold_glycoside_hydrolase_family_3_C-terminal_domain-containing_protein	AF-A0A2V8VUC5-F1-model_v4	AF-A0A2V8VUC5-F1-model_v4 Beta-glucosidase	3.085E-35	1.000	975	177	721	721	12	703	710	738	0.756	0.975
LOKIASV2_3307_ESMFold_glycoside_hydrolase_family_3_C-terminal_domain-containing_protein	AF-W2IJT4-F1-model_v4	AF-W2IJT4-F1-model_v4 Fn3_like domain-containing protein	1.455E-32	1.000	972	201	721	721	1	524	539	570	0.723	0.972
LOKIASV2_3307_ESMFold_glycoside_hydrolase_family_3_C-terminal_domain-containing_protein	AF-A0A3B9IWL7-F1-model_v4	AF-A0A3B9IWL7-F1-model_v4 Beta-glucosidase	1.455E-32	1.000	970	42	596	721	2	665	666	716	0.770	0.997
LOKIASV2_3307_ESMFold_glycoside_hydrolase_family_3_C-terminal_domain-containing_protein	AF-E5VEE6-F1-model_v4	AF-E5VEE6-F1-model_v4 Glycosyl hydrolase family 3 C terminal domain-containing protein	2.849E-32	1.000	968	269	720	721	33	476	579	485	0.627	0.767
LOKIASV2_3307_ESMFold_glycoside_hydrolase_family_3_C-terminal_domain-containing_protein	AF-A0A6S7BAG5-F1-model_v4	AF-A0A6S7BAG5-F1-model_v4 Uncharacterized protein	6.596E-32	1.000	967	29	464	721	17	509	510	504	0.605	0.967
LOKIASV2_3307_ESMFold_glycoside_hydrolase_family_3_C-terminal_domain-containing_protein	AF-A0A2V8QKF5-F1-model_v4	AF-A0A2V8QKF5-F1-model_v4 PA14 domain-containing protein	1.821E-32	1.000	961	317	719	721	4	537	546	555	0.559	0.978
LOKIASV2_3307_ESMFold_glycoside_hydrolase_family_3_C-terminal_domain-containing_protein	AF-Q6CLW0-F1-model_v4	AF-Q6CLW0-F1-model_v4 Beta-glucosidase	1.735E-33	1.000	961	40	488	721	2	627	630	639	0.623	0.994
LOKIASV2_3307_ESMFold_glycoside_hydrolase_family_3_C-terminal_domain-containing_protein	AF-A0A4V1T5B8-F1-model_v4	AF-A0A4V1T5B8-F1-model_v4 Glycoside hydrolase family 3 protein	1.792E-30	1.000	960	214	637	721	2	427	431	452	0.588	0.988
LOKIASV2_3307_ESMFold_glycoside_hydrolase_family_3_C-terminal_domain-containing_protein	AF-A0A4V1TCG2-F1-model_v4	AF-A0A4V1TCG2-F1-model_v4 Glycosyl hydrolase	8.942E-28	1.000	959	374	721	721	2	325	417	349	0.483	0.777
LOKIASV2_3307_ESMFold_glycoside_hydrolase_family_3_C-terminal_domain-containing_protein	AF-A0A2X5CJC5-F1-model_v4	AF-A0A2X5CJC5-F1-model_v4 Beta-D-glucoside glucohydrolase	1.821E-32	1.000	959	268	721	721	18	481	481	494	0.630	0.965
LOKIASV2_3307_ESMFold_glycoside_hydrolase_family_3_C-terminal_domain-containing_protein	AF-A0A5N7SQ03-F1-model_v4	AF-A0A5N7SQ03-F1-model_v4 Glycoside hydrolase family 3 protein	2.036E-32	1.000	957	257	720	721	2	460	466	508	0.644	0.985
LOKIASV2_3307_ESMFold_glycoside_hydrolase_family_3_C-terminal_domain-containing_protein	AF-A0A7S4FBC3-F1-model_v4	AF-A0A7S4FBC3-F1-model_v4 Hypothetical protein	3.036E-33	1.000	952	30	601	721	19	653	660	689	0.793	0.962
LOKIASV2_3307_ESMFold_glycoside_hydrolase_family_3_C-terminal_domain-containing_protein	AF-A0A2V7Y8I3-F1-model_v4	AF-A0A2V7Y8I3-F1-model_v4 Beta-glucosidase	8.122E-30	1.000	951	351	721	721	7	366	368	401	0.515	0.978
LOKIASV2_3307_ESMFold_glycoside_hydrolase_family_3_C-terminal_domain-containing_protein	AF-A0A0P7AZS6-F1-model_v4	AF-A0A0P7AZS6-F1-model_v4 Fn3_like domain-containing protein	1.016E-29	1.000	950	30	719	721	7	429	439	701	0.957	0.964
LOKIASV2_3307_ESMFold_glycoside_hydrolase_family_3_C-terminal_domain-containing_protein	AF-A0A3M4SIE2-F1-model_v4	AF-A0A3M4SIE2-F1-model_v4 Beta-glucosidase	5.361E-27	1.000	949	433	720	721	131	408	438	288	0.399	0.635
LOKIASV2_3307_ESMFold_glycoside_hydrolase_family_3_C-terminal_domain-containing_protein	AF-A0A3M4SJ39-F1-model_v4	AF-A0A3M4SJ39-F1-model_v4 Beta-glucosidase	2.242E-30	1.000	949	31	424	721	2	420	539	431	0.546	0.777
LOKIASV2_3307_ESMFold_glycoside_hydrolase_family_3_C-terminal_domain-containing_protein	AF-A0A1E1K1H4-F1-model_v4	AF-A0A1E1K1H4-F1-model_v4 Beta-glucosidase	8.872E-27	1.000	948	33	324	721	1	295	298	298	0.405	0.990
LOKIASV2_3307_ESMFold_glycoside_hydrolase_family_3_C-terminal_domain-containing_protein	AF-A0A087D3V7-F1-model_v4	AF-A0A087D3V7-F1-model_v4 Putative beta-glucosidase	9.607E-30	1.000	945	294	720	721	10	413	498	436	0.592	0.811
LOKIASV2_3307_ESMFold_glycoside_hydrolase_family_3_C-terminal_domain-containing_protein	AF-A0A136IIQ5-F1-model_v4	AF-A0A136IIQ5-F1-model_v4 Beta-glucosidase	5.576E-32	1.000	940	140	721	721	1	575	583	661	0.807	0.986
LOKIASV2_3307_ESMFold_glycoside_hydrolase_family_3_C-terminal_domain-containing_protein	AF-A0A0D2YE14-F1-model_v4	AF-A0A0D2YE14-F1-model_v4 Beta-glucosidase	1.221E-31	1.000	939	31	507	721	40	566	566	556	0.662	0.931
LOKIASV2_3307_ESMFold_glycoside_hydrolase_family_3_C-terminal_domain-containing_protein	AF-A0A849VC11-F1-model_v4	AF-A0A849VC11-F1-model_v4 Glycoside hydrolase family 3 protein	1.270E-36	1.000	939	36	719	721	20	806	823	868	0.949	0.956
LOKIASV2_3307_ESMFold_glycoside_hydrolase_family_3_C-terminal_domain-containing_protein	AF-A0A074RTI5-F1-model_v4	AF-A0A074RTI5-F1-model_v4 Glycoside hydrolase family 3 protein	3.769E-32	1.000	938	12	484	721	11	538	538	552	0.656	0.981
LOKIASV2_3307_ESMFold_glycoside_hydrolase_family_3_C-terminal_domain-containing_protein	AF-A0A7X8GAM4-F1-model_v4	AF-A0A7X8GAM4-F1-model_v4 Fn3_like domain-containing protein	3.681E-29	1.000	933	329	721	721	2	368	532	402	0.545	0.690
LOKIASV2_3307_ESMFold_glycoside_hydrolase_family_3_C-terminal_domain-containing_protein	AF-A0A7U1ETE3-F1-model_v4	AF-A0A7U1ETE3-F1-model_v4 Glycoside hydrolase family 3 C-terminal domain-containing protein	2.137E-31	1.000	932	41	507	721	2	535	535	554	0.648	0.998
LOKIASV2_3307_ESMFold_glycoside_hydrolase_family_3_C-terminal_domain-containing_protein	AF-A0A519I887-F1-model_v4	AF-A0A519I887-F1-model_v4 Glycoside hydrolase family 3 protein	1.539E-32	1.000	928	34	533	721	33	598	641	598	0.693	0.883
LOKIASV2_3307_ESMFold_glycoside_hydrolase_family_3_C-terminal_domain-containing_protein	AF-A0A3E2J6H3-F1-model_v4	AF-A0A3E2J6H3-F1-model_v4 CBM6 domain-containing protein	3.109E-36	1.000	926	29	678	721	24	753	1245	804	0.902	0.586
LOKIASV2_3307_ESMFold_glycoside_hydrolase_family_3_C-terminal_domain-containing_protein	AF-A0A7S2HHN8-F1-model_v4	AF-A0A7S2HHN8-F1-model_v4 Beta-glucosidase	2.038E-25	1.000	925	52	309	721	2	263	266	264	0.358	0.985
LOKIASV2_3307_ESMFold_glycoside_hydrolase_family_3_C-terminal_domain-containing_protein	AF-A0A377L393-F1-model_v4	AF-A0A377L393-F1-model_v4 Beta-glucosidase	5.314E-33	1.000	922	48	721	721	2	641	652	764	0.935	0.982
LOKIASV2_3307_ESMFold_glycoside_hydrolase_family_3_C-terminal_domain-containing_protein	AF-A0A7S3YA59-F1-model_v4	AF-A0A7S3YA59-F1-model_v4 Hypothetical protein	4.215E-32	1.000	921	194	721	721	1	549	563	595	0.732	0.975
LOKIASV2_3307_ESMFold_glycoside_hydrolase_family_3_C-terminal_domain-containing_protein	AF-A0A355U2L7-F1-model_v4	AF-A0A355U2L7-F1-model_v4 Glycosyl hydrolase	3.211E-33	1.000	919	30	517	721	4	688	688	702	0.677	0.996
LOKIASV2_3307_ESMFold_glycoside_hydrolase_family_3_C-terminal_domain-containing_protein	AF-A0A509E0P2-F1-model_v4	AF-A0A509E0P2-F1-model_v4 Beta-glucosidase BoGH3B	8.514E-36	1.000	918	30	678	721	13	817	845	869	0.900	0.953
LOKIASV2_3307_ESMFold_glycoside_hydrolase_family_3_C-terminal_domain-containing_protein	AF-A0A0G4GD67-F1-model_v4	AF-A0A0G4GD67-F1-model_v4 Uncharacterized protein	3.036E-33	1.000	915	31	602	721	209	843	865	692	0.793	0.734
LOKIASV2_3307_ESMFold_glycoside_hydrolase_family_3_C-terminal_domain-containing_protein	AF-A0A1G4VAB2-F1-model_v4	AF-A0A1G4VAB2-F1-model_v4 Beta-glucosidase	2.567E-33	1.000	914	31	602	721	45	664	672	683	0.793	0.923
LOKIASV2_3307_ESMFold_glycoside_hydrolase_family_3_C-terminal_domain-containing_protein	AF-A0A564S9R0-F1-model_v4	AF-A0A564S9R0-F1-model_v4 Thermostable beta-glucosidase B	2.718E-26	1.000	912	45	333	721	3	299	306	301	0.401	0.971
LOKIASV2_3307_ESMFold_glycoside_hydrolase_family_3_C-terminal_domain-containing_protein	AF-X0SVM4-F1-model_v4	AF-X0SVM4-F1-model_v4 Fn3_like domain-containing protein	1.750E-27	1.000	912	367	721	721	1	325	325	362	0.492	1.000
LOKIASV2_3307_ESMFold_glycoside_hydrolase_family_3_C-terminal_domain-containing_protein	AF-A0A842VTN5-F1-model_v4	AF-A0A842VTN5-F1-model_v4 Glycoside hydrolase family 3 protein	1.764E-28	1.000	912	329	721	721	7	387	395	420	0.545	0.965
LOKIASV2_3307_ESMFold_glycoside_hydrolase_family_3_C-terminal_domain-containing_protein	AF-T0IM21-F1-model_v4	AF-T0IM21-F1-model_v4 Glycoside hydrolase family 3	2.871E-33	1.000	912	29	553	721	7	726	729	746	0.728	0.988
LOKIASV2_3307_ESMFold_glycoside_hydrolase_family_3_C-terminal_domain-containing_protein	AF-A0A540LT69-F1-model_v4	AF-A0A540LT69-F1-model_v4 Fn3_like domain-containing protein	4.714E-32	1.000	904	39	721	721	50	649	650	754	0.947	0.923
LOKIASV2_3307_ESMFold_glycoside_hydrolase_family_3_C-terminal_domain-containing_protein	AF-A0A1B8D3E5-F1-model_v4	AF-A0A1B8D3E5-F1-model_v4 Fn3_like domain-containing protein	3.986E-32	1.000	903	156	716	721	3	541	550	606	0.778	0.980
LOKIASV2_3307_ESMFold_glycoside_hydrolase_family_3_C-terminal_domain-containing_protein	AF-A0A1J4JC38-F1-model_v4	AF-A0A1J4JC38-F1-model_v4 Periplasmic beta-glucosidase	1.344E-29	1.000	901	268	721	721	20	457	457	481	0.630	0.958
LOKIASV2_3307_ESMFold_glycoside_hydrolase_family_3_C-terminal_domain-containing_protein	AF-A0A0V0IR85-F1-model_v4	AF-A0A0V0IR85-F1-model_v4 Putative beta-D-xylosidase 7-like	4.388E-30	1.000	901	211	721	721	6	534	535	577	0.709	0.989
LOKIASV2_3307_ESMFold_glycoside_hydrolase_family_3_C-terminal_domain-containing_protein	AF-A0A2T4J4X1-F1-model_v4	AF-A0A2T4J4X1-F1-model_v4 Beta-glucosidase	1.344E-29	1.000	900	255	721	721	2	461	479	493	0.648	0.960
LOKIASV2_3307_ESMFold_glycoside_hydrolase_family_3_C-terminal_domain-containing_protein	AF-A0A3M6Y6R7-F1-model_v4	AF-A0A3M6Y6R7-F1-model_v4 Uncharacterized protein	7.740E-31	1.000	897	29	493	721	46	591	592	556	0.645	0.922
LOKIASV2_3307_ESMFold_glycoside_hydrolase_family_3_C-terminal_domain-containing_protein	AF-A0A0W0FFP1-F1-model_v4	AF-A0A0W0FFP1-F1-model_v4 Beta-glucosidase	9.228E-32	1.000	896	261	719	721	2	613	623	638	0.637	0.982
LOKIASV2_3307_ESMFold_glycoside_hydrolase_family_3_C-terminal_domain-containing_protein	AF-A0A3M1S4A6-F1-model_v4	AF-A0A3M1S4A6-F1-model_v4 Glycoside hydrolase family 3 protein	3.450E-35	1.000	896	30	719	721	24	826	837	890	0.957	0.959
LOKIASV2_3307_ESMFold_glycoside_hydrolase_family_3_C-terminal_domain-containing_protein	AF-A0A3M6CT27-F1-model_v4	AF-A0A3M6CT27-F1-model_v4 Beta-glucosidase	3.802E-26	1.000	893	426	721	721	137	414	453	298	0.411	0.614
LOKIASV2_3307_ESMFold_glycoside_hydrolase_family_3_C-terminal_domain-containing_protein	AF-A0A6P6FML8-F1-model_v4	AF-A0A6P6FML8-F1-model_v4 beta-xylosidase/alpha-L-arabinofuranosidase 1-like	5.851E-31	1.000	892	194	721	721	11	566	569	603	0.732	0.977
LOKIASV2_3307_ESMFold_glycoside_hydrolase_family_3_C-terminal_domain-containing_protein	AF-A0A7H4N0T7-F1-model_v4	AF-A0A7H4N0T7-F1-model_v4 Beta-glucosidase	2.087E-28	1.000	891	197	609	721	1	392	428	425	0.573	0.916
LOKIASV2_3307_ESMFold_glycoside_hydrolase_family_3_C-terminal_domain-containing_protein	AF-A0A7V6SJ03-F1-model_v4	AF-A0A7V6SJ03-F1-model_v4 Fn3_like domain-containing protein	1.655E-27	1.000	890	352	719	721	2	340	498	377	0.510	0.681
LOKIASV2_3307_ESMFold_glycoside_hydrolase_family_3_C-terminal_domain-containing_protein	AF-A0A1V5J984-F1-model_v4	AF-A0A1V5J984-F1-model_v4 Thermostable beta-glucosidase B	2.408E-32	1.000	889	225	719	721	3	640	641	670	0.687	0.995
LOKIASV2_3307_ESMFold_glycoside_hydrolase_family_3_C-terminal_domain-containing_protein	AF-A0A519JZS9-F1-model_v4	AF-A0A519JZS9-F1-model_v4 Beta-glucosidase	1.127E-28	1.000	883	334	720	721	4	406	430	434	0.537	0.937
LOKIASV2_3307_ESMFold_glycoside_hydrolase_family_3_C-terminal_domain-containing_protein	AF-A0A7Y2ZP66-F1-model_v4	AF-A0A7Y2ZP66-F1-model_v4 Glycosyl hydrolase	1.737E-26	1.000	882	423	721	721	41	325	325	304	0.415	0.877
LOKIASV2_3307_ESMFold_glycoside_hydrolase_family_3_C-terminal_domain-containing_protein	AF-A0A354J7Y1-F1-model_v4	AF-A0A354J7Y1-F1-model_v4 Glycosyl hydrolase	2.718E-26	1.000	882	45	357	721	13	342	342	341	0.434	0.965
LOKIASV2_3307_ESMFold_glycoside_hydrolase_family_3_C-terminal_domain-containing_protein	AF-A0A6S5A383-F1-model_v4	AF-A0A6S5A383-F1-model_v4 Uncharacterized protein	1.721E-32	1.000	882	32	602	721	11	656	697	692	0.792	0.927
LOKIASV2_3307_ESMFold_glycoside_hydrolase_family_3_C-terminal_domain-containing_protein	AF-A0A535N8Z2-F1-model_v4	AF-A0A535N8Z2-F1-model_v4 Glycoside hydrolase family 3 protein	3.990E-25	1.000	878	29	307	721	32	316	401	286	0.387	0.711
LOKIASV2_3307_ESMFold_glycoside_hydrolase_family_3_C-terminal_domain-containing_protein	AF-A0A0B8MYM0-F1-model_v4	AF-A0A0B8MYM0-F1-model_v4 Fn3_like domain-containing protein	1.100E-32	1.000	878	140	719	721	57	612	614	622	0.804	0.906
LOKIASV2_3307_ESMFold_glycoside_hydrolase_family_3_C-terminal_domain-containing_protein	AF-A0A7C1IDM3-F1-model_v4	AF-A0A7C1IDM3-F1-model_v4 Beta-glucosidase	4.252E-26	1.000	874	369	721	721	2	328	328	368	0.490	0.997
LOKIASV2_3307_ESMFold_glycoside_hydrolase_family_3_C-terminal_domain-containing_protein	AF-A0A7K0HEF8-F1-model_v4	AF-A0A7K0HEF8-F1-model_v4 Glycosyl hydrolase	2.761E-28	1.000	874	310	719	721	4	391	393	426	0.569	0.987
LOKIASV2_3307_ESMFold_glycoside_hydrolase_family_3_C-terminal_domain-containing_protein	AF-A0A1Y1Q8Q0-F1-model_v4	AF-A0A1Y1Q8Q0-F1-model_v4 Glycosyl hydrolase	4.252E-26	1.000	872	54	343	721	4	317	318	320	0.402	0.987
LOKIASV2_3307_ESMFold_glycoside_hydrolase_family_3_C-terminal_domain-containing_protein	AF-A0A5N5LDR6-F1-model_v4	AF-A0A5N5LDR6-F1-model_v4 Beta-glucosidase	2.673E-31	1.000	872	36	601	721	1	692	701	760	0.785	0.987
LOKIASV2_3307_ESMFold_glycoside_hydrolase_family_3_C-terminal_domain-containing_protein	AF-A0A3B9KZ05-F1-model_v4	AF-A0A3B9KZ05-F1-model_v4 Uncharacterized protein	9.448E-35	1.000	872	51	719	721	2	764	769	847	0.928	0.992
LOKIASV2_3307_ESMFold_glycoside_hydrolase_family_3_C-terminal_domain-containing_protein	AF-A0A6L3EZN8-F1-model_v4	AF-A0A6L3EZN8-F1-model_v4 Glycosyl hydrolase	3.214E-26	1.000	871	398	721	721	4	321	417	338	0.449	0.763
LOKIASV2_3307_ESMFold_glycoside_hydrolase_family_3_C-terminal_domain-containing_protein	AF-A0A2E4W0Y0-F1-model_v4	AF-A0A2E4W0Y0-F1-model_v4 Glycosyl hydrolase	1.032E-31	1.000	868	48	679	721	8	515	515	666	0.877	0.986
LOKIASV2_3307_ESMFold_glycoside_hydrolase_family_3_C-terminal_domain-containing_protein	AF-A0A1Y6BE65-F1-model_v4	AF-A0A1Y6BE65-F1-model_v4 Exo-1,4-beta-glucosidase	1.956E-34	1.000	867	29	719	721	32	832	848	891	0.958	0.945
LOKIASV2_3307_ESMFold_glycoside_hydrolase_family_3_C-terminal_domain-containing_protein	AF-A0A0G4GMG4-F1-model_v4	AF-A0A0G4GMG4-F1-model_v4 Uncharacterized protein	2.390E-31	1.000	866	29	539	721	55	665	733	634	0.709	0.834
LOKIASV2_3307_ESMFold_glycoside_hydrolase_family_3_C-terminal_domain-containing_protein	AF-A0A6A6LWM4-F1-model_v4	AF-A0A6A6LWM4-F1-model_v4 Fn3_like domain-containing protein	2.153E-32	1.000	864	1	720	721	1	691	700	825	0.999	0.987
LOKIASV2_3307_ESMFold_glycoside_hydrolase_family_3_C-terminal_domain-containing_protein	AF-A0A7X8H1I7-F1-model_v4	AF-A0A7X8H1I7-F1-model_v4 Fn3_like domain-containing protein	2.087E-28	1.000	863	294	720	721	4	425	451	467	0.592	0.936
LOKIASV2_3307_ESMFold_glycoside_hydrolase_family_3_C-terminal_domain-containing_protein	AF-A0A2T6FKR8-F1-model_v4	AF-A0A2T6FKR8-F1-model_v4 Beta-glucosidase	1.007E-35	1.000	858	31	719	721	3	795	1053	873	0.956	0.753
LOKIASV2_3307_ESMFold_glycoside_hydrolase_family_3_C-terminal_domain-containing_protein	AF-A0A1A7QKS4-F1-model_v4	AF-A0A1A7QKS4-F1-model_v4 Fn3_like domain-containing protein	8.794E-33	1.000	852	34	721	721	1	637	658	784	0.954	0.968
LOKIASV2_3307_ESMFold_glycoside_hydrolase_family_3_C-terminal_domain-containing_protein	AF-A0A2D8KAF3-F1-model_v4	AF-A0A2D8KAF3-F1-model_v4 Glycosyl hydrolase	2.103E-29	1.000	849	334	721	721	7	527	534	544	0.538	0.976
LOKIASV2_3307_ESMFold_glycoside_hydrolase_family_3_C-terminal_domain-containing_protein	AF-W7T2F8-F1-model_v4	AF-W7T2F8-F1-model_v4 Beta-glucosidase	1.564E-34	1.000	849	52	706	721	2	508	612	680	0.908	0.828
LOKIASV2_3307_ESMFold_glycoside_hydrolase_family_3_C-terminal_domain-containing_protein	AF-A0A0M0LQC8-F1-model_v4	AF-A0A0M0LQC8-F1-model_v4 Glycoside hydrolase family 3 domain protein	3.802E-26	1.000	848	375	721	721	2	343	528	370	0.481	0.648
LOKIASV2_3307_ESMFold_glycoside_hydrolase_family_3_C-terminal_domain-containing_protein	AF-A0A544ZV75-F1-model_v4	AF-A0A544ZV75-F1-model_v4 Beta-glucosidase	6.867E-30	1.000	843	135	541	721	1	567	580	574	0.564	0.978
LOKIASV2_3307_ESMFold_glycoside_hydrolase_family_3_C-terminal_domain-containing_protein	AF-A0A533SKI7-F1-model_v4	AF-A0A533SKI7-F1-model_v4 Beta-glucosidase	3.802E-26	1.000	842	354	721	721	1	349	367	386	0.510	0.951
LOKIASV2_3307_ESMFold_glycoside_hydrolase_family_3_C-terminal_domain-containing_protein	AF-A0A3M0YYQ9-F1-model_v4	AF-A0A3M0YYQ9-F1-model_v4 Beta-glucosidase	1.434E-23	1.000	838	457	721	721	9	252	255	265	0.368	0.957
LOKIASV2_3307_ESMFold_glycoside_hydrolase_family_3_C-terminal_domain-containing_protein	AF-A0A845AK76-F1-model_v4	AF-A0A845AK76-F1-model_v4 Glycoside hydrolase family 3 protein	4.117E-29	1.000	837	55	533	721	1	555	598	580	0.664	0.928
LOKIASV2_3307_ESMFold_glycoside_hydrolase_family_3_C-terminal_domain-containing_protein	AF-A0A439CXF1-F1-model_v4	AF-A0A439CXF1-F1-model_v4 Beta-glucosidase	7.809E-25	1.000	833	27	346	721	30	375	501	347	0.444	0.691
LOKIASV2_3307_ESMFold_glycoside_hydrolase_family_3_C-terminal_domain-containing_protein	AF-A0A1V3NXE2-F1-model_v4	AF-A0A1V3NXE2-F1-model_v4 1,4-beta-D-glucan glucohydrolase	3.769E-32	1.000	833	30	651	721	9	740	830	795	0.863	0.882
LOKIASV2_3307_ESMFold_glycoside_hydrolase_family_3_C-terminal_domain-containing_protein	AF-A0A6B3E865-F1-model_v4	AF-A0A6B3E865-F1-model_v4 Glycoside hydrolase family 3 protein	4.462E-25	1.000	832	30	316	721	15	312	315	302	0.398	0.946
LOKIASV2_3307_ESMFold_glycoside_hydrolase_family_3_C-terminal_domain-containing_protein	AF-A0A3D4ESQ6-F1-model_v4	AF-A0A3D4ESQ6-F1-model_v4 Fn3_like domain-containing protein	4.794E-27	1.000	830	352	719	721	2	387	412	408	0.510	0.937
LOKIASV2_3307_ESMFold_glycoside_hydrolase_family_3_C-terminal_domain-containing_protein	AF-A0A5M8SHR3-F1-model_v4	AF-A0A5M8SHR3-F1-model_v4 Glycoside hydrolase family 3 protein	1.942E-26	1.000	825	30	306	721	20	324	331	305	0.384	0.921
LOKIASV2_3307_ESMFold_glycoside_hydrolase_family_3_C-terminal_domain-containing_protein	AF-A0A1L9S6L2-F1-model_v4	AF-A0A1L9S6L2-F1-model_v4 Fn3_like domain-containing protein	6.867E-30	1.000	825	261	721	721	110	603	606	543	0.639	0.815
LOKIASV2_3307_ESMFold_glycoside_hydrolase_family_3_C-terminal_domain-containing_protein	AF-A0A7V8M1Z0-F1-model_v4	AF-A0A7V8M1Z0-F1-model_v4 Beta-glucosidase	5.237E-24	1.000	822	30	294	721	22	287	293	268	0.368	0.908
LOKIASV2_3307_ESMFold_glycoside_hydrolase_family_3_C-terminal_domain-containing_protein	AF-A0A1C4NRP5-F1-model_v4	AF-A0A1C4NRP5-F1-model_v4 Beta-glucosidase	5.996E-27	1.000	821	31	365	721	80	458	479	389	0.465	0.791
LOKIASV2_3307_ESMFold_glycoside_hydrolase_family_3_C-terminal_domain-containing_protein	AF-F4QPK5-F1-model_v4	AF-F4QPK5-F1-model_v4 1,4-B-D-glucan glucohydrolase	4.049E-34	1.000	821	30	719	721	78	886	898	896	0.957	0.901
LOKIASV2_3307_ESMFold_glycoside_hydrolase_family_3_C-terminal_domain-containing_protein	AF-A0A3R7JN35-F1-model_v4	AF-A0A3R7JN35-F1-model_v4 Uncharacterized protein	9.013E-29	1.000	820	31	502	721	7	564	565	570	0.655	0.988
LOKIASV2_3307_ESMFold_glycoside_hydrolase_family_3_C-terminal_domain-containing_protein	AF-A0A7S2P443-F1-model_v4	AF-A0A7S2P443-F1-model_v4 Hypothetical protein	6.602E-25	1.000	818	69	371	721	15	328	333	325	0.420	0.943
LOKIASV2_3307_ESMFold_glycoside_hydrolase_family_3_C-terminal_domain-containing_protein	AF-A0A662WNM9-F1-model_v4	AF-A0A662WNM9-F1-model_v4 Fn3_like domain-containing protein	1.119E-27	1.000	817	290	721	721	21	445	457	467	0.599	0.930
LOKIASV2_3307_ESMFold_glycoside_hydrolase_family_3_C-terminal_domain-containing_protein	AF-A0A496TRI8-F1-model_v4	AF-A0A496TRI8-F1-model_v4 Glycoside hydrolase family 3 protein	4.021E-26	1.000	816	11	382	721	6	403	404	414	0.516	0.985
LOKIASV2_3307_ESMFold_glycoside_hydrolase_family_3_C-terminal_domain-containing_protein	AF-A0A350CT67-F1-model_v4	AF-A0A350CT67-F1-model_v4 Beta-glucosidase	7.377E-32	1.000	816	45	671	721	2	685	726	769	0.870	0.942
LOKIASV2_3307_ESMFold_glycoside_hydrolase_family_3_C-terminal_domain-containing_protein	AF-A0A7S2DGI6-F1-model_v4	AF-A0A7S2DGI6-F1-model_v4 Hypothetical protein	5.070E-27	1.000	815	83	470	721	14	397	402	416	0.538	0.955
LOKIASV2_3307_ESMFold_glycoside_hydrolase_family_3_C-terminal_domain-containing_protein	AF-A0A351NGL0-F1-model_v4	AF-A0A351NGL0-F1-model_v4 Fn3_like domain-containing protein	2.430E-26	1.000	815	344	721	721	4	406	406	445	0.524	0.993
LOKIASV2_3307_ESMFold_glycoside_hydrolase_family_3_C-terminal_domain-containing_protein	AF-A0A2R7S2T4-F1-model_v4	AF-A0A2R7S2T4-F1-model_v4 Glycosyl hydrolase	7.384E-25	1.000	814	32	323	721	24	354	355	332	0.405	0.932
LOKIASV2_3307_ESMFold_glycoside_hydrolase_family_3_C-terminal_domain-containing_protein	AF-A0A819H7W8-F1-model_v4	AF-A0A819H7W8-F1-model_v4 Hypothetical protein	9.457E-28	1.000	812	40	600	721	14	484	661	588	0.778	0.713
LOKIASV2_3307_ESMFold_glycoside_hydrolase_family_3_C-terminal_domain-containing_protein	AF-W2GB86-F1-model_v4	AF-W2GB86-F1-model_v4 Fn3_like domain-containing protein	7.093E-27	1.000	802	290	720	721	12	432	483	465	0.598	0.872
LOKIASV2_3307_ESMFold_glycoside_hydrolase_family_3_C-terminal_domain-containing_protein	AF-A0A3D2HIK1-F1-model_v4	AF-A0A3D2HIK1-F1-model_v4 PA14 domain-containing protein	6.044E-28	1.000	800	334	721	721	2	501	501	539	0.538	0.998
LOKIASV2_3307_ESMFold_glycoside_hydrolase_family_3_C-terminal_domain-containing_protein	AF-A0A3D5IYX5-F1-model_v4	AF-A0A3D5IYX5-F1-model_v4 Glycosyl hydrolase	2.897E-27	1.000	798	2	453	721	8	483	488	501	0.627	0.975
LOKIASV2_3307_ESMFold_glycoside_hydrolase_family_3_C-terminal_domain-containing_protein	AF-A0A2N9DWQ6-F1-model_v4	AF-A0A2N9DWQ6-F1-model_v4 Fn3_like domain-containing protein	2.172E-26	1.000	794	351	721	721	4	404	423	433	0.515	0.948
LOKIASV2_3307_ESMFold_glycoside_hydrolase_family_3_C-terminal_domain-containing_protein	AF-A0A519UMF6-F1-model_v4	AF-A0A519UMF6-F1-model_v4 Glycoside hydrolase family 3 protein	8.324E-26	1.000	792	30	371	721	4	338	356	355	0.474	0.941
LOKIASV2_3307_ESMFold_glycoside_hydrolase_family_3_C-terminal_domain-containing_protein	AF-A0A5K1K2A1-F1-model_v4	AF-A0A5K1K2A1-F1-model_v4 Succinate-semialdehyde dehydrogenase (EC)	2.054E-26	1.000	791	267	721	721	1	493	493	534	0.631	1.000
LOKIASV2_3307_ESMFold_glycoside_hydrolase_family_3_C-terminal_domain-containing_protein	AF-A0A0G2ZJS8-F1-model_v4	AF-A0A0G2ZJS8-F1-model_v4 Beta-glucosidase	1.792E-30	1.000	791	29	721	721	254	938	1171	777	0.961	0.585
LOKIASV2_3307_ESMFold_glycoside_hydrolase_family_3_C-terminal_domain-containing_protein	AF-F3CAF4-F1-model_v4	AF-F3CAF4-F1-model_v4 Beta-glucosidase	2.355E-22	1.000	790	464	720	721	3	249	279	259	0.356	0.885
LOKIASV2_3307_ESMFold_glycoside_hydrolase_family_3_C-terminal_domain-containing_protein	AF-A0A2S4GPH3-F1-model_v4	AF-A0A2S4GPH3-F1-model_v4 Glycosyl hydrolase	7.384E-25	1.000	787	360	721	721	4	355	363	394	0.502	0.970
LOKIASV2_3307_ESMFold_glycoside_hydrolase_family_3_C-terminal_domain-containing_protein	AF-A0A2G2YF36-F1-model_v4	AF-A0A2G2YF36-F1-model_v4 Beta-D-xylosidase 4	2.262E-24	1.000	787	39	362	721	122	485	526	373	0.449	0.692
LOKIASV2_3307_ESMFold_glycoside_hydrolase_family_3_C-terminal_domain-containing_protein	AF-A0A7W4IPB9-F1-model_v4	AF-A0A7W4IPB9-F1-model_v4 Beta-glucosidase	1.480E-27	1.000	787	127	719	721	3	516	532	619	0.822	0.966
LOKIASV2_3307_ESMFold_glycoside_hydrolase_family_3_C-terminal_domain-containing_protein	AF-A0A4U0VNQ7-F1-model_v4	AF-A0A4U0VNQ7-F1-model_v4 Beta-glucosidase	7.560E-28	1.000	785	31	447	721	8	504	515	511	0.578	0.965
LOKIASV2_3307_ESMFold_glycoside_hydrolase_family_3_C-terminal_domain-containing_protein	AF-A0A522QZF1-F1-model_v4	AF-A0A522QZF1-F1-model_v4 Uncharacterized protein	3.990E-25	1.000	782	44	421	721	27	429	455	420	0.524	0.886
LOKIASV2_3307_ESMFold_glycoside_hydrolase_family_3_C-terminal_domain-containing_protein	AF-A0A4Q3T0L8-F1-model_v4	AF-A0A4Q3T0L8-F1-model_v4 Beta-glucosidase	5.996E-27	1.000	782	30	441	721	40	538	566	507	0.571	0.882
LOKIASV2_3307_ESMFold_glycoside_hydrolase_family_3_C-terminal_domain-containing_protein	AF-A0A2S4GH11-F1-model_v4	AF-A0A2S4GH11-F1-model_v4 Glycosyl hydrolase	1.696E-23	1.000	781	39	357	721	6	355	357	358	0.442	0.980
LOKIASV2_3307_ESMFold_glycoside_hydrolase_family_3_C-terminal_domain-containing_protein	AF-A0A1Q7VSN9-F1-model_v4	AF-A0A1Q7VSN9-F1-model_v4 Fn3_like domain-containing protein	9.165E-24	1.000	778	387	719	721	5	311	425	334	0.462	0.722
LOKIASV2_3307_ESMFold_glycoside_hydrolase_family_3_C-terminal_domain-containing_protein	AF-X1QAJ5-F1-model_v4	AF-X1QAJ5-F1-model_v4 Fn3_like domain-containing protein	1.838E-19	1.000	777	574	720	721	7	153	155	147	0.204	0.948
LOKIASV2_3307_ESMFold_glycoside_hydrolase_family_3_C-terminal_domain-containing_protein	AF-A0A850C854-F1-model_v4	AF-A0A850C854-F1-model_v4 Beta-glucosidase	6.707E-27	1.000	770	29	497	721	34	573	573	559	0.650	0.942
LOKIASV2_3307_ESMFold_glycoside_hydrolase_family_3_C-terminal_domain-containing_protein	AF-A0A812IFE3-F1-model_v4	AF-A0A812IFE3-F1-model_v4 Cbg-1 protein	2.172E-26	1.000	766	22	469	721	7	517	518	532	0.621	0.986
LOKIASV2_3307_ESMFold_glycoside_hydrolase_family_3_C-terminal_domain-containing_protein	AF-A0A7C2J151-F1-model_v4	AF-A0A7C2J151-F1-model_v4 Uncharacterized protein	4.951E-24	1.000	764	43	409	721	115	497	498	402	0.509	0.769
LOKIASV2_3307_ESMFold_glycoside_hydrolase_family_3_C-terminal_domain-containing_protein	AF-A0A2R6PMY3-F1-model_v4	AF-A0A2R6PMY3-F1-model_v4 Beta-glucosidase	1.794E-23	1.000	763	424	719	721	129	411	421	304	0.411	0.672
LOKIASV2_3307_ESMFold_glycoside_hydrolase_family_3_C-terminal_domain-containing_protein	AF-A0A317I0E8-F1-model_v4	AF-A0A317I0E8-F1-model_v4 Glycosyl hydrolase	3.269E-21	1.000	761	507	721	721	4	200	204	215	0.298	0.966
LOKIASV2_3307_ESMFold_glycoside_hydrolase_family_3_C-terminal_domain-containing_protein	AF-A0A438FZY3-F1-model_v4	AF-A0A438FZY3-F1-model_v4 Putative beta-D-xylosidase 7	3.320E-23	1.000	761	39	350	721	45	401	404	364	0.433	0.884
LOKIASV2_3307_ESMFold_glycoside_hydrolase_family_3_C-terminal_domain-containing_protein	AF-A0A074Z006-F1-model_v4	AF-A0A074Z006-F1-model_v4 Glycoside hydrolase family 3 protein	8.259E-25	1.000	760	124	529	721	2	474	474	490	0.563	0.998
LOKIASV2_3307_ESMFold_glycoside_hydrolase_family_3_C-terminal_domain-containing_protein	AF-A0A662WX71-F1-model_v4	AF-A0A662WX71-F1-model_v4 Uncharacterized protein	5.278E-25	1.000	759	83	486	721	87	517	521	440	0.560	0.827
LOKIASV2_3307_ESMFold_glycoside_hydrolase_family_3_C-terminal_domain-containing_protein	AF-A0A3D0NKV7-F1-model_v4	AF-A0A3D0NKV7-F1-model_v4 Beta-glucosidase	5.278E-25	1.000	758	290	719	721	9	445	448	478	0.596	0.975
LOKIASV2_3307_ESMFold_glycoside_hydrolase_family_3_C-terminal_domain-containing_protein	AF-R5W2Q4-F1-model_v4	AF-R5W2Q4-F1-model_v4 Beta-glucosidase-related glycosidases	7.156E-21	1.000	757	99	319	721	4	221	223	221	0.307	0.978
LOKIASV2_3307_ESMFold_glycoside_hydrolase_family_3_C-terminal_domain-containing_protein	AF-A0A414PAC3-F1-model_v4	AF-A0A414PAC3-F1-model_v4 Fn3_like domain-containing protein	9.855E-19	1.000	756	576	721	721	17	162	249	146	0.202	0.586
LOKIASV2_3307_ESMFold_glycoside_hydrolase_family_3_C-terminal_domain-containing_protein	AF-A0A395J242-F1-model_v4	AF-A0A395J242-F1-model_v4 CBM1 domain-containing protein	3.063E-27	1.000	756	32	538	721	1	505	613	571	0.703	0.824
LOKIASV2_3307_ESMFold_glycoside_hydrolase_family_3_C-terminal_domain-containing_protein	AF-A0A4U0UL01-F1-model_v4	AF-A0A4U0UL01-F1-model_v4 Beta-glucosidase	1.529E-24	1.000	752	5	362	721	42	426	618	398	0.497	0.623
LOKIASV2_3307_ESMFold_glycoside_hydrolase_family_3_C-terminal_domain-containing_protein	AF-M8CAF0-F1-model_v4	AF-M8CAF0-F1-model_v4 Putative beta-D-xylosidase 2	2.488E-29	1.000	751	178	721	721	106	613	618	606	0.755	0.822
LOKIASV2_3307_ESMFold_glycoside_hydrolase_family_3_C-terminal_domain-containing_protein	AF-A0A3B8UJJ1-F1-model_v4	AF-A0A3B8UJJ1-F1-model_v4 Glycosyl hydrolase	2.105E-22	1.000	749	428	719	721	2	276	277	298	0.405	0.993
LOKIASV2_3307_ESMFold_glycoside_hydrolase_family_3_C-terminal_domain-containing_protein	AF-A0A7X6PXB4-F1-model_v4	AF-A0A7X6PXB4-F1-model_v4 Glucan 1,4-alpha-glucosidase	1.642E-26	1.000	748	330	721	721	13	530	537	560	0.544	0.965
LOKIASV2_3307_ESMFold_glycoside_hydrolase_family_3_C-terminal_domain-containing_protein	AF-A0A7S0ZSZ8-F1-model_v4	AF-A0A7S0ZSZ8-F1-model_v4 Hypothetical protein	4.089E-21	1.000	747	44	268	721	17	245	251	230	0.312	0.912
LOKIASV2_3307_ESMFold_glycoside_hydrolase_family_3_C-terminal_domain-containing_protein	AF-A0A810L8C2-F1-model_v4	AF-A0A810L8C2-F1-model_v4 Uncharacterized protein	1.033E-24	1.000	745	329	721	721	31	419	441	436	0.545	0.882
LOKIASV2_3307_ESMFold_glycoside_hydrolase_family_3_C-terminal_domain-containing_protein	AF-A0A357GQK3-F1-model_v4	AF-A0A357GQK3-F1-model_v4 Beta-glucosidase	7.627E-22	1.000	740	29	318	721	149	460	463	315	0.402	0.674
LOKIASV2_3307_ESMFold_glycoside_hydrolase_family_3_C-terminal_domain-containing_protein	AF-A0A7S0B651-F1-model_v4	AF-A0A7S0B651-F1-model_v4 Hypothetical protein	1.222E-24	1.000	739	31	321	721	27	393	394	371	0.404	0.931
LOKIASV2_3307_ESMFold_glycoside_hydrolase_family_3_C-terminal_domain-containing_protein	AF-A0A0C4DJL4-F1-model_v4	AF-A0A0C4DJL4-F1-model_v4 Beta-glucosidase	9.383E-27	1.000	735	217	721	721	2	584	590	679	0.700	0.988
LOKIASV2_3307_ESMFold_glycoside_hydrolase_family_3_C-terminal_domain-containing_protein	AF-A0A7Y5V603-F1-model_v4	AF-A0A7Y5V603-F1-model_v4 Glycoside hydrolase family 3 C-terminal domain-containing protein	1.335E-21	1.000	732	437	721	721	2	252	252	287	0.395	0.996
LOKIASV2_3307_ESMFold_glycoside_hydrolase_family_3_C-terminal_domain-containing_protein	AF-A0A351ASK4-F1-model_v4	AF-A0A351ASK4-F1-model_v4 Beta-glucosidase	1.445E-24	1.000	728	200	609	721	2	401	405	441	0.569	0.988
LOKIASV2_3307_ESMFold_glycoside_hydrolase_family_3_C-terminal_domain-containing_protein	AF-A0A1E1K1H6-F1-model_v4	AF-A0A1E1K1H6-F1-model_v4 Beta-glucosidase	9.310E-26	1.000	728	344	719	721	5	516	526	546	0.521	0.973
LOKIASV2_3307_ESMFold_glycoside_hydrolase_family_3_C-terminal_domain-containing_protein	AF-A0A316DUW9-F1-model_v4	AF-A0A316DUW9-F1-model_v4 Beta-glucosidase	5.903E-25	1.000	727	26	421	721	14	466	623	467	0.549	0.727
LOKIASV2_3307_ESMFold_glycoside_hydrolase_family_3_C-terminal_domain-containing_protein	AF-K6WNK8-F1-model_v4	AF-K6WNK8-F1-model_v4 Beta-glucosidase	9.541E-22	1.000	726	32	278	721	1	258	258	259	0.343	1.000
LOKIASV2_3307_ESMFold_glycoside_hydrolase_family_3_C-terminal_domain-containing_protein	AF-A0A662B2W0-F1-model_v4	AF-A0A662B2W0-F1-model_v4 Glucan 1,4-alpha-glucosidase	6.145E-23	1.000	726	31	335	721	4	345	345	354	0.423	0.991
LOKIASV2_3307_ESMFold_glycoside_hydrolase_family_3_C-terminal_domain-containing_protein	AF-A0A535N8Z1-F1-model_v4	AF-A0A535N8Z1-F1-model_v4 Fn3_like domain-containing protein	2.763E-21	1.000	725	440	720	721	2	261	266	285	0.390	0.977
LOKIASV2_3307_ESMFold_glycoside_hydrolase_family_3_C-terminal_domain-containing_protein	AF-A0A2T2NYR9-F1-model_v4	AF-A0A2T2NYR9-F1-model_v4 Glycoside hydrolase	1.241E-26	1.000	723	67	719	721	6	597	607	734	0.906	0.975
LOKIASV2_3307_ESMFold_glycoside_hydrolase_family_3_C-terminal_domain-containing_protein	AF-A0A7S0CV08-F1-model_v4	AF-A0A7S0CV08-F1-model_v4 Hypothetical protein	1.517E-23	1.000	722	31	370	721	17	411	431	406	0.472	0.916
LOKIASV2_3307_ESMFold_glycoside_hydrolase_family_3_C-terminal_domain-containing_protein	AF-A0A6L7JHM7-F1-model_v4	AF-A0A6L7JHM7-F1-model_v4 PA14 domain-containing protein	4.874E-22	1.000	721	425	721	721	103	382	384	303	0.412	0.729
LOKIASV2_3307_ESMFold_glycoside_hydrolase_family_3_C-terminal_domain-containing_protein	AF-W4UTC9-F1-model_v4	AF-W4UTC9-F1-model_v4 Beta-glucosidase	1.412E-21	1.000	720	42	326	721	8	323	331	324	0.395	0.955
LOKIASV2_3307_ESMFold_glycoside_hydrolase_family_3_C-terminal_domain-containing_protein	AF-A0A359FXD9-F1-model_v4	AF-A0A359FXD9-F1-model_v4 Glycoside hydrolase	4.021E-26	1.000	715	269	721	721	18	595	618	613	0.628	0.935
LOKIASV2_3307_ESMFold_glycoside_hydrolase_family_3_C-terminal_domain-containing_protein	AF-A0A416ZSN5-F1-model_v4	AF-A0A416ZSN5-F1-model_v4 Glycoside hydrolase family 3 protein	4.392E-23	1.000	713	30	417	721	3	422	577	435	0.538	0.728
LOKIASV2_3307_ESMFold_glycoside_hydrolase_family_3_C-terminal_domain-containing_protein	AF-A0A1C5Y888-F1-model_v4	AF-A0A1C5Y888-F1-model_v4 Thermostable beta-glucosidase B	9.466E-21	1.000	709	49	262	721	4	229	229	226	0.297	0.987
LOKIASV2_3307_ESMFold_glycoside_hydrolase_family_3_C-terminal_domain-containing_protein	AF-A0A2W4PWP7-F1-model_v4	AF-A0A2W4PWP7-F1-model_v4 Glucan 1,4-alpha-glucosidase	4.645E-23	1.000	709	394	721	721	7	334	335	367	0.455	0.979
LOKIASV2_3307_ESMFold_glycoside_hydrolase_family_3_C-terminal_domain-containing_protein	AF-A0A3N5F620-F1-model_v4	AF-A0A3N5F620-F1-model_v4 Glycoside hydrolase family 3 protein	1.241E-26	1.000	709	97	505	721	1	625	626	636	0.567	0.998
LOKIASV2_3307_ESMFold_glycoside_hydrolase_family_3_C-terminal_domain-containing_protein	AF-A0A7Y7CH03-F1-model_v4	AF-A0A7Y7CH03-F1-model_v4 Glycoside hydrolase family 3 protein	2.122E-23	1.000	707	29	367	721	14	421	421	411	0.470	0.969
LOKIASV2_3307_ESMFold_glycoside_hydrolase_family_3_C-terminal_domain-containing_protein	AF-A0A850CES7-F1-model_v4	AF-A0A850CES7-F1-model_v4 Glycoside hydrolase family 3 protein	9.616E-23	1.000	702	31	418	721	1	409	435	428	0.538	0.940
LOKIASV2_3307_ESMFold_glycoside_hydrolase_family_3_C-terminal_domain-containing_protein	AF-A0A3S5D6W7-F1-model_v4	AF-A0A3S5D6W7-F1-model_v4 Thermostable beta-glucosidase B	1.914E-17	1.000	700	580	721	721	1	142	225	142	0.197	0.631
LOKIASV2_3307_ESMFold_glycoside_hydrolase_family_3_C-terminal_domain-containing_protein	AF-A0A4Q6G5H6-F1-model_v4	AF-A0A4Q6G5H6-F1-model_v4 Glucan 1,4-alpha-glucosidase	2.613E-21	1.000	700	30	316	721	44	360	361	324	0.398	0.878
LOKIASV2_3307_ESMFold_glycoside_hydrolase_family_3_C-terminal_domain-containing_protein	AF-R7WBZ9-F1-model_v4	AF-R7WBZ9-F1-model_v4 Putative beta-D-xylosidase 7	1.146E-23	1.000	699	162	551	721	2	431	449	443	0.541	0.958
LOKIASV2_3307_ESMFold_glycoside_hydrolase_family_3_C-terminal_domain-containing_protein	AF-A0A496YXY7-F1-model_v4	AF-A0A496YXY7-F1-model_v4 Fn3_like domain-containing protein	1.591E-22	1.000	699	339	717	721	77	436	910	403	0.526	0.396
LOKIASV2_3307_ESMFold_glycoside_hydrolase_family_3_C-terminal_domain-containing_protein	AF-A0A850C4Y3-F1-model_v4	AF-A0A850C4Y3-F1-model_v4 Carbohydrate-binding protein	4.991E-25	1.000	696	344	721	721	2	466	592	508	0.524	0.785
LOKIASV2_3307_ESMFold_glycoside_hydrolase_family_3_C-terminal_domain-containing_protein	AF-A0A4R3IEP4-F1-model_v4	AF-A0A4R3IEP4-F1-model_v4 Glycosyl hydrolase family 3	2.336E-21	1.000	694	30	280	721	36	293	346	260	0.348	0.746
LOKIASV2_3307_ESMFold_glycoside_hydrolase_family_3_C-terminal_domain-containing_protein	AF-A0A7K3HH73-F1-model_v4	AF-A0A7K3HH73-F1-model_v4 Fn3_like domain-containing protein	1.808E-24	1.000	694	329	721	721	3	449	474	488	0.545	0.943
LOKIASV2_3307_ESMFold_glycoside_hydrolase_family_3_C-terminal_domain-containing_protein	AF-A0A3D0Q9V5-F1-model_v4	AF-A0A3D0Q9V5-F1-model_v4 Beta-glucosidase	1.897E-23	1.000	691	30	369	721	18	418	447	410	0.472	0.897
LOKIASV2_3307_ESMFold_glycoside_hydrolase_family_3_C-terminal_domain-containing_protein	AF-A0A3D0ZZP3-F1-model_v4	AF-A0A3D0ZZP3-F1-model_v4 Glycosyl hydrolase	6.050E-21	1.000	688	423	721	721	4	288	426	309	0.415	0.669
LOKIASV2_3307_ESMFold_glycoside_hydrolase_family_3_C-terminal_domain-containing_protein	AF-A0A4R1AJP1-F1-model_v4	AF-A0A4R1AJP1-F1-model_v4 Glycoside hydrolase family 3 protein	3.595E-26	1.000	686	29	602	721	66	658	663	689	0.796	0.894
LOKIASV2_3307_ESMFold_glycoside_hydrolase_family_3_C-terminal_domain-containing_protein	AF-A0A368DB26-F1-model_v4	AF-A0A368DB26-F1-model_v4 Glycosyl hydrolase	2.336E-21	1.000	684	440	721	721	3	261	261	286	0.391	0.992
LOKIASV2_3307_ESMFold_glycoside_hydrolase_family_3_C-terminal_domain-containing_protein	AF-A0A3L7WKR3-F1-model_v4	AF-A0A3L7WKR3-F1-model_v4 Glycosyl hydrolase	2.572E-19	1.000	684	510	721	721	7	198	357	212	0.294	0.538
LOKIASV2_3307_ESMFold_glycoside_hydrolase_family_3_C-terminal_domain-containing_protein	AF-A0A4Q3L874-F1-model_v4	AF-A0A4Q3L874-F1-model_v4 Family 3 glycosyl hydrolase	5.367E-20	1.000	682	469	721	721	2	222	224	253	0.351	0.987
LOKIASV2_3307_ESMFold_glycoside_hydrolase_family_3_C-terminal_domain-containing_protein	AF-A0A7Y4LJN1-F1-model_v4	AF-A0A7Y4LJN1-F1-model_v4 Glycoside hydrolase family 3 protein	4.497E-26	1.000	679	35	602	721	56	682	683	709	0.788	0.918
LOKIASV2_3307_ESMFold_glycoside_hydrolase_family_3_C-terminal_domain-containing_protein	AF-H0EI87-F1-model_v4	AF-H0EI87-F1-model_v4 Putative beta-glucosidase G	1.927E-25	1.000	678	167	696	721	2	500	517	586	0.735	0.965
LOKIASV2_3307_ESMFold_glycoside_hydrolase_family_3_C-terminal_domain-containing_protein	AF-A0A812GZA1-F1-model_v4	AF-A0A812GZA1-F1-model_v4 Fibronectin type III-like domain	1.324E-20	1.000	676	48	329	721	63	377	497	318	0.391	0.634
LOKIASV2_3307_ESMFold_glycoside_hydrolase_family_3_C-terminal_domain-containing_protein	AF-A0A6N2SDZ3-F1-model_v4	AF-A0A6N2SDZ3-F1-model_v4 Exo-alpha-(1->6)-L-arabinopyranosidase	1.975E-21	1.000	673	394	721	721	17	306	390	333	0.455	0.744
LOKIASV2_3307_ESMFold_glycoside_hydrolase_family_3_C-terminal_domain-containing_protein	AF-A0A7V5FHZ7-F1-model_v4	AF-A0A7V5FHZ7-F1-model_v4 PA14 domain-containing protein	1.059E-20	1.000	671	430	721	721	95	364	393	304	0.405	0.687
LOKIASV2_3307_ESMFold_glycoside_hydrolase_family_3_C-terminal_domain-containing_protein	AF-A0A538IES1-F1-model_v4	AF-A0A538IES1-F1-model_v4 Glycoside hydrolase family 3 protein	2.922E-21	1.000	668	9	287	721	14	302	305	296	0.387	0.948
LOKIASV2_3307_ESMFold_glycoside_hydrolase_family_3_C-terminal_domain-containing_protein	AF-A0A3A0D581-F1-model_v4	AF-A0A3A0D581-F1-model_v4 Glucan 1,4-alpha-glucosidase	6.760E-28	1.000	668	7	678	721	19	593	622	741	0.932	0.924
LOKIASV2_3307_ESMFold_glycoside_hydrolase_family_3_C-terminal_domain-containing_protein	AF-A0A3N5XCQ5-F1-model_v4	AF-A0A3N5XCQ5-F1-model_v4 Glycoside hydrolase family 3 protein	5.903E-25	1.000	668	43	602	721	32	627	634	692	0.777	0.940
LOKIASV2_3307_ESMFold_glycoside_hydrolase_family_3_C-terminal_domain-containing_protein	AF-A0A0Q4R6U7-F1-model_v4	AF-A0A0Q4R6U7-F1-model_v4 Fn3_like domain-containing protein	5.765E-22	1.000	666	333	719	721	131	515	889	421	0.537	0.433
LOKIASV2_3307_ESMFold_glycoside_hydrolase_family_3_C-terminal_domain-containing_protein	AF-A0A7C5JMK1-F1-model_v4	AF-A0A7C5JMK1-F1-model_v4 Fn3_like domain-containing protein	1.975E-21	1.000	665	399	721	721	1	306	310	336	0.448	0.987
LOKIASV2_3307_ESMFold_glycoside_hydrolase_family_3_C-terminal_domain-containing_protein	AF-A0A656JUL1-F1-model_v4	AF-A0A656JUL1-F1-model_v4 Beta-glucosidase	2.854E-18	1.000	664	517	721	721	1	190	229	205	0.284	0.830
LOKIASV2_3307_ESMFold_glycoside_hydrolase_family_3_C-terminal_domain-containing_protein	AF-A0A662B2P6-F1-model_v4	AF-A0A662B2P6-F1-model_v4 Glycoside hydrolase family 3 protein	1.184E-20	1.000	664	380	721	721	1	331	331	366	0.474	1.000
LOKIASV2_3307_ESMFold_glycoside_hydrolase_family_3_C-terminal_domain-containing_protein	AF-R1E8X7-F1-model_v4	AF-R1E8X7-F1-model_v4 Putative periplasmic beta-glucosidase beta-xylosidase protein	1.529E-24	1.000	663	55	604	721	1	566	568	661	0.763	0.996
LOKIASV2_3307_ESMFold_glycoside_hydrolase_family_3_C-terminal_domain-containing_protein	AF-H1VPA0-F1-model_v4	AF-H1VPA0-F1-model_v4 Beta-glucosidase	8.066E-22	1.000	662	30	371	721	2	392	449	409	0.474	0.871
LOKIASV2_3307_ESMFold_glycoside_hydrolase_family_3_C-terminal_domain-containing_protein	AF-A0A6M2E877-F1-model_v4	AF-A0A6M2E877-F1-model_v4 Fn3_like domain-containing protein	6.873E-23	1.000	660	290	721	721	11	452	454	488	0.599	0.974
LOKIASV2_3307_ESMFold_glycoside_hydrolase_family_3_C-terminal_domain-containing_protein	AF-A0A354U4Z6-F1-model_v4	AF-A0A354U4Z6-F1-model_v4 Beta-glucosidase	1.017E-22	1.000	658	41	450	721	9	489	520	494	0.569	0.925
LOKIASV2_3307_ESMFold_glycoside_hydrolase_family_3_C-terminal_domain-containing_protein	AF-A0A0C4DZU3-F1-model_v4	AF-A0A0C4DZU3-F1-model_v4 Beta-glucosidase	2.550E-25	1.000	658	29	486	721	3	616	618	653	0.635	0.994
LOKIASV2_3307_ESMFold_glycoside_hydrolase_family_3_C-terminal_domain-containing_protein	AF-A0A380S1N3-F1-model_v4	AF-A0A380S1N3-F1-model_v4 Beta-glucosidase	4.573E-21	1.000	658	344	719	721	16	399	928	419	0.521	0.414
LOKIASV2_3307_ESMFold_glycoside_hydrolase_family_3_C-terminal_domain-containing_protein	AF-A0A520QIG2-F1-model_v4	AF-A0A520QIG2-F1-model_v4 Fn3_like domain-containing protein	3.350E-17	1.000	656	515	721	721	2	183	183	207	0.287	0.995
LOKIASV2_3307_ESMFold_glycoside_hydrolase_family_3_C-terminal_domain-containing_protein	AF-A0A428Q608-F1-model_v4	AF-A0A428Q608-F1-model_v4 Fn3_like domain-containing protein	1.912E-24	1.000	654	230	719	721	4	470	472	534	0.680	0.989
LOKIASV2_3307_ESMFold_glycoside_hydrolase_family_3_C-terminal_domain-containing_protein	AF-A0A641WCJ0-F1-model_v4	AF-A0A641WCJ0-F1-model_v4 Beta-glucosidase	2.040E-18	1.000	651	515	719	721	2	187	188	205	0.284	0.989
LOKIASV2_3307_ESMFold_glycoside_hydrolase_family_3_C-terminal_domain-containing_protein	AF-A0A6H9P353-F1-model_v4	AF-A0A6H9P353-F1-model_v4 Beta-glucosidase	1.644E-19	1.000	649	420	719	721	9	273	277	301	0.416	0.957
LOKIASV2_3307_ESMFold_glycoside_hydrolase_family_3_C-terminal_domain-containing_protein	AF-A0A641VDS2-F1-model_v4	AF-A0A641VDS2-F1-model_v4 Beta-glucosidase	2.657E-16	1.000	647	590	721	721	23	153	153	132	0.183	0.856
LOKIASV2_3307_ESMFold_glycoside_hydrolase_family_3_C-terminal_domain-containing_protein	AF-A0A3C0X0P6-F1-model_v4	AF-A0A3C0X0P6-F1-model_v4 Fn3_like domain-containing protein	1.243E-19	1.000	646	19	324	721	700	1022	1026	327	0.424	0.315
LOKIASV2_3307_ESMFold_glycoside_hydrolase_family_3_C-terminal_domain-containing_protein	AF-A0A7H8R7E4-F1-model_v4	AF-A0A7H8R7E4-F1-model_v4 Fn3_like domain-containing protein	6.348E-20	1.000	643	430	721	721	51	346	354	316	0.405	0.836
LOKIASV2_3307_ESMFold_glycoside_hydrolase_family_3_C-terminal_domain-containing_protein	AF-A0A7C6I2Q1-F1-model_v4	AF-A0A7C6I2Q1-F1-model_v4 Beta-glucosidase	2.763E-21	1.000	642	344	720	721	24	409	1031	429	0.523	0.374
LOKIASV2_3307_ESMFold_glycoside_hydrolase_family_3_C-terminal_domain-containing_protein	AF-A0A355FBU9-F1-model_v4	AF-A0A355FBU9-F1-model_v4 Glycosyl hydrolase	8.881E-20	1.000	639	430	721	721	4	276	276	296	0.405	0.989
LOKIASV2_3307_ESMFold_glycoside_hydrolase_family_3_C-terminal_domain-containing_protein	AF-A0A641VTI1-F1-model_v4	AF-A0A641VTI1-F1-model_v4 Glycosyl hydrolase	2.742E-20	1.000	639	380	721	721	1	321	322	354	0.474	0.997
LOKIASV2_3307_ESMFold_glycoside_hydrolase_family_3_C-terminal_domain-containing_protein	AF-Q06B34-F1-model_v4	AF-Q06B34-F1-model_v4 Beta-glucosidase	1.076E-22	1.000	636	333	713	721	24	426	865	446	0.528	0.466
LOKIASV2_3307_ESMFold_glycoside_hydrolase_family_3_C-terminal_domain-containing_protein	AF-M1MKR0-F1-model_v4	AF-M1MKR0-F1-model_v4 Beta-glucosidase A	2.592E-20	1.000	636	333	717	721	34	428	992	424	0.534	0.398
LOKIASV2_3307_ESMFold_glycoside_hydrolase_family_3_C-terminal_domain-containing_protein	AF-A0A3D3RZA9-F1-model_v4	AF-A0A3D3RZA9-F1-model_v4 Glyco_hydro_3 domain-containing protein	1.579E-21	1.000	635	23	323	721	105	491	492	388	0.417	0.787
LOKIASV2_3307_ESMFold_glycoside_hydrolase_family_3_C-terminal_domain-containing_protein	AF-A0A1G3X579-F1-model_v4	AF-A0A1G3X579-F1-model_v4 Fn3_like domain-containing protein	7.156E-21	1.000	635	340	719	721	20	404	1018	427	0.527	0.378
LOKIASV2_3307_ESMFold_glycoside_hydrolase_family_3_C-terminal_domain-containing_protein	AF-A0A3D0FJE4-F1-model_v4	AF-A0A3D0FJE4-F1-model_v4 Glycoside hydrolase	2.471E-21	1.000	634	42	369	721	9	406	412	409	0.455	0.966
LOKIASV2_3307_ESMFold_glycoside_hydrolase_family_3_C-terminal_domain-containing_protein	AF-A0A357YP80-F1-model_v4	AF-A0A357YP80-F1-model_v4 Glycosyl hydrolase	2.449E-27	1.000	634	24	680	721	12	574	633	729	0.911	0.889
LOKIASV2_3307_ESMFold_glycoside_hydrolase_family_3_C-terminal_domain-containing_protein	AF-A0A7X5R6Y7-F1-model_v4	AF-A0A7X5R6Y7-F1-model_v4 Beta-glucosidase	7.156E-21	1.000	634	344	720	721	20	404	894	422	0.523	0.431
LOKIASV2_3307_ESMFold_glycoside_hydrolase_family_3_C-terminal_domain-containing_protein	AF-A0A651GA20-F1-model_v4	AF-A0A651GA20-F1-model_v4 Glycoside hydrolase family 3 protein	3.269E-21	1.000	633	34	367	721	1	409	409	413	0.463	1.000
LOKIASV2_3307_ESMFold_glycoside_hydrolase_family_3_C-terminal_domain-containing_protein	AF-A0A7Y5UB40-F1-model_v4	AF-A0A7Y5UB40-F1-model_v4 Glycoside hydrolase family 3 protein	8.951E-21	1.000	632	30	368	721	28	429	444	406	0.470	0.905
LOKIASV2_3307_ESMFold_glycoside_hydrolase_family_3_C-terminal_domain-containing_protein	AF-A0A811S2W4-F1-model_v4	AF-A0A811S2W4-F1-model_v4 Hypothetical protein	1.683E-22	1.000	632	266	721	721	3	460	465	514	0.632	0.985
LOKIASV2_3307_ESMFold_glycoside_hydrolase_family_3_C-terminal_domain-containing_protein	AF-A0A7Y9ENC7-F1-model_v4	AF-A0A7Y9ENC7-F1-model_v4 CBM6 domain-containing protein	5.367E-20	1.000	631	416	721	721	52	327	457	311	0.424	0.604
LOKIASV2_3307_ESMFold_glycoside_hydrolase_family_3_C-terminal_domain-containing_protein	AF-A0A1V5L3L2-F1-model_v4	AF-A0A1V5L3L2-F1-model_v4 Periplasmic beta-glucosidase	7.100E-20	1.000	630	428	721	721	18	288	290	306	0.408	0.934
LOKIASV2_3307_ESMFold_glycoside_hydrolase_family_3_C-terminal_domain-containing_protein	AF-A0A351TGD6-F1-model_v4	AF-A0A351TGD6-F1-model_v4 Glyco_hydro_3 domain-containing protein	1.780E-22	1.000	630	30	374	721	118	488	615	390	0.479	0.603
LOKIASV2_3307_ESMFold_glycoside_hydrolase_family_3_C-terminal_domain-containing_protein	AF-A0A1Y1QHA2-F1-model_v4	AF-A0A1Y1QHA2-F1-model_v4 Fn3_like domain-containing protein	3.776E-18	1.000	628	507	721	721	22	232	237	224	0.298	0.890
LOKIASV2_3307_ESMFold_glycoside_hydrolase_family_3_C-terminal_domain-containing_protein	AF-A0A3D3H2Z7-F1-model_v4	AF-A0A3D3H2Z7-F1-model_v4 Beta-glucosidase	3.426E-27	1.000	628	124	719	721	3	654	670	737	0.827	0.973
LOKIASV2_3307_ESMFold_glycoside_hydrolase_family_3_C-terminal_domain-containing_protein	AF-A0A655FF01-F1-model_v4	AF-A0A655FF01-F1-model_v4 Beta-glucosidase bglS	2.720E-19	1.000	626	431	721	721	2	266	272	291	0.404	0.974
LOKIASV2_3307_ESMFold_glycoside_hydrolase_family_3_C-terminal_domain-containing_protein	AF-A0A1Y4QMR0-F1-model_v4	AF-A0A1Y4QMR0-F1-model_v4 Fn3_like domain-containing protein	1.567E-20	1.000	626	333	719	721	32	426	1165	434	0.537	0.339
LOKIASV2_3307_ESMFold_glycoside_hydrolase_family_3_C-terminal_domain-containing_protein	AF-A0A1S9CI87-F1-model_v4	AF-A0A1S9CI87-F1-model_v4 Beta-glucosidase	1.120E-20	1.000	624	344	718	721	16	392	768	416	0.520	0.491
LOKIASV2_3307_ESMFold_glycoside_hydrolase_family_3_C-terminal_domain-containing_protein	AF-A0A830ILB1-F1-model_v4	AF-A0A830ILB1-F1-model_v4 Uncharacterized protein	9.392E-20	1.000	623	430	719	721	117	374	384	295	0.402	0.672
LOKIASV2_3307_ESMFold_glycoside_hydrolase_family_3_C-terminal_domain-containing_protein	AF-A0A7S0HQL3-F1-model_v4	AF-A0A7S0HQL3-F1-model_v4 Hypothetical protein	7.508E-20	1.000	622	423	719	721	2	302	306	322	0.412	0.984
LOKIASV2_3307_ESMFold_glycoside_hydrolase_family_3_C-terminal_domain-containing_protein	AF-A0A090T7J2-F1-model_v4	AF-A0A090T7J2-F1-model_v4 Beta-xylosidase	1.579E-21	1.000	622	87	429	721	4	354	370	376	0.476	0.949
LOKIASV2_3307_ESMFold_glycoside_hydrolase_family_3_C-terminal_domain-containing_protein	AF-T1AAJ5-F1-model_v4	AF-T1AAJ5-F1-model_v4 Glycoside hydrolase family 3 domain protein	2.451E-20	1.000	621	428	721	721	49	315	329	302	0.408	0.812
LOKIASV2_3307_ESMFold_glycoside_hydrolase_family_3_C-terminal_domain-containing_protein	AF-A0A4Q3BZE5-F1-model_v4	AF-A0A4Q3BZE5-F1-model_v4 Beta-glucosidase	6.348E-20	1.000	619	394	721	721	4	294	305	336	0.455	0.954
LOKIASV2_3307_ESMFold_glycoside_hydrolase_family_3_C-terminal_domain-containing_protein	AF-A0A1Q6JUK5-F1-model_v4	AF-A0A1Q6JUK5-F1-model_v4 Glyco_hydro_3 domain-containing protein	2.175E-19	1.000	619	48	350	721	6	311	337	315	0.420	0.908
LOKIASV2_3307_ESMFold_glycoside_hydrolase_family_3_C-terminal_domain-containing_protein	AF-A0A250B8U0-F1-model_v4	AF-A0A250B8U0-F1-model_v4 Beta-glucosidase	2.992E-24	1.000	618	42	600	721	56	648	649	684	0.775	0.914
LOKIASV2_3307_ESMFold_glycoside_hydrolase_family_3_C-terminal_domain-containing_protein	AF-A0A4Q5T0B8-F1-model_v4	AF-A0A4Q5T0B8-F1-model_v4 Glycoside hydrolase family 3 protein	1.975E-21	1.000	616	55	419	721	4	440	443	444	0.506	0.986
LOKIASV2_3307_ESMFold_glycoside_hydrolase_family_3_C-terminal_domain-containing_protein	AF-A0A1G4G4N2-F1-model_v4	AF-A0A1G4G4N2-F1-model_v4 Lysosomal beta glucosidase	1.345E-22	1.000	615	146	613	721	17	448	466	512	0.649	0.927
LOKIASV2_3307_ESMFold_glycoside_hydrolase_family_3_C-terminal_domain-containing_protein	AF-A0A7S2NTF6-F1-model_v4	AF-A0A7S2NTF6-F1-model_v4 Beta-glucosidase	3.143E-16	1.000	614	133	282	721	4	153	158	150	0.208	0.949
LOKIASV2_3307_ESMFold_glycoside_hydrolase_family_3_C-terminal_domain-containing_protein	AF-A0A022KRE0-F1-model_v4	AF-A0A022KRE0-F1-model_v4 Beta-glucosidase	1.944E-19	1.000	614	24	324	721	170	509	527	340	0.417	0.645
LOKIASV2_3307_ESMFold_glycoside_hydrolase_family_3_C-terminal_domain-containing_protein	AF-A0A351YH93-F1-model_v4	AF-A0A351YH93-F1-model_v4 Glycosyl hydrolase	1.944E-19	1.000	613	428	721	721	193	464	464	308	0.408	0.586
LOKIASV2_3307_ESMFold_glycoside_hydrolase_family_3_C-terminal_domain-containing_protein	AF-A0A6P2BTN3-F1-model_v4	AF-A0A6P2BTN3-F1-model_v4 Fn3_like domain-containing protein	8.743E-18	1.000	612	481	721	721	2	242	251	249	0.334	0.960
LOKIASV2_3307_ESMFold_glycoside_hydrolase_family_3_C-terminal_domain-containing_protein	AF-A0A358X1J6-F1-model_v4	AF-A0A358X1J6-F1-model_v4 Beta-glucosidase	5.115E-21	1.000	611	344	713	721	26	412	829	421	0.513	0.467
LOKIASV2_3307_ESMFold_glycoside_hydrolase_family_3_C-terminal_domain-containing_protein	AF-A0A3B9MGQ8-F1-model_v4	AF-A0A3B9MGQ8-F1-model_v4 Glyco_hydro_3 domain-containing protein	3.403E-19	1.000	609	33	265	721	1	260	276	264	0.323	0.942
LOKIASV2_3307_ESMFold_glycoside_hydrolase_family_3_C-terminal_domain-containing_protein	AF-A0A7W8G9S1-F1-model_v4	AF-A0A7W8G9S1-F1-model_v4 Beta-glucosidase	6.050E-21	1.000	609	344	720	721	8	397	941	423	0.523	0.414
LOKIASV2_3307_ESMFold_glycoside_hydrolase_family_3_C-terminal_domain-containing_protein	AF-A0A432IR51-F1-model_v4	AF-A0A432IR51-F1-model_v4 Beta-glucosidase	9.855E-19	1.000	606	457	721	721	1	241	241	266	0.368	1.000
LOKIASV2_3307_ESMFold_glycoside_hydrolase_family_3_C-terminal_domain-containing_protein	AF-A0A135UU10-F1-model_v4	AF-A0A135UU10-F1-model_v4 Fn3_like domain-containing protein	1.294E-17	1.000	606	484	720	721	127	344	352	239	0.329	0.619
LOKIASV2_3307_ESMFold_glycoside_hydrolase_family_3_C-terminal_domain-containing_protein	AF-A0A7K2XJB5-F1-model_v4	AF-A0A7K2XJB5-F1-model_v4 Glycosyl hydrolase	2.720E-19	1.000	606	424	721	721	185	460	460	306	0.413	0.600
LOKIASV2_3307_ESMFold_glycoside_hydrolase_family_3_C-terminal_domain-containing_protein	AF-A0A2V7HMD9-F1-model_v4	AF-A0A2V7HMD9-F1-model_v4 Glycosyl hydrolase	3.806E-19	1.000	605	479	721	721	12	229	243	248	0.337	0.897
LOKIASV2_3307_ESMFold_glycoside_hydrolase_family_3_C-terminal_domain-containing_protein	AF-D6CY42-F1-model_v4	AF-D6CY42-F1-model_v4 Glycosyl hydrolase family 3 C terminal domain	6.298E-19	1.000	605	401	721	721	2	293	294	330	0.445	0.993
LOKIASV2_3307_ESMFold_glycoside_hydrolase_family_3_C-terminal_domain-containing_protein	AF-W4UN66-F1-model_v4	AF-W4UN66-F1-model_v4 Beta-glucosidase	6.348E-20	1.000	604	383	721	721	2	325	335	363	0.470	0.967
LOKIASV2_3307_ESMFold_glycoside_hydrolase_family_3_C-terminal_domain-containing_protein	AF-A0A4Y9Z038-F1-model_v4	AF-A0A4Y9Z038-F1-model_v4 Beta-glucosidase	1.518E-16	1.000	603	108	282	721	2	174	186	175	0.243	0.930
LOKIASV2_3307_ESMFold_glycoside_hydrolase_family_3_C-terminal_domain-containing_protein	AF-A0A3S0B743-F1-model_v4	AF-A0A3S0B743-F1-model_v4 Fn3_like domain-containing protein	3.019E-18	1.000	603	442	721	721	3	260	261	281	0.388	0.989
LOKIASV2_3307_ESMFold_glycoside_hydrolase_family_3_C-terminal_domain-containing_protein	AF-A0A520J1A0-F1-model_v4	AF-A0A520J1A0-F1-model_v4 Glycoside hydrolase family 3 protein	2.209E-21	1.000	602	31	350	721	1	415	418	422	0.444	0.993
LOKIASV2_3307_ESMFold_glycoside_hydrolase_family_3_C-terminal_domain-containing_protein	AF-A0A352WFD6-F1-model_v4	AF-A0A352WFD6-F1-model_v4 Fn3_like domain-containing protein	4.836E-21	1.000	602	340	721	721	30	451	861	462	0.530	0.490
LOKIASV2_3307_ESMFold_glycoside_hydrolase_family_3_C-terminal_domain-containing_protein	AF-A0A1V2KZE9-F1-model_v4	AF-A0A1V2KZE9-F1-model_v4 Beta-glucosidase	5.367E-20	1.000	601	18	283	721	23	329	334	308	0.369	0.919
LOKIASV2_3307_ESMFold_glycoside_hydrolase_family_3_C-terminal_domain-containing_protein	AF-G5DWP1-F1-model_v4	AF-G5DWP1-F1-model_v4 Beta-xylosidase	3.806E-19	1.000	600	90	385	721	15	349	374	340	0.411	0.896
LOKIASV2_3307_ESMFold_glycoside_hydrolase_family_3_C-terminal_domain-containing_protein	AF-F7W725-F1-model_v4	AF-F7W725-F1-model_v4 Beta-glucosidase	1.314E-19	1.000	600	22	337	721	100	448	469	360	0.438	0.744
LOKIASV2_3307_ESMFold_glycoside_hydrolase_family_3_C-terminal_domain-containing_protein	AF-A0A3D4ZJ17-F1-model_v4	AF-A0A3D4ZJ17-F1-model_v4 Glycosyl hydrolase	3.900E-15	1.000	597	578	721	721	5	145	149	144	0.200	0.946
LOKIASV2_3307_ESMFold_glycoside_hydrolase_family_3_C-terminal_domain-containing_protein	AF-M7NXC5-F1-model_v4	AF-M7NXC5-F1-model_v4 Periplasmic beta-glucosidase	2.357E-15	1.000	597	591	721	721	24	152	153	131	0.182	0.843
LOKIASV2_3307_ESMFold_glycoside_hydrolase_family_3_C-terminal_domain-containing_protein	AF-A0A2W6SR98-F1-model_v4	AF-A0A2W6SR98-F1-model_v4 Beta-1,3-glucosyltransferase	8.074E-15	1.000	596	590	721	721	33	163	163	132	0.183	0.804
LOKIASV2_3307_ESMFold_glycoside_hydrolase_family_3_C-terminal_domain-containing_protein	AF-S3ABK0-F1-model_v4	AF-S3ABK0-F1-model_v4 Glyco_hydro_3 domain-containing protein	2.318E-20	1.000	596	22	347	721	17	349	394	349	0.452	0.845
LOKIASV2_3307_ESMFold_glycoside_hydrolase_family_3_C-terminal_domain-containing_protein	AF-A0A7K2PBF3-F1-model_v4	AF-A0A7K2PBF3-F1-model_v4 Glycosyl hydrolase	1.838E-19	1.000	591	47	314	721	4	339	340	339	0.372	0.988
LOKIASV2_3307_ESMFold_glycoside_hydrolase_family_3_C-terminal_domain-containing_protein	AF-A0A1C5S610-F1-model_v4	AF-A0A1C5S610-F1-model_v4 Thermostable beta-glucosidase B	1.752E-20	1.000	589	334	708	721	70	479	957	439	0.520	0.428
LOKIASV2_3307_ESMFold_glycoside_hydrolase_family_3_C-terminal_domain-containing_protein	AF-U2RLT9-F1-model_v4	AF-U2RLT9-F1-model_v4 Fn3_like domain-containing protein	3.167E-17	1.000	586	497	719	721	3	202	286	223	0.309	0.699
LOKIASV2_3307_ESMFold_glycoside_hydrolase_family_3_C-terminal_domain-containing_protein	AF-A0A820U3J4-F1-model_v4	AF-A0A820U3J4-F1-model_v4 Hypothetical protein	3.243E-20	1.000	585	2	384	721	98	544	567	454	0.531	0.788
LOKIASV2_3307_ESMFold_glycoside_hydrolase_family_3_C-terminal_domain-containing_protein	AF-A0A7S1CYN2-F1-model_v4	AF-A0A7S1CYN2-F1-model_v4 Hypothetical protein	1.671E-14	1.000	583	580	719	721	28	168	319	141	0.194	0.442
LOKIASV2_3307_ESMFold_glycoside_hydrolase_family_3_C-terminal_domain-containing_protein	AF-U4KL76-F1-model_v4	AF-U4KL76-F1-model_v4 Glycosyl hydrolase, family 3-like protein	5.115E-21	1.000	582	344	720	721	13	396	902	428	0.523	0.426
LOKIASV2_3307_ESMFold_glycoside_hydrolase_family_3_C-terminal_domain-containing_protein	AF-A0A2J5PGL9-F1-model_v4	AF-A0A2J5PGL9-F1-model_v4 Beta-glucosidase	1.042E-18	1.000	580	48	338	721	422	746	767	332	0.404	0.424
LOKIASV2_3307_ESMFold_glycoside_hydrolase_family_3_C-terminal_domain-containing_protein	AF-A0A519L2A4-F1-model_v4	AF-A0A519L2A4-F1-model_v4 Glycoside hydrolase family 3 protein	6.766E-21	1.000	579	34	407	721	43	485	490	452	0.519	0.904
LOKIASV2_3307_ESMFold_glycoside_hydrolase_family_3_C-terminal_domain-containing_protein	AF-W9Z758-F1-model_v4	AF-W9Z758-F1-model_v4 Beta-glucosidase	5.409E-21	1.000	579	352	719	721	2	503	513	531	0.510	0.979
LOKIASV2_3307_ESMFold_glycoside_hydrolase_family_3_C-terminal_domain-containing_protein	AF-R6VQX5-F1-model_v4	AF-R6VQX5-F1-model_v4 Beta-glucosidase	1.644E-19	1.000	579	344	716	721	18	397	919	417	0.517	0.413
LOKIASV2_3307_ESMFold_glycoside_hydrolase_family_3_C-terminal_domain-containing_protein	AF-A0A2V8QIU1-F1-model_v4	AF-A0A2V8QIU1-F1-model_v4 Glycosyl hydrolase	6.200E-17	1.000	578	511	720	721	1	205	231	220	0.291	0.887
LOKIASV2_3307_ESMFold_glycoside_hydrolase_family_3_C-terminal_domain-containing_protein	AF-A0A2E1XLC5-F1-model_v4	AF-A0A2E1XLC5-F1-model_v4 Beta-glucosidase	1.157E-17	1.000	578	458	721	721	6	238	246	266	0.366	0.947
LOKIASV2_3307_ESMFold_glycoside_hydrolase_family_3_C-terminal_domain-containing_protein	AF-A0A662BPG3-F1-model_v4	AF-A0A662BPG3-F1-model_v4 PA14 domain-containing protein	2.807E-23	1.000	577	351	719	721	28	464	477	492	0.512	0.916
LOKIASV2_3307_ESMFold_glycoside_hydrolase_family_3_C-terminal_domain-containing_protein	AF-A0A497NMY0-F1-model_v4	AF-A0A497NMY0-F1-model_v4 Beta-glucosidase	1.977E-14	1.000	576	590	721	721	21	151	151	132	0.183	0.868
LOKIASV2_3307_ESMFold_glycoside_hydrolase_family_3_C-terminal_domain-containing_protein	AF-A0A533YGH9-F1-model_v4	AF-A0A533YGH9-F1-model_v4 Beta-glucosidase	6.557E-17	1.000	576	491	721	721	4	202	203	231	0.320	0.980
LOKIASV2_3307_ESMFold_glycoside_hydrolase_family_3_C-terminal_domain-containing_protein	AF-A0A841TC33-F1-model_v4	AF-A0A841TC33-F1-model_v4 Glycoside hydrolase family 3 C-terminal domain-containing protein	3.167E-17	1.000	575	461	720	721	1	229	362	260	0.361	0.633
LOKIASV2_3307_ESMFold_glycoside_hydrolase_family_3_C-terminal_domain-containing_protein	AF-A0A7S1L0G1-F1-model_v4	AF-A0A7S1L0G1-F1-model_v4 Hypothetical protein	1.139E-15	1.000	574	103	268	721	2	167	177	167	0.230	0.938
LOKIASV2_3307_ESMFold_glycoside_hydrolase_family_3_C-terminal_domain-containing_protein	AF-A0A521TE95-F1-model_v4	AF-A0A521TE95-F1-model_v4 Glycoside hydrolase family 3 protein	1.838E-19	1.000	573	30	311	721	15	348	349	342	0.391	0.957
LOKIASV2_3307_ESMFold_glycoside_hydrolase_family_3_C-terminal_domain-containing_protein	AF-A0A6L9Q9X6-F1-model_v4	AF-A0A6L9Q9X6-F1-model_v4 Glycoside hydrolase family 3 protein	5.955E-19	1.000	572	55	363	721	1	386	388	391	0.429	0.995
LOKIASV2_3307_ESMFold_glycoside_hydrolase_family_3_C-terminal_domain-containing_protein	AF-A0A1H3Y2U8-F1-model_v4	AF-A0A1H3Y2U8-F1-model_v4 Beta-glucosidase	1.050E-19	1.000	569	333	719	721	10	416	853	448	0.537	0.477
LOKIASV2_3307_ESMFold_glycoside_hydrolase_family_3_C-terminal_domain-containing_protein	AF-A0A6B3HN48-F1-model_v4	AF-A0A6B3HN48-F1-model_v4 Glycosyl hydrolase	1.085E-16	1.000	568	517	719	721	1	182	271	204	0.282	0.672
LOKIASV2_3307_ESMFold_glycoside_hydrolase_family_3_C-terminal_domain-containing_protein	AF-T0L2P1-F1-model_v4	AF-T0L2P1-F1-model_v4 Fn3_like domain-containing protein	1.447E-17	1.000	566	461	719	721	2	240	250	267	0.359	0.956
LOKIASV2_3307_ESMFold_glycoside_hydrolase_family_3_C-terminal_domain-containing_protein	AF-A0A287SCJ0-F1-model_v4	AF-A0A287SCJ0-F1-model_v4 Glyco_hydro_3 domain-containing protein	2.300E-19	1.000	566	31	360	721	44	469	474	435	0.458	0.899
LOKIASV2_3307_ESMFold_glycoside_hydrolase_family_3_C-terminal_domain-containing_protein	AF-A0A2V9YX84-F1-model_v4	AF-A0A2V9YX84-F1-model_v4 Glycosyl hydrolase	6.557E-17	1.000	565	510	721	721	7	196	199	212	0.294	0.955
LOKIASV2_3307_ESMFold_glycoside_hydrolase_family_3_C-terminal_domain-containing_protein	AF-A0A4Q3UXT2-F1-model_v4	AF-A0A4Q3UXT2-F1-model_v4 Beta-glucosidase	5.120E-14	1.000	563	591	720	721	5	133	140	130	0.180	0.921
LOKIASV2_3307_ESMFold_glycoside_hydrolase_family_3_C-terminal_domain-containing_protein	AF-A0A3N5LVK6-F1-model_v4	AF-A0A3N5LVK6-F1-model_v4 Glycoside hydrolase family 3 protein	7.333E-17	1.000	563	49	234	721	5	200	200	196	0.258	0.980
LOKIASV2_3307_ESMFold_glycoside_hydrolase_family_3_C-terminal_domain-containing_protein	AF-A0A661YH48-F1-model_v4	AF-A0A661YH48-F1-model_v4 Glycosyl hydrolase	6.200E-17	1.000	562	510	721	721	6	197	197	215	0.294	0.975
LOKIASV2_3307_ESMFold_glycoside_hydrolase_family_3_C-terminal_domain-containing_protein	AF-A0A256ZLR3-F1-model_v4	AF-A0A256ZLR3-F1-model_v4 Fn3_like domain-containing protein	6.773E-14	1.000	559	591	721	721	21	150	169	131	0.182	0.769
LOKIASV2_3307_ESMFold_glycoside_hydrolase_family_3_C-terminal_domain-containing_protein	AF-A0A833R3C5-F1-model_v4	AF-A0A833R3C5-F1-model_v4 Putative beta-D-xylosidase 7	1.929E-18	1.000	558	29	320	721	6	323	328	339	0.405	0.970
LOKIASV2_3307_ESMFold_glycoside_hydrolase_family_3_C-terminal_domain-containing_protein	AF-A0A354EPX5-F1-model_v4	AF-A0A354EPX5-F1-model_v4 1,4-beta-D-glucan glucohydrolase	1.401E-20	1.000	558	34	425	721	53	511	515	475	0.544	0.891
LOKIASV2_3307_ESMFold_glycoside_hydrolase_family_3_C-terminal_domain-containing_protein	AF-A0A4S4L4C7-F1-model_v4	AF-A0A4S4L4C7-F1-model_v4 Glyco_hydro_3 domain-containing protein	5.955E-19	1.000	557	44	421	721	48	427	434	414	0.524	0.876
LOKIASV2_3307_ESMFold_glycoside_hydrolase_family_3_C-terminal_domain-containing_protein	AF-A0A3D2HUG1-F1-model_v4	AF-A0A3D2HUG1-F1-model_v4 Fn3_like domain-containing protein	1.914E-17	1.000	557	24	319	721	228	561	563	335	0.411	0.593
LOKIASV2_3307_ESMFold_glycoside_hydrolase_family_3_C-terminal_domain-containing_protein	AF-A0A497K977-F1-model_v4	AF-A0A497K977-F1-model_v4 Beta-glucosidase	1.658E-13	1.000	553	601	721	721	1	120	139	121	0.168	0.863
LOKIASV2_3307_ESMFold_glycoside_hydrolase_family_3_C-terminal_domain-containing_protein	AF-A0A519KLJ6-F1-model_v4	AF-A0A519KLJ6-F1-model_v4 Beta-glucosidase	2.995E-17	1.000	552	479	721	721	14	232	233	248	0.337	0.940
LOKIASV2_3307_ESMFold_glycoside_hydrolase_family_3_C-terminal_domain-containing_protein	AF-A0A7Y2INR2-F1-model_v4	AF-A0A7Y2INR2-F1-model_v4 Beta-glucosidase	1.447E-17	1.000	551	420	721	721	69	343	343	304	0.419	0.802
LOKIASV2_3307_ESMFold_glycoside_hydrolase_family_3_C-terminal_domain-containing_protein	AF-R6YMX8-F1-model_v4	AF-R6YMX8-F1-model_v4 Glycosyl hydrolase family 3 N-terminal domain protein	1.530E-17	1.000	550	442	721	721	3	273	274	296	0.388	0.989
LOKIASV2_3307_ESMFold_glycoside_hydrolase_family_3_C-terminal_domain-containing_protein	AF-A0A352T8W0-F1-model_v4	AF-A0A352T8W0-F1-model_v4 Fn3_like domain-containing protein	1.357E-16	1.000	549	444	721	721	2	254	375	282	0.386	0.675
LOKIASV2_3307_ESMFold_glycoside_hydrolase_family_3_C-terminal_domain-containing_protein	AF-A0A2E1Z0E0-F1-model_v4	AF-A0A2E1Z0E0-F1-model_v4 1,4-beta-D-glucan glucohydrolase	2.877E-19	1.000	549	29	371	721	39	454	468	421	0.476	0.889
LOKIASV2_3307_ESMFold_glycoside_hydrolase_family_3_C-terminal_domain-containing_protein	AF-A0A1V3WC54-F1-model_v4	AF-A0A1V3WC54-F1-model_v4 Glycosyl hydrolase family 3 C-terminal domain protein	8.138E-16	1.000	548	464	721	721	3	234	240	258	0.358	0.967
LOKIASV2_3307_ESMFold_glycoside_hydrolase_family_3_C-terminal_domain-containing_protein	AF-A0A4Q5QTM3-F1-model_v4	AF-A0A4Q5QTM3-F1-model_v4 Glycosyl hydrolase	3.192E-18	1.000	548	418	721	721	43	333	340	329	0.422	0.856
LOKIASV2_3307_ESMFold_glycoside_hydrolase_family_3_C-terminal_domain-containing_protein	AF-A0A4Q5YBJ6-F1-model_v4	AF-A0A4Q5YBJ6-F1-model_v4 Beta-glucosidase	5.543E-17	1.000	547	510	721	721	16	205	206	212	0.294	0.922
LOKIASV2_3307_ESMFold_glycoside_hydrolase_family_3_C-terminal_domain-containing_protein	AF-A0A535USI8-F1-model_v4	AF-A0A535USI8-F1-model_v4 Glycoside hydrolase family 3 protein	2.451E-20	1.000	546	31	393	721	24	496	525	491	0.503	0.901
LOKIASV2_3307_ESMFold_glycoside_hydrolase_family_3_C-terminal_domain-containing_protein	AF-A0A357TND4-F1-model_v4	AF-A0A357TND4-F1-model_v4 Beta-glucosidase	4.537E-20	1.000	546	344	719	721	68	498	941	462	0.521	0.458
LOKIASV2_3307_ESMFold_glycoside_hydrolase_family_3_C-terminal_domain-containing_protein	AF-A0A0E0BHW1-F1-model_v4	AF-A0A0E0BHW1-F1-model_v4 Glyco_hydro_3 domain-containing protein	9.778E-18	1.000	543	39	363	721	42	388	420	372	0.451	0.826
LOKIASV2_3307_ESMFold_glycoside_hydrolase_family_3_C-terminal_domain-containing_protein	AF-K4KS68-F1-model_v4	AF-K4KS68-F1-model_v4 Glycoside hydrolase, family 3	9.319E-19	1.000	543	31	357	721	15	430	482	420	0.454	0.863
LOKIASV2_3307_ESMFold_glycoside_hydrolase_family_3_C-terminal_domain-containing_protein	AF-A0A3M3A0E0-F1-model_v4	AF-A0A3M3A0E0-F1-model_v4 Beta-glucosidase	2.375E-16	1.000	542	511	721	721	1	188	188	218	0.293	1.000
LOKIASV2_3307_ESMFold_glycoside_hydrolase_family_3_C-terminal_domain-containing_protein	AF-R6BVL4-F1-model_v4	AF-R6BVL4-F1-model_v4 Glycosyl hydrolase family 3 N-terminal domain protein	5.631E-19	1.000	542	344	719	721	46	451	1162	432	0.521	0.349
LOKIASV2_3307_ESMFold_glycoside_hydrolase_family_3_C-terminal_domain-containing_protein	AF-A0A7V8DBC4-F1-model_v4	AF-A0A7V8DBC4-F1-model_v4 Beta-glucosidase	8.881E-20	1.000	541	26	418	721	32	499	501	480	0.545	0.934
LOKIASV2_3307_ESMFold_glycoside_hydrolase_family_3_C-terminal_domain-containing_protein	AF-A0A449BFN4-F1-model_v4	AF-A0A449BFN4-F1-model_v4 Thermostable beta-glucosidase B	2.877E-19	1.000	541	341	718	721	13	397	999	434	0.524	0.385
LOKIASV2_3307_ESMFold_glycoside_hydrolase_family_3_C-terminal_domain-containing_protein	AF-J3ABK1-F1-model_v4	AF-J3ABK1-F1-model_v4 Glycosyl hydrolase family 3, N-terminal domain protein	7.044E-19	1.000	540	27	324	721	9	404	420	399	0.413	0.943
LOKIASV2_3307_ESMFold_glycoside_hydrolase_family_3_C-terminal_domain-containing_protein	AF-W1VLU2-F1-model_v4	AF-W1VLU2-F1-model_v4 Putative beta-glucosidase	5.325E-19	1.000	539	30	321	721	44	443	445	405	0.405	0.899
LOKIASV2_3307_ESMFold_glycoside_hydrolase_family_3_C-terminal_domain-containing_protein	AF-A0A354UPS2-F1-model_v4	AF-A0A354UPS2-F1-model_v4 Beta-glucosidase	6.200E-17	1.000	537	48	337	721	53	355	401	314	0.402	0.756
LOKIASV2_3307_ESMFold_glycoside_hydrolase_family_3_C-terminal_domain-containing_protein	AF-A0A4Q6CPW0-F1-model_v4	AF-A0A4Q6CPW0-F1-model_v4 Glycoside hydrolase family 3 protein	6.249E-18	1.000	534	44	350	721	18	342	344	337	0.426	0.945
LOKIASV2_3307_ESMFold_glycoside_hydrolase_family_3_C-terminal_domain-containing_protein	AF-A0A7H0GVC4-F1-model_v4	AF-A0A7H0GVC4-F1-model_v4 Glycoside hydrolase family 3 C-terminal domain-containing protein	7.276E-16	1.000	531	452	721	721	10	251	258	279	0.374	0.938
LOKIASV2_3307_ESMFold_glycoside_hydrolase_family_3_C-terminal_domain-containing_protein	AF-A0A4Q3TZY5-F1-model_v4	AF-A0A4Q3TZY5-F1-model_v4 Glucan 1,4-alpha-glucosidase	3.350E-17	1.000	531	418	719	721	22	306	310	322	0.419	0.919
LOKIASV2_3307_ESMFold_glycoside_hydrolase_family_3_C-terminal_domain-containing_protein	AF-A0A7W0NSP6-F1-model_v4	AF-A0A7W0NSP6-F1-model_v4 Fibronectin type III-like domain-contianing protein	1.121E-13	1.000	531	591	721	721	13	141	575	131	0.182	0.224
LOKIASV2_3307_ESMFold_glycoside_hydrolase_family_3_C-terminal_domain-containing_protein	AF-A0A3D5BAS4-F1-model_v4	AF-A0A3D5BAS4-F1-model_v4 Fn3_like domain-containing protein	6.103E-15	1.000	530	510	721	721	8	187	194	216	0.294	0.928
LOKIASV2_3307_ESMFold_glycoside_hydrolase_family_3_C-terminal_domain-containing_protein	AF-A0A820FZB5-F1-model_v4	AF-A0A820FZB5-F1-model_v4 Hypothetical protein	3.515E-16	1.000	529	454	719	721	1	268	269	292	0.369	0.996
LOKIASV2_3307_ESMFold_glycoside_hydrolase_family_3_C-terminal_domain-containing_protein	AF-A0A3B9E4J2-F1-model_v4	AF-A0A3B9E4J2-F1-model_v4 Beta-glucosidase	5.201E-16	1.000	527	520	721	721	2	185	185	202	0.280	0.995
LOKIASV2_3307_ESMFold_glycoside_hydrolase_family_3_C-terminal_domain-containing_protein	AF-R7IIM9-F1-model_v4	AF-R7IIM9-F1-model_v4 Glycosyl hydrolase family 3 N-terminal domain protein	1.447E-17	1.000	524	26	348	721	204	550	574	356	0.448	0.605
LOKIASV2_3307_ESMFold_glycoside_hydrolase_family_3_C-terminal_domain-containing_protein	AF-A0A7X7H5H5-F1-model_v4	AF-A0A7X7H5H5-F1-model_v4 Glycosyl hydrolase	7.756E-17	1.000	523	11	266	721	3	277	277	281	0.355	0.993
LOKIASV2_3307_ESMFold_glycoside_hydrolase_family_3_C-terminal_domain-containing_protein	AF-A0A314YAP7-F1-model_v4	AF-A0A314YAP7-F1-model_v4 Fn3_like domain-containing protein	1.824E-18	1.000	523	351	721	721	69	438	440	418	0.515	0.841
LOKIASV2_3307_ESMFold_glycoside_hydrolase_family_3_C-terminal_domain-containing_protein	AF-A0A1Q6PVK8-F1-model_v4	AF-A0A1Q6PVK8-F1-model_v4 Fn3_like domain-containing protein	4.257E-19	1.000	523	340	709	721	75	513	983	458	0.513	0.447
LOKIASV2_3307_ESMFold_glycoside_hydrolase_family_3_C-terminal_domain-containing_protein	AF-A0A0G4KMU3-F1-model_v4	AF-A0A0G4KMU3-F1-model_v4 Glyco_hydro_3 domain-containing protein	5.771E-15	1.000	521	142	358	721	1	217	218	217	0.301	0.995
LOKIASV2_3307_ESMFold_glycoside_hydrolase_family_3_C-terminal_domain-containing_protein	AF-A0A3D1WKT4-F1-model_v4	AF-A0A3D1WKT4-F1-model_v4 Beta-glucosidase	3.776E-18	1.000	521	23	337	721	217	606	726	390	0.437	0.537
LOKIASV2_3307_ESMFold_glycoside_hydrolase_family_3_C-terminal_domain-containing_protein	AF-K0J0L8-F1-model_v4	AF-K0J0L8-F1-model_v4 Putative hydrolase	5.325E-19	1.000	521	344	719	721	97	511	935	454	0.521	0.444
LOKIASV2_3307_ESMFold_glycoside_hydrolase_family_3_C-terminal_domain-containing_protein	AF-A0A559M6V1-F1-model_v4	AF-A0A559M6V1-F1-model_v4 Beta-glucosidase	4.995E-18	1.000	520	383	718	721	3	418	419	436	0.466	0.993
LOKIASV2_3307_ESMFold_glycoside_hydrolase_family_3_C-terminal_domain-containing_protein	AF-A0A7S2PF51-F1-model_v4	AF-A0A7S2PF51-F1-model_v4 Hypothetical protein	1.336E-14	1.000	518	114	318	721	2	207	210	208	0.284	0.981
LOKIASV2_3307_ESMFold_glycoside_hydrolase_family_3_C-terminal_domain-containing_protein	AF-A0A358M191-F1-model_v4	AF-A0A358M191-F1-model_v4 Glycosyl hydrolase	1.685E-15	1.000	518	507	719	721	10	219	245	216	0.295	0.857
LOKIASV2_3307_ESMFold_glycoside_hydrolase_family_3_C-terminal_domain-containing_protein	AF-A0A359K8M7-F1-model_v4	AF-A0A359K8M7-F1-model_v4 Beta-glucosidase	2.877E-19	1.000	518	351	721	721	2	505	505	547	0.515	0.998
LOKIASV2_3307_ESMFold_glycoside_hydrolase_family_3_C-terminal_domain-containing_protein	AF-A0A7W0FMZ5-F1-model_v4	AF-A0A7W0FMZ5-F1-model_v4 Glycoside hydrolase family 3 protein	1.413E-14	1.000	516	520	721	721	1	177	177	211	0.280	1.000
LOKIASV2_3307_ESMFold_glycoside_hydrolase_family_3_C-terminal_domain-containing_protein	AF-A0A3D1G930-F1-model_v4	AF-A0A3D1G930-F1-model_v4 Glycosyl hydrolase	7.948E-13	1.000	515	596	721	721	3	127	151	127	0.175	0.828
LOKIASV2_3307_ESMFold_glycoside_hydrolase_family_3_C-terminal_domain-containing_protein	AF-A0A3L9GXY9-F1-model_v4	AF-A0A3L9GXY9-F1-model_v4 Beta-glucosidase	2.512E-16	1.000	512	502	721	721	16	212	212	220	0.305	0.929
LOKIASV2_3307_ESMFold_glycoside_hydrolase_family_3_C-terminal_domain-containing_protein	AF-R5ZJR2-F1-model_v4	AF-R5ZJR2-F1-model_v4 Fn3_like domain-containing protein	1.111E-19	1.000	509	290	721	721	3	500	972	528	0.599	0.512
LOKIASV2_3307_ESMFold_glycoside_hydrolase_family_3_C-terminal_domain-containing_protein	AF-A0A1H8UUV4-F1-model_v4	AF-A0A1H8UUV4-F1-model_v4 Beta-glucosidase	6.826E-15	1.000	508	511	721	721	29	209	342	212	0.293	0.529
LOKIASV2_3307_ESMFold_glycoside_hydrolase_family_3_C-terminal_domain-containing_protein	AF-A0A1V5NIY6-F1-model_v4	AF-A0A1V5NIY6-F1-model_v4 Putative lipoprotein YbbD	3.218E-19	1.000	505	57	529	721	44	514	517	520	0.656	0.911
LOKIASV2_3307_ESMFold_glycoside_hydrolase_family_3_C-terminal_domain-containing_protein	AF-A0A7J2H772-F1-model_v4	AF-A0A7J2H772-F1-model_v4 Fn3_like domain-containing protein	3.840E-13	1.000	503	594	719	721	1	123	206	128	0.175	0.597
LOKIASV2_3307_ESMFold_glycoside_hydrolase_family_3_C-terminal_domain-containing_protein	AF-A0A353RN38-F1-model_v4	AF-A0A353RN38-F1-model_v4 Glycosyl hydrolase	1.204E-15	1.000	503	502	721	721	18	217	218	222	0.305	0.917
LOKIASV2_3307_ESMFold_glycoside_hydrolase_family_3_C-terminal_domain-containing_protein	AF-A0A379CZZ4-F1-model_v4	AF-A0A379CZZ4-F1-model_v4 Thermostable beta-glucosidase B	4.125E-15	1.000	502	442	721	721	3	255	264	281	0.388	0.958
LOKIASV2_3307_ESMFold_glycoside_hydrolase_family_3_C-terminal_domain-containing_protein	AF-M8BP17-F1-model_v4	AF-M8BP17-F1-model_v4 Putative beta-D-xylosidase 6	4.687E-17	1.000	502	136	721	721	2	396	397	619	0.813	0.995
LOKIASV2_3307_ESMFold_glycoside_hydrolase_family_3_C-terminal_domain-containing_protein	AF-A0A1J5Q3E7-F1-model_v4	AF-A0A1J5Q3E7-F1-model_v4 Thermostable beta-glucosidase B	8.406E-13	1.000	500	591	721	721	29	162	163	135	0.182	0.822
LOKIASV2_3307_ESMFold_glycoside_hydrolase_family_3_C-terminal_domain-containing_protein	AF-A0A644YZ75-F1-model_v4	AF-A0A644YZ75-F1-model_v4 Xylan 1,4-beta-xylosidase	3.069E-13	1.000	498	582	721	721	6	142	142	142	0.194	0.965
LOKIASV2_3307_ESMFold_glycoside_hydrolase_family_3_C-terminal_domain-containing_protein	AF-D4J191-F1-model_v4	AF-D4J191-F1-model_v4 Beta-glucosidase-related glycosidases	3.570E-18	1.000	497	22	389	721	283	670	777	413	0.510	0.499
LOKIASV2_3307_ESMFold_glycoside_hydrolase_family_3_C-terminal_domain-containing_protein	AF-W4GBH7-F1-model_v4	AF-W4GBH7-F1-model_v4 Fn3_like domain-containing protein	3.320E-23	1.000	497	30	721	721	67	920	921	1024	0.960	0.927
LOKIASV2_3307_ESMFold_glycoside_hydrolase_family_3_C-terminal_domain-containing_protein	AF-A0A5N6F2Q0-F1-model_v4	AF-A0A5N6F2Q0-F1-model_v4 Glycosyl hydrolase family 3 C-terminal domain-containing protein	1.447E-17	1.000	496	392	699	721	25	322	323	322	0.427	0.923
LOKIASV2_3307_ESMFold_glycoside_hydrolase_family_3_C-terminal_domain-containing_protein	AF-A0A326KV78-F1-model_v4	AF-A0A326KV78-F1-model_v4 Beta-glucosidase	1.139E-15	1.000	494	479	721	721	5	225	237	248	0.337	0.932
LOKIASV2_3307_ESMFold_glycoside_hydrolase_family_3_C-terminal_domain-containing_protein	AF-R7II30-F1-model_v4	AF-R7II30-F1-model_v4 Putative beta-glucosidase A	5.201E-16	1.000	493	27	341	721	223	546	589	340	0.437	0.550
LOKIASV2_3307_ESMFold_glycoside_hydrolase_family_3_C-terminal_domain-containing_protein	AF-A0A3D2B819-F1-model_v4	AF-A0A3D2B819-F1-model_v4 Beta-glucosidase	5.771E-15	1.000	492	458	721	721	11	241	264	266	0.366	0.875
LOKIASV2_3307_ESMFold_glycoside_hydrolase_family_3_C-terminal_domain-containing_protein	AF-A0A7J8NWG9-F1-model_v4	AF-A0A7J8NWG9-F1-model_v4 Glyco_hydro_3 domain-containing protein	2.246E-16	1.000	492	39	297	721	41	318	319	291	0.359	0.871
LOKIASV2_3307_ESMFold_glycoside_hydrolase_family_3_C-terminal_domain-containing_protein	AF-A0A414YH28-F1-model_v4	AF-A0A414YH28-F1-model_v4 Beta-glucosidase	2.575E-12	1.000	490	593	721	721	32	153	164	129	0.179	0.744
LOKIASV2_3307_ESMFold_glycoside_hydrolase_family_3_C-terminal_domain-containing_protein	AF-A0A6V8H9I2-F1-model_v4	AF-A0A6V8H9I2-F1-model_v4 Fn3_like domain-containing protein	4.956E-17	1.000	490	428	721	721	63	321	327	298	0.408	0.792
LOKIASV2_3307_ESMFold_glycoside_hydrolase_family_3_C-terminal_domain-containing_protein	AF-A0A318MMB9-F1-model_v4	AF-A0A318MMB9-F1-model_v4 Beta-glucosidase	1.914E-17	1.000	490	344	708	721	79	512	977	450	0.506	0.444
LOKIASV2_3307_ESMFold_glycoside_hydrolase_family_3_C-terminal_domain-containing_protein	AF-A0A261G1B8-F1-model_v4	AF-A0A261G1B8-F1-model_v4 Beta-glucosidase	2.282E-18	1.000	488	347	719	721	71	500	944	474	0.517	0.456
LOKIASV2_3307_ESMFold_glycoside_hydrolase_family_3_C-terminal_domain-containing_protein	AF-A0A353DN17-F1-model_v4	AF-A0A353DN17-F1-model_v4 Fn3_like domain-containing protein	6.609E-18	1.000	487	347	719	721	65	514	1005	471	0.517	0.448
LOKIASV2_3307_ESMFold_glycoside_hydrolase_family_3_C-terminal_domain-containing_protein	AF-A0A349Y195-F1-model_v4	AF-A0A349Y195-F1-model_v4 Beta-glucosidase	3.900E-15	1.000	485	504	721	721	18	211	213	223	0.302	0.911
LOKIASV2_3307_ESMFold_glycoside_hydrolase_family_3_C-terminal_domain-containing_protein	AF-A0A520HK80-F1-model_v4	AF-A0A520HK80-F1-model_v4 Glycoside hydrolase family 3 protein	7.756E-17	1.000	485	428	720	721	169	443	454	310	0.406	0.606
LOKIASV2_3307_ESMFold_glycoside_hydrolase_family_3_C-terminal_domain-containing_protein	AF-A0A6I5FXU4-F1-model_v4	AF-A0A6I5FXU4-F1-model_v4 Glycosyl hydrolase	7.457E-12	1.000	479	590	721	721	31	162	181	133	0.183	0.729
LOKIASV2_3307_ESMFold_glycoside_hydrolase_family_3_C-terminal_domain-containing_protein	AF-A0A258IIM8-F1-model_v4	AF-A0A258IIM8-F1-model_v4 Fn3_like domain-containing protein	1.204E-15	1.000	479	428	704	721	17	268	883	285	0.384	0.285
LOKIASV2_3307_ESMFold_glycoside_hydrolase_family_3_C-terminal_domain-containing_protein	AF-T0ZMR4-F1-model_v4	AF-T0ZMR4-F1-model_v4 Glycoside hydrolase family 3 domain protein	2.008E-16	1.000	477	290	635	721	3	340	340	377	0.480	0.994
LOKIASV2_3307_ESMFold_glycoside_hydrolase_family_3_C-terminal_domain-containing_protein	AF-A0A1S8A836-F1-model_v4	AF-A0A1S8A836-F1-model_v4 Beta-glucosidase	2.810E-16	1.000	477	428	721	721	153	437	437	322	0.408	0.652
LOKIASV2_3307_ESMFold_glycoside_hydrolase_family_3_C-terminal_domain-containing_protein	AF-A0A7S1NT44-F1-model_v4	AF-A0A7S1NT44-F1-model_v4 Hypothetical protein	6.557E-17	1.000	475	133	429	721	3	337	337	349	0.412	0.994
LOKIASV2_3307_ESMFold_glycoside_hydrolase_family_3_C-terminal_domain-containing_protein	AF-A0A6I0JEY5-F1-model_v4	AF-A0A6I0JEY5-F1-model_v4 Beta-glucosidase	6.557E-17	1.000	473	267	603	721	14	359	359	376	0.467	0.964
LOKIASV2_3307_ESMFold_glycoside_hydrolase_family_3_C-terminal_domain-containing_protein	AF-A0A2M8Q774-F1-model_v4	AF-A0A2M8Q774-F1-model_v4 Glycosyl hydrolase	5.079E-13	1.000	471	106	246	721	2	142	142	141	0.196	0.993
LOKIASV2_3307_ESMFold_glycoside_hydrolase_family_3_C-terminal_domain-containing_protein	AF-A0A4R3IXT6-F1-model_v4	AF-A0A4R3IXT6-F1-model_v4 Fibronectin type III domain protein	7.457E-12	1.000	470	591	721	721	7	134	153	131	0.182	0.837
LOKIASV2_3307_ESMFold_glycoside_hydrolase_family_3_C-terminal_domain-containing_protein	AF-R6PIR1-F1-model_v4	AF-R6PIR1-F1-model_v4 Beta-glucosidase	1.002E-13	1.000	470	131	318	721	5	207	215	204	0.261	0.944
LOKIASV2_3307_ESMFold_glycoside_hydrolase_family_3_C-terminal_domain-containing_protein	AF-A0A4Q3EF52-F1-model_v4	AF-A0A4Q3EF52-F1-model_v4 Beta-glucosidase	4.542E-13	1.000	469	577	720	721	9	153	153	152	0.200	0.948
LOKIASV2_3307_ESMFold_glycoside_hydrolase_family_3_C-terminal_domain-containing_protein	AF-A0A6A5VK97-F1-model_v4	AF-A0A6A5VK97-F1-model_v4 Fn3_like domain-containing protein	2.320E-13	1.000	469	577	721	721	10	178	178	169	0.201	0.949
LOKIASV2_3307_ESMFold_glycoside_hydrolase_family_3_C-terminal_domain-containing_protein	AF-A0A126P7Q5-F1-model_v4	AF-A0A126P7Q5-F1-model_v4 Fn3_like domain-containing protein	1.010E-14	1.000	469	453	721	721	21	265	265	280	0.373	0.925
LOKIASV2_3307_ESMFold_glycoside_hydrolase_family_3_C-terminal_domain-containing_protein	AF-A0A5J4Q545-F1-model_v4	AF-A0A5J4Q545-F1-model_v4 Exo-alpha-(1->6)-L-arabinopyranosidase	9.476E-14	1.000	467	99	264	721	13	186	186	174	0.230	0.935
LOKIASV2_3307_ESMFold_glycoside_hydrolase_family_3_C-terminal_domain-containing_protein	AF-A0A3D1M523-F1-model_v4	AF-A0A3D1M523-F1-model_v4 Glycosyl hydrolase	8.472E-14	1.000	463	169	350	721	3	189	191	188	0.252	0.979
LOKIASV2_3307_ESMFold_glycoside_hydrolase_family_3_C-terminal_domain-containing_protein	AF-A0A4Q3C9F4-F1-model_v4	AF-A0A4Q3C9F4-F1-model_v4 Glycoside hydrolase family 3 protein	4.577E-14	1.000	462	453	721	721	10	252	257	280	0.373	0.946
LOKIASV2_3307_ESMFold_glycoside_hydrolase_family_3_C-terminal_domain-containing_protein	AF-A0A1V3WE91-F1-model_v4	AF-A0A1V3WE91-F1-model_v4 Glycosyl hydrolase family 3 N terminal domain protein	1.391E-12	1.000	460	136	305	721	1	176	229	177	0.236	0.769
LOKIASV2_3307_ESMFold_glycoside_hydrolase_family_3_C-terminal_domain-containing_protein	AF-A0A1Q6PXU7-F1-model_v4	AF-A0A1Q6PXU7-F1-model_v4 Fn3_like domain-containing protein	8.743E-18	1.000	458	344	709	721	83	532	1154	480	0.508	0.390
LOKIASV2_3307_ESMFold_glycoside_hydrolase_family_3_C-terminal_domain-containing_protein	AF-A0A7N2L7Y0-F1-model_v4	AF-A0A7N2L7Y0-F1-model_v4 Fn3_like domain-containing protein	9.392E-20	1.000	456	133	721	721	9	411	414	631	0.817	0.973
LOKIASV2_3307_ESMFold_glycoside_hydrolase_family_3_C-terminal_domain-containing_protein	AF-A0A1B9IRT6-F1-model_v4	AF-A0A1B9IRT6-F1-model_v4 Glyco_hydro_3 domain-containing protein	1.121E-13	1.000	455	31	231	721	1	197	197	207	0.279	1.000
LOKIASV2_3307_ESMFold_glycoside_hydrolase_family_3_C-terminal_domain-containing_protein	AF-A0A1V4Q5S3-F1-model_v4	AF-A0A1V4Q5S3-F1-model_v4 Glycosyl hydrolase	4.093E-14	1.000	454	35	237	721	1	202	203	215	0.282	0.995
LOKIASV2_3307_ESMFold_glycoside_hydrolase_family_3_C-terminal_domain-containing_protein	AF-A0A3N5X141-F1-model_v4	AF-A0A3N5X141-F1-model_v4 Beta-glucosidase	2.615E-14	1.000	453	510	721	721	17	207	209	220	0.294	0.914
LOKIASV2_3307_ESMFold_glycoside_hydrolase_family_3_C-terminal_domain-containing_protein	AF-A0A354UPN0-F1-model_v4	AF-A0A354UPN0-F1-model_v4 Fn3_like domain-containing protein	3.167E-17	1.000	453	344	709	721	81	551	1100	489	0.508	0.428
LOKIASV2_3307_ESMFold_glycoside_hydrolase_family_3_C-terminal_domain-containing_protein	AF-A0A397ETR1-F1-model_v4	AF-A0A397ETR1-F1-model_v4 Glyco_hydro_3 domain-containing protein	9.102E-16	1.000	451	30	314	721	11	367	368	367	0.395	0.970
LOKIASV2_3307_ESMFold_glycoside_hydrolase_family_3_C-terminal_domain-containing_protein	AF-A0A3D2UND7-F1-model_v4	AF-A0A3D2UND7-F1-model_v4 Glycosyl hydrolase	1.826E-11	1.000	450	604	721	721	2	127	127	128	0.164	0.992
LOKIASV2_3307_ESMFold_glycoside_hydrolase_family_3_C-terminal_domain-containing_protein	AF-A0A522AG83-F1-model_v4	AF-A0A522AG83-F1-model_v4 Glycosyl hydrolase	1.471E-12	1.000	449	574	721	721	24	163	169	148	0.205	0.828
LOKIASV2_3307_ESMFold_glycoside_hydrolase_family_3_C-terminal_domain-containing_protein	AF-A0A090X5W5-F1-model_v4	AF-A0A090X5W5-F1-model_v4 Beta-glucosidase	3.487E-15	1.000	447	424	714	721	153	412	412	304	0.404	0.631
LOKIASV2_3307_ESMFold_glycoside_hydrolase_family_3_C-terminal_domain-containing_protein	AF-W3Y8W8-F1-model_v4	AF-W3Y8W8-F1-model_v4 Fibronectin type III-like domain protein	7.163E-14	1.000	446	509	708	721	1	179	179	201	0.277	1.000
LOKIASV2_3307_ESMFold_glycoside_hydrolase_family_3_C-terminal_domain-containing_protein	AF-A0A287N8P6-F1-model_v4	AF-A0A287N8P6-F1-model_v4 Glyco_hydro_3 domain-containing protein	7.219E-15	1.000	444	62	277	721	4	239	456	252	0.300	0.518
LOKIASV2_3307_ESMFold_glycoside_hydrolase_family_3_C-terminal_domain-containing_protein	AF-A0A2W6TQ13-F1-model_v4	AF-A0A2W6TQ13-F1-model_v4 Beta-glucosidase	1.568E-13	1.000	443	529	720	721	1	174	176	197	0.266	0.989
LOKIASV2_3307_ESMFold_glycoside_hydrolase_family_3_C-terminal_domain-containing_protein	AF-A0A7X7NWB2-F1-model_v4	AF-A0A7X7NWB2-F1-model_v4 Uncharacterized protein	1.283E-16	1.000	443	29	378	721	272	671	777	416	0.485	0.515
LOKIASV2_3307_ESMFold_glycoside_hydrolase_family_3_C-terminal_domain-containing_protein	AF-A0A7V4XB35-F1-model_v4	AF-A0A7V4XB35-F1-model_v4 Fn3_like domain-containing protein	1.460E-11	1.000	441	594	721	721	15	151	165	138	0.178	0.830
LOKIASV2_3307_ESMFold_glycoside_hydrolase_family_3_C-terminal_domain-containing_protein	AF-A0A428U5W2-F1-model_v4	AF-A0A428U5W2-F1-model_v4 Zn(2)-C6 fungal-type domain-containing protein	5.637E-12	1.000	441	113	262	721	625	774	774	150	0.208	0.194
LOKIASV2_3307_ESMFold_glycoside_hydrolase_family_3_C-terminal_domain-containing_protein	AF-A0A6F8YGA0-F1-model_v4	AF-A0A6F8YGA0-F1-model_v4 Fn3_like domain-containing protein	7.398E-11	1.000	439	591	721	721	4	132	172	131	0.182	0.750
LOKIASV2_3307_ESMFold_glycoside_hydrolase_family_3_C-terminal_domain-containing_protein	AF-A0A353JAV7-F1-model_v4	AF-A0A353JAV7-F1-model_v4 Fn3_like domain-containing protein	1.085E-16	1.000	436	344	720	721	60	526	904	496	0.523	0.517
LOKIASV2_3307_ESMFold_glycoside_hydrolase_family_3_C-terminal_domain-containing_protein	AF-A0A351TPP5-F1-model_v4	AF-A0A351TPP5-F1-model_v4 Fn3_like domain-containing protein	2.246E-16	1.000	436	334	720	721	84	624	1038	572	0.537	0.521
LOKIASV2_3307_ESMFold_glycoside_hydrolase_family_3_C-terminal_domain-containing_protein	AF-A0A6A0CEV2-F1-model_v4	AF-A0A6A0CEV2-F1-model_v4 Fn3_like domain-containing protein	2.415E-11	1.000	434	576	721	721	15	155	155	149	0.202	0.910
LOKIASV2_3307_ESMFold_glycoside_hydrolase_family_3_C-terminal_domain-containing_protein	AF-A0A060CPN4-F1-model_v4	AF-A0A060CPN4-F1-model_v4 Glyco_hydro_3	1.471E-12	1.000	433	163	335	721	2	170	170	173	0.240	0.994
LOKIASV2_3307_ESMFold_glycoside_hydrolase_family_3_C-terminal_domain-containing_protein	AF-A0A4Q5QM27-F1-model_v4	AF-A0A4Q5QM27-F1-model_v4 Glycoside hydrolase family 3 protein	1.010E-14	1.000	433	156	418	721	6	289	349	292	0.365	0.814
LOKIASV2_3307_ESMFold_glycoside_hydrolase_family_3_C-terminal_domain-containing_protein	AF-A0A2R7T591-F1-model_v4	AF-A0A2R7T591-F1-model_v4 Glycosyl hydrolase	1.556E-12	1.000	432	558	719	721	5	166	199	166	0.225	0.814
LOKIASV2_3307_ESMFold_glycoside_hydrolase_family_3_C-terminal_domain-containing_protein	AF-I8T279-F1-model_v4	AF-I8T279-F1-model_v4 Glycoside hydrolase family 3 domain protein	1.315E-12	1.000	429	531	721	721	2	169	169	193	0.265	0.994
LOKIASV2_3307_ESMFold_glycoside_hydrolase_family_3_C-terminal_domain-containing_protein	AF-A0A4S2HIT5-F1-model_v4	AF-A0A4S2HIT5-F1-model_v4 Fn3_like domain-containing protein	2.615E-14	1.000	426	27	348	721	406	747	787	355	0.447	0.435
LOKIASV2_3307_ESMFold_glycoside_hydrolase_family_3_C-terminal_domain-containing_protein	AF-A0A7S2AS06-F1-model_v4	AF-A0A7S2AS06-F1-model_v4 Hypothetical protein	2.744E-13	1.000	423	466	716	721	5	222	250	255	0.348	0.872
LOKIASV2_3307_ESMFold_glycoside_hydrolase_family_3_C-terminal_domain-containing_protein	AF-A0A660Q6U2-F1-model_v4	AF-A0A660Q6U2-F1-model_v4 Glyco_hydro_3 domain-containing protein	1.658E-13	1.000	419	9	223	721	9	214	217	215	0.298	0.949
LOKIASV2_3307_ESMFold_glycoside_hydrolase_family_3_C-terminal_domain-containing_protein	AF-A0A2V9SH06-F1-model_v4	AF-A0A2V9SH06-F1-model_v4 Beta-glucosidase	2.925E-14	1.000	418	163	428	721	2	286	287	298	0.369	0.993
LOKIASV2_3307_ESMFold_glycoside_hydrolase_family_3_C-terminal_domain-containing_protein	AF-A0A5N7CBX8-F1-model_v4	AF-A0A5N7CBX8-F1-model_v4 Fibronectin type III-like domain-containing protein	4.506E-12	1.000	416	576	719	721	20	177	178	162	0.200	0.888
LOKIASV2_3307_ESMFold_glycoside_hydrolase_family_3_C-terminal_domain-containing_protein	AF-A0A822DTY3-F1-model_v4	AF-A0A822DTY3-F1-model_v4 (mimic poison frog) hypothetical protein	2.435E-12	1.000	416	478	721	721	18	236	245	256	0.338	0.894
LOKIASV2_3307_ESMFold_glycoside_hydrolase_family_3_C-terminal_domain-containing_protein	AF-A0A2B8A291-F1-model_v4	AF-A0A2B8A291-F1-model_v4 Fn3_like domain-containing protein	1.295E-10	1.000	414	605	721	721	11	122	122	117	0.162	0.918
LOKIASV2_3307_ESMFold_glycoside_hydrolase_family_3_C-terminal_domain-containing_protein	AF-A0A0C3LF13-F1-model_v4	AF-A0A0C3LF13-F1-model_v4 Glycoside hydrolase family 3 protein	1.754E-13	1.000	413	83	313	721	50	277	297	251	0.320	0.768
LOKIASV2_3307_ESMFold_glycoside_hydrolase_family_3_C-terminal_domain-containing_protein	AF-A0A395X3Y9-F1-model_v4	AF-A0A395X3Y9-F1-model_v4 Beta-glucosidase-related glycosidase	4.918E-16	1.000	409	340	709	721	74	534	1021	485	0.513	0.452
LOKIASV2_3307_ESMFold_glycoside_hydrolase_family_3_C-terminal_domain-containing_protein	AF-A0A3R7J1Z3-F1-model_v4	AF-A0A3R7J1Z3-F1-model_v4 Glyco_hydro_3 domain-containing protein	5.160E-15	1.000	406	31	312	721	9	365	366	367	0.391	0.975
LOKIASV2_3307_ESMFold_glycoside_hydrolase_family_3_C-terminal_domain-containing_protein	AF-A0A351TLC4-F1-model_v4	AF-A0A351TLC4-F1-model_v4 Glycosyl hydrolase	2.473E-14	1.000	405	428	721	721	19	324	328	341	0.408	0.933
LOKIASV2_3307_ESMFold_glycoside_hydrolase_family_3_C-terminal_domain-containing_protein	AF-A0A354U8L4-F1-model_v4	AF-A0A354U8L4-F1-model_v4 Fn3_like domain-containing protein	1.532E-10	1.000	401	600	719	721	1	110	112	120	0.166	0.982
LOKIASV2_3307_ESMFold_glycoside_hydrolase_family_3_C-terminal_domain-containing_protein	AF-D0P3F3-F1-model_v4	AF-D0P3F3-F1-model_v4 Glycoside hydrolase, putative	1.185E-13	1.000	401	290	553	721	12	300	319	299	0.366	0.906
LOKIASV2_3307_ESMFold_glycoside_hydrolase_family_3_C-terminal_domain-containing_protein	AF-A0A6N6KNQ5-F1-model_v4	AF-A0A6N6KNQ5-F1-model_v4 Glycoside hydrolase family 3 protein	1.754E-13	1.000	398	29	232	721	29	254	254	232	0.283	0.890
LOKIASV2_3307_ESMFold_glycoside_hydrolase_family_3_C-terminal_domain-containing_protein	AF-A0A1C5N9A4-F1-model_v4	AF-A0A1C5N9A4-F1-model_v4 Thermostable beta-glucosidase B	4.879E-15	1.000	396	334	708	721	65	517	1009	487	0.520	0.449
LOKIASV2_3307_ESMFold_glycoside_hydrolase_family_3_C-terminal_domain-containing_protein	AF-A0A425WD11-F1-model_v4	AF-A0A425WD11-F1-model_v4 Fn3_like domain-containing protein	2.535E-10	1.000	395	596	721	721	12	126	257	126	0.175	0.447
LOKIASV2_3307_ESMFold_glycoside_hydrolase_family_3_C-terminal_domain-containing_protein	AF-A0A287PI76-F1-model_v4	AF-A0A287PI76-F1-model_v4 Glyco_hydro_3 domain-containing protein	2.702E-11	1.000	392	90	265	721	15	215	240	202	0.244	0.837
LOKIASV2_3307_ESMFold_glycoside_hydrolase_family_3_C-terminal_domain-containing_protein	AF-A0A379CYY7-F1-model_v4	AF-A0A379CYY7-F1-model_v4 Periplasmic beta-glucosidase	4.436E-10	1.000	389	615	721	721	4	108	108	107	0.148	0.972
LOKIASV2_3307_ESMFold_glycoside_hydrolase_family_3_C-terminal_domain-containing_protein	AF-A0A524IQ76-F1-model_v4	AF-A0A524IQ76-F1-model_v4 Glyco_hydro_3 domain-containing protein	1.658E-13	1.000	388	31	323	721	34	394	395	365	0.406	0.914
LOKIASV2_3307_ESMFold_glycoside_hydrolase_family_3_C-terminal_domain-containing_protein	AF-A0A1S2VPK7-F1-model_v4	AF-A0A1S2VPK7-F1-model_v4 Fn3_like domain-containing protein	8.210E-10	1.000	387	617	721	721	1	103	103	105	0.146	1.000
LOKIASV2_3307_ESMFold_glycoside_hydrolase_family_3_C-terminal_domain-containing_protein	AF-A0A3D2XB24-F1-model_v4	AF-A0A3D2XB24-F1-model_v4 Fn3_like domain-containing protein	1.826E-11	1.000	386	522	721	721	2	187	187	219	0.277	0.995
LOKIASV2_3307_ESMFold_glycoside_hydrolase_family_3_C-terminal_domain-containing_protein	AF-A0A7K3PET6-F1-model_v4	AF-A0A7K3PET6-F1-model_v4 Fn3_like domain-containing protein	1.149E-09	1.000	385	626	719	721	2	95	180	94	0.130	0.522
LOKIASV2_3307_ESMFold_glycoside_hydrolase_family_3_C-terminal_domain-containing_protein	AF-A0A287NNY7-F1-model_v4	AF-A0A287NNY7-F1-model_v4 Fn3_like domain-containing protein	4.328E-14	1.000	382	424	721	721	22	338	343	344	0.413	0.924
LOKIASV2_3307_ESMFold_glycoside_hydrolase_family_3_C-terminal_domain-containing_protein	AF-A0A7C5BJI9-F1-model_v4	AF-A0A7C5BJI9-F1-model_v4 Glycoside hydrolase family 3 protein	1.018E-15	1.000	382	83	520	721	65	462	464	488	0.607	0.858
LOKIASV2_3307_ESMFold_glycoside_hydrolase_family_3_C-terminal_domain-containing_protein	AF-A0A7Y8I675-F1-model_v4	AF-A0A7Y8I675-F1-model_v4 Glycoside hydrolase family 3 protein	2.338E-14	1.000	379	31	301	721	1	335	335	347	0.376	1.000
LOKIASV2_3307_ESMFold_glycoside_hydrolase_family_3_C-terminal_domain-containing_protein	AF-A0A3C1VFZ0-F1-model_v4	AF-A0A3C1VFZ0-F1-model_v4 Glyco_hydro_3 domain-containing protein	1.167E-11	1.000	370	27	209	721	23	218	284	196	0.254	0.690
LOKIASV2_3307_ESMFold_glycoside_hydrolase_family_3_C-terminal_domain-containing_protein	AF-A0A4R3TBL8-F1-model_v4	AF-A0A4R3TBL8-F1-model_v4 Beta-N-acetylhexosaminidase	1.471E-12	1.000	370	32	322	721	109	451	453	345	0.404	0.757
LOKIASV2_3307_ESMFold_glycoside_hydrolase_family_3_C-terminal_domain-containing_protein	AF-L8FWJ1-F1-model_v4	AF-L8FWJ1-F1-model_v4 Glyco_hydro_3 domain-containing protein	6.615E-11	1.000	367	159	335	721	126	303	303	184	0.245	0.587
LOKIASV2_3307_ESMFold_glycoside_hydrolase_family_3_C-terminal_domain-containing_protein	AF-A0A3D4K6I7-F1-model_v4	AF-A0A3D4K6I7-F1-model_v4 Glycosyl hydrolase	2.378E-09	1.000	365	608	721	721	1	111	111	116	0.158	1.000
LOKIASV2_3307_ESMFold_glycoside_hydrolase_family_3_C-terminal_domain-containing_protein	AF-A0A060CE11-F1-model_v4	AF-A0A060CE11-F1-model_v4 Glyco_hydro_3	4.401E-09	1.000	365	181	282	721	2	103	171	102	0.141	0.596
LOKIASV2_3307_ESMFold_glycoside_hydrolase_family_3_C-terminal_domain-containing_protein	AF-A0A520D1L1-F1-model_v4	AF-A0A520D1L1-F1-model_v4 1,4-beta-D-glucan glucohydrolase	4.061E-13	1.000	362	36	265	721	1	283	285	286	0.319	0.993
LOKIASV2_3307_ESMFold_glycoside_hydrolase_family_3_C-terminal_domain-containing_protein	AF-A0A7S3EYK7-F1-model_v4	AF-A0A7S3EYK7-F1-model_v4 Hypothetical protein	2.723E-12	1.000	361	379	720	721	1	334	343	368	0.474	0.974
LOKIASV2_3307_ESMFold_glycoside_hydrolase_family_3_C-terminal_domain-containing_protein	AF-A0A6N9QFE6-F1-model_v4	AF-A0A6N9QFE6-F1-model_v4 Beta-hexosaminidase	7.107E-13	1.000	361	32	322	721	1	367	369	374	0.404	0.995
LOKIASV2_3307_ESMFold_glycoside_hydrolase_family_3_C-terminal_domain-containing_protein	AF-A0A7S4IJ49-F1-model_v4	AF-A0A7S4IJ49-F1-model_v4 Hypothetical protein	2.074E-13	1.000	359	432	721	721	3	343	500	367	0.402	0.682
LOKIASV2_3307_ESMFold_glycoside_hydrolase_family_3_C-terminal_domain-containing_protein	AF-K8ACK1-F1-model_v4	AF-K8ACK1-F1-model_v4 Beta-xylosidase	1.019E-08	1.000	357	622	721	721	4	102	122	100	0.139	0.811
LOKIASV2_3307_ESMFold_glycoside_hydrolase_family_3_C-terminal_domain-containing_protein	AF-A0A4Q2XS27-F1-model_v4	AF-A0A4Q2XS27-F1-model_v4 Beta-glucosidase	3.935E-09	1.000	355	621	721	721	2	100	101	101	0.140	0.980
LOKIASV2_3307_ESMFold_glycoside_hydrolase_family_3_C-terminal_domain-containing_protein	AF-A0A354MA91-F1-model_v4	AF-A0A354MA91-F1-model_v4 Glycosyl hydrolase	1.295E-10	1.000	355	51	217	721	2	177	178	176	0.232	0.989
LOKIASV2_3307_ESMFold_glycoside_hydrolase_family_3_C-terminal_domain-containing_protein	AF-W7DH03-F1-model_v4	AF-W7DH03-F1-model_v4 Beta-glucosidase	1.556E-12	1.000	354	394	681	721	17	304	307	322	0.399	0.938
LOKIASV2_3307_ESMFold_glycoside_hydrolase_family_3_C-terminal_domain-containing_protein	AF-A0A814VYP3-F1-model_v4	AF-A0A814VYP3-F1-model_v4 Hypothetical protein	8.275E-11	1.000	350	149	358	721	174	409	432	239	0.291	0.546
LOKIASV2_3307_ESMFold_glycoside_hydrolase_family_3_C-terminal_domain-containing_protein	AF-E2LF81-F1-model_v4	AF-E2LF81-F1-model_v4 Fn3_like domain-containing protein	1.797E-09	1.000	348	607	719	721	3	129	130	128	0.157	0.977
LOKIASV2_3307_ESMFold_glycoside_hydrolase_family_3_C-terminal_domain-containing_protein	AF-A0A368VIM9-F1-model_v4	AF-A0A368VIM9-F1-model_v4 Fibronectin type III domain protein	2.109E-08	1.000	346	624	719	721	2	98	104	97	0.133	0.933
LOKIASV2_3307_ESMFold_glycoside_hydrolase_family_3_C-terminal_domain-containing_protein	AF-A0A7S2BJ31-F1-model_v4	AF-A0A7S2BJ31-F1-model_v4 Hypothetical protein	6.887E-09	1.000	344	606	719	721	1	112	115	116	0.158	0.974
LOKIASV2_3307_ESMFold_glycoside_hydrolase_family_3_C-terminal_domain-containing_protein	AF-B9RJH1-F1-model_v4	AF-B9RJH1-F1-model_v4 Periplasmic beta-glucosidase, putative	1.315E-12	1.000	344	392	720	721	28	334	336	364	0.456	0.914
LOKIASV2_3307_ESMFold_glycoside_hydrolase_family_3_C-terminal_domain-containing_protein	AF-A0A0C9U3T2-F1-model_v4	AF-A0A0C9U3T2-F1-model_v4 Unplaced genomic scaffold PAXINscaffold_25, whole genome shotgun sequence	4.362E-15	1.000	344	41	721	721	224	642	642	732	0.945	0.653
LOKIASV2_3307_ESMFold_glycoside_hydrolase_family_3_C-terminal_domain-containing_protein	AF-A0A2N1SD03-F1-model_v4	AF-A0A2N1SD03-F1-model_v4 Beta-N-acetylhexosaminidase	5.681E-13	1.000	339	30	349	721	25	409	425	401	0.444	0.906
LOKIASV2_3307_ESMFold_glycoside_hydrolase_family_3_C-terminal_domain-containing_protein	AF-A0A1V8ZE98-F1-model_v4	AF-A0A1V8ZE98-F1-model_v4 Uncharacterized protein	1.043E-11	1.000	338	395	675	721	52	319	319	296	0.390	0.840
LOKIASV2_3307_ESMFold_glycoside_hydrolase_family_3_C-terminal_domain-containing_protein	AF-A0A258BQA9-F1-model_v4	AF-A0A258BQA9-F1-model_v4 Fn3_like domain-containing protein	1.426E-08	1.000	335	622	719	721	3	101	110	99	0.136	0.900
LOKIASV2_3307_ESMFold_glycoside_hydrolase_family_3_C-terminal_domain-containing_protein	AF-A0A544ZUW2-F1-model_v4	AF-A0A544ZUW2-F1-model_v4 Fn3_like domain-containing protein	7.702E-09	1.000	334	623	721	721	24	118	118	99	0.137	0.805
LOKIASV2_3307_ESMFold_glycoside_hydrolase_family_3_C-terminal_domain-containing_protein	AF-A0A060CK25-F1-model_v4	AF-A0A060CK25-F1-model_v4 Glyco_hydro_3	5.206E-09	1.000	332	156	264	721	5	120	139	116	0.151	0.835
LOKIASV2_3307_ESMFold_glycoside_hydrolase_family_3_C-terminal_domain-containing_protein	AF-A0A641W1J5-F1-model_v4	AF-A0A641W1J5-F1-model_v4 Beta-glucosidase	9.711E-10	1.000	331	40	224	721	169	352	354	191	0.257	0.520
LOKIASV2_3307_ESMFold_glycoside_hydrolase_family_3_C-terminal_domain-containing_protein	AF-A0A7X8UJL1-F1-model_v4	AF-A0A7X8UJL1-F1-model_v4 Glycoside hydrolase family 3 protein	1.556E-12	1.000	328	29	326	721	62	435	438	389	0.413	0.854
LOKIASV2_3307_ESMFold_glycoside_hydrolase_family_3_C-terminal_domain-containing_protein	AF-A0A533SBV8-F1-model_v4	AF-A0A533SBV8-F1-model_v4 Glyco_hydro_3 domain-containing protein	4.728E-11	1.000	325	28	236	721	27	264	264	240	0.290	0.902
LOKIASV2_3307_ESMFold_glycoside_hydrolase_family_3_C-terminal_domain-containing_protein	AF-A0A6U6MGD8-F1-model_v4	AF-A0A6U6MGD8-F1-model_v4 Hypothetical protein	6.512E-09	1.000	321	582	719	721	26	164	177	148	0.191	0.785
LOKIASV2_3307_ESMFold_glycoside_hydrolase_family_3_C-terminal_domain-containing_protein	AF-A0A7G8BCM5-F1-model_v4	AF-A0A7G8BCM5-F1-model_v4 Fibronectin type III-like domain-contianing protein	1.426E-08	1.000	318	621	721	721	2	99	100	101	0.140	0.980
LOKIASV2_3307_ESMFold_glycoside_hydrolase_family_3_C-terminal_domain-containing_protein	AF-A0A133UIK7-F1-model_v4	AF-A0A133UIK7-F1-model_v4 Fn3_like domain-containing protein	1.508E-08	1.000	312	608	719	721	6	106	113	112	0.155	0.894
LOKIASV2_3307_ESMFold_glycoside_hydrolase_family_3_C-terminal_domain-containing_protein	AF-A0A060BI36-F1-model_v4	AF-A0A060BI36-F1-model_v4 Glyco_hydro_3_C	4.401E-09	1.000	305	517	686	721	1	140	144	172	0.236	0.972
LOKIASV2_3307_ESMFold_glycoside_hydrolase_family_3_C-terminal_domain-containing_protein	AF-A0A7S0ISZ3-F1-model_v4	AF-A0A7S0ISZ3-F1-model_v4 Beta-glucosidase	1.979E-07	1.000	298	201	317	721	1	117	118	117	0.162	0.992
LOKIASV2_3307_ESMFold_glycoside_hydrolase_family_3_C-terminal_domain-containing_protein	AF-A0A7U1HVQ0-F1-model_v4	AF-A0A7U1HVQ0-F1-model_v4 Glycoside hydrolase family 3 protein	1.337E-07	1.000	296	166	264	721	22	120	128	99	0.137	0.773
LOKIASV2_3307_ESMFold_glycoside_hydrolase_family_3_C-terminal_domain-containing_protein	AF-A0A1V4QMZ7-F1-model_v4	AF-A0A1V4QMZ7-F1-model_v4 Beta-N-acetylhexosaminidase	1.620E-10	1.000	295	83	349	721	58	328	332	296	0.370	0.816
LOKIASV2_3307_ESMFold_glycoside_hydrolase_family_3_C-terminal_domain-containing_protein	AF-A0A1Y4NCQ2-F1-model_v4	AF-A0A1Y4NCQ2-F1-model_v4 Glyco_hydro_3 domain-containing protein	9.711E-10	1.000	282	31	322	721	102	442	443	349	0.405	0.770
LOKIASV2_3307_ESMFold_glycoside_hydrolase_family_3_C-terminal_domain-containing_protein	AF-A0A2V9VZQ1-F1-model_v4	AF-A0A2V9VZQ1-F1-model_v4 Beta-glucosidase	1.594E-08	1.000	267	514	675	721	3	140	140	164	0.225	0.986
LOKIASV2_3307_ESMFold_glycoside_hydrolase_family_3_C-terminal_domain-containing_protein	AF-A0A6A3GI90-F1-model_v4	AF-A0A6A3GI90-F1-model_v4 Glyco_hydro_3 domain-containing protein	9.039E-08	1.000	267	80	221	721	71	214	216	152	0.197	0.667
LOKIASV2_3307_ESMFold_glycoside_hydrolase_family_3_C-terminal_domain-containing_protein	AF-A0A6B3E9J4-F1-model_v4	AF-A0A6B3E9J4-F1-model_v4 Glycoside hydrolase family 3 protein	5.419E-07	1.000	259	107	216	721	3	112	113	110	0.153	0.973
LOKIASV2_3307_ESMFold_glycoside_hydrolase_family_3_C-terminal_domain-containing_protein	AF-A0A7S2FS95-F1-model_v4	AF-A0A7S2FS95-F1-model_v4 Hypothetical protein	3.463E-07	1.000	257	607	719	721	4	111	122	114	0.157	0.885
LOKIASV2_3307_ESMFold_glycoside_hydrolase_family_3_C-terminal_domain-containing_protein	AF-X6M6E5-F1-model_v4	AF-X6M6E5-F1-model_v4 Fn3_like domain-containing protein	4.961E-10	1.000	256	392	721	721	97	420	432	381	0.458	0.750
LOKIASV2_3307_ESMFold_glycoside_hydrolase_family_3_C-terminal_domain-containing_protein	AF-A0A420QI57-F1-model_v4	AF-A0A420QI57-F1-model_v4 Fn3_like domain-containing protein	1.131E-07	1.000	252	604	719	721	2	128	129	133	0.161	0.984
LOKIASV2_3307_ESMFold_glycoside_hydrolase_family_3_C-terminal_domain-containing_protein	AF-A0A2X0NZ65-F1-model_v4	AF-A0A2X0NZ65-F1-model_v4 BQ5605_C017g08543 protein	4.097E-07	1.000	248	179	304	721	62	186	203	131	0.175	0.616
LOKIASV2_3307_ESMFold_glycoside_hydrolase_family_3_C-terminal_domain-containing_protein	AF-A0A2P2JCY8-F1-model_v4	AF-A0A2P2JCY8-F1-model_v4 Thermostable beta-glucosidase B	2.495E-08	1.000	248	479	720	721	16	259	262	285	0.336	0.931
LOKIASV2_3307_ESMFold_glycoside_hydrolase_family_3_C-terminal_domain-containing_protein	AF-A0A838NW81-F1-model_v4	AF-A0A838NW81-F1-model_v4 Fibronectin type III-like domain-contianing protein	9.411E-06	1.000	247	603	686	721	39	122	126	84	0.117	0.667
LOKIASV2_3307_ESMFold_glycoside_hydrolase_family_3_C-terminal_domain-containing_protein	AF-A0A7C3C2K6-F1-model_v4	AF-A0A7C3C2K6-F1-model_v4 CARDB domain-containing protein	2.597E-06	1.000	242	603	721	721	63	151	499	119	0.165	0.178
LOKIASV2_3307_ESMFold_glycoside_hydrolase_family_3_C-terminal_domain-containing_protein	AF-A0A2M7WAB0-F1-model_v4	AF-A0A2M7WAB0-F1-model_v4 Beta-N-acetylhexosaminidase	1.275E-08	1.000	239	88	321	721	62	298	299	260	0.325	0.793
LOKIASV2_3307_ESMFold_glycoside_hydrolase_family_3_C-terminal_domain-containing_protein	AF-A0A3N4SW96-F1-model_v4	AF-A0A3N4SW96-F1-model_v4 Beta-N-acetylhexosaminidase	1.783E-08	1.000	238	83	316	721	79	332	336	273	0.325	0.756
LOKIASV2_3307_ESMFold_glycoside_hydrolase_family_3_C-terminal_domain-containing_protein	AF-A0A497K0T4-F1-model_v4	AF-A0A497K0T4-F1-model_v4 Uncharacterized protein	1.053E-05	1.000	223	603	721	721	165	253	361	119	0.165	0.247
LOKIASV2_3307_ESMFold_glycoside_hydrolase_family_3_C-terminal_domain-containing_protein	AF-X1QNQ2-F1-model_v4	AF-X1QNQ2-F1-model_v4 CARDB domain-containing protein	7.956E-06	1.000	217	603	721	721	35	123	160	120	0.165	0.556
LOKIASV2_3307_ESMFold_glycoside_hydrolase_family_3_C-terminal_domain-containing_protein	AF-A0A4R7H0G6-F1-model_v4	AF-A0A4R7H0G6-F1-model_v4 Glycosyl hydrolase family 3	1.769E-07	1.000	217	487	680	721	3	172	237	199	0.269	0.717
LOKIASV2_3307_ESMFold_glycoside_hydrolase_family_3_C-terminal_domain-containing_protein	AF-A0A7C4NBI6-F1-model_v4	AF-A0A7C4NBI6-F1-model_v4 CARDB domain-containing protein	6.674E-05	1.000	204	603	721	721	1094	1182	1211	119	0.165	0.073
LOKIASV2_3307_ESMFold_glycoside_hydrolase_family_3_C-terminal_domain-containing_protein	AF-A0A3D0HJM0-F1-model_v4	AF-A0A3D0HJM0-F1-model_v4 Fn3_like domain-containing protein	3.048E-05	1.000	203	631	719	721	1	88	97	90	0.123	0.907
LOKIASV2_3307_ESMFold_glycoside_hydrolase_family_3_C-terminal_domain-containing_protein	AF-A0A5B9M128-F1-model_v4	AF-A0A5B9M128-F1-model_v4 Uncharacterized protein	2.726E-05	1.000	202	603	720	721	120	208	347	118	0.164	0.256
LOKIASV2_3307_ESMFold_glycoside_hydrolase_family_3_C-terminal_domain-containing_protein	AF-A0A1V1NWH3-F1-model_v4	AF-A0A1V1NWH3-F1-model_v4 CARDB domain-containing protein	3.813E-05	1.000	190	603	721	721	229	345	453	130	0.165	0.258
LOKIASV2_3307_ESMFold_glycoside_hydrolase_family_3_C-terminal_domain-containing_protein	AF-A0A7C2VF33-F1-model_v4	AF-A0A7C2VF33-F1-model_v4 Uncharacterized protein	1.473E-05	1.000	188	605	721	721	393	509	543	127	0.162	0.215
LOKIASV2_3307_ESMFold_glycoside_hydrolase_family_3_C-terminal_domain-containing_protein	AF-A0A7J2UAR8-F1-model_v4	AF-A0A7J2UAR8-F1-model_v4 CARDB domain-containing protein	3.577E-04	1.000	183	603	721	721	46	134	296	119	0.165	0.301
LOKIASV2_3307_ESMFold_glycoside_hydrolase_family_3_C-terminal_domain-containing_protein	AF-A0A133VPC0-F1-model_v4	AF-A0A133VPC0-F1-model_v4 Uncharacterized protein	3.383E-04	1.000	182	603	720	721	9	96	383	118	0.164	0.230
LOKIASV2_3307_ESMFold_glycoside_hydrolase_family_3_C-terminal_domain-containing_protein	AF-A0A1F8SIN3-F1-model_v4	AF-A0A1F8SIN3-F1-model_v4 CARDB domain-containing protein	1.104E-04	1.000	181	603	721	721	322	410	415	119	0.165	0.214
LOKIASV2_3307_ESMFold_glycoside_hydrolase_family_3_C-terminal_domain-containing_protein	AF-A0A133U587-F1-model_v4	AF-A0A133U587-F1-model_v4 Uncharacterized protein	2.162E-04	1.000	180	603	721	721	350	438	668	120	0.165	0.133
LOKIASV2_3307_ESMFold_glycoside_hydrolase_family_3_C-terminal_domain-containing_protein	AF-O26815-F1-model_v4	AF-O26815-F1-model_v4 Cell surface glycoprotein (S-layer protein)	2.557E-04	1.000	179	603	721	721	347	435	574	119	0.165	0.155
LOKIASV2_3307_ESMFold_glycoside_hydrolase_family_3_C-terminal_domain-containing_protein	AF-A0A7C0V3B8-F1-model_v4	AF-A0A7C0V3B8-F1-model_v4 Uncharacterized protein	5.920E-04	1.000	174	603	721	721	118	206	344	119	0.165	0.259
LOKIASV2_3307_ESMFold_glycoside_hydrolase_family_3_C-terminal_domain-containing_protein	AF-A0A3B8LN91-F1-model_v4	AF-A0A3B8LN91-F1-model_v4 CARDB domain-containing protein	3.048E-05	1.000	173	603	721	721	28	144	147	133	0.165	0.796
LOKIASV2_3307_ESMFold_glycoside_hydrolase_family_3_C-terminal_domain-containing_protein	AF-A0A133UIL3-F1-model_v4	AF-A0A133UIL3-F1-model_v4 Uncharacterized protein	3.783E-04	1.000	173	603	721	721	564	656	734	119	0.165	0.127
LOKIASV2_3307_ESMFold_glycoside_hydrolase_family_3_C-terminal_domain-containing_protein	AF-A0A4S3TJV3-F1-model_v4	AF-A0A4S3TJV3-F1-model_v4 Uncharacterized protein	1.933E-04	1.000	172	605	721	721	470	571	868	117	0.162	0.118
LOKIASV2_3307_ESMFold_glycoside_hydrolase_family_3_C-terminal_domain-containing_protein	AF-A0A497LVD7-F1-model_v4	AF-A0A497LVD7-F1-model_v4 Uncharacterized protein	1.545E-04	1.000	167	605	721	721	449	565	569	133	0.162	0.206
LOKIASV2_3307_ESMFold_glycoside_hydrolase_family_3_C-terminal_domain-containing_protein	AF-A0A133VL15-F1-model_v4	AF-A0A133VL15-F1-model_v4 CARDB domain-containing protein	3.383E-04	1.000	165	597	721	721	316	415	607	131	0.173	0.165
LOKIASV2_3307_ESMFold_glycoside_hydrolase_family_3_C-terminal_domain-containing_protein	AF-A0A800BF07-F1-model_v4	AF-A0A800BF07-F1-model_v4 CARDB domain-containing protein	7.894E-05	1.000	162	603	721	721	127	244	295	130	0.165	0.400
LOKIASV2_3307_ESMFold_glycoside_hydrolase_family_3_C-terminal_domain-containing_protein	AF-X1BGE4-F1-model_v4	AF-X1BGE4-F1-model_v4 CARDB domain-containing protein	1.159E-03	1.000	161	603	721	721	198	285	286	119	0.165	0.308
LOKIASV2_3307_ESMFold_glycoside_hydrolase_family_3_C-terminal_domain-containing_protein	AF-R7P7A9-F1-model_v4	AF-R7P7A9-F1-model_v4 Uncharacterized protein	5.293E-04	1.000	161	605	721	721	383	484	637	117	0.162	0.160
LOKIASV2_3307_ESMFold_glycoside_hydrolase_family_3_C-terminal_domain-containing_protein	AF-A0A520A4L5-F1-model_v4	AF-A0A520A4L5-F1-model_v4 Uncharacterized protein	3.199E-04	1.000	161	603	721	721	765	882	980	131	0.165	0.120
LOKIASV2_3307_ESMFold_glycoside_hydrolase_family_3_C-terminal_domain-containing_protein	AF-A0A7C1XUD1-F1-model_v4	AF-A0A7C1XUD1-F1-model_v4 Peptidase	1.168E-04	1.000	159	603	721	721	13	132	132	133	0.165	0.909
LOKIASV2_3307_ESMFold_glycoside_hydrolase_family_3_C-terminal_domain-containing_protein	AF-A0A2R6I0K6-F1-model_v4	AF-A0A2R6I0K6-F1-model_v4 Uncharacterized protein	5.335E-05	1.000	157	605	721	721	58	166	319	128	0.162	0.342
LOKIASV2_3307_ESMFold_glycoside_hydrolase_family_3_C-terminal_domain-containing_protein	AF-A0A421K920-F1-model_v4	AF-A0A421K920-F1-model_v4 Uncharacterized protein	9.874E-05	1.000	154	603	721	721	417	530	731	129	0.165	0.156
LOKIASV2_3307_ESMFold_glycoside_hydrolase_family_3_C-terminal_domain-containing_protein	AF-A0A6L7WA29-F1-model_v4	AF-A0A6L7WA29-F1-model_v4 CARDB domain-containing protein	5.642E-05	1.000	152	599	721	721	463	592	784	142	0.171	0.166
LOKIASV2_3307_ESMFold_glycoside_hydrolase_family_3_C-terminal_domain-containing_protein	AF-A0A0S8J9M5-F1-model_v4	AF-A0A0S8J9M5-F1-model_v4 Uncharacterized protein	2.162E-04	1.000	150	603	721	721	478	587	855	130	0.165	0.129
LOKIASV2_3307_ESMFold_glycoside_hydrolase_family_3_C-terminal_domain-containing_protein	AF-A0A6V7KGG9-F1-model_v4	AF-A0A6V7KGG9-F1-model_v4 Transglut_C domain-containing protein	5.335E-05	1.000	148	605	721	721	32	141	150	123	0.162	0.733
LOKIASV2_3307_ESMFold_glycoside_hydrolase_family_3_C-terminal_domain-containing_protein	AF-A0A7X0RI48-F1-model_v4	AF-A0A7X0RI48-F1-model_v4 CARDB domain-containing protein	3.577E-04	1.000	141	603	721	721	47	165	713	132	0.165	0.167
LOKIASV2_3307_ESMFold_glycoside_hydrolase_family_3_C-terminal_domain-containing_protein	AF-A0A7C5VLJ9-F1-model_v4	AF-A0A7C5VLJ9-F1-model_v4 DUF1616 domain-containing protein	7.003E-04	1.000	139	603	721	721	52	173	175	137	0.165	0.697
LOKIASV2_3307_ESMFold_glycoside_hydrolase_family_3_C-terminal_domain-containing_protein	AF-A0A3A4NRD7-F1-model_v4	AF-A0A3A4NRD7-F1-model_v4 Right-handed parallel beta-helix repeat-containing protein	2.286E-04	1.000	138	586	721	721	365	496	497	143	0.189	0.266
LOKIASV2_3307_ESMFold_glycoside_hydrolase_family_3_C-terminal_domain-containing_protein	AF-A0A6L8CKW9-F1-model_v4	AF-A0A6L8CKW9-F1-model_v4 Uncharacterized protein	1.159E-03	1.000	137	603	721	721	380	493	578	130	0.165	0.197
LOKIASV2_3307_ESMFold_glycoside_hydrolase_family_3_C-terminal_domain-containing_protein	AF-A0A0S8IZV0-F1-model_v4	AF-A0A0S8IZV0-F1-model_v4 Uncharacterized protein	4.475E-04	1.000	135	603	721	721	693	807	1062	130	0.165	0.108
LOKIASV2_3307_ESMFold_glycoside_hydrolase_family_3_C-terminal_domain-containing_protein	AF-A0A257AKI8-F1-model_v4	AF-A0A257AKI8-F1-model_v4 Uncharacterized protein	1.036E-03	1.000	132	603	721	721	290	400	447	124	0.165	0.248
LOKIASV2_3307_ESMFold_glycoside_hydrolase_family_3_C-terminal_domain-containing_protein	AF-A0A256YSG5-F1-model_v4	AF-A0A256YSG5-F1-model_v4 Uncharacterized protein	3.754E-03	1.000	128	605	721	721	352	456	588	122	0.162	0.179
LOKIASV2_3307_ESMFold_glycoside_hydrolase_family_3_C-terminal_domain-containing_protein	AF-A0A7X1GN13-F1-model_v4	AF-A0A7X1GN13-F1-model_v4 Uncharacterized protein	3.174E-03	1.000	126	605	721	721	72	180	201	128	0.162	0.542
LOKIASV2_3307_ESMFold_glycoside_hydrolase_family_3_C-terminal_domain-containing_protein	AF-A0A6P1M8Q0-F1-model_v4	AF-A0A6P1M8Q0-F1-model_v4 Uncharacterized protein	1.715E-03	1.000	123	605	719	721	38	126	138	115	0.160	0.645
LOKIASV2_3307_ESMFold_glycoside_hydrolase_family_3_C-terminal_domain-containing_protein	AF-A0A3M1XXR3-F1-model_v4	AF-A0A3M1XXR3-F1-model_v4 SH3 domain-containing protein	1.159E-03	1.000	122	603	721	721	274	387	393	132	0.165	0.290
LOKIASV2_3307_ESMFold_glycoside_hydrolase_family_3_C-terminal_domain-containing_protein	AF-V9KHG5-F1-model_v4	AF-V9KHG5-F1-model_v4 Coagulation factor XIII, A1 polypeptide	1.715E-03	1.000	122	605	721	721	478	589	687	127	0.162	0.163
LOKIASV2_3307_ESMFold_glycoside_hydrolase_family_3_C-terminal_domain-containing_protein	AF-A0A497PHS3-F1-model_v4	AF-A0A497PHS3-F1-model_v4 Cohesin domain-containing protein	4.232E-04	1.000	122	605	720	721	663	773	776	129	0.161	0.143
LOKIASV2_3307_ESMFold_glycoside_hydrolase_family_3_C-terminal_domain-containing_protein	AF-A0A662G3K6-F1-model_v4	AF-A0A662G3K6-F1-model_v4 DUF1616 domain-containing protein	1.918E-03	1.000	121	603	721	721	187	308	313	134	0.165	0.390
LOKIASV2_3307_ESMFold_glycoside_hydrolase_family_3_C-terminal_domain-containing_protein	AF-A0A7J2VVN9-F1-model_v4	AF-A0A7J2VVN9-F1-model_v4 Uncharacterized protein	8.218E-03	1.000	117	603	721	721	38	140	411	122	0.165	0.251
LOKIASV2_3307_ESMFold_glycoside_hydrolase_family_3_C-terminal_domain-containing_protein	AF-A0A3R7HV17-F1-model_v4	AF-A0A3R7HV17-F1-model_v4 Uncharacterized protein	2.268E-03	1.000	115	598	718	721	732	859	1068	137	0.168	0.120
LOKIASV2_3307_ESMFold_glycoside_hydrolase_family_3_C-terminal_domain-containing_protein	AF-V9VGV4-F1-model_v4	AF-V9VGV4-F1-model_v4 Transglutaminase	8.760E-04	1.000	114	603	721	721	157	266	368	123	0.165	0.299
LOKIASV2_3307_ESMFold_glycoside_hydrolase_family_3_C-terminal_domain-containing_protein	AF-A0A1G1X2U1-F1-model_v4	AF-A0A1G1X2U1-F1-model_v4 Uncharacterized protein	1.096E-03	1.000	112	586	720	721	169	277	423	137	0.187	0.258
LOKIASV2_3307_ESMFold_glycoside_hydrolase_family_3_C-terminal_domain-containing_protein	AF-A0A662YLY0-F1-model_v4	AF-A0A662YLY0-F1-model_v4 Coagulation factor XIII A chain	1.087E-02	1.000	112	605	721	721	337	442	557	122	0.162	0.190
LOKIASV2_3307_ESMFold_glycoside_hydrolase_family_3_C-terminal_domain-containing_protein	AF-A0A6G0ZMC0-F1-model_v4	AF-A0A6G0ZMC0-F1-model_v4 Hemocyte protein-glutamine gamma-glutamyltransferase-like	4.198E-03	1.000	111	605	720	721	526	634	735	120	0.161	0.148
LOKIASV2_3307_ESMFold_glycoside_hydrolase_family_3_C-terminal_domain-containing_protein	AF-A0A7Y5FL38-F1-model_v4	AF-A0A7Y5FL38-F1-model_v4 Lamin tail domain-containing protein	3.174E-03	1.000	110	600	721	721	449	571	839	137	0.169	0.147
LOKIASV2_3307_ESMFold_glycoside_hydrolase_family_3_C-terminal_domain-containing_protein	AF-U6DF02-F1-model_v4	AF-U6DF02-F1-model_v4 Protein-glutamine gamma-glutamyltransferase K	3.783E-04	1.000	109	568	721	721	288	437	565	167	0.214	0.265
LOKIASV2_3307_ESMFold_glycoside_hydrolase_family_3_C-terminal_domain-containing_protein	AF-A0A060Y7Q0-F1-model_v4	AF-A0A060Y7Q0-F1-model_v4 TGc domain-containing protein	3.356E-03	1.000	106	603	721	721	235	347	447	128	0.165	0.253
LOKIASV2_3307_ESMFold_glycoside_hydrolase_family_3_C-terminal_domain-containing_protein	AF-A0A7V3G0Q2-F1-model_v4	AF-A0A7V3G0Q2-F1-model_v4 VWA domain-containing protein	1.673E-07	1.000	105	292	721	721	49	371	659	463	0.596	0.490
LOKIASV2_3307_ESMFold_glycoside_hydrolase_family_3_C-terminal_domain-containing_protein	AF-F0SL54-F1-model_v4	AF-F0SL54-F1-model_v4 Double-transmembrane region domain protein	3.692E-08	1.000	104	288	721	721	118	431	831	466	0.602	0.378
LOKIASV2_3307_ESMFold_glycoside_hydrolase_family_3_C-terminal_domain-containing_protein	AF-A0A0F9L1S9-F1-model_v4	AF-A0A0F9L1S9-F1-model_v4 Uncharacterized protein	5.554E-03	1.000	100	603	720	721	189	309	312	139	0.164	0.388
LOKIASV2_3307_ESMFold_glycoside_hydrolase_family_3_C-terminal_domain-containing_protein	AF-A0A821DDL0-F1-model_v4	AF-A0A821DDL0-F1-model_v4 (mimic poison frog) hypothetical protein	1.360E-02	0.999	99	605	719	721	272	375	482	118	0.160	0.216
LOKIASV2_3307_ESMFold_glycoside_hydrolase_family_3_C-terminal_domain-containing_protein	AF-A0A674H2L7-F1-model_v4	AF-A0A674H2L7-F1-model_v4 Transglutaminase 1	4.232E-04	0.999	99	568	721	721	445	598	743	167	0.214	0.207
LOKIASV2_3307_ESMFold_glycoside_hydrolase_family_3_C-terminal_domain-containing_protein	AF-A0A1L8EMG3-F1-model_v4	AF-A0A1L8EMG3-F1-model_v4 Uncharacterized protein	4.198E-03	0.999	98	603	719	721	172	276	383	120	0.162	0.274
LOKIASV2_3307_ESMFold_glycoside_hydrolase_family_3_C-terminal_domain-containing_protein	AF-A0A498P5N1-F1-model_v4	AF-A0A498P5N1-F1-model_v4 Glutamine gamma-glutamyltransferase	1.609E-02	0.999	96	609	721	721	50	159	271	116	0.157	0.406
LOKIASV2_3307_ESMFold_glycoside_hydrolase_family_3_C-terminal_domain-containing_protein	AF-A0A6B0REI0-F1-model_v4	AF-A0A6B0REI0-F1-model_v4 TGc domain-containing protein	9.264E-04	0.999	96	568	720	721	493	642	750	164	0.212	0.200
LOKIASV2_3307_ESMFold_glycoside_hydrolase_family_3_C-terminal_domain-containing_protein	AF-A0A060Z585-F1-model_v4	AF-A0A060Z585-F1-model_v4 Uncharacterized protein	4.659E-02	0.998	94	605	721	721	51	161	260	125	0.162	0.427
LOKIASV2_3307_ESMFold_glycoside_hydrolase_family_3_C-terminal_domain-containing_protein	AF-A0A0S7GSK4-F1-model_v4	AF-A0A0S7GSK4-F1-model_v4 TGM1	2.145E-03	0.997	92	567	721	721	231	382	482	163	0.215	0.315
LOKIASV2_3307_ESMFold_glycoside_hydrolase_family_3_C-terminal_domain-containing_protein	AF-A0A7Y5FA68-F1-model_v4	AF-A0A7Y5FA68-F1-model_v4 BatA domain-containing protein	2.726E-05	0.997	91	339	721	721	68	340	716	405	0.531	0.381
LOKIASV2_3307_ESMFold_glycoside_hydrolase_family_3_C-terminal_domain-containing_protein	AF-A0A443RGS0-F1-model_v4	AF-A0A443RGS0-F1-model_v4 Hemocyte protein-glutamine gamma-glutamyltransferase-like protein	2.837E-03	0.996	90	568	720	721	345	494	592	164	0.212	0.253
LOKIASV2_3307_ESMFold_glycoside_hydrolase_family_3_C-terminal_domain-containing_protein	AF-A0A3M6UT22-F1-model_v4	AF-A0A3M6UT22-F1-model_v4 TGc domain-containing protein	1.371E-03	0.996	90	570	721	721	837	985	1087	163	0.211	0.137
LOKIASV2_3307_ESMFold_glycoside_hydrolase_family_3_C-terminal_domain-containing_protein	AF-A0A832MA86-F1-model_v4	AF-A0A832MA86-F1-model_v4 Uncharacterized protein	7.771E-03	0.996	89	603	720	721	26	129	503	124	0.164	0.207
LOKIASV2_3307_ESMFold_glycoside_hydrolase_family_3_C-terminal_domain-containing_protein	AF-A0A803Y4R6-F1-model_v4	AF-A0A803Y4R6-F1-model_v4 Uncharacterized protein	3.356E-03	0.994	87	568	721	721	381	538	641	171	0.214	0.246
LOKIASV2_3307_ESMFold_glycoside_hydrolase_family_3_C-terminal_domain-containing_protein	AF-A0A498L826-F1-model_v4	AF-A0A498L826-F1-model_v4 Coagulation factor XIII A chain-like protein	4.696E-03	0.994	87	568	721	721	529	677	921	162	0.214	0.162
LOKIASV2_3307_ESMFold_glycoside_hydrolase_family_3_C-terminal_domain-containing_protein	AF-A0A452UWC7-F1-model_v4	AF-A0A452UWC7-F1-model_v4 Coagulation factor XIII A chain	1.521E-02	0.993	86	568	721	721	416	567	670	167	0.214	0.227
LOKIASV2_3307_ESMFold_glycoside_hydrolase_family_3_C-terminal_domain-containing_protein	AF-A0A673KCA5-F1-model_v4	AF-A0A673KCA5-F1-model_v4 Coagulation factor XIII A chain-like	1.799E-02	0.992	85	610	721	721	487	595	693	127	0.155	0.157
LOKIASV2_3307_ESMFold_glycoside_hydrolase_family_3_C-terminal_domain-containing_protein	AF-C3YD44-F1-model_v4	AF-C3YD44-F1-model_v4 TGc domain-containing protein	4.696E-03	0.990	83	568	721	721	480	628	739	166	0.214	0.202
LOKIASV2_3307_ESMFold_glycoside_hydrolase_family_3_C-terminal_domain-containing_protein	AF-A0A498LXK5-F1-model_v4	AF-A0A498LXK5-F1-model_v4 Coagulation factor XIII A chain-like protein	3.970E-03	0.986	81	568	721	721	506	654	907	162	0.214	0.164
LOKIASV2_3307_ESMFold_glycoside_hydrolase_family_3_C-terminal_domain-containing_protein	AF-A0A401SSS4-F1-model_v4	AF-A0A401SSS4-F1-model_v4 TGc domain-containing protein	3.330E-02	0.971	76	570	721	721	444	586	688	164	0.211	0.208
LOKIASV2_3307_ESMFold_glycoside_hydrolase_family_3_C-terminal_domain-containing_protein	AF-A0A7I4ECQ5-F1-model_v4	AF-A0A7I4ECQ5-F1-model_v4 Uncharacterized protein	6.163E-02	0.933	70	610	719	721	90	199	765	120	0.153	0.144
