LOKIASV2_4485_ESMFold_acetyl-CoA_C-acetyltransferase	AF-E4KQS8-F1-model_v4	AF-E4KQS8-F1-model_v4 Acetyl-CoA C-acetyltransferase	4.049E-68	1.000	2492	1	394	394	1	393	393	394	1.000	1.000
LOKIASV2_4485_ESMFold_acetyl-CoA_C-acetyltransferase	AF-A0A7V3RWZ0-F1-model_v4	AF-A0A7V3RWZ0-F1-model_v4 Acetyl-CoA C-acetyltransferase	4.049E-68	1.000	2473	1	393	394	1	390	392	393	0.997	0.995
LOKIASV2_4485_ESMFold_acetyl-CoA_C-acetyltransferase	AF-A0A0G3EQA5-F1-model_v4	AF-A0A0G3EQA5-F1-model_v4 Acetyl-CoA acetyltransferase	8.642E-68	1.000	2465	1	394	394	1	392	393	394	1.000	0.997
LOKIASV2_4485_ESMFold_acetyl-CoA_C-acetyltransferase	AF-A0A807EWL8-F1-model_v4	AF-A0A807EWL8-F1-model_v4 Acetyl-CoA acetyltransferase	1.732E-67	1.000	2461	1	394	394	1	392	393	394	1.000	0.997
LOKIASV2_4485_ESMFold_acetyl-CoA_C-acetyltransferase	AF-A0A1H9CNY3-F1-model_v4	AF-A0A1H9CNY3-F1-model_v4 Acetyl-CoA acetyltransferase	2.871E-67	1.000	2441	2	393	394	3	392	394	392	0.995	0.990
LOKIASV2_4485_ESMFold_acetyl-CoA_C-acetyltransferase	AF-A0A1B2F7H3-F1-model_v4	AF-A0A1B2F7H3-F1-model_v4 Acetyl-CoA acetyltransferase	2.168E-66	1.000	2420	1	394	394	1	392	392	394	1.000	1.000
LOKIASV2_4485_ESMFold_acetyl-CoA_C-acetyltransferase	AF-A0A3N8XLN5-F1-model_v4	AF-A0A3N8XLN5-F1-model_v4 Acetyl-CoA C-acetyltransferase	1.484E-66	1.000	2417	6	394	394	2	388	388	389	0.987	0.997
LOKIASV2_4485_ESMFold_acetyl-CoA_C-acetyltransferase	AF-A0A365VT69-F1-model_v4	AF-A0A365VT69-F1-model_v4 Acetyl-CoA C-acyltransferase	5.594E-66	1.000	2412	1	394	394	1	392	392	394	1.000	1.000
LOKIASV2_4485_ESMFold_acetyl-CoA_C-acetyltransferase	AF-A0A7Y0C485-F1-model_v4	AF-A0A7Y0C485-F1-model_v4 Acetyl-CoA C-acetyltransferase	9.879E-66	1.000	2381	1	394	394	1	392	392	394	1.000	1.000
LOKIASV2_4485_ESMFold_acetyl-CoA_C-acetyltransferase	AF-A0A3Q8TY80-F1-model_v4	AF-A0A3Q8TY80-F1-model_v4 Acetyl-CoA C-acyltransferase	6.575E-65	1.000	2380	1	394	394	1	392	392	394	1.000	1.000
LOKIASV2_4485_ESMFold_acetyl-CoA_C-acetyltransferase	AF-A0A0C5S5G0-F1-model_v4	AF-A0A0C5S5G0-F1-model_v4 Acetyl-CoA acetyltransferase	3.724E-65	1.000	2375	1	394	394	1	392	392	394	1.000	1.000
LOKIASV2_4485_ESMFold_acetyl-CoA_C-acetyltransferase	AF-A0A4Y1KEZ2-F1-model_v4	AF-A0A4Y1KEZ2-F1-model_v4 Acetyl-CoA C-acyltransferase	4.794E-65	1.000	2370	1	394	394	1	392	392	394	1.000	1.000
LOKIASV2_4485_ESMFold_acetyl-CoA_C-acetyltransferase	AF-A0A536UW38-F1-model_v4	AF-A0A536UW38-F1-model_v4 Acetyl-CoA C-acetyltransferase	7.461E-65	1.000	2360	2	394	394	4	394	394	393	0.997	0.992
LOKIASV2_4485_ESMFold_acetyl-CoA_C-acetyltransferase	AF-A0A3E1RHK9-F1-model_v4	AF-A0A3E1RHK9-F1-model_v4 Acetyl-CoA C-acetyltransferase	5.795E-65	1.000	2359	1	394	394	1	392	392	394	1.000	1.000
LOKIASV2_4485_ESMFold_acetyl-CoA_C-acetyltransferase	AF-A0A8B5SU79-F1-model_v4	AF-A0A8B5SU79-F1-model_v4 Acetyl-CoA C-acetyltransferase	4.966E-64	1.000	2337	1	394	394	1	393	393	394	1.000	1.000
LOKIASV2_4485_ESMFold_acetyl-CoA_C-acetyltransferase	AF-A0A660T385-F1-model_v4	AF-A0A660T385-F1-model_v4 Acetyl-CoA C-acyltransferase	2.478E-64	1.000	2333	1	393	394	1	391	393	393	0.997	0.995
LOKIASV2_4485_ESMFold_acetyl-CoA_C-acetyltransferase	AF-A0A1W9TSE9-F1-model_v4	AF-A0A1W9TSE9-F1-model_v4 Acetyl-CoA acetyltransferase	4.501E-65	1.000	2326	1	393	394	1	404	432	406	0.997	0.935
LOKIASV2_4485_ESMFold_acetyl-CoA_C-acetyltransferase	AF-A0A486SNI2-F1-model_v4	AF-A0A486SNI2-F1-model_v4 3-ketoacyl-CoA thiolase	1.060E-63	1.000	2320	1	394	394	1	393	393	394	1.000	1.000
LOKIASV2_4485_ESMFold_acetyl-CoA_C-acetyltransferase	AF-A0A0R2I7K6-F1-model_v4	AF-A0A0R2I7K6-F1-model_v4 Acetyl-CoA acetyltransferase	5.290E-64	1.000	2293	1	393	394	1	387	389	393	0.997	0.995
LOKIASV2_4485_ESMFold_acetyl-CoA_C-acetyltransferase	AF-U2CD44-F1-model_v4	AF-U2CD44-F1-model_v4 Acetyl-CoA C-acetyltransferase	2.735E-63	1.000	2284	2	394	394	54	443	444	393	0.997	0.878
LOKIASV2_4485_ESMFold_acetyl-CoA_C-acetyltransferase	AF-A0A6A5LC67-F1-model_v4	AF-A0A6A5LC67-F1-model_v4 Uncharacterized protein	4.256E-63	1.000	2279	1	394	394	1	391	437	394	1.000	0.895
LOKIASV2_4485_ESMFold_acetyl-CoA_C-acetyltransferase	AF-M3LYS1-F1-model_v4	AF-M3LYS1-F1-model_v4 Acetyl-CoA C-acetyltransferase	7.516E-63	1.000	2274	1	394	394	1	390	391	394	1.000	0.997
LOKIASV2_4485_ESMFold_acetyl-CoA_C-acetyltransferase	AF-E3TDP3-F1-model_v4	AF-E3TDP3-F1-model_v4 Cytosolic acetyl-CoA acetyltransferase	1.031E-62	1.000	2269	1	393	394	1	391	393	393	0.997	0.995
LOKIASV2_4485_ESMFold_acetyl-CoA_C-acetyltransferase	AF-A0A0C1H0Q9-F1-model_v4	AF-A0A0C1H0Q9-F1-model_v4 Acetyl-CoA acetyltransferase	1.098E-62	1.000	2264	1	393	394	1	390	392	393	0.997	0.995
LOKIASV2_4485_ESMFold_acetyl-CoA_C-acetyltransferase	AF-A0A1H3I3W1-F1-model_v4	AF-A0A1H3I3W1-F1-model_v4 Acetyl-CoA acetyltransferase	8.528E-63	1.000	2258	1	393	394	1	396	398	397	0.997	0.995
LOKIASV2_4485_ESMFold_acetyl-CoA_C-acetyltransferase	AF-A0A438YYR5-F1-model_v4	AF-A0A438YYR5-F1-model_v4 Acetyl-CoA C-acetyltransferase	2.660E-62	1.000	2256	1	394	394	1	390	391	394	1.000	0.997
LOKIASV2_4485_ESMFold_acetyl-CoA_C-acetyltransferase	AF-A0A7V5FJ50-F1-model_v4	AF-A0A7V5FJ50-F1-model_v4 Acetyl-CoA C-acetyltransferase	5.837E-63	1.000	2250	1	391	394	1	388	389	391	0.992	0.997
LOKIASV2_4485_ESMFold_acetyl-CoA_C-acetyltransferase	AF-T0F124-F1-model_v4	AF-T0F124-F1-model_v4 Acetyl-CoA acetyltransferase	5.329E-62	1.000	2247	1	394	394	1	390	391	394	1.000	0.997
LOKIASV2_4485_ESMFold_acetyl-CoA_C-acetyltransferase	AF-A0A151WLU0-F1-model_v4	AF-A0A151WLU0-F1-model_v4 Acetyl-CoA acetyltransferase, cytosolic	8.835E-62	1.000	2243	2	393	394	48	436	438	392	0.995	0.888
LOKIASV2_4485_ESMFold_acetyl-CoA_C-acetyltransferase	AF-A0A239H147-F1-model_v4	AF-A0A239H147-F1-model_v4 Acetyl-CoA acetyltransferase	6.047E-62	1.000	2242	1	394	394	1	390	390	394	1.000	1.000
LOKIASV2_4485_ESMFold_acetyl-CoA_C-acetyltransferase	AF-A0A2E2ZQR3-F1-model_v4	AF-A0A2E2ZQR3-F1-model_v4 Acetyl-CoA C-acyltransferase	9.411E-62	1.000	2242	1	394	394	1	390	390	394	1.000	1.000
LOKIASV2_4485_ESMFold_acetyl-CoA_C-acetyltransferase	AF-A0A438YSF8-F1-model_v4	AF-A0A438YSF8-F1-model_v4 Acetyl-CoA C-acetyltransferase	1.291E-61	1.000	2234	1	394	394	1	390	391	394	1.000	0.997
LOKIASV2_4485_ESMFold_acetyl-CoA_C-acetyltransferase	AF-A3YAS2-F1-model_v4	AF-A3YAS2-F1-model_v4 Thiolase	5.329E-62	1.000	2231	1	394	394	1	391	391	394	1.000	1.000
LOKIASV2_4485_ESMFold_acetyl-CoA_C-acetyltransferase	AF-A0A4R2JQC4-F1-model_v4	AF-A0A4R2JQC4-F1-model_v4 Acetyl-CoA C-acetyltransferase	1.212E-61	1.000	2225	1	393	394	1	390	392	393	0.997	0.995
LOKIASV2_4485_ESMFold_acetyl-CoA_C-acetyltransferase	AF-A0A0C1QWT9-F1-model_v4	AF-A0A0C1QWT9-F1-model_v4 Acetyl-CoA acetyltransferase	1.068E-61	1.000	2224	3	394	394	2	389	389	392	0.995	0.997
LOKIASV2_4485_ESMFold_acetyl-CoA_C-acetyltransferase	AF-A0A482XLA5-F1-model_v4	AF-A0A482XLA5-F1-model_v4 Uncharacterized protein	2.935E-61	1.000	2224	3	394	394	5	394	395	392	0.995	0.987
LOKIASV2_4485_ESMFold_acetyl-CoA_C-acetyltransferase	AF-A0A6P5VQ31-F1-model_v4	AF-A0A6P5VQ31-F1-model_v4 uncharacterized protein LOC111076931	1.375E-61	1.000	2221	1	393	394	1	389	392	393	0.997	0.992
LOKIASV2_4485_ESMFold_acetyl-CoA_C-acetyltransferase	AF-A0A438V4L6-F1-model_v4	AF-A0A438V4L6-F1-model_v4 Acetyl-CoA C-acetyltransferase	1.068E-61	1.000	2220	1	394	394	1	390	391	395	1.000	0.997
LOKIASV2_4485_ESMFold_acetyl-CoA_C-acetyltransferase	AF-X6JLH6-F1-model_v4	AF-X6JLH6-F1-model_v4 Acetyl-CoA acetyltransferase	1.465E-61	1.000	2216	2	393	394	4	391	447	392	0.995	0.868
LOKIASV2_4485_ESMFold_acetyl-CoA_C-acetyltransferase	AF-A0A195FCP4-F1-model_v4	AF-A0A195FCP4-F1-model_v4 Acetyl-CoA acetyltransferase, cytosolic	6.264E-61	1.000	2210	2	393	394	278	666	668	392	0.995	0.582
LOKIASV2_4485_ESMFold_acetyl-CoA_C-acetyltransferase	AF-A0A527TTH3-F1-model_v4	AF-A0A527TTH3-F1-model_v4 Acetyl-CoA C-acetyltransferase	7.571E-61	1.000	2206	1	394	394	1	391	391	394	1.000	1.000
LOKIASV2_4485_ESMFold_acetyl-CoA_C-acetyltransferase	AF-A0A0D5BJ23-F1-model_v4	AF-A0A0D5BJ23-F1-model_v4 Acetyl-CoA acetyltransferase	8.835E-62	1.000	2203	1	393	394	1	390	392	393	0.997	0.995
LOKIASV2_4485_ESMFold_acetyl-CoA_C-acetyltransferase	AF-A0A0S3QSZ9-F1-model_v4	AF-A0A0S3QSZ9-F1-model_v4 Acetyl-CoA C-acetyltransferase	2.755E-61	1.000	2195	1	393	394	1	390	392	393	0.997	0.995
LOKIASV2_4485_ESMFold_acetyl-CoA_C-acetyltransferase	AF-A0A7C6G077-F1-model_v4	AF-A0A7C6G077-F1-model_v4 Acetyl-CoA C-acetyltransferase	7.309E-62	1.000	2193	1	393	394	1	394	396	398	0.997	0.995
LOKIASV2_4485_ESMFold_acetyl-CoA_C-acetyltransferase	AF-A0A7T1P4X5-F1-model_v4	AF-A0A7T1P4X5-F1-model_v4 Acetyl-CoA C-acetyltransferase	2.586E-61	1.000	2188	1	393	394	1	389	394	393	0.997	0.987
LOKIASV2_4485_ESMFold_acetyl-CoA_C-acetyltransferase	AF-A0A5M8SGD5-F1-model_v4	AF-A0A5M8SGD5-F1-model_v4 Acetyl-CoA C-acetyltransferase	1.834E-60	1.000	2177	1	393	394	1	393	395	395	0.997	0.995
LOKIASV2_4485_ESMFold_acetyl-CoA_C-acetyltransferase	AF-A0A1V4WLF7-F1-model_v4	AF-A0A1V4WLF7-F1-model_v4 Acetyl-CoA acetyltransferase	2.515E-60	1.000	2176	1	393	394	1	425	428	427	0.997	0.993
LOKIASV2_4485_ESMFold_acetyl-CoA_C-acetyltransferase	AF-A0A530ZK43-F1-model_v4	AF-A0A530ZK43-F1-model_v4 Acetyl-CoA C-acetyltransferase	2.515E-60	1.000	2171	2	393	394	3	390	392	392	0.995	0.990
LOKIASV2_4485_ESMFold_acetyl-CoA_C-acetyltransferase	AF-A0A6A0H103-F1-model_v4	AF-A0A6A0H103-F1-model_v4 Uncharacterized protein	9.152E-61	1.000	2167	1	393	394	1	390	586	395	0.997	0.666
LOKIASV2_4485_ESMFold_acetyl-CoA_C-acetyltransferase	AF-A0A1C5LAG1-F1-model_v4	AF-A0A1C5LAG1-F1-model_v4 Acetyl-CoA acetyltransferase	1.834E-60	1.000	2159	1	394	394	1	404	404	409	1.000	1.000
LOKIASV2_4485_ESMFold_acetyl-CoA_C-acetyltransferase	AF-A0A1V6IKQ0-F1-model_v4	AF-A0A1V6IKQ0-F1-model_v4 Acetyl-CoA acetyltransferase	4.441E-60	1.000	2145	1	393	394	75	498	501	427	0.997	0.846
LOKIASV2_4485_ESMFold_acetyl-CoA_C-acetyltransferase	AF-A0A099SA06-F1-model_v4	AF-A0A099SA06-F1-model_v4 Acetyl-CoA acetyltransferase	8.355E-60	1.000	2139	1	394	394	1	391	393	394	1.000	0.995
LOKIASV2_4485_ESMFold_acetyl-CoA_C-acetyltransferase	AF-A0A4P8II95-F1-model_v4	AF-A0A4P8II95-F1-model_v4 3-ketoacyl-CoA thiolase-Acetyl-CoA acetyltransferase	8.900E-60	1.000	2126	18	394	394	2	375	376	377	0.957	0.995
LOKIASV2_4485_ESMFold_acetyl-CoA_C-acetyltransferase	AF-A0A2S7WVG6-F1-model_v4	AF-A0A2S7WVG6-F1-model_v4 Acetyl-CoA acetyltransferase	2.155E-59	1.000	2124	1	393	394	1	389	391	393	0.997	0.995
LOKIASV2_4485_ESMFold_acetyl-CoA_C-acetyltransferase	AF-A0A6M1U6F1-F1-model_v4	AF-A0A6M1U6F1-F1-model_v4 Acetyl-CoA C-acetyltransferase	1.783E-59	1.000	2123	1	394	394	1	390	390	394	1.000	1.000
LOKIASV2_4485_ESMFold_acetyl-CoA_C-acetyltransferase	AF-A0A496PSX3-F1-model_v4	AF-A0A496PSX3-F1-model_v4 Acetyl-CoA C-acyltransferase	5.221E-59	1.000	2122	3	394	394	6	396	397	393	0.995	0.985
LOKIASV2_4485_ESMFold_acetyl-CoA_C-acetyltransferase	AF-A0A0C1NVX7-F1-model_v4	AF-A0A0C1NVX7-F1-model_v4 Acetyl-CoA acetyltransferase	2.775E-59	1.000	2119	1	393	394	1	427	429	430	0.997	0.995
LOKIASV2_4485_ESMFold_acetyl-CoA_C-acetyltransferase	AF-A0A1G3UMG6-F1-model_v4	AF-A0A1G3UMG6-F1-model_v4 Acetyl-CoA acetyltransferase	1.114E-58	1.000	2104	1	394	394	1	425	426	429	1.000	0.998
LOKIASV2_4485_ESMFold_acetyl-CoA_C-acetyltransferase	AF-A0A4Q3RAY0-F1-model_v4	AF-A0A4Q3RAY0-F1-model_v4 Acetyl-CoA C-acyltransferase	1.572E-59	1.000	2097	2	393	394	4	393	395	396	0.995	0.987
LOKIASV2_4485_ESMFold_acetyl-CoA_C-acetyltransferase	AF-A0A136Q021-F1-model_v4	AF-A0A136Q021-F1-model_v4 Acetyl-CoA C-acetyltransferase	1.114E-58	1.000	2096	1	394	394	2	393	395	394	1.000	0.992
LOKIASV2_4485_ESMFold_acetyl-CoA_C-acetyltransferase	AF-A0A078L512-F1-model_v4	AF-A0A078L512-F1-model_v4 Acetyl-CoA acetyltransferase	2.699E-58	1.000	2089	1	393	394	1	390	392	393	0.997	0.995
LOKIASV2_4485_ESMFold_acetyl-CoA_C-acetyltransferase	AF-A0A1V5ZU56-F1-model_v4	AF-A0A1V5ZU56-F1-model_v4 Acetyl-CoA acetyltransferase	1.114E-58	1.000	2086	1	394	394	1	391	392	394	1.000	0.997
LOKIASV2_4485_ESMFold_acetyl-CoA_C-acetyltransferase	AF-A0A660QQ77-F1-model_v4	AF-A0A660QQ77-F1-model_v4 Acetyl-CoA C-acyltransferase	1.572E-59	1.000	2081	1	388	394	1	393	394	396	0.985	0.997
LOKIASV2_4485_ESMFold_acetyl-CoA_C-acetyltransferase	AF-A0A0R2EZM6-F1-model_v4	AF-A0A0R2EZM6-F1-model_v4 Acetyl-CoA acetyltransferase	2.096E-58	1.000	2080	1	393	394	1	389	392	393	0.997	0.992
LOKIASV2_4485_ESMFold_acetyl-CoA_C-acetyltransferase	AF-F2LY44-F1-model_v4	AF-F2LY44-F1-model_v4 Acetyl-CoA acetyltransferase	3.475E-58	1.000	2059	1	393	394	1	389	391	393	0.997	0.995
LOKIASV2_4485_ESMFold_acetyl-CoA_C-acetyltransferase	AF-A0A151IVZ5-F1-model_v4	AF-A0A151IVZ5-F1-model_v4 Acetyl-CoA acetyltransferase, cytosolic	5.259E-57	1.000	2057	2	393	394	71	467	469	400	0.995	0.846
LOKIASV2_4485_ESMFold_acetyl-CoA_C-acetyltransferase	AF-A0A2B0TUA2-F1-model_v4	AF-A0A2B0TUA2-F1-model_v4 Acetyl-CoA C-acyltransferase	1.583E-57	1.000	2055	1	393	394	1	389	391	393	0.997	0.995
LOKIASV2_4485_ESMFold_acetyl-CoA_C-acetyltransferase	AF-A0A2E5RB10-F1-model_v4	AF-A0A2E5RB10-F1-model_v4 Acetyl-CoA C-acyltransferase	2.038E-57	1.000	2051	1	394	394	1	392	392	394	1.000	1.000
LOKIASV2_4485_ESMFold_acetyl-CoA_C-acetyltransferase	AF-J8J5M6-F1-model_v4	AF-J8J5M6-F1-model_v4 Acetyl-CoA C-acetyltransferase	2.978E-57	1.000	2047	1	393	394	1	389	391	393	0.997	0.995
LOKIASV2_4485_ESMFold_acetyl-CoA_C-acetyltransferase	AF-A0A2A7IN05-F1-model_v4	AF-A0A2A7IN05-F1-model_v4 Acetyl-CoA C-acetyltransferase	2.796E-57	1.000	2045	1	393	394	1	389	391	393	0.997	0.995
LOKIASV2_4485_ESMFold_acetyl-CoA_C-acetyltransferase	AF-A0A0L6Z643-F1-model_v4	AF-A0A0L6Z643-F1-model_v4 Acetyl-CoA acetyltransferase	4.084E-57	1.000	2043	1	394	394	1	391	392	394	1.000	0.997
LOKIASV2_4485_ESMFold_acetyl-CoA_C-acetyltransferase	AF-A0A3A5UMB3-F1-model_v4	AF-A0A3A5UMB3-F1-model_v4 Acetyl-CoA C-acyltransferase	8.184E-57	1.000	2029	2	394	394	4	396	397	395	0.997	0.990
LOKIASV2_4485_ESMFold_acetyl-CoA_C-acetyltransferase	AF-A0A0U4WDG9-F1-model_v4	AF-A0A0U4WDG9-F1-model_v4 Acetyl-CoA acetyltransferase	5.077E-58	1.000	2021	2	393	394	6	397	399	394	0.995	0.982
LOKIASV2_4485_ESMFold_acetyl-CoA_C-acetyltransferase	AF-A0A1W9PXL4-F1-model_v4	AF-A0A1W9PXL4-F1-model_v4 Acetyl-CoA acetyltransferase	2.112E-56	1.000	2019	1	394	394	1	416	417	418	1.000	0.998
LOKIASV2_4485_ESMFold_acetyl-CoA_C-acetyltransferase	AF-A0A534J380-F1-model_v4	AF-A0A534J380-F1-model_v4 Thiolase family protein	4.351E-57	1.000	2018	2	393	394	4	392	394	392	0.995	0.987
LOKIASV2_4485_ESMFold_acetyl-CoA_C-acetyltransferase	AF-A0A346Y1Q5-F1-model_v4	AF-A0A346Y1Q5-F1-model_v4 3-ketoacyl-CoA thiolase	1.054E-56	1.000	2015	1	393	394	1	391	393	394	0.997	0.995
LOKIASV2_4485_ESMFold_acetyl-CoA_C-acetyltransferase	AF-A0A5S9YC31-F1-model_v4	AF-A0A5S9YC31-F1-model_v4 Uncharacterized protein	3.972E-56	1.000	1995	3	394	394	79	469	470	393	0.995	0.832
LOKIASV2_4485_ESMFold_acetyl-CoA_C-acetyltransferase	AF-A0A673MS75-F1-model_v4	AF-A0A673MS75-F1-model_v4 Acetyl-CoA acetyltransferase, mitochondrial	1.054E-56	1.000	1992	1	393	394	69	455	457	395	0.997	0.847
LOKIASV2_4485_ESMFold_acetyl-CoA_C-acetyltransferase	AF-A0A1W2BKQ9-F1-model_v4	AF-A0A1W2BKQ9-F1-model_v4 Acetyl-CoA C-acetyltransferase	7.472E-56	1.000	1987	3	393	394	5	393	395	391	0.992	0.985
LOKIASV2_4485_ESMFold_acetyl-CoA_C-acetyltransferase	AF-A0A7W8H9B7-F1-model_v4	AF-A0A7W8H9B7-F1-model_v4 Acetyl-CoA C-acetyltransferase	2.249E-56	1.000	1983	1	393	394	1	390	392	395	0.997	0.995
LOKIASV2_4485_ESMFold_acetyl-CoA_C-acetyltransferase	AF-A0A849ET87-F1-model_v4	AF-A0A849ET87-F1-model_v4 Thiolase family protein	1.699E-55	1.000	1983	1	393	394	1	390	393	393	0.997	0.992
LOKIASV2_4485_ESMFold_acetyl-CoA_C-acetyltransferase	AF-A0A5A7PNE0-F1-model_v4	AF-A0A5A7PNE0-F1-model_v4 Acetyl-CoA acetyltransferase	1.025E-55	1.000	1978	3	394	394	64	454	458	393	0.995	0.854
LOKIASV2_4485_ESMFold_acetyl-CoA_C-acetyltransferase	AF-A0A7J9ZMS5-F1-model_v4	AF-A0A7J9ZMS5-F1-model_v4 Acetyl-CoA C-acyltransferase	2.552E-56	1.000	1975	1	394	394	1	392	395	396	1.000	0.992
LOKIASV2_4485_ESMFold_acetyl-CoA_C-acetyltransferase	AF-A0A1D5QC69-F1-model_v4	AF-A0A1D5QC69-F1-model_v4 Cullin 5	2.719E-56	1.000	1972	1	393	394	731	1117	1119	395	0.997	0.346
LOKIASV2_4485_ESMFold_acetyl-CoA_C-acetyltransferase	AF-K3X6Z2-F1-model_v4	AF-K3X6Z2-F1-model_v4 Uncharacterized protein	1.092E-55	1.000	1968	3	393	394	18	414	416	398	0.992	0.954
LOKIASV2_4485_ESMFold_acetyl-CoA_C-acetyltransferase	AF-V8G1S7-F1-model_v4	AF-V8G1S7-F1-model_v4 Acetyl-CoA acetyltransferase	1.405E-55	1.000	1961	1	394	394	2	392	393	395	1.000	0.995
LOKIASV2_4485_ESMFold_acetyl-CoA_C-acetyltransferase	AF-A0A534Q0K9-F1-model_v4	AF-A0A534Q0K9-F1-model_v4 Thiolase family protein	7.266E-55	1.000	1955	2	393	394	4	392	394	392	0.995	0.987
LOKIASV2_4485_ESMFold_acetyl-CoA_C-acetyltransferase	AF-A0A1Q7UT82-F1-model_v4	AF-A0A1Q7UT82-F1-model_v4 Uncharacterized protein	1.810E-55	1.000	1941	3	393	394	7	417	420	415	0.992	0.979
LOKIASV2_4485_ESMFold_acetyl-CoA_C-acetyltransferase	AF-A0A384C202-F1-model_v4	AF-A0A384C202-F1-model_v4 acetyl-CoA acetyltransferase, mitochondrial	2.330E-55	1.000	1934	2	393	394	132	517	519	394	0.995	0.744
LOKIASV2_4485_ESMFold_acetyl-CoA_C-acetyltransferase	AF-A0A315VH42-F1-model_v4	AF-A0A315VH42-F1-model_v4 Uncharacterized protein	4.383E-55	1.000	1931	2	394	394	150	546	546	405	0.997	0.727
LOKIASV2_4485_ESMFold_acetyl-CoA_C-acetyltransferase	AF-A0A2E5HU48-F1-model_v4	AF-A0A2E5HU48-F1-model_v4 Acetyl-CoA C-acyltransferase	1.652E-54	1.000	1929	3	393	394	5	393	398	391	0.992	0.977
LOKIASV2_4485_ESMFold_acetyl-CoA_C-acetyltransferase	AF-A0A6B2H557-F1-model_v4	AF-A0A6B2H557-F1-model_v4 Acetyl-CoA C-acyltransferase	4.801E-56	1.000	1928	1	393	394	1	397	399	401	0.997	0.995
LOKIASV2_4485_ESMFold_acetyl-CoA_C-acetyltransferase	AF-A0A672N6V6-F1-model_v4	AF-A0A672N6V6-F1-model_v4 Acetyl-CoA acetyltransferase, mitochondrial-like	6.011E-55	1.000	1927	1	393	394	19	405	407	395	0.997	0.951
LOKIASV2_4485_ESMFold_acetyl-CoA_C-acetyltransferase	AF-A0A538FGM6-F1-model_v4	AF-A0A538FGM6-F1-model_v4 Acetyl-CoA C-acetyltransferase	1.062E-54	1.000	1926	1	394	394	1	383	493	394	1.000	0.777
LOKIASV2_4485_ESMFold_acetyl-CoA_C-acetyltransferase	AF-A0A6P7TEK4-F1-model_v4	AF-A0A6P7TEK4-F1-model_v4 acetyl-CoA acetyltransferase, mitochondrial	7.266E-55	1.000	1924	1	393	394	27	413	415	395	0.997	0.933
LOKIASV2_4485_ESMFold_acetyl-CoA_C-acetyltransferase	AF-A0A1E3QBD6-F1-model_v4	AF-A0A1E3QBD6-F1-model_v4 Uncharacterized protein	1.319E-55	1.000	1924	2	393	394	43	426	428	396	0.995	0.897
LOKIASV2_4485_ESMFold_acetyl-CoA_C-acetyltransferase	AF-A0A5D0MM33-F1-model_v4	AF-A0A5D0MM33-F1-model_v4 Thiolase family protein	1.205E-54	1.000	1923	1	393	394	1	389	391	393	0.997	0.995
LOKIASV2_4485_ESMFold_acetyl-CoA_C-acetyltransferase	AF-A0A087SS44-F1-model_v4	AF-A0A087SS44-F1-model_v4 Putative acetyl-CoA acetyltransferase, cytosolic 2	1.367E-54	1.000	1920	3	394	394	56	449	454	396	0.995	0.868
LOKIASV2_4485_ESMFold_acetyl-CoA_C-acetyltransferase	AF-V7ZKQ5-F1-model_v4	AF-V7ZKQ5-F1-model_v4 Hydroxymethylglutaryl-CoA reductase	6.821E-55	1.000	1915	1	393	394	1	384	803	395	0.997	0.478
LOKIASV2_4485_ESMFold_acetyl-CoA_C-acetyltransferase	AF-A0A556U3L0-F1-model_v4	AF-A0A556U3L0-F1-model_v4 Acetyl-CoA acetyltransferase, mitochondrial	1.131E-54	1.000	1915	1	393	394	493	879	881	395	0.997	0.439
LOKIASV2_4485_ESMFold_acetyl-CoA_C-acetyltransferase	AF-A0A838A8I6-F1-model_v4	AF-A0A838A8I6-F1-model_v4 Acetyl-CoA C-acetyltransferase	5.488E-54	1.000	1913	1	394	394	1	392	395	394	1.000	0.992
LOKIASV2_4485_ESMFold_acetyl-CoA_C-acetyltransferase	AF-A0A4S2BJD8-F1-model_v4	AF-A0A4S2BJD8-F1-model_v4 Thiolase family protein	1.456E-54	1.000	1909	1	394	394	1	384	385	395	1.000	0.997
LOKIASV2_4485_ESMFold_acetyl-CoA_C-acetyltransferase	AF-A0A2K2V7N9-F1-model_v4	AF-A0A2K2V7N9-F1-model_v4 Acetyl-CoA C-acyltransferase	2.739E-54	1.000	1909	1	393	394	1	388	391	396	0.997	0.992
LOKIASV2_4485_ESMFold_acetyl-CoA_C-acetyltransferase	AF-A0A6P3V048-F1-model_v4	AF-A0A6P3V048-F1-model_v4 acetyl-CoA acetyltransferase, mitochondrial isoform X2	3.108E-54	1.000	1909	1	393	394	24	411	505	396	0.997	0.768
LOKIASV2_4485_ESMFold_acetyl-CoA_C-acetyltransferase	AF-A0A4U5LTF8-F1-model_v4	AF-A0A4U5LTF8-F1-model_v4 Uncharacterized protein	3.108E-54	1.000	1909	1	393	394	7	395	562	396	0.997	0.692
LOKIASV2_4485_ESMFold_acetyl-CoA_C-acetyltransferase	AF-A0A3B5R889-F1-model_v4	AF-A0A3B5R889-F1-model_v4 Uncharacterized protein	2.739E-54	1.000	1908	1	393	394	32	418	459	395	0.997	0.843
LOKIASV2_4485_ESMFold_acetyl-CoA_C-acetyltransferase	AF-A0A673U433-F1-model_v4	AF-A0A673U433-F1-model_v4 Acetyl-CoA acetyltransferase 1	1.997E-54	1.000	1904	2	393	394	40	425	427	394	0.995	0.904
LOKIASV2_4485_ESMFold_acetyl-CoA_C-acetyltransferase	AF-A0A8A3LMW9-F1-model_v4	AF-A0A8A3LMW9-F1-model_v4 Acetyl-CoA C-acyltransferase	4.540E-54	1.000	1902	1	393	394	4	393	395	394	0.997	0.987
LOKIASV2_4485_ESMFold_acetyl-CoA_C-acetyltransferase	AF-A0A178LVM3-F1-model_v4	AF-A0A178LVM3-F1-model_v4 Acetyl-CoA acetyltransferase	1.456E-54	1.000	1893	1	393	394	1	391	393	397	0.997	0.995
LOKIASV2_4485_ESMFold_acetyl-CoA_C-acetyltransferase	AF-A0A2S9Z2Q7-F1-model_v4	AF-A0A2S9Z2Q7-F1-model_v4 Acetyl-CoA C-acyltransferase	5.152E-54	1.000	1893	3	393	394	48	434	447	392	0.992	0.866
LOKIASV2_4485_ESMFold_acetyl-CoA_C-acetyltransferase	AF-A0A7S6S011-F1-model_v4	AF-A0A7S6S011-F1-model_v4 Acetyl-CoA C-acyltransferase	4.540E-54	1.000	1884	1	393	394	1	390	392	395	0.997	0.995
LOKIASV2_4485_ESMFold_acetyl-CoA_C-acetyltransferase	AF-A0A672N917-F1-model_v4	AF-A0A672N917-F1-model_v4 Acetyl-CoA acetyltransferase, mitochondrial-like	1.100E-53	1.000	1882	2	393	394	59	444	446	394	0.995	0.865
LOKIASV2_4485_ESMFold_acetyl-CoA_C-acetyltransferase	AF-A0A0P7V3P8-F1-model_v4	AF-A0A0P7V3P8-F1-model_v4 3-ketoacyl-CoA thiolase, mitochondrial-like	1.875E-54	1.000	1878	2	393	394	78	467	470	394	0.995	0.830
LOKIASV2_4485_ESMFold_acetyl-CoA_C-acetyltransferase	AF-A0A2V3HNI7-F1-model_v4	AF-A0A2V3HNI7-F1-model_v4 Acetyl-CoA C-acyltransferase	2.500E-53	1.000	1875	1	393	394	1	384	386	395	0.997	0.995
LOKIASV2_4485_ESMFold_acetyl-CoA_C-acetyltransferase	AF-U4UL42-F1-model_v4	AF-U4UL42-F1-model_v4 ETF domain-containing protein	1.205E-54	1.000	1874	5	394	394	317	706	707	397	0.990	0.552
LOKIASV2_4485_ESMFold_acetyl-CoA_C-acetyltransferase	AF-A0A6N0NWB7-F1-model_v4	AF-A0A6N0NWB7-F1-model_v4 Thiolase family protein	4.703E-53	1.000	1873	1	394	394	1	391	395	398	1.000	0.990
LOKIASV2_4485_ESMFold_acetyl-CoA_C-acetyltransferase	AF-A0A7J6SVR8-F1-model_v4	AF-A0A7J6SVR8-F1-model_v4 Translocation protein SEC62	9.098E-54	1.000	1870	3	393	394	23	417	704	400	0.992	0.561
LOKIASV2_4485_ESMFold_acetyl-CoA_C-acetyltransferase	AF-A0A1Q8QUE3-F1-model_v4	AF-A0A1Q8QUE3-F1-model_v4 3-ketoacyl-CoA thiolase	3.526E-54	1.000	1869	1	393	394	2	387	389	394	0.997	0.992
LOKIASV2_4485_ESMFold_acetyl-CoA_C-acetyltransferase	AF-A0A5S4ZBG9-F1-model_v4	AF-A0A5S4ZBG9-F1-model_v4 Acetyl-CoA C-acetyltransferase	7.797E-53	1.000	1868	2	394	394	96	486	490	393	0.997	0.798
LOKIASV2_4485_ESMFold_acetyl-CoA_C-acetyltransferase	AF-A0A2E0PRX3-F1-model_v4	AF-A0A2E0PRX3-F1-model_v4 Acetyl-CoA C-acyltransferase	1.069E-52	1.000	1866	1	394	394	1	385	386	396	1.000	0.997
LOKIASV2_4485_ESMFold_acetyl-CoA_C-acetyltransferase	AF-A0A4Y8KAD7-F1-model_v4	AF-A0A4Y8KAD7-F1-model_v4 Acetyl-CoA C-acetyltransferase	5.010E-53	1.000	1866	3	394	394	5	394	394	392	0.995	0.990
LOKIASV2_4485_ESMFold_acetyl-CoA_C-acetyltransferase	AF-A0A081CFL4-F1-model_v4	AF-A0A081CFL4-F1-model_v4 Acetyl-CoA C-acetyltransferase	2.837E-53	1.000	1863	1	393	394	22	451	454	439	0.997	0.947
LOKIASV2_4485_ESMFold_acetyl-CoA_C-acetyltransferase	AF-A0A671KRY5-F1-model_v4	AF-A0A671KRY5-F1-model_v4 Acetyl-CoA acetyltransferase, mitochondrial	5.846E-54	1.000	1855	2	393	394	53	432	434	394	0.995	0.876
LOKIASV2_4485_ESMFold_acetyl-CoA_C-acetyltransferase	AF-A0A672N959-F1-model_v4	AF-A0A672N959-F1-model_v4 Acetyl-CoA acetyltransferase, mitochondrial-like	1.004E-52	1.000	1852	1	393	394	39	465	467	435	0.997	0.914
LOKIASV2_4485_ESMFold_acetyl-CoA_C-acetyltransferase	AF-A0A7K9N4G3-F1-model_v4	AF-A0A7K9N4G3-F1-model_v4 THILA acetyltransferase	8.847E-53	1.000	1851	5	393	394	2	384	386	391	0.987	0.992
LOKIASV2_4485_ESMFold_acetyl-CoA_C-acetyltransferase	AF-A0A4D8XNN7-F1-model_v4	AF-A0A4D8XNN7-F1-model_v4 3-oxoapidyl-CoA thiolase	2.266E-54	1.000	1849	1	393	394	557	955	957	405	0.997	0.417
LOKIASV2_4485_ESMFold_acetyl-CoA_C-acetyltransferase	AF-Q3ABC6-F1-model_v4	AF-Q3ABC6-F1-model_v4 Acetyl-CoA acetyltransferase	4.001E-54	1.000	1844	1	393	394	1	391	395	399	0.997	0.990
LOKIASV2_4485_ESMFold_acetyl-CoA_C-acetyltransferase	AF-A0A2P5YP92-F1-model_v4	AF-A0A2P5YP92-F1-model_v4 Uncharacterized protein	1.293E-52	1.000	1839	15	394	394	2	380	454	381	0.964	0.835
LOKIASV2_4485_ESMFold_acetyl-CoA_C-acetyltransferase	AF-A0A6N4QQ95-F1-model_v4	AF-A0A6N4QQ95-F1-model_v4 Thiolase family protein	2.837E-53	1.000	1837	4	393	394	2	387	391	391	0.990	0.987
LOKIASV2_4485_ESMFold_acetyl-CoA_C-acetyltransferase	AF-A0A522MZU8-F1-model_v4	AF-A0A522MZU8-F1-model_v4 Acetyl-CoA C-acyltransferase	9.165E-52	1.000	1835	1	394	394	1	444	445	447	1.000	0.998
LOKIASV2_4485_ESMFold_acetyl-CoA_C-acetyltransferase	AF-A0A481SYV5-F1-model_v4	AF-A0A481SYV5-F1-model_v4 Mitochondrial 3-ketoacyl-coa thiolase	1.562E-52	1.000	1835	2	394	394	72	463	464	396	0.997	0.845
LOKIASV2_4485_ESMFold_acetyl-CoA_C-acetyltransferase	AF-T0ZG36-F1-model_v4	AF-T0ZG36-F1-model_v4 Thiolase	3.335E-52	1.000	1825	3	394	394	8	398	401	394	0.995	0.975
LOKIASV2_4485_ESMFold_acetyl-CoA_C-acetyltransferase	AF-D8RTG8-F1-model_v4	AF-D8RTG8-F1-model_v4 Uncharacterized protein	3.784E-52	1.000	1819	2	393	394	26	416	433	396	0.995	0.903
LOKIASV2_4485_ESMFold_acetyl-CoA_C-acetyltransferase	AF-G1KUL9-F1-model_v4	AF-G1KUL9-F1-model_v4 Acetyl-CoA acyltransferase 2	8.847E-53	1.000	1818	2	393	394	70	459	462	394	0.995	0.844
LOKIASV2_4485_ESMFold_acetyl-CoA_C-acetyltransferase	AF-A0A3A2ZN41-F1-model_v4	AF-A0A3A2ZN41-F1-model_v4 Acetyl-CoA acetyltransferase	2.431E-52	1.000	1817	1	393	394	36	426	432	397	0.997	0.905
LOKIASV2_4485_ESMFold_acetyl-CoA_C-acetyltransferase	AF-A0A2G5WF79-F1-model_v4	AF-A0A2G5WF79-F1-model_v4 Acetyl-CoA C-acyltransferase	4.415E-53	1.000	1815	1	393	394	1	387	390	395	0.997	0.992
LOKIASV2_4485_ESMFold_acetyl-CoA_C-acetyltransferase	AF-A0A2A6BQA8-F1-model_v4	AF-A0A2A6BQA8-F1-model_v4 Acaa-2	1.213E-52	1.000	1813	2	393	394	346	735	737	394	0.995	0.529
LOKIASV2_4485_ESMFold_acetyl-CoA_C-acetyltransferase	AF-A0A2E9Z398-F1-model_v4	AF-A0A2E9Z398-F1-model_v4 Acetyl-CoA C-acyltransferase	2.143E-52	1.000	1811	3	393	394	7	395	409	396	0.992	0.951
LOKIASV2_4485_ESMFold_acetyl-CoA_C-acetyltransferase	AF-K7FCL2-F1-model_v4	AF-K7FCL2-F1-model_v4 Uncharacterized protein	1.213E-52	1.000	1810	1	393	394	61	451	454	395	0.997	0.861
LOKIASV2_4485_ESMFold_acetyl-CoA_C-acetyltransferase	AF-A0A7W7QC26-F1-model_v4	AF-A0A7W7QC26-F1-model_v4 Acetyl-CoA C-acetyltransferase	4.294E-52	1.000	1806	2	393	394	3	389	392	394	0.995	0.987
LOKIASV2_4485_ESMFold_acetyl-CoA_C-acetyltransferase	AF-A0Z941-F1-model_v4	AF-A0Z941-F1-model_v4 3-oxoadipyl-CoA thiolase	1.562E-52	1.000	1804	1	393	394	1	399	401	405	0.997	0.995
LOKIASV2_4485_ESMFold_acetyl-CoA_C-acetyltransferase	AF-A0A1Q3G5I8-F1-model_v4	AF-A0A1Q3G5I8-F1-model_v4 Acetyltransferase-17	8.077E-52	1.000	1801	2	394	394	353	744	745	396	0.997	0.526
LOKIASV2_4485_ESMFold_acetyl-CoA_C-acetyltransferase	AF-A0A0C3EL47-F1-model_v4	AF-A0A0C3EL47-F1-model_v4 Uncharacterized protein	1.519E-51	1.000	1798	2	393	394	3	386	388	394	0.995	0.990
LOKIASV2_4485_ESMFold_acetyl-CoA_C-acetyltransferase	AF-Q8BWT1-F1-model_v4	AF-Q8BWT1-F1-model_v4 3-ketoacyl-CoA thiolase, mitochondrial	4.872E-52	1.000	1797	2	393	394	5	394	397	394	0.995	0.982
LOKIASV2_4485_ESMFold_acetyl-CoA_C-acetyltransferase	AF-A0A194S1E5-F1-model_v4	AF-A0A194S1E5-F1-model_v4 5-aminolevulinate synthase, mitochondrial	1.956E-51	1.000	1795	1	393	394	877	1261	1263	395	0.997	0.305
LOKIASV2_4485_ESMFold_acetyl-CoA_C-acetyltransferase	AF-A0A3E3EF31-F1-model_v4	AF-A0A3E3EF31-F1-model_v4 Acetyl-CoA C-acyltransferase	3.131E-52	1.000	1793	2	394	394	4	402	409	402	0.997	0.976
LOKIASV2_4485_ESMFold_acetyl-CoA_C-acetyltransferase	AF-A0A1R2BHG7-F1-model_v4	AF-A0A1R2BHG7-F1-model_v4 Uncharacterized protein	6.922E-51	1.000	1788	2	394	394	6	393	395	393	0.997	0.982
LOKIASV2_4485_ESMFold_acetyl-CoA_C-acetyltransferase	AF-Q5RES5-F1-model_v4	AF-Q5RES5-F1-model_v4 3-ketoacyl-CoA thiolase, mitochondrial	9.165E-52	1.000	1784	2	393	394	5	394	397	396	0.995	0.982
LOKIASV2_4485_ESMFold_acetyl-CoA_C-acetyltransferase	AF-A0A061P5G7-F1-model_v4	AF-A0A061P5G7-F1-model_v4 3-ketoacyl-CoA thiolase	7.118E-52	1.000	1778	1	393	394	1	372	374	393	0.997	0.995
LOKIASV2_4485_ESMFold_acetyl-CoA_C-acetyltransferase	AF-A0A4Z0R7T8-F1-model_v4	AF-A0A4Z0R7T8-F1-model_v4 Thiolase family protein	1.257E-51	1.000	1765	1	393	394	3	389	392	396	0.997	0.987
LOKIASV2_4485_ESMFold_acetyl-CoA_C-acetyltransferase	AF-A0A315VKW1-F1-model_v4	AF-A0A315VKW1-F1-model_v4 Uncharacterized protein	2.364E-51	1.000	1764	3	393	394	64	460	460	401	0.992	0.863
LOKIASV2_4485_ESMFold_acetyl-CoA_C-acetyltransferase	AF-A0A2H0Q3H9-F1-model_v4	AF-A0A2H0Q3H9-F1-model_v4 Acetyl-CoA C-acyltransferase	5.047E-51	1.000	1756	2	393	394	3	387	389	393	0.995	0.990
LOKIASV2_4485_ESMFold_acetyl-CoA_C-acetyltransferase	AF-A0A4D9A3H4-F1-model_v4	AF-A0A4D9A3H4-F1-model_v4 Uncharacterized protein	1.676E-50	1.000	1749	3	372	394	12	380	433	371	0.939	0.852
LOKIASV2_4485_ESMFold_acetyl-CoA_C-acetyltransferase	AF-T0DHL2-F1-model_v4	AF-T0DHL2-F1-model_v4 Acetyl-CoA C-acyltransferase	3.680E-51	1.000	1748	1	393	394	1	425	429	429	0.997	0.991
LOKIASV2_4485_ESMFold_acetyl-CoA_C-acetyltransferase	AF-A0A397E9N7-F1-model_v4	AF-A0A397E9N7-F1-model_v4 Uncharacterized protein	4.448E-51	1.000	1747	4	393	394	2	363	365	390	0.990	0.992
LOKIASV2_4485_ESMFold_acetyl-CoA_C-acetyltransferase	AF-A0A8A7B1V4-F1-model_v4	AF-A0A8A7B1V4-F1-model_v4 Beta-ketoadipyl-CoA thiolase	1.956E-51	1.000	1746	1	394	394	60	459	474	403	1.000	0.844
LOKIASV2_4485_ESMFold_acetyl-CoA_C-acetyltransferase	AF-A0A7E5WFP5-F1-model_v4	AF-A0A7E5WFP5-F1-model_v4 3-ketoacyl-CoA thiolase, mitochondrial	8.912E-51	1.000	1742	1	394	394	5	395	396	398	1.000	0.987
LOKIASV2_4485_ESMFold_acetyl-CoA_C-acetyltransferase	AF-A0A654GKP4-F1-model_v4	AF-A0A654GKP4-F1-model_v4 Uncharacterized protein	3.359E-50	1.000	1734	3	394	394	9	455	631	449	0.995	0.708
LOKIASV2_4485_ESMFold_acetyl-CoA_C-acetyltransferase	AF-A0A3N5SUE0-F1-model_v4	AF-A0A3N5SUE0-F1-model_v4 Thiolase family protein	4.175E-51	1.000	1732	1	393	394	1	392	394	398	0.997	0.995
LOKIASV2_4485_ESMFold_acetyl-CoA_C-acetyltransferase	AF-A0A0P7WHR9-F1-model_v4	AF-A0A0P7WHR9-F1-model_v4 Acetyl-CoA C-acetyltransferase	8.667E-50	1.000	1729	1	393	394	1	383	385	394	0.997	0.995
LOKIASV2_4485_ESMFold_acetyl-CoA_C-acetyltransferase	AF-A0A0B2VW27-F1-model_v4	AF-A0A0B2VW27-F1-model_v4 Acetyl-CoA acetyltransferase, mitochondrial	3.812E-50	1.000	1722	2	393	394	27	411	413	396	0.995	0.932
LOKIASV2_4485_ESMFold_acetyl-CoA_C-acetyltransferase	AF-A0A1F5BZW3-F1-model_v4	AF-A0A1F5BZW3-F1-model_v4 Uncharacterized protein	1.630E-49	1.000	1722	1	394	394	1	416	416	421	1.000	1.000
LOKIASV2_4485_ESMFold_acetyl-CoA_C-acetyltransferase	AF-A0A2E6I393-F1-model_v4	AF-A0A2E6I393-F1-model_v4 Acetyl-CoA C-acyltransferase	5.569E-50	1.000	1714	1	393	394	1	383	386	399	0.997	0.992
LOKIASV2_4485_ESMFold_acetyl-CoA_C-acetyltransferase	AF-A0A559GJK8-F1-model_v4	AF-A0A559GJK8-F1-model_v4 Acetyl-CoA C-acetyltransferase	1.189E-49	1.000	1711	66	394	394	2	328	328	329	0.835	0.997
LOKIASV2_4485_ESMFold_acetyl-CoA_C-acetyltransferase	AF-A0A842ZLD2-F1-model_v4	AF-A0A842ZLD2-F1-model_v4 Acetyl-CoA C-acetyltransferase	6.731E-50	1.000	1704	43	393	394	36	385	387	353	0.891	0.904
LOKIASV2_4485_ESMFold_acetyl-CoA_C-acetyltransferase	AF-Q2T3D5-F1-model_v4	AF-Q2T3D5-F1-model_v4 3-oxoadipyl-CoA thiolase	2.609E-50	1.000	1700	1	393	394	80	477	479	402	0.997	0.831
LOKIASV2_4485_ESMFold_acetyl-CoA_C-acetyltransferase	AF-A0A254Q2G9-F1-model_v4	AF-A0A254Q2G9-F1-model_v4 Acetyl-CoA acyltransferase	1.349E-49	1.000	1699	3	393	394	6	444	447	443	0.992	0.982
LOKIASV2_4485_ESMFold_acetyl-CoA_C-acetyltransferase	AF-A0A1G1ZHJ8-F1-model_v4	AF-A0A1G1ZHJ8-F1-model_v4 Uncharacterized protein	1.048E-49	1.000	1697	2	393	394	4	401	404	406	0.995	0.985
LOKIASV2_4485_ESMFold_acetyl-CoA_C-acetyltransferase	AF-A0A5Q2TBD6-F1-model_v4	AF-A0A5Q2TBD6-F1-model_v4 3-ketoacyl-CoA thiolase	1.011E-50	1.000	1693	1	393	394	1	385	387	402	0.997	0.995
LOKIASV2_4485_ESMFold_acetyl-CoA_C-acetyltransferase	AF-T1BXU5-F1-model_v4	AF-T1BXU5-F1-model_v4 Acetyl-CoA acetyltransferase	8.731E-48	1.000	1693	2	383	394	4	382	434	382	0.970	0.873
LOKIASV2_4485_ESMFold_acetyl-CoA_C-acetyltransferase	AF-I3RAB8-F1-model_v4	AF-I3RAB8-F1-model_v4 Acetyl-CoA acetyltransferase	9.563E-49	1.000	1692	1	393	394	1	390	392	397	0.997	0.995
LOKIASV2_4485_ESMFold_acetyl-CoA_C-acetyltransferase	AF-Q6LG90-F1-model_v4	AF-Q6LG90-F1-model_v4 Putative acetyl-CoA acetyltransferase	7.638E-50	1.000	1689	39	393	394	2	362	364	364	0.901	0.992
LOKIASV2_4485_ESMFold_acetyl-CoA_C-acetyltransferase	AF-A0A328RHJ9-F1-model_v4	AF-A0A328RHJ9-F1-model_v4 Acetyl-CoA C-acyltransferase	7.638E-50	1.000	1687	5	394	394	2	423	424	427	0.990	0.995
LOKIASV2_4485_ESMFold_acetyl-CoA_C-acetyltransferase	AF-A0A7C1ASK2-F1-model_v4	AF-A0A7C1ASK2-F1-model_v4 Thiolase family protein	1.916E-48	1.000	1686	2	394	394	115	508	509	398	0.997	0.774
LOKIASV2_4485_ESMFold_acetyl-CoA_C-acetyltransferase	AF-A0A519N0B1-F1-model_v4	AF-A0A519N0B1-F1-model_v4 Acetyl-CoA C-acyltransferase	4.206E-49	1.000	1685	1	354	394	1	350	350	354	0.898	1.000
LOKIASV2_4485_ESMFold_acetyl-CoA_C-acetyltransferase	AF-A0A7Y3P167-F1-model_v4	AF-A0A7Y3P167-F1-model_v4 Thiolase family protein	7.428E-49	1.000	1680	3	394	394	9	400	400	395	0.995	0.980
LOKIASV2_4485_ESMFold_acetyl-CoA_C-acetyltransferase	AF-A0A839I448-F1-model_v4	AF-A0A839I448-F1-model_v4 Acetyl-CoA C-acyltransferase FadA	1.387E-50	1.000	1678	1	393	394	1	385	387	402	0.997	0.995
LOKIASV2_4485_ESMFold_acetyl-CoA_C-acetyltransferase	AF-A0A7W0C9M5-F1-model_v4	AF-A0A7W0C9M5-F1-model_v4 Acetyl-CoA C-acetyltransferase	2.779E-50	1.000	1678	2	393	394	4	398	402	401	0.995	0.983
LOKIASV2_4485_ESMFold_acetyl-CoA_C-acetyltransferase	AF-A0A814LZG6-F1-model_v4	AF-A0A814LZG6-F1-model_v4 Hypothetical protein	7.912E-49	1.000	1676	3	394	394	11	695	696	689	0.995	0.984
LOKIASV2_4485_ESMFold_acetyl-CoA_C-acetyltransferase	AF-A0A853GU98-F1-model_v4	AF-A0A853GU98-F1-model_v4 Acetyl-CoA C-acyltransferase	1.302E-50	1.000	1674	1	393	394	4	396	398	412	0.997	0.987
LOKIASV2_4485_ESMFold_acetyl-CoA_C-acetyltransferase	AF-A0A7Y4AFS5-F1-model_v4	AF-A0A7Y4AFS5-F1-model_v4 3-ketoacyl-CoA thiolase	4.908E-50	1.000	1670	1	393	394	1	385	387	399	0.997	0.995
LOKIASV2_4485_ESMFold_acetyl-CoA_C-acetyltransferase	AF-A0A752IUX8-F1-model_v4	AF-A0A752IUX8-F1-model_v4 3-ketoacyl-CoA thiolase	5.569E-50	1.000	1666	1	393	394	1	385	387	402	0.997	0.995
LOKIASV2_4485_ESMFold_acetyl-CoA_C-acetyltransferase	AF-A0A661BFA7-F1-model_v4	AF-A0A661BFA7-F1-model_v4 Acetyl-CoA C-acyltransferase	2.961E-50	1.000	1662	2	393	394	6	389	393	398	0.995	0.977
LOKIASV2_4485_ESMFold_acetyl-CoA_C-acetyltransferase	AF-A0A2V4D2G1-F1-model_v4	AF-A0A2V4D2G1-F1-model_v4 Acetyl-CoA C-acyltransferase	3.267E-49	1.000	1661	2	393	394	3	408	410	416	0.995	0.990
LOKIASV2_4485_ESMFold_acetyl-CoA_C-acetyltransferase	AF-A0A7W4AXF4-F1-model_v4	AF-A0A7W4AXF4-F1-model_v4 3-ketoacyl-CoA thiolase	1.349E-49	1.000	1660	1	393	394	1	385	387	404	0.997	0.995
LOKIASV2_4485_ESMFold_acetyl-CoA_C-acetyltransferase	AF-A0A401HAM3-F1-model_v4	AF-A0A401HAM3-F1-model_v4 Acetyl-CoA acetyltransferase	6.366E-48	1.000	1658	10	393	394	1	382	384	388	0.975	0.995
LOKIASV2_4485_ESMFold_acetyl-CoA_C-acetyltransferase	AF-A0A835ZP72-F1-model_v4	AF-A0A835ZP72-F1-model_v4 Uncharacterized protein	3.949E-49	1.000	1658	2	381	394	5	388	498	388	0.964	0.771
LOKIASV2_4485_ESMFold_acetyl-CoA_C-acetyltransferase	AF-A0A520PIH0-F1-model_v4	AF-A0A520PIH0-F1-model_v4 Acetyl-CoA C-acyltransferase FadA	1.048E-49	1.000	1649	1	393	394	1	385	387	399	0.997	0.995
LOKIASV2_4485_ESMFold_acetyl-CoA_C-acetyltransferase	AF-A0A2A5AEN4-F1-model_v4	AF-A0A2A5AEN4-F1-model_v4 Acetyl-CoA C-acyltransferase	4.773E-49	1.000	1648	1	394	394	1	430	431	440	1.000	0.998
LOKIASV2_4485_ESMFold_acetyl-CoA_C-acetyltransferase	AF-A0A167XAN1-F1-model_v4	AF-A0A167XAN1-F1-model_v4 Acetyl-CoA acetyltransferase	2.628E-48	1.000	1646	2	383	394	51	439	1031	393	0.970	0.377
LOKIASV2_4485_ESMFold_acetyl-CoA_C-acetyltransferase	AF-A0A833HGM2-F1-model_v4	AF-A0A833HGM2-F1-model_v4 Acetyl-CoA C-acyltransferase	1.197E-47	1.000	1643	45	393	394	37	382	385	349	0.886	0.899
LOKIASV2_4485_ESMFold_acetyl-CoA_C-acetyltransferase	AF-A0A2S8Q719-F1-model_v4	AF-A0A2S8Q719-F1-model_v4 3-ketoacyl-CoA thiolase	2.879E-49	1.000	1639	1	393	394	1	385	388	402	0.997	0.992
LOKIASV2_4485_ESMFold_acetyl-CoA_C-acetyltransferase	AF-A0A1R1XLI7-F1-model_v4	AF-A0A1R1XLI7-F1-model_v4 Acetyl-CoA acetyltransferase A, mitochondrial	8.196E-48	1.000	1638	1	385	394	1	385	899	394	0.977	0.428
LOKIASV2_4485_ESMFold_acetyl-CoA_C-acetyltransferase	AF-A0A0L9TGV3-F1-model_v4	AF-A0A0L9TGV3-F1-model_v4 Uncharacterized protein	5.610E-48	1.000	1635	3	394	394	316	784	785	476	0.995	0.597
LOKIASV2_4485_ESMFold_acetyl-CoA_C-acetyltransferase	AF-A0A2I7N8K2-F1-model_v4	AF-A0A2I7N8K2-F1-model_v4 Acetyl-CoA C-acyltransferase	3.267E-49	1.000	1632	1	393	394	1	392	394	411	0.997	0.995
LOKIASV2_4485_ESMFold_acetyl-CoA_C-acetyltransferase	AF-A0A3B3QL48-F1-model_v4	AF-A0A3B3QL48-F1-model_v4 Acetyl-CoA acetyltransferase 2	3.840E-48	1.000	1631	2	344	394	4	344	477	343	0.871	0.715
LOKIASV2_4485_ESMFold_acetyl-CoA_C-acetyltransferase	AF-A0A1R2B601-F1-model_v4	AF-A0A1R2B601-F1-model_v4 Uncharacterized protein	1.749E-47	1.000	1626	2	393	394	6	382	386	392	0.995	0.977
LOKIASV2_4485_ESMFold_acetyl-CoA_C-acetyltransferase	AF-A0A7H8K9Q2-F1-model_v4	AF-A0A7H8K9Q2-F1-model_v4 Thiolase family protein	6.366E-48	1.000	1622	2	394	394	5	393	407	403	0.997	0.956
LOKIASV2_4485_ESMFold_acetyl-CoA_C-acetyltransferase	AF-A0A231R333-F1-model_v4	AF-A0A231R333-F1-model_v4 Acetyl-CoA acetyltransferase	7.638E-50	1.000	1619	2	394	394	4	395	395	406	0.997	0.992
LOKIASV2_4485_ESMFold_acetyl-CoA_C-acetyltransferase	AF-A0A3D5Q369-F1-model_v4	AF-A0A3D5Q369-F1-model_v4 3-ketoacyl-CoA thiolase	8.978E-49	1.000	1618	3	393	394	7	389	391	403	0.992	0.980
LOKIASV2_4485_ESMFold_acetyl-CoA_C-acetyltransferase	AF-A0A099KHG8-F1-model_v4	AF-A0A099KHG8-F1-model_v4 3-ketoacyl-CoA thiolase	3.840E-48	1.000	1616	1	393	394	1	384	386	398	0.997	0.995
LOKIASV2_4485_ESMFold_acetyl-CoA_C-acetyltransferase	AF-A0A1F9L5K8-F1-model_v4	AF-A0A1F9L5K8-F1-model_v4 Acetyl-CoA acetyltransferase	5.811E-47	1.000	1614	5	373	394	1	366	368	371	0.937	0.995
LOKIASV2_4485_ESMFold_acetyl-CoA_C-acetyltransferase	AF-A0A3D6EMD3-F1-model_v4	AF-A0A3D6EMD3-F1-model_v4 Acetyl-CoA C-acyltransferase	2.982E-48	1.000	1613	1	393	394	1	380	382	395	0.997	0.995
LOKIASV2_4485_ESMFold_acetyl-CoA_C-acetyltransferase	AF-A0A1I1SA68-F1-model_v4	AF-A0A1I1SA68-F1-model_v4 Acetyl-CoA acyltransferase	1.156E-48	1.000	1612	2	393	394	5	396	398	413	0.995	0.985
LOKIASV2_4485_ESMFold_acetyl-CoA_C-acetyltransferase	AF-A0A7J7VFK4-F1-model_v4	AF-A0A7J7VFK4-F1-model_v4 Acetyl-CoA acetyltransferase 1	1.055E-47	1.000	1612	1	393	394	39	446	448	416	0.997	0.911
LOKIASV2_4485_ESMFold_acetyl-CoA_C-acetyltransferase	AF-A0A1X0Y224-F1-model_v4	AF-A0A1X0Y224-F1-model_v4 Uncharacterized protein	8.428E-49	1.000	1605	3	393	394	2	379	381	398	0.992	0.992
LOKIASV2_4485_ESMFold_acetyl-CoA_C-acetyltransferase	AF-D2XBK4-F1-model_v4	AF-D2XBK4-F1-model_v4 Putative acetyl-CoA acetyltransferase	2.115E-47	1.000	1604	2	393	394	15	407	449	399	0.995	0.875
LOKIASV2_4485_ESMFold_acetyl-CoA_C-acetyltransferase	AF-A0A6M4FKV5-F1-model_v4	AF-A0A6M4FKV5-F1-model_v4 3-ketoacyl-CoA thiolase	4.090E-48	1.000	1602	3	393	394	7	389	392	397	0.992	0.977
LOKIASV2_4485_ESMFold_acetyl-CoA_C-acetyltransferase	AF-A0A7R9AJE1-F1-model_v4	AF-A0A7R9AJE1-F1-model_v4 Hypothetical protein	2.900E-47	1.000	1601	2	356	394	5	357	357	356	0.901	0.989
LOKIASV2_4485_ESMFold_acetyl-CoA_C-acetyltransferase	AF-A0A0Q4RMP3-F1-model_v4	AF-A0A0Q4RMP3-F1-model_v4 Acetyl-CoA acetyltransferase	3.707E-49	1.000	1600	1	394	394	1	390	391	404	1.000	0.997
LOKIASV2_4485_ESMFold_acetyl-CoA_C-acetyltransferase	AF-A0A1Y1QZP6-F1-model_v4	AF-A0A1Y1QZP6-F1-model_v4 Acetyl-CoA acetyltransferase	2.628E-48	1.000	1599	1	393	394	4	396	398	413	0.997	0.987
LOKIASV2_4485_ESMFold_acetyl-CoA_C-acetyltransferase	AF-A0A1V9ZD67-F1-model_v4	AF-A0A1V9ZD67-F1-model_v4 3-ketoacyl-CoA thiolase A	1.055E-47	1.000	1592	2	393	394	453	834	1031	393	0.995	0.371
LOKIASV2_4485_ESMFold_acetyl-CoA_C-acetyltransferase	AF-A0A1W9UDJ7-F1-model_v4	AF-A0A1W9UDJ7-F1-model_v4 Acetyl-CoA acetyltransferase	1.749E-47	1.000	1589	3	394	394	7	340	341	392	0.995	0.979
LOKIASV2_4485_ESMFold_acetyl-CoA_C-acetyltransferase	AF-A0A1G9FSP4-F1-model_v4	AF-A0A1G9FSP4-F1-model_v4 Acetyl-CoA C-acetyltransferase	1.026E-46	1.000	1588	2	393	394	6	391	393	393	0.995	0.982
LOKIASV2_4485_ESMFold_acetyl-CoA_C-acetyltransferase	AF-A0A0M3JSZ5-F1-model_v4	AF-A0A0M3JSZ5-F1-model_v4 Acetyl-CoA acetyltransferase, mitochondrial (inferred by orthology to a human protein)	2.056E-46	1.000	1587	4	393	394	29	415	417	395	0.990	0.928
LOKIASV2_4485_ESMFold_acetyl-CoA_C-acetyltransferase	AF-A0A1M6EIJ4-F1-model_v4	AF-A0A1M6EIJ4-F1-model_v4 Acetyl-CoA acyltransferase	4.090E-48	1.000	1581	1	394	394	1	392	394	411	1.000	0.995
LOKIASV2_4485_ESMFold_acetyl-CoA_C-acetyltransferase	AF-D5X624-F1-model_v4	AF-D5X624-F1-model_v4 Acetyl-CoA acetyltransferase	1.689E-48	1.000	1581	2	393	394	6	397	399	409	0.995	0.982
LOKIASV2_4485_ESMFold_acetyl-CoA_C-acetyltransferase	AF-A0A431IKL7-F1-model_v4	AF-A0A431IKL7-F1-model_v4 Thiolase family protein	1.312E-48	1.000	1580	1	393	394	1	399	402	402	0.997	0.993
LOKIASV2_4485_ESMFold_acetyl-CoA_C-acetyltransferase	AF-A0A7C5ZP63-F1-model_v4	AF-A0A7C5ZP63-F1-model_v4 Thiolase family protein	1.930E-46	1.000	1579	4	393	394	2	375	377	390	0.990	0.992
LOKIASV2_4485_ESMFold_acetyl-CoA_C-acetyltransferase	AF-A0A847F9K5-F1-model_v4	AF-A0A847F9K5-F1-model_v4 Thiolase family protein	1.985E-47	1.000	1576	1	394	394	1	387	387	401	1.000	1.000
LOKIASV2_4485_ESMFold_acetyl-CoA_C-acetyltransferase	AF-A0A0L7LDR5-F1-model_v4	AF-A0A0L7LDR5-F1-model_v4 Thiolase 4	5.811E-47	1.000	1570	1	394	394	58	454	455	403	1.000	0.873
LOKIASV2_4485_ESMFold_acetyl-CoA_C-acetyltransferase	AF-A0A3A4P686-F1-model_v4	AF-A0A3A4P686-F1-model_v4 Thiolase family protein	1.019E-48	1.000	1567	1	393	394	1	402	404	416	0.997	0.995
LOKIASV2_4485_ESMFold_acetyl-CoA_C-acetyltransferase	AF-A0A5C6QL49-F1-model_v4	AF-A0A5C6QL49-F1-model_v4 3-ketoacyl-CoA thiolase	2.115E-47	1.000	1564	1	393	394	1	385	387	401	0.997	0.995
LOKIASV2_4485_ESMFold_acetyl-CoA_C-acetyltransferase	AF-A0A1Q3YLZ5-F1-model_v4	AF-A0A1Q3YLZ5-F1-model_v4 Acetyl-CoA acetyltransferase	3.089E-47	1.000	1562	2	393	394	6	407	409	413	0.995	0.983
LOKIASV2_4485_ESMFold_acetyl-CoA_C-acetyltransferase	AF-A0A1Y3P4U3-F1-model_v4	AF-A0A1Y3P4U3-F1-model_v4 3-ketoacyl-CoA thiolase	3.089E-47	1.000	1558	3	393	394	7	389	391	397	0.992	0.980
LOKIASV2_4485_ESMFold_acetyl-CoA_C-acetyltransferase	AF-A0A353HRN4-F1-model_v4	AF-A0A353HRN4-F1-model_v4 Acetyl-CoA C-acyltransferase	2.399E-47	1.000	1557	1	393	394	5	396	398	406	0.997	0.985
LOKIASV2_4485_ESMFold_acetyl-CoA_C-acetyltransferase	AF-V7I948-F1-model_v4	AF-V7I948-F1-model_v4 Acetyl-CoA acetyltransferase	1.864E-47	1.000	1553	1	394	394	1	388	389	403	1.000	0.997
LOKIASV2_4485_ESMFold_acetyl-CoA_C-acetyltransferase	AF-A0A0P4W291-F1-model_v4	AF-A0A0P4W291-F1-model_v4 Uncharacterized protein	4.268E-45	1.000	1552	73	393	394	3	321	323	321	0.815	0.988
LOKIASV2_4485_ESMFold_acetyl-CoA_C-acetyltransferase	AF-A0A1G9TUV4-F1-model_v4	AF-A0A1G9TUV4-F1-model_v4 3-ketoacyl-CoA thiolase	3.291E-47	1.000	1552	3	393	394	7	389	391	397	0.992	0.980
LOKIASV2_4485_ESMFold_acetyl-CoA_C-acetyltransferase	AF-A0A5J4YTS5-F1-model_v4	AF-A0A5J4YTS5-F1-model_v4 Peroxisomal fatty acid beta-oxidation multifunctional protein AIM1	3.177E-48	1.000	1551	3	394	394	737	1130	1140	406	0.995	0.346
LOKIASV2_4485_ESMFold_acetyl-CoA_C-acetyltransferase	AF-A0A1L9TE34-F1-model_v4	AF-A0A1L9TE34-F1-model_v4 Uncharacterized protein	2.000E-45	1.000	1550	2	367	394	40	405	947	368	0.929	0.386
LOKIASV2_4485_ESMFold_acetyl-CoA_C-acetyltransferase	AF-A0A6I9HM98-F1-model_v4	AF-A0A6I9HM98-F1-model_v4 acetyl-CoA acetyltransferase, cytosolic	9.111E-45	1.000	1548	86	394	394	1	307	307	309	0.784	1.000
LOKIASV2_4485_ESMFold_acetyl-CoA_C-acetyltransferase	AF-A0A1T1I0N5-F1-model_v4	AF-A0A1T1I0N5-F1-model_v4 3-ketoacyl-CoA thiolase	2.723E-47	1.000	1548	3	393	394	7	389	391	397	0.992	0.980
LOKIASV2_4485_ESMFold_acetyl-CoA_C-acetyltransferase	AF-A0A7V5VNN9-F1-model_v4	AF-A0A7V5VNN9-F1-model_v4 Thiolase family protein	4.237E-47	1.000	1546	3	393	394	6	381	383	396	0.992	0.982
LOKIASV2_4485_ESMFold_acetyl-CoA_C-acetyltransferase	AF-A0A266LZJ2-F1-model_v4	AF-A0A266LZJ2-F1-model_v4 3-ketoacyl-CoA thiolase	3.734E-47	1.000	1546	3	393	394	7	389	391	397	0.992	0.980
LOKIASV2_4485_ESMFold_acetyl-CoA_C-acetyltransferase	AF-A0A7U3VTT2-F1-model_v4	AF-A0A7U3VTT2-F1-model_v4 Acetyl-CoA acetyltransferase	7.024E-47	1.000	1546	2	393	394	3	392	394	403	0.995	0.990
LOKIASV2_4485_ESMFold_acetyl-CoA_C-acetyltransferase	AF-A0A495B887-F1-model_v4	AF-A0A495B887-F1-model_v4 Acetyl-CoA acyltransferase	8.490E-47	1.000	1546	2	394	394	6	399	400	413	0.997	0.985
LOKIASV2_4485_ESMFold_acetyl-CoA_C-acetyltransferase	AF-A0A6P1TA28-F1-model_v4	AF-A0A6P1TA28-F1-model_v4 Acetyl-CoA C-acyltransferase FadA	5.456E-47	1.000	1544	3	393	394	7	389	391	397	0.992	0.980
LOKIASV2_4485_ESMFold_acetyl-CoA_C-acetyltransferase	AF-A0A812SH34-F1-model_v4	AF-A0A812SH34-F1-model_v4 FadA5 protein	2.556E-47	1.000	1544	2	393	394	7	407	500	413	0.995	0.802
LOKIASV2_4485_ESMFold_acetyl-CoA_C-acetyltransferase	AF-A0A1I6XMS2-F1-model_v4	AF-A0A1I6XMS2-F1-model_v4 3-ketoacyl-CoA thiolase	9.044E-47	1.000	1543	3	393	394	7	389	391	397	0.992	0.980
LOKIASV2_4485_ESMFold_acetyl-CoA_C-acetyltransferase	AF-N9FUP1-F1-model_v4	AF-N9FUP1-F1-model_v4 3-ketoacyl-CoA thiolase	2.190E-46	1.000	1541	3	393	394	8	388	390	395	0.992	0.977
LOKIASV2_4485_ESMFold_acetyl-CoA_C-acetyltransferase	AF-A2RPY7-F1-model_v4	AF-A2RPY7-F1-model_v4 Acetyl-CoA acyltransferase protein	1.985E-47	1.000	1540	1	393	394	5	396	398	406	0.997	0.985
LOKIASV2_4485_ESMFold_acetyl-CoA_C-acetyltransferase	AF-A0A2R6GJH5-F1-model_v4	AF-A0A2R6GJH5-F1-model_v4 Steroid 3-ketoacyl-CoA thiolase	2.820E-46	1.000	1539	1	393	394	1	380	382	395	0.997	0.995
LOKIASV2_4485_ESMFold_acetyl-CoA_C-acetyltransferase	AF-A0A0B2XXQ4-F1-model_v4	AF-A0A0B2XXQ4-F1-model_v4 3-ketoacyl-CoA thiolase	2.333E-46	1.000	1538	3	393	394	8	388	390	395	0.992	0.977
LOKIASV2_4485_ESMFold_acetyl-CoA_C-acetyltransferase	AF-A0A7C5K963-F1-model_v4	AF-A0A7C5K963-F1-model_v4 Thiolase family protein	3.631E-46	1.000	1535	1	393	394	1	373	375	395	0.997	0.995
LOKIASV2_4485_ESMFold_acetyl-CoA_C-acetyltransferase	AF-A0A1Q4DHY7-F1-model_v4	AF-A0A1Q4DHY7-F1-model_v4 Uncharacterized protein	1.026E-46	1.000	1534	1	393	394	1	396	398	407	0.997	0.995
LOKIASV2_4485_ESMFold_acetyl-CoA_C-acetyltransferase	AF-A0A0N0VJ44-F1-model_v4	AF-A0A0N0VJ44-F1-model_v4 3-ketoacyl-CoA thiolase	1.597E-46	1.000	1533	3	393	394	7	389	391	397	0.992	0.980
LOKIASV2_4485_ESMFold_acetyl-CoA_C-acetyltransferase	AF-A0A1W1I6Y2-F1-model_v4	AF-A0A1W1I6Y2-F1-model_v4 3-ketoacyl-CoA thiolase	5.305E-46	1.000	1532	1	394	394	1	440	441	446	1.000	0.998
LOKIASV2_4485_ESMFold_acetyl-CoA_C-acetyltransferase	AF-A0A1C2E9G2-F1-model_v4	AF-A0A1C2E9G2-F1-model_v4 3-ketoacyl-CoA thiolase	2.486E-46	1.000	1530	3	393	394	7	389	391	397	0.992	0.980
LOKIASV2_4485_ESMFold_acetyl-CoA_C-acetyltransferase	AF-A0A1B1NBA5-F1-model_v4	AF-A0A1B1NBA5-F1-model_v4 3-ketoacyl-CoA thiolase	1.499E-46	1.000	1530	1	393	394	50	453	456	423	0.997	0.886
LOKIASV2_4485_ESMFold_acetyl-CoA_C-acetyltransferase	AF-B7PDP6-F1-model_v4	AF-B7PDP6-F1-model_v4 Acetyl-CoA acetyltransferase, putative	1.026E-46	1.000	1524	1	393	394	11	402	404	405	0.997	0.970
LOKIASV2_4485_ESMFold_acetyl-CoA_C-acetyltransferase	AF-A0A5C7QE25-F1-model_v4	AF-A0A5C7QE25-F1-model_v4 Thiolase family protein	2.269E-45	1.000	1524	3	394	394	11	415	419	410	0.995	0.967
LOKIASV2_4485_ESMFold_acetyl-CoA_C-acetyltransferase	AF-A0A4X1UYA3-F1-model_v4	AF-A0A4X1UYA3-F1-model_v4 Uncharacterized protein	3.631E-46	1.000	1524	1	393	394	86	472	474	399	0.997	0.816
LOKIASV2_4485_ESMFold_acetyl-CoA_C-acetyltransferase	AF-A0A3C1PQK1-F1-model_v4	AF-A0A3C1PQK1-F1-model_v4 Acetyl-CoA C-acyltransferase	1.458E-45	1.000	1523	1	315	394	1	313	317	315	0.799	0.987
LOKIASV2_4485_ESMFold_acetyl-CoA_C-acetyltransferase	AF-A0A1G0RK38-F1-model_v4	AF-A0A1G0RK38-F1-model_v4 Uncharacterized protein	2.486E-46	1.000	1523	2	394	394	6	422	423	421	0.997	0.986
LOKIASV2_4485_ESMFold_acetyl-CoA_C-acetyltransferase	AF-A0A6J6SJG0-F1-model_v4	AF-A0A6J6SJG0-F1-model_v4 Unannotated protein	3.004E-46	1.000	1521	2	394	394	4	391	391	400	0.997	0.992
LOKIASV2_4485_ESMFold_acetyl-CoA_C-acetyltransferase	AF-A0A534YZY4-F1-model_v4	AF-A0A534YZY4-F1-model_v4 Acetyl-CoA C-acyltransferase	9.980E-46	1.000	1520	4	393	394	3	378	380	392	0.990	0.989
LOKIASV2_4485_ESMFold_acetyl-CoA_C-acetyltransferase	AF-A0A7V6FFI4-F1-model_v4	AF-A0A7V6FFI4-F1-model_v4 Acetyl-CoA C-acetyltransferase	1.714E-44	1.000	1517	96	394	394	2	298	298	299	0.759	0.997
LOKIASV2_4485_ESMFold_acetyl-CoA_C-acetyltransferase	AF-A0A4R4S802-F1-model_v4	AF-A0A4R4S802-F1-model_v4 Acetyl-CoA C-acyltransferase	4.547E-45	1.000	1517	1	394	394	1	374	376	399	1.000	0.995
LOKIASV2_4485_ESMFold_acetyl-CoA_C-acetyltransferase	AF-A0A3M4EXW0-F1-model_v4	AF-A0A3M4EXW0-F1-model_v4 3-ketoacyl-CoA thiolase	3.200E-46	1.000	1513	3	393	394	69	451	453	397	0.992	0.845
LOKIASV2_4485_ESMFold_acetyl-CoA_C-acetyltransferase	AF-A0A3M2QFC5-F1-model_v4	AF-A0A3M2QFC5-F1-model_v4 Thiolase family protein	4.843E-45	1.000	1512	1	393	394	1	377	380	393	0.997	0.992
LOKIASV2_4485_ESMFold_acetyl-CoA_C-acetyltransferase	AF-A0A522D8I0-F1-model_v4	AF-A0A522D8I0-F1-model_v4 Thiolase family protein	3.868E-46	1.000	1511	1	393	394	1	388	390	402	0.997	0.995
LOKIASV2_4485_ESMFold_acetyl-CoA_C-acetyltransferase	AF-A0A2H5TNU5-F1-model_v4	AF-A0A2H5TNU5-F1-model_v4 Acetyl-CoA C-acyltransferase	3.631E-46	1.000	1511	3	393	394	569	954	957	404	0.992	0.403
LOKIASV2_4485_ESMFold_acetyl-CoA_C-acetyltransferase	AF-A0A1Q9ETQ1-F1-model_v4	AF-A0A1Q9ETQ1-F1-model_v4 3-ketoacyl-CoA thiolase B, peroxisomal	3.631E-46	1.000	1509	3	393	394	114	498	501	395	0.992	0.768
LOKIASV2_4485_ESMFold_acetyl-CoA_C-acetyltransferase	AF-A0A2V0R1H4-F1-model_v4	AF-A0A2V0R1H4-F1-model_v4 Acetyl-CoA acetyltransferase	9.980E-46	1.000	1504	6	393	394	2	381	383	394	0.985	0.992
LOKIASV2_4485_ESMFold_acetyl-CoA_C-acetyltransferase	AF-A0A1M5Q127-F1-model_v4	AF-A0A1M5Q127-F1-model_v4 Acetyl-CoA acyltransferase	6.020E-46	1.000	1502	1	393	394	1	390	392	406	0.997	0.995
LOKIASV2_4485_ESMFold_acetyl-CoA_C-acetyltransferase	AF-A0A7J6L3B7-F1-model_v4	AF-A0A7J6L3B7-F1-model_v4 Uncharacterized protein	6.831E-46	1.000	1502	2	371	394	439	822	945	388	0.939	0.406
LOKIASV2_4485_ESMFold_acetyl-CoA_C-acetyltransferase	AF-A0A6C1P6N8-F1-model_v4	AF-A0A6C1P6N8-F1-model_v4 Thiolase family protein	2.351E-44	1.000	1500	1	393	394	1	423	428	431	0.997	0.988
LOKIASV2_4485_ESMFold_acetyl-CoA_C-acetyltransferase	AF-A0A452T5J9-F1-model_v4	AF-A0A452T5J9-F1-model_v4 Acetyl-CoA acyltransferase 2	4.843E-45	1.000	1498	2	373	394	5	374	485	374	0.944	0.763
LOKIASV2_4485_ESMFold_acetyl-CoA_C-acetyltransferase	AF-A0A024EIZ8-F1-model_v4	AF-A0A024EIZ8-F1-model_v4 3-ketoacyl-CoA thiolase	1.285E-45	1.000	1497	6	393	394	2	381	383	394	0.985	0.992
LOKIASV2_4485_ESMFold_acetyl-CoA_C-acetyltransferase	AF-A0A292Q3L0-F1-model_v4	AF-A0A292Q3L0-F1-model_v4 Uncharacterized protein	1.553E-45	1.000	1489	2	393	394	31	416	419	398	0.995	0.921
LOKIASV2_4485_ESMFold_acetyl-CoA_C-acetyltransferase	AF-A0A8A6JIM9-F1-model_v4	AF-A0A8A6JIM9-F1-model_v4 Acetyl-CoA C-acyltransferase	4.007E-45	1.000	1487	1	393	394	1	390	392	400	0.997	0.995
LOKIASV2_4485_ESMFold_acetyl-CoA_C-acetyltransferase	AF-A0A7I7Z2Q5-F1-model_v4	AF-A0A7I7Z2Q5-F1-model_v4 Acetyl-CoA acetyltransferase	1.034E-44	1.000	1482	1	393	394	1	384	386	398	0.997	0.995
LOKIASV2_4485_ESMFold_acetyl-CoA_C-acetyltransferase	AF-A0A380G9I2-F1-model_v4	AF-A0A380G9I2-F1-model_v4 Acetyl-CoA C-acetyltransferase	1.418E-44	1.000	1478	1	393	394	1	377	381	393	0.997	0.990
LOKIASV2_4485_ESMFold_acetyl-CoA_C-acetyltransferase	AF-A0A388RYF2-F1-model_v4	AF-A0A388RYF2-F1-model_v4 Acetyl-CoA acetyltransferase	4.007E-45	1.000	1478	1	393	394	1	389	391	404	0.997	0.995
LOKIASV2_4485_ESMFold_acetyl-CoA_C-acetyltransferase	AF-A0A812XND9-F1-model_v4	AF-A0A812XND9-F1-model_v4 FadA protein	1.132E-45	1.000	1478	1	394	394	2	393	1108	405	1.000	0.354
LOKIASV2_4485_ESMFold_acetyl-CoA_C-acetyltransferase	AF-A0A318EX20-F1-model_v4	AF-A0A318EX20-F1-model_v4 Acetyl-CoA C-acetyltransferase	3.112E-45	1.000	1476	1	393	394	1	386	390	405	0.997	0.990
LOKIASV2_4485_ESMFold_acetyl-CoA_C-acetyltransferase	AF-A0A255ZBV9-F1-model_v4	AF-A0A255ZBV9-F1-model_v4 Acetyl-CoA acetyltransferase	3.762E-45	1.000	1469	1	393	394	4	395	397	412	0.997	0.987
LOKIASV2_4485_ESMFold_acetyl-CoA_C-acetyltransferase	AF-A0A536UZ86-F1-model_v4	AF-A0A536UZ86-F1-model_v4 Acetyl-CoA C-acyltransferase	6.881E-44	1.000	1465	1	393	394	4	329	331	394	0.997	0.985
LOKIASV2_4485_ESMFold_acetyl-CoA_C-acetyltransferase	AF-A0A4Y7Q4Y9-F1-model_v4	AF-A0A4Y7Q4Y9-F1-model_v4 Thiolase	2.207E-44	1.000	1465	2	394	394	83	471	472	400	0.997	0.824
LOKIASV2_4485_ESMFold_acetyl-CoA_C-acetyltransferase	AF-M5GEP3-F1-model_v4	AF-M5GEP3-F1-model_v4 Thiolase	9.705E-45	1.000	1465	3	393	394	90	475	478	397	0.992	0.808
LOKIASV2_4485_ESMFold_acetyl-CoA_C-acetyltransferase	AF-A0A2N0LR00-F1-model_v4	AF-A0A2N0LR00-F1-model_v4 Uncharacterized protein	9.369E-46	1.000	1464	1	393	394	3	427	429	435	0.997	0.991
LOKIASV2_4485_ESMFold_acetyl-CoA_C-acetyltransferase	AF-A0A7V2KVQ7-F1-model_v4	AF-A0A7V2KVQ7-F1-model_v4 Thiolase family protein	2.922E-45	1.000	1463	1	393	394	1	415	420	421	0.997	0.988
LOKIASV2_4485_ESMFold_acetyl-CoA_C-acetyltransferase	AF-A0A0L9UTW4-F1-model_v4	AF-A0A0L9UTW4-F1-model_v4 Uncharacterized protein	7.537E-45	1.000	1458	2	393	394	6	392	396	406	0.995	0.977
LOKIASV2_4485_ESMFold_acetyl-CoA_C-acetyltransferase	AF-A0A838LDN2-F1-model_v4	AF-A0A838LDN2-F1-model_v4 Thiolase family protein	9.369E-46	1.000	1455	1	393	394	5	392	401	401	0.997	0.968
LOKIASV2_4485_ESMFold_acetyl-CoA_C-acetyltransferase	AF-A0A2H0TEK9-F1-model_v4	AF-A0A2H0TEK9-F1-model_v4 Uncharacterized protein	4.422E-44	1.000	1455	1	394	394	4	418	421	428	1.000	0.986
LOKIASV2_4485_ESMFold_acetyl-CoA_C-acetyltransferase	AF-A0A1J5QIK6-F1-model_v4	AF-A0A1J5QIK6-F1-model_v4 3-oxoadipyl-CoA/3-oxo-5,6-dehydrosuberyl-CoA thiolase	9.438E-44	1.000	1454	2	394	394	3	390	391	400	0.997	0.992
LOKIASV2_4485_ESMFold_acetyl-CoA_C-acetyltransferase	AF-A0A7C4MWF2-F1-model_v4	AF-A0A7C4MWF2-F1-model_v4 Thiolase family protein	2.841E-44	1.000	1453	1	393	394	5	391	395	402	0.997	0.980
LOKIASV2_4485_ESMFold_acetyl-CoA_C-acetyltransferase	AF-U6L837-F1-model_v4	AF-U6L837-F1-model_v4 Acetyl-CoA acyltransferase B, putative	3.897E-44	1.000	1453	3	393	394	240	625	632	403	0.992	0.611
LOKIASV2_4485_ESMFold_acetyl-CoA_C-acetyltransferase	AF-A0A0S8AXD3-F1-model_v4	AF-A0A0S8AXD3-F1-model_v4 Acetyl-CoA acetyltransferase	1.294E-43	1.000	1450	1	393	394	1	383	385	394	0.997	0.995
LOKIASV2_4485_ESMFold_acetyl-CoA_C-acetyltransferase	AF-A0A661NZ32-F1-model_v4	AF-A0A661NZ32-F1-model_v4 Acetyl-CoA C-acyltransferase FadI	2.071E-44	1.000	1449	2	393	394	71	493	495	429	0.995	0.855
LOKIASV2_4485_ESMFold_acetyl-CoA_C-acetyltransferase	AF-A0A7W8UH73-F1-model_v4	AF-A0A7W8UH73-F1-model_v4 Acetyl-CoA acetyltransferase family protein	6.282E-43	1.000	1448	2	331	394	4	329	496	330	0.838	0.657
LOKIASV2_4485_ESMFold_acetyl-CoA_C-acetyltransferase	AF-A0A543NM75-F1-model_v4	AF-A0A543NM75-F1-model_v4 Acetyl-CoA C-acetyltransferase	1.714E-44	1.000	1447	1	393	394	1	404	407	420	0.997	0.993
LOKIASV2_4485_ESMFold_acetyl-CoA_C-acetyltransferase	AF-A0A4R2KM09-F1-model_v4	AF-A0A4R2KM09-F1-model_v4 Acetyl-CoA C-acetyltransferase	1.101E-44	1.000	1444	1	394	394	1	391	392	406	1.000	0.997
LOKIASV2_4485_ESMFold_acetyl-CoA_C-acetyltransferase	AF-A0A7J6LIN9-F1-model_v4	AF-A0A7J6LIN9-F1-model_v4 Translocation protein SEC62	2.146E-43	1.000	1444	3	373	394	23	396	1006	379	0.942	0.372
LOKIASV2_4485_ESMFold_acetyl-CoA_C-acetyltransferase	AF-A0A7Y3IEJ9-F1-model_v4	AF-A0A7Y3IEJ9-F1-model_v4 Acetyl-CoA C-acyltransferase	1.521E-42	1.000	1441	59	393	394	3	341	343	340	0.850	0.988
LOKIASV2_4485_ESMFold_acetyl-CoA_C-acetyltransferase	AF-A0A094F2X7-F1-model_v4	AF-A0A094F2X7-F1-model_v4 Uncharacterized protein	3.897E-44	1.000	1441	2	393	394	25	411	413	399	0.995	0.937
LOKIASV2_4485_ESMFold_acetyl-CoA_C-acetyltransferase	AF-A0A197JKN5-F1-model_v4	AF-A0A197JKN5-F1-model_v4 Thiolase	2.207E-44	1.000	1440	3	394	394	31	425	426	406	0.995	0.927
LOKIASV2_4485_ESMFold_acetyl-CoA_C-acetyltransferase	AF-A0A1G3AN72-F1-model_v4	AF-A0A1G3AN72-F1-model_v4 Acetyl-CoA acetyltransferase	9.776E-43	1.000	1439	2	351	394	20	365	365	350	0.888	0.948
LOKIASV2_4485_ESMFold_acetyl-CoA_C-acetyltransferase	AF-A0A7D6VFC8-F1-model_v4	AF-A0A7D6VFC8-F1-model_v4 Acetyl-CoA C-acetyltransferase	4.547E-45	1.000	1438	1	393	394	1	380	382	410	0.997	0.995
LOKIASV2_4485_ESMFold_acetyl-CoA_C-acetyltransferase	AF-A0A812SMG2-F1-model_v4	AF-A0A812SMG2-F1-model_v4 Acaa1b protein	5.344E-44	1.000	1437	3	393	394	37	423	482	397	0.992	0.803
LOKIASV2_4485_ESMFold_acetyl-CoA_C-acetyltransferase	AF-Q5HRH3-F1-model_v4	AF-Q5HRH3-F1-model_v4 Putative acetyl-CoA C-acetyltransferase VraB	1.775E-43	1.000	1435	1	393	394	1	377	382	394	0.997	0.987
LOKIASV2_4485_ESMFold_acetyl-CoA_C-acetyltransferase	AF-A0A364V6N9-F1-model_v4	AF-A0A364V6N9-F1-model_v4 Acetyl-CoA C-acetyltransferase	3.658E-44	1.000	1432	2	393	394	8	407	409	419	0.995	0.978
LOKIASV2_4485_ESMFold_acetyl-CoA_C-acetyltransferase	AF-A0A813JHY2-F1-model_v4	AF-A0A813JHY2-F1-model_v4 Hypothetical protein	3.224E-44	1.000	1431	3	393	394	261	646	688	396	0.992	0.561
LOKIASV2_4485_ESMFold_acetyl-CoA_C-acetyltransferase	AF-A0A1I0W0U9-F1-model_v4	AF-A0A1I0W0U9-F1-model_v4 Acetyl-CoA C-acetyltransferase	4.151E-44	1.000	1430	1	393	394	1	382	384	402	0.997	0.995
LOKIASV2_4485_ESMFold_acetyl-CoA_C-acetyltransferase	AF-A0A6I3HMP3-F1-model_v4	AF-A0A6I3HMP3-F1-model_v4 Steroid 3-ketoacyl-CoA thiolase	1.775E-43	1.000	1430	2	393	394	11	408	410	409	0.995	0.971
LOKIASV2_4485_ESMFold_acetyl-CoA_C-acetyltransferase	AF-A0A7C5D235-F1-model_v4	AF-A0A7C5D235-F1-model_v4 Thiolase family protein	6.064E-44	1.000	1429	2	393	394	3	411	413	419	0.995	0.990
LOKIASV2_4485_ESMFold_acetyl-CoA_C-acetyltransferase	AF-A0A6G6Y5K3-F1-model_v4	AF-A0A6G6Y5K3-F1-model_v4 Acetyl-CoA C-acetyltransferase	7.330E-44	1.000	1429	2	393	394	156	577	579	434	0.995	0.729
LOKIASV2_4485_ESMFold_acetyl-CoA_C-acetyltransferase	AF-A0A1J3CXK5-F1-model_v4	AF-A0A1J3CXK5-F1-model_v4 3-ketoacyl-CoA thiolase 5, peroxisomal	6.064E-44	1.000	1428	2	393	394	25	414	433	401	0.995	0.901
LOKIASV2_4485_ESMFold_acetyl-CoA_C-acetyltransferase	AF-A0A351EUU1-F1-model_v4	AF-A0A351EUU1-F1-model_v4 Steroid 3-ketoacyl-CoA thiolase	3.339E-43	1.000	1427	1	393	394	1	392	394	408	0.997	0.995
LOKIASV2_4485_ESMFold_acetyl-CoA_C-acetyltransferase	AF-A0A7T9DTK0-F1-model_v4	AF-A0A7T9DTK0-F1-model_v4 Acetyl-CoA C-acetyltransferase	5.017E-44	1.000	1426	2	393	394	3	400	402	417	0.995	0.990
LOKIASV2_4485_ESMFold_acetyl-CoA_C-acetyltransferase	AF-A0A4D8XUQ0-F1-model_v4	AF-A0A4D8XUQ0-F1-model_v4 Acetyl-CoA acyltransferase 1	8.860E-44	1.000	1426	2	393	394	52	437	462	402	0.995	0.835
LOKIASV2_4485_ESMFold_acetyl-CoA_C-acetyltransferase	AF-A0A2S9NZQ5-F1-model_v4	AF-A0A2S9NZQ5-F1-model_v4 Acetyl-CoA acetyltransferase	7.808E-44	1.000	1422	1	393	394	1	381	383	407	0.997	0.995
LOKIASV2_4485_ESMFold_acetyl-CoA_C-acetyltransferase	AF-A0A818JXW1-F1-model_v4	AF-A0A818JXW1-F1-model_v4 Hypothetical protein	5.197E-43	1.000	1422	2	393	394	63	483	486	433	0.995	0.866
LOKIASV2_4485_ESMFold_acetyl-CoA_C-acetyltransferase	AF-A0A0D9RJH6-F1-model_v4	AF-A0A0D9RJH6-F1-model_v4 Uncharacterized protein	3.049E-42	1.000	1421	2	305	394	6	307	373	304	0.772	0.810
LOKIASV2_4485_ESMFold_acetyl-CoA_C-acetyltransferase	AF-A0A367XN02-F1-model_v4	AF-A0A367XN02-F1-model_v4 3-ketoacyl-CoA thiolase B, peroxisomal	2.207E-44	1.000	1417	3	393	394	14	404	406	405	0.992	0.963
LOKIASV2_4485_ESMFold_acetyl-CoA_C-acetyltransferase	AF-A0A257LTT1-F1-model_v4	AF-A0A257LTT1-F1-model_v4 Acetyl-CoA acetyltransferase	1.149E-41	1.000	1416	82	393	394	1	308	310	312	0.792	0.994
LOKIASV2_4485_ESMFold_acetyl-CoA_C-acetyltransferase	AF-A0A7W0GCW3-F1-model_v4	AF-A0A7W0GCW3-F1-model_v4 Acetyl-CoA C-acyltransferase	2.504E-44	1.000	1415	1	393	394	1	388	397	401	0.997	0.977
LOKIASV2_4485_ESMFold_acetyl-CoA_C-acetyltransferase	AF-A0A7M7GBC1-F1-model_v4	AF-A0A7M7GBC1-F1-model_v4 Uncharacterized protein	8.088E-43	1.000	1415	2	393	394	45	464	471	430	0.995	0.892
LOKIASV2_4485_ESMFold_acetyl-CoA_C-acetyltransferase	AF-A0A0S7JMV5-F1-model_v4	AF-A0A0S7JMV5-F1-model_v4 THIM	9.776E-43	1.000	1414	51	393	394	4	343	345	344	0.871	0.986
LOKIASV2_4485_ESMFold_acetyl-CoA_C-acetyltransferase	AF-A0A5M9MU46-F1-model_v4	AF-A0A5M9MU46-F1-model_v4 Uncharacterized protein	8.317E-44	1.000	1414	2	394	394	87	474	475	401	0.997	0.817
LOKIASV2_4485_ESMFold_acetyl-CoA_C-acetyltransferase	AF-M1RYA0-F1-model_v4	AF-M1RYA0-F1-model_v4 Acetyl-CoA acetyltransferase	4.331E-41	1.000	1410	82	393	394	1	305	307	312	0.792	0.993
LOKIASV2_4485_ESMFold_acetyl-CoA_C-acetyltransferase	AF-A0A058ZG31-F1-model_v4	AF-A0A058ZG31-F1-model_v4 Acetyl-CoA acyltransferase	2.368E-42	1.000	1410	3	393	394	62	484	489	435	0.992	0.865
LOKIASV2_4485_ESMFold_acetyl-CoA_C-acetyltransferase	AF-A0A6A5KLC0-F1-model_v4	AF-A0A6A5KLC0-F1-model_v4 Thiolase	6.460E-44	1.000	1406	2	394	394	314	701	701	401	0.997	0.553
LOKIASV2_4485_ESMFold_acetyl-CoA_C-acetyltransferase	AF-A0A5B9DXG6-F1-model_v4	AF-A0A5B9DXG6-F1-model_v4 Acetyl-CoA C-acetyltransferase	3.557E-43	1.000	1405	1	393	394	1	381	383	400	0.997	0.995
LOKIASV2_4485_ESMFold_acetyl-CoA_C-acetyltransferase	AF-A0A2J8E927-F1-model_v4	AF-A0A2J8E927-F1-model_v4 Uncharacterized protein	4.300E-43	1.000	1405	2	394	394	29	416	416	401	0.997	0.933
LOKIASV2_4485_ESMFold_acetyl-CoA_C-acetyltransferase	AF-K9GV01-F1-model_v4	AF-K9GV01-F1-model_v4 Uncharacterized protein	3.789E-43	1.000	1405	3	393	394	77	460	464	399	0.992	0.828
LOKIASV2_4485_ESMFold_acetyl-CoA_C-acetyltransferase	AF-A0A1C4VMN3-F1-model_v4	AF-A0A1C4VMN3-F1-model_v4 Acetyl-CoA acyltransferase	6.460E-44	1.000	1402	2	393	394	6	389	398	398	0.995	0.965
LOKIASV2_4485_ESMFold_acetyl-CoA_C-acetyltransferase	AF-A0A7Y5LPB4-F1-model_v4	AF-A0A7Y5LPB4-F1-model_v4 Acetyl-CoA C-acyltransferase FadI	6.507E-42	1.000	1402	2	394	394	18	440	441	433	0.997	0.959
LOKIASV2_4485_ESMFold_acetyl-CoA_C-acetyltransferase	AF-A0A702BP20-F1-model_v4	AF-A0A702BP20-F1-model_v4 3-ketoacyl-CoA thiolase	1.959E-42	1.000	1400	2	394	394	13	435	436	431	0.997	0.970
LOKIASV2_4485_ESMFold_acetyl-CoA_C-acetyltransferase	AF-A0A0D1Z6W9-F1-model_v4	AF-A0A0D1Z6W9-F1-model_v4 Uncharacterized protein	1.294E-43	1.000	1399	3	393	394	11	395	398	401	0.992	0.967
LOKIASV2_4485_ESMFold_acetyl-CoA_C-acetyltransferase	AF-A0A1H5H7D2-F1-model_v4	AF-A0A1H5H7D2-F1-model_v4 Acetyl-CoA acyltransferase	6.881E-44	1.000	1398	1	393	394	50	437	450	404	0.997	0.862
LOKIASV2_4485_ESMFold_acetyl-CoA_C-acetyltransferase	AF-A0A6H1BTC5-F1-model_v4	AF-A0A6H1BTC5-F1-model_v4 Thiolase family protein	7.593E-43	1.000	1396	1	393	394	1	387	389	405	0.997	0.995
LOKIASV2_4485_ESMFold_acetyl-CoA_C-acetyltransferase	AF-A0A855YCN1-F1-model_v4	AF-A0A855YCN1-F1-model_v4 Acetyl-CoA C-acyltransferase FadI	1.389E-41	1.000	1396	2	394	394	13	435	436	431	0.997	0.970
LOKIASV2_4485_ESMFold_acetyl-CoA_C-acetyltransferase	AF-A0A0F7RTW2-F1-model_v4	AF-A0A0F7RTW2-F1-model_v4 Uncharacterized protein	2.162E-41	1.000	1395	53	393	394	1	332	334	343	0.865	0.994
LOKIASV2_4485_ESMFold_acetyl-CoA_C-acetyltransferase	AF-A0A7W1RMH0-F1-model_v4	AF-A0A7W1RMH0-F1-model_v4 Acetyl-CoA C-acyltransferase	2.303E-41	1.000	1395	53	394	394	2	340	340	342	0.868	0.997
LOKIASV2_4485_ESMFold_acetyl-CoA_C-acetyltransferase	AF-A0A7W7JH87-F1-model_v4	AF-A0A7W7JH87-F1-model_v4 Acetyl-CoA acyltransferase	1.041E-42	1.000	1395	15	393	394	2	372	374	385	0.962	0.992
LOKIASV2_4485_ESMFold_acetyl-CoA_C-acetyltransferase	AF-A0A4R3ZLP9-F1-model_v4	AF-A0A4R3ZLP9-F1-model_v4 3-ketoacyl-CoA thiolase	1.521E-42	1.000	1394	2	394	394	13	435	436	431	0.997	0.970
LOKIASV2_4485_ESMFold_acetyl-CoA_C-acetyltransferase	AF-A0A1S3FEE1-F1-model_v4	AF-A0A1S3FEE1-F1-model_v4 3-ketoacyl-CoA thiolase, mitochondrial	5.344E-44	1.000	1394	1	393	394	26	441	444	422	0.997	0.937
LOKIASV2_4485_ESMFold_acetyl-CoA_C-acetyltransferase	AF-U1GDR5-F1-model_v4	AF-U1GDR5-F1-model_v4 Uncharacterized protein	6.282E-43	1.000	1393	3	393	394	512	899	902	400	0.992	0.430
LOKIASV2_4485_ESMFold_acetyl-CoA_C-acetyltransferase	AF-A0A177HZF2-F1-model_v4	AF-A0A177HZF2-F1-model_v4 Putative acyltransferase	2.594E-43	1.000	1392	2	393	394	139	538	540	416	0.995	0.741
LOKIASV2_4485_ESMFold_acetyl-CoA_C-acetyltransferase	AF-A0A1S4E4M2-F1-model_v4	AF-A0A1S4E4M2-F1-model_v4 acetyl-CoA acetyltransferase, cytosolic 1 isoform X2	7.866E-42	1.000	1389	3	337	394	13	346	412	336	0.850	0.811
LOKIASV2_4485_ESMFold_acetyl-CoA_C-acetyltransferase	AF-A0A3C1DSK4-F1-model_v4	AF-A0A3C1DSK4-F1-model_v4 Acetyl-CoA C-acyltransferase	1.726E-42	1.000	1386	2	393	394	6	407	409	413	0.995	0.983
LOKIASV2_4485_ESMFold_acetyl-CoA_C-acetyltransferase	AF-A0A177ULW8-F1-model_v4	AF-A0A177ULW8-F1-model_v4 Uncharacterized protein	4.580E-43	1.000	1386	3	393	394	65	461	465	420	0.992	0.854
LOKIASV2_4485_ESMFold_acetyl-CoA_C-acetyltransferase	AF-A0A674H5Z2-F1-model_v4	AF-A0A674H5Z2-F1-model_v4 Uncharacterized protein	3.685E-42	1.000	1386	2	393	394	51	469	531	432	0.995	0.789
LOKIASV2_4485_ESMFold_acetyl-CoA_C-acetyltransferase	AF-A0A534W5J9-F1-model_v4	AF-A0A534W5J9-F1-model_v4 Adenylosuccinate synthetase	1.215E-43	1.000	1384	2	382	394	413	776	777	383	0.967	0.468
LOKIASV2_4485_ESMFold_acetyl-CoA_C-acetyltransferase	AF-A0A340X6Y7-F1-model_v4	AF-A0A340X6Y7-F1-model_v4 3-ketoacyl-CoA thiolase 2, peroxisomal-like	1.259E-42	1.000	1383	15	393	394	2	372	374	385	0.962	0.992
LOKIASV2_4485_ESMFold_acetyl-CoA_C-acetyltransferase	AF-A0A7Y3CCZ9-F1-model_v4	AF-A0A7Y3CCZ9-F1-model_v4 Acetyl-CoA C-acyltransferase	1.905E-41	1.000	1381	1	314	394	1	310	310	314	0.797	1.000
LOKIASV2_4485_ESMFold_acetyl-CoA_C-acetyltransferase	AF-A0A316G093-F1-model_v4	AF-A0A316G093-F1-model_v4 Acetyl-CoA acyltransferase	1.905E-41	1.000	1381	2	394	394	79	501	502	433	0.997	0.843
LOKIASV2_4485_ESMFold_acetyl-CoA_C-acetyltransferase	AF-G8BGZ7-F1-model_v4	AF-G8BGZ7-F1-model_v4 Uncharacterized protein	6.460E-44	1.000	1379	3	393	394	11	399	401	405	0.992	0.970
LOKIASV2_4485_ESMFold_acetyl-CoA_C-acetyltransferase	AF-A5H2N8-F1-model_v4	AF-A5H2N8-F1-model_v4 3-ketoacyl-CoA thiolase B	1.379E-43	1.000	1379	3	393	394	21	403	405	405	0.992	0.946
LOKIASV2_4485_ESMFold_acetyl-CoA_C-acetyltransferase	AF-A0A2N3TZZ8-F1-model_v4	AF-A0A2N3TZZ8-F1-model_v4 Acetyl-CoA acetyltransferase family protein	1.775E-43	1.000	1379	2	393	394	391	782	793	406	0.995	0.494
LOKIASV2_4485_ESMFold_acetyl-CoA_C-acetyltransferase	AF-A0A553MT23-F1-model_v4	AF-A0A553MT23-F1-model_v4 Uncharacterized protein	3.248E-42	1.000	1377	1	393	394	1	353	355	395	0.997	0.994
LOKIASV2_4485_ESMFold_acetyl-CoA_C-acetyltransferase	AF-A1S7L7-F1-model_v4	AF-A1S7L7-F1-model_v4 3-ketoacyl-CoA thiolase	7.384E-42	1.000	1376	2	394	394	13	435	436	435	0.997	0.970
LOKIASV2_4485_ESMFold_acetyl-CoA_C-acetyltransferase	AF-A0A7H1TNW3-F1-model_v4	AF-A0A7H1TNW3-F1-model_v4 3-ketoacyl-CoA thiolase	8.925E-42	1.000	1375	2	394	394	13	435	436	433	0.997	0.970
LOKIASV2_4485_ESMFold_acetyl-CoA_C-acetyltransferase	AF-A0A0H5QSH2-F1-model_v4	AF-A0A0H5QSH2-F1-model_v4 Uncharacterized protein	6.507E-42	1.000	1375	3	393	394	22	448	452	437	0.992	0.945
LOKIASV2_4485_ESMFold_acetyl-CoA_C-acetyltransferase	AF-A0A5S4ZMI6-F1-model_v4	AF-A0A5S4ZMI6-F1-model_v4 Acetyl-CoA acyltransferase	3.339E-43	1.000	1374	1	393	394	5	392	400	401	0.997	0.970
LOKIASV2_4485_ESMFold_acetyl-CoA_C-acetyltransferase	AF-A0A7J2J5I4-F1-model_v4	AF-A0A7J2J5I4-F1-model_v4 Acetyl-CoA C-acyltransferase	1.905E-41	1.000	1372	2	325	394	10	326	327	324	0.822	0.969
LOKIASV2_4485_ESMFold_acetyl-CoA_C-acetyltransferase	AF-A0A7W0RDC1-F1-model_v4	AF-A0A7W0RDC1-F1-model_v4 Thiolase family protein	7.866E-42	1.000	1372	6	393	394	2	379	381	399	0.985	0.992
LOKIASV2_4485_ESMFold_acetyl-CoA_C-acetyltransferase	AF-A0A545UAI8-F1-model_v4	AF-A0A545UAI8-F1-model_v4 Acetyl-CoA C-acyltransferase FadI	9.848E-41	1.000	1370	2	394	394	73	495	496	431	0.997	0.853
LOKIASV2_4485_ESMFold_acetyl-CoA_C-acetyltransferase	AF-A0A539D201-F1-model_v4	AF-A0A539D201-F1-model_v4 Acetyl-CoA C-acetyltransferase	1.788E-41	1.000	1367	12	394	394	2	351	352	386	0.972	0.994
LOKIASV2_4485_ESMFold_acetyl-CoA_C-acetyltransferase	AF-D3Q4N4-F1-model_v4	AF-D3Q4N4-F1-model_v4 Acetyl-CoA acetyltransferase	2.286E-43	1.000	1365	2	393	394	7	388	396	398	0.995	0.965
LOKIASV2_4485_ESMFold_acetyl-CoA_C-acetyltransferase	AF-A0A4V0KAQ6-F1-model_v4	AF-A0A4V0KAQ6-F1-model_v4 Acetyl-CoA acetyltransferase, putative	1.079E-41	1.000	1364	2	393	394	7	395	397	404	0.995	0.980
LOKIASV2_4485_ESMFold_acetyl-CoA_C-acetyltransferase	AF-A0A175WFB4-F1-model_v4	AF-A0A175WFB4-F1-model_v4 3-ketoacyl-CoA thiolase 2, peroxisomal	2.223E-42	1.000	1364	3	393	394	18	417	419	410	0.992	0.955
LOKIASV2_4485_ESMFold_acetyl-CoA_C-acetyltransferase	AF-A0A146H779-F1-model_v4	AF-A0A146H779-F1-model_v4 3-ketoacyl-CoA thiolase	2.087E-42	1.000	1363	3	394	394	111	486	493	396	0.995	0.763
LOKIASV2_4485_ESMFold_acetyl-CoA_C-acetyltransferase	AF-K1V091-F1-model_v4	AF-K1V091-F1-model_v4 Uncharacterized protein	7.866E-42	1.000	1358	1	394	394	29	422	422	408	1.000	0.934
LOKIASV2_4485_ESMFold_acetyl-CoA_C-acetyltransferase	AF-A0A3G9M267-F1-model_v4	AF-A0A3G9M267-F1-model_v4 Beta-ketoadipyl CoA thiolase	1.839E-42	1.000	1358	2	393	394	52	451	453	417	0.995	0.883
LOKIASV2_4485_ESMFold_acetyl-CoA_C-acetyltransferase	AF-A0A562IDU7-F1-model_v4	AF-A0A562IDU7-F1-model_v4 Acetyl-CoA acyltransferase	7.128E-43	1.000	1356	2	393	394	6	389	406	402	0.995	0.946
LOKIASV2_4485_ESMFold_acetyl-CoA_C-acetyltransferase	AF-A0A1E3QMD7-F1-model_v4	AF-A0A1E3QMD7-F1-model_v4 Uncharacterized protein	4.036E-43	1.000	1355	3	394	394	28	418	418	406	0.995	0.935
LOKIASV2_4485_ESMFold_acetyl-CoA_C-acetyltransferase	AF-A0A3M6EK04-F1-model_v4	AF-A0A3M6EK04-F1-model_v4 Acetyl-CoA acetyltransferase	8.148E-41	1.000	1354	2	346	394	55	396	396	346	0.876	0.864
LOKIASV2_4485_ESMFold_acetyl-CoA_C-acetyltransferase	AF-A0A7X7A8L7-F1-model_v4	AF-A0A7X7A8L7-F1-model_v4 3-oxoadipyl-CoA thiolase	3.459E-42	1.000	1353	1	352	394	1	357	357	361	0.893	1.000
LOKIASV2_4485_ESMFold_acetyl-CoA_C-acetyltransferase	AF-A0A2T7P559-F1-model_v4	AF-A0A2T7P559-F1-model_v4 Uncharacterized protein	1.351E-40	1.000	1352	1	329	394	27	351	379	329	0.835	0.858
LOKIASV2_4485_ESMFold_acetyl-CoA_C-acetyltransferase	AF-N6U3E2-F1-model_v4	AF-N6U3E2-F1-model_v4 Uncharacterized protein	8.925E-42	1.000	1352	2	393	394	45	464	472	427	0.995	0.890
LOKIASV2_4485_ESMFold_acetyl-CoA_C-acetyltransferase	AF-A0A838MWW8-F1-model_v4	AF-A0A838MWW8-F1-model_v4 Thiolase family protein	1.399E-39	1.000	1349	91	393	394	1	302	304	304	0.769	0.993
LOKIASV2_4485_ESMFold_acetyl-CoA_C-acetyltransferase	AF-A0A2A6KKW1-F1-model_v4	AF-A0A2A6KKW1-F1-model_v4 Acetyl-CoA C-acyltransferase	2.223E-42	1.000	1348	3	393	394	12	394	399	402	0.992	0.960
LOKIASV2_4485_ESMFold_acetyl-CoA_C-acetyltransferase	AF-A0A5E4QNU6-F1-model_v4	AF-A0A5E4QNU6-F1-model_v4 Uncharacterized protein	5.054E-42	1.000	1345	1	393	394	8	357	359	393	0.997	0.975
LOKIASV2_4485_ESMFold_acetyl-CoA_C-acetyltransferase	AF-Q15VA3-F1-model_v4	AF-Q15VA3-F1-model_v4 3-ketoacyl-CoA thiolase	8.679E-41	1.000	1343	2	394	394	13	435	436	427	0.997	0.970
LOKIASV2_4485_ESMFold_acetyl-CoA_C-acetyltransferase	AF-T1GWF5-F1-model_v4	AF-T1GWF5-F1-model_v4 Uncharacterized protein	1.533E-40	1.000	1338	23	393	394	1	350	352	374	0.942	0.994
LOKIASV2_4485_ESMFold_acetyl-CoA_C-acetyltransferase	AF-A0A2E9H4J8-F1-model_v4	AF-A0A2E9H4J8-F1-model_v4 Acetyl-CoA C-acyltransferase FadI	2.102E-40	1.000	1338	2	394	394	13	435	436	435	0.997	0.970
LOKIASV2_4485_ESMFold_acetyl-CoA_C-acetyltransferase	AF-A0A7S4B1N8-F1-model_v4	AF-A0A7S4B1N8-F1-model_v4 Hypothetical protein	1.304E-41	1.000	1337	2	355	394	23	382	394	364	0.898	0.914
LOKIASV2_4485_ESMFold_acetyl-CoA_C-acetyltransferase	AF-A0A4D4JBI9-F1-model_v4	AF-A0A4D4JBI9-F1-model_v4 Acetyl-CoA acyltransferase	2.862E-42	1.000	1337	5	393	394	2	385	394	397	0.987	0.975
LOKIASV2_4485_ESMFold_acetyl-CoA_C-acetyltransferase	AF-A0A1N7B5B4-F1-model_v4	AF-A0A1N7B5B4-F1-model_v4 Acetyl-CoA acyltransferase	3.685E-42	1.000	1336	2	393	394	13	396	404	402	0.995	0.950
LOKIASV2_4485_ESMFold_acetyl-CoA_C-acetyltransferase	AF-M1EBP1-F1-model_v4	AF-M1EBP1-F1-model_v4 Acetyl-Coenzyme A acetyltransferase 2	1.588E-39	1.000	1335	2	301	394	6	303	304	300	0.761	0.980
LOKIASV2_4485_ESMFold_acetyl-CoA_C-acetyltransferase	AF-A0A1C6KTK0-F1-model_v4	AF-A0A1C6KTK0-F1-model_v4 Probable acetyl-CoA acyltransferase	1.190E-40	1.000	1335	1	393	394	1	373	375	396	0.997	0.995
LOKIASV2_4485_ESMFold_acetyl-CoA_C-acetyltransferase	AF-A0A1T4Y8M2-F1-model_v4	AF-A0A1T4Y8M2-F1-model_v4 Acetyl-CoA C-acetyltransferase	7.384E-42	1.000	1333	3	393	394	2	397	399	413	0.992	0.992
LOKIASV2_4485_ESMFold_acetyl-CoA_C-acetyltransferase	AF-A0A536H8Y0-F1-model_v4	AF-A0A536H8Y0-F1-model_v4 Acetyl-CoA C-acyltransferase	3.817E-41	1.000	1329	1	385	394	1	376	559	392	0.977	0.673
LOKIASV2_4485_ESMFold_acetyl-CoA_C-acetyltransferase	AF-A0A2D8W8U7-F1-model_v4	AF-A0A2D8W8U7-F1-model_v4 Acetyl-CoA C-acyltransferase	5.235E-41	1.000	1328	29	393	394	3	374	379	380	0.926	0.982
LOKIASV2_4485_ESMFold_acetyl-CoA_C-acetyltransferase	AF-A0A1E5KJV6-F1-model_v4	AF-A0A1E5KJV6-F1-model_v4 Acetyl-CoA acetyltransferase	2.453E-41	1.000	1327	4	393	394	7	386	390	398	0.990	0.974
LOKIASV2_4485_ESMFold_acetyl-CoA_C-acetyltransferase	AF-A0A7V5KWP5-F1-model_v4	AF-A0A7V5KWP5-F1-model_v4 Acetyl-CoA C-acyltransferase	1.079E-41	1.000	1324	43	394	394	1	385	386	389	0.893	0.997
LOKIASV2_4485_ESMFold_acetyl-CoA_C-acetyltransferase	AF-A0A427Y111-F1-model_v4	AF-A0A427Y111-F1-model_v4 3-ketoacyl-CoA thiolase with broad chain length specificity	1.389E-41	1.000	1320	3	393	394	27	428	433	418	0.992	0.928
LOKIASV2_4485_ESMFold_acetyl-CoA_C-acetyltransferase	AF-A0A1Q3RY75-F1-model_v4	AF-A0A1Q3RY75-F1-model_v4 Acetyl-CoA acetyltransferase	6.507E-42	1.000	1317	31	393	394	2	366	368	380	0.921	0.992
LOKIASV2_4485_ESMFold_acetyl-CoA_C-acetyltransferase	AF-A0A022VLL6-F1-model_v4	AF-A0A022VLL6-F1-model_v4 Uncharacterized protein	1.233E-39	1.000	1314	53	393	394	1	339	345	345	0.865	0.983
LOKIASV2_4485_ESMFold_acetyl-CoA_C-acetyltransferase	AF-A0A4Y8JGV6-F1-model_v4	AF-A0A4Y8JGV6-F1-model_v4 Thiolase family protein	5.577E-41	1.000	1314	3	393	394	40	417	434	398	0.992	0.871
LOKIASV2_4485_ESMFold_acetyl-CoA_C-acetyltransferase	AF-A0A7X2BFX1-F1-model_v4	AF-A0A7X2BFX1-F1-model_v4 Acetyl-CoA C-acyltransferase	5.463E-38	1.000	1297	119	393	394	2	274	278	275	0.698	0.982
LOKIASV2_4485_ESMFold_acetyl-CoA_C-acetyltransferase	AF-A0A521THP2-F1-model_v4	AF-A0A521THP2-F1-model_v4 Acetyl-CoA C-acetyltransferase	3.485E-40	1.000	1297	3	393	394	2	398	400	416	0.992	0.993
LOKIASV2_4485_ESMFold_acetyl-CoA_C-acetyltransferase	AF-A0A520PY20-F1-model_v4	AF-A0A520PY20-F1-model_v4 Acetyl-CoA C-acyltransferase	8.208E-39	1.000	1295	75	394	394	2	295	296	320	0.812	0.993
LOKIASV2_4485_ESMFold_acetyl-CoA_C-acetyltransferase	AF-A0A7Y2VLI4-F1-model_v4	AF-A0A7Y2VLI4-F1-model_v4 3-oxoadipyl-CoA thiolase	2.541E-40	1.000	1289	43	393	394	1	354	356	363	0.891	0.994
LOKIASV2_4485_ESMFold_acetyl-CoA_C-acetyltransferase	AF-A0A354CXP9-F1-model_v4	AF-A0A354CXP9-F1-model_v4 Acetyl-CoA C-acyltransferase	9.313E-39	1.000	1286	2	327	394	3	329	330	330	0.827	0.991
LOKIASV2_4485_ESMFold_acetyl-CoA_C-acetyltransferase	AF-A0A3D0C4E4-F1-model_v4	AF-A0A3D0C4E4-F1-model_v4 Acetyl-CoA C-acyltransferase	1.866E-38	1.000	1285	1	303	394	1	301	302	304	0.769	0.997
LOKIASV2_4485_ESMFold_acetyl-CoA_C-acetyltransferase	AF-A0A1H2T9V4-F1-model_v4	AF-A0A1H2T9V4-F1-model_v4 Acetyl-CoA C-acetyltransferase	2.471E-39	1.000	1285	2	394	394	3	380	381	401	0.997	0.992
LOKIASV2_4485_ESMFold_acetyl-CoA_C-acetyltransferase	AF-A0A554L8S7-F1-model_v4	AF-A0A554L8S7-F1-model_v4 Acetyl-CoA C-acetyltransferase	8.991E-40	1.000	1285	1	393	394	1	420	423	438	0.997	0.993
LOKIASV2_4485_ESMFold_acetyl-CoA_C-acetyltransferase	AF-A0A1Q7VA19-F1-model_v4	AF-A0A1Q7VA19-F1-model_v4 Acetyl-CoA acetyltransferase	1.182E-42	1.000	1282	1	355	394	1	363	385	382	0.901	0.943
LOKIASV2_4485_ESMFold_acetyl-CoA_C-acetyltransferase	AF-A0A2N1KRI7-F1-model_v4	AF-A0A2N1KRI7-F1-model_v4 Uncharacterized protein	4.780E-40	1.000	1280	1	393	394	1	369	373	396	0.997	0.989
LOKIASV2_4485_ESMFold_acetyl-CoA_C-acetyltransferase	AF-A0A0C4EZY9-F1-model_v4	AF-A0A0C4EZY9-F1-model_v4 Uncharacterized protein	9.921E-39	1.000	1278	1	325	394	36	356	360	326	0.825	0.892
LOKIASV2_4485_ESMFold_acetyl-CoA_C-acetyltransferase	AF-A0A1Q3G5J3-F1-model_v4	AF-A0A1Q3G5J3-F1-model_v4 Acetyltransferase-21	4.243E-38	1.000	1274	62	394	394	143	472	473	334	0.845	0.698
LOKIASV2_4485_ESMFold_acetyl-CoA_C-acetyltransferase	AF-A0A812P563-F1-model_v4	AF-A0A812P563-F1-model_v4 FadA protein	1.158E-39	1.000	1274	3	393	394	487	882	885	412	0.992	0.447
LOKIASV2_4485_ESMFold_acetyl-CoA_C-acetyltransferase	AF-A0A1Q3SF63-F1-model_v4	AF-A0A1Q3SF63-F1-model_v4 Acetyl-CoA acetyltransferase	3.094E-38	1.000	1273	2	313	394	3	311	311	312	0.792	0.994
LOKIASV2_4485_ESMFold_acetyl-CoA_C-acetyltransferase	AF-A0A0A0CX15-F1-model_v4	AF-A0A0A0CX15-F1-model_v4 Acetyl-CoA acetyltransferase	5.820E-38	1.000	1270	82	393	394	4	312	314	313	0.792	0.984
LOKIASV2_4485_ESMFold_acetyl-CoA_C-acetyltransferase	AF-A0A1Z9CC51-F1-model_v4	AF-A0A1Z9CC51-F1-model_v4 Uncharacterized protein	3.510E-38	1.000	1262	2	394	394	4	371	371	398	0.997	0.992
LOKIASV2_4485_ESMFold_acetyl-CoA_C-acetyltransferase	AF-A0A352A9R4-F1-model_v4	AF-A0A352A9R4-F1-model_v4 Uncharacterized protein	3.271E-40	1.000	1257	2	393	394	9	390	392	417	0.995	0.974
LOKIASV2_4485_ESMFold_acetyl-CoA_C-acetyltransferase	AF-A0A3N1D084-F1-model_v4	AF-A0A3N1D084-F1-model_v4 Acetyl-CoA C-acetyltransferase	1.399E-39	1.000	1250	1	393	394	1	398	402	416	0.997	0.990
LOKIASV2_4485_ESMFold_acetyl-CoA_C-acetyltransferase	AF-A0A0K1J0W7-F1-model_v4	AF-A0A0K1J0W7-F1-model_v4 Acetyl-CoA acetyltransferase	1.028E-37	1.000	1248	86	393	394	3	310	312	312	0.782	0.987
LOKIASV2_4485_ESMFold_acetyl-CoA_C-acetyltransferase	AF-A0A0G4LC68-F1-model_v4	AF-A0A0G4LC68-F1-model_v4 Uncharacterized protein	7.705E-39	1.000	1248	3	384	394	34	409	1121	388	0.970	0.335
LOKIASV2_4485_ESMFold_acetyl-CoA_C-acetyltransferase	AF-M5CSL7-F1-model_v4	AF-M5CSL7-F1-model_v4 Acetyl-CoA C-acetyltransferase	2.987E-39	1.000	1247	2	394	394	104	525	525	437	0.997	0.804
LOKIASV2_4485_ESMFold_acetyl-CoA_C-acetyltransferase	AF-A0A315UXA1-F1-model_v4	AF-A0A315UXA1-F1-model_v4 Uncharacterized protein	4.951E-39	1.000	1246	3	393	394	264	765	769	522	0.992	0.653
LOKIASV2_4485_ESMFold_acetyl-CoA_C-acetyltransferase	AF-A0A844LW51-F1-model_v4	AF-A0A844LW51-F1-model_v4 Acetyl-CoA C-acyltransferase	8.208E-39	1.000	1244	4	394	394	2	366	366	400	0.992	0.997
LOKIASV2_4485_ESMFold_acetyl-CoA_C-acetyltransferase	AF-A0A3E0X2F8-F1-model_v4	AF-A0A3E0X2F8-F1-model_v4 Uncharacterized protein	2.403E-38	1.000	1244	2	394	394	11	433	434	433	0.997	0.975
LOKIASV2_4485_ESMFold_acetyl-CoA_C-acetyltransferase	AF-A0A062U8Z5-F1-model_v4	AF-A0A062U8Z5-F1-model_v4 Uncharacterized protein	9.313E-39	1.000	1241	1	393	394	1	400	402	417	0.997	0.995
LOKIASV2_4485_ESMFold_acetyl-CoA_C-acetyltransferase	AF-A0A534RC05-F1-model_v4	AF-A0A534RC05-F1-model_v4 Acetyl-CoA C-acyltransferase	2.987E-39	1.000	1239	4	367	394	51	400	401	366	0.924	0.873
LOKIASV2_4485_ESMFold_acetyl-CoA_C-acetyltransferase	AF-A0A220VDY7-F1-model_v4	AF-A0A220VDY7-F1-model_v4 Acetyl-CoA C-acyltransferase FadI	9.057E-38	1.000	1236	2	394	394	9	430	433	432	0.997	0.975
LOKIASV2_4485_ESMFold_acetyl-CoA_C-acetyltransferase	AF-V8NQM7-F1-model_v4	AF-V8NQM7-F1-model_v4 Acetyl-CoA acetyltransferase, cytosolic	1.933E-37	1.000	1235	15	390	394	2	310	311	376	0.954	0.994
LOKIASV2_4485_ESMFold_acetyl-CoA_C-acetyltransferase	AF-A0A7C2SVD8-F1-model_v4	AF-A0A7C2SVD8-F1-model_v4 Acetyl-CoA C-acyltransferase	5.274E-39	1.000	1232	1	327	394	1	348	349	351	0.830	0.997
LOKIASV2_4485_ESMFold_acetyl-CoA_C-acetyltransferase	AF-A0A7Y4YG61-F1-model_v4	AF-A0A7Y4YG61-F1-model_v4 Acetyl-CoA C-acyltransferase	9.382E-37	1.000	1230	2	290	394	5	290	295	289	0.734	0.969
LOKIASV2_4485_ESMFold_acetyl-CoA_C-acetyltransferase	AF-A0A0R2W1S8-F1-model_v4	AF-A0A0R2W1S8-F1-model_v4 Uncharacterized protein	6.791E-39	1.000	1229	1	394	394	1	399	400	419	1.000	0.998
LOKIASV2_4485_ESMFold_acetyl-CoA_C-acetyltransferase	AF-A0A431KXE1-F1-model_v4	AF-A0A431KXE1-F1-model_v4 Thiolase family protein	2.904E-38	1.000	1229	2	393	394	48	462	467	429	0.995	0.889
LOKIASV2_4485_ESMFold_acetyl-CoA_C-acetyltransferase	AF-A0A845D924-F1-model_v4	AF-A0A845D924-F1-model_v4 Thiolase family protein	4.951E-39	1.000	1226	3	393	394	12	431	435	436	0.992	0.966
LOKIASV2_4485_ESMFold_acetyl-CoA_C-acetyltransferase	AF-A0A519ZJC9-F1-model_v4	AF-A0A519ZJC9-F1-model_v4 Thiolase family protein	6.604E-38	1.000	1225	45	393	394	1	332	334	350	0.886	0.994
LOKIASV2_4485_ESMFold_acetyl-CoA_C-acetyltransferase	AF-B4DEN6-F1-model_v4	AF-B4DEN6-F1-model_v4 cDNA FLJ55549, highly similar to 3-ketoacyl-CoA thiolase, peroxisomal	1.449E-38	1.000	1215	35	393	394	2	352	356	364	0.911	0.986
LOKIASV2_4485_ESMFold_acetyl-CoA_C-acetyltransferase	AF-A0A2R4MB70-F1-model_v4	AF-A0A2R4MB70-F1-model_v4 Acetyl-CoA C-acetyltransferase	1.057E-38	1.000	1213	1	393	394	5	425	427	437	0.997	0.986
LOKIASV2_4485_ESMFold_acetyl-CoA_C-acetyltransferase	AF-A0A7C4Y8I7-F1-model_v4	AF-A0A7C4Y8I7-F1-model_v4 Thiolase family protein	5.129E-38	1.000	1212	2	393	394	4	384	387	399	0.995	0.984
LOKIASV2_4485_ESMFold_acetyl-CoA_C-acetyltransferase	AF-A0A059KNM7-F1-model_v4	AF-A0A059KNM7-F1-model_v4 Acetyl-CoA acetyltransferase	1.199E-38	1.000	1211	43	393	394	4	352	354	363	0.891	0.986
LOKIASV2_4485_ESMFold_acetyl-CoA_C-acetyltransferase	AF-A0A4Q2LCK3-F1-model_v4	AF-A0A4Q2LCK3-F1-model_v4 Acetyl-CoA C-acyltransferase	6.422E-37	1.000	1210	30	357	394	2	326	327	329	0.832	0.994
LOKIASV2_4485_ESMFold_acetyl-CoA_C-acetyltransferase	AF-A0A2N0KDX8-F1-model_v4	AF-A0A2N0KDX8-F1-model_v4 Uncharacterized protein	5.659E-37	1.000	1208	1	394	394	1	373	374	401	1.000	0.997
LOKIASV2_4485_ESMFold_acetyl-CoA_C-acetyltransferase	AF-M9R869-F1-model_v4	AF-M9R869-F1-model_v4 Putative acetyl-CoA C-acetyltransferase	6.028E-37	1.000	1208	1	393	394	1	368	380	394	0.997	0.968
LOKIASV2_4485_ESMFold_acetyl-CoA_C-acetyltransferase	AF-A0A6B2L5X2-F1-model_v4	AF-A0A6B2L5X2-F1-model_v4 Uncharacterized protein	2.804E-39	1.000	1207	22	393	394	2	383	393	395	0.944	0.972
LOKIASV2_4485_ESMFold_acetyl-CoA_C-acetyltransferase	AF-A0A482X2P6-F1-model_v4	AF-A0A482X2P6-F1-model_v4 Uncharacterized protein	1.158E-39	1.000	1206	1	393	394	18	326	328	395	0.997	0.942
LOKIASV2_4485_ESMFold_acetyl-CoA_C-acetyltransferase	AF-U5KCC1-F1-model_v4	AF-U5KCC1-F1-model_v4 Acetyltransferase	2.133E-36	1.000	1205	1	324	394	16	335	336	325	0.822	0.952
LOKIASV2_4485_ESMFold_acetyl-CoA_C-acetyltransferase	AF-A0A1L8E7F9-F1-model_v4	AF-A0A1L8E7F9-F1-model_v4 Putative acetyl-coa acetyltransferase mitochondrial	7.086E-36	1.000	1197	82	393	394	1	306	308	314	0.792	0.994
LOKIASV2_4485_ESMFold_acetyl-CoA_C-acetyltransferase	AF-A0A7W3VZX0-F1-model_v4	AF-A0A7W3VZX0-F1-model_v4 Steroid 3-ketoacyl-CoA thiolase	1.028E-37	1.000	1197	4	393	394	166	536	538	393	0.990	0.690
LOKIASV2_4485_ESMFold_acetyl-CoA_C-acetyltransferase	AF-A0A7C7Z145-F1-model_v4	AF-A0A7C7Z145-F1-model_v4 Acetyl-CoA C-acyltransferase	4.682E-37	1.000	1196	51	393	394	2	345	347	352	0.871	0.991
LOKIASV2_4485_ESMFold_acetyl-CoA_C-acetyltransferase	AF-A0A0S7Z567-F1-model_v4	AF-A0A0S7Z567-F1-model_v4 Acetyl-CoA acetyltransferase	7.982E-38	1.000	1196	2	394	394	8	425	425	435	0.997	0.984
LOKIASV2_4485_ESMFold_acetyl-CoA_C-acetyltransferase	AF-V5FYN9-F1-model_v4	AF-V5FYN9-F1-model_v4 3-ketoacyl-CoA thiolase (POT1), putative	9.648E-38	1.000	1194	3	385	394	298	682	1109	396	0.972	0.347
LOKIASV2_4485_ESMFold_acetyl-CoA_C-acetyltransferase	AF-A0A1L8ZD48-F1-model_v4	AF-A0A1L8ZD48-F1-model_v4 Acetyl-CoA acetyltransferase	9.994E-37	1.000	1192	1	331	394	1	330	334	334	0.840	0.988
LOKIASV2_4485_ESMFold_acetyl-CoA_C-acetyltransferase	AF-A0A3S0VRV8-F1-model_v4	AF-A0A3S0VRV8-F1-model_v4 Acetyl-CoA C-acyltransferase	3.205E-37	1.000	1191	1	393	394	1	370	373	404	0.997	0.992
LOKIASV2_4485_ESMFold_acetyl-CoA_C-acetyltransferase	AF-A0A539DE59-F1-model_v4	AF-A0A539DE59-F1-model_v4 Acetyl-CoA acetyltransferase	3.739E-38	1.000	1189	1	394	394	1	347	348	402	1.000	0.997
LOKIASV2_4485_ESMFold_acetyl-CoA_C-acetyltransferase	AF-A0A7K0XKQ1-F1-model_v4	AF-A0A7K0XKQ1-F1-model_v4 Acetyl-CoA C-acyltransferase	1.410E-37	1.000	1189	1	354	394	1	356	356	372	0.898	1.000
LOKIASV2_4485_ESMFold_acetyl-CoA_C-acetyltransferase	AF-A0A6G1NSR4-F1-model_v4	AF-A0A6G1NSR4-F1-model_v4 Uncharacterized protein	2.256E-38	1.000	1189	3	385	394	17	398	1115	397	0.972	0.343
LOKIASV2_4485_ESMFold_acetyl-CoA_C-acetyltransferase	AF-A0A1M6PG78-F1-model_v4	AF-A0A1M6PG78-F1-model_v4 Acetyl-CoA C-acetyltransferase	3.031E-35	1.000	1181	93	393	394	2	297	300	301	0.764	0.987
LOKIASV2_4485_ESMFold_acetyl-CoA_C-acetyltransferase	AF-A0A022MTE5-F1-model_v4	AF-A0A022MTE5-F1-model_v4 Acetyl-CoA acetyltransferase	3.874E-37	1.000	1181	2	393	394	12	428	430	432	0.995	0.970
LOKIASV2_4485_ESMFold_acetyl-CoA_C-acetyltransferase	AF-A0A0M2ZX22-F1-model_v4	AF-A0A0M2ZX22-F1-model_v4 Acetyl-CoA C-acyltransferase	1.175E-35	1.000	1179	93	393	394	2	284	288	301	0.764	0.983
LOKIASV2_4485_ESMFold_acetyl-CoA_C-acetyltransferase	AF-G5QND9-F1-model_v4	AF-G5QND9-F1-model_v4 Acetyl-CoA acetyltransferase	2.059E-37	1.000	1178	1	345	394	1	337	337	356	0.876	1.000
LOKIASV2_4485_ESMFold_acetyl-CoA_C-acetyltransferase	AF-A0A836QHY3-F1-model_v4	AF-A0A836QHY3-F1-model_v4 Acetyl-CoA C-acyltransferase	1.716E-35	1.000	1175	1	274	394	28	300	302	276	0.695	0.904
LOKIASV2_4485_ESMFold_acetyl-CoA_C-acetyltransferase	AF-A0A534MTP4-F1-model_v4	AF-A0A534MTP4-F1-model_v4 Thiolase family protein	8.565E-36	1.000	1171	2	309	394	5	309	310	308	0.782	0.984
LOKIASV2_4485_ESMFold_acetyl-CoA_C-acetyltransferase	AF-A0A850LQ64-F1-model_v4	AF-A0A850LQ64-F1-model_v4 Acetyl-CoA C-acyltransferase	4.886E-34	1.000	1167	149	394	394	1	243	244	246	0.624	0.996
LOKIASV2_4485_ESMFold_acetyl-CoA_C-acetyltransferase	AF-A0A532U5E8-F1-model_v4	AF-A0A532U5E8-F1-model_v4 Acetyl-CoA acetyltransferase	5.205E-34	1.000	1167	140	394	394	1	253	253	255	0.647	1.000
LOKIASV2_4485_ESMFold_acetyl-CoA_C-acetyltransferase	AF-A0A536J3V8-F1-model_v4	AF-A0A536J3V8-F1-model_v4 Thiolase family protein	2.272E-36	1.000	1166	94	393	394	2	295	297	305	0.761	0.990
LOKIASV2_4485_ESMFold_acetyl-CoA_C-acetyltransferase	AF-A0A359KR72-F1-model_v4	AF-A0A359KR72-F1-model_v4 Acetyl-CoA C-acyltransferase	9.057E-38	1.000	1166	1	346	394	1	338	338	356	0.878	1.000
LOKIASV2_4485_ESMFold_acetyl-CoA_C-acetyltransferase	AF-H0JUV1-F1-model_v4	AF-H0JUV1-F1-model_v4 Thiolase	6.375E-39	1.000	1165	1	393	394	1	386	416	407	0.997	0.928
LOKIASV2_4485_ESMFold_acetyl-CoA_C-acetyltransferase	AF-A0A2I0SKG4-F1-model_v4	AF-A0A2I0SKG4-F1-model_v4 Acetyl-CoA C-acyltransferase	1.657E-36	1.000	1156	1	393	394	1	357	361	393	0.997	0.989
LOKIASV2_4485_ESMFold_acetyl-CoA_C-acetyltransferase	AF-A0A3N0DVD6-F1-model_v4	AF-A0A3N0DVD6-F1-model_v4 Acetyl-CoA C-acetyltransferase	1.134E-36	1.000	1155	2	394	394	58	478	478	434	0.997	0.881
LOKIASV2_4485_ESMFold_acetyl-CoA_C-acetyltransferase	AF-A0A670IW86-F1-model_v4	AF-A0A670IW86-F1-model_v4 Acetyl-CoA acyltransferase 1	4.682E-37	1.000	1155	2	364	394	176	530	585	368	0.921	0.607
LOKIASV2_4485_ESMFold_acetyl-CoA_C-acetyltransferase	AF-A0A7V2TZ83-F1-model_v4	AF-A0A7V2TZ83-F1-model_v4 Thiolase family protein	1.420E-35	1.000	1148	88	393	394	2	305	307	311	0.777	0.990
LOKIASV2_4485_ESMFold_acetyl-CoA_C-acetyltransferase	AF-A0A3N6THS1-F1-model_v4	AF-A0A3N6THS1-F1-model_v4 Uncharacterized protein	1.323E-37	1.000	1147	39	394	394	24	350	351	359	0.904	0.932
LOKIASV2_4485_ESMFold_acetyl-CoA_C-acetyltransferase	AF-A0A382AK11-F1-model_v4	AF-A0A382AK11-F1-model_v4 Uncharacterized protein	4.274E-36	1.000	1146	2	355	394	3	337	337	356	0.898	0.994
LOKIASV2_4485_ESMFold_acetyl-CoA_C-acetyltransferase	AF-A0A522AF50-F1-model_v4	AF-A0A522AF50-F1-model_v4 Acetyl-CoA C-acyltransferase	6.422E-37	1.000	1145	39	394	394	2	354	355	366	0.904	0.994
LOKIASV2_4485_ESMFold_acetyl-CoA_C-acetyltransferase	AF-A0A496NC37-F1-model_v4	AF-A0A496NC37-F1-model_v4 Acetyl-CoA C-acetyltransferase	2.421E-36	1.000	1143	1	394	394	10	434	434	439	1.000	0.979
LOKIASV2_4485_ESMFold_acetyl-CoA_C-acetyltransferase	AF-A0A2R6FV18-F1-model_v4	AF-A0A2R6FV18-F1-model_v4 Acetyl-CoA C-acyltransferase	5.544E-34	1.000	1138	1	308	394	1	301	301	308	0.782	1.000
LOKIASV2_4485_ESMFold_acetyl-CoA_C-acetyltransferase	AF-A0A7W1DR90-F1-model_v4	AF-A0A7W1DR90-F1-model_v4 Acetyl-CoA C-acyltransferase	4.886E-34	1.000	1138	2	296	394	4	302	302	299	0.749	0.990
LOKIASV2_4485_ESMFold_acetyl-CoA_C-acetyltransferase	AF-A0A4V2A4D2-F1-model_v4	AF-A0A4V2A4D2-F1-model_v4 Acetyl-CoA C-acetyltransferase	6.245E-36	1.000	1129	2	393	394	52	474	476	438	0.995	0.889
LOKIASV2_4485_ESMFold_acetyl-CoA_C-acetyltransferase	AF-W9TEB8-F1-model_v4	AF-W9TEB8-F1-model_v4 3-ketoacyl-CoA thiolase	2.003E-36	1.000	1126	3	356	394	7	352	360	360	0.898	0.961
LOKIASV2_4485_ESMFold_acetyl-CoA_C-acetyltransferase	AF-A0A4W3HC48-F1-model_v4	AF-A0A4W3HC48-F1-model_v4 Uncharacterized protein	9.124E-36	1.000	1125	2	392	394	20	461	462	451	0.992	0.957
LOKIASV2_4485_ESMFold_acetyl-CoA_C-acetyltransferase	AF-A0A4Q5VL25-F1-model_v4	AF-A0A4Q5VL25-F1-model_v4 Acetyl-CoA C-acetyltransferase	9.719E-36	1.000	1123	2	394	394	88	507	508	434	0.997	0.827
LOKIASV2_4485_ESMFold_acetyl-CoA_C-acetyltransferase	AF-A0A075A4H5-F1-model_v4	AF-A0A075A4H5-F1-model_v4 Uncharacterized protein	2.371E-33	1.000	1123	4	385	394	2	686	762	690	0.970	0.899
LOKIASV2_4485_ESMFold_acetyl-CoA_C-acetyltransferase	AF-A0A7D6VBA0-F1-model_v4	AF-A0A7D6VBA0-F1-model_v4 Acetyl-CoA acetyltransferase	5.862E-36	1.000	1119	1	394	394	1	365	393	406	1.000	0.929
LOKIASV2_4485_ESMFold_acetyl-CoA_C-acetyltransferase	AF-A0A0P7BRI5-F1-model_v4	AF-A0A0P7BRI5-F1-model_v4 Uncharacterized protein	3.031E-35	1.000	1117	1	393	394	1	371	374	394	0.997	0.992
LOKIASV2_4485_ESMFold_acetyl-CoA_C-acetyltransferase	AF-A0A368DJW2-F1-model_v4	AF-A0A368DJW2-F1-model_v4 Thiolase family protein	7.340E-35	1.000	1117	2	393	394	6	373	375	396	0.995	0.981
LOKIASV2_4485_ESMFold_acetyl-CoA_C-acetyltransferase	AF-A0A7G2IJJ7-F1-model_v4	AF-A0A7G2IJJ7-F1-model_v4 3-ketoacyl-CoA thiolase @ Acetyl-CoA acetyltransferase	2.032E-32	1.000	1116	157	393	394	1	234	237	237	0.602	0.987
LOKIASV2_4485_ESMFold_acetyl-CoA_C-acetyltransferase	AF-K3YT25-F1-model_v4	AF-K3YT25-F1-model_v4 Uncharacterized protein	8.041E-36	1.000	1115	3	357	394	50	398	399	364	0.901	0.875
LOKIASV2_4485_ESMFold_acetyl-CoA_C-acetyltransferase	AF-A0A2D9SXV0-F1-model_v4	AF-A0A2D9SXV0-F1-model_v4 Acetyl-CoA C-acyltransferase	1.175E-35	1.000	1114	4	393	394	3	391	393	412	0.990	0.990
LOKIASV2_4485_ESMFold_acetyl-CoA_C-acetyltransferase	AF-A0A844M1V7-F1-model_v4	AF-A0A844M1V7-F1-model_v4 Acetyl-CoA C-acetyltransferase	8.041E-36	1.000	1114	2	394	394	156	579	579	439	0.997	0.732
LOKIASV2_4485_ESMFold_acetyl-CoA_C-acetyltransferase	AF-A0A7X0JSE4-F1-model_v4	AF-A0A7X0JSE4-F1-model_v4 Acetyl-CoA C-acetyltransferase	3.031E-35	1.000	1113	3	393	394	6	399	401	412	0.992	0.983
LOKIASV2_4485_ESMFold_acetyl-CoA_C-acetyltransferase	AF-A0A821DGS4-F1-model_v4	AF-A0A821DGS4-F1-model_v4 Hypothetical protein	1.842E-33	1.000	1111	3	274	394	1	266	271	272	0.690	0.982
LOKIASV2_4485_ESMFold_acetyl-CoA_C-acetyltransferase	AF-A0A1Z9YZ14-F1-model_v4	AF-A0A1Z9YZ14-F1-model_v4 Acetyl-CoA acetyltransferase	8.872E-35	1.000	1111	2	394	394	102	521	521	433	0.997	0.806
LOKIASV2_4485_ESMFold_acetyl-CoA_C-acetyltransferase	AF-A0A0M3J0Q8-F1-model_v4	AF-A0A0M3J0Q8-F1-model_v4 Acetyl-CoA acetyltransferase, mitochondrial (inferred by orthology to a human protein)	6.291E-34	1.000	1109	1	358	394	6	329	332	359	0.909	0.976
LOKIASV2_4485_ESMFold_acetyl-CoA_C-acetyltransferase	AF-A0A315S485-F1-model_v4	AF-A0A315S485-F1-model_v4 Acetyl-CoA C-acetyltransferase	7.819E-35	1.000	1105	1	308	394	1	313	344	315	0.782	0.910
LOKIASV2_4485_ESMFold_acetyl-CoA_C-acetyltransferase	AF-A0A851DLZ4-F1-model_v4	AF-A0A851DLZ4-F1-model_v4 THIC protein	1.007E-34	1.000	1103	59	394	394	1	312	312	336	0.853	1.000
LOKIASV2_4485_ESMFold_acetyl-CoA_C-acetyltransferase	AF-A0A519RYQ7-F1-model_v4	AF-A0A519RYQ7-F1-model_v4 Acetyl-CoA C-acyltransferase	1.623E-33	1.000	1102	1	264	394	1	260	261	264	0.670	0.996
LOKIASV2_4485_ESMFold_acetyl-CoA_C-acetyltransferase	AF-A0A068NK47-F1-model_v4	AF-A0A068NK47-F1-model_v4 3-ketoacyl-CoA thiolase	1.183E-33	1.000	1102	1	263	394	35	300	309	268	0.668	0.861
LOKIASV2_4485_ESMFold_acetyl-CoA_C-acetyltransferase	AF-A0A2D8SF35-F1-model_v4	AF-A0A2D8SF35-F1-model_v4 Acetyl-CoA C-acyltransferase	2.371E-33	1.000	1096	1	393	394	1	364	367	397	0.997	0.992
LOKIASV2_4485_ESMFold_acetyl-CoA_C-acetyltransferase	AF-A0A7L2SDT5-F1-model_v4	AF-A0A7L2SDT5-F1-model_v4 THILA acetyltransferase	1.151E-32	1.000	1094	3	279	394	1	273	273	277	0.703	1.000
LOKIASV2_4485_ESMFold_acetyl-CoA_C-acetyltransferase	AF-A0A350LP38-F1-model_v4	AF-A0A350LP38-F1-model_v4 Acetyl-CoA C-acetyltransferase	5.061E-33	1.000	1094	97	393	394	2	295	297	298	0.754	0.990
LOKIASV2_4485_ESMFold_acetyl-CoA_C-acetyltransferase	AF-A0A7Y6DNK5-F1-model_v4	AF-A0A7Y6DNK5-F1-model_v4 Thiolase family protein	5.701E-35	1.000	1093	2	394	394	60	426	428	405	0.997	0.857
LOKIASV2_4485_ESMFold_acetyl-CoA_C-acetyltransferase	AF-F1L2U9-F1-model_v4	AF-F1L2U9-F1-model_v4 Acetyl-CoA acetyltransferase A	2.866E-33	1.000	1086	88	393	394	2	300	302	309	0.777	0.990
LOKIASV2_4485_ESMFold_acetyl-CoA_C-acetyltransferase	AF-A0A2J4ZSE9-F1-model_v4	AF-A0A2J4ZSE9-F1-model_v4 Acetyl-CoA C-acyltransferase FadI	1.947E-35	1.000	1085	2	368	394	13	409	410	408	0.931	0.968
LOKIASV2_4485_ESMFold_acetyl-CoA_C-acetyltransferase	AF-H9GEC0-F1-model_v4	AF-H9GEC0-F1-model_v4 Uncharacterized protein	2.845E-35	1.000	1085	1	394	394	30	451	454	440	1.000	0.930
LOKIASV2_4485_ESMFold_acetyl-CoA_C-acetyltransferase	AF-A0A3R6UH68-F1-model_v4	AF-A0A3R6UH68-F1-model_v4 Thiolase family protein	9.451E-35	1.000	1085	1	394	394	1	476	476	489	1.000	1.000
LOKIASV2_4485_ESMFold_acetyl-CoA_C-acetyltransferase	AF-A0A2E6I694-F1-model_v4	AF-A0A2E6I694-F1-model_v4 Acetyl-CoA C-acyltransferase	1.080E-32	1.000	1084	93	393	394	2	291	293	301	0.764	0.990
LOKIASV2_4485_ESMFold_acetyl-CoA_C-acetyltransferase	AF-A0A800BN84-F1-model_v4	AF-A0A800BN84-F1-model_v4 Thiolase family protein	2.354E-35	1.000	1083	1	341	394	1	338	339	352	0.865	0.997
LOKIASV2_4485_ESMFold_acetyl-CoA_C-acetyltransferase	AF-A0A454VZ97-F1-model_v4	AF-A0A454VZ97-F1-model_v4 Acetyl-CoA C-acetyltransferase	1.103E-35	1.000	1082	51	393	394	2	352	355	364	0.871	0.989
LOKIASV2_4485_ESMFold_acetyl-CoA_C-acetyltransferase	AF-A0A3D0RQQ5-F1-model_v4	AF-A0A3D0RQQ5-F1-model_v4 3-oxoadipyl-CoA thiolase	2.456E-32	1.000	1078	169	394	394	3	228	230	227	0.574	0.983
LOKIASV2_4485_ESMFold_acetyl-CoA_C-acetyltransferase	AF-A0A1C3CVP5-F1-model_v4	AF-A0A1C3CVP5-F1-model_v4 Acetyl-CoA acetyltransferase	1.072E-34	1.000	1078	2	394	394	84	503	503	436	0.997	0.835
LOKIASV2_4485_ESMFold_acetyl-CoA_C-acetyltransferase	AF-A0A0L9TFG4-F1-model_v4	AF-A0A0L9TFG4-F1-model_v4 Thiolase_N domain-containing protein	2.133E-36	1.000	1078	3	394	394	16	339	657	393	0.995	0.493
LOKIASV2_4485_ESMFold_acetyl-CoA_C-acetyltransferase	AF-T1W840-F1-model_v4	AF-T1W840-F1-model_v4 Thiolase, N-terminal domain	3.139E-34	1.000	1077	9	347	394	2	339	341	348	0.860	0.991
LOKIASV2_4485_ESMFold_acetyl-CoA_C-acetyltransferase	AF-A0A0R0EJP3-F1-model_v4	AF-A0A0R0EJP3-F1-model_v4 Uncharacterized protein	9.124E-36	1.000	1076	3	365	394	51	407	410	379	0.921	0.871
LOKIASV2_4485_ESMFold_acetyl-CoA_C-acetyltransferase	AF-A0A1D3D660-F1-model_v4	AF-A0A1D3D660-F1-model_v4 Acetyil acetyltransferase	1.261E-33	1.000	1076	2	393	394	8	422	424	440	0.995	0.979
LOKIASV2_4485_ESMFold_acetyl-CoA_C-acetyltransferase	AF-A0A3D1QC69-F1-model_v4	AF-A0A3D1QC69-F1-model_v4 Acetyl-CoA C-acyltransferase	8.390E-33	1.000	1072	1	279	394	25	309	324	288	0.708	0.880
LOKIASV2_4485_ESMFold_acetyl-CoA_C-acetyltransferase	AF-A0A382S181-F1-model_v4	AF-A0A382S181-F1-model_v4 Uncharacterized protein	9.521E-33	1.000	1068	45	365	394	7	314	315	321	0.815	0.978
LOKIASV2_4485_ESMFold_acetyl-CoA_C-acetyltransferase	AF-A0A7V8D9U0-F1-model_v4	AF-A0A7V8D9U0-F1-model_v4 Acetyl-CoA C-acetyltransferase	6.291E-34	1.000	1068	53	393	394	1	333	335	352	0.865	0.994
LOKIASV2_4485_ESMFold_acetyl-CoA_C-acetyltransferase	AF-A0A6I2FZA0-F1-model_v4	AF-A0A6I2FZA0-F1-model_v4 Acetyl-CoA acetyltransferase	3.228E-35	1.000	1068	1	393	394	1	442	474	453	0.997	0.932
LOKIASV2_4485_ESMFold_acetyl-CoA_C-acetyltransferase	AF-A0A3R7GSQ2-F1-model_v4	AF-A0A3R7GSQ2-F1-model_v4 Trifunctional enzyme subunit beta	2.354E-35	1.000	1066	2	359	394	39	425	884	397	0.909	0.438
LOKIASV2_4485_ESMFold_acetyl-CoA_C-acetyltransferase	AF-A0A3B9KCD2-F1-model_v4	AF-A0A3B9KCD2-F1-model_v4 Acetyl-CoA C-acyltransferase	7.877E-33	1.000	1064	3	321	394	9	325	325	321	0.810	0.975
LOKIASV2_4485_ESMFold_acetyl-CoA_C-acetyltransferase	AF-A0A3N5UE47-F1-model_v4	AF-A0A3N5UE47-F1-model_v4 Thiolase family protein	3.795E-34	1.000	1064	1	394	394	1	410	451	418	1.000	0.909
LOKIASV2_4485_ESMFold_acetyl-CoA_C-acetyltransferase	AF-A0A4P6UD91-F1-model_v4	AF-A0A4P6UD91-F1-model_v4 Acetyl-CoA C-acyltransferase	1.524E-33	1.000	1058	1	393	394	1	393	396	416	0.997	0.992
LOKIASV2_4485_ESMFold_acetyl-CoA_C-acetyltransferase	AF-A0A6L3EII0-F1-model_v4	AF-A0A6L3EII0-F1-model_v4 Thiolase family protein	5.785E-31	1.000	1057	145	394	394	1	247	248	250	0.635	0.996
LOKIASV2_4485_ESMFold_acetyl-CoA_C-acetyltransferase	AF-A0A485NXL7-F1-model_v4	AF-A0A485NXL7-F1-model_v4 3-ketoacyl-peroxisomal	6.701E-34	1.000	1053	66	393	394	2	321	325	335	0.832	0.985
LOKIASV2_4485_ESMFold_acetyl-CoA_C-acetyltransferase	AF-K2RV32-F1-model_v4	AF-K2RV32-F1-model_v4 Thiolase	6.701E-34	1.000	1049	71	393	394	2	318	321	329	0.820	0.988
LOKIASV2_4485_ESMFold_acetyl-CoA_C-acetyltransferase	AF-A0A7M3ZWA2-F1-model_v4	AF-A0A7M3ZWA2-F1-model_v4 Acetyl-CoA C-acyltransferase	3.464E-33	1.000	1049	2	314	394	9	331	338	329	0.794	0.956
LOKIASV2_4485_ESMFold_acetyl-CoA_C-acetyltransferase	AF-A0A6M4A843-F1-model_v4	AF-A0A6M4A843-F1-model_v4 Acetyl-CoA C-acyltransferase	1.729E-33	1.000	1048	2	355	394	3	350	354	355	0.898	0.983
LOKIASV2_4485_ESMFold_acetyl-CoA_C-acetyltransferase	AF-A0A2D6QDH5-F1-model_v4	AF-A0A2D6QDH5-F1-model_v4 Acetyl-CoA acetyltransferase	1.261E-33	1.000	1048	1	393	394	4	395	398	405	0.997	0.985
LOKIASV2_4485_ESMFold_acetyl-CoA_C-acetyltransferase	AF-A0A5E4BT38-F1-model_v4	AF-A0A5E4BT38-F1-model_v4 Uncharacterized protein	1.235E-30	1.000	1047	162	393	394	1	231	233	232	0.589	0.991
LOKIASV2_4485_ESMFold_acetyl-CoA_C-acetyltransferase	AF-A0A5C7XZR7-F1-model_v4	AF-A0A5C7XZR7-F1-model_v4 Acetyl-CoA C-acetyltransferase	6.891E-35	1.000	1046	1	350	394	1	359	359	372	0.888	1.000
LOKIASV2_4485_ESMFold_acetyl-CoA_C-acetyltransferase	AF-A0A2S8IU87-F1-model_v4	AF-A0A2S8IU87-F1-model_v4 Acetyl-CoA acetyltransferase	1.623E-33	1.000	1041	83	393	394	1	318	321	326	0.789	0.991
LOKIASV2_4485_ESMFold_acetyl-CoA_C-acetyltransferase	AF-A0A7R8ZSR5-F1-model_v4	AF-A0A7R8ZSR5-F1-model_v4 Hypothetical protein	6.751E-32	1.000	1036	15	314	394	2	297	310	300	0.761	0.955
LOKIASV2_4485_ESMFold_acetyl-CoA_C-acetyltransferase	AF-A0A671P1D6-F1-model_v4	AF-A0A671P1D6-F1-model_v4 Acetyl-CoA acetyltransferase, mitochondrial-like	1.544E-38	1.000	1033	1	393	394	57	395	397	395	0.997	0.854
LOKIASV2_4485_ESMFold_acetyl-CoA_C-acetyltransferase	AF-A0A520XHW0-F1-model_v4	AF-A0A520XHW0-F1-model_v4 Acetyl-CoA C-acetyltransferase	2.526E-33	1.000	1026	40	393	394	1	342	344	370	0.898	0.994
LOKIASV2_4485_ESMFold_acetyl-CoA_C-acetyltransferase	AF-A0A1R4ACE5-F1-model_v4	AF-A0A1R4ACE5-F1-model_v4 Acetyl-CoA C-acetyltransferase	2.090E-33	1.000	1026	4	393	394	2	382	387	407	0.990	0.984
LOKIASV2_4485_ESMFold_acetyl-CoA_C-acetyltransferase	AF-A0A3P7LHJ9-F1-model_v4	AF-A0A3P7LHJ9-F1-model_v4 Uncharacterized protein	2.371E-33	1.000	1024	47	393	394	5	302	305	349	0.881	0.977
LOKIASV2_4485_ESMFold_acetyl-CoA_C-acetyltransferase	AF-A0A803WEF8-F1-model_v4	AF-A0A803WEF8-F1-model_v4 Uncharacterized protein	3.139E-34	1.000	1024	1	394	394	10	425	425	436	1.000	0.979
LOKIASV2_4485_ESMFold_acetyl-CoA_C-acetyltransferase	AF-A0A356HAK2-F1-model_v4	AF-A0A356HAK2-F1-model_v4 Acetyl-CoA C-acetyltransferase	2.866E-33	1.000	1021	1	346	394	1	343	343	358	0.878	1.000
LOKIASV2_4485_ESMFold_acetyl-CoA_C-acetyltransferase	AF-A0A7W1VXI6-F1-model_v4	AF-A0A7W1VXI6-F1-model_v4 Acetyl-CoA C-acyltransferase	5.061E-33	1.000	1017	1	341	394	1	337	338	352	0.865	0.997
LOKIASV2_4485_ESMFold_acetyl-CoA_C-acetyltransferase	AF-A0A7W0XMJ4-F1-model_v4	AF-A0A7W0XMJ4-F1-model_v4 Acetyl-CoA C-acyltransferase	2.991E-30	1.000	1015	168	394	394	1	224	225	227	0.576	0.996
LOKIASV2_4485_ESMFold_acetyl-CoA_C-acetyltransferase	AF-X6NGR8-F1-model_v4	AF-X6NGR8-F1-model_v4 Uncharacterized protein	6.891E-35	1.000	1015	1	369	394	1	384	402	412	0.937	0.955
LOKIASV2_4485_ESMFold_acetyl-CoA_C-acetyltransferase	AF-H0E996-F1-model_v4	AF-H0E996-F1-model_v4 3-ketoacyl-CoA thiolase	3.163E-32	1.000	1012	111	394	394	2	281	281	293	0.721	0.996
LOKIASV2_4485_ESMFold_acetyl-CoA_C-acetyltransferase	AF-A0A3M0KUG8-F1-model_v4	AF-A0A3M0KUG8-F1-model_v4 Uncharacterized protein	1.381E-34	1.000	1012	2	393	394	5	357	538	398	0.995	0.656
LOKIASV2_4485_ESMFold_acetyl-CoA_C-acetyltransferase	AF-A0A523D4S2-F1-model_v4	AF-A0A523D4S2-F1-model_v4 Acetyl-CoA C-acyltransferase	1.159E-30	1.000	1011	1	249	394	1	247	247	249	0.632	1.000
LOKIASV2_4485_ESMFold_acetyl-CoA_C-acetyltransferase	AF-A0A2V8K905-F1-model_v4	AF-A0A2V8K905-F1-model_v4 Acetyl-CoA C-acyltransferase	2.306E-32	1.000	1007	108	394	394	3	298	300	302	0.728	0.987
LOKIASV2_4485_ESMFold_acetyl-CoA_C-acetyltransferase	AF-A0A7V2X8C8-F1-model_v4	AF-A0A7V2X8C8-F1-model_v4 Acetyl-CoA C-acyltransferase	6.800E-30	1.000	1002	157	393	394	28	270	275	245	0.602	0.884
LOKIASV2_4485_ESMFold_acetyl-CoA_C-acetyltransferase	AF-K0MEN0-F1-model_v4	AF-K0MEN0-F1-model_v4 Putative ketoacyl CoA thiolase	4.042E-34	1.000	1001	3	340	394	4	347	349	357	0.858	0.986
LOKIASV2_4485_ESMFold_acetyl-CoA_C-acetyltransferase	AF-A0A533IR61-F1-model_v4	AF-A0A533IR61-F1-model_v4 Thiolase family protein	2.389E-31	1.000	998	65	393	394	2	316	320	331	0.835	0.984
LOKIASV2_4485_ESMFold_acetyl-CoA_C-acetyltransferase	AF-A0A537ZK06-F1-model_v4	AF-A0A537ZK06-F1-model_v4 Acetyl-CoA C-acyltransferase	1.451E-29	1.000	997	139	393	394	67	319	322	255	0.647	0.786
LOKIASV2_4485_ESMFold_acetyl-CoA_C-acetyltransferase	AF-A0A420RK72-F1-model_v4	AF-A0A420RK72-F1-model_v4 Uncharacterized protein	1.430E-33	1.000	996	1	348	394	91	437	756	364	0.883	0.459
LOKIASV2_4485_ESMFold_acetyl-CoA_C-acetyltransferase	AF-W4PXU8-F1-model_v4	AF-W4PXU8-F1-model_v4 3-ketoacyl-CoA thiolase	3.989E-29	1.000	993	157	393	394	1	233	235	237	0.602	0.991
LOKIASV2_4485_ESMFold_acetyl-CoA_C-acetyltransferase	AF-A0A2H1BZG3-F1-model_v4	AF-A0A2H1BZG3-F1-model_v4 Uncharacterized protein	9.591E-31	1.000	992	107	393	394	59	344	346	291	0.728	0.827
LOKIASV2_4485_ESMFold_acetyl-CoA_C-acetyltransferase	AF-A0A228Q016-F1-model_v4	AF-A0A228Q016-F1-model_v4 Acetyl-CoA acetyltransferase	1.315E-30	1.000	990	110	350	394	2	240	240	241	0.612	0.996
LOKIASV2_4485_ESMFold_acetyl-CoA_C-acetyltransferase	AF-A0A673IDJ0-F1-model_v4	AF-A0A673IDJ0-F1-model_v4 3-ketoacyl-CoA thiolase B, peroxisomal-like	7.877E-33	1.000	986	2	393	394	30	373	377	399	0.995	0.912
LOKIASV2_4485_ESMFold_acetyl-CoA_C-acetyltransferase	AF-A0A672T835-F1-model_v4	AF-A0A672T835-F1-model_v4 Trifunctional enzyme subunit beta, mitochondrial-like	5.701E-35	1.000	986	2	393	394	52	425	429	427	0.995	0.872
LOKIASV2_4485_ESMFold_acetyl-CoA_C-acetyltransferase	AF-A0A3B8ZEB4-F1-model_v4	AF-A0A3B8ZEB4-F1-model_v4 Acetyl-CoA C-acyltransferase	2.474E-30	1.000	985	1	273	394	1	272	285	278	0.693	0.954
LOKIASV2_4485_ESMFold_acetyl-CoA_C-acetyltransferase	AF-A0A533W2H3-F1-model_v4	AF-A0A533W2H3-F1-model_v4 Thiolase family protein	6.208E-29	1.000	978	162	394	394	2	232	232	233	0.591	0.996
LOKIASV2_4485_ESMFold_acetyl-CoA_C-acetyltransferase	AF-A0A5S4UKV6-F1-model_v4	AF-A0A5S4UKV6-F1-model_v4 Thiolase family protein	8.692E-32	1.000	973	3	393	394	7	396	400	403	0.992	0.975
LOKIASV2_4485_ESMFold_acetyl-CoA_C-acetyltransferase	AF-A0A4W4DSP3-F1-model_v4	AF-A0A4W4DSP3-F1-model_v4 Uncharacterized protein	8.329E-35	1.000	973	2	393	394	20	404	408	434	0.995	0.944
LOKIASV2_4485_ESMFold_acetyl-CoA_C-acetyltransferase	AF-A0A452QL63-F1-model_v4	AF-A0A452QL63-F1-model_v4 Acetyl-CoA acyltransferase 1	9.191E-34	1.000	970	2	393	394	38	373	377	406	0.995	0.891
LOKIASV2_4485_ESMFold_acetyl-CoA_C-acetyltransferase	AF-A0A3P8W3Q6-F1-model_v4	AF-A0A3P8W3Q6-F1-model_v4 Thiolase_N domain-containing protein	1.441E-31	1.000	967	2	332	394	8	332	347	341	0.840	0.937
LOKIASV2_4485_ESMFold_acetyl-CoA_C-acetyltransferase	AF-A0A2A3LAQ9-F1-model_v4	AF-A0A2A3LAQ9-F1-model_v4 Acetyl-CoA C-acyltransferase	3.960E-31	1.000	965	66	394	394	1	314	317	333	0.835	0.991
LOKIASV2_4485_ESMFold_acetyl-CoA_C-acetyltransferase	AF-A0A7X8FFH3-F1-model_v4	AF-A0A7X8FFH3-F1-model_v4 Thiolase family protein	1.991E-29	1.000	964	2	264	394	3	265	265	266	0.668	0.992
LOKIASV2_4485_ESMFold_acetyl-CoA_C-acetyltransferase	AF-A0A2T5ADE4-F1-model_v4	AF-A0A2T5ADE4-F1-model_v4 Acetyl-CoA acetyltransferase family protein	1.029E-28	1.000	962	159	394	394	2	237	237	237	0.599	0.996
LOKIASV2_4485_ESMFold_acetyl-CoA_C-acetyltransferase	AF-A0A076YF71-F1-model_v4	AF-A0A076YF71-F1-model_v4 Acetyl-CoA acetyltransferase	6.993E-31	1.000	962	1	279	394	1	284	299	289	0.708	0.950
LOKIASV2_4485_ESMFold_acetyl-CoA_C-acetyltransferase	AF-A0A6M1SN60-F1-model_v4	AF-A0A6M1SN60-F1-model_v4 Acetyl-CoA C-acyltransferase	1.279E-29	1.000	961	26	292	394	4	266	267	267	0.678	0.985
LOKIASV2_4485_ESMFold_acetyl-CoA_C-acetyltransferase	AF-E0XST1-F1-model_v4	AF-E0XST1-F1-model_v4 Acetyl-CoA acetyltransferase	2.389E-31	1.000	961	4	394	394	2	370	373	400	0.992	0.989
LOKIASV2_4485_ESMFold_acetyl-CoA_C-acetyltransferase	AF-A0A429IFB2-F1-model_v4	AF-A0A429IFB2-F1-model_v4 3-oxoadipyl-CoA thiolase	3.960E-31	1.000	959	2	311	394	4	311	314	317	0.787	0.981
LOKIASV2_4485_ESMFold_acetyl-CoA_C-acetyltransferase	AF-A0A068FMQ1-F1-model_v4	AF-A0A068FMQ1-F1-model_v4 3-ketoacyl-CoA thiolase	6.208E-29	1.000	954	118	394	394	3	275	276	278	0.703	0.989
LOKIASV2_4485_ESMFold_acetyl-CoA_C-acetyltransferase	AF-A0A6I5GDS9-F1-model_v4	AF-A0A6I5GDS9-F1-model_v4 Acetyl-CoA C-acyltransferase	1.058E-29	1.000	954	1	277	394	1	279	283	285	0.703	0.986
LOKIASV2_4485_ESMFold_acetyl-CoA_C-acetyltransferase	AF-A0A536G270-F1-model_v4	AF-A0A536G270-F1-model_v4 Thiolase family protein	3.013E-28	1.000	951	157	393	394	25	257	261	237	0.602	0.893
LOKIASV2_4485_ESMFold_acetyl-CoA_C-acetyltransferase	AF-A0A0L7KEV4-F1-model_v4	AF-A0A0L7KEV4-F1-model_v4 Uncharacterized protein	6.565E-31	1.000	951	37	393	394	9	350	353	365	0.906	0.969
LOKIASV2_4485_ESMFold_acetyl-CoA_C-acetyltransferase	AF-S4PKM1-F1-model_v4	AF-S4PKM1-F1-model_v4 Putative acetyl transferase	2.908E-29	1.000	950	2	277	394	6	278	281	279	0.701	0.972
LOKIASV2_4485_ESMFold_acetyl-CoA_C-acetyltransferase	AF-A0A6P6GA69-F1-model_v4	AF-A0A6P6GA69-F1-model_v4 acetyl-CoA acetyltransferase, cytosolic 1	1.363E-29	1.000	947	4	264	394	18	284	297	270	0.662	0.899
LOKIASV2_4485_ESMFold_acetyl-CoA_C-acetyltransferase	AF-A0A847N7V7-F1-model_v4	AF-A0A847N7V7-F1-model_v4 Thiolase family protein	9.661E-29	1.000	945	117	393	394	1	264	270	277	0.703	0.978
LOKIASV2_4485_ESMFold_acetyl-CoA_C-acetyltransferase	AF-A0A810MB90-F1-model_v4	AF-A0A810MB90-F1-model_v4 Acetyl-CoA acetyltransferase	7.191E-32	1.000	944	1	346	394	1	364	372	372	0.878	0.978
LOKIASV2_4485_ESMFold_acetyl-CoA_C-acetyltransferase	AF-A0A7X8GH52-F1-model_v4	AF-A0A7X8GH52-F1-model_v4 Thiolase family protein	1.235E-30	1.000	943	1	277	394	1	299	307	302	0.703	0.974
LOKIASV2_4485_ESMFold_acetyl-CoA_C-acetyltransferase	AF-A0A2T2SK60-F1-model_v4	AF-A0A2T2SK60-F1-model_v4 Acetyl-CoA C-acyltransferase	7.773E-28	1.000	937	135	393	394	2	257	259	259	0.657	0.988
LOKIASV2_4485_ESMFold_acetyl-CoA_C-acetyltransferase	AF-A0A0R2PRX8-F1-model_v4	AF-A0A0R2PRX8-F1-model_v4 Uncharacterized protein	1.066E-27	1.000	935	156	393	394	2	235	237	239	0.604	0.987
LOKIASV2_4485_ESMFold_acetyl-CoA_C-acetyltransferase	AF-A0A533W6C2-F1-model_v4	AF-A0A533W6C2-F1-model_v4 Acetyl-CoA C-acyltransferase	1.401E-30	1.000	935	2	306	394	74	379	380	315	0.774	0.805
LOKIASV2_4485_ESMFold_acetyl-CoA_C-acetyltransferase	AF-A0A3B9K485-F1-model_v4	AF-A0A3B9K485-F1-model_v4 Acetyl-CoA C-acyltransferase	1.706E-28	1.000	934	1	249	394	1	246	246	250	0.632	1.000
LOKIASV2_4485_ESMFold_acetyl-CoA_C-acetyltransferase	AF-A0A7Y6M118-F1-model_v4	AF-A0A7Y6M118-F1-model_v4 Acetyl-CoA C-acyltransferase	1.767E-27	1.000	933	157	393	394	40	270	273	237	0.602	0.846
LOKIASV2_4485_ESMFold_acetyl-CoA_C-acetyltransferase	AF-A0A536AU69-F1-model_v4	AF-A0A536AU69-F1-model_v4 Acetyl-CoA C-acyltransferase	7.935E-31	1.000	930	1	334	394	1	345	357	352	0.848	0.966
LOKIASV2_4485_ESMFold_acetyl-CoA_C-acetyltransferase	AF-A0A3A4YVZ0-F1-model_v4	AF-A0A3A4YVZ0-F1-model_v4 Acetyl-CoA C-acyltransferase	1.210E-27	1.000	926	156	393	394	3	238	241	238	0.604	0.979
LOKIASV2_4485_ESMFold_acetyl-CoA_C-acetyltransferase	AF-A0A5K1JXJ4-F1-model_v4	AF-A0A5K1JXJ4-F1-model_v4 Acetyl-CoA acetyltransferase	2.197E-28	1.000	925	97	385	394	2	283	615	289	0.734	0.459
LOKIASV2_4485_ESMFold_acetyl-CoA_C-acetyltransferase	AF-A0A2W4YKL2-F1-model_v4	AF-A0A2W4YKL2-F1-model_v4 Acetyl-CoA C-acyltransferase	4.249E-29	1.000	921	1	286	394	4	290	290	291	0.726	0.990
LOKIASV2_4485_ESMFold_acetyl-CoA_C-acetyltransferase	AF-M5CGX5-F1-model_v4	AF-M5CGX5-F1-model_v4 Acetyl-CoA acyltransferase 2	2.323E-30	1.000	921	2	322	394	7	322	322	335	0.815	0.981
LOKIASV2_4485_ESMFold_acetyl-CoA_C-acetyltransferase	AF-A0A2R7SFA3-F1-model_v4	AF-A0A2R7SFA3-F1-model_v4 Acetyl-CoA C-acetyltransferase	8.280E-28	1.000	909	1	237	394	1	237	237	237	0.602	1.000
LOKIASV2_4485_ESMFold_acetyl-CoA_C-acetyltransferase	AF-A0A7Y2K5I8-F1-model_v4	AF-A0A7Y2K5I8-F1-model_v4 Thiolase family protein	7.773E-28	1.000	906	170	393	394	1	220	224	224	0.569	0.982
LOKIASV2_4485_ESMFold_acetyl-CoA_C-acetyltransferase	AF-A0A2W6WI83-F1-model_v4	AF-A0A2W6WI83-F1-model_v4 Steroid 3-ketoacyl-CoA thiolase	1.647E-29	1.000	904	97	393	394	2	292	294	307	0.754	0.990
LOKIASV2_4485_ESMFold_acetyl-CoA_C-acetyltransferase	AF-A0A2A5SHH4-F1-model_v4	AF-A0A2A5SHH4-F1-model_v4 Acetyl coenzyme A acetyltransferase	1.546E-29	1.000	904	53	393	394	1	321	326	346	0.865	0.985
LOKIASV2_4485_ESMFold_acetyl-CoA_C-acetyltransferase	AF-Q1AUY0-F1-model_v4	AF-Q1AUY0-F1-model_v4 Acetyl-CoA C-acetyltransferase	8.756E-30	1.000	903	44	393	394	11	357	360	357	0.888	0.964
LOKIASV2_4485_ESMFold_acetyl-CoA_C-acetyltransferase	AF-A0A534N7J5-F1-model_v4	AF-A0A534N7J5-F1-model_v4 Acetyl-CoA C-acyltransferase	5.785E-31	1.000	901	1	334	394	1	331	456	346	0.848	0.726
LOKIASV2_4485_ESMFold_acetyl-CoA_C-acetyltransferase	AF-A0A2R7T7V6-F1-model_v4	AF-A0A2R7T7V6-F1-model_v4 Acetyl-CoA C-acetyltransferase	1.451E-29	1.000	897	93	393	394	2	305	307	323	0.764	0.990
LOKIASV2_4485_ESMFold_acetyl-CoA_C-acetyltransferase	AF-A0A4Q6GJU8-F1-model_v4	AF-A0A4Q6GJU8-F1-model_v4 Acetyl-CoA C-acyltransferase	1.754E-29	1.000	896	132	393	394	1	271	273	278	0.665	0.993
LOKIASV2_4485_ESMFold_acetyl-CoA_C-acetyltransferase	AF-A0A016TIR1-F1-model_v4	AF-A0A016TIR1-F1-model_v4 Uncharacterized protein	1.058E-29	1.000	896	2	330	394	34	374	408	352	0.835	0.836
LOKIASV2_4485_ESMFold_acetyl-CoA_C-acetyltransferase	AF-A0A3C1WGS3-F1-model_v4	AF-A0A3C1WGS3-F1-model_v4 Acetyl-CoA C-acyltransferase	6.384E-30	1.000	895	1	323	394	1	320	321	334	0.820	0.997
LOKIASV2_4485_ESMFold_acetyl-CoA_C-acetyltransferase	AF-A0A534L8W4-F1-model_v4	AF-A0A534L8W4-F1-model_v4 Thiolase family protein	1.037E-26	1.000	894	162	394	394	2	231	231	233	0.591	0.996
LOKIASV2_4485_ESMFold_acetyl-CoA_C-acetyltransferase	AF-A0A183SJA9-F1-model_v4	AF-A0A183SJA9-F1-model_v4 Uncharacterized protein	5.626E-30	1.000	893	20	394	394	3	411	778	421	0.952	0.526
LOKIASV2_4485_ESMFold_acetyl-CoA_C-acetyltransferase	AF-K8XYR7-F1-model_v4	AF-K8XYR7-F1-model_v4 Acetyl-CoA acetyltransferase	1.001E-27	1.000	890	166	393	394	2	235	239	236	0.579	0.979
LOKIASV2_4485_ESMFold_acetyl-CoA_C-acetyltransferase	AF-A0A1Y2D354-F1-model_v4	AF-A0A1Y2D354-F1-model_v4 Uncharacterized protein	2.047E-30	1.000	890	2	390	394	5	355	356	399	0.987	0.986
LOKIASV2_4485_ESMFold_acetyl-CoA_C-acetyltransferase	AF-A0A821U9V8-F1-model_v4	AF-A0A821U9V8-F1-model_v4 Hypothetical protein	2.456E-32	1.000	889	1	393	394	6	337	339	393	0.997	0.979
LOKIASV2_4485_ESMFold_acetyl-CoA_C-acetyltransferase	AF-A0A2P6TUX9-F1-model_v4	AF-A0A2P6TUX9-F1-model_v4 3-ketoacyl-thiolase peroxisomal	1.493E-30	1.000	888	3	372	394	44	396	498	386	0.939	0.709
LOKIASV2_4485_ESMFold_acetyl-CoA_C-acetyltransferase	AF-A0A7S4DLM0-F1-model_v4	AF-A0A7S4DLM0-F1-model_v4 Hypothetical protein	2.005E-27	1.000	886	131	393	394	9	269	279	264	0.668	0.935
LOKIASV2_4485_ESMFold_acetyl-CoA_C-acetyltransferase	AF-A0A3Q2PJJ3-F1-model_v4	AF-A0A3Q2PJJ3-F1-model_v4 Acetyl-CoA acyltransferase 1	7.244E-30	1.000	886	2	336	394	37	361	419	344	0.850	0.776
LOKIASV2_4485_ESMFold_acetyl-CoA_C-acetyltransferase	AF-A0A535RAY0-F1-model_v4	AF-A0A535RAY0-F1-model_v4 Acetyl-CoA C-acyltransferase	1.613E-26	1.000	883	175	393	394	3	218	221	219	0.556	0.977
LOKIASV2_4485_ESMFold_acetyl-CoA_C-acetyltransferase	AF-A0A7J2PY69-F1-model_v4	AF-A0A7J2PY69-F1-model_v4 Acetyl-CoA C-acyltransferase	1.401E-30	1.000	882	67	394	394	8	360	363	360	0.832	0.972
LOKIASV2_4485_ESMFold_acetyl-CoA_C-acetyltransferase	AF-A0A5N6MD75-F1-model_v4	AF-A0A5N6MD75-F1-model_v4 Uncharacterized protein	4.786E-31	1.000	878	2	393	394	51	388	391	401	0.995	0.864
LOKIASV2_4485_ESMFold_acetyl-CoA_C-acetyltransferase	AF-A0A433C2C5-F1-model_v4	AF-A0A433C2C5-F1-model_v4 Acetyl-CoA C-acyltransferase	3.121E-27	1.000	874	155	393	394	29	274	276	252	0.607	0.891
LOKIASV2_4485_ESMFold_acetyl-CoA_C-acetyltransferase	AF-A0A2I3MAM2-F1-model_v4	AF-A0A2I3MAM2-F1-model_v4 Trifunctional enzyme subunit beta, mitochondrial-like	5.471E-29	1.000	870	43	393	394	5	362	366	376	0.891	0.978
LOKIASV2_4485_ESMFold_acetyl-CoA_C-acetyltransferase	AF-A0A0P9UML0-F1-model_v4	AF-A0A0P9UML0-F1-model_v4 3-ketoacyl-CoA thiolase	6.613E-29	1.000	868	3	321	394	44	351	351	322	0.810	0.877
LOKIASV2_4485_ESMFold_acetyl-CoA_C-acetyltransferase	AF-A0A3Q8UBQ2-F1-model_v4	AF-A0A3Q8UBQ2-F1-model_v4 Acetyl-CoA acyltransferase 1	1.896E-25	1.000	865	162	393	394	2	230	233	232	0.589	0.983
LOKIASV2_4485_ESMFold_acetyl-CoA_C-acetyltransferase	AF-A0A6J6UNL6-F1-model_v4	AF-A0A6J6UNL6-F1-model_v4 Unannotated protein	6.901E-26	1.000	865	157	394	394	1	236	237	239	0.604	0.996
LOKIASV2_4485_ESMFold_acetyl-CoA_C-acetyltransferase	AF-A0A537YWF6-F1-model_v4	AF-A0A537YWF6-F1-model_v4 Acetyl-CoA C-acyltransferase	6.082E-26	1.000	862	161	394	394	3	234	235	234	0.594	0.987
LOKIASV2_4485_ESMFold_acetyl-CoA_C-acetyltransferase	AF-A0A7J7VFD7-F1-model_v4	AF-A0A7J7VFD7-F1-model_v4 Acetyl-CoA acetyltransferase 1	5.360E-26	1.000	859	157	393	394	1	233	235	239	0.602	0.991
LOKIASV2_4485_ESMFold_acetyl-CoA_C-acetyltransferase	AF-A0A7J4SL17-F1-model_v4	AF-A0A7J4SL17-F1-model_v4 Thiolase family protein	1.558E-27	1.000	859	2	321	394	5	308	308	321	0.812	0.987
LOKIASV2_4485_ESMFold_acetyl-CoA_C-acetyltransferase	AF-A0A6I9NKM5-F1-model_v4	AF-A0A6I9NKM5-F1-model_v4 acetyl-CoA acetyltransferase, mitochondrial	3.419E-28	1.000	858	131	393	394	35	296	298	271	0.668	0.879
LOKIASV2_4485_ESMFold_acetyl-CoA_C-acetyltransferase	AF-A0A2P2IFI0-F1-model_v4	AF-A0A2P2IFI0-F1-model_v4 Acetyl-CoA acetyltransferase, cytosolic-like	9.137E-27	1.000	855	88	337	394	2	252	253	252	0.635	0.992
LOKIASV2_4485_ESMFold_acetyl-CoA_C-acetyltransferase	AF-A0A7K1E050-F1-model_v4	AF-A0A7K1E050-F1-model_v4 Acetyl-CoA C-acyltransferase	1.767E-27	1.000	854	1	274	394	1	274	277	287	0.695	0.989
LOKIASV2_4485_ESMFold_acetyl-CoA_C-acetyltransferase	AF-A0A4Q3T8U4-F1-model_v4	AF-A0A4Q3T8U4-F1-model_v4 Acetyl-CoA C-acyltransferase	1.659E-27	1.000	850	112	393	394	2	280	282	298	0.716	0.989
LOKIASV2_4485_ESMFold_acetyl-CoA_C-acetyltransferase	AF-A0A5E3X2C7-F1-model_v4	AF-A0A5E3X2C7-F1-model_v4 Uncharacterized protein	1.602E-28	1.000	849	3	335	394	22	337	337	336	0.845	0.938
LOKIASV2_4485_ESMFold_acetyl-CoA_C-acetyltransferase	AF-A0A212CX59-F1-model_v4	AF-A0A212CX59-F1-model_v4 HADHB	1.289E-27	1.000	845	1	385	394	14	334	334	387	0.977	0.961
LOKIASV2_4485_ESMFold_acetyl-CoA_C-acetyltransferase	AF-A0A1S3AKA2-F1-model_v4	AF-A0A1S3AKA2-F1-model_v4 acetyl-CoA acetyltransferase, cytosolic	8.820E-28	1.000	841	2	393	394	6	247	249	392	0.995	0.972
LOKIASV2_4485_ESMFold_acetyl-CoA_C-acetyltransferase	AF-A0A1J4VNM3-F1-model_v4	AF-A0A1J4VNM3-F1-model_v4 Uncharacterized protein	3.325E-27	1.000	836	127	393	394	6	283	286	287	0.678	0.972
LOKIASV2_4485_ESMFold_acetyl-CoA_C-acetyltransferase	AF-A0A258CDH0-F1-model_v4	AF-A0A258CDH0-F1-model_v4 Acetyl-CoA C-acyltransferase FadA	1.373E-27	1.000	836	3	309	394	7	302	302	310	0.779	0.980
LOKIASV2_4485_ESMFold_acetyl-CoA_C-acetyltransferase	AF-A0A7C7S3K8-F1-model_v4	AF-A0A7C7S3K8-F1-model_v4 Acetyl-CoA C-acyltransferase	1.558E-27	1.000	827	1	321	394	1	318	318	331	0.815	1.000
LOKIASV2_4485_ESMFold_acetyl-CoA_C-acetyltransferase	AF-A0A7Y1U677-F1-model_v4	AF-A0A7Y1U677-F1-model_v4 Acetyl-CoA C-acetyltransferase	2.152E-25	1.000	823	1	218	394	1	217	221	218	0.553	0.982
LOKIASV2_4485_ESMFold_acetyl-CoA_C-acetyltransferase	AF-X8C5I0-F1-model_v4	AF-X8C5I0-F1-model_v4 Acetyl-CoA C-acetyltransferase family protein	3.349E-25	1.000	816	155	394	394	8	240	241	240	0.609	0.967
LOKIASV2_4485_ESMFold_acetyl-CoA_C-acetyltransferase	AF-A0A512UAJ7-F1-model_v4	AF-A0A512UAJ7-F1-model_v4 Uncharacterized protein	1.104E-26	1.000	815	3	372	394	11	300	307	371	0.939	0.945
LOKIASV2_4485_ESMFold_acetyl-CoA_C-acetyltransferase	AF-A0A3M5WZL2-F1-model_v4	AF-A0A3M5WZL2-F1-model_v4 Adenylosuccinate lyase	3.745E-29	1.000	814	2	316	394	11	325	577	328	0.799	0.546
LOKIASV2_4485_ESMFold_acetyl-CoA_C-acetyltransferase	AF-A0A259LTZ1-F1-model_v4	AF-A0A259LTZ1-F1-model_v4 Acetyl-CoA acetyltransferase	1.473E-25	1.000	811	159	393	394	2	251	253	253	0.596	0.988
LOKIASV2_4485_ESMFold_acetyl-CoA_C-acetyltransferase	AF-A0A6I3CBX4-F1-model_v4	AF-A0A6I3CBX4-F1-model_v4 Acetyl-CoA C-acyltransferase	5.174E-27	1.000	810	1	314	394	1	311	314	324	0.797	0.990
LOKIASV2_4485_ESMFold_acetyl-CoA_C-acetyltransferase	AF-G7YHN5-F1-model_v4	AF-G7YHN5-F1-model_v4 Acetyl-CoA C-acetyltransferase	1.298E-25	1.000	808	74	354	394	3	284	284	285	0.713	0.993
LOKIASV2_4485_ESMFold_acetyl-CoA_C-acetyltransferase	AF-A0A6I3FE19-F1-model_v4	AF-A0A6I3FE19-F1-model_v4 Acetyl-CoA C-acyltransferase	5.914E-25	1.000	803	157	393	394	22	260	269	241	0.602	0.888
LOKIASV2_4485_ESMFold_acetyl-CoA_C-acetyltransferase	AF-A0A5E7TB98-F1-model_v4	AF-A0A5E7TB98-F1-model_v4 3-ketoacyl-CoA thiolase	3.800E-25	1.000	803	155	393	394	23	268	271	252	0.607	0.908
LOKIASV2_4485_ESMFold_acetyl-CoA_C-acetyltransferase	AF-X0REZ3-F1-model_v4	AF-X0REZ3-F1-model_v4 Uncharacterized protein	2.750E-27	1.000	801	1	324	394	1	324	325	344	0.822	0.997
LOKIASV2_4485_ESMFold_acetyl-CoA_C-acetyltransferase	AF-A0A0N4YFT4-F1-model_v4	AF-A0A0N4YFT4-F1-model_v4 Acetyl-CoA acetyltransferase, mitochondrial (inferred by orthology to a human protein)	1.383E-25	1.000	785	160	393	394	26	258	261	239	0.594	0.893
LOKIASV2_4485_ESMFold_acetyl-CoA_C-acetyltransferase	AF-G8FGI8-F1-model_v4	AF-G8FGI8-F1-model_v4 Putative 3-ketoacyl CoA thiolase	8.052E-27	1.000	785	2	315	394	13	320	324	321	0.797	0.951
LOKIASV2_4485_ESMFold_acetyl-CoA_C-acetyltransferase	AF-A0A7X1ZNB5-F1-model_v4	AF-A0A7X1ZNB5-F1-model_v4 Uncharacterized protein	3.233E-26	1.000	784	1	356	394	49	406	407	368	0.904	0.880
LOKIASV2_4485_ESMFold_acetyl-CoA_C-acetyltransferase	AF-X8F382-F1-model_v4	AF-X8F382-F1-model_v4 Acetyl-CoA C-acetyltransferase family protein	9.395E-28	1.000	783	43	394	394	3	344	395	364	0.893	0.866
LOKIASV2_4485_ESMFold_acetyl-CoA_C-acetyltransferase	AF-A0A0M8PB85-F1-model_v4	AF-A0A0M8PB85-F1-model_v4 Acetyl-CoA acetyltransferase	7.148E-25	1.000	781	2	236	394	3	238	238	240	0.596	0.992
LOKIASV2_4485_ESMFold_acetyl-CoA_C-acetyltransferase	AF-A0A226D955-F1-model_v4	AF-A0A226D955-F1-model_v4 3-ketoacyl-CoA thiolase, mitochondrial	4.312E-25	1.000	777	6	394	394	10	304	305	392	0.987	0.967
LOKIASV2_4485_ESMFold_acetyl-CoA_C-acetyltransferase	AF-A0A2J4V5M7-F1-model_v4	AF-A0A2J4V5M7-F1-model_v4 Acetyl-CoA C-acyltransferase FadI	1.104E-26	1.000	777	108	394	394	2	318	319	325	0.728	0.994
LOKIASV2_4485_ESMFold_acetyl-CoA_C-acetyltransferase	AF-A0A0S8BXH7-F1-model_v4	AF-A0A0S8BXH7-F1-model_v4 Acetyl-CoA acetyltransferase	3.257E-24	1.000	772	173	393	394	2	229	231	230	0.561	0.987
LOKIASV2_4485_ESMFold_acetyl-CoA_C-acetyltransferase	AF-A0A7J6SF89-F1-model_v4	AF-A0A7J6SF89-F1-model_v4 Erg10, acetyl-CoA C-acetyltransferase	1.044E-24	1.000	770	24	266	394	1	259	300	262	0.617	0.863
LOKIASV2_4485_ESMFold_acetyl-CoA_C-acetyltransferase	AF-A0A1Q7W0X3-F1-model_v4	AF-A0A1Q7W0X3-F1-model_v4 Acetyl-CoA acetyltransferase	3.594E-23	1.000	769	160	393	394	20	255	257	240	0.594	0.918
LOKIASV2_4485_ESMFold_acetyl-CoA_C-acetyltransferase	AF-A0A7C1UVY3-F1-model_v4	AF-A0A7C1UVY3-F1-model_v4 Thiolase family protein	1.484E-23	1.000	767	178	394	394	1	222	223	224	0.551	0.996
LOKIASV2_4485_ESMFold_acetyl-CoA_C-acetyltransferase	AF-A0A519G1R1-F1-model_v4	AF-A0A519G1R1-F1-model_v4 Thiolase family protein	7.148E-25	1.000	767	1	267	394	1	252	253	271	0.678	0.996
LOKIASV2_4485_ESMFold_acetyl-CoA_C-acetyltransferase	AF-A0A522WPL4-F1-model_v4	AF-A0A522WPL4-F1-model_v4 Thiolase family protein	1.383E-25	1.000	767	3	308	394	11	321	321	324	0.777	0.969
LOKIASV2_4485_ESMFold_acetyl-CoA_C-acetyltransferase	AF-A0A3A0FTF8-F1-model_v4	AF-A0A3A0FTF8-F1-model_v4 Acetyl-CoA C-acyltransferase	5.360E-26	1.000	766	93	393	394	2	324	326	339	0.764	0.991
LOKIASV2_4485_ESMFold_acetyl-CoA_C-acetyltransferase	AF-A0A5B0EHP5-F1-model_v4	AF-A0A5B0EHP5-F1-model_v4 Acetyl-CoA C-acyltransferase	2.930E-27	1.000	766	91	394	394	12	330	331	329	0.772	0.964
LOKIASV2_4485_ESMFold_acetyl-CoA_C-acetyltransferase	AF-A0A2G9UHG8-F1-model_v4	AF-A0A2G9UHG8-F1-model_v4 Acetyl-CoA C-acetyltransferase	7.405E-24	1.000	765	166	393	394	23	246	248	230	0.579	0.903
LOKIASV2_4485_ESMFold_acetyl-CoA_C-acetyltransferase	AF-A0A7U9C4I7-F1-model_v4	AF-A0A7U9C4I7-F1-model_v4 Uncharacterized protein	1.082E-23	1.000	764	176	393	394	2	213	215	218	0.553	0.986
LOKIASV2_4485_ESMFold_acetyl-CoA_C-acetyltransferase	AF-A0A447TF90-F1-model_v4	AF-A0A447TF90-F1-model_v4 Acetyl-CoA acetyltransferase	5.709E-26	1.000	764	122	393	394	5	272	274	280	0.690	0.978
LOKIASV2_4485_ESMFold_acetyl-CoA_C-acetyltransferase	AF-A0A397FJQ4-F1-model_v4	AF-A0A397FJQ4-F1-model_v4 Uncharacterized protein	1.473E-25	1.000	757	1	322	394	11	341	342	347	0.817	0.968
LOKIASV2_4485_ESMFold_acetyl-CoA_C-acetyltransferase	AF-A0A671PQT7-F1-model_v4	AF-A0A671PQT7-F1-model_v4 Hydroxyacyl-CoA dehydrogenase trifunctional multienzyme complex subunit beta	2.771E-25	1.000	755	1	393	394	15	311	315	411	0.997	0.943
LOKIASV2_4485_ESMFold_acetyl-CoA_C-acetyltransferase	AF-A6MZY4-F1-model_v4	AF-A6MZY4-F1-model_v4 Peroxisomal 3-ketoacyl-coa thiolase 2	6.760E-23	1.000	751	157	387	394	8	243	243	238	0.586	0.971
LOKIASV2_4485_ESMFold_acetyl-CoA_C-acetyltransferase	AF-A0A0W8DAN0-F1-model_v4	AF-A0A0W8DAN0-F1-model_v4 CCR4-NOT transcription complex subunit 3	1.298E-25	1.000	751	2	286	394	23	301	823	298	0.723	0.339
LOKIASV2_4485_ESMFold_acetyl-CoA_C-acetyltransferase	AF-C2WQW1-F1-model_v4	AF-C2WQW1-F1-model_v4 Acetyl-CoA acetyltransferase	6.346E-23	1.000	747	157	393	394	1	226	230	238	0.602	0.983
LOKIASV2_4485_ESMFold_acetyl-CoA_C-acetyltransferase	AF-A0A1F8RN05-F1-model_v4	AF-A0A1F8RN05-F1-model_v4 Thiolase_N domain-containing protein	2.020E-25	1.000	746	2	274	394	42	311	311	285	0.693	0.868
LOKIASV2_4485_ESMFold_acetyl-CoA_C-acetyltransferase	AF-A0A1A3K3Z1-F1-model_v4	AF-A0A1A3K3Z1-F1-model_v4 Acetyl-CoA acetyltransferase	1.185E-24	1.000	743	1	277	394	1	274	277	285	0.703	0.989
LOKIASV2_4485_ESMFold_acetyl-CoA_C-acetyltransferase	AF-A0A3N5ULP3-F1-model_v4	AF-A0A3N5ULP3-F1-model_v4 Thiolase family protein	4.078E-23	1.000	742	171	394	394	1	229	231	232	0.569	0.991
LOKIASV2_4485_ESMFold_acetyl-CoA_C-acetyltransferase	AF-D5PE39-F1-model_v4	AF-D5PE39-F1-model_v4 Acetyl-CoA C-acetyltransferase	2.771E-25	1.000	739	2	306	394	4	298	298	309	0.774	0.990
LOKIASV2_4485_ESMFold_acetyl-CoA_C-acetyltransferase	AF-A0A183AS55-F1-model_v4	AF-A0A183AS55-F1-model_v4 Uncharacterized protein	1.008E-25	1.000	738	121	393	394	35	305	307	286	0.693	0.883
LOKIASV2_4485_ESMFold_acetyl-CoA_C-acetyltransferase	AF-A0A7V4PJA1-F1-model_v4	AF-A0A7V4PJA1-F1-model_v4 Thiolase family protein	3.374E-23	1.000	737	194	393	394	2	198	201	200	0.508	0.980
LOKIASV2_4485_ESMFold_acetyl-CoA_C-acetyltransferase	AF-A0A3C2CIG7-F1-model_v4	AF-A0A3C2CIG7-F1-model_v4 Steroid 3-ketoacyl-CoA thiolase	1.637E-22	1.000	737	162	393	394	2	236	238	239	0.589	0.987
LOKIASV2_4485_ESMFold_acetyl-CoA_C-acetyltransferase	AF-A0A4V1TNN2-F1-model_v4	AF-A0A4V1TNN2-F1-model_v4 Acetyl-CoA C-acyltransferase	7.201E-23	1.000	734	185	393	394	2	209	211	211	0.530	0.986
LOKIASV2_4485_ESMFold_acetyl-CoA_C-acetyltransferase	AF-D8TZN9-F1-model_v4	AF-D8TZN9-F1-model_v4 Uncharacterized protein	1.074E-25	1.000	734	20	337	394	148	573	630	428	0.807	0.676
LOKIASV2_4485_ESMFold_acetyl-CoA_C-acetyltransferase	AF-A0A791B275-F1-model_v4	AF-A0A791B275-F1-model_v4 Acetyl-CoA C-acetyltransferase	7.671E-23	1.000	732	1	221	394	1	221	222	222	0.561	0.995
LOKIASV2_4485_ESMFold_acetyl-CoA_C-acetyltransferase	AF-A0A4U1KSD8-F1-model_v4	AF-A0A4U1KSD8-F1-model_v4 Acetyl-CoA C-acyltransferase	1.484E-23	1.000	732	157	393	394	38	276	279	246	0.602	0.857
LOKIASV2_4485_ESMFold_acetyl-CoA_C-acetyltransferase	AF-A0A813LJY2-F1-model_v4	AF-A0A813LJY2-F1-model_v4 Hypothetical protein	1.793E-23	1.000	732	16	239	394	1	224	345	226	0.569	0.649
LOKIASV2_4485_ESMFold_acetyl-CoA_C-acetyltransferase	AF-A0A163M6Z2-F1-model_v4	AF-A0A163M6Z2-F1-model_v4 Thiolase_N domain-containing protein	7.148E-25	1.000	731	3	292	394	29	312	317	300	0.736	0.896
LOKIASV2_4485_ESMFold_acetyl-CoA_C-acetyltransferase	AF-A0A3E0KL81-F1-model_v4	AF-A0A3E0KL81-F1-model_v4 Acetyl-CoA C-acyltransferase	3.828E-23	1.000	727	200	394	394	4	196	199	195	0.495	0.970
LOKIASV2_4485_ESMFold_acetyl-CoA_C-acetyltransferase	AF-A0A2A5NYT3-F1-model_v4	AF-A0A2A5NYT3-F1-model_v4 Acetyl-CoA acetyltransferase	3.035E-26	1.000	726	1	393	394	4	385	388	440	0.997	0.985
LOKIASV2_4485_ESMFold_acetyl-CoA_C-acetyltransferase	AF-A0A7K0NAT4-F1-model_v4	AF-A0A7K0NAT4-F1-model_v4 Acetyl-CoA C-acyltransferase	1.194E-22	1.000	721	185	393	394	2	203	205	209	0.530	0.985
LOKIASV2_4485_ESMFold_acetyl-CoA_C-acetyltransferase	AF-A0A060XTD1-F1-model_v4	AF-A0A060XTD1-F1-model_v4 Thiolase_N domain-containing protein	2.791E-23	1.000	713	5	239	394	7	235	246	235	0.596	0.931
LOKIASV2_4485_ESMFold_acetyl-CoA_C-acetyltransferase	AF-B7DTX0-F1-model_v4	AF-B7DTX0-F1-model_v4 Thiolase	4.627E-23	1.000	710	1	240	394	1	239	240	243	0.609	0.996
LOKIASV2_4485_ESMFold_acetyl-CoA_C-acetyltransferase	AF-A0A3D4AL56-F1-model_v4	AF-A0A3D4AL56-F1-model_v4 Acetyl-CoA C-acyltransferase	5.399E-24	1.000	706	1	323	394	1	311	312	340	0.820	0.997
LOKIASV2_4485_ESMFold_acetyl-CoA_C-acetyltransferase	AF-A0A2R7TB10-F1-model_v4	AF-A0A2R7TB10-F1-model_v4 Acetyl-CoA C-acetyltransferase	1.317E-21	1.000	705	227	394	394	4	169	169	168	0.426	0.982
LOKIASV2_4485_ESMFold_acetyl-CoA_C-acetyltransferase	AF-A0A6D2KPZ6-F1-model_v4	AF-A0A6D2KPZ6-F1-model_v4 Uncharacterized protein	3.167E-23	1.000	705	172	391	394	40	266	267	229	0.558	0.850
LOKIASV2_4485_ESMFold_acetyl-CoA_C-acetyltransferase	AF-A0A832INW6-F1-model_v4	AF-A0A832INW6-F1-model_v4 Thiolase family protein	1.637E-22	1.000	704	195	394	394	2	197	197	200	0.508	0.995
LOKIASV2_4485_ESMFold_acetyl-CoA_C-acetyltransferase	AF-G2HEE0-F1-model_v4	AF-G2HEE0-F1-model_v4 Acetyl-CoA acetyltransferase, mitochondrial	1.637E-22	1.000	701	53	304	394	1	248	249	252	0.640	0.996
LOKIASV2_4485_ESMFold_acetyl-CoA_C-acetyltransferase	AF-A6MLH1-F1-model_v4	AF-A6MLH1-F1-model_v4 Acetyl-CoA acetyltransferase-like protein	1.317E-21	1.000	700	227	393	394	4	170	172	167	0.424	0.971
LOKIASV2_4485_ESMFold_acetyl-CoA_C-acetyltransferase	AF-A0A228G9F2-F1-model_v4	AF-A0A228G9F2-F1-model_v4 Acetyl-CoA acetyltransferase	2.392E-22	1.000	698	26	216	394	1	191	191	191	0.485	1.000
LOKIASV2_4485_ESMFold_acetyl-CoA_C-acetyltransferase	AF-A0A0Q7MP96-F1-model_v4	AF-A0A0Q7MP96-F1-model_v4 Acetyl-CoA acetyltransferase	1.592E-21	1.000	696	156	393	394	13	247	277	241	0.604	0.848
LOKIASV2_4485_ESMFold_acetyl-CoA_C-acetyltransferase	AF-A0A3C1KNU7-F1-model_v4	AF-A0A3C1KNU7-F1-model_v4 Acetyl-CoA C-acyltransferase	8.704E-23	1.000	695	102	393	394	1	293	296	310	0.741	0.990
LOKIASV2_4485_ESMFold_acetyl-CoA_C-acetyltransferase	AF-A0A101EE32-F1-model_v4	AF-A0A101EE32-F1-model_v4 Acetyl-CoA acetyltransferase	2.326E-21	1.000	690	1	225	394	3	226	227	225	0.571	0.987
LOKIASV2_4485_ESMFold_acetyl-CoA_C-acetyltransferase	AF-A0A355B2S2-F1-model_v4	AF-A0A355B2S2-F1-model_v4 Acetyl-CoA C-acyltransferase	1.023E-21	1.000	689	5	237	394	7	238	239	234	0.591	0.971
LOKIASV2_4485_ESMFold_acetyl-CoA_C-acetyltransferase	AF-A0A3N5TFY1-F1-model_v4	AF-A0A3N5TFY1-F1-model_v4 Thiolase family protein	1.979E-22	1.000	688	100	393	394	2	294	296	298	0.746	0.990
LOKIASV2_4485_ESMFold_acetyl-CoA_C-acetyltransferase	AF-A0A3B8R0X6-F1-model_v4	AF-A0A3B8R0X6-F1-model_v4 Acetyl-CoA C-acyltransferase	2.812E-21	1.000	679	185	393	394	2	207	212	209	0.530	0.972
LOKIASV2_4485_ESMFold_acetyl-CoA_C-acetyltransferase	AF-A0A6P1I3L3-F1-model_v4	AF-A0A6P1I3L3-F1-model_v4 Acetyl-CoA acetyltransferase	6.952E-24	1.000	678	2	394	394	3	363	366	399	0.997	0.986
LOKIASV2_4485_ESMFold_acetyl-CoA_C-acetyltransferase	AF-A0A7N8X1Y5-F1-model_v4	AF-A0A7N8X1Y5-F1-model_v4 Hydroxyacyl-CoA dehydrogenase trifunctional multienzyme complex subunit beta	7.351E-26	1.000	677	1	394	394	37	334	389	412	1.000	0.766
LOKIASV2_4485_ESMFold_acetyl-CoA_C-acetyltransferase	AF-A0A238BXV4-F1-model_v4	AF-A0A238BXV4-F1-model_v4 Acetyl-CoA C-acetyltransferase	2.292E-25	1.000	675	2	393	394	44	403	479	432	0.995	0.752
LOKIASV2_4485_ESMFold_acetyl-CoA_C-acetyltransferase	AF-A0A7V5SBB8-F1-model_v4	AF-A0A7V5SBB8-F1-model_v4 Acetyl-CoA C-acetyltransferase	1.454E-20	1.000	674	1	217	394	1	216	216	217	0.551	1.000
LOKIASV2_4485_ESMFold_acetyl-CoA_C-acetyltransferase	AF-A0A117XWA9-F1-model_v4	AF-A0A117XWA9-F1-model_v4 Beta-ketoadipyl CoA thiolase	1.684E-23	1.000	674	88	341	394	4	260	261	262	0.645	0.985
LOKIASV2_4485_ESMFold_acetyl-CoA_C-acetyltransferase	AF-A0A2R5HG15-F1-model_v4	AF-A0A2R5HG15-F1-model_v4 Acetyl-CoA acetyltransferase	6.662E-27	1.000	674	6	394	394	6	318	321	393	0.987	0.975
LOKIASV2_4485_ESMFold_acetyl-CoA_C-acetyltransferase	AF-A0A1D1XQZ6-F1-model_v4	AF-A0A1D1XQZ6-F1-model_v4 3-ketoacyl-CoA thiolase 2, peroxisomal	1.744E-22	1.000	673	78	355	394	2	271	271	287	0.706	0.996
LOKIASV2_4485_ESMFold_acetyl-CoA_C-acetyltransferase	AF-A0A4Q6C4H0-F1-model_v4	AF-A0A4Q6C4H0-F1-model_v4 Acetyl-CoA C-acetyltransferase	6.393E-21	1.000	672	6	209	394	14	217	217	204	0.518	0.940
LOKIASV2_4485_ESMFold_acetyl-CoA_C-acetyltransferase	AF-A0A2V8T0P9-F1-model_v4	AF-A0A2V8T0P9-F1-model_v4 Uncharacterized protein	4.376E-21	1.000	670	209	393	394	1	185	187	187	0.470	0.989
LOKIASV2_4485_ESMFold_acetyl-CoA_C-acetyltransferase	AF-A0A7X7IBI3-F1-model_v4	AF-A0A7X7IBI3-F1-model_v4 Acetyl-CoA C-acyltransferase	6.002E-21	1.000	668	5	205	394	30	230	230	201	0.510	0.874
LOKIASV2_4485_ESMFold_acetyl-CoA_C-acetyltransferase	AF-A0A2P8YRC1-F1-model_v4	AF-A0A2P8YRC1-F1-model_v4 Trifunctional enzyme subunit beta	2.424E-27	1.000	667	2	393	394	109	540	548	466	0.995	0.788
LOKIASV2_4485_ESMFold_acetyl-CoA_C-acetyltransferase	AF-A0A849FSR2-F1-model_v4	AF-A0A849FSR2-F1-model_v4 Acetyl-CoA C-acetyltransferase	1.454E-20	1.000	664	233	393	394	1	159	161	161	0.409	0.988
LOKIASV2_4485_ESMFold_acetyl-CoA_C-acetyltransferase	AF-T1BLZ7-F1-model_v4	AF-T1BLZ7-F1-model_v4 Acetyl-CoA acetyltransferase	2.410E-20	1.000	662	178	394	394	3	207	208	217	0.551	0.986
LOKIASV2_4485_ESMFold_acetyl-CoA_C-acetyltransferase	AF-A0A183TZX2-F1-model_v4	AF-A0A183TZX2-F1-model_v4 Acetyl-CoA acetyltransferase A, mitochondrial	1.649E-20	1.000	662	5	244	394	72	307	315	240	0.609	0.749
LOKIASV2_4485_ESMFold_acetyl-CoA_C-acetyltransferase	AF-A0A356UC27-F1-model_v4	AF-A0A356UC27-F1-model_v4 Acetyl-CoA C-acetyltransferase	1.649E-20	1.000	660	1	225	394	1	224	225	225	0.571	0.996
LOKIASV2_4485_ESMFold_acetyl-CoA_C-acetyltransferase	AF-A0A525C482-F1-model_v4	AF-A0A525C482-F1-model_v4 Acetyl-CoA C-acyltransferase	1.649E-20	1.000	659	1	200	394	1	200	200	200	0.508	1.000
LOKIASV2_4485_ESMFold_acetyl-CoA_C-acetyltransferase	AF-A0A7L3PEM6-F1-model_v4	AF-A0A7L3PEM6-F1-model_v4 THIKA thiolase	3.620E-21	1.000	658	186	393	394	1	211	215	213	0.528	0.981
LOKIASV2_4485_ESMFold_acetyl-CoA_C-acetyltransferase	AF-A0A259K0F8-F1-model_v4	AF-A0A259K0F8-F1-model_v4 Acetyl-CoA acetyltransferase	1.281E-20	1.000	658	5	227	394	11	232	236	224	0.566	0.941
LOKIASV2_4485_ESMFold_acetyl-CoA_C-acetyltransferase	AF-A0A1V4SDV2-F1-model_v4	AF-A0A1V4SDV2-F1-model_v4 Acetyl-CoA acetyltransferase	7.254E-21	1.000	655	191	393	394	3	208	211	209	0.515	0.976
LOKIASV2_4485_ESMFold_acetyl-CoA_C-acetyltransferase	AF-A0A7Y2DD75-F1-model_v4	AF-A0A7Y2DD75-F1-model_v4 Uncharacterized protein	4.467E-24	1.000	654	5	393	394	2	353	356	401	0.987	0.989
LOKIASV2_4485_ESMFold_acetyl-CoA_C-acetyltransferase	AF-A0A2M8PA33-F1-model_v4	AF-A0A2M8PA33-F1-model_v4 Acetyl-CoA C-acyltransferase	6.002E-21	1.000	653	199	394	394	1	198	199	201	0.497	0.995
LOKIASV2_4485_ESMFold_acetyl-CoA_C-acetyltransferase	AF-A0A6J3AQZ7-F1-model_v4	AF-A0A6J3AQZ7-F1-model_v4 acetyl-CoA acetyltransferase, cytosolic-like	5.479E-20	1.000	651	230	393	394	2	165	176	164	0.416	0.932
LOKIASV2_4485_ESMFold_acetyl-CoA_C-acetyltransferase	AF-A0A179IQV7-F1-model_v4	AF-A0A179IQV7-F1-model_v4 Uncharacterized protein	3.080E-22	1.000	651	188	393	394	4	205	207	206	0.523	0.976
LOKIASV2_4485_ESMFold_acetyl-CoA_C-acetyltransferase	AF-A0A3P8UIM4-F1-model_v4	AF-A0A3P8UIM4-F1-model_v4 Acetyl-CoA acyltransferase 1	2.246E-22	1.000	651	5	394	394	14	303	306	397	0.990	0.948
LOKIASV2_4485_ESMFold_acetyl-CoA_C-acetyltransferase	AF-A0A4Q3SSF5-F1-model_v4	AF-A0A4Q3SSF5-F1-model_v4 Acetyl-CoA C-acyltransferase	8.704E-23	1.000	650	1	308	394	1	325	325	343	0.782	1.000
LOKIASV2_4485_ESMFold_acetyl-CoA_C-acetyltransferase	AF-A0A4D3QT98-F1-model_v4	AF-A0A4D3QT98-F1-model_v4 Acetyl-CoA acetyltransferase	1.098E-19	1.000	645	232	393	394	1	160	163	162	0.411	0.982
LOKIASV2_4485_ESMFold_acetyl-CoA_C-acetyltransferase	AF-A0A0M3KAC3-F1-model_v4	AF-A0A0M3KAC3-F1-model_v4 Acetyl-CoA acetyltransferase, mitochondrial (inferred by orthology to a human protein)	6.622E-20	1.000	641	1	229	394	6	232	236	230	0.581	0.962
LOKIASV2_4485_ESMFold_acetyl-CoA_C-acetyltransferase	AF-A0A382QWE3-F1-model_v4	AF-A0A382QWE3-F1-model_v4 Uncharacterized protein	2.262E-20	1.000	636	200	394	394	1	189	189	196	0.495	1.000
LOKIASV2_4485_ESMFold_acetyl-CoA_C-acetyltransferase	AF-A0A7Y5NGM1-F1-model_v4	AF-A0A7Y5NGM1-F1-model_v4 Acetyl-CoA C-acyltransferase	2.496E-19	1.000	634	231	394	394	1	162	163	164	0.416	0.994
LOKIASV2_4485_ESMFold_acetyl-CoA_C-acetyltransferase	AF-A0A850QKX3-F1-model_v4	AF-A0A850QKX3-F1-model_v4 Acetyl-CoA C-acyltransferase	8.768E-21	1.000	634	200	393	394	1	194	196	197	0.492	0.990
LOKIASV2_4485_ESMFold_acetyl-CoA_C-acetyltransferase	AF-A0A6L8A1D8-F1-model_v4	AF-A0A6L8A1D8-F1-model_v4 Acetyl-CoA C-acetyltransferase	1.454E-20	1.000	633	200	393	394	7	196	199	194	0.492	0.955
LOKIASV2_4485_ESMFold_acetyl-CoA_C-acetyltransferase	AF-A0A7W1BH34-F1-model_v4	AF-A0A7W1BH34-F1-model_v4 Thiolase family protein	7.784E-19	1.000	631	262	394	394	11	143	143	133	0.338	0.930
LOKIASV2_4485_ESMFold_acetyl-CoA_C-acetyltransferase	AF-A0A2G9RMU6-F1-model_v4	AF-A0A2G9RMU6-F1-model_v4 Thiolase_N domain-containing protein	4.376E-21	1.000	631	86	304	394	1	211	243	219	0.556	0.868
LOKIASV2_4485_ESMFold_acetyl-CoA_C-acetyltransferase	AF-A0A0K8UQA2-F1-model_v4	AF-A0A0K8UQA2-F1-model_v4 Acetyl-CoA acetyltransferase B, mitochondrial	7.460E-22	1.000	627	93	393	394	2	278	379	304	0.764	0.731
LOKIASV2_4485_ESMFold_acetyl-CoA_C-acetyltransferase	AF-A0A287R7I7-F1-model_v4	AF-A0A287R7I7-F1-model_v4 Thiolase_N domain-containing protein	2.343E-19	1.000	626	6	202	394	10	206	207	197	0.500	0.952
LOKIASV2_4485_ESMFold_acetyl-CoA_C-acetyltransferase	AF-A0A3D2M448-F1-model_v4	AF-A0A3D2M448-F1-model_v4 Acetyl-CoA C-acetyltransferase	3.103E-20	1.000	625	102	344	394	2	241	241	244	0.617	0.996
LOKIASV2_4485_ESMFold_acetyl-CoA_C-acetyltransferase	AF-A0A3B9GUY9-F1-model_v4	AF-A0A3B9GUY9-F1-model_v4 Acetyl-CoA C-acyltransferase	2.343E-19	1.000	622	1	254	394	1	258	258	263	0.645	1.000
LOKIASV2_4485_ESMFold_acetyl-CoA_C-acetyltransferase	AF-A0A267GZB8-F1-model_v4	AF-A0A267GZB8-F1-model_v4 Thiolase_N domain-containing protein	1.246E-19	1.000	620	5	218	394	27	242	252	218	0.543	0.857
LOKIASV2_4485_ESMFold_acetyl-CoA_C-acetyltransferase	AF-A0A1Y5DLT1-F1-model_v4	AF-A0A1Y5DLT1-F1-model_v4 3-ketoacyl-CoA thiolase	3.620E-21	1.000	617	70	332	394	2	250	251	263	0.668	0.992
LOKIASV2_4485_ESMFold_acetyl-CoA_C-acetyltransferase	AF-A0A2X3KWY3-F1-model_v4	AF-A0A2X3KWY3-F1-model_v4 Acetyl-CoA C-acyltransferase	1.121E-22	1.000	617	2	393	394	87	469	471	444	0.995	0.813
LOKIASV2_4485_ESMFold_acetyl-CoA_C-acetyltransferase	AF-A0A3D3ATD3-F1-model_v4	AF-A0A3D3ATD3-F1-model_v4 3-oxoadipyl-CoA thiolase	1.820E-19	1.000	615	218	393	394	1	175	177	178	0.447	0.989
LOKIASV2_4485_ESMFold_acetyl-CoA_C-acetyltransferase	AF-A0A3N5IYT0-F1-model_v4	AF-A0A3N5IYT0-F1-model_v4 Acetyl-CoA C-acyltransferase	1.770E-18	1.000	614	1	163	394	1	163	163	163	0.414	1.000
LOKIASV2_4485_ESMFold_acetyl-CoA_C-acetyltransferase	AF-A0A8B5UF82-F1-model_v4	AF-A0A8B5UF82-F1-model_v4 Acetyl-CoA C-acyltransferase	2.065E-19	1.000	610	230	393	394	3	166	171	166	0.416	0.959
LOKIASV2_4485_ESMFold_acetyl-CoA_C-acetyltransferase	AF-A0A0A0M529-F1-model_v4	AF-A0A0A0M529-F1-model_v4 Uncharacterized protein	8.527E-20	1.000	608	189	393	394	1	199	205	208	0.520	0.971
LOKIASV2_4485_ESMFold_acetyl-CoA_C-acetyltransferase	AF-A0A2K9YD27-F1-model_v4	AF-A0A2K9YD27-F1-model_v4 Putative acetyl-CoA acetyltransferase	1.403E-21	1.000	603	3	346	394	18	330	330	355	0.873	0.948
LOKIASV2_4485_ESMFold_acetyl-CoA_C-acetyltransferase	AF-A0A5C9B3F0-F1-model_v4	AF-A0A5C9B3F0-F1-model_v4 Acetyl-CoA C-acetyltransferase	6.622E-20	1.000	602	208	393	394	1	192	195	194	0.472	0.985
LOKIASV2_4485_ESMFold_acetyl-CoA_C-acetyltransferase	AF-A0A354Z0H3-F1-model_v4	AF-A0A354Z0H3-F1-model_v4 Acetyl-CoA C-acetyltransferase	1.604E-19	1.000	602	60	308	394	6	252	252	250	0.632	0.980
LOKIASV2_4485_ESMFold_acetyl-CoA_C-acetyltransferase	AF-X0VQH0-F1-model_v4	AF-X0VQH0-F1-model_v4 Thiolase_N domain-containing protein	1.211E-18	1.000	602	10	209	394	55	254	255	200	0.508	0.784
LOKIASV2_4485_ESMFold_acetyl-CoA_C-acetyltransferase	AF-A0A1E3Q3U8-F1-model_v4	AF-A0A1E3Q3U8-F1-model_v4 Uncharacterized protein	1.454E-20	1.000	599	3	380	394	5	342	343	399	0.959	0.985
LOKIASV2_4485_ESMFold_acetyl-CoA_C-acetyltransferase	AF-A0A1X6NXI3-F1-model_v4	AF-A0A1X6NXI3-F1-model_v4 Thiolase_N domain-containing protein	7.727E-21	1.000	595	1	264	394	15	302	423	291	0.670	0.681
LOKIASV2_4485_ESMFold_acetyl-CoA_C-acetyltransferase	AF-A0A093YV36-F1-model_v4	AF-A0A093YV36-F1-model_v4 Uncharacterized protein	9.949E-21	1.000	594	108	376	394	3	264	407	280	0.683	0.644
LOKIASV2_4485_ESMFold_acetyl-CoA_C-acetyltransferase	AF-A0A7S2W299-F1-model_v4	AF-A0A7S2W299-F1-model_v4 Hypothetical protein	4.864E-18	1.000	593	1	178	394	15	192	194	178	0.452	0.918
LOKIASV2_4485_ESMFold_acetyl-CoA_C-acetyltransferase	AF-A0A800LX37-F1-model_v4	AF-A0A800LX37-F1-model_v4 Steroid 3-ketoacyl-CoA thiolase	4.696E-19	1.000	591	194	393	394	3	205	208	206	0.508	0.976
LOKIASV2_4485_ESMFold_acetyl-CoA_C-acetyltransferase	AF-T1AQ47-F1-model_v4	AF-T1AQ47-F1-model_v4 Acetyl-CoA acetyltransferase	8.833E-19	1.000	589	221	393	394	2	172	174	179	0.439	0.983
LOKIASV2_4485_ESMFold_acetyl-CoA_C-acetyltransferase	AF-A0A7K8MPW1-F1-model_v4	AF-A0A7K8MPW1-F1-model_v4 ECHB enzyme	3.399E-21	1.000	589	2	331	394	16	343	361	347	0.838	0.909
LOKIASV2_4485_ESMFold_acetyl-CoA_C-acetyltransferase	AF-A0A381IEK0-F1-model_v4	AF-A0A381IEK0-F1-model_v4 Acetyl-CoA acetyltransferase	3.647E-19	1.000	588	77	278	394	6	205	213	202	0.513	0.939
LOKIASV2_4485_ESMFold_acetyl-CoA_C-acetyltransferase	AF-A0A7S3FC44-F1-model_v4	AF-A0A7S3FC44-F1-model_v4 Hypothetical protein	1.953E-17	1.000	587	6	156	394	26	176	179	151	0.383	0.844
LOKIASV2_4485_ESMFold_acetyl-CoA_C-acetyltransferase	AF-A0A537WLJ6-F1-model_v4	AF-A0A537WLJ6-F1-model_v4 Uncharacterized protein	2.008E-18	1.000	586	220	393	394	1	172	175	174	0.442	0.983
LOKIASV2_4485_ESMFold_acetyl-CoA_C-acetyltransferase	AF-A0A3B8WL33-F1-model_v4	AF-A0A3B8WL33-F1-model_v4 Acetyl-CoA C-acyltransferase	2.410E-20	1.000	585	88	354	394	1	270	270	289	0.678	1.000
LOKIASV2_4485_ESMFold_acetyl-CoA_C-acetyltransferase	AF-A0A7S3NWI1-F1-model_v4	AF-A0A7S3NWI1-F1-model_v4 Hypothetical protein	3.125E-18	1.000	582	157	362	394	1	207	208	210	0.523	0.995
LOKIASV2_4485_ESMFold_acetyl-CoA_C-acetyltransferase	AF-A0A6I5H040-F1-model_v4	AF-A0A6I5H040-F1-model_v4 3-oxoadipyl-CoA thiolase	2.200E-19	1.000	581	1	236	394	1	242	242	242	0.599	1.000
LOKIASV2_4485_ESMFold_acetyl-CoA_C-acetyltransferase	AF-A0A2Z7DE06-F1-model_v4	AF-A0A2Z7DE06-F1-model_v4 Acetyl Co-A acetyltransferase-like family protein	3.039E-17	1.000	575	6	167	394	14	175	176	162	0.411	0.920
LOKIASV2_4485_ESMFold_acetyl-CoA_C-acetyltransferase	AF-A0A836DCR4-F1-model_v4	AF-A0A836DCR4-F1-model_v4 3-ketoacyl-CoA thiolase with broad chain length specificity	6.346E-23	1.000	573	3	393	394	51	337	339	393	0.992	0.847
LOKIASV2_4485_ESMFold_acetyl-CoA_C-acetyltransferase	AF-A0A4U3B8H0-F1-model_v4	AF-A0A4U3B8H0-F1-model_v4 Acetyl-CoA C-acyltransferase	8.589E-18	1.000	571	5	193	394	39	227	228	189	0.480	0.829
LOKIASV2_4485_ESMFold_acetyl-CoA_C-acetyltransferase	AF-R6EMT4-F1-model_v4	AF-R6EMT4-F1-model_v4 Acetyl-CoA C-acetyltransferase	5.367E-17	1.000	570	262	394	394	1	134	136	134	0.338	0.985
LOKIASV2_4485_ESMFold_acetyl-CoA_C-acetyltransferase	AF-A0A349XZV7-F1-model_v4	AF-A0A349XZV7-F1-model_v4 3-oxoadipyl-CoA thiolase	9.150E-18	1.000	567	225	394	394	1	170	171	172	0.431	0.994
LOKIASV2_4485_ESMFold_acetyl-CoA_C-acetyltransferase	AF-A0A7H4PI95-F1-model_v4	AF-A0A7H4PI95-F1-model_v4 3-ketoacyl-CoA thiolase	7.106E-18	1.000	567	5	214	394	8	218	219	212	0.533	0.963
LOKIASV2_4485_ESMFold_acetyl-CoA_C-acetyltransferase	AF-X6NUM7-F1-model_v4	AF-X6NUM7-F1-model_v4 Uncharacterized protein	2.262E-20	1.000	567	157	394	394	30	321	322	296	0.604	0.907
LOKIASV2_4485_ESMFold_acetyl-CoA_C-acetyltransferase	AF-A0A7V1N8R2-F1-model_v4	AF-A0A7V1N8R2-F1-model_v4 Lipid-transfer protein	5.439E-22	1.000	565	3	394	394	91	483	483	447	0.995	0.814
LOKIASV2_4485_ESMFold_acetyl-CoA_C-acetyltransferase	AF-A0A351GMZ1-F1-model_v4	AF-A0A351GMZ1-F1-model_v4 Acetyl-CoA C-acetyltransferase	1.783E-16	1.000	562	273	393	394	1	121	123	121	0.307	0.984
LOKIASV2_4485_ESMFold_acetyl-CoA_C-acetyltransferase	AF-A0A7C2FRU1-F1-model_v4	AF-A0A7C2FRU1-F1-model_v4 Thiolase family protein	1.833E-17	1.000	561	225	393	394	1	167	170	169	0.429	0.982
LOKIASV2_4485_ESMFold_acetyl-CoA_C-acetyltransferase	AF-A0A2I0RK03-F1-model_v4	AF-A0A2I0RK03-F1-model_v4 3-ketoacyl-CoA thiolase, peroxisomal	1.317E-21	1.000	561	5	394	394	19	334	598	401	0.990	0.528
LOKIASV2_4485_ESMFold_acetyl-CoA_C-acetyltransferase	AF-A0A333W2P0-F1-model_v4	AF-A0A333W2P0-F1-model_v4 Acetyl-CoA acetyltransferase	1.783E-16	1.000	558	1	147	394	1	147	147	147	0.373	1.000
LOKIASV2_4485_ESMFold_acetyl-CoA_C-acetyltransferase	AF-A0A520N946-F1-model_v4	AF-A0A520N946-F1-model_v4 Acetyl-CoA C-acyltransferase	1.146E-16	1.000	557	263	393	394	8	138	140	131	0.332	0.936
LOKIASV2_4485_ESMFold_acetyl-CoA_C-acetyltransferase	AF-A0A086J808-F1-model_v4	AF-A0A086J808-F1-model_v4 Acetyl-CoA acetyltransferase	1.517E-17	1.000	554	6	200	394	25	220	227	196	0.495	0.863
LOKIASV2_4485_ESMFold_acetyl-CoA_C-acetyltransferase	AF-A0A3N5SIR7-F1-model_v4	AF-A0A3N5SIR7-F1-model_v4 Acetyl-CoA C-acyltransferase	3.806E-16	1.000	549	1	149	394	1	149	150	149	0.378	0.993
LOKIASV2_4485_ESMFold_acetyl-CoA_C-acetyltransferase	AF-A0A850C8K4-F1-model_v4	AF-A0A850C8K4-F1-model_v4 Acetyl-CoA C-acyltransferase	2.754E-18	1.000	549	5	218	394	9	215	215	215	0.543	0.963
LOKIASV2_4485_ESMFold_acetyl-CoA_C-acetyltransferase	AF-A0A6N4U566-F1-model_v4	AF-A0A6N4U566-F1-model_v4 Uncharacterized protein	6.911E-17	1.000	549	216	394	394	74	250	251	179	0.454	0.705
LOKIASV2_4485_ESMFold_acetyl-CoA_C-acetyltransferase	AF-A0A3C1KCG0-F1-model_v4	AF-A0A3C1KCG0-F1-model_v4 Steroid 3-ketoacyl-CoA thiolase	1.517E-17	1.000	547	221	393	394	1	181	184	182	0.439	0.984
LOKIASV2_4485_ESMFold_acetyl-CoA_C-acetyltransferase	AF-A0A521UJ73-F1-model_v4	AF-A0A521UJ73-F1-model_v4 Lipid-transfer protein	1.696E-21	1.000	546	1	394	394	1	400	400	447	1.000	1.000
LOKIASV2_4485_ESMFold_acetyl-CoA_C-acetyltransferase	AF-A0A847WZN1-F1-model_v4	AF-A0A847WZN1-F1-model_v4 Acetyl-CoA C-acyltransferase	3.806E-16	1.000	542	262	393	394	10	141	144	132	0.335	0.917
LOKIASV2_4485_ESMFold_acetyl-CoA_C-acetyltransferase	AF-A0A166U810-F1-model_v4	AF-A0A166U810-F1-model_v4 Acetyl-CoA C-acyltransferase	8.898E-17	1.000	542	157	359	394	1	206	208	208	0.515	0.990
LOKIASV2_4485_ESMFold_acetyl-CoA_C-acetyltransferase	AF-A0A536LY14-F1-model_v4	AF-A0A536LY14-F1-model_v4 Acetyl-CoA C-acetyltransferase	2.775E-16	1.000	541	262	394	394	1	133	138	133	0.338	0.964
LOKIASV2_4485_ESMFold_acetyl-CoA_C-acetyltransferase	AF-A0A326KDU8-F1-model_v4	AF-A0A326KDU8-F1-model_v4 Acetyl-CoA C-acetyltransferase	6.090E-17	1.000	540	234	393	394	1	158	160	160	0.406	0.988
LOKIASV2_4485_ESMFold_acetyl-CoA_C-acetyltransferase	AF-A0A535NKK2-F1-model_v4	AF-A0A535NKK2-F1-model_v4 Acetyl-CoA C-acyltransferase	9.818E-16	1.000	538	1	148	394	1	148	149	148	0.376	0.993
LOKIASV2_4485_ESMFold_acetyl-CoA_C-acetyltransferase	AF-A0A6P7TT03-F1-model_v4	AF-A0A6P7TT03-F1-model_v4 acetyl-CoA acetyltransferase, cytosolic-like	1.885E-18	1.000	536	86	332	394	1	227	337	247	0.627	0.674
LOKIASV2_4485_ESMFold_acetyl-CoA_C-acetyltransferase	AF-A0A2H6HXA8-F1-model_v4	AF-A0A2H6HXA8-F1-model_v4 Acetyl-CoA acetyltransferase	2.956E-16	1.000	534	232	394	394	1	161	162	163	0.414	0.994
LOKIASV2_4485_ESMFold_acetyl-CoA_C-acetyltransferase	AF-A0A7C6KYK8-F1-model_v4	AF-A0A7C6KYK8-F1-model_v4 Acetyl-CoA C-acetyltransferase	4.318E-16	1.000	534	1	165	394	1	165	165	165	0.419	1.000
LOKIASV2_4485_ESMFold_acetyl-CoA_C-acetyltransferase	AF-A0A7C5XHD1-F1-model_v4	AF-A0A7C5XHD1-F1-model_v4 Thiolase family protein	3.354E-16	1.000	532	242	394	394	5	157	158	153	0.388	0.968
LOKIASV2_4485_ESMFold_acetyl-CoA_C-acetyltransferase	AF-A0A183E0R7-F1-model_v4	AF-A0A183E0R7-F1-model_v4 Thiolase_N domain-containing protein	1.571E-16	1.000	531	1	193	394	1	191	193	193	0.490	0.990
LOKIASV2_4485_ESMFold_acetyl-CoA_C-acetyltransferase	AF-A0A7J6SCI0-F1-model_v4	AF-A0A7J6SCI0-F1-model_v4 3-ketoacyl-CoA thiolase, peroxisomal	4.730E-17	1.000	531	205	394	394	5	191	193	190	0.482	0.969
LOKIASV2_4485_ESMFold_acetyl-CoA_C-acetyltransferase	AF-A0A5E4TYQ3-F1-model_v4	AF-A0A5E4TYQ3-F1-model_v4 Acetyl-CoA acetyltransferase	1.783E-16	1.000	525	5	225	394	6	225	255	222	0.561	0.863
LOKIASV2_4485_ESMFold_acetyl-CoA_C-acetyltransferase	AF-A0A7X5LI51-F1-model_v4	AF-A0A7X5LI51-F1-model_v4 Thiolase domain-containing protein	4.965E-21	1.000	525	2	394	394	4	410	411	461	0.997	0.990
LOKIASV2_4485_ESMFold_acetyl-CoA_C-acetyltransferase	AF-A0A401NLX1-F1-model_v4	AF-A0A401NLX1-F1-model_v4 Thiolase_N domain-containing protein	4.054E-16	1.000	523	17	167	394	111	260	264	151	0.383	0.568
LOKIASV2_4485_ESMFold_acetyl-CoA_C-acetyltransferase	AF-A0A643BYP4-F1-model_v4	AF-A0A643BYP4-F1-model_v4 Thiolase_N domain-containing protein	3.885E-19	1.000	521	2	264	394	19	281	286	277	0.668	0.920
LOKIASV2_4485_ESMFold_acetyl-CoA_C-acetyltransferase	AF-A0A2C0C048-F1-model_v4	AF-A0A2C0C048-F1-model_v4 3-oxoacyl-ACP synthase	4.533E-20	1.000	520	2	393	394	3	399	402	456	0.995	0.988
LOKIASV2_4485_ESMFold_acetyl-CoA_C-acetyltransferase	AF-A0A7J7UHM8-F1-model_v4	AF-A0A7J7UHM8-F1-model_v4 Acetyl-CoA acyltransferase 1	5.560E-16	1.000	518	245	393	394	8	157	161	150	0.378	0.932
LOKIASV2_4485_ESMFold_acetyl-CoA_C-acetyltransferase	AF-A0A2G9ZZJ3-F1-model_v4	AF-A0A2G9ZZJ3-F1-model_v4 Uncharacterized protein	4.169E-17	1.000	516	204	394	394	1	203	205	205	0.485	0.990
LOKIASV2_4485_ESMFold_acetyl-CoA_C-acetyltransferase	AF-A0A2E4IAK7-F1-model_v4	AF-A0A2E4IAK7-F1-model_v4 Acetyl-CoA C-acyltransferase	8.353E-17	1.000	515	178	393	394	2	231	233	241	0.548	0.987
LOKIASV2_4485_ESMFold_acetyl-CoA_C-acetyltransferase	AF-S4HLJ7-F1-model_v4	AF-S4HLJ7-F1-model_v4 Thiolase protein	3.942E-15	1.000	514	262	394	394	6	138	140	133	0.338	0.950
LOKIASV2_4485_ESMFold_acetyl-CoA_C-acetyltransferase	AF-A0A3C0MRI1-F1-model_v4	AF-A0A3C0MRI1-F1-model_v4 Acetyl-CoA C-acyltransferase	1.187E-15	1.000	514	5	203	394	16	214	214	199	0.505	0.930
LOKIASV2_4485_ESMFold_acetyl-CoA_C-acetyltransferase	AF-A0A0S8CNI4-F1-model_v4	AF-A0A0S8CNI4-F1-model_v4 Thiolase_N domain-containing protein	1.820E-19	1.000	514	1	393	394	1	396	398	453	0.997	0.995
LOKIASV2_4485_ESMFold_acetyl-CoA_C-acetyltransferase	AF-A0A7C2WX69-F1-model_v4	AF-A0A7C2WX69-F1-model_v4 Acetyl-CoA C-acyltransferase	9.548E-15	1.000	509	271	393	394	2	124	128	123	0.312	0.961
LOKIASV2_4485_ESMFold_acetyl-CoA_C-acetyltransferase	AF-A0A087NDM8-F1-model_v4	AF-A0A087NDM8-F1-model_v4 Acetyl-CoA acyltransferase	2.853E-17	1.000	508	212	393	394	5	204	206	203	0.462	0.971
LOKIASV2_4485_ESMFold_acetyl-CoA_C-acetyltransferase	AF-A0A3B9NH51-F1-model_v4	AF-A0A3B9NH51-F1-model_v4 Acetyl-CoA C-acetyltransferase	2.698E-15	1.000	506	262	393	394	3	134	136	132	0.335	0.971
LOKIASV2_4485_ESMFold_acetyl-CoA_C-acetyltransferase	AF-A0A349K8B4-F1-model_v4	AF-A0A349K8B4-F1-model_v4 Acetyl-CoA C-acyltransferase	1.434E-15	1.000	505	1	159	394	1	160	161	161	0.404	0.994
LOKIASV2_4485_ESMFold_acetyl-CoA_C-acetyltransferase	AF-A0A371G6I6-F1-model_v4	AF-A0A371G6I6-F1-model_v4 Putative acetyl-CoA acetyltransferase, cytosolic 2	1.847E-15	1.000	502	262	394	394	48	180	181	133	0.338	0.735
LOKIASV2_4485_ESMFold_acetyl-CoA_C-acetyltransferase	AF-A0A480BRV3-F1-model_v4	AF-A0A480BRV3-F1-model_v4 Acetyl-CoA C-acetyltransferase	3.701E-15	1.000	500	262	394	394	10	142	143	133	0.338	0.930
LOKIASV2_4485_ESMFold_acetyl-CoA_C-acetyltransferase	AF-A0A2D8KQD9-F1-model_v4	AF-A0A2D8KQD9-F1-model_v4 Acetyl-CoA C-acyltransferase	1.229E-14	1.000	495	1	141	394	1	141	141	142	0.358	1.000
LOKIASV2_4485_ESMFold_acetyl-CoA_C-acetyltransferase	AF-A0A2N2JQT3-F1-model_v4	AF-A0A2N2JQT3-F1-model_v4 Acetyl-CoA C-acyltransferase	6.487E-17	1.000	495	221	394	394	1	184	184	190	0.442	1.000
LOKIASV2_4485_ESMFold_acetyl-CoA_C-acetyltransferase	AF-A0A5M9JNR3-F1-model_v4	AF-A0A5M9JNR3-F1-model_v4 Uncharacterized protein	6.487E-17	1.000	493	6	251	394	44	256	258	246	0.624	0.826
LOKIASV2_4485_ESMFold_acetyl-CoA_C-acetyltransferase	AF-Q0CZF4-F1-model_v4	AF-Q0CZF4-F1-model_v4 Acetyl-CoA acetyltransferase, mitochondrial	3.474E-15	1.000	491	2	176	394	42	216	226	175	0.444	0.774
LOKIASV2_4485_ESMFold_acetyl-CoA_C-acetyltransferase	AF-A0A3B0WDE3-F1-model_v4	AF-A0A3B0WDE3-F1-model_v4 3-ketoacyl-CoA thiolase [fadN-fadA-fadE operon]	1.017E-14	1.000	484	267	393	394	2	130	133	129	0.322	0.970
LOKIASV2_4485_ESMFold_acetyl-CoA_C-acetyltransferase	AF-A0A7V9S2W0-F1-model_v4	AF-A0A7V9S2W0-F1-model_v4 3-oxoadipyl-CoA thiolase	5.759E-15	1.000	484	263	394	394	24	156	156	133	0.335	0.853
LOKIASV2_4485_ESMFold_acetyl-CoA_C-acetyltransferase	AF-W1VWW4-F1-model_v4	AF-W1VWW4-F1-model_v4 Uncharacterized protein	6.309E-16	1.000	484	197	393	394	5	190	195	197	0.500	0.954
LOKIASV2_4485_ESMFold_acetyl-CoA_C-acetyltransferase	AF-A0A7J6Z7S0-F1-model_v4	AF-A0A7J6Z7S0-F1-model_v4 Uncharacterized protein	1.327E-19	1.000	484	3	372	394	2	272	328	380	0.939	0.826
LOKIASV2_4485_ESMFold_acetyl-CoA_C-acetyltransferase	AF-A0A538BW21-F1-model_v4	AF-A0A538BW21-F1-model_v4 Acetyl-CoA C-acyltransferase	4.350E-14	1.000	481	1	136	394	1	136	136	136	0.345	1.000
LOKIASV2_4485_ESMFold_acetyl-CoA_C-acetyltransferase	AF-A0A538AVD9-F1-model_v4	AF-A0A538AVD9-F1-model_v4 Acetyl-CoA C-acetyltransferase	4.936E-14	1.000	481	1	143	394	1	143	144	143	0.363	0.993
LOKIASV2_4485_ESMFold_acetyl-CoA_C-acetyltransferase	AF-K1ZFR1-F1-model_v4	AF-K1ZFR1-F1-model_v4 AtoB1	9.891E-14	1.000	479	276	394	394	2	120	121	119	0.302	0.983
LOKIASV2_4485_ESMFold_acetyl-CoA_C-acetyltransferase	AF-A0A383DG80-F1-model_v4	AF-A0A383DG80-F1-model_v4 Thiolase_N domain-containing protein	4.936E-14	1.000	478	15	148	394	2	134	135	134	0.340	0.985
LOKIASV2_4485_ESMFold_acetyl-CoA_C-acetyltransferase	AF-A0A848SCU7-F1-model_v4	AF-A0A848SCU7-F1-model_v4 Acetyl-CoA C-acyltransferase	6.135E-15	1.000	477	262	393	394	12	148	151	137	0.335	0.907
LOKIASV2_4485_ESMFold_acetyl-CoA_C-acetyltransferase	AF-A0A7V2WAJ9-F1-model_v4	AF-A0A7V2WAJ9-F1-model_v4 Acetyl-CoA C-acyltransferase	6.135E-15	1.000	475	1	191	394	1	195	196	195	0.485	0.995
LOKIASV2_4485_ESMFold_acetyl-CoA_C-acetyltransferase	AF-A0A365VP90-F1-model_v4	AF-A0A365VP90-F1-model_v4 Acetyl-CoA C-acetyltransferase	1.114E-15	1.000	473	38	208	394	2	171	171	171	0.434	0.994
LOKIASV2_4485_ESMFold_acetyl-CoA_C-acetyltransferase	AF-A0A7S2ANX3-F1-model_v4	AF-A0A7S2ANX3-F1-model_v4 Hypothetical protein	4.084E-14	1.000	469	262	393	394	5	138	140	134	0.335	0.957
LOKIASV2_4485_ESMFold_acetyl-CoA_C-acetyltransferase	AF-A0A066PS40-F1-model_v4	AF-A0A066PS40-F1-model_v4 Acetyl-CoA acetyltransferase PhbA	4.054E-16	1.000	469	218	393	394	19	186	188	176	0.447	0.894
LOKIASV2_4485_ESMFold_acetyl-CoA_C-acetyltransferase	AF-A0A4Q4D123-F1-model_v4	AF-A0A4Q4D123-F1-model_v4 Acetyl-CoA C-acyltransferase	1.054E-13	1.000	468	1	140	394	1	140	140	140	0.355	1.000
LOKIASV2_4485_ESMFold_acetyl-CoA_C-acetyltransferase	AF-A0A544V0M5-F1-model_v4	AF-A0A544V0M5-F1-model_v4 Thiolase_C domain-containing protein	4.350E-14	1.000	464	266	394	394	2	129	151	129	0.327	0.848
LOKIASV2_4485_ESMFold_acetyl-CoA_C-acetyltransferase	AF-A0A4V1T5K6-F1-model_v4	AF-A0A4V1T5K6-F1-model_v4 Acetyl-CoA C-acyltransferase	3.379E-14	1.000	464	5	168	394	8	170	171	164	0.416	0.953
LOKIASV2_4485_ESMFold_acetyl-CoA_C-acetyltransferase	AF-A0A3R8VTD9-F1-model_v4	AF-A0A3R8VTD9-F1-model_v4 Thiolase_N domain-containing protein	9.478E-17	1.000	463	1	211	394	5	208	223	214	0.536	0.915
LOKIASV2_4485_ESMFold_acetyl-CoA_C-acetyltransferase	AF-A0A6J7PEH6-F1-model_v4	AF-A0A6J7PEH6-F1-model_v4 Unannotated protein	2.111E-13	1.000	462	280	394	394	2	116	118	115	0.292	0.975
LOKIASV2_4485_ESMFold_acetyl-CoA_C-acetyltransferase	AF-A0A4U0RMH6-F1-model_v4	AF-A0A4U0RMH6-F1-model_v4 Thiolase_C domain-containing protein	1.899E-16	1.000	460	199	393	394	18	207	209	198	0.495	0.909
LOKIASV2_4485_ESMFold_acetyl-CoA_C-acetyltransferase	AF-A0A536NZV9-F1-model_v4	AF-A0A536NZV9-F1-model_v4 Acetyl-CoA C-acetyltransferase	6.355E-14	1.000	459	267	393	394	2	127	129	127	0.322	0.977
LOKIASV2_4485_ESMFold_acetyl-CoA_C-acetyltransferase	AF-A0A1B6KKY7-F1-model_v4	AF-A0A1B6KKY7-F1-model_v4 Thiolase_N domain-containing protein	1.357E-13	1.000	459	18	157	394	1	138	139	140	0.355	0.993
LOKIASV2_4485_ESMFold_acetyl-CoA_C-acetyltransferase	AF-A0A1M5CYD7-F1-model_v4	AF-A0A1M5CYD7-F1-model_v4 Thiolase, C-terminal domain	8.183E-14	1.000	457	270	394	394	2	126	128	125	0.317	0.977
LOKIASV2_4485_ESMFold_acetyl-CoA_C-acetyltransferase	AF-A0A3Q8UBR2-F1-model_v4	AF-A0A3Q8UBR2-F1-model_v4 Acetyl-CoA acyltransferase 1	1.195E-13	1.000	456	263	393	394	12	142	147	131	0.332	0.891
LOKIASV2_4485_ESMFold_acetyl-CoA_C-acetyltransferase	AF-A0A2Z7A5I6-F1-model_v4	AF-A0A2Z7A5I6-F1-model_v4 Putative acetyl-CoA acetyltransferase, cytosolic 2-like	1.640E-13	1.000	452	267	394	394	2	129	143	128	0.325	0.895
LOKIASV2_4485_ESMFold_acetyl-CoA_C-acetyltransferase	AF-A0A2X2M4Z7-F1-model_v4	AF-A0A2X2M4Z7-F1-model_v4 3-ketoacyl-CoA thiolase Acetyl-CoA acetyltransferase	1.054E-13	1.000	452	1	114	394	1	114	147	114	0.289	0.776
LOKIASV2_4485_ESMFold_acetyl-CoA_C-acetyltransferase	AF-A0A3N5IBU7-F1-model_v4	AF-A0A3N5IBU7-F1-model_v4 Thiolase family protein	8.414E-15	1.000	445	1	202	394	1	223	223	223	0.513	1.000
LOKIASV2_4485_ESMFold_acetyl-CoA_C-acetyltransferase	AF-A0A3M1ZKF2-F1-model_v4	AF-A0A3M1ZKF2-F1-model_v4 Acetyl-CoA C-acyltransferase	4.350E-14	1.000	442	1	184	394	1	186	187	188	0.467	0.995
LOKIASV2_4485_ESMFold_acetyl-CoA_C-acetyltransferase	AF-A0A016TIJ0-F1-model_v4	AF-A0A016TIJ0-F1-model_v4 Thiolase_N domain-containing protein	1.628E-15	1.000	442	31	266	394	2	248	249	258	0.599	0.992
LOKIASV2_4485_ESMFold_acetyl-CoA_C-acetyltransferase	AF-A0A076FRK1-F1-model_v4	AF-A0A076FRK1-F1-model_v4 Acetyltransferase 3	1.091E-12	1.000	441	279	394	394	2	117	118	116	0.294	0.983
LOKIASV2_4485_ESMFold_acetyl-CoA_C-acetyltransferase	AF-A0A656JVG8-F1-model_v4	AF-A0A656JVG8-F1-model_v4 Acetyl-CoA acetyltransferase	7.957E-13	1.000	440	278	394	394	3	119	121	117	0.297	0.967
LOKIASV2_4485_ESMFold_acetyl-CoA_C-acetyltransferase	AF-A0A240EB29-F1-model_v4	AF-A0A240EB29-F1-model_v4 Acetyl-CoA C-acetyltransferase	7.957E-13	1.000	436	281	394	394	3	116	118	114	0.289	0.966
LOKIASV2_4485_ESMFold_acetyl-CoA_C-acetyltransferase	AF-A0A7Y2XS55-F1-model_v4	AF-A0A7Y2XS55-F1-model_v4 Acetyl-CoA C-acetyltransferase	1.319E-12	1.000	434	5	129	394	6	130	131	125	0.317	0.954
LOKIASV2_4485_ESMFold_acetyl-CoA_C-acetyltransferase	AF-A0A7S2EGS6-F1-model_v4	AF-A0A7S2EGS6-F1-model_v4 Hypothetical protein	2.053E-12	1.000	432	278	394	394	3	119	120	117	0.297	0.975
LOKIASV2_4485_ESMFold_acetyl-CoA_C-acetyltransferase	AF-A0A0F9D840-F1-model_v4	AF-A0A0F9D840-F1-model_v4 Thiolase_N domain-containing protein	8.123E-16	1.000	432	1	265	394	1	202	235	266	0.673	0.860
LOKIASV2_4485_ESMFold_acetyl-CoA_C-acetyltransferase	AF-A0A7C5S298-F1-model_v4	AF-A0A7C5S298-F1-model_v4 Thiolase_N domain-containing protein	1.628E-15	1.000	432	5	231	394	10	258	265	259	0.576	0.940
LOKIASV2_4485_ESMFold_acetyl-CoA_C-acetyltransferase	AF-A0A829WL13-F1-model_v4	AF-A0A829WL13-F1-model_v4 Uncharacterized protein	4.506E-13	1.000	431	262	394	394	11	144	144	134	0.338	0.931
LOKIASV2_4485_ESMFold_acetyl-CoA_C-acetyltransferase	AF-A0A523QVU1-F1-model_v4	AF-A0A523QVU1-F1-model_v4 Acetyl-CoA C-acyltransferase	2.816E-12	1.000	428	1	121	394	1	121	121	121	0.307	1.000
LOKIASV2_4485_ESMFold_acetyl-CoA_C-acetyltransferase	AF-C9SU60-F1-model_v4	AF-C9SU60-F1-model_v4 3-ketoacyl-CoA thiolase	1.187E-15	1.000	428	5	249	394	19	262	262	256	0.622	0.931
LOKIASV2_4485_ESMFold_acetyl-CoA_C-acetyltransferase	AF-L8GEF9-F1-model_v4	AF-L8GEF9-F1-model_v4 Thiolase, Cterminal domain containing protein	1.187E-15	1.000	427	158	393	394	36	268	270	252	0.599	0.863
LOKIASV2_4485_ESMFold_acetyl-CoA_C-acetyltransferase	AF-A0A1R0H4I3-F1-model_v4	AF-A0A1R0H4I3-F1-model_v4 Acetyl-CoA acetyltransferase	1.698E-12	1.000	425	6	147	394	11	153	153	143	0.360	0.935
LOKIASV2_4485_ESMFold_acetyl-CoA_C-acetyltransferase	AF-A0A409WZ29-F1-model_v4	AF-A0A409WZ29-F1-model_v4 Thiolase_C domain-containing protein	4.506E-13	1.000	423	262	393	394	1	130	132	134	0.335	0.985
LOKIASV2_4485_ESMFold_acetyl-CoA_C-acetyltransferase	AF-A0A0C4EH59-F1-model_v4	AF-A0A0C4EH59-F1-model_v4 Uncharacterized protein	1.054E-13	1.000	418	126	356	394	102	322	324	232	0.586	0.682
LOKIASV2_4485_ESMFold_acetyl-CoA_C-acetyltransferase	AF-A0A3P7J072-F1-model_v4	AF-A0A3P7J072-F1-model_v4 Thiolase_C domain-containing protein	9.618E-13	1.000	417	272	393	394	1	120	122	124	0.310	0.984
LOKIASV2_4485_ESMFold_acetyl-CoA_C-acetyltransferase	AF-A0A6N7FQW0-F1-model_v4	AF-A0A6N7FQW0-F1-model_v4 Steroid 3-ketoacyl-CoA thiolase	4.972E-12	1.000	415	271	393	394	3	125	127	123	0.312	0.969
LOKIASV2_4485_ESMFold_acetyl-CoA_C-acetyltransferase	AF-A0A0R3QB52-F1-model_v4	AF-A0A0R3QB52-F1-model_v4 Thiolase_N domain-containing protein	1.583E-14	1.000	415	5	247	394	47	311	314	276	0.617	0.844
LOKIASV2_4485_ESMFold_acetyl-CoA_C-acetyltransferase	AF-Q7P9N6-F1-model_v4	AF-Q7P9N6-F1-model_v4 Putative acetyl-CoA acetyltransferase	3.403E-12	1.000	414	19	143	394	2	125	129	125	0.317	0.961
LOKIASV2_4485_ESMFold_acetyl-CoA_C-acetyltransferase	AF-X1V6K6-F1-model_v4	AF-X1V6K6-F1-model_v4 Thiolase_N domain-containing protein	4.506E-13	1.000	414	6	171	394	8	167	167	166	0.421	0.958
LOKIASV2_4485_ESMFold_acetyl-CoA_C-acetyltransferase	AF-A0A511CXJ1-F1-model_v4	AF-A0A511CXJ1-F1-model_v4 Thiolase_C domain-containing protein	1.357E-13	1.000	414	148	393	394	6	197	201	248	0.624	0.955
LOKIASV2_4485_ESMFold_acetyl-CoA_C-acetyltransferase	AF-A0A7H1C933-F1-model_v4	AF-A0A7H1C933-F1-model_v4 Acetyl-CoA acetyltransferase	5.113E-13	1.000	412	20	181	394	1	160	161	163	0.411	0.994
LOKIASV2_4485_ESMFold_acetyl-CoA_C-acetyltransferase	AF-A0A562CZH0-F1-model_v4	AF-A0A562CZH0-F1-model_v4 Acetyl-CoA C-acetyltransferase	2.395E-13	1.000	412	93	274	394	2	179	181	182	0.462	0.983
LOKIASV2_4485_ESMFold_acetyl-CoA_C-acetyltransferase	AF-A0A3S4KKH2-F1-model_v4	AF-A0A3S4KKH2-F1-model_v4 Acetyl-CoA acetyltransferase	4.382E-12	1.000	410	1	136	394	1	136	151	136	0.345	0.901
LOKIASV2_4485_ESMFold_acetyl-CoA_C-acetyltransferase	AF-A0A1G8JMP4-F1-model_v4	AF-A0A1G8JMP4-F1-model_v4 Acetyl-CoA C-acetyltransferase	3.403E-12	1.000	409	5	133	394	7	135	138	129	0.327	0.935
LOKIASV2_4485_ESMFold_acetyl-CoA_C-acetyltransferase	AF-A0A811MD03-F1-model_v4	AF-A0A811MD03-F1-model_v4 Hypothetical protein	6.010E-12	1.000	409	276	393	394	2	121	146	120	0.299	0.822
LOKIASV2_4485_ESMFold_acetyl-CoA_C-acetyltransferase	AF-A0A401T4M5-F1-model_v4	AF-A0A401T4M5-F1-model_v4 Thiolase_N domain-containing protein	1.551E-11	1.000	405	1	119	394	4	122	124	119	0.302	0.960
LOKIASV2_4485_ESMFold_acetyl-CoA_C-acetyltransferase	AF-A0A5E4Q9L1-F1-model_v4	AF-A0A5E4Q9L1-F1-model_v4 Thiolase_N domain-containing protein	8.476E-13	1.000	405	6	185	394	10	191	194	183	0.457	0.938
LOKIASV2_4485_ESMFold_acetyl-CoA_C-acetyltransferase	AF-A0A3D0ZKU4-F1-model_v4	AF-A0A3D0ZKU4-F1-model_v4 Acetyl-CoA C-acyltransferase	2.571E-11	1.000	402	5	124	394	7	126	126	120	0.305	0.952
LOKIASV2_4485_ESMFold_acetyl-CoA_C-acetyltransferase	AF-A0A7Y5PMU0-F1-model_v4	AF-A0A7Y5PMU0-F1-model_v4 Thiolase family protein	4.230E-13	1.000	398	10	236	394	19	257	263	242	0.576	0.909
LOKIASV2_4485_ESMFold_acetyl-CoA_C-acetyltransferase	AF-A0A7V8WDE9-F1-model_v4	AF-A0A7V8WDE9-F1-model_v4 Acetyl-CoA C-acyltransferase	4.000E-11	1.000	392	1	119	394	1	119	121	119	0.302	0.983
LOKIASV2_4485_ESMFold_acetyl-CoA_C-acetyltransferase	AF-A0A7V3P9Y9-F1-model_v4	AF-A0A7V3P9Y9-F1-model_v4 Acetyl-CoA C-acyltransferase	3.107E-11	1.000	391	1	119	394	1	120	120	120	0.302	1.000
LOKIASV2_4485_ESMFold_acetyl-CoA_C-acetyltransferase	AF-A0A537CKV5-F1-model_v4	AF-A0A537CKV5-F1-model_v4 Acetyl-CoA C-acyltransferase	5.845E-11	1.000	390	279	393	394	1	115	117	115	0.292	0.983
LOKIASV2_4485_ESMFold_acetyl-CoA_C-acetyltransferase	AF-A0A2G9UIN1-F1-model_v4	AF-A0A2G9UIN1-F1-model_v4 Thiolase protein	1.319E-12	1.000	389	7	171	394	32	203	206	176	0.419	0.835
LOKIASV2_4485_ESMFold_acetyl-CoA_C-acetyltransferase	AF-A0A7J7D920-F1-model_v4	AF-A0A7J7D920-F1-model_v4 Acetyl Co-A acetyltransferase	8.243E-12	1.000	388	6	136	394	15	139	143	131	0.332	0.874
LOKIASV2_4485_ESMFold_acetyl-CoA_C-acetyltransferase	AF-A0A0G4KYZ7-F1-model_v4	AF-A0A0G4KYZ7-F1-model_v4 Thiolase_N domain-containing protein	3.862E-12	1.000	384	30	169	394	28	168	173	141	0.355	0.815
LOKIASV2_4485_ESMFold_acetyl-CoA_C-acetyltransferase	AF-S6TTD2-F1-model_v4	AF-S6TTD2-F1-model_v4 Acetyl-CoA acetyltransferase	1.238E-12	1.000	372	76	218	394	3	145	146	143	0.363	0.979
LOKIASV2_4485_ESMFold_acetyl-CoA_C-acetyltransferase	AF-A0A354YD75-F1-model_v4	AF-A0A354YD75-F1-model_v4 3-oxoadipyl-CoA thiolase	1.238E-12	1.000	372	1	191	394	1	197	198	201	0.485	0.995
LOKIASV2_4485_ESMFold_acetyl-CoA_C-acetyltransferase	AF-A0A009HKQ5-F1-model_v4	AF-A0A009HKQ5-F1-model_v4 Thiolase, C-terminal domain protein	4.230E-13	1.000	372	122	315	394	5	200	204	201	0.492	0.961
LOKIASV2_4485_ESMFold_acetyl-CoA_C-acetyltransferase	AF-A0A7U6TFG0-F1-model_v4	AF-A0A7U6TFG0-F1-model_v4 Thiolase_N domain-containing protein	1.248E-10	1.000	370	1	135	394	1	135	138	135	0.343	0.978
LOKIASV2_4485_ESMFold_acetyl-CoA_C-acetyltransferase	AF-A0A859QIC6-F1-model_v4	AF-A0A859QIC6-F1-model_v4 Thiolase family protein	1.583E-14	1.000	370	3	393	394	9	397	400	451	0.992	0.973
LOKIASV2_4485_ESMFold_acetyl-CoA_C-acetyltransferase	AF-A0A7K2IBT3-F1-model_v4	AF-A0A7K2IBT3-F1-model_v4 Acetyl-CoA C-acetyltransferase	1.508E-10	1.000	364	286	394	394	1	109	110	109	0.277	0.991
LOKIASV2_4485_ESMFold_acetyl-CoA_C-acetyltransferase	AF-X7Y1J2-F1-model_v4	AF-X7Y1J2-F1-model_v4 Thiolase, N-terminal domain protein	1.416E-10	1.000	362	1	144	394	1	144	183	144	0.365	0.787
LOKIASV2_4485_ESMFold_acetyl-CoA_C-acetyltransferase	AF-A0A0B1Z9K3-F1-model_v4	AF-A0A0B1Z9K3-F1-model_v4 Acetyl-CoA acetyltransferase	1.283E-11	1.000	361	225	380	394	1	150	151	156	0.396	0.993
LOKIASV2_4485_ESMFold_acetyl-CoA_C-acetyltransferase	AF-A0A661LAN7-F1-model_v4	AF-A0A661LAN7-F1-model_v4 Acetyl-CoA C-acyltransferase	1.025E-12	1.000	361	1	195	394	1	219	219	219	0.495	1.000
LOKIASV2_4485_ESMFold_acetyl-CoA_C-acetyltransferase	AF-A0A6L5IFC9-F1-model_v4	AF-A0A6L5IFC9-F1-model_v4 Acetyl-CoA C-acyltransferase	4.702E-10	1.000	358	284	393	394	1	110	117	110	0.279	0.940
LOKIASV2_4485_ESMFold_acetyl-CoA_C-acetyltransferase	AF-A0A653QYX3-F1-model_v4	AF-A0A653QYX3-F1-model_v4 Thiolase_C domain-containing protein	4.261E-11	1.000	358	265	393	394	18	146	148	129	0.327	0.872
LOKIASV2_4485_ESMFold_acetyl-CoA_C-acetyltransferase	AF-A0A061P1D5-F1-model_v4	AF-A0A061P1D5-F1-model_v4 3-oxoacyl-[acyl-carrier-protein] synthase 3	4.084E-14	1.000	355	1	394	394	1	309	311	445	1.000	0.994
LOKIASV2_4485_ESMFold_acetyl-CoA_C-acetyltransferase	AF-S4PWG8-F1-model_v4	AF-S4PWG8-F1-model_v4 Putative acetyl transferase	1.996E-11	1.000	351	21	172	394	2	156	163	156	0.386	0.951
LOKIASV2_4485_ESMFold_acetyl-CoA_C-acetyltransferase	AF-A0A3D4DZY8-F1-model_v4	AF-A0A3D4DZY8-F1-model_v4 Acetyl-CoA C-acyltransferase	3.652E-10	1.000	349	300	394	394	2	96	96	95	0.241	0.990
LOKIASV2_4485_ESMFold_acetyl-CoA_C-acetyltransferase	AF-E9IKX3-F1-model_v4	AF-E9IKX3-F1-model_v4 Thiolase_N domain-containing protein	6.449E-10	1.000	349	15	114	394	2	101	103	100	0.254	0.971
LOKIASV2_4485_ESMFold_acetyl-CoA_C-acetyltransferase	AF-A0A7W0EKB3-F1-model_v4	AF-A0A7W0EKB3-F1-model_v4 3-oxoacyl-[acyl-carrier-protein] synthase 3	5.601E-14	1.000	346	1	394	394	1	323	323	461	1.000	1.000
LOKIASV2_4485_ESMFold_acetyl-CoA_C-acetyltransferase	AF-A0A7C1MXC9-F1-model_v4	AF-A0A7C1MXC9-F1-model_v4 Acetyl-CoA C-acetyltransferase	2.068E-10	1.000	344	1	107	394	1	108	143	108	0.272	0.755
LOKIASV2_4485_ESMFold_acetyl-CoA_C-acetyltransferase	AF-A0A259PDK0-F1-model_v4	AF-A0A259PDK0-F1-model_v4 Acetyl-CoA acetyltransferase	1.606E-10	1.000	344	1	144	394	1	146	152	146	0.365	0.961
LOKIASV2_4485_ESMFold_acetyl-CoA_C-acetyltransferase	AF-A0A6P9B1E3-F1-model_v4	AF-A0A6P9B1E3-F1-model_v4 acetyl-CoA acetyltransferase, cytosolic-like	3.219E-10	1.000	343	17	131	394	2	114	114	115	0.292	0.991
LOKIASV2_4485_ESMFold_acetyl-CoA_C-acetyltransferase	AF-A0A356GN02-F1-model_v4	AF-A0A356GN02-F1-model_v4 Ketoacyl_synth_N domain-containing protein	3.599E-14	1.000	341	3	393	394	2	349	353	465	0.992	0.986
LOKIASV2_4485_ESMFold_acetyl-CoA_C-acetyltransferase	AF-A0A1C4GQX8-F1-model_v4	AF-A0A1C4GQX8-F1-model_v4 Thiolase, N-terminal domain	1.466E-09	1.000	339	1	113	394	1	113	113	113	0.287	1.000
LOKIASV2_4485_ESMFold_acetyl-CoA_C-acetyltransferase	AF-A0A3C0J953-F1-model_v4	AF-A0A3C0J953-F1-model_v4 3-oxoacyl-[acyl-carrier-protein] synthase 3	3.728E-13	1.000	338	1	394	394	1	312	312	448	1.000	1.000
LOKIASV2_4485_ESMFold_acetyl-CoA_C-acetyltransferase	AF-A0A7J6Z9A9-F1-model_v4	AF-A0A7J6Z9A9-F1-model_v4 Thiolase_C domain-containing protein	2.171E-14	1.000	338	96	394	394	106	408	583	328	0.759	0.520
LOKIASV2_4485_ESMFold_acetyl-CoA_C-acetyltransferase	AF-A0A7K2AI37-F1-model_v4	AF-A0A7K2AI37-F1-model_v4 3-oxoacyl-[acyl-carrier-protein] synthase 3	1.154E-14	1.000	337	1	393	394	1	323	363	460	0.997	0.890
LOKIASV2_4485_ESMFold_acetyl-CoA_C-acetyltransferase	AF-A0A3A9THY7-F1-model_v4	AF-A0A3A9THY7-F1-model_v4 Uncharacterized protein	4.800E-13	1.000	336	24	393	394	1	363	366	413	0.939	0.992
LOKIASV2_4485_ESMFold_acetyl-CoA_C-acetyltransferase	AF-A0A7X7K7N5-F1-model_v4	AF-A0A7X7K7N5-F1-model_v4 Thiolase family protein	1.941E-10	1.000	333	263	393	394	26	157	160	134	0.332	0.825
LOKIASV2_4485_ESMFold_acetyl-CoA_C-acetyltransferase	AF-A0A6A6KL45-F1-model_v4	AF-A0A6A6KL45-F1-model_v4 Thiolase_C domain-containing protein	1.823E-10	1.000	332	272	394	394	33	153	155	123	0.312	0.781
LOKIASV2_4485_ESMFold_acetyl-CoA_C-acetyltransferase	AF-A0A834L6E5-F1-model_v4	AF-A0A834L6E5-F1-model_v4 Uncharacterized protein	1.204E-11	1.000	332	200	373	394	19	198	303	183	0.442	0.594
LOKIASV2_4485_ESMFold_acetyl-CoA_C-acetyltransferase	AF-A0A2R8CFA7-F1-model_v4	AF-A0A2R8CFA7-F1-model_v4 3-oxoadipyl-CoA/3-oxo-5,6-dehydrosuberyl-CoA thiolase	1.273E-13	1.000	328	1	239	394	1	245	247	262	0.607	0.992
LOKIASV2_4485_ESMFold_acetyl-CoA_C-acetyltransferase	AF-A0A287GYM5-F1-model_v4	AF-A0A287GYM5-F1-model_v4 Thiolase_N domain-containing protein	6.870E-10	1.000	327	118	252	394	3	136	145	136	0.343	0.924
LOKIASV2_4485_ESMFold_acetyl-CoA_C-acetyltransferase	AF-A0A060WLV4-F1-model_v4	AF-A0A060WLV4-F1-model_v4 Thiolase_C domain-containing protein	5.336E-10	1.000	325	281	393	394	11	121	123	115	0.287	0.902
LOKIASV2_4485_ESMFold_acetyl-CoA_C-acetyltransferase	AF-A0A7W1CB34-F1-model_v4	AF-A0A7W1CB34-F1-model_v4 Acetyl-CoA C-acyltransferase	1.466E-09	1.000	324	293	394	394	3	104	104	102	0.259	0.981
LOKIASV2_4485_ESMFold_acetyl-CoA_C-acetyltransferase	AF-A0A223B2U5-F1-model_v4	AF-A0A223B2U5-F1-model_v4 3-oxoacyl-[acyl-carrier-protein] synthase 3	7.470E-13	1.000	317	1	394	394	1	309	310	446	1.000	0.997
LOKIASV2_4485_ESMFold_acetyl-CoA_C-acetyltransferase	AF-A0A7J3B7M5-F1-model_v4	AF-A0A7J3B7M5-F1-model_v4 Acetyl-CoA C-acyltransferase	7.581E-09	1.000	316	291	394	394	3	106	107	104	0.264	0.972
LOKIASV2_4485_ESMFold_acetyl-CoA_C-acetyltransferase	AF-A0A1F4D3Q6-F1-model_v4	AF-A0A1F4D3Q6-F1-model_v4 Thiolase_C domain-containing protein	9.163E-09	1.000	316	292	394	394	2	104	185	103	0.261	0.557
LOKIASV2_4485_ESMFold_acetyl-CoA_C-acetyltransferase	AF-A0A6P1AY73-F1-model_v4	AF-A0A6P1AY73-F1-model_v4 Acetyl-CoA C-acetyltransferase	3.334E-09	1.000	315	1	108	394	1	108	108	108	0.274	1.000
LOKIASV2_4485_ESMFold_acetyl-CoA_C-acetyltransferase	AF-A0A5E7A5D1-F1-model_v4	AF-A0A5E7A5D1-F1-model_v4 Beta-ketoadipyl-CoA thiolase	1.108E-08	1.000	313	292	393	394	2	103	109	102	0.259	0.936
LOKIASV2_4485_ESMFold_acetyl-CoA_C-acetyltransferase	AF-A0A3E1EJ59-F1-model_v4	AF-A0A3E1EJ59-F1-model_v4 3-oxoacyl-[acyl-carrier-protein] synthase 3	1.809E-12	1.000	312	1	394	394	3	330	330	464	1.000	0.994
LOKIASV2_4485_ESMFold_acetyl-CoA_C-acetyltransferase	AF-A0A0R0AV81-F1-model_v4	AF-A0A0R0AV81-F1-model_v4 3-oxoacyl-ACP synthase	5.802E-13	1.000	312	2	394	394	4	338	338	455	0.997	0.991
LOKIASV2_4485_ESMFold_acetyl-CoA_C-acetyltransferase	AF-A0A249P5I6-F1-model_v4	AF-A0A249P5I6-F1-model_v4 Acetyl-CoA acetyltransferase	4.936E-14	1.000	309	6	394	394	35	262	263	391	0.987	0.867
LOKIASV2_4485_ESMFold_acetyl-CoA_C-acetyltransferase	AF-I9C2A9-F1-model_v4	AF-I9C2A9-F1-model_v4 Acetyl-CoA acetyltransferase	1.339E-08	1.000	302	291	394	394	8	111	114	104	0.264	0.912
LOKIASV2_4485_ESMFold_acetyl-CoA_C-acetyltransferase	AF-A0A2M7CAX2-F1-model_v4	AF-A0A2M7CAX2-F1-model_v4 3-oxoacyl-ACP synthase	2.999E-12	1.000	302	1	394	394	1	332	332	469	1.000	1.000
LOKIASV2_4485_ESMFold_acetyl-CoA_C-acetyltransferase	AF-A0A7X8KYW6-F1-model_v4	AF-A0A7X8KYW6-F1-model_v4 Acetyl-CoA C-acyltransferase	6.681E-09	1.000	299	1	98	394	1	98	100	98	0.249	0.980
LOKIASV2_4485_ESMFold_acetyl-CoA_C-acetyltransferase	AF-A0A2E5WZU4-F1-model_v4	AF-A0A2E5WZU4-F1-model_v4 3-oxoacyl-[acyl-carrier-protein] synthase 3	9.618E-13	1.000	298	1	394	394	1	333	333	466	1.000	1.000
LOKIASV2_4485_ESMFold_acetyl-CoA_C-acetyltransferase	AF-A0A518BIE2-F1-model_v4	AF-A0A518BIE2-F1-model_v4 PQB biosynthetic 3-oxoacyl-[acyl-carrier-protein] synthase III	7.013E-13	1.000	298	1	394	394	1	345	345	468	1.000	1.000
LOKIASV2_4485_ESMFold_acetyl-CoA_C-acetyltransferase	AF-A0A1H3Y2F3-F1-model_v4	AF-A0A1H3Y2F3-F1-model_v4 3-oxoacyl-[acyl-carrier-protein] synthase 3	9.548E-15	1.000	297	1	394	394	1	358	358	463	1.000	1.000
LOKIASV2_4485_ESMFold_acetyl-CoA_C-acetyltransferase	AF-A0A5M9JLI6-F1-model_v4	AF-A0A5M9JLI6-F1-model_v4 Thiolase_C domain-containing protein	1.040E-08	1.000	296	276	393	394	9	125	130	121	0.299	0.900
LOKIASV2_4485_ESMFold_acetyl-CoA_C-acetyltransferase	AF-A0A3M5BZD8-F1-model_v4	AF-A0A3M5BZD8-F1-model_v4 Acetyl-CoA acetyltransferase	1.956E-08	1.000	296	5	110	394	58	163	165	106	0.269	0.642
LOKIASV2_4485_ESMFold_acetyl-CoA_C-acetyltransferase	AF-A0A7W3P6J7-F1-model_v4	AF-A0A7W3P6J7-F1-model_v4 3-oxoacyl-[acyl-carrier-protein] synthase-3	1.497E-12	1.000	296	1	394	394	8	339	339	451	1.000	0.979
LOKIASV2_4485_ESMFold_acetyl-CoA_C-acetyltransferase	AF-A0A358G211-F1-model_v4	AF-A0A358G211-F1-model_v4 Acetyl-CoA C-acetyltransferase	7.581E-09	1.000	293	1	88	394	1	88	89	88	0.223	0.989
LOKIASV2_4485_ESMFold_acetyl-CoA_C-acetyltransferase	AF-A0A812YYT2-F1-model_v4	AF-A0A812YYT2-F1-model_v4 PED1 protein	1.772E-09	1.000	293	221	359	394	3	142	143	140	0.353	0.979
LOKIASV2_4485_ESMFold_acetyl-CoA_C-acetyltransferase	AF-A0A5K7ZBK9-F1-model_v4	AF-A0A5K7ZBK9-F1-model_v4 3-oxoacyl-ACP synthase III	9.618E-13	1.000	293	2	394	394	7	342	342	453	0.997	0.982
LOKIASV2_4485_ESMFold_acetyl-CoA_C-acetyltransferase	AF-A0A3M1RAS5-F1-model_v4	AF-A0A3M1RAS5-F1-model_v4 Acetyl-CoA C-acyltransferase	3.242E-08	1.000	292	1	119	394	1	119	121	119	0.302	0.983
LOKIASV2_4485_ESMFold_acetyl-CoA_C-acetyltransferase	AF-A0A2K2VW81-F1-model_v4	AF-A0A2K2VW81-F1-model_v4 3-oxoacyl-[acyl-carrier-protein] synthase 3	1.698E-12	1.000	292	1	394	394	1	334	334	470	1.000	1.000
LOKIASV2_4485_ESMFold_acetyl-CoA_C-acetyltransferase	AF-A0A1F9P8X3-F1-model_v4	AF-A0A1F9P8X3-F1-model_v4 3-oxoacyl-[acyl-carrier-protein] synthase 3	2.187E-12	1.000	288	1	394	394	6	330	330	465	1.000	0.985
LOKIASV2_4485_ESMFold_acetyl-CoA_C-acetyltransferase	AF-A0A5B8XVT8-F1-model_v4	AF-A0A5B8XVT8-F1-model_v4 3-oxoacyl-ACP synthase III	4.114E-12	1.000	287	1	394	394	1	338	338	458	1.000	1.000
LOKIASV2_4485_ESMFold_acetyl-CoA_C-acetyltransferase	AF-A0A2N1R123-F1-model_v4	AF-A0A2N1R123-F1-model_v4 Acetyl-CoA C-acyltransferase	6.870E-10	1.000	286	6	193	394	14	221	224	208	0.477	0.929
LOKIASV2_4485_ESMFold_acetyl-CoA_C-acetyltransferase	AF-A6W8M9-F1-model_v4	AF-A6W8M9-F1-model_v4 3-Oxoacyl-(Acyl-carrier-protein (ACP)) synthase III domain protein	7.013E-13	1.000	286	3	394	394	27	356	356	453	0.995	0.927
LOKIASV2_4485_ESMFold_acetyl-CoA_C-acetyltransferase	AF-A0A7Y2K4I9-F1-model_v4	AF-A0A7Y2K4I9-F1-model_v4 Thiolase family protein	5.046E-08	1.000	285	278	393	394	9	124	132	116	0.294	0.879
LOKIASV2_4485_ESMFold_acetyl-CoA_C-acetyltransferase	AF-A0A3N5W3U0-F1-model_v4	AF-A0A3N5W3U0-F1-model_v4 3-hydroxy-3-methylglutaryl CoA synthase	2.643E-12	1.000	285	4	394	394	2	298	405	437	0.992	0.733
LOKIASV2_4485_ESMFold_acetyl-CoA_C-acetyltransferase	AF-A0A1T4NIQ3-F1-model_v4	AF-A0A1T4NIQ3-F1-model_v4 3-oxoacyl-[acyl-carrier-protein] synthase-3	2.917E-11	1.000	284	1	393	394	5	315	317	447	0.997	0.981
LOKIASV2_4485_ESMFold_acetyl-CoA_C-acetyltransferase	AF-A0A256YWU4-F1-model_v4	AF-A0A256YWU4-F1-model_v4 Hydroxymethylglutaryl-CoA synthase	4.261E-11	1.000	282	1	394	394	4	303	339	438	1.000	0.885
LOKIASV2_4485_ESMFold_acetyl-CoA_C-acetyltransferase	AF-A0A212PIR7-F1-model_v4	AF-A0A212PIR7-F1-model_v4 3-oxoacyl-[acyl-carrier-protein] synthase-3	1.204E-11	1.000	282	1	394	394	1	346	346	467	1.000	1.000
LOKIASV2_4485_ESMFold_acetyl-CoA_C-acetyltransferase	AF-Q6AQA3-F1-model_v4	AF-Q6AQA3-F1-model_v4 Probable 3-oxoacyl-[acyl-carrier-protein] synthase III	6.820E-12	1.000	281	3	394	394	6	344	344	456	0.995	0.985
LOKIASV2_4485_ESMFold_acetyl-CoA_C-acetyltransferase	AF-A0A6B1ACT4-F1-model_v4	AF-A0A6B1ACT4-F1-model_v4 Beta-ketoacyl-ACP synthase 3	1.456E-11	1.000	281	3	394	394	10	359	359	487	0.995	0.975
LOKIASV2_4485_ESMFold_acetyl-CoA_C-acetyltransferase	AF-A0A415PMS3-F1-model_v4	AF-A0A415PMS3-F1-model_v4 3-oxoacyl-[acyl-carrier-protein] synthase 3	2.738E-11	1.000	277	5	394	394	2	308	308	447	0.990	0.997
LOKIASV2_4485_ESMFold_acetyl-CoA_C-acetyltransferase	AF-A0A2G6FIW2-F1-model_v4	AF-A0A2G6FIW2-F1-model_v4 3-oxoacyl-ACP synthase III	7.738E-12	1.000	276	1	394	394	1	343	343	463	1.000	1.000
LOKIASV2_4485_ESMFold_acetyl-CoA_C-acetyltransferase	AF-A0A2N6C081-F1-model_v4	AF-A0A2N6C081-F1-model_v4 3-oxoacyl-ACP synthase III	1.551E-11	1.000	274	1	394	394	1	344	344	465	1.000	1.000
LOKIASV2_4485_ESMFold_acetyl-CoA_C-acetyltransferase	AF-A0A1S4EJ78-F1-model_v4	AF-A0A1S4EJ78-F1-model_v4 uncharacterized protein LOC108253181	1.377E-09	1.000	273	5	141	394	9	141	166	144	0.348	0.801
LOKIASV2_4485_ESMFold_acetyl-CoA_C-acetyltransferase	AF-A0A349YNJ8-F1-model_v4	AF-A0A349YNJ8-F1-model_v4 Uncharacterized protein	4.000E-11	1.000	271	2	394	394	7	333	333	467	0.997	0.982
LOKIASV2_4485_ESMFold_acetyl-CoA_C-acetyltransferase	AF-A0A518BNB5-F1-model_v4	AF-A0A518BNB5-F1-model_v4 3-oxoacyl-[acyl-carrier-protein] synthase 3	2.413E-11	1.000	271	2	393	394	5	334	336	464	0.995	0.982
LOKIASV2_4485_ESMFold_acetyl-CoA_C-acetyltransferase	AF-A0A1F6N1U9-F1-model_v4	AF-A0A1F6N1U9-F1-model_v4 Uncharacterized protein	8.016E-11	1.000	270	4	394	394	7	313	350	445	0.992	0.877
LOKIASV2_4485_ESMFold_acetyl-CoA_C-acetyltransferase	AF-A0A381RKF3-F1-model_v4	AF-A0A381RKF3-F1-model_v4 Thiolase_N domain-containing protein	2.142E-09	1.000	269	15	158	394	16	178	181	166	0.365	0.901
LOKIASV2_4485_ESMFold_acetyl-CoA_C-acetyltransferase	AF-A0A850GIU0-F1-model_v4	AF-A0A850GIU0-F1-model_v4 Uncharacterized protein	1.996E-11	1.000	268	4	393	394	2	347	352	485	0.990	0.983
LOKIASV2_4485_ESMFold_acetyl-CoA_C-acetyltransferase	AF-A0A6B3FG79-F1-model_v4	AF-A0A6B3FG79-F1-model_v4 Acetyl-CoA C-acyltransferase	4.447E-08	1.000	267	127	240	394	2	115	116	114	0.289	0.983
LOKIASV2_4485_ESMFold_acetyl-CoA_C-acetyltransferase	AF-A0A7Z2ZRC2-F1-model_v4	AF-A0A7Z2ZRC2-F1-model_v4 Ketoacyl-ACP synthase III	2.571E-11	1.000	267	3	394	394	2	340	340	472	0.995	0.997
LOKIASV2_4485_ESMFold_acetyl-CoA_C-acetyltransferase	AF-A0A846NJS6-F1-model_v4	AF-A0A846NJS6-F1-model_v4 Hydroxymethylglutaryl-CoA synthase	1.874E-11	1.000	266	3	394	394	161	465	502	445	0.995	0.608
LOKIASV2_4485_ESMFold_acetyl-CoA_C-acetyltransferase	AF-A0A1F3Q367-F1-model_v4	AF-A0A1F3Q367-F1-model_v4 Uncharacterized protein	1.329E-10	1.000	262	1	394	394	1	337	337	475	1.000	1.000
LOKIASV2_4485_ESMFold_acetyl-CoA_C-acetyltransferase	AF-A0A2S8LQM4-F1-model_v4	AF-A0A2S8LQM4-F1-model_v4 Acetyl-CoA C-acyltransferase	1.040E-08	1.000	260	229	372	394	2	145	146	151	0.365	0.986
LOKIASV2_4485_ESMFold_acetyl-CoA_C-acetyltransferase	AF-A0A850MAW4-F1-model_v4	AF-A0A850MAW4-F1-model_v4 Hydroxymethylglutaryl-CoA synthase	1.711E-10	1.000	260	4	394	394	2	302	341	443	0.992	0.883
LOKIASV2_4485_ESMFold_acetyl-CoA_C-acetyltransferase	AF-A0A7Y4UG80-F1-model_v4	AF-A0A7Y4UG80-F1-model_v4 Ketoacyl-ACP synthase III	1.329E-10	1.000	260	3	393	394	2	330	342	468	0.992	0.962
LOKIASV2_4485_ESMFold_acetyl-CoA_C-acetyltransferase	AF-A0A139DQU8-F1-model_v4	AF-A0A139DQU8-F1-model_v4 Uncharacterized protein	1.996E-11	1.000	260	3	393	394	8	340	343	454	0.992	0.971
LOKIASV2_4485_ESMFold_acetyl-CoA_C-acetyltransferase	AF-C5LV32-F1-model_v4	AF-C5LV32-F1-model_v4 Acetyl-CoA acetyltransferase, putative	2.158E-07	1.000	259	5	119	394	29	144	145	116	0.292	0.800
LOKIASV2_4485_ESMFold_acetyl-CoA_C-acetyltransferase	AF-A0A2C9CX18-F1-model_v4	AF-A0A2C9CX18-F1-model_v4 3-oxoacyl-[acyl-carrier-protein] synthase II	4.000E-11	1.000	258	2	393	394	3	327	331	454	0.995	0.982
LOKIASV2_4485_ESMFold_acetyl-CoA_C-acetyltransferase	AF-A0A2H1BRI4-F1-model_v4	AF-A0A2H1BRI4-F1-model_v4 Thiolase protein	1.387E-07	1.000	256	6	101	394	34	129	169	96	0.244	0.568
LOKIASV2_4485_ESMFold_acetyl-CoA_C-acetyltransferase	AF-A0A352Z515-F1-model_v4	AF-A0A352Z515-F1-model_v4 3-hydroxy-3-methylglutaryl CoA synthase	7.064E-11	1.000	254	4	394	394	2	292	466	434	0.992	0.624
LOKIASV2_4485_ESMFold_acetyl-CoA_C-acetyltransferase	AF-A0A7S4BDY3-F1-model_v4	AF-A0A7S4BDY3-F1-model_v4 Hypothetical protein	1.040E-08	1.000	253	5	193	394	46	251	252	206	0.480	0.817
LOKIASV2_4485_ESMFold_acetyl-CoA_C-acetyltransferase	AF-A0A4U3BD78-F1-model_v4	AF-A0A4U3BD78-F1-model_v4 Acetyl-CoA C-acyltransferase	5.931E-07	1.000	250	18	114	394	1	97	99	97	0.246	0.980
LOKIASV2_4485_ESMFold_acetyl-CoA_C-acetyltransferase	AF-A0A1L6L2H2-F1-model_v4	AF-A0A1L6L2H2-F1-model_v4 3-oxoacyl-[acyl-carrier-protein] synthase, KASIII	2.500E-10	1.000	250	2	394	394	5	357	359	493	0.997	0.983
LOKIASV2_4485_ESMFold_acetyl-CoA_C-acetyltransferase	AF-A0A535ZYN3-F1-model_v4	AF-A0A535ZYN3-F1-model_v4 Thiolase_N domain-containing protein	1.116E-06	1.000	248	1	124	394	44	167	178	124	0.315	0.697
LOKIASV2_4485_ESMFold_acetyl-CoA_C-acetyltransferase	AF-A0A6J1QBW0-F1-model_v4	AF-A0A6J1QBW0-F1-model_v4 trifunctional enzyme subunit beta, mitochondrial-like	9.230E-07	1.000	248	10	128	394	50	168	211	119	0.302	0.564
LOKIASV2_4485_ESMFold_acetyl-CoA_C-acetyltransferase	AF-A0A7W9AHJ9-F1-model_v4	AF-A0A7W9AHJ9-F1-model_v4 3-oxoacyl-[acyl-carrier-protein] synthase-3	3.890E-10	1.000	248	2	394	394	13	349	349	468	0.997	0.966
LOKIASV2_4485_ESMFold_acetyl-CoA_C-acetyltransferase	AF-A0A1V1P4B2-F1-model_v4	AF-A0A1V1P4B2-F1-model_v4 3-oxoacyl-[acyl-carrier-protein] synthase III	8.845E-10	1.000	247	25	394	394	1	278	278	416	0.939	1.000
LOKIASV2_4485_ESMFold_acetyl-CoA_C-acetyltransferase	AF-A0A7G6Z0B1-F1-model_v4	AF-A0A7G6Z0B1-F1-model_v4 Ketoacyl-ACP synthase III	5.336E-10	1.000	247	2	394	394	6	340	340	471	0.997	0.985
LOKIASV2_4485_ESMFold_acetyl-CoA_C-acetyltransferase	AF-A0A7K4A5T8-F1-model_v4	AF-A0A7K4A5T8-F1-model_v4 UPF0219 protein GX472_09955	9.422E-10	1.000	247	4	394	394	2	307	350	446	0.992	0.874
LOKIASV2_4485_ESMFold_acetyl-CoA_C-acetyltransferase	AF-A0A517MUG9-F1-model_v4	AF-A0A517MUG9-F1-model_v4 3-oxoacyl-[acyl-carrier-protein] synthase 3	1.283E-11	1.000	246	1	393	394	27	366	385	463	0.997	0.883
LOKIASV2_4485_ESMFold_acetyl-CoA_C-acetyltransferase	AF-A0A1B6EQ18-F1-model_v4	AF-A0A1B6EQ18-F1-model_v4 Thiolase_N domain-containing protein	1.266E-06	1.000	245	5	128	394	46	169	199	124	0.315	0.623
LOKIASV2_4485_ESMFold_acetyl-CoA_C-acetyltransferase	AF-A0A7Y6PU07-F1-model_v4	AF-A0A7Y6PU07-F1-model_v4 Uncharacterized protein	3.890E-10	1.000	245	2	394	394	3	357	359	492	0.997	0.989
LOKIASV2_4485_ESMFold_acetyl-CoA_C-acetyltransferase	AF-A0A0N4VXW1-F1-model_v4	AF-A0A0N4VXW1-F1-model_v4 Thiolase_N domain-containing protein	6.099E-08	1.000	241	5	171	394	34	216	216	189	0.424	0.847
LOKIASV2_4485_ESMFold_acetyl-CoA_C-acetyltransferase	AF-A0A1G3ZIG4-F1-model_v4	AF-A0A1G3ZIG4-F1-model_v4 Uncharacterized protein	3.551E-09	1.000	241	4	394	394	6	319	325	453	0.992	0.966
LOKIASV2_4485_ESMFold_acetyl-CoA_C-acetyltransferase	AF-C4KNQ8-F1-model_v4	AF-C4KNQ8-F1-model_v4 Thiolase_N domain-containing protein	8.075E-09	1.000	238	5	225	394	11	222	227	226	0.561	0.934
LOKIASV2_4485_ESMFold_acetyl-CoA_C-acetyltransferase	AF-A0A1B7W8W1-F1-model_v4	AF-A0A1B7W8W1-F1-model_v4 Polyketide synthase	4.261E-11	1.000	238	2	394	394	9	460	533	566	0.997	0.848
LOKIASV2_4485_ESMFold_acetyl-CoA_C-acetyltransferase	AF-A0A1Y5F695-F1-model_v4	AF-A0A1Y5F695-F1-model_v4 Uncharacterized protein	7.795E-10	1.000	236	1	393	394	8	337	339	468	0.997	0.973
LOKIASV2_4485_ESMFold_acetyl-CoA_C-acetyltransferase	AF-A0A0C1VBM5-F1-model_v4	AF-A0A0C1VBM5-F1-model_v4 3-oxoacyl-ACP synthase	2.663E-10	1.000	236	1	393	394	5	376	676	490	0.997	0.550
LOKIASV2_4485_ESMFold_acetyl-CoA_C-acetyltransferase	AF-A0A7G5LY42-F1-model_v4	AF-A0A7G5LY42-F1-model_v4 3-oxoacyl-ACP synthase	8.304E-10	1.000	235	1	394	394	1	333	334	475	1.000	0.997
LOKIASV2_4485_ESMFold_acetyl-CoA_C-acetyltransferase	AF-B1H9V7-F1-model_v4	AF-B1H9V7-F1-model_v4 Putative 3-oxoacyl-(Acyl-carrier-protein) synthase III	1.292E-09	1.000	234	2	393	394	8	342	344	468	0.995	0.974
LOKIASV2_4485_ESMFold_acetyl-CoA_C-acetyltransferase	AF-A0A0J9DSC1-F1-model_v4	AF-A0A0J9DSC1-F1-model_v4 Uncharacterized protein	1.139E-09	1.000	230	4	394	394	3	324	324	466	0.992	0.994
LOKIASV2_4485_ESMFold_acetyl-CoA_C-acetyltransferase	AF-A0A7S3SZ29-F1-model_v4	AF-A0A7S3SZ29-F1-model_v4 Hypothetical protein	5.725E-08	1.000	229	19	201	394	9	183	183	185	0.464	0.956
LOKIASV2_4485_ESMFold_acetyl-CoA_C-acetyltransferase	AF-A0A329M0Q4-F1-model_v4	AF-A0A329M0Q4-F1-model_v4 Beta-ketoacyl-[acyl-carrier-protein] synthase III	1.069E-09	1.000	228	1	394	394	1	328	330	459	1.000	0.994
LOKIASV2_4485_ESMFold_acetyl-CoA_C-acetyltransferase	AF-A0A521VH70-F1-model_v4	AF-A0A521VH70-F1-model_v4 Acetyl-CoA C-acyltransferase	3.811E-07	1.000	227	23	182	394	24	203	205	181	0.406	0.878
LOKIASV2_4485_ESMFold_acetyl-CoA_C-acetyltransferase	AF-A0A847RHP9-F1-model_v4	AF-A0A847RHP9-F1-model_v4 Ketoacyl-ACP synthase III	6.272E-09	1.000	226	1	393	394	1	336	338	475	0.997	0.994
LOKIASV2_4485_ESMFold_acetyl-CoA_C-acetyltransferase	AF-A0A3D3JRR4-F1-model_v4	AF-A0A3D3JRR4-F1-model_v4 Type III polyketide synthase	8.845E-10	1.000	225	26	393	394	92	361	366	404	0.934	0.738
LOKIASV2_4485_ESMFold_acetyl-CoA_C-acetyltransferase	AF-A0A890CSP8-F1-model_v4	AF-A0A890CSP8-F1-model_v4 Uncharacterized protein	3.783E-09	1.000	225	2	393	394	12	363	373	481	0.995	0.944
LOKIASV2_4485_ESMFold_acetyl-CoA_C-acetyltransferase	AF-A0A3C1UAY2-F1-model_v4	AF-A0A3C1UAY2-F1-model_v4 Beta-ketoacyl-[acyl-carrier-protein] synthase III	4.030E-09	1.000	224	8	394	394	2	315	315	449	0.982	0.997
LOKIASV2_4485_ESMFold_acetyl-CoA_C-acetyltransferase	AF-F9D6A0-F1-model_v4	AF-F9D6A0-F1-model_v4 3-oxoacyl-(Acyl-carrier-protein) synthase III	8.845E-10	1.000	223	4	393	394	9	339	352	465	0.990	0.940
LOKIASV2_4485_ESMFold_acetyl-CoA_C-acetyltransferase	AF-Q39G31-F1-model_v4	AF-Q39G31-F1-model_v4 3-oxoacyl-(Acyl-carrier protein) synthase	1.426E-08	1.000	221	4	394	394	2	329	329	465	0.992	0.997
LOKIASV2_4485_ESMFold_acetyl-CoA_C-acetyltransferase	AF-A0A7C5EH38-F1-model_v4	AF-A0A7C5EH38-F1-model_v4 Ketoacyl-ACP synthase III	7.581E-09	1.000	221	2	393	394	7	329	336	460	0.995	0.961
LOKIASV2_4485_ESMFold_acetyl-CoA_C-acetyltransferase	AF-A0A438CLM4-F1-model_v4	AF-A0A438CLM4-F1-model_v4 Putative acetyl-CoA acetyltransferase, cytosolic 2	1.292E-09	1.000	221	124	367	394	23	460	462	456	0.619	0.948
LOKIASV2_4485_ESMFold_acetyl-CoA_C-acetyltransferase	AF-I9Q5U6-F1-model_v4	AF-I9Q5U6-F1-model_v4 3-oxoacyl-[acyl-carrier-protein] synthase 3	1.292E-09	1.000	220	1	393	394	6	338	352	471	0.997	0.946
LOKIASV2_4485_ESMFold_acetyl-CoA_C-acetyltransferase	AF-A0A433Y461-F1-model_v4	AF-A0A433Y461-F1-model_v4 Beta-ketoacyl-[acyl-carrier-protein] synthase III	4.030E-09	1.000	214	1	394	394	1	327	331	473	1.000	0.988
LOKIASV2_4485_ESMFold_acetyl-CoA_C-acetyltransferase	AF-A0A521FZS6-F1-model_v4	AF-A0A521FZS6-F1-model_v4 3-oxoacyl-[acyl-carrier-protein] synthase-3	1.664E-09	1.000	214	4	393	394	9	339	353	463	0.990	0.938
LOKIASV2_4485_ESMFold_acetyl-CoA_C-acetyltransferase	AF-A0A6B2F9S8-F1-model_v4	AF-A0A6B2F9S8-F1-model_v4 3-oxoacyl-ACP synthase	2.364E-08	1.000	211	1	394	394	1	323	334	459	1.000	0.967
LOKIASV2_4485_ESMFold_acetyl-CoA_C-acetyltransferase	AF-A0A1D9FK22-F1-model_v4	AF-A0A1D9FK22-F1-model_v4 Beta-ketoacyl-[acyl-carrier-protein] synthase III	3.919E-08	1.000	208	4	394	394	9	342	353	469	0.992	0.946
LOKIASV2_4485_ESMFold_acetyl-CoA_C-acetyltransferase	AF-A0A833N1D2-F1-model_v4	AF-A0A833N1D2-F1-model_v4 Beta-ketoacyl-ACP synthase 3	1.519E-08	1.000	206	1	394	394	1	321	321	461	1.000	1.000
LOKIASV2_4485_ESMFold_acetyl-CoA_C-acetyltransferase	AF-A0A229FWH7-F1-model_v4	AF-A0A229FWH7-F1-model_v4 3-oxoacyl-ACP synthase	1.836E-08	1.000	200	1	393	394	6	337	351	467	0.997	0.946
LOKIASV2_4485_ESMFold_acetyl-CoA_C-acetyltransferase	AF-F5RII5-F1-model_v4	AF-F5RII5-F1-model_v4 Beta-ketoacyl-[acyl-carrier-protein] synthase III	3.679E-08	1.000	197	2	393	394	9	343	355	470	0.995	0.944
LOKIASV2_4485_ESMFold_acetyl-CoA_C-acetyltransferase	AF-A0A534SGY7-F1-model_v4	AF-A0A534SGY7-F1-model_v4 Hydroxymethylglutaryl-CoA synthase family protein	2.026E-07	1.000	196	4	384	394	2	285	285	434	0.967	0.996
LOKIASV2_4485_ESMFold_acetyl-CoA_C-acetyltransferase	AF-A0A1S8LGF4-F1-model_v4	AF-A0A1S8LGF4-F1-model_v4 Beta-ketoacyl-[acyl-carrier-protein] synthase III	7.853E-08	1.000	195	2	393	394	7	341	356	480	0.995	0.941
LOKIASV2_4485_ESMFold_acetyl-CoA_C-acetyltransferase	AF-A0A074LQJ8-F1-model_v4	AF-A0A074LQJ8-F1-model_v4 Carrier domain-containing protein	6.272E-09	1.000	191	26	393	394	102	414	1123	447	0.934	0.279
LOKIASV2_4485_ESMFold_acetyl-CoA_C-acetyltransferase	AF-A0A0G4NCS1-F1-model_v4	AF-A0A0G4NCS1-F1-model_v4 Branched-chain-amino-acid aminotransferase	2.467E-05	1.000	188	5	107	394	283	386	398	104	0.261	0.261
LOKIASV2_4485_ESMFold_acetyl-CoA_C-acetyltransferase	AF-A0A060Z6A1-F1-model_v4	AF-A0A060Z6A1-F1-model_v4 Thiolase_N domain-containing protein	5.609E-05	1.000	187	21	114	394	7	100	102	94	0.239	0.922
LOKIASV2_4485_ESMFold_acetyl-CoA_C-acetyltransferase	AF-A0A0F8Z1Q4-F1-model_v4	AF-A0A0F8Z1Q4-F1-model_v4 Uncharacterized protein	4.293E-09	1.000	187	3	394	394	3	294	310	410	0.995	0.942
LOKIASV2_4485_ESMFold_acetyl-CoA_C-acetyltransferase	AF-A0A6N8BPY1-F1-model_v4	AF-A0A6N8BPY1-F1-model_v4 Ketoacyl-ACP synthase III	6.099E-08	1.000	172	1	393	394	5	347	388	478	0.997	0.884
LOKIASV2_4485_ESMFold_acetyl-CoA_C-acetyltransferase	AF-A0A6C8A4D1-F1-model_v4	AF-A0A6C8A4D1-F1-model_v4 3-oxoacyl-ACP synthase	5.568E-07	1.000	168	1	394	394	1	323	339	465	1.000	0.953
LOKIASV2_4485_ESMFold_acetyl-CoA_C-acetyltransferase	AF-A0A2V0R844-F1-model_v4	AF-A0A2V0R844-F1-model_v4 3-oxoacyl-[acyl-carrier-protein] synthase III	2.174E-05	1.000	166	3	119	394	12	154	268	143	0.297	0.534
LOKIASV2_4485_ESMFold_acetyl-CoA_C-acetyltransferase	AF-A0A350WTY7-F1-model_v4	AF-A0A350WTY7-F1-model_v4 Hydroxymethylglutaryl-CoA synthase	4.236E-04	1.000	163	23	115	394	7	99	151	93	0.236	0.616
LOKIASV2_4485_ESMFold_acetyl-CoA_C-acetyltransferase	AF-A0A640W7K4-F1-model_v4	AF-A0A640W7K4-F1-model_v4 Hydroxymethylglutaryl-CoA synthase	3.176E-05	1.000	158	4	343	394	2	257	264	387	0.863	0.970
LOKIASV2_4485_ESMFold_acetyl-CoA_C-acetyltransferase	AF-A0A1F3ZB22-F1-model_v4	AF-A0A1F3ZB22-F1-model_v4 3-oxoacyl-ACP synthase III	9.832E-07	1.000	154	1	347	394	3	317	321	418	0.881	0.981
LOKIASV2_4485_ESMFold_acetyl-CoA_C-acetyltransferase	AF-A0A0F9L8Z3-F1-model_v4	AF-A0A0F9L8Z3-F1-model_v4 HMG_CoA_synt_N domain-containing protein	1.055E-04	1.000	152	4	116	394	11	149	208	139	0.287	0.668
LOKIASV2_4485_ESMFold_acetyl-CoA_C-acetyltransferase	AF-A0A357FV13-F1-model_v4	AF-A0A357FV13-F1-model_v4 3-oxoacyl-ACP synthase	2.252E-04	1.000	143	2	119	394	7	153	248	147	0.299	0.593
LOKIASV2_4485_ESMFold_acetyl-CoA_C-acetyltransferase	AF-A0A2G4FF88-F1-model_v4	AF-A0A2G4FF88-F1-model_v4 3-oxoacyl-ACP synthase III	4.089E-05	1.000	141	3	269	394	11	206	212	300	0.678	0.925
LOKIASV2_4485_ESMFold_acetyl-CoA_C-acetyltransferase	AF-A0A836RVT7-F1-model_v4	AF-A0A836RVT7-F1-model_v4 Hydroxymethylglutaryl-CoA synthase	5.454E-04	1.000	138	2	115	394	3	141	236	139	0.289	0.589
LOKIASV2_4485_ESMFold_acetyl-CoA_C-acetyltransferase	AF-A0A015TMG5-F1-model_v4	AF-A0A015TMG5-F1-model_v4 3-oxoacyl-[acyl-carrier-protein] synthase III family protein	9.298E-05	1.000	126	4	340	394	9	287	293	403	0.855	0.952
LOKIASV2_4485_ESMFold_acetyl-CoA_C-acetyltransferase	AF-A0A845K3M8-F1-model_v4	AF-A0A845K3M8-F1-model_v4 Ketoacyl-ACP synthase III	5.265E-05	1.000	120	2	336	394	3	286	286	394	0.850	0.993
