LOKIASV2_0474_ESMFold_hypothetical_protein	AF-A0A5B9DET2-F1-model_v4	AF-A0A5B9DET2-F1-model_v4 Caspase domain protein	1.178E-39	1.000	1310	2	271	271	1	260	260	270	0.996	1.000
LOKIASV2_0474_ESMFold_hypothetical_protein	AF-A0A640W8H6-F1-model_v4	AF-A0A640W8H6-F1-model_v4 Big_13 domain-containing protein	7.980E-25	1.000	878	65	269	271	62	267	268	211	0.756	0.769
LOKIASV2_0474_ESMFold_hypothetical_protein	AF-A0A7J3U5R1-F1-model_v4	AF-A0A7J3U5R1-F1-model_v4 Caspase family protein	1.313E-24	1.000	847	42	269	271	1	216	217	234	0.841	0.995
LOKIASV2_0474_ESMFold_hypothetical_protein	AF-A0A151E1X5-F1-model_v4	AF-A0A151E1X5-F1-model_v4 Uncharacterized protein	1.158E-23	1.000	834	58	269	271	229	440	441	218	0.782	0.481
LOKIASV2_0474_ESMFold_hypothetical_protein	AF-A0A5E4IBP3-F1-model_v4	AF-A0A5E4IBP3-F1-model_v4 Caspase domain protein	5.152E-23	1.000	807	58	269	271	144	355	356	217	0.782	0.596
LOKIASV2_0474_ESMFold_hypothetical_protein	AF-A0A2H9MJL9-F1-model_v4	AF-A0A2H9MJL9-F1-model_v4 Uncharacterized protein	2.164E-26	1.000	796	2	269	271	1	267	268	276	0.989	0.996
LOKIASV2_0474_ESMFold_hypothetical_protein	AF-A0A842KF77-F1-model_v4	AF-A0A842KF77-F1-model_v4 Caspase family protein	6.209E-23	1.000	773	48	269	271	85	304	305	227	0.819	0.721
LOKIASV2_0474_ESMFold_hypothetical_protein	AF-A0A7J9PW77-F1-model_v4	AF-A0A7J9PW77-F1-model_v4 Fibronectin type-III domain-containing protein	8.464E-22	1.000	702	58	269	271	225	448	449	229	0.782	0.499
LOKIASV2_0474_ESMFold_hypothetical_protein	AF-A0A7J9PZH0-F1-model_v4	AF-A0A7J9PZH0-F1-model_v4 PKD domain-containing protein	7.945E-21	1.000	679	65	269	271	548	760	761	215	0.756	0.280
LOKIASV2_0474_ESMFold_hypothetical_protein	AF-A0A7J4KGD5-F1-model_v4	AF-A0A7J4KGD5-F1-model_v4 Caspase family protein	1.156E-22	1.000	662	2	269	271	1	289	290	294	0.989	0.997
LOKIASV2_0474_ESMFold_hypothetical_protein	AF-A0A662JYJ2-F1-model_v4	AF-A0A662JYJ2-F1-model_v4 Uncharacterized protein	4.539E-21	1.000	658	47	269	271	2	237	238	239	0.823	0.992
LOKIASV2_0474_ESMFold_hypothetical_protein	AF-A0A2N1P8A0-F1-model_v4	AF-A0A2N1P8A0-F1-model_v4 Uncharacterized protein	4.261E-20	1.000	644	49	269	271	66	295	296	235	0.815	0.777
LOKIASV2_0474_ESMFold_hypothetical_protein	AF-A0A7Y7P254-F1-model_v4	AF-A0A7Y7P254-F1-model_v4 Caspase family protein	3.535E-20	1.000	607	1	269	271	1	280	281	304	0.993	0.996
LOKIASV2_0474_ESMFold_hypothetical_protein	AF-A0A7C4F915-F1-model_v4	AF-A0A7C4F915-F1-model_v4 Caspase family protein	3.322E-20	1.000	585	1	269	271	3	287	288	296	0.993	0.990
LOKIASV2_0474_ESMFold_hypothetical_protein	AF-A0A842WPB8-F1-model_v4	AF-A0A842WPB8-F1-model_v4 Uncharacterized protein	7.450E-19	1.000	563	2	271	271	3	278	278	290	0.996	0.993
LOKIASV2_0474_ESMFold_hypothetical_protein	AF-A0A7C0WW66-F1-model_v4	AF-A0A7C0WW66-F1-model_v4 Caspase family protein	1.224E-17	1.000	519	2	270	271	6	299	309	332	0.993	0.951
LOKIASV2_0474_ESMFold_hypothetical_protein	AF-A0A7D9D166-F1-model_v4	AF-A0A7D9D166-F1-model_v4 CASPASE_P20 domain-containing protein	6.993E-18	1.000	519	50	271	271	370	620	620	258	0.819	0.405
LOKIASV2_0474_ESMFold_hypothetical_protein	AF-A0A7C5ILJ3-F1-model_v4	AF-A0A7C5ILJ3-F1-model_v4 Uncharacterized protein	2.140E-16	1.000	513	64	271	271	25	239	239	227	0.768	0.900
LOKIASV2_0474_ESMFold_hypothetical_protein	AF-A0A3N5UDQ9-F1-model_v4	AF-A0A3N5UDQ9-F1-model_v4 Caspase family protein	3.991E-17	1.000	495	2	269	271	6	331	332	335	0.989	0.982
LOKIASV2_0474_ESMFold_hypothetical_protein	AF-A0A7V5KAD2-F1-model_v4	AF-A0A7V5KAD2-F1-model_v4 Caspase family protein	3.102E-14	1.000	492	81	269	271	2	189	190	194	0.697	0.989
LOKIASV2_0474_ESMFold_hypothetical_protein	AF-A0A0M1JC21-F1-model_v4	AF-A0A0M1JC21-F1-model_v4 CASPASE_P20 domain-containing protein	8.959E-17	1.000	468	48	270	271	21	284	425	268	0.823	0.621
LOKIASV2_0474_ESMFold_hypothetical_protein	AF-D8FFP3-F1-model_v4	AF-D8FFP3-F1-model_v4 Caspase domain protein	3.311E-17	1.000	467	1	269	271	1	276	549	305	0.993	0.503
LOKIASV2_0474_ESMFold_hypothetical_protein	AF-A0A3C1ITT0-F1-model_v4	AF-A0A3C1ITT0-F1-model_v4 Uncharacterized protein	1.888E-15	1.000	464	60	269	271	19	247	249	237	0.775	0.920
LOKIASV2_0474_ESMFold_hypothetical_protein	AF-A0A0M1JFQ7-F1-model_v4	AF-A0A0M1JFQ7-F1-model_v4 CASPASE_P20 domain-containing protein	2.424E-16	1.000	445	1	260	271	2	310	453	315	0.959	0.682
LOKIASV2_0474_ESMFold_hypothetical_protein	AF-A0A0M1J5Z5-F1-model_v4	AF-A0A0M1J5Z5-F1-model_v4 CASPASE_P20 domain-containing protein	4.515E-16	1.000	444	1	270	271	1	292	341	308	0.996	0.856
LOKIASV2_0474_ESMFold_hypothetical_protein	AF-A0A661D3X0-F1-model_v4	AF-A0A661D3X0-F1-model_v4 Uncharacterized protein	1.013E-15	1.000	443	1	268	271	9	304	309	308	0.989	0.958
LOKIASV2_0474_ESMFold_hypothetical_protein	AF-A0A7C2F819-F1-model_v4	AF-A0A7C2F819-F1-model_v4 Tetratricopeptide repeat protein	5.113E-16	1.000	443	2	261	271	9	282	717	299	0.959	0.382
LOKIASV2_0474_ESMFold_hypothetical_protein	AF-D8PEK6-F1-model_v4	AF-D8PEK6-F1-model_v4 CASPASE_P20 domain-containing protein	1.148E-15	1.000	436	2	270	271	1	298	343	316	0.993	0.869
LOKIASV2_0474_ESMFold_hypothetical_protein	AF-A0A656HG56-F1-model_v4	AF-A0A656HG56-F1-model_v4 Tol-pal system protein YbgF	1.772E-14	1.000	434	64	270	271	38	274	563	243	0.764	0.421
LOKIASV2_0474_ESMFold_hypothetical_protein	AF-A0A5D0QT15-F1-model_v4	AF-A0A5D0QT15-F1-model_v4 Caspase family protein	2.009E-15	1.000	434	65	271	271	913	1189	1192	282	0.764	0.232
LOKIASV2_0474_ESMFold_hypothetical_protein	AF-A0A7V9GGX0-F1-model_v4	AF-A0A7V9GGX0-F1-model_v4 Caspase family protein	8.400E-15	1.000	433	1	270	271	45	337	343	300	0.996	0.854
LOKIASV2_0474_ESMFold_hypothetical_protein	AF-A0A6J4I3T7-F1-model_v4	AF-A0A6J4I3T7-F1-model_v4 Uncharacterized protein	8.939E-15	1.000	432	1	270	271	1	250	271	290	0.996	0.923
LOKIASV2_0474_ESMFold_hypothetical_protein	AF-A0A2S8K851-F1-model_v4	AF-A0A2S8K851-F1-model_v4 Uncharacterized protein	2.918E-15	1.000	429	1	269	271	33	306	729	299	0.993	0.376
LOKIASV2_0474_ESMFold_hypothetical_protein	AF-A0A1F3D118-F1-model_v4	AF-A0A1F3D118-F1-model_v4 Uncharacterized protein	2.275E-15	1.000	425	16	267	271	444	714	724	283	0.930	0.374
LOKIASV2_0474_ESMFold_hypothetical_protein	AF-A0A7T8YX94-F1-model_v4	AF-A0A7T8YX94-F1-model_v4 Caspase family protein	1.565E-14	1.000	423	1	270	271	282	576	589	307	0.996	0.501
LOKIASV2_0474_ESMFold_hypothetical_protein	AF-A0A1W1I0L0-F1-model_v4	AF-A0A1W1I0L0-F1-model_v4 CASPASE_P20 domain-containing protein	1.382E-14	1.000	420	62	269	271	62	306	657	249	0.768	0.373
LOKIASV2_0474_ESMFold_hypothetical_protein	AF-A0A7C7G6E4-F1-model_v4	AF-A0A7C7G6E4-F1-model_v4 Uncharacterized protein	9.513E-15	1.000	419	50	269	271	153	405	413	257	0.812	0.613
LOKIASV2_0474_ESMFold_hypothetical_protein	AF-A0A2W4I2V4-F1-model_v4	AF-A0A2W4I2V4-F1-model_v4 Uncharacterized protein	5.435E-15	1.000	419	2	270	271	159	459	467	311	0.993	0.645
LOKIASV2_0474_ESMFold_hypothetical_protein	AF-A0A7Z9GF61-F1-model_v4	AF-A0A7Z9GF61-F1-model_v4 Caspase family protein	4.238E-15	1.000	418	2	268	271	16	324	333	313	0.985	0.928
LOKIASV2_0474_ESMFold_hypothetical_protein	AF-A0A7C7G6I0-F1-model_v4	AF-A0A7C7G6I0-F1-model_v4 Uncharacterized protein	9.513E-15	1.000	417	49	267	271	101	357	786	261	0.808	0.327
LOKIASV2_0474_ESMFold_hypothetical_protein	AF-A0A2H0NZC1-F1-model_v4	AF-A0A2H0NZC1-F1-model_v4 Uncharacterized protein	1.076E-13	1.000	416	65	260	271	187	413	422	232	0.723	0.538
LOKIASV2_0474_ESMFold_hypothetical_protein	AF-A0A0P4V3J6-F1-model_v4	AF-A0A0P4V3J6-F1-model_v4 WD-40 repeat protein	4.510E-15	1.000	415	49	260	271	228	481	501	263	0.782	0.507
LOKIASV2_0474_ESMFold_hypothetical_protein	AF-A0A524DFK7-F1-model_v4	AF-A0A524DFK7-F1-model_v4 Uncharacterized protein	2.135E-14	1.000	415	1	267	271	61	461	726	406	0.985	0.552
LOKIASV2_0474_ESMFold_hypothetical_protein	AF-A0A7Z9GEP0-F1-model_v4	AF-A0A7Z9GEP0-F1-model_v4 Uncharacterized protein	7.417E-15	1.000	413	15	269	271	227	497	506	285	0.941	0.536
LOKIASV2_0474_ESMFold_hypothetical_protein	AF-A0A2N5YLA5-F1-model_v4	AF-A0A2N5YLA5-F1-model_v4 Uncharacterized protein	6.550E-15	1.000	413	20	268	271	280	545	554	279	0.919	0.480
LOKIASV2_0474_ESMFold_hypothetical_protein	AF-A0A7C7GU81-F1-model_v4	AF-A0A7C7GU81-F1-model_v4 Caspase family protein	7.893E-15	1.000	412	33	269	271	357	618	626	267	0.875	0.419
LOKIASV2_0474_ESMFold_hypothetical_protein	AF-A0A2E5HP26-F1-model_v4	AF-A0A2E5HP26-F1-model_v4 Uncharacterized protein	1.300E-15	1.000	412	2	271	271	17	315	749	314	0.996	0.399
LOKIASV2_0474_ESMFold_hypothetical_protein	AF-A0A532DLN8-F1-model_v4	AF-A0A532DLN8-F1-model_v4 CASPASE_P20 domain-containing protein	6.550E-15	1.000	411	62	271	271	55	293	333	249	0.775	0.718
LOKIASV2_0474_ESMFold_hypothetical_protein	AF-A0A2A4QFC4-F1-model_v4	AF-A0A2A4QFC4-F1-model_v4 Uncharacterized protein	6.550E-15	1.000	410	16	267	271	331	613	623	291	0.930	0.454
LOKIASV2_0474_ESMFold_hypothetical_protein	AF-A0A255SQD2-F1-model_v4	AF-A0A255SQD2-F1-model_v4 Uncharacterized protein	1.663E-13	1.000	409	62	269	271	17	247	250	239	0.768	0.924
LOKIASV2_0474_ESMFold_hypothetical_protein	AF-A0A7C7FTX1-F1-model_v4	AF-A0A7C7FTX1-F1-model_v4 Uncharacterized protein	7.893E-15	1.000	408	1	267	271	43	323	558	302	0.985	0.504
LOKIASV2_0474_ESMFold_hypothetical_protein	AF-A0A524DSJ1-F1-model_v4	AF-A0A524DSJ1-F1-model_v4 Uncharacterized protein	6.963E-14	1.000	407	3	235	271	14	237	243	254	0.860	0.922
LOKIASV2_0474_ESMFold_hypothetical_protein	AF-A0A7C8DRS9-F1-model_v4	AF-A0A7C8DRS9-F1-model_v4 CASPASE_P20 domain-containing protein	4.789E-13	1.000	406	61	268	271	228	462	469	240	0.768	0.501
LOKIASV2_0474_ESMFold_hypothetical_protein	AF-A0A0M1JJD9-F1-model_v4	AF-A0A0M1JJD9-F1-model_v4 CASPASE_P20 domain-containing protein	4.510E-15	1.000	406	1	260	271	2	324	519	326	0.959	0.622
LOKIASV2_0474_ESMFold_hypothetical_protein	AF-A0A521ZRY4-F1-model_v4	AF-A0A521ZRY4-F1-model_v4 Caspase family protein	2.418E-14	1.000	403	49	270	271	76	345	347	279	0.819	0.778
LOKIASV2_0474_ESMFold_hypothetical_protein	AF-A0A538FE75-F1-model_v4	AF-A0A538FE75-F1-model_v4 Caspase family protein	1.011E-13	1.000	401	1	259	271	8	297	369	295	0.956	0.786
LOKIASV2_0474_ESMFold_hypothetical_protein	AF-A0A2V6QGI9-F1-model_v4	AF-A0A2V6QGI9-F1-model_v4 Uncharacterized protein	2.911E-13	1.000	401	65	267	271	51	285	476	238	0.749	0.494
LOKIASV2_0474_ESMFold_hypothetical_protein	AF-A0A1F3N406-F1-model_v4	AF-A0A1F3N406-F1-model_v4 Uncharacterized protein	7.893E-15	1.000	401	12	269	271	295	570	578	294	0.952	0.478
LOKIASV2_0474_ESMFold_hypothetical_protein	AF-A0A7V9B3U7-F1-model_v4	AF-A0A7V9B3U7-F1-model_v4 Caspase family protein	6.528E-12	1.000	400	69	270	271	2	206	238	213	0.745	0.861
LOKIASV2_0474_ESMFold_hypothetical_protein	AF-A0A1V1P1U8-F1-model_v4	AF-A0A1V1P1U8-F1-model_v4 Uncharacterized protein	1.563E-13	1.000	400	64	271	271	77	321	509	252	0.768	0.481
LOKIASV2_0474_ESMFold_hypothetical_protein	AF-A0A495ZB39-F1-model_v4	AF-A0A495ZB39-F1-model_v4 Uncharacterized protein	2.739E-14	1.000	400	46	271	271	363	615	1121	264	0.834	0.226
LOKIASV2_0474_ESMFold_hypothetical_protein	AF-A0A450SP84-F1-model_v4	AF-A0A450SP84-F1-model_v4 Caspase domain-containing protein	1.298E-14	1.000	399	2	268	271	8	318	334	323	0.985	0.931
LOKIASV2_0474_ESMFold_hypothetical_protein	AF-A0A0G1NPJ8-F1-model_v4	AF-A0A0G1NPJ8-F1-model_v4 Polysaccharide deacetylase	2.574E-14	1.000	398	1	270	271	1	339	341	351	0.996	0.994
LOKIASV2_0474_ESMFold_hypothetical_protein	AF-A0A6P1M386-F1-model_v4	AF-A0A6P1M386-F1-model_v4 Uncharacterized protein	3.738E-14	1.000	398	1	268	271	1	273	536	305	0.989	0.509
LOKIASV2_0474_ESMFold_hypothetical_protein	AF-A0A1Y5FVX3-F1-model_v4	AF-A0A1Y5FVX3-F1-model_v4 FGE-sulfatase domain-containing protein	1.146E-14	1.000	397	1	267	271	13	303	616	314	0.985	0.472
LOKIASV2_0474_ESMFold_hypothetical_protein	AF-A0A7C7H3Y1-F1-model_v4	AF-A0A7C7H3Y1-F1-model_v4 PEGA domain-containing protein	4.233E-14	1.000	396	3	267	271	140	411	421	298	0.978	0.646
LOKIASV2_0474_ESMFold_hypothetical_protein	AF-A0A3B9YI74-F1-model_v4	AF-A0A3B9YI74-F1-model_v4 Uncharacterized protein	6.963E-14	1.000	394	36	271	271	173	443	445	275	0.871	0.609
LOKIASV2_0474_ESMFold_hypothetical_protein	AF-A0A4Q1VCB3-F1-model_v4	AF-A0A4Q1VCB3-F1-model_v4 Uncharacterized protein	3.102E-14	1.000	394	47	271	271	239	505	518	276	0.830	0.515
LOKIASV2_0474_ESMFold_hypothetical_protein	AF-A0A3A4K1Z8-F1-model_v4	AF-A0A3A4K1Z8-F1-model_v4 Caspase family protein	3.978E-14	1.000	393	65	260	271	99	327	471	234	0.723	0.486
LOKIASV2_0474_ESMFold_hypothetical_protein	AF-A0A521K2Q5-F1-model_v4	AF-A0A521K2Q5-F1-model_v4 CASPASE_P20 domain-containing protein	4.233E-14	1.000	393	1	269	271	1	296	579	314	0.993	0.511
LOKIASV2_0474_ESMFold_hypothetical_protein	AF-A0A359D3U1-F1-model_v4	AF-A0A359D3U1-F1-model_v4 Uncharacterized protein	6.963E-14	1.000	392	2	267	271	561	822	832	296	0.982	0.315
LOKIASV2_0474_ESMFold_hypothetical_protein	AF-A0A7W1CNN5-F1-model_v4	AF-A0A7W1CNN5-F1-model_v4 Caspase family protein	2.129E-11	1.000	391	70	270	271	2	205	211	211	0.742	0.967
LOKIASV2_0474_ESMFold_hypothetical_protein	AF-A0A2M7K3J8-F1-model_v4	AF-A0A2M7K3J8-F1-model_v4 Uncharacterized protein	1.077E-14	1.000	391	1	269	271	1	304	312	315	0.993	0.974
LOKIASV2_0474_ESMFold_hypothetical_protein	AF-A0A2V8S5Y7-F1-model_v4	AF-A0A2V8S5Y7-F1-model_v4 Uncharacterized protein	1.380E-13	1.000	391	1	267	271	41	309	472	302	0.985	0.570
LOKIASV2_0474_ESMFold_hypothetical_protein	AF-A0A5Q0EM76-F1-model_v4	AF-A0A5Q0EM76-F1-model_v4 Caspase family protein	2.915E-14	1.000	390	2	260	271	269	559	575	302	0.956	0.506
LOKIASV2_0474_ESMFold_hypothetical_protein	AF-A0A1F3D8T1-F1-model_v4	AF-A0A1F3D8T1-F1-model_v4 Uncharacterized protein	5.101E-14	1.000	388	14	267	271	163	438	456	284	0.937	0.605
LOKIASV2_0474_ESMFold_hypothetical_protein	AF-A0A7C1PZC4-F1-model_v4	AF-A0A7C1PZC4-F1-model_v4 Uncharacterized protein	2.739E-14	1.000	388	1	268	271	222	519	528	311	0.989	0.564
LOKIASV2_0474_ESMFold_hypothetical_protein	AF-A0A7C6RTC3-F1-model_v4	AF-A0A7C6RTC3-F1-model_v4 Uncharacterized protein	3.734E-13	1.000	387	61	269	271	136	370	372	247	0.771	0.632
LOKIASV2_0474_ESMFold_hypothetical_protein	AF-A0A661D0L8-F1-model_v4	AF-A0A661D0L8-F1-model_v4 Uncharacterized protein	1.380E-13	1.000	386	44	268	271	205	459	474	264	0.830	0.538
LOKIASV2_0474_ESMFold_hypothetical_protein	AF-A0A0M9E0A5-F1-model_v4	AF-A0A0M9E0A5-F1-model_v4 Secreted protein containing Sulphatase-modifying factor	1.296E-12	1.000	385	62	267	271	28	266	561	243	0.760	0.426
LOKIASV2_0474_ESMFold_hypothetical_protein	AF-A0A256WYI1-F1-model_v4	AF-A0A256WYI1-F1-model_v4 Uncharacterized protein	3.738E-14	1.000	384	15	271	271	3	275	286	292	0.948	0.955
LOKIASV2_0474_ESMFold_hypothetical_protein	AF-A0A317J1V8-F1-model_v4	AF-A0A317J1V8-F1-model_v4 Uncharacterized protein	6.148E-14	1.000	384	2	267	271	1	264	472	301	0.982	0.559
LOKIASV2_0474_ESMFold_hypothetical_protein	AF-A0A7V2HKV5-F1-model_v4	AF-A0A7V2HKV5-F1-model_v4 Tetratricopeptide repeat protein	2.270E-13	1.000	382	1	270	271	1	264	495	292	0.996	0.533
LOKIASV2_0474_ESMFold_hypothetical_protein	AF-A0A522F5D2-F1-model_v4	AF-A0A522F5D2-F1-model_v4 Caspase family protein	7.409E-14	1.000	381	3	269	271	144	430	438	307	0.985	0.655
LOKIASV2_0474_ESMFold_hypothetical_protein	AF-A0A419GWI4-F1-model_v4	AF-A0A419GWI4-F1-model_v4 Caspase family protein	2.574E-14	1.000	380	36	267	271	216	497	517	285	0.856	0.545
LOKIASV2_0474_ESMFold_hypothetical_protein	AF-C6DZB8-F1-model_v4	AF-C6DZB8-F1-model_v4 Peptidase C14 caspase catalytic subunit p20	7.401E-13	1.000	380	65	260	271	417	643	658	235	0.723	0.345
LOKIASV2_0474_ESMFold_hypothetical_protein	AF-A0A3A4JXM0-F1-model_v4	AF-A0A3A4JXM0-F1-model_v4 PEGA domain-containing protein	1.884E-13	1.000	379	65	260	271	60	285	584	241	0.723	0.387
LOKIASV2_0474_ESMFold_hypothetical_protein	AF-A0A120IHV5-F1-model_v4	AF-A0A120IHV5-F1-model_v4 Uncharacterized protein	3.734E-13	1.000	379	1	269	271	738	1028	1038	311	0.993	0.280
LOKIASV2_0474_ESMFold_hypothetical_protein	AF-A0A2V7EAI9-F1-model_v4	AF-A0A2V7EAI9-F1-model_v4 Uncharacterized protein	2.416E-13	1.000	378	62	271	271	40	273	287	244	0.775	0.815
LOKIASV2_0474_ESMFold_hypothetical_protein	AF-A0A1E4ZK95-F1-model_v4	AF-A0A1E4ZK95-F1-model_v4 CASPASE_P20 domain-containing protein	1.076E-13	1.000	378	4	270	271	1	270	324	298	0.985	0.833
LOKIASV2_0474_ESMFold_hypothetical_protein	AF-A0A6N7M9Z9-F1-model_v4	AF-A0A6N7M9Z9-F1-model_v4 CARDB domain-containing protein	9.503E-14	1.000	378	16	269	271	160	440	448	286	0.937	0.627
LOKIASV2_0474_ESMFold_hypothetical_protein	AF-A0A3A4K783-F1-model_v4	AF-A0A3A4K783-F1-model_v4 Caspase family protein	7.409E-14	1.000	378	62	259	271	58	316	472	261	0.731	0.549
LOKIASV2_0474_ESMFold_hypothetical_protein	AF-A0A7Y5IXN0-F1-model_v4	AF-A0A7Y5IXN0-F1-model_v4 SUMF1/EgtB/PvdO family nonheme iron enzyme	2.571E-13	1.000	377	58	268	271	30	273	586	253	0.779	0.416
LOKIASV2_0474_ESMFold_hypothetical_protein	AF-A0A847VGX2-F1-model_v4	AF-A0A847VGX2-F1-model_v4 Caspase family protein	7.885E-14	1.000	376	1	259	271	213	506	509	302	0.956	0.578
LOKIASV2_0474_ESMFold_hypothetical_protein	AF-A0A1G8I4R7-F1-model_v4	AF-A0A1G8I4R7-F1-model_v4 Caspase domain-containing protein	1.469E-13	1.000	375	1	267	271	129	416	427	297	0.985	0.674
LOKIASV2_0474_ESMFold_hypothetical_protein	AF-A0A2D6DS47-F1-model_v4	AF-A0A2D6DS47-F1-model_v4 Uncharacterized protein	6.141E-13	1.000	375	62	269	271	53	286	555	245	0.768	0.422
LOKIASV2_0474_ESMFold_hypothetical_protein	AF-A0A521G008-F1-model_v4	AF-A0A521G008-F1-model_v4 Caspase domain-containing protein	1.009E-11	1.000	374	62	271	271	32	269	467	244	0.775	0.510
LOKIASV2_0474_ESMFold_hypothetical_protein	AF-A0A518UC29-F1-model_v4	AF-A0A518UC29-F1-model_v4 CASPASE_P20 domain-containing protein	5.429E-14	1.000	373	24	269	271	181	446	457	272	0.908	0.582
LOKIASV2_0474_ESMFold_hypothetical_protein	AF-A0A661DAB6-F1-model_v4	AF-A0A661DAB6-F1-model_v4 CASPASE_P20 domain-containing protein	5.771E-13	1.000	372	1	270	271	38	326	329	303	0.996	0.878
LOKIASV2_0474_ESMFold_hypothetical_protein	AF-A0A7W4W4E5-F1-model_v4	AF-A0A7W4W4E5-F1-model_v4 Uncharacterized protein	3.509E-13	1.000	372	2	268	271	158	458	464	306	0.985	0.649
LOKIASV2_0474_ESMFold_hypothetical_protein	AF-A0A3N5JG61-F1-model_v4	AF-A0A3N5JG61-F1-model_v4 Caspase family protein	4.228E-13	1.000	370	66	268	271	2	242	293	245	0.749	0.823
LOKIASV2_0474_ESMFold_hypothetical_protein	AF-A0A1V1P2N1-F1-model_v4	AF-A0A1V1P2N1-F1-model_v4 Peptidase c14 caspase catalytic subunit P20	2.908E-12	1.000	369	64	267	271	32	264	321	237	0.753	0.726
LOKIASV2_0474_ESMFold_hypothetical_protein	AF-A0A1G2WE07-F1-model_v4	AF-A0A1G2WE07-F1-model_v4 CASPASE_P20 domain-containing protein	1.075E-12	1.000	369	4	266	271	212	496	501	309	0.970	0.569
LOKIASV2_0474_ESMFold_hypothetical_protein	AF-A0A2G9Z5Y0-F1-model_v4	AF-A0A2G9Z5Y0-F1-model_v4 Uncharacterized protein	5.423E-13	1.000	368	49	262	271	42	299	306	266	0.790	0.843
LOKIASV2_0474_ESMFold_hypothetical_protein	AF-A0A857JEU2-F1-model_v4	AF-A0A857JEU2-F1-model_v4 Uncharacterized protein	8.929E-14	1.000	368	2	263	271	919	1239	1249	332	0.967	0.257
LOKIASV2_0474_ESMFold_hypothetical_protein	AF-A0A2M7KTW0-F1-model_v4	AF-A0A2M7KTW0-F1-model_v4 Uncharacterized protein	1.380E-13	1.000	366	1	270	271	1	291	337	313	0.996	0.864
LOKIASV2_0474_ESMFold_hypothetical_protein	AF-A0A5R8KAH7-F1-model_v4	AF-A0A5R8KAH7-F1-model_v4 Caspase family protein	3.973E-13	1.000	366	48	269	271	331	632	632	307	0.819	0.478
LOKIASV2_0474_ESMFold_hypothetical_protein	AF-A0A7W1UDC6-F1-model_v4	AF-A0A7W1UDC6-F1-model_v4 Caspase family protein	1.882E-12	1.000	366	62	262	271	61	299	658	243	0.742	0.363
LOKIASV2_0474_ESMFold_hypothetical_protein	AF-A0A524PWX3-F1-model_v4	AF-A0A524PWX3-F1-model_v4 Caspase family protein	7.876E-13	1.000	365	2	270	271	25	286	321	293	0.993	0.816
LOKIASV2_0474_ESMFold_hypothetical_protein	AF-A0A7V5DVB9-F1-model_v4	AF-A0A7V5DVB9-F1-model_v4 CASPASE_P20 domain-containing protein	2.568E-12	1.000	365	1	270	271	30	289	734	297	0.996	0.354
LOKIASV2_0474_ESMFold_hypothetical_protein	AF-A0A2H9QUE0-F1-model_v4	AF-A0A2H9QUE0-F1-model_v4 Uncharacterized protein	2.413E-12	1.000	364	16	186	271	4	166	167	171	0.631	0.976
LOKIASV2_0474_ESMFold_hypothetical_protein	AF-U1HDB1-F1-model_v4	AF-U1HDB1-F1-model_v4 50S ribosomal protein L20	7.876E-13	1.000	364	1	270	271	3	278	280	294	0.996	0.986
LOKIASV2_0474_ESMFold_hypothetical_protein	AF-A0A496V3E5-F1-model_v4	AF-A0A496V3E5-F1-model_v4 Uncharacterized protein	3.973E-13	1.000	364	64	268	271	165	393	402	244	0.756	0.570
LOKIASV2_0474_ESMFold_hypothetical_protein	AF-A0A7C5CG64-F1-model_v4	AF-A0A7C5CG64-F1-model_v4 CASPASE_P20 domain-containing protein	6.536E-13	1.000	364	49	267	271	275	565	570	297	0.808	0.511
LOKIASV2_0474_ESMFold_hypothetical_protein	AF-A0A257EJW2-F1-model_v4	AF-A0A257EJW2-F1-model_v4 CASPASE_P20 domain-containing protein	4.224E-12	1.000	364	50	270	271	547	786	789	251	0.815	0.304
LOKIASV2_0474_ESMFold_hypothetical_protein	AF-A0A3D3SA87-F1-model_v4	AF-A0A3D3SA87-F1-model_v4 Uncharacterized protein	6.141E-13	1.000	363	2	252	271	3	298	316	330	0.926	0.937
LOKIASV2_0474_ESMFold_hypothetical_protein	AF-A0A0S6VTE7-F1-model_v4	AF-A0A0S6VTE7-F1-model_v4 Peptidase C14 caspase catalytic subunit p20	1.380E-13	1.000	363	1	267	271	195	482	488	302	0.985	0.590
LOKIASV2_0474_ESMFold_hypothetical_protein	AF-A0A0F3GRE3-F1-model_v4	AF-A0A0F3GRE3-F1-model_v4 Peptidase C14, caspase catalytic subunit p20	3.734E-13	1.000	363	2	271	271	4	291	556	309	0.996	0.518
LOKIASV2_0474_ESMFold_hypothetical_protein	AF-A0A080MGQ2-F1-model_v4	AF-A0A080MGQ2-F1-model_v4 Serine/threonine-protein kinase pkn1	1.380E-13	1.000	363	1	270	271	18	307	815	307	0.996	0.356
LOKIASV2_0474_ESMFold_hypothetical_protein	AF-R1C270-F1-model_v4	AF-R1C270-F1-model_v4 Uncharacterized protein	2.911E-13	1.000	362	2	271	271	67	352	352	301	0.996	0.812
LOKIASV2_0474_ESMFold_hypothetical_protein	AF-A0A3A4KA59-F1-model_v4	AF-A0A3A4KA59-F1-model_v4 Caspase family protein	2.133E-13	1.000	362	1	267	271	17	311	405	303	0.985	0.728
LOKIASV2_0474_ESMFold_hypothetical_protein	AF-A0A7C2IIW1-F1-model_v4	AF-A0A7C2IIW1-F1-model_v4 Peptidase C14, caspase catalytic subunit p20	1.882E-12	1.000	362	48	270	271	14	249	422	250	0.823	0.559
LOKIASV2_0474_ESMFold_hypothetical_protein	AF-W4LJT8-F1-model_v4	AF-W4LJT8-F1-model_v4 LysM domain-containing protein	1.469E-13	1.000	362	2	268	271	179	450	464	298	0.985	0.586
LOKIASV2_0474_ESMFold_hypothetical_protein	AF-A0A327L0H8-F1-model_v4	AF-A0A327L0H8-F1-model_v4 CASPASE_P20 domain-containing protein	1.297E-13	1.000	362	1	270	271	1	293	526	304	0.996	0.557
LOKIASV2_0474_ESMFold_hypothetical_protein	AF-A0A842R3V9-F1-model_v4	AF-A0A842R3V9-F1-model_v4 Uncharacterized protein	1.561E-12	1.000	362	1	269	271	21	406	858	402	0.993	0.450
LOKIASV2_0474_ESMFold_hypothetical_protein	AF-A0A6J4X6V3-F1-model_v4	AF-A0A6J4X6V3-F1-model_v4 Uncharacterized protein	8.920E-13	1.000	361	1	271	271	169	452	454	305	1.000	0.626
LOKIASV2_0474_ESMFold_hypothetical_protein	AF-A0A1G3HKJ1-F1-model_v4	AF-A0A1G3HKJ1-F1-model_v4 CASPASE_P20 domain-containing protein	1.768E-12	1.000	361	2	270	271	9	269	662	292	0.993	0.394
LOKIASV2_0474_ESMFold_hypothetical_protein	AF-A0A5C7JQU4-F1-model_v4	AF-A0A5C7JQU4-F1-model_v4 Caspase family protein	3.734E-13	1.000	360	1	271	271	1	287	298	306	1.000	0.963
LOKIASV2_0474_ESMFold_hypothetical_protein	AF-A0A6C0CPK6-F1-model_v4	AF-A0A6C0CPK6-F1-model_v4 Uncharacterized protein	7.876E-13	1.000	360	65	270	271	110	351	353	245	0.760	0.686
LOKIASV2_0474_ESMFold_hypothetical_protein	AF-A0A1F3JSH4-F1-model_v4	AF-A0A1F3JSH4-F1-model_v4 Uncharacterized protein	6.141E-13	1.000	360	19	267	271	169	435	445	280	0.919	0.600
LOKIASV2_0474_ESMFold_hypothetical_protein	AF-A0A062UTP0-F1-model_v4	AF-A0A062UTP0-F1-model_v4 CASPASE_P20 domain-containing protein	2.265E-11	1.000	360	59	270	271	18	249	524	239	0.782	0.443
LOKIASV2_0474_ESMFold_hypothetical_protein	AF-A0A2V8RW62-F1-model_v4	AF-A0A2V8RW62-F1-model_v4 CASPASE_P20 domain-containing protein	4.495E-12	1.000	360	48	270	271	33	272	595	249	0.823	0.403
LOKIASV2_0474_ESMFold_hypothetical_protein	AF-A0A1F3NHI0-F1-model_v4	AF-A0A1F3NHI0-F1-model_v4 Uncharacterized protein	3.734E-13	1.000	359	1	269	271	1	283	292	303	0.993	0.969
LOKIASV2_0474_ESMFold_hypothetical_protein	AF-A0A0M1J8X4-F1-model_v4	AF-A0A0M1J8X4-F1-model_v4 Uncharacterized protein	3.512E-14	1.000	358	1	264	271	1	287	288	315	0.974	0.997
LOKIASV2_0474_ESMFold_hypothetical_protein	AF-A0A2G2R356-F1-model_v4	AF-A0A2G2R356-F1-model_v4 Peptidase C14, caspase catalytic subunit p20	9.482E-12	1.000	358	65	270	271	32	254	502	234	0.760	0.444
LOKIASV2_0474_ESMFold_hypothetical_protein	AF-A0A0M1JAQ4-F1-model_v4	AF-A0A0M1JAQ4-F1-model_v4 Uncharacterized protein	4.789E-13	1.000	358	1	270	271	2	294	593	306	0.996	0.494
LOKIASV2_0474_ESMFold_hypothetical_protein	AF-A7BWS0-F1-model_v4	AF-A7BWS0-F1-model_v4 Polysaccharide deacetylase	1.010E-12	1.000	358	50	271	271	132	390	738	269	0.819	0.351
LOKIASV2_0474_ESMFold_hypothetical_protein	AF-A0A0G0CHF4-F1-model_v4	AF-A0A0G0CHF4-F1-model_v4 Uncharacterized protein	1.217E-12	1.000	357	47	270	271	64	388	394	328	0.827	0.825
LOKIASV2_0474_ESMFold_hypothetical_protein	AF-A0A3B9KZY1-F1-model_v4	AF-A0A3B9KZY1-F1-model_v4 CASPASE_P20 domain-containing protein	1.009E-11	1.000	357	65	270	271	43	268	593	238	0.760	0.381
LOKIASV2_0474_ESMFold_hypothetical_protein	AF-I4GCZ2-F1-model_v4	AF-I4GCZ2-F1-model_v4 Putative Peptidylprolyl isomerase	9.492E-13	1.000	356	1	270	271	3	273	508	297	0.996	0.533
LOKIASV2_0474_ESMFold_hypothetical_protein	AF-A0A849U1S7-F1-model_v4	AF-A0A849U1S7-F1-model_v4 Uncharacterized protein	7.401E-13	1.000	356	2	267	271	263	552	559	302	0.982	0.519
LOKIASV2_0474_ESMFold_hypothetical_protein	AF-A0A1W9X0T4-F1-model_v4	AF-A0A1W9X0T4-F1-model_v4 CASPASE_P20 domain-containing protein	1.467E-12	1.000	355	1	270	271	44	331	445	305	0.996	0.647
LOKIASV2_0474_ESMFold_hypothetical_protein	AF-A0A4D8Q0Y9-F1-model_v4	AF-A0A4D8Q0Y9-F1-model_v4 Caspase family protein	3.734E-13	1.000	354	2	269	271	138	456	494	342	0.989	0.646
LOKIASV2_0474_ESMFold_hypothetical_protein	AF-A0A2V9UT57-F1-model_v4	AF-A0A2V9UT57-F1-model_v4 CASPASE_P20 domain-containing protein	7.401E-13	1.000	354	2	270	271	7	313	517	311	0.993	0.594
LOKIASV2_0474_ESMFold_hypothetical_protein	AF-A0A0M1JEH1-F1-model_v4	AF-A0A0M1JEH1-F1-model_v4 CASPASE_P20 domain-containing protein	6.141E-13	1.000	354	1	270	271	2	294	558	306	0.996	0.525
LOKIASV2_0474_ESMFold_hypothetical_protein	AF-A0A6J4JVY6-F1-model_v4	AF-A0A6J4JVY6-F1-model_v4 N-acetylmuramoyl-L-alanine amidase domain-containing protein	1.663E-13	1.000	353	16	271	271	663	970	1022	325	0.945	0.301
LOKIASV2_0474_ESMFold_hypothetical_protein	AF-A0A7C7XX15-F1-model_v4	AF-A0A7C7XX15-F1-model_v4 DUF1566 domain-containing protein	7.876E-13	1.000	352	1	270	271	2	265	421	298	0.996	0.627
LOKIASV2_0474_ESMFold_hypothetical_protein	AF-A0A838SAR9-F1-model_v4	AF-A0A838SAR9-F1-model_v4 Caspase family protein	3.293E-12	1.000	352	62	269	271	61	304	439	249	0.768	0.556
LOKIASV2_0474_ESMFold_hypothetical_protein	AF-A0A510PCJ7-F1-model_v4	AF-A0A510PCJ7-F1-model_v4 Uncharacterized protein	1.379E-12	1.000	352	3	270	271	5	277	503	292	0.989	0.543
LOKIASV2_0474_ESMFold_hypothetical_protein	AF-A0A437QHG3-F1-model_v4	AF-A0A437QHG3-F1-model_v4 CASPASE_P20 domain-containing protein	1.144E-12	1.000	352	13	270	271	3	251	529	285	0.952	0.471
LOKIASV2_0474_ESMFold_hypothetical_protein	AF-A0A7Y4K3A0-F1-model_v4	AF-A0A7Y4K3A0-F1-model_v4 N-acetylmuramoyl-L-alanine amidase domain-containing protein	6.955E-13	1.000	352	9	269	271	231	542	585	326	0.963	0.533
LOKIASV2_0474_ESMFold_hypothetical_protein	AF-A0A2N1SIB9-F1-model_v4	AF-A0A2N1SIB9-F1-model_v4 Uncharacterized protein	4.783E-12	1.000	351	65	270	271	203	467	471	274	0.760	0.563
LOKIASV2_0474_ESMFold_hypothetical_protein	AF-W0SA80-F1-model_v4	AF-W0SA80-F1-model_v4 Uncharacterized protein	1.561E-12	1.000	351	6	270	271	1	253	581	289	0.978	0.435
LOKIASV2_0474_ESMFold_hypothetical_protein	AF-A0A1P8FID2-F1-model_v4	AF-A0A1P8FID2-F1-model_v4 CASPASE_P20 domain-containing protein	4.495E-12	1.000	350	6	270	271	1	254	468	289	0.978	0.543
LOKIASV2_0474_ESMFold_hypothetical_protein	AF-A0A081BLS3-F1-model_v4	AF-A0A081BLS3-F1-model_v4 Polysaccharide deacetylase	2.736E-13	1.000	348	15	260	271	1	324	664	341	0.908	0.488
LOKIASV2_0474_ESMFold_hypothetical_protein	AF-A0A4R6X0R8-F1-model_v4	AF-A0A4R6X0R8-F1-model_v4 Putative caspase-like protein	8.910E-12	1.000	347	57	270	271	30	263	492	243	0.790	0.476
LOKIASV2_0474_ESMFold_hypothetical_protein	AF-A0A3M1M1Q6-F1-model_v4	AF-A0A3M1M1Q6-F1-model_v4 Peptidase C14, caspase catalytic subunit p20	7.868E-12	1.000	347	50	270	271	7	245	508	248	0.815	0.470
LOKIASV2_0474_ESMFold_hypothetical_protein	AF-A0A1V6F7B5-F1-model_v4	AF-A0A1V6F7B5-F1-model_v4 Serine/threonine-protein kinase pkn1	9.482E-12	1.000	347	50	270	271	5	243	594	249	0.815	0.402
LOKIASV2_0474_ESMFold_hypothetical_protein	AF-A0A7V7DZS7-F1-model_v4	AF-A0A7V7DZS7-F1-model_v4 Uncharacterized protein	8.920E-13	1.000	346	50	259	271	245	491	508	254	0.775	0.486
LOKIASV2_0474_ESMFold_hypothetical_protein	AF-A0A3D1AK72-F1-model_v4	AF-A0A3D1AK72-F1-model_v4 CASPASE_P20 domain-containing protein	6.141E-13	1.000	345	2	270	271	112	385	396	295	0.993	0.692
LOKIASV2_0474_ESMFold_hypothetical_protein	AF-A0A538Q6E5-F1-model_v4	AF-A0A538Q6E5-F1-model_v4 Uncharacterized protein	2.002E-12	1.000	345	1	270	271	17	332	649	331	0.996	0.487
LOKIASV2_0474_ESMFold_hypothetical_protein	AF-A0A522LVN2-F1-model_v4	AF-A0A522LVN2-F1-model_v4 CASPASE_P20 domain-containing protein	2.131E-12	1.000	344	1	270	271	1	269	550	294	0.996	0.489
LOKIASV2_0474_ESMFold_hypothetical_protein	AF-A0A1W6ZWE5-F1-model_v4	AF-A0A1W6ZWE5-F1-model_v4 CASPASE_P20 domain-containing protein	4.783E-12	1.000	344	1	270	271	31	304	665	296	0.996	0.412
LOKIASV2_0474_ESMFold_hypothetical_protein	AF-A0A4U1ADS6-F1-model_v4	AF-A0A4U1ADS6-F1-model_v4 Peptidase C14	8.920E-13	1.000	344	50	269	271	657	933	940	284	0.812	0.295
LOKIASV2_0474_ESMFold_hypothetical_protein	AF-A0A1G1F662-F1-model_v4	AF-A0A1G1F662-F1-model_v4 Uncharacterized protein	4.224E-12	1.000	343	1	260	271	1	290	296	303	0.959	0.980
LOKIASV2_0474_ESMFold_hypothetical_protein	AF-A0A349SWU6-F1-model_v4	AF-A0A349SWU6-F1-model_v4 CASPASE_P20 domain-containing protein	3.505E-12	1.000	343	50	267	271	7	263	466	260	0.804	0.552
LOKIASV2_0474_ESMFold_hypothetical_protein	AF-A0A351KQW1-F1-model_v4	AF-A0A351KQW1-F1-model_v4 CASPASE_P20 domain-containing protein	2.268E-12	1.000	343	2	270	271	38	307	497	294	0.993	0.543
LOKIASV2_0474_ESMFold_hypothetical_protein	AF-A0A2D6MRP5-F1-model_v4	AF-A0A2D6MRP5-F1-model_v4 CASPASE_P20 domain-containing protein	2.733E-12	1.000	343	11	271	271	323	600	603	295	0.963	0.461
LOKIASV2_0474_ESMFold_hypothetical_protein	AF-A0A4R6WT59-F1-model_v4	AF-A0A4R6WT59-F1-model_v4 Caspase domain-containing protein	8.910E-12	1.000	342	2	270	271	9	274	299	296	0.993	0.890
LOKIASV2_0474_ESMFold_hypothetical_protein	AF-C7RSX6-F1-model_v4	AF-C7RSX6-F1-model_v4 Peptidase C14 caspase catalytic subunit p20	6.955E-13	1.000	342	1	270	271	6	314	878	322	0.996	0.352
LOKIASV2_0474_ESMFold_hypothetical_protein	AF-A0A1V6GXQ0-F1-model_v4	AF-A0A1V6GXQ0-F1-model_v4 Caspase domain protein	3.969E-12	1.000	341	64	269	271	121	372	375	259	0.760	0.672
LOKIASV2_0474_ESMFold_hypothetical_protein	AF-A0A7L9BGL9-F1-model_v4	AF-A0A7L9BGL9-F1-model_v4 Caspase family protein	6.955E-13	1.000	341	2	270	271	190	469	472	305	0.993	0.593
LOKIASV2_0474_ESMFold_hypothetical_protein	AF-A0A143PGT4-F1-model_v4	AF-A0A143PGT4-F1-model_v4 N-acetylmuramoyl-L-alanine amidase domain-containing protein	4.783E-12	1.000	341	39	259	271	624	896	963	280	0.815	0.283
LOKIASV2_0474_ESMFold_hypothetical_protein	AF-A0A679HWY8-F1-model_v4	AF-A0A679HWY8-F1-model_v4 Uncharacterized protein	9.482E-12	1.000	340	62	271	271	22	262	442	246	0.775	0.545
LOKIASV2_0474_ESMFold_hypothetical_protein	AF-A0A6S6S7F8-F1-model_v4	AF-A0A6S6S7F8-F1-model_v4 High-affnity carbon uptake protein Hat/HatR	6.135E-12	1.000	340	33	267	271	347	657	662	316	0.867	0.470
LOKIASV2_0474_ESMFold_hypothetical_protein	AF-A0A1V1PJ42-F1-model_v4	AF-A0A1V1PJ42-F1-model_v4 Polysaccharide deacetylase domain containing protein	2.268E-12	1.000	339	65	267	271	31	270	509	246	0.749	0.472
LOKIASV2_0474_ESMFold_hypothetical_protein	AF-A0A257C8V5-F1-model_v4	AF-A0A257C8V5-F1-model_v4 CASPASE_P20 domain-containing protein	3.095E-12	1.000	339	1	270	271	274	550	952	296	0.996	0.291
LOKIASV2_0474_ESMFold_hypothetical_protein	AF-A0A3B0XZM2-F1-model_v4	AF-A0A3B0XZM2-F1-model_v4 Uncharacterized protein	3.969E-12	1.000	338	8	270	271	1	277	337	304	0.970	0.822
LOKIASV2_0474_ESMFold_hypothetical_protein	AF-A0A399R8J4-F1-model_v4	AF-A0A399R8J4-F1-model_v4 CASPASE_P20 domain-containing protein	5.417E-12	1.000	338	16	270	271	5	257	531	284	0.941	0.476
LOKIASV2_0474_ESMFold_hypothetical_protein	AF-E1R1Q1-F1-model_v4	AF-E1R1Q1-F1-model_v4 Peptidase C14 caspase catalytic subunit p20	6.528E-12	1.000	337	65	270	271	28	282	286	265	0.760	0.892
LOKIASV2_0474_ESMFold_hypothetical_protein	AF-A0A1G3M903-F1-model_v4	AF-A0A1G3M903-F1-model_v4 CASPASE_P20 domain-containing protein	5.096E-13	1.000	337	50	248	271	4	270	302	269	0.734	0.884
LOKIASV2_0474_ESMFold_hypothetical_protein	AF-A0A7C3GTJ2-F1-model_v4	AF-A0A7C3GTJ2-F1-model_v4 Caspase family protein	5.090E-12	1.000	337	2	267	271	6	288	343	304	0.982	0.825
LOKIASV2_0474_ESMFold_hypothetical_protein	AF-A0A2A2V691-F1-model_v4	AF-A0A2A2V691-F1-model_v4 Uncharacterized protein	7.868E-12	1.000	337	4	269	271	3	274	425	295	0.982	0.640
LOKIASV2_0474_ESMFold_hypothetical_protein	AF-A0A847VM71-F1-model_v4	AF-A0A847VM71-F1-model_v4 Uncharacterized protein	6.947E-12	1.000	337	2	270	271	16	291	517	296	0.993	0.534
LOKIASV2_0474_ESMFold_hypothetical_protein	AF-A0A1H3YZ27-F1-model_v4	AF-A0A1H3YZ27-F1-model_v4 Uncharacterized protein, contains caspase domain	5.417E-12	1.000	337	1	270	271	1	272	553	302	0.996	0.492
LOKIASV2_0474_ESMFold_hypothetical_protein	AF-A0A545TT88-F1-model_v4	AF-A0A545TT88-F1-model_v4 SH3 domain-containing protein	5.090E-12	1.000	336	3	261	271	484	766	784	293	0.956	0.361
LOKIASV2_0474_ESMFold_hypothetical_protein	AF-A0A1M5NC64-F1-model_v4	AF-A0A1M5NC64-F1-model_v4 Caspase domain-containing protein	2.131E-12	1.000	336	15	270	271	558	856	907	326	0.945	0.330
LOKIASV2_0474_ESMFold_hypothetical_protein	AF-A0A7G7WC68-F1-model_v4	AF-A0A7G7WC68-F1-model_v4 Caspase family protein	6.141E-13	1.000	336	2	269	271	636	961	965	344	0.989	0.338
LOKIASV2_0474_ESMFold_hypothetical_protein	AF-A0A1G8AD65-F1-model_v4	AF-A0A1G8AD65-F1-model_v4 MORN repeat-containing protein	5.765E-12	1.000	335	3	270	271	153	409	411	294	0.989	0.625
LOKIASV2_0474_ESMFold_hypothetical_protein	AF-A0A352PW43-F1-model_v4	AF-A0A352PW43-F1-model_v4 CASPASE_P20 domain-containing protein	3.730E-12	1.000	335	2	271	271	6	288	446	298	0.996	0.635
LOKIASV2_0474_ESMFold_hypothetical_protein	AF-A0A2A4TZ57-F1-model_v4	AF-A0A2A4TZ57-F1-model_v4 CASPASE_P20 domain-containing protein	3.969E-12	1.000	335	18	270	271	222	481	483	288	0.934	0.538
LOKIASV2_0474_ESMFold_hypothetical_protein	AF-A0A7W6RZ80-F1-model_v4	AF-A0A7W6RZ80-F1-model_v4 CASPASE_P20 domain-containing protein	1.009E-11	1.000	335	2	270	271	15	278	734	295	0.993	0.360
LOKIASV2_0474_ESMFold_hypothetical_protein	AF-J5PUM1-F1-model_v4	AF-J5PUM1-F1-model_v4 Peptidase C14	3.730E-12	1.000	334	2	270	271	47	309	322	296	0.993	0.817
LOKIASV2_0474_ESMFold_hypothetical_protein	AF-A0A437QVJ5-F1-model_v4	AF-A0A437QVJ5-F1-model_v4 Caspase family protein	1.377E-11	1.000	334	49	270	271	8	248	428	253	0.819	0.563
LOKIASV2_0474_ESMFold_hypothetical_protein	AF-A3WA74-F1-model_v4	AF-A3WA74-F1-model_v4 CASPASE_P20 domain-containing protein	3.969E-12	1.000	334	2	270	271	227	527	531	310	0.993	0.567
LOKIASV2_0474_ESMFold_hypothetical_protein	AF-A0A7Y2B5G9-F1-model_v4	AF-A0A7Y2B5G9-F1-model_v4 DUF4071 domain-containing protein	7.401E-13	1.000	334	2	267	271	446	742	751	303	0.982	0.395
LOKIASV2_0474_ESMFold_hypothetical_protein	AF-A0A3D9Z1K3-F1-model_v4	AF-A0A3D9Z1K3-F1-model_v4 TPR repeat protein	4.783E-12	1.000	334	50	270	271	15	306	901	295	0.815	0.324
LOKIASV2_0474_ESMFold_hypothetical_protein	AF-A0A1Y3A153-F1-model_v4	AF-A0A1Y3A153-F1-model_v4 CASPASE_P20 domain-containing protein	8.910E-12	1.000	333	19	271	271	225	498	501	292	0.934	0.547
LOKIASV2_0474_ESMFold_hypothetical_protein	AF-A0A822LH36-F1-model_v4	AF-A0A822LH36-F1-model_v4 Genome sequencing data, contig C250	8.910E-12	1.000	333	1	270	271	1	273	516	297	0.996	0.529
LOKIASV2_0474_ESMFold_hypothetical_protein	AF-A0A532E836-F1-model_v4	AF-A0A532E836-F1-model_v4 Tetratricopeptide repeat protein	2.413E-12	1.000	333	2	270	271	66	335	516	308	0.993	0.523
LOKIASV2_0474_ESMFold_hypothetical_protein	AF-A0A7Y3L4X5-F1-model_v4	AF-A0A7Y3L4X5-F1-model_v4 Uncharacterized protein	3.095E-12	1.000	333	13	268	271	322	602	603	297	0.945	0.466
LOKIASV2_0474_ESMFold_hypothetical_protein	AF-A0A1H4TIW7-F1-model_v4	AF-A0A1H4TIW7-F1-model_v4 Caspase domain-containing protein	9.482E-12	1.000	332	1	270	271	1	289	519	299	0.996	0.557
LOKIASV2_0474_ESMFold_hypothetical_protein	AF-A0A136PEN4-F1-model_v4	AF-A0A136PEN4-F1-model_v4 Caspase domain protein	1.661E-12	1.000	332	8	268	271	618	930	935	329	0.963	0.335
LOKIASV2_0474_ESMFold_hypothetical_protein	AF-A0A5A5R036-F1-model_v4	AF-A0A5A5R036-F1-model_v4 TPR repeat-containing protein YrrB	7.868E-12	1.000	331	3	270	271	1	267	605	294	0.989	0.441
LOKIASV2_0474_ESMFold_hypothetical_protein	AF-A0A4Q3G1H1-F1-model_v4	AF-A0A4Q3G1H1-F1-model_v4 Caspase family protein	2.129E-11	1.000	330	15	271	271	1	253	316	288	0.948	0.801
LOKIASV2_0474_ESMFold_hypothetical_protein	AF-A0A176RTY9-F1-model_v4	AF-A0A176RTY9-F1-model_v4 Peptidase C14 caspase catalytic subunit p20	4.495E-12	1.000	330	2	270	271	1	291	365	301	0.993	0.797
LOKIASV2_0474_ESMFold_hypothetical_protein	AF-A0A522W126-F1-model_v4	AF-A0A522W126-F1-model_v4 Caspase family protein	6.528E-12	1.000	330	1	271	271	1	271	479	295	1.000	0.566
LOKIASV2_0474_ESMFold_hypothetical_protein	AF-A0A1Y2K2A1-F1-model_v4	AF-A0A1Y2K2A1-F1-model_v4 Putative peptidase C14 caspase catalytic subunit p20	5.765E-12	1.000	330	1	271	271	26	321	571	317	1.000	0.518
LOKIASV2_0474_ESMFold_hypothetical_protein	AF-B5JHJ4-F1-model_v4	AF-B5JHJ4-F1-model_v4 Caspase domain protein	2.265E-11	1.000	330	2	271	271	7	321	600	326	0.996	0.525
LOKIASV2_0474_ESMFold_hypothetical_protein	AF-A0A7V2YZL7-F1-model_v4	AF-A0A7V2YZL7-F1-model_v4 CASPASE_P20 domain-containing protein	6.528E-12	1.000	330	1	270	271	85	378	800	308	0.996	0.368
LOKIASV2_0474_ESMFold_hypothetical_protein	AF-A0A4R6WSB0-F1-model_v4	AF-A0A4R6WSB0-F1-model_v4 Formylglycine-generating enzyme required for sulfatase activity	1.377E-11	1.000	329	50	270	271	4	247	560	252	0.815	0.436
LOKIASV2_0474_ESMFold_hypothetical_protein	AF-A0A1W9WQL0-F1-model_v4	AF-A0A1W9WQL0-F1-model_v4 CASPASE_P20 domain-containing protein	6.947E-12	1.000	329	1	270	271	18	292	964	300	0.996	0.285
LOKIASV2_0474_ESMFold_hypothetical_protein	AF-A0A0S8A511-F1-model_v4	AF-A0A0S8A511-F1-model_v4 Uncharacterized protein	6.947E-12	1.000	328	5	267	271	1	284	347	304	0.970	0.818
LOKIASV2_0474_ESMFold_hypothetical_protein	AF-A0A2D2CZN8-F1-model_v4	AF-A0A2D2CZN8-F1-model_v4 CASPASE_P20 domain-containing protein	8.373E-12	1.000	328	5	262	271	1	245	496	283	0.952	0.494
LOKIASV2_0474_ESMFold_hypothetical_protein	AF-A0A7Y4GSL7-F1-model_v4	AF-A0A7Y4GSL7-F1-model_v4 Caspase family protein	4.778E-11	1.000	328	1	270	271	4	268	541	295	0.996	0.490
LOKIASV2_0474_ESMFold_hypothetical_protein	AF-A0A7X2IIY3-F1-model_v4	AF-A0A7X2IIY3-F1-model_v4 CASPASE_P20 domain-containing protein	4.783E-12	1.000	328	21	270	271	83	355	908	284	0.923	0.301
LOKIASV2_0474_ESMFold_hypothetical_protein	AF-A0A401J0P7-F1-model_v4	AF-A0A401J0P7-F1-model_v4 Carboxyl-terminal processing protease	2.411E-11	1.000	327	1	270	271	162	432	436	305	0.996	0.622
LOKIASV2_0474_ESMFold_hypothetical_protein	AF-A0A821F4Z7-F1-model_v4	AF-A0A821F4Z7-F1-model_v4 Hypothetical protein	1.294E-11	1.000	326	1	271	271	5	304	308	314	1.000	0.974
LOKIASV2_0474_ESMFold_hypothetical_protein	AF-A0A0M1JFN6-F1-model_v4	AF-A0A0M1JFN6-F1-model_v4 CASPASE_P20 domain-containing protein	5.417E-12	1.000	326	2	270	271	5	304	317	307	0.993	0.946
LOKIASV2_0474_ESMFold_hypothetical_protein	AF-A0A661C472-F1-model_v4	AF-A0A661C472-F1-model_v4 Uncharacterized protein	3.091E-11	1.000	326	1	270	271	14	296	350	309	0.996	0.809
LOKIASV2_0474_ESMFold_hypothetical_protein	AF-A0A1W1CMZ6-F1-model_v4	AF-A0A1W1CMZ6-F1-model_v4 Polysaccharide deacetylase, caspase activity	2.413E-12	1.000	326	6	267	271	1	283	391	304	0.967	0.724
LOKIASV2_0474_ESMFold_hypothetical_protein	AF-A0A7X8XUU1-F1-model_v4	AF-A0A7X8XUU1-F1-model_v4 Uncharacterized protein	1.294E-11	1.000	326	65	269	271	321	545	553	237	0.756	0.407
LOKIASV2_0474_ESMFold_hypothetical_protein	AF-A0A317HY72-F1-model_v4	AF-A0A317HY72-F1-model_v4 CASPASE_P20 domain-containing protein	1.466E-11	1.000	326	50	270	271	495	734	744	251	0.815	0.323
LOKIASV2_0474_ESMFold_hypothetical_protein	AF-A0A7X0JWB4-F1-model_v4	AF-A0A7X0JWB4-F1-model_v4 Carboxyl-terminal processing protease	5.085E-11	1.000	325	62	270	271	20	240	392	235	0.771	0.564
LOKIASV2_0474_ESMFold_hypothetical_protein	AF-A0A1A8Y173-F1-model_v4	AF-A0A1A8Y173-F1-model_v4 CASPASE_P20 domain-containing protein	1.074E-11	1.000	325	7	270	271	16	287	412	289	0.974	0.660
LOKIASV2_0474_ESMFold_hypothetical_protein	AF-A0A7C7JL70-F1-model_v4	AF-A0A7C7JL70-F1-model_v4 PEGA domain-containing protein	1.766E-11	1.000	325	1	271	271	1	295	459	329	1.000	0.643
LOKIASV2_0474_ESMFold_hypothetical_protein	AF-A0A4P7CZK5-F1-model_v4	AF-A0A4P7CZK5-F1-model_v4 Caspase family protein	2.000E-11	1.000	325	2	270	271	32	303	523	299	0.993	0.520
LOKIASV2_0474_ESMFold_hypothetical_protein	AF-A0A7X7UBG9-F1-model_v4	AF-A0A7X7UBG9-F1-model_v4 SUMF1/EgtB/PvdO family nonheme iron enzyme	8.373E-12	1.000	325	65	261	271	40	277	627	247	0.727	0.380
LOKIASV2_0474_ESMFold_hypothetical_protein	AF-A0A7M5V1B8-F1-model_v4	AF-A0A7M5V1B8-F1-model_v4 Uncharacterized protein	5.417E-12	1.000	325	2	270	271	299	592	758	306	0.993	0.388
LOKIASV2_0474_ESMFold_hypothetical_protein	AF-A0A7V3IVD7-F1-model_v4	AF-A0A7V3IVD7-F1-model_v4 Caspase family protein	1.660E-11	1.000	324	12	270	271	27	285	347	285	0.956	0.746
LOKIASV2_0474_ESMFold_hypothetical_protein	AF-A0A158DPM5-F1-model_v4	AF-A0A158DPM5-F1-model_v4 Serine/threonine kinase	4.495E-12	1.000	324	2	269	271	55	316	704	298	0.989	0.372
LOKIASV2_0474_ESMFold_hypothetical_protein	AF-A0A533Y7V9-F1-model_v4	AF-A0A533Y7V9-F1-model_v4 Tetratricopeptide repeat protein	3.091E-11	1.000	323	2	271	271	8	280	427	309	0.996	0.639
LOKIASV2_0474_ESMFold_hypothetical_protein	AF-A0A2D9VH40-F1-model_v4	AF-A0A2D9VH40-F1-model_v4 CASPASE_P20 domain-containing protein	3.730E-12	1.000	323	1	270	271	5	287	664	296	0.996	0.426
LOKIASV2_0474_ESMFold_hypothetical_protein	AF-A0A562SX03-F1-model_v4	AF-A0A562SX03-F1-model_v4 MORN repeat protein	1.143E-11	1.000	323	2	270	271	388	679	682	301	0.993	0.428
LOKIASV2_0474_ESMFold_hypothetical_protein	AF-A0A7T9CI12-F1-model_v4	AF-A0A7T9CI12-F1-model_v4 Caspase family protein	6.135E-12	1.000	323	50	269	271	679	962	969	295	0.812	0.293
LOKIASV2_0474_ESMFold_hypothetical_protein	AF-A0A542LRC1-F1-model_v4	AF-A0A542LRC1-F1-model_v4 N-acetylmuramoyl-L-alanine amidase	1.560E-11	1.000	323	64	262	271	649	900	987	259	0.734	0.255
LOKIASV2_0474_ESMFold_hypothetical_protein	AF-A0A1W9IM19-F1-model_v4	AF-A0A1W9IM19-F1-model_v4 CASPASE_P20 domain-containing protein	2.565E-11	1.000	322	1	270	271	4	295	643	300	0.996	0.454
LOKIASV2_0474_ESMFold_hypothetical_protein	AF-A0A661CAX7-F1-model_v4	AF-A0A661CAX7-F1-model_v4 CASPASE_P20 domain-containing protein	1.143E-11	1.000	322	5	270	271	2	280	856	296	0.982	0.326
LOKIASV2_0474_ESMFold_hypothetical_protein	AF-A0A353XXI5-F1-model_v4	AF-A0A353XXI5-F1-model_v4 CASPASE_P20 domain-containing protein	2.730E-11	1.000	321	50	270	271	4	249	587	259	0.815	0.419
LOKIASV2_0474_ESMFold_hypothetical_protein	AF-A0A0E2Z6X9-F1-model_v4	AF-A0A0E2Z6X9-F1-model_v4 Peptidase C14	5.417E-12	1.000	321	33	261	271	610	895	907	293	0.845	0.315
LOKIASV2_0474_ESMFold_hypothetical_protein	AF-A0A3A4JJU3-F1-model_v4	AF-A0A3A4JJU3-F1-model_v4 Caspase family protein	2.268E-12	1.000	320	2	262	271	3	278	279	305	0.963	0.989
LOKIASV2_0474_ESMFold_hypothetical_protein	AF-A0A661PKL8-F1-model_v4	AF-A0A661PKL8-F1-model_v4 CASPASE_P20 domain-containing protein	1.466E-11	1.000	320	1	270	271	1	286	458	297	0.996	0.624
LOKIASV2_0474_ESMFold_hypothetical_protein	AF-A0A4Z0NHL5-F1-model_v4	AF-A0A4Z0NHL5-F1-model_v4 Caspase family protein	9.472E-11	1.000	320	50	270	271	5	255	515	265	0.815	0.487
LOKIASV2_0474_ESMFold_hypothetical_protein	AF-A0A3B9GTN0-F1-model_v4	AF-A0A3B9GTN0-F1-model_v4 CASPASE_P20 domain-containing protein	1.377E-11	1.000	320	14	270	271	4	251	577	284	0.948	0.430
LOKIASV2_0474_ESMFold_hypothetical_protein	AF-A0A7V8WZ48-F1-model_v4	AF-A0A7V8WZ48-F1-model_v4 Caspase family protein	1.216E-11	1.000	319	1	221	271	1	219	222	237	0.815	0.986
LOKIASV2_0474_ESMFold_hypothetical_protein	AF-A0A5J4DZW8-F1-model_v4	AF-A0A5J4DZW8-F1-model_v4 CASPASE_P20 domain-containing protein	1.141E-10	1.000	319	50	270	271	8	252	463	252	0.815	0.529
LOKIASV2_0474_ESMFold_hypothetical_protein	AF-A0A847VFT8-F1-model_v4	AF-A0A847VFT8-F1-model_v4 Uncharacterized protein	2.129E-11	1.000	319	8	270	271	1	291	632	309	0.970	0.460
LOKIASV2_0474_ESMFold_hypothetical_protein	AF-A0A2N1KQ81-F1-model_v4	AF-A0A2N1KQ81-F1-model_v4 Uncharacterized protein	3.505E-12	1.000	319	50	269	271	11	295	646	288	0.812	0.441
LOKIASV2_0474_ESMFold_hypothetical_protein	AF-A0A5A9GPJ8-F1-model_v4	AF-A0A5A9GPJ8-F1-model_v4 SUMF1/EgtB/PvdO family nonheme iron enzyme	9.482E-12	1.000	319	2	270	271	40	332	978	305	0.993	0.300
LOKIASV2_0474_ESMFold_hypothetical_protein	AF-A0A525CKK3-F1-model_v4	AF-A0A525CKK3-F1-model_v4 Uncharacterized protein	1.466E-11	1.000	318	4	270	271	1	263	280	305	0.985	0.939
LOKIASV2_0474_ESMFold_hypothetical_protein	AF-A0A433BTQ4-F1-model_v4	AF-A0A433BTQ4-F1-model_v4 CASPASE_P20 domain-containing protein	1.660E-11	1.000	318	1	271	271	15	289	572	298	1.000	0.481
LOKIASV2_0474_ESMFold_hypothetical_protein	AF-A0A1H8WW27-F1-model_v4	AF-A0A1H8WW27-F1-model_v4 Caspase domain-containing protein	1.074E-11	1.000	318	35	271	271	543	854	888	319	0.875	0.351
LOKIASV2_0474_ESMFold_hypothetical_protein	AF-A0A523KZV2-F1-model_v4	AF-A0A523KZV2-F1-model_v4 PEGA domain-containing protein	1.660E-11	1.000	317	1	267	271	30	319	455	314	0.985	0.637
LOKIASV2_0474_ESMFold_hypothetical_protein	AF-A0A2E9FFB9-F1-model_v4	AF-A0A2E9FFB9-F1-model_v4 CASPASE_P20 domain-containing protein	1.293E-10	1.000	317	65	267	271	78	313	531	243	0.749	0.444
LOKIASV2_0474_ESMFold_hypothetical_protein	AF-A0A7C9TL35-F1-model_v4	AF-A0A7C9TL35-F1-model_v4 Caspase family protein	1.464E-10	1.000	317	48	271	271	13	249	557	254	0.827	0.425
LOKIASV2_0474_ESMFold_hypothetical_protein	AF-S4RBX5-F1-model_v4	AF-S4RBX5-F1-model_v4 MALT paracaspase 2	2.265E-11	1.000	317	2	270	271	263	557	632	303	0.993	0.467
LOKIASV2_0474_ESMFold_hypothetical_protein	AF-A0A1H0AK68-F1-model_v4	AF-A0A1H0AK68-F1-model_v4 Caspase domain-containing protein	3.965E-11	1.000	316	4	270	271	1	284	507	295	0.985	0.560
LOKIASV2_0474_ESMFold_hypothetical_protein	AF-A0A7M5WYD0-F1-model_v4	AF-A0A7M5WYD0-F1-model_v4 Uncharacterized protein	5.411E-11	1.000	316	2	270	271	345	611	782	288	0.993	0.341
LOKIASV2_0474_ESMFold_hypothetical_protein	AF-A0A367ZK19-F1-model_v4	AF-A0A367ZK19-F1-model_v4 CASPASE_P20 domain-containing protein	5.085E-11	1.000	316	2	271	271	44	328	852	294	0.996	0.335
LOKIASV2_0474_ESMFold_hypothetical_protein	AF-A0A1W9KPE1-F1-model_v4	AF-A0A1W9KPE1-F1-model_v4 CASPASE_P20 domain-containing protein	9.472E-11	1.000	315	1	271	271	1	273	448	305	1.000	0.609
LOKIASV2_0474_ESMFold_hypothetical_protein	AF-A0A2H3CMX6-F1-model_v4	AF-A0A2H3CMX6-F1-model_v4 Uncharacterized protein	3.293E-12	1.000	314	2	268	271	23	352	358	344	0.985	0.922
LOKIASV2_0474_ESMFold_hypothetical_protein	AF-A0A2D6D1M2-F1-model_v4	AF-A0A2D6D1M2-F1-model_v4 Uncharacterized protein	1.294E-11	1.000	314	16	261	271	111	385	433	290	0.908	0.635
LOKIASV2_0474_ESMFold_hypothetical_protein	AF-A0A817VS58-F1-model_v4	AF-A0A817VS58-F1-model_v4 Hypothetical protein	3.965E-11	1.000	314	1	270	271	269	559	561	302	0.996	0.519
LOKIASV2_0474_ESMFold_hypothetical_protein	AF-A0A1W9WHG5-F1-model_v4	AF-A0A1W9WHG5-F1-model_v4 CASPASE_P20 domain-containing protein	1.660E-11	1.000	314	1	270	271	7	298	632	307	0.996	0.462
LOKIASV2_0474_ESMFold_hypothetical_protein	AF-A0A4Q5P160-F1-model_v4	AF-A0A4Q5P160-F1-model_v4 Tetratricopeptide repeat protein	1.143E-11	1.000	314	2	271	271	362	642	645	305	0.996	0.436
LOKIASV2_0474_ESMFold_hypothetical_protein	AF-A0A7D5SL44-F1-model_v4	AF-A0A7D5SL44-F1-model_v4 Caspase family protein	1.660E-11	1.000	313	1	269	271	1	299	583	312	0.993	0.513
LOKIASV2_0474_ESMFold_hypothetical_protein	AF-A0A7C1V398-F1-model_v4	AF-A0A7C1V398-F1-model_v4 Caspase family protein	3.965E-11	1.000	312	49	271	271	7	251	624	258	0.823	0.393
LOKIASV2_0474_ESMFold_hypothetical_protein	AF-Q4RUH2-F1-model_v4	AF-Q4RUH2-F1-model_v4 Chromosome 1 SCAF14995, whole genome shotgun sequence	1.766E-11	1.000	312	2	270	271	227	506	695	314	0.993	0.403
LOKIASV2_0474_ESMFold_hypothetical_protein	AF-A0A5C7L573-F1-model_v4	AF-A0A5C7L573-F1-model_v4 Caspase family protein	2.730E-11	1.000	312	1	270	271	175	444	706	295	0.996	0.382
LOKIASV2_0474_ESMFold_hypothetical_protein	AF-A0A7C5C1F3-F1-model_v4	AF-A0A7C5C1F3-F1-model_v4 Uncharacterized protein	2.730E-11	1.000	312	1	261	271	1	280	742	308	0.963	0.377
LOKIASV2_0474_ESMFold_hypothetical_protein	AF-A0A6A7LAX3-F1-model_v4	AF-A0A6A7LAX3-F1-model_v4 Peptidase C14	2.265E-11	1.000	312	4	271	271	627	941	977	339	0.989	0.322
LOKIASV2_0474_ESMFold_hypothetical_protein	AF-A0A1F9Q3L0-F1-model_v4	AF-A0A1F9Q3L0-F1-model_v4 Uncharacterized protein	7.859E-11	1.000	311	3	270	271	1	262	383	294	0.989	0.684
LOKIASV2_0474_ESMFold_hypothetical_protein	AF-A0A7V1IJU7-F1-model_v4	AF-A0A7V1IJU7-F1-model_v4 CASPASE_P20 domain-containing protein	1.143E-11	1.000	311	46	269	271	191	446	459	269	0.827	0.558
LOKIASV2_0474_ESMFold_hypothetical_protein	AF-A0A2N2FII5-F1-model_v4	AF-A0A2N2FII5-F1-model_v4 CASPASE_P20 domain-containing protein	4.219E-11	1.000	311	2	270	271	200	476	481	300	0.993	0.576
LOKIASV2_0474_ESMFold_hypothetical_protein	AF-A0A7T7XRM1-F1-model_v4	AF-A0A7T7XRM1-F1-model_v4 SUMF1/EgtB/PvdO family nonheme iron enzyme	4.495E-12	1.000	311	1	270	271	2	269	584	302	0.996	0.459
LOKIASV2_0474_ESMFold_hypothetical_protein	AF-A0A1E8FFM4-F1-model_v4	AF-A0A1E8FFM4-F1-model_v4 FGE-sulfatase domain-containing protein	1.073E-10	1.000	311	65	267	271	44	278	723	245	0.749	0.325
LOKIASV2_0474_ESMFold_hypothetical_protein	AF-A0A450ZLU2-F1-model_v4	AF-A0A450ZLU2-F1-model_v4 ABC-type branched-chain amino acid transport system, substrate-binding protein	4.219E-11	1.000	311	2	271	271	24	290	734	296	0.996	0.364
LOKIASV2_0474_ESMFold_hypothetical_protein	AF-A0A4Q7ME91-F1-model_v4	AF-A0A4Q7ME91-F1-model_v4 Caspase domain-containing protein	2.905E-11	1.000	311	47	269	271	393	695	742	308	0.823	0.408
LOKIASV2_0474_ESMFold_hypothetical_protein	AF-K9QB18-F1-model_v4	AF-K9QB18-F1-model_v4 Peptidase C14 caspase catalytic subunit p20	7.393E-12	1.000	311	1	270	271	4	287	783	310	0.996	0.363
LOKIASV2_0474_ESMFold_hypothetical_protein	AF-A0A1W9LAV6-F1-model_v4	AF-A0A1W9LAV6-F1-model_v4 CASPASE_P20 domain-containing protein	7.385E-11	1.000	310	2	270	271	15	283	362	293	0.993	0.743
LOKIASV2_0474_ESMFold_hypothetical_protein	AF-A0A440W8A7-F1-model_v4	AF-A0A440W8A7-F1-model_v4 Peptidase C14 caspase catalytic subunit p20	1.215E-10	1.000	310	50	270	271	9	252	403	253	0.815	0.605
LOKIASV2_0474_ESMFold_hypothetical_protein	AF-A0A5J4DXE4-F1-model_v4	AF-A0A5J4DXE4-F1-model_v4 CASPASE_P20 domain-containing protein	6.932E-10	1.000	310	60	270	271	19	246	448	237	0.779	0.509
LOKIASV2_0474_ESMFold_hypothetical_protein	AF-A0A7T9FI89-F1-model_v4	AF-A0A7T9FI89-F1-model_v4 SUMF1/EgtB/PvdO family nonheme iron enzyme	2.905E-11	1.000	310	2	264	271	1	268	624	290	0.970	0.429
LOKIASV2_0474_ESMFold_hypothetical_protein	AF-A0A0F8BES7-F1-model_v4	AF-A0A0F8BES7-F1-model_v4 Mucosa-associated lymphoid tissue lymphoma translocation protein 1	5.411E-11	1.000	310	3	270	271	137	403	673	296	0.989	0.397
LOKIASV2_0474_ESMFold_hypothetical_protein	AF-A0A3N5I630-F1-model_v4	AF-A0A3N5I630-F1-model_v4 Caspase family protein	1.216E-11	1.000	310	34	259	271	519	805	873	293	0.834	0.329
LOKIASV2_0474_ESMFold_hypothetical_protein	AF-A0A7X4B3Q3-F1-model_v4	AF-A0A7X4B3Q3-F1-model_v4 CASPASE_P20 domain-containing protein	4.778E-11	1.000	310	65	260	271	639	874	876	247	0.723	0.269
LOKIASV2_0474_ESMFold_hypothetical_protein	AF-A0A238KYJ0-F1-model_v4	AF-A0A238KYJ0-F1-model_v4 Caspase domain protein	2.408E-10	1.000	309	55	264	271	21	248	347	239	0.775	0.657
LOKIASV2_0474_ESMFold_hypothetical_protein	AF-A0A1W9WI15-F1-model_v4	AF-A0A1W9WI15-F1-model_v4 Uncharacterized protein	7.859E-11	1.000	309	1	268	271	1	293	706	309	0.989	0.415
LOKIASV2_0474_ESMFold_hypothetical_protein	AF-A0A4D7AVK3-F1-model_v4	AF-A0A4D7AVK3-F1-model_v4 CASPASE_P20 domain-containing protein	2.902E-10	1.000	309	65	270	271	29	254	1118	238	0.760	0.202
LOKIASV2_0474_ESMFold_hypothetical_protein	AF-A0A7C5NDJ4-F1-model_v4	AF-A0A7C5NDJ4-F1-model_v4 Caspase family protein	1.294E-11	1.000	308	56	260	271	15	271	321	263	0.756	0.801
LOKIASV2_0474_ESMFold_hypothetical_protein	AF-A0A315A878-F1-model_v4	AF-A0A315A878-F1-model_v4 CASPASE_P20 domain-containing protein	1.558E-10	1.000	308	1	271	271	21	284	464	300	1.000	0.569
LOKIASV2_0474_ESMFold_hypothetical_protein	AF-A0A1W1C0B0-F1-model_v4	AF-A0A1W1C0B0-F1-model_v4 Metacaspase	5.417E-12	1.000	308	1	270	271	1	300	488	325	0.996	0.615
LOKIASV2_0474_ESMFold_hypothetical_protein	AF-A0A317HQT4-F1-model_v4	AF-A0A317HQT4-F1-model_v4 CASPASE_P20 domain-containing protein	1.466E-11	1.000	308	2	270	271	425	704	707	303	0.993	0.396
LOKIASV2_0474_ESMFold_hypothetical_protein	AF-A0A226MY76-F1-model_v4	AF-A0A226MY76-F1-model_v4 Uncharacterized protein	3.965E-11	1.000	308	1	270	271	295	577	780	300	0.996	0.363
LOKIASV2_0474_ESMFold_hypothetical_protein	AF-A0A7J9VUN3-F1-model_v4	AF-A0A7J9VUN3-F1-model_v4 Uncharacterized protein	4.783E-12	1.000	307	15	261	271	1	271	279	299	0.911	0.971
LOKIASV2_0474_ESMFold_hypothetical_protein	AF-A0A4R8HHF2-F1-model_v4	AF-A0A4R8HHF2-F1-model_v4 Caspase domain-containing protein	1.141E-10	1.000	307	50	271	271	20	262	791	255	0.819	0.307
LOKIASV2_0474_ESMFold_hypothetical_protein	AF-A0A4Q2UHT0-F1-model_v4	AF-A0A4Q2UHT0-F1-model_v4 Caspase family protein	3.965E-11	1.000	306	3	264	271	1	294	306	320	0.967	0.961
LOKIASV2_0474_ESMFold_hypothetical_protein	AF-A0A538PNR7-F1-model_v4	AF-A0A538PNR7-F1-model_v4 Caspase family protein	1.560E-11	1.000	306	1	270	271	17	332	358	330	0.996	0.883
LOKIASV2_0474_ESMFold_hypothetical_protein	AF-A0A5B8AZF7-F1-model_v4	AF-A0A5B8AZF7-F1-model_v4 NAGPA domain-containing protein	6.940E-11	1.000	306	14	269	271	2	278	765	301	0.945	0.362
LOKIASV2_0474_ESMFold_hypothetical_protein	AF-A0A6N6T563-F1-model_v4	AF-A0A6N6T563-F1-model_v4 Caspase family protein	1.464E-10	1.000	305	1	271	271	1	258	263	295	1.000	0.981
LOKIASV2_0474_ESMFold_hypothetical_protein	AF-A0A2J6HHT5-F1-model_v4	AF-A0A2J6HHT5-F1-model_v4 Uncharacterized protein	2.263E-10	1.000	305	48	259	271	30	271	289	253	0.782	0.837
LOKIASV2_0474_ESMFold_hypothetical_protein	AF-A0A7S2QK33-F1-model_v4	AF-A0A7S2QK33-F1-model_v4 Hypothetical protein	3.726E-11	1.000	305	2	266	271	15	311	345	304	0.978	0.861
LOKIASV2_0474_ESMFold_hypothetical_protein	AF-A4YY09-F1-model_v4	AF-A4YY09-F1-model_v4 CASPASE_P20 domain-containing protein	1.376E-10	1.000	305	4	270	271	15	293	569	293	0.985	0.490
LOKIASV2_0474_ESMFold_hypothetical_protein	AF-A0A2V8TAP6-F1-model_v4	AF-A0A2V8TAP6-F1-model_v4 PEGA domain-containing protein	4.490E-11	1.000	305	1	259	271	1	324	749	335	0.956	0.433
LOKIASV2_0474_ESMFold_hypothetical_protein	AF-A0A450TPN3-F1-model_v4	AF-A0A450TPN3-F1-model_v4 Caspase domain-containing protein	1.464E-10	1.000	304	64	271	271	62	304	533	252	0.768	0.456
LOKIASV2_0474_ESMFold_hypothetical_protein	AF-A0A2T6E0Z6-F1-model_v4	AF-A0A2T6E0Z6-F1-model_v4 Uncharacterized protein	1.560E-11	1.000	304	16	269	271	581	892	928	329	0.937	0.336
LOKIASV2_0474_ESMFold_hypothetical_protein	AF-A0A4Y3WEI1-F1-model_v4	AF-A0A4Y3WEI1-F1-model_v4 CASPASE_P20 domain-containing protein	5.411E-11	1.000	302	2	271	271	5	296	296	309	0.996	0.986
LOKIASV2_0474_ESMFold_hypothetical_protein	AF-A0A1X7V847-F1-model_v4	AF-A0A1X7V847-F1-model_v4 Uncharacterized protein	1.074E-11	1.000	302	2	270	271	376	703	907	336	0.993	0.362
LOKIASV2_0474_ESMFold_hypothetical_protein	AF-A0A496VGG9-F1-model_v4	AF-A0A496VGG9-F1-model_v4 Caspase family protein	5.085E-11	1.000	300	10	260	271	1	260	276	284	0.926	0.942
LOKIASV2_0474_ESMFold_hypothetical_protein	AF-A0A836TGD9-F1-model_v4	AF-A0A836TGD9-F1-model_v4 Caspase family protein	4.215E-10	1.000	300	65	269	271	43	275	344	241	0.756	0.677
LOKIASV2_0474_ESMFold_hypothetical_protein	AF-A0A1H8KYN6-F1-model_v4	AF-A0A1H8KYN6-F1-model_v4 PsiF repeat-containing protein	1.073E-10	1.000	300	2	271	271	77	358	360	311	0.996	0.783
LOKIASV2_0474_ESMFold_hypothetical_protein	AF-A0A5C6V5A8-F1-model_v4	AF-A0A5C6V5A8-F1-model_v4 Caspase family protein	8.364E-11	1.000	300	56	271	271	122	440	440	321	0.797	0.725
LOKIASV2_0474_ESMFold_hypothetical_protein	AF-A0A3A4JTF3-F1-model_v4	AF-A0A3A4JTF3-F1-model_v4 CASPASE_P20 domain-containing protein	1.466E-11	1.000	300	1	271	271	1	291	518	328	1.000	0.562
LOKIASV2_0474_ESMFold_hypothetical_protein	AF-A0A368TPK8-F1-model_v4	AF-A0A368TPK8-F1-model_v4 Peptidase C14	4.778E-11	1.000	300	47	269	271	642	923	956	292	0.823	0.295
LOKIASV2_0474_ESMFold_hypothetical_protein	AF-A0A098QSX0-F1-model_v4	AF-A0A098QSX0-F1-model_v4 CASPASE_P20 domain-containing protein	1.141E-10	1.000	299	50	271	271	1	293	296	302	0.819	0.990
LOKIASV2_0474_ESMFold_hypothetical_protein	AF-A0A5E8CMH5-F1-model_v4	AF-A0A5E8CMH5-F1-model_v4 Caspase domain	1.008E-10	1.000	299	48	270	271	115	409	411	299	0.823	0.718
LOKIASV2_0474_ESMFold_hypothetical_protein	AF-A0A7Y4KDP8-F1-model_v4	AF-A0A7Y4KDP8-F1-model_v4 Peptidase C14	1.877E-10	1.000	299	11	270	271	1	277	480	291	0.959	0.577
LOKIASV2_0474_ESMFold_hypothetical_protein	AF-A0A2N3IFD4-F1-model_v4	AF-A0A2N3IFD4-F1-model_v4 Caspase domain	1.141E-10	1.000	299	58	271	271	376	624	626	262	0.790	0.398
LOKIASV2_0474_ESMFold_hypothetical_protein	AF-A0A813WU82-F1-model_v4	AF-A0A813WU82-F1-model_v4 Hypothetical protein	3.091E-11	1.000	298	2	270	271	108	411	414	322	0.993	0.734
LOKIASV2_0474_ESMFold_hypothetical_protein	AF-A0A1J5RW61-F1-model_v4	AF-A0A1J5RW61-F1-model_v4 Caspase domain protein	4.778E-11	1.000	298	29	269	271	623	920	923	308	0.889	0.323
LOKIASV2_0474_ESMFold_hypothetical_protein	AF-A0A267TK58-F1-model_v4	AF-A0A267TK58-F1-model_v4 CASPASE_P20 domain-containing protein	3.088E-10	1.000	297	2	269	271	46	317	318	309	0.989	0.855
LOKIASV2_0474_ESMFold_hypothetical_protein	AF-A0A3M1R3K7-F1-model_v4	AF-A0A3M1R3K7-F1-model_v4 Caspase family protein	1.073E-10	1.000	297	1	270	271	16	360	366	352	0.996	0.943
LOKIASV2_0474_ESMFold_hypothetical_protein	AF-A0A834IY92-F1-model_v4	AF-A0A834IY92-F1-model_v4 Uncharacterized protein	2.565E-11	1.000	297	1	261	271	122	394	405	292	0.963	0.674
LOKIASV2_0474_ESMFold_hypothetical_protein	AF-A0A818V4P5-F1-model_v4	AF-A0A818V4P5-F1-model_v4 Hypothetical protein	3.091E-11	1.000	297	2	271	271	267	572	576	319	0.996	0.531
LOKIASV2_0474_ESMFold_hypothetical_protein	AF-A0A5J4DX88-F1-model_v4	AF-A0A5J4DX88-F1-model_v4 CASPASE_P20 domain-containing protein	2.724E-09	1.000	297	63	270	271	23	247	580	234	0.768	0.388
LOKIASV2_0474_ESMFold_hypothetical_protein	AF-A0A1F3ISC7-F1-model_v4	AF-A0A1F3ISC7-F1-model_v4 Uncharacterized protein	4.215E-10	1.000	297	65	261	271	530	754	769	235	0.727	0.293
LOKIASV2_0474_ESMFold_hypothetical_protein	AF-A0A2D7XWF8-F1-model_v4	AF-A0A2D7XWF8-F1-model_v4 Uncharacterized protein	7.377E-10	1.000	296	50	270	271	2	246	422	255	0.815	0.581
LOKIASV2_0474_ESMFold_hypothetical_protein	AF-A0A0M1JH42-F1-model_v4	AF-A0A0M1JH42-F1-model_v4 CASPASE_P20 domain-containing protein	4.219E-11	1.000	295	1	226	271	6	260	260	268	0.834	0.981
LOKIASV2_0474_ESMFold_hypothetical_protein	AF-A0A850A5Q5-F1-model_v4	AF-A0A850A5Q5-F1-model_v4 Caspase family protein	2.730E-11	1.000	295	2	267	271	354	641	652	305	0.982	0.442
LOKIASV2_0474_ESMFold_hypothetical_protein	AF-A0A1I2GA98-F1-model_v4	AF-A0A1I2GA98-F1-model_v4 Tetratricopeptide repeat-containing protein	2.126E-10	1.000	295	56	271	271	421	666	668	255	0.797	0.368
LOKIASV2_0474_ESMFold_hypothetical_protein	AF-A0A3D9U8B7-F1-model_v4	AF-A0A3D9U8B7-F1-model_v4 Caspase domain-containing protein	3.088E-10	1.000	295	46	269	271	390	690	735	308	0.827	0.410
LOKIASV2_0474_ESMFold_hypothetical_protein	AF-A0A6A5F8Y0-F1-model_v4	AF-A0A6A5F8Y0-F1-model_v4 Uncharacterized protein	2.408E-10	1.000	295	2	270	271	443	711	977	293	0.993	0.275
LOKIASV2_0474_ESMFold_hypothetical_protein	AF-A0A5J4DWS7-F1-model_v4	AF-A0A5J4DWS7-F1-model_v4 Serine/threonine-protein kinase pkn1	5.411E-11	1.000	295	2	270	271	259	547	1220	304	0.993	0.237
LOKIASV2_0474_ESMFold_hypothetical_protein	AF-A0A7Y4V979-F1-model_v4	AF-A0A7Y4V979-F1-model_v4 CASPASE_P20 domain-containing protein	6.121E-10	1.000	294	64	271	271	310	546	552	248	0.768	0.429
LOKIASV2_0474_ESMFold_hypothetical_protein	AF-A0A1Q3MSY6-F1-model_v4	AF-A0A1Q3MSY6-F1-model_v4 Uncharacterized protein	5.758E-11	1.000	294	50	271	271	8	277	560	276	0.819	0.482
LOKIASV2_0474_ESMFold_hypothetical_protein	AF-A0A7Y4X944-F1-model_v4	AF-A0A7Y4X944-F1-model_v4 SUMF1/EgtB/PvdO family nonheme iron enzyme	1.466E-11	1.000	294	1	267	271	1	276	633	310	0.985	0.436
LOKIASV2_0474_ESMFold_hypothetical_protein	AF-B3RSJ7-F1-model_v4	AF-B3RSJ7-F1-model_v4 CASPASE_P20 domain-containing protein	1.658E-10	1.000	293	2	270	271	22	305	477	303	0.993	0.595
LOKIASV2_0474_ESMFold_hypothetical_protein	AF-A0A3C0I8N1-F1-model_v4	AF-A0A3C0I8N1-F1-model_v4 Uncharacterized protein	2.727E-10	1.000	293	50	269	271	511	759	761	263	0.812	0.327
LOKIASV2_0474_ESMFold_hypothetical_protein	AF-A0A1C6N0Z7-F1-model_v4	AF-A0A1C6N0Z7-F1-model_v4 Uncharacterized protein containing caspase domain	1.293E-10	1.000	292	1	270	271	4	309	318	316	0.996	0.962
LOKIASV2_0474_ESMFold_hypothetical_protein	AF-A0A496V0G7-F1-model_v4	AF-A0A496V0G7-F1-model_v4 CASPASE_P20 domain-containing protein	1.877E-10	1.000	292	14	260	271	42	307	323	286	0.911	0.824
LOKIASV2_0474_ESMFold_hypothetical_protein	AF-A0A6L4YPY4-F1-model_v4	AF-A0A6L4YPY4-F1-model_v4 Peptidase C14 caspase catalytic subunit p20	1.875E-09	1.000	292	47	196	271	231	392	418	166	0.554	0.388
LOKIASV2_0474_ESMFold_hypothetical_protein	AF-A0A6I5WZ84-F1-model_v4	AF-A0A6I5WZ84-F1-model_v4 CASPASE_P20 domain-containing protein	8.354E-10	1.000	292	49	261	271	11	242	464	239	0.786	0.500
LOKIASV2_0474_ESMFold_hypothetical_protein	AF-A0A525I1Y0-F1-model_v4	AF-A0A525I1Y0-F1-model_v4 Uncharacterized protein	2.902E-10	1.000	292	1	270	271	5	271	562	299	0.996	0.475
LOKIASV2_0474_ESMFold_hypothetical_protein	AF-A0A7Y4Y1Y0-F1-model_v4	AF-A0A7Y4Y1Y0-F1-model_v4 N-acetylmuramoyl-L-alanine amidase domain-containing protein	1.764E-10	1.000	292	1	270	271	651	975	979	335	0.996	0.332
LOKIASV2_0474_ESMFold_hypothetical_protein	AF-A0A7K6ZBC5-F1-model_v4	AF-A0A7K6ZBC5-F1-model_v4 MALT1 protein	8.900E-11	1.000	291	5	264	271	32	296	460	285	0.959	0.576
LOKIASV2_0474_ESMFold_hypothetical_protein	AF-A0A176S2Z8-F1-model_v4	AF-A0A176S2Z8-F1-model_v4 Peptidase C14 caspase catalytic subunit p20	2.562E-10	1.000	290	1	270	271	1	287	313	309	0.996	0.917
LOKIASV2_0474_ESMFold_hypothetical_protein	AF-A0A7C2R5V7-F1-model_v4	AF-A0A7C2R5V7-F1-model_v4 CASPASE_P20 domain-containing protein	4.215E-10	1.000	289	2	270	271	52	328	362	302	0.993	0.765
LOKIASV2_0474_ESMFold_hypothetical_protein	AF-A0A3Q3K8B4-F1-model_v4	AF-A0A3Q3K8B4-F1-model_v4 Mucosa-associated lymphoid tissue lymphoma translocation protein 1-like	9.472E-11	1.000	289	22	270	271	190	457	723	281	0.919	0.371
LOKIASV2_0474_ESMFold_hypothetical_protein	AF-A0A3P1BHI0-F1-model_v4	AF-A0A3P1BHI0-F1-model_v4 CASPASE_P20 domain-containing protein	1.464E-10	1.000	288	16	262	271	115	374	381	278	0.911	0.682
LOKIASV2_0474_ESMFold_hypothetical_protein	AF-A0A2S5PFC7-F1-model_v4	AF-A0A2S5PFC7-F1-model_v4 FGE-sulfatase domain-containing protein	7.385E-11	1.000	288	50	261	271	13	244	559	245	0.782	0.415
LOKIASV2_0474_ESMFold_hypothetical_protein	AF-A0A6A7KT06-F1-model_v4	AF-A0A6A7KT06-F1-model_v4 SUMF1/EgtB/PvdO family nonheme iron enzyme	3.286E-10	1.000	288	1	270	271	26	301	748	307	0.996	0.369
LOKIASV2_0474_ESMFold_hypothetical_protein	AF-A0A382J1P2-F1-model_v4	AF-A0A382J1P2-F1-model_v4 Uncharacterized protein	5.405E-10	1.000	287	1	236	271	1	243	248	275	0.871	0.980
LOKIASV2_0474_ESMFold_hypothetical_protein	AF-A0A3C1K2U2-F1-model_v4	AF-A0A3C1K2U2-F1-model_v4 Uncharacterized protein	1.558E-10	1.000	287	32	261	271	69	323	338	273	0.849	0.754
LOKIASV2_0474_ESMFold_hypothetical_protein	AF-A0A315Z769-F1-model_v4	AF-A0A315Z769-F1-model_v4 WD40 repeat protein	2.263E-10	1.000	287	2	261	271	442	696	711	296	0.959	0.359
LOKIASV2_0474_ESMFold_hypothetical_protein	AF-A0A4Q4M5U6-F1-model_v4	AF-A0A4Q4M5U6-F1-model_v4 Uncharacterized protein	1.293E-10	1.000	287	2	271	271	372	714	758	349	0.996	0.453
LOKIASV2_0474_ESMFold_hypothetical_protein	AF-A0A2D6CZF3-F1-model_v4	AF-A0A2D6CZF3-F1-model_v4 Uncharacterized protein	1.141E-10	1.000	286	1	266	271	32	323	418	317	0.982	0.699
LOKIASV2_0474_ESMFold_hypothetical_protein	AF-A0A176RUM6-F1-model_v4	AF-A0A176RUM6-F1-model_v4 Secreted protein containing Sulphatase-modifying factor	2.727E-10	1.000	286	1	271	271	1	276	657	307	1.000	0.420
LOKIASV2_0474_ESMFold_hypothetical_protein	AF-A0A669BF60-F1-model_v4	AF-A0A669BF60-F1-model_v4 Uncharacterized protein	2.562E-10	1.000	285	49	270	271	17	249	263	248	0.819	0.886
LOKIASV2_0474_ESMFold_hypothetical_protein	AF-A0A7W9QUB4-F1-model_v4	AF-A0A7W9QUB4-F1-model_v4 CASPASE_P20 domain-containing protein	1.462E-09	1.000	285	50	270	271	8	249	459	251	0.815	0.527
LOKIASV2_0474_ESMFold_hypothetical_protein	AF-A0A532DGN9-F1-model_v4	AF-A0A532DGN9-F1-model_v4 Caspase family protein	1.996E-09	1.000	284	62	217	271	49	200	218	167	0.576	0.697
LOKIASV2_0474_ESMFold_hypothetical_protein	AF-A0A2E3WLJ8-F1-model_v4	AF-A0A2E3WLJ8-F1-model_v4 Uncharacterized protein	8.354E-10	1.000	284	2	271	271	25	300	300	295	0.996	0.920
LOKIASV2_0474_ESMFold_hypothetical_protein	AF-R6CD04-F1-model_v4	AF-R6CD04-F1-model_v4 Uncharacterized protein	1.762E-09	1.000	284	51	260	271	149	396	525	255	0.775	0.472
LOKIASV2_0474_ESMFold_hypothetical_protein	AF-A0A1R3VFJ9-F1-model_v4	AF-A0A1R3VFJ9-F1-model_v4 CASPASE_P20 domain-containing protein	1.556E-09	1.000	284	50	270	271	1	250	555	255	0.815	0.450
LOKIASV2_0474_ESMFold_hypothetical_protein	AF-A0A327KWP8-F1-model_v4	AF-A0A327KWP8-F1-model_v4 CASPASE_P20 domain-containing protein	5.079E-10	1.000	284	3	270	271	1	256	568	295	0.989	0.451
LOKIASV2_0474_ESMFold_hypothetical_protein	AF-A0A3B9GY05-F1-model_v4	AF-A0A3B9GY05-F1-model_v4 CASPASE_P20 domain-containing protein	5.752E-10	1.000	284	2	270	271	72	361	600	313	0.993	0.483
LOKIASV2_0474_ESMFold_hypothetical_protein	AF-A0A5C5ZX28-F1-model_v4	AF-A0A5C5ZX28-F1-model_v4 Caspase domain protein	3.088E-10	1.000	284	1	271	271	1	303	655	317	1.000	0.463
LOKIASV2_0474_ESMFold_hypothetical_protein	AF-A0A315Z933-F1-model_v4	AF-A0A315Z933-F1-model_v4 PEGA domain-containing protein	1.008E-10	1.000	283	2	269	271	141	440	454	314	0.989	0.661
LOKIASV2_0474_ESMFold_hypothetical_protein	AF-A0A2R6S6N1-F1-model_v4	AF-A0A2R6S6N1-F1-model_v4 Uncharacterized protein	1.998E-10	1.000	283	2	268	271	53	389	705	358	0.985	0.478
LOKIASV2_0474_ESMFold_hypothetical_protein	AF-A0A1Q3GVL1-F1-model_v4	AF-A0A1Q3GVL1-F1-model_v4 CASPASE_P20 domain-containing protein	3.722E-10	1.000	283	49	261	271	495	735	750	252	0.786	0.321
LOKIASV2_0474_ESMFold_hypothetical_protein	AF-A0A7V9TZA1-F1-model_v4	AF-A0A7V9TZA1-F1-model_v4 Tetratricopeptide repeat protein	4.215E-10	1.000	282	49	267	271	634	882	895	261	0.808	0.278
LOKIASV2_0474_ESMFold_hypothetical_protein	AF-A0A059DVE2-F1-model_v4	AF-A0A059DVE2-F1-model_v4 CASPASE_P20 domain-containing protein	6.115E-09	1.000	281	55	270	271	25	254	500	242	0.797	0.460
LOKIASV2_0474_ESMFold_hypothetical_protein	AF-A0A3A6N553-F1-model_v4	AF-A0A3A6N553-F1-model_v4 CASPASE_P20 domain-containing protein	1.374E-09	1.000	281	1	268	271	1	301	532	321	0.989	0.566
LOKIASV2_0474_ESMFold_hypothetical_protein	AF-A0A2D6D4K1-F1-model_v4	AF-A0A2D6D4K1-F1-model_v4 Uncharacterized protein	6.940E-11	1.000	280	2	261	271	9	300	407	306	0.959	0.717
LOKIASV2_0474_ESMFold_hypothetical_protein	AF-A0A0A6P742-F1-model_v4	AF-A0A0A6P742-F1-model_v4 Uncharacterized protein	3.497E-10	1.000	280	2	271	271	10	300	517	324	0.996	0.563
LOKIASV2_0474_ESMFold_hypothetical_protein	AF-A0A7X4FQZ2-F1-model_v4	AF-A0A7X4FQZ2-F1-model_v4 SUMF1/EgtB/PvdO family nonheme iron enzyme	5.752E-10	1.000	280	2	260	271	20	284	611	294	0.956	0.434
LOKIASV2_0474_ESMFold_hypothetical_protein	AF-A0A369SHL3-F1-model_v4	AF-A0A369SHL3-F1-model_v4 Mucosa-associated lymphoid tissue lymphoma translocation protein 1	6.121E-10	1.000	280	2	270	271	211	490	662	299	0.993	0.423
LOKIASV2_0474_ESMFold_hypothetical_protein	AF-A0A418KUR0-F1-model_v4	AF-A0A418KUR0-F1-model_v4 Uncharacterized protein	4.480E-09	1.000	278	1	270	271	8	301	343	306	0.996	0.857
LOKIASV2_0474_ESMFold_hypothetical_protein	AF-A0A4Q3G8X4-F1-model_v4	AF-A0A4Q3G8X4-F1-model_v4 Caspase family protein	4.773E-10	1.000	278	50	269	271	366	652	691	296	0.812	0.415
LOKIASV2_0474_ESMFold_hypothetical_protein	AF-A0A2W5RDP6-F1-model_v4	AF-A0A2W5RDP6-F1-model_v4 CASPASE_P20 domain-containing protein	1.996E-09	1.000	277	49	260	271	29	263	944	245	0.782	0.249
LOKIASV2_0474_ESMFold_hypothetical_protein	AF-A0A6J8ACM3-F1-model_v4	AF-A0A6J8ACM3-F1-model_v4 MALT1	2.126E-10	1.000	276	16	264	271	205	471	619	288	0.919	0.431
LOKIASV2_0474_ESMFold_hypothetical_protein	AF-A0A2V8CJH4-F1-model_v4	AF-A0A2V8CJH4-F1-model_v4 Uncharacterized protein	5.752E-10	1.000	274	2	270	271	43	319	617	313	0.993	0.449
LOKIASV2_0474_ESMFold_hypothetical_protein	AF-A0A1G1HBH2-F1-model_v4	AF-A0A1G1HBH2-F1-model_v4 Uncharacterized protein	2.902E-10	1.000	274	16	252	271	462	721	748	275	0.875	0.348
LOKIASV2_0474_ESMFold_hypothetical_protein	AF-A0A3S0H5W1-F1-model_v4	AF-A0A3S0H5W1-F1-model_v4 Caspase-like domain-containing protein	2.260E-09	1.000	273	2	270	271	1	255	314	296	0.993	0.812
LOKIASV2_0474_ESMFold_hypothetical_protein	AF-A0A2G6EC86-F1-model_v4	AF-A0A2G6EC86-F1-model_v4 CASPASE_P20 domain-containing protein	1.762E-09	1.000	273	66	267	271	43	284	674	253	0.745	0.359
LOKIASV2_0474_ESMFold_hypothetical_protein	AF-A0A662P9K6-F1-model_v4	AF-A0A662P9K6-F1-model_v4 Uncharacterized protein	1.996E-09	1.000	272	3	185	271	7	166	218	196	0.675	0.734
LOKIASV2_0474_ESMFold_hypothetical_protein	AF-A0A3M1ZDI0-F1-model_v4	AF-A0A3M1ZDI0-F1-model_v4 Caspase family protein	3.286E-10	1.000	271	2	234	271	33	280	288	265	0.860	0.861
LOKIASV2_0474_ESMFold_hypothetical_protein	AF-A0A5P1V075-F1-model_v4	AF-A0A5P1V075-F1-model_v4 Caspase family protein	4.773E-10	1.000	271	50	254	271	138	422	457	290	0.756	0.624
LOKIASV2_0474_ESMFold_hypothetical_protein	AF-A0A0J6SJX0-F1-model_v4	AF-A0A0J6SJX0-F1-model_v4 CASPASE_P20 domain-containing protein	1.291E-09	1.000	271	50	260	271	19	252	936	245	0.779	0.250
LOKIASV2_0474_ESMFold_hypothetical_protein	AF-A0A0M1JGL7-F1-model_v4	AF-A0A0M1JGL7-F1-model_v4 Uncharacterized protein	7.859E-11	1.000	269	1	252	271	10	284	297	294	0.930	0.926
LOKIASV2_0474_ESMFold_hypothetical_protein	AF-A0A7R6W914-F1-model_v4	AF-A0A7R6W914-F1-model_v4 Uncharacterized protein	5.752E-10	1.000	269	1	268	271	1	297	689	319	0.989	0.431
LOKIASV2_0474_ESMFold_hypothetical_protein	AF-A0A524NUP4-F1-model_v4	AF-A0A524NUP4-F1-model_v4 Uncharacterized protein	6.121E-10	1.000	269	47	261	271	512	753	768	255	0.793	0.315
LOKIASV2_0474_ESMFold_hypothetical_protein	AF-A0A519H8Y0-F1-model_v4	AF-A0A519H8Y0-F1-model_v4 Caspase family protein	4.768E-09	1.000	268	2	270	271	1	279	290	308	0.993	0.962
LOKIASV2_0474_ESMFold_hypothetical_protein	AF-A0A7Y3JS24-F1-model_v4	AF-A0A7Y3JS24-F1-model_v4 Caspase family protein	1.875E-09	1.000	268	1	270	271	22	315	333	319	0.996	0.883
LOKIASV2_0474_ESMFold_hypothetical_protein	AF-A0A1W9WXM7-F1-model_v4	AF-A0A1W9WXM7-F1-model_v4 CASPASE_P20 domain-containing protein	8.354E-10	1.000	268	6	270	271	1	269	369	303	0.978	0.729
LOKIASV2_0474_ESMFold_hypothetical_protein	AF-A0A1W9TQ29-F1-model_v4	AF-A0A1W9TQ29-F1-model_v4 Uncharacterized protein	6.121E-10	1.000	268	9	261	271	21	355	486	350	0.934	0.689
LOKIASV2_0474_ESMFold_hypothetical_protein	AF-A0A2M7PD37-F1-model_v4	AF-A0A2M7PD37-F1-model_v4 PEGA domain-containing protein	1.374E-09	1.000	268	9	271	271	5	292	540	307	0.970	0.533
LOKIASV2_0474_ESMFold_hypothetical_protein	AF-A0A3S0EHY2-F1-model_v4	AF-A0A3S0EHY2-F1-model_v4 Uncharacterized protein	1.462E-09	1.000	268	1	267	271	281	561	575	311	0.985	0.489
LOKIASV2_0474_ESMFold_hypothetical_protein	AF-A7BZA7-F1-model_v4	AF-A7BZA7-F1-model_v4 Peptidase family C14	3.085E-09	1.000	267	2	268	271	38	318	599	309	0.985	0.469
LOKIASV2_0474_ESMFold_hypothetical_protein	AF-A0A7Y5J5X2-F1-model_v4	AF-A0A7Y5J5X2-F1-model_v4 Caspase family protein	1.998E-10	1.000	267	49	266	271	19	265	647	265	0.804	0.382
LOKIASV2_0474_ESMFold_hypothetical_protein	AF-A0A1I6VGR0-F1-model_v4	AF-A0A1I6VGR0-F1-model_v4 Caspase domain-containing protein	2.408E-10	1.000	266	50	260	271	593	859	874	277	0.779	0.305
LOKIASV2_0474_ESMFold_hypothetical_protein	AF-N6UDV0-F1-model_v4	AF-N6UDV0-F1-model_v4 Uncharacterized protein	5.405E-10	1.000	265	1	262	271	114	390	401	300	0.967	0.691
LOKIASV2_0474_ESMFold_hypothetical_protein	AF-A0A6J2Y7P9-F1-model_v4	AF-A0A6J2Y7P9-F1-model_v4 caspase-1-like	7.377E-10	1.000	265	2	270	271	110	406	411	313	0.993	0.723
LOKIASV2_0474_ESMFold_hypothetical_protein	AF-A0A5C1AYJ5-F1-model_v4	AF-A0A5C1AYJ5-F1-model_v4 CASPASE_P20 domain-containing protein	1.554E-08	1.000	265	55	270	271	20	250	814	243	0.797	0.284
LOKIASV2_0474_ESMFold_hypothetical_protein	AF-A0A0G2RAB7-F1-model_v4	AF-A0A0G2RAB7-F1-model_v4 Caspase	1.762E-09	1.000	264	1	271	271	1	318	318	330	1.000	1.000
LOKIASV2_0474_ESMFold_hypothetical_protein	AF-A0A5N1J959-F1-model_v4	AF-A0A5N1J959-F1-model_v4 Caspase family protein	3.956E-09	1.000	264	2	260	271	117	391	403	303	0.956	0.682
LOKIASV2_0474_ESMFold_hypothetical_protein	AF-V5G4Y4-F1-model_v4	AF-V5G4Y4-F1-model_v4 Caspase-1	1.140E-09	1.000	263	2	270	271	148	424	427	305	0.993	0.649
LOKIASV2_0474_ESMFold_hypothetical_protein	AF-A0A6J4VS26-F1-model_v4	AF-A0A6J4VS26-F1-model_v4 High-affinity carbon uptake protein Hat/HatR	1.462E-09	1.000	263	2	260	271	300	585	1055	307	0.956	0.271
LOKIASV2_0474_ESMFold_hypothetical_protein	AF-A0A1V1NY80-F1-model_v4	AF-A0A1V1NY80-F1-model_v4 Uncharacterized protein	1.656E-09	1.000	262	8	186	271	224	384	453	186	0.661	0.355
LOKIASV2_0474_ESMFold_hypothetical_protein	AF-A0A537SG73-F1-model_v4	AF-A0A537SG73-F1-model_v4 Peptidase C14	1.461E-08	1.000	262	50	270	271	10	251	528	251	0.815	0.458
LOKIASV2_0474_ESMFold_hypothetical_protein	AF-A0A431MD88-F1-model_v4	AF-A0A431MD88-F1-model_v4 Caspase-like domain-containing protein	1.006E-08	1.000	261	1	270	271	1	267	786	296	0.996	0.340
LOKIASV2_0474_ESMFold_hypothetical_protein	AF-K0W6U3-F1-model_v4	AF-K0W6U3-F1-model_v4 Serine protease	6.932E-10	1.000	258	1	263	271	15	342	515	344	0.970	0.637
LOKIASV2_0474_ESMFold_hypothetical_protein	AF-A0A1Q5RWY8-F1-model_v4	AF-A0A1Q5RWY8-F1-model_v4 Caspase-like domain-containing protein	5.394E-08	1.000	257	65	270	271	34	256	803	234	0.760	0.278
LOKIASV2_0474_ESMFold_hypothetical_protein	AF-A0A444JD08-F1-model_v4	AF-A0A444JD08-F1-model_v4 Caspase domain-containing protein	4.201E-07	1.000	253	55	189	271	16	154	154	142	0.498	0.903
LOKIASV2_0474_ESMFold_hypothetical_protein	AF-A0A1H4RTJ5-F1-model_v4	AF-A0A1H4RTJ5-F1-model_v4 Uncharacterized protein, contains caspase domain	6.925E-09	1.000	253	15	270	271	1	254	1012	281	0.945	0.251
LOKIASV2_0474_ESMFold_hypothetical_protein	AF-A0A4R8CEA0-F1-model_v4	AF-A0A4R8CEA0-F1-model_v4 Caspase domain-containing protein	1.996E-09	1.000	252	3	259	271	1	301	314	313	0.948	0.959
LOKIASV2_0474_ESMFold_hypothetical_protein	AF-A0A1E2RWZ5-F1-model_v4	AF-A0A1E2RWZ5-F1-model_v4 Caspase domain protein	5.074E-09	1.000	252	14	260	271	1	256	497	287	0.911	0.515
LOKIASV2_0474_ESMFold_hypothetical_protein	AF-A0A667WP83-F1-model_v4	AF-A0A667WP83-F1-model_v4 Uncharacterized protein	3.718E-09	1.000	251	3	270	271	93	365	369	304	0.989	0.740
LOKIASV2_0474_ESMFold_hypothetical_protein	AF-A0A1B1AGM2-F1-model_v4	AF-A0A1B1AGM2-F1-model_v4 Uncharacterized protein	6.925E-09	1.000	251	65	269	271	40	278	467	248	0.756	0.512
LOKIASV2_0474_ESMFold_hypothetical_protein	AF-A0A537K9K4-F1-model_v4	AF-A0A537K9K4-F1-model_v4 CASPASE_P20 domain-containing protein	4.768E-09	1.000	251	15	264	271	969	1234	1266	293	0.923	0.210
LOKIASV2_0474_ESMFold_hypothetical_protein	AF-A0A6P4LBN4-F1-model_v4	AF-A0A6P4LBN4-F1-model_v4 caspase-3 isoform X2	2.260E-09	1.000	249	1	270	271	42	315	323	302	0.996	0.848
LOKIASV2_0474_ESMFold_hypothetical_protein	AF-A0A348TNQ1-F1-model_v4	AF-A0A348TNQ1-F1-model_v4 Uncharacterized protein	7.369E-09	1.000	249	47	268	271	446	690	696	263	0.819	0.352
LOKIASV2_0474_ESMFold_hypothetical_protein	AF-A0A2A2ASE5-F1-model_v4	AF-A0A2A2ASE5-F1-model_v4 Uncharacterized protein	9.461E-10	1.000	248	2	269	271	107	424	576	339	0.989	0.552
LOKIASV2_0474_ESMFold_hypothetical_protein	AF-A0A7Y5R731-F1-model_v4	AF-A0A7Y5R731-F1-model_v4 Caspase family protein	4.480E-09	1.000	248	55	271	271	15	295	648	285	0.801	0.434
LOKIASV2_0474_ESMFold_hypothetical_protein	AF-A0A5C8U098-F1-model_v4	AF-A0A5C8U098-F1-model_v4 Peptidase C14	1.994E-08	1.000	247	15	263	271	1	246	357	277	0.919	0.689
LOKIASV2_0474_ESMFold_hypothetical_protein	AF-A0A6B8KI23-F1-model_v4	AF-A0A6B8KI23-F1-model_v4 Uncharacterized protein	3.283E-09	1.000	247	2	270	271	51	364	627	334	0.993	0.501
LOKIASV2_0474_ESMFold_hypothetical_protein	AF-A0A401TTC5-F1-model_v4	AF-A0A401TTC5-F1-model_v4 CASPASE_P20 domain-containing protein	6.925E-09	1.000	246	1	224	271	3	232	236	246	0.827	0.975
LOKIASV2_0474_ESMFold_hypothetical_protein	AF-A0A0M1J727-F1-model_v4	AF-A0A0M1J727-F1-model_v4 CASPASE_P20 domain-containing protein	1.760E-08	1.000	246	15	186	271	17	207	243	191	0.635	0.786
LOKIASV2_0474_ESMFold_hypothetical_protein	AF-X8J8C4-F1-model_v4	AF-X8J8C4-F1-model_v4 ICE-like protease (Caspase) p20 domain protein	3.956E-09	1.000	246	1	264	271	76	478	497	410	0.974	0.811
LOKIASV2_0474_ESMFold_hypothetical_protein	AF-A0A1A8CDL8-F1-model_v4	AF-A0A1A8CDL8-F1-model_v4 Mucosa associated lymphoid tissue lymphoma translocation gene 1a	4.480E-09	1.000	246	2	245	271	293	533	717	266	0.900	0.336
LOKIASV2_0474_ESMFold_hypothetical_protein	AF-A0A349GXR6-F1-model_v4	AF-A0A349GXR6-F1-model_v4 Uncharacterized protein	2.122E-08	1.000	246	62	261	271	175	438	820	274	0.738	0.322
LOKIASV2_0474_ESMFold_hypothetical_protein	AF-A0A6J8D930-F1-model_v4	AF-A0A6J8D930-F1-model_v4 CASP9	3.956E-09	1.000	245	1	271	271	179	464	466	307	1.000	0.614
LOKIASV2_0474_ESMFold_hypothetical_protein	AF-A0A3P9DLU6-F1-model_v4	AF-A0A3P9DLU6-F1-model_v4 Uncharacterized protein	1.996E-09	1.000	244	2	270	271	48	340	343	321	0.993	0.854
LOKIASV2_0474_ESMFold_hypothetical_protein	AF-A0A3D4IH16-F1-model_v4	AF-A0A3D4IH16-F1-model_v4 Uncharacterized protein	1.762E-09	1.000	244	16	269	271	6	298	453	309	0.937	0.647
LOKIASV2_0474_ESMFold_hypothetical_protein	AF-A0A7J6YY13-F1-model_v4	AF-A0A7J6YY13-F1-model_v4 Thioredoxin domain-containing protein 17	8.345E-09	1.000	244	66	261	271	240	468	502	239	0.723	0.456
LOKIASV2_0474_ESMFold_hypothetical_protein	AF-A0A382RV30-F1-model_v4	AF-A0A382RV30-F1-model_v4 Uncharacterized protein	1.554E-08	1.000	243	65	253	271	43	262	262	228	0.697	0.840
LOKIASV2_0474_ESMFold_hypothetical_protein	AF-A0A525IIM6-F1-model_v4	AF-A0A525IIM6-F1-model_v4 Uncharacterized protein	1.288E-07	1.000	241	50	264	271	17	249	530	241	0.793	0.440
LOKIASV2_0474_ESMFold_hypothetical_protein	AF-A0A4Y7SXJ2-F1-model_v4	AF-A0A4Y7SXJ2-F1-model_v4 Uncharacterized protein	8.354E-10	1.000	241	2	241	271	43	349	714	332	0.886	0.430
LOKIASV2_0474_ESMFold_hypothetical_protein	AF-A0A4Q7G8X4-F1-model_v4	AF-A0A4Q7G8X4-F1-model_v4 Caspase-like domain-containing protein	6.108E-08	1.000	240	65	270	271	27	249	650	237	0.760	0.343
LOKIASV2_0474_ESMFold_hypothetical_protein	AF-A0A7R9K0B7-F1-model_v4	AF-A0A7R9K0B7-F1-model_v4 Hypothetical protein	3.279E-08	1.000	239	65	270	271	175	410	423	246	0.760	0.558
LOKIASV2_0474_ESMFold_hypothetical_protein	AF-A0A1G7A817-F1-model_v4	AF-A0A1G7A817-F1-model_v4 Caspase domain-containing protein	6.115E-09	1.000	238	2	271	271	9	360	621	365	0.996	0.567
LOKIASV2_0474_ESMFold_hypothetical_protein	AF-A0A2E9QX43-F1-model_v4	AF-A0A2E9QX43-F1-model_v4 Uncharacterized protein	1.139E-08	1.000	236	1	268	271	18	305	559	324	0.989	0.515
LOKIASV2_0474_ESMFold_hypothetical_protein	AF-A0A2B8B711-F1-model_v4	AF-A0A2B8B711-F1-model_v4 Uncharacterized protein	6.108E-08	1.000	236	1	271	271	14	287	584	295	1.000	0.469
LOKIASV2_0474_ESMFold_hypothetical_protein	AF-A0A521W0D1-F1-model_v4	AF-A0A521W0D1-F1-model_v4 Caspase-like domain-containing protein	5.399E-09	1.000	236	10	270	271	1	268	721	296	0.963	0.372
LOKIASV2_0474_ESMFold_hypothetical_protein	AF-A0A840ZFV4-F1-model_v4	AF-A0A840ZFV4-F1-model_v4 Putative caspase-like protein	2.400E-07	1.000	234	51	263	271	18	250	1011	242	0.786	0.230
LOKIASV2_0474_ESMFold_hypothetical_protein	AF-A0A1W9LAS7-F1-model_v4	AF-A0A1W9LAS7-F1-model_v4 CASPASE_P20 domain-containing protein	2.258E-08	1.000	233	1	270	271	1	292	296	318	0.996	0.986
LOKIASV2_0474_ESMFold_hypothetical_protein	AF-A0A1V3SK64-F1-model_v4	AF-A0A1V3SK64-F1-model_v4 CASPASE_P20 domain-containing protein	5.399E-09	1.000	233	15	269	271	1	260	379	291	0.941	0.686
LOKIASV2_0474_ESMFold_hypothetical_protein	AF-A0A0Q4Y9E2-F1-model_v4	AF-A0A0Q4Y9E2-F1-model_v4 CASPASE_P20 domain-containing protein	1.991E-07	1.000	233	57	260	271	22	241	841	229	0.753	0.262
LOKIASV2_0474_ESMFold_hypothetical_protein	AF-A0A1W4WKI9-F1-model_v4	AF-A0A1W4WKI9-F1-model_v4 caspase-3-like	1.290E-08	1.000	232	2	261	271	127	420	438	310	0.959	0.671
LOKIASV2_0474_ESMFold_hypothetical_protein	AF-A0A2N8KTE6-F1-model_v4	AF-A0A2N8KTE6-F1-model_v4 CASPASE_P20 domain-containing protein	1.760E-08	1.000	232	1	270	271	20	311	491	311	0.996	0.595
LOKIASV2_0474_ESMFold_hypothetical_protein	AF-A0A2D0MY76-F1-model_v4	AF-A0A2D0MY76-F1-model_v4 CASPASE_P20 domain-containing protein	6.108E-08	1.000	232	60	259	271	27	253	567	242	0.738	0.400
LOKIASV2_0474_ESMFold_hypothetical_protein	AF-A0A8B6HF32-F1-model_v4	AF-A0A8B6HF32-F1-model_v4 Caspase 7	1.873E-08	1.000	232	1	271	271	211	501	748	313	1.000	0.389
LOKIASV2_0474_ESMFold_hypothetical_protein	AF-A0A7J6YZJ4-F1-model_v4	AF-A0A7J6YZJ4-F1-model_v4 Uncharacterized protein	4.768E-09	1.000	231	9	261	271	84	362	385	301	0.934	0.725
LOKIASV2_0474_ESMFold_hypothetical_protein	AF-A0A1B0D650-F1-model_v4	AF-A0A1B0D650-F1-model_v4 Uncharacterized protein	6.108E-08	1.000	230	2	271	271	153	438	439	301	0.996	0.651
LOKIASV2_0474_ESMFold_hypothetical_protein	AF-A0A327KGB8-F1-model_v4	AF-A0A327KGB8-F1-model_v4 Uncharacterized protein	1.290E-08	1.000	230	15	271	271	2	264	689	292	0.948	0.382
LOKIASV2_0474_ESMFold_hypothetical_protein	AF-A0A267FLP5-F1-model_v4	AF-A0A267FLP5-F1-model_v4 Uncharacterized protein	2.122E-08	1.000	230	1	270	271	546	804	838	289	0.996	0.309
LOKIASV2_0474_ESMFold_hypothetical_protein	AF-A0A437MHH7-F1-model_v4	AF-A0A437MHH7-F1-model_v4 Uncharacterized protein	3.714E-08	1.000	229	50	269	271	6	236	240	249	0.812	0.962
LOKIASV2_0474_ESMFold_hypothetical_protein	AF-A0A267EJC0-F1-model_v4	AF-A0A267EJC0-F1-model_v4 Uncharacterized protein	2.896E-08	1.000	226	15	271	271	42	302	324	285	0.948	0.806
LOKIASV2_0474_ESMFold_hypothetical_protein	AF-A0A6F9DGC3-F1-model_v4	AF-A0A6F9DGC3-F1-model_v4 Uncharacterized protein LOC100179627	1.461E-08	1.000	226	2	271	271	53	387	392	345	0.996	0.855
LOKIASV2_0474_ESMFold_hypothetical_protein	AF-A0A210R6P5-F1-model_v4	AF-A0A210R6P5-F1-model_v4 Caspase-3	4.206E-08	1.000	226	2	271	271	142	441	441	326	0.996	0.680
LOKIASV2_0474_ESMFold_hypothetical_protein	AF-A0A7T9IKZ2-F1-model_v4	AF-A0A7T9IKZ2-F1-model_v4 Uncharacterized protein	2.896E-08	1.000	225	49	269	271	16	245	283	251	0.815	0.813
LOKIASV2_0474_ESMFold_hypothetical_protein	AF-A0A7R8UXE7-F1-model_v4	AF-A0A7R8UXE7-F1-model_v4 Hypothetical protein	1.760E-08	1.000	225	1	270	271	109	401	405	314	0.996	0.723
LOKIASV2_0474_ESMFold_hypothetical_protein	AF-A0A537Y6Y1-F1-model_v4	AF-A0A537Y6Y1-F1-model_v4 Caspase-like domain-containing protein	1.459E-07	1.000	225	16	270	271	3	256	740	281	0.941	0.343
LOKIASV2_0474_ESMFold_hypothetical_protein	AF-A0A0E4BWF1-F1-model_v4	AF-A0A0E4BWF1-F1-model_v4 CASPASE_P20 domain-containing protein	1.652E-07	1.000	225	65	270	271	85	307	926	242	0.760	0.241
LOKIASV2_0474_ESMFold_hypothetical_protein	AF-D6X3B4-F1-model_v4	AF-D6X3B4-F1-model_v4 Caspase Nc-like Protein	2.896E-08	1.000	224	2	262	271	100	395	405	323	0.963	0.731
LOKIASV2_0474_ESMFold_hypothetical_protein	AF-A0A6P7FHH4-F1-model_v4	AF-A0A6P7FHH4-F1-model_v4 caspase-1-like	3.952E-08	1.000	224	2	269	271	132	422	423	309	0.989	0.688
LOKIASV2_0474_ESMFold_hypothetical_protein	AF-A0A1H0HKP2-F1-model_v4	AF-A0A1H0HKP2-F1-model_v4 Caspase domain-containing protein	4.475E-08	1.000	224	2	267	271	12	434	460	429	0.982	0.920
LOKIASV2_0474_ESMFold_hypothetical_protein	AF-A0A4Q7F7V2-F1-model_v4	AF-A0A4Q7F7V2-F1-model_v4 Caspase-like domain-containing protein	1.652E-07	1.000	224	65	270	271	33	255	585	242	0.760	0.381
LOKIASV2_0474_ESMFold_hypothetical_protein	AF-A0A533YWS3-F1-model_v4	AF-A0A533YWS3-F1-model_v4 FGE-sulfatase domain-containing protein	7.361E-08	1.000	224	1	183	271	18	192	693	194	0.675	0.253
LOKIASV2_0474_ESMFold_hypothetical_protein	AF-A0A034VLM2-F1-model_v4	AF-A0A034VLM2-F1-model_v4 Caspase-7	3.279E-08	1.000	223	1	270	271	66	333	337	296	0.996	0.795
LOKIASV2_0474_ESMFold_hypothetical_protein	AF-A0A811WJN8-F1-model_v4	AF-A0A811WJN8-F1-model_v4 (diamondback moth) hypothetical protein	3.952E-08	1.000	223	64	271	271	170	412	521	258	0.768	0.466
LOKIASV2_0474_ESMFold_hypothetical_protein	AF-W8C612-F1-model_v4	AF-W8C612-F1-model_v4 Caspase-1	3.081E-08	1.000	223	1	264	271	287	554	563	295	0.974	0.476
LOKIASV2_0474_ESMFold_hypothetical_protein	AF-A0A160JDC0-F1-model_v4	AF-A0A160JDC0-F1-model_v4 SH3b domain-containing protein	1.871E-07	1.000	222	2	271	271	7	267	570	295	0.996	0.458
LOKIASV2_0474_ESMFold_hypothetical_protein	AF-A0A537SN02-F1-model_v4	AF-A0A537SN02-F1-model_v4 Peptidase C13, legumain asparaginyl peptidase	1.069E-07	1.000	221	1	259	271	1	234	248	273	0.956	0.944
LOKIASV2_0474_ESMFold_hypothetical_protein	AF-A0A5A7RQM9-F1-model_v4	AF-A0A5A7RQM9-F1-model_v4 NosD domain-containing protein	5.394E-08	1.000	220	16	265	271	4	304	528	325	0.923	0.570
LOKIASV2_0474_ESMFold_hypothetical_protein	AF-A0A8B6HFP6-F1-model_v4	AF-A0A8B6HFP6-F1-model_v4 Caspase 2	3.081E-08	1.000	220	2	271	271	45	341	617	315	0.996	0.481
LOKIASV2_0474_ESMFold_hypothetical_protein	AF-A0A7J7JD92-F1-model_v4	AF-A0A7J7JD92-F1-model_v4 Uncharacterized protein	9.441E-08	1.000	218	2	271	271	267	573	578	335	0.996	0.531
LOKIASV2_0474_ESMFold_hypothetical_protein	AF-A0A6P7T955-F1-model_v4	AF-A0A6P7T955-F1-model_v4 caspase-2-like	1.760E-08	1.000	217	1	260	271	130	385	399	281	0.959	0.642
LOKIASV2_0474_ESMFold_hypothetical_protein	AF-A0A1I8P495-F1-model_v4	AF-A0A1I8P495-F1-model_v4 Uncharacterized protein	3.714E-08	1.000	217	2	270	271	356	620	627	295	0.993	0.423
LOKIASV2_0474_ESMFold_hypothetical_protein	AF-A0A7C7R7U3-F1-model_v4	AF-A0A7C7R7U3-F1-model_v4 Uncharacterized protein	1.005E-07	1.000	217	49	261	271	143	426	638	298	0.786	0.445
LOKIASV2_0474_ESMFold_hypothetical_protein	AF-A0A146KPU6-F1-model_v4	AF-A0A146KPU6-F1-model_v4 Caspase-1	3.081E-08	1.000	216	2	262	271	60	342	355	315	0.963	0.797
LOKIASV2_0474_ESMFold_hypothetical_protein	AF-G1TAS5-F1-model_v4	AF-G1TAS5-F1-model_v4 Caspase 9	6.108E-08	1.000	216	2	271	271	128	452	452	351	0.996	0.719
LOKIASV2_0474_ESMFold_hypothetical_protein	AF-F1A0M3-F1-model_v4	AF-F1A0M3-F1-model_v4 Uncharacterized protein	1.459E-07	1.000	216	62	260	271	232	433	459	216	0.734	0.440
LOKIASV2_0474_ESMFold_hypothetical_protein	AF-A0A6P4F9W2-F1-model_v4	AF-A0A6P4F9W2-F1-model_v4 uncharacterized protein LOC108049260	1.759E-07	1.000	216	47	270	271	257	499	510	261	0.827	0.476
LOKIASV2_0474_ESMFold_hypothetical_protein	AF-A0A6M0KYD9-F1-model_v4	AF-A0A6M0KYD9-F1-model_v4 Caspase family protein	1.138E-07	1.000	215	1	189	271	19	209	257	208	0.697	0.743
LOKIASV2_0474_ESMFold_hypothetical_protein	AF-A0A162DB86-F1-model_v4	AF-A0A162DB86-F1-model_v4 Caspase Dronc	3.952E-08	1.000	215	1	260	271	128	446	466	333	0.959	0.685
LOKIASV2_0474_ESMFold_hypothetical_protein	AF-B4J2U2-F1-model_v4	AF-B4J2U2-F1-model_v4 GH16053	6.108E-08	1.000	215	2	270	271	155	463	470	345	0.993	0.657
LOKIASV2_0474_ESMFold_hypothetical_protein	AF-A0A6P8H9B9-F1-model_v4	AF-A0A6P8H9B9-F1-model_v4 uncharacterized protein LOC116289374	2.557E-08	1.000	215	2	271	271	235	570	578	348	0.996	0.581
LOKIASV2_0474_ESMFold_hypothetical_protein	AF-A0A6P4XYP9-F1-model_v4	AF-A0A6P4XYP9-F1-model_v4 caspase-3-like	1.211E-07	1.000	214	2	270	271	5	314	320	326	0.993	0.969
LOKIASV2_0474_ESMFold_hypothetical_protein	AF-A0A6P4G4R2-F1-model_v4	AF-A0A6P4G4R2-F1-model_v4 caspase-3	6.493E-07	1.000	214	58	270	271	97	318	326	236	0.786	0.681
LOKIASV2_0474_ESMFold_hypothetical_protein	AF-A0A7J7BH83-F1-model_v4	AF-A0A7J7BH83-F1-model_v4 Uncharacterized protein	6.108E-08	1.000	214	2	261	271	81	366	381	307	0.959	0.751
LOKIASV2_0474_ESMFold_hypothetical_protein	AF-A0A3D5AZ11-F1-model_v4	AF-A0A3D5AZ11-F1-model_v4 Uncharacterized protein	1.759E-07	1.000	214	55	266	271	221	442	453	234	0.782	0.490
LOKIASV2_0474_ESMFold_hypothetical_protein	AF-A0A291B0F8-F1-model_v4	AF-A0A291B0F8-F1-model_v4 Caspase-8	1.005E-07	1.000	214	1	271	271	188	499	508	329	1.000	0.614
LOKIASV2_0474_ESMFold_hypothetical_protein	AF-A0A7H5F165-F1-model_v4	AF-A0A7H5F165-F1-model_v4 SUMF1/EgtB/PvdO family nonheme iron enzyme	1.005E-07	1.000	214	50	260	271	7	254	552	254	0.779	0.449
LOKIASV2_0474_ESMFold_hypothetical_protein	AF-V5G2T8-F1-model_v4	AF-V5G2T8-F1-model_v4 Caspase-1	1.991E-07	1.000	212	1	270	271	3	310	322	325	0.996	0.957
LOKIASV2_0474_ESMFold_hypothetical_protein	AF-A0A437B8Z7-F1-model_v4	AF-A0A437B8Z7-F1-model_v4 Uncharacterized protein	7.361E-08	1.000	212	2	271	271	104	412	537	331	0.996	0.575
LOKIASV2_0474_ESMFold_hypothetical_protein	AF-A0A1F6LTC9-F1-model_v4	AF-A0A1F6LTC9-F1-model_v4 FGE-sulfatase domain-containing protein	2.557E-08	1.000	211	2	185	271	98	313	631	224	0.679	0.342
LOKIASV2_0474_ESMFold_hypothetical_protein	AF-A0A640W722-F1-model_v4	AF-A0A640W722-F1-model_v4 PKD domain-containing protein	1.760E-08	1.000	211	47	261	271	15	294	905	285	0.793	0.309
LOKIASV2_0474_ESMFold_hypothetical_protein	AF-A0A267FY45-F1-model_v4	AF-A0A267FY45-F1-model_v4 Uncharacterized protein	4.757E-07	1.000	211	9	271	271	696	966	1004	297	0.970	0.270
LOKIASV2_0474_ESMFold_hypothetical_protein	AF-A0A1Y5SL20-F1-model_v4	AF-A0A1Y5SL20-F1-model_v4 Peptidase C13 family protein	5.068E-08	1.000	210	1	270	271	1	276	278	305	0.996	0.993
LOKIASV2_0474_ESMFold_hypothetical_protein	AF-A0A3N0XSN3-F1-model_v4	AF-A0A3N0XSN3-F1-model_v4 Caspase-7	1.288E-07	1.000	210	2	270	271	11	283	291	307	0.993	0.938
LOKIASV2_0474_ESMFold_hypothetical_protein	AF-A0A182UMP4-F1-model_v4	AF-A0A182UMP4-F1-model_v4 Uncharacterized protein	1.288E-07	1.000	210	1	262	271	59	336	348	290	0.967	0.799
LOKIASV2_0474_ESMFold_hypothetical_protein	AF-A0A5E4AE03-F1-model_v4	AF-A0A5E4AE03-F1-model_v4 Uncharacterized protein	1.459E-07	1.000	210	2	270	271	56	347	349	317	0.993	0.837
LOKIASV2_0474_ESMFold_hypothetical_protein	AF-M4XZ91-F1-model_v4	AF-M4XZ91-F1-model_v4 Caspase-4	6.500E-08	1.000	210	2	270	271	18	322	414	324	0.993	0.737
LOKIASV2_0474_ESMFold_hypothetical_protein	AF-A0A496X0Q3-F1-model_v4	AF-A0A496X0Q3-F1-model_v4 Uncharacterized protein	1.373E-08	1.000	210	2	268	271	17	324	644	326	0.985	0.478
LOKIASV2_0474_ESMFold_hypothetical_protein	AF-L1IND1-F1-model_v4	AF-L1IND1-F1-model_v4 Uncharacterized protein	7.834E-08	1.000	209	48	268	271	176	432	504	271	0.815	0.510
LOKIASV2_0474_ESMFold_hypothetical_protein	AF-A0A1X7VQH3-F1-model_v4	AF-A0A1X7VQH3-F1-model_v4 Uncharacterized protein	1.211E-07	1.000	209	1	270	271	313	600	602	316	0.996	0.478
LOKIASV2_0474_ESMFold_hypothetical_protein	AF-A0A7J7TSJ7-F1-model_v4	AF-A0A7J7TSJ7-F1-model_v4 Caspase 7	1.871E-07	1.000	208	2	270	271	43	334	336	320	0.993	0.869
LOKIASV2_0474_ESMFold_hypothetical_protein	AF-A0A444ISI3-F1-model_v4	AF-A0A444ISI3-F1-model_v4 Caspase domain-containing protein	2.117E-06	1.000	207	3	196	271	1	174	177	202	0.716	0.983
LOKIASV2_0474_ESMFold_hypothetical_protein	AF-A0A3Q1GY92-F1-model_v4	AF-A0A3Q1GY92-F1-model_v4 Caspase-3-like	1.871E-07	1.000	207	3	262	271	1	298	337	320	0.959	0.884
LOKIASV2_0474_ESMFold_hypothetical_protein	AF-A0A2J7PU39-F1-model_v4	AF-A0A2J7PU39-F1-model_v4 Caspase-2	2.892E-07	1.000	207	61	261	271	175	406	426	243	0.742	0.545
LOKIASV2_0474_ESMFold_hypothetical_protein	AF-A0A6J2THE3-F1-model_v4	AF-A0A6J2THE3-F1-model_v4 caspase-1	4.201E-07	1.000	207	2	270	271	240	517	520	299	0.993	0.535
LOKIASV2_0474_ESMFold_hypothetical_protein	AF-A0A4Z2G5S8-F1-model_v4	AF-A0A4Z2G5S8-F1-model_v4 Caspase-8	2.255E-07	1.000	207	2	270	271	207	510	566	329	0.993	0.537
LOKIASV2_0474_ESMFold_hypothetical_protein	AF-A0A2S1M5K4-F1-model_v4	AF-A0A2S1M5K4-F1-model_v4 Caspase-2	1.288E-07	1.000	206	65	270	271	146	412	429	276	0.760	0.622
LOKIASV2_0474_ESMFold_hypothetical_protein	AF-A0A6P4F616-F1-model_v4	AF-A0A6P4F616-F1-model_v4 caspase-3-like isoform X1	3.276E-07	1.000	205	1	270	271	9	272	280	290	0.996	0.943
LOKIASV2_0474_ESMFold_hypothetical_protein	AF-A0A5N8XXL0-F1-model_v4	AF-A0A5N8XXL0-F1-model_v4 Caspase family protein	1.288E-07	1.000	205	1	268	271	1	299	343	314	0.989	0.872
LOKIASV2_0474_ESMFold_hypothetical_protein	AF-A0A6J1MWC6-F1-model_v4	AF-A0A6J1MWC6-F1-model_v4 caspase-1-like	1.459E-07	1.000	205	4	271	271	22	326	443	323	0.989	0.688
LOKIASV2_0474_ESMFold_hypothetical_protein	AF-A0A7U0FX04-F1-model_v4	AF-A0A7U0FX04-F1-model_v4 Cysteinyl aspartate specific proteinase 7(2)	1.991E-07	1.000	204	1	271	271	19	326	326	334	1.000	0.945
LOKIASV2_0474_ESMFold_hypothetical_protein	AF-Q8C3Q9-F1-model_v4	AF-Q8C3Q9-F1-model_v4 Caspase-9	3.486E-07	1.000	204	1	261	271	129	443	454	326	0.963	0.694
LOKIASV2_0474_ESMFold_hypothetical_protein	AF-A0A3Q3WFN6-F1-model_v4	AF-A0A3Q3WFN6-F1-model_v4 Uncharacterized protein	5.068E-08	1.000	203	16	270	271	6	288	290	306	0.941	0.976
LOKIASV2_0474_ESMFold_hypothetical_protein	AF-B4DWA2-F1-model_v4	AF-B4DWA2-F1-model_v4 cDNA FLJ52786, highly similar to Caspase-7	4.471E-07	1.000	202	1	270	271	1	309	311	329	0.996	0.994
LOKIASV2_0474_ESMFold_hypothetical_protein	AF-A0A6P6Q9C2-F1-model_v4	AF-A0A6P6Q9C2-F1-model_v4 caspase-3-like	1.287E-06	1.000	202	1	270	271	2	286	318	318	0.996	0.896
LOKIASV2_0474_ESMFold_hypothetical_protein	AF-A0A060XPX7-F1-model_v4	AF-A0A060XPX7-F1-model_v4 Uncharacterized protein	3.710E-07	1.000	202	1	270	271	32	327	329	322	0.996	0.900
LOKIASV2_0474_ESMFold_hypothetical_protein	AF-A0A182QN42-F1-model_v4	AF-A0A182QN42-F1-model_v4 Uncharacterized protein	5.063E-07	1.000	202	2	262	271	78	335	349	286	0.963	0.739
LOKIASV2_0474_ESMFold_hypothetical_protein	AF-A0A096MEE7-F1-model_v4	AF-A0A096MEE7-F1-model_v4 Caspase-3-like	8.871E-08	1.000	201	5	270	271	2	283	285	313	0.982	0.989
LOKIASV2_0474_ESMFold_hypothetical_protein	AF-A0A154PF69-F1-model_v4	AF-A0A154PF69-F1-model_v4 Caspase Nc	2.554E-07	1.000	201	65	261	271	172	419	436	258	0.727	0.569
LOKIASV2_0474_ESMFold_hypothetical_protein	AF-A0A3P9MW46-F1-model_v4	AF-A0A3P9MW46-F1-model_v4 Caspase-3	1.069E-07	1.000	200	1	271	271	9	286	288	318	1.000	0.965
LOKIASV2_0474_ESMFold_hypothetical_protein	AF-A0A3P8XKT6-F1-model_v4	AF-A0A3P8XKT6-F1-model_v4 Caspase-3	1.553E-07	1.000	197	2	270	271	18	330	332	335	0.993	0.943
LOKIASV2_0474_ESMFold_hypothetical_protein	AF-W5JMV4-F1-model_v4	AF-W5JMV4-F1-model_v4 Uncharacterized protein	2.255E-07	1.000	197	2	269	271	62	353	355	308	0.989	0.823
LOKIASV2_0474_ESMFold_hypothetical_protein	AF-A0A2B4S7Z0-F1-model_v4	AF-A0A2B4S7Z0-F1-model_v4 Caspase-7	1.138E-07	1.000	197	2	271	271	66	375	389	328	0.996	0.797
LOKIASV2_0474_ESMFold_hypothetical_protein	AF-A0A6P5LKI8-F1-model_v4	AF-A0A6P5LKI8-F1-model_v4 caspase-6	7.353E-07	1.000	196	2	271	271	19	320	324	321	0.996	0.932
LOKIASV2_0474_ESMFold_hypothetical_protein	AF-A0A6A5YLU4-F1-model_v4	AF-A0A6A5YLU4-F1-model_v4 Uncharacterized protein	3.276E-07	1.000	196	66	271	271	95	329	442	247	0.760	0.532
LOKIASV2_0474_ESMFold_hypothetical_protein	AF-A0A2D0QFC3-F1-model_v4	AF-A0A2D0QFC3-F1-model_v4 caspase-3-like	1.004E-06	1.000	195	1	270	271	5	285	287	312	0.996	0.979
LOKIASV2_0474_ESMFold_hypothetical_protein	AF-A0A3B0IYM6-F1-model_v4	AF-A0A3B0IYM6-F1-model_v4 Blast:Caspase-1	1.459E-07	1.000	195	1	271	271	6	315	324	336	1.000	0.957
LOKIASV2_0474_ESMFold_hypothetical_protein	AF-A0A182GZB1-F1-model_v4	AF-A0A182GZB1-F1-model_v4 Uncharacterized protein	4.201E-07	1.000	195	1	269	271	98	371	389	294	0.993	0.704
LOKIASV2_0474_ESMFold_hypothetical_protein	AF-A0A669EPP7-F1-model_v4	AF-A0A669EPP7-F1-model_v4 Uncharacterized protein	1.069E-07	1.000	194	1	271	271	5	289	290	323	1.000	0.983
LOKIASV2_0474_ESMFold_hypothetical_protein	AF-A0A2B4SL76-F1-model_v4	AF-A0A2B4SL76-F1-model_v4 Caspase-3	1.553E-07	1.000	194	1	260	271	1	278	292	301	0.959	0.952
LOKIASV2_0474_ESMFold_hypothetical_protein	AF-A0A182M5Q9-F1-model_v4	AF-A0A182M5Q9-F1-model_v4 Uncharacterized protein	5.063E-07	1.000	194	2	262	271	12	283	297	284	0.963	0.916
LOKIASV2_0474_ESMFold_hypothetical_protein	AF-A0A1V4KP69-F1-model_v4	AF-A0A1V4KP69-F1-model_v4 Caspase-9	4.471E-07	1.000	194	1	261	271	3	324	335	335	0.963	0.961
LOKIASV2_0474_ESMFold_hypothetical_protein	AF-A0A182YU25-F1-model_v4	AF-A0A182YU25-F1-model_v4 Uncharacterized protein	3.710E-07	1.000	194	2	269	271	1	352	368	377	0.989	0.957
LOKIASV2_0474_ESMFold_hypothetical_protein	AF-A0A812L0S0-F1-model_v4	AF-A0A812L0S0-F1-model_v4 Pclo protein	2.255E-07	1.000	194	48	260	271	14	260	735	258	0.786	0.336
LOKIASV2_0474_ESMFold_hypothetical_protein	AF-A0A287AGZ2-F1-model_v4	AF-A0A287AGZ2-F1-model_v4 Caspase 7	3.276E-07	1.000	193	2	269	271	91	381	382	316	0.989	0.762
LOKIASV2_0474_ESMFold_hypothetical_protein	AF-A0A3P8QAA3-F1-model_v4	AF-A0A3P8QAA3-F1-model_v4 Caspase 9	1.370E-06	1.000	193	2	269	271	92	418	423	339	0.989	0.773
LOKIASV2_0474_ESMFold_hypothetical_protein	AF-S9X124-F1-model_v4	AF-S9X124-F1-model_v4 Caspase-7	5.388E-07	1.000	192	1	269	271	4	306	307	330	0.993	0.987
LOKIASV2_0474_ESMFold_hypothetical_protein	AF-A0A1D5QI24-F1-model_v4	AF-A0A1D5QI24-F1-model_v4 Caspase 7	8.327E-07	1.000	192	1	270	271	179	479	481	324	0.996	0.626
LOKIASV2_0474_ESMFold_hypothetical_protein	AF-A0A7R9CPG1-F1-model_v4	AF-A0A7R9CPG1-F1-model_v4 Hypothetical protein	2.551E-06	1.000	192	65	270	271	174	497	510	332	0.760	0.635
LOKIASV2_0474_ESMFold_hypothetical_protein	AF-A0A3N0Z843-F1-model_v4	AF-A0A3N0Z843-F1-model_v4 Caspase-3	8.862E-07	1.000	192	49	246	271	251	465	527	233	0.731	0.408
LOKIASV2_0474_ESMFold_hypothetical_protein	AF-A0A3B3S5X7-F1-model_v4	AF-A0A3B3S5X7-F1-model_v4 Receptor-interacting serine/threonine-protein kinase 1-like	2.554E-07	1.000	192	16	271	271	303	630	637	341	0.945	0.515
LOKIASV2_0474_ESMFold_hypothetical_protein	AF-A0A060X3D3-F1-model_v4	AF-A0A060X3D3-F1-model_v4 Uncharacterized protein	1.209E-06	1.000	191	2	270	271	249	566	583	339	0.993	0.545
LOKIASV2_0474_ESMFold_hypothetical_protein	AF-A0A1I7NVJ9-F1-model_v4	AF-A0A1I7NVJ9-F1-model_v4 Caspase domain-containing protein	2.892E-07	1.000	191	1	252	271	1	311	639	334	0.930	0.487
LOKIASV2_0474_ESMFold_hypothetical_protein	AF-A0A1L8FDQ2-F1-model_v4	AF-A0A1L8FDQ2-F1-model_v4 Uncharacterized protein	3.078E-07	1.000	190	2	270	271	171	465	468	326	0.993	0.630
LOKIASV2_0474_ESMFold_hypothetical_protein	AF-A0A5N5PC24-F1-model_v4	AF-A0A5N5PC24-F1-model_v4 Uncharacterized protein	5.733E-07	1.000	190	2	262	271	220	527	543	325	0.963	0.567
LOKIASV2_0474_ESMFold_hypothetical_protein	AF-F6K5S0-F1-model_v4	AF-F6K5S0-F1-model_v4 Caspase-4-1b	8.862E-07	1.000	190	1	271	271	157	453	562	331	1.000	0.528
LOKIASV2_0474_ESMFold_hypothetical_protein	AF-A0A4W6G5M3-F1-model_v4	AF-A0A4W6G5M3-F1-model_v4 Caspase 10, apoptosis-related cysteine peptidase	5.740E-08	1.000	190	2	270	271	329	634	647	332	0.993	0.473
LOKIASV2_0474_ESMFold_hypothetical_protein	AF-F7E6A3-F1-model_v4	AF-F7E6A3-F1-model_v4 Caspase 7	1.211E-07	1.000	189	2	270	271	23	333	336	339	0.993	0.926
LOKIASV2_0474_ESMFold_hypothetical_protein	AF-A0A3B1IL24-F1-model_v4	AF-A0A3B1IL24-F1-model_v4 Uncharacterized protein	6.101E-07	1.000	189	15	261	271	25	319	352	311	0.911	0.838
LOKIASV2_0474_ESMFold_hypothetical_protein	AF-A0A6I9XVC2-F1-model_v4	AF-A0A6I9XVC2-F1-model_v4 caspase-9	1.137E-06	1.000	189	2	269	271	386	697	700	339	0.989	0.446
LOKIASV2_0474_ESMFold_hypothetical_protein	AF-A0A176RSG1-F1-model_v4	AF-A0A176RSG1-F1-model_v4 Peptidase C14 caspase catalytic subunit p20	1.137E-06	1.000	188	2	193	271	9	199	208	208	0.708	0.918
LOKIASV2_0474_ESMFold_hypothetical_protein	AF-A0A7J7BLF7-F1-model_v4	AF-A0A7J7BLF7-F1-model_v4 Uncharacterized protein	3.948E-07	1.000	188	1	262	271	1	263	277	301	0.967	0.949
LOKIASV2_0474_ESMFold_hypothetical_protein	AF-A0A6I9P1U0-F1-model_v4	AF-A0A6I9P1U0-F1-model_v4 caspase-9-like	4.201E-07	1.000	188	2	269	271	20	345	350	352	0.989	0.931
LOKIASV2_0474_ESMFold_hypothetical_protein	AF-F4WC36-F1-model_v4	AF-F4WC36-F1-model_v4 Caspase-1	6.493E-07	1.000	188	2	270	271	128	423	429	326	0.993	0.690
LOKIASV2_0474_ESMFold_hypothetical_protein	AF-H2ZXE9-F1-model_v4	AF-H2ZXE9-F1-model_v4 Uncharacterized protein	1.370E-06	1.000	188	2	271	271	201	516	518	334	0.996	0.610
LOKIASV2_0474_ESMFold_hypothetical_protein	AF-A0A3M1I1F5-F1-model_v4	AF-A0A3M1I1F5-F1-model_v4 DUF4384 domain-containing protein	3.705E-06	1.000	188	60	252	271	18	212	615	205	0.712	0.317
LOKIASV2_0474_ESMFold_hypothetical_protein	AF-A0A6J2VBL4-F1-model_v4	AF-A0A6J2VBL4-F1-model_v4 caspase-8-like	1.287E-06	1.000	187	2	264	271	24	303	311	318	0.970	0.900
LOKIASV2_0474_ESMFold_hypothetical_protein	AF-A0A6P8ESC7-F1-model_v4	AF-A0A6P8ESC7-F1-model_v4 caspase-8-like	6.101E-07	1.000	187	2	270	271	246	544	554	324	0.993	0.540
LOKIASV2_0474_ESMFold_hypothetical_protein	AF-A0A498LH31-F1-model_v4	AF-A0A498LH31-F1-model_v4 Caspase-3-like protein	1.553E-07	1.000	187	1	271	271	718	1011	1012	323	1.000	0.291
LOKIASV2_0474_ESMFold_hypothetical_protein	AF-A0A6A6SVG9-F1-model_v4	AF-A0A6A6SVG9-F1-model_v4 Uncharacterized protein	6.910E-07	1.000	187	66	268	271	194	415	1109	230	0.749	0.200
LOKIASV2_0474_ESMFold_hypothetical_protein	AF-B4N5P4-F1-model_v4	AF-B4N5P4-F1-model_v4 Uncharacterized protein	2.718E-07	1.000	186	1	268	271	35	289	290	301	0.989	0.879
LOKIASV2_0474_ESMFold_hypothetical_protein	AF-A0A6P6JPE5-F1-model_v4	AF-A0A6P6JPE5-F1-model_v4 caspase-6-like	2.551E-06	1.000	186	2	270	271	8	291	297	321	0.993	0.956
LOKIASV2_0474_ESMFold_hypothetical_protein	AF-A0A151NUE3-F1-model_v4	AF-A0A151NUE3-F1-model_v4 Caspase-7	8.327E-07	1.000	186	1	269	271	17	318	319	331	0.993	0.947
LOKIASV2_0474_ESMFold_hypothetical_protein	AF-A0A3S1HM32-F1-model_v4	AF-A0A3S1HM32-F1-model_v4 Uncharacterized protein	3.710E-07	1.000	186	1	271	271	1	351	354	369	1.000	0.992
LOKIASV2_0474_ESMFold_hypothetical_protein	AF-A0A496W305-F1-model_v4	AF-A0A496W305-F1-model_v4 DUF4384 domain-containing protein	3.276E-07	1.000	186	2	261	271	3	286	490	300	0.959	0.580
LOKIASV2_0474_ESMFold_hypothetical_protein	AF-A0A3Q3MJI4-F1-model_v4	AF-A0A3Q3MJI4-F1-model_v4 Caspase-3-like	3.078E-07	1.000	185	2	271	271	1	285	286	320	0.996	0.997
LOKIASV2_0474_ESMFold_hypothetical_protein	AF-A0A6P7SL55-F1-model_v4	AF-A0A6P7SL55-F1-model_v4 caspase-3 isoform X1	2.892E-07	1.000	185	1	270	271	1	301	309	327	0.996	0.974
LOKIASV2_0474_ESMFold_hypothetical_protein	AF-A0A210QYD8-F1-model_v4	AF-A0A210QYD8-F1-model_v4 Caspase-3	6.910E-07	1.000	185	2	270	271	5	317	321	353	0.993	0.975
LOKIASV2_0474_ESMFold_hypothetical_protein	AF-A0A0B4KJB1-F1-model_v4	AF-A0A0B4KJB1-F1-model_v4 Effector caspase	8.327E-07	1.000	185	1	270	271	10	319	323	327	0.996	0.960
LOKIASV2_0474_ESMFold_hypothetical_protein	AF-A0A369SE24-F1-model_v4	AF-A0A369SE24-F1-model_v4 Caspase-7	3.710E-07	1.000	185	2	271	271	111	421	432	342	0.996	0.720
LOKIASV2_0474_ESMFold_hypothetical_protein	AF-A0A6P8I241-F1-model_v4	AF-A0A6P8I241-F1-model_v4 caspase-8-like	1.869E-06	1.000	185	2	270	271	216	519	522	323	0.993	0.582
LOKIASV2_0474_ESMFold_hypothetical_protein	AF-A0A7R8H082-F1-model_v4	AF-A0A7R8H082-F1-model_v4 Mannosyltransferase	6.910E-07	1.000	185	2	270	271	678	977	1035	327	0.993	0.290
LOKIASV2_0474_ESMFold_hypothetical_protein	AF-A0A4X2K8J2-F1-model_v4	AF-A0A4X2K8J2-F1-model_v4 Caspase 6	2.889E-06	1.000	183	2	271	271	6	320	324	330	0.996	0.972
LOKIASV2_0474_ESMFold_hypothetical_protein	AF-A0A663LJ93-F1-model_v4	AF-A0A663LJ93-F1-model_v4 Caspase 9	1.370E-06	1.000	183	2	261	271	121	419	430	330	0.959	0.695
LOKIASV2_0474_ESMFold_hypothetical_protein	AF-A0A836FWP9-F1-model_v4	AF-A0A836FWP9-F1-model_v4 CASP1 protein	1.137E-06	1.000	183	2	271	271	161	456	525	324	0.996	0.564
LOKIASV2_0474_ESMFold_hypothetical_protein	AF-A0A194Q5B4-F1-model_v4	AF-A0A194Q5B4-F1-model_v4 Caspase-1	1.068E-06	1.000	183	1	271	271	90	412	531	349	1.000	0.608
LOKIASV2_0474_ESMFold_hypothetical_protein	AF-A0A6P7K3I6-F1-model_v4	AF-A0A6P7K3I6-F1-model_v4 uncharacterized protein LOC114449695	3.272E-06	1.000	183	3	270	271	889	1186	1189	323	0.989	0.251
LOKIASV2_0474_ESMFold_hypothetical_protein	AF-A0A424L9Y2-F1-model_v4	AF-A0A424L9Y2-F1-model_v4 Caspase family protein	8.862E-07	1.000	182	1	197	271	4	198	298	216	0.727	0.654
LOKIASV2_0474_ESMFold_hypothetical_protein	AF-A0A5E4C3R0-F1-model_v4	AF-A0A5E4C3R0-F1-model_v4 Uncharacterized protein	4.201E-07	1.000	182	5	270	271	21	316	318	331	0.982	0.931
LOKIASV2_0474_ESMFold_hypothetical_protein	AF-A0A7R8UQS1-F1-model_v4	AF-A0A7R8UQS1-F1-model_v4 Hypothetical protein	5.733E-07	1.000	182	1	269	271	29	324	334	326	0.993	0.886
LOKIASV2_0474_ESMFold_hypothetical_protein	AF-A0A164SB35-F1-model_v4	AF-A0A164SB35-F1-model_v4 Inactive caspase-12	5.063E-07	1.000	182	1	270	271	147	431	435	315	0.996	0.655
LOKIASV2_0474_ESMFold_hypothetical_protein	AF-A0A3B5M351-F1-model_v4	AF-A0A3B5M351-F1-model_v4 Uncharacterized protein	1.209E-06	1.000	181	2	271	271	4	294	296	320	0.996	0.983
LOKIASV2_0474_ESMFold_hypothetical_protein	AF-A0A2G8KHI3-F1-model_v4	AF-A0A2G8KHI3-F1-model_v4 Putative caspase-6-like	1.370E-06	1.000	181	2	260	271	3	298	303	320	0.956	0.977
LOKIASV2_0474_ESMFold_hypothetical_protein	AF-A0A8B6H3X3-F1-model_v4	AF-A0A8B6H3X3-F1-model_v4 Caspase 7	6.910E-07	1.000	181	2	270	271	25	386	405	381	0.993	0.894
LOKIASV2_0474_ESMFold_hypothetical_protein	AF-A0A6J1L706-F1-model_v4	AF-A0A6J1L706-F1-model_v4 caspase-7-like isoform X1	1.553E-07	1.000	180	1	268	271	29	314	315	305	0.989	0.908
LOKIASV2_0474_ESMFold_hypothetical_protein	AF-A0A5F9CSD6-F1-model_v4	AF-A0A5F9CSD6-F1-model_v4 Caspase-3	3.943E-06	1.000	180	1	271	271	55	345	346	321	1.000	0.841
LOKIASV2_0474_ESMFold_hypothetical_protein	AF-A0A1B0RYM5-F1-model_v4	AF-A0A1B0RYM5-F1-model_v4 Caspase 9	2.253E-06	1.000	180	2	269	271	79	391	395	335	0.989	0.792
LOKIASV2_0474_ESMFold_hypothetical_protein	AF-A0A671TZ37-F1-model_v4	AF-A0A671TZ37-F1-model_v4 Caspase 9	1.458E-06	1.000	180	2	269	271	97	408	413	335	0.989	0.755
LOKIASV2_0474_ESMFold_hypothetical_protein	AF-A0A151NAI4-F1-model_v4	AF-A0A151NAI4-F1-model_v4 Caspase-10 isoform B	7.353E-07	1.000	180	2	262	271	182	471	489	322	0.963	0.593
LOKIASV2_0474_ESMFold_hypothetical_protein	AF-A0A6J2T2D5-F1-model_v4	AF-A0A6J2T2D5-F1-model_v4 uncharacterized protein LOC115620339	4.196E-06	1.000	180	3	270	271	319	631	664	325	0.989	0.471
LOKIASV2_0474_ESMFold_hypothetical_protein	AF-A0A2I2KKP1-F1-model_v4	AF-A0A2I2KKP1-F1-model_v4 TIR domain-containing protein	8.336E-08	1.000	180	16	253	271	163	409	807	269	0.878	0.306
LOKIASV2_0474_ESMFold_hypothetical_protein	AF-R7TWP8-F1-model_v4	AF-R7TWP8-F1-model_v4 Uncharacterized protein	1.757E-06	1.000	180	2	260	271	3	287	1163	302	0.956	0.245
LOKIASV2_0474_ESMFold_hypothetical_protein	AF-F6XYE9-F1-model_v4	AF-F6XYE9-F1-model_v4 Uncharacterized protein	2.889E-06	1.000	179	2	270	271	1	314	319	330	0.993	0.984
LOKIASV2_0474_ESMFold_hypothetical_protein	AF-A0A402ESI5-F1-model_v4	AF-A0A402ESI5-F1-model_v4 Uncharacterized protein	4.757E-07	1.000	179	1	271	271	40	331	332	330	1.000	0.880
LOKIASV2_0474_ESMFold_hypothetical_protein	AF-A0A1J9R3C2-F1-model_v4	AF-A0A1J9R3C2-F1-model_v4 Homeobox domain containing protein	1.989E-06	1.000	179	55	271	271	75	306	520	251	0.801	0.446
LOKIASV2_0474_ESMFold_hypothetical_protein	AF-A0A6A4WIB0-F1-model_v4	AF-A0A6A4WIB0-F1-model_v4 Caspase-1	5.057E-06	1.000	178	1	270	271	1	305	312	324	0.996	0.978
LOKIASV2_0474_ESMFold_hypothetical_protein	AF-B4N5P5-F1-model_v4	AF-B4N5P5-F1-model_v4 Uncharacterized protein	8.862E-07	1.000	178	2	270	271	50	333	339	301	0.993	0.838
LOKIASV2_0474_ESMFold_hypothetical_protein	AF-A0A6P8HZ29-F1-model_v4	AF-A0A6P8HZ29-F1-model_v4 caspase-3-like	3.943E-06	1.000	178	1	271	271	94	429	432	354	1.000	0.778
LOKIASV2_0474_ESMFold_hypothetical_protein	AF-A0A7J6CY35-F1-model_v4	AF-A0A7J6CY35-F1-model_v4 Uncharacterized protein	2.397E-06	1.000	178	16	262	271	206	496	506	311	0.911	0.575
LOKIASV2_0474_ESMFold_hypothetical_protein	AF-A0A6J1TC85-F1-model_v4	AF-A0A6J1TC85-F1-model_v4 uncharacterized protein LOC113215490 isoform X1	4.196E-06	1.000	178	1	271	271	394	727	727	363	1.000	0.459
LOKIASV2_0474_ESMFold_hypothetical_protein	AF-A0A1D2NKR8-F1-model_v4	AF-A0A1D2NKR8-F1-model_v4 Caspase-1	5.733E-07	1.000	177	1	262	271	9	293	300	315	0.967	0.950
LOKIASV2_0474_ESMFold_hypothetical_protein	AF-A0A346FR91-F1-model_v4	AF-A0A346FR91-F1-model_v4 Caspase 3	8.862E-07	1.000	177	1	270	271	10	310	319	331	0.996	0.944
LOKIASV2_0474_ESMFold_hypothetical_protein	AF-A0A7D9DID2-F1-model_v4	AF-A0A7D9DID2-F1-model_v4 Caspase-3-like	7.825E-07	1.000	177	2	269	271	42	328	344	320	0.989	0.834
LOKIASV2_0474_ESMFold_hypothetical_protein	AF-A0A7M7HMA1-F1-model_v4	AF-A0A7M7HMA1-F1-model_v4 Uncharacterized protein	7.825E-07	1.000	177	2	262	271	390	674	687	308	0.963	0.415
LOKIASV2_0474_ESMFold_hypothetical_protein	AF-F5A8D7-F1-model_v4	AF-F5A8D7-F1-model_v4 Caspase-1	2.715E-06	1.000	176	2	270	271	4	300	303	331	0.993	0.980
LOKIASV2_0474_ESMFold_hypothetical_protein	AF-A0A668S6D4-F1-model_v4	AF-A0A668S6D4-F1-model_v4 Caspase 7, apoptosis-related cysteine peptidase	1.458E-06	1.000	176	2	271	271	8	305	305	326	0.996	0.977
LOKIASV2_0474_ESMFold_hypothetical_protein	AF-A0A7J8E5R6-F1-model_v4	AF-A0A7J8E5R6-F1-model_v4 Caspase 6	2.397E-06	1.000	176	2	270	271	64	376	381	331	0.993	0.822
LOKIASV2_0474_ESMFold_hypothetical_protein	AF-A0A1I8J1T4-F1-model_v4	AF-A0A1I8J1T4-F1-model_v4 Uncharacterized protein	1.551E-06	1.000	176	1	270	271	148	432	791	323	0.996	0.360
LOKIASV2_0474_ESMFold_hypothetical_protein	AF-A0A553PB22-F1-model_v4	AF-A0A553PB22-F1-model_v4 Uncharacterized protein	6.902E-06	1.000	175	65	270	271	117	354	367	254	0.760	0.649
LOKIASV2_0474_ESMFold_hypothetical_protein	AF-A0A5C6MM59-F1-model_v4	AF-A0A5C6MM59-F1-model_v4 Caspase-9	4.196E-06	1.000	175	1	269	271	43	365	368	345	0.993	0.878
LOKIASV2_0474_ESMFold_hypothetical_protein	AF-F1QSB1-F1-model_v4	AF-F1QSB1-F1-model_v4 Caspase 9, apoptosis-related cysteine peptidase	5.382E-06	1.000	175	2	269	271	118	430	436	344	0.989	0.718
LOKIASV2_0474_ESMFold_hypothetical_protein	AF-F6QW17-F1-model_v4	AF-F6QW17-F1-model_v4 Caspase 9	3.075E-06	1.000	175	2	261	271	126	440	494	342	0.959	0.638
LOKIASV2_0474_ESMFold_hypothetical_protein	AF-M7BSM2-F1-model_v4	AF-M7BSM2-F1-model_v4 Caspase-3	3.486E-07	1.000	174	16	270	271	3	294	296	312	0.941	0.986
LOKIASV2_0474_ESMFold_hypothetical_protein	AF-A0A668ADK3-F1-model_v4	AF-A0A668ADK3-F1-model_v4 Caspase 7	1.757E-06	1.000	174	3	271	271	35	329	329	332	0.993	0.897
LOKIASV2_0474_ESMFold_hypothetical_protein	AF-A0A0K2VGE8-F1-model_v4	AF-A0A0K2VGE8-F1-model_v4 Uncharacterized protein	1.370E-06	1.000	174	2	271	271	31	336	346	331	0.996	0.884
LOKIASV2_0474_ESMFold_hypothetical_protein	AF-A0A154NXD0-F1-model_v4	AF-A0A154NXD0-F1-model_v4 Caspase-1	6.493E-07	1.000	174	2	262	271	83	363	375	314	0.963	0.749
LOKIASV2_0474_ESMFold_hypothetical_protein	AF-A0A4W3GWK1-F1-model_v4	AF-A0A4W3GWK1-F1-model_v4 Uncharacterized protein	6.493E-07	1.000	174	2	262	271	125	413	422	316	0.963	0.685
LOKIASV2_0474_ESMFold_hypothetical_protein	AF-A0A7J5YWQ7-F1-model_v4	AF-A0A7J5YWQ7-F1-model_v4 Uncharacterized protein	1.287E-06	1.000	174	2	271	271	135	432	432	331	0.996	0.690
LOKIASV2_0474_ESMFold_hypothetical_protein	AF-A0A6B0R291-F1-model_v4	AF-A0A6B0R291-F1-model_v4 Uncharacterized protein	2.253E-06	1.000	174	2	270	271	10	291	642	320	0.993	0.439
LOKIASV2_0474_ESMFold_hypothetical_protein	AF-A0A0Q9WS62-F1-model_v4	AF-A0A0Q9WS62-F1-model_v4 Uncharacterized protein	1.551E-06	1.000	173	2	270	271	3	258	264	286	0.993	0.970
LOKIASV2_0474_ESMFold_hypothetical_protein	AF-B4KUE9-F1-model_v4	AF-B4KUE9-F1-model_v4 Uncharacterized protein, isoform A	3.948E-07	1.000	173	1	268	271	51	320	321	297	0.989	0.841
LOKIASV2_0474_ESMFold_hypothetical_protein	AF-A0A7D9LC40-F1-model_v4	AF-A0A7D9LC40-F1-model_v4 Caspase-10 beta isoform X1	1.989E-06	1.000	173	1	262	271	14	322	355	329	0.967	0.870
LOKIASV2_0474_ESMFold_hypothetical_protein	AF-A0A7T7JNU1-F1-model_v4	AF-A0A7T7JNU1-F1-model_v4 Caspase9	3.075E-06	1.000	173	9	270	271	43	350	360	330	0.967	0.856
LOKIASV2_0474_ESMFold_hypothetical_protein	AF-A0A8B6FMW9-F1-model_v4	AF-A0A8B6FMW9-F1-model_v4 Caspase 7	1.287E-06	1.000	173	2	270	271	106	375	408	302	0.993	0.662
LOKIASV2_0474_ESMFold_hypothetical_protein	AF-A0A7R9KM51-F1-model_v4	AF-A0A7R9KM51-F1-model_v4 Hypothetical protein	7.825E-07	1.000	172	2	270	271	3	307	319	328	0.993	0.956
LOKIASV2_0474_ESMFold_hypothetical_protein	AF-H3BFW5-F1-model_v4	AF-H3BFW5-F1-model_v4 Caspase 9	1.755E-05	1.000	172	2	271	271	144	455	457	335	0.996	0.683
LOKIASV2_0474_ESMFold_hypothetical_protein	AF-A0A6J8DDE3-F1-model_v4	AF-A0A6J8DDE3-F1-model_v4 CASP8	5.727E-06	1.000	172	2	270	271	193	496	557	343	0.993	0.546
LOKIASV2_0474_ESMFold_hypothetical_protein	AF-J4KL51-F1-model_v4	AF-J4KL51-F1-model_v4 C2H2 finger domain protein, putative	3.276E-07	1.000	172	2	268	271	49	311	624	294	0.985	0.421
LOKIASV2_0474_ESMFold_hypothetical_protein	AF-A0A3S3S7J3-F1-model_v4	AF-A0A3S3S7J3-F1-model_v4 Caspase-like protein	6.095E-06	1.000	171	1	271	271	1	309	316	330	1.000	0.978
LOKIASV2_0474_ESMFold_hypothetical_protein	AF-A0A6I9V2T6-F1-model_v4	AF-A0A6I9V2T6-F1-model_v4 caspase-3	1.757E-06	1.000	171	16	270	271	8	301	349	319	0.941	0.842
LOKIASV2_0474_ESMFold_hypothetical_protein	AF-A0A4R6WS86-F1-model_v4	AF-A0A4R6WS86-F1-model_v4 Caspase domain-containing protein	8.309E-05	1.000	170	1	174	271	1	144	147	187	0.642	0.980
LOKIASV2_0474_ESMFold_hypothetical_protein	AF-A0A0S8HP37-F1-model_v4	AF-A0A0S8HP37-F1-model_v4 Uncharacterized protein	3.943E-06	1.000	170	1	166	271	1	165	177	181	0.613	0.932
LOKIASV2_0474_ESMFold_hypothetical_protein	AF-I3KHK9-F1-model_v4	AF-I3KHK9-F1-model_v4 Uncharacterized protein	1.458E-06	1.000	170	2	271	271	3	309	309	334	0.996	0.994
LOKIASV2_0474_ESMFold_hypothetical_protein	AF-A0A195FQQ0-F1-model_v4	AF-A0A195FQQ0-F1-model_v4 Caspase-1	1.209E-06	1.000	170	2	270	271	21	315	321	331	0.993	0.919
LOKIASV2_0474_ESMFold_hypothetical_protein	AF-A0A1V4JGD6-F1-model_v4	AF-A0A1V4JGD6-F1-model_v4 Caspase-3	1.137E-06	1.000	170	2	269	271	39	331	334	316	0.989	0.877
LOKIASV2_0474_ESMFold_hypothetical_protein	AF-A0A5J4NHG5-F1-model_v4	AF-A0A5J4NHG5-F1-model_v4 Caspase 7	1.370E-06	1.000	170	1	270	271	48	347	359	329	0.996	0.836
LOKIASV2_0474_ESMFold_hypothetical_protein	AF-A0A7R9MC07-F1-model_v4	AF-A0A7R9MC07-F1-model_v4 Hypothetical protein	2.889E-06	1.000	169	2	269	271	26	311	315	308	0.989	0.908
LOKIASV2_0474_ESMFold_hypothetical_protein	AF-A0A444UJ79-F1-model_v4	AF-A0A444UJ79-F1-model_v4 Caspase-6	3.272E-06	1.000	169	2	270	271	16	323	328	334	0.993	0.939
LOKIASV2_0474_ESMFold_hypothetical_protein	AF-A0A3Q2ZL10-F1-model_v4	AF-A0A3Q2ZL10-F1-model_v4 Caspase 9	3.482E-06	1.000	169	1	269	271	137	453	458	348	0.993	0.692
LOKIASV2_0474_ESMFold_hypothetical_protein	AF-A0A6F9DHL7-F1-model_v4	AF-A0A6F9DHL7-F1-model_v4 Uncharacterized protein LOC100178691	4.466E-06	1.000	169	2	270	271	148	463	637	335	0.993	0.496
LOKIASV2_0474_ESMFold_hypothetical_protein	AF-A0A7K5NTF2-F1-model_v4	AF-A0A7K5NTF2-F1-model_v4 CASP9 protein	2.397E-06	1.000	168	62	267	271	135	386	392	268	0.760	0.643
LOKIASV2_0474_ESMFold_hypothetical_protein	AF-A0A6A4JKR2-F1-model_v4	AF-A0A6A4JKR2-F1-model_v4 Uncharacterized protein	5.727E-06	1.000	168	1	270	271	109	414	427	327	0.996	0.717
LOKIASV2_0474_ESMFold_hypothetical_protein	AF-A0A2X3L9J0-F1-model_v4	AF-A0A2X3L9J0-F1-model_v4 ATP/GTP binding protein	6.493E-07	1.000	168	20	249	271	157	420	991	275	0.849	0.266
LOKIASV2_0474_ESMFold_hypothetical_protein	AF-A0A226PBP2-F1-model_v4	AF-A0A226PBP2-F1-model_v4 Uncharacterized protein	6.095E-06	1.000	168	2	262	271	707	1007	1026	326	0.963	0.293
LOKIASV2_0474_ESMFold_hypothetical_protein	AF-A0A663LM74-F1-model_v4	AF-A0A663LM74-F1-model_v4 Caspase 9	8.852E-06	1.000	167	1	252	271	90	361	399	311	0.930	0.682
LOKIASV2_0474_ESMFold_hypothetical_protein	AF-A0A5F4DEZ7-F1-model_v4	AF-A0A5F4DEZ7-F1-model_v4 Caspase 9	1.551E-06	1.000	167	2	248	271	126	419	489	314	0.911	0.601
LOKIASV2_0474_ESMFold_hypothetical_protein	AF-A0A6P9D4G5-F1-model_v4	AF-A0A6P9D4G5-F1-model_v4 caspase-10-like isoform X2	1.869E-06	1.000	167	2	270	271	189	502	519	339	0.993	0.605
LOKIASV2_0474_ESMFold_hypothetical_protein	AF-A0A6P7IJL5-F1-model_v4	AF-A0A6P7IJL5-F1-model_v4 caspase-3-like	1.458E-06	1.000	166	22	271	271	1	285	286	310	0.923	0.997
LOKIASV2_0474_ESMFold_hypothetical_protein	AF-A0A4Z2B6G2-F1-model_v4	AF-A0A4Z2B6G2-F1-model_v4 Uncharacterized protein	1.549E-05	1.000	166	1	271	271	96	430	594	349	1.000	0.564
LOKIASV2_0474_ESMFold_hypothetical_protein	AF-A0A2E6TBE6-F1-model_v4	AF-A0A2E6TBE6-F1-model_v4 FGE-sulfatase domain-containing protein	1.370E-06	1.000	166	1	260	271	50	320	628	301	0.959	0.432
LOKIASV2_0474_ESMFold_hypothetical_protein	AF-A0A2B4SMB4-F1-model_v4	AF-A0A2B4SMB4-F1-model_v4 Caspase-7	6.486E-06	1.000	166	2	269	271	500	813	814	329	0.989	0.386
LOKIASV2_0474_ESMFold_hypothetical_protein	AF-A0A182LSD5-F1-model_v4	AF-A0A182LSD5-F1-model_v4 Uncharacterized protein	3.705E-06	1.000	165	1	248	271	1	262	300	288	0.915	0.873
LOKIASV2_0474_ESMFold_hypothetical_protein	AF-A0A670ITH0-F1-model_v4	AF-A0A670ITH0-F1-model_v4 Uncharacterized protein	1.549E-05	1.000	165	65	270	271	60	302	307	265	0.760	0.792
LOKIASV2_0474_ESMFold_hypothetical_protein	AF-A0A5K4F128-F1-model_v4	AF-A0A5K4F128-F1-model_v4 Caspase-7	5.727E-06	1.000	165	1	262	271	27	309	328	312	0.967	0.863
LOKIASV2_0474_ESMFold_hypothetical_protein	AF-A0A803T8Z6-F1-model_v4	AF-A0A803T8Z6-F1-model_v4 Caspase 6	2.115E-05	1.000	165	1	270	271	41	334	339	333	0.996	0.867
LOKIASV2_0474_ESMFold_hypothetical_protein	AF-A0A6I9K701-F1-model_v4	AF-A0A6I9K701-F1-model_v4 caspase-6	1.368E-05	1.000	165	2	270	271	58	364	369	335	0.993	0.832
LOKIASV2_0474_ESMFold_hypothetical_protein	AF-A0A7R9DJ04-F1-model_v4	AF-A0A7R9DJ04-F1-model_v4 Hypothetical protein	4.196E-06	1.000	165	1	270	271	160	464	468	330	0.996	0.652
LOKIASV2_0474_ESMFold_hypothetical_protein	AF-A0A6L2PQP4-F1-model_v4	AF-A0A6L2PQP4-F1-model_v4 Uncharacterized protein	5.057E-06	1.000	165	2	270	271	215	500	505	330	0.993	0.566
LOKIASV2_0474_ESMFold_hypothetical_protein	AF-A0A066W888-F1-model_v4	AF-A0A066W888-F1-model_v4 Uncharacterized protein	3.705E-06	1.000	165	1	251	271	185	449	594	282	0.926	0.446
LOKIASV2_0474_ESMFold_hypothetical_protein	AF-P55210-F1-model_v4	AF-P55210-F1-model_v4 Caspase-7	1.002E-05	1.000	164	1	270	271	1	301	303	327	0.996	0.993
LOKIASV2_0474_ESMFold_hypothetical_protein	AF-A0A310S7J1-F1-model_v4	AF-A0A310S7J1-F1-model_v4 Caspase	9.420E-06	1.000	164	2	271	271	22	309	314	312	0.996	0.917
LOKIASV2_0474_ESMFold_hypothetical_protein	AF-F7I7E9-F1-model_v4	AF-F7I7E9-F1-model_v4 Caspase 6	5.382E-06	1.000	163	5	270	271	1	307	312	325	0.982	0.984
LOKIASV2_0474_ESMFold_hypothetical_protein	AF-A0A3P8WXM2-F1-model_v4	AF-A0A3P8WXM2-F1-model_v4 Caspase-3	5.727E-06	1.000	163	1	270	271	40	328	330	325	0.996	0.876
LOKIASV2_0474_ESMFold_hypothetical_protein	AF-A0A2T3A1Z3-F1-model_v4	AF-A0A2T3A1Z3-F1-model_v4 Uncharacterized protein	1.004E-06	1.000	163	2	260	271	236	503	574	304	0.956	0.467
LOKIASV2_0474_ESMFold_hypothetical_protein	AF-A0A7M3Q2G5-F1-model_v4	AF-A0A7M3Q2G5-F1-model_v4 Hypothetical protein	1.458E-06	1.000	162	1	269	271	42	326	349	315	0.993	0.817
LOKIASV2_0474_ESMFold_hypothetical_protein	AF-A0A6G1RY43-F1-model_v4	AF-A0A6G1RY43-F1-model_v4 Caspase 6	1.549E-05	1.000	161	2	270	271	17	325	330	341	0.993	0.936
LOKIASV2_0474_ESMFold_hypothetical_protein	AF-A0A1S3JEV3-F1-model_v4	AF-A0A1S3JEV3-F1-model_v4 caspase-3-like	3.943E-06	1.000	161	1	260	271	107	389	404	308	0.959	0.700
LOKIASV2_0474_ESMFold_hypothetical_protein	AF-A0A369SCX5-F1-model_v4	AF-A0A369SCX5-F1-model_v4 Caspase-3	5.727E-06	1.000	161	50	270	271	124	394	407	298	0.815	0.666
LOKIASV2_0474_ESMFold_hypothetical_protein	AF-A0A834CEH6-F1-model_v4	AF-A0A834CEH6-F1-model_v4 Caspase-9	2.712E-05	1.000	161	1	269	271	99	400	413	340	0.993	0.731
LOKIASV2_0474_ESMFold_hypothetical_protein	AF-A0A6A7FYK4-F1-model_v4	AF-A0A6A7FYK4-F1-model_v4 Caspase-1-like	1.208E-05	1.000	160	1	270	271	3	333	342	351	0.996	0.968
LOKIASV2_0474_ESMFold_hypothetical_protein	AF-A0A7E4REU8-F1-model_v4	AF-A0A7E4REU8-F1-model_v4 Caspase	1.002E-05	1.000	160	1	270	271	164	462	469	325	0.996	0.638
LOKIASV2_0474_ESMFold_hypothetical_protein	AF-A0A1I8AGB4-F1-model_v4	AF-A0A1I8AGB4-F1-model_v4 Uncharacterized protein	7.817E-06	1.000	160	2	270	271	267	573	621	330	0.993	0.494
LOKIASV2_0474_ESMFold_hypothetical_protein	AF-A0A0C9XQ77-F1-model_v4	AF-A0A0C9XQ77-F1-model_v4 Unplaced genomic scaffold K443scaffold_140, whole genome shotgun sequence	2.117E-06	1.000	160	1	200	271	540	779	1052	251	0.738	0.228
LOKIASV2_0474_ESMFold_hypothetical_protein	AF-A0A3M6UC29-F1-model_v4	AF-A0A3M6UC29-F1-model_v4 Uncharacterized protein	5.727E-06	1.000	159	65	270	271	427	655	663	256	0.760	0.345
LOKIASV2_0474_ESMFold_hypothetical_protein	AF-A0A1J5QLI4-F1-model_v4	AF-A0A1J5QLI4-F1-model_v4 Caspase domain protein	2.395E-05	1.000	158	1	175	271	13	169	173	187	0.646	0.908
LOKIASV2_0474_ESMFold_hypothetical_protein	AF-A0A1A8DKZ3-F1-model_v4	AF-A0A1A8DKZ3-F1-model_v4 Caspase 8, apoptosis-related cysteine peptidase, like 2	1.867E-05	1.000	158	1	270	271	55	345	350	326	0.996	0.831
LOKIASV2_0474_ESMFold_hypothetical_protein	AF-A0A6J1R0I5-F1-model_v4	AF-A0A6J1R0I5-F1-model_v4 caspase-1-like isoform X2	1.549E-05	1.000	158	2	270	271	53	360	367	327	0.993	0.839
LOKIASV2_0474_ESMFold_hypothetical_protein	AF-A0A2V1CB54-F1-model_v4	AF-A0A2V1CB54-F1-model_v4 Uncharacterized protein	1.989E-06	1.000	158	2	271	271	10	316	395	330	0.996	0.777
LOKIASV2_0474_ESMFold_hypothetical_protein	AF-A0A6J0C5K0-F1-model_v4	AF-A0A6J0C5K0-F1-model_v4 caspase-1-like	1.456E-05	1.000	158	2	270	271	119	419	422	327	0.993	0.713
LOKIASV2_0474_ESMFold_hypothetical_protein	AF-A0A553N4I4-F1-model_v4	AF-A0A553N4I4-F1-model_v4 Uncharacterized protein	1.987E-05	1.000	157	2	271	271	71	399	399	355	0.996	0.825
LOKIASV2_0474_ESMFold_hypothetical_protein	AF-A0A0K8PIV3-F1-model_v4	AF-A0A0K8PIV3-F1-model_v4 Uncharacterized protein	2.551E-06	1.000	157	2	261	271	32	292	438	292	0.959	0.596
LOKIASV2_0474_ESMFold_hypothetical_protein	AF-A0A1A8JDT9-F1-model_v4	AF-A0A1A8JDT9-F1-model_v4 Caspase-8	2.115E-05	1.000	156	1	269	271	38	332	337	330	0.993	0.875
LOKIASV2_0474_ESMFold_hypothetical_protein	AF-A0A3P8U415-F1-model_v4	AF-A0A3P8U415-F1-model_v4 Caspase 10, apoptosis-related cysteine peptidase	2.115E-05	1.000	156	1	270	271	241	533	554	326	0.996	0.529
LOKIASV2_0474_ESMFold_hypothetical_protein	AF-A0A6P6CIB4-F1-model_v4	AF-A0A6P6CIB4-F1-model_v4 caspase-6 isoform X3	5.727E-06	1.000	155	1	271	271	38	328	332	329	1.000	0.877
LOKIASV2_0474_ESMFold_hypothetical_protein	AF-A0A401Q537-F1-model_v4	AF-A0A401Q537-F1-model_v4 Uncharacterized protein	1.002E-05	1.000	155	2	244	271	333	596	599	286	0.897	0.441
LOKIASV2_0474_ESMFold_hypothetical_protein	AF-A0A661D9M5-F1-model_v4	AF-A0A661D9M5-F1-model_v4 CASPASE_P10 domain-containing protein	4.196E-06	1.000	154	15	246	271	34	286	310	264	0.856	0.816
LOKIASV2_0474_ESMFold_hypothetical_protein	AF-H2V635-F1-model_v4	AF-H2V635-F1-model_v4 Caspase 10, apoptosis-related cysteine peptidase	1.286E-05	1.000	154	2	270	271	225	530	540	338	0.993	0.567
LOKIASV2_0474_ESMFold_hypothetical_protein	AF-A7RG62-F1-model_v4	AF-A7RG62-F1-model_v4 Predicted protein	1.134E-04	1.000	154	57	266	271	533	733	733	225	0.775	0.274
LOKIASV2_0474_ESMFold_hypothetical_protein	AF-A0A224XJS7-F1-model_v4	AF-A0A224XJS7-F1-model_v4 Putative caspase-1-like isoform 2	3.071E-05	1.000	153	2	270	271	134	447	451	332	0.993	0.696
LOKIASV2_0474_ESMFold_hypothetical_protein	AF-A0A4Y3RCZ0-F1-model_v4	AF-A0A4Y3RCZ0-F1-model_v4 Uncharacterized protein	2.551E-06	1.000	153	1	271	271	32	320	474	308	1.000	0.610
LOKIASV2_0474_ESMFold_hypothetical_protein	AF-A0A821TM84-F1-model_v4	AF-A0A821TM84-F1-model_v4 Hypothetical protein	1.002E-05	1.000	153	65	270	271	179	417	513	259	0.760	0.466
LOKIASV2_0474_ESMFold_hypothetical_protein	AF-A0A482XII1-F1-model_v4	AF-A0A482XII1-F1-model_v4 Uncharacterized protein	1.549E-05	1.000	153	1	270	271	327	632	641	325	0.996	0.477
LOKIASV2_0474_ESMFold_hypothetical_protein	AF-A0A1X7VNG6-F1-model_v4	AF-A0A1X7VNG6-F1-model_v4 Caspase	5.721E-05	1.000	152	1	270	271	134	425	431	328	0.996	0.677
LOKIASV2_0474_ESMFold_hypothetical_protein	AF-A0A067QZY3-F1-model_v4	AF-A0A067QZY3-F1-model_v4 Caspase-1	9.420E-06	1.000	151	1	270	271	157	458	462	328	0.996	0.654
LOKIASV2_0474_ESMFold_hypothetical_protein	AF-A0A6P7NT94-F1-model_v4	AF-A0A6P7NT94-F1-model_v4 caspase-3 isoform X2	1.135E-05	1.000	150	2	245	271	9	251	253	277	0.900	0.960
LOKIASV2_0474_ESMFold_hypothetical_protein	AF-A0A834R2W4-F1-model_v4	AF-A0A834R2W4-F1-model_v4 Caspase-1	4.192E-05	1.000	150	2	271	271	18	307	308	323	0.996	0.942
LOKIASV2_0474_ESMFold_hypothetical_protein	AF-A0A401RTT1-F1-model_v4	AF-A0A401RTT1-F1-model_v4 Uncharacterized protein	6.895E-05	1.000	150	2	270	271	10	308	313	330	0.993	0.955
LOKIASV2_0474_ESMFold_hypothetical_protein	AF-A0A6L2PJU6-F1-model_v4	AF-A0A6L2PJU6-F1-model_v4 Uncharacterized protein	1.001E-04	1.000	148	1	270	271	15	301	497	324	0.996	0.577
LOKIASV2_0474_ESMFold_hypothetical_protein	AF-W6UGG4-F1-model_v4	AF-W6UGG4-F1-model_v4 Caspase-3	1.208E-05	1.000	148	1	270	271	34	346	511	338	0.996	0.613
LOKIASV2_0474_ESMFold_hypothetical_protein	AF-A0A7R9ECK4-F1-model_v4	AF-A0A7R9ECK4-F1-model_v4 Hypothetical protein	1.368E-05	1.000	148	2	269	271	158	435	554	311	0.989	0.502
LOKIASV2_0474_ESMFold_hypothetical_protein	AF-A0A401SSJ4-F1-model_v4	AF-A0A401SSJ4-F1-model_v4 Uncharacterized protein	3.268E-05	1.000	148	2	250	271	133	394	1048	289	0.919	0.250
LOKIASV2_0474_ESMFold_hypothetical_protein	AF-A0A3B4YKS9-F1-model_v4	AF-A0A3B4YKS9-F1-model_v4 Caspase-3-like	1.067E-05	1.000	147	1	252	271	11	266	294	293	0.930	0.871
LOKIASV2_0474_ESMFold_hypothetical_protein	AF-T1GG20-F1-model_v4	AF-T1GG20-F1-model_v4 Uncharacterized protein	6.486E-06	1.000	147	1	267	271	80	345	353	298	0.985	0.754
LOKIASV2_0474_ESMFold_hypothetical_protein	AF-A0A537N1D7-F1-model_v4	AF-A0A537N1D7-F1-model_v4 Caspase family protein	5.370E-04	1.000	146	9	185	271	5	156	159	189	0.653	0.956
LOKIASV2_0474_ESMFold_hypothetical_protein	AF-A0A158QU86-F1-model_v4	AF-A0A158QU86-F1-model_v4 Uncharacterized protein	1.135E-05	1.000	146	11	270	271	1	298	302	329	0.959	0.987
LOKIASV2_0474_ESMFold_hypothetical_protein	AF-A0A7R8WZP1-F1-model_v4	AF-A0A7R8WZP1-F1-model_v4 Hypothetical protein	4.461E-05	1.000	146	5	271	271	99	440	449	364	0.985	0.762
LOKIASV2_0474_ESMFold_hypothetical_protein	AF-A0A7S4JDL5-F1-model_v4	AF-A0A7S4JDL5-F1-model_v4 Hypothetical protein	3.265E-04	1.000	145	65	189	271	76	223	237	151	0.461	0.624
LOKIASV2_0474_ESMFold_hypothetical_protein	AF-A0A661CFA4-F1-model_v4	AF-A0A661CFA4-F1-model_v4 CASPASE_P20 domain-containing protein	1.867E-05	1.000	144	2	261	271	41	293	739	294	0.959	0.342
LOKIASV2_0474_ESMFold_hypothetical_protein	AF-A0A0L7QQK0-F1-model_v4	AF-A0A0L7QQK0-F1-model_v4 Caspase-1	7.337E-05	1.000	143	2	271	271	144	436	440	317	0.996	0.666
LOKIASV2_0474_ESMFold_hypothetical_protein	AF-A0A0K6FS81-F1-model_v4	AF-A0A0K6FS81-F1-model_v4 Uncharacterized protein	8.318E-06	1.000	143	2	248	271	192	436	571	272	0.911	0.429
LOKIASV2_0474_ESMFold_hypothetical_protein	AF-A0A6L5CNN6-F1-model_v4	AF-A0A6L5CNN6-F1-model_v4 Uncharacterized protein	3.478E-05	1.000	143	1	259	271	1	257	771	292	0.956	0.333
LOKIASV2_0474_ESMFold_hypothetical_protein	AF-A0A6P4ZRE1-F1-model_v4	AF-A0A6P4ZRE1-F1-model_v4 caspase-3-like	2.549E-05	1.000	142	2	270	271	48	380	384	353	0.993	0.867
LOKIASV2_0474_ESMFold_hypothetical_protein	AF-A0A3P9MKK6-F1-model_v4	AF-A0A3P9MKK6-F1-model_v4 Caspase 9, apoptosis-related cysteine peptidase	2.392E-04	1.000	142	1	251	271	139	437	438	313	0.926	0.683
LOKIASV2_0474_ESMFold_hypothetical_protein	AF-A0A3Q9HIV2-F1-model_v4	AF-A0A3Q9HIV2-F1-model_v4 Caspase-1 isoform 3	2.549E-05	1.000	141	1	269	271	42	331	356	312	0.993	0.815
LOKIASV2_0474_ESMFold_hypothetical_protein	AF-A0A6F9D953-F1-model_v4	AF-A0A6F9D953-F1-model_v4 Caspase-6	1.001E-04	1.000	139	2	271	271	3	328	347	347	0.996	0.939
LOKIASV2_0474_ESMFold_hypothetical_protein	AF-A0A1D5RGZ3-F1-model_v4	AF-A0A1D5RGZ3-F1-model_v4 Caspase 7	1.284E-04	1.000	139	1	271	271	179	493	519	335	1.000	0.607
LOKIASV2_0474_ESMFold_hypothetical_protein	AF-A0A834LX32-F1-model_v4	AF-A0A834LX32-F1-model_v4 Uncharacterized protein	3.268E-05	1.000	138	15	172	271	1	177	196	184	0.583	0.903
LOKIASV2_0474_ESMFold_hypothetical_protein	AF-A0A182KA67-F1-model_v4	AF-A0A182KA67-F1-model_v4 Uncharacterized protein	6.479E-05	1.000	138	2	248	271	1	255	256	288	0.911	0.996
LOKIASV2_0474_ESMFold_hypothetical_protein	AF-A0A1L9RJK2-F1-model_v4	AF-A0A1L9RJK2-F1-model_v4 Uncharacterized protein	6.088E-05	1.000	138	1	269	271	5	280	489	308	0.993	0.564
LOKIASV2_0474_ESMFold_hypothetical_protein	AF-K1Q1V8-F1-model_v4	AF-K1Q1V8-F1-model_v4 Caspase	2.712E-05	1.000	138	2	270	271	676	992	1004	341	0.993	0.316
LOKIASV2_0474_ESMFold_hypothetical_protein	AF-B0WZJ4-F1-model_v4	AF-B0WZJ4-F1-model_v4 Caspase-3	6.088E-05	1.000	137	2	253	271	106	359	359	272	0.930	0.708
LOKIASV2_0474_ESMFold_hypothetical_protein	AF-A0A3Q1BFX1-F1-model_v4	AF-A0A3Q1BFX1-F1-model_v4 Caspase-3-like	4.192E-05	1.000	136	2	254	271	15	271	386	292	0.934	0.666
LOKIASV2_0474_ESMFold_hypothetical_protein	AF-A0A4E0R8J1-F1-model_v4	AF-A0A4E0R8J1-F1-model_v4 Caspase-3	4.192E-05	1.000	135	2	270	271	25	343	357	346	0.993	0.894
LOKIASV2_0474_ESMFold_hypothetical_protein	AF-A0A7W7TXU1-F1-model_v4	AF-A0A7W7TXU1-F1-model_v4 Uncharacterized protein	8.309E-05	1.000	134	3	262	271	4	287	633	298	0.959	0.449
LOKIASV2_0474_ESMFold_hypothetical_protein	AF-A0A7R8X455-F1-model_v4	AF-A0A7R8X455-F1-model_v4 Hypothetical protein	7.808E-05	1.000	133	2	270	271	113	431	437	358	0.993	0.730
LOKIASV2_0474_ESMFold_hypothetical_protein	AF-A0A670ZIC7-F1-model_v4	AF-A0A670ZIC7-F1-model_v4 Caspase 9	6.479E-05	1.000	131	16	269	271	99	382	412	304	0.937	0.689
LOKIASV2_0474_ESMFold_hypothetical_protein	AF-A0A2E0AYK8-F1-model_v4	AF-A0A2E0AYK8-F1-model_v4 FGE-sulfatase domain-containing protein	1.753E-04	1.000	129	2	185	271	11	196	490	205	0.679	0.380
LOKIASV2_0474_ESMFold_hypothetical_protein	AF-A5UUU3-F1-model_v4	AF-A5UUU3-F1-model_v4 CHAT domain-containing protein	4.747E-05	1.000	128	2	263	271	281	526	528	275	0.967	0.466
LOKIASV2_0474_ESMFold_hypothetical_protein	AF-E9JEH0-F1-model_v4	AF-E9JEH0-F1-model_v4 Caspase-X	1.001E-04	1.000	127	4	256	271	76	343	356	294	0.934	0.753
LOKIASV2_0474_ESMFold_hypothetical_protein	AF-A0A3R7PFM3-F1-model_v4	AF-A0A3R7PFM3-F1-model_v4 Caspase 2	3.068E-04	1.000	126	2	271	271	1	268	271	310	0.996	0.989
LOKIASV2_0474_ESMFold_hypothetical_protein	AF-A0A0E3VYT3-F1-model_v4	AF-A0A0E3VYT3-F1-model_v4 Caspase 6	1.985E-04	1.000	126	2	270	271	9	347	352	375	0.993	0.963
LOKIASV2_0474_ESMFold_hypothetical_protein	AF-A0A0F7VBQ7-F1-model_v4	AF-A0A0F7VBQ7-F1-model_v4 ICE-like protease (Caspase) p20 domain-containing protein	1.000E-03	1.000	126	2	259	271	346	863	1097	520	0.952	0.472
LOKIASV2_0474_ESMFold_hypothetical_protein	AF-A0A091JRD7-F1-model_v4	AF-A0A091JRD7-F1-model_v4 Caspase-9	7.800E-04	1.000	124	2	233	271	71	328	329	286	0.856	0.784
LOKIASV2_0474_ESMFold_hypothetical_protein	AF-A0A450ZLM1-F1-model_v4	AF-A0A450ZLM1-F1-model_v4 Caspase domain-containing protein	6.082E-04	1.000	123	2	170	271	37	191	201	181	0.624	0.771
LOKIASV2_0474_ESMFold_hypothetical_protein	AF-Q5JRU2-F1-model_v4	AF-Q5JRU2-F1-model_v4 Caspase-9	4.742E-04	1.000	122	1	188	271	15	206	266	205	0.694	0.722
LOKIASV2_0474_ESMFold_hypothetical_protein	AF-A0A812UVT5-F1-model_v4	AF-A0A812UVT5-F1-model_v4 Hypothetical protein	3.265E-04	1.000	122	2	252	271	63	281	337	263	0.926	0.650
LOKIASV2_0474_ESMFold_hypothetical_protein	AF-A0A060XMN7-F1-model_v4	AF-A0A060XMN7-F1-model_v4 Uncharacterized protein	1.000E-03	1.000	122	1	189	271	193	388	407	205	0.697	0.482
LOKIASV2_0474_ESMFold_hypothetical_protein	AF-A0A6P8TY33-F1-model_v4	AF-A0A6P8TY33-F1-model_v4 caspase-10 isoform X2	2.392E-04	1.000	121	1	189	271	251	421	444	196	0.697	0.385
LOKIASV2_0474_ESMFold_hypothetical_protein	AF-A0A6A0H7C5-F1-model_v4	AF-A0A6A0H7C5-F1-model_v4 CASPASE_P20 domain-containing protein	1.134E-04	1.000	120	2	217	271	6	232	233	256	0.797	0.974
LOKIASV2_0474_ESMFold_hypothetical_protein	AF-A0A2G8KU04-F1-model_v4	AF-A0A2G8KU04-F1-model_v4 Uncharacterized protein	1.207E-04	1.000	119	2	243	271	429	707	708	295	0.893	0.394
LOKIASV2_0474_ESMFold_hypothetical_protein	AF-A0A6L5DD03-F1-model_v4	AF-A0A6L5DD03-F1-model_v4 CASPASE_P20 domain-containing protein	1.284E-04	1.000	118	1	252	271	79	316	318	279	0.930	0.748
LOKIASV2_0474_ESMFold_hypothetical_protein	AF-A0A074RXI3-F1-model_v4	AF-A0A074RXI3-F1-model_v4 Uncharacterized protein	6.479E-05	1.000	117	2	248	271	101	358	466	285	0.911	0.554
LOKIASV2_0474_ESMFold_hypothetical_protein	AF-A0A4Z2D161-F1-model_v4	AF-A0A4Z2D161-F1-model_v4 Caspase-7 isoform 2	5.046E-04	1.000	116	1	186	271	41	211	283	197	0.686	0.604
LOKIASV2_0474_ESMFold_hypothetical_protein	AF-G0XQG9-F1-model_v4	AF-G0XQG9-F1-model_v4 Caspase-4	5.370E-04	1.000	116	2	187	271	104	282	352	200	0.686	0.509
LOKIASV2_0474_ESMFold_hypothetical_protein	AF-A0A0N8P081-F1-model_v4	AF-A0A0N8P081-F1-model_v4 Uncharacterized protein	1.867E-05	1.000	116	48	259	271	38	252	535	237	0.782	0.402
LOKIASV2_0474_ESMFold_hypothetical_protein	AF-A0A6A4S2D5-F1-model_v4	AF-A0A6A4S2D5-F1-model_v4 Uncharacterized protein	1.865E-04	1.000	116	1	256	271	311	570	846	295	0.945	0.307
LOKIASV2_0474_ESMFold_hypothetical_protein	AF-A0A6L5DAU7-F1-model_v4	AF-A0A6L5DAU7-F1-model_v4 Uncharacterized protein	5.370E-04	1.000	115	1	246	271	6	251	288	268	0.908	0.854
LOKIASV2_0474_ESMFold_hypothetical_protein	AF-A0A6I9WL82-F1-model_v4	AF-A0A6I9WL82-F1-model_v4 caspase-8-like	1.000E-03	1.000	115	14	189	271	215	374	383	193	0.649	0.418
LOKIASV2_0474_ESMFold_hypothetical_protein	AF-A0A1E1W435-F1-model_v4	AF-A0A1E1W435-F1-model_v4 Uncharacterized protein	1.064E-03	1.000	113	2	186	271	128	332	342	216	0.683	0.599
LOKIASV2_0474_ESMFold_hypothetical_protein	AF-A0A452CC38-F1-model_v4	AF-A0A452CC38-F1-model_v4 caspase-9 isoform X3	7.800E-04	1.000	113	2	188	271	99	288	350	210	0.690	0.543
LOKIASV2_0474_ESMFold_hypothetical_protein	AF-A0A6J1T0X8-F1-model_v4	AF-A0A6J1T0X8-F1-model_v4 uncharacterized protein LOC113212611	1.751E-03	1.000	111	2	261	271	400	692	723	325	0.959	0.405
LOKIASV2_0474_ESMFold_hypothetical_protein	AF-A0A813B7T2-F1-model_v4	AF-A0A813B7T2-F1-model_v4 ANK2 protein	1.367E-04	1.000	111	2	185	271	613	802	887	199	0.679	0.214
LOKIASV2_0474_ESMFold_hypothetical_protein	AF-A0A1I8GHM0-F1-model_v4	AF-A0A1I8GHM0-F1-model_v4 Uncharacterized protein	1.453E-03	1.000	110	12	271	271	29	305	318	298	0.959	0.871
LOKIASV2_0474_ESMFold_hypothetical_protein	AF-A0A6J1ZNF6-F1-model_v4	AF-A0A6J1ZNF6-F1-model_v4 caspase-7 isoform X3	5.715E-04	1.000	109	1	189	271	9	189	293	202	0.697	0.618
LOKIASV2_0474_ESMFold_hypothetical_protein	AF-A0A341CB43-F1-model_v4	AF-A0A341CB43-F1-model_v4 caspase-7 isoform X2	1.283E-03	1.000	108	1	188	271	28	215	257	205	0.694	0.732
LOKIASV2_0474_ESMFold_hypothetical_protein	AF-M3WFU7-F1-model_v4	AF-M3WFU7-F1-model_v4 Caspase 7	8.309E-05	1.000	108	1	216	271	9	238	320	256	0.797	0.719
LOKIASV2_0474_ESMFold_hypothetical_protein	AF-A0A1A8P3U7-F1-model_v4	AF-A0A1A8P3U7-F1-model_v4 Caspase 9, apoptosis-related cysteine protease	8.300E-04	1.000	107	1	188	271	96	301	372	214	0.694	0.554
LOKIASV2_0474_ESMFold_hypothetical_protein	AF-Q5DG96-F1-model_v4	AF-Q5DG96-F1-model_v4 SJCHGC07996 protein	1.064E-03	1.000	106	1	188	271	42	199	239	199	0.694	0.661
LOKIASV2_0474_ESMFold_hypothetical_protein	AF-A0A834KDQ1-F1-model_v4	AF-A0A834KDQ1-F1-model_v4 Uncharacterized protein	2.110E-03	1.000	106	2	189	271	32	217	271	204	0.694	0.686
LOKIASV2_0474_ESMFold_hypothetical_protein	AF-A0A2K5VNW1-F1-model_v4	AF-A0A2K5VNW1-F1-model_v4 Caspase 9	5.715E-04	1.000	106	1	221	271	48	256	301	236	0.815	0.694
LOKIASV2_0474_ESMFold_hypothetical_protein	AF-A0A851ZVU7-F1-model_v4	AF-A0A851ZVU7-F1-model_v4 CASP9 protein	1.546E-03	1.000	106	4	188	271	93	287	348	209	0.683	0.560
LOKIASV2_0474_ESMFold_hypothetical_protein	AF-A0A3Q0R7C0-F1-model_v4	AF-A0A3Q0R7C0-F1-model_v4 Uncharacterized protein	1.453E-03	1.000	104	9	252	271	1	227	257	274	0.900	0.883
LOKIASV2_0474_ESMFold_hypothetical_protein	AF-Q4R737-F1-model_v4	AF-Q4R737-F1-model_v4 Testis cDNA, clone: QtsA-16423, similar to human caspase 9, apoptosis-related cysteine protease (CASP9),transcript variant alpha	2.543E-03	1.000	103	2	188	271	27	235	239	219	0.690	0.874
LOKIASV2_0474_ESMFold_hypothetical_protein	AF-A0A3B5LBX8-F1-model_v4	AF-A0A3B5LBX8-F1-model_v4 Uncharacterized protein	2.110E-03	1.000	102	2	189	271	7	186	285	203	0.694	0.632
LOKIASV2_0474_ESMFold_hypothetical_protein	AF-K1PUG0-F1-model_v4	AF-K1PUG0-F1-model_v4 Serum paraoxonase/arylesterase 1	9.400E-04	1.000	102	2	185	271	55	246	732	211	0.679	0.262
LOKIASV2_0474_ESMFold_hypothetical_protein	AF-A0A350ZWG6-F1-model_v4	AF-A0A350ZWG6-F1-model_v4 CASPASE_P20 domain-containing protein	3.061E-02	1.000	101	50	154	271	6	115	116	112	0.387	0.948
LOKIASV2_0474_ESMFold_hypothetical_protein	AF-A0A7R8D380-F1-model_v4	AF-A0A7R8D380-F1-model_v4 CASP7	4.742E-04	1.000	101	2	208	271	89	325	382	255	0.764	0.620
LOKIASV2_0474_ESMFold_hypothetical_protein	AF-A0A814T3N3-F1-model_v4	AF-A0A814T3N3-F1-model_v4 Hypothetical protein	4.737E-03	1.000	101	2	264	271	248	502	507	299	0.970	0.503
LOKIASV2_0474_ESMFold_hypothetical_protein	AF-G0XQH0-F1-model_v4	AF-G0XQH0-F1-model_v4 Caspase-4	1.206E-03	0.999	99	2	193	271	16	217	260	218	0.708	0.777
LOKIASV2_0474_ESMFold_hypothetical_protein	AF-A0A2T7PVR9-F1-model_v4	AF-A0A2T7PVR9-F1-model_v4 CASPASE_P20 domain-containing protein	3.065E-03	0.999	99	6	190	271	1	180	264	197	0.683	0.682
LOKIASV2_0474_ESMFold_hypothetical_protein	AF-A0A3B5LKC7-F1-model_v4	AF-A0A3B5LKC7-F1-model_v4 Uncharacterized protein	1.546E-03	0.999	99	1	189	271	1	176	275	204	0.697	0.640
LOKIASV2_0474_ESMFold_hypothetical_protein	AF-A0A401Q501-F1-model_v4	AF-A0A401Q501-F1-model_v4 CASPASE_P20 domain-containing protein	3.261E-03	0.999	99	1	189	271	17	210	277	209	0.697	0.700
LOKIASV2_0474_ESMFold_hypothetical_protein	AF-A0A5F5XTT6-F1-model_v4	AF-A0A5F5XTT6-F1-model_v4 Caspase 7	8.300E-04	0.999	99	1	190	271	9	189	409	205	0.701	0.443
LOKIASV2_0474_ESMFold_hypothetical_protein	AF-A0A7J6T9A9-F1-model_v4	AF-A0A7J6T9A9-F1-model_v4 Vacuolar protein sorting-associated protein 26A	8.300E-04	0.999	99	2	237	271	16	255	452	264	0.871	0.531
LOKIASV2_0474_ESMFold_hypothetical_protein	AF-A0A673X8L0-F1-model_v4	AF-A0A673X8L0-F1-model_v4 Caspase 7	1.133E-03	0.999	98	2	240	271	4	264	283	286	0.882	0.922
LOKIASV2_0474_ESMFold_hypothetical_protein	AF-A0A6A4T0J2-F1-model_v4	AF-A0A6A4T0J2-F1-model_v4 Uncharacterized protein	1.645E-03	0.999	98	1	186	271	96	299	493	216	0.686	0.414
LOKIASV2_0474_ESMFold_hypothetical_protein	AF-A0A2J8PCF3-F1-model_v4	AF-A0A2J8PCF3-F1-model_v4 CASP7 isoform 11	8.823E-03	0.998	95	1	188	271	1	188	222	206	0.694	0.847
LOKIASV2_0474_ESMFold_hypothetical_protein	AF-A0A430Q5B0-F1-model_v4	AF-A0A430Q5B0-F1-model_v4 Caspase 7	4.737E-03	0.997	92	2	186	271	19	188	190	200	0.683	0.895
LOKIASV2_0474_ESMFold_hypothetical_protein	AF-A0A4Z2HPC9-F1-model_v4	AF-A0A4Z2HPC9-F1-model_v4 Caspase-7	1.133E-03	0.997	92	2	217	271	18	208	240	224	0.797	0.796
LOKIASV2_0474_ESMFold_hypothetical_protein	AF-A0A0U1XP44-F1-model_v4	AF-A0A0U1XP44-F1-model_v4 Caspase 9	5.709E-03	0.997	91	2	189	271	84	293	322	229	0.694	0.652
LOKIASV2_0474_ESMFold_hypothetical_protein	AF-A0A443S126-F1-model_v4	AF-A0A443S126-F1-model_v4 Uncharacterized protein	4.446E-02	0.995	88	48	174	271	214	341	388	133	0.469	0.330
LOKIASV2_0474_ESMFold_hypothetical_protein	AF-A0A6G0HYF6-F1-model_v4	AF-A0A6G0HYF6-F1-model_v4 Caspase-7	1.204E-02	0.993	86	2	185	271	6	190	199	204	0.679	0.930
LOKIASV2_0474_ESMFold_hypothetical_protein	AF-A0A183WJ78-F1-model_v4	AF-A0A183WJ78-F1-model_v4 CASPASE_P20 domain-containing protein	5.041E-03	0.993	86	2	185	271	15	204	217	211	0.679	0.876
LOKIASV2_0474_ESMFold_hypothetical_protein	AF-A0A0R3W6V0-F1-model_v4	AF-A0A0R3W6V0-F1-model_v4 CASPASE_P20 domain-containing protein	6.465E-03	0.992	85	2	183	271	6	199	207	209	0.672	0.937
LOKIASV2_0474_ESMFold_hypothetical_protein	AF-Q69HP8-F1-model_v4	AF-Q69HP8-F1-model_v4 Caspase-1-like	1.063E-02	0.992	85	9	204	271	1	180	254	217	0.723	0.709
LOKIASV2_0474_ESMFold_hypothetical_protein	AF-A0A139XNP1-F1-model_v4	AF-A0A139XNP1-F1-model_v4 ICE family protease (Caspase) p20 domain-containing protein	1.749E-02	0.992	85	2	193	271	346	666	796	323	0.708	0.403
LOKIASV2_0474_ESMFold_hypothetical_protein	AF-A0A4C1SU40-F1-model_v4	AF-A0A4C1SU40-F1-model_v4 Caspase-1	4.737E-03	0.988	82	2	185	271	107	288	289	205	0.679	0.630
LOKIASV2_0474_ESMFold_hypothetical_protein	AF-A0A6P4E6J7-F1-model_v4	AF-A0A6P4E6J7-F1-model_v4 caspase-1-like	1.063E-02	0.984	80	2	188	271	34	208	210	194	0.690	0.833
LOKIASV2_0474_ESMFold_hypothetical_protein	AF-A0A7L3AWG9-F1-model_v4	AF-A0A7L3AWG9-F1-model_v4 CASP7 protein	2.108E-02	0.981	79	1	183	271	7	187	188	206	0.675	0.963
LOKIASV2_0474_ESMFold_hypothetical_protein	AF-A0A6I9WWA2-F1-model_v4	AF-A0A6I9WWA2-F1-model_v4 caspase-6	4.446E-02	0.981	79	1	186	271	14	181	194	199	0.686	0.866
LOKIASV2_0474_ESMFold_hypothetical_protein	AF-A0A1A8F243-F1-model_v4	AF-A0A1A8F243-F1-model_v4 Caspase 8, apoptosis-related cysteine peptidase, like 2	4.737E-03	0.981	79	1	186	271	102	284	319	210	0.686	0.574
LOKIASV2_0474_ESMFold_hypothetical_protein	AF-A0A151H7Q3-F1-model_v4	AF-A0A151H7Q3-F1-model_v4 ICE family protease (Caspase) p20 domain-containing protein	3.467E-02	0.981	79	2	197	271	356	670	708	328	0.723	0.445
LOKIASV2_0474_ESMFold_hypothetical_protein	AF-A0A0X3NXQ3-F1-model_v4	AF-A0A0X3NXQ3-F1-model_v4 CASPASE_P20 domain-containing protein	6.465E-03	0.978	78	2	185	271	77	240	252	203	0.679	0.651
LOKIASV2_0474_ESMFold_hypothetical_protein	AF-A0A1S3NAS7-F1-model_v4	AF-A0A1S3NAS7-F1-model_v4 caspase-6-like	4.732E-02	0.971	76	1	186	271	27	223	253	212	0.686	0.779
LOKIASV2_0474_ESMFold_hypothetical_protein	AF-A0A0G2T9Q3-F1-model_v4	AF-A0A0G2T9Q3-F1-model_v4 Caspase-3	8.814E-02	0.961	74	2	169	271	8	162	172	173	0.620	0.901
LOKIASV2_0474_ESMFold_hypothetical_protein	AF-A0A267EI05-F1-model_v4	AF-A0A267EI05-F1-model_v4 CASPASE_P20 domain-containing protein	5.035E-02	0.961	74	2	174	271	430	602	605	186	0.638	0.286
LOKIASV2_0474_ESMFold_hypothetical_protein	AF-A0A2K6CQG1-F1-model_v4	AF-A0A2K6CQG1-F1-model_v4 Caspase 7	6.872E-02	0.872	65	1	215	271	1	186	248	228	0.793	0.750
LOKIASV2_0474_ESMFold_hypothetical_protein	AF-A0A0Q9XM75-F1-model_v4	AF-A0A0Q9XM75-F1-model_v4 Uncharacterized protein, isoform B	3.258E-02	0.872	65	1	185	271	14	223	256	223	0.683	0.820
LOKIASV2_0474_ESMFold_hypothetical_protein	AF-A0A323VEC0-F1-model_v4	AF-A0A323VEC0-F1-model_v4 Lysophospholipase L1-like esterase	1.643E-02	0.772	60	2	192	271	4	176	248	205	0.705	0.698
LOKIASV2_0474_ESMFold_hypothetical_protein	AF-A0A836V0P9-F1-model_v4	AF-A0A836V0P9-F1-model_v4 Uncharacterized protein	5.035E-02	0.720	58	1	183	271	36	273	373	256	0.675	0.638
LOKIASV2_0474_ESMFold_hypothetical_protein	AF-A0A0A9XP85-F1-model_v4	AF-A0A0A9XP85-F1-model_v4 Caspase-1	3.922E-01	0.632	55	1	141	271	153	303	319	155	0.520	0.473
LOKIASV2_0474_ESMFold_hypothetical_protein	AF-A0A3M0W0A6-F1-model_v4	AF-A0A3M0W0A6-F1-model_v4 DUF676 domain-containing protein	3.689E-02	0.632	55	1	185	271	2	177	369	200	0.683	0.477
LOKIASV2_0474_ESMFold_hypothetical_protein	AF-A0A5M8PFE1-F1-model_v4	AF-A0A5M8PFE1-F1-model_v4 Uncharacterized protein	3.467E-02	0.601	54	1	182	271	1	174	682	202	0.672	0.255
LOKIASV2_0474_ESMFold_hypothetical_protein	AF-A0A3A9B1D3-F1-model_v4	AF-A0A3A9B1D3-F1-model_v4 Peripla_BP_4 domain-containing protein	6.458E-02	0.537	52	3	256	271	1	242	420	285	0.937	0.576
LOKIASV2_0474_ESMFold_hypothetical_protein	AF-A0A1H8FJ41-F1-model_v4	AF-A0A1H8FJ41-F1-model_v4 Acyl-CoA thioesterase-1	1.859E-01	0.505	51	1	182	271	4	171	249	202	0.672	0.675
LOKIASV2_0474_ESMFold_hypothetical_protein	AF-A0A821TIK1-F1-model_v4	AF-A0A821TIK1-F1-model_v4 Hypothetical protein	7.305E-01	0.505	51	1	137	271	151	276	281	144	0.506	0.448
LOKIASV2_0474_ESMFold_hypothetical_protein	AF-A0A1T3NUP6-F1-model_v4	AF-A0A1T3NUP6-F1-model_v4 TIR domain-containing protein	1.979E-01	0.505	51	2	183	271	101	256	582	191	0.672	0.268
LOKIASV2_0474_ESMFold_hypothetical_protein	AF-A0A3M7I1J8-F1-model_v4	AF-A0A3M7I1J8-F1-model_v4 AB hydrolase-1 domain-containing protein	2.108E-02	0.473	50	2	193	271	29	209	860	210	0.708	0.210
LOKIASV2_0474_ESMFold_hypothetical_protein	AF-A0A2N1W9Y9-F1-model_v4	AF-A0A2N1W9Y9-F1-model_v4 Arylesterase	1.450E-01	0.411	48	1	196	271	41	212	277	211	0.723	0.621
LOKIASV2_0474_ESMFold_hypothetical_protein	AF-A0A7T9JTE9-F1-model_v4	AF-A0A7T9JTE9-F1-model_v4 Penicillin-binding protein activator	6.458E-02	0.411	48	2	256	271	8	223	422	265	0.941	0.512
LOKIASV2_0474_ESMFold_hypothetical_protein	AF-A0A2B7Y454-F1-model_v4	AF-A0A2B7Y454-F1-model_v4 Uncharacterized protein	5.702E-02	0.411	48	2	185	271	20	197	662	207	0.679	0.269
LOKIASV2_0474_ESMFold_hypothetical_protein	AF-M2NMN1-F1-model_v4	AF-M2NMN1-F1-model_v4 Uncharacterized protein	6.458E-02	0.411	48	1	185	271	14	181	734	203	0.683	0.229
LOKIASV2_0474_ESMFold_hypothetical_protein	AF-A0A5N6KTU0-F1-model_v4	AF-A0A5N6KTU0-F1-model_v4 Uncharacterized protein	7.313E-02	0.411	48	2	185	271	46	221	863	208	0.679	0.204
LOKIASV2_0474_ESMFold_hypothetical_protein	AF-A0A2N3DTH3-F1-model_v4	AF-A0A2N3DTH3-F1-model_v4 Arylesterase	9.379E-02	0.382	47	2	141	271	4	133	176	143	0.517	0.739
LOKIASV2_0474_ESMFold_hypothetical_protein	AF-A0A2E2U068-F1-model_v4	AF-A0A2E2U068-F1-model_v4 Arylesterase	1.747E-01	0.382	47	2	181	271	5	149	227	193	0.664	0.639
LOKIASV2_0474_ESMFold_hypothetical_protein	AF-A0A848VPN5-F1-model_v4	AF-A0A848VPN5-F1-model_v4 Arylesterase	9.981E-02	0.382	47	1	192	271	10	183	254	206	0.708	0.685
LOKIASV2_0474_ESMFold_hypothetical_protein	AF-A0A556ABT0-F1-model_v4	AF-A0A556ABT0-F1-model_v4 Arylesterase	1.280E-01	0.382	47	1	141	271	1	121	254	142	0.520	0.476
LOKIASV2_0474_ESMFold_hypothetical_protein	AF-K1WQA6-F1-model_v4	AF-K1WQA6-F1-model_v4 Pyroglutamyl-peptidase	3.685E-01	0.382	47	1	142	271	65	213	357	163	0.524	0.417
LOKIASV2_0474_ESMFold_hypothetical_protein	AF-A0A3D5MMY2-F1-model_v4	AF-A0A3D5MMY2-F1-model_v4 Uncharacterized protein	1.062E-01	0.382	47	2	253	271	26	272	560	293	0.930	0.441
LOKIASV2_0474_ESMFold_hypothetical_protein	AF-E4ZKB9-F1-model_v4	AF-E4ZKB9-F1-model_v4 Predicted protein	6.872E-02	0.382	47	1	185	271	302	451	1140	196	0.683	0.132
LOKIASV2_0474_ESMFold_hypothetical_protein	AF-A0A3F3MPL3-F1-model_v4	AF-A0A3F3MPL3-F1-model_v4 Type 1 glutamine amidotransferase domain-containing protein	2.241E-01	0.353	46	2	141	271	7	141	141	164	0.517	0.957
LOKIASV2_0474_ESMFold_hypothetical_protein	AF-A0A2V1GYU5-F1-model_v4	AF-A0A2V1GYU5-F1-model_v4 Arylesterase	3.463E-01	0.353	46	1	182	271	12	159	233	196	0.672	0.635
LOKIASV2_0474_ESMFold_hypothetical_protein	AF-A0A3C0HL93-F1-model_v4	AF-A0A3C0HL93-F1-model_v4 Arylesterase	1.543E-01	0.353	46	1	182	271	17	185	297	205	0.672	0.569
LOKIASV2_0474_ESMFold_hypothetical_protein	AF-A0A521U6J2-F1-model_v4	AF-A0A521U6J2-F1-model_v4 Triacylglycerol lipase	1.979E-01	0.353	46	1	189	271	6	179	358	207	0.697	0.486
LOKIASV2_0474_ESMFold_hypothetical_protein	AF-A0A2T6ZGP2-F1-model_v4	AF-A0A2T6ZGP2-F1-model_v4 DUF676 domain-containing protein	7.313E-02	0.353	46	2	185	271	23	187	716	205	0.679	0.230
LOKIASV2_0474_ESMFold_hypothetical_protein	AF-G0S817-F1-model_v4	AF-G0S817-F1-model_v4 AB hydrolase-1 domain-containing protein	5.358E-02	0.353	46	1	185	271	34	211	741	216	0.683	0.240
LOKIASV2_0474_ESMFold_hypothetical_protein	AF-A0A6G1GWS0-F1-model_v4	AF-A0A6G1GWS0-F1-model_v4 Uncharacterized protein	5.702E-02	0.353	46	2	185	271	50	209	830	199	0.679	0.193
LOKIASV2_0474_ESMFold_hypothetical_protein	AF-V4XZF9-F1-model_v4	AF-V4XZF9-F1-model_v4 Esterase TesA	3.058E-01	0.326	45	2	182	271	12	179	257	199	0.668	0.654
LOKIASV2_0474_ESMFold_hypothetical_protein	AF-A0A3M6QSK8-F1-model_v4	AF-A0A3M6QSK8-F1-model_v4 Arylesterase	3.254E-01	0.326	45	1	182	271	15	180	259	197	0.672	0.641
LOKIASV2_0474_ESMFold_hypothetical_protein	AF-A0A522JGM2-F1-model_v4	AF-A0A522JGM2-F1-model_v4 Arylesterase	2.874E-01	0.326	45	2	182	271	16	180	264	201	0.668	0.625
LOKIASV2_0474_ESMFold_hypothetical_protein	AF-A0A518EZD8-F1-model_v4	AF-A0A518EZD8-F1-model_v4 Esterase TesA	3.254E-01	0.326	45	2	182	271	16	179	267	197	0.668	0.614
LOKIASV2_0474_ESMFold_hypothetical_protein	AF-A0A7W9UMG3-F1-model_v4	AF-A0A7W9UMG3-F1-model_v4 Uncharacterized protein	2.874E-01	0.326	45	2	141	271	34	171	331	146	0.517	0.417
LOKIASV2_0474_ESMFold_hypothetical_protein	AF-A0A3M6XGQ0-F1-model_v4	AF-A0A3M6XGQ0-F1-model_v4 AB hydrolase-1 domain-containing protein	2.241E-01	0.326	45	2	182	271	14	195	689	200	0.668	0.264
LOKIASV2_0474_ESMFold_hypothetical_protein	AF-A0A0F4YMS3-F1-model_v4	AF-A0A0F4YMS3-F1-model_v4 Uncharacterized protein	3.689E-02	0.326	45	1	185	271	9	179	700	206	0.683	0.244
LOKIASV2_0474_ESMFold_hypothetical_protein	AF-A0A843BAF4-F1-model_v4	AF-A0A843BAF4-F1-model_v4 Arylesterase	3.685E-01	0.301	44	1	182	271	9	169	246	196	0.672	0.654
LOKIASV2_0474_ESMFold_hypothetical_protein	AF-A0A2T2U8I5-F1-model_v4	AF-A0A2T2U8I5-F1-model_v4 Arylesterase	4.174E-01	0.301	44	1	182	271	5	166	281	198	0.672	0.577
LOKIASV2_0474_ESMFold_hypothetical_protein	AF-A0A2T4BF99-F1-model_v4	AF-A0A2T4BF99-F1-model_v4 DUF676 domain-containing protein	1.450E-01	0.301	44	1	185	271	38	198	708	201	0.683	0.227
LOKIASV2_0474_ESMFold_hypothetical_protein	AF-A0A3N4KAQ5-F1-model_v4	AF-A0A3N4KAQ5-F1-model_v4 GPI inositol-deacylase	8.814E-02	0.301	44	2	185	271	29	193	901	204	0.679	0.183
LOKIASV2_0474_ESMFold_hypothetical_protein	AF-A0A1H4UEA9-F1-model_v4	AF-A0A1H4UEA9-F1-model_v4 Alpha-tubulin suppressor	1.979E-01	0.301	44	1	190	271	11	207	1017	228	0.701	0.194
LOKIASV2_0474_ESMFold_hypothetical_protein	AF-A0A7J7DT80-F1-model_v4	AF-A0A7J7DT80-F1-model_v4 Uncharacterized protein	4.726E-01	0.277	43	2	137	271	36	175	199	146	0.502	0.704
LOKIASV2_0474_ESMFold_hypothetical_protein	AF-A0A7T7XJ43-F1-model_v4	AF-A0A7T7XJ43-F1-model_v4 Arylesterase	1.859E-01	0.277	43	1	249	271	1	228	230	296	0.919	0.991
LOKIASV2_0474_ESMFold_hypothetical_protein	AF-A0A7Y3CX23-F1-model_v4	AF-A0A7Y3CX23-F1-model_v4 Arylesterase	4.441E-01	0.277	43	2	141	271	8	137	245	148	0.517	0.531
LOKIASV2_0474_ESMFold_hypothetical_protein	AF-D9Y7T7-F1-model_v4	AF-D9Y7T7-F1-model_v4 Tat pathway signal sequence domain protein	6.451E-01	0.277	43	1	113	271	27	122	295	115	0.417	0.325
LOKIASV2_0474_ESMFold_hypothetical_protein	AF-A0A136KIF7-F1-model_v4	AF-A0A136KIF7-F1-model_v4 Transposon Tn3 resolvase	6.062E-01	0.277	43	2	137	271	42	155	453	141	0.502	0.252
LOKIASV2_0474_ESMFold_hypothetical_protein	AF-R5TAJ7-F1-model_v4	AF-R5TAJ7-F1-model_v4 Putative branched-chain amino acid ABC transporter periplasmic amino acid-binding protein	6.865E-01	0.277	43	2	248	271	103	314	501	268	0.911	0.423
LOKIASV2_0474_ESMFold_hypothetical_protein	AF-A0A518BDB1-F1-model_v4	AF-A0A518BDB1-F1-model_v4 Esterase TesA	3.058E-01	0.254	42	1	182	271	3	165	243	199	0.672	0.671
LOKIASV2_0474_ESMFold_hypothetical_protein	AF-A0A2V7YBW3-F1-model_v4	AF-A0A2V7YBW3-F1-model_v4 Arylesterase	3.463E-01	0.254	42	2	192	271	4	173	253	206	0.705	0.672
LOKIASV2_0474_ESMFold_hypothetical_protein	AF-A0A329KF04-F1-model_v4	AF-A0A329KF04-F1-model_v4 Cutinase family protein	1.362E-01	0.254	42	2	194	271	18	203	258	219	0.712	0.721
LOKIASV2_0474_ESMFold_hypothetical_protein	AF-A0A1Y0ET32-F1-model_v4	AF-A0A1Y0ET32-F1-model_v4 Arylesterase	3.922E-01	0.254	42	2	182	271	15	183	263	195	0.668	0.643
LOKIASV2_0474_ESMFold_hypothetical_protein	AF-A0A7T8RY70-F1-model_v4	AF-A0A7T8RY70-F1-model_v4 Arylesterase	4.174E-01	0.254	42	1	196	271	34	199	263	215	0.723	0.631
LOKIASV2_0474_ESMFold_hypothetical_protein	AF-A0A1H2PVY4-F1-model_v4	AF-A0A1H2PVY4-F1-model_v4 Acyl-CoA thioesterase-1	6.865E-01	0.254	42	2	182	271	34	194	271	206	0.668	0.594
LOKIASV2_0474_ESMFold_hypothetical_protein	AF-A0A5C7FQ53-F1-model_v4	AF-A0A5C7FQ53-F1-model_v4 Type 1 glutamine amidotransferase domain-containing protein	2.874E-01	0.254	42	1	182	271	34	214	312	213	0.672	0.580
LOKIASV2_0474_ESMFold_hypothetical_protein	AF-A0A0R1DUL0-F1-model_v4	AF-A0A0R1DUL0-F1-model_v4 Uncharacterized protein, isoform B	2.103E+00	0.254	42	2	122	271	235	366	367	137	0.446	0.360
LOKIASV2_0474_ESMFold_hypothetical_protein	AF-A0A358Z812-F1-model_v4	AF-A0A358Z812-F1-model_v4 Arylesterase	3.922E-01	0.233	41	2	182	271	3	177	250	201	0.668	0.700
LOKIASV2_0474_ESMFold_hypothetical_protein	AF-A7C1V2-F1-model_v4	AF-A7C1V2-F1-model_v4 GDSL-like Lipase/Acylhydrolase	4.441E-01	0.233	41	1	182	271	1	170	268	202	0.672	0.634
LOKIASV2_0474_ESMFold_hypothetical_protein	AF-A0A4W2EXH1-F1-model_v4	AF-A0A4W2EXH1-F1-model_v4 Pyroglutamyl-peptidase I	6.451E-01	0.233	41	2	161	271	47	221	287	197	0.590	0.610
LOKIASV2_0474_ESMFold_hypothetical_protein	AF-A0A7G1KQV7-F1-model_v4	AF-A0A7G1KQV7-F1-model_v4 Uncharacterized protein	4.726E-01	0.233	41	2	141	271	67	203	363	150	0.517	0.377
LOKIASV2_0474_ESMFold_hypothetical_protein	AF-A0A6I0ESW7-F1-model_v4	AF-A0A6I0ESW7-F1-model_v4 Alpha/beta hydrolase	1.279E+00	0.233	41	2	144	271	97	230	370	146	0.528	0.362
LOKIASV2_0474_ESMFold_hypothetical_protein	AF-A0A6I9Y1X9-F1-model_v4	AF-A0A6I9Y1X9-F1-model_v4 mitogen-activated protein kinase kinase kinase 15-like	3.058E-01	0.233	41	2	252	271	8	270	386	309	0.926	0.681
LOKIASV2_0474_ESMFold_hypothetical_protein	AF-A0A3S3NQI0-F1-model_v4	AF-A0A3S3NQI0-F1-model_v4 Violaxanthin de-epoxidase, chloroplastic	3.254E-01	0.233	41	1	246	271	1	241	538	285	0.908	0.448
LOKIASV2_0474_ESMFold_hypothetical_protein	AF-A0A0S6X2N7-F1-model_v4	AF-A0A0S6X2N7-F1-model_v4 Uncharacterized protein	6.865E-01	0.233	41	1	185	271	26	193	543	198	0.683	0.309
LOKIASV2_0474_ESMFold_hypothetical_protein	AF-A0A167E8L6-F1-model_v4	AF-A0A167E8L6-F1-model_v4 Catalytic protein	1.642E-01	0.233	41	2	193	271	19	211	719	229	0.708	0.268
LOKIASV2_0474_ESMFold_hypothetical_protein	AF-A0A7V8VSD3-F1-model_v4	AF-A0A7V8VSD3-F1-model_v4 Arylesterase	4.726E-01	0.214	40	1	182	271	1	167	246	200	0.672	0.679
LOKIASV2_0474_ESMFold_hypothetical_protein	AF-A0A6N7FPB6-F1-model_v4	AF-A0A6N7FPB6-F1-model_v4 SGNH_hydro domain-containing protein	3.463E-01	0.214	40	2	256	271	11	203	247	278	0.941	0.781
LOKIASV2_0474_ESMFold_hypothetical_protein	AF-A0A7Y5N989-F1-model_v4	AF-A0A7Y5N989-F1-model_v4 Arylesterase	5.696E-01	0.214	40	2	196	271	11	192	261	218	0.720	0.697
LOKIASV2_0474_ESMFold_hypothetical_protein	AF-A0A3N5GNI4-F1-model_v4	AF-A0A3N5GNI4-F1-model_v4 Arylesterase	8.273E-01	0.214	40	2	182	271	43	210	284	191	0.668	0.592
LOKIASV2_0474_ESMFold_hypothetical_protein	AF-A0A498QTD6-F1-model_v4	AF-A0A498QTD6-F1-model_v4 Cutinase	6.865E-01	0.214	40	1	244	271	55	293	294	282	0.900	0.813
LOKIASV2_0474_ESMFold_hypothetical_protein	AF-M1VZ00-F1-model_v4	AF-M1VZ00-F1-model_v4 DUF676 domain-containing protein	1.859E-01	0.214	40	2	185	271	23	177	785	206	0.679	0.197
LOKIASV2_0474_ESMFold_hypothetical_protein	AF-A0A7Y3JZY3-F1-model_v4	AF-A0A7Y3JZY3-F1-model_v4 Arylesterase	1.202E+00	0.196	39	1	182	271	7	162	235	199	0.672	0.664
LOKIASV2_0474_ESMFold_hypothetical_protein	AF-A0A2A2T2V5-F1-model_v4	AF-A0A2A2T2V5-F1-model_v4 Arylesterase	1.279E+00	0.196	39	1	182	271	40	191	270	205	0.672	0.563
LOKIASV2_0474_ESMFold_hypothetical_protein	AF-A0A6I2Y851-F1-model_v4	AF-A0A6I2Y851-F1-model_v4 Gamma-glutamyl-gamma-aminobutyrate hydrolase family protein	8.273E-01	0.196	39	1	194	271	27	206	319	219	0.716	0.564
LOKIASV2_0474_ESMFold_hypothetical_protein	AF-A0A3C2BU51-F1-model_v4	AF-A0A3C2BU51-F1-model_v4 Recombinase family protein	9.369E-01	0.196	39	1	173	271	32	179	346	191	0.638	0.428
LOKIASV2_0474_ESMFold_hypothetical_protein	AF-A0A7H8QRX6-F1-model_v4	AF-A0A7H8QRX6-F1-model_v4 Uncharacterized protein	3.254E-01	0.196	39	2	185	271	29	200	659	207	0.679	0.261
LOKIASV2_0474_ESMFold_hypothetical_protein	AF-A0A084QW51-F1-model_v4	AF-A0A084QW51-F1-model_v4 Uncharacterized protein	3.685E-01	0.196	39	2	185	271	4	197	717	222	0.679	0.271
LOKIASV2_0474_ESMFold_hypothetical_protein	AF-A0A838JLK4-F1-model_v4	AF-A0A838JLK4-F1-model_v4 Arylesterase	1.061E+00	0.179	38	2	182	271	1	151	233	190	0.668	0.648
LOKIASV2_0474_ESMFold_hypothetical_protein	AF-A0A369TPG6-F1-model_v4	AF-A0A369TPG6-F1-model_v4 Resolvase/invertase-type recombinase catalytic domain-containing protein	1.129E+00	0.179	38	2	137	271	21	158	325	147	0.502	0.425
LOKIASV2_0474_ESMFold_hypothetical_protein	AF-A0A520RNM6-F1-model_v4	AF-A0A520RNM6-F1-model_v4 Arylesterase	9.369E-01	0.164	37	2	141	271	13	123	239	143	0.517	0.464
LOKIASV2_0474_ESMFold_hypothetical_protein	AF-A0A7W8HE11-F1-model_v4	AF-A0A7W8HE11-F1-model_v4 Acyl-CoA thioesterase-1	7.774E-01	0.164	37	1	182	271	21	169	242	198	0.672	0.616
LOKIASV2_0474_ESMFold_hypothetical_protein	AF-A0A7C7NBE5-F1-model_v4	AF-A0A7C7NBE5-F1-model_v4 Arylesterase	4.441E-01	0.164	37	1	141	271	6	132	258	149	0.520	0.492
LOKIASV2_0474_ESMFold_hypothetical_protein	AF-A0A4R8LHJ2-F1-model_v4	AF-A0A4R8LHJ2-F1-model_v4 Acyl-CoA thioesterase-1	1.202E+00	0.164	37	1	183	271	1	170	266	202	0.675	0.639
LOKIASV2_0474_ESMFold_hypothetical_protein	AF-A0A7T5JSN4-F1-model_v4	AF-A0A7T5JSN4-F1-model_v4 SGNH/GDSL hydrolase family protein	1.061E+00	0.164	37	1	183	271	1	185	279	207	0.675	0.663
LOKIASV2_0474_ESMFold_hypothetical_protein	AF-A0A395YQH8-F1-model_v4	AF-A0A395YQH8-F1-model_v4 Sugar ABC transporter substrate-binding protein	5.353E-01	0.164	37	1	137	271	1	130	379	147	0.506	0.343
LOKIASV2_0474_ESMFold_hypothetical_protein	AF-A0A0L0VJS1-F1-model_v4	AF-A0A0L0VJS1-F1-model_v4 Uncharacterized protein	4.174E-01	0.164	37	1	254	271	135	389	390	302	0.937	0.654
LOKIASV2_0474_ESMFold_hypothetical_protein	AF-A0A535DMN6-F1-model_v4	AF-A0A535DMN6-F1-model_v4 BMP family ABC transporter substrate-binding protein	2.238E+00	0.150	36	2	204	271	12	177	244	211	0.749	0.680
LOKIASV2_0474_ESMFold_hypothetical_protein	AF-A0A1G1IEI9-F1-model_v4	AF-A0A1G1IEI9-F1-model_v4 SGNH_hydro domain-containing protein	7.774E-01	0.150	36	1	140	271	6	144	256	149	0.517	0.543
LOKIASV2_0474_ESMFold_hypothetical_protein	AF-A0A839HNZ0-F1-model_v4	AF-A0A839HNZ0-F1-model_v4 Arylesterase	1.202E+00	0.150	36	2	182	271	8	175	258	202	0.668	0.651
LOKIASV2_0474_ESMFold_hypothetical_protein	AF-A0A101XQ06-F1-model_v4	AF-A0A101XQ06-F1-model_v4 SGNH_hydro domain-containing protein	5.353E-01	0.150	36	1	247	271	1	200	267	267	0.911	0.749
LOKIASV2_0474_ESMFold_hypothetical_protein	AF-J9HR42-F1-model_v4	AF-J9HR42-F1-model_v4 Lipolytic protein G-D-S-L family	1.361E+00	0.150	36	2	183	271	8	175	271	206	0.672	0.620
LOKIASV2_0474_ESMFold_hypothetical_protein	AF-A0A0S2G197-F1-model_v4	AF-A0A0S2G197-F1-model_v4 GDSL-like Lipase/Acylhydrolase family protein	1.448E+00	0.150	36	2	182	271	47	198	272	199	0.668	0.559
LOKIASV2_0474_ESMFold_hypothetical_protein	AF-A0A5C1Y478-F1-model_v4	AF-A0A5C1Y478-F1-model_v4 Gamma-glutamyl-gamma-aminobutyrate hydrolase family protein	1.129E+00	0.150	36	2	194	271	21	207	330	214	0.712	0.567
LOKIASV2_0474_ESMFold_hypothetical_protein	AF-I1HQZ1-F1-model_v4	AF-I1HQZ1-F1-model_v4 VDE domain-containing protein	1.541E+00	0.150	36	2	138	271	1	128	521	144	0.506	0.246
LOKIASV2_0474_ESMFold_hypothetical_protein	AF-A0A7C1U9F6-F1-model_v4	AF-A0A7C1U9F6-F1-model_v4 Peripla_BP_6 domain-containing protein	1.640E+00	0.150	36	1	182	271	128	277	540	189	0.672	0.278
LOKIASV2_0474_ESMFold_hypothetical_protein	AF-A0A7X7AX09-F1-model_v4	AF-A0A7X7AX09-F1-model_v4 Family 10 glycosylhydrolase	6.451E-01	0.150	36	2	139	271	20	153	680	157	0.509	0.197
LOKIASV2_0474_ESMFold_hypothetical_protein	AF-A2WUG5-F1-model_v4	AF-A2WUG5-F1-model_v4 Uncharacterized protein	7.774E-01	0.150	36	1	138	271	4	138	817	151	0.509	0.165
LOKIASV2_0474_ESMFold_hypothetical_protein	AF-A0A523NRY1-F1-model_v4	AF-A0A523NRY1-F1-model_v4 Arylesterase	1.202E+00	0.138	35	2	182	271	15	172	246	191	0.668	0.642
LOKIASV2_0474_ESMFold_hypothetical_protein	AF-A0A2W5ILS7-F1-model_v4	AF-A0A2W5ILS7-F1-model_v4 Arylesterase	2.382E+00	0.138	35	2	182	271	17	171	248	200	0.668	0.625
LOKIASV2_0474_ESMFold_hypothetical_protein	AF-A0A4Q3KWG8-F1-model_v4	AF-A0A4Q3KWG8-F1-model_v4 Arylesterase	1.745E+00	0.138	35	2	182	271	18	172	249	195	0.668	0.622
LOKIASV2_0474_ESMFold_hypothetical_protein	AF-A0A840RPE1-F1-model_v4	AF-A0A840RPE1-F1-model_v4 Acyl-CoA thioesterase-1	2.535E+00	0.138	35	1	182	271	1	176	257	201	0.672	0.685
LOKIASV2_0474_ESMFold_hypothetical_protein	AF-A0A5C1E9Y0-F1-model_v4	AF-A0A5C1E9Y0-F1-model_v4 Acyl-CoA thioesterase I	5.030E-01	0.138	35	1	251	271	29	227	275	261	0.926	0.724
LOKIASV2_0474_ESMFold_hypothetical_protein	AF-A0A535QPZ8-F1-model_v4	AF-A0A535QPZ8-F1-model_v4 SGNH_hydro domain-containing protein	2.238E+00	0.138	35	2	190	271	39	193	290	199	0.697	0.534
LOKIASV2_0474_ESMFold_hypothetical_protein	AF-C5AFA0-F1-model_v4	AF-C5AFA0-F1-model_v4 Arylesterase	1.061E+00	0.138	35	1	182	271	106	274	352	194	0.672	0.480
LOKIASV2_0474_ESMFold_hypothetical_protein	AF-A0A2M8BBQ8-F1-model_v4	AF-A0A2M8BBQ8-F1-model_v4 Lipase	1.202E+00	0.138	35	16	142	271	31	158	371	139	0.469	0.345
LOKIASV2_0474_ESMFold_hypothetical_protein	AF-A0A4Q2KVJ9-F1-model_v4	AF-A0A4Q2KVJ9-F1-model_v4 Gamma-glutamyl-gamma-aminobutyrate hydrolase family protein	8.273E-01	0.138	35	1	194	271	103	298	425	220	0.716	0.461
LOKIASV2_0474_ESMFold_hypothetical_protein	AF-A0A150G3K1-F1-model_v4	AF-A0A150G3K1-F1-model_v4 Uncharacterized protein	3.055E+00	0.138	35	50	192	271	237	375	507	158	0.528	0.274
LOKIASV2_0474_ESMFold_hypothetical_protein	AF-A0A0L0DBM5-F1-model_v4	AF-A0A0L0DBM5-F1-model_v4 SGNH_hydro domain-containing protein	4.441E-01	0.126	34	1	256	271	1	211	268	275	0.945	0.787
LOKIASV2_0474_ESMFold_hypothetical_protein	AF-A0A0Q9TKI0-F1-model_v4	AF-A0A0Q9TKI0-F1-model_v4 SGNH_hydro domain-containing protein	4.441E-01	0.126	34	2	255	271	10	245	303	293	0.937	0.779
LOKIASV2_0474_ESMFold_hypothetical_protein	AF-A0A2U0H0Z3-F1-model_v4	AF-A0A2U0H0Z3-F1-model_v4 Glutamine amidotransferase	1.976E+00	0.126	34	1	137	271	2	135	308	147	0.506	0.435
LOKIASV2_0474_ESMFold_hypothetical_protein	AF-A0A545AQK1-F1-model_v4	AF-A0A545AQK1-F1-model_v4 SGNH/GDSL hydrolase family protein	9.970E-01	0.126	34	2	252	271	46	232	389	265	0.926	0.481
LOKIASV2_0474_ESMFold_hypothetical_protein	AF-A0A3D4I3J6-F1-model_v4	AF-A0A3D4I3J6-F1-model_v4 Sugar ABC transporter substrate-binding protein	3.681E+00	0.116	33	1	182	271	1	162	205	190	0.672	0.790
LOKIASV2_0474_ESMFold_hypothetical_protein	AF-A0A0Q4J7U5-F1-model_v4	AF-A0A0Q4J7U5-F1-model_v4 GDSL family lipase	6.865E-01	0.116	33	1	172	271	1	186	240	209	0.635	0.775
LOKIASV2_0474_ESMFold_hypothetical_protein	AF-A0A382HHS3-F1-model_v4	AF-A0A382HHS3-F1-model_v4 Bmp domain-containing protein	1.745E+00	0.116	33	1	254	271	40	268	344	283	0.937	0.666
LOKIASV2_0474_ESMFold_hypothetical_protein	AF-A0A3E0NJZ1-F1-model_v4	AF-A0A3E0NJZ1-F1-model_v4 DAGKc domain-containing protein	2.697E+00	0.116	33	2	137	271	21	138	384	141	0.502	0.307
LOKIASV2_0474_ESMFold_hypothetical_protein	AF-A0A081C3Q3-F1-model_v4	AF-A0A081C3Q3-F1-model_v4 L-arabinose isomerase	3.918E+00	0.116	33	2	182	271	21	186	550	201	0.668	0.302
LOKIASV2_0474_ESMFold_hypothetical_protein	AF-A0A2V9Z7Z7-F1-model_v4	AF-A0A2V9Z7Z7-F1-model_v4 Autoinducer 2-binding protein LsrB	4.437E+00	0.106	32	2	182	271	23	157	229	189	0.668	0.590
LOKIASV2_0474_ESMFold_hypothetical_protein	AF-A0A846HXC5-F1-model_v4	AF-A0A846HXC5-F1-model_v4 Arylesterase	2.382E+00	0.106	32	1	192	271	5	192	261	212	0.708	0.720
LOKIASV2_0474_ESMFold_hypothetical_protein	AF-A0A2T3XRX8-F1-model_v4	AF-A0A2T3XRX8-F1-model_v4 Arylesterase	2.535E+00	0.106	32	2	182	271	23	187	262	202	0.668	0.630
LOKIASV2_0474_ESMFold_hypothetical_protein	AF-A0A2S4VT68-F1-model_v4	AF-A0A2S4VT68-F1-model_v4 Uncharacterized protein	2.238E+00	0.106	32	1	184	271	48	201	284	203	0.679	0.542
LOKIASV2_0474_ESMFold_hypothetical_protein	AF-A0A512D162-F1-model_v4	AF-A0A512D162-F1-model_v4 SGNH_hydro domain-containing protein	4.174E-01	0.106	32	3	255	271	43	284	353	289	0.934	0.686
LOKIASV2_0474_ESMFold_hypothetical_protein	AF-A0A5D0U2M0-F1-model_v4	AF-A0A5D0U2M0-F1-model_v4 DUF4276 family protein	1.202E+00	0.106	32	2	190	271	93	265	355	213	0.697	0.487
LOKIASV2_0474_ESMFold_hypothetical_protein	AF-A0A6N7L452-F1-model_v4	AF-A0A6N7L452-F1-model_v4 Gamma-glutamyl-gamma-aminobutyrate hydrolase family protein	3.251E+00	0.106	32	2	196	271	75	248	361	206	0.720	0.482
LOKIASV2_0474_ESMFold_hypothetical_protein	AF-A0A437M1D8-F1-model_v4	AF-A0A437M1D8-F1-model_v4 Penicillin-binding protein activator	3.459E+00	0.106	32	1	184	271	16	164	404	187	0.679	0.369
LOKIASV2_0474_ESMFold_hypothetical_protein	AF-A0A2U3E530-F1-model_v4	AF-A0A2U3E530-F1-model_v4 DUF676 domain-containing protein	9.970E-01	0.106	32	2	185	271	272	455	979	218	0.679	0.188
LOKIASV2_0474_ESMFold_hypothetical_protein	AF-A0A665XD82-F1-model_v4	AF-A0A665XD82-F1-model_v4 DUF4062 domain-containing protein	7.774E-01	0.106	32	2	253	271	108	402	1248	334	0.930	0.236
LOKIASV2_0474_ESMFold_hypothetical_protein	AF-A0A5Q0EIH5-F1-model_v4	AF-A0A5Q0EIH5-F1-model_v4 Arylesterase	2.238E+00	0.098	31	1	250	271	1	189	236	265	0.923	0.801
LOKIASV2_0474_ESMFold_hypothetical_protein	AF-A0A538L500-F1-model_v4	AF-A0A538L500-F1-model_v4 Gamma-glutamyl-gamma-aminobutyrate hydrolase family protein	3.681E+00	0.098	31	1	194	271	10	183	300	206	0.716	0.580
LOKIASV2_0474_ESMFold_hypothetical_protein	AF-A0A4V3WFY0-F1-model_v4	AF-A0A4V3WFY0-F1-model_v4 Extracellular solute-binding protein	1.448E+00	0.098	31	1	126	271	3	115	548	130	0.465	0.206
LOKIASV2_0474_ESMFold_hypothetical_protein	AF-A0A3D4MAW4-F1-model_v4	AF-A0A3D4MAW4-F1-model_v4 Arylesterase	1.361E+00	0.090	30	2	192	271	1	176	244	207	0.705	0.721
LOKIASV2_0474_ESMFold_hypothetical_protein	AF-A0A831PJW3-F1-model_v4	AF-A0A831PJW3-F1-model_v4 Arylesterase	2.382E+00	0.090	30	2	196	271	24	186	264	213	0.720	0.617
LOKIASV2_0474_ESMFold_hypothetical_protein	AF-A0A7W1GC85-F1-model_v4	AF-A0A7W1GC85-F1-model_v4 Uncharacterized protein	5.024E+00	0.090	30	2	107	271	69	185	322	118	0.391	0.363
LOKIASV2_0474_ESMFold_hypothetical_protein	AF-A0A3C1KXG7-F1-model_v4	AF-A0A3C1KXG7-F1-model_v4 Lipase	7.305E-01	0.090	30	2	252	271	19	259	382	286	0.926	0.631
LOKIASV2_0474_ESMFold_hypothetical_protein	AF-A0A2E6VW90-F1-model_v4	AF-A0A2E6VW90-F1-model_v4 PEGA domain-containing protein	8.273E-01	0.090	30	1	126	271	55	181	589	147	0.465	0.216
LOKIASV2_0474_ESMFold_hypothetical_protein	AF-A0A6S4QGP6-F1-model_v4	AF-A0A6S4QGP6-F1-model_v4 Arylesterase	3.459E+00	0.082	29	2	140	271	19	153	266	146	0.513	0.508
LOKIASV2_0474_ESMFold_hypothetical_protein	AF-A0A2A9CPZ1-F1-model_v4	AF-A0A2A9CPZ1-F1-model_v4 Lysophospholipase L1-like esterase	7.774E-01	0.082	29	1	255	271	12	244	289	288	0.941	0.806
LOKIASV2_0474_ESMFold_hypothetical_protein	AF-A0A7Y5KQM6-F1-model_v4	AF-A0A7Y5KQM6-F1-model_v4 Alpha/beta fold hydrolase	1.448E+00	0.082	29	2	268	271	15	210	346	279	0.985	0.566
LOKIASV2_0474_ESMFold_hypothetical_protein	AF-A0A286CC27-F1-model_v4	AF-A0A286CC27-F1-model_v4 Lysophospholipase L1	5.690E+00	0.082	29	2	138	271	24	162	370	150	0.506	0.376
LOKIASV2_0474_ESMFold_hypothetical_protein	AF-A0A6G1G0H4-F1-model_v4	AF-A0A6G1G0H4-F1-model_v4 uncharacterized protein	1.976E+00	0.082	29	2	183	271	143	361	423	261	0.672	0.518
LOKIASV2_0474_ESMFold_hypothetical_protein	AF-A0A540VCH7-F1-model_v4	AF-A0A540VCH7-F1-model_v4 ABC transporter substrate-binding protein	3.251E+00	0.082	29	2	255	271	3	244	467	287	0.937	0.518
LOKIASV2_0474_ESMFold_hypothetical_protein	AF-A0A0K0FAJ8-F1-model_v4	AF-A0A0K0FAJ8-F1-model_v4 Uncharacterized protein	4.437E+00	0.082	29	1	241	271	315	569	571	318	0.889	0.447
LOKIASV2_0474_ESMFold_hypothetical_protein	AF-A0A6A6K666-F1-model_v4	AF-A0A6A6K666-F1-model_v4 VDE domain-containing protein	2.697E+00	0.082	29	1	251	271	119	342	620	280	0.926	0.361
LOKIASV2_0474_ESMFold_hypothetical_protein	AF-A0A838PFI6-F1-model_v4	AF-A0A838PFI6-F1-model_v4 Carboxypeptidase regulatory-like domain-containing protein	5.024E+00	0.082	29	2	127	271	3	132	947	138	0.465	0.137
LOKIASV2_0474_ESMFold_hypothetical_protein	AF-A0A0L0SQ41-F1-model_v4	AF-A0A0L0SQ41-F1-model_v4 G_PROTEIN_RECEP_F3_4 domain-containing protein	3.459E+00	0.082	29	2	135	271	72	189	980	145	0.494	0.120
LOKIASV2_0474_ESMFold_hypothetical_protein	AF-A0A2E8S1B9-F1-model_v4	AF-A0A2E8S1B9-F1-model_v4 Uncharacterized protein	1.202E+00	0.076	28	2	253	271	40	345	345	343	0.930	0.887
LOKIASV2_0474_ESMFold_hypothetical_protein	AF-M1C4V6-F1-model_v4	AF-M1C4V6-F1-model_v4 VDE domain-containing protein	5.024E+00	0.076	28	2	251	271	14	237	362	276	0.923	0.619
LOKIASV2_0474_ESMFold_hypothetical_protein	AF-A0A3S0AA94-F1-model_v4	AF-A0A3S0AA94-F1-model_v4 Glycosyltransferase	3.681E+00	0.076	28	1	218	271	1	239	441	266	0.804	0.542
LOKIASV2_0474_ESMFold_hypothetical_protein	AF-A0A522YU39-F1-model_v4	AF-A0A522YU39-F1-model_v4 Radical SAM protein	6.857E+00	0.076	28	2	235	271	26	221	1099	245	0.863	0.178
LOKIASV2_0474_ESMFold_hypothetical_protein	AF-K0ZG60-F1-model_v4	AF-K0ZG60-F1-model_v4 5-prime-nucleotidase family protein	1.361E+00	0.069	27	2	174	271	9	179	190	198	0.638	0.900
LOKIASV2_0474_ESMFold_hypothetical_protein	AF-A0A7U0G3V6-F1-model_v4	AF-A0A7U0G3V6-F1-model_v4 Arylesterase	3.055E+00	0.069	27	2	254	271	4	240	252	287	0.934	0.940
LOKIASV2_0474_ESMFold_hypothetical_protein	AF-A0A6A7MZ36-F1-model_v4	AF-A0A6A7MZ36-F1-model_v4 Glycosyltransferase	9.359E+00	0.069	27	2	194	271	7	180	422	204	0.712	0.412
LOKIASV2_0474_ESMFold_hypothetical_protein	AF-L1JIW3-F1-model_v4	AF-L1JIW3-F1-model_v4 Uncharacterized protein	9.359E+00	0.069	27	1	108	271	9	110	438	110	0.399	0.233
LOKIASV2_0474_ESMFold_hypothetical_protein	AF-A0A7V7XK33-F1-model_v4	AF-A0A7V7XK33-F1-model_v4 Non-specific serine/threonine protein kinase	5.353E-01	0.069	27	2	258	271	350	578	894	296	0.948	0.256
LOKIASV2_0474_ESMFold_hypothetical_protein	AF-A0A194AEF8-F1-model_v4	AF-A0A194AEF8-F1-model_v4 Uncharacterized protein	6.055E+00	0.057	25	2	137	271	11	152	384	164	0.502	0.370
LOKIASV2_0474_ESMFold_hypothetical_protein	AF-A0A6A4KXU9-F1-model_v4	AF-A0A6A4KXU9-F1-model_v4 GST N-terminal domain-containing protein	7.766E+00	0.051	24	2	125	271	5	124	226	131	0.458	0.531
LOKIASV2_0474_ESMFold_hypothetical_protein	AF-W2EQR3-F1-model_v4	AF-W2EQR3-F1-model_v4 SGNH_hydro domain-containing protein	8.264E+00	0.051	24	2	138	271	18	137	286	143	0.506	0.420
LOKIASV2_0474_ESMFold_hypothetical_protein	AF-A0A7C5LKZ0-F1-model_v4	AF-A0A7C5LKZ0-F1-model_v4 Extracellular solute-binding protein	3.459E+00	0.051	24	2	128	271	16	148	469	137	0.469	0.284
LOKIASV2_0474_ESMFold_hypothetical_protein	AF-A0A1V5FPR4-F1-model_v4	AF-A0A1V5FPR4-F1-model_v4 Phosphoglycerate transport regulatory protein PgtC	4.437E+00	0.051	24	2	134	271	19	131	486	138	0.491	0.233
LOKIASV2_0474_ESMFold_hypothetical_protein	AF-D3ACY7-F1-model_v4	AF-D3ACY7-F1-model_v4 Uncharacterized protein	3.918E+00	0.045	23	2	149	271	4	136	203	157	0.546	0.655
LOKIASV2_0474_ESMFold_hypothetical_protein	AF-A0A542HAF2-F1-model_v4	AF-A0A542HAF2-F1-model_v4 Lysophospholipase L1-like esterase	8.264E+00	0.045	23	2	137	271	4	150	294	150	0.502	0.500
LOKIASV2_0474_ESMFold_hypothetical_protein	AF-A0A0N0MR08-F1-model_v4	AF-A0A0N0MR08-F1-model_v4 Uncharacterized protein	5.347E+00	0.045	23	1	125	271	8	135	463	139	0.461	0.276
LOKIASV2_0474_ESMFold_hypothetical_protein	AF-A0A1H5VUJ5-F1-model_v4	AF-A0A1H5VUJ5-F1-model_v4 Putative aldouronate transport system substrate-binding protein	4.721E+00	0.045	23	1	125	271	1	132	555	141	0.461	0.238
LOKIASV2_0474_ESMFold_hypothetical_protein	AF-A0A2U3LEU9-F1-model_v4	AF-A0A2U3LEU9-F1-model_v4 Glyscosyl transferase	5.690E+00	0.040	22	1	251	271	9	191	414	262	0.926	0.442
LOKIASV2_0474_ESMFold_hypothetical_protein	AF-A0A0S7BYN0-F1-model_v4	AF-A0A0S7BYN0-F1-model_v4 Maltose-binding periplasmic protein MalE	9.959E+00	0.040	22	1	126	271	46	152	461	133	0.465	0.232
LOKIASV2_0474_ESMFold_hypothetical_protein	AF-A0A6B8RTN5-F1-model_v4	AF-A0A6B8RTN5-F1-model_v4 DUF3502 domain-containing protein	6.857E+00	0.040	22	1	130	271	16	131	526	137	0.480	0.221
LOKIASV2_0474_ESMFold_hypothetical_protein	AF-A0A4Q9DV16-F1-model_v4	AF-A0A4Q9DV16-F1-model_v4 Extracellular solute-binding protein	9.359E+00	0.040	22	2	125	271	58	168	549	135	0.458	0.202
LOKIASV2_0474_ESMFold_hypothetical_protein	AF-A0A1J3E1B4-F1-model_v4	AF-A0A1J3E1B4-F1-model_v4 Uncharacterized protein	7.297E+00	0.034	21	1	194	271	32	192	213	202	0.716	0.756
LOKIASV2_0474_ESMFold_hypothetical_protein	AF-A0A1D9NYF0-F1-model_v4	AF-A0A1D9NYF0-F1-model_v4 Sugar ABC transporter substrate-binding protein	9.959E+00	0.034	21	1	136	271	6	151	492	150	0.502	0.297
LOKIASV2_0474_ESMFold_hypothetical_protein	AF-A0A2L0N234-F1-model_v4	AF-A0A2L0N234-F1-model_v4 Transferase	6.444E+00	0.034	21	2	108	271	35	132	638	111	0.395	0.154
LOKIASV2_0474_ESMFold_hypothetical_protein	AF-A0A3A9CYS4-F1-model_v4	AF-A0A3A9CYS4-F1-model_v4 Extracellular solute-binding protein	9.959E+00	0.024	19	1	123	271	44	180	608	140	0.454	0.225
