LOKIASV2_2854_ESMFold_amidohydrolase_family_protein	2r8cG02	2r8cG02	2.393E-17	1.000	528	79	363	404	2	306	306	322	0.705	0.997
LOKIASV2_2854_ESMFold_amidohydrolase_family_protein	af_O53619_74_357_3.20.20.140	af_O53619_74_357_3.20.20.140	4.533E-16	1.000	507	82	362	404	1	283	284	306	0.696	0.996
LOKIASV2_2854_ESMFold_amidohydrolase_family_protein	3dugB02	3dugB02	3.398E-16	1.000	505	80	364	404	2	298	299	315	0.705	0.993
LOKIASV2_2854_ESMFold_amidohydrolase_family_protein	4c60D02	4c60D02	4.781E-17	1.000	504	79	366	404	2	317	318	335	0.713	0.994
LOKIASV2_2854_ESMFold_amidohydrolase_family_protein	af_I1NJF1_13_436_3.30.390.80	af_I1NJF1_13_436_3.30.390.80	1.198E-17	1.000	492	21	402	404	2	421	424	459	0.946	0.991
LOKIASV2_2854_ESMFold_amidohydrolase_family_protein	af_P40896_13_285_3.20.20.140	af_P40896_13_285_3.20.20.140	3.428E-14	1.000	432	108	361	404	2	272	273	293	0.629	0.993
LOKIASV2_2854_ESMFold_amidohydrolase_family_protein	2qs8A02	2qs8A02	1.368E-13	1.000	405	82	363	404	2	292	295	310	0.698	0.986
LOKIASV2_2854_ESMFold_amidohydrolase_family_protein	4lcrA01	4lcrA01	7.686E-14	1.000	338	19	404	404	2	440	443	494	0.955	0.991
LOKIASV2_2854_ESMFold_amidohydrolase_family_protein	af_I1M261_41_499_3.20.20.140	af_I1M261_41_499_3.20.20.140	5.761E-14	1.000	328	14	402	404	6	454	459	507	0.963	0.978
LOKIASV2_2854_ESMFold_amidohydrolase_family_protein	af_P77671_2_435_3.40.605.10	af_P77671_2_435_3.40.605.10	4.594E-13	1.000	326	21	404	404	4	432	434	475	0.950	0.988
LOKIASV2_2854_ESMFold_amidohydrolase_family_protein	af_P9WL23_60_326_3.20.20.140	af_P9WL23_60_326_3.20.20.140	2.758E-11	1.000	324	80	352	404	2	261	267	299	0.676	0.974
LOKIASV2_2854_ESMFold_amidohydrolase_family_protein	4tqtA01	4tqtA01	2.289E-14	1.000	323	20	402	404	2	431	436	491	0.948	0.986
LOKIASV2_2854_ESMFold_amidohydrolase_family_protein	4whbH02	4whbH02	8.216E-12	1.000	319	77	363	404	1	345	348	364	0.710	0.991
LOKIASV2_2854_ESMFold_amidohydrolase_family_protein	af_A0A0R0IV26_29_466_3.20.20.140	af_A0A0R0IV26_29_466_3.20.20.140	2.896E-13	1.000	313	19	402	404	1	433	438	488	0.950	0.989
LOKIASV2_2854_ESMFold_amidohydrolase_family_protein	af_Q46806_2_437_3.20.20.140	af_Q46806_2_437_3.20.20.140	6.880E-13	1.000	312	21	402	404	2	433	436	484	0.946	0.991
LOKIASV2_2854_ESMFold_amidohydrolase_family_protein	af_Q54SV3_1_453_3.20.20.140	af_Q54SV3_1_453_3.20.20.140	5.786E-13	1.000	303	14	404	404	1	450	453	509	0.968	0.993
LOKIASV2_2854_ESMFold_amidohydrolase_family_protein	af_F1RB68_4_438_3.20.20.140	af_F1RB68_4_438_3.20.20.140	1.303E-11	1.000	283	16	404	404	2	432	435	499	0.963	0.991
LOKIASV2_2854_ESMFold_amidohydrolase_family_protein	2g3fA02	2g3fA02	1.049E-08	1.000	235	77	366	404	1	298	298	335	0.718	1.000
LOKIASV2_2854_ESMFold_amidohydrolase_family_protein	af_Q92342_61_367_3.20.20.140	af_Q92342_61_367_3.20.20.140	9.344E-09	1.000	230	77	359	404	1	306	307	336	0.700	0.997
LOKIASV2_2854_ESMFold_amidohydrolase_family_protein	1xrfA02	1xrfA02	9.385E-08	1.000	212	77	366	404	1	250	250	316	0.718	1.000
LOKIASV2_2854_ESMFold_amidohydrolase_family_protein	af_Q22419_88_385_3.20.20.140	af_Q22419_88_385_3.20.20.140	3.323E-08	1.000	212	77	363	404	1	298	298	339	0.710	1.000
LOKIASV2_2854_ESMFold_amidohydrolase_family_protein	4gbdA02	4gbdA02	9.385E-08	1.000	198	77	359	404	1	290	291	331	0.700	0.997
LOKIASV2_2854_ESMFold_amidohydrolase_family_protein	2q09A02	2q09A02	4.204E-07	1.000	198	77	366	404	1	292	292	337	0.718	1.000
LOKIASV2_2854_ESMFold_amidohydrolase_family_protein	4jnpB02	4jnpB02	1.053E-07	1.000	197	78	361	404	1	306	309	345	0.703	0.990
LOKIASV2_2854_ESMFold_amidohydrolase_family_protein	af_P76641_77_378_3.20.20.140	af_P76641_77_378_3.20.20.140	8.363E-08	1.000	196	77	366	404	1	302	302	337	0.718	1.000
LOKIASV2_2854_ESMFold_amidohydrolase_family_protein	af_Q2QRA2_71_375_3.20.20.140	af_Q2QRA2_71_375_3.20.20.140	7.034E-08	1.000	194	77	359	404	1	304	305	350	0.700	0.997
LOKIASV2_2854_ESMFold_amidohydrolase_family_protein	4l9xB02	4l9xB02	1.671E-07	1.000	193	77	366	404	1	324	324	359	0.718	1.000
LOKIASV2_2854_ESMFold_amidohydrolase_family_protein	3etkA02	3etkA02	6.268E-08	1.000	187	78	366	404	2	287	287	332	0.715	0.997
LOKIASV2_2854_ESMFold_amidohydrolase_family_protein	af_Q58110_154_346_3.20.20.140	af_Q58110_154_346_3.20.20.140	6.669E-07	1.000	185	180	374	404	2	187	193	214	0.483	0.964
LOKIASV2_2854_ESMFold_amidohydrolase_family_protein	af_O14057_74_387_3.20.20.140	af_O14057_74_387_3.20.20.140	4.999E-07	1.000	184	77	366	404	1	314	314	354	0.718	1.000
LOKIASV2_2854_ESMFold_amidohydrolase_family_protein	2pajA02	2pajA02	5.610E-07	1.000	176	78	363	404	1	276	276	333	0.708	1.000
LOKIASV2_2854_ESMFold_amidohydrolase_family_protein	af_Q54N71_95_392_3.20.20.140	af_Q54N71_95_392_3.20.20.140	5.943E-07	1.000	175	77	359	404	1	297	298	338	0.700	0.997
LOKIASV2_2854_ESMFold_amidohydrolase_family_protein	4aqlA02	4aqlA02	2.975E-07	1.000	175	77	362	404	1	306	311	342	0.708	0.984
LOKIASV2_2854_ESMFold_amidohydrolase_family_protein	af_Q07729_95_405_3.20.20.140	af_Q07729_95_405_3.20.20.140	5.610E-07	1.000	174	77	366	404	1	311	311	350	0.718	1.000
LOKIASV2_2854_ESMFold_amidohydrolase_family_protein	4lefG00	4lefG00	1.995E-06	1.000	173	76	360	404	5	290	291	321	0.705	0.983
LOKIASV2_2854_ESMFold_amidohydrolase_family_protein	af_Q9VMY9_69_390_3.20.20.140	af_Q9VMY9_69_390_3.20.20.140	7.485E-07	1.000	173	77	362	404	1	317	322	350	0.708	0.984
LOKIASV2_2854_ESMFold_amidohydrolase_family_protein	af_P77671_53_418_3.20.20.140	af_P77671_53_418_3.20.20.140	5.295E-07	1.000	167	76	374	404	1	334	366	372	0.740	0.913
LOKIASV2_2854_ESMFold_amidohydrolase_family_protein	2imrA02	2imrA02	7.929E-07	1.000	166	76	359	404	3	304	309	355	0.703	0.977
LOKIASV2_2854_ESMFold_amidohydrolase_family_protein	af_Q58936_50_340_3.20.20.140	af_Q58936_50_340_3.20.20.140	1.495E-06	1.000	165	77	359	404	1	290	291	346	0.700	0.997
LOKIASV2_2854_ESMFold_amidohydrolase_family_protein	2i9uB02	2i9uB02	4.474E-06	1.000	165	77	366	404	1	308	308	349	0.718	1.000
LOKIASV2_2854_ESMFold_amidohydrolase_family_protein	4ub9B01	4ub9B01	4.514E-04	1.000	164	19	77	404	5	63	100	59	0.146	0.590
LOKIASV2_2854_ESMFold_amidohydrolase_family_protein	af_A0A1D8PQQ8_111_453_3.20.20.140	af_A0A1D8PQQ8_111_453_3.20.20.140	2.513E-06	1.000	158	77	366	404	1	343	343	374	0.718	1.000
LOKIASV2_2854_ESMFold_amidohydrolase_family_protein	6fqeB00	6fqeB00	2.820E-06	1.000	157	76	360	404	24	333	340	337	0.705	0.912
LOKIASV2_2854_ESMFold_amidohydrolase_family_protein	af_Q54KF3_1_358_3.20.20.140	af_Q54KF3_1_358_3.20.20.140	4.474E-06	1.000	157	76	359	404	16	325	358	351	0.703	0.866
LOKIASV2_2854_ESMFold_amidohydrolase_family_protein	af_Q4CLJ4_1_196_3.20.20.140	af_Q4CLJ4_1_196_3.20.20.140	5.969E-06	1.000	156	173	368	404	9	196	196	216	0.485	0.959
LOKIASV2_2854_ESMFold_amidohydrolase_family_protein	3h4uA02	3h4uA02	5.319E-06	1.000	156	79	362	404	2	285	309	331	0.703	0.919
LOKIASV2_2854_ESMFold_amidohydrolase_family_protein	af_A0A1D8PTD1_1507_1833_3.20.20.140	af_A0A1D8PTD1_1507_1833_3.20.20.140	5.610E-07	1.000	156	72	404	404	2	310	327	385	0.824	0.945
LOKIASV2_2854_ESMFold_amidohydrolase_family_protein	2qs8B01	2qs8B01	2.686E-04	1.000	153	19	77	404	2	59	98	59	0.146	0.592
LOKIASV2_2854_ESMFold_amidohydrolase_family_protein	af_Q4DUS4_70_388_3.20.20.140	af_Q4DUS4_70_388_3.20.20.140	1.003E-05	1.000	152	77	363	404	1	319	319	356	0.710	1.000
LOKIASV2_2854_ESMFold_amidohydrolase_family_protein	af_Q9P6J8_2_337_3.20.20.140	af_Q9P6J8_2_337_3.20.20.140	4.223E-06	1.000	151	76	359	404	10	315	336	351	0.703	0.911
LOKIASV2_2854_ESMFold_amidohydrolase_family_protein	af_P9WHL3_52_363_3.20.20.140	af_P9WHL3_52_363_3.20.20.140	5.969E-06	1.000	150	77	361	404	1	311	312	352	0.705	0.997
LOKIASV2_2854_ESMFold_amidohydrolase_family_protein	4whbE01	4whbE01	1.012E-03	1.000	149	19	77	404	1	59	96	59	0.146	0.615
LOKIASV2_2854_ESMFold_amidohydrolase_family_protein	af_Q8JZV7_66_372_3.20.20.140	af_Q8JZV7_66_372_3.20.20.140	5.021E-06	1.000	149	77	366	404	1	307	307	352	0.718	1.000
LOKIASV2_2854_ESMFold_amidohydrolase_family_protein	af_Q55DK1_60_348_3.20.20.140	af_Q55DK1_60_348_3.20.20.140	8.938E-06	1.000	148	78	361	404	3	287	289	329	0.703	0.986
LOKIASV2_2854_ESMFold_amidohydrolase_family_protein	af_P32375_65_377_3.20.20.140	af_P32375_65_377_3.20.20.140	2.513E-06	1.000	148	77	358	404	1	312	313	367	0.698	0.997
LOKIASV2_2854_ESMFold_amidohydrolase_family_protein	3gnhA01	3gnhA01	1.072E-03	1.000	147	19	77	404	1	58	99	59	0.146	0.586
LOKIASV2_2854_ESMFold_amidohydrolase_family_protein	af_Q58977_2_248_3.20.20.140	af_Q58977_2_248_3.20.20.140	2.833E-05	1.000	139	78	363	404	5	247	247	301	0.708	0.984
LOKIASV2_2854_ESMFold_amidohydrolase_family_protein	af_Q63530_1_349_3.20.20.140	af_Q63530_1_349_3.20.20.140	3.368E-05	1.000	138	76	363	404	20	349	349	355	0.713	0.946
LOKIASV2_2854_ESMFold_amidohydrolase_family_protein	af_Q09794_1534_1870_3.20.20.140	af_Q09794_1534_1870_3.20.20.140	2.524E-05	1.000	136	72	404	404	3	317	337	387	0.824	0.935
LOKIASV2_2854_ESMFold_amidohydrolase_family_protein	af_Q6DG22_4_359_3.20.20.140	af_Q6DG22_4_359_3.20.20.140	2.820E-06	1.000	136	76	359	404	2	329	356	371	0.703	0.921
LOKIASV2_2854_ESMFold_amidohydrolase_family_protein	5xgwB01	5xgwB01	3.584E-04	1.000	135	19	77	404	2	61	107	63	0.146	0.561
LOKIASV2_2854_ESMFold_amidohydrolase_family_protein	3rysB00	3rysB00	1.678E-06	1.000	134	76	362	404	2	320	327	367	0.710	0.976
LOKIASV2_2854_ESMFold_amidohydrolase_family_protein	af_Q9VHH7_1_337_3.20.20.140	af_Q9VHH7_1_337_3.20.20.140	9.469E-06	1.000	134	76	362	404	8	327	337	359	0.710	0.950
LOKIASV2_2854_ESMFold_amidohydrolase_family_protein	2p9bA01	2p9bA01	2.547E-03	1.000	133	19	74	404	4	60	101	60	0.139	0.564
LOKIASV2_2854_ESMFold_amidohydrolase_family_protein	af_P9WHN9_2_326_3.20.20.140	af_P9WHN9_2_326_3.20.20.140	1.892E-05	1.000	132	77	369	404	16	325	325	338	0.725	0.954
LOKIASV2_2854_ESMFold_amidohydrolase_family_protein	3feqK01	3feqK01	1.802E-03	1.000	131	19	77	404	1	57	103	60	0.146	0.553
LOKIASV2_2854_ESMFold_amidohydrolase_family_protein	af_A0A1D8PQG3_56_366_3.20.20.140	af_A0A1D8PQG3_56_366_3.20.20.140	2.833E-05	1.000	131	77	366	404	1	311	311	352	0.718	1.000
LOKIASV2_2854_ESMFold_amidohydrolase_family_protein	3ewcA00	3ewcA00	2.988E-06	1.000	131	77	359	404	31	341	357	362	0.700	0.871
LOKIASV2_2854_ESMFold_amidohydrolase_family_protein	5nnlA00	5nnlA00	1.786E-05	1.000	130	72	402	404	3	319	337	385	0.819	0.941
LOKIASV2_2854_ESMFold_amidohydrolase_family_protein	3hm7B02	3hm7B02	8.438E-06	1.000	130	76	361	404	1	318	345	374	0.708	0.922
LOKIASV2_2854_ESMFold_amidohydrolase_family_protein	3h4uB01	3h4uB01	1.136E-03	1.000	129	19	77	404	1	60	119	62	0.146	0.504
LOKIASV2_2854_ESMFold_amidohydrolase_family_protein	2oodA02	2oodA02	1.591E-05	1.000	129	77	366	404	1	318	318	357	0.718	1.000
LOKIASV2_2854_ESMFold_amidohydrolase_family_protein	3iv8D01	3iv8D01	1.350E-03	1.000	128	20	77	404	2	55	91	58	0.144	0.593
LOKIASV2_2854_ESMFold_amidohydrolase_family_protein	4v1xE01	4v1xE01	2.698E-03	1.000	128	19	77	404	2	61	118	61	0.146	0.508
LOKIASV2_2854_ESMFold_amidohydrolase_family_protein	af_Q46812_57_347_3.20.20.140	af_Q46812_57_347_3.20.20.140	2.004E-05	1.000	128	77	352	404	1	289	291	345	0.683	0.993
LOKIASV2_2854_ESMFold_amidohydrolase_family_protein	af_P22333_2_333_3.20.20.140	af_P22333_2_333_3.20.20.140	1.786E-05	1.000	125	76	359	404	5	314	332	362	0.703	0.934
LOKIASV2_2854_ESMFold_amidohydrolase_family_protein	af_P07259_1504_1837_3.20.20.140	af_P07259_1504_1837_3.20.20.140	1.591E-05	1.000	125	74	404	404	3	315	334	386	0.819	0.937
LOKIASV2_2854_ESMFold_amidohydrolase_family_protein	af_O53494_185_459_3.20.20.140	af_O53494_185_459_3.20.20.140	1.198E-04	1.000	122	90	356	404	4	273	275	322	0.661	0.982
LOKIASV2_2854_ESMFold_amidohydrolase_family_protein	af_P9WFF1_136_577_3.20.20.140	af_P9WFF1_136_577_3.20.20.140	6.352E-05	1.000	122	77	402	404	1	328	442	388	0.807	0.742
LOKIASV2_2854_ESMFold_amidohydrolase_family_protein	3giqB02	3giqB02	9.511E-05	1.000	121	76	360	404	1	296	297	349	0.705	0.997
LOKIASV2_2854_ESMFold_amidohydrolase_family_protein	4rdvB02	4rdvB02	3.001E-05	1.000	121	80	363	404	3	324	343	362	0.703	0.939
LOKIASV2_2854_ESMFold_amidohydrolase_family_protein	1gkrA02	1gkrA02	2.833E-05	1.000	121	76	361	404	1	319	346	366	0.708	0.922
LOKIASV2_2854_ESMFold_amidohydrolase_family_protein	2r8cA01	2r8cA01	5.710E-03	1.000	120	19	77	404	1	57	107	59	0.146	0.533
LOKIASV2_2854_ESMFold_amidohydrolase_family_protein	1gkqA01	1gkqA01	3.600E-03	1.000	120	21	77	404	2	53	121	57	0.141	0.430
LOKIASV2_2854_ESMFold_amidohydrolase_family_protein	4luiA00	4luiA00	2.674E-05	1.000	116	76	272	404	2	168	204	207	0.488	0.819
LOKIASV2_2854_ESMFold_amidohydrolase_family_protein	af_Q8LPL7_2_350_3.20.20.140	af_Q8LPL7_2_350_3.20.20.140	3.001E-05	1.000	116	76	360	404	6	331	349	363	0.705	0.934
LOKIASV2_2854_ESMFold_amidohydrolase_family_protein	af_Q14194_68_440_3.20.20.140	af_Q14194_68_440_3.20.20.140	4.004E-05	1.000	114	77	404	404	1	373	373	426	0.812	1.000
LOKIASV2_2854_ESMFold_amidohydrolase_family_protein	2icsA02	2icsA02	6.759E-04	1.000	112	77	366	404	1	260	260	327	0.718	1.000
LOKIASV2_2854_ESMFold_amidohydrolase_family_protein	3ipwA00	3ipwA00	1.794E-04	1.000	112	76	363	404	4	301	301	340	0.713	0.990
LOKIASV2_2854_ESMFold_amidohydrolase_family_protein	1onwA01	1onwA01	3.814E-03	1.000	111	13	77	404	2	63	110	68	0.161	0.564
LOKIASV2_2854_ESMFold_amidohydrolase_family_protein	5h91B00	5h91B00	7.129E-05	1.000	111	77	272	404	8	186	217	218	0.485	0.825
LOKIASV2_2854_ESMFold_amidohydrolase_family_protein	af_Q5JKZ8_96_524_3.20.20.140	af_Q5JKZ8_96_524_3.20.20.140	8.000E-05	1.000	111	101	361	404	143	428	429	331	0.646	0.667
LOKIASV2_2854_ESMFold_amidohydrolase_family_protein	2p9bA03	2p9bA03	3.208E-03	1.000	110	173	261	404	14	104	120	98	0.220	0.758
LOKIASV2_2854_ESMFold_amidohydrolase_family_protein	af_A0A0P0W9I9_79_364_3.20.20.140	af_A0A0P0W9I9_79_364_3.20.20.140	1.424E-04	1.000	110	78	359	404	6	283	286	330	0.698	0.972
LOKIASV2_2854_ESMFold_amidohydrolase_family_protein	3msrA00	3msrA00	3.368E-05	1.000	110	77	369	404	19	323	347	364	0.725	0.879
LOKIASV2_2854_ESMFold_amidohydrolase_family_protein	1j6pA02	1j6pA02	5.685E-04	1.000	108	78	359	404	2	265	270	318	0.698	0.978
LOKIASV2_2854_ESMFold_amidohydrolase_family_protein	3g1fI00	3g1fI00	1.693E-04	1.000	107	78	272	404	2	166	212	210	0.483	0.778
LOKIASV2_2854_ESMFold_amidohydrolase_family_protein	af_Q8IG39_53_384_3.20.20.140	af_Q8IG39_53_384_3.20.20.140	1.509E-04	1.000	107	76	363	404	7	317	332	349	0.713	0.937
LOKIASV2_2854_ESMFold_amidohydrolase_family_protein	3egjB02	3egjB02	2.013E-04	1.000	106	78	360	404	1	268	269	336	0.700	0.996
LOKIASV2_2854_ESMFold_amidohydrolase_family_protein	af_A0A0R0F6Y7_1_289_3.20.20.140	af_A0A0R0F6Y7_1_289_3.20.20.140	7.160E-04	1.000	106	128	359	404	69	269	289	250	0.574	0.696
LOKIASV2_2854_ESMFold_amidohydrolase_family_protein	af_Q9P6I7_4_353_3.20.20.140	af_Q9P6I7_4_353_3.20.20.140	8.475E-05	1.000	106	78	362	404	12	338	350	371	0.705	0.934
LOKIASV2_2854_ESMFold_amidohydrolase_family_protein	af_Q54KF3_386_770_3.20.20.140	af_Q54KF3_386_770_3.20.20.140	3.780E-05	1.000	105	85	364	404	82	368	385	335	0.693	0.745
LOKIASV2_2854_ESMFold_amidohydrolase_family_protein	af_E9AHV7_5_359_3.20.20.140	af_E9AHV7_5_359_3.20.20.140	1.269E-04	1.000	104	76	359	404	10	330	355	365	0.703	0.904
LOKIASV2_2854_ESMFold_amidohydrolase_family_protein	af_A4HSZ9_32_281_3.20.20.70	af_A4HSZ9_32_281_3.20.20.70	2.845E-04	1.000	103	76	271	404	39	217	250	220	0.485	0.716
LOKIASV2_2854_ESMFold_amidohydrolase_family_protein	af_O53185_2_293_3.20.20.330	af_O53185_2_293_3.20.20.330	1.794E-04	1.000	102	76	350	404	6	289	292	336	0.681	0.973
LOKIASV2_2854_ESMFold_amidohydrolase_family_protein	4n2yC00	4n2yC00	2.845E-04	1.000	101	77	304	404	2	200	201	248	0.564	0.990
LOKIASV2_2854_ESMFold_amidohydrolase_family_protein	af_Q2G0K7_1_209_3.20.20.70	af_Q2G0K7_1_209_3.20.20.70	5.066E-04	1.000	101	78	339	404	2	208	209	282	0.649	0.990
LOKIASV2_2854_ESMFold_amidohydrolase_family_protein	2cz5B00	2cz5B00	3.014E-04	1.000	100	103	339	404	11	206	208	257	0.587	0.942
LOKIASV2_2854_ESMFold_amidohydrolase_family_protein	af_P53909_2_346_3.20.20.140	af_P53909_2_346_3.20.20.140	1.424E-04	1.000	100	79	362	404	12	343	345	369	0.703	0.962
LOKIASV2_2854_ESMFold_amidohydrolase_family_protein	1rr2A01	1rr2A01	1.344E-04	0.999	99	79	353	404	2	284	284	332	0.681	0.996
LOKIASV2_2854_ESMFold_amidohydrolase_family_protein	1zp3B00	1zp3B00	1.067E-04	0.999	97	76	338	404	18	286	290	313	0.651	0.928
LOKIASV2_2854_ESMFold_amidohydrolase_family_protein	1n7kB00	1n7kB00	8.475E-05	0.998	95	174	361	404	30	228	234	222	0.465	0.850
LOKIASV2_2854_ESMFold_amidohydrolase_family_protein	3be7A01	3be7A01	1.917E-02	0.998	94	19	77	404	2	55	98	60	0.146	0.551
LOKIASV2_2854_ESMFold_amidohydrolase_family_protein	1nfgA02	1nfgA02	5.066E-04	0.998	93	77	360	404	1	321	349	365	0.703	0.920
LOKIASV2_2854_ESMFold_amidohydrolase_family_protein	4m3pA00	4m3pA00	1.067E-04	0.998	93	78	358	404	13	285	370	336	0.696	0.738
LOKIASV2_2854_ESMFold_amidohydrolase_family_protein	3lnpA01	3lnpA01	2.871E-02	0.997	92	16	74	404	1	59	131	61	0.146	0.450
LOKIASV2_2854_ESMFold_amidohydrolase_family_protein	5hmfA01	5hmfA01	2.415E-02	0.997	91	20	76	404	3	59	114	62	0.141	0.500
LOKIASV2_2854_ESMFold_amidohydrolase_family_protein	1pokA02	1pokA02	3.398E-03	0.997	91	78	361	404	1	266	267	321	0.703	0.996
LOKIASV2_2854_ESMFold_amidohydrolase_family_protein	af_A0A0G2L2R7_13_352_3.20.20.330	af_A0A0G2L2R7_13_352_3.20.20.330	1.900E-04	0.996	90	76	361	404	14	325	340	356	0.708	0.918
LOKIASV2_2854_ESMFold_amidohydrolase_family_protein	4c5zA01	4c5zA01	1.522E-02	0.996	89	16	77	404	1	62	118	68	0.153	0.525
LOKIASV2_2854_ESMFold_amidohydrolase_family_protein	2qjgK00	2qjgK00	3.584E-04	0.996	89	69	350	404	22	263	266	305	0.698	0.910
LOKIASV2_2854_ESMFold_amidohydrolase_family_protein	1gkpA02	1gkpA02	1.509E-04	0.996	89	77	404	404	1	354	354	400	0.812	1.000
LOKIASV2_2854_ESMFold_amidohydrolase_family_protein	1j2wC00	1j2wC00	2.142E-03	0.995	88	80	272	404	5	181	212	218	0.478	0.835
LOKIASV2_2854_ESMFold_amidohydrolase_family_protein	af_F1QF71_1_302_3.20.20.330	af_F1QF71_1_302_3.20.20.330	5.366E-04	0.995	88	76	271	404	5	248	302	261	0.485	0.808
LOKIASV2_2854_ESMFold_amidohydrolase_family_protein	af_O06418_206_487_3.20.20.140	af_O06418_206_487_3.20.20.140	1.072E-03	0.994	87	112	363	404	11	282	282	309	0.624	0.965
LOKIASV2_2854_ESMFold_amidohydrolase_family_protein	3e74C02	3e74C02	2.404E-03	0.993	86	76	364	404	1	290	314	355	0.715	0.924
LOKIASV2_2854_ESMFold_amidohydrolase_family_protein	6ofuA00	6ofuA00	4.261E-04	0.992	85	77	362	404	16	247	258	309	0.708	0.899
LOKIASV2_2854_ESMFold_amidohydrolase_family_protein	af_Q2G121_2_294_3.20.20.330	af_Q2G121_2_294_3.20.20.330	4.022E-04	0.992	85	76	369	404	10	289	293	353	0.728	0.956
LOKIASV2_2854_ESMFold_amidohydrolase_family_protein	3jr2B00	3jr2B00	2.858E-03	0.991	84	79	343	404	3	207	207	288	0.656	0.990
LOKIASV2_2854_ESMFold_amidohydrolase_family_protein	1vcvB00	1vcvB00	3.398E-03	0.991	84	77	351	404	3	214	226	295	0.681	0.938
LOKIASV2_2854_ESMFold_amidohydrolase_family_protein	2dzaA00	2dzaA00	4.040E-03	0.990	83	184	344	404	30	183	245	175	0.399	0.629
LOKIASV2_2854_ESMFold_amidohydrolase_family_protein	2fvmB02	2fvmB02	1.802E-03	0.990	83	77	362	404	1	369	406	402	0.708	0.909
LOKIASV2_2854_ESMFold_amidohydrolase_family_protein	af_F4J6X3_4_310_3.20.20.140	af_F4J6X3_4_310_3.20.20.140	2.547E-03	0.988	82	77	360	404	5	299	307	350	0.703	0.961
LOKIASV2_2854_ESMFold_amidohydrolase_family_protein	2vhlB01	2vhlB01	7.653E-02	0.986	81	19	76	404	2	56	92	59	0.144	0.598
LOKIASV2_2854_ESMFold_amidohydrolase_family_protein	2nlyA00	2nlyA00	2.858E-03	0.986	81	78	340	404	2	203	216	282	0.651	0.935
LOKIASV2_2854_ESMFold_amidohydrolase_family_protein	3oa3B00	3oa3B00	3.398E-03	0.986	81	76	272	404	38	218	252	223	0.488	0.718
LOKIASV2_2854_ESMFold_amidohydrolase_family_protein	af_Q58527_9_278_3.20.20.140	af_Q58527_9_278_3.20.20.140	4.534E-03	0.986	81	79	361	404	2	267	270	319	0.700	0.985
LOKIASV2_2854_ESMFold_amidohydrolase_family_protein	3bg3B02	3bg3B02	8.513E-04	0.986	81	76	340	404	2	280	288	318	0.656	0.969
LOKIASV2_2854_ESMFold_amidohydrolase_family_protein	af_K7M0Q9_230_528_3.20.20.140	af_K7M0Q9_230_528_3.20.20.140	1.909E-03	0.986	81	88	357	404	8	298	299	335	0.668	0.973
LOKIASV2_2854_ESMFold_amidohydrolase_family_protein	3kaoA00	3kaoA00	3.383E-04	0.981	79	76	364	404	17	307	321	349	0.715	0.907
LOKIASV2_2854_ESMFold_amidohydrolase_family_protein	1ok6A00	1ok6A00	3.814E-03	0.978	78	77	343	404	15	254	254	299	0.661	0.945
LOKIASV2_2854_ESMFold_amidohydrolase_family_protein	af_P0A991_40_348_3.20.20.70	af_P0A991_40_348_3.20.20.70	3.584E-04	0.978	78	76	346	404	28	308	309	336	0.671	0.909
LOKIASV2_2854_ESMFold_amidohydrolase_family_protein	af_Q5AEI0_1_296_3.20.20.220	af_Q5AEI0_1_296_3.20.20.220	1.909E-03	0.975	77	75	341	404	16	295	296	320	0.661	0.946
LOKIASV2_2854_ESMFold_amidohydrolase_family_protein	af_Q75HE6_1_304_3.20.20.220	af_Q75HE6_1_304_3.20.20.220	1.072E-03	0.975	77	76	337	404	15	302	304	326	0.649	0.947
LOKIASV2_2854_ESMFold_amidohydrolase_family_protein	af_P87138_1_306_3.20.20.330	af_P87138_1_306_3.20.20.330	1.516E-03	0.975	77	78	271	404	2	241	306	253	0.480	0.784
LOKIASV2_2854_ESMFold_amidohydrolase_family_protein	1q85B01	1q85B01	1.072E-03	0.971	76	76	372	404	13	284	287	341	0.735	0.948
LOKIASV2_2854_ESMFold_amidohydrolase_family_protein	3ajxA00	3ajxA00	3.028E-03	0.967	75	78	284	404	2	179	207	228	0.512	0.860
LOKIASV2_2854_ESMFold_amidohydrolase_family_protein	4lsbB01	4lsbB01	3.028E-03	0.967	75	76	271	404	18	206	230	240	0.485	0.822
LOKIASV2_2854_ESMFold_amidohydrolase_family_protein	af_Q966F6_1_292_3.20.20.330	af_Q966F6_1_292_3.20.20.330	3.814E-03	0.967	75	76	321	404	2	284	292	324	0.609	0.969
LOKIASV2_2854_ESMFold_amidohydrolase_family_protein	5dmlA00	5dmlA00	1.605E-03	0.967	75	78	350	404	14	287	292	335	0.676	0.938
LOKIASV2_2854_ESMFold_amidohydrolase_family_protein	3qfeA00	3qfeA00	3.398E-03	0.967	75	76	364	404	7	268	305	320	0.715	0.859
LOKIASV2_2854_ESMFold_amidohydrolase_family_protein	af_P9WK91_74_280_3.20.20.70	af_P9WK91_74_280_3.20.20.70	1.431E-03	0.961	74	171	343	404	21	207	207	216	0.428	0.903
LOKIASV2_2854_ESMFold_amidohydrolase_family_protein	3f4wB00	3f4wB00	1.017E-02	0.956	73	78	341	404	2	206	211	281	0.653	0.972
LOKIASV2_2854_ESMFold_amidohydrolase_family_protein	af_P60716_82_298_3.20.20.70	af_P60716_82_298_3.20.20.70	1.350E-03	0.956	73	156	342	404	12	214	217	230	0.463	0.935
LOKIASV2_2854_ESMFold_amidohydrolase_family_protein	3ng3C00	3ng3C00	2.547E-03	0.956	73	76	272	404	7	187	220	222	0.488	0.823
LOKIASV2_2854_ESMFold_amidohydrolase_family_protein	4ks0B02	4ks0B02	1.900E-04	0.956	73	151	359	404	2	230	234	261	0.517	0.979
LOKIASV2_2854_ESMFold_amidohydrolase_family_protein	1yeyB02	1yeyB02	1.017E-02	0.956	73	80	287	404	2	187	243	227	0.515	0.765
LOKIASV2_2854_ESMFold_amidohydrolase_family_protein	5dmnB00	5dmnB00	8.551E-03	0.956	73	78	342	404	13	259	259	305	0.656	0.954
LOKIASV2_2854_ESMFold_amidohydrolase_family_protein	3ivsA01	3ivsA01	3.398E-03	0.956	73	77	361	404	11	260	261	317	0.705	0.958
LOKIASV2_2854_ESMFold_amidohydrolase_family_protein	2hrwA00	2hrwA00	3.208E-03	0.956	73	77	280	404	14	209	281	240	0.505	0.698
LOKIASV2_2854_ESMFold_amidohydrolase_family_protein	3fa3C00	3fa3C00	1.909E-03	0.956	73	76	362	404	16	289	301	348	0.710	0.910
LOKIASV2_2854_ESMFold_amidohydrolase_family_protein	af_Q8GYI4_58_362_3.20.20.60	af_Q8GYI4_58_362_3.20.20.60	3.814E-03	0.956	73	76	271	404	26	217	305	239	0.485	0.630
LOKIASV2_2854_ESMFold_amidohydrolase_family_protein	af_A0A1D6FAC8_456_645_2.30.40.10	af_A0A1D6FAC8_456_645_2.30.40.10	1.708E-02	0.949	72	77	251	404	1	144	190	193	0.433	0.758
LOKIASV2_2854_ESMFold_amidohydrolase_family_protein	1mzhB00	1mzhB00	8.551E-03	0.949	72	76	272	404	5	180	221	221	0.488	0.796
LOKIASV2_2854_ESMFold_amidohydrolase_family_protein	af_P96221_92_335_3.20.20.140	af_P96221_92_335_3.20.20.140	6.409E-03	0.949	72	79	362	404	7	240	244	327	0.703	0.959
LOKIASV2_2854_ESMFold_amidohydrolase_family_protein	af_P09556_222_478_3.20.20.70	af_P09556_222_478_3.20.20.70	6.409E-03	0.949	72	76	272	404	30	195	257	216	0.488	0.646
LOKIASV2_2854_ESMFold_amidohydrolase_family_protein	af_Q4DZ14_56_274_3.20.20.70	af_Q4DZ14_56_274_3.20.20.70	6.409E-03	0.941	71	76	272	404	7	186	219	220	0.488	0.822
LOKIASV2_2854_ESMFold_amidohydrolase_family_protein	af_Q7X7X0_234_532_3.20.20.20	af_Q7X7X0_234_532_3.20.20.20	2.013E-04	0.941	71	58	364	404	8	253	299	333	0.760	0.823
LOKIASV2_2854_ESMFold_amidohydrolase_family_protein	3ktsC00	3ktsC00	2.152E-02	0.933	70	78	327	404	8	181	182	254	0.619	0.956
LOKIASV2_2854_ESMFold_amidohydrolase_family_protein	af_O33259_8_324_3.20.20.330	af_O33259_8_324_3.20.20.330	1.802E-03	0.933	70	76	372	404	13	315	317	363	0.735	0.956
LOKIASV2_2854_ESMFold_amidohydrolase_family_protein	1aw5A00	1aw5A00	1.909E-03	0.933	70	79	343	404	41	321	321	326	0.656	0.875
LOKIASV2_2854_ESMFold_amidohydrolase_family_protein	5wrpA01	5wrpA01	2.404E-03	0.923	69	76	361	404	2	232	234	322	0.708	0.987
LOKIASV2_2854_ESMFold_amidohydrolase_family_protein	1v93A00	1v93A00	3.208E-03	0.923	69	76	370	404	12	291	292	353	0.730	0.959
LOKIASV2_2854_ESMFold_amidohydrolase_family_protein	af_Q2FYZ7_3_180_3.20.20.70	af_Q2FYZ7_3_180_3.20.20.70	2.558E-02	0.912	68	104	306	404	13	166	178	205	0.502	0.865
LOKIASV2_2854_ESMFold_amidohydrolase_family_protein	5b69B00	5b69B00	3.208E-03	0.912	68	80	249	404	16	221	246	229	0.421	0.837
LOKIASV2_2854_ESMFold_amidohydrolase_family_protein	af_P23331_1_141_3.40.50.300	af_P23331_1_141_3.40.50.300	3.616E-02	0.900	67	126	249	404	14	138	141	137	0.307	0.887
LOKIASV2_2854_ESMFold_amidohydrolase_family_protein	1kv8B00	1kv8B00	8.072E-03	0.900	67	76	308	404	2	212	215	268	0.577	0.981
LOKIASV2_2854_ESMFold_amidohydrolase_family_protein	3ru6D00	3ru6D00	1.613E-02	0.900	67	80	272	404	2	173	218	216	0.478	0.789
LOKIASV2_2854_ESMFold_amidohydrolase_family_protein	2yyuB00	2yyuB00	1.141E-02	0.900	67	79	271	404	4	180	229	226	0.478	0.773
LOKIASV2_2854_ESMFold_amidohydrolase_family_protein	af_Q2FYW6_6_248_3.40.640.10	af_Q2FYW6_6_248_3.40.640.10	1.810E-02	0.900	67	153	244	404	73	191	243	120	0.228	0.490
LOKIASV2_2854_ESMFold_amidohydrolase_family_protein	af_Q58647_2_238_3.20.20.390	af_Q58647_2_238_3.20.20.390	5.710E-03	0.887	66	77	249	404	20	221	237	225	0.428	0.852
LOKIASV2_2854_ESMFold_amidohydrolase_family_protein	3qz6A00	3qz6A00	2.269E-03	0.887	66	153	344	404	12	203	252	226	0.475	0.762
LOKIASV2_2854_ESMFold_amidohydrolase_family_protein	4jn8A02	4jn8A02	4.803E-03	0.887	66	77	272	404	13	189	276	220	0.485	0.641
LOKIASV2_2854_ESMFold_amidohydrolase_family_protein	af_Q9WU20_42_335_3.20.20.220	af_Q9WU20_42_335_3.20.20.220	1.017E-02	0.887	66	78	334	404	17	293	294	315	0.636	0.942
LOKIASV2_2854_ESMFold_amidohydrolase_family_protein	4hnvD04	4hnvD04	1.802E-03	0.887	66	80	371	404	53	358	420	356	0.723	0.729
LOKIASV2_2854_ESMFold_amidohydrolase_family_protein	3op2A02	3op2A02	3.616E-02	0.872	65	177	271	404	27	128	239	108	0.235	0.427
LOKIASV2_2854_ESMFold_amidohydrolase_family_protein	2qezE03	2qezE03	4.514E-04	0.872	65	75	388	404	12	278	282	344	0.777	0.947
LOKIASV2_2854_ESMFold_amidohydrolase_family_protein	2p9bA02	2p9bA02	1.214E-01	0.855	64	77	152	404	1	62	85	77	0.188	0.729
LOKIASV2_2854_ESMFold_amidohydrolase_family_protein	af_Q46906_2_189_3.20.20.70	af_Q46906_2_189_3.20.20.70	3.041E-02	0.855	64	77	272	404	9	154	188	198	0.485	0.777
LOKIASV2_2854_ESMFold_amidohydrolase_family_protein	2oqyA02	2oqyA02	2.871E-02	0.855	64	77	274	404	4	176	226	212	0.490	0.765
LOKIASV2_2854_ESMFold_amidohydrolase_family_protein	af_P08566_1067_1307_3.20.20.70	af_P08566_1067_1307_3.20.20.70	3.814E-03	0.855	64	76	266	404	6	178	241	212	0.473	0.718
LOKIASV2_2854_ESMFold_amidohydrolase_family_protein	4mg4B00	4mg4B00	4.803E-03	0.855	64	98	271	404	2	210	251	230	0.431	0.833
LOKIASV2_2854_ESMFold_amidohydrolase_family_protein	af_P9WLN9_1_257_3.20.20.60	af_P9WLN9_1_257_3.20.20.60	1.017E-02	0.855	64	76	310	404	11	255	257	292	0.582	0.953
LOKIASV2_2854_ESMFold_amidohydrolase_family_protein	1s2vC00	1s2vC00	2.269E-03	0.855	64	78	361	404	18	268	282	329	0.703	0.890
LOKIASV2_2854_ESMFold_amidohydrolase_family_protein	2zadB02	2zadB02	1.522E-02	0.837	63	74	280	404	13	184	223	218	0.512	0.771
LOKIASV2_2854_ESMFold_amidohydrolase_family_protein	3b1cA02	3b1cA02	4.554E-02	0.837	63	153	236	404	53	152	225	100	0.208	0.444
LOKIASV2_2854_ESMFold_amidohydrolase_family_protein	1r0mA02	1r0mA02	1.613E-02	0.837	63	175	352	404	22	190	230	204	0.441	0.735
LOKIASV2_2854_ESMFold_amidohydrolase_family_protein	3r12A00	3r12A00	6.409E-03	0.837	63	174	362	404	48	242	248	225	0.468	0.786
LOKIASV2_2854_ESMFold_amidohydrolase_family_protein	2yxgD00	2yxgD00	1.437E-02	0.837	63	76	361	404	2	231	288	317	0.708	0.799
LOKIASV2_2854_ESMFold_amidohydrolase_family_protein	1oqfA00	1oqfA00	2.142E-03	0.837	63	109	341	404	25	285	290	307	0.577	0.900
LOKIASV2_2854_ESMFold_amidohydrolase_family_protein	af_Q58070_5_305_3.20.20.70	af_Q58070_5_305_3.20.20.70	4.534E-03	0.837	63	81	352	404	15	300	301	358	0.673	0.950
LOKIASV2_2854_ESMFold_amidohydrolase_family_protein	3ij6C00	3ij6C00	5.390E-03	0.837	63	120	360	404	56	301	302	301	0.597	0.815
LOKIASV2_2854_ESMFold_amidohydrolase_family_protein	af_A4I2Q1_3_379_3.20.20.140	af_A4I2Q1_3_379_3.20.20.140	2.415E-02	0.837	63	76	361	404	8	376	377	406	0.708	0.979
LOKIASV2_2854_ESMFold_amidohydrolase_family_protein	3q45A02	3q45A02	1.917E-02	0.817	62	74	322	404	15	214	242	275	0.616	0.826
LOKIASV2_2854_ESMFold_amidohydrolase_family_protein	3p6lA00	3p6lA00	1.708E-02	0.817	62	77	341	404	8	253	258	315	0.656	0.953
LOKIASV2_2854_ESMFold_amidohydrolase_family_protein	af_Q0J4W4_4_271_3.20.20.70	af_Q0J4W4_4_271_3.20.20.70	9.596E-03	0.817	62	77	272	404	5	168	268	219	0.485	0.612
LOKIASV2_2854_ESMFold_amidohydrolase_family_protein	2r94D00	2r94D00	6.409E-03	0.817	62	80	341	404	3	280	281	326	0.649	0.989
LOKIASV2_2854_ESMFold_amidohydrolase_family_protein	3a22B01	3a22B01	7.619E-03	0.817	62	76	353	404	8	293	293	338	0.688	0.976
LOKIASV2_2854_ESMFold_amidohydrolase_family_protein	4xkyA00	4xkyA00	3.600E-03	0.817	62	77	342	404	5	298	298	340	0.658	0.987
LOKIASV2_2854_ESMFold_amidohydrolase_family_protein	af_P37678_5_213_3.20.20.70	af_P37678_5_213_3.20.20.70	3.413E-02	0.795	61	81	362	404	2	202	209	305	0.698	0.962
LOKIASV2_2854_ESMFold_amidohydrolase_family_protein	3sszA02	3sszA02	2.415E-02	0.795	61	76	272	404	16	184	248	218	0.488	0.681
LOKIASV2_2854_ESMFold_amidohydrolase_family_protein	1l9wC00	1l9wC00	1.141E-02	0.795	61	76	343	404	15	252	252	320	0.663	0.944
LOKIASV2_2854_ESMFold_amidohydrolase_family_protein	af_O53506_2_293_3.20.20.220	af_O53506_2_293_3.20.20.220	4.058E-02	0.795	61	80	343	404	4	292	292	330	0.653	0.990
LOKIASV2_2854_ESMFold_amidohydrolase_family_protein	af_P75682_5_302_3.20.20.70	af_P75682_5_302_3.20.20.70	1.141E-02	0.795	61	76	341	404	4	295	298	331	0.658	0.980
LOKIASV2_2854_ESMFold_amidohydrolase_family_protein	af_Q9VJ31_4_323_3.20.20.330	af_Q9VJ31_4_323_3.20.20.330	6.789E-03	0.795	61	78	340	404	12	319	320	353	0.651	0.962
LOKIASV2_2854_ESMFold_amidohydrolase_family_protein	af_B4F8B4_8_338_3.20.20.70	af_B4F8B4_8_338_3.20.20.70	1.810E-02	0.772	60	76	320	404	4	196	331	268	0.606	0.583
LOKIASV2_2854_ESMFold_amidohydrolase_family_protein	5enzB01	5enzB01	1.356E-02	0.747	59	119	319	404	2	211	212	228	0.498	0.991
LOKIASV2_2854_ESMFold_amidohydrolase_family_protein	af_Q58624_1_230_3.20.20.70	af_Q58624_1_230_3.20.20.70	1.141E-02	0.747	59	117	259	404	62	198	230	167	0.354	0.596
LOKIASV2_2854_ESMFold_amidohydrolase_family_protein	4jejA00	4jejA00	1.522E-02	0.747	59	78	249	404	20	225	241	230	0.426	0.855
LOKIASV2_2854_ESMFold_amidohydrolase_family_protein	af_P32134_16_258_3.20.20.150	af_P32134_16_258_3.20.20.150	4.554E-02	0.747	59	178	287	404	21	157	243	140	0.272	0.564
LOKIASV2_2854_ESMFold_amidohydrolase_family_protein	af_Q58465_3_262_3.20.20.70	af_Q58465_3_262_3.20.20.70	5.710E-03	0.747	59	76	362	404	14	254	260	327	0.710	0.927
LOKIASV2_2854_ESMFold_amidohydrolase_family_protein	3cqiB00	3cqiB00	3.222E-02	0.747	59	79	343	404	2	272	273	325	0.656	0.993
LOKIASV2_2854_ESMFold_amidohydrolase_family_protein	4n4pB00	4n4pB00	9.058E-03	0.747	59	77	362	404	8	287	290	347	0.708	0.966
LOKIASV2_2854_ESMFold_amidohydrolase_family_protein	af_Q17693_57_348_3.20.20.220	af_Q17693_57_348_3.20.20.220	2.152E-02	0.747	59	78	361	404	16	291	292	339	0.703	0.945
LOKIASV2_2854_ESMFold_amidohydrolase_family_protein	af_Q9FUN0_5_315_3.20.20.330	af_Q9FUN0_5_315_3.20.20.330	1.613E-02	0.747	59	78	352	404	11	310	311	342	0.681	0.965
LOKIASV2_2854_ESMFold_amidohydrolase_family_protein	af_P0CH67_115_331_3.20.20.70	af_P0CH67_115_331_3.20.20.70	1.917E-02	0.720	58	150	342	404	12	186	217	217	0.478	0.806
LOKIASV2_2854_ESMFold_amidohydrolase_family_protein	3ldvB00	3ldvB00	5.736E-02	0.720	58	76	272	404	3	176	224	225	0.488	0.777
LOKIASV2_2854_ESMFold_amidohydrolase_family_protein	af_O50388_7_394_3.90.1150.10	af_O50388_7_394_3.90.1150.10	7.192E-03	0.720	58	79	250	404	21	250	388	247	0.426	0.593
LOKIASV2_2854_ESMFold_amidohydrolase_family_protein	2qdeH02	2qdeH02	2.710E-02	0.692	57	76	316	404	12	175	239	247	0.597	0.686
LOKIASV2_2854_ESMFold_amidohydrolase_family_protein	1oy0A00	1oy0A00	1.356E-02	0.692	57	107	273	404	6	189	248	205	0.413	0.742
LOKIASV2_2854_ESMFold_amidohydrolase_family_protein	af_P71847_8_353_3.20.20.70	af_P71847_8_353_3.20.20.70	4.299E-02	0.692	57	107	272	404	21	165	346	182	0.411	0.419
LOKIASV2_2854_ESMFold_amidohydrolase_family_protein	2p88C02	2p88C02	6.437E-02	0.663	56	77	272	404	14	178	235	210	0.485	0.702
LOKIASV2_2854_ESMFold_amidohydrolase_family_protein	3vavB00	3vavB00	6.076E-02	0.663	56	77	274	404	16	203	260	232	0.490	0.723
LOKIASV2_2854_ESMFold_amidohydrolase_family_protein	af_Q1NZ26_14_274_3.20.20.70	af_Q1NZ26_14_274_3.20.20.70	4.299E-02	0.663	56	76	307	404	2	260	261	296	0.574	0.992
LOKIASV2_2854_ESMFold_amidohydrolase_family_protein	3b8iC00	3b8iC00	1.437E-02	0.663	56	80	310	404	20	268	278	292	0.572	0.896
LOKIASV2_2854_ESMFold_amidohydrolase_family_protein	3eb2C00	3eb2C00	2.031E-02	0.663	56	78	374	404	2	272	288	340	0.735	0.941
LOKIASV2_2854_ESMFold_amidohydrolase_family_protein	af_X1WDW3_94_388_3.20.20.80	af_X1WDW3_94_388_3.20.20.80	1.810E-02	0.663	56	76	356	404	11	292	295	341	0.696	0.956
LOKIASV2_2854_ESMFold_amidohydrolase_family_protein	4uuiA00	4uuiA00	5.414E-02	0.663	56	80	341	404	10	237	299	291	0.649	0.763
LOKIASV2_2854_ESMFold_amidohydrolase_family_protein	af_K7MUD8_53_281_3.20.20.60	af_K7MUD8_53_281_3.20.20.60	7.224E-02	0.632	55	127	273	404	9	153	229	172	0.364	0.633
LOKIASV2_2854_ESMFold_amidohydrolase_family_protein	af_A0A0R0ENQ9_1_93_3.40.50.2300	af_A0A0R0ENQ9_1_93_3.40.50.2300	2.040E-01	0.601	54	173	266	404	1	92	93	96	0.233	0.989
LOKIASV2_2854_ESMFold_amidohydrolase_family_protein	af_A0A5K1K8R3_265_452_3.20.20.70	af_A0A5K1K8R3_265_452_3.20.20.70	1.286E-01	0.601	54	107	338	404	2	187	188	255	0.574	0.989
LOKIASV2_2854_ESMFold_amidohydrolase_family_protein	2ze3A01	2ze3A01	9.596E-03	0.601	54	99	271	404	3	210	232	241	0.428	0.897
LOKIASV2_2854_ESMFold_amidohydrolase_family_protein	4ph6A00	4ph6A00	4.824E-02	0.601	54	76	343	404	13	240	240	302	0.663	0.950
LOKIASV2_2854_ESMFold_amidohydrolase_family_protein	af_Q2FZX4_3_265_3.20.20.70	af_Q2FZX4_3_265_3.20.20.70	1.356E-02	0.601	54	156	343	404	65	263	263	235	0.465	0.757
LOKIASV2_2854_ESMFold_amidohydrolase_family_protein	af_Q22721_328_650_3.40.1190.20	af_Q22721_328_650_3.40.1190.20	9.554E-04	0.601	54	18	372	404	12	319	323	411	0.879	0.954
LOKIASV2_2854_ESMFold_amidohydrolase_family_protein	af_Q8I226_69_440_3.20.20.140	af_Q8I226_69_440_3.20.20.140	1.613E-02	0.601	54	78	363	404	1	357	372	393	0.708	0.960
LOKIASV2_2854_ESMFold_amidohydrolase_family_protein	2l82A00	2l82A00	4.824E-02	0.569	53	120	239	404	6	123	162	132	0.297	0.728
LOKIASV2_2854_ESMFold_amidohydrolase_family_protein	4mm1F00	4mm1F00	2.161E-01	0.569	53	111	249	404	70	205	207	154	0.344	0.657
LOKIASV2_2854_ESMFold_amidohydrolase_family_protein	3ck5D02	3ck5D02	8.589E-02	0.569	53	74	272	404	13	174	216	214	0.493	0.750
LOKIASV2_2854_ESMFold_amidohydrolase_family_protein	3ddmA02	3ddmA02	6.437E-02	0.569	53	177	315	404	21	174	238	172	0.344	0.647
LOKIASV2_2854_ESMFold_amidohydrolase_family_protein	3c61A01	3c61A01	2.558E-02	0.569	53	117	366	404	14	257	270	292	0.619	0.904
LOKIASV2_2854_ESMFold_amidohydrolase_family_protein	1vi9C00	1vi9C00	3.831E-02	0.569	53	146	292	404	29	169	279	162	0.364	0.505
LOKIASV2_2854_ESMFold_amidohydrolase_family_protein	3s5oA00	3s5oA00	2.031E-02	0.569	53	81	362	404	7	294	295	339	0.698	0.976
LOKIASV2_2854_ESMFold_amidohydrolase_family_protein	3ciwA00	3ciwA00	7.619E-03	0.569	53	98	352	404	2	285	344	329	0.631	0.826
LOKIASV2_2854_ESMFold_amidohydrolase_family_protein	af_Q58662_35_171_3.40.50.2300	af_Q58662_35_171_3.40.50.2300	7.653E-02	0.537	52	153	240	404	5	119	137	119	0.218	0.839
LOKIASV2_2854_ESMFold_amidohydrolase_family_protein	af_K7MIM3_10_154_3.40.50.2300	af_K7MIM3_10_154_3.40.50.2300	3.055E-01	0.537	52	152	249	404	1	98	145	107	0.243	0.676
LOKIASV2_2854_ESMFold_amidohydrolase_family_protein	6dspB01	6dspB01	2.040E-01	0.537	52	153	252	404	4	103	162	113	0.248	0.617
LOKIASV2_2854_ESMFold_amidohydrolase_family_protein	3exsC00	3exsC00	3.616E-02	0.537	52	80	270	404	3	160	208	204	0.473	0.760
LOKIASV2_2854_ESMFold_amidohydrolase_family_protein	4h2hB02	4h2hB02	1.021E-01	0.537	52	176	344	404	23	172	234	192	0.418	0.641
LOKIASV2_2854_ESMFold_amidohydrolase_family_protein	1wufA02	1wufA02	1.146E-01	0.537	52	153	315	404	16	172	244	180	0.403	0.643
LOKIASV2_2854_ESMFold_amidohydrolase_family_protein	2pozE02	2pozE02	2.031E-02	0.537	52	153	341	404	16	207	249	234	0.468	0.771
LOKIASV2_2854_ESMFold_amidohydrolase_family_protein	1vc4A00	1vc4A00	7.224E-02	0.537	52	76	272	404	44	213	254	217	0.488	0.669
LOKIASV2_2854_ESMFold_amidohydrolase_family_protein	af_Q9AWZ7_81_360_3.20.20.60	af_Q9AWZ7_81_360_3.20.20.60	1.021E-01	0.537	52	75	272	404	17	204	280	235	0.490	0.671
LOKIASV2_2854_ESMFold_amidohydrolase_family_protein	5gvjA00	5gvjA00	2.279E-02	0.537	52	176	317	404	46	193	294	174	0.351	0.503
LOKIASV2_2854_ESMFold_amidohydrolase_family_protein	5x8oA01	5x8oA01	1.810E-02	0.537	52	55	249	404	96	249	307	215	0.483	0.502
LOKIASV2_2854_ESMFold_amidohydrolase_family_protein	af_Q8IL68_79_438_3.20.20.70	af_Q8IL68_79_438_3.20.20.70	1.280E-02	0.537	52	78	341	404	46	349	360	355	0.653	0.844
LOKIASV2_2854_ESMFold_amidohydrolase_family_protein	af_Q58899_2_184_3.40.50.2000	af_Q58899_2_184_3.40.50.2000	6.819E-02	0.505	51	120	268	404	3	158	183	167	0.369	0.852
LOKIASV2_2854_ESMFold_amidohydrolase_family_protein	1ub0A00	1ub0A00	1.021E-01	0.505	51	119	267	404	2	150	246	168	0.369	0.606
LOKIASV2_2854_ESMFold_amidohydrolase_family_protein	af_P39364_10_265_3.20.20.70	af_P39364_10_265_3.20.20.70	9.099E-02	0.505	51	76	271	404	2	206	256	235	0.485	0.801
LOKIASV2_2854_ESMFold_amidohydrolase_family_protein	af_Q9VGF2_1_211_3.20.20.100	af_Q9VGF2_1_211_3.20.20.100	9.639E-02	0.473	50	153	285	404	38	190	211	166	0.329	0.725
LOKIASV2_2854_ESMFold_amidohydrolase_family_protein	3nzrD00	3nzrD00	3.041E-02	0.473	50	77	249	404	9	204	236	215	0.428	0.831
LOKIASV2_2854_ESMFold_amidohydrolase_family_protein	af_Q5AME2_1029_1267_3.20.20.70	af_Q5AME2_1029_1267_3.20.20.70	8.107E-02	0.473	50	76	333	404	12	237	239	298	0.639	0.946
LOKIASV2_2854_ESMFold_amidohydrolase_family_protein	2qccB00	2qccB00	3.616E-02	0.473	50	76	308	404	31	243	251	263	0.577	0.849
LOKIASV2_2854_ESMFold_amidohydrolase_family_protein	4ggbA02	4ggbA02	9.639E-02	0.473	50	76	272	404	14	174	253	214	0.488	0.636
LOKIASV2_2854_ESMFold_amidohydrolase_family_protein	6gyaD01	6gyaD01	8.551E-03	0.473	50	77	335	404	1	246	291	295	0.641	0.845
LOKIASV2_2854_ESMFold_amidohydrolase_family_protein	af_I6YB54_43_336_3.20.20.80	af_I6YB54_43_336_3.20.20.80	9.099E-02	0.473	50	76	328	404	4	292	294	325	0.626	0.983
LOKIASV2_2854_ESMFold_amidohydrolase_family_protein	1wzaA01	1wzaA01	2.152E-02	0.473	50	79	360	404	2	252	340	324	0.698	0.738
LOKIASV2_2854_ESMFold_amidohydrolase_family_protein	af_K7M508_28_384_3.20.20.70	af_K7M508_28_384_3.20.20.70	6.819E-02	0.473	50	76	250	404	10	245	357	254	0.433	0.661
LOKIASV2_2854_ESMFold_amidohydrolase_family_protein	af_Q8I2U5_4_508_3.20.20.70	af_Q8I2U5_4_508_3.20.20.70	1.021E-01	0.473	50	87	249	404	230	364	505	183	0.403	0.267
LOKIASV2_2854_ESMFold_amidohydrolase_family_protein	af_K7L2J1_1_132_3.20.20.100	af_K7L2J1_1_132_3.20.20.100	2.290E-01	0.442	49	154	244	404	11	100	132	100	0.225	0.682
LOKIASV2_2854_ESMFold_amidohydrolase_family_protein	af_K7M0A1_1_153_3.40.50.2300	af_K7M0A1_1_153_3.40.50.2300	2.040E-01	0.442	49	132	234	404	57	137	153	105	0.255	0.529
LOKIASV2_2854_ESMFold_amidohydrolase_family_protein	1v4vB01	1v4vB01	1.280E-02	0.442	49	79	350	404	3	192	210	289	0.673	0.905
LOKIASV2_2854_ESMFold_amidohydrolase_family_protein	3toyC02	3toyC02	1.021E-01	0.442	49	76	272	404	13	177	230	209	0.488	0.717
LOKIASV2_2854_ESMFold_amidohydrolase_family_protein	2yr1A00	2yr1A00	6.819E-02	0.442	49	76	272	404	20	205	257	227	0.488	0.724
LOKIASV2_2854_ESMFold_amidohydrolase_family_protein	af_K7LZE4_23_293_3.40.1190.20	af_K7LZE4_23_293_3.40.1190.20	2.722E-01	0.442	49	170	263	404	49	133	271	94	0.233	0.314
LOKIASV2_2854_ESMFold_amidohydrolase_family_protein	af_Q652S1_1097_1376_3.20.20.70	af_Q652S1_1097_1376_3.20.20.70	5.414E-02	0.442	49	77	362	404	16	270	280	335	0.708	0.911
LOKIASV2_2854_ESMFold_amidohydrolase_family_protein	3fkkA00	3fkkA00	7.653E-02	0.442	49	76	318	404	2	213	304	286	0.601	0.697
LOKIASV2_2854_ESMFold_amidohydrolase_family_protein	1i8jA00	1i8jA00	2.031E-02	0.442	49	78	311	404	31	322	323	328	0.579	0.904
LOKIASV2_2854_ESMFold_amidohydrolase_family_protein	af_Q8IJ83_29_215_3.40.50.2000	af_Q8IJ83_29_215_3.40.50.2000	3.428E-01	0.411	48	180	263	404	74	159	187	91	0.208	0.460
LOKIASV2_2854_ESMFold_amidohydrolase_family_protein	af_Q18993_9_199_3.40.50.2000	af_Q18993_9_199_3.40.50.2000	3.632E-01	0.411	48	175	272	404	69	175	191	111	0.243	0.560
LOKIASV2_2854_ESMFold_amidohydrolase_family_protein	af_Q58842_163_361_3.20.20.70	af_Q58842_163_361_3.20.20.70	1.926E-01	0.411	48	81	250	404	2	130	199	176	0.421	0.648
LOKIASV2_2854_ESMFold_amidohydrolase_family_protein	af_K7V589_59_265_3.20.20.70	af_K7V589_59_265_3.20.20.70	3.236E-01	0.411	48	153	272	404	2	102	207	128	0.297	0.488
LOKIASV2_2854_ESMFold_amidohydrolase_family_protein	af_P40386_1_220_3.20.20.70	af_P40386_1_220_3.20.20.70	8.107E-02	0.411	48	154	362	404	11	214	220	260	0.517	0.927
LOKIASV2_2854_ESMFold_amidohydrolase_family_protein	af_P37691_16_246_3.20.20.370	af_P37691_16_246_3.20.20.370	1.082E-01	0.411	48	76	356	404	8	230	231	305	0.696	0.965
LOKIASV2_2854_ESMFold_amidohydrolase_family_protein	af_O94492_88_328_3.40.640.10	af_O94492_88_328_3.40.640.10	3.848E-01	0.411	48	153	241	404	70	175	241	108	0.220	0.440
LOKIASV2_2854_ESMFold_amidohydrolase_family_protein	4d95A00	4d95A00	3.413E-02	0.411	48	76	363	404	24	292	294	329	0.713	0.915
LOKIASV2_2854_ESMFold_amidohydrolase_family_protein	af_A4IC95_4_307_3.20.20.220	af_A4IC95_4_307_3.20.20.220	2.152E-02	0.411	48	76	362	404	13	296	304	353	0.710	0.934
LOKIASV2_2854_ESMFold_amidohydrolase_family_protein	af_Q19133_1_311_3.40.1190.20	af_Q19133_1_311_3.40.1190.20	4.534E-03	0.411	48	18	361	404	12	292	311	392	0.851	0.904
LOKIASV2_2854_ESMFold_amidohydrolase_family_protein	af_Q2G1E1_1_129_3.40.50.2300	af_Q2G1E1_1_129_3.40.50.2300	6.850E-01	0.382	47	154	249	404	5	100	129	103	0.238	0.744
LOKIASV2_2854_ESMFold_amidohydrolase_family_protein	af_Q76KC5_1_143_3.40.50.2300	af_Q76KC5_1_143_3.40.50.2300	1.818E-01	0.382	47	153	249	404	7	113	143	114	0.240	0.748
LOKIASV2_2854_ESMFold_amidohydrolase_family_protein	af_Q8LPI9_65_212_3.20.20.70	af_Q8LPI9_65_212_3.20.20.70	6.466E-01	0.382	47	176	271	404	9	104	148	103	0.238	0.649
LOKIASV2_2854_ESMFold_amidohydrolase_family_protein	3ritD02	3ritD02	1.926E-01	0.382	47	153	344	404	17	174	239	209	0.475	0.661
LOKIASV2_2854_ESMFold_amidohydrolase_family_protein	3t4cC00	3t4cC00	2.161E-01	0.382	47	77	340	404	15	252	262	304	0.653	0.908
LOKIASV2_2854_ESMFold_amidohydrolase_family_protein	af_Q4DGT6_3_267_3.20.20.60	af_Q4DGT6_3_267_3.20.20.60	3.222E-02	0.382	47	76	341	404	14	260	265	307	0.658	0.932
LOKIASV2_2854_ESMFold_amidohydrolase_family_protein	af_P39988_2_305_3.40.1190.20	af_P39988_2_305_3.40.1190.20	5.736E-02	0.382	47	125	315	404	13	179	304	209	0.473	0.549
LOKIASV2_2854_ESMFold_amidohydrolase_family_protein	2gjnA00	2gjnA00	9.099E-02	0.382	47	108	317	404	23	200	324	234	0.520	0.549
LOKIASV2_2854_ESMFold_amidohydrolase_family_protein	af_Q2G0Y7_1_488_3.20.20.70	af_Q2G0Y7_1_488_3.20.20.70	1.214E-01	0.382	47	82	249	404	225	360	488	188	0.416	0.279
LOKIASV2_2854_ESMFold_amidohydrolase_family_protein	af_A0A1D6EQP7_1_152_3.40.50.2300	af_A0A1D6EQP7_1_152_3.40.50.2300	5.438E-01	0.353	46	153	225	404	39	130	152	96	0.181	0.605
LOKIASV2_2854_ESMFold_amidohydrolase_family_protein	af_Q57972_1_244_3.40.50.720	af_Q57972_1_244_3.40.50.720	7.619E-03	0.353	46	120	334	404	2	216	244	246	0.532	0.881
LOKIASV2_2854_ESMFold_amidohydrolase_family_protein	3looB01	3looB01	1.209E-02	0.353	46	76	361	404	3	262	278	326	0.708	0.935
LOKIASV2_2854_ESMFold_amidohydrolase_family_protein	4z1yB02	4z1yB02	7.224E-02	0.353	46	76	342	404	17	279	292	320	0.661	0.901
LOKIASV2_2854_ESMFold_amidohydrolase_family_protein	5ot1A02	5ot1A02	7.192E-03	0.353	46	111	350	404	3	350	357	368	0.594	0.975
LOKIASV2_2854_ESMFold_amidohydrolase_family_protein	af_P9WKI3_10_476_3.20.20.70	af_P9WKI3_10_476_3.20.20.70	1.818E-01	0.353	46	99	249	404	219	347	467	172	0.374	0.276
LOKIASV2_2854_ESMFold_amidohydrolase_family_protein	af_A0A1D6NEQ8_83_185_3.40.50.1100	af_A0A1D6NEQ8_83_185_3.40.50.1100	7.256E-01	0.326	45	177	245	404	1	69	103	73	0.171	0.670
LOKIASV2_2854_ESMFold_amidohydrolase_family_protein	af_A0A0R0JSN9_31_182_3.40.50.2300	af_A0A0R0JSN9_31_182_3.40.50.2300	1.926E-01	0.326	45	132	230	404	23	98	152	101	0.245	0.500
LOKIASV2_2854_ESMFold_amidohydrolase_family_protein	af_Q4KLZ6_14_186_3.40.50.10440	af_Q4KLZ6_14_186_3.40.50.10440	3.236E-01	0.326	45	153	244	404	37	152	173	116	0.228	0.671
LOKIASV2_2854_ESMFold_amidohydrolase_family_protein	af_Q60319_32_220_3.20.20.150	af_Q60319_32_220_3.20.20.150	2.570E-01	0.326	45	179	341	404	25	180	189	190	0.403	0.825
LOKIASV2_2854_ESMFold_amidohydrolase_family_protein	af_D2DJQ3_61_255_3.40.50.970	af_D2DJQ3_61_255_3.40.50.970	2.884E-01	0.326	45	125	266	404	11	150	195	155	0.351	0.718
LOKIASV2_2854_ESMFold_amidohydrolase_family_protein	1xi3B00	1xi3B00	1.810E-02	0.326	45	77	249	404	6	174	202	199	0.428	0.837
LOKIASV2_2854_ESMFold_amidohydrolase_family_protein	af_A0A1D6GER4_1_215_3.20.20.220	af_A0A1D6GER4_1_215_3.20.20.220	8.589E-02	0.326	45	177	338	404	1	214	215	222	0.401	0.995
LOKIASV2_2854_ESMFold_amidohydrolase_family_protein	3qldB02	3qldB02	2.290E-01	0.326	45	80	273	404	15	173	227	207	0.480	0.700
LOKIASV2_2854_ESMFold_amidohydrolase_family_protein	3cpgA00	3cpgA00	8.107E-02	0.326	45	189	341	404	57	206	247	188	0.379	0.607
LOKIASV2_2854_ESMFold_amidohydrolase_family_protein	4c5jB00	4c5jB00	4.299E-02	0.326	45	119	378	404	4	273	276	318	0.644	0.978
LOKIASV2_2854_ESMFold_amidohydrolase_family_protein	1jneA01	1jneA01	1.818E-01	0.326	45	78	352	404	2	305	306	367	0.681	0.993
LOKIASV2_2854_ESMFold_amidohydrolase_family_protein	af_P07670_43_366_3.20.20.70	af_P07670_43_366_3.20.20.70	2.031E-02	0.326	45	76	342	404	72	301	324	319	0.661	0.710
LOKIASV2_2854_ESMFold_amidohydrolase_family_protein	2vc9A03	2vc9A03	2.279E-02	0.326	45	76	271	404	1	269	331	292	0.485	0.813
LOKIASV2_2854_ESMFold_amidohydrolase_family_protein	af_P9WP77_498_849_3.20.20.70	af_P9WP77_498_849_3.20.20.70	2.279E-02	0.326	45	79	352	404	49	306	352	327	0.678	0.733
LOKIASV2_2854_ESMFold_amidohydrolase_family_protein	af_K7N3I8_1_85_3.20.20.70	af_K7N3I8_1_85_3.20.20.70	8.144E-01	0.301	44	183	244	404	3	72	85	70	0.153	0.824
LOKIASV2_2854_ESMFold_amidohydrolase_family_protein	af_Q7XQA6_50_170_3.40.50.2300	af_Q7XQA6_50_170_3.40.50.2300	5.134E-01	0.301	44	154	249	404	4	103	121	108	0.238	0.826
LOKIASV2_2854_ESMFold_amidohydrolase_family_protein	af_O14002_2159_2304_3.40.50.2300	af_O14002_2159_2304_3.40.50.2300	5.134E-01	0.301	44	154	268	404	23	146	146	128	0.285	0.849
LOKIASV2_2854_ESMFold_amidohydrolase_family_protein	af_Q4CQY1_6_194_3.20.20.60	af_Q4CQY1_6_194_3.20.20.60	9.682E-01	0.301	44	183	264	404	23	105	189	88	0.203	0.439
LOKIASV2_2854_ESMFold_amidohydrolase_family_protein	3r0kA02	3r0kA02	6.076E-02	0.301	44	78	361	404	16	194	241	298	0.703	0.743
LOKIASV2_2854_ESMFold_amidohydrolase_family_protein	af_A0A0R0J447_77_328_3.20.20.60	af_A0A0R0J447_77_328_3.20.20.60	1.529E-01	0.301	44	178	340	404	23	189	252	186	0.403	0.663
LOKIASV2_2854_ESMFold_amidohydrolase_family_protein	af_B8A4Q2_1_306_3.40.1190.20	af_B8A4Q2_1_306_3.40.1190.20	8.589E-02	0.301	44	122	265	404	11	153	306	160	0.356	0.467
LOKIASV2_2854_ESMFold_amidohydrolase_family_protein	3tsdB00	3tsdB00	4.299E-02	0.301	44	49	249	404	180	346	426	223	0.498	0.392
LOKIASV2_2854_ESMFold_amidohydrolase_family_protein	1nxoA00	1nxoA00	6.103E-01	0.277	43	153	249	404	2	94	116	106	0.240	0.802
LOKIASV2_2854_ESMFold_amidohydrolase_family_protein	af_Q75HW2_23_157_3.40.50.2300	af_Q75HW2_23_157_3.40.50.2300	6.103E-01	0.277	43	154	266	404	4	114	135	119	0.280	0.822
LOKIASV2_2854_ESMFold_amidohydrolase_family_protein	5cnmA02	5cnmA02	6.437E-02	0.277	43	107	246	404	3	125	157	155	0.347	0.783
LOKIASV2_2854_ESMFold_amidohydrolase_family_protein	1ewkA02	1ewkA02	1.214E-01	0.277	43	129	227	404	5	113	173	125	0.245	0.630
LOKIASV2_2854_ESMFold_amidohydrolase_family_protein	1vqtA00	1vqtA00	4.574E-01	0.277	43	78	271	404	2	152	191	202	0.480	0.791
LOKIASV2_2854_ESMFold_amidohydrolase_family_protein	2opjA02	2opjA02	2.040E-01	0.277	43	74	272	404	9	148	207	208	0.493	0.676
LOKIASV2_2854_ESMFold_amidohydrolase_family_protein	af_O01685_135_379_3.40.640.10	af_O01685_135_379_3.40.640.10	1.716E-01	0.277	43	136	245	404	67	172	245	124	0.272	0.433
LOKIASV2_2854_ESMFold_amidohydrolase_family_protein	af_P0A9N4_2_246_3.20.20.70	af_P0A9N4_2_246_3.20.20.70	7.224E-02	0.277	43	172	344	404	41	242	245	228	0.428	0.824
LOKIASV2_2854_ESMFold_amidohydrolase_family_protein	6du1C00	6du1C00	4.299E-02	0.277	43	76	362	404	16	246	250	317	0.710	0.924
LOKIASV2_2854_ESMFold_amidohydrolase_family_protein	af_P71591_4_322_3.20.20.70	af_P71591_4_322_3.20.20.70	2.884E-01	0.277	43	107	317	404	25	196	319	235	0.522	0.539
LOKIASV2_2854_ESMFold_amidohydrolase_family_protein	af_I1KTW9_5_335_3.20.20.70	af_I1KTW9_5_335_3.20.20.70	3.428E-01	0.277	43	80	249	404	64	203	331	188	0.421	0.423
LOKIASV2_2854_ESMFold_amidohydrolase_family_protein	af_Q59MC6_1_336_3.40.1190.20	af_Q59MC6_1_336_3.40.1190.20	3.831E-02	0.277	43	119	361	404	2	276	336	321	0.601	0.818
LOKIASV2_2854_ESMFold_amidohydrolase_family_protein	af_Q2FVF4_136_524_3.20.20.70	af_Q2FVF4_136_524_3.20.20.70	8.072E-03	0.277	43	77	362	404	90	348	389	329	0.708	0.666
LOKIASV2_2854_ESMFold_amidohydrolase_family_protein	af_K7KF62_337_747_3.20.20.80	af_K7KF62_337_747_3.20.20.80	5.414E-02	0.277	43	77	366	404	19	403	411	416	0.718	0.937
LOKIASV2_2854_ESMFold_amidohydrolase_family_protein	2bb0B01	2bb0B01	1.219E+00	0.254	42	21	76	404	5	72	115	72	0.139	0.591
LOKIASV2_2854_ESMFold_amidohydrolase_family_protein	3rotB01	3rotB01	1.214E-01	0.254	42	79	264	404	4	117	133	186	0.460	0.857
LOKIASV2_2854_ESMFold_amidohydrolase_family_protein	af_Q9C9F6_12_149_3.40.50.2300	af_Q9C9F6_12_149_3.40.50.2300	4.846E-01	0.254	42	153	303	404	3	137	138	156	0.374	0.978
LOKIASV2_2854_ESMFold_amidohydrolase_family_protein	4ru1C01	4ru1C01	2.722E-01	0.254	42	76	251	404	1	106	138	176	0.436	0.768
LOKIASV2_2854_ESMFold_amidohydrolase_family_protein	af_P9WKN1_473_661_3.40.50.410	af_P9WKN1_473_661_3.40.50.410	7.224E-02	0.254	42	79	246	404	12	176	189	198	0.416	0.873
LOKIASV2_2854_ESMFold_amidohydrolase_family_protein	3e0fA01	3e0fA01	2.710E-02	0.254	42	176	337	404	19	202	209	210	0.401	0.880
LOKIASV2_2854_ESMFold_amidohydrolase_family_protein	af_P9WL79_106_315_3.80.30.30	af_P9WL79_106_315_3.80.30.30	4.318E-01	0.254	42	204	342	404	1	147	210	161	0.344	0.700
LOKIASV2_2854_ESMFold_amidohydrolase_family_protein	af_Q4E583_149_371_3.40.50.300	af_Q4E583_149_371_3.40.50.300	4.318E-01	0.254	42	185	265	404	104	190	223	90	0.200	0.390
LOKIASV2_2854_ESMFold_amidohydrolase_family_protein	1j32B02	1j32B02	1.443E-01	0.254	42	132	245	404	64	165	223	125	0.282	0.457
LOKIASV2_2854_ESMFold_amidohydrolase_family_protein	af_Q59015_207_434_3.80.30.20	af_Q59015_207_434_3.80.30.20	6.819E-02	0.254	42	174	359	404	22	227	228	243	0.460	0.904
LOKIASV2_2854_ESMFold_amidohydrolase_family_protein	af_I1K3D5_202_436_3.20.20.120	af_I1K3D5_202_436_3.20.20.120	3.236E-01	0.254	42	74	274	404	7	177	235	219	0.498	0.728
LOKIASV2_2854_ESMFold_amidohydrolase_family_protein	af_Q2G1D7_1_246_3.20.20.70	af_Q2G1D7_1_246_3.20.20.70	1.443E-01	0.254	42	172	339	404	41	242	246	227	0.416	0.821
LOKIASV2_2854_ESMFold_amidohydrolase_family_protein	af_Q8CBB9_70_328_3.20.20.70	af_Q8CBB9_70_328_3.20.20.70	2.570E-01	0.254	42	153	315	404	6	152	259	185	0.403	0.568
LOKIASV2_2854_ESMFold_amidohydrolase_family_protein	af_Q9VTI0_48_330_3.20.20.220	af_Q9VTI0_48_330_3.20.20.220	6.437E-02	0.254	42	94	340	404	74	282	283	273	0.611	0.739
LOKIASV2_2854_ESMFold_amidohydrolase_family_protein	af_O94265_1_284_3.40.1190.20	af_O94265_1_284_3.40.1190.20	9.639E-02	0.254	42	119	315	404	3	179	284	220	0.488	0.623
LOKIASV2_2854_ESMFold_amidohydrolase_family_protein	3bcfA02	3bcfA02	8.589E-02	0.254	42	78	335	404	5	261	294	292	0.639	0.874
LOKIASV2_2854_ESMFold_amidohydrolase_family_protein	af_Q9USL6_1_295_3.40.1190.20	af_Q9USL6_1_295_3.40.1190.20	4.058E-02	0.254	42	119	362	404	14	292	295	316	0.604	0.946
LOKIASV2_2854_ESMFold_amidohydrolase_family_protein	6arhA00	6arhA00	4.824E-02	0.254	42	77	372	404	3	273	300	351	0.733	0.903
LOKIASV2_2854_ESMFold_amidohydrolase_family_protein	4qq3A00	4qq3A00	2.040E-01	0.254	42	80	249	404	93	232	302	189	0.421	0.464
LOKIASV2_2854_ESMFold_amidohydrolase_family_protein	af_O01824_12_316_3.40.1190.20	af_O01824_12_316_3.40.1190.20	3.055E-01	0.254	42	169	265	404	56	165	305	119	0.240	0.361
LOKIASV2_2854_ESMFold_amidohydrolase_family_protein	2z6iA00	2z6iA00	1.716E-01	0.254	42	110	273	404	22	163	307	181	0.406	0.463
LOKIASV2_2854_ESMFold_amidohydrolase_family_protein	3rmjB00	3rmjB00	1.926E-01	0.254	42	80	372	404	4	284	308	348	0.725	0.912
LOKIASV2_2854_ESMFold_amidohydrolase_family_protein	1j5vB00	1j5vB00	5.414E-02	0.254	42	106	250	404	34	188	315	172	0.359	0.492
LOKIASV2_2854_ESMFold_amidohydrolase_family_protein	2i7gA00	2i7gA00	8.107E-02	0.254	42	77	363	404	1	335	337	392	0.710	0.994
LOKIASV2_2854_ESMFold_amidohydrolase_family_protein	af_Q69NA5_27_147_3.40.50.2300	af_Q69NA5_27_147_3.40.50.2300	6.103E-01	0.233	41	153	234	404	6	106	121	106	0.203	0.835
LOKIASV2_2854_ESMFold_amidohydrolase_family_protein	4jggB00	4jggB00	1.818E-01	0.233	41	154	308	404	4	174	180	192	0.384	0.950
LOKIASV2_2854_ESMFold_amidohydrolase_family_protein	3kl2C00	3kl2C00	6.437E-02	0.233	41	76	243	404	4	180	200	199	0.416	0.885
LOKIASV2_2854_ESMFold_amidohydrolase_family_protein	1vhcB00	1vhcB00	1.716E-01	0.233	41	176	350	404	22	207	208	202	0.433	0.894
LOKIASV2_2854_ESMFold_amidohydrolase_family_protein	4mggH02	4mggH02	4.318E-01	0.233	41	176	315	404	23	171	237	161	0.347	0.629
LOKIASV2_2854_ESMFold_amidohydrolase_family_protein	3f2cA02	3f2cA02	4.846E-01	0.233	41	79	361	404	2	249	250	333	0.700	0.992
LOKIASV2_2854_ESMFold_amidohydrolase_family_protein	af_P9WG77_1_265_3.40.1190.20	af_P9WG77_1_265_3.40.1190.20	2.570E-01	0.233	41	120	265	404	5	149	265	162	0.361	0.547
LOKIASV2_2854_ESMFold_amidohydrolase_family_protein	3ewbX00	3ewbX00	1.716E-01	0.233	41	78	272	404	3	194	268	233	0.483	0.716
LOKIASV2_2854_ESMFold_amidohydrolase_family_protein	3raoB00	3raoB00	8.107E-02	0.233	41	76	363	404	3	338	342	392	0.713	0.982
LOKIASV2_2854_ESMFold_amidohydrolase_family_protein	af_A0A0B4KEE7_170_688_3.80.10.10	af_A0A0B4KEE7_170_688_3.80.10.10	3.041E-02	0.233	41	81	341	404	250	515	519	307	0.646	0.513
LOKIASV2_2854_ESMFold_amidohydrolase_family_protein	5hsgA01	5hsgA01	3.632E-01	0.214	40	152	250	404	1	99	122	116	0.245	0.811
LOKIASV2_2854_ESMFold_amidohydrolase_family_protein	1a2oB01	1a2oB01	9.139E-01	0.214	40	153	266	404	5	126	133	128	0.282	0.917
LOKIASV2_2854_ESMFold_amidohydrolase_family_protein	af_K7LB55_1_145_3.20.20.10	af_K7LB55_1_145_3.20.20.10	1.818E-01	0.214	40	117	232	404	23	139	145	132	0.287	0.807
LOKIASV2_2854_ESMFold_amidohydrolase_family_protein	af_Q557K3_4_161_3.40.50.1970	af_Q557K3_4_161_3.40.50.1970	9.139E-01	0.214	40	154	231	404	34	121	158	90	0.193	0.557
LOKIASV2_2854_ESMFold_amidohydrolase_family_protein	5nm8B00	5nm8B00	4.846E-01	0.214	40	183	341	404	28	173	212	180	0.394	0.689
LOKIASV2_2854_ESMFold_amidohydrolase_family_protein	3ke3A02	3ke3A02	1.021E-01	0.214	40	107	225	404	46	158	251	128	0.295	0.450
LOKIASV2_2854_ESMFold_amidohydrolase_family_protein	af_P9WIU3_3_272_3.20.20.70	af_P9WIU3_3_272_3.20.20.70	1.620E-01	0.214	40	76	275	404	14	205	270	237	0.495	0.711
LOKIASV2_2854_ESMFold_amidohydrolase_family_protein	af_P0A9I1_3_299_3.20.20.60	af_P0A9I1_3_299_3.20.20.60	1.214E-01	0.214	40	102	308	404	83	294	297	253	0.512	0.714
LOKIASV2_2854_ESMFold_amidohydrolase_family_protein	af_Q2G164_58_368_3.40.1190.20	af_Q2G164_58_368_3.40.1190.20	8.072E-03	0.214	40	18	363	404	7	287	311	392	0.856	0.904
LOKIASV2_2854_ESMFold_amidohydrolase_family_protein	1mqqA02	1mqqA02	2.426E-01	0.214	40	80	352	404	4	329	333	357	0.676	0.979
LOKIASV2_2854_ESMFold_amidohydrolase_family_protein	2wmhA01	2wmhA01	1.146E-01	0.214	40	76	250	404	12	186	339	208	0.433	0.516
LOKIASV2_2854_ESMFold_amidohydrolase_family_protein	af_K7WC35_80_528_3.20.20.80	af_K7WC35_80_528_3.20.20.80	7.224E-02	0.214	40	76	363	404	8	435	449	459	0.713	0.953
LOKIASV2_2854_ESMFold_amidohydrolase_family_protein	2n75A00	2n75A00	1.369E+00	0.196	39	154	239	404	6	85	99	89	0.213	0.808
LOKIASV2_2854_ESMFold_amidohydrolase_family_protein	3bilB02	3bilB02	1.362E-01	0.196	39	103	235	404	6	119	137	145	0.329	0.832
LOKIASV2_2854_ESMFold_amidohydrolase_family_protein	af_A0A1D6HXT2_217_393_3.20.20.80	af_A0A1D6HXT2_217_393_3.20.20.80	4.574E-01	0.196	39	177	238	404	19	94	177	78	0.153	0.429
LOKIASV2_2854_ESMFold_amidohydrolase_family_protein	af_Q0D4M5_3_205_3.40.640.10	af_Q0D4M5_3_205_3.40.640.10	3.055E-01	0.196	39	136	247	404	21	130	203	126	0.277	0.542
LOKIASV2_2854_ESMFold_amidohydrolase_family_protein	af_Q54KC6_186_398_3.80.10.10	af_Q54KC6_186_398_3.80.10.10	4.318E-01	0.196	39	172	272	404	43	158	213	122	0.250	0.545
LOKIASV2_2854_ESMFold_amidohydrolase_family_protein	3wkrE02	3wkrE02	1.443E-01	0.196	39	120	227	404	63	154	237	114	0.267	0.388
LOKIASV2_2854_ESMFold_amidohydrolase_family_protein	af_P78963_31_290_3.20.20.150	af_P78963_31_290_3.20.20.150	4.574E-01	0.196	39	179	341	404	81	249	260	190	0.403	0.650
LOKIASV2_2854_ESMFold_amidohydrolase_family_protein	af_Q10PU4_5_279_3.20.20.330	af_Q10PU4_5_279_3.20.20.330	4.574E-01	0.196	39	80	272	404	12	230	275	243	0.478	0.796
LOKIASV2_2854_ESMFold_amidohydrolase_family_protein	4ov9A01	4ov9A01	6.437E-02	0.196	39	76	272	404	1	204	278	240	0.488	0.734
LOKIASV2_2854_ESMFold_amidohydrolase_family_protein	af_P38122_25_306_3.20.20.60	af_P38122_25_306_3.20.20.60	6.103E-01	0.196	39	94	228	404	87	212	282	149	0.334	0.447
LOKIASV2_2854_ESMFold_amidohydrolase_family_protein	3di0A00	3di0A00	2.040E-01	0.196	39	78	341	404	4	288	291	332	0.653	0.979
LOKIASV2_2854_ESMFold_amidohydrolase_family_protein	af_P53727_6_307_3.40.1190.20	af_P53727_6_307_3.40.1190.20	3.428E-01	0.196	39	119	266	404	4	175	302	185	0.366	0.570
LOKIASV2_2854_ESMFold_amidohydrolase_family_protein	3tuuD00	3tuuD00	4.318E-01	0.196	39	77	274	404	7	187	306	218	0.490	0.592
LOKIASV2_2854_ESMFold_amidohydrolase_family_protein	af_O59826_13_339_3.20.20.100	af_O59826_13_339_3.20.20.100	2.415E-02	0.196	39	178	361	404	30	322	327	306	0.455	0.896
LOKIASV2_2854_ESMFold_amidohydrolase_family_protein	3w7rA00	3w7rA00	1.146E-01	0.196	39	75	358	404	89	364	367	340	0.703	0.752
LOKIASV2_2854_ESMFold_amidohydrolase_family_protein	af_A0A1D6NS82_272_361_3.20.20.70	af_A0A1D6NS82_272_361_3.20.20.70	1.934E+00	0.179	38	182	249	404	4	88	90	87	0.168	0.944
LOKIASV2_2854_ESMFold_amidohydrolase_family_protein	af_P0DMC5_826_949_3.40.50.2300	af_P0DMC5_826_949_3.40.50.2300	5.438E-01	0.179	38	154	267	404	2	111	124	127	0.282	0.887
LOKIASV2_2854_ESMFold_amidohydrolase_family_protein	5dteD01	5dteD01	4.846E-01	0.179	38	154	247	404	7	102	128	108	0.233	0.750
LOKIASV2_2854_ESMFold_amidohydrolase_family_protein	3kipN00	3kipN00	2.300E+00	0.179	38	158	249	404	31	123	144	95	0.228	0.646
LOKIASV2_2854_ESMFold_amidohydrolase_family_protein	3o1jD02	3o1jD02	6.103E-01	0.179	38	154	224	404	27	108	157	87	0.176	0.522
LOKIASV2_2854_ESMFold_amidohydrolase_family_protein	2fqwA02	2fqwA02	5.134E-01	0.179	38	126	236	404	5	131	185	135	0.275	0.686
LOKIASV2_2854_ESMFold_amidohydrolase_family_protein	4lusB02	4lusB02	1.926E-01	0.179	38	79	315	404	19	183	206	256	0.587	0.801
LOKIASV2_2854_ESMFold_amidohydrolase_family_protein	1jg8A01	1jg8A01	1.450E+00	0.179	38	153	249	404	75	193	245	119	0.240	0.486
LOKIASV2_2854_ESMFold_amidohydrolase_family_protein	2qq6B02	2qq6B02	3.428E-01	0.179	38	74	272	404	14	206	262	227	0.493	0.737
LOKIASV2_2854_ESMFold_amidohydrolase_family_protein	af_A0A1D8PMH6_3_266_3.20.20.70	af_A0A1D8PMH6_3_266_3.20.20.70	1.362E-01	0.179	38	76	360	404	15	261	264	330	0.705	0.936
LOKIASV2_2854_ESMFold_amidohydrolase_family_protein	2whjA00	2whjA00	2.031E-02	0.179	38	44	362	404	5	282	308	383	0.790	0.903
LOKIASV2_2854_ESMFold_amidohydrolase_family_protein	3atzA00	3atzA00	9.639E-02	0.179	38	77	286	404	18	346	368	346	0.520	0.894
LOKIASV2_2854_ESMFold_amidohydrolase_family_protein	af_Q9FZ29_25_401_3.20.20.80	af_Q9FZ29_25_401_3.20.20.80	3.413E-02	0.179	38	179	341	404	42	320	377	281	0.403	0.740
LOKIASV2_2854_ESMFold_amidohydrolase_family_protein	af_Q59018_4_123_3.40.1360.10	af_Q59018_4_123_3.40.1360.10	7.256E-01	0.164	37	128	246	404	8	110	120	124	0.295	0.858
LOKIASV2_2854_ESMFold_amidohydrolase_family_protein	af_P43283_44_197_3.60.21.10	af_P43283_44_197_3.60.21.10	2.734E+00	0.164	37	168	246	404	26	108	154	84	0.196	0.539
LOKIASV2_2854_ESMFold_amidohydrolase_family_protein	2nrxA01	2nrxA01	6.103E-01	0.164	37	170	244	404	57	147	155	93	0.186	0.587
LOKIASV2_2854_ESMFold_amidohydrolase_family_protein	af_I1LWP4_7_171_3.40.50.720	af_I1LWP4_7_171_3.40.50.720	3.236E-01	0.164	37	154	336	404	5	155	165	193	0.453	0.915
LOKIASV2_2854_ESMFold_amidohydrolase_family_protein	af_Q2FYW0_3_200_3.40.50.2300	af_Q2FYW0_3_200_3.40.50.2300	3.848E-01	0.164	37	154	340	404	2	197	198	217	0.463	0.990
LOKIASV2_2854_ESMFold_amidohydrolase_family_protein	af_Q57622_37_253_3.40.640.10	af_Q57622_37_253_3.40.640.10	4.574E-01	0.164	37	124	247	404	44	164	217	145	0.307	0.558
LOKIASV2_2854_ESMFold_amidohydrolase_family_protein	af_Q58376_168_384_3.80.30.20	af_Q58376_168_384_3.80.30.20	4.824E-02	0.164	37	167	319	404	23	217	217	209	0.379	0.899
LOKIASV2_2854_ESMFold_amidohydrolase_family_protein	af_Q58849_1_219_3.20.20.70	af_Q58849_1_219_3.20.20.70	8.627E-01	0.164	37	81	343	404	2	219	219	291	0.651	0.995
LOKIASV2_2854_ESMFold_amidohydrolase_family_protein	af_Q7KUC2_7_303_3.40.1190.20	af_Q7KUC2_7_303_3.40.1190.20	4.574E-01	0.164	37	146	265	404	32	155	297	140	0.297	0.418
LOKIASV2_2854_ESMFold_amidohydrolase_family_protein	3ry7A00	3ry7A00	2.040E-01	0.164	37	106	250	404	42	183	303	164	0.359	0.469
LOKIASV2_2854_ESMFold_amidohydrolase_family_protein	2nwhA00	2nwhA00	8.107E-02	0.164	37	18	268	404	10	209	307	282	0.621	0.651
LOKIASV2_2854_ESMFold_amidohydrolase_family_protein	af_Q06490_24_336_3.40.1190.20	af_Q06490_24_336_3.40.1190.20	1.286E-01	0.164	37	119	361	404	23	270	313	298	0.601	0.792
LOKIASV2_2854_ESMFold_amidohydrolase_family_protein	af_Q4DIQ4_8_322_3.20.20.70	af_Q4DIQ4_8_322_3.20.20.70	2.426E-01	0.164	37	76	364	404	3	302	315	373	0.715	0.952
LOKIASV2_2854_ESMFold_amidohydrolase_family_protein	af_Q9USU5_16_336_3.20.20.80	af_Q9USU5_16_336_3.20.20.80	2.290E-01	0.164	37	78	272	404	24	246	321	260	0.483	0.695
LOKIASV2_2854_ESMFold_amidohydrolase_family_protein	af_A0A1D6GG80_18_427_3.20.20.70	af_A0A1D6GG80_18_427_3.20.20.70	2.290E-01	0.164	37	51	249	404	167	319	410	219	0.493	0.373
LOKIASV2_2854_ESMFold_amidohydrolase_family_protein	af_Q69L11_28_153_3.40.50.2300	af_Q69L11_28_153_3.40.50.2300	6.103E-01	0.150	36	128	224	404	24	99	126	101	0.240	0.603
LOKIASV2_2854_ESMFold_amidohydrolase_family_protein	4le0B00	4le0B00	7.687E-01	0.150	36	154	249	404	5	99	133	110	0.238	0.714
LOKIASV2_2854_ESMFold_amidohydrolase_family_protein	af_Q57605_1_135_3.40.50.720	af_Q57605_1_135_3.40.50.720	5.134E-01	0.150	36	133	230	404	21	112	135	104	0.243	0.681
LOKIASV2_2854_ESMFold_amidohydrolase_family_protein	af_Q9SHV2_1_147_3.40.50.2300	af_Q9SHV2_1_147_3.40.50.2300	1.627E+00	0.150	36	153	225	404	34	125	147	94	0.181	0.626
LOKIASV2_2854_ESMFold_amidohydrolase_family_protein	4liiA02	4liiA02	1.369E+00	0.150	36	180	253	404	57	133	163	81	0.183	0.472
LOKIASV2_2854_ESMFold_amidohydrolase_family_protein	3hu5B00	3hu5B00	3.055E-01	0.150	36	79	249	404	6	172	183	186	0.423	0.913
LOKIASV2_2854_ESMFold_amidohydrolase_family_protein	af_Q4E2N6_115_360_3.40.640.10	af_Q4E2N6_115_360_3.40.640.10	2.884E-01	0.150	36	103	246	404	42	177	246	163	0.356	0.553
LOKIASV2_2854_ESMFold_amidohydrolase_family_protein	af_Q50699_24_282_3.60.21.10	af_Q50699_24_282_3.60.21.10	1.369E+00	0.150	36	179	225	404	42	94	259	53	0.116	0.205
LOKIASV2_2854_ESMFold_amidohydrolase_family_protein	af_P30852_2_285_3.40.50.450	af_P30852_2_285_3.40.50.450	1.529E-01	0.150	36	153	272	404	106	250	284	162	0.297	0.511
LOKIASV2_2854_ESMFold_amidohydrolase_family_protein	af_P38274_16_314_3.20.20.150	af_P38274_16_314_3.20.20.150	2.570E-01	0.150	36	114	340	404	20	292	299	312	0.562	0.913
LOKIASV2_2854_ESMFold_amidohydrolase_family_protein	af_L7N282_44_349_3.40.605.10	af_L7N282_44_349_3.40.605.10	1.529E-01	0.150	36	120	272	404	96	256	306	169	0.379	0.526
LOKIASV2_2854_ESMFold_amidohydrolase_family_protein	af_Q03655_17_358_3.20.20.80	af_Q03655_17_358_3.20.20.80	2.161E-01	0.150	36	78	343	404	32	337	342	357	0.658	0.895
LOKIASV2_2854_ESMFold_amidohydrolase_family_protein	2a7nA00	2a7nA00	9.639E-02	0.150	36	77	362	404	71	339	353	359	0.708	0.762
LOKIASV2_2854_ESMFold_amidohydrolase_family_protein	af_Q57622_11_370_3.40.640.10	af_Q57622_11_370_3.40.640.10	5.134E-01	0.150	36	124	247	404	70	190	360	145	0.307	0.336
LOKIASV2_2854_ESMFold_amidohydrolase_family_protein	af_Q69L07_59_152_3.40.50.2300	af_Q69L07_59_152_3.40.50.2300	1.536E+00	0.138	35	163	224	404	2	66	94	69	0.153	0.691
LOKIASV2_2854_ESMFold_amidohydrolase_family_protein	af_P30855_946_1081_3.40.50.2300	af_P30855_946_1081_3.40.50.2300	1.627E+00	0.138	35	153	247	404	15	109	136	103	0.235	0.699
LOKIASV2_2854_ESMFold_amidohydrolase_family_protein	af_A0A0P0V2V1_3_148_3.40.50.2300	af_A0A0P0V2V1_3_148_3.40.50.2300	1.219E+00	0.138	35	129	244	404	14	113	146	125	0.287	0.685
LOKIASV2_2854_ESMFold_amidohydrolase_family_protein	af_Q9FH75_1_157_3.40.50.2300	af_Q9FH75_1_157_3.40.50.2300	1.026E+00	0.138	35	153	232	404	45	143	157	101	0.198	0.631
LOKIASV2_2854_ESMFold_amidohydrolase_family_protein	af_I1M1A4_399_568_3.40.50.970	af_I1M1A4_399_568_3.40.50.970	1.219E+00	0.138	35	131	266	404	9	147	170	149	0.337	0.818
LOKIASV2_2854_ESMFold_amidohydrolase_family_protein	2q5lA01	2q5lA01	5.761E-01	0.138	35	124	267	404	5	151	183	164	0.356	0.803
LOKIASV2_2854_ESMFold_amidohydrolase_family_protein	af_A0A0R0K947_1_236_3.20.20.120	af_A0A0R0K947_1_236_3.20.20.120	3.632E-01	0.138	35	131	342	404	33	224	236	233	0.525	0.814
LOKIASV2_2854_ESMFold_amidohydrolase_family_protein	af_P0A853_61_326_3.40.640.10	af_P0A853_61_326_3.40.640.10	7.224E-02	0.138	35	131	359	404	50	265	266	278	0.567	0.812
LOKIASV2_2854_ESMFold_amidohydrolase_family_protein	af_O94266_18_315_3.40.1190.20	af_O94266_18_315_3.40.1190.20	1.362E-01	0.138	35	119	342	404	19	189	298	239	0.554	0.574
LOKIASV2_2854_ESMFold_amidohydrolase_family_protein	af_I1JSF0_207_513_3.20.20.80	af_I1JSF0_207_513_3.20.20.80	1.716E-01	0.138	35	77	258	404	9	269	307	269	0.450	0.850
LOKIASV2_2854_ESMFold_amidohydrolase_family_protein	af_P0A7E1_1_336_3.20.20.70	af_P0A7E1_1_336_3.20.20.70	3.236E-01	0.138	35	116	362	404	77	331	336	318	0.611	0.759
LOKIASV2_2854_ESMFold_amidohydrolase_family_protein	af_Q4CNV5_65_403_3.40.50.720	af_Q4CNV5_65_403_3.40.50.720	2.152E-02	0.138	35	108	341	404	21	334	339	345	0.579	0.926
LOKIASV2_2854_ESMFold_amidohydrolase_family_protein	af_Q59072_8_368_3.40.640.10	af_Q59072_8_368_3.40.640.10	2.570E-01	0.138	35	103	249	404	75	202	361	163	0.364	0.355
LOKIASV2_2854_ESMFold_amidohydrolase_family_protein	5ybwB02	5ybwB02	2.581E+00	0.126	34	182	249	404	6	68	93	70	0.168	0.677
LOKIASV2_2854_ESMFold_amidohydrolase_family_protein	5tqjA00	5tqjA00	1.934E+00	0.126	34	153	266	404	2	117	124	122	0.282	0.935
LOKIASV2_2854_ESMFold_amidohydrolase_family_protein	5braA01	5braA01	9.682E-01	0.126	34	153	250	404	18	114	177	112	0.243	0.548
LOKIASV2_2854_ESMFold_amidohydrolase_family_protein	af_A0JME6_2_195_3.40.50.850	af_A0JME6_2_195_3.40.50.850	4.076E-01	0.126	34	79	246	404	11	152	194	183	0.416	0.732
LOKIASV2_2854_ESMFold_amidohydrolase_family_protein	2fq1A01	2fq1A01	2.884E-01	0.126	34	76	244	404	24	190	203	189	0.418	0.823
LOKIASV2_2854_ESMFold_amidohydrolase_family_protein	4yl5A00	4yl5A00	3.632E-01	0.126	34	119	315	404	3	168	227	225	0.488	0.731
LOKIASV2_2854_ESMFold_amidohydrolase_family_protein	af_P9WP89_3_239_3.40.50.720	af_P9WP89_3_239_3.40.50.720	1.021E-01	0.126	34	120	324	404	2	222	237	260	0.507	0.932
LOKIASV2_2854_ESMFold_amidohydrolase_family_protein	af_K7MCN2_55_330_3.20.20.120	af_K7MCN2_55_330_3.20.20.120	3.055E-01	0.126	34	161	343	404	118	265	276	203	0.453	0.536
LOKIASV2_2854_ESMFold_amidohydrolase_family_protein	af_Q5ABB3_27_304_3.20.20.60	af_Q5ABB3_27_304_3.20.20.60	7.256E-01	0.126	34	98	272	404	4	203	278	231	0.433	0.719
LOKIASV2_2854_ESMFold_amidohydrolase_family_protein	af_Q2G121_302_599_3.20.20.220	af_Q2G121_302_599_3.20.20.220	5.736E-02	0.126	34	76	316	404	19	286	298	322	0.597	0.899
LOKIASV2_2854_ESMFold_amidohydrolase_family_protein	af_Q54UQ4_1_318_3.40.1190.20	af_Q54UQ4_1_318_3.40.1190.20	6.076E-02	0.126	34	18	361	404	11	304	318	394	0.851	0.925
LOKIASV2_2854_ESMFold_amidohydrolase_family_protein	af_Q4E1M2_7_490_3.20.20.70	af_Q4E1M2_7_490_3.20.20.70	8.627E-01	0.126	34	109	249	404	231	365	484	169	0.349	0.279
LOKIASV2_2854_ESMFold_amidohydrolase_family_protein	af_O76922_484_615_3.40.50.2300	af_O76922_484_615_3.40.50.2300	9.139E-01	0.116	33	128	244	404	24	122	132	129	0.290	0.750
LOKIASV2_2854_ESMFold_amidohydrolase_family_protein	2g4rC00	2g4rC00	2.171E+00	0.116	33	154	217	404	6	78	143	75	0.158	0.510
LOKIASV2_2854_ESMFold_amidohydrolase_family_protein	4mcaB01	4mcaB01	9.139E-01	0.116	33	120	231	404	10	119	156	126	0.277	0.705
LOKIASV2_2854_ESMFold_amidohydrolase_family_protein	1kq3A01	1kq3A01	9.139E-01	0.116	33	154	224	404	35	112	158	82	0.176	0.494
LOKIASV2_2854_ESMFold_amidohydrolase_family_protein	af_A0A0R0GSR6_1_159_3.40.50.2300	af_A0A0R0GSR6_1_159_3.40.50.2300	1.087E+00	0.116	33	132	241	404	64	148	159	114	0.272	0.535
LOKIASV2_2854_ESMFold_amidohydrolase_family_protein	af_A9CZN9_49_238_3.20.20.100	af_A9CZN9_49_238_3.20.20.100	1.026E+00	0.116	33	120	246	404	50	174	190	141	0.314	0.658
LOKIASV2_2854_ESMFold_amidohydrolase_family_protein	af_Q54RF0_1_198_3.40.50.850	af_Q54RF0_1_198_3.40.50.850	1.620E-01	0.116	33	76	310	404	7	196	198	246	0.582	0.960
LOKIASV2_2854_ESMFold_amidohydrolase_family_protein	5ev6B00	5ev6B00	2.300E+00	0.116	33	178	225	404	54	101	223	50	0.119	0.215
LOKIASV2_2854_ESMFold_amidohydrolase_family_protein	af_Q58874_55_291_3.40.640.10	af_Q58874_55_291_3.40.640.10	3.236E-01	0.116	33	107	237	404	56	174	237	144	0.324	0.502
LOKIASV2_2854_ESMFold_amidohydrolase_family_protein	2qyeA02	2qyeA02	4.846E-01	0.116	33	153	313	404	16	171	237	189	0.399	0.658
LOKIASV2_2854_ESMFold_amidohydrolase_family_protein	af_Q2FYR3_1_242_3.20.20.70	af_Q2FYR3_1_242_3.20.20.70	3.055E-01	0.116	33	76	361	404	2	241	242	317	0.708	0.992
LOKIASV2_2854_ESMFold_amidohydrolase_family_protein	af_P04694_91_334_3.40.640.10	af_P04694_91_334_3.40.640.10	8.144E-01	0.116	33	153	253	404	71	181	244	120	0.250	0.455
LOKIASV2_2854_ESMFold_amidohydrolase_family_protein	2wqpA01	2wqpA01	3.632E-01	0.116	33	75	318	404	13	204	262	255	0.604	0.733
LOKIASV2_2854_ESMFold_amidohydrolase_family_protein	2pcqA00	2pcqA00	5.438E-01	0.116	33	81	342	404	1	245	279	303	0.649	0.878
LOKIASV2_2854_ESMFold_amidohydrolase_family_protein	af_A0A1D6PJ77_98_423_2.170.16.10	af_A0A1D6PJ77_98_423_2.170.16.10	3.068E+00	0.116	33	176	249	404	43	113	326	77	0.183	0.218
LOKIASV2_2854_ESMFold_amidohydrolase_family_protein	af_Q9VPR3_341_696_3.40.1190.20	af_Q9VPR3_341_696_3.40.1190.20	1.613E-02	0.116	33	18	341	404	10	230	356	348	0.802	0.621
LOKIASV2_2854_ESMFold_amidohydrolase_family_protein	af_Q874I4_58_444_3.20.20.70	af_Q874I4_58_444_3.20.20.70	3.632E-01	0.116	33	64	271	404	87	324	387	278	0.515	0.615
LOKIASV2_2854_ESMFold_amidohydrolase_family_protein	af_Q10CU7_12_484_3.20.20.70	af_Q10CU7_12_484_3.20.20.70	6.819E-02	0.116	33	51	368	404	210	467	473	359	0.787	0.545
LOKIASV2_2854_ESMFold_amidohydrolase_family_protein	af_Q9VKM1_470_593_3.40.50.2300	af_Q9VKM1_470_593_3.40.50.2300	1.219E+00	0.106	32	131	244	404	24	118	124	121	0.282	0.766
LOKIASV2_2854_ESMFold_amidohydrolase_family_protein	1dckB00	1dckB00	1.219E+00	0.106	32	153	266	404	5	118	125	130	0.282	0.912
LOKIASV2_2854_ESMFold_amidohydrolase_family_protein	5w57A02	5w57A02	1.219E+00	0.106	32	153	234	404	18	106	127	92	0.203	0.701
LOKIASV2_2854_ESMFold_amidohydrolase_family_protein	3o9zC01	3o9zC01	8.627E-01	0.106	32	120	246	404	5	122	130	136	0.314	0.908
LOKIASV2_2854_ESMFold_amidohydrolase_family_protein	af_P81332_11_146_3.40.50.1220	af_P81332_11_146_3.40.50.1220	2.300E+00	0.106	32	153	224	404	27	105	136	83	0.178	0.581
LOKIASV2_2854_ESMFold_amidohydrolase_family_protein	af_A4I3C3_4_163_3.40.50.720	af_A4I3C3_4_163_3.40.50.720	2.570E-01	0.106	32	154	293	404	5	125	160	150	0.347	0.756
LOKIASV2_2854_ESMFold_amidohydrolase_family_protein	3oy2B01	3oy2B01	8.144E-01	0.106	32	120	250	404	2	138	160	153	0.324	0.856
LOKIASV2_2854_ESMFold_amidohydrolase_family_protein	2ixbA01	2ixbA01	2.722E-01	0.106	32	78	287	404	3	144	169	215	0.520	0.840
LOKIASV2_2854_ESMFold_amidohydrolase_family_protein	af_I1L789_3_202_3.40.50.850	af_I1L789_3_202_3.40.50.850	2.290E-01	0.106	32	76	244	404	21	180	200	191	0.418	0.800
LOKIASV2_2854_ESMFold_amidohydrolase_family_protein	2ynuB00	2ynuB00	2.897E+00	0.106	32	178	225	404	48	95	209	48	0.119	0.230
LOKIASV2_2854_ESMFold_amidohydrolase_family_protein	af_Q57580_9_224_3.40.50.10310	af_Q57580_9_224_3.40.50.10310	5.111E-02	0.106	32	120	341	404	14	212	216	248	0.550	0.921
LOKIASV2_2854_ESMFold_amidohydrolase_family_protein	af_Q58264_43_272_3.20.20.20	af_Q58264_43_272_3.20.20.20	5.438E-01	0.106	32	176	362	404	6	222	230	244	0.463	0.943
LOKIASV2_2854_ESMFold_amidohydrolase_family_protein	3ezsB02	3ezsB02	3.236E-01	0.106	32	126	245	404	54	181	239	148	0.297	0.536
LOKIASV2_2854_ESMFold_amidohydrolase_family_protein	af_Q5VMI0_9_263_3.40.50.2000	af_Q5VMI0_9_263_3.40.50.2000	6.076E-02	0.106	32	80	315	404	3	207	255	274	0.584	0.804
LOKIASV2_2854_ESMFold_amidohydrolase_family_protein	4x8fD00	4x8fD00	9.099E-02	0.106	32	18	373	404	8	294	306	403	0.881	0.938
LOKIASV2_2854_ESMFold_amidohydrolase_family_protein	3b1rD00	3b1rD00	8.589E-02	0.106	32	107	374	404	49	292	310	311	0.663	0.787
LOKIASV2_2854_ESMFold_amidohydrolase_family_protein	af_A1ZAU0_25_336_3.60.21.10	af_A1ZAU0_25_336_3.60.21.10	3.055E-01	0.106	32	72	272	404	2	194	312	239	0.498	0.619
LOKIASV2_2854_ESMFold_amidohydrolase_family_protein	6iltB00	6iltB00	1.082E-01	0.106	32	76	355	404	3	287	313	351	0.693	0.911
LOKIASV2_2854_ESMFold_amidohydrolase_family_protein	af_Q9H477_1_322_3.40.1190.20	af_Q9H477_1_322_3.40.1190.20	6.437E-02	0.106	32	1	371	404	1	308	322	429	0.918	0.957
LOKIASV2_2854_ESMFold_amidohydrolase_family_protein	3rpdA00	3rpdA00	4.318E-01	0.106	32	77	363	404	4	335	340	398	0.710	0.976
LOKIASV2_2854_ESMFold_amidohydrolase_family_protein	3hv2B00	3hv2B00	1.934E+00	0.098	31	154	267	404	6	119	125	125	0.282	0.912
LOKIASV2_2854_ESMFold_amidohydrolase_family_protein	4rxmB01	4rxmB01	1.087E+00	0.098	31	153	234	404	2	98	127	104	0.203	0.764
LOKIASV2_2854_ESMFold_amidohydrolase_family_protein	1efaB02	1efaB02	1.151E+00	0.098	31	153	244	404	2	112	128	119	0.228	0.867
LOKIASV2_2854_ESMFold_amidohydrolase_family_protein	af_Q58122_2_136_3.40.50.1970	af_Q58122_2_136_3.40.50.1970	5.134E-01	0.098	31	131	235	404	15	116	135	117	0.260	0.756
LOKIASV2_2854_ESMFold_amidohydrolase_family_protein	5hqjA01	5hqjA01	3.648E+00	0.098	31	173	250	404	41	103	135	80	0.193	0.467
LOKIASV2_2854_ESMFold_amidohydrolase_family_protein	af_Q2G1H1_2_165_3.40.50.850	af_Q2G1H1_2_165_3.40.50.850	4.868E+00	0.098	31	185	226	404	87	128	164	42	0.104	0.256
LOKIASV2_2854_ESMFold_amidohydrolase_family_protein	3lq1B01	3lq1B01	3.068E+00	0.098	31	153	250	404	25	135	174	112	0.243	0.638
LOKIASV2_2854_ESMFold_amidohydrolase_family_protein	af_O35826_7_203_3.40.50.2000	af_O35826_7_203_3.40.50.2000	5.761E-01	0.098	31	79	262	404	6	161	197	190	0.455	0.792
LOKIASV2_2854_ESMFold_amidohydrolase_family_protein	af_P07342_83_280_3.40.50.970	af_P07342_83_280_3.40.50.970	5.134E-01	0.098	31	88	266	404	1	148	198	188	0.443	0.747
LOKIASV2_2854_ESMFold_amidohydrolase_family_protein	3h7vA02	3h7vA02	4.846E-01	0.098	31	153	345	404	4	159	202	218	0.478	0.772
LOKIASV2_2854_ESMFold_amidohydrolase_family_protein	af_O09172_39_244_3.20.20.100	af_O09172_39_244_3.20.20.100	5.761E-01	0.098	31	196	338	404	56	195	206	168	0.354	0.680
LOKIASV2_2854_ESMFold_amidohydrolase_family_protein	af_P9WMF9_2_208_3.40.50.2300	af_P9WMF9_2_208_3.40.50.2300	3.848E-01	0.098	31	154	362	404	4	204	207	254	0.517	0.971
LOKIASV2_2854_ESMFold_amidohydrolase_family_protein	af_Q86D20_38_251_3.40.50.1240	af_Q86D20_38_251_3.40.50.1240	2.426E-01	0.098	31	179	343	404	60	202	214	180	0.408	0.668
LOKIASV2_2854_ESMFold_amidohydrolase_family_protein	3ct7A00	3ct7A00	3.236E-01	0.098	31	153	344	404	2	190	219	235	0.475	0.863
LOKIASV2_2854_ESMFold_amidohydrolase_family_protein	af_Q4CYW6_1_225_3.20.20.140	af_Q4CYW6_1_225_3.20.20.140	1.934E+00	0.098	31	180	359	404	10	224	225	245	0.446	0.956
LOKIASV2_2854_ESMFold_amidohydrolase_family_protein	af_Q8IM07_24_259_3.20.20.70	af_Q8IM07_24_259_3.20.20.70	1.087E+00	0.098	31	76	249	404	3	214	236	240	0.431	0.898
LOKIASV2_2854_ESMFold_amidohydrolase_family_protein	af_Q93703_95_337_3.40.640.10	af_Q93703_95_337_3.40.640.10	1.292E+00	0.098	31	153	237	404	70	174	243	109	0.210	0.432
LOKIASV2_2854_ESMFold_amidohydrolase_family_protein	af_O42918_366_630_3.20.20.80	af_O42918_366_630_3.20.20.80	5.134E-01	0.098	31	179	337	404	78	208	265	173	0.394	0.494
LOKIASV2_2854_ESMFold_amidohydrolase_family_protein	af_I6YAW3_46_332_3.20.20.210	af_I6YAW3_46_332_3.20.20.210	1.716E-01	0.098	31	112	343	404	93	287	287	266	0.574	0.679
LOKIASV2_2854_ESMFold_amidohydrolase_family_protein	1u2xA01	1u2xA01	1.620E-01	0.098	31	76	363	404	2	322	327	385	0.713	0.982
LOKIASV2_2854_ESMFold_amidohydrolase_family_protein	af_Q55FH2_437_764_3.40.1190.20	af_Q55FH2_437_764_3.40.1190.20	7.653E-02	0.098	31	18	315	404	10	240	328	324	0.738	0.704
LOKIASV2_2854_ESMFold_amidohydrolase_family_protein	af_Q4CZA2_48_569_3.20.20.140	af_Q4CZA2_48_569_3.20.20.140	2.570E-01	0.098	31	98	355	404	206	521	522	362	0.639	0.605
LOKIASV2_2854_ESMFold_amidohydrolase_family_protein	1o58C02	1o58C02	4.595E+00	0.090	30	179	246	404	10	72	79	68	0.168	0.797
LOKIASV2_2854_ESMFold_amidohydrolase_family_protein	3lukB01	3lukB01	2.049E+00	0.090	30	128	243	404	22	116	122	118	0.287	0.779
LOKIASV2_2854_ESMFold_amidohydrolase_family_protein	1toaB02	1toaB02	2.049E+00	0.090	30	154	244	404	19	125	131	109	0.225	0.817
LOKIASV2_2854_ESMFold_amidohydrolase_family_protein	2o20A02	2o20A02	6.103E-01	0.090	30	108	236	404	1	123	137	147	0.319	0.898
LOKIASV2_2854_ESMFold_amidohydrolase_family_protein	af_A0A0P0VSI0_67_205_3.40.50.720	af_A0A0P0VSI0_67_205_3.40.50.720	9.682E-01	0.090	30	130	265	404	13	135	139	142	0.337	0.885
LOKIASV2_2854_ESMFold_amidohydrolase_family_protein	af_A0A1D6JQ46_155_310_3.40.50.300	af_A0A1D6JQ46_155_310_3.40.50.300	9.139E-01	0.090	30	126	237	404	37	149	156	126	0.277	0.724
LOKIASV2_2854_ESMFold_amidohydrolase_family_protein	af_A0A0U1RPR8_187_352_3.40.50.2300	af_A0A0U1RPR8_187_352_3.40.50.2300	2.722E-01	0.090	30	185	345	404	2	166	166	183	0.399	0.994
LOKIASV2_2854_ESMFold_amidohydrolase_family_protein	5o1pA01	5o1pA01	5.438E-01	0.090	30	153	343	404	2	149	173	199	0.473	0.855
LOKIASV2_2854_ESMFold_amidohydrolase_family_protein	af_I1KMD9_2_178_3.40.50.2300	af_I1KMD9_2_178_3.40.50.2300	2.570E-01	0.090	30	79	230	404	9	176	177	182	0.376	0.949
LOKIASV2_2854_ESMFold_amidohydrolase_family_protein	6e7rC01	6e7rC01	1.219E+00	0.090	30	119	244	404	5	125	189	140	0.312	0.640
LOKIASV2_2854_ESMFold_amidohydrolase_family_protein	af_O76836_379_570_3.40.50.410	af_O76836_379_570_3.40.50.410	3.251E+00	0.090	30	162	244	404	76	162	192	93	0.205	0.453
LOKIASV2_2854_ESMFold_amidohydrolase_family_protein	af_A0A2R8Q977_543_735_3.40.50.80	af_A0A2R8Q977_543_735_3.40.50.80	4.318E-01	0.090	30	120	227	404	63	193	193	138	0.267	0.679
LOKIASV2_2854_ESMFold_amidohydrolase_family_protein	af_Q9W127_4_199_3.40.50.850	af_Q9W127_4_199_3.40.50.850	2.426E-01	0.090	30	76	244	404	7	145	196	171	0.418	0.709
LOKIASV2_2854_ESMFold_amidohydrolase_family_protein	3vivB00	3vivB00	7.687E-01	0.090	30	153	318	404	10	170	219	196	0.411	0.735
LOKIASV2_2854_ESMFold_amidohydrolase_family_protein	af_K7LVE9_594_813_3.40.50.300	af_K7LVE9_594_813_3.40.50.300	1.818E-01	0.090	30	122	307	404	7	183	220	218	0.460	0.805
LOKIASV2_2854_ESMFold_amidohydrolase_family_protein	af_Q9P6Q1_1_232_3.20.20.10	af_Q9P6Q1_1_232_3.20.20.10	1.934E+00	0.090	30	153	363	404	23	209	232	242	0.522	0.806
LOKIASV2_2854_ESMFold_amidohydrolase_family_protein	af_B9EWG6_2_244_3.20.20.10	af_B9EWG6_2_244_3.20.20.10	9.139E-01	0.090	30	183	362	404	45	200	243	213	0.446	0.642
LOKIASV2_2854_ESMFold_amidohydrolase_family_protein	af_M9PCB8_245_493_3.80.10.10	af_M9PCB8_245_493_3.80.10.10	4.846E-01	0.090	30	127	341	404	42	224	249	252	0.532	0.735
LOKIASV2_2854_ESMFold_amidohydrolase_family_protein	2i5bB00	2i5bB00	7.256E-01	0.090	30	120	352	404	4	229	258	273	0.577	0.876
LOKIASV2_2854_ESMFold_amidohydrolase_family_protein	3a6kA00	3a6kA00	7.687E-01	0.090	30	108	224	404	14	149	259	144	0.290	0.525
LOKIASV2_2854_ESMFold_amidohydrolase_family_protein	af_Q2FWG1_2_274_3.40.1190.20	af_Q2FWG1_2_274_3.40.1190.20	5.761E-01	0.090	30	119	373	404	4	258	273	306	0.631	0.934
LOKIASV2_2854_ESMFold_amidohydrolase_family_protein	af_Q5AJY5_14_325_3.20.20.80	af_Q5AJY5_14_325_3.20.20.80	1.724E+00	0.090	30	78	273	404	27	240	312	237	0.485	0.686
LOKIASV2_2854_ESMFold_amidohydrolase_family_protein	af_I1NDC7_6_381_3.40.1190.20	af_I1NDC7_6_381_3.40.1190.20	8.107E-02	0.090	30	18	344	404	7	236	376	375	0.809	0.612
LOKIASV2_2854_ESMFold_amidohydrolase_family_protein	5afsA02	5afsA02	1.536E+00	0.082	29	154	244	404	9	107	112	105	0.225	0.884
LOKIASV2_2854_ESMFold_amidohydrolase_family_protein	af_Q57865_1_131_3.40.50.720	af_Q57865_1_131_3.40.50.720	1.151E+00	0.082	29	120	246	404	5	123	131	137	0.314	0.908
LOKIASV2_2854_ESMFold_amidohydrolase_family_protein	af_Q9P7Q7_1503_1639_3.40.50.2300	af_Q9P7Q7_1503_1639_3.40.50.2300	4.094E+00	0.082	29	153	267	404	5	127	137	128	0.285	0.898
LOKIASV2_2854_ESMFold_amidohydrolase_family_protein	1jpuA01	1jpuA01	4.846E-01	0.082	29	150	273	404	1	109	147	136	0.307	0.741
LOKIASV2_2854_ESMFold_amidohydrolase_family_protein	2hqbA02	2hqbA02	6.880E+00	0.082	29	153	227	404	18	99	148	89	0.186	0.554
LOKIASV2_2854_ESMFold_amidohydrolase_family_protein	3uhjH01	3uhjH01	1.536E+00	0.082	29	119	231	404	9	113	151	126	0.280	0.695
LOKIASV2_2854_ESMFold_amidohydrolase_family_protein	af_P9WN71_8_168_3.40.50.720	af_P9WN71_8_168_3.40.50.720	7.687E-01	0.082	29	154	341	404	6	153	161	199	0.465	0.919
LOKIASV2_2854_ESMFold_amidohydrolase_family_protein	af_Q9GZF0_4_169_3.40.50.720	af_Q9GZF0_4_169_3.40.50.720	6.103E-01	0.082	29	120	286	404	33	160	166	181	0.413	0.771
LOKIASV2_2854_ESMFold_amidohydrolase_family_protein	af_P9WPE3_4_182_3.40.980.10	af_P9WPE3_4_182_3.40.980.10	4.846E-01	0.082	29	153	300	404	5	130	179	173	0.366	0.704
LOKIASV2_2854_ESMFold_amidohydrolase_family_protein	af_A0A0R0JXY0_17_196_3.40.50.10140	af_A0A0R0JXY0_17_196_3.40.50.10140	1.716E-01	0.082	29	153	341	404	7	170	180	218	0.468	0.911
LOKIASV2_2854_ESMFold_amidohydrolase_family_protein	af_P27828_2_186_3.40.50.2000	af_P27828_2_186_3.40.50.2000	1.536E+00	0.082	29	120	265	404	2	158	185	170	0.361	0.849
LOKIASV2_2854_ESMFold_amidohydrolase_family_protein	af_P9WMY5_4_197_3.40.50.2000	af_P9WMY5_4_197_3.40.50.2000	2.290E-01	0.082	29	79	286	404	2	171	194	224	0.515	0.876
LOKIASV2_2854_ESMFold_amidohydrolase_family_protein	3i45A01	3i45A01	1.724E+00	0.082	29	153	244	404	8	133	198	131	0.228	0.636
LOKIASV2_2854_ESMFold_amidohydrolase_family_protein	4wh0A00	4wh0A00	2.426E-01	0.082	29	153	342	404	13	155	198	202	0.470	0.722
LOKIASV2_2854_ESMFold_amidohydrolase_family_protein	5xo1F00	5xo1F00	3.848E-01	0.082	29	77	241	404	24	177	198	181	0.408	0.778
LOKIASV2_2854_ESMFold_amidohydrolase_family_protein	af_Q18877_42_259_3.20.20.70	af_Q18877_42_259_3.20.20.70	4.076E-01	0.082	29	177	341	404	32	216	218	216	0.408	0.849
LOKIASV2_2854_ESMFold_amidohydrolase_family_protein	af_Q4DGY9_46_264_3.20.20.70	af_Q4DGY9_46_264_3.20.20.70	1.934E+00	0.082	29	124	267	404	24	183	219	169	0.356	0.731
LOKIASV2_2854_ESMFold_amidohydrolase_family_protein	af_Q7XDA3_47_275_3.40.640.10	af_Q7XDA3_47_275_3.40.640.10	1.026E+00	0.082	29	137	236	404	77	166	229	113	0.248	0.393
LOKIASV2_2854_ESMFold_amidohydrolase_family_protein	af_Q09504_1_230_3.20.20.70	af_Q09504_1_230_3.20.20.70	1.369E+00	0.082	29	56	261	404	40	211	230	231	0.510	0.748
LOKIASV2_2854_ESMFold_amidohydrolase_family_protein	af_Q2FZ33_2_246_3.40.50.450	af_Q2FZ33_2_246_3.40.50.450	2.722E-01	0.082	29	81	266	404	69	242	245	214	0.460	0.710
LOKIASV2_2854_ESMFold_amidohydrolase_family_protein	af_A0A0P0WHN0_6_253_3.40.640.10	af_A0A0P0WHN0_6_253_3.40.640.10	2.581E+00	0.082	29	125	226	404	50	174	248	133	0.252	0.504
LOKIASV2_2854_ESMFold_amidohydrolase_family_protein	af_A0A1D6M015_8_261_3.40.50.2000	af_A0A1D6M015_8_261_3.40.50.2000	3.848E-01	0.082	29	120	243	404	36	148	254	139	0.307	0.445
LOKIASV2_2854_ESMFold_amidohydrolase_family_protein	af_P32143_2_297_3.40.1190.20	af_P32143_2_297_3.40.1190.20	2.884E-01	0.082	29	18	266	404	9	203	296	280	0.616	0.659
LOKIASV2_2854_ESMFold_amidohydrolase_family_protein	4rbnC03	4rbnC03	3.236E-01	0.082	29	77	250	404	2	203	301	224	0.431	0.671
LOKIASV2_2854_ESMFold_amidohydrolase_family_protein	af_Q4D3B3_65_369_3.40.50.720	af_Q4D3B3_65_369_3.40.50.720	9.099E-02	0.082	29	108	310	404	21	291	305	305	0.502	0.889
LOKIASV2_2854_ESMFold_amidohydrolase_family_protein	af_Q2FV30_1_354_3.20.20.70	af_Q2FV30_1_354_3.20.20.70	3.848E-01	0.082	29	112	361	404	79	339	354	332	0.619	0.737
LOKIASV2_2854_ESMFold_amidohydrolase_family_protein	af_A0A1T5HUM0_1_367_3.40.50.2300	af_A0A1T5HUM0_1_367_3.40.50.2300	2.290E-01	0.082	29	77	311	404	36	263	367	277	0.582	0.621
LOKIASV2_2854_ESMFold_amidohydrolase_family_protein	1o58D02	1o58D02	9.725E+00	0.076	28	176	246	404	5	72	90	73	0.176	0.756
LOKIASV2_2854_ESMFold_amidohydrolase_family_protein	2lvbA00	2lvbA00	1.826E+00	0.076	28	120	252	404	7	108	112	139	0.329	0.911
LOKIASV2_2854_ESMFold_amidohydrolase_family_protein	af_A4HTJ9_365_478_3.40.50.2020	af_A4HTJ9_365_478_3.40.50.2020	2.171E+00	0.076	28	149	230	404	18	100	114	90	0.203	0.728
LOKIASV2_2854_ESMFold_amidohydrolase_family_protein	af_Q54NG9_2_127_3.40.50.720	af_Q54NG9_2_127_3.40.50.720	8.144E-01	0.076	28	153	293	404	2	117	126	152	0.349	0.921
LOKIASV2_2854_ESMFold_amidohydrolase_family_protein	af_A4I5N7_222_382_3.40.50.300	af_A4I5N7_222_382_3.40.50.300	1.934E+00	0.076	28	128	242	404	25	140	161	126	0.285	0.720
LOKIASV2_2854_ESMFold_amidohydrolase_family_protein	af_Q7JQ32_22_191_3.40.50.2300	af_Q7JQ32_22_191_3.40.50.2300	1.151E+00	0.076	28	153	316	404	8	169	170	198	0.406	0.953
LOKIASV2_2854_ESMFold_amidohydrolase_family_protein	af_Q2G220_1_186_3.40.50.850	af_Q2G220_1_186_3.40.50.850	4.076E-01	0.076	28	79	243	404	5	167	186	191	0.408	0.876
LOKIASV2_2854_ESMFold_amidohydrolase_family_protein	af_O13762_697_891_3.40.50.300	af_O13762_697_891_3.40.50.300	1.219E+00	0.076	28	174	262	404	24	133	195	110	0.220	0.564
LOKIASV2_2854_ESMFold_amidohydrolase_family_protein	4gnrA01	4gnrA01	5.134E-01	0.076	28	153	357	404	6	178	200	243	0.507	0.865
LOKIASV2_2854_ESMFold_amidohydrolase_family_protein	3irvA01	3irvA01	2.290E-01	0.076	28	79	226	404	9	154	204	172	0.366	0.716
LOKIASV2_2854_ESMFold_amidohydrolase_family_protein	4jjpB00	4jjpB00	6.850E-01	0.076	28	120	361	404	5	216	217	270	0.599	0.977
LOKIASV2_2854_ESMFold_amidohydrolase_family_protein	af_I1LWZ0_63_287_3.40.50.1100	af_I1LWZ0_63_287_3.40.50.1100	1.450E+00	0.076	28	164	286	404	77	189	225	138	0.304	0.502
LOKIASV2_2854_ESMFold_amidohydrolase_family_protein	af_P0A959_57_294_3.40.640.10	af_P0A959_57_294_3.40.640.10	6.850E-01	0.076	28	107	241	404	49	171	238	157	0.334	0.517
LOKIASV2_2854_ESMFold_amidohydrolase_family_protein	af_Q02884_186_426_3.40.50.300	af_Q02884_186_426_3.40.50.300	4.337E+00	0.076	28	172	244	404	70	162	241	93	0.181	0.386
LOKIASV2_2854_ESMFold_amidohydrolase_family_protein	4impC03	4impC03	2.426E-01	0.076	28	153	343	404	11	171	256	212	0.473	0.629
LOKIASV2_2854_ESMFold_amidohydrolase_family_protein	af_P33020_60_360_3.40.1190.20	af_P33020_60_360_3.40.1190.20	1.926E-01	0.076	28	17	371	404	8	289	301	398	0.879	0.937
LOKIASV2_2854_ESMFold_amidohydrolase_family_protein	2hmcA00	2hmcA00	8.144E-01	0.076	28	79	361	404	9	271	304	332	0.700	0.865
LOKIASV2_2854_ESMFold_amidohydrolase_family_protein	af_O60116_1_317_3.40.1190.20	af_O60116_1_317_3.40.1190.20	2.161E-01	0.076	28	18	361	404	8	295	317	401	0.851	0.909
LOKIASV2_2854_ESMFold_amidohydrolase_family_protein	3ktnA00	3ktnA00	3.632E-01	0.076	28	79	268	404	4	227	333	253	0.470	0.673
LOKIASV2_2854_ESMFold_amidohydrolase_family_protein	af_F1QM18_346_694_3.40.1190.20	af_F1QM18_346_694_3.40.1190.20	9.639E-02	0.076	28	14	267	404	3	201	349	278	0.629	0.570
LOKIASV2_2854_ESMFold_amidohydrolase_family_protein	af_A0A0R4IX01_470_916_3.20.20.80	af_A0A0R4IX01_470_916_3.20.20.80	6.466E-01	0.076	28	171	316	404	56	226	447	188	0.361	0.383
LOKIASV2_2854_ESMFold_amidohydrolase_family_protein	4zmsB01	4zmsB01	4.868E+00	0.069	27	153	249	404	3	101	131	107	0.240	0.756
LOKIASV2_2854_ESMFold_amidohydrolase_family_protein	af_Q2FZH1_2_136_3.40.50.720	af_Q2FZH1_2_136_3.40.50.720	1.826E+00	0.069	27	78	251	404	3	118	135	177	0.431	0.859
LOKIASV2_2854_ESMFold_amidohydrolase_family_protein	af_Q8IKT3_95_229_3.30.420.80	af_Q8IKT3_95_229_3.30.420.80	2.171E+00	0.069	27	164	234	404	39	129	135	92	0.176	0.674
LOKIASV2_2854_ESMFold_amidohydrolase_family_protein	1ta9A01	1ta9A01	4.868E+00	0.069	27	153	224	404	27	106	148	83	0.178	0.541
LOKIASV2_2854_ESMFold_amidohydrolase_family_protein	1vpvB01	1vpvB01	2.436E+00	0.069	27	177	266	404	63	148	149	97	0.223	0.577
LOKIASV2_2854_ESMFold_amidohydrolase_family_protein	3hl0B01	3hl0B01	7.289E+00	0.069	27	153	224	404	34	111	156	81	0.178	0.500
LOKIASV2_2854_ESMFold_amidohydrolase_family_protein	af_A0A0P0XRM8_8_184_3.40.50.410	af_A0A0P0XRM8_8_184_3.40.50.410	3.648E+00	0.069	27	169	244	404	76	157	177	83	0.188	0.463
LOKIASV2_2854_ESMFold_amidohydrolase_family_protein	af_I1LEY9_46_222_3.40.50.300	af_I1LEY9_46_222_3.40.50.300	1.934E+00	0.069	27	128	237	404	57	167	177	120	0.272	0.627
LOKIASV2_2854_ESMFold_amidohydrolase_family_protein	af_Q8MLX0_83_277_3.40.50.2300	af_Q8MLX0_83_277_3.40.50.2300	3.865E+00	0.069	27	132	231	404	32	114	195	104	0.248	0.426
LOKIASV2_2854_ESMFold_amidohydrolase_family_protein	af_P9WGM5_9_215_3.40.50.2300	af_P9WGM5_9_215_3.40.50.2300	1.369E+00	0.069	27	154	362	404	4	206	207	241	0.517	0.981
LOKIASV2_2854_ESMFold_amidohydrolase_family_protein	3cuyA01	3cuyA01	6.103E-01	0.069	27	76	262	404	2	171	208	204	0.463	0.817
LOKIASV2_2854_ESMFold_amidohydrolase_family_protein	3r79B00	3r79B00	5.134E-01	0.069	27	81	352	404	28	198	218	282	0.673	0.784
LOKIASV2_2854_ESMFold_amidohydrolase_family_protein	af_P9WKX7_116_337_3.40.50.300	af_P9WKX7_116_337_3.40.50.300	2.171E+00	0.069	27	202	272	404	90	164	222	80	0.176	0.338
LOKIASV2_2854_ESMFold_amidohydrolase_family_protein	af_Q58218_60_281_3.20.20.70	af_Q58218_60_281_3.20.20.70	1.934E+00	0.069	27	151	315	404	13	152	222	181	0.408	0.631
LOKIASV2_2854_ESMFold_amidohydrolase_family_protein	af_Q9LNE6_8_231_3.40.50.2000	af_Q9LNE6_8_231_3.40.50.2000	1.151E+00	0.069	27	78	268	404	2	192	224	216	0.473	0.853
LOKIASV2_2854_ESMFold_amidohydrolase_family_protein	af_I1KFX9_182_439_3.40.50.2000	af_I1KFX9_182_439_3.40.50.2000	2.722E-01	0.069	27	79	250	404	2	210	258	231	0.426	0.810
LOKIASV2_2854_ESMFold_amidohydrolase_family_protein	af_Q5ZA41_54_316_3.40.50.720	af_Q5ZA41_54_316_3.40.50.720	2.290E-01	0.069	27	106	279	404	20	211	263	222	0.431	0.730
LOKIASV2_2854_ESMFold_amidohydrolase_family_protein	3h49B00	3h49B00	3.848E-01	0.069	27	80	362	404	10	291	293	351	0.700	0.962
LOKIASV2_2854_ESMFold_amidohydrolase_family_protein	af_P9WL29_1_297_3.40.50.450	af_P9WL29_1_297_3.40.50.450	1.151E+00	0.069	27	107	246	404	136	283	297	166	0.347	0.498
LOKIASV2_2854_ESMFold_amidohydrolase_family_protein	3d43A00	3d43A00	1.026E+00	0.069	27	202	250	404	110	166	309	57	0.121	0.184
LOKIASV2_2854_ESMFold_amidohydrolase_family_protein	af_Q4E4K4_7_329_3.40.1190.20	af_Q4E4K4_7_329_3.40.1190.20	3.632E-01	0.069	27	76	361	404	10	305	323	353	0.708	0.916
LOKIASV2_2854_ESMFold_amidohydrolase_family_protein	2pjuB02	2pjuB02	1.724E+00	0.063	26	127	246	404	1	80	85	121	0.297	0.941
LOKIASV2_2854_ESMFold_amidohydrolase_family_protein	af_A4IBB8_1_107_3.40.50.20	af_A4IBB8_1_107_3.40.50.20	2.171E+00	0.063	26	120	220	404	7	98	107	104	0.250	0.860
LOKIASV2_2854_ESMFold_amidohydrolase_family_protein	af_Q9TZ85_40_182_3.80.10.10	af_Q9TZ85_40_182_3.80.10.10	2.049E+00	0.063	26	179	282	404	4	115	143	118	0.257	0.783
LOKIASV2_2854_ESMFold_amidohydrolase_family_protein	af_B4FH75_69_224_3.40.50.720	af_B4FH75_69_224_3.40.50.720	2.049E+00	0.063	26	120	246	404	2	117	156	140	0.314	0.744
LOKIASV2_2854_ESMFold_amidohydrolase_family_protein	2o2jA01	2o2jA01	4.094E+00	0.063	26	183	246	404	48	112	163	68	0.158	0.399
LOKIASV2_2854_ESMFold_amidohydrolase_family_protein	af_Q9XVI3_467_636_3.40.50.2300	af_Q9XVI3_467_636_3.40.50.2300	4.868E+00	0.063	26	153	244	404	45	157	170	119	0.228	0.665
LOKIASV2_2854_ESMFold_amidohydrolase_family_protein	af_P87171_4_177_3.40.50.2020	af_P87171_4_177_3.40.50.2020	1.292E+00	0.063	26	154	262	404	2	158	174	172	0.270	0.902
LOKIASV2_2854_ESMFold_amidohydrolase_family_protein	af_I1N508_109_283_3.40.50.720	af_I1N508_109_283_3.40.50.720	1.627E+00	0.063	26	127	244	404	18	167	175	153	0.292	0.857
LOKIASV2_2854_ESMFold_amidohydrolase_family_protein	af_I1KPB4_561_737_3.90.190.20	af_I1KPB4_561_737_3.90.190.20	5.134E-01	0.063	26	152	341	404	9	172	177	221	0.470	0.927
LOKIASV2_2854_ESMFold_amidohydrolase_family_protein	af_Q54NZ8_2_198_3.40.50.850	af_Q54NZ8_2_198_3.40.50.850	4.574E-01	0.063	26	76	311	404	9	195	197	246	0.584	0.949
LOKIASV2_2854_ESMFold_amidohydrolase_family_protein	af_Q4DD94_19_219_3.40.50.850	af_Q4DD94_19_219_3.40.50.850	6.495E+00	0.063	26	185	246	404	125	189	201	67	0.153	0.323
LOKIASV2_2854_ESMFold_amidohydrolase_family_protein	af_K7N4V2_199_408_3.40.50.300	af_K7N4V2_199_408_3.40.50.300	1.292E+00	0.063	26	102	237	404	15	151	210	153	0.337	0.652
LOKIASV2_2854_ESMFold_amidohydrolase_family_protein	af_Q6YVX7_6_227_3.40.50.2300	af_Q6YVX7_6_227_3.40.50.2300	5.157E+00	0.063	26	173	266	404	40	151	222	116	0.233	0.505
LOKIASV2_2854_ESMFold_amidohydrolase_family_protein	af_Q9C9S4_119_361_3.40.50.1000	af_Q9C9S4_119_361_3.40.50.1000	2.734E+00	0.063	26	170	231	404	163	225	243	65	0.153	0.259
LOKIASV2_2854_ESMFold_amidohydrolase_family_protein	5tsgD02	5tsgD02	1.450E+00	0.063	26	120	247	404	32	156	277	139	0.317	0.451
LOKIASV2_2854_ESMFold_amidohydrolase_family_protein	af_Q9VG31_471_763_3.40.50.720	af_Q9VG31_471_763_3.40.50.720	3.428E-01	0.063	26	103	363	404	16	277	293	305	0.646	0.894
LOKIASV2_2854_ESMFold_amidohydrolase_family_protein	af_P9WJ79_7_303_3.20.20.70	af_P9WJ79_7_303_3.20.20.70	1.369E+00	0.063	26	152	314	404	12	224	297	231	0.403	0.717
LOKIASV2_2854_ESMFold_amidohydrolase_family_protein	af_Q8SZY4_31_344_3.60.21.10	af_Q8SZY4_31_344_3.60.21.10	3.428E-01	0.063	26	72	272	404	2	221	314	260	0.498	0.701
LOKIASV2_2854_ESMFold_amidohydrolase_family_protein	af_P27828_3_337_3.90.180.10	af_P27828_3_337_3.90.180.10	2.300E+00	0.063	26	126	291	404	10	194	335	197	0.411	0.552
LOKIASV2_2854_ESMFold_amidohydrolase_family_protein	af_I1KGW4_4_358_3.80.10.10	af_I1KGW4_4_358_3.80.10.10	4.076E-01	0.063	26	80	361	404	44	336	355	351	0.698	0.825
LOKIASV2_2854_ESMFold_amidohydrolase_family_protein	af_P32747_61_443_3.20.20.70	af_P32747_61_443_3.20.20.70	7.256E-01	0.063	26	79	271	404	58	323	383	314	0.478	0.695
LOKIASV2_2854_ESMFold_amidohydrolase_family_protein	af_F8W5I8_46_170_3.40.50.2300	af_F8W5I8_46_170_3.40.50.2300	3.865E+00	0.057	25	130	237	404	30	119	125	109	0.267	0.720
LOKIASV2_2854_ESMFold_amidohydrolase_family_protein	4m88A02	4m88A02	2.734E+00	0.057	25	131	259	404	2	136	140	149	0.319	0.964
LOKIASV2_2854_ESMFold_amidohydrolase_family_protein	af_A0A1D6FU36_24_174_3.40.50.2000	af_A0A1D6FU36_24_174_3.40.50.2000	6.495E+00	0.057	25	179	251	404	8	95	151	91	0.181	0.583
LOKIASV2_2854_ESMFold_amidohydrolase_family_protein	5ugjB01	5ugjB01	9.682E-01	0.057	25	120	325	404	5	152	157	212	0.510	0.943
LOKIASV2_2854_ESMFold_amidohydrolase_family_protein	af_Q2G290_1_180_3.40.50.2000	af_Q2G290_1_180_3.40.50.2000	3.251E+00	0.057	25	120	266	404	6	160	180	175	0.364	0.861
LOKIASV2_2854_ESMFold_amidohydrolase_family_protein	5zn8A00	5zn8A00	3.068E+00	0.057	25	136	246	404	87	178	182	117	0.275	0.505
LOKIASV2_2854_ESMFold_amidohydrolase_family_protein	af_O94246_68_251_3.20.20.100	af_O94246_68_251_3.20.20.100	2.734E+00	0.057	25	153	270	404	14	159	184	166	0.292	0.793
LOKIASV2_2854_ESMFold_amidohydrolase_family_protein	1llqA04	1llqA04	1.450E+00	0.057	25	99	249	404	5	165	185	171	0.374	0.870
LOKIASV2_2854_ESMFold_amidohydrolase_family_protein	af_O44863_1_193_3.80.10.10	af_O44863_1_193_3.80.10.10	4.868E+00	0.057	25	177	249	404	106	179	193	79	0.181	0.383
LOKIASV2_2854_ESMFold_amidohydrolase_family_protein	af_M0RA38_840_1033_3.80.10.10	af_M0RA38_840_1033_3.80.10.10	7.687E-01	0.057	25	178	355	404	25	184	194	216	0.441	0.825
LOKIASV2_2854_ESMFold_amidohydrolase_family_protein	af_Q2G2V2_118_321_3.20.20.120	af_Q2G2V2_118_321_3.20.20.120	1.292E+00	0.057	25	186	375	404	16	180	204	213	0.470	0.809
LOKIASV2_2854_ESMFold_amidohydrolase_family_protein	3r77B00	3r77B00	9.139E-01	0.057	25	32	244	404	2	192	206	234	0.527	0.927
LOKIASV2_2854_ESMFold_amidohydrolase_family_protein	af_A0A0R0GLL5_19_228_3.80.10.10	af_A0A0R0GLL5_19_228_3.80.10.10	2.581E+00	0.057	25	173	271	404	65	180	210	124	0.245	0.552
LOKIASV2_2854_ESMFold_amidohydrolase_family_protein	3c4qA01	3c4qA01	1.450E+00	0.057	25	79	250	404	3	161	211	189	0.426	0.754
LOKIASV2_2854_ESMFold_amidohydrolase_family_protein	af_P87171_7_220_3.40.50.10090	af_P87171_7_220_3.40.50.10090	1.724E+00	0.057	25	196	315	404	46	209	214	177	0.297	0.766
LOKIASV2_2854_ESMFold_amidohydrolase_family_protein	af_Q6NW95_41_277_3.80.10.10	af_Q6NW95_41_277_3.80.10.10	1.369E+00	0.057	25	105	272	404	53	208	237	195	0.416	0.658
LOKIASV2_2854_ESMFold_amidohydrolase_family_protein	af_A0A1D8PFI9_73_313_3.80.10.10	af_A0A1D8PFI9_73_313_3.80.10.10	3.251E+00	0.057	25	174	272	404	10	106	241	112	0.245	0.402
LOKIASV2_2854_ESMFold_amidohydrolase_family_protein	af_Q59039_1_242_3.20.20.70	af_Q59039_1_242_3.20.20.70	1.450E+00	0.057	25	170	315	404	55	234	242	193	0.361	0.744
LOKIASV2_2854_ESMFold_amidohydrolase_family_protein	af_Q57865_2_266_3.40.50.720	af_Q57865_2_266_3.40.50.720	1.536E+00	0.057	25	120	267	404	4	141	265	161	0.366	0.521
LOKIASV2_2854_ESMFold_amidohydrolase_family_protein	af_Q2G2V2_5_286_3.20.20.120	af_Q2G2V2_5_286_3.20.20.120	1.369E+00	0.057	25	92	352	404	65	279	282	293	0.646	0.762
LOKIASV2_2854_ESMFold_amidohydrolase_family_protein	af_Q4E0F9_213_494_3.60.15.10	af_Q4E0F9_213_494_3.60.15.10	1.536E+00	0.057	25	174	235	404	7	68	282	63	0.153	0.220
LOKIASV2_2854_ESMFold_amidohydrolase_family_protein	3go6A00	3go6A00	4.076E-01	0.057	25	18	250	404	8	179	287	248	0.577	0.599
LOKIASV2_2854_ESMFold_amidohydrolase_family_protein	af_Q64640_67_361_3.40.1190.20	af_Q64640_67_361_3.40.1190.20	8.144E-01	0.057	25	107	374	404	22	293	295	317	0.663	0.922
LOKIASV2_2854_ESMFold_amidohydrolase_family_protein	af_Q08271_18_340_3.20.20.80	af_Q08271_18_340_3.20.20.80	1.369E+00	0.057	25	178	337	404	49	273	323	232	0.396	0.697
LOKIASV2_2854_ESMFold_amidohydrolase_family_protein	5cvcC02	5cvcC02	7.721E+00	0.051	24	177	270	404	1	87	91	99	0.233	0.956
LOKIASV2_2854_ESMFold_amidohydrolase_family_protein	2d1fA02	2d1fA02	8.180E+00	0.051	24	179	283	404	3	88	98	107	0.260	0.878
LOKIASV2_2854_ESMFold_amidohydrolase_family_protein	af_A0A1D6IX24_7_108_3.40.50.2000	af_A0A1D6IX24_7_108_3.40.50.2000	5.463E+00	0.051	24	177	234	404	1	59	102	62	0.144	0.578
LOKIASV2_2854_ESMFold_amidohydrolase_family_protein	af_Q23155_77_208_3.30.420.80	af_Q23155_77_208_3.30.420.80	7.721E+00	0.051	24	179	234	404	67	124	132	59	0.139	0.439
LOKIASV2_2854_ESMFold_amidohydrolase_family_protein	3umvA01	3umvA01	4.318E-01	0.051	24	76	219	404	18	137	150	158	0.356	0.800
LOKIASV2_2854_ESMFold_amidohydrolase_family_protein	af_P16066_33_191_3.40.50.2300	af_P16066_33_191_3.40.50.2300	4.337E+00	0.051	24	129	230	404	28	112	159	103	0.252	0.535
LOKIASV2_2854_ESMFold_amidohydrolase_family_protein	af_Q8I4N4_46_205_3.40.50.2300	af_Q8I4N4_46_205_3.40.50.2300	1.627E+00	0.051	24	130	240	404	38	136	160	122	0.275	0.619
LOKIASV2_2854_ESMFold_amidohydrolase_family_protein	af_O59722_535_704_3.50.7.10	af_O59722_535_704_3.50.7.10	4.094E+00	0.051	24	74	150	404	24	98	170	82	0.191	0.441
LOKIASV2_2854_ESMFold_amidohydrolase_family_protein	3txyA00	3txyA00	5.134E-01	0.051	24	76	226	404	7	153	190	192	0.374	0.774
LOKIASV2_2854_ESMFold_amidohydrolase_family_protein	4eclC02	4eclC02	1.627E+00	0.051	24	108	315	404	32	185	217	229	0.515	0.710
LOKIASV2_2854_ESMFold_amidohydrolase_family_protein	af_P75897_5_227_3.40.50.850	af_P75897_5_227_3.40.50.850	3.428E-01	0.051	24	79	230	404	16	190	223	201	0.376	0.785
LOKIASV2_2854_ESMFold_amidohydrolase_family_protein	af_Q57688_1_236_3.40.1190.20	af_Q57688_1_236_3.40.1190.20	1.151E+00	0.051	24	120	370	404	8	235	236	283	0.621	0.966
LOKIASV2_2854_ESMFold_amidohydrolase_family_protein	5ts3B00	5ts3B00	6.466E-01	0.051	24	153	275	404	24	164	262	167	0.304	0.538
LOKIASV2_2854_ESMFold_amidohydrolase_family_protein	af_Q9Y119_18_280_3.40.50.2000	af_Q9Y119_18_280_3.40.50.2000	4.094E+00	0.051	24	179	263	404	128	228	263	107	0.210	0.384
LOKIASV2_2854_ESMFold_amidohydrolase_family_protein	af_P76403_75_345_3.20.20.70	af_P76403_75_345_3.20.20.70	4.868E+00	0.051	24	152	225	404	15	90	271	83	0.183	0.280
LOKIASV2_2854_ESMFold_amidohydrolase_family_protein	4q5vE03	4q5vE03	2.722E-01	0.051	24	155	362	404	53	241	271	231	0.515	0.697
LOKIASV2_2854_ESMFold_amidohydrolase_family_protein	af_A0A0P0Y6A8_57_328_3.80.10.10	af_A0A0P0Y6A8_57_328_3.80.10.10	5.761E-01	0.051	24	81	272	404	31	235	272	239	0.475	0.754
LOKIASV2_2854_ESMFold_amidohydrolase_family_protein	3uboB00	3uboB00	4.846E-01	0.051	24	74	361	404	29	299	321	347	0.713	0.844
LOKIASV2_2854_ESMFold_amidohydrolase_family_protein	af_Q58899_3_336_3.40.50.2000	af_Q58899_3_336_3.40.50.2000	2.161E-01	0.051	24	56	343	404	22	334	334	378	0.713	0.937
LOKIASV2_2854_ESMFold_amidohydrolase_family_protein	af_B6VQ94_12_348_3.40.50.12780	af_B6VQ94_12_348_3.40.50.12780	5.787E+00	0.051	24	179	238	404	13	77	337	66	0.149	0.193
LOKIASV2_2854_ESMFold_amidohydrolase_family_protein	2oguA01	2oguA01	5.463E+00	0.045	23	120	249	404	2	113	115	133	0.322	0.974
LOKIASV2_2854_ESMFold_amidohydrolase_family_protein	2c57B00	2c57B00	4.868E+00	0.045	23	131	234	404	25	106	153	108	0.257	0.536
LOKIASV2_2854_ESMFold_amidohydrolase_family_protein	1yx1B01	1yx1B01	2.897E+00	0.045	23	193	319	404	1	155	161	163	0.314	0.963
LOKIASV2_2854_ESMFold_amidohydrolase_family_protein	af_O62026_25_187_3.40.50.2300	af_O62026_25_187_3.40.50.2300	1.087E+00	0.045	23	120	244	404	9	128	163	148	0.309	0.736
LOKIASV2_2854_ESMFold_amidohydrolase_family_protein	af_A0A2R8PYN1_245_412_3.40.50.300	af_A0A2R8PYN1_245_412_3.40.50.300	2.049E+00	0.045	23	178	266	404	17	124	168	110	0.220	0.643
LOKIASV2_2854_ESMFold_amidohydrolase_family_protein	1j2rB00	1j2rB00	6.103E-01	0.045	23	77	226	404	4	150	185	184	0.371	0.795
LOKIASV2_2854_ESMFold_amidohydrolase_family_protein	af_A0A1D6JX85_27_231_3.40.50.2000	af_A0A1D6JX85_27_231_3.40.50.2000	3.251E+00	0.045	23	120	266	404	59	187	205	163	0.364	0.629
LOKIASV2_2854_ESMFold_amidohydrolase_family_protein	4l07A00	4l07A00	1.627E+00	0.045	23	79	226	404	25	168	208	166	0.366	0.692
LOKIASV2_2854_ESMFold_amidohydrolase_family_protein	af_B1ARV5_166_420_3.80.10.10	af_B1ARV5_166_420_3.80.10.10	7.687E-01	0.045	23	77	340	404	13	245	255	300	0.653	0.914
LOKIASV2_2854_ESMFold_amidohydrolase_family_protein	2vdwG00	2vdwG00	5.134E-01	0.045	23	76	308	404	40	255	276	286	0.577	0.783
LOKIASV2_2854_ESMFold_amidohydrolase_family_protein	af_Q06135_27_350_3.20.20.80	af_Q06135_27_350_3.20.20.80	2.581E+00	0.045	23	162	338	404	44	241	324	231	0.438	0.611
LOKIASV2_2854_ESMFold_amidohydrolase_family_protein	af_Q20264_25_396_3.40.50.12780	af_Q20264_25_396_3.40.50.12780	4.868E+00	0.045	23	179	272	404	32	118	372	97	0.233	0.234
LOKIASV2_2854_ESMFold_amidohydrolase_family_protein	af_Q86HC5_6_461_3.80.10.10	af_Q86HC5_6_461_3.80.10.10	8.627E-01	0.045	23	62	319	404	156	454	456	341	0.639	0.656
LOKIASV2_2854_ESMFold_amidohydrolase_family_protein	af_A0A4V0ING4_91_578_3.40.50.12780	af_A0A4V0ING4_91_578_3.40.50.12780	3.068E+00	0.045	23	179	271	404	54	150	488	109	0.230	0.199
LOKIASV2_2854_ESMFold_amidohydrolase_family_protein	3dkiB02	3dkiB02	9.725E+00	0.040	22	179	246	404	9	73	113	71	0.168	0.575
LOKIASV2_2854_ESMFold_amidohydrolase_family_protein	4d9gB02	4d9gB02	5.787E+00	0.040	22	173	249	404	18	83	113	79	0.191	0.584
LOKIASV2_2854_ESMFold_amidohydrolase_family_protein	4b09B01	4b09B01	7.721E+00	0.040	22	153	231	404	4	84	115	87	0.196	0.704
LOKIASV2_2854_ESMFold_amidohydrolase_family_protein	af_P77376_2_121_3.90.1150.10	af_P77376_2_121_3.90.1150.10	4.595E+00	0.040	22	154	249	404	32	119	120	101	0.238	0.733
LOKIASV2_2854_ESMFold_amidohydrolase_family_protein	4s04F01	4s04F01	7.721E+00	0.040	22	154	261	404	4	109	123	117	0.267	0.862
LOKIASV2_2854_ESMFold_amidohydrolase_family_protein	af_A0A1D8PPX6_1_125_3.40.50.720	af_A0A1D8PPX6_1_125_3.40.50.720	3.865E+00	0.040	22	120	246	404	8	121	125	131	0.314	0.912
LOKIASV2_2854_ESMFold_amidohydrolase_family_protein	3ovkD00	3ovkD00	8.180E+00	0.040	22	155	225	404	51	118	126	72	0.176	0.540
LOKIASV2_2854_ESMFold_amidohydrolase_family_protein	af_Q9VEN6_71_200_3.30.420.80	af_Q9VEN6_71_200_3.30.420.80	9.180E+00	0.040	22	179	235	404	65	123	130	60	0.141	0.454
LOKIASV2_2854_ESMFold_amidohydrolase_family_protein	6nf8K00	6nf8K00	5.787E+00	0.040	22	179	235	404	71	135	136	70	0.141	0.478
LOKIASV2_2854_ESMFold_amidohydrolase_family_protein	2g2cA00	2g2cA00	5.463E+00	0.040	22	154	200	404	7	67	150	61	0.116	0.407
LOKIASV2_2854_ESMFold_amidohydrolase_family_protein	1lu9A02	1lu9A02	1.536E+00	0.040	22	76	200	404	14	91	151	125	0.309	0.517
LOKIASV2_2854_ESMFold_amidohydrolase_family_protein	af_P37749_1_155_3.40.50.2000	af_P37749_1_155_3.40.50.2000	4.094E+00	0.040	22	132	266	404	21	132	155	147	0.334	0.723
LOKIASV2_2854_ESMFold_amidohydrolase_family_protein	af_Q58240_5_163_3.40.50.620	af_Q58240_5_163_3.40.50.620	1.536E+00	0.040	22	153	343	404	18	159	159	200	0.473	0.893
LOKIASV2_2854_ESMFold_amidohydrolase_family_protein	af_B4FT34_52_217_3.40.50.1440	af_B4FT34_52_217_3.40.50.1440	2.049E+00	0.040	22	106	244	404	12	139	166	152	0.344	0.771
LOKIASV2_2854_ESMFold_amidohydrolase_family_protein	3hb7H00	3hb7H00	2.581E+00	0.040	22	79	242	404	5	154	168	183	0.406	0.893
LOKIASV2_2854_ESMFold_amidohydrolase_family_protein	af_A0A1D6MXG3_60_228_3.80.10.10	af_A0A1D6MXG3_60_228_3.80.10.10	3.444E+00	0.040	22	120	266	404	2	124	169	165	0.364	0.728
LOKIASV2_2854_ESMFold_amidohydrolase_family_protein	af_F1QEP5_122_297_3.30.420.110	af_F1QEP5_122_297_3.30.420.110	5.787E+00	0.040	22	175	244	404	57	147	176	92	0.173	0.517
LOKIASV2_2854_ESMFold_amidohydrolase_family_protein	1vb5A02	1vb5A02	3.251E+00	0.040	22	154	272	404	18	123	180	133	0.295	0.589
LOKIASV2_2854_ESMFold_amidohydrolase_family_protein	af_Q9WVE0_2_182_3.40.140.10	af_Q9WVE0_2_182_3.40.140.10	7.289E+00	0.040	22	181	251	404	56	139	181	84	0.176	0.464
LOKIASV2_2854_ESMFold_amidohydrolase_family_protein	af_P32057_1_214_3.40.50.2000	af_P32057_1_214_3.40.50.2000	2.300E+00	0.040	22	79	268	404	2	193	214	228	0.470	0.897
LOKIASV2_2854_ESMFold_amidohydrolase_family_protein	af_P9WGS1_38_307_3.40.50.720	af_P9WGS1_38_307_3.40.50.720	7.687E-01	0.040	22	106	224	404	29	197	270	182	0.295	0.626
LOKIASV2_2854_ESMFold_amidohydrolase_family_protein	af_I6YF40_17_287_3.20.20.60	af_I6YF40_17_287_3.20.20.60	2.897E+00	0.040	22	80	311	404	34	270	271	286	0.574	0.875
LOKIASV2_2854_ESMFold_amidohydrolase_family_protein	2z1aA01	2z1aA01	1.627E+00	0.040	22	125	272	404	29	209	305	205	0.366	0.593
LOKIASV2_2854_ESMFold_amidohydrolase_family_protein	af_O74860_9_331_3.40.1190.20	af_O74860_9_331_3.40.1190.20	7.256E-01	0.040	22	63	247	404	31	176	323	200	0.458	0.452
LOKIASV2_2854_ESMFold_amidohydrolase_family_protein	af_Q9VIK3_88_411_3.80.10.10	af_Q9VIK3_88_411_3.80.10.10	1.450E+00	0.040	22	105	274	404	36	280	324	252	0.421	0.756
LOKIASV2_2854_ESMFold_amidohydrolase_family_protein	4wesB04	4wesB04	5.787E+00	0.034	21	177	272	404	7	96	98	101	0.238	0.918
LOKIASV2_2854_ESMFold_amidohydrolase_family_protein	af_A0A1D8PKJ4_3_122_3.40.50.720	af_A0A1D8PKJ4_3_122_3.40.50.720	4.337E+00	0.034	21	154	320	404	4	118	120	171	0.413	0.958
LOKIASV2_2854_ESMFold_amidohydrolase_family_protein	af_A2BFQ0_75_199_3.40.50.2300	af_A2BFQ0_75_199_3.40.50.2300	4.337E+00	0.034	21	132	236	404	28	113	125	110	0.260	0.688
LOKIASV2_2854_ESMFold_amidohydrolase_family_protein	3e82A01	3e82A01	4.595E+00	0.034	21	154	270	404	2	114	140	131	0.290	0.807
LOKIASV2_2854_ESMFold_amidohydrolase_family_protein	af_P45579_2_160_3.40.50.1970	af_P45579_2_160_3.40.50.1970	2.049E+00	0.034	21	54	224	404	1	114	159	180	0.423	0.717
LOKIASV2_2854_ESMFold_amidohydrolase_family_protein	af_A0A1D6H6W8_727_892_3.40.50.300	af_A0A1D6H6W8_727_892_3.40.50.300	4.094E+00	0.034	21	131	266	404	22	123	166	139	0.337	0.614
LOKIASV2_2854_ESMFold_amidohydrolase_family_protein	af_A0A0G2KGK2_34_205_3.40.50.2300	af_A0A0G2KGK2_34_205_3.40.50.2300	2.436E+00	0.034	21	80	230	404	2	110	172	155	0.374	0.634
LOKIASV2_2854_ESMFold_amidohydrolase_family_protein	af_M0RA38_662_837_3.80.10.10	af_M0RA38_662_837_3.80.10.10	5.157E+00	0.034	21	181	271	404	37	139	176	109	0.225	0.585
LOKIASV2_2854_ESMFold_amidohydrolase_family_protein	af_Q9XVF1_475_652_3.40.50.2300	af_Q9XVF1_475_652_3.40.50.2300	9.725E+00	0.034	21	154	244	404	49	163	178	115	0.225	0.646
LOKIASV2_2854_ESMFold_amidohydrolase_family_protein	1im5A00	1im5A00	2.734E+00	0.034	21	79	244	404	3	169	179	197	0.411	0.933
LOKIASV2_2854_ESMFold_amidohydrolase_family_protein	5cjjA00	5cjjA00	3.068E+00	0.034	21	120	243	404	9	126	183	134	0.307	0.645
LOKIASV2_2854_ESMFold_amidohydrolase_family_protein	af_Q57602_240_429_3.40.50.300	af_Q57602_240_429_3.40.50.300	1.536E+00	0.034	21	76	235	404	3	189	190	209	0.396	0.984
LOKIASV2_2854_ESMFold_amidohydrolase_family_protein	af_A0A0P0XWT2_59_251_3.40.50.150	af_A0A0P0XWT2_59_251_3.40.50.150	5.157E+00	0.034	21	157	250	404	1	120	193	129	0.233	0.622
LOKIASV2_2854_ESMFold_amidohydrolase_family_protein	af_O62179_20_213_3.40.50.2300	af_O62179_20_213_3.40.50.2300	9.682E-01	0.034	21	64	232	404	46	190	194	185	0.418	0.747
LOKIASV2_2854_ESMFold_amidohydrolase_family_protein	af_Q4CSN5_1_222_3.40.50.20	af_Q4CSN5_1_222_3.40.50.20	2.049E+00	0.034	21	132	267	404	14	152	222	156	0.337	0.626
LOKIASV2_2854_ESMFold_amidohydrolase_family_protein	af_Q9USP0_120_341_3.40.50.10470	af_Q9USP0_120_341_3.40.50.10470	4.337E+00	0.034	21	154	272	404	20	125	222	134	0.295	0.477
LOKIASV2_2854_ESMFold_amidohydrolase_family_protein	af_Q42805_65_293_3.40.50.170	af_Q42805_65_293_3.40.50.170	1.369E+00	0.034	21	111	247	404	16	152	229	157	0.339	0.598
LOKIASV2_2854_ESMFold_amidohydrolase_family_protein	af_A0A0P0VDN7_52_304_3.40.50.12370	af_A0A0P0VDN7_52_304_3.40.50.12370	1.087E+00	0.034	21	72	201	404	61	204	253	179	0.322	0.569
LOKIASV2_2854_ESMFold_amidohydrolase_family_protein	af_K7U2L5_3_258_3.30.40.10	af_K7U2L5_3_258_3.30.40.10	1.536E+00	0.034	21	76	224	404	1	139	256	167	0.369	0.543
LOKIASV2_2854_ESMFold_amidohydrolase_family_protein	af_A0A1D8PPI6_6_271_3.40.50.720	af_A0A1D8PPI6_6_271_3.40.50.720	1.292E+00	0.034	21	120	351	404	2	265	266	292	0.574	0.992
LOKIASV2_2854_ESMFold_amidohydrolase_family_protein	3svtA00	3svtA00	1.087E+00	0.034	21	114	272	404	20	186	274	209	0.394	0.609
LOKIASV2_2854_ESMFold_amidohydrolase_family_protein	af_Q54LW0_12_289_3.40.50.720	af_Q54LW0_12_289_3.40.50.720	1.536E+00	0.034	21	103	372	404	9	271	278	329	0.668	0.946
LOKIASV2_2854_ESMFold_amidohydrolase_family_protein	af_Q19222_1_280_3.40.50.2000	af_Q19222_1_280_3.40.50.2000	1.620E-01	0.034	21	78	362	404	24	251	280	324	0.705	0.814
LOKIASV2_2854_ESMFold_amidohydrolase_family_protein	af_Q54CY5_85_375_3.40.1190.10	af_Q54CY5_85_375_3.40.1190.10	1.536E+00	0.034	21	91	363	404	26	279	291	300	0.676	0.873
LOKIASV2_2854_ESMFold_amidohydrolase_family_protein	af_Q553D7_264_632_3.80.10.10	af_Q553D7_264_632_3.80.10.10	1.536E+00	0.034	21	104	243	404	233	355	369	147	0.347	0.333
LOKIASV2_2854_ESMFold_amidohydrolase_family_protein	3oa5B02	3oa5B02	8.144E-01	0.034	21	120	358	404	150	367	382	284	0.592	0.571
LOKIASV2_2854_ESMFold_amidohydrolase_family_protein	af_D0TZF0_227_692_3.20.20.80	af_D0TZF0_227_692_3.20.20.80	8.144E-01	0.034	21	79	250	404	22	204	466	228	0.426	0.393
LOKIASV2_2854_ESMFold_amidohydrolase_family_protein	5huoC02	5huoC02	3.251E+00	0.029	20	131	249	404	16	132	140	133	0.295	0.836
LOKIASV2_2854_ESMFold_amidohydrolase_family_protein	af_Q95XK9_131_271_3.80.10.10	af_Q95XK9_131_271_3.80.10.10	7.721E+00	0.029	20	176	272	404	1	96	141	104	0.240	0.681
LOKIASV2_2854_ESMFold_amidohydrolase_family_protein	af_P9WGV5_8_167_3.40.50.720	af_P9WGV5_8_167_3.40.50.720	3.068E+00	0.029	20	79	246	404	1	127	160	180	0.416	0.794
LOKIASV2_2854_ESMFold_amidohydrolase_family_protein	4xfjB01	4xfjB01	1.450E+00	0.029	20	120	321	404	4	173	173	222	0.500	0.983
LOKIASV2_2854_ESMFold_amidohydrolase_family_protein	af_P06169_1_188_3.40.50.970	af_P06169_1_188_3.40.50.970	4.337E+00	0.029	20	107	266	404	8	156	188	183	0.396	0.793
LOKIASV2_2854_ESMFold_amidohydrolase_family_protein	af_Q54RC7_3_195_3.40.50.850	af_Q54RC7_3_195_3.40.50.850	1.087E+00	0.029	20	77	306	404	6	189	193	243	0.569	0.953
LOKIASV2_2854_ESMFold_amidohydrolase_family_protein	af_Q5A8I5_1_258_3.40.50.720	af_Q5A8I5_1_258_3.40.50.720	2.049E+00	0.029	20	106	272	404	22	196	258	212	0.413	0.678
LOKIASV2_2854_ESMFold_amidohydrolase_family_protein	af_Q9D3Z8_34_311_3.60.21.10	af_Q9D3Z8_34_311_3.60.21.10	1.292E+00	0.029	20	71	249	404	5	204	278	244	0.443	0.719
LOKIASV2_2854_ESMFold_amidohydrolase_family_protein	3majA01	3majA01	1.724E+00	0.029	20	153	272	404	114	253	289	162	0.297	0.484
LOKIASV2_2854_ESMFold_amidohydrolase_family_protein	af_P9WK23_175_716_3.20.20.80	af_P9WK23_175_716_3.20.20.80	6.131E+00	0.029	20	128	275	404	206	375	542	197	0.366	0.314
LOKIASV2_2854_ESMFold_amidohydrolase_family_protein	af_Q2V072_50_183_3.80.10.10	af_Q2V072_50_183_3.80.10.10	6.131E+00	0.024	19	170	262	404	45	113	134	94	0.230	0.515
LOKIASV2_2854_ESMFold_amidohydrolase_family_protein	2l69A00	2l69A00	7.289E+00	0.024	19	176	284	404	32	125	134	121	0.270	0.701
LOKIASV2_2854_ESMFold_amidohydrolase_family_protein	1up7A01	1up7A01	3.444E+00	0.024	19	154	334	404	6	132	137	188	0.448	0.927
LOKIASV2_2854_ESMFold_amidohydrolase_family_protein	af_Q58900_329_483_3.40.50.300	af_Q58900_329_483_3.40.50.300	3.865E+00	0.024	19	129	266	404	10	118	155	146	0.342	0.703
LOKIASV2_2854_ESMFold_amidohydrolase_family_protein	af_Q8ILI9_2_161_3.30.420.110	af_Q8ILI9_2_161_3.30.420.110	5.157E+00	0.024	19	177	316	404	46	155	160	142	0.347	0.688
LOKIASV2_2854_ESMFold_amidohydrolase_family_protein	2o3aA00	2o3aA00	2.897E+00	0.024	19	78	219	404	2	136	161	159	0.351	0.839
LOKIASV2_2854_ESMFold_amidohydrolase_family_protein	af_P27836_65_232_3.40.50.2300	af_P27836_65_232_3.40.50.2300	2.171E+00	0.024	19	157	310	404	5	165	168	168	0.381	0.958
LOKIASV2_2854_ESMFold_amidohydrolase_family_protein	3qbdA01	3qbdA01	5.157E+00	0.024	19	153	263	404	36	135	169	125	0.275	0.592
LOKIASV2_2854_ESMFold_amidohydrolase_family_protein	af_Q9Y2R4_377_548_3.40.50.300	af_Q9Y2R4_377_548_3.40.50.300	3.865E+00	0.024	19	178	352	404	19	169	172	178	0.433	0.878
LOKIASV2_2854_ESMFold_amidohydrolase_family_protein	3pl1A00	3pl1A00	2.897E+00	0.024	19	79	246	404	3	180	185	216	0.416	0.962
LOKIASV2_2854_ESMFold_amidohydrolase_family_protein	af_A0A0R0HLZ4_60_246_3.40.50.1970	af_A0A0R0HLZ4_60_246_3.40.50.1970	8.180E+00	0.024	19	126	245	404	31	156	187	144	0.297	0.674
LOKIASV2_2854_ESMFold_amidohydrolase_family_protein	af_Q9URZ7_9_204_3.40.50.300	af_Q9URZ7_9_204_3.40.50.300	2.300E+00	0.024	19	120	341	404	3	191	196	246	0.550	0.964
LOKIASV2_2854_ESMFold_amidohydrolase_family_protein	4nrdE00	4nrdE00	1.627E+00	0.024	19	63	244	404	60	195	200	187	0.450	0.680
LOKIASV2_2854_ESMFold_amidohydrolase_family_protein	1o9gA01	1o9gA01	2.581E+00	0.024	19	151	267	404	48	156	204	128	0.290	0.534
LOKIASV2_2854_ESMFold_amidohydrolase_family_protein	1iirA01	1iirA01	1.151E+00	0.024	19	79	241	404	4	136	221	174	0.403	0.602
LOKIASV2_2854_ESMFold_amidohydrolase_family_protein	af_Q54G22_247_495_3.80.10.10	af_Q54G22_247_495_3.80.10.10	3.444E+00	0.024	19	79	316	404	4	248	249	293	0.589	0.984
LOKIASV2_2854_ESMFold_amidohydrolase_family_protein	af_Q7XMQ2_33_350_3.40.50.1110	af_Q7XMQ2_33_350_3.40.50.1110	1.026E+00	0.024	19	77	327	404	7	248	318	307	0.621	0.761
LOKIASV2_2854_ESMFold_amidohydrolase_family_protein	af_Q58662_36_398_3.40.50.2300	af_Q58662_36_398_3.40.50.2300	2.570E-01	0.024	19	61	378	404	41	358	363	393	0.787	0.876
LOKIASV2_2854_ESMFold_amidohydrolase_family_protein	af_A0A1D8PSA4_1_389_3.40.50.720	af_A0A1D8PSA4_1_389_3.40.50.720	1.151E+00	0.024	19	78	227	404	31	173	389	180	0.371	0.368
LOKIASV2_2854_ESMFold_amidohydrolase_family_protein	af_Q4D322_426_879_3.40.50.2300	af_Q4D322_426_879_3.40.50.2300	7.256E-01	0.024	19	43	393	404	35	405	454	451	0.869	0.817
LOKIASV2_2854_ESMFold_amidohydrolase_family_protein	af_I6Y7V6_19_501_3.40.50.12780	af_I6Y7V6_19_501_3.40.50.12780	6.466E-01	0.024	19	76	338	404	73	327	483	314	0.651	0.528
LOKIASV2_2854_ESMFold_amidohydrolase_family_protein	af_Q55GF0_14_123_3.40.250.10	af_Q55GF0_14_123_3.40.250.10	5.463E+00	0.020	18	119	219	404	4	93	110	104	0.250	0.818
LOKIASV2_2854_ESMFold_amidohydrolase_family_protein	af_A0A1D6JZE9_255_426_3.40.50.300	af_A0A1D6JZE9_255_426_3.40.50.300	6.131E+00	0.020	18	119	246	404	14	119	172	136	0.317	0.616
LOKIASV2_2854_ESMFold_amidohydrolase_family_protein	6eqnD02	6eqnD02	8.666E+00	0.020	18	163	257	404	29	129	178	106	0.235	0.567
LOKIASV2_2854_ESMFold_amidohydrolase_family_protein	3shoC00	3shoC00	8.180E+00	0.020	18	154	236	404	42	125	181	96	0.205	0.464
LOKIASV2_2854_ESMFold_amidohydrolase_family_protein	af_P0AEE5_132_321_3.40.50.2300	af_P0AEE5_132_321_3.40.50.2300	7.289E+00	0.020	18	120	244	404	34	141	190	139	0.309	0.568
LOKIASV2_2854_ESMFold_amidohydrolase_family_protein	af_X5M8U1_23_223_3.40.50.2300	af_X5M8U1_23_223_3.40.50.2300	4.337E+00	0.020	18	64	218	404	46	168	201	163	0.384	0.612
LOKIASV2_2854_ESMFold_amidohydrolase_family_protein	af_A0A1D6I8W8_357_570_3.40.50.300	af_A0A1D6I8W8_357_570_3.40.50.300	1.826E+00	0.020	18	183	370	404	29	209	214	214	0.465	0.846
LOKIASV2_2854_ESMFold_amidohydrolase_family_protein	3a3kA01	3a3kA01	4.868E+00	0.020	18	79	266	404	5	143	215	194	0.465	0.647
LOKIASV2_2854_ESMFold_amidohydrolase_family_protein	4bmvE00	4bmvE00	2.734E+00	0.020	18	106	340	404	15	241	257	284	0.582	0.883
LOKIASV2_2854_ESMFold_amidohydrolase_family_protein	af_Q4DXV7_27_298_3.40.50.720	af_Q4DXV7_27_298_3.40.50.720	2.171E+00	0.020	18	76	272	404	11	194	272	240	0.488	0.676
LOKIASV2_2854_ESMFold_amidohydrolase_family_protein	af_Q20086_1_273_3.40.50.2000	af_Q20086_1_273_3.40.50.2000	6.850E-01	0.020	18	77	353	404	16	245	273	311	0.686	0.842
LOKIASV2_2854_ESMFold_amidohydrolase_family_protein	af_P16703_7_287_3.30.360.10	af_P16703_7_287_3.30.360.10	2.734E+00	0.020	18	76	249	404	54	223	281	208	0.431	0.605
LOKIASV2_2854_ESMFold_amidohydrolase_family_protein	3pvzB00	3pvzB00	2.300E+00	0.020	18	76	272	404	28	182	288	211	0.488	0.538
LOKIASV2_2854_ESMFold_amidohydrolase_family_protein	af_Q94511_249_539_3.40.228.10	af_Q94511_249_539_3.40.228.10	9.139E-01	0.020	18	9	343	404	2	265	291	367	0.829	0.907
LOKIASV2_2854_ESMFold_amidohydrolase_family_protein	af_A0A0G2KSS0_102_419_3.40.50.12780	af_A0A0G2KSS0_102_419_3.40.50.12780	1.087E+00	0.020	18	152	362	404	29	255	318	265	0.522	0.714
LOKIASV2_2854_ESMFold_amidohydrolase_family_protein	af_A0A0P0WS15_1_354_3.40.50.12780	af_A0A0P0WS15_1_354_3.40.50.12780	1.292E+00	0.020	18	97	272	404	30	225	354	220	0.436	0.554
LOKIASV2_2854_ESMFold_amidohydrolase_family_protein	af_Q2G0K3_2_357_3.40.50.12780	af_Q2G0K3_2_357_3.40.50.12780	8.180E+00	0.020	18	131	265	404	150	258	356	142	0.334	0.306
LOKIASV2_2854_ESMFold_amidohydrolase_family_protein	af_Q59074_8_152_3.40.50.1010	af_Q59074_8_152_3.40.50.1010	6.495E+00	0.016	17	256	361	404	17	104	145	111	0.262	0.607
LOKIASV2_2854_ESMFold_amidohydrolase_family_protein	af_Q9VEM0_1_160_3.40.140.10	af_Q9VEM0_1_160_3.40.140.10	9.725E+00	0.016	17	183	235	404	87	154	160	68	0.131	0.425
LOKIASV2_2854_ESMFold_amidohydrolase_family_protein	3eefB00	3eefB00	4.595E+00	0.016	17	79	225	404	5	136	168	172	0.364	0.786
LOKIASV2_2854_ESMFold_amidohydrolase_family_protein	af_Q9V3C4_234_402_3.40.50.300	af_Q9V3C4_234_402_3.40.50.300	5.463E+00	0.016	17	76	263	404	4	127	169	195	0.465	0.734
LOKIASV2_2854_ESMFold_amidohydrolase_family_protein	1vkfC00	1vkfC00	7.289E+00	0.016	17	177	320	404	26	165	169	170	0.356	0.828
LOKIASV2_2854_ESMFold_amidohydrolase_family_protein	af_Q10028_34_205_3.40.50.2300	af_Q10028_34_205_3.40.50.2300	6.131E+00	0.016	17	154	308	404	2	167	172	194	0.384	0.965
LOKIASV2_2854_ESMFold_amidohydrolase_family_protein	3r2jB00	3r2jB00	5.157E+00	0.016	17	120	246	404	15	189	200	182	0.314	0.875
LOKIASV2_2854_ESMFold_amidohydrolase_family_protein	af_Q21199_43_258_3.80.10.10	af_Q21199_43_258_3.80.10.10	9.725E+00	0.016	17	171	271	404	58	167	216	115	0.250	0.509
LOKIASV2_2854_ESMFold_amidohydrolase_family_protein	af_Q58598_341_562_3.90.1640.30	af_Q58598_341_562_3.90.1640.30	4.094E+00	0.016	17	128	362	404	9	207	222	278	0.582	0.896
LOKIASV2_2854_ESMFold_amidohydrolase_family_protein	af_A4I078_600_863_3.40.50.300	af_A4I078_600_863_3.40.50.300	4.595E+00	0.016	17	78	249	404	73	220	264	196	0.426	0.561
LOKIASV2_2854_ESMFold_amidohydrolase_family_protein	af_P23930_215_482_3.60.110.10	af_P23930_215_482_3.60.110.10	5.787E+00	0.016	17	83	247	404	12	221	268	227	0.408	0.784
LOKIASV2_2854_ESMFold_amidohydrolase_family_protein	5k5sA01	5k5sA01	3.865E+00	0.016	17	76	265	404	11	167	284	206	0.470	0.553
LOKIASV2_2854_ESMFold_amidohydrolase_family_protein	af_A0A0P0VK57_1_291_3.40.50.2000	af_A0A0P0VK57_1_291_3.40.50.2000	3.251E+00	0.016	17	48	250	404	3	191	291	233	0.502	0.649
LOKIASV2_2854_ESMFold_amidohydrolase_family_protein	5z75B00	5z75B00	2.436E+00	0.016	17	78	363	404	2	290	306	360	0.708	0.944
LOKIASV2_2854_ESMFold_amidohydrolase_family_protein	3llvA00	3llvA00	9.725E+00	0.014	16	104	267	404	11	129	131	170	0.406	0.908
LOKIASV2_2854_ESMFold_amidohydrolase_family_protein	3uogB02	3uogB02	4.094E+00	0.014	16	119	241	404	21	134	142	135	0.304	0.803
LOKIASV2_2854_ESMFold_amidohydrolase_family_protein	2jgnA00	2jgnA00	4.868E+00	0.014	16	177	293	404	12	150	151	157	0.290	0.921
LOKIASV2_2854_ESMFold_amidohydrolase_family_protein	1nrhX01	1nrhX01	3.865E+00	0.014	16	153	265	404	5	95	160	121	0.280	0.569
LOKIASV2_2854_ESMFold_amidohydrolase_family_protein	af_Q9C793_549_711_3.40.50.2300	af_Q9C793_549_711_3.40.50.2300	6.131E+00	0.014	16	76	243	404	26	150	163	175	0.416	0.767
LOKIASV2_2854_ESMFold_amidohydrolase_family_protein	af_Q11177_497_661_3.40.50.720	af_Q11177_497_661_3.40.50.720	6.495E+00	0.014	16	153	319	404	10	144	165	178	0.413	0.818
LOKIASV2_2854_ESMFold_amidohydrolase_family_protein	af_Q06683_213_391_3.40.50.300	af_Q06683_213_391_3.40.50.300	3.648E+00	0.014	16	79	246	404	16	158	179	191	0.416	0.799
LOKIASV2_2854_ESMFold_amidohydrolase_family_protein	1xn4A00	1xn4A00	3.251E+00	0.014	16	77	225	404	10	129	191	167	0.369	0.628
LOKIASV2_2854_ESMFold_amidohydrolase_family_protein	af_A0A1D6GKR1_12_206_3.40.50.150	af_A0A1D6GKR1_12_206_3.40.50.150	3.865E+00	0.014	16	149	345	404	17	167	195	215	0.488	0.774
LOKIASV2_2854_ESMFold_amidohydrolase_family_protein	af_A4HTI2_53_251_3.40.50.850	af_A4HTI2_53_251_3.40.50.850	3.865E+00	0.014	16	79	243	404	19	161	199	188	0.408	0.719
LOKIASV2_2854_ESMFold_amidohydrolase_family_protein	af_M9PED9_68_304_3.80.10.10	af_M9PED9_68_304_3.80.10.10	5.463E+00	0.014	16	81	272	404	24	214	237	232	0.475	0.806
LOKIASV2_2854_ESMFold_amidohydrolase_family_protein	af_I6XF92_3_241_3.40.50.1820	af_I6XF92_3_241_3.40.50.1820	6.880E+00	0.014	16	177	341	404	93	237	239	188	0.408	0.607
LOKIASV2_2854_ESMFold_amidohydrolase_family_protein	af_Q58928_269_510_3.40.50.300	af_Q58928_269_510_3.40.50.300	9.180E+00	0.014	16	119	249	404	18	143	242	144	0.324	0.521
LOKIASV2_2854_ESMFold_amidohydrolase_family_protein	1nbaB00	1nbaB00	4.337E+00	0.014	16	77	240	404	36	203	252	201	0.406	0.667
LOKIASV2_2854_ESMFold_amidohydrolase_family_protein	af_Q5ACK7_343_612_3.40.50.300	af_Q5ACK7_343_612_3.40.50.300	5.157E+00	0.014	16	153	341	404	33	178	270	201	0.468	0.541
LOKIASV2_2854_ESMFold_amidohydrolase_family_protein	af_Q55GH6_252_656_3.80.10.10	af_Q55GH6_252_656_3.80.10.10	2.300E+00	0.014	16	62	341	404	88	390	405	365	0.693	0.748
LOKIASV2_2854_ESMFold_amidohydrolase_family_protein	af_K7LAC1_13_439_3.40.50.12780	af_K7LAC1_13_439_3.40.50.12780	2.436E+00	0.014	16	74	244	404	3	158	427	202	0.423	0.365
LOKIASV2_2854_ESMFold_amidohydrolase_family_protein	af_H2KZ05_90_255_3.30.870.10	af_H2KZ05_90_255_3.30.870.10	5.787E+00	0.011	15	74	153	404	22	99	166	89	0.198	0.470
LOKIASV2_2854_ESMFold_amidohydrolase_family_protein	4tvbA01	4tvbA01	1.724E+00	0.011	15	115	272	404	36	155	178	181	0.391	0.674
LOKIASV2_2854_ESMFold_amidohydrolase_family_protein	af_Q75IP6_1_195_3.40.50.410	af_Q75IP6_1_195_3.40.50.410	1.934E+00	0.011	15	64	266	404	43	187	195	221	0.502	0.744
LOKIASV2_2854_ESMFold_amidohydrolase_family_protein	af_P21369_4_203_3.40.50.850	af_P21369_4_203_3.40.50.850	6.880E+00	0.011	15	120	244	404	4	188	200	192	0.309	0.925
LOKIASV2_2854_ESMFold_amidohydrolase_family_protein	af_Q4KM84_128_344_3.40.50.150	af_Q4KM84_128_344_3.40.50.150	4.337E+00	0.011	15	131	267	404	35	172	217	165	0.339	0.636
LOKIASV2_2854_ESMFold_amidohydrolase_family_protein	af_Q6ZHZ1_230_450_3.40.50.2000	af_Q6ZHZ1_230_450_3.40.50.2000	2.581E+00	0.011	15	53	250	404	28	173	221	232	0.490	0.661
LOKIASV2_2854_ESMFold_amidohydrolase_family_protein	af_Q4DDK7_46_291_3.40.50.150	af_Q4DDK7_46_291_3.40.50.150	7.721E+00	0.011	15	153	263	404	16	109	246	122	0.275	0.382
LOKIASV2_2854_ESMFold_amidohydrolase_family_protein	af_Q4CYU2_381_641_3.40.50.10810	af_Q4CYU2_381_641_3.40.50.10810	7.721E+00	0.011	15	81	244	404	53	208	261	183	0.406	0.598
LOKIASV2_2854_ESMFold_amidohydrolase_family_protein	af_Q4CMH8_53_316_3.40.50.980	af_Q4CMH8_53_316_3.40.50.980	3.865E+00	0.011	15	168	343	404	60	198	264	190	0.436	0.527
LOKIASV2_2854_ESMFold_amidohydrolase_family_protein	af_P9WP85_55_326_3.40.50.10210	af_P9WP85_55_326_3.40.50.10210	5.463E+00	0.011	15	79	250	404	8	234	272	264	0.426	0.835
LOKIASV2_2854_ESMFold_amidohydrolase_family_protein	af_Q60179_69_392_3.40.50.1100	af_Q60179_69_392_3.40.50.1100	7.721E+00	0.011	15	183	340	404	38	153	324	160	0.391	0.358
LOKIASV2_2854_ESMFold_amidohydrolase_family_protein	af_O06417_48_454_3.40.50.12780	af_O06417_48_454_3.40.50.12780	3.444E+00	0.011	15	77	266	404	51	300	407	277	0.470	0.614
LOKIASV2_2854_ESMFold_amidohydrolase_family_protein	af_K7VBL6_457_875_3.40.50.12370	af_K7VBL6_457_875_3.40.50.12370	3.068E+00	0.011	15	72	214	404	171	329	419	195	0.354	0.379
LOKIASV2_2854_ESMFold_amidohydrolase_family_protein	af_P9WG49_18_162_3.40.50.140	af_P9WG49_18_162_3.40.50.140	7.289E+00	0.010	14	160	241	404	56	133	145	88	0.203	0.538
LOKIASV2_2854_ESMFold_amidohydrolase_family_protein	af_O53676_2_174_3.40.50.300	af_O53676_2_174_3.40.50.300	4.094E+00	0.010	14	154	359	404	2	158	173	215	0.510	0.908
LOKIASV2_2854_ESMFold_amidohydrolase_family_protein	af_Q54DA9_1_176_3.40.50.970	af_Q54DA9_1_176_3.40.50.970	9.180E+00	0.010	14	177	334	404	1	175	176	192	0.391	0.994
LOKIASV2_2854_ESMFold_amidohydrolase_family_protein	2wt9A00	2wt9A00	9.180E+00	0.010	14	76	246	404	3	198	207	236	0.423	0.947
LOKIASV2_2854_ESMFold_amidohydrolase_family_protein	af_A4I154_9_258_3.40.50.620	af_A4I154_9_258_3.40.50.620	7.289E+00	0.010	14	79	231	404	3	152	250	174	0.379	0.600
LOKIASV2_2854_ESMFold_amidohydrolase_family_protein	af_I1NGY9_32_285_3.40.50.300	af_I1NGY9_32_285_3.40.50.300	5.787E+00	0.010	14	54	308	404	55	252	254	281	0.631	0.780
LOKIASV2_2854_ESMFold_amidohydrolase_family_protein	af_Q8RWJ4_44_352_3.40.50.1110	af_Q8RWJ4_44_352_3.40.50.1110	6.495E+00	0.010	14	76	310	404	2	216	309	272	0.582	0.696
LOKIASV2_2854_ESMFold_amidohydrolase_family_protein	af_I1JPZ9_28_345_3.40.50.1110	af_I1JPZ9_28_345_3.40.50.1110	7.289E+00	0.010	14	76	318	404	10	240	318	287	0.601	0.726
LOKIASV2_2854_ESMFold_amidohydrolase_family_protein	af_P34209_28_181_3.40.50.620	af_P34209_28_181_3.40.50.620	9.725E+00	0.009	13	76	227	404	10	154	154	175	0.376	0.942
LOKIASV2_2854_ESMFold_amidohydrolase_family_protein	af_A0A1D6N1S4_236_397_3.40.50.150	af_A0A1D6N1S4_236_397_3.40.50.150	9.180E+00	0.009	13	128	255	404	4	105	162	135	0.317	0.630
LOKIASV2_2854_ESMFold_amidohydrolase_family_protein	af_A4HWH9_79_325_3.40.50.150	af_A4HWH9_79_325_3.40.50.150	5.463E+00	0.009	13	131	342	404	19	211	247	252	0.525	0.781
LOKIASV2_2854_ESMFold_amidohydrolase_family_protein	af_I1M9Q5_102_417_3.40.50.150	af_I1M9Q5_102_417_3.40.50.150	4.868E+00	0.009	13	153	361	404	4	198	316	254	0.517	0.617
LOKIASV2_2854_ESMFold_amidohydrolase_family_protein	af_Q54BH7_1_207_3.40.50.850	af_Q54BH7_1_207_3.40.50.850	9.725E+00	0.008	12	120	246	404	5	195	207	203	0.314	0.923
LOKIASV2_2854_ESMFold_amidohydrolase_family_protein	2p4zA00	2p4zA00	6.495E+00	0.008	12	17	252	404	3	267	275	335	0.584	0.964
LOKIASV2_2854_ESMFold_amidohydrolase_family_protein	af_B6SUT1_50_388_3.40.50.1110	af_B6SUT1_50_388_3.40.50.1110	4.094E+00	0.008	12	76	321	404	5	262	339	306	0.609	0.761
LOKIASV2_2854_ESMFold_amidohydrolase_family_protein	af_A0A1D6F5M2_35_405_3.40.50.1110	af_A0A1D6F5M2_35_405_3.40.50.1110	5.463E+00	0.008	12	76	341	404	9	269	371	317	0.658	0.704
LOKIASV2_2854_ESMFold_amidohydrolase_family_protein	af_Q10896_444_822_3.40.50.12780	af_Q10896_444_822_3.40.50.12780	3.865E+00	0.008	12	76	271	404	39	255	379	246	0.485	0.573
LOKIASV2_2854_ESMFold_amidohydrolase_family_protein	af_Q54VR3_162_551_3.80.10.10	af_Q54VR3_162_551_3.80.10.10	8.180E+00	0.008	12	98	341	404	3	302	390	326	0.604	0.769
LOKIASV2_2854_ESMFold_amidohydrolase_family_protein	af_P9WQ43_6_462_3.40.50.12780	af_P9WQ43_6_462_3.40.50.12780	9.725E+00	0.008	12	127	267	404	2	127	457	149	0.349	0.276
LOKIASV2_2854_ESMFold_amidohydrolase_family_protein	af_Q4CT78_79_559_3.40.50.12780	af_Q4CT78_79_559_3.40.50.12780	1.724E+00	0.008	12	19	267	404	10	302	481	333	0.616	0.609
LOKIASV2_2854_ESMFold_amidohydrolase_family_protein	af_Q4CME1_1_133_3.40.50.300	af_Q4CME1_1_133_3.40.50.300	9.725E+00	0.007	11	152	283	404	2	86	133	132	0.327	0.639
LOKIASV2_2854_ESMFold_amidohydrolase_family_protein	af_Q57997_1_162_3.40.50.620	af_Q57997_1_162_3.40.50.620	7.289E+00	0.007	11	153	315	404	7	101	162	164	0.403	0.586
LOKIASV2_2854_ESMFold_amidohydrolase_family_protein	af_A0A0R4IPU2_519_730_3.40.50.300	af_A0A0R4IPU2_519_730_3.40.50.300	9.180E+00	0.007	11	175	341	404	12	176	212	200	0.413	0.778
LOKIASV2_2854_ESMFold_amidohydrolase_family_protein	1d0sA02	1d0sA02	4.595E+00	0.000	10	154	361	404	8	225	272	272	0.515	0.801
LOKIASV2_2854_ESMFold_amidohydrolase_family_protein	af_A0A1D6JD00_21_369_3.40.50.1110	af_A0A1D6JD00_21_369_3.40.50.1110	4.094E+00	0.000	10	63	267	404	94	259	349	226	0.507	0.476
LOKIASV2_2854_ESMFold_amidohydrolase_family_protein	af_I6Y0L1_438_821_3.40.50.12780	af_I6Y0L1_438_821_3.40.50.12780	6.495E+00	0.000	10	77	271	404	50	254	384	242	0.483	0.534
LOKIASV2_2854_ESMFold_amidohydrolase_family_protein	af_A0A1D8PCV7_228_697_3.40.50.12780	af_A0A1D8PCV7_228_697_3.40.50.12780	5.157E+00	0.000	10	15	271	404	17	304	470	346	0.636	0.613
LOKIASV2_2854_ESMFold_amidohydrolase_family_protein	af_Q8K093_695_1024_1.25.50.20	af_Q8K093_695_1024_1.25.50.20	9.180E+00	0.000	9	97	362	404	59	306	330	324	0.658	0.752
