LOKIASV2_2925_ESMFold_TIM_barrel_protein	LevyLab_Q7A9X4_V1_4_relaxed_B	LevyLab_Q7A9X4_V1_4_relaxed_B 	1.433E-14	1.000	435	16	366	366	38	404	440	395	0.959	0.834
LOKIASV2_2925_ESMFold_TIM_barrel_protein	LevyLab_Q8XDI5_V1_2_relaxed_B	LevyLab_Q8XDI5_V1_2_relaxed_B 	9.800E-11	1.000	346	24	331	366	3	274	284	321	0.842	0.958
LOKIASV2_2925_ESMFold_TIM_barrel_protein	LevyLab_Q8X8J9_V1_5_relaxed_B	LevyLab_Q8X8J9_V1_5_relaxed_B 	1.212E-09	1.000	297	28	330	366	2	261	262	311	0.828	0.992
LOKIASV2_2925_ESMFold_TIM_barrel_protein	LevyLab_Q8X840_V1_3_relaxed_B	LevyLab_Q8X840_V1_3_relaxed_B 	8.781E-09	1.000	292	28	331	366	2	270	275	315	0.831	0.978
LOKIASV2_2925_ESMFold_TIM_barrel_protein	LevyLab_P58506_V1_3_relaxed_B	LevyLab_P58506_V1_3_relaxed_B 	5.149E-10	1.000	290	5	364	366	15	379	419	402	0.984	0.871
LOKIASV2_2925_ESMFold_TIM_barrel_protein	ProtVar_Q5T013_Q6YP21_A	ProtVar_Q5T013_Q6YP21_A 	3.011E-09	1.000	288	25	340	366	1	275	277	328	0.863	0.993
LOKIASV2_2925_ESMFold_TIM_barrel_protein	LevyLab_Q8XCX7_V1_5_relaxed_B	LevyLab_Q8XCX7_V1_5_relaxed_B 	2.181E-08	1.000	276	26	330	366	1	256	258	312	0.833	0.992
LOKIASV2_2925_ESMFold_TIM_barrel_protein	LevyLab_Q8U245_V1_3_relaxed_B	LevyLab_Q8U245_V1_3_relaxed_B 	5.120E-06	1.000	166	28	344	366	2	277	280	343	0.866	0.986
LOKIASV2_2925_ESMFold_TIM_barrel_protein	LevyLab_Q8U146_V1_2_relaxed_B	LevyLab_Q8U146_V1_2_relaxed_B 	1.083E-05	1.000	147	28	332	366	2	266	267	333	0.833	0.993
LOKIASV2_2925_ESMFold_TIM_barrel_protein	ProtVar_P01877_Q8ZCP4_B	ProtVar_P01877_Q8ZCP4_B 	6.682E-05	1.000	125	24	337	366	1	243	243	331	0.858	1.000
LOKIASV2_2925_ESMFold_TIM_barrel_protein	ProtVar_O95865_Q5T013-2_B	ProtVar_O95865_Q5T013-2_B 	1.845E-03	1.000	123	117	307	366	5	174	174	199	0.522	0.977
LOKIASV2_2925_ESMFold_TIM_barrel_protein	LevyLab_P0A795_V1_5_relaxed_B	LevyLab_P0A795_V1_5_relaxed_B 	1.340E-04	1.000	122	24	335	366	1	241	243	329	0.852	0.992
LOKIASV2_2925_ESMFold_TIM_barrel_protein	LevyLab_P62622_V1_3_relaxed_B	LevyLab_P62622_V1_3_relaxed_B 	1.575E-05	1.000	111	27	332	366	27	259	372	324	0.836	0.626
LOKIASV2_2925_ESMFold_TIM_barrel_protein	LevyLab_Q8U1U1_V1_3_relaxed_B	LevyLab_Q8U1U1_V1_3_relaxed_B 	5.387E-04	1.000	109	29	333	366	2	210	211	309	0.833	0.991
LOKIASV2_2925_ESMFold_TIM_barrel_protein	LevyLab_Q12122_V1_2_relaxed_B	LevyLab_Q12122_V1_2_relaxed_B 	5.120E-06	1.000	108	19	336	366	33	300	440	344	0.869	0.609
LOKIASV2_2925_ESMFold_TIM_barrel_protein	LevyLab_P48570_V1_2_relaxed_B	LevyLab_P48570_V1_2_relaxed_B 	9.225E-06	1.000	105	19	354	366	19	321	428	379	0.918	0.708
LOKIASV2_2925_ESMFold_TIM_barrel_protein	LevyLab_Q8XDE7_V1_4_relaxed_B	LevyLab_Q8XDE7_V1_4_relaxed_B 	3.907E-04	1.000	102	25	337	366	17	276	284	346	0.855	0.915
LOKIASV2_2925_ESMFold_TIM_barrel_protein	LevyLab_P38274_V1_4_relaxed_A	LevyLab_P38274_V1_4_relaxed_A 	4.122E-04	1.000	101	27	335	366	5	312	827	362	0.844	0.372
LOKIASV2_2925_ESMFold_TIM_barrel_protein	LevyLab_Q8X6X9_V1_2_relaxed_B	LevyLab_Q8X6X9_V1_2_relaxed_B 	3.328E-04	0.999	97	27	345	366	234	537	631	360	0.872	0.482
LOKIASV2_2925_ESMFold_TIM_barrel_protein	LevyLab_Q8U0Q4_V1_3_relaxed_B	LevyLab_Q8U0Q4_V1_3_relaxed_B 	3.907E-04	0.998	95	22	360	366	60	386	429	386	0.926	0.762
LOKIASV2_2925_ESMFold_TIM_barrel_protein	LevyLab_Q8U4N8_V1_5_relaxed_B	LevyLab_Q8U4N8_V1_5_relaxed_B 	9.200E-04	0.998	94	20	336	366	10	246	247	330	0.866	0.960
LOKIASV2_2925_ESMFold_TIM_barrel_protein	ProtVar_Q13303_Q14722_B	ProtVar_Q13303_Q14722_B 	2.414E-04	0.997	92	20	339	366	94	411	419	374	0.874	0.759
LOKIASV2_2925_ESMFold_TIM_barrel_protein	LevyLab_P42884_V1_5_relaxed_B	LevyLab_P42884_V1_5_relaxed_B 	4.122E-04	0.997	91	29	335	366	32	340	376	361	0.839	0.822
LOKIASV2_2925_ESMFold_TIM_barrel_protein	ProtVar_P54105_Q8D020_B	ProtVar_P54105_Q8D020_B 	4.594E-05	0.997	91	54	309	366	81	431	487	372	0.699	0.721
LOKIASV2_2925_ESMFold_TIM_barrel_protein	ModelArchive_ma-sysbio-bei-19_A	ModelArchive_ma-sysbio-bei-19_A GyrA-FolP - AlphaFold-Multimer model GyrA-FolP - AlphaFold-Multimer model	1.202E-03	0.996	90	26	347	366	13	281	282	348	0.880	0.954
LOKIASV2_2925_ESMFold_TIM_barrel_protein	ProtVar_O95711_Q9BWS9_B	ProtVar_O95711_Q9BWS9_B 	3.328E-04	0.996	90	18	269	366	70	300	393	289	0.689	0.588
LOKIASV2_2925_ESMFold_TIM_barrel_protein	ProtVar_Q8WVB3_Q969X0_A	ProtVar_Q8WVB3_Q969X0_A 	1.657E-03	0.996	89	23	335	366	5	338	486	387	0.855	0.687
LOKIASV2_2925_ESMFold_TIM_barrel_protein	LevyLab_P58314_V1_1_relaxed_B	LevyLab_P58314_V1_1_relaxed_B 	1.412E-03	0.994	87	17	331	366	10	261	281	335	0.861	0.897
LOKIASV2_2925_ESMFold_TIM_barrel_protein	LevyLab_Q8U298_V1_4_relaxed_B	LevyLab_Q8U298_V1_4_relaxed_B 	3.328E-04	0.994	87	21	354	366	3	316	525	387	0.913	0.598
LOKIASV2_2925_ESMFold_TIM_barrel_protein	LevyLab_Q8U2A2_V1_4_relaxed_B	LevyLab_Q8U2A2_V1_4_relaxed_B 	2.414E-04	0.993	86	26	307	366	3	289	499	340	0.770	0.575
LOKIASV2_2925_ESMFold_TIM_barrel_protein	LevyLab_Q8TZP6_V1_5_relaxed_B	LevyLab_Q8TZP6_V1_5_relaxed_B 	9.200E-04	0.993	86	5	336	366	118	380	507	353	0.907	0.519
LOKIASV2_2925_ESMFold_TIM_barrel_protein	ProtVar_P55083_Q13303-2_B	ProtVar_P55083_Q13303-2_B 	3.154E-04	0.992	85	20	336	366	28	341	353	377	0.866	0.890
LOKIASV2_2925_ESMFold_TIM_barrel_protein	LevyLab_Q13303_V1_3_relaxed_A	LevyLab_Q13303_V1_3_relaxed_A 	4.588E-04	0.990	83	7	337	366	36	349	367	381	0.904	0.856
LOKIASV2_2925_ESMFold_TIM_barrel_protein	LevyLab_Q8U1C3_V1_4_relaxed_B	LevyLab_Q8U1C3_V1_4_relaxed_B 	8.720E-04	0.988	82	22	333	366	9	271	274	347	0.852	0.960
LOKIASV2_2925_ESMFold_TIM_barrel_protein	LevyLab_Q8X8E8_V1_5_relaxed_B	LevyLab_Q8X8E8_V1_5_relaxed_B 	1.270E-04	0.988	82	2	332	366	229	583	678	426	0.904	0.524
LOKIASV2_2925_ESMFold_TIM_barrel_protein	ProtVar_P35914_Q8TB92-2_B	ProtVar_P35914_Q8TB92-2_B 	7.835E-04	0.986	81	22	333	366	42	319	340	354	0.852	0.818
LOKIASV2_2925_ESMFold_TIM_barrel_protein	LevyLab_P46151_V1_5_relaxed_A	LevyLab_P46151_V1_5_relaxed_A 	2.687E-04	0.986	81	2	334	366	1	310	657	385	0.910	0.472
LOKIASV2_2925_ESMFold_TIM_barrel_protein	LevyLab_P58263_V1_3_relaxed_B	LevyLab_P58263_V1_3_relaxed_B 	9.692E-03	0.984	80	22	332	366	6	227	256	318	0.850	0.867
LOKIASV2_2925_ESMFold_TIM_barrel_protein	LevyLab_Q8X9Z8_V1_4_relaxed_B	LevyLab_Q8X9Z8_V1_4_relaxed_B 	1.657E-03	0.984	80	27	339	366	4	280	523	345	0.855	0.530
LOKIASV2_2925_ESMFold_TIM_barrel_protein	ProtVar_O43617_P16278_B	ProtVar_O43617_P16278_B 	2.411E-03	0.984	80	24	331	366	46	360	677	379	0.842	0.465
LOKIASV2_2925_ESMFold_TIM_barrel_protein	ProtVar_O94925_P35914_B	ProtVar_O94925_P35914_B 	1.202E-03	0.978	78	20	333	366	26	304	325	359	0.858	0.858
LOKIASV2_2925_ESMFold_TIM_barrel_protein	LevyLab_Q12166_V1_3_relaxed_A	LevyLab_Q12166_V1_3_relaxed_A 	1.202E-03	0.978	78	24	291	366	54	322	604	323	0.732	0.445
LOKIASV2_2925_ESMFold_TIM_barrel_protein	ProtVar_P13804_P52895_B	ProtVar_P13804_P52895_B 	2.830E-03	0.971	76	26	336	366	16	297	323	358	0.850	0.873
LOKIASV2_2925_ESMFold_TIM_barrel_protein	LevyLab_P0A6L5_V1_1_relaxed_B	LevyLab_P0A6L5_V1_1_relaxed_B 	2.830E-03	0.967	75	24	348	366	3	247	297	340	0.888	0.825
LOKIASV2_2925_ESMFold_TIM_barrel_protein	ProtVar_O14733_P04075_B	ProtVar_O14733_P04075_B 	1.571E-03	0.967	75	14	336	366	14	332	364	378	0.883	0.876
LOKIASV2_2925_ESMFold_TIM_barrel_protein	ProtVar_Q93088_Q9NZL9_A	ProtVar_Q93088_Q9NZL9_A 	3.506E-03	0.967	75	28	331	366	21	313	406	361	0.831	0.722
LOKIASV2_2925_ESMFold_TIM_barrel_protein	ProtVar_Q13825_Q8TB92_B	ProtVar_Q13825_Q8TB92_B 	2.830E-03	0.961	74	20	333	366	70	349	370	356	0.858	0.757
LOKIASV2_2925_ESMFold_TIM_barrel_protein	LevyLab_P11154_V1_4_relaxed_B	LevyLab_P11154_V1_4_relaxed_B 	7.427E-04	0.961	74	14	359	366	546	876	1178	417	0.945	0.281
LOKIASV2_2925_ESMFold_TIM_barrel_protein	ModelArchive_ma-rap-bacsu-130_B	ModelArchive_ma-rap-bacsu-130_B Predicted interaction between trhP1 and trhP2 Predicted interaction between trhP1 and trhP2	7.030E-03	0.956	73	25	363	366	1	287	309	392	0.926	0.929
LOKIASV2_2925_ESMFold_TIM_barrel_protein	ProtVar_O60218_P15121_B	ProtVar_O60218_P15121_B 	3.323E-03	0.956	73	29	333	366	16	291	316	354	0.833	0.873
LOKIASV2_2925_ESMFold_TIM_barrel_protein	ProtVar_P14550_Q9UGB7_A	ProtVar_P14550_Q9UGB7_A 	1.412E-03	0.956	73	24	333	366	12	291	325	362	0.847	0.862
LOKIASV2_2925_ESMFold_TIM_barrel_protein	LevyLab_Q86XE5_V1_2_relaxed_B	LevyLab_Q86XE5_V1_2_relaxed_B 	1.657E-03	0.956	73	21	366	366	29	298	327	370	0.945	0.826
LOKIASV2_2925_ESMFold_TIM_barrel_protein	LevyLab_P06208_V1_4_relaxed_A	LevyLab_P06208_V1_4_relaxed_A 	1.080E-03	0.956	73	8	303	366	46	348	619	356	0.809	0.489
LOKIASV2_2925_ESMFold_TIM_barrel_protein	LevyLab_Q8XCH4_V1_3_relaxed_B	LevyLab_Q8XCH4_V1_3_relaxed_B 	1.569E-02	0.949	72	26	333	366	1	247	248	346	0.842	0.996
LOKIASV2_2925_ESMFold_TIM_barrel_protein	ProtVar_P14866_Q17R31-2_B	ProtVar_P14866_Q17R31-2_B 	1.489E-03	0.949	72	23	337	366	5	269	273	354	0.861	0.971
LOKIASV2_2925_ESMFold_TIM_barrel_protein	ProtVar_P13716_Q9NZL4_A	ProtVar_P13716_Q9NZL4_A 	4.833E-03	0.949	72	10	333	366	11	329	330	391	0.885	0.967
LOKIASV2_2925_ESMFold_TIM_barrel_protein	LevyLab_P63944_V1_3_relaxed_B	LevyLab_P63944_V1_3_relaxed_B 	3.506E-03	0.941	71	25	365	366	1	289	292	385	0.932	0.990
LOKIASV2_2925_ESMFold_TIM_barrel_protein	ProtVar_P05014_P13716-2_B	ProtVar_P05014_P13716-2_B 	5.099E-03	0.941	71	28	333	366	63	358	359	363	0.836	0.825
LOKIASV2_2925_ESMFold_TIM_barrel_protein	ProtVar_Q16543_Q9NTM9_B	ProtVar_Q16543_Q9NTM9_B 	5.380E-03	0.933	70	28	308	366	27	224	273	292	0.768	0.725
LOKIASV2_2925_ESMFold_TIM_barrel_protein	LevyLab_Q8U213_V1_5_relaxed_B	LevyLab_Q8U213_V1_5_relaxed_B 	4.117E-03	0.923	69	12	331	366	5	248	251	343	0.874	0.972
LOKIASV2_2925_ESMFold_TIM_barrel_protein	LevyLab_Q8X4R2_V1_4_relaxed_B	LevyLab_Q8X4R2_V1_4_relaxed_B 	3.506E-03	0.923	69	15	333	366	8	277	284	361	0.872	0.951
LOKIASV2_2925_ESMFold_TIM_barrel_protein	ModelArchive_ma-bak-cepc-0477_A	ModelArchive_ma-bak-cepc-0477_A Predicted interaction between RPP1 and POP5 Predicted interaction between RPP1 and POP5	1.489E-03	0.923	69	25	337	366	1	241	293	340	0.855	0.823
LOKIASV2_2925_ESMFold_TIM_barrel_protein	LevyLab_Q8XB36_V1_5_relaxed_B	LevyLab_Q8XB36_V1_5_relaxed_B 	7.416E-03	0.912	68	1	302	366	1	250	259	338	0.825	0.965
LOKIASV2_2925_ESMFold_TIM_barrel_protein	ProtVar_P19971_Q9Y315_B	ProtVar_P19971_Q9Y315_B 	1.202E-03	0.912	68	5	331	366	28	275	318	344	0.893	0.780
LOKIASV2_2925_ESMFold_TIM_barrel_protein	ProtVar_O43448_Q13303_B	ProtVar_O43448_Q13303_B 	4.582E-03	0.912	68	20	336	366	83	393	404	370	0.866	0.770
LOKIASV2_2925_ESMFold_TIM_barrel_protein	LevyLab_Q07729_V1_2_relaxed_B	LevyLab_Q07729_V1_2_relaxed_B 	1.845E-03	0.912	68	28	332	366	97	401	489	362	0.833	0.624
LOKIASV2_2925_ESMFold_TIM_barrel_protein	ProtVar_P06756_P08195_B	ProtVar_P06756_P08195_B 	3.699E-03	0.900	67	22	339	366	209	534	630	395	0.869	0.517
LOKIASV2_2925_ESMFold_TIM_barrel_protein	LevyLab_P15703_V1_4_relaxed_B	LevyLab_P15703_V1_4_relaxed_B 	9.187E-03	0.887	66	24	316	366	20	283	313	333	0.801	0.843
LOKIASV2_2925_ESMFold_TIM_barrel_protein	LevyLab_Q8X841_V1_2_relaxed_B	LevyLab_Q8X841_V1_2_relaxed_B 	2.830E-03	0.887	66	53	311	366	73	417	474	364	0.708	0.728
LOKIASV2_2925_ESMFold_TIM_barrel_protein	ProtVar_P11498_Q8TBP5_A	ProtVar_P11498_Q8TBP5_A 	2.830E-03	0.887	66	1	333	366	538	846	1178	380	0.910	0.262
LOKIASV2_2925_ESMFold_TIM_barrel_protein	LevyLab_Q8NHP1_V1_5_relaxed_B	LevyLab_Q8NHP1_V1_5_relaxed_B 	1.022E-02	0.872	65	24	341	366	7	321	331	384	0.869	0.952
LOKIASV2_2925_ESMFold_TIM_barrel_protein	ProtVar_Q5JRA6_Q9NYQ3_B	ProtVar_Q5JRA6_Q9NYQ3_B 	7.824E-03	0.872	65	54	332	366	87	326	351	319	0.762	0.684
LOKIASV2_2925_ESMFold_TIM_barrel_protein	ModelArchive_ma-bak-cepc-0045_B	ModelArchive_ma-bak-cepc-0045_B Predicted interaction between TRP2 and TRP3 Predicted interaction between TRP2 and TRP3	2.830E-03	0.872	65	1	268	366	234	464	484	297	0.732	0.477
LOKIASV2_2925_ESMFold_TIM_barrel_protein	ProtVar_P38646_P53051_B	ProtVar_P38646_P53051_B 	7.416E-03	0.872	65	28	194	366	18	282	589	271	0.456	0.450
LOKIASV2_2925_ESMFold_TIM_barrel_protein	LevyLab_Q8U0A9_V1_3_relaxed_B	LevyLab_Q8U0A9_V1_3_relaxed_B 	2.683E-03	0.855	64	23	304	366	20	262	262	308	0.770	0.927
LOKIASV2_2925_ESMFold_TIM_barrel_protein	ProtVar_P00491_Q9NZK5_B	ProtVar_P00491_Q9NZK5_B 	2.986E-03	0.855	64	53	337	366	228	510	511	338	0.779	0.554
LOKIASV2_2925_ESMFold_TIM_barrel_protein	LevyLab_Q8X5X7_V1_5_relaxed_B	LevyLab_Q8X5X7_V1_5_relaxed_B 	3.501E-02	0.837	63	27	329	366	16	251	252	321	0.828	0.937
LOKIASV2_2925_ESMFold_TIM_barrel_protein	LevyLab_Q8U2H5_V1_5_relaxed_B	LevyLab_Q8U2H5_V1_5_relaxed_B 	5.667E-02	0.837	63	28	331	366	9	259	262	336	0.831	0.958
LOKIASV2_2925_ESMFold_TIM_barrel_protein	ProtVar_P17516_P52895_A	ProtVar_P17516_P52895_A 	5.675E-03	0.837	63	26	336	366	16	297	323	357	0.850	0.873
LOKIASV2_2925_ESMFold_TIM_barrel_protein	LevyLab_Q8X5J8_V1_3_relaxed_B	LevyLab_Q8X5J8_V1_3_relaxed_B 	1.410E-02	0.817	62	2	333	366	14	270	337	342	0.907	0.763
LOKIASV2_2925_ESMFold_TIM_barrel_protein	ProtVar_O14744_O14893_A	ProtVar_O14744_O14893_A 	5.372E-02	0.817	62	26	333	366	13	289	637	341	0.842	0.435
LOKIASV2_2925_ESMFold_TIM_barrel_protein	ProtVar_P04156_Q96AT9_B	ProtVar_P04156_Q96AT9_B 	5.979E-02	0.795	61	24	345	366	2	227	228	342	0.880	0.991
LOKIASV2_2925_ESMFold_TIM_barrel_protein	LevyLab_A0A0H3JJF9_V1_5_relaxed_B	LevyLab_A0A0H3JJF9_V1_5_relaxed_B 	3.150E-03	0.795	61	1	335	366	4	277	286	375	0.915	0.958
LOKIASV2_2925_ESMFold_TIM_barrel_protein	ProtVar_O14493_P08195-2_B	ProtVar_O14493_P08195-2_B 	2.830E-03	0.795	61	16	339	366	102	433	529	402	0.885	0.628
LOKIASV2_2925_ESMFold_TIM_barrel_protein	ModelArchive_ma-low-csi-0898_B	ModelArchive_ma-low-csi-0898_B Predicted interaction between APEX2 and GBA1 Predicted interaction between APEX2 and GBA1	1.943E-02	0.795	61	21	337	366	112	461	536	397	0.866	0.653
LOKIASV2_2925_ESMFold_TIM_barrel_protein	ProtVar_Q496F6_Q8N0X4_B	ProtVar_Q496F6_Q8N0X4_B 	9.692E-03	0.772	60	22	360	366	39	327	340	386	0.926	0.850
LOKIASV2_2925_ESMFold_TIM_barrel_protein	ProtVar_Q9NYQ3_Q9UJM8_B	ProtVar_Q9NYQ3_Q9UJM8_B 	1.201E-02	0.772	60	2	330	366	32	338	370	405	0.899	0.830
LOKIASV2_2925_ESMFold_TIM_barrel_protein	LevyLab_P32451_V1_5_relaxed_B	LevyLab_P32451_V1_5_relaxed_B 	1.022E-02	0.772	60	1	310	366	53	369	375	364	0.847	0.845
LOKIASV2_2925_ESMFold_TIM_barrel_protein	ProtVar_Q8TF45_Q9NPB8_B	ProtVar_Q8TF45_Q9NPB8_B 	1.943E-02	0.772	60	21	334	366	311	633	672	409	0.858	0.481
LOKIASV2_2925_ESMFold_TIM_barrel_protein	LevyLab_Q8U0A7_V1_3_relaxed_B	LevyLab_Q8U0A7_V1_3_relaxed_B 	1.943E-02	0.747	59	26	304	366	1	217	217	296	0.762	1.000
LOKIASV2_2925_ESMFold_TIM_barrel_protein	ProtVar_O60218_O95047_A	ProtVar_O60218_O95047_A 	1.842E-02	0.747	59	31	336	366	16	290	316	352	0.836	0.870
LOKIASV2_2925_ESMFold_TIM_barrel_protein	ProtVar_P17516_P42330_B	ProtVar_P17516_P42330_B 	6.664E-03	0.747	59	29	337	366	19	301	323	378	0.844	0.876
LOKIASV2_2925_ESMFold_TIM_barrel_protein	ProtVar_P34972_Q81S14_B	ProtVar_P34972_Q81S14_B 	5.380E-03	0.747	59	16	332	366	69	355	435	363	0.866	0.660
LOKIASV2_2925_ESMFold_TIM_barrel_protein	ModelArchive_ma-ahblm_B	ModelArchive_ma-ahblm_B 	2.982E-02	0.747	59	14	362	366	147	451	466	402	0.954	0.655
LOKIASV2_2925_ESMFold_TIM_barrel_protein	ProtVar_Q6ZSG2_Q99707_B	ProtVar_Q6ZSG2_Q99707_B 	1.569E-02	0.747	59	26	342	366	369	651	1265	353	0.866	0.224
LOKIASV2_2925_ESMFold_TIM_barrel_protein	LevyLab_Q8X9G9_V1_5_relaxed_B	LevyLab_Q8X9G9_V1_5_relaxed_B 	9.692E-03	0.720	58	16	266	366	3	204	229	278	0.686	0.882
LOKIASV2_2925_ESMFold_TIM_barrel_protein	ProtVar_Q9BXD5_Q9BXD5_A	ProtVar_Q9BXD5_Q9BXD5_A 	2.282E-02	0.720	58	24	345	366	5	258	320	341	0.880	0.794
LOKIASV2_2925_ESMFold_TIM_barrel_protein	ProtVar_P56962_Q15782_B	ProtVar_P56962_Q15782_B 	2.826E-02	0.720	58	23	269	366	27	265	390	292	0.675	0.613
LOKIASV2_2925_ESMFold_TIM_barrel_protein	ProtVar_P17931_Q6KNA9_B	ProtVar_P17931_Q6KNA9_B 	1.842E-02	0.720	58	79	360	366	133	378	762	312	0.770	0.323
LOKIASV2_2925_ESMFold_TIM_barrel_protein	ProtVar_P01889_Q8WXG1_B	ProtVar_P01889_Q8WXG1_B 	2.982E-02	0.692	57	22	331	366	68	346	361	360	0.847	0.773
LOKIASV2_2925_ESMFold_TIM_barrel_protein	LevyLab_Q03558_V1_2_relaxed_B	LevyLab_Q03558_V1_2_relaxed_B 	6.664E-03	0.692	57	22	327	366	31	399	400	414	0.836	0.923
LOKIASV2_2925_ESMFold_TIM_barrel_protein	LevyLab_Q8U472_V1_3_relaxed_B	LevyLab_Q8U472_V1_3_relaxed_B 	4.575E-02	0.692	57	24	345	366	45	272	434	327	0.880	0.525
LOKIASV2_2925_ESMFold_TIM_barrel_protein	ProtVar_O14879_Q8CZK5_B	ProtVar_O14879_Q8CZK5_B 	7.824E-03	0.663	56	16	335	366	36	304	313	357	0.874	0.859
LOKIASV2_2925_ESMFold_TIM_barrel_protein	ProtVar_O95057_P51857_B	ProtVar_O95057_P51857_B 	3.146E-02	0.663	56	20	336	366	5	300	326	375	0.866	0.908
LOKIASV2_2925_ESMFold_TIM_barrel_protein	LevyLab_P20051_V1_5_relaxed_B	LevyLab_P20051_V1_5_relaxed_B 	1.842E-02	0.663	56	20	341	366	7	300	364	366	0.880	0.808
LOKIASV2_2925_ESMFold_TIM_barrel_protein	ProtVar_P02792_Q02127_B	ProtVar_P02792_Q02127_B 	5.979E-02	0.663	56	52	334	366	99	379	395	344	0.773	0.711
LOKIASV2_2925_ESMFold_TIM_barrel_protein	LevyLab_A0A0H3JFX7_V1_2_relaxed_B	LevyLab_A0A0H3JFX7_V1_2_relaxed_B 	2.540E-02	0.663	56	10	338	366	138	521	605	443	0.899	0.635
LOKIASV2_2925_ESMFold_TIM_barrel_protein	LevyLab_Q8XDI7_V1_3_relaxed_B	LevyLab_Q8XDI7_V1_3_relaxed_B 	7.813E-02	0.632	55	24	331	366	1	214	216	323	0.842	0.991
LOKIASV2_2925_ESMFold_TIM_barrel_protein	LevyLab_A0A0H3JFW2_V1_4_relaxed_B	LevyLab_A0A0H3JFW2_V1_4_relaxed_B 	1.943E-02	0.632	55	7	336	366	9	319	324	397	0.902	0.960
LOKIASV2_2925_ESMFold_TIM_barrel_protein	LevyLab_Q8XAD0_V1_3_relaxed_B	LevyLab_Q8XAD0_V1_3_relaxed_B 	4.337E-02	0.632	55	4	313	366	2	288	426	354	0.847	0.674
LOKIASV2_2925_ESMFold_TIM_barrel_protein	LevyLab_Q8U1L8_V1_4_relaxed_B	LevyLab_Q8U1L8_V1_4_relaxed_B 	5.092E-02	0.632	55	22	345	366	2	354	477	424	0.885	0.740
LOKIASV2_2925_ESMFold_TIM_barrel_protein	ProtVar_Q8WVL7_Q9NZB8-2_B	ProtVar_Q8WVL7_Q9NZB8-2_B 	1.943E-02	0.632	55	8	217	366	42	274	620	261	0.574	0.376
LOKIASV2_2925_ESMFold_TIM_barrel_protein	ProtVar_O95047_P30043_B	ProtVar_O95047_P30043_B 	9.692E-03	0.601	54	27	191	366	4	153	206	184	0.451	0.728
LOKIASV2_2925_ESMFold_TIM_barrel_protein	ProtVar_P62826_Q6DHV7-2_B	ProtVar_P62826_Q6DHV7-2_B 	4.827E-02	0.601	54	10	272	366	6	263	267	319	0.719	0.966
LOKIASV2_2925_ESMFold_TIM_barrel_protein	LevyLab_Q8X695_V1_4_relaxed_B	LevyLab_Q8X695_V1_4_relaxed_B 	4.111E-02	0.601	54	6	354	366	6	296	296	384	0.954	0.983
LOKIASV2_2925_ESMFold_TIM_barrel_protein	LevyLab_O75911_V1_3_relaxed_A	LevyLab_O75911_V1_3_relaxed_A 	3.506E-03	0.601	54	14	364	366	22	289	302	383	0.959	0.887
LOKIASV2_2925_ESMFold_TIM_barrel_protein	LevyLab_Q8XA89_V1_1_relaxed_B	LevyLab_Q8XA89_V1_1_relaxed_B 	2.679E-02	0.601	54	26	336	366	5	334	335	400	0.850	0.985
LOKIASV2_2925_ESMFold_TIM_barrel_protein	LevyLab_Q8X6X5_V1_3_relaxed_B	LevyLab_Q8X6X5_V1_3_relaxed_B 	5.979E-02	0.601	54	84	337	366	125	354	354	286	0.694	0.650
LOKIASV2_2925_ESMFold_TIM_barrel_protein	LevyLab_P00549_V1_4_relaxed_B	LevyLab_P00549_V1_4_relaxed_B 	6.308E-02	0.601	54	16	349	366	3	371	500	449	0.913	0.738
LOKIASV2_2925_ESMFold_TIM_barrel_protein	LevyLab_Q8XD15_V1_1_relaxed_A	LevyLab_Q8XD15_V1_1_relaxed_A 	7.406E-02	0.601	54	18	336	366	68	386	714	379	0.872	0.447
LOKIASV2_2925_ESMFold_TIM_barrel_protein	ProtVar_Q12893_Q9BUP3-3_B	ProtVar_Q12893_Q9BUP3-3_B 	3.506E-03	0.569	53	9	269	366	22	259	276	305	0.713	0.862
LOKIASV2_2925_ESMFold_TIM_barrel_protein	ProtVar_P05121_Q8NBQ5_B	ProtVar_P05121_Q8NBQ5_B 	6.316E-03	0.569	53	21	239	366	29	216	300	242	0.598	0.627
LOKIASV2_2925_ESMFold_TIM_barrel_protein	LevyLab_P38115_V1_2_relaxed_B	LevyLab_P38115_V1_2_relaxed_B 	2.050E-02	0.569	53	29	333	366	36	311	344	365	0.833	0.802
LOKIASV2_2925_ESMFold_TIM_barrel_protein	LevyLab_Q8U0P7_V1_2_relaxed_B	LevyLab_Q8U0P7_V1_2_relaxed_B 	8.708E-03	0.569	53	51	324	366	90	379	419	341	0.749	0.692
LOKIASV2_2925_ESMFold_TIM_barrel_protein	ProtVar_P62979_Q9BZP6_B	ProtVar_P62979_Q9BZP6_B 	1.746E-02	0.569	53	23	240	366	22	264	476	282	0.596	0.511
LOKIASV2_2925_ESMFold_TIM_barrel_protein	LevyLab_P00175_V1_3_relaxed_B	LevyLab_P00175_V1_3_relaxed_B 	2.982E-02	0.569	53	5	332	366	218	538	591	397	0.896	0.543
LOKIASV2_2925_ESMFold_TIM_barrel_protein	LevyLab_P53128_V1_4_relaxed_B	LevyLab_P53128_V1_4_relaxed_B 	2.050E-02	0.569	53	26	363	366	16	351	600	404	0.923	0.560
LOKIASV2_2925_ESMFold_TIM_barrel_protein	ProtVar_P05981_Q8IW92_B	ProtVar_P05981_Q8IW92_B 	3.319E-02	0.569	53	20	308	366	40	314	636	340	0.790	0.432
LOKIASV2_2925_ESMFold_TIM_barrel_protein	LevyLab_P08236_V1_4_relaxed_B	LevyLab_P08236_V1_4_relaxed_B 	8.696E-02	0.569	53	28	335	366	347	633	651	355	0.842	0.441
LOKIASV2_2925_ESMFold_TIM_barrel_protein	ProtVar_P10809_Q8NCI6-4_B	ProtVar_P10809_Q8NCI6-4_B 	1.567E-01	0.537	52	25	192	366	88	260	313	197	0.459	0.553
LOKIASV2_2925_ESMFold_TIM_barrel_protein	LevyLab_Q8XAU1_V1_4_relaxed_B	LevyLab_Q8XAU1_V1_4_relaxed_B 	1.022E-02	0.537	52	8	342	366	7	344	382	414	0.915	0.885
LOKIASV2_2925_ESMFold_TIM_barrel_protein	LevyLab_P0AD62_V1_4_relaxed_B	LevyLab_P0AD62_V1_4_relaxed_B 	7.020E-02	0.537	52	27	331	366	4	335	470	406	0.833	0.706
LOKIASV2_2925_ESMFold_TIM_barrel_protein	ProtVar_P15144_Q5NHN5_B	ProtVar_P15144_Q5NHN5_B 	6.316E-03	0.537	52	8	338	366	523	953	1070	477	0.904	0.403
LOKIASV2_2925_ESMFold_TIM_barrel_protein	LevyLab_P0A7E2_V1_4_relaxed_B	LevyLab_P0A7E2_V1_4_relaxed_B 	8.243E-02	0.505	51	6	326	366	26	334	336	388	0.877	0.920
LOKIASV2_2925_ESMFold_TIM_barrel_protein	LevyLab_Q8X6J3_V1_3_relaxed_B	LevyLab_Q8X6J3_V1_3_relaxed_B 	2.540E-02	0.505	51	14	313	366	37	272	420	329	0.820	0.562
LOKIASV2_2925_ESMFold_TIM_barrel_protein	ProtVar_P55795_Q8ZA76_B	ProtVar_P55795_Q8ZA76_B 	3.694E-02	0.505	51	29	204	366	151	385	662	256	0.481	0.355
LOKIASV2_2925_ESMFold_TIM_barrel_protein	LevyLab_Q8U1R2_V1_5_relaxed_B	LevyLab_Q8U1R2_V1_5_relaxed_B 	2.540E-02	0.473	50	1	331	366	1	281	283	387	0.904	0.993
LOKIASV2_2925_ESMFold_TIM_barrel_protein	ProtVar_P15586_Q8NFI3-2_B	ProtVar_P15586_Q8NFI3-2_B 	2.540E-02	0.473	50	6	308	366	93	362	377	336	0.828	0.716
LOKIASV2_2925_ESMFold_TIM_barrel_protein	LevyLab_Q07837_V1_5_relaxed_A	LevyLab_Q07837_V1_5_relaxed_A 	1.022E-02	0.473	50	14	336	366	102	566	685	499	0.883	0.679
LOKIASV2_2925_ESMFold_TIM_barrel_protein	ModelArchive_ma-low-csi-0830_A	ModelArchive_ma-low-csi-0830_A Predicted interaction between HTATIP2 and PPIAL4C Predicted interaction between HTATIP2 and PPIAL4C	1.943E-02	0.442	49	14	268	366	5	224	242	281	0.697	0.909
LOKIASV2_2925_ESMFold_TIM_barrel_protein	LevyLab_P0AET9_V1_1_relaxed_B	LevyLab_P0AET9_V1_1_relaxed_B 	1.943E-02	0.442	49	19	239	366	6	187	255	240	0.604	0.714
LOKIASV2_2925_ESMFold_TIM_barrel_protein	ProtVar_O75594_P36222_B	ProtVar_O75594_P36222_B 	5.092E-02	0.442	49	26	240	366	20	258	383	274	0.587	0.624
LOKIASV2_2925_ESMFold_TIM_barrel_protein	LevyLab_A0A0H3JR68_V1_3_relaxed_B	LevyLab_A0A0H3JR68_V1_3_relaxed_B 	7.020E-02	0.442	49	3	366	366	47	394	434	449	0.995	0.802
LOKIASV2_2925_ESMFold_TIM_barrel_protein	ProtVar_Q8NFI3_Q9UBM1-2_A	ProtVar_Q8NFI3_Q9UBM1-2_A 	4.111E-02	0.442	49	6	336	366	93	386	743	372	0.904	0.396
LOKIASV2_2925_ESMFold_TIM_barrel_protein	LevyLab_P60652_V1_3_relaxed_B	LevyLab_P60652_V1_3_relaxed_B 	9.187E-03	0.411	48	10	342	366	6	303	306	383	0.910	0.974
LOKIASV2_2925_ESMFold_TIM_barrel_protein	ProtVar_P14618_Q9NR45_B	ProtVar_P14618_Q9NR45_B 	2.163E-02	0.411	48	26	335	366	17	273	359	368	0.847	0.716
LOKIASV2_2925_ESMFold_TIM_barrel_protein	LevyLab_P32347_V1_5_relaxed_B	LevyLab_P32347_V1_5_relaxed_B 	5.979E-02	0.411	48	13	332	366	8	360	362	414	0.874	0.975
LOKIASV2_2925_ESMFold_TIM_barrel_protein	ProtVar_P06132_P09417_A	ProtVar_P06132_P09417_A 	3.319E-02	0.411	48	22	332	366	7	361	367	397	0.850	0.967
LOKIASV2_2925_ESMFold_TIM_barrel_protein	ProtVar_P14060_P36957_A	ProtVar_P14060_P36957_A 	2.543E-03	0.411	48	26	349	366	1	373	373	433	0.885	1.000
LOKIASV2_2925_ESMFold_TIM_barrel_protein	LevyLab_Q8X643_V1_3_relaxed_B	LevyLab_Q8X643_V1_3_relaxed_B 	1.199E-01	0.411	48	81	337	366	88	304	413	295	0.702	0.525
LOKIASV2_2925_ESMFold_TIM_barrel_protein	LevyLab_Q8X929_V1_3_relaxed_B	LevyLab_Q8X929_V1_3_relaxed_B 	1.567E-01	0.382	47	14	331	366	7	254	264	344	0.869	0.939
LOKIASV2_2925_ESMFold_TIM_barrel_protein	ProtVar_P43353_Q13231-3_B	ProtVar_P43353_Q13231-3_B 	2.407E-02	0.382	47	26	318	366	21	258	437	321	0.801	0.545
LOKIASV2_2925_ESMFold_TIM_barrel_protein	ProtVar_P41159_Q6UWU2_B	ProtVar_P41159_Q6UWU2_B 	1.746E-02	0.382	47	26	316	366	46	366	654	378	0.795	0.491
LOKIASV2_2925_ESMFold_TIM_barrel_protein	ProtVar_Q7Z5G4_Q9BUT1_B	ProtVar_Q7Z5G4_Q9BUT1_B 	1.746E-02	0.353	46	19	239	366	3	175	245	238	0.604	0.706
LOKIASV2_2925_ESMFold_TIM_barrel_protein	LevyLab_Q9NUI1_V1_2_relaxed_A	LevyLab_Q9NUI1_V1_2_relaxed_A 	2.407E-02	0.353	46	27	309	366	27	268	292	323	0.773	0.829
LOKIASV2_2925_ESMFold_TIM_barrel_protein	ProtVar_P37058_Q562R1_A	ProtVar_P37058_Q562R1_A 	9.692E-03	0.353	46	3	245	366	30	237	310	266	0.664	0.671
LOKIASV2_2925_ESMFold_TIM_barrel_protein	LevyLab_Q7DBF6_V1_3_relaxed_B	LevyLab_Q7DBF6_V1_3_relaxed_B 	2.679E-02	0.353	46	26	330	366	1	314	321	368	0.833	0.978
LOKIASV2_2925_ESMFold_TIM_barrel_protein	LevyLab_Q8X4R4_V1_1_relaxed_B	LevyLab_Q8X4R4_V1_1_relaxed_B 	1.569E-02	0.353	46	26	335	366	1	319	321	375	0.847	0.994
LOKIASV2_2925_ESMFold_TIM_barrel_protein	ProtVar_O95817_Q13630_B	ProtVar_O95817_Q13630_B 	1.079E-02	0.353	46	26	330	366	5	314	321	366	0.833	0.966
LOKIASV2_2925_ESMFold_TIM_barrel_protein	ProtVar_A0PK11_Q9Y394_B	ProtVar_A0PK11_Q9Y394_B 	1.267E-02	0.353	46	4	347	366	34	320	339	378	0.940	0.847
LOKIASV2_2925_ESMFold_TIM_barrel_protein	LevyLab_P22768_V1_4_relaxed_B	LevyLab_P22768_V1_4_relaxed_B 	4.111E-02	0.353	46	26	194	366	1	145	420	178	0.462	0.345
LOKIASV2_2925_ESMFold_TIM_barrel_protein	ProtVar_O00584_P06280_B	ProtVar_O00584_P06280_B 	9.678E-02	0.353	46	27	332	366	40	320	429	354	0.836	0.655
LOKIASV2_2925_ESMFold_TIM_barrel_protein	ProtVar_O43692_P30613-2_B	ProtVar_O43692_P30613-2_B 	1.567E-01	0.353	46	27	336	366	57	400	543	436	0.847	0.634
LOKIASV2_2925_ESMFold_TIM_barrel_protein	LevyLab_Q9BPU6_V1_4_relaxed_B	LevyLab_Q9BPU6_V1_4_relaxed_B 	5.667E-02	0.353	46	23	331	366	59	357	564	362	0.844	0.530
LOKIASV2_2925_ESMFold_TIM_barrel_protein	ProtVar_Q12889_Q9HCN6_A	ProtVar_Q12889_Q9HCN6_A 	7.020E-02	0.353	46	27	309	366	21	258	678	310	0.773	0.351
LOKIASV2_2925_ESMFold_TIM_barrel_protein	LevyLab_P32449_V1_3_relaxed_B	LevyLab_P32449_V1_3_relaxed_B 	3.146E-02	0.326	45	2	333	366	44	369	370	411	0.907	0.881
LOKIASV2_2925_ESMFold_TIM_barrel_protein	LevyLab_P41816_V1_2_relaxed_B	LevyLab_P41816_V1_2_relaxed_B 	5.372E-02	0.326	45	16	324	366	55	384	400	363	0.844	0.825
LOKIASV2_2925_ESMFold_TIM_barrel_protein	LevyLab_Q8U1P9_V1_4_relaxed_B	LevyLab_Q8U1P9_V1_4_relaxed_B 	4.575E-02	0.326	45	17	334	366	138	413	420	355	0.869	0.657
LOKIASV2_2925_ESMFold_TIM_barrel_protein	LevyLab_Q8U4D9_V1_3_relaxed_B	LevyLab_Q8U4D9_V1_3_relaxed_B 	3.902E-03	0.301	44	24	311	366	5	257	263	344	0.787	0.962
LOKIASV2_2925_ESMFold_TIM_barrel_protein	LevyLab_Q8X5N6_V1_3_relaxed_B	LevyLab_Q8X5N6_V1_3_relaxed_B 	3.694E-02	0.301	44	14	337	366	43	437	445	439	0.885	0.888
LOKIASV2_2925_ESMFold_TIM_barrel_protein	LevyLab_Q8X7H9_V1_2_relaxed_B	LevyLab_Q8X7H9_V1_2_relaxed_B 	8.696E-02	0.301	44	23	335	366	2	312	453	402	0.855	0.687
LOKIASV2_2925_ESMFold_TIM_barrel_protein	ProtVar_O00764_Q13231_B	ProtVar_O00764_Q13231_B 	7.020E-02	0.301	44	28	269	366	22	210	466	264	0.661	0.406
LOKIASV2_2925_ESMFold_TIM_barrel_protein	LevyLab_Q8U0P6_V1_2_relaxed_B	LevyLab_Q8U0P6_V1_2_relaxed_B 	2.279E-01	0.277	43	58	334	366	28	284	300	320	0.757	0.857
LOKIASV2_2925_ESMFold_TIM_barrel_protein	LevyLab_Q8U0C1_V1_3_relaxed_B	LevyLab_Q8U0C1_V1_3_relaxed_B 	6.308E-02	0.277	43	26	336	366	40	316	317	348	0.850	0.874
LOKIASV2_2925_ESMFold_TIM_barrel_protein	ProtVar_O43521_P42898_B	ProtVar_O43521_P42898_B 	1.336E-02	0.277	43	2	301	366	43	337	656	363	0.820	0.450
LOKIASV2_2925_ESMFold_TIM_barrel_protein	LevyLab_Q04304_V1_2_relaxed_B	LevyLab_Q04304_V1_2_relaxed_B 	1.485E-01	0.254	42	25	191	366	1	159	227	196	0.456	0.700
LOKIASV2_2925_ESMFold_TIM_barrel_protein	LevyLab_A0A0H3JIH2_V1_1_relaxed_B	LevyLab_A0A0H3JIH2_V1_1_relaxed_B 	4.827E-02	0.254	42	25	271	366	7	262	268	304	0.675	0.955
LOKIASV2_2925_ESMFold_TIM_barrel_protein	LevyLab_P38715_V1_5_relaxed_B	LevyLab_P38715_V1_5_relaxed_B 	3.146E-02	0.254	42	51	336	366	23	304	327	352	0.781	0.862
LOKIASV2_2925_ESMFold_TIM_barrel_protein	ProtVar_P04632_Q5NIM0_B	ProtVar_P04632_Q5NIM0_B 	3.688E-01	0.254	42	16	332	366	5	343	344	393	0.866	0.985
LOKIASV2_2925_ESMFold_TIM_barrel_protein	ProtVar_O43448_O60547_B	ProtVar_O43448_O60547_B 	1.655E-02	0.254	42	25	335	366	21	292	372	346	0.850	0.731
LOKIASV2_2925_ESMFold_TIM_barrel_protein	LevyLab_A0A0H3JNV9_V1_5_relaxed_B	LevyLab_A0A0H3JNV9_V1_5_relaxed_B 	5.092E-02	0.254	42	23	329	366	74	418	438	394	0.839	0.788
LOKIASV2_2925_ESMFold_TIM_barrel_protein	LevyLab_A0A0H3JER5_V1_4_relaxed_B	LevyLab_A0A0H3JER5_V1_4_relaxed_B 	3.314E-01	0.254	42	21	331	366	2	341	480	418	0.850	0.708
LOKIASV2_2925_ESMFold_TIM_barrel_protein	LevyLab_P41835_V1_4_relaxed_B	LevyLab_P41835_V1_4_relaxed_B 	8.243E-02	0.254	42	20	251	366	5	199	540	262	0.634	0.361
LOKIASV2_2925_ESMFold_TIM_barrel_protein	LevyLab_Q5T2L2_V1_1_relaxed_B	LevyLab_Q5T2L2_V1_1_relaxed_B 	3.141E-01	0.233	41	19	146	366	4	114	129	141	0.350	0.860
LOKIASV2_2925_ESMFold_TIM_barrel_protein	LevyLab_Q8XCZ8_V1_4_relaxed_B	LevyLab_Q8XCZ8_V1_4_relaxed_B 	1.943E-02	0.233	41	26	335	366	15	266	269	348	0.847	0.937
LOKIASV2_2925_ESMFold_TIM_barrel_protein	ProtVar_A8MPS7_Q8IW45_A	ProtVar_A8MPS7_Q8IW45_A 	9.174E-02	0.233	41	22	302	366	3	279	323	324	0.768	0.858
LOKIASV2_2925_ESMFold_TIM_barrel_protein	LevyLab_Q8U1E1_V1_3_relaxed_B	LevyLab_Q8U1E1_V1_3_relaxed_B 	1.136E-01	0.233	41	4	335	366	53	337	338	363	0.907	0.843
LOKIASV2_2925_ESMFold_TIM_barrel_protein	ProtVar_P30613_P31350_A	ProtVar_P30613_P31350_A 	6.308E-02	0.233	41	51	304	366	264	547	574	315	0.694	0.495
LOKIASV2_2925_ESMFold_TIM_barrel_protein	LevyLab_Q8XA72_V1_5_relaxed_B	LevyLab_Q8XA72_V1_5_relaxed_B 	2.982E-02	0.214	40	26	239	366	6	183	270	234	0.585	0.659
LOKIASV2_2925_ESMFold_TIM_barrel_protein	ProtVar_Q96GD0_Q9NVS9_A	ProtVar_Q96GD0_Q9NVS9_A 	2.540E-02	0.214	40	12	323	366	8	294	296	371	0.852	0.970
LOKIASV2_2925_ESMFold_TIM_barrel_protein	LevyLab_Q8U3B3_V1_2_relaxed_B	LevyLab_Q8U3B3_V1_2_relaxed_B 	4.337E-02	0.196	39	21	239	366	2	185	260	241	0.598	0.708
LOKIASV2_2925_ESMFold_TIM_barrel_protein	LevyLab_Q8XBJ4_V1_3_relaxed_B	LevyLab_Q8XBJ4_V1_3_relaxed_B 	5.667E-02	0.196	39	54	239	366	18	183	263	204	0.508	0.631
LOKIASV2_2925_ESMFold_TIM_barrel_protein	LevyLab_Q8U1H4_V1_4_relaxed_B	LevyLab_Q8U1H4_V1_4_relaxed_B 	2.823E-01	0.196	39	23	178	366	179	330	345	180	0.426	0.441
LOKIASV2_2925_ESMFold_TIM_barrel_protein	ProtVar_P16403_Q13231-2_B	ProtVar_P16403_Q13231-2_B 	9.678E-02	0.196	39	28	306	366	22	255	387	310	0.762	0.605
LOKIASV2_2925_ESMFold_TIM_barrel_protein	ProtVar_P01889_Q7CJM9_B	ProtVar_P01889_Q7CJM9_B 	2.978E-01	0.196	39	43	219	366	209	354	398	189	0.484	0.367
LOKIASV2_2925_ESMFold_TIM_barrel_protein	ProtVar_O00584_Q9BTY2_B	ProtVar_O00584_Q9BTY2_B 	9.678E-02	0.196	39	20	301	366	41	357	467	370	0.770	0.679
LOKIASV2_2925_ESMFold_TIM_barrel_protein	ProtVar_O14638_P14618_B	ProtVar_O14638_P14618_B 	5.979E-02	0.196	39	54	332	366	223	500	531	335	0.762	0.524
LOKIASV2_2925_ESMFold_TIM_barrel_protein	ProtVar_P22033_Q9Y2Z4_A	ProtVar_P22033_Q9Y2Z4_A 	5.085E-01	0.196	39	26	336	366	103	419	750	371	0.850	0.423
LOKIASV2_2925_ESMFold_TIM_barrel_protein	LevyLab_P15274_V1_5_relaxed_B	LevyLab_P15274_V1_5_relaxed_B 	8.243E-02	0.196	39	54	336	366	463	801	810	366	0.773	0.419
LOKIASV2_2925_ESMFold_TIM_barrel_protein	ProtVar_Q6PKH6_Q99471_A	ProtVar_Q6PKH6_Q99471_A 	1.567E-01	0.179	38	8	236	366	11	210	232	252	0.626	0.862
LOKIASV2_2925_ESMFold_TIM_barrel_protein	LevyLab_Q8U1D2_V1_2_relaxed_B	LevyLab_Q8U1D2_V1_2_relaxed_B 	5.365E-01	0.179	38	47	219	366	72	242	254	195	0.473	0.673
LOKIASV2_2925_ESMFold_TIM_barrel_protein	LevyLab_P38122_V1_1_relaxed_B	LevyLab_P38122_V1_1_relaxed_B 	9.678E-02	0.179	38	6	290	366	28	273	312	340	0.779	0.788
LOKIASV2_2925_ESMFold_TIM_barrel_protein	ProtVar_Q8IW45_Q8N9N8_A	ProtVar_Q8IW45_Q8N9N8_A 	5.372E-02	0.179	38	3	336	366	49	338	347	384	0.913	0.836
LOKIASV2_2925_ESMFold_TIM_barrel_protein	LevyLab_Q7DBF5_V1_1_relaxed_B	LevyLab_Q7DBF5_V1_1_relaxed_B 	3.694E-02	0.179	38	26	309	366	1	249	372	324	0.776	0.669
LOKIASV2_2925_ESMFold_TIM_barrel_protein	LevyLab_P0AC90_V1_1_relaxed_B	LevyLab_P0AC90_V1_1_relaxed_B 	3.897E-02	0.179	38	26	309	366	1	249	373	323	0.776	0.668
LOKIASV2_2925_ESMFold_TIM_barrel_protein	LevyLab_A0A0H3JKH6_V1_4_relaxed_B	LevyLab_A0A0H3JKH6_V1_4_relaxed_B 	1.265E-01	0.179	38	27	333	366	49	343	377	364	0.839	0.782
LOKIASV2_2925_ESMFold_TIM_barrel_protein	LevyLab_P04397_V1_3_relaxed_A	LevyLab_P04397_V1_3_relaxed_A 	3.146E-02	0.179	38	26	309	366	10	275	699	334	0.776	0.381
LOKIASV2_2925_ESMFold_TIM_barrel_protein	LevyLab_P41734_V1_3_relaxed_B	LevyLab_P41734_V1_3_relaxed_B 	2.675E-01	0.164	37	25	181	366	1	210	238	215	0.429	0.882
LOKIASV2_2925_ESMFold_TIM_barrel_protein	ProtVar_P15428_Q9NR56_A	ProtVar_P15428_Q9NR56_A 	7.406E-02	0.164	37	26	286	366	4	264	266	316	0.713	0.981
LOKIASV2_2925_ESMFold_TIM_barrel_protein	LevyLab_Q07530_V1_2_relaxed_B	LevyLab_Q07530_V1_2_relaxed_B 	6.654E-02	0.164	37	25	262	366	35	291	308	297	0.650	0.834
LOKIASV2_2925_ESMFold_TIM_barrel_protein	ProtVar_P11172_Q9Y6J8-4_A	ProtVar_P11172_Q9Y6J8-4_A 	1.020E+00	0.164	37	27	336	366	252	478	480	324	0.847	0.473
LOKIASV2_2925_ESMFold_TIM_barrel_protein	ProtVar_P12268_P20839-2_B	ProtVar_P12268_P20839-2_B 	1.136E-01	0.164	37	29	308	366	161	361	489	300	0.765	0.411
LOKIASV2_2925_ESMFold_TIM_barrel_protein	Predictome_09xymwo_DMC1_HUMAN__DPOE2_HUMAN__867aa_unrelaxed_af2mv3_model_2_B	Predictome_09xymwo_DMC1_HUMAN__DPOE2_HUMAN__867aa_unrelaxed_af2mv3_model_2_B 	5.971E-01	0.164	37	79	214	366	271	393	527	148	0.372	0.233
LOKIASV2_2925_ESMFold_TIM_barrel_protein	ProtVar_O43175_O43175_A	ProtVar_O43175_O43175_A 	1.842E-02	0.164	37	26	335	366	5	307	533	385	0.847	0.568
LOKIASV2_2925_ESMFold_TIM_barrel_protein	ProtVar_O00165_Q81SR4_B	ProtVar_O00165_Q81SR4_B 	9.174E-02	0.150	36	25	188	366	1	165	184	193	0.448	0.897
LOKIASV2_2925_ESMFold_TIM_barrel_protein	LevyLab_Q8X7C3_V1_3_relaxed_B	LevyLab_Q8X7C3_V1_3_relaxed_B 	1.199E-01	0.150	36	22	238	366	2	241	252	284	0.593	0.952
LOKIASV2_2925_ESMFold_TIM_barrel_protein	LevyLab_Q05016_V1_5_relaxed_B	LevyLab_Q05016_V1_5_relaxed_B 	9.678E-02	0.150	36	16	191	366	7	199	267	230	0.481	0.723
LOKIASV2_2925_ESMFold_TIM_barrel_protein	ProtVar_O43766_Q9BQ50-2_A	ProtVar_O43766_Q9BQ50-2_A 	2.823E-01	0.150	36	30	335	366	129	367	372	325	0.836	0.642
LOKIASV2_2925_ESMFold_TIM_barrel_protein	LevyLab_P31373_V1_5_relaxed_B	LevyLab_P31373_V1_5_relaxed_B 	2.160E-01	0.150	36	18	182	366	85	239	394	188	0.451	0.393
LOKIASV2_2925_ESMFold_TIM_barrel_protein	ProtVar_A1L0T0_P16444_B	ProtVar_A1L0T0_P16444_B 	1.744E-01	0.150	36	14	326	366	21	360	411	408	0.855	0.827
LOKIASV2_2925_ESMFold_TIM_barrel_protein	LevyLab_Q8XE52_V1_3_relaxed_B	LevyLab_Q8XE52_V1_3_relaxed_B 	1.265E-01	0.138	35	28	263	366	2	178	231	256	0.645	0.766
LOKIASV2_2925_ESMFold_TIM_barrel_protein	LevyLab_Q8X6K1_V1_5_relaxed_B	LevyLab_Q8X6K1_V1_5_relaxed_B 	1.136E-01	0.138	35	26	266	366	1	208	240	269	0.658	0.867
LOKIASV2_2925_ESMFold_TIM_barrel_protein	LevyLab_Q8X649_V1_5_relaxed_B	LevyLab_Q8X649_V1_5_relaxed_B 	2.978E-01	0.138	35	48	218	366	52	175	287	184	0.467	0.432
LOKIASV2_2925_ESMFold_TIM_barrel_protein	LevyLab_Q00582_V1_3_relaxed_A	LevyLab_Q00582_V1_3_relaxed_A 	5.085E-01	0.138	35	53	183	366	69	185	310	140	0.358	0.377
LOKIASV2_2925_ESMFold_TIM_barrel_protein	LevyLab_A0A0H3JKB7_V1_4_relaxed_B	LevyLab_A0A0H3JKB7_V1_4_relaxed_B 	5.971E-01	0.138	35	12	238	366	140	324	342	249	0.620	0.541
LOKIASV2_2925_ESMFold_TIM_barrel_protein	ProtVar_O15400_Q15738_B	ProtVar_O15400_Q15738_B 	2.982E-02	0.138	35	14	332	366	30	370	373	411	0.872	0.914
LOKIASV2_2925_ESMFold_TIM_barrel_protein	ModelArchive_ma-low-csi-0689_A	ModelArchive_ma-low-csi-0689_A Predicted interaction between NDUFA9 and ZNF215 Predicted interaction between NDUFA9 and ZNF215	8.696E-02	0.138	35	27	332	366	54	323	377	345	0.836	0.716
LOKIASV2_2925_ESMFold_TIM_barrel_protein	LevyLab_Q8XDD9_V1_3_relaxed_B	LevyLab_Q8XDD9_V1_3_relaxed_B 	1.567E-01	0.138	35	25	316	366	1	361	381	405	0.798	0.948
LOKIASV2_2925_ESMFold_TIM_barrel_protein	LevyLab_Q8X9M0_V1_3_relaxed_B	LevyLab_Q8X9M0_V1_3_relaxed_B 	5.092E-02	0.138	35	24	231	366	7	181	447	223	0.568	0.391
LOKIASV2_2925_ESMFold_TIM_barrel_protein	ProtVar_P51659_P51659_A	ProtVar_P51659_P51659_A 	1.840E-01	0.138	35	22	194	366	4	199	736	217	0.473	0.266
LOKIASV2_2925_ESMFold_TIM_barrel_protein	ProtVar_P07900_P49327_B	ProtVar_P07900_P49327_B 	1.567E-01	0.138	35	21	334	366	1878	2193	2511	377	0.858	0.126
LOKIASV2_2925_ESMFold_TIM_barrel_protein	ProtVar_P60484_Q9H3S4_B	ProtVar_P60484_Q9H3S4_B 	1.485E-01	0.126	34	24	188	366	14	155	243	175	0.451	0.584
LOKIASV2_2925_ESMFold_TIM_barrel_protein	LevyLab_Q8U0I8_V1_4_relaxed_B	LevyLab_Q8U0I8_V1_4_relaxed_B 	1.567E-01	0.126	34	14	332	366	23	256	264	345	0.872	0.886
LOKIASV2_2925_ESMFold_TIM_barrel_protein	ProtVar_P23280_Q9NXK8-2_B	ProtVar_P23280_Q9NXK8-2_B 	2.279E-01	0.126	34	14	308	366	4	260	273	345	0.806	0.941
LOKIASV2_2925_ESMFold_TIM_barrel_protein	LevyLab_A0A152UYW9_V1_5_relaxed_B	LevyLab_A0A152UYW9_V1_5_relaxed_B 	2.675E-01	0.126	34	70	250	366	122	287	304	210	0.495	0.546
LOKIASV2_2925_ESMFold_TIM_barrel_protein	LevyLab_Q9NYR8_V1_4_relaxed_B	LevyLab_Q9NYR8_V1_4_relaxed_B 	1.567E-01	0.126	34	25	239	366	3	185	311	244	0.587	0.588
LOKIASV2_2925_ESMFold_TIM_barrel_protein	ProtVar_O00180_Q6IAN0_B	ProtVar_O00180_Q6IAN0_B 	3.897E-02	0.126	34	16	335	366	46	311	325	363	0.874	0.818
LOKIASV2_2925_ESMFold_TIM_barrel_protein	ProtVar_P46379_Q81N18_B	ProtVar_P46379_Q81N18_B 	1.199E-01	0.126	34	57	188	366	128	323	350	208	0.361	0.560
LOKIASV2_2925_ESMFold_TIM_barrel_protein	LevyLab_P0A9T2_V1_3_relaxed_B	LevyLab_P0A9T2_V1_3_relaxed_B 	1.746E-02	0.126	34	26	337	366	10	318	410	390	0.852	0.754
LOKIASV2_2925_ESMFold_TIM_barrel_protein	LevyLab_P0AEI5_V1_4_relaxed_B	LevyLab_P0AEI5_V1_4_relaxed_B 	3.319E-02	0.126	34	24	299	366	3	366	441	400	0.754	0.825
LOKIASV2_2925_ESMFold_TIM_barrel_protein	LevyLab_P0A7F1_V1_3_relaxed_B	LevyLab_P0A7F1_V1_3_relaxed_B 	9.174E-02	0.116	33	19	188	366	5	217	241	240	0.464	0.884
LOKIASV2_2925_ESMFold_TIM_barrel_protein	LevyLab_Q8X7U3_V1_3_relaxed_B	LevyLab_Q8X7U3_V1_3_relaxed_B 	2.823E-01	0.116	33	1	148	366	1	154	244	172	0.404	0.631
LOKIASV2_2925_ESMFold_TIM_barrel_protein	ProtVar_Q8IY57_Q8ZDA6_B	ProtVar_Q8IY57_Q8ZDA6_B 	1.653E-01	0.116	33	23	232	366	2	221	253	257	0.574	0.870
LOKIASV2_2925_ESMFold_TIM_barrel_protein	LevyLab_Q8U032_V1_4_relaxed_B	LevyLab_Q8U032_V1_4_relaxed_B 	8.243E-02	0.116	33	25	335	366	1	253	307	342	0.850	0.824
LOKIASV2_2925_ESMFold_TIM_barrel_protein	LevyLab_P39988_V1_5_relaxed_B	LevyLab_P39988_V1_5_relaxed_B 	9.174E-02	0.116	33	40	339	366	41	301	312	342	0.820	0.837
LOKIASV2_2925_ESMFold_TIM_barrel_protein	ProtVar_O00764_O95166_A	ProtVar_O00764_O95166_A 	3.688E-01	0.116	33	25	216	366	1	177	312	219	0.525	0.567
LOKIASV2_2925_ESMFold_TIM_barrel_protein	LevyLab_A0A0H3JKE9_V1_5_relaxed_B	LevyLab_A0A0H3JKE9_V1_5_relaxed_B 	1.655E-02	0.116	33	1	310	366	48	310	315	366	0.847	0.835
LOKIASV2_2925_ESMFold_TIM_barrel_protein	ProtVar_Q6ICC9_Q8ZIC6_B	ProtVar_Q6ICC9_Q8ZIC6_B 	3.314E-01	0.116	33	52	335	366	141	437	469	344	0.776	0.633
LOKIASV2_2925_ESMFold_TIM_barrel_protein	LevyLab_Q7A9L5_V1_2_relaxed_A	LevyLab_Q7A9L5_V1_2_relaxed_A 	2.823E-01	0.116	33	27	339	366	84	383	588	375	0.855	0.510
LOKIASV2_2925_ESMFold_TIM_barrel_protein	ProtVar_Q96G46_Q9BUE6_A	ProtVar_Q96G46_Q9BUE6_A 	2.536E-01	0.116	33	53	336	366	374	627	650	330	0.776	0.391
LOKIASV2_2925_ESMFold_TIM_barrel_protein	ModelArchive_ma-rap-bacsu-114_A	ModelArchive_ma-rap-bacsu-114_A Predicted interaction between rsbS and rsbRA Predicted interaction between rsbS and rsbRA	1.135E+00	0.106	32	118	228	366	22	114	121	112	0.303	0.769
LOKIASV2_2925_ESMFold_TIM_barrel_protein	LevyLab_P64555_V1_2_relaxed_B	LevyLab_P64555_V1_2_relaxed_B 	5.085E-01	0.106	32	48	231	366	64	210	223	204	0.503	0.659
LOKIASV2_2925_ESMFold_TIM_barrel_protein	LevyLab_Q8U2R6_V1_4_relaxed_B	LevyLab_Q8U2R6_V1_4_relaxed_B 	1.485E-01	0.106	32	26	188	366	1	120	316	181	0.445	0.380
LOKIASV2_2925_ESMFold_TIM_barrel_protein	ProtVar_A0PJE2_Q8TF66_A	ProtVar_A0PJE2_Q8TF66_A 	3.897E-02	0.106	32	3	335	366	13	316	317	400	0.910	0.959
LOKIASV2_2925_ESMFold_TIM_barrel_protein	ProtVar_P36959_Q6UB35_A	ProtVar_P36959_Q6UB35_A 	3.314E-01	0.106	32	48	341	366	77	322	345	326	0.803	0.713
LOKIASV2_2925_ESMFold_TIM_barrel_protein	LevyLab_Q04869_V1_3_relaxed_B	LevyLab_Q04869_V1_3_relaxed_B 	1.077E-01	0.106	32	26	222	366	1	123	349	198	0.538	0.352
LOKIASV2_2925_ESMFold_TIM_barrel_protein	ProtVar_Q7L985_Q8IW45-2_B	ProtVar_Q7L985_Q8IW45-2_B 	1.485E-01	0.106	32	16	301	366	56	285	390	314	0.781	0.590
LOKIASV2_2925_ESMFold_TIM_barrel_protein	LevyLab_A4D126_V1_5_relaxed_A	LevyLab_A4D126_V1_5_relaxed_A 	7.396E-01	0.106	32	14	180	366	273	437	451	188	0.456	0.366
LOKIASV2_2925_ESMFold_TIM_barrel_protein	ProtVar_Q16637_Q9NX74_B	ProtVar_Q16637_Q9NX74_B 	2.279E-01	0.106	32	24	356	366	7	349	493	422	0.910	0.696
LOKIASV2_2925_ESMFold_TIM_barrel_protein	ProtVar_A8MUH7_Q96SZ6-2_B	ProtVar_A8MUH7_Q96SZ6-2_B 	6.654E-02	0.106	32	16	336	366	2	406	497	483	0.877	0.815
LOKIASV2_2925_ESMFold_TIM_barrel_protein	ProtVar_O76071_Q5VV42_B	ProtVar_O76071_Q5VV42_B 	2.160E-01	0.106	32	22	335	366	60	420	579	425	0.858	0.623
LOKIASV2_2925_ESMFold_TIM_barrel_protein	ProtVar_P01034_Q8ZH37_B	ProtVar_P01034_Q8ZH37_B 	2.978E-01	0.098	31	24	189	366	3	155	188	186	0.454	0.814
LOKIASV2_2925_ESMFold_TIM_barrel_protein	LevyLab_Q8X5N4_V1_3_relaxed_B	LevyLab_Q8X5N4_V1_3_relaxed_B 	5.085E-01	0.098	31	26	191	366	1	151	207	196	0.454	0.729
LOKIASV2_2925_ESMFold_TIM_barrel_protein	ProtVar_O14654_Q9HBL8_B	ProtVar_O14654_Q9HBL8_B 	1.021E-01	0.098	31	25	334	366	1	281	299	374	0.847	0.940
LOKIASV2_2925_ESMFold_TIM_barrel_protein	LevyLab_Q8U3Q4_V1_5_relaxed_B	LevyLab_Q8U3Q4_V1_5_relaxed_B 	1.653E-01	0.098	31	28	330	366	2	315	316	374	0.828	0.994
LOKIASV2_2925_ESMFold_TIM_barrel_protein	LevyLab_Q8U0Q6_V1_4_relaxed_B	LevyLab_Q8U0Q6_V1_4_relaxed_B 	1.744E-01	0.098	31	12	337	366	12	312	335	400	0.891	0.899
LOKIASV2_2925_ESMFold_TIM_barrel_protein	LevyLab_Q8X942_V1_4_relaxed_B	LevyLab_Q8X942_V1_4_relaxed_B 	1.567E-01	0.098	31	28	303	366	2	329	338	368	0.754	0.970
LOKIASV2_2925_ESMFold_TIM_barrel_protein	LevyLab_Q8XBG3_V1_3_relaxed_B	LevyLab_Q8XBG3_V1_3_relaxed_B 	6.654E-02	0.098	31	14	352	366	4	335	338	410	0.926	0.982
LOKIASV2_2925_ESMFold_TIM_barrel_protein	LevyLab_Q8TZR7_V1_3_relaxed_B	LevyLab_Q8TZR7_V1_3_relaxed_B 	3.688E-01	0.098	31	25	188	366	3	122	348	178	0.448	0.345
LOKIASV2_2925_ESMFold_TIM_barrel_protein	ProtVar_O00764_Q9P2T1_B	ProtVar_O00764_Q9P2T1_B 	3.891E-01	0.098	31	30	188	366	102	242	348	184	0.434	0.405
LOKIASV2_2925_ESMFold_TIM_barrel_protein	ModelArchive_ma-bak-cepc-0918_A	ModelArchive_ma-bak-cepc-0918_A Predicted interaction between DUS4 and YP108 Predicted interaction between DUS4 and YP108	8.231E-01	0.098	31	15	361	366	27	316	367	396	0.948	0.790
LOKIASV2_2925_ESMFold_TIM_barrel_protein	LevyLab_P0AB78_V1_4_relaxed_B	LevyLab_P0AB78_V1_4_relaxed_B 	1.332E+00	0.098	31	16	146	366	112	238	398	148	0.358	0.319
LOKIASV2_2925_ESMFold_TIM_barrel_protein	LevyLab_Q8U193_V1_5_relaxed_B	LevyLab_Q8U193_V1_5_relaxed_B 	2.675E-01	0.098	31	25	328	366	3	240	451	333	0.831	0.528
LOKIASV2_2925_ESMFold_TIM_barrel_protein	LevyLab_Q8U1D7_V1_2_relaxed_B	LevyLab_Q8U1D7_V1_2_relaxed_B 	5.660E-01	0.090	30	25	234	366	1	248	255	279	0.574	0.973
LOKIASV2_2925_ESMFold_TIM_barrel_protein	LevyLab_Q8XA42_V1_1_relaxed_B	LevyLab_Q8XA42_V1_1_relaxed_B 	9.161E-01	0.090	30	12	106	366	117	216	282	109	0.260	0.355
LOKIASV2_2925_ESMFold_TIM_barrel_protein	LevyLab_Q8U3B6_V1_3_relaxed_B	LevyLab_Q8U3B6_V1_3_relaxed_B 	8.696E-02	0.090	30	24	300	366	1	195	329	291	0.757	0.593
LOKIASV2_2925_ESMFold_TIM_barrel_protein	ProtVar_O95455_Q9UIC8-2_A	ProtVar_O95455_Q9UIC8-2_A 	1.199E-01	0.090	30	21	342	366	8	342	350	391	0.880	0.957
LOKIASV2_2925_ESMFold_TIM_barrel_protein	ProtVar_O15160_Q9Y5P6_B	ProtVar_O15160_Q9Y5P6_B 	6.299E-01	0.090	30	28	148	366	2	108	360	137	0.331	0.297
LOKIASV2_2925_ESMFold_TIM_barrel_protein	LevyLab_E7FHU9_V1_5_relaxed_B	LevyLab_E7FHU9_V1_5_relaxed_B 	4.331E-01	0.090	30	26	332	366	1	274	364	364	0.839	0.753
LOKIASV2_2925_ESMFold_TIM_barrel_protein	ProtVar_Q6IAA8_Q9NQL2_B	ProtVar_Q6IAA8_Q9NQL2_B 	4.105E-01	0.090	30	46	183	366	124	239	400	153	0.377	0.290
LOKIASV2_2925_ESMFold_TIM_barrel_protein	ProtVar_P36959_Q6PKC0_B	ProtVar_P36959_Q6PKC0_B 	5.365E-01	0.090	30	30	188	366	102	242	409	185	0.434	0.345
LOKIASV2_2925_ESMFold_TIM_barrel_protein	ProtVar_Q8IYP9_Q92485_B	ProtVar_Q8IYP9_Q92485_B 	4.105E-01	0.090	30	53	245	366	71	280	455	243	0.527	0.462
LOKIASV2_2925_ESMFold_TIM_barrel_protein	ProtVar_Q24JP5_Q6P988_B	ProtVar_Q24JP5_Q6P988_B 	1.744E-01	0.090	30	53	335	366	208	495	496	351	0.773	0.581
LOKIASV2_2925_ESMFold_TIM_barrel_protein	LevyLab_Q06490_V1_4_relaxed_B	LevyLab_Q06490_V1_4_relaxed_B 	4.569E-01	0.090	30	8	232	366	27	297	572	297	0.615	0.474
LOKIASV2_2925_ESMFold_TIM_barrel_protein	ProtVar_P50221_Q9UHB4-2_B	ProtVar_P50221_Q9UHB4-2_B 	3.496E-01	0.090	30	23	179	366	445	577	606	170	0.429	0.219
LOKIASV2_2925_ESMFold_TIM_barrel_protein	ModelArchive_ma-bak-cepc-0384_B	ModelArchive_ma-bak-cepc-0384_B Predicted interaction between SRP102 and SRP101 Predicted interaction between SRP102 and SRP101	2.978E-01	0.090	30	14	301	366	380	620	621	324	0.787	0.388
LOKIASV2_2925_ESMFold_TIM_barrel_protein	LevyLab_P39925_V1_3_relaxed_A	LevyLab_P39925_V1_3_relaxed_A 	2.160E-01	0.090	30	53	335	366	303	536	761	302	0.773	0.307
LOKIASV2_2925_ESMFold_TIM_barrel_protein	ProtVar_P15173_Q96TA2_B	ProtVar_P15173_Q96TA2_B 	9.678E-02	0.090	30	53	364	366	347	754	773	445	0.852	0.528
LOKIASV2_2925_ESMFold_TIM_barrel_protein	ProtVar_P00749_Q13393_B	ProtVar_P00749_Q13393_B 	1.406E+00	0.090	30	14	98	366	363	447	1074	89	0.232	0.079
LOKIASV2_2925_ESMFold_TIM_barrel_protein	LevyLab_Q04066_V1_5_relaxed_B	LevyLab_Q04066_V1_5_relaxed_B 	4.569E-01	0.082	29	20	188	366	21	237	261	240	0.462	0.831
LOKIASV2_2925_ESMFold_TIM_barrel_protein	LevyLab_Q8X7G5_V1_3_relaxed_B	LevyLab_Q8X7G5_V1_3_relaxed_B 	3.314E-01	0.082	29	25	313	366	1	263	266	339	0.790	0.989
LOKIASV2_2925_ESMFold_TIM_barrel_protein	LevyLab_Q8X5Y4_V1_1_relaxed_B	LevyLab_Q8X5Y4_V1_1_relaxed_B 	2.279E-01	0.082	29	16	230	366	111	285	288	237	0.587	0.608
LOKIASV2_2925_ESMFold_TIM_barrel_protein	ProtVar_Q14554_Q5NH21_B	ProtVar_Q14554_Q5NH21_B 	1.263E+00	0.082	29	80	326	366	117	326	327	261	0.675	0.642
LOKIASV2_2925_ESMFold_TIM_barrel_protein	LevyLab_P40896_V1_2_relaxed_B	LevyLab_P40896_V1_2_relaxed_B 	6.299E-01	0.082	29	49	301	366	1	284	331	329	0.691	0.858
LOKIASV2_2925_ESMFold_TIM_barrel_protein	ModelArchive_ma-bak-cepc-0262_B	ModelArchive_ma-bak-cepc-0262_B Predicted interaction between ERG9 and ERG26 Predicted interaction between ERG9 and ERG26	9.678E-02	0.082	29	26	309	366	3	250	349	338	0.776	0.711
LOKIASV2_2925_ESMFold_TIM_barrel_protein	LevyLab_Q08911_V1_3_relaxed_B	LevyLab_Q08911_V1_3_relaxed_B 	5.372E-02	0.082	29	26	351	366	1	352	376	428	0.891	0.936
LOKIASV2_2925_ESMFold_TIM_barrel_protein	LevyLab_P35998_V1_2_relaxed_A	LevyLab_P35998_V1_2_relaxed_A 	1.567E-01	0.082	29	18	340	366	159	428	433	348	0.883	0.624
LOKIASV2_2925_ESMFold_TIM_barrel_protein	LevyLab_Q8U225_V1_5_relaxed_B	LevyLab_Q8U225_V1_5_relaxed_B 	4.111E-02	0.082	29	47	356	366	115	431	435	387	0.847	0.729
LOKIASV2_2925_ESMFold_TIM_barrel_protein	LevyLab_Q9V2Z7_V1_5_relaxed_B	LevyLab_Q9V2Z7_V1_5_relaxed_B 	1.020E+00	0.082	29	50	217	366	200	329	454	181	0.459	0.286
LOKIASV2_2925_ESMFold_TIM_barrel_protein	LevyLab_Q08224_V1_5_relaxed_A	LevyLab_Q08224_V1_5_relaxed_A 	5.971E-01	0.082	29	50	232	366	74	275	551	226	0.500	0.367
LOKIASV2_2925_ESMFold_TIM_barrel_protein	ProtVar_O43692_P54802_B	ProtVar_O43692_P54802_B 	7.802E-01	0.082	29	27	268	366	129	380	743	285	0.661	0.339
LOKIASV2_2925_ESMFold_TIM_barrel_protein	ModelArchive_ma-low-csi-0084_B	ModelArchive_ma-low-csi-0084_B Predicted interaction between MED24 and VCP Predicted interaction between MED24 and VCP	3.688E-01	0.082	29	53	256	366	220	420	806	231	0.557	0.249
LOKIASV2_2925_ESMFold_TIM_barrel_protein	LevyLab_P0AED2_V1_5_relaxed_B	LevyLab_P0AED2_V1_5_relaxed_B 	7.011E-01	0.076	28	27	195	366	4	143	144	192	0.462	0.972
LOKIASV2_2925_ESMFold_TIM_barrel_protein	ProtVar_A5A3E0_Q9Y5Y2_B	ProtVar_A5A3E0_Q9Y5Y2_B 	4.105E-01	0.076	28	28	332	366	15	266	271	338	0.833	0.930
LOKIASV2_2925_ESMFold_TIM_barrel_protein	ProtVar_P48741_P54652_A	ProtVar_P48741_P54652_A 	4.099E+00	0.076	28	53	101	366	119	174	367	56	0.134	0.153
LOKIASV2_2925_ESMFold_TIM_barrel_protein	ProtVar_A8MW99_Q9H2F3_B	ProtVar_A8MW99_Q9H2F3_B 	1.485E-01	0.076	28	24	333	366	6	363	369	419	0.847	0.970
LOKIASV2_2925_ESMFold_TIM_barrel_protein	ProtVar_O15379_O15514_A	ProtVar_O15379_O15514_A 	4.820E-01	0.076	28	26	330	366	1	316	428	373	0.833	0.738
LOKIASV2_2925_ESMFold_TIM_barrel_protein	ProtVar_Q8TBG4_Q9Y5X9_A	ProtVar_Q8TBG4_Q9Y5X9_A 	4.820E-01	0.076	28	77	336	366	113	334	499	280	0.710	0.445
LOKIASV2_2925_ESMFold_TIM_barrel_protein	LevyLab_P64295_V1_5_relaxed_B	LevyLab_P64295_V1_5_relaxed_B 	2.404E-01	0.076	28	14	223	366	215	398	525	229	0.574	0.350
LOKIASV2_2925_ESMFold_TIM_barrel_protein	LevyLab_A0A0H3JK63_V1_4_relaxed_B	LevyLab_A0A0H3JK63_V1_4_relaxed_B 	8.231E-01	0.076	28	58	173	366	375	493	528	140	0.317	0.225
LOKIASV2_2925_ESMFold_TIM_barrel_protein	ProtVar_A2A3N6_Q9H9T3-2_B	ProtVar_A2A3N6_Q9H9T3-2_B 	7.396E-01	0.076	28	53	303	366	130	383	533	300	0.686	0.477
LOKIASV2_2925_ESMFold_TIM_barrel_protein	LevyLab_P0A4P7_V1_3_relaxed_B	LevyLab_P0A4P7_V1_3_relaxed_B 	4.105E-01	0.069	27	25	188	366	1	142	144	190	0.448	0.986
LOKIASV2_2925_ESMFold_TIM_barrel_protein	LevyLab_P0A816_V1_3_relaxed_B	LevyLab_P0A816_V1_3_relaxed_B 	1.135E+00	0.069	27	118	233	366	36	148	173	125	0.317	0.653
LOKIASV2_2925_ESMFold_TIM_barrel_protein	LevyLab_Q8U0W0_V1_4_relaxed_B	LevyLab_Q8U0W0_V1_4_relaxed_B 	5.365E-01	0.069	27	2	124	366	41	158	193	137	0.336	0.611
LOKIASV2_2925_ESMFold_TIM_barrel_protein	ProtVar_P31946_P68402_B	ProtVar_P31946_P68402_B 	4.820E-01	0.069	27	33	238	366	7	174	229	217	0.563	0.734
LOKIASV2_2925_ESMFold_TIM_barrel_protein	LevyLab_P40459_V1_5_relaxed_B	LevyLab_P40459_V1_5_relaxed_B 	2.823E-01	0.069	27	1	229	366	4	244	309	275	0.626	0.780
LOKIASV2_2925_ESMFold_TIM_barrel_protein	ModelArchive_ma-tbvar3d-02_B	ModelArchive_ma-tbvar3d-02_B TBvar3D model for I6YDN6_MYCTU (I6YDN6) TBvar3D model for I6YDN6_MYCTU (I6YDN6)	1.135E+00	0.069	27	48	184	366	75	187	372	142	0.374	0.304
LOKIASV2_2925_ESMFold_TIM_barrel_protein	ModelArchive_ma-low-csi-0425_B	ModelArchive_ma-low-csi-0425_B Predicted interaction between PSMC4 and PSMC6 Predicted interaction between PSMC4 and PSMC6	1.485E-01	0.069	27	53	330	366	149	376	389	306	0.760	0.586
LOKIASV2_2925_ESMFold_TIM_barrel_protein	ProtVar_Q3SXP7_Q8N2K0-2_B	ProtVar_Q3SXP7_Q8N2K0-2_B 	8.231E-01	0.069	27	12	238	366	154	361	404	267	0.620	0.515
LOKIASV2_2925_ESMFold_TIM_barrel_protein	LevyLab_P0A6X2_V1_3_relaxed_B	LevyLab_P0A6X2_V1_3_relaxed_B 	1.744E-01	0.069	27	49	363	366	161	379	418	343	0.861	0.524
LOKIASV2_2925_ESMFold_TIM_barrel_protein	ProtVar_P05412_P17980_B	ProtVar_P05412_P17980_B 	4.820E-01	0.069	27	57	265	366	206	414	439	237	0.571	0.476
LOKIASV2_2925_ESMFold_TIM_barrel_protein	LevyLab_Q8TZY7_V1_3_relaxed_B	LevyLab_Q8TZY7_V1_3_relaxed_B 	1.334E-01	0.069	27	11	331	366	2	471	473	514	0.877	0.994
LOKIASV2_2925_ESMFold_TIM_barrel_protein	ProtVar_O60811_P67809_A	ProtVar_O60811_P67809_A 	4.105E-01	0.069	27	57	312	366	192	456	474	311	0.699	0.559
LOKIASV2_2925_ESMFold_TIM_barrel_protein	ProtVar_Q969S8_Q9UBN7_A	ProtVar_Q969S8_Q9UBN7_A 	1.941E-01	0.069	27	26	333	366	409	656	669	341	0.842	0.371
LOKIASV2_2925_ESMFold_TIM_barrel_protein	LevyLab_A0A0H3JHM3_V1_3_relaxed_B	LevyLab_A0A0H3JHM3_V1_3_relaxed_B 	1.263E+00	0.069	27	54	327	366	493	791	792	360	0.749	0.378
LOKIASV2_2925_ESMFold_TIM_barrel_protein	ProtVar_O60841_P20042_A	ProtVar_O60841_P20042_A 	1.565E+00	0.069	27	5	161	366	605	813	1220	223	0.429	0.171
LOKIASV2_2925_ESMFold_TIM_barrel_protein	LevyLab_P58664_V1_4_relaxed_B	LevyLab_P58664_V1_4_relaxed_B 	1.837E+00	0.063	26	26	148	366	1	106	210	139	0.336	0.505
LOKIASV2_2925_ESMFold_TIM_barrel_protein	ProtVar_O15498_Q8N8L6_B	ProtVar_O15498_Q8N8L6_B 	2.672E+00	0.063	26	120	238	366	132	219	244	121	0.325	0.361
LOKIASV2_2925_ESMFold_TIM_barrel_protein	LevyLab_Q8X505_V1_1_relaxed_B	LevyLab_Q8X505_V1_1_relaxed_B 	7.011E-01	0.063	26	58	239	366	18	175	248	205	0.497	0.637
LOKIASV2_2925_ESMFold_TIM_barrel_protein	LevyLab_Q8TZW7_V1_5_relaxed_B	LevyLab_Q8TZW7_V1_5_relaxed_B 	1.840E-01	0.063	26	7	236	366	6	250	284	291	0.628	0.863
LOKIASV2_2925_ESMFold_TIM_barrel_protein	LevyLab_Q8U0X3_V1_5_relaxed_B	LevyLab_Q8U0X3_V1_5_relaxed_B 	6.299E-01	0.063	26	23	331	366	6	308	311	374	0.844	0.974
LOKIASV2_2925_ESMFold_TIM_barrel_protein	ProtVar_O75629_Q9BRF8_B	ProtVar_O75629_Q9BRF8_B 	7.011E-01	0.063	26	24	239	366	28	246	314	263	0.590	0.697
LOKIASV2_2925_ESMFold_TIM_barrel_protein	LevyLab_P38689_V1_3_relaxed_B	LevyLab_P38689_V1_3_relaxed_B 	3.141E-01	0.063	26	26	333	366	1	307	320	392	0.842	0.959
LOKIASV2_2925_ESMFold_TIM_barrel_protein	ModelArchive_ma-t3vr3-078_A	ModelArchive_ma-t3vr3-078_A Predicted interaction between HDAC3 (1-389) and NCOR2 (271-498) Predicted interaction between HDAC3 (1-389) and NCOR2 (271-498)	5.660E-01	0.063	26	26	330	366	1	316	389	375	0.833	0.812
LOKIASV2_2925_ESMFold_TIM_barrel_protein	ModelArchive_ma-t3vr3-779_A	ModelArchive_ma-t3vr3-779_A Predicted interaction between HDAC1 (1-392) and SPEN (801-1000) Predicted interaction between HDAC1 (1-392) and SPEN (801-1000)	5.365E-01	0.063	26	25	330	366	7	321	392	384	0.836	0.804
LOKIASV2_2925_ESMFold_TIM_barrel_protein	ProtVar_P61769_Q81TL8_B	ProtVar_P61769_Q81TL8_B 	3.496E-01	0.063	26	3	329	366	89	396	397	385	0.893	0.776
LOKIASV2_2925_ESMFold_TIM_barrel_protein	LevyLab_P33298_V1_1_relaxed_B	LevyLab_P33298_V1_1_relaxed_B 	1.651E+00	0.063	26	53	188	366	188	316	428	145	0.372	0.301
LOKIASV2_2925_ESMFold_TIM_barrel_protein	ProtVar_P18848_P33297_B	ProtVar_P18848_P33297_B 	3.314E-01	0.063	26	57	334	366	201	428	434	305	0.760	0.525
LOKIASV2_2925_ESMFold_TIM_barrel_protein	LevyLab_Q8XAI7_V1_1_relaxed_B	LevyLab_Q8XAI7_V1_1_relaxed_B 	1.332E+00	0.063	26	63	360	366	146	453	470	350	0.814	0.655
LOKIASV2_2925_ESMFold_TIM_barrel_protein	LevyLab_Q8XDN9_V1_3_relaxed_B	LevyLab_Q8XDN9_V1_3_relaxed_B 	2.404E-01	0.063	26	14	339	366	231	496	510	377	0.891	0.522
LOKIASV2_2925_ESMFold_TIM_barrel_protein	ProtVar_A6NHZ5_Q15369_A	ProtVar_A6NHZ5_Q15369_A 	4.105E-01	0.063	26	46	342	366	124	466	514	400	0.811	0.667
LOKIASV2_2925_ESMFold_TIM_barrel_protein	ProtVar_Q96SZ6_Q9Y5N5_A	ProtVar_Q96SZ6_Q9Y5N5_A 	2.978E-01	0.063	26	8	336	366	82	514	601	481	0.899	0.720
LOKIASV2_2925_ESMFold_TIM_barrel_protein	ProtVar_P08240_P18621_A	ProtVar_P08240_P18621_A 	7.011E-01	0.063	26	14	300	366	391	636	638	328	0.784	0.386
LOKIASV2_2925_ESMFold_TIM_barrel_protein	ProtVar_O60518_Q96TA2-2_B	ProtVar_O60518_Q96TA2-2_B 	2.675E-01	0.063	26	53	364	366	290	697	716	442	0.852	0.570
LOKIASV2_2925_ESMFold_TIM_barrel_protein	ProtVar_Q9H6Y7_Q9Y4W6_B	ProtVar_Q9H6Y7_Q9Y4W6_B 	5.085E-01	0.063	26	53	335	366	320	552	797	308	0.773	0.292
LOKIASV2_2925_ESMFold_TIM_barrel_protein	ProtVar_P09622_Q15102_B	ProtVar_P09622_Q15102_B 	4.331E-01	0.057	25	14	236	366	28	173	231	232	0.609	0.632
LOKIASV2_2925_ESMFold_TIM_barrel_protein	LevyLab_Q8U3M5_V1_4_relaxed_B	LevyLab_Q8U3M5_V1_4_relaxed_B 	2.978E-01	0.057	25	25	239	366	1	209	273	251	0.587	0.766
LOKIASV2_2925_ESMFold_TIM_barrel_protein	LevyLab_Q8XBL0_V1_3_relaxed_B	LevyLab_Q8XBL0_V1_3_relaxed_B 	6.299E-01	0.057	25	20	350	366	10	271	283	375	0.904	0.926
LOKIASV2_2925_ESMFold_TIM_barrel_protein	LevyLab_Q8XCV5_V1_4_relaxed_B	LevyLab_Q8XCV5_V1_4_relaxed_B 	1.332E+00	0.057	25	97	270	366	2	222	297	237	0.475	0.744
LOKIASV2_2925_ESMFold_TIM_barrel_protein	LevyLab_Q8TDX5_V1_5_relaxed_B	LevyLab_Q8TDX5_V1_5_relaxed_B 	1.565E+00	0.057	25	57	337	366	56	321	336	328	0.768	0.792
LOKIASV2_2925_ESMFold_TIM_barrel_protein	LevyLab_P53980_V1_4_relaxed_B	LevyLab_P53980_V1_4_relaxed_B 	9.665E-01	0.057	25	131	332	366	298	441	444	208	0.552	0.324
LOKIASV2_2925_ESMFold_TIM_barrel_protein	ProtVar_Q2KHM9_Q5NES9_B	ProtVar_Q2KHM9_Q5NES9_B 	3.491E+00	0.057	25	14	281	366	152	379	471	292	0.732	0.484
LOKIASV2_2925_ESMFold_TIM_barrel_protein	ProtVar_O00481_Q5VV42-2_B	ProtVar_O00481_Q5VV42-2_B 	2.401E+00	0.057	25	50	238	366	162	323	488	210	0.516	0.332
LOKIASV2_2925_ESMFold_TIM_barrel_protein	ProtVar_P98066_Q8TBG4-2_B	ProtVar_P98066_Q8TBG4-2_B 	2.404E-01	0.057	25	16	352	366	82	438	493	421	0.921	0.724
LOKIASV2_2925_ESMFold_TIM_barrel_protein	ProtVar_Q9H9T3_Q9NR50_A	ProtVar_Q9H9T3_Q9NR50_A 	1.741E+00	0.057	25	53	303	366	144	397	547	313	0.686	0.464
LOKIASV2_2925_ESMFold_TIM_barrel_protein	LevyLab_Q8XAG0_V1_3_relaxed_B	LevyLab_Q8XAG0_V1_3_relaxed_B 	7.802E-01	0.057	25	57	325	366	203	403	568	274	0.735	0.354
LOKIASV2_2925_ESMFold_TIM_barrel_protein	ProtVar_O43747_P11142_B	ProtVar_O43747_P11142_B 	7.386E+00	0.057	25	53	101	366	117	172	646	56	0.134	0.087
LOKIASV2_2925_ESMFold_TIM_barrel_protein	LevyLab_P38150_V1_3_relaxed_B	LevyLab_P38150_V1_3_relaxed_B 	4.569E-01	0.057	25	54	350	366	398	715	797	381	0.811	0.399
LOKIASV2_2925_ESMFold_TIM_barrel_protein	LevyLab_P40341_V1_3_relaxed_A	LevyLab_P40341_V1_3_relaxed_A 	6.299E-01	0.057	25	53	335	366	363	591	825	313	0.773	0.278
LOKIASV2_2925_ESMFold_TIM_barrel_protein	ProtVar_P22413_P35573_B	ProtVar_P22413_P35573_B 	5.365E-01	0.057	25	54	334	366	510	715	1532	309	0.768	0.134
LOKIASV2_2925_ESMFold_TIM_barrel_protein	LevyLab_P0AE77_V1_3_relaxed_B	LevyLab_P0AE77_V1_3_relaxed_B 	1.483E+00	0.051	24	26	188	366	1	171	181	198	0.445	0.945
LOKIASV2_2925_ESMFold_TIM_barrel_protein	LevyLab_Q8XDN0_V1_3_relaxed_B	LevyLab_Q8XDN0_V1_3_relaxed_B 	3.491E+00	0.051	24	24	148	366	11	99	231	132	0.342	0.385
LOKIASV2_2925_ESMFold_TIM_barrel_protein	LevyLab_Q8U183_V1_4_relaxed_B	LevyLab_Q8U183_V1_4_relaxed_B 	1.076E+00	0.051	24	70	300	366	9	221	236	265	0.631	0.903
LOKIASV2_2925_ESMFold_TIM_barrel_protein	LevyLab_Q8XD78_V1_3_relaxed_B	LevyLab_Q8XD78_V1_3_relaxed_B 	1.076E+00	0.051	24	97	239	366	4	106	310	147	0.391	0.332
LOKIASV2_2925_ESMFold_TIM_barrel_protein	LevyLab_Q9HH01_V1_2_relaxed_B	LevyLab_Q9HH01_V1_2_relaxed_B 	1.741E+00	0.051	24	68	255	366	123	287	312	222	0.514	0.529
LOKIASV2_2925_ESMFold_TIM_barrel_protein	LevyLab_P38620_V1_2_relaxed_B	LevyLab_P38620_V1_2_relaxed_B 	2.675E-01	0.051	24	24	331	366	2	312	318	402	0.842	0.978
LOKIASV2_2925_ESMFold_TIM_barrel_protein	ProtVar_P14061_Q6PCB8_A	ProtVar_P14061_Q6PCB8_A 	8.684E-01	0.051	24	26	266	366	1	288	328	322	0.658	0.878
LOKIASV2_2925_ESMFold_TIM_barrel_protein	ProtVar_P00338_P07864_B	ProtVar_P00338_P07864_B 	1.483E+00	0.051	24	26	224	366	20	152	332	204	0.544	0.401
LOKIASV2_2925_ESMFold_TIM_barrel_protein	ProtVar_O75439_P53597_B	ProtVar_O75439_P53597_B 	3.314E-01	0.051	24	1	330	366	38	342	346	386	0.902	0.882
LOKIASV2_2925_ESMFold_TIM_barrel_protein	ProtVar_Q06330_Q0WGQ5_B	ProtVar_Q06330_Q0WGQ5_B 	3.496E-01	0.051	24	19	308	366	38	312	363	335	0.792	0.758
LOKIASV2_2925_ESMFold_TIM_barrel_protein	ProtVar_O15231_O75648-2_B	ProtVar_O15231_O75648-2_B 	1.263E+00	0.051	24	24	148	366	2	125	376	151	0.342	0.330
LOKIASV2_2925_ESMFold_TIM_barrel_protein	ProtVar_Q9UJT9_Q9UKC9_B	ProtVar_Q9UJT9_Q9UKC9_B 	8.231E-01	0.051	24	54	297	366	145	362	423	285	0.667	0.515
LOKIASV2_2925_ESMFold_TIM_barrel_protein	ProtVar_O75409_Q8NBX0_B	ProtVar_O75409_Q8NBX0_B 	8.684E-01	0.051	24	21	238	366	6	150	429	237	0.596	0.338
LOKIASV2_2925_ESMFold_TIM_barrel_protein	LevyLab_P0AAZ6_V1_3_relaxed_B	LevyLab_P0AAZ6_V1_3_relaxed_B 	1.567E-01	0.051	24	1	351	366	13	365	447	447	0.959	0.790
LOKIASV2_2925_ESMFold_TIM_barrel_protein	ProtVar_P13501_Q8D0E1_B	ProtVar_P13501_Q8D0E1_B 	3.141E-01	0.051	24	23	335	366	67	470	474	460	0.855	0.852
LOKIASV2_2925_ESMFold_TIM_barrel_protein	LevyLab_Q9BW62_V1_3_relaxed_A	LevyLab_Q9BW62_V1_3_relaxed_A 	5.971E-01	0.051	24	8	266	366	182	457	490	311	0.708	0.563
LOKIASV2_2925_ESMFold_TIM_barrel_protein	ProtVar_P03372_Q8N8U2_B	ProtVar_P03372_Q8N8U2_B 	3.496E-01	0.051	24	74	353	366	274	504	506	303	0.765	0.457
LOKIASV2_2925_ESMFold_TIM_barrel_protein	LevyLab_Q08975_V1_2_relaxed_A	LevyLab_Q08975_V1_2_relaxed_A 	1.263E+00	0.051	24	50	232	366	74	275	551	230	0.500	0.367
LOKIASV2_2925_ESMFold_TIM_barrel_protein	ProtVar_O15381_Q9GZL7_A	ProtVar_O15381_Q9GZL7_A 	2.823E-01	0.051	24	12	337	366	564	856	856	369	0.891	0.342
LOKIASV2_2925_ESMFold_TIM_barrel_protein	ProtVar_Q13608_Q9Y5Y3_A	ProtVar_Q13608_Q9Y5Y3_A 	1.332E+00	0.051	24	14	188	366	685	844	980	191	0.478	0.163
LOKIASV2_2925_ESMFold_TIM_barrel_protein	ModelArchive_ma-rap-bacsu-063_B	ModelArchive_ma-rap-bacsu-063_B Predicted interaction between gltB and gltA Predicted interaction between gltB and gltA	2.533E+00	0.051	24	16	336	366	857	1162	1520	405	0.877	0.201
LOKIASV2_2925_ESMFold_TIM_barrel_protein	LevyLab_Q8U3N0_V1_2_relaxed_B	LevyLab_Q8U3N0_V1_2_relaxed_B 	1.651E+00	0.045	23	26	229	366	1	142	170	207	0.557	0.835
LOKIASV2_2925_ESMFold_TIM_barrel_protein	LevyLab_P0A3L9_V1_4_relaxed_B	LevyLab_P0A3L9_V1_4_relaxed_B 	3.491E+00	0.045	23	5	101	366	15	114	205	116	0.265	0.488
LOKIASV2_2925_ESMFold_TIM_barrel_protein	LevyLab_A0A0H3JD10_V1_5_relaxed_B	LevyLab_A0A0H3JD10_V1_5_relaxed_B 	1.197E+00	0.045	23	99	359	366	14	206	208	267	0.713	0.928
LOKIASV2_2925_ESMFold_TIM_barrel_protein	LevyLab_Q8U122_V1_2_relaxed_B	LevyLab_Q8U122_V1_2_relaxed_B 	5.660E-01	0.045	23	25	238	366	1	199	225	263	0.585	0.884
LOKIASV2_2925_ESMFold_TIM_barrel_protein	ProtVar_O60256_P11908-2_B	ProtVar_O60256_P11908-2_B 	5.365E-01	0.045	23	25	339	366	1	320	321	416	0.861	0.997
LOKIASV2_2925_ESMFold_TIM_barrel_protein	LevyLab_Q8X5Q9_V1_3_relaxed_B	LevyLab_Q8X5Q9_V1_3_relaxed_B 	1.406E+00	0.045	23	66	266	366	132	323	333	242	0.549	0.577
LOKIASV2_2925_ESMFold_TIM_barrel_protein	ModelArchive_ma-bak-cepc-0725_A	ModelArchive_ma-bak-cepc-0725_A Predicted interaction between GTR2 and MEH1 Predicted interaction between GTR2 and MEH1	2.157E+00	0.045	23	47	183	366	63	184	341	156	0.374	0.358
LOKIASV2_2925_ESMFold_TIM_barrel_protein	LevyLab_Q8X7B6_V1_5_relaxed_B	LevyLab_Q8X7B6_V1_5_relaxed_B 	8.684E-01	0.045	23	131	295	366	91	206	397	166	0.451	0.292
LOKIASV2_2925_ESMFold_TIM_barrel_protein	LevyLab_P0AG77_V1_3_relaxed_B	LevyLab_P0AG77_V1_3_relaxed_B 	1.263E+00	0.045	23	31	196	366	6	191	400	212	0.454	0.465
LOKIASV2_2925_ESMFold_TIM_barrel_protein	ProtVar_O00231_P43686_B	ProtVar_O00231_P43686_B 	7.396E-01	0.045	23	53	334	366	181	412	418	310	0.770	0.555
LOKIASV2_2925_ESMFold_TIM_barrel_protein	LevyLab_P0AFU5_V1_1_relaxed_B	LevyLab_P0AFU5_V1_1_relaxed_B 	5.365E-01	0.045	23	26	338	366	4	363	444	429	0.855	0.811
LOKIASV2_2925_ESMFold_TIM_barrel_protein	LevyLab_P47039_V1_3_relaxed_B	LevyLab_P47039_V1_3_relaxed_B 	3.496E-01	0.045	23	2	347	366	32	337	444	415	0.945	0.689
LOKIASV2_2925_ESMFold_TIM_barrel_protein	ProtVar_O14733_Q9H3G5_B	ProtVar_O14733_Q9H3G5_B 	8.684E-01	0.045	23	52	269	366	171	476	476	330	0.596	0.643
LOKIASV2_2925_ESMFold_TIM_barrel_protein	ProtVar_Q8ND71_Q9NUV9_A	ProtVar_Q8ND71_Q9NUV9_A 	3.891E-01	0.045	23	51	348	366	335	660	665	378	0.814	0.490
LOKIASV2_2925_ESMFold_TIM_barrel_protein	ProtVar_Q9NR19_Q9NTG7_A	ProtVar_Q9NR19_Q9NTG7_A 	9.161E-01	0.045	23	2	189	366	101	250	701	197	0.514	0.214
LOKIASV2_2925_ESMFold_TIM_barrel_protein	LevyLab_P32321_V1_3_relaxed_A	LevyLab_P32321_V1_3_relaxed_A 	9.651E+00	0.040	22	54	98	366	111	154	178	48	0.123	0.247
LOKIASV2_2925_ESMFold_TIM_barrel_protein	LevyLab_Q6T311_V1_5_relaxed_B	LevyLab_Q6T311_V1_5_relaxed_B 	5.652E+00	0.040	22	125	238	366	77	158	187	117	0.311	0.439
LOKIASV2_2925_ESMFold_TIM_barrel_protein	LevyLab_Q8U458_V1_5_relaxed_B	LevyLab_Q8U458_V1_5_relaxed_B 	5.971E-01	0.040	22	69	331	366	43	278	279	311	0.719	0.846
LOKIASV2_2925_ESMFold_TIM_barrel_protein	LevyLab_Q08634_V1_1_relaxed_B	LevyLab_Q08634_V1_1_relaxed_B 	1.197E+00	0.040	22	97	334	366	3	233	303	268	0.650	0.762
LOKIASV2_2925_ESMFold_TIM_barrel_protein	LevyLab_Q8TZN1_V1_1_relaxed_B	LevyLab_Q8TZN1_V1_1_relaxed_B 	1.837E+00	0.040	22	14	332	366	35	314	321	367	0.872	0.872
LOKIASV2_2925_ESMFold_TIM_barrel_protein	LevyLab_Q8X6V5_V1_4_relaxed_B	LevyLab_Q8X6V5_V1_4_relaxed_B 	1.197E+00	0.040	22	25	188	366	1	121	345	174	0.448	0.351
LOKIASV2_2925_ESMFold_TIM_barrel_protein	ProtVar_A6NJ78_Q6IN84_B	ProtVar_A6NJ78_Q6IN84_B 	5.357E+00	0.040	22	21	110	366	139	208	353	92	0.246	0.198
LOKIASV2_2925_ESMFold_TIM_barrel_protein	ProtVar_P13473_Q5VZM2_B	ProtVar_P13473_Q5VZM2_B 	3.491E+00	0.040	22	53	183	366	131	243	374	140	0.358	0.302
LOKIASV2_2925_ESMFold_TIM_barrel_protein	ProtVar_O60896_Q8N2K0_B	ProtVar_O60896_Q8N2K0_B 	1.741E+00	0.040	22	12	238	366	154	361	398	279	0.620	0.523
LOKIASV2_2925_ESMFold_TIM_barrel_protein	LevyLab_P32895_V1_1_relaxed_B	LevyLab_P32895_V1_1_relaxed_B 	1.135E+00	0.040	22	25	194	366	1	172	427	210	0.464	0.403
LOKIASV2_2925_ESMFold_TIM_barrel_protein	ProtVar_Q96BU1_Q96HM7_B	ProtVar_Q96BU1_Q96HM7_B 	2.819E+00	0.040	22	128	234	366	102	211	432	118	0.292	0.255
LOKIASV2_2925_ESMFold_TIM_barrel_protein	LevyLab_Q8U1W9_V1_3_relaxed_B	LevyLab_Q8U1W9_V1_3_relaxed_B 	5.085E-01	0.040	22	51	327	366	72	439	442	411	0.757	0.833
LOKIASV2_2925_ESMFold_TIM_barrel_protein	LevyLab_Q8X5Y1_V1_3_relaxed_B	LevyLab_Q8X5Y1_V1_3_relaxed_B 	1.135E+00	0.040	22	26	215	366	1	210	449	240	0.519	0.468
LOKIASV2_2925_ESMFold_TIM_barrel_protein	ProtVar_Q8IUZ5_Q8IUZ5_B	ProtVar_Q8IUZ5_Q8IUZ5_B 	2.279E-01	0.040	22	16	348	366	123	445	450	408	0.910	0.718
LOKIASV2_2925_ESMFold_TIM_barrel_protein	ModelArchive_ma-bak-cepc-0493_B	ModelArchive_ma-bak-cepc-0493_B Predicted interaction between SPC97 and TUB4 Predicted interaction between SPC97 and TUB4	2.533E+00	0.040	22	71	218	366	68	198	473	162	0.404	0.277
LOKIASV2_2925_ESMFold_TIM_barrel_protein	LevyLab_P34896_V1_3_relaxed_A	LevyLab_P34896_V1_3_relaxed_A 	3.309E+00	0.040	22	3	102	366	120	228	483	117	0.273	0.226
LOKIASV2_2925_ESMFold_TIM_barrel_protein	ProtVar_O60684_P40151_B	ProtVar_O60684_P40151_B 	1.136E-01	0.040	22	9	303	366	154	429	587	351	0.806	0.470
LOKIASV2_2925_ESMFold_TIM_barrel_protein	ProtVar_P17931_Q9UKA2_B	ProtVar_P17931_Q9UKA2_B 	1.837E+00	0.040	22	54	299	366	390	586	621	262	0.672	0.317
LOKIASV2_2925_ESMFold_TIM_barrel_protein	ProtVar_Q9NPI1_Q9NVM4_B	ProtVar_Q9NPI1_Q9NVM4_B 	7.802E-01	0.040	22	16	187	366	391	511	692	176	0.470	0.175
LOKIASV2_2925_ESMFold_TIM_barrel_protein	ProtVar_B2RXF5_Q9UF56_B	ProtVar_B2RXF5_Q9UF56_B 	5.660E-01	0.040	22	54	345	366	401	691	701	360	0.798	0.415
LOKIASV2_2925_ESMFold_TIM_barrel_protein	LevyLab_Q9NVE7_V1_5_relaxed_B	LevyLab_Q9NVE7_V1_5_relaxed_B 	3.886E+00	0.040	22	174	268	366	637	723	773	104	0.260	0.113
LOKIASV2_2925_ESMFold_TIM_barrel_protein	ModelArchive_ma-low-csi-0909_A	ModelArchive_ma-low-csi-0909_A Predicted interaction between SPG7 and EIF4A3 Predicted interaction between SPG7 and EIF4A3	9.665E-01	0.040	22	53	297	366	317	553	795	288	0.669	0.298
LOKIASV2_2925_ESMFold_TIM_barrel_protein	Predictome_0fzdrg4_XRCC4_HUMAN__MSH2_HUMAN__1270aa_unrelaxed_af2mv3_model_2_B	Predictome_0fzdrg4_XRCC4_HUMAN__MSH2_HUMAN__1270aa_unrelaxed_af2mv3_model_2_B 	1.263E+00	0.040	22	119	363	366	670	890	934	279	0.669	0.237
LOKIASV2_2925_ESMFold_TIM_barrel_protein	ProtVar_O60907_Q8WUI4_B	ProtVar_O60907_Q8WUI4_B 	2.044E+00	0.040	22	53	332	366	641	859	952	302	0.765	0.230
LOKIASV2_2925_ESMFold_TIM_barrel_protein	ProtVar_Q13144_Q13393-2_B	ProtVar_Q13144_Q13393-2_B 	5.357E+00	0.040	22	14	98	366	363	447	1036	89	0.232	0.082
LOKIASV2_2925_ESMFold_TIM_barrel_protein	LevyLab_P0AFZ6_V1_5_relaxed_B	LevyLab_P0AFZ6_V1_5_relaxed_B 	5.652E+00	0.034	21	16	106	366	50	151	169	105	0.249	0.604
LOKIASV2_2925_ESMFold_TIM_barrel_protein	LevyLab_P0AEL9_V1_1_relaxed_B	LevyLab_P0AEL9_V1_1_relaxed_B 	1.837E+00	0.034	21	25	230	366	1	188	210	242	0.563	0.895
LOKIASV2_2925_ESMFold_TIM_barrel_protein	ModelArchive_ma-bak-cepc-0311_A	ModelArchive_ma-bak-cepc-0311_A Predicted interaction between GSP2 and KAP95 Predicted interaction between GSP2 and KAP95	2.401E+00	0.034	21	128	238	366	80	153	220	113	0.303	0.336
LOKIASV2_2925_ESMFold_TIM_barrel_protein	LevyLab_P63179_V1_3_relaxed_B	LevyLab_P63179_V1_3_relaxed_B 	9.665E-01	0.034	21	13	219	366	82	243	243	223	0.566	0.667
LOKIASV2_2925_ESMFold_TIM_barrel_protein	LevyLab_Q8U0F4_V1_4_relaxed_B	LevyLab_Q8U0F4_V1_4_relaxed_B 	5.365E-01	0.034	21	26	234	366	1	227	256	260	0.571	0.887
LOKIASV2_2925_ESMFold_TIM_barrel_protein	ProtVar_O43772_Q86X76-2_B	ProtVar_O43772_Q86X76-2_B 	1.406E+00	0.034	21	53	199	366	28	232	291	222	0.402	0.704
LOKIASV2_2925_ESMFold_TIM_barrel_protein	LevyLab_P38063_V1_3_relaxed_B	LevyLab_P38063_V1_3_relaxed_B 	7.011E-01	0.034	21	26	333	366	12	313	326	398	0.842	0.926
LOKIASV2_2925_ESMFold_TIM_barrel_protein	LevyLab_Q8TZR5_V1_4_relaxed_B	LevyLab_Q8TZR5_V1_4_relaxed_B 	1.076E+00	0.034	21	26	304	366	1	199	335	298	0.762	0.594
LOKIASV2_2925_ESMFold_TIM_barrel_protein	LevyLab_P0ACP8_V1_5_relaxed_B	LevyLab_P0ACP8_V1_5_relaxed_B 	7.802E-01	0.034	21	30	310	366	61	321	341	330	0.768	0.765
LOKIASV2_2925_ESMFold_TIM_barrel_protein	ProtVar_Q8NBU5_Q9NX40_A	ProtVar_Q8NBU5_Q9NX40_A 	1.263E+00	0.034	21	121	333	366	139	348	361	252	0.582	0.582
LOKIASV2_2925_ESMFold_TIM_barrel_protein	LevyLab_P47011_V1_3_relaxed_B	LevyLab_P47011_V1_3_relaxed_B 	4.569E-01	0.034	21	25	297	366	1	280	380	331	0.746	0.737
LOKIASV2_2925_ESMFold_TIM_barrel_protein	ProtVar_P17980_P43686-2_B	ProtVar_P17980_P43686-2_B 	1.135E+00	0.034	21	14	334	366	118	381	387	343	0.877	0.682
LOKIASV2_2925_ESMFold_TIM_barrel_protein	ProtVar_Q9NR46_Q9Y5P6-2_B	ProtVar_Q9NR46_Q9Y5P6-2_B 	4.099E+00	0.034	21	28	148	366	2	108	387	130	0.331	0.276
LOKIASV2_2925_ESMFold_TIM_barrel_protein	LevyLab_Q8U2R1_V1_1_relaxed_B	LevyLab_Q8U2R1_V1_1_relaxed_B 	2.533E+00	0.034	21	16	148	366	263	352	390	139	0.363	0.231
LOKIASV2_2925_ESMFold_TIM_barrel_protein	ModelArchive_ma-low-csi-0835_B	ModelArchive_ma-low-csi-0835_B Predicted interaction between PBX4 and PSMC5 Predicted interaction between PBX4 and PSMC5	1.076E+00	0.034	21	53	336	366	165	398	406	310	0.776	0.576
LOKIASV2_2925_ESMFold_TIM_barrel_protein	ProtVar_A6ND91_P17174_B	ProtVar_A6ND91_P17174_B 	3.683E+00	0.034	21	3	131	366	112	246	413	156	0.352	0.327
LOKIASV2_2925_ESMFold_TIM_barrel_protein	LevyLab_Q9NX45_V1_2_relaxed_B	LevyLab_Q9NX45_V1_2_relaxed_B 	2.157E+00	0.034	21	22	129	366	12	134	425	130	0.295	0.289
LOKIASV2_2925_ESMFold_TIM_barrel_protein	ProtVar_A6NCF5_Q9H4B7_B	ProtVar_A6NCF5_Q9H4B7_B 	1.651E+00	0.034	21	25	218	366	1	196	451	234	0.530	0.435
LOKIASV2_2925_ESMFold_TIM_barrel_protein	LevyLab_P32604_V1_5_relaxed_B	LevyLab_P32604_V1_5_relaxed_B 	8.684E-01	0.034	21	3	331	366	27	384	452	413	0.899	0.792
LOKIASV2_2925_ESMFold_TIM_barrel_protein	LevyLab_Q8U3Z8_V1_2_relaxed_B	LevyLab_Q8U3Z8_V1_2_relaxed_B 	3.491E+00	0.034	21	82	238	366	115	226	483	160	0.429	0.232
LOKIASV2_2925_ESMFold_TIM_barrel_protein	ProtVar_O14593_P34897_B	ProtVar_O14593_P34897_B 	1.406E+00	0.034	21	3	363	366	143	484	504	448	0.986	0.679
LOKIASV2_2925_ESMFold_TIM_barrel_protein	LevyLab_P08536_V1_5_relaxed_B	LevyLab_P08536_V1_5_relaxed_B 	2.675E-01	0.034	21	39	335	366	166	506	511	399	0.811	0.667
LOKIASV2_2925_ESMFold_TIM_barrel_protein	ProtVar_O00506_Q9Y450-4_B	ProtVar_O00506_Q9Y450-4_B 	7.802E-01	0.034	21	8	238	366	198	401	642	265	0.631	0.318
LOKIASV2_2925_ESMFold_TIM_barrel_protein	ProtVar_P13798_P13798_A	ProtVar_P13798_P13798_A 	3.683E+00	0.034	21	85	258	366	565	719	732	199	0.475	0.212
LOKIASV2_2925_ESMFold_TIM_barrel_protein	ProtVar_Q9UJ14_Q9Y3Q0_B	ProtVar_Q9UJ14_Q9Y3Q0_B 	2.275E+00	0.034	21	69	167	366	163	236	740	104	0.270	0.100
LOKIASV2_2925_ESMFold_TIM_barrel_protein	ProtVar_P43361_Q8IWA4_B	ProtVar_P43361_Q8IWA4_B 	1.938E+00	0.034	21	48	228	366	179	343	741	210	0.495	0.223
LOKIASV2_2925_ESMFold_TIM_barrel_protein	ProtVar_O60658_O95263_A	ProtVar_O60658_O95263_A 	4.325E+00	0.034	21	24	127	366	77	178	829	118	0.284	0.123
LOKIASV2_2925_ESMFold_TIM_barrel_protein	ProtVar_Q8N3C0_Q96Q83_A	ProtVar_Q8N3C0_Q96Q83_A 	5.660E-01	0.034	21	28	346	366	1402	1800	2202	457	0.872	0.181
LOKIASV2_2925_ESMFold_TIM_barrel_protein	LevyLab_Q8TZH1_V1_4_relaxed_B	LevyLab_Q8TZH1_V1_4_relaxed_B 	4.099E+00	0.029	20	55	181	366	117	212	215	128	0.347	0.447
LOKIASV2_2925_ESMFold_TIM_barrel_protein	LevyLab_Q8TZX6_V1_3_relaxed_B	LevyLab_Q8TZX6_V1_3_relaxed_B 	2.819E+00	0.029	20	3	225	366	15	226	253	254	0.609	0.838
LOKIASV2_2925_ESMFold_TIM_barrel_protein	ProtVar_O94830_P53004_B	ProtVar_O94830_P53004_B 	1.020E+00	0.029	20	22	256	366	2	138	296	235	0.642	0.463
LOKIASV2_2925_ESMFold_TIM_barrel_protein	ProtVar_P06733_Q5NI74_B	ProtVar_P06733_Q5NI74_B 	6.645E-01	0.029	20	69	329	366	38	304	305	336	0.713	0.875
LOKIASV2_2925_ESMFold_TIM_barrel_protein	LevyLab_P0A797_V1_4_relaxed_B	LevyLab_P0A797_V1_4_relaxed_B 	7.396E-01	0.029	20	25	302	366	1	271	320	343	0.760	0.847
LOKIASV2_2925_ESMFold_TIM_barrel_protein	ProtVar_P30419_Q9NUJ7_B	ProtVar_P30419_Q9NUJ7_B 	2.672E+00	0.029	20	3	330	366	20	322	323	390	0.896	0.938
LOKIASV2_2925_ESMFold_TIM_barrel_protein	ProtVar_O14737_P13686_B	ProtVar_O14737_P13686_B 	2.275E+00	0.029	20	22	192	366	22	242	325	240	0.467	0.680
LOKIASV2_2925_ESMFold_TIM_barrel_protein	ProtVar_P11142_Q9UQ10_B	ProtVar_P11142_Q9UQ10_B 	9.665E-01	0.029	20	25	261	366	1	191	334	276	0.648	0.572
LOKIASV2_2925_ESMFold_TIM_barrel_protein	LevyLab_A0A0H3JCB2_V1_4_relaxed_B	LevyLab_A0A0H3JCB2_V1_4_relaxed_B 	8.684E-01	0.029	20	26	333	366	62	358	363	365	0.842	0.818
LOKIASV2_2925_ESMFold_TIM_barrel_protein	ModelArchive_ma-low-csi-0892_A	ModelArchive_ma-low-csi-0892_A Predicted interaction between MACROH2A2 and CCT5 Predicted interaction between MACROH2A2 and CCT5	5.962E+00	0.029	20	69	188	366	213	350	372	152	0.328	0.371
LOKIASV2_2925_ESMFold_TIM_barrel_protein	LevyLab_Q8XDF3_V1_1_relaxed_B	LevyLab_Q8XDF3_V1_1_relaxed_B 	8.684E-01	0.029	20	2	338	366	38	318	396	377	0.921	0.710
LOKIASV2_2925_ESMFold_TIM_barrel_protein	LevyLab_Q8X5V1_V1_3_relaxed_B	LevyLab_Q8X5V1_V1_3_relaxed_B 	9.665E-01	0.029	20	53	334	366	104	318	397	301	0.770	0.542
LOKIASV2_2925_ESMFold_TIM_barrel_protein	LevyLab_Q8XBR7_V1_3_relaxed_B	LevyLab_Q8XBR7_V1_3_relaxed_B 	3.496E-01	0.029	20	24	334	366	3	215	416	335	0.850	0.512
LOKIASV2_2925_ESMFold_TIM_barrel_protein	LevyLab_P04387_V1_4_relaxed_B	LevyLab_P04387_V1_4_relaxed_B 	6.645E-01	0.029	20	8	257	366	2	164	435	262	0.683	0.375
LOKIASV2_2925_ESMFold_TIM_barrel_protein	ProtVar_P13804_Q9HAC7_B	ProtVar_P13804_Q9HAC7_B 	9.665E-01	0.029	20	19	351	366	41	262	445	355	0.910	0.499
LOKIASV2_2925_ESMFold_TIM_barrel_protein	ProtVar_Q92526_Q9UJT1_B	ProtVar_Q92526_Q9UJT1_B 	3.137E+00	0.029	20	26	218	366	1	198	453	219	0.527	0.437
LOKIASV2_2925_ESMFold_TIM_barrel_protein	LevyLab_P37291_V1_4_relaxed_B	LevyLab_P37291_V1_4_relaxed_B 	1.483E+00	0.029	20	3	336	366	111	459	469	425	0.913	0.744
LOKIASV2_2925_ESMFold_TIM_barrel_protein	ProtVar_O00170_Q5VTA0_B	ProtVar_O00170_Q5VTA0_B 	3.491E+00	0.029	20	13	194	366	281	458	474	210	0.497	0.376
LOKIASV2_2925_ESMFold_TIM_barrel_protein	ProtVar_O15218_Q9UJT0_B	ProtVar_O15218_Q9UJT0_B 	2.401E+00	0.029	20	71	300	366	73	274	475	247	0.628	0.425
LOKIASV2_2925_ESMFold_TIM_barrel_protein	LevyLab_Q8U490_V1_5_relaxed_B	LevyLab_Q8U490_V1_5_relaxed_B 	1.837E+00	0.029	20	15	362	366	208	479	480	394	0.951	0.567
LOKIASV2_2925_ESMFold_TIM_barrel_protein	LevyLab_P37292_V1_4_relaxed_B	LevyLab_P37292_V1_4_relaxed_B 	1.076E+00	0.029	20	3	336	366	127	478	490	416	0.913	0.718
LOKIASV2_2925_ESMFold_TIM_barrel_protein	ModelArchive_ma-a5oed_D	ModelArchive_ma-a5oed_D Model of the complex between Y. lipolytica Mre11 (1-491), Rad50 (1-289+1006-1292) and Sae2/CtIP (255-407) Model of the complex between Y. lipolytica Mre11 (1-491), Rad50 (1-289+1006-1292) and Sae2/CtIP (255-407)	3.491E+00	0.029	20	96	234	366	9	145	491	173	0.380	0.279
LOKIASV2_2925_ESMFold_TIM_barrel_protein	ProtVar_P17987_P50991-2_B	ProtVar_P17987_P50991-2_B 	8.672E+00	0.029	20	27	98	366	214	294	509	83	0.197	0.159
LOKIASV2_2925_ESMFold_TIM_barrel_protein	LevyLab_P36143_V1_5_relaxed_B	LevyLab_P36143_V1_5_relaxed_B 	5.085E-01	0.029	20	25	335	366	1	289	616	352	0.850	0.469
LOKIASV2_2925_ESMFold_TIM_barrel_protein	LevyLab_A6NNW6_V1_3_relaxed_B	LevyLab_A6NNW6_V1_3_relaxed_B 	2.275E+00	0.029	20	49	286	366	416	624	625	280	0.650	0.334
LOKIASV2_2925_ESMFold_TIM_barrel_protein	Predictome_p0eu3yp_CUL4A_HUMAN__PIF1_HUMAN__1400aa_unrelaxed_af2mv3_model_4_B	Predictome_p0eu3yp_CUL4A_HUMAN__PIF1_HUMAN__1400aa_unrelaxed_af2mv3_model_4_B 	7.011E-01	0.029	20	11	240	366	206	425	641	281	0.628	0.343
LOKIASV2_2925_ESMFold_TIM_barrel_protein	ProtVar_P61221_Q9Y450_B	ProtVar_P61221_Q9Y450_B 	5.085E-01	0.029	20	10	238	366	241	443	684	265	0.626	0.297
LOKIASV2_2925_ESMFold_TIM_barrel_protein	LevyLab_Q8N608_V1_1_relaxed_A	LevyLab_Q8N608_V1_1_relaxed_A 	2.672E+00	0.029	20	26	261	366	559	778	796	277	0.645	0.276
LOKIASV2_2925_ESMFold_TIM_barrel_protein	ProtVar_P19827_Q5VVX9-2_A	ProtVar_P19827_Q5VVX9-2_A 	2.672E+00	0.029	20	21	226	366	284	468	911	235	0.563	0.203
LOKIASV2_2925_ESMFold_TIM_barrel_protein	ProtVar_Q7Z2Z2_Q9Y3A5_A	ProtVar_Q7Z2Z2_Q9Y3A5_A 	3.491E+00	0.029	20	128	229	366	97	183	1120	103	0.279	0.078
LOKIASV2_2925_ESMFold_TIM_barrel_protein	LevyLab_P67090_V1_3_relaxed_B	LevyLab_P67090_V1_3_relaxed_B 	2.672E+00	0.024	19	26	188	366	1	136	142	186	0.445	0.958
LOKIASV2_2925_ESMFold_TIM_barrel_protein	LevyLab_P0A732_V1_5_relaxed_B	LevyLab_P0A732_V1_5_relaxed_B 	2.819E+00	0.024	19	23	188	366	8	118	152	170	0.454	0.730
LOKIASV2_2925_ESMFold_TIM_barrel_protein	ProtVar_Q71U36_Q8WV35_B	ProtVar_Q71U36_Q8WV35_B 	3.137E+00	0.024	19	26	238	366	35	210	223	238	0.582	0.789
LOKIASV2_2925_ESMFold_TIM_barrel_protein	ModelArchive_ma-rap-bacsu-070_C	ModelArchive_ma-rap-bacsu-070_C Predicted interaction between LutC and LutB and LutA Predicted interaction between LutC and LutB and LutA	2.044E+00	0.024	19	3	188	366	44	230	238	219	0.508	0.786
LOKIASV2_2925_ESMFold_TIM_barrel_protein	LevyLab_P60474_V1_3_relaxed_B	LevyLab_P60474_V1_3_relaxed_B 	2.533E+00	0.024	19	28	337	366	20	238	253	322	0.847	0.866
LOKIASV2_2925_ESMFold_TIM_barrel_protein	ProtVar_O75865_Q53HV7_B	ProtVar_O75865_Q53HV7_B 	4.563E+00	0.024	19	120	195	366	183	245	270	77	0.208	0.233
LOKIASV2_2925_ESMFold_TIM_barrel_protein	ProtVar_P17174_P48507_B	ProtVar_P17174_P48507_B 	1.565E+00	0.024	19	3	265	366	4	237	274	306	0.719	0.854
LOKIASV2_2925_ESMFold_TIM_barrel_protein	ProtVar_O60930_O75596_A	ProtVar_O60930_O75596_A 	8.220E+00	0.024	19	118	188	366	176	258	286	88	0.194	0.290
LOKIASV2_2925_ESMFold_TIM_barrel_protein	ModelArchive_ma-qhmpy_A	ModelArchive_ma-qhmpy_A Model of the complex between S. cerevisiae Mre11 (1-303), Rad50 (1-166+1206-1312) and Sae2 (180-345) Model of the complex between S. cerevisiae Mre11 (1-303), Rad50 (1-166+1206-1312) and Sae2 (180-345)	6.636E+00	0.024	19	111	214	366	17	145	303	139	0.284	0.426
LOKIASV2_2925_ESMFold_TIM_barrel_protein	LevyLab_P95474_V1_2_relaxed_B	LevyLab_P95474_V1_2_relaxed_B 	8.684E-01	0.024	19	26	217	366	1	307	314	330	0.525	0.978
LOKIASV2_2925_ESMFold_TIM_barrel_protein	LevyLab_Q8X4S5_V1_5_relaxed_B	LevyLab_Q8X4S5_V1_5_relaxed_B 	1.076E+00	0.024	19	4	294	366	15	320	321	357	0.795	0.953
LOKIASV2_2925_ESMFold_TIM_barrel_protein	LevyLab_P58713_V1_3_relaxed_B	LevyLab_P58713_V1_3_relaxed_B 	7.011E-01	0.024	19	22	336	366	2	325	329	399	0.861	0.985
LOKIASV2_2925_ESMFold_TIM_barrel_protein	LevyLab_Q03175_V1_4_relaxed_B	LevyLab_Q03175_V1_4_relaxed_B 	1.263E+00	0.024	19	14	345	366	55	312	343	358	0.907	0.752
LOKIASV2_2925_ESMFold_TIM_barrel_protein	ProtVar_O00214_Q5VZM2-2_B	ProtVar_O00214_Q5VZM2-2_B 	7.001E+00	0.024	19	53	183	366	103	216	346	140	0.358	0.329
LOKIASV2_2925_ESMFold_TIM_barrel_protein	LevyLab_Q8XDU8_V1_4_relaxed_B	LevyLab_Q8XDU8_V1_4_relaxed_B 	1.076E+00	0.024	19	3	230	366	157	318	358	241	0.623	0.453
LOKIASV2_2925_ESMFold_TIM_barrel_protein	LevyLab_Q8U0F7_V1_3_relaxed_B	LevyLab_Q8U0F7_V1_3_relaxed_B 	5.660E-01	0.024	19	53	363	366	69	356	364	365	0.850	0.791
LOKIASV2_2925_ESMFold_TIM_barrel_protein	ProtVar_Q86WG3_Q9UNE7_A	ProtVar_Q86WG3_Q9UNE7_A 	6.290E+00	0.024	19	113	189	366	199	271	371	86	0.210	0.197
LOKIASV2_2925_ESMFold_TIM_barrel_protein	LevyLab_Q8TZS9_V1_3_relaxed_B	LevyLab_Q8TZS9_V1_3_relaxed_B 	3.886E+00	0.024	19	53	268	366	115	288	389	226	0.590	0.447
LOKIASV2_2925_ESMFold_TIM_barrel_protein	ProtVar_P50440_Q8D050_B	ProtVar_P50440_Q8D050_B 	9.161E-01	0.024	19	14	338	366	55	323	401	372	0.888	0.671
LOKIASV2_2925_ESMFold_TIM_barrel_protein	ProtVar_Q3SY77_Q6PIU2-2_B	ProtVar_Q3SY77_Q6PIU2-2_B 	9.665E-01	0.024	19	27	333	366	105	414	416	394	0.839	0.745
LOKIASV2_2925_ESMFold_TIM_barrel_protein	ProtVar_P80404_Q6PIY5-2_A	ProtVar_P80404_Q6PIY5-2_A 	1.076E+00	0.024	19	4	333	366	172	497	500	392	0.902	0.652
LOKIASV2_2925_ESMFold_TIM_barrel_protein	LevyLab_P0ADF7_V1_5_relaxed_B	LevyLab_P0ADF7_V1_5_relaxed_B 	1.565E+00	0.024	19	3	297	366	44	294	603	319	0.806	0.416
LOKIASV2_2925_ESMFold_TIM_barrel_protein	LevyLab_A0A0H3JER2_V1_4_relaxed_B	LevyLab_A0A0H3JER2_V1_4_relaxed_B 	1.406E+00	0.024	19	123	304	366	206	385	617	229	0.497	0.292
LOKIASV2_2925_ESMFold_TIM_barrel_protein	ProtVar_Q96CX2_Q9H611-3_B	ProtVar_Q96CX2_Q9H611-3_B 	9.161E-01	0.024	19	3	233	366	231	466	707	301	0.631	0.334
LOKIASV2_2925_ESMFold_TIM_barrel_protein	LevyLab_Q9UQQ1_V1_3_relaxed_B	LevyLab_Q9UQQ1_V1_3_relaxed_B 	9.651E+00	0.024	19	54	103	366	171	217	740	54	0.137	0.064
LOKIASV2_2925_ESMFold_TIM_barrel_protein	ProtVar_P17858_Q01813_B	ProtVar_P17858_Q01813_B 	6.299E-01	0.024	19	20	335	366	17	374	784	423	0.863	0.457
LOKIASV2_2925_ESMFold_TIM_barrel_protein	LevyLab_P18962_V1_4_relaxed_B	LevyLab_P18962_V1_4_relaxed_B 	4.563E+00	0.024	19	21	262	366	583	810	818	288	0.661	0.279
LOKIASV2_2925_ESMFold_TIM_barrel_protein	LevyLab_P38426_V1_1_relaxed_B	LevyLab_P38426_V1_1_relaxed_B 	1.565E+00	0.024	19	53	325	366	325	660	1054	377	0.746	0.319
LOKIASV2_2925_ESMFold_TIM_barrel_protein	LevyLab_P36973_V1_3_relaxed_B	LevyLab_P36973_V1_3_relaxed_B 	9.149E+00	0.020	18	70	103	366	125	158	181	40	0.093	0.188
LOKIASV2_2925_ESMFold_TIM_barrel_protein	ProtVar_A5PLN9_Q9NR31_B	ProtVar_A5PLN9_Q9NR31_B 	4.099E+00	0.020	18	6	148	366	5	175	198	185	0.391	0.864
LOKIASV2_2925_ESMFold_TIM_barrel_protein	ProtVar_O43765_P36057_B	ProtVar_O43765_P36057_B 	3.886E+00	0.020	18	24	229	366	36	186	244	213	0.563	0.619
LOKIASV2_2925_ESMFold_TIM_barrel_protein	LevyLab_Q99344_V1_3_relaxed_B	LevyLab_Q99344_V1_3_relaxed_B 	1.332E+00	0.020	18	25	188	366	1	130	299	185	0.448	0.435
LOKIASV2_2925_ESMFold_TIM_barrel_protein	LevyLab_P0ACN9_V1_4_relaxed_B	LevyLab_P0ACN9_V1_4_relaxed_B 	9.665E-01	0.020	18	10	306	366	53	321	341	346	0.811	0.789
LOKIASV2_2925_ESMFold_TIM_barrel_protein	ProtVar_O00165_Q8CZR2_B	ProtVar_O00165_Q8CZR2_B 	1.741E+00	0.020	18	66	301	366	10	204	342	275	0.645	0.570
LOKIASV2_2925_ESMFold_TIM_barrel_protein	ModelArchive_ma-bak-cepc-1064_A	ModelArchive_ma-bak-cepc-1064_A Predicted interaction between ERG27 and ERG7 Predicted interaction between ERG27 and ERG7	2.275E+00	0.020	18	25	295	366	1	257	347	315	0.740	0.741
LOKIASV2_2925_ESMFold_TIM_barrel_protein	LevyLab_O74036_V1_4_relaxed_B	LevyLab_O74036_V1_4_relaxed_B 	2.533E+00	0.020	18	112	308	366	139	281	349	205	0.538	0.410
LOKIASV2_2925_ESMFold_TIM_barrel_protein	LevyLab_Q8U1M6_V1_1_relaxed_B	LevyLab_Q8U1M6_V1_1_relaxed_B 	1.197E+00	0.020	18	3	311	366	93	354	383	346	0.844	0.684
LOKIASV2_2925_ESMFold_TIM_barrel_protein	ProtVar_A6XGL0_Q5JTY5_B	ProtVar_A6XGL0_Q5JTY5_B 	7.792E+00	0.020	18	16	188	366	58	231	395	204	0.473	0.441
LOKIASV2_2925_ESMFold_TIM_barrel_protein	ProtVar_O76054_Q9UDX4_A	ProtVar_O76054_Q9UDX4_A 	5.078E+00	0.020	18	111	224	366	108	215	403	129	0.311	0.268
LOKIASV2_2925_ESMFold_TIM_barrel_protein	LevyLab_Q8U0X0_V1_3_relaxed_B	LevyLab_Q8U0X0_V1_3_relaxed_B 	5.652E+00	0.020	18	24	137	366	302	407	438	136	0.311	0.242
LOKIASV2_2925_ESMFold_TIM_barrel_protein	ProtVar_O75351_P53990_A	ProtVar_O75351_P53990_A 	2.533E+00	0.020	18	14	296	366	114	345	444	319	0.773	0.523
LOKIASV2_2925_ESMFold_TIM_barrel_protein	ModelArchive_ma-rap-bacsu-018_B	ModelArchive_ma-rap-bacsu-018_B Predicted interaction between comFC and comFA Predicted interaction between comFC and comFA	3.141E-01	0.020	18	27	347	366	168	462	463	388	0.877	0.637
LOKIASV2_2925_ESMFold_TIM_barrel_protein	LevyLab_Q8U0I2_V1_5_relaxed_B	LevyLab_Q8U0I2_V1_5_relaxed_B 	5.078E+00	0.020	18	54	181	366	258	393	503	153	0.350	0.270
LOKIASV2_2925_ESMFold_TIM_barrel_protein	LevyLab_Q8X578_V1_2_relaxed_B	LevyLab_Q8X578_V1_2_relaxed_B 	6.636E+00	0.020	18	53	240	366	335	476	516	203	0.514	0.275
LOKIASV2_2925_ESMFold_TIM_barrel_protein	LevyLab_Q8XBJ9_V1_5_relaxed_B	LevyLab_Q8XBJ9_V1_5_relaxed_B 	2.819E+00	0.020	18	1	231	366	193	441	554	279	0.631	0.449
LOKIASV2_2925_ESMFold_TIM_barrel_protein	ProtVar_O15218_Q7Z3D6-2_B	ProtVar_O15218_Q7Z3D6-2_B 	1.332E+00	0.020	18	12	333	366	321	618	621	369	0.880	0.480
LOKIASV2_2925_ESMFold_TIM_barrel_protein	LevyLab_P0CS90_V1_4_relaxed_A	LevyLab_P0CS90_V1_4_relaxed_A 	7.396E-01	0.020	18	53	333	366	141	407	654	340	0.768	0.408
LOKIASV2_2925_ESMFold_TIM_barrel_protein	ProtVar_Q04609_Q9Y3Q0_A	ProtVar_Q04609_Q9Y3Q0_A 	4.325E+00	0.020	18	69	167	366	173	246	750	104	0.270	0.099
LOKIASV2_2925_ESMFold_TIM_barrel_protein	ProtVar_P42261_P42262_A	ProtVar_P42261_P42262_A 	2.157E+00	0.020	18	27	291	366	25	244	906	287	0.724	0.243
LOKIASV2_2925_ESMFold_TIM_barrel_protein	ProtVar_O14960_P19823_B	ProtVar_O14960_P19823_B 	3.137E+00	0.020	18	22	265	366	303	495	946	268	0.667	0.204
LOKIASV2_2925_ESMFold_TIM_barrel_protein	ProtVar_P11021_Q14703_B	ProtVar_P11021_Q14703_B 	7.792E+00	0.020	18	121	199	366	286	347	1052	81	0.216	0.059
LOKIASV2_2925_ESMFold_TIM_barrel_protein	ModelArchive_ma-clcqf_K	ModelArchive_ma-clcqf_K STRUCTURE OF THE TRANSLATING 80S RIBOSOME FROM YEAST, OBTAINED BY DOCKING ATOMIC MODELS FOR RNA AND PROTEIN COMPONENTS INTO A 15A CRYO-EM MAP. THIS FILE 1K5X CONTAINS THE 40S RIBOSOMAL SUBUNIT, THE P-SITE BOUND TRNA AND THE MRNA CODON. THE FILE 1K5Y CONTAINS THE 60S RIBOSOMAL SUBUNIT. STRUCTURE OF THE TRANSLATING 80S RIBOSOME FROM YEAST, OBTAINED BY DOCKING ATOMIC MODELS FOR RNA AND PROTEIN COMPONENTS INTO A 15A CRYO-EM MAP. THIS FILE 1K5X CONTAINS THE 40S RIBOSOMAL SUBUNIT, THE P-SITE BOUND TRNA AND THE MRNA CODON. THE FILE 1K5Y CONTAINS THE 60S RIBOSOMAL SUBUNIT.	8.672E+00	0.016	17	128	188	366	53	106	125	64	0.167	0.432
LOKIASV2_2925_ESMFold_TIM_barrel_protein	LevyLab_Q8U1C7_V1_3_relaxed_B	LevyLab_Q8U1C7_V1_3_relaxed_B 	2.974E+00	0.016	17	26	238	366	1	172	189	233	0.582	0.910
LOKIASV2_2925_ESMFold_TIM_barrel_protein	LevyLab_P06838_V1_4_relaxed_B	LevyLab_P06838_V1_4_relaxed_B 	4.563E+00	0.016	17	16	134	366	104	209	210	140	0.325	0.505
LOKIASV2_2925_ESMFold_TIM_barrel_protein	ProtVar_P58753_Q9BV86_A	ProtVar_P58753_Q9BV86_A 	4.099E+00	0.016	17	21	137	366	84	220	221	148	0.320	0.620
LOKIASV2_2925_ESMFold_TIM_barrel_protein	LevyLab_Q8X821_V1_3_relaxed_B	LevyLab_Q8X821_V1_3_relaxed_B 	2.533E+00	0.016	17	25	293	366	1	216	225	293	0.735	0.960
LOKIASV2_2925_ESMFold_TIM_barrel_protein	ProtVar_P10321_Q96E22_B	ProtVar_P10321_Q96E22_B 	2.044E+00	0.016	17	15	188	366	86	265	293	223	0.475	0.614
LOKIASV2_2925_ESMFold_TIM_barrel_protein	ProtVar_O14521_P36542_B	ProtVar_O14521_P36542_B 	1.938E+00	0.016	17	122	357	366	60	297	298	279	0.645	0.799
LOKIASV2_2925_ESMFold_TIM_barrel_protein	ProtVar_O43504_Q7L523_B	ProtVar_O43504_Q7L523_B 	8.672E+00	0.016	17	26	183	366	6	183	313	204	0.432	0.569
LOKIASV2_2925_ESMFold_TIM_barrel_protein	LevyLab_Q8X844_V1_5_relaxed_B	LevyLab_Q8X844_V1_5_relaxed_B 	2.044E+00	0.016	17	4	220	366	31	287	340	283	0.593	0.756
LOKIASV2_2925_ESMFold_TIM_barrel_protein	Predictome_01a9wom_NEIL3_HUMAN__RFC5_HUMAN__945aa_unrelaxed_af2mv3_model_1_B	Predictome_01a9wom_NEIL3_HUMAN__RFC5_HUMAN__945aa_unrelaxed_af2mv3_model_1_B 	1.406E+00	0.016	17	14	335	366	42	336	340	381	0.880	0.868
LOKIASV2_2925_ESMFold_TIM_barrel_protein	LevyLab_Q8X660_V1_5_relaxed_B	LevyLab_Q8X660_V1_5_relaxed_B 	1.651E+00	0.016	17	25	300	366	1	188	346	288	0.754	0.543
LOKIASV2_2925_ESMFold_TIM_barrel_protein	ProtVar_Q16543_Q99873-3_B	ProtVar_Q16543_Q99873-3_B 	2.672E+00	0.016	17	2	186	366	54	173	353	188	0.505	0.340
LOKIASV2_2925_ESMFold_TIM_barrel_protein	Predictome_02pemvv_KIF4A_HUMAN__RFC3_HUMAN__1588aa_unrelaxed_af2mv3_model_1_B	Predictome_02pemvv_KIF4A_HUMAN__RFC3_HUMAN__1588aa_unrelaxed_af2mv3_model_1_B 	1.332E+00	0.016	17	53	334	366	108	345	356	324	0.770	0.669
LOKIASV2_2925_ESMFold_TIM_barrel_protein	ModelArchive_ma-cwr9z_D	ModelArchive_ma-cwr9z_D LACTOSE OPERON REPRESSOR COMPLEXED WITH DNA LACTOSE OPERON REPRESSOR COMPLEXED WITH DNA	2.401E+00	0.016	17	26	309	366	59	317	357	326	0.776	0.725
LOKIASV2_2925_ESMFold_TIM_barrel_protein	ProtVar_O00217_P08559_B	ProtVar_O00217_P08559_B 	2.819E+00	0.016	17	128	336	366	171	353	390	234	0.571	0.469
LOKIASV2_2925_ESMFold_TIM_barrel_protein	ProtVar_P31946_Q9HB90_B	ProtVar_P31946_Q9HB90_B 	5.962E+00	0.016	17	46	183	366	123	238	399	153	0.377	0.291
LOKIASV2_2925_ESMFold_TIM_barrel_protein	LevyLab_Q8U1N9_V1_5_relaxed_B	LevyLab_Q8U1N9_V1_5_relaxed_B 	7.792E+00	0.016	17	116	200	366	11	94	426	90	0.232	0.197
LOKIASV2_2925_ESMFold_TIM_barrel_protein	LevyLab_Q8U1Z6_V1_4_relaxed_B	LevyLab_Q8U1Z6_V1_4_relaxed_B 	1.076E+00	0.016	17	25	296	366	7	229	430	319	0.743	0.519
LOKIASV2_2925_ESMFold_TIM_barrel_protein	LevyLab_Q8XCE7_V1_3_relaxed_B	LevyLab_Q8XCE7_V1_3_relaxed_B 	1.483E+00	0.016	17	53	329	366	110	348	474	315	0.757	0.504
LOKIASV2_2925_ESMFold_TIM_barrel_protein	ProtVar_O75031_Q9H0W8-2_B	ProtVar_O75031_Q9H0W8-2_B 	3.491E+00	0.016	17	20	238	366	195	432	495	295	0.598	0.481
LOKIASV2_2925_ESMFold_TIM_barrel_protein	LevyLab_P10869_V1_3_relaxed_B	LevyLab_P10869_V1_3_relaxed_B 	1.197E+00	0.016	17	50	238	366	133	310	527	221	0.516	0.338
LOKIASV2_2925_ESMFold_TIM_barrel_protein	LevyLab_P0DTE5_V1_4_relaxed_A	LevyLab_P0DTE5_V1_4_relaxed_A 	6.299E-01	0.016	17	14	340	366	93	457	536	437	0.893	0.681
LOKIASV2_2925_ESMFold_TIM_barrel_protein	ProtVar_P49190_Q05932-2_B	ProtVar_P49190_Q05932-2_B 	2.044E+00	0.016	17	24	305	366	172	444	545	319	0.770	0.501
LOKIASV2_2925_ESMFold_TIM_barrel_protein	ProtVar_P27797_Q8N323_B	ProtVar_P27797_Q8N323_B 	7.001E+00	0.016	17	16	188	366	337	513	547	222	0.473	0.324
LOKIASV2_2925_ESMFold_TIM_barrel_protein	ProtVar_O14531_Q16555_B	ProtVar_O14531_Q16555_B 	4.325E+00	0.016	17	67	307	366	100	276	572	257	0.658	0.309
LOKIASV2_2925_ESMFold_TIM_barrel_protein	ModelArchive_ma-t3vr3-320_A	ModelArchive_ma-t3vr3-320_A Predicted interaction between HSPA5 (25-654) and EP300 (2248-2414) Predicted interaction between HSPA5 (25-654) and EP300 (2248-2414)	1.076E+00	0.016	17	53	337	366	119	388	630	340	0.779	0.429
LOKIASV2_2925_ESMFold_TIM_barrel_protein	ProtVar_P08237_Q15198_A	ProtVar_P08237_Q15198_A 	1.020E+00	0.016	17	46	338	366	466	694	780	321	0.801	0.294
LOKIASV2_2925_ESMFold_TIM_barrel_protein	ProtVar_P17858_P17858_A	ProtVar_P17858_P17858_A 	3.137E+00	0.016	17	48	338	366	468	693	780	303	0.795	0.290
LOKIASV2_2925_ESMFold_TIM_barrel_protein	LevyLab_O95263_V1_4_relaxed_A	LevyLab_O95263_V1_4_relaxed_A 	5.357E+00	0.016	17	25	127	366	129	232	885	122	0.281	0.118
LOKIASV2_2925_ESMFold_TIM_barrel_protein	LevyLab_P38427_V1_1_relaxed_B	LevyLab_P38427_V1_1_relaxed_B 	1.938E+00	0.016	17	48	325	366	349	694	1098	388	0.760	0.315
LOKIASV2_2925_ESMFold_TIM_barrel_protein	ProtVar_Q7KZ85_Q9NQG5_A	ProtVar_Q7KZ85_Q9NQG5_A 	9.665E-01	0.016	17	33	333	366	813	1100	1726	363	0.822	0.167
LOKIASV2_2925_ESMFold_TIM_barrel_protein	ModelArchive_ma-tbvar3d-09_T	ModelArchive_ma-tbvar3d-09_T TBvar3D model for RL3_MYCTU (P9WH87) with Linezolid TBvar3D model for RL3_MYCTU (P9WH87) with Linezolid	9.149E+00	0.014	16	118	177	366	54	112	116	67	0.164	0.509
LOKIASV2_2925_ESMFold_TIM_barrel_protein	ProtVar_O00488_O43598_B	ProtVar_O00488_O43598_B 	3.309E+00	0.014	16	22	199	366	14	128	174	181	0.486	0.661
LOKIASV2_2925_ESMFold_TIM_barrel_protein	ProtVar_P62826_Q92769_B	ProtVar_P62826_Q92769_B 	6.290E+00	0.014	16	118	238	366	70	150	216	121	0.331	0.375
LOKIASV2_2925_ESMFold_TIM_barrel_protein	LevyLab_A0A0H3JJ58_V1_3_relaxed_B	LevyLab_A0A0H3JJ58_V1_3_relaxed_B 	2.533E+00	0.014	16	25	335	366	1	222	228	340	0.850	0.974
LOKIASV2_2925_ESMFold_TIM_barrel_protein	LevyLab_P0A6F0_V1_1_relaxed_B	LevyLab_P0A6F0_V1_1_relaxed_B 	2.672E+00	0.014	16	28	239	366	4	172	231	231	0.579	0.732
LOKIASV2_2925_ESMFold_TIM_barrel_protein	LevyLab_Q8XA83_V1_3_relaxed_B	LevyLab_Q8XA83_V1_3_relaxed_B 	2.275E+00	0.014	16	28	333	366	6	241	245	329	0.836	0.963
LOKIASV2_2925_ESMFold_TIM_barrel_protein	LevyLab_P0AB02_V1_5_relaxed_B	LevyLab_P0AB02_V1_5_relaxed_B 	2.157E+00	0.014	16	122	352	366	44	253	259	260	0.631	0.811
LOKIASV2_2925_ESMFold_TIM_barrel_protein	ProtVar_O14798_Q86Y82_B	ProtVar_O14798_Q86Y82_B 	9.161E-01	0.014	16	53	363	366	39	243	276	327	0.850	0.743
LOKIASV2_2925_ESMFold_TIM_barrel_protein	LevyLab_P0A719_V1_5_relaxed_B	LevyLab_P0A719_V1_5_relaxed_B 	1.135E+00	0.014	16	70	330	366	52	305	315	334	0.713	0.806
LOKIASV2_2925_ESMFold_TIM_barrel_protein	ProtVar_A6NDG6_Q9UBQ7_A	ProtVar_A6NDG6_Q9UBQ7_A 	1.406E+00	0.014	16	4	234	366	101	307	321	274	0.631	0.645
LOKIASV2_2925_ESMFold_TIM_barrel_protein	ProtVar_O60427_Q8IXJ6-2_B	ProtVar_O60427_Q8IXJ6-2_B 	1.263E+00	0.014	16	4	333	366	25	316	352	401	0.902	0.830
LOKIASV2_2925_ESMFold_TIM_barrel_protein	ProtVar_P28482_Q14558_B	ProtVar_P28482_Q14558_B 	2.157E+00	0.014	16	27	307	366	7	282	356	343	0.768	0.775
LOKIASV2_2925_ESMFold_TIM_barrel_protein	ProtVar_P17066_Q9UN36_B	ProtVar_P17066_Q9UN36_B 	1.332E+00	0.014	16	26	303	366	62	317	371	347	0.760	0.690
LOKIASV2_2925_ESMFold_TIM_barrel_protein	LevyLab_Q8U0F9_V1_4_relaxed_B	LevyLab_Q8U0F9_V1_4_relaxed_B 	1.651E+00	0.014	16	70	320	366	3	267	380	318	0.686	0.697
LOKIASV2_2925_ESMFold_TIM_barrel_protein	ProtVar_Q6PIU2_Q9H6F2_A	ProtVar_Q6PIU2_Q9H6F2_A 	2.401E+00	0.014	16	27	336	366	105	405	408	367	0.847	0.738
LOKIASV2_2925_ESMFold_TIM_barrel_protein	Predictome_00y5iah_TDG_HUMAN__CTF18_HUMAN__1385aa_unrelaxed_af2mv3_model_1_A	Predictome_00y5iah_TDG_HUMAN__CTF18_HUMAN__1385aa_unrelaxed_af2mv3_model_1_A 	2.533E+00	0.014	16	8	231	366	110	303	410	246	0.612	0.473
LOKIASV2_2925_ESMFold_TIM_barrel_protein	ProtVar_Q96BU1_Q9H1Q7_B	ProtVar_Q96BU1_Q9H1Q7_B 	3.491E+00	0.014	16	117	333	366	114	267	454	226	0.593	0.339
LOKIASV2_2925_ESMFold_TIM_barrel_protein	LevyLab_Q7AAQ7_V1_2_relaxed_B	LevyLab_Q7AAQ7_V1_2_relaxed_B 	1.263E+00	0.014	16	56	321	366	53	312	477	338	0.727	0.545
LOKIASV2_2925_ESMFold_TIM_barrel_protein	LevyLab_P0AE13_V1_3_relaxed_B	LevyLab_P0AE13_V1_3_relaxed_B 	1.263E+00	0.014	16	1	336	366	154	471	484	419	0.918	0.657
LOKIASV2_2925_ESMFold_TIM_barrel_protein	ProtVar_O75449_Q9H079_A	ProtVar_O75449_Q9H079_A 	4.563E+00	0.014	16	8	256	366	183	430	491	294	0.680	0.505
LOKIASV2_2925_ESMFold_TIM_barrel_protein	LevyLab_Q12265_V1_1_relaxed_B	LevyLab_Q12265_V1_1_relaxed_B 	7.001E+00	0.014	16	70	231	366	392	495	496	172	0.443	0.210
LOKIASV2_2925_ESMFold_TIM_barrel_protein	LevyLab_E7FHF7_V1_2_relaxed_B	LevyLab_E7FHF7_V1_2_relaxed_B 	3.137E+00	0.014	16	29	296	366	7	165	500	274	0.732	0.318
LOKIASV2_2925_ESMFold_TIM_barrel_protein	ModelArchive_ma-bak-cepc-0294_B	ModelArchive_ma-bak-cepc-0294_B Predicted interaction between ZUO1 and SSZ1 Predicted interaction between ZUO1 and SSZ1	1.651E+00	0.014	16	51	303	366	113	390	538	315	0.691	0.517
LOKIASV2_2925_ESMFold_TIM_barrel_protein	ProtVar_Q8NFR3_Q9NUV7_B	ProtVar_Q8NFR3_Q9NUV7_B 	7.802E-01	0.014	16	1	335	366	165	527	552	430	0.915	0.658
LOKIASV2_2925_ESMFold_TIM_barrel_protein	ProtVar_P04637_Q86X55_B	ProtVar_P04637_Q86X55_B 	1.938E+00	0.014	16	5	230	366	171	330	608	238	0.617	0.263
LOKIASV2_2925_ESMFold_TIM_barrel_protein	ProtVar_P53990_Q9UBP0_A	ProtVar_P53990_Q9UBP0_A 	4.813E+00	0.014	16	7	230	366	314	538	616	255	0.612	0.365
LOKIASV2_2925_ESMFold_TIM_barrel_protein	ModelArchive_ma-low-csi-0252_A	ModelArchive_ma-low-csi-0252_A Predicted interaction between HSPA5 and PDIA6 Predicted interaction between HSPA5 and PDIA6	1.741E+00	0.014	16	53	303	366	143	409	654	305	0.686	0.408
LOKIASV2_2925_ESMFold_TIM_barrel_protein	ProtVar_O15226_O43143_B	ProtVar_O15226_O43143_B 	2.533E+00	0.014	16	14	323	366	172	539	795	423	0.847	0.463
LOKIASV2_2925_ESMFold_TIM_barrel_protein	ProtVar_Q12834_Q15345_B	ProtVar_Q12834_Q15345_B 	4.325E+00	0.014	16	55	297	366	475	698	812	290	0.664	0.276
LOKIASV2_2925_ESMFold_TIM_barrel_protein	ProtVar_P42261_P42263_B	ProtVar_P42261_P42263_B 	1.837E+00	0.014	16	19	340	366	27	326	894	370	0.880	0.336
LOKIASV2_2925_ESMFold_TIM_barrel_protein	ProtVar_O43240_Q14624-2_B	ProtVar_O43240_Q14624-2_B 	3.137E+00	0.014	16	21	190	366	266	418	914	195	0.464	0.167
LOKIASV2_2925_ESMFold_TIM_barrel_protein	LevyLab_P16861_V1_3_relaxed_B	LevyLab_P16861_V1_3_relaxed_B 	1.406E+00	0.014	16	9	335	366	184	571	987	441	0.893	0.393
LOKIASV2_2925_ESMFold_TIM_barrel_protein	ModelArchive_ma-low-csi-0253_B	ModelArchive_ma-low-csi-0253_B Predicted interaction between HSPA5 and HYOU1 Predicted interaction between HSPA5 and HYOU1	1.332E+00	0.014	16	53	331	366	154	426	999	346	0.762	0.273
LOKIASV2_2925_ESMFold_TIM_barrel_protein	LevyLab_P16066_V1_5_relaxed_B	LevyLab_P16066_V1_5_relaxed_B 	2.044E+00	0.014	16	48	233	366	159	374	1061	241	0.508	0.204
LOKIASV2_2925_ESMFold_TIM_barrel_protein	ModelArchive_ma-cy8p1_B	ModelArchive_ma-cy8p1_B MODEL OF THE BETA-CARBON PROCESSING ENZYMES AND ACYL CARRIER PROTEIN OF MODULAR POLYKETIDE SYNTHASES MODEL OF THE BETA-CARBON PROCESSING ENZYMES AND ACYL CARRIER PROTEIN OF MODULAR POLYKETIDE SYNTHASES	5.962E+00	0.014	16	24	191	366	838	1018	1207	212	0.459	0.150
LOKIASV2_2925_ESMFold_TIM_barrel_protein	LevyLab_Q8X8B4_V1_4_relaxed_B	LevyLab_Q8X8B4_V1_4_relaxed_B 	7.001E+00	0.011	15	70	194	366	5	99	100	130	0.342	0.950
LOKIASV2_2925_ESMFold_TIM_barrel_protein	LevyLab_P0AG19_V1_2_relaxed_B	LevyLab_P0AG19_V1_2_relaxed_B 	6.290E+00	0.011	15	24	229	366	4	150	169	216	0.563	0.870
LOKIASV2_2925_ESMFold_TIM_barrel_protein	LevyLab_Q8XD99_V1_3_relaxed_B	LevyLab_Q8XD99_V1_3_relaxed_B 	7.792E+00	0.011	15	70	181	366	119	204	213	119	0.306	0.404
LOKIASV2_2925_ESMFold_TIM_barrel_protein	LevyLab_Q8U269_V1_1_relaxed_B	LevyLab_Q8U269_V1_1_relaxed_B 	4.325E+00	0.011	15	26	328	366	1	225	228	335	0.828	0.987
LOKIASV2_2925_ESMFold_TIM_barrel_protein	LevyLab_Q8XB09_V1_3_relaxed_B	LevyLab_Q8XB09_V1_3_relaxed_B 	9.149E+00	0.011	15	69	229	366	4	114	229	166	0.440	0.485
LOKIASV2_2925_ESMFold_TIM_barrel_protein	ProtVar_A2RUC4_O15400_B	ProtVar_A2RUC4_O15400_B 	8.684E-01	0.011	15	109	363	366	34	226	261	275	0.697	0.739
LOKIASV2_2925_ESMFold_TIM_barrel_protein	ProtVar_O95571_Q9NQR4_B	ProtVar_O95571_Q9NQR4_B 	5.962E+00	0.011	15	53	203	366	21	220	276	220	0.413	0.725
LOKIASV2_2925_ESMFold_TIM_barrel_protein	ProtVar_O14978_Q9NZD8_B	ProtVar_O14978_Q9NZD8_B 	2.401E+00	0.011	15	82	327	366	86	269	308	262	0.672	0.597
LOKIASV2_2925_ESMFold_TIM_barrel_protein	LevyLab_Q8X6A8_V1_2_relaxed_B	LevyLab_Q8X6A8_V1_2_relaxed_B 	3.886E+00	0.011	15	99	342	366	7	308	316	339	0.667	0.956
LOKIASV2_2925_ESMFold_TIM_barrel_protein	ModelArchive_ma-0dyeh_A	ModelArchive_ma-0dyeh_A Complex of Escherichia coli RecA and UmuC-CT motif Complex of Escherichia coli RecA and UmuC-CT motif	5.962E+00	0.011	15	28	148	366	86	188	326	133	0.331	0.316
LOKIASV2_2925_ESMFold_TIM_barrel_protein	ProtVar_P08473_Q9BY41_B	ProtVar_P08473_Q9BY41_B 	2.672E+00	0.011	15	26	336	366	12	370	377	409	0.850	0.952
LOKIASV2_2925_ESMFold_TIM_barrel_protein	ProtVar_P13693_Q8IV20_B	ProtVar_P13693_Q8IV20_B 	5.962E+00	0.011	15	25	182	366	1	172	430	206	0.432	0.400
LOKIASV2_2925_ESMFold_TIM_barrel_protein	LevyLab_A0A0H3JHB9_V1_3_relaxed_B	LevyLab_A0A0H3JHB9_V1_3_relaxed_B 	4.563E+00	0.011	15	44	308	366	159	374	478	280	0.724	0.452
LOKIASV2_2925_ESMFold_TIM_barrel_protein	ProtVar_Q9HAT2_Q9UK22_A	ProtVar_Q9HAT2_Q9UK22_A 	2.533E+00	0.011	15	31	231	366	221	399	523	234	0.549	0.342
LOKIASV2_2925_ESMFold_TIM_barrel_protein	ModelArchive_ma-t994r_B	ModelArchive_ma-t994r_B Model of the complex between S. cerevisiae Mre11 (1-533), Rad50 (1-260+1057-1312) in the 'resting state' conformation Model of the complex between S. cerevisiae Mre11 (1-533), Rad50 (1-260+1057-1312) in the 'resting state' conformation	2.533E+00	0.011	15	95	364	366	300	490	533	282	0.738	0.358
LOKIASV2_2925_ESMFold_TIM_barrel_protein	LevyLab_Q6UWF7_V1_5_relaxed_B	LevyLab_Q6UWF7_V1_5_relaxed_B 	3.491E+00	0.011	15	174	332	366	416	541	544	173	0.434	0.232
LOKIASV2_2925_ESMFold_TIM_barrel_protein	ProtVar_Q96DL1_Q9NRY6_A	ProtVar_Q96DL1_Q9NRY6_A 	6.636E+00	0.011	15	10	227	366	346	551	559	275	0.596	0.369
LOKIASV2_2925_ESMFold_TIM_barrel_protein	ProtVar_P26641_P49090_B	ProtVar_P26641_P49090_B 	3.309E+00	0.011	15	6	178	366	196	405	572	229	0.473	0.367
LOKIASV2_2925_ESMFold_TIM_barrel_protein	Predictome_jlj54x0_PIF1_HUMAN__SLF2_HUMAN__1814aa_unrelaxed_af2mv3_model_1_A	Predictome_jlj54x0_PIF1_HUMAN__SLF2_HUMAN__1814aa_unrelaxed_af2mv3_model_1_A 	2.819E+00	0.011	15	10	226	366	205	407	641	264	0.593	0.317
LOKIASV2_2925_ESMFold_TIM_barrel_protein	ProtVar_O43615_P38646_B	ProtVar_O43615_P38646_B 	1.197E+00	0.011	15	53	333	366	164	430	679	339	0.768	0.393
LOKIASV2_2925_ESMFold_TIM_barrel_protein	ProtVar_Q6AHZ1_Q81WM3_B	ProtVar_Q6AHZ1_Q81WM3_B 	7.792E+00	0.011	15	10	148	366	179	333	686	179	0.380	0.226
LOKIASV2_2925_ESMFold_TIM_barrel_protein	ProtVar_Q99707_Q9UBK8_B	ProtVar_Q99707_Q9UBK8_B 	6.636E+00	0.011	15	27	179	366	539	669	698	161	0.418	0.188
LOKIASV2_2925_ESMFold_TIM_barrel_protein	ProtVar_Q6P9F7_Q8IWT6_A	ProtVar_Q6P9F7_Q8IWT6_A 	2.533E+00	0.011	15	60	319	366	459	675	803	302	0.710	0.270
LOKIASV2_2925_ESMFold_TIM_barrel_protein	ProtVar_Q9UDR5_Q9Y5Y3_A	ProtVar_Q9UDR5_Q9Y5Y3_A 	1.837E+00	0.011	15	16	331	366	495	826	926	393	0.863	0.359
LOKIASV2_2925_ESMFold_TIM_barrel_protein	ProtVar_P11586_Q13155_A	ProtVar_P11586_Q13155_A 	5.078E+00	0.011	15	131	296	366	673	832	935	191	0.454	0.171
LOKIASV2_2925_ESMFold_TIM_barrel_protein	ProtVar_P53396_P53396_B	ProtVar_P53396_P53396_B 	3.491E+00	0.011	15	20	339	366	490	812	1101	392	0.874	0.293
LOKIASV2_2925_ESMFold_TIM_barrel_protein	ProtVar_Q5SVZ6_Q9H4D0_A	ProtVar_Q5SVZ6_Q9H4D0_A 	2.974E+00	0.011	15	48	336	366	685	920	1142	313	0.790	0.207
LOKIASV2_2925_ESMFold_TIM_barrel_protein	LevyLab_Q8U2Q2_V1_1_relaxed_B	LevyLab_Q8U2Q2_V1_1_relaxed_B 	5.652E+00	0.010	14	29	187	366	2	136	138	181	0.434	0.978
LOKIASV2_2925_ESMFold_TIM_barrel_protein	LevyLab_Q8U0C4_V1_4_relaxed_B	LevyLab_Q8U0C4_V1_4_relaxed_B 	7.386E+00	0.010	14	27	147	366	5	193	231	196	0.331	0.818
LOKIASV2_2925_ESMFold_TIM_barrel_protein	LevyLab_Q8X7Y4_V1_3_relaxed_B	LevyLab_Q8X7Y4_V1_3_relaxed_B 	4.099E+00	0.010	14	24	194	366	5	138	236	179	0.467	0.568
LOKIASV2_2925_ESMFold_TIM_barrel_protein	ModelArchive_ma-bak-cepc-1043_A	ModelArchive_ma-bak-cepc-1043_A Predicted interaction between PSY3 and CSM2 Predicted interaction between PSY3 and CSM2	9.149E+00	0.010	14	27	234	366	41	222	242	227	0.568	0.752
LOKIASV2_2925_ESMFold_TIM_barrel_protein	LevyLab_Q8U4I9_V1_5_relaxed_B	LevyLab_Q8U4I9_V1_5_relaxed_B 	4.325E+00	0.010	14	1	224	366	1	176	257	251	0.612	0.685
LOKIASV2_2925_ESMFold_TIM_barrel_protein	ProtVar_O00186_P54920_B	ProtVar_O00186_P54920_B 	2.533E+00	0.010	14	53	362	366	6	281	295	393	0.847	0.936
LOKIASV2_2925_ESMFold_TIM_barrel_protein	LevyLab_Q8U0U5_V1_5_relaxed_B	LevyLab_Q8U0U5_V1_5_relaxed_B 	1.938E+00	0.010	14	125	333	366	85	303	307	261	0.571	0.713
LOKIASV2_2925_ESMFold_TIM_barrel_protein	LevyLab_P06773_V1_3_relaxed_B	LevyLab_P06773_V1_3_relaxed_B 	6.636E+00	0.010	14	29	308	366	1	299	312	354	0.765	0.958
LOKIASV2_2925_ESMFold_TIM_barrel_protein	ProtVar_P42685_Q12982_B	ProtVar_P42685_Q12982_B 	8.220E+00	0.010	14	147	237	366	169	277	314	118	0.249	0.347
LOKIASV2_2925_ESMFold_TIM_barrel_protein	ProtVar_O43543_O55230_B	ProtVar_O43543_O55230_B 	5.652E+00	0.010	14	26	188	366	101	248	329	187	0.445	0.450
LOKIASV2_2925_ESMFold_TIM_barrel_protein	ProtVar_P84090_Q99873-2_B	ProtVar_P84090_Q99873-2_B 	4.325E+00	0.010	14	3	186	366	49	167	347	190	0.503	0.343
LOKIASV2_2925_ESMFold_TIM_barrel_protein	LevyLab_A0A0H3JHP7_V1_2_relaxed_B	LevyLab_A0A0H3JHP7_V1_2_relaxed_B 	2.672E+00	0.010	14	25	328	366	1	328	352	393	0.831	0.932
LOKIASV2_2925_ESMFold_TIM_barrel_protein	LevyLab_P47175_V1_2_relaxed_B	LevyLab_P47175_V1_2_relaxed_B 	9.651E+00	0.010	14	76	195	366	234	345	358	129	0.328	0.313
LOKIASV2_2925_ESMFold_TIM_barrel_protein	LevyLab_Q8XAR8_V1_4_relaxed_B	LevyLab_Q8XAR8_V1_4_relaxed_B 	2.157E+00	0.010	14	47	331	366	61	368	376	374	0.779	0.819
LOKIASV2_2925_ESMFold_TIM_barrel_protein	ProtVar_P30926_Q9Y6U7_B	ProtVar_P30926_Q9Y6U7_B 	6.636E+00	0.010	14	57	149	366	96	158	377	95	0.254	0.167
LOKIASV2_2925_ESMFold_TIM_barrel_protein	LevyLab_Q8U0H3_V1_3_relaxed_B	LevyLab_Q8U0H3_V1_3_relaxed_B 	1.483E+00	0.010	14	29	277	366	86	285	383	276	0.680	0.522
LOKIASV2_2925_ESMFold_TIM_barrel_protein	ProtVar_P61160_Q8IXJ6_B	ProtVar_P61160_Q8IXJ6_B 	1.741E+00	0.010	14	14	333	366	69	353	389	401	0.874	0.733
LOKIASV2_2925_ESMFold_TIM_barrel_protein	ModelArchive_ma-ip14z_C	ModelArchive_ma-ip14z_C DnaK NBD/GrpE complex DnaK NBD/GrpE complex	2.157E+00	0.010	14	45	326	366	104	378	392	349	0.770	0.702
LOKIASV2_2925_ESMFold_TIM_barrel_protein	LevyLab_A0A0H3JCV4_V1_3_relaxed_B	LevyLab_A0A0H3JCV4_V1_3_relaxed_B 	5.357E+00	0.010	14	21	198	366	175	283	411	181	0.486	0.265
LOKIASV2_2925_ESMFold_TIM_barrel_protein	LevyLab_Q8U3M7_V1_2_relaxed_B	LevyLab_Q8U3M7_V1_2_relaxed_B 	3.137E+00	0.010	14	21	216	366	4	123	429	202	0.536	0.280
LOKIASV2_2925_ESMFold_TIM_barrel_protein	LevyLab_Q9UN37_V1_5_relaxed_B	LevyLab_Q9UN37_V1_5_relaxed_B 	3.683E+00	0.010	14	26	249	366	161	341	437	248	0.612	0.414
LOKIASV2_2925_ESMFold_TIM_barrel_protein	ProtVar_A9UHW6_Q9UMR2_B	ProtVar_A9UHW6_Q9UMR2_B 	2.672E+00	0.010	14	16	333	366	149	460	479	397	0.869	0.651
LOKIASV2_2925_ESMFold_TIM_barrel_protein	ProtVar_Q9UBB9_Q9UHL0_B	ProtVar_Q9UBB9_Q9UHL0_B 	2.044E+00	0.010	14	16	324	366	154	479	483	407	0.844	0.675
LOKIASV2_2925_ESMFold_TIM_barrel_protein	LevyLab_Q8IYT4_V1_4_relaxed_B	LevyLab_Q8IYT4_V1_4_relaxed_B 	8.672E+00	0.010	14	8	215	366	226	415	538	229	0.568	0.353
LOKIASV2_2925_ESMFold_TIM_barrel_protein	ProtVar_Q8IZ13_Q99856_A	ProtVar_Q8IZ13_Q99856_A 	2.819E+00	0.010	14	3	350	366	151	477	594	411	0.951	0.551
LOKIASV2_2925_ESMFold_TIM_barrel_protein	ProtVar_O95395_Q9UK73_B	ProtVar_O95395_Q9UK73_B 	3.309E+00	0.010	14	120	297	366	356	474	627	191	0.486	0.190
LOKIASV2_2925_ESMFold_TIM_barrel_protein	LevyLab_Q6UW60_V1_4_relaxed_A	LevyLab_Q6UW60_V1_4_relaxed_A 	9.149E+00	0.010	14	46	229	366	230	404	755	224	0.503	0.232
LOKIASV2_2925_ESMFold_TIM_barrel_protein	LevyLab_P16862_V1_3_relaxed_B	LevyLab_P16862_V1_3_relaxed_B 	1.565E+00	0.010	14	34	344	366	258	571	959	375	0.850	0.327
LOKIASV2_2925_ESMFold_TIM_barrel_protein	ProtVar_O15550_P23769_A	ProtVar_O15550_P23769_A 	4.325E+00	0.010	14	47	363	366	197	400	1401	334	0.866	0.146
LOKIASV2_2925_ESMFold_TIM_barrel_protein	ProtVar_P20839_Q9Y4B4_B	ProtVar_P20839_Q9Y4B4_B 	2.275E+00	0.010	14	27	307	366	328	563	1467	324	0.768	0.161
LOKIASV2_2925_ESMFold_TIM_barrel_protein	LevyLab_Q8XCW3_V1_3_relaxed_B	LevyLab_Q8XCW3_V1_3_relaxed_B 	4.325E+00	0.009	13	27	330	366	78	237	243	313	0.831	0.658
LOKIASV2_2925_ESMFold_TIM_barrel_protein	ModelArchive_ma-rap-bacsu-114_B	ModelArchive_ma-rap-bacsu-114_B Predicted interaction between rsbS and rsbRA Predicted interaction between rsbS and rsbRA	2.819E+00	0.009	13	54	330	366	64	267	274	305	0.757	0.745
LOKIASV2_2925_ESMFold_TIM_barrel_protein	LevyLab_P47016_V1_5_relaxed_B	LevyLab_P47016_V1_5_relaxed_B 	8.220E+00	0.009	13	53	146	366	23	86	307	94	0.257	0.208
LOKIASV2_2925_ESMFold_TIM_barrel_protein	ProtVar_O95231_Q8NFV4-4_B	ProtVar_O95231_Q8NFV4-4_B 	4.563E+00	0.009	13	48	332	366	101	307	308	302	0.779	0.672
LOKIASV2_2925_ESMFold_TIM_barrel_protein	ProtVar_O60814_Q8N6T7_B	ProtVar_O60814_Q8N6T7_B 	2.974E+00	0.009	13	6	221	366	31	274	355	293	0.590	0.687
LOKIASV2_2925_ESMFold_TIM_barrel_protein	LevyLab_Q8U2N9_V1_3_relaxed_B	LevyLab_Q8U2N9_V1_3_relaxed_B 	2.401E+00	0.009	13	88	332	366	21	357	358	369	0.669	0.941
LOKIASV2_2925_ESMFold_TIM_barrel_protein	ModelArchive_ma-bak-cepc-0148_A	ModelArchive_ma-bak-cepc-0148_A Predicted interaction between PDA1 and PDB1 Predicted interaction between PDA1 and PDB1	5.357E+00	0.009	13	128	342	366	191	374	420	239	0.587	0.438
LOKIASV2_2925_ESMFold_TIM_barrel_protein	ModelArchive_ma-bak-cepc-1009_B	ModelArchive_ma-bak-cepc-1009_B Predicted interaction between THP3 and THP1 Predicted interaction between THP3 and THP1	4.813E+00	0.009	13	4	365	366	33	338	455	401	0.989	0.673
LOKIASV2_2925_ESMFold_TIM_barrel_protein	ProtVar_O76003_Q9BZZ5_B	ProtVar_O76003_Q9BZZ5_B 	4.813E+00	0.009	13	54	361	366	149	403	524	339	0.842	0.487
LOKIASV2_2925_ESMFold_TIM_barrel_protein	ProtVar_O60678_P40337_A	ProtVar_O60678_P40337_A 	5.652E+00	0.009	13	6	179	366	230	384	531	205	0.475	0.292
LOKIASV2_2925_ESMFold_TIM_barrel_protein	ProtVar_Q00444_Q02252_B	ProtVar_Q00444_Q02252_B 	5.357E+00	0.009	13	55	212	366	243	371	535	172	0.432	0.241
LOKIASV2_2925_ESMFold_TIM_barrel_protein	ProtVar_Q8N5M4_Q9Y232-2_B	ProtVar_Q8N5M4_Q9Y232-2_B 	2.533E+00	0.009	13	8	363	366	277	539	544	388	0.973	0.483
LOKIASV2_2925_ESMFold_TIM_barrel_protein	ProtVar_O14894_Q8WXF7_B	ProtVar_O14894_Q8WXF7_B 	3.683E+00	0.009	13	46	362	366	150	479	558	380	0.866	0.591
LOKIASV2_2925_ESMFold_TIM_barrel_protein	ProtVar_P17812_P61218_A	ProtVar_P17812_P61218_A 	6.636E+00	0.009	13	16	329	366	26	415	591	444	0.858	0.660
LOKIASV2_2925_ESMFold_TIM_barrel_protein	ProtVar_O95140_Q8IWA4-3_B	ProtVar_O95140_Q8IWA4-3_B 	6.636E+00	0.009	13	117	363	366	182	350	630	255	0.675	0.268
LOKIASV2_2925_ESMFold_TIM_barrel_protein	LevyLab_P0A6Z0_V1_4_relaxed_B	LevyLab_P0A6Z0_V1_4_relaxed_B 	1.938E+00	0.009	13	45	331	366	104	385	638	363	0.784	0.442
LOKIASV2_2925_ESMFold_TIM_barrel_protein	ProtVar_O95140_Q9Y3D6_A	ProtVar_O95140_Q9Y3D6_A 	9.651E+00	0.009	13	48	261	366	200	382	757	236	0.585	0.242
LOKIASV2_2925_ESMFold_TIM_barrel_protein	ProtVar_O15479_Q13206_B	ProtVar_O15479_Q13206_B 	5.652E+00	0.009	13	27	331	366	289	516	875	329	0.833	0.261
LOKIASV2_2925_ESMFold_TIM_barrel_protein	ProtVar_Q06033_Q14624_B	ProtVar_Q06033_Q14624_B 	3.683E+00	0.009	13	21	189	366	266	415	930	204	0.462	0.161
LOKIASV2_2925_ESMFold_TIM_barrel_protein	ProtVar_O43159_Q8N5C6_B	ProtVar_O43159_Q8N5C6_B 	3.491E+00	0.009	13	48	360	366	570	875	995	379	0.855	0.308
LOKIASV2_2925_ESMFold_TIM_barrel_protein	ProtVar_P12110_Q9UMD9_A	ProtVar_P12110_Q9UMD9_A 	3.886E+00	0.009	13	57	325	366	704	1018	1019	362	0.735	0.309
LOKIASV2_2925_ESMFold_TIM_barrel_protein	ProtVar_Q9NV96_Q9Y2G3_B	ProtVar_Q9NV96_Q9Y2G3_B 	1.263E+00	0.009	13	53	341	366	688	961	1177	357	0.790	0.233
LOKIASV2_2925_ESMFold_TIM_barrel_protein	ProtVar_Q14147_Q14562_B	ProtVar_Q14147_Q14562_B 	1.938E+00	0.009	13	9	327	366	567	961	1220	452	0.872	0.324
LOKIASV2_2925_ESMFold_TIM_barrel_protein	Predictome_0czocf3_ERCC6_HUMAN__TOP1_HUMAN__2258aa_unrelaxed_af2mv3_model_1_A	Predictome_0czocf3_ERCC6_HUMAN__TOP1_HUMAN__2258aa_unrelaxed_af2mv3_model_1_A 	3.137E+00	0.009	13	1	221	366	768	990	1493	272	0.604	0.149
LOKIASV2_2925_ESMFold_TIM_barrel_protein	ProtVar_P01834_Q5NGM6_B	ProtVar_P01834_Q5NGM6_B 	5.962E+00	0.008	12	8	200	366	73	182	200	195	0.527	0.550
LOKIASV2_2925_ESMFold_TIM_barrel_protein	ProtVar_O15400_P32856_A	ProtVar_O15400_P32856_A 	2.044E+00	0.008	12	109	359	366	34	226	261	274	0.686	0.739
LOKIASV2_2925_ESMFold_TIM_barrel_protein	LevyLab_Q8U1R0_V1_5_relaxed_B	LevyLab_Q8U1R0_V1_5_relaxed_B 	4.813E+00	0.008	12	3	238	366	16	247	295	300	0.645	0.786
LOKIASV2_2925_ESMFold_TIM_barrel_protein	ProtVar_P99999_Q9NXA8_B	ProtVar_P99999_Q9NXA8_B 	5.078E+00	0.008	12	8	202	366	32	286	310	289	0.533	0.823
LOKIASV2_2925_ESMFold_TIM_barrel_protein	ProtVar_P24666_Q05923_B	ProtVar_P24666_Q05923_B 	4.563E+00	0.008	12	7	237	366	15	297	314	313	0.631	0.901
LOKIASV2_2925_ESMFold_TIM_barrel_protein	LevyLab_A0A0H3JPC3_V1_3_relaxed_B	LevyLab_A0A0H3JPC3_V1_3_relaxed_B 	8.220E+00	0.008	12	14	330	366	50	378	381	424	0.866	0.864
LOKIASV2_2925_ESMFold_TIM_barrel_protein	ProtVar_P60891_Q14558-2_B	ProtVar_P60891_Q14558-2_B 	7.386E+00	0.008	12	70	333	366	88	370	385	352	0.721	0.735
LOKIASV2_2925_ESMFold_TIM_barrel_protein	ModelArchive_ma-bak-cepc-0503_A	ModelArchive_ma-bak-cepc-0503_A Predicted interaction between RAD55 and CSM2 Predicted interaction between RAD55 and CSM2	9.149E+00	0.008	12	15	148	366	59	187	406	158	0.366	0.318
LOKIASV2_2925_ESMFold_TIM_barrel_protein	ProtVar_O94805_Q99538_B	ProtVar_O94805_Q99538_B 	2.672E+00	0.008	12	27	239	366	27	185	433	251	0.582	0.367
LOKIASV2_2925_ESMFold_TIM_barrel_protein	ProtVar_P85298_Q9H0C1_A	ProtVar_P85298_Q9H0C1_A 	4.563E+00	0.008	12	51	331	366	49	411	464	428	0.768	0.782
LOKIASV2_2925_ESMFold_TIM_barrel_protein	ProtVar_A0PJW6_Q8NFQ8_B	ProtVar_A0PJW6_Q8NFQ8_B 	5.078E+00	0.008	12	75	337	366	241	452	470	286	0.719	0.451
LOKIASV2_2925_ESMFold_TIM_barrel_protein	ProtVar_P19404_Q9BZZ5-2_B	ProtVar_P19404_Q9BZZ5-2_B 	3.309E+00	0.008	12	50	361	366	185	403	504	327	0.852	0.435
LOKIASV2_2925_ESMFold_TIM_barrel_protein	ProtVar_P09758_P78395_B	ProtVar_P09758_P78395_B 	9.149E+00	0.008	12	51	312	366	218	486	509	318	0.716	0.528
LOKIASV2_2925_ESMFold_TIM_barrel_protein	ProtVar_Q13011_Q9BYC2_B	ProtVar_Q13011_Q9BYC2_B 	7.001E+00	0.008	12	16	134	366	46	151	517	135	0.325	0.205
LOKIASV2_2925_ESMFold_TIM_barrel_protein	LevyLab_Q8N323_V1_4_relaxed_A	LevyLab_Q8N323_V1_4_relaxed_A 	5.652E+00	0.008	12	174	332	366	419	544	547	175	0.434	0.230
LOKIASV2_2925_ESMFold_TIM_barrel_protein	LevyLab_O15270_V1_3_relaxed_A	LevyLab_O15270_V1_3_relaxed_A 	3.683E+00	0.008	12	1	334	366	173	445	562	386	0.913	0.486
LOKIASV2_2925_ESMFold_TIM_barrel_protein	LevyLab_Q8XDW5_V1_5_relaxed_A	LevyLab_Q8XDW5_V1_5_relaxed_A 	5.078E+00	0.008	12	22	366	366	319	602	618	402	0.943	0.460
LOKIASV2_2925_ESMFold_TIM_barrel_protein	LevyLab_P54652_V1_4_relaxed_B	LevyLab_P54652_V1_4_relaxed_B 	3.137E+00	0.008	12	53	335	366	118	388	639	344	0.773	0.424
LOKIASV2_2925_ESMFold_TIM_barrel_protein	LevyLab_P39987_V1_4_relaxed_A	LevyLab_P39987_V1_4_relaxed_A 	3.886E+00	0.008	12	47	333	366	135	404	644	351	0.784	0.419
LOKIASV2_2925_ESMFold_TIM_barrel_protein	ProtVar_O60573_Q9BY84_B	ProtVar_O60573_Q9BY84_B 	7.001E+00	0.008	12	26	237	366	24	284	665	286	0.579	0.392
LOKIASV2_2925_ESMFold_TIM_barrel_protein	LevyLab_Q8XD16_V1_3_relaxed_B	LevyLab_Q8XD16_V1_3_relaxed_B 	9.149E+00	0.008	12	204	331	366	584	676	720	135	0.350	0.129
LOKIASV2_2925_ESMFold_TIM_barrel_protein	LevyLab_Q06708_V1_4_relaxed_B	LevyLab_Q06708_V1_4_relaxed_B 	5.962E+00	0.008	12	54	350	366	498	763	880	354	0.811	0.302
LOKIASV2_2925_ESMFold_TIM_barrel_protein	LevyLab_P25847_V1_3_relaxed_B	LevyLab_P25847_V1_3_relaxed_B 	2.401E+00	0.008	12	54	351	366	178	484	964	371	0.814	0.318
LOKIASV2_2925_ESMFold_TIM_barrel_protein	LevyLab_Q8U4Q9_V1_4_relaxed_B	LevyLab_Q8U4Q9_V1_4_relaxed_B 	4.813E+00	0.007	11	128	357	366	92	240	242	240	0.628	0.616
LOKIASV2_2925_ESMFold_TIM_barrel_protein	LevyLab_Q8X9H0_V1_4_relaxed_B	LevyLab_Q8X9H0_V1_4_relaxed_B 	6.290E+00	0.007	11	52	330	366	37	287	291	329	0.762	0.863
LOKIASV2_2925_ESMFold_TIM_barrel_protein	ProtVar_O00623_Q99685_B	ProtVar_O00623_Q99685_B 	7.792E+00	0.007	11	82	299	366	99	294	303	249	0.596	0.647
LOKIASV2_2925_ESMFold_TIM_barrel_protein	ProtVar_O00148_Q9H6V9_B	ProtVar_O00148_Q9H6V9_B 	7.001E+00	0.007	11	20	298	366	34	319	325	338	0.762	0.880
LOKIASV2_2925_ESMFold_TIM_barrel_protein	ProtVar_Q9BT73_Q9UHK6_B	ProtVar_Q9BT73_Q9UHK6_B 	9.651E+00	0.007	11	27	223	366	4	148	382	208	0.538	0.380
LOKIASV2_2925_ESMFold_TIM_barrel_protein	ProtVar_Q6IAA8_Q9UJT1-2_B	ProtVar_Q6IAA8_Q9UJT1-2_B 	8.220E+00	0.007	11	26	332	366	1	236	398	341	0.839	0.593
LOKIASV2_2925_ESMFold_TIM_barrel_protein	ProtVar_P04179_Q9NTG7_B	ProtVar_P04179_Q9NTG7_B 	2.974E+00	0.007	11	17	230	366	131	390	399	298	0.585	0.652
LOKIASV2_2925_ESMFold_TIM_barrel_protein	ProtVar_Q9BU70_Q9P272_B	ProtVar_Q9BU70_Q9P272_B 	7.386E+00	0.007	11	5	188	366	23	139	454	187	0.503	0.258
LOKIASV2_2925_ESMFold_TIM_barrel_protein	ProtVar_P16118_P16118_A	ProtVar_P16118_P16118_A 	6.290E+00	0.007	11	22	297	366	37	245	471	306	0.754	0.444
LOKIASV2_2925_ESMFold_TIM_barrel_protein	LevyLab_Q8X774_V1_4_relaxed_B	LevyLab_Q8X774_V1_4_relaxed_B 	2.672E+00	0.007	11	49	336	366	8	343	510	395	0.787	0.659
LOKIASV2_2925_ESMFold_TIM_barrel_protein	LevyLab_Q969Y0_V1_3_relaxed_B	LevyLab_Q969Y0_V1_3_relaxed_B 	5.962E+00	0.007	11	144	328	366	436	554	559	191	0.505	0.213
LOKIASV2_2925_ESMFold_TIM_barrel_protein	LevyLab_P49089_V1_3_relaxed_A	LevyLab_P49089_V1_3_relaxed_A 	8.220E+00	0.007	11	6	183	366	196	404	572	232	0.486	0.365
LOKIASV2_2925_ESMFold_TIM_barrel_protein	Predictome_xosja2w_TEP1_HUMAN__ORC2_HUMAN__3204aa_unrelaxed_af2mv3_model_2_B	Predictome_xosja2w_TEP1_HUMAN__ORC2_HUMAN__3204aa_unrelaxed_af2mv3_model_2_B 	5.078E+00	0.007	11	53	333	366	290	521	577	322	0.768	0.402
LOKIASV2_2925_ESMFold_TIM_barrel_protein	ModelArchive_ma-ne9d4_B	ModelArchive_ma-ne9d4_B Structural model of the complex between NHSL1 and PPP2R1A (1382-1410) generated using AlphaFold2 Structural model of the complex between NHSL1 and PPP2R1A (1382-1410) generated using AlphaFold2	9.651E+00	0.007	11	111	365	366	170	365	589	268	0.697	0.333
LOKIASV2_2925_ESMFold_TIM_barrel_protein	ModelArchive_ma-ad5bv_A	ModelArchive_ma-ad5bv_A A hypothetical model of the DnaK Hsp70 chaperone in an ATP bound, stimulated state. A hypothetical model of the DnaK Hsp70 chaperone in an ATP bound, stimulated state.	4.563E+00	0.007	11	45	331	366	104	385	603	352	0.784	0.468
LOKIASV2_2925_ESMFold_TIM_barrel_protein	ProtVar_O76031_P30042_A	ProtVar_O76031_P30042_A 	7.792E+00	0.007	11	40	297	366	254	535	633	320	0.705	0.445
LOKIASV2_2925_ESMFold_TIM_barrel_protein	LevyLab_P17066_V1_4_relaxed_A	LevyLab_P17066_V1_4_relaxed_A 	6.636E+00	0.007	11	53	336	366	119	383	643	335	0.776	0.412
LOKIASV2_2925_ESMFold_TIM_barrel_protein	ModelArchive_ma-bak-cepc-1049_A	ModelArchive_ma-bak-cepc-1049_A Predicted interaction between RRI2 and PCI8 Predicted interaction between RRI2 and PCI8	6.636E+00	0.007	11	47	363	366	100	376	645	387	0.866	0.429
LOKIASV2_2925_ESMFold_TIM_barrel_protein	ProtVar_P30153_P30154-2_B	ProtVar_P30153_P30154-2_B 	7.001E+00	0.007	11	4	365	366	66	377	667	420	0.989	0.468
LOKIASV2_2925_ESMFold_TIM_barrel_protein	ModelArchive_ma-bak-cepc-0594_B	ModelArchive_ma-bak-cepc-0594_B Predicted interaction between UFE1 and TIP20 Predicted interaction between UFE1 and TIP20	7.001E+00	0.007	11	8	299	366	226	466	701	325	0.798	0.344
LOKIASV2_2925_ESMFold_TIM_barrel_protein	ProtVar_P54886_Q9UGI8_A	ProtVar_P54886_Q9UGI8_A 	9.149E+00	0.007	11	19	332	366	66	344	795	364	0.858	0.351
LOKIASV2_2925_ESMFold_TIM_barrel_protein	ModelArchive_ma-bak-cepc-0433_A	ModelArchive_ma-bak-cepc-0433_A Predicted interaction between PPS1 and SER3 Predicted interaction between PPS1 and SER3	7.792E+00	0.007	11	56	338	366	186	533	807	386	0.773	0.431
LOKIASV2_2925_ESMFold_TIM_barrel_protein	ProtVar_O43424_P42262_B	ProtVar_O43424_P42262_B 	4.813E+00	0.007	11	27	343	366	25	319	883	371	0.866	0.334
LOKIASV2_2925_ESMFold_TIM_barrel_protein	ProtVar_P63096_Q9UBS5_B	ProtVar_P63096_Q9UBS5_B 	5.652E+00	0.007	11	14	310	366	227	523	961	353	0.811	0.309
LOKIASV2_2925_ESMFold_TIM_barrel_protein	LevyLab_Q9NR96_V1_4_relaxed_B	LevyLab_Q9NR96_V1_4_relaxed_B 	3.137E+00	0.007	11	66	273	366	598	762	1032	241	0.568	0.160
LOKIASV2_2925_ESMFold_TIM_barrel_protein	ProtVar_Q13423_Q13423_A	ProtVar_Q13423_Q13423_A 	7.001E+00	0.007	11	25	297	366	48	307	1086	339	0.746	0.239
LOKIASV2_2925_ESMFold_TIM_barrel_protein	ProtVar_P18621_Q7L2E3-2_B	ProtVar_P18621_Q7L2E3-2_B 	3.491E+00	0.007	11	3	330	366	438	718	1222	391	0.896	0.230
LOKIASV2_2925_ESMFold_TIM_barrel_protein	ProtVar_Q9H4E5_Q9NRY4_B	ProtVar_Q9H4E5_Q9NRY4_B 	9.149E+00	0.007	11	127	345	366	116	335	1499	274	0.598	0.147
LOKIASV2_2925_ESMFold_TIM_barrel_protein	LevyLab_P36068_V1_3_relaxed_A	LevyLab_P36068_V1_3_relaxed_A 	8.220E+00	0.000	10	204	336	366	100	234	246	145	0.363	0.549
LOKIASV2_2925_ESMFold_TIM_barrel_protein	ProtVar_P06748_Q8ZFR1_B	ProtVar_P06748_Q8ZFR1_B 	3.491E+00	0.000	10	8	195	366	24	244	278	265	0.514	0.795
LOKIASV2_2925_ESMFold_TIM_barrel_protein	ProtVar_O43399_Q9NPF4_B	ProtVar_O43399_Q9NPF4_B 	7.386E+00	0.000	10	49	329	366	38	308	335	347	0.768	0.809
LOKIASV2_2925_ESMFold_TIM_barrel_protein	LevyLab_P40348_V1_5_relaxed_B	LevyLab_P40348_V1_5_relaxed_B 	5.962E+00	0.000	10	26	330	366	58	352	353	378	0.833	0.836
LOKIASV2_2925_ESMFold_TIM_barrel_protein	ProtVar_Q5HYW2_Q7CHW4_B	ProtVar_Q5HYW2_Q7CHW4_B 	7.386E+00	0.000	10	23	186	366	6	101	393	170	0.448	0.244
LOKIASV2_2925_ESMFold_TIM_barrel_protein	ModelArchive_ma-rap-bacsu-004_B	ModelArchive_ma-rap-bacsu-004_B Predicted interaction between dhaS and gabD Predicted interaction between dhaS and gabD	8.220E+00	0.000	10	48	281	366	185	433	462	297	0.639	0.539
LOKIASV2_2925_ESMFold_TIM_barrel_protein	ProtVar_O14775_P35348_B	ProtVar_O14775_P35348_B 	8.672E+00	0.000	10	164	363	366	145	348	466	233	0.546	0.438
LOKIASV2_2925_ESMFold_TIM_barrel_protein	ProtVar_P00374_Q05932_B	ProtVar_P00374_Q05932_B 	7.386E+00	0.000	10	24	329	366	214	586	587	415	0.836	0.635
LOKIASV2_2925_ESMFold_TIM_barrel_protein	ProtVar_O75838_Q13057-2_B	ProtVar_O75838_Q13057-2_B 	5.652E+00	0.000	10	24	334	366	218	583	593	432	0.850	0.617
LOKIASV2_2925_ESMFold_TIM_barrel_protein	LevyLab_Q8XE76_V1_3_relaxed_A	LevyLab_Q8XE76_V1_3_relaxed_A 	7.386E+00	0.000	10	6	294	366	321	605	620	345	0.790	0.460
LOKIASV2_2925_ESMFold_TIM_barrel_protein	ProtVar_P11021_P34931_B	ProtVar_P11021_P34931_B 	7.001E+00	0.000	10	53	312	366	119	400	641	339	0.710	0.440
LOKIASV2_2925_ESMFold_TIM_barrel_protein	ProtVar_P08247_Q6P1M0_B	ProtVar_P08247_Q6P1M0_B 	6.290E+00	0.000	10	4	266	366	108	380	643	333	0.719	0.425
LOKIASV2_2925_ESMFold_TIM_barrel_protein	ProtVar_Q9H9L4_Q9P2N6_B	ProtVar_Q9H9L4_Q9P2N6_B 	9.651E+00	0.000	10	120	356	366	238	481	904	281	0.648	0.270
LOKIASV2_2925_ESMFold_TIM_barrel_protein	ModelArchive_ma-sysbio-bei-11_B	ModelArchive_ma-sysbio-bei-11_B DnaN-PolA - AlphaFold-Multimer model DnaN-PolA - AlphaFold-Multimer model	6.636E+00	0.000	10	25	303	366	5	285	928	345	0.762	0.303
LOKIASV2_2925_ESMFold_TIM_barrel_protein	LevyLab_Q8X8L3_V1_1_relaxed_B	LevyLab_Q8X8L3_V1_1_relaxed_B 	4.563E+00	0.000	9	113	301	366	67	243	253	225	0.516	0.700
LOKIASV2_2925_ESMFold_TIM_barrel_protein	ProtVar_O15400_Q9UQV4_A	ProtVar_O15400_Q9UQV4_A 	5.652E+00	0.000	9	109	337	366	34	197	261	243	0.626	0.628
LOKIASV2_2925_ESMFold_TIM_barrel_protein	ProtVar_P42772_Q13126_B	ProtVar_P42772_Q13126_B 	4.325E+00	0.000	9	130	336	366	73	274	283	265	0.566	0.714
LOKIASV2_2925_ESMFold_TIM_barrel_protein	ProtVar_O60393_Q49AR2_B	ProtVar_O60393_Q49AR2_B 	7.386E+00	0.000	9	120	335	366	223	422	442	261	0.590	0.452
LOKIASV2_2925_ESMFold_TIM_barrel_protein	ProtVar_Q8WV93_Q9BTZ2_A	ProtVar_Q8WV93_Q9BTZ2_A 	9.651E+00	0.000	9	25	332	366	155	468	481	374	0.842	0.653
LOKIASV2_2925_ESMFold_TIM_barrel_protein	ModelArchive_ma-rap-bacsu-027_A	ModelArchive_ma-rap-bacsu-027_A Predicted interaction between dnaX and yqeN Predicted interaction between dnaX and yqeN	7.386E+00	0.000	9	29	362	366	91	373	563	398	0.913	0.503
LOKIASV2_2925_ESMFold_TIM_barrel_protein	ProtVar_Q9NVI7_Q9NVI7_B	ProtVar_Q9NVI7_Q9NVI7_B 	7.792E+00	0.000	9	109	330	366	360	615	634	289	0.607	0.404
LOKIASV2_2925_ESMFold_TIM_barrel_protein	LevyLab_Q96S55_V1_3_relaxed_A	LevyLab_Q96S55_V1_3_relaxed_A 	8.220E+00	0.000	9	37	301	366	202	442	665	309	0.724	0.362
LOKIASV2_2925_ESMFold_TIM_barrel_protein	LevyLab_P27472_V1_3_relaxed_A	LevyLab_P27472_V1_3_relaxed_A 	5.652E+00	0.000	9	33	336	366	122	466	705	401	0.831	0.489
LOKIASV2_2925_ESMFold_TIM_barrel_protein	ProtVar_O60733_Q9NWT6_A	ProtVar_O60733_Q9NWT6_A 	7.792E+00	0.000	9	26	366	366	475	805	806	439	0.932	0.411
LOKIASV2_2925_ESMFold_TIM_barrel_protein	ProtVar_Q9UBB9_Q9Y5B6_B	ProtVar_Q9UBB9_Q9Y5B6_B 	8.220E+00	0.000	9	76	363	366	677	916	917	324	0.787	0.262
LOKIASV2_2925_ESMFold_TIM_barrel_protein	LevyLab_A0A0H3JJZ5_V1_2_relaxed_B	LevyLab_A0A0H3JJZ5_V1_2_relaxed_B 	9.651E+00	0.000	8	1	365	366	111	473	696	464	0.997	0.522
LOKIASV2_2925_ESMFold_TIM_barrel_protein	ProtVar_Q8IX21_Q8NDZ2_B	ProtVar_Q8IX21_Q8NDZ2_B 	9.651E+00	0.000	7	6	339	366	610	859	872	367	0.913	0.287
