LOKIASV2_0818_ESMFold_hypothetical_protein	A0A481YWN5_unrelaxed_rank_001_alphafold2_ptm_model_3_seed_000.pdb	A0A481YWN5_unrelaxed_rank_001_alphafold2_ptm_model_3_seed_000.pdb	2.348E-04	1.000	144	46	143	147	48	150	155	104	0.667	0.665
LOKIASV2_0818_ESMFold_hypothetical_protein	A0A8F8SNV8_unrelaxed_rank_001_alphafold2_ptm_model_3_seed_000.pdb	A0A8F8SNV8_unrelaxed_rank_001_alphafold2_ptm_model_3_seed_000.pdb	9.085E-03	1.000	105	34	141	147	224	328	330	111	0.735	0.318
LOKIASV2_0818_ESMFold_hypothetical_protein	A0A1V0CPF4_unrelaxed_rank_001_alphafold2_ptm_model_4_seed_000.pdb	A0A1V0CPF4_unrelaxed_rank_001_alphafold2_ptm_model_4_seed_000.pdb	1.839E-02	0.993	86	36	133	147	207	303	312	101	0.667	0.311
LOKIASV2_0818_ESMFold_hypothetical_protein	A0A1J0MH73_unrelaxed_rank_001_alphafold2_ptm_model_3_seed_000.pdb	A0A1J0MH73_unrelaxed_rank_001_alphafold2_ptm_model_3_seed_000.pdb	2.535E-02	0.988	82	60	115	147	19	81	175	64	0.381	0.360
LOKIASV2_0818_ESMFold_hypothetical_protein	A0A5B8HX49_unrelaxed_rank_001_alphafold2_ptm_model_3_seed_000.pdb	A0A5B8HX49_unrelaxed_rank_001_alphafold2_ptm_model_3_seed_000.pdb	5.799E-03	0.988	82	40	145	147	259	387	388	129	0.721	0.332
LOKIASV2_0818_ESMFold_hypothetical_protein	G0Z5M7_unrelaxed_rank_001_alphafold2_ptm_model_3_seed_000.pdb	G0Z5M7_unrelaxed_rank_001_alphafold2_ptm_model_3_seed_000.pdb	5.472E-02	0.986	81	60	144	147	55	144	199	95	0.578	0.452
LOKIASV2_0818_ESMFold_hypothetical_protein	A0A248SJM8_unrelaxed_rank_001_alphafold2_ptm_model_5_seed_000.pdb	A0A248SJM8_unrelaxed_rank_001_alphafold2_ptm_model_5_seed_000.pdb	5.835E-02	0.984	80	60	127	147	219	290	453	74	0.463	0.159
LOKIASV2_0818_ESMFold_hypothetical_protein	A0A3G5AJ94_unrelaxed_rank_001_alphafold2_ptm_model_2_seed_000.pdb	A0A3G5AJ94_unrelaxed_rank_001_alphafold2_ptm_model_2_seed_000.pdb	6.183E-03	0.981	79	30	143	147	49	202	207	154	0.776	0.744
LOKIASV2_0818_ESMFold_hypothetical_protein	A0A5J6VHZ3_unrelaxed_rank_001_alphafold2_ptm_model_4_seed_000.pdb	A0A5J6VHZ3_unrelaxed_rank_001_alphafold2_ptm_model_4_seed_000.pdb	5.835E-02	0.961	74	37	134	147	209	306	310	106	0.667	0.316
LOKIASV2_0818_ESMFold_hypothetical_protein	A0A5K0U872_unrelaxed_rank_001_alphafold2_ptm_model_3_seed_000.pdb	A0A5K0U872_unrelaxed_rank_001_alphafold2_ptm_model_3_seed_000.pdb	1.260E-01	0.933	70	64	131	147	318	385	460	71	0.463	0.148
LOKIASV2_0818_ESMFold_hypothetical_protein	K4I3W1_unrelaxed_rank_001_alphafold2_ptm_model_2_seed_000.pdb	K4I3W1_unrelaxed_rank_001_alphafold2_ptm_model_2_seed_000.pdb	5.835E-02	0.900	67	51	138	147	12	103	104	95	0.599	0.885
LOKIASV2_0818_ESMFold_hypothetical_protein	A0A076FFY5_unrelaxed_rank_001_alphafold2_ptm_model_4_seed_000.pdb	A0A076FFY5_unrelaxed_rank_001_alphafold2_ptm_model_4_seed_000.pdb	1.181E-01	0.900	67	38	143	147	189	315	317	127	0.721	0.401
LOKIASV2_0818_ESMFold_hypothetical_protein	A0A1D6Y721_unrelaxed_rank_001_alphafold2_ptm_model_1_seed_000.pdb	A0A1D6Y721_unrelaxed_rank_001_alphafold2_ptm_model_1_seed_000.pdb	3.515E-01	0.887	66	60	126	147	393	461	618	70	0.456	0.112
LOKIASV2_0818_ESMFold_hypothetical_protein	A0A0K0L942_unrelaxed_rank_001_alphafold2_ptm_model_1_seed_000.pdb	A0A0K0L942_unrelaxed_rank_001_alphafold2_ptm_model_1_seed_000.pdb	5.871E-01	0.837	63	60	113	147	21	72	73	54	0.367	0.712
LOKIASV2_0818_ESMFold_hypothetical_protein	A0A3T1CXH6_unrelaxed_rank_001_alphafold2_ptm_model_3_seed_000.pdb	A0A3T1CXH6_unrelaxed_rank_001_alphafold2_ptm_model_3_seed_000.pdb	3.296E-01	0.837	63	60	132	147	20	87	99	73	0.497	0.687
LOKIASV2_0818_ESMFold_hypothetical_protein	A0A7S9XG13_unrelaxed_rank_001_alphafold2_ptm_model_3_seed_000.pdb	A0A7S9XG13_unrelaxed_rank_001_alphafold2_ptm_model_3_seed_000.pdb	1.260E-01	0.837	63	38	147	147	229	365	365	141	0.748	0.375
LOKIASV2_0818_ESMFold_hypothetical_protein	A0A8E4UXT2_unrelaxed_rank_001_alphafold2_ptm_model_1_seed_000.pdb	A0A8E4UXT2_unrelaxed_rank_001_alphafold2_ptm_model_1_seed_000.pdb	9.141E-02	0.795	61	60	134	147	44	116	120	80	0.510	0.608
LOKIASV2_0818_ESMFold_hypothetical_protein	C9DGH3_unrelaxed_rank_001_alphafold2_ptm_model_3_seed_000.pdb	C9DGH3_unrelaxed_rank_001_alphafold2_ptm_model_3_seed_000.pdb	4.234E-02	0.795	61	27	147	147	30	146	237	127	0.823	0.494
LOKIASV2_0818_ESMFold_hypothetical_protein	A0A481Z4X0_unrelaxed_rank_001_alphafold2_ptm_model_3_seed_000.pdb	A0A481Z4X0_unrelaxed_rank_001_alphafold2_ptm_model_3_seed_000.pdb	3.296E-01	0.795	61	90	134	147	220	264	267	45	0.306	0.169
LOKIASV2_0818_ESMFold_hypothetical_protein	A0A3G5AGM3_unrelaxed_rank_001_alphafold2_ptm_model_3_seed_000.pdb	A0A3G5AGM3_unrelaxed_rank_001_alphafold2_ptm_model_3_seed_000.pdb	1.343E-01	0.795	61	61	133	147	22	92	419	80	0.497	0.169
LOKIASV2_0818_ESMFold_hypothetical_protein	A0A7T8IXY2_unrelaxed_rank_001_alphafold2_ptm_model_3_seed_000.pdb	A0A7T8IXY2_unrelaxed_rank_001_alphafold2_ptm_model_3_seed_000.pdb	4.260E-01	0.795	61	60	127	147	614	686	1184	74	0.463	0.062
LOKIASV2_0818_ESMFold_hypothetical_protein	A0A5C1K969_unrelaxed_rank_001_alphafold2_ptm_model_2_seed_000.pdb	A0A5C1K969_unrelaxed_rank_001_alphafold2_ptm_model_2_seed_000.pdb	2.551E-01	0.772	60	60	133	147	2	74	78	78	0.503	0.936
LOKIASV2_0818_ESMFold_hypothetical_protein	A0A8S5L9Y5_unrelaxed_rank_001_alphafold2_ptm_model_1_seed_000.pdb	A0A8S5L9Y5_unrelaxed_rank_001_alphafold2_ptm_model_1_seed_000.pdb	3.725E-02	0.772	60	56	147	147	13	108	158	106	0.626	0.608
LOKIASV2_0818_ESMFold_hypothetical_protein	A0A6J4EHY9_unrelaxed_rank_001_alphafold2_ptm_model_3_seed_000.pdb	A0A6J4EHY9_unrelaxed_rank_001_alphafold2_ptm_model_3_seed_000.pdb	1.628E-01	0.772	60	60	129	147	79	148	284	76	0.476	0.246
LOKIASV2_0818_ESMFold_hypothetical_protein	A0A127AWJ3_unrelaxed_rank_001_alphafold2_ptm_model_1_seed_000.pdb	A0A127AWJ3_unrelaxed_rank_001_alphafold2_ptm_model_1_seed_000.pdb	1.260E-01	0.772	60	38	128	147	280	372	378	96	0.619	0.246
LOKIASV2_0818_ESMFold_hypothetical_protein	A0A2Z3ECV7_unrelaxed_rank_001_alphafold2_ptm_model_3_seed_000.pdb	A0A2Z3ECV7_unrelaxed_rank_001_alphafold2_ptm_model_3_seed_000.pdb	8.041E-02	0.772	60	60	127	147	232	303	613	75	0.463	0.117
LOKIASV2_0818_ESMFold_hypothetical_protein	A0A8F8KNS3_unrelaxed_rank_001_alphafold2_ptm_model_1_seed_000.pdb	A0A8F8KNS3_unrelaxed_rank_001_alphafold2_ptm_model_1_seed_000.pdb	1.628E-01	0.747	59	58	115	147	25	87	111	65	0.395	0.568
LOKIASV2_0818_ESMFold_hypothetical_protein	Q997I8_unrelaxed_rank_001_alphafold2_ptm_model_3_seed_000.pdb	Q997I8_unrelaxed_rank_001_alphafold2_ptm_model_3_seed_000.pdb	9.141E-02	0.747	59	42	136	147	13	111	125	104	0.646	0.792
LOKIASV2_0818_ESMFold_hypothetical_protein	A0A2Z4QAR2_unrelaxed_rank_001_alphafold2_ptm_model_3_seed_000.pdb	A0A2Z4QAR2_unrelaxed_rank_001_alphafold2_ptm_model_3_seed_000.pdb	1.851E-01	0.747	59	60	116	147	169	232	326	64	0.388	0.196
LOKIASV2_0818_ESMFold_hypothetical_protein	A0A5K7Y7Z9_unrelaxed_rank_001_alphafold2_ptm_model_5_seed_000.pdb	A0A5K7Y7Z9_unrelaxed_rank_001_alphafold2_ptm_model_5_seed_000.pdb	1.432E-01	0.747	59	36	136	147	273	382	393	112	0.687	0.280
LOKIASV2_0818_ESMFold_hypothetical_protein	H6WG43_unrelaxed_rank_001_alphafold2_ptm_model_1_seed_000.pdb	H6WG43_unrelaxed_rank_001_alphafold2_ptm_model_1_seed_000.pdb	3.515E-01	0.747	59	57	129	147	248	329	630	83	0.497	0.130
LOKIASV2_0818_ESMFold_hypothetical_protein	I3PV05_unrelaxed_rank_001_alphafold2_ptm_model_3_seed_000.pdb	I3PV05_unrelaxed_rank_001_alphafold2_ptm_model_3_seed_000.pdb	1.527E-01	0.720	58	38	132	147	29	120	125	99	0.646	0.736
LOKIASV2_0818_ESMFold_hypothetical_protein	A0A6G5XVZ6_unrelaxed_rank_001_alphafold2_ptm_model_1_seed_000.pdb	A0A6G5XVZ6_unrelaxed_rank_001_alphafold2_ptm_model_1_seed_000.pdb	1.527E-01	0.720	58	52	114	147	209	281	542	73	0.429	0.135
LOKIASV2_0818_ESMFold_hypothetical_protein	A0A481YNZ5_unrelaxed_rank_001_alphafold2_ptm_model_3_seed_000.pdb	A0A481YNZ5_unrelaxed_rank_001_alphafold2_ptm_model_3_seed_000.pdb	2.392E-01	0.720	58	60	136	147	985	1062	1207	82	0.524	0.065
LOKIASV2_0818_ESMFold_hypothetical_protein	A0A076G7G4_unrelaxed_rank_001_alphafold2_ptm_model_3_seed_000.pdb	A0A076G7G4_unrelaxed_rank_001_alphafold2_ptm_model_3_seed_000.pdb	1.039E-01	0.692	57	34	144	147	3	111	175	114	0.755	0.623
LOKIASV2_0818_ESMFold_hypothetical_protein	A0A1S6KV63_unrelaxed_rank_001_alphafold2_ptm_model_2_seed_000.pdb	A0A1S6KV63_unrelaxed_rank_001_alphafold2_ptm_model_2_seed_000.pdb	1.260E-01	0.663	56	53	141	147	7	109	110	105	0.605	0.936
LOKIASV2_0818_ESMFold_hypothetical_protein	A0A127AZ63_unrelaxed_rank_001_alphafold2_ptm_model_3_seed_000.pdb	A0A127AZ63_unrelaxed_rank_001_alphafold2_ptm_model_3_seed_000.pdb	1.343E-01	0.632	55	25	144	147	13	124	212	123	0.816	0.528
LOKIASV2_0818_ESMFold_hypothetical_protein	A0A2Z5HG13_unrelaxed_rank_001_alphafold2_ptm_model_3_seed_000.pdb	A0A2Z5HG13_unrelaxed_rank_001_alphafold2_ptm_model_3_seed_000.pdb	3.296E-01	0.632	55	63	129	147	30	100	225	72	0.456	0.316
LOKIASV2_0818_ESMFold_hypothetical_protein	A0A7G4AWS1_unrelaxed_rank_001_alphafold2_ptm_model_1_seed_000.pdb	A0A7G4AWS1_unrelaxed_rank_001_alphafold2_ptm_model_1_seed_000.pdb	5.871E-01	0.601	54	60	114	147	4	58	59	56	0.374	0.932
LOKIASV2_0818_ESMFold_hypothetical_protein	A0A8S5LXU7_unrelaxed_rank_001_alphafold2_ptm_model_1_seed_000.pdb	A0A8S5LXU7_unrelaxed_rank_001_alphafold2_ptm_model_1_seed_000.pdb	3.296E-01	0.601	54	60	146	147	56	157	173	105	0.592	0.590
LOKIASV2_0818_ESMFold_hypothetical_protein	A0A1D3RL25_unrelaxed_rank_001_alphafold2_ptm_model_3_seed_000.pdb	A0A1D3RL25_unrelaxed_rank_001_alphafold2_ptm_model_3_seed_000.pdb	5.871E-01	0.601	54	60	127	147	34	110	257	79	0.463	0.300
LOKIASV2_0818_ESMFold_hypothetical_protein	A0A8F3CIK6_unrelaxed_rank_001_alphafold2_ptm_model_2_seed_000.pdb	A0A8F3CIK6_unrelaxed_rank_001_alphafold2_ptm_model_2_seed_000.pdb	2.243E-01	0.601	54	60	114	147	619	679	819	63	0.374	0.074
LOKIASV2_0818_ESMFold_hypothetical_protein	A0A7G5B9Q8_unrelaxed_rank_001_alphafold2_ptm_model_3_seed_000.pdb	A0A7G5B9Q8_unrelaxed_rank_001_alphafold2_ptm_model_3_seed_000.pdb	8.090E-01	0.569	53	59	114	147	23	79	85	61	0.381	0.671
LOKIASV2_0818_ESMFold_hypothetical_protein	A0A7S5UXC2_unrelaxed_rank_001_alphafold2_ptm_model_2_seed_000.pdb	A0A7S5UXC2_unrelaxed_rank_001_alphafold2_ptm_model_2_seed_000.pdb	2.882E-02	0.569	53	38	134	147	129	237	238	113	0.660	0.458
LOKIASV2_0818_ESMFold_hypothetical_protein	A0A346G3W1_unrelaxed_rank_001_alphafold2_ptm_model_4_seed_000.pdb	A0A346G3W1_unrelaxed_rank_001_alphafold2_ptm_model_4_seed_000.pdb	8.090E-01	0.569	53	40	127	147	250	330	349	91	0.599	0.232
LOKIASV2_0818_ESMFold_hypothetical_protein	D6PG52_unrelaxed_rank_001_alphafold2_ptm_model_5_seed_000.pdb	D6PG52_unrelaxed_rank_001_alphafold2_ptm_model_5_seed_000.pdb	6.674E-01	0.569	53	60	114	147	329	383	417	57	0.374	0.132
LOKIASV2_0818_ESMFold_hypothetical_protein	Q9JFB4_unrelaxed_rank_001_alphafold2_ptm_model_3_seed_000.pdb	Q9JFB4_unrelaxed_rank_001_alphafold2_ptm_model_3_seed_000.pdb	1.973E-01	0.569	53	59	132	147	704	786	985	88	0.503	0.084
LOKIASV2_0818_ESMFold_hypothetical_protein	A0A6G9ELK8_3_unrelaxed_rank_001_alphafold2_ptm_model_2_seed_000.pdb	A0A6G9ELK8_3_unrelaxed_rank_001_alphafold2_ptm_model_2_seed_000.pdb	1.260E-01	0.569	53	43	118	147	817	893	1177	79	0.517	0.065
LOKIASV2_0818_ESMFold_hypothetical_protein	R4JMR7_unrelaxed_rank_001_alphafold2_ptm_model_2_seed_000.pdb	R4JMR7_unrelaxed_rank_001_alphafold2_ptm_model_2_seed_000.pdb	4.843E-01	0.537	52	39	113	147	20	101	102	85	0.510	0.804
LOKIASV2_0818_ESMFold_hypothetical_protein	A0A2Z5HG24_unrelaxed_rank_001_alphafold2_ptm_model_3_seed_000.pdb	A0A2Z5HG24_unrelaxed_rank_001_alphafold2_ptm_model_3_seed_000.pdb	9.747E-02	0.537	52	42	147	147	8	112	123	113	0.721	0.854
LOKIASV2_0818_ESMFold_hypothetical_protein	M1N1W1_unrelaxed_rank_001_alphafold2_ptm_model_5_seed_000.pdb	M1N1W1_unrelaxed_rank_001_alphafold2_ptm_model_5_seed_000.pdb	1.851E-01	0.537	52	38	128	147	100	192	246	98	0.619	0.378
LOKIASV2_0818_ESMFold_hypothetical_protein	A0A0F7LU26_2_unrelaxed_rank_001_alphafold2_ptm_model_3_seed_000.pdb	A0A0F7LU26_2_unrelaxed_rank_001_alphafold2_ptm_model_3_seed_000.pdb	1.527E-01	0.537	52	43	114	147	673	745	755	78	0.490	0.097
LOKIASV2_0818_ESMFold_hypothetical_protein	A0A7R5WRX6_unrelaxed_rank_001_alphafold2_ptm_model_3_seed_000.pdb	A0A7R5WRX6_unrelaxed_rank_001_alphafold2_ptm_model_3_seed_000.pdb	2.882E-02	0.537	52	4	134	147	962	1120	1305	172	0.891	0.122
LOKIASV2_0818_ESMFold_hypothetical_protein	A0A8S5L9X4_unrelaxed_rank_001_alphafold2_ptm_model_1_seed_000.pdb	A0A8S5L9X4_unrelaxed_rank_001_alphafold2_ptm_model_1_seed_000.pdb	1.432E-01	0.505	51	36	114	147	2	73	74	83	0.537	0.973
LOKIASV2_0818_ESMFold_hypothetical_protein	A0A2I7R6B7_unrelaxed_rank_001_alphafold2_ptm_model_1_seed_000.pdb	A0A2I7R6B7_unrelaxed_rank_001_alphafold2_ptm_model_1_seed_000.pdb	5.871E-01	0.473	50	61	131	147	2	74	75	78	0.483	0.973
LOKIASV2_0818_ESMFold_hypothetical_protein	A0A8F1NI18_unrelaxed_rank_001_alphafold2_ptm_model_1_seed_000.pdb	A0A8F1NI18_unrelaxed_rank_001_alphafold2_ptm_model_1_seed_000.pdb	5.871E-01	0.473	50	60	133	147	2	85	93	87	0.503	0.903
LOKIASV2_0818_ESMFold_hypothetical_protein	A0A7D7ET37_unrelaxed_rank_001_alphafold2_ptm_model_2_seed_000.pdb	A0A7D7ET37_unrelaxed_rank_001_alphafold2_ptm_model_2_seed_000.pdb	1.851E-01	0.473	50	58	135	147	30	106	110	82	0.531	0.700
LOKIASV2_0818_ESMFold_hypothetical_protein	B2ZRP6_unrelaxed_rank_001_alphafold2_ptm_model_1_seed_000.pdb	B2ZRP6_unrelaxed_rank_001_alphafold2_ptm_model_1_seed_000.pdb	1.527E-01	0.473	50	52	114	147	47	120	121	79	0.429	0.612
LOKIASV2_0818_ESMFold_hypothetical_protein	A0A7M1RVA8_unrelaxed_rank_001_alphafold2_ptm_model_3_seed_000.pdb	A0A7M1RVA8_unrelaxed_rank_001_alphafold2_ptm_model_3_seed_000.pdb	1.343E-01	0.473	50	59	143	147	2	100	130	102	0.578	0.762
LOKIASV2_0818_ESMFold_hypothetical_protein	A0A6J5MGJ2_unrelaxed_rank_001_alphafold2_ptm_model_1_seed_000.pdb	A0A6J5MGJ2_unrelaxed_rank_001_alphafold2_ptm_model_1_seed_000.pdb	5.871E-01	0.442	49	68	123	147	3	52	80	57	0.381	0.625
LOKIASV2_0818_ESMFold_hypothetical_protein	A0A3G2YTB7_unrelaxed_rank_001_alphafold2_ptm_model_1_seed_000.pdb	A0A3G2YTB7_unrelaxed_rank_001_alphafold2_ptm_model_1_seed_000.pdb	5.506E-01	0.442	49	53	115	147	6	66	83	67	0.429	0.735
LOKIASV2_0818_ESMFold_hypothetical_protein	A0A4Y5P1P2_unrelaxed_rank_001_alphafold2_ptm_model_2_seed_000.pdb	A0A4Y5P1P2_unrelaxed_rank_001_alphafold2_ptm_model_2_seed_000.pdb	7.116E-01	0.442	49	49	134	147	6	106	124	102	0.585	0.815
LOKIASV2_0818_ESMFold_hypothetical_protein	A0A5Q2F1W6_unrelaxed_rank_001_alphafold2_ptm_model_1_seed_000.pdb	A0A5Q2F1W6_unrelaxed_rank_001_alphafold2_ptm_model_1_seed_000.pdb	2.900E-01	0.442	49	60	128	147	23	92	262	77	0.469	0.267
LOKIASV2_0818_ESMFold_hypothetical_protein	A0A159B6J9_unrelaxed_rank_001_alphafold2_ptm_model_1_seed_000.pdb	A0A159B6J9_unrelaxed_rank_001_alphafold2_ptm_model_1_seed_000.pdb	3.748E-01	0.411	48	69	129	147	9	82	103	74	0.415	0.718
LOKIASV2_0818_ESMFold_hypothetical_protein	A0A7D3UH23_unrelaxed_rank_001_alphafold2_ptm_model_1_seed_000.pdb	A0A7D3UH23_unrelaxed_rank_001_alphafold2_ptm_model_1_seed_000.pdb	2.243E-01	0.411	48	60	115	147	58	113	138	60	0.381	0.406
LOKIASV2_0818_ESMFold_hypothetical_protein	A0A7M1RR50_unrelaxed_rank_001_alphafold2_ptm_model_1_seed_000.pdb	A0A7M1RR50_unrelaxed_rank_001_alphafold2_ptm_model_1_seed_000.pdb	3.515E-01	0.411	48	68	127	147	43	98	161	60	0.408	0.348
LOKIASV2_0818_ESMFold_hypothetical_protein	A0A411HB79_unrelaxed_rank_001_alphafold2_ptm_model_2_seed_000.pdb	A0A411HB79_unrelaxed_rank_001_alphafold2_ptm_model_2_seed_000.pdb	2.243E-01	0.411	48	38	125	147	12	106	212	103	0.599	0.448
LOKIASV2_0818_ESMFold_hypothetical_protein	A0A345BQ26_unrelaxed_rank_001_alphafold2_ptm_model_2_seed_000.pdb	A0A345BQ26_unrelaxed_rank_001_alphafold2_ptm_model_2_seed_000.pdb	9.198E-01	0.411	48	63	124	147	5	63	331	62	0.422	0.178
LOKIASV2_0818_ESMFold_hypothetical_protein	A0A7G5M3Q0_unrelaxed_rank_001_alphafold2_ptm_model_5_seed_000.pdb	A0A7G5M3Q0_unrelaxed_rank_001_alphafold2_ptm_model_5_seed_000.pdb	5.871E-01	0.411	48	68	127	147	4	67	475	64	0.408	0.135
LOKIASV2_0818_ESMFold_hypothetical_protein	G4KKR7_unrelaxed_rank_001_alphafold2_ptm_model_1_seed_000.pdb	G4KKR7_unrelaxed_rank_001_alphafold2_ptm_model_1_seed_000.pdb	8.090E-01	0.411	48	60	129	147	159	250	749	92	0.476	0.123
LOKIASV2_0818_ESMFold_hypothetical_protein	A0A481Z726_unrelaxed_rank_001_alphafold2_ptm_model_4_seed_000.pdb	A0A481Z726_unrelaxed_rank_001_alphafold2_ptm_model_4_seed_000.pdb	1.747E+00	0.382	47	94	135	147	165	206	207	42	0.286	0.203
LOKIASV2_0818_ESMFold_hypothetical_protein	A0A6J5KL36_unrelaxed_rank_001_alphafold2_ptm_model_2_seed_000.pdb	A0A6J5KL36_unrelaxed_rank_001_alphafold2_ptm_model_2_seed_000.pdb	3.996E-01	0.353	46	49	115	147	5	71	75	69	0.456	0.893
LOKIASV2_0818_ESMFold_hypothetical_protein	A0A0H4J252_unrelaxed_rank_001_alphafold2_ptm_model_2_seed_000.pdb	A0A0H4J252_unrelaxed_rank_001_alphafold2_ptm_model_2_seed_000.pdb	4.260E-01	0.353	46	60	147	147	3	83	101	90	0.599	0.802
LOKIASV2_0818_ESMFold_hypothetical_protein	A0A915VF92_unrelaxed_rank_001_alphafold2_ptm_model_1_seed_000.pdb	A0A915VF92_unrelaxed_rank_001_alphafold2_ptm_model_1_seed_000.pdb	7.588E-01	0.353	46	33	113	147	27	113	114	87	0.551	0.763
LOKIASV2_0818_ESMFold_hypothetical_protein	A0A3G8F614_unrelaxed_rank_001_alphafold2_ptm_model_1_seed_000.pdb	A0A3G8F614_unrelaxed_rank_001_alphafold2_ptm_model_1_seed_000.pdb	9.807E-01	0.353	46	59	119	147	19	79	122	62	0.415	0.500
LOKIASV2_0818_ESMFold_hypothetical_protein	U5PWV2_unrelaxed_rank_001_alphafold2_ptm_model_1_seed_000.pdb	U5PWV2_unrelaxed_rank_001_alphafold2_ptm_model_1_seed_000.pdb	3.748E-01	0.353	46	1	119	147	1	122	125	134	0.810	0.976
LOKIASV2_0818_ESMFold_hypothetical_protein	A0A140CTU3_unrelaxed_rank_001_alphafold2_ptm_model_2_seed_000.pdb	A0A140CTU3_unrelaxed_rank_001_alphafold2_ptm_model_2_seed_000.pdb	4.260E-01	0.353	46	60	134	147	25	109	261	87	0.510	0.326
LOKIASV2_0818_ESMFold_hypothetical_protein	A0A385E5B6_unrelaxed_rank_001_alphafold2_ptm_model_5_seed_000.pdb	A0A385E5B6_unrelaxed_rank_001_alphafold2_ptm_model_5_seed_000.pdb	4.260E-01	0.353	46	53	129	147	34	109	380	79	0.524	0.200
LOKIASV2_0818_ESMFold_hypothetical_protein	A0A088FU01_unrelaxed_rank_001_alphafold2_ptm_model_2_seed_000.pdb	A0A088FU01_unrelaxed_rank_001_alphafold2_ptm_model_2_seed_000.pdb	7.116E-01	0.326	45	60	117	147	7	64	69	60	0.395	0.841
LOKIASV2_0818_ESMFold_hypothetical_protein	G3CFG9_unrelaxed_rank_001_alphafold2_ptm_model_3_seed_000.pdb	G3CFG9_unrelaxed_rank_001_alphafold2_ptm_model_3_seed_000.pdb	4.260E-01	0.326	45	36	133	147	10	123	126	120	0.667	0.905
LOKIASV2_0818_ESMFold_hypothetical_protein	A0A481Z1V1_unrelaxed_rank_001_alphafold2_ptm_model_1_seed_000.pdb	A0A481Z1V1_unrelaxed_rank_001_alphafold2_ptm_model_1_seed_000.pdb	7.588E-01	0.326	45	53	114	147	37	96	157	62	0.422	0.382
LOKIASV2_0818_ESMFold_hypothetical_protein	A0A6G5Y414_unrelaxed_rank_001_alphafold2_ptm_model_3_seed_000.pdb	A0A6G5Y414_unrelaxed_rank_001_alphafold2_ptm_model_3_seed_000.pdb	1.108E-01	0.326	45	60	143	147	73	165	216	100	0.571	0.431
LOKIASV2_0818_ESMFold_hypothetical_protein	P19297_unrelaxed_rank_001_alphafold2_ptm_model_4_seed_000.pdb	P19297_unrelaxed_rank_001_alphafold2_ptm_model_4_seed_000.pdb	4.543E-01	0.326	45	69	147	147	184	263	352	83	0.537	0.227
LOKIASV2_0818_ESMFold_hypothetical_protein	A0A0K1Y807_unrelaxed_rank_001_alphafold2_ptm_model_2_seed_000.pdb	A0A0K1Y807_unrelaxed_rank_001_alphafold2_ptm_model_2_seed_000.pdb	1.736E-01	0.326	45	61	147	147	158	246	357	95	0.592	0.249
LOKIASV2_0818_ESMFold_hypothetical_protein	A0A7S5RFW6_unrelaxed_rank_001_alphafold2_ptm_model_1_seed_000.pdb	A0A7S5RFW6_unrelaxed_rank_001_alphafold2_ptm_model_1_seed_000.pdb	9.198E-01	0.301	44	36	114	147	5	72	74	84	0.537	0.919
LOKIASV2_0818_ESMFold_hypothetical_protein	A0A482GB98_unrelaxed_rank_001_alphafold2_ptm_model_1_seed_000.pdb	A0A482GB98_unrelaxed_rank_001_alphafold2_ptm_model_1_seed_000.pdb	7.588E-01	0.301	44	60	126	147	2	76	77	79	0.456	0.974
LOKIASV2_0818_ESMFold_hypothetical_protein	A0A8E4ZGK2_unrelaxed_rank_001_alphafold2_ptm_model_2_seed_000.pdb	A0A8E4ZGK2_unrelaxed_rank_001_alphafold2_ptm_model_2_seed_000.pdb	5.164E-01	0.301	44	28	114	147	8	99	100	93	0.592	0.920
LOKIASV2_0818_ESMFold_hypothetical_protein	A0A2P0VND9_unrelaxed_rank_001_alphafold2_ptm_model_2_seed_000.pdb	A0A2P0VND9_unrelaxed_rank_001_alphafold2_ptm_model_2_seed_000.pdb	3.296E-01	0.301	44	32	118	147	2	92	335	94	0.592	0.272
LOKIASV2_0818_ESMFold_hypothetical_protein	A0A7S5V2G3_unrelaxed_rank_001_alphafold2_ptm_model_3_seed_000.pdb	A0A7S5V2G3_unrelaxed_rank_001_alphafold2_ptm_model_3_seed_000.pdb	1.638E+00	0.277	43	57	119	147	17	77	77	65	0.429	0.792
LOKIASV2_0818_ESMFold_hypothetical_protein	A0A0A7NNN7_unrelaxed_rank_001_alphafold2_ptm_model_1_seed_000.pdb	A0A0A7NNN7_unrelaxed_rank_001_alphafold2_ptm_model_1_seed_000.pdb	8.626E-01	0.277	43	77	132	147	17	86	109	70	0.381	0.642
LOKIASV2_0818_ESMFold_hypothetical_protein	A0A7G8LCM8_unrelaxed_rank_001_alphafold2_ptm_model_2_seed_000.pdb	A0A7G8LCM8_unrelaxed_rank_001_alphafold2_ptm_model_2_seed_000.pdb	5.164E-01	0.277	43	52	135	147	24	113	127	93	0.571	0.709
LOKIASV2_0818_ESMFold_hypothetical_protein	A0A4P6VQP8_unrelaxed_rank_001_alphafold2_ptm_model_2_seed_000.pdb	A0A4P6VQP8_unrelaxed_rank_001_alphafold2_ptm_model_2_seed_000.pdb	1.527E-01	0.277	43	3	115	147	14	145	145	134	0.769	0.910
LOKIASV2_0818_ESMFold_hypothetical_protein	A0A3T0PP25_unrelaxed_rank_001_alphafold2_ptm_model_4_seed_000.pdb	A0A3T0PP25_unrelaxed_rank_001_alphafold2_ptm_model_4_seed_000.pdb	3.296E-01	0.277	43	25	134	147	118	251	259	139	0.748	0.517
LOKIASV2_0818_ESMFold_hypothetical_protein	Q9YW50_unrelaxed_rank_001_alphafold2_ptm_model_3_seed_000.pdb	Q9YW50_unrelaxed_rank_001_alphafold2_ptm_model_3_seed_000.pdb	2.719E-01	0.277	43	60	133	147	1042	1124	1319	89	0.503	0.063
LOKIASV2_0818_ESMFold_hypothetical_protein	A9CB83_unrelaxed_rank_001_alphafold2_ptm_model_3_seed_000.pdb	A9CB83_unrelaxed_rank_001_alphafold2_ptm_model_3_seed_000.pdb	1.441E+00	0.254	42	68	137	147	34	105	118	74	0.476	0.610
LOKIASV2_0818_ESMFold_hypothetical_protein	A0A3G5AJU0_unrelaxed_rank_001_alphafold2_ptm_model_3_seed_000.pdb	A0A3G5AJU0_unrelaxed_rank_001_alphafold2_ptm_model_3_seed_000.pdb	6.260E-01	0.254	42	27	115	147	17	110	119	98	0.605	0.790
LOKIASV2_0818_ESMFold_hypothetical_protein	A0A516LFV9_unrelaxed_rank_001_alphafold2_ptm_model_1_seed_000.pdb	A0A516LFV9_unrelaxed_rank_001_alphafold2_ptm_model_1_seed_000.pdb	1.736E-01	0.254	42	50	132	147	26	114	197	95	0.565	0.452
LOKIASV2_0818_ESMFold_hypothetical_protein	G5CZ97_unrelaxed_rank_001_alphafold2_ptm_model_5_seed_000.pdb	G5CZ97_unrelaxed_rank_001_alphafold2_ptm_model_5_seed_000.pdb	3.515E-01	0.254	42	61	147	147	131	218	257	90	0.592	0.342
LOKIASV2_0818_ESMFold_hypothetical_protein	A0A8S5QGQ9_unrelaxed_rank_001_alphafold2_ptm_model_3_seed_000.pdb	A0A8S5QGQ9_unrelaxed_rank_001_alphafold2_ptm_model_3_seed_000.pdb	5.871E-01	0.254	42	60	127	147	177	263	269	87	0.463	0.323
LOKIASV2_0818_ESMFold_hypothetical_protein	A0A481Z6V6_unrelaxed_rank_001_alphafold2_ptm_model_3_seed_000.pdb	A0A481Z6V6_unrelaxed_rank_001_alphafold2_ptm_model_3_seed_000.pdb	1.189E+00	0.254	42	60	126	147	225	291	476	69	0.456	0.141
LOKIASV2_0818_ESMFold_hypothetical_protein	A0A0F7LXV1_unrelaxed_rank_001_alphafold2_ptm_model_3_seed_000.pdb	A0A0F7LXV1_unrelaxed_rank_001_alphafold2_ptm_model_3_seed_000.pdb	1.527E-01	0.254	42	12	128	147	768	875	898	128	0.796	0.120
LOKIASV2_0818_ESMFold_hypothetical_protein	A0A6J5NYZ1_unrelaxed_rank_001_alphafold2_ptm_model_1_seed_000.pdb	A0A6J5NYZ1_unrelaxed_rank_001_alphafold2_ptm_model_1_seed_000.pdb	9.198E-01	0.233	41	68	114	147	10	53	91	48	0.320	0.484
LOKIASV2_0818_ESMFold_hypothetical_protein	UPI00001D9796_unrelaxed_rank_001_alphafold2_ptm_model_3_seed_000.pdb	UPI00001D9796_unrelaxed_rank_001_alphafold2_ptm_model_3_seed_000.pdb	1.189E+00	0.233	41	69	136	147	16	86	101	74	0.463	0.703
LOKIASV2_0818_ESMFold_hypothetical_protein	A0A8D9PFE8_unrelaxed_rank_001_alphafold2_ptm_model_3_seed_000.pdb	A0A8D9PFE8_unrelaxed_rank_001_alphafold2_ptm_model_3_seed_000.pdb	1.628E-01	0.233	41	49	125	147	6	91	136	88	0.524	0.632
LOKIASV2_0818_ESMFold_hypothetical_protein	F1D171_unrelaxed_rank_001_alphafold2_ptm_model_3_seed_000.pdb	F1D171_unrelaxed_rank_001_alphafold2_ptm_model_3_seed_000.pdb	4.843E-01	0.233	41	51	131	147	4	95	190	95	0.551	0.484
LOKIASV2_0818_ESMFold_hypothetical_protein	A0A023W5F3_unrelaxed_rank_001_alphafold2_ptm_model_3_seed_000.pdb	A0A023W5F3_unrelaxed_rank_001_alphafold2_ptm_model_3_seed_000.pdb	1.181E-01	0.233	41	38	146	147	48	180	216	135	0.741	0.616
LOKIASV2_0818_ESMFold_hypothetical_protein	A0A1V0SLM7_unrelaxed_rank_001_alphafold2_ptm_model_3_seed_000.pdb	A0A1V0SLM7_unrelaxed_rank_001_alphafold2_ptm_model_3_seed_000.pdb	4.260E-01	0.233	41	35	130	147	34	145	290	115	0.653	0.386
LOKIASV2_0818_ESMFold_hypothetical_protein	A0A5S9BZ43_unrelaxed_rank_001_alphafold2_ptm_model_5_seed_000.pdb	A0A5S9BZ43_unrelaxed_rank_001_alphafold2_ptm_model_5_seed_000.pdb	1.638E+00	0.233	41	60	132	147	88	155	321	75	0.497	0.212
LOKIASV2_0818_ESMFold_hypothetical_protein	A0A8S5RUI7_unrelaxed_rank_001_alphafold2_ptm_model_1_seed_000.pdb	A0A8S5RUI7_unrelaxed_rank_001_alphafold2_ptm_model_1_seed_000.pdb	6.260E-01	0.233	41	60	132	147	239	321	329	84	0.497	0.252
LOKIASV2_0818_ESMFold_hypothetical_protein	A0A5J6TUA4_unrelaxed_rank_001_alphafold2_ptm_model_1_seed_000.pdb	A0A5J6TUA4_unrelaxed_rank_001_alphafold2_ptm_model_1_seed_000.pdb	6.260E-01	0.233	41	59	113	147	10	67	332	67	0.374	0.175
LOKIASV2_0818_ESMFold_hypothetical_protein	A0A2U8JHD2_unrelaxed_rank_001_alphafold2_ptm_model_2_seed_000.pdb	A0A2U8JHD2_unrelaxed_rank_001_alphafold2_ptm_model_2_seed_000.pdb	4.543E-01	0.233	41	53	147	147	124	235	363	115	0.646	0.309
LOKIASV2_0818_ESMFold_hypothetical_protein	A0A3G5ACG9_1_unrelaxed_rank_001_alphafold2_ptm_model_3_seed_000.pdb	A0A3G5ACG9_1_unrelaxed_rank_001_alphafold2_ptm_model_3_seed_000.pdb	1.536E+00	0.233	41	61	116	147	256	321	828	67	0.381	0.080
LOKIASV2_0818_ESMFold_hypothetical_protein	A0A1P8DIJ3_unrelaxed_rank_001_alphafold2_ptm_model_3_seed_000.pdb	A0A1P8DIJ3_unrelaxed_rank_001_alphafold2_ptm_model_3_seed_000.pdb	1.628E-01	0.233	41	33	134	147	111	216	989	120	0.694	0.107
LOKIASV2_0818_ESMFold_hypothetical_protein	A0A0F7LA32_unrelaxed_rank_001_alphafold2_ptm_model_3_seed_000.pdb	A0A0F7LA32_unrelaxed_rank_001_alphafold2_ptm_model_3_seed_000.pdb	2.407E+00	0.214	40	60	119	147	4	62	67	60	0.408	0.881
LOKIASV2_0818_ESMFold_hypothetical_protein	A0A110B650_unrelaxed_rank_001_alphafold2_ptm_model_2_seed_000.pdb	A0A110B650_unrelaxed_rank_001_alphafold2_ptm_model_2_seed_000.pdb	1.189E+00	0.214	40	43	114	147	9	81	83	78	0.490	0.880
LOKIASV2_0818_ESMFold_hypothetical_protein	A0A977PQB4_unrelaxed_rank_001_alphafold2_ptm_model_1_seed_000.pdb	A0A977PQB4_unrelaxed_rank_001_alphafold2_ptm_model_1_seed_000.pdb	1.536E+00	0.214	40	68	133	147	66	131	138	68	0.449	0.478
LOKIASV2_0818_ESMFold_hypothetical_protein	A0A858NI52_unrelaxed_rank_001_alphafold2_ptm_model_2_seed_000.pdb	A0A858NI52_unrelaxed_rank_001_alphafold2_ptm_model_2_seed_000.pdb	4.543E-01	0.214	40	43	146	147	3	106	142	114	0.707	0.732
LOKIASV2_0818_ESMFold_hypothetical_protein	A0A1P8DIR1_unrelaxed_rank_001_alphafold2_ptm_model_2_seed_000.pdb	A0A1P8DIR1_unrelaxed_rank_001_alphafold2_ptm_model_2_seed_000.pdb	7.588E-01	0.214	40	60	127	147	12	74	245	71	0.463	0.257
LOKIASV2_0818_ESMFold_hypothetical_protein	Q98224_unrelaxed_rank_001_alphafold2_ptm_model_1_seed_000.pdb	Q98224_unrelaxed_rank_001_alphafold2_ptm_model_1_seed_000.pdb	7.116E-01	0.214	40	31	124	147	459	559	593	106	0.639	0.170
LOKIASV2_0818_ESMFold_hypothetical_protein	A0A7G4YW77_2_unrelaxed_rank_001_alphafold2_ptm_model_5_seed_000.pdb	A0A7G4YW77_2_unrelaxed_rank_001_alphafold2_ptm_model_5_seed_000.pdb	5.164E-01	0.214	40	34	119	147	569	650	1409	93	0.585	0.058
LOKIASV2_0818_ESMFold_hypothetical_protein	A0A8S5T6W8_unrelaxed_rank_001_alphafold2_ptm_model_1_seed_000.pdb	A0A8S5T6W8_unrelaxed_rank_001_alphafold2_ptm_model_1_seed_000.pdb	1.115E+00	0.196	39	48	115	147	3	74	75	74	0.463	0.960
LOKIASV2_0818_ESMFold_hypothetical_protein	A0A2P0W9W7_unrelaxed_rank_001_alphafold2_ptm_model_3_seed_000.pdb	A0A2P0W9W7_unrelaxed_rank_001_alphafold2_ptm_model_3_seed_000.pdb	1.441E+00	0.196	39	53	118	147	1	66	96	69	0.449	0.688
LOKIASV2_0818_ESMFold_hypothetical_protein	A0A2D2W1Y5_unrelaxed_rank_001_alphafold2_ptm_model_1_seed_000.pdb	A0A2D2W1Y5_unrelaxed_rank_001_alphafold2_ptm_model_1_seed_000.pdb	4.843E-01	0.196	39	58	146	147	6	96	102	97	0.605	0.892
LOKIASV2_0818_ESMFold_hypothetical_protein	A0A6N1NUJ7_unrelaxed_rank_001_alphafold2_ptm_model_3_seed_000.pdb	A0A6N1NUJ7_unrelaxed_rank_001_alphafold2_ptm_model_3_seed_000.pdb	8.090E-01	0.196	39	30	126	147	2	91	105	101	0.660	0.857
LOKIASV2_0818_ESMFold_hypothetical_protein	A0A7S9TQG1_unrelaxed_rank_001_alphafold2_ptm_model_2_seed_000.pdb	A0A7S9TQG1_unrelaxed_rank_001_alphafold2_ptm_model_2_seed_000.pdb	2.551E-01	0.196	39	38	114	147	17	101	109	88	0.524	0.780
LOKIASV2_0818_ESMFold_hypothetical_protein	A0A3Q9R9W1_unrelaxed_rank_001_alphafold2_ptm_model_3_seed_000.pdb	A0A3Q9R9W1_unrelaxed_rank_001_alphafold2_ptm_model_3_seed_000.pdb	1.267E+00	0.196	39	58	119	147	2	63	122	63	0.422	0.508
LOKIASV2_0818_ESMFold_hypothetical_protein	UPI001D1A5B8E_unrelaxed_rank_001_alphafold2_ptm_model_3_seed_000.pdb	UPI001D1A5B8E_unrelaxed_rank_001_alphafold2_ptm_model_3_seed_000.pdb	1.181E-01	0.196	39	29	114	147	10	119	137	111	0.585	0.803
LOKIASV2_0818_ESMFold_hypothetical_protein	A0A2I6J166_unrelaxed_rank_001_alphafold2_ptm_model_5_seed_000.pdb	A0A2I6J166_unrelaxed_rank_001_alphafold2_ptm_model_5_seed_000.pdb	3.748E-01	0.196	39	52	142	147	24	107	246	93	0.619	0.341
LOKIASV2_0818_ESMFold_hypothetical_protein	A0A0A0PZG4_unrelaxed_rank_001_alphafold2_ptm_model_1_seed_000.pdb	A0A0A0PZG4_unrelaxed_rank_001_alphafold2_ptm_model_1_seed_000.pdb	5.506E-01	0.196	39	44	143	147	167	292	309	130	0.680	0.408
LOKIASV2_0818_ESMFold_hypothetical_protein	A0A8S5ST95_unrelaxed_rank_001_alphafold2_ptm_model_3_seed_000.pdb	A0A8S5ST95_unrelaxed_rank_001_alphafold2_ptm_model_3_seed_000.pdb	4.843E-01	0.179	38	38	115	147	8	85	90	82	0.531	0.867
LOKIASV2_0818_ESMFold_hypothetical_protein	A0A6N1NV17_unrelaxed_rank_001_alphafold2_ptm_model_3_seed_000.pdb	A0A6N1NV17_unrelaxed_rank_001_alphafold2_ptm_model_3_seed_000.pdb	1.189E+00	0.179	38	80	141	147	35	93	120	63	0.422	0.492
LOKIASV2_0818_ESMFold_hypothetical_protein	A0A481Z904_unrelaxed_rank_001_alphafold2_ptm_model_5_seed_000.pdb	A0A481Z904_unrelaxed_rank_001_alphafold2_ptm_model_5_seed_000.pdb	5.164E-01	0.179	38	25	114	147	258	350	352	96	0.612	0.264
LOKIASV2_0818_ESMFold_hypothetical_protein	A0A5Q2WBW0_unrelaxed_rank_001_alphafold2_ptm_model_1_seed_000.pdb	A0A5Q2WBW0_unrelaxed_rank_001_alphafold2_ptm_model_1_seed_000.pdb	2.917E+00	0.164	37	68	114	147	14	59	60	47	0.320	0.767
LOKIASV2_0818_ESMFold_hypothetical_protein	A0A5Q2U7T1_unrelaxed_rank_001_alphafold2_ptm_model_2_seed_000.pdb	A0A5Q2U7T1_unrelaxed_rank_001_alphafold2_ptm_model_2_seed_000.pdb	1.862E+00	0.164	37	36	113	147	21	86	89	80	0.531	0.742
LOKIASV2_0818_ESMFold_hypothetical_protein	A0A2I2L430_unrelaxed_rank_001_alphafold2_ptm_model_3_seed_000.pdb	A0A2I2L430_unrelaxed_rank_001_alphafold2_ptm_model_3_seed_000.pdb	9.807E-01	0.164	37	60	127	147	18	86	90	79	0.463	0.767
LOKIASV2_0818_ESMFold_hypothetical_protein	A0A248SK69_unrelaxed_rank_001_alphafold2_ptm_model_3_seed_000.pdb	A0A248SK69_unrelaxed_rank_001_alphafold2_ptm_model_3_seed_000.pdb	7.116E-01	0.164	37	77	134	147	53	108	109	58	0.395	0.514
LOKIASV2_0818_ESMFold_hypothetical_protein	A0A8S5V240_unrelaxed_rank_001_alphafold2_ptm_model_1_seed_000.pdb	A0A8S5V240_unrelaxed_rank_001_alphafold2_ptm_model_1_seed_000.pdb	7.116E-01	0.164	37	72	143	147	55	121	122	74	0.490	0.549
LOKIASV2_0818_ESMFold_hypothetical_protein	A0A5B8IHP6_unrelaxed_rank_001_alphafold2_ptm_model_3_seed_000.pdb	A0A5B8IHP6_unrelaxed_rank_001_alphafold2_ptm_model_3_seed_000.pdb	1.046E+00	0.164	37	60	114	147	60	115	148	58	0.374	0.378
LOKIASV2_0818_ESMFold_hypothetical_protein	A0A915VLT2_unrelaxed_rank_001_alphafold2_ptm_model_2_seed_000.pdb	A0A915VLT2_unrelaxed_rank_001_alphafold2_ptm_model_2_seed_000.pdb	6.674E-01	0.164	37	55	119	147	90	156	169	69	0.442	0.396
LOKIASV2_0818_ESMFold_hypothetical_protein	A0A7G3PHT5_unrelaxed_rank_001_alphafold2_ptm_model_1_seed_000.pdb	A0A7G3PHT5_unrelaxed_rank_001_alphafold2_ptm_model_1_seed_000.pdb	3.296E-01	0.164	37	37	143	147	46	177	192	136	0.728	0.688
LOKIASV2_0818_ESMFold_hypothetical_protein	A0A8E7F1A5_unrelaxed_rank_001_alphafold2_ptm_model_3_seed_000.pdb	A0A8E7F1A5_unrelaxed_rank_001_alphafold2_ptm_model_3_seed_000.pdb	2.117E+00	0.164	37	58	113	147	2	58	196	58	0.381	0.291
LOKIASV2_0818_ESMFold_hypothetical_protein	A0A1S6L3I9_unrelaxed_rank_001_alphafold2_ptm_model_3_seed_000.pdb	A0A1S6L3I9_unrelaxed_rank_001_alphafold2_ptm_model_3_seed_000.pdb	1.115E+00	0.164	37	60	127	147	410	476	485	74	0.463	0.138
LOKIASV2_0818_ESMFold_hypothetical_protein	A0A8G0QVS5_unrelaxed_rank_001_alphafold2_ptm_model_2_seed_000.pdb	A0A8G0QVS5_unrelaxed_rank_001_alphafold2_ptm_model_2_seed_000.pdb	1.046E+00	0.164	37	28	114	147	192	278	626	91	0.592	0.139
LOKIASV2_0818_ESMFold_hypothetical_protein	A0A4D6E4V2_unrelaxed_rank_001_alphafold2_ptm_model_3_seed_000.pdb	A0A4D6E4V2_unrelaxed_rank_001_alphafold2_ptm_model_3_seed_000.pdb	4.543E-01	0.164	37	2	119	147	219	330	631	133	0.803	0.177
LOKIASV2_0818_ESMFold_hypothetical_protein	A0A0C5ACS1_unrelaxed_rank_001_alphafold2_ptm_model_2_seed_000.pdb	A0A0C5ACS1_unrelaxed_rank_001_alphafold2_ptm_model_2_seed_000.pdb	3.996E-01	0.164	37	34	147	147	136	251	1110	123	0.776	0.105
LOKIASV2_0818_ESMFold_hypothetical_protein	R9QT62_unrelaxed_rank_001_alphafold2_ptm_model_2_seed_000.pdb	R9QT62_unrelaxed_rank_001_alphafold2_ptm_model_2_seed_000.pdb	5.164E-01	0.150	36	34	115	147	1	77	80	87	0.558	0.962
LOKIASV2_0818_ESMFold_hypothetical_protein	A0A8S5M790_unrelaxed_rank_001_alphafold2_ptm_model_3_seed_000.pdb	A0A8S5M790_unrelaxed_rank_001_alphafold2_ptm_model_3_seed_000.pdb	9.807E-01	0.150	36	58	125	147	4	71	81	72	0.463	0.840
LOKIASV2_0818_ESMFold_hypothetical_protein	A0A6J5L6B6_unrelaxed_rank_001_alphafold2_ptm_model_3_seed_000.pdb	A0A6J5L6B6_unrelaxed_rank_001_alphafold2_ptm_model_3_seed_000.pdb	1.267E+00	0.150	36	52	128	147	2	89	90	92	0.524	0.978
LOKIASV2_0818_ESMFold_hypothetical_protein	A0A8A6C6S8_unrelaxed_rank_001_alphafold2_ptm_model_3_seed_000.pdb	A0A8A6C6S8_unrelaxed_rank_001_alphafold2_ptm_model_3_seed_000.pdb	1.351E+00	0.150	36	53	131	147	1	89	92	90	0.537	0.967
LOKIASV2_0818_ESMFold_hypothetical_protein	B6EFB2_unrelaxed_rank_001_alphafold2_ptm_model_1_seed_000.pdb	B6EFB2_unrelaxed_rank_001_alphafold2_ptm_model_1_seed_000.pdb	2.407E+00	0.150	36	68	126	147	11	71	104	62	0.401	0.587
LOKIASV2_0818_ESMFold_hypothetical_protein	A0A6G5Y0I2_unrelaxed_rank_001_alphafold2_ptm_model_1_seed_000.pdb	A0A6G5Y0I2_unrelaxed_rank_001_alphafold2_ptm_model_1_seed_000.pdb	2.736E+00	0.150	36	60	114	147	30	83	122	55	0.374	0.443
LOKIASV2_0818_ESMFold_hypothetical_protein	C6K5C9_unrelaxed_rank_001_alphafold2_ptm_model_1_seed_000.pdb	C6K5C9_unrelaxed_rank_001_alphafold2_ptm_model_1_seed_000.pdb	8.626E-01	0.150	36	35	114	147	58	138	153	87	0.544	0.529
LOKIASV2_0818_ESMFold_hypothetical_protein	A0A873WHP2_unrelaxed_rank_001_alphafold2_ptm_model_3_seed_000.pdb	A0A873WHP2_unrelaxed_rank_001_alphafold2_ptm_model_3_seed_000.pdb	3.748E-01	0.150	36	2	114	147	44	142	154	116	0.769	0.643
LOKIASV2_0818_ESMFold_hypothetical_protein	A0A2U8UIF4_unrelaxed_rank_001_alphafold2_ptm_model_2_seed_000.pdb	A0A2U8UIF4_unrelaxed_rank_001_alphafold2_ptm_model_2_seed_000.pdb	1.351E+00	0.150	36	60	146	147	40	144	158	111	0.592	0.665
LOKIASV2_0818_ESMFold_hypothetical_protein	A0A385E6S4_unrelaxed_rank_001_alphafold2_ptm_model_5_seed_000.pdb	A0A385E6S4_unrelaxed_rank_001_alphafold2_ptm_model_5_seed_000.pdb	7.116E-01	0.150	36	18	141	147	47	165	245	133	0.844	0.486
LOKIASV2_0818_ESMFold_hypothetical_protein	A0A9E8S379_unrelaxed_rank_001_alphafold2_ptm_model_2_seed_000.pdb	A0A9E8S379_unrelaxed_rank_001_alphafold2_ptm_model_2_seed_000.pdb	5.164E-01	0.150	36	52	123	147	182	248	256	75	0.490	0.262
LOKIASV2_0818_ESMFold_hypothetical_protein	A0A4D5XFA7_unrelaxed_rank_001_alphafold2_ptm_model_1_seed_000.pdb	A0A4D5XFA7_unrelaxed_rank_001_alphafold2_ptm_model_1_seed_000.pdb	9.198E-01	0.150	36	57	102	147	10	53	276	48	0.313	0.159
LOKIASV2_0818_ESMFold_hypothetical_protein	A0A7D3QWU1_unrelaxed_rank_001_alphafold2_ptm_model_4_seed_000.pdb	A0A7D3QWU1_unrelaxed_rank_001_alphafold2_ptm_model_4_seed_000.pdb	1.115E+00	0.150	36	68	137	147	194	267	301	75	0.476	0.246
LOKIASV2_0818_ESMFold_hypothetical_protein	A0A8F8X646_unrelaxed_rank_001_alphafold2_ptm_model_4_seed_000.pdb	A0A8F8X646_unrelaxed_rank_001_alphafold2_ptm_model_4_seed_000.pdb	3.536E+00	0.150	36	60	114	147	12	67	390	58	0.374	0.144
LOKIASV2_0818_ESMFold_hypothetical_protein	A0A221Q8U9_unrelaxed_rank_001_alphafold2_ptm_model_3_seed_000.pdb	A0A221Q8U9_unrelaxed_rank_001_alphafold2_ptm_model_3_seed_000.pdb	9.807E-01	0.150	36	90	142	147	404	456	457	53	0.361	0.116
LOKIASV2_0818_ESMFold_hypothetical_protein	A0A4P8N510_unrelaxed_rank_001_alphafold2_ptm_model_5_seed_000.pdb	A0A4P8N510_unrelaxed_rank_001_alphafold2_ptm_model_5_seed_000.pdb	1.638E+00	0.150	36	58	126	147	198	270	489	73	0.469	0.149
LOKIASV2_0818_ESMFold_hypothetical_protein	A0A1R3SQW5_unrelaxed_rank_001_alphafold2_ptm_model_1_seed_000.pdb	A0A1R3SQW5_unrelaxed_rank_001_alphafold2_ptm_model_1_seed_000.pdb	2.117E+00	0.150	36	63	129	147	109	172	616	67	0.456	0.104
LOKIASV2_0818_ESMFold_hypothetical_protein	A0A5K0U8I2_unrelaxed_rank_001_alphafold2_ptm_model_3_seed_000.pdb	A0A5K0U8I2_unrelaxed_rank_001_alphafold2_ptm_model_3_seed_000.pdb	1.638E+00	0.150	36	68	147	147	633	714	892	87	0.544	0.092
LOKIASV2_0818_ESMFold_hypothetical_protein	UPI001E6A6E84_unrelaxed_rank_001_alphafold2_ptm_model_1_seed_000.pdb	UPI001E6A6E84_unrelaxed_rank_001_alphafold2_ptm_model_1_seed_000.pdb	2.117E+00	0.150	36	59	115	147	432	486	1191	58	0.388	0.046
LOKIASV2_0818_ESMFold_hypothetical_protein	A0A6J5R5T3_unrelaxed_rank_001_alphafold2_ptm_model_3_seed_000.pdb	A0A6J5R5T3_unrelaxed_rank_001_alphafold2_ptm_model_3_seed_000.pdb	1.536E+00	0.138	35	60	114	147	11	64	71	58	0.374	0.761
LOKIASV2_0818_ESMFold_hypothetical_protein	A0A2L1IWD1_unrelaxed_rank_001_alphafold2_ptm_model_2_seed_000.pdb	A0A2L1IWD1_unrelaxed_rank_001_alphafold2_ptm_model_2_seed_000.pdb	1.536E+00	0.138	35	59	119	147	2	62	74	66	0.415	0.824
LOKIASV2_0818_ESMFold_hypothetical_protein	A0A2S1GLV9_unrelaxed_rank_001_alphafold2_ptm_model_2_seed_000.pdb	A0A2S1GLV9_unrelaxed_rank_001_alphafold2_ptm_model_2_seed_000.pdb	1.536E+00	0.138	35	29	75	147	3	49	75	47	0.320	0.627
LOKIASV2_0818_ESMFold_hypothetical_protein	A0A8E5K7D4_unrelaxed_rank_001_alphafold2_ptm_model_3_seed_000.pdb	A0A8E5K7D4_unrelaxed_rank_001_alphafold2_ptm_model_3_seed_000.pdb	1.747E+00	0.138	35	60	133	147	2	76	78	79	0.503	0.962
LOKIASV2_0818_ESMFold_hypothetical_protein	A0A1W6JU52_unrelaxed_rank_001_alphafold2_ptm_model_1_seed_000.pdb	A0A1W6JU52_unrelaxed_rank_001_alphafold2_ptm_model_1_seed_000.pdb	2.407E+00	0.138	35	59	132	147	2	81	82	84	0.503	0.976
LOKIASV2_0818_ESMFold_hypothetical_protein	A0A6H2A6F2_unrelaxed_rank_001_alphafold2_ptm_model_2_seed_000.pdb	A0A6H2A6F2_unrelaxed_rank_001_alphafold2_ptm_model_2_seed_000.pdb	2.257E+00	0.138	35	52	114	147	16	86	91	75	0.429	0.780
LOKIASV2_0818_ESMFold_hypothetical_protein	Q9DVZ9_unrelaxed_rank_001_alphafold2_ptm_model_3_seed_000.pdb	Q9DVZ9_unrelaxed_rank_001_alphafold2_ptm_model_3_seed_000.pdb	1.189E+00	0.138	35	60	138	147	17	95	97	84	0.537	0.814
LOKIASV2_0818_ESMFold_hypothetical_protein	R4TFK2_unrelaxed_rank_001_alphafold2_ptm_model_3_seed_000.pdb	R4TFK2_unrelaxed_rank_001_alphafold2_ptm_model_3_seed_000.pdb	7.116E-01	0.138	35	38	122	147	4	96	104	94	0.578	0.894
LOKIASV2_0818_ESMFold_hypothetical_protein	A0A2U8UNC9_unrelaxed_rank_001_alphafold2_ptm_model_1_seed_000.pdb	A0A2U8UNC9_unrelaxed_rank_001_alphafold2_ptm_model_1_seed_000.pdb	3.092E-01	0.138	35	60	147	147	18	120	120	111	0.599	0.858
LOKIASV2_0818_ESMFold_hypothetical_protein	A0A3G4ZRZ6_unrelaxed_rank_001_alphafold2_ptm_model_1_seed_000.pdb	A0A3G4ZRZ6_unrelaxed_rank_001_alphafold2_ptm_model_1_seed_000.pdb	3.111E+00	0.138	35	68	131	147	7	75	141	71	0.435	0.489
LOKIASV2_0818_ESMFold_hypothetical_protein	B2ZYG5_unrelaxed_rank_001_alphafold2_ptm_model_3_seed_000.pdb	B2ZYG5_unrelaxed_rank_001_alphafold2_ptm_model_3_seed_000.pdb	1.638E+00	0.138	35	59	143	147	2	88	143	90	0.578	0.608
LOKIASV2_0818_ESMFold_hypothetical_protein	A0A3G5A099_unrelaxed_rank_001_alphafold2_ptm_model_2_seed_000.pdb	A0A3G5A099_unrelaxed_rank_001_alphafold2_ptm_model_2_seed_000.pdb	1.432E-01	0.138	35	17	114	147	17	109	153	102	0.667	0.608
LOKIASV2_0818_ESMFold_hypothetical_protein	M9MJE0_unrelaxed_rank_001_alphafold2_ptm_model_3_seed_000.pdb	M9MJE0_unrelaxed_rank_001_alphafold2_ptm_model_3_seed_000.pdb	1.862E+00	0.138	35	52	129	147	6	82	162	85	0.531	0.475
LOKIASV2_0818_ESMFold_hypothetical_protein	M1HGJ9_unrelaxed_rank_001_alphafold2_ptm_model_2_seed_000.pdb	M1HGJ9_unrelaxed_rank_001_alphafold2_ptm_model_2_seed_000.pdb	1.441E+00	0.138	35	49	114	147	65	130	169	68	0.449	0.391
LOKIASV2_0818_ESMFold_hypothetical_protein	A0A7M1RS51_unrelaxed_rank_001_alphafold2_ptm_model_3_seed_000.pdb	A0A7M1RS51_unrelaxed_rank_001_alphafold2_ptm_model_3_seed_000.pdb	1.638E+00	0.138	35	67	114	147	60	108	204	49	0.327	0.240
LOKIASV2_0818_ESMFold_hypothetical_protein	A0A2Z5HIB2_unrelaxed_rank_001_alphafold2_ptm_model_5_seed_000.pdb	A0A2Z5HIB2_unrelaxed_rank_001_alphafold2_ptm_model_5_seed_000.pdb	8.090E-01	0.138	35	55	114	147	5	80	281	78	0.408	0.270
LOKIASV2_0818_ESMFold_hypothetical_protein	A0A7D5B181_unrelaxed_rank_001_alphafold2_ptm_model_5_seed_000.pdb	A0A7D5B181_unrelaxed_rank_001_alphafold2_ptm_model_5_seed_000.pdb	8.573E-02	0.138	35	2	114	147	32	140	432	119	0.769	0.252
LOKIASV2_0818_ESMFold_hypothetical_protein	A0A2S1GS58_unrelaxed_rank_001_alphafold2_ptm_model_2_seed_000.pdb	A0A2S1GS58_unrelaxed_rank_001_alphafold2_ptm_model_2_seed_000.pdb	9.807E-01	0.126	34	40	114	147	10	68	69	75	0.510	0.855
LOKIASV2_0818_ESMFold_hypothetical_protein	A0A8S5L0S9_unrelaxed_rank_001_alphafold2_ptm_model_3_seed_000.pdb	A0A8S5L0S9_unrelaxed_rank_001_alphafold2_ptm_model_3_seed_000.pdb	3.111E+00	0.126	34	71	147	147	3	75	75	77	0.524	0.973
LOKIASV2_0818_ESMFold_hypothetical_protein	A0A5J6TNA7_unrelaxed_rank_001_alphafold2_ptm_model_3_seed_000.pdb	A0A5J6TNA7_unrelaxed_rank_001_alphafold2_ptm_model_3_seed_000.pdb	1.986E+00	0.126	34	60	129	147	9	84	86	80	0.476	0.884
LOKIASV2_0818_ESMFold_hypothetical_protein	A0A8S5SYR9_unrelaxed_rank_001_alphafold2_ptm_model_3_seed_000.pdb	A0A8S5SYR9_unrelaxed_rank_001_alphafold2_ptm_model_3_seed_000.pdb	1.267E+00	0.126	34	67	143	147	16	79	86	77	0.524	0.744
LOKIASV2_0818_ESMFold_hypothetical_protein	A0A481W5M9_unrelaxed_rank_001_alphafold2_ptm_model_3_seed_000.pdb	A0A481W5M9_unrelaxed_rank_001_alphafold2_ptm_model_3_seed_000.pdb	9.198E-01	0.126	34	26	114	147	9	94	95	97	0.605	0.905
LOKIASV2_0818_ESMFold_hypothetical_protein	A0A8S5M5C5_unrelaxed_rank_001_alphafold2_ptm_model_2_seed_000.pdb	A0A8S5M5C5_unrelaxed_rank_001_alphafold2_ptm_model_2_seed_000.pdb	1.747E+00	0.126	34	60	145	147	11	108	115	105	0.585	0.852
LOKIASV2_0818_ESMFold_hypothetical_protein	J7FAF7_unrelaxed_rank_001_alphafold2_ptm_model_3_seed_000.pdb	J7FAF7_unrelaxed_rank_001_alphafold2_ptm_model_3_seed_000.pdb	2.117E+00	0.126	34	61	114	147	2	55	131	54	0.367	0.412
LOKIASV2_0818_ESMFold_hypothetical_protein	A0A345MNG9_unrelaxed_rank_001_alphafold2_ptm_model_1_seed_000.pdb	A0A345MNG9_unrelaxed_rank_001_alphafold2_ptm_model_1_seed_000.pdb	6.260E-01	0.126	34	38	123	147	44	128	158	93	0.585	0.538
LOKIASV2_0818_ESMFold_hypothetical_protein	G1JWC9_unrelaxed_rank_001_alphafold2_ptm_model_3_seed_000.pdb	G1JWC9_unrelaxed_rank_001_alphafold2_ptm_model_3_seed_000.pdb	1.638E+00	0.126	34	75	146	147	114	194	201	81	0.490	0.403
LOKIASV2_0818_ESMFold_hypothetical_protein	A0A5P8D357_unrelaxed_rank_001_alphafold2_ptm_model_3_seed_000.pdb	A0A5P8D357_unrelaxed_rank_001_alphafold2_ptm_model_3_seed_000.pdb	3.092E-01	0.126	34	34	145	147	91	206	221	122	0.762	0.525
LOKIASV2_0818_ESMFold_hypothetical_protein	A0A5J6A1J4_unrelaxed_rank_001_alphafold2_ptm_model_3_seed_000.pdb	A0A5J6A1J4_unrelaxed_rank_001_alphafold2_ptm_model_3_seed_000.pdb	8.090E-01	0.126	34	68	144	147	64	149	233	93	0.524	0.369
LOKIASV2_0818_ESMFold_hypothetical_protein	A0A7G5M3H1_unrelaxed_rank_001_alphafold2_ptm_model_3_seed_000.pdb	A0A7G5M3H1_unrelaxed_rank_001_alphafold2_ptm_model_3_seed_000.pdb	3.996E-01	0.126	34	42	119	147	5	90	590	86	0.531	0.146
LOKIASV2_0818_ESMFold_hypothetical_protein	A0A096XNI6_unrelaxed_rank_001_alphafold2_ptm_model_3_seed_000.pdb	A0A096XNI6_unrelaxed_rank_001_alphafold2_ptm_model_3_seed_000.pdb	7.116E-01	0.126	34	60	114	147	344	404	1491	61	0.374	0.041
LOKIASV2_0818_ESMFold_hypothetical_protein	A0A516L7Q4_unrelaxed_rank_001_alphafold2_ptm_model_3_seed_000.pdb	A0A516L7Q4_unrelaxed_rank_001_alphafold2_ptm_model_3_seed_000.pdb	2.566E+00	0.116	33	52	114	147	11	66	75	63	0.429	0.747
LOKIASV2_0818_ESMFold_hypothetical_protein	A0A0K1LM34_unrelaxed_rank_001_alphafold2_ptm_model_3_seed_000.pdb	A0A0K1LM34_unrelaxed_rank_001_alphafold2_ptm_model_3_seed_000.pdb	1.986E+00	0.116	33	69	134	147	26	88	92	69	0.449	0.685
LOKIASV2_0818_ESMFold_hypothetical_protein	A0A7L8ZQX4_unrelaxed_rank_001_alphafold2_ptm_model_2_seed_000.pdb	A0A7L8ZQX4_unrelaxed_rank_001_alphafold2_ptm_model_2_seed_000.pdb	1.115E+00	0.116	33	53	129	147	2	75	99	81	0.524	0.747
LOKIASV2_0818_ESMFold_hypothetical_protein	A0A6B9J3N1_unrelaxed_rank_001_alphafold2_ptm_model_2_seed_000.pdb	A0A6B9J3N1_unrelaxed_rank_001_alphafold2_ptm_model_2_seed_000.pdb	4.287E+00	0.116	33	68	133	147	8	75	103	71	0.449	0.660
LOKIASV2_0818_ESMFold_hypothetical_protein	A0A8F8KTM6_unrelaxed_rank_001_alphafold2_ptm_model_1_seed_000.pdb	A0A8F8KTM6_unrelaxed_rank_001_alphafold2_ptm_model_1_seed_000.pdb	3.515E-01	0.116	33	53	138	147	1	97	118	103	0.585	0.822
LOKIASV2_0818_ESMFold_hypothetical_protein	A0A8S5VMT7_unrelaxed_rank_001_alphafold2_ptm_model_3_seed_000.pdb	A0A8S5VMT7_unrelaxed_rank_001_alphafold2_ptm_model_3_seed_000.pdb	1.862E+00	0.116	33	27	133	147	15	111	119	113	0.728	0.815
LOKIASV2_0818_ESMFold_hypothetical_protein	H9YQU9_unrelaxed_rank_001_alphafold2_ptm_model_2_seed_000.pdb	H9YQU9_unrelaxed_rank_001_alphafold2_ptm_model_2_seed_000.pdb	1.267E+00	0.116	33	34	119	147	23	124	124	105	0.585	0.823
LOKIASV2_0818_ESMFold_hypothetical_protein	R4TG29_unrelaxed_rank_001_alphafold2_ptm_model_3_seed_000.pdb	R4TG29_unrelaxed_rank_001_alphafold2_ptm_model_3_seed_000.pdb	1.115E+00	0.116	33	2	113	147	49	145	162	114	0.762	0.599
LOKIASV2_0818_ESMFold_hypothetical_protein	A0A1W6DYC5_unrelaxed_rank_001_alphafold2_ptm_model_3_seed_000.pdb	A0A1W6DYC5_unrelaxed_rank_001_alphafold2_ptm_model_3_seed_000.pdb	2.566E+00	0.116	33	71	132	147	5	73	175	69	0.422	0.394
LOKIASV2_0818_ESMFold_hypothetical_protein	A0A4D6BIH4_unrelaxed_rank_001_alphafold2_ptm_model_1_seed_000.pdb	A0A4D6BIH4_unrelaxed_rank_001_alphafold2_ptm_model_1_seed_000.pdb	6.674E-01	0.116	33	2	143	147	38	174	175	164	0.966	0.783
LOKIASV2_0818_ESMFold_hypothetical_protein	A0A2I7S9Z8_unrelaxed_rank_001_alphafold2_ptm_model_1_seed_000.pdb	A0A2I7S9Z8_unrelaxed_rank_001_alphafold2_ptm_model_1_seed_000.pdb	1.189E+00	0.116	33	53	146	147	19	118	179	103	0.639	0.559
LOKIASV2_0818_ESMFold_hypothetical_protein	A0A345MQA4_unrelaxed_rank_001_alphafold2_ptm_model_3_seed_000.pdb	A0A345MQA4_unrelaxed_rank_001_alphafold2_ptm_model_3_seed_000.pdb	2.257E+00	0.116	33	24	133	147	3	94	267	110	0.748	0.345
LOKIASV2_0818_ESMFold_hypothetical_protein	A0A5P8PM74_unrelaxed_rank_001_alphafold2_ptm_model_3_seed_000.pdb	A0A5P8PM74_unrelaxed_rank_001_alphafold2_ptm_model_3_seed_000.pdb	8.626E-01	0.116	33	2	115	147	23	159	269	150	0.776	0.509
LOKIASV2_0818_ESMFold_hypothetical_protein	A0A481YN95_unrelaxed_rank_001_alphafold2_ptm_model_3_seed_000.pdb	A0A481YN95_unrelaxed_rank_001_alphafold2_ptm_model_3_seed_000.pdb	8.090E-01	0.116	33	60	137	147	190	274	287	90	0.531	0.296
LOKIASV2_0818_ESMFold_hypothetical_protein	A0A8S5MQE5_unrelaxed_rank_001_alphafold2_ptm_model_1_seed_000.pdb	A0A8S5MQE5_unrelaxed_rank_001_alphafold2_ptm_model_1_seed_000.pdb	1.638E+00	0.106	32	68	128	147	2	65	79	66	0.415	0.810
LOKIASV2_0818_ESMFold_hypothetical_protein	A7IVP2_unrelaxed_rank_001_alphafold2_ptm_model_3_seed_000.pdb	A7IVP2_unrelaxed_rank_001_alphafold2_ptm_model_3_seed_000.pdb	3.111E+00	0.106	32	40	76	147	14	50	85	37	0.252	0.435
LOKIASV2_0818_ESMFold_hypothetical_protein	A0A8S5MBB1_unrelaxed_rank_001_alphafold2_ptm_model_3_seed_000.pdb	A0A8S5MBB1_unrelaxed_rank_001_alphafold2_ptm_model_3_seed_000.pdb	1.115E+00	0.106	32	68	139	147	11	82	91	79	0.490	0.791
LOKIASV2_0818_ESMFold_hypothetical_protein	A0A2H5BGL9_unrelaxed_rank_001_alphafold2_ptm_model_3_seed_000.pdb	A0A2H5BGL9_unrelaxed_rank_001_alphafold2_ptm_model_3_seed_000.pdb	6.674E-01	0.106	32	31	113	147	2	86	94	91	0.565	0.904
LOKIASV2_0818_ESMFold_hypothetical_protein	A0A889IPH8_unrelaxed_rank_001_alphafold2_ptm_model_2_seed_000.pdb	A0A889IPH8_unrelaxed_rank_001_alphafold2_ptm_model_2_seed_000.pdb	2.257E+00	0.106	32	38	114	147	36	101	103	81	0.524	0.641
LOKIASV2_0818_ESMFold_hypothetical_protein	A0A3G5A5S1_unrelaxed_rank_001_alphafold2_ptm_model_2_seed_000.pdb	A0A3G5A5S1_unrelaxed_rank_001_alphafold2_ptm_model_2_seed_000.pdb	3.111E+00	0.106	32	68	134	147	3	59	136	68	0.456	0.419
LOKIASV2_0818_ESMFold_hypothetical_protein	A0A3G5A7L5_unrelaxed_rank_001_alphafold2_ptm_model_1_seed_000.pdb	A0A3G5A7L5_unrelaxed_rank_001_alphafold2_ptm_model_1_seed_000.pdb	3.317E+00	0.106	32	69	127	147	86	148	151	64	0.401	0.417
LOKIASV2_0818_ESMFold_hypothetical_protein	A0A345N7K2_unrelaxed_rank_001_alphafold2_ptm_model_3_seed_000.pdb	A0A345N7K2_unrelaxed_rank_001_alphafold2_ptm_model_3_seed_000.pdb	7.635E+00	0.106	32	64	115	147	14	68	155	55	0.354	0.355
LOKIASV2_0818_ESMFold_hypothetical_protein	Q6XM85_unrelaxed_rank_001_alphafold2_ptm_model_1_seed_000.pdb	Q6XM85_unrelaxed_rank_001_alphafold2_ptm_model_1_seed_000.pdb	2.117E+00	0.106	32	57	125	147	6	73	230	76	0.469	0.296
LOKIASV2_0818_ESMFold_hypothetical_protein	A5A3U7_unrelaxed_rank_001_alphafold2_ptm_model_1_seed_000.pdb	A5A3U7_unrelaxed_rank_001_alphafold2_ptm_model_1_seed_000.pdb	9.807E-01	0.106	32	26	133	147	15	120	234	121	0.735	0.453
LOKIASV2_0818_ESMFold_hypothetical_protein	A0A2I2L463_unrelaxed_rank_001_alphafold2_ptm_model_3_seed_000.pdb	A0A2I2L463_unrelaxed_rank_001_alphafold2_ptm_model_3_seed_000.pdb	1.441E+00	0.106	32	34	119	147	289	380	380	95	0.585	0.242
LOKIASV2_0818_ESMFold_hypothetical_protein	A0A5J6VI37_unrelaxed_rank_001_alphafold2_ptm_model_1_seed_000.pdb	A0A5J6VI37_unrelaxed_rank_001_alphafold2_ptm_model_1_seed_000.pdb	8.090E-01	0.106	32	33	126	147	842	963	1120	127	0.639	0.109
LOKIASV2_0818_ESMFold_hypothetical_protein	A0A7U0G8M8_unrelaxed_rank_001_alphafold2_ptm_model_2_seed_000.pdb	A0A7U0G8M8_unrelaxed_rank_001_alphafold2_ptm_model_2_seed_000.pdb	5.540E+00	0.098	31	69	114	147	2	48	53	47	0.313	0.887
LOKIASV2_0818_ESMFold_hypothetical_protein	A0A516MKJ5_unrelaxed_rank_001_alphafold2_ptm_model_3_seed_000.pdb	A0A516MKJ5_unrelaxed_rank_001_alphafold2_ptm_model_3_seed_000.pdb	2.566E+00	0.098	31	38	114	147	3	75	76	84	0.524	0.961
LOKIASV2_0818_ESMFold_hypothetical_protein	A0A2I7SA20_unrelaxed_rank_001_alphafold2_ptm_model_3_seed_000.pdb	A0A2I7SA20_unrelaxed_rank_001_alphafold2_ptm_model_3_seed_000.pdb	1.536E+00	0.098	31	34	79	147	2	59	78	58	0.313	0.744
LOKIASV2_0818_ESMFold_hypothetical_protein	A0A481ZAK9_unrelaxed_rank_001_alphafold2_ptm_model_3_seed_000.pdb	A0A481ZAK9_unrelaxed_rank_001_alphafold2_ptm_model_3_seed_000.pdb	1.351E+00	0.098	31	56	119	147	20	66	92	64	0.435	0.511
LOKIASV2_0818_ESMFold_hypothetical_protein	A0A8S5LTN1_unrelaxed_rank_001_alphafold2_ptm_model_1_seed_000.pdb	A0A8S5LTN1_unrelaxed_rank_001_alphafold2_ptm_model_1_seed_000.pdb	8.090E-01	0.098	31	60	137	147	6	103	105	108	0.531	0.933
LOKIASV2_0818_ESMFold_hypothetical_protein	D9J0X6_unrelaxed_rank_001_alphafold2_ptm_model_1_seed_000.pdb	D9J0X6_unrelaxed_rank_001_alphafold2_ptm_model_1_seed_000.pdb	8.626E-01	0.098	31	38	114	147	14	86	106	82	0.524	0.689
LOKIASV2_0818_ESMFold_hypothetical_protein	A0A0A0Q3K1_unrelaxed_rank_001_alphafold2_ptm_model_2_seed_000.pdb	A0A0A0Q3K1_unrelaxed_rank_001_alphafold2_ptm_model_2_seed_000.pdb	3.111E+00	0.098	31	28	113	147	50	136	137	94	0.585	0.635
LOKIASV2_0818_ESMFold_hypothetical_protein	A0A2H4PRP0_unrelaxed_rank_001_alphafold2_ptm_model_3_seed_000.pdb	A0A2H4PRP0_unrelaxed_rank_001_alphafold2_ptm_model_3_seed_000.pdb	5.871E-01	0.098	31	30	125	147	22	145	152	129	0.653	0.816
LOKIASV2_0818_ESMFold_hypothetical_protein	A0A481YVT5_unrelaxed_rank_001_alphafold2_ptm_model_2_seed_000.pdb	A0A481YVT5_unrelaxed_rank_001_alphafold2_ptm_model_2_seed_000.pdb	1.189E+00	0.098	31	38	147	147	85	177	180	115	0.748	0.517
LOKIASV2_0818_ESMFold_hypothetical_protein	H9NC54_unrelaxed_rank_001_alphafold2_ptm_model_1_seed_000.pdb	H9NC54_unrelaxed_rank_001_alphafold2_ptm_model_1_seed_000.pdb	9.198E-01	0.098	31	38	143	147	37	161	183	128	0.721	0.683
LOKIASV2_0818_ESMFold_hypothetical_protein	M9MUV8_unrelaxed_rank_001_alphafold2_ptm_model_4_seed_000.pdb	M9MUV8_unrelaxed_rank_001_alphafold2_ptm_model_4_seed_000.pdb	1.986E+00	0.098	31	74	144	147	54	124	191	71	0.483	0.372
LOKIASV2_0818_ESMFold_hypothetical_protein	A0A481Z4H4_unrelaxed_rank_001_alphafold2_ptm_model_5_seed_000.pdb	A0A481Z4H4_unrelaxed_rank_001_alphafold2_ptm_model_5_seed_000.pdb	1.267E+00	0.098	31	51	112	147	20	81	210	69	0.422	0.295
LOKIASV2_0818_ESMFold_hypothetical_protein	Q856F6_unrelaxed_rank_001_alphafold2_ptm_model_3_seed_000.pdb	Q856F6_unrelaxed_rank_001_alphafold2_ptm_model_3_seed_000.pdb	2.117E+00	0.098	31	76	146	147	120	199	211	81	0.483	0.379
LOKIASV2_0818_ESMFold_hypothetical_protein	A0A5C0PV94_unrelaxed_rank_001_alphafold2_ptm_model_4_seed_000.pdb	A0A5C0PV94_unrelaxed_rank_001_alphafold2_ptm_model_4_seed_000.pdb	1.536E+00	0.098	31	60	147	147	133	222	227	100	0.599	0.396
LOKIASV2_0818_ESMFold_hypothetical_protein	A0A513ZZT0_unrelaxed_rank_001_alphafold2_ptm_model_4_seed_000.pdb	A0A513ZZT0_unrelaxed_rank_001_alphafold2_ptm_model_4_seed_000.pdb	2.736E+00	0.098	31	69	115	147	63	106	266	47	0.320	0.165
LOKIASV2_0818_ESMFold_hypothetical_protein	A0A8S5R7S2_unrelaxed_rank_001_alphafold2_ptm_model_4_seed_000.pdb	A0A8S5R7S2_unrelaxed_rank_001_alphafold2_ptm_model_4_seed_000.pdb	8.090E-01	0.098	31	38	143	147	161	281	288	127	0.721	0.420
LOKIASV2_0818_ESMFold_hypothetical_protein	A0A3G2VLS4_unrelaxed_rank_001_alphafold2_ptm_model_3_seed_000.pdb	A0A3G2VLS4_unrelaxed_rank_001_alphafold2_ptm_model_3_seed_000.pdb	3.296E-01	0.098	31	18	144	147	94	221	359	142	0.864	0.357
LOKIASV2_0818_ESMFold_hypothetical_protein	A0A8K1WRN3_unrelaxed_rank_001_alphafold2_ptm_model_3_seed_000.pdb	A0A8K1WRN3_unrelaxed_rank_001_alphafold2_ptm_model_3_seed_000.pdb	1.747E+00	0.098	31	49	140	147	272	354	678	96	0.626	0.122
LOKIASV2_0818_ESMFold_hypothetical_protein	Q82665_unrelaxed_rank_001_alphafold2_ptm_model_3_seed_000.pdb	Q82665_unrelaxed_rank_001_alphafold2_ptm_model_3_seed_000.pdb	3.515E-01	0.098	31	1	115	147	1	132	998	148	0.782	0.132
LOKIASV2_0818_ESMFold_hypothetical_protein	A0A516M9Y1_unrelaxed_rank_001_alphafold2_ptm_model_3_seed_000.pdb	A0A516M9Y1_unrelaxed_rank_001_alphafold2_ptm_model_3_seed_000.pdb	3.317E+00	0.090	30	36	114	147	3	70	72	86	0.537	0.944
LOKIASV2_0818_ESMFold_hypothetical_protein	A0A0B6VSU2_unrelaxed_rank_001_alphafold2_ptm_model_1_seed_000.pdb	A0A0B6VSU2_unrelaxed_rank_001_alphafold2_ptm_model_1_seed_000.pdb	4.873E+00	0.090	30	80	127	147	13	63	82	52	0.327	0.622
LOKIASV2_0818_ESMFold_hypothetical_protein	A0A7M1RWY9_unrelaxed_rank_001_alphafold2_ptm_model_1_seed_000.pdb	A0A7M1RWY9_unrelaxed_rank_001_alphafold2_ptm_model_1_seed_000.pdb	1.536E+00	0.090	30	55	128	147	2	84	86	93	0.503	0.965
LOKIASV2_0818_ESMFold_hypothetical_protein	A0A0K0L9H9_unrelaxed_rank_001_alphafold2_ptm_model_1_seed_000.pdb	A0A0K0L9H9_unrelaxed_rank_001_alphafold2_ptm_model_1_seed_000.pdb	1.536E+00	0.090	30	60	147	147	2	83	88	90	0.599	0.932
LOKIASV2_0818_ESMFold_hypothetical_protein	A0A346A646_unrelaxed_rank_001_alphafold2_ptm_model_3_seed_000.pdb	A0A346A646_unrelaxed_rank_001_alphafold2_ptm_model_3_seed_000.pdb	2.407E+00	0.090	30	59	140	147	9	98	99	92	0.558	0.909
LOKIASV2_0818_ESMFold_hypothetical_protein	A0A7T5QYN2_unrelaxed_rank_001_alphafold2_ptm_model_2_seed_000.pdb	A0A7T5QYN2_unrelaxed_rank_001_alphafold2_ptm_model_2_seed_000.pdb	3.317E+00	0.090	30	60	129	147	17	88	111	79	0.476	0.649
LOKIASV2_0818_ESMFold_hypothetical_protein	A0A6J5MB07_unrelaxed_rank_001_alphafold2_ptm_model_1_seed_000.pdb	A0A6J5MB07_unrelaxed_rank_001_alphafold2_ptm_model_1_seed_000.pdb	3.536E+00	0.090	30	43	119	147	57	132	138	79	0.524	0.551
LOKIASV2_0818_ESMFold_hypothetical_protein	UPI0022BA307E_unrelaxed_rank_001_alphafold2_ptm_model_3_seed_000.pdb	UPI0022BA307E_unrelaxed_rank_001_alphafold2_ptm_model_3_seed_000.pdb	1.441E+00	0.090	30	38	144	147	31	127	138	109	0.728	0.703
LOKIASV2_0818_ESMFold_hypothetical_protein	A0A4P8W526_unrelaxed_rank_001_alphafold2_ptm_model_1_seed_000.pdb	A0A4P8W526_unrelaxed_rank_001_alphafold2_ptm_model_1_seed_000.pdb	4.260E-01	0.090	30	68	141	147	101	187	189	88	0.503	0.460
LOKIASV2_0818_ESMFold_hypothetical_protein	A0A7M1RYY1_unrelaxed_rank_001_alphafold2_ptm_model_4_seed_000.pdb	A0A7M1RYY1_unrelaxed_rank_001_alphafold2_ptm_model_4_seed_000.pdb	1.862E+00	0.090	30	58	129	147	24	91	237	73	0.490	0.287
LOKIASV2_0818_ESMFold_hypothetical_protein	A0A811A9Q2_unrelaxed_rank_001_alphafold2_ptm_model_5_seed_000.pdb	A0A811A9Q2_unrelaxed_rank_001_alphafold2_ptm_model_5_seed_000.pdb	6.674E-01	0.090	30	66	119	147	91	146	306	57	0.367	0.183
LOKIASV2_0818_ESMFold_hypothetical_protein	A0A8S5QQX9_unrelaxed_rank_001_alphafold2_ptm_model_5_seed_000.pdb	A0A8S5QQX9_unrelaxed_rank_001_alphafold2_ptm_model_5_seed_000.pdb	2.736E+00	0.090	30	90	147	147	246	302	318	63	0.395	0.179
LOKIASV2_0818_ESMFold_hypothetical_protein	A0A7D4X040_unrelaxed_rank_001_alphafold2_ptm_model_4_seed_000.pdb	A0A7D4X040_unrelaxed_rank_001_alphafold2_ptm_model_4_seed_000.pdb	1.986E+00	0.090	30	54	114	147	27	92	373	66	0.415	0.177
LOKIASV2_0818_ESMFold_hypothetical_protein	O92511_unrelaxed_rank_001_alphafold2_ptm_model_4_seed_000.pdb	O92511_unrelaxed_rank_001_alphafold2_ptm_model_4_seed_000.pdb	1.536E+00	0.090	30	57	114	147	12	73	446	64	0.395	0.139
LOKIASV2_0818_ESMFold_hypothetical_protein	A0A6B9EUM8_unrelaxed_rank_001_alphafold2_ptm_model_3_seed_000.pdb	A0A6B9EUM8_unrelaxed_rank_001_alphafold2_ptm_model_3_seed_000.pdb	2.407E+00	0.090	30	68	134	147	7	70	582	69	0.456	0.110
LOKIASV2_0818_ESMFold_hypothetical_protein	A0A5J6VI89_unrelaxed_rank_001_alphafold2_ptm_model_2_seed_000.pdb	A0A5J6VI89_unrelaxed_rank_001_alphafold2_ptm_model_2_seed_000.pdb	5.506E-01	0.090	30	10	142	147	382	570	628	192	0.905	0.301
LOKIASV2_0818_ESMFold_hypothetical_protein	A0A8S5VGR7_unrelaxed_rank_001_alphafold2_ptm_model_3_seed_000.pdb	A0A8S5VGR7_unrelaxed_rank_001_alphafold2_ptm_model_3_seed_000.pdb	6.260E-01	0.090	30	56	133	147	533	618	898	96	0.531	0.096
LOKIASV2_0818_ESMFold_hypothetical_protein	A0A6G6XWQ4_unrelaxed_rank_001_alphafold2_ptm_model_1_seed_000.pdb	A0A6G6XWQ4_unrelaxed_rank_001_alphafold2_ptm_model_1_seed_000.pdb	4.287E+00	0.082	29	69	114	147	3	49	54	47	0.313	0.870
LOKIASV2_0818_ESMFold_hypothetical_protein	A0A219YC70_unrelaxed_rank_001_alphafold2_ptm_model_1_seed_000.pdb	A0A219YC70_unrelaxed_rank_001_alphafold2_ptm_model_1_seed_000.pdb	3.771E+00	0.082	29	69	129	147	3	60	61	61	0.415	0.951
LOKIASV2_0818_ESMFold_hypothetical_protein	A0A1Y0SWP0_unrelaxed_rank_001_alphafold2_ptm_model_3_seed_000.pdb	A0A1Y0SWP0_unrelaxed_rank_001_alphafold2_ptm_model_3_seed_000.pdb	6.260E-01	0.082	29	60	114	147	16	73	76	63	0.374	0.763
LOKIASV2_0818_ESMFold_hypothetical_protein	UPI001E70771C_unrelaxed_rank_001_alphafold2_ptm_model_3_seed_000.pdb	UPI001E70771C_unrelaxed_rank_001_alphafold2_ptm_model_3_seed_000.pdb	1.441E+00	0.082	29	54	147	147	3	93	94	101	0.639	0.968
LOKIASV2_0818_ESMFold_hypothetical_protein	A0A4D6DZS2_unrelaxed_rank_001_alphafold2_ptm_model_1_seed_000.pdb	A0A4D6DZS2_unrelaxed_rank_001_alphafold2_ptm_model_1_seed_000.pdb	2.407E+00	0.082	29	68	139	147	2	72	95	77	0.490	0.747
LOKIASV2_0818_ESMFold_hypothetical_protein	A0A516LQ04_unrelaxed_rank_001_alphafold2_ptm_model_1_seed_000.pdb	A0A516LQ04_unrelaxed_rank_001_alphafold2_ptm_model_1_seed_000.pdb	6.298E+00	0.082	29	97	147	147	56	99	99	51	0.347	0.444
LOKIASV2_0818_ESMFold_hypothetical_protein	A0A2I7QUH7_unrelaxed_rank_001_alphafold2_ptm_model_3_seed_000.pdb	A0A2I7QUH7_unrelaxed_rank_001_alphafold2_ptm_model_3_seed_000.pdb	2.407E+00	0.082	29	77	142	147	60	122	124	67	0.449	0.508
LOKIASV2_0818_ESMFold_hypothetical_protein	A0A4P8W4V2_unrelaxed_rank_001_alphafold2_ptm_model_2_seed_000.pdb	A0A4P8W4V2_unrelaxed_rank_001_alphafold2_ptm_model_2_seed_000.pdb	3.296E-01	0.082	29	33	119	147	2	125	135	124	0.592	0.919
LOKIASV2_0818_ESMFold_hypothetical_protein	A0A217EQY3_unrelaxed_rank_001_alphafold2_ptm_model_3_seed_000.pdb	A0A217EQY3_unrelaxed_rank_001_alphafold2_ptm_model_3_seed_000.pdb	2.566E+00	0.082	29	28	142	147	5	123	138	132	0.782	0.862
LOKIASV2_0818_ESMFold_hypothetical_protein	A0A7R7J2P3_unrelaxed_rank_001_alphafold2_ptm_model_3_seed_000.pdb	A0A7R7J2P3_unrelaxed_rank_001_alphafold2_ptm_model_3_seed_000.pdb	5.164E-01	0.082	29	60	146	147	20	153	174	140	0.592	0.770
LOKIASV2_0818_ESMFold_hypothetical_protein	A0A516LQK2_unrelaxed_rank_001_alphafold2_ptm_model_3_seed_000.pdb	A0A516LQK2_unrelaxed_rank_001_alphafold2_ptm_model_3_seed_000.pdb	3.111E+00	0.082	29	52	130	147	2	72	180	85	0.537	0.394
LOKIASV2_0818_ESMFold_hypothetical_protein	A0A7S6UDL2_unrelaxed_rank_001_alphafold2_ptm_model_2_seed_000.pdb	A0A7S6UDL2_unrelaxed_rank_001_alphafold2_ptm_model_2_seed_000.pdb	1.747E+00	0.082	29	44	132	147	38	123	223	97	0.605	0.386
LOKIASV2_0818_ESMFold_hypothetical_protein	A0A6J5NYB0_unrelaxed_rank_001_alphafold2_ptm_model_4_seed_000.pdb	A0A6J5NYB0_unrelaxed_rank_001_alphafold2_ptm_model_4_seed_000.pdb	1.986E+00	0.082	29	82	133	147	44	95	244	53	0.354	0.213
LOKIASV2_0818_ESMFold_hypothetical_protein	A0A059XDI2_unrelaxed_rank_001_alphafold2_ptm_model_3_seed_000.pdb	A0A059XDI2_unrelaxed_rank_001_alphafold2_ptm_model_3_seed_000.pdb	1.046E+00	0.082	29	38	146	147	101	209	247	117	0.741	0.441
LOKIASV2_0818_ESMFold_hypothetical_protein	A7WKB9_unrelaxed_rank_001_alphafold2_ptm_model_5_seed_000.pdb	A7WKB9_unrelaxed_rank_001_alphafold2_ptm_model_5_seed_000.pdb	4.571E+00	0.082	29	52	128	147	112	202	267	92	0.524	0.341
LOKIASV2_0818_ESMFold_hypothetical_protein	A0A2K9LSI0_unrelaxed_rank_001_alphafold2_ptm_model_5_seed_000.pdb	A0A2K9LSI0_unrelaxed_rank_001_alphafold2_ptm_model_5_seed_000.pdb	2.117E+00	0.082	29	50	123	147	2	90	307	91	0.503	0.290
LOKIASV2_0818_ESMFold_hypothetical_protein	A0A6G6XY84_unrelaxed_rank_001_alphafold2_ptm_model_3_seed_000.pdb	A0A6G6XY84_unrelaxed_rank_001_alphafold2_ptm_model_3_seed_000.pdb	1.351E+00	0.082	29	38	147	147	32	139	319	116	0.748	0.339
LOKIASV2_0818_ESMFold_hypothetical_protein	A0A4D6AU06_unrelaxed_rank_001_alphafold2_ptm_model_1_seed_000.pdb	A0A4D6AU06_unrelaxed_rank_001_alphafold2_ptm_model_1_seed_000.pdb	7.160E+00	0.076	28	69	114	147	2	47	49	46	0.313	0.939
LOKIASV2_0818_ESMFold_hypothetical_protein	A0A7S5RBK3_unrelaxed_rank_001_alphafold2_ptm_model_1_seed_000.pdb	A0A7S5RBK3_unrelaxed_rank_001_alphafold2_ptm_model_1_seed_000.pdb	3.536E+00	0.076	28	71	119	147	9	58	69	51	0.333	0.725
LOKIASV2_0818_ESMFold_hypothetical_protein	A0A2I6UG85_unrelaxed_rank_001_alphafold2_ptm_model_2_seed_000.pdb	A0A2I6UG85_unrelaxed_rank_001_alphafold2_ptm_model_2_seed_000.pdb	3.317E+00	0.076	28	69	136	147	6	84	86	80	0.463	0.919
LOKIASV2_0818_ESMFold_hypothetical_protein	A0A6J5KHN7_unrelaxed_rank_001_alphafold2_ptm_model_2_seed_000.pdb	A0A6J5KHN7_unrelaxed_rank_001_alphafold2_ptm_model_2_seed_000.pdb	2.407E+00	0.076	28	49	131	147	8	91	97	88	0.565	0.866
LOKIASV2_0818_ESMFold_hypothetical_protein	A0A0F6YQV8_unrelaxed_rank_001_alphafold2_ptm_model_1_seed_000.pdb	A0A0F6YQV8_unrelaxed_rank_001_alphafold2_ptm_model_1_seed_000.pdb	1.351E+00	0.076	28	58	147	147	29	97	98	92	0.612	0.704
LOKIASV2_0818_ESMFold_hypothetical_protein	A0A4Y5FED1_unrelaxed_rank_001_alphafold2_ptm_model_3_seed_000.pdb	A0A4Y5FED1_unrelaxed_rank_001_alphafold2_ptm_model_3_seed_000.pdb	1.189E+00	0.076	28	28	119	147	6	101	104	106	0.626	0.923
LOKIASV2_0818_ESMFold_hypothetical_protein	A0A4P8NCI7_unrelaxed_rank_001_alphafold2_ptm_model_2_seed_000.pdb	A0A4P8NCI7_unrelaxed_rank_001_alphafold2_ptm_model_2_seed_000.pdb	9.198E-01	0.076	28	51	91	147	32	86	114	55	0.279	0.482
LOKIASV2_0818_ESMFold_hypothetical_protein	A0A0K1LM77_unrelaxed_rank_001_alphafold2_ptm_model_3_seed_000.pdb	A0A0K1LM77_unrelaxed_rank_001_alphafold2_ptm_model_3_seed_000.pdb	2.736E+00	0.076	28	56	147	147	11	113	132	106	0.626	0.780
LOKIASV2_0818_ESMFold_hypothetical_protein	A0A7S7YEX9_unrelaxed_rank_001_alphafold2_ptm_model_1_seed_000.pdb	A0A7S7YEX9_unrelaxed_rank_001_alphafold2_ptm_model_1_seed_000.pdb	2.736E+00	0.076	28	53	129	147	52	132	133	86	0.524	0.609
LOKIASV2_0818_ESMFold_hypothetical_protein	A0A6J5R1B5_unrelaxed_rank_001_alphafold2_ptm_model_1_seed_000.pdb	A0A6J5R1B5_unrelaxed_rank_001_alphafold2_ptm_model_1_seed_000.pdb	3.317E+00	0.076	28	6	79	147	19	86	156	76	0.503	0.436
LOKIASV2_0818_ESMFold_hypothetical_protein	A0A481Z7Q2_unrelaxed_rank_001_alphafold2_ptm_model_1_seed_000.pdb	A0A481Z7Q2_unrelaxed_rank_001_alphafold2_ptm_model_1_seed_000.pdb	9.807E-01	0.076	28	53	114	147	72	137	170	70	0.422	0.388
LOKIASV2_0818_ESMFold_hypothetical_protein	A0A345MUC5_unrelaxed_rank_001_alphafold2_ptm_model_4_seed_000.pdb	A0A345MUC5_unrelaxed_rank_001_alphafold2_ptm_model_4_seed_000.pdb	5.907E+00	0.076	28	68	134	147	6	67	230	67	0.456	0.270
LOKIASV2_0818_ESMFold_hypothetical_protein	A0A889IQS6_unrelaxed_rank_001_alphafold2_ptm_model_3_seed_000.pdb	A0A889IQS6_unrelaxed_rank_001_alphafold2_ptm_model_3_seed_000.pdb	1.986E+00	0.076	28	26	143	147	16	126	231	129	0.803	0.481
LOKIASV2_0818_ESMFold_hypothetical_protein	A0A385E126_unrelaxed_rank_001_alphafold2_ptm_model_4_seed_000.pdb	A0A385E126_unrelaxed_rank_001_alphafold2_ptm_model_4_seed_000.pdb	3.771E+00	0.076	28	68	138	147	6	76	240	76	0.483	0.296
LOKIASV2_0818_ESMFold_hypothetical_protein	A0A346RNM2_unrelaxed_rank_001_alphafold2_ptm_model_5_seed_000.pdb	A0A346RNM2_unrelaxed_rank_001_alphafold2_ptm_model_5_seed_000.pdb	1.986E+00	0.076	28	38	113	147	3	97	273	96	0.517	0.348
LOKIASV2_0818_ESMFold_hypothetical_protein	W5VKK1_unrelaxed_rank_001_alphafold2_ptm_model_5_seed_000.pdb	W5VKK1_unrelaxed_rank_001_alphafold2_ptm_model_5_seed_000.pdb	1.747E+00	0.076	28	2	145	147	258	394	394	163	0.980	0.348
LOKIASV2_0818_ESMFold_hypothetical_protein	A0A1S6L3A1_unrelaxed_rank_001_alphafold2_ptm_model_4_seed_000.pdb	A0A1S6L3A1_unrelaxed_rank_001_alphafold2_ptm_model_4_seed_000.pdb	1.747E+00	0.076	28	61	146	147	326	417	428	98	0.585	0.215
LOKIASV2_0818_ESMFold_hypothetical_protein	A0A7D5JLN5_unrelaxed_rank_001_alphafold2_ptm_model_2_seed_000.pdb	A0A7D5JLN5_unrelaxed_rank_001_alphafold2_ptm_model_2_seed_000.pdb	7.635E+00	0.076	28	98	146	147	560	609	797	50	0.333	0.063
LOKIASV2_0818_ESMFold_hypothetical_protein	A0A6J5LLJ6_unrelaxed_rank_001_alphafold2_ptm_model_3_seed_000.pdb	A0A6J5LLJ6_unrelaxed_rank_001_alphafold2_ptm_model_3_seed_000.pdb	4.287E+00	0.076	28	60	116	147	300	358	880	62	0.388	0.067
LOKIASV2_0818_ESMFold_hypothetical_protein	A0A7D5BCI0_1_unrelaxed_rank_001_alphafold2_ptm_model_2_seed_000.pdb	A0A7D5BCI0_1_unrelaxed_rank_001_alphafold2_ptm_model_2_seed_000.pdb	1.267E+00	0.076	28	50	129	147	1189	1285	1323	101	0.544	0.073
LOKIASV2_0818_ESMFold_hypothetical_protein	A0A4D5ZHM3_unrelaxed_rank_001_alphafold2_ptm_model_1_seed_000.pdb	A0A4D5ZHM3_unrelaxed_rank_001_alphafold2_ptm_model_1_seed_000.pdb	7.160E+00	0.069	27	68	130	147	2	65	71	68	0.429	0.901
LOKIASV2_0818_ESMFold_hypothetical_protein	A0A6J5S4Z4_unrelaxed_rank_001_alphafold2_ptm_model_1_seed_000.pdb	A0A6J5S4Z4_unrelaxed_rank_001_alphafold2_ptm_model_1_seed_000.pdb	5.540E+00	0.069	27	76	143	147	2	70	73	69	0.463	0.945
LOKIASV2_0818_ESMFold_hypothetical_protein	A0A8E5K7E9_unrelaxed_rank_001_alphafold2_ptm_model_3_seed_000.pdb	A0A8E5K7E9_unrelaxed_rank_001_alphafold2_ptm_model_3_seed_000.pdb	5.196E+00	0.069	27	53	114	147	1	66	73	69	0.422	0.904
LOKIASV2_0818_ESMFold_hypothetical_protein	A0A514CSN7_unrelaxed_rank_001_alphafold2_ptm_model_1_seed_000.pdb	A0A514CSN7_unrelaxed_rank_001_alphafold2_ptm_model_1_seed_000.pdb	4.287E+00	0.069	27	37	114	147	4	74	76	80	0.531	0.934
LOKIASV2_0818_ESMFold_hypothetical_protein	A0A2Z4QHY5_unrelaxed_rank_001_alphafold2_ptm_model_3_seed_000.pdb	A0A2Z4QHY5_unrelaxed_rank_001_alphafold2_ptm_model_3_seed_000.pdb	1.441E+00	0.069	27	9	139	147	3	93	94	132	0.891	0.968
LOKIASV2_0818_ESMFold_hypothetical_protein	A0A6G5XUJ5_unrelaxed_rank_001_alphafold2_ptm_model_3_seed_000.pdb	A0A6G5XUJ5_unrelaxed_rank_001_alphafold2_ptm_model_3_seed_000.pdb	3.111E+00	0.069	27	33	79	147	24	70	97	47	0.320	0.485
LOKIASV2_0818_ESMFold_hypothetical_protein	A0A8S5UTY1_unrelaxed_rank_001_alphafold2_ptm_model_3_seed_000.pdb	A0A8S5UTY1_unrelaxed_rank_001_alphafold2_ptm_model_3_seed_000.pdb	3.111E+00	0.069	27	38	114	147	22	100	102	88	0.524	0.775
LOKIASV2_0818_ESMFold_hypothetical_protein	A0A8S5R7U3_unrelaxed_rank_001_alphafold2_ptm_model_1_seed_000.pdb	A0A8S5R7U3_unrelaxed_rank_001_alphafold2_ptm_model_1_seed_000.pdb	9.867E+00	0.069	27	66	125	147	9	70	103	63	0.408	0.602
LOKIASV2_0818_ESMFold_hypothetical_protein	A0A8E5FSM3_unrelaxed_rank_001_alphafold2_ptm_model_3_seed_000.pdb	A0A8E5FSM3_unrelaxed_rank_001_alphafold2_ptm_model_3_seed_000.pdb	2.917E+00	0.069	27	90	134	147	58	102	104	45	0.306	0.433
LOKIASV2_0818_ESMFold_hypothetical_protein	H2E9K8_unrelaxed_rank_001_alphafold2_ptm_model_1_seed_000.pdb	H2E9K8_unrelaxed_rank_001_alphafold2_ptm_model_1_seed_000.pdb	2.736E+00	0.069	27	55	134	147	24	106	107	89	0.544	0.776
LOKIASV2_0818_ESMFold_hypothetical_protein	A0A346TP38_unrelaxed_rank_001_alphafold2_ptm_model_2_seed_000.pdb	A0A346TP38_unrelaxed_rank_001_alphafold2_ptm_model_2_seed_000.pdb	9.198E-01	0.069	27	29	147	147	3	119	120	131	0.810	0.975
LOKIASV2_0818_ESMFold_hypothetical_protein	A0A6J5T982_unrelaxed_rank_001_alphafold2_ptm_model_1_seed_000.pdb	A0A6J5T982_unrelaxed_rank_001_alphafold2_ptm_model_1_seed_000.pdb	1.862E+00	0.069	27	28	78	147	33	89	130	57	0.347	0.438
LOKIASV2_0818_ESMFold_hypothetical_protein	A0A513Q0X4_unrelaxed_rank_001_alphafold2_ptm_model_3_seed_000.pdb	A0A513Q0X4_unrelaxed_rank_001_alphafold2_ptm_model_3_seed_000.pdb	1.351E+00	0.069	27	52	140	147	5	132	133	133	0.605	0.962
LOKIASV2_0818_ESMFold_hypothetical_protein	A0A7D7B0T0_unrelaxed_rank_001_alphafold2_ptm_model_1_seed_000.pdb	A0A7D7B0T0_unrelaxed_rank_001_alphafold2_ptm_model_1_seed_000.pdb	1.267E+00	0.069	27	44	137	147	48	133	150	100	0.639	0.573
LOKIASV2_0818_ESMFold_hypothetical_protein	M9M234_unrelaxed_rank_001_alphafold2_ptm_model_3_seed_000.pdb	M9M234_unrelaxed_rank_001_alphafold2_ptm_model_3_seed_000.pdb	3.771E+00	0.069	27	54	123	147	19	88	153	74	0.476	0.458
LOKIASV2_0818_ESMFold_hypothetical_protein	A0A7M1RVC0_unrelaxed_rank_001_alphafold2_ptm_model_3_seed_000.pdb	A0A7M1RVC0_unrelaxed_rank_001_alphafold2_ptm_model_3_seed_000.pdb	5.196E+00	0.069	27	67	114	147	56	104	188	50	0.327	0.261
LOKIASV2_0818_ESMFold_hypothetical_protein	A0A1V0ECJ8_unrelaxed_rank_001_alphafold2_ptm_model_4_seed_000.pdb	A0A1V0ECJ8_unrelaxed_rank_001_alphafold2_ptm_model_4_seed_000.pdb	1.862E+00	0.069	27	33	114	147	97	190	194	97	0.558	0.485
LOKIASV2_0818_ESMFold_hypothetical_protein	R4TKN2_unrelaxed_rank_001_alphafold2_ptm_model_2_seed_000.pdb	R4TKN2_unrelaxed_rank_001_alphafold2_ptm_model_2_seed_000.pdb	1.351E+00	0.069	27	37	119	147	7	85	235	90	0.565	0.336
LOKIASV2_0818_ESMFold_hypothetical_protein	A0A218KC37_unrelaxed_rank_001_alphafold2_ptm_model_3_seed_000.pdb	A0A218KC37_unrelaxed_rank_001_alphafold2_ptm_model_3_seed_000.pdb	2.407E+00	0.069	27	60	125	147	67	141	237	78	0.449	0.316
LOKIASV2_0818_ESMFold_hypothetical_protein	A0A7L8G4H5_unrelaxed_rank_001_alphafold2_ptm_model_5_seed_000.pdb	A0A7L8G4H5_unrelaxed_rank_001_alphafold2_ptm_model_5_seed_000.pdb	9.807E-01	0.069	27	30	114	147	3	118	249	122	0.578	0.466
LOKIASV2_0818_ESMFold_hypothetical_protein	A0A6N1NNG4_unrelaxed_rank_001_alphafold2_ptm_model_3_seed_000.pdb	A0A6N1NNG4_unrelaxed_rank_001_alphafold2_ptm_model_3_seed_000.pdb	8.626E-01	0.069	27	31	134	147	160	259	294	118	0.707	0.340
LOKIASV2_0818_ESMFold_hypothetical_protein	A0A1L3KMY7_unrelaxed_rank_001_alphafold2_ptm_model_2_seed_000.pdb	A0A1L3KMY7_unrelaxed_rank_001_alphafold2_ptm_model_2_seed_000.pdb	3.536E+00	0.069	27	18	111	147	97	191	316	105	0.639	0.301
LOKIASV2_0818_ESMFold_hypothetical_protein	A0A2P1GNP8_unrelaxed_rank_001_alphafold2_ptm_model_2_seed_000.pdb	A0A2P1GNP8_unrelaxed_rank_001_alphafold2_ptm_model_2_seed_000.pdb	9.198E-01	0.069	27	60	147	147	468	561	665	101	0.599	0.141
LOKIASV2_0818_ESMFold_hypothetical_protein	A0A5B8IEX8_unrelaxed_rank_001_alphafold2_ptm_model_2_seed_000.pdb	A0A5B8IEX8_unrelaxed_rank_001_alphafold2_ptm_model_2_seed_000.pdb	5.907E+00	0.069	27	36	143	147	356	466	830	118	0.735	0.134
LOKIASV2_0818_ESMFold_hypothetical_protein	H9AZW1_2_unrelaxed_rank_001_alphafold2_ptm_model_3_seed_000.pdb	H9AZW1_2_unrelaxed_rank_001_alphafold2_ptm_model_3_seed_000.pdb	8.679E+00	0.069	27	44	119	147	446	524	889	79	0.517	0.089
LOKIASV2_0818_ESMFold_hypothetical_protein	A0A076FFS2_unrelaxed_rank_001_alphafold2_ptm_model_3_seed_000.pdb	A0A076FFS2_unrelaxed_rank_001_alphafold2_ptm_model_3_seed_000.pdb	2.566E+00	0.069	27	34	134	147	1032	1129	1329	109	0.687	0.074
LOKIASV2_0818_ESMFold_hypothetical_protein	A0A346HW58_unrelaxed_rank_001_alphafold2_ptm_model_3_seed_000.pdb	A0A346HW58_unrelaxed_rank_001_alphafold2_ptm_model_3_seed_000.pdb	4.873E+00	0.063	26	33	77	147	12	55	66	45	0.306	0.667
LOKIASV2_0818_ESMFold_hypothetical_protein	A7J6S3_unrelaxed_rank_001_alphafold2_ptm_model_2_seed_000.pdb	A7J6S3_unrelaxed_rank_001_alphafold2_ptm_model_2_seed_000.pdb	2.407E+00	0.063	26	52	114	147	2	60	68	65	0.429	0.868
LOKIASV2_0818_ESMFold_hypothetical_protein	A0A6J5Q9S1_unrelaxed_rank_001_alphafold2_ptm_model_3_seed_000.pdb	A0A6J5Q9S1_unrelaxed_rank_001_alphafold2_ptm_model_3_seed_000.pdb	8.140E+00	0.063	26	76	147	147	6	76	76	74	0.490	0.934
LOKIASV2_0818_ESMFold_hypothetical_protein	F8SJF5_unrelaxed_rank_001_alphafold2_ptm_model_2_seed_000.pdb	F8SJF5_unrelaxed_rank_001_alphafold2_ptm_model_2_seed_000.pdb	3.111E+00	0.063	26	82	133	147	32	76	79	52	0.354	0.570
LOKIASV2_0818_ESMFold_hypothetical_protein	G0LXT8_unrelaxed_rank_001_alphafold2_ptm_model_3_seed_000.pdb	G0LXT8_unrelaxed_rank_001_alphafold2_ptm_model_3_seed_000.pdb	4.287E+00	0.063	26	24	78	147	6	60	79	55	0.374	0.696
LOKIASV2_0818_ESMFold_hypothetical_protein	A0A7S5VJW1_unrelaxed_rank_001_alphafold2_ptm_model_1_seed_000.pdb	A0A7S5VJW1_unrelaxed_rank_001_alphafold2_ptm_model_1_seed_000.pdb	6.298E+00	0.063	26	33	75	147	7	49	86	43	0.293	0.500
LOKIASV2_0818_ESMFold_hypothetical_protein	A0A1X9T5D6_unrelaxed_rank_001_alphafold2_ptm_model_1_seed_000.pdb	A0A1X9T5D6_unrelaxed_rank_001_alphafold2_ptm_model_1_seed_000.pdb	4.287E+00	0.063	26	41	77	147	15	51	90	37	0.252	0.411
LOKIASV2_0818_ESMFold_hypothetical_protein	A0A6J5TBS3_unrelaxed_rank_001_alphafold2_ptm_model_1_seed_000.pdb	A0A6J5TBS3_unrelaxed_rank_001_alphafold2_ptm_model_1_seed_000.pdb	6.298E+00	0.063	26	63	131	147	3	79	98	77	0.469	0.786
LOKIASV2_0818_ESMFold_hypothetical_protein	A0A2L0UZT1_unrelaxed_rank_001_alphafold2_ptm_model_3_seed_000.pdb	A0A2L0UZT1_unrelaxed_rank_001_alphafold2_ptm_model_3_seed_000.pdb	3.771E+00	0.063	26	17	131	147	6	96	102	116	0.782	0.892
LOKIASV2_0818_ESMFold_hypothetical_protein	A0A075LZX2_unrelaxed_rank_001_alphafold2_ptm_model_3_seed_000.pdb	A0A075LZX2_unrelaxed_rank_001_alphafold2_ptm_model_3_seed_000.pdb	8.626E-01	0.063	26	58	145	147	3	100	108	106	0.599	0.907
LOKIASV2_0818_ESMFold_hypothetical_protein	A0A8S5QMD6_unrelaxed_rank_001_alphafold2_ptm_model_1_seed_000.pdb	A0A8S5QMD6_unrelaxed_rank_001_alphafold2_ptm_model_1_seed_000.pdb	5.907E+00	0.063	26	60	116	147	16	75	108	61	0.388	0.556
LOKIASV2_0818_ESMFold_hypothetical_protein	A0A6J5MR38_unrelaxed_rank_001_alphafold2_ptm_model_2_seed_000.pdb	A0A6J5MR38_unrelaxed_rank_001_alphafold2_ptm_model_2_seed_000.pdb	5.540E+00	0.063	26	60	126	147	7	71	116	67	0.456	0.560
LOKIASV2_0818_ESMFold_hypothetical_protein	A0A6M4MIY4_unrelaxed_rank_001_alphafold2_ptm_model_2_seed_000.pdb	A0A6M4MIY4_unrelaxed_rank_001_alphafold2_ptm_model_2_seed_000.pdb	1.638E+00	0.063	26	52	112	147	3	80	122	81	0.415	0.639
LOKIASV2_0818_ESMFold_hypothetical_protein	Q84484_unrelaxed_rank_001_alphafold2_ptm_model_2_seed_000.pdb	Q84484_unrelaxed_rank_001_alphafold2_ptm_model_2_seed_000.pdb	1.638E+00	0.063	26	60	119	147	94	129	134	61	0.408	0.269
LOKIASV2_0818_ESMFold_hypothetical_protein	A0A2D1GNF0_unrelaxed_rank_001_alphafold2_ptm_model_1_seed_000.pdb	A0A2D1GNF0_unrelaxed_rank_001_alphafold2_ptm_model_1_seed_000.pdb	7.635E+00	0.063	26	97	143	147	59	106	137	48	0.320	0.350
LOKIASV2_0818_ESMFold_hypothetical_protein	D9I640_unrelaxed_rank_001_alphafold2_ptm_model_1_seed_000.pdb	D9I640_unrelaxed_rank_001_alphafold2_ptm_model_1_seed_000.pdb	4.020E+00	0.063	26	39	93	147	4	60	148	57	0.374	0.385
LOKIASV2_0818_ESMFold_hypothetical_protein	C0J6N2_unrelaxed_rank_001_alphafold2_ptm_model_2_seed_000.pdb	C0J6N2_unrelaxed_rank_001_alphafold2_ptm_model_2_seed_000.pdb	3.111E+00	0.063	26	30	79	147	72	120	173	51	0.340	0.283
LOKIASV2_0818_ESMFold_hypothetical_protein	A0A1L5C056_unrelaxed_rank_001_alphafold2_ptm_model_1_seed_000.pdb	A0A1L5C056_unrelaxed_rank_001_alphafold2_ptm_model_1_seed_000.pdb	2.407E+00	0.063	26	39	139	147	36	148	182	119	0.687	0.621
LOKIASV2_0818_ESMFold_hypothetical_protein	M9M229_unrelaxed_rank_001_alphafold2_ptm_model_5_seed_000.pdb	M9M229_unrelaxed_rank_001_alphafold2_ptm_model_5_seed_000.pdb	1.638E+00	0.063	26	17	114	147	27	128	199	122	0.667	0.513
LOKIASV2_0818_ESMFold_hypothetical_protein	A0A1W7GKP8_unrelaxed_rank_001_alphafold2_ptm_model_4_seed_000.pdb	A0A1W7GKP8_unrelaxed_rank_001_alphafold2_ptm_model_4_seed_000.pdb	1.862E+00	0.063	26	25	145	147	105	207	207	126	0.823	0.498
LOKIASV2_0818_ESMFold_hypothetical_protein	A0A6F8Z6K0_unrelaxed_rank_001_alphafold2_ptm_model_5_seed_000.pdb	A0A6F8Z6K0_unrelaxed_rank_001_alphafold2_ptm_model_5_seed_000.pdb	4.287E+00	0.063	26	95	147	147	163	218	235	56	0.361	0.238
LOKIASV2_0818_ESMFold_hypothetical_protein	A0A385E461_unrelaxed_rank_001_alphafold2_ptm_model_1_seed_000.pdb	A0A385E461_unrelaxed_rank_001_alphafold2_ptm_model_1_seed_000.pdb	2.736E+00	0.063	26	32	147	147	31	150	241	134	0.789	0.498
LOKIASV2_0818_ESMFold_hypothetical_protein	A0A481ZCG3_unrelaxed_rank_001_alphafold2_ptm_model_4_seed_000.pdb	A0A481ZCG3_unrelaxed_rank_001_alphafold2_ptm_model_4_seed_000.pdb	1.747E+00	0.063	26	12	126	147	65	183	241	129	0.782	0.494
LOKIASV2_0818_ESMFold_hypothetical_protein	A7KA43_unrelaxed_rank_001_alphafold2_ptm_model_5_seed_000.pdb	A7KA43_unrelaxed_rank_001_alphafold2_ptm_model_5_seed_000.pdb	7.635E+00	0.063	26	69	147	147	110	186	264	85	0.537	0.292
LOKIASV2_0818_ESMFold_hypothetical_protein	A0A345N590_unrelaxed_rank_001_alphafold2_ptm_model_4_seed_000.pdb	A0A345N590_unrelaxed_rank_001_alphafold2_ptm_model_4_seed_000.pdb	3.317E+00	0.063	26	32	134	147	2	122	275	125	0.701	0.440
LOKIASV2_0818_ESMFold_hypothetical_protein	A0A172Q017_unrelaxed_rank_001_alphafold2_ptm_model_5_seed_000.pdb	A0A172Q017_unrelaxed_rank_001_alphafold2_ptm_model_5_seed_000.pdb	2.566E+00	0.063	26	28	113	147	226	320	350	103	0.585	0.271
LOKIASV2_0818_ESMFold_hypothetical_protein	A0A3G5AJG2_unrelaxed_rank_001_alphafold2_ptm_model_3_seed_000.pdb	A0A3G5AJG2_unrelaxed_rank_001_alphafold2_ptm_model_3_seed_000.pdb	1.862E+00	0.063	26	60	119	147	180	239	421	68	0.408	0.143
LOKIASV2_0818_ESMFold_hypothetical_protein	A0A1W7GKQ8_unrelaxed_rank_001_alphafold2_ptm_model_3_seed_000.pdb	A0A1W7GKQ8_unrelaxed_rank_001_alphafold2_ptm_model_3_seed_000.pdb	1.351E+00	0.063	26	42	129	147	184	287	450	111	0.599	0.231
LOKIASV2_0818_ESMFold_hypothetical_protein	A0A0N7CCD3_unrelaxed_rank_001_alphafold2_ptm_model_2_seed_000.pdb	A0A0N7CCD3_unrelaxed_rank_001_alphafold2_ptm_model_2_seed_000.pdb	1.986E+00	0.063	26	14	119	147	186	298	459	116	0.721	0.246
LOKIASV2_0818_ESMFold_hypothetical_protein	A0A1V0SE67_unrelaxed_rank_001_alphafold2_ptm_model_1_seed_000.pdb	A0A1V0SE67_unrelaxed_rank_001_alphafold2_ptm_model_1_seed_000.pdb	4.020E+00	0.063	26	52	114	147	366	426	635	67	0.429	0.096
LOKIASV2_0818_ESMFold_hypothetical_protein	A0A5K0U909_unrelaxed_rank_001_alphafold2_ptm_model_3_seed_000.pdb	A0A5K0U909_unrelaxed_rank_001_alphafold2_ptm_model_3_seed_000.pdb	2.257E+00	0.063	26	28	80	147	189	241	742	54	0.361	0.071
LOKIASV2_0818_ESMFold_hypothetical_protein	A0A1L3KGF5_1_unrelaxed_rank_001_alphafold2_ptm_model_2_seed_000.pdb	A0A1L3KGF5_1_unrelaxed_rank_001_alphafold2_ptm_model_2_seed_000.pdb	2.117E+00	0.063	26	52	115	147	723	790	805	69	0.435	0.084
LOKIASV2_0818_ESMFold_hypothetical_protein	A0A8S5RU41_unrelaxed_rank_001_alphafold2_ptm_model_1_seed_000.pdb	A0A8S5RU41_unrelaxed_rank_001_alphafold2_ptm_model_1_seed_000.pdb	2.407E+00	0.057	25	61	112	147	1	48	64	54	0.354	0.750
LOKIASV2_0818_ESMFold_hypothetical_protein	A0A6J5MCM6_unrelaxed_rank_001_alphafold2_ptm_model_2_seed_000.pdb	A0A6J5MCM6_unrelaxed_rank_001_alphafold2_ptm_model_2_seed_000.pdb	3.536E+00	0.057	25	53	147	147	2	75	75	96	0.646	0.987
LOKIASV2_0818_ESMFold_hypothetical_protein	A0A6J5N5N2_unrelaxed_rank_001_alphafold2_ptm_model_3_seed_000.pdb	A0A6J5N5N2_unrelaxed_rank_001_alphafold2_ptm_model_3_seed_000.pdb	2.566E+00	0.057	25	52	114	147	13	75	77	68	0.429	0.818
LOKIASV2_0818_ESMFold_hypothetical_protein	A0A384ZWJ4_unrelaxed_rank_001_alphafold2_ptm_model_3_seed_000.pdb	A0A384ZWJ4_unrelaxed_rank_001_alphafold2_ptm_model_3_seed_000.pdb	3.771E+00	0.057	25	28	75	147	27	75	90	50	0.327	0.544
LOKIASV2_0818_ESMFold_hypothetical_protein	A0A6J5L2U8_unrelaxed_rank_001_alphafold2_ptm_model_1_seed_000.pdb	A0A6J5L2U8_unrelaxed_rank_001_alphafold2_ptm_model_1_seed_000.pdb	6.716E+00	0.057	25	63	119	147	14	78	103	68	0.388	0.631
LOKIASV2_0818_ESMFold_hypothetical_protein	Q6X3T7_unrelaxed_rank_001_alphafold2_ptm_model_3_seed_000.pdb	Q6X3T7_unrelaxed_rank_001_alphafold2_ptm_model_3_seed_000.pdb	7.160E+00	0.057	25	67	137	147	27	95	103	73	0.483	0.670
LOKIASV2_0818_ESMFold_hypothetical_protein	A0A5Q2WB52_unrelaxed_rank_001_alphafold2_ptm_model_3_seed_000.pdb	A0A5Q2WB52_unrelaxed_rank_001_alphafold2_ptm_model_3_seed_000.pdb	7.635E+00	0.057	25	96	147	147	73	124	124	52	0.354	0.419
LOKIASV2_0818_ESMFold_hypothetical_protein	A0A6J5LNR1_unrelaxed_rank_001_alphafold2_ptm_model_2_seed_000.pdb	A0A6J5LNR1_unrelaxed_rank_001_alphafold2_ptm_model_2_seed_000.pdb	4.873E+00	0.057	25	52	116	147	15	90	131	79	0.442	0.580
LOKIASV2_0818_ESMFold_hypothetical_protein	Q70LD9_unrelaxed_rank_001_alphafold2_ptm_model_3_seed_000.pdb	Q70LD9_unrelaxed_rank_001_alphafold2_ptm_model_3_seed_000.pdb	1.267E+00	0.057	25	80	147	147	30	142	144	113	0.463	0.785
LOKIASV2_0818_ESMFold_hypothetical_protein	A0A2I7RF22_unrelaxed_rank_001_alphafold2_ptm_model_1_seed_000.pdb	A0A2I7RF22_unrelaxed_rank_001_alphafold2_ptm_model_1_seed_000.pdb	7.160E+00	0.057	25	38	114	147	3	77	159	82	0.524	0.472
LOKIASV2_0818_ESMFold_hypothetical_protein	A0A0N9QJG1_unrelaxed_rank_001_alphafold2_ptm_model_1_seed_000.pdb	A0A0N9QJG1_unrelaxed_rank_001_alphafold2_ptm_model_1_seed_000.pdb	2.736E+00	0.057	25	59	114	147	5	60	163	61	0.381	0.344
LOKIASV2_0818_ESMFold_hypothetical_protein	C6K6A1_unrelaxed_rank_001_alphafold2_ptm_model_5_seed_000.pdb	C6K6A1_unrelaxed_rank_001_alphafold2_ptm_model_5_seed_000.pdb	3.771E+00	0.057	25	28	114	147	28	125	212	100	0.592	0.462
LOKIASV2_0818_ESMFold_hypothetical_protein	A0A076FGG7_unrelaxed_rank_001_alphafold2_ptm_model_5_seed_000.pdb	A0A076FGG7_unrelaxed_rank_001_alphafold2_ptm_model_5_seed_000.pdb	1.747E+00	0.057	25	38	137	147	9	106	238	108	0.680	0.412
LOKIASV2_0818_ESMFold_hypothetical_protein	A0A481ZFX2_unrelaxed_rank_001_alphafold2_ptm_model_5_seed_000.pdb	A0A481ZFX2_unrelaxed_rank_001_alphafold2_ptm_model_5_seed_000.pdb	1.351E+00	0.057	25	52	144	147	118	221	240	109	0.633	0.433
LOKIASV2_0818_ESMFold_hypothetical_protein	A0A3G5A1V8_unrelaxed_rank_001_alphafold2_ptm_model_2_seed_000.pdb	A0A3G5A1V8_unrelaxed_rank_001_alphafold2_ptm_model_2_seed_000.pdb	2.566E+00	0.057	25	2	146	147	6	150	253	163	0.986	0.573
LOKIASV2_0818_ESMFold_hypothetical_protein	A0A0B5KTG5_unrelaxed_rank_001_alphafold2_ptm_model_5_seed_000.pdb	A0A0B5KTG5_unrelaxed_rank_001_alphafold2_ptm_model_5_seed_000.pdb	1.267E+00	0.057	25	25	147	147	125	256	272	138	0.837	0.485
LOKIASV2_0818_ESMFold_hypothetical_protein	A0A1B2IB81_unrelaxed_rank_001_alphafold2_ptm_model_5_seed_000.pdb	A0A1B2IB81_unrelaxed_rank_001_alphafold2_ptm_model_5_seed_000.pdb	1.747E+00	0.057	25	72	144	147	174	262	272	96	0.497	0.327
LOKIASV2_0818_ESMFold_hypothetical_protein	B8XNG9_unrelaxed_rank_001_alphafold2_ptm_model_3_seed_000.pdb	B8XNG9_unrelaxed_rank_001_alphafold2_ptm_model_3_seed_000.pdb	2.117E+00	0.057	25	39	114	147	184	274	315	94	0.517	0.289
LOKIASV2_0818_ESMFold_hypothetical_protein	A0A1B4XWN3_unrelaxed_rank_001_alphafold2_ptm_model_1_seed_000.pdb	A0A1B4XWN3_unrelaxed_rank_001_alphafold2_ptm_model_1_seed_000.pdb	1.862E+00	0.057	25	2	77	147	149	221	406	81	0.517	0.180
LOKIASV2_0818_ESMFold_hypothetical_protein	A0A8S5P103_unrelaxed_rank_001_alphafold2_ptm_model_3_seed_000.pdb	A0A8S5P103_unrelaxed_rank_001_alphafold2_ptm_model_3_seed_000.pdb	4.571E+00	0.057	25	33	78	147	351	396	440	46	0.313	0.105
LOKIASV2_0818_ESMFold_hypothetical_protein	A0A1B1MR08_unrelaxed_rank_001_alphafold2_ptm_model_1_seed_000.pdb	A0A1B1MR08_unrelaxed_rank_001_alphafold2_ptm_model_1_seed_000.pdb	4.020E+00	0.057	25	2	147	147	304	465	465	179	0.993	0.348
LOKIASV2_0818_ESMFold_hypothetical_protein	A0A3T0IE29_unrelaxed_rank_001_alphafold2_ptm_model_5_seed_000.pdb	A0A3T0IE29_unrelaxed_rank_001_alphafold2_ptm_model_5_seed_000.pdb	8.626E-01	0.057	25	9	137	147	5	124	465	142	0.878	0.258
LOKIASV2_0818_ESMFold_hypothetical_protein	A0A8K1HHA2_unrelaxed_rank_001_alphafold2_ptm_model_3_seed_000.pdb	A0A8K1HHA2_unrelaxed_rank_001_alphafold2_ptm_model_3_seed_000.pdb	4.020E+00	0.057	25	28	127	147	178	278	592	109	0.680	0.171
LOKIASV2_0818_ESMFold_hypothetical_protein	A0A1V0SEI7_unrelaxed_rank_001_alphafold2_ptm_model_3_seed_000.pdb	A0A1V0SEI7_unrelaxed_rank_001_alphafold2_ptm_model_3_seed_000.pdb	5.871E-01	0.057	25	34	146	147	559	712	723	161	0.769	0.213
LOKIASV2_0818_ESMFold_hypothetical_protein	A0A482IF47_1_unrelaxed_rank_001_alphafold2_ptm_model_3_seed_000.pdb	A0A482IF47_1_unrelaxed_rank_001_alphafold2_ptm_model_3_seed_000.pdb	1.747E+00	0.057	25	7	78	147	412	484	1035	79	0.490	0.071
LOKIASV2_0818_ESMFold_hypothetical_protein	A0A890UPY6_unrelaxed_rank_001_alphafold2_ptm_model_3_seed_000.pdb	A0A890UPY6_unrelaxed_rank_001_alphafold2_ptm_model_3_seed_000.pdb	6.716E+00	0.051	24	44	114	147	8	72	72	75	0.483	0.903
LOKIASV2_0818_ESMFold_hypothetical_protein	A0A8S5UZW0_unrelaxed_rank_001_alphafold2_ptm_model_1_seed_000.pdb	A0A8S5UZW0_unrelaxed_rank_001_alphafold2_ptm_model_1_seed_000.pdb	3.111E+00	0.051	24	32	119	147	2	91	92	95	0.599	0.978
LOKIASV2_0818_ESMFold_hypothetical_protein	A0A4Y5TMV4_unrelaxed_rank_001_alphafold2_ptm_model_2_seed_000.pdb	A0A4Y5TMV4_unrelaxed_rank_001_alphafold2_ptm_model_2_seed_000.pdb	5.907E+00	0.051	24	38	114	147	21	95	97	79	0.524	0.773
LOKIASV2_0818_ESMFold_hypothetical_protein	A0A516MEZ3_unrelaxed_rank_001_alphafold2_ptm_model_1_seed_000.pdb	A0A516MEZ3_unrelaxed_rank_001_alphafold2_ptm_model_1_seed_000.pdb	3.111E+00	0.051	24	32	142	147	12	96	97	114	0.755	0.876
LOKIASV2_0818_ESMFold_hypothetical_protein	A0A7D7B3D2_unrelaxed_rank_001_alphafold2_ptm_model_1_seed_000.pdb	A0A7D7B3D2_unrelaxed_rank_001_alphafold2_ptm_model_1_seed_000.pdb	8.140E+00	0.051	24	78	130	147	44	98	119	56	0.361	0.462
LOKIASV2_0818_ESMFold_hypothetical_protein	A0A0U4JLV2_unrelaxed_rank_001_alphafold2_ptm_model_3_seed_000.pdb	A0A0U4JLV2_unrelaxed_rank_001_alphafold2_ptm_model_3_seed_000.pdb	3.111E+00	0.051	24	37	144	147	33	138	138	115	0.735	0.768
LOKIASV2_0818_ESMFold_hypothetical_protein	A0A2H4IBB0_unrelaxed_rank_001_alphafold2_ptm_model_5_seed_000.pdb	A0A2H4IBB0_unrelaxed_rank_001_alphafold2_ptm_model_5_seed_000.pdb	5.196E+00	0.051	24	57	147	147	109	194	200	96	0.619	0.430
LOKIASV2_0818_ESMFold_hypothetical_protein	A0A3G3BWU2_unrelaxed_rank_001_alphafold2_ptm_model_3_seed_000.pdb	A0A3G3BWU2_unrelaxed_rank_001_alphafold2_ptm_model_3_seed_000.pdb	3.536E+00	0.051	24	42	114	147	27	109	210	85	0.497	0.395
LOKIASV2_0818_ESMFold_hypothetical_protein	A0A3G5AI44_unrelaxed_rank_001_alphafold2_ptm_model_1_seed_000.pdb	A0A3G5AI44_unrelaxed_rank_001_alphafold2_ptm_model_1_seed_000.pdb	2.736E+00	0.051	24	28	130	147	18	100	258	104	0.701	0.322
LOKIASV2_0818_ESMFold_hypothetical_protein	A0A1D9CFT7_unrelaxed_rank_001_alphafold2_ptm_model_1_seed_000.pdb	A0A1D9CFT7_unrelaxed_rank_001_alphafold2_ptm_model_1_seed_000.pdb	9.867E+00	0.051	24	92	115	147	84	107	260	24	0.163	0.092
LOKIASV2_0818_ESMFold_hypothetical_protein	E9K6I3_unrelaxed_rank_001_alphafold2_ptm_model_1_seed_000.pdb	E9K6I3_unrelaxed_rank_001_alphafold2_ptm_model_1_seed_000.pdb	3.536E+00	0.051	24	30	114	147	94	190	263	100	0.578	0.369
LOKIASV2_0818_ESMFold_hypothetical_protein	M9M8Q4_unrelaxed_rank_001_alphafold2_ptm_model_4_seed_000.pdb	M9M8Q4_unrelaxed_rank_001_alphafold2_ptm_model_4_seed_000.pdb	1.351E+00	0.051	24	12	114	147	44	152	309	119	0.701	0.353
LOKIASV2_0818_ESMFold_hypothetical_protein	A0A7L5KTW0_unrelaxed_rank_001_alphafold2_ptm_model_5_seed_000.pdb	A0A7L5KTW0_unrelaxed_rank_001_alphafold2_ptm_model_5_seed_000.pdb	4.020E+00	0.051	24	1	147	147	104	246	386	158	1.000	0.370
LOKIASV2_0818_ESMFold_hypothetical_protein	A0A088FWV7_unrelaxed_rank_001_alphafold2_ptm_model_3_seed_000.pdb	A0A088FWV7_unrelaxed_rank_001_alphafold2_ptm_model_3_seed_000.pdb	3.771E+00	0.051	24	40	147	147	218	314	428	113	0.735	0.227
LOKIASV2_0818_ESMFold_hypothetical_protein	A0A7S9XEP5_unrelaxed_rank_001_alphafold2_ptm_model_3_seed_000.pdb	A0A7S9XEP5_unrelaxed_rank_001_alphafold2_ptm_model_3_seed_000.pdb	2.257E+00	0.051	24	31	143	147	9	128	709	135	0.769	0.169
LOKIASV2_0818_ESMFold_hypothetical_protein	UPI001CE6818F_unrelaxed_rank_001_alphafold2_ptm_model_2_seed_000.pdb	UPI001CE6818F_unrelaxed_rank_001_alphafold2_ptm_model_2_seed_000.pdb	5.907E+00	0.051	24	60	114	147	18	82	716	76	0.374	0.091
LOKIASV2_0818_ESMFold_hypothetical_protein	A0A1V0SDE0_unrelaxed_rank_001_alphafold2_ptm_model_3_seed_000.pdb	A0A1V0SDE0_unrelaxed_rank_001_alphafold2_ptm_model_3_seed_000.pdb	1.862E+00	0.051	24	75	132	147	205	268	841	64	0.395	0.076
LOKIASV2_0818_ESMFold_hypothetical_protein	A0A346I7I6_2_unrelaxed_rank_001_alphafold2_ptm_model_4_seed_000.pdb	A0A346I7I6_2_unrelaxed_rank_001_alphafold2_ptm_model_4_seed_000.pdb	4.287E+00	0.051	24	37	114	147	321	425	1288	105	0.531	0.082
LOKIASV2_0818_ESMFold_hypothetical_protein	A0A5P9K4X2_5_unrelaxed_rank_001_alphafold2_ptm_model_3_seed_000.pdb	A0A5P9K4X2_5_unrelaxed_rank_001_alphafold2_ptm_model_3_seed_000.pdb	9.254E+00	0.051	24	60	115	147	340	395	1294	59	0.381	0.043
LOKIASV2_0818_ESMFold_hypothetical_protein	Q159U3_unrelaxed_rank_001_alphafold2_ptm_model_2_seed_000.pdb	Q159U3_unrelaxed_rank_001_alphafold2_ptm_model_2_seed_000.pdb	8.679E+00	0.045	23	52	113	147	4	65	66	64	0.422	0.939
LOKIASV2_0818_ESMFold_hypothetical_protein	H6WXI1_unrelaxed_rank_001_alphafold2_ptm_model_3_seed_000.pdb	H6WXI1_unrelaxed_rank_001_alphafold2_ptm_model_3_seed_000.pdb	6.298E+00	0.045	23	30	80	147	2	52	74	51	0.347	0.689
LOKIASV2_0818_ESMFold_hypothetical_protein	Q56EW2_unrelaxed_rank_001_alphafold2_ptm_model_3_seed_000.pdb	Q56EW2_unrelaxed_rank_001_alphafold2_ptm_model_3_seed_000.pdb	6.298E+00	0.045	23	69	127	147	2	72	84	73	0.401	0.845
LOKIASV2_0818_ESMFold_hypothetical_protein	A0A6J5NMQ1_unrelaxed_rank_001_alphafold2_ptm_model_1_seed_000.pdb	A0A6J5NMQ1_unrelaxed_rank_001_alphafold2_ptm_model_1_seed_000.pdb	4.020E+00	0.045	23	25	79	147	8	68	86	62	0.374	0.709
LOKIASV2_0818_ESMFold_hypothetical_protein	A0A0B5A589_unrelaxed_rank_001_alphafold2_ptm_model_3_seed_000.pdb	A0A0B5A589_unrelaxed_rank_001_alphafold2_ptm_model_3_seed_000.pdb	4.287E+00	0.045	23	51	134	147	4	86	90	92	0.571	0.922
LOKIASV2_0818_ESMFold_hypothetical_protein	A0A8S5RVS3_unrelaxed_rank_001_alphafold2_ptm_model_2_seed_000.pdb	A0A8S5RVS3_unrelaxed_rank_001_alphafold2_ptm_model_2_seed_000.pdb	6.716E+00	0.045	23	68	136	147	4	74	90	73	0.469	0.789
LOKIASV2_0818_ESMFold_hypothetical_protein	A0A6J5NHW0_unrelaxed_rank_001_alphafold2_ptm_model_1_seed_000.pdb	A0A6J5NHW0_unrelaxed_rank_001_alphafold2_ptm_model_1_seed_000.pdb	4.020E+00	0.045	23	32	77	147	12	64	96	53	0.313	0.552
LOKIASV2_0818_ESMFold_hypothetical_protein	A0A6J5P6X9_unrelaxed_rank_001_alphafold2_ptm_model_1_seed_000.pdb	A0A6J5P6X9_unrelaxed_rank_001_alphafold2_ptm_model_1_seed_000.pdb	6.716E+00	0.045	23	82	129	147	38	85	97	52	0.327	0.495
LOKIASV2_0818_ESMFold_hypothetical_protein	A0A3G8F692_unrelaxed_rank_001_alphafold2_ptm_model_3_seed_000.pdb	A0A3G8F692_unrelaxed_rank_001_alphafold2_ptm_model_3_seed_000.pdb	5.907E+00	0.045	23	37	119	147	32	106	106	86	0.565	0.708
LOKIASV2_0818_ESMFold_hypothetical_protein	A0A8E5K7E4_unrelaxed_rank_001_alphafold2_ptm_model_2_seed_000.pdb	A0A8E5K7E4_unrelaxed_rank_001_alphafold2_ptm_model_2_seed_000.pdb	5.540E+00	0.045	23	29	119	147	2	100	108	105	0.619	0.917
LOKIASV2_0818_ESMFold_hypothetical_protein	A0A3G4ZNC3_unrelaxed_rank_001_alphafold2_ptm_model_3_seed_000.pdb	A0A3G4ZNC3_unrelaxed_rank_001_alphafold2_ptm_model_3_seed_000.pdb	5.907E+00	0.045	23	52	137	147	2	91	121	98	0.585	0.744
LOKIASV2_0818_ESMFold_hypothetical_protein	A0A3Q9R6D4_unrelaxed_rank_001_alphafold2_ptm_model_3_seed_000.pdb	A0A3Q9R6D4_unrelaxed_rank_001_alphafold2_ptm_model_3_seed_000.pdb	5.540E+00	0.045	23	38	79	147	33	76	121	44	0.286	0.364
LOKIASV2_0818_ESMFold_hypothetical_protein	P87570_unrelaxed_rank_001_alphafold2_ptm_model_1_seed_000.pdb	P87570_unrelaxed_rank_001_alphafold2_ptm_model_1_seed_000.pdb	6.716E+00	0.045	23	52	141	147	2	103	123	108	0.612	0.829
LOKIASV2_0818_ESMFold_hypothetical_protein	S5YS33_unrelaxed_rank_001_alphafold2_ptm_model_2_seed_000.pdb	S5YS33_unrelaxed_rank_001_alphafold2_ptm_model_2_seed_000.pdb	2.407E+00	0.045	23	50	145	147	14	126	140	122	0.653	0.807
LOKIASV2_0818_ESMFold_hypothetical_protein	A0A2I7S3K8_unrelaxed_rank_001_alphafold2_ptm_model_1_seed_000.pdb	A0A2I7S3K8_unrelaxed_rank_001_alphafold2_ptm_model_1_seed_000.pdb	5.907E+00	0.045	23	80	143	147	16	76	152	68	0.435	0.401
LOKIASV2_0818_ESMFold_hypothetical_protein	A0A8E5K7A2_unrelaxed_rank_001_alphafold2_ptm_model_2_seed_000.pdb	A0A8E5K7A2_unrelaxed_rank_001_alphafold2_ptm_model_2_seed_000.pdb	3.317E+00	0.045	23	28	80	147	2	56	165	56	0.361	0.333
LOKIASV2_0818_ESMFold_hypothetical_protein	A0A6J5SUH0_unrelaxed_rank_001_alphafold2_ptm_model_2_seed_000.pdb	A0A6J5SUH0_unrelaxed_rank_001_alphafold2_ptm_model_2_seed_000.pdb	1.862E+00	0.045	23	38	142	147	19	148	168	133	0.714	0.774
LOKIASV2_0818_ESMFold_hypothetical_protein	A0A6J5KP49_unrelaxed_rank_001_alphafold2_ptm_model_3_seed_000.pdb	A0A6J5KP49_unrelaxed_rank_001_alphafold2_ptm_model_3_seed_000.pdb	1.986E+00	0.045	23	42	119	147	44	149	170	116	0.531	0.624
LOKIASV2_0818_ESMFold_hypothetical_protein	A0A172Q0M5_unrelaxed_rank_001_alphafold2_ptm_model_3_seed_000.pdb	A0A172Q0M5_unrelaxed_rank_001_alphafold2_ptm_model_3_seed_000.pdb	4.873E+00	0.045	23	2	77	147	117	190	202	76	0.517	0.366
LOKIASV2_0818_ESMFold_hypothetical_protein	A0A3S8NF49_unrelaxed_rank_001_alphafold2_ptm_model_5_seed_000.pdb	A0A3S8NF49_unrelaxed_rank_001_alphafold2_ptm_model_5_seed_000.pdb	9.198E-01	0.045	23	18	140	147	2	149	205	160	0.837	0.722
LOKIASV2_0818_ESMFold_hypothetical_protein	A0A3G5A733_unrelaxed_rank_001_alphafold2_ptm_model_1_seed_000.pdb	A0A3G5A733_unrelaxed_rank_001_alphafold2_ptm_model_1_seed_000.pdb	3.771E+00	0.045	23	76	138	147	38	104	211	70	0.429	0.318
LOKIASV2_0818_ESMFold_hypothetical_protein	A0A1W6JQC2_unrelaxed_rank_001_alphafold2_ptm_model_3_seed_000.pdb	A0A1W6JQC2_unrelaxed_rank_001_alphafold2_ptm_model_3_seed_000.pdb	2.407E+00	0.045	23	69	140	147	127	211	214	95	0.490	0.397
LOKIASV2_0818_ESMFold_hypothetical_protein	A0A8S5L9F7_unrelaxed_rank_001_alphafold2_ptm_model_3_seed_000.pdb	A0A8S5L9F7_unrelaxed_rank_001_alphafold2_ptm_model_3_seed_000.pdb	2.736E+00	0.045	23	20	113	147	21	108	216	105	0.639	0.407
LOKIASV2_0818_ESMFold_hypothetical_protein	A0A8A4XC41_unrelaxed_rank_001_alphafold2_ptm_model_3_seed_000.pdb	A0A8A4XC41_unrelaxed_rank_001_alphafold2_ptm_model_3_seed_000.pdb	4.571E+00	0.045	23	2	146	147	40	194	221	178	0.986	0.701
LOKIASV2_0818_ESMFold_hypothetical_protein	Q5UQ03_unrelaxed_rank_001_alphafold2_ptm_model_3_seed_000.pdb	Q5UQ03_unrelaxed_rank_001_alphafold2_ptm_model_3_seed_000.pdb	6.298E+00	0.045	23	68	147	147	45	124	228	86	0.544	0.351
LOKIASV2_0818_ESMFold_hypothetical_protein	A0A2D1GNA7_unrelaxed_rank_001_alphafold2_ptm_model_1_seed_000.pdb	A0A2D1GNA7_unrelaxed_rank_001_alphafold2_ptm_model_1_seed_000.pdb	6.298E+00	0.045	23	56	116	147	50	114	243	70	0.415	0.267
LOKIASV2_0818_ESMFold_hypothetical_protein	A0A345MU56_unrelaxed_rank_001_alphafold2_ptm_model_4_seed_000.pdb	A0A345MU56_unrelaxed_rank_001_alphafold2_ptm_model_4_seed_000.pdb	6.298E+00	0.045	23	63	131	147	41	110	260	78	0.469	0.269
LOKIASV2_0818_ESMFold_hypothetical_protein	A0A8S5M572_unrelaxed_rank_001_alphafold2_ptm_model_3_seed_000.pdb	A0A8S5M572_unrelaxed_rank_001_alphafold2_ptm_model_3_seed_000.pdb	3.317E+00	0.045	23	60	133	147	6	77	266	80	0.503	0.271
LOKIASV2_0818_ESMFold_hypothetical_protein	A0A1B1IVG9_unrelaxed_rank_001_alphafold2_ptm_model_3_seed_000.pdb	A0A1B1IVG9_unrelaxed_rank_001_alphafold2_ptm_model_3_seed_000.pdb	1.638E+00	0.045	23	30	147	147	67	219	275	162	0.803	0.556
LOKIASV2_0818_ESMFold_hypothetical_protein	A0A345MNZ9_unrelaxed_rank_001_alphafold2_ptm_model_5_seed_000.pdb	A0A345MNZ9_unrelaxed_rank_001_alphafold2_ptm_model_5_seed_000.pdb	5.540E+00	0.045	23	51	125	147	8	86	281	84	0.510	0.281
LOKIASV2_0818_ESMFold_hypothetical_protein	A0A411HB66_unrelaxed_rank_001_alphafold2_ptm_model_4_seed_000.pdb	A0A411HB66_unrelaxed_rank_001_alphafold2_ptm_model_4_seed_000.pdb	4.020E+00	0.045	23	9	125	147	79	215	405	145	0.796	0.338
LOKIASV2_0818_ESMFold_hypothetical_protein	A0A1S6L1V2_unrelaxed_rank_001_alphafold2_ptm_model_2_seed_000.pdb	A0A1S6L1V2_unrelaxed_rank_001_alphafold2_ptm_model_2_seed_000.pdb	1.441E+00	0.045	23	26	130	147	313	421	509	116	0.714	0.214
LOKIASV2_0818_ESMFold_hypothetical_protein	A0A481W512_unrelaxed_rank_001_alphafold2_ptm_model_1_seed_000.pdb	A0A481W512_unrelaxed_rank_001_alphafold2_ptm_model_1_seed_000.pdb	3.748E-01	0.045	23	29	137	147	357	505	518	157	0.741	0.288
LOKIASV2_0818_ESMFold_hypothetical_protein	A0A6M3VX25_unrelaxed_rank_001_alphafold2_ptm_model_2_seed_000.pdb	A0A6M3VX25_unrelaxed_rank_001_alphafold2_ptm_model_2_seed_000.pdb	5.907E+00	0.045	23	71	147	147	323	396	525	78	0.524	0.141
LOKIASV2_0818_ESMFold_hypothetical_protein	Q30C80_unrelaxed_rank_001_alphafold2_ptm_model_2_seed_000.pdb	Q30C80_unrelaxed_rank_001_alphafold2_ptm_model_2_seed_000.pdb	2.566E+00	0.045	23	2	119	147	15	122	594	121	0.803	0.182
LOKIASV2_0818_ESMFold_hypothetical_protein	A0A7T8EPK7_unrelaxed_rank_001_alphafold2_ptm_model_3_seed_000.pdb	A0A7T8EPK7_unrelaxed_rank_001_alphafold2_ptm_model_3_seed_000.pdb	8.679E+00	0.045	23	76	147	147	127	202	642	79	0.490	0.118
LOKIASV2_0818_ESMFold_hypothetical_protein	A0A8A4XCL4_unrelaxed_rank_001_alphafold2_ptm_model_3_seed_000.pdb	A0A8A4XCL4_unrelaxed_rank_001_alphafold2_ptm_model_3_seed_000.pdb	7.635E+00	0.045	23	74	127	147	82	136	647	59	0.367	0.085
LOKIASV2_0818_ESMFold_hypothetical_protein	A0A5B8HBK7_unrelaxed_rank_001_alphafold2_ptm_model_2_seed_000.pdb	A0A5B8HBK7_unrelaxed_rank_001_alphafold2_ptm_model_2_seed_000.pdb	8.090E-01	0.045	23	2	113	147	948	1060	1101	124	0.762	0.103
LOKIASV2_0818_ESMFold_hypothetical_protein	A0A3G5AH82_2_unrelaxed_rank_001_alphafold2_ptm_model_2_seed_000.pdb	A0A3G5AH82_2_unrelaxed_rank_001_alphafold2_ptm_model_2_seed_000.pdb	7.635E+00	0.045	23	77	147	147	645	714	1135	75	0.483	0.062
LOKIASV2_0818_ESMFold_hypothetical_protein	A0A8S5L9Y2_unrelaxed_rank_001_alphafold2_ptm_model_1_seed_000.pdb	A0A8S5L9Y2_unrelaxed_rank_001_alphafold2_ptm_model_1_seed_000.pdb	7.635E+00	0.040	22	60	114	147	31	91	92	62	0.374	0.663
LOKIASV2_0818_ESMFold_hypothetical_protein	A0A6J5MQY3_unrelaxed_rank_001_alphafold2_ptm_model_2_seed_000.pdb	A0A6J5MQY3_unrelaxed_rank_001_alphafold2_ptm_model_2_seed_000.pdb	7.160E+00	0.040	22	77	147	147	11	84	99	80	0.483	0.747
LOKIASV2_0818_ESMFold_hypothetical_protein	A0A8S5TA52_unrelaxed_rank_001_alphafold2_ptm_model_3_seed_000.pdb	A0A8S5TA52_unrelaxed_rank_001_alphafold2_ptm_model_3_seed_000.pdb	9.807E-01	0.040	22	3	114	147	2	102	107	122	0.762	0.944
LOKIASV2_0818_ESMFold_hypothetical_protein	A0A873WIG5_unrelaxed_rank_001_alphafold2_ptm_model_1_seed_000.pdb	A0A873WIG5_unrelaxed_rank_001_alphafold2_ptm_model_1_seed_000.pdb	3.317E+00	0.040	22	39	127	147	10	95	108	94	0.605	0.796
LOKIASV2_0818_ESMFold_hypothetical_protein	A0A3Q8Q424_unrelaxed_rank_001_alphafold2_ptm_model_1_seed_000.pdb	A0A3Q8Q424_unrelaxed_rank_001_alphafold2_ptm_model_1_seed_000.pdb	9.254E+00	0.040	22	75	136	147	13	81	116	69	0.422	0.595
LOKIASV2_0818_ESMFold_hypothetical_protein	A0A516KUE8_unrelaxed_rank_001_alphafold2_ptm_model_1_seed_000.pdb	A0A516KUE8_unrelaxed_rank_001_alphafold2_ptm_model_1_seed_000.pdb	8.679E+00	0.040	22	71	136	147	22	90	116	71	0.449	0.595
LOKIASV2_0818_ESMFold_hypothetical_protein	G8EY33_unrelaxed_rank_001_alphafold2_ptm_model_1_seed_000.pdb	G8EY33_unrelaxed_rank_001_alphafold2_ptm_model_1_seed_000.pdb	3.111E+00	0.040	22	40	147	147	17	118	122	120	0.735	0.836
LOKIASV2_0818_ESMFold_hypothetical_protein	A0A141ZKS8_unrelaxed_rank_001_alphafold2_ptm_model_1_seed_000.pdb	A0A141ZKS8_unrelaxed_rank_001_alphafold2_ptm_model_1_seed_000.pdb	2.257E+00	0.040	22	24	78	147	54	109	132	60	0.374	0.424
LOKIASV2_0818_ESMFold_hypothetical_protein	A0A1V0SA45_unrelaxed_rank_001_alphafold2_ptm_model_3_seed_000.pdb	A0A1V0SA45_unrelaxed_rank_001_alphafold2_ptm_model_3_seed_000.pdb	3.536E+00	0.040	22	36	146	147	45	138	141	114	0.755	0.667
LOKIASV2_0818_ESMFold_hypothetical_protein	M9MJE7_unrelaxed_rank_001_alphafold2_ptm_model_2_seed_000.pdb	M9MJE7_unrelaxed_rank_001_alphafold2_ptm_model_2_seed_000.pdb	7.160E+00	0.040	22	52	114	147	29	92	143	67	0.429	0.448
LOKIASV2_0818_ESMFold_hypothetical_protein	G9I9P1_unrelaxed_rank_001_alphafold2_ptm_model_3_seed_000.pdb	G9I9P1_unrelaxed_rank_001_alphafold2_ptm_model_3_seed_000.pdb	7.160E+00	0.040	22	38	74	147	20	54	153	37	0.252	0.229
LOKIASV2_0818_ESMFold_hypothetical_protein	I6P9L5_unrelaxed_rank_001_alphafold2_ptm_model_1_seed_000.pdb	I6P9L5_unrelaxed_rank_001_alphafold2_ptm_model_1_seed_000.pdb	1.747E+00	0.040	22	27	143	147	13	142	163	143	0.796	0.798
LOKIASV2_0818_ESMFold_hypothetical_protein	A0A8D4KH25_unrelaxed_rank_001_alphafold2_ptm_model_1_seed_000.pdb	A0A8D4KH25_unrelaxed_rank_001_alphafold2_ptm_model_1_seed_000.pdb	2.736E+00	0.040	22	39	114	147	11	126	211	117	0.517	0.550
LOKIASV2_0818_ESMFold_hypothetical_protein	Q6XM86_unrelaxed_rank_001_alphafold2_ptm_model_4_seed_000.pdb	Q6XM86_unrelaxed_rank_001_alphafold2_ptm_model_4_seed_000.pdb	7.160E+00	0.040	22	53	127	147	41	114	341	83	0.510	0.217
LOKIASV2_0818_ESMFold_hypothetical_protein	A0A1D8MK65_unrelaxed_rank_001_alphafold2_ptm_model_4_seed_000.pdb	A0A1D8MK65_unrelaxed_rank_001_alphafold2_ptm_model_4_seed_000.pdb	4.571E+00	0.040	22	39	114	147	23	103	392	86	0.517	0.207
LOKIASV2_0818_ESMFold_hypothetical_protein	A0A345MSE7_unrelaxed_rank_001_alphafold2_ptm_model_5_seed_000.pdb	A0A345MSE7_unrelaxed_rank_001_alphafold2_ptm_model_5_seed_000.pdb	6.716E+00	0.040	22	51	114	147	33	99	434	67	0.435	0.154
LOKIASV2_0818_ESMFold_hypothetical_protein	A0A8S5SMS3_unrelaxed_rank_001_alphafold2_ptm_model_5_seed_000.pdb	A0A8S5SMS3_unrelaxed_rank_001_alphafold2_ptm_model_5_seed_000.pdb	2.407E+00	0.040	22	26	118	147	359	455	480	104	0.633	0.202
LOKIASV2_0818_ESMFold_hypothetical_protein	A0A345MG07_unrelaxed_rank_001_alphafold2_ptm_model_3_seed_000.pdb	A0A345MG07_unrelaxed_rank_001_alphafold2_ptm_model_3_seed_000.pdb	4.020E+00	0.040	22	60	114	147	72	126	774	59	0.374	0.071
LOKIASV2_0818_ESMFold_hypothetical_protein	A0A6H0DIK7_unrelaxed_rank_001_alphafold2_ptm_model_3_seed_000.pdb	A0A6H0DIK7_unrelaxed_rank_001_alphafold2_ptm_model_3_seed_000.pdb	5.907E+00	0.040	22	2	73	147	692	763	832	73	0.490	0.087
LOKIASV2_0818_ESMFold_hypothetical_protein	A0A8U0LTR8_1_unrelaxed_rank_001_alphafold2_ptm_model_2_seed_000.pdb	A0A8U0LTR8_1_unrelaxed_rank_001_alphafold2_ptm_model_2_seed_000.pdb	8.140E+00	0.040	22	42	74	147	556	588	1136	33	0.224	0.029
LOKIASV2_0818_ESMFold_hypothetical_protein	A0A5P9K4X2_2_unrelaxed_rank_001_alphafold2_ptm_model_4_seed_000.pdb	A0A5P9K4X2_2_unrelaxed_rank_001_alphafold2_ptm_model_4_seed_000.pdb	4.020E+00	0.040	22	4	114	147	568	722	1294	158	0.755	0.120
LOKIASV2_0818_ESMFold_hypothetical_protein	A0A4Y5FG43_unrelaxed_rank_001_alphafold2_ptm_model_1_seed_000.pdb	A0A4Y5FG43_unrelaxed_rank_001_alphafold2_ptm_model_1_seed_000.pdb	8.140E+00	0.034	21	60	114	147	2	49	50	56	0.374	0.960
LOKIASV2_0818_ESMFold_hypothetical_protein	A0A8S5T2G0_unrelaxed_rank_001_alphafold2_ptm_model_1_seed_000.pdb	A0A8S5T2G0_unrelaxed_rank_001_alphafold2_ptm_model_1_seed_000.pdb	6.298E+00	0.034	21	29	114	147	2	81	83	89	0.585	0.964
LOKIASV2_0818_ESMFold_hypothetical_protein	A0A7S6GI10_unrelaxed_rank_001_alphafold2_ptm_model_1_seed_000.pdb	A0A7S6GI10_unrelaxed_rank_001_alphafold2_ptm_model_1_seed_000.pdb	9.867E+00	0.034	21	34	80	147	21	67	87	47	0.320	0.540
LOKIASV2_0818_ESMFold_hypothetical_protein	B6EFD9_unrelaxed_rank_001_alphafold2_ptm_model_3_seed_000.pdb	B6EFD9_unrelaxed_rank_001_alphafold2_ptm_model_3_seed_000.pdb	1.189E+00	0.034	21	38	114	147	29	92	97	80	0.524	0.660
LOKIASV2_0818_ESMFold_hypothetical_protein	A0A2I7S9Q2_unrelaxed_rank_001_alphafold2_ptm_model_2_seed_000.pdb	A0A2I7S9Q2_unrelaxed_rank_001_alphafold2_ptm_model_2_seed_000.pdb	3.771E+00	0.034	21	52	139	147	4	112	113	111	0.599	0.965
LOKIASV2_0818_ESMFold_hypothetical_protein	A0A7M1RS34_unrelaxed_rank_001_alphafold2_ptm_model_2_seed_000.pdb	A0A7M1RS34_unrelaxed_rank_001_alphafold2_ptm_model_2_seed_000.pdb	8.679E+00	0.034	21	64	114	147	6	59	113	56	0.347	0.478
LOKIASV2_0818_ESMFold_hypothetical_protein	A0A7S5R7Y3_unrelaxed_rank_001_alphafold2_ptm_model_3_seed_000.pdb	A0A7S5R7Y3_unrelaxed_rank_001_alphafold2_ptm_model_3_seed_000.pdb	4.020E+00	0.034	21	42	140	147	4	120	121	132	0.673	0.967
LOKIASV2_0818_ESMFold_hypothetical_protein	A0A1C9C503_unrelaxed_rank_001_alphafold2_ptm_model_1_seed_000.pdb	A0A1C9C503_unrelaxed_rank_001_alphafold2_ptm_model_1_seed_000.pdb	3.317E+00	0.034	21	53	143	147	2	95	122	102	0.619	0.770
LOKIASV2_0818_ESMFold_hypothetical_protein	A0A6J5Q1P2_unrelaxed_rank_001_alphafold2_ptm_model_1_seed_000.pdb	A0A6J5Q1P2_unrelaxed_rank_001_alphafold2_ptm_model_1_seed_000.pdb	4.287E+00	0.034	21	78	143	147	50	113	127	72	0.449	0.504
LOKIASV2_0818_ESMFold_hypothetical_protein	G4KKC2_unrelaxed_rank_001_alphafold2_ptm_model_1_seed_000.pdb	G4KKC2_unrelaxed_rank_001_alphafold2_ptm_model_1_seed_000.pdb	2.566E+00	0.034	21	18	119	147	5	123	129	124	0.694	0.922
LOKIASV2_0818_ESMFold_hypothetical_protein	A0A6J5N3D2_unrelaxed_rank_001_alphafold2_ptm_model_1_seed_000.pdb	A0A6J5N3D2_unrelaxed_rank_001_alphafold2_ptm_model_1_seed_000.pdb	7.160E+00	0.034	21	43	78	147	55	92	134	38	0.245	0.284
LOKIASV2_0818_ESMFold_hypothetical_protein	A0A8S5LA95_unrelaxed_rank_001_alphafold2_ptm_model_3_seed_000.pdb	A0A8S5LA95_unrelaxed_rank_001_alphafold2_ptm_model_3_seed_000.pdb	7.160E+00	0.034	21	39	78	147	35	87	150	53	0.272	0.353
LOKIASV2_0818_ESMFold_hypothetical_protein	G3MB30_unrelaxed_rank_001_alphafold2_ptm_model_3_seed_000.pdb	G3MB30_unrelaxed_rank_001_alphafold2_ptm_model_3_seed_000.pdb	4.873E+00	0.034	21	53	142	147	55	153	154	101	0.612	0.643
LOKIASV2_0818_ESMFold_hypothetical_protein	A0A481YQR1_unrelaxed_rank_001_alphafold2_ptm_model_2_seed_000.pdb	A0A481YQR1_unrelaxed_rank_001_alphafold2_ptm_model_2_seed_000.pdb	2.257E+00	0.034	21	54	142	147	44	155	156	112	0.605	0.718
LOKIASV2_0818_ESMFold_hypothetical_protein	A0A5J6THC2_unrelaxed_rank_001_alphafold2_ptm_model_2_seed_000.pdb	A0A5J6THC2_unrelaxed_rank_001_alphafold2_ptm_model_2_seed_000.pdb	5.540E+00	0.034	21	34	80	147	39	89	160	51	0.320	0.319
LOKIASV2_0818_ESMFold_hypothetical_protein	A0A2C9CYR5_unrelaxed_rank_001_alphafold2_ptm_model_1_seed_000.pdb	A0A2C9CYR5_unrelaxed_rank_001_alphafold2_ptm_model_1_seed_000.pdb	5.540E+00	0.034	21	29	130	147	31	143	176	115	0.694	0.642
LOKIASV2_0818_ESMFold_hypothetical_protein	A0A6J5RV36_unrelaxed_rank_001_alphafold2_ptm_model_3_seed_000.pdb	A0A6J5RV36_unrelaxed_rank_001_alphafold2_ptm_model_3_seed_000.pdb	2.257E+00	0.034	21	19	93	147	19	86	181	78	0.510	0.376
LOKIASV2_0818_ESMFold_hypothetical_protein	A0A6G8R444_unrelaxed_rank_001_alphafold2_ptm_model_2_seed_000.pdb	A0A6G8R444_unrelaxed_rank_001_alphafold2_ptm_model_2_seed_000.pdb	4.873E+00	0.034	21	36	134	147	70	162	192	103	0.673	0.484
LOKIASV2_0818_ESMFold_hypothetical_protein	A0A345MMX5_unrelaxed_rank_001_alphafold2_ptm_model_1_seed_000.pdb	A0A345MMX5_unrelaxed_rank_001_alphafold2_ptm_model_1_seed_000.pdb	3.771E+00	0.034	21	29	147	147	5	184	198	187	0.810	0.909
LOKIASV2_0818_ESMFold_hypothetical_protein	A0A345N4V9_unrelaxed_rank_001_alphafold2_ptm_model_3_seed_000.pdb	A0A345N4V9_unrelaxed_rank_001_alphafold2_ptm_model_3_seed_000.pdb	5.907E+00	0.034	21	82	130	147	17	66	236	51	0.333	0.212
LOKIASV2_0818_ESMFold_hypothetical_protein	A0A8T8JF96_unrelaxed_rank_001_alphafold2_ptm_model_3_seed_000.pdb	A0A8T8JF96_unrelaxed_rank_001_alphafold2_ptm_model_3_seed_000.pdb	7.160E+00	0.034	21	60	114	147	44	110	236	69	0.374	0.284
LOKIASV2_0818_ESMFold_hypothetical_protein	A0A7T8C3V3_unrelaxed_rank_001_alphafold2_ptm_model_4_seed_000.pdb	A0A7T8C3V3_unrelaxed_rank_001_alphafold2_ptm_model_4_seed_000.pdb	1.862E+00	0.034	21	38	113	147	25	114	284	94	0.517	0.317
LOKIASV2_0818_ESMFold_hypothetical_protein	A0A2D1GM86_unrelaxed_rank_001_alphafold2_ptm_model_4_seed_000.pdb	A0A2D1GM86_unrelaxed_rank_001_alphafold2_ptm_model_4_seed_000.pdb	4.571E+00	0.034	21	38	114	147	150	224	329	84	0.524	0.228
LOKIASV2_0818_ESMFold_hypothetical_protein	A0A5K0U8V2_unrelaxed_rank_001_alphafold2_ptm_model_4_seed_000.pdb	A0A5K0U8V2_unrelaxed_rank_001_alphafold2_ptm_model_4_seed_000.pdb	7.588E-01	0.034	21	61	114	147	353	421	427	69	0.367	0.162
LOKIASV2_0818_ESMFold_hypothetical_protein	A0A060CY72_unrelaxed_rank_001_alphafold2_ptm_model_2_seed_000.pdb	A0A060CY72_unrelaxed_rank_001_alphafold2_ptm_model_2_seed_000.pdb	5.540E+00	0.034	21	2	130	147	267	415	443	156	0.878	0.336
LOKIASV2_0818_ESMFold_hypothetical_protein	A0A1X7BZ74_unrelaxed_rank_001_alphafold2_ptm_model_2_seed_000.pdb	A0A1X7BZ74_unrelaxed_rank_001_alphafold2_ptm_model_2_seed_000.pdb	6.674E-01	0.034	21	30	146	147	41	199	477	165	0.796	0.333
LOKIASV2_0818_ESMFold_hypothetical_protein	A0A5E4A0N4_unrelaxed_rank_001_alphafold2_ptm_model_4_seed_000.pdb	A0A5E4A0N4_unrelaxed_rank_001_alphafold2_ptm_model_4_seed_000.pdb	1.441E+00	0.034	21	38	113	147	398	499	532	111	0.517	0.192
LOKIASV2_0818_ESMFold_hypothetical_protein	A0A0A1E755_unrelaxed_rank_001_alphafold2_ptm_model_3_seed_000.pdb	A0A0A1E755_unrelaxed_rank_001_alphafold2_ptm_model_3_seed_000.pdb	3.111E+00	0.034	21	60	143	147	692	762	777	88	0.571	0.091
LOKIASV2_0818_ESMFold_hypothetical_protein	A0A8K1WRK4_1_unrelaxed_rank_001_alphafold2_ptm_model_2_seed_000.pdb	A0A8K1WRK4_1_unrelaxed_rank_001_alphafold2_ptm_model_2_seed_000.pdb	9.254E+00	0.034	21	74	147	147	903	982	1186	83	0.503	0.067
LOKIASV2_0818_ESMFold_hypothetical_protein	A0A6J5PMW6_unrelaxed_rank_001_alphafold2_ptm_model_2_seed_000.pdb	A0A6J5PMW6_unrelaxed_rank_001_alphafold2_ptm_model_2_seed_000.pdb	9.254E+00	0.029	20	43	78	147	4	44	59	41	0.245	0.695
LOKIASV2_0818_ESMFold_hypothetical_protein	A0A6J7X9A7_unrelaxed_rank_001_alphafold2_ptm_model_2_seed_000.pdb	A0A6J7X9A7_unrelaxed_rank_001_alphafold2_ptm_model_2_seed_000.pdb	9.867E+00	0.029	20	51	119	147	2	62	62	70	0.469	0.984
LOKIASV2_0818_ESMFold_hypothetical_protein	A0A248SK26_unrelaxed_rank_001_alphafold2_ptm_model_3_seed_000.pdb	A0A248SK26_unrelaxed_rank_001_alphafold2_ptm_model_3_seed_000.pdb	8.679E+00	0.029	20	79	134	147	5	56	64	56	0.381	0.812
LOKIASV2_0818_ESMFold_hypothetical_protein	A0A2I7RCX4_unrelaxed_rank_001_alphafold2_ptm_model_1_seed_000.pdb	A0A2I7RCX4_unrelaxed_rank_001_alphafold2_ptm_model_1_seed_000.pdb	8.140E+00	0.029	20	58	134	147	2	65	67	82	0.524	0.955
LOKIASV2_0818_ESMFold_hypothetical_protein	A0A6J5MYB3_unrelaxed_rank_001_alphafold2_ptm_model_2_seed_000.pdb	A0A6J5MYB3_unrelaxed_rank_001_alphafold2_ptm_model_2_seed_000.pdb	9.254E+00	0.029	20	92	142	147	25	78	80	54	0.347	0.675
LOKIASV2_0818_ESMFold_hypothetical_protein	A0A8S5QLR6_unrelaxed_rank_001_alphafold2_ptm_model_1_seed_000.pdb	A0A8S5QLR6_unrelaxed_rank_001_alphafold2_ptm_model_1_seed_000.pdb	9.867E+00	0.029	20	43	114	147	6	71	80	75	0.490	0.825
LOKIASV2_0818_ESMFold_hypothetical_protein	A0A8D4GM94_unrelaxed_rank_001_alphafold2_ptm_model_1_seed_000.pdb	A0A8D4GM94_unrelaxed_rank_001_alphafold2_ptm_model_1_seed_000.pdb	4.287E+00	0.029	20	60	143	147	10	87	101	90	0.571	0.772
LOKIASV2_0818_ESMFold_hypothetical_protein	A0A3T0IIM6_unrelaxed_rank_001_alphafold2_ptm_model_3_seed_000.pdb	A0A3T0IIM6_unrelaxed_rank_001_alphafold2_ptm_model_3_seed_000.pdb	2.736E+00	0.029	20	92	133	147	62	99	109	42	0.286	0.349
LOKIASV2_0818_ESMFold_hypothetical_protein	A0A346LU44_unrelaxed_rank_001_alphafold2_ptm_model_1_seed_000.pdb	A0A346LU44_unrelaxed_rank_001_alphafold2_ptm_model_1_seed_000.pdb	9.867E+00	0.029	20	19	80	147	6	81	115	76	0.422	0.661
LOKIASV2_0818_ESMFold_hypothetical_protein	A0A6G6XY60_unrelaxed_rank_001_alphafold2_ptm_model_3_seed_000.pdb	A0A6G6XY60_unrelaxed_rank_001_alphafold2_ptm_model_3_seed_000.pdb	6.716E+00	0.029	20	80	133	147	46	96	117	57	0.367	0.436
LOKIASV2_0818_ESMFold_hypothetical_protein	A0A285PXM0_unrelaxed_rank_001_alphafold2_ptm_model_2_seed_000.pdb	A0A285PXM0_unrelaxed_rank_001_alphafold2_ptm_model_2_seed_000.pdb	1.747E+00	0.029	20	1	138	147	1	143	146	171	0.939	0.979
LOKIASV2_0818_ESMFold_hypothetical_protein	A0A7R7IFM1_unrelaxed_rank_001_alphafold2_ptm_model_3_seed_000.pdb	A0A7R7IFM1_unrelaxed_rank_001_alphafold2_ptm_model_3_seed_000.pdb	9.254E+00	0.029	20	68	145	147	2	87	157	87	0.531	0.548
LOKIASV2_0818_ESMFold_hypothetical_protein	H9YRI5_unrelaxed_rank_001_alphafold2_ptm_model_2_seed_000.pdb	H9YRI5_unrelaxed_rank_001_alphafold2_ptm_model_2_seed_000.pdb	5.196E+00	0.029	20	36	132	147	27	124	157	115	0.660	0.624
LOKIASV2_0818_ESMFold_hypothetical_protein	A0A8S5RMF4_unrelaxed_rank_001_alphafold2_ptm_model_3_seed_000.pdb	A0A8S5RMF4_unrelaxed_rank_001_alphafold2_ptm_model_3_seed_000.pdb	2.917E+00	0.029	20	60	146	147	22	114	164	108	0.592	0.567
LOKIASV2_0818_ESMFold_hypothetical_protein	A2PZS4_unrelaxed_rank_001_alphafold2_ptm_model_1_seed_000.pdb	A2PZS4_unrelaxed_rank_001_alphafold2_ptm_model_1_seed_000.pdb	7.635E+00	0.029	20	31	147	147	13	146	168	135	0.796	0.798
LOKIASV2_0818_ESMFold_hypothetical_protein	A0A3G5A2Y1_unrelaxed_rank_001_alphafold2_ptm_model_1_seed_000.pdb	A0A3G5A2Y1_unrelaxed_rank_001_alphafold2_ptm_model_1_seed_000.pdb	3.317E+00	0.029	20	34	119	147	35	107	180	89	0.585	0.406
LOKIASV2_0818_ESMFold_hypothetical_protein	A0A386KSL7_unrelaxed_rank_001_alphafold2_ptm_model_5_seed_000.pdb	A0A386KSL7_unrelaxed_rank_001_alphafold2_ptm_model_5_seed_000.pdb	2.917E+00	0.029	20	1	145	147	18	158	216	162	0.986	0.653
LOKIASV2_0818_ESMFold_hypothetical_protein	A0A6G8MYR4_unrelaxed_rank_001_alphafold2_ptm_model_4_seed_000.pdb	A0A6G8MYR4_unrelaxed_rank_001_alphafold2_ptm_model_4_seed_000.pdb	8.679E+00	0.029	20	61	114	147	118	174	230	58	0.367	0.248
LOKIASV2_0818_ESMFold_hypothetical_protein	E3T5T3_unrelaxed_rank_001_alphafold2_ptm_model_3_seed_000.pdb	E3T5T3_unrelaxed_rank_001_alphafold2_ptm_model_3_seed_000.pdb	6.298E+00	0.029	20	72	143	147	118	186	263	76	0.490	0.262
LOKIASV2_0818_ESMFold_hypothetical_protein	A0A2I2L6E0_unrelaxed_rank_001_alphafold2_ptm_model_2_seed_000.pdb	A0A2I2L6E0_unrelaxed_rank_001_alphafold2_ptm_model_2_seed_000.pdb	5.907E+00	0.029	20	3	77	147	127	200	306	79	0.510	0.242
LOKIASV2_0818_ESMFold_hypothetical_protein	A0A2P0VMY5_unrelaxed_rank_001_alphafold2_ptm_model_2_seed_000.pdb	A0A2P0VMY5_unrelaxed_rank_001_alphafold2_ptm_model_2_seed_000.pdb	3.771E+00	0.029	20	29	147	147	156	271	308	129	0.810	0.377
LOKIASV2_0818_ESMFold_hypothetical_protein	Q9UIZ7_unrelaxed_rank_001_alphafold2_ptm_model_3_seed_000.pdb	Q9UIZ7_unrelaxed_rank_001_alphafold2_ptm_model_3_seed_000.pdb	8.140E+00	0.029	20	43	114	147	52	142	316	93	0.490	0.288
LOKIASV2_0818_ESMFold_hypothetical_protein	A0A6B7HXR1_unrelaxed_rank_001_alphafold2_ptm_model_1_seed_000.pdb	A0A6B7HXR1_unrelaxed_rank_001_alphafold2_ptm_model_1_seed_000.pdb	6.716E+00	0.029	20	3	80	147	121	188	365	78	0.531	0.186
LOKIASV2_0818_ESMFold_hypothetical_protein	E9LEU7_unrelaxed_rank_001_alphafold2_ptm_model_5_seed_000.pdb	E9LEU7_unrelaxed_rank_001_alphafold2_ptm_model_5_seed_000.pdb	4.287E+00	0.029	20	12	143	147	204	356	419	157	0.898	0.365
LOKIASV2_0818_ESMFold_hypothetical_protein	Q9YVV2_unrelaxed_rank_001_alphafold2_ptm_model_2_seed_000.pdb	Q9YVV2_unrelaxed_rank_001_alphafold2_ptm_model_2_seed_000.pdb	2.566E+00	0.029	20	3	93	147	296	405	608	110	0.619	0.181
LOKIASV2_0818_ESMFold_hypothetical_protein	A0A5B9N849_unrelaxed_rank_001_alphafold2_ptm_model_2_seed_000.pdb	A0A5B9N849_unrelaxed_rank_001_alphafold2_ptm_model_2_seed_000.pdb	3.317E+00	0.029	20	5	91	147	385	486	631	106	0.592	0.162
LOKIASV2_0818_ESMFold_hypothetical_protein	A0A811A8V5_unrelaxed_rank_001_alphafold2_ptm_model_2_seed_000.pdb	A0A811A8V5_unrelaxed_rank_001_alphafold2_ptm_model_2_seed_000.pdb	3.317E+00	0.029	20	34	146	147	384	498	1157	129	0.769	0.099
LOKIASV2_0818_ESMFold_hypothetical_protein	UPI0002B27B60_unrelaxed_rank_001_alphafold2_ptm_model_1_seed_000.pdb	UPI0002B27B60_unrelaxed_rank_001_alphafold2_ptm_model_1_seed_000.pdb	8.140E+00	0.024	19	69	136	147	3	58	69	68	0.463	0.812
LOKIASV2_0818_ESMFold_hypothetical_protein	G4KJW2_unrelaxed_rank_001_alphafold2_ptm_model_1_seed_000.pdb	G4KJW2_unrelaxed_rank_001_alphafold2_ptm_model_1_seed_000.pdb	6.716E+00	0.024	19	29	77	147	4	54	75	54	0.333	0.680
LOKIASV2_0818_ESMFold_hypothetical_protein	A0A4V1FVM9_unrelaxed_rank_001_alphafold2_ptm_model_2_seed_000.pdb	A0A4V1FVM9_unrelaxed_rank_001_alphafold2_ptm_model_2_seed_000.pdb	7.635E+00	0.024	19	60	132	147	9	87	93	83	0.497	0.849
LOKIASV2_0818_ESMFold_hypothetical_protein	A0A7T8C2V2_unrelaxed_rank_001_alphafold2_ptm_model_2_seed_000.pdb	A0A7T8C2V2_unrelaxed_rank_001_alphafold2_ptm_model_2_seed_000.pdb	7.160E+00	0.024	19	34	146	147	2	92	97	113	0.769	0.938
LOKIASV2_0818_ESMFold_hypothetical_protein	A0A346A636_unrelaxed_rank_001_alphafold2_ptm_model_3_seed_000.pdb	A0A346A636_unrelaxed_rank_001_alphafold2_ptm_model_3_seed_000.pdb	5.196E+00	0.024	19	75	137	147	19	81	115	63	0.429	0.548
LOKIASV2_0818_ESMFold_hypothetical_protein	A0A8S5NHN3_unrelaxed_rank_001_alphafold2_ptm_model_1_seed_000.pdb	A0A8S5NHN3_unrelaxed_rank_001_alphafold2_ptm_model_1_seed_000.pdb	5.196E+00	0.024	19	33	142	147	2	88	116	125	0.748	0.750
LOKIASV2_0818_ESMFold_hypothetical_protein	A0A097PBD5_unrelaxed_rank_001_alphafold2_ptm_model_1_seed_000.pdb	A0A097PBD5_unrelaxed_rank_001_alphafold2_ptm_model_1_seed_000.pdb	7.635E+00	0.024	19	37	79	147	38	76	121	43	0.293	0.322
LOKIASV2_0818_ESMFold_hypothetical_protein	A0A385IRU7_unrelaxed_rank_001_alphafold2_ptm_model_1_seed_000.pdb	A0A385IRU7_unrelaxed_rank_001_alphafold2_ptm_model_1_seed_000.pdb	8.140E+00	0.024	19	60	91	147	19	51	140	33	0.218	0.236
LOKIASV2_0818_ESMFold_hypothetical_protein	C6K5C5_unrelaxed_rank_001_alphafold2_ptm_model_1_seed_000.pdb	C6K5C5_unrelaxed_rank_001_alphafold2_ptm_model_1_seed_000.pdb	9.867E+00	0.024	19	28	114	147	38	139	140	104	0.592	0.729
LOKIASV2_0818_ESMFold_hypothetical_protein	A0A2D0ZN57_unrelaxed_rank_001_alphafold2_ptm_model_3_seed_000.pdb	A0A2D0ZN57_unrelaxed_rank_001_alphafold2_ptm_model_3_seed_000.pdb	5.907E+00	0.024	19	9	81	147	27	101	166	75	0.497	0.452
LOKIASV2_0818_ESMFold_hypothetical_protein	Q5YFF5_unrelaxed_rank_001_alphafold2_ptm_model_2_seed_000.pdb	Q5YFF5_unrelaxed_rank_001_alphafold2_ptm_model_2_seed_000.pdb	3.536E+00	0.024	19	10	147	147	10	163	187	177	0.939	0.824
LOKIASV2_0818_ESMFold_hypothetical_protein	A0A0B5A779_unrelaxed_rank_001_alphafold2_ptm_model_5_seed_000.pdb	A0A0B5A779_unrelaxed_rank_001_alphafold2_ptm_model_5_seed_000.pdb	5.196E+00	0.024	19	31	91	147	27	94	192	68	0.415	0.354
LOKIASV2_0818_ESMFold_hypothetical_protein	A0A3T0IG88_unrelaxed_rank_001_alphafold2_ptm_model_2_seed_000.pdb	A0A3T0IG88_unrelaxed_rank_001_alphafold2_ptm_model_2_seed_000.pdb	3.111E+00	0.024	19	38	114	147	27	109	213	93	0.524	0.390
LOKIASV2_0818_ESMFold_hypothetical_protein	A0A3G5ABM5_unrelaxed_rank_001_alphafold2_ptm_model_4_seed_000.pdb	A0A3G5ABM5_unrelaxed_rank_001_alphafold2_ptm_model_4_seed_000.pdb	2.257E+00	0.024	19	1	112	147	65	179	226	127	0.762	0.509
LOKIASV2_0818_ESMFold_hypothetical_protein	A0A481ZAW2_unrelaxed_rank_001_alphafold2_ptm_model_4_seed_000.pdb	A0A481ZAW2_unrelaxed_rank_001_alphafold2_ptm_model_4_seed_000.pdb	1.747E+00	0.024	19	52	104	147	22	79	227	62	0.361	0.256
LOKIASV2_0818_ESMFold_hypothetical_protein	A0A481YZB2_unrelaxed_rank_001_alphafold2_ptm_model_2_seed_000.pdb	A0A481YZB2_unrelaxed_rank_001_alphafold2_ptm_model_2_seed_000.pdb	8.140E+00	0.024	19	60	146	147	162	250	256	94	0.592	0.348
LOKIASV2_0818_ESMFold_hypothetical_protein	W8VUQ6_unrelaxed_rank_001_alphafold2_ptm_model_4_seed_000.pdb	W8VUQ6_unrelaxed_rank_001_alphafold2_ptm_model_4_seed_000.pdb	5.907E+00	0.024	19	93	147	147	149	203	300	59	0.374	0.183
LOKIASV2_0818_ESMFold_hypothetical_protein	G3LZI1_unrelaxed_rank_001_alphafold2_ptm_model_2_seed_000.pdb	G3LZI1_unrelaxed_rank_001_alphafold2_ptm_model_2_seed_000.pdb	5.907E+00	0.024	19	92	142	147	259	300	301	51	0.347	0.140
LOKIASV2_0818_ESMFold_hypothetical_protein	A0A248SJT2_unrelaxed_rank_001_alphafold2_ptm_model_3_seed_000.pdb	A0A248SJT2_unrelaxed_rank_001_alphafold2_ptm_model_3_seed_000.pdb	3.111E+00	0.024	19	3	115	147	53	183	378	145	0.769	0.347
LOKIASV2_0818_ESMFold_hypothetical_protein	A0A346G3U8_unrelaxed_rank_001_alphafold2_ptm_model_3_seed_000.pdb	A0A346G3U8_unrelaxed_rank_001_alphafold2_ptm_model_3_seed_000.pdb	8.679E+00	0.024	19	53	116	147	288	360	391	75	0.435	0.187
LOKIASV2_0818_ESMFold_hypothetical_protein	A0A1B1IRG6_unrelaxed_rank_001_alphafold2_ptm_model_2_seed_000.pdb	A0A1B1IRG6_unrelaxed_rank_001_alphafold2_ptm_model_2_seed_000.pdb	9.867E+00	0.024	19	4	143	147	401	532	550	160	0.952	0.240
LOKIASV2_0818_ESMFold_hypothetical_protein	A0A916KQC6_unrelaxed_rank_001_alphafold2_ptm_model_4_seed_000.pdb	A0A916KQC6_unrelaxed_rank_001_alphafold2_ptm_model_4_seed_000.pdb	6.298E+00	0.024	19	39	134	147	18	117	553	101	0.653	0.181
LOKIASV2_0818_ESMFold_hypothetical_protein	A0A8S5MJL5_unrelaxed_rank_001_alphafold2_ptm_model_3_seed_000.pdb	A0A8S5MJL5_unrelaxed_rank_001_alphafold2_ptm_model_3_seed_000.pdb	5.540E+00	0.024	19	34	75	147	159	205	803	47	0.286	0.059
LOKIASV2_0818_ESMFold_hypothetical_protein	A0A5J6VLP1_unrelaxed_rank_001_alphafold2_ptm_model_2_seed_000.pdb	A0A5J6VLP1_unrelaxed_rank_001_alphafold2_ptm_model_2_seed_000.pdb	7.160E+00	0.024	19	28	79	147	70	117	945	52	0.354	0.051
LOKIASV2_0818_ESMFold_hypothetical_protein	A0A8S5UND3_unrelaxed_rank_001_alphafold2_ptm_model_3_seed_000.pdb	A0A8S5UND3_unrelaxed_rank_001_alphafold2_ptm_model_3_seed_000.pdb	9.254E+00	0.020	18	95	133	147	56	93	96	39	0.265	0.396
LOKIASV2_0818_ESMFold_hypothetical_protein	A0A8S5VL11_unrelaxed_rank_001_alphafold2_ptm_model_3_seed_000.pdb	A0A8S5VL11_unrelaxed_rank_001_alphafold2_ptm_model_3_seed_000.pdb	6.298E+00	0.020	18	60	112	147	2	56	102	56	0.361	0.539
LOKIASV2_0818_ESMFold_hypothetical_protein	A0A899IQS8_unrelaxed_rank_001_alphafold2_ptm_model_1_seed_000.pdb	A0A899IQS8_unrelaxed_rank_001_alphafold2_ptm_model_1_seed_000.pdb	7.160E+00	0.020	18	69	146	147	2	83	110	87	0.531	0.745
LOKIASV2_0818_ESMFold_hypothetical_protein	A0A8S5NI74_unrelaxed_rank_001_alphafold2_ptm_model_3_seed_000.pdb	A0A8S5NI74_unrelaxed_rank_001_alphafold2_ptm_model_3_seed_000.pdb	7.160E+00	0.020	18	28	145	147	9	122	125	127	0.803	0.912
LOKIASV2_0818_ESMFold_hypothetical_protein	A0A384ZX49_unrelaxed_rank_001_alphafold2_ptm_model_1_seed_000.pdb	A0A384ZX49_unrelaxed_rank_001_alphafold2_ptm_model_1_seed_000.pdb	3.111E+00	0.020	18	34	134	147	30	127	128	114	0.687	0.766
LOKIASV2_0818_ESMFold_hypothetical_protein	A0A481YSC9_unrelaxed_rank_001_alphafold2_ptm_model_3_seed_000.pdb	A0A481YSC9_unrelaxed_rank_001_alphafold2_ptm_model_3_seed_000.pdb	9.254E+00	0.020	18	76	129	147	22	91	129	70	0.367	0.543
LOKIASV2_0818_ESMFold_hypothetical_protein	A0A286S2E3_unrelaxed_rank_001_alphafold2_ptm_model_3_seed_000.pdb	A0A286S2E3_unrelaxed_rank_001_alphafold2_ptm_model_3_seed_000.pdb	5.196E+00	0.020	18	1	93	147	12	97	141	96	0.633	0.610
LOKIASV2_0818_ESMFold_hypothetical_protein	A0A3G5AH72_unrelaxed_rank_001_alphafold2_ptm_model_2_seed_000.pdb	A0A3G5AH72_unrelaxed_rank_001_alphafold2_ptm_model_2_seed_000.pdb	6.298E+00	0.020	18	34	78	147	1	47	150	48	0.306	0.313
LOKIASV2_0818_ESMFold_hypothetical_protein	A0A8S5TFJ3_unrelaxed_rank_001_alphafold2_ptm_model_3_seed_000.pdb	A0A8S5TFJ3_unrelaxed_rank_001_alphafold2_ptm_model_3_seed_000.pdb	7.635E+00	0.020	18	38	143	147	20	152	157	141	0.721	0.847
LOKIASV2_0818_ESMFold_hypothetical_protein	A0A8S5SR56_unrelaxed_rank_001_alphafold2_ptm_model_1_seed_000.pdb	A0A8S5SR56_unrelaxed_rank_001_alphafold2_ptm_model_1_seed_000.pdb	4.571E+00	0.020	18	2	114	147	35	126	161	127	0.769	0.571
LOKIASV2_0818_ESMFold_hypothetical_protein	A0A218PFN4_unrelaxed_rank_001_alphafold2_ptm_model_1_seed_000.pdb	A0A218PFN4_unrelaxed_rank_001_alphafold2_ptm_model_1_seed_000.pdb	9.254E+00	0.020	18	52	119	147	37	131	167	102	0.463	0.569
LOKIASV2_0818_ESMFold_hypothetical_protein	L0CRR5_unrelaxed_rank_001_alphafold2_ptm_model_3_seed_000.pdb	L0CRR5_unrelaxed_rank_001_alphafold2_ptm_model_3_seed_000.pdb	5.540E+00	0.020	18	82	147	147	114	175	175	72	0.449	0.354
LOKIASV2_0818_ESMFold_hypothetical_protein	R9ZZ36_unrelaxed_rank_001_alphafold2_ptm_model_1_seed_000.pdb	R9ZZ36_unrelaxed_rank_001_alphafold2_ptm_model_1_seed_000.pdb	5.907E+00	0.020	18	2	80	147	77	161	176	92	0.537	0.483
LOKIASV2_0818_ESMFold_hypothetical_protein	G0LWS3_unrelaxed_rank_001_alphafold2_ptm_model_5_seed_000.pdb	G0LWS3_unrelaxed_rank_001_alphafold2_ptm_model_5_seed_000.pdb	6.716E+00	0.020	18	1	146	147	1	147	183	167	0.993	0.803
LOKIASV2_0818_ESMFold_hypothetical_protein	A0A6J5LK82_unrelaxed_rank_001_alphafold2_ptm_model_3_seed_000.pdb	A0A6J5LK82_unrelaxed_rank_001_alphafold2_ptm_model_3_seed_000.pdb	4.287E+00	0.020	18	36	146	147	28	183	187	160	0.755	0.834
LOKIASV2_0818_ESMFold_hypothetical_protein	A0A219Y104_unrelaxed_rank_001_alphafold2_ptm_model_5_seed_000.pdb	A0A219Y104_unrelaxed_rank_001_alphafold2_ptm_model_5_seed_000.pdb	4.571E+00	0.020	18	60	142	147	101	184	202	92	0.565	0.416
LOKIASV2_0818_ESMFold_hypothetical_protein	A0A6M8DNK2_unrelaxed_rank_001_alphafold2_ptm_model_4_seed_000.pdb	A0A6M8DNK2_unrelaxed_rank_001_alphafold2_ptm_model_4_seed_000.pdb	9.254E+00	0.020	18	51	125	147	15	88	208	81	0.510	0.356
LOKIASV2_0818_ESMFold_hypothetical_protein	A0A385PJU9_unrelaxed_rank_001_alphafold2_ptm_model_2_seed_000.pdb	A0A385PJU9_unrelaxed_rank_001_alphafold2_ptm_model_2_seed_000.pdb	9.254E+00	0.020	18	73	146	147	15	91	234	79	0.503	0.329
LOKIASV2_0818_ESMFold_hypothetical_protein	A0A6J5N7E2_unrelaxed_rank_001_alphafold2_ptm_model_3_seed_000.pdb	A0A6J5N7E2_unrelaxed_rank_001_alphafold2_ptm_model_3_seed_000.pdb	8.679E+00	0.020	18	40	77	147	10	51	238	42	0.259	0.176
LOKIASV2_0818_ESMFold_hypothetical_protein	I6WBZ4_unrelaxed_rank_001_alphafold2_ptm_model_3_seed_000.pdb	I6WBZ4_unrelaxed_rank_001_alphafold2_ptm_model_3_seed_000.pdb	3.111E+00	0.020	18	42	104	147	155	222	249	69	0.429	0.273
LOKIASV2_0818_ESMFold_hypothetical_protein	A0A345BQN4_unrelaxed_rank_001_alphafold2_ptm_model_2_seed_000.pdb	A0A345BQN4_unrelaxed_rank_001_alphafold2_ptm_model_2_seed_000.pdb	9.254E+00	0.020	18	88	147	147	189	239	264	60	0.408	0.193
LOKIASV2_0818_ESMFold_hypothetical_protein	A0A5B9N6H7_unrelaxed_rank_001_alphafold2_ptm_model_3_seed_000.pdb	A0A5B9N6H7_unrelaxed_rank_001_alphafold2_ptm_model_3_seed_000.pdb	9.254E+00	0.020	18	61	128	147	36	117	284	85	0.463	0.289
LOKIASV2_0818_ESMFold_hypothetical_protein	A0A6B9JHY5_unrelaxed_rank_001_alphafold2_ptm_model_5_seed_000.pdb	A0A6B9JHY5_unrelaxed_rank_001_alphafold2_ptm_model_5_seed_000.pdb	2.917E+00	0.020	18	12	119	147	160	271	321	120	0.735	0.349
LOKIASV2_0818_ESMFold_hypothetical_protein	A0A2R8FFB7_unrelaxed_rank_001_alphafold2_ptm_model_5_seed_000.pdb	A0A2R8FFB7_unrelaxed_rank_001_alphafold2_ptm_model_5_seed_000.pdb	8.679E+00	0.020	18	34	76	147	114	150	372	43	0.293	0.099
LOKIASV2_0818_ESMFold_hypothetical_protein	A0A3T1CX95_unrelaxed_rank_001_alphafold2_ptm_model_5_seed_000.pdb	A0A3T1CX95_unrelaxed_rank_001_alphafold2_ptm_model_5_seed_000.pdb	9.867E+00	0.020	18	39	78	147	383	422	529	40	0.272	0.076
LOKIASV2_0818_ESMFold_hypothetical_protein	A0A8S5R7H9_unrelaxed_rank_001_alphafold2_ptm_model_2_seed_000.pdb	A0A8S5R7H9_unrelaxed_rank_001_alphafold2_ptm_model_2_seed_000.pdb	6.298E+00	0.020	18	15	133	147	636	744	873	125	0.810	0.125
LOKIASV2_0818_ESMFold_hypothetical_protein	A0A7H1D349_1_unrelaxed_rank_001_alphafold2_ptm_model_2_seed_000.pdb	A0A7H1D349_1_unrelaxed_rank_001_alphafold2_ptm_model_2_seed_000.pdb	4.873E+00	0.020	18	36	147	147	712	844	1056	138	0.762	0.126
LOKIASV2_0818_ESMFold_hypothetical_protein	A0A2I7R1K1_unrelaxed_rank_001_alphafold2_ptm_model_2_seed_000.pdb	A0A2I7R1K1_unrelaxed_rank_001_alphafold2_ptm_model_2_seed_000.pdb	6.716E+00	0.020	18	2	78	147	911	987	1128	83	0.524	0.068
LOKIASV2_0818_ESMFold_hypothetical_protein	A0A1L3KKW6_1_unrelaxed_rank_001_alphafold2_ptm_model_5_seed_000.pdb	A0A1L3KKW6_1_unrelaxed_rank_001_alphafold2_ptm_model_5_seed_000.pdb	4.571E+00	0.020	18	4	147	147	816	1014	1259	210	0.980	0.158
LOKIASV2_0818_ESMFold_hypothetical_protein	A0A7U3VD70_1_unrelaxed_rank_001_alphafold2_ptm_model_2_seed_000.pdb	A0A7U3VD70_1_unrelaxed_rank_001_alphafold2_ptm_model_2_seed_000.pdb	5.540E+00	0.020	18	36	116	147	563	635	1353	82	0.551	0.054
LOKIASV2_0818_ESMFold_hypothetical_protein	A0A8S5SQ90_unrelaxed_rank_001_alphafold2_ptm_model_3_seed_000.pdb	A0A8S5SQ90_unrelaxed_rank_001_alphafold2_ptm_model_3_seed_000.pdb	8.679E+00	0.016	17	59	113	147	2	54	55	58	0.374	0.964
LOKIASV2_0818_ESMFold_hypothetical_protein	A0A7T8IWC9_unrelaxed_rank_001_alphafold2_ptm_model_1_seed_000.pdb	A0A7T8IWC9_unrelaxed_rank_001_alphafold2_ptm_model_1_seed_000.pdb	5.907E+00	0.016	17	40	114	147	5	59	62	75	0.510	0.887
LOKIASV2_0818_ESMFold_hypothetical_protein	A0A8T8L7M2_unrelaxed_rank_001_alphafold2_ptm_model_3_seed_000.pdb	A0A8T8L7M2_unrelaxed_rank_001_alphafold2_ptm_model_3_seed_000.pdb	8.679E+00	0.016	17	60	134	147	2	68	71	80	0.510	0.944
LOKIASV2_0818_ESMFold_hypothetical_protein	A0A1Y0SZH7_unrelaxed_rank_001_alphafold2_ptm_model_3_seed_000.pdb	A0A1Y0SZH7_unrelaxed_rank_001_alphafold2_ptm_model_3_seed_000.pdb	3.317E+00	0.016	17	38	112	147	25	83	88	83	0.510	0.670
LOKIASV2_0818_ESMFold_hypothetical_protein	Q6KGH1_unrelaxed_rank_001_alphafold2_ptm_model_3_seed_000.pdb	Q6KGH1_unrelaxed_rank_001_alphafold2_ptm_model_3_seed_000.pdb	9.254E+00	0.016	17	57	119	147	4	67	97	71	0.429	0.660
LOKIASV2_0818_ESMFold_hypothetical_protein	A0A8S5ULY3_unrelaxed_rank_001_alphafold2_ptm_model_3_seed_000.pdb	A0A8S5ULY3_unrelaxed_rank_001_alphafold2_ptm_model_3_seed_000.pdb	6.298E+00	0.016	17	34	134	147	15	107	115	110	0.687	0.809
LOKIASV2_0818_ESMFold_hypothetical_protein	A0A516M028_unrelaxed_rank_001_alphafold2_ptm_model_3_seed_000.pdb	A0A516M028_unrelaxed_rank_001_alphafold2_ptm_model_3_seed_000.pdb	9.867E+00	0.016	17	60	115	147	4	58	118	61	0.381	0.466
LOKIASV2_0818_ESMFold_hypothetical_protein	A0A5P8PGG8_unrelaxed_rank_001_alphafold2_ptm_model_1_seed_000.pdb	A0A5P8PGG8_unrelaxed_rank_001_alphafold2_ptm_model_1_seed_000.pdb	4.020E+00	0.016	17	42	131	147	36	128	130	105	0.612	0.715
LOKIASV2_0818_ESMFold_hypothetical_protein	A0A8S5NXC0_unrelaxed_rank_001_alphafold2_ptm_model_3_seed_000.pdb	A0A8S5NXC0_unrelaxed_rank_001_alphafold2_ptm_model_3_seed_000.pdb	8.140E+00	0.016	17	34	146	147	1	114	130	127	0.769	0.877
LOKIASV2_0818_ESMFold_hypothetical_protein	A0A8D9C8F2_unrelaxed_rank_001_alphafold2_ptm_model_1_seed_000.pdb	A0A8D9C8F2_unrelaxed_rank_001_alphafold2_ptm_model_1_seed_000.pdb	9.254E+00	0.016	17	31	142	147	2	130	132	135	0.762	0.977
LOKIASV2_0818_ESMFold_hypothetical_protein	A0A2P0VNN8_unrelaxed_rank_001_alphafold2_ptm_model_1_seed_000.pdb	A0A2P0VNN8_unrelaxed_rank_001_alphafold2_ptm_model_1_seed_000.pdb	6.716E+00	0.016	17	38	75	147	15	54	143	40	0.259	0.280
LOKIASV2_0818_ESMFold_hypothetical_protein	A0A2L0V0D6_unrelaxed_rank_001_alphafold2_ptm_model_1_seed_000.pdb	A0A2L0V0D6_unrelaxed_rank_001_alphafold2_ptm_model_1_seed_000.pdb	7.160E+00	0.016	17	39	144	147	28	125	144	115	0.721	0.681
LOKIASV2_0818_ESMFold_hypothetical_protein	Q9YJ68_unrelaxed_rank_001_alphafold2_ptm_model_2_seed_000.pdb	Q9YJ68_unrelaxed_rank_001_alphafold2_ptm_model_2_seed_000.pdb	3.317E+00	0.016	17	25	119	147	24	135	145	116	0.646	0.772
LOKIASV2_0818_ESMFold_hypothetical_protein	A0A4D6DYD9_unrelaxed_rank_001_alphafold2_ptm_model_2_seed_000.pdb	A0A4D6DYD9_unrelaxed_rank_001_alphafold2_ptm_model_2_seed_000.pdb	5.540E+00	0.016	17	38	104	147	18	81	152	79	0.456	0.421
LOKIASV2_0818_ESMFold_hypothetical_protein	A0A6G9LJK5_unrelaxed_rank_001_alphafold2_ptm_model_3_seed_000.pdb	A0A6G9LJK5_unrelaxed_rank_001_alphafold2_ptm_model_3_seed_000.pdb	4.571E+00	0.016	17	41	134	147	57	141	155	95	0.639	0.548
LOKIASV2_0818_ESMFold_hypothetical_protein	A0A858A276_unrelaxed_rank_001_alphafold2_ptm_model_2_seed_000.pdb	A0A858A276_unrelaxed_rank_001_alphafold2_ptm_model_2_seed_000.pdb	9.867E+00	0.016	17	28	76	147	49	96	162	49	0.333	0.296
LOKIASV2_0818_ESMFold_hypothetical_protein	A0A9E7NGE3_unrelaxed_rank_001_alphafold2_ptm_model_3_seed_000.pdb	A0A9E7NGE3_unrelaxed_rank_001_alphafold2_ptm_model_3_seed_000.pdb	5.540E+00	0.016	17	36	147	147	56	167	167	125	0.762	0.671
LOKIASV2_0818_ESMFold_hypothetical_protein	A0A515MG24_unrelaxed_rank_001_alphafold2_ptm_model_2_seed_000.pdb	A0A515MG24_unrelaxed_rank_001_alphafold2_ptm_model_2_seed_000.pdb	3.771E+00	0.016	17	58	147	147	102	169	169	95	0.612	0.402
LOKIASV2_0818_ESMFold_hypothetical_protein	A0A5J6TQ50_unrelaxed_rank_001_alphafold2_ptm_model_2_seed_000.pdb	A0A5J6TQ50_unrelaxed_rank_001_alphafold2_ptm_model_2_seed_000.pdb	4.873E+00	0.016	17	60	120	147	8	62	180	65	0.415	0.306
LOKIASV2_0818_ESMFold_hypothetical_protein	A0A6J5KT65_unrelaxed_rank_001_alphafold2_ptm_model_3_seed_000.pdb	A0A6J5KT65_unrelaxed_rank_001_alphafold2_ptm_model_3_seed_000.pdb	7.160E+00	0.016	17	38	119	147	76	194	200	119	0.558	0.595
LOKIASV2_0818_ESMFold_hypothetical_protein	A0A1B1IUE1_unrelaxed_rank_001_alphafold2_ptm_model_5_seed_000.pdb	A0A1B1IUE1_unrelaxed_rank_001_alphafold2_ptm_model_5_seed_000.pdb	5.540E+00	0.016	17	60	145	147	39	172	216	134	0.585	0.620
LOKIASV2_0818_ESMFold_hypothetical_protein	G0YQ46_unrelaxed_rank_001_alphafold2_ptm_model_4_seed_000.pdb	G0YQ46_unrelaxed_rank_001_alphafold2_ptm_model_4_seed_000.pdb	8.140E+00	0.016	17	60	115	147	80	146	231	68	0.381	0.290
LOKIASV2_0818_ESMFold_hypothetical_protein	A0A6G6XNY1_unrelaxed_rank_001_alphafold2_ptm_model_3_seed_000.pdb	A0A6G6XNY1_unrelaxed_rank_001_alphafold2_ptm_model_3_seed_000.pdb	2.736E+00	0.016	17	34	113	147	15	124	271	112	0.544	0.406
LOKIASV2_0818_ESMFold_hypothetical_protein	A0A7D5JGZ1_unrelaxed_rank_001_alphafold2_ptm_model_5_seed_000.pdb	A0A7D5JGZ1_unrelaxed_rank_001_alphafold2_ptm_model_5_seed_000.pdb	5.540E+00	0.016	17	70	131	147	53	122	319	76	0.422	0.219
LOKIASV2_0818_ESMFold_hypothetical_protein	A0A679KCY7_unrelaxed_rank_001_alphafold2_ptm_model_4_seed_000.pdb	A0A679KCY7_unrelaxed_rank_001_alphafold2_ptm_model_4_seed_000.pdb	7.635E+00	0.016	17	2	91	147	327	390	471	91	0.612	0.136
LOKIASV2_0818_ESMFold_hypothetical_protein	A0A6J5QNT8_unrelaxed_rank_001_alphafold2_ptm_model_5_seed_000.pdb	A0A6J5QNT8_unrelaxed_rank_001_alphafold2_ptm_model_5_seed_000.pdb	5.196E+00	0.016	17	28	146	147	120	233	499	124	0.810	0.228
LOKIASV2_0818_ESMFold_hypothetical_protein	A0A5K0U8G5_unrelaxed_rank_001_alphafold2_ptm_model_1_seed_000.pdb	A0A5K0U8G5_unrelaxed_rank_001_alphafold2_ptm_model_1_seed_000.pdb	4.873E+00	0.016	17	24	78	147	13	68	598	58	0.374	0.094
LOKIASV2_0818_ESMFold_hypothetical_protein	F8TVA1_unrelaxed_rank_001_alphafold2_ptm_model_3_seed_000.pdb	F8TVA1_unrelaxed_rank_001_alphafold2_ptm_model_3_seed_000.pdb	3.536E+00	0.016	17	4	104	147	392	516	613	131	0.687	0.204
LOKIASV2_0818_ESMFold_hypothetical_protein	A0A0P0YP12_unrelaxed_rank_001_alphafold2_ptm_model_3_seed_000.pdb	A0A0P0YP12_unrelaxed_rank_001_alphafold2_ptm_model_3_seed_000.pdb	5.196E+00	0.016	17	69	135	147	144	227	842	91	0.456	0.100
LOKIASV2_0818_ESMFold_hypothetical_protein	A0A8S5SDQ9_unrelaxed_rank_001_alphafold2_ptm_model_3_seed_000.pdb	A0A8S5SDQ9_unrelaxed_rank_001_alphafold2_ptm_model_3_seed_000.pdb	2.257E+00	0.016	17	29	141	147	874	1048	1059	177	0.769	0.165
LOKIASV2_0818_ESMFold_hypothetical_protein	A0A1I9RYV7_1_unrelaxed_rank_001_alphafold2_ptm_model_5_seed_000.pdb	A0A1I9RYV7_1_unrelaxed_rank_001_alphafold2_ptm_model_5_seed_000.pdb	9.254E+00	0.016	17	2	114	147	186	296	1280	123	0.769	0.087
LOKIASV2_0818_ESMFold_hypothetical_protein	A0A8F2DDH4_unrelaxed_rank_001_alphafold2_ptm_model_1_seed_000.pdb	A0A8F2DDH4_unrelaxed_rank_001_alphafold2_ptm_model_1_seed_000.pdb	9.254E+00	0.014	16	68	143	147	2	85	90	87	0.517	0.933
LOKIASV2_0818_ESMFold_hypothetical_protein	A0A514D8G5_unrelaxed_rank_001_alphafold2_ptm_model_2_seed_000.pdb	A0A514D8G5_unrelaxed_rank_001_alphafold2_ptm_model_2_seed_000.pdb	5.907E+00	0.014	16	26	93	147	17	86	99	81	0.463	0.707
LOKIASV2_0818_ESMFold_hypothetical_protein	A0A2H4UVD4_unrelaxed_rank_001_alphafold2_ptm_model_2_seed_000.pdb	A0A2H4UVD4_unrelaxed_rank_001_alphafold2_ptm_model_2_seed_000.pdb	7.160E+00	0.014	16	18	118	147	53	137	142	107	0.687	0.599
LOKIASV2_0818_ESMFold_hypothetical_protein	A0A6J5M756_unrelaxed_rank_001_alphafold2_ptm_model_3_seed_000.pdb	A0A6J5M756_unrelaxed_rank_001_alphafold2_ptm_model_3_seed_000.pdb	6.716E+00	0.014	16	28	91	147	2	55	152	64	0.435	0.355
LOKIASV2_0818_ESMFold_hypothetical_protein	A0A481YYK1_unrelaxed_rank_001_alphafold2_ptm_model_1_seed_000.pdb	A0A481YYK1_unrelaxed_rank_001_alphafold2_ptm_model_1_seed_000.pdb	9.254E+00	0.014	16	59	139	147	2	139	164	142	0.551	0.841
LOKIASV2_0818_ESMFold_hypothetical_protein	A0A481YP51_unrelaxed_rank_001_alphafold2_ptm_model_1_seed_000.pdb	A0A481YP51_unrelaxed_rank_001_alphafold2_ptm_model_1_seed_000.pdb	6.298E+00	0.014	16	22	114	147	9	132	258	133	0.633	0.481
LOKIASV2_0818_ESMFold_hypothetical_protein	A0A142F154_unrelaxed_rank_001_alphafold2_ptm_model_5_seed_000.pdb	A0A142F154_unrelaxed_rank_001_alphafold2_ptm_model_5_seed_000.pdb	4.873E+00	0.014	16	2	112	147	166	261	272	119	0.755	0.353
LOKIASV2_0818_ESMFold_hypothetical_protein	A0A0F6PKP2_unrelaxed_rank_001_alphafold2_ptm_model_5_seed_000.pdb	A0A0F6PKP2_unrelaxed_rank_001_alphafold2_ptm_model_5_seed_000.pdb	8.679E+00	0.014	16	2	78	147	256	342	400	88	0.524	0.218
LOKIASV2_0818_ESMFold_hypothetical_protein	A0A8S5LVW1_unrelaxed_rank_001_alphafold2_ptm_model_5_seed_000.pdb	A0A8S5LVW1_unrelaxed_rank_001_alphafold2_ptm_model_5_seed_000.pdb	6.716E+00	0.014	16	2	110	147	197	285	518	111	0.741	0.172
LOKIASV2_0818_ESMFold_hypothetical_protein	B2KKW8_unrelaxed_rank_001_alphafold2_ptm_model_3_seed_000.pdb	B2KKW8_unrelaxed_rank_001_alphafold2_ptm_model_3_seed_000.pdb	9.254E+00	0.014	16	31	114	147	150	248	618	104	0.571	0.160
LOKIASV2_0818_ESMFold_hypothetical_protein	A0A481W6I5_unrelaxed_rank_001_alphafold2_ptm_model_3_seed_000.pdb	A0A481W6I5_unrelaxed_rank_001_alphafold2_ptm_model_3_seed_000.pdb	6.716E+00	0.014	16	52	134	147	13	132	686	126	0.565	0.175
LOKIASV2_0818_ESMFold_hypothetical_protein	A0A513Q9Z0_4_unrelaxed_rank_001_alphafold2_ptm_model_5_seed_000.pdb	A0A513Q9Z0_4_unrelaxed_rank_001_alphafold2_ptm_model_5_seed_000.pdb	8.140E+00	0.014	16	36	113	147	48	128	1357	97	0.531	0.060
LOKIASV2_0818_ESMFold_hypothetical_protein	A0A386BXF5_unrelaxed_rank_001_alphafold2_ptm_model_2_seed_000.pdb	A0A386BXF5_unrelaxed_rank_001_alphafold2_ptm_model_2_seed_000.pdb	7.635E+00	0.011	15	29	112	147	2	86	97	94	0.571	0.876
LOKIASV2_0818_ESMFold_hypothetical_protein	A0A6J5PLL9_unrelaxed_rank_001_alphafold2_ptm_model_2_seed_000.pdb	A0A6J5PLL9_unrelaxed_rank_001_alphafold2_ptm_model_2_seed_000.pdb	7.160E+00	0.011	15	49	143	147	32	144	149	123	0.646	0.758
LOKIASV2_0818_ESMFold_hypothetical_protein	A0A6C6Y1Q1_unrelaxed_rank_001_alphafold2_ptm_model_1_seed_000.pdb	A0A6C6Y1Q1_unrelaxed_rank_001_alphafold2_ptm_model_1_seed_000.pdb	5.196E+00	0.011	15	38	125	147	64	179	182	121	0.599	0.637
LOKIASV2_0818_ESMFold_hypothetical_protein	Q6UG84_unrelaxed_rank_001_alphafold2_ptm_model_1_seed_000.pdb	Q6UG84_unrelaxed_rank_001_alphafold2_ptm_model_1_seed_000.pdb	9.867E+00	0.011	15	31	143	147	99	210	211	124	0.769	0.531
LOKIASV2_0818_ESMFold_hypothetical_protein	A0A6M9U0C5_unrelaxed_rank_001_alphafold2_ptm_model_5_seed_000.pdb	A0A6M9U0C5_unrelaxed_rank_001_alphafold2_ptm_model_5_seed_000.pdb	6.298E+00	0.011	15	4	100	147	118	204	251	100	0.660	0.347
LOKIASV2_0818_ESMFold_hypothetical_protein	A0A127AX01_unrelaxed_rank_001_alphafold2_ptm_model_4_seed_000.pdb	A0A127AX01_unrelaxed_rank_001_alphafold2_ptm_model_4_seed_000.pdb	2.917E+00	0.011	15	2	114	147	135	285	309	156	0.769	0.489
LOKIASV2_0818_ESMFold_hypothetical_protein	A0A4Y5TPB6_unrelaxed_rank_001_alphafold2_ptm_model_5_seed_000.pdb	A0A4Y5TPB6_unrelaxed_rank_001_alphafold2_ptm_model_5_seed_000.pdb	6.716E+00	0.011	15	1	147	147	1	153	318	184	1.000	0.481
LOKIASV2_0818_ESMFold_hypothetical_protein	M9MUN7_unrelaxed_rank_001_alphafold2_ptm_model_3_seed_000.pdb	M9MUN7_unrelaxed_rank_001_alphafold2_ptm_model_3_seed_000.pdb	7.635E+00	0.011	15	4	146	147	172	324	603	183	0.973	0.254
LOKIASV2_0818_ESMFold_hypothetical_protein	A0A8S5Q273_unrelaxed_rank_001_alphafold2_ptm_model_2_seed_000.pdb	A0A8S5Q273_unrelaxed_rank_001_alphafold2_ptm_model_2_seed_000.pdb	4.287E+00	0.011	15	38	119	147	48	179	755	144	0.558	0.175
LOKIASV2_0818_ESMFold_hypothetical_protein	K7NVX3_unrelaxed_rank_001_alphafold2_ptm_model_3_seed_000.pdb	K7NVX3_unrelaxed_rank_001_alphafold2_ptm_model_3_seed_000.pdb	9.867E+00	0.011	15	29	79	147	836	897	957	62	0.347	0.065
LOKIASV2_0818_ESMFold_hypothetical_protein	A0A0P0QL18_5_unrelaxed_rank_001_alphafold2_ptm_model_2_seed_000.pdb	A0A0P0QL18_5_unrelaxed_rank_001_alphafold2_ptm_model_2_seed_000.pdb	9.867E+00	0.011	15	4	113	147	425	544	1295	127	0.748	0.093
LOKIASV2_0818_ESMFold_hypothetical_protein	A0A075DXF8_unrelaxed_rank_001_alphafold2_ptm_model_2_seed_000.pdb	A0A075DXF8_unrelaxed_rank_001_alphafold2_ptm_model_2_seed_000.pdb	9.867E+00	0.010	14	59	138	147	37	121	123	95	0.544	0.691
LOKIASV2_0818_ESMFold_hypothetical_protein	A0A5B9N9T1_unrelaxed_rank_001_alphafold2_ptm_model_3_seed_000.pdb	A0A5B9N9T1_unrelaxed_rank_001_alphafold2_ptm_model_3_seed_000.pdb	5.196E+00	0.010	14	34	115	147	60	131	141	96	0.558	0.511
LOKIASV2_0818_ESMFold_hypothetical_protein	A0A2K9V556_unrelaxed_rank_001_alphafold2_ptm_model_3_seed_000.pdb	A0A2K9V556_unrelaxed_rank_001_alphafold2_ptm_model_3_seed_000.pdb	6.298E+00	0.010	14	38	114	147	64	135	184	86	0.524	0.391
LOKIASV2_0818_ESMFold_hypothetical_protein	A0A6J5KVE6_unrelaxed_rank_001_alphafold2_ptm_model_4_seed_000.pdb	A0A6J5KVE6_unrelaxed_rank_001_alphafold2_ptm_model_4_seed_000.pdb	9.867E+00	0.010	14	38	108	147	28	118	226	91	0.483	0.403
LOKIASV2_0818_ESMFold_hypothetical_protein	A0A7D7FNZ1_unrelaxed_rank_001_alphafold2_ptm_model_2_seed_000.pdb	A0A7D7FNZ1_unrelaxed_rank_001_alphafold2_ptm_model_2_seed_000.pdb	7.635E+00	0.010	14	2	119	147	65	180	231	137	0.803	0.502
LOKIASV2_0818_ESMFold_hypothetical_protein	A0A1V0S8X6_unrelaxed_rank_001_alphafold2_ptm_model_3_seed_000.pdb	A0A1V0S8X6_unrelaxed_rank_001_alphafold2_ptm_model_3_seed_000.pdb	8.679E+00	0.010	14	18	133	147	147	248	255	132	0.789	0.400
LOKIASV2_0818_ESMFold_hypothetical_protein	A0A2K9V9S3_unrelaxed_rank_001_alphafold2_ptm_model_4_seed_000.pdb	A0A2K9V9S3_unrelaxed_rank_001_alphafold2_ptm_model_4_seed_000.pdb	9.254E+00	0.010	14	30	146	147	332	443	493	132	0.796	0.227
LOKIASV2_0818_ESMFold_hypothetical_protein	A0A7H1D356_1_unrelaxed_rank_001_alphafold2_ptm_model_2_seed_000.pdb	A0A7H1D356_1_unrelaxed_rank_001_alphafold2_ptm_model_2_seed_000.pdb	9.867E+00	0.010	14	4	91	147	124	221	903	105	0.599	0.109
LOKIASV2_0818_ESMFold_hypothetical_protein	A0A8K1XGF7_2_unrelaxed_rank_001_alphafold2_ptm_model_3_seed_000.pdb	A0A8K1XGF7_2_unrelaxed_rank_001_alphafold2_ptm_model_3_seed_000.pdb	7.160E+00	0.010	14	23	147	147	884	1050	1065	171	0.850	0.157
LOKIASV2_0818_ESMFold_hypothetical_protein	A1YRB4_unrelaxed_rank_001_alphafold2_ptm_model_3_seed_000.pdb	A1YRB4_unrelaxed_rank_001_alphafold2_ptm_model_3_seed_000.pdb	8.679E+00	0.009	13	22	142	147	18	153	184	139	0.823	0.739
LOKIASV2_0818_ESMFold_hypothetical_protein	A0A8F3IQ98_unrelaxed_rank_001_alphafold2_ptm_model_4_seed_000.pdb	A0A8F3IQ98_unrelaxed_rank_001_alphafold2_ptm_model_4_seed_000.pdb	9.867E+00	0.009	13	5	114	147	126	215	216	117	0.748	0.417
LOKIASV2_0818_ESMFold_hypothetical_protein	A0A1L3KEQ4_unrelaxed_rank_001_alphafold2_ptm_model_3_seed_000.pdb	A0A1L3KEQ4_unrelaxed_rank_001_alphafold2_ptm_model_3_seed_000.pdb	7.160E+00	0.009	13	26	147	147	465	607	677	159	0.830	0.211
LOKIASV2_0818_ESMFold_hypothetical_protein	A0A6J5RBD1_unrelaxed_rank_001_alphafold2_ptm_model_2_seed_000.pdb	A0A6J5RBD1_unrelaxed_rank_001_alphafold2_ptm_model_2_seed_000.pdb	8.679E+00	0.009	13	36	134	147	1041	1136	1176	114	0.673	0.082
LOKIASV2_0818_ESMFold_hypothetical_protein	A0A7T8EPB0_unrelaxed_rank_001_alphafold2_ptm_model_3_seed_000.pdb	A0A7T8EPB0_unrelaxed_rank_001_alphafold2_ptm_model_3_seed_000.pdb	8.679E+00	0.007	11	19	141	147	3	149	150	161	0.837	0.980
LOKIASV2_0818_ESMFold_hypothetical_protein	A0A8S5UWS2_unrelaxed_rank_001_alphafold2_ptm_model_3_seed_000.pdb	A0A8S5UWS2_unrelaxed_rank_001_alphafold2_ptm_model_3_seed_000.pdb	9.254E+00	0.007	11	42	113	147	6	115	187	117	0.490	0.588
LOKIASV2_0818_ESMFold_hypothetical_protein	A0A5B8IPL5_unrelaxed_rank_001_alphafold2_ptm_model_4_seed_000.pdb	A0A5B8IPL5_unrelaxed_rank_001_alphafold2_ptm_model_4_seed_000.pdb	9.867E+00	0.007	11	19	112	147	10	155	406	149	0.639	0.360
