LOKIASV2_1312_ESMFold_hypothetical_protein	AF-Q9HVB7-F1-model_v4	AF-Q9HVB7-F1-model_v4 [Ribosomal protein S18]-alanine N-acetyltransferase	1.936E-07	1.000	232	7	205	231	4	145	150	204	0.861	0.947
LOKIASV2_1312_ESMFold_hypothetical_protein	AF-K0EQ47-F1-model_v4	AF-K0EQ47-F1-model_v4 Putative acetyltransferase	2.185E-07	1.000	227	4	218	231	2	165	167	218	0.931	0.982
LOKIASV2_1312_ESMFold_hypothetical_protein	AF-A0A0H3GHX5-F1-model_v4	AF-A0A0H3GHX5-F1-model_v4 [Ribosomal protein S18]-alanine N-acetyltransferase	9.304E-07	1.000	222	7	210	231	1	148	148	212	0.883	1.000
LOKIASV2_1312_ESMFold_hypothetical_protein	AF-P44305-F1-model_v4	AF-P44305-F1-model_v4 [Ribosomal protein S18]-alanine N-acetyltransferase	3.962E-06	1.000	210	7	207	231	1	145	146	207	0.870	0.993
LOKIASV2_1312_ESMFold_hypothetical_protein	AF-A0A0D2GN66-F1-model_v4	AF-A0A0D2GN66-F1-model_v4 Unplaced genomic scaffold supercont1.4, whole genome shotgun sequence	6.097E-07	1.000	206	5	205	231	57	237	240	210	0.870	0.754
LOKIASV2_1312_ESMFold_hypothetical_protein	AF-Q8DRH3-F1-model_v4	AF-Q8DRH3-F1-model_v4 [Ribosomal protein S18]-alanine N-acetyltransferase	4.471E-06	1.000	201	7	211	231	1	145	145	208	0.887	1.000
LOKIASV2_1312_ESMFold_hypothetical_protein	AF-P0A944-F1-model_v4	AF-P0A944-F1-model_v4 [Ribosomal protein S18]-alanine N-acetyltransferase	1.337E-06	1.000	201	6	210	231	2	148	148	214	0.887	0.993
LOKIASV2_1312_ESMFold_hypothetical_protein	AF-K0EVJ1-F1-model_v4	AF-K0EVJ1-F1-model_v4 Putative acetyltransferase	3.334E-07	1.000	198	7	207	231	5	178	179	213	0.870	0.972
LOKIASV2_1312_ESMFold_hypothetical_protein	AF-I1LS13-F1-model_v4	AF-I1LS13-F1-model_v4 N-acetyltransferase domain-containing protein	6.822E-06	1.000	195	6	211	231	2	154	154	213	0.892	0.994
LOKIASV2_1312_ESMFold_hypothetical_protein	AF-Q327M4-F1-model_v4	AF-Q327M4-F1-model_v4 [Ribosomal protein S18]-alanine N-acetyltransferase	6.423E-06	1.000	194	7	206	231	1	144	148	205	0.866	0.973
LOKIASV2_1312_ESMFold_hypothetical_protein	AF-A0A0D2HMB2-F1-model_v4	AF-A0A0D2HMB2-F1-model_v4 Unplaced genomic scaffold supercont1.1, whole genome shotgun sequence	9.883E-07	1.000	194	6	210	231	2	201	201	233	0.887	0.995
LOKIASV2_1312_ESMFold_hypothetical_protein	AF-Q8ZJW4-F1-model_v4	AF-Q8ZJW4-F1-model_v4 [Ribosomal protein S18]-alanine N-acetyltransferase	6.822E-06	1.000	183	6	210	231	2	148	148	213	0.887	0.993
LOKIASV2_1312_ESMFold_hypothetical_protein	AF-A0A286V181-F1-model_v4	AF-A0A286V181-F1-model_v4 GNAT family N-acetyltransferase	3.730E-06	1.000	183	16	208	231	3	164	165	198	0.835	0.982
LOKIASV2_1312_ESMFold_hypothetical_protein	AF-I1LFY4-F1-model_v4	AF-I1LFY4-F1-model_v4 N-acetyltransferase domain-containing protein	2.619E-07	1.000	183	7	231	231	11	224	255	255	0.974	0.839
LOKIASV2_1312_ESMFold_hypothetical_protein	AF-Q2G0G4-F1-model_v4	AF-Q2G0G4-F1-model_v4 N-acetyltransferase domain-containing protein	2.735E-05	1.000	179	7	207	231	1	157	158	205	0.870	0.994
LOKIASV2_1312_ESMFold_hypothetical_protein	AF-Q55G01-F1-model_v4	AF-Q55G01-F1-model_v4 N-acetyltransferase domain-containing protein	5.404E-07	1.000	179	5	205	231	2	182	189	213	0.870	0.958
LOKIASV2_1312_ESMFold_hypothetical_protein	AF-Q5FAI7-F1-model_v4	AF-Q5FAI7-F1-model_v4 [Ribosomal protein S18]-alanine N-acetyltransferase	2.424E-05	1.000	178	9	205	231	2	143	146	202	0.853	0.973
LOKIASV2_1312_ESMFold_hypothetical_protein	AF-A0A133CQ28-F1-model_v4	AF-A0A133CQ28-F1-model_v4 [Ribosomal protein S18]-alanine N-acetyltransferase	2.905E-05	1.000	177	9	214	231	1	154	154	213	0.892	1.000
LOKIASV2_1312_ESMFold_hypothetical_protein	AF-Q55BC6-F1-model_v4	AF-Q55BC6-F1-model_v4 N-acetyltransferase domain-containing protein	1.602E-06	1.000	176	6	206	231	2	184	186	221	0.870	0.984
LOKIASV2_1312_ESMFold_hypothetical_protein	AF-I1JAM7-F1-model_v4	AF-I1JAM7-F1-model_v4 N-acetyltransferase domain-containing protein	6.477E-07	1.000	174	8	227	231	38	239	281	243	0.952	0.719
LOKIASV2_1312_ESMFold_hypothetical_protein	AF-A0A1D6HGL2-F1-model_v4	AF-A0A1D6HGL2-F1-model_v4 Histone acetyltransferase MCC1	1.050E-06	1.000	168	7	227	231	11	205	254	234	0.957	0.768
LOKIASV2_1312_ESMFold_hypothetical_protein	AF-K0F0Y5-F1-model_v4	AF-K0F0Y5-F1-model_v4 L-2,4-diaminobutyric acid acetyltransferase	1.793E-05	1.000	163	7	215	231	28	185	193	223	0.905	0.819
LOKIASV2_1312_ESMFold_hypothetical_protein	AF-U7PJS1-F1-model_v4	AF-U7PJS1-F1-model_v4 N-acetyltransferase domain-containing protein	3.730E-06	1.000	159	7	209	231	2	214	214	246	0.879	0.995
LOKIASV2_1312_ESMFold_hypothetical_protein	AF-C1H6B4-F1-model_v4	AF-C1H6B4-F1-model_v4 N-acetyltransferase domain-containing protein	1.808E-06	1.000	159	1	211	231	1	218	218	243	0.913	1.000
LOKIASV2_1312_ESMFold_hypothetical_protein	AF-C0NEQ2-F1-model_v4	AF-C0NEQ2-F1-model_v4 N-acetyltransferase domain-containing protein	2.040E-06	1.000	158	7	215	231	3	214	218	244	0.905	0.972
LOKIASV2_1312_ESMFold_hypothetical_protein	AF-Q9HUV0-F1-model_v4	AF-Q9HUV0-F1-model_v4 N-acetyltransferase domain-containing protein	4.174E-05	1.000	157	7	207	231	2	148	150	207	0.870	0.980
LOKIASV2_1312_ESMFold_hypothetical_protein	AF-A0A1C1CVR3-F1-model_v4	AF-A0A1C1CVR3-F1-model_v4 Acetyltransferase	1.325E-05	1.000	156	1	206	231	48	246	248	228	0.892	0.802
LOKIASV2_1312_ESMFold_hypothetical_protein	AF-Q8CYV9-F1-model_v4	AF-Q8CYV9-F1-model_v4 N-acetyltransferase domain-containing protein	3.086E-05	1.000	155	10	210	231	11	166	166	211	0.870	0.940
LOKIASV2_1312_ESMFold_hypothetical_protein	AF-A0A175VZ15-F1-model_v4	AF-A0A175VZ15-F1-model_v4 Putative N-acetyltransferase ycf52-like	5.359E-06	1.000	154	9	215	231	2	231	253	256	0.896	0.909
LOKIASV2_1312_ESMFold_hypothetical_protein	AF-Q7YX26-F1-model_v4	AF-Q7YX26-F1-model_v4 N-acetyltransferase domain-containing protein	4.749E-06	1.000	153	8	227	231	46	226	242	233	0.952	0.748
LOKIASV2_1312_ESMFold_hypothetical_protein	AF-O16486-F1-model_v4	AF-O16486-F1-model_v4 N-acetyltransferase domain-containing protein	1.041E-05	1.000	152	8	225	231	95	257	278	223	0.944	0.586
LOKIASV2_1312_ESMFold_hypothetical_protein	AF-Q8DPK9-F1-model_v4	AF-Q8DPK9-F1-model_v4 N-acetyltransferase domain-containing protein	1.496E-05	1.000	151	7	209	231	2	162	162	214	0.879	0.994
LOKIASV2_1312_ESMFold_hypothetical_protein	AF-K0ETA7-F1-model_v4	AF-K0ETA7-F1-model_v4 Putative GCN5-related N-acetyltransferase	2.575E-05	1.000	150	7	217	231	11	208	210	225	0.913	0.943
LOKIASV2_1312_ESMFold_hypothetical_protein	AF-A0A0K0JN26-F1-model_v4	AF-A0A0K0JN26-F1-model_v4 N-alpha-acetyltransferase 40	4.209E-06	1.000	149	6	210	231	35	192	192	214	0.887	0.823
LOKIASV2_1312_ESMFold_hypothetical_protein	AF-Q4DEI2-F1-model_v4	AF-Q4DEI2-F1-model_v4 Acetyltransferase, putative	1.793E-05	1.000	149	7	215	231	24	187	203	221	0.905	0.808
LOKIASV2_1312_ESMFold_hypothetical_protein	AF-Q9P6R8-F1-model_v4	AF-Q9P6R8-F1-model_v4 Pre-mRNA-splicing factor cwf24	4.434E-05	1.000	148	8	210	231	379	525	533	208	0.879	0.276
LOKIASV2_1312_ESMFold_hypothetical_protein	AF-J9EVI4-F1-model_v4	AF-J9EVI4-F1-model_v4 N-alpha-acetyltransferase 40	5.692E-06	1.000	147	6	210	231	35	192	192	214	0.887	0.823
LOKIASV2_1312_ESMFold_hypothetical_protein	AF-K0F4U8-F1-model_v4	AF-K0F4U8-F1-model_v4 Putative GCN5-related acetyltransferase	3.929E-05	1.000	147	4	215	231	11	201	208	223	0.918	0.918
LOKIASV2_1312_ESMFold_hypothetical_protein	AF-Q7AQC8-F1-model_v4	AF-Q7AQC8-F1-model_v4 N-acetyltransferase domain-containing protein	4.434E-05	1.000	147	7	206	231	2	206	210	227	0.866	0.976
LOKIASV2_1312_ESMFold_hypothetical_protein	AF-Q4DGZ6-F1-model_v4	AF-Q4DGZ6-F1-model_v4 N-acetyltransferase domain-containing protein	1.175E-05	1.000	147	5	217	231	115	288	300	230	0.922	0.580
LOKIASV2_1312_ESMFold_hypothetical_protein	AF-Q38BT1-F1-model_v4	AF-Q38BT1-F1-model_v4 N-acetyltransferase, putative	1.793E-05	1.000	146	7	231	231	24	200	205	235	0.974	0.863
LOKIASV2_1312_ESMFold_hypothetical_protein	AF-K0F4Q3-F1-model_v4	AF-K0F4Q3-F1-model_v4 Modular polyketide synthase enzyme	4.710E-05	1.000	146	6	216	231	178	334	340	215	0.913	0.462
LOKIASV2_1312_ESMFold_hypothetical_protein	AF-Q2G1T4-F1-model_v4	AF-Q2G1T4-F1-model_v4 N-acetyltransferase domain-containing protein	2.263E-04	1.000	145	7	211	231	1	164	164	215	0.887	1.000
LOKIASV2_1312_ESMFold_hypothetical_protein	AF-A0A0D2ENJ6-F1-model_v4	AF-A0A0D2ENJ6-F1-model_v4 Unplaced genomic scaffold supercont1.7, whole genome shotgun sequence	5.003E-05	1.000	145	9	214	231	41	195	195	221	0.892	0.795
LOKIASV2_1312_ESMFold_hypothetical_protein	AF-P9WQG5-F1-model_v4	AF-P9WQG5-F1-model_v4 Uncharacterized N-acetyltransferase Rv2669	1.778E-04	1.000	142	13	207	231	1	154	156	200	0.844	0.987
LOKIASV2_1312_ESMFold_hypothetical_protein	AF-A0A1C1CQ22-F1-model_v4	AF-A0A1C1CQ22-F1-model_v4 N-acetyltransferase domain-containing protein	5.996E-05	1.000	142	37	206	231	20	165	169	182	0.736	0.864
LOKIASV2_1312_ESMFold_hypothetical_protein	AF-A0A0H3GX22-F1-model_v4	AF-A0A0H3GX22-F1-model_v4 Putative acetyltransferase	3.278E-05	1.000	142	8	214	231	9	177	177	221	0.896	0.955
LOKIASV2_1312_ESMFold_hypothetical_protein	AF-A0A175W5F3-F1-model_v4	AF-A0A175W5F3-F1-model_v4 N-terminal acetyltransferase B complex catalytic subunit naa20	3.278E-05	1.000	141	7	207	231	1	165	190	218	0.870	0.868
LOKIASV2_1312_ESMFold_hypothetical_protein	AF-Q4CRN8-F1-model_v4	AF-Q4CRN8-F1-model_v4 N-acetyltransferase domain-containing protein	1.793E-05	1.000	140	5	217	231	69	242	254	228	0.922	0.685
LOKIASV2_1312_ESMFold_hypothetical_protein	AF-O53504-F1-model_v4	AF-O53504-F1-model_v4 GCN5-related N-acetyltransferase	5.645E-05	1.000	139	7	206	231	2	202	206	234	0.866	0.976
LOKIASV2_1312_ESMFold_hypothetical_protein	AF-Q2FWL1-F1-model_v4	AF-Q2FWL1-F1-model_v4 [Ribosomal protein S18]-alanine N-acetyltransferase	3.668E-04	1.000	138	45	210	231	5	136	136	172	0.719	0.971
LOKIASV2_1312_ESMFold_hypothetical_protein	AF-A0A044QR99-F1-model_v4	AF-A0A044QR99-F1-model_v4 N-acetyltransferase domain-containing protein	3.929E-05	1.000	137	1	227	231	27	216	231	242	0.983	0.823
LOKIASV2_1312_ESMFold_hypothetical_protein	AF-C7G005-F1-model_v4	AF-C7G005-F1-model_v4 GCN5-related N-acetyltransferase	2.263E-04	1.000	136	8	219	231	6	162	169	218	0.918	0.929
LOKIASV2_1312_ESMFold_hypothetical_protein	AF-C6T2N2-F1-model_v4	AF-C6T2N2-F1-model_v4 N-acetyltransferase domain-containing protein	8.613E-05	1.000	135	1	215	231	5	176	178	227	0.931	0.966
LOKIASV2_1312_ESMFold_hypothetical_protein	AF-A0A1C1CUD4-F1-model_v4	AF-A0A1C1CUD4-F1-model_v4 N-acetyltransferase domain-containing protein	5.314E-05	1.000	134	5	211	231	40	237	243	234	0.896	0.815
LOKIASV2_1312_ESMFold_hypothetical_protein	AF-A0A175WD00-F1-model_v4	AF-A0A175WD00-F1-model_v4 Sterol uptake control protein 2	9.801E-06	1.000	134	2	211	231	389	603	629	251	0.909	0.342
LOKIASV2_1312_ESMFold_hypothetical_protein	AF-A0A2K6W8Y5-F1-model_v4	AF-A0A2K6W8Y5-F1-model_v4 N-alpha-acetyltransferase 40	2.282E-05	1.000	133	6	210	231	38	195	195	214	0.887	0.810
LOKIASV2_1312_ESMFold_hypothetical_protein	AF-A0A0H3GVD6-F1-model_v4	AF-A0A0H3GVD6-F1-model_v4 N-acetyltransferase domain-containing protein	3.251E-04	1.000	132	3	213	231	11	154	154	211	0.913	0.935
LOKIASV2_1312_ESMFold_hypothetical_protein	AF-Q9H7X0-F1-model_v4	AF-Q9H7X0-F1-model_v4 N-alpha-acetyltransferase 60	3.086E-05	1.000	132	8	229	231	13	205	242	237	0.961	0.798
LOKIASV2_1312_ESMFold_hypothetical_protein	AF-Q3MHC1-F1-model_v4	AF-Q3MHC1-F1-model_v4 N-alpha-acetyltransferase 60	3.278E-05	1.000	132	8	229	231	13	205	242	237	0.961	0.798
LOKIASV2_1312_ESMFold_hypothetical_protein	AF-Q9DBU2-F1-model_v4	AF-Q9DBU2-F1-model_v4 N-alpha-acetyltransferase 60	4.174E-05	1.000	130	8	229	231	13	205	242	237	0.961	0.798
LOKIASV2_1312_ESMFold_hypothetical_protein	AF-A3KPA3-F1-model_v4	AF-A3KPA3-F1-model_v4 N-alpha-acetyltransferase 60	4.434E-05	1.000	129	2	227	231	9	202	242	240	0.978	0.802
LOKIASV2_1312_ESMFold_hypothetical_protein	AF-U7Q335-F1-model_v4	AF-U7Q335-F1-model_v4 N-acetyltransferase domain-containing protein	1.904E-05	1.000	128	8	205	231	10	228	232	244	0.857	0.944
LOKIASV2_1312_ESMFold_hypothetical_protein	AF-X8F5U2-F1-model_v4	AF-X8F5U2-F1-model_v4 Acetyltransferase family protein	3.251E-04	1.000	127	31	211	231	1	140	140	186	0.784	1.000
LOKIASV2_1312_ESMFold_hypothetical_protein	AF-U7Q7K2-F1-model_v4	AF-U7Q7K2-F1-model_v4 N-acetyltransferase domain-containing protein	2.404E-04	1.000	127	8	214	231	17	179	179	214	0.896	0.911
LOKIASV2_1312_ESMFold_hypothetical_protein	AF-C0NTW3-F1-model_v4	AF-C0NTW3-F1-model_v4 N-acetyltransferase domain-containing protein	1.237E-04	1.000	127	8	211	231	13	207	239	234	0.883	0.816
LOKIASV2_1312_ESMFold_hypothetical_protein	AF-Q9I2L2-F1-model_v4	AF-Q9I2L2-F1-model_v4 N-acetyltransferase domain-containing protein	3.453E-04	1.000	125	7	211	231	3	176	177	224	0.887	0.983
LOKIASV2_1312_ESMFold_hypothetical_protein	AF-Q9I1K2-F1-model_v4	AF-Q9I1K2-F1-model_v4 Acetyltransferase PA2271	4.174E-05	1.000	124	9	204	231	2	168	171	219	0.848	0.977
LOKIASV2_1312_ESMFold_hypothetical_protein	AF-G4VG91-F1-model_v4	AF-G4VG91-F1-model_v4 N-alpha-acetyltransferase 40	4.434E-05	1.000	124	6	205	231	52	217	235	218	0.866	0.706
LOKIASV2_1312_ESMFold_hypothetical_protein	AF-P61600-F1-model_v4	AF-P61600-F1-model_v4 N-alpha-acetyltransferase 20	3.668E-04	1.000	123	7	207	231	1	155	178	208	0.870	0.871
LOKIASV2_1312_ESMFold_hypothetical_protein	AF-Q9VIQ1-F1-model_v4	AF-Q9VIQ1-F1-model_v4 Arylalkylamine N-acetyltransferase-like 3	7.187E-05	1.000	123	7	207	231	8	221	222	240	0.870	0.964
LOKIASV2_1312_ESMFold_hypothetical_protein	AF-Q54RD2-F1-model_v4	AF-Q54RD2-F1-model_v4 U-box domain-containing protein	9.719E-05	1.000	123	8	207	231	128	353	356	251	0.866	0.635
LOKIASV2_1312_ESMFold_hypothetical_protein	AF-K0ESH2-F1-model_v4	AF-K0ESH2-F1-model_v4 Putative acetyltransferase	6.316E-04	1.000	122	9	216	231	1	176	179	236	0.900	0.983
LOKIASV2_1312_ESMFold_hypothetical_protein	AF-Q54HA6-F1-model_v4	AF-Q54HA6-F1-model_v4 N-acetyltransferase domain-containing protein	7.634E-05	1.000	122	86	231	231	46	177	246	153	0.632	0.537
LOKIASV2_1312_ESMFold_hypothetical_protein	AF-K0F2C1-F1-model_v4	AF-K0F2C1-F1-model_v4 FkbH domain-containing protein	6.316E-04	1.000	122	6	214	231	198	351	367	216	0.905	0.420
LOKIASV2_1312_ESMFold_hypothetical_protein	AF-O33317-F1-model_v4	AF-O33317-F1-model_v4 GCN5-related N-acetyltransferase	4.397E-04	1.000	120	44	215	231	3	153	153	188	0.745	0.987
LOKIASV2_1312_ESMFold_hypothetical_protein	AF-A0A1C1CV10-F1-model_v4	AF-A0A1C1CV10-F1-model_v4 Putative N-acetyltransferase	5.598E-04	1.000	120	8	216	231	8	175	185	216	0.905	0.908
LOKIASV2_1312_ESMFold_hypothetical_protein	AF-A0A3P7DV96-F1-model_v4	AF-A0A3P7DV96-F1-model_v4 RNA cytidine acetyltransferase	3.929E-05	1.000	117	2	226	231	294	573	809	303	0.974	0.346
LOKIASV2_1312_ESMFold_hypothetical_protein	AF-A0A0D2FGL2-F1-model_v4	AF-A0A0D2FGL2-F1-model_v4 Unplaced genomic scaffold supercont1.1, whole genome shotgun sequence	3.668E-04	1.000	116	8	215	231	3	306	323	323	0.900	0.941
LOKIASV2_1312_ESMFold_hypothetical_protein	AF-Q54R69-F1-model_v4	AF-Q54R69-F1-model_v4 Uncharacterized protein DDB_G0283377	2.404E-04	1.000	116	7	208	231	209	363	441	212	0.874	0.351
LOKIASV2_1312_ESMFold_hypothetical_protein	AF-A0A175W8N4-F1-model_v4	AF-A0A175W8N4-F1-model_v4 Protein TED1	1.303E-03	1.000	115	7	215	231	96	297	924	237	0.905	0.219
LOKIASV2_1312_ESMFold_hypothetical_protein	AF-A0A077ZHA8-F1-model_v4	AF-A0A077ZHA8-F1-model_v4 DNA III psi and Acetyltransf 1 domain containing protein	3.638E-03	1.000	114	127	206	231	121	202	206	85	0.346	0.398
LOKIASV2_1312_ESMFold_hypothetical_protein	AF-P76562-F1-model_v4	AF-P76562-F1-model_v4 tRNA(Met) cytidine acetyltransferase TmcA	5.996E-05	1.000	114	5	230	231	348	563	671	264	0.978	0.322
LOKIASV2_1312_ESMFold_hypothetical_protein	AF-Q8ZPC0-F1-model_v4	AF-Q8ZPC0-F1-model_v4 Acetyl transferase	2.712E-04	1.000	112	6	205	231	2	172	179	221	0.866	0.955
LOKIASV2_1312_ESMFold_hypothetical_protein	AF-B2RZ44-F1-model_v4	AF-B2RZ44-F1-model_v4 N(alpha)-acetyltransferase 20, NatB catalytic subunit	1.024E-03	1.000	111	7	207	231	1	165	188	213	0.870	0.878
LOKIASV2_1312_ESMFold_hypothetical_protein	AF-Q54F18-F1-model_v4	AF-Q54F18-F1-model_v4 N-acetyltransferase domain-containing protein	2.712E-04	1.000	110	9	213	231	12	226	226	243	0.887	0.951
LOKIASV2_1312_ESMFold_hypothetical_protein	AF-A0A060D7E5-F1-model_v4	AF-A0A060D7E5-F1-model_v4 Acyl-CoA N-acyltransferase (NAT) superfamily protein	1.087E-03	1.000	109	1	214	231	22	193	193	225	0.926	0.891
LOKIASV2_1312_ESMFold_hypothetical_protein	AF-C0NVG6-F1-model_v4	AF-C0NVG6-F1-model_v4 N-acetyltransferase domain-containing protein	9.719E-05	1.000	109	7	209	231	2	209	216	246	0.879	0.963
LOKIASV2_1312_ESMFold_hypothetical_protein	AF-Q552L6-F1-model_v4	AF-Q552L6-F1-model_v4 N-acetyltransferase domain-containing protein	2.881E-04	1.000	109	9	211	231	14	226	228	240	0.879	0.934
LOKIASV2_1312_ESMFold_hypothetical_protein	AF-C1H9X6-F1-model_v4	AF-C1H9X6-F1-model_v4 Acetyltransferase	3.897E-04	1.000	109	6	207	231	3	230	235	251	0.874	0.970
LOKIASV2_1312_ESMFold_hypothetical_protein	AF-Q9W3C1-F1-model_v4	AF-Q9W3C1-F1-model_v4 RNA cytidine acetyltransferase	9.719E-05	1.000	109	1	225	231	473	740	1008	296	0.974	0.266
LOKIASV2_1312_ESMFold_hypothetical_protein	AF-A0A060D878-F1-model_v4	AF-A0A060D878-F1-model_v4 Acyl-CoA N-acyltransferase (NAT) superfamily protein	8.542E-04	1.000	108	7	214	231	14	184	184	221	0.900	0.929
LOKIASV2_1312_ESMFold_hypothetical_protein	AF-U7PZC7-F1-model_v4	AF-U7PZC7-F1-model_v4 Uncharacterized protein	3.061E-04	1.000	108	10	215	231	421	671	672	282	0.892	0.374
LOKIASV2_1312_ESMFold_hypothetical_protein	AF-Q2FZM1-F1-model_v4	AF-Q2FZM1-F1-model_v4 N-acetyltransferase domain-containing protein	1.483E-04	1.000	106	38	206	231	4	182	183	198	0.732	0.978
LOKIASV2_1312_ESMFold_hypothetical_protein	AF-A0A077Z0H7-F1-model_v4	AF-A0A077Z0H7-F1-model_v4 Putative atp synthase f1 delta subunit	1.024E-03	1.000	106	6	207	231	5	198	199	230	0.874	0.975
LOKIASV2_1312_ESMFold_hypothetical_protein	AF-U7PS04-F1-model_v4	AF-U7PS04-F1-model_v4 N-acetyltransferase domain-containing protein	3.668E-04	1.000	106	7	211	231	15	231	239	246	0.887	0.908
LOKIASV2_1312_ESMFold_hypothetical_protein	AF-Q58604-F1-model_v4	AF-Q58604-F1-model_v4 Uncharacterized N-acetyltransferase MJ1207	7.570E-04	1.000	105	2	207	231	71	225	226	212	0.892	0.686
LOKIASV2_1312_ESMFold_hypothetical_protein	AF-A0A0N4U5J0-F1-model_v4	AF-A0A0N4U5J0-F1-model_v4 RNA cytidine acetyltransferase	1.575E-04	1.000	105	2	226	231	492	772	1030	303	0.974	0.273
LOKIASV2_1312_ESMFold_hypothetical_protein	AF-O01757-F1-model_v4	AF-O01757-F1-model_v4 RNA cytidine acetyltransferase	2.263E-04	1.000	104	1	226	231	493	773	1043	303	0.978	0.269
LOKIASV2_1312_ESMFold_hypothetical_protein	AF-Q9VMG0-F1-model_v4	AF-Q9VMG0-F1-model_v4 Arylalkylamine N-acetyltransferase-like 2, isoform A	4.139E-04	1.000	103	7	207	231	3	215	216	242	0.870	0.986
LOKIASV2_1312_ESMFold_hypothetical_protein	AF-Q32CT5-F1-model_v4	AF-Q32CT5-F1-model_v4 Uncharacterized protein	2.532E-03	1.000	103	10	211	231	728	883	886	209	0.874	0.176
LOKIASV2_1312_ESMFold_hypothetical_protein	AF-Q4D945-F1-model_v4	AF-Q4D945-F1-model_v4 N-acetyltransferase domain-containing protein	9.638E-04	1.000	102	7	209	231	4	205	211	252	0.879	0.957
LOKIASV2_1312_ESMFold_hypothetical_protein	AF-Q32D93-F1-model_v4	AF-Q32D93-F1-model_v4 tRNA(Met) cytidine acetyltransferase TmcA	2.130E-04	1.000	102	5	230	231	348	563	671	257	0.978	0.322
LOKIASV2_1312_ESMFold_hypothetical_protein	AF-C6T3M3-F1-model_v4	AF-C6T3M3-F1-model_v4 N-acetyltransferase domain-containing protein	2.532E-03	1.000	101	1	215	231	4	176	177	228	0.931	0.977
LOKIASV2_1312_ESMFold_hypothetical_protein	AF-C0NKI0-F1-model_v4	AF-C0NKI0-F1-model_v4 Acetyltransferase	5.598E-04	1.000	101	1	213	231	1	233	233	257	0.922	1.000
LOKIASV2_1312_ESMFold_hypothetical_protein	AF-O59806-F1-model_v4	AF-O59806-F1-model_v4 Uncharacterized N-acetyltransferase C550.08	1.888E-04	1.000	100	10	227	231	3	240	247	268	0.944	0.964
LOKIASV2_1312_ESMFold_hypothetical_protein	AF-Q4CXU1-F1-model_v4	AF-Q4CXU1-F1-model_v4 RNA cytidine acetyltransferase	7.127E-04	1.000	100	1	225	231	519	789	1043	308	0.974	0.260
LOKIASV2_1312_ESMFold_hypothetical_protein	AF-C0NC57-F1-model_v4	AF-C0NC57-F1-model_v4 RNA cytidine acetyltransferase	3.668E-04	1.000	100	1	225	231	512	787	1068	298	0.974	0.258
LOKIASV2_1312_ESMFold_hypothetical_protein	AF-P96810-F1-model_v4	AF-P96810-F1-model_v4 GCN5-related N-acetyltransferase	5.946E-04	0.999	99	5	209	231	2	201	201	231	0.887	0.995
LOKIASV2_1312_ESMFold_hypothetical_protein	AF-Q9H0A0-F1-model_v4	AF-Q9H0A0-F1-model_v4 RNA cytidine acetyltransferase	2.881E-04	0.999	99	1	227	231	500	766	1025	295	0.983	0.260
LOKIASV2_1312_ESMFold_hypothetical_protein	AF-A0A1C1D2U1-F1-model_v4	AF-A0A1C1D2U1-F1-model_v4 N-acetyltransferase ats1	8.041E-04	0.999	98	8	178	231	9	155	185	180	0.740	0.795
LOKIASV2_1312_ESMFold_hypothetical_protein	AF-C1HDG2-F1-model_v4	AF-C1HDG2-F1-model_v4 Glucosamine 6-phosphate N-acetyltransferase	4.139E-04	0.999	97	1	214	231	12	229	230	261	0.926	0.948
LOKIASV2_1312_ESMFold_hypothetical_protein	AF-Q6AUP5-F1-model_v4	AF-Q6AUP5-F1-model_v4 Os05g0376600 protein	4.961E-04	0.999	97	6	215	231	76	256	612	230	0.909	0.296
LOKIASV2_1312_ESMFold_hypothetical_protein	AF-A0A0G2JV51-F1-model_v4	AF-A0A0G2JV51-F1-model_v4 RNA cytidine acetyltransferase	3.668E-04	0.999	97	1	227	231	500	765	1024	295	0.983	0.260
LOKIASV2_1312_ESMFold_hypothetical_protein	AF-P53914-F1-model_v4	AF-P53914-F1-model_v4 RNA cytidine acetyltransferase	7.570E-04	0.999	97	1	226	231	508	781	1056	301	0.978	0.259
LOKIASV2_1312_ESMFold_hypothetical_protein	AF-Q9HT95-F1-model_v4	AF-Q9HT95-F1-model_v4 Acetyltransferase PA5475	6.263E-03	0.999	96	8	206	231	31	186	186	205	0.861	0.839
LOKIASV2_1312_ESMFold_hypothetical_protein	AF-A1ZBI9-F1-model_v4	AF-A1ZBI9-F1-model_v4 Arylalkylamine N-acetyltransferase-like 4	1.227E-03	0.999	96	7	207	231	8	223	224	253	0.870	0.964
LOKIASV2_1312_ESMFold_hypothetical_protein	AF-A0A0K3ASB6-F1-model_v4	AF-A0A0K3ASB6-F1-model_v4 N-acetyltransferase domain-containing protein	1.659E-03	0.999	96	7	207	231	3	223	237	250	0.870	0.932
LOKIASV2_1312_ESMFold_hypothetical_protein	AF-O62324-F1-model_v4	AF-O62324-F1-model_v4 Uncharacterized protein	3.668E-04	0.999	96	7	215	231	4	232	250	256	0.905	0.916
LOKIASV2_1312_ESMFold_hypothetical_protein	AF-C0NQB5-F1-model_v4	AF-C0NQB5-F1-model_v4 Uncharacterized protein	4.397E-04	0.999	96	6	205	231	12	270	274	278	0.866	0.945
LOKIASV2_1312_ESMFold_hypothetical_protein	AF-Q86VE3-F1-model_v4	AF-Q86VE3-F1-model_v4 Spermidine/spermine N(1)-acetyltransferase-like protein 1	2.690E-03	0.999	96	1	157	231	523	641	695	161	0.680	0.171
LOKIASV2_1312_ESMFold_hypothetical_protein	AF-P44140-F1-model_v4	AF-P44140-F1-model_v4 tRNA(Met) cytidine acetyltransferase TmcA	1.227E-03	0.998	95	56	226	231	391	559	656	188	0.740	0.258
LOKIASV2_1312_ESMFold_hypothetical_protein	AF-A0A077Z2X2-F1-model_v4	AF-A0A077Z2X2-F1-model_v4 RNA cytidine acetyltransferase	4.139E-04	0.998	95	2	226	231	501	769	1005	297	0.974	0.268
LOKIASV2_1312_ESMFold_hypothetical_protein	AF-A0A044TDL2-F1-model_v4	AF-A0A044TDL2-F1-model_v4 RNA cytidine acetyltransferase	7.570E-04	0.998	95	2	217	231	506	764	1051	286	0.935	0.246
LOKIASV2_1312_ESMFold_hypothetical_protein	AF-Q9I127-F1-model_v4	AF-Q9I127-F1-model_v4 N-acetyltransferase domain-containing protein	1.763E-03	0.998	94	7	207	231	1	174	175	233	0.870	0.994
LOKIASV2_1312_ESMFold_hypothetical_protein	AF-A0A1D6M2X0-F1-model_v4	AF-A0A1D6M2X0-F1-model_v4 N-acetyltransferase	5.946E-04	0.998	94	7	215	231	56	281	651	270	0.905	0.347
LOKIASV2_1312_ESMFold_hypothetical_protein	AF-O64815-F1-model_v4	AF-O64815-F1-model_v4 Probable N-acetyltransferase HLS1-like	2.857E-03	0.998	93	1	186	231	1	171	413	212	0.805	0.414
LOKIASV2_1312_ESMFold_hypothetical_protein	AF-B3H6L5-F1-model_v4	AF-B3H6L5-F1-model_v4 N-acetyltransferase	1.763E-03	0.998	93	1	221	231	60	248	612	242	0.957	0.309
LOKIASV2_1312_ESMFold_hypothetical_protein	AF-A0A0K0E548-F1-model_v4	AF-A0A0K0E548-F1-model_v4 Histone acetyltransferase	2.404E-04	0.998	93	4	225	231	390	570	762	241	0.961	0.238
LOKIASV2_1312_ESMFold_hypothetical_protein	AF-Q4DSK7-F1-model_v4	AF-Q4DSK7-F1-model_v4 RNA cytidine acetyltransferase	9.638E-04	0.998	93	1	225	231	519	789	1043	300	0.974	0.260
LOKIASV2_1312_ESMFold_hypothetical_protein	AF-A0A1D8PFY0-F1-model_v4	AF-A0A1D8PFY0-F1-model_v4 Polyamine acetyltransferase	3.668E-04	0.997	92	8	206	231	8	212	220	236	0.861	0.932
LOKIASV2_1312_ESMFold_hypothetical_protein	AF-D3Z9J8-F1-model_v4	AF-D3Z9J8-F1-model_v4 Spermidine/spermine N1-acetyl transferase 2 (Predicted), isoform CRA_a	9.557E-03	0.997	91	6	155	231	2	116	170	154	0.649	0.676
LOKIASV2_1312_ESMFold_hypothetical_protein	AF-C6T357-F1-model_v4	AF-C6T357-F1-model_v4 N-acetyltransferase domain-containing protein	4.919E-03	0.997	91	10	214	231	14	183	185	219	0.887	0.919
LOKIASV2_1312_ESMFold_hypothetical_protein	AF-Q8K224-F1-model_v4	AF-Q8K224-F1-model_v4 RNA cytidine acetyltransferase	5.598E-04	0.997	91	1	227	231	500	765	1024	296	0.983	0.260
LOKIASV2_1312_ESMFold_hypothetical_protein	AF-A4ICI2-F1-model_v4	AF-A4ICI2-F1-model_v4 Acetyltransferase-like protein	1.015E-02	0.996	90	6	155	231	4	116	158	154	0.649	0.715
LOKIASV2_1312_ESMFold_hypothetical_protein	AF-C1H481-F1-model_v4	AF-C1H481-F1-model_v4 RNA cytidine acetyltransferase	1.087E-03	0.996	90	1	225	231	512	787	1070	303	0.974	0.258
LOKIASV2_1312_ESMFold_hypothetical_protein	AF-Q9VI66-F1-model_v4	AF-Q9VI66-F1-model_v4 GH28833p	1.989E-03	0.996	89	5	207	231	16	250	251	261	0.879	0.936
LOKIASV2_1312_ESMFold_hypothetical_protein	AF-Q7CPJ9-F1-model_v4	AF-Q7CPJ9-F1-model_v4 PanD regulatory factor	1.748E-02	0.995	88	7	200	231	2	125	127	198	0.840	0.976
LOKIASV2_1312_ESMFold_hypothetical_protein	AF-A0A175WDS5-F1-model_v4	AF-A0A175WDS5-F1-model_v4 Histone acetyltransferase GCN5	7.570E-04	0.995	88	4	226	231	59	235	403	239	0.965	0.439
LOKIASV2_1312_ESMFold_hypothetical_protein	AF-Q92830-F1-model_v4	AF-Q92830-F1-model_v4 Histone acetyltransferase KAT2A	1.155E-03	0.995	88	8	226	231	499	674	837	246	0.948	0.210
LOKIASV2_1312_ESMFold_hypothetical_protein	AF-P87115-F1-model_v4	AF-P87115-F1-model_v4 RNA cytidine acetyltransferase	1.659E-03	0.995	88	1	226	231	497	769	1033	299	0.978	0.264
LOKIASV2_1312_ESMFold_hypothetical_protein	AF-K0EUU3-F1-model_v4	AF-K0EUU3-F1-model_v4 Acetyltransferase	3.424E-03	0.994	87	15	207	231	2	178	179	211	0.835	0.989
LOKIASV2_1312_ESMFold_hypothetical_protein	AF-C0NUL7-F1-model_v4	AF-C0NUL7-F1-model_v4 N-alpha-acetyltransferase 40	2.244E-03	0.994	87	6	214	231	101	303	312	252	0.905	0.651
LOKIASV2_1312_ESMFold_hypothetical_protein	AF-A0A2K6W2U4-F1-model_v4	AF-A0A2K6W2U4-F1-model_v4 Uncharacterized protein	5.946E-04	0.994	87	8	210	231	395	557	740	226	0.879	0.220
LOKIASV2_1312_ESMFold_hypothetical_protein	AF-Q6P8J2-F1-model_v4	AF-Q6P8J2-F1-model_v4 Thialysine N-epsilon-acetyltransferase	2.095E-02	0.993	86	6	155	231	2	116	170	153	0.649	0.676
LOKIASV2_1312_ESMFold_hypothetical_protein	AF-C1HCZ6-F1-model_v4	AF-C1HCZ6-F1-model_v4 N-acetyltransferase domain-containing protein	4.104E-03	0.993	86	6	206	231	2	229	234	270	0.870	0.974
LOKIASV2_1312_ESMFold_hypothetical_protein	AF-C1GNL1-F1-model_v4	AF-C1GNL1-F1-model_v4 Histone acetyltransferase type B catalytic subunit	3.864E-03	0.993	86	6	181	231	146	313	555	195	0.762	0.303
LOKIASV2_1312_ESMFold_hypothetical_protein	AF-A0A0H3H464-F1-model_v4	AF-A0A0H3H464-F1-model_v4 PanD regulatory factor	2.833E-02	0.991	84	7	200	231	2	125	127	198	0.840	0.976
LOKIASV2_1312_ESMFold_hypothetical_protein	AF-Q9VAI4-F1-model_v4	AF-Q9VAI4-F1-model_v4 N-alpha-acetyltransferase 40	4.104E-03	0.991	84	6	203	231	42	197	202	211	0.857	0.772
LOKIASV2_1312_ESMFold_hypothetical_protein	AF-A0A0K0E9Z2-F1-model_v4	AF-A0A0K0E9Z2-F1-model_v4 Alpha-tubulin N-acetyltransferase	2.244E-03	0.991	84	10	169	231	16	151	262	176	0.693	0.519
LOKIASV2_1312_ESMFold_hypothetical_protein	AF-I1KGS8-F1-model_v4	AF-I1KGS8-F1-model_v4 N-acetyltransferase domain-containing protein	1.078E-02	0.991	84	6	186	231	21	167	403	194	0.784	0.365
LOKIASV2_1312_ESMFold_hypothetical_protein	AF-I1MVM5-F1-model_v4	AF-I1MVM5-F1-model_v4 N-acetyltransferase domain-containing protein	5.551E-03	0.991	84	7	186	231	11	169	409	204	0.779	0.389
LOKIASV2_1312_ESMFold_hypothetical_protein	AF-A0A0D2DC50-F1-model_v4	AF-A0A0D2DC50-F1-model_v4 Unplaced genomic scaffold supercont1.8, whole genome shotgun sequence	2.532E-03	0.991	84	6	215	231	125	367	932	281	0.909	0.261
LOKIASV2_1312_ESMFold_hypothetical_protein	AF-A0A175W1I7-F1-model_v4	AF-A0A175W1I7-F1-model_v4 RNA cytidine acetyltransferase	3.638E-03	0.990	83	1	225	231	511	785	1066	298	0.974	0.258
LOKIASV2_1312_ESMFold_hypothetical_protein	AF-A0A1D6GKR6-F1-model_v4	AF-A0A1D6GKR6-F1-model_v4 Acyl-CoA N-acyltransferase (NAT) superfamily protein	2.511E-02	0.988	82	8	211	231	24	189	191	219	0.883	0.869
LOKIASV2_1312_ESMFold_hypothetical_protein	AF-A0A0R0L094-F1-model_v4	AF-A0A0R0L094-F1-model_v4 N-acetyltransferase domain-containing protein	1.293E-02	0.988	82	1	188	231	1	151	383	199	0.814	0.394
LOKIASV2_1312_ESMFold_hypothetical_protein	AF-I1LLN9-F1-model_v4	AF-I1LLN9-F1-model_v4 N-acetyltransferase domain-containing protein	1.293E-02	0.988	82	1	186	231	1	151	393	195	0.805	0.384
LOKIASV2_1312_ESMFold_hypothetical_protein	AF-I1KVM7-F1-model_v4	AF-I1KVM7-F1-model_v4 N-acetyltransferase domain-containing protein	7.974E-03	0.988	82	6	186	231	21	167	403	205	0.784	0.365
LOKIASV2_1312_ESMFold_hypothetical_protein	AF-C0NEK2-F1-model_v4	AF-C0NEK2-F1-model_v4 Histone acetyltransferase GCN5	1.227E-03	0.988	82	4	227	231	74	245	415	241	0.970	0.414
LOKIASV2_1312_ESMFold_hypothetical_protein	AF-A0A2R8Q8U0-F1-model_v4	AF-A0A2R8Q8U0-F1-model_v4 N-acetylglutamate synthase, mitochondrial	1.227E-03	0.988	82	9	231	231	360	507	526	226	0.965	0.281
LOKIASV2_1312_ESMFold_hypothetical_protein	AF-A0A0H3GMP0-F1-model_v4	AF-A0A0H3GMP0-F1-model_v4 Putative GCN5-related N-acetyltransferase	2.511E-02	0.986	81	6	224	231	3	174	177	234	0.948	0.972
LOKIASV2_1312_ESMFold_hypothetical_protein	AF-C1H879-F1-model_v4	AF-C1H879-F1-model_v4 Histone acetyltransferase GCN5	2.384E-03	0.986	81	3	227	231	63	241	403	241	0.974	0.444
LOKIASV2_1312_ESMFold_hypothetical_protein	AF-I1K2D0-F1-model_v4	AF-I1K2D0-F1-model_v4 N-acetyltransferase domain-containing protein	6.263E-03	0.986	81	7	186	231	11	171	411	200	0.779	0.392
LOKIASV2_1312_ESMFold_hypothetical_protein	AF-Q03330-F1-model_v4	AF-Q03330-F1-model_v4 Histone acetyltransferase GCN5	2.384E-03	0.986	81	4	227	231	98	275	439	241	0.970	0.405
LOKIASV2_1312_ESMFold_hypothetical_protein	AF-Q59PZ5-F1-model_v4	AF-Q59PZ5-F1-model_v4 Histone acetyltransferase GCN5	2.857E-03	0.986	81	2	227	231	111	291	449	247	0.978	0.403
LOKIASV2_1312_ESMFold_hypothetical_protein	AF-Q5A6P2-F1-model_v4	AF-Q5A6P2-F1-model_v4 RNA cytidine acetyltransferase	3.424E-03	0.986	81	1	225	231	505	779	1042	303	0.974	0.264
LOKIASV2_1312_ESMFold_hypothetical_protein	AF-A0A0R0IHP4-F1-model_v4	AF-A0A0R0IHP4-F1-model_v4 Probable acetyltransferase TAP2	3.197E-02	0.984	80	6	155	231	104	206	248	156	0.649	0.415
LOKIASV2_1312_ESMFold_hypothetical_protein	AF-I1MZX3-F1-model_v4	AF-I1MZX3-F1-model_v4 N-acetyltransferase domain-containing protein	2.095E-02	0.984	80	1	186	231	1	151	391	194	0.805	0.386
LOKIASV2_1312_ESMFold_hypothetical_protein	AF-I1KMR4-F1-model_v4	AF-I1KMR4-F1-model_v4 N-acetyltransferase domain-containing protein	1.458E-02	0.984	80	7	188	231	10	157	400	198	0.788	0.370
LOKIASV2_1312_ESMFold_hypothetical_protein	AF-Q59VF4-F1-model_v4	AF-Q59VF4-F1-model_v4 Histone acetyltransferase type B catalytic subunit	6.263E-03	0.984	80	66	181	231	177	282	413	128	0.502	0.257
LOKIASV2_1312_ESMFold_hypothetical_protein	AF-A0A044V3Z2-F1-model_v4	AF-A0A044V3Z2-F1-model_v4 Histone acetyltransferase type B catalytic subunit	3.035E-03	0.984	80	6	181	231	213	348	478	189	0.762	0.285
LOKIASV2_1312_ESMFold_hypothetical_protein	AF-U7PT58-F1-model_v4	AF-U7PT58-F1-model_v4 Histone acetyltransferase GCN5	2.384E-03	0.984	80	4	227	231	161	332	503	241	0.970	0.342
LOKIASV2_1312_ESMFold_hypothetical_protein	AF-C0NDA9-F1-model_v4	AF-C0NDA9-F1-model_v4 Histone acetyltransferase type B catalytic subunit	6.653E-03	0.984	80	6	181	231	119	282	525	195	0.762	0.312
LOKIASV2_1312_ESMFold_hypothetical_protein	AF-X8F6M5-F1-model_v4	AF-X8F6M5-F1-model_v4 Acetyltransferase family protein	4.323E-02	0.981	79	126	206	231	24	105	108	90	0.351	0.759
LOKIASV2_1312_ESMFold_hypothetical_protein	AF-A0A0D2E7W7-F1-model_v4	AF-A0A0D2E7W7-F1-model_v4 Unplaced genomic scaffold supercont1.1, whole genome shotgun sequence	1.989E-03	0.981	79	7	229	231	2	250	272	280	0.965	0.915
LOKIASV2_1312_ESMFold_hypothetical_protein	AF-Q32BH7-F1-model_v4	AF-Q32BH7-F1-model_v4 N-acetyltransferase domain-containing protein	1.015E-02	0.978	78	9	185	231	2	124	167	182	0.766	0.737
LOKIASV2_1312_ESMFold_hypothetical_protein	AF-A0A175WEN1-F1-model_v4	AF-A0A175WEN1-F1-model_v4 Histone acetyltransferase GCN5	2.113E-03	0.978	78	4	227	231	55	232	395	240	0.970	0.451
LOKIASV2_1312_ESMFold_hypothetical_protein	AF-A0A5S6PPJ6-F1-model_v4	AF-A0A5S6PPJ6-F1-model_v4 Histone acetyltransferase type B catalytic subunit	3.224E-03	0.975	77	6	181	231	116	251	381	189	0.762	0.357
LOKIASV2_1312_ESMFold_hypothetical_protein	AF-K7LHF0-F1-model_v4	AF-K7LHF0-F1-model_v4 PHD-type domain-containing protein	8.997E-03	0.975	77	8	213	231	719	891	891	230	0.892	0.194
LOKIASV2_1312_ESMFold_hypothetical_protein	AF-A0A0D2HHL4-F1-model_v4	AF-A0A0D2HHL4-F1-model_v4 RNA cytidine acetyltransferase	7.507E-03	0.971	76	1	225	231	513	794	1116	305	0.974	0.253
LOKIASV2_1312_ESMFold_hypothetical_protein	AF-J9BK77-F1-model_v4	AF-J9BK77-F1-model_v4 Uncharacterized protein	1.015E-02	0.967	75	6	154	231	167	288	334	155	0.645	0.365
LOKIASV2_1312_ESMFold_hypothetical_protein	AF-Q10Q85-F1-model_v4	AF-Q10Q85-F1-model_v4 Acetyltransferase, GNAT family protein, expressed	3.010E-02	0.967	75	6	186	231	11	166	405	205	0.784	0.385
LOKIASV2_1312_ESMFold_hypothetical_protein	AF-Q4DM71-F1-model_v4	AF-Q4DM71-F1-model_v4 PHD domain-containing protein	1.217E-02	0.967	75	6	224	231	160	389	439	262	0.948	0.524
LOKIASV2_1312_ESMFold_hypothetical_protein	AF-A4I0W1-F1-model_v4	AF-A4I0W1-F1-model_v4 Hypothetical_protein_-_conserved	8.997E-03	0.967	75	4	227	231	446	680	762	267	0.970	0.308
LOKIASV2_1312_ESMFold_hypothetical_protein	AF-K7KR21-F1-model_v4	AF-K7KR21-F1-model_v4 RNA cytidine acetyltransferase	8.470E-03	0.967	75	1	225	231	488	770	1029	315	0.974	0.275
LOKIASV2_1312_ESMFold_hypothetical_protein	AF-A0A175WF02-F1-model_v4	AF-A0A175WF02-F1-model_v4 Uncharacterized protein	1.015E-02	0.961	74	7	162	231	2	177	195	188	0.675	0.903
LOKIASV2_1312_ESMFold_hypothetical_protein	AF-Q09318-F1-model_v4	AF-Q09318-F1-model_v4 Uncharacterized protein F36G3.2	3.010E-02	0.961	74	1	167	231	1	116	313	169	0.723	0.371
LOKIASV2_1312_ESMFold_hypothetical_protein	AF-I1MRQ6-F1-model_v4	AF-I1MRQ6-F1-model_v4 N-acetyltransferase domain-containing protein	2.667E-02	0.961	74	8	188	231	11	157	402	199	0.784	0.366
LOKIASV2_1312_ESMFold_hypothetical_protein	AF-A0A0D2H1D3-F1-model_v4	AF-A0A0D2H1D3-F1-model_v4 Histone acetyltransferase type B catalytic subunit	1.145E-02	0.961	74	6	181	231	137	296	491	203	0.762	0.326
LOKIASV2_1312_ESMFold_hypothetical_protein	AF-A0A1D6GXJ5-F1-model_v4	AF-A0A1D6GXJ5-F1-model_v4 Acyl-CoA N-acyltransferase with RING/FYVE/PHD-type zinc finger domain	7.507E-03	0.961	74	5	215	231	757	932	932	236	0.913	0.189
LOKIASV2_1312_ESMFold_hypothetical_protein	AF-Q9HTD4-F1-model_v4	AF-Q9HTD4-F1-model_v4 Probable acetyltransferase	1.857E-02	0.956	73	5	155	231	2	109	149	153	0.654	0.725
LOKIASV2_1312_ESMFold_hypothetical_protein	AF-I6XA42-F1-model_v4	AF-I6XA42-F1-model_v4 GCN5-related N-acetyltransferase	2.667E-02	0.956	73	7	228	231	3	166	166	237	0.961	0.988
LOKIASV2_1312_ESMFold_hypothetical_protein	AF-A0A0R0KJU4-F1-model_v4	AF-A0A0R0KJU4-F1-model_v4 PHD-type domain-containing protein	6.653E-03	0.956	73	6	230	231	424	624	631	269	0.974	0.319
LOKIASV2_1312_ESMFold_hypothetical_protein	AF-Q55GI3-F1-model_v4	AF-Q55GI3-F1-model_v4 Uncharacterized protein	4.104E-03	0.956	73	34	226	231	103	314	1013	250	0.835	0.209
LOKIASV2_1312_ESMFold_hypothetical_protein	AF-A0A5S6PFH5-F1-model_v4	AF-A0A5S6PFH5-F1-model_v4 Acetyltransf_13 domain-containing protein	1.549E-02	0.949	72	6	155	231	53	176	248	157	0.649	0.500
LOKIASV2_1312_ESMFold_hypothetical_protein	AF-Q9HZ97-F1-model_v4	AF-Q9HZ97-F1-model_v4 Uncharacterized protein	2.095E-02	0.949	72	6	155	231	124	228	267	154	0.649	0.393
LOKIASV2_1312_ESMFold_hypothetical_protein	AF-A0A1D6L433-F1-model_v4	AF-A0A1D6L433-F1-model_v4 Acyl-CoA N-acyltransferase with RING/FYVE/PHD-type zinc finger protein	1.145E-02	0.949	72	70	214	231	1221	1336	1472	158	0.628	0.079
LOKIASV2_1312_ESMFold_hypothetical_protein	AF-Q8IJJ5-F1-model_v4	AF-Q8IJJ5-F1-model_v4 RNA cytidine acetyltransferase	1.217E-02	0.941	71	1	226	231	642	987	1269	378	0.978	0.273
LOKIASV2_1312_ESMFold_hypothetical_protein	AF-A0A1D6HTA3-F1-model_v4	AF-A0A1D6HTA3-F1-model_v4 Acyl-CoA N-acyltransferase with RING/FYVE/PHD-type zinc finger protein	4.919E-03	0.941	71	6	214	231	874	1062	1454	243	0.905	0.130
LOKIASV2_1312_ESMFold_hypothetical_protein	AF-Q38AU6-F1-model_v4	AF-Q38AU6-F1-model_v4 N-acetyltransferase domain-containing protein	2.113E-03	0.933	70	6	224	231	151	333	348	239	0.948	0.526
LOKIASV2_1312_ESMFold_hypothetical_protein	AF-I1M4F6-F1-model_v4	AF-I1M4F6-F1-model_v4 PHD-type domain-containing protein	1.145E-02	0.933	70	6	206	231	828	1001	1007	235	0.870	0.173
LOKIASV2_1312_ESMFold_hypothetical_protein	AF-A0A0K0EDS9-F1-model_v4	AF-A0A0K0EDS9-F1-model_v4 N-acetyltransferase domain-containing protein	2.364E-02	0.933	70	9	155	231	1	105	1116	152	0.636	0.094
LOKIASV2_1312_ESMFold_hypothetical_protein	AF-A0A5K4ER01-F1-model_v4	AF-A0A5K4ER01-F1-model_v4 RNA cytidine acetyltransferase	2.095E-02	0.933	70	2	225	231	539	868	1251	356	0.970	0.264
LOKIASV2_1312_ESMFold_hypothetical_protein	AF-A0A0H3GNK9-F1-model_v4	AF-A0A0H3GNK9-F1-model_v4 Acyltransferase domain-containing protein	5.847E-02	0.923	69	7	155	231	1	99	140	152	0.645	0.707
LOKIASV2_1312_ESMFold_hypothetical_protein	AF-Q8ZKE6-F1-model_v4	AF-Q8ZKE6-F1-model_v4 Aminoalkylphosphonate N-acetyltransferase	2.833E-02	0.923	69	9	162	231	15	123	154	162	0.667	0.708
LOKIASV2_1312_ESMFold_hypothetical_protein	AF-P21673-F1-model_v4	AF-P21673-F1-model_v4 Diamine acetyltransferase 1	1.007E-01	0.923	69	7	157	231	3	117	171	156	0.654	0.673
LOKIASV2_1312_ESMFold_hypothetical_protein	AF-C0NDF7-F1-model_v4	AF-C0NDF7-F1-model_v4 N-acetyltransferase domain-containing protein	1.145E-02	0.923	69	6	216	231	54	292	303	290	0.913	0.789
LOKIASV2_1312_ESMFold_hypothetical_protein	AF-U7Q471-F1-model_v4	AF-U7Q471-F1-model_v4 RNA cytidine acetyltransferase	1.748E-02	0.923	69	1	225	231	540	826	1164	318	0.974	0.247
LOKIASV2_1312_ESMFold_hypothetical_protein	AF-Q326V1-F1-model_v4	AF-Q326V1-F1-model_v4 N-acetyltransferase domain-containing protein	7.008E-02	0.912	68	5	207	231	2	159	160	218	0.879	0.988
LOKIASV2_1312_ESMFold_hypothetical_protein	AF-Q9FN10-F1-model_v4	AF-Q9FN10-F1-model_v4 Acyl-CoA N-acyltransferases (NAT) superfamily protein	2.511E-02	0.912	68	7	188	231	7	159	386	204	0.788	0.396
LOKIASV2_1312_ESMFold_hypothetical_protein	AF-Q869X7-F1-model_v4	AF-Q869X7-F1-model_v4 Histone acetyltransferase type B catalytic subunit DDB_G0275159	1.145E-02	0.900	67	6	181	231	158	296	466	189	0.762	0.298
LOKIASV2_1312_ESMFold_hypothetical_protein	AF-Q8LPU4-F1-model_v4	AF-Q8LPU4-F1-model_v4 Histone acetyltransferase type B catalytic subunit	3.010E-02	0.900	67	66	180	231	195	288	468	123	0.498	0.201
LOKIASV2_1312_ESMFold_hypothetical_protein	AF-K0F1D1-F1-model_v4	AF-K0F1D1-F1-model_v4 Uncharacterized protein	1.007E-01	0.887	66	99	207	231	13	105	106	109	0.472	0.877
LOKIASV2_1312_ESMFold_hypothetical_protein	AF-A0A175W428-F1-model_v4	AF-A0A175W428-F1-model_v4 Uncharacterized protein	4.323E-02	0.887	66	9	156	231	2	168	219	183	0.641	0.763
LOKIASV2_1312_ESMFold_hypothetical_protein	AF-E7FBQ5-F1-model_v4	AF-E7FBQ5-F1-model_v4 N-alpha-acetyltransferase 80, NatH catalytic subunit	4.323E-02	0.887	66	6	185	231	9	139	253	187	0.779	0.518
LOKIASV2_1312_ESMFold_hypothetical_protein	AF-I1LH72-F1-model_v4	AF-I1LH72-F1-model_v4 N-acetyltransferase domain-containing protein	3.607E-02	0.887	66	7	188	231	8	169	405	213	0.788	0.400
LOKIASV2_1312_ESMFold_hypothetical_protein	AF-A0A1D6GHI6-F1-model_v4	AF-A0A1D6GHI6-F1-model_v4 Acyl-CoA N-acyltransferase with RING/FYVE/PHD-type zinc finger protein	1.217E-02	0.887	66	18	214	231	1161	1336	1454	219	0.853	0.121
LOKIASV2_1312_ESMFold_hypothetical_protein	AF-Q32AS4-F1-model_v4	AF-Q32AS4-F1-model_v4 PanD regulatory factor	1.733E-01	0.872	65	7	200	231	2	125	127	203	0.840	0.976
LOKIASV2_1312_ESMFold_hypothetical_protein	AF-Q32AN3-F1-model_v4	AF-Q32AN3-F1-model_v4 N-acetyltransferase domain-containing protein	7.008E-02	0.872	65	7	213	231	2	161	161	222	0.896	0.994
LOKIASV2_1312_ESMFold_hypothetical_protein	AF-A0A0R0KKK3-F1-model_v4	AF-A0A0R0KKK3-F1-model_v4 Glucosamine 6-phosphate N-acetyltransferase	1.549E-02	0.872	65	4	155	231	28	187	237	201	0.658	0.675
LOKIASV2_1312_ESMFold_hypothetical_protein	AF-A0A0P0VW53-F1-model_v4	AF-A0A0P0VW53-F1-model_v4 Os03g0278700 protein	1.458E-02	0.872	65	7	205	231	785	946	951	231	0.861	0.170
LOKIASV2_1312_ESMFold_hypothetical_protein	AF-P37613-F1-model_v4	AF-P37613-F1-model_v4 PanD regulatory factor	1.956E-01	0.855	64	7	200	231	2	125	127	203	0.840	0.976
LOKIASV2_1312_ESMFold_hypothetical_protein	AF-Q6PH17-F1-model_v4	AF-Q6PH17-F1-model_v4 Alpha-tubulin N-acetyltransferase 1	6.211E-02	0.855	64	17	169	231	37	157	297	162	0.662	0.407
LOKIASV2_1312_ESMFold_hypothetical_protein	AF-Q9UTM7-F1-model_v4	AF-Q9UTM7-F1-model_v4 Histone acetyltransferase type B catalytic subunit	3.832E-02	0.855	64	8	181	231	123	251	378	189	0.753	0.341
LOKIASV2_1312_ESMFold_hypothetical_protein	AF-A0A0R0GYZ9-F1-model_v4	AF-A0A0R0GYZ9-F1-model_v4 RNA cytidine acetyltransferase	3.607E-02	0.855	64	1	225	231	486	798	1071	337	0.974	0.292
LOKIASV2_1312_ESMFold_hypothetical_protein	AF-I1LFT6-F1-model_v4	AF-I1LFT6-F1-model_v4 PHD-type domain-containing protein	2.095E-02	0.855	64	66	215	231	908	1027	1310	165	0.649	0.092
LOKIASV2_1312_ESMFold_hypothetical_protein	AF-P39979-F1-model_v4	AF-P39979-F1-model_v4 D-amino-acid N-acetyltransferase HPA3	4.593E-02	0.837	63	1	155	231	9	120	161	160	0.671	0.696
LOKIASV2_1312_ESMFold_hypothetical_protein	AF-A0A5S6PCU4-F1-model_v4	AF-A0A5S6PCU4-F1-model_v4 Acetyltransf_13 domain-containing protein	4.070E-02	0.837	63	6	155	231	53	176	221	161	0.649	0.561
LOKIASV2_1312_ESMFold_hypothetical_protein	AF-A0A1D6EAF6-F1-model_v4	AF-A0A1D6EAF6-F1-model_v4 Increased DNA methylation 1	3.832E-02	0.837	63	5	215	231	1145	1339	1361	251	0.913	0.143
LOKIASV2_1312_ESMFold_hypothetical_protein	AF-A0A4U3W273-F1-model_v4	AF-A0A4U3W273-F1-model_v4 GNAT family N-acetyltransferase	2.833E-02	0.817	62	55	231	231	10	114	130	178	0.766	0.808
LOKIASV2_1312_ESMFold_hypothetical_protein	AF-Q06338-F1-model_v4	AF-Q06338-F1-model_v4 Protein BCP1	1.646E-02	0.817	62	5	227	231	50	278	283	272	0.965	0.809
LOKIASV2_1312_ESMFold_hypothetical_protein	AF-A0A0D2EKJ6-F1-model_v4	AF-A0A0D2EKJ6-F1-model_v4 Unplaced genomic scaffold supercont1.8, whole genome shotgun sequence	2.833E-02	0.817	62	5	163	231	18	212	293	210	0.688	0.666
LOKIASV2_1312_ESMFold_hypothetical_protein	AF-F4IQY0-F1-model_v4	AF-F4IQY0-F1-model_v4 Acyl-CoA N-acyltransferase with RING/FYVE/PHD-type zinc finger domain-containing protein	6.597E-02	0.817	62	70	216	231	705	819	829	164	0.636	0.139
LOKIASV2_1312_ESMFold_hypothetical_protein	AF-A0A5K4EQ32-F1-model_v4	AF-A0A5K4EQ32-F1-model_v4 RNA cytidine acetyltransferase	2.511E-02	0.817	62	2	154	231	539	688	969	169	0.662	0.155
LOKIASV2_1312_ESMFold_hypothetical_protein	AF-I1JF96-F1-model_v4	AF-I1JF96-F1-model_v4 Uncharacterized protein	1.549E-02	0.817	62	6	215	231	689	882	1180	248	0.909	0.164
LOKIASV2_1312_ESMFold_hypothetical_protein	AF-Q4D003-F1-model_v4	AF-Q4D003-F1-model_v4 Uncharacterized protein	7.444E-02	0.817	62	2	208	231	408	637	1322	266	0.896	0.174
LOKIASV2_1312_ESMFold_hypothetical_protein	AF-Q7TP41-F1-model_v4	AF-Q7TP41-F1-model_v4 Diamine acetyltransferase 1	4.323E-02	0.795	61	7	157	231	42	156	210	157	0.654	0.548
LOKIASV2_1312_ESMFold_hypothetical_protein	AF-A0A044RL25-F1-model_v4	AF-A0A044RL25-F1-model_v4 Uncharacterized protein	4.070E-02	0.795	61	6	154	231	168	289	337	156	0.645	0.362
LOKIASV2_1312_ESMFold_hypothetical_protein	AF-O14929-F1-model_v4	AF-O14929-F1-model_v4 Histone acetyltransferase type B catalytic subunit	7.444E-02	0.795	61	66	180	231	194	292	419	124	0.498	0.236
LOKIASV2_1312_ESMFold_hypothetical_protein	AF-K7KT35-F1-model_v4	AF-K7KT35-F1-model_v4 Uncharacterized protein	2.225E-02	0.795	61	8	212	231	431	604	604	231	0.887	0.288
LOKIASV2_1312_ESMFold_hypothetical_protein	AF-A0A1C1CQY4-F1-model_v4	AF-A0A1C1CQY4-F1-model_v4 N-acetyltransferase domain-containing protein	1.015E-02	0.795	61	52	163	231	123	275	668	153	0.485	0.229
LOKIASV2_1312_ESMFold_hypothetical_protein	AF-A0A1P8B7I1-F1-model_v4	AF-A0A1P8B7I1-F1-model_v4 Acyl-CoA N-acyltransferase with RING/FYVE/PHD-type zinc finger protein	3.010E-02	0.795	61	73	215	231	875	990	1139	159	0.619	0.102
LOKIASV2_1312_ESMFold_hypothetical_protein	AF-I1LLM4-F1-model_v4	AF-I1LLM4-F1-model_v4 Uncharacterized protein	6.211E-02	0.795	61	66	214	231	924	1043	1160	168	0.645	0.103
LOKIASV2_1312_ESMFold_hypothetical_protein	AF-A0A0H3GXB4-F1-model_v4	AF-A0A0H3GXB4-F1-model_v4 GNAT family acetyltransferase	7.444E-02	0.772	60	7	155	231	2	107	148	153	0.645	0.716
LOKIASV2_1312_ESMFold_hypothetical_protein	AF-A0A1D6L1A9-F1-model_v4	AF-A0A1D6L1A9-F1-model_v4 Histone acetyltransferase type B catalytic subunit	8.399E-02	0.772	60	65	155	231	126	198	268	96	0.394	0.272
LOKIASV2_1312_ESMFold_hypothetical_protein	AF-Q9ZW00-F1-model_v4	AF-Q9ZW00-F1-model_v4 Acyl-CoA N-acyltransferase with RING/FYVE/PHD-type zinc finger protein	4.878E-02	0.772	60	6	216	231	745	933	1138	256	0.913	0.166
LOKIASV2_1312_ESMFold_hypothetical_protein	AF-Q9I2K5-F1-model_v4	AF-Q9I2K5-F1-model_v4 Uncharacterized protein	4.878E-02	0.747	59	6	179	231	10	139	245	187	0.753	0.531
LOKIASV2_1312_ESMFold_hypothetical_protein	AF-K7M817-F1-model_v4	AF-K7M817-F1-model_v4 Uncharacterized protein	4.070E-02	0.747	59	6	215	231	809	1002	1055	263	0.909	0.184
LOKIASV2_1312_ESMFold_hypothetical_protein	AF-K7M825-F1-model_v4	AF-K7M825-F1-model_v4 N-acetyltransferase domain-containing protein	1.446E-01	0.720	58	127	216	231	36	139	144	109	0.390	0.722
LOKIASV2_1312_ESMFold_hypothetical_protein	AF-Q8ZL98-F1-model_v4	AF-Q8ZL98-F1-model_v4 Putative acetyltransferase	1.007E-01	0.720	58	60	202	231	24	156	161	164	0.619	0.826
LOKIASV2_1312_ESMFold_hypothetical_protein	AF-K7MTW9-F1-model_v4	AF-K7MTW9-F1-model_v4 Histone acetyltransferase TAP1	9.477E-02	0.720	58	6	155	231	86	189	231	157	0.649	0.450
LOKIASV2_1312_ESMFold_hypothetical_protein	AF-A0A1D6LJ27-F1-model_v4	AF-A0A1D6LJ27-F1-model_v4 Acyl-CoA N-acyltransferase with RING/FYVE/PHD-type zinc finger domain	5.847E-02	0.720	58	2	211	231	807	986	986	243	0.909	0.183
LOKIASV2_1312_ESMFold_hypothetical_protein	AF-A0A1D6JZC0-F1-model_v4	AF-A0A1D6JZC0-F1-model_v4 Acyl-CoA N-acyltransferase with RING/FYVE/PHD-type zinc finger domain	2.667E-02	0.720	58	6	221	231	915	1104	1273	251	0.935	0.149
LOKIASV2_1312_ESMFold_hypothetical_protein	AF-I1JAT7-F1-model_v4	AF-I1JAT7-F1-model_v4 PHD-type domain-containing protein	5.504E-02	0.720	58	6	215	231	847	1034	1319	246	0.909	0.143
LOKIASV2_1312_ESMFold_hypothetical_protein	AF-A0A175W4Q2-F1-model_v4	AF-A0A175W4Q2-F1-model_v4 Lysine acetyltransferase	8.399E-02	0.692	57	1	188	231	13	161	368	201	0.814	0.405
LOKIASV2_1312_ESMFold_hypothetical_protein	AF-A0A5S6PRC7-F1-model_v4	AF-A0A5S6PRC7-F1-model_v4 Uncharacterized protein	4.593E-02	0.692	57	6	206	231	646	868	868	252	0.870	0.257
LOKIASV2_1312_ESMFold_hypothetical_protein	AF-A0A0D2HLE2-F1-model_v4	AF-A0A0D2HLE2-F1-model_v4 Unplaced genomic scaffold supercont1.1, whole genome shotgun sequence	1.069E-01	0.663	56	9	202	231	2	269	271	291	0.840	0.989
LOKIASV2_1312_ESMFold_hypothetical_protein	AF-A0A1C1CCI2-F1-model_v4	AF-A0A1C1CCI2-F1-model_v4 Beta-N-acetylglucosaminidase	2.490E-01	0.663	56	9	184	231	594	741	932	191	0.762	0.159
LOKIASV2_1312_ESMFold_hypothetical_protein	AF-K7LQW1-F1-model_v4	AF-K7LQW1-F1-model_v4 Uncharacterized protein	5.182E-02	0.663	56	5	214	231	637	825	947	254	0.909	0.200
LOKIASV2_1312_ESMFold_hypothetical_protein	AF-Q8ZKC6-F1-model_v4	AF-Q8ZKC6-F1-model_v4 Putative acetyltransferase	1.207E-01	0.632	55	60	187	231	22	145	163	152	0.554	0.761
LOKIASV2_1312_ESMFold_hypothetical_protein	AF-Q12341-F1-model_v4	AF-Q12341-F1-model_v4 Histone acetyltransferase type B catalytic subunit	9.477E-02	0.632	55	66	181	231	169	268	374	125	0.502	0.267
LOKIASV2_1312_ESMFold_hypothetical_protein	AF-A0A0P0W3M9-F1-model_v4	AF-A0A0P0W3M9-F1-model_v4 Os03g0747600 protein	1.069E-01	0.632	55	70	215	231	593	709	765	161	0.632	0.153
LOKIASV2_1312_ESMFold_hypothetical_protein	AF-K7KA70-F1-model_v4	AF-K7KA70-F1-model_v4 Uncharacterized protein	3.607E-02	0.632	55	62	215	231	948	1080	1099	184	0.667	0.121
LOKIASV2_1312_ESMFold_hypothetical_protein	AF-A0A368UIK8-F1-model_v4	AF-A0A368UIK8-F1-model_v4 PHD-type domain-containing protein	7.907E-02	0.632	55	64	215	231	905	1026	1263	168	0.658	0.097
LOKIASV2_1312_ESMFold_hypothetical_protein	AF-A0A0D2EP31-F1-model_v4	AF-A0A0D2EP31-F1-model_v4 Unplaced genomic scaffold supercont1.7, whole genome shotgun sequence	2.490E-01	0.601	54	7	211	231	2	224	224	260	0.887	0.996
LOKIASV2_1312_ESMFold_hypothetical_protein	AF-Q0KIB3-F1-model_v4	AF-Q0KIB3-F1-model_v4 Histone acetyltransferase type B catalytic subunit	1.136E-01	0.601	54	66	179	231	180	278	405	125	0.494	0.244
LOKIASV2_1312_ESMFold_hypothetical_protein	AF-A0A1D6IP68-F1-model_v4	AF-A0A1D6IP68-F1-model_v4 Acyl-CoA N-acyltransferase with RING/FYVE/PHD-type zinc finger domain	5.504E-02	0.601	54	5	203	231	512	695	700	243	0.861	0.263
LOKIASV2_1312_ESMFold_hypothetical_protein	AF-Q7X9V3-F1-model_v4	AF-Q7X9V3-F1-model_v4 Acetyltransferase NSI	2.344E-01	0.569	53	6	155	231	105	217	258	165	0.649	0.438
LOKIASV2_1312_ESMFold_hypothetical_protein	AF-K7VJI7-F1-model_v4	AF-K7VJI7-F1-model_v4 Putative N-acetyltransferase HLS1	1.361E-01	0.569	53	4	178	231	5	193	432	217	0.758	0.438
LOKIASV2_1312_ESMFold_hypothetical_protein	AF-Q5VMF2-F1-model_v4	AF-Q5VMF2-F1-model_v4 Os06g0101000 protein	5.182E-02	0.569	53	5	207	231	849	1024	1025	237	0.879	0.172
LOKIASV2_1312_ESMFold_hypothetical_protein	AF-K7K5J5-F1-model_v4	AF-K7K5J5-F1-model_v4 PHD-type domain-containing protein	1.207E-01	0.569	53	64	215	231	700	821	1100	167	0.658	0.111
LOKIASV2_1312_ESMFold_hypothetical_protein	AF-Q9HX01-F1-model_v4	AF-Q9HX01-F1-model_v4 Probable acetyltransferase	3.170E-01	0.537	52	9	231	231	2	138	153	227	0.965	0.895
LOKIASV2_1312_ESMFold_hypothetical_protein	AF-B4FPF8-F1-model_v4	AF-B4FPF8-F1-model_v4 Os10g0351100-like protein	1.446E-01	0.537	52	68	231	231	40	187	187	186	0.710	0.791
LOKIASV2_1312_ESMFold_hypothetical_protein	AF-Q8BY71-F1-model_v4	AF-Q8BY71-F1-model_v4 Histone acetyltransferase type B catalytic subunit	3.170E-01	0.537	52	66	180	231	191	289	416	125	0.498	0.238
LOKIASV2_1312_ESMFold_hypothetical_protein	AF-A0A0R0H3K4-F1-model_v4	AF-A0A0R0H3K4-F1-model_v4 Uncharacterized protein	1.536E-01	0.537	52	70	221	231	988	1107	1314	170	0.658	0.091
LOKIASV2_1312_ESMFold_hypothetical_protein	AF-X8FP02-F1-model_v4	AF-X8FP02-F1-model_v4 Lysine N-acyltransferase MbtK	2.078E-01	0.505	51	8	91	231	22	84	111	84	0.364	0.568
LOKIASV2_1312_ESMFold_hypothetical_protein	AF-X1WH96-F1-model_v4	AF-X1WH96-F1-model_v4 Si:dkeyp-50b9.1	3.607E-02	0.473	50	6	227	231	16	319	436	336	0.961	0.697
LOKIASV2_1312_ESMFold_hypothetical_protein	AF-A0A1D6JYC7-F1-model_v4	AF-A0A1D6JYC7-F1-model_v4 Acyl-CoA N-acyltransferase with RING/FYVE/PHD-type zinc finger domain	1.536E-01	0.473	50	59	186	231	725	828	856	142	0.554	0.121
LOKIASV2_1312_ESMFold_hypothetical_protein	AF-Q9HWL5-F1-model_v4	AF-Q9HWL5-F1-model_v4 Probable acetyltransferase	2.810E-01	0.411	48	7	155	231	7	112	152	152	0.645	0.697
LOKIASV2_1312_ESMFold_hypothetical_protein	AF-Q7CPW9-F1-model_v4	AF-Q7CPW9-F1-model_v4 Putative acetyltransferase	3.170E-01	0.411	48	63	162	231	36	132	175	114	0.433	0.554
LOKIASV2_1312_ESMFold_hypothetical_protein	AF-Q329G9-F1-model_v4	AF-Q329G9-F1-model_v4 Uncharacterized protein	3.832E-02	0.411	48	71	231	231	71	251	251	210	0.697	0.721
LOKIASV2_1312_ESMFold_hypothetical_protein	AF-C1GZJ4-F1-model_v4	AF-C1GZJ4-F1-model_v4 Uncharacterized protein	1.536E-01	0.411	48	8	186	231	16	169	391	207	0.775	0.394
LOKIASV2_1312_ESMFold_hypothetical_protein	AF-X8FMV0-F1-model_v4	AF-X8FMV0-F1-model_v4 Acetyltransferase family protein	4.287E-01	0.382	47	68	155	231	15	67	99	88	0.381	0.535
LOKIASV2_1312_ESMFold_hypothetical_protein	AF-O01460-F1-model_v4	AF-O01460-F1-model_v4 DUF1248 domain-containing protein	5.139E-01	0.353	46	5	165	231	3	112	310	164	0.697	0.355
LOKIASV2_1312_ESMFold_hypothetical_protein	AF-Q2FVA6-F1-model_v4	AF-Q2FVA6-F1-model_v4 N-acetyltransferase domain-containing protein	1.733E-01	0.326	45	68	155	231	9	63	94	88	0.381	0.585
LOKIASV2_1312_ESMFold_hypothetical_protein	AF-A0A1C1CPG4-F1-model_v4	AF-A0A1C1CPG4-F1-model_v4 N-acetyltransferase domain-containing protein	6.542E-01	0.326	45	79	185	231	28	155	212	134	0.463	0.604
LOKIASV2_1312_ESMFold_hypothetical_protein	AF-A0A3P7S7M7-F1-model_v4	AF-A0A3P7S7M7-F1-model_v4 Histone acetyltransferase type B catalytic subunit	7.008E-02	0.326	45	21	181	231	39	225	356	217	0.697	0.525
LOKIASV2_1312_ESMFold_hypothetical_protein	AF-A0A0N4UF33-F1-model_v4	AF-A0A0N4UF33-F1-model_v4 Uncharacterized protein	3.800E-01	0.301	44	8	155	231	127	242	283	162	0.641	0.410
LOKIASV2_1312_ESMFold_hypothetical_protein	AF-A0A175W864-F1-model_v4	AF-A0A175W864-F1-model_v4 Glucosamine 6-phosphate N-acetyltransferase	1.446E-01	0.277	43	64	220	231	17	240	241	247	0.680	0.929
LOKIASV2_1312_ESMFold_hypothetical_protein	AF-A0A0N7KJ32-F1-model_v4	AF-A0A0N7KJ32-F1-model_v4 Os04g0433900 protein	6.949E-01	0.277	43	70	214	231	1234	1349	1383	163	0.628	0.084
LOKIASV2_1312_ESMFold_hypothetical_protein	AF-C0NQ28-F1-model_v4	AF-C0NQ28-F1-model_v4 N-acetyltransferase domain-containing protein	6.949E-01	0.196	39	8	196	231	19	185	393	220	0.818	0.425
LOKIASV2_1312_ESMFold_hypothetical_protein	AF-U7PPI9-F1-model_v4	AF-U7PPI9-F1-model_v4 Histone acetyltransferase type B catalytic subunit	6.159E-01	0.196	39	6	181	231	136	317	533	215	0.762	0.341
LOKIASV2_1312_ESMFold_hypothetical_protein	AF-Q9CAQ2-F1-model_v4	AF-Q9CAQ2-F1-model_v4 Acetyltransferase At1g77540	5.458E-01	0.179	38	65	155	231	21	75	114	91	0.394	0.482
LOKIASV2_1312_ESMFold_hypothetical_protein	AF-Q9USQ5-F1-model_v4	AF-Q9USQ5-F1-model_v4 Ornithine decarboxylase antizyme	4.593E-02	0.179	38	7	203	231	40	223	226	235	0.853	0.814
LOKIASV2_1312_ESMFold_hypothetical_protein	AF-G4VCR6-F1-model_v4	AF-G4VCR6-F1-model_v4 Putative establishment of cohesion 1 (Eco1) homolog	4.554E-01	0.179	38	68	154	231	122	229	267	116	0.377	0.404
LOKIASV2_1312_ESMFold_hypothetical_protein	AF-Q8H0Y9-F1-model_v4	AF-Q8H0Y9-F1-model_v4 Acyl-CoA N-acyltransferases (NAT) superfamily protein	8.848E-01	0.164	37	111	155	231	30	68	111	45	0.195	0.351
LOKIASV2_1312_ESMFold_hypothetical_protein	AF-A0A132Z0H1-F1-model_v4	AF-A0A132Z0H1-F1-model_v4 GNAT family N-acetyltransferase	8.329E-01	0.164	37	33	155	231	5	90	144	125	0.532	0.597
LOKIASV2_1312_ESMFold_hypothetical_protein	AF-A0A077ZD90-F1-model_v4	AF-A0A077ZD90-F1-model_v4 C2 domain-containing protein	6.108E+00	0.150	36	68	93	231	429	454	529	26	0.113	0.049
LOKIASV2_1312_ESMFold_hypothetical_protein	AF-O08608-F1-model_v4	AF-O08608-F1-model_v4 Ornithine decarboxylase antizyme 2	1.060E+00	0.138	35	68	214	231	73	187	189	149	0.636	0.608
LOKIASV2_1312_ESMFold_hypothetical_protein	AF-A0A044VEX5-F1-model_v4	AF-A0A044VEX5-F1-model_v4 Glucosamine 6-phosphate N-acetyltransferase	8.848E-01	0.126	34	36	154	231	42	138	178	128	0.515	0.545
LOKIASV2_1312_ESMFold_hypothetical_protein	AF-K7KLQ1-F1-model_v4	AF-K7KLQ1-F1-model_v4 C2 domain-containing protein	3.339E+00	0.126	34	71	106	231	72	107	333	36	0.156	0.108
LOKIASV2_1312_ESMFold_hypothetical_protein	AF-P34545-F1-model_v4	AF-P34545-F1-model_v4 Protein cbp-1	6.159E-01	0.126	34	71	227	231	1184	1299	2017	175	0.680	0.058
LOKIASV2_1312_ESMFold_hypothetical_protein	AF-C1H5D1-F1-model_v4	AF-C1H5D1-F1-model_v4 N-acetyltransferase ECO1	1.126E+00	0.106	32	5	155	231	241	384	425	181	0.654	0.339
LOKIASV2_1312_ESMFold_hypothetical_protein	AF-A8WFI7-F1-model_v4	AF-A8WFI7-F1-model_v4 O-GlcNAc selective N-Acetyl-beta-D-glucosaminidase (O-GlcNAcase)	1.939E+00	0.106	32	8	216	231	646	865	872	256	0.905	0.252
LOKIASV2_1312_ESMFold_hypothetical_protein	AF-Q9P7K5-F1-model_v4	AF-Q9P7K5-F1-model_v4 Adenylate cyclase activation protein git1	3.144E+00	0.106	32	71	103	231	850	882	1098	34	0.143	0.030
LOKIASV2_1312_ESMFold_hypothetical_protein	AF-A0A0N4UKX4-F1-model_v4	AF-A0A0N4UKX4-F1-model_v4 Histone acetyltransferase	6.949E-01	0.106	32	71	227	231	594	709	1295	170	0.680	0.090
LOKIASV2_1312_ESMFold_hypothetical_protein	AF-A0A5S6PQ74-F1-model_v4	AF-A0A5S6PQ74-F1-model_v4 Histone acetyltransferase	7.841E-01	0.106	32	71	227	231	1230	1345	2139	168	0.680	0.054
LOKIASV2_1312_ESMFold_hypothetical_protein	AF-A0A077YZ41-F1-model_v4	AF-A0A077YZ41-F1-model_v4 Translation initiation factor 4E	1.434E+00	0.090	30	163	231	231	159	237	246	83	0.299	0.321
LOKIASV2_1312_ESMFold_hypothetical_protein	AF-A0A175VY48-F1-model_v4	AF-A0A175VY48-F1-model_v4 Lysine acetyltransferase	4.252E+00	0.090	30	1	170	231	18	149	413	182	0.736	0.320
LOKIASV2_1312_ESMFold_hypothetical_protein	AF-A0A5S6PQ00-F1-model_v4	AF-A0A5S6PQ00-F1-model_v4 Histone acetyltransferase	7.382E-01	0.090	30	71	227	231	1229	1344	2138	169	0.680	0.054
LOKIASV2_1312_ESMFold_hypothetical_protein	AF-Q2FY13-F1-model_v4	AF-Q2FY13-F1-model_v4 Uncharacterized protein	4.252E+00	0.082	29	144	219	231	98	171	225	78	0.329	0.329
LOKIASV2_1312_ESMFold_hypothetical_protein	AF-A0A1C1CGM4-F1-model_v4	AF-A0A1C1CGM4-F1-model_v4 N-acetyltransferase ECO1	9.900E+00	0.082	29	128	155	231	440	467	508	28	0.121	0.055
LOKIASV2_1312_ESMFold_hypothetical_protein	AF-A0A5K4F0C3-F1-model_v4	AF-A0A5K4F0C3-F1-model_v4 Uncharacterized protein	9.900E+00	0.082	29	71	93	231	573	595	654	23	0.100	0.035
LOKIASV2_1312_ESMFold_hypothetical_protein	AF-A1ZAV1-F1-model_v4	AF-A1ZAV1-F1-model_v4 Coiled-coil and C2 domain-containing protein 2A	9.900E+00	0.082	29	70	93	231	495	518	1336	24	0.104	0.018
LOKIASV2_1312_ESMFold_hypothetical_protein	AF-A0A1D6LLF4-F1-model_v4	AF-A0A1D6LLF4-F1-model_v4 S-adenosyl-L-methionine-dependent methyltransferase superfamily protein	5.096E+00	0.076	28	143	221	231	36	116	145	84	0.342	0.559
LOKIASV2_1312_ESMFold_hypothetical_protein	AF-G5EE42-F1-model_v4	AF-G5EE42-F1-model_v4 N-acetyltransferase domain-containing protein 1	3.547E+00	0.069	27	63	155	231	9	63	100	93	0.403	0.550
LOKIASV2_1312_ESMFold_hypothetical_protein	AF-O13748-F1-model_v4	AF-O13748-F1-model_v4 Alpha N-terminal protein methyltransferase 1	5.413E+00	0.069	27	145	211	231	138	219	219	84	0.290	0.374
LOKIASV2_1312_ESMFold_hypothetical_protein	AF-K7KUZ2-F1-model_v4	AF-K7KUZ2-F1-model_v4 C2 domain-containing protein	5.750E+00	0.069	27	67	106	231	64	107	333	44	0.173	0.132
LOKIASV2_1312_ESMFold_hypothetical_protein	AF-B4FIG3-F1-model_v4	AF-B4FIG3-F1-model_v4 BHLH transcription factor	1.826E+00	0.069	27	158	226	231	308	374	375	71	0.299	0.179
LOKIASV2_1312_ESMFold_hypothetical_protein	AF-B9FV09-F1-model_v4	AF-B9FV09-F1-model_v4 Os07g0692401 protein	4.252E+00	0.069	27	126	215	231	148	234	484	95	0.390	0.180
LOKIASV2_1312_ESMFold_hypothetical_protein	AF-A0A044UTG3-F1-model_v4	AF-A0A044UTG3-F1-model_v4 Histone acetyltransferase	1.197E+00	0.069	27	71	227	231	1255	1370	2166	169	0.680	0.054
LOKIASV2_1312_ESMFold_hypothetical_protein	AF-P45481-F1-model_v4	AF-P45481-F1-model_v4 Histone lysine acetyltransferase CREBBP	8.329E-01	0.069	27	71	226	231	1394	1507	2441	164	0.675	0.047
LOKIASV2_1312_ESMFold_hypothetical_protein	AF-Q585J1-F1-model_v4	AF-Q585J1-F1-model_v4 Translation elongation factor 1-beta, putative	2.060E+00	0.063	26	143	225	231	154	246	261	96	0.359	0.356
LOKIASV2_1312_ESMFold_hypothetical_protein	AF-Q583T0-F1-model_v4	AF-Q583T0-F1-model_v4 Uncharacterized protein	9.900E+00	0.063	26	68	93	231	517	543	594	27	0.113	0.045
LOKIASV2_1312_ESMFold_hypothetical_protein	AF-Q32JU2-F1-model_v4	AF-Q32JU2-F1-model_v4 Bifunctional uridylyltransferase/uridylyl-removing enzyme	2.207E-01	0.063	26	15	226	231	634	880	890	283	0.918	0.278
LOKIASV2_1312_ESMFold_hypothetical_protein	AF-A0A0R4IPF2-F1-model_v4	AF-A0A0R4IPF2-F1-model_v4 Histone acetyltransferase	1.939E+00	0.063	26	71	227	231	1285	1400	2349	168	0.680	0.049
LOKIASV2_1312_ESMFold_hypothetical_protein	AF-Q8LJW1-F1-model_v4	AF-Q8LJW1-F1-model_v4 ACT domain-containing protein ACR7	2.060E+00	0.057	25	161	227	231	325	389	449	71	0.290	0.145
LOKIASV2_1312_ESMFold_hypothetical_protein	AF-I1K0I9-F1-model_v4	AF-I1K0I9-F1-model_v4 Uncharacterized protein	3.339E+00	0.051	24	161	227	231	325	389	441	70	0.290	0.147
LOKIASV2_1312_ESMFold_hypothetical_protein	AF-I1MUV8-F1-model_v4	AF-I1MUV8-F1-model_v4 Uncharacterized protein	2.960E+00	0.051	24	161	227	231	326	390	442	70	0.290	0.147
LOKIASV2_1312_ESMFold_hypothetical_protein	AF-I1K2S5-F1-model_v4	AF-I1K2S5-F1-model_v4 UPF0020 domain-containing protein	2.786E+00	0.051	24	132	226	231	345	434	483	105	0.411	0.186
LOKIASV2_1312_ESMFold_hypothetical_protein	AF-P53255-F1-model_v4	AF-P53255-F1-model_v4 CWF19-like protein DRN1	7.776E+00	0.051	24	57	93	231	411	445	507	37	0.160	0.069
LOKIASV2_1312_ESMFold_hypothetical_protein	AF-Q8W2F1-F1-model_v4	AF-Q8W2F1-F1-model_v4 Transcription factor MYC1	3.339E+00	0.051	24	158	227	231	456	523	526	73	0.303	0.129
LOKIASV2_1312_ESMFold_hypothetical_protein	AF-A0A0R4IY90-F1-model_v4	AF-A0A0R4IY90-F1-model_v4 Histone acetyltransferase	1.618E+00	0.051	24	71	227	231	1338	1453	2443	166	0.680	0.047
LOKIASV2_1312_ESMFold_hypothetical_protein	AF-A0A0R4IUG1-F1-model_v4	AF-A0A0R4IUG1-F1-model_v4 Histone acetyltransferase	2.469E+00	0.051	24	71	226	231	1378	1491	2679	175	0.675	0.043
LOKIASV2_1312_ESMFold_hypothetical_protein	AF-D3ZBA3-F1-model_v4	AF-D3ZBA3-F1-model_v4 CD160 molecule	9.320E+00	0.045	23	69	99	231	107	137	184	31	0.134	0.168
LOKIASV2_1312_ESMFold_hypothetical_protein	AF-I1J9Z6-F1-model_v4	AF-I1J9Z6-F1-model_v4 Uncharacterized protein	4.516E+00	0.045	23	161	227	231	325	389	441	69	0.290	0.147
LOKIASV2_1312_ESMFold_hypothetical_protein	AF-A0A1C1CAY7-F1-model_v4	AF-A0A1C1CAY7-F1-model_v4 Histone acetyltransferase	3.547E+00	0.045	23	71	181	231	51	168	521	145	0.481	0.226
LOKIASV2_1312_ESMFold_hypothetical_protein	AF-F1R3B7-F1-model_v4	AF-F1R3B7-F1-model_v4 Synaptotagmin XIVb	7.776E+00	0.045	23	71	125	231	473	512	529	55	0.238	0.076
LOKIASV2_1312_ESMFold_hypothetical_protein	AF-A0A1C1D0K4-F1-model_v4	AF-A0A1C1D0K4-F1-model_v4 Threonine dehydratase	3.339E+00	0.045	23	156	227	231	481	548	566	75	0.312	0.120
LOKIASV2_1312_ESMFold_hypothetical_protein	AF-A0A2R8Q521-F1-model_v4	AF-A0A2R8Q521-F1-model_v4 Histone acetyltransferase	2.325E+00	0.045	23	71	227	231	1269	1384	2330	169	0.680	0.050
LOKIASV2_1312_ESMFold_hypothetical_protein	AF-Q09472-F1-model_v4	AF-Q09472-F1-model_v4 Histone acetyltransferase p300	1.719E+00	0.045	23	71	226	231	1357	1470	2414	164	0.675	0.047
LOKIASV2_1312_ESMFold_hypothetical_protein	AF-F4I1F3-F1-model_v4	AF-F4I1F3-F1-model_v4 Transcription factor bHLH35-like protein	9.983E-01	0.040	22	98	231	231	32	153	155	146	0.580	0.787
LOKIASV2_1312_ESMFold_hypothetical_protein	AF-P23593-F1-model_v4	AF-P23593-F1-model_v4 Apolipoprotein D	1.618E+00	0.040	22	71	230	231	73	174	189	164	0.693	0.540
LOKIASV2_1312_ESMFold_hypothetical_protein	AF-K7K7I9-F1-model_v4	AF-K7K7I9-F1-model_v4 ACT domain-containing protein	4.252E+00	0.040	22	158	226	231	199	272	273	76	0.299	0.271
LOKIASV2_1312_ESMFold_hypothetical_protein	AF-I1KRA2-F1-model_v4	AF-I1KRA2-F1-model_v4 Uncharacterized protein	8.260E+00	0.040	22	146	215	231	174	264	277	91	0.303	0.329
LOKIASV2_1312_ESMFold_hypothetical_protein	AF-A0A0D2GMM1-F1-model_v4	AF-A0A0D2GMM1-F1-model_v4 Unplaced genomic scaffold supercont1.4, whole genome shotgun sequence	7.320E+00	0.040	22	146	231	231	177	278	285	104	0.372	0.358
LOKIASV2_1312_ESMFold_hypothetical_protein	AF-I1LGK6-F1-model_v4	AF-I1LGK6-F1-model_v4 Uncharacterized protein	4.287E-01	0.040	22	6	227	231	116	389	441	305	0.961	0.621
LOKIASV2_1312_ESMFold_hypothetical_protein	AF-A0A1D6ECE3-F1-model_v4	AF-A0A1D6ECE3-F1-model_v4 ACR4	1.126E+00	0.040	22	68	227	231	240	402	451	194	0.693	0.361
LOKIASV2_1312_ESMFold_hypothetical_protein	AF-Q9LIN4-F1-model_v4	AF-Q9LIN4-F1-model_v4 tRNA modification 11 protein	4.002E+00	0.040	22	132	226	231	340	429	477	103	0.411	0.189
LOKIASV2_1312_ESMFold_hypothetical_protein	AF-A0A0D2GNF7-F1-model_v4	AF-A0A0D2GNF7-F1-model_v4 Threonine dehydratase	4.516E+00	0.040	22	156	227	231	478	545	563	75	0.312	0.121
LOKIASV2_1312_ESMFold_hypothetical_protein	AF-Q2FZD8-F1-model_v4	AF-Q2FZD8-F1-model_v4 Phenylalanine--tRNA ligase beta subunit	3.170E-01	0.040	22	7	227	231	490	794	800	316	0.957	0.381
LOKIASV2_1312_ESMFold_hypothetical_protein	AF-Q9DBH0-F1-model_v4	AF-Q9DBH0-F1-model_v4 NEDD4-like E3 ubiquitin-protein ligase WWP2	7.776E+00	0.040	22	71	110	231	80	116	870	40	0.173	0.043
LOKIASV2_1312_ESMFold_hypothetical_protein	AF-Q92793-F1-model_v4	AF-Q92793-F1-model_v4 CREB-binding protein	1.719E+00	0.040	22	71	226	231	1393	1506	2442	166	0.675	0.047
LOKIASV2_1312_ESMFold_hypothetical_protein	AF-K0F139-F1-model_v4	AF-K0F139-F1-model_v4 Uncharacterized protein	5.413E+00	0.034	21	71	124	231	30	85	118	63	0.234	0.475
LOKIASV2_1312_ESMFold_hypothetical_protein	AF-A0A132P9K0-F1-model_v4	AF-A0A132P9K0-F1-model_v4 Dihydrofolate reductase	4.516E+00	0.034	21	146	217	231	101	170	172	82	0.312	0.407
LOKIASV2_1312_ESMFold_hypothetical_protein	AF-Q4DKY3-F1-model_v4	AF-Q4DKY3-F1-model_v4 NIPSNAP domain-containing protein	8.774E+00	0.034	21	161	214	231	125	175	198	59	0.234	0.258
LOKIASV2_1312_ESMFold_hypothetical_protein	AF-K0FAC5-F1-model_v4	AF-K0FAC5-F1-model_v4 ACT domain-containing protein	7.320E+00	0.034	21	159	228	231	4	69	216	71	0.303	0.306
LOKIASV2_1312_ESMFold_hypothetical_protein	AF-A0A0D2EYN1-F1-model_v4	AF-A0A0D2EYN1-F1-model_v4 Histone acetyltransferase	2.325E+00	0.034	21	71	181	231	48	167	533	150	0.481	0.225
LOKIASV2_1312_ESMFold_hypothetical_protein	AF-A2AW96-F1-model_v4	AF-A2AW96-F1-model_v4 Mucin, multiple PTS and SEA group, member 1	6.891E+00	0.034	21	172	227	231	807	861	1044	58	0.242	0.053
LOKIASV2_1312_ESMFold_hypothetical_protein	AF-Q8IBZ5-F1-model_v4	AF-Q8IBZ5-F1-model_v4 Cg7 protein	5.096E+00	0.034	21	55	110	231	675	725	1281	56	0.242	0.040
LOKIASV2_1312_ESMFold_hypothetical_protein	AF-A0A3Q0KL61-F1-model_v4	AF-A0A3Q0KL61-F1-model_v4 Histone acetyltransferase	2.786E+00	0.034	21	71	227	231	722	837	1885	167	0.680	0.062
LOKIASV2_1312_ESMFold_hypothetical_protein	AF-Q32DK6-F1-model_v4	AF-Q32DK6-F1-model_v4 UPF0115 protein YfcN	5.096E+00	0.029	20	92	214	231	71	180	183	127	0.532	0.601
LOKIASV2_1312_ESMFold_hypothetical_protein	AF-A0A0H3GT73-F1-model_v4	AF-A0A0H3GT73-F1-model_v4 UPF0115 protein KPHS_37900	6.488E+00	0.029	20	92	214	231	71	181	183	124	0.532	0.607
LOKIASV2_1312_ESMFold_hypothetical_protein	AF-F1R0I2-F1-model_v4	AF-F1R0I2-F1-model_v4 Apolipoprotein D	2.188E+00	0.029	20	71	231	231	70	171	185	164	0.697	0.551
LOKIASV2_1312_ESMFold_hypothetical_protein	AF-P05090-F1-model_v4	AF-P05090-F1-model_v4 Apolipoprotein D	1.434E+00	0.029	20	71	231	231	73	175	189	166	0.697	0.545
LOKIASV2_1312_ESMFold_hypothetical_protein	AF-A0A0H3GR88-F1-model_v4	AF-A0A0H3GR88-F1-model_v4 Uncharacterized protein	5.413E+00	0.029	20	4	224	231	3	255	326	283	0.957	0.776
LOKIASV2_1312_ESMFold_hypothetical_protein	AF-A0A1D6GWK9-F1-model_v4	AF-A0A1D6GWK9-F1-model_v4 Transcription factor bHLH93	1.618E+00	0.029	20	98	231	231	212	365	367	175	0.580	0.420
LOKIASV2_1312_ESMFold_hypothetical_protein	AF-C6KSN5-F1-model_v4	AF-C6KSN5-F1-model_v4 Phenylalanyl-tRNA synthetase	6.542E-01	0.029	20	73	226	231	206	434	443	243	0.667	0.517
LOKIASV2_1312_ESMFold_hypothetical_protein	AF-I1KR64-F1-model_v4	AF-I1KR64-F1-model_v4 UPF0020 domain-containing protein	5.096E+00	0.029	20	132	226	231	345	434	483	105	0.411	0.186
LOKIASV2_1312_ESMFold_hypothetical_protein	AF-Q8II69-F1-model_v4	AF-Q8II69-F1-model_v4 rRNA (Cytosine-C(5))-methyltransferase, putative	8.260E+00	0.029	20	141	225	231	406	520	634	115	0.368	0.181
LOKIASV2_1312_ESMFold_hypothetical_protein	AF-A0A1D6MPM7-F1-model_v4	AF-A0A1D6MPM7-F1-model_v4 Protein kinase superfamily protein	3.144E+00	0.029	20	161	231	231	220	297	769	86	0.307	0.101
LOKIASV2_1312_ESMFold_hypothetical_protein	AF-A0A1D6MVP1-F1-model_v4	AF-A0A1D6MVP1-F1-model_v4 Histone acetyltransferase	3.547E+00	0.029	20	71	227	231	748	870	1236	170	0.680	0.100
LOKIASV2_1312_ESMFold_hypothetical_protein	AF-Q9XHY7-F1-model_v4	AF-Q9XHY7-F1-model_v4 Probable histone acetyltransferase HAC-like 3	2.786E+00	0.029	20	71	227	231	786	908	1276	187	0.680	0.096
LOKIASV2_1312_ESMFold_hypothetical_protein	AF-A0A5K4ELU2-F1-model_v4	AF-A0A5K4ELU2-F1-model_v4 Histone acetyltransferase	4.252E+00	0.029	20	71	227	231	722	837	1629	167	0.680	0.071
LOKIASV2_1312_ESMFold_hypothetical_protein	AF-Q2VJ10-F1-model_v4	AF-Q2VJ10-F1-model_v4 Histone acetyltransferase	2.786E+00	0.029	20	71	227	231	1000	1117	2093	169	0.680	0.056
LOKIASV2_1312_ESMFold_hypothetical_protein	AF-A0A077ZD78-F1-model_v4	AF-A0A077ZD78-F1-model_v4 Histone acetyltransferase	1.350E+00	0.029	20	19	226	231	1204	1374	2213	238	0.900	0.077
LOKIASV2_1312_ESMFold_hypothetical_protein	AF-Q6JHU9-F1-model_v4	AF-Q6JHU9-F1-model_v4 Histone lysine acetyltransferase CREBBP	3.144E+00	0.029	20	71	226	231	1394	1507	2442	166	0.675	0.047
LOKIASV2_1312_ESMFold_hypothetical_protein	AF-P51910-F1-model_v4	AF-P51910-F1-model_v4 Apolipoprotein D	2.960E+00	0.024	19	71	231	231	73	175	189	165	0.697	0.545
LOKIASV2_1312_ESMFold_hypothetical_protein	AF-E7F2R8-F1-model_v4	AF-E7F2R8-F1-model_v4 Apolipoprotein D	2.960E+00	0.024	19	68	231	231	68	173	189	170	0.710	0.561
LOKIASV2_1312_ESMFold_hypothetical_protein	AF-K7M9Y0-F1-model_v4	AF-K7M9Y0-F1-model_v4 BHLH domain-containing protein	2.325E+00	0.024	19	98	227	231	88	211	218	142	0.563	0.569
LOKIASV2_1312_ESMFold_hypothetical_protein	AF-I1LZ99-F1-model_v4	AF-I1LZ99-F1-model_v4 Uncharacterized protein	2.188E+00	0.024	19	59	229	231	259	412	412	192	0.740	0.374
LOKIASV2_1312_ESMFold_hypothetical_protein	AF-P41814-F1-model_v4	AF-P41814-F1-model_v4 tRNA (adenine(58)-N(1))-methyltransferase non-catalytic subunit TRM6	1.939E+00	0.024	19	98	231	231	334	474	478	166	0.580	0.295
LOKIASV2_1312_ESMFold_hypothetical_protein	AF-C0NCW0-F1-model_v4	AF-C0NCW0-F1-model_v4 Phenylalanyl-tRNA synthetase	3.800E-01	0.024	19	6	227	231	229	512	524	323	0.961	0.542
LOKIASV2_1312_ESMFold_hypothetical_protein	AF-A0A0K0ERG2-F1-model_v4	AF-A0A0K0ERG2-F1-model_v4 Calpain catalytic domain-containing protein	8.260E+00	0.024	19	71	96	231	585	620	648	38	0.113	0.056
LOKIASV2_1312_ESMFold_hypothetical_protein	AF-Q4AC94-F1-model_v4	AF-Q4AC94-F1-model_v4 C2 domain-containing protein 3	9.320E+00	0.024	19	52	103	231	624	670	2353	52	0.225	0.020
LOKIASV2_1312_ESMFold_hypothetical_protein	AF-P34476-F1-model_v4	AF-P34476-F1-model_v4 Probable DNA-directed RNA polymerases I and III subunit RPAC2	8.260E+00	0.020	18	150	227	231	51	125	144	82	0.338	0.521
LOKIASV2_1312_ESMFold_hypothetical_protein	AF-P0A8B2-F1-model_v4	AF-P0A8B2-F1-model_v4 UPF0115 protein YfcN	8.774E+00	0.020	18	92	214	231	71	181	183	125	0.532	0.607
LOKIASV2_1312_ESMFold_hypothetical_protein	AF-K7M1S9-F1-model_v4	AF-K7M1S9-F1-model_v4 BHLH domain-containing protein	4.516E+00	0.020	18	98	227	231	83	206	208	143	0.563	0.596
LOKIASV2_1312_ESMFold_hypothetical_protein	AF-I1NAC0-F1-model_v4	AF-I1NAC0-F1-model_v4 Uncharacterized protein	2.188E+00	0.020	18	5	229	231	108	412	412	348	0.974	0.740
LOKIASV2_1312_ESMFold_hypothetical_protein	AF-Q55DL1-F1-model_v4	AF-Q55DL1-F1-model_v4 Probable carboxypeptidase S-like 1	3.547E+00	0.020	18	144	229	231	256	352	485	104	0.372	0.200
LOKIASV2_1312_ESMFold_hypothetical_protein	AF-O64850-F1-model_v4	AF-O64850-F1-model_v4 S-adenosyl-L-methionine-dependent methyltransferases superfamily protein	9.320E+00	0.020	18	112	204	231	437	562	565	129	0.403	0.223
LOKIASV2_1312_ESMFold_hypothetical_protein	AF-D3Z980-F1-model_v4	AF-D3Z980-F1-model_v4 Cap-specific mRNA (nucleoside-2'-O-)-methyltransferase 2	8.260E+00	0.020	18	138	227	231	620	709	767	101	0.390	0.117
LOKIASV2_1312_ESMFold_hypothetical_protein	AF-B2RWS6-F1-model_v4	AF-B2RWS6-F1-model_v4 Histone acetyltransferase p300	4.797E+00	0.020	18	71	226	231	1356	1469	2412	167	0.675	0.047
LOKIASV2_1312_ESMFold_hypothetical_protein	AF-Q9VL18-F1-model_v4	AF-Q9VL18-F1-model_v4 Probable elongation factor 1-delta	8.260E+00	0.016	17	138	225	231	139	241	256	108	0.381	0.402
LOKIASV2_1312_ESMFold_hypothetical_protein	AF-I1LMT1-F1-model_v4	AF-I1LMT1-F1-model_v4 BHLH domain-containing protein	3.768E+00	0.016	17	98	227	231	103	251	280	164	0.563	0.532
LOKIASV2_1312_ESMFold_hypothetical_protein	AF-A0A1D6LMT3-F1-model_v4	AF-A0A1D6LMT3-F1-model_v4 Transcription factor bHLH93	2.786E+00	0.016	17	98	231	231	182	316	316	156	0.580	0.427
LOKIASV2_1312_ESMFold_hypothetical_protein	AF-P75937-F1-model_v4	AF-P75937-F1-model_v4 Flagellar hook protein FlgE	5.096E+00	0.016	17	67	97	231	203	244	402	42	0.134	0.104
LOKIASV2_1312_ESMFold_hypothetical_protein	AF-A0A0R0KLJ8-F1-model_v4	AF-A0A0R0KLJ8-F1-model_v4 Uncharacterized protein	3.547E+00	0.016	17	59	229	231	263	412	412	192	0.740	0.364
LOKIASV2_1312_ESMFold_hypothetical_protein	AF-Q9I6G0-F1-model_v4	AF-Q9I6G0-F1-model_v4 L-threonine dehydratase	2.960E+00	0.016	17	92	227	231	332	487	504	170	0.589	0.310
LOKIASV2_1312_ESMFold_hypothetical_protein	AF-Q9I418-F1-model_v4	AF-Q9I418-F1-model_v4 L-threonine dehydratase	4.797E+00	0.016	17	114	227	231	393	498	515	118	0.494	0.206
LOKIASV2_1312_ESMFold_hypothetical_protein	AF-A4I8M0-F1-model_v4	AF-A4I8M0-F1-model_v4 Hypothetical_protein_-_conserved	7.320E+00	0.016	17	37	93	231	419	479	520	63	0.247	0.117
LOKIASV2_1312_ESMFold_hypothetical_protein	AF-A0A0P0W345-F1-model_v4	AF-A0A0P0W345-F1-model_v4 Os03g0729800 protein	2.786E+00	0.016	17	38	227	231	231	469	542	263	0.823	0.441
LOKIASV2_1312_ESMFold_hypothetical_protein	AF-A0A0J9XPE6-F1-model_v4	AF-A0A0J9XPE6-F1-model_v4 Bm8958	2.188E+00	0.016	17	71	224	231	423	560	562	181	0.667	0.246
LOKIASV2_1312_ESMFold_hypothetical_protein	AF-Q4E573-F1-model_v4	AF-Q4E573-F1-model_v4 C2 domain-containing protein	2.469E+00	0.016	17	71	225	231	825	905	934	159	0.671	0.087
LOKIASV2_1312_ESMFold_hypothetical_protein	AF-Q32ET8-F1-model_v4	AF-Q32ET8-F1-model_v4 Flagellar hook protein FlgE	6.891E+00	0.014	16	67	97	231	203	244	402	42	0.134	0.104
LOKIASV2_1312_ESMFold_hypothetical_protein	AF-A0A1D6FBS3-F1-model_v4	AF-A0A1D6FBS3-F1-model_v4 Histidinol-phosphatase	6.108E+00	0.011	15	62	229	231	162	344	344	212	0.727	0.532
LOKIASV2_1312_ESMFold_hypothetical_protein	AF-G5EGN9-F1-model_v4	AF-G5EGN9-F1-model_v4 IPPc domain-containing protein	9.900E+00	0.011	15	146	205	231	128	188	432	70	0.260	0.141
LOKIASV2_1312_ESMFold_hypothetical_protein	AF-I1MLF4-F1-model_v4	AF-I1MLF4-F1-model_v4 Uncharacterized protein	3.339E+00	0.011	15	4	227	231	253	400	445	235	0.970	0.333
LOKIASV2_1312_ESMFold_hypothetical_protein	AF-Q99M01-F1-model_v4	AF-Q99M01-F1-model_v4 Phenylalanine--tRNA ligase, mitochondrial	4.002E+00	0.011	15	73	227	231	274	438	451	197	0.671	0.366
LOKIASV2_1312_ESMFold_hypothetical_protein	AF-G4VLH9-F1-model_v4	AF-G4VLH9-F1-model_v4 HECT-type E3 ubiquitin transferase	6.891E+00	0.011	15	71	155	231	89	180	829	99	0.368	0.111
LOKIASV2_1312_ESMFold_hypothetical_protein	AF-Q583I5-F1-model_v4	AF-Q583I5-F1-model_v4 C2 domain-containing protein	6.891E+00	0.011	15	71	224	231	797	878	906	157	0.667	0.091
LOKIASV2_1312_ESMFold_hypothetical_protein	AF-I1L907-F1-model_v4	AF-I1L907-F1-model_v4 Uncharacterized protein	4.797E+00	0.010	14	59	229	231	258	411	411	200	0.740	0.375
LOKIASV2_1312_ESMFold_hypothetical_protein	AF-Q8C0I1-F1-model_v4	AF-Q8C0I1-F1-model_v4 Alkyldihydroxyacetonephosphate synthase, peroxisomal	6.488E+00	0.010	14	6	226	231	375	589	645	258	0.957	0.333
LOKIASV2_1312_ESMFold_hypothetical_protein	AF-O00116-F1-model_v4	AF-O00116-F1-model_v4 Alkyldihydroxyacetonephosphate synthase, peroxisomal	6.891E+00	0.010	14	6	226	231	388	602	658	255	0.957	0.327
LOKIASV2_1312_ESMFold_hypothetical_protein	AF-K7KUA0-F1-model_v4	AF-K7KUA0-F1-model_v4 Seryl-tRNA synthetase	8.260E+00	0.009	13	5	120	231	9	95	160	119	0.502	0.544
LOKIASV2_1312_ESMFold_hypothetical_protein	AF-D3ZK46-F1-model_v4	AF-D3ZK46-F1-model_v4 Lipocalin 3	6.891E+00	0.009	13	71	227	231	68	157	172	159	0.680	0.523
LOKIASV2_1312_ESMFold_hypothetical_protein	AF-A0A0N4UM23-F1-model_v4	AF-A0A0N4UM23-F1-model_v4 Uncharacterized protein	9.900E+00	0.009	13	71	149	231	245	329	364	91	0.342	0.234
LOKIASV2_1312_ESMFold_hypothetical_protein	AF-Q75IY1-F1-model_v4	AF-Q75IY1-F1-model_v4 ACT domain containing protein, putative, expressed	8.260E+00	0.009	13	4	227	231	261	409	452	231	0.970	0.330
LOKIASV2_1312_ESMFold_hypothetical_protein	AF-Q55BQ5-F1-model_v4	AF-Q55BQ5-F1-model_v4 Uncharacterized protein	5.413E+00	0.009	13	68	226	231	103	200	813	163	0.688	0.121
LOKIASV2_1312_ESMFold_hypothetical_protein	AF-A0A5K4F9U8-F1-model_v4	AF-A0A5K4F9U8-F1-model_v4 Uncharacterized protein	9.900E+00	0.009	13	71	214	231	521	607	906	152	0.623	0.096
LOKIASV2_1312_ESMFold_hypothetical_protein	AF-A0A0N4ULT7-F1-model_v4	AF-A0A0N4ULT7-F1-model_v4 BPI2 domain-containing protein	6.891E+00	0.008	12	71	227	231	181	316	318	179	0.680	0.428
LOKIASV2_1312_ESMFold_hypothetical_protein	AF-F4IIZ8-F1-model_v4	AF-F4IIZ8-F1-model_v4 Calcium-dependent lipid-binding (CaLB domain) family protein	8.774E+00	0.008	12	55	205	231	63	143	367	152	0.654	0.221
LOKIASV2_1312_ESMFold_hypothetical_protein	AF-O80644-F1-model_v4	AF-O80644-F1-model_v4 ACT domain-containing protein ACR9	6.488E+00	0.008	12	39	226	231	192	408	411	256	0.814	0.528
LOKIASV2_1312_ESMFold_hypothetical_protein	AF-F4K3U7-F1-model_v4	AF-F4K3U7-F1-model_v4 Polyketide cyclase/dehydrase/lipid transport superfamily protein	7.776E+00	0.008	12	68	227	231	150	269	486	177	0.693	0.247
LOKIASV2_1312_ESMFold_hypothetical_protein	AF-B4FQX5-F1-model_v4	AF-B4FQX5-F1-model_v4 DUF295 domain-containing protein	9.320E+00	0.007	11	68	212	231	266	400	411	168	0.628	0.328
LOKIASV2_1312_ESMFold_hypothetical_protein	AF-A0A0P0WLI2-F1-model_v4	AF-A0A0P0WLI2-F1-model_v4 Os05g0370300 protein	8.774E+00	0.007	11	69	221	231	95	177	434	161	0.662	0.191
LOKIASV2_1312_ESMFold_hypothetical_protein	AF-A0A3P7FIC8-F1-model_v4	AF-A0A3P7FIC8-F1-model_v4 Protein kinase domain-containing protein	8.260E+00	0.007	11	8	205	231	266	543	795	322	0.857	0.350
LOKIASV2_1312_ESMFold_hypothetical_protein	AF-C0NN00-F1-model_v4	AF-C0NN00-F1-model_v4 DNA repair protein rad50	7.776E+00	0.000	10	13	180	231	188	365	1454	218	0.727	0.122
LOKIASV2_1312_ESMFold_hypothetical_protein	AF-C6SWV3-F1-model_v4	AF-C6SWV3-F1-model_v4 Uncharacterized protein	8.774E+00	0.000	9	38	229	231	23	198	245	231	0.831	0.718
LOKIASV2_1312_ESMFold_hypothetical_protein	AF-A0A0R0JCH2-F1-model_v4	AF-A0A0R0JCH2-F1-model_v4 Uncharacterized protein	8.260E+00	0.000	9	52	205	231	46	208	347	176	0.667	0.470
LOKIASV2_1312_ESMFold_hypothetical_protein	AF-F1LSX1-F1-model_v4	AF-F1LSX1-F1-model_v4 Similar to CG14967-PA	7.776E+00	0.000	9	68	178	231	697	843	2186	162	0.481	0.067
LOKIASV2_1312_ESMFold_hypothetical_protein	AF-A0A0A2VJC8-F1-model_v4	AF-A0A0A2VJC8-F1-model_v4 AAA_23 domain-containing protein	9.900E+00	0.000	8	13	180	231	37	218	1339	223	0.727	0.136
