query	target	qheader	theader	fident	alnlen	mismatch	qstart	qend	tstart	tend	evalue	bits
LOKIASV2_1793_ESMFold_cold-shock_protein	3a0j-assembly2.cif.gz_B	LOKIASV2_1793_ESMFold_cold-shock_protein	3a0j-assembly2.cif.gz_B Crystal structure of cold shock protein 1 from Thermus thermophilus HB8	0.605	74	28	1	74	1	73	4.863E-09	363
LOKIASV2_1793_ESMFold_cold-shock_protein	1hzc-assembly1.cif.gz_B	LOKIASV2_1793_ESMFold_cold-shock_protein	1hzc-assembly1.cif.gz_B BACILLUS CALDOLYTICUS COLD-SHOCK PROTEIN MUTANTS TO STUDY DETERMINANTS OF PROTEIN STABILITY	0.529	68	30	1	68	1	65	2.016E-08	352
LOKIASV2_1793_ESMFold_cold-shock_protein	3i2z-assembly2.cif.gz_B	LOKIASV2_1793_ESMFold_cold-shock_protein	3i2z-assembly2.cif.gz_B Structure of cold shock protein E from Salmonella typhimurium	0.544	68	30	1	68	1	66	3.868E-08	347
LOKIASV2_1793_ESMFold_cold-shock_protein	8h1i-assembly1.cif.gz_B	LOKIASV2_1793_ESMFold_cold-shock_protein	8h1i-assembly1.cif.gz_B Crystal structure of PlyGRCS, a bacteriophage Endolysin in complex with Cold shock protein C	0.567	67	28	2	68	4	68	2.139E-08	345
LOKIASV2_1793_ESMFold_cold-shock_protein	1hza-assembly1.cif.gz_B	LOKIASV2_1793_ESMFold_cold-shock_protein	1hza-assembly1.cif.gz_B BACILLUS CALDOLYTICUS COLD-SHOCK PROTEIN MUTANTS TO STUDY DETERMINANTS OF PROTEIN STABILITY	0.514	70	32	1	70	1	67	2.016E-08	344
LOKIASV2_1793_ESMFold_cold-shock_protein	1hzb-assembly1.cif.gz_B	LOKIASV2_1793_ESMFold_cold-shock_protein	1hzb-assembly1.cif.gz_B BACILLUS CALDOLYTICUS COLD-SHOCK PROTEIN MUTANTS TO STUDY DETERMINANTS OF PROTEIN STABILITY	0.544	68	29	1	68	1	65	4.104E-08	335
LOKIASV2_1793_ESMFold_cold-shock_protein	1c9o-assembly1.cif.gz_B	LOKIASV2_1793_ESMFold_cold-shock_protein	1c9o-assembly1.cif.gz_B CRYSTAL STRUCTURE ANALYSIS OF THE BACILLUS CALDOLYTICUS COLD SHOCK PROTEIN BC-CSP	0.529	68	30	1	68	1	65	2.876E-08	333
LOKIASV2_1793_ESMFold_cold-shock_protein	1i5f-assembly1.cif.gz_B	LOKIASV2_1793_ESMFold_cold-shock_protein	1i5f-assembly1.cif.gz_B BACILLUS CALDOLYTICUS COLD-SHOCK PROTEIN MUTANTS TO STUDY DETERMINANTS OF PROTEIN STABILITY	0.514	68	31	1	68	1	65	4.354E-08	328
LOKIASV2_1793_ESMFold_cold-shock_protein	1hz9-assembly1.cif.gz_A	LOKIASV2_1793_ESMFold_cold-shock_protein	1hz9-assembly1.cif.gz_A BACILLUS CALDOLYTICUS COLD-SHOCK PROTEIN MUTANTS TO STUDY DETERMINANTS OF PROTEIN STABILITY	0.544	68	29	1	68	1	65	6.995E-08	326
LOKIASV2_1793_ESMFold_cold-shock_protein	1c9o-assembly1.cif.gz_A	LOKIASV2_1793_ESMFold_cold-shock_protein	1c9o-assembly1.cif.gz_A CRYSTAL STRUCTURE ANALYSIS OF THE BACILLUS CALDOLYTICUS COLD SHOCK PROTEIN BC-CSP	0.544	68	29	1	68	1	65	9.981E-08	321
LOKIASV2_1793_ESMFold_cold-shock_protein	1mjc-assembly1.cif.gz_A	LOKIASV2_1793_ESMFold_cold-shock_protein	1mjc-assembly1.cif.gz_A CRYSTAL STRUCTURE OF CSPA, THE MAJOR COLD SHOCK PROTEIN OF ESCHERICHIA COLI	0.552	67	29	2	68	4	68	9.407E-08	318
LOKIASV2_1793_ESMFold_cold-shock_protein	2i5l-assembly1.cif.gz_X	LOKIASV2_1793_ESMFold_cold-shock_protein	2i5l-assembly1.cif.gz_X Crystal structure of Bacillus subtilis Cold Shock Protein variant Bs-CspB M1R/E3K/K65I	0.514	70	32	1	70	1	67	1.265E-07	316
LOKIASV2_1793_ESMFold_cold-shock_protein	3pf5-assembly2.cif.gz_B	LOKIASV2_1793_ESMFold_cold-shock_protein	3pf5-assembly2.cif.gz_B Crystal structure of Bs-CspB in complex with rU6	0.514	70	32	1	70	1	67	1.915E-07	313
LOKIASV2_1793_ESMFold_cold-shock_protein	3i2z-assembly3.cif.gz_A	LOKIASV2_1793_ESMFold_cold-shock_protein	3i2z-assembly3.cif.gz_A Structure of cold shock protein E from Salmonella typhimurium	0.552	67	29	2	68	6	70	9.981E-08	313
LOKIASV2_1793_ESMFold_cold-shock_protein	1hz9-assembly1.cif.gz_B	LOKIASV2_1793_ESMFold_cold-shock_protein	1hz9-assembly1.cif.gz_B BACILLUS CALDOLYTICUS COLD-SHOCK PROTEIN MUTANTS TO STUDY DETERMINANTS OF PROTEIN STABILITY	0.529	68	30	1	68	1	65	1.265E-07	311
LOKIASV2_1793_ESMFold_cold-shock_protein	3pf4-assembly1.cif.gz_A	LOKIASV2_1793_ESMFold_cold-shock_protein	3pf4-assembly1.cif.gz_A Crystal structure of Bs-CspB in complex with r(GUCUUUA)	0.544	68	29	1	68	1	65	1.265E-07	310
LOKIASV2_1793_ESMFold_cold-shock_protein	2i5m-assembly1.cif.gz_X	LOKIASV2_1793_ESMFold_cold-shock_protein	2i5m-assembly1.cif.gz_X Crystal structure of Bacillus subtilis cold shock protein CspB variant A46K S48R	0.558	68	28	1	68	1	65	1.701E-07	306
LOKIASV2_1793_ESMFold_cold-shock_protein	2f52-assembly1.cif.gz_A	LOKIASV2_1793_ESMFold_cold-shock_protein	2f52-assembly1.cif.gz_A Solution structure of cold shock protein CspB from Bacillus subtilis in complex with heptathymidine	0.514	70	32	1	70	1	67	9.981E-08	306
LOKIASV2_1793_ESMFold_cold-shock_protein	7f3l-assembly1.cif.gz_A	LOKIASV2_1793_ESMFold_cold-shock_protein	7f3l-assembly1.cif.gz_A Crystal structure of human YBX2 CSD in complex with m5C RNA in space group P62	0.476	65	33	2	66	8	71	3.899E-07	304
LOKIASV2_1793_ESMFold_cold-shock_protein	5o6f-assembly1.cif.gz_A	LOKIASV2_1793_ESMFold_cold-shock_protein	5o6f-assembly1.cif.gz_A NMR structure of cold shock protein A from Corynebacterium pseudotuberculosis	0.512	82	39	1	82	1	80	5.519E-08	295
LOKIASV2_1793_ESMFold_cold-shock_protein	6a6l-assembly1.cif.gz_A	LOKIASV2_1793_ESMFold_cold-shock_protein	6a6l-assembly1.cif.gz_A Crystal structure of the cold shock domain of YB-1 in complex with m5C RNA	0.476	65	34	2	66	8	72	8.423E-07	292
LOKIASV2_1793_ESMFold_cold-shock_protein	6szz-assembly1.cif.gz_A	LOKIASV2_1793_ESMFold_cold-shock_protein	6szz-assembly1.cif.gz_A Crystal structure of Cold Shock Protein B (CspB) containing the modified residue 4-F-Trp	0.514	70	32	1	70	1	66	1.068E-06	282
LOKIASV2_1793_ESMFold_cold-shock_protein	6ktc-assembly1.cif.gz_A	LOKIASV2_1793_ESMFold_cold-shock_protein	6ktc-assembly1.cif.gz_A Crystal structure of YBX1 CSD with m5C RNA	0.476	65	32	2	66	8	70	7.482E-07	281
LOKIASV2_1793_ESMFold_cold-shock_protein	5ytv-assembly1.cif.gz_A	LOKIASV2_1793_ESMFold_cold-shock_protein	5ytv-assembly1.cif.gz_A Crystal structure of YB1 cold-shock domain in complex with UCAUCU	0.476	65	33	2	66	8	71	1.436E-06	280
LOKIASV2_1793_ESMFold_cold-shock_protein	5ytx-assembly1.cif.gz_A	LOKIASV2_1793_ESMFold_cold-shock_protein	5ytx-assembly1.cif.gz_A Crystal structure of YB1 cold-shock domain in complex with UCAACU	0.476	65	32	2	66	8	70	1.931E-06	274
LOKIASV2_1793_ESMFold_cold-shock_protein	7f3j-assembly2.cif.gz_C	LOKIASV2_1793_ESMFold_cold-shock_protein	7f3j-assembly2.cif.gz_C Crystal structure of human YBX2 CSD in complex with m5C RNA in space group P1	0.432	74	40	2	73	6	79	8.423E-07	273
LOKIASV2_1793_ESMFold_cold-shock_protein	6a6j-assembly2.cif.gz_C	LOKIASV2_1793_ESMFold_cold-shock_protein	6a6j-assembly2.cif.gz_C Crystal structure of Zebra fish Y-box protein1 (YB-1) Cold-shock domain in complex with 6mer m5C RNA	0.432	74	40	2	73	7	80	1.275E-06	265
LOKIASV2_1793_ESMFold_cold-shock_protein	6kug-assembly1.cif.gz_A	LOKIASV2_1793_ESMFold_cold-shock_protein	6kug-assembly1.cif.gz_A Crystal structure of YBX1 CSD with RNA	0.476	65	32	2	66	8	69	2.755E-06	261
LOKIASV2_1793_ESMFold_cold-shock_protein	5xv9-assembly1.cif.gz_A	LOKIASV2_1793_ESMFold_cold-shock_protein	5xv9-assembly1.cif.gz_A Solution Structure of Cold Shock Protein from Colwellia psychrerythraea	0.514	68	32	1	68	1	67	8.937E-07	258
LOKIASV2_1793_ESMFold_cold-shock_protein	5jx4-assembly1.cif.gz_A	LOKIASV2_1793_ESMFold_cold-shock_protein	5jx4-assembly1.cif.gz_A Crystal structure of E36-G37del mutant of the Bacillus caldolyticus cold shock protein.	0.515	66	29	1	66	2	62	1.436E-06	254
LOKIASV2_1793_ESMFold_cold-shock_protein	2mo1-assembly1.cif.gz_A	LOKIASV2_1793_ESMFold_cold-shock_protein	2mo1-assembly1.cif.gz_A Backbone 1H, 13C, and 15N Chemical Shift Assignments for cold shock protein, TaCsp with dT7	0.542	68	30	1	68	1	67	3.101E-06	245
LOKIASV2_1793_ESMFold_cold-shock_protein	6lms-assembly1.cif.gz_A	LOKIASV2_1793_ESMFold_cold-shock_protein	6lms-assembly1.cif.gz_A Solution NMR structure cold shock domain of YB1 from Homo sapiens	0.432	74	40	2	73	9	82	4.171E-06	245
LOKIASV2_1793_ESMFold_cold-shock_protein	3aqq-assembly1.cif.gz_C	LOKIASV2_1793_ESMFold_cold-shock_protein	3aqq-assembly1.cif.gz_C Crystal structure of human CRHSP-24	0.328	72	46	2	73	21	89	9.559E-06	244
LOKIASV2_1793_ESMFold_cold-shock_protein	1nmg-assembly1.cif.gz_A	LOKIASV2_1793_ESMFold_cold-shock_protein	1nmg-assembly1.cif.gz_A MAJOR COLD-SHOCK PROTEIN, NMR, MINIMIZED AVERAGE STRUCTURE	0.514	70	32	1	70	1	67	2.173E-06	227
LOKIASV2_1793_ESMFold_cold-shock_protein	3aqq-assembly1.cif.gz_B	LOKIASV2_1793_ESMFold_cold-shock_protein	3aqq-assembly1.cif.gz_B Crystal structure of human CRHSP-24	0.320	72	48	2	73	21	91	4.204E-05	221
LOKIASV2_1793_ESMFold_cold-shock_protein	3aqq-assembly1.cif.gz_D	LOKIASV2_1793_ESMFold_cold-shock_protein	3aqq-assembly1.cif.gz_D Crystal structure of human CRHSP-24	0.324	72	47	2	73	21	90	5.329E-05	219
LOKIASV2_1793_ESMFold_cold-shock_protein	2lxj-assembly1.cif.gz_A	LOKIASV2_1793_ESMFold_cold-shock_protein	2lxj-assembly1.cif.gz_A Backbone 1H, 13C, and 15N Chemical Shift Assignments for cold shock protein, LmCsp with dT7	0.588	68	26	1	68	1	65	1.076E-05	216
LOKIASV2_1793_ESMFold_cold-shock_protein	2lxk-assembly1.cif.gz_A	LOKIASV2_1793_ESMFold_cold-shock_protein	2lxk-assembly1.cif.gz_A Backbone 1H, 13C, and 15N Chemical Shift Assignments for cold shock protein, LmCsp	0.588	68	26	1	68	1	65	4.425E-06	216
LOKIASV2_1793_ESMFold_cold-shock_protein	1h95-assembly1.cif.gz_A	LOKIASV2_1793_ESMFold_cold-shock_protein	1h95-assembly1.cif.gz_A Solution structure of the single-stranded DNA-binding Cold Shock Domain (CSD) of human Y-box protein 1 (YB1) determined by NMR (10 lowest energy structures)	0.449	69	36	2	68	9	77	3.734E-05	186
LOKIASV2_1793_ESMFold_cold-shock_protein	4a76-assembly3.cif.gz_E	LOKIASV2_1793_ESMFold_cold-shock_protein	4a76-assembly3.cif.gz_E The Lin28b Cold shock domain in complex with heptathymidine	0.367	77	45	2	73	7	83	6.365E-05	186
LOKIASV2_1793_ESMFold_cold-shock_protein	4qqb-assembly2.cif.gz_Y	LOKIASV2_1793_ESMFold_cold-shock_protein	4qqb-assembly2.cif.gz_Y Structural basis for the assembly of the SXL-UNR translation regulatory complex	0.253	69	49	2	70	7	72	1.849E-04	184
LOKIASV2_1793_ESMFold_cold-shock_protein	3trz-assembly3.cif.gz_F	LOKIASV2_1793_ESMFold_cold-shock_protein	3trz-assembly3.cif.gz_F Mouse Lin28A in complex with let-7d microRNA pre-element	0.333	73	45	2	69	6	78	1.296E-04	183
LOKIASV2_1793_ESMFold_cold-shock_protein	6y6e-assembly1.cif.gz_A	LOKIASV2_1793_ESMFold_cold-shock_protein	6y6e-assembly1.cif.gz_A drosophila Unr CSD456	0.226	75	50	2	76	89	154	6.365E-05	180
LOKIASV2_1793_ESMFold_cold-shock_protein	2lss-assembly1.cif.gz_A	LOKIASV2_1793_ESMFold_cold-shock_protein	2lss-assembly1.cif.gz_A Solution structure of the R. rickettsii cold shock-like protein	0.408	69	40	1	68	1	69	1.151E-04	176
LOKIASV2_1793_ESMFold_cold-shock_protein	1g6p-assembly1.cif.gz_A	LOKIASV2_1793_ESMFold_cold-shock_protein	1g6p-assembly1.cif.gz_A SOLUTION NMR STRUCTURE OF THE COLD SHOCK PROTEIN FROM THE HYPERTHERMOPHILIC BACTERIUM THERMOTOGA MARITIMA	0.588	68	26	3	70	2	66	1.962E-04	174
LOKIASV2_1793_ESMFold_cold-shock_protein	4a4i-assembly1.cif.gz_A	LOKIASV2_1793_ESMFold_cold-shock_protein	4a4i-assembly1.cif.gz_A Crystal structure of the human Lin28b cold shock domain	0.341	77	47	2	73	4	80	1.642E-04	173
LOKIASV2_1793_ESMFold_cold-shock_protein	3ts2-assembly1.cif.gz_B	LOKIASV2_1793_ESMFold_cold-shock_protein	3ts2-assembly1.cif.gz_B Mouse Lin28A in complex with let-7g microRNA pre-element	0.320	76	48	2	72	7	82	2.487E-04	170
LOKIASV2_1793_ESMFold_cold-shock_protein	5udz-assembly2.cif.gz_B	LOKIASV2_1793_ESMFold_cold-shock_protein	5udz-assembly2.cif.gz_B Human LIN28A in complex with let-7f-1 microRNA pre-element	0.310	85	49	2	73	8	92	3.152E-04	156
LOKIASV2_1793_ESMFold_cold-shock_protein	7zhh-assembly1.cif.gz_A	LOKIASV2_1793_ESMFold_cold-shock_protein	7zhh-assembly1.cif.gz_A Complex structure of drosophila Unr CSD789 and a poly(A) RNA sequence	0.250	69	50	2	70	152	218	1.306E-03	149
LOKIASV2_1793_ESMFold_cold-shock_protein	2mqh-assembly1.cif.gz_A	LOKIASV2_1793_ESMFold_cold-shock_protein	2mqh-assembly1.cif.gz_A Solution structure of the Chlamydomonas reinhardtii NAB1 cold shock domain, CSD1	0.484	65	33	2	66	8	71	3.734E-05	142
LOKIASV2_1793_ESMFold_cold-shock_protein	6y96-assembly1.cif.gz_A	LOKIASV2_1793_ESMFold_cold-shock_protein	6y96-assembly1.cif.gz_A solution structure of cold-shock domain 9 of drosophila Upstream of N-Ras (Unr)	0.243	71	51	2	72	27	94	8.629E-04	138
LOKIASV2_1793_ESMFold_cold-shock_protein	2n49-assembly1.cif.gz_A	LOKIASV2_1793_ESMFold_cold-shock_protein	2n49-assembly1.cif.gz_A EC-NMR Structure of Erwinia carotovora ECA1580 N-terminal Domain Determined by Combining Evolutionary Couplings (EC) and Sparse NMR Data. Northeast Structural Genomics Consortium target EwR156A	0.306	73	48	2	74	3	72	2.799E-04	137
LOKIASV2_1793_ESMFold_cold-shock_protein	2ytx-assembly1.cif.gz_A	LOKIASV2_1793_ESMFold_cold-shock_protein	2ytx-assembly1.cif.gz_A Solution structure of the second cold-shock domain of the human KIAA0885 protein (UNR protein)	0.236	72	50	3	74	20	86	9.156E-04	135
LOKIASV2_1793_ESMFold_cold-shock_protein	2ytv-assembly1.cif.gz_A	LOKIASV2_1793_ESMFold_cold-shock_protein	2ytv-assembly1.cif.gz_A Solution structure of the fifth cold-shock domain of the human KIAA0885 protein (unr protein)	0.263	73	51	2	74	9	78	1.306E-03	129
LOKIASV2_1793_ESMFold_cold-shock_protein	1wfq-assembly1.cif.gz_A	LOKIASV2_1793_ESMFold_cold-shock_protein	1wfq-assembly1.cif.gz_A Solution structure of the first cold-shock domain of the human KIAA0885 protein (UNR protein)	0.226	73	53	2	74	19	88	6.096E-03	129
LOKIASV2_1793_ESMFold_cold-shock_protein	2kcm-assembly1.cif.gz_A	LOKIASV2_1793_ESMFold_cold-shock_protein	2kcm-assembly1.cif.gz_A Solution NMR structure of the N-terminal OB-domain of SO_1732 from Shewanella oneidensis. Northeast Structural Genomics Consortium Target SoR210A.	0.301	72	49	3	74	2	72	3.795E-03	122
LOKIASV2_1793_ESMFold_cold-shock_protein	7zhr-assembly1.cif.gz_A	LOKIASV2_1793_ESMFold_cold-shock_protein	7zhr-assembly1.cif.gz_A Complex structure of drosophila Unr CSD789 and pAbp RRM3	0.222	70	51	2	71	150	216	6.863E-03	120
LOKIASV2_1793_ESMFold_cold-shock_protein	2hax-assembly1.cif.gz_B	LOKIASV2_1793_ESMFold_cold-shock_protein	2hax-assembly1.cif.gz_B Crystal structure of Bacillus caldolyticus cold shock protein in complex with hexathymidine	0.530	66	29	1	66	1	63	2.082E-04	114
LOKIASV2_1793_ESMFold_cold-shock_protein	3cam-assembly1.cif.gz_B	LOKIASV2_1793_ESMFold_cold-shock_protein	3cam-assembly1.cif.gz_B Crystal structure of the cold shock domain protein from Neisseria meningitidis	0.500	68	33	1	68	1	66	2.209E-04	111
LOKIASV2_1793_ESMFold_cold-shock_protein	6y6m-assembly1.cif.gz_A	LOKIASV2_1793_ESMFold_cold-shock_protein	6y6m-assembly1.cif.gz_A solution structure of cold-shock domain 1 and 2 of drosophila Upstream of N-Ras (Unr)	0.260	67	47	2	68	8	71	1.483E-02	106
LOKIASV2_1793_ESMFold_cold-shock_protein	1x65-assembly1.cif.gz_A	LOKIASV2_1793_ESMFold_cold-shock_protein	1x65-assembly1.cif.gz_A Solution structure of the third cold-shock domain of the human KIAA0885 protein (UNR PROTEIN)	0.230	75	52	2	76	9	77	1.879E-02	97
LOKIASV2_1793_ESMFold_cold-shock_protein	2bh8-assembly1.cif.gz_A-2	LOKIASV2_1793_ESMFold_cold-shock_protein	2bh8-assembly1.cif.gz_A-2 Combinatorial Protein 1b11	0.357	83	48	1	76	1	83	1.386E-03	92
LOKIASV2_1793_ESMFold_cold-shock_protein	6d6r-assembly1.cif.gz_G	LOKIASV2_1793_ESMFold_cold-shock_protein	6d6r-assembly1.cif.gz_G Human nuclear exosome-MTR4 RNA complex - composite map after focused reconstruction	0.123	62	53	2	63	79	140	6.521E-02	89
LOKIASV2_1793_ESMFold_cold-shock_protein	5jea-assembly1.cif.gz_G	LOKIASV2_1793_ESMFold_cold-shock_protein	5jea-assembly1.cif.gz_G Structure of a cytoplasmic 11-subunit RNA exosome complex including Ski7, bound to RNA	0.166	64	52	2	64	72	135	8.264E-02	86
LOKIASV2_1793_ESMFold_cold-shock_protein	2ix1-assembly1.cif.gz_A	LOKIASV2_1793_ESMFold_cold-shock_protein	2ix1-assembly1.cif.gz_A RNase II D209N mutant	0.171	70	49	2	71	22	81	8.264E-02	86
LOKIASV2_1793_ESMFold_cold-shock_protein	6y4h-assembly1.cif.gz_A	LOKIASV2_1793_ESMFold_cold-shock_protein	6y4h-assembly1.cif.gz_A Solution structure of cold-shock domain 7 and 8 of drosophila Upstream of N-Ras (Unr)	0.202	75	57	2	76	10	82	2.527E-02	85
LOKIASV2_1793_ESMFold_cold-shock_protein	5k36-assembly1.cif.gz_G	LOKIASV2_1793_ESMFold_cold-shock_protein	5k36-assembly1.cif.gz_G Structure of an eleven component nuclear RNA exosome complex bound to RNA	0.166	64	52	2	64	68	131	1.047E-01	85
LOKIASV2_1793_ESMFold_cold-shock_protein	8c2q-assembly1.cif.gz_A	LOKIASV2_1793_ESMFold_cold-shock_protein	8c2q-assembly1.cif.gz_A Silver ion-bound structure of the silver specific chaperone SilF needed for bacterial silver resistance	0.146	72	58	2	70	28	99	6.521E-02	83
LOKIASV2_1793_ESMFold_cold-shock_protein	2bh8-assembly1.cif.gz_B-2	LOKIASV2_1793_ESMFold_cold-shock_protein	2bh8-assembly1.cif.gz_B-2 Combinatorial Protein 1b11	0.313	81	49	2	74	4	84	1.471E-03	81
LOKIASV2_1793_ESMFold_cold-shock_protein	4oo1-assembly1.cif.gz_H	LOKIASV2_1793_ESMFold_cold-shock_protein	4oo1-assembly1.cif.gz_H Structure of an Rrp6-RNA exosome complex bound to poly(A) RNA	0.157	69	54	2	70	73	137	7.341E-02	81
LOKIASV2_1793_ESMFold_cold-shock_protein	2qcp-assembly1.cif.gz_X	LOKIASV2_1793_ESMFold_cold-shock_protein	2qcp-assembly1.cif.gz_X 1.0 A Structure of CusF-Ag(I) residues 10-88 from Escherichia coli	0.155	71	57	2	70	10	80	1.179E-01	80
LOKIASV2_1793_ESMFold_cold-shock_protein	6h25-assembly1.cif.gz_G	LOKIASV2_1793_ESMFold_cold-shock_protein	6h25-assembly1.cif.gz_G Human nuclear RNA exosome EXO-10-MPP6 complex	0.138	62	53	2	63	70	131	7.789E-02	79
LOKIASV2_1793_ESMFold_cold-shock_protein	2vb3-assembly1.cif.gz_X	LOKIASV2_1793_ESMFold_cold-shock_protein	2vb3-assembly1.cif.gz_X Crystal structure of Ag(I)CusF	0.144	70	57	2	69	6	75	1.251E-01	78
LOKIASV2_1793_ESMFold_cold-shock_protein	3e6z-assembly1.cif.gz_X	LOKIASV2_1793_ESMFold_cold-shock_protein	3e6z-assembly1.cif.gz_X 1.0 A Structure of CusF-W44A-Cu(II) residues 10-88 from Escherichia coli	0.142	71	58	2	70	10	80	1.111E-01	78
LOKIASV2_1793_ESMFold_cold-shock_protein	5okz-assembly1.cif.gz_k	LOKIASV2_1793_ESMFold_cold-shock_protein	5okz-assembly1.cif.gz_k Crystal Strucrure of the Mpp6 Exosome complex	0.176	67	51	2	68	67	129	9.872E-02	76
LOKIASV2_1793_ESMFold_cold-shock_protein	5okz-assembly4.cif.gz_a	LOKIASV2_1793_ESMFold_cold-shock_protein	5okz-assembly4.cif.gz_a Crystal Strucrure of the Mpp6 Exosome complex	0.176	67	51	2	68	64	126	9.872E-02	76
LOKIASV2_1793_ESMFold_cold-shock_protein	1sn8-assembly1.cif.gz_B	LOKIASV2_1793_ESMFold_cold-shock_protein	1sn8-assembly1.cif.gz_B Crystal structure of the S1 domain of RNase E from E. coli (Pb derivative)	0.154	70	53	2	65	4	73	1.495E-01	74
LOKIASV2_1793_ESMFold_cold-shock_protein	8bxj-assembly1.cif.gz_A	LOKIASV2_1793_ESMFold_cold-shock_protein	8bxj-assembly1.cif.gz_A apo structure of the specific silver chaperone needed for bacterial silver resistance	0.146	72	58	2	70	28	99	1.495E-01	74
LOKIASV2_1793_ESMFold_cold-shock_protein	2id0-assembly4.cif.gz_D	LOKIASV2_1793_ESMFold_cold-shock_protein	2id0-assembly4.cif.gz_D Escherichia coli RNase II	0.166	70	49	2	71	18	77	1.894E-01	73
LOKIASV2_1793_ESMFold_cold-shock_protein	5vzj-assembly1.cif.gz_G	LOKIASV2_1793_ESMFold_cold-shock_protein	5vzj-assembly1.cif.gz_G STRUCTURE OF A TWELVE COMPONENT MPP6-NUCLEAR RNA EXOSOME COMPLEX BOUND TO RNA	0.176	67	51	2	68	72	134	1.785E-01	71
LOKIASV2_1793_ESMFold_cold-shock_protein	6g63-assembly1.cif.gz_L	LOKIASV2_1793_ESMFold_cold-shock_protein	6g63-assembly1.cif.gz_L RNase E in complex with sRNA RrpA	0.154	70	53	2	65	42	111	4.342E-01	71
LOKIASV2_1793_ESMFold_cold-shock_protein	7dcy-assembly1.cif.gz_A	LOKIASV2_1793_ESMFold_cold-shock_protein	7dcy-assembly1.cif.gz_A Apo form of Mycoplasma genitalium RNase R	0.240	70	49	3	72	2	66	1.683E-01	71
LOKIASV2_1793_ESMFold_cold-shock_protein	1sn8-assembly1.cif.gz_A	LOKIASV2_1793_ESMFold_cold-shock_protein	1sn8-assembly1.cif.gz_A Crystal structure of the S1 domain of RNase E from E. coli (Pb derivative)	0.129	81	61	2	72	4	84	8.769E-02	69
LOKIASV2_1793_ESMFold_cold-shock_protein	4oo1-assembly1.cif.gz_G	LOKIASV2_1793_ESMFold_cold-shock_protein	4oo1-assembly1.cif.gz_G Structure of an Rrp6-RNA exosome complex bound to poly(A) RNA	0.164	75	61	2	76	63	136	1.047E-01	69
LOKIASV2_1793_ESMFold_cold-shock_protein	4ifd-assembly1.cif.gz_G	LOKIASV2_1793_ESMFold_cold-shock_protein	4ifd-assembly1.cif.gz_G Crystal structure of an 11-subunit eukaryotic exosome complex bound to RNA	0.177	78	58	2	79	72	143	1.047E-01	69
LOKIASV2_1793_ESMFold_cold-shock_protein	1t9h-assembly1.cif.gz_A	LOKIASV2_1793_ESMFold_cold-shock_protein	1t9h-assembly1.cif.gz_A The crystal structure of YloQ, a circularly permuted GTPase.	0.176	66	51	1	66	9	71	1.894E-01	69
LOKIASV2_1793_ESMFold_cold-shock_protein	2ja9-assembly1.cif.gz_A-2	LOKIASV2_1793_ESMFold_cold-shock_protein	2ja9-assembly1.cif.gz_A-2 Structure of the N-terminal deletion of yeast exosome component Rrp40	0.176	67	51	2	68	11	73	2.547E-01	68
LOKIASV2_1793_ESMFold_cold-shock_protein	5okz-assembly2.cif.gz_G	LOKIASV2_1793_ESMFold_cold-shock_protein	5okz-assembly2.cif.gz_G Crystal Strucrure of the Mpp6 Exosome complex	0.181	77	59	2	78	68	140	1.683E-01	68
LOKIASV2_1793_ESMFold_cold-shock_protein	5okz-assembly4.cif.gz_b	LOKIASV2_1793_ESMFold_cold-shock_protein	5okz-assembly4.cif.gz_b Crystal Strucrure of the Mpp6 Exosome complex	0.157	74	55	2	75	62	127	1.495E-01	67
LOKIASV2_1793_ESMFold_cold-shock_protein	3k0x-assembly1.cif.gz_A	LOKIASV2_1793_ESMFold_cold-shock_protein	3k0x-assembly1.cif.gz_A Crystal structure of telomere capping protein Ten1 from Saccharomyces pombe	0.134	66	50	3	68	22	80	2.263E-01	66
LOKIASV2_1793_ESMFold_cold-shock_protein	1u0l-assembly3.cif.gz_C	LOKIASV2_1793_ESMFold_cold-shock_protein	1u0l-assembly3.cif.gz_C Crystal structure of YjeQ from Thermotoga maritima	0.132	65	51	2	66	3	62	1.683E-01	66
LOKIASV2_1793_ESMFold_cold-shock_protein	6od8-assembly1.cif.gz_B	LOKIASV2_1793_ESMFold_cold-shock_protein	6od8-assembly1.cif.gz_B Crystal structure of a putative aspartyl-tRNA synthetase from Leishmania major Friedlin	0.120	88	62	3	74	50	137	6.919E-02	66
LOKIASV2_1793_ESMFold_cold-shock_protein	3nbh-assembly1.cif.gz_B	LOKIASV2_1793_ESMFold_cold-shock_protein	3nbh-assembly1.cif.gz_B Crystal structure of human RMI1C-RMI2 complex	0.157	73	57	3	75	45	113	1.409E-01	65
LOKIASV2_1793_ESMFold_cold-shock_protein	1iz6-assembly3.cif.gz_C	LOKIASV2_1793_ESMFold_cold-shock_protein	1iz6-assembly3.cif.gz_C Crystal Structure of Translation Initiation Factor 5A from Pyrococcus Horikoshii	0.176	66	49	2	67	73	133	2.703E-01	64
LOKIASV2_1793_ESMFold_cold-shock_protein	3go5-assembly1.cif.gz_A	LOKIASV2_1793_ESMFold_cold-shock_protein	3go5-assembly1.cif.gz_A Crystal structure of a multidomain protein with nucleic acid binding domains (sp_0946) from streptococcus pneumoniae tigr4 at 1.40 A resolution	0.153	62	50	2	63	73	132	4.092E-01	63
LOKIASV2_1793_ESMFold_cold-shock_protein	1wyd-assembly1.cif.gz_A	LOKIASV2_1793_ESMFold_cold-shock_protein	1wyd-assembly1.cif.gz_A Crystal Structure of Aspartyl-tRNA synthetase from Sulfolobus tokodaii	0.168	80	60	3	75	22	101	1.409E-01	61
LOKIASV2_1793_ESMFold_cold-shock_protein	4j15-assembly1.cif.gz_A	LOKIASV2_1793_ESMFold_cold-shock_protein	4j15-assembly1.cif.gz_A Crystal structure of human cytosolic aspartyl-tRNA synthetase, a component of multi-tRNA synthetase complex	0.122	87	61	3	73	43	129	1.047E-01	61
LOKIASV2_1793_ESMFold_cold-shock_protein	7syw-assembly1.cif.gz_A	LOKIASV2_1793_ESMFold_cold-shock_protein	7syw-assembly1.cif.gz_A Structure of the wt IRES eIF5B-containing 48S initiation complex, closed conformation. Structure 15(wt)	0.112	71	54	2	72	11	72	3.426E-01	60
LOKIASV2_1793_ESMFold_cold-shock_protein	2cqo-assembly1.cif.gz_A	LOKIASV2_1793_ESMFold_cold-shock_protein	2cqo-assembly1.cif.gz_A Solution structure of the S1 RNA binding domain of human hypothetical protein FLJ11067	0.154	68	55	3	68	27	94	1.251E-01	60
LOKIASV2_1793_ESMFold_cold-shock_protein	1n9w-assembly1.cif.gz_A	LOKIASV2_1793_ESMFold_cold-shock_protein	1n9w-assembly1.cif.gz_A Crystal structure of the non-discriminating and archaeal-type aspartyl-tRNA synthetase from Thermus thermophilus	0.175	73	59	3	75	19	91	1.894E-01	60
LOKIASV2_1793_ESMFold_cold-shock_protein	6o3f-assembly1.cif.gz_B	LOKIASV2_1793_ESMFold_cold-shock_protein	6o3f-assembly1.cif.gz_B Crystal Structure of Lysyl-tRNA Synthetase from Chlamydia trachomatis with complexed with L-lysine and a difluoro cyclohexyl chromone ligand	0.113	88	61	3	72	66	153	3.043E-01	60
LOKIASV2_1793_ESMFold_cold-shock_protein	1go3-assembly2.cif.gz_M	LOKIASV2_1793_ESMFold_cold-shock_protein	1go3-assembly2.cif.gz_M Structure of an archeal homolog of the eukaryotic RNA polymerase II RPB4/RPB7 complex	0.180	57	39	3	50	86	142	3.229E-01	59
LOKIASV2_1793_ESMFold_cold-shock_protein	3rln-assembly1.cif.gz_A	LOKIASV2_1793_ESMFold_cold-shock_protein	3rln-assembly1.cif.gz_A Structural Basis of Cytosolic DNA Recognition by Innate Immune Receptors	0.166	62	51	3	64	116	177	1.328E-01	59
LOKIASV2_1793_ESMFold_cold-shock_protein	6htj-assembly1.cif.gz_B	LOKIASV2_1793_ESMFold_cold-shock_protein	6htj-assembly1.cif.gz_B Crystal structure of the translation recovery factor Trf from Sulfolobus solfataricus	0.155	69	56	2	70	52	118	8.769E-02	58
LOKIASV2_1793_ESMFold_cold-shock_protein	8d0k-assembly1.cif.gz_C	LOKIASV2_1793_ESMFold_cold-shock_protein	8d0k-assembly1.cif.gz_C Human CST-DNA polymerase alpha/primase preinitiation complex bound to 4xTEL-foldback template - PRIM2C advanced PIC	0.162	75	60	3	75	27	101	1.409E-01	58
LOKIASV2_1793_ESMFold_cold-shock_protein	7wtl-assembly1.cif.gz_SX	LOKIASV2_1793_ESMFold_cold-shock_protein	7wtl-assembly1.cif.gz_SX Cryo-EM structure of a yeast pre-40S ribosomal subunit - State Dis-D	0.161	62	44	2	63	48	101	4.092E-01	58
LOKIASV2_1793_ESMFold_cold-shock_protein	8c5y-assembly1.cif.gz_B	LOKIASV2_1793_ESMFold_cold-shock_protein	8c5y-assembly1.cif.gz_B RPA tetrameric supercomplex from Pyrococcus abyssi	0.184	73	55	3	70	45	117	7.341E-02	58
LOKIASV2_1793_ESMFold_cold-shock_protein	3m9d-assembly1.cif.gz_C	LOKIASV2_1793_ESMFold_cold-shock_protein	3m9d-assembly1.cif.gz_C Crystal structure of the prokaryotic ubiquintin-like protein Pup complexed with the hexameric proteasomal ATPase Mpa which includes the amino terminal coiled coil domain and the inter domain	0.127	77	64	1	74	108	184	1.047E-01	58
LOKIASV2_1793_ESMFold_cold-shock_protein	6hhx-assembly1.cif.gz_B	LOKIASV2_1793_ESMFold_cold-shock_protein	6hhx-assembly1.cif.gz_B Structure of T. thermophilus AspRS in Complex with 5'-O-(N-(L-aspartyl)-sulfamoyl)cytidine	0.146	86	62	3	76	23	108	3.043E-01	58
LOKIASV2_1793_ESMFold_cold-shock_protein	3kf8-assembly1.cif.gz_B	LOKIASV2_1793_ESMFold_cold-shock_protein	3kf8-assembly1.cif.gz_B Crystal structure of C. tropicalis Stn1-ten1 complex	0.086	72	61	3	70	28	99	3.426E-01	57
LOKIASV2_1793_ESMFold_cold-shock_protein	3qr8-assembly1.cif.gz_A	LOKIASV2_1793_ESMFold_cold-shock_protein	3qr8-assembly1.cif.gz_A Crystal structure of the bacteriophage P2 membrane-piercing protein gpV	0.113	74	61	2	75	13	82	2.263E-01	57
LOKIASV2_1793_ESMFold_cold-shock_protein	1go3-assembly1.cif.gz_E	LOKIASV2_1793_ESMFold_cold-shock_protein	1go3-assembly1.cif.gz_E Structure of an archeal homolog of the eukaryotic RNA polymerase II RPB4/RPB7 complex	0.156	77	60	2	73	85	161	1.683E-01	57
LOKIASV2_1793_ESMFold_cold-shock_protein	6iy6-assembly1.cif.gz_A	LOKIASV2_1793_ESMFold_cold-shock_protein	6iy6-assembly1.cif.gz_A Crystal structure of human cytosolic aspartyl-tRNA synthetase (DRS) in complex with glutathion-S transferase (GST) domains from Aminoacyl tRNA synthase complex-interacting multifunctional protein 2 (AIMP2) and glutamyl-prolyl-tRNA synthetase (EPRS)	0.150	97	68	3	83	41	137	1.409E-01	57
LOKIASV2_1793_ESMFold_cold-shock_protein	7am1-assembly1.cif.gz_A	LOKIASV2_1793_ESMFold_cold-shock_protein	7am1-assembly1.cif.gz_A Structure of yeast Ssd1, a pseudonuclease	0.181	54	39	2	55	25	73	4.342E-01	57
LOKIASV2_1793_ESMFold_cold-shock_protein	6ywy-assembly1.cif.gz_QQ	LOKIASV2_1793_ESMFold_cold-shock_protein	6ywy-assembly1.cif.gz_QQ The structure of the mitoribosome from Neurospora crassa with bound tRNA at the P-site	0.126	79	62	2	73	14	92	1.785E-01	56
LOKIASV2_1793_ESMFold_cold-shock_protein	6iy6-assembly2.cif.gz_H	LOKIASV2_1793_ESMFold_cold-shock_protein	6iy6-assembly2.cif.gz_H Crystal structure of human cytosolic aspartyl-tRNA synthetase (DRS) in complex with glutathion-S transferase (GST) domains from Aminoacyl tRNA synthase complex-interacting multifunctional protein 2 (AIMP2) and glutamyl-prolyl-tRNA synthetase (EPRS)	0.150	97	68	3	83	41	137	1.586E-01	56
LOKIASV2_1793_ESMFold_cold-shock_protein	6iy6-assembly1.cif.gz_B	LOKIASV2_1793_ESMFold_cold-shock_protein	6iy6-assembly1.cif.gz_B Crystal structure of human cytosolic aspartyl-tRNA synthetase (DRS) in complex with glutathion-S transferase (GST) domains from Aminoacyl tRNA synthase complex-interacting multifunctional protein 2 (AIMP2) and glutamyl-prolyl-tRNA synthetase (EPRS)	0.150	97	68	3	83	41	137	1.495E-01	56
LOKIASV2_1793_ESMFold_cold-shock_protein	4day-assembly1.cif.gz_B	LOKIASV2_1793_ESMFold_cold-shock_protein	4day-assembly1.cif.gz_B Crystal structure of the RMI core complex with MM2 peptide from FANCM	0.157	67	50	3	69	27	86	2.401E-01	55
LOKIASV2_1793_ESMFold_cold-shock_protein	5yzw-assembly1.cif.gz_A	LOKIASV2_1793_ESMFold_cold-shock_protein	5yzw-assembly1.cif.gz_A Crystal structure of p204 HINb domain	0.192	70	53	3	68	121	190	1.409E-01	55
LOKIASV2_1793_ESMFold_cold-shock_protein	4rvz-assembly1.cif.gz_Z	LOKIASV2_1793_ESMFold_cold-shock_protein	4rvz-assembly1.cif.gz_Z Crystal structure of tRNA fluorescent labeling enzyme	0.151	73	59	3	72	270	342	4.092E-01	55
LOKIASV2_1793_ESMFold_cold-shock_protein	1wyd-assembly1.cif.gz_B	LOKIASV2_1793_ESMFold_cold-shock_protein	1wyd-assembly1.cif.gz_B Crystal Structure of Aspartyl-tRNA synthetase from Sulfolobus tokodaii	0.180	80	59	3	75	22	101	2.703E-01	55
LOKIASV2_1793_ESMFold_cold-shock_protein	5c0x-assembly1.cif.gz_J	LOKIASV2_1793_ESMFold_cold-shock_protein	5c0x-assembly1.cif.gz_J Structure of a 12-subunit nuclear exosome complex bound to structured RNA	0.118	93	64	2	74	252	344	1.338E+00	54
LOKIASV2_1793_ESMFold_cold-shock_protein	1k0r-assembly2.cif.gz_B	LOKIASV2_1793_ESMFold_cold-shock_protein	1k0r-assembly2.cif.gz_B Crystal Structure of Mycobacterium tuberculosis NusA	0.108	67	59	2	68	112	178	1.409E-01	53
LOKIASV2_1793_ESMFold_cold-shock_protein	5m32-assembly1.cif.gz_f	LOKIASV2_1793_ESMFold_cold-shock_protein	5m32-assembly1.cif.gz_f Human 26S proteasome in complex with Oprozomib	0.123	73	50	2	74	25	82	4.092E-01	53
LOKIASV2_1793_ESMFold_cold-shock_protein	6od8-assembly1.cif.gz_A	LOKIASV2_1793_ESMFold_cold-shock_protein	6od8-assembly1.cif.gz_A Crystal structure of a putative aspartyl-tRNA synthetase from Leishmania major Friedlin	0.101	86	62	3	72	46	131	1.586E-01	53
LOKIASV2_1793_ESMFold_cold-shock_protein	6sjc-assembly1.cif.gz_A	LOKIASV2_1793_ESMFold_cold-shock_protein	6sjc-assembly1.cif.gz_A Structure of T. thermophilus AspRS in Complex with 5'-O-(N-(L-aspartyl)-sulfamoyl)adenosine	0.123	86	64	3	76	23	108	3.635E-01	53
LOKIASV2_1793_ESMFold_cold-shock_protein	2eqs-assembly1.cif.gz_A	LOKIASV2_1793_ESMFold_cold-shock_protein	2eqs-assembly1.cif.gz_A Solution structure of the S1 RNA binding domain of human ATP-dependent RNA helicase DHX8	0.184	68	54	2	68	16	83	3.426E-01	52
LOKIASV2_1793_ESMFold_cold-shock_protein	3jam-assembly1.cif.gz_X	LOKIASV2_1793_ESMFold_cold-shock_protein	3jam-assembly1.cif.gz_X CryoEM structure of 40S-eIF1A-eIF1 complex from yeast	0.142	78	58	2	70	48	125	2.868E-01	52
LOKIASV2_1793_ESMFold_cold-shock_protein	6ybv-assembly1.cif.gz_r	LOKIASV2_1793_ESMFold_cold-shock_protein	6ybv-assembly1.cif.gz_r Structure of a human 48S translational initiation complex - eIF2-TC	0.088	74	66	2	75	17	89	2.010E-01	52
LOKIASV2_1793_ESMFold_cold-shock_protein	2xgt-assembly1.cif.gz_A	LOKIASV2_1793_ESMFold_cold-shock_protein	2xgt-assembly1.cif.gz_A Asparaginyl-tRNA synthetase from Brugia malayi complexed with the sulphamoyl analogue of asparaginyl-adenylate	0.162	76	59	3	73	17	92	4.342E-01	52
LOKIASV2_1793_ESMFold_cold-shock_protein	3i7f-assembly1.cif.gz_B	LOKIASV2_1793_ESMFold_cold-shock_protein	3i7f-assembly1.cif.gz_B Aspartyl tRNA synthetase from Entamoeba histolytica	0.108	89	64	3	75	55	143	2.401E-01	52
LOKIASV2_1793_ESMFold_cold-shock_protein	5xgu-assembly1.cif.gz_A	LOKIASV2_1793_ESMFold_cold-shock_protein	5xgu-assembly1.cif.gz_A Escherichia coli. RNase R	0.151	74	57	2	75	60	127	7.400E-01	52
LOKIASV2_1793_ESMFold_cold-shock_protein	4nnh-assembly2.cif.gz_B	LOKIASV2_1793_ESMFold_cold-shock_protein	4nnh-assembly2.cif.gz_B Structural basis for targeting the ribosomal protein S1 of Mycobacterium tuberculosis by pyrazinamide	0.157	70	52	2	71	20	82	3.635E-01	51
LOKIASV2_1793_ESMFold_cold-shock_protein	6agt-assembly2.cif.gz_C	LOKIASV2_1793_ESMFold_cold-shock_protein	6agt-assembly2.cif.gz_C Crystal structure of PfKRS complexed with chromone inhibitor	0.207	75	53	3	70	58	132	2.868E-01	51
LOKIASV2_1793_ESMFold_cold-shock_protein	4wj3-assembly2.cif.gz_O	LOKIASV2_1793_ESMFold_cold-shock_protein	4wj3-assembly2.cif.gz_O Crystal structure of the asparagine transamidosome from Pseudomonas aeruginosa	0.204	89	58	3	76	21	109	2.868E-01	51
LOKIASV2_1793_ESMFold_cold-shock_protein	4jbj-assembly1.cif.gz_A	LOKIASV2_1793_ESMFold_cold-shock_protein	4jbj-assembly1.cif.gz_A Structural mimicry for functional antagonism	0.108	70	60	3	70	129	198	5.503E-01	50
LOKIASV2_1793_ESMFold_cold-shock_protein	5lm9-assembly1.cif.gz_A	LOKIASV2_1793_ESMFold_cold-shock_protein	5lm9-assembly1.cif.gz_A Structure of E. coli NusA	0.126	71	55	3	73	38	101	8.331E-01	50
LOKIASV2_1793_ESMFold_cold-shock_protein	3amt-assembly1.cif.gz_A	LOKIASV2_1793_ESMFold_cold-shock_protein	3amt-assembly1.cif.gz_A Crystal structure of the TiaS-tRNA(Ile2)-ATP complex	0.148	74	60	2	72	270	343	7.852E-01	50
LOKIASV2_1793_ESMFold_cold-shock_protein	3i7f-assembly1.cif.gz_A	LOKIASV2_1793_ESMFold_cold-shock_protein	3i7f-assembly1.cif.gz_A Aspartyl tRNA synthetase from Entamoeba histolytica	0.108	89	64	3	75	55	143	3.426E-01	50
LOKIASV2_1793_ESMFold_cold-shock_protein	8e29-assembly1.cif.gz_A	LOKIASV2_1793_ESMFold_cold-shock_protein	8e29-assembly1.cif.gz_A Human Dis3L2 in complex with hairpin C-U12	0.169	64	47	3	66	22	79	8.331E-01	50
LOKIASV2_1793_ESMFold_cold-shock_protein	2z6k-assembly1.cif.gz_A	LOKIASV2_1793_ESMFold_cold-shock_protein	2z6k-assembly1.cif.gz_A Crystal structure of full-length human RPA14/32 heterodimer	0.125	68	58	3	70	36	102	6.195E-01	49
LOKIASV2_1793_ESMFold_cold-shock_protein	3fp9-assembly2.cif.gz_E	LOKIASV2_1793_ESMFold_cold-shock_protein	3fp9-assembly2.cif.gz_E Crystal structure of Intern Domain of proteasome-associated ATPase, Mycobacterium tuberculosis	0.160	75	48	2	76	63	120	4.888E-01	49
LOKIASV2_1793_ESMFold_cold-shock_protein	4bts-assembly1.cif.gz_BL	LOKIASV2_1793_ESMFold_cold-shock_protein	4bts-assembly1.cif.gz_BL THE CRYSTAL STRUCTURE OF THE EUKARYOTIC 40S RIBOSOMAL SUBUNIT IN COMPLEX WITH EIF1 AND EIF1A	0.120	76	58	2	68	47	122	5.839E-01	49
LOKIASV2_1793_ESMFold_cold-shock_protein	7pkq-assembly1.cif.gz_q	LOKIASV2_1793_ESMFold_cold-shock_protein	7pkq-assembly1.cif.gz_q Small subunit of the Chlamydomonas reinhardtii mitoribosome	0.119	81	65	1	75	1	81	1.179E-01	49
LOKIASV2_1793_ESMFold_cold-shock_protein	3k6o-assembly2.cif.gz_B	LOKIASV2_1793_ESMFold_cold-shock_protein	3k6o-assembly2.cif.gz_B Crystal structure of protein of unknown function DUF1344 (YP_001299214.1) from Bacteroides vulgatus ATCC 8482 at 2.00 A resolution	0.119	67	52	2	68	5	64	3.229E-01	49
LOKIASV2_1793_ESMFold_cold-shock_protein	7yny-assembly1.cif.gz_B	LOKIASV2_1793_ESMFold_cold-shock_protein	7yny-assembly1.cif.gz_B Crystal structure of baculovirus LEF-3 from Helicoverpa armigera nucleopolyhedrovirus	0.115	72	62	2	73	7	77	7.400E-01	49
LOKIASV2_1793_ESMFold_cold-shock_protein	3amu-assembly1.cif.gz_A	LOKIASV2_1793_ESMFold_cold-shock_protein	3amu-assembly1.cif.gz_A Crystal structure of the TiaS-tRNA(Ile2)-AMPCPP-agmatine complex	0.148	74	60	2	72	265	338	8.331E-01	49
LOKIASV2_1793_ESMFold_cold-shock_protein	6l3y-assembly1.cif.gz_A	LOKIASV2_1793_ESMFold_cold-shock_protein	6l3y-assembly1.cif.gz_A Crystal Structure of Lysyl-tRNA Synthetase from Plasmodium falciparum complexed with L-lysine and Clado-C	0.194	75	54	3	70	57	131	3.229E-01	49
LOKIASV2_1793_ESMFold_cold-shock_protein	6kab-assembly1.cif.gz_B	LOKIASV2_1793_ESMFold_cold-shock_protein	6kab-assembly1.cif.gz_B Crystal structure of plasmodium lysyl-tRNA synthetase in complex with a cladosporin derivative 2	0.186	71	53	3	68	58	128	4.092E-01	49
LOKIASV2_1793_ESMFold_cold-shock_protein	4q7j-assembly1.cif.gz_D	LOKIASV2_1793_ESMFold_cold-shock_protein	4q7j-assembly1.cif.gz_D Complex structure of viral RNA polymerase	0.191	71	52	2	72	106	170	4.607E-01	48
LOKIASV2_1793_ESMFold_cold-shock_protein	5mpc-assembly1.cif.gz_I	LOKIASV2_1793_ESMFold_cold-shock_protein	5mpc-assembly1.cif.gz_I 26S proteasome in presence of BeFx (s4)	0.125	72	49	2	73	53	109	5.839E-01	48
LOKIASV2_1793_ESMFold_cold-shock_protein	6hcu-assembly1.cif.gz_B	LOKIASV2_1793_ESMFold_cold-shock_protein	6hcu-assembly1.cif.gz_B Crystal Structure of Lysyl-tRNA Synthetase from Plasmodium falciparum bound to a difluoro cyclohexyl chromone ligand	0.223	73	52	3	70	59	131	3.635E-01	48
LOKIASV2_1793_ESMFold_cold-shock_protein	8e28-assembly1.cif.gz_A	LOKIASV2_1793_ESMFold_cold-shock_protein	8e28-assembly1.cif.gz_A Human Dis3L2 in complex with hairpin A-GCU14	0.156	64	48	3	66	22	79	6.975E-01	48
LOKIASV2_1793_ESMFold_cold-shock_protein	7am1-assembly2.cif.gz_B	LOKIASV2_1793_ESMFold_cold-shock_protein	7am1-assembly2.cif.gz_B Structure of yeast Ssd1, a pseudonuclease	0.181	54	39	2	55	23	71	7.852E-01	48
LOKIASV2_1793_ESMFold_cold-shock_protein	7ur8-assembly1.cif.gz_A	LOKIASV2_1793_ESMFold_cold-shock_protein	7ur8-assembly1.cif.gz_A 170_h_ob, a small beta-barrel de novo designed protein	0.123	73	52	2	74	6	65	5.503E-01	47
LOKIASV2_1793_ESMFold_cold-shock_protein	8a22-assembly1.cif.gz_Bq	LOKIASV2_1793_ESMFold_cold-shock_protein	8a22-assembly1.cif.gz_Bq Structure of the mitochondrial ribosome from Polytomella magna	0.159	77	61	2	74	5	81	3.635E-01	47
LOKIASV2_1793_ESMFold_cold-shock_protein	2atw-assembly1.cif.gz_A	LOKIASV2_1793_ESMFold_cold-shock_protein	2atw-assembly1.cif.gz_A Structure of a Mycobacterium tuberculosis NusA-RNA complex	0.094	67	60	2	68	9	75	2.263E-01	47
LOKIASV2_1793_ESMFold_cold-shock_protein	3rnu-assembly1.cif.gz_D	LOKIASV2_1793_ESMFold_cold-shock_protein	3rnu-assembly1.cif.gz_D Structural Basis of Cytosolic DNA Sensing by Innate Immune Receptors	0.156	79	60	3	74	119	197	4.342E-01	46
LOKIASV2_1793_ESMFold_cold-shock_protein	3q8d-assembly1.cif.gz_A	LOKIASV2_1793_ESMFold_cold-shock_protein	3q8d-assembly1.cif.gz_A E. coli RecO complex with SSB C-terminus	0.076	75	66	2	73	4	78	1.696E+00	46
LOKIASV2_1793_ESMFold_cold-shock_protein	6kct-assembly2.cif.gz_C	LOKIASV2_1793_ESMFold_cold-shock_protein	6kct-assembly2.cif.gz_C Crystal structure of plasmodium lysyl-tRNA synthetase in complex with a cladosporin derivative 5	0.210	75	53	3	70	59	133	5.839E-01	46
LOKIASV2_1793_ESMFold_cold-shock_protein	6hhx-assembly1.cif.gz_A	LOKIASV2_1793_ESMFold_cold-shock_protein	6hhx-assembly1.cif.gz_A Structure of T. thermophilus AspRS in Complex with 5'-O-(N-(L-aspartyl)-sulfamoyl)cytidine	0.123	86	64	3	76	23	108	8.840E-01	46
LOKIASV2_1793_ESMFold_cold-shock_protein	6ok1-assembly1.cif.gz_D	LOKIASV2_1793_ESMFold_cold-shock_protein	6ok1-assembly1.cif.gz_D Ltp2-ChsH2(DUF35) aldolase	0.098	74	61	2	70	54	127	5.839E-01	45
LOKIASV2_1793_ESMFold_cold-shock_protein	7yfz-assembly1.cif.gz_y	LOKIASV2_1793_ESMFold_cold-shock_protein	7yfz-assembly1.cif.gz_y Cyanophage Pam3 baseplate proteins	0.094	100	64	2	73	31	130	1.189E+00	45
LOKIASV2_1793_ESMFold_cold-shock_protein	6wbd-assembly1.cif.gz_B	LOKIASV2_1793_ESMFold_cold-shock_protein	6wbd-assembly1.cif.gz_B Crystal Structure of Lysyl-tRNA synthetase from Stenotrophomonas maltophilia with bound L-lysine	0.100	66	59	3	68	61	126	4.607E-01	45
LOKIASV2_1793_ESMFold_cold-shock_protein	5w25-assembly3.cif.gz_B	LOKIASV2_1793_ESMFold_cold-shock_protein	5w25-assembly3.cif.gz_B Crystal structure of Aspartyl-tRNA synthetase from Mycobacterium tuberculosis complexed with L-Aspartic Acid	0.182	90	59	3	75	23	112	6.975E-01	45
LOKIASV2_1793_ESMFold_cold-shock_protein	2ix0-assembly1.cif.gz_A	LOKIASV2_1793_ESMFold_cold-shock_protein	2ix0-assembly1.cif.gz_A RNase II	0.146	72	49	2	73	19	76	1.800E+00	45
LOKIASV2_1793_ESMFold_cold-shock_protein	6m0t-assembly2.cif.gz_C	LOKIASV2_1793_ESMFold_cold-shock_protein	6m0t-assembly2.cif.gz_C Crystal Structure of Lysyl-tRNA Synthetase from Plasmodium falciparum complexed with L-lysine and Cladosporin derivative (CL-2)	0.184	74	55	3	70	57	130	5.839E-01	44
LOKIASV2_1793_ESMFold_cold-shock_protein	6ka6-assembly2.cif.gz_D	LOKIASV2_1793_ESMFold_cold-shock_protein	6ka6-assembly2.cif.gz_D Crystal structure of plasmodium lysyl-tRNA synthetase in complex with a cladosporin derivative 1	0.186	71	53	3	68	58	128	7.852E-01	44
LOKIASV2_1793_ESMFold_cold-shock_protein	6wom-assembly1.cif.gz_B	LOKIASV2_1793_ESMFold_cold-shock_protein	6wom-assembly1.cif.gz_B Crystal structure of Aspartyl-tRNA ligase from Elizabethkingia sp.	0.131	89	63	3	76	23	111	3.426E-01	44
LOKIASV2_1793_ESMFold_cold-shock_protein	3q6c-assembly15.cif.gz_P	LOKIASV2_1793_ESMFold_cold-shock_protein	3q6c-assembly15.cif.gz_P X-ray crystal structure of duf2500 (pf10694) from klebsiella pneumoniae, northeast structural genomics consortium target kpr96	0.113	74	54	2	75	4	65	9.952E-01	43
LOKIASV2_1793_ESMFold_cold-shock_protein	2pqa-assembly1.cif.gz_A	LOKIASV2_1793_ESMFold_cold-shock_protein	2pqa-assembly1.cif.gz_A Crystal Structure of Full-length Human RPA 14/32 Heterodimer	0.111	68	58	3	70	36	101	6.975E-01	43
LOKIASV2_1793_ESMFold_cold-shock_protein	3b6y-assembly2.cif.gz_B	LOKIASV2_1793_ESMFold_cold-shock_protein	3b6y-assembly2.cif.gz_B Crystal Structure of the Second HIN-200 Domain of Interferon-Inducible Protein 16	0.260	62	44	3	64	114	174	6.975E-01	43
LOKIASV2_1793_ESMFold_cold-shock_protein	5kzf-assembly2.cif.gz_I	LOKIASV2_1793_ESMFold_cold-shock_protein	5kzf-assembly2.cif.gz_I Crystal structure of near full-length hexameric Mycobacterium tuberculosis proteasomal ATPase Mpa in apo form	0.135	74	61	2	75	64	135	7.400E-01	43
LOKIASV2_1793_ESMFold_cold-shock_protein	6wbd-assembly1.cif.gz_A	LOKIASV2_1793_ESMFold_cold-shock_protein	6wbd-assembly1.cif.gz_A Crystal Structure of Lysyl-tRNA synthetase from Stenotrophomonas maltophilia with bound L-lysine	0.136	66	56	3	68	61	126	3.857E-01	43
LOKIASV2_1793_ESMFold_cold-shock_protein	4pg3-assembly2.cif.gz_C	LOKIASV2_1793_ESMFold_cold-shock_protein	4pg3-assembly2.cif.gz_C Crystal structure of KRS complexed with inhibitor	0.190	82	57	3	73	57	138	7.852E-01	43
LOKIASV2_1793_ESMFold_cold-shock_protein	2wfw-assembly1.cif.gz_B-2	LOKIASV2_1793_ESMFold_cold-shock_protein	2wfw-assembly1.cif.gz_B-2 Structure and activity of the N-terminal substrate recognition domains in proteasomal ATPases - The Arc domain structure	0.141	75	53	1	75	62	124	6.573E-01	42
LOKIASV2_1793_ESMFold_cold-shock_protein	2pqa-assembly2.cif.gz_C	LOKIASV2_1793_ESMFold_cold-shock_protein	2pqa-assembly2.cif.gz_C Crystal Structure of Full-length Human RPA 14/32 Heterodimer	0.080	69	62	3	70	34	102	9.952E-01	42
LOKIASV2_1793_ESMFold_cold-shock_protein	4l5t-assembly3.cif.gz_D	LOKIASV2_1793_ESMFold_cold-shock_protein	4l5t-assembly3.cif.gz_D Crystal structure of the tetrameric p202 HIN2	0.115	72	59	3	70	112	183	1.800E+00	42
LOKIASV2_1793_ESMFold_cold-shock_protein	5xix-assembly2.cif.gz_B	LOKIASV2_1793_ESMFold_cold-shock_protein	5xix-assembly2.cif.gz_B The canonical domain of human asparaginyl-tRNA synthetase	0.126	82	61	3	73	21	102	6.573E-01	42
LOKIASV2_1793_ESMFold_cold-shock_protein	7pxd-assembly1.cif.gz_D	LOKIASV2_1793_ESMFold_cold-shock_protein	7pxd-assembly1.cif.gz_D Substrate-engaged mycobacterial Proteasome-associated ATPase in complex with open-gate 20S CP - composite map (state B)	0.118	73	51	2	74	64	122	6.195E-01	42
LOKIASV2_1793_ESMFold_cold-shock_protein	5kzf-assembly2.cif.gz_G	LOKIASV2_1793_ESMFold_cold-shock_protein	5kzf-assembly2.cif.gz_G Crystal structure of near full-length hexameric Mycobacterium tuberculosis proteasomal ATPase Mpa in apo form	0.129	77	51	2	78	64	123	1.507E+00	42
LOKIASV2_1793_ESMFold_cold-shock_protein	8e2a-assembly1.cif.gz_A	LOKIASV2_1793_ESMFold_cold-shock_protein	8e2a-assembly1.cif.gz_A Human Dis3L2 in complex with hairpin D-U7	0.105	74	64	2	75	83	154	1.189E+00	42
LOKIASV2_1793_ESMFold_cold-shock_protein	2mfl-assembly1.cif.gz_A	LOKIASV2_1793_ESMFold_cold-shock_protein	2mfl-assembly1.cif.gz_A Domain 2 of E. coli ribosomal protein S1	0.171	69	51	2	70	22	84	1.507E+00	41
LOKIASV2_1793_ESMFold_cold-shock_protein	3fp9-assembly1.cif.gz_B	LOKIASV2_1793_ESMFold_cold-shock_protein	3fp9-assembly1.cif.gz_B Crystal structure of Intern Domain of proteasome-associated ATPase, Mycobacterium tuberculosis	0.128	74	58	1	74	62	129	8.331E-01	41
LOKIASV2_1793_ESMFold_cold-shock_protein	7ypo-assembly1.cif.gz_A	LOKIASV2_1793_ESMFold_cold-shock_protein	7ypo-assembly1.cif.gz_A Cryo-EM structure of baculovirus LEF-3 in complex with ssDNA	0.118	72	62	2	73	6	76	1.338E+00	41
LOKIASV2_1793_ESMFold_cold-shock_protein	6m0t-assembly1.cif.gz_A	LOKIASV2_1793_ESMFold_cold-shock_protein	6m0t-assembly1.cif.gz_A Crystal Structure of Lysyl-tRNA Synthetase from Plasmodium falciparum complexed with L-lysine and Cladosporin derivative (CL-2)	0.193	96	65	3	83	57	152	9.379E-01	41
LOKIASV2_1793_ESMFold_cold-shock_protein	7d5s-assembly1.cif.gz_SY	LOKIASV2_1793_ESMFold_cold-shock_protein	7d5s-assembly1.cif.gz_SY Cryo-EM structure of 90S preribosome with inactive Utp24 (state A2)	0.152	78	58	2	70	8	85	8.840E-01	40
LOKIASV2_1793_ESMFold_cold-shock_protein	5gro-assembly1.cif.gz_B	LOKIASV2_1793_ESMFold_cold-shock_protein	5gro-assembly1.cif.gz_B Crystal structure of the N-terminal anticodon-binding domain of non-discriminating aspartyl-tRNA synthetase from Helicobacter pylori	0.091	84	63	3	72	20	103	1.338E+00	40
LOKIASV2_1793_ESMFold_cold-shock_protein	1ixr-assembly1.cif.gz_A	LOKIASV2_1793_ESMFold_cold-shock_protein	1ixr-assembly1.cif.gz_A RuvA-RuvB complex	0.128	63	48	2	64	5	60	9.379E-01	40
LOKIASV2_1793_ESMFold_cold-shock_protein	3fp9-assembly1.cif.gz_D	LOKIASV2_1793_ESMFold_cold-shock_protein	3fp9-assembly1.cif.gz_D Crystal structure of Intern Domain of proteasome-associated ATPase, Mycobacterium tuberculosis	0.121	74	60	1	74	62	130	1.261E+00	40
LOKIASV2_1793_ESMFold_cold-shock_protein	6xu8-assembly1.cif.gz_AX	LOKIASV2_1793_ESMFold_cold-shock_protein	6xu8-assembly1.cif.gz_AX Drosophila melanogaster Ovary 80S ribosome	0.097	78	61	2	70	47	124	6.975E-01	40
LOKIASV2_1793_ESMFold_cold-shock_protein	3qwn-assembly10.cif.gz_J	LOKIASV2_1793_ESMFold_cold-shock_protein	3qwn-assembly10.cif.gz_J Crystal structure of a NigD-like immunity protein (BACCAC_03262) from Bacteroides caccae ATCC 43185 at 2.42 A resolution	0.148	69	52	2	70	9	70	8.840E-01	40
LOKIASV2_1793_ESMFold_cold-shock_protein	7yny-assembly1.cif.gz_H	LOKIASV2_1793_ESMFold_cold-shock_protein	7yny-assembly1.cif.gz_H Crystal structure of baculovirus LEF-3 from Helicoverpa armigera nucleopolyhedrovirus	0.112	72	62	2	73	7	77	2.150E+00	40
LOKIASV2_1793_ESMFold_cold-shock_protein	8soj-assembly1.cif.gz_B	LOKIASV2_1793_ESMFold_cold-shock_protein	8soj-assembly1.cif.gz_B Cryo-EM structure of human CST bound to POT1(ESDL)/TPP1 in the absence of telomeric ssDNA	0.127	99	63	3	75	121	219	4.342E-01	40
LOKIASV2_1793_ESMFold_cold-shock_protein	6l4q-assembly1.cif.gz_B	LOKIASV2_1793_ESMFold_cold-shock_protein	6l4q-assembly1.cif.gz_B Crystal Structure of Lysyl-tRNA Synthetase from Plasmodium falciparum complexed with L-lysine and Clado-B	0.184	92	64	3	81	58	149	2.150E+00	40
LOKIASV2_1793_ESMFold_cold-shock_protein	8e27-assembly1.cif.gz_A	LOKIASV2_1793_ESMFold_cold-shock_protein	8e27-assembly1.cif.gz_A RNA-free Human Dis3L2	0.188	68	43	3	70	22	75	2.026E+00	40
LOKIASV2_1793_ESMFold_cold-shock_protein	1l1o-assembly1.cif.gz_E	LOKIASV2_1793_ESMFold_cold-shock_protein	1l1o-assembly1.cif.gz_E Structure of the human Replication Protein A (RPA) trimerization core	0.092	73	62	3	75	34	102	1.599E+00	39
LOKIASV2_1793_ESMFold_cold-shock_protein	3fp9-assembly3.cif.gz_K	LOKIASV2_1793_ESMFold_cold-shock_protein	3fp9-assembly3.cif.gz_K Crystal structure of Intern Domain of proteasome-associated ATPase, Mycobacterium tuberculosis	0.137	74	57	1	74	62	128	1.696E+00	39
LOKIASV2_1793_ESMFold_cold-shock_protein	4s37-assembly3.cif.gz_G	LOKIASV2_1793_ESMFold_cold-shock_protein	4s37-assembly3.cif.gz_G Crystal structure of R2 pyocin membrane-piercing spike	0.081	76	66	2	74	16	91	1.910E+00	39
LOKIASV2_1793_ESMFold_cold-shock_protein	6knc-assembly1.cif.gz_A	LOKIASV2_1793_ESMFold_cold-shock_protein	6knc-assembly1.cif.gz_A PolD-PCNA-DNA (form B)	0.147	65	54	3	66	98	162	1.910E+00	39
LOKIASV2_1793_ESMFold_cold-shock_protein	6ka6-assembly2.cif.gz_C	LOKIASV2_1793_ESMFold_cold-shock_protein	6ka6-assembly2.cif.gz_C Crystal structure of plasmodium lysyl-tRNA synthetase in complex with a cladosporin derivative 1	0.207	75	53	3	70	58	132	1.599E+00	39
LOKIASV2_1793_ESMFold_cold-shock_protein	2wfw-assembly1.cif.gz_A	LOKIASV2_1793_ESMFold_cold-shock_protein	2wfw-assembly1.cif.gz_A Structure and activity of the N-terminal substrate recognition domains in proteasomal ATPases - The Arc domain structure	0.129	72	54	1	72	62	124	2.026E+00	38
LOKIASV2_1793_ESMFold_cold-shock_protein	3fp9-assembly3.cif.gz_L	LOKIASV2_1793_ESMFold_cold-shock_protein	3fp9-assembly3.cif.gz_L Crystal structure of Intern Domain of proteasome-associated ATPase, Mycobacterium tuberculosis	0.131	73	51	2	74	63	122	1.261E+00	38
LOKIASV2_1793_ESMFold_cold-shock_protein	5opt-assembly1.cif.gz_M	LOKIASV2_1793_ESMFold_cold-shock_protein	5opt-assembly1.cif.gz_M Structure of KSRP in context of Trypanosoma cruzi 40S	0.097	78	61	2	70	46	123	8.331E-01	38
LOKIASV2_1793_ESMFold_cold-shock_protein	2oq0-assembly4.cif.gz_D	LOKIASV2_1793_ESMFold_cold-shock_protein	2oq0-assembly4.cif.gz_D Crystal Structure of the First HIN-200 Domain of Interferon-Inducible Protein 16	0.109	72	60	3	70	113	184	1.420E+00	38
LOKIASV2_1793_ESMFold_cold-shock_protein	5yzp-assembly1.cif.gz_A	LOKIASV2_1793_ESMFold_cold-shock_protein	5yzp-assembly1.cif.gz_A Crystal structure of p204 HINa domain	0.138	69	55	3	71	123	187	1.507E+00	38
LOKIASV2_1793_ESMFold_cold-shock_protein	7ljf-assembly1.cif.gz_F	LOKIASV2_1793_ESMFold_cold-shock_protein	7ljf-assembly1.cif.gz_F Cryo-EM structure of the Mpa hexamer in the presence of ATP and the Pup-FabD substrate	0.123	72	53	2	73	64	124	2.420E+00	38
LOKIASV2_1793_ESMFold_cold-shock_protein	5kzf-assembly1.cif.gz_E	LOKIASV2_1793_ESMFold_cold-shock_protein	5kzf-assembly1.cif.gz_E Crystal structure of near full-length hexameric Mycobacterium tuberculosis proteasomal ATPase Mpa in apo form	0.129	73	58	2	74	63	130	1.189E+00	38
LOKIASV2_1793_ESMFold_cold-shock_protein	7px9-assembly1.cif.gz_B	LOKIASV2_1793_ESMFold_cold-shock_protein	7px9-assembly1.cif.gz_B Substrate-engaged mycobacterial Proteasome-associated ATPase - focused 3D refinement (state A)	0.128	75	52	2	76	64	124	1.261E+00	38
LOKIASV2_1793_ESMFold_cold-shock_protein	5kzf-assembly2.cif.gz_L	LOKIASV2_1793_ESMFold_cold-shock_protein	5kzf-assembly2.cif.gz_L Crystal structure of near full-length hexameric Mycobacterium tuberculosis proteasomal ATPase Mpa in apo form	0.130	75	61	2	76	63	133	1.338E+00	38
LOKIASV2_1793_ESMFold_cold-shock_protein	6fsz-assembly1.cif.gz_JJ	LOKIASV2_1793_ESMFold_cold-shock_protein	6fsz-assembly1.cif.gz_JJ Structure of the nuclear RNA exosome	0.137	58	43	2	59	255	305	2.725E+00	38
LOKIASV2_1793_ESMFold_cold-shock_protein	6lqs-assembly1.cif.gz_R4	LOKIASV2_1793_ESMFold_cold-shock_protein	6lqs-assembly1.cif.gz_R4 Cryo-EM structure of 90S small subunit preribosomes in transition states (State D)	0.137	58	43	2	59	255	305	2.725E+00	38
LOKIASV2_1793_ESMFold_cold-shock_protein	2oq0-assembly3.cif.gz_C	LOKIASV2_1793_ESMFold_cold-shock_protein	2oq0-assembly3.cif.gz_C Crystal Structure of the First HIN-200 Domain of Interferon-Inducible Protein 16	0.105	70	58	3	68	122	191	1.800E+00	37
LOKIASV2_1793_ESMFold_cold-shock_protein	4da2-assembly1.cif.gz_A	LOKIASV2_1793_ESMFold_cold-shock_protein	4da2-assembly1.cif.gz_A The structure of Pyrococcus Furiosus SfsA in complex with Ca2+	0.095	62	51	2	63	11	67	2.420E+00	37
LOKIASV2_1793_ESMFold_cold-shock_protein	6gov-assembly1.cif.gz_A	LOKIASV2_1793_ESMFold_cold-shock_protein	6gov-assembly1.cif.gz_A Structure of THE RNA POLYMERASE LAMBDA-BASED ANTITERMINATION COMPLEX	0.102	68	54	2	69	138	198	1.910E+00	37
LOKIASV2_1793_ESMFold_cold-shock_protein	7f6w-assembly1.cif.gz_A-2	LOKIASV2_1793_ESMFold_cold-shock_protein	7f6w-assembly1.cif.gz_A-2 Crystal structure of Saccharomyces cerevisiae lysyl-tRNA Synthetase	0.148	79	59	3	72	59	137	4.888E-01	37
LOKIASV2_1793_ESMFold_cold-shock_protein	1wi5-assembly1.cif.gz_A	LOKIASV2_1793_ESMFold_cold-shock_protein	1wi5-assembly1.cif.gz_A Solution structure of the S1 RNA binding domain from human hypothetical protein BAA11502	0.156	74	61	1	73	23	96	1.800E+00	36
LOKIASV2_1793_ESMFold_cold-shock_protein	4s37-assembly6.cif.gz_Q	LOKIASV2_1793_ESMFold_cold-shock_protein	4s37-assembly6.cif.gz_Q Crystal structure of R2 pyocin membrane-piercing spike	0.063	74	65	2	75	6	75	2.420E+00	36
LOKIASV2_1793_ESMFold_cold-shock_protein	5gvd-assembly2.cif.gz_B	LOKIASV2_1793_ESMFold_cold-shock_protein	5gvd-assembly2.cif.gz_B Human TDRD3 DUF1767-OB domains	0.075	77	65	3	73	74	150	1.338E+00	35
LOKIASV2_1793_ESMFold_cold-shock_protein	5hgq-assembly1.cif.gz_A	LOKIASV2_1793_ESMFold_cold-shock_protein	5hgq-assembly1.cif.gz_A Loa loa Lysyl-tRNA synthetase in complex with Cladosporin.	0.128	71	58	3	70	55	125	1.696E+00	35
LOKIASV2_1793_ESMFold_cold-shock_protein	8d6x-assembly1.cif.gz_A	LOKIASV2_1793_ESMFold_cold-shock_protein	8d6x-assembly1.cif.gz_A Structure of the Mycobacterium tuberculosis 20S proteasome bound to the ATP-bound Mpa ATPase	0.144	73	50	2	74	64	122	2.150E+00	35
LOKIASV2_1793_ESMFold_cold-shock_protein	7tuv-assembly1.cif.gz_A	LOKIASV2_1793_ESMFold_cold-shock_protein	7tuv-assembly1.cif.gz_A Crystal structure of the exoribonucleolytic module of T. brucei RRP44	0.109	73	53	2	74	612	672	2.891E+00	35
LOKIASV2_1793_ESMFold_cold-shock_protein	6i52-assembly1.cif.gz_B	LOKIASV2_1793_ESMFold_cold-shock_protein	6i52-assembly1.cif.gz_B Yeast RPA bound to ssDNA	0.121	70	60	3	72	41	109	1.420E+00	34
LOKIASV2_1793_ESMFold_cold-shock_protein	3jbp-assembly1.cif.gz_Q	LOKIASV2_1793_ESMFold_cold-shock_protein	3jbp-assembly1.cif.gz_Q Cryo-electron microscopy reconstruction of the Plasmodium falciparum 80S ribosome bound to E-tRNA	0.127	80	61	2	72	48	127	1.910E+00	34
LOKIASV2_1793_ESMFold_cold-shock_protein	6s8z-assembly1.cif.gz_A	LOKIASV2_1793_ESMFold_cold-shock_protein	6s8z-assembly1.cif.gz_A Elongation Factor P from Corynebacterium glutamicum	0.191	68	47	2	69	67	125	7.915E+00	34
LOKIASV2_1793_ESMFold_cold-shock_protein	5kwa-assembly1.cif.gz_A	LOKIASV2_1793_ESMFold_cold-shock_protein	5kwa-assembly1.cif.gz_A complete structure of the Mycobacterium tuberculosis proteasomal ATPase Mpa	0.103	75	54	1	75	63	123	2.026E+00	34
LOKIASV2_1793_ESMFold_cold-shock_protein	5kzf-assembly2.cif.gz_K	LOKIASV2_1793_ESMFold_cold-shock_protein	5kzf-assembly2.cif.gz_K Crystal structure of near full-length hexameric Mycobacterium tuberculosis proteasomal ATPase Mpa in apo form	0.102	78	66	2	76	64	141	1.800E+00	34
LOKIASV2_1793_ESMFold_cold-shock_protein	7qxa-assembly1.cif.gz_O	LOKIASV2_1793_ESMFold_cold-shock_protein	7qxa-assembly1.cif.gz_O Cryo-EM map of human telomerase-DNA-TPP1 complex (sharpened)	0.123	84	62	3	74	19	102	1.599E+00	33
LOKIASV2_1793_ESMFold_cold-shock_protein	5m1x-assembly1.cif.gz_A	LOKIASV2_1793_ESMFold_cold-shock_protein	5m1x-assembly1.cif.gz_A Crystal structure of S. cerevisiae Rfa1 N-OB domain mutant (K45E)	0.112	71	59	3	70	30	100	1.338E+00	33
LOKIASV2_1793_ESMFold_cold-shock_protein	2ckz-assembly2.cif.gz_D	LOKIASV2_1793_ESMFold_cold-shock_protein	2ckz-assembly2.cif.gz_D X-ray structure of RNA polymerase III subcomplex C17-C25.	0.136	85	60	3	72	78	162	2.420E+00	33
LOKIASV2_1793_ESMFold_cold-shock_protein	4jbj-assembly2.cif.gz_B	LOKIASV2_1793_ESMFold_cold-shock_protein	4jbj-assembly2.cif.gz_B Structural mimicry for functional antagonism	0.136	63	48	2	64	130	186	1.599E+00	33
LOKIASV2_1793_ESMFold_cold-shock_protein	3qwn-assembly16.cif.gz_G	LOKIASV2_1793_ESMFold_cold-shock_protein	3qwn-assembly16.cif.gz_G Crystal structure of a NigD-like immunity protein (BACCAC_03262) from Bacteroides caccae ATCC 43185 at 2.42 A resolution	0.150	69	52	2	70	8	69	2.150E+00	33
LOKIASV2_1793_ESMFold_cold-shock_protein	5ihe-assembly2.cif.gz_B	LOKIASV2_1793_ESMFold_cold-shock_protein	5ihe-assembly2.cif.gz_B D-family DNA polymerase - DP1 subunit (3'-5' proof-reading exonuclease)	0.131	58	50	3	60	97	154	3.888E+00	33
LOKIASV2_1793_ESMFold_cold-shock_protein	8ppv-assembly1.cif.gz_A	LOKIASV2_1793_ESMFold_cold-shock_protein	8ppv-assembly1.cif.gz_A Intermediate conformer of Pyrococcus abyssi DNA polymerase D (PolD) bound to a primer/template substrate containing three consecutive mismatches	0.132	65	55	3	66	98	162	4.377E+00	33
LOKIASV2_1793_ESMFold_cold-shock_protein	7x7q-assembly1.cif.gz_A	LOKIASV2_1793_ESMFold_cold-shock_protein	7x7q-assembly1.cif.gz_A CryoEM structure of RuvA-RuvB-Holliday junction complex	0.076	68	56	1	68	1	62	1.599E+00	32
LOKIASV2_1793_ESMFold_cold-shock_protein	1cuk-assembly1.cif.gz_A	LOKIASV2_1793_ESMFold_cold-shock_protein	1cuk-assembly1.cif.gz_A ESCHERICHIA COLI RUVA PROTEIN AT PH 4.9 AND ROOM TEMPERATURE	0.076	68	55	1	68	2	62	1.261E+00	32
LOKIASV2_1793_ESMFold_cold-shock_protein	4qgu-assembly1.cif.gz_B	LOKIASV2_1793_ESMFold_cold-shock_protein	4qgu-assembly1.cif.gz_B protein domain complex with ssDNA	0.094	70	59	3	68	121	190	4.644E+00	32
LOKIASV2_1793_ESMFold_cold-shock_protein	4qmg-assembly3.cif.gz_C	LOKIASV2_1793_ESMFold_cold-shock_protein	4qmg-assembly3.cif.gz_C The Structure of MTDH-SND1 Complex Reveals Novel Cancer-Promoting Interactions	0.102	91	63	2	72	4	94	2.725E+00	32
LOKIASV2_1793_ESMFold_cold-shock_protein	4cr3-assembly1.cif.gz_J	LOKIASV2_1793_ESMFold_cold-shock_protein	4cr3-assembly1.cif.gz_J Deep classification of a large cryo-EM dataset defines the conformational landscape of the 26S proteasome	0.136	72	53	2	73	48	109	4.125E+00	32
LOKIASV2_1793_ESMFold_cold-shock_protein	6hms-assembly1.cif.gz_A	LOKIASV2_1793_ESMFold_cold-shock_protein	6hms-assembly1.cif.gz_A Cryo-EM map of DNA polymerase D from Pyrococcus abyssi in complex with DNA	0.144	65	54	3	66	51	115	4.644E+00	32
LOKIASV2_1793_ESMFold_cold-shock_protein	6t8h-assembly1.cif.gz_A	LOKIASV2_1793_ESMFold_cold-shock_protein	6t8h-assembly1.cif.gz_A Cryo-EM structure of the DNA-bound PolD-PCNA processive complex from P. abyssi	0.154	65	53	3	66	71	135	2.725E+00	32
LOKIASV2_1793_ESMFold_cold-shock_protein	5ihe-assembly1.cif.gz_A	LOKIASV2_1793_ESMFold_cold-shock_protein	5ihe-assembly1.cif.gz_A D-family DNA polymerase - DP1 subunit (3'-5' proof-reading exonuclease)	0.145	58	49	3	60	91	148	3.888E+00	32
LOKIASV2_1793_ESMFold_cold-shock_protein	6hmf-assembly2.cif.gz_B	LOKIASV2_1793_ESMFold_cold-shock_protein	6hmf-assembly2.cif.gz_B D-family DNA polymerase - DP1 subunit (3'-5' proof-reading exonuclease) H451 proof-reading deficient variant	0.131	58	50	3	60	97	154	4.125E+00	32
LOKIASV2_1793_ESMFold_cold-shock_protein	5m05-assembly1.cif.gz_A	LOKIASV2_1793_ESMFold_cold-shock_protein	5m05-assembly1.cif.gz_A Chicken smooth muscle myosin motor domain co-crystallized with the specific CK-571 inhibitor, MgADP form	0.129	31	24	2	32	13	41	8.911E+00	32
LOKIASV2_1793_ESMFold_cold-shock_protein	5tzs-assembly1.cif.gz_r	LOKIASV2_1793_ESMFold_cold-shock_protein	5tzs-assembly1.cif.gz_r Architecture of the yeast small subunit processome	0.134	67	48	2	68	7	63	6.245E+00	31
LOKIASV2_1793_ESMFold_cold-shock_protein	3b8l-assembly2.cif.gz_F	LOKIASV2_1793_ESMFold_cold-shock_protein	3b8l-assembly2.cif.gz_F CRYSTAL STRUCTURE OF A PUTATIVE AROMATIC RING HYDROXYLASE (SARO_3538) FROM NOVOSPHINGOBIUM AROMATICIVORANS DSM AT 1.75 A RESOLUTION	0.187	72	48	2	73	75	134	4.092E-01	31
LOKIASV2_1793_ESMFold_cold-shock_protein	8i6k-assembly1.cif.gz_A	LOKIASV2_1793_ESMFold_cold-shock_protein	8i6k-assembly1.cif.gz_A Structure of hMNDA HIN with dsDNA	0.062	61	55	3	63	112	171	4.644E+00	31
LOKIASV2_1793_ESMFold_cold-shock_protein	1bdx-assembly1.cif.gz_A	LOKIASV2_1793_ESMFold_cold-shock_protein	1bdx-assembly1.cif.gz_A E. COLI DNA HELICASE RUVA WITH BOUND DNA HOLLIDAY JUNCTION, ALPHA CARBONS AND PHOSPHATE ATOMS ONLY	0.088	70	55	3	72	6	66	1.507E+00	31
LOKIASV2_1793_ESMFold_cold-shock_protein	5kzf-assembly1.cif.gz_C	LOKIASV2_1793_ESMFold_cold-shock_protein	5kzf-assembly1.cif.gz_C Crystal structure of near full-length hexameric Mycobacterium tuberculosis proteasomal ATPase Mpa in apo form	0.125	73	61	1	73	62	132	4.644E+00	31
LOKIASV2_1793_ESMFold_cold-shock_protein	5hgq-assembly1.cif.gz_B	LOKIASV2_1793_ESMFold_cold-shock_protein	5hgq-assembly1.cif.gz_B Loa loa Lysyl-tRNA synthetase in complex with Cladosporin.	0.168	74	56	3	70	57	130	3.255E+00	31
LOKIASV2_1793_ESMFold_cold-shock_protein	1d8l-assembly1.cif.gz_A	LOKIASV2_1793_ESMFold_cold-shock_protein	1d8l-assembly1.cif.gz_A E. COLI HOLLIDAY JUNCTION BINDING PROTEIN RUVA NH2 REGION LACKING DOMAIN III	0.095	66	51	3	68	6	62	9.952E-01	30
LOKIASV2_1793_ESMFold_cold-shock_protein	3rn2-assembly1.cif.gz_A	LOKIASV2_1793_ESMFold_cold-shock_protein	3rn2-assembly1.cif.gz_A Structural Basis of Cytosolic DNA Recognition by Innate Immune Receptors	0.117	65	53	3	67	121	181	4.125E+00	30
LOKIASV2_1793_ESMFold_cold-shock_protein	6hmf-assembly1.cif.gz_A	LOKIASV2_1793_ESMFold_cold-shock_protein	6hmf-assembly1.cif.gz_A D-family DNA polymerase - DP1 subunit (3'-5' proof-reading exonuclease) H451 proof-reading deficient variant	0.145	58	49	3	60	91	148	4.928E+00	30
LOKIASV2_1793_ESMFold_cold-shock_protein	4h02-assembly1.cif.gz_A	LOKIASV2_1793_ESMFold_cold-shock_protein	4h02-assembly1.cif.gz_A Crystal structure of P. falciparum Lysyl-tRNA synthetase	0.197	82	56	3	73	57	138	2.891E+00	30
LOKIASV2_1793_ESMFold_cold-shock_protein	3d3r-assembly1.cif.gz_A	LOKIASV2_1793_ESMFold_cold-shock_protein	3d3r-assembly1.cif.gz_A Crystal structure of the hydrogenase assembly chaperone HypC/HupF family protein from Shewanella oneidensis MR-1	0.122	49	35	2	50	12	52	7.031E+00	29
LOKIASV2_1793_ESMFold_cold-shock_protein	3fp9-assembly3.cif.gz_G	LOKIASV2_1793_ESMFold_cold-shock_protein	3fp9-assembly3.cif.gz_G Crystal structure of Intern Domain of proteasome-associated ATPase, Mycobacterium tuberculosis	0.123	73	59	2	74	63	130	5.228E+00	29
LOKIASV2_1793_ESMFold_cold-shock_protein	1p8l-assembly1.cif.gz_A	LOKIASV2_1793_ESMFold_cold-shock_protein	1p8l-assembly1.cif.gz_A New Crystal Structure of Chlorella Virus DNA Ligase-Adenylate	0.126	82	62	3	74	193	274	3.664E+00	29
LOKIASV2_1793_ESMFold_cold-shock_protein	3op1-assembly1.cif.gz_B	LOKIASV2_1793_ESMFold_cold-shock_protein	3op1-assembly1.cif.gz_B Crystal Structure of Macrolide-efflux Protein SP_1110 from Streptococcus pneumoniae	0.136	76	62	2	74	188	263	6.975E-01	29
LOKIASV2_1793_ESMFold_cold-shock_protein	6cqo-assembly3.cif.gz_D	LOKIASV2_1793_ESMFold_cold-shock_protein	6cqo-assembly3.cif.gz_D Crystal Structure of mitochondrial single-stranded DNA binding proteins from S. cerevisiae (SeMet Labeled), Rim1 (Form2)	0.096	79	60	2	68	10	88	7.400E-01	28
LOKIASV2_1793_ESMFold_cold-shock_protein	5wai-assembly2.cif.gz_F	LOKIASV2_1793_ESMFold_cold-shock_protein	5wai-assembly2.cif.gz_F Crystal Structure of a Suz12-Rbbp4-Jarid2-Aebp2 Heterotetrameric Complex	0.206	29	21	50	78	248	275	2.725E+00	28
LOKIASV2_1793_ESMFold_cold-shock_protein	7knw-assembly2.cif.gz_B	LOKIASV2_1793_ESMFold_cold-shock_protein	7knw-assembly2.cif.gz_B Crystal structure of SND1 in complex with C-26-A2	0.098	81	64	2	73	168	248	5.228E+00	28
LOKIASV2_1793_ESMFold_cold-shock_protein	5f54-assembly1.cif.gz_A	LOKIASV2_1793_ESMFold_cold-shock_protein	5f54-assembly1.cif.gz_A Structure of RecJ complexed with dTMP	0.074	64	50	3	66	465	519	7.915E+00	28
LOKIASV2_1793_ESMFold_cold-shock_protein	7wah-assembly1.cif.gz_A	LOKIASV2_1793_ESMFold_cold-shock_protein	7wah-assembly1.cif.gz_A Structure of Cas7-11 in complex with guide RNA and target RNA	0.166	30	23	2	29	959	988	5.547E+00	28
LOKIASV2_1793_ESMFold_cold-shock_protein	7pbu-assembly1.cif.gz_F	LOKIASV2_1793_ESMFold_cold-shock_protein	7pbu-assembly1.cif.gz_F RuvAB branch migration motor complexed to the Holliday junction - RuvA-HJ core [t2 dataset]	0.115	66	50	3	68	6	62	2.891E+00	27
LOKIASV2_1793_ESMFold_cold-shock_protein	6xu7-assembly1.cif.gz_AX	LOKIASV2_1793_ESMFold_cold-shock_protein	6xu7-assembly1.cif.gz_AX Drosophila melanogaster Testis polysome ribosome	0.134	79	58	1	68	44	122	3.888E+00	27
LOKIASV2_1793_ESMFold_cold-shock_protein	5kzf-assembly2.cif.gz_J	LOKIASV2_1793_ESMFold_cold-shock_protein	5kzf-assembly2.cif.gz_J Crystal structure of near full-length hexameric Mycobacterium tuberculosis proteasomal ATPase Mpa in apo form	0.071	70	53	3	72	5	62	5.547E+00	27
LOKIASV2_1793_ESMFold_cold-shock_protein	6rqj-assembly1.cif.gz_A	LOKIASV2_1793_ESMFold_cold-shock_protein	6rqj-assembly1.cif.gz_A Structure of human complement C5 complexed with tick inhibitors OmCI, RaCI1 and CirpT1	0.061	90	68	2	74	866	955	2.725E+00	27
LOKIASV2_1793_ESMFold_cold-shock_protein	3ebe-assembly3.cif.gz_C	LOKIASV2_1793_ESMFold_cold-shock_protein	3ebe-assembly3.cif.gz_C Crystal structure of xenopus laevis replication initiation factor MCM10 internal domain	0.083	68	60	3	70	58	123	8.911E+00	26
LOKIASV2_1793_ESMFold_cold-shock_protein	4qmg-assembly1.cif.gz_A	LOKIASV2_1793_ESMFold_cold-shock_protein	4qmg-assembly1.cif.gz_A The Structure of MTDH-SND1 Complex Reveals Novel Cancer-Promoting Interactions	0.122	95	58	2	68	4	98	5.228E+00	26
LOKIASV2_1793_ESMFold_cold-shock_protein	7ad6-assembly1.cif.gz_A	LOKIASV2_1793_ESMFold_cold-shock_protein	7ad6-assembly1.cif.gz_A Crystal structure of human complement C5 in complex with the K92 bovine knob domain peptide.	0.100	85	65	2	74	861	945	8.911E+00	26
LOKIASV2_1793_ESMFold_cold-shock_protein	3ebe-assembly1.cif.gz_A	LOKIASV2_1793_ESMFold_cold-shock_protein	3ebe-assembly1.cif.gz_A Crystal structure of xenopus laevis replication initiation factor MCM10 internal domain	0.090	71	61	3	70	54	124	6.245E+00	25
LOKIASV2_1793_ESMFold_cold-shock_protein	7d8t-assembly1.cif.gz_B	LOKIASV2_1793_ESMFold_cold-shock_protein	7d8t-assembly1.cif.gz_B MITF bHLHLZ complex with M-box DNA	0.062	88	68	2	74	102	189	1.800E+00	25
LOKIASV2_1793_ESMFold_cold-shock_protein	5yzg-assembly1.cif.gz_Z	LOKIASV2_1793_ESMFold_cold-shock_protein	5yzg-assembly1.cif.gz_Z The Cryo-EM Structure of Human Catalytic Step I Spliceosome (C complex) at 4.1 angstrom resolution	0.116	69	50	2	70	563	620	4.928E+00	25
LOKIASV2_1793_ESMFold_cold-shock_protein	3ulb-assembly1.cif.gz_A	LOKIASV2_1793_ESMFold_cold-shock_protein	3ulb-assembly1.cif.gz_A Crystal structure of the pleckstrin homology domain of Saccharomyces cerevisiae Avo1, a TORC2 subunit, in the P212121 crystal form	0.215	65	46	4	68	20	78	4.125E+00	24
LOKIASV2_1793_ESMFold_cold-shock_protein	7cfc-assembly2.cif.gz_B	LOKIASV2_1793_ESMFold_cold-shock_protein	7cfc-assembly2.cif.gz_B Drosophila melanogaster Krimper eTud1-Ago3 complex	0.000	17	16	2	18	34	50	8.911E+00	24
LOKIASV2_1793_ESMFold_cold-shock_protein	5d3d-assembly1.cif.gz_A	LOKIASV2_1793_ESMFold_cold-shock_protein	5d3d-assembly1.cif.gz_A Crystal structure of Staphylococcal Superantigen-Like protein 3	0.115	71	62	2	72	19	89	5.228E+00	24
LOKIASV2_1793_ESMFold_cold-shock_protein	5hxy-assembly4.cif.gz_D	LOKIASV2_1793_ESMFold_cold-shock_protein	5hxy-assembly4.cif.gz_D Crystal structure of XerA recombinase	0.160	25	20	4	28	134	158	6.627E+00	24
LOKIASV2_1793_ESMFold_cold-shock_protein	7knx-assembly4.cif.gz_D	LOKIASV2_1793_ESMFold_cold-shock_protein	7knx-assembly4.cif.gz_D Crystal structure of SND1 in complex with C-26-A6	0.107	88	63	2	72	3	90	8.399E+00	24
LOKIASV2_1793_ESMFold_cold-shock_protein	7knw-assembly3.cif.gz_C	LOKIASV2_1793_ESMFold_cold-shock_protein	7knw-assembly3.cif.gz_C Crystal structure of SND1 in complex with C-26-A2	0.112	79	63	2	73	168	246	9.455E+00	24
LOKIASV2_1793_ESMFold_cold-shock_protein	4qmg-assembly4.cif.gz_D	LOKIASV2_1793_ESMFold_cold-shock_protein	4qmg-assembly4.cif.gz_D The Structure of MTDH-SND1 Complex Reveals Novel Cancer-Promoting Interactions	0.096	61	38	2	62	179	221	4.125E+00	24
LOKIASV2_1793_ESMFold_cold-shock_protein	6imj-assembly1.cif.gz_B	LOKIASV2_1793_ESMFold_cold-shock_protein	6imj-assembly1.cif.gz_B The crystal structure of Se-AsfvLIG:DNA complex	0.139	83	57	3	69	317	399	4.644E+00	24
LOKIASV2_1793_ESMFold_cold-shock_protein	5odj-assembly1.cif.gz_A	LOKIASV2_1793_ESMFold_cold-shock_protein	5odj-assembly1.cif.gz_A Single-stranded DNA-binding protein from bacteriophage Enc34	0.200	52	37	38	84	125	176	1.910E+00	23
LOKIASV2_1793_ESMFold_cold-shock_protein	4qmg-assembly5.cif.gz_E	LOKIASV2_1793_ESMFold_cold-shock_protein	4qmg-assembly5.cif.gz_E The Structure of MTDH-SND1 Complex Reveals Novel Cancer-Promoting Interactions	0.083	78	56	2	63	174	251	9.455E+00	23
LOKIASV2_1793_ESMFold_cold-shock_protein	3fjy-assembly1.cif.gz_B	LOKIASV2_1793_ESMFold_cold-shock_protein	3fjy-assembly1.cif.gz_B Crystal structure of a probable MutT1 protein from Bifidobacterium adolescentis	0.114	35	27	41	72	318	352	7.460E+00	23
LOKIASV2_1793_ESMFold_cold-shock_protein	6yir-assembly1.cif.gz_A	LOKIASV2_1793_ESMFold_cold-shock_protein	6yir-assembly1.cif.gz_A Crystal structure of Bacillus subtilis MsmX ATPase	0.106	47	35	3	49	303	342	9.455E+00	23
LOKIASV2_1793_ESMFold_cold-shock_protein	5hzy-assembly1.cif.gz_A	LOKIASV2_1793_ESMFold_cold-shock_protein	5hzy-assembly1.cif.gz_A Crystal structure of the legionella pneumophila effector protein RavZ - P6322	0.105	36	29	2	34	48	83	6.245E+00	23
LOKIASV2_1793_ESMFold_cold-shock_protein	3ulc-assembly1.cif.gz_A-2	LOKIASV2_1793_ESMFold_cold-shock_protein	3ulc-assembly1.cif.gz_A-2 Crystal structure of the pleckstrin homology domain of Saccharomyces cerevisiae Avo1, a TORC2 subunit, in the P3121 crystal form	0.196	56	28	4	59	21	56	4.377E+00	22
LOKIASV2_1793_ESMFold_cold-shock_protein	6i52-assembly1.cif.gz_C	LOKIASV2_1793_ESMFold_cold-shock_protein	6i52-assembly1.cif.gz_C Yeast RPA bound to ssDNA	0.082	84	56	15	76	81	164	1.338E+00	22
LOKIASV2_1793_ESMFold_cold-shock_protein	4qmg-assembly2.cif.gz_B	LOKIASV2_1793_ESMFold_cold-shock_protein	4qmg-assembly2.cif.gz_B The Structure of MTDH-SND1 Complex Reveals Novel Cancer-Promoting Interactions	0.114	99	62	2	72	4	102	7.915E+00	22
LOKIASV2_1793_ESMFold_cold-shock_protein	6jla-assembly2.cif.gz_C	LOKIASV2_1793_ESMFold_cold-shock_protein	6jla-assembly2.cif.gz_C Crystal structure of a mouse ependymin related protein	0.150	50	39	12	61	61	107	1.800E+00	21
LOKIASV2_1793_ESMFold_cold-shock_protein	3e9c-assembly1.cif.gz_A	LOKIASV2_1793_ESMFold_cold-shock_protein	3e9c-assembly1.cif.gz_A Structure of a tryptic core fragment of TIGAR from Danio rerio	0.111	27	21	44	68	169	195	7.915E+00	21
LOKIASV2_1793_ESMFold_cold-shock_protein	7ki0-assembly1.cif.gz_A	LOKIASV2_1793_ESMFold_cold-shock_protein	7ki0-assembly1.cif.gz_A Semaglutide-bound Glucagon-Like Peptide-1 (GLP-1) Receptor in Complex with Gs protein	0.166	30	22	50	79	40	66	5.886E+00	21
LOKIASV2_1793_ESMFold_cold-shock_protein	3e9d-assembly1.cif.gz_A	LOKIASV2_1793_ESMFold_cold-shock_protein	3e9d-assembly1.cif.gz_A Structure of full-length TIGAR from Danio rerio	0.073	41	32	33	68	201	241	5.886E+00	21
LOKIASV2_1793_ESMFold_cold-shock_protein	2jmc-assembly1.cif.gz_A	LOKIASV2_1793_ESMFold_cold-shock_protein	2jmc-assembly1.cif.gz_A Chimer between Spc-SH3 and P41	0.137	74	47	3	76	15	70	3.453E+00	20
LOKIASV2_1793_ESMFold_cold-shock_protein	5by8-assembly1.cif.gz_B	LOKIASV2_1793_ESMFold_cold-shock_protein	5by8-assembly1.cif.gz_B The structure of Rpf2-Rrs1 explains its role in ribosome biogenesis	0.200	25	19	51	75	57	81	6.627E+00	20
LOKIASV2_1793_ESMFold_cold-shock_protein	4dam-assembly2.cif.gz_H	LOKIASV2_1793_ESMFold_cold-shock_protein	4dam-assembly2.cif.gz_H Crystal structure of small single-stranded DNA-binding protein from Streptomyces coelicolor	0.081	89	61	2	68	8	96	2.568E+00	20
LOKIASV2_1793_ESMFold_cold-shock_protein	4i4k-assembly1.cif.gz_B	LOKIASV2_1793_ESMFold_cold-shock_protein	4i4k-assembly1.cif.gz_B Streptomyces globisporus C-1027 9-membered enediyne conserved protein SgcE6	0.069	72	57	3	74	70	131	5.228E+00	20
LOKIASV2_1793_ESMFold_cold-shock_protein	7cx2-assembly1.cif.gz_A	LOKIASV2_1793_ESMFold_cold-shock_protein	7cx2-assembly1.cif.gz_A Cryo-EM structure of the PGE2-bound EP2-Gs complex	0.107	27	23	50	76	52	78	7.915E+00	20
LOKIASV2_1793_ESMFold_cold-shock_protein	8e3x-assembly1.cif.gz_A	LOKIASV2_1793_ESMFold_cold-shock_protein	8e3x-assembly1.cif.gz_A Cryo-EM structure of the PAC1R-PACAP27-Gs complex	0.166	30	22	50	79	53	79	7.915E+00	20
LOKIASV2_1793_ESMFold_cold-shock_protein	7wcn-assembly1.cif.gz_A	LOKIASV2_1793_ESMFold_cold-shock_protein	7wcn-assembly1.cif.gz_A Cryo-EM structure of GPR119-Gs Complex with small molecule agonist AR231453	0.166	30	22	50	79	55	81	7.031E+00	20
LOKIASV2_1793_ESMFold_cold-shock_protein	7wbj-assembly1.cif.gz_A	LOKIASV2_1793_ESMFold_cold-shock_protein	7wbj-assembly1.cif.gz_A Cryo-EM structure of N-terminal modified human vasoactive intestinal polypeptide receptor 2 (VIP2R) in complex with PACAP27 and Gs	0.107	27	23	50	76	58	84	7.031E+00	20
LOKIASV2_1793_ESMFold_cold-shock_protein	4q53-assembly1.cif.gz_A	LOKIASV2_1793_ESMFold_cold-shock_protein	4q53-assembly1.cif.gz_A Crystal structure of a DUF4783 family protein (BACUNI_04292) from Bacteroides uniformis ATCC 8492 at 1.27 A resolution	0.114	70	44	4	73	58	108	5.886E+00	19
LOKIASV2_1793_ESMFold_cold-shock_protein	7c8z-assembly2.cif.gz_H	LOKIASV2_1793_ESMFold_cold-shock_protein	7c8z-assembly2.cif.gz_H Crystal structure of salicylate 5-hydroxylase NagGH (a Rieske non-heme iron-dependent monooxgenase)	0.070	70	57	3	72	89	150	8.399E+00	19
LOKIASV2_1793_ESMFold_cold-shock_protein	5odk-assembly1.cif.gz_A	LOKIASV2_1793_ESMFold_cold-shock_protein	5odk-assembly1.cif.gz_A Single-stranded DNA-binding protein from bacteriophage Enc34, C-terminal truncation	0.181	41	29	38	73	129	169	5.547E+00	19
LOKIASV2_1793_ESMFold_cold-shock_protein	3e9c-assembly2.cif.gz_B	LOKIASV2_1793_ESMFold_cold-shock_protein	3e9c-assembly2.cif.gz_B Structure of a tryptic core fragment of TIGAR from Danio rerio	0.073	41	32	33	68	150	190	7.460E+00	19
LOKIASV2_1793_ESMFold_cold-shock_protein	7vab-assembly1.cif.gz_A	LOKIASV2_1793_ESMFold_cold-shock_protein	7vab-assembly1.cif.gz_A Cryo-EM structure of the non-acylated tirzepatide (LY3298176)-bound human GIPR-Gs complex	0.166	30	22	50	79	58	84	9.455E+00	19
LOKIASV2_1793_ESMFold_cold-shock_protein	6sgb-assembly1.cif.gz_F3	LOKIASV2_1793_ESMFold_cold-shock_protein	6sgb-assembly1.cif.gz_F3 mt-SSU assemblosome of Trypanosoma brucei	0.166	29	23	50	78	7	35	7.915E+00	19
LOKIASV2_1793_ESMFold_cold-shock_protein	3hzp-assembly1.cif.gz_A-2	LOKIASV2_1793_ESMFold_cold-shock_protein	3hzp-assembly1.cif.gz_A-2 Crystal structure of NTF2-like protein of unknown function MN2A_0505 from Prochlorococcus marinus (YP_291699.1) from Prochlorococcus sp. NATL2A at 1.40 A resolution	0.066	60	37	15	74	84	124	6.245E+00	18
LOKIASV2_1793_ESMFold_cold-shock_protein	3cu3-assembly1.cif.gz_A-2	LOKIASV2_1793_ESMFold_cold-shock_protein	3cu3-assembly1.cif.gz_A-2 Crystal structure of a domain of unknown function with a cystatin-like fold (npun_r1993) from nostoc punctiforme pcc 73102 at 2.00 A resolution	0.102	70	54	4	73	71	131	4.644E+00	18
LOKIASV2_1793_ESMFold_cold-shock_protein	5odk-assembly3.cif.gz_C	LOKIASV2_1793_ESMFold_cold-shock_protein	5odk-assembly3.cif.gz_C Single-stranded DNA-binding protein from bacteriophage Enc34, C-terminal truncation	0.131	38	25	44	73	135	172	4.928E+00	18
LOKIASV2_1793_ESMFold_cold-shock_protein	4jg2-assembly1.cif.gz_A	LOKIASV2_1793_ESMFold_cold-shock_protein	4jg2-assembly1.cif.gz_A Structure of phage-related protein from Bacillus cereus ATCC 10987	0.137	75	59	18	86	107	181	4.644E+00	18
LOKIASV2_1793_ESMFold_cold-shock_protein	7nqh-assembly1.cif.gz_BD	LOKIASV2_1793_ESMFold_cold-shock_protein	7nqh-assembly1.cif.gz_BD 55S mammalian mitochondrial ribosome with mtRF1a and P-site tRNAMet	0.120	58	42	2	59	35	83	8.399E+00	18
LOKIASV2_1793_ESMFold_cold-shock_protein	6i07-assembly1.cif.gz_B	LOKIASV2_1793_ESMFold_cold-shock_protein	6i07-assembly1.cif.gz_B Crystal structure of EpCAM in complex with scFv	0.178	28	22	41	68	195	222	8.399E+00	18
LOKIASV2_1793_ESMFold_cold-shock_protein	7wks-assembly1.cif.gz_A	LOKIASV2_1793_ESMFold_cold-shock_protein	7wks-assembly1.cif.gz_A Apo state of AtPIN3	0.187	44	33	33	73	169	212	3.888E+00	18
LOKIASV2_1793_ESMFold_cold-shock_protein	6zu5-assembly1.cif.gz_LDD	LOKIASV2_1793_ESMFold_cold-shock_protein	6zu5-assembly1.cif.gz_LDD Structure of the Paranosema locustae ribosome in complex with Lso2	0.157	38	31	41	78	59	96	3.453E+00	17
LOKIASV2_1793_ESMFold_cold-shock_protein	6jld-assembly2.cif.gz_C	LOKIASV2_1793_ESMFold_cold-shock_protein	6jld-assembly2.cif.gz_C Crystal structure of a human ependymin related protein	0.142	53	42	9	61	58	107	7.460E+00	17
LOKIASV2_1793_ESMFold_cold-shock_protein	5i47-assembly1.cif.gz_A	LOKIASV2_1793_ESMFold_cold-shock_protein	5i47-assembly1.cif.gz_A Crystal structure of RimK domain protein ATP-grasp from Sphaerobacter thermophilus DSM 20745	0.318	22	13	45	66	213	232	9.455E+00	17
LOKIASV2_1793_ESMFold_cold-shock_protein	7qyr-assembly2.cif.gz_H	LOKIASV2_1793_ESMFold_cold-shock_protein	7qyr-assembly2.cif.gz_H Crystal structure of RimK from Pseudomonas aeruginosa PAO1	0.062	71	65	2	72	187	256	8.399E+00	17
LOKIASV2_1793_ESMFold_cold-shock_protein	4ouq-assembly1.cif.gz_A	LOKIASV2_1793_ESMFold_cold-shock_protein	4ouq-assembly1.cif.gz_A Crystal structure of a DUF4783 family protein (BF1468) from Bacteroides fragilis YCH46 at 1.55 A resolution	0.092	65	40	4	68	58	102	9.455E+00	16
LOKIASV2_1793_ESMFold_cold-shock_protein	3ef8-assembly1.cif.gz_A	LOKIASV2_1793_ESMFold_cold-shock_protein	3ef8-assembly1.cif.gz_A Crystal structure of Putative Scytalone Dehydratase (YP_496742.1) from NOVOSPHINGOBIUM AROMATICIVORANS DSM 12444 at 1.50 A resolution	0.058	72	63	3	74	73	140	6.245E+00	16
LOKIASV2_1793_ESMFold_cold-shock_protein	6z1p-assembly1.cif.gz_AA	LOKIASV2_1793_ESMFold_cold-shock_protein	6z1p-assembly1.cif.gz_AA Structure of the mitochondrial ribosome from Tetrahymena thermophila	0.148	78	57	2	79	21	88	9.455E+00	16
LOKIASV2_1793_ESMFold_cold-shock_protein	4orl-assembly1.cif.gz_A	LOKIASV2_1793_ESMFold_cold-shock_protein	4orl-assembly1.cif.gz_A Crystal structure of a DUF4783 family protein (BACOVA_04304) from Bacteroides ovatus ATCC 8483 at 1.40 A resolution	0.085	68	46	4	71	60	110	5.886E+00	15
LOKIASV2_1793_ESMFold_cold-shock_protein	4ocy-assembly1.cif.gz_H	LOKIASV2_1793_ESMFold_cold-shock_protein	4ocy-assembly1.cif.gz_H Fab for methotrexate (unbound apo)	0.087	84	66	2	74	34	117	7.460E+00	15
LOKIASV2_1793_ESMFold_cold-shock_protein	7fae-assembly1.cif.gz_d	LOKIASV2_1793_ESMFold_cold-shock_protein	7fae-assembly1.cif.gz_d S protein of SARS-CoV-2 in complex bound with P36-5D2(state2)	0.078	83	65	3	74	27	109	8.399E+00	15
LOKIASV2_1793_ESMFold_cold-shock_protein	7cr5-assembly1.cif.gz_L	LOKIASV2_1793_ESMFold_cold-shock_protein	7cr5-assembly1.cif.gz_L Complex structure of a human monoclonal antibody with SARS-CoV-2 nucleocapsid protein NTD	0.086	84	67	2	75	31	114	8.911E+00	15
LOKIASV2_1793_ESMFold_cold-shock_protein	1uc9-assembly1.cif.gz_B	LOKIASV2_1793_ESMFold_cold-shock_protein	1uc9-assembly1.cif.gz_B Crystal structure of a lysine biosynthesis enzyme, Lysx, from thermus thermophilus HB8	0.095	72	60	1	72	163	229	8.399E+00	15
LOKIASV2_1793_ESMFold_cold-shock_protein	4he5-assembly1.cif.gz_A	LOKIASV2_1793_ESMFold_cold-shock_protein	4he5-assembly1.cif.gz_A Crystal structure of the selenomethionine variant of the C-terminal domain of Geobacillus thermoleovorans putative U32 peptidase	0.069	73	56	1	73	2	62	9.455E+00	14
LOKIASV2_1793_ESMFold_cold-shock_protein	2frg-assembly1.cif.gz_P	LOKIASV2_1793_ESMFold_cold-shock_protein	2frg-assembly1.cif.gz_P Structure of the immunoglobulin-like domain of human TLT-1	0.121	79	63	2	74	28	106	5.547E+00	14
LOKIASV2_1793_ESMFold_cold-shock_protein	7om8-assembly1.cif.gz_Y	LOKIASV2_1793_ESMFold_cold-shock_protein	7om8-assembly1.cif.gz_Y Beta2 appendage domain of AP2 bound to terminal domains beneath the hub of the 28 triskelia mini clathrin coat complex, class 15	0.132	89	62	4	75	9	97	6.627E+00	14
LOKIASV2_1793_ESMFold_cold-shock_protein	7lll-assembly1.cif.gz_A	LOKIASV2_1793_ESMFold_cold-shock_protein	7lll-assembly1.cif.gz_A Exendin-4-bound Glucagon-Like Peptide-1 (GLP-1) Receptor in complex with Gs protein	0.127	51	42	31	79	29	79	9.455E+00	14
LOKIASV2_1793_ESMFold_cold-shock_protein	5ods-assembly2.cif.gz_B	LOKIASV2_1793_ESMFold_cold-shock_protein	5ods-assembly2.cif.gz_B Structure of a phosphoprotein-protein complex	0.082	79	58	10	73	157	235	8.911E+00	14
LOKIASV2_1793_ESMFold_cold-shock_protein	6kv2-assembly1.cif.gz_A	LOKIASV2_1793_ESMFold_cold-shock_protein	6kv2-assembly1.cif.gz_A Crystal structure of trypsin inhibitor 1 from Senna obtusifolia	0.121	66	40	6	71	115	160	8.399E+00	13
LOKIASV2_1793_ESMFold_cold-shock_protein	3sbu-assembly1.cif.gz_A	LOKIASV2_1793_ESMFold_cold-shock_protein	3sbu-assembly1.cif.gz_A Crystal structure of a ntf2-like protein (BF2862) from Bacteroides fragilis NCTC 9343 at 2.15 A resolution	0.040	75	39	1	75	78	119	8.399E+00	12
