query	target	qheader	theader	fident	alnlen	mismatch	qstart	qend	tstart	tend	evalue	bits
LOKIASV2_1349_AF2_hypothetical_protein	8b9x-assembly2.cif.gz_B	LOKIASV2_1349_AF2_hypothetical_protein	8b9x-assembly2.cif.gz_B Chimeric protein of human UFM1 E3 ligase, UFL1, and DDRGK1	0.137	231	188	307	525	23	253	4.418E-06	196
LOKIASV2_1349_AF2_hypothetical_protein	7q1e-assembly1.cif.gz_D	LOKIASV2_1349_AF2_hypothetical_protein	7q1e-assembly1.cif.gz_D CPAP:TUBULIN:IIH5 ALPHAREP COMPLEX	0.176	181	121	36	216	3	150	2.160E-04	172
LOKIASV2_1349_AF2_hypothetical_protein	5dcq-assembly3.cif.gz_A	LOKIASV2_1349_AF2_hypothetical_protein	5dcq-assembly3.cif.gz_A Crystal structure of bacterial adhesin, FNE from Streptococcus equi spp. equi.	0.164	181	123	36	216	6	153	2.746E-04	169
LOKIASV2_1349_AF2_hypothetical_protein	4db6-assembly1.cif.gz_A	LOKIASV2_1349_AF2_hypothetical_protein	4db6-assembly1.cif.gz_A Designed Armadillo repeat protein (YIIIM3AII)	0.144	192	152	39	216	2	193	2.160E-04	157
LOKIASV2_1349_AF2_hypothetical_protein	6gwd-assembly1.cif.gz_H	LOKIASV2_1349_AF2_hypothetical_protein	6gwd-assembly1.cif.gz_H Tubulin:iiH5 alphaRep complex	0.174	181	121	36	216	3	150	7.897E-04	154
LOKIASV2_1349_AF2_hypothetical_protein	4hxt-assembly1.cif.gz_A	LOKIASV2_1349_AF2_hypothetical_protein	4hxt-assembly1.cif.gz_A Crystal Structure of Engineered Protein. Northeast Structural Genomics Consortium Target OR329	0.136	230	176	36	240	4	233	1.962E-04	152
LOKIASV2_1349_AF2_hypothetical_protein	4rv1-assembly2.cif.gz_B	LOKIASV2_1349_AF2_hypothetical_protein	4rv1-assembly2.cif.gz_B Crystal Structure of Engineered Protein. Northeast Structural Genomics Consortium (NESG) Target OR497.	0.133	231	178	35	240	170	400	3.663E-04	151
LOKIASV2_1349_AF2_hypothetical_protein	8u36-assembly1.cif.gz_A	LOKIASV2_1349_AF2_hypothetical_protein	8u36-assembly1.cif.gz_A The crystal structure of the classical binding interface of Importin alpha 2 and a nuclear localisation signal sequence in Frog siadenovirus core protein VII	0.108	219	185	32	239	178	396	5.126E-04	149
LOKIASV2_1349_AF2_hypothetical_protein	5vqi-assembly1.cif.gz_B	LOKIASV2_1349_AF2_hypothetical_protein	5vqi-assembly1.cif.gz_B Nuclear transport of the Neurospora crassa NIT2 transcription factor is mediated by Importin-alpha	0.135	223	180	32	240	168	390	1.962E-04	148
LOKIASV2_1349_AF2_hypothetical_protein	4xvp-assembly3.cif.gz_F	LOKIASV2_1349_AF2_hypothetical_protein	4xvp-assembly3.cif.gz_F X-ray structure of bGFP-C / EGFP complex	0.170	181	122	36	216	8	155	1.405E-03	147
LOKIASV2_1349_AF2_hypothetical_protein	5mfm-assembly5.cif.gz_E	LOKIASV2_1349_AF2_hypothetical_protein	5mfm-assembly5.cif.gz_E Designed armadillo repeat protein peptide fusion YIIIM6AII_GS11_(KR)5	0.145	251	179	33	242	74	324	1.870E-04	147
LOKIASV2_1349_AF2_hypothetical_protein	1xqr-assembly1.cif.gz_A	LOKIASV2_1349_AF2_hypothetical_protein	1xqr-assembly1.cif.gz_A Crystal structure of the HspBP1 core domain	0.154	242	199	33	268	11	252	2.266E-04	146
LOKIASV2_1349_AF2_hypothetical_protein	5mfd-assembly2.cif.gz_C	LOKIASV2_1349_AF2_hypothetical_protein	5mfd-assembly2.cif.gz_C Designed armadillo repeat protein YIIIM''6AII in complex with pD_(KR)5	0.150	196	154	36	217	2	197	3.491E-04	145
LOKIASV2_1349_AF2_hypothetical_protein	6s9p-assembly1.cif.gz_A	LOKIASV2_1349_AF2_hypothetical_protein	6s9p-assembly1.cif.gz_A Designed Armadillo Repeat protein internal Lock2 fused to target peptide KRKAKITWKR	0.143	204	157	33	216	116	319	5.126E-04	145
LOKIASV2_1349_AF2_hypothetical_protein	7p0h-assembly2.cif.gz_B	LOKIASV2_1349_AF2_hypothetical_protein	7p0h-assembly2.cif.gz_B Crystal structure of Helicobacter pylori ComF fused to an artificial alphaREP crystallization helper(named B2)	0.148	203	148	34	236	32	206	5.643E-04	145
LOKIASV2_1349_AF2_hypothetical_protein	7ycj-assembly1.cif.gz_A	LOKIASV2_1349_AF2_hypothetical_protein	7ycj-assembly1.cif.gz_A Crystal structure of Vac8 bound to Vac17	0.116	206	177	35	235	34	239	2.165E-03	145
LOKIASV2_1349_AF2_hypothetical_protein	5mfm-assembly6.cif.gz_F	LOKIASV2_1349_AF2_hypothetical_protein	5mfm-assembly6.cif.gz_F Designed armadillo repeat protein peptide fusion YIIIM6AII_GS11_(KR)5	0.138	242	178	33	240	74	315	2.617E-04	144
LOKIASV2_1349_AF2_hypothetical_protein	6sa8-assembly1.cif.gz_A	LOKIASV2_1349_AF2_hypothetical_protein	6sa8-assembly1.cif.gz_A ring-like DARPin-Armadillo fusion H83_D01	0.152	251	192	13	239	152	402	4.438E-04	143
LOKIASV2_1349_AF2_hypothetical_protein	6gx7-assembly2.cif.gz_F	LOKIASV2_1349_AF2_hypothetical_protein	6gx7-assembly2.cif.gz_F Tubulin-CopN-alphaRep complex	0.148	206	152	36	241	5	183	1.405E-03	142
LOKIASV2_1349_AF2_hypothetical_protein	7qnp-assembly1.cif.gz_AAA	LOKIASV2_1349_AF2_hypothetical_protein	7qnp-assembly1.cif.gz_AAA Designed Armadillo repeat protein N(A4)M4C(AII) co-crystallized with hen egg white lysozyme	0.139	237	176	36	240	3	239	3.327E-04	142
LOKIASV2_1349_AF2_hypothetical_protein	8g4j-assembly2.cif.gz_B	LOKIASV2_1349_AF2_hypothetical_protein	8g4j-assembly2.cif.gz_B Crystal structure of Cavia porcellus (guinea pig) importin-alpha 1 in cargo-free state	0.103	219	185	33	239	175	393	7.174E-04	142
LOKIASV2_1349_AF2_hypothetical_protein	6mjl-assembly1.cif.gz_B	LOKIASV2_1349_AF2_hypothetical_protein	6mjl-assembly1.cif.gz_B Crystal structure of ChREBP NLS peptide bound to importin alpha.	0.117	216	182	34	240	179	394	5.378E-04	142
LOKIASV2_1349_AF2_hypothetical_protein	3ltj-assembly1.cif.gz_A	LOKIASV2_1349_AF2_hypothetical_protein	3ltj-assembly1.cif.gz_A Structure of a new family of artificial alpha helicoidal repeat proteins (alpha-Rep) based on thermostable HEAT-like repeats	0.149	206	148	34	239	8	182	1.105E-03	141
LOKIASV2_1349_AF2_hypothetical_protein	4v3q-assembly3.cif.gz_C	LOKIASV2_1349_AF2_hypothetical_protein	4v3q-assembly3.cif.gz_C Designed armadillo repeat protein with 4 internal repeats, 2nd generation C-cap and 3rd generation N-cap.	0.147	232	173	37	240	8	239	2.881E-04	141
LOKIASV2_1349_AF2_hypothetical_protein	6s9l-assembly2.cif.gz_B	LOKIASV2_1349_AF2_hypothetical_protein	6s9l-assembly2.cif.gz_B Designed Armadillo Repeat protein Lock1 bound to (KR)4KLSF target	0.151	204	155	33	216	76	279	4.032E-04	141
LOKIASV2_1349_AF2_hypothetical_protein	6s9o-assembly1.cif.gz_A	LOKIASV2_1349_AF2_hypothetical_protein	6s9o-assembly1.cif.gz_A Designed Armadillo Repeat protein internal Lock1 fused to target peptide KRKRKLKFKR	0.150	204	156	33	216	119	322	1.160E-03	140
LOKIASV2_1349_AF2_hypothetical_protein	5h2w-assembly1.cif.gz_A	LOKIASV2_1349_AF2_hypothetical_protein	5h2w-assembly1.cif.gz_A Crystal structure of the karyopherin Kap60p bound to the SUMO protease Ulp1p (150-340)	0.119	222	183	32	240	167	388	9.120E-04	140
LOKIASV2_1349_AF2_hypothetical_protein	5mfj-assembly1.cif.gz_A	LOKIASV2_1349_AF2_hypothetical_protein	5mfj-assembly1.cif.gz_A Designed armadillo repeat protein YIII(Dq.V2)4CqI in complex with peptide (KR)5	0.146	207	175	36	241	2	208	1.004E-03	139
LOKIASV2_1349_AF2_hypothetical_protein	6g4j-assembly1.cif.gz_B	LOKIASV2_1349_AF2_hypothetical_protein	6g4j-assembly1.cif.gz_B Structure of the protein kinase YabT from Bacillus subtilis in complex with an alphaREP crystallization helper	0.205	146	94	71	216	2	120	3.179E-03	138
LOKIASV2_1349_AF2_hypothetical_protein	5mfg-assembly1.cif.gz_D	LOKIASV2_1349_AF2_hypothetical_protein	5mfg-assembly1.cif.gz_D Designed armadillo repeat protein YIIIM5AII in complex with peptide (RR)4	0.145	227	172	38	239	4	230	4.438E-04	137
LOKIASV2_1349_AF2_hypothetical_protein	3tj3-assembly2.cif.gz_B	LOKIASV2_1349_AF2_hypothetical_protein	3tj3-assembly2.cif.gz_B Structure of importin a5 bound to the N-terminus of Nup50	0.178	210	163	31	229	170	379	7.174E-04	136
LOKIASV2_1349_AF2_hypothetical_protein	8oh7-assembly1.cif.gz_A	LOKIASV2_1349_AF2_hypothetical_protein	8oh7-assembly1.cif.gz_A Structure of A4M4C bound to (KR)4 Solution backbone structure refined by PCS	0.142	231	176	36	241	3	233	5.643E-04	135
LOKIASV2_1349_AF2_hypothetical_protein	6s9o-assembly5.cif.gz_E	LOKIASV2_1349_AF2_hypothetical_protein	6s9o-assembly5.cif.gz_E Designed Armadillo Repeat protein internal Lock1 fused to target peptide KRKRKLKFKR	0.133	230	175	39	241	3	232	7.174E-04	135
LOKIASV2_1349_AF2_hypothetical_protein	7n6g-assembly1.cif.gz_0A	LOKIASV2_1349_AF2_hypothetical_protein	7n6g-assembly1.cif.gz_0A C1 of central pair	0.134	232	177	35	239	166	397	9.569E-04	134
LOKIASV2_1349_AF2_hypothetical_protein	4dba-assembly2.cif.gz_D	LOKIASV2_1349_AF2_hypothetical_protein	4dba-assembly2.cif.gz_D Designed Armadillo repeat protein (YIIM3AII)	0.145	186	146	9	180	11	196	1.217E-03	133
LOKIASV2_1349_AF2_hypothetical_protein	7sqc-assembly1.cif.gz_H2	LOKIASV2_1349_AF2_hypothetical_protein	7sqc-assembly1.cif.gz_H2 Ciliary C1 central pair apparatus isolated from Chlamydomonas reinhardtii	0.140	197	156	36	217	157	353	2.271E-03	133
LOKIASV2_1349_AF2_hypothetical_protein	6sa7-assembly1.cif.gz_B	LOKIASV2_1349_AF2_hypothetical_protein	6sa7-assembly1.cif.gz_B DARPin-Armadillo fusion C8long83	0.145	251	179	33	242	243	493	9.569E-04	133
LOKIASV2_1349_AF2_hypothetical_protein	5mfk-assembly1.cif.gz_A	LOKIASV2_1349_AF2_hypothetical_protein	5mfk-assembly1.cif.gz_A Designed armadillo repeat protein YIII(Dq.V1)4CPAF in complex with peptide (KR)4	0.139	226	173	38	239	5	230	1.004E-03	131
LOKIASV2_1349_AF2_hypothetical_protein	7r0r-assembly1.cif.gz_A	LOKIASV2_1349_AF2_hypothetical_protein	7r0r-assembly1.cif.gz_A Solution structure of the designed Armadillo repeat protein N(A4)M4C(AII) refined by pseudocontact shifts	0.148	230	174	36	240	3	232	8.693E-04	131
LOKIASV2_1349_AF2_hypothetical_protein	4db8-assembly2.cif.gz_C	LOKIASV2_1349_AF2_hypothetical_protein	4db8-assembly2.cif.gz_C Designed Armadillo-repeat Protein	0.142	227	176	10	215	11	237	1.217E-03	130
LOKIASV2_1349_AF2_hypothetical_protein	7vpw-assembly1.cif.gz_A	LOKIASV2_1349_AF2_hypothetical_protein	7vpw-assembly1.cif.gz_A Crystal structure of Transportin-1 in complex with BAP1 PY-NLS (residues 706-724)	0.164	199	152	35	217	341	539	2.623E-03	129
LOKIASV2_1349_AF2_hypothetical_protein	7q1f-assembly2.cif.gz_U	LOKIASV2_1349_AF2_hypothetical_protein	7q1f-assembly2.cif.gz_U CPAP:TUBULIN:IE5 ALPHAREP COMPLEX	0.148	187	123	36	222	2	146	6.853E-03	128
LOKIASV2_1349_AF2_hypothetical_protein	7q1f-assembly1.cif.gz_D	LOKIASV2_1349_AF2_hypothetical_protein	7q1f-assembly1.cif.gz_D CPAP:TUBULIN:IE5 ALPHAREP COMPLEX	0.168	196	131	37	232	2	160	2.887E-03	128
LOKIASV2_1349_AF2_hypothetical_protein	1bk6-assembly2.cif.gz_B	LOKIASV2_1349_AF2_hypothetical_protein	1bk6-assembly2.cif.gz_B KARYOPHERIN ALPHA (YEAST) + SV40 T ANTIGEN NLS	0.116	227	184	32	240	167	393	1.874E-03	128
LOKIASV2_1349_AF2_hypothetical_protein	7uwi-assembly1.cif.gz_A	LOKIASV2_1349_AF2_hypothetical_protein	7uwi-assembly1.cif.gz_A Structure of beta-catenin in complex with FP01567, a Helicon Polypeptide	0.138	218	175	36	239	7	224	3.671E-03	128
LOKIASV2_1349_AF2_hypothetical_protein	8aw4-assembly1.cif.gz_A	LOKIASV2_1349_AF2_hypothetical_protein	8aw4-assembly1.cif.gz_A Structure of a complex of biosynthetic proteins bB-E3 and bGFPD-YY	0.173	184	134	33	216	23	185	2.063E-03	127
LOKIASV2_1349_AF2_hypothetical_protein	7rfy-assembly1.cif.gz_A	LOKIASV2_1349_AF2_hypothetical_protein	7rfy-assembly1.cif.gz_A Importin alpha3 in complex with MERS ORF4B	0.142	190	160	53	240	191	380	6.837E-04	127
LOKIASV2_1349_AF2_hypothetical_protein	6sa6-assembly1.cif.gz_A	LOKIASV2_1349_AF2_hypothetical_protein	6sa6-assembly1.cif.gz_A DARPin-Armadillo fusion A5	0.134	228	176	36	239	157	384	4.041E-03	127
LOKIASV2_1349_AF2_hypothetical_protein	7pks-assembly1.cif.gz_g	LOKIASV2_1349_AF2_hypothetical_protein	7pks-assembly1.cif.gz_g Structural basis of Integrator-mediated transcription regulation	0.162	204	159	34	224	231	434	5.656E-03	124
LOKIASV2_1349_AF2_hypothetical_protein	7q1f-assembly2.cif.gz_T	LOKIASV2_1349_AF2_hypothetical_protein	7q1f-assembly2.cif.gz_T CPAP:TUBULIN:IE5 ALPHAREP COMPLEX	0.148	206	172	37	239	3	208	5.643E-04	123
LOKIASV2_1349_AF2_hypothetical_protein	6kbn-assembly1.cif.gz_A	LOKIASV2_1349_AF2_hypothetical_protein	6kbn-assembly1.cif.gz_A Crystal structure of Vac8 (del 19-33) bound to Atg13	0.113	206	182	36	241	3	208	4.041E-03	123
LOKIASV2_1349_AF2_hypothetical_protein	2z6g-assembly1.cif.gz_A	LOKIASV2_1349_AF2_hypothetical_protein	2z6g-assembly1.cif.gz_A Crystal Structure of a Full-Length Zebrafish Beta-Catenin	0.151	233	183	13	229	6	238	3.852E-03	123
LOKIASV2_1349_AF2_hypothetical_protein	5hiu-assembly2.cif.gz_B	LOKIASV2_1349_AF2_hypothetical_protein	5hiu-assembly2.cif.gz_B Structure of the TSC2 N-terminus	0.124	204	161	36	220	4	207	1.162E-02	122
LOKIASV2_1349_AF2_hypothetical_protein	3sla-assembly5.cif.gz_E	LOKIASV2_1349_AF2_hypothetical_protein	3sla-assembly5.cif.gz_E X-ray structure of first four repeats of human beta-catenin	0.134	155	126	33	179	6	160	1.550E-02	121
LOKIASV2_1349_AF2_hypothetical_protein	4qmh-assembly1.cif.gz_A	LOKIASV2_1349_AF2_hypothetical_protein	4qmh-assembly1.cif.gz_A The XMAP215 family drives microtubule polymerization using a structurally diverse TOG array	0.161	221	175	32	240	9	229	1.217E-03	120
LOKIASV2_1349_AF2_hypothetical_protein	4k92-assembly2.cif.gz_B	LOKIASV2_1349_AF2_hypothetical_protein	4k92-assembly2.cif.gz_B A Cryptic TOG Domain with a Distinct Architecture Underlies CLASP-Dependent Bipolar Spindle Formation	0.098	220	189	30	240	23	242	6.837E-04	119
LOKIASV2_1349_AF2_hypothetical_protein	4r11-assembly1.cif.gz_A	LOKIASV2_1349_AF2_hypothetical_protein	4r11-assembly1.cif.gz_A A conserved phosphorylation switch controls the interaction between cadherin and beta-catenin in vitro and in vivo	0.147	207	162	38	228	2	208	2.752E-03	119
LOKIASV2_1349_AF2_hypothetical_protein	3ifq-assembly1.cif.gz_A	LOKIASV2_1349_AF2_hypothetical_protein	3ifq-assembly1.cif.gz_A Interction of plakoglobin and beta-catenin with desmosomal cadherins	0.147	246	189	17	239	2	247	5.934E-03	119
LOKIASV2_1349_AF2_hypothetical_protein	7sqc-assembly1.cif.gz_J0	LOKIASV2_1349_AF2_hypothetical_protein	7sqc-assembly1.cif.gz_J0 Ciliary C1 central pair apparatus isolated from Chlamydomonas reinhardtii	0.130	230	181	33	241	155	384	3.335E-03	118
LOKIASV2_1349_AF2_hypothetical_protein	8j07-assembly1.cif.gz_u7	LOKIASV2_1349_AF2_hypothetical_protein	8j07-assembly1.cif.gz_u7 96nm repeat of human respiratory doublet microtubule and associated axonemal complexes	0.130	214	179	35	241	270	483	5.656E-03	118
LOKIASV2_1349_AF2_hypothetical_protein	1qbk-assembly1.cif.gz_B	LOKIASV2_1349_AF2_hypothetical_protein	1qbk-assembly1.cif.gz_B STRUCTURE OF THE KARYOPHERIN BETA2-RAN GPPNHP NUCLEAR TRANSPORT COMPLEX	0.137	243	180	30	239	600	842	6.211E-04	118
LOKIASV2_1349_AF2_hypothetical_protein	4g3a-assembly1.cif.gz_A	LOKIASV2_1349_AF2_hypothetical_protein	4g3a-assembly1.cif.gz_A Crystal Structure of MAST/Orbit N-terminal domain	0.162	211	168	39	240	8	218	3.030E-03	117
LOKIASV2_1349_AF2_hypothetical_protein	7xyx-assembly1.cif.gz_B	LOKIASV2_1349_AF2_hypothetical_protein	7xyx-assembly1.cif.gz_B Crystal structure of ZYG11B bound to CFLH degron	0.115	234	166	28	216	7	240	4.240E-03	117
LOKIASV2_1349_AF2_hypothetical_protein	1un0-assembly1.cif.gz_A	LOKIASV2_1349_AF2_hypothetical_protein	1un0-assembly1.cif.gz_A Crystal Structure of Yeast Karyopherin (Importin) alpha in complex with a Nup2p N-terminal fragment	0.119	226	182	32	239	168	393	3.030E-03	117
LOKIASV2_1349_AF2_hypothetical_protein	1th1-assembly2.cif.gz_B	LOKIASV2_1349_AF2_hypothetical_protein	1th1-assembly2.cif.gz_B Beta-catenin in complex with a phosphorylated APC 20aa repeat fragment	0.145	225	180	31	241	3	227	1.108E-02	117
LOKIASV2_1349_AF2_hypothetical_protein	7yc2-assembly1.cif.gz_A	LOKIASV2_1349_AF2_hypothetical_protein	7yc2-assembly1.cif.gz_A Crystal structure of auxiliary protein in complex with human protein	0.137	232	167	36	229	6	237	2.271E-03	116
LOKIASV2_1349_AF2_hypothetical_protein	1g3j-assembly1.cif.gz_A	LOKIASV2_1349_AF2_hypothetical_protein	1g3j-assembly1.cif.gz_A CRYSTAL STRUCTURE OF THE XTCF3-CBD/BETA-CATENIN ARMADILLO REPEAT COMPLEX	0.151	229	180	17	229	3	231	1.162E-02	116
LOKIASV2_1349_AF2_hypothetical_protein	3gq2-assembly3.cif.gz_B	LOKIASV2_1349_AF2_hypothetical_protein	3gq2-assembly3.cif.gz_B Crystal Structure of the Dimer of the p115 Tether Globular Head Domain	0.162	215	151	39	219	49	263	1.408E-02	116
LOKIASV2_1349_AF2_hypothetical_protein	5yvh-assembly1.cif.gz_A	LOKIASV2_1349_AF2_hypothetical_protein	5yvh-assembly1.cif.gz_A Crystal structure of Karyopherin beta2 in complex with FUS(371-526)	0.176	195	149	35	216	338	532	7.544E-03	116
LOKIASV2_1349_AF2_hypothetical_protein	4tnm-assembly1.cif.gz_A	LOKIASV2_1349_AF2_hypothetical_protein	4tnm-assembly1.cif.gz_A Crystal structure of Arabidopsis importin-alpha3 armadillo repeat domain	0.129	232	179	36	241	38	269	6.226E-03	115
LOKIASV2_1349_AF2_hypothetical_protein	1jdh-assembly1.cif.gz_A	LOKIASV2_1349_AF2_hypothetical_protein	1jdh-assembly1.cif.gz_A CRYSTAL STRUCTURE OF BETA-CATENIN AND HTCF-4	0.153	193	152	36	216	9	201	1.879E-02	115
LOKIASV2_1349_AF2_hypothetical_protein	3tx7-assembly1.cif.gz_A	LOKIASV2_1349_AF2_hypothetical_protein	3tx7-assembly1.cif.gz_A Crystal structure of LRH-1/beta-catenin complex	0.140	223	179	33	241	3	225	8.713E-03	114
LOKIASV2_1349_AF2_hypothetical_protein	3ifq-assembly3.cif.gz_B	LOKIASV2_1349_AF2_hypothetical_protein	3ifq-assembly3.cif.gz_B Interction of plakoglobin and beta-catenin with desmosomal cadherins	0.104	205	170	39	229	190	394	1.342E-02	114
LOKIASV2_1349_AF2_hypothetical_protein	7ycx-assembly1.cif.gz_G	LOKIASV2_1349_AF2_hypothetical_protein	7ycx-assembly1.cif.gz_G The structure of INTAC-PEC complex	0.145	243	180	31	241	228	470	7.190E-03	114
LOKIASV2_1349_AF2_hypothetical_protein	3woy-assembly1.cif.gz_A	LOKIASV2_1349_AF2_hypothetical_protein	3woy-assembly1.cif.gz_A Crystal structure of CLASP2 TOG domain (TOG2)	0.100	178	156	33	210	69	242	3.671E-03	113
LOKIASV2_1349_AF2_hypothetical_protein	3t7u-assembly2.cif.gz_B	LOKIASV2_1349_AF2_hypothetical_protein	3t7u-assembly2.cif.gz_B A NeW Crystal structure of APC-ARM	0.116	240	179	36	239	2	241	1.056E-02	112
LOKIASV2_1349_AF2_hypothetical_protein	2yns-assembly1.cif.gz_A	LOKIASV2_1349_AF2_hypothetical_protein	2yns-assembly1.cif.gz_A rImp_alpha_B54NLS	0.130	223	179	35	241	168	390	3.030E-03	112
LOKIASV2_1349_AF2_hypothetical_protein	5xjg-assembly1.cif.gz_C	LOKIASV2_1349_AF2_hypothetical_protein	5xjg-assembly1.cif.gz_C Crystal structure of Vac8p bound to Nvj1p	0.136	216	159	33	217	42	257	5.934E-03	112
LOKIASV2_1349_AF2_hypothetical_protein	2qmr-assembly3.cif.gz_C	LOKIASV2_1349_AF2_hypothetical_protein	2qmr-assembly3.cif.gz_C Karyopherin beta2/transportin	0.179	186	143	50	224	348	533	7.544E-03	112
LOKIASV2_1349_AF2_hypothetical_protein	4djs-assembly1.cif.gz_A	LOKIASV2_1349_AF2_hypothetical_protein	4djs-assembly1.cif.gz_A Structure of beta-catenin in complex with a stapled peptide inhibitor	0.149	196	156	33	216	3	198	1.342E-02	111
LOKIASV2_1349_AF2_hypothetical_protein	7sqc-assembly1.cif.gz_G3	LOKIASV2_1349_AF2_hypothetical_protein	7sqc-assembly1.cif.gz_G3 Ciliary C1 central pair apparatus isolated from Chlamydomonas reinhardtii	0.113	231	184	33	241	126	356	3.671E-03	110
LOKIASV2_1349_AF2_hypothetical_protein	1i7w-assembly1.cif.gz_C	LOKIASV2_1349_AF2_hypothetical_protein	1i7w-assembly1.cif.gz_C BETA-CATENIN/PHOSPHORYLATED E-CADHERIN COMPLEX	0.094	220	170	53	241	198	417	7.915E-03	110
LOKIASV2_1349_AF2_hypothetical_protein	8aw4-assembly1.cif.gz_B	LOKIASV2_1349_AF2_hypothetical_protein	8aw4-assembly1.cif.gz_B Structure of a complex of biosynthetic proteins bB-E3 and bGFPD-YY	0.208	119	80	36	154	6	107	3.186E-02	109
LOKIASV2_1349_AF2_hypothetical_protein	6owo-assembly1.cif.gz_A	LOKIASV2_1349_AF2_hypothetical_protein	6owo-assembly1.cif.gz_A CRYO-EM STRUCTURE OF PHOSPHORYLATED AP-2 CORE BOUND TO NECAP	0.084	257	190	32	239	189	445	5.138E-03	109
LOKIASV2_1349_AF2_hypothetical_protein	7rro-assembly1.cif.gz_H7	LOKIASV2_1349_AF2_hypothetical_protein	7rro-assembly1.cif.gz_H7 Structure of the 48-nm repeat doublet microtubule from bovine tracheal cilia	0.150	201	164	36	229	131	331	8.713E-03	109
LOKIASV2_1349_AF2_hypothetical_protein	5dn7-assembly1.cif.gz_A	LOKIASV2_1349_AF2_hypothetical_protein	5dn7-assembly1.cif.gz_A Crescerin uses a TOG domain array to regulate microtubules in the primary cilium	0.150	201	167	41	241	8	204	7.544E-03	108
LOKIASV2_1349_AF2_hypothetical_protein	7ep0-assembly1.cif.gz_A	LOKIASV2_1349_AF2_hypothetical_protein	7ep0-assembly1.cif.gz_A Crystal structure of ZYG11B bound to GSTE degron	0.117	237	168	26	216	6	242	4.897E-03	108
LOKIASV2_1349_AF2_hypothetical_protein	7sqc-assembly1.cif.gz_J2	LOKIASV2_1349_AF2_hypothetical_protein	7sqc-assembly1.cif.gz_J2 Ciliary C1 central pair apparatus isolated from Chlamydomonas reinhardtii	0.126	238	182	33	241	155	392	1.219E-02	108
LOKIASV2_1349_AF2_hypothetical_protein	7vpt-assembly1.cif.gz_A	LOKIASV2_1349_AF2_hypothetical_protein	7vpt-assembly1.cif.gz_A Structure of the C. glabrata importin alpha ARM domain - Upc2 NLS fusion	0.150	253	207	32	275	182	434	3.179E-03	108
LOKIASV2_1349_AF2_hypothetical_protein	2z6h-assembly1.cif.gz_A	LOKIASV2_1349_AF2_hypothetical_protein	2z6h-assembly1.cif.gz_A Crystal Structure of Beta-Catenin Armadillo Repeat Region and Its C-Terminal domain	0.091	238	184	39	241	176	413	1.342E-02	108
LOKIASV2_1349_AF2_hypothetical_protein	6oxl-assembly1.cif.gz_A	LOKIASV2_1349_AF2_hypothetical_protein	6oxl-assembly1.cif.gz_A CRYO-EM STRUCTURE OF PHOSPHORYLATED AP-2 (mu E302K) BOUND TO NECAP IN THE PRESENCE OF SS DNA	0.090	263	190	32	241	195	457	4.667E-03	108
LOKIASV2_1349_AF2_hypothetical_protein	2qmr-assembly2.cif.gz_B	LOKIASV2_1349_AF2_hypothetical_protein	2qmr-assembly2.cif.gz_B Karyopherin beta2/transportin	0.181	178	136	50	216	325	502	1.478E-02	108
LOKIASV2_1349_AF2_hypothetical_protein	2qmr-assembly4.cif.gz_D	LOKIASV2_1349_AF2_hypothetical_protein	2qmr-assembly4.cif.gz_D Karyopherin beta2/transportin	0.183	175	133	53	216	362	536	8.713E-03	108
LOKIASV2_1349_AF2_hypothetical_protein	8cdj-assembly1.cif.gz_D	LOKIASV2_1349_AF2_hypothetical_protein	8cdj-assembly1.cif.gz_D CAND1 b-hairpin++-SCF-SKP2 CAND1 rolling SCF engaged	0.133	220	175	37	239	550	769	1.342E-02	108
LOKIASV2_1349_AF2_hypothetical_protein	1i7w-assembly1.cif.gz_A	LOKIASV2_1349_AF2_hypothetical_protein	1i7w-assembly1.cif.gz_A BETA-CATENIN/PHOSPHORYLATED E-CADHERIN COMPLEX	0.145	215	168	33	229	2	216	1.971E-02	107
LOKIASV2_1349_AF2_hypothetical_protein	1i7x-assembly1.cif.gz_A	LOKIASV2_1349_AF2_hypothetical_protein	1i7x-assembly1.cif.gz_A BETA-CATENIN/E-CADHERIN COMPLEX	0.134	244	191	19	239	2	245	1.879E-02	107
LOKIASV2_1349_AF2_hypothetical_protein	1qz7-assembly1.cif.gz_A	LOKIASV2_1349_AF2_hypothetical_protein	1qz7-assembly1.cif.gz_A Beta-catenin binding domain of Axin in complex with beta-catenin	0.149	215	167	33	229	9	223	1.707E-02	107
LOKIASV2_1349_AF2_hypothetical_protein	3ltm-assembly1.cif.gz_B	LOKIASV2_1349_AF2_hypothetical_protein	3ltm-assembly1.cif.gz_B Structure of a new family of artificial alpha helicoidal repeat proteins (alpha-Rep) based on thermostable HEAT-like repeats	0.167	181	148	36	216	2	180	2.500E-03	106
LOKIASV2_1349_AF2_hypothetical_protein	1jpp-assembly2.cif.gz_B	LOKIASV2_1349_AF2_hypothetical_protein	1jpp-assembly2.cif.gz_B The Structure of a beta-Catenin Binding Repeat from Adenomatous Polyposis Coli (APC) in Complex with beta-Catenin	0.141	229	174	36	239	4	232	9.591E-03	106
LOKIASV2_1349_AF2_hypothetical_protein	2gl7-assembly1.cif.gz_A	LOKIASV2_1349_AF2_hypothetical_protein	2gl7-assembly1.cif.gz_A Crystal Structure of a beta-catenin/BCL9/Tcf4 complex	0.164	207	160	36	227	5	211	1.879E-02	106
LOKIASV2_1349_AF2_hypothetical_protein	2qmr-assembly1.cif.gz_A	LOKIASV2_1349_AF2_hypothetical_protein	2qmr-assembly1.cif.gz_A Karyopherin beta2/transportin	0.174	192	145	50	225	359	550	7.544E-03	106
LOKIASV2_1349_AF2_hypothetical_protein	5cwh-assembly1.cif.gz_A	LOKIASV2_1349_AF2_hypothetical_protein	5cwh-assembly1.cif.gz_A Crystal structure of de novo designed helical repeat protein DHR14	0.195	142	111	99	240	11	149	1.879E-02	105
LOKIASV2_1349_AF2_hypothetical_protein	6ylg-assembly1.cif.gz_K	LOKIASV2_1349_AF2_hypothetical_protein	6ylg-assembly1.cif.gz_K Rix1-Rea1 pre-60S particle - 60S core, body 1 (rigid body refinement)	0.113	171	148	68	238	40	207	1.791E-02	105
LOKIASV2_1349_AF2_hypothetical_protein	4xl5-assembly1.cif.gz_C	LOKIASV2_1349_AF2_hypothetical_protein	4xl5-assembly1.cif.gz_C X-ray structure of bGFP-A / EGFP complex	0.153	206	174	36	241	2	207	2.887E-03	105
LOKIASV2_1349_AF2_hypothetical_protein	2w3c-assembly1.cif.gz_A	LOKIASV2_1349_AF2_hypothetical_protein	2w3c-assembly1.cif.gz_A Globular head region of the human general vesicular transport factor p115	0.174	221	159	36	228	8	228	3.186E-02	105
LOKIASV2_1349_AF2_hypothetical_protein	3oc3-assembly2.cif.gz_B	LOKIASV2_1349_AF2_hypothetical_protein	3oc3-assembly2.cif.gz_B Crystal structure of the Mot1 N-terminal domain in complex with TBP	0.193	189	146	51	239	196	377	8.713E-03	105
LOKIASV2_1349_AF2_hypothetical_protein	2ot8-assembly2.cif.gz_B	LOKIASV2_1349_AF2_hypothetical_protein	2ot8-assembly2.cif.gz_B Karyopherin Beta2/Transportin-hnRNPM NLS Complex	0.144	245	181	30	241	533	777	5.656E-03	105
LOKIASV2_1349_AF2_hypothetical_protein	5j3v-assembly1.cif.gz_A	LOKIASV2_1349_AF2_hypothetical_protein	5j3v-assembly1.cif.gz_A Crystal structure of human Karyopherin-beta2 bound to the histone H3 tail	0.152	247	177	30	239	553	799	3.852E-03	105
LOKIASV2_1349_AF2_hypothetical_protein	7xyv-assembly1.cif.gz_A	LOKIASV2_1349_AF2_hypothetical_protein	7xyv-assembly1.cif.gz_A Crystal structure of ZYG11B bound to SFLH degron	0.132	241	176	27	230	7	247	9.142E-03	104
LOKIASV2_1349_AF2_hypothetical_protein	3qhe-assembly1.cif.gz_A	LOKIASV2_1349_AF2_hypothetical_protein	3qhe-assembly1.cif.gz_A Crystal structure of the complex between the armadillo repeat domain of adenomatous polyposis coli and the tyrosine-rich domain of Sam68	0.120	251	179	36	239	6	256	1.408E-02	104
LOKIASV2_1349_AF2_hypothetical_protein	7q4p-assembly1.cif.gz_A	LOKIASV2_1349_AF2_hypothetical_protein	7q4p-assembly1.cif.gz_A U2 snRNP after ATP-dependent remodelling	0.085	218	196	27	241	3	220	3.179E-03	103
LOKIASV2_1349_AF2_hypothetical_protein	7sqc-assembly1.cif.gz_H3	LOKIASV2_1349_AF2_hypothetical_protein	7sqc-assembly1.cif.gz_H3 Ciliary C1 central pair apparatus isolated from Chlamydomonas reinhardtii	0.106	231	186	33	241	121	351	1.108E-02	103
LOKIASV2_1349_AF2_hypothetical_protein	1jpp-assembly1.cif.gz_A	LOKIASV2_1349_AF2_hypothetical_protein	1jpp-assembly1.cif.gz_A The Structure of a beta-Catenin Binding Repeat from Adenomatous Polyposis Coli (APC) in Complex with beta-Catenin	0.137	210	170	33	230	130	339	6.226E-03	103
LOKIASV2_1349_AF2_hypothetical_protein	3vwa-assembly2.cif.gz_B	LOKIASV2_1349_AF2_hypothetical_protein	3vwa-assembly2.cif.gz_B Crystal structure of Cex1p	0.174	256	189	10	239	253	508	2.500E-03	103
LOKIASV2_1349_AF2_hypothetical_protein	2ot8-assembly1.cif.gz_A	LOKIASV2_1349_AF2_hypothetical_protein	2ot8-assembly1.cif.gz_A Karyopherin Beta2/Transportin-hnRNPM NLS Complex	0.139	247	180	32	241	542	788	5.138E-03	103
LOKIASV2_1349_AF2_hypothetical_protein	4fdd-assembly1.cif.gz_A	LOKIASV2_1349_AF2_hypothetical_protein	4fdd-assembly1.cif.gz_A Crystal structure of KAP beta2-PY-NLS	0.150	245	179	30	241	556	800	4.667E-03	103
LOKIASV2_1349_AF2_hypothetical_protein	4evt-assembly1.cif.gz_A	LOKIASV2_1349_AF2_hypothetical_protein	4evt-assembly1.cif.gz_A Crystal Structure of Mouse Catenin beta-59 in 8.3M urea	0.137	215	174	27	229	114	328	1.219E-02	102
LOKIASV2_1349_AF2_hypothetical_protein	7zrb-assembly2.cif.gz_B	LOKIASV2_1349_AF2_hypothetical_protein	7zrb-assembly2.cif.gz_B Crystal structure of Beta-catenin Armadillo repeats domain in complex with the inhibitor RS6452	0.140	229	175	36	239	9	237	1.478E-02	102
LOKIASV2_1349_AF2_hypothetical_protein	3oc3-assembly1.cif.gz_A	LOKIASV2_1349_AF2_hypothetical_protein	3oc3-assembly1.cif.gz_A Crystal structure of the Mot1 N-terminal domain in complex with TBP	0.198	191	146	51	241	198	380	4.448E-03	102
LOKIASV2_1349_AF2_hypothetical_protein	6veh-assembly1.cif.gz_A	LOKIASV2_1349_AF2_hypothetical_protein	6veh-assembly1.cif.gz_A Computationally designed C3-symmetric homotrimer from HEAT repeat protein	0.178	167	127	50	216	22	176	5.138E-03	101
LOKIASV2_1349_AF2_hypothetical_protein	1g3j-assembly2.cif.gz_C	LOKIASV2_1349_AF2_hypothetical_protein	1g3j-assembly2.cif.gz_C CRYSTAL STRUCTURE OF THE XTCF3-CBD/BETA-CATENIN ARMADILLO REPEAT COMPLEX	0.096	219	187	34	241	97	315	4.050E-02	101
LOKIASV2_1349_AF2_hypothetical_protein	5yvi-assembly1.cif.gz_A	LOKIASV2_1349_AF2_hypothetical_protein	5yvi-assembly1.cif.gz_A Crystal structure of Karyopherin beta2 in complex with FUS(456-526)	0.171	246	173	32	241	550	795	3.499E-03	101
LOKIASV2_1349_AF2_hypothetical_protein	1t08-assembly1.cif.gz_A	LOKIASV2_1349_AF2_hypothetical_protein	1t08-assembly1.cif.gz_A Crystal structure of beta-catenin/ICAT helical domain/unphosphorylated APC R3	0.147	221	174	35	239	133	353	3.680E-02	100
LOKIASV2_1349_AF2_hypothetical_protein	7rro-assembly1.cif.gz_H8	LOKIASV2_1349_AF2_hypothetical_protein	7rro-assembly1.cif.gz_H8 Structure of the 48-nm repeat doublet microtubule from bovine tracheal cilia	0.151	200	161	39	229	131	330	1.478E-02	100
LOKIASV2_1349_AF2_hypothetical_protein	8twi-assembly1.cif.gz_A	LOKIASV2_1349_AF2_hypothetical_protein	8twi-assembly1.cif.gz_A Cryo-EM structure of the PP2A:B55-FAM122A complex, PP2Ac body	0.145	167	142	57	223	26	192	5.138E-03	99
LOKIASV2_1349_AF2_hypothetical_protein	3l9t-assembly1.cif.gz_A	LOKIASV2_1349_AF2_hypothetical_protein	3l9t-assembly1.cif.gz_A The Crystal Structure of smu.31 from Streptococcus mutans UA159	0.150	202	163	39	240	2	194	5.390E-03	99
LOKIASV2_1349_AF2_hypothetical_protein	7ep2-assembly2.cif.gz_D	LOKIASV2_1349_AF2_hypothetical_protein	7ep2-assembly2.cif.gz_D Crystal structure of ZYG11B bound to GGFN degron	0.142	276	207	33	274	6	281	3.852E-03	99
LOKIASV2_1349_AF2_hypothetical_protein	1luj-assembly1.cif.gz_A	LOKIASV2_1349_AF2_hypothetical_protein	1luj-assembly1.cif.gz_A Crystal Structure of the Beta-catenin/ICAT Complex	0.135	229	176	36	239	4	232	2.758E-02	99
LOKIASV2_1349_AF2_hypothetical_protein	5j3v-assembly2.cif.gz_B	LOKIASV2_1349_AF2_hypothetical_protein	5j3v-assembly2.cif.gz_B Crystal structure of human Karyopherin-beta2 bound to the histone H3 tail	0.147	245	177	32	239	532	776	7.915E-03	99
LOKIASV2_1349_AF2_hypothetical_protein	2h4m-assembly1.cif.gz_A	LOKIASV2_1349_AF2_hypothetical_protein	2h4m-assembly1.cif.gz_A Karyopherin Beta2/Transportin-M9NLS	0.165	205	149	50	228	351	555	6.532E-03	99
LOKIASV2_1349_AF2_hypothetical_protein	7dvq-assembly1.cif.gz_K	LOKIASV2_1349_AF2_hypothetical_protein	7dvq-assembly1.cif.gz_K Cryo-EM Structure of the Activated Human Minor Spliceosome (minor Bact Complex)	0.145	172	138	68	229	2	173	2.758E-02	98
LOKIASV2_1349_AF2_hypothetical_protein	7rro-assembly1.cif.gz_H9	LOKIASV2_1349_AF2_hypothetical_protein	7rro-assembly1.cif.gz_H9 Structure of the 48-nm repeat doublet microtubule from bovine tracheal cilia	0.139	204	174	36	239	131	333	1.971E-02	98
LOKIASV2_1349_AF2_hypothetical_protein	2h4m-assembly1.cif.gz_B	LOKIASV2_1349_AF2_hypothetical_protein	2h4m-assembly1.cif.gz_B Karyopherin Beta2/Transportin-M9NLS	0.136	247	181	32	241	528	774	1.162E-02	98
LOKIASV2_1349_AF2_hypothetical_protein	6npw-assembly1.cif.gz_C	LOKIASV2_1349_AF2_hypothetical_protein	6npw-assembly1.cif.gz_C SSu72/Sympk in complex with Ser2/Ser5 phosphorylated peptide	0.116	265	179	37	239	36	300	3.852E-03	97
LOKIASV2_1349_AF2_hypothetical_protein	3v6a-assembly1.cif.gz_A	LOKIASV2_1349_AF2_hypothetical_protein	3v6a-assembly1.cif.gz_A Helical repeat structure of apoptosis inhibitor 5 reveals protein-protein interaction modules	0.121	204	166	36	239	6	195	1.056E-02	97
LOKIASV2_1349_AF2_hypothetical_protein	6kbm-assembly1.cif.gz_A	LOKIASV2_1349_AF2_hypothetical_protein	6kbm-assembly1.cif.gz_A Crystal structure of Vac8 bound to Atg13	0.128	271	188	4	220	1	271	5.934E-03	97
LOKIASV2_1349_AF2_hypothetical_protein	4r11-assembly3.cif.gz_E	LOKIASV2_1349_AF2_hypothetical_protein	4r11-assembly3.cif.gz_E A conserved phosphorylation switch controls the interaction between cadherin and beta-catenin in vitro and in vivo	0.159	202	164	39	240	2	197	3.507E-02	97
LOKIASV2_1349_AF2_hypothetical_protein	2xwu-assembly1.cif.gz_B	LOKIASV2_1349_AF2_hypothetical_protein	2xwu-assembly1.cif.gz_B CRYSTAL STRUCTURE OF IMPORTIN 13 - UBC9 COMPLEX	0.138	198	157	33	215	419	616	1.791E-02	97
LOKIASV2_1349_AF2_hypothetical_protein	7ep2-assembly2.cif.gz_C	LOKIASV2_1349_AF2_hypothetical_protein	7ep2-assembly2.cif.gz_C Crystal structure of ZYG11B bound to GGFN degron	0.138	272	203	39	274	12	283	4.448E-03	96
LOKIASV2_1349_AF2_hypothetical_protein	8d00-assembly1.cif.gz_A	LOKIASV2_1349_AF2_hypothetical_protein	8d00-assembly1.cif.gz_A Structure of the Arabidopsis thaliana SPIRAL2 TOG domain	0.135	217	163	51	240	70	286	6.226E-03	96
LOKIASV2_1349_AF2_hypothetical_protein	6ylh-assembly1.cif.gz_K	LOKIASV2_1349_AF2_hypothetical_protein	6ylh-assembly1.cif.gz_K Rix1-Rea1 pre-60S particle - full composite structure	0.111	165	141	68	232	40	199	4.678E-02	95
LOKIASV2_1349_AF2_hypothetical_protein	3t7u-assembly1.cif.gz_A	LOKIASV2_1349_AF2_hypothetical_protein	3t7u-assembly1.cif.gz_A A NeW Crystal structure of APC-ARM	0.130	238	177	36	239	2	239	4.908E-02	95
LOKIASV2_1349_AF2_hypothetical_protein	6ef4-assembly1.cif.gz_A	LOKIASV2_1349_AF2_hypothetical_protein	6ef4-assembly1.cif.gz_A Crystal structure of mouse PP2A Aalpha P179R mutant	0.129	189	160	27	215	384	568	1.056E-02	95
LOKIASV2_1349_AF2_hypothetical_protein	8t1o-assembly1.cif.gz_A	LOKIASV2_1349_AF2_hypothetical_protein	8t1o-assembly1.cif.gz_A AP2 bound to MSP2N2 nanodisc with Tgn38 cargo peptide; composite map	0.108	272	207	5	237	185	456	2.170E-02	95
LOKIASV2_1349_AF2_hypothetical_protein	8sgh-assembly1.cif.gz_A	LOKIASV2_1349_AF2_hypothetical_protein	8sgh-assembly1.cif.gz_A Cryo-EM structure of Karyopherin-beta2 bound to HNRNPH2 PY-NLS	0.146	265	202	32	268	568	832	5.656E-03	95
LOKIASV2_1349_AF2_hypothetical_protein	2p8q-assembly1.cif.gz_A	LOKIASV2_1349_AF2_hypothetical_protein	2p8q-assembly1.cif.gz_A Crystal Structure of human Importin beta bound to the Snurportin1 IBB-domain	0.090	243	177	32	226	406	648	1.627E-02	95
LOKIASV2_1349_AF2_hypothetical_protein	3w3y-assembly1.cif.gz_A	LOKIASV2_1349_AF2_hypothetical_protein	3w3y-assembly1.cif.gz_A Crystal structure of Kap121p bound to Nup53p	0.131	327	262	35	337	352	678	3.499E-03	95
LOKIASV2_1349_AF2_hypothetical_protein	7xyx-assembly1.cif.gz_A	LOKIASV2_1349_AF2_hypothetical_protein	7xyx-assembly1.cif.gz_A Crystal structure of ZYG11B bound to CFLH degron	0.123	226	158	36	216	16	241	3.186E-02	94
LOKIASV2_1349_AF2_hypothetical_protein	2of3-assembly1.cif.gz_A	LOKIASV2_1349_AF2_hypothetical_protein	2of3-assembly1.cif.gz_A TOG domain structure from C.elegans Zyg9	0.150	200	168	43	241	60	259	3.186E-02	94
LOKIASV2_1349_AF2_hypothetical_protein	1v18-assembly1.cif.gz_A	LOKIASV2_1349_AF2_hypothetical_protein	1v18-assembly1.cif.gz_A The crystal structure of beta-catenin armadillo repeat complexed with a phosphorylated APC 20mer repeat.	0.091	284	209	35	265	129	412	6.532E-03	94
LOKIASV2_1349_AF2_hypothetical_protein	2pf4-assembly3.cif.gz_C	LOKIASV2_1349_AF2_hypothetical_protein	2pf4-assembly3.cif.gz_C Crystal structure of the full-length simian virus 40 small t antigen complexed with the protein phosphatase 2A Aalpha subunit	0.132	207	177	37	241	152	358	3.680E-02	94
LOKIASV2_1349_AF2_hypothetical_protein	1u6g-assembly1.cif.gz_C	LOKIASV2_1349_AF2_hypothetical_protein	1u6g-assembly1.cif.gz_C Crystal Structure of The Cand1-Cul1-Roc1 Complex	0.115	223	181	36	241	5	227	2.629E-02	94
LOKIASV2_1349_AF2_hypothetical_protein	3sl9-assembly4.cif.gz_G	LOKIASV2_1349_AF2_hypothetical_protein	3sl9-assembly4.cif.gz_G X-ray structure of Beta catenin in complex with Bcl9	0.151	148	115	32	179	21	157	2.170E-02	93
LOKIASV2_1349_AF2_hypothetical_protein	7xyw-assembly1.cif.gz_A	LOKIASV2_1349_AF2_hypothetical_protein	7xyw-assembly1.cif.gz_A Crystal structure of ZYG11B bound to AFLH degron	0.127	234	164	28	216	8	241	2.068E-02	93
LOKIASV2_1349_AF2_hypothetical_protein	7m6k-assembly1.cif.gz_A	LOKIASV2_1349_AF2_hypothetical_protein	7m6k-assembly1.cif.gz_A Crystal structure of the ARM domain from Drosophila SARM1 in complex with VMN	0.114	229	163	32	216	73	301	1.478E-02	93
LOKIASV2_1349_AF2_hypothetical_protein	3bct-assembly1.cif.gz_A	LOKIASV2_1349_AF2_hypothetical_protein	3bct-assembly1.cif.gz_A THE ARMADILLO REPEAT REGION FROM MURINE BETA-CATENIN	0.094	217	192	53	265	148	364	3.037E-02	93
LOKIASV2_1349_AF2_hypothetical_protein	7jtk-assembly1.cif.gz_X	LOKIASV2_1349_AF2_hypothetical_protein	7jtk-assembly1.cif.gz_X Radial spoke 1 isolated from Chlamydomonas reinhardtii	0.126	198	154	39	215	83	280	5.669E-02	92
LOKIASV2_1349_AF2_hypothetical_protein	1ibr-assembly2.cif.gz_D	LOKIASV2_1349_AF2_hypothetical_protein	1ibr-assembly2.cif.gz_D COMPLEX OF RAN WITH IMPORTIN BETA	0.126	245	173	30	228	167	411	4.050E-02	92
LOKIASV2_1349_AF2_hypothetical_protein	8p2l-assembly1.cif.gz_A	LOKIASV2_1349_AF2_hypothetical_protein	8p2l-assembly1.cif.gz_A A CHIMERA construct containing human SARM1 ARM and SAM domains and C. elegans TIR domain.	0.123	237	186	27	239	4	240	1.108E-02	92
LOKIASV2_1349_AF2_hypothetical_protein	5h78-assembly1.cif.gz_B	LOKIASV2_1349_AF2_hypothetical_protein	5h78-assembly1.cif.gz_B Crystal structure of the PKA-DHR14 fusion protein	0.179	186	141	55	240	12	184	1.791E-02	91
LOKIASV2_1349_AF2_hypothetical_protein	5vjc-assembly1.cif.gz_A	LOKIASV2_1349_AF2_hypothetical_protein	5vjc-assembly1.cif.gz_A TOG-tubulin binding specificity promotes microtubule dynamics and mitotic spindle formation	0.136	227	179	34	241	32	258	8.713E-03	91
LOKIASV2_1349_AF2_hypothetical_protein	3nmx-assembly3.cif.gz_C	LOKIASV2_1349_AF2_hypothetical_protein	3nmx-assembly3.cif.gz_C Crystal structure of APC complexed with Asef	0.125	247	178	36	239	4	250	3.861E-02	91
LOKIASV2_1349_AF2_hypothetical_protein	7f7o-assembly1.cif.gz_A	LOKIASV2_1349_AF2_hypothetical_protein	7f7o-assembly1.cif.gz_A APC-Asef FP assay tracer	0.126	246	181	32	239	6	251	4.050E-02	91
LOKIASV2_1349_AF2_hypothetical_protein	3l6y-assembly3.cif.gz_E	LOKIASV2_1349_AF2_hypothetical_protein	3l6y-assembly3.cif.gz_E Crystal structure of p120 catenin in complex with E-cadherin	0.153	234	168	38	236	12	245	2.894E-02	91
LOKIASV2_1349_AF2_hypothetical_protein	6owo-assembly1.cif.gz_B	LOKIASV2_1349_AF2_hypothetical_protein	6owo-assembly1.cif.gz_B CRYO-EM STRUCTURE OF PHOSPHORYLATED AP-2 CORE BOUND TO NECAP	0.149	237	197	5	241	18	249	3.186E-02	91
LOKIASV2_1349_AF2_hypothetical_protein	4lac-assembly1.cif.gz_A	LOKIASV2_1349_AF2_hypothetical_protein	4lac-assembly1.cif.gz_A Crystal Structure of Protein Phosphatase 2A (PP2A) and PP2A phosphatase activator (PTPA) complex with ATPgammaS	0.117	219	192	5	223	11	228	9.591E-03	90
LOKIASV2_1349_AF2_hypothetical_protein	7xyv-assembly1.cif.gz_B	LOKIASV2_1349_AF2_hypothetical_protein	7xyv-assembly1.cif.gz_B Crystal structure of ZYG11B bound to SFLH degron	0.122	227	158	36	216	16	242	3.861E-02	90
LOKIASV2_1349_AF2_hypothetical_protein	8twe-assembly1.cif.gz_A	LOKIASV2_1349_AF2_hypothetical_protein	8twe-assembly1.cif.gz_A Cryo-EM structure of the PP2A:B55-FAM122A complex, B55 body	0.122	227	194	47	273	97	318	1.707E-02	90
LOKIASV2_1349_AF2_hypothetical_protein	3nmx-assembly2.cif.gz_B	LOKIASV2_1349_AF2_hypothetical_protein	3nmx-assembly2.cif.gz_B Crystal structure of APC complexed with Asef	0.125	245	180	33	239	8	252	4.459E-02	89
LOKIASV2_1349_AF2_hypothetical_protein	8h3q-assembly1.cif.gz_A	LOKIASV2_1349_AF2_hypothetical_protein	8h3q-assembly1.cif.gz_A Cryo-EM Structure of the CAND1-Cul3-Rbx1 complex	0.144	244	181	29	241	410	653	3.343E-02	89
LOKIASV2_1349_AF2_hypothetical_protein	5nr4-assembly1.cif.gz_A	LOKIASV2_1349_AF2_hypothetical_protein	5nr4-assembly1.cif.gz_A Crystal structure of Clasp2 TOG1 domain	0.096	209	184	36	239	3	211	4.678E-02	88
LOKIASV2_1349_AF2_hypothetical_protein	3gs3-assembly1.cif.gz_A-2	LOKIASV2_1349_AF2_hypothetical_protein	3gs3-assembly1.cif.gz_A-2 Structure of the N-terminal HEAT Domain of Symplekin from D. melanogaster	0.107	243	173	37	231	7	249	4.908E-02	88
LOKIASV2_1349_AF2_hypothetical_protein	8d9w-assembly1.cif.gz_B	LOKIASV2_1349_AF2_hypothetical_protein	8d9w-assembly1.cif.gz_B beta-Arf1 homodimeric interface within AP-1, Arf1, Nef, MHC-I lattice on narrow tubes	0.182	148	117	73	220	2	145	3.680E-02	88
LOKIASV2_1349_AF2_hypothetical_protein	4a3t-assembly1.cif.gz_A	LOKIASV2_1349_AF2_hypothetical_protein	4a3t-assembly1.cif.gz_A yeast regulatory particle proteasome assembly chaperone Hsm3	0.142	225	191	15	238	12	236	1.006E-02	88
LOKIASV2_1349_AF2_hypothetical_protein	6mq5-assembly2.cif.gz_B	LOKIASV2_1349_AF2_hypothetical_protein	6mq5-assembly2.cif.gz_B Structure of human CLASP1 TOG1	0.133	205	173	35	239	19	219	1.342E-02	87
LOKIASV2_1349_AF2_hypothetical_protein	7ep2-assembly1.cif.gz_B	LOKIASV2_1349_AF2_hypothetical_protein	7ep2-assembly1.cif.gz_B Crystal structure of ZYG11B bound to GGFN degron	0.137	267	203	39	274	12	278	1.279E-02	87
LOKIASV2_1349_AF2_hypothetical_protein	5ife-assembly1.cif.gz_C	LOKIASV2_1349_AF2_hypothetical_protein	5ife-assembly1.cif.gz_C Crystal structure of the human SF3b core complex	0.100	243	186	32	239	547	789	4.897E-03	87
LOKIASV2_1349_AF2_hypothetical_protein	2bku-assembly1.cif.gz_B	LOKIASV2_1349_AF2_hypothetical_protein	2bku-assembly1.cif.gz_B Kap95p:RanGTP complex	0.096	221	170	53	241	347	567	3.186E-02	87
LOKIASV2_1349_AF2_hypothetical_protein	6az1-assembly1.cif.gz_a	LOKIASV2_1349_AF2_hypothetical_protein	6az1-assembly1.cif.gz_a Cryo-EM structure of the small subunit of Leishmania ribosome bound to paromomycin	0.206	63	46	626	688	10	68	3.193E-01	86
LOKIASV2_1349_AF2_hypothetical_protein	3nmw-assembly2.cif.gz_B	LOKIASV2_1349_AF2_hypothetical_protein	3nmw-assembly2.cif.gz_B Crystal structure of armadillo repeats domain of APC	0.127	216	172	33	230	116	331	5.150E-02	86
LOKIASV2_1349_AF2_hypothetical_protein	7sn8-assembly1.cif.gz_D	LOKIASV2_1349_AF2_hypothetical_protein	7sn8-assembly1.cif.gz_D Cryo-EM structure of Drosophila Integrator cleavage module (IntS4-IntS9-IntS11) in complex with IP6	0.105	209	175	33	229	183	391	6.869E-02	86
LOKIASV2_1349_AF2_hypothetical_protein	6n1z-assembly1.cif.gz_A	LOKIASV2_1349_AF2_hypothetical_protein	6n1z-assembly1.cif.gz_A Importin-9 bound to H2A-H2B	0.127	238	174	35	234	410	647	3.680E-02	86
LOKIASV2_1349_AF2_hypothetical_protein	3woz-assembly1.cif.gz_A	LOKIASV2_1349_AF2_hypothetical_protein	3woz-assembly1.cif.gz_A Crystal structure of CLASP2 TOG domain (TOG3)	0.124	162	136	73	234	4	159	9.163E-02	85
LOKIASV2_1349_AF2_hypothetical_protein	5z8h-assembly1.cif.gz_A	LOKIASV2_1349_AF2_hypothetical_protein	5z8h-assembly1.cif.gz_A APC with an inhibitor	0.131	255	184	27	239	2	256	5.150E-02	85
LOKIASV2_1349_AF2_hypothetical_protein	7anw-assembly1.cif.gz_A	LOKIASV2_1349_AF2_hypothetical_protein	7anw-assembly1.cif.gz_A hSARM1 NAD+ complex	0.126	237	185	27	239	4	240	2.170E-02	85
LOKIASV2_1349_AF2_hypothetical_protein	3w3u-assembly1.cif.gz_A	LOKIASV2_1349_AF2_hypothetical_protein	3w3u-assembly1.cif.gz_A Crystal structure of Kap121p mutant R349A/Q350A/D353A/E396A/N430K/D438A/N477A	0.131	307	234	35	304	346	652	1.707E-02	85
LOKIASV2_1349_AF2_hypothetical_protein	8d9w-assembly1.cif.gz_O	LOKIASV2_1349_AF2_hypothetical_protein	8d9w-assembly1.cif.gz_O beta-Arf1 homodimeric interface within AP-1, Arf1, Nef, MHC-I lattice on narrow tubes	0.109	201	149	51	218	3	203	1.342E-02	84
LOKIASV2_1349_AF2_hypothetical_protein	5iz9-assembly1.cif.gz_A	LOKIASV2_1349_AF2_hypothetical_protein	5iz9-assembly1.cif.gz_A Protein-protein interaction	0.136	250	178	33	239	5	254	6.869E-02	84
LOKIASV2_1349_AF2_hypothetical_protein	1b3u-assembly1.cif.gz_A	LOKIASV2_1349_AF2_hypothetical_protein	1b3u-assembly1.cif.gz_A CRYSTAL STRUCTURE OF CONSTANT REGULATORY DOMAIN OF HUMAN PP2A, PR65ALPHA	0.148	178	145	57	227	185	362	8.324E-02	84
LOKIASV2_1349_AF2_hypothetical_protein	3zjy-assembly2.cif.gz_E	LOKIASV2_1349_AF2_hypothetical_protein	3zjy-assembly2.cif.gz_E Crystal Structure of Importin 13 - RanGTP - eIF1A complex	0.129	200	159	33	215	419	618	9.163E-02	84
LOKIASV2_1349_AF2_hypothetical_protein	8r57-assembly1.cif.gz_Z	LOKIASV2_1349_AF2_hypothetical_protein	8r57-assembly1.cif.gz_Z CryoEM structure of wheat 40S ribosomal subunit, head domain	0.177	62	47	627	688	11	68	3.350E-01	83
LOKIASV2_1349_AF2_hypothetical_protein	8d9w-assembly1.cif.gz_K	LOKIASV2_1349_AF2_hypothetical_protein	8d9w-assembly1.cif.gz_K beta-Arf1 homodimeric interface within AP-1, Arf1, Nef, MHC-I lattice on narrow tubes	0.109	201	149	51	218	3	203	1.550E-02	83
LOKIASV2_1349_AF2_hypothetical_protein	2x19-assembly1.cif.gz_B	LOKIASV2_1349_AF2_hypothetical_protein	2x19-assembly1.cif.gz_B Crystal structure of Importin13 - RanGTP complex	0.126	199	156	36	215	411	609	1.412E-01	82
LOKIASV2_1349_AF2_hypothetical_protein	3sla-assembly3.cif.gz_C	LOKIASV2_1349_AF2_hypothetical_protein	3sla-assembly3.cif.gz_C X-ray structure of first four repeats of human beta-catenin	0.152	148	115	32	179	16	152	6.869E-02	81
LOKIASV2_1349_AF2_hypothetical_protein	3qhe-assembly2.cif.gz_C	LOKIASV2_1349_AF2_hypothetical_protein	3qhe-assembly2.cif.gz_C Crystal structure of the complex between the armadillo repeat domain of adenomatous polyposis coli and the tyrosine-rich domain of Sam68	0.121	253	185	28	239	4	256	9.163E-02	81
LOKIASV2_1349_AF2_hypothetical_protein	5h7c-assembly2.cif.gz_C	LOKIASV2_1349_AF2_hypothetical_protein	5h7c-assembly2.cif.gz_C Crystal structure of a repeat protein with two Protein A-DHR14 repeat modules	0.109	607	339	2	608	10	391	1.339E-03	81
LOKIASV2_1349_AF2_hypothetical_protein	6cri-assembly1.cif.gz_G	LOKIASV2_1349_AF2_hypothetical_protein	6cri-assembly1.cif.gz_G Structure of the cargo bound AP-1:Arf1:tetherin-Nef stable closed trimer	0.118	227	184	32	241	100	326	5.669E-02	81
LOKIASV2_1349_AF2_hypothetical_protein	3gq2-assembly1.cif.gz_A	LOKIASV2_1349_AF2_hypothetical_protein	3gq2-assembly1.cif.gz_A Crystal Structure of the Dimer of the p115 Tether Globular Head Domain	0.130	574	476	35	608	45	592	1.474E-03	81
LOKIASV2_1349_AF2_hypothetical_protein	8or4-assembly1.cif.gz_C	LOKIASV2_1349_AF2_hypothetical_protein	8or4-assembly1.cif.gz_C Partially dissociated CAND1-CUL1-RBX1-SKP1-SKP2-CKS1-CDK2	0.152	196	150	39	216	414	609	1.009E-01	81
LOKIASV2_1349_AF2_hypothetical_protein	2q5d-assembly2.cif.gz_B	LOKIASV2_1349_AF2_hypothetical_protein	2q5d-assembly2.cif.gz_B Crystal Structure of Human Importin Beta bound to the Snurportin1 IBB-domain second crystal form	0.151	232	171	39	241	367	598	4.050E-02	81
LOKIASV2_1349_AF2_hypothetical_protein	3lww-assembly2.cif.gz_C	LOKIASV2_1349_AF2_hypothetical_protein	3lww-assembly2.cif.gz_C Structure of an open and closed conformation of Human Importin Beta bound to the Snurportin1 IBB-domain trapped in the same crystallographic asymmetric unit	0.118	225	164	29	215	166	390	1.554E-01	81
LOKIASV2_1349_AF2_hypothetical_protein	4qmi-assembly2.cif.gz_B	LOKIASV2_1349_AF2_hypothetical_protein	4qmi-assembly2.cif.gz_B The XMAP215 family drives microtubule polymerization using a structurally diverse TOG array	0.138	219	159	32	217	5	223	2.170E-02	80
LOKIASV2_1349_AF2_hypothetical_protein	5w0w-assembly4.cif.gz_J	LOKIASV2_1349_AF2_hypothetical_protein	5w0w-assembly4.cif.gz_J Crystal structure of Protein Phosphatase 2A bound to TIPRL	0.100	210	184	32	241	123	327	1.282E-01	80
LOKIASV2_1349_AF2_hypothetical_protein	6xte-assembly1.cif.gz_A	LOKIASV2_1349_AF2_hypothetical_protein	6xte-assembly1.cif.gz_A Human karyopherin RanBP5 (isoform-1)	0.116	706	623	26	731	294	999	5.114E-05	80
LOKIASV2_1349_AF2_hypothetical_protein	1lva-assembly1.cif.gz_A	LOKIASV2_1349_AF2_hypothetical_protein	1lva-assembly1.cif.gz_A Crystal structure of a C-terminal fragment of Moorella thermoacetica elongation factor SelB	0.116	258	211	472	729	4	243	4.667E-03	79
LOKIASV2_1349_AF2_hypothetical_protein	6cok-assembly1.cif.gz_A	LOKIASV2_1349_AF2_hypothetical_protein	6cok-assembly1.cif.gz_A Structure of the 2nd TOG domain from yeast CLASP protein STU1	0.131	239	193	2	240	37	259	4.908E-02	79
LOKIASV2_1349_AF2_hypothetical_protein	7sqc-assembly1.cif.gz_D2	LOKIASV2_1349_AF2_hypothetical_protein	7sqc-assembly1.cif.gz_D2 Ciliary C1 central pair apparatus isolated from Chlamydomonas reinhardtii	0.112	285	185	33	241	72	356	6.532E-03	79
LOKIASV2_1349_AF2_hypothetical_protein	8eib-assembly1.cif.gz_A	LOKIASV2_1349_AF2_hypothetical_protein	8eib-assembly1.cif.gz_A Crystal structure of beta-catenin and the MDM2 p53-binding domain in complex with H329, a Helicon Polypeptide	0.129	220	177	35	238	120	339	8.324E-02	79
LOKIASV2_1349_AF2_hypothetical_protein	5yvg-assembly2.cif.gz_B	LOKIASV2_1349_AF2_hypothetical_protein	5yvg-assembly2.cif.gz_B Crystal structure of Karyopherin beta2 in complex with FUS(full length)	0.161	214	151	51	231	295	508	1.791E-02	79
LOKIASV2_1349_AF2_hypothetical_protein	7dco-assembly1.cif.gz_1	LOKIASV2_1349_AF2_hypothetical_protein	7dco-assembly1.cif.gz_1 Cryo-EM structure of the activated spliceosome (Bact complex) at an atomic resolution of 2.5 angstrom	0.110	227	174	35	230	686	912	1.162E-02	78
LOKIASV2_1349_AF2_hypothetical_protein	7rtc-assembly3.cif.gz_C	LOKIASV2_1349_AF2_hypothetical_protein	7rtc-assembly3.cif.gz_C Crystal structure of the ARM domain from Drosophila SARM1 in complex with NaMN	0.119	209	179	32	240	100	303	6.547E-02	77
LOKIASV2_1349_AF2_hypothetical_protein	7sqc-assembly1.cif.gz_J1	LOKIASV2_1349_AF2_hypothetical_protein	7sqc-assembly1.cif.gz_J1 Ciliary C1 central pair apparatus isolated from Chlamydomonas reinhardtii	0.112	270	202	13	241	2	271	3.186E-02	77
LOKIASV2_1349_AF2_hypothetical_protein	7dvq-assembly1.cif.gz_1	LOKIASV2_1349_AF2_hypothetical_protein	7dvq-assembly1.cif.gz_1 Cryo-EM Structure of the Activated Human Minor Spliceosome (minor Bact Complex)	0.126	215	182	33	241	738	952	1.879E-02	77
LOKIASV2_1349_AF2_hypothetical_protein	7owg-assembly1.cif.gz_Y-2	LOKIASV2_1349_AF2_hypothetical_protein	7owg-assembly1.cif.gz_Y-2 human DEPTOR in a complex with mutant human mTORC1 A1459P	0.131	225	168	47	240	496	720	7.561E-02	77
LOKIASV2_1349_AF2_hypothetical_protein	7k17-assembly2.cif.gz_B	LOKIASV2_1349_AF2_hypothetical_protein	7k17-assembly2.cif.gz_B Re-refined crystal structure of DNA-dependent protein kinase catalytic subunit complexed with Ku80 C-terminal helix	0.121	235	168	50	241	2008	2242	2.068E-02	77
LOKIASV2_1349_AF2_hypothetical_protein	6ybs-assembly1.cif.gz_e	LOKIASV2_1349_AF2_hypothetical_protein	6ybs-assembly1.cif.gz_e Structure of a human 48S translational initiation complex - head	0.206	58	45	631	688	9	66	5.961E-01	76
LOKIASV2_1349_AF2_hypothetical_protein	1wsu-assembly1.cif.gz_D	LOKIASV2_1349_AF2_hypothetical_protein	1wsu-assembly1.cif.gz_D C-terminal domain of elongation factor selB complexed with SECIS RNA	0.166	105	85	627	729	2	106	2.175E-01	76
LOKIASV2_1349_AF2_hypothetical_protein	3woz-assembly4.cif.gz_D	LOKIASV2_1349_AF2_hypothetical_protein	3woz-assembly4.cif.gz_D Crystal structure of CLASP2 TOG domain (TOG3)	0.097	204	182	36	239	7	209	6.547E-02	76
LOKIASV2_1349_AF2_hypothetical_protein	6xf2-assembly2.cif.gz_D	LOKIASV2_1349_AF2_hypothetical_protein	6xf2-assembly2.cif.gz_D Nesprin-1G (aa2070-2200)-FHOD1(aa1-339) complex, H. sapiens	0.109	215	163	33	216	104	318	1.554E-01	76
LOKIASV2_1349_AF2_hypothetical_protein	4yjl-assembly2.cif.gz_B	LOKIASV2_1349_AF2_hypothetical_protein	4yjl-assembly2.cif.gz_B Crystal structure of APC-ARM in complexed with Amer1-A2	0.115	220	184	31	239	45	264	8.324E-02	76
LOKIASV2_1349_AF2_hypothetical_protein	1o6o-assembly1.cif.gz_A	LOKIASV2_1349_AF2_hypothetical_protein	1o6o-assembly1.cif.gz_A Importin Beta aa1-442 bound to five FxFG repeats from yeast Nsp1p. Second crystal form	0.087	212	154	70	239	215	426	1.282E-01	76
LOKIASV2_1349_AF2_hypothetical_protein	8fl2-assembly1.cif.gz_NT	LOKIASV2_1349_AF2_hypothetical_protein	8fl2-assembly1.cif.gz_NT Human nuclear pre-60S ribosomal subunit (State I1)	0.140	253	216	9	261	1	252	2.894E-02	76
LOKIASV2_1349_AF2_hypothetical_protein	7zrb-assembly1.cif.gz_A	LOKIASV2_1349_AF2_hypothetical_protein	7zrb-assembly1.cif.gz_A Crystal structure of Beta-catenin Armadillo repeats domain in complex with the inhibitor RS6452	0.136	243	175	35	238	111	353	4.250E-02	76
LOKIASV2_1349_AF2_hypothetical_protein	6xu2-assembly1.cif.gz_A	LOKIASV2_1349_AF2_hypothetical_protein	6xu2-assembly1.cif.gz_A Human karyopherin RanBP5 (isoform-3)	0.116	863	668	53	915	333	1089	7.509E-05	76
LOKIASV2_1349_AF2_hypothetical_protein	8pv6-assembly1.cif.gz_CS	LOKIASV2_1349_AF2_hypothetical_protein	8pv6-assembly1.cif.gz_CS Chaetomium thermophilum pre-60S State 3 - post-5S rotation with Rix1 complex with Foot - composite structure	0.099	162	132	68	215	46	207	1.165E-01	75
LOKIASV2_1349_AF2_hypothetical_protein	5opt-assembly1.cif.gz_a	LOKIASV2_1349_AF2_hypothetical_protein	5opt-assembly1.cif.gz_a Structure of KSRP in context of Trypanosoma cruzi 40S	0.203	63	47	626	688	10	69	5.415E-01	74
LOKIASV2_1349_AF2_hypothetical_protein	1wi9-assembly1.cif.gz_A	LOKIASV2_1349_AF2_hypothetical_protein	1wi9-assembly1.cif.gz_A Solution structure of the PCI domain from mouse hypothetical protein AAH51541	0.192	57	44	632	688	9	63	1.168E+00	74
LOKIASV2_1349_AF2_hypothetical_protein	7o7y-assembly1.cif.gz_Ay	LOKIASV2_1349_AF2_hypothetical_protein	7o7y-assembly1.cif.gz_Ay Rabbit 80S ribosome stalled close to the mutated SARS-CoV-2 slippery site by a pseudoknot (high resolution)	0.222	63	45	626	688	22	80	7.224E-01	74
LOKIASV2_1349_AF2_hypothetical_protein	8c0d-assembly1.cif.gz_B	LOKIASV2_1349_AF2_hypothetical_protein	8c0d-assembly1.cif.gz_B UFL1/DDRGK1 bound to UFC1	0.121	99	80	627	725	6	97	3.688E-01	74
LOKIASV2_1349_AF2_hypothetical_protein	6xf1-assembly1.cif.gz_B	LOKIASV2_1349_AF2_hypothetical_protein	6xf1-assembly1.cif.gz_B Nesprin-2G(aa1425-1649)-FHOD1(aa1-339) complex, H. sapiens	0.121	185	161	57	241	89	272	1.282E-01	74
LOKIASV2_1349_AF2_hypothetical_protein	7lcy-assembly3.cif.gz_C	LOKIASV2_1349_AF2_hypothetical_protein	7lcy-assembly3.cif.gz_C Crystal structure of the ligand-free ARM domain from Drosophila SARM1	0.112	224	185	32	255	91	299	7.933E-02	74
LOKIASV2_1349_AF2_hypothetical_protein	4a3v-assembly1.cif.gz_A	LOKIASV2_1349_AF2_hypothetical_protein	4a3v-assembly1.cif.gz_A yeast regulatory particle proteasome assembly chaperone Hsm3 in complex with Rpt1 C-terminal fragment	0.120	256	179	36	239	6	261	1.707E-02	74
LOKIASV2_1349_AF2_hypothetical_protein	6m60-assembly1.cif.gz_C	LOKIASV2_1349_AF2_hypothetical_protein	6m60-assembly1.cif.gz_C Plumbagin in complex with CRM1#-Ran-RanBP1	0.134	269	186	26	241	188	456	8.324E-02	74
LOKIASV2_1349_AF2_hypothetical_protein	8brm-assembly1.cif.gz_Sc	LOKIASV2_1349_AF2_hypothetical_protein	8brm-assembly1.cif.gz_Sc Giardia ribosome in POST-T state, no E-site tRNA (A6)	0.190	62	47	627	688	11	69	7.579E-01	73
LOKIASV2_1349_AF2_hypothetical_protein	8fbk-assembly1.cif.gz_A	LOKIASV2_1349_AF2_hypothetical_protein	8fbk-assembly1.cif.gz_A Improving the secretion of designed protein assemblies through negative design of cryptic transmembrane domains	0.120	203	173	72	274	2	199	1.630E-01	73
LOKIASV2_1349_AF2_hypothetical_protein	3dad-assembly1.cif.gz_A	LOKIASV2_1349_AF2_hypothetical_protein	3dad-assembly1.cif.gz_A Crystal structure of the N-terminal regulatory domains of the formin FHOD1	0.110	196	161	57	238	101	296	1.110E-01	73
LOKIASV2_1349_AF2_hypothetical_protein	8j07-assembly1.cif.gz_t	LOKIASV2_1349_AF2_hypothetical_protein	8j07-assembly1.cif.gz_t 96nm repeat of human respiratory doublet microtubule and associated axonemal complexes	0.107	266	182	35	239	45	310	1.791E-02	73
LOKIASV2_1349_AF2_hypothetical_protein	4fp7-assembly1.cif.gz_B	LOKIASV2_1349_AF2_hypothetical_protein	4fp7-assembly1.cif.gz_B 2.2A resolution structure of Proteasome Assembly Chaperone Hsm3	0.140	236	180	32	241	16	251	3.343E-02	73
LOKIASV2_1349_AF2_hypothetical_protein	4jpo-assembly2.cif.gz_B	LOKIASV2_1349_AF2_hypothetical_protein	4jpo-assembly2.cif.gz_B 5A resolution structure of Proteasome Assembly Chaperone Hsm3 in complex with a C-terminal fragment of Rpt1	0.115	234	185	32	241	22	255	5.150E-02	73
LOKIASV2_1349_AF2_hypothetical_protein	6y50-assembly1.cif.gz_u	LOKIASV2_1349_AF2_hypothetical_protein	6y50-assembly1.cif.gz_u 5'domain of human 17S U2 snRNP	0.122	228	186	3	215	20	247	1.627E-02	73
LOKIASV2_1349_AF2_hypothetical_protein	3ea5-assembly2.cif.gz_D	LOKIASV2_1349_AF2_hypothetical_protein	3ea5-assembly2.cif.gz_D Kap95p Binding Induces the Switch Loops of RanGDP to adopt the GTP-bound Conformation: Implications for Nuclear Import Complex Assembly Dynamics	0.089	253	171	53	241	339	591	1.342E-02	73
LOKIASV2_1349_AF2_hypothetical_protein	7tyr-assembly1.cif.gz_A	LOKIASV2_1349_AF2_hypothetical_protein	7tyr-assembly1.cif.gz_A Cryo-EM structure of the basal state of the Artemis:DNA-PKcs complex (see COMPND 13/14)	0.111	252	182	36	241	2181	2432	3.037E-02	73
LOKIASV2_1349_AF2_hypothetical_protein	6p4g-assembly1.cif.gz_a	LOKIASV2_1349_AF2_hypothetical_protein	6p4g-assembly1.cif.gz_a Structure of a mammalian small ribosomal subunit in complex with the Israeli Acute Paralysis Virus IRES (Class 1)	0.222	63	45	626	688	9	67	9.184E-01	72
LOKIASV2_1349_AF2_hypothetical_protein	7oyc-assembly1.cif.gz_Z2	LOKIASV2_1349_AF2_hypothetical_protein	7oyc-assembly1.cif.gz_Z2 Cryo-EM structure of the Xenopus egg 80S ribosome	0.206	58	45	631	688	8	65	9.184E-01	71
LOKIASV2_1349_AF2_hypothetical_protein	8a3w-assembly1.cif.gz_Sa	LOKIASV2_1349_AF2_hypothetical_protein	8a3w-assembly1.cif.gz_Sa CRYO-EM STRUCTURE OF LEISHMANIA MAJOR 80S RIBOSOME : WILD TYPE	0.193	62	46	627	688	10	67	9.636E-01	71
LOKIASV2_1349_AF2_hypothetical_protein	7r81-assembly1.cif.gz_a2	LOKIASV2_1349_AF2_hypothetical_protein	7r81-assembly1.cif.gz_a2 Structure of the translating Neurospora crassa ribosome arrested by cycloheximide	0.137	58	49	631	688	11	68	8.343E-01	71
LOKIASV2_1349_AF2_hypothetical_protein	6zu5-assembly1.cif.gz_SZ0	LOKIASV2_1349_AF2_hypothetical_protein	6zu5-assembly1.cif.gz_SZ0 Structure of the Paranosema locustae ribosome in complex with Lso2	0.084	59	53	630	688	11	69	1.349E+00	71
LOKIASV2_1349_AF2_hypothetical_protein	7sqc-assembly1.cif.gz_D3	LOKIASV2_1349_AF2_hypothetical_protein	7sqc-assembly1.cif.gz_D3 Ciliary C1 central pair apparatus isolated from Chlamydomonas reinhardtii	0.110	270	203	13	241	2	271	9.613E-02	71
LOKIASV2_1349_AF2_hypothetical_protein	4cba-assembly1.cif.gz_A	LOKIASV2_1349_AF2_hypothetical_protein	4cba-assembly1.cif.gz_A Structural of delta 1-76 CTNNBL1 in space group I222	0.112	261	190	27	241	3	263	7.933E-02	71
LOKIASV2_1349_AF2_hypothetical_protein	7sqc-assembly1.cif.gz_P1	LOKIASV2_1349_AF2_hypothetical_protein	7sqc-assembly1.cif.gz_P1 Ciliary C1 central pair apparatus isolated from Chlamydomonas reinhardtii	0.132	247	173	29	228	221	467	1.222E-01	71
LOKIASV2_1349_AF2_hypothetical_protein	6n1z-assembly2.cif.gz_D	LOKIASV2_1349_AF2_hypothetical_protein	6n1z-assembly2.cif.gz_D Importin-9 bound to H2A-H2B	0.098	252	170	50	239	466	717	2.894E-02	71
LOKIASV2_1349_AF2_hypothetical_protein	8jdj-assembly1.cif.gz_AL	LOKIASV2_1349_AF2_hypothetical_protein	8jdj-assembly1.cif.gz_AL Structure of the Human cytoplasmic Ribosome with human tRNA Asp(Q34) and mRNA(GAU)	0.203	63	47	626	688	25	84	8.753E-01	70
LOKIASV2_1349_AF2_hypothetical_protein	4d18-assembly1.cif.gz_D	LOKIASV2_1349_AF2_hypothetical_protein	4d18-assembly1.cif.gz_D Crystal structure of the COP9 signalosome	0.131	371	315	30	393	20	390	4.897E-03	70
LOKIASV2_1349_AF2_hypothetical_protein	4u4o-assembly2.cif.gz_d5	LOKIASV2_1349_AF2_hypothetical_protein	4u4o-assembly2.cif.gz_d5 Crystal structure of Geneticin bound to the yeast 80S ribosome	0.158	63	49	626	688	8	66	7.952E-01	69
LOKIASV2_1349_AF2_hypothetical_protein	7qvp-assembly1.cif.gz_RZ	LOKIASV2_1349_AF2_hypothetical_protein	7qvp-assembly1.cif.gz_RZ Human collided disome (di-ribosome) stalled on XBP1 mRNA	0.222	63	45	626	688	9	67	1.113E+00	69
LOKIASV2_1349_AF2_hypothetical_protein	8b2l-assembly1.cif.gz_I1	LOKIASV2_1349_AF2_hypothetical_protein	8b2l-assembly1.cif.gz_I1 Cryo-EM structure of the plant 80S ribosome	0.206	63	46	626	688	12	70	1.061E+00	69
LOKIASV2_1349_AF2_hypothetical_protein	6fec-assembly1.cif.gz_W	LOKIASV2_1349_AF2_hypothetical_protein	6fec-assembly1.cif.gz_W Human cap-dependent 48S pre-initiation complex	0.183	59	47	631	688	13	71	1.061E+00	69
LOKIASV2_1349_AF2_hypothetical_protein	7wtu-assembly1.cif.gz_Z	LOKIASV2_1349_AF2_hypothetical_protein	7wtu-assembly1.cif.gz_Z Cryo-EM structure of a human pre-40S ribosomal subunit - State RRP12-A1 (without CK1)	0.203	63	47	626	688	11	70	1.061E+00	68
LOKIASV2_1349_AF2_hypothetical_protein	6w2t-assembly1.cif.gz_i	LOKIASV2_1349_AF2_hypothetical_protein	6w2t-assembly1.cif.gz_i Structure of the Cricket Paralysis Virus 5-UTR IRES (CrPV 5-UTR-IRES) bound to the small ribosomal subunit in the closed state (Class 2)	0.206	58	45	631	688	13	70	1.061E+00	68
LOKIASV2_1349_AF2_hypothetical_protein	1wsu-assembly1.cif.gz_B	LOKIASV2_1349_AF2_hypothetical_protein	1wsu-assembly1.cif.gz_B C-terminal domain of elongation factor selB complexed with SECIS RNA	0.140	109	93	621	729	1	109	2.175E-01	68
LOKIASV2_1349_AF2_hypothetical_protein	5cwj-assembly1.cif.gz_A	LOKIASV2_1349_AF2_hypothetical_protein	5cwj-assembly1.cif.gz_A Crystal structure of de novo designed helical repeat protein DHR49	0.086	194	140	33	226	6	159	9.613E-02	68
LOKIASV2_1349_AF2_hypothetical_protein	8c0d-assembly1.cif.gz_A	LOKIASV2_1349_AF2_hypothetical_protein	8c0d-assembly1.cif.gz_A UFL1/DDRGK1 bound to UFC1	0.127	154	129	358	506	8	161	1.711E-01	68
LOKIASV2_1349_AF2_hypothetical_protein	1zar-assembly1.cif.gz_A	LOKIASV2_1349_AF2_hypothetical_protein	1zar-assembly1.cif.gz_A Crystal Structure of A.fulgidus Rio2 Kinase Complexed With ADP and Manganese Ions	0.185	81	62	627	703	11	91	2.765E-01	68
LOKIASV2_1349_AF2_hypothetical_protein	8amz-assembly1.cif.gz_P	LOKIASV2_1349_AF2_hypothetical_protein	8amz-assembly1.cif.gz_P Spinach 19S proteasome	0.136	411	328	10	390	1	411	5.138E-03	68
LOKIASV2_1349_AF2_hypothetical_protein	7sqc-assembly1.cif.gz_J3	LOKIASV2_1349_AF2_hypothetical_protein	7sqc-assembly1.cif.gz_J3 Ciliary C1 central pair apparatus isolated from Chlamydomonas reinhardtii	0.133	229	197	13	241	2	229	8.324E-02	68
LOKIASV2_1349_AF2_hypothetical_protein	7tql-assembly1.cif.gz_a	LOKIASV2_1349_AF2_hypothetical_protein	7tql-assembly1.cif.gz_a CryoEM structure of the human 40S small ribosomal subunit in complex with translation initiation factors eIF1A and eIF5B.	0.222	63	45	626	688	11	69	1.168E+00	67
LOKIASV2_1349_AF2_hypothetical_protein	5n3u-assembly1.cif.gz_A-2	LOKIASV2_1349_AF2_hypothetical_protein	5n3u-assembly1.cif.gz_A-2 The structure of the complex of CpcE and CpcF of phycocyanin lyase from Nostoc sp. PCC7120	0.115	218	184	33	241	46	263	1.478E-02	67
LOKIASV2_1349_AF2_hypothetical_protein	3nmz-assembly2.cif.gz_A	LOKIASV2_1349_AF2_hypothetical_protein	3nmz-assembly2.cif.gz_A Crystal structure of APC complexed with Asef	0.110	266	166	33	220	75	340	1.976E-01	67
LOKIASV2_1349_AF2_hypothetical_protein	4a3v-assembly2.cif.gz_C	LOKIASV2_1349_AF2_hypothetical_protein	4a3v-assembly2.cif.gz_C yeast regulatory particle proteasome assembly chaperone Hsm3 in complex with Rpt1 C-terminal fragment	0.129	256	177	36	239	2	257	1.478E-02	67
LOKIASV2_1349_AF2_hypothetical_protein	3fga-assembly1.cif.gz_A	LOKIASV2_1349_AF2_hypothetical_protein	3fga-assembly1.cif.gz_A Structural Basis of PP2A and Sgo interaction	0.146	229	160	37	224	158	386	4.050E-02	67
LOKIASV2_1349_AF2_hypothetical_protein	6qh6-assembly1.cif.gz_A	LOKIASV2_1349_AF2_hypothetical_protein	6qh6-assembly1.cif.gz_A AP2 clathrin adaptor core with two cargo peptides in open+ conformation	0.092	277	183	35	237	181	457	2.758E-02	67
LOKIASV2_1349_AF2_hypothetical_protein	7djt-assembly1.cif.gz_A	LOKIASV2_1349_AF2_hypothetical_protein	7djt-assembly1.cif.gz_A Human SARM1 inhibitory state bounded with inhibitor dHNN	0.137	201	166	35	227	36	236	1.412E-01	67
LOKIASV2_1349_AF2_hypothetical_protein	8p2k-assembly1.cif.gz_Ay	LOKIASV2_1349_AF2_hypothetical_protein	8p2k-assembly1.cif.gz_Ay Ternary complex of translating ribosome, NAC and METAP1	0.171	70	51	619	688	19	80	4.689E-01	66
LOKIASV2_1349_AF2_hypothetical_protein	3vle-assembly3.cif.gz_A	LOKIASV2_1349_AF2_hypothetical_protein	3vle-assembly3.cif.gz_A Crystal structure of yeast proteasome interacting protein	0.142	252	178	34	241	14	265	3.680E-02	66
LOKIASV2_1349_AF2_hypothetical_protein	7pks-assembly1.cif.gz_p	LOKIASV2_1349_AF2_hypothetical_protein	7pks-assembly1.cif.gz_p Structural basis of Integrator-mediated transcription regulation	0.132	197	155	44	222	148	344	1.711E-01	66
LOKIASV2_1349_AF2_hypothetical_protein	5gm6-assembly1.cif.gz_G	LOKIASV2_1349_AF2_hypothetical_protein	5gm6-assembly1.cif.gz_G Cryo-EM structure of the activated spliceosome (Bact complex) at 3.5 angstrom resolution	0.115	213	188	27	239	626	838	9.613E-02	66
LOKIASV2_1349_AF2_hypothetical_protein	4u53-assembly2.cif.gz_d5	LOKIASV2_1349_AF2_hypothetical_protein	4u53-assembly2.cif.gz_d5 Crystal structure of Deoxynivalenol bound to the yeast 80S ribosome	0.158	63	49	626	688	8	66	1.168E+00	65
LOKIASV2_1349_AF2_hypothetical_protein	8t4s-assembly1.cif.gz_Z	LOKIASV2_1349_AF2_hypothetical_protein	8t4s-assembly1.cif.gz_Z MERS-CoV Nsp1 protein bound to the Human 40S Ribosomal subunit	0.171	70	51	619	688	8	69	4.689E-01	65
LOKIASV2_1349_AF2_hypothetical_protein	7qiz-assembly1.cif.gz_ZA	LOKIASV2_1349_AF2_hypothetical_protein	7qiz-assembly1.cif.gz_ZA Specific features and methylation sites of a plant 80S ribosome	0.222	63	45	626	688	12	70	1.349E+00	65
LOKIASV2_1349_AF2_hypothetical_protein	7syk-assembly1.cif.gz_a	LOKIASV2_1349_AF2_hypothetical_protein	7syk-assembly1.cif.gz_a Structure of the HCV IRES binding to the 40S ribosomal subunit, closed conformation. Structure 5(delta dII)	0.218	55	42	634	688	18	72	1.557E+00	65
LOKIASV2_1349_AF2_hypothetical_protein	6zj3-assembly1.cif.gz_Sa	LOKIASV2_1349_AF2_hypothetical_protein	6zj3-assembly1.cif.gz_Sa Cryo-EM structure of the highly atypical cytoplasmic ribosome of Euglena gracilis	0.192	57	45	632	688	19	75	1.415E+00	65
LOKIASV2_1349_AF2_hypothetical_protein	6gz5-assembly1.cif.gz_BZ	LOKIASV2_1349_AF2_hypothetical_protein	6gz5-assembly1.cif.gz_BZ tRNA translocation by the eukaryotic 80S ribosome and the impact of GTP hydrolysis, Translocation-intermediate-POST-3 (TI-POST-3)	0.206	58	45	631	688	26	83	1.285E+00	65
LOKIASV2_1349_AF2_hypothetical_protein	2uwm-assembly1.cif.gz_A	LOKIASV2_1349_AF2_hypothetical_protein	2uwm-assembly1.cif.gz_A C-TERMINAL DOMAIN(WH2-WH4) OF ELONGATION FACTOR SELB IN COMPLEX WITH SECIS RNA	0.127	175	143	565	729	5	179	5.947E-02	65
LOKIASV2_1349_AF2_hypothetical_protein	3vle-assembly3.cif.gz_B	LOKIASV2_1349_AF2_hypothetical_protein	3vle-assembly3.cif.gz_B Crystal structure of yeast proteasome interacting protein	0.135	214	172	30	229	3	216	1.222E-01	65
LOKIASV2_1349_AF2_hypothetical_protein	6iur-assembly2.cif.gz_F	LOKIASV2_1349_AF2_hypothetical_protein	6iur-assembly2.cif.gz_F A phosphatase complex STRN3-PP2Aa	0.131	253	199	12	241	6	258	1.412E-01	65
LOKIASV2_1349_AF2_hypothetical_protein	7ux2-assembly1.cif.gz_A	LOKIASV2_1349_AF2_hypothetical_protein	7ux2-assembly1.cif.gz_A cryo-EM structure of the Raptor-TFEB-Rag-Ragulator complex	0.133	216	163	39	227	437	652	4.469E-01	65
LOKIASV2_1349_AF2_hypothetical_protein	6zp4-assembly1.cif.gz_P	LOKIASV2_1349_AF2_hypothetical_protein	6zp4-assembly1.cif.gz_P SARS-CoV-2 Nsp1 bound to a human 43S preinitiation ribosome complex - state 2	0.173	69	50	620	688	7	67	5.961E-01	64
LOKIASV2_1349_AF2_hypothetical_protein	7zw0-assembly1.cif.gz_sK	LOKIASV2_1349_AF2_hypothetical_protein	7zw0-assembly1.cif.gz_sK FAP-80S Complex - Rotated state	0.161	62	48	627	688	10	67	1.415E+00	64
LOKIASV2_1349_AF2_hypothetical_protein	3jah-assembly1.cif.gz_ZZ	LOKIASV2_1349_AF2_hypothetical_protein	3jah-assembly1.cif.gz_ZZ Structure of a mammalian ribosomal termination complex with ABCE1, eRF1(AAQ), and the UAG stop codon	0.222	63	45	626	688	12	70	1.634E+00	64
LOKIASV2_1349_AF2_hypothetical_protein	5lzv-assembly1.cif.gz_ZZ	LOKIASV2_1349_AF2_hypothetical_protein	5lzv-assembly1.cif.gz_ZZ Structure of the mammalian ribosomal termination complex with accommodated eRF1(AAQ) and ABCE1.	0.206	58	45	631	688	13	70	1.634E+00	64
LOKIASV2_1349_AF2_hypothetical_protein	7qep-assembly1.cif.gz_D5	LOKIASV2_1349_AF2_hypothetical_protein	7qep-assembly1.cif.gz_D5 Cryo-EM structure of the ribosome from Encephalitozoon cuniculi	0.133	59	49	631	688	27	85	1.714E+00	64
LOKIASV2_1349_AF2_hypothetical_protein	8f7a-assembly1.cif.gz_A	LOKIASV2_1349_AF2_hypothetical_protein	8f7a-assembly1.cif.gz_A Cryo-EM structure of Importin-9 bound to RanGTP	0.119	224	146	50	216	454	677	4.050E-02	64
LOKIASV2_1349_AF2_hypothetical_protein	8ppk-assembly1.cif.gz_Z	LOKIASV2_1349_AF2_hypothetical_protein	8ppk-assembly1.cif.gz_Z Bat-Hp-CoV Nsp1 and eIF1 bound to the human 40S small ribosomal subunit	0.171	70	51	619	688	8	69	5.961E-01	63
LOKIASV2_1349_AF2_hypothetical_protein	6hcj-assembly1.cif.gz_a2	LOKIASV2_1349_AF2_hypothetical_protein	6hcj-assembly1.cif.gz_a2 Structure of the rabbit 80S ribosome on globin mRNA in the rotated state with A/P and P/E tRNAs	0.222	63	45	626	688	12	70	1.349E+00	63
LOKIASV2_1349_AF2_hypothetical_protein	2ply-assembly3.cif.gz_A	LOKIASV2_1349_AF2_hypothetical_protein	2ply-assembly3.cif.gz_A Structure of the mRNA binding fragment of elongation factor SelB in complex with SECIS RNA.	0.133	175	142	565	729	25	199	7.933E-02	63
LOKIASV2_1349_AF2_hypothetical_protein	1zao-assembly1.cif.gz_A	LOKIASV2_1349_AF2_hypothetical_protein	1zao-assembly1.cif.gz_A Crystal Structure of A.fulgidus Rio2 Kinase Complexed With ATP and Manganese Ions	0.185	81	62	627	703	12	92	4.469E-01	63
LOKIASV2_1349_AF2_hypothetical_protein	3j8c-assembly1.cif.gz_A	LOKIASV2_1349_AF2_hypothetical_protein	3j8c-assembly1.cif.gz_A Model of the human eIF3 PCI-MPN octamer docked into the 43S EM map	0.114	450	394	16	465	8	453	2.506E-02	63
LOKIASV2_1349_AF2_hypothetical_protein	2z5k-assembly1.cif.gz_A	LOKIASV2_1349_AF2_hypothetical_protein	2z5k-assembly1.cif.gz_A Complex of Transportin 1 with TAP NLS	0.132	526	370	50	575	364	790	1.219E-02	63
LOKIASV2_1349_AF2_hypothetical_protein	6qx9-assembly1.cif.gz_B1	LOKIASV2_1349_AF2_hypothetical_protein	6qx9-assembly1.cif.gz_B1 Structure of a human fully-assembled precatalytic spliceosome (pre-B complex).	0.108	218	169	27	216	597	814	6.240E-02	63
LOKIASV2_1349_AF2_hypothetical_protein	7z8t-assembly1.cif.gz_D	LOKIASV2_1349_AF2_hypothetical_protein	7z8t-assembly1.cif.gz_D CAND1-SCF-SKP2 CAND1 engaged SCF rocked	0.110	861	639	50	910	429	1147	5.920E-04	63
LOKIASV2_1349_AF2_hypothetical_protein	2ply-assembly3.cif.gz_B	LOKIASV2_1349_AF2_hypothetical_protein	2ply-assembly3.cif.gz_B Structure of the mRNA binding fragment of elongation factor SelB in complex with SECIS RNA.	0.150	169	134	308	466	29	197	1.009E-01	62
LOKIASV2_1349_AF2_hypothetical_protein	7y8r-assembly1.cif.gz_L	LOKIASV2_1349_AF2_hypothetical_protein	7y8r-assembly1.cif.gz_L The nucleosome-bound human PBAF complex	0.119	177	152	43	219	244	416	2.073E-01	62
LOKIASV2_1349_AF2_hypothetical_protein	7qen-assembly1.cif.gz_D	LOKIASV2_1349_AF2_hypothetical_protein	7qen-assembly1.cif.gz_D S.c. Condensin core in DNA- and ATP-bound state	0.116	815	662	57	871	295	1044	5.126E-04	62
LOKIASV2_1349_AF2_hypothetical_protein	5a2q-assembly1.cif.gz_Z	LOKIASV2_1349_AF2_hypothetical_protein	5a2q-assembly1.cif.gz_Z Structure of the HCV IRES bound to the human ribosome	0.222	63	45	626	688	11	69	1.799E+00	61
LOKIASV2_1349_AF2_hypothetical_protein	7wtx-assembly1.cif.gz_Z	LOKIASV2_1349_AF2_hypothetical_protein	7wtx-assembly1.cif.gz_Z Cryo-EM structure of a human pre-40S ribosomal subunit - State RRP12-B1	0.200	55	40	638	688	15	69	1.168E+00	61
LOKIASV2_1349_AF2_hypothetical_protein	7sym-assembly1.cif.gz_a	LOKIASV2_1349_AF2_hypothetical_protein	7sym-assembly1.cif.gz_a Structure of the HCV IRES bound to the 40S ribosomal subunit, head opening. Structure 7(delta dII)	0.209	62	45	627	688	15	72	1.799E+00	61
LOKIASV2_1349_AF2_hypothetical_protein	7syo-assembly1.cif.gz_a	LOKIASV2_1349_AF2_hypothetical_protein	7syo-assembly1.cif.gz_a Structure of the HCV IRES bound to the 40S ribosomal subunit, head open. Structure 9(delta dII)	0.203	63	47	626	688	14	73	1.484E+00	61
LOKIASV2_1349_AF2_hypothetical_protein	4d0p-assembly1.cif.gz_A	LOKIASV2_1349_AF2_hypothetical_protein	4d0p-assembly1.cif.gz_A Crystal structure of human CSN4	0.123	342	282	30	352	29	370	1.550E-02	61
LOKIASV2_1349_AF2_hypothetical_protein	7uw9-assembly1.cif.gz_P	LOKIASV2_1349_AF2_hypothetical_protein	7uw9-assembly1.cif.gz_P Citrus V-ATPase State 1, H in contact with subunit a	0.115	251	167	50	239	159	409	2.512E-01	61
LOKIASV2_1349_AF2_hypothetical_protein	3vlf-assembly2.cif.gz_C	LOKIASV2_1349_AF2_hypothetical_protein	3vlf-assembly2.cif.gz_C Crystal structure of yeast proteasome interacting protein	0.141	226	153	51	229	31	256	5.947E-02	61
LOKIASV2_1349_AF2_hypothetical_protein	8a98-assembly1.cif.gz_Sa	LOKIASV2_1349_AF2_hypothetical_protein	8a98-assembly1.cif.gz_Sa CRYO-EM STRUCTURE OF LEISHMANIA MAJOR 80S RIBOSOME : snoRNA MUTANT	0.144	69	51	620	688	9	69	8.753E-01	60
LOKIASV2_1349_AF2_hypothetical_protein	8jdm-assembly1.cif.gz_AL	LOKIASV2_1349_AF2_hypothetical_protein	8jdm-assembly1.cif.gz_AL Structure of the Human cytoplasmic Ribosome with human tRNA Tyr(GalQ34) and mRNA(UAU) (rotated state)	0.222	63	45	626	688	11	69	1.980E+00	60
LOKIASV2_1349_AF2_hypothetical_protein	7uck-assembly1.cif.gz_ZZ	LOKIASV2_1349_AF2_hypothetical_protein	7uck-assembly1.cif.gz_ZZ 80S translation initiation complex with ac4c(-1) mRNA and Harringtonine	0.154	70	52	619	688	9	71	7.952E-01	60
LOKIASV2_1349_AF2_hypothetical_protein	7syp-assembly1.cif.gz_a	LOKIASV2_1349_AF2_hypothetical_protein	7syp-assembly1.cif.gz_a Structure of the wt IRES and 40S ribosome binary complex, open conformation. Structure 10(wt)	0.222	63	45	626	688	14	72	1.980E+00	60
LOKIASV2_1349_AF2_hypothetical_protein	8c0d-assembly2.cif.gz_E	LOKIASV2_1349_AF2_hypothetical_protein	8c0d-assembly2.cif.gz_E UFL1/DDRGK1 bound to UFC1	0.144	82	67	632	710	3	84	1.349E+00	60
LOKIASV2_1349_AF2_hypothetical_protein	3lg7-assembly1.cif.gz_B	LOKIASV2_1349_AF2_hypothetical_protein	3lg7-assembly1.cif.gz_B Crystal structure of HIV epitope-scaffold 4E10_S0_1EZ3A_002_C	0.150	140	101	749	888	3	122	3.869E-01	60
LOKIASV2_1349_AF2_hypothetical_protein	4y5j-assembly1.cif.gz_A	LOKIASV2_1349_AF2_hypothetical_protein	4y5j-assembly1.cif.gz_A Drosophila melanogaster Mini spindles TOG3	0.120	194	169	48	240	16	209	2.282E-01	60
LOKIASV2_1349_AF2_hypothetical_protein	3txn-assembly1.cif.gz_A	LOKIASV2_1349_AF2_hypothetical_protein	3txn-assembly1.cif.gz_A Crystal structure of Rpn6 from Drosophila melanogaster, native data	0.098	341	306	14	353	11	351	7.207E-02	60
LOKIASV2_1349_AF2_hypothetical_protein	4cr2-assembly1.cif.gz_P	LOKIASV2_1349_AF2_hypothetical_protein	4cr2-assembly1.cif.gz_P Deep classification of a large cryo-EM dataset defines the conformational landscape of the 26S proteasome	0.115	362	315	34	390	47	408	5.669E-02	60
LOKIASV2_1349_AF2_hypothetical_protein	7cm6-assembly1.cif.gz_A	LOKIASV2_1349_AF2_hypothetical_protein	7cm6-assembly1.cif.gz_A NAD+-bound Sarm1 in the self-inhibited state	0.118	504	412	11	478	3	506	1.162E-02	60
LOKIASV2_1349_AF2_hypothetical_protein	5ndg-assembly2.cif.gz_d5	LOKIASV2_1349_AF2_hypothetical_protein	5ndg-assembly2.cif.gz_d5 Crystal structure of geneticin (G418) bound to the yeast 80S ribosome	0.158	63	49	626	688	8	66	2.078E+00	59
LOKIASV2_1349_AF2_hypothetical_protein	5jup-assembly1.cif.gz_WB	LOKIASV2_1349_AF2_hypothetical_protein	5jup-assembly1.cif.gz_WB Saccharomyces cerevisiae 80S ribosome bound with elongation factor eEF2-GDP-sordarin and Taura Syndrome Virus IRES, Structure II (mid-rotated 40S subunit)	0.155	58	48	631	688	10	67	1.634E+00	59
LOKIASV2_1349_AF2_hypothetical_protein	7nwg-assembly1.cif.gz_a2	LOKIASV2_1349_AF2_hypothetical_protein	7nwg-assembly1.cif.gz_a2 Mammalian pre-termination 80S ribosome with Hybrid P/E- and A/P-site tRNA's bound by Blasticidin S.	0.222	63	45	626	688	12	70	2.078E+00	59
LOKIASV2_1349_AF2_hypothetical_protein	4d5l-assembly1.cif.gz_Z	LOKIASV2_1349_AF2_hypothetical_protein	4d5l-assembly1.cif.gz_Z Cryo-EM structures of ribosomal 80S complexes with termination factors and cricket paralysis virus IRES reveal the IRES in the translocated state	0.171	70	51	619	688	10	71	8.343E-01	59
LOKIASV2_1349_AF2_hypothetical_protein	8g3d-assembly1.cif.gz_5S	LOKIASV2_1349_AF2_hypothetical_protein	8g3d-assembly1.cif.gz_5S 48-nm doublet microtubule from Tetrahymena thermophila strain K40R	0.125	135	102	65	181	34	168	7.952E-01	59
LOKIASV2_1349_AF2_hypothetical_protein	5qsu-assembly2.cif.gz_A	LOKIASV2_1349_AF2_hypothetical_protein	5qsu-assembly2.cif.gz_A PanDDA analysis group deposition -- Crystal Structure of human STAG1 in complex with Z2856434926	0.158	160	128	31	183	144	303	9.184E-01	59
LOKIASV2_1349_AF2_hypothetical_protein	8inf-assembly1.cif.gz_f	LOKIASV2_1349_AF2_hypothetical_protein	8inf-assembly1.cif.gz_f human nuclear pre-60S ribosomal particle - State F'	0.150	233	190	17	240	15	247	3.193E-01	59
LOKIASV2_1349_AF2_hypothetical_protein	7cun-assembly1.cif.gz_G	LOKIASV2_1349_AF2_hypothetical_protein	7cun-assembly1.cif.gz_G The structure of human Integrator-PP2A complex	0.095	872	617	16	887	2	684	1.474E-03	59
LOKIASV2_1349_AF2_hypothetical_protein	5j6x-assembly2.cif.gz_B	LOKIASV2_1349_AF2_hypothetical_protein	5j6x-assembly2.cif.gz_B Crystal structure of the apo-Zalpha of Zebrafish PKZ	0.137	58	49	629	686	3	60	3.523E+00	58
LOKIASV2_1349_AF2_hypothetical_protein	7oyb-assembly1.cif.gz_Z2	LOKIASV2_1349_AF2_hypothetical_protein	7oyb-assembly1.cif.gz_Z2 Cryo-EM structure of the 6 hpf zebrafish embryo 80S ribosome	0.183	60	47	630	688	5	64	2.287E+00	58
LOKIASV2_1349_AF2_hypothetical_protein	7qp7-assembly1.cif.gz_e	LOKIASV2_1349_AF2_hypothetical_protein	7qp7-assembly1.cif.gz_e Structure of the human 48S initiation complex in closed state (h48S AUG closed)	0.222	63	45	626	688	8	66	2.399E+00	58
LOKIASV2_1349_AF2_hypothetical_protein	5lzd-assembly1.cif.gz_z	LOKIASV2_1349_AF2_hypothetical_protein	5lzd-assembly1.cif.gz_z Structure of SelB-Sec-tRNASec bound to the 70S ribosome in the GTPase activated state (GA)	0.085	275	217	413	687	368	605	4.678E-02	58
LOKIASV2_1349_AF2_hypothetical_protein	7pks-assembly1.cif.gz_d	LOKIASV2_1349_AF2_hypothetical_protein	7pks-assembly1.cif.gz_d Structural basis of Integrator-mediated transcription regulation	0.128	576	466	33	608	111	645	1.707E-02	58
LOKIASV2_1349_AF2_hypothetical_protein	7zbz-assembly1.cif.gz_D	LOKIASV2_1349_AF2_hypothetical_protein	7zbz-assembly1.cif.gz_D CAND1 delhairpin-SCF-SKP2 CAND1 partly engaged SCF partly rocked	0.105	874	724	2	875	330	1139	1.339E-03	58
LOKIASV2_1349_AF2_hypothetical_protein	7z8v-assembly1.cif.gz_D	LOKIASV2_1349_AF2_hypothetical_protein	7z8v-assembly1.cif.gz_D CAND1-SCF-SKP2 (SKP1deldel) CAND1 engaged SCF rocked	0.116	824	637	50	873	436	1157	1.474E-03	58
LOKIASV2_1349_AF2_hypothetical_protein	8ova-assembly1.cif.gz_AU	LOKIASV2_1349_AF2_hypothetical_protein	8ova-assembly1.cif.gz_AU CRYO-EM STRUCTURE OF TRYPANOSOMA BRUCEI PROCYCLIC FORM 80S RIBOSOME : PARENTAL STRAIN	0.185	70	50	619	688	9	70	1.061E+00	57
LOKIASV2_1349_AF2_hypothetical_protein	6tbl-assembly1.cif.gz_A	LOKIASV2_1349_AF2_hypothetical_protein	6tbl-assembly1.cif.gz_A Crystal structure of MMS19(CTD)-CIAO1-CIAO2B CIA targeting complex	0.155	109	89	73	181	4	109	5.161E-01	57
LOKIASV2_1349_AF2_hypothetical_protein	2v9v-assembly1.cif.gz_A	LOKIASV2_1349_AF2_hypothetical_protein	2v9v-assembly1.cif.gz_A Crystal Structure of Moorella thermoacetica SelB(377-511)	0.115	125	104	571	688	4	128	3.688E-01	57
LOKIASV2_1349_AF2_hypothetical_protein	8ink-assembly1.cif.gz_N	LOKIASV2_1349_AF2_hypothetical_protein	8ink-assembly1.cif.gz_N human nuclear pre-60S ribosomal particle - State D	0.119	232	201	13	241	5	236	4.060E-01	57
LOKIASV2_1349_AF2_hypothetical_protein	7n8b-assembly1.cif.gz_BZ	LOKIASV2_1349_AF2_hypothetical_protein	7n8b-assembly1.cif.gz_BZ Cycloheximide bound vacant 80S structure isolated from cbf5-D95A	0.161	62	48	627	688	9	66	2.908E+00	56
LOKIASV2_1349_AF2_hypothetical_protein	6zmt-assembly1.cif.gz_a	LOKIASV2_1349_AF2_hypothetical_protein	6zmt-assembly1.cif.gz_a SARS-CoV-2 Nsp1 bound to a pre-40S-like ribosome complex	0.171	70	51	619	688	8	69	1.113E+00	56
LOKIASV2_1349_AF2_hypothetical_protein	6zvk-assembly1.cif.gz_M3	LOKIASV2_1349_AF2_hypothetical_protein	6zvk-assembly1.cif.gz_M3 The Halastavi arva virus (HalV) intergenic region IRES promotes translation by the simplest possible initiation mechanism	0.239	46	34	643	688	25	70	2.399E+00	56
LOKIASV2_1349_AF2_hypothetical_protein	6rm3-assembly1.cif.gz_SZ0	LOKIASV2_1349_AF2_hypothetical_protein	6rm3-assembly1.cif.gz_SZ0 Evolutionary compaction and adaptation visualized by the structure of the dormant microsporidian ribosome	0.129	62	50	627	688	33	90	2.641E+00	56
LOKIASV2_1349_AF2_hypothetical_protein	4v5o-assembly2.cif.gz_B8	LOKIASV2_1349_AF2_hypothetical_protein	4v5o-assembly2.cif.gz_B8 CRYSTAL STRUCTURE OF THE EUKARYOTIC 40S RIBOSOMAL SUBUNIT IN COMPLEX WITH INITIATION FACTOR 1.	0.084	59	53	630	688	26	84	2.517E+00	56
LOKIASV2_1349_AF2_hypothetical_protein	8fbj-assembly1.cif.gz_A	LOKIASV2_1349_AF2_hypothetical_protein	8fbj-assembly1.cif.gz_A Improving the secretion of designed protein assemblies through negative design of cryptic transmembrane domains	0.167	257	206	14	270	59	306	2.629E-02	56
LOKIASV2_1349_AF2_hypothetical_protein	3lmm-assembly4.cif.gz_D	LOKIASV2_1349_AF2_hypothetical_protein	3lmm-assembly4.cif.gz_D Crystal Structure of the DIP2311 protein from Corynebacterium diphtheriae, Northeast Structural Genomics Consortium Target CdR35	0.125	140	101	573	688	415	554	3.515E-01	56
LOKIASV2_1349_AF2_hypothetical_protein	8p2m-assembly1.cif.gz_I	LOKIASV2_1349_AF2_hypothetical_protein	8p2m-assembly1.cif.gz_I C. elegans TIR-1 protein.	0.106	234	202	13	239	20	253	5.961E-01	56
LOKIASV2_1349_AF2_hypothetical_protein	3w3t-assembly1.cif.gz_A	LOKIASV2_1349_AF2_hypothetical_protein	3w3t-assembly1.cif.gz_A Crystal structure of Kap121p	0.098	694	616	48	731	329	1022	2.623E-03	56
LOKIASV2_1349_AF2_hypothetical_protein	7z3o-assembly1.cif.gz_SZ	LOKIASV2_1349_AF2_hypothetical_protein	7z3o-assembly1.cif.gz_SZ Cryo-EM structure of the ribosome-associated RAC complex on the 80S ribosome - RAC-2 conformation	0.137	58	49	631	688	10	67	2.908E+00	55
LOKIASV2_1349_AF2_hypothetical_protein	7wu0-assembly1.cif.gz_Z	LOKIASV2_1349_AF2_hypothetical_protein	7wu0-assembly1.cif.gz_Z Cryo-EM structure of a human pre-40S ribosomal subunit - State RRP12-B3	0.171	70	51	619	688	8	69	1.484E+00	55
LOKIASV2_1349_AF2_hypothetical_protein	6hcm-assembly1.cif.gz_a1	LOKIASV2_1349_AF2_hypothetical_protein	6hcm-assembly1.cif.gz_a1 Structure of the rabbit collided di-ribosome (stalled monosome)	0.173	69	50	620	688	10	70	1.225E+00	55
LOKIASV2_1349_AF2_hypothetical_protein	2mlg-assembly1.cif.gz_A	LOKIASV2_1349_AF2_hypothetical_protein	2mlg-assembly1.cif.gz_A Stf76 from the Sulfolobus islandicus plasmid-virus pSSVx	0.164	71	57	632	700	6	76	2.078E+00	55
LOKIASV2_1349_AF2_hypothetical_protein	8bqd-assembly1.cif.gz_K	LOKIASV2_1349_AF2_hypothetical_protein	8bqd-assembly1.cif.gz_K Yeast 80S ribosome in complex with Map1 (conformation 1)	0.158	63	49	626	688	21	79	3.051E+00	55
LOKIASV2_1349_AF2_hypothetical_protein	1ufm-assembly1.cif.gz_A	LOKIASV2_1349_AF2_hypothetical_protein	1ufm-assembly1.cif.gz_A Solution structure of the PCI domain	0.178	70	55	689	756	14	83	1.980E+00	55
LOKIASV2_1349_AF2_hypothetical_protein	4v8m-assembly1.cif.gz_AU	LOKIASV2_1349_AF2_hypothetical_protein	4v8m-assembly1.cif.gz_AU High-resolution cryo-electron microscopy structure of the Trypanosoma brucei ribosome	0.187	80	58	609	688	11	82	5.682E-01	55
LOKIASV2_1349_AF2_hypothetical_protein	3r4k-assembly1.cif.gz_B	LOKIASV2_1349_AF2_hypothetical_protein	3r4k-assembly1.cif.gz_B Crystal structure of a putative ICLR transcriptional regulator (TM1040_3717) from SILICIBACTER SP. TM1040 at 2.46 A resolution	0.148	74	59	627	700	4	73	8.343E-01	55
LOKIASV2_1349_AF2_hypothetical_protein	6qb5-assembly4.cif.gz_D	LOKIASV2_1349_AF2_hypothetical_protein	6qb5-assembly4.cif.gz_D Crystal structure of the N-terminal region of human cohesin subunit STAG1	0.091	212	151	49	215	89	300	4.919E-01	55
LOKIASV2_1349_AF2_hypothetical_protein	7zbw-assembly1.cif.gz_D	LOKIASV2_1349_AF2_hypothetical_protein	7zbw-assembly1.cif.gz_D CAND1-SCF-SKP2 CAND1 rolling-2 SCF engaged	0.092	364	215	2	239	27	390	2.388E-02	55
LOKIASV2_1349_AF2_hypothetical_protein	7wtx-assembly1.cif.gz_K	LOKIASV2_1349_AF2_hypothetical_protein	7wtx-assembly1.cif.gz_K Cryo-EM structure of a human pre-40S ribosomal subunit - State RRP12-B1	0.117	842	657	34	875	160	904	3.030E-03	55
LOKIASV2_1349_AF2_hypothetical_protein	7wtu-assembly1.cif.gz_K	LOKIASV2_1349_AF2_hypothetical_protein	7wtu-assembly1.cif.gz_K Cryo-EM structure of a human pre-40S ribosomal subunit - State RRP12-A1 (without CK1)	0.116	840	656	36	875	162	904	3.499E-03	55
LOKIASV2_1349_AF2_hypothetical_protein	7bii-assembly1.cif.gz_A	LOKIASV2_1349_AF2_hypothetical_protein	7bii-assembly1.cif.gz_A Crystal structure of Nematocida HUWE1	0.102	864	693	50	913	216	988	2.500E-03	55
LOKIASV2_1349_AF2_hypothetical_protein	4awx-assembly1.cif.gz_B	LOKIASV2_1349_AF2_hypothetical_protein	4awx-assembly1.cif.gz_B Moonlighting functions of FeoC in the regulation of ferrous iron transport in Feo	0.196	56	43	633	688	8	61	4.479E+00	54
LOKIASV2_1349_AF2_hypothetical_protein	7ls2-assembly1.cif.gz_R3	LOKIASV2_1349_AF2_hypothetical_protein	7ls2-assembly1.cif.gz_R3 80S ribosome from mouse bound to eEF2 (Class I)	0.171	70	51	619	688	9	70	1.349E+00	54
LOKIASV2_1349_AF2_hypothetical_protein	3lg7-assembly1.cif.gz_C	LOKIASV2_1349_AF2_hypothetical_protein	3lg7-assembly1.cif.gz_C Crystal structure of HIV epitope-scaffold 4E10_S0_1EZ3A_002_C	0.153	130	93	759	888	10	120	6.885E-01	54
LOKIASV2_1349_AF2_hypothetical_protein	3cuq-assembly1.cif.gz_B	LOKIASV2_1349_AF2_hypothetical_protein	3cuq-assembly1.cif.gz_B Integrated structural and functional model of the human ESCRT-II complex	0.170	137	103	564	688	62	198	5.961E-01	54
LOKIASV2_1349_AF2_hypothetical_protein	5oqr-assembly1.cif.gz_A	LOKIASV2_1349_AF2_hypothetical_protein	5oqr-assembly1.cif.gz_A Crystal structure of the S. pombe condensin Cnd3-Cnd2 subcomplex	0.124	797	629	33	829	32	750	1.105E-03	54
LOKIASV2_1349_AF2_hypothetical_protein	4xri-assembly1.cif.gz_A	LOKIASV2_1349_AF2_hypothetical_protein	4xri-assembly1.cif.gz_A Crystal Structure of Importin Beta in an Ammonium Sulfate Condition	0.126	435	367	32	452	407	841	4.250E-02	54
LOKIASV2_1349_AF2_hypothetical_protein	5f0o-assembly1.cif.gz_A	LOKIASV2_1349_AF2_hypothetical_protein	5f0o-assembly1.cif.gz_A Cohesin subunit Pds5 in complex with Scc1	0.104	884	649	34	917	199	923	2.500E-03	54
LOKIASV2_1349_AF2_hypothetical_protein	3w3v-assembly1.cif.gz_A	LOKIASV2_1349_AF2_hypothetical_protein	3w3v-assembly1.cif.gz_A Crystal structure of Kap121p mutant D353K/E396K/D438K	0.096	679	603	53	731	331	998	1.108E-02	54
LOKIASV2_1349_AF2_hypothetical_protein	8ccs-assembly1.cif.gz_1	LOKIASV2_1349_AF2_hypothetical_protein	8ccs-assembly1.cif.gz_1 80S S. cerevisiae ribosome with ligands in hybrid-1 pre-translocation (PRE-H1) complex	0.176	51	41	638	688	17	67	2.399E+00	53
LOKIASV2_1349_AF2_hypothetical_protein	8scb-assembly1.cif.gz_ZZ	LOKIASV2_1349_AF2_hypothetical_protein	8scb-assembly1.cif.gz_ZZ Terminating ribosome with SRI-41315	0.171	70	51	619	688	8	69	1.714E+00	53
LOKIASV2_1349_AF2_hypothetical_protein	6p5i-assembly1.cif.gz_a	LOKIASV2_1349_AF2_hypothetical_protein	6p5i-assembly1.cif.gz_a Structure of a mammalian 80S ribosome in complex with the Israeli Acute Paralysis Virus IRES (Class 1)	0.154	70	52	619	688	9	71	1.415E+00	53
LOKIASV2_1349_AF2_hypothetical_protein	5hdt-assembly2.cif.gz_B	LOKIASV2_1349_AF2_hypothetical_protein	5hdt-assembly2.cif.gz_B Human cohesin regulator Pds5B bound to a Wapl peptide	0.110	908	770	6	913	163	1028	2.887E-03	53
LOKIASV2_1349_AF2_hypothetical_protein	8or2-assembly1.cif.gz_C	LOKIASV2_1349_AF2_hypothetical_protein	8or2-assembly1.cif.gz_C CAND1-CUL1-RBX1-DCNL1	0.109	827	613	49	875	425	1113	5.934E-03	53
LOKIASV2_1349_AF2_hypothetical_protein	7uxh-assembly1.cif.gz_C	LOKIASV2_1349_AF2_hypothetical_protein	7uxh-assembly1.cif.gz_C cryo-EM structure of the mTORC1-TFEB-Rag-Ragulator complex	0.123	884	718	34	917	549	1368	2.623E-03	53
LOKIASV2_1349_AF2_hypothetical_protein	7ase-assembly1.cif.gz_a	LOKIASV2_1349_AF2_hypothetical_protein	7ase-assembly1.cif.gz_a 43S preinitiation complex from Trypanosoma cruzi with the kDDX60 helicase	0.140	70	53	619	688	7	69	1.557E+00	52
LOKIASV2_1349_AF2_hypothetical_protein	3j7r-assembly1.cif.gz_SZ	LOKIASV2_1349_AF2_hypothetical_protein	3j7r-assembly1.cif.gz_SZ Structure of the translating mammalian ribosome-Sec61 complex	0.171	70	51	619	688	9	70	1.285E+00	52
LOKIASV2_1349_AF2_hypothetical_protein	4kzx-assembly1.cif.gz_Z	LOKIASV2_1349_AF2_hypothetical_protein	4kzx-assembly1.cif.gz_Z Rabbit 40S ribosomal subunit in complex with eIF1.	0.171	70	51	619	688	9	70	1.285E+00	52
LOKIASV2_1349_AF2_hypothetical_protein	6zu9-assembly1.cif.gz_M	LOKIASV2_1349_AF2_hypothetical_protein	6zu9-assembly1.cif.gz_M Structure of a yeast ABCE1-bound 48S initiation complex	0.150	80	56	609	688	13	79	1.285E+00	52
LOKIASV2_1349_AF2_hypothetical_protein	3g3z-assembly1.cif.gz_B	LOKIASV2_1349_AF2_hypothetical_protein	3g3z-assembly1.cif.gz_B The structure of NMB1585, a MarR family regulator from Neisseria meningitidis	0.146	106	87	632	734	30	135	6.562E-01	52
LOKIASV2_1349_AF2_hypothetical_protein	7b7d-assembly1.cif.gz_EF	LOKIASV2_1349_AF2_hypothetical_protein	7b7d-assembly1.cif.gz_EF Yeast 80S ribosome bound to eEF3 and A/A- and P/P-tRNAs	0.131	222	155	58	236	107	328	1.883E-01	52
LOKIASV2_1349_AF2_hypothetical_protein	3w3w-assembly1.cif.gz_A	LOKIASV2_1349_AF2_hypothetical_protein	3w3w-assembly1.cif.gz_A Crystal structure of Kap121p bound to Ste12p	0.113	876	722	33	908	62	876	4.897E-03	52
LOKIASV2_1349_AF2_hypothetical_protein	5hdt-assembly1.cif.gz_A	LOKIASV2_1349_AF2_hypothetical_protein	5hdt-assembly1.cif.gz_A Human cohesin regulator Pds5B bound to a Wapl peptide	0.118	892	780	30	914	10	901	3.030E-03	52
LOKIASV2_1349_AF2_hypothetical_protein	8or3-assembly1.cif.gz_C	LOKIASV2_1349_AF2_hypothetical_protein	8or3-assembly1.cif.gz_C CAND1-CUL1-RBX1-SKP1-SKP2-DCNL1	0.089	879	611	36	914	5	676	3.671E-03	52
LOKIASV2_1349_AF2_hypothetical_protein	7wqu-assembly1.cif.gz_B	LOKIASV2_1349_AF2_hypothetical_protein	7wqu-assembly1.cif.gz_B FeoC from Klebsiella pneumoniae	0.166	54	44	472	525	5	58	3.878E+00	51
LOKIASV2_1349_AF2_hypothetical_protein	5lyb-assembly2.cif.gz_d5	LOKIASV2_1349_AF2_hypothetical_protein	5lyb-assembly2.cif.gz_d5 Crystal structure of the S.cerevisiae 80S ribosome in complex with the A-site bound aminoacyl-tRNA analog ACCPmn	0.158	63	49	626	688	8	66	3.697E+00	51
LOKIASV2_1349_AF2_hypothetical_protein	7nwh-assembly1.cif.gz_ZZ	LOKIASV2_1349_AF2_hypothetical_protein	7nwh-assembly1.cif.gz_ZZ Mammalian pre-termination 80S ribosome with eRF1 and eRF3 bound by Blasticidin S.	0.154	70	52	619	688	9	71	1.634E+00	51
LOKIASV2_1349_AF2_hypothetical_protein	5wf1-assembly1.cif.gz_A	LOKIASV2_1349_AF2_hypothetical_protein	5wf1-assembly1.cif.gz_A Tepsin VHS/ENTHlike domain SeMet	0.117	113	95	71	183	7	115	1.349E+00	51
LOKIASV2_1349_AF2_hypothetical_protein	3gfl-assembly1.cif.gz_A-2	LOKIASV2_1349_AF2_hypothetical_protein	3gfl-assembly1.cif.gz_A-2 Crystal structure of the ST1710 mutant (R90A) protein	0.177	115	91	623	734	23	137	6.562E-01	51
LOKIASV2_1349_AF2_hypothetical_protein	3e6m-assembly2.cif.gz_C	LOKIASV2_1349_AF2_hypothetical_protein	3e6m-assembly2.cif.gz_C The crystal structure of a MarR family transcriptional regulator from Silicibacter pomeroyi DSS.	0.117	105	90	629	733	43	145	7.579E-01	51
LOKIASV2_1349_AF2_hypothetical_protein	3e6m-assembly2.cif.gz_D	LOKIASV2_1349_AF2_hypothetical_protein	3e6m-assembly2.cif.gz_D The crystal structure of a MarR family transcriptional regulator from Silicibacter pomeroyi DSS.	0.130	112	94	625	733	35	146	8.753E-01	51
LOKIASV2_1349_AF2_hypothetical_protein	2vxz-assembly1.cif.gz_A	LOKIASV2_1349_AF2_hypothetical_protein	2vxz-assembly1.cif.gz_A Crystal Structure of hypothetical protein PyrSV_gp04 from Pyrobaculum spherical virus	0.145	149	109	621	748	1	149	4.060E-01	51
LOKIASV2_1349_AF2_hypothetical_protein	7abg-assembly1.cif.gz_u	LOKIASV2_1349_AF2_hypothetical_protein	7abg-assembly1.cif.gz_u Human pre-Bact-1 spliceosome	0.096	657	555	31	687	214	828	6.226E-03	51
LOKIASV2_1349_AF2_hypothetical_protein	5z56-assembly1.cif.gz_1	LOKIASV2_1349_AF2_hypothetical_protein	5z56-assembly1.cif.gz_1 cryo-EM structure of a human activated spliceosome (mature Bact) at 5.1 angstrom.	0.102	657	551	31	687	416	1030	9.142E-03	51
LOKIASV2_1349_AF2_hypothetical_protein	7z8r-assembly1.cif.gz_D	LOKIASV2_1349_AF2_hypothetical_protein	7z8r-assembly1.cif.gz_D CAND1-CUL1-RBX1	0.121	861	631	50	910	430	1148	6.853E-03	51
LOKIASV2_1349_AF2_hypothetical_protein	8ove-assembly1.cif.gz_AU	LOKIASV2_1349_AF2_hypothetical_protein	8ove-assembly1.cif.gz_AU CRYO-EM STRUCTURE OF TRYPANOSOMA BRUCEI PROCYCLIC FORM 80S RIBOSOME : TB11CS6H1 snoRNA mutant	0.185	70	50	619	688	6	67	2.078E+00	50
LOKIASV2_1349_AF2_hypothetical_protein	7pzy-assembly1.cif.gz_a	LOKIASV2_1349_AF2_hypothetical_protein	7pzy-assembly1.cif.gz_a Structure of the vacant Candida albicans 80S ribosome	0.129	62	50	627	688	12	69	4.479E+00	50
LOKIASV2_1349_AF2_hypothetical_protein	3gfj-assembly1.cif.gz_A-2	LOKIASV2_1349_AF2_hypothetical_protein	3gfj-assembly1.cif.gz_A-2 Crystal structure of the ST1710 mutant (R89A) protein	0.150	119	94	623	734	19	137	6.885E-01	50
LOKIASV2_1349_AF2_hypothetical_protein	2zme-assembly1.cif.gz_A	LOKIASV2_1349_AF2_hypothetical_protein	2zme-assembly1.cif.gz_A Integrated structural and functional model of the human ESCRT-II complex	0.110	199	164	562	746	2	200	2.073E-01	50
LOKIASV2_1349_AF2_hypothetical_protein	5jpq-assembly1.cif.gz_G	LOKIASV2_1349_AF2_hypothetical_protein	5jpq-assembly1.cif.gz_G Cryo-EM structure of the 90S pre-ribosome	0.098	204	178	33	230	80	283	1.799E+00	50
LOKIASV2_1349_AF2_hypothetical_protein	8h38-assembly1.cif.gz_B	LOKIASV2_1349_AF2_hypothetical_protein	8h38-assembly1.cif.gz_B Cryo-EM Structure of the KBTBD2-CRL3~N8-CSN(mutate) complex	0.118	374	312	33	387	46	419	7.561E-02	50
LOKIASV2_1349_AF2_hypothetical_protein	7ujd-assembly1.cif.gz_A	LOKIASV2_1349_AF2_hypothetical_protein	7ujd-assembly1.cif.gz_A PSMD2 Structure bound to MC1 and Fab8/14	0.109	170	149	48	215	117	286	8.343E-01	50
LOKIASV2_1349_AF2_hypothetical_protein	6tc0-assembly3.cif.gz_F	LOKIASV2_1349_AF2_hypothetical_protein	6tc0-assembly3.cif.gz_F Crystal structure of MMS19-CIAO1-CIAO2B CIA targeting complex	0.123	198	168	48	239	224	421	5.415E-01	50
LOKIASV2_1349_AF2_hypothetical_protein	6zqb-assembly1.cif.gz_UT	LOKIASV2_1349_AF2_hypothetical_protein	6zqb-assembly1.cif.gz_UT Cryo-EM structure of the 90S pre-ribosome from Saccharomyces cerevisiae, state B2	0.097	885	677	31	915	1430	2180	6.226E-03	50
LOKIASV2_1349_AF2_hypothetical_protein	6zqc-assembly1.cif.gz_UT	LOKIASV2_1349_AF2_hypothetical_protein	6zqc-assembly1.cif.gz_UT Cryo-EM structure of the 90S pre-ribosome from Saccharomyces cerevisiae, state Pre-A1	0.098	878	734	40	917	1440	2254	4.448E-03	50
LOKIASV2_1349_AF2_hypothetical_protein	3f22-assembly2.cif.gz_C	LOKIASV2_1349_AF2_hypothetical_protein	3f22-assembly2.cif.gz_C Crystal structure of Zalpha in complex with d(CGTACG)	0.093	64	56	625	688	2	64	5.975E+00	49
LOKIASV2_1349_AF2_hypothetical_protein	7mpi-assembly1.cif.gz_BZ	LOKIASV2_1349_AF2_hypothetical_protein	7mpi-assembly1.cif.gz_BZ Stm1 bound vacant 80S structure isolated from cbf5-D95A	0.158	63	49	626	688	8	66	4.269E+00	49
LOKIASV2_1349_AF2_hypothetical_protein	8p5d-assembly1.cif.gz_SZ0	LOKIASV2_1349_AF2_hypothetical_protein	8p5d-assembly1.cif.gz_SZ0 Spraguea lophii ribosome in the closed conformation by cryo sub tomogram averaging	0.152	59	46	634	688	10	68	2.908E+00	49
LOKIASV2_1349_AF2_hypothetical_protein	1xmk-assembly1.cif.gz_A	LOKIASV2_1349_AF2_hypothetical_protein	1xmk-assembly1.cif.gz_A The Crystal structure of the Zb domain from the RNA editing enzyme ADAR1	0.132	68	57	628	694	8	75	4.479E+00	49
LOKIASV2_1349_AF2_hypothetical_protein	3e6m-assembly3.cif.gz_F	LOKIASV2_1349_AF2_hypothetical_protein	3e6m-assembly3.cif.gz_F The crystal structure of a MarR family transcriptional regulator from Silicibacter pomeroyi DSS.	0.129	109	94	625	733	35	143	1.011E+00	49
LOKIASV2_1349_AF2_hypothetical_protein	5y6i-assembly1.cif.gz_B	LOKIASV2_1349_AF2_hypothetical_protein	5y6i-assembly1.cif.gz_B Crystal structure of Pseudomonas aeruginosa HmgR	0.085	69	61	469	537	7	74	2.771E+00	49
LOKIASV2_1349_AF2_hypothetical_protein	6msb-assembly1.cif.gz_Y	LOKIASV2_1349_AF2_hypothetical_protein	6msb-assembly1.cif.gz_Y Cryo-EM structures and dynamics of substrate-engaged human 26S proteasome	0.120	392	289	3	394	50	378	2.512E-01	49
LOKIASV2_1349_AF2_hypothetical_protein	7w3k-assembly1.cif.gz_W	LOKIASV2_1349_AF2_hypothetical_protein	7w3k-assembly1.cif.gz_W Structure of USP14-bound human 26S proteasome in substrate-inhibited state SD4_USP14	0.111	439	344	3	390	1	439	1.883E-01	49
LOKIASV2_1349_AF2_hypothetical_protein	8clj-assembly1.cif.gz_F	LOKIASV2_1349_AF2_hypothetical_protein	8clj-assembly1.cif.gz_F TFIIIC TauB-DNA dimer	0.116	222	158	592	771	201	422	6.240E-02	49
LOKIASV2_1349_AF2_hypothetical_protein	8hq5-assembly1.cif.gz_C	LOKIASV2_1349_AF2_hypothetical_protein	8hq5-assembly1.cif.gz_C G6 in complex with CRM1-Ran-RanBP1	0.107	869	700	26	894	188	972	2.170E-02	49
LOKIASV2_1349_AF2_hypothetical_protein	5w0v-assembly1.cif.gz_A	LOKIASV2_1349_AF2_hypothetical_protein	5w0v-assembly1.cif.gz_A Crystal structure of full-length Kluyveromyces lactis Kap123 with histone H4 1-34	0.123	879	604	39	917	309	998	9.142E-03	49
LOKIASV2_1349_AF2_hypothetical_protein	8a2q-assembly1.cif.gz_A	LOKIASV2_1349_AF2_hypothetical_protein	8a2q-assembly1.cif.gz_A Structure of the DNA-bound FANCD2-FANCI complex containing phosphomimetic FANCI	0.117	884	740	9	892	265	1103	4.240E-03	49
LOKIASV2_1349_AF2_hypothetical_protein	4bts-assembly1.cif.gz_B8	LOKIASV2_1349_AF2_hypothetical_protein	4bts-assembly1.cif.gz_B8 THE CRYSTAL STRUCTURE OF THE EUKARYOTIC 40S RIBOSOMAL SUBUNIT IN COMPLEX WITH EIF1 AND EIF1A	0.072	68	57	621	688	10	71	2.771E+00	48
LOKIASV2_1349_AF2_hypothetical_protein	3gfm-assembly1.cif.gz_A-2	LOKIASV2_1349_AF2_hypothetical_protein	3gfm-assembly1.cif.gz_A-2 Crystal structure of the ST1710 mutant (K91A) protein	0.157	119	94	623	734	19	137	7.952E-01	48
LOKIASV2_1349_AF2_hypothetical_protein	4gcv-assembly6.cif.gz_K	LOKIASV2_1349_AF2_hypothetical_protein	4gcv-assembly6.cif.gz_K Structure of a Putative transcription factor (PA1374)from Pseudomonas aeruginosa	0.189	78	60	623	697	5	82	3.201E+00	48
LOKIASV2_1349_AF2_hypothetical_protein	4d18-assembly2.cif.gz_J	LOKIASV2_1349_AF2_hypothetical_protein	4d18-assembly2.cif.gz_J Crystal structure of the COP9 signalosome	0.131	354	296	34	387	61	402	1.165E-01	48
LOKIASV2_1349_AF2_hypothetical_protein	3jck-assembly1.cif.gz_B	LOKIASV2_1349_AF2_hypothetical_protein	3jck-assembly1.cif.gz_B Structure of the yeast 26S proteasome lid sub-complex	0.122	373	313	34	390	27	399	4.908E-02	48
LOKIASV2_1349_AF2_hypothetical_protein	5wyl-assembly1.cif.gz_A	LOKIASV2_1349_AF2_hypothetical_protein	5wyl-assembly1.cif.gz_A Crystal structure of Chaetomium thermophilum Utp10 N-terminal domain in complex with Utp17 C-terminal helices	0.132	246	179	34	240	165	410	2.175E-01	48
LOKIASV2_1349_AF2_hypothetical_protein	7abh-assembly1.cif.gz_u	LOKIASV2_1349_AF2_hypothetical_protein	7abh-assembly1.cif.gz_u Human pre-Bact-2 spliceosome (SF3b/U2 snRNP portion)	0.099	290	169	51	239	290	579	5.947E-02	48
LOKIASV2_1349_AF2_hypothetical_protein	7cnd-assembly1.cif.gz_C	LOKIASV2_1349_AF2_hypothetical_protein	7cnd-assembly1.cif.gz_C NCI-1 in complex with CRM1-Ran-RanBP1	0.107	869	700	26	894	188	972	1.627E-02	48
LOKIASV2_1349_AF2_hypothetical_protein	7mqa-assembly1.cif.gz_SP	LOKIASV2_1349_AF2_hypothetical_protein	7mqa-assembly1.cif.gz_SP Cryo-EM structure of the human SSU processome, state post-A1	0.125	623	489	50	672	1893	2452	3.861E-02	48
LOKIASV2_1349_AF2_hypothetical_protein	8cbj-assembly1.cif.gz_Z	LOKIASV2_1349_AF2_hypothetical_protein	8cbj-assembly1.cif.gz_Z Cryo-EM structure of Otu2-bound cytoplasmic pre-40S ribosome biogenesis complex	0.186	59	46	630	688	4	61	4.931E+00	47
LOKIASV2_1349_AF2_hypothetical_protein	8cah-assembly1.cif.gz_L	LOKIASV2_1349_AF2_hypothetical_protein	8cah-assembly1.cif.gz_L Cryo-EM structure of native Otu2-bound ubiquitinated 43S pre-initiation complex	0.158	63	49	626	688	21	79	5.695E+00	47
LOKIASV2_1349_AF2_hypothetical_protein	5k5o-assembly1.cif.gz_C	LOKIASV2_1349_AF2_hypothetical_protein	5k5o-assembly1.cif.gz_C Structure of AspA-26mer DNA complex	0.130	68	57	633	700	11	77	3.697E+00	47
LOKIASV2_1349_AF2_hypothetical_protein	3e6m-assembly1.cif.gz_A	LOKIASV2_1349_AF2_hypothetical_protein	3e6m-assembly1.cif.gz_A The crystal structure of a MarR family transcriptional regulator from Silicibacter pomeroyi DSS.	0.142	105	88	629	733	43	145	9.184E-01	47
LOKIASV2_1349_AF2_hypothetical_protein	3e6m-assembly1.cif.gz_B	LOKIASV2_1349_AF2_hypothetical_protein	3e6m-assembly1.cif.gz_B The crystal structure of a MarR family transcriptional regulator from Silicibacter pomeroyi DSS.	0.145	109	91	625	732	35	143	1.011E+00	47
LOKIASV2_1349_AF2_hypothetical_protein	1w7p-assembly1.cif.gz_A	LOKIASV2_1349_AF2_hypothetical_protein	1w7p-assembly1.cif.gz_A The crystal structure of endosomal complex ESCRT-II (VPS22/VPS25/VPS36)	0.123	209	169	144	352	12	205	3.037E-02	47
LOKIASV2_1349_AF2_hypothetical_protein	6fvu-assembly1.cif.gz_P	LOKIASV2_1349_AF2_hypothetical_protein	6fvu-assembly1.cif.gz_P 26S proteasome, s2 state	0.111	431	333	15	390	5	435	1.056E-02	47
LOKIASV2_1349_AF2_hypothetical_protein	7abi-assembly1.cif.gz_u	LOKIASV2_1349_AF2_hypothetical_protein	7abi-assembly1.cif.gz_u Human pre-Bact-2 spliceosome	0.095	657	556	31	687	319	933	1.478E-02	47
LOKIASV2_1349_AF2_hypothetical_protein	6qj4-assembly1.cif.gz_A	LOKIASV2_1349_AF2_hypothetical_protein	6qj4-assembly1.cif.gz_A Crystal structure of the C. thermophilum condensin Ycs4-Brn1 subcomplex bound to the Smc4 ATPase head in complex with the C-terminal domain of Brn1	0.140	342	263	57	398	279	585	2.282E-01	47
LOKIASV2_1349_AF2_hypothetical_protein	5di9-assembly1.cif.gz_C	LOKIASV2_1349_AF2_hypothetical_protein	5di9-assembly1.cif.gz_C Crystal Structure of hRio2 NES Reverse Mutant Peptide in complex with CRM1-Ran-RanBP1	0.099	868	705	27	894	189	972	2.276E-02	47
LOKIASV2_1349_AF2_hypothetical_protein	3f23-assembly1.cif.gz_A	LOKIASV2_1349_AF2_hypothetical_protein	3f23-assembly1.cif.gz_A Crystal structure of Zalpha in complex with d(CGGCCG)	0.095	63	54	626	688	4	64	5.975E+00	46
LOKIASV2_1349_AF2_hypothetical_protein	8evq-assembly1.cif.gz_BZ	LOKIASV2_1349_AF2_hypothetical_protein	8evq-assembly1.cif.gz_BZ Hypopseudouridylated Ribosome bound with TSV IRES, eEF2, GDP, and sordarin, Structure I	0.191	47	37	642	688	20	66	4.931E+00	46
LOKIASV2_1349_AF2_hypothetical_protein	1ez3-assembly1.cif.gz_A	LOKIASV2_1349_AF2_hypothetical_protein	1ez3-assembly1.cif.gz_A CRYSTAL STRUCTURE OF THE NEURONAL T-SNARE SYNTAXIN-1A	0.160	128	92	761	888	12	122	1.634E+00	46
LOKIASV2_1349_AF2_hypothetical_protein	3e6m-assembly4.cif.gz_H	LOKIASV2_1349_AF2_hypothetical_protein	3e6m-assembly4.cif.gz_H The crystal structure of a MarR family transcriptional regulator from Silicibacter pomeroyi DSS.	0.103	110	97	625	733	35	144	1.557E+00	46
LOKIASV2_1349_AF2_hypothetical_protein	7wze-assembly1.cif.gz_A	LOKIASV2_1349_AF2_hypothetical_protein	7wze-assembly1.cif.gz_A Structure of Transcriptional regulator from Bacillus subtilis (strain 168)	0.178	106	84	627	732	54	156	7.579E-01	46
LOKIASV2_1349_AF2_hypothetical_protein	6e9x-assembly1.cif.gz_C	LOKIASV2_1349_AF2_hypothetical_protein	6e9x-assembly1.cif.gz_C DHF91 filament	0.089	189	143	51	239	3	160	4.469E-01	46
LOKIASV2_1349_AF2_hypothetical_protein	8c7o-assembly1.cif.gz_A	LOKIASV2_1349_AF2_hypothetical_protein	8c7o-assembly1.cif.gz_A Unliganded transcriptional pleiotropic repressor CodY from Staphylococcus aureus	0.150	72	60	628	699	182	252	5.428E+00	46
LOKIASV2_1349_AF2_hypothetical_protein	8amz-assembly1.cif.gz_R	LOKIASV2_1349_AF2_hypothetical_protein	8amz-assembly1.cif.gz_R Spinach 19S proteasome	0.118	362	275	30	391	66	378	3.044E-01	46
LOKIASV2_1349_AF2_hypothetical_protein	6r7n-assembly1.cif.gz_B	LOKIASV2_1349_AF2_hypothetical_protein	6r7n-assembly1.cif.gz_B Structural basis of Cullin-2 RING E3 ligase regulation by the COP9 signalosome	0.116	363	278	53	367	68	430	2.276E-02	46
LOKIASV2_1349_AF2_hypothetical_protein	7w38-assembly1.cif.gz_W	LOKIASV2_1349_AF2_hypothetical_protein	7w38-assembly1.cif.gz_W Structure of USP14-bound human 26S proteasome in state EA2.0_UBL	0.108	439	345	3	390	1	439	7.933E-02	46
LOKIASV2_1349_AF2_hypothetical_protein	4ol0-assembly1.cif.gz_B	LOKIASV2_1349_AF2_hypothetical_protein	4ol0-assembly1.cif.gz_B Crystal structure of transportin-SR2, a karyopherin involved in human disease, in complex with Ran	0.110	886	697	30	915	78	861	1.879E-02	46
LOKIASV2_1349_AF2_hypothetical_protein	8a9k-assembly1.cif.gz_B	LOKIASV2_1349_AF2_hypothetical_protein	8a9k-assembly1.cif.gz_B Cryo-EM structure of USP1-UAF1 bound to FANCI and mono-ubiquitinated FANCD2 with ML323 (consensus reconstruction)	0.114	861	705	32	892	146	942	8.713E-03	46
LOKIASV2_1349_AF2_hypothetical_protein	5uwq-assembly1.cif.gz_C	LOKIASV2_1349_AF2_hypothetical_protein	5uwq-assembly1.cif.gz_C Crystal Structure of CDC7 NES Peptide in complex with CRM1-Ran-RanBP1	0.096	868	713	27	894	189	978	2.629E-02	46
LOKIASV2_1349_AF2_hypothetical_protein	4a0c-assembly1.cif.gz_A	LOKIASV2_1349_AF2_hypothetical_protein	4a0c-assembly1.cif.gz_A Structure of the CAND1-CUL4B-RBX1 complex	0.111	844	632	49	892	441	1152	1.408E-02	46
LOKIASV2_1349_AF2_hypothetical_protein	4kmf-assembly1.cif.gz_A-2	LOKIASV2_1349_AF2_hypothetical_protein	4kmf-assembly1.cif.gz_A-2 Crystal structure of Zalpha domain from Carassius auratus PKZ in complex with Z-DNA	0.126	63	50	626	688	4	61	5.428E+00	45
LOKIASV2_1349_AF2_hypothetical_protein	5k5q-assembly1.cif.gz_C	LOKIASV2_1349_AF2_hypothetical_protein	5k5q-assembly1.cif.gz_C Structure of AspA-DNA complex: novel centromere bindng protein-centromere complex	0.121	74	59	627	700	13	80	2.641E+00	45
LOKIASV2_1349_AF2_hypothetical_protein	7qxx-assembly1.cif.gz_X	LOKIASV2_1349_AF2_hypothetical_protein	7qxx-assembly1.cif.gz_X Proteasome-ZFAND5 Complex Z+E state	0.137	109	75	626	734	2	89	3.878E+00	45
LOKIASV2_1349_AF2_hypothetical_protein	6uvu-assembly1.cif.gz_A	LOKIASV2_1349_AF2_hypothetical_protein	6uvu-assembly1.cif.gz_A Crystal structure of the AntR antimony-specific transcriptional repressor	0.150	105	65	630	734	33	110	1.799E+00	45
LOKIASV2_1349_AF2_hypothetical_protein	4hbl-assembly1.cif.gz_B	LOKIASV2_1349_AF2_hypothetical_protein	4hbl-assembly1.cif.gz_B Crystal structure of AbfR of Staphylococcus epidermidis	0.115	109	96	626	734	30	138	1.225E+00	45
LOKIASV2_1349_AF2_hypothetical_protein	8ipy-assembly1.cif.gz_N	LOKIASV2_1349_AF2_hypothetical_protein	8ipy-assembly1.cif.gz_N human nuclear pre-60S ribosomal particle - State D'	0.112	329	289	11	339	3	329	4.689E-01	45
LOKIASV2_1349_AF2_hypothetical_protein	4nee-assembly4.cif.gz_G	LOKIASV2_1349_AF2_hypothetical_protein	4nee-assembly4.cif.gz_G crystal structure of AP-2 alpha/simga2 complex bound to HIV-1 Nef	0.112	332	210	4	241	11	342	1.058E-01	45
LOKIASV2_1349_AF2_hypothetical_protein	8edo-assembly1.cif.gz_B	LOKIASV2_1349_AF2_hypothetical_protein	8edo-assembly1.cif.gz_B Cryo-EM structure of the full-length human NF1 dimer	0.106	266	183	36	241	19	284	1.345E-01	45
LOKIASV2_1349_AF2_hypothetical_protein	5ln3-assembly1.cif.gz_P	LOKIASV2_1349_AF2_hypothetical_protein	5ln3-assembly1.cif.gz_P The human 26S Proteasome at 6.8 Ang.	0.130	327	274	13	339	106	421	1.412E-01	45
LOKIASV2_1349_AF2_hypothetical_protein	6epf-assembly1.cif.gz_P	LOKIASV2_1349_AF2_hypothetical_protein	6epf-assembly1.cif.gz_P Ground state 26S proteasome (GS1)	0.103	445	353	2	395	8	452	6.547E-02	45
LOKIASV2_1349_AF2_hypothetical_protein	6yvv-assembly1.cif.gz_D	LOKIASV2_1349_AF2_hypothetical_protein	6yvv-assembly1.cif.gz_D Condensin complex from S.cerevisiae ATP-free apo bridged state	0.126	420	335	57	476	194	577	1.282E-01	45
LOKIASV2_1349_AF2_hypothetical_protein	6x2r-assembly1.cif.gz_C	LOKIASV2_1349_AF2_hypothetical_protein	6x2r-assembly1.cif.gz_C Crystal Structure of the 4E-TNES peptide bound to CRM1	0.126	867	724	25	891	85	913	1.971E-02	45
LOKIASV2_1349_AF2_hypothetical_protein	5t8v-assembly1.cif.gz_A	LOKIASV2_1349_AF2_hypothetical_protein	5t8v-assembly1.cif.gz_A Chaetomium thermophilum cohesin loader SCC2, C-terminal fragment	0.097	848	650	71	918	575	1295	3.507E-02	45
LOKIASV2_1349_AF2_hypothetical_protein	7mq9-assembly1.cif.gz_LM	LOKIASV2_1349_AF2_hypothetical_protein	7mq9-assembly1.cif.gz_LM Cryo-EM structure of the human SSU processome, state pre-A1*	0.115	867	699	48	914	877	1667	6.226E-03	45
LOKIASV2_1349_AF2_hypothetical_protein	4wcg-assembly1.cif.gz_B	LOKIASV2_1349_AF2_hypothetical_protein	4wcg-assembly1.cif.gz_B The binding mode of Cyprinid Herpesvirus3 ORF112-Zalpha to Z-DNA	0.083	60	52	466	525	3	60	5.695E+00	44
LOKIASV2_1349_AF2_hypothetical_protein	2l02-assembly1.cif.gz_A	LOKIASV2_1349_AF2_hypothetical_protein	2l02-assembly1.cif.gz_A Solution NMR Structure of protein BT2368 from Bacteroides thetaiotaomicron, Northeast Structural Genomics Consortium Target BtR375	0.159	68	54	621	688	1	65	4.479E+00	44
LOKIASV2_1349_AF2_hypothetical_protein	5k5r-assembly2.cif.gz_F	LOKIASV2_1349_AF2_hypothetical_protein	5k5r-assembly2.cif.gz_F AspA-32mer DNA,crystal form 2	0.128	70	59	632	700	13	82	4.700E+00	44
LOKIASV2_1349_AF2_hypothetical_protein	5yi1-assembly1.cif.gz_A-2	LOKIASV2_1349_AF2_hypothetical_protein	5yi1-assembly1.cif.gz_A-2 Structure of Lactococcus lactis ZitR, C30AH42A mutant in apo form	0.151	135	105	598	732	6	130	6.885E-01	44
LOKIASV2_1349_AF2_hypothetical_protein	5whm-assembly1.cif.gz_C	LOKIASV2_1349_AF2_hypothetical_protein	5whm-assembly1.cif.gz_C Crystal Structure of IclR Family Transcriptional Regulator from Brucella abortus	0.078	76	66	468	540	21	96	3.201E+00	44
LOKIASV2_1349_AF2_hypothetical_protein	8edm-assembly1.cif.gz_B	LOKIASV2_1349_AF2_hypothetical_protein	8edm-assembly1.cif.gz_B Cryo-EM structure of the full-length human NF1 dimer	0.115	199	173	41	239	113	309	6.885E-01	44
LOKIASV2_1349_AF2_hypothetical_protein	6r7f-assembly1.cif.gz_B	LOKIASV2_1349_AF2_hypothetical_protein	6r7f-assembly1.cif.gz_B Structural basis of Cullin-2 RING E3 ligase regulation by the COP9 signalosome	0.129	377	285	40	367	25	401	3.507E-02	44
LOKIASV2_1349_AF2_hypothetical_protein	7dvq-assembly1.cif.gz_V	LOKIASV2_1349_AF2_hypothetical_protein	7dvq-assembly1.cif.gz_V Cryo-EM Structure of the Activated Human Minor Spliceosome (minor Bact Complex)	0.151	187	148	54	228	11	197	1.011E+00	44
LOKIASV2_1349_AF2_hypothetical_protein	6a38-assembly1.cif.gz_C	LOKIASV2_1349_AF2_hypothetical_protein	6a38-assembly1.cif.gz_C MVM NS2 NES in complex with CRM1-Ran-RanBP1	0.112	887	773	24	894	87	973	1.342E-02	44
LOKIASV2_1349_AF2_hypothetical_protein	5uwu-assembly1.cif.gz_C	LOKIASV2_1349_AF2_hypothetical_protein	5uwu-assembly1.cif.gz_C Crystal Structure of SMAD4 NES Peptide in complex with CRM1-Ran-RanBP1	0.118	888	767	24	894	87	974	1.707E-02	44
LOKIASV2_1349_AF2_hypothetical_protein	5uwt-assembly1.cif.gz_C	LOKIASV2_1349_AF2_hypothetical_protein	5uwt-assembly1.cif.gz_C Crystal Structure of Hxk2 Peptide in complex with CRM1 K579A mutant-Ran-RanBP1	0.115	922	787	5	894	56	977	2.068E-02	44
LOKIASV2_1349_AF2_hypothetical_protein	5ve8-assembly1.cif.gz_A	LOKIASV2_1349_AF2_hypothetical_protein	5ve8-assembly1.cif.gz_A Crystal structure of full-length Kluyveromyces lactis Kap123 with histone H3 1-28	0.113	892	781	36	917	2	893	1.279E-02	44
LOKIASV2_1349_AF2_hypothetical_protein	7pe7-assembly1.cif.gz_F	LOKIASV2_1349_AF2_hypothetical_protein	7pe7-assembly1.cif.gz_F cryo-EM structure of DEPTOR bound to human mTOR complex 2, overall refinement	0.160	213	158	50	238	696	908	4.919E-01	44
LOKIASV2_1349_AF2_hypothetical_protein	6sv4-assembly1.cif.gz_K	LOKIASV2_1349_AF2_hypothetical_protein	6sv4-assembly1.cif.gz_K The cryo-EM structure of SDD1-stalled collided trisome.	0.157	70	51	619	688	5	66	3.697E+00	43
LOKIASV2_1349_AF2_hypothetical_protein	6z6n-assembly1.cif.gz_SZ	LOKIASV2_1349_AF2_hypothetical_protein	6z6n-assembly1.cif.gz_SZ Cryo-EM structure of human EBP1-80S ribosomes (focus on EBP1)	0.183	71	51	618	688	8	70	3.878E+00	43
LOKIASV2_1349_AF2_hypothetical_protein	3f3x-assembly1.cif.gz_A-2	LOKIASV2_1349_AF2_hypothetical_protein	3f3x-assembly1.cif.gz_A-2 Crystal structure of the transcriptional regulator BldR from Sulfolobus Solfataricus	0.154	118	88	624	728	21	138	1.887E+00	43
LOKIASV2_1349_AF2_hypothetical_protein	7dvr-assembly1.cif.gz_A-2	LOKIASV2_1349_AF2_hypothetical_protein	7dvr-assembly1.cif.gz_A-2 Crystal structure of heme sensor protein PefR from Streptococcus agalactiae in complex with heme	0.115	106	92	628	732	34	139	1.011E+00	43
LOKIASV2_1349_AF2_hypothetical_protein	5eri-assembly1.cif.gz_A-2	LOKIASV2_1349_AF2_hypothetical_protein	5eri-assembly1.cif.gz_A-2 MarR Protein from Peptoclostridium difficile DA00132	0.225	116	84	625	734	31	146	1.887E+00	43
LOKIASV2_1349_AF2_hypothetical_protein	1yvp-assembly1.cif.gz_A	LOKIASV2_1349_AF2_hypothetical_protein	1yvp-assembly1.cif.gz_A Ro autoantigen complexed with RNAs	0.146	216	180	30	241	51	266	2.635E-01	43
LOKIASV2_1349_AF2_hypothetical_protein	5uwr-assembly1.cif.gz_C	LOKIASV2_1349_AF2_hypothetical_protein	5uwr-assembly1.cif.gz_C Crystal Structure of CDC7 NES Peptide (extended) in complex with CRM1-Ran-RanBP1	0.122	888	754	5	892	56	915	1.627E-02	43
LOKIASV2_1349_AF2_hypothetical_protein	6xjt-assembly1.cif.gz_C	LOKIASV2_1349_AF2_hypothetical_protein	6xjt-assembly1.cif.gz_C Crystal Structure of KPT-8602 bound to CRM1 (537-DLTVK-541 to GLCEQ)	0.111	931	789	7	894	58	988	2.506E-02	43
LOKIASV2_1349_AF2_hypothetical_protein	5ve8-assembly2.cif.gz_B	LOKIASV2_1349_AF2_hypothetical_protein	5ve8-assembly2.cif.gz_B Crystal structure of full-length Kluyveromyces lactis Kap123 with histone H3 1-28	0.109	890	762	36	891	2	891	2.068E-02	43
LOKIASV2_1349_AF2_hypothetical_protein	7kzt-assembly1.cif.gz_V	LOKIASV2_1349_AF2_hypothetical_protein	7kzt-assembly1.cif.gz_V Structure of the human fanconi anaemia Core-UBE2T-ID-DNA complex in intermediate state	0.122	859	669	32	890	351	1113	1.342E-02	43
LOKIASV2_1349_AF2_hypothetical_protein	7pqh-assembly1.cif.gz_K	LOKIASV2_1349_AF2_hypothetical_protein	7pqh-assembly1.cif.gz_K Cryo-EM structure of Saccharomyces cerevisiae TOROID (TORC1 Organized in Inhibited Domains).	0.116	902	663	2	903	30	780	1.282E-01	43
LOKIASV2_1349_AF2_hypothetical_protein	6wge-assembly1.cif.gz_E	LOKIASV2_1349_AF2_hypothetical_protein	6wge-assembly1.cif.gz_E Cryo-EM structure of human Cohesin-NIPBL-DNA complex without STAG1	0.101	904	741	16	919	395	1219	1.707E-02	43
LOKIASV2_1349_AF2_hypothetical_protein	6i7o-assembly1.cif.gz_Kb	LOKIASV2_1349_AF2_hypothetical_protein	6i7o-assembly1.cif.gz_Kb The structure of a di-ribosome (disome) as a unit for RQC and NGD quality control pathways recognition.	0.183	60	47	629	688	8	66	6.901E+00	42
LOKIASV2_1349_AF2_hypothetical_protein	3f6v-assembly1.cif.gz_A-2	LOKIASV2_1349_AF2_hypothetical_protein	3f6v-assembly1.cif.gz_A-2 Crystal structure of Possible transcriptional regulator for arsenical resistance	0.175	76	60	625	700	9	82	3.051E+00	42
LOKIASV2_1349_AF2_hypothetical_protein	1u2w-assembly1.cif.gz_B	LOKIASV2_1349_AF2_hypothetical_protein	1u2w-assembly1.cif.gz_B Crystal Structure of the Staphylococcus aureus pI258 CadC	0.082	72	62	621	688	17	88	7.240E+00	42
LOKIASV2_1349_AF2_hypothetical_protein	2rdp-assembly1.cif.gz_A-2	LOKIASV2_1349_AF2_hypothetical_protein	2rdp-assembly1.cif.gz_A-2 The structure of a MarR family protein from Bacillus stearothermophilus	0.143	121	95	623	734	19	139	1.168E+00	42
LOKIASV2_1349_AF2_hypothetical_protein	4d10-assembly1.cif.gz_L	LOKIASV2_1349_AF2_hypothetical_protein	4d10-assembly1.cif.gz_L Crystal structure of the COP9 signalosome	0.156	246	166	148	393	12	209	3.193E-01	42
LOKIASV2_1349_AF2_hypothetical_protein	4tql-assembly1.cif.gz_A	LOKIASV2_1349_AF2_hypothetical_protein	4tql-assembly1.cif.gz_A Computationally designed three helix bundle	0.165	169	134	757	917	40	208	6.562E-01	42
LOKIASV2_1349_AF2_hypothetical_protein	5vft-assembly1.cif.gz_W	LOKIASV2_1349_AF2_hypothetical_protein	5vft-assembly1.cif.gz_W Nucleotide-driven Triple-state Remodeling of the AAA-ATPase Channel in the Activated Human 26S Proteasome	0.115	270	204	71	340	5	235	1.883E-01	42
LOKIASV2_1349_AF2_hypothetical_protein	5loe-assembly4.cif.gz_D	LOKIASV2_1349_AF2_hypothetical_protein	5loe-assembly4.cif.gz_D Structure of full length Cody from Bacillus subtilis in complex with Ile	0.113	97	64	627	723	181	253	3.878E+00	42
LOKIASV2_1349_AF2_hypothetical_protein	5l4k-assembly1.cif.gz_R	LOKIASV2_1349_AF2_hypothetical_protein	5l4k-assembly1.cif.gz_R The human 26S proteasome lid	0.113	384	289	6	389	62	388	3.688E-01	42
LOKIASV2_1349_AF2_hypothetical_protein	6fvw-assembly1.cif.gz_P	LOKIASV2_1349_AF2_hypothetical_protein	6fvw-assembly1.cif.gz_P 26S proteasome, s4 state	0.143	377	303	36	390	59	435	6.240E-02	42
LOKIASV2_1349_AF2_hypothetical_protein	7shk-assembly1.cif.gz_A	LOKIASV2_1349_AF2_hypothetical_protein	7shk-assembly1.cif.gz_A Structure of Xenopus laevis CRL2Lrr1 (State 1)	0.091	689	606	21	688	55	743	6.853E-03	42
LOKIASV2_1349_AF2_hypothetical_protein	7qfw-assembly1.cif.gz_A	LOKIASV2_1349_AF2_hypothetical_protein	7qfw-assembly1.cif.gz_A S.c. Condensin peripheral Ycg1 subcomplex bound to DNA	0.125	419	363	30	445	5	423	1.481E-01	42
LOKIASV2_1349_AF2_hypothetical_protein	6oiu-assembly1.cif.gz_A	LOKIASV2_1349_AF2_hypothetical_protein	6oiu-assembly1.cif.gz_A X-ray crystal structure of the ectodomain of the Toxoplasma gondii ME49 Aminopeptidase N (TGME49_224350)	0.106	206	153	68	239	560	765	1.484E+00	42
LOKIASV2_1349_AF2_hypothetical_protein	5w0v-assembly2.cif.gz_B	LOKIASV2_1349_AF2_hypothetical_protein	5w0v-assembly2.cif.gz_B Crystal structure of full-length Kluyveromyces lactis Kap123 with histone H4 1-34	0.108	869	743	58	891	3	871	1.408E-02	42
LOKIASV2_1349_AF2_hypothetical_protein	7kzv-assembly1.cif.gz_V	LOKIASV2_1349_AF2_hypothetical_protein	7kzv-assembly1.cif.gz_V Structure of the human fanconi anaemia Core-UBE2T-ID-DNA complex in closed state	0.119	862	691	34	895	353	1137	2.276E-02	42
LOKIASV2_1349_AF2_hypothetical_protein	6qzp-assembly1.cif.gz_SZ	LOKIASV2_1349_AF2_hypothetical_protein	6qzp-assembly1.cif.gz_SZ High-resolution cryo-EM structure of the human 80S ribosome	0.173	69	50	620	688	10	70	5.173E+00	41
LOKIASV2_1349_AF2_hypothetical_protein	1ub9-assembly1.cif.gz_A-2	LOKIASV2_1349_AF2_hypothetical_protein	1ub9-assembly1.cif.gz_A-2 Structure of the transcriptional regulator homologue protein from Pyrococcus horikoshii OT3	0.105	85	62	247	331	29	98	2.180E+00	41
LOKIASV2_1349_AF2_hypothetical_protein	1s94-assembly2.cif.gz_B	LOKIASV2_1349_AF2_hypothetical_protein	1s94-assembly2.cif.gz_B Crystal structure of the Habc domain of neuronal syntaxin from the squid Loligo pealei	0.143	132	92	759	890	7	114	2.641E+00	41
LOKIASV2_1349_AF2_hypothetical_protein	3r0a-assembly1.cif.gz_A	LOKIASV2_1349_AF2_hypothetical_protein	3r0a-assembly1.cif.gz_A Possible transcriptional regulator from Methanosarcina mazei Go1 (gi 21227196)	0.088	126	100	609	734	2	112	2.771E+00	41
LOKIASV2_1349_AF2_hypothetical_protein	7dvt-assembly1.cif.gz_A	LOKIASV2_1349_AF2_hypothetical_protein	7dvt-assembly1.cif.gz_A Crystal structure of heme sensor protein PefR in complex with heme and carbon monoxide	0.115	106	92	628	732	32	137	1.285E+00	41
LOKIASV2_1349_AF2_hypothetical_protein	5yhz-assembly1.cif.gz_A-2	LOKIASV2_1349_AF2_hypothetical_protein	5yhz-assembly1.cif.gz_A-2 Structure of Lactococcus lactis ZitR, E41A mutant	0.140	105	86	632	732	40	144	1.285E+00	41
LOKIASV2_1349_AF2_hypothetical_protein	3c98-assembly1.cif.gz_B	LOKIASV2_1349_AF2_hypothetical_protein	3c98-assembly1.cif.gz_B Revised structure of the munc18a-syntaxin1 complex	0.139	164	136	759	917	17	180	8.343E-01	41
LOKIASV2_1349_AF2_hypothetical_protein	4tql-assembly2.cif.gz_B	LOKIASV2_1349_AF2_hypothetical_protein	4tql-assembly2.cif.gz_B Computationally designed three helix bundle	0.175	171	132	757	917	44	214	5.961E-01	41
LOKIASV2_1349_AF2_hypothetical_protein	5f7q-assembly1.cif.gz_J	LOKIASV2_1349_AF2_hypothetical_protein	5f7q-assembly1.cif.gz_J ROK repressor Lmo0178 from Listeria monocytogenes bound to operator	0.072	55	47	247	298	27	81	6.269E+00	41
LOKIASV2_1349_AF2_hypothetical_protein	5gjr-assembly1.cif.gz_3	LOKIASV2_1349_AF2_hypothetical_protein	5gjr-assembly1.cif.gz_3 An atomic structure of the human 26S proteasome	0.080	405	348	12	390	4	408	6.240E-02	41
LOKIASV2_1349_AF2_hypothetical_protein	6epf-assembly1.cif.gz_Q	LOKIASV2_1349_AF2_hypothetical_protein	6epf-assembly1.cif.gz_Q Ground state 26S proteasome (GS1)	0.117	395	313	35	390	23	417	1.345E-01	41
LOKIASV2_1349_AF2_hypothetical_protein	8i9z-assembly1.cif.gz_CT	LOKIASV2_1349_AF2_hypothetical_protein	8i9z-assembly1.cif.gz_CT Cryo-EM structure of a Chaetomium thermophilum pre-60S ribosomal subunit - State Spb4	0.089	244	206	45	271	4	247	1.349E+00	41
LOKIASV2_1349_AF2_hypothetical_protein	7z1n-assembly1.cif.gz_O	LOKIASV2_1349_AF2_hypothetical_protein	7z1n-assembly1.cif.gz_O Structure of yeast RNA Polymerase III Delta C53-C37-C11	0.101	571	495	161	731	2	553	2.623E-03	41
LOKIASV2_1349_AF2_hypothetical_protein	7ld0-assembly1.cif.gz_A	LOKIASV2_1349_AF2_hypothetical_protein	7ld0-assembly1.cif.gz_A Cryo-EM structure of ligand-free Human SARM1	0.103	271	187	32	240	28	298	6.562E-01	41
LOKIASV2_1349_AF2_hypothetical_protein	5uwi-assembly1.cif.gz_C	LOKIASV2_1349_AF2_hypothetical_protein	5uwi-assembly1.cif.gz_C Crystal Structure of HDAC5 NES Peptide in complex with CRM1-Ran-RanBP1	0.122	868	730	24	891	87	919	3.680E-02	41
LOKIASV2_1349_AF2_hypothetical_protein	8srq-assembly1.cif.gz_W	LOKIASV2_1349_AF2_hypothetical_protein	8srq-assembly1.cif.gz_W Structure of human ULK1C:PI3KC3-C1 supercomplex	0.106	202	160	36	215	324	525	2.517E+00	41
LOKIASV2_1349_AF2_hypothetical_protein	2d1h-assembly1.cif.gz_B	LOKIASV2_1349_AF2_hypothetical_protein	2d1h-assembly1.cif.gz_B Crystal structure of ST1889 protein from thermoacidophilic archaeon Sulfolobus tokodaii	0.113	108	83	623	730	4	98	4.069E+00	40
LOKIASV2_1349_AF2_hypothetical_protein	6pcp-assembly2.cif.gz_B	LOKIASV2_1349_AF2_hypothetical_protein	6pcp-assembly2.cif.gz_B Mechanism for regulation of DNA binding of Bordetella bronchiseptica BpsR by 6-hydroxynicotinic acid	0.090	104	94	626	729	31	134	3.523E+00	40
LOKIASV2_1349_AF2_hypothetical_protein	4lll-assembly1.cif.gz_A	LOKIASV2_1349_AF2_hypothetical_protein	4lll-assembly1.cif.gz_A Crystal structure of S. aureus MepR-DNA complex	0.155	106	89	627	732	31	136	1.349E+00	40
LOKIASV2_1349_AF2_hypothetical_protein	4em0-assembly1.cif.gz_B	LOKIASV2_1349_AF2_hypothetical_protein	4em0-assembly1.cif.gz_B staphylococcus aureus MarR in complex with salicylate and kanamycin	0.123	135	118	598	732	11	145	1.168E+00	40
LOKIASV2_1349_AF2_hypothetical_protein	5y6i-assembly1.cif.gz_A	LOKIASV2_1349_AF2_hypothetical_protein	5y6i-assembly1.cif.gz_A Crystal structure of Pseudomonas aeruginosa HmgR	0.180	83	62	623	705	2	78	3.697E+00	40
LOKIASV2_1349_AF2_hypothetical_protein	5qsx-assembly3.cif.gz_B	LOKIASV2_1349_AF2_hypothetical_protein	5qsx-assembly3.cif.gz_B PanDDA analysis group deposition -- Crystal Structure of human STAG1 in complex with Z2856434812	0.122	265	180	36	241	15	279	1.976E-01	40
LOKIASV2_1349_AF2_hypothetical_protein	5qsu-assembly3.cif.gz_B	LOKIASV2_1349_AF2_hypothetical_protein	5qsu-assembly3.cif.gz_B PanDDA analysis group deposition -- Crystal Structure of human STAG1 in complex with Z2856434926	0.131	230	173	36	235	15	244	1.058E-01	40
LOKIASV2_1349_AF2_hypothetical_protein	6zon-assembly1.cif.gz_M	LOKIASV2_1349_AF2_hypothetical_protein	6zon-assembly1.cif.gz_M SARS-CoV-2 Nsp1 bound to a human 43S preinitiation ribosome complex - state 1	0.114	335	268	36	338	5	339	9.613E-02	40
LOKIASV2_1349_AF2_hypothetical_protein	3jco-assembly1.cif.gz_R	LOKIASV2_1349_AF2_hypothetical_protein	3jco-assembly1.cif.gz_R Structure of yeast 26S proteasome in M1 state derived from Titan dataset	0.106	293	240	23	291	74	366	6.562E-01	40
LOKIASV2_1349_AF2_hypothetical_protein	5a5b-assembly1.cif.gz_Q	LOKIASV2_1349_AF2_hypothetical_protein	5a5b-assembly1.cif.gz_Q Structure of the 26S proteasome-Ubp6 complex	0.125	381	315	30	390	49	429	5.669E-02	40
LOKIASV2_1349_AF2_hypothetical_protein	5uww-assembly1.cif.gz_C	LOKIASV2_1349_AF2_hypothetical_protein	5uww-assembly1.cif.gz_C Crystal Structure of DEAF1 Peptide in complex with CRM1 K579A mutant-Ran-RanBP1	0.119	897	766	24	894	86	982	3.861E-02	40
LOKIASV2_1349_AF2_hypothetical_protein	5vch-assembly1.cif.gz_A	LOKIASV2_1349_AF2_hypothetical_protein	5vch-assembly1.cif.gz_A Crystal structure of full-length Kluyveromyces lactis Kap123	0.112	887	782	36	917	2	888	3.680E-02	40
LOKIASV2_1349_AF2_hypothetical_protein	4wcg-assembly1.cif.gz_A	LOKIASV2_1349_AF2_hypothetical_protein	4wcg-assembly1.cif.gz_A The binding mode of Cyprinid Herpesvirus3 ORF112-Zalpha to Z-DNA	0.112	62	50	626	687	4	60	8.773E+00	39
LOKIASV2_1349_AF2_hypothetical_protein	5k5o-assembly1.cif.gz_B	LOKIASV2_1349_AF2_hypothetical_protein	5k5o-assembly1.cif.gz_B Structure of AspA-26mer DNA complex	0.166	79	64	464	541	11	89	3.358E+00	39
LOKIASV2_1349_AF2_hypothetical_protein	5k5r-assembly2.cif.gz_E	LOKIASV2_1349_AF2_hypothetical_protein	5k5r-assembly2.cif.gz_E AspA-32mer DNA,crystal form 2	0.128	69	58	632	700	13	80	7.970E+00	39
LOKIASV2_1349_AF2_hypothetical_protein	5kk1-assembly1.cif.gz_E	LOKIASV2_1349_AF2_hypothetical_protein	5kk1-assembly1.cif.gz_E Structure of pNOB8 AspA-DNA complex.	0.116	103	67	632	734	13	89	5.695E+00	39
LOKIASV2_1349_AF2_hypothetical_protein	2oqg-assembly1.cif.gz_D	LOKIASV2_1349_AF2_hypothetical_protein	2oqg-assembly1.cif.gz_D ArsR-like Transcriptional Regulator from Rhodococcus sp. RHA1	0.144	82	64	625	700	10	91	6.901E+00	39
LOKIASV2_1349_AF2_hypothetical_protein	1sfx-assembly1.cif.gz_A	LOKIASV2_1349_AF2_hypothetical_protein	1sfx-assembly1.cif.gz_A X-ray crystal structure of putative HTH transcription regulator from Archaeoglobus fulgidus	0.152	115	71	620	734	18	102	2.641E+00	39
LOKIASV2_1349_AF2_hypothetical_protein	4jba-assembly1.cif.gz_B	LOKIASV2_1349_AF2_hypothetical_protein	4jba-assembly1.cif.gz_B Crystal Structure of the Oxidized Form of MarR from E.coli	0.204	125	85	623	730	11	135	7.579E-01	39
LOKIASV2_1349_AF2_hypothetical_protein	3s2w-assembly4.cif.gz_H	LOKIASV2_1349_AF2_hypothetical_protein	3s2w-assembly4.cif.gz_H The crystal structure of a MarR transcriptional regulator from Methanosarcina mazei Go1	0.195	115	85	627	733	21	135	2.078E+00	39
LOKIASV2_1349_AF2_hypothetical_protein	2a61-assembly2.cif.gz_C	LOKIASV2_1349_AF2_hypothetical_protein	2a61-assembly2.cif.gz_C The crystal structure of transcriptional regulator Tm0710 from Thermotoga maritima	0.183	112	84	623	734	20	123	2.399E+00	39
LOKIASV2_1349_AF2_hypothetical_protein	7kym-assembly1.cif.gz_B-2	LOKIASV2_1349_AF2_hypothetical_protein	7kym-assembly1.cif.gz_B-2 Crystal structure of the MarR family transcriptional regulator from Bradyrhizobium japonicum	0.142	141	112	592	732	8	138	8.753E-01	39
LOKIASV2_1349_AF2_hypothetical_protein	4rgu-assembly1.cif.gz_B-2	LOKIASV2_1349_AF2_hypothetical_protein	4rgu-assembly1.cif.gz_B-2 Crystal Structure of Putative MarR Family Transcriptional Regulator HcaR from Acinetobacter sp. ADP complexed with ferulic acid	0.143	139	114	596	734	6	139	7.224E-01	39
LOKIASV2_1349_AF2_hypothetical_protein	5yhy-assembly1.cif.gz_A	LOKIASV2_1349_AF2_hypothetical_protein	5yhy-assembly1.cif.gz_A Structure of Lactococcus lactis ZitR, C30S mutant	0.154	136	113	598	732	9	144	7.224E-01	39
LOKIASV2_1349_AF2_hypothetical_protein	5yi2-assembly2.cif.gz_E	LOKIASV2_1349_AF2_hypothetical_protein	5yi2-assembly2.cif.gz_E Structure of Lactococcus lactis ZitR, wild type in complex with DNA	0.150	136	114	598	732	9	144	9.636E-01	39
LOKIASV2_1349_AF2_hypothetical_protein	1pc2-assembly1.cif.gz_A	LOKIASV2_1349_AF2_hypothetical_protein	1pc2-assembly1.cif.gz_A Solution structure of human mitochondria fission protein Fis1	0.161	92	70	150	241	32	115	3.697E+00	39
LOKIASV2_1349_AF2_hypothetical_protein	4uos-assembly1.cif.gz_A	LOKIASV2_1349_AF2_hypothetical_protein	4uos-assembly1.cif.gz_A Thermodynamic hyperstability in parametrically designed helical bundles	0.180	163	122	757	919	10	159	3.051E+00	39
LOKIASV2_1349_AF2_hypothetical_protein	7udc-assembly1.cif.gz_B	LOKIASV2_1349_AF2_hypothetical_protein	7udc-assembly1.cif.gz_B cryo-EM structures of a synaptobrevin-Munc18-1-syntaxin-1 complex class1	0.129	161	137	759	919	34	191	1.349E+00	39
LOKIASV2_1349_AF2_hypothetical_protein	6yvh-assembly1.cif.gz_F	LOKIASV2_1349_AF2_hypothetical_protein	6yvh-assembly1.cif.gz_F CWC22-CWC27-EIF4A3 Complex	0.151	185	146	56	228	27	211	9.184E-01	39
LOKIASV2_1349_AF2_hypothetical_protein	4nee-assembly3.cif.gz_A	LOKIASV2_1349_AF2_hypothetical_protein	4nee-assembly3.cif.gz_A crystal structure of AP-2 alpha/simga2 complex bound to HIV-1 Nef	0.113	329	210	4	241	11	339	2.765E-01	39
LOKIASV2_1349_AF2_hypothetical_protein	4d10-assembly1.cif.gz_I	LOKIASV2_1349_AF2_hypothetical_protein	4d10-assembly1.cif.gz_I Crystal structure of the COP9 signalosome	0.118	366	286	26	391	85	409	7.952E-01	39
LOKIASV2_1349_AF2_hypothetical_protein	8fl4-assembly1.cif.gz_NU	LOKIASV2_1349_AF2_hypothetical_protein	8fl4-assembly1.cif.gz_NU Human nuclear pre-60S ribosomal subunit (State I3)	0.107	742	622	31	728	88	829	1.222E-01	39
LOKIASV2_1349_AF2_hypothetical_protein	4pjw-assembly1.cif.gz_A	LOKIASV2_1349_AF2_hypothetical_protein	4pjw-assembly1.cif.gz_A crystal structure of human Stromal Antigen 2 (SA2) in complex with Sister Chromatid Cohesion protein 1 (Scc1), with bound MES	0.104	830	618	47	876	214	904	1.478E-02	39
LOKIASV2_1349_AF2_hypothetical_protein	5dhf-assembly1.cif.gz_C	LOKIASV2_1349_AF2_hypothetical_protein	5dhf-assembly1.cif.gz_C Crystal Structure of hRio2 NES Peptide in complex with CRM1-Ran-RanBP1	0.124	882	740	35	916	98	943	5.403E-02	39
LOKIASV2_1349_AF2_hypothetical_protein	6m6x-assembly1.cif.gz_C	LOKIASV2_1349_AF2_hypothetical_protein	6m6x-assembly1.cif.gz_C Oridonin in complex with CRM1#-Ran-RanBP1	0.119	869	730	24	892	87	916	4.678E-02	39
LOKIASV2_1349_AF2_hypothetical_protein	6x2m-assembly1.cif.gz_C	LOKIASV2_1349_AF2_hypothetical_protein	6x2m-assembly1.cif.gz_C Crystal Structure of unliganded CRM1-Ran-RanBP1	0.113	904	785	32	917	92	995	3.861E-02	39
LOKIASV2_1349_AF2_hypothetical_protein	6x2o-assembly1.cif.gz_C	LOKIASV2_1349_AF2_hypothetical_protein	6x2o-assembly1.cif.gz_C Crystal Structure of unliganded CRM1(E571K)-Ran-RanBP1	0.114	905	771	24	894	87	991	5.669E-02	39
LOKIASV2_1349_AF2_hypothetical_protein	4hav-assembly1.cif.gz_C	LOKIASV2_1349_AF2_hypothetical_protein	4hav-assembly1.cif.gz_C Crystal structure of CRM1 inhibitor Anguinomycin A in complex with CRM1-Ran-RanBP1	0.120	860	741	24	883	87	929	3.343E-02	39
LOKIASV2_1349_AF2_hypothetical_protein	4hat-assembly1.cif.gz_C	LOKIASV2_1349_AF2_hypothetical_protein	4hat-assembly1.cif.gz_C Crystal structure of CRM1 inhibitor Leptomycin B in complex with CRM1-Ran-RanBP1	0.120	869	744	24	892	87	932	1.791E-02	39
LOKIASV2_1349_AF2_hypothetical_protein	3wyf-assembly1.cif.gz_C	LOKIASV2_1349_AF2_hypothetical_protein	3wyf-assembly1.cif.gz_C Crystal structure of Xpo1p-Yrb2p-Gsp1p-GTP complex	0.106	870	586	35	904	99	754	3.186E-02	39
LOKIASV2_1349_AF2_hypothetical_protein	7zf1-assembly1.cif.gz_A	LOKIASV2_1349_AF2_hypothetical_protein	7zf1-assembly1.cif.gz_A Structure of ubiquitinated FANCI in complex with FANCD2 and double-stranded DNA	0.099	856	668	33	888	271	1012	3.507E-02	39
LOKIASV2_1349_AF2_hypothetical_protein	6tnf-assembly1.cif.gz_A	LOKIASV2_1349_AF2_hypothetical_protein	6tnf-assembly1.cif.gz_A Structure of monoubiquitinated FANCD2 in complex with FANCI and DNA	0.147	202	157	40	241	321	505	2.641E+00	39
LOKIASV2_1349_AF2_hypothetical_protein	2l02-assembly1.cif.gz_B	LOKIASV2_1349_AF2_hypothetical_protein	2l02-assembly1.cif.gz_B Solution NMR Structure of protein BT2368 from Bacteroides thetaiotaomicron, Northeast Structural Genomics Consortium Target BtR375	0.136	66	53	625	690	6	67	8.773E+00	38
LOKIASV2_1349_AF2_hypothetical_protein	6kta-assembly1.cif.gz_A	LOKIASV2_1349_AF2_hypothetical_protein	6kta-assembly1.cif.gz_A Crystal structure of B. halodurans MntR in apo form	0.129	123	98	621	734	3	125	1.415E+00	38
LOKIASV2_1349_AF2_hypothetical_protein	4ld5-assembly1.cif.gz_A	LOKIASV2_1349_AF2_hypothetical_protein	4ld5-assembly1.cif.gz_A Crystal structure of MepR Q18P mutant from multidrug resistant S. aureus clinical isolate	0.151	107	90	626	732	30	136	1.799E+00	38
LOKIASV2_1349_AF2_hypothetical_protein	4lll-assembly1.cif.gz_B	LOKIASV2_1349_AF2_hypothetical_protein	4lll-assembly1.cif.gz_B Crystal structure of S. aureus MepR-DNA complex	0.163	107	89	626	732	30	136	1.799E+00	38
LOKIASV2_1349_AF2_hypothetical_protein	4xrf-assembly1.cif.gz_A	LOKIASV2_1349_AF2_hypothetical_protein	4xrf-assembly1.cif.gz_A Crystal structure of MepR like protein complexed with pseudoligands	0.122	122	94	623	730	16	137	2.641E+00	38
LOKIASV2_1349_AF2_hypothetical_protein	7tb5-assembly1.cif.gz_A-2	LOKIASV2_1349_AF2_hypothetical_protein	7tb5-assembly1.cif.gz_A-2 Structure of P. aeruginosa PA17 CapW	0.150	60	47	689	748	13	68	7.596E+00	38
LOKIASV2_1349_AF2_hypothetical_protein	7ju4-assembly1.cif.gz_n	LOKIASV2_1349_AF2_hypothetical_protein	7ju4-assembly1.cif.gz_n Radial spoke 2 stalk, IDAc, and N-DRC attached with doublet microtubule	0.109	255	169	39	229	49	303	2.517E+00	38
LOKIASV2_1349_AF2_hypothetical_protein	6yam-assembly1.cif.gz_w	LOKIASV2_1349_AF2_hypothetical_protein	6yam-assembly1.cif.gz_w Mammalian 48S late-stage translation initiation complex (LS48S+eIF3 IC) with beta-globin mRNA	0.127	294	234	24	292	96	389	1.113E+00	38
LOKIASV2_1349_AF2_hypothetical_protein	4k6j-assembly1.cif.gz_A	LOKIASV2_1349_AF2_hypothetical_protein	4k6j-assembly1.cif.gz_A Human cohesin inhibitor WapL	0.119	315	218	23	271	182	496	2.394E-01	38
LOKIASV2_1349_AF2_hypothetical_protein	5oqq-assembly1.cif.gz_A	LOKIASV2_1349_AF2_hypothetical_protein	5oqq-assembly1.cif.gz_A Crystal structure of the S. cerevisiae condensin Ycg1-Brn1 subcomplex	0.111	888	693	30	917	4	784	4.908E-02	38
LOKIASV2_1349_AF2_hypothetical_protein	3nd2-assembly1.cif.gz_A	LOKIASV2_1349_AF2_hypothetical_protein	3nd2-assembly1.cif.gz_A Structure of Yeast Importin-beta (Kap95p)	0.105	891	760	2	892	10	859	2.635E-01	38
LOKIASV2_1349_AF2_hypothetical_protein	2ix3-assembly1.cif.gz_B	LOKIASV2_1349_AF2_hypothetical_protein	2ix3-assembly1.cif.gz_B Structure of yeast Elongation Factor 3	0.120	444	302	50	393	144	587	5.669E-02	38
LOKIASV2_1349_AF2_hypothetical_protein	4haw-assembly1.cif.gz_C	LOKIASV2_1349_AF2_hypothetical_protein	4haw-assembly1.cif.gz_C Crystal structure of CRM1 inhibitor Leptomycin B in complex with CRM1(K548A)-Ran-RanBP1	0.115	860	742	24	883	87	925	5.669E-02	38
LOKIASV2_1349_AF2_hypothetical_protein	6t83-assembly1.cif.gz_0	LOKIASV2_1349_AF2_hypothetical_protein	6t83-assembly1.cif.gz_0 Structure of yeast disome (di-ribosome) stalled on poly(A) tract.	0.157	70	51	619	688	5	66	6.577E+00	37
LOKIASV2_1349_AF2_hypothetical_protein	5aip-assembly1.cif.gz_B	LOKIASV2_1349_AF2_hypothetical_protein	5aip-assembly1.cif.gz_B Crystal structure of NadR in complex with 4-hydroxyphenylacetate	0.189	108	82	627	734	28	129	2.517E+00	37
LOKIASV2_1349_AF2_hypothetical_protein	5jls-assembly1.cif.gz_A-2	LOKIASV2_1349_AF2_hypothetical_protein	5jls-assembly1.cif.gz_A-2 Crystal Structure of Adhesin competence repressor (AdcR) from Streptococcus pyogenes (C-terminally His tagged)	0.140	137	110	598	734	5	133	2.287E+00	37
LOKIASV2_1349_AF2_hypothetical_protein	6pco-assembly1.cif.gz_B	LOKIASV2_1349_AF2_hypothetical_protein	6pco-assembly1.cif.gz_B Mechanism for regulation of DNA binding of Bordetella bronchiseptica BpsR by 6-hydroxynicotinic acid	0.102	100	88	632	731	36	134	4.269E+00	37
LOKIASV2_1349_AF2_hypothetical_protein	4l9n-assembly1.cif.gz_B	LOKIASV2_1349_AF2_hypothetical_protein	4l9n-assembly1.cif.gz_B Crystal structure of MepR A103V mutant from multidrug resistant S. aureus clinical isolate	0.135	140	117	595	734	2	137	1.799E+00	37
LOKIASV2_1349_AF2_hypothetical_protein	5yi0-assembly1.cif.gz_B	LOKIASV2_1349_AF2_hypothetical_protein	5yi0-assembly1.cif.gz_B Structure of Lactococcus lactis ZitR, C30AH42A mutant	0.149	136	114	598	732	9	144	1.285E+00	37
LOKIASV2_1349_AF2_hypothetical_protein	8fiq-assembly1.cif.gz_A	LOKIASV2_1349_AF2_hypothetical_protein	8fiq-assembly1.cif.gz_A Multi-state design of two-state switchable hinge proteins	0.114	217	146	24	240	2	167	5.682E-01	37
LOKIASV2_1349_AF2_hypothetical_protein	7udb-assembly1.cif.gz_B	LOKIASV2_1349_AF2_hypothetical_protein	7udb-assembly1.cif.gz_B Cryo-EM structure of a synaptobrevin-Munc18-1-syntaxin-1 complex class 2	0.159	161	130	759	919	21	176	1.557E+00	37
LOKIASV2_1349_AF2_hypothetical_protein	7tb6-assembly1.cif.gz_A-2	LOKIASV2_1349_AF2_hypothetical_protein	7tb6-assembly1.cif.gz_A-2 Structure of S. maltophilia CapW	0.152	57	45	692	748	12	65	8.362E+00	37
LOKIASV2_1349_AF2_hypothetical_protein	4lct-assembly2.cif.gz_D	LOKIASV2_1349_AF2_hypothetical_protein	4lct-assembly2.cif.gz_D Crystal Structure and Versatile Functional Roles of the COP9 Signalosome Subunit 1	0.111	271	228	18	275	78	348	5.961E-01	37
LOKIASV2_1349_AF2_hypothetical_protein	7ux8-assembly1.cif.gz_B	LOKIASV2_1349_AF2_hypothetical_protein	7ux8-assembly1.cif.gz_B Crystal structure of MfnG, an L- and D-tyrosine O-methyltransferase from the marformycin biosynthesis pathway of Streptomyces drozdowiczii, with SAH and L-Tyrosine bound at 1.4 A resolution (P212121 - form II)	0.169	70	54	623	688	29	98	7.596E+00	37
LOKIASV2_1349_AF2_hypothetical_protein	6msb-assembly1.cif.gz_X	LOKIASV2_1349_AF2_hypothetical_protein	6msb-assembly1.cif.gz_X Cryo-EM structures and dynamics of substrate-engaged human 26S proteasome	0.111	443	334	52	494	3	379	2.073E-01	37
LOKIASV2_1349_AF2_hypothetical_protein	8ppl-assembly1.cif.gz_Iv	LOKIASV2_1349_AF2_hypothetical_protein	8ppl-assembly1.cif.gz_Iv MERS-CoV Nsp1 bound to the human 43S pre-initiation complex	0.113	420	358	5	424	10	414	1.554E-01	37
LOKIASV2_1349_AF2_hypothetical_protein	6j2x-assembly1.cif.gz_P	LOKIASV2_1349_AF2_hypothetical_protein	6j2x-assembly1.cif.gz_P Yeast proteasome in resting state (C1-a)	0.113	379	296	5	339	53	431	4.689E-01	37
LOKIASV2_1349_AF2_hypothetical_protein	1yvp-assembly2.cif.gz_B	LOKIASV2_1349_AF2_hypothetical_protein	1yvp-assembly2.cif.gz_B Ro autoantigen complexed with RNAs	0.138	216	182	30	241	52	267	6.885E-01	37
LOKIASV2_1349_AF2_hypothetical_protein	5oqo-assembly1.cif.gz_A	LOKIASV2_1349_AF2_hypothetical_protein	5oqo-assembly1.cif.gz_A Crystal structure of the S. cerevisiae condensin Ycg1-Brn1 subcomplex bound to DNA (crystal form II)	0.101	781	644	16	732	32	812	5.669E-02	37
LOKIASV2_1349_AF2_hypothetical_protein	3s51-assembly1.cif.gz_A	LOKIASV2_1349_AF2_hypothetical_protein	3s51-assembly1.cif.gz_A Structure of FANCI	0.087	891	651	29	919	233	946	4.459E-02	37
LOKIASV2_1349_AF2_hypothetical_protein	5k1y-assembly1.cif.gz_B	LOKIASV2_1349_AF2_hypothetical_protein	5k1y-assembly1.cif.gz_B P2(1) Structure of pNOB8 AspA-DNA complex	0.115	95	60	637	731	18	86	4.269E+00	36
LOKIASV2_1349_AF2_hypothetical_protein	3gw2-assembly1.cif.gz_A-2	LOKIASV2_1349_AF2_hypothetical_protein	3gw2-assembly1.cif.gz_A-2 Crystal structure of possible transcriptional regulatory protein (fragment 1-100) from Mycobacterium bovis. Northeast Structural Genomics Consortium Target MbR242E.	0.128	73	62	628	699	20	92	6.269E+00	36
LOKIASV2_1349_AF2_hypothetical_protein	5fb2-assembly1.cif.gz_A	LOKIASV2_1349_AF2_hypothetical_protein	5fb2-assembly1.cif.gz_A S. aureus MepR F27L Mutant bound to oligodeoxyribonucleotide	0.157	106	88	628	732	31	136	3.051E+00	36
LOKIASV2_1349_AF2_hypothetical_protein	5hlg-assembly4.cif.gz_H	LOKIASV2_1349_AF2_hypothetical_protein	5hlg-assembly4.cif.gz_H Structure of reduced AbfR bound to DNA	0.170	115	90	623	732	21	135	2.517E+00	36
LOKIASV2_1349_AF2_hypothetical_protein	1s3j-assembly1.cif.gz_B	LOKIASV2_1349_AF2_hypothetical_protein	1s3j-assembly1.cif.gz_B X-ray crystal structure of YusO protein from Bacillus subtilis	0.115	121	96	623	731	19	139	3.201E+00	36
LOKIASV2_1349_AF2_hypothetical_protein	3e6m-assembly3.cif.gz_E	LOKIASV2_1349_AF2_hypothetical_protein	3e6m-assembly3.cif.gz_E The crystal structure of a MarR family transcriptional regulator from Silicibacter pomeroyi DSS.	0.138	127	96	622	733	18	144	1.285E+00	36
LOKIASV2_1349_AF2_hypothetical_protein	7kua-assembly1.cif.gz_A-2	LOKIASV2_1349_AF2_hypothetical_protein	7kua-assembly1.cif.gz_A-2 Crystal structure of the MarR family transcriptional regulator from Pseudomonas putida bound to Indole 3 acetic acid	0.152	141	118	594	734	8	147	1.113E+00	36
LOKIASV2_1349_AF2_hypothetical_protein	3zpl-assembly2.cif.gz_E	LOKIASV2_1349_AF2_hypothetical_protein	3zpl-assembly2.cif.gz_E Crystal structure of Sco3205, a MarR family transcriptional regulator from Streptomyces coelicolor, in complex with DNA	0.165	142	114	595	732	7	148	1.799E+00	36
LOKIASV2_1349_AF2_hypothetical_protein	6kf9-assembly1.cif.gz_G	LOKIASV2_1349_AF2_hypothetical_protein	6kf9-assembly1.cif.gz_G Cryo-EM structure of Thermococcus kodakarensis RNA polymerase	0.103	200	138	192	391	3	157	3.688E-01	36
LOKIASV2_1349_AF2_hypothetical_protein	3fms-assembly1.cif.gz_A-2	LOKIASV2_1349_AF2_hypothetical_protein	3fms-assembly1.cif.gz_A-2 Crystal structure of TM0439, a GntR transcriptional regulator	0.154	267	171	626	892	2	204	6.254E-01	36
LOKIASV2_1349_AF2_hypothetical_protein	1mkm-assembly1.cif.gz_B	LOKIASV2_1349_AF2_hypothetical_protein	1mkm-assembly1.cif.gz_B CRYSTAL STRUCTURE OF THE THERMOTOGA MARITIMA ICLR	0.108	87	73	469	555	2	84	4.700E+00	36
LOKIASV2_1349_AF2_hypothetical_protein	3jck-assembly1.cif.gz_D	LOKIASV2_1349_AF2_hypothetical_protein	3jck-assembly1.cif.gz_D Structure of the yeast 26S proteasome lid sub-complex	0.122	320	275	27	340	64	383	1.285E+00	36
LOKIASV2_1349_AF2_hypothetical_protein	2xv4-assembly1.cif.gz_S	LOKIASV2_1349_AF2_hypothetical_protein	2xv4-assembly1.cif.gz_S Structure of Human RPC62 (partial)	0.120	362	317	248	608	33	394	9.613E-02	36
LOKIASV2_1349_AF2_hypothetical_protein	6j2n-assembly1.cif.gz_R	LOKIASV2_1349_AF2_hypothetical_protein	6j2n-assembly1.cif.gz_R yeast proteasome in substrate-processing state (C3-b)	0.127	335	258	34	368	89	385	1.168E+00	36
LOKIASV2_1349_AF2_hypothetical_protein	6epe-assembly1.cif.gz_Q	LOKIASV2_1349_AF2_hypothetical_protein	6epe-assembly1.cif.gz_Q Substrate processing state 26S proteasome (SPS2)	0.096	342	301	49	390	84	417	3.515E-01	36
LOKIASV2_1349_AF2_hypothetical_protein	6r7i-assembly1.cif.gz_B	LOKIASV2_1349_AF2_hypothetical_protein	6r7i-assembly1.cif.gz_B Structural basis of Cullin-2 RING E3 ligase regulation by the COP9 signalosome	0.111	506	365	33	538	3	414	7.579E-01	36
LOKIASV2_1349_AF2_hypothetical_protein	5oqn-assembly1.cif.gz_A	LOKIASV2_1349_AF2_hypothetical_protein	5oqn-assembly1.cif.gz_A Crystal structure of the S. cerevisiae condensin Ycg1-Brn1 subcomplex bound to DNA (short kleisin loop)	0.116	525	444	30	554	5	507	1.883E-01	36
LOKIASV2_1349_AF2_hypothetical_protein	7w1m-assembly1.cif.gz_D	LOKIASV2_1349_AF2_hypothetical_protein	7w1m-assembly1.cif.gz_D Cryo-EM structure of human cohesin-CTCF-DNA complex	0.081	734	627	47	780	220	902	8.324E-02	36
LOKIASV2_1349_AF2_hypothetical_protein	6x2v-assembly1.cif.gz_C	LOKIASV2_1349_AF2_hypothetical_protein	6x2v-assembly1.cif.gz_C Crystal Structure of PKI(DE)NES peptide bound to CRM1	0.117	913	783	4	916	44	931	9.163E-02	36
LOKIASV2_1349_AF2_hypothetical_protein	3wyf-assembly2.cif.gz_F	LOKIASV2_1349_AF2_hypothetical_protein	3wyf-assembly2.cif.gz_F Crystal structure of Xpo1p-Yrb2p-Gsp1p-GTP complex	0.113	889	780	24	903	87	975	1.110E-01	36
LOKIASV2_1349_AF2_hypothetical_protein	5k5q-assembly1.cif.gz_A	LOKIASV2_1349_AF2_hypothetical_protein	5k5q-assembly1.cif.gz_A Structure of AspA-DNA complex: novel centromere bindng protein-centromere complex	0.116	103	67	632	734	10	86	8.362E+00	35
LOKIASV2_1349_AF2_hypothetical_protein	6cdb-assembly1.cif.gz_A	LOKIASV2_1349_AF2_hypothetical_protein	6cdb-assembly1.cif.gz_A Crystal Structure of V66L CzrA in the Zn(II)bound state	0.093	107	65	627	733	21	93	5.695E+00	35
LOKIASV2_1349_AF2_hypothetical_protein	1wsu-assembly1.cif.gz_C	LOKIASV2_1349_AF2_hypothetical_protein	1wsu-assembly1.cif.gz_C C-terminal domain of elongation factor selB complexed with SECIS RNA	0.102	103	85	574	676	2	97	4.931E+00	35
LOKIASV2_1349_AF2_hypothetical_protein	5zhv-assembly1.cif.gz_B	LOKIASV2_1349_AF2_hypothetical_protein	5zhv-assembly1.cif.gz_B Crystal structure of the PadR-family transcriptional regulator Rv3488 of Mycobacterium tuberculosis H37Rv in complex with zinc ion	0.117	112	80	623	734	8	99	5.173E+00	35
LOKIASV2_1349_AF2_hypothetical_protein	3cdh-assembly1.cif.gz_B	LOKIASV2_1349_AF2_hypothetical_protein	3cdh-assembly1.cif.gz_B Crystal structure of the MarR family transcriptional regulator SPO1453 from Silicibacter pomeroyi DSS-3	0.130	107	64	628	734	36	110	3.523E+00	35
LOKIASV2_1349_AF2_hypothetical_protein	2fbi-assembly1.cif.gz_A-2	LOKIASV2_1349_AF2_hypothetical_protein	2fbi-assembly1.cif.gz_A-2 The crystal structure of transcriptional regulator PA4135	0.187	108	80	627	734	30	129	2.180E+00	35
LOKIASV2_1349_AF2_hypothetical_protein	7dvs-assembly1.cif.gz_B	LOKIASV2_1349_AF2_hypothetical_protein	7dvs-assembly1.cif.gz_B Crystal structure of Apo (heme-free) PefR	0.085	123	100	623	732	15	137	2.287E+00	35
LOKIASV2_1349_AF2_hypothetical_protein	5yi3-assembly1.cif.gz_A	LOKIASV2_1349_AF2_hypothetical_protein	5yi3-assembly1.cif.gz_A Structure of Lactococcus lactis ZitR, C30S mutant in complex with DNA	0.157	136	113	598	732	9	144	1.285E+00	35
LOKIASV2_1349_AF2_hypothetical_protein	3zpl-assembly2.cif.gz_F	LOKIASV2_1349_AF2_hypothetical_protein	3zpl-assembly2.cif.gz_F Crystal structure of Sco3205, a MarR family transcriptional regulator from Streptomyces coelicolor, in complex with DNA	0.156	142	116	595	732	2	143	2.180E+00	35
LOKIASV2_1349_AF2_hypothetical_protein	1mja-assembly1.cif.gz_A	LOKIASV2_1349_AF2_hypothetical_protein	1mja-assembly1.cif.gz_A Crystal structure of yeast Esa1 histone acetyltransferase domain complexed with acetyl coenzyme A	0.077	99	80	621	719	180	267	4.479E+00	35
LOKIASV2_1349_AF2_hypothetical_protein	8cll-assembly1.cif.gz_F	LOKIASV2_1349_AF2_hypothetical_protein	8cll-assembly1.cif.gz_F Structural insights into human TFIIIC promoter recognition	0.082	141	98	248	355	168	308	2.287E+00	35
LOKIASV2_1349_AF2_hypothetical_protein	6j2x-assembly1.cif.gz_Q	LOKIASV2_1349_AF2_hypothetical_protein	6j2x-assembly1.cif.gz_Q Yeast proteasome in resting state (C1-a)	0.095	372	303	31	366	50	421	1.345E-01	35
LOKIASV2_1349_AF2_hypothetical_protein	3jco-assembly1.cif.gz_P	LOKIASV2_1349_AF2_hypothetical_protein	3jco-assembly1.cif.gz_P Structure of yeast 26S proteasome in M1 state derived from Titan dataset	0.111	408	298	30	365	2	409	1.883E-01	35
LOKIASV2_1349_AF2_hypothetical_protein	3o4z-assembly1.cif.gz_A	LOKIASV2_1349_AF2_hypothetical_protein	3o4z-assembly1.cif.gz_A Tel2 structure and function in the Hsp90-dependent maturation of mTOR and ATR complexes	0.151	272	171	38	240	70	341	3.688E-01	35
LOKIASV2_1349_AF2_hypothetical_protein	7mq9-assembly1.cif.gz_SP	LOKIASV2_1349_AF2_hypothetical_protein	7mq9-assembly1.cif.gz_SP Cryo-EM structure of the human SSU processome, state pre-A1*	0.108	903	797	26	919	1042	1944	3.044E-01	35
LOKIASV2_1349_AF2_hypothetical_protein	6z6k-assembly1.cif.gz_SZ	LOKIASV2_1349_AF2_hypothetical_protein	6z6k-assembly1.cif.gz_SZ Cryo-EM structure of yeast reconstituted Lso2 bound to 80S ribosomes	0.157	70	51	619	688	5	66	9.658E+00	34
LOKIASV2_1349_AF2_hypothetical_protein	5k5o-assembly1.cif.gz_D	LOKIASV2_1349_AF2_hypothetical_protein	5k5o-assembly1.cif.gz_D Structure of AspA-26mer DNA complex	0.166	85	68	455	537	1	85	3.878E+00	34
LOKIASV2_1349_AF2_hypothetical_protein	4omz-assembly2.cif.gz_C	LOKIASV2_1349_AF2_hypothetical_protein	4omz-assembly2.cif.gz_C Crystal Structure of NolR from Sinorhizobium fredii	0.135	109	79	621	729	5	96	3.697E+00	34
LOKIASV2_1349_AF2_hypothetical_protein	5ffx-assembly1.cif.gz_A	LOKIASV2_1349_AF2_hypothetical_protein	5ffx-assembly1.cif.gz_A S. aureus MepR G34K Mutant	0.132	138	116	595	732	2	136	1.415E+00	34
LOKIASV2_1349_AF2_hypothetical_protein	5hlg-assembly2.cif.gz_D	LOKIASV2_1349_AF2_hypothetical_protein	5hlg-assembly2.cif.gz_D Structure of reduced AbfR bound to DNA	0.170	115	90	623	732	23	137	3.201E+00	34
LOKIASV2_1349_AF2_hypothetical_protein	4ld5-assembly4.cif.gz_D	LOKIASV2_1349_AF2_hypothetical_protein	4ld5-assembly4.cif.gz_D Crystal structure of MepR Q18P mutant from multidrug resistant S. aureus clinical isolate	0.141	138	115	595	732	3	137	1.634E+00	34
LOKIASV2_1349_AF2_hypothetical_protein	7kfq-assembly1.cif.gz_A	LOKIASV2_1349_AF2_hypothetical_protein	7kfq-assembly1.cif.gz_A Crystal structure of the MarR family transcriptional regulator from Variovorax paradoxus bound to 1H-Indole-3-Carboxylic Acid	0.129	125	95	623	732	14	138	1.634E+00	34
LOKIASV2_1349_AF2_hypothetical_protein	6jbx-assembly1.cif.gz_B	LOKIASV2_1349_AF2_hypothetical_protein	6jbx-assembly1.cif.gz_B Crystal structure of Streptococcus pneumoniae FabT in complex with DNA	0.132	140	120	596	734	1	140	2.641E+00	34
LOKIASV2_1349_AF2_hypothetical_protein	6fi9-assembly1.cif.gz_A	LOKIASV2_1349_AF2_hypothetical_protein	6fi9-assembly1.cif.gz_A Crystal Structure of a zinc-responsive MarR family member, Lactococcus lactis ZitR	0.140	105	86	632	732	38	142	2.517E+00	34
LOKIASV2_1349_AF2_hypothetical_protein	3zmd-assembly2.cif.gz_D	LOKIASV2_1349_AF2_hypothetical_protein	3zmd-assembly2.cif.gz_D Crystal structure of AbsC, a MarR family transcriptional regulator from Streptomyces coelicolor	0.123	143	122	595	734	4	146	1.714E+00	34
LOKIASV2_1349_AF2_hypothetical_protein	3zpl-assembly1.cif.gz_B	LOKIASV2_1349_AF2_hypothetical_protein	3zpl-assembly1.cif.gz_B Crystal structure of Sco3205, a MarR family transcriptional regulator from Streptomyces coelicolor, in complex with DNA	0.150	142	116	595	732	4	145	2.180E+00	34
LOKIASV2_1349_AF2_hypothetical_protein	6w2r-assembly4.cif.gz_D	LOKIASV2_1349_AF2_hypothetical_protein	6w2r-assembly4.cif.gz_D Junction 19, DHR54-DHR79	0.113	229	173	13	241	10	205	2.517E+00	34
LOKIASV2_1349_AF2_hypothetical_protein	5qsu-assembly1.cif.gz_C	LOKIASV2_1349_AF2_hypothetical_protein	5qsu-assembly1.cif.gz_C PanDDA analysis group deposition -- Crystal Structure of human STAG1 in complex with Z2856434926	0.117	281	181	36	241	15	295	3.869E-01	34
LOKIASV2_1349_AF2_hypothetical_protein	5gjr-assembly1.cif.gz_5	LOKIASV2_1349_AF2_hypothetical_protein	5gjr-assembly1.cif.gz_5 An atomic structure of the human 26S proteasome	0.100	334	290	6	339	49	371	1.285E+00	34
LOKIASV2_1349_AF2_hypothetical_protein	6exn-assembly1.cif.gz_H	LOKIASV2_1349_AF2_hypothetical_protein	6exn-assembly1.cif.gz_H Post-catalytic P complex spliceosome with 3' splice site docked	0.135	413	266	34	446	2	310	6.254E-01	34
LOKIASV2_1349_AF2_hypothetical_protein	3jcp-assembly1.cif.gz_P	LOKIASV2_1349_AF2_hypothetical_protein	3jcp-assembly1.cif.gz_P Structure of yeast 26S proteasome in M2 state derived from Titan dataset	0.113	418	335	16	394	4	421	4.259E-01	34
LOKIASV2_1349_AF2_hypothetical_protein	5vfq-assembly1.cif.gz_W	LOKIASV2_1349_AF2_hypothetical_protein	5vfq-assembly1.cif.gz_W Nucleotide-driven Triple-state Remodeling of the AAA-ATPase Channel in the Activated Human 26S Proteasome	0.139	344	287	7	340	112	455	2.394E-01	34
LOKIASV2_1349_AF2_hypothetical_protein	6rxu-assembly1.cif.gz_UJ	LOKIASV2_1349_AF2_hypothetical_protein	6rxu-assembly1.cif.gz_UJ Cryo-EM structure of the 90S pre-ribosome (Kre33-Noc4) from Chaetomium thermophilum, state B1	0.101	882	743	33	914	188	1015	4.050E-02	34
LOKIASV2_1349_AF2_hypothetical_protein	4hqm-assembly1.cif.gz_A	LOKIASV2_1349_AF2_hypothetical_protein	4hqm-assembly1.cif.gz_A The crystal structure of QsrR-menadione complex	0.123	110	82	625	734	4	98	8.362E+00	33
LOKIASV2_1349_AF2_hypothetical_protein	6pln-assembly2.cif.gz_B	LOKIASV2_1349_AF2_hypothetical_protein	6pln-assembly2.cif.gz_B X-ray crystal structure of Pyrococcus furiosus general transcription factor TFE-alpha	0.118	90	65	248	337	28	102	4.479E+00	33
LOKIASV2_1349_AF2_hypothetical_protein	6xjf-assembly3.cif.gz_C	LOKIASV2_1349_AF2_hypothetical_protein	6xjf-assembly3.cif.gz_C X-ray crystal structure of Pyrococcus furiosus general transcription factor TFE-alpha (SeMet labeled protein)	0.118	90	65	248	337	28	102	4.700E+00	33
LOKIASV2_1349_AF2_hypothetical_protein	5jsb-assembly1.cif.gz_B	LOKIASV2_1349_AF2_hypothetical_protein	5jsb-assembly1.cif.gz_B Crystal structure of Mcl1-inhibitor complex	0.136	134	98	756	889	1	114	6.577E+00	33
LOKIASV2_1349_AF2_hypothetical_protein	2nnn-assembly4.cif.gz_G	LOKIASV2_1349_AF2_hypothetical_protein	2nnn-assembly4.cif.gz_G Crystal structure of probable transcriptional regulator from Pseudomonas aeruginosa	0.100	121	95	623	729	11	131	3.523E+00	33
LOKIASV2_1349_AF2_hypothetical_protein	4jba-assembly1.cif.gz_A	LOKIASV2_1349_AF2_hypothetical_protein	4jba-assembly1.cif.gz_A Crystal Structure of the Oxidized Form of MarR from E.coli	0.204	124	85	623	730	10	133	1.415E+00	33
LOKIASV2_1349_AF2_hypothetical_protein	5hlg-assembly4.cif.gz_G	LOKIASV2_1349_AF2_hypothetical_protein	5hlg-assembly4.cif.gz_G Structure of reduced AbfR bound to DNA	0.178	115	90	623	732	19	133	3.523E+00	33
LOKIASV2_1349_AF2_hypothetical_protein	4ld5-assembly3.cif.gz_G	LOKIASV2_1349_AF2_hypothetical_protein	4ld5-assembly3.cif.gz_G Crystal structure of MepR Q18P mutant from multidrug resistant S. aureus clinical isolate	0.163	116	91	623	732	22	137	4.069E+00	33
LOKIASV2_1349_AF2_hypothetical_protein	2hr3-assembly2.cif.gz_D	LOKIASV2_1349_AF2_hypothetical_protein	2hr3-assembly2.cif.gz_D Crystal structure of putative transcriptional regulator protein from Pseudomonas aeruginosa PA01 at 2.4 A resolution	0.141	120	97	623	736	21	140	4.069E+00	33
LOKIASV2_1349_AF2_hypothetical_protein	3s2w-assembly1.cif.gz_A	LOKIASV2_1349_AF2_hypothetical_protein	3s2w-assembly1.cif.gz_A The crystal structure of a MarR transcriptional regulator from Methanosarcina mazei Go1	0.186	145	114	589	733	2	142	2.641E+00	33
LOKIASV2_1349_AF2_hypothetical_protein	3bpx-assembly1.cif.gz_A	LOKIASV2_1349_AF2_hypothetical_protein	3bpx-assembly1.cif.gz_A Crystal Structure of MarR	0.168	117	90	625	733	24	140	5.428E+00	33
LOKIASV2_1349_AF2_hypothetical_protein	2nyx-assembly2.cif.gz_D	LOKIASV2_1349_AF2_hypothetical_protein	2nyx-assembly2.cif.gz_D Crystal structure of RV1404 from Mycobacterium tuberculosis	0.119	110	92	623	732	17	121	2.641E+00	33
LOKIASV2_1349_AF2_hypothetical_protein	5t0c-assembly1.cif.gz_AY	LOKIASV2_1349_AF2_hypothetical_protein	5t0c-assembly1.cif.gz_AY Structural basis for dynamic regulation of the human 26S proteasome	0.130	389	284	6	394	51	378	1.011E+00	33
LOKIASV2_1349_AF2_hypothetical_protein	6zon-assembly1.cif.gz_E	LOKIASV2_1349_AF2_hypothetical_protein	6zon-assembly1.cif.gz_E SARS-CoV-2 Nsp1 bound to a human 43S preinitiation ribosome complex - state 1	0.108	305	269	35	339	113	415	5.415E-01	33
LOKIASV2_1349_AF2_hypothetical_protein	5z58-assembly1.cif.gz_V	LOKIASV2_1349_AF2_hypothetical_protein	5z58-assembly1.cif.gz_V Cryo-EM structure of a human activated spliceosome (early Bact) at 4.9 angstrom.	0.112	423	351	29	451	6	401	7.579E-01	33
LOKIASV2_1349_AF2_hypothetical_protein	6msk-assembly1.cif.gz_W	LOKIASV2_1349_AF2_hypothetical_protein	6msk-assembly1.cif.gz_W Cryo-EM structures and dynamics of substrate-engaged human 26S proteasome	0.158	307	248	34	340	160	455	8.343E-01	33
LOKIASV2_1349_AF2_hypothetical_protein	2i91-assembly2.cif.gz_B	LOKIASV2_1349_AF2_hypothetical_protein	2i91-assembly2.cif.gz_B 60kDa Ro autoantigen in complex with a fragment of misfolded RNA	0.135	208	162	34	241	52	239	2.180E+00	33
LOKIASV2_1349_AF2_hypothetical_protein	4hau-assembly1.cif.gz_C	LOKIASV2_1349_AF2_hypothetical_protein	4hau-assembly1.cif.gz_C Crystal structure of CRM1 inhibitor Ratjadone A in complex with CRM1-Ran-RanBP1	0.110	860	748	24	883	87	928	1.976E-01	33
LOKIASV2_1349_AF2_hypothetical_protein	7dvs-assembly2.cif.gz_C	LOKIASV2_1349_AF2_hypothetical_protein	7dvs-assembly2.cif.gz_C Crystal structure of Apo (heme-free) PefR	0.109	106	74	628	733	32	115	4.479E+00	32
LOKIASV2_1349_AF2_hypothetical_protein	4rbr-assembly1.cif.gz_B	LOKIASV2_1349_AF2_hypothetical_protein	4rbr-assembly1.cif.gz_B Crystal structure of Repressor of Toxin (Rot), a central regulator of Staphylococcus aureus virulence	0.106	110	91	625	734	17	119	4.069E+00	32
LOKIASV2_1349_AF2_hypothetical_protein	2hr3-assembly2.cif.gz_C	LOKIASV2_1349_AF2_hypothetical_protein	2hr3-assembly2.cif.gz_C Crystal structure of putative transcriptional regulator protein from Pseudomonas aeruginosa PA01 at 2.4 A resolution	0.122	119	99	623	736	20	138	4.479E+00	32
LOKIASV2_1349_AF2_hypothetical_protein	5h3r-assembly1.cif.gz_B	LOKIASV2_1349_AF2_hypothetical_protein	5h3r-assembly1.cif.gz_B Crystal Structure of mutant MarR C80S from E.coli complexed with operator DNA	0.194	128	86	623	730	12	139	1.484E+00	32
LOKIASV2_1349_AF2_hypothetical_protein	3k0l-assembly1.cif.gz_B	LOKIASV2_1349_AF2_hypothetical_protein	3k0l-assembly1.cif.gz_B Crystal Structure of Putative MarR Family Transcriptional Regulator from Acinetobacter sp. ADP	0.147	138	109	597	734	8	136	2.399E+00	32
LOKIASV2_1349_AF2_hypothetical_protein	3sxy-assembly1.cif.gz_B	LOKIASV2_1349_AF2_hypothetical_protein	3sxy-assembly1.cif.gz_B Metal-free full-length structure of Tm0439, a metal-binding FCD family transcriptional regulator	0.147	292	161	626	917	2	191	1.634E+00	32
LOKIASV2_1349_AF2_hypothetical_protein	5cvi-assembly1.cif.gz_B	LOKIASV2_1349_AF2_hypothetical_protein	5cvi-assembly1.cif.gz_B Structure of the manganese regulator SloR	0.134	114	86	628	727	5	118	2.517E+00	32
LOKIASV2_1349_AF2_hypothetical_protein	1fx7-assembly1.cif.gz_B	LOKIASV2_1349_AF2_hypothetical_protein	1fx7-assembly1.cif.gz_B CRYSTAL STRUCTURE OF THE IRON-DEPENDENT REGULATOR (IDER) FROM MYCOBACTERIUM TUBERCULOSIS	0.100	116	91	627	728	7	122	3.201E+00	32
LOKIASV2_1349_AF2_hypothetical_protein	6j2x-assembly1.cif.gz_R	LOKIASV2_1349_AF2_hypothetical_protein	6j2x-assembly1.cif.gz_R Yeast proteasome in resting state (C1-a)	0.121	360	275	9	368	72	385	2.180E+00	32
LOKIASV2_1349_AF2_hypothetical_protein	6j2n-assembly1.cif.gz_P	LOKIASV2_1349_AF2_hypothetical_protein	6j2n-assembly1.cif.gz_P yeast proteasome in substrate-processing state (C3-b)	0.120	378	294	56	390	48	425	4.689E-01	32
LOKIASV2_1349_AF2_hypothetical_protein	6epd-assembly1.cif.gz_P	LOKIASV2_1349_AF2_hypothetical_protein	6epd-assembly1.cif.gz_P Substrate processing state 26S proteasome (SPS1)	0.116	400	255	51	340	56	455	2.765E-01	32
LOKIASV2_1349_AF2_hypothetical_protein	7zyf-assembly1.cif.gz_A	LOKIASV2_1349_AF2_hypothetical_protein	7zyf-assembly1.cif.gz_A Insulin regulated aminopeptidase (IRAP) in complex with a nanomolar alpha hydroxy beta amino acid based inhibitor.	0.100	189	168	35	223	662	849	3.523E+00	32
LOKIASV2_1349_AF2_hypothetical_protein	7zjs-assembly1.cif.gz_A	LOKIASV2_1349_AF2_hypothetical_protein	7zjs-assembly1.cif.gz_A Structural basis of centromeric cohesion protection by SGO1	0.106	727	644	12	732	164	890	6.240E-02	32
LOKIASV2_1349_AF2_hypothetical_protein	5k1y-assembly1.cif.gz_A	LOKIASV2_1349_AF2_hypothetical_protein	5k1y-assembly1.cif.gz_A P2(1) Structure of pNOB8 AspA-DNA complex	0.115	104	66	631	734	10	85	9.658E+00	31
LOKIASV2_1349_AF2_hypothetical_protein	6xjf-assembly4.cif.gz_D	LOKIASV2_1349_AF2_hypothetical_protein	6xjf-assembly4.cif.gz_D X-ray crystal structure of Pyrococcus furiosus general transcription factor TFE-alpha (SeMet labeled protein)	0.117	91	66	247	337	26	101	5.428E+00	31
LOKIASV2_1349_AF2_hypothetical_protein	2x4h-assembly1.cif.gz_D	LOKIASV2_1349_AF2_hypothetical_protein	2x4h-assembly1.cif.gz_D Crystal Structure of the hypothetical protein SSo2273 from Sulfolobus solfataricus	0.152	115	91	464	571	1	115	4.269E+00	31
LOKIASV2_1349_AF2_hypothetical_protein	4g9y-assembly1.cif.gz_A-2	LOKIASV2_1349_AF2_hypothetical_protein	4g9y-assembly1.cif.gz_A-2 Crystal Structure of the PcaV transcriptional regulator from Streptomyces coelicolor	0.166	113	91	626	735	24	136	5.695E+00	31
LOKIASV2_1349_AF2_hypothetical_protein	3vod-assembly1.cif.gz_A	LOKIASV2_1349_AF2_hypothetical_protein	3vod-assembly1.cif.gz_A Crystal Structure of mutant MarR C80S from E.coli	0.194	128	86	623	730	8	135	2.771E+00	31
LOKIASV2_1349_AF2_hypothetical_protein	4hbl-assembly1.cif.gz_A	LOKIASV2_1349_AF2_hypothetical_protein	4hbl-assembly1.cif.gz_A Crystal structure of AbfR of Staphylococcus epidermidis	0.144	110	89	623	732	31	135	4.069E+00	31
LOKIASV2_1349_AF2_hypothetical_protein	2qww-assembly2.cif.gz_D	LOKIASV2_1349_AF2_hypothetical_protein	2qww-assembly2.cif.gz_D Crystal structure of multiple antibiotic-resistance repressor (MarR) (YP_013417.1) from Listeria monocytogenes 4b F2365 at 2.07 A resolution	0.163	112	90	627	734	26	137	4.069E+00	31
LOKIASV2_1349_AF2_hypothetical_protein	2eth-assembly1.cif.gz_A	LOKIASV2_1349_AF2_hypothetical_protein	2eth-assembly1.cif.gz_A Crystal structure of a marr-like transcriptional regulator (tm0816) from thermotoga maritima at 2.50 A resolution	0.155	142	117	595	736	2	141	3.878E+00	31
LOKIASV2_1349_AF2_hypothetical_protein	5hlg-assembly1.cif.gz_B	LOKIASV2_1349_AF2_hypothetical_protein	5hlg-assembly1.cif.gz_B Structure of reduced AbfR bound to DNA	0.164	120	91	623	732	21	140	4.700E+00	31
LOKIASV2_1349_AF2_hypothetical_protein	2nyx-assembly1.cif.gz_A	LOKIASV2_1349_AF2_hypothetical_protein	2nyx-assembly1.cif.gz_A Crystal structure of RV1404 from Mycobacterium tuberculosis	0.121	104	90	628	731	40	142	5.173E+00	31
LOKIASV2_1349_AF2_hypothetical_protein	3bj6-assembly1.cif.gz_B	LOKIASV2_1349_AF2_hypothetical_protein	3bj6-assembly1.cif.gz_B Crystal structure of MarR family transcription regulator SP03579	0.101	120	100	623	734	26	145	4.069E+00	31
LOKIASV2_1349_AF2_hypothetical_protein	2qlz-assembly2.cif.gz_D	LOKIASV2_1349_AF2_hypothetical_protein	2qlz-assembly2.cif.gz_D Crystal Structure of Transcription Factor PF0095 from Pyrococcus furiosus	0.153	117	91	184	300	108	215	4.269E+00	31
LOKIASV2_1349_AF2_hypothetical_protein	5tjj-assembly1.cif.gz_B	LOKIASV2_1349_AF2_hypothetical_protein	5tjj-assembly1.cif.gz_B Crystal structure of IcIR transcriptional regulator from Alicyclobacillus acidocaldarius	0.117	84	59	469	536	9	92	9.205E+00	31
LOKIASV2_1349_AF2_hypothetical_protein	7qxx-assembly1.cif.gz_W	LOKIASV2_1349_AF2_hypothetical_protein	7qxx-assembly1.cif.gz_W Proteasome-ZFAND5 Complex Z+E state	0.144	278	233	68	340	1	278	3.193E-01	31
LOKIASV2_1349_AF2_hypothetical_protein	5qsu-assembly4.cif.gz_D	LOKIASV2_1349_AF2_hypothetical_protein	5qsu-assembly4.cif.gz_D PanDDA analysis group deposition -- Crystal Structure of human STAG1 in complex with Z2856434926	0.126	222	174	36	235	15	236	6.562E-01	31
LOKIASV2_1349_AF2_hypothetical_protein	5qsx-assembly4.cif.gz_D	LOKIASV2_1349_AF2_hypothetical_protein	5qsx-assembly4.cif.gz_D PanDDA analysis group deposition -- Crystal Structure of human STAG1 in complex with Z2856434812	0.137	227	172	36	235	14	240	6.254E-01	31
LOKIASV2_1349_AF2_hypothetical_protein	8amz-assembly1.cif.gz_O	LOKIASV2_1349_AF2_hypothetical_protein	8amz-assembly1.cif.gz_O Spinach 19S proteasome	0.114	377	311	39	390	3	379	4.689E-01	31
LOKIASV2_1349_AF2_hypothetical_protein	4cr4-assembly1.cif.gz_O	LOKIASV2_1349_AF2_hypothetical_protein	4cr4-assembly1.cif.gz_O Deep classification of a large cryo-EM dataset defines the conformational landscape of the 26S proteasome	0.131	300	247	55	339	81	380	9.184E-01	31
LOKIASV2_1349_AF2_hypothetical_protein	5mq0-assembly1.cif.gz_H	LOKIASV2_1349_AF2_hypothetical_protein	5mq0-assembly1.cif.gz_H Structure of a spliceosome remodeled for exon ligation	0.132	416	261	30	445	9	310	1.011E+00	31
LOKIASV2_1349_AF2_hypothetical_protein	6fvv-assembly1.cif.gz_R	LOKIASV2_1349_AF2_hypothetical_protein	6fvv-assembly1.cif.gz_R 26S proteasome, s3 state	0.130	360	272	9	368	75	388	2.641E+00	31
LOKIASV2_1349_AF2_hypothetical_protein	6j30-assembly1.cif.gz_Q	LOKIASV2_1349_AF2_hypothetical_protein	6j30-assembly1.cif.gz_Q yeast proteasome in Ub-engaged state (C2)	0.111	336	259	31	366	130	421	9.636E-01	31
LOKIASV2_1349_AF2_hypothetical_protein	7d59-assembly1.cif.gz_O	LOKIASV2_1349_AF2_hypothetical_protein	7d59-assembly1.cif.gz_O cryo-EM structure of human RNA polymerase III in apo state	0.110	428	321	247	608	32	459	1.412E-01	31
LOKIASV2_1349_AF2_hypothetical_protein	6ydx-assembly2.cif.gz_B	LOKIASV2_1349_AF2_hypothetical_protein	6ydx-assembly2.cif.gz_B Insulin-regulated aminopeptidase complexed with a macrocyclic peptidic inhibitor	0.139	225	148	69	241	533	757	2.399E+00	31
LOKIASV2_1349_AF2_hypothetical_protein	6zqe-assembly1.cif.gz_UJ	LOKIASV2_1349_AF2_hypothetical_protein	6zqe-assembly1.cif.gz_UJ Cryo-EM structure of the 90S pre-ribosome from Saccharomyces cerevisiae, state Dis-A (Poly-Ala)	0.098	915	728	3	917	80	887	9.613E-02	31
LOKIASV2_1349_AF2_hypothetical_protein	3s4w-assembly1.cif.gz_A	LOKIASV2_1349_AF2_hypothetical_protein	3s4w-assembly1.cif.gz_A Structure of the FANCI-FANCD2 complex	0.086	935	788	18	880	238	1172	9.163E-02	31
LOKIASV2_1349_AF2_hypothetical_protein	8ezb-assembly1.cif.gz_L	LOKIASV2_1349_AF2_hypothetical_protein	8ezb-assembly1.cif.gz_L NHEJ Long-range complex with ATP	0.111	936	773	50	919	2042	2977	1.481E-01	31
LOKIASV2_1349_AF2_hypothetical_protein	6j0e-assembly1.cif.gz_A	LOKIASV2_1349_AF2_hypothetical_protein	6j0e-assembly1.cif.gz_A Structures of two ArsR As(III)-responsive repressors: implications for the mechanism of derepression	0.090	99	81	610	699	10	108	6.901E+00	30
LOKIASV2_1349_AF2_hypothetical_protein	5hlg-assembly1.cif.gz_A	LOKIASV2_1349_AF2_hypothetical_protein	5hlg-assembly1.cif.gz_A Structure of reduced AbfR bound to DNA	0.185	115	88	623	731	19	133	4.931E+00	30
LOKIASV2_1349_AF2_hypothetical_protein	5hlh-assembly1.cif.gz_A	LOKIASV2_1349_AF2_hypothetical_protein	5hlh-assembly1.cif.gz_A Crystal structure of the overoxidized AbfR bound to DNA	0.180	114	89	623	736	27	135	4.479E+00	30
LOKIASV2_1349_AF2_hypothetical_protein	5hli-assembly1.cif.gz_B	LOKIASV2_1349_AF2_hypothetical_protein	5hli-assembly1.cif.gz_B Structure of Disulfide formed AbfR	0.062	156	126	184	339	1	135	2.908E+00	30
LOKIASV2_1349_AF2_hypothetical_protein	3voe-assembly1.cif.gz_A	LOKIASV2_1349_AF2_hypothetical_protein	3voe-assembly1.cif.gz_A Crystal Structure of wild type MarR (apo form) from E.coli	0.194	128	86	623	730	8	135	3.201E+00	30
LOKIASV2_1349_AF2_hypothetical_protein	5hlg-assembly3.cif.gz_E	LOKIASV2_1349_AF2_hypothetical_protein	5hlg-assembly3.cif.gz_E Structure of reduced AbfR bound to DNA	0.186	113	89	623	732	22	134	5.173E+00	30
LOKIASV2_1349_AF2_hypothetical_protein	4lln-assembly3.cif.gz_I	LOKIASV2_1349_AF2_hypothetical_protein	4lln-assembly3.cif.gz_I Crystal structure of S. aureus MepR-DNA complex	0.140	138	115	595	732	2	136	4.931E+00	30
LOKIASV2_1349_AF2_hypothetical_protein	7krh-assembly1.cif.gz_A-2	LOKIASV2_1349_AF2_hypothetical_protein	7krh-assembly1.cif.gz_A-2 Crystal structure of the MarR family transcriptional regulator from Variovorax paradoxus with S28A and R46A mutations	0.129	125	95	623	732	13	137	3.051E+00	30
LOKIASV2_1349_AF2_hypothetical_protein	3cjn-assembly1.cif.gz_A-2	LOKIASV2_1349_AF2_hypothetical_protein	3cjn-assembly1.cif.gz_A-2 Crystal structure of transcriptional regulator, MarR family, from Silicibacter pomeroyi	0.142	123	94	623	732	18	140	3.697E+00	30
LOKIASV2_1349_AF2_hypothetical_protein	5qsx-assembly1.cif.gz_C	LOKIASV2_1349_AF2_hypothetical_protein	5qsx-assembly1.cif.gz_C PanDDA analysis group deposition -- Crystal Structure of human STAG1 in complex with Z2856434812	0.115	222	166	36	224	15	236	4.689E-01	30
LOKIASV2_1349_AF2_hypothetical_protein	6zp4-assembly1.cif.gz_M	LOKIASV2_1349_AF2_hypothetical_protein	6zp4-assembly1.cif.gz_M SARS-CoV-2 Nsp1 bound to a human 43S preinitiation ribosome complex - state 2	0.127	332	269	69	377	1	332	8.343E-01	30
LOKIASV2_1349_AF2_hypothetical_protein	5g5p-assembly1.cif.gz_B	LOKIASV2_1349_AF2_hypothetical_protein	5g5p-assembly1.cif.gz_B Structure of the Saccharomyces cerevisiae TREX-2 complex	0.107	431	285	39	358	4	434	5.961E-01	30
LOKIASV2_1349_AF2_hypothetical_protein	2i91-assembly1.cif.gz_A	LOKIASV2_1349_AF2_hypothetical_protein	2i91-assembly1.cif.gz_A 60kDa Ro autoantigen in complex with a fragment of misfolded RNA	0.148	203	150	39	241	57	233	3.051E+00	30
LOKIASV2_1349_AF2_hypothetical_protein	4u1c-assembly1.cif.gz_C	LOKIASV2_1349_AF2_hypothetical_protein	4u1c-assembly1.cif.gz_C Crystal structure of the eIF3a/eIF3c PCI-domain heterodimer	0.096	524	467	2	525	11	528	2.635E-01	30
LOKIASV2_1349_AF2_hypothetical_protein	3j8c-assembly1.cif.gz_C	LOKIASV2_1349_AF2_hypothetical_protein	3j8c-assembly1.cif.gz_C Model of the human eIF3 PCI-MPN octamer docked into the 43S EM map	0.110	516	453	16	525	4	519	4.469E-01	30
LOKIASV2_1349_AF2_hypothetical_protein	6zu9-assembly1.cif.gz_q	LOKIASV2_1349_AF2_hypothetical_protein	6zu9-assembly1.cif.gz_q Structure of a yeast ABCE1-bound 48S initiation complex	0.109	668	564	31	698	2	635	1.976E-01	30
LOKIASV2_1349_AF2_hypothetical_protein	8a2q-assembly1.cif.gz_B	LOKIASV2_1349_AF2_hypothetical_protein	8a2q-assembly1.cif.gz_B Structure of the DNA-bound FANCD2-FANCI complex containing phosphomimetic FANCI	0.099	855	641	31	885	348	1059	5.682E-01	30
LOKIASV2_1349_AF2_hypothetical_protein	7nfc-assembly1.cif.gz_A	LOKIASV2_1349_AF2_hypothetical_protein	7nfc-assembly1.cif.gz_A Cryo-EM structure of NHEJ super-complex (dimer)	0.107	935	776	50	919	1924	2858	6.547E-02	30
LOKIASV2_1349_AF2_hypothetical_protein	2hzt-assembly1.cif.gz_B	LOKIASV2_1349_AF2_hypothetical_protein	2hzt-assembly1.cif.gz_B Crystal Structure of a putative HTH-type transcriptional regulator ytcD	0.108	110	72	230	339	13	94	5.428E+00	29
LOKIASV2_1349_AF2_hypothetical_protein	3m8f-assembly1.cif.gz_A	LOKIASV2_1349_AF2_hypothetical_protein	3m8f-assembly1.cif.gz_A Protein structure of type III plasmid segregation TubR mutant	0.059	100	83	632	731	7	95	5.428E+00	29
LOKIASV2_1349_AF2_hypothetical_protein	1lnw-assembly4.cif.gz_G	LOKIASV2_1349_AF2_hypothetical_protein	1lnw-assembly4.cif.gz_G CRYSTAL STRUCTURE OF THE MEXR REPRESSOR OF THE MEXAB-OPRM MULTIDRUG EFFLUX OPERON OF PSEUDOMONAS AERUGINOSA	0.150	122	91	623	730	11	132	3.358E+00	29
LOKIASV2_1349_AF2_hypothetical_protein	3bdd-assembly2.cif.gz_C	LOKIASV2_1349_AF2_hypothetical_protein	3bdd-assembly2.cif.gz_C CRYSTAL STRUCTURE OF A PUTATIVE MULTIPLE ANTIBIOTIC-RESISTANCE REPRESSOR (SSU05_1136) FROM STREPTOCOCCUS SUIS 89/1591 AT 2.20 A RESOLUTION	0.121	122	101	623	738	19	140	7.240E+00	29
LOKIASV2_1349_AF2_hypothetical_protein	1fx7-assembly1.cif.gz_A	LOKIASV2_1349_AF2_hypothetical_protein	1fx7-assembly1.cif.gz_A CRYSTAL STRUCTURE OF THE IRON-DEPENDENT REGULATOR (IDER) FROM MYCOBACTERIUM TUBERCULOSIS	0.100	116	91	627	728	7	122	4.931E+00	29
LOKIASV2_1349_AF2_hypothetical_protein	7w3g-assembly1.cif.gz_Y	LOKIASV2_1349_AF2_hypothetical_protein	7w3g-assembly1.cif.gz_Y Structure of USP14-bound human 26S proteasome in substrate-engaged state ED2.0_USP14	0.116	376	305	49	394	3	378	5.161E-01	29
LOKIASV2_1349_AF2_hypothetical_protein	6h8q-assembly2.cif.gz_B	LOKIASV2_1349_AF2_hypothetical_protein	6h8q-assembly2.cif.gz_B Structural basis for Scc3-dependent cohesin recruitment to chromatin	0.130	604	482	50	604	234	837	5.961E-01	29
LOKIASV2_1349_AF2_hypothetical_protein	7zjs-assembly2.cif.gz_C	LOKIASV2_1349_AF2_hypothetical_protein	7zjs-assembly2.cif.gz_C Structural basis of centromeric cohesion protection by SGO1	0.109	682	600	47	728	217	890	1.630E-01	29
LOKIASV2_1349_AF2_hypothetical_protein	1z3h-assembly2.cif.gz_B	LOKIASV2_1349_AF2_hypothetical_protein	1z3h-assembly2.cif.gz_B The exportin Cse1 in its cargo-free, cytoplasmic state	0.105	899	668	16	914	14	760	4.689E-01	29
LOKIASV2_1349_AF2_hypothetical_protein	5zpu-assembly1.cif.gz_C	LOKIASV2_1349_AF2_hypothetical_protein	5zpu-assembly1.cif.gz_C LFS829 in complex with CRM1-Ran-RanBP1	0.129	903	753	29	894	90	992	1.345E-01	29
LOKIASV2_1349_AF2_hypothetical_protein	1q1h-assembly1.cif.gz_A	LOKIASV2_1349_AF2_hypothetical_protein	1q1h-assembly1.cif.gz_A An extended winged helix domain in general transcription factor E/IIE alpha	0.118	98	64	195	292	4	77	7.596E+00	28
LOKIASV2_1349_AF2_hypothetical_protein	7dvs-assembly2.cif.gz_D	LOKIASV2_1349_AF2_hypothetical_protein	7dvs-assembly2.cif.gz_D Crystal structure of Apo (heme-free) PefR	0.130	103	85	598	700	6	104	4.931E+00	28
LOKIASV2_1349_AF2_hypothetical_protein	3vb2-assembly1.cif.gz_B	LOKIASV2_1349_AF2_hypothetical_protein	3vb2-assembly1.cif.gz_B Crystal Structure of the Reduced Form of MarR from E.coli	0.204	122	85	623	730	12	133	3.697E+00	28
LOKIASV2_1349_AF2_hypothetical_protein	4l9j-assembly1.cif.gz_B	LOKIASV2_1349_AF2_hypothetical_protein	4l9j-assembly1.cif.gz_B Crystal structure of S. aureus MepR in DNA-binding conformation	0.145	116	93	623	732	20	135	5.695E+00	28
LOKIASV2_1349_AF2_hypothetical_protein	1z9c-assembly2.cif.gz_C	LOKIASV2_1349_AF2_hypothetical_protein	1z9c-assembly2.cif.gz_C Crystal structure of OhrR bound to the ohrA promoter: Structure of MarR family protein with operator DNA	0.164	123	91	623	732	14	136	3.878E+00	28
LOKIASV2_1349_AF2_hypothetical_protein	1lnw-assembly7.cif.gz_A	LOKIASV2_1349_AF2_hypothetical_protein	1lnw-assembly7.cif.gz_A CRYSTAL STRUCTURE OF THE MEXR REPRESSOR OF THE MEXAB-OPRM MULTIDRUG EFFLUX OPERON OF PSEUDOMONAS AERUGINOSA	0.163	106	86	627	732	37	140	6.269E+00	28
LOKIASV2_1349_AF2_hypothetical_protein	5fz5-assembly1.cif.gz_X	LOKIASV2_1349_AF2_hypothetical_protein	5fz5-assembly1.cif.gz_X Transcription initiation complex structures elucidate DNA opening (CC)	0.173	131	103	296	426	9	134	3.051E+00	28
LOKIASV2_1349_AF2_hypothetical_protein	4hbl-assembly2.cif.gz_D	LOKIASV2_1349_AF2_hypothetical_protein	4hbl-assembly2.cif.gz_D Crystal structure of AbfR of Staphylococcus epidermidis	0.166	106	85	629	731	41	146	5.173E+00	28
LOKIASV2_1349_AF2_hypothetical_protein	6w2r-assembly3.cif.gz_C	LOKIASV2_1349_AF2_hypothetical_protein	6w2r-assembly3.cif.gz_C Junction 19, DHR54-DHR79	0.134	227	177	12	238	8	212	4.931E+00	28
LOKIASV2_1349_AF2_hypothetical_protein	6dr3-assembly1.cif.gz_A	LOKIASV2_1349_AF2_hypothetical_protein	6dr3-assembly1.cif.gz_A Crystal structure of E. coli LpoA amino terminal domain	0.108	185	143	73	233	18	202	3.523E+00	28
LOKIASV2_1349_AF2_hypothetical_protein	6lk8-assembly1.cif.gz_A	LOKIASV2_1349_AF2_hypothetical_protein	6lk8-assembly1.cif.gz_A Structure of Xenopus laevis Cytoplasmic Ring subunit.	0.109	989	784	36	916	417	1405	1.976E-01	28
LOKIASV2_1349_AF2_hypothetical_protein	6tbm-assembly1.cif.gz_L	LOKIASV2_1349_AF2_hypothetical_protein	6tbm-assembly1.cif.gz_L Structure of SAGA bound to TBP, including Spt8 and DUB	0.130	872	755	48	919	1534	2402	2.512E-01	28
LOKIASV2_1349_AF2_hypothetical_protein	4aso-assembly1.cif.gz_A	LOKIASV2_1349_AF2_hypothetical_protein	4aso-assembly1.cif.gz_A TubR bound to 24 bp of tubC from Bacillus thuringiensis serovar israelensis pBtoxis	0.150	77	53	687	749	4	80	5.695E+00	27
LOKIASV2_1349_AF2_hypothetical_protein	7el2-assembly1.cif.gz_B-2	LOKIASV2_1349_AF2_hypothetical_protein	7el2-assembly1.cif.gz_B-2 Crystal structure of apo-HpaR from Acinetobacter baumannii	0.112	113	99	623	734	11	123	5.975E+00	27
LOKIASV2_1349_AF2_hypothetical_protein	3voe-assembly1.cif.gz_B	LOKIASV2_1349_AF2_hypothetical_protein	3voe-assembly1.cif.gz_B Crystal Structure of wild type MarR (apo form) from E.coli	0.200	128	86	623	730	7	134	4.479E+00	27
LOKIASV2_1349_AF2_hypothetical_protein	5hlh-assembly2.cif.gz_D	LOKIASV2_1349_AF2_hypothetical_protein	5hlh-assembly2.cif.gz_D Crystal structure of the overoxidized AbfR bound to DNA	0.176	114	90	623	732	21	134	7.970E+00	27
LOKIASV2_1349_AF2_hypothetical_protein	3bpv-assembly1.cif.gz_A-2	LOKIASV2_1349_AF2_hypothetical_protein	3bpv-assembly1.cif.gz_A-2 Crystal Structure of MarR	0.153	117	91	625	733	18	134	7.596E+00	27
LOKIASV2_1349_AF2_hypothetical_protein	5jlu-assembly1.cif.gz_A-2	LOKIASV2_1349_AF2_hypothetical_protein	5jlu-assembly1.cif.gz_A-2 Crystal Structure of Adhesin competence repressor (AdcR) from Streptococcus pyogenes	0.136	137	113	598	734	5	136	5.428E+00	27
LOKIASV2_1349_AF2_hypothetical_protein	1jgs-assembly1.cif.gz_A-2	LOKIASV2_1349_AF2_hypothetical_protein	1jgs-assembly1.cif.gz_A-2 Multiple Antibiotic Resistance Repressor, MarR	0.200	133	89	619	730	5	137	3.051E+00	27
LOKIASV2_1349_AF2_hypothetical_protein	3oop-assembly1.cif.gz_A-2	LOKIASV2_1349_AF2_hypothetical_protein	3oop-assembly1.cif.gz_A-2 The structure of a protein with unknown function from Listeria innocua Clip11262	0.127	105	86	628	732	38	137	7.970E+00	27
LOKIASV2_1349_AF2_hypothetical_protein	1lj9-assembly1.cif.gz_B	LOKIASV2_1349_AF2_hypothetical_protein	1lj9-assembly1.cif.gz_B The crystal structure of the transcriptional regulator SlyA	0.121	129	96	623	732	5	133	4.700E+00	27
LOKIASV2_1349_AF2_hypothetical_protein	2fxa-assembly3.cif.gz_B	LOKIASV2_1349_AF2_hypothetical_protein	2fxa-assembly3.cif.gz_B Structure of the Protease Production Regulatory Protein hpr from Bacillus subtilis.	0.109	184	144	183	366	1	163	2.180E+00	27
LOKIASV2_1349_AF2_hypothetical_protein	7zr2-assembly1.cif.gz_A	LOKIASV2_1349_AF2_hypothetical_protein	7zr2-assembly1.cif.gz_A Crystal structure of a chimeric protein mimic of SARS-CoV-2 Spike HR1 in complex with HR2	0.140	295	171	623	917	27	226	5.428E+00	27
LOKIASV2_1349_AF2_hypothetical_protein	8j7r-assembly1.cif.gz_B	LOKIASV2_1349_AF2_hypothetical_protein	8j7r-assembly1.cif.gz_B Cryo-EM structure of the J-K-St region of EMCV IRES in complex with eIF4G-HEAT1 and eIF4A (J-K-St/eIF4G focused)	0.125	234	176	30	231	5	238	3.201E+00	27
LOKIASV2_1349_AF2_hypothetical_protein	5l4k-assembly1.cif.gz_O	LOKIASV2_1349_AF2_hypothetical_protein	5l4k-assembly1.cif.gz_O The human 26S proteasome lid	0.093	391	328	5	395	9	371	1.887E+00	27
LOKIASV2_1349_AF2_hypothetical_protein	6msd-assembly1.cif.gz_W	LOKIASV2_1349_AF2_hypothetical_protein	6msd-assembly1.cif.gz_W Cryo-EM structures and dynamics of substrate-engaged human 26S proteasome	0.149	387	278	12	339	69	455	2.394E-01	27
LOKIASV2_1349_AF2_hypothetical_protein	6qnx-assembly1.cif.gz_A	LOKIASV2_1349_AF2_hypothetical_protein	6qnx-assembly1.cif.gz_A Structure of the SA2/SCC1/CTCF complex	0.107	774	614	47	820	218	906	1.883E-01	27
LOKIASV2_1349_AF2_hypothetical_protein	2ek5-assembly1.cif.gz_B	LOKIASV2_1349_AF2_hypothetical_protein	2ek5-assembly1.cif.gz_B Crystal structure of the transcriptional factor from C.glutamicum at 2.2 angstrom resolution	0.137	102	84	296	393	5	106	5.975E+00	26
LOKIASV2_1349_AF2_hypothetical_protein	7el3-assembly1.cif.gz_B	LOKIASV2_1349_AF2_hypothetical_protein	7el3-assembly1.cif.gz_B Crystal structure of HpaR-DNA complex from Acinetobacter baumannii	0.161	157	108	210	366	3	132	3.878E+00	26
LOKIASV2_1349_AF2_hypothetical_protein	2qww-assembly3.cif.gz_F	LOKIASV2_1349_AF2_hypothetical_protein	2qww-assembly3.cif.gz_F Crystal structure of multiple antibiotic-resistance repressor (MarR) (YP_013417.1) from Listeria monocytogenes 4b F2365 at 2.07 A resolution	0.161	113	90	627	734	26	138	8.362E+00	26
LOKIASV2_1349_AF2_hypothetical_protein	2isz-assembly1.cif.gz_B	LOKIASV2_1349_AF2_hypothetical_protein	2isz-assembly1.cif.gz_B Crystal structure of a two-domain IdeR-DNA complex crystal form I	0.092	115	90	629	728	8	122	8.362E+00	26
LOKIASV2_1349_AF2_hypothetical_protein	5jbr-assembly1.cif.gz_B	LOKIASV2_1349_AF2_hypothetical_protein	5jbr-assembly1.cif.gz_B Crystal structure of uncharacterized protein Bcav_2135 from Beutenbergia cavernae	0.119	129	94	626	733	5	133	5.975E+00	26
LOKIASV2_1349_AF2_hypothetical_protein	4zzl-assembly1.cif.gz_A	LOKIASV2_1349_AF2_hypothetical_protein	4zzl-assembly1.cif.gz_A MexR R21W derepressor mutant causing multidrug resistance in P. aeruginosa by mexAB-oprM efflux pump expression	0.140	110	71	621	730	43	126	6.269E+00	26
LOKIASV2_1349_AF2_hypothetical_protein	3glx-assembly1.cif.gz_A-2	LOKIASV2_1349_AF2_hypothetical_protein	3glx-assembly1.cif.gz_A-2 Crystal Structure Analysis of the DtxR(E175K) complexed with Ni(II)	0.117	112	88	627	727	2	113	6.901E+00	26
LOKIASV2_1349_AF2_hypothetical_protein	1u8r-assembly1.cif.gz_A	LOKIASV2_1349_AF2_hypothetical_protein	1u8r-assembly1.cif.gz_A Crystal Structure of an IdeR-DNA Complex Reveals a Conformational Change in Activated IdeR for Base-specific Interactions	0.088	115	94	627	730	7	121	6.577E+00	26
LOKIASV2_1349_AF2_hypothetical_protein	5vfr-assembly1.cif.gz_X	LOKIASV2_1349_AF2_hypothetical_protein	5vfr-assembly1.cif.gz_X Nucleotide-driven Triple-state Remodeling of the AAA-ATPase Channel in the Activated Human 26S Proteasome	0.101	259	195	81	339	19	236	4.700E+00	26
LOKIASV2_1349_AF2_hypothetical_protein	3jck-assembly1.cif.gz_H	LOKIASV2_1349_AF2_hypothetical_protein	3jck-assembly1.cif.gz_H Structure of the yeast 26S proteasome lid sub-complex	0.115	295	214	73	367	2	244	4.269E+00	26
LOKIASV2_1349_AF2_hypothetical_protein	3j8c-assembly1.cif.gz_E	LOKIASV2_1349_AF2_hypothetical_protein	3j8c-assembly1.cif.gz_E Model of the human eIF3 PCI-MPN octamer docked into the 43S EM map	0.115	277	225	24	278	69	345	4.700E+00	26
LOKIASV2_1349_AF2_hypothetical_protein	5qsr-assembly2.cif.gz_B	LOKIASV2_1349_AF2_hypothetical_protein	5qsr-assembly2.cif.gz_B PanDDA analysis group deposition -- Crystal Structure of human STAG1 in complex with Z136583524	0.116	205	180	35	239	91	295	3.358E+00	26
LOKIASV2_1349_AF2_hypothetical_protein	5a5t-assembly1.cif.gz_C	LOKIASV2_1349_AF2_hypothetical_protein	5a5t-assembly1.cif.gz_C Structure of mammalian eIF3 in the context of the 43S preinitiation complex	0.105	602	456	71	672	33	543	3.350E-01	26
LOKIASV2_1349_AF2_hypothetical_protein	7a09-assembly1.cif.gz_C	LOKIASV2_1349_AF2_hypothetical_protein	7a09-assembly1.cif.gz_C Structure of a human ABCE1-bound 43S pre-initiation complex - State III	0.097	727	563	8	734	2	626	4.919E-01	26
LOKIASV2_1349_AF2_hypothetical_protein	7pua-assembly1.cif.gz_F2	LOKIASV2_1349_AF2_hypothetical_protein	7pua-assembly1.cif.gz_F2 Middle assembly intermediate of the Trypanosoma brucei mitoribosomal small subunit	0.146	184	150	53	236	159	335	8.773E+00	26
LOKIASV2_1349_AF2_hypothetical_protein	2a61-assembly2.cif.gz_D	LOKIASV2_1349_AF2_hypothetical_protein	2a61-assembly2.cif.gz_D The crystal structure of transcriptional regulator Tm0710 from Thermotoga maritima	0.178	110	85	625	734	15	119	9.658E+00	25
LOKIASV2_1349_AF2_hypothetical_protein	5hlh-assembly3.cif.gz_F	LOKIASV2_1349_AF2_hypothetical_protein	5hlh-assembly3.cif.gz_F Crystal structure of the overoxidized AbfR bound to DNA	0.177	114	90	623	732	21	134	6.901E+00	25
LOKIASV2_1349_AF2_hypothetical_protein	1lnw-assembly4.cif.gz_H	LOKIASV2_1349_AF2_hypothetical_protein	1lnw-assembly4.cif.gz_H CRYSTAL STRUCTURE OF THE MEXR REPRESSOR OF THE MEXAB-OPRM MULTIDRUG EFFLUX OPERON OF PSEUDOMONAS AERUGINOSA	0.161	116	88	625	730	24	139	7.970E+00	25
LOKIASV2_1349_AF2_hypothetical_protein	2qww-assembly1.cif.gz_B	LOKIASV2_1349_AF2_hypothetical_protein	2qww-assembly1.cif.gz_B Crystal structure of multiple antibiotic-resistance repressor (MarR) (YP_013417.1) from Listeria monocytogenes 4b F2365 at 2.07 A resolution	0.141	140	119	595	734	4	143	8.773E+00	25
LOKIASV2_1349_AF2_hypothetical_protein	5hli-assembly1.cif.gz_A	LOKIASV2_1349_AF2_hypothetical_protein	5hli-assembly1.cif.gz_A Structure of Disulfide formed AbfR	0.093	174	123	561	734	5	141	5.173E+00	25
LOKIASV2_1349_AF2_hypothetical_protein	3g6b-assembly1.cif.gz_B	LOKIASV2_1349_AF2_hypothetical_protein	3g6b-assembly1.cif.gz_B Crystal structure of a Soluble Chemoreceptor from Thermotoga maritima Asn217Ile mutant	0.118	295	185	621	915	1	211	5.975E+00	25
LOKIASV2_1349_AF2_hypothetical_protein	5t0i-assembly1.cif.gz_X	LOKIASV2_1349_AF2_hypothetical_protein	5t0i-assembly1.cif.gz_X Structural basis for dynamic regulation of the human 26S proteasome	0.085	268	213	71	338	7	240	3.878E+00	25
LOKIASV2_1349_AF2_hypothetical_protein	6fec-assembly1.cif.gz_3	LOKIASV2_1349_AF2_hypothetical_protein	6fec-assembly1.cif.gz_3 Human cap-dependent 48S pre-initiation complex	0.115	331	286	16	339	88	418	1.168E+00	25
LOKIASV2_1349_AF2_hypothetical_protein	6r7f-assembly1.cif.gz_A	LOKIASV2_1349_AF2_hypothetical_protein	6r7f-assembly1.cif.gz_A Structural basis of Cullin-2 RING E3 ligase regulation by the COP9 signalosome	0.106	334	287	26	347	99	432	1.349E+00	25
LOKIASV2_1349_AF2_hypothetical_protein	7qxw-assembly1.cif.gz_W	LOKIASV2_1349_AF2_hypothetical_protein	7qxw-assembly1.cif.gz_W Proteasome-ZFAND5 Complex Z+D state	0.125	329	276	9	337	138	453	8.753E-01	25
LOKIASV2_1349_AF2_hypothetical_protein	5lqw-assembly1.cif.gz_Q	LOKIASV2_1349_AF2_hypothetical_protein	5lqw-assembly1.cif.gz_Q yeast activated spliceosome	0.123	677	467	56	732	46	579	6.562E-01	25
LOKIASV2_1349_AF2_hypothetical_protein	5wyj-assembly1.cif.gz_AE	LOKIASV2_1349_AF2_hypothetical_protein	5wyj-assembly1.cif.gz_AE Cryo-EM structure of the 90S small subunit pre-ribosome (Dhr1-depleted, Enp1-TAP, state 1)	0.133	239	181	29	238	184	422	6.269E+00	25
LOKIASV2_1349_AF2_hypothetical_protein	7sud-assembly1.cif.gz_A	LOKIASV2_1349_AF2_hypothetical_protein	7sud-assembly1.cif.gz_A CryoEM structure of DNA-PK complex VIII	0.120	924	765	50	919	2082	3005	4.919E-01	25
LOKIASV2_1349_AF2_hypothetical_protein	5hlh-assembly4.cif.gz_G	LOKIASV2_1349_AF2_hypothetical_protein	5hlh-assembly4.cif.gz_G Crystal structure of the overoxidized AbfR bound to DNA	0.094	131	104	208	338	15	130	7.240E+00	24
LOKIASV2_1349_AF2_hypothetical_protein	6r7f-assembly1.cif.gz_H	LOKIASV2_1349_AF2_hypothetical_protein	6r7f-assembly1.cif.gz_H Structural basis of Cullin-2 RING E3 ligase regulation by the COP9 signalosome	0.126	151	121	153	291	3	153	2.908E+00	24
LOKIASV2_1349_AF2_hypothetical_protein	1bi1-assembly1.cif.gz_A	LOKIASV2_1349_AF2_hypothetical_protein	1bi1-assembly1.cif.gz_A STRUCTURE OF APO-AND HOLO-DIPHTHERIA TOXIN REPRESSOR	0.116	111	88	627	727	4	114	9.205E+00	24
LOKIASV2_1349_AF2_hypothetical_protein	1u8r-assembly2.cif.gz_J	LOKIASV2_1349_AF2_hypothetical_protein	1u8r-assembly2.cif.gz_J Crystal Structure of an IdeR-DNA Complex Reveals a Conformational Change in Activated IdeR for Base-specific Interactions	0.091	116	92	627	728	7	122	8.362E+00	24
LOKIASV2_1349_AF2_hypothetical_protein	6wjn-assembly1.cif.gz_X	LOKIASV2_1349_AF2_hypothetical_protein	6wjn-assembly1.cif.gz_X SD-like state of human 26S Proteasome with non-cleavable M1-linked hexaubiquitin and E3 ubiquitin ligase E6AP/UBE3A	0.125	368	298	56	423	7	347	1.415E+00	24
LOKIASV2_1349_AF2_hypothetical_protein	5lj5-assembly1.cif.gz_H	LOKIASV2_1349_AF2_hypothetical_protein	5lj5-assembly1.cif.gz_H Overall structure of the yeast spliceosome immediately after branching.	0.129	412	267	34	445	2	308	3.523E+00	24
LOKIASV2_1349_AF2_hypothetical_protein	7qo6-assembly1.cif.gz_R	LOKIASV2_1349_AF2_hypothetical_protein	7qo6-assembly1.cif.gz_R 26S proteasome Rpt1-RK -Ubp6-UbVS complex in the s2 state	0.125	346	270	23	368	80	388	3.697E+00	24
LOKIASV2_1349_AF2_hypothetical_protein	6fyy-assembly1.cif.gz_q	LOKIASV2_1349_AF2_hypothetical_protein	6fyy-assembly1.cif.gz_q Structure of a partial yeast 48S preinitiation complex with eIF5 N-terminal domain (model C2)	0.091	505	446	34	525	101	605	5.961E-01	24
LOKIASV2_1349_AF2_hypothetical_protein	5gkz-assembly1.cif.gz_G	LOKIASV2_1349_AF2_hypothetical_protein	5gkz-assembly1.cif.gz_G Structure of RyR1 in a closed state (C3 conformer)	0.102	1068	791	35	916	2376	3443	4.689E-01	24
LOKIASV2_1349_AF2_hypothetical_protein	1c0w-assembly1.cif.gz_D	LOKIASV2_1349_AF2_hypothetical_protein	1c0w-assembly1.cif.gz_D CRYSTAL STRUCTURE OF THE COBALT-ACTIVATED DIPHTHERIA TOXIN REPRESSOR-DNA COMPLEX REVEALS A METAL BINDING SH-LIKE DOMAIN	0.125	112	88	627	727	6	117	9.658E+00	23
LOKIASV2_1349_AF2_hypothetical_protein	7oqw-assembly1.cif.gz_A-2	LOKIASV2_1349_AF2_hypothetical_protein	7oqw-assembly1.cif.gz_A-2 Ternary complex of 14-3-3 sigma, Amot-p130 phosphopeptide, and WQ178	0.127	215	181	15	222	9	223	6.269E+00	23
LOKIASV2_1349_AF2_hypothetical_protein	7cb8-assembly1.cif.gz_A	LOKIASV2_1349_AF2_hypothetical_protein	7cb8-assembly1.cif.gz_A Structure of a FIC-domain protein from Mycobacterium marinum in complex with CDP	0.125	311	233	54	320	79	389	9.636E-01	23
LOKIASV2_1349_AF2_hypothetical_protein	6gho-assembly1.cif.gz_B	LOKIASV2_1349_AF2_hypothetical_protein	6gho-assembly1.cif.gz_B Crystal structure of Spx in complex with YjbH	0.124	162	139	527	688	112	271	8.773E+00	22
LOKIASV2_1349_AF2_hypothetical_protein	6gsn-assembly1.cif.gz_q	LOKIASV2_1349_AF2_hypothetical_protein	6gsn-assembly1.cif.gz_q Structure of a partial yeast 48S preinitiation complex in closed conformation	0.096	652	476	37	688	133	659	2.771E+00	22
LOKIASV2_1349_AF2_hypothetical_protein	2p4w-assembly1.cif.gz_A	LOKIASV2_1349_AF2_hypothetical_protein	2p4w-assembly1.cif.gz_A Crystal structure of heat shock regulator from Pyrococcus furiosus	0.125	192	153	215	390	5	196	4.931E+00	21
LOKIASV2_1349_AF2_hypothetical_protein	5lhm-assembly1.cif.gz_A	LOKIASV2_1349_AF2_hypothetical_protein	5lhm-assembly1.cif.gz_A Crystal Structure of SafC from Myxococcus xanthus apo-Form	0.087	210	152	129	295	2	211	3.523E+00	21
LOKIASV2_1349_AF2_hypothetical_protein	3qtm-assembly2.cif.gz_B	LOKIASV2_1349_AF2_hypothetical_protein	3qtm-assembly2.cif.gz_B Structure of S. pombe nuclear import adaptor Nro1 (Space group P21)	0.124	242	188	12	227	5	246	6.269E+00	21
LOKIASV2_1349_AF2_hypothetical_protein	6j2n-assembly1.cif.gz_O	LOKIASV2_1349_AF2_hypothetical_protein	6j2n-assembly1.cif.gz_O yeast proteasome in substrate-processing state (C3-b)	0.100	321	286	48	368	63	381	2.771E+00	21
LOKIASV2_1349_AF2_hypothetical_protein	4gpk-assembly2.cif.gz_F	LOKIASV2_1349_AF2_hypothetical_protein	4gpk-assembly2.cif.gz_F Crystal structure of NprR in complex with its cognate peptide NprX	0.102	305	242	5	275	37	341	4.479E+00	20
LOKIASV2_1349_AF2_hypothetical_protein	7zjd-assembly1.cif.gz_A	LOKIASV2_1349_AF2_hypothetical_protein	7zjd-assembly1.cif.gz_A Transient receptor potential cation channel subfamily V member 2,Enhanced green fluorescent protein	0.127	251	203	7	239	298	548	2.078E+00	20
LOKIASV2_1349_AF2_hypothetical_protein	6w2r-assembly1.cif.gz_A	LOKIASV2_1349_AF2_hypothetical_protein	6w2r-assembly1.cif.gz_A Junction 19, DHR54-DHR79	0.092	218	183	24	241	5	206	4.931E+00	19
LOKIASV2_1349_AF2_hypothetical_protein	5log-assembly1.cif.gz_A	LOKIASV2_1349_AF2_hypothetical_protein	5log-assembly1.cif.gz_A Crystal Structure of SafC from Myxococcus xanthus bound to SAM	0.081	208	178	101	295	13	220	5.173E+00	19
LOKIASV2_1349_AF2_hypothetical_protein	8ftr-assembly1.cif.gz_A	LOKIASV2_1349_AF2_hypothetical_protein	8ftr-assembly1.cif.gz_A SgvM methyltransferase with MTA and alpha-ketoleucine	0.090	260	217	469	728	19	258	4.269E+00	19
LOKIASV2_1349_AF2_hypothetical_protein	6onw-assembly1.cif.gz_A	LOKIASV2_1349_AF2_hypothetical_protein	6onw-assembly1.cif.gz_A Crystal structure of Sel1 repeat protein from Oxalobacter formigenes	0.129	281	179	33	239	62	342	4.700E+00	19
LOKIASV2_1349_AF2_hypothetical_protein	2mr3-assembly1.cif.gz_A	LOKIASV2_1349_AF2_hypothetical_protein	2mr3-assembly1.cif.gz_A A subunit of 26S proteasome lid complex	0.120	333	250	10	294	19	351	3.878E+00	19
LOKIASV2_1349_AF2_hypothetical_protein	5mpe-assembly2.cif.gz_R	LOKIASV2_1349_AF2_hypothetical_protein	5mpe-assembly2.cif.gz_R 26S proteasome in presence of ATP (s2)	0.118	373	325	52	424	2	370	3.358E+00	19
LOKIASV2_1349_AF2_hypothetical_protein	6epc-assembly1.cif.gz_R	LOKIASV2_1349_AF2_hypothetical_protein	6epc-assembly1.cif.gz_R Ground state 26S proteasome (GS2)	0.106	314	279	27	339	71	384	7.970E+00	19
LOKIASV2_1349_AF2_hypothetical_protein	2xub-assembly1.cif.gz_A	LOKIASV2_1349_AF2_hypothetical_protein	2xub-assembly1.cif.gz_A Human RPC62 subunit structure	0.087	405	296	571	895	21	425	2.641E+00	19
LOKIASV2_1349_AF2_hypothetical_protein	8h3f-assembly1.cif.gz_H	LOKIASV2_1349_AF2_hypothetical_protein	8h3f-assembly1.cif.gz_H Cryo-EM Structure of the KBTBD2-CRL3-CSN complex	0.155	150	117	153	291	4	153	9.658E+00	18
LOKIASV2_1349_AF2_hypothetical_protein	3g67-assembly1.cif.gz_B	LOKIASV2_1349_AF2_hypothetical_protein	3g67-assembly1.cif.gz_B Crystal Structure of a Soluble Chemoreceptor from Thermotoga maritima	0.111	280	188	621	900	1	212	7.596E+00	18
LOKIASV2_1349_AF2_hypothetical_protein	6epd-assembly1.cif.gz_R	LOKIASV2_1349_AF2_hypothetical_protein	6epd-assembly1.cif.gz_R Substrate processing state 26S proteasome (SPS1)	0.105	370	316	36	389	19	388	5.428E+00	18
LOKIASV2_1349_AF2_hypothetical_protein	6q6g-assembly1.cif.gz_O	LOKIASV2_1349_AF2_hypothetical_protein	6q6g-assembly1.cif.gz_O Cryo-EM structure of the APC/C-Cdc20-Cdk2-cyclinA2-Cks2 complex, the D1 box class	0.091	883	569	36	918	63	689	1.484E+00	18
LOKIASV2_1349_AF2_hypothetical_protein	5j1g-assembly1.cif.gz_A	LOKIASV2_1349_AF2_hypothetical_protein	5j1g-assembly1.cif.gz_A Structure of the spectrin repeats 7 and 8 of the plakin domain of plectin	0.113	233	200	8	240	1	227	3.358E+00	17
LOKIASV2_1349_AF2_hypothetical_protein	7sqc-assembly1.cif.gz_W0	LOKIASV2_1349_AF2_hypothetical_protein	7sqc-assembly1.cif.gz_W0 Ciliary C1 central pair apparatus isolated from Chlamydomonas reinhardtii	0.101	861	529	34	894	223	811	7.224E-01	17
LOKIASV2_1349_AF2_hypothetical_protein	6jx6-assembly1.cif.gz_C	LOKIASV2_1349_AF2_hypothetical_protein	6jx6-assembly1.cif.gz_C Tetrameric form of Smac	0.119	166	125	51	216	2	144	6.577E+00	16
LOKIASV2_1349_AF2_hypothetical_protein	5nj6-assembly1.cif.gz_A	LOKIASV2_1349_AF2_hypothetical_protein	5nj6-assembly1.cif.gz_A Crystal structure of a thermostabilised human protease-activated receptor-2 (PAR2) in ternary complex with Fab3949 and AZ7188 at 4.0 angstrom resolution	0.113	205	168	51	240	102	306	4.269E+00	16
LOKIASV2_1349_AF2_hypothetical_protein	3syv-assembly1.cif.gz_A	LOKIASV2_1349_AF2_hypothetical_protein	3syv-assembly1.cif.gz_A Crystal structure of mPACSIN 3 F-BAR domain mutant	0.088	258	210	9	266	4	234	5.695E+00	15
LOKIASV2_1349_AF2_hypothetical_protein	7l2o-assembly1.cif.gz_C	LOKIASV2_1349_AF2_hypothetical_protein	7l2o-assembly1.cif.gz_C Cryo-EM structure of RTX-bound full-length TRPV1 at pH 5.5	0.125	207	170	33	239	240	434	7.970E+00	15
LOKIASV2_1349_AF2_hypothetical_protein	6qhd-assembly1.cif.gz_B	LOKIASV2_1349_AF2_hypothetical_protein	6qhd-assembly1.cif.gz_B Lysine acetylated and tyrosine phosphorylated STAT3 in a complex with DNA	0.112	183	147	34	216	7	173	3.523E+00	15
LOKIASV2_1349_AF2_hypothetical_protein	5ndz-assembly1.cif.gz_A	LOKIASV2_1349_AF2_hypothetical_protein	5ndz-assembly1.cif.gz_A Crystal structure of a thermostabilised human protease-activated receptor-2 (PAR2) in complex with AZ3451 at 3.6 angstrom resolution	0.100	219	167	55	240	243	461	6.269E+00	15
LOKIASV2_1349_AF2_hypothetical_protein	6bwm-assembly1.cif.gz_A-2	LOKIASV2_1349_AF2_hypothetical_protein	6bwm-assembly1.cif.gz_A-2 Crystal structure of the TRPV2 ion channel	0.088	264	219	10	250	306	569	5.173E+00	15
LOKIASV2_1349_AF2_hypothetical_protein	6bwj-assembly1.cif.gz_B-2	LOKIASV2_1349_AF2_hypothetical_protein	6bwj-assembly1.cif.gz_B-2 Crystal structure of the TRPV2 ion channel in complex with RTx	0.102	248	205	11	239	304	551	6.901E+00	15
LOKIASV2_1349_AF2_hypothetical_protein	8e2i-assembly1.cif.gz_F	LOKIASV2_1349_AF2_hypothetical_protein	8e2i-assembly1.cif.gz_F Cryo-EM structure of BIRC6/Smac	0.115	188	139	51	238	9	166	8.362E+00	14
LOKIASV2_1349_AF2_hypothetical_protein	4hka-assembly1.cif.gz_A	LOKIASV2_1349_AF2_hypothetical_protein	4hka-assembly1.cif.gz_A Crystal structure of Drosophila melanogaster tryptophan 2,3-dioxygenase in complex with HEME	0.145	237	200	5	239	59	295	4.700E+00	14
LOKIASV2_1349_AF2_hypothetical_protein	5ndd-assembly1.cif.gz_A	LOKIASV2_1349_AF2_hypothetical_protein	5ndd-assembly1.cif.gz_A Crystal structure of a thermostabilised human protease-activated receptor-2 (PAR2) in complex with AZ8838 at 2.8 angstrom resolution	0.100	219	167	55	240	254	472	7.240E+00	14
LOKIASV2_1349_AF2_hypothetical_protein	5khr-assembly1.cif.gz_O	LOKIASV2_1349_AF2_hypothetical_protein	5khr-assembly1.cif.gz_O Model of human Anaphase-promoting complex/Cyclosome complex (APC15 deletion mutant) in complex with the E2 UBE2C/UBCH10 poised for ubiquitin ligation to substrate (APC/C-CDC20-substrate-UBE2C)	0.100	816	503	40	855	30	589	3.051E+00	14
LOKIASV2_1349_AF2_hypothetical_protein	6u88-assembly1.cif.gz_B	LOKIASV2_1349_AF2_hypothetical_protein	6u88-assembly1.cif.gz_B CBD-bound full-length rat TRPV2 in nanodiscs, state 2	0.101	251	209	7	239	299	549	8.362E+00	14
LOKIASV2_1349_AF2_hypothetical_protein	5vxj-assembly2.cif.gz_C	LOKIASV2_1349_AF2_hypothetical_protein	5vxj-assembly2.cif.gz_C 2.50 A resolution structure of IpaD from Shigella flexneri in complex with single-domain antibody JMK-E3	0.124	268	215	73	340	2	247	8.362E+00	12
LOKIASV2_1349_AF2_hypothetical_protein	7n0m-assembly1.cif.gz_A	LOKIASV2_1349_AF2_hypothetical_protein	7n0m-assembly1.cif.gz_A Inactivated state of 2-APB-bound wildtype rat TRPV2 in nanodiscs	0.110	296	236	30	295	306	601	5.695E+00	12
LOKIASV2_1349_AF2_hypothetical_protein	8j07-assembly1.cif.gz_3	LOKIASV2_1349_AF2_hypothetical_protein	8j07-assembly1.cif.gz_3 96nm repeat of human respiratory doublet microtubule and associated axonemal complexes	0.122	340	287	1	340	179	506	8.362E+00	9
