LOKIASV2_3082_ESMFold_NAD+_synthase	AF-Q5ALW6-F1-model_v4	AF-Q5ALW6-F1-model_v4 Glutamine-dependent NAD(+) synthetase	1.643E-36	1.000	1169	8	573	575	3	683	714	702	0.984	0.954
LOKIASV2_3082_ESMFold_NAD+_synthase	AF-I1K669-F1-model_v4	AF-I1K669-F1-model_v4 Glutamine-dependent NAD(+) synthetase	7.427E-37	1.000	1164	9	557	575	3	659	731	673	0.955	0.899
LOKIASV2_3082_ESMFold_NAD+_synthase	AF-Q0D8D4-F1-model_v4	AF-Q0D8D4-F1-model_v4 Glutamine-dependent NAD(+) synthetase	1.467E-36	1.000	1161	9	557	575	3	659	735	677	0.955	0.894
LOKIASV2_3082_ESMFold_NAD+_synthase	AF-I1KPN4-F1-model_v4	AF-I1KPN4-F1-model_v4 Glutamine-dependent NAD(+) synthetase	2.310E-36	1.000	1156	9	557	575	3	659	731	673	0.955	0.899
LOKIASV2_3082_ESMFold_NAD+_synthase	AF-Q54ML1-F1-model_v4	AF-Q54ML1-F1-model_v4 Glutamine-dependent NAD(+) synthetase	2.587E-36	1.000	1150	9	557	575	3	658	713	678	0.955	0.920
LOKIASV2_3082_ESMFold_NAD+_synthase	AF-P38795-F1-model_v4	AF-P38795-F1-model_v4 Glutamine-dependent NAD(+) synthetase	5.724E-36	1.000	1149	8	573	575	3	684	714	699	0.984	0.955
LOKIASV2_3082_ESMFold_NAD+_synthase	AF-Q9C723-F1-model_v4	AF-Q9C723-F1-model_v4 Glutamine-dependent NAD(+) synthetase	6.412E-36	1.000	1141	9	557	575	3	659	725	679	0.955	0.906
LOKIASV2_3082_ESMFold_NAD+_synthase	AF-Q9XXK6-F1-model_v4	AF-Q9XXK6-F1-model_v4 Glutamine-dependent NAD(+) synthetase	4.828E-36	1.000	1139	8	557	575	6	665	703	677	0.957	0.939
LOKIASV2_3082_ESMFold_NAD+_synthase	AF-O74940-F1-model_v4	AF-O74940-F1-model_v4 Putative glutamine-dependent NAD(+) synthetase	1.386E-36	1.000	1123	9	557	575	4	661	700	675	0.955	0.940
LOKIASV2_3082_ESMFold_NAD+_synthase	AF-A0A0D2F0B9-F1-model_v4	AF-A0A0D2F0B9-F1-model_v4 Glutamine-dependent NAD(+) synthetase	6.786E-36	1.000	1119	8	570	575	3	689	715	707	0.979	0.961
LOKIASV2_3082_ESMFold_NAD+_synthase	AF-U7Q2E3-F1-model_v4	AF-U7Q2E3-F1-model_v4 Glutamine-dependent NAD(+) synthetase	7.780E-35	1.000	1113	8	557	575	2	661	715	683	0.957	0.923
LOKIASV2_3082_ESMFold_NAD+_synthase	AF-Q812E8-F1-model_v4	AF-Q812E8-F1-model_v4 Glutamine-dependent NAD(+) synthetase	3.722E-35	1.000	1100	9	557	575	4	660	725	677	0.955	0.906
LOKIASV2_3082_ESMFold_NAD+_synthase	AF-Q711T7-F1-model_v4	AF-Q711T7-F1-model_v4 Glutamine-dependent NAD(+) synthetase	4.412E-35	1.000	1100	9	557	575	4	660	725	677	0.955	0.906
LOKIASV2_3082_ESMFold_NAD+_synthase	AF-Q6IA69-F1-model_v4	AF-Q6IA69-F1-model_v4 Glutamine-dependent NAD(+) synthetase	1.452E-34	1.000	1083	9	557	575	4	660	706	675	0.955	0.931
LOKIASV2_3082_ESMFold_NAD+_synthase	AF-A0A0K0DY40-F1-model_v4	AF-A0A0K0DY40-F1-model_v4 Glutamine-dependent NAD(+) synthetase	2.710E-34	1.000	1078	8	557	575	4	660	698	672	0.957	0.941
LOKIASV2_3082_ESMFold_NAD+_synthase	AF-Q9VYA0-F1-model_v4	AF-Q9VYA0-F1-model_v4 Glutamine-dependent NAD(+) synthetase	4.779E-34	1.000	1076	9	573	575	4	679	787	694	0.983	0.859
LOKIASV2_3082_ESMFold_NAD+_synthase	AF-A0A1D6EKN6-F1-model_v4	AF-A0A1D6EKN6-F1-model_v4 Glutamine-dependent NAD(+) synthetase	2.621E-33	1.000	1049	8	557	575	2	688	761	708	0.957	0.903
LOKIASV2_3082_ESMFold_NAD+_synthase	AF-A0A3Q0KRL8-F1-model_v4	AF-A0A3Q0KRL8-F1-model_v4 Glutamine-dependent NAD(+) synthetase	9.662E-33	1.000	1047	1	557	575	1	729	768	744	0.969	0.949
LOKIASV2_3082_ESMFold_NAD+_synthase	AF-C1H120-F1-model_v4	AF-C1H120-F1-model_v4 Glutamine-dependent NAD(+) synthetase	1.146E-32	1.000	971	9	557	575	4	659	705	685	0.955	0.930
LOKIASV2_3082_ESMFold_NAD+_synthase	AF-A0A1C1CJR2-F1-model_v4	AF-A0A1C1CJR2-F1-model_v4 Glutamine-dependent NAD(+) synthetase	1.047E-31	1.000	955	9	554	575	3	650	700	680	0.950	0.926
LOKIASV2_3082_ESMFold_NAD+_synthase	AF-A0A175VWB0-F1-model_v4	AF-A0A175VWB0-F1-model_v4 Glutamine-dependent NAD(+) synthetase	3.859E-31	1.000	949	8	570	575	3	729	758	759	0.979	0.959
LOKIASV2_3082_ESMFold_NAD+_synthase	AF-C0NHY4-F1-model_v4	AF-C0NHY4-F1-model_v4 Glutamine-dependent NAD(+) synthetase	1.071E-30	1.000	925	9	557	575	4	649	720	682	0.955	0.897
LOKIASV2_3082_ESMFold_NAD+_synthase	AF-A0A077YVK4-F1-model_v4	AF-A0A077YVK4-F1-model_v4 Glutamine-dependent NAD(+) synthetase	1.744E-31	1.000	905	10	557	575	1	601	635	629	0.953	0.946
LOKIASV2_3082_ESMFold_NAD+_synthase	AF-A0A0R4IPE7-F1-model_v4	AF-A0A0R4IPE7-F1-model_v4 Glutamine-dependent NAD(+) synthetase	1.506E-30	1.000	878	9	484	575	4	564	564	580	0.828	0.995
LOKIASV2_3082_ESMFold_NAD+_synthase	AF-K0F804-F1-model_v4	AF-K0F804-F1-model_v4 Glutamine-dependent NAD(+) synthetase	1.433E-37	1.000	862	6	554	575	11	653	687	662	0.955	0.936
LOKIASV2_3082_ESMFold_NAD+_synthase	AF-Q8I2P2-F1-model_v4	AF-Q8I2P2-F1-model_v4 Glutamine-dependent NAD(+) synthetase, putative	7.468E-27	1.000	794	9	557	575	4	813	839	821	0.955	0.965
LOKIASV2_3082_ESMFold_NAD+_synthase	AF-P9WJJ3-F1-model_v4	AF-P9WJJ3-F1-model_v4 Glutamine-dependent NAD(+) synthetase	5.536E-35	1.000	784	8	557	575	10	646	679	662	0.957	0.938
LOKIASV2_3082_ESMFold_NAD+_synthase	AF-Q9CBZ6-F1-model_v4	AF-Q9CBZ6-F1-model_v4 Glutamine-dependent NAD(+) synthetase	1.372E-34	1.000	775	6	557	575	8	647	680	664	0.960	0.941
LOKIASV2_3082_ESMFold_NAD+_synthase	AF-Q58747-F1-model_v4	AF-Q58747-F1-model_v4 NH(3)-dependent NAD(+) synthetase	7.003E-20	1.000	707	289	547	575	2	251	259	263	0.450	0.965
LOKIASV2_3082_ESMFold_NAD+_synthase	AF-O25096-F1-model_v4	AF-O25096-F1-model_v4 NH(3)-dependent NAD(+) synthetase	4.983E-20	1.000	706	290	546	575	1	247	260	262	0.447	0.950
LOKIASV2_3082_ESMFold_NAD+_synthase	AF-Q9PPB0-F1-model_v4	AF-Q9PPB0-F1-model_v4 NH(3)-dependent NAD(+) synthetase	1.880E-18	1.000	676	294	546	575	3	237	246	254	0.440	0.955
LOKIASV2_3082_ESMFold_NAD+_synthase	AF-O25452-F1-model_v4	AF-O25452-F1-model_v4 Beta-alanine synthetase homolog	1.416E-18	1.000	575	10	251	575	2	256	292	266	0.421	0.873
LOKIASV2_3082_ESMFold_NAD+_synthase	AF-Q8DQ67-F1-model_v4	AF-Q8DQ67-F1-model_v4 Beta-alanine synthase or beta-ureidopropionase	1.194E-18	1.000	572	8	255	575	2	262	291	274	0.431	0.897
LOKIASV2_3082_ESMFold_NAD+_synthase	AF-A0A5K4EUW6-F1-model_v4	AF-A0A5K4EUW6-F1-model_v4 Glutamine-dependent NAD(+) synthetase	9.086E-21	1.000	569	1	376	575	1	482	482	498	0.654	1.000
LOKIASV2_3082_ESMFold_NAD+_synthase	AF-Q0P9V2-F1-model_v4	AF-Q0P9V2-F1-model_v4 Putative carbon-nitrogen hydrolase	2.497E-18	1.000	546	10	253	575	1	255	290	268	0.424	0.879
LOKIASV2_3082_ESMFold_NAD+_synthase	AF-O59829-F1-model_v4	AF-O59829-F1-model_v4 Probable nitrilase C965.09	9.205E-18	1.000	543	9	292	575	2	272	272	294	0.494	0.996
LOKIASV2_3082_ESMFold_NAD+_synthase	AF-Q9I6J8-F1-model_v4	AF-Q9I6J8-F1-model_v4 N-carbamoylputrescine amidohydrolase	4.023E-17	1.000	535	8	261	575	3	262	292	273	0.442	0.890
LOKIASV2_3082_ESMFold_NAD+_synthase	AF-Q9HV07-F1-model_v4	AF-Q9HV07-F1-model_v4 CN hydrolase domain-containing protein	1.182E-16	1.000	522	10	253	575	2	232	240	249	0.424	0.962
LOKIASV2_3082_ESMFold_NAD+_synthase	AF-Q8VYF5-F1-model_v4	AF-Q8VYF5-F1-model_v4 N-carbamoylputrescine amidase	5.655E-17	1.000	520	1	261	575	1	271	299	284	0.454	0.906
LOKIASV2_3082_ESMFold_NAD+_synthase	AF-Q9HY28-F1-model_v4	AF-Q9HY28-F1-model_v4 CN hydrolase domain-containing protein	1.661E-16	1.000	510	10	253	575	1	229	271	254	0.424	0.845
LOKIASV2_3082_ESMFold_NAD+_synthase	AF-A0A3Q0KHW2-F1-model_v4	AF-A0A3Q0KHW2-F1-model_v4 Glutamine-dependent NAD(+) synthetase	7.262E-16	1.000	505	1	261	575	6	301	351	306	0.454	0.843
LOKIASV2_3082_ESMFold_NAD+_synthase	AF-K0F5N4-F1-model_v4	AF-K0F5N4-F1-model_v4 Putative hydrolase	2.930E-16	1.000	502	1	284	575	8	278	282	290	0.494	0.961
LOKIASV2_3082_ESMFold_NAD+_synthase	AF-Q9VHE4-F1-model_v4	AF-Q9VHE4-F1-model_v4 LD31229p	5.468E-16	1.000	499	4	261	575	2	258	283	275	0.449	0.908
LOKIASV2_3082_ESMFold_NAD+_synthase	AF-Q93XI4-F1-model_v4	AF-Q93XI4-F1-model_v4 N-carbamoylputrescine amidase	4.882E-16	1.000	499	1	261	575	1	272	301	285	0.454	0.904
LOKIASV2_3082_ESMFold_NAD+_synthase	AF-C6TN61-F1-model_v4	AF-C6TN61-F1-model_v4 CN hydrolase domain-containing protein	2.085E-16	1.000	495	8	261	575	5	268	299	280	0.442	0.883
LOKIASV2_3082_ESMFold_NAD+_synthase	AF-I1M4B9-F1-model_v4	AF-I1M4B9-F1-model_v4 CN hydrolase domain-containing protein	2.616E-16	1.000	491	8	261	575	5	268	299	280	0.442	0.883
LOKIASV2_3082_ESMFold_NAD+_synthase	AF-I1LTW8-F1-model_v4	AF-I1LTW8-F1-model_v4 CN hydrolase domain-containing protein	2.930E-16	1.000	490	8	261	575	5	268	299	280	0.442	0.883
LOKIASV2_3082_ESMFold_NAD+_synthase	AF-Q54JM9-F1-model_v4	AF-Q54JM9-F1-model_v4 Nitrilase homolog 2	9.205E-18	1.000	490	6	293	575	49	322	328	304	0.501	0.835
LOKIASV2_3082_ESMFold_NAD+_synthase	AF-Q5F8V6-F1-model_v4	AF-Q5F8V6-F1-model_v4 NH(3)-dependent NAD(+) synthetase	2.446E-14	1.000	484	294	542	575	3	244	263	263	0.433	0.920
LOKIASV2_3082_ESMFold_NAD+_synthase	AF-K0F104-F1-model_v4	AF-K0F104-F1-model_v4 Putative carbon-nitrogen hydrolase	3.891E-16	1.000	480	9	292	575	3	278	278	296	0.494	0.993
LOKIASV2_3082_ESMFold_NAD+_synthase	AF-Q0P9J6-F1-model_v4	AF-Q0P9J6-F1-model_v4 Putative carbon-nitrogen hydrolase family protein	9.111E-16	1.000	478	10	253	575	2	236	258	254	0.424	0.911
LOKIASV2_3082_ESMFold_NAD+_synthase	AF-B6TKZ3-F1-model_v4	AF-B6TKZ3-F1-model_v4 Hydrolase, carbon-nitrogen family	2.768E-16	1.000	477	8	298	575	7	290	300	314	0.506	0.947
LOKIASV2_3082_ESMFold_NAD+_synthase	AF-Q2FWM9-F1-model_v4	AF-Q2FWM9-F1-model_v4 CN hydrolase domain-containing protein	2.677E-15	1.000	476	10	253	575	1	234	261	254	0.424	0.897
LOKIASV2_3082_ESMFold_NAD+_synthase	AF-Q9JHW2-F1-model_v4	AF-Q9JHW2-F1-model_v4 Omega-amidase NIT2	8.609E-16	1.000	474	8	293	575	2	271	276	296	0.497	0.978
LOKIASV2_3082_ESMFold_NAD+_synthase	AF-Q8ZR05-F1-model_v4	AF-Q8ZR05-F1-model_v4 Putative hydrolase	4.461E-15	1.000	469	10	283	575	1	257	262	284	0.477	0.981
LOKIASV2_3082_ESMFold_NAD+_synthase	AF-A0A0H3GJX7-F1-model_v4	AF-A0A0H3GJX7-F1-model_v4 Putative NAD(P)-binding amidase-type enzyme	5.288E-15	1.000	467	10	283	575	1	257	262	284	0.477	0.981
LOKIASV2_3082_ESMFold_NAD+_synthase	AF-I1K8F4-F1-model_v4	AF-I1K8F4-F1-model_v4 CN hydrolase domain-containing protein	3.555E-15	1.000	463	8	261	575	71	323	352	267	0.442	0.719
LOKIASV2_3082_ESMFold_NAD+_synthase	AF-Q8ZRJ8-F1-model_v4	AF-Q8ZRJ8-F1-model_v4 Putative amidohydrolase	2.677E-15	1.000	458	8	284	575	2	255	255	285	0.482	0.996
LOKIASV2_3082_ESMFold_NAD+_synthase	AF-A0A1C1CNR9-F1-model_v4	AF-A0A1C1CNR9-F1-model_v4 Hydrolase	9.325E-15	1.000	457	7	261	575	56	317	347	274	0.443	0.755
LOKIASV2_3082_ESMFold_NAD+_synthase	AF-Q497B0-F1-model_v4	AF-Q497B0-F1-model_v4 Omega-amidase NIT2	2.016E-15	1.000	456	8	293	575	2	271	276	302	0.497	0.978
LOKIASV2_3082_ESMFold_NAD+_synthase	AF-Q10R10-F1-model_v4	AF-Q10R10-F1-model_v4 Hydrolase, carbon-nitrogen family protein, expressed	4.882E-16	1.000	452	8	277	575	26	291	310	288	0.470	0.858
LOKIASV2_3082_ESMFold_NAD+_synthase	AF-Q381U8-F1-model_v4	AF-Q381U8-F1-model_v4 NAD+ synthase, putative	2.184E-14	1.000	451	286	545	575	19	279	294	274	0.452	0.888
LOKIASV2_3082_ESMFold_NAD+_synthase	AF-P47016-F1-model_v4	AF-P47016-F1-model_v4 Deaminated glutathione amidase	3.101E-16	1.000	451	6	292	575	2	307	307	327	0.499	0.997
LOKIASV2_3082_ESMFold_NAD+_synthase	AF-C1H2H3-F1-model_v4	AF-C1H2H3-F1-model_v4 Hydrolase	1.238E-14	1.000	449	9	261	575	8	267	297	272	0.440	0.875
LOKIASV2_3082_ESMFold_NAD+_synthase	AF-O25836-F1-model_v4	AF-O25836-F1-model_v4 Formamidase	6.635E-15	1.000	449	7	286	575	11	274	334	291	0.487	0.790
LOKIASV2_3082_ESMFold_NAD+_synthase	AF-A0A0J9Y2F3-F1-model_v4	AF-A0A0J9Y2F3-F1-model_v4 Bis(5'-adenosyl)-triphosphatase	2.529E-15	1.000	448	8	274	575	22	283	458	282	0.464	0.572
LOKIASV2_3082_ESMFold_NAD+_synthase	AF-Q9CB47-F1-model_v4	AF-Q9CB47-F1-model_v4 Putative hydrolase	4.832E-14	1.000	447	10	253	575	1	246	271	262	0.424	0.908
LOKIASV2_3082_ESMFold_NAD+_synthase	AF-A4I7Y2-F1-model_v4	AF-A4I7Y2-F1-model_v4 NAD+_synthase_-_putative	1.069E-13	1.000	447	286	546	575	18	286	293	282	0.454	0.918
LOKIASV2_3082_ESMFold_NAD+_synthase	AF-C0NHD9-F1-model_v4	AF-C0NHD9-F1-model_v4 Amidohydrolase	5.288E-15	1.000	447	9	271	575	8	271	297	282	0.457	0.889
LOKIASV2_3082_ESMFold_NAD+_synthase	AF-A0A0D2DUH2-F1-model_v4	AF-A0A0D2DUH2-F1-model_v4 Unplaced genomic scaffold supercont1.3, whole genome shotgun sequence	1.311E-14	1.000	446	9	261	575	8	267	293	272	0.440	0.887
LOKIASV2_3082_ESMFold_NAD+_synthase	AF-Q47679-F1-model_v4	AF-Q47679-F1-model_v4 Omega-amidase YafV	9.870E-15	1.000	445	9	261	575	3	237	256	258	0.440	0.918
LOKIASV2_3082_ESMFold_NAD+_synthase	AF-Q9I241-F1-model_v4	AF-Q9I241-F1-model_v4 CN hydrolase domain-containing protein	3.982E-15	1.000	444	9	292	575	3	266	270	298	0.494	0.978
LOKIASV2_3082_ESMFold_NAD+_synthase	AF-Q9NQR4-F1-model_v4	AF-Q9NQR4-F1-model_v4 Omega-amidase NIT2	2.390E-15	1.000	443	9	293	575	3	271	276	301	0.496	0.975
LOKIASV2_3082_ESMFold_NAD+_synthase	AF-Q38FW2-F1-model_v4	AF-Q38FW2-F1-model_v4 Nitrilase, putative	5.288E-15	1.000	442	10	283	575	1	273	273	294	0.477	1.000
LOKIASV2_3082_ESMFold_NAD+_synthase	AF-A0A5K4EGB0-F1-model_v4	AF-A0A5K4EGB0-F1-model_v4 Glutamine-dependent NAD(+) synthetase	1.355E-15	1.000	442	1	313	575	1	384	393	397	0.544	0.977
LOKIASV2_3082_ESMFold_NAD+_synthase	AF-Q557J5-F1-model_v4	AF-Q557J5-F1-model_v4 Deaminated glutathione amidase	2.740E-14	1.000	440	6	261	575	9	271	291	276	0.445	0.904
LOKIASV2_3082_ESMFold_NAD+_synthase	AF-Q4E2D4-F1-model_v4	AF-Q4E2D4-F1-model_v4 Nitrilase, putative	3.359E-15	1.000	439	8	283	575	2	276	276	299	0.480	0.996
LOKIASV2_3082_ESMFold_NAD+_synthase	AF-Q4VBV9-F1-model_v4	AF-Q4VBV9-F1-model_v4 Omega-amidase NIT2	8.811E-15	1.000	439	8	286	575	2	276	277	300	0.485	0.993
LOKIASV2_3082_ESMFold_NAD+_synthase	AF-Q32JN8-F1-model_v4	AF-Q32JN8-F1-model_v4 Putative amidase-type enzyme	1.554E-14	1.000	438	9	261	575	3	237	256	259	0.440	0.918
LOKIASV2_3082_ESMFold_NAD+_synthase	AF-Q59WF0-F1-model_v4	AF-Q59WF0-F1-model_v4 Putative hydrolase	4.997E-15	1.000	438	7	261	575	11	269	301	276	0.443	0.860
LOKIASV2_3082_ESMFold_NAD+_synthase	AF-K0ERM0-F1-model_v4	AF-K0ERM0-F1-model_v4 Nitrilase/cyanide hydratase and apolipoprotein N-acyltransferase	1.080E-15	1.000	434	1	296	575	20	321	332	326	0.515	0.910
LOKIASV2_3082_ESMFold_NAD+_synthase	AF-O25067-F1-model_v4	AF-O25067-F1-model_v4 Aliphatic amidase	1.800E-15	1.000	434	8	278	575	11	273	339	288	0.471	0.776
LOKIASV2_3082_ESMFold_NAD+_synthase	AF-A0A044TJV1-F1-model_v4	AF-A0A044TJV1-F1-model_v4 Bis(5'-adenosyl)-triphosphatase	3.438E-14	1.000	434	4	261	575	18	276	460	275	0.449	0.563
LOKIASV2_3082_ESMFold_NAD+_synthase	AF-P9WJ01-F1-model_v4	AF-P9WJ01-F1-model_v4 Hydrolase Rv0480c	1.554E-14	1.000	433	10	292	575	1	278	280	303	0.492	0.993
LOKIASV2_3082_ESMFold_NAD+_synthase	AF-Q8VDK1-F1-model_v4	AF-Q8VDK1-F1-model_v4 Deaminated glutathione amidase	1.740E-14	1.000	433	1	273	575	34	304	323	289	0.475	0.839
LOKIASV2_3082_ESMFold_NAD+_synthase	AF-A0A0K0E189-F1-model_v4	AF-A0A0K0E189-F1-model_v4 Bis(5'-adenosyl)-triphosphatase	1.311E-14	1.000	433	1	261	575	22	283	462	276	0.454	0.567
LOKIASV2_3082_ESMFold_NAD+_synthase	AF-P49954-F1-model_v4	AF-P49954-F1-model_v4 Omega-amidase NIT3	3.555E-15	1.000	432	9	294	575	10	289	291	301	0.497	0.962
LOKIASV2_3082_ESMFold_NAD+_synthase	AF-O25079-F1-model_v4	AF-O25079-F1-model_v4 CN hydrolase domain-containing protein	2.311E-14	1.000	428	1	289	575	1	286	292	311	0.503	0.979
LOKIASV2_3082_ESMFold_NAD+_synthase	AF-A0A1D6JQB2-F1-model_v4	AF-A0A1D6JQB2-F1-model_v4 Omega-amidase chloroplastic	9.643E-16	1.000	428	8	284	575	73	355	435	307	0.482	0.651
LOKIASV2_3082_ESMFold_NAD+_synthase	AF-A0A0H3GJU8-F1-model_v4	AF-A0A0H3GJU8-F1-model_v4 Carbon-nitrogen hydrolase	1.170E-14	1.000	427	9	284	575	8	260	261	285	0.480	0.969
LOKIASV2_3082_ESMFold_NAD+_synthase	AF-Q10166-F1-model_v4	AF-Q10166-F1-model_v4 Hydrolase C26A3.11	1.387E-14	1.000	427	1	261	575	29	292	322	286	0.454	0.820
LOKIASV2_3082_ESMFold_NAD+_synthase	AF-A0A077ZHR2-F1-model_v4	AF-A0A077ZHR2-F1-model_v4 Hydrolase	7.607E-14	1.000	426	5	261	575	126	384	553	273	0.447	0.468
LOKIASV2_3082_ESMFold_NAD+_synthase	AF-Q8RUF8-F1-model_v4	AF-Q8RUF8-F1-model_v4 Omega-amidase, chloroplastic	1.800E-15	1.000	423	8	289	575	86	368	369	308	0.490	0.767
LOKIASV2_3082_ESMFold_NAD+_synthase	AF-Q86X76-F1-model_v4	AF-Q86X76-F1-model_v4 Deaminated glutathione amidase	8.051E-14	1.000	422	2	271	575	39	305	327	288	0.470	0.817
LOKIASV2_3082_ESMFold_NAD+_synthase	AF-A0A0D2GP59-F1-model_v4	AF-A0A0D2GP59-F1-model_v4 Unplaced genomic scaffold supercont1.2, whole genome shotgun sequence	2.900E-14	1.000	420	10	287	575	2	282	286	301	0.483	0.983
LOKIASV2_3082_ESMFold_NAD+_synthase	AF-Q4CPU6-F1-model_v4	AF-Q4CPU6-F1-model_v4 NAD+ synthase, putative	3.141E-13	1.000	420	286	543	575	19	276	294	273	0.449	0.878
LOKIASV2_3082_ESMFold_NAD+_synthase	AF-A0A2R8QJP7-F1-model_v4	AF-A0A2R8QJP7-F1-model_v4 Nitrilase 1	1.554E-14	1.000	418	2	290	575	28	314	318	306	0.503	0.903
LOKIASV2_3082_ESMFold_NAD+_synthase	AF-I1LFG0-F1-model_v4	AF-I1LFG0-F1-model_v4 CN hydrolase domain-containing protein	4.721E-15	1.000	418	1	285	575	25	313	320	312	0.496	0.903
LOKIASV2_3082_ESMFold_NAD+_synthase	AF-Q94JV5-F1-model_v4	AF-Q94JV5-F1-model_v4 Deaminated glutathione amidase, chloroplastic/cytosolic	4.314E-14	1.000	415	1	284	575	28	305	307	299	0.494	0.906
LOKIASV2_3082_ESMFold_NAD+_synthase	AF-A0A077ZF16-F1-model_v4	AF-A0A077ZF16-F1-model_v4 MttA Hcf106 and CN hydrolase domain containing pr otein	2.999E-15	1.000	415	10	313	575	1	299	313	319	0.529	0.955
LOKIASV2_3082_ESMFold_NAD+_synthase	AF-Q5F6N5-F1-model_v4	AF-Q5F6N5-F1-model_v4 Acyltransferase	2.446E-14	1.000	413	8	275	575	2	267	270	289	0.466	0.985
LOKIASV2_3082_ESMFold_NAD+_synthase	AF-Q4D9K8-F1-model_v4	AF-Q4D9K8-F1-model_v4 Nitrilase, putative	1.387E-14	1.000	413	8	283	575	2	276	276	299	0.480	0.996
LOKIASV2_3082_ESMFold_NAD+_synthase	AF-A4I2F5-F1-model_v4	AF-A4I2F5-F1-model_v4 Nitrilase_-_putative	1.468E-14	1.000	413	8	283	575	3	278	279	301	0.480	0.989
LOKIASV2_3082_ESMFold_NAD+_synthase	AF-Q9HXK0-F1-model_v4	AF-Q9HXK0-F1-model_v4 CN hydrolase domain-containing protein	1.267E-13	1.000	409	9	284	575	9	262	264	286	0.480	0.962
LOKIASV2_3082_ESMFold_NAD+_synthase	AF-Q9HUP3-F1-model_v4	AF-Q9HUP3-F1-model_v4 NH(3)-dependent NAD(+) synthetase	2.712E-12	1.000	407	293	547	575	23	269	275	271	0.443	0.898
LOKIASV2_3082_ESMFold_NAD+_synthase	AF-Q8ZPU5-F1-model_v4	AF-Q8ZPU5-F1-model_v4 NH(3)-dependent NAD(+) synthetase	2.421E-12	1.000	407	291	547	575	17	262	275	274	0.447	0.895
LOKIASV2_3082_ESMFold_NAD+_synthase	AF-P11436-F1-model_v4	AF-P11436-F1-model_v4 Aliphatic amidase	1.740E-14	1.000	407	9	278	575	12	274	346	289	0.470	0.760
LOKIASV2_3082_ESMFold_NAD+_synthase	AF-A0A175VRW9-F1-model_v4	AF-A0A175VRW9-F1-model_v4 Omega-amidase NIT2	1.311E-14	1.000	405	9	292	575	20	313	313	308	0.494	0.939
LOKIASV2_3082_ESMFold_NAD+_synthase	AF-O76464-F1-model_v4	AF-O76464-F1-model_v4 Nitrilase and fragile histidine triad fusion protein NitFhit	5.728E-14	1.000	402	6	280	575	29	295	460	289	0.478	0.580
LOKIASV2_3082_ESMFold_NAD+_synthase	AF-U7PV64-F1-model_v4	AF-U7PV64-F1-model_v4 CN hydrolase domain-containing protein	1.045E-14	1.000	400	9	293	575	20	307	316	308	0.496	0.911
LOKIASV2_3082_ESMFold_NAD+_synthase	AF-O76463-F1-model_v4	AF-O76463-F1-model_v4 Nitrilase and fragile histidine triad fusion protein NitFhit	2.740E-14	1.000	399	1	283	575	6	290	440	302	0.492	0.648
LOKIASV2_3082_ESMFold_NAD+_synthase	AF-Q32G79-F1-model_v4	AF-Q32G79-F1-model_v4 NH(3)-dependent NAD(+) synthetase	2.870E-12	1.000	398	280	547	575	1	262	275	290	0.466	0.953
LOKIASV2_3082_ESMFold_NAD+_synthase	AF-Q2QQ94-F1-model_v4	AF-Q2QQ94-F1-model_v4 Hydrolase, carbon-nitrogen family protein, expressed	5.728E-14	1.000	397	2	284	575	38	323	323	306	0.492	0.885
LOKIASV2_3082_ESMFold_NAD+_synthase	AF-Q8H183-F1-model_v4	AF-Q8H183-F1-model_v4 Beta-ureidopropionase	6.417E-14	1.000	397	8	257	575	88	359	408	288	0.435	0.667
LOKIASV2_3082_ESMFold_NAD+_synthase	AF-B0V1I3-F1-model_v4	AF-B0V1I3-F1-model_v4 Ureidopropionase, beta	6.417E-14	1.000	396	8	257	575	70	343	384	289	0.435	0.714
LOKIASV2_3082_ESMFold_NAD+_synthase	AF-Q4D8M8-F1-model_v4	AF-Q4D8M8-F1-model_v4 NAD+ synthase, putative	3.519E-13	1.000	395	286	543	575	19	276	294	274	0.449	0.878
LOKIASV2_3082_ESMFold_NAD+_synthase	AF-P18843-F1-model_v4	AF-P18843-F1-model_v4 NH(3)-dependent NAD(+) synthetase	4.270E-12	1.000	394	280	547	575	1	262	275	290	0.466	0.953
LOKIASV2_3082_ESMFold_NAD+_synthase	AF-O94660-F1-model_v4	AF-O94660-F1-model_v4 Probable hydrolase nit2	3.519E-13	1.000	391	10	292	575	2	276	276	305	0.492	0.996
LOKIASV2_3082_ESMFold_NAD+_synthase	AF-A0A1D8PTV6-F1-model_v4	AF-A0A1D8PTV6-F1-model_v4 Putative hydrolase	2.235E-13	1.000	391	9	292	575	3	298	299	320	0.494	0.990
LOKIASV2_3082_ESMFold_NAD+_synthase	AF-Q19437-F1-model_v4	AF-Q19437-F1-model_v4 CN hydrolase domain-containing protein	3.325E-13	1.000	391	1	257	575	65	345	387	290	0.447	0.726
LOKIASV2_3082_ESMFold_NAD+_synthase	AF-Q7TQ94-F1-model_v4	AF-Q7TQ94-F1-model_v4 Deaminated glutathione amidase	1.995E-13	1.000	388	3	284	575	41	326	327	304	0.490	0.875
LOKIASV2_3082_ESMFold_NAD+_synthase	AF-Q9UBR1-F1-model_v4	AF-Q9UBR1-F1-model_v4 Beta-ureidopropionase	1.341E-13	1.000	387	8	257	575	70	343	384	289	0.435	0.714
LOKIASV2_3082_ESMFold_NAD+_synthase	AF-Q2G236-F1-model_v4	AF-Q2G236-F1-model_v4 NH(3)-dependent NAD(+) synthetase	8.926E-12	1.000	386	289	547	575	16	261	273	276	0.450	0.901
LOKIASV2_3082_ESMFold_NAD+_synthase	AF-A0A175W3T3-F1-model_v4	AF-A0A175W3T3-F1-model_v4 Putative hydrolase nit2	9.769E-13	1.000	381	25	246	575	2	225	261	238	0.386	0.858
LOKIASV2_3082_ESMFold_NAD+_synthase	AF-K0EX33-F1-model_v4	AF-K0EX33-F1-model_v4 NH(3)-dependent NAD(+) synthetase	1.255E-11	1.000	381	281	548	575	1	263	275	287	0.466	0.956
LOKIASV2_3082_ESMFold_NAD+_synthase	AF-Q9VI04-F1-model_v4	AF-Q9VI04-F1-model_v4 Beta-alanine synthase	4.673E-13	1.000	380	1	253	575	64	340	386	287	0.440	0.718
LOKIASV2_3082_ESMFold_NAD+_synthase	AF-A0A1C1CC95-F1-model_v4	AF-A0A1C1CC95-F1-model_v4 Putative hydrolase nit2	9.230E-13	1.000	379	25	246	575	2	227	272	239	0.386	0.831
LOKIASV2_3082_ESMFold_NAD+_synthase	AF-A0A0N4U5B1-F1-model_v4	AF-A0A0N4U5B1-F1-model_v4 Bis(5'-adenosyl)-triphosphatase	6.791E-14	1.000	379	1	293	575	12	293	461	308	0.510	0.612
LOKIASV2_3082_ESMFold_NAD+_synthase	AF-A0A132Z952-F1-model_v4	AF-A0A132Z952-F1-model_v4 NH(3)-dependent NAD(+) synthetase	2.090E-11	1.000	375	280	547	575	1	262	274	287	0.466	0.956
LOKIASV2_3082_ESMFold_NAD+_synthase	AF-A0A5K4F420-F1-model_v4	AF-A0A5K4F420-F1-model_v4 CN hydrolase domain-containing protein	8.721E-13	1.000	374	10	261	575	2	262	290	280	0.438	0.900
LOKIASV2_3082_ESMFold_NAD+_synthase	AF-Q03248-F1-model_v4	AF-Q03248-F1-model_v4 Beta-ureidopropionase	1.781E-13	1.000	373	8	257	575	70	343	393	292	0.435	0.697
LOKIASV2_3082_ESMFold_NAD+_synthase	AF-P46011-F1-model_v4	AF-P46011-F1-model_v4 Bifunctional nitrilase/nitrile hydratase NIT4	3.325E-13	1.000	372	1	261	575	27	311	355	308	0.454	0.803
LOKIASV2_3082_ESMFold_NAD+_synthase	AF-A0A0H3GVX9-F1-model_v4	AF-A0A0H3GVX9-F1-model_v4 NH(3)-dependent NAD(+) synthetase	1.763E-11	1.000	369	291	547	575	1	262	275	289	0.447	0.953
LOKIASV2_3082_ESMFold_NAD+_synthase	AF-A0A0D2DPB1-F1-model_v4	AF-A0A0D2DPB1-F1-model_v4 Unplaced genomic scaffold supercont1.4, whole genome shotgun sequence	9.325E-15	1.000	369	1	292	575	10	363	370	368	0.508	0.957
LOKIASV2_3082_ESMFold_NAD+_synthase	AF-A0A1D6IV77-F1-model_v4	AF-A0A1D6IV77-F1-model_v4 Nitrilase-like protein 2	1.034E-12	1.000	367	1	253	575	31	291	323	278	0.440	0.808
LOKIASV2_3082_ESMFold_NAD+_synthase	AF-Q964D8-F1-model_v4	AF-Q964D8-F1-model_v4 Beta-ureidopropionase	1.885E-13	1.000	367	8	253	575	73	342	391	287	0.428	0.691
LOKIASV2_3082_ESMFold_NAD+_synthase	AF-A0A0D2FF83-F1-model_v4	AF-A0A0D2FF83-F1-model_v4 Unplaced genomic scaffold supercont1.1, whole genome shotgun sequence	2.235E-13	1.000	366	1	292	575	1	311	326	341	0.508	0.954
LOKIASV2_3082_ESMFold_NAD+_synthase	AF-Q9HVU6-F1-model_v4	AF-Q9HVU6-F1-model_v4 CN hydrolase domain-containing protein	2.342E-11	1.000	364	10	253	575	1	247	282	258	0.424	0.876
LOKIASV2_3082_ESMFold_NAD+_synthase	AF-A0A0D2GR74-F1-model_v4	AF-A0A0D2GR74-F1-model_v4 Unplaced genomic scaffold supercont1.3, whole genome shotgun sequence	6.205E-13	1.000	363	1	285	575	1	328	329	344	0.496	0.997
LOKIASV2_3082_ESMFold_NAD+_synthase	AF-U7PTK1-F1-model_v4	AF-U7PTK1-F1-model_v4 CN hydrolase domain-containing protein	1.198E-13	1.000	363	8	292	575	3	346	352	357	0.496	0.977
LOKIASV2_3082_ESMFold_NAD+_synthase	AF-A0A0K0ELT3-F1-model_v4	AF-A0A0K0ELT3-F1-model_v4 CN hydrolase domain-containing protein	2.504E-13	1.000	361	8	283	575	80	392	394	326	0.480	0.794
LOKIASV2_3082_ESMFold_NAD+_synthase	AF-A0A0R0HW00-F1-model_v4	AF-A0A0R0HW00-F1-model_v4 CN hydrolase domain-containing protein	5.234E-13	1.000	359	1	261	575	21	305	350	307	0.454	0.814
LOKIASV2_3082_ESMFold_NAD+_synthase	AF-P65509-F1-model_v4	AF-P65509-F1-model_v4 NH(3)-dependent NAD(+) synthetase	8.156E-11	1.000	358	282	547	575	1	262	274	286	0.463	0.956
LOKIASV2_3082_ESMFold_NAD+_synthase	AF-U7PZH0-F1-model_v4	AF-U7PZH0-F1-model_v4 CN hydrolase domain-containing protein	1.094E-12	1.000	358	10	283	575	2	319	319	335	0.477	0.997
LOKIASV2_3082_ESMFold_NAD+_synthase	AF-A0A5K4EKD8-F1-model_v4	AF-A0A5K4EKD8-F1-model_v4 Nitrilase-related	1.781E-13	1.000	356	1	294	575	13	324	489	337	0.511	0.638
LOKIASV2_3082_ESMFold_NAD+_synthase	AF-U7PKI8-F1-model_v4	AF-U7PKI8-F1-model_v4 Uncharacterized protein	1.069E-13	1.000	355	3	257	575	446	768	791	331	0.443	0.408
LOKIASV2_3082_ESMFold_NAD+_synthase	AF-A0A0D2E4V3-F1-model_v4	AF-A0A0D2E4V3-F1-model_v4 Unplaced genomic scaffold supercont1.1, whole genome shotgun sequence	1.930E-12	1.000	352	1	257	575	1	281	332	296	0.447	0.846
LOKIASV2_3082_ESMFold_NAD+_synthase	AF-P32962-F1-model_v4	AF-P32962-F1-model_v4 Nitrilase 2	1.538E-12	1.000	347	1	255	575	9	287	339	299	0.443	0.823
LOKIASV2_3082_ESMFold_NAD+_synthase	AF-K0EV11-F1-model_v4	AF-K0EV11-F1-model_v4 Hydrolase, carbon-nitrogen family protein	1.094E-12	1.000	346	10	284	575	1	296	308	322	0.478	0.961
LOKIASV2_3082_ESMFold_NAD+_synthase	AF-A0A3Q0KK90-F1-model_v4	AF-A0A3Q0KK90-F1-model_v4 Nitrilase-related	4.172E-13	1.000	346	6	271	575	25	312	387	307	0.463	0.744
LOKIASV2_3082_ESMFold_NAD+_synthase	AF-Q8VC97-F1-model_v4	AF-Q8VC97-F1-model_v4 Beta-ureidopropionase	7.188E-14	1.000	346	8	284	575	70	385	393	338	0.482	0.804
LOKIASV2_3082_ESMFold_NAD+_synthase	AF-C6T972-F1-model_v4	AF-C6T972-F1-model_v4 CN hydrolase domain-containing protein	7.607E-14	1.000	345	9	283	575	29	339	350	338	0.478	0.889
LOKIASV2_3082_ESMFold_NAD+_synthase	AF-B4FSZ8-F1-model_v4	AF-B4FSZ8-F1-model_v4 Beta alanine synthase1	1.341E-13	1.000	344	8	289	575	95	412	414	339	0.490	0.768
LOKIASV2_3082_ESMFold_NAD+_synthase	AF-P46010-F1-model_v4	AF-P46010-F1-model_v4 Nitrilase 3	3.724E-13	1.000	342	1	292	575	14	320	346	339	0.508	0.887
LOKIASV2_3082_ESMFold_NAD+_synthase	AF-I1KL55-F1-model_v4	AF-I1KL55-F1-model_v4 CN hydrolase domain-containing protein	1.132E-13	1.000	342	8	291	575	88	408	408	341	0.494	0.787
LOKIASV2_3082_ESMFold_NAD+_synthase	AF-A0A0D2GJ92-F1-model_v4	AF-A0A0D2GJ92-F1-model_v4 Unplaced genomic scaffold supercont1.5, whole genome shotgun sequence	1.010E-13	1.000	341	9	292	575	5	340	385	360	0.494	0.873
LOKIASV2_3082_ESMFold_NAD+_synthase	AF-O60178-F1-model_v4	AF-O60178-F1-model_v4 Protein N-terminal amidase	3.519E-13	1.000	338	10	253	575	1	281	286	294	0.424	0.983
LOKIASV2_3082_ESMFold_NAD+_synthase	AF-A0A1C1CBC4-F1-model_v4	AF-A0A1C1CBC4-F1-model_v4 N-carbamoyl-D-amino acid hydrolase	5.114E-14	1.000	338	1	292	575	10	365	372	369	0.508	0.957
LOKIASV2_3082_ESMFold_NAD+_synthase	AF-Q6H851-F1-model_v4	AF-Q6H851-F1-model_v4 Os02g0635000 protein	1.132E-13	1.000	336	1	286	575	19	346	357	352	0.497	0.919
LOKIASV2_3082_ESMFold_NAD+_synthase	AF-C1GYG0-F1-model_v4	AF-C1GYG0-F1-model_v4 Hydrolase	4.519E-12	1.000	335	25	295	575	2	258	263	289	0.471	0.977
LOKIASV2_3082_ESMFold_NAD+_synthase	AF-O26015-F1-model_v4	AF-O26015-F1-model_v4 CN hydrolase domain-containing protein	3.901E-11	1.000	334	10	283	575	1	265	265	296	0.477	1.000
LOKIASV2_3082_ESMFold_NAD+_synthase	AF-A0A175VVK9-F1-model_v4	AF-A0A175VVK9-F1-model_v4 Protein N-terminal amidase	2.042E-12	1.000	334	10	253	575	1	274	708	293	0.424	0.387
LOKIASV2_3082_ESMFold_NAD+_synthase	AF-P32961-F1-model_v4	AF-P32961-F1-model_v4 Nitrilase 1	3.724E-13	1.000	333	1	284	575	14	323	346	335	0.494	0.896
LOKIASV2_3082_ESMFold_NAD+_synthase	AF-Q23384-F1-model_v4	AF-Q23384-F1-model_v4 CN hydrolase domain-containing protein	9.230E-13	1.000	332	10	315	575	2	290	305	344	0.532	0.948
LOKIASV2_3082_ESMFold_NAD+_synthase	AF-A0A1C1CYR1-F1-model_v4	AF-A0A1C1CYR1-F1-model_v4 Nitrilase	4.415E-13	1.000	332	9	284	575	5	341	376	354	0.480	0.896
LOKIASV2_3082_ESMFold_NAD+_synthase	AF-Q8H530-F1-model_v4	AF-Q8H530-F1-model_v4 Os07g0485100 protein	3.724E-13	1.000	331	8	291	575	94	413	413	341	0.494	0.775
LOKIASV2_3082_ESMFold_NAD+_synthase	AF-U7PLF4-F1-model_v4	AF-U7PLF4-F1-model_v4 CN hydrolase domain-containing protein	1.885E-13	1.000	331	10	283	575	1	308	676	323	0.477	0.456
LOKIASV2_3082_ESMFold_NAD+_synthase	AF-A0A1C1CRA2-F1-model_v4	AF-A0A1C1CRA2-F1-model_v4 Carbon-nitrogen family hydrolase	6.722E-12	1.000	326	1	285	575	1	331	332	347	0.496	0.997
LOKIASV2_3082_ESMFold_NAD+_synthase	AF-C1H5H4-F1-model_v4	AF-C1H5H4-F1-model_v4 Aliphatic nitrilase	5.540E-13	1.000	325	9	292	575	5	324	356	344	0.494	0.899
LOKIASV2_3082_ESMFold_NAD+_synthase	AF-A0A175W2I0-F1-model_v4	AF-A0A175W2I0-F1-model_v4 Arylacetonitrilase	1.058E-11	1.000	322	9	255	575	4	287	343	298	0.430	0.828
LOKIASV2_3082_ESMFold_NAD+_synthase	AF-A0A1C1CN85-F1-model_v4	AF-A0A1C1CN85-F1-model_v4 Aliphatic nitrilase	1.120E-11	1.000	322	8	257	575	9	285	346	290	0.435	0.801
LOKIASV2_3082_ESMFold_NAD+_synthase	AF-Q6H849-F1-model_v4	AF-Q6H849-F1-model_v4 Bifunctional nitrilase/nitrile hydratase NIT4	3.325E-13	1.000	320	1	290	575	18	351	362	366	0.504	0.923
LOKIASV2_3082_ESMFold_NAD+_synthase	AF-A0A077Z1G7-F1-model_v4	AF-A0A077Z1G7-F1-model_v4 CN hydrolase domain containing protein	1.574E-11	1.000	318	9	256	575	2	283	337	301	0.431	0.837
LOKIASV2_3082_ESMFold_NAD+_synthase	AF-Q32IV4-F1-model_v4	AF-Q32IV4-F1-model_v4 Putative amidase	7.042E-10	1.000	317	12	222	575	3	207	210	220	0.367	0.976
LOKIASV2_3082_ESMFold_NAD+_synthase	AF-A0A1D6PJ22-F1-model_v4	AF-A0A1D6PJ22-F1-model_v4 Omega-amidase chloroplastic	4.034E-12	1.000	313	8	261	575	79	397	426	340	0.442	0.749
LOKIASV2_3082_ESMFold_NAD+_synthase	AF-A0A0D2HA79-F1-model_v4	AF-A0A0D2HA79-F1-model_v4 Unplaced genomic scaffold supercont1.3, whole genome shotgun sequence	1.405E-11	1.000	311	8	294	575	4	315	351	334	0.499	0.889
LOKIASV2_3082_ESMFold_NAD+_synthase	AF-A0A1D6HE88-F1-model_v4	AF-A0A1D6HE88-F1-model_v4 Nitrilase1	1.185E-11	1.000	310	1	261	575	19	353	399	357	0.454	0.840
LOKIASV2_3082_ESMFold_NAD+_synthase	AF-U7Q0G6-F1-model_v4	AF-U7Q0G6-F1-model_v4 CN hydrolase domain-containing protein	3.109E-11	1.000	307	9	261	575	4	293	329	314	0.440	0.881
LOKIASV2_3082_ESMFold_NAD+_synthase	AF-B4FQE2-F1-model_v4	AF-B4FQE2-F1-model_v4 Nitrilase2	1.628E-12	1.000	305	9	292	575	29	350	361	346	0.494	0.892
LOKIASV2_3082_ESMFold_NAD+_synthase	AF-Q8ZNX0-F1-model_v4	AF-Q8ZNX0-F1-model_v4 Putative amidohydrolase	6.142E-11	1.000	303	9	265	575	3	212	218	266	0.447	0.963
LOKIASV2_3082_ESMFold_NAD+_synthase	AF-P0DP64-F1-model_v4	AF-P0DP64-F1-model_v4 Putative protein YbeM	4.578E-09	1.000	300	84	251	575	1	157	187	169	0.292	0.840
LOKIASV2_3082_ESMFold_NAD+_synthase	AF-Q32HB9-F1-model_v4	AF-Q32HB9-F1-model_v4 CN hydrolase domain-containing protein	9.136E-11	1.000	295	9	265	575	3	212	218	271	0.447	0.963
LOKIASV2_3082_ESMFold_NAD+_synthase	AF-O87576-F1-model_v4	AF-O87576-F1-model_v4 Apolipoprotein N-acyltransferase	1.284E-10	1.000	290	9	256	575	221	474	512	289	0.431	0.496
LOKIASV2_3082_ESMFold_NAD+_synthase	AF-A0A1D8PGW9-F1-model_v4	AF-A0A1D8PGW9-F1-model_v4 Amidase	1.058E-11	1.000	287	9	256	575	2	372	374	382	0.431	0.992
LOKIASV2_3082_ESMFold_NAD+_synthase	AF-P76280-F1-model_v4	AF-P76280-F1-model_v4 Uncharacterized protein YobB	1.522E-10	1.000	286	9	265	575	3	212	218	273	0.447	0.963
LOKIASV2_3082_ESMFold_NAD+_synthase	AF-K7N5E3-F1-model_v4	AF-K7N5E3-F1-model_v4 CN hydrolase domain-containing protein	2.264E-10	1.000	282	20	289	575	1	284	287	309	0.470	0.990
LOKIASV2_3082_ESMFold_NAD+_synthase	AF-Q9W430-F1-model_v4	AF-Q9W430-F1-model_v4 Biotinidase	1.574E-11	1.000	277	2	283	575	13	306	553	320	0.490	0.532
LOKIASV2_3082_ESMFold_NAD+_synthase	AF-A0A5K4EJK4-F1-model_v4	AF-A0A5K4EJK4-F1-model_v4 Nitrilase-related	5.303E-10	1.000	273	9	271	575	28	300	375	296	0.457	0.728
LOKIASV2_3082_ESMFold_NAD+_synthase	AF-Q32IR5-F1-model_v4	AF-Q32IR5-F1-model_v4 Apolipoprotein N-acyltransferase	1.487E-11	1.000	269	6	309	575	218	511	512	342	0.529	0.574
LOKIASV2_3082_ESMFold_NAD+_synthase	AF-C1H1J5-F1-model_v4	AF-C1H1J5-F1-model_v4 Hydrolase	6.287E-10	1.000	267	8	222	575	3	249	488	267	0.374	0.506
LOKIASV2_3082_ESMFold_NAD+_synthase	AF-P44626-F1-model_v4	AF-P44626-F1-model_v4 Apolipoprotein N-acyltransferase	2.536E-10	1.000	264	8	256	575	229	481	522	285	0.433	0.485
LOKIASV2_3082_ESMFold_NAD+_synthase	AF-X8F2S0-F1-model_v4	AF-X8F2S0-F1-model_v4 Carbon-nitrogen hydrolase family protein	5.249E-08	1.000	263	1	152	575	3	152	248	156	0.264	0.605
LOKIASV2_3082_ESMFold_NAD+_synthase	AF-A0A175VSE2-F1-model_v4	AF-A0A175VSE2-F1-model_v4 Nitrilase	1.522E-10	1.000	263	9	240	575	2	275	287	296	0.403	0.955
LOKIASV2_3082_ESMFold_NAD+_synthase	AF-Q9ZI86-F1-model_v4	AF-Q9ZI86-F1-model_v4 Apolipoprotein N-acyltransferase	1.083E-10	1.000	260	9	313	575	224	506	511	329	0.530	0.554
LOKIASV2_3082_ESMFold_NAD+_synthase	AF-A0A0D2H9X1-F1-model_v4	AF-A0A0D2H9X1-F1-model_v4 Unplaced genomic scaffold supercont1.3, whole genome shotgun sequence	3.565E-10	1.000	256	8	257	575	3	376	412	394	0.435	0.908
LOKIASV2_3082_ESMFold_NAD+_synthase	AF-C0NHF8-F1-model_v4	AF-C0NHF8-F1-model_v4 Hydrolase	1.109E-09	1.000	252	8	218	575	3	245	498	265	0.367	0.488
LOKIASV2_3082_ESMFold_NAD+_synthase	AF-A0A0H3GJZ9-F1-model_v4	AF-A0A0H3GJZ9-F1-model_v4 Apolipoprotein N-acyltransferase	1.705E-10	1.000	251	9	309	575	221	511	512	342	0.523	0.568
LOKIASV2_3082_ESMFold_NAD+_synthase	AF-A0A1C1CNK6-F1-model_v4	AF-A0A1C1CNK6-F1-model_v4 Nitrilase	3.183E-10	1.000	237	8	292	575	3	421	433	451	0.496	0.968
LOKIASV2_3082_ESMFold_NAD+_synthase	AF-A0A5K4F779-F1-model_v4	AF-A0A5K4F779-F1-model_v4 CN hydrolase domain-containing protein	1.271E-08	1.000	235	76	251	575	3	190	227	199	0.306	0.828
LOKIASV2_3082_ESMFold_NAD+_synthase	AF-U7Q4H9-F1-model_v4	AF-U7Q4H9-F1-model_v4 CN hydrolase domain-containing protein	5.413E-14	1.000	235	9	484	575	4	592	605	640	0.828	0.974
LOKIASV2_3082_ESMFold_NAD+_synthase	AF-U7PJN4-F1-model_v4	AF-U7PJN4-F1-model_v4 CN hydrolase domain-containing protein	1.507E-08	1.000	224	9	220	575	3	258	559	276	0.369	0.458
LOKIASV2_3082_ESMFold_NAD+_synthase	AF-A0A3Q0KKA9-F1-model_v4	AF-A0A3Q0KKA9-F1-model_v4 Nitrilase-related	1.935E-07	1.000	208	76	244	575	11	195	302	197	0.294	0.613
LOKIASV2_3082_ESMFold_NAD+_synthase	AF-X8F2T0-F1-model_v4	AF-X8F2T0-F1-model_v4 NAD synthase family protein	7.728E-06	1.000	198	273	425	575	70	220	437	160	0.266	0.346
LOKIASV2_3082_ESMFold_NAD+_synthase	AF-Q9HZB5-F1-model_v4	AF-Q9HZB5-F1-model_v4 CN hydrolase domain-containing protein	6.586E-08	1.000	197	10	255	575	47	369	372	335	0.428	0.868
LOKIASV2_3082_ESMFold_NAD+_synthase	AF-A0A077Z2H3-F1-model_v4	AF-A0A077Z2H3-F1-model_v4 Omega amidase NIT2	1.768E-06	1.000	179	10	198	575	5	193	230	206	0.329	0.822
LOKIASV2_3082_ESMFold_NAD+_synthase	AF-P40447-F1-model_v4	AF-P40447-F1-model_v4 Putative nitrilase-like protein NIT1	3.696E-06	1.000	173	14	186	575	8	193	199	200	0.301	0.935
LOKIASV2_3082_ESMFold_NAD+_synthase	AF-Q58531-F1-model_v4	AF-Q58531-F1-model_v4 GMP synthase [glutamine-hydrolyzing] subunit B	7.302E-06	1.000	165	290	509	575	1	212	310	239	0.383	0.684
LOKIASV2_3082_ESMFold_NAD+_synthase	AF-Q9P772-F1-model_v4	AF-Q9P772-F1-model_v4 GMP synthase [glutamine-hydrolyzing]	2.916E-04	1.000	140	294	490	575	218	419	539	219	0.343	0.375
LOKIASV2_3082_ESMFold_NAD+_synthase	AF-C1HDF6-F1-model_v4	AF-C1HDF6-F1-model_v4 GMP synthase [glutamine-hydrolyzing]	1.245E-04	1.000	137	292	490	575	212	424	543	230	0.346	0.392
LOKIASV2_3082_ESMFold_NAD+_synthase	AF-U7PMI9-F1-model_v4	AF-U7PMI9-F1-model_v4 GMP synthase [glutamine-hydrolyzing]	1.750E-04	1.000	132	292	486	575	228	415	538	212	0.339	0.349
LOKIASV2_3082_ESMFold_NAD+_synthase	AF-X8FIU4-F1-model_v4	AF-X8FIU4-F1-model_v4 GMP synthase	6.672E-05	1.000	130	266	489	575	10	223	252	248	0.390	0.849
LOKIASV2_3082_ESMFold_NAD+_synthase	AF-P46810-F1-model_v4	AF-P46810-F1-model_v4 GMP synthase [glutamine-hydrolyzing]	1.123E-06	1.000	129	172	490	575	51	409	529	393	0.555	0.679
LOKIASV2_3082_ESMFold_NAD+_synthase	AF-Q58240-F1-model_v4	AF-Q58240-F1-model_v4 Uncharacterized protein MJ0830	5.317E-05	1.000	128	294	560	575	3	252	252	306	0.464	0.992
LOKIASV2_3082_ESMFold_NAD+_synthase	AF-A0A0K0DVZ7-F1-model_v4	AF-A0A0K0DVZ7-F1-model_v4 Cytoplasmic tRNA 2-thiolation protein 1	6.304E-05	1.000	128	294	543	575	23	262	356	283	0.435	0.674
LOKIASV2_3082_ESMFold_NAD+_synthase	AF-A0A3P7E215-F1-model_v4	AF-A0A3P7E215-F1-model_v4 Bis(5'-adenosyl)-triphosphatase	2.985E-03	1.000	125	157	251	575	3	93	284	97	0.165	0.320
LOKIASV2_3082_ESMFold_NAD+_synthase	AF-P76055-F1-model_v4	AF-P76055-F1-model_v4 tRNA-cytidine(32) 2-sulfurtransferase	1.363E-05	1.000	120	279	545	575	4	248	311	293	0.464	0.788
LOKIASV2_3082_ESMFold_NAD+_synthase	AF-A0A077ZDB1-F1-model_v4	AF-A0A077ZDB1-F1-model_v4 Glutamine amidotransferase	1.026E-05	1.000	120	171	490	575	40	396	515	388	0.557	0.693
LOKIASV2_3082_ESMFold_NAD+_synthase	AF-Q32GI6-F1-model_v4	AF-Q32GI6-F1-model_v4 tRNA-cytidine(32) 2-sulfurtransferase	2.027E-05	1.000	119	279	545	575	4	248	311	293	0.464	0.788
LOKIASV2_3082_ESMFold_NAD+_synthase	AF-Q58873-F1-model_v4	AF-Q58873-F1-model_v4 tRNA-5-methyluridine(54) 2-sulfurtransferase	1.395E-04	1.000	117	294	543	575	27	262	303	274	0.435	0.779
LOKIASV2_3082_ESMFold_NAD+_synthase	AF-A0A0H3GS31-F1-model_v4	AF-A0A0H3GS31-F1-model_v4 tRNA-cytidine(32) 2-sulfurtransferase	2.145E-05	1.000	117	279	545	575	4	248	311	290	0.464	0.788
LOKIASV2_3082_ESMFold_NAD+_synthase	AF-C1GP36-F1-model_v4	AF-C1GP36-F1-model_v4 Cytoplasmic tRNA 2-thiolation protein 1	7.909E-05	1.000	116	294	545	575	27	273	404	288	0.438	0.611
LOKIASV2_3082_ESMFold_NAD+_synthase	AF-A0A133CL60-F1-model_v4	AF-A0A133CL60-F1-model_v4 GMP synthase [glutamine-hydrolyzing]	8.656E-06	1.000	115	171	510	575	46	431	521	425	0.591	0.741
LOKIASV2_3082_ESMFold_NAD+_synthase	AF-Q57184-F1-model_v4	AF-Q57184-F1-model_v4 tRNA-cytidine(32) 2-sulfurtransferase	4.485E-05	1.000	114	285	521	575	9	241	313	262	0.412	0.744
LOKIASV2_3082_ESMFold_NAD+_synthase	AF-P53088-F1-model_v4	AF-P53088-F1-model_v4 Cytoplasmic tRNA 2-thiolation protein 1	6.452E-04	1.000	114	294	470	575	43	241	359	213	0.308	0.554
LOKIASV2_3082_ESMFold_NAD+_synthase	AF-G4VJ82-F1-model_v4	AF-G4VJ82-F1-model_v4 Cytoplasmic tRNA 2-thiolation protein 2	1.318E-04	1.000	112	294	543	575	45	298	375	293	0.435	0.677
LOKIASV2_3082_ESMFold_NAD+_synthase	AF-K0EQ68-F1-model_v4	AF-K0EQ68-F1-model_v4 GMP synthase [glutamine-hydrolyzing]	3.118E-06	1.000	112	171	490	575	43	407	527	411	0.557	0.693
LOKIASV2_3082_ESMFold_NAD+_synthase	AF-P49915-F1-model_v4	AF-P49915-F1-model_v4 GMP synthase [glutamine-hydrolyzing]	1.710E-05	1.000	112	171	490	575	61	441	693	416	0.557	0.550
LOKIASV2_3082_ESMFold_NAD+_synthase	AF-A0A175VVY3-F1-model_v4	AF-A0A175VVY3-F1-model_v4 Cytoplasmic tRNA 2-thiolation protein 1	1.852E-04	1.000	111	294	545	575	27	269	402	288	0.438	0.604
LOKIASV2_3082_ESMFold_NAD+_synthase	AF-U7PW34-F1-model_v4	AF-U7PW34-F1-model_v4 Cytoplasmic tRNA 2-thiolation protein 1	3.872E-04	1.000	111	294	545	575	27	275	445	288	0.438	0.560
LOKIASV2_3082_ESMFold_NAD+_synthase	AF-Q8ZP88-F1-model_v4	AF-Q8ZP88-F1-model_v4 tRNA-cytidine(32) 2-sulfurtransferase	5.956E-05	1.000	110	279	545	575	4	248	311	290	0.464	0.788
LOKIASV2_3082_ESMFold_NAD+_synthase	AF-Q5F7G4-F1-model_v4	AF-Q5F7G4-F1-model_v4 tRNA-specific 2-thiouridylase MnmA	1.138E-03	1.000	110	311	501	575	3	216	367	236	0.332	0.583
LOKIASV2_3082_ESMFold_NAD+_synthase	AF-Q2G0Y6-F1-model_v4	AF-Q2G0Y6-F1-model_v4 GMP synthase [glutamine-hydrolyzing]	3.696E-06	1.000	110	172	511	575	44	424	513	426	0.591	0.743
LOKIASV2_3082_ESMFold_NAD+_synthase	AF-K0EKH0-F1-model_v4	AF-K0EKH0-F1-model_v4 ATP-sulfurylase small subunit	7.649E-04	1.000	109	279	436	575	4	153	316	167	0.275	0.475
LOKIASV2_3082_ESMFold_NAD+_synthase	AF-C0NSV1-F1-model_v4	AF-C0NSV1-F1-model_v4 Cytoplasmic tRNA 2-thiolation protein 1	1.050E-04	1.000	109	294	562	575	27	290	420	309	0.468	0.629
LOKIASV2_3082_ESMFold_NAD+_synthase	AF-P9WMS7-F1-model_v4	AF-P9WMS7-F1-model_v4 GMP synthase [glutamine-hydrolyzing]	2.784E-06	1.000	108	172	554	575	51	511	525	504	0.666	0.878
LOKIASV2_3082_ESMFold_NAD+_synthase	AF-Q57V01-F1-model_v4	AF-Q57V01-F1-model_v4 Glutamine amidotransferase	1.026E-05	1.000	108	153	490	575	56	424	658	422	0.588	0.561
LOKIASV2_3082_ESMFold_NAD+_synthase	AF-B8JLW8-F1-model_v4	AF-B8JLW8-F1-model_v4 Glutamine amidotransferase	4.638E-06	1.000	108	171	545	575	60	503	692	491	0.652	0.642
LOKIASV2_3082_ESMFold_NAD+_synthase	AF-Q7JWW5-F1-model_v4	AF-Q7JWW5-F1-model_v4 Cytoplasmic tRNA 2-thiolation protein 1	3.266E-04	1.000	107	295	544	575	27	267	343	285	0.435	0.703
LOKIASV2_3082_ESMFold_NAD+_synthase	AF-Q3THK7-F1-model_v4	AF-Q3THK7-F1-model_v4 GMP synthase [glutamine-hydrolyzing]	3.118E-06	1.000	107	171	545	575	61	504	693	494	0.652	0.641
LOKIASV2_3082_ESMFold_NAD+_synthase	AF-O25794-F1-model_v4	AF-O25794-F1-model_v4 ATP_bind_3 domain-containing protein	5.442E-04	1.000	106	295	541	575	7	238	253	270	0.430	0.917
LOKIASV2_3082_ESMFold_NAD+_synthase	AF-Q4V7C6-F1-model_v4	AF-Q4V7C6-F1-model_v4 GMP synthase [glutamine-hydrolyzing]	1.288E-05	1.000	106	171	542	575	61	504	693	487	0.647	0.641
LOKIASV2_3082_ESMFold_NAD+_synthase	AF-P32073-F1-model_v4	AF-P32073-F1-model_v4 GMP synthase [glutamine-hydrolyzing]	3.912E-06	1.000	106	169	542	575	79	513	718	489	0.650	0.606
LOKIASV2_3082_ESMFold_NAD+_synthase	AF-P9WIK1-F1-model_v4	AF-P9WIK1-F1-model_v4 Sulfate adenylyltransferase subunit 2	7.227E-04	1.000	105	266	436	575	1	146	309	174	0.297	0.472
LOKIASV2_3082_ESMFold_NAD+_synthase	AF-P64298-F1-model_v4	AF-P64298-F1-model_v4 GMP synthase [glutamine-hydrolyzing]	3.378E-05	1.000	105	155	490	575	59	401	520	396	0.584	0.660
LOKIASV2_3082_ESMFold_NAD+_synthase	AF-A0A0P0V4V4-F1-model_v4	AF-A0A0P0V4V4-F1-model_v4 Os01g0598900 protein	1.960E-04	1.000	104	282	540	575	1	243	325	292	0.450	0.748
LOKIASV2_3082_ESMFold_NAD+_synthase	AF-Q6Z6G6-F1-model_v4	AF-Q6Z6G6-F1-model_v4 Cytoplasmic tRNA 2-thiolation protein 1	1.177E-04	1.000	103	271	540	575	28	281	363	297	0.470	0.700
LOKIASV2_3082_ESMFold_NAD+_synthase	AF-Q54I63-F1-model_v4	AF-Q54I63-F1-model_v4 Mitochondrial tRNA-specific 2-thiouridylase 1	1.204E-03	1.000	103	279	508	575	20	281	451	288	0.400	0.581
LOKIASV2_3082_ESMFold_NAD+_synthase	AF-A0A077ZJD2-F1-model_v4	AF-A0A077ZJD2-F1-model_v4 Glutamine amidotransferase	1.442E-05	1.000	103	162	513	575	37	436	476	453	0.612	0.840
LOKIASV2_3082_ESMFold_NAD+_synthase	AF-Q9HXM6-F1-model_v4	AF-Q9HXM6-F1-model_v4 GMP synthase [glutamine-hydrolyzing]	3.378E-05	1.000	103	171	513	575	43	436	525	437	0.597	0.750
LOKIASV2_3082_ESMFold_NAD+_synthase	AF-P21156-F1-model_v4	AF-P21156-F1-model_v4 Sulfate adenylyltransferase subunit 2	3.745E-03	1.000	102	291	436	575	6	139	302	149	0.254	0.444
LOKIASV2_3082_ESMFold_NAD+_synthase	AF-A0A1U7F0P4-F1-model_v4	AF-A0A1U7F0P4-F1-model_v4 Cytoplasmic tRNA 2-thiolation protein 1	2.603E-04	1.000	102	279	543	575	8	263	339	301	0.461	0.755
LOKIASV2_3082_ESMFold_NAD+_synthase	AF-O64862-F1-model_v4	AF-O64862-F1-model_v4 Cytoplasmic tRNA 2-thiolation protein 1	1.476E-04	1.000	102	271	540	575	22	275	355	301	0.470	0.715
LOKIASV2_3082_ESMFold_NAD+_synthase	AF-Q94480-F1-model_v4	AF-Q94480-F1-model_v4 Cytoplasmic tRNA 2-thiolation protein 1	6.096E-04	1.000	102	273	544	575	23	274	360	302	0.473	0.700
LOKIASV2_3082_ESMFold_NAD+_synthase	AF-Q10441-F1-model_v4	AF-Q10441-F1-model_v4 Probable tRNA(Ile)-lysidine synthase	2.196E-04	1.000	102	305	543	575	6	240	456	289	0.416	0.515
LOKIASV2_3082_ESMFold_NAD+_synthase	AF-Q9CAD1-F1-model_v4	AF-Q9CAD1-F1-model_v4 Glutamine amidotransferase	3.191E-05	1.000	101	172	509	575	45	436	534	430	0.588	0.734
LOKIASV2_3082_ESMFold_NAD+_synthase	AF-Q0PC19-F1-model_v4	AF-Q0PC19-F1-model_v4 ATP_bind_3 domain-containing protein	7.227E-04	1.000	100	290	546	575	1	226	251	280	0.447	0.900
LOKIASV2_3082_ESMFold_NAD+_synthase	AF-P65672-F1-model_v4	AF-P65672-F1-model_v4 Sulfate adenylyltransferase subunit 2	4.973E-03	1.000	100	289	436	575	4	139	302	151	0.257	0.450
LOKIASV2_3082_ESMFold_NAD+_synthase	AF-A0A0H3GWT9-F1-model_v4	AF-A0A0H3GWT9-F1-model_v4 Sulfate adenylyltransferase subunit 2	4.195E-03	1.000	100	289	436	575	4	139	302	151	0.257	0.450
LOKIASV2_3082_ESMFold_NAD+_synthase	AF-A0A1C1C6W0-F1-model_v4	AF-A0A1C1C6W0-F1-model_v4 Cytoplasmic tRNA 2-thiolation protein 1	2.460E-04	1.000	100	294	568	575	27	298	410	314	0.478	0.663
LOKIASV2_3082_ESMFold_NAD+_synthase	AF-Q9VIE7-F1-model_v4	AF-Q9VIE7-F1-model_v4 Glutamine amidotransferase	3.191E-05	1.000	100	171	541	575	52	492	683	486	0.645	0.646
LOKIASV2_3082_ESMFold_NAD+_synthase	AF-A0A0D2GZ41-F1-model_v4	AF-A0A0D2GZ41-F1-model_v4 Cytoplasmic tRNA 2-thiolation protein 1	1.245E-04	0.999	99	294	568	575	27	300	410	317	0.478	0.668
LOKIASV2_3082_ESMFold_NAD+_synthase	AF-Q32CH8-F1-model_v4	AF-Q32CH8-F1-model_v4 Sulfate adenylyltransferase subunit 2	5.895E-03	0.999	98	291	436	575	6	139	302	149	0.254	0.444
LOKIASV2_3082_ESMFold_NAD+_synthase	AF-O25165-F1-model_v4	AF-O25165-F1-model_v4 GMP synthase [glutamine-hydrolyzing]	5.956E-05	0.999	98	153	490	575	45	389	508	398	0.588	0.679
LOKIASV2_3082_ESMFold_NAD+_synthase	AF-Q32D55-F1-model_v4	AF-Q32D55-F1-model_v4 GMP synthase [glutamine-hydrolyzing]	4.238E-05	0.999	98	162	513	575	37	436	525	458	0.612	0.762
LOKIASV2_3082_ESMFold_NAD+_synthase	AF-I1K6H8-F1-model_v4	AF-I1K6H8-F1-model_v4 Glutamine amidotransferase	7.061E-05	0.999	98	172	509	575	45	436	534	431	0.588	0.734
LOKIASV2_3082_ESMFold_NAD+_synthase	AF-Q9PJ66-F1-model_v4	AF-Q9PJ66-F1-model_v4 tRNA-specific 2-thiouridylase MnmA	6.240E-03	0.999	97	317	514	575	2	204	338	233	0.344	0.601
LOKIASV2_3082_ESMFold_NAD+_synthase	AF-Q9I0L2-F1-model_v4	AF-Q9I0L2-F1-model_v4 tRNA-specific 2-thiouridylase MnmA	4.973E-03	0.999	97	316	508	575	11	216	375	238	0.336	0.549
LOKIASV2_3082_ESMFold_NAD+_synthase	AF-Q57909-F1-model_v4	AF-Q57909-F1-model_v4 Probable sulfurtransferase	2.196E-04	0.999	96	276	545	575	31	326	337	332	0.470	0.878
LOKIASV2_3082_ESMFold_NAD+_synthase	AF-A0A2K6W3C2-F1-model_v4	AF-A0A2K6W3C2-F1-model_v4 Uncharacterized protein	1.075E-03	0.999	96	294	543	575	28	288	364	306	0.435	0.717
LOKIASV2_3082_ESMFold_NAD+_synthase	AF-A0A1D8PQF2-F1-model_v4	AF-A0A1D8PQF2-F1-model_v4 tRNA(Ile)-2-lysyl-cytidine synthase	4.591E-04	0.999	96	294	548	575	5	263	483	300	0.443	0.536
LOKIASV2_3082_ESMFold_NAD+_synthase	AF-A0A0N4UJE9-F1-model_v4	AF-A0A0N4UJE9-F1-model_v4 Asparagine synthetase [glutamine-hydrolyzing]	1.654E-04	0.998	95	252	543	575	176	496	552	359	0.508	0.582
LOKIASV2_3082_ESMFold_NAD+_synthase	AF-I1JSC3-F1-model_v4	AF-I1JSC3-F1-model_v4 Cytoplasmic tRNA 2-thiolation protein 1	2.916E-04	0.998	94	271	540	575	23	276	353	297	0.470	0.720
LOKIASV2_3082_ESMFold_NAD+_synthase	AF-A0A0H3GRM1-F1-model_v4	AF-A0A0H3GRM1-F1-model_v4 tRNA-specific 2-thiouridylase MnmA	3.538E-03	0.998	94	314	487	575	4	195	368	220	0.303	0.522
LOKIASV2_3082_ESMFold_NAD+_synthase	AF-P44335-F1-model_v4	AF-P44335-F1-model_v4 GMP synthase [glutamine-hydrolyzing]	6.672E-05	0.998	94	162	513	575	36	434	523	443	0.612	0.763
LOKIASV2_3082_ESMFold_NAD+_synthase	AF-P38625-F1-model_v4	AF-P38625-F1-model_v4 GMP synthase [glutamine-hydrolyzing]	1.395E-04	0.998	94	153	509	575	56	423	525	425	0.621	0.701
LOKIASV2_3082_ESMFold_NAD+_synthase	AF-Q8ZN60-F1-model_v4	AF-Q8ZN60-F1-model_v4 GMP synthase [glutamine-hydrolyzing]	5.024E-05	0.998	94	162	513	575	37	436	525	454	0.612	0.762
LOKIASV2_3082_ESMFold_NAD+_synthase	AF-I1KPB0-F1-model_v4	AF-I1KPB0-F1-model_v4 Glutamine amidotransferase	1.318E-04	0.998	94	172	512	575	45	435	534	432	0.593	0.732
LOKIASV2_3082_ESMFold_NAD+_synthase	AF-A0A5S6PVE9-F1-model_v4	AF-A0A5S6PVE9-F1-model_v4 Glutamine amidotransferase	2.849E-05	0.998	94	171	547	575	341	771	978	482	0.656	0.441
LOKIASV2_3082_ESMFold_NAD+_synthase	AF-Q4E1D4-F1-model_v4	AF-Q4E1D4-F1-model_v4 Glutamine amidotransferase	1.050E-04	0.998	93	153	487	575	55	420	657	416	0.583	0.557
LOKIASV2_3082_ESMFold_NAD+_synthase	AF-K0F155-F1-model_v4	AF-K0F155-F1-model_v4 ATP-sulfurylase small subunit	1.599E-03	0.997	92	271	436	575	3	147	310	177	0.289	0.468
LOKIASV2_3082_ESMFold_NAD+_synthase	AF-Q4CWI0-F1-model_v4	AF-Q4CWI0-F1-model_v4 Cytoplasmic tRNA 2-thiolation protein 1	4.591E-04	0.997	91	271	544	575	15	268	329	303	0.477	0.772
LOKIASV2_3082_ESMFold_NAD+_synthase	AF-C0PH60-F1-model_v4	AF-C0PH60-F1-model_v4 Glutamine amidotransferase	2.196E-04	0.997	91	153	509	575	64	447	545	432	0.621	0.705
LOKIASV2_3082_ESMFold_NAD+_synthase	AF-A0A044QXX1-F1-model_v4	AF-A0A044QXX1-F1-model_v4 Glutamine amidotransferase	4.485E-05	0.997	91	153	547	575	250	715	922	515	0.687	0.505
LOKIASV2_3082_ESMFold_NAD+_synthase	AF-Q8ZPZ4-F1-model_v4	AF-Q8ZPZ4-F1-model_v4 tRNA-specific 2-thiouridylase MnmA	1.461E-02	0.996	90	314	429	575	4	125	368	134	0.202	0.332
LOKIASV2_3082_ESMFold_NAD+_synthase	AF-Q5AML2-F1-model_v4	AF-Q5AML2-F1-model_v4 Cytoplasmic tRNA 2-thiolation protein 1	5.442E-04	0.996	90	273	574	575	32	304	395	336	0.525	0.691
LOKIASV2_3082_ESMFold_NAD+_synthase	AF-A0A0H3GRL9-F1-model_v4	AF-A0A0H3GRL9-F1-model_v4 GMP synthase [glutamine-hydrolyzing]	1.654E-04	0.996	90	162	509	575	37	427	525	447	0.605	0.745
LOKIASV2_3082_ESMFold_NAD+_synthase	AF-Q5APF2-F1-model_v4	AF-Q5APF2-F1-model_v4 GMP synthase [glutamine-hydrolyzing]	7.061E-05	0.996	90	139	490	575	3	411	530	467	0.612	0.772
LOKIASV2_3082_ESMFold_NAD+_synthase	AF-O50273-F1-model_v4	AF-O50273-F1-model_v4 Sulfate adenylyltransferase subunit 2	1.304E-02	0.996	89	291	436	575	5	138	305	149	0.254	0.439
LOKIASV2_3082_ESMFold_NAD+_synthase	AF-C6KSW9-F1-model_v4	AF-C6KSW9-F1-model_v4 Cytoplasmic tRNA 2-thiolation protein 1	4.699E-03	0.996	89	294	439	575	24	172	482	160	0.254	0.309
LOKIASV2_3082_ESMFold_NAD+_synthase	AF-Q9PN49-F1-model_v4	AF-Q9PN49-F1-model_v4 GMP synthase [glutamine-hydrolyzing]	5.142E-04	0.996	89	172	490	575	40	392	511	386	0.555	0.691
LOKIASV2_3082_ESMFold_NAD+_synthase	AF-E9AHY7-F1-model_v4	AF-E9AHY7-F1-model_v4 Cytoplasmic tRNA 2-thiolation protein 1	1.896E-03	0.995	88	271	543	575	16	268	322	303	0.475	0.786
LOKIASV2_3082_ESMFold_NAD+_synthase	AF-K0ELS2-F1-model_v4	AF-K0ELS2-F1-model_v4 tRNA(Ile)-lysidine synthase	1.016E-03	0.995	88	297	548	575	19	240	333	277	0.438	0.667
LOKIASV2_3082_ESMFold_NAD+_synthase	AF-Q38AA3-F1-model_v4	AF-Q38AA3-F1-model_v4 Cytoplasmic tRNA 2-thiolation protein 1	7.649E-04	0.995	88	271	543	575	15	267	336	300	0.475	0.753
LOKIASV2_3082_ESMFold_NAD+_synthase	AF-B1WBV0-F1-model_v4	AF-B1WBV0-F1-model_v4 Cytoplasmic tRNA 2-thiolation protein 1	8.095E-04	0.995	88	294	543	575	27	270	382	288	0.435	0.639
LOKIASV2_3082_ESMFold_NAD+_synthase	AF-P04079-F1-model_v4	AF-P04079-F1-model_v4 GMP synthase [glutamine-hydrolyzing]	8.860E-05	0.995	88	162	513	575	37	436	525	459	0.612	0.762
LOKIASV2_3082_ESMFold_NAD+_synthase	AF-Q58341-F1-model_v4	AF-Q58341-F1-model_v4 Probable tRNA sulfurtransferase	1.040E-02	0.994	87	317	511	575	189	376	381	215	0.339	0.493
LOKIASV2_3082_ESMFold_NAD+_synthase	AF-Q4CQ68-F1-model_v4	AF-Q4CQ68-F1-model_v4 Cytoplasmic tRNA 2-thiolation protein 1	7.227E-04	0.993	86	271	544	575	15	268	329	304	0.477	0.772
LOKIASV2_3082_ESMFold_NAD+_synthase	AF-Q58383-F1-model_v4	AF-Q58383-F1-model_v4 Uncharacterized protein MJ0973	7.649E-04	0.991	84	228	546	575	108	408	411	366	0.555	0.732
LOKIASV2_3082_ESMFold_NAD+_synthase	AF-Q7Z7A3-F1-model_v4	AF-Q7Z7A3-F1-model_v4 Cytoplasmic tRNA 2-thiolation protein 1	1.349E-03	0.990	83	294	543	575	27	270	348	296	0.435	0.701
LOKIASV2_3082_ESMFold_NAD+_synthase	AF-Q8H4X9-F1-model_v4	AF-Q8H4X9-F1-model_v4 Glutamine amidotransferase	3.872E-04	0.990	83	153	509	575	63	446	544	439	0.621	0.706
LOKIASV2_3082_ESMFold_NAD+_synthase	AF-O16924-F1-model_v4	AF-O16924-F1-model_v4 Asparagine synthetase [glutamine-hydrolyzing]	8.095E-04	0.990	83	252	543	575	175	494	551	358	0.508	0.581
LOKIASV2_3082_ESMFold_NAD+_synthase	AF-E9AGZ1-F1-model_v4	AF-E9AGZ1-F1-model_v4 Glutamine amidotransferase	2.075E-04	0.990	83	153	490	575	56	424	656	429	0.588	0.562
LOKIASV2_3082_ESMFold_NAD+_synthase	AF-K0ES65-F1-model_v4	AF-K0ES65-F1-model_v4 Transcriptional regulator	1.637E-02	0.988	82	314	469	575	3	141	239	167	0.271	0.582
LOKIASV2_3082_ESMFold_NAD+_synthase	AF-A0A1P8ASI0-F1-model_v4	AF-A0A1P8ASI0-F1-model_v4 2-thiocytidine tRNA biosynthesis protein, TtcA	1.428E-03	0.988	82	285	543	575	6	285	365	328	0.450	0.767
LOKIASV2_3082_ESMFold_NAD+_synthase	AF-Q99J10-F1-model_v4	AF-Q99J10-F1-model_v4 Cytoplasmic tRNA 2-thiolation protein 1	1.138E-03	0.988	82	294	543	575	27	270	420	293	0.435	0.581
LOKIASV2_3082_ESMFold_NAD+_synthase	AF-Q2QMW0-F1-model_v4	AF-Q2QMW0-F1-model_v4 Cytoplasmic tRNA 2-thiolation protein 2	2.379E-03	0.988	82	294	543	575	67	331	464	318	0.435	0.571
LOKIASV2_3082_ESMFold_NAD+_synthase	AF-A0A0K0EQ96-F1-model_v4	AF-A0A0K0EQ96-F1-model_v4 Glutamine amidotransferase	1.050E-04	0.988	82	172	540	575	40	471	677	480	0.642	0.638
LOKIASV2_3082_ESMFold_NAD+_synthase	AF-A0A0N4UGI7-F1-model_v4	AF-A0A0N4UGI7-F1-model_v4 Glutamine amidotransferase	2.603E-04	0.988	82	171	490	575	59	429	679	413	0.557	0.546
LOKIASV2_3082_ESMFold_NAD+_synthase	AF-G4VB67-F1-model_v4	AF-G4VB67-F1-model_v4 Cytoplasmic tRNA 2-thiolation protein 1	1.692E-03	0.984	80	271	543	575	12	264	315	312	0.475	0.803
LOKIASV2_3082_ESMFold_NAD+_synthase	AF-A0A0D2HB84-F1-model_v4	AF-A0A0D2HB84-F1-model_v4 GMP synthase [glutamine-hydrolyzing]	4.098E-04	0.984	80	132	490	575	42	428	547	431	0.624	0.707
LOKIASV2_3082_ESMFold_NAD+_synthase	AF-Q09580-F1-model_v4	AF-Q09580-F1-model_v4 Probable GMP synthase [glutamine-hydrolyzing]	7.909E-05	0.984	80	118	545	575	16	531	745	572	0.744	0.693
LOKIASV2_3082_ESMFold_NAD+_synthase	AF-Q58422-F1-model_v4	AF-Q58422-F1-model_v4 Uncharacterized protein MJ1016	2.985E-03	0.981	79	280	545	575	1	293	294	324	0.463	0.997
LOKIASV2_3082_ESMFold_NAD+_synthase	AF-Q9VYI5-F1-model_v4	AF-Q9VYI5-F1-model_v4 LD26737p	2.054E-02	0.978	78	279	435	575	85	210	322	165	0.273	0.391
LOKIASV2_3082_ESMFold_NAD+_synthase	AF-Q61024-F1-model_v4	AF-Q61024-F1-model_v4 Asparagine synthetase [glutamine-hydrolyzing]	4.859E-04	0.978	78	225	558	575	125	540	561	441	0.581	0.742
LOKIASV2_3082_ESMFold_NAD+_synthase	AF-P9WN33-F1-model_v4	AF-P9WN33-F1-model_v4 Putative asparagine synthetase [glutamine-hydrolyzing]	5.442E-04	0.978	78	199	445	575	195	396	652	253	0.430	0.310
LOKIASV2_3082_ESMFold_NAD+_synthase	AF-K0EXR4-F1-model_v4	AF-K0EXR4-F1-model_v4 Asparagine synthase	1.204E-03	0.978	78	188	441	575	168	373	662	261	0.442	0.311
LOKIASV2_3082_ESMFold_NAD+_synthase	AF-Q9CCF2-F1-model_v4	AF-Q9CCF2-F1-model_v4 Putative asparagine synthetase	3.159E-03	0.978	78	252	441	575	249	418	677	197	0.330	0.251
LOKIASV2_3082_ESMFold_NAD+_synthase	AF-G4M0Y0-F1-model_v4	AF-G4M0Y0-F1-model_v4 Glutamine amidotransferase	3.457E-04	0.978	78	172	541	575	38	547	739	546	0.643	0.690
LOKIASV2_3082_ESMFold_NAD+_synthase	AF-P49088-F1-model_v4	AF-P49088-F1-model_v4 Asparagine synthetase [glutamine-hydrolyzing]	7.061E-05	0.975	77	159	558	575	85	540	561	521	0.696	0.813
LOKIASV2_3082_ESMFold_NAD+_synthase	AF-P08243-F1-model_v4	AF-P08243-F1-model_v4 Asparagine synthetase [glutamine-hydrolyzing]	2.460E-04	0.975	77	225	558	575	125	540	561	449	0.581	0.742
LOKIASV2_3082_ESMFold_NAD+_synthase	AF-A0A077Z0M6-F1-model_v4	AF-A0A077Z0M6-F1-model_v4 Glutamine amidotransferase	4.485E-05	0.975	77	122	541	575	4	515	685	567	0.730	0.747
LOKIASV2_3082_ESMFold_NAD+_synthase	AF-Q32EZ1-F1-model_v4	AF-Q32EZ1-F1-model_v4 tRNA-specific 2-thiouridylase MnmA	3.233E-02	0.971	76	315	487	575	5	195	368	219	0.301	0.519
LOKIASV2_3082_ESMFold_NAD+_synthase	AF-A0A133CQL0-F1-model_v4	AF-A0A133CQL0-F1-model_v4 tRNA(Ile)-lysidine synthase	5.570E-03	0.971	76	291	546	575	3	237	481	285	0.445	0.489
LOKIASV2_3082_ESMFold_NAD+_synthase	AF-A0A3P7E8C6-F1-model_v4	AF-A0A3P7E8C6-F1-model_v4 ATP_bind_3 domain-containing protein	4.544E-02	0.967	75	303	430	575	1	130	130	142	0.223	1.000
LOKIASV2_3082_ESMFold_NAD+_synthase	AF-P17854-F1-model_v4	AF-P17854-F1-model_v4 Phosphoadenosine phosphosulfate reductase	1.833E-02	0.967	75	273	470	575	4	197	244	212	0.344	0.795
LOKIASV2_3082_ESMFold_NAD+_synthase	AF-Q9HZ78-F1-model_v4	AF-Q9HZ78-F1-model_v4 LPS biosynthesis protein WbpG	1.274E-03	0.967	75	278	550	575	15	309	377	334	0.475	0.782
LOKIASV2_3082_ESMFold_NAD+_synthase	AF-Q58516-F1-model_v4	AF-Q58516-F1-model_v4 Putative asparagine synthetase [glutamine-hydrolyzing] 1	1.599E-03	0.961	74	252	542	575	206	540	541	382	0.506	0.619
LOKIASV2_3082_ESMFold_NAD+_synthase	AF-A0A0K0EIA6-F1-model_v4	AF-A0A0K0EIA6-F1-model_v4 Asparagine synthetase [glutamine-hydrolyzing]	1.692E-03	0.961	74	251	574	575	180	543	559	401	0.563	0.651
LOKIASV2_3082_ESMFold_NAD+_synthase	AF-A3KQK2-F1-model_v4	AF-A3KQK2-F1-model_v4 Asparagine synthetase [glutamine-hydrolyzing]	4.338E-04	0.961	74	225	574	575	176	557	560	439	0.609	0.682
LOKIASV2_3082_ESMFold_NAD+_synthase	AF-A0A1C1CV13-F1-model_v4	AF-A0A1C1CV13-F1-model_v4 Citrulline--aspartate ligase	9.499E-02	0.956	73	315	469	575	4	166	416	173	0.270	0.392
LOKIASV2_3082_ESMFold_NAD+_synthase	AF-A0A1C1C7J4-F1-model_v4	AF-A0A1C1C7J4-F1-model_v4 GMP synthase [glutamine-hydrolyzing]	5.142E-04	0.956	73	132	490	575	36	422	541	445	0.624	0.715
LOKIASV2_3082_ESMFold_NAD+_synthase	AF-Q5FA99-F1-model_v4	AF-Q5FA99-F1-model_v4 7-cyano-7-deazaguanine synthase	1.126E-01	0.949	72	316	429	575	3	125	224	141	0.198	0.549
LOKIASV2_3082_ESMFold_NAD+_synthase	AF-Q9PHK7-F1-model_v4	AF-Q9PHK7-F1-model_v4 Argininosuccinate synthase	9.499E-02	0.949	72	316	470	575	6	167	406	171	0.270	0.399
LOKIASV2_3082_ESMFold_NAD+_synthase	AF-A4I3B1-F1-model_v4	AF-A4I3B1-F1-model_v4 Phosphoadenosine phosphosulfate reductase-like protein	6.759E-02	0.941	71	290	435	575	1	120	215	150	0.254	0.558
LOKIASV2_3082_ESMFold_NAD+_synthase	AF-Q10R16-F1-model_v4	AF-Q10R16-F1-model_v4 tRNA-5-taurinomethyluridine 2-sulfurtransferase	2.577E-02	0.941	71	271	431	575	38	201	488	179	0.280	0.336
LOKIASV2_3082_ESMFold_NAD+_synthase	AF-C0NED9-F1-model_v4	AF-C0NED9-F1-model_v4 GMP synthase [glutamine-hydrolyzing]	3.055E-02	0.941	71	292	424	575	212	358	896	153	0.231	0.164
LOKIASV2_3082_ESMFold_NAD+_synthase	AF-Q9VJY1-F1-model_v4	AF-Q9VJY1-F1-model_v4 FI21750p1	2.727E-02	0.923	69	268	388	575	16	131	254	127	0.210	0.457
LOKIASV2_3082_ESMFold_NAD+_synthase	AF-F4I824-F1-model_v4	AF-F4I824-F1-model_v4 tRNA-5-taurinomethyluridine 2-sulfurtransferase	2.300E-02	0.923	69	272	487	575	47	278	497	266	0.376	0.467
LOKIASV2_3082_ESMFold_NAD+_synthase	AF-Q5F4X9-F1-model_v4	AF-Q5F4X9-F1-model_v4 GMP synthase [glutamine-hydrolyzing]	2.820E-03	0.923	69	172	519	575	40	430	521	448	0.605	0.750
LOKIASV2_3082_ESMFold_NAD+_synthase	AF-Q32JS0-F1-model_v4	AF-Q32JS0-F1-model_v4 tRNA(Ile)-lysidine synthase	3.055E-02	0.912	68	305	545	575	3	221	431	268	0.419	0.508
LOKIASV2_3082_ESMFold_NAD+_synthase	AF-Q8IJK4-F1-model_v4	AF-Q8IJK4-F1-model_v4 tRNA methyltransferase, putative	1.064E-01	0.912	68	315	429	575	447	574	1084	133	0.200	0.118
LOKIASV2_3082_ESMFold_NAD+_synthase	AF-Q58994-F1-model_v4	AF-Q58994-F1-model_v4 Uncharacterized protein MJ1599	3.233E-02	0.900	67	284	539	575	28	273	277	295	0.445	0.888
LOKIASV2_3082_ESMFold_NAD+_synthase	AF-A0A0N4UER3-F1-model_v4	AF-A0A0N4UER3-F1-model_v4 Uncharacterized protein	8.769E-03	0.900	67	242	440	575	40	273	409	245	0.346	0.572
LOKIASV2_3082_ESMFold_NAD+_synthase	AF-P44124-F1-model_v4	AF-P44124-F1-model_v4 7-cyano-7-deazaguanine synthase	4.293E-02	0.887	66	314	470	575	7	182	228	203	0.273	0.772
LOKIASV2_3082_ESMFold_NAD+_synthase	AF-A0A3P7FJA7-F1-model_v4	AF-A0A3P7FJA7-F1-model_v4 Glutamine amidotransferase	3.538E-03	0.887	66	171	441	575	91	399	707	340	0.471	0.437
LOKIASV2_3082_ESMFold_NAD+_synthase	AF-A0A077ZKL6-F1-model_v4	AF-A0A077ZKL6-F1-model_v4 RNase T domain containing protein	1.204E-03	0.872	65	92	266	575	2	166	353	214	0.304	0.467
LOKIASV2_3082_ESMFold_NAD+_synthase	AF-Q58456-F1-model_v4	AF-Q58456-F1-model_v4 Putative asparagine synthetase [glutamine-hydrolyzing] 2	2.379E-03	0.872	65	241	551	575	208	474	515	325	0.541	0.518
LOKIASV2_3082_ESMFold_NAD+_synthase	AF-A0A0H3GLB6-F1-model_v4	AF-A0A0H3GLB6-F1-model_v4 PAPS_reduct domain-containing protein	1.064E-01	0.837	63	278	376	575	2	90	407	101	0.172	0.219
LOKIASV2_3082_ESMFold_NAD+_synthase	AF-X8F714-F1-model_v4	AF-X8F714-F1-model_v4 Asparagine synthase	2.518E-03	0.795	61	252	556	575	171	465	598	354	0.530	0.493
LOKIASV2_3082_ESMFold_NAD+_synthase	AF-A0A077Z103-F1-model_v4	AF-A0A077Z103-F1-model_v4 ATP bind 3 domain containing protein	3.621E-02	0.772	60	294	425	575	24	177	188	159	0.230	0.819
LOKIASV2_3082_ESMFold_NAD+_synthase	AF-A0A5K4ECR6-F1-model_v4	AF-A0A5K4ECR6-F1-model_v4 Cytoplasmic tRNA 2-thiolation protein 1	6.386E-02	0.772	60	271	441	575	12	175	206	186	0.297	0.796
LOKIASV2_3082_ESMFold_NAD+_synthase	AF-O25356-F1-model_v4	AF-O25356-F1-model_v4 7-cyano-7-deazaguanine synthase	1.583E-01	0.772	60	316	508	575	3	216	226	238	0.336	0.947
LOKIASV2_3082_ESMFold_NAD+_synthase	AF-Q04489-F1-model_v4	AF-Q04489-F1-model_v4 Asparagine synthetase domain-containing protein YML096W	1.204E-03	0.772	60	223	482	575	130	442	525	344	0.452	0.596
LOKIASV2_3082_ESMFold_NAD+_synthase	AF-Q58102-F1-model_v4	AF-Q58102-F1-model_v4 Uncharacterized protein MJ0690	6.759E-02	0.747	59	315	466	575	3	147	200	173	0.264	0.725
LOKIASV2_3082_ESMFold_NAD+_synthase	AF-I1LJW0-F1-model_v4	AF-I1LJW0-F1-model_v4 tRNA-5-taurinomethyluridine 2-sulfurtransferase	1.335E-01	0.747	59	273	391	575	43	165	502	135	0.207	0.245
LOKIASV2_3082_ESMFold_NAD+_synthase	AF-Q5F8F6-F1-model_v4	AF-Q5F8F6-F1-model_v4 tRNA(Ile)-lysidine synthase	3.621E-02	0.720	58	316	545	575	12	219	426	257	0.400	0.488
LOKIASV2_3082_ESMFold_NAD+_synthase	AF-O05927-F1-model_v4	AF-O05927-F1-model_v4 Adenosine 5'-phosphosulfate reductase	2.637E-01	0.663	56	271	470	575	17	211	267	216	0.348	0.730
LOKIASV2_3082_ESMFold_NAD+_synthase	AF-Q9PMK7-F1-model_v4	AF-Q9PMK7-F1-model_v4 tRNA(Ile)-lysidine synthase	1.413E-01	0.601	54	309	515	575	6	218	321	252	0.360	0.664
LOKIASV2_3082_ESMFold_NAD+_synthase	AF-O74841-F1-model_v4	AF-O74841-F1-model_v4 Probable FAD synthase	2.102E-01	0.569	53	277	466	575	15	183	265	214	0.330	0.638
LOKIASV2_3082_ESMFold_NAD+_synthase	AF-Q8GW42-F1-model_v4	AF-Q8GW42-F1-model_v4 Calcineurin-like metallo-phosphoesterase superfamily protein	1.165E-02	0.569	53	5	244	575	40	275	285	306	0.417	0.828
LOKIASV2_3082_ESMFold_NAD+_synthase	AF-Q54Q65-F1-model_v4	AF-Q54Q65-F1-model_v4 Metallophos domain-containing protein	3.233E-02	0.537	52	8	265	575	37	328	423	329	0.449	0.690
LOKIASV2_3082_ESMFold_NAD+_synthase	AF-Q60377-F1-model_v4	AF-Q60377-F1-model_v4 Uncharacterized protein MJ0066	2.006E-03	0.537	52	83	375	575	76	314	480	325	0.510	0.498
LOKIASV2_3082_ESMFold_NAD+_synthase	AF-I1MIF4-F1-model_v4	AF-I1MIF4-F1-model_v4 Uncharacterized protein	2.886E-02	0.505	51	3	257	575	27	204	233	275	0.443	0.764
LOKIASV2_3082_ESMFold_NAD+_synthase	AF-Q8DRP9-F1-model_v4	AF-Q8DRP9-F1-model_v4 tRNA(Ile)-lysidine synthase	3.233E-02	0.505	51	294	542	575	3	253	425	302	0.433	0.591
LOKIASV2_3082_ESMFold_NAD+_synthase	AF-Q2G1X6-F1-model_v4	AF-Q2G1X6-F1-model_v4 7-cyano-7-deazaguanine synthase	5.514E-01	0.473	50	314	431	575	4	124	222	135	0.205	0.545
LOKIASV2_3082_ESMFold_NAD+_synthase	AF-Q9U0H6-F1-model_v4	AF-Q9U0H6-F1-model_v4 tRNA(Ile)-2-lysyl-cytidine synthase	3.963E-03	0.473	50	271	553	575	160	524	1245	394	0.492	0.293
LOKIASV2_3082_ESMFold_NAD+_synthase	AF-Q9VAD4-F1-model_v4	AF-Q9VAD4-F1-model_v4 eIF-2B GDP-GTP exchange factor subunit alpha	4.152E-01	0.442	49	294	388	575	115	196	306	97	0.165	0.268
LOKIASV2_3082_ESMFold_NAD+_synthase	AF-A0A1C1CR77-F1-model_v4	AF-A0A1C1CR77-F1-model_v4 Nucleoside-diphosphate-sugar epimerase	5.209E-01	0.411	48	295	378	575	18	95	347	88	0.146	0.225
LOKIASV2_3082_ESMFold_NAD+_synthase	AF-A0A0N4UKH8-F1-model_v4	AF-A0A0N4UKH8-F1-model_v4 Uncharacterized protein	4.922E-01	0.382	47	285	392	575	112	221	335	118	0.188	0.328
LOKIASV2_3082_ESMFold_NAD+_synthase	AF-O25428-F1-model_v4	AF-O25428-F1-model_v4 tRNA(Ile)-lysidine synthase	1.583E-01	0.382	47	306	545	575	4	206	336	261	0.417	0.604
LOKIASV2_3082_ESMFold_NAD+_synthase	AF-C7G010-F1-model_v4	AF-C7G010-F1-model_v4 Metallophos domain-containing protein	2.577E-02	0.382	47	8	313	575	30	375	390	387	0.532	0.887
LOKIASV2_3082_ESMFold_NAD+_synthase	AF-Q8I2X3-F1-model_v4	AF-Q8I2X3-F1-model_v4 Acid phosphatase	3.159E-03	0.382	47	1	313	575	16	393	396	437	0.544	0.955
LOKIASV2_3082_ESMFold_NAD+_synthase	AF-Q9M9P7-F1-model_v4	AF-Q9M9P7-F1-model_v4 Adenine nucleotide alpha hydrolases-like superfamily protein	7.749E-01	0.353	46	307	434	575	97	213	274	145	0.223	0.427
LOKIASV2_3082_ESMFold_NAD+_synthase	AF-I1KFQ2-F1-model_v4	AF-I1KFQ2-F1-model_v4 NmrA domain-containing protein	6.386E-02	0.353	46	280	472	575	2	154	332	211	0.336	0.461
LOKIASV2_3082_ESMFold_NAD+_synthase	AF-P32502-F1-model_v4	AF-P32502-F1-model_v4 Translation initiation factor eIF-2B subunit beta	9.499E-02	0.353	46	262	386	575	117	253	381	139	0.217	0.360
LOKIASV2_3082_ESMFold_NAD+_synthase	AF-Q21555-F1-model_v4	AF-Q21555-F1-model_v4 Asparagine synthetase domain-containing protein	5.570E-03	0.353	46	96	560	575	102	466	475	531	0.809	0.768
LOKIASV2_3082_ESMFold_NAD+_synthase	AF-Q8NKC1-F1-model_v4	AF-Q8NKC1-F1-model_v4 Probable catechol O-methyltransferase 2	3.833E-02	0.326	45	281	412	575	45	199	281	164	0.230	0.552
LOKIASV2_3082_ESMFold_NAD+_synthase	AF-A0A0R0LJ03-F1-model_v4	AF-A0A0R0LJ03-F1-model_v4 NmrA domain-containing protein	1.940E-02	0.326	45	266	472	575	17	214	384	239	0.360	0.516
LOKIASV2_3082_ESMFold_NAD+_synthase	AF-Q8T198-F1-model_v4	AF-Q8T198-F1-model_v4 Metallophos domain-containing protein	9.499E-02	0.326	45	8	313	575	65	414	426	396	0.532	0.822
LOKIASV2_3082_ESMFold_NAD+_synthase	AF-A0A0K0EQS4-F1-model_v4	AF-A0A0K0EQS4-F1-model_v4 Methyltranfer_dom domain-containing protein	2.102E-01	0.326	45	280	377	575	100	208	467	116	0.170	0.233
LOKIASV2_3082_ESMFold_NAD+_synthase	AF-C6KT83-F1-model_v4	AF-C6KT83-F1-model_v4 N-acetylglucosaminylphosphatidylinositol deacetylase	2.791E-01	0.301	44	284	471	575	7	170	247	208	0.327	0.664
LOKIASV2_3082_ESMFold_NAD+_synthase	AF-Q9FRM1-F1-model_v4	AF-Q9FRM1-F1-model_v4 At1g75300	1.675E-01	0.277	43	312	438	575	2	162	322	171	0.221	0.500
LOKIASV2_3082_ESMFold_NAD+_synthase	AF-A0A1D8PH13-F1-model_v4	AF-A0A1D8PH13-F1-model_v4 Translation initiation factor eIF2B subunit beta	8.976E-02	0.277	43	268	386	575	97	239	365	150	0.207	0.392
LOKIASV2_3082_ESMFold_NAD+_synthase	AF-Q58366-F1-model_v4	AF-Q58366-F1-model_v4 Uncharacterized protein MJ0956	2.354E-01	0.254	42	304	545	575	7	255	260	297	0.421	0.958
LOKIASV2_3082_ESMFold_NAD+_synthase	AF-A0A0R0I177-F1-model_v4	AF-A0A0R0I177-F1-model_v4 Pyr_redox_2 domain-containing protein	1.153E+00	0.254	42	308	375	575	154	223	433	74	0.118	0.162
LOKIASV2_3082_ESMFold_NAD+_synthase	AF-P56176-F1-model_v4	AF-P56176-F1-model_v4 Bifunctional NAD(P)H-hydrate repair enzyme Nnr	7.749E-01	0.254	42	285	375	575	14	103	466	92	0.158	0.193
LOKIASV2_3082_ESMFold_NAD+_synthase	AF-Q8VYN9-F1-model_v4	AF-Q8VYN9-F1-model_v4 Universal stress protein PHOS32	6.176E-01	0.233	41	311	392	575	42	160	242	120	0.143	0.492
LOKIASV2_3082_ESMFold_NAD+_synthase	AF-P52577-F1-model_v4	AF-P52577-F1-model_v4 Isoflavone reductase homolog P3	2.954E-01	0.233	41	314	472	575	4	139	310	177	0.277	0.439
LOKIASV2_3082_ESMFold_NAD+_synthase	AF-A0A1D8PKG0-F1-model_v4	AF-A0A1D8PKG0-F1-model_v4 L-serine/L-threonine ammonia-lyase	6.536E-01	0.233	41	297	398	575	42	134	332	106	0.177	0.280
LOKIASV2_3082_ESMFold_NAD+_synthase	AF-A0A0D2E7L3-F1-model_v4	AF-A0A0D2E7L3-F1-model_v4 eIF-2B GDP-GTP exchange factor subunit alpha	3.502E-01	0.233	41	267	398	575	90	215	363	138	0.230	0.347
LOKIASV2_3082_ESMFold_NAD+_synthase	AF-A0A0R0HR30-F1-model_v4	AF-A0A0R0HR30-F1-model_v4 Pyr_redox_2 domain-containing protein	1.531E+00	0.233	41	308	375	575	154	223	433	74	0.118	0.162
LOKIASV2_3082_ESMFold_NAD+_synthase	AF-A0A0K0E382-F1-model_v4	AF-A0A0K0E382-F1-model_v4 DNA polymerase II subunit 2	9.499E-02	0.233	41	12	245	575	244	486	492	298	0.407	0.494
LOKIASV2_3082_ESMFold_NAD+_synthase	AF-Q55CV0-F1-model_v4	AF-Q55CV0-F1-model_v4 NAD(P)H-hydrate epimerase	7.749E-01	0.214	40	280	374	575	4	109	235	110	0.165	0.451
LOKIASV2_3082_ESMFold_NAD+_synthase	AF-A0A3P7Q4L0-F1-model_v4	AF-A0A3P7Q4L0-F1-model_v4 NAD(P)H-hydrate epimerase	9.187E-01	0.214	40	286	375	575	33	121	246	95	0.157	0.362
LOKIASV2_3082_ESMFold_NAD+_synthase	AF-A0A1D6Q188-F1-model_v4	AF-A0A1D6Q188-F1-model_v4 Callose synthase 7	2.354E-01	0.214	40	21	128	575	50	160	249	120	0.188	0.446
LOKIASV2_3082_ESMFold_NAD+_synthase	AF-J9EMH2-F1-model_v4	AF-J9EMH2-F1-model_v4 eIF-2B GDP-GTP exchange factor subunit alpha	4.651E-01	0.214	40	267	387	575	73	192	308	128	0.210	0.390
LOKIASV2_3082_ESMFold_NAD+_synthase	AF-I1LCS3-F1-model_v4	AF-I1LCS3-F1-model_v4 NmrA domain-containing protein	5.835E-01	0.214	40	314	479	575	10	150	363	183	0.289	0.388
LOKIASV2_3082_ESMFold_NAD+_synthase	AF-A0A175WD39-F1-model_v4	AF-A0A175WD39-F1-model_v4 eIF-2B GDP-GTP exchange factor subunit alpha	4.651E-01	0.214	40	271	388	575	118	237	364	126	0.205	0.330
LOKIASV2_3082_ESMFold_NAD+_synthase	AF-Q54WW5-F1-model_v4	AF-Q54WW5-F1-model_v4 Metallophos domain-containing protein	1.335E-01	0.214	40	8	313	575	14	360	381	390	0.532	0.911
LOKIASV2_3082_ESMFold_NAD+_synthase	AF-Q4DSF3-F1-model_v4	AF-Q4DSF3-F1-model_v4 Epimerase domain-containing protein	1.064E-01	0.214	40	231	437	575	34	246	501	243	0.360	0.425
LOKIASV2_3082_ESMFold_NAD+_synthase	AF-Q4DKT2-F1-model_v4	AF-Q4DKT2-F1-model_v4 Translation initiation factor eIF-2B beta subunit, putative	1.291E+00	0.214	40	294	387	575	298	381	519	96	0.163	0.162
LOKIASV2_3082_ESMFold_NAD+_synthase	AF-Q03920-F1-model_v4	AF-Q03920-F1-model_v4 eRF1 methyltransferase catalytic subunit MTQ2	1.715E+00	0.196	39	291	376	575	17	103	221	88	0.150	0.394
LOKIASV2_3082_ESMFold_NAD+_synthase	AF-A0A1D8PTX2-F1-model_v4	AF-A0A1D8PTX2-F1-model_v4 Cu-binding protein	1.040E-02	0.196	39	7	135	575	141	274	301	146	0.224	0.445
LOKIASV2_3082_ESMFold_NAD+_synthase	AF-C0NZL1-F1-model_v4	AF-C0NZL1-F1-model_v4 Serine racemase	5.514E-01	0.196	39	297	473	575	85	207	404	187	0.308	0.304
LOKIASV2_3082_ESMFold_NAD+_synthase	AF-Q4D5Q3-F1-model_v4	AF-Q4D5Q3-F1-model_v4 Translation initiation factor eIF-2B beta subunit, putative	1.531E+00	0.196	39	294	387	575	298	381	519	96	0.163	0.162
LOKIASV2_3082_ESMFold_NAD+_synthase	AF-Q22017-F1-model_v4	AF-Q22017-F1-model_v4 Probable FAD synthase	1.637E-02	0.196	39	22	442	575	57	427	519	500	0.732	0.715
LOKIASV2_3082_ESMFold_NAD+_synthase	AF-A0A0D2DUX5-F1-model_v4	AF-A0A0D2DUX5-F1-model_v4 Unplaced genomic scaffold supercont1.3, whole genome shotgun sequence	4.651E-01	0.179	38	314	470	575	7	179	256	192	0.273	0.676
LOKIASV2_3082_ESMFold_NAD+_synthase	AF-U7PZE2-F1-model_v4	AF-U7PZE2-F1-model_v4 Uncharacterized protein	9.187E-01	0.179	38	306	437	575	26	183	339	168	0.230	0.466
LOKIASV2_3082_ESMFold_NAD+_synthase	AF-A0A175WDF8-F1-model_v4	AF-A0A175WDF8-F1-model_v4 Putative serine racemase	4.152E-01	0.179	38	298	441	575	89	231	372	154	0.250	0.384
LOKIASV2_3082_ESMFold_NAD+_synthase	AF-K7LNG2-F1-model_v4	AF-K7LNG2-F1-model_v4 NmrA domain-containing protein	1.126E-01	0.179	38	266	472	575	8	206	376	241	0.360	0.529
LOKIASV2_3082_ESMFold_NAD+_synthase	AF-A0A0H3GL36-F1-model_v4	AF-A0A0H3GL36-F1-model_v4 Diaminopropionate ammonia-lyase	1.220E+00	0.179	38	302	375	575	82	147	383	74	0.129	0.172
LOKIASV2_3082_ESMFold_NAD+_synthase	AF-K7UPJ5-F1-model_v4	AF-K7UPJ5-F1-model_v4 Scarecrow-like protein 26	3.309E-01	0.179	38	273	448	575	169	355	473	198	0.306	0.395
LOKIASV2_3082_ESMFold_NAD+_synthase	AF-A0A1D6NNC6-F1-model_v4	AF-A0A1D6NNC6-F1-model_v4 1,3-beta-glucan synthase	1.220E+00	0.179	38	45	121	575	1150	1224	1902	81	0.134	0.039
LOKIASV2_3082_ESMFold_NAD+_synthase	AF-X8F583-F1-model_v4	AF-X8F583-F1-model_v4 Redoxin family protein	5.090E-02	0.164	37	10	121	575	34	140	157	125	0.195	0.682
LOKIASV2_3082_ESMFold_NAD+_synthase	AF-I1LUA5-F1-model_v4	AF-I1LUA5-F1-model_v4 Usp domain-containing protein	1.153E+00	0.164	37	315	392	575	29	143	234	115	0.136	0.491
LOKIASV2_3082_ESMFold_NAD+_synthase	AF-A0A1D8PQT4-F1-model_v4	AF-A0A1D8PQT4-F1-model_v4 eIF-2B GDP-GTP exchange factor subunit alpha	1.715E+00	0.164	37	284	385	575	95	189	311	105	0.177	0.305
LOKIASV2_3082_ESMFold_NAD+_synthase	AF-X8FEK2-F1-model_v4	AF-X8FEK2-F1-model_v4 tRNA-specific 2-thiouridylase MnmA	4.015E+00	0.164	37	332	430	575	4	110	358	116	0.172	0.299
LOKIASV2_3082_ESMFold_NAD+_synthase	AF-A0A0R0K188-F1-model_v4	AF-A0A0R0K188-F1-model_v4 PALP domain-containing protein	5.835E-01	0.164	37	294	484	575	70	207	379	197	0.332	0.364
LOKIASV2_3082_ESMFold_NAD+_synthase	AF-A0A1D6HLQ1-F1-model_v4	AF-A0A1D6HLQ1-F1-model_v4 Bifunctional D-cysteine desulfhydrase/1-aminocyclopropane-1-carboxylate deaminase mitochondrial	1.367E+00	0.164	37	294	389	575	111	211	419	110	0.167	0.241
LOKIASV2_3082_ESMFold_NAD+_synthase	AF-Q5RL51-F1-model_v4	AF-Q5RL51-F1-model_v4 Glutathione S-transferase C-terminal domain-containing protein	2.791E-01	0.164	37	270	376	575	396	497	634	112	0.186	0.161
LOKIASV2_3082_ESMFold_NAD+_synthase	AF-A4I7Y7-F1-model_v4	AF-A4I7Y7-F1-model_v4 DNA polymerase alpha subunit B	2.492E-01	0.164	37	5	177	575	327	497	726	216	0.301	0.236
LOKIASV2_3082_ESMFold_NAD+_synthase	AF-K0EZW5-F1-model_v4	AF-K0EZW5-F1-model_v4 Uncharacterized protein	1.367E+00	0.150	36	314	392	575	9	97	216	94	0.137	0.412
LOKIASV2_3082_ESMFold_NAD+_synthase	AF-U7PTS4-F1-model_v4	AF-U7PTS4-F1-model_v4 Uncharacterized protein	5.209E-01	0.150	36	314	473	575	3	174	250	197	0.278	0.688
LOKIASV2_3082_ESMFold_NAD+_synthase	AF-A0A0D2FAZ4-F1-model_v4	AF-A0A0D2FAZ4-F1-model_v4 Unplaced genomic scaffold supercont1.2, whole genome shotgun sequence	7.749E-01	0.150	36	314	474	575	8	186	261	200	0.280	0.686
LOKIASV2_3082_ESMFold_NAD+_synthase	AF-A0A1C1CKL0-F1-model_v4	AF-A0A1C1CKL0-F1-model_v4 Putative oxidoreductase	4.152E-01	0.150	36	314	474	575	8	186	261	212	0.280	0.686
LOKIASV2_3082_ESMFold_NAD+_synthase	AF-Q8DPR4-F1-model_v4	AF-Q8DPR4-F1-model_v4 Ribosome biogenesis GTPase A	1.029E+00	0.150	36	278	394	575	2	106	283	125	0.203	0.371
LOKIASV2_3082_ESMFold_NAD+_synthase	AF-I1K7Q8-F1-model_v4	AF-I1K7Q8-F1-model_v4 NmrA domain-containing protein	5.835E-01	0.150	36	313	472	575	2	138	310	178	0.278	0.442
LOKIASV2_3082_ESMFold_NAD+_synthase	AF-Q32CL7-F1-model_v4	AF-Q32CL7-F1-model_v4 Nitric oxide reductase FlRd-NAD(+) reductase	2.033E+00	0.150	36	304	375	575	130	202	377	81	0.125	0.194
LOKIASV2_3082_ESMFold_NAD+_synthase	AF-Q9LFA3-F1-model_v4	AF-Q9LFA3-F1-model_v4 Monodehydroascorbate reductase 1, peroxisomal	1.921E+00	0.150	36	296	375	575	147	224	434	86	0.139	0.180
LOKIASV2_3082_ESMFold_NAD+_synthase	AF-Q54Y85-F1-model_v4	AF-Q54Y85-F1-model_v4 DNA polymerase epsilon subunit 2	4.922E-01	0.150	36	6	245	575	266	510	676	297	0.417	0.362
LOKIASV2_3082_ESMFold_NAD+_synthase	AF-P9WIE1-F1-model_v4	AF-P9WIE1-F1-model_v4 Putative peroxiredoxin Rv2521	8.976E-02	0.138	35	10	121	575	34	140	157	125	0.195	0.682
LOKIASV2_3082_ESMFold_NAD+_synthase	AF-Q0P9Y8-F1-model_v4	AF-Q0P9Y8-F1-model_v4 Putative periplasmic protein	1.192E-01	0.138	35	10	120	575	49	167	186	128	0.193	0.640
LOKIASV2_3082_ESMFold_NAD+_synthase	AF-Q10QM5-F1-model_v4	AF-Q10QM5-F1-model_v4 Os03g0191400 protein	2.151E+00	0.138	35	308	406	575	74	182	215	110	0.172	0.507
LOKIASV2_3082_ESMFold_NAD+_synthase	AF-A0A0H3GS10-F1-model_v4	AF-A0A0H3GS10-F1-model_v4 Putative dehydrogenase/reductase oxidoreductase protein	6.536E-01	0.138	35	315	473	575	1	173	251	194	0.277	0.689
LOKIASV2_3082_ESMFold_NAD+_synthase	AF-I1J8T1-F1-model_v4	AF-I1J8T1-F1-model_v4 NmrA domain-containing protein	7.322E-01	0.138	35	314	472	575	3	138	307	178	0.277	0.443
LOKIASV2_3082_ESMFold_NAD+_synthase	AF-Q58165-F1-model_v4	AF-Q58165-F1-model_v4 Uncharacterized protein MJ0755	6.386E-02	0.138	35	166	546	575	61	316	342	406	0.663	0.749
LOKIASV2_3082_ESMFold_NAD+_synthase	AF-A0A044RLW3-F1-model_v4	AF-A0A044RLW3-F1-model_v4 ThiF domain-containing protein	6.536E-01	0.138	35	279	387	575	4	130	372	128	0.190	0.341
LOKIASV2_3082_ESMFold_NAD+_synthase	AF-Q6ZHE5-F1-model_v4	AF-Q6ZHE5-F1-model_v4 Putative D-cysteine desulfhydrase 1, mitochondrial	1.715E+00	0.138	35	294	389	575	118	218	426	111	0.167	0.237
LOKIASV2_3082_ESMFold_NAD+_synthase	AF-Q57VZ6-F1-model_v4	AF-Q57VZ6-F1-model_v4 Translation initiation factor eIF-2B beta subunit, putative	3.024E+00	0.138	35	285	387	575	241	337	475	104	0.179	0.204
LOKIASV2_3082_ESMFold_NAD+_synthase	AF-A0A1D8PIA3-F1-model_v4	AF-A0A1D8PIA3-F1-model_v4 Putative asparagine synthase	3.833E-02	0.138	35	18	482	575	62	590	704	626	0.809	0.751
LOKIASV2_3082_ESMFold_NAD+_synthase	AF-Q2QYF6-F1-model_v4	AF-Q2QYF6-F1-model_v4 Os12g0121600 protein	7.749E-01	0.138	35	293	392	575	615	744	839	132	0.174	0.155
LOKIASV2_3082_ESMFold_NAD+_synthase	AF-K0EVB6-F1-model_v4	AF-K0EVB6-F1-model_v4 Bacterioferritin comigratory protein	1.064E-01	0.126	34	10	121	575	34	140	157	125	0.195	0.682
LOKIASV2_3082_ESMFold_NAD+_synthase	AF-A0A1D6LUT4-F1-model_v4	AF-A0A1D6LUT4-F1-model_v4 2-isopropylmalate synthase 1 chloroplastic	1.291E+00	0.126	34	288	409	575	3	143	169	147	0.212	0.834
LOKIASV2_3082_ESMFold_NAD+_synthase	AF-A0A0R0FC91-F1-model_v4	AF-A0A0R0FC91-F1-model_v4 Usp domain-containing protein	1.620E+00	0.126	34	305	388	575	11	114	217	104	0.146	0.479
LOKIASV2_3082_ESMFold_NAD+_synthase	AF-Q5ZAV7-F1-model_v4	AF-Q5ZAV7-F1-model_v4 Os01g0783500 protein	1.815E+00	0.126	34	306	379	575	45	166	262	122	0.129	0.466
LOKIASV2_3082_ESMFold_NAD+_synthase	AF-I1J8T2-F1-model_v4	AF-I1J8T2-F1-model_v4 NmrA domain-containing protein	1.029E+00	0.126	34	314	472	575	3	138	307	177	0.277	0.443
LOKIASV2_3082_ESMFold_NAD+_synthase	AF-K7LNG3-F1-model_v4	AF-K7LNG3-F1-model_v4 NmrA domain-containing protein	9.187E-01	0.126	34	314	472	575	3	138	307	177	0.277	0.443
LOKIASV2_3082_ESMFold_NAD+_synthase	AF-Q5Z6A9-F1-model_v4	AF-Q5Z6A9-F1-model_v4 Os06g0564700 protein	6.176E-01	0.126	34	285	396	575	59	162	342	121	0.195	0.304
LOKIASV2_3082_ESMFold_NAD+_synthase	AF-A0A1P8ART1-F1-model_v4	AF-A0A1P8ART1-F1-model_v4 NAD(P)-binding Rossmann-fold superfamily protein	4.651E-01	0.126	34	279	470	575	7	165	345	215	0.334	0.461
LOKIASV2_3082_ESMFold_NAD+_synthase	AF-A0A1D6KG79-F1-model_v4	AF-A0A1D6KG79-F1-model_v4 RNA methyltransferase family protein	1.153E+00	0.126	34	290	384	575	165	252	360	103	0.165	0.244
LOKIASV2_3082_ESMFold_NAD+_synthase	AF-Q4CS37-F1-model_v4	AF-Q4CS37-F1-model_v4 Translation initiation factor eIF2B subunit-like protein, putative	6.918E-01	0.126	34	262	388	575	315	454	610	146	0.221	0.230
LOKIASV2_3082_ESMFold_NAD+_synthase	AF-B5X4Z9-F1-model_v4	AF-B5X4Z9-F1-model_v4 At2g16750	3.794E+00	0.126	34	315	429	575	11	106	617	126	0.200	0.156
LOKIASV2_3082_ESMFold_NAD+_synthase	AF-Q54PG8-F1-model_v4	AF-Q54PG8-F1-model_v4 Glycosyltransferase-like protein gnt14	7.322E-01	0.126	34	273	377	575	306	406	640	108	0.183	0.158
LOKIASV2_3082_ESMFold_NAD+_synthase	AF-Q38DE8-F1-model_v4	AF-Q38DE8-F1-model_v4 Ubiquitin-activating enzyme E1, putative	6.176E-01	0.126	34	279	387	575	49	176	1214	132	0.190	0.105
LOKIASV2_3082_ESMFold_NAD+_synthase	AF-A0A1D6IEQ6-F1-model_v4	AF-A0A1D6IEQ6-F1-model_v4 USP family protein	1.531E+00	0.116	33	312	392	575	52	182	282	131	0.141	0.465
LOKIASV2_3082_ESMFold_NAD+_synthase	AF-Q54KK0-F1-model_v4	AF-Q54KK0-F1-model_v4 Uncharacterized protein	9.187E-01	0.116	33	272	422	575	35	231	285	199	0.263	0.691
LOKIASV2_3082_ESMFold_NAD+_synthase	AF-A0A0D2D9M9-F1-model_v4	AF-A0A0D2D9M9-F1-model_v4 Unplaced genomic scaffold supercont1.9, whole genome shotgun sequence	3.024E+00	0.116	33	297	377	575	44	117	347	84	0.141	0.213
LOKIASV2_3082_ESMFold_NAD+_synthase	AF-O53346-F1-model_v4	AF-O53346-F1-model_v4 Possible transmembrane cation transporter	2.791E-01	0.116	33	263	532	575	94	296	355	294	0.470	0.572
LOKIASV2_3082_ESMFold_NAD+_synthase	AF-Q9UTH1-F1-model_v4	AF-Q9UTH1-F1-model_v4 tRNA:m(4)X modification enzyme TRM13	4.152E-01	0.116	33	267	377	575	85	197	368	120	0.193	0.307
LOKIASV2_3082_ESMFold_NAD+_synthase	AF-A0A0D2FZW8-F1-model_v4	AF-A0A0D2FZW8-F1-model_v4 Unplaced genomic scaffold supercont1.10, whole genome shotgun sequence	2.277E+00	0.116	33	296	394	575	500	589	622	102	0.172	0.145
LOKIASV2_3082_ESMFold_NAD+_synthase	AF-A0A3P7DK04-F1-model_v4	AF-A0A3P7DK04-F1-model_v4 CRAL-TRIO domain-containing protein	2.637E-01	0.116	33	290	545	575	5	218	647	270	0.445	0.331
LOKIASV2_3082_ESMFold_NAD+_synthase	AF-Q9LVN9-F1-model_v4	AF-Q9LVN9-F1-model_v4 At5g63940	1.815E+00	0.116	33	318	405	575	22	138	705	117	0.153	0.166
LOKIASV2_3082_ESMFold_NAD+_synthase	AF-A0A0R0IV27-F1-model_v4	AF-A0A0R0IV27-F1-model_v4 1,3-beta-glucan synthase	4.922E-01	0.116	33	20	135	575	1118	1261	1867	149	0.202	0.077
LOKIASV2_3082_ESMFold_NAD+_synthase	AF-Q29PX7-F1-model_v4	AF-Q29PX7-F1-model_v4 At1g19540	2.151E+00	0.106	32	315	457	575	2	112	310	152	0.249	0.358
LOKIASV2_3082_ESMFold_NAD+_synthase	AF-A0A0P0VB72-F1-model_v4	AF-A0A0P0VB72-F1-model_v4 Os01g0875300 protein	1.815E+00	0.106	32	305	475	575	148	284	314	185	0.297	0.436
LOKIASV2_3082_ESMFold_NAD+_synthase	AF-I1J8T0-F1-model_v4	AF-I1J8T0-F1-model_v4 Isoflavone reductase	9.723E-01	0.106	32	315	472	575	4	149	318	185	0.275	0.459
LOKIASV2_3082_ESMFold_NAD+_synthase	AF-I1LHU6-F1-model_v4	AF-I1LHU6-F1-model_v4 Isoflavone reductase	8.680E-01	0.106	32	315	472	575	4	149	318	185	0.275	0.459
LOKIASV2_3082_ESMFold_NAD+_synthase	AF-K7LNG5-F1-model_v4	AF-K7LNG5-F1-model_v4 Isoflavone reductase	6.918E-01	0.106	32	314	472	575	3	149	318	184	0.277	0.462
LOKIASV2_3082_ESMFold_NAD+_synthase	AF-A0A0D2GS30-F1-model_v4	AF-A0A0D2GS30-F1-model_v4 Unplaced genomic scaffold supercont1.3, whole genome shotgun sequence	3.923E-01	0.106	32	253	376	575	131	221	355	125	0.216	0.256
LOKIASV2_3082_ESMFold_NAD+_synthase	AF-Q4DRK7-F1-model_v4	AF-Q4DRK7-F1-model_v4 Ubiquitin-activating enzyme E1, putative	8.680E-01	0.106	32	273	377	575	38	169	411	136	0.183	0.321
LOKIASV2_3082_ESMFold_NAD+_synthase	AF-Q19196-F1-model_v4	AF-Q19196-F1-model_v4 Probable DNA polymerase epsilon subunit 2	2.637E-01	0.106	32	6	284	575	270	533	534	333	0.485	0.494
LOKIASV2_3082_ESMFold_NAD+_synthase	AF-A0A5K4EBG0-F1-model_v4	AF-A0A5K4EBG0-F1-model_v4 Protein arginine N-methyltransferase	3.309E-01	0.106	32	220	396	575	122	307	552	198	0.308	0.337
LOKIASV2_3082_ESMFold_NAD+_synthase	AF-A0A077Z6S4-F1-model_v4	AF-A0A077Z6S4-F1-model_v4 Cullin Nedd8 and Glyco transf 25 and Pkinase and Anp1 and Cullin domain containing protein	3.387E+00	0.106	32	316	394	575	853	955	1700	105	0.137	0.061
LOKIASV2_3082_ESMFold_NAD+_synthase	AF-A0A1D6NNZ3-F1-model_v4	AF-A0A1D6NNZ3-F1-model_v4 1,3-beta-glucan synthase	5.835E-01	0.106	32	45	121	575	1208	1284	1928	81	0.134	0.040
LOKIASV2_3082_ESMFold_NAD+_synthase	AF-Q8MXT1-F1-model_v4	AF-Q8MXT1-F1-model_v4 Thioredoxin domain-containing protein	1.986E-01	0.098	31	10	121	575	29	146	231	135	0.195	0.511
LOKIASV2_3082_ESMFold_NAD+_synthase	AF-A0A0P0WXY8-F1-model_v4	AF-A0A0P0WXY8-F1-model_v4 Os06g0564400 protein	1.367E+00	0.098	31	266	393	575	47	166	257	136	0.223	0.467
LOKIASV2_3082_ESMFold_NAD+_synthase	AF-A0A0D2H7I7-F1-model_v4	AF-A0A0D2H7I7-F1-model_v4 Unplaced genomic scaffold supercont1.4, whole genome shotgun sequence	3.200E+00	0.098	31	317	435	575	5	148	302	148	0.207	0.477
LOKIASV2_3082_ESMFold_NAD+_synthase	AF-C0NQF1-F1-model_v4	AF-C0NQF1-F1-model_v4 NmrA domain-containing protein	2.151E+00	0.098	31	281	377	575	37	148	330	124	0.169	0.339
LOKIASV2_3082_ESMFold_NAD+_synthase	AF-Q8S8P9-F1-model_v4	AF-Q8S8P9-F1-model_v4 Oxysterol-binding protein-related protein 1B	4.015E+00	0.098	31	316	376	575	13	68	489	64	0.106	0.115
LOKIASV2_3082_ESMFold_NAD+_synthase	AF-D4ABZ5-F1-model_v4	AF-D4ABZ5-F1-model_v4 DNA polymerase epsilon subunit	7.749E-01	0.098	31	10	246	575	285	524	527	293	0.412	0.455
LOKIASV2_3082_ESMFold_NAD+_synthase	AF-Q8S8P8-F1-model_v4	AF-Q8S8P8-F1-model_v4 Oxysterol-binding-like protein	2.550E+00	0.090	30	332	397	575	24	81	83	66	0.115	0.699
LOKIASV2_3082_ESMFold_NAD+_synthase	AF-Q0PBN4-F1-model_v4	AF-Q0PBN4-F1-model_v4 Thioredoxin peroxidase	8.013E-02	0.090	30	10	134	575	30	147	151	142	0.217	0.781
LOKIASV2_3082_ESMFold_NAD+_synthase	AF-P44411-F1-model_v4	AF-P44411-F1-model_v4 Putative peroxiredoxin bcp	2.102E-01	0.090	30	10	124	575	31	140	155	127	0.200	0.710
LOKIASV2_3082_ESMFold_NAD+_synthase	AF-Q9HZS9-F1-model_v4	AF-Q9HZS9-F1-model_v4 Probable short-chain dehydrogenase	1.815E+00	0.090	30	314	473	575	6	176	257	193	0.278	0.665
LOKIASV2_3082_ESMFold_NAD+_synthase	AF-A0A0D2E8H2-F1-model_v4	AF-A0A0D2E8H2-F1-model_v4 Unplaced genomic scaffold supercont1.1, whole genome shotgun sequence	1.367E+00	0.090	30	281	473	575	1	203	285	227	0.336	0.712
LOKIASV2_3082_ESMFold_NAD+_synthase	AF-A0A175VR64-F1-model_v4	AF-A0A175VR64-F1-model_v4 Putative 1-aminocyclopropane-1-carboxylate deaminase	3.923E-01	0.090	30	298	562	575	58	335	347	321	0.461	0.801
LOKIASV2_3082_ESMFold_NAD+_synthase	AF-Q9UT76-F1-model_v4	AF-Q9UT76-F1-model_v4 Probable translation initiation factor eIF-2B subunit beta	2.151E+00	0.090	30	266	386	575	140	269	393	139	0.210	0.331
LOKIASV2_3082_ESMFold_NAD+_synthase	AF-Q57739-F1-model_v4	AF-Q57739-F1-model_v4 Signal recognition particle receptor FtsY	1.153E+00	0.090	30	293	477	575	174	341	409	207	0.322	0.411
LOKIASV2_3082_ESMFold_NAD+_synthase	AF-U7PUV9-F1-model_v4	AF-U7PUV9-F1-model_v4 Uncharacterized protein	4.760E+00	0.090	30	294	387	575	233	315	444	96	0.163	0.187
LOKIASV2_3082_ESMFold_NAD+_synthase	AF-A0A1D6KGE4-F1-model_v4	AF-A0A1D6KGE4-F1-model_v4 GTP binding protein	1.291E+00	0.090	30	281	423	575	119	290	596	181	0.249	0.289
LOKIASV2_3082_ESMFold_NAD+_synthase	AF-Q54NA0-F1-model_v4	AF-Q54NA0-F1-model_v4 Nuclear pore complex protein nup85	1.986E-01	0.090	30	285	548	575	203	476	890	317	0.459	0.308
LOKIASV2_3082_ESMFold_NAD+_synthase	AF-Q7AQJ4-F1-model_v4	AF-Q7AQJ4-F1-model_v4 Putative antioxidant protein	9.499E-02	0.082	29	10	121	575	34	140	161	133	0.195	0.665
LOKIASV2_3082_ESMFold_NAD+_synthase	AF-K0EXB0-F1-model_v4	AF-K0EXB0-F1-model_v4 Uncharacterized protein	6.536E-01	0.082	29	313	565	575	7	215	216	282	0.440	0.968
LOKIASV2_3082_ESMFold_NAD+_synthase	AF-A0A0K0JMM2-F1-model_v4	AF-A0A0K0JMM2-F1-model_v4 NAD(P)H-hydrate epimerase	2.857E+00	0.082	29	286	430	575	52	189	264	157	0.252	0.523
LOKIASV2_3082_ESMFold_NAD+_synthase	AF-P37049-F1-model_v4	AF-P37049-F1-model_v4 Phosphodiesterase YaeI	8.680E-01	0.082	29	9	187	575	48	208	270	214	0.311	0.596
LOKIASV2_3082_ESMFold_NAD+_synthase	AF-P65608-F1-model_v4	AF-P65608-F1-model_v4 Ornithine carbamoyltransferase, catabolic	2.857E+00	0.082	29	299	375	575	136	215	338	85	0.134	0.237
LOKIASV2_3082_ESMFold_NAD+_synthase	AF-Q54L24-F1-model_v4	AF-Q54L24-F1-model_v4 Uncharacterized protein	8.201E-01	0.082	29	279	376	575	54	147	371	104	0.170	0.253
LOKIASV2_3082_ESMFold_NAD+_synthase	AF-A4IC39-F1-model_v4	AF-A4IC39-F1-model_v4 GTP-binding_protein_-_putative	2.699E+00	0.082	29	291	398	575	55	158	464	115	0.188	0.224
LOKIASV2_3082_ESMFold_NAD+_synthase	AF-Q54BD5-F1-model_v4	AF-Q54BD5-F1-model_v4 tRNA:m(4)X modification enzyme TRM13 homolog	1.675E-01	0.082	29	270	545	575	231	494	525	333	0.480	0.503
LOKIASV2_3082_ESMFold_NAD+_synthase	AF-Q4E5C3-F1-model_v4	AF-Q4E5C3-F1-model_v4 Cardiolipin synthetase, putative	4.015E+00	0.082	29	302	392	575	105	197	639	96	0.158	0.146
LOKIASV2_3082_ESMFold_NAD+_synthase	AF-Q9NVM4-F1-model_v4	AF-Q9NVM4-F1-model_v4 Protein arginine N-methyltransferase 7	2.637E-01	0.082	29	238	382	575	322	460	692	160	0.252	0.201
LOKIASV2_3082_ESMFold_NAD+_synthase	AF-I1LXD7-F1-model_v4	AF-I1LXD7-F1-model_v4 Protein kinase domain-containing protein	3.200E+00	0.082	29	313	429	575	16	122	736	139	0.203	0.145
LOKIASV2_3082_ESMFold_NAD+_synthase	AF-A0A1D6GDM7-F1-model_v4	AF-A0A1D6GDM7-F1-model_v4 Protein kinase protein with adenine nucleotide alpha hydrolase-like domain	1.921E+00	0.082	29	271	395	575	14	140	769	135	0.217	0.165
LOKIASV2_3082_ESMFold_NAD+_synthase	AF-Q8IQN7-F1-model_v4	AF-Q8IQN7-F1-model_v4 Uncharacterized protein, isoform E	1.153E+00	0.082	29	272	376	575	325	422	833	112	0.183	0.118
LOKIASV2_3082_ESMFold_NAD+_synthase	AF-Q8ILF2-F1-model_v4	AF-Q8ILF2-F1-model_v4 Large subunit GTPase 1, putative	1.153E+00	0.082	29	281	393	575	348	481	833	140	0.197	0.161
LOKIASV2_3082_ESMFold_NAD+_synthase	AF-Q9I4W5-F1-model_v4	AF-Q9I4W5-F1-model_v4 Thioredoxin peroxidase	2.354E-01	0.076	28	10	121	575	30	136	157	125	0.195	0.682
LOKIASV2_3082_ESMFold_NAD+_synthase	AF-Q5AJ92-F1-model_v4	AF-Q5AJ92-F1-model_v4 Ribose-5-phosphate isomerase	2.857E+00	0.076	28	291	378	575	1	77	240	88	0.153	0.321
LOKIASV2_3082_ESMFold_NAD+_synthase	AF-A0A1D6GA16-F1-model_v4	AF-A0A1D6GA16-F1-model_v4 USP family protein	7.322E-01	0.076	28	316	469	575	53	212	266	172	0.268	0.602
LOKIASV2_3082_ESMFold_NAD+_synthase	AF-K0ES50-F1-model_v4	AF-K0ES50-F1-model_v4 S-adenosyl-L-methionine-dependent methyltransferase	1.367E+00	0.076	28	282	401	575	42	141	289	123	0.209	0.346
LOKIASV2_3082_ESMFold_NAD+_synthase	AF-K0EPC4-F1-model_v4	AF-K0EPC4-F1-model_v4 Uncharacterized protein	1.675E-01	0.076	28	16	387	575	10	248	292	399	0.647	0.818
LOKIASV2_3082_ESMFold_NAD+_synthase	AF-Q9SXS7-F1-model_v4	AF-Q9SXS7-F1-model_v4 Bifunctional L-3-cyanoalanine synthase/cysteine synthase D2	6.176E-01	0.076	28	301	562	575	51	301	323	299	0.456	0.777
LOKIASV2_3082_ESMFold_NAD+_synthase	AF-A0A1C1D1M8-F1-model_v4	AF-A0A1C1D1M8-F1-model_v4 Uncharacterized protein	6.321E+00	0.076	28	314	433	575	3	102	333	127	0.209	0.300
LOKIASV2_3082_ESMFold_NAD+_synthase	AF-A0A0D2FFZ8-F1-model_v4	AF-A0A0D2FFZ8-F1-model_v4 Unplaced genomic scaffold supercont1.1, whole genome shotgun sequence	5.973E+00	0.076	28	314	433	575	3	102	334	127	0.209	0.299
LOKIASV2_3082_ESMFold_NAD+_synthase	AF-Q9URX3-F1-model_v4	AF-Q9URX3-F1-model_v4 Probable 1-aminocyclopropane-1-carboxylate deaminase	8.680E-01	0.076	28	298	562	575	51	323	338	302	0.461	0.808
LOKIASV2_3082_ESMFold_NAD+_synthase	AF-C1GRI0-F1-model_v4	AF-C1GRI0-F1-model_v4 Thiamine thiazole synthase	6.918E-01	0.076	28	266	357	575	72	166	383	97	0.160	0.248
LOKIASV2_3082_ESMFold_NAD+_synthase	AF-Q4DUI8-F1-model_v4	AF-Q4DUI8-F1-model_v4 Ubiquitin-activating enzyme E1, putative	1.089E+00	0.076	28	273	377	575	38	169	428	140	0.183	0.308
LOKIASV2_3082_ESMFold_NAD+_synthase	AF-P92980-F1-model_v4	AF-P92980-F1-model_v4 5'-adenylylsulfate reductase 3, chloroplastic	6.321E+00	0.076	28	279	474	575	72	273	458	226	0.341	0.441
LOKIASV2_3082_ESMFold_NAD+_synthase	AF-Q8S3R2-F1-model_v4	AF-Q8S3R2-F1-model_v4 Monodehydroascorbate reductase 2, peroxisomal	4.250E+00	0.076	28	283	375	575	147	224	476	99	0.162	0.164
LOKIASV2_3082_ESMFold_NAD+_synthase	AF-Q9NUP7-F1-model_v4	AF-Q9NUP7-F1-model_v4 tRNA:m(4)X modification enzyme TRM13 homolog	2.699E+00	0.076	28	284	376	575	148	238	481	96	0.162	0.189
LOKIASV2_3082_ESMFold_NAD+_synthase	AF-P56282-F1-model_v4	AF-P56282-F1-model_v4 DNA polymerase epsilon subunit 2	1.291E+00	0.076	28	10	246	575	285	524	527	303	0.412	0.455
LOKIASV2_3082_ESMFold_NAD+_synthase	AF-Q9SHS8-F1-model_v4	AF-Q9SHS8-F1-model_v4 GTPase LSG1-1	1.620E+00	0.076	28	279	398	575	114	248	537	149	0.209	0.251
LOKIASV2_3082_ESMFold_NAD+_synthase	AF-Q8TE04-F1-model_v4	AF-Q8TE04-F1-model_v4 Pantothenate kinase 1	5.332E+00	0.076	28	24	75	575	520	560	598	52	0.090	0.069
LOKIASV2_3082_ESMFold_NAD+_synthase	AF-Q2QM41-F1-model_v4	AF-Q2QM41-F1-model_v4 Expressed protein	8.680E-01	0.076	28	279	422	575	119	299	598	185	0.250	0.303
LOKIASV2_3082_ESMFold_NAD+_synthase	AF-A0A0D2H3V9-F1-model_v4	AF-A0A0D2H3V9-F1-model_v4 Ceramide glucosyltransferase	5.332E+00	0.076	28	309	407	575	46	151	636	113	0.172	0.167
LOKIASV2_3082_ESMFold_NAD+_synthase	AF-A0A5K4F4L7-F1-model_v4	AF-A0A5K4F4L7-F1-model_v4 Metallophos domain-containing protein	9.187E-01	0.076	28	5	266	575	47	304	671	333	0.456	0.385
LOKIASV2_3082_ESMFold_NAD+_synthase	AF-A0A0P0Y7Q0-F1-model_v4	AF-A0A0P0Y7Q0-F1-model_v4 Os12g0180500 protein	3.585E+00	0.076	28	315	429	575	28	137	729	140	0.200	0.151
LOKIASV2_3082_ESMFold_NAD+_synthase	AF-Q7Z1Z1-F1-model_v4	AF-Q7Z1Z1-F1-model_v4 Chondroitin sulfate synthase sqv-5	1.986E-01	0.076	28	194	379	575	383	554	736	212	0.323	0.234
LOKIASV2_3082_ESMFold_NAD+_synthase	AF-A0A5K4EBL2-F1-model_v4	AF-A0A5K4EBL2-F1-model_v4 Protein arginine N-methyltransferase	8.201E-01	0.076	28	220	377	575	308	474	738	179	0.275	0.226
LOKIASV2_3082_ESMFold_NAD+_synthase	AF-I1LLS7-F1-model_v4	AF-I1LLS7-F1-model_v4 Na_H_Exchanger domain-containing protein	1.583E-01	0.076	28	14	387	575	463	708	773	402	0.650	0.318
LOKIASV2_3082_ESMFold_NAD+_synthase	AF-Q9SJM0-F1-model_v4	AF-Q9SJM0-F1-model_v4 Callose synthase 10	2.550E+00	0.076	28	45	121	575	1194	1269	1904	86	0.134	0.040
LOKIASV2_3082_ESMFold_NAD+_synthase	AF-A0A0H3H1D2-F1-model_v4	AF-A0A0H3H1D2-F1-model_v4 Thioredoxin peroxidase	3.707E-01	0.069	27	10	132	575	31	146	156	135	0.214	0.744
LOKIASV2_3082_ESMFold_NAD+_synthase	AF-C6SWE0-F1-model_v4	AF-C6SWE0-F1-model_v4 Glutaredoxin-dependent peroxiredoxin	9.187E-01	0.069	27	10	135	575	36	159	162	145	0.219	0.765
LOKIASV2_3082_ESMFold_NAD+_synthase	AF-B4FSM5-F1-model_v4	AF-B4FSM5-F1-model_v4 Glutaredoxin-dependent peroxiredoxin	4.651E-01	0.069	27	9	130	575	67	183	193	139	0.212	0.606
LOKIASV2_3082_ESMFold_NAD+_synthase	AF-O94561-F1-model_v4	AF-O94561-F1-model_v4 Peroxiredoxin bcp1	4.394E-01	0.069	27	10	121	575	74	175	195	126	0.195	0.523
LOKIASV2_3082_ESMFold_NAD+_synthase	AF-O80501-F1-model_v4	AF-O80501-F1-model_v4 Ras-related protein RABH1b	4.015E+00	0.069	27	307	398	575	72	173	208	105	0.160	0.490
LOKIASV2_3082_ESMFold_NAD+_synthase	AF-P0C5D1-F1-model_v4	AF-P0C5D1-F1-model_v4 1-Cys peroxiredoxin B	7.322E-01	0.069	27	10	121	575	31	144	220	134	0.195	0.518
LOKIASV2_3082_ESMFold_NAD+_synthase	AF-O35244-F1-model_v4	AF-O35244-F1-model_v4 Peroxiredoxin-6	5.209E-01	0.069	27	10	134	575	32	160	224	143	0.217	0.576
LOKIASV2_3082_ESMFold_NAD+_synthase	AF-Q8IZJ6-F1-model_v4	AF-Q8IZJ6-F1-model_v4 Inactive L-threonine 3-dehydrogenase, mitochondrial	5.332E+00	0.069	27	315	429	575	51	162	230	128	0.200	0.487
LOKIASV2_3082_ESMFold_NAD+_synthase	AF-B7FAC8-F1-model_v4	AF-B7FAC8-F1-model_v4 3-oxoacyl-[acyl-carrier-protein] reductase	6.918E-01	0.069	27	280	559	575	41	307	312	335	0.487	0.856
LOKIASV2_3082_ESMFold_NAD+_synthase	AF-A0A1C1CFF2-F1-model_v4	AF-A0A1C1CFF2-F1-model_v4 Ketimine reductase mu-crystallin	6.536E-01	0.069	27	228	375	575	60	186	332	167	0.257	0.383
LOKIASV2_3082_ESMFold_NAD+_synthase	AF-X8F9F3-F1-model_v4	AF-X8F9F3-F1-model_v4 TrkA-N domain protein	8.201E-01	0.069	27	263	543	575	51	253	347	297	0.489	0.585
LOKIASV2_3082_ESMFold_NAD+_synthase	AF-Q8T638-F1-model_v4	AF-Q8T638-F1-model_v4 Des-methyl DIF-1 methyltransferase A	8.680E-01	0.069	27	280	377	575	147	248	363	107	0.170	0.281
LOKIASV2_3082_ESMFold_NAD+_synthase	AF-K7L703-F1-model_v4	AF-K7L703-F1-model_v4 G domain-containing protein	7.494E+00	0.069	27	305	390	575	35	122	377	93	0.150	0.233
LOKIASV2_3082_ESMFold_NAD+_synthase	AF-U7PRA5-F1-model_v4	AF-U7PRA5-F1-model_v4 PKS_ER domain-containing protein	1.531E+00	0.069	27	230	375	575	129	276	427	162	0.254	0.347
LOKIASV2_3082_ESMFold_NAD+_synthase	AF-Q4D562-F1-model_v4	AF-Q4D562-F1-model_v4 GTP-binding protein, putative	5.332E+00	0.069	27	303	398	575	58	158	452	105	0.167	0.223
LOKIASV2_3082_ESMFold_NAD+_synthase	AF-Q7Y217-F1-model_v4	AF-Q7Y217-F1-model_v4 Glycosyltransferase	3.200E+00	0.069	27	268	383	575	34	138	463	123	0.202	0.227
LOKIASV2_3082_ESMFold_NAD+_synthase	AF-A0A0R4J5Z5-F1-model_v4	AF-A0A0R4J5Z5-F1-model_v4 Pyr_redox_2 domain-containing protein	4.250E+00	0.069	27	281	375	575	144	223	478	101	0.165	0.167
LOKIASV2_3082_ESMFold_NAD+_synthase	AF-A0A3P7EF88-F1-model_v4	AF-A0A3P7EF88-F1-model_v4 Uncharacterized protein	3.794E+00	0.069	27	315	375	575	107	170	516	71	0.106	0.124
LOKIASV2_3082_ESMFold_NAD+_synthase	AF-O54956-F1-model_v4	AF-O54956-F1-model_v4 DNA polymerase epsilon subunit 2	1.620E+00	0.069	27	10	246	575	285	524	527	293	0.412	0.455
LOKIASV2_3082_ESMFold_NAD+_synthase	AF-I1KEE1-F1-model_v4	AF-I1KEE1-F1-model_v4 GRAS domain-containing protein	2.277E+00	0.069	27	266	379	575	257	378	568	130	0.198	0.215
LOKIASV2_3082_ESMFold_NAD+_synthase	AF-Q5U4E8-F1-model_v4	AF-Q5U4E8-F1-model_v4 Protein arginine N-methyltransferase 7	8.680E-01	0.069	27	238	382	575	322	460	693	161	0.252	0.201
LOKIASV2_3082_ESMFold_NAD+_synthase	AF-I1KBL7-F1-model_v4	AF-I1KBL7-F1-model_v4 Protein kinase domain-containing protein	5.973E+00	0.069	27	315	388	575	10	99	700	90	0.129	0.129
LOKIASV2_3082_ESMFold_NAD+_synthase	AF-I1KAF1-F1-model_v4	AF-I1KAF1-F1-model_v4 Protein kinase domain-containing protein	5.332E+00	0.069	27	315	429	575	11	114	743	136	0.200	0.140
LOKIASV2_3082_ESMFold_NAD+_synthase	AF-Q32D85-F1-model_v4	AF-Q32D85-F1-model_v4 Thioredoxin peroxidase	6.536E-01	0.063	26	10	132	575	31	146	156	136	0.214	0.744
LOKIASV2_3082_ESMFold_NAD+_synthase	AF-P0AE52-F1-model_v4	AF-P0AE52-F1-model_v4 Peroxiredoxin Bcp	6.536E-01	0.063	26	10	132	575	31	146	156	136	0.214	0.744
LOKIASV2_3082_ESMFold_NAD+_synthase	AF-B4FVQ8-F1-model_v4	AF-B4FVQ8-F1-model_v4 Adenine nucleotide alpha hydrolase-like superfamily protein	4.250E+00	0.063	26	310	392	575	34	130	180	98	0.144	0.539
LOKIASV2_3082_ESMFold_NAD+_synthase	AF-Q9SDD6-F1-model_v4	AF-Q9SDD6-F1-model_v4 Peroxiredoxin-2F, mitochondrial	5.835E-01	0.063	26	9	130	575	72	188	198	137	0.212	0.591
LOKIASV2_3082_ESMFold_NAD+_synthase	AF-Q7F8S5-F1-model_v4	AF-Q7F8S5-F1-model_v4 Peroxiredoxin-2E-2, chloroplastic	7.322E-01	0.063	26	10	134	575	96	221	225	141	0.217	0.560
LOKIASV2_3082_ESMFold_NAD+_synthase	AF-P0C7V9-F1-model_v4	AF-P0C7V9-F1-model_v4 Putative methyltransferase-like protein 15P1	5.038E+00	0.063	26	278	388	575	45	156	234	119	0.193	0.479
LOKIASV2_3082_ESMFold_NAD+_synthase	AF-A0A5K4F6Z2-F1-model_v4	AF-A0A5K4F6Z2-F1-model_v4 Uncharacterized protein	7.749E-01	0.063	26	266	450	575	16	194	250	216	0.322	0.716
LOKIASV2_3082_ESMFold_NAD+_synthase	AF-K7N575-F1-model_v4	AF-K7N575-F1-model_v4 Uncharacterized protein	9.951E+00	0.063	26	136	217	575	36	115	260	87	0.143	0.308
LOKIASV2_3082_ESMFold_NAD+_synthase	AF-A0A1D6N9T5-F1-model_v4	AF-A0A1D6N9T5-F1-model_v4 Universal stress protein PHOS34	9.187E-01	0.063	26	306	469	575	31	207	261	192	0.285	0.678
LOKIASV2_3082_ESMFold_NAD+_synthase	AF-Q7XHV1-F1-model_v4	AF-Q7XHV1-F1-model_v4 Os07g0551400 protein	2.699E+00	0.063	26	313	469	575	52	213	268	211	0.273	0.604
LOKIASV2_3082_ESMFold_NAD+_synthase	AF-A0A0I9N3X1-F1-model_v4	AF-A0A0I9N3X1-F1-model_v4 Bm6307, isoform a	5.643E+00	0.063	26	62	113	575	72	128	308	58	0.090	0.185
LOKIASV2_3082_ESMFold_NAD+_synthase	AF-A0A133CMU6-F1-model_v4	AF-A0A133CMU6-F1-model_v4 Phosphate acetyltransferase	5.643E+00	0.063	26	306	430	575	3	122	326	140	0.217	0.368
LOKIASV2_3082_ESMFold_NAD+_synthase	AF-C0NSF3-F1-model_v4	AF-C0NSF3-F1-model_v4 Thiamine thiazole synthase	9.723E-01	0.063	26	270	357	575	38	115	334	92	0.153	0.234
LOKIASV2_3082_ESMFold_NAD+_synthase	AF-Q6NY87-F1-model_v4	AF-Q6NY87-F1-model_v4 Excision repair cross-complementation group 1	7.931E+00	0.063	26	136	215	575	160	239	342	85	0.139	0.234
LOKIASV2_3082_ESMFold_NAD+_synthase	AF-K0F699-F1-model_v4	AF-K0F699-F1-model_v4 Putative ion channel membrane protein	2.277E+00	0.063	26	285	526	575	119	284	351	250	0.421	0.473
LOKIASV2_3082_ESMFold_NAD+_synthase	AF-Q5Z8Y9-F1-model_v4	AF-Q5Z8Y9-F1-model_v4 Os06g0564500 protein	1.921E+00	0.063	26	301	462	575	86	276	357	208	0.282	0.535
LOKIASV2_3082_ESMFold_NAD+_synthase	AF-A0A1C1D144-F1-model_v4	AF-A0A1C1D144-F1-model_v4 1-aminocyclopropane-1-carboxylate deaminase	8.201E-01	0.063	26	298	557	575	68	352	367	317	0.452	0.777
LOKIASV2_3082_ESMFold_NAD+_synthase	AF-A0A1D6P7A8-F1-model_v4	AF-A0A1D6P7A8-F1-model_v4 Callose synthase 7	1.064E-01	0.063	26	164	377	575	106	325	426	255	0.372	0.516
LOKIASV2_3082_ESMFold_NAD+_synthase	AF-Q38E75-F1-model_v4	AF-Q38E75-F1-model_v4 GTP-binding protein, putative	8.394E+00	0.063	26	298	398	575	58	157	451	110	0.176	0.222
LOKIASV2_3082_ESMFold_NAD+_synthase	AF-O80568-F1-model_v4	AF-O80568-F1-model_v4 Inositol 1,3,4-trisphosphate 5/6-kinase 4	7.494E+00	0.063	26	315	397	575	1	92	488	99	0.144	0.189
LOKIASV2_3082_ESMFold_NAD+_synthase	AF-Q9SCP6-F1-model_v4	AF-Q9SCP6-F1-model_v4 UDP-glycosyltransferase 73D1	8.394E+00	0.063	26	317	437	575	11	134	507	131	0.210	0.245
LOKIASV2_3082_ESMFold_NAD+_synthase	AF-A2AV36-F1-model_v4	AF-A2AV36-F1-model_v4 Protein arginine N-methyltransferase 7	4.152E-01	0.063	26	242	374	575	321	450	683	145	0.231	0.190
LOKIASV2_3082_ESMFold_NAD+_synthase	AF-P76558-F1-model_v4	AF-P76558-F1-model_v4 NADP-dependent malic enzyme	4.250E+00	0.063	26	276	436	575	404	561	759	179	0.280	0.208
LOKIASV2_3082_ESMFold_NAD+_synthase	AF-Q64701-F1-model_v4	AF-Q64701-F1-model_v4 Retinoblastoma-like protein 1	7.494E+00	0.063	26	86	129	575	699	743	1063	46	0.077	0.042
LOKIASV2_3082_ESMFold_NAD+_synthase	AF-Q2G280-F1-model_v4	AF-Q2G280-F1-model_v4 NADH-dependent peroxiredoxin	6.176E-01	0.057	25	10	135	575	29	144	151	139	0.219	0.768
LOKIASV2_3082_ESMFold_NAD+_synthase	AF-Q54W09-F1-model_v4	AF-Q54W09-F1-model_v4 AhpC/TSA family protein	8.201E-01	0.057	25	10	121	575	33	132	152	123	0.195	0.658
LOKIASV2_3082_ESMFold_NAD+_synthase	AF-Q7CQ23-F1-model_v4	AF-Q7CQ23-F1-model_v4 Thioredoxin peroxidase	7.322E-01	0.057	25	10	132	575	31	146	156	135	0.214	0.744
LOKIASV2_3082_ESMFold_NAD+_synthase	AF-I1MS47-F1-model_v4	AF-I1MS47-F1-model_v4 Thioredoxin-dependent peroxiredoxin	8.680E-01	0.057	25	10	122	575	93	195	213	125	0.197	0.484
LOKIASV2_3082_ESMFold_NAD+_synthase	AF-C1HCU0-F1-model_v4	AF-C1HCU0-F1-model_v4 Thioredoxin domain-containing protein	6.918E-01	0.057	25	6	121	575	93	196	213	130	0.202	0.488
LOKIASV2_3082_ESMFold_NAD+_synthase	AF-O08709-F1-model_v4	AF-O08709-F1-model_v4 Peroxiredoxin-6	8.680E-01	0.057	25	10	134	575	32	160	224	146	0.217	0.576
LOKIASV2_3082_ESMFold_NAD+_synthase	AF-A0A5K4F3Z0-F1-model_v4	AF-A0A5K4F3Z0-F1-model_v4 Uncharacterized protein	9.723E-01	0.057	25	281	441	575	16	164	231	183	0.280	0.645
LOKIASV2_3082_ESMFold_NAD+_synthase	AF-A0A5K4F4E6-F1-model_v4	AF-A0A5K4F4E6-F1-model_v4 Uncharacterized protein	8.201E-01	0.057	25	269	441	575	3	164	231	198	0.301	0.701
LOKIASV2_3082_ESMFold_NAD+_synthase	AF-K0F079-F1-model_v4	AF-K0F079-F1-model_v4 Short chain dehydrogenase	4.498E+00	0.057	25	314	473	575	5	174	250	191	0.278	0.680
LOKIASV2_3082_ESMFold_NAD+_synthase	AF-Q9UTL3-F1-model_v4	AF-Q9UTL3-F1-model_v4 Ribose-5-phosphate isomerase	5.038E+00	0.057	25	281	375	575	1	82	274	95	0.165	0.299
LOKIASV2_3082_ESMFold_NAD+_synthase	AF-I1KU88-F1-model_v4	AF-I1KU88-F1-model_v4 Uncharacterized protein	5.038E+00	0.057	25	285	374	575	103	191	286	99	0.157	0.311
LOKIASV2_3082_ESMFold_NAD+_synthase	AF-A0A0G2KT55-F1-model_v4	AF-A0A0G2KT55-F1-model_v4 DNA polymerase II subunit 2	2.033E+00	0.057	25	12	240	575	94	322	324	282	0.398	0.707
LOKIASV2_3082_ESMFold_NAD+_synthase	AF-Q8VBT2-F1-model_v4	AF-Q8VBT2-F1-model_v4 L-serine dehydratase/L-threonine deaminase	2.857E+00	0.057	25	298	441	575	42	203	327	176	0.250	0.495
LOKIASV2_3082_ESMFold_NAD+_synthase	AF-O24892-F1-model_v4	AF-O24892-F1-model_v4 Cytosine-specific methyltransferase	5.038E+00	0.057	25	147	217	575	44	121	355	83	0.123	0.220
LOKIASV2_3082_ESMFold_NAD+_synthase	AF-I1LBE3-F1-model_v4	AF-I1LBE3-F1-model_v4 Uncharacterized protein	9.951E+00	0.057	25	137	217	575	127	205	398	88	0.141	0.198
LOKIASV2_3082_ESMFold_NAD+_synthase	AF-Q8BYH3-F1-model_v4	AF-Q8BYH3-F1-model_v4 tRNA:m(4)X modification enzyme TRM13 homolog	3.794E+00	0.057	25	288	357	575	153	226	481	75	0.122	0.154
LOKIASV2_3082_ESMFold_NAD+_synthase	AF-Q42598-F1-model_v4	AF-Q42598-F1-model_v4 Threonine synthase	2.410E+00	0.057	25	295	441	575	117	304	514	191	0.256	0.366
LOKIASV2_3082_ESMFold_NAD+_synthase	AF-I1LRL9-F1-model_v4	AF-I1LRL9-F1-model_v4 CP-type G domain-containing protein	3.585E+00	0.057	25	282	387	575	116	243	598	137	0.184	0.214
LOKIASV2_3082_ESMFold_NAD+_synthase	AF-A0A0K0JEM2-F1-model_v4	AF-A0A0K0JEM2-F1-model_v4 Bm4428	8.201E-01	0.057	25	272	552	575	35	263	660	303	0.489	0.347
LOKIASV2_3082_ESMFold_NAD+_synthase	AF-D3ZS28-F1-model_v4	AF-D3ZS28-F1-model_v4 Retinoblastoma-like protein 1	8.394E+00	0.057	25	86	129	575	699	743	1049	46	0.077	0.043
LOKIASV2_3082_ESMFold_NAD+_synthase	AF-C0NH35-F1-model_v4	AF-C0NH35-F1-model_v4 1,3-beta-D-glucan-UDP glucosyltransferase	1.367E+00	0.057	25	26	186	575	1016	1137	1901	171	0.280	0.064
LOKIASV2_3082_ESMFold_NAD+_synthase	AF-C1HCS7-F1-model_v4	AF-C1HCS7-F1-model_v4 Uncharacterized protein	9.951E+00	0.051	24	86	126	575	44	86	86	43	0.071	0.500
LOKIASV2_3082_ESMFold_NAD+_synthase	AF-O04005-F1-model_v4	AF-O04005-F1-model_v4 1-Cys peroxiredoxin PER1	1.029E+00	0.051	24	10	121	575	31	138	216	127	0.195	0.500
LOKIASV2_3082_ESMFold_NAD+_synthase	AF-Q9LQB2-F1-model_v4	AF-Q9LQB2-F1-model_v4 Adenine nucleotide alpha hydrolases-like superfamily protein	3.794E+00	0.051	24	34	120	575	143	218	223	97	0.151	0.341
LOKIASV2_3082_ESMFold_NAD+_synthase	AF-Q8BG37-F1-model_v4	AF-Q8BG37-F1-model_v4 Peroxiredoxin-6	9.187E-01	0.051	24	10	134	575	32	160	224	148	0.217	0.576
LOKIASV2_3082_ESMFold_NAD+_synthase	AF-Q4V8X5-F1-model_v4	AF-Q4V8X5-F1-model_v4 Myeloid leukemia factor 2	8.884E+00	0.051	24	64	114	575	69	125	250	58	0.089	0.228
LOKIASV2_3082_ESMFold_NAD+_synthase	AF-A0A077YWQ1-F1-model_v4	AF-A0A077YWQ1-F1-model_v4 GCS light chain	1.367E+00	0.051	24	9	257	575	87	275	277	275	0.433	0.682
LOKIASV2_3082_ESMFold_NAD+_synthase	AF-A0A3P7GFE4-F1-model_v4	AF-A0A3P7GFE4-F1-model_v4 Uncharacterized protein	6.321E+00	0.051	24	63	112	575	47	101	283	56	0.087	0.194
LOKIASV2_3082_ESMFold_NAD+_synthase	AF-A0A044RBV4-F1-model_v4	AF-A0A044RBV4-F1-model_v4 Uncharacterized protein	9.951E+00	0.051	24	62	113	575	67	123	304	57	0.090	0.188
LOKIASV2_3082_ESMFold_NAD+_synthase	AF-I1M622-F1-model_v4	AF-I1M622-F1-model_v4 Isoflavone reductase	4.152E-01	0.051	24	14	405	575	4	275	318	439	0.682	0.855
LOKIASV2_3082_ESMFold_NAD+_synthase	AF-K0EM81-F1-model_v4	AF-K0EM81-F1-model_v4 Ornithine carbamoyltransferase	8.394E+00	0.051	24	297	376	575	141	218	322	84	0.139	0.242
LOKIASV2_3082_ESMFold_NAD+_synthase	AF-K7L4D3-F1-model_v4	AF-K7L4D3-F1-model_v4 PALP domain-containing protein	5.835E-01	0.051	24	139	394	575	34	286	340	318	0.445	0.744
LOKIASV2_3082_ESMFold_NAD+_synthase	AF-Q5ANB7-F1-model_v4	AF-Q5ANB7-F1-model_v4 Thiamine thiazole synthase	1.291E+00	0.051	24	271	357	575	33	112	354	94	0.151	0.226
LOKIASV2_3082_ESMFold_NAD+_synthase	AF-D3ZN15-F1-model_v4	AF-D3ZN15-F1-model_v4 L-threonine dehydrogenase	3.387E+00	0.051	24	273	439	575	25	173	373	190	0.290	0.399
LOKIASV2_3082_ESMFold_NAD+_synthase	AF-P9WP73-F1-model_v4	AF-P9WP73-F1-model_v4 Heme chaperone HemW	7.081E+00	0.051	24	298	410	575	108	230	375	132	0.197	0.328
LOKIASV2_3082_ESMFold_NAD+_synthase	AF-Q6P3J8-F1-model_v4	AF-Q6P3J8-F1-model_v4 L-threonine dehydrogenase	7.081E+00	0.051	24	315	439	575	57	175	375	140	0.217	0.317
LOKIASV2_3082_ESMFold_NAD+_synthase	AF-A0A0R0JIC4-F1-model_v4	AF-A0A0R0JIC4-F1-model_v4 Putative heme chaperone	7.931E+00	0.051	24	153	217	575	179	248	480	71	0.113	0.146
LOKIASV2_3082_ESMFold_NAD+_synthase	AF-B2GV29-F1-model_v4	AF-B2GV29-F1-model_v4 tRNA:m(4)X modification enzyme TRM13	1.715E+00	0.051	24	280	357	575	141	226	495	87	0.136	0.174
LOKIASV2_3082_ESMFold_NAD+_synthase	AF-A0A044RAM8-F1-model_v4	AF-A0A044RAM8-F1-model_v4 MoCF_biosynth domain-containing protein	6.918E-01	0.051	24	22	388	575	88	420	532	426	0.638	0.626
LOKIASV2_3082_ESMFold_NAD+_synthase	AF-A0A1C1CJ78-F1-model_v4	AF-A0A1C1CJ78-F1-model_v4 Oxidoreductase, FAD-binding family protein	5.643E+00	0.051	24	300	374	575	500	576	623	84	0.130	0.124
LOKIASV2_3082_ESMFold_NAD+_synthase	AF-Q944R7-F1-model_v4	AF-Q944R7-F1-model_v4 Protein arginine N-methyltransferase 1.6	1.531E+00	0.051	24	219	387	575	343	508	724	187	0.294	0.229
LOKIASV2_3082_ESMFold_NAD+_synthase	AF-G5ED57-F1-model_v4	AF-G5ED57-F1-model_v4 Uncharacterized protein	3.200E+00	0.051	24	56	128	575	403	479	763	77	0.127	0.101
LOKIASV2_3082_ESMFold_NAD+_synthase	AF-A0A0K0EFP0-F1-model_v4	AF-A0A0K0EFP0-F1-model_v4 Ceramide glucosyltransferase	3.387E+00	0.051	24	285	377	575	565	670	947	111	0.162	0.112
LOKIASV2_3082_ESMFold_NAD+_synthase	AF-K0EQA6-F1-model_v4	AF-K0EQA6-F1-model_v4 Nephrocystin-3	4.152E-01	0.051	24	13	363	575	2	327	1004	419	0.610	0.325
LOKIASV2_3082_ESMFold_NAD+_synthase	AF-A0A044U9W0-F1-model_v4	AF-A0A044U9W0-F1-model_v4 Uncharacterized protein	7.931E+00	0.045	23	77	126	575	25	69	69	50	0.087	0.652
LOKIASV2_3082_ESMFold_NAD+_synthase	AF-K0EZY1-F1-model_v4	AF-K0EZY1-F1-model_v4 AhpC-TSA domain-containing protein	8.201E-01	0.045	23	6	121	575	23	162	186	153	0.202	0.753
LOKIASV2_3082_ESMFold_NAD+_synthase	AF-Q8DQN9-F1-model_v4	AF-Q8DQN9-F1-model_v4 Thioredoxin domain-containing protein	1.153E+00	0.045	23	10	125	575	82	185	197	134	0.202	0.528
LOKIASV2_3082_ESMFold_NAD+_synthase	AF-I1LY94-F1-model_v4	AF-I1LY94-F1-model_v4 Thioredoxin-dependent peroxiredoxin	1.367E+00	0.045	23	10	122	575	94	196	214	125	0.197	0.481
LOKIASV2_3082_ESMFold_NAD+_synthase	AF-I1KRJ7-F1-model_v4	AF-I1KRJ7-F1-model_v4 Peroxiredoxin	8.680E-01	0.045	23	10	132	575	31	154	218	140	0.214	0.569
LOKIASV2_3082_ESMFold_NAD+_synthase	AF-A0A0R0KJP8-F1-model_v4	AF-A0A0R0KJP8-F1-model_v4 Mitochondrial GTPase 1	7.931E+00	0.045	23	301	391	575	2	105	247	110	0.158	0.421
LOKIASV2_3082_ESMFold_NAD+_synthase	AF-Q5AEJ7-F1-model_v4	AF-Q5AEJ7-F1-model_v4 Adh4p	3.024E+00	0.045	23	311	473	575	8	182	258	201	0.283	0.678
LOKIASV2_3082_ESMFold_NAD+_synthase	AF-E9QGM3-F1-model_v4	AF-E9QGM3-F1-model_v4 Iodothyronine deiodinase	7.322E-01	0.045	23	10	135	575	115	249	258	152	0.219	0.523
LOKIASV2_3082_ESMFold_NAD+_synthase	AF-Q9T030-F1-model_v4	AF-Q9T030-F1-model_v4 Phenylcoumaran benzylic ether reductase 1	8.680E-01	0.045	23	14	401	575	4	261	308	426	0.675	0.838
LOKIASV2_3082_ESMFold_NAD+_synthase	AF-A8E5C5-F1-model_v4	AF-A8E5C5-F1-model_v4 Dehydrogenase/reductase SDR family member 7C-A	2.277E+00	0.045	23	280	558	575	1	289	324	335	0.485	0.892
LOKIASV2_3082_ESMFold_NAD+_synthase	AF-Q58455-F1-model_v4	AF-Q58455-F1-model_v4 Uncharacterized protein MJ1055	7.081E+00	0.045	23	315	466	575	3	164	326	174	0.264	0.497
LOKIASV2_3082_ESMFold_NAD+_synthase	AF-A0A0D2GM33-F1-model_v4	AF-A0A0D2GM33-F1-model_v4 Thiamine thiazole synthase	1.921E+00	0.045	23	266	357	575	38	119	329	96	0.160	0.249
LOKIASV2_3082_ESMFold_NAD+_synthase	AF-K0F637-F1-model_v4	AF-K0F637-F1-model_v4 Putative metallo-dependent phosphatase	2.699E+00	0.045	23	7	266	575	47	352	358	352	0.452	0.855
LOKIASV2_3082_ESMFold_NAD+_synthase	AF-Q8DPA6-F1-model_v4	AF-Q8DPA6-F1-model_v4 Heme chaperone HemW	6.690E+00	0.045	23	150	217	575	88	189	376	103	0.118	0.271
LOKIASV2_3082_ESMFold_NAD+_synthase	AF-Q5F8S1-F1-model_v4	AF-Q5F8S1-F1-model_v4 Threonine synthase	4.015E+00	0.045	23	294	370	575	113	206	469	98	0.134	0.200
LOKIASV2_3082_ESMFold_NAD+_synthase	AF-U7PXE9-F1-model_v4	AF-U7PXE9-F1-model_v4 Uncharacterized protein	9.723E-01	0.045	23	190	387	575	18	229	507	250	0.344	0.418
LOKIASV2_3082_ESMFold_NAD+_synthase	AF-Q329V1-F1-model_v4	AF-Q329V1-F1-model_v4 L-threonine dehydratase	1.089E+00	0.045	23	151	377	575	46	266	514	282	0.395	0.430
LOKIASV2_3082_ESMFold_NAD+_synthase	AF-A0A0D2HCV6-F1-model_v4	AF-A0A0D2HCV6-F1-model_v4 Threonine synthase	1.620E+00	0.045	23	294	557	575	123	425	551	326	0.459	0.550
LOKIASV2_3082_ESMFold_NAD+_synthase	AF-Q0DJ97-F1-model_v4	AF-Q0DJ97-F1-model_v4 Os05g0311600 protein	1.921E+00	0.040	22	29	121	575	30	118	119	97	0.162	0.748
LOKIASV2_3082_ESMFold_NAD+_synthase	AF-A0A3P7G4H4-F1-model_v4	AF-A0A3P7G4H4-F1-model_v4 PALP domain-containing protein	4.498E+00	0.040	22	268	368	575	4	88	192	101	0.176	0.443
LOKIASV2_3082_ESMFold_NAD+_synthase	AF-Q8TBF2-F1-model_v4	AF-Q8TBF2-F1-model_v4 Prostamide/prostaglandin F synthase	6.536E-01	0.040	22	10	136	575	32	182	198	170	0.221	0.763
LOKIASV2_3082_ESMFold_NAD+_synthase	AF-Q965W4-F1-model_v4	AF-Q965W4-F1-model_v4 Catechol-O-MethylTransferase family	6.321E+00	0.040	22	286	441	575	34	159	227	160	0.271	0.555
LOKIASV2_3082_ESMFold_NAD+_synthase	AF-P52570-F1-model_v4	AF-P52570-F1-model_v4 1-Cys peroxiredoxin	1.291E+00	0.040	22	7	134	575	31	167	232	163	0.223	0.591
LOKIASV2_3082_ESMFold_NAD+_synthase	AF-A0A1D6M7K3-F1-model_v4	AF-A0A1D6M7K3-F1-model_v4 ER6 protein	8.680E-01	0.040	22	280	469	575	24	220	270	236	0.330	0.730
LOKIASV2_3082_ESMFold_NAD+_synthase	AF-X8EYL2-F1-model_v4	AF-X8EYL2-F1-model_v4 FAD binding domain protein	1.921E+00	0.040	22	171	375	575	21	200	296	226	0.357	0.608
LOKIASV2_3082_ESMFold_NAD+_synthase	AF-Q55BF9-F1-model_v4	AF-Q55BF9-F1-model_v4 SpoU_methylase domain-containing protein	7.322E-01	0.040	22	284	536	575	9	308	310	343	0.440	0.968
LOKIASV2_3082_ESMFold_NAD+_synthase	AF-P76316-F1-model_v4	AF-P76316-F1-model_v4 D-cysteine desulfhydrase	9.723E-01	0.040	22	153	377	575	73	252	328	251	0.391	0.549
LOKIASV2_3082_ESMFold_NAD+_synthase	AF-A0A1C1CVB1-F1-model_v4	AF-A0A1C1CVB1-F1-model_v4 Thiamine thiazole synthase	2.699E+00	0.040	22	269	357	575	42	120	329	92	0.155	0.240
LOKIASV2_3082_ESMFold_NAD+_synthase	AF-U7PIJ7-F1-model_v4	AF-U7PIJ7-F1-model_v4 Uncharacterized protein	2.699E+00	0.040	22	294	376	575	185	268	553	91	0.144	0.152
LOKIASV2_3082_ESMFold_NAD+_synthase	AF-A0A1D6H3S7-F1-model_v4	AF-A0A1D6H3S7-F1-model_v4 DEAD-box ATP-dependent RNA helicase 41	5.643E+00	0.040	22	293	377	575	187	268	563	90	0.148	0.146
LOKIASV2_3082_ESMFold_NAD+_synthase	AF-I1LU06-F1-model_v4	AF-I1LU06-F1-model_v4 CP-type G domain-containing protein	2.550E+00	0.040	22	279	422	575	106	282	565	187	0.250	0.313
LOKIASV2_3082_ESMFold_NAD+_synthase	AF-Q59P56-F1-model_v4	AF-Q59P56-F1-model_v4 Threonine dehydratase	3.794E+00	0.040	22	258	441	575	50	271	569	234	0.320	0.390
LOKIASV2_3082_ESMFold_NAD+_synthase	AF-I1M487-F1-model_v4	AF-I1M487-F1-model_v4 CP-type G domain-containing protein	2.277E+00	0.040	22	279	425	575	106	285	573	190	0.256	0.314
LOKIASV2_3082_ESMFold_NAD+_synthase	AF-U7PZT4-F1-model_v4	AF-U7PZT4-F1-model_v4 ThiF domain-containing protein	3.024E+00	0.040	22	272	376	575	81	211	600	140	0.183	0.218
LOKIASV2_3082_ESMFold_NAD+_synthase	AF-A0A5K4EYQ6-F1-model_v4	AF-A0A5K4EYQ6-F1-model_v4 Mannosyl-glycoprotein endo-beta-N-acetylglucosaminidase	1.367E+00	0.040	22	136	348	575	92	308	650	280	0.370	0.334
LOKIASV2_3082_ESMFold_NAD+_synthase	AF-A0A1C1CQA1-F1-model_v4	AF-A0A1C1CQA1-F1-model_v4 Large subunit GTPase 1	2.550E+00	0.040	22	279	409	575	133	278	683	164	0.228	0.214
LOKIASV2_3082_ESMFold_NAD+_synthase	AF-Q59S77-F1-model_v4	AF-Q59S77-F1-model_v4 Found in mitochondrial proteome protein 38	4.015E+00	0.040	22	268	392	575	136	287	684	161	0.217	0.222
LOKIASV2_3082_ESMFold_NAD+_synthase	AF-A0A0D2GBA1-F1-model_v4	AF-A0A0D2GBA1-F1-model_v4 Unplaced genomic scaffold supercont1.7, whole genome shotgun sequence	3.200E+00	0.040	22	284	409	575	156	278	689	145	0.219	0.179
LOKIASV2_3082_ESMFold_NAD+_synthase	AF-A0A1D6H541-F1-model_v4	AF-A0A1D6H541-F1-model_v4 BED-type domain-containing protein	4.015E+00	0.040	22	58	135	575	219	294	692	80	0.136	0.110
LOKIASV2_3082_ESMFold_NAD+_synthase	AF-A0A0R0G8S7-F1-model_v4	AF-A0A0R0G8S7-F1-model_v4 Na_H_Exchanger domain-containing protein	2.410E+00	0.040	22	169	387	575	594	747	810	250	0.381	0.190
LOKIASV2_3082_ESMFold_NAD+_synthase	AF-Q8DQ10-F1-model_v4	AF-Q8DQ10-F1-model_v4 Thioredoxin domain-containing protein	1.291E+00	0.034	21	10	137	575	76	187	191	142	0.223	0.586
LOKIASV2_3082_ESMFold_NAD+_synthase	AF-O14199-F1-model_v4	AF-O14199-F1-model_v4 UDP-N-acetylglucosamine transferase subunit alg14	6.690E+00	0.034	21	282	377	575	1	96	210	100	0.167	0.457
LOKIASV2_3082_ESMFold_NAD+_synthase	AF-P0C5D5-F1-model_v4	AF-P0C5D5-F1-model_v4 Peroxiredoxin Q, chloroplastic	2.033E+00	0.034	21	10	134	575	97	205	217	138	0.217	0.502
LOKIASV2_3082_ESMFold_NAD+_synthase	AF-A0A158Q5R6-F1-model_v4	AF-A0A158Q5R6-F1-model_v4 Uncharacterized protein	9.951E+00	0.034	21	62	113	575	71	122	220	54	0.090	0.236
LOKIASV2_3082_ESMFold_NAD+_synthase	AF-Q8IAM2-F1-model_v4	AF-Q8IAM2-F1-model_v4 1-cys peroxiredoxin	2.550E+00	0.034	21	10	121	575	32	145	220	133	0.195	0.518
LOKIASV2_3082_ESMFold_NAD+_synthase	AF-A0A0K0E497-F1-model_v4	AF-A0A0K0E497-F1-model_v4 GCS light chain	4.250E+00	0.034	21	8	266	575	78	270	270	274	0.450	0.715
LOKIASV2_3082_ESMFold_NAD+_synthase	AF-P32318-F1-model_v4	AF-P32318-F1-model_v4 Thiamine thiazole synthase	2.033E+00	0.034	21	256	357	575	15	105	326	106	0.177	0.279
LOKIASV2_3082_ESMFold_NAD+_synthase	AF-Q8R2R6-F1-model_v4	AF-Q8R2R6-F1-model_v4 Mitochondrial ribosome-associated GTPase 1	8.884E+00	0.034	21	281	396	575	18	133	326	126	0.202	0.356
LOKIASV2_3082_ESMFold_NAD+_synthase	AF-Q8ZNT7-F1-model_v4	AF-Q8ZNT7-F1-model_v4 D-cysteine desulfhydrase	2.033E+00	0.034	21	153	397	575	73	283	328	279	0.426	0.643
LOKIASV2_3082_ESMFold_NAD+_synthase	AF-I1LHX0-F1-model_v4	AF-I1LHX0-F1-model_v4 Uncharacterized protein	4.250E+00	0.034	21	88	142	575	228	285	334	58	0.096	0.174
LOKIASV2_3082_ESMFold_NAD+_synthase	AF-A0A0K0ENX4-F1-model_v4	AF-A0A0K0ENX4-F1-model_v4 Pyr_redox_2 domain-containing protein	6.690E+00	0.034	21	315	347	575	13	43	430	34	0.057	0.072
LOKIASV2_3082_ESMFold_NAD+_synthase	AF-A0A077ZF78-F1-model_v4	AF-A0A077ZF78-F1-model_v4 Threonine dehydratase	4.250E+00	0.034	21	155	428	575	47	275	478	311	0.477	0.479
LOKIASV2_3082_ESMFold_NAD+_synthase	AF-P30635-F1-model_v4	AF-P30635-F1-model_v4 Probable glutathione reductase 2	5.514E-01	0.034	21	14	375	575	20	260	503	385	0.630	0.479
LOKIASV2_3082_ESMFold_NAD+_synthase	AF-Q54XP5-F1-model_v4	AF-Q54XP5-F1-model_v4 Glyco_trans_2-like domain-containing protein	7.931E+00	0.034	21	153	236	575	86	160	605	94	0.146	0.124
LOKIASV2_3082_ESMFold_NAD+_synthase	AF-Q9W590-F1-model_v4	AF-Q9W590-F1-model_v4 Large subunit GTPase 1 homolog	4.250E+00	0.034	21	291	472	575	158	327	606	193	0.317	0.281
LOKIASV2_3082_ESMFold_NAD+_synthase	AF-C1GPL0-F1-model_v4	AF-C1GPL0-F1-model_v4 Large-subunit GTPase	6.690E+00	0.034	21	284	392	575	157	268	700	128	0.190	0.160
LOKIASV2_3082_ESMFold_NAD+_synthase	AF-A0A0H5S6S1-F1-model_v4	AF-A0A0H5S6S1-F1-model_v4 BMA-PRDX-6	4.760E+00	0.029	20	10	134	575	34	170	235	156	0.217	0.583
LOKIASV2_3082_ESMFold_NAD+_synthase	AF-K0EPH6-F1-model_v4	AF-K0EPH6-F1-model_v4 Uncharacterized protein	8.394E+00	0.029	20	284	390	575	26	123	249	113	0.186	0.394
LOKIASV2_3082_ESMFold_NAD+_synthase	AF-X8FJ24-F1-model_v4	AF-X8FJ24-F1-model_v4 Probable endonuclease 4	6.321E+00	0.029	20	155	222	575	54	135	252	86	0.118	0.325
LOKIASV2_3082_ESMFold_NAD+_synthase	AF-Q0JCC9-F1-model_v4	AF-Q0JCC9-F1-model_v4 Os04g0479300 protein	7.322E-01	0.029	20	72	290	575	6	204	273	254	0.381	0.729
LOKIASV2_3082_ESMFold_NAD+_synthase	AF-A0A044UUB8-F1-model_v4	AF-A0A044UUB8-F1-model_v4 MIT_C domain-containing protein	4.760E+00	0.029	20	10	132	575	143	253	276	132	0.214	0.402
LOKIASV2_3082_ESMFold_NAD+_synthase	AF-C6TER4-F1-model_v4	AF-C6TER4-F1-model_v4 NmrA domain-containing protein	1.715E+00	0.029	20	14	387	575	3	258	312	411	0.650	0.821
LOKIASV2_3082_ESMFold_NAD+_synthase	AF-Q2FZB0-F1-model_v4	AF-Q2FZB0-F1-model_v4 Ornithine carbamoyltransferase	2.151E+00	0.029	20	163	376	575	86	215	333	227	0.372	0.390
LOKIASV2_3082_ESMFold_NAD+_synthase	AF-I1K6K2-F1-model_v4	AF-I1K6K2-F1-model_v4 PALP domain-containing protein	1.815E+00	0.029	20	154	364	575	82	228	335	219	0.367	0.439
LOKIASV2_3082_ESMFold_NAD+_synthase	AF-O25824-F1-model_v4	AF-O25824-F1-model_v4 Heme chaperone HemW	1.446E+00	0.029	20	10	217	575	6	193	352	262	0.362	0.534
LOKIASV2_3082_ESMFold_NAD+_synthase	AF-A0A0D2HFF2-F1-model_v4	AF-A0A0D2HFF2-F1-model_v4 Unplaced genomic scaffold supercont1.2, whole genome shotgun sequence	4.760E+00	0.029	20	290	513	575	167	365	378	267	0.390	0.526
LOKIASV2_3082_ESMFold_NAD+_synthase	AF-I1K634-F1-model_v4	AF-I1K634-F1-model_v4 Aminotran_1_2 domain-containing protein	4.250E+00	0.029	20	295	433	575	109	241	440	161	0.242	0.302
LOKIASV2_3082_ESMFold_NAD+_synthase	AF-I1LH38-F1-model_v4	AF-I1LH38-F1-model_v4 Aminotran_1_2 domain-containing protein	7.081E+00	0.029	20	301	430	575	120	229	471	138	0.226	0.234
LOKIASV2_3082_ESMFold_NAD+_synthase	AF-A0A0P0WCX8-F1-model_v4	AF-A0A0P0WCX8-F1-model_v4 Glycosyltransferase	7.931E+00	0.029	20	305	440	575	5	169	502	182	0.237	0.329
LOKIASV2_3082_ESMFold_NAD+_synthase	AF-A0A3Q0KFL1-F1-model_v4	AF-A0A3Q0KFL1-F1-model_v4 Thioredoxin glutathione reductase	3.127E-01	0.029	20	10	376	575	53	380	630	460	0.638	0.521
LOKIASV2_3082_ESMFold_NAD+_synthase	AF-C0NR28-F1-model_v4	AF-C0NR28-F1-model_v4 Large subunit GTPase	5.973E+00	0.029	20	284	398	575	157	278	664	137	0.200	0.184
LOKIASV2_3082_ESMFold_NAD+_synthase	AF-K0ESV0-F1-model_v4	AF-K0ESV0-F1-model_v4 Nephrocystin-3	1.220E+00	0.029	20	14	363	575	2	320	1027	416	0.609	0.311
LOKIASV2_3082_ESMFold_NAD+_synthase	AF-Q55FB1-F1-model_v4	AF-Q55FB1-F1-model_v4 DIS3-like exonuclease 1	2.550E+00	0.029	20	261	529	575	187	448	1504	308	0.468	0.174
LOKIASV2_3082_ESMFold_NAD+_synthase	AF-B4FS55-F1-model_v4	AF-B4FS55-F1-model_v4 Thioredoxin-dependent peroxiredoxin	3.794E+00	0.024	19	10	122	575	98	200	218	126	0.197	0.472
LOKIASV2_3082_ESMFold_NAD+_synthase	AF-A0A044SIU8-F1-model_v4	AF-A0A044SIU8-F1-model_v4 Putative peroxiredoxin	2.699E+00	0.024	19	10	134	575	34	167	232	161	0.217	0.578
LOKIASV2_3082_ESMFold_NAD+_synthase	AF-O53923-F1-model_v4	AF-O53923-F1-model_v4 AhpC-TSA domain-containing protein	2.033E+00	0.024	19	9	135	575	75	226	234	164	0.221	0.650
LOKIASV2_3082_ESMFold_NAD+_synthase	AF-A0A0P0WYE3-F1-model_v4	AF-A0A0P0WYE3-F1-model_v4 Os06g0575500 protein	1.715E+00	0.024	19	28	135	575	106	228	235	138	0.188	0.523
LOKIASV2_3082_ESMFold_NAD+_synthase	AF-K7V2N6-F1-model_v4	AF-K7V2N6-F1-model_v4 Putative USP family protein	1.531E+00	0.024	19	268	475	575	39	233	246	240	0.362	0.793
LOKIASV2_3082_ESMFold_NAD+_synthase	AF-Q9XGP7-F1-model_v4	AF-Q9XGP7-F1-model_v4 Tricin synthase 1	5.973E+00	0.024	19	285	441	575	34	178	252	183	0.273	0.575
LOKIASV2_3082_ESMFold_NAD+_synthase	AF-K7TQN1-F1-model_v4	AF-K7TQN1-F1-model_v4 2-phytyl-1,4-beta-naphthoquinone methyltransferase, chloroplastic	6.690E+00	0.024	19	272	374	575	25	137	266	120	0.179	0.425
LOKIASV2_3082_ESMFold_NAD+_synthase	AF-Q9C5R8-F1-model_v4	AF-Q9C5R8-F1-model_v4 2-Cys peroxiredoxin BAS1-like, chloroplastic	2.410E+00	0.024	19	10	134	575	111	230	273	141	0.217	0.440
LOKIASV2_3082_ESMFold_NAD+_synthase	AF-A0A1D6G880-F1-model_v4	AF-A0A1D6G880-F1-model_v4 BED-type domain-containing protein	5.973E+00	0.024	19	58	134	575	219	293	303	79	0.134	0.248
LOKIASV2_3082_ESMFold_NAD+_synthase	AF-P40998-F1-model_v4	AF-P40998-F1-model_v4 Thiamine thiazole synthase	3.387E+00	0.024	19	273	357	575	45	116	328	87	0.148	0.220
LOKIASV2_3082_ESMFold_NAD+_synthase	AF-Q8H1F6-F1-model_v4	AF-Q8H1F6-F1-model_v4 DAR GTPase 3, chloroplastic	5.973E+00	0.024	19	272	431	575	56	214	372	188	0.278	0.427
LOKIASV2_3082_ESMFold_NAD+_synthase	AF-A0A5K4E9W4-F1-model_v4	AF-A0A5K4E9W4-F1-model_v4 tRNA (adenine(58)-N(1))-methyltransferase non-catalytic subunit TRM6	5.038E+00	0.024	19	272	453	575	92	282	388	204	0.317	0.492
LOKIASV2_3082_ESMFold_NAD+_synthase	AF-Q3UPH1-F1-model_v4	AF-Q3UPH1-F1-model_v4 Protein PRRC1	2.857E+00	0.024	19	14	138	575	255	390	443	150	0.217	0.307
LOKIASV2_3082_ESMFold_NAD+_synthase	AF-A0A0N4UDZ1-F1-model_v4	AF-A0A0N4UDZ1-F1-model_v4 Uncharacterized protein	5.209E-01	0.024	19	15	251	575	73	349	526	318	0.412	0.527
LOKIASV2_3082_ESMFold_NAD+_synthase	AF-A0A133CNK7-F1-model_v4	AF-A0A133CNK7-F1-model_v4 Formate--tetrahydrofolate ligase	4.015E+00	0.024	19	230	378	575	254	408	556	182	0.259	0.279
LOKIASV2_3082_ESMFold_NAD+_synthase	AF-A0A3Q0KS56-F1-model_v4	AF-A0A3Q0KS56-F1-model_v4 Putative ATPase	2.151E+00	0.024	19	280	378	575	304	451	582	152	0.172	0.254
LOKIASV2_3082_ESMFold_NAD+_synthase	AF-A0A0K0E0V4-F1-model_v4	AF-A0A0K0E0V4-F1-model_v4 AAA domain-containing protein	2.033E+00	0.024	19	262	377	575	287	450	590	165	0.202	0.278
LOKIASV2_3082_ESMFold_NAD+_synthase	AF-A0A0G2K0G3-F1-model_v4	AF-A0A0G2K0G3-F1-model_v4 Thioredoxin-disulfide reductase	3.923E-01	0.024	19	8	375	575	74	402	651	457	0.640	0.505
LOKIASV2_3082_ESMFold_NAD+_synthase	AF-A4HVX7-F1-model_v4	AF-A4HVX7-F1-model_v4 Putative threonine synthase	7.931E+00	0.024	19	270	377	575	200	330	676	134	0.188	0.194
LOKIASV2_3082_ESMFold_NAD+_synthase	AF-E2FKH3-F1-model_v4	AF-E2FKH3-F1-model_v4 Sieve element occlusion c	8.884E+00	0.024	19	250	411	575	432	601	698	181	0.282	0.244
LOKIASV2_3082_ESMFold_NAD+_synthase	AF-A0A0K0JHM3-F1-model_v4	AF-A0A0K0JHM3-F1-model_v4 Bm5123	1.921E+00	0.024	19	219	390	575	360	543	813	222	0.299	0.226
LOKIASV2_3082_ESMFold_NAD+_synthase	AF-A0A0K0E963-F1-model_v4	AF-A0A0K0E963-F1-model_v4 Uncharacterized protein	3.794E+00	0.024	19	12	216	575	107	243	1555	214	0.357	0.088
LOKIASV2_3082_ESMFold_NAD+_synthase	AF-Q8I5Q6-F1-model_v4	AF-Q8I5Q6-F1-model_v4 Thioredoxin peroxidase 2	2.033E+00	0.020	18	7	132	575	51	169	216	148	0.219	0.551
LOKIASV2_3082_ESMFold_NAD+_synthase	AF-A0A1D6KVL0-F1-model_v4	AF-A0A1D6KVL0-F1-model_v4 Alanine aminotransferase 2 mitochondrial	9.951E+00	0.020	18	294	412	575	5	118	327	131	0.207	0.349
LOKIASV2_3082_ESMFold_NAD+_synthase	AF-Q32HE6-F1-model_v4	AF-Q32HE6-F1-model_v4 D-cysteine desulfhydrase	3.387E+00	0.020	18	297	562	575	86	350	360	315	0.463	0.736
LOKIASV2_3082_ESMFold_NAD+_synthase	AF-A0A1D6Q9I9-F1-model_v4	AF-A0A1D6Q9I9-F1-model_v4 General transcription factor 2-related zinc finger protein	3.200E+00	0.020	18	24	132	575	36	178	363	151	0.190	0.394
LOKIASV2_3082_ESMFold_NAD+_synthase	AF-Q2FXY9-F1-model_v4	AF-Q2FXY9-F1-model_v4 Heme chaperone HemW	5.038E+00	0.020	18	10	218	575	3	185	374	262	0.363	0.489
LOKIASV2_3082_ESMFold_NAD+_synthase	AF-G4LVK3-F1-model_v4	AF-G4LVK3-F1-model_v4 DEAD box ATP-dependent RNA helicase, putative	2.033E+00	0.020	18	16	377	575	8	267	390	386	0.630	0.667
LOKIASV2_3082_ESMFold_NAD+_synthase	AF-A0A0P0Y881-F1-model_v4	AF-A0A0P0Y881-F1-model_v4 Os12g0181200 protein	8.884E+00	0.020	18	313	434	575	27	143	391	151	0.212	0.299
LOKIASV2_3082_ESMFold_NAD+_synthase	AF-Q0P9G6-F1-model_v4	AF-Q0P9G6-F1-model_v4 Dihydrofolate synthase/folylpolyglutamate synthase	2.550E+00	0.020	18	152	376	575	157	365	394	271	0.391	0.530
LOKIASV2_3082_ESMFold_NAD+_synthase	AF-P66899-F1-model_v4	AF-P66899-F1-model_v4 Diaminopropionate ammonia-lyase	1.921E+00	0.020	18	155	360	575	115	272	398	225	0.358	0.397
LOKIASV2_3082_ESMFold_NAD+_synthase	AF-A0A1D6JCY3-F1-model_v4	AF-A0A1D6JCY3-F1-model_v4 General transcription factor 2-related zinc finger protein	4.250E+00	0.020	18	19	132	575	156	273	458	129	0.198	0.258
LOKIASV2_3082_ESMFold_NAD+_synthase	AF-P16120-F1-model_v4	AF-P16120-F1-model_v4 Threonine synthase	7.931E+00	0.020	18	295	453	575	124	298	514	189	0.277	0.340
LOKIASV2_3082_ESMFold_NAD+_synthase	AF-P04968-F1-model_v4	AF-P04968-F1-model_v4 L-threonine dehydratase biosynthetic IlvA	2.410E+00	0.020	18	155	355	575	83	218	514	205	0.350	0.265
LOKIASV2_3082_ESMFold_NAD+_synthase	AF-A0A143ZVU1-F1-model_v4	AF-A0A143ZVU1-F1-model_v4 Thioredoxin reductase	6.918E-01	0.020	18	15	286	575	42	336	541	358	0.473	0.545
LOKIASV2_3082_ESMFold_NAD+_synthase	AF-A0A0R4IPH8-F1-model_v4	AF-A0A0R4IPH8-F1-model_v4 Thioredoxin-disulfide reductase	5.835E-01	0.020	18	13	375	575	26	352	602	448	0.631	0.543
LOKIASV2_3082_ESMFold_NAD+_synthase	AF-A0A044TEU6-F1-model_v4	AF-A0A044TEU6-F1-model_v4 Uncharacterized protein	9.723E-01	0.020	18	15	251	575	146	422	638	317	0.412	0.434
LOKIASV2_3082_ESMFold_NAD+_synthase	AF-Q329G8-F1-model_v4	AF-Q329G8-F1-model_v4 Histidine kinase	1.531E+00	0.020	18	17	381	575	459	743	754	404	0.635	0.378
LOKIASV2_3082_ESMFold_NAD+_synthase	AF-F4JP86-F1-model_v4	AF-F4JP86-F1-model_v4 tRNA/rRNA methyltransferase (SpoU) family protein	6.690E+00	0.020	18	273	390	575	1630	1748	1828	130	0.205	0.065
LOKIASV2_3082_ESMFold_NAD+_synthase	AF-Q0ITA3-F1-model_v4	AF-Q0ITA3-F1-model_v4 Glutathione peroxidase	4.015E+00	0.016	17	10	135	575	6	135	144	153	0.219	0.903
LOKIASV2_3082_ESMFold_NAD+_synthase	AF-B0G133-F1-model_v4	AF-B0G133-F1-model_v4 AhpC/TSA family protein	5.973E+00	0.016	17	10	132	575	31	135	151	133	0.214	0.695
LOKIASV2_3082_ESMFold_NAD+_synthase	AF-Q554M4-F1-model_v4	AF-Q554M4-F1-model_v4 NTPase_I-T domain-containing protein	6.690E+00	0.016	17	12	136	575	3	134	187	146	0.217	0.706
LOKIASV2_3082_ESMFold_NAD+_synthase	AF-Q9HYF6-F1-model_v4	AF-Q9HYF6-F1-model_v4 Alkyl hydroperoxide reductase C	5.332E+00	0.016	17	9	121	575	31	138	212	124	0.197	0.509
LOKIASV2_3082_ESMFold_NAD+_synthase	AF-Q8VY56-F1-model_v4	AF-Q8VY56-F1-model_v4 Gamma interferon responsive lysosomal thiol (GILT) reductase family protein	9.951E+00	0.016	17	2	83	575	25	105	229	87	0.143	0.354
LOKIASV2_3082_ESMFold_NAD+_synthase	AF-A0A044R1K2-F1-model_v4	AF-A0A044R1K2-F1-model_v4 Uncharacterized protein	6.321E+00	0.016	17	60	130	575	4	83	248	81	0.123	0.323
LOKIASV2_3082_ESMFold_NAD+_synthase	AF-Q60EJ0-F1-model_v4	AF-Q60EJ0-F1-model_v4 Os05g0501700 protein	7.494E+00	0.016	17	272	469	575	25	220	268	258	0.344	0.731
LOKIASV2_3082_ESMFold_NAD+_synthase	AF-J9EP12-F1-model_v4	AF-J9EP12-F1-model_v4 MIT_C domain-containing protein	9.951E+00	0.016	17	10	114	575	144	238	277	114	0.183	0.343
LOKIASV2_3082_ESMFold_NAD+_synthase	AF-Q2FZ39-F1-model_v4	AF-Q2FZ39-F1-model_v4 Ribosome biogenesis GTPase A	5.973E+00	0.016	17	280	553	575	3	276	294	335	0.477	0.932
LOKIASV2_3082_ESMFold_NAD+_synthase	AF-Q9I590-F1-model_v4	AF-Q9I590-F1-model_v4 PALP domain-containing protein	3.585E+00	0.016	17	150	349	575	69	204	320	210	0.348	0.425
LOKIASV2_3082_ESMFold_NAD+_synthase	AF-O65517-F1-model_v4	AF-O65517-F1-model_v4 Protein SHI RELATED SEQUENCE 2	6.321E+00	0.016	17	88	146	575	205	262	322	62	0.103	0.180
LOKIASV2_3082_ESMFold_NAD+_synthase	AF-A0A0H3GVK9-F1-model_v4	AF-A0A0H3GVK9-F1-model_v4 D-cysteine desulfhydrase	4.498E+00	0.016	17	153	377	575	73	252	328	251	0.391	0.549
LOKIASV2_3082_ESMFold_NAD+_synthase	AF-A0A1D6M5K0-F1-model_v4	AF-A0A1D6M5K0-F1-model_v4 DAR GTPase 3 chloroplastic	4.250E+00	0.016	17	281	560	575	100	402	402	353	0.487	0.754
LOKIASV2_3082_ESMFold_NAD+_synthase	AF-B7EFH6-F1-model_v4	AF-B7EFH6-F1-model_v4 Os08g0208700 protein	8.394E+00	0.016	17	68	130	575	354	416	417	68	0.110	0.151
LOKIASV2_3082_ESMFold_NAD+_synthase	AF-Q0P9R0-F1-model_v4	AF-Q0P9R0-F1-model_v4 Coproporphyrinogen-III oxidase	6.690E+00	0.016	17	14	221	575	46	240	451	251	0.362	0.432
LOKIASV2_3082_ESMFold_NAD+_synthase	AF-Q8ZLE9-F1-model_v4	AF-Q8ZLE9-F1-model_v4 Signal recognition particle receptor FtsY	5.332E+00	0.016	17	292	466	575	296	454	491	191	0.304	0.324
LOKIASV2_3082_ESMFold_NAD+_synthase	AF-E2FKH4-F1-model_v4	AF-E2FKH4-F1-model_v4 Sieve element occlusion d	4.015E+00	0.016	17	155	411	575	353	608	705	314	0.447	0.363
LOKIASV2_3082_ESMFold_NAD+_synthase	AF-Q1HDT3-F1-model_v4	AF-Q1HDT3-F1-model_v4 Cation/H(+) antiporter 16	4.250E+00	0.016	17	140	390	575	466	737	811	337	0.437	0.335
LOKIASV2_3082_ESMFold_NAD+_synthase	AF-Q8ZK18-F1-model_v4	AF-Q8ZK18-F1-model_v4 Putative superfamily I DNA helicases	6.690E+00	0.016	17	12	113	575	1036	1153	1171	131	0.177	0.101
LOKIASV2_3082_ESMFold_NAD+_synthase	AF-Q8GYR7-F1-model_v4	AF-Q8GYR7-F1-model_v4 Polynucleotidyl transferase, ribonuclease H-like superfamily protein	8.394E+00	0.014	16	251	401	575	34	143	170	159	0.263	0.647
LOKIASV2_3082_ESMFold_NAD+_synthase	AF-Q95Q05-F1-model_v4	AF-Q95Q05-F1-model_v4 MIT_C domain-containing protein	5.973E+00	0.014	16	170	253	575	135	228	235	104	0.146	0.400
LOKIASV2_3082_ESMFold_NAD+_synthase	AF-A0A0R4IRA8-F1-model_v4	AF-A0A0R4IRA8-F1-model_v4 Si:dkey-33b17.3	7.322E-01	0.014	16	64	313	575	16	257	277	302	0.435	0.874
LOKIASV2_3082_ESMFold_NAD+_synthase	AF-Q21452-F1-model_v4	AF-Q21452-F1-model_v4 Lipoyl synthase, mitochondrial	6.321E+00	0.014	16	138	375	575	103	291	354	279	0.414	0.534
LOKIASV2_3082_ESMFold_NAD+_synthase	AF-O13642-F1-model_v4	AF-O13642-F1-model_v4 Lipoyl synthase, mitochondrial	7.081E+00	0.014	16	111	375	575	61	300	370	327	0.461	0.649
LOKIASV2_3082_ESMFold_NAD+_synthase	AF-Q8L607-F1-model_v4	AF-Q8L607-F1-model_v4 Short integuments 2, mitochondrial	9.403E+00	0.014	16	297	548	575	32	333	386	346	0.438	0.782
LOKIASV2_3082_ESMFold_NAD+_synthase	AF-P45888-F1-model_v4	AF-P45888-F1-model_v4 Actin-related protein 2	5.973E+00	0.014	16	90	247	575	7	190	399	204	0.275	0.461
LOKIASV2_3082_ESMFold_NAD+_synthase	AF-Q8BPZ8-F1-model_v4	AF-Q8BPZ8-F1-model_v4 BRCA1-A complex subunit Abraxas 1	1.291E+00	0.014	16	86	313	575	31	234	407	269	0.397	0.501
LOKIASV2_3082_ESMFold_NAD+_synthase	AF-Q3T1I4-F1-model_v4	AF-Q3T1I4-F1-model_v4 Protein PRRC1	3.585E+00	0.014	16	155	291	575	258	402	443	170	0.238	0.327
LOKIASV2_3082_ESMFold_NAD+_synthase	AF-I1LWR5-F1-model_v4	AF-I1LWR5-F1-model_v4 UDP-glucose 6-dehydrogenase	5.332E+00	0.014	16	14	230	575	4	179	480	245	0.377	0.367
LOKIASV2_3082_ESMFold_NAD+_synthase	AF-A0A0R0FPV2-F1-model_v4	AF-A0A0R0FPV2-F1-model_v4 TTF-type domain-containing protein	7.081E+00	0.014	16	23	207	575	173	360	638	215	0.322	0.295
LOKIASV2_3082_ESMFold_NAD+_synthase	AF-A0A3Q0KTF5-F1-model_v4	AF-A0A3Q0KTF5-F1-model_v4 Mannosyl-glycoprotein endo-beta-N-acetylglucosaminidase	3.585E+00	0.014	16	136	348	575	96	312	654	282	0.370	0.332
LOKIASV2_3082_ESMFold_NAD+_synthase	AF-A0A3P7EGD6-F1-model_v4	AF-A0A3P7EGD6-F1-model_v4 Uncharacterized protein	1.089E+00	0.014	16	268	499	575	440	748	752	328	0.403	0.411
LOKIASV2_3082_ESMFold_NAD+_synthase	AF-Q5F8R6-F1-model_v4	AF-Q5F8R6-F1-model_v4 Type I site-specific deoxyribonuclease	3.794E+00	0.014	16	148	377	575	366	620	1001	278	0.400	0.255
LOKIASV2_3082_ESMFold_NAD+_synthase	AF-A0A175VPK3-F1-model_v4	AF-A0A175VPK3-F1-model_v4 Hybrid signal transduction histidine kinase B	6.536E-01	0.014	16	45	398	575	728	1234	1241	550	0.616	0.409
LOKIASV2_3082_ESMFold_NAD+_synthase	AF-A0A0P0WIR4-F1-model_v4	AF-A0A0P0WIR4-F1-model_v4 Os05g0177800 protein	5.643E+00	0.011	15	169	368	575	28	159	253	205	0.348	0.522
LOKIASV2_3082_ESMFold_NAD+_synthase	AF-K7KSG5-F1-model_v4	AF-K7KSG5-F1-model_v4 Uncharacterized protein	6.690E+00	0.011	15	307	407	575	109	219	260	121	0.176	0.427
LOKIASV2_3082_ESMFold_NAD+_synthase	AF-Q7YTI4-F1-model_v4	AF-Q7YTI4-F1-model_v4 Uncharacterized protein	3.794E+00	0.011	15	14	310	575	3	236	302	327	0.517	0.775
LOKIASV2_3082_ESMFold_NAD+_synthase	AF-G5EBG7-F1-model_v4	AF-G5EBG7-F1-model_v4 GLYcosylation related	9.403E+00	0.011	15	143	217	575	95	172	467	83	0.130	0.167
LOKIASV2_3082_ESMFold_NAD+_synthase	AF-A0A0J9Y6G9-F1-model_v4	AF-A0A0J9Y6G9-F1-model_v4 "Bm8414, isoform a	3.024E+00	0.011	15	23	210	575	110	320	494	233	0.327	0.427
LOKIASV2_3082_ESMFold_NAD+_synthase	AF-F4I7X4-F1-model_v4	AF-F4I7X4-F1-model_v4 General transcription factor 2-related zinc finger protein	8.394E+00	0.011	15	17	208	575	12	202	496	213	0.334	0.385
LOKIASV2_3082_ESMFold_NAD+_synthase	AF-A0A0H3GYJ7-F1-model_v4	AF-A0A0H3GYJ7-F1-model_v4 Signal recognition particle receptor FtsY	7.494E+00	0.011	15	292	466	575	312	470	507	191	0.304	0.314
LOKIASV2_3082_ESMFold_NAD+_synthase	AF-I1LQV6-F1-model_v4	AF-I1LQV6-F1-model_v4 Protein disulfide-isomerase	7.749E-01	0.011	15	11	361	575	116	374	579	392	0.610	0.447
LOKIASV2_3082_ESMFold_NAD+_synthase	AF-P61076-F1-model_v4	AF-P61076-F1-model_v4 Thioredoxin reductase 2	1.291E+00	0.011	15	15	286	575	118	412	617	360	0.473	0.478
LOKIASV2_3082_ESMFold_NAD+_synthase	AF-Q9W4K8-F1-model_v4	AF-Q9W4K8-F1-model_v4 FI22513p1	6.321E+00	0.011	15	273	368	575	27	131	939	111	0.167	0.112
LOKIASV2_3082_ESMFold_NAD+_synthase	AF-A0A1C1CD78-F1-model_v4	AF-A0A1C1CD78-F1-model_v4 Cation chloride cotransporter	5.332E+00	0.011	15	144	422	575	623	959	1310	376	0.485	0.257
LOKIASV2_3082_ESMFold_NAD+_synthase	AF-A0A1D6LZ57-F1-model_v4	AF-A0A1D6LZ57-F1-model_v4 USP family protein	7.081E+00	0.010	14	317	475	575	7	154	167	179	0.277	0.886
LOKIASV2_3082_ESMFold_NAD+_synthase	AF-Q10N28-F1-model_v4	AF-Q10N28-F1-model_v4 Os03g0284600 protein	6.321E+00	0.010	14	10	119	575	96	230	251	155	0.191	0.538
LOKIASV2_3082_ESMFold_NAD+_synthase	AF-A0A0K0DTK3-F1-model_v4	AF-A0A0K0DTK3-F1-model_v4 PALP domain-containing protein	8.884E+00	0.010	14	154	368	575	89	235	430	228	0.374	0.342
LOKIASV2_3082_ESMFold_NAD+_synthase	AF-Q96M27-F1-model_v4	AF-Q96M27-F1-model_v4 Protein PRRC1	7.931E+00	0.010	14	150	291	575	256	404	445	175	0.247	0.335
LOKIASV2_3082_ESMFold_NAD+_synthase	AF-A0A0K0EQE1-F1-model_v4	AF-A0A0K0EQE1-F1-model_v4 Uncharacterized protein	3.794E+00	0.010	14	12	376	575	49	326	458	406	0.635	0.607
LOKIASV2_3082_ESMFold_NAD+_synthase	AF-Q80W22-F1-model_v4	AF-Q80W22-F1-model_v4 Threonine synthase-like 2	7.494E+00	0.010	14	294	560	575	113	419	483	342	0.464	0.636
LOKIASV2_3082_ESMFold_NAD+_synthase	AF-P20506-F1-model_v4	AF-P20506-F1-model_v4 L-Threonine dehydratase biosynthetic IlvA	2.857E+00	0.010	14	151	349	575	46	214	514	232	0.346	0.329
LOKIASV2_3082_ESMFold_NAD+_synthase	AF-A0A0N7KIB8-F1-model_v4	AF-A0A0N7KIB8-F1-model_v4 Os03g0828600 protein	9.951E+00	0.010	14	169	377	575	392	533	629	229	0.363	0.226
LOKIASV2_3082_ESMFold_NAD+_synthase	AF-A0A0K0EF63-F1-model_v4	AF-A0A0K0EF63-F1-model_v4 Uncharacterized protein	2.151E+00	0.010	14	11	377	575	97	425	681	462	0.638	0.483
LOKIASV2_3082_ESMFold_NAD+_synthase	AF-Q86HX1-F1-model_v4	AF-Q86HX1-F1-model_v4 Protein HIRA	1.815E+00	0.010	14	86	419	575	739	993	1114	389	0.581	0.229
LOKIASV2_3082_ESMFold_NAD+_synthase	AF-A0A0N4UN94-F1-model_v4	AF-A0A0N4UN94-F1-model_v4 Uncharacterized protein	7.931E+00	0.009	13	17	310	575	4	236	302	324	0.511	0.772
LOKIASV2_3082_ESMFold_NAD+_synthase	AF-A0A0P0XFI0-F1-model_v4	AF-A0A0P0XFI0-F1-model_v4 Os08g0393150 protein	9.951E+00	0.009	13	28	210	575	100	289	376	233	0.318	0.505
LOKIASV2_3082_ESMFold_NAD+_synthase	AF-Q9FVQ0-F1-model_v4	AF-Q9FVQ0-F1-model_v4 Probable indole-3-pyruvate monooxygenase YUCCA10	9.403E+00	0.009	13	311	484	575	165	274	383	177	0.303	0.287
LOKIASV2_3082_ESMFold_NAD+_synthase	AF-Q9D864-F1-model_v4	AF-Q9D864-F1-model_v4 Actin-related protein 6	5.038E+00	0.009	13	159	314	575	76	222	396	190	0.271	0.371
LOKIASV2_3082_ESMFold_NAD+_synthase	AF-Q5XJA3-F1-model_v4	AF-Q5XJA3-F1-model_v4 Protein PRRC1	5.038E+00	0.009	13	155	310	575	250	427	435	204	0.271	0.409
LOKIASV2_3082_ESMFold_NAD+_synthase	AF-Q66HY6-F1-model_v4	AF-Q66HY6-F1-model_v4 Nuclear receptor coactivator 5	5.332E+00	0.009	13	272	575	575	61	309	479	333	0.529	0.520
LOKIASV2_3082_ESMFold_NAD+_synthase	AF-A0A0N4UBJ4-F1-model_v4	AF-A0A0N4UBJ4-F1-model_v4 Glycogen [starch] synthase	8.394E+00	0.009	13	153	368	575	38	236	659	243	0.376	0.302
LOKIASV2_3082_ESMFold_NAD+_synthase	AF-O01757-F1-model_v4	AF-O01757-F1-model_v4 RNA cytidine acetyltransferase	8.884E+00	0.009	13	155	369	575	119	330	1043	258	0.374	0.203
LOKIASV2_3082_ESMFold_NAD+_synthase	AF-Q09773-F1-model_v4	AF-Q09773-F1-model_v4 Meiotically up-regulated gene 62 protein	3.200E+00	0.009	13	19	265	575	946	1327	1487	414	0.430	0.257
LOKIASV2_3082_ESMFold_NAD+_synthase	AF-F1QVP8-F1-model_v4	AF-F1QVP8-F1-model_v4 Actin-related protein 6	8.884E+00	0.008	12	159	314	575	76	222	396	190	0.271	0.371
LOKIASV2_3082_ESMFold_NAD+_synthase	AF-F4JQE9-F1-model_v4	AF-F4JQE9-F1-model_v4 AAA-type ATPase family protein	8.884E+00	0.008	12	268	546	575	335	618	632	351	0.485	0.449
LOKIASV2_3082_ESMFold_NAD+_synthase	AF-Q5EUD7-F1-model_v4	AF-Q5EUD7-F1-model_v4 Protein disulfide-isomerase	7.931E+00	0.007	11	10	401	575	49	352	367	437	0.682	0.828
LOKIASV2_3082_ESMFold_NAD+_synthase	AF-Q8CE96-F1-model_v4	AF-Q8CE96-F1-model_v4 tRNA (adenine(58)-N(1))-methyltransferase non-catalytic subunit TRM6	8.884E+00	0.007	11	88	399	575	20	281	497	375	0.543	0.527
LOKIASV2_3082_ESMFold_NAD+_synthase	AF-A0A1D6PWI7-F1-model_v4	AF-A0A1D6PWI7-F1-model_v4 NHL domain-containing protein	9.403E+00	0.007	11	9	305	575	151	437	818	365	0.517	0.351
LOKIASV2_3082_ESMFold_NAD+_synthase	AF-P54823-F1-model_v4	AF-P54823-F1-model_v4 Probable ATP-dependent RNA helicase DDX6	9.951E+00	0.000	10	15	218	575	194	391	483	251	0.355	0.410
LOKIASV2_3082_ESMFold_NAD+_synthase	AF-O26007-F1-model_v4	AF-O26007-F1-model_v4 Type IIS restriction enzyme M protein (Mod)	7.494E+00	0.000	10	74	374	575	117	459	679	433	0.523	0.505
