LOKIASV2_0804_ESMFold_hypothetical_protein	AF-Q55E84-F1-model_v4	AF-Q55E84-F1-model_v4 EGF-like domain-containing protein	8.824E-09	1.000	279	32	271	272	672	954	975	308	0.882	0.290
LOKIASV2_0804_ESMFold_hypothetical_protein	AF-Q54EK3-F1-model_v4	AF-Q54EK3-F1-model_v4 Uncharacterized protein	5.596E-09	1.000	253	41	272	272	872	1131	1131	287	0.853	0.230
LOKIASV2_0804_ESMFold_hypothetical_protein	AF-Q54JT2-F1-model_v4	AF-Q54JT2-F1-model_v4 Uncharacterized protein	4.345E-09	1.000	251	29	272	272	165	469	540	319	0.897	0.565
LOKIASV2_0804_ESMFold_hypothetical_protein	AF-Q54GG7-F1-model_v4	AF-Q54GG7-F1-model_v4 Uncharacterized protein	1.660E-07	1.000	242	39	264	272	77	418	419	347	0.831	0.816
LOKIASV2_0804_ESMFold_hypothetical_protein	AF-Q54JT3-F1-model_v4	AF-Q54JT3-F1-model_v4 Uncharacterized protein	8.824E-09	1.000	237	39	272	272	1266	1547	1574	300	0.860	0.179
LOKIASV2_0804_ESMFold_hypothetical_protein	AF-Q54HZ6-F1-model_v4	AF-Q54HZ6-F1-model_v4 EGF-like domain-containing protein	9.046E-08	1.000	235	38	272	272	937	1201	1219	284	0.864	0.217
LOKIASV2_0804_ESMFold_hypothetical_protein	AF-Q558U5-F1-model_v4	AF-Q558U5-F1-model_v4 EGF-like domain-containing protein	9.046E-08	1.000	232	27	271	272	851	1122	1137	301	0.901	0.239
LOKIASV2_0804_ESMFold_hypothetical_protein	AF-Q54W29-F1-model_v4	AF-Q54W29-F1-model_v4 Uncharacterized protein	7.024E-08	1.000	228	39	248	272	85	411	467	332	0.772	0.700
LOKIASV2_0804_ESMFold_hypothetical_protein	AF-C7G067-F1-model_v4	AF-C7G067-F1-model_v4 EGF-like domain-containing protein	8.600E-08	1.000	228	35	271	272	931	1194	1222	288	0.871	0.216
LOKIASV2_0804_ESMFold_hypothetical_protein	AF-Q54DP4-F1-model_v4	AF-Q54DP4-F1-model_v4 EGF-like domain-containing protein	1.226E-07	1.000	227	25	272	272	749	1026	1042	308	0.912	0.267
LOKIASV2_0804_ESMFold_hypothetical_protein	AF-Q86KF0-F1-model_v4	AF-Q86KF0-F1-model_v4 Uncharacterized protein	9.516E-08	1.000	226	29	271	272	862	1136	1152	296	0.893	0.239
LOKIASV2_0804_ESMFold_hypothetical_protein	AF-Q54ZJ9-F1-model_v4	AF-Q54ZJ9-F1-model_v4 Uncharacterized protein	1.226E-07	1.000	225	33	270	272	813	1085	1108	294	0.875	0.246
LOKIASV2_0804_ESMFold_hypothetical_protein	AF-Q8WWB7-F1-model_v4	AF-Q8WWB7-F1-model_v4 Glycosylated lysosomal membrane protein	1.837E-07	1.000	224	31	271	272	58	397	406	348	0.886	0.837
LOKIASV2_0804_ESMFold_hypothetical_protein	AF-Q55FB4-F1-model_v4	AF-Q55FB4-F1-model_v4 Uncharacterized protein	9.046E-08	1.000	224	27	270	272	322	608	633	320	0.897	0.453
LOKIASV2_0804_ESMFold_hypothetical_protein	AF-Q550E1-F1-model_v4	AF-Q550E1-F1-model_v4 Uncharacterized protein	6.348E-08	1.000	223	29	271	272	1097	1371	1387	297	0.893	0.198
LOKIASV2_0804_ESMFold_hypothetical_protein	AF-Q54KH6-F1-model_v4	AF-Q54KH6-F1-model_v4 Uncharacterized protein	1.108E-07	1.000	221	43	272	272	284	614	701	345	0.846	0.472
LOKIASV2_0804_ESMFold_hypothetical_protein	AF-Q54LK6-F1-model_v4	AF-Q54LK6-F1-model_v4 EGF-like domain-containing protein	5.454E-08	1.000	220	48	271	272	312	576	595	284	0.824	0.445
LOKIASV2_0804_ESMFold_hypothetical_protein	AF-Q55BS2-F1-model_v4	AF-Q55BS2-F1-model_v4 EGF-like domain-containing protein	1.426E-07	1.000	220	26	268	272	645	907	933	291	0.893	0.282
LOKIASV2_0804_ESMFold_hypothetical_protein	AF-Q8T2F8-F1-model_v4	AF-Q8T2F8-F1-model_v4 Uncharacterized protein	3.288E-08	1.000	220	33	272	272	804	1079	1097	301	0.882	0.252
LOKIASV2_0804_ESMFold_hypothetical_protein	AF-Q54VV3-F1-model_v4	AF-Q54VV3-F1-model_v4 Uncharacterized protein	5.454E-08	1.000	220	31	272	272	861	1127	1142	290	0.890	0.234
LOKIASV2_0804_ESMFold_hypothetical_protein	AF-Q54VZ1-F1-model_v4	AF-Q54VZ1-F1-model_v4 Uncharacterized protein	1.226E-07	1.000	217	41	270	272	824	1090	1107	285	0.846	0.241
LOKIASV2_0804_ESMFold_hypothetical_protein	AF-Q54VD9-F1-model_v4	AF-Q54VD9-F1-model_v4 Uncharacterized protein	1.660E-07	1.000	215	34	271	272	921	1196	1212	294	0.875	0.228
LOKIASV2_0804_ESMFold_hypothetical_protein	AF-Q54T83-F1-model_v4	AF-Q54T83-F1-model_v4 Uncharacterized protein	3.047E-07	1.000	214	43	269	272	219	506	628	304	0.835	0.459
LOKIASV2_0804_ESMFold_hypothetical_protein	AF-Q55CJ5-F1-model_v4	AF-Q55CJ5-F1-model_v4 EGF-like domain-containing protein	1.500E-07	1.000	214	24	270	272	779	1053	1076	300	0.908	0.256
LOKIASV2_0804_ESMFold_hypothetical_protein	AF-Q55AW2-F1-model_v4	AF-Q55AW2-F1-model_v4 Uncharacterized protein	1.746E-07	1.000	212	24	272	272	768	1047	1066	304	0.915	0.263
LOKIASV2_0804_ESMFold_hypothetical_protein	AF-Q55FP4-F1-model_v4	AF-Q55FP4-F1-model_v4 Uncharacterized protein	3.205E-07	1.000	212	41	270	272	811	1069	1076	283	0.846	0.241
LOKIASV2_0804_ESMFold_hypothetical_protein	AF-Q86AS3-F1-model_v4	AF-Q86AS3-F1-model_v4 Uncharacterized protein	2.754E-07	1.000	212	32	271	272	1639	1905	1918	294	0.882	0.139
LOKIASV2_0804_ESMFold_hypothetical_protein	AF-Q54QV2-F1-model_v4	AF-Q54QV2-F1-model_v4 IPT/TIG domain-containing protein	1.932E-07	1.000	211	30	270	272	688	945	969	290	0.886	0.266
LOKIASV2_0804_ESMFold_hypothetical_protein	AF-Q54ZK3-F1-model_v4	AF-Q54ZK3-F1-model_v4 Uncharacterized protein	1.426E-07	1.000	211	33	269	272	806	1078	1100	297	0.871	0.248
LOKIASV2_0804_ESMFold_hypothetical_protein	AF-Q54FJ6-F1-model_v4	AF-Q54FJ6-F1-model_v4 Uncharacterized protein	5.592E-07	1.000	210	41	270	272	778	1046	1076	293	0.846	0.250
LOKIASV2_0804_ESMFold_hypothetical_protein	AF-Q55F41-F1-model_v4	AF-Q55F41-F1-model_v4 IPT/TIG domain-containing protein	1.660E-07	1.000	210	51	271	272	1561	1812	1830	272	0.812	0.138
LOKIASV2_0804_ESMFold_hypothetical_protein	AF-A0A5K4EDH9-F1-model_v4	AF-A0A5K4EDH9-F1-model_v4 Uncharacterized protein	1.390E-06	1.000	209	31	268	272	44	442	471	408	0.875	0.847
LOKIASV2_0804_ESMFold_hypothetical_protein	AF-Q55AX3-F1-model_v4	AF-Q55AX3-F1-model_v4 Uncharacterized protein	2.754E-07	1.000	209	34	272	272	794	1075	1092	305	0.879	0.258
LOKIASV2_0804_ESMFold_hypothetical_protein	AF-Q54VS9-F1-model_v4	AF-Q54VS9-F1-model_v4 Uncharacterized protein	3.827E-08	1.000	209	38	271	272	1036	1323	1341	311	0.860	0.215
LOKIASV2_0804_ESMFold_hypothetical_protein	AF-Q54PD6-F1-model_v4	AF-Q54PD6-F1-model_v4 EGF-like domain-containing protein	1.226E-07	1.000	207	28	270	272	595	865	888	308	0.893	0.305
LOKIASV2_0804_ESMFold_hypothetical_protein	AF-Q55A31-F1-model_v4	AF-Q55A31-F1-model_v4 Uncharacterized protein	5.592E-07	1.000	207	35	269	272	839	1093	1116	281	0.864	0.228
LOKIASV2_0804_ESMFold_hypothetical_protein	AF-Q55G63-F1-model_v4	AF-Q55G63-F1-model_v4 Uncharacterized protein	8.600E-08	1.000	207	35	267	272	835	1092	1117	290	0.857	0.231
LOKIASV2_0804_ESMFold_hypothetical_protein	AF-Q869S2-F1-model_v4	AF-Q869S2-F1-model_v4 Uncharacterized protein	1.660E-07	1.000	207	30	269	272	929	1220	1251	320	0.882	0.233
LOKIASV2_0804_ESMFold_hypothetical_protein	AF-Q54VY9-F1-model_v4	AF-Q54VY9-F1-model_v4 Uncharacterized protein	3.730E-07	1.000	205	41	270	272	765	1057	1075	314	0.846	0.273
LOKIASV2_0804_ESMFold_hypothetical_protein	AF-Q55A33-F1-model_v4	AF-Q55A33-F1-model_v4 Uncharacterized protein	5.054E-07	1.000	205	35	268	272	829	1078	1103	278	0.860	0.227
LOKIASV2_0804_ESMFold_hypothetical_protein	AF-Q869T3-F1-model_v4	AF-Q869T3-F1-model_v4 Uncharacterized protein	4.235E-08	1.000	204	30	271	272	615	897	918	311	0.890	0.308
LOKIASV2_0804_ESMFold_hypothetical_protein	AF-Q55AP8-F1-model_v4	AF-Q55AP8-F1-model_v4 EGF-like domain-containing protein comC	3.371E-07	1.000	203	30	266	272	1194	1464	1501	298	0.871	0.181
LOKIASV2_0804_ESMFold_hypothetical_protein	AF-Q54QV6-F1-model_v4	AF-Q54QV6-F1-model_v4 EGF-like domain-containing protein	5.882E-07	1.000	201	35	267	272	752	1022	1050	291	0.857	0.258
LOKIASV2_0804_ESMFold_hypothetical_protein	AF-Q54L62-F1-model_v4	AF-Q54L62-F1-model_v4 Uncharacterized protein	1.108E-07	1.000	200	33	271	272	1239	1558	1574	336	0.879	0.203
LOKIASV2_0804_ESMFold_hypothetical_protein	AF-Q54KL3-F1-model_v4	AF-Q54KL3-F1-model_v4 EGF-like domain-containing protein	1.053E-07	1.000	198	29	271	272	1035	1299	1333	297	0.893	0.199
LOKIASV2_0804_ESMFold_hypothetical_protein	AF-Q554H4-F1-model_v4	AF-Q554H4-F1-model_v4 Uncharacterized protein	2.366E-07	1.000	198	30	272	272	1107	1400	1417	315	0.893	0.207
LOKIASV2_0804_ESMFold_hypothetical_protein	AF-Q86HR8-F1-model_v4	AF-Q86HR8-F1-model_v4 Uncharacterized protein	3.546E-07	1.000	196	30	270	272	437	723	748	313	0.886	0.384
LOKIASV2_0804_ESMFold_hypothetical_protein	AF-Q55AW5-F1-model_v4	AF-Q55AW5-F1-model_v4 Uncharacterized protein	1.462E-06	1.000	196	41	272	272	737	1005	1024	286	0.853	0.263
LOKIASV2_0804_ESMFold_hypothetical_protein	AF-Q55CK5-F1-model_v4	AF-Q55CK5-F1-model_v4 Uncharacterized protein	6.187E-07	1.000	195	41	269	272	654	905	930	273	0.842	0.271
LOKIASV2_0804_ESMFold_hypothetical_protein	AF-Q54QL1-F1-model_v4	AF-Q54QL1-F1-model_v4 Uncharacterized protein	2.366E-07	1.000	195	35	272	272	854	1122	1141	300	0.875	0.236
LOKIASV2_0804_ESMFold_hypothetical_protein	AF-Q86L17-F1-model_v4	AF-Q86L17-F1-model_v4 Uncharacterized protein	6.846E-07	1.000	193	37	271	272	341	614	634	299	0.864	0.432
LOKIASV2_0804_ESMFold_hypothetical_protein	AF-Q54VZ2-F1-model_v4	AF-Q54VZ2-F1-model_v4 Uncharacterized protein	6.187E-07	1.000	193	41	272	272	824	1086	1086	283	0.853	0.242
LOKIASV2_0804_ESMFold_hypothetical_protein	AF-Q54DI1-F1-model_v4	AF-Q54DI1-F1-model_v4 EGF-like domain-containing protein	8.817E-07	1.000	193	20	272	272	710	982	1149	307	0.930	0.238
LOKIASV2_0804_ESMFold_hypothetical_protein	AF-Q55EN6-F1-model_v4	AF-Q55EN6-F1-model_v4 Uncharacterized protein	5.882E-07	1.000	193	41	266	272	938	1185	1213	281	0.831	0.204
LOKIASV2_0804_ESMFold_hypothetical_protein	AF-Q54LE5-F1-model_v4	AF-Q54LE5-F1-model_v4 Uncharacterized protein	2.897E-07	1.000	192	21	266	272	1270	1538	1562	302	0.904	0.172
LOKIASV2_0804_ESMFold_hypothetical_protein	AF-Q54V92-F1-model_v4	AF-Q54V92-F1-model_v4 Uncharacterized protein	1.390E-06	1.000	191	32	271	272	767	1038	1061	301	0.882	0.256
LOKIASV2_0804_ESMFold_hypothetical_protein	AF-Q54QE0-F1-model_v4	AF-Q54QE0-F1-model_v4 Uncharacterized protein	4.342E-07	1.000	190	30	267	272	713	958	985	289	0.875	0.250
LOKIASV2_0804_ESMFold_hypothetical_protein	AF-Q55CD0-F1-model_v4	AF-Q55CD0-F1-model_v4 Uncharacterized protein	3.730E-07	1.000	190	36	272	272	765	1036	1055	303	0.871	0.258
LOKIASV2_0804_ESMFold_hypothetical_protein	AF-Q54LX7-F1-model_v4	AF-Q54LX7-F1-model_v4 Uncharacterized protein	2.754E-07	1.000	190	38	268	272	1099	1389	1413	311	0.849	0.206
LOKIASV2_0804_ESMFold_hypothetical_protein	AF-Q54ZQ4-F1-model_v4	AF-Q54ZQ4-F1-model_v4 EGF-like domain-containing protein	1.462E-06	1.000	189	31	271	272	622	929	951	336	0.886	0.324
LOKIASV2_0804_ESMFold_hypothetical_protein	AF-Q55AW6-F1-model_v4	AF-Q55AW6-F1-model_v4 Uncharacterized protein	1.790E-06	1.000	189	35	272	272	702	977	996	297	0.875	0.277
LOKIASV2_0804_ESMFold_hypothetical_protein	AF-Q55A34-F1-model_v4	AF-Q55A34-F1-model_v4 EGF-like domain-containing protein	1.026E-06	1.000	188	34	263	272	847	1091	1146	277	0.846	0.214
LOKIASV2_0804_ESMFold_hypothetical_protein	AF-Q86AQ9-F1-model_v4	AF-Q86AQ9-F1-model_v4 Uncharacterized protein	1.538E-06	1.000	188	27	271	272	913	1176	1210	303	0.901	0.218
LOKIASV2_0804_ESMFold_hypothetical_protein	AF-Q55A32-F1-model_v4	AF-Q55A32-F1-model_v4 EGF-like domain-containing protein	1.079E-06	1.000	187	24	271	272	1016	1275	1293	294	0.912	0.201
LOKIASV2_0804_ESMFold_hypothetical_protein	AF-Q54WR3-F1-model_v4	AF-Q54WR3-F1-model_v4 Uncharacterized protein	2.489E-07	1.000	187	43	272	272	1090	1356	1378	293	0.846	0.194
LOKIASV2_0804_ESMFold_hypothetical_protein	AF-Q54QE1-F1-model_v4	AF-Q54QE1-F1-model_v4 Uncharacterized protein	4.342E-07	1.000	186	30	266	272	705	962	994	292	0.871	0.260
LOKIASV2_0804_ESMFold_hypothetical_protein	AF-Q54ID8-F1-model_v4	AF-Q54ID8-F1-model_v4 EGF-like domain-containing protein	8.176E-08	1.000	185	31	270	272	737	990	1007	284	0.882	0.252
LOKIASV2_0804_ESMFold_hypothetical_protein	AF-Q54CK5-F1-model_v4	AF-Q54CK5-F1-model_v4 MipAp	3.924E-07	1.000	184	43	270	272	1098	1369	1393	293	0.838	0.195
LOKIASV2_0804_ESMFold_hypothetical_protein	AF-Q54FI2-F1-model_v4	AF-Q54FI2-F1-model_v4 Uncharacterized protein	3.924E-07	1.000	181	32	270	272	1106	1391	1413	320	0.879	0.202
LOKIASV2_0804_ESMFold_hypothetical_protein	AF-Q553F8-F1-model_v4	AF-Q553F8-F1-model_v4 Uncharacterized protein	1.322E-06	1.000	180	25	268	272	893	1158	1186	302	0.897	0.224
LOKIASV2_0804_ESMFold_hypothetical_protein	AF-Q54VT3-F1-model_v4	AF-Q54VT3-F1-model_v4 Uncharacterized protein	3.546E-07	1.000	180	30	271	272	986	1255	1282	299	0.890	0.211
LOKIASV2_0804_ESMFold_hypothetical_protein	AF-Q55AN5-F1-model_v4	AF-Q55AN5-F1-model_v4 Uncharacterized protein	2.551E-06	1.000	180	46	268	272	1034	1305	1329	290	0.820	0.205
LOKIASV2_0804_ESMFold_hypothetical_protein	AF-Q54PE3-F1-model_v4	AF-Q54PE3-F1-model_v4 Uncharacterized protein	1.135E-06	1.000	180	46	271	272	1116	1409	1431	312	0.831	0.205
LOKIASV2_0804_ESMFold_hypothetical_protein	AF-Q550A1-F1-model_v4	AF-Q550A1-F1-model_v4 EGF-like domain-containing protein	1.000E-05	1.000	179	31	272	272	666	931	958	291	0.890	0.278
LOKIASV2_0804_ESMFold_hypothetical_protein	AF-Q54FR2-F1-model_v4	AF-Q54FR2-F1-model_v4 Uncharacterized protein	8.382E-07	1.000	179	30	268	272	943	1226	1253	305	0.879	0.227
LOKIASV2_0804_ESMFold_hypothetical_protein	AF-Q54S27-F1-model_v4	AF-Q54S27-F1-model_v4 Uncharacterized protein	1.499E-05	1.000	178	57	242	272	139	338	401	221	0.684	0.499
LOKIASV2_0804_ESMFold_hypothetical_protein	AF-Q55GF5-F1-model_v4	AF-Q55GF5-F1-model_v4 Uncharacterized protein	3.636E-06	1.000	178	31	271	272	912	1190	1204	298	0.886	0.232
LOKIASV2_0804_ESMFold_hypothetical_protein	AF-Q8T282-F1-model_v4	AF-Q8T282-F1-model_v4 Uncharacterized protein	4.567E-07	1.000	177	30	269	272	1091	1384	1406	321	0.882	0.209
LOKIASV2_0804_ESMFold_hypothetical_protein	AF-Q54Z87-F1-model_v4	AF-Q54Z87-F1-model_v4 EGF-like domain-containing protein	8.382E-07	1.000	176	30	271	272	1030	1330	1349	330	0.890	0.223
LOKIASV2_0804_ESMFold_hypothetical_protein	AF-Q54GX9-F1-model_v4	AF-Q54GX9-F1-model_v4 Uncharacterized protein	8.382E-07	1.000	176	30	272	272	1096	1360	1390	303	0.893	0.191
LOKIASV2_0804_ESMFold_hypothetical_protein	AF-Q551U9-F1-model_v4	AF-Q551U9-F1-model_v4 Uncharacterized protein	1.462E-06	1.000	175	30	272	272	1125	1401	1422	305	0.893	0.195
LOKIASV2_0804_ESMFold_hypothetical_protein	AF-Q54W82-F1-model_v4	AF-Q54W82-F1-model_v4 EGF-like domain-containing protein	3.824E-06	1.000	175	41	271	272	1894	2161	2182	291	0.849	0.123
LOKIASV2_0804_ESMFold_hypothetical_protein	AF-Q54S26-F1-model_v4	AF-Q54S26-F1-model_v4 Uncharacterized protein	6.343E-06	1.000	173	30	246	272	64	289	348	258	0.798	0.649
LOKIASV2_0804_ESMFold_hypothetical_protein	AF-Q54GM8-F1-model_v4	AF-Q54GM8-F1-model_v4 Uncharacterized protein	7.968E-07	1.000	172	31	272	272	1165	1450	1469	317	0.890	0.195
LOKIASV2_0804_ESMFold_hypothetical_protein	AF-Q54GM7-F1-model_v4	AF-Q54GM7-F1-model_v4 Uncharacterized protein	8.817E-07	1.000	171	30	271	272	1091	1379	1399	318	0.890	0.207
LOKIASV2_0804_ESMFold_hypothetical_protein	AF-Q54K31-F1-model_v4	AF-Q54K31-F1-model_v4 Uncharacterized protein	7.201E-07	1.000	170	30	268	272	923	1195	1222	301	0.879	0.223
LOKIASV2_0804_ESMFold_hypothetical_protein	AF-Q54C09-F1-model_v4	AF-Q54C09-F1-model_v4 Uncharacterized protein	7.019E-06	1.000	168	29	271	272	428	687	705	292	0.893	0.369
LOKIASV2_0804_ESMFold_hypothetical_protein	AF-Q54GB7-F1-model_v4	AF-Q54GB7-F1-model_v4 EGF-like domain-containing protein	1.618E-06	1.000	168	30	271	272	412	684	710	302	0.890	0.385
LOKIASV2_0804_ESMFold_hypothetical_protein	AF-Q54W81-F1-model_v4	AF-Q54W81-F1-model_v4 Uncharacterized protein	1.107E-05	1.000	168	41	271	272	853	1120	1141	293	0.849	0.235
LOKIASV2_0804_ESMFold_hypothetical_protein	AF-Q54UR8-F1-model_v4	AF-Q54UR8-F1-model_v4 Uncharacterized protein	4.023E-06	1.000	165	32	272	272	1089	1372	1391	318	0.886	0.204
LOKIASV2_0804_ESMFold_hypothetical_protein	AF-Q54XI0-F1-model_v4	AF-Q54XI0-F1-model_v4 Uncharacterized protein	1.883E-06	1.000	165	30	271	272	1101	1392	1412	323	0.890	0.207
LOKIASV2_0804_ESMFold_hypothetical_protein	AF-Q54BI9-F1-model_v4	AF-Q54BI9-F1-model_v4 Uncharacterized protein	7.383E-06	1.000	165	41	268	272	1130	1410	1436	299	0.838	0.196
LOKIASV2_0804_ESMFold_hypothetical_protein	AF-Q55GF6-F1-model_v4	AF-Q55GF6-F1-model_v4 EGF-like domain-containing protein	2.487E-05	1.000	163	31	266	272	888	1157	1182	289	0.868	0.228
LOKIASV2_0804_ESMFold_hypothetical_protein	AF-Q54KQ6-F1-model_v4	AF-Q54KQ6-F1-model_v4 Uncharacterized protein	1.981E-06	1.000	163	38	269	272	1120	1408	1437	316	0.853	0.201
LOKIASV2_0804_ESMFold_hypothetical_protein	AF-Q54GN0-F1-model_v4	AF-Q54GN0-F1-model_v4 Uncharacterized protein	6.508E-07	1.000	159	31	271	272	1045	1322	1348	308	0.886	0.206
LOKIASV2_0804_ESMFold_hypothetical_protein	AF-Q54BJ0-F1-model_v4	AF-Q54BJ0-F1-model_v4 EGF-like domain-containing protein	3.456E-06	1.000	159	30	269	272	1114	1395	1415	310	0.882	0.199
LOKIASV2_0804_ESMFold_hypothetical_protein	AF-Q54L67-F1-model_v4	AF-Q54L67-F1-model_v4 EGF-like domain-containing protein	2.192E-06	1.000	158	33	271	272	1084	1388	1407	327	0.879	0.217
LOKIASV2_0804_ESMFold_hypothetical_protein	AF-Q54YP0-F1-model_v4	AF-Q54YP0-F1-model_v4 Uncharacterized protein	1.193E-04	1.000	157	30	248	272	660	891	941	265	0.805	0.247
LOKIASV2_0804_ESMFold_hypothetical_protein	AF-Q54GB8-F1-model_v4	AF-Q54GB8-F1-model_v4 Uncharacterized protein	2.192E-06	1.000	154	30	271	272	519	800	820	311	0.890	0.344
LOKIASV2_0804_ESMFold_hypothetical_protein	AF-A0A044SX74-F1-model_v4	AF-A0A044SX74-F1-model_v4 Alpha-mannosidase	2.684E-06	1.000	154	27	254	272	686	942	1062	283	0.838	0.242
LOKIASV2_0804_ESMFold_hypothetical_protein	AF-Q54P15-F1-model_v4	AF-Q54P15-F1-model_v4 EGF-like domain-containing protein	2.425E-06	1.000	153	32	269	272	1069	1352	1379	316	0.875	0.206
LOKIASV2_0804_ESMFold_hypothetical_protein	AF-B0G154-F1-model_v4	AF-B0G154-F1-model_v4 EGF-like domain-containing protein	1.107E-05	1.000	153	48	245	272	1424	1636	1691	238	0.728	0.126
LOKIASV2_0804_ESMFold_hypothetical_protein	AF-Q550G2-F1-model_v4	AF-Q550G2-F1-model_v4 Uncharacterized protein	4.682E-06	1.000	151	31	271	272	1080	1368	1396	314	0.886	0.207
LOKIASV2_0804_ESMFold_hypothetical_protein	AF-Q55FR0-F1-model_v4	AF-Q55FR0-F1-model_v4 EGF-like domain-containing protein	7.019E-06	1.000	149	31	268	272	674	938	940	303	0.875	0.282
LOKIASV2_0804_ESMFold_hypothetical_protein	AF-Q54ID9-F1-model_v4	AF-Q54ID9-F1-model_v4 EGF-like domain-containing protein	1.538E-06	1.000	148	29	271	272	1089	1372	1390	318	0.893	0.204
LOKIASV2_0804_ESMFold_hypothetical_protein	AF-Q8T1W0-F1-model_v4	AF-Q8T1W0-F1-model_v4 Uncharacterized protein	1.355E-05	1.000	146	30	271	272	566	888	909	350	0.890	0.355
LOKIASV2_0804_ESMFold_hypothetical_protein	AF-Q556L2-F1-model_v4	AF-Q556L2-F1-model_v4 Uncharacterized protein	9.508E-06	1.000	146	27	271	272	1060	1378	1395	343	0.901	0.229
LOKIASV2_0804_ESMFold_hypothetical_protein	AF-P54746-F1-model_v4	AF-P54746-F1-model_v4 Mannosylglycerate hydrolase	8.810E-05	1.000	145	33	251	272	489	760	877	306	0.805	0.310
LOKIASV2_0804_ESMFold_hypothetical_protein	AF-Q54P41-F1-model_v4	AF-Q54P41-F1-model_v4 EGF-like domain-containing protein	1.164E-05	1.000	139	31	248	272	708	923	992	260	0.801	0.218
LOKIASV2_0804_ESMFold_hypothetical_protein	AF-Q54HK4-F1-model_v4	AF-Q54HK4-F1-model_v4 Uncharacterized protein	6.672E-06	1.000	138	31	248	272	405	662	665	292	0.801	0.388
LOKIASV2_0804_ESMFold_hypothetical_protein	AF-A0A0H5S7L5-F1-model_v4	AF-A0A0H5S7L5-F1-model_v4 Alpha-mannosidase	2.364E-05	1.000	138	27	237	272	673	908	1049	264	0.776	0.225
LOKIASV2_0804_ESMFold_hypothetical_protein	AF-C7FZW4-F1-model_v4	AF-C7FZW4-F1-model_v4 Leucine-rich repeat-containing protein	1.225E-05	1.000	131	23	271	272	724	1007	1023	324	0.915	0.278
LOKIASV2_0804_ESMFold_hypothetical_protein	AF-Q9NTJ4-F1-model_v4	AF-Q9NTJ4-F1-model_v4 Alpha-mannosidase 2C1	1.836E-05	1.000	130	29	239	272	683	914	1040	269	0.776	0.223
LOKIASV2_0804_ESMFold_hypothetical_protein	AF-A0A077Z1X2-F1-model_v4	AF-A0A077Z1X2-F1-model_v4 Alpha-mannosidase	6.030E-06	1.000	125	30	247	272	721	967	1104	281	0.801	0.224
LOKIASV2_0804_ESMFold_hypothetical_protein	AF-P21139-F1-model_v4	AF-P21139-F1-model_v4 Alpha-mannosidase 2C1	3.044E-05	1.000	122	29	239	272	683	914	1040	272	0.776	0.223
LOKIASV2_0804_ESMFold_hypothetical_protein	AF-X1WCE5-F1-model_v4	AF-X1WCE5-F1-model_v4 Alpha-mannosidase	6.182E-05	1.000	121	31	239	272	679	907	1024	269	0.768	0.224
LOKIASV2_0804_ESMFold_hypothetical_protein	AF-Q5F4W6-F1-model_v4	AF-Q5F4W6-F1-model_v4 Membrane protein insertase YidC	3.821E-04	1.000	120	31	244	272	55	316	545	291	0.787	0.481
LOKIASV2_0804_ESMFold_hypothetical_protein	AF-A0A3P7DH84-F1-model_v4	AF-A0A3P7DH84-F1-model_v4 Alpha-mann_mid domain-containing protein	2.424E-04	1.000	117	27	237	272	168	399	565	258	0.776	0.411
LOKIASV2_0804_ESMFold_hypothetical_protein	AF-Q86L16-F1-model_v4	AF-Q86L16-F1-model_v4 Uncharacterized protein	1.287E-03	1.000	114	135	270	272	9	179	206	172	0.500	0.830
LOKIASV2_0804_ESMFold_hypothetical_protein	AF-Q91W89-F1-model_v4	AF-Q91W89-F1-model_v4 Alpha-mannosidase 2C1	4.124E-05	1.000	109	31	239	272	676	913	1039	268	0.768	0.229
LOKIASV2_0804_ESMFold_hypothetical_protein	AF-Q54L47-F1-model_v4	AF-Q54L47-F1-model_v4 EGF-like domain-containing protein	2.967E-04	1.000	108	46	271	272	207	486	500	311	0.831	0.560
LOKIASV2_0804_ESMFold_hypothetical_protein	AF-P25714-F1-model_v4	AF-P25714-F1-model_v4 Membrane protein insertase YidC	4.921E-04	1.000	106	23	237	272	41	309	548	303	0.790	0.491
LOKIASV2_0804_ESMFold_hypothetical_protein	AF-Q59005-F1-model_v4	AF-Q59005-F1-model_v4 Uncharacterized glycosyl hydrolase MJ1610	1.834E-03	1.000	105	31	259	272	5	231	615	264	0.842	0.369
LOKIASV2_0804_ESMFold_hypothetical_protein	AF-Q55CM2-F1-model_v4	AF-Q55CM2-F1-model_v4 Uncharacterized protein	8.163E-04	1.000	104	34	232	272	532	745	820	242	0.732	0.261
LOKIASV2_0804_ESMFold_hypothetical_protein	AF-Q8ZKY4-F1-model_v4	AF-Q8ZKY4-F1-model_v4 Membrane protein insertase YidC	6.667E-04	1.000	101	25	237	272	54	309	548	287	0.783	0.467
LOKIASV2_0804_ESMFold_hypothetical_protein	AF-Q9HZ52-F1-model_v4	AF-Q9HZ52-F1-model_v4 Putative glucose-6-phosphate 1-epimerase	4.448E-04	1.000	100	24	238	272	12	283	283	300	0.790	0.961
LOKIASV2_0804_ESMFold_hypothetical_protein	AF-U7PK54-F1-model_v4	AF-U7PK54-F1-model_v4 Uncharacterized protein	1.929E-03	0.999	98	1	239	272	1	272	680	309	0.879	0.400
LOKIASV2_0804_ESMFold_hypothetical_protein	AF-P27046-F1-model_v4	AF-P27046-F1-model_v4 Alpha-mannosidase 2	2.304E-04	0.999	98	29	237	272	756	987	1150	267	0.768	0.202
LOKIASV2_0804_ESMFold_hypothetical_protein	AF-A0A5K4FBA2-F1-model_v4	AF-A0A5K4FBA2-F1-model_v4 Alpha-mannosidase	3.042E-03	0.998	95	32	238	272	720	983	1154	279	0.761	0.229
LOKIASV2_0804_ESMFold_hypothetical_protein	AF-A0A0H3H4V7-F1-model_v4	AF-A0A0H3H4V7-F1-model_v4 Membrane protein insertase YidC	3.918E-03	0.998	94	25	238	272	36	293	531	293	0.787	0.486
LOKIASV2_0804_ESMFold_hypothetical_protein	AF-Q84M89-F1-model_v4	AF-Q84M89-F1-model_v4 Alpha-glucosidase 2	3.042E-03	0.997	91	47	264	272	54	300	789	278	0.801	0.313
LOKIASV2_0804_ESMFold_hypothetical_protein	AF-Q109U3-F1-model_v4	AF-Q109U3-F1-model_v4 Large secreted protein, putative, expressed	1.106E-03	0.996	90	30	242	272	35	268	815	290	0.783	0.287
LOKIASV2_0804_ESMFold_hypothetical_protein	AF-A0A0K0E3U5-F1-model_v4	AF-A0A0K0E3U5-F1-model_v4 Uncharacterized protein	1.929E-03	0.995	88	45	260	272	100	337	812	264	0.794	0.293
LOKIASV2_0804_ESMFold_hypothetical_protein	AF-K0ENI2-F1-model_v4	AF-K0ENI2-F1-model_v4 Putative trehalose-6-phosphate phophatase	4.560E-03	0.995	88	30	244	272	267	451	856	239	0.790	0.216
LOKIASV2_0804_ESMFold_hypothetical_protein	AF-A0A175VVL5-F1-model_v4	AF-A0A175VVL5-F1-model_v4 Uncharacterized protein	4.921E-04	0.993	86	29	247	272	37	293	701	289	0.805	0.367
LOKIASV2_0804_ESMFold_hypothetical_protein	AF-Q8DN34-F1-model_v4	AF-Q8DN34-F1-model_v4 Alpha-mann_mid domain-containing protein	5.583E-03	0.992	85	33	237	272	523	772	886	281	0.754	0.282
LOKIASV2_0804_ESMFold_hypothetical_protein	AF-A0A175W940-F1-model_v4	AF-A0A175W940-F1-model_v4 Trehalase	9.260E-03	0.990	83	30	254	272	26	268	679	286	0.827	0.358
LOKIASV2_0804_ESMFold_hypothetical_protein	AF-A0A175W6Z5-F1-model_v4	AF-A0A175W6Z5-F1-model_v4 Cellobionic acid phosphorylase	3.918E-03	0.990	83	31	238	272	29	281	792	289	0.765	0.319
LOKIASV2_0804_ESMFold_hypothetical_protein	AF-U7PID1-F1-model_v4	AF-U7PID1-F1-model_v4 Uncharacterized protein	3.366E-03	0.986	81	31	238	272	30	285	818	299	0.765	0.313
LOKIASV2_0804_ESMFold_hypothetical_protein	AF-P77154-F1-model_v4	AF-P77154-F1-model_v4 Kojibiose phosphorylase	2.246E-03	0.981	79	33	259	272	25	260	755	274	0.835	0.313
LOKIASV2_0804_ESMFold_hypothetical_protein	AF-I1LEI1-F1-model_v4	AF-I1LEI1-F1-model_v4 Glyco_hyd_65N_2 domain-containing protein	1.658E-03	0.981	79	30	240	272	80	315	877	290	0.776	0.269
LOKIASV2_0804_ESMFold_hypothetical_protein	AF-Q54BJ2-F1-model_v4	AF-Q54BJ2-F1-model_v4 Uncharacterized protein	4.448E-04	0.978	78	67	268	272	2	237	258	272	0.743	0.915
LOKIASV2_0804_ESMFold_hypothetical_protein	AF-Q9FJY6-F1-model_v4	AF-Q9FJY6-F1-model_v4 Glucose-6-phosphate 1-epimerase	5.873E-03	0.978	78	1	238	272	13	307	307	333	0.875	0.961
LOKIASV2_0804_ESMFold_hypothetical_protein	AF-F4HTM3-F1-model_v4	AF-F4HTM3-F1-model_v4 Mannosyl-oligosaccharide glucosidase GCS1	1.788E-02	0.971	76	47	250	272	116	346	852	262	0.750	0.271
LOKIASV2_0804_ESMFold_hypothetical_protein	AF-A0A132ZDE7-F1-model_v4	AF-A0A132ZDE7-F1-model_v4 Family 65 glycosyl hydrolase	1.078E-02	0.967	75	33	247	272	21	240	727	256	0.790	0.303
LOKIASV2_0804_ESMFold_hypothetical_protein	AF-K0EVG5-F1-model_v4	AF-K0EVG5-F1-model_v4 Beta-phosphoglucomutase family hydrolase	4.121E-03	0.949	72	33	256	272	280	532	1062	281	0.824	0.238
LOKIASV2_0804_ESMFold_hypothetical_protein	AF-B4FWG2-F1-model_v4	AF-B4FWG2-F1-model_v4 Photosynthetic NDH subunit of subcomplex B 2 chloroplastic	1.788E-02	0.941	71	30	237	272	50	352	355	334	0.765	0.854
LOKIASV2_0804_ESMFold_hypothetical_protein	AF-Q10RI6-F1-model_v4	AF-Q10RI6-F1-model_v4 Expressed protein	7.956E-03	0.941	71	39	238	272	65	357	359	319	0.735	0.816
LOKIASV2_0804_ESMFold_hypothetical_protein	AF-X8FBP7-F1-model_v4	AF-X8FBP7-F1-model_v4 Glycosyl hydrolase family 65 central catalytic domain protein	3.281E-02	0.941	71	67	246	272	4	196	722	217	0.662	0.267
LOKIASV2_0804_ESMFold_hypothetical_protein	AF-P44973-F1-model_v4	AF-P44973-F1-model_v4 Membrane protein insertase YidC	6.662E-02	0.933	70	31	237	272	65	305	541	273	0.761	0.445
LOKIASV2_0804_ESMFold_hypothetical_protein	AF-A0A132P9P9-F1-model_v4	AF-A0A132P9P9-F1-model_v4 Alpha-galactosidase	4.017E-02	0.912	68	29	238	272	19	313	741	320	0.772	0.398
LOKIASV2_0804_ESMFold_hypothetical_protein	AF-Q54TW9-F1-model_v4	AF-Q54TW9-F1-model_v4 Uncharacterized protein	3.454E-04	0.887	66	31	243	272	6	189	212	241	0.783	0.868
LOKIASV2_0804_ESMFold_hypothetical_protein	AF-Q54ZC6-F1-model_v4	AF-Q54ZC6-F1-model_v4 Glucose-6-phosphate 1-epimerase	1.536E-02	0.872	65	28	242	272	14	327	328	333	0.790	0.957
LOKIASV2_0804_ESMFold_hypothetical_protein	AF-Q84W85-F1-model_v4	AF-Q84W85-F1-model_v4 Rhamnogalacturonan endolyase	7.754E-02	0.872	65	1	243	272	8	339	678	361	0.893	0.490
LOKIASV2_0804_ESMFold_hypothetical_protein	AF-Q54KN0-F1-model_v4	AF-Q54KN0-F1-model_v4 Uncharacterized protein	4.225E-02	0.872	65	25	271	272	545	753	770	280	0.908	0.271
LOKIASV2_0804_ESMFold_hypothetical_protein	AF-A0A5S6PKB8-F1-model_v4	AF-A0A5S6PKB8-F1-model_v4 Uncharacterized protein	3.281E-02	0.872	65	33	262	272	65	315	787	290	0.846	0.319
LOKIASV2_0804_ESMFold_hypothetical_protein	AF-A0A132P762-F1-model_v4	AF-A0A132P762-F1-model_v4 Type-1 mutarotase	2.189E-02	0.855	64	31	240	272	6	335	335	350	0.772	0.985
LOKIASV2_0804_ESMFold_hypothetical_protein	AF-O88941-F1-model_v4	AF-O88941-F1-model_v4 Mannosyl-oligosaccharide glucosidase	5.173E-02	0.855	64	47	259	272	99	364	834	293	0.783	0.319
LOKIASV2_0804_ESMFold_hypothetical_protein	AF-A0A0G2K8S6-F1-model_v4	AF-A0A0G2K8S6-F1-model_v4 Glucosidase 1	5.173E-02	0.855	64	47	259	272	99	364	834	293	0.783	0.319
LOKIASV2_0804_ESMFold_hypothetical_protein	AF-C1GXA8-F1-model_v4	AF-C1GXA8-F1-model_v4 Glycosyl hydrolase	9.986E-02	0.837	63	1	238	272	4	290	796	322	0.875	0.361
LOKIASV2_0804_ESMFold_hypothetical_protein	AF-P76585-F1-model_v4	AF-P76585-F1-model_v4 Uncharacterized protein YphG	7.754E-02	0.817	62	31	243	272	60	354	1093	337	0.783	0.270
LOKIASV2_0804_ESMFold_hypothetical_protein	AF-A0A0H3GRS1-F1-model_v4	AF-A0A0H3GRS1-F1-model_v4 Uncharacterized protein	6.662E-02	0.747	59	31	239	272	4	276	277	294	0.768	0.986
LOKIASV2_0804_ESMFold_hypothetical_protein	AF-U7PM80-F1-model_v4	AF-U7PM80-F1-model_v4 Glucose-6-phosphate 1-epimerase	9.986E-02	0.747	59	30	237	272	19	336	337	345	0.765	0.944
LOKIASV2_0804_ESMFold_hypothetical_protein	AF-A0A0K0EGJ2-F1-model_v4	AF-A0A0K0EGJ2-F1-model_v4 Peptidase_M1 domain-containing protein	9.025E-02	0.747	59	138	246	272	215	305	1149	113	0.401	0.079
LOKIASV2_0804_ESMFold_hypothetical_protein	AF-A0A0D2F8G5-F1-model_v4	AF-A0A0D2F8G5-F1-model_v4 Glucose-6-phosphate 1-epimerase	4.225E-02	0.720	58	30	239	272	18	320	320	325	0.772	0.947
LOKIASV2_0804_ESMFold_hypothetical_protein	AF-P83548-F1-model_v4	AF-P83548-F1-model_v4 Vanin-like protein 3	3.630E-02	0.720	58	108	263	272	346	518	523	185	0.574	0.331
LOKIASV2_0804_ESMFold_hypothetical_protein	AF-A0A1D6NVY3-F1-model_v4	AF-A0A1D6NVY3-F1-model_v4 Glycine-rich protein	5.042E-01	0.692	57	101	157	272	193	256	394	64	0.210	0.162
LOKIASV2_0804_ESMFold_hypothetical_protein	AF-Q4CRJ4-F1-model_v4	AF-Q4CRJ4-F1-model_v4 Uncharacterized protein	4.918E-02	0.692	57	33	248	272	118	373	857	297	0.794	0.299
LOKIASV2_0804_ESMFold_hypothetical_protein	AF-A0A1D6LDZ3-F1-model_v4	AF-A0A1D6LDZ3-F1-model_v4 Non-lysosomal glucosylceramidase	1.050E-01	0.692	57	30	238	272	88	372	952	326	0.768	0.299
LOKIASV2_0804_ESMFold_hypothetical_protein	AF-P9WN15-F1-model_v4	AF-P9WN15-F1-model_v4 Uncharacterized glycosyl hydrolase Rv2006	8.803E-03	0.663	56	33	256	272	555	809	1327	280	0.824	0.192
LOKIASV2_0804_ESMFold_hypothetical_protein	AF-I1J8T9-F1-model_v4	AF-I1J8T9-F1-model_v4 Glucose-6-phosphate 1-epimerase	1.833E-01	0.632	55	1	238	272	18	311	311	340	0.875	0.945
LOKIASV2_0804_ESMFold_hypothetical_protein	AF-A4IDU5-F1-model_v4	AF-A4IDU5-F1-model_v4 Glycosyl_hydrolase_-_putative	3.818E-02	0.632	55	24	243	272	117	397	1154	304	0.809	0.244
LOKIASV2_0804_ESMFold_hypothetical_protein	AF-I1N6Z9-F1-model_v4	AF-I1N6Z9-F1-model_v4 Glucose-6-phosphate 1-epimerase	1.105E-01	0.601	54	31	253	272	26	314	318	314	0.820	0.909
LOKIASV2_0804_ESMFold_hypothetical_protein	AF-K0ERA7-F1-model_v4	AF-K0ERA7-F1-model_v4 Glycosidase	6.177E-03	0.601	54	33	253	272	33	285	781	289	0.812	0.324
LOKIASV2_0804_ESMFold_hypothetical_protein	AF-A0A1C1CBY0-F1-model_v4	AF-A0A1C1CBY0-F1-model_v4 Glucose-6-phosphate 1-epimerase	7.008E-02	0.569	53	21	239	272	9	332	332	354	0.805	0.976
LOKIASV2_0804_ESMFold_hypothetical_protein	AF-P76584-F1-model_v4	AF-P76584-F1-model_v4 Uncharacterized protein YphB	3.197E-01	0.505	51	31	238	272	3	288	290	301	0.765	0.986
LOKIASV2_0804_ESMFold_hypothetical_protein	AF-B4FJP7-F1-model_v4	AF-B4FJP7-F1-model_v4 Photosynthetic NDH subunit of subcomplex B 2 chloroplastic	1.162E-01	0.505	51	41	238	272	49	352	354	330	0.728	0.859
LOKIASV2_0804_ESMFold_hypothetical_protein	AF-K0EXB7-F1-model_v4	AF-K0EXB7-F1-model_v4 Uncharacterized protein	6.333E-02	0.473	50	101	239	272	2	127	129	157	0.511	0.977
LOKIASV2_0804_ESMFold_hypothetical_protein	AF-A0A0H3GP27-F1-model_v4	AF-A0A0H3GP27-F1-model_v4 Glucans biosynthesis protein D	1.699E-02	0.473	50	51	243	272	160	420	551	290	0.710	0.474
LOKIASV2_0804_ESMFold_hypothetical_protein	AF-Q383L2-F1-model_v4	AF-Q383L2-F1-model_v4 Glycosyl hydrolase, putative	7.754E-02	0.473	50	55	245	272	133	422	1199	299	0.702	0.242
LOKIASV2_0804_ESMFold_hypothetical_protein	AF-C0P1C6-F1-model_v4	AF-C0P1C6-F1-model_v4 Glucose-6-phosphate 1-epimerase	1.223E-01	0.442	49	1	239	272	1	316	316	356	0.879	1.000
LOKIASV2_0804_ESMFold_hypothetical_protein	AF-U7Q8D7-F1-model_v4	AF-U7Q8D7-F1-model_v4 Uncharacterized protein	4.556E-01	0.442	49	1	246	272	3	416	416	431	0.904	0.995
LOKIASV2_0804_ESMFold_hypothetical_protein	AF-A0A1D8PCN0-F1-model_v4	AF-A0A1D8PCN0-F1-model_v4 Bifunctional UDP-glucose 4-epimerase/aldose 1-epimerase	1.928E-01	0.442	49	29	238	272	350	675	675	337	0.772	0.483
LOKIASV2_0804_ESMFold_hypothetical_protein	AF-Q4CPB6-F1-model_v4	AF-Q4CPB6-F1-model_v4 Uncharacterized protein	1.286E-01	0.442	49	62	248	272	15	253	746	270	0.688	0.320
LOKIASV2_0804_ESMFold_hypothetical_protein	AF-B8A1H0-F1-model_v4	AF-B8A1H0-F1-model_v4 Glucose-6-phosphate 1-epimerase	1.656E-01	0.411	48	1	237	272	18	314	315	334	0.871	0.943
LOKIASV2_0804_ESMFold_hypothetical_protein	AF-Q32FN2-F1-model_v4	AF-Q32FN2-F1-model_v4 Glucans biosynthesis protein D	2.189E-02	0.411	48	51	243	272	160	420	551	293	0.710	0.474
LOKIASV2_0804_ESMFold_hypothetical_protein	AF-Q4DFF8-F1-model_v4	AF-Q4DFF8-F1-model_v4 Glycosyl hydrolase, putative	1.742E-01	0.411	48	3	245	272	1	398	1169	413	0.893	0.340
LOKIASV2_0804_ESMFold_hypothetical_protein	AF-A0A175W740-F1-model_v4	AF-A0A175W740-F1-model_v4 Aldose 1-epimerase	7.949E-01	0.382	47	1	238	272	1	382	384	403	0.875	0.995
LOKIASV2_0804_ESMFold_hypothetical_protein	AF-Q19426-F1-model_v4	AF-Q19426-F1-model_v4 Mannosyl-oligosaccharide glucosidase	2.747E-01	0.353	46	35	236	272	83	293	796	244	0.743	0.265
LOKIASV2_0804_ESMFold_hypothetical_protein	AF-Q5F9N5-F1-model_v4	AF-Q5F9N5-F1-model_v4 Chitinase	3.538E-01	0.326	45	4	160	272	1	129	140	170	0.577	0.921
LOKIASV2_0804_ESMFold_hypothetical_protein	AF-A0A1D6HX89-F1-model_v4	AF-A0A1D6HX89-F1-model_v4 Uncharacterized protein	6.328E+00	0.326	45	101	159	272	42	100	144	59	0.217	0.410
LOKIASV2_0804_ESMFold_hypothetical_protein	AF-Q6K2P3-F1-model_v4	AF-Q6K2P3-F1-model_v4 Glucose-6-phosphate 1-epimerase	1.742E-01	0.326	45	41	237	272	48	318	319	293	0.724	0.850
LOKIASV2_0804_ESMFold_hypothetical_protein	AF-A0A1P8BFM5-F1-model_v4	AF-A0A1P8BFM5-F1-model_v4 Glucose-6-phosphate 1-epimerase	6.333E-02	0.301	44	31	253	272	14	327	331	353	0.820	0.949
LOKIASV2_0804_ESMFold_hypothetical_protein	AF-Q9GPF0-F1-model_v4	AF-Q9GPF0-F1-model_v4 AP-4 complex subunit mu	1.353E-01	0.301	44	1	248	272	187	462	530	322	0.912	0.521
LOKIASV2_0804_ESMFold_hypothetical_protein	AF-Q9CPT4-F1-model_v4	AF-Q9CPT4-F1-model_v4 Myeloid-derived growth factor	2.133E-01	0.277	43	1	241	272	1	164	166	257	0.886	0.988
LOKIASV2_0804_ESMFold_hypothetical_protein	AF-A0A044UGZ1-F1-model_v4	AF-A0A044UGZ1-F1-model_v4 Uncharacterized protein	7.008E-02	0.277	43	30	271	272	34	254	268	278	0.890	0.825
LOKIASV2_0804_ESMFold_hypothetical_protein	AF-P40120-F1-model_v4	AF-P40120-F1-model_v4 Glucans biosynthesis protein D	7.008E-02	0.277	43	51	243	272	160	420	551	293	0.710	0.474
LOKIASV2_0804_ESMFold_hypothetical_protein	AF-A0A1C1CHE7-F1-model_v4	AF-A0A1C1CHE7-F1-model_v4 Putative glycosyl hydrolase	3.722E-01	0.233	41	133	264	272	675	782	783	142	0.485	0.138
LOKIASV2_0804_ESMFold_hypothetical_protein	AF-A0A0N4U455-F1-model_v4	AF-A0A0N4U455-F1-model_v4 Uncharacterized protein	3.538E-01	0.214	40	102	272	272	26	172	172	181	0.629	0.855
LOKIASV2_0804_ESMFold_hypothetical_protein	AF-Q9I5S3-F1-model_v4	AF-Q9I5S3-F1-model_v4 Uncharacterized protein	3.630E-02	0.196	39	40	239	272	181	363	363	234	0.735	0.504
LOKIASV2_0804_ESMFold_hypothetical_protein	AF-A0A044RH23-F1-model_v4	AF-A0A044RH23-F1-model_v4 Uncharacterized protein	1.742E-01	0.179	38	102	267	272	33	181	183	182	0.610	0.814
LOKIASV2_0804_ESMFold_hypothetical_protein	AF-A0A0H5S1W5-F1-model_v4	AF-A0A0H5S1W5-F1-model_v4 Bm1754	3.722E-01	0.179	38	103	244	272	35	140	200	161	0.522	0.530
LOKIASV2_0804_ESMFold_hypothetical_protein	AF-Q94502-F1-model_v4	AF-Q94502-F1-model_v4 Neutral alpha-glucosidase AB	2.189E-02	0.179	38	30	239	272	58	369	943	330	0.772	0.331
LOKIASV2_0804_ESMFold_hypothetical_protein	AF-Q9BX59-F1-model_v4	AF-Q9BX59-F1-model_v4 Tapasin-related protein	1.286E-01	0.164	37	38	271	272	190	427	468	284	0.860	0.509
LOKIASV2_0804_ESMFold_hypothetical_protein	AF-C1HAZ0-F1-model_v4	AF-C1HAZ0-F1-model_v4 VHS domain-containing protein	2.890E-01	0.164	37	103	239	272	514	611	645	139	0.504	0.152
LOKIASV2_0804_ESMFold_hypothetical_protein	AF-A0A0D2GRP9-F1-model_v4	AF-A0A0D2GRP9-F1-model_v4 Unplaced genomic scaffold supercont1.8, whole genome shotgun sequence	4.332E-01	0.164	37	133	258	272	658	758	765	134	0.463	0.132
LOKIASV2_0804_ESMFold_hypothetical_protein	AF-C0NKM0-F1-model_v4	AF-C0NKM0-F1-model_v4 Uncharacterized protein	1.535E+00	0.150	36	141	263	272	2	115	116	126	0.452	0.983
LOKIASV2_0804_ESMFold_hypothetical_protein	AF-P91545-F1-model_v4	AF-P91545-F1-model_v4 Uncharacterized protein	6.493E-01	0.150	36	103	248	272	30	144	156	157	0.537	0.737
LOKIASV2_0804_ESMFold_hypothetical_protein	AF-M0R3V4-F1-model_v4	AF-M0R3V4-F1-model_v4 Myeloid-derived growth factor	3.915E-01	0.150	36	102	242	272	41	165	166	156	0.518	0.753
LOKIASV2_0804_ESMFold_hypothetical_protein	AF-Q54XC4-F1-model_v4	AF-Q54XC4-F1-model_v4 Myeloid-derived growth factor homolog	8.362E-01	0.138	35	103	232	272	36	147	150	137	0.478	0.747
LOKIASV2_0804_ESMFold_hypothetical_protein	AF-Q969H8-F1-model_v4	AF-Q969H8-F1-model_v4 Myeloid-derived growth factor	3.040E-01	0.138	35	102	242	272	48	172	173	157	0.518	0.723
LOKIASV2_0804_ESMFold_hypothetical_protein	AF-Q9W2N0-F1-model_v4	AF-Q9W2N0-F1-model_v4 F-actin-capping protein subunit alpha	5.169E+00	0.138	35	102	171	272	137	208	286	83	0.257	0.252
LOKIASV2_0804_ESMFold_hypothetical_protein	AF-Q9SS96-F1-model_v4	AF-Q9SS96-F1-model_v4 Glucose-6-phosphate 1-epimerase	7.008E-02	0.138	35	31	246	272	3	297	306	330	0.794	0.964
LOKIASV2_0804_ESMFold_hypothetical_protein	AF-P35201-F1-model_v4	AF-P35201-F1-model_v4 Inner kinetochore subunit MIF2	2.244E-01	0.138	35	71	248	272	399	539	549	193	0.654	0.257
LOKIASV2_0804_ESMFold_hypothetical_protein	AF-J9BKD0-F1-model_v4	AF-J9BKD0-F1-model_v4 PRELI/MSF1 domain-containing protein	7.557E-01	0.126	34	103	241	272	35	139	200	158	0.511	0.525
LOKIASV2_0804_ESMFold_hypothetical_protein	AF-Q54CP2-F1-model_v4	AF-Q54CP2-F1-model_v4 PRELI/MSF1 domain-containing protein	1.387E+00	0.126	34	103	259	272	38	153	265	172	0.577	0.438
LOKIASV2_0804_ESMFold_hypothetical_protein	AF-Q9I2X2-F1-model_v4	AF-Q9I2X2-F1-model_v4 Uncharacterized protein	1.387E+00	0.126	34	179	243	272	70	122	508	65	0.239	0.104
LOKIASV2_0804_ESMFold_hypothetical_protein	AF-Q8BXQ2-F1-model_v4	AF-Q8BXQ2-F1-model_v4 GPI transamidase component PIG-T	3.448E+00	0.126	34	138	242	272	366	456	582	112	0.386	0.156
LOKIASV2_0804_ESMFold_hypothetical_protein	AF-C0NGF0-F1-model_v4	AF-C0NGF0-F1-model_v4 VHS domain-containing protein	8.362E-01	0.126	34	103	236	272	515	609	646	137	0.493	0.147
LOKIASV2_0804_ESMFold_hypothetical_protein	AF-O02149-F1-model_v4	AF-O02149-F1-model_v4 Uncharacterized protein	9.486E+00	0.116	33	200	271	272	59	118	123	72	0.265	0.488
LOKIASV2_0804_ESMFold_hypothetical_protein	AF-C1GZN1-F1-model_v4	AF-C1GZN1-F1-model_v4 Uncharacterized protein	2.677E+00	0.116	33	77	159	272	29	120	157	95	0.305	0.586
LOKIASV2_0804_ESMFold_hypothetical_protein	AF-Q4D7E2-F1-model_v4	AF-Q4D7E2-F1-model_v4 GOLD domain-containing protein	1.698E+00	0.116	33	139	272	272	41	179	226	170	0.493	0.615
LOKIASV2_0804_ESMFold_hypothetical_protein	AF-A0A1D6EVT1-F1-model_v4	AF-A0A1D6EVT1-F1-model_v4 AP-3 complex subunit mu	5.868E-01	0.116	33	31	242	272	111	282	292	234	0.779	0.589
LOKIASV2_0804_ESMFold_hypothetical_protein	AF-X8F1T9-F1-model_v4	AF-X8F1T9-F1-model_v4 Vault inter-alpha-trypsin domain protein	4.556E-01	0.116	33	123	242	272	44	153	352	144	0.441	0.312
LOKIASV2_0804_ESMFold_hypothetical_protein	AF-I1JCC0-F1-model_v4	AF-I1JCC0-F1-model_v4 Protein kinase domain-containing protein	6.662E-02	0.116	33	31	271	272	50	295	621	300	0.886	0.396
LOKIASV2_0804_ESMFold_hypothetical_protein	AF-A0A1D6EDA5-F1-model_v4	AF-A0A1D6EDA5-F1-model_v4 Putative L-type lectin-domain containing receptor kinase S.5	2.819E-02	0.116	33	35	271	272	75	341	709	313	0.871	0.377
LOKIASV2_0804_ESMFold_hypothetical_protein	AF-A0A044TMT6-F1-model_v4	AF-A0A044TMT6-F1-model_v4 Uncharacterized protein	1.535E+00	0.116	33	103	271	272	38	160	718	185	0.621	0.171
LOKIASV2_0804_ESMFold_hypothetical_protein	AF-C0NAU4-F1-model_v4	AF-C0NAU4-F1-model_v4 Uncharacterized protein	6.493E-01	0.116	33	161	248	272	667	749	766	96	0.324	0.108
LOKIASV2_0804_ESMFold_hypothetical_protein	AF-Q54YJ1-F1-model_v4	AF-Q54YJ1-F1-model_v4 Uncharacterized protein	1.497E-01	0.116	33	31	272	272	1324	1529	1899	283	0.890	0.108
LOKIASV2_0804_ESMFold_hypothetical_protein	AF-Q4DW66-F1-model_v4	AF-Q4DW66-F1-model_v4 Legume-like lectin, putative	1.656E-01	0.106	32	16	272	272	8	290	290	342	0.945	0.976
LOKIASV2_0804_ESMFold_hypothetical_protein	AF-Q8IFP5-F1-model_v4	AF-Q8IFP5-F1-model_v4 Transmembrane emp24 domain-containing protein, putative	2.545E+00	0.106	32	139	271	272	206	338	385	160	0.489	0.345
LOKIASV2_0804_ESMFold_hypothetical_protein	AF-Q9HAT1-F1-model_v4	AF-Q9HAT1-F1-model_v4 Protein ERGIC-53-like	1.575E-01	0.106	32	31	272	272	58	287	526	283	0.890	0.437
LOKIASV2_0804_ESMFold_hypothetical_protein	AF-Q969N2-F1-model_v4	AF-Q969N2-F1-model_v4 GPI transamidase component PIG-T	4.671E+00	0.106	32	138	241	272	362	452	578	113	0.382	0.157
LOKIASV2_0804_ESMFold_hypothetical_protein	AF-A0A0G2KLE5-F1-model_v4	AF-A0A0G2KLE5-F1-model_v4 Si:dkey-237i9.1	1.786E+00	0.106	32	103	263	272	38	156	583	177	0.592	0.204
LOKIASV2_0804_ESMFold_hypothetical_protein	AF-A0A0D2DAX1-F1-model_v4	AF-A0A0D2DAX1-F1-model_v4 Unplaced genomic scaffold supercont1.8, whole genome shotgun sequence	1.976E+00	0.106	32	103	241	272	524	618	650	141	0.511	0.146
LOKIASV2_0804_ESMFold_hypothetical_protein	AF-C0NUM4-F1-model_v4	AF-C0NUM4-F1-model_v4 Alpha-galactosidase	2.244E-01	0.106	32	45	236	272	70	340	956	310	0.706	0.283
LOKIASV2_0804_ESMFold_hypothetical_protein	AF-A0A175VZS7-F1-model_v4	AF-A0A175VZS7-F1-model_v4 Lactase	2.545E+00	0.106	32	28	235	272	757	1053	1054	318	0.765	0.282
LOKIASV2_0804_ESMFold_hypothetical_protein	AF-Q4DSP4-F1-model_v4	AF-Q4DSP4-F1-model_v4 GOLD domain-containing protein	1.879E+00	0.098	31	139	272	272	41	179	226	169	0.493	0.615
LOKIASV2_0804_ESMFold_hypothetical_protein	AF-D4A6L1-F1-model_v4	AF-D4A6L1-F1-model_v4 TAP binding protein-like (Predicted)	4.556E-01	0.098	31	38	271	272	191	432	446	292	0.860	0.543
LOKIASV2_0804_ESMFold_hypothetical_protein	AF-A0A1C1CAH9-F1-model_v4	AF-A0A1C1CAH9-F1-model_v4 AT hook motif family protein	3.538E-01	0.098	31	69	243	272	504	652	655	189	0.643	0.227
LOKIASV2_0804_ESMFold_hypothetical_protein	AF-D3ZFH5-F1-model_v4	AF-D3ZFH5-F1-model_v4 Inter-alpha-trypsin inhibitor heavy chain 2	1.253E+00	0.098	31	123	239	272	85	190	826	139	0.430	0.128
LOKIASV2_0804_ESMFold_hypothetical_protein	AF-A3BKG0-F1-model_v4	AF-A3BKG0-F1-model_v4 Os07g0521875 protein	3.197E-01	0.090	30	70	248	272	1	120	148	182	0.658	0.811
LOKIASV2_0804_ESMFold_hypothetical_protein	AF-A0A0H3GMR2-F1-model_v4	AF-A0A0H3GMR2-F1-model_v4 Putative porin	2.483E-01	0.090	30	22	235	272	12	180	181	231	0.787	0.934
LOKIASV2_0804_ESMFold_hypothetical_protein	AF-Q86A91-F1-model_v4	AF-Q86A91-F1-model_v4 F5/8 type C domain-containing protein	5.042E-01	0.090	30	55	247	272	53	263	285	240	0.710	0.740
LOKIASV2_0804_ESMFold_hypothetical_protein	AF-Q9XXH7-F1-model_v4	AF-Q9XXH7-F1-model_v4 Uncharacterized protein	7.748E+00	0.090	30	101	167	272	101	163	293	71	0.246	0.215
LOKIASV2_0804_ESMFold_hypothetical_protein	AF-O44810-F1-model_v4	AF-O44810-F1-model_v4 BTB domain-containing protein	1.535E+00	0.090	30	103	250	272	24	142	299	161	0.544	0.398
LOKIASV2_0804_ESMFold_hypothetical_protein	AF-A0A0K0DX26-F1-model_v4	AF-A0A0K0DX26-F1-model_v4 Uncharacterized protein	5.303E-01	0.090	30	62	270	272	32	198	301	240	0.768	0.555
LOKIASV2_0804_ESMFold_hypothetical_protein	AF-O76610-F1-model_v4	AF-O76610-F1-model_v4 BTB domain-containing protein	1.024E+00	0.090	30	69	263	272	163	306	308	207	0.717	0.468
LOKIASV2_0804_ESMFold_hypothetical_protein	AF-Q9M395-F1-model_v4	AF-Q9M395-F1-model_v4 Concanavalin A-like lectin family protein	1.223E-01	0.090	30	30	271	272	40	279	350	297	0.890	0.686
LOKIASV2_0804_ESMFold_hypothetical_protein	AF-Q4DTM6-F1-model_v4	AF-Q4DTM6-F1-model_v4 Uncharacterized protein	3.197E-01	0.090	30	31	236	272	91	265	399	218	0.757	0.439
LOKIASV2_0804_ESMFold_hypothetical_protein	AF-A0A077ZB30-F1-model_v4	AF-A0A077ZB30-F1-model_v4 GPI transamidase component PIG T	3.915E-01	0.090	30	48	247	272	165	388	521	265	0.735	0.430
LOKIASV2_0804_ESMFold_hypothetical_protein	AF-C1HCC8-F1-model_v4	AF-C1HCC8-F1-model_v4 Cupin domain-containing protein	4.118E-01	0.090	30	70	248	272	462	601	626	188	0.658	0.224
LOKIASV2_0804_ESMFold_hypothetical_protein	AF-E7F922-F1-model_v4	AF-E7F922-F1-model_v4 Family with sequence similarity 171 member A2b	2.747E-01	0.090	30	31	268	272	123	322	849	269	0.875	0.236
LOKIASV2_0804_ESMFold_hypothetical_protein	AF-Q9UU81-F1-model_v4	AF-Q9UU81-F1-model_v4 AP-1 complex subunit gamma-1	2.816E+00	0.090	30	110	235	272	740	826	865	129	0.463	0.101
LOKIASV2_0804_ESMFold_hypothetical_protein	AF-Q54XE1-F1-model_v4	AF-Q54XE1-F1-model_v4 Uncharacterized protein	3.815E+00	0.090	30	141	249	272	690	791	998	118	0.401	0.102
LOKIASV2_0804_ESMFold_hypothetical_protein	AF-K7KAJ4-F1-model_v4	AF-K7KAJ4-F1-model_v4 Uncharacterized protein	6.657E+00	0.082	29	102	170	272	72	130	132	69	0.254	0.447
LOKIASV2_0804_ESMFold_hypothetical_protein	AF-Q57793-F1-model_v4	AF-Q57793-F1-model_v4 Uncharacterized protein MJ0347	5.868E-01	0.082	29	108	239	272	51	151	151	139	0.485	0.669
LOKIASV2_0804_ESMFold_hypothetical_protein	AF-Q0VBB0-F1-model_v4	AF-Q0VBB0-F1-model_v4 PRELI domain-containing protein 2	4.556E-01	0.082	29	103	260	272	36	160	177	177	0.581	0.706
LOKIASV2_0804_ESMFold_hypothetical_protein	AF-A0A0G2KB77-F1-model_v4	AF-A0A0G2KB77-F1-model_v4 60S ribosomal protein L17	7.002E+00	0.082	29	180	269	272	103	176	201	91	0.331	0.368
LOKIASV2_0804_ESMFold_hypothetical_protein	AF-A0A175VNK4-F1-model_v4	AF-A0A175VNK4-F1-model_v4 Protein ERP3	3.448E+00	0.082	29	137	271	272	18	155	210	165	0.496	0.657
LOKIASV2_0804_ESMFold_hypothetical_protein	AF-A0A3P7DLP2-F1-model_v4	AF-A0A3P7DLP2-F1-model_v4 GOLD domain-containing protein	3.915E-01	0.082	29	102	271	272	17	176	223	201	0.625	0.717
LOKIASV2_0804_ESMFold_hypothetical_protein	AF-O45594-F1-model_v4	AF-O45594-F1-model_v4 BTB domain-containing protein	8.796E-01	0.082	29	102	242	272	7	127	299	154	0.518	0.405
LOKIASV2_0804_ESMFold_hypothetical_protein	AF-O76611-F1-model_v4	AF-O76611-F1-model_v4 MATH domain-containing protein	9.733E-01	0.082	29	103	237	272	40	142	314	155	0.496	0.328
LOKIASV2_0804_ESMFold_hypothetical_protein	AF-A0A3P7DZ31-F1-model_v4	AF-A0A3P7DZ31-F1-model_v4 PRELI/MSF1 domain-containing protein	3.116E+00	0.082	29	103	271	272	38	160	354	185	0.621	0.347
LOKIASV2_0804_ESMFold_hypothetical_protein	AF-A0A175WH06-F1-model_v4	AF-A0A175WH06-F1-model_v4 Aldose 1-epimerase	3.627E+00	0.082	29	20	234	272	15	399	508	404	0.790	0.758
LOKIASV2_0804_ESMFold_hypothetical_protein	AF-A4I0L7-F1-model_v4	AF-A4I0L7-F1-model_v4 GAF_domain/TIP41-like_family_-_putative	1.535E+00	0.082	29	1	170	272	224	485	523	277	0.625	0.501
LOKIASV2_0804_ESMFold_hypothetical_protein	AF-Q6DGD8-F1-model_v4	AF-Q6DGD8-F1-model_v4 Arginyl aminopeptidase (Aminopeptidase B)	1.077E+00	0.082	29	140	237	272	42	121	626	103	0.360	0.128
LOKIASV2_0804_ESMFold_hypothetical_protein	AF-A0A0N4U9U4-F1-model_v4	AF-A0A0N4U9U4-F1-model_v4 Uncharacterized protein	9.733E-01	0.082	29	103	262	272	38	157	689	176	0.588	0.174
LOKIASV2_0804_ESMFold_hypothetical_protein	AF-Q03606-F1-model_v4	AF-Q03606-F1-model_v4 CRAL-TRIO domain-containing protein T23G5.2	1.698E+00	0.082	29	103	262	272	38	157	719	176	0.588	0.167
LOKIASV2_0804_ESMFold_hypothetical_protein	AF-C1HDI5-F1-model_v4	AF-C1HDI5-F1-model_v4 Negative regulator of the PHO system	1.318E+00	0.082	29	161	248	272	666	748	765	97	0.324	0.108
LOKIASV2_0804_ESMFold_hypothetical_protein	AF-A0A2R8PY98-F1-model_v4	AF-A0A2R8PY98-F1-model_v4 Uncharacterized protein	1.133E+00	0.082	29	67	272	272	434	677	856	268	0.757	0.285
LOKIASV2_0804_ESMFold_hypothetical_protein	AF-U7PLK0-F1-model_v4	AF-U7PLK0-F1-model_v4 GOLD domain-containing protein	3.815E+00	0.076	28	139	271	272	15	150	205	161	0.489	0.663
LOKIASV2_0804_ESMFold_hypothetical_protein	AF-Q9V3U9-F1-model_v4	AF-Q9V3U9-F1-model_v4 Protein slowmo	3.278E+00	0.076	28	102	271	272	33	176	215	200	0.625	0.670
LOKIASV2_0804_ESMFold_hypothetical_protein	AF-X8F6D0-F1-model_v4	AF-X8F6D0-F1-model_v4 Putative glycoside hydrolase	4.222E+00	0.076	28	1	156	272	29	203	230	212	0.574	0.761
LOKIASV2_0804_ESMFold_hypothetical_protein	AF-A0A1C1CLU6-F1-model_v4	AF-A0A1C1CLU6-F1-model_v4 Uncharacterized protein	8.362E-01	0.076	28	27	269	272	43	386	424	388	0.893	0.811
LOKIASV2_0804_ESMFold_hypothetical_protein	AF-H2L040-F1-model_v4	AF-H2L040-F1-model_v4 MATH (Meprin-associated Traf homology) domain containing	3.363E-01	0.076	28	32	272	272	25	293	514	313	0.886	0.523
LOKIASV2_0804_ESMFold_hypothetical_protein	AF-Q20958-F1-model_v4	AF-Q20958-F1-model_v4 Zinc metalloproteinase nas-29	5.169E+00	0.076	28	140	248	272	389	502	532	133	0.401	0.214
LOKIASV2_0804_ESMFold_hypothetical_protein	AF-A0A0R0FPN3-F1-model_v4	AF-A0A0R0FPN3-F1-model_v4 Protein kinase domain-containing protein	2.360E-01	0.076	28	27	272	272	32	292	646	322	0.904	0.404
LOKIASV2_0804_ESMFold_hypothetical_protein	AF-Q4DVS2-F1-model_v4	AF-Q4DVS2-F1-model_v4 Trans-sialidase, putative	9.493E-02	0.076	28	30	235	272	96	473	868	395	0.757	0.435
LOKIASV2_0804_ESMFold_hypothetical_protein	AF-Q55G98-F1-model_v4	AF-Q55G98-F1-model_v4 von Willebrand factor A domain-containing protein DDB_G0267758	4.013E+00	0.076	28	141	237	272	67	167	878	116	0.357	0.115
LOKIASV2_0804_ESMFold_hypothetical_protein	AF-U7PNF1-F1-model_v4	AF-U7PNF1-F1-model_v4 Uncharacterized protein	3.278E+00	0.076	28	31	137	272	379	486	1477	121	0.393	0.073
LOKIASV2_0804_ESMFold_hypothetical_protein	AF-X8F7H6-F1-model_v4	AF-X8F7H6-F1-model_v4 UPF0678 fatty acid-binding protein-like protein I551_5343	2.483E-01	0.069	27	31	225	272	39	161	161	199	0.717	0.764
LOKIASV2_0804_ESMFold_hypothetical_protein	AF-J9FBH2-F1-model_v4	AF-J9FBH2-F1-model_v4 Uncharacterized protein	1.786E+00	0.069	27	141	272	272	27	171	171	159	0.485	0.848
LOKIASV2_0804_ESMFold_hypothetical_protein	AF-A0A175WG17-F1-model_v4	AF-A0A175WG17-F1-model_v4 Uncharacterized protein	5.578E-01	0.069	27	104	263	272	24	176	205	195	0.588	0.746
LOKIASV2_0804_ESMFold_hypothetical_protein	AF-P45581-F1-model_v4	AF-P45581-F1-model_v4 Uncharacterized protein StfP	7.949E-01	0.069	27	139	236	272	113	208	209	108	0.360	0.459
LOKIASV2_0804_ESMFold_hypothetical_protein	AF-O17303-F1-model_v4	AF-O17303-F1-model_v4 MATH (Meprin-associated Traf homology) domain containing	1.656E-01	0.069	27	31	247	272	23	402	423	402	0.798	0.898
LOKIASV2_0804_ESMFold_hypothetical_protein	AF-A0A044SFJ3-F1-model_v4	AF-A0A044SFJ3-F1-model_v4 L-type lectin-like domain-containing protein	2.890E-01	0.069	27	31	271	272	56	286	505	297	0.886	0.457
LOKIASV2_0804_ESMFold_hypothetical_protein	AF-A0A1C1CMR8-F1-model_v4	AF-A0A1C1CMR8-F1-model_v4 Uncharacterized protein	2.187E+00	0.069	27	101	248	272	541	655	883	157	0.544	0.130
LOKIASV2_0804_ESMFold_hypothetical_protein	AF-Q8ID30-F1-model_v4	AF-Q8ID30-F1-model_v4 Secreted ookinete protein, putative	4.332E-01	0.069	27	121	254	272	54	217	1182	181	0.493	0.139
LOKIASV2_0804_ESMFold_hypothetical_protein	AF-Q54C97-F1-model_v4	AF-Q54C97-F1-model_v4 DUF1084 domain-containing protein	2.028E-01	0.069	27	103	240	272	1233	1395	1692	194	0.507	0.096
LOKIASV2_0804_ESMFold_hypothetical_protein	AF-A0A0N4UEC9-F1-model_v4	AF-A0A0N4UEC9-F1-model_v4 Uncharacterized protein	1.976E+00	0.063	26	28	225	272	26	166	181	206	0.728	0.779
LOKIASV2_0804_ESMFold_hypothetical_protein	AF-A0A044RCD9-F1-model_v4	AF-A0A044RCD9-F1-model_v4 GOLD domain-containing protein	1.253E+00	0.063	26	102	270	272	17	172	226	190	0.621	0.690
LOKIASV2_0804_ESMFold_hypothetical_protein	AF-Q5ZDI7-F1-model_v4	AF-Q5ZDI7-F1-model_v4 Os01g0617900 protein	1.077E+00	0.063	26	1	251	272	73	290	315	290	0.923	0.692
LOKIASV2_0804_ESMFold_hypothetical_protein	AF-O00189-F1-model_v4	AF-O00189-F1-model_v4 AP-4 complex subunit mu-1	6.830E-01	0.063	26	24	248	272	178	394	453	273	0.827	0.479
LOKIASV2_0804_ESMFold_hypothetical_protein	AF-E7FGC6-F1-model_v4	AF-E7FGC6-F1-model_v4 Uncharacterized protein	5.042E-01	0.063	26	70	268	272	150	339	547	238	0.732	0.347
LOKIASV2_0804_ESMFold_hypothetical_protein	AF-Q8S8Y8-F1-model_v4	AF-Q8S8Y8-F1-model_v4 Probable serine/threonine-protein kinase WNK6	7.365E+00	0.063	26	102	174	272	339	400	567	73	0.268	0.109
LOKIASV2_0804_ESMFold_hypothetical_protein	AF-A0A2R8QRI0-F1-model_v4	AF-A0A2R8QRI0-F1-model_v4 Alpha-mannosidase	9.978E+00	0.063	26	64	237	272	574	788	950	231	0.640	0.226
LOKIASV2_0804_ESMFold_hypothetical_protein	AF-C1HD76-F1-model_v4	AF-C1HD76-F1-model_v4 Alpha-galactosidase	7.184E-01	0.063	26	44	241	272	69	342	951	311	0.728	0.288
LOKIASV2_0804_ESMFold_hypothetical_protein	AF-A0A0D2HE91-F1-model_v4	AF-A0A0D2HE91-F1-model_v4 Alpha-galactosidase	9.733E-01	0.063	26	46	236	272	54	321	957	300	0.702	0.280
LOKIASV2_0804_ESMFold_hypothetical_protein	AF-A0A0K0E4B5-F1-model_v4	AF-A0A0K0E4B5-F1-model_v4 Uncharacterized protein	5.042E-01	0.063	26	1	259	272	690	978	1078	335	0.952	0.268
LOKIASV2_0804_ESMFold_hypothetical_protein	AF-Q9CCB8-F1-model_v4	AF-Q9CCB8-F1-model_v4 UPF0678 fatty acid-binding protein-like protein ML1006	4.332E-01	0.057	25	31	225	272	39	161	161	200	0.717	0.764
LOKIASV2_0804_ESMFold_hypothetical_protein	AF-A0A0K0J5Q4-F1-model_v4	AF-A0A0K0J5Q4-F1-model_v4 Bm2387	2.079E+00	0.057	25	1	253	272	1	152	171	255	0.930	0.889
LOKIASV2_0804_ESMFold_hypothetical_protein	AF-A0A0K0EKR4-F1-model_v4	AF-A0A0K0EKR4-F1-model_v4 PRELI/MSF1 domain-containing protein	7.365E+00	0.057	25	102	266	272	35	163	209	184	0.607	0.617
LOKIASV2_0804_ESMFold_hypothetical_protein	AF-C1H0N4-F1-model_v4	AF-C1H0N4-F1-model_v4 Endosomal cargo receptor (Erp3)	6.016E+00	0.057	25	138	271	272	21	163	212	168	0.493	0.675
LOKIASV2_0804_ESMFold_hypothetical_protein	AF-A0A5S6P9Y4-F1-model_v4	AF-A0A5S6P9Y4-F1-model_v4 GOLD domain-containing protein	8.796E-01	0.057	25	102	272	272	17	177	223	197	0.629	0.722
LOKIASV2_0804_ESMFold_hypothetical_protein	AF-P32681-F1-model_v4	AF-P32681-F1-model_v4 Uncharacterized protein YjaH	9.018E+00	0.057	25	109	204	272	44	127	231	105	0.353	0.364
LOKIASV2_0804_ESMFold_hypothetical_protein	AF-G4VTL9-F1-model_v4	AF-G4VTL9-F1-model_v4 TIP41-like protein	6.493E-01	0.057	25	31	168	272	8	220	259	222	0.507	0.822
LOKIASV2_0804_ESMFold_hypothetical_protein	AF-A2VCX1-F1-model_v4	AF-A2VCX1-F1-model_v4 TIP41-like protein	1.879E+00	0.057	25	22	248	272	1	265	271	331	0.835	0.978
LOKIASV2_0804_ESMFold_hypothetical_protein	AF-O75663-F1-model_v4	AF-O75663-F1-model_v4 TIP41-like protein	1.698E+00	0.057	25	22	248	272	1	265	272	327	0.835	0.974
LOKIASV2_0804_ESMFold_hypothetical_protein	AF-Q9N5P9-F1-model_v4	AF-Q9N5P9-F1-model_v4 BTB and MATH domain containing	2.300E+00	0.057	25	104	248	272	25	139	306	164	0.533	0.376
LOKIASV2_0804_ESMFold_hypothetical_protein	AF-O44815-F1-model_v4	AF-O44815-F1-model_v4 BTB and MATH domain containing	2.300E+00	0.057	25	104	239	272	25	130	306	157	0.500	0.346
LOKIASV2_0804_ESMFold_hypothetical_protein	AF-A0A2R8QHV2-F1-model_v4	AF-A0A2R8QHV2-F1-model_v4 Dehydrogenase/reductase (SDR family) member 13b.2	3.538E-01	0.057	25	99	271	272	100	425	438	339	0.636	0.744
LOKIASV2_0804_ESMFold_hypothetical_protein	AF-A0A0N4U8I7-F1-model_v4	AF-A0A0N4U8I7-F1-model_v4 L-type lectin-like domain-containing protein	4.118E-01	0.057	25	31	271	272	54	284	479	297	0.886	0.482
LOKIASV2_0804_ESMFold_hypothetical_protein	AF-A0A1D6MHR8-F1-model_v4	AF-A0A1D6MHR8-F1-model_v4 NAC domain containing protein 75	1.535E+00	0.057	25	143	266	272	207	304	519	129	0.456	0.189
LOKIASV2_0804_ESMFold_hypothetical_protein	AF-Q8CZ59-F1-model_v4	AF-Q8CZ59-F1-model_v4 Uncharacterized protein	6.830E-01	0.057	25	31	262	272	33	238	630	262	0.853	0.327
LOKIASV2_0804_ESMFold_hypothetical_protein	AF-A0A2R8Q264-F1-model_v4	AF-A0A2R8Q264-F1-model_v4 Uncharacterized protein	8.362E-01	0.057	25	104	242	272	352	508	634	183	0.511	0.248
LOKIASV2_0804_ESMFold_hypothetical_protein	AF-K7LD59-F1-model_v4	AF-K7LD59-F1-model_v4 Protein kinase domain-containing protein	5.868E-01	0.057	25	31	266	272	30	290	671	316	0.868	0.389
LOKIASV2_0804_ESMFold_hypothetical_protein	AF-K7M3G9-F1-model_v4	AF-K7M3G9-F1-model_v4 Uncharacterized protein	2.079E+00	0.057	25	1	266	272	518	827	874	367	0.978	0.355
LOKIASV2_0804_ESMFold_hypothetical_protein	AF-A0A0H3GUI9-F1-model_v4	AF-A0A0H3GUI9-F1-model_v4 Outer membrane protein X	7.949E-01	0.051	24	31	232	272	36	169	170	210	0.743	0.788
LOKIASV2_0804_ESMFold_hypothetical_protein	AF-Q9W2A6-F1-model_v4	AF-Q9W2A6-F1-model_v4 IP11573p	6.016E+00	0.051	24	163	271	272	27	149	203	141	0.401	0.606
LOKIASV2_0804_ESMFold_hypothetical_protein	AF-O62173-F1-model_v4	AF-O62173-F1-model_v4 PRELI/MSF1 domain-containing protein	2.816E+00	0.051	24	124	271	272	30	168	209	167	0.544	0.665
LOKIASV2_0804_ESMFold_hypothetical_protein	AF-C0NTJ9-F1-model_v4	AF-C0NTJ9-F1-model_v4 GOLD domain-containing protein	2.545E+00	0.051	24	138	271	272	19	155	210	156	0.493	0.652
LOKIASV2_0804_ESMFold_hypothetical_protein	AF-P39704-F1-model_v4	AF-P39704-F1-model_v4 Protein ERP2	2.816E+00	0.051	24	143	271	272	41	159	215	140	0.474	0.553
LOKIASV2_0804_ESMFold_hypothetical_protein	AF-P0A1U8-F1-model_v4	AF-P0A1U8-F1-model_v4 Uncharacterized protein YiiY	3.722E-01	0.051	24	39	234	272	37	226	227	238	0.721	0.837
LOKIASV2_0804_ESMFold_hypothetical_protein	AF-P91544-F1-model_v4	AF-P91544-F1-model_v4 Uncharacterized protein	9.733E-01	0.051	24	65	247	272	5	139	252	199	0.673	0.536
LOKIASV2_0804_ESMFold_hypothetical_protein	AF-Q4D3T4-F1-model_v4	AF-Q4D3T4-F1-model_v4 Uncharacterized protein	9.252E-01	0.051	24	104	272	272	39	239	283	221	0.621	0.710
LOKIASV2_0804_ESMFold_hypothetical_protein	AF-O16553-F1-model_v4	AF-O16553-F1-model_v4 MATH (Meprin-associated Traf homology) domain containing	5.042E-01	0.051	24	34	248	272	20	278	309	320	0.790	0.838
LOKIASV2_0804_ESMFold_hypothetical_protein	AF-A0A1D6HQK0-F1-model_v4	AF-A0A1D6HQK0-F1-model_v4 Legume lectins beta domain containing protein	3.363E-01	0.051	24	22	271	272	17	289	331	325	0.919	0.825
LOKIASV2_0804_ESMFold_hypothetical_protein	AF-Q5VS79-F1-model_v4	AF-Q5VS79-F1-model_v4 Os06g0104400 protein	7.748E+00	0.051	24	112	257	272	94	205	422	148	0.537	0.265
LOKIASV2_0804_ESMFold_hypothetical_protein	AF-C1GYM3-F1-model_v4	AF-C1GYM3-F1-model_v4 Alpha-galactosidase	8.362E-01	0.051	24	34	238	272	69	339	926	311	0.754	0.293
LOKIASV2_0804_ESMFold_hypothetical_protein	AF-A4I0U4-F1-model_v4	AF-A4I0U4-F1-model_v4 Uncharacterized protein	2.816E+00	0.051	24	102	237	272	1490	1612	2103	158	0.500	0.058
LOKIASV2_0804_ESMFold_hypothetical_protein	AF-A0A044TPL2-F1-model_v4	AF-A0A044TPL2-F1-model_v4 Uncharacterized protein	4.222E+00	0.045	23	141	272	272	26	170	170	159	0.485	0.853
LOKIASV2_0804_ESMFold_hypothetical_protein	AF-A0A3P7FIV8-F1-model_v4	AF-A0A3P7FIV8-F1-model_v4 Uncharacterized protein	6.830E-01	0.045	23	31	225	272	47	214	215	219	0.717	0.781
LOKIASV2_0804_ESMFold_hypothetical_protein	AF-Q6AXN3-F1-model_v4	AF-Q6AXN3-F1-model_v4 Transmembrane emp24 domain-containing protein 5	6.016E+00	0.045	23	138	271	272	30	170	229	169	0.493	0.616
LOKIASV2_0804_ESMFold_hypothetical_protein	AF-C1GX14-F1-model_v4	AF-C1GX14-F1-model_v4 MSF1 domain-containing protein	7.748E+00	0.045	23	103	271	272	35	214	282	222	0.621	0.638
LOKIASV2_0804_ESMFold_hypothetical_protein	AF-G4VH00-F1-model_v4	AF-G4VH00-F1-model_v4 Putative pur-alpha	6.173E-01	0.045	23	31	262	272	39	261	297	291	0.853	0.751
LOKIASV2_0804_ESMFold_hypothetical_protein	AF-O44817-F1-model_v4	AF-O44817-F1-model_v4 BTB domain-containing protein	1.253E+00	0.045	23	72	239	272	9	128	301	181	0.618	0.399
LOKIASV2_0804_ESMFold_hypothetical_protein	AF-Q9N5P8-F1-model_v4	AF-Q9N5P8-F1-model_v4 BTB and MATH domain containing	2.545E+00	0.045	23	103	237	272	24	126	305	159	0.496	0.338
LOKIASV2_0804_ESMFold_hypothetical_protein	AF-G5EEV9-F1-model_v4	AF-G5EEV9-F1-model_v4 Systemic RNA interference defective protein 2	1.387E+00	0.045	23	111	271	272	42	213	311	192	0.592	0.553
LOKIASV2_0804_ESMFold_hypothetical_protein	AF-A0A0H3GUA7-F1-model_v4	AF-A0A0H3GUA7-F1-model_v4 IAT_beta domain-containing protein	1.024E+00	0.045	23	34	240	272	119	297	450	243	0.761	0.398
LOKIASV2_0804_ESMFold_hypothetical_protein	AF-F4HRH6-F1-model_v4	AF-F4HRH6-F1-model_v4 Epstein-barr nuclear antigen	2.612E-01	0.045	23	34	237	272	222	449	453	265	0.750	0.503
LOKIASV2_0804_ESMFold_hypothetical_protein	AF-Q5JNF5-F1-model_v4	AF-Q5JNF5-F1-model_v4 Os01g0729900 protein	2.360E-01	0.045	23	30	237	272	261	484	488	262	0.765	0.459
LOKIASV2_0804_ESMFold_hypothetical_protein	AF-A0A0P0W774-F1-model_v4	AF-A0A0P0W774-F1-model_v4 Os04g0141200 protein	4.332E-01	0.045	23	38	268	272	79	313	642	283	0.849	0.366
LOKIASV2_0804_ESMFold_hypothetical_protein	AF-Q8IJG8-F1-model_v4	AF-Q8IJG8-F1-model_v4 Uncharacterized protein	1.192E+00	0.045	23	2	256	272	1	475	757	507	0.938	0.627
LOKIASV2_0804_ESMFold_hypothetical_protein	AF-A0A0R0FV77-F1-model_v4	AF-A0A0R0FV77-F1-model_v4 Uncharacterized protein	6.173E-01	0.045	23	1	266	272	515	825	877	351	0.978	0.355
LOKIASV2_0804_ESMFold_hypothetical_protein	AF-A0A5K4FBG9-F1-model_v4	AF-A0A5K4FBG9-F1-model_v4 Uncharacterized protein	7.949E-01	0.045	23	1	248	272	385	722	1306	380	0.912	0.259
LOKIASV2_0804_ESMFold_hypothetical_protein	AF-A0A1D6JH94-F1-model_v4	AF-A0A1D6JH94-F1-model_v4 Dirigent protein	1.192E+00	0.040	22	67	232	272	14	165	168	203	0.610	0.905
LOKIASV2_0804_ESMFold_hypothetical_protein	AF-A0A044T9Q7-F1-model_v4	AF-A0A044T9Q7-F1-model_v4 Uncharacterized protein	6.173E-01	0.040	22	6	253	272	1	164	168	271	0.912	0.976
LOKIASV2_0804_ESMFold_hypothetical_protein	AF-Q57VJ7-F1-model_v4	AF-Q57VJ7-F1-model_v4 Uncharacterized protein	1.459E+00	0.040	22	108	239	272	81	177	177	138	0.485	0.548
LOKIASV2_0804_ESMFold_hypothetical_protein	AF-A0A0R0F5W1-F1-model_v4	AF-A0A0R0F5W1-F1-model_v4 GOLD domain-containing protein	4.671E+00	0.040	22	171	271	272	17	151	186	145	0.371	0.726
LOKIASV2_0804_ESMFold_hypothetical_protein	AF-Q9I051-F1-model_v4	AF-Q9I051-F1-model_v4 Uncharacterized protein	8.150E+00	0.040	22	69	157	272	28	112	198	104	0.327	0.429
LOKIASV2_0804_ESMFold_hypothetical_protein	AF-Q94230-F1-model_v4	AF-Q94230-F1-model_v4 Transcriptional activator plp-1	8.796E-01	0.040	22	22	262	272	10	222	226	287	0.886	0.942
LOKIASV2_0804_ESMFold_hypothetical_protein	AF-A0A0H5S9V7-F1-model_v4	AF-A0A0H5S9V7-F1-model_v4 Bm6844, isoform a	2.963E+00	0.040	22	31	248	272	56	215	226	231	0.801	0.708
LOKIASV2_0804_ESMFold_hypothetical_protein	AF-P0A908-F1-model_v4	AF-P0A908-F1-model_v4 MltA-interacting protein	7.184E-01	0.040	22	31	237	272	51	248	248	264	0.761	0.798
LOKIASV2_0804_ESMFold_hypothetical_protein	AF-Q8BH58-F1-model_v4	AF-Q8BH58-F1-model_v4 TIP41-like protein	3.448E+00	0.040	22	22	248	272	1	265	271	331	0.835	0.978
LOKIASV2_0804_ESMFold_hypothetical_protein	AF-C4IYM7-F1-model_v4	AF-C4IYM7-F1-model_v4 Mitochondrial outer membrane protein porin 2	1.077E+00	0.040	22	39	238	272	54	270	275	254	0.735	0.789
LOKIASV2_0804_ESMFold_hypothetical_protein	AF-B4FYX0-F1-model_v4	AF-B4FYX0-F1-model_v4 Transcription factor Pur-alpha 1	6.328E+00	0.040	22	110	223	272	29	142	308	138	0.419	0.370
LOKIASV2_0804_ESMFold_hypothetical_protein	AF-O17297-F1-model_v4	AF-O17297-F1-model_v4 SKN-1 Dependent Zygotic transcript	2.300E+00	0.040	22	72	239	272	9	129	326	193	0.618	0.371
LOKIASV2_0804_ESMFold_hypothetical_protein	AF-B6TIJ1-F1-model_v4	AF-B6TIJ1-F1-model_v4 Mu-crystallin	5.437E+00	0.040	22	99	171	272	39	103	335	79	0.268	0.194
LOKIASV2_0804_ESMFold_hypothetical_protein	AF-A0A077Z597-F1-model_v4	AF-A0A077Z597-F1-model_v4 Legume lectin family protein ergic family protei n	6.830E-01	0.040	22	30	271	272	31	279	398	317	0.890	0.626
LOKIASV2_0804_ESMFold_hypothetical_protein	AF-Q19553-F1-model_v4	AF-Q19553-F1-model_v4 Purple acid phosphatase	7.748E+00	0.040	22	152	235	272	30	99	455	92	0.309	0.154
LOKIASV2_0804_ESMFold_hypothetical_protein	AF-A0A0K0E1Q0-F1-model_v4	AF-A0A0K0E1Q0-F1-model_v4 L-type lectin-like domain-containing protein	1.024E+00	0.040	22	31	271	272	32	261	469	301	0.886	0.490
LOKIASV2_0804_ESMFold_hypothetical_protein	AF-G5EDE8-F1-model_v4	AF-G5EDE8-F1-model_v4 ERGIC-53-like protein	8.362E-01	0.040	22	31	271	272	53	288	492	303	0.886	0.480
LOKIASV2_0804_ESMFold_hypothetical_protein	AF-Q5A938-F1-model_v4	AF-Q5A938-F1-model_v4 Uncharacterized protein	6.173E-01	0.040	22	38	248	272	172	474	501	325	0.776	0.605
LOKIASV2_0804_ESMFold_hypothetical_protein	AF-D4A604-F1-model_v4	AF-D4A604-F1-model_v4 Phosphatidylinositol glycan anchor biosynthesis, class T	6.016E+00	0.040	22	138	241	272	382	472	598	114	0.382	0.152
LOKIASV2_0804_ESMFold_hypothetical_protein	AF-A0A0N4U681-F1-model_v4	AF-A0A0N4U681-F1-model_v4 AMPKBI domain-containing protein	1.976E+00	0.040	22	29	178	272	284	454	623	183	0.551	0.274
LOKIASV2_0804_ESMFold_hypothetical_protein	AF-A0A368UHP8-F1-model_v4	AF-A0A368UHP8-F1-model_v4 Beta-galactosidase	2.747E-01	0.040	22	99	248	272	298	512	720	228	0.551	0.299
LOKIASV2_0804_ESMFold_hypothetical_protein	AF-Q55CZ1-F1-model_v4	AF-Q55CZ1-F1-model_v4 Probable serine/threonine-protein kinase gdt2	3.363E-01	0.040	22	27	265	272	653	908	1637	310	0.879	0.156
LOKIASV2_0804_ESMFold_hypothetical_protein	AF-Q55DW5-F1-model_v4	AF-Q55DW5-F1-model_v4 Uncharacterized protein	3.040E-01	0.040	22	30	245	272	288	503	1791	258	0.794	0.121
LOKIASV2_0804_ESMFold_hypothetical_protein	AF-Q9UT07-F1-model_v4	AF-Q9UT07-F1-model_v4 Protein ups1 homolog	8.573E+00	0.034	21	103	262	272	36	154	171	175	0.588	0.696
LOKIASV2_0804_ESMFold_hypothetical_protein	AF-Q5FA01-F1-model_v4	AF-Q5FA01-F1-model_v4 Membrane protein	7.949E-01	0.034	21	65	237	272	26	175	175	202	0.636	0.857
LOKIASV2_0804_ESMFold_hypothetical_protein	AF-O16567-F1-model_v4	AF-O16567-F1-model_v4 MATH domain-containing protein	2.300E+00	0.034	21	67	239	272	10	141	186	198	0.636	0.710
LOKIASV2_0804_ESMFold_hypothetical_protein	AF-Q8ZQ33-F1-model_v4	AF-Q8ZQ33-F1-model_v4 Putative outer membrane protein	3.915E-01	0.034	21	31	237	272	29	230	230	249	0.761	0.878
LOKIASV2_0804_ESMFold_hypothetical_protein	AF-A0A077ZC73-F1-model_v4	AF-A0A077ZC73-F1-model_v4 MipA domain containing protein	1.698E+00	0.034	21	33	235	272	42	229	231	258	0.746	0.814
LOKIASV2_0804_ESMFold_hypothetical_protein	AF-Q32HG7-F1-model_v4	AF-Q32HG7-F1-model_v4 IAT_beta domain-containing protein	1.879E+00	0.034	21	34	234	272	48	222	258	239	0.739	0.678
LOKIASV2_0804_ESMFold_hypothetical_protein	AF-A0A131MBE3-F1-model_v4	AF-A0A131MBE3-F1-model_v4 BTB domain-containing protein	5.169E+00	0.034	21	103	249	272	24	141	277	161	0.540	0.426
LOKIASV2_0804_ESMFold_hypothetical_protein	AF-A0A5S6PFM5-F1-model_v4	AF-A0A5S6PFM5-F1-model_v4 Bm4434, isoform e	4.222E+00	0.034	21	104	245	272	8	117	284	148	0.522	0.387
LOKIASV2_0804_ESMFold_hypothetical_protein	AF-C0NRU7-F1-model_v4	AF-C0NRU7-F1-model_v4 GPI transamidase component GPI16	2.545E+00	0.034	21	67	246	272	103	274	392	218	0.662	0.439
LOKIASV2_0804_ESMFold_hypothetical_protein	AF-U7PRB9-F1-model_v4	AF-U7PRB9-F1-model_v4 Uncharacterized protein	1.253E+00	0.034	21	30	208	272	76	311	407	262	0.658	0.580
LOKIASV2_0804_ESMFold_hypothetical_protein	AF-B6TKK9-F1-model_v4	AF-B6TKK9-F1-model_v4 IQ calmodulin-binding motif family protein	9.018E+00	0.034	21	110	227	272	96	191	412	122	0.434	0.233
LOKIASV2_0804_ESMFold_hypothetical_protein	AF-A0A2R8Q771-F1-model_v4	AF-A0A2R8Q771-F1-model_v4 Dehydrogenase/reductase (SDR family) member 13b.1	1.459E+00	0.034	21	5	271	272	1	414	430	444	0.982	0.963
LOKIASV2_0804_ESMFold_hypothetical_protein	AF-Q2PWT8-F1-model_v4	AF-Q2PWT8-F1-model_v4 AP-4 complex subunit mu-1	2.079E+00	0.034	21	24	248	272	178	394	453	273	0.827	0.479
LOKIASV2_0804_ESMFold_hypothetical_protein	AF-I1LV87-F1-model_v4	AF-I1LV87-F1-model_v4 Uncharacterized protein	3.722E-01	0.034	21	30	237	272	248	471	475	262	0.765	0.472
LOKIASV2_0804_ESMFold_hypothetical_protein	AF-A4I5C4-F1-model_v4	AF-A4I5C4-F1-model_v4 Domain_of_uncharacterized_function_(DUF4139)_-_pu tative	4.118E-01	0.034	21	64	248	272	404	579	579	213	0.680	0.304
LOKIASV2_0804_ESMFold_hypothetical_protein	AF-E7F2J6-F1-model_v4	AF-E7F2J6-F1-model_v4 Proprotein convertase 9	7.949E-01	0.034	21	34	247	272	442	667	667	258	0.787	0.339
LOKIASV2_0804_ESMFold_hypothetical_protein	AF-O76612-F1-model_v4	AF-O76612-F1-model_v4 BTB and MATH domain-containing protein 47	4.118E-01	0.034	21	72	248	272	160	297	706	210	0.651	0.195
LOKIASV2_0804_ESMFold_hypothetical_protein	AF-A0A0R0FN48-F1-model_v4	AF-A0A0R0FN48-F1-model_v4 TIR domain-containing protein	1.879E+00	0.034	21	145	262	272	854	976	981	149	0.434	0.125
LOKIASV2_0804_ESMFold_hypothetical_protein	AF-I1JM77-F1-model_v4	AF-I1JM77-F1-model_v4 TIR domain-containing protein	7.557E-01	0.034	21	65	270	272	880	1075	1084	260	0.757	0.181
LOKIASV2_0804_ESMFold_hypothetical_protein	AF-E9QFZ1-F1-model_v4	AF-E9QFZ1-F1-model_v4 Lysosomal-trafficking regulator	1.024E+00	0.034	21	67	248	272	302	473	2666	220	0.669	0.065
LOKIASV2_0804_ESMFold_hypothetical_protein	AF-A0A0N4UJ14-F1-model_v4	AF-A0A0N4UJ14-F1-model_v4 Uncharacterized protein	2.545E+00	0.029	20	107	244	272	39	132	133	144	0.507	0.707
LOKIASV2_0804_ESMFold_hypothetical_protein	AF-A0A133CDM4-F1-model_v4	AF-A0A133CDM4-F1-model_v4 Peptidylprolyl isomerase	2.816E+00	0.029	20	103	243	272	41	150	152	161	0.518	0.724
LOKIASV2_0804_ESMFold_hypothetical_protein	AF-C4RVF5-F1-model_v4	AF-C4RVF5-F1-model_v4 Uncharacterized protein	4.222E+00	0.029	20	138	262	272	20	166	167	162	0.460	0.880
LOKIASV2_0804_ESMFold_hypothetical_protein	AF-Q9XWC2-F1-model_v4	AF-Q9XWC2-F1-model_v4 DOMON domain-containing protein Y73F4A.1	1.698E+00	0.029	20	7	231	272	1	159	182	236	0.827	0.874
LOKIASV2_0804_ESMFold_hypothetical_protein	AF-A0A0P0XNF3-F1-model_v4	AF-A0A0P0XNF3-F1-model_v4 Os09g0486000 protein	3.815E+00	0.029	20	133	262	272	47	166	185	144	0.478	0.649
LOKIASV2_0804_ESMFold_hypothetical_protein	AF-A0A1D8PU11-F1-model_v4	AF-A0A1D8PU11-F1-model_v4 PRELI/MSF1 domain-containing protein	8.573E+00	0.029	20	103	260	272	36	159	196	174	0.581	0.633
LOKIASV2_0804_ESMFold_hypothetical_protein	AF-F5GU84-F1-model_v4	AF-F5GU84-F1-model_v4 Uncharacterized protein	4.671E+00	0.029	20	108	271	272	50	187	204	185	0.603	0.676
LOKIASV2_0804_ESMFold_hypothetical_protein	AF-P82658-F1-model_v4	AF-P82658-F1-model_v4 Thylakoid lumenal 19 kDa protein, chloroplastic	2.963E+00	0.029	20	20	171	272	45	206	229	205	0.559	0.707
LOKIASV2_0804_ESMFold_hypothetical_protein	AF-Q9TZM5-F1-model_v4	AF-Q9TZM5-F1-model_v4 BTB domain-containing protein	3.815E+00	0.029	20	103	248	272	24	138	298	167	0.537	0.386
LOKIASV2_0804_ESMFold_hypothetical_protein	AF-Q6A584-F1-model_v4	AF-Q6A584-F1-model_v4 BTB domain-containing protein	2.816E+00	0.029	20	69	250	272	8	142	299	200	0.669	0.452
LOKIASV2_0804_ESMFold_hypothetical_protein	AF-A0A1C1CU58-F1-model_v4	AF-A0A1C1CU58-F1-model_v4 Mitochondrial outer membrane protein porin	4.556E-01	0.029	20	31	224	272	80	305	305	250	0.713	0.741
LOKIASV2_0804_ESMFold_hypothetical_protein	AF-I1KHN8-F1-model_v4	AF-I1KHN8-F1-model_v4 BHLH domain-containing protein	7.748E+00	0.029	20	107	262	272	282	382	384	164	0.574	0.263
LOKIASV2_0804_ESMFold_hypothetical_protein	AF-O06263-F1-model_v4	AF-O06263-F1-model_v4 Hypothetical alanine and valine rich protein	2.420E+00	0.029	20	20	171	272	248	383	404	180	0.559	0.337
LOKIASV2_0804_ESMFold_hypothetical_protein	AF-Q9JKC7-F1-model_v4	AF-Q9JKC7-F1-model_v4 AP-4 complex subunit mu-1	3.448E+00	0.029	20	24	248	272	178	392	449	270	0.827	0.479
LOKIASV2_0804_ESMFold_hypothetical_protein	AF-A0A175W371-F1-model_v4	AF-A0A175W371-F1-model_v4 Protein EMP47	1.192E+00	0.029	20	29	271	272	50	267	457	286	0.893	0.477
LOKIASV2_0804_ESMFold_hypothetical_protein	AF-C1GZD6-F1-model_v4	AF-C1GZD6-F1-model_v4 GH16 domain-containing protein	2.483E-01	0.029	20	31	247	272	147	379	475	282	0.798	0.491
LOKIASV2_0804_ESMFold_hypothetical_protein	AF-K7VL63-F1-model_v4	AF-K7VL63-F1-model_v4 Uncharacterized protein	5.868E-01	0.029	20	21	237	272	238	486	489	274	0.798	0.509
LOKIASV2_0804_ESMFold_hypothetical_protein	AF-O02355-F1-model_v4	AF-O02355-F1-model_v4 CUB_2 domain-containing protein	6.328E+00	0.029	20	67	264	272	287	498	500	254	0.728	0.424
LOKIASV2_0804_ESMFold_hypothetical_protein	AF-A0A096MJR6-F1-model_v4	AF-A0A096MJR6-F1-model_v4 Poly [ADP-ribose] polymerase	4.441E+00	0.029	20	147	243	272	632	739	804	128	0.357	0.134
LOKIASV2_0804_ESMFold_hypothetical_protein	AF-C1H2X7-F1-model_v4	AF-C1H2X7-F1-model_v4 Coatomer subunit gamma	8.362E-01	0.029	20	29	255	272	674	918	919	322	0.835	0.267
LOKIASV2_0804_ESMFold_hypothetical_protein	AF-A0A5K4EDH1-F1-model_v4	AF-A0A5K4EDH1-F1-model_v4 Uncharacterized protein	4.914E+00	0.029	20	69	241	272	390	568	1169	214	0.636	0.153
LOKIASV2_0804_ESMFold_hypothetical_protein	AF-M0QZD8-F11-model_v4	AF-M0QZD8-F11-model_v4 Apolipophorins	2.545E+00	0.029	20	39	245	272	136	358	1266	258	0.761	0.176
LOKIASV2_0804_ESMFold_hypothetical_protein	AF-A0A3P7EUG2-F1-model_v4	AF-A0A3P7EUG2-F1-model_v4 PRELI/MSF1 domain-containing protein	4.914E+00	0.024	19	104	271	272	36	173	205	189	0.618	0.673
LOKIASV2_0804_ESMFold_hypothetical_protein	AF-A0A0K0JA28-F1-model_v4	AF-A0A0K0JA28-F1-model_v4 Bm3392	4.914E+00	0.024	19	141	260	272	48	152	205	131	0.441	0.512
LOKIASV2_0804_ESMFold_hypothetical_protein	AF-Q12450-F1-model_v4	AF-Q12450-F1-model_v4 Protein ERP4	8.150E+00	0.024	19	143	271	272	36	152	207	143	0.474	0.565
LOKIASV2_0804_ESMFold_hypothetical_protein	AF-C0P9R5-F1-model_v4	AF-C0P9R5-F1-model_v4 Outer envelope pore protein 24A chloroplastic	7.949E-01	0.024	19	31	234	272	19	215	220	243	0.750	0.895
LOKIASV2_0804_ESMFold_hypothetical_protein	AF-P37681-F1-model_v4	AF-P37681-F1-model_v4 Putative outer membrane protein YiaT	7.557E-01	0.024	19	32	235	272	50	244	246	261	0.750	0.793
LOKIASV2_0804_ESMFold_hypothetical_protein	AF-A0A1D6JS28-F1-model_v4	AF-A0A1D6JS28-F1-model_v4 Outer mitochondrial membrane protein porin	7.557E-01	0.024	19	39	238	272	54	270	275	257	0.735	0.789
LOKIASV2_0804_ESMFold_hypothetical_protein	AF-Q8AWD0-F1-model_v4	AF-Q8AWD0-F1-model_v4 Voltage-dependent anion-selective channel protein 2	1.879E+00	0.024	19	31	224	272	115	283	283	219	0.713	0.597
LOKIASV2_0804_ESMFold_hypothetical_protein	AF-A0A044T2H1-F1-model_v4	AF-A0A044T2H1-F1-model_v4 TIP41-like protein	3.448E+00	0.024	19	31	170	272	31	255	290	237	0.515	0.776
LOKIASV2_0804_ESMFold_hypothetical_protein	AF-O16551-F1-model_v4	AF-O16551-F1-model_v4 MATH (Meprin-associated Traf homology) domain containing	1.535E+00	0.024	19	30	253	272	24	276	296	295	0.824	0.855
LOKIASV2_0804_ESMFold_hypothetical_protein	AF-D6VPA0-F1-model_v4	AF-D6VPA0-F1-model_v4 MATH (Meprin-associated Traf homology) domain containing	2.545E+00	0.024	19	31	271	272	26	315	440	326	0.886	0.659
LOKIASV2_0804_ESMFold_hypothetical_protein	AF-P39165-F1-model_v4	AF-P39165-F1-model_v4 Uncharacterized protein YchO	2.187E+00	0.024	19	35	240	272	137	313	464	241	0.757	0.381
LOKIASV2_0804_ESMFold_hypothetical_protein	AF-Q8L634-F1-model_v4	AF-Q8L634-F1-model_v4 AT3G14830 protein	6.173E-01	0.024	19	23	237	272	227	472	476	281	0.790	0.517
LOKIASV2_0804_ESMFold_hypothetical_protein	AF-A4I2R1-F1-model_v4	AF-A4I2R1-F1-model_v4 Hypothetical_protein_-_conserved	5.303E-01	0.024	19	102	246	272	441	535	646	155	0.533	0.147
LOKIASV2_0804_ESMFold_hypothetical_protein	AF-Q8NFR9-F1-model_v4	AF-Q8NFR9-F1-model_v4 Interleukin-17 receptor E	2.420E+00	0.024	19	1	267	272	157	475	667	371	0.982	0.478
LOKIASV2_0804_ESMFold_hypothetical_protein	AF-Q6S5G3-F1-model_v4	AF-Q6S5G3-F1-model_v4 Translocase of chloroplast 90, chloroplastic	2.545E+00	0.024	19	31	271	272	561	777	793	282	0.886	0.274
LOKIASV2_0804_ESMFold_hypothetical_protein	AF-P75857-F1-model_v4	AF-P75857-F1-model_v4 Probable outer membrane usher protein ElfC	5.303E-01	0.024	19	39	238	272	428	698	866	300	0.735	0.313
LOKIASV2_0804_ESMFold_hypothetical_protein	AF-F1LRZ0-F1-model_v4	AF-F1LRZ0-F1-model_v4 Tyrosine-protein kinase receptor	4.914E+00	0.024	19	104	249	272	57	218	1396	184	0.537	0.116
LOKIASV2_0804_ESMFold_hypothetical_protein	AF-Q9UKK3-F1-model_v4	AF-Q9UKK3-F1-model_v4 Protein mono-ADP-ribosyltransferase PARP4	8.150E+00	0.024	19	140	237	272	635	736	1724	128	0.360	0.059
LOKIASV2_0804_ESMFold_hypothetical_protein	AF-A0A0R0IT71-F1-model_v4	AF-A0A0R0IT71-F1-model_v4 Uncharacterized protein	4.222E+00	0.020	18	112	227	272	25	101	127	123	0.426	0.606
LOKIASV2_0804_ESMFold_hypothetical_protein	AF-A0A0N4U454-F1-model_v4	AF-A0A0N4U454-F1-model_v4 Uncharacterized protein	4.441E+00	0.020	18	135	249	272	11	150	152	154	0.423	0.921
LOKIASV2_0804_ESMFold_hypothetical_protein	AF-J9EZK1-F1-model_v4	AF-J9EZK1-F1-model_v4 Uncharacterized protein	1.535E+00	0.020	18	104	253	272	22	160	164	172	0.551	0.848
LOKIASV2_0804_ESMFold_hypothetical_protein	AF-A0A077ZFR6-F1-model_v4	AF-A0A077ZFR6-F1-model_v4 Emp24:gp25L:p24 family protein	6.016E+00	0.020	18	138	271	272	19	142	191	157	0.493	0.649
LOKIASV2_0804_ESMFold_hypothetical_protein	AF-G3XD11-F1-model_v4	AF-G3XD11-F1-model_v4 PhoP/Q and low Mg2+ inducible outer membrane protein H1	8.362E-01	0.020	18	69	237	272	26	200	200	205	0.621	0.875
LOKIASV2_0804_ESMFold_hypothetical_protein	AF-Q75IQ4-F1-model_v4	AF-Q75IQ4-F1-model_v4 Outer envelope pore protein 24, chloroplastic	1.786E+00	0.020	18	31	234	272	50	219	224	229	0.750	0.759
LOKIASV2_0804_ESMFold_hypothetical_protein	AF-Q54DT7-F1-model_v4	AF-Q54DT7-F1-model_v4 Uncharacterized protein	9.018E+00	0.020	18	187	256	272	81	152	258	78	0.257	0.279
LOKIASV2_0804_ESMFold_hypothetical_protein	AF-Q9XWH8-F1-model_v4	AF-Q9XWH8-F1-model_v4 BTB/POZ domain-containing protein Y57A10B.3	2.420E+00	0.020	18	67	249	272	27	148	316	199	0.673	0.386
LOKIASV2_0804_ESMFold_hypothetical_protein	AF-A0A3P7FS18-F1-model_v4	AF-A0A3P7FS18-F1-model_v4 Uncharacterized protein	6.328E+00	0.020	18	31	271	272	73	318	333	317	0.886	0.739
LOKIASV2_0804_ESMFold_hypothetical_protein	AF-A0A175W4J9-F1-model_v4	AF-A0A175W4J9-F1-model_v4 Uncharacterized protein	6.016E+00	0.020	18	34	239	272	99	342	343	291	0.757	0.711
LOKIASV2_0804_ESMFold_hypothetical_protein	AF-B6TN26-F1-model_v4	AF-B6TN26-F1-model_v4 Outer envelope pore protein 37 chloroplastic	1.976E+00	0.020	18	31	230	272	178	372	373	241	0.735	0.523
LOKIASV2_0804_ESMFold_hypothetical_protein	AF-Q15063-F1-model_v4	AF-Q15063-F1-model_v4 Periostin	6.016E+00	0.020	18	115	256	272	669	781	836	142	0.522	0.135
LOKIASV2_0804_ESMFold_hypothetical_protein	AF-O75592-F13-model_v4	AF-O75592-F13-model_v4 E3 ubiquitin-protein ligase MYCBP2	2.187E+00	0.020	18	31	223	272	561	751	1400	231	0.710	0.136
LOKIASV2_0804_ESMFold_hypothetical_protein	AF-A0A3Q0KFL4-F1-model_v4	AF-A0A3Q0KFL4-F1-model_v4 Putative ran-binding protein	1.192E+00	0.016	17	31	223	272	4	142	170	224	0.710	0.818
LOKIASV2_0804_ESMFold_hypothetical_protein	AF-U7PMH5-F1-model_v4	AF-U7PMH5-F1-model_v4 Uncharacterized protein	3.815E+00	0.016	17	69	245	272	17	173	181	196	0.651	0.867
LOKIASV2_0804_ESMFold_hypothetical_protein	AF-A0A0H3H3B8-F1-model_v4	AF-A0A0H3H3B8-F1-model_v4 Helix-turn-helix motif-containing protein	3.278E+00	0.016	17	144	240	272	106	200	200	113	0.357	0.475
LOKIASV2_0804_ESMFold_hypothetical_protein	AF-A0A044TMG9-F1-model_v4	AF-A0A044TMG9-F1-model_v4 PRELI/MSF1 domain-containing protein	5.437E+00	0.016	17	141	255	272	48	147	204	126	0.423	0.490
LOKIASV2_0804_ESMFold_hypothetical_protein	AF-P45564-F1-model_v4	AF-P45564-F1-model_v4 Uncharacterized protein YfeN	1.535E+00	0.016	17	31	232	272	101	253	254	220	0.743	0.602
LOKIASV2_0804_ESMFold_hypothetical_protein	AF-A0A158N8G0-F1-model_v4	AF-A0A158N8G0-F1-model_v4 Uncharacterized protein	8.150E+00	0.016	17	31	266	272	21	241	259	287	0.868	0.853
LOKIASV2_0804_ESMFold_hypothetical_protein	AF-Q9R1Z0-F1-model_v4	AF-Q9R1Z0-F1-model_v4 Voltage-dependent anion-selective channel protein 3	5.437E+00	0.016	17	31	224	272	115	283	283	218	0.713	0.597
LOKIASV2_0804_ESMFold_hypothetical_protein	AF-C6TG15-F1-model_v4	AF-C6TG15-F1-model_v4 Uncharacterized protein	3.815E+00	0.016	17	31	271	272	21	269	286	318	0.886	0.871
LOKIASV2_0804_ESMFold_hypothetical_protein	AF-Q9TYJ0-F1-model_v4	AF-Q9TYJ0-F1-model_v4 BTB and MATH domain containing	4.914E+00	0.016	17	103	239	272	21	125	301	149	0.504	0.349
LOKIASV2_0804_ESMFold_hypothetical_protein	AF-Q8I3I2-F1-model_v4	AF-Q8I3I2-F1-model_v4 F-actin-capping protein subunit alpha	7.365E+00	0.016	17	102	174	272	154	223	307	78	0.268	0.228
LOKIASV2_0804_ESMFold_hypothetical_protein	AF-Q56XR0-F1-model_v4	AF-Q56XR0-F1-model_v4 Transcription factor bHLH71	5.437E+00	0.016	17	104	262	272	197	300	327	177	0.585	0.318
LOKIASV2_0804_ESMFold_hypothetical_protein	AF-B6TJC2-F1-model_v4	AF-B6TJC2-F1-model_v4 BHLH transcription factor	5.437E+00	0.016	17	110	227	272	268	346	365	126	0.434	0.216
LOKIASV2_0804_ESMFold_hypothetical_protein	AF-Q9N5P6-F1-model_v4	AF-Q9N5P6-F1-model_v4 BTB and MATH domain containing	6.328E+00	0.016	17	103	239	272	28	132	418	154	0.504	0.251
LOKIASV2_0804_ESMFold_hypothetical_protein	AF-Q8SXF2-F1-model_v4	AF-Q8SXF2-F1-model_v4 RH40246p	1.318E+00	0.016	17	29	256	272	40	336	428	341	0.838	0.694
LOKIASV2_0804_ESMFold_hypothetical_protein	AF-O44870-F1-model_v4	AF-O44870-F1-model_v4 MATH domain-containing protein	5.437E+00	0.016	17	72	264	272	6	152	453	212	0.710	0.325
LOKIASV2_0804_ESMFold_hypothetical_protein	AF-P43838-F1-model_v4	AF-P43838-F1-model_v4 Outer membrane protein P1	4.793E-01	0.016	17	39	239	272	234	459	459	267	0.739	0.492
LOKIASV2_0804_ESMFold_hypothetical_protein	AF-A0A0R0EHB5-F1-model_v4	AF-A0A0R0EHB5-F1-model_v4 Uncharacterized protein	2.420E+00	0.016	17	1	244	272	6	462	463	469	0.897	0.987
LOKIASV2_0804_ESMFold_hypothetical_protein	AF-Q8ZP33-F1-model_v4	AF-Q8ZP33-F1-model_v4 Putative invasin	4.914E+00	0.016	17	34	232	272	142	313	474	233	0.732	0.363
LOKIASV2_0804_ESMFold_hypothetical_protein	AF-Q38DP0-F1-model_v4	AF-Q38DP0-F1-model_v4 Uncharacterized protein	9.018E+00	0.016	17	69	270	272	254	534	561	319	0.743	0.501
LOKIASV2_0804_ESMFold_hypothetical_protein	AF-A0A5S6PFP7-F1-model_v4	AF-A0A5S6PFP7-F1-model_v4 Uncharacterized protein	1.253E+00	0.016	17	1	239	272	16	361	677	374	0.879	0.511
LOKIASV2_0804_ESMFold_hypothetical_protein	AF-A0A0K0EQ80-F1-model_v4	AF-A0A0K0EQ80-F1-model_v4 Uncharacterized protein	6.016E+00	0.016	17	16	186	272	23	179	698	200	0.629	0.225
LOKIASV2_0804_ESMFold_hypothetical_protein	AF-O74309-F1-model_v4	AF-O74309-F1-model_v4 Histone transcription regulator slm9	4.914E+00	0.016	17	30	168	272	459	619	807	200	0.511	0.200
LOKIASV2_0804_ESMFold_hypothetical_protein	AF-A0A0D2GEE2-F1-model_v4	AF-A0A0D2GEE2-F1-model_v4 AP-1 complex subunit gamma	9.486E+00	0.016	17	78	243	272	694	797	824	168	0.610	0.126
LOKIASV2_0804_ESMFold_hypothetical_protein	AF-Q54HL0-F1-model_v4	AF-Q54HL0-F1-model_v4 Coatomer subunit gamma	2.079E+00	0.016	17	105	239	272	650	884	898	242	0.496	0.262
LOKIASV2_0804_ESMFold_hypothetical_protein	AF-K7W845-F1-model_v4	AF-K7W845-F1-model_v4 C2 and GRAM domain-containing protein	2.187E+00	0.016	17	102	250	272	903	1008	1034	159	0.548	0.103
LOKIASV2_0804_ESMFold_hypothetical_protein	AF-A0A3Q0KTS7-F1-model_v4	AF-A0A3Q0KTS7-F1-model_v4 Uncharacterized protein	1.253E+00	0.016	17	30	248	272	42	185	1294	239	0.805	0.111
LOKIASV2_0804_ESMFold_hypothetical_protein	AF-M0QZD8-F5-model_v4	AF-M0QZD8-F5-model_v4 Apolipophorins	5.169E+00	0.016	17	31	236	272	710	935	1400	254	0.757	0.161
LOKIASV2_0804_ESMFold_hypothetical_protein	AF-J9EV99-F1-model_v4	AF-J9EV99-F1-model_v4 Uncharacterized protein	4.671E+00	0.014	16	138	255	272	14	148	150	149	0.434	0.900
LOKIASV2_0804_ESMFold_hypothetical_protein	AF-P19036-F1-model_v4	AF-P19036-F1-model_v4 17.4 kDa class I heat shock protein	4.222E+00	0.014	16	1	248	272	1	151	156	260	0.912	0.968
LOKIASV2_0804_ESMFold_hypothetical_protein	AF-Q5FC61-F1-model_v4	AF-Q5FC61-F1-model_v4 Uncharacterized protein	2.816E+00	0.014	16	67	253	272	21	154	158	207	0.688	0.848
LOKIASV2_0804_ESMFold_hypothetical_protein	AF-A0A175W232-F1-model_v4	AF-A0A175W232-F1-model_v4 Protein UPS1, mitochondrial	5.437E+00	0.014	16	103	271	272	40	203	246	217	0.621	0.667
LOKIASV2_0804_ESMFold_hypothetical_protein	AF-A0A077Z9C0-F1-model_v4	AF-A0A077Z9C0-F1-model_v4 Transcriptional activator protein Pur alpha	5.437E+00	0.014	16	104	271	272	14	236	268	264	0.618	0.832
LOKIASV2_0804_ESMFold_hypothetical_protein	AF-A0A183XI25-F1-model_v4	AF-A0A183XI25-F1-model_v4 TIP41-like protein	6.016E+00	0.014	16	19	170	272	5	254	293	262	0.559	0.853
LOKIASV2_0804_ESMFold_hypothetical_protein	AF-O17223-F1-model_v4	AF-O17223-F1-model_v4 BTB domain-containing protein	5.169E+00	0.014	16	104	248	272	22	129	297	158	0.533	0.364
LOKIASV2_0804_ESMFold_hypothetical_protein	AF-Q5JNS0-F1-model_v4	AF-Q5JNS0-F1-model_v4 Transcription factor TIP2	5.719E+00	0.014	16	111	227	272	283	360	379	125	0.430	0.206
LOKIASV2_0804_ESMFold_hypothetical_protein	AF-O76558-F1-model_v4	AF-O76558-F1-model_v4 MATH (Meprin-associated Traf homology) domain containing	2.677E+00	0.014	16	31	248	272	165	413	436	291	0.801	0.571
LOKIASV2_0804_ESMFold_hypothetical_protein	AF-O17191-F1-model_v4	AF-O17191-F1-model_v4 MATH (Meprin-associated Traf homology) domain containing	3.278E+00	0.014	16	16	248	272	133	417	440	341	0.857	0.648
LOKIASV2_0804_ESMFold_hypothetical_protein	AF-A0A0N4UBN6-F1-model_v4	AF-A0A0N4UBN6-F1-model_v4 Uncharacterized protein	3.116E+00	0.014	16	30	217	272	104	337	611	262	0.691	0.383
LOKIASV2_0804_ESMFold_hypothetical_protein	AF-O25414-F1-model_v4	AF-O25414-F1-model_v4 Uncharacterized protein	7.949E-01	0.014	16	31	237	272	506	660	660	227	0.761	0.235
LOKIASV2_0804_ESMFold_hypothetical_protein	AF-Q9TYX1-F1-model_v4	AF-Q9TYX1-F1-model_v4 Peptidase_S9 domain-containing protein	3.448E+00	0.014	16	29	223	272	34	320	737	314	0.717	0.389
LOKIASV2_0804_ESMFold_hypothetical_protein	AF-O25992-F1-model_v4	AF-O25992-F1-model_v4 Uncharacterized protein	1.698E+00	0.014	16	31	237	272	596	745	746	218	0.761	0.201
LOKIASV2_0804_ESMFold_hypothetical_protein	AF-K7V195-F1-model_v4	AF-K7V195-F1-model_v4 Uncharacterized protein	7.365E+00	0.014	16	23	227	272	80	258	926	246	0.754	0.193
LOKIASV2_0804_ESMFold_hypothetical_protein	AF-Q9UPM8-F1-model_v4	AF-Q9UPM8-F1-model_v4 AP-4 complex subunit epsilon-1	1.192E+00	0.014	16	1	224	272	896	1119	1137	298	0.824	0.197
LOKIASV2_0804_ESMFold_hypothetical_protein	AF-O75592-F14-model_v4	AF-O75592-F14-model_v4 E3 ubiquitin-protein ligase MYCBP2	3.815E+00	0.014	16	31	223	272	361	551	1400	237	0.710	0.136
LOKIASV2_0804_ESMFold_hypothetical_protein	AF-O75592-F15-model_v4	AF-O75592-F15-model_v4 E3 ubiquitin-protein ligase MYCBP2	3.116E+00	0.014	16	31	223	272	161	351	1400	232	0.710	0.136
LOKIASV2_0804_ESMFold_hypothetical_protein	AF-P22105-F5-model_v4	AF-P22105-F5-model_v4 Tenascin-X	9.486E+00	0.014	16	31	240	272	471	663	1400	225	0.772	0.138
LOKIASV2_0804_ESMFold_hypothetical_protein	AF-A0A0D2DN86-F1-model_v4	AF-A0A0D2DN86-F1-model_v4 Unplaced genomic scaffold supercont1.4, whole genome shotgun sequence	1.133E+00	0.014	16	28	245	272	799	1024	1415	285	0.801	0.160
LOKIASV2_0804_ESMFold_hypothetical_protein	AF-A4HSB7-F1-model_v4	AF-A4HSB7-F1-model_v4 Hypothetical_protein_-_conserved	4.914E+00	0.014	16	1	209	272	13	338	2394	354	0.768	0.136
LOKIASV2_0804_ESMFold_hypothetical_protein	AF-C6SXG1-F1-model_v4	AF-C6SXG1-F1-model_v4 SHSP domain-containing protein	6.657E+00	0.011	15	1	248	272	1	149	154	260	0.912	0.968
LOKIASV2_0804_ESMFold_hypothetical_protein	AF-I1MD98-F1-model_v4	AF-I1MD98-F1-model_v4 PRELI/MSF1 domain-containing protein	6.016E+00	0.011	15	99	242	272	35	142	185	160	0.529	0.584
LOKIASV2_0804_ESMFold_hypothetical_protein	AF-A0A077Z631-F1-model_v4	AF-A0A077Z631-F1-model_v4 Uncharacterized protein	9.486E+00	0.011	15	102	269	272	24	166	188	199	0.618	0.761
LOKIASV2_0804_ESMFold_hypothetical_protein	AF-P0A8X2-F1-model_v4	AF-P0A8X2-F1-model_v4 Protein YceI	4.441E+00	0.011	15	70	240	272	21	191	191	215	0.629	0.895
LOKIASV2_0804_ESMFold_hypothetical_protein	AF-Q6ZGV3-F1-model_v4	AF-Q6ZGV3-F1-model_v4 Os02g0717900 protein	4.914E+00	0.011	15	103	263	272	39	171	196	176	0.592	0.679
LOKIASV2_0804_ESMFold_hypothetical_protein	AF-Q8ZN93-F1-model_v4	AF-Q8ZN93-F1-model_v4 Putative outer membrane protein	3.116E+00	0.011	15	4	232	272	1	252	253	297	0.842	0.996
LOKIASV2_0804_ESMFold_hypothetical_protein	AF-Q2G0X1-F1-model_v4	AF-Q2G0X1-F1-model_v4 Uncharacterized lipoprotein SAOUHSC_00402	9.018E+00	0.011	15	107	246	272	65	261	262	197	0.515	0.752
LOKIASV2_0804_ESMFold_hypothetical_protein	AF-Q0P963-F1-model_v4	AF-Q0P963-F1-model_v4 Putative periplasmic protein	5.719E+00	0.011	15	25	241	272	66	240	268	247	0.798	0.653
LOKIASV2_0804_ESMFold_hypothetical_protein	AF-C6TGZ7-F1-model_v4	AF-C6TGZ7-F1-model_v4 Uncharacterized protein	6.016E+00	0.011	15	39	205	272	55	253	276	227	0.614	0.721
LOKIASV2_0804_ESMFold_hypothetical_protein	AF-Q21752-F1-model_v4	AF-Q21752-F1-model_v4 Probable voltage-dependent anion-selective channel	5.169E+00	0.011	15	39	243	272	126	283	283	220	0.754	0.558
LOKIASV2_0804_ESMFold_hypothetical_protein	AF-A0A175W7B6-F1-model_v4	AF-A0A175W7B6-F1-model_v4 Endo-1,4-beta-xylanase	7.748E+00	0.011	15	103	242	272	29	224	285	214	0.515	0.688
LOKIASV2_0804_ESMFold_hypothetical_protein	AF-F4JZS4-F1-model_v4	AF-F4JZS4-F1-model_v4 TRAF-like family protein	2.079E+00	0.011	15	30	237	272	70	327	336	306	0.765	0.768
LOKIASV2_0804_ESMFold_hypothetical_protein	AF-Q5BK47-F1-model_v4	AF-Q5BK47-F1-model_v4 Oxysterol-binding protein	6.016E+00	0.011	15	30	194	272	157	310	483	195	0.607	0.319
LOKIASV2_0804_ESMFold_hypothetical_protein	AF-P49174-F1-model_v4	AF-P49174-F1-model_v4 Beta-fructofuranosidase, cell wall isozyme	2.677E+00	0.011	15	31	219	272	72	358	590	313	0.695	0.486
LOKIASV2_0804_ESMFold_hypothetical_protein	AF-A4IBK2-F1-model_v4	AF-A4IBK2-F1-model_v4 Hypothetical_protein_-_conserved	3.815E+00	0.011	15	115	237	272	445	575	602	156	0.452	0.218
LOKIASV2_0804_ESMFold_hypothetical_protein	AF-Q9SIR0-F1-model_v4	AF-Q9SIR0-F1-model_v4 TRAF-like family protein	8.150E+00	0.011	15	31	256	272	383	662	693	322	0.831	0.404
LOKIASV2_0804_ESMFold_hypothetical_protein	AF-O25137-F1-model_v4	AF-O25137-F1-model_v4 Uncharacterized protein	1.535E+00	0.011	15	31	237	272	548	699	700	224	0.761	0.217
LOKIASV2_0804_ESMFold_hypothetical_protein	AF-Q57VU5-F1-model_v4	AF-Q57VU5-F1-model_v4 Chaperone protein DNAJ, putative	6.016E+00	0.011	15	31	261	272	297	563	778	314	0.849	0.343
LOKIASV2_0804_ESMFold_hypothetical_protein	AF-Q8L735-F1-model_v4	AF-Q8L735-F1-model_v4 Isoamylase 2, chloroplastic	5.437E+00	0.011	15	69	248	272	66	317	882	269	0.662	0.286
LOKIASV2_0804_ESMFold_hypothetical_protein	AF-D3ZZY5-F1-model_v4	AF-D3ZZY5-F1-model_v4 P53-induced protein with a death domain-like	1.614E+00	0.011	15	34	241	272	374	606	917	275	0.765	0.254
LOKIASV2_0804_ESMFold_hypothetical_protein	AF-P19823-F1-model_v4	AF-P19823-F1-model_v4 Inter-alpha-trypsin inhibitor heavy chain H2	9.978E+00	0.011	15	109	239	272	79	186	946	155	0.482	0.114
LOKIASV2_0804_ESMFold_hypothetical_protein	AF-D3ZX21-F1-model_v4	AF-D3ZX21-F1-model_v4 AP-4 complex subunit epsilon	1.698E+00	0.011	15	1	224	272	888	1112	1130	313	0.824	0.199
LOKIASV2_0804_ESMFold_hypothetical_protein	AF-P39991-F1-model_v4	AF-P39991-F1-model_v4 Uncharacterized protein YEL025C	5.437E+00	0.011	15	29	227	272	75	294	1188	263	0.732	0.185
LOKIASV2_0804_ESMFold_hypothetical_protein	AF-M0QZD8-F6-model_v4	AF-M0QZD8-F6-model_v4 Apolipophorins	3.448E+00	0.011	15	40	234	272	700	919	1400	240	0.717	0.157
LOKIASV2_0804_ESMFold_hypothetical_protein	AF-Q9N4J2-F1-model_v4	AF-Q9N4J2-F1-model_v4 Vitellogenin-3	4.222E+00	0.011	15	31	236	272	855	1027	1603	237	0.757	0.108
LOKIASV2_0804_ESMFold_hypothetical_protein	AF-P06125-F1-model_v4	AF-P06125-F1-model_v4 Vitellogenin-5	1.253E+00	0.011	15	39	236	272	851	1027	1603	241	0.728	0.110
LOKIASV2_0804_ESMFold_hypothetical_protein	AF-A0A2K6W2B3-F1-model_v4	AF-A0A2K6W2B3-F1-model_v4 Uncharacterized protein	3.815E+00	0.010	14	101	243	272	16	138	150	164	0.526	0.820
LOKIASV2_0804_ESMFold_hypothetical_protein	AF-P31673-F1-model_v4	AF-P31673-F1-model_v4 17.4 kDa class I heat shock protein	7.365E+00	0.010	14	1	224	272	3	141	154	232	0.824	0.903
LOKIASV2_0804_ESMFold_hypothetical_protein	AF-Q09347-F1-model_v4	AF-Q09347-F1-model_v4 Uncharacterized protein T05H10.3	7.748E+00	0.010	14	164	237	272	39	133	158	100	0.272	0.601
LOKIASV2_0804_ESMFold_hypothetical_protein	AF-A0A0H5S5D4-F1-model_v4	AF-A0A0H5S5D4-F1-model_v4 Bm2017	5.169E+00	0.010	14	104	253	272	22	160	164	170	0.551	0.848
LOKIASV2_0804_ESMFold_hypothetical_protein	AF-A0A0D2H4B0-F1-model_v4	AF-A0A0D2H4B0-F1-model_v4 Unplaced genomic scaffold supercont1.1, whole genome shotgun sequence	9.978E+00	0.010	14	133	254	272	43	147	192	133	0.449	0.547
LOKIASV2_0804_ESMFold_hypothetical_protein	AF-A0A0N4UB29-F1-model_v4	AF-A0A0N4UB29-F1-model_v4 PRELI/MSF1 domain-containing protein	9.018E+00	0.010	14	104	256	272	36	149	200	165	0.562	0.570
LOKIASV2_0804_ESMFold_hypothetical_protein	AF-Q39818-F1-model_v4	AF-Q39818-F1-model_v4 Heat shock 22 kDa protein, mitochondrial	7.748E+00	0.010	14	124	248	272	111	207	211	140	0.460	0.460
LOKIASV2_0804_ESMFold_hypothetical_protein	AF-B6UI32-F1-model_v4	AF-B6UI32-F1-model_v4 Uncharacterized protein	2.963E+00	0.010	14	55	241	272	68	247	250	248	0.688	0.720
LOKIASV2_0804_ESMFold_hypothetical_protein	AF-P53286-F1-model_v4	AF-P53286-F1-model_v4 Protein BTN2	7.365E+00	0.010	14	1	245	272	19	219	410	305	0.901	0.490
LOKIASV2_0804_ESMFold_hypothetical_protein	AF-Q55CK3-F1-model_v4	AF-Q55CK3-F1-model_v4 CRAL-TRIO domain-containing protein	7.748E+00	0.010	14	102	248	272	298	436	444	161	0.540	0.313
LOKIASV2_0804_ESMFold_hypothetical_protein	AF-U7Q1C7-F1-model_v4	AF-U7Q1C7-F1-model_v4 Altered inheritance of mitochondria protein 24, mitochondrial	4.914E+00	0.010	14	31	254	272	242	464	466	280	0.824	0.479
LOKIASV2_0804_ESMFold_hypothetical_protein	AF-O25715-F1-model_v4	AF-O25715-F1-model_v4 Uncharacterized protein	3.278E+00	0.010	14	39	237	272	252	478	479	270	0.732	0.474
LOKIASV2_0804_ESMFold_hypothetical_protein	AF-Q8WTL4-F1-model_v4	AF-Q8WTL4-F1-model_v4 MATH (Meprin-associated Traf homology) domain containing	7.748E+00	0.010	14	29	239	272	156	526	530	408	0.776	0.700
LOKIASV2_0804_ESMFold_hypothetical_protein	AF-Q9ERV7-F1-model_v4	AF-Q9ERV7-F1-model_v4 p53-induced death domain-containing protein 1	3.627E+00	0.010	14	39	241	272	361	604	915	272	0.746	0.267
LOKIASV2_0804_ESMFold_hypothetical_protein	AF-A0A5K4EX52-F1-model_v4	AF-A0A5K4EX52-F1-model_v4 Putative gem-associated protein 5 (Gemin5)	3.278E+00	0.010	14	31	219	272	25	318	1065	316	0.695	0.276
LOKIASV2_0804_ESMFold_hypothetical_protein	AF-A0A3P7FD77-F1-model_v4	AF-A0A3P7FD77-F1-model_v4 Uncharacterized protein	6.328E+00	0.010	14	31	167	272	144	411	1368	271	0.504	0.196
LOKIASV2_0804_ESMFold_hypothetical_protein	AF-A0A1C1CAI3-F1-model_v4	AF-A0A1C1CAI3-F1-model_v4 Uncharacterized protein	2.545E+00	0.010	14	28	245	272	793	1018	1410	283	0.801	0.160
LOKIASV2_0804_ESMFold_hypothetical_protein	AF-P18947-F1-model_v4	AF-P18947-F1-model_v4 Vitellogenin-4	4.671E+00	0.010	14	31	236	272	855	1027	1603	237	0.757	0.108
LOKIASV2_0804_ESMFold_hypothetical_protein	AF-P61351-F1-model_v4	AF-P61351-F1-model_v4 Protein YceI	7.748E+00	0.009	13	70	239	272	21	191	191	213	0.625	0.895
LOKIASV2_0804_ESMFold_hypothetical_protein	AF-K7TLN2-F1-model_v4	AF-K7TLN2-F1-model_v4 Glycoprotein	6.657E+00	0.009	13	30	170	272	48	138	208	147	0.518	0.438
LOKIASV2_0804_ESMFold_hypothetical_protein	AF-Q32GD1-F1-model_v4	AF-Q32GD1-F1-model_v4 Uncharacterized protein	2.963E+00	0.009	13	31	237	272	67	248	248	262	0.761	0.734
LOKIASV2_0804_ESMFold_hypothetical_protein	AF-Q7CQP6-F1-model_v4	AF-Q7CQP6-F1-model_v4 Scaffolding protein for murein-synthesizing holoenzyme	8.150E+00	0.009	13	31	237	272	51	248	248	270	0.761	0.798
LOKIASV2_0804_ESMFold_hypothetical_protein	AF-A0A0R0FS37-F1-model_v4	AF-A0A0R0FS37-F1-model_v4 Uncharacterized protein	9.018E+00	0.009	13	30	221	272	26	237	251	232	0.706	0.845
LOKIASV2_0804_ESMFold_hypothetical_protein	AF-A0A3Q0KIM6-F1-model_v4	AF-A0A3Q0KIM6-F1-model_v4 Uncharacterized protein	9.978E+00	0.009	13	70	248	272	27	258	342	259	0.658	0.678
LOKIASV2_0804_ESMFold_hypothetical_protein	AF-A0A0R4IG13-F1-model_v4	AF-A0A0R4IG13-F1-model_v4 Si:ch211-106h4.4	8.573E+00	0.009	13	67	238	272	4	235	397	266	0.632	0.584
LOKIASV2_0804_ESMFold_hypothetical_protein	AF-A0A1D6MUR6-F1-model_v4	AF-A0A1D6MUR6-F1-model_v4 Outer envelope pore protein 37 chloroplastic	6.657E+00	0.009	13	35	230	272	229	416	417	234	0.721	0.451
LOKIASV2_0804_ESMFold_hypothetical_protein	AF-Q8ZS06-F1-model_v4	AF-Q8ZS06-F1-model_v4 Fimbrial usher	2.079E+00	0.009	13	39	238	272	438	708	873	299	0.735	0.310
LOKIASV2_0804_ESMFold_hypothetical_protein	AF-A0A1C1CJH7-F1-model_v4	AF-A0A1C1CJH7-F1-model_v4 Coatomer subunit gamma	2.079E+00	0.009	13	30	223	272	680	910	927	288	0.713	0.249
LOKIASV2_0804_ESMFold_hypothetical_protein	AF-K7MTB8-F1-model_v4	AF-K7MTB8-F1-model_v4 Uncharacterized protein	4.441E+00	0.009	13	23	223	272	580	877	943	329	0.739	0.316
LOKIASV2_0804_ESMFold_hypothetical_protein	AF-A0A175WCN9-F1-model_v4	AF-A0A175WCN9-F1-model_v4 Uncharacterized protein	4.914E+00	0.009	13	26	237	272	766	991	1507	275	0.779	0.150
LOKIASV2_0804_ESMFold_hypothetical_protein	AF-A0A0R4J4X6-F1-model_v4	AF-A0A0R4J4X6-F1-model_v4 SHSP domain-containing protein	8.150E+00	0.008	12	77	248	272	45	156	161	182	0.632	0.696
LOKIASV2_0804_ESMFold_hypothetical_protein	AF-A0A3P7DJL2-F1-model_v4	AF-A0A3P7DJL2-F1-model_v4 SHSP domain-containing protein	8.150E+00	0.008	12	106	246	272	71	163	182	146	0.518	0.511
LOKIASV2_0804_ESMFold_hypothetical_protein	AF-I1N4A7-F1-model_v4	AF-I1N4A7-F1-model_v4 Uncharacterized protein	9.018E+00	0.008	12	31	240	272	57	275	276	256	0.772	0.793
LOKIASV2_0804_ESMFold_hypothetical_protein	AF-G4VN15-F1-model_v4	AF-G4VN15-F1-model_v4 Voltage-dependent anion-selective channel protein 1	7.365E+00	0.008	12	38	224	272	77	280	280	241	0.688	0.729
LOKIASV2_0804_ESMFold_hypothetical_protein	AF-A4HT14-F1-model_v4	AF-A4HT14-F1-model_v4 Protein_of_uncharacterized_function_(DUF1637)_-_p utative	7.002E+00	0.008	12	104	243	272	107	234	293	163	0.515	0.437
LOKIASV2_0804_ESMFold_hypothetical_protein	AF-A0A0R0K3Q9-F1-model_v4	AF-A0A0R0K3Q9-F1-model_v4 RING-type domain-containing protein	4.013E+00	0.008	12	31	243	272	46	210	410	230	0.783	0.402
LOKIASV2_0804_ESMFold_hypothetical_protein	AF-O17189-F1-model_v4	AF-O17189-F1-model_v4 MATH (Meprin-associated Traf homology) domain containing	4.222E+00	0.008	12	29	240	272	168	411	412	304	0.779	0.592
LOKIASV2_0804_ESMFold_hypothetical_protein	AF-O17190-F1-model_v4	AF-O17190-F1-model_v4 MATH (Meprin-associated Traf homology) domain containing	9.978E+00	0.008	12	14	248	272	131	418	441	340	0.864	0.653
LOKIASV2_0804_ESMFold_hypothetical_protein	AF-A0A0D2GYS3-F1-model_v4	AF-A0A0D2GYS3-F1-model_v4 Coatomer subunit gamma	2.963E+00	0.008	12	30	232	272	679	907	923	293	0.746	0.248
LOKIASV2_0804_ESMFold_hypothetical_protein	AF-Q8R107-F1-model_v4	AF-Q8R107-F1-model_v4 PRELI domain-containing protein 1, mitochondrial	7.748E+00	0.007	11	67	265	272	2	156	217	229	0.732	0.714
LOKIASV2_0804_ESMFold_hypothetical_protein	AF-A0A1D6JN63-F1-model_v4	AF-A0A1D6JN63-F1-model_v4 Outer mitochondrial membrane porin1	8.573E+00	0.007	11	31	248	272	20	248	255	277	0.801	0.898
LOKIASV2_0804_ESMFold_hypothetical_protein	AF-P05771-F1-model_v4	AF-P05771-F1-model_v4 Protein kinase C beta type	8.150E+00	0.007	11	31	224	272	164	422	671	306	0.713	0.386
LOKIASV2_0804_ESMFold_hypothetical_protein	AF-E7F4L5-F1-model_v4	AF-E7F4L5-F1-model_v4 Protein kinase C delta type	7.748E+00	0.007	11	69	248	272	25	129	685	191	0.662	0.153
LOKIASV2_0804_ESMFold_hypothetical_protein	AF-A0A5K4F3W0-F1-model_v4	AF-A0A5K4F3W0-F1-model_v4 F5/8 type C domain-containing protein	9.486E+00	0.007	11	29	246	272	1158	1426	1805	301	0.801	0.149
LOKIASV2_0804_ESMFold_hypothetical_protein	AF-A0A0R0F1R8-F1-model_v4	AF-A0A0R0F1R8-F1-model_v4 SHSP domain-containing protein	8.150E+00	0.000	10	102	245	272	63	160	171	152	0.529	0.573
LOKIASV2_0804_ESMFold_hypothetical_protein	AF-Q08058-F1-model_v4	AF-Q08058-F1-model_v4 Coenzyme Q-binding protein COQ10, mitochondrial	9.018E+00	0.000	10	57	240	272	35	164	207	211	0.676	0.628
LOKIASV2_0804_ESMFold_hypothetical_protein	AF-Q8GX46-F1-model_v4	AF-Q8GX46-F1-model_v4 Transcription factor bHLH91	9.486E+00	0.000	10	77	227	272	301	399	428	162	0.555	0.231
LOKIASV2_0804_ESMFold_hypothetical_protein	AF-Q0JP16-F1-model_v4	AF-Q0JP16-F1-model_v4 Os01g0251000 protein	7.365E+00	0.000	10	28	221	272	141	325	463	250	0.713	0.400
LOKIASV2_0804_ESMFold_hypothetical_protein	AF-A2AQH1-F1-model_v4	AF-A2AQH1-F1-model_v4 Ceramide kinase-like	9.978E+00	0.000	10	69	248	272	343	523	525	231	0.662	0.345
LOKIASV2_0804_ESMFold_hypothetical_protein	AF-K7LMP0-F1-model_v4	AF-K7LMP0-F1-model_v4 Uncharacterized protein	6.328E+00	0.000	10	39	256	272	323	662	723	381	0.801	0.470
LOKIASV2_0804_ESMFold_hypothetical_protein	AF-Q38F93-F1-model_v4	AF-Q38F93-F1-model_v4 Heat shock protein, putative	6.328E+00	0.000	9	67	242	272	487	732	833	274	0.647	0.295
