LOKIASV2_0356_ESMFold_hypothetical_protein	3r3p-assembly1.cif.gz_B	3r3p-assembly1.cif.gz_B Homing Endonuclease I-Bth0305I Catalytic Domain	2.437E-02	0.996	89	57	160	175	2	98	98	108	0.594	0.990
LOKIASV2_0356_ESMFold_hypothetical_protein	3hrl-assembly1.cif.gz_A	3hrl-assembly1.cif.gz_A Crystal structure of a putative endonuclease-like protein (ngo0050) from neisseria gonorrhoeae	2.280E-02	0.991	84	55	158	175	1	92	94	107	0.594	0.979
LOKIASV2_0356_ESMFold_hypothetical_protein	6p4w-assembly1.cif.gz_B	6p4w-assembly1.cif.gz_B XPB helicase in a complex with truncated Bax1 from Sulfurisphaera tokodaii at 2.96 Angstrom resolution	1.867E-02	0.923	69	53	149	175	259	371	374	119	0.554	0.302
LOKIASV2_0356_ESMFold_hypothetical_protein	1t0f-assembly1.cif.gz_A	1t0f-assembly1.cif.gz_A Crystal Structure of the TnsA/TnsC(504-555) complex	4.441E-02	0.887	66	52	164	175	51	183	264	140	0.646	0.504
LOKIASV2_0356_ESMFold_hypothetical_protein	4oq2-assembly1.cif.gz_A	4oq2-assembly1.cif.gz_A 5hmC specific restriction endonuclease PvuRTs1I	1.867E-02	0.887	66	53	160	175	20	142	297	128	0.617	0.414
LOKIASV2_0356_ESMFold_hypothetical_protein	7ojj-assembly1.cif.gz_L	7ojj-assembly1.cif.gz_L Lassa virus L protein with endonuclease and C-terminal domains in close proximity [MID-LINK]	1.867E-02	0.601	54	60	157	175	49	174	1785	127	0.560	0.071
LOKIASV2_0356_ESMFold_hypothetical_protein	7ojk-assembly1.cif.gz_L	7ojk-assembly1.cif.gz_L Lassa virus L protein bound to the distal promoter duplex [DISTAL-PROMOTER]	1.251E-02	0.569	53	59	157	175	48	174	1843	128	0.566	0.069
LOKIASV2_0356_ESMFold_hypothetical_protein	1fzr-assembly2.cif.gz_D	1fzr-assembly2.cif.gz_D CRYSTAL STRUCTURE OF BACTERIOPHAGE T7 ENDONUCLEASE I	1.475E-01	0.382	47	57	136	175	1	78	129	81	0.457	0.605
LOKIASV2_0356_ESMFold_hypothetical_protein	5ztb-assembly2.cif.gz_A	5ztb-assembly2.cif.gz_A Structure of Sulfurtransferase	1.737E+00	0.382	47	102	139	175	74	111	307	38	0.217	0.124
LOKIASV2_0356_ESMFold_hypothetical_protein	7ckl-assembly1.cif.gz_A	7ckl-assembly1.cif.gz_A Structure of Lassa virus polymerase bound to Z matrix protein	9.247E-02	0.353	46	58	155	175	41	164	1415	124	0.560	0.088
LOKIASV2_0356_ESMFold_hypothetical_protein	3cae-assembly1.cif.gz_D	3cae-assembly1.cif.gz_D Structure of NNQQNY as an insert in T7 endonuclease I	1.379E-01	0.326	45	63	136	175	7	81	132	80	0.423	0.568
LOKIASV2_0356_ESMFold_hypothetical_protein	1m0i-assembly1.cif.gz_B	1m0i-assembly1.cif.gz_B Crystal Structure of Bacteriophage T7 Endonuclease I with a Wild-Type Active Site	8.092E-02	0.301	44	57	165	175	1	122	129	126	0.623	0.946
LOKIASV2_0356_ESMFold_hypothetical_protein	4pbb-assembly1.cif.gz_A	4pbb-assembly1.cif.gz_A The 5-Hydroxymethylcytosine-Specific Restriction Enzyme AbaSI	5.594E-01	0.277	43	53	106	175	15	69	314	58	0.309	0.175
LOKIASV2_0356_ESMFold_hypothetical_protein	7oe3-assembly1.cif.gz_L	7oe3-assembly1.cif.gz_L Apo-structure of Lassa virus L protein (well-resolved endonuclease) [APO-ENDO]	1.475E-01	0.277	43	58	156	175	45	177	1478	133	0.566	0.090
LOKIASV2_0356_ESMFold_hypothetical_protein	5gha-assembly2.cif.gz_C	5gha-assembly2.cif.gz_C Sulfur Transferase TtuA in complex with Sulfur Carrier TtuB	3.166E+00	0.254	42	102	139	175	74	111	302	38	0.217	0.126
LOKIASV2_0356_ESMFold_hypothetical_protein	5b4e-assembly1.cif.gz_A-2	5b4e-assembly1.cif.gz_A-2 Sulfur Transferase TtuA in complex with iron sulfur cluster and ATP derivative	3.166E+00	0.233	41	102	139	175	74	111	303	38	0.217	0.125
LOKIASV2_0356_ESMFold_hypothetical_protein	5ztb-assembly3.cif.gz_C	5ztb-assembly3.cif.gz_C Structure of Sulfurtransferase	1.331E+00	0.233	41	102	152	175	74	114	311	51	0.291	0.132
LOKIASV2_0356_ESMFold_hypothetical_protein	2pfj-assembly1.cif.gz_A	2pfj-assembly1.cif.gz_A Crystal Structure of T7 Endo I resolvase in complex with a Holliday Junction	1.290E-01	0.214	40	57	165	175	1	122	129	128	0.623	0.946
LOKIASV2_0356_ESMFold_hypothetical_protein	5j1n-assembly1.cif.gz_A	5j1n-assembly1.cif.gz_A Lassa virus L protein cap-snatching endonuclease. Bound to one manganese ion	1.129E-01	0.214	40	61	156	175	51	170	171	124	0.549	0.702
LOKIASV2_0356_ESMFold_hypothetical_protein	7ela-assembly1.cif.gz_A	7ela-assembly1.cif.gz_A Structure of Lassa virus polymerase in complex with 3'-vRNA and Z mutant (F36A)	1.925E-01	0.214	40	60	156	175	49	169	1402	125	0.554	0.086
LOKIASV2_0356_ESMFold_hypothetical_protein	5ltn-assembly1.cif.gz_A	5ltn-assembly1.cif.gz_A Crystal structure of Lymphocytic choriomeningitis mammarenavirus endonuclease complexed with DPBA	1.801E-01	0.196	39	59	157	175	48	174	183	128	0.566	0.694
LOKIASV2_0356_ESMFold_hypothetical_protein	5ztb-assembly1.cif.gz_B	5ztb-assembly1.cif.gz_B Structure of Sulfurtransferase	4.723E+00	0.164	37	102	139	175	74	111	311	38	0.217	0.122
LOKIASV2_0356_ESMFold_hypothetical_protein	4i1t-assembly1.cif.gz_A-2	4i1t-assembly1.cif.gz_A-2 Crystal structure of the cap-snatching endonuclease from Pichinde virus	5.233E-01	0.150	36	58	136	175	49	140	169	97	0.451	0.544
LOKIASV2_0356_ESMFold_hypothetical_protein	3jsb-assembly1.cif.gz_A-2	3jsb-assembly1.cif.gz_A-2 Crystal structure of the N-terminal domain of the Lymphocytic Choriomeningitis Virus L protein	5.594E-01	0.150	36	59	158	175	49	168	173	121	0.571	0.694
LOKIASV2_0356_ESMFold_hypothetical_protein	5gha-assembly1.cif.gz_A	5gha-assembly1.cif.gz_A Sulfur Transferase TtuA in complex with Sulfur Carrier TtuB	5.768E+00	0.150	36	102	139	175	74	111	305	38	0.217	0.125
LOKIASV2_0356_ESMFold_hypothetical_protein	5gha-assembly2.cif.gz_D	5gha-assembly2.cif.gz_D Sulfur Transferase TtuA in complex with Sulfur Carrier TtuB	3.384E+00	0.150	36	102	149	175	74	111	310	48	0.274	0.123
LOKIASV2_0356_ESMFold_hypothetical_protein	7eju-assembly1.cif.gz_A	7eju-assembly1.cif.gz_A Junin virus(JUNV) RNA polymerase L complexed with Z protein	5.594E-01	0.138	35	58	158	175	45	167	1648	123	0.577	0.075
LOKIASV2_0356_ESMFold_hypothetical_protein	1a79-assembly1.cif.gz_D	1a79-assembly1.cif.gz_D CRYSTAL STRUCTURE OF THE TRNA SPLICING ENDONUCLEASE FROM METHANOCOCCUS JANNASCHII	1.245E+00	0.126	34	60	136	175	80	154	171	84	0.440	0.439
LOKIASV2_0356_ESMFold_hypothetical_protein	3h4r-assembly1.cif.gz_A	3h4r-assembly1.cif.gz_A Crystal structure of E. coli RecE exonuclease	7.807E-01	0.126	34	72	152	175	79	149	219	83	0.463	0.324
LOKIASV2_0356_ESMFold_hypothetical_protein	6hnk-assembly1.cif.gz_A	6hnk-assembly1.cif.gz_A The ligand-free, open structure of CD0873, a substrate binding protein with adhesive properties from Clostridium difficile.	3.384E+00	0.126	34	102	147	175	136	183	295	49	0.263	0.163
LOKIASV2_0356_ESMFold_hypothetical_protein	7oeb-assembly1.cif.gz_L	7oeb-assembly1.cif.gz_L Lassa virus L protein bound to 3' promoter RNA (well-resolved endonuclease) [3END-ENDO]	2.687E-01	0.126	34	59	157	175	43	170	1434	131	0.566	0.089
LOKIASV2_0356_ESMFold_hypothetical_protein	3p1z-assembly2.cif.gz_G	3p1z-assembly2.cif.gz_G Crystal structure of the Aperopyrum pernix RNA splicing endonuclease	5.233E-01	0.116	33	32	136	175	22	142	161	137	0.600	0.752
LOKIASV2_0356_ESMFold_hypothetical_protein	5j1p-assembly1.cif.gz_A	5j1p-assembly1.cif.gz_A Lassa virus L protein cap-snatching endonuclease. Bound to two manganese ions	4.008E-01	0.116	33	61	156	175	51	168	169	122	0.549	0.698
LOKIASV2_0356_ESMFold_hypothetical_protein	5lts-assembly1.cif.gz_A	5lts-assembly1.cif.gz_A Crystal structure of Lymphocytic choriomeningitis mammarenavirus endonuclease Mutant D118A	5.233E-01	0.116	33	59	157	175	48	174	189	128	0.566	0.672
LOKIASV2_0356_ESMFold_hypothetical_protein	1wy5-assembly1.cif.gz_A	1wy5-assembly1.cif.gz_A Crystal structure of isoluecyl-tRNA lysidine synthetase	2.268E+00	0.116	33	104	157	175	59	115	311	57	0.309	0.183
LOKIASV2_0356_ESMFold_hypothetical_protein	7elc-assembly1.cif.gz_A	7elc-assembly1.cif.gz_A Structure of monomeric complex of MACV L bound to Z and 3'-vRNA	1.985E+00	0.116	33	58	136	175	33	128	1409	96	0.451	0.068
LOKIASV2_0356_ESMFold_hypothetical_protein	4miw-assembly1.cif.gz_A	4miw-assembly1.cif.gz_A High-resolution structure of the N-terminal endonuclease domain of the Lassa virus L polymerase	3.750E-01	0.106	32	61	155	175	50	168	170	123	0.543	0.700
LOKIASV2_0356_ESMFold_hypothetical_protein	2k24-assembly1.cif.gz_A	2k24-assembly1.cif.gz_A Automated NMR Structure of the TA0956 by FAPSY	5.396E+00	0.098	31	98	135	175	72	109	110	38	0.217	0.345
LOKIASV2_0356_ESMFold_hypothetical_protein	3k93-assembly1.cif.gz_A	3k93-assembly1.cif.gz_A Crystal structure of phage related exonuclease (YP_719632.1) from HAEMOPHILUS SOMNUS 129PT at 2.15 A resolution	1.985E+00	0.098	31	58	124	175	67	137	223	74	0.383	0.318
LOKIASV2_0356_ESMFold_hypothetical_protein	8q44-assembly1.cif.gz_B	8q44-assembly1.cif.gz_B Crystal structure of cA4-bound Can2 (E364R) in complex with oligo-T DNA	1.625E+00	0.098	31	59	153	175	307	437	437	134	0.543	0.300
LOKIASV2_0356_ESMFold_hypothetical_protein	7r1f-assembly1.cif.gz_A	7r1f-assembly1.cif.gz_A Early transcription elongation state of influenza B polymerase backtracked due to double incoproation of nucleotide analogue T1106	4.895E-01	0.098	31	91	164	175	106	196	720	93	0.423	0.126
LOKIASV2_0356_ESMFold_hypothetical_protein	7ojn-assembly1.cif.gz_L	7ojn-assembly1.cif.gz_L Lassa virus L protein in an elongation conformation [ELONGATION]	5.979E-01	0.098	31	59	149	175	48	166	2010	120	0.520	0.059
LOKIASV2_0356_ESMFold_hypothetical_protein	5gha-assembly1.cif.gz_B	5gha-assembly1.cif.gz_B Sulfur Transferase TtuA in complex with Sulfur Carrier TtuB	5.396E+00	0.090	30	104	152	175	76	114	309	49	0.280	0.126
LOKIASV2_0356_ESMFold_hypothetical_protein	3ukj-assembly1.cif.gz_A	3ukj-assembly1.cif.gz_A Crystal structure of extracellular ligand-binding receptor from Rhodopseudomonas palustris HaA2	7.045E+00	0.090	30	101	136	175	131	165	357	36	0.206	0.098
LOKIASV2_0356_ESMFold_hypothetical_protein	5n6p-assembly1.cif.gz_A-2	5n6p-assembly1.cif.gz_A-2 AMPA receptor NTD mutant	2.425E+00	0.090	30	101	157	175	122	174	369	57	0.326	0.144
LOKIASV2_0356_ESMFold_hypothetical_protein	1ni5-assembly1.cif.gz_A-2	1ni5-assembly1.cif.gz_A-2 Structure of the MesJ PP-ATPase from Escherichia Coli	8.050E+00	0.090	30	104	135	175	48	79	433	32	0.183	0.074
LOKIASV2_0356_ESMFold_hypothetical_protein	7elb-assembly1.cif.gz_C	7elb-assembly1.cif.gz_C Structure of Machupo virus L polymerase in complex with Z protein (dimeric form)	1.245E+00	0.090	30	55	136	175	31	140	1937	110	0.469	0.057
LOKIASV2_0356_ESMFold_hypothetical_protein	6mrr-assembly1.cif.gz_A	6mrr-assembly1.cif.gz_A De novo designed protein Foldit1	8.605E+00	0.082	29	99	136	175	30	67	68	38	0.217	0.559
LOKIASV2_0356_ESMFold_hypothetical_protein	3jsb-assembly2.cif.gz_B	3jsb-assembly2.cif.gz_B Crystal structure of the N-terminal domain of the Lymphocytic Choriomeningitis Virus L protein	1.089E+00	0.082	29	61	157	175	52	172	194	125	0.554	0.624
LOKIASV2_0356_ESMFold_hypothetical_protein	3r5k-assembly1.cif.gz_A	3r5k-assembly1.cif.gz_A A designed redox-controlled caspase-7	4.133E+00	0.082	29	101	153	175	13	73	234	62	0.303	0.261
LOKIASV2_0356_ESMFold_hypothetical_protein	4q5t-assembly1.cif.gz_A	4q5t-assembly1.cif.gz_A Crystal structure of an atmB (putative membrane lipoprotein) from Streptococcus mutans UA159 at 1.91 A resolution	4.723E+00	0.082	29	101	149	175	7	54	257	49	0.280	0.187
LOKIASV2_0356_ESMFold_hypothetical_protein	2yv5-assembly1.cif.gz_A	2yv5-assembly1.cif.gz_A Crystal structure of Yjeq from Aquifex aeolicus	5.396E+00	0.082	29	104	149	175	114	162	293	49	0.263	0.167
LOKIASV2_0356_ESMFold_hypothetical_protein	5b4f-assembly1.cif.gz_A-2	5b4f-assembly1.cif.gz_A-2 Sulfur Transferase TtuA in complex with iron sulfur cluster	6.591E+00	0.082	29	102	152	175	74	114	294	51	0.291	0.139
LOKIASV2_0356_ESMFold_hypothetical_protein	8f6b-assembly1.cif.gz_D	8f6b-assembly1.cif.gz_D Crystal structure of murine PolG2 hexamer bound to DNA	1.245E+00	0.082	29	74	151	175	279	357	414	81	0.446	0.191
LOKIASV2_0356_ESMFold_hypothetical_protein	8f6b-assembly1.cif.gz_F	8f6b-assembly1.cif.gz_F Crystal structure of murine PolG2 hexamer bound to DNA	1.089E+00	0.082	29	74	151	175	280	358	416	82	0.446	0.190
LOKIASV2_0356_ESMFold_hypothetical_protein	8q43-assembly1.cif.gz_B	8q43-assembly1.cif.gz_B Crystal structure of cA4-bound Can2 (E341A) in complex with oligo-C DNA	2.122E+00	0.082	29	59	153	175	294	428	428	138	0.543	0.315
LOKIASV2_0356_ESMFold_hypothetical_protein	8q3y-assembly1.cif.gz_B	8q3y-assembly1.cif.gz_B Crystal structure of apo Can2 from Thermoanaerobacter brockii	1.625E+00	0.082	29	59	153	175	305	436	436	135	0.543	0.303
LOKIASV2_0356_ESMFold_hypothetical_protein	6ndj-assembly1.cif.gz_A	6ndj-assembly1.cif.gz_A Crystal structure of human NLRP6 PYD domain with MBP fusion	1.625E+00	0.082	29	101	157	175	3	51	439	57	0.326	0.112
LOKIASV2_0356_ESMFold_hypothetical_protein	4h2d-assembly2.cif.gz_B	4h2d-assembly2.cif.gz_B Crystal structure of NDOR1	7.531E+00	0.076	28	102	136	175	3	36	153	35	0.200	0.222
LOKIASV2_0356_ESMFold_hypothetical_protein	5dte-assembly3.cif.gz_C	5dte-assembly3.cif.gz_C Crystal Structure of an ABC transporter periplasmic solute binding protein (IPR025997) from Actinobacillus succinogenes 130z(Asuc_0081, TARGET EFI-511065) with bound D-allose	5.768E+00	0.076	28	104	150	175	6	58	286	53	0.269	0.185
LOKIASV2_0356_ESMFold_hypothetical_protein	6scy-assembly1.cif.gz_B	6scy-assembly1.cif.gz_B U34-tRNA thiolase NcsA from Methanococcus maripaludis with its [4Fe-4S] cluster	9.198E+00	0.076	28	102	139	175	82	119	298	39	0.217	0.128
LOKIASV2_0356_ESMFold_hypothetical_protein	4h6d-assembly4.cif.gz_D	4h6d-assembly4.cif.gz_D Crystal structure of PLP-soaked HMP synthase Thi5 from S. cerevisiae	2.770E+00	0.076	28	104	149	175	5	51	333	47	0.263	0.141
LOKIASV2_0356_ESMFold_hypothetical_protein	7ej9-assembly1.cif.gz_A	7ej9-assembly1.cif.gz_A Alternative crystal structure of mouse Cryptochrome 2 in complex with TH301 compound	9.198E+00	0.076	28	104	136	175	93	126	482	34	0.189	0.071
LOKIASV2_0356_ESMFold_hypothetical_protein	6dm8-assembly4.cif.gz_D	6dm8-assembly4.cif.gz_D Understanding the Species Selectivity of Myeloid cell leukemia-1 (Mcl-1) inhibitors	1.985E+00	0.076	28	102	148	175	6	51	504	48	0.269	0.091
LOKIASV2_0356_ESMFold_hypothetical_protein	6kld-assembly1.cif.gz_A	6kld-assembly1.cif.gz_A Structure of apo Machupo virus polymerase	2.268E+00	0.076	28	60	136	175	43	140	1617	98	0.440	0.061
LOKIASV2_0356_ESMFold_hypothetical_protein	6mos-assembly1.cif.gz_A	6mos-assembly1.cif.gz_A Structure of thioredoxin 1 from the thermophilic eubacterium Thermosipho africanus TCF52B	8.050E+00	0.069	27	102	151	175	2	48	89	50	0.286	0.528
LOKIASV2_0356_ESMFold_hypothetical_protein	1v98-assembly2.cif.gz_B-3	1v98-assembly2.cif.gz_B-3 Crystal Structure Analysis of Thioredoxin from Thermus thermophilus	7.531E+00	0.069	27	102	146	175	3	49	89	47	0.257	0.528
LOKIASV2_0356_ESMFold_hypothetical_protein	1sj6-assembly1.cif.gz_A	1sj6-assembly1.cif.gz_A NMR Structure and Regulated Expression in APL Cell of Human SH3BGRL3	6.591E+00	0.069	27	109	149	175	12	52	95	41	0.234	0.432
LOKIASV2_0356_ESMFold_hypothetical_protein	7ool-assembly2.cif.gz_B	7ool-assembly2.cif.gz_B Crystal structure of a Candidatus photodesmus katoptron thioredoxin chimera containing an ancestral loop	8.050E+00	0.069	27	102	146	175	22	68	106	47	0.257	0.443
LOKIASV2_0356_ESMFold_hypothetical_protein	2lv8-assembly1.cif.gz_A	2lv8-assembly1.cif.gz_A Solution NMR Structure de novo designed rossmann 2x2 fold protein, Northeast Structural Genomics Consortium (NESG) Target OR16	4.133E+00	0.069	27	102	149	175	3	47	110	49	0.274	0.409
LOKIASV2_0356_ESMFold_hypothetical_protein	6k1x-assembly1.cif.gz_A	6k1x-assembly1.cif.gz_A Crystal structure of Rhodothermus marinus substrate-binding protein at pH 6.0	8.050E+00	0.069	27	102	155	175	21	73	155	54	0.309	0.342
LOKIASV2_0356_ESMFold_hypothetical_protein	8wgl-assembly1.cif.gz_A	8wgl-assembly1.cif.gz_A Crystal structure of Rhodothermus marinus substrate-binding protein (Hg soaking)	9.198E+00	0.069	27	102	155	175	21	73	156	54	0.309	0.340
LOKIASV2_0356_ESMFold_hypothetical_protein	4ojk-assembly2.cif.gz_A	4ojk-assembly2.cif.gz_A Structure of the cGMP Dependent Protein Kinase II and Rab11b Complex	2.268E+00	0.069	27	104	158	175	117	171	174	60	0.314	0.316
LOKIASV2_0356_ESMFold_hypothetical_protein	7vsr-assembly1.cif.gz_N	7vsr-assembly1.cif.gz_N Structure of McrBC (stalkless mutant)	2.122E+00	0.069	27	60	136	175	154	249	296	96	0.440	0.324
LOKIASV2_0356_ESMFold_hypothetical_protein	4po3-assembly1.cif.gz_X	4po3-assembly1.cif.gz_X Crystal structure of a C4-C4 SN3 tributyrin phosphonate inhibited by ESTERASE B from LACTOBACILLUS RHAMNOSIS	4.723E+00	0.069	27	102	156	175	228	294	309	68	0.314	0.217
LOKIASV2_0356_ESMFold_hypothetical_protein	4h6d-assembly3.cif.gz_C	4h6d-assembly3.cif.gz_C Crystal structure of PLP-soaked HMP synthase Thi5 from S. cerevisiae	3.384E+00	0.069	27	104	149	175	5	51	335	47	0.263	0.140
LOKIASV2_0356_ESMFold_hypothetical_protein	1xmx-assembly1.cif.gz_A	1xmx-assembly1.cif.gz_A Crystal structure of protein VC1899 from Vibrio cholerae	1.737E+00	0.069	27	58	149	175	253	372	380	127	0.526	0.316
LOKIASV2_0356_ESMFold_hypothetical_protein	6fs6-assembly4.cif.gz_D	6fs6-assembly4.cif.gz_D Influenza A/California/04/2009 (pH1N1) endonuclease with bound inhibitor, baloxavir acid (BXA)	1.331E+00	0.063	26	59	159	175	46	170	176	134	0.577	0.710
LOKIASV2_0356_ESMFold_hypothetical_protein	6scy-assembly1.cif.gz_A	6scy-assembly1.cif.gz_A U34-tRNA thiolase NcsA from Methanococcus maripaludis with its [4Fe-4S] cluster	9.198E+00	0.063	26	104	139	175	82	119	297	39	0.206	0.128
LOKIASV2_0356_ESMFold_hypothetical_protein	4h6d-assembly1.cif.gz_A	4h6d-assembly1.cif.gz_A Crystal structure of PLP-soaked HMP synthase Thi5 from S. cerevisiae	3.866E+00	0.063	26	104	149	175	5	51	314	47	0.263	0.150
LOKIASV2_0356_ESMFold_hypothetical_protein	4h6d-assembly2.cif.gz_B	4h6d-assembly2.cif.gz_B Crystal structure of PLP-soaked HMP synthase Thi5 from S. cerevisiae	3.866E+00	0.063	26	104	149	175	5	51	329	47	0.263	0.143
LOKIASV2_0356_ESMFold_hypothetical_protein	1qnl-assembly1.cif.gz_A	1qnl-assembly1.cif.gz_A AMIDE RECEPTOR/NEGATIVE REGULATOR OF THE AMIDASE OPERON OF PSEUDOMONAS AERUGINOSA (AMIC) COMPLEXED WITH BUTYRAMIDE	5.048E+00	0.063	26	101	159	175	134	191	368	61	0.337	0.158
LOKIASV2_0356_ESMFold_hypothetical_protein	8q42-assembly1.cif.gz_B	8q42-assembly1.cif.gz_B Crystal structure of cA4-bound Can2 (E341A) in complex with oligo-A DNA	3.617E+00	0.063	26	59	153	175	301	431	431	134	0.543	0.304
LOKIASV2_0356_ESMFold_hypothetical_protein	8ibx-assembly1.cif.gz_C	8ibx-assembly1.cif.gz_C Structure of R2 with 3'UTR and DNA in unwinding state	1.089E+00	0.063	26	38	152	175	735	893	922	164	0.657	0.172
LOKIASV2_0356_ESMFold_hypothetical_protein	4j57-assembly1.cif.gz_F	4j57-assembly1.cif.gz_F Structure of Plasmodium falciparum thioredoxin reductase-thioredoxin complex	9.198E+00	0.057	25	102	146	175	20	65	103	46	0.257	0.447
LOKIASV2_0356_ESMFold_hypothetical_protein	6i1c-assembly1.cif.gz_A	6i1c-assembly1.cif.gz_A Crystal structure of Chlamydomonas reinhardtii thioredoxin f2	8.605E+00	0.057	25	102	147	175	22	69	108	48	0.263	0.444
LOKIASV2_0356_ESMFold_hypothetical_protein	6sku-assembly1.cif.gz_B	6sku-assembly1.cif.gz_B Legionella effector AnkX in complex with human Rab1b	3.166E+00	0.057	25	102	158	175	108	160	164	62	0.326	0.323
LOKIASV2_0356_ESMFold_hypothetical_protein	7ex0-assembly2.cif.gz_B	7ex0-assembly2.cif.gz_B Crystal structure of Ebinur Lake virus cap snatching endonuclease (K108A mutant)	1.331E+00	0.057	25	55	136	175	14	126	170	117	0.469	0.665
LOKIASV2_0356_ESMFold_hypothetical_protein	6fs7-assembly6.cif.gz_F	6fs7-assembly6.cif.gz_F Influenza A/California/04/2009 (pH1N1) endonuclease with I38T mutation with bound inhibitor, baloxavir acid (BXA)	1.625E+00	0.057	25	85	158	175	78	172	179	97	0.423	0.531
LOKIASV2_0356_ESMFold_hypothetical_protein	6hz4-assembly1.cif.gz_M	6hz4-assembly1.cif.gz_M Structure of McrBC without DNA binding domains (one half of the full complex)	1.019E+00	0.057	25	60	113	175	194	255	336	62	0.309	0.185
LOKIASV2_0356_ESMFold_hypothetical_protein	3od1-assembly1.cif.gz_A	3od1-assembly1.cif.gz_A The crystal structure of an ATP phosphoribosyltransferase regulatory subunit/histidyl-tRNA synthetase from Bacillus halodurans C	7.531E+00	0.057	25	101	149	175	324	368	379	49	0.280	0.119
LOKIASV2_0356_ESMFold_hypothetical_protein	8q41-assembly1.cif.gz_B	8q41-assembly1.cif.gz_B Crystal structure of Can2 (E341A) bound to cA4 and TTTAAA ssDNA	4.133E+00	0.057	25	59	153	175	285	419	419	135	0.543	0.322
LOKIASV2_0356_ESMFold_hypothetical_protein	7yzm-assembly1.cif.gz_B	7yzm-assembly1.cif.gz_B MgADPNP-bound DCCP:DCCP-R complex	6.591E+00	0.057	25	104	160	175	366	421	421	61	0.326	0.133
LOKIASV2_0356_ESMFold_hypothetical_protein	4cgz-assembly1.cif.gz_A	4cgz-assembly1.cif.gz_A Crystal structure of the Bloom's syndrome helicase BLM in complex with DNA	1.331E+00	0.057	25	97	160	175	91	154	629	68	0.366	0.102
LOKIASV2_0356_ESMFold_hypothetical_protein	7ckm-assembly1.cif.gz_A	7ckm-assembly1.cif.gz_A Structure of Machupo virus polymerase bound to Z matrix protein (monomeric complex)	2.592E+00	0.057	25	55	136	175	31	140	1603	112	0.469	0.069
LOKIASV2_0356_ESMFold_hypothetical_protein	6klh-assembly1.cif.gz_C	6klh-assembly1.cif.gz_C Dimeric structure of Machupo virus polymerase bound to vRNA promoter	2.961E+00	0.057	25	58	158	175	45	166	1884	124	0.577	0.065
LOKIASV2_0356_ESMFold_hypothetical_protein	6z6g-assembly1.cif.gz_A	6z6g-assembly1.cif.gz_A Cryo-EM structure of La Crosse virus polymerase at pre-initiation stage	8.920E-01	0.057	25	64	152	175	39	177	2142	140	0.509	0.065
LOKIASV2_0356_ESMFold_hypothetical_protein	1rqm-assembly1.cif.gz_A	1rqm-assembly1.cif.gz_A SOLUTION STRUCTURE OF THE K18G/R82E ALICYCLOBACILLUS ACIDOCALDARIUS THIOREDOXIN MUTANT	8.605E+00	0.051	24	102	143	175	20	67	105	48	0.240	0.457
LOKIASV2_0356_ESMFold_hypothetical_protein	3hw6-assembly1.cif.gz_A	3hw6-assembly1.cif.gz_A Crystal structure of avian influenza virus PA_N in complex with Mn	2.961E+00	0.051	24	85	157	175	76	156	175	83	0.417	0.463
LOKIASV2_0356_ESMFold_hypothetical_protein	6djl-assembly2.cif.gz_H	6djl-assembly2.cif.gz_H Crystal structure of the Rab11 GEF SH3BP5 bound to nucleotide free Rab11A	4.723E+00	0.051	24	118	158	175	131	171	177	41	0.234	0.232
LOKIASV2_0356_ESMFold_hypothetical_protein	6fs7-assembly4.cif.gz_D	6fs7-assembly4.cif.gz_D Influenza A/California/04/2009 (pH1N1) endonuclease with I38T mutation with bound inhibitor, baloxavir acid (BXA)	1.520E+00	0.051	24	85	158	175	79	173	180	97	0.423	0.528
LOKIASV2_0356_ESMFold_hypothetical_protein	4h65-assembly1.cif.gz_B	4h65-assembly1.cif.gz_B Crystal structure of SeMet derivative of HMP synthase Thi5 from S. cerevisiae	5.048E+00	0.051	24	104	149	175	6	52	266	47	0.263	0.177
LOKIASV2_0356_ESMFold_hypothetical_protein	3rot-assembly1.cif.gz_A	3rot-assembly1.cif.gz_A Crystal structure of ABC sugar transporter (periplasmic sugar binding protein) from Legionella pneumophila	9.198E+00	0.051	24	102	158	175	4	60	273	57	0.326	0.209
LOKIASV2_0356_ESMFold_hypothetical_protein	7edb-assembly1.cif.gz_A	7edb-assembly1.cif.gz_A EcoT38I restriction endonuclease complexed with DNA	4.418E+00	0.051	24	59	144	175	199	283	350	90	0.491	0.243
LOKIASV2_0356_ESMFold_hypothetical_protein	3od1-assembly1.cif.gz_B	3od1-assembly1.cif.gz_B The crystal structure of an ATP phosphoribosyltransferase regulatory subunit/histidyl-tRNA synthetase from Bacillus halodurans C	5.768E+00	0.051	24	104	150	175	328	371	380	47	0.269	0.116
LOKIASV2_0356_ESMFold_hypothetical_protein	5yww-assembly1.cif.gz_A	5yww-assembly1.cif.gz_A Archael RuvB-like Holiday junction helicase	1.422E+00	0.051	24	59	136	175	428	483	485	83	0.446	0.115
LOKIASV2_0356_ESMFold_hypothetical_protein	7omm-assembly1.cif.gz_D	7omm-assembly1.cif.gz_D Cryo-EM structure of N. gonorhoeae LptDE in complex with ProMacrobodies (MBPs have not been built de novo)	3.866E+00	0.051	24	104	157	175	131	176	489	54	0.309	0.094
LOKIASV2_0356_ESMFold_hypothetical_protein	5epi-assembly6.cif.gz_U	5epi-assembly6.cif.gz_U CRYSTAL STRUCTURE OF INFLUENZA B POLYMERASE WITH BOUND 5' CRNA EXHIBITS A NOVEL DOMAIN ARRANGEMENT	1.857E+00	0.051	24	91	159	175	97	182	703	90	0.394	0.122
LOKIASV2_0356_ESMFold_hypothetical_protein	6evj-assembly2.cif.gz_D	6evj-assembly2.cif.gz_D Crystal structure of bat influenza A/H17N10 polymerase with viral RNA promoter and capped RNA primer	2.425E+00	0.051	24	84	158	175	96	189	708	95	0.429	0.133
LOKIASV2_0356_ESMFold_hypothetical_protein	6evj-assembly1.cif.gz_A	6evj-assembly1.cif.gz_A Crystal structure of bat influenza A/H17N10 polymerase with viral RNA promoter and capped RNA primer	2.425E+00	0.051	24	84	158	175	97	190	709	95	0.429	0.133
LOKIASV2_0356_ESMFold_hypothetical_protein	6qfb-assembly2.cif.gz_D-3	6qfb-assembly2.cif.gz_D-3 Structure of the human ATP citrate lyase holoenzyme in complex with citrate, coenzyme A and Mg.ADP	9.832E+00	0.051	24	104	138	175	373	407	1025	35	0.200	0.034
LOKIASV2_0356_ESMFold_hypothetical_protein	4wxm-assembly1.cif.gz_B	4wxm-assembly1.cif.gz_B FleQ REC domain from Pseudomonas aeruginosa PAO1	9.832E+00	0.045	23	116	145	175	15	44	129	30	0.171	0.233
LOKIASV2_0356_ESMFold_hypothetical_protein	6p7b-assembly1.cif.gz_D	6p7b-assembly1.cif.gz_D Crystal structure of Fowlpox virus resolvase and substrate Holliday junction DNA complex	8.920E-01	0.045	23	79	160	175	16	127	146	116	0.469	0.767
LOKIASV2_0356_ESMFold_hypothetical_protein	2bku-assembly2.cif.gz_C	2bku-assembly2.cif.gz_C Kap95p:RanGTP complex	3.866E+00	0.045	23	101	156	175	76	162	169	87	0.320	0.515
LOKIASV2_0356_ESMFold_hypothetical_protein	6djl-assembly1.cif.gz_A	6djl-assembly1.cif.gz_A Crystal structure of the Rab11 GEF SH3BP5 bound to nucleotide free Rab11A	3.384E+00	0.045	23	104	158	175	84	169	176	86	0.314	0.489
LOKIASV2_0356_ESMFold_hypothetical_protein	4rke-assembly1.cif.gz_A	4rke-assembly1.cif.gz_A Drosophila melanogaster Rab2 bound to GMPPNP	4.418E+00	0.045	23	102	158	175	119	175	176	62	0.326	0.324
LOKIASV2_0356_ESMFold_hypothetical_protein	8ddb-assembly1.cif.gz_A	8ddb-assembly1.cif.gz_A The N-terminal domain of PA endonuclease from the influenza H1N1 viral polymerase in complex with 4-(benzyloxy)-6-bromo-3-hydroxypicolinic acid	2.122E+00	0.045	23	85	158	175	80	173	179	96	0.423	0.525
LOKIASV2_0356_ESMFold_hypothetical_protein	7jil-assembly1.cif.gz_h	7jil-assembly1.cif.gz_h 70S ribosome Flavobacterium johnsoniae	7.045E+00	0.045	23	100	136	175	59	101	206	43	0.211	0.209
LOKIASV2_0356_ESMFold_hypothetical_protein	1u0r-assembly1.cif.gz_C	1u0r-assembly1.cif.gz_C Crystal structure of Mycobacterium tuberculosis NAD kinase	9.832E+00	0.045	23	104	141	175	5	42	285	40	0.217	0.133
LOKIASV2_0356_ESMFold_hypothetical_protein	7bg0-assembly2.cif.gz_D	7bg0-assembly2.cif.gz_D Fusion of MBP and the backbone of the long-acting amylin analog AM833.	3.866E+00	0.045	23	104	151	175	8	47	366	48	0.274	0.109
LOKIASV2_0356_ESMFold_hypothetical_protein	4hs7-assembly2.cif.gz_B	4hs7-assembly2.cif.gz_B 2.6 Angstrom Structure of the Extracellular Solute-binding Protein from Staphylococcus aureus in complex with PEG.	3.384E+00	0.045	23	101	161	175	5	60	376	62	0.349	0.149
LOKIASV2_0356_ESMFold_hypothetical_protein	5d9a-assembly3.cif.gz_G	5d9a-assembly3.cif.gz_G Influenza C Virus RNA-dependent RNA Polymerase - Space group P212121	8.345E-01	0.045	23	50	161	175	24	173	693	158	0.640	0.216
LOKIASV2_0356_ESMFold_hypothetical_protein	6t0u-assembly1.cif.gz_A	6t0u-assembly1.cif.gz_A Bat Influenza A polymerase product dissociation complex using 44-mer vRNA template with intact oligo(U) sequence	1.089E+00	0.045	23	43	160	175	49	190	704	155	0.674	0.202
LOKIASV2_0356_ESMFold_hypothetical_protein	5epi-assembly3.cif.gz_I	5epi-assembly3.cif.gz_I CRYSTAL STRUCTURE OF INFLUENZA B POLYMERASE WITH BOUND 5' CRNA EXHIBITS A NOVEL DOMAIN ARRANGEMENT	2.268E+00	0.045	23	91	159	175	94	179	708	90	0.394	0.121
LOKIASV2_0356_ESMFold_hypothetical_protein	4bla-assembly3.cif.gz_C	4bla-assembly3.cif.gz_C Crystal structure of full-length human Suppressor of fused (SUFU) mutant lacking a regulatory subdomain (crystal form II)	3.866E+00	0.045	23	104	152	175	5	52	724	50	0.280	0.066
LOKIASV2_0356_ESMFold_hypothetical_protein	4p1z-assembly2.cif.gz_B	4p1z-assembly2.cif.gz_B Structure of the MID domain from MIWI	9.832E+00	0.040	22	82	150	175	63	117	125	70	0.394	0.440
LOKIASV2_0356_ESMFold_hypothetical_protein	5xoc-assembly1.cif.gz_B	5xoc-assembly1.cif.gz_B Crystal structure of human Smad3-FoxH1 complex	8.050E+00	0.040	22	102	136	175	22	56	133	35	0.200	0.263
LOKIASV2_0356_ESMFold_hypothetical_protein	3bfk-assembly5.cif.gz_E	3bfk-assembly5.cif.gz_E Crystal structure of Plasmodium falciparum Rab11a in complex with GDP	5.768E+00	0.040	22	102	158	175	102	154	157	61	0.326	0.338
LOKIASV2_0356_ESMFold_hypothetical_protein	3r6g-assembly2.cif.gz_C	3r6g-assembly2.cif.gz_C Crystal structure of active caspase-2 bound with Ac-VDVAD-CHO	9.198E+00	0.040	22	102	159	175	31	94	160	65	0.331	0.400
LOKIASV2_0356_ESMFold_hypothetical_protein	5ub8-assembly1.cif.gz_A-2	5ub8-assembly1.cif.gz_A-2 Crystal structure of YPT31, a Rab family GTPase from Candida albicans, in complex with GDP and Zn(II)	5.396E+00	0.040	22	104	158	175	114	168	174	60	0.314	0.316
LOKIASV2_0356_ESMFold_hypothetical_protein	8ctf-assembly1.cif.gz_A	8ctf-assembly1.cif.gz_A The N-terminal domain of PA endonuclease from the influenza H1N1 viral polymerase in complex with 3-hydroxy-4-oxo-1,4-dihydropyridine-2-carboxylic acid	3.166E+00	0.040	22	85	158	175	78	172	179	97	0.423	0.531
LOKIASV2_0356_ESMFold_hypothetical_protein	4m6w-assembly1.cif.gz_B	4m6w-assembly1.cif.gz_B Crystal structure of the C-terminal segment of FANCM in complex with FAAP24	4.418E+00	0.040	22	94	159	175	32	98	190	73	0.377	0.353
LOKIASV2_0356_ESMFold_hypothetical_protein	4avg-assembly1.cif.gz_A	4avg-assembly1.cif.gz_A Influenza strain pH1N1 2009 polymerase subunit PA endonuclease in complex with diketo compound 2	2.592E+00	0.040	22	85	158	175	95	188	194	98	0.423	0.485
LOKIASV2_0356_ESMFold_hypothetical_protein	8f6b-assembly1.cif.gz_B	8f6b-assembly1.cif.gz_B Crystal structure of murine PolG2 hexamer bound to DNA	5.048E+00	0.040	22	79	151	175	280	354	411	77	0.417	0.182
LOKIASV2_0356_ESMFold_hypothetical_protein	7fal-assembly1.cif.gz_B	7fal-assembly1.cif.gz_B Co-crystal Structure of Toxoplasma gondii Prolyl tRNA Synthetase (TgPRS) in complex with T36 and L-pro	5.048E+00	0.040	22	97	141	175	277	344	477	70	0.257	0.143
LOKIASV2_0356_ESMFold_hypothetical_protein	6xi2-assembly2.cif.gz_C	6xi2-assembly2.cif.gz_C Apo form of POMGNT2	9.832E+00	0.040	22	100	149	175	228	277	519	51	0.286	0.096
LOKIASV2_0356_ESMFold_hypothetical_protein	7x6s-assembly1.cif.gz_A	7x6s-assembly1.cif.gz_A lymphocytic choriomeningitis virus RNA-dependent RNA polymerase (LCMV-L protein)	3.617E+00	0.040	22	61	160	175	50	179	1453	132	0.571	0.089
LOKIASV2_0356_ESMFold_hypothetical_protein	7ori-assembly1.cif.gz_A	7ori-assembly1.cif.gz_A La Crosse virus polymerase at replication late-elongation stage	1.422E+00	0.040	22	60	152	175	24	173	2007	150	0.531	0.075
LOKIASV2_0356_ESMFold_hypothetical_protein	2ypm-assembly1.cif.gz_A	2ypm-assembly1.cif.gz_A Crystal Structure of Ancestral Thioredoxin Relative to Last Animal and Fungi Common Ancestor (LAFCA) from the Precambrian Period	8.050E+00	0.034	21	102	153	175	22	71	105	53	0.297	0.476
LOKIASV2_0356_ESMFold_hypothetical_protein	6z7o-assembly1.cif.gz_A-2	6z7o-assembly1.cif.gz_A-2 Crystal structure of Thioredoxin T from Drosophila melanogaster	9.832E+00	0.034	21	102	148	175	23	71	110	49	0.269	0.445
LOKIASV2_0356_ESMFold_hypothetical_protein	5xc3-assembly1.cif.gz_A	5xc3-assembly1.cif.gz_A Crystal structure of Acanthamoeba polyphaga mimivirus Rab GTPase in complex with GDP	7.045E+00	0.034	21	102	157	175	111	163	168	61	0.320	0.315
LOKIASV2_0356_ESMFold_hypothetical_protein	5xr6-assembly2.cif.gz_B	5xr6-assembly2.cif.gz_B Crystal structure of RabA1a in complex with GppNHp	7.045E+00	0.034	21	102	158	175	113	169	170	61	0.326	0.335
LOKIASV2_0356_ESMFold_hypothetical_protein	2f9m-assembly1.cif.gz_A	2f9m-assembly1.cif.gz_A 3D structure of active human Rab11b GTPase	3.384E+00	0.034	21	104	157	175	116	173	182	63	0.309	0.319
LOKIASV2_0356_ESMFold_hypothetical_protein	4p47-assembly1.cif.gz_A	4p47-assembly1.cif.gz_A CRYSTAL STRUCTURE OF A TRAP PERIPLASMIC SOLUTE BINDING PROTEIN FROM OCHROBACTRUM ANTHROPI (Oant_4429), TARGET EFI-510151, C-TERMIUS BOUND IN LIGAND BINDING POCKET	5.768E+00	0.034	21	112	157	175	248	300	320	53	0.263	0.166
LOKIASV2_0356_ESMFold_hypothetical_protein	2e87-assembly1.cif.gz_A	2e87-assembly1.cif.gz_A Crystal structure of hypothetical GTP-binding protein PH1320 from Pyrococcus horikoshii OT3, in complex with GDP	6.591E+00	0.034	21	104	158	175	284	341	356	61	0.314	0.163
LOKIASV2_0356_ESMFold_hypothetical_protein	4yrp-assembly1.cif.gz_A	4yrp-assembly1.cif.gz_A Crystal structure of T. cruzi Histidyl-tRNA synthetase in complex with 1-(4-BROMOPHENYL)METHANAMINE (Chem 707)	9.832E+00	0.034	21	101	147	175	325	372	407	51	0.269	0.118
LOKIASV2_0356_ESMFold_hypothetical_protein	8q43-assembly1.cif.gz_A	8q43-assembly1.cif.gz_A Crystal structure of cA4-bound Can2 (E341A) in complex with oligo-C DNA	4.723E+00	0.034	21	87	150	175	311	409	411	99	0.366	0.241
LOKIASV2_0356_ESMFold_hypothetical_protein	7qhs-assembly1.cif.gz_E	7qhs-assembly1.cif.gz_E S. cerevisiae CMGE nucleating origin DNA melting	7.045E+00	0.034	21	59	136	175	5	60	566	80	0.446	0.099
LOKIASV2_0356_ESMFold_hypothetical_protein	8t4c-assembly2.cif.gz_B	8t4c-assembly2.cif.gz_B Membrane-associated thioredoxin oxidoreductase FetE from Campylobacter jejuni	4.418E+00	0.029	20	71	149	175	3	83	140	86	0.451	0.579
LOKIASV2_0356_ESMFold_hypothetical_protein	6p7a-assembly2.cif.gz_B-2	6p7a-assembly2.cif.gz_B-2 CRYSTAL STRUCTURE OF THE FOWLPOX VIRUS HOLLIDAY JUNCTION RESOLVASE	2.961E+00	0.029	20	71	151	175	5	109	144	107	0.463	0.729
LOKIASV2_0356_ESMFold_hypothetical_protein	6bgs-assembly1.cif.gz_A	6bgs-assembly1.cif.gz_A Caspase-3 Mutant - S150Y	5.768E+00	0.029	20	82	158	175	1	75	146	89	0.440	0.514
LOKIASV2_0356_ESMFold_hypothetical_protein	3hw4-assembly1.cif.gz_A	3hw4-assembly1.cif.gz_A Crystal structure of avian influenza A virus in complex with TMP	3.866E+00	0.029	20	85	158	175	77	171	178	97	0.423	0.534
LOKIASV2_0356_ESMFold_hypothetical_protein	3bfk-assembly2.cif.gz_B	3bfk-assembly2.cif.gz_B Crystal structure of Plasmodium falciparum Rab11a in complex with GDP	5.396E+00	0.029	20	102	157	175	115	173	179	64	0.320	0.330
LOKIASV2_0356_ESMFold_hypothetical_protein	4awg-assembly1.cif.gz_A	4awg-assembly1.cif.gz_A Influenza strain pH1N1 2009 polymerase subunit PA endonuclease in complex with diketo compound 3	2.425E+00	0.029	20	85	158	175	94	184	187	97	0.423	0.487
LOKIASV2_0356_ESMFold_hypothetical_protein	4avg-assembly3.cif.gz_C	4avg-assembly3.cif.gz_C Influenza strain pH1N1 2009 polymerase subunit PA endonuclease in complex with diketo compound 2	3.384E+00	0.029	20	85	158	175	97	190	195	98	0.423	0.482
LOKIASV2_0356_ESMFold_hypothetical_protein	4avg-assembly4.cif.gz_D	4avg-assembly4.cif.gz_D Influenza strain pH1N1 2009 polymerase subunit PA endonuclease in complex with diketo compound 2	2.268E+00	0.029	20	85	158	175	98	191	197	99	0.423	0.477
LOKIASV2_0356_ESMFold_hypothetical_protein	5yro-assembly1.cif.gz_A	5yro-assembly1.cif.gz_A RanL182A in complex with RanBP1-CRM1	3.384E+00	0.029	20	101	157	175	77	158	209	88	0.326	0.392
LOKIASV2_0356_ESMFold_hypothetical_protein	2vkt-assembly1.cif.gz_A	2vkt-assembly1.cif.gz_A HUMAN CTP SYNTHETASE 2 - GLUTAMINASE DOMAIN	8.050E+00	0.029	20	101	156	175	3	68	252	66	0.320	0.262
LOKIASV2_0356_ESMFold_hypothetical_protein	7z6h-assembly1.cif.gz_E	7z6h-assembly1.cif.gz_E Structure of DNA-bound human RAD17-RFC clamp loader and 9-1-1 checkpoint clamp	3.617E+00	0.029	20	72	152	175	64	146	338	88	0.463	0.246
LOKIASV2_0356_ESMFold_hypothetical_protein	2hma-assembly1.cif.gz_A-2	2hma-assembly1.cif.gz_A-2 The Crystal Structure of tRNA (5-Methylaminomethyl-2-Thiouridylate)-Methyltransferase TrmU from Streptococcus pneumoniae	9.198E+00	0.029	20	102	162	175	33	93	364	63	0.349	0.168
LOKIASV2_0356_ESMFold_hypothetical_protein	8q42-assembly1.cif.gz_A	8q42-assembly1.cif.gz_A Crystal structure of cA4-bound Can2 (E341A) in complex with oligo-A DNA	5.768E+00	0.029	20	86	150	175	332	431	434	100	0.371	0.230
LOKIASV2_0356_ESMFold_hypothetical_protein	7kmt-assembly1.cif.gz_B	7kmt-assembly1.cif.gz_B Structure of the yeast TRAPPIII-Ypt1(Rab1) complex	2.961E+00	0.029	20	42	158	175	125	255	475	154	0.669	0.276
LOKIASV2_0356_ESMFold_hypothetical_protein	6iy3-assembly1.cif.gz_O	6iy3-assembly1.cif.gz_O Structure of Snf2-MMTV-A nucleosome complex at shl-2 in ADP state	6.166E+00	0.029	20	106	149	175	123	164	580	44	0.251	0.072
LOKIASV2_0356_ESMFold_hypothetical_protein	7btc-assembly4.cif.gz_D	7btc-assembly4.cif.gz_D Crystal structure of Rheb Y35N mutant bound to GDP	8.050E+00	0.024	19	104	151	175	106	153	160	52	0.274	0.300
LOKIASV2_0356_ESMFold_hypothetical_protein	6djl-assembly3.cif.gz_G	6djl-assembly3.cif.gz_G Crystal structure of the Rab11 GEF SH3BP5 bound to nucleotide free Rab11A	6.166E+00	0.024	19	118	157	175	126	169	172	44	0.229	0.256
LOKIASV2_0356_ESMFold_hypothetical_protein	3ebj-assembly3.cif.gz_C	3ebj-assembly3.cif.gz_C Crystal structure of an avian influenza virus protein	2.770E+00	0.024	19	60	156	175	46	166	176	135	0.554	0.688
LOKIASV2_0356_ESMFold_hypothetical_protein	3p52-assembly1.cif.gz_A	3p52-assembly1.cif.gz_A NH3-dependent NAD synthetase from Campylobacter jejuni subsp. jejuni NCTC 11168 in complex with the nitrate ion	8.605E+00	0.024	19	97	158	175	48	105	229	63	0.354	0.253
LOKIASV2_0356_ESMFold_hypothetical_protein	6h4d-assembly1.cif.gz_A	6h4d-assembly1.cif.gz_A Crystal structure of RsgA from Pseudomonas aeruginosa	6.591E+00	0.024	19	75	153	175	59	165	274	108	0.451	0.391
LOKIASV2_0356_ESMFold_hypothetical_protein	7e8r-assembly1.cif.gz_A-2	7e8r-assembly1.cif.gz_A-2 EcoT38I restriction endonuclease	7.531E+00	0.024	19	59	160	175	196	296	346	104	0.583	0.292
LOKIASV2_0356_ESMFold_hypothetical_protein	6aa0-assembly1.cif.gz_B	6aa0-assembly1.cif.gz_B Crystal Structure of Toxoplasma gondii Prolyl tRNA Synthetase (TgPRS) in Apo Form	8.605E+00	0.024	19	101	141	175	259	321	454	66	0.234	0.139
LOKIASV2_0356_ESMFold_hypothetical_protein	5lst-assembly1.cif.gz_A	5lst-assembly1.cif.gz_A Crystal structure of the human RecQL4 helicase.	4.723E+00	0.024	19	84	140	175	88	136	617	57	0.326	0.079
LOKIASV2_0356_ESMFold_hypothetical_protein	4bla-assembly1.cif.gz_A	4bla-assembly1.cif.gz_A Crystal structure of full-length human Suppressor of fused (SUFU) mutant lacking a regulatory subdomain (crystal form II)	7.045E+00	0.024	19	104	153	175	5	52	730	51	0.286	0.066
LOKIASV2_0356_ESMFold_hypothetical_protein	7vh2-assembly1.cif.gz_A	7vh2-assembly1.cif.gz_A Cryo-EM structure of Machupo virus dimeric polymerase L	7.045E+00	0.024	19	58	136	175	48	140	1612	101	0.451	0.058
LOKIASV2_0356_ESMFold_hypothetical_protein	1r7h-assembly1.cif.gz_B	1r7h-assembly1.cif.gz_B NrdH-redoxin of Corynebacterium ammoniagenes forms a domain-swapped dimer	7.045E+00	0.020	18	102	154	175	2	46	74	53	0.303	0.608
LOKIASV2_0356_ESMFold_hypothetical_protein	2m9m-assembly1.cif.gz_A	2m9m-assembly1.cif.gz_A Solution Structure of ERCC4 domain of human FAAP24	6.591E+00	0.020	18	93	155	175	48	113	139	73	0.360	0.475
LOKIASV2_0356_ESMFold_hypothetical_protein	4f3r-assembly2.cif.gz_B	4f3r-assembly2.cif.gz_B Structure of phosphopantetheine adenylyltransferase (CBU_0288) from Coxiella burnetii	6.591E+00	0.020	18	104	161	175	78	141	149	64	0.331	0.430
LOKIASV2_0356_ESMFold_hypothetical_protein	6fs6-assembly5.cif.gz_E	6fs6-assembly5.cif.gz_E Influenza A/California/04/2009 (pH1N1) endonuclease with bound inhibitor, baloxavir acid (BXA)	3.166E+00	0.020	18	85	158	175	78	170	177	97	0.423	0.525
LOKIASV2_0356_ESMFold_hypothetical_protein	5w92-assembly1.cif.gz_A	5w92-assembly1.cif.gz_A Crystal structure of the influenza virus PA endonuclease in complex with an inhibitor - SRI-30049	3.384E+00	0.020	18	66	158	175	50	174	178	131	0.531	0.702
LOKIASV2_0356_ESMFold_hypothetical_protein	7kbc-assembly1.cif.gz_A-2	7kbc-assembly1.cif.gz_A-2 The crystal structure of the 2009/H1N1/California PA endonuclease mutant E119D (construct with truncated loop 51-72) in complex with baloxavir acid	5.396E+00	0.020	18	85	158	175	83	176	180	96	0.423	0.522
LOKIASV2_0356_ESMFold_hypothetical_protein	5uwh-assembly1.cif.gz_A	5uwh-assembly1.cif.gz_A Crystal Structure of Paxillin NES Peptide in complex with CRM1-Ran-RanBP1	7.045E+00	0.020	18	101	165	175	76	176	203	101	0.371	0.498
LOKIASV2_0356_ESMFold_hypothetical_protein	7mny-assembly6.cif.gz_K	7mny-assembly6.cif.gz_K Crystal Structure of Nup358/RanBP2 Ran-binding domain 3 in complex with Ran-GPPNHP	7.531E+00	0.020	18	104	157	175	108	155	206	54	0.309	0.233
LOKIASV2_0356_ESMFold_hypothetical_protein	8f2e-assembly1.cif.gz_A	8f2e-assembly1.cif.gz_A Crystal Structure of the CoV-Y domain of SARS-CoV-2 Nonstructural Protein 3	5.396E+00	0.020	18	70	157	175	16	114	281	107	0.503	0.352
LOKIASV2_0356_ESMFold_hypothetical_protein	7bcr-assembly1.cif.gz_A	7bcr-assembly1.cif.gz_A Crystal structure of the sugar acid binding protein DctPAm from Advenella mimigardefordensis strain DPN7T in complex with galactonate	7.045E+00	0.020	18	114	157	175	250	300	310	51	0.251	0.165
LOKIASV2_0356_ESMFold_hypothetical_protein	6kuv-assembly1.cif.gz_A	6kuv-assembly1.cif.gz_A Structure of influenza D virus polymerase bound to cRNA promoter in class 2	2.770E+00	0.020	18	42	162	175	54	176	686	144	0.691	0.179
LOKIASV2_0356_ESMFold_hypothetical_protein	6o62-assembly1.cif.gz_A-2	6o62-assembly1.cif.gz_A-2 Crystal structure of Sec4p, a Rab family GTPase from Candida albicans	4.418E+00	0.016	17	70	164	175	32	169	169	144	0.543	0.817
LOKIASV2_0356_ESMFold_hypothetical_protein	3nc0-assembly1.cif.gz_C	3nc0-assembly1.cif.gz_C Crystal structure of the HIV-1 Rev NES-CRM1-RanGTP nuclear export complex (crystal II)	6.591E+00	0.016	17	124	157	175	131	158	173	34	0.194	0.162
LOKIASV2_0356_ESMFold_hypothetical_protein	4awf-assembly2.cif.gz_B	4awf-assembly2.cif.gz_B Influenza strain pH1N1 2009 polymerase subunit PA endonuclease in complex with 2 4-dioxo-4-phenylbutanoic acid DPBA	5.048E+00	0.016	17	59	164	175	44	190	190	154	0.606	0.774
LOKIASV2_0356_ESMFold_hypothetical_protein	7u06-assembly1.cif.gz_l	7u06-assembly1.cif.gz_l Structure of the yeast TRAPPII-Rab11/Ypt32 complex in the closed/open state (composite structure)	2.961E+00	0.016	17	67	175	175	37	187	191	159	0.623	0.791
LOKIASV2_0356_ESMFold_hypothetical_protein	7u05-assembly1.cif.gz_l	7u05-assembly1.cif.gz_l Structure of the yeast TRAPPII-Rab11/Ypt32 complex in the closed/closed state (composite structure)	2.592E+00	0.016	17	67	175	175	37	188	193	158	0.623	0.788
LOKIASV2_0356_ESMFold_hypothetical_protein	7l5e-assembly1.cif.gz_A	7l5e-assembly1.cif.gz_A Crystal Structure of KPT-330 bound to CRM1 (537-DLTVK-541 to GLCEQ)	8.050E+00	0.016	17	101	157	175	77	158	202	88	0.326	0.406
LOKIASV2_0356_ESMFold_hypothetical_protein	1t9h-assembly1.cif.gz_A	1t9h-assembly1.cif.gz_A The crystal structure of YloQ, a circularly permuted GTPase.	8.050E+00	0.016	17	80	149	175	56	169	287	115	0.400	0.397
LOKIASV2_0356_ESMFold_hypothetical_protein	6xzp-assembly1.cif.gz_AP1	6xzp-assembly1.cif.gz_AP1 Influenza C virus polymerase in complex with chicken ANP32A - Subclass 4	2.770E+00	0.016	17	43	149	175	47	165	696	137	0.611	0.171
LOKIASV2_0356_ESMFold_hypothetical_protein	6qpf-assembly4.cif.gz_J	6qpf-assembly4.cif.gz_J Influenza A virus Polymerase Heterotrimer A/duck/Fujian/01/2002(H5N1)	4.418E+00	0.016	17	54	157	175	82	178	710	117	0.594	0.137
LOKIASV2_0356_ESMFold_hypothetical_protein	8h69-assembly1.cif.gz_A	8h69-assembly1.cif.gz_A Cryo-EM structure of influenza RNA polymerase	9.198E+00	0.016	17	85	120	175	97	134	716	38	0.206	0.053
LOKIASV2_0356_ESMFold_hypothetical_protein	7nha-assembly1.cif.gz_A	7nha-assembly1.cif.gz_A 1918 H1N1 Viral influenza polymerase heterotrimer - Endonuclease and priming loop ordered (Class2a)	4.133E+00	0.016	17	91	158	175	105	191	716	93	0.389	0.122
LOKIASV2_0356_ESMFold_hypothetical_protein	7yy8-assembly1.cif.gz_B-2	7yy8-assembly1.cif.gz_B-2 Crystal structure of Mycobacterium abscessus Phosphopantetheine adenylyltransferase in complex with Fragment 12	9.832E+00	0.014	16	101	156	175	83	141	156	61	0.320	0.378
LOKIASV2_0356_ESMFold_hypothetical_protein	2f9l-assembly1.cif.gz_A	2f9l-assembly1.cif.gz_A 3D structure of inactive human Rab11b GTPase	8.050E+00	0.014	16	104	160	175	113	173	173	66	0.326	0.353
LOKIASV2_0356_ESMFold_hypothetical_protein	6fs7-assembly5.cif.gz_E	6fs7-assembly5.cif.gz_E Influenza A/California/04/2009 (pH1N1) endonuclease with I38T mutation with bound inhibitor, baloxavir acid (BXA)	5.048E+00	0.014	16	85	158	175	80	170	177	97	0.423	0.514
LOKIASV2_0356_ESMFold_hypothetical_protein	4hay-assembly1.cif.gz_A	4hay-assembly1.cif.gz_A Crystal structure of CRM1 inhibitor Leptomycin B in complex with CRM1(K548E,K579Q)-Ran-RanBP1	7.531E+00	0.014	16	104	157	175	77	157	200	87	0.309	0.405
LOKIASV2_0356_ESMFold_hypothetical_protein	6x2v-assembly1.cif.gz_A	6x2v-assembly1.cif.gz_A Crystal Structure of PKI(DE)NES peptide bound to CRM1	8.605E+00	0.014	16	101	157	175	76	157	202	88	0.326	0.406
LOKIASV2_0356_ESMFold_hypothetical_protein	6utr-assembly1.cif.gz_A	6utr-assembly1.cif.gz_A LarE, a sulfur transferase involved in synthesis of the cofactor for lactate racemase in complex with copper	6.166E+00	0.014	16	102	158	175	49	107	262	63	0.326	0.225
LOKIASV2_0356_ESMFold_hypothetical_protein	6qpf-assembly3.cif.gz_G	6qpf-assembly3.cif.gz_G Influenza A virus Polymerase Heterotrimer A/duck/Fujian/01/2002(H5N1)	7.531E+00	0.014	16	87	154	175	101	185	716	91	0.389	0.119
LOKIASV2_0356_ESMFold_hypothetical_protein	7fsf-assembly1.cif.gz_A	7fsf-assembly1.cif.gz_A CRYSTAL STRUCTURE OF T. MARITIMA REVERSE GYRASE ACTIVE SITE VARIANT Y851F	7.531E+00	0.014	16	104	149	175	148	193	1102	49	0.263	0.042
LOKIASV2_0356_ESMFold_hypothetical_protein	3bfk-assembly3.cif.gz_C	3bfk-assembly3.cif.gz_C Crystal structure of Plasmodium falciparum Rab11a in complex with GDP	5.048E+00	0.011	15	71	157	175	36	165	170	134	0.497	0.765
LOKIASV2_0356_ESMFold_hypothetical_protein	6vii-assembly3.cif.gz_A	6vii-assembly3.cif.gz_A Crystal structure of mouse RABL3 in complex with GTPgammaS	9.832E+00	0.011	15	71	158	175	39	178	183	140	0.503	0.765
LOKIASV2_0356_ESMFold_hypothetical_protein	8pbt-assembly1.cif.gz_A	8pbt-assembly1.cif.gz_A Mutant K1482M of the dihydroorotase domain of human CAD protein bound to the substrate dihydroorotate	9.832E+00	0.011	15	103	153	175	149	196	362	51	0.291	0.133
LOKIASV2_0356_ESMFold_hypothetical_protein	6qnw-assembly3.cif.gz_G	6qnw-assembly3.cif.gz_G Influenza A Polymerase Heterotrimer Human H3N2 Northern Territory 1968	6.166E+00	0.011	15	54	157	175	75	171	701	117	0.594	0.138
LOKIASV2_0356_ESMFold_hypothetical_protein	3bfk-assembly1.cif.gz_A	3bfk-assembly1.cif.gz_A Crystal structure of Plasmodium falciparum Rab11a in complex with GDP	9.198E+00	0.010	14	71	157	175	34	157	159	129	0.497	0.780
LOKIASV2_0356_ESMFold_hypothetical_protein	4awh-assembly2.cif.gz_B	4awh-assembly2.cif.gz_B Influenza strain pH1N1 2009 polymerase subunit PA endonuclease in complex with rUMP	8.605E+00	0.010	14	85	158	175	86	178	183	99	0.423	0.508
LOKIASV2_0356_ESMFold_hypothetical_protein	6b2o-assembly1.cif.gz_A	6b2o-assembly1.cif.gz_A LarE, a sulfur transferase involved in synthesis of the cofactor for lactate racemase, C176A variant	9.832E+00	0.010	14	102	158	175	49	107	261	63	0.326	0.226
LOKIASV2_0356_ESMFold_hypothetical_protein	6fhi-assembly1.cif.gz_A	6fhi-assembly1.cif.gz_A Crystal structure of bat influenza A/H17N10 polymerase with viral RNA promoter bound to a 19-mer serine 5 phosphorylated Pol II CTD peptide with a truncated linker.	9.832E+00	0.010	14	87	165	175	101	193	709	101	0.451	0.131
LOKIASV2_0356_ESMFold_hypothetical_protein	2ziw-assembly1.cif.gz_A	2ziw-assembly1.cif.gz_A Crystal structure of the Mus81-Eme1 complex	9.198E+00	0.009	13	48	151	175	14	159	271	156	0.594	0.539
LOKIASV2_0356_ESMFold_hypothetical_protein	6qpg-assembly2.cif.gz_D	6qpg-assembly2.cif.gz_D Influenza A virus Polymerase Heterotrimer A/nt/60/1968(H3N2) in complex with Nanobody NB8205	5.768E+00	0.009	13	56	170	175	82	211	695	150	0.657	0.187
LOKIASV2_0356_ESMFold_hypothetical_protein	6qnw-assembly4.cif.gz_J	6qnw-assembly4.cif.gz_J Influenza A Polymerase Heterotrimer Human H3N2 Northern Territory 1968	7.045E+00	0.009	13	54	175	175	78	201	702	146	0.697	0.177
LOKIASV2_0356_ESMFold_hypothetical_protein	2g6b-assembly1.cif.gz_A	2g6b-assembly1.cif.gz_A Crystal structure of human RAB26 in complex with a GTP analogue	9.198E+00	0.008	12	72	136	175	40	142	162	106	0.371	0.636
LOKIASV2_0356_ESMFold_hypothetical_protein	6q99-assembly1.cif.gz_A	6q99-assembly1.cif.gz_A Ande virus L protein N-terminus mutant K124A	8.050E+00	0.008	12	56	146	175	57	173	201	122	0.520	0.582
