LOKIASV2_0973_ESMFold_acetate--CoA_ligase_family_protein	MGYP001577312790.pdb.gz	MGYP001577312790.pdb.gz	8.829E-31	1.000	1135	3	232	232	1	230	233	234	0.991	0.987
LOKIASV2_0973_ESMFold_acetate--CoA_ligase_family_protein	MGYP001458672166.pdb.gz	MGYP001458672166.pdb.gz	1.125E-30	1.000	1121	7	232	232	5	230	231	230	0.974	0.978
LOKIASV2_0973_ESMFold_acetate--CoA_ligase_family_protein	MGYP001766818451.pdb.gz	MGYP001766818451.pdb.gz	8.829E-31	1.000	1117	2	232	232	1	231	231	239	0.996	1.000
LOKIASV2_0973_ESMFold_acetate--CoA_ligase_family_protein	MGYP001121916161.pdb.gz	MGYP001121916161.pdb.gz	1.060E-29	1.000	1099	4	232	232	6	234	234	233	0.987	0.979
LOKIASV2_0973_ESMFold_acetate--CoA_ligase_family_protein	MGYP001277370925.pdb.gz	MGYP001277370925.pdb.gz	2.968E-30	1.000	1096	4	231	232	3	230	232	234	0.983	0.983
LOKIASV2_0973_ESMFold_acetate--CoA_ligase_family_protein	MGYP001594039038.pdb.gz	MGYP001594039038.pdb.gz	6.936E-30	1.000	1091	2	232	232	1	231	234	239	0.996	0.987
LOKIASV2_0973_ESMFold_acetate--CoA_ligase_family_protein	MGYP001123986822.pdb.gz	MGYP001123986822.pdb.gz	1.434E-30	1.000	1088	2	231	232	1	230	232	238	0.991	0.991
LOKIASV2_0973_ESMFold_acetate--CoA_ligase_family_protein	MGYP000937482893.pdb.gz	MGYP000937482893.pdb.gz	1.621E-29	1.000	1081	4	231	232	3	227	227	232	0.983	0.991
LOKIASV2_0973_ESMFold_acetate--CoA_ligase_family_protein	MGYP001089916935.pdb.gz	MGYP001089916935.pdb.gz	1.351E-29	1.000	1077	4	231	232	17	244	244	236	0.983	0.934
LOKIASV2_0973_ESMFold_acetate--CoA_ligase_family_protein	MGYP000082394470.pdb.gz	MGYP000082394470.pdb.gz	1.722E-29	1.000	1076	4	232	232	6	234	235	235	0.987	0.974
LOKIASV2_0973_ESMFold_acetate--CoA_ligase_family_protein	MGYP001567081000.pdb.gz	MGYP001567081000.pdb.gz	4.276E-29	1.000	1073	4	232	232	5	233	238	235	0.987	0.962
LOKIASV2_0973_ESMFold_acetate--CoA_ligase_family_protein	MGYP001040325969.pdb.gz	MGYP001040325969.pdb.gz	7.841E-29	1.000	1067	4	231	232	226	455	461	234	0.983	0.499
LOKIASV2_0973_ESMFold_acetate--CoA_ligase_family_protein	MGYP001363654336.pdb.gz	MGYP001363654336.pdb.gz	1.832E-28	1.000	1060	3	232	232	277	506	508	234	0.991	0.453
LOKIASV2_0973_ESMFold_acetate--CoA_ligase_family_protein	MGYP001150590285.pdb.gz	MGYP001150590285.pdb.gz	4.276E-29	1.000	1057	3	231	232	1	230	233	234	0.987	0.987
LOKIASV2_0973_ESMFold_acetate--CoA_ligase_family_protein	MGYP001289257765.pdb.gz	MGYP001289257765.pdb.gz	6.152E-29	1.000	1057	4	232	232	11	241	243	235	0.987	0.951
LOKIASV2_0973_ESMFold_acetate--CoA_ligase_family_protein	MGYP000433296573.pdb.gz	MGYP000433296573.pdb.gz	5.450E-29	1.000	1057	4	232	232	472	695	698	231	0.987	0.321
LOKIASV2_0973_ESMFold_acetate--CoA_ligase_family_protein	MGYP001153685482.pdb.gz	MGYP001153685482.pdb.gz	1.528E-28	1.000	1053	1	232	232	1	232	233	236	1.000	0.996
LOKIASV2_0973_ESMFold_acetate--CoA_ligase_family_protein	MGYP001474534057.pdb.gz	MGYP001474534057.pdb.gz	6.537E-29	1.000	1053	4	232	232	7	237	249	236	0.987	0.928
LOKIASV2_0973_ESMFold_acetate--CoA_ligase_family_protein	MGYP001148760438.pdb.gz	MGYP001148760438.pdb.gz	1.353E-28	1.000	1052	12	231	232	2	221	221	224	0.948	0.995
LOKIASV2_0973_ESMFold_acetate--CoA_ligase_family_protein	MGYP000583685906.pdb.gz	MGYP000583685906.pdb.gz	9.405E-29	1.000	1050	4	232	232	8	237	237	233	0.987	0.970
LOKIASV2_0973_ESMFold_acetate--CoA_ligase_family_protein	MGYP000939251462.pdb.gz	MGYP000939251462.pdb.gz	2.478E-29	1.000	1049	2	232	232	1	231	232	237	0.996	0.996
LOKIASV2_0973_ESMFold_acetate--CoA_ligase_family_protein	MGYP002153768471.pdb.gz	MGYP002153768471.pdb.gz	1.944E-29	1.000	1047	1	231	232	4	234	234	237	0.996	0.987
LOKIASV2_0973_ESMFold_acetate--CoA_ligase_family_protein	MGYP001626148786.pdb.gz	MGYP001626148786.pdb.gz	1.353E-28	1.000	1036	3	232	232	1	232	233	236	0.991	0.996
LOKIASV2_0973_ESMFold_acetate--CoA_ligase_family_protein	MGYP001611158271.pdb.gz	MGYP001611158271.pdb.gz	2.976E-28	1.000	1033	4	231	232	6	233	233	236	0.983	0.979
LOKIASV2_0973_ESMFold_acetate--CoA_ligase_family_protein	MGYP000955135801.pdb.gz	MGYP000955135801.pdb.gz	1.128E-28	1.000	1032	1	231	232	1	231	231	237	0.996	1.000
LOKIASV2_0973_ESMFold_acetate--CoA_ligase_family_protein	MGYP001046550597.pdb.gz	MGYP001046550597.pdb.gz	2.636E-28	1.000	1031	4	232	232	22	252	257	235	0.987	0.899
LOKIASV2_0973_ESMFold_acetate--CoA_ligase_family_protein	MGYP000887334504.pdb.gz	MGYP000887334504.pdb.gz	4.834E-28	1.000	1031	4	232	232	471	702	702	236	0.987	0.330
LOKIASV2_0973_ESMFold_acetate--CoA_ligase_family_protein	MGYP001104896125.pdb.gz	MGYP001104896125.pdb.gz	2.801E-28	1.000	1031	3	232	232	470	702	703	239	0.991	0.331
LOKIASV2_0973_ESMFold_acetate--CoA_ligase_family_protein	MGYP000185723714.pdb.gz	MGYP000185723714.pdb.gz	2.636E-28	1.000	1028	4	231	232	149	378	385	238	0.983	0.597
LOKIASV2_0973_ESMFold_acetate--CoA_ligase_family_protein	MGYP000431932972.pdb.gz	MGYP000431932972.pdb.gz	5.457E-28	1.000	1028	4	232	232	469	699	699	235	0.987	0.330
LOKIASV2_0973_ESMFold_acetate--CoA_ligase_family_protein	MGYP001335319306.pdb.gz	MGYP001335319306.pdb.gz	2.335E-28	1.000	1028	4	232	232	471	702	703	236	0.987	0.330
LOKIASV2_0973_ESMFold_acetate--CoA_ligase_family_protein	MGYP000971000029.pdb.gz	MGYP000971000029.pdb.gz	5.798E-28	1.000	1025	3	232	232	478	710	711	237	0.991	0.328
LOKIASV2_0973_ESMFold_acetate--CoA_ligase_family_protein	MGYP000616125188.pdb.gz	MGYP000616125188.pdb.gz	3.158E-29	1.000	1021	4	231	232	4	230	230	232	0.983	0.987
LOKIASV2_0973_ESMFold_acetate--CoA_ligase_family_protein	MGYP003873957243.pdb.gz	MGYP003873957243.pdb.gz	1.001E-27	1.000	1019	4	231	232	476	705	707	234	0.983	0.325
LOKIASV2_0973_ESMFold_acetate--CoA_ligase_family_protein	MGYP001582920878.pdb.gz	MGYP001582920878.pdb.gz	5.457E-28	1.000	1016	4	232	232	484	714	718	237	0.987	0.322
LOKIASV2_0973_ESMFold_acetate--CoA_ligase_family_protein	MGYP001773149078.pdb.gz	MGYP001773149078.pdb.gz	3.162E-28	1.000	1015	2	231	232	1	229	229	236	0.991	1.000
LOKIASV2_0973_ESMFold_acetate--CoA_ligase_family_protein	MGYP001766725014.pdb.gz	MGYP001766725014.pdb.gz	1.130E-27	1.000	1013	4	232	232	34	257	894	229	0.987	0.251
LOKIASV2_0973_ESMFold_acetate--CoA_ligase_family_protein	MGYP000583686432.pdb.gz	MGYP000583686432.pdb.gz	5.798E-28	1.000	1011	4	231	232	469	696	700	234	0.983	0.326
LOKIASV2_0973_ESMFold_acetate--CoA_ligase_family_protein	MGYP001772559835.pdb.gz	MGYP001772559835.pdb.gz	6.160E-28	1.000	1006	1	231	232	1	237	237	243	0.996	1.000
LOKIASV2_0973_ESMFold_acetate--CoA_ligase_family_protein	MGYP001107051098.pdb.gz	MGYP001107051098.pdb.gz	3.166E-27	1.000	1004	4	230	232	39	260	727	227	0.978	0.305
LOKIASV2_0973_ESMFold_acetate--CoA_ligase_family_protein	MGYP000253424731.pdb.gz	MGYP000253424731.pdb.gz	1.440E-27	1.000	1003	4	232	232	386	616	617	235	0.987	0.374
LOKIASV2_0973_ESMFold_acetate--CoA_ligase_family_protein	MGYP002776120159.pdb.gz	MGYP002776120159.pdb.gz	3.574E-27	1.000	999	4	232	232	471	702	896	234	0.987	0.259
LOKIASV2_0973_ESMFold_acetate--CoA_ligase_family_protein	MGYP001218775069.pdb.gz	MGYP001218775069.pdb.gz	1.130E-27	1.000	998	4	231	232	5	228	230	234	0.983	0.974
LOKIASV2_0973_ESMFold_acetate--CoA_ligase_family_protein	MGYP000265219394.pdb.gz	MGYP000265219394.pdb.gz	3.364E-27	1.000	998	4	232	232	469	700	703	235	0.987	0.330
LOKIASV2_0973_ESMFold_acetate--CoA_ligase_family_protein	MGYP001617254922.pdb.gz	MGYP001617254922.pdb.gz	4.035E-27	1.000	998	3	230	232	481	710	710	234	0.983	0.324
LOKIASV2_0973_ESMFold_acetate--CoA_ligase_family_protein	MGYP000961124230.pdb.gz	MGYP000961124230.pdb.gz	7.851E-28	1.000	997	6	230	232	3	226	226	233	0.970	0.991
LOKIASV2_0973_ESMFold_acetate--CoA_ligase_family_protein	MGYP000738481090.pdb.gz	MGYP000738481090.pdb.gz	2.980E-27	1.000	997	3	232	232	466	697	701	236	0.991	0.331
LOKIASV2_0973_ESMFold_acetate--CoA_ligase_family_protein	MGYP000054416867.pdb.gz	MGYP000054416867.pdb.gz	6.954E-28	1.000	996	4	231	232	467	696	696	238	0.983	0.330
LOKIASV2_0973_ESMFold_acetate--CoA_ligase_family_protein	MGYP000259325091.pdb.gz	MGYP000259325091.pdb.gz	1.063E-27	1.000	996	4	231	232	485	714	714	234	0.983	0.322
LOKIASV2_0973_ESMFold_acetate--CoA_ligase_family_protein	MGYP001029393891.pdb.gz	MGYP001029393891.pdb.gz	4.030E-28	1.000	995	4	231	232	469	695	699	236	0.983	0.325
LOKIASV2_0973_ESMFold_acetate--CoA_ligase_family_protein	MGYP001066862802.pdb.gz	MGYP001066862802.pdb.gz	1.835E-27	1.000	994	4	232	232	113	343	415	234	0.987	0.557
LOKIASV2_0973_ESMFold_acetate--CoA_ligase_family_protein	MGYP000891928335.pdb.gz	MGYP000891928335.pdb.gz	8.352E-27	1.000	994	4	232	232	464	693	695	235	0.987	0.331
LOKIASV2_0973_ESMFold_acetate--CoA_ligase_family_protein	MGYP000276422078.pdb.gz	MGYP000276422078.pdb.gz	2.980E-27	1.000	994	4	231	232	483	713	907	233	0.983	0.255
LOKIASV2_0973_ESMFold_acetate--CoA_ligase_family_protein	MGYP001390748670.pdb.gz	MGYP001390748670.pdb.gz	4.840E-27	1.000	992	3	230	232	101	330	330	234	0.983	0.697
LOKIASV2_0973_ESMFold_acetate--CoA_ligase_family_protein	MGYP000203412778.pdb.gz	MGYP000203412778.pdb.gz	7.398E-27	1.000	991	4	232	232	318	547	550	239	0.987	0.418
LOKIASV2_0973_ESMFold_acetate--CoA_ligase_family_protein	MGYP000104553150.pdb.gz	MGYP000104553150.pdb.gz	2.201E-27	1.000	990	4	231	232	489	719	719	235	0.983	0.321
LOKIASV2_0973_ESMFold_acetate--CoA_ligase_family_protein	MGYP000207745954.pdb.gz	MGYP000207745954.pdb.gz	5.142E-27	1.000	989	5	232	232	1	222	225	228	0.983	0.987
LOKIASV2_0973_ESMFold_acetate--CoA_ligase_family_protein	MGYP003373822647.pdb.gz	MGYP003373822647.pdb.gz	2.804E-27	1.000	989	4	232	232	490	717	722	235	0.987	0.316
LOKIASV2_0973_ESMFold_acetate--CoA_ligase_family_protein	MGYP000433293268.pdb.gz	MGYP000433293268.pdb.gz	3.798E-27	1.000	987	5	232	232	1	223	230	228	0.983	0.970
LOKIASV2_0973_ESMFold_acetate--CoA_ligase_family_protein	MGYP001423327519.pdb.gz	MGYP001423327519.pdb.gz	6.963E-27	1.000	987	3	232	232	470	699	699	236	0.991	0.329
LOKIASV2_0973_ESMFold_acetate--CoA_ligase_family_protein	MGYP001408554257.pdb.gz	MGYP001408554257.pdb.gz	6.168E-27	1.000	985	4	230	232	323	549	549	231	0.978	0.413
LOKIASV2_0973_ESMFold_acetate--CoA_ligase_family_protein	MGYP000901444269.pdb.gz	MGYP000901444269.pdb.gz	4.555E-27	1.000	985	4	231	232	467	696	696	234	0.983	0.330
LOKIASV2_0973_ESMFold_acetate--CoA_ligase_family_protein	MGYP001039419628.pdb.gz	MGYP001039419628.pdb.gz	4.035E-27	1.000	985	4	231	232	8	236	712	232	0.983	0.322
LOKIASV2_0973_ESMFold_acetate--CoA_ligase_family_protein	MGYP001772924580.pdb.gz	MGYP001772924580.pdb.gz	1.835E-27	1.000	984	7	232	232	4	231	236	232	0.974	0.966
LOKIASV2_0973_ESMFold_acetate--CoA_ligase_family_protein	MGYP000282918363.pdb.gz	MGYP000282918363.pdb.gz	8.352E-27	1.000	983	4	232	232	475	705	711	235	0.987	0.325
LOKIASV2_0973_ESMFold_acetate--CoA_ligase_family_protein	MGYP001590917467.pdb.gz	MGYP001590917467.pdb.gz	9.417E-28	1.000	982	18	231	232	483	702	702	224	0.922	0.313
LOKIASV2_0973_ESMFold_acetate--CoA_ligase_family_protein	MGYP000088291151.pdb.gz	MGYP000088291151.pdb.gz	1.200E-27	1.000	982	4	228	232	484	710	711	233	0.970	0.319
LOKIASV2_0973_ESMFold_acetate--CoA_ligase_family_protein	MGYP001137501759.pdb.gz	MGYP001137501759.pdb.gz	1.002E-26	1.000	981	3	231	232	459	689	691	235	0.987	0.334
LOKIASV2_0973_ESMFold_acetate--CoA_ligase_family_protein	MGYP000110391124.pdb.gz	MGYP000110391124.pdb.gz	2.639E-27	1.000	979	17	231	232	497	712	712	222	0.927	0.303
LOKIASV2_0973_ESMFold_acetate--CoA_ligase_family_protein	MGYP000479047380.pdb.gz	MGYP000479047380.pdb.gz	3.798E-27	1.000	978	17	232	232	2	216	222	220	0.931	0.968
LOKIASV2_0973_ESMFold_acetate--CoA_ligase_family_protein	MGYP000716386286.pdb.gz	MGYP000716386286.pdb.gz	8.352E-27	1.000	974	3	231	232	476	700	700	232	0.987	0.321
LOKIASV2_0973_ESMFold_acetate--CoA_ligase_family_protein	MGYP000035212073.pdb.gz	MGYP000035212073.pdb.gz	1.202E-26	1.000	973	4	232	232	469	699	702	235	0.987	0.329
LOKIASV2_0973_ESMFold_acetate--CoA_ligase_family_protein	MGYP001019934858.pdb.gz	MGYP001019934858.pdb.gz	2.487E-26	1.000	972	1	231	232	469	701	896	236	0.996	0.260
LOKIASV2_0973_ESMFold_acetate--CoA_ligase_family_protein	MGYP001419380159.pdb.gz	MGYP001419380159.pdb.gz	3.170E-26	1.000	970	2	232	232	1	233	235	237	0.996	0.991
LOKIASV2_0973_ESMFold_acetate--CoA_ligase_family_protein	MGYP000052911078.pdb.gz	MGYP000052911078.pdb.gz	6.963E-27	1.000	968	1	232	232	1	226	227	233	1.000	0.996
LOKIASV2_0973_ESMFold_acetate--CoA_ligase_family_protein	MGYP000536502244.pdb.gz	MGYP000536502244.pdb.gz	1.002E-26	1.000	968	4	231	232	470	699	701	238	0.983	0.328
LOKIASV2_0973_ESMFold_acetate--CoA_ligase_family_protein	MGYP001501404297.pdb.gz	MGYP001501404297.pdb.gz	8.874E-27	1.000	967	4	231	232	9	236	239	232	0.983	0.954
LOKIASV2_0973_ESMFold_acetate--CoA_ligase_family_protein	MGYP000564561258.pdb.gz	MGYP000564561258.pdb.gz	2.487E-26	1.000	967	4	231	232	483	710	710	232	0.983	0.321
LOKIASV2_0973_ESMFold_acetate--CoA_ligase_family_protein	MGYP000848185384.pdb.gz	MGYP000848185384.pdb.gz	8.874E-27	1.000	967	4	231	232	21	249	725	232	0.983	0.316
LOKIASV2_0973_ESMFold_acetate--CoA_ligase_family_protein	MGYP000971688276.pdb.gz	MGYP000971688276.pdb.gz	8.874E-27	1.000	967	4	232	232	34	257	893	229	0.987	0.251
LOKIASV2_0973_ESMFold_acetate--CoA_ligase_family_protein	MGYP000086892448.pdb.gz	MGYP000086892448.pdb.gz	1.202E-26	1.000	966	4	231	232	473	703	902	233	0.983	0.256
LOKIASV2_0973_ESMFold_acetate--CoA_ligase_family_protein	MGYP001065929945.pdb.gz	MGYP001065929945.pdb.gz	5.149E-26	1.000	962	3	232	232	469	701	702	237	0.991	0.332
LOKIASV2_0973_ESMFold_acetate--CoA_ligase_family_protein	MGYP000963511592.pdb.gz	MGYP000963511592.pdb.gz	3.368E-26	1.000	962	1	232	232	467	704	710	242	1.000	0.335
LOKIASV2_0973_ESMFold_acetate--CoA_ligase_family_protein	MGYP001065412474.pdb.gz	MGYP001065412474.pdb.gz	1.357E-26	1.000	961	3	232	232	340	569	569	236	0.991	0.404
LOKIASV2_0973_ESMFold_acetate--CoA_ligase_family_protein	MGYP000851221106.pdb.gz	MGYP000851221106.pdb.gz	1.202E-26	1.000	961	4	232	232	470	700	700	235	0.987	0.330
LOKIASV2_0973_ESMFold_acetate--CoA_ligase_family_protein	MGYP001813726474.pdb.gz	MGYP001813726474.pdb.gz	6.554E-27	1.000	958	4	231	232	121	349	379	233	0.983	0.604
LOKIASV2_0973_ESMFold_acetate--CoA_ligase_family_protein	MGYP001076050744.pdb.gz	MGYP001076050744.pdb.gz	2.341E-26	1.000	958	4	232	232	469	699	700	237	0.987	0.330
LOKIASV2_0973_ESMFold_acetate--CoA_ligase_family_protein	MGYP001117275818.pdb.gz	MGYP001117275818.pdb.gz	8.874E-27	1.000	956	4	231	232	493	724	724	235	0.983	0.320
LOKIASV2_0973_ESMFold_acetate--CoA_ligase_family_protein	MGYP000117791392.pdb.gz	MGYP000117791392.pdb.gz	4.293E-26	1.000	956	3	232	232	475	706	896	235	0.991	0.259
LOKIASV2_0973_ESMFold_acetate--CoA_ligase_family_protein	MGYP001591873045.pdb.gz	MGYP001591873045.pdb.gz	1.277E-26	1.000	954	17	231	232	2	208	208	215	0.927	0.995
LOKIASV2_0973_ESMFold_acetate--CoA_ligase_family_protein	MGYP001394837045.pdb.gz	MGYP001394837045.pdb.gz	4.846E-26	1.000	952	17	232	232	92	308	311	221	0.931	0.698
LOKIASV2_0973_ESMFold_acetate--CoA_ligase_family_protein	MGYP000732635928.pdb.gz	MGYP000732635928.pdb.gz	7.871E-26	1.000	952	4	232	232	474	704	708	235	0.987	0.326
LOKIASV2_0973_ESMFold_acetate--CoA_ligase_family_protein	MGYP000043281516.pdb.gz	MGYP000043281516.pdb.gz	4.040E-26	1.000	952	3	231	232	491	720	912	234	0.987	0.252
LOKIASV2_0973_ESMFold_acetate--CoA_ligase_family_protein	MGYP001094120246.pdb.gz	MGYP001094120246.pdb.gz	1.627E-26	1.000	951	3	231	232	242	471	489	234	0.987	0.470
LOKIASV2_0973_ESMFold_acetate--CoA_ligase_family_protein	MGYP001054811102.pdb.gz	MGYP001054811102.pdb.gz	2.643E-26	1.000	949	3	231	232	249	476	476	237	0.987	0.479
LOKIASV2_0973_ESMFold_acetate--CoA_ligase_family_protein	MGYP003145605695.pdb.gz	MGYP003145605695.pdb.gz	1.729E-26	1.000	948	4	232	232	476	706	899	234	0.987	0.257
LOKIASV2_0973_ESMFold_acetate--CoA_ligase_family_protein	MGYP001570353408.pdb.gz	MGYP001570353408.pdb.gz	5.471E-26	1.000	946	4	232	232	473	703	703	235	0.987	0.329
LOKIASV2_0973_ESMFold_acetate--CoA_ligase_family_protein	MGYP001817719844.pdb.gz	MGYP001817719844.pdb.gz	6.176E-26	1.000	946	4	232	232	477	707	898	234	0.987	0.257
LOKIASV2_0973_ESMFold_acetate--CoA_ligase_family_protein	MGYP000738479381.pdb.gz	MGYP000738479381.pdb.gz	3.579E-26	1.000	945	5	232	232	2	224	224	228	0.983	0.996
LOKIASV2_0973_ESMFold_acetate--CoA_ligase_family_protein	MGYP000397906780.pdb.gz	MGYP000397906780.pdb.gz	5.813E-26	1.000	945	4	231	232	5	229	229	229	0.983	0.983
LOKIASV2_0973_ESMFold_acetate--CoA_ligase_family_protein	MGYP001102588904.pdb.gz	MGYP001102588904.pdb.gz	6.562E-26	1.000	945	4	232	232	467	693	693	233	0.987	0.328
LOKIASV2_0973_ESMFold_acetate--CoA_ligase_family_protein	MGYP001823608807.pdb.gz	MGYP001823608807.pdb.gz	9.441E-26	1.000	944	4	231	232	469	690	690	228	0.983	0.322
LOKIASV2_0973_ESMFold_acetate--CoA_ligase_family_protein	MGYP000952133538.pdb.gz	MGYP000952133538.pdb.gz	4.293E-26	1.000	943	4	231	232	488	712	905	230	0.983	0.249
LOKIASV2_0973_ESMFold_acetate--CoA_ligase_family_protein	MGYP001078844681.pdb.gz	MGYP001078844681.pdb.gz	8.363E-26	1.000	943	3	231	232	479	710	907	234	0.987	0.256
LOKIASV2_0973_ESMFold_acetate--CoA_ligase_family_protein	MGYP000874246665.pdb.gz	MGYP000874246665.pdb.gz	4.040E-26	1.000	942	4	232	232	472	702	703	236	0.987	0.329
LOKIASV2_0973_ESMFold_acetate--CoA_ligase_family_protein	MGYP001138962120.pdb.gz	MGYP001138962120.pdb.gz	3.802E-26	1.000	942	4	232	232	472	702	707	235	0.987	0.327
LOKIASV2_0973_ESMFold_acetate--CoA_ligase_family_protein	MGYP002609671241.pdb.gz	MGYP002609671241.pdb.gz	4.561E-26	1.000	941	3	232	232	451	680	681	234	0.991	0.338
LOKIASV2_0973_ESMFold_acetate--CoA_ligase_family_protein	MGYP000927564798.pdb.gz	MGYP000927564798.pdb.gz	5.813E-26	1.000	941	3	232	232	487	718	718	240	0.991	0.323
LOKIASV2_0973_ESMFold_acetate--CoA_ligase_family_protein	MGYP003971506763.pdb.gz	MGYP003971506763.pdb.gz	7.408E-26	1.000	939	4	232	232	493	715	716	229	0.987	0.311
LOKIASV2_0973_ESMFold_acetate--CoA_ligase_family_protein	MGYP001142220499.pdb.gz	MGYP001142220499.pdb.gz	1.952E-26	1.000	939	4	232	232	489	717	719	233	0.987	0.318
LOKIASV2_0973_ESMFold_acetate--CoA_ligase_family_protein	MGYP003630463755.pdb.gz	MGYP003630463755.pdb.gz	1.203E-25	1.000	939	4	231	232	477	706	895	233	0.983	0.257
LOKIASV2_0973_ESMFold_acetate--CoA_ligase_family_protein	MGYP000184936216.pdb.gz	MGYP000184936216.pdb.gz	1.729E-26	1.000	938	4	231	232	463	695	699	237	0.983	0.333
LOKIASV2_0973_ESMFold_acetate--CoA_ligase_family_protein	MGYP001116776825.pdb.gz	MGYP001116776825.pdb.gz	4.561E-26	1.000	937	1	232	232	101	332	335	236	1.000	0.693
LOKIASV2_0973_ESMFold_acetate--CoA_ligase_family_protein	MGYP001812019676.pdb.gz	MGYP001812019676.pdb.gz	3.802E-26	1.000	937	1	231	232	1	237	547	246	0.996	0.433
LOKIASV2_0973_ESMFold_acetate--CoA_ligase_family_protein	MGYP001398815679.pdb.gz	MGYP001398815679.pdb.gz	4.040E-26	1.000	937	18	232	232	463	671	671	216	0.927	0.311
LOKIASV2_0973_ESMFold_acetate--CoA_ligase_family_protein	MGYP001063077917.pdb.gz	MGYP001063077917.pdb.gz	2.487E-26	1.000	937	4	232	232	490	719	914	235	0.987	0.252
LOKIASV2_0973_ESMFold_acetate--CoA_ligase_family_protein	MGYP000281577523.pdb.gz	MGYP000281577523.pdb.gz	1.278E-25	1.000	935	4	231	232	163	387	435	229	0.983	0.517
LOKIASV2_0973_ESMFold_acetate--CoA_ligase_family_protein	MGYP003642487624.pdb.gz	MGYP003642487624.pdb.gz	2.341E-26	1.000	935	4	231	232	476	705	894	233	0.983	0.257
LOKIASV2_0973_ESMFold_acetate--CoA_ligase_family_protein	MGYP003672829668.pdb.gz	MGYP003672829668.pdb.gz	2.987E-25	1.000	934	4	232	232	5	229	232	229	0.987	0.970
LOKIASV2_0973_ESMFold_acetate--CoA_ligase_family_protein	MGYP001132421711.pdb.gz	MGYP001132421711.pdb.gz	9.441E-26	1.000	934	17	232	232	498	716	716	222	0.931	0.306
LOKIASV2_0973_ESMFold_acetate--CoA_ligase_family_protein	MGYP001824267620.pdb.gz	MGYP001824267620.pdb.gz	1.278E-25	1.000	934	1	232	232	470	707	896	241	1.000	0.266
LOKIASV2_0973_ESMFold_acetate--CoA_ligase_family_protein	MGYP000723787673.pdb.gz	MGYP000723787673.pdb.gz	1.443E-25	1.000	933	4	232	232	476	705	886	233	0.987	0.260
LOKIASV2_0973_ESMFold_acetate--CoA_ligase_family_protein	MGYP001806185889.pdb.gz	MGYP001806185889.pdb.gz	2.808E-26	1.000	933	4	232	232	489	718	911	233	0.987	0.252
LOKIASV2_0973_ESMFold_acetate--CoA_ligase_family_protein	MGYP003702304599.pdb.gz	MGYP003702304599.pdb.gz	2.203E-26	1.000	931	7	225	232	2	221	222	226	0.944	0.991
LOKIASV2_0973_ESMFold_acetate--CoA_ligase_family_protein	MGYP003803240319.pdb.gz	MGYP003803240319.pdb.gz	3.807E-25	1.000	931	4	231	232	495	724	728	234	0.983	0.316
LOKIASV2_0973_ESMFold_acetate--CoA_ligase_family_protein	MGYP000230979251.pdb.gz	MGYP000230979251.pdb.gz	5.471E-26	1.000	930	4	231	232	514	743	743	238	0.983	0.310
LOKIASV2_0973_ESMFold_acetate--CoA_ligase_family_protein	MGYP003565664005.pdb.gz	MGYP003565664005.pdb.gz	1.533E-25	1.000	929	2	232	232	4	228	234	232	0.996	0.962
LOKIASV2_0973_ESMFold_acetate--CoA_ligase_family_protein	MGYP000533674255.pdb.gz	MGYP000533674255.pdb.gz	1.533E-25	1.000	929	4	231	232	472	700	700	237	0.983	0.327
LOKIASV2_0973_ESMFold_acetate--CoA_ligase_family_protein	MGYP001589318122.pdb.gz	MGYP001589318122.pdb.gz	4.846E-26	1.000	928	4	231	232	314	542	555	233	0.983	0.413
LOKIASV2_0973_ESMFold_acetate--CoA_ligase_family_protein	MGYP000321371176.pdb.gz	MGYP000321371176.pdb.gz	1.132E-25	1.000	927	4	231	232	477	705	710	236	0.983	0.323
LOKIASV2_0973_ESMFold_acetate--CoA_ligase_family_protein	MGYP000548305438.pdb.gz	MGYP000548305438.pdb.gz	1.533E-25	1.000	927	3	231	232	657	880	893	229	0.987	0.251
LOKIASV2_0973_ESMFold_acetate--CoA_ligase_family_protein	MGYP000857691391.pdb.gz	MGYP000857691391.pdb.gz	1.203E-25	1.000	926	4	231	232	471	699	699	234	0.983	0.328
LOKIASV2_0973_ESMFold_acetate--CoA_ligase_family_protein	MGYP000011240641.pdb.gz	MGYP000011240641.pdb.gz	9.441E-26	1.000	926	4	232	232	484	712	713	233	0.987	0.321
LOKIASV2_0973_ESMFold_acetate--CoA_ligase_family_protein	MGYP000201951666.pdb.gz	MGYP000201951666.pdb.gz	1.278E-25	1.000	926	4	231	232	498	726	917	232	0.983	0.250
LOKIASV2_0973_ESMFold_acetate--CoA_ligase_family_protein	MGYP001001629620.pdb.gz	MGYP001001629620.pdb.gz	6.176E-26	1.000	925	7	231	232	4	231	236	232	0.970	0.966
LOKIASV2_0973_ESMFold_acetate--CoA_ligase_family_protein	MGYP002628533572.pdb.gz	MGYP002628533572.pdb.gz	2.987E-25	1.000	925	3	232	232	489	717	718	233	0.991	0.319
LOKIASV2_0973_ESMFold_acetate--CoA_ligase_family_protein	MGYP001812272566.pdb.gz	MGYP001812272566.pdb.gz	7.871E-26	1.000	925	4	232	232	475	705	847	236	0.987	0.273
LOKIASV2_0973_ESMFold_acetate--CoA_ligase_family_protein	MGYP000428991776.pdb.gz	MGYP000428991776.pdb.gz	1.358E-25	1.000	925	4	232	232	495	724	915	234	0.987	0.251
LOKIASV2_0973_ESMFold_acetate--CoA_ligase_family_protein	MGYP001293286693.pdb.gz	MGYP001293286693.pdb.gz	4.561E-26	1.000	924	3	232	232	497	727	917	236	0.991	0.252
LOKIASV2_0973_ESMFold_acetate--CoA_ligase_family_protein	MGYP000960418128.pdb.gz	MGYP000960418128.pdb.gz	5.813E-26	1.000	922	4	232	232	480	707	707	235	0.987	0.322
LOKIASV2_0973_ESMFold_acetate--CoA_ligase_family_protein	MGYP001050436914.pdb.gz	MGYP001050436914.pdb.gz	3.368E-26	1.000	921	17	232	232	7	222	232	222	0.931	0.931
LOKIASV2_0973_ESMFold_acetate--CoA_ligase_family_protein	MGYP001346106677.pdb.gz	MGYP001346106677.pdb.gz	1.839E-25	1.000	921	4	231	232	306	527	535	228	0.983	0.415
LOKIASV2_0973_ESMFold_acetate--CoA_ligase_family_protein	MGYP000510101518.pdb.gz	MGYP000510101518.pdb.gz	7.408E-26	1.000	921	18	230	232	480	693	698	222	0.918	0.307
LOKIASV2_0973_ESMFold_acetate--CoA_ligase_family_protein	MGYP000507138022.pdb.gz	MGYP000507138022.pdb.gz	3.583E-25	1.000	921	4	232	232	664	890	905	231	0.987	0.251
LOKIASV2_0973_ESMFold_acetate--CoA_ligase_family_protein	MGYP003812088895.pdb.gz	MGYP003812088895.pdb.gz	2.491E-25	1.000	919	4	231	232	8	230	230	228	0.983	0.970
LOKIASV2_0973_ESMFold_acetate--CoA_ligase_family_protein	MGYP000580860750.pdb.gz	MGYP000580860750.pdb.gz	2.491E-25	1.000	919	19	232	232	472	681	689	214	0.922	0.305
LOKIASV2_0973_ESMFold_acetate--CoA_ligase_family_protein	MGYP000112022730.pdb.gz	MGYP000112022730.pdb.gz	2.344E-25	1.000	919	4	231	232	471	699	699	237	0.983	0.328
LOKIASV2_0973_ESMFold_acetate--CoA_ligase_family_protein	MGYP000941366302.pdb.gz	MGYP000941366302.pdb.gz	7.408E-26	1.000	918	3	231	232	469	696	696	235	0.987	0.328
LOKIASV2_0973_ESMFold_acetate--CoA_ligase_family_protein	MGYP000364044742.pdb.gz	MGYP000364044742.pdb.gz	3.373E-25	1.000	918	7	232	232	478	705	711	234	0.974	0.321
LOKIASV2_0973_ESMFold_acetate--CoA_ligase_family_protein	MGYP001497806864.pdb.gz	MGYP001497806864.pdb.gz	1.443E-25	1.000	918	3	232	232	475	706	892	239	0.991	0.260
LOKIASV2_0973_ESMFold_acetate--CoA_ligase_family_protein	MGYP001432676466.pdb.gz	MGYP001432676466.pdb.gz	4.045E-25	1.000	917	3	231	232	467	696	696	235	0.987	0.330
LOKIASV2_0973_ESMFold_acetate--CoA_ligase_family_protein	MGYP003700488765.pdb.gz	MGYP003700488765.pdb.gz	3.174E-25	1.000	917	3	232	232	479	712	903	237	0.991	0.259
LOKIASV2_0973_ESMFold_acetate--CoA_ligase_family_protein	MGYP003875452937.pdb.gz	MGYP003875452937.pdb.gz	1.132E-25	1.000	916	17	232	232	11	218	692	217	0.931	0.301
LOKIASV2_0973_ESMFold_acetate--CoA_ligase_family_protein	MGYP000923007023.pdb.gz	MGYP000923007023.pdb.gz	2.344E-25	1.000	916	16	232	232	485	702	706	222	0.935	0.309
LOKIASV2_0973_ESMFold_acetate--CoA_ligase_family_protein	MGYP001043672915.pdb.gz	MGYP001043672915.pdb.gz	8.886E-26	1.000	916	3	232	232	493	717	718	232	0.991	0.313
LOKIASV2_0973_ESMFold_acetate--CoA_ligase_family_protein	MGYP003341903162.pdb.gz	MGYP003341903162.pdb.gz	2.646E-25	1.000	915	2	231	232	1	232	232	236	0.991	1.000
LOKIASV2_0973_ESMFold_acetate--CoA_ligase_family_protein	MGYP001772875027.pdb.gz	MGYP001772875027.pdb.gz	5.149E-26	1.000	915	1	231	232	2	230	703	235	0.996	0.326
LOKIASV2_0973_ESMFold_acetate--CoA_ligase_family_protein	MGYP001818870684.pdb.gz	MGYP001818870684.pdb.gz	3.373E-25	1.000	914	4	232	232	474	697	697	231	0.987	0.321
LOKIASV2_0973_ESMFold_acetate--CoA_ligase_family_protein	MGYP000870996116.pdb.gz	MGYP000870996116.pdb.gz	1.280E-24	1.000	914	4	231	232	496	724	750	233	0.983	0.305
LOKIASV2_0973_ESMFold_acetate--CoA_ligase_family_protein	MGYP000624981659.pdb.gz	MGYP000624981659.pdb.gz	1.358E-25	1.000	913	4	231	232	385	613	810	233	0.983	0.283
LOKIASV2_0973_ESMFold_acetate--CoA_ligase_family_protein	MGYP003132246690.pdb.gz	MGYP003132246690.pdb.gz	4.561E-26	1.000	912	7	232	232	278	509	513	236	0.974	0.452
LOKIASV2_0973_ESMFold_acetate--CoA_ligase_family_protein	MGYP001144093233.pdb.gz	MGYP001144093233.pdb.gz	2.206E-25	1.000	912	4	231	232	343	572	702	233	0.983	0.328
LOKIASV2_0973_ESMFold_acetate--CoA_ligase_family_protein	MGYP000036672036.pdb.gz	MGYP000036672036.pdb.gz	7.417E-25	1.000	911	1	232	232	1	226	226	233	1.000	1.000
LOKIASV2_0973_ESMFold_acetate--CoA_ligase_family_protein	MGYP000859616520.pdb.gz	MGYP000859616520.pdb.gz	4.298E-25	1.000	909	9	232	232	2	219	219	224	0.966	0.995
LOKIASV2_0973_ESMFold_acetate--CoA_ligase_family_protein	MGYP000176755738.pdb.gz	MGYP000176755738.pdb.gz	3.579E-26	1.000	909	4	232	232	3	231	231	238	0.987	0.991
LOKIASV2_0973_ESMFold_acetate--CoA_ligase_family_protein	MGYP001197354251.pdb.gz	MGYP001197354251.pdb.gz	5.820E-25	1.000	909	4	231	232	6	229	234	228	0.983	0.957
LOKIASV2_0973_ESMFold_acetate--CoA_ligase_family_protein	MGYP000928271442.pdb.gz	MGYP000928271442.pdb.gz	1.839E-25	1.000	908	2	232	232	1	231	231	240	0.996	1.000
LOKIASV2_0973_ESMFold_acetate--CoA_ligase_family_protein	MGYP000026137059.pdb.gz	MGYP000026137059.pdb.gz	6.176E-26	1.000	908	17	231	232	13	220	283	217	0.927	0.735
LOKIASV2_0973_ESMFold_acetate--CoA_ligase_family_protein	MGYP003332531206.pdb.gz	MGYP003332531206.pdb.gz	1.203E-25	1.000	908	4	231	232	11	239	434	232	0.983	0.528
LOKIASV2_0973_ESMFold_acetate--CoA_ligase_family_protein	MGYP000038164372.pdb.gz	MGYP000038164372.pdb.gz	1.443E-25	1.000	908	4	231	232	474	703	706	238	0.983	0.326
LOKIASV2_0973_ESMFold_acetate--CoA_ligase_family_protein	MGYP001056363536.pdb.gz	MGYP001056363536.pdb.gz	9.441E-26	1.000	908	4	232	232	482	712	714	235	0.987	0.324
LOKIASV2_0973_ESMFold_acetate--CoA_ligase_family_protein	MGYP001218961733.pdb.gz	MGYP001218961733.pdb.gz	2.646E-25	1.000	907	1	232	232	489	723	723	239	1.000	0.325
LOKIASV2_0973_ESMFold_acetate--CoA_ligase_family_protein	MGYP003798066371.pdb.gz	MGYP003798066371.pdb.gz	2.646E-25	1.000	905	4	232	232	16	239	240	229	0.987	0.933
LOKIASV2_0973_ESMFold_acetate--CoA_ligase_family_protein	MGYP003042723165.pdb.gz	MGYP003042723165.pdb.gz	9.453E-25	1.000	905	3	230	232	486	714	714	235	0.983	0.321
LOKIASV2_0973_ESMFold_acetate--CoA_ligase_family_protein	MGYP001476146574.pdb.gz	MGYP001476146574.pdb.gz	4.298E-25	1.000	904	4	225	232	6	227	227	226	0.957	0.978
LOKIASV2_0973_ESMFold_acetate--CoA_ligase_family_protein	MGYP001121995800.pdb.gz	MGYP001121995800.pdb.gz	3.583E-25	1.000	904	4	232	232	475	705	893	236	0.987	0.259
LOKIASV2_0973_ESMFold_acetate--CoA_ligase_family_protein	MGYP001059179554.pdb.gz	MGYP001059179554.pdb.gz	7.881E-25	1.000	904	4	232	232	474	704	896	234	0.987	0.258
LOKIASV2_0973_ESMFold_acetate--CoA_ligase_family_protein	MGYP001015858556.pdb.gz	MGYP001015858556.pdb.gz	5.155E-25	1.000	902	1	231	232	1	225	225	232	0.996	1.000
LOKIASV2_0973_ESMFold_acetate--CoA_ligase_family_protein	MGYP001149947150.pdb.gz	MGYP001149947150.pdb.gz	9.441E-26	1.000	902	17	231	232	476	683	683	217	0.927	0.305
LOKIASV2_0973_ESMFold_acetate--CoA_ligase_family_protein	MGYP000585917202.pdb.gz	MGYP000585917202.pdb.gz	1.132E-25	1.000	902	4	231	232	503	731	731	234	0.983	0.313
LOKIASV2_0973_ESMFold_acetate--CoA_ligase_family_protein	MGYP001261785878.pdb.gz	MGYP001261785878.pdb.gz	7.417E-25	1.000	901	3	232	232	5	229	229	230	0.991	0.983
LOKIASV2_0973_ESMFold_acetate--CoA_ligase_family_protein	MGYP000913466304.pdb.gz	MGYP000913466304.pdb.gz	4.852E-25	1.000	901	4	232	232	6	229	230	233	0.987	0.974
LOKIASV2_0973_ESMFold_acetate--CoA_ligase_family_protein	MGYP000109058523.pdb.gz	MGYP000109058523.pdb.gz	1.066E-25	1.000	901	4	231	232	467	696	698	235	0.983	0.330
LOKIASV2_0973_ESMFold_acetate--CoA_ligase_family_protein	MGYP000870201309.pdb.gz	MGYP000870201309.pdb.gz	1.731E-25	1.000	901	3	231	232	491	720	720	240	0.987	0.319
LOKIASV2_0973_ESMFold_acetate--CoA_ligase_family_protein	MGYP001220127711.pdb.gz	MGYP001220127711.pdb.gz	4.852E-25	1.000	900	3	232	232	491	723	725	237	0.991	0.321
LOKIASV2_0973_ESMFold_acetate--CoA_ligase_family_protein	MGYP000272756223.pdb.gz	MGYP000272756223.pdb.gz	5.155E-25	1.000	900	4	231	232	495	723	915	232	0.983	0.250
LOKIASV2_0973_ESMFold_acetate--CoA_ligase_family_protein	MGYP000091244283.pdb.gz	MGYP000091244283.pdb.gz	2.646E-25	1.000	899	17	232	232	2	208	674	216	0.931	0.307
LOKIASV2_0973_ESMFold_acetate--CoA_ligase_family_protein	MGYP001246312083.pdb.gz	MGYP001246312083.pdb.gz	2.491E-25	1.000	899	4	230	232	480	711	711	237	0.978	0.326
LOKIASV2_0973_ESMFold_acetate--CoA_ligase_family_protein	MGYP000346593661.pdb.gz	MGYP000346593661.pdb.gz	3.583E-25	1.000	899	4	232	232	474	704	897	236	0.987	0.258
LOKIASV2_0973_ESMFold_acetate--CoA_ligase_family_protein	MGYP000527658613.pdb.gz	MGYP000527658613.pdb.gz	1.842E-24	1.000	898	19	232	232	1	208	208	214	0.922	1.000
LOKIASV2_0973_ESMFold_acetate--CoA_ligase_family_protein	MGYP000927572161.pdb.gz	MGYP000927572161.pdb.gz	1.205E-24	1.000	898	5	232	232	2	223	225	228	0.983	0.987
LOKIASV2_0973_ESMFold_acetate--CoA_ligase_family_protein	MGYP000858393792.pdb.gz	MGYP000858393792.pdb.gz	6.570E-25	1.000	897	17	232	232	3	219	221	222	0.931	0.982
LOKIASV2_0973_ESMFold_acetate--CoA_ligase_family_protein	MGYP001417920699.pdb.gz	MGYP001417920699.pdb.gz	5.478E-25	1.000	897	4	225	232	6	227	227	226	0.957	0.978
LOKIASV2_0973_ESMFold_acetate--CoA_ligase_family_protein	MGYP001101796240.pdb.gz	MGYP001101796240.pdb.gz	4.045E-25	1.000	897	1	231	232	1	224	227	234	0.996	0.987
LOKIASV2_0973_ESMFold_acetate--CoA_ligase_family_protein	MGYP001035190362.pdb.gz	MGYP001035190362.pdb.gz	2.209E-24	1.000	897	4	231	232	472	702	702	235	0.983	0.329
LOKIASV2_0973_ESMFold_acetate--CoA_ligase_family_protein	MGYP001175636817.pdb.gz	MGYP001175636817.pdb.gz	2.344E-25	1.000	897	4	232	232	493	715	715	232	0.987	0.312
LOKIASV2_0973_ESMFold_acetate--CoA_ligase_family_protein	MGYP002818573331.pdb.gz	MGYP002818573331.pdb.gz	3.807E-25	1.000	897	1	232	232	1	234	725	240	1.000	0.323
LOKIASV2_0973_ESMFold_acetate--CoA_ligase_family_protein	MGYP001180927623.pdb.gz	MGYP001180927623.pdb.gz	9.453E-25	1.000	896	16	232	232	482	693	695	217	0.935	0.305
LOKIASV2_0973_ESMFold_acetate--CoA_ligase_family_protein	MGYP001458109948.pdb.gz	MGYP001458109948.pdb.gz	1.533E-25	1.000	896	2	230	232	479	709	709	239	0.987	0.326
LOKIASV2_0973_ESMFold_acetate--CoA_ligase_family_protein	MGYP001170095351.pdb.gz	MGYP001170095351.pdb.gz	1.205E-24	1.000	896	4	231	232	470	700	890	233	0.983	0.260
LOKIASV2_0973_ESMFold_acetate--CoA_ligase_family_protein	MGYP002630952043.pdb.gz	MGYP002630952043.pdb.gz	1.205E-24	1.000	895	3	230	232	475	701	704	231	0.983	0.322
LOKIASV2_0973_ESMFold_acetate--CoA_ligase_family_protein	MGYP001316092204.pdb.gz	MGYP001316092204.pdb.gz	2.491E-25	1.000	894	17	231	232	2	213	213	216	0.927	0.995
LOKIASV2_0973_ESMFold_acetate--CoA_ligase_family_protein	MGYP001335758691.pdb.gz	MGYP001335758691.pdb.gz	1.445E-24	1.000	894	4	230	232	482	707	707	231	0.978	0.320
LOKIASV2_0973_ESMFold_acetate--CoA_ligase_family_protein	MGYP000747461240.pdb.gz	MGYP000747461240.pdb.gz	2.491E-25	1.000	894	1	232	232	436	673	859	241	1.000	0.277
LOKIASV2_0973_ESMFold_acetate--CoA_ligase_family_protein	MGYP003521850484.pdb.gz	MGYP003521850484.pdb.gz	4.852E-25	1.000	893	1	232	232	287	525	603	242	1.000	0.396
LOKIASV2_0973_ESMFold_acetate--CoA_ligase_family_protein	MGYP002788748083.pdb.gz	MGYP002788748083.pdb.gz	1.360E-24	1.000	892	17	231	232	495	701	701	216	0.927	0.295
LOKIASV2_0973_ESMFold_acetate--CoA_ligase_family_protein	MGYP000405397768.pdb.gz	MGYP000405397768.pdb.gz	5.478E-25	1.000	892	4	232	232	474	703	894	235	0.987	0.257
LOKIASV2_0973_ESMFold_acetate--CoA_ligase_family_protein	MGYP001161168607.pdb.gz	MGYP001161168607.pdb.gz	2.491E-25	1.000	891	7	231	232	3	229	232	231	0.970	0.978
LOKIASV2_0973_ESMFold_acetate--CoA_ligase_family_protein	MGYP001067955680.pdb.gz	MGYP001067955680.pdb.gz	2.987E-25	1.000	891	4	232	232	2	235	238	238	0.987	0.983
LOKIASV2_0973_ESMFold_acetate--CoA_ligase_family_protein	MGYP002628027603.pdb.gz	MGYP002628027603.pdb.gz	2.076E-25	1.000	891	17	232	232	482	699	709	224	0.931	0.307
LOKIASV2_0973_ESMFold_acetate--CoA_ligase_family_protein	MGYP001202322710.pdb.gz	MGYP001202322710.pdb.gz	4.298E-25	1.000	891	4	230	232	491	717	724	232	0.978	0.314
LOKIASV2_0973_ESMFold_acetate--CoA_ligase_family_protein	MGYP000888367408.pdb.gz	MGYP000888367408.pdb.gz	1.358E-25	1.000	891	3	232	232	473	702	890	236	0.991	0.258
LOKIASV2_0973_ESMFold_acetate--CoA_ligase_family_protein	MGYP002137049631.pdb.gz	MGYP002137049631.pdb.gz	1.533E-25	1.000	891	4	231	232	454	683	890	235	0.983	0.258
LOKIASV2_0973_ESMFold_acetate--CoA_ligase_family_protein	MGYP000327273292.pdb.gz	MGYP000327273292.pdb.gz	2.076E-25	1.000	891	4	232	232	664	890	901	232	0.987	0.252
LOKIASV2_0973_ESMFold_acetate--CoA_ligase_family_protein	MGYP001114922420.pdb.gz	MGYP001114922420.pdb.gz	4.567E-25	1.000	891	4	232	232	475	705	901	234	0.987	0.256
LOKIASV2_0973_ESMFold_acetate--CoA_ligase_family_protein	MGYP001088887980.pdb.gz	MGYP001088887980.pdb.gz	1.067E-24	1.000	890	4	232	232	466	696	698	237	0.987	0.331
LOKIASV2_0973_ESMFold_acetate--CoA_ligase_family_protein	MGYP001047058995.pdb.gz	MGYP001047058995.pdb.gz	1.533E-25	1.000	890	1	230	232	475	698	707	230	0.991	0.317
LOKIASV2_0973_ESMFold_acetate--CoA_ligase_family_protein	MGYP002082869834.pdb.gz	MGYP002082869834.pdb.gz	1.731E-25	1.000	890	2	232	232	484	720	721	241	0.996	0.329
LOKIASV2_0973_ESMFold_acetate--CoA_ligase_family_protein	MGYP001549724026.pdb.gz	MGYP001549724026.pdb.gz	3.583E-25	1.000	890	4	231	232	470	702	889	236	0.983	0.262
LOKIASV2_0973_ESMFold_acetate--CoA_ligase_family_protein	MGYP001290542932.pdb.gz	MGYP001290542932.pdb.gz	1.003E-25	1.000	889	4	230	232	4	235	250	235	0.978	0.928
LOKIASV2_0973_ESMFold_acetate--CoA_ligase_family_protein	MGYP003625702757.pdb.gz	MGYP003625702757.pdb.gz	1.842E-24	1.000	889	4	232	232	475	705	893	234	0.987	0.259
LOKIASV2_0973_ESMFold_acetate--CoA_ligase_family_protein	MGYP001490523900.pdb.gz	MGYP001490523900.pdb.gz	3.373E-25	1.000	888	19	231	232	1	214	214	219	0.918	1.000
LOKIASV2_0973_ESMFold_acetate--CoA_ligase_family_protein	MGYP001765428717.pdb.gz	MGYP001765428717.pdb.gz	1.535E-24	1.000	887	4	232	232	493	715	715	229	0.987	0.312
LOKIASV2_0973_ESMFold_acetate--CoA_ligase_family_protein	MGYP003707209113.pdb.gz	MGYP003707209113.pdb.gz	1.535E-24	1.000	887	4	232	232	493	720	723	234	0.987	0.315
LOKIASV2_0973_ESMFold_acetate--CoA_ligase_family_protein	MGYP000247651100.pdb.gz	MGYP000247651100.pdb.gz	1.445E-24	1.000	886	4	232	232	469	698	699	239	0.987	0.329
LOKIASV2_0973_ESMFold_acetate--CoA_ligase_family_protein	MGYP000610354731.pdb.gz	MGYP000610354731.pdb.gz	4.298E-25	1.000	886	17	232	232	497	716	723	223	0.931	0.304
LOKIASV2_0973_ESMFold_acetate--CoA_ligase_family_protein	MGYP000141509792.pdb.gz	MGYP000141509792.pdb.gz	4.050E-24	1.000	886	4	231	232	505	726	728	228	0.983	0.305
LOKIASV2_0973_ESMFold_acetate--CoA_ligase_family_protein	MGYP000465740192.pdb.gz	MGYP000465740192.pdb.gz	6.981E-25	1.000	886	4	232	232	475	705	892	234	0.987	0.259
LOKIASV2_0973_ESMFold_acetate--CoA_ligase_family_protein	MGYP001765875423.pdb.gz	MGYP001765875423.pdb.gz	8.374E-25	1.000	886	3	232	232	473	707	900	236	0.991	0.261
LOKIASV2_0973_ESMFold_acetate--CoA_ligase_family_protein	MGYP001121372111.pdb.gz	MGYP001121372111.pdb.gz	9.453E-25	1.000	885	2	232	232	1	227	725	232	0.996	0.313
LOKIASV2_0973_ESMFold_acetate--CoA_ligase_family_protein	MGYP000499957008.pdb.gz	MGYP000499957008.pdb.gz	1.067E-24	1.000	885	4	231	232	477	706	887	233	0.983	0.259
LOKIASV2_0973_ESMFold_acetate--CoA_ligase_family_protein	MGYP000659763401.pdb.gz	MGYP000659763401.pdb.gz	2.991E-24	1.000	885	4	231	232	476	705	892	233	0.983	0.258
LOKIASV2_0973_ESMFold_acetate--CoA_ligase_family_protein	MGYP000108345666.pdb.gz	MGYP000108345666.pdb.gz	1.445E-24	1.000	885	4	232	232	475	705	895	234	0.987	0.258
LOKIASV2_0973_ESMFold_acetate--CoA_ligase_family_protein	MGYP001767264694.pdb.gz	MGYP001767264694.pdb.gz	2.079E-24	1.000	884	4	232	232	311	533	535	229	0.987	0.417
LOKIASV2_0973_ESMFold_acetate--CoA_ligase_family_protein	MGYP001342086739.pdb.gz	MGYP001342086739.pdb.gz	8.374E-25	1.000	883	4	231	232	467	696	696	236	0.983	0.330
LOKIASV2_0973_ESMFold_acetate--CoA_ligase_family_protein	MGYP000934973125.pdb.gz	MGYP000934973125.pdb.gz	6.570E-25	1.000	883	3	231	232	471	700	700	234	0.987	0.329
LOKIASV2_0973_ESMFold_acetate--CoA_ligase_family_protein	MGYP000913302153.pdb.gz	MGYP000913302153.pdb.gz	8.374E-25	1.000	883	1	232	232	476	710	715	240	1.000	0.329
LOKIASV2_0973_ESMFold_acetate--CoA_ligase_family_protein	MGYP000502666681.pdb.gz	MGYP000502666681.pdb.gz	1.535E-24	1.000	883	3	232	232	339	570	729	235	0.991	0.318
LOKIASV2_0973_ESMFold_acetate--CoA_ligase_family_protein	MGYP000076504164.pdb.gz	MGYP000076504164.pdb.gz	5.155E-25	1.000	882	4	231	232	8	238	238	239	0.983	0.971
LOKIASV2_0973_ESMFold_acetate--CoA_ligase_family_protein	MGYP001073399417.pdb.gz	MGYP001073399417.pdb.gz	1.205E-24	1.000	882	17	231	232	486	703	703	222	0.927	0.310
LOKIASV2_0973_ESMFold_acetate--CoA_ligase_family_protein	MGYP000967140226.pdb.gz	MGYP000967140226.pdb.gz	1.733E-24	1.000	881	4	232	232	6	225	225	231	0.987	0.978
LOKIASV2_0973_ESMFold_acetate--CoA_ligase_family_protein	MGYP000648559264.pdb.gz	MGYP000648559264.pdb.gz	5.155E-25	1.000	881	4	232	232	487	714	715	235	0.987	0.319
LOKIASV2_0973_ESMFold_acetate--CoA_ligase_family_protein	MGYP001585881657.pdb.gz	MGYP001585881657.pdb.gz	1.957E-24	1.000	881	18	231	232	508	722	722	219	0.922	0.298
LOKIASV2_0973_ESMFold_acetate--CoA_ligase_family_protein	MGYP001016330382.pdb.gz	MGYP001016330382.pdb.gz	1.535E-24	1.000	881	4	232	232	477	707	897	234	0.987	0.258
LOKIASV2_0973_ESMFold_acetate--CoA_ligase_family_protein	MGYP003575485745.pdb.gz	MGYP003575485745.pdb.gz	3.377E-24	1.000	880	4	232	232	475	703	703	233	0.987	0.326
LOKIASV2_0973_ESMFold_acetate--CoA_ligase_family_protein	MGYP001567797176.pdb.gz	MGYP001567797176.pdb.gz	7.881E-25	1.000	880	3	232	232	488	720	725	241	0.991	0.321
LOKIASV2_0973_ESMFold_acetate--CoA_ligase_family_protein	MGYP003703573481.pdb.gz	MGYP003703573481.pdb.gz	5.478E-25	1.000	880	4	232	232	472	702	899	234	0.987	0.257
LOKIASV2_0973_ESMFold_acetate--CoA_ligase_family_protein	MGYP001232312434.pdb.gz	MGYP001232312434.pdb.gz	4.573E-24	1.000	879	17	232	232	3	213	215	216	0.931	0.981
LOKIASV2_0973_ESMFold_acetate--CoA_ligase_family_protein	MGYP001228344553.pdb.gz	MGYP001228344553.pdb.gz	1.358E-25	1.000	879	16	232	232	141	352	352	222	0.935	0.602
LOKIASV2_0973_ESMFold_acetate--CoA_ligase_family_protein	MGYP001020440925.pdb.gz	MGYP001020440925.pdb.gz	2.347E-24	1.000	879	17	232	232	487	705	709	223	0.931	0.309
LOKIASV2_0973_ESMFold_acetate--CoA_ligase_family_protein	MGYP003626304998.pdb.gz	MGYP003626304998.pdb.gz	1.957E-24	1.000	879	2	232	232	1	233	718	239	0.996	0.325
LOKIASV2_0973_ESMFold_acetate--CoA_ligase_family_protein	MGYP001581031828.pdb.gz	MGYP001581031828.pdb.gz	1.445E-24	1.000	879	2	231	232	485	726	728	247	0.991	0.332
LOKIASV2_0973_ESMFold_acetate--CoA_ligase_family_protein	MGYP000123810482.pdb.gz	MGYP000123810482.pdb.gz	1.004E-24	1.000	878	2	231	232	1	226	230	232	0.991	0.983
LOKIASV2_0973_ESMFold_acetate--CoA_ligase_family_protein	MGYP001364682801.pdb.gz	MGYP001364682801.pdb.gz	2.494E-24	1.000	878	19	231	232	500	715	718	220	0.918	0.301
LOKIASV2_0973_ESMFold_acetate--CoA_ligase_family_protein	MGYP003342903814.pdb.gz	MGYP003342903814.pdb.gz	2.491E-25	1.000	878	17	231	232	15	227	730	217	0.927	0.292
LOKIASV2_0973_ESMFold_acetate--CoA_ligase_family_protein	MGYP001199057581.pdb.gz	MGYP001199057581.pdb.gz	1.733E-24	1.000	878	4	231	232	7	236	736	235	0.983	0.312
LOKIASV2_0973_ESMFold_acetate--CoA_ligase_family_protein	MGYP000734192453.pdb.gz	MGYP000734192453.pdb.gz	5.820E-25	1.000	878	4	230	232	476	704	894	232	0.978	0.256
LOKIASV2_0973_ESMFold_acetate--CoA_ligase_family_protein	MGYP000989536852.pdb.gz	MGYP000989536852.pdb.gz	1.445E-24	1.000	878	4	231	232	467	696	901	234	0.983	0.255
LOKIASV2_0973_ESMFold_acetate--CoA_ligase_family_protein	MGYP000651173884.pdb.gz	MGYP000651173884.pdb.gz	6.981E-25	1.000	877	18	231	232	30	235	235	214	0.922	0.877
LOKIASV2_0973_ESMFold_acetate--CoA_ligase_family_protein	MGYP001549821321.pdb.gz	MGYP001549821321.pdb.gz	5.478E-25	1.000	877	1	232	232	81	318	506	241	1.000	0.470
LOKIASV2_0973_ESMFold_acetate--CoA_ligase_family_protein	MGYP003350116661.pdb.gz	MGYP003350116661.pdb.gz	6.990E-24	1.000	877	3	232	232	281	512	699	235	0.991	0.332
LOKIASV2_0973_ESMFold_acetate--CoA_ligase_family_protein	MGYP001287881794.pdb.gz	MGYP001287881794.pdb.gz	2.650E-24	1.000	876	11	231	232	1	222	536	225	0.953	0.414
LOKIASV2_0973_ESMFold_acetate--CoA_ligase_family_protein	MGYP001429685990.pdb.gz	MGYP001429685990.pdb.gz	4.852E-25	1.000	876	18	232	232	514	719	721	217	0.927	0.286
LOKIASV2_0973_ESMFold_acetate--CoA_ligase_family_protein	MGYP000250475709.pdb.gz	MGYP000250475709.pdb.gz	7.881E-25	1.000	875	17	231	232	2	212	212	217	0.927	0.995
LOKIASV2_0973_ESMFold_acetate--CoA_ligase_family_protein	MGYP000078105316.pdb.gz	MGYP000078105316.pdb.gz	1.957E-24	1.000	875	17	231	232	459	671	675	221	0.927	0.316
LOKIASV2_0973_ESMFold_acetate--CoA_ligase_family_protein	MGYP001118543217.pdb.gz	MGYP001118543217.pdb.gz	1.535E-24	1.000	875	18	232	232	492	709	712	222	0.927	0.306
LOKIASV2_0973_ESMFold_acetate--CoA_ligase_family_protein	MGYP000480477771.pdb.gz	MGYP000480477771.pdb.gz	9.453E-25	1.000	874	17	232	232	2	207	207	216	0.931	0.995
LOKIASV2_0973_ESMFold_acetate--CoA_ligase_family_protein	MGYP003792675143.pdb.gz	MGYP003792675143.pdb.gz	8.897E-25	1.000	873	4	231	232	461	687	687	232	0.983	0.330
LOKIASV2_0973_ESMFold_acetate--CoA_ligase_family_protein	MGYP001182131563.pdb.gz	MGYP001182131563.pdb.gz	2.815E-24	1.000	873	1	231	232	462	697	699	241	0.996	0.338
LOKIASV2_0973_ESMFold_acetate--CoA_ligase_family_protein	MGYP001137942350.pdb.gz	MGYP001137942350.pdb.gz	3.178E-24	1.000	873	2	230	232	1	226	734	230	0.987	0.308
LOKIASV2_0973_ESMFold_acetate--CoA_ligase_family_protein	MGYP001072885672.pdb.gz	MGYP001072885672.pdb.gz	3.178E-24	1.000	873	4	232	232	469	698	882	233	0.987	0.261
LOKIASV2_0973_ESMFold_acetate--CoA_ligase_family_protein	MGYP001062213265.pdb.gz	MGYP001062213265.pdb.gz	2.209E-24	1.000	873	4	232	232	488	717	906	235	0.987	0.254
LOKIASV2_0973_ESMFold_acetate--CoA_ligase_family_protein	MGYP001140734252.pdb.gz	MGYP001140734252.pdb.gz	2.494E-24	1.000	873	4	232	232	476	707	907	235	0.987	0.256
LOKIASV2_0973_ESMFold_acetate--CoA_ligase_family_protein	MGYP001051146739.pdb.gz	MGYP001051146739.pdb.gz	1.205E-24	1.000	873	3	232	232	677	909	916	237	0.991	0.254
LOKIASV2_0973_ESMFold_acetate--CoA_ligase_family_protein	MGYP001611487183.pdb.gz	MGYP001611487183.pdb.gz	6.570E-25	1.000	872	17	231	232	2	207	207	215	0.927	0.995
LOKIASV2_0973_ESMFold_acetate--CoA_ligase_family_protein	MGYP000651648245.pdb.gz	MGYP000651648245.pdb.gz	5.478E-25	1.000	872	17	232	232	2	211	686	219	0.931	0.306
LOKIASV2_0973_ESMFold_acetate--CoA_ligase_family_protein	MGYP001558198501.pdb.gz	MGYP001558198501.pdb.gz	3.812E-24	1.000	872	17	232	232	489	707	709	223	0.931	0.309
LOKIASV2_0973_ESMFold_acetate--CoA_ligase_family_protein	MGYP001564566294.pdb.gz	MGYP001564566294.pdb.gz	2.491E-25	1.000	871	4	232	232	486	717	718	241	0.987	0.323
LOKIASV2_0973_ESMFold_acetate--CoA_ligase_family_protein	MGYP001239097749.pdb.gz	MGYP001239097749.pdb.gz	1.733E-24	1.000	871	3	232	232	663	890	906	235	0.991	0.252
LOKIASV2_0973_ESMFold_acetate--CoA_ligase_family_protein	MGYP000374796650.pdb.gz	MGYP000374796650.pdb.gz	4.567E-25	1.000	870	2	232	232	1	224	226	237	0.996	0.991
LOKIASV2_0973_ESMFold_acetate--CoA_ligase_family_protein	MGYP001585688370.pdb.gz	MGYP001585688370.pdb.gz	3.377E-24	1.000	870	3	231	232	297	519	519	231	0.987	0.430
LOKIASV2_0973_ESMFold_acetate--CoA_ligase_family_protein	MGYP001490602043.pdb.gz	MGYP001490602043.pdb.gz	1.067E-24	1.000	870	3	232	232	305	539	540	239	0.991	0.435
LOKIASV2_0973_ESMFold_acetate--CoA_ligase_family_protein	MGYP001096347209.pdb.gz	MGYP001096347209.pdb.gz	3.588E-24	1.000	870	4	231	232	475	704	893	233	0.983	0.258
LOKIASV2_0973_ESMFold_acetate--CoA_ligase_family_protein	MGYP001209279109.pdb.gz	MGYP001209279109.pdb.gz	2.209E-24	1.000	868	4	231	232	672	902	902	235	0.983	0.256
LOKIASV2_0973_ESMFold_acetate--CoA_ligase_family_protein	MGYP001389587635.pdb.gz	MGYP001389587635.pdb.gz	4.846E-26	1.000	868	7	232	232	674	901	903	238	0.974	0.252
LOKIASV2_0973_ESMFold_acetate--CoA_ligase_family_protein	MGYP000453352919.pdb.gz	MGYP000453352919.pdb.gz	1.067E-24	1.000	868	4	232	232	491	724	918	235	0.987	0.255
LOKIASV2_0973_ESMFold_acetate--CoA_ligase_family_protein	MGYP000588182379.pdb.gz	MGYP000588182379.pdb.gz	4.852E-25	1.000	867	18	231	232	43	249	259	215	0.922	0.799
LOKIASV2_0973_ESMFold_acetate--CoA_ligase_family_protein	MGYP001548257451.pdb.gz	MGYP001548257451.pdb.gz	2.347E-24	1.000	867	4	231	232	104	328	331	233	0.983	0.680
LOKIASV2_0973_ESMFold_acetate--CoA_ligase_family_protein	MGYP000125275743.pdb.gz	MGYP000125275743.pdb.gz	5.485E-24	1.000	867	4	232	232	475	695	696	229	0.987	0.318
LOKIASV2_0973_ESMFold_acetate--CoA_ligase_family_protein	MGYP001075468489.pdb.gz	MGYP001075468489.pdb.gz	8.897E-25	1.000	867	4	231	232	670	902	902	237	0.983	0.258
LOKIASV2_0973_ESMFold_acetate--CoA_ligase_family_protein	MGYP000902769248.pdb.gz	MGYP000902769248.pdb.gz	2.347E-24	1.000	866	4	232	232	6	229	229	229	0.987	0.978
LOKIASV2_0973_ESMFold_acetate--CoA_ligase_family_protein	MGYP000965614618.pdb.gz	MGYP000965614618.pdb.gz	4.567E-25	1.000	866	5	229	232	455	684	685	234	0.970	0.336
LOKIASV2_0973_ESMFold_acetate--CoA_ligase_family_protein	MGYP003321460006.pdb.gz	MGYP003321460006.pdb.gz	2.812E-25	1.000	866	17	231	232	479	694	707	220	0.927	0.306
LOKIASV2_0973_ESMFold_acetate--CoA_ligase_family_protein	MGYP000947977675.pdb.gz	MGYP000947977675.pdb.gz	1.957E-24	1.000	865	1	232	232	1	225	225	236	1.000	1.000
LOKIASV2_0973_ESMFold_acetate--CoA_ligase_family_protein	MGYP001148767266.pdb.gz	MGYP001148767266.pdb.gz	3.588E-24	1.000	865	3	231	232	479	703	703	231	0.987	0.320
LOKIASV2_0973_ESMFold_acetate--CoA_ligase_family_protein	MGYP001064068418.pdb.gz	MGYP001064068418.pdb.gz	1.205E-24	1.000	865	4	230	232	492	712	712	230	0.978	0.310
LOKIASV2_0973_ESMFold_acetate--CoA_ligase_family_protein	MGYP000896122400.pdb.gz	MGYP000896122400.pdb.gz	2.991E-24	1.000	864	1	232	232	1	227	231	232	1.000	0.983
LOKIASV2_0973_ESMFold_acetate--CoA_ligase_family_protein	MGYP001443628344.pdb.gz	MGYP001443628344.pdb.gz	3.812E-24	1.000	863	18	232	232	5	219	700	221	0.927	0.307
LOKIASV2_0973_ESMFold_acetate--CoA_ligase_family_protein	MGYP001112607395.pdb.gz	MGYP001112607395.pdb.gz	1.360E-24	1.000	863	17	232	232	27	239	747	217	0.931	0.285
LOKIASV2_0973_ESMFold_acetate--CoA_ligase_family_protein	MGYP002682949196.pdb.gz	MGYP002682949196.pdb.gz	1.535E-24	1.000	862	17	232	232	13	225	226	217	0.931	0.942
LOKIASV2_0973_ESMFold_acetate--CoA_ligase_family_protein	MGYP002737837670.pdb.gz	MGYP002737837670.pdb.gz	1.445E-24	1.000	862	17	232	232	251	461	461	219	0.931	0.458
LOKIASV2_0973_ESMFold_acetate--CoA_ligase_family_protein	MGYP000353790821.pdb.gz	MGYP000353790821.pdb.gz	1.839E-25	1.000	862	17	232	232	478	687	692	219	0.931	0.303
LOKIASV2_0973_ESMFold_acetate--CoA_ligase_family_protein	MGYP003707217077.pdb.gz	MGYP003707217077.pdb.gz	3.588E-24	1.000	862	17	232	232	486	704	704	223	0.931	0.311
LOKIASV2_0973_ESMFold_acetate--CoA_ligase_family_protein	MGYP000929612211.pdb.gz	MGYP000929612211.pdb.gz	2.494E-24	1.000	861	2	232	232	1	227	719	232	0.996	0.316
LOKIASV2_0973_ESMFold_acetate--CoA_ligase_family_protein	MGYP001134783169.pdb.gz	MGYP001134783169.pdb.gz	5.828E-24	1.000	861	4	230	232	469	697	878	232	0.978	0.261
LOKIASV2_0973_ESMFold_acetate--CoA_ligase_family_protein	MGYP001359736797.pdb.gz	MGYP001359736797.pdb.gz	3.588E-24	1.000	861	18	230	232	491	705	894	218	0.918	0.240
LOKIASV2_0973_ESMFold_acetate--CoA_ligase_family_protein	MGYP003627167141.pdb.gz	MGYP003627167141.pdb.gz	5.162E-24	1.000	860	4	231	232	488	715	728	233	0.983	0.313
LOKIASV2_0973_ESMFold_acetate--CoA_ligase_family_protein	MGYP002628780007.pdb.gz	MGYP002628780007.pdb.gz	3.812E-24	1.000	860	17	232	232	7	224	731	219	0.931	0.298
LOKIASV2_0973_ESMFold_acetate--CoA_ligase_family_protein	MGYP001618269773.pdb.gz	MGYP001618269773.pdb.gz	4.050E-24	1.000	859	17	231	232	2	208	208	216	0.927	0.995
LOKIASV2_0973_ESMFold_acetate--CoA_ligase_family_protein	MGYP000976642388.pdb.gz	MGYP000976642388.pdb.gz	5.828E-24	1.000	859	17	231	232	7	219	222	217	0.927	0.959
LOKIASV2_0973_ESMFold_acetate--CoA_ligase_family_protein	MGYP000287326557.pdb.gz	MGYP000287326557.pdb.gz	9.465E-24	1.000	859	2	232	232	463	694	694	236	0.996	0.334
LOKIASV2_0973_ESMFold_acetate--CoA_ligase_family_protein	MGYP001469786294.pdb.gz	MGYP001469786294.pdb.gz	1.069E-23	1.000	859	1	231	232	1	233	731	241	0.996	0.319
LOKIASV2_0973_ESMFold_acetate--CoA_ligase_family_protein	MGYP000039750981.pdb.gz	MGYP000039750981.pdb.gz	9.465E-24	1.000	858	7	231	232	5	229	235	229	0.970	0.957
LOKIASV2_0973_ESMFold_acetate--CoA_ligase_family_protein	MGYP000928180740.pdb.gz	MGYP000928180740.pdb.gz	5.485E-24	1.000	858	4	232	232	103	333	357	239	0.987	0.647
LOKIASV2_0973_ESMFold_acetate--CoA_ligase_family_protein	MGYP001106958306.pdb.gz	MGYP001106958306.pdb.gz	2.494E-24	1.000	858	19	232	232	487	702	704	220	0.922	0.307
LOKIASV2_0973_ESMFold_acetate--CoA_ligase_family_protein	MGYP000582197981.pdb.gz	MGYP000582197981.pdb.gz	7.417E-25	1.000	858	9	231	232	481	712	902	235	0.961	0.257
LOKIASV2_0973_ESMFold_acetate--CoA_ligase_family_protein	MGYP000940889003.pdb.gz	MGYP000940889003.pdb.gz	2.079E-24	1.000	858	3	231	232	676	907	912	242	0.987	0.254
LOKIASV2_0973_ESMFold_acetate--CoA_ligase_family_protein	MGYP000600046533.pdb.gz	MGYP000600046533.pdb.gz	6.579E-24	1.000	858	4	230	232	672	895	915	229	0.978	0.245
LOKIASV2_0973_ESMFold_acetate--CoA_ligase_family_protein	MGYP001281445352.pdb.gz	MGYP001281445352.pdb.gz	4.573E-24	1.000	857	17	230	232	478	691	696	220	0.922	0.307
LOKIASV2_0973_ESMFold_acetate--CoA_ligase_family_protein	MGYP001171392604.pdb.gz	MGYP001171392604.pdb.gz	1.006E-23	1.000	857	19	232	232	489	704	704	220	0.922	0.307
LOKIASV2_0973_ESMFold_acetate--CoA_ligase_family_protein	MGYP000288946148.pdb.gz	MGYP000288946148.pdb.gz	1.360E-24	1.000	857	3	232	232	476	706	708	239	0.991	0.326
LOKIASV2_0973_ESMFold_acetate--CoA_ligase_family_protein	MGYP002816959569.pdb.gz	MGYP002816959569.pdb.gz	2.991E-24	1.000	857	1	232	232	479	713	715	239	1.000	0.329
LOKIASV2_0973_ESMFold_acetate--CoA_ligase_family_protein	MGYP001328538842.pdb.gz	MGYP001328538842.pdb.gz	2.494E-24	1.000	856	18	230	232	10	225	228	220	0.918	0.947
LOKIASV2_0973_ESMFold_acetate--CoA_ligase_family_protein	MGYP001806412197.pdb.gz	MGYP001806412197.pdb.gz	2.079E-24	1.000	856	17	231	232	480	695	695	220	0.927	0.311
LOKIASV2_0973_ESMFold_acetate--CoA_ligase_family_protein	MGYP001816608464.pdb.gz	MGYP001816608464.pdb.gz	7.427E-24	1.000	856	3	232	232	479	710	897	235	0.991	0.259
LOKIASV2_0973_ESMFold_acetate--CoA_ligase_family_protein	MGYP001560398036.pdb.gz	MGYP001560398036.pdb.gz	1.957E-24	1.000	855	17	231	232	3	208	208	215	0.927	0.990
LOKIASV2_0973_ESMFold_acetate--CoA_ligase_family_protein	MGYP000314770680.pdb.gz	MGYP000314770680.pdb.gz	2.079E-24	1.000	855	17	232	232	484	700	701	221	0.931	0.310
LOKIASV2_0973_ESMFold_acetate--CoA_ligase_family_protein	MGYP001576697372.pdb.gz	MGYP001576697372.pdb.gz	1.959E-23	1.000	854	21	229	232	4	207	208	209	0.901	0.981
LOKIASV2_0973_ESMFold_acetate--CoA_ligase_family_protein	MGYP000405404279.pdb.gz	MGYP000405404279.pdb.gz	1.736E-23	1.000	854	4	231	232	10	235	246	230	0.983	0.919
LOKIASV2_0973_ESMFold_acetate--CoA_ligase_family_protein	MGYP000960150582.pdb.gz	MGYP000960150582.pdb.gz	1.957E-24	1.000	854	14	231	232	482	702	702	225	0.940	0.315
LOKIASV2_0973_ESMFold_acetate--CoA_ligase_family_protein	MGYP001167369562.pdb.gz	MGYP001167369562.pdb.gz	4.304E-24	1.000	854	17	231	232	497	711	711	222	0.927	0.302
LOKIASV2_0973_ESMFold_acetate--CoA_ligase_family_protein	MGYP001396546851.pdb.gz	MGYP001396546851.pdb.gz	1.736E-23	1.000	852	20	232	232	494	700	713	215	0.918	0.290
LOKIASV2_0973_ESMFold_acetate--CoA_ligase_family_protein	MGYP001403952495.pdb.gz	MGYP001403952495.pdb.gz	1.445E-24	1.000	851	10	232	232	2	229	229	233	0.961	0.996
LOKIASV2_0973_ESMFold_acetate--CoA_ligase_family_protein	MGYP000362654649.pdb.gz	MGYP000362654649.pdb.gz	3.178E-24	1.000	851	4	232	232	174	404	416	239	0.987	0.555
LOKIASV2_0973_ESMFold_acetate--CoA_ligase_family_protein	MGYP000577201193.pdb.gz	MGYP000577201193.pdb.gz	3.182E-23	1.000	851	3	231	232	472	705	705	237	0.987	0.332
LOKIASV2_0973_ESMFold_acetate--CoA_ligase_family_protein	MGYP000464238313.pdb.gz	MGYP000464238313.pdb.gz	3.377E-24	1.000	851	5	232	232	482	716	719	238	0.983	0.327
LOKIASV2_0973_ESMFold_acetate--CoA_ligase_family_protein	MGYP001381364601.pdb.gz	MGYP001381364601.pdb.gz	2.494E-24	1.000	851	1	230	232	469	704	898	239	0.991	0.263
LOKIASV2_0973_ESMFold_acetate--CoA_ligase_family_protein	MGYP001440887550.pdb.gz	MGYP001440887550.pdb.gz	5.162E-24	1.000	850	1	232	232	1	225	225	235	1.000	1.000
LOKIASV2_0973_ESMFold_acetate--CoA_ligase_family_protein	MGYP001174525245.pdb.gz	MGYP001174525245.pdb.gz	5.162E-24	1.000	850	8	232	232	2	226	226	233	0.970	0.996
LOKIASV2_0973_ESMFold_acetate--CoA_ligase_family_protein	MGYP001094119169.pdb.gz	MGYP001094119169.pdb.gz	1.135E-23	1.000	850	3	232	232	473	699	700	232	0.991	0.324
LOKIASV2_0973_ESMFold_acetate--CoA_ligase_family_protein	MGYP001623133980.pdb.gz	MGYP001623133980.pdb.gz	3.588E-24	1.000	850	17	232	232	485	703	703	225	0.931	0.312
LOKIASV2_0973_ESMFold_acetate--CoA_ligase_family_protein	MGYP003974944907.pdb.gz	MGYP003974944907.pdb.gz	1.206E-23	1.000	849	18	232	232	25	232	233	216	0.927	0.893
LOKIASV2_0973_ESMFold_acetate--CoA_ligase_family_protein	MGYP001321153957.pdb.gz	MGYP001321153957.pdb.gz	7.417E-25	1.000	849	17	232	232	482	698	699	222	0.931	0.310
LOKIASV2_0973_ESMFold_acetate--CoA_ligase_family_protein	MGYP001403338108.pdb.gz	MGYP001403338108.pdb.gz	1.282E-23	1.000	848	17	231	232	2	210	210	215	0.927	0.995
LOKIASV2_0973_ESMFold_acetate--CoA_ligase_family_protein	MGYP001079663761.pdb.gz	MGYP001079663761.pdb.gz	3.178E-24	1.000	848	4	231	232	5	223	223	229	0.983	0.982
LOKIASV2_0973_ESMFold_acetate--CoA_ligase_family_protein	MGYP000641332977.pdb.gz	MGYP000641332977.pdb.gz	3.377E-24	1.000	848	4	232	232	222	446	459	233	0.987	0.490
LOKIASV2_0973_ESMFold_acetate--CoA_ligase_family_protein	MGYP000312213314.pdb.gz	MGYP000312213314.pdb.gz	1.134E-24	1.000	848	17	232	232	481	698	702	223	0.931	0.311
LOKIASV2_0973_ESMFold_acetate--CoA_ligase_family_protein	MGYP001619566548.pdb.gz	MGYP001619566548.pdb.gz	1.537E-23	1.000	848	4	231	232	491	717	717	231	0.983	0.317
LOKIASV2_0973_ESMFold_acetate--CoA_ligase_family_protein	MGYP001819564041.pdb.gz	MGYP001819564041.pdb.gz	6.990E-24	1.000	848	17	232	232	390	606	795	220	0.931	0.273
LOKIASV2_0973_ESMFold_acetate--CoA_ligase_family_protein	MGYP001465427242.pdb.gz	MGYP001465427242.pdb.gz	1.535E-24	1.000	847	4	232	232	168	401	577	239	0.987	0.406
LOKIASV2_0973_ESMFold_acetate--CoA_ligase_family_protein	MGYP000032387971.pdb.gz	MGYP000032387971.pdb.gz	6.990E-24	1.000	847	4	232	232	475	703	705	235	0.987	0.325
LOKIASV2_0973_ESMFold_acetate--CoA_ligase_family_protein	MGYP000128132561.pdb.gz	MGYP000128132561.pdb.gz	5.162E-24	1.000	847	3	230	232	473	701	710	238	0.983	0.323
LOKIASV2_0973_ESMFold_acetate--CoA_ligase_family_protein	MGYP001176593425.pdb.gz	MGYP001176593425.pdb.gz	3.812E-24	1.000	847	17	232	232	4	216	717	217	0.931	0.297
LOKIASV2_0973_ESMFold_acetate--CoA_ligase_family_protein	MGYP000945831544.pdb.gz	MGYP000945831544.pdb.gz	2.991E-24	1.000	846	4	232	232	222	450	640	235	0.987	0.358
LOKIASV2_0973_ESMFold_acetate--CoA_ligase_family_protein	MGYP001589271349.pdb.gz	MGYP001589271349.pdb.gz	1.957E-24	1.000	845	6	231	232	49	278	288	238	0.974	0.799
LOKIASV2_0973_ESMFold_acetate--CoA_ligase_family_protein	MGYP001953288616.pdb.gz	MGYP001953288616.pdb.gz	1.959E-23	1.000	845	17	232	232	311	529	529	222	0.931	0.414
LOKIASV2_0973_ESMFold_acetate--CoA_ligase_family_protein	MGYP002780457348.pdb.gz	MGYP002780457348.pdb.gz	1.733E-24	1.000	845	1	232	232	477	710	717	240	1.000	0.326
LOKIASV2_0973_ESMFold_acetate--CoA_ligase_family_protein	MGYP003931818607.pdb.gz	MGYP003931818607.pdb.gz	2.991E-24	1.000	844	6	230	232	481	711	711	234	0.970	0.325
LOKIASV2_0973_ESMFold_acetate--CoA_ligase_family_protein	MGYP003620244445.pdb.gz	MGYP003620244445.pdb.gz	9.465E-24	1.000	844	4	232	232	475	705	841	235	0.987	0.275
LOKIASV2_0973_ESMFold_acetate--CoA_ligase_family_protein	MGYP001010796431.pdb.gz	MGYP001010796431.pdb.gz	3.381E-23	1.000	843	18	232	232	19	226	228	216	0.927	0.912
LOKIASV2_0973_ESMFold_acetate--CoA_ligase_family_protein	MGYP001262209265.pdb.gz	MGYP001262209265.pdb.gz	4.858E-24	1.000	843	17	232	232	16	228	734	217	0.931	0.290
LOKIASV2_0973_ESMFold_acetate--CoA_ligase_family_protein	MGYP000032271219.pdb.gz	MGYP000032271219.pdb.gz	7.427E-24	1.000	843	4	232	232	661	887	899	232	0.987	0.253
LOKIASV2_0973_ESMFold_acetate--CoA_ligase_family_protein	MGYP000535142955.pdb.gz	MGYP000535142955.pdb.gz	7.891E-24	1.000	842	18	232	232	2	205	669	216	0.927	0.305
LOKIASV2_0973_ESMFold_acetate--CoA_ligase_family_protein	MGYP001032311406.pdb.gz	MGYP001032311406.pdb.gz	1.282E-23	1.000	842	17	232	232	494	712	716	223	0.931	0.306
LOKIASV2_0973_ESMFold_acetate--CoA_ligase_family_protein	MGYP003706924597.pdb.gz	MGYP003706924597.pdb.gz	3.178E-24	1.000	841	17	232	232	6	211	217	218	0.931	0.949
LOKIASV2_0973_ESMFold_acetate--CoA_ligase_family_protein	MGYP001806436293.pdb.gz	MGYP001806436293.pdb.gz	2.815E-24	1.000	841	17	232	232	471	677	678	219	0.931	0.305
LOKIASV2_0973_ESMFold_acetate--CoA_ligase_family_protein	MGYP001574167085.pdb.gz	MGYP001574167085.pdb.gz	4.858E-24	1.000	841	4	232	232	488	715	719	233	0.987	0.317
LOKIASV2_0973_ESMFold_acetate--CoA_ligase_family_protein	MGYP003345952818.pdb.gz	MGYP003345952818.pdb.gz	8.908E-24	1.000	841	17	232	232	5	218	734	218	0.931	0.292
LOKIASV2_0973_ESMFold_acetate--CoA_ligase_family_protein	MGYP000654588886.pdb.gz	MGYP000654588886.pdb.gz	1.282E-23	1.000	841	3	230	232	472	704	890	238	0.983	0.262
LOKIASV2_0973_ESMFold_acetate--CoA_ligase_family_protein	MGYP001121498252.pdb.gz	MGYP001121498252.pdb.gz	1.006E-23	1.000	840	17	231	232	6	214	214	215	0.927	0.977
LOKIASV2_0973_ESMFold_acetate--CoA_ligase_family_protein	MGYP001467855142.pdb.gz	MGYP001467855142.pdb.gz	1.633E-23	1.000	840	17	232	232	482	699	699	222	0.931	0.312
LOKIASV2_0973_ESMFold_acetate--CoA_ligase_family_protein	MGYP001016566552.pdb.gz	MGYP001016566552.pdb.gz	1.206E-23	1.000	839	17	230	232	12	222	289	215	0.922	0.730
LOKIASV2_0973_ESMFold_acetate--CoA_ligase_family_protein	MGYP000549807900.pdb.gz	MGYP000549807900.pdb.gz	2.995E-23	1.000	839	5	232	232	467	698	699	236	0.983	0.332
LOKIASV2_0973_ESMFold_acetate--CoA_ligase_family_protein	MGYP001499987400.pdb.gz	MGYP001499987400.pdb.gz	1.206E-23	1.000	838	18	230	232	6	217	226	217	0.918	0.938
LOKIASV2_0973_ESMFold_acetate--CoA_ligase_family_protein	MGYP002622846416.pdb.gz	MGYP002622846416.pdb.gz	1.733E-24	1.000	838	18	231	232	133	352	352	224	0.922	0.625
LOKIASV2_0973_ESMFold_acetate--CoA_ligase_family_protein	MGYP001213343783.pdb.gz	MGYP001213343783.pdb.gz	1.282E-23	1.000	838	17	230	232	486	700	709	220	0.922	0.303
LOKIASV2_0973_ESMFold_acetate--CoA_ligase_family_protein	MGYP000057464273.pdb.gz	MGYP000057464273.pdb.gz	3.178E-24	1.000	838	1	232	232	482	713	713	239	1.000	0.325
LOKIASV2_0973_ESMFold_acetate--CoA_ligase_family_protein	MGYP001088373308.pdb.gz	MGYP001088373308.pdb.gz	4.050E-24	1.000	837	9	232	232	476	693	693	225	0.966	0.315
LOKIASV2_0973_ESMFold_acetate--CoA_ligase_family_protein	MGYP001393406105.pdb.gz	MGYP001393406105.pdb.gz	2.995E-23	1.000	837	17	231	232	493	709	714	221	0.927	0.304
LOKIASV2_0973_ESMFold_acetate--CoA_ligase_family_protein	MGYP000104934924.pdb.gz	MGYP000104934924.pdb.gz	1.206E-23	1.000	836	3	232	232	1	225	226	233	0.991	0.996
LOKIASV2_0973_ESMFold_acetate--CoA_ligase_family_protein	MGYP001312530225.pdb.gz	MGYP001312530225.pdb.gz	7.427E-24	1.000	836	2	232	232	469	691	692	232	0.996	0.322
LOKIASV2_0973_ESMFold_acetate--CoA_ligase_family_protein	MGYP000295184465.pdb.gz	MGYP000295184465.pdb.gz	1.069E-23	1.000	836	3	230	232	472	696	700	232	0.983	0.321
LOKIASV2_0973_ESMFold_acetate--CoA_ligase_family_protein	MGYP002521000797.pdb.gz	MGYP002521000797.pdb.gz	1.069E-23	1.000	836	5	231	232	474	702	702	232	0.978	0.326
LOKIASV2_0973_ESMFold_acetate--CoA_ligase_family_protein	MGYP000300739483.pdb.gz	MGYP000300739483.pdb.gz	2.494E-24	1.000	836	4	231	232	472	700	705	234	0.983	0.325
LOKIASV2_0973_ESMFold_acetate--CoA_ligase_family_protein	MGYP001577854931.pdb.gz	MGYP001577854931.pdb.gz	1.206E-23	1.000	836	6	232	232	2	224	710	228	0.978	0.314
LOKIASV2_0973_ESMFold_acetate--CoA_ligase_family_protein	MGYP003700426289.pdb.gz	MGYP003700426289.pdb.gz	1.282E-23	1.000	836	7	232	232	483	711	729	235	0.974	0.314
LOKIASV2_0973_ESMFold_acetate--CoA_ligase_family_protein	MGYP001410885680.pdb.gz	MGYP001410885680.pdb.gz	2.819E-23	1.000	835	4	231	232	477	703	703	235	0.983	0.323
LOKIASV2_0973_ESMFold_acetate--CoA_ligase_family_protein	MGYP001155991848.pdb.gz	MGYP001155991848.pdb.gz	9.465E-24	1.000	835	4	232	232	472	702	898	234	0.987	0.257
LOKIASV2_0973_ESMFold_acetate--CoA_ligase_family_protein	MGYP000473982490.pdb.gz	MGYP000473982490.pdb.gz	9.465E-24	1.000	834	18	230	232	6	217	228	217	0.918	0.930
LOKIASV2_0973_ESMFold_acetate--CoA_ligase_family_protein	MGYP001552491627.pdb.gz	MGYP001552491627.pdb.gz	1.206E-23	1.000	834	17	231	232	231	447	447	225	0.927	0.485
LOKIASV2_0973_ESMFold_acetate--CoA_ligase_family_protein	MGYP003288113279.pdb.gz	MGYP003288113279.pdb.gz	3.381E-23	1.000	834	4	231	232	666	891	903	231	0.983	0.250
LOKIASV2_0973_ESMFold_acetate--CoA_ligase_family_protein	MGYP001562128130.pdb.gz	MGYP001562128130.pdb.gz	6.990E-24	1.000	833	18	231	232	2	206	206	217	0.922	0.995
LOKIASV2_0973_ESMFold_acetate--CoA_ligase_family_protein	MGYP001320338429.pdb.gz	MGYP001320338429.pdb.gz	1.842E-24	1.000	833	17	232	232	1	214	215	222	0.931	0.995
LOKIASV2_0973_ESMFold_acetate--CoA_ligase_family_protein	MGYP000583657464.pdb.gz	MGYP000583657464.pdb.gz	1.135E-23	1.000	833	19	232	232	2	213	219	216	0.922	0.968
LOKIASV2_0973_ESMFold_acetate--CoA_ligase_family_protein	MGYP000207746136.pdb.gz	MGYP000207746136.pdb.gz	1.282E-23	1.000	833	4	232	232	6	233	731	233	0.987	0.312
LOKIASV2_0973_ESMFold_acetate--CoA_ligase_family_protein	MGYP001567379890.pdb.gz	MGYP001567379890.pdb.gz	2.494E-24	1.000	832	7	231	232	4	219	219	228	0.970	0.986
LOKIASV2_0973_ESMFold_acetate--CoA_ligase_family_protein	MGYP000491596215.pdb.gz	MGYP000491596215.pdb.gz	2.082E-23	1.000	832	1	232	232	14	252	256	243	1.000	0.934
LOKIASV2_0973_ESMFold_acetate--CoA_ligase_family_protein	MGYP003566133819.pdb.gz	MGYP003566133819.pdb.gz	6.990E-24	1.000	832	17	232	232	489	707	707	223	0.931	0.310
LOKIASV2_0973_ESMFold_acetate--CoA_ligase_family_protein	MGYP001814972038.pdb.gz	MGYP001814972038.pdb.gz	4.056E-23	1.000	831	17	232	232	180	388	392	217	0.931	0.533
LOKIASV2_0973_ESMFold_acetate--CoA_ligase_family_protein	MGYP003566415454.pdb.gz	MGYP003566415454.pdb.gz	6.990E-24	1.000	831	1	232	232	476	704	704	239	1.000	0.325
LOKIASV2_0973_ESMFold_acetate--CoA_ligase_family_protein	MGYP000992449543.pdb.gz	MGYP000992449543.pdb.gz	8.395E-23	1.000	831	17	232	232	494	711	718	222	0.931	0.304
LOKIASV2_0973_ESMFold_acetate--CoA_ligase_family_protein	MGYP001096359415.pdb.gz	MGYP001096359415.pdb.gz	1.362E-23	1.000	831	18	232	232	503	718	725	220	0.927	0.298
LOKIASV2_0973_ESMFold_acetate--CoA_ligase_family_protein	MGYP002631179193.pdb.gz	MGYP002631179193.pdb.gz	2.995E-23	1.000	830	17	232	232	8	220	220	217	0.931	0.968
LOKIASV2_0973_ESMFold_acetate--CoA_ligase_family_protein	MGYP000750278846.pdb.gz	MGYP000750278846.pdb.gz	1.447E-23	1.000	830	1	232	232	2	224	225	233	1.000	0.991
LOKIASV2_0973_ESMFold_acetate--CoA_ligase_family_protein	MGYP000019031384.pdb.gz	MGYP000019031384.pdb.gz	4.573E-24	1.000	830	15	230	232	9	226	226	226	0.931	0.965
LOKIASV2_0973_ESMFold_acetate--CoA_ligase_family_protein	MGYP000424568628.pdb.gz	MGYP000424568628.pdb.gz	1.206E-23	1.000	830	7	232	232	9	225	227	227	0.974	0.956
LOKIASV2_0973_ESMFold_acetate--CoA_ligase_family_protein	MGYP003647734092.pdb.gz	MGYP003647734092.pdb.gz	1.736E-23	1.000	830	17	232	232	480	696	699	225	0.931	0.310
LOKIASV2_0973_ESMFold_acetate--CoA_ligase_family_protein	MGYP000580738239.pdb.gz	MGYP000580738239.pdb.gz	6.579E-24	1.000	829	17	230	232	2	212	212	221	0.922	0.995
LOKIASV2_0973_ESMFold_acetate--CoA_ligase_family_protein	MGYP001214145644.pdb.gz	MGYP001214145644.pdb.gz	2.653E-23	1.000	829	17	232	232	5	213	213	216	0.931	0.981
LOKIASV2_0973_ESMFold_acetate--CoA_ligase_family_protein	MGYP001550453916.pdb.gz	MGYP001550453916.pdb.gz	1.362E-23	1.000	829	16	231	232	4	222	224	227	0.931	0.978
LOKIASV2_0973_ESMFold_acetate--CoA_ligase_family_protein	MGYP002040724509.pdb.gz	MGYP002040724509.pdb.gz	3.178E-24	1.000	829	18	232	232	480	698	709	222	0.927	0.309
LOKIASV2_0973_ESMFold_acetate--CoA_ligase_family_protein	MGYP000545818650.pdb.gz	MGYP000545818650.pdb.gz	1.208E-22	1.000	829	1	232	232	489	715	715	233	1.000	0.317
LOKIASV2_0973_ESMFold_acetate--CoA_ligase_family_protein	MGYP001104330573.pdb.gz	MGYP001104330573.pdb.gz	1.362E-23	1.000	829	1	230	232	472	703	724	237	0.991	0.320
LOKIASV2_0973_ESMFold_acetate--CoA_ligase_family_protein	MGYP003110122664.pdb.gz	MGYP003110122664.pdb.gz	1.844E-23	1.000	829	4	231	232	483	715	725	238	0.983	0.321
LOKIASV2_0973_ESMFold_acetate--CoA_ligase_family_protein	MGYP000954125233.pdb.gz	MGYP000954125233.pdb.gz	3.812E-24	1.000	828	1	230	232	26	250	255	233	0.991	0.882
LOKIASV2_0973_ESMFold_acetate--CoA_ligase_family_protein	MGYP000996438343.pdb.gz	MGYP000996438343.pdb.gz	3.592E-23	1.000	828	7	232	232	467	683	684	226	0.974	0.317
LOKIASV2_0973_ESMFold_acetate--CoA_ligase_family_protein	MGYP001211092846.pdb.gz	MGYP001211092846.pdb.gz	5.485E-24	1.000	828	17	230	232	482	698	704	225	0.922	0.308
LOKIASV2_0973_ESMFold_acetate--CoA_ligase_family_protein	MGYP000491682053.pdb.gz	MGYP000491682053.pdb.gz	4.056E-23	1.000	828	4	232	232	484	712	712	235	0.987	0.322
LOKIASV2_0973_ESMFold_acetate--CoA_ligase_family_protein	MGYP000538135662.pdb.gz	MGYP000538135662.pdb.gz	2.350E-23	1.000	828	3	230	232	493	720	725	237	0.983	0.314
LOKIASV2_0973_ESMFold_acetate--CoA_ligase_family_protein	MGYP000502635908.pdb.gz	MGYP000502635908.pdb.gz	9.465E-24	1.000	827	17	232	232	14	228	233	220	0.931	0.923
LOKIASV2_0973_ESMFold_acetate--CoA_ligase_family_protein	MGYP002628082639.pdb.gz	MGYP002628082639.pdb.gz	1.736E-23	1.000	827	18	232	232	484	698	698	219	0.927	0.308
LOKIASV2_0973_ESMFold_acetate--CoA_ligase_family_protein	MGYP000383306859.pdb.gz	MGYP000383306859.pdb.gz	5.162E-24	1.000	827	17	232	232	526	751	756	231	0.931	0.299
LOKIASV2_0973_ESMFold_acetate--CoA_ligase_family_protein	MGYP001125526005.pdb.gz	MGYP001125526005.pdb.gz	6.999E-23	1.000	826	23	232	232	2	206	207	210	0.905	0.990
LOKIASV2_0973_ESMFold_acetate--CoA_ligase_family_protein	MGYP000176748319.pdb.gz	MGYP000176748319.pdb.gz	1.447E-23	1.000	826	17	232	232	7	212	212	216	0.931	0.972
LOKIASV2_0973_ESMFold_acetate--CoA_ligase_family_protein	MGYP001094290613.pdb.gz	MGYP001094290613.pdb.gz	1.280E-24	1.000	826	4	232	232	7	237	238	245	0.987	0.971
LOKIASV2_0973_ESMFold_acetate--CoA_ligase_family_protein	MGYP000582336737.pdb.gz	MGYP000582336737.pdb.gz	7.891E-24	1.000	826	16	231	232	314	528	539	222	0.931	0.399
LOKIASV2_0973_ESMFold_acetate--CoA_ligase_family_protein	MGYP001081321724.pdb.gz	MGYP001081321724.pdb.gz	2.079E-24	1.000	826	17	232	232	480	696	696	223	0.931	0.312
LOKIASV2_0973_ESMFold_acetate--CoA_ligase_family_protein	MGYP002641038975.pdb.gz	MGYP002641038975.pdb.gz	1.633E-23	1.000	825	18	230	232	498	712	722	221	0.918	0.298
LOKIASV2_0973_ESMFold_acetate--CoA_ligase_family_protein	MGYP001616509324.pdb.gz	MGYP001616509324.pdb.gz	1.537E-23	1.000	824	17	232	232	4	207	209	216	0.931	0.976
LOKIASV2_0973_ESMFold_acetate--CoA_ligase_family_protein	MGYP000742803559.pdb.gz	MGYP000742803559.pdb.gz	5.169E-23	1.000	824	4	231	232	469	691	693	230	0.983	0.322
LOKIASV2_0973_ESMFold_acetate--CoA_ligase_family_protein	MGYP001344921015.pdb.gz	MGYP001344921015.pdb.gz	1.069E-23	1.000	824	17	232	232	481	698	699	222	0.931	0.312
LOKIASV2_0973_ESMFold_acetate--CoA_ligase_family_protein	MGYP003575197528.pdb.gz	MGYP003575197528.pdb.gz	1.135E-23	1.000	824	4	232	232	473	704	707	236	0.987	0.328
LOKIASV2_0973_ESMFold_acetate--CoA_ligase_family_protein	MGYP001311041052.pdb.gz	MGYP001311041052.pdb.gz	9.465E-24	1.000	824	1	230	232	470	704	896	240	0.991	0.262
LOKIASV2_0973_ESMFold_acetate--CoA_ligase_family_protein	MGYP002622584153.pdb.gz	MGYP002622584153.pdb.gz	7.427E-24	1.000	823	17	231	232	481	690	702	218	0.927	0.299
LOKIASV2_0973_ESMFold_acetate--CoA_ligase_family_protein	MGYP002515190060.pdb.gz	MGYP002515190060.pdb.gz	1.069E-23	1.000	823	1	232	232	475	703	703	239	1.000	0.326
LOKIASV2_0973_ESMFold_acetate--CoA_ligase_family_protein	MGYP001606008451.pdb.gz	MGYP001606008451.pdb.gz	1.208E-22	1.000	822	17	231	232	4	213	213	217	0.927	0.986
LOKIASV2_0973_ESMFold_acetate--CoA_ligase_family_protein	MGYP001594137015.pdb.gz	MGYP001594137015.pdb.gz	4.865E-23	1.000	821	18	229	232	2	208	208	212	0.914	0.995
LOKIASV2_0973_ESMFold_acetate--CoA_ligase_family_protein	MGYP001393121961.pdb.gz	MGYP001393121961.pdb.gz	4.573E-24	1.000	821	1	230	232	3	226	231	232	0.991	0.970
LOKIASV2_0973_ESMFold_acetate--CoA_ligase_family_protein	MGYP001037680621.pdb.gz	MGYP001037680621.pdb.gz	5.828E-24	1.000	821	18	232	232	481	690	694	220	0.927	0.303
LOKIASV2_0973_ESMFold_acetate--CoA_ligase_family_protein	MGYP001239186673.pdb.gz	MGYP001239186673.pdb.gz	2.350E-23	1.000	821	18	232	232	482	698	700	225	0.927	0.310
LOKIASV2_0973_ESMFold_acetate--CoA_ligase_family_protein	MGYP000979446022.pdb.gz	MGYP000979446022.pdb.gz	2.819E-23	1.000	821	17	232	232	7	220	722	218	0.931	0.296
LOKIASV2_0973_ESMFold_acetate--CoA_ligase_family_protein	MGYP001192204006.pdb.gz	MGYP001192204006.pdb.gz	2.084E-22	1.000	820	20	229	232	476	683	684	212	0.905	0.304
LOKIASV2_0973_ESMFold_acetate--CoA_ligase_family_protein	MGYP000474432630.pdb.gz	MGYP000474432630.pdb.gz	1.844E-23	1.000	820	18	232	232	484	691	700	218	0.927	0.297
LOKIASV2_0973_ESMFold_acetate--CoA_ligase_family_protein	MGYP000897750941.pdb.gz	MGYP000897750941.pdb.gz	5.828E-24	1.000	820	17	232	232	479	700	704	225	0.931	0.315
LOKIASV2_0973_ESMFold_acetate--CoA_ligase_family_protein	MGYP002545164706.pdb.gz	MGYP002545164706.pdb.gz	4.309E-23	1.000	819	17	232	232	3	218	218	222	0.931	0.991
LOKIASV2_0973_ESMFold_acetate--CoA_ligase_family_protein	MGYP001105407262.pdb.gz	MGYP001105407262.pdb.gz	3.381E-23	1.000	819	17	232	232	178	384	389	217	0.931	0.532
LOKIASV2_0973_ESMFold_acetate--CoA_ligase_family_protein	MGYP001369303151.pdb.gz	MGYP001369303151.pdb.gz	1.137E-22	1.000	819	17	232	232	477	683	683	218	0.931	0.303
LOKIASV2_0973_ESMFold_acetate--CoA_ligase_family_protein	MGYP003945479373.pdb.gz	MGYP003945479373.pdb.gz	7.891E-24	1.000	819	20	232	232	491	706	710	220	0.918	0.304
LOKIASV2_0973_ESMFold_acetate--CoA_ligase_family_protein	MGYP001028717934.pdb.gz	MGYP001028717934.pdb.gz	6.579E-24	1.000	819	9	232	232	487	716	722	233	0.966	0.319
LOKIASV2_0973_ESMFold_acetate--CoA_ligase_family_protein	MGYP001563545522.pdb.gz	MGYP001563545522.pdb.gz	2.656E-22	1.000	819	4	232	232	370	600	783	235	0.987	0.295
LOKIASV2_0973_ESMFold_acetate--CoA_ligase_family_protein	MGYP000661873565.pdb.gz	MGYP000661873565.pdb.gz	2.082E-23	1.000	818	1	231	232	413	644	644	239	0.996	0.360
LOKIASV2_0973_ESMFold_acetate--CoA_ligase_family_protein	MGYP000380253027.pdb.gz	MGYP000380253027.pdb.gz	1.736E-23	1.000	818	17	232	232	483	685	686	216	0.931	0.296
LOKIASV2_0973_ESMFold_acetate--CoA_ligase_family_protein	MGYP000432982404.pdb.gz	MGYP000432982404.pdb.gz	1.007E-22	1.000	817	17	230	232	299	510	518	216	0.922	0.409
LOKIASV2_0973_ESMFold_acetate--CoA_ligase_family_protein	MGYP001189454711.pdb.gz	MGYP001189454711.pdb.gz	5.169E-23	1.000	817	4	232	232	443	663	673	230	0.987	0.328
LOKIASV2_0973_ESMFold_acetate--CoA_ligase_family_protein	MGYP001424556764.pdb.gz	MGYP001424556764.pdb.gz	3.182E-23	1.000	817	1	232	232	462	694	694	241	1.000	0.336
LOKIASV2_0973_ESMFold_acetate--CoA_ligase_family_protein	MGYP001822192817.pdb.gz	MGYP001822192817.pdb.gz	1.959E-23	1.000	817	1	232	232	1	225	726	233	1.000	0.310
LOKIASV2_0973_ESMFold_acetate--CoA_ligase_family_protein	MGYP000747382091.pdb.gz	MGYP000747382091.pdb.gz	6.587E-23	1.000	817	17	232	232	486	702	893	220	0.931	0.243
LOKIASV2_0973_ESMFold_acetate--CoA_ligase_family_protein	MGYP001216315634.pdb.gz	MGYP001216315634.pdb.gz	4.865E-23	1.000	816	17	232	232	2	213	215	217	0.931	0.986
LOKIASV2_0973_ESMFold_acetate--CoA_ligase_family_protein	MGYP001078323355.pdb.gz	MGYP001078323355.pdb.gz	5.492E-23	1.000	816	2	231	232	67	299	392	237	0.991	0.594
LOKIASV2_0973_ESMFold_acetate--CoA_ligase_family_protein	MGYP003630097698.pdb.gz	MGYP003630097698.pdb.gz	4.056E-23	1.000	816	17	232	232	480	696	706	223	0.931	0.307
LOKIASV2_0973_ESMFold_acetate--CoA_ligase_family_protein	MGYP000523519621.pdb.gz	MGYP000523519621.pdb.gz	1.537E-23	1.000	816	17	232	232	502	717	720	223	0.931	0.300
LOKIASV2_0973_ESMFold_acetate--CoA_ligase_family_protein	MGYP001245913935.pdb.gz	MGYP001245913935.pdb.gz	4.865E-23	1.000	816	4	232	232	6	230	732	230	0.987	0.307
LOKIASV2_0973_ESMFold_acetate--CoA_ligase_family_protein	MGYP002721039696.pdb.gz	MGYP002721039696.pdb.gz	5.492E-23	1.000	816	4	232	232	442	670	852	234	0.987	0.269
LOKIASV2_0973_ESMFold_acetate--CoA_ligase_family_protein	MGYP003693961985.pdb.gz	MGYP003693961985.pdb.gz	1.070E-22	1.000	815	3	231	232	1	228	238	234	0.987	0.958
LOKIASV2_0973_ESMFold_acetate--CoA_ligase_family_protein	MGYP001262694510.pdb.gz	MGYP001262694510.pdb.gz	8.384E-24	1.000	815	17	232	232	481	697	697	221	0.931	0.311
LOKIASV2_0973_ESMFold_acetate--CoA_ligase_family_protein	MGYP000204838380.pdb.gz	MGYP000204838380.pdb.gz	1.539E-22	1.000	814	28	232	232	2	207	207	210	0.884	0.995
LOKIASV2_0973_ESMFold_acetate--CoA_ligase_family_protein	MGYP000990241589.pdb.gz	MGYP000990241589.pdb.gz	1.282E-23	1.000	814	17	232	232	3	215	218	221	0.931	0.977
LOKIASV2_0973_ESMFold_acetate--CoA_ligase_family_protein	MGYP001414943045.pdb.gz	MGYP001414943045.pdb.gz	1.362E-23	1.000	814	17	230	232	122	338	353	221	0.922	0.615
LOKIASV2_0973_ESMFold_acetate--CoA_ligase_family_protein	MGYP001081374975.pdb.gz	MGYP001081374975.pdb.gz	1.636E-22	1.000	814	4	232	232	473	703	890	234	0.987	0.260
LOKIASV2_0973_ESMFold_acetate--CoA_ligase_family_protein	MGYP001570118112.pdb.gz	MGYP001570118112.pdb.gz	1.208E-22	1.000	813	18	230	232	5	212	212	215	0.918	0.981
LOKIASV2_0973_ESMFold_acetate--CoA_ligase_family_protein	MGYP003338319818.pdb.gz	MGYP003338319818.pdb.gz	6.200E-23	1.000	813	24	231	232	2	212	212	217	0.897	0.995
LOKIASV2_0973_ESMFold_acetate--CoA_ligase_family_protein	MGYP000008562460.pdb.gz	MGYP000008562460.pdb.gz	5.828E-24	1.000	813	18	231	232	23	225	225	216	0.922	0.902
LOKIASV2_0973_ESMFold_acetate--CoA_ligase_family_protein	MGYP001351575867.pdb.gz	MGYP001351575867.pdb.gz	2.497E-23	1.000	813	17	232	232	482	700	702	227	0.931	0.312
LOKIASV2_0973_ESMFold_acetate--CoA_ligase_family_protein	MGYP001256917580.pdb.gz	MGYP001256917580.pdb.gz	1.844E-23	1.000	813	1	232	232	482	703	707	232	1.000	0.314
LOKIASV2_0973_ESMFold_acetate--CoA_ligase_family_protein	MGYP000403130865.pdb.gz	MGYP000403130865.pdb.gz	2.500E-22	1.000	813	21	232	232	511	713	714	212	0.914	0.284
LOKIASV2_0973_ESMFold_acetate--CoA_ligase_family_protein	MGYP001570913755.pdb.gz	MGYP001570913755.pdb.gz	6.999E-23	1.000	813	4	232	232	503	759	875	260	0.987	0.294
LOKIASV2_0973_ESMFold_acetate--CoA_ligase_family_protein	MGYP000937768275.pdb.gz	MGYP000937768275.pdb.gz	6.587E-23	1.000	812	17	230	232	10	221	722	216	0.922	0.294
LOKIASV2_0973_ESMFold_acetate--CoA_ligase_family_protein	MGYP000108740538.pdb.gz	MGYP000108740538.pdb.gz	1.844E-23	1.000	812	7	232	232	491	719	730	237	0.974	0.314
LOKIASV2_0973_ESMFold_acetate--CoA_ligase_family_protein	MGYP001029502455.pdb.gz	MGYP001029502455.pdb.gz	5.169E-23	1.000	812	4	230	232	479	706	895	233	0.978	0.255
LOKIASV2_0973_ESMFold_acetate--CoA_ligase_family_protein	MGYP001469462135.pdb.gz	MGYP001469462135.pdb.gz	4.309E-23	1.000	811	2	232	232	7	233	736	232	0.996	0.308
LOKIASV2_0973_ESMFold_acetate--CoA_ligase_family_protein	MGYP000135285181.pdb.gz	MGYP000135285181.pdb.gz	5.835E-23	1.000	810	21	232	232	2	200	201	212	0.914	0.990
LOKIASV2_0973_ESMFold_acetate--CoA_ligase_family_protein	MGYP000028695903.pdb.gz	MGYP000028695903.pdb.gz	2.212E-23	1.000	810	17	232	232	490	702	702	221	0.931	0.303
LOKIASV2_0973_ESMFold_acetate--CoA_ligase_family_protein	MGYP001203683357.pdb.gz	MGYP001203683357.pdb.gz	1.282E-23	1.000	810	4	231	232	507	740	743	241	0.983	0.315
LOKIASV2_0973_ESMFold_acetate--CoA_ligase_family_protein	MGYP000927956204.pdb.gz	MGYP000927956204.pdb.gz	5.492E-23	1.000	809	20	232	232	47	259	262	217	0.918	0.813
LOKIASV2_0973_ESMFold_acetate--CoA_ligase_family_protein	MGYP002713118984.pdb.gz	MGYP002713118984.pdb.gz	1.633E-23	1.000	809	4	231	232	491	718	724	235	0.983	0.315
LOKIASV2_0973_ESMFold_acetate--CoA_ligase_family_protein	MGYP002638839880.pdb.gz	MGYP002638839880.pdb.gz	2.991E-24	1.000	809	4	232	232	482	728	728	250	0.987	0.339
LOKIASV2_0973_ESMFold_acetate--CoA_ligase_family_protein	MGYP001329954156.pdb.gz	MGYP001329954156.pdb.gz	2.215E-22	1.000	808	17	232	232	372	589	589	222	0.931	0.370
LOKIASV2_0973_ESMFold_acetate--CoA_ligase_family_protein	MGYP001583969691.pdb.gz	MGYP001583969691.pdb.gz	1.282E-23	1.000	808	1	230	232	475	710	713	243	0.991	0.331
LOKIASV2_0973_ESMFold_acetate--CoA_ligase_family_protein	MGYP001136664428.pdb.gz	MGYP001136664428.pdb.gz	7.436E-23	1.000	808	17	232	232	5	218	732	218	0.931	0.292
LOKIASV2_0973_ESMFold_acetate--CoA_ligase_family_protein	MGYP001585106350.pdb.gz	MGYP001585106350.pdb.gz	3.597E-22	1.000	808	18	232	232	518	731	737	218	0.927	0.290
LOKIASV2_0973_ESMFold_acetate--CoA_ligase_family_protein	MGYP001576017542.pdb.gz	MGYP001576017542.pdb.gz	7.436E-23	1.000	807	18	230	232	2	207	207	213	0.918	0.995
LOKIASV2_0973_ESMFold_acetate--CoA_ligase_family_protein	MGYP001020478058.pdb.gz	MGYP001020478058.pdb.gz	6.200E-23	1.000	807	4	231	232	467	696	887	233	0.983	0.259
LOKIASV2_0973_ESMFold_acetate--CoA_ligase_family_protein	MGYP000427522521.pdb.gz	MGYP000427522521.pdb.gz	5.835E-23	1.000	806	4	232	232	478	698	698	230	0.987	0.317
LOKIASV2_0973_ESMFold_acetate--CoA_ligase_family_protein	MGYP001245348384.pdb.gz	MGYP001245348384.pdb.gz	6.999E-23	1.000	805	17	232	232	471	675	678	217	0.931	0.302
LOKIASV2_0973_ESMFold_acetate--CoA_ligase_family_protein	MGYP001156609718.pdb.gz	MGYP001156609718.pdb.gz	2.350E-23	1.000	805	3	232	232	473	699	699	236	0.991	0.325
LOKIASV2_0973_ESMFold_acetate--CoA_ligase_family_protein	MGYP002525740012.pdb.gz	MGYP002525740012.pdb.gz	4.865E-23	1.000	805	17	231	232	480	695	705	221	0.927	0.306
LOKIASV2_0973_ESMFold_acetate--CoA_ligase_family_protein	MGYP000901783595.pdb.gz	MGYP000901783595.pdb.gz	8.395E-23	1.000	804	17	232	232	480	697	699	224	0.931	0.312
LOKIASV2_0973_ESMFold_acetate--CoA_ligase_family_protein	MGYP001335432443.pdb.gz	MGYP001335432443.pdb.gz	5.835E-23	1.000	804	4	231	232	472	701	707	234	0.983	0.325
LOKIASV2_0973_ESMFold_acetate--CoA_ligase_family_protein	MGYP000424268982.pdb.gz	MGYP000424268982.pdb.gz	4.865E-23	1.000	804	19	232	232	492	709	714	223	0.922	0.305
LOKIASV2_0973_ESMFold_acetate--CoA_ligase_family_protein	MGYP001319006996.pdb.gz	MGYP001319006996.pdb.gz	7.436E-23	1.000	804	16	232	232	497	715	715	225	0.935	0.306
LOKIASV2_0973_ESMFold_acetate--CoA_ligase_family_protein	MGYP000470955136.pdb.gz	MGYP000470955136.pdb.gz	1.007E-22	1.000	803	18	232	232	11	216	231	216	0.927	0.892
LOKIASV2_0973_ESMFold_acetate--CoA_ligase_family_protein	MGYP001011281523.pdb.gz	MGYP001011281523.pdb.gz	6.999E-23	1.000	803	4	232	232	469	696	696	237	0.987	0.328
LOKIASV2_0973_ESMFold_acetate--CoA_ligase_family_protein	MGYP000347179233.pdb.gz	MGYP000347179233.pdb.gz	1.738E-22	1.000	803	3	232	232	482	713	907	235	0.991	0.256
LOKIASV2_0973_ESMFold_acetate--CoA_ligase_family_protein	MGYP001108976910.pdb.gz	MGYP001108976910.pdb.gz	1.206E-23	1.000	802	29	232	232	2	208	218	211	0.879	0.950
LOKIASV2_0973_ESMFold_acetate--CoA_ligase_family_protein	MGYP000241016322.pdb.gz	MGYP000241016322.pdb.gz	2.995E-23	1.000	801	4	232	232	484	709	709	232	0.987	0.319
LOKIASV2_0973_ESMFold_acetate--CoA_ligase_family_protein	MGYP001407139192.pdb.gz	MGYP001407139192.pdb.gz	4.865E-23	1.000	800	4	231	232	86	314	328	235	0.983	0.698
LOKIASV2_0973_ESMFold_acetate--CoA_ligase_family_protein	MGYP001052970117.pdb.gz	MGYP001052970117.pdb.gz	5.492E-23	1.000	800	20	230	232	488	701	712	220	0.909	0.301
LOKIASV2_0973_ESMFold_acetate--CoA_ligase_family_protein	MGYP000052913233.pdb.gz	MGYP000052913233.pdb.gz	2.084E-22	1.000	800	17	231	232	508	724	724	223	0.927	0.300
LOKIASV2_0973_ESMFold_acetate--CoA_ligase_family_protein	MGYP001565255058.pdb.gz	MGYP001565255058.pdb.gz	7.436E-23	1.000	799	17	228	232	3	204	206	212	0.914	0.981
LOKIASV2_0973_ESMFold_acetate--CoA_ligase_family_protein	MGYP001361135466.pdb.gz	MGYP001361135466.pdb.gz	5.169E-23	1.000	799	1	232	232	464	685	685	232	1.000	0.324
LOKIASV2_0973_ESMFold_acetate--CoA_ligase_family_protein	MGYP000754093606.pdb.gz	MGYP000754093606.pdb.gz	1.208E-22	1.000	799	17	232	232	483	691	697	217	0.931	0.300
LOKIASV2_0973_ESMFold_acetate--CoA_ligase_family_protein	MGYP001156510641.pdb.gz	MGYP001156510641.pdb.gz	1.364E-22	1.000	799	1	232	232	478	704	714	235	1.000	0.318
LOKIASV2_0973_ESMFold_acetate--CoA_ligase_family_protein	MGYP000541797602.pdb.gz	MGYP000541797602.pdb.gz	1.636E-22	1.000	798	19	232	232	485	701	701	221	0.922	0.310
LOKIASV2_0973_ESMFold_acetate--CoA_ligase_family_protein	MGYP002640995859.pdb.gz	MGYP002640995859.pdb.gz	4.309E-23	1.000	798	19	232	232	487	703	704	223	0.922	0.308
LOKIASV2_0973_ESMFold_acetate--CoA_ligase_family_protein	MGYP001190254082.pdb.gz	MGYP001190254082.pdb.gz	5.835E-23	1.000	798	19	232	232	491	705	705	221	0.922	0.305
LOKIASV2_0973_ESMFold_acetate--CoA_ligase_family_protein	MGYP001586031935.pdb.gz	MGYP001586031935.pdb.gz	9.477E-23	1.000	797	17	231	232	2	204	204	215	0.927	0.995
LOKIASV2_0973_ESMFold_acetate--CoA_ligase_family_protein	MGYP003362080396.pdb.gz	MGYP003362080396.pdb.gz	8.395E-23	1.000	797	18	232	232	478	684	684	218	0.927	0.303
LOKIASV2_0973_ESMFold_acetate--CoA_ligase_family_protein	MGYP001418849311.pdb.gz	MGYP001418849311.pdb.gz	2.215E-22	1.000	796	17	231	232	483	700	707	222	0.927	0.308
LOKIASV2_0973_ESMFold_acetate--CoA_ligase_family_protein	MGYP001297123007.pdb.gz	MGYP001297123007.pdb.gz	1.738E-22	1.000	796	1	231	232	399	634	827	240	0.996	0.285
LOKIASV2_0973_ESMFold_acetate--CoA_ligase_family_protein	MGYP001017161472.pdb.gz	MGYP001017161472.pdb.gz	8.920E-23	1.000	795	18	232	232	3	210	212	216	0.927	0.981
LOKIASV2_0973_ESMFold_acetate--CoA_ligase_family_protein	MGYP003383343777.pdb.gz	MGYP003383343777.pdb.gz	2.999E-22	1.000	795	9	232	232	3	219	219	225	0.966	0.991
LOKIASV2_0973_ESMFold_acetate--CoA_ligase_family_protein	MGYP000645730297.pdb.gz	MGYP000645730297.pdb.gz	2.995E-23	1.000	795	1	231	232	277	502	502	234	0.996	0.450
LOKIASV2_0973_ESMFold_acetate--CoA_ligase_family_protein	MGYP001221554804.pdb.gz	MGYP001221554804.pdb.gz	1.208E-22	1.000	795	18	231	232	492	705	705	219	0.922	0.304
LOKIASV2_0973_ESMFold_acetate--CoA_ligase_family_protein	MGYP003588017645.pdb.gz	MGYP003588017645.pdb.gz	7.901E-23	1.000	794	33	231	232	2	203	203	206	0.858	0.995
LOKIASV2_0973_ESMFold_acetate--CoA_ligase_family_protein	MGYP001443620819.pdb.gz	MGYP001443620819.pdb.gz	1.007E-22	1.000	794	17	231	232	169	385	385	223	0.927	0.564
LOKIASV2_0973_ESMFold_acetate--CoA_ligase_family_protein	MGYP000358227751.pdb.gz	MGYP000358227751.pdb.gz	7.901E-23	1.000	794	17	231	232	368	584	607	222	0.927	0.357
LOKIASV2_0973_ESMFold_acetate--CoA_ligase_family_protein	MGYP000335627377.pdb.gz	MGYP000335627377.pdb.gz	1.539E-22	1.000	794	1	232	232	465	695	695	237	1.000	0.332
LOKIASV2_0973_ESMFold_acetate--CoA_ligase_family_protein	MGYP003566192172.pdb.gz	MGYP003566192172.pdb.gz	8.395E-23	1.000	794	19	232	232	497	713	722	225	0.922	0.301
LOKIASV2_0973_ESMFold_acetate--CoA_ligase_family_protein	MGYP001113659418.pdb.gz	MGYP001113659418.pdb.gz	6.596E-22	1.000	793	33	232	232	1	194	194	200	0.862	1.000
LOKIASV2_0973_ESMFold_acetate--CoA_ligase_family_protein	MGYP000260909568.pdb.gz	MGYP000260909568.pdb.gz	4.578E-23	1.000	793	4	232	232	57	272	272	230	0.987	0.794
LOKIASV2_0973_ESMFold_acetate--CoA_ligase_family_protein	MGYP001819782889.pdb.gz	MGYP001819782889.pdb.gz	1.846E-22	1.000	793	3	213	232	193	400	402	212	0.909	0.517
LOKIASV2_0973_ESMFold_acetate--CoA_ligase_family_protein	MGYP001100937386.pdb.gz	MGYP001100937386.pdb.gz	7.436E-23	1.000	793	2	232	232	479	712	716	242	0.996	0.327
LOKIASV2_0973_ESMFold_acetate--CoA_ligase_family_protein	MGYP001585278338.pdb.gz	MGYP001585278338.pdb.gz	7.436E-23	1.000	793	4	232	232	487	717	721	238	0.987	0.320
LOKIASV2_0973_ESMFold_acetate--CoA_ligase_family_protein	MGYP001041611304.pdb.gz	MGYP001041611304.pdb.gz	6.208E-22	1.000	792	17	231	232	480	695	695	220	0.927	0.311
LOKIASV2_0973_ESMFold_acetate--CoA_ligase_family_protein	MGYP001594038387.pdb.gz	MGYP001594038387.pdb.gz	4.315E-22	1.000	792	17	232	232	478	694	702	221	0.931	0.309
LOKIASV2_0973_ESMFold_acetate--CoA_ligase_family_protein	MGYP003330513009.pdb.gz	MGYP003330513009.pdb.gz	8.395E-23	1.000	792	7	232	232	473	693	706	228	0.974	0.313
LOKIASV2_0973_ESMFold_acetate--CoA_ligase_family_protein	MGYP000503883938.pdb.gz	MGYP000503883938.pdb.gz	1.962E-22	1.000	791	18	232	232	473	676	679	216	0.927	0.300
LOKIASV2_0973_ESMFold_acetate--CoA_ligase_family_protein	MGYP001095326895.pdb.gz	MGYP001095326895.pdb.gz	4.584E-22	1.000	791	18	230	232	474	681	692	213	0.918	0.301
LOKIASV2_0973_ESMFold_acetate--CoA_ligase_family_protein	MGYP000764339130.pdb.gz	MGYP000764339130.pdb.gz	6.587E-23	1.000	791	1	232	232	490	716	716	237	1.000	0.317
LOKIASV2_0973_ESMFold_acetate--CoA_ligase_family_protein	MGYP001606402706.pdb.gz	MGYP001606402706.pdb.gz	1.007E-22	1.000	790	18	231	232	2	206	206	218	0.922	0.995
LOKIASV2_0973_ESMFold_acetate--CoA_ligase_family_protein	MGYP000052223761.pdb.gz	MGYP000052223761.pdb.gz	7.436E-23	1.000	790	8	232	232	469	684	684	227	0.970	0.316
LOKIASV2_0973_ESMFold_acetate--CoA_ligase_family_protein	MGYP003575068826.pdb.gz	MGYP003575068826.pdb.gz	1.738E-22	1.000	790	8	232	232	453	681	686	235	0.970	0.334
LOKIASV2_0973_ESMFold_acetate--CoA_ligase_family_protein	MGYP000744766345.pdb.gz	MGYP000744766345.pdb.gz	2.084E-22	1.000	790	19	231	232	481	696	705	220	0.918	0.306
LOKIASV2_0973_ESMFold_acetate--CoA_ligase_family_protein	MGYP001394119374.pdb.gz	MGYP001394119374.pdb.gz	4.061E-22	1.000	790	19	231	232	489	704	707	220	0.918	0.306
LOKIASV2_0973_ESMFold_acetate--CoA_ligase_family_protein	MGYP000141524655.pdb.gz	MGYP000141524655.pdb.gz	4.061E-22	1.000	790	4	232	232	475	708	902	237	0.987	0.259
LOKIASV2_0973_ESMFold_acetate--CoA_ligase_family_protein	MGYP001417982283.pdb.gz	MGYP001417982283.pdb.gz	3.822E-22	1.000	789	17	232	232	4	218	221	219	0.931	0.973
LOKIASV2_0973_ESMFold_acetate--CoA_ligase_family_protein	MGYP001269081688.pdb.gz	MGYP001269081688.pdb.gz	1.283E-22	1.000	789	18	232	232	492	703	709	221	0.927	0.299
LOKIASV2_0973_ESMFold_acetate--CoA_ligase_family_protein	MGYP001327234420.pdb.gz	MGYP001327234420.pdb.gz	1.962E-22	1.000	789	19	231	232	499	712	712	218	0.918	0.301
LOKIASV2_0973_ESMFold_acetate--CoA_ligase_family_protein	MGYP003525989175.pdb.gz	MGYP003525989175.pdb.gz	5.842E-22	1.000	788	21	231	232	52	255	255	212	0.909	0.800
LOKIASV2_0973_ESMFold_acetate--CoA_ligase_family_protein	MGYP001813250929.pdb.gz	MGYP001813250929.pdb.gz	2.999E-22	1.000	788	18	231	232	118	324	324	215	0.922	0.639
LOKIASV2_0973_ESMFold_acetate--CoA_ligase_family_protein	MGYP000120414549.pdb.gz	MGYP000120414549.pdb.gz	5.835E-23	1.000	788	17	232	232	484	694	695	220	0.931	0.304
LOKIASV2_0973_ESMFold_acetate--CoA_ligase_family_protein	MGYP003586674496.pdb.gz	MGYP003586674496.pdb.gz	3.822E-22	1.000	788	17	231	232	480	696	700	221	0.927	0.310
LOKIASV2_0973_ESMFold_acetate--CoA_ligase_family_protein	MGYP000319887096.pdb.gz	MGYP000319887096.pdb.gz	6.208E-22	1.000	788	4	231	232	484	713	713	238	0.983	0.323
LOKIASV2_0973_ESMFold_acetate--CoA_ligase_family_protein	MGYP001215330076.pdb.gz	MGYP001215330076.pdb.gz	1.736E-23	1.000	787	26	232	232	2	210	210	214	0.892	0.995
LOKIASV2_0973_ESMFold_acetate--CoA_ligase_family_protein	MGYP001411012017.pdb.gz	MGYP001411012017.pdb.gz	5.842E-22	1.000	787	30	232	232	2	202	223	205	0.875	0.901
LOKIASV2_0973_ESMFold_acetate--CoA_ligase_family_protein	MGYP003365320172.pdb.gz	MGYP003365320172.pdb.gz	4.584E-22	1.000	786	17	231	232	486	702	702	221	0.927	0.309
LOKIASV2_0973_ESMFold_acetate--CoA_ligase_family_protein	MGYP001418338760.pdb.gz	MGYP001418338760.pdb.gz	2.995E-23	1.000	786	18	232	232	493	706	707	220	0.927	0.303
LOKIASV2_0973_ESMFold_acetate--CoA_ligase_family_protein	MGYP002647571638.pdb.gz	MGYP002647571638.pdb.gz	6.596E-22	1.000	786	17	232	232	483	700	707	223	0.931	0.308
LOKIASV2_0973_ESMFold_acetate--CoA_ligase_family_protein	MGYP001598781866.pdb.gz	MGYP001598781866.pdb.gz	1.364E-22	1.000	786	17	232	232	506	716	718	219	0.931	0.294
LOKIASV2_0973_ESMFold_acetate--CoA_ligase_family_protein	MGYP001555853502.pdb.gz	MGYP001555853502.pdb.gz	1.209E-21	1.000	786	4	232	232	476	706	894	234	0.987	0.258
LOKIASV2_0973_ESMFold_acetate--CoA_ligase_family_protein	MGYP001444972446.pdb.gz	MGYP001444972446.pdb.gz	2.656E-22	1.000	786	4	230	232	474	705	895	233	0.978	0.259
LOKIASV2_0973_ESMFold_acetate--CoA_ligase_family_protein	MGYP001547368704.pdb.gz	MGYP001547368704.pdb.gz	4.056E-23	1.000	785	26	232	232	2	207	207	213	0.892	0.995
LOKIASV2_0973_ESMFold_acetate--CoA_ligase_family_protein	MGYP001386633808.pdb.gz	MGYP001386633808.pdb.gz	7.436E-23	1.000	785	1	232	232	57	278	280	232	1.000	0.793
LOKIASV2_0973_ESMFold_acetate--CoA_ligase_family_protein	MGYP000035331101.pdb.gz	MGYP000035331101.pdb.gz	6.200E-23	1.000	785	1	232	232	82	309	314	236	1.000	0.726
LOKIASV2_0973_ESMFold_acetate--CoA_ligase_family_protein	MGYP001485663445.pdb.gz	MGYP001485663445.pdb.gz	2.656E-22	1.000	785	17	232	232	483	701	704	223	0.931	0.311
LOKIASV2_0973_ESMFold_acetate--CoA_ligase_family_protein	MGYP001211973982.pdb.gz	MGYP001211973982.pdb.gz	3.186E-22	1.000	784	19	226	232	1	211	212	217	0.897	0.995
LOKIASV2_0973_ESMFold_acetate--CoA_ligase_family_protein	MGYP001704866980.pdb.gz	MGYP001704866980.pdb.gz	1.070E-22	1.000	784	4	232	232	75	294	295	231	0.987	0.746
LOKIASV2_0973_ESMFold_acetate--CoA_ligase_family_protein	MGYP000388482160.pdb.gz	MGYP000388482160.pdb.gz	1.451E-21	1.000	784	20	232	232	481	694	694	218	0.918	0.308
LOKIASV2_0973_ESMFold_acetate--CoA_ligase_family_protein	MGYP001373091963.pdb.gz	MGYP001373091963.pdb.gz	1.962E-22	1.000	784	4	232	232	474	706	706	241	0.987	0.330
LOKIASV2_0973_ESMFold_acetate--CoA_ligase_family_protein	MGYP001615354816.pdb.gz	MGYP001615354816.pdb.gz	2.500E-22	1.000	783	18	230	232	5	212	212	215	0.918	0.981
LOKIASV2_0973_ESMFold_acetate--CoA_ligase_family_protein	MGYP003587833000.pdb.gz	MGYP003587833000.pdb.gz	4.061E-22	1.000	783	18	232	232	4	218	219	219	0.927	0.982
LOKIASV2_0973_ESMFold_acetate--CoA_ligase_family_protein	MGYP001335049099.pdb.gz	MGYP001335049099.pdb.gz	1.208E-22	1.000	783	19	232	232	488	703	704	222	0.922	0.307
LOKIASV2_0973_ESMFold_acetate--CoA_ligase_family_protein	MGYP000376599510.pdb.gz	MGYP000376599510.pdb.gz	6.596E-22	1.000	783	17	230	232	490	706	709	221	0.922	0.306
LOKIASV2_0973_ESMFold_acetate--CoA_ligase_family_protein	MGYP002683292793.pdb.gz	MGYP002683292793.pdb.gz	3.385E-22	1.000	782	47	230	232	7	193	193	188	0.793	0.969
LOKIASV2_0973_ESMFold_acetate--CoA_ligase_family_protein	MGYP000412771939.pdb.gz	MGYP000412771939.pdb.gz	2.084E-22	1.000	782	19	231	232	7	211	211	214	0.918	0.972
LOKIASV2_0973_ESMFold_acetate--CoA_ligase_family_protein	MGYP000969241452.pdb.gz	MGYP000969241452.pdb.gz	7.901E-23	1.000	782	17	232	232	3	216	219	220	0.931	0.977
LOKIASV2_0973_ESMFold_acetate--CoA_ligase_family_protein	MGYP003636600960.pdb.gz	MGYP003636600960.pdb.gz	3.597E-22	1.000	782	17	232	232	487	704	712	222	0.931	0.306
LOKIASV2_0973_ESMFold_acetate--CoA_ligase_family_protein	MGYP001560239250.pdb.gz	MGYP001560239250.pdb.gz	7.911E-22	1.000	781	4	231	232	662	888	907	233	0.983	0.250
LOKIASV2_0973_ESMFold_acetate--CoA_ligase_family_protein	MGYP000865436187.pdb.gz	MGYP000865436187.pdb.gz	1.539E-22	1.000	780	17	232	232	4	217	219	219	0.931	0.977
LOKIASV2_0973_ESMFold_acetate--CoA_ligase_family_protein	MGYP000493728797.pdb.gz	MGYP000493728797.pdb.gz	1.539E-22	1.000	780	28	232	232	2	207	674	214	0.884	0.306
LOKIASV2_0973_ESMFold_acetate--CoA_ligase_family_protein	MGYP001109623863.pdb.gz	MGYP001109623863.pdb.gz	4.584E-22	1.000	780	1	231	232	472	704	704	237	0.996	0.331
LOKIASV2_0973_ESMFold_acetate--CoA_ligase_family_protein	MGYP000980207411.pdb.gz	MGYP000980207411.pdb.gz	2.215E-22	1.000	779	1	231	232	1	224	229	235	0.996	0.978
LOKIASV2_0973_ESMFold_acetate--CoA_ligase_family_protein	MGYP001209099629.pdb.gz	MGYP001209099629.pdb.gz	3.822E-22	1.000	779	19	232	232	483	685	688	214	0.922	0.295
LOKIASV2_0973_ESMFold_acetate--CoA_ligase_family_protein	MGYP000502761577.pdb.gz	MGYP000502761577.pdb.gz	7.901E-23	1.000	778	28	232	232	5	208	210	211	0.884	0.971
LOKIASV2_0973_ESMFold_acetate--CoA_ligase_family_protein	MGYP001096119317.pdb.gz	MGYP001096119317.pdb.gz	3.186E-22	1.000	778	5	232	232	473	700	700	234	0.983	0.326
LOKIASV2_0973_ESMFold_acetate--CoA_ligase_family_protein	MGYP001427506657.pdb.gz	MGYP001427506657.pdb.gz	4.315E-22	1.000	778	17	231	232	484	701	704	226	0.927	0.310
LOKIASV2_0973_ESMFold_acetate--CoA_ligase_family_protein	MGYP001055912596.pdb.gz	MGYP001055912596.pdb.gz	1.208E-22	1.000	777	27	231	232	2	199	208	208	0.884	0.952
LOKIASV2_0973_ESMFold_acetate--CoA_ligase_family_protein	MGYP003563844880.pdb.gz	MGYP003563844880.pdb.gz	6.596E-22	1.000	777	3	230	232	366	580	586	228	0.983	0.367
LOKIASV2_0973_ESMFold_acetate--CoA_ligase_family_protein	MGYP001279812108.pdb.gz	MGYP001279812108.pdb.gz	2.353E-22	1.000	776	18	230	232	5	205	205	214	0.918	0.980
LOKIASV2_0973_ESMFold_acetate--CoA_ligase_family_protein	MGYP001626187828.pdb.gz	MGYP001626187828.pdb.gz	6.596E-22	1.000	775	18	229	232	3	203	204	212	0.914	0.985
LOKIASV2_0973_ESMFold_acetate--CoA_ligase_family_protein	MGYP000020551166.pdb.gz	MGYP000020551166.pdb.gz	3.592E-23	1.000	775	4	231	232	479	706	706	236	0.983	0.323
LOKIASV2_0973_ESMFold_acetate--CoA_ligase_family_protein	MGYP000565316885.pdb.gz	MGYP000565316885.pdb.gz	1.846E-22	1.000	774	24	232	232	1	209	214	214	0.901	0.977
LOKIASV2_0973_ESMFold_acetate--CoA_ligase_family_protein	MGYP003986004819.pdb.gz	MGYP003986004819.pdb.gz	2.500E-22	1.000	774	7	231	232	74	297	297	230	0.970	0.754
LOKIASV2_0973_ESMFold_acetate--CoA_ligase_family_protein	MGYP001321265565.pdb.gz	MGYP001321265565.pdb.gz	1.007E-22	1.000	774	17	232	232	466	671	682	218	0.931	0.302
LOKIASV2_0973_ESMFold_acetate--CoA_ligase_family_protein	MGYP001110330770.pdb.gz	MGYP001110330770.pdb.gz	2.822E-22	1.000	774	4	232	232	470	688	688	229	0.987	0.318
LOKIASV2_0973_ESMFold_acetate--CoA_ligase_family_protein	MGYP000464601271.pdb.gz	MGYP000464601271.pdb.gz	1.451E-21	1.000	773	20	232	232	277	490	490	218	0.918	0.437
LOKIASV2_0973_ESMFold_acetate--CoA_ligase_family_protein	MGYP000517409869.pdb.gz	MGYP000517409869.pdb.gz	1.636E-22	1.000	773	18	231	232	488	701	701	222	0.922	0.305
LOKIASV2_0973_ESMFold_acetate--CoA_ligase_family_protein	MGYP001598431416.pdb.gz	MGYP001598431416.pdb.gz	6.200E-23	1.000	772	17	227	232	497	709	710	220	0.909	0.300
LOKIASV2_0973_ESMFold_acetate--CoA_ligase_family_protein	MGYP001272985564.pdb.gz	MGYP001272985564.pdb.gz	6.587E-23	1.000	771	3	232	232	422	649	650	238	0.991	0.351
LOKIASV2_0973_ESMFold_acetate--CoA_ligase_family_protein	MGYP001591450607.pdb.gz	MGYP001591450607.pdb.gz	1.636E-22	1.000	770	27	231	232	1	206	206	214	0.884	1.000
LOKIASV2_0973_ESMFold_acetate--CoA_ligase_family_protein	MGYP001283951796.pdb.gz	MGYP001283951796.pdb.gz	2.660E-21	1.000	770	17	232	232	309	522	526	220	0.931	0.407
LOKIASV2_0973_ESMFold_acetate--CoA_ligase_family_protein	MGYP000961906112.pdb.gz	MGYP000961906112.pdb.gz	2.822E-22	1.000	769	4	232	232	468	686	697	230	0.987	0.314
LOKIASV2_0973_ESMFold_acetate--CoA_ligase_family_protein	MGYP001459644282.pdb.gz	MGYP001459644282.pdb.gz	6.208E-22	1.000	769	19	232	232	485	698	698	219	0.922	0.307
LOKIASV2_0973_ESMFold_acetate--CoA_ligase_family_protein	MGYP001215867861.pdb.gz	MGYP001215867861.pdb.gz	2.353E-22	1.000	768	18	230	232	467	667	682	213	0.918	0.295
LOKIASV2_0973_ESMFold_acetate--CoA_ligase_family_protein	MGYP001418848564.pdb.gz	MGYP001418848564.pdb.gz	3.385E-22	1.000	768	7	232	232	485	704	707	228	0.974	0.311
LOKIASV2_0973_ESMFold_acetate--CoA_ligase_family_protein	MGYP000231592954.pdb.gz	MGYP000231592954.pdb.gz	1.008E-21	1.000	767	27	232	232	1	207	209	211	0.888	0.990
LOKIASV2_0973_ESMFold_acetate--CoA_ligase_family_protein	MGYP002634046195.pdb.gz	MGYP002634046195.pdb.gz	9.489E-22	1.000	767	19	232	232	469	673	677	215	0.922	0.303
LOKIASV2_0973_ESMFold_acetate--CoA_ligase_family_protein	MGYP001410005742.pdb.gz	MGYP001410005742.pdb.gz	1.070E-22	1.000	767	17	231	232	478	690	690	218	0.927	0.309
LOKIASV2_0973_ESMFold_acetate--CoA_ligase_family_protein	MGYP001187188978.pdb.gz	MGYP001187188978.pdb.gz	2.500E-22	1.000	767	1	232	232	462	696	697	239	1.000	0.337
LOKIASV2_0973_ESMFold_acetate--CoA_ligase_family_protein	MGYP001173374463.pdb.gz	MGYP001173374463.pdb.gz	2.500E-22	1.000	767	19	232	232	486	702	702	225	0.922	0.309
LOKIASV2_0973_ESMFold_acetate--CoA_ligase_family_protein	MGYP001103360220.pdb.gz	MGYP001103360220.pdb.gz	6.596E-22	1.000	766	1	231	232	1	224	231	234	0.996	0.970
LOKIASV2_0973_ESMFold_acetate--CoA_ligase_family_protein	MGYP001617990249.pdb.gz	MGYP001617990249.pdb.gz	2.822E-22	1.000	766	3	231	232	479	698	698	229	0.987	0.315
LOKIASV2_0973_ESMFold_acetate--CoA_ligase_family_protein	MGYP001765658994.pdb.gz	MGYP001765658994.pdb.gz	1.365E-21	1.000	766	17	230	232	483	698	701	220	0.922	0.308
LOKIASV2_0973_ESMFold_acetate--CoA_ligase_family_protein	MGYP000317752611.pdb.gz	MGYP000317752611.pdb.gz	7.446E-22	1.000	766	17	232	232	510	725	725	220	0.931	0.298
LOKIASV2_0973_ESMFold_acetate--CoA_ligase_family_protein	MGYP003375692956.pdb.gz	MGYP003375692956.pdb.gz	5.842E-22	1.000	766	3	232	232	682	909	922	233	0.991	0.247
LOKIASV2_0973_ESMFold_acetate--CoA_ligase_family_protein	MGYP003101615440.pdb.gz	MGYP003101615440.pdb.gz	5.175E-22	1.000	765	6	230	232	415	648	658	238	0.970	0.356
LOKIASV2_0973_ESMFold_acetate--CoA_ligase_family_protein	MGYP000427098935.pdb.gz	MGYP000427098935.pdb.gz	2.084E-22	1.000	764	16	231	232	501	718	718	225	0.931	0.304
LOKIASV2_0973_ESMFold_acetate--CoA_ligase_family_protein	MGYP001121898820.pdb.gz	MGYP001121898820.pdb.gz	5.175E-22	1.000	763	4	232	232	9	232	246	231	0.987	0.911
LOKIASV2_0973_ESMFold_acetate--CoA_ligase_family_protein	MGYP000300615137.pdb.gz	MGYP000300615137.pdb.gz	1.008E-21	1.000	763	19	232	232	469	674	679	214	0.922	0.303
LOKIASV2_0973_ESMFold_acetate--CoA_ligase_family_protein	MGYP001355224297.pdb.gz	MGYP001355224297.pdb.gz	2.356E-21	1.000	763	4	231	232	470	695	695	232	0.983	0.325
LOKIASV2_0973_ESMFold_acetate--CoA_ligase_family_protein	MGYP000870982822.pdb.gz	MGYP000870982822.pdb.gz	1.451E-21	1.000	763	17	231	232	486	693	706	216	0.927	0.295
LOKIASV2_0973_ESMFold_acetate--CoA_ligase_family_protein	MGYP002640502030.pdb.gz	MGYP002640502030.pdb.gz	6.208E-22	1.000	762	31	232	232	4	203	203	205	0.871	0.985
LOKIASV2_0973_ESMFold_acetate--CoA_ligase_family_protein	MGYP000381828001.pdb.gz	MGYP000381828001.pdb.gz	2.660E-21	1.000	761	33	232	232	1	193	197	201	0.862	0.980
LOKIASV2_0973_ESMFold_acetate--CoA_ligase_family_protein	MGYP000960685050.pdb.gz	MGYP000960685050.pdb.gz	1.209E-21	1.000	761	17	232	232	2	209	212	217	0.931	0.981
LOKIASV2_0973_ESMFold_acetate--CoA_ligase_family_protein	MGYP003146805973.pdb.gz	MGYP003146805973.pdb.gz	3.186E-22	1.000	761	1	231	232	464	684	692	231	0.996	0.319
LOKIASV2_0973_ESMFold_acetate--CoA_ligase_family_protein	MGYP001812548282.pdb.gz	MGYP001812548282.pdb.gz	1.071E-21	1.000	761	7	231	232	474	692	692	227	0.970	0.316
LOKIASV2_0973_ESMFold_acetate--CoA_ligase_family_protein	MGYP001348869402.pdb.gz	MGYP001348869402.pdb.gz	8.931E-22	1.000	761	17	232	232	485	704	711	226	0.931	0.309
LOKIASV2_0973_ESMFold_acetate--CoA_ligase_family_protein	MGYP001765413587.pdb.gz	MGYP001765413587.pdb.gz	7.446E-22	1.000	760	4	231	232	487	719	919	235	0.983	0.254
LOKIASV2_0973_ESMFold_acetate--CoA_ligase_family_protein	MGYP000556907837.pdb.gz	MGYP000556907837.pdb.gz	7.901E-23	1.000	759	31	232	232	3	195	196	202	0.871	0.985
LOKIASV2_0973_ESMFold_acetate--CoA_ligase_family_protein	MGYP003981066285.pdb.gz	MGYP003981066285.pdb.gz	4.871E-22	1.000	759	19	231	232	497	712	712	222	0.918	0.303
LOKIASV2_0973_ESMFold_acetate--CoA_ligase_family_protein	MGYP001328663569.pdb.gz	MGYP001328663569.pdb.gz	1.285E-21	1.000	759	17	232	232	501	717	717	222	0.931	0.303
LOKIASV2_0973_ESMFold_acetate--CoA_ligase_family_protein	MGYP000359705765.pdb.gz	MGYP000359705765.pdb.gz	4.061E-22	1.000	758	3	228	232	474	701	703	234	0.974	0.324
LOKIASV2_0973_ESMFold_acetate--CoA_ligase_family_protein	MGYP000046395499.pdb.gz	MGYP000046395499.pdb.gz	2.503E-21	1.000	757	18	229	232	2	202	203	212	0.914	0.990
LOKIASV2_0973_ESMFold_acetate--CoA_ligase_family_protein	MGYP001612485834.pdb.gz	MGYP001612485834.pdb.gz	2.503E-21	1.000	757	17	232	232	3	206	206	216	0.931	0.990
LOKIASV2_0973_ESMFold_acetate--CoA_ligase_family_protein	MGYP003972101091.pdb.gz	MGYP003972101091.pdb.gz	1.740E-21	1.000	757	17	232	232	481	691	698	217	0.931	0.302
LOKIASV2_0973_ESMFold_acetate--CoA_ligase_family_protein	MGYP001599595104.pdb.gz	MGYP001599595104.pdb.gz	2.660E-21	1.000	757	18	232	232	494	702	706	216	0.927	0.296
LOKIASV2_0973_ESMFold_acetate--CoA_ligase_family_protein	MGYP000271114142.pdb.gz	MGYP000271114142.pdb.gz	9.489E-22	1.000	757	3	232	232	465	699	899	236	0.991	0.261
LOKIASV2_0973_ESMFold_acetate--CoA_ligase_family_protein	MGYP000061144886.pdb.gz	MGYP000061144886.pdb.gz	1.849E-21	1.000	756	18	231	232	3	205	205	214	0.922	0.990
LOKIASV2_0973_ESMFold_acetate--CoA_ligase_family_protein	MGYP003111331559.pdb.gz	MGYP003111331559.pdb.gz	4.320E-21	1.000	756	17	232	232	483	697	706	221	0.931	0.305
LOKIASV2_0973_ESMFold_acetate--CoA_ligase_family_protein	MGYP000431892153.pdb.gz	MGYP000431892153.pdb.gz	7.436E-23	1.000	756	17	232	232	495	712	712	228	0.931	0.306
LOKIASV2_0973_ESMFold_acetate--CoA_ligase_family_protein	MGYP001167958203.pdb.gz	MGYP001167958203.pdb.gz	8.406E-22	1.000	754	17	232	232	171	388	398	226	0.931	0.548
LOKIASV2_0973_ESMFold_acetate--CoA_ligase_family_protein	MGYP000359616446.pdb.gz	MGYP000359616446.pdb.gz	1.962E-22	1.000	754	17	231	232	480	695	698	225	0.927	0.309
LOKIASV2_0973_ESMFold_acetate--CoA_ligase_family_protein	MGYP001099700577.pdb.gz	MGYP001099700577.pdb.gz	5.499E-22	1.000	754	4	232	232	477	699	699	233	0.987	0.319
LOKIASV2_0973_ESMFold_acetate--CoA_ligase_family_protein	MGYP001297498675.pdb.gz	MGYP001297498675.pdb.gz	1.962E-22	1.000	753	19	232	232	36	251	253	221	0.922	0.854
LOKIASV2_0973_ESMFold_acetate--CoA_ligase_family_protein	MGYP000142696640.pdb.gz	MGYP000142696640.pdb.gz	2.087E-21	1.000	753	18	232	232	463	679	683	221	0.927	0.318
LOKIASV2_0973_ESMFold_acetate--CoA_ligase_family_protein	MGYP001265456035.pdb.gz	MGYP001265456035.pdb.gz	2.999E-22	1.000	753	17	232	232	481	697	697	225	0.931	0.311
LOKIASV2_0973_ESMFold_acetate--CoA_ligase_family_protein	MGYP003583099127.pdb.gz	MGYP003583099127.pdb.gz	2.660E-21	1.000	753	19	232	232	487	704	712	222	0.922	0.306
LOKIASV2_0973_ESMFold_acetate--CoA_ligase_family_protein	MGYP000974075217.pdb.gz	MGYP000974075217.pdb.gz	2.353E-22	1.000	752	31	232	232	6	205	205	206	0.871	0.976
LOKIASV2_0973_ESMFold_acetate--CoA_ligase_family_protein	MGYP000450989079.pdb.gz	MGYP000450989079.pdb.gz	7.911E-22	1.000	752	4	204	232	4	204	207	207	0.866	0.971
LOKIASV2_0973_ESMFold_acetate--CoA_ligase_family_protein	MGYP001206697436.pdb.gz	MGYP001206697436.pdb.gz	3.390E-21	1.000	752	4	229	232	458	684	684	231	0.974	0.332
LOKIASV2_0973_ESMFold_acetate--CoA_ligase_family_protein	MGYP003345468059.pdb.gz	MGYP003345468059.pdb.gz	5.850E-21	1.000	752	17	231	232	484	698	701	219	0.927	0.307
LOKIASV2_0973_ESMFold_acetate--CoA_ligase_family_protein	MGYP000993581670.pdb.gz	MGYP000993581670.pdb.gz	2.826E-21	1.000	752	4	232	232	470	699	886	233	0.987	0.260
LOKIASV2_0973_ESMFold_acetate--CoA_ligase_family_protein	MGYP000049960294.pdb.gz	MGYP000049960294.pdb.gz	9.477E-23	1.000	751	17	232	232	6	221	223	223	0.931	0.969
LOKIASV2_0973_ESMFold_acetate--CoA_ligase_family_protein	MGYP001229396858.pdb.gz	MGYP001229396858.pdb.gz	1.451E-21	1.000	751	17	232	232	11	223	223	221	0.931	0.955
LOKIASV2_0973_ESMFold_acetate--CoA_ligase_family_protein	MGYP001618435785.pdb.gz	MGYP001618435785.pdb.gz	3.385E-22	1.000	751	17	232	232	25	226	227	217	0.931	0.890
LOKIASV2_0973_ESMFold_acetate--CoA_ligase_family_protein	MGYP000979018742.pdb.gz	MGYP000979018742.pdb.gz	5.499E-22	1.000	751	1	232	232	1	228	229	241	1.000	0.996
LOKIASV2_0973_ESMFold_acetate--CoA_ligase_family_protein	MGYP001395313788.pdb.gz	MGYP001395313788.pdb.gz	2.503E-21	1.000	751	9	232	232	487	712	714	232	0.966	0.317
LOKIASV2_0973_ESMFold_acetate--CoA_ligase_family_protein	MGYP003111590101.pdb.gz	MGYP003111590101.pdb.gz	2.218E-21	1.000	750	17	232	232	474	680	682	217	0.931	0.304
LOKIASV2_0973_ESMFold_acetate--CoA_ligase_family_protein	MGYP001447699694.pdb.gz	MGYP001447699694.pdb.gz	6.596E-22	1.000	750	15	231	232	479	690	690	220	0.935	0.307
LOKIASV2_0973_ESMFold_acetate--CoA_ligase_family_protein	MGYP001180878351.pdb.gz	MGYP001180878351.pdb.gz	3.390E-21	1.000	750	17	231	232	493	709	709	221	0.927	0.306
LOKIASV2_0973_ESMFold_acetate--CoA_ligase_family_protein	MGYP000704166883.pdb.gz	MGYP000704166883.pdb.gz	4.877E-21	1.000	750	16	231	232	490	707	711	222	0.931	0.307
LOKIASV2_0973_ESMFold_acetate--CoA_ligase_family_protein	MGYP001111317183.pdb.gz	MGYP001111317183.pdb.gz	4.871E-22	1.000	750	1	230	232	477	713	717	244	0.991	0.331
LOKIASV2_0973_ESMFold_acetate--CoA_ligase_family_protein	MGYP000562373743.pdb.gz	MGYP000562373743.pdb.gz	1.365E-21	1.000	749	17	231	232	445	659	659	219	0.927	0.326
LOKIASV2_0973_ESMFold_acetate--CoA_ligase_family_protein	MGYP001334490827.pdb.gz	MGYP001334490827.pdb.gz	3.597E-22	1.000	748	32	232	232	2	203	205	206	0.866	0.985
LOKIASV2_0973_ESMFold_acetate--CoA_ligase_family_protein	MGYP003873916501.pdb.gz	MGYP003873916501.pdb.gz	2.999E-22	1.000	748	18	230	232	28	235	235	219	0.918	0.885
LOKIASV2_0973_ESMFold_acetate--CoA_ligase_family_protein	MGYP001410369181.pdb.gz	MGYP001410369181.pdb.gz	2.353E-22	1.000	748	19	232	232	223	438	441	221	0.922	0.490
LOKIASV2_0973_ESMFold_acetate--CoA_ligase_family_protein	MGYP000094324347.pdb.gz	MGYP000094324347.pdb.gz	5.842E-22	1.000	748	1	232	232	464	685	694	232	1.000	0.320
LOKIASV2_0973_ESMFold_acetate--CoA_ligase_family_protein	MGYP003370233172.pdb.gz	MGYP003370233172.pdb.gz	2.660E-21	1.000	748	17	232	232	481	699	700	225	0.931	0.313
LOKIASV2_0973_ESMFold_acetate--CoA_ligase_family_protein	MGYP000642050937.pdb.gz	MGYP000642050937.pdb.gz	3.186E-22	1.000	747	17	232	232	479	682	682	216	0.931	0.299
LOKIASV2_0973_ESMFold_acetate--CoA_ligase_family_protein	MGYP001487429418.pdb.gz	MGYP001487429418.pdb.gz	3.597E-22	1.000	747	1	231	232	467	697	697	238	0.996	0.331
LOKIASV2_0973_ESMFold_acetate--CoA_ligase_family_protein	MGYP000748927160.pdb.gz	MGYP000748927160.pdb.gz	1.138E-21	1.000	746	18	232	232	470	672	673	216	0.927	0.302
LOKIASV2_0973_ESMFold_acetate--CoA_ligase_family_protein	MGYP001420091619.pdb.gz	MGYP001420091619.pdb.gz	1.138E-21	1.000	746	17	232	232	481	699	702	222	0.931	0.312
LOKIASV2_0973_ESMFold_acetate--CoA_ligase_family_protein	MGYP000712858749.pdb.gz	MGYP000712858749.pdb.gz	9.477E-23	1.000	745	17	232	232	476	695	695	227	0.931	0.317
LOKIASV2_0973_ESMFold_acetate--CoA_ligase_family_protein	MGYP000388949226.pdb.gz	MGYP000388949226.pdb.gz	1.541E-21	1.000	745	4	232	232	487	705	708	229	0.987	0.309
LOKIASV2_0973_ESMFold_acetate--CoA_ligase_family_protein	MGYP000462595848.pdb.gz	MGYP000462595848.pdb.gz	3.827E-21	1.000	745	20	231	232	488	702	711	219	0.914	0.302
LOKIASV2_0973_ESMFold_acetate--CoA_ligase_family_protein	MGYP000275625634.pdb.gz	MGYP000275625634.pdb.gz	2.356E-21	1.000	745	1	231	232	479	712	712	238	0.996	0.329
LOKIASV2_0973_ESMFold_acetate--CoA_ligase_family_protein	MGYP003347535522.pdb.gz	MGYP003347535522.pdb.gz	6.216E-21	1.000	744	33	232	232	1	201	206	205	0.862	0.976
LOKIASV2_0973_ESMFold_acetate--CoA_ligase_family_protein	MGYP001411179351.pdb.gz	MGYP001411179351.pdb.gz	3.390E-21	1.000	744	18	232	232	500	718	719	225	0.927	0.305
LOKIASV2_0973_ESMFold_acetate--CoA_ligase_family_protein	MGYP003576503895.pdb.gz	MGYP003576503895.pdb.gz	3.190E-21	1.000	743	21	232	232	482	694	700	217	0.914	0.304
LOKIASV2_0973_ESMFold_acetate--CoA_ligase_family_protein	MGYP001047132390.pdb.gz	MGYP001047132390.pdb.gz	6.216E-21	1.000	742	55	232	232	2	182	185	184	0.767	0.978
LOKIASV2_0973_ESMFold_acetate--CoA_ligase_family_protein	MGYP001546668094.pdb.gz	MGYP001546668094.pdb.gz	1.541E-21	1.000	742	17	232	232	54	269	294	222	0.931	0.735
LOKIASV2_0973_ESMFold_acetate--CoA_ligase_family_protein	MGYP003853752619.pdb.gz	MGYP003853752619.pdb.gz	3.390E-21	1.000	742	4	232	232	478	708	721	236	0.987	0.320
LOKIASV2_0973_ESMFold_acetate--CoA_ligase_family_protein	MGYP000512576395.pdb.gz	MGYP000512576395.pdb.gz	9.489E-22	1.000	741	18	232	232	274	489	511	221	0.927	0.423
LOKIASV2_0973_ESMFold_acetate--CoA_ligase_family_protein	MGYP000887113962.pdb.gz	MGYP000887113962.pdb.gz	2.503E-21	1.000	741	19	232	232	462	668	669	215	0.922	0.309
LOKIASV2_0973_ESMFold_acetate--CoA_ligase_family_protein	MGYP000243964968.pdb.gz	MGYP000243964968.pdb.gz	7.017E-21	1.000	740	18	230	232	2	204	204	213	0.918	0.995
LOKIASV2_0973_ESMFold_acetate--CoA_ligase_family_protein	MGYP001456759349.pdb.gz	MGYP001456759349.pdb.gz	1.451E-21	1.000	739	1	232	232	1	221	223	240	1.000	0.991
LOKIASV2_0973_ESMFold_acetate--CoA_ligase_family_protein	MGYP001111307217.pdb.gz	MGYP001111307217.pdb.gz	2.090E-20	1.000	739	18	231	232	486	702	702	221	0.922	0.309
LOKIASV2_0973_ESMFold_acetate--CoA_ligase_family_protein	MGYP001792240132.pdb.gz	MGYP001792240132.pdb.gz	4.590E-21	1.000	738	35	232	232	2	194	211	198	0.853	0.915
LOKIASV2_0973_ESMFold_acetate--CoA_ligase_family_protein	MGYP001208011734.pdb.gz	MGYP001208011734.pdb.gz	3.827E-21	1.000	738	17	232	232	223	432	433	218	0.931	0.485
LOKIASV2_0973_ESMFold_acetate--CoA_ligase_family_protein	MGYP001151825167.pdb.gz	MGYP001151825167.pdb.gz	1.451E-21	1.000	737	4	232	232	657	883	896	231	0.987	0.253
LOKIASV2_0973_ESMFold_acetate--CoA_ligase_family_protein	MGYP001404106173.pdb.gz	MGYP001404106173.pdb.gz	2.660E-21	1.000	735	18	231	232	34	246	271	219	0.922	0.786
LOKIASV2_0973_ESMFold_acetate--CoA_ligase_family_protein	MGYP001554485798.pdb.gz	MGYP001554485798.pdb.gz	6.604E-21	1.000	735	17	231	232	480	691	691	218	0.927	0.307
LOKIASV2_0973_ESMFold_acetate--CoA_ligase_family_protein	MGYP000754005088.pdb.gz	MGYP000754005088.pdb.gz	6.604E-21	1.000	734	19	232	232	2	214	215	218	0.922	0.991
LOKIASV2_0973_ESMFold_acetate--CoA_ligase_family_protein	MGYP000162028742.pdb.gz	MGYP000162028742.pdb.gz	2.660E-21	1.000	734	18	232	232	487	702	713	224	0.927	0.303
LOKIASV2_0973_ESMFold_acetate--CoA_ligase_family_protein	MGYP001111838418.pdb.gz	MGYP001111838418.pdb.gz	5.506E-21	1.000	733	4	232	232	479	698	708	230	0.987	0.311
LOKIASV2_0973_ESMFold_acetate--CoA_ligase_family_protein	MGYP001473571831.pdb.gz	MGYP001473571831.pdb.gz	1.138E-21	1.000	733	4	231	232	352	578	759	238	0.983	0.299
LOKIASV2_0973_ESMFold_acetate--CoA_ligase_family_protein	MGYP001381771947.pdb.gz	MGYP001381771947.pdb.gz	2.826E-21	1.000	732	35	232	232	1	194	194	201	0.853	1.000
LOKIASV2_0973_ESMFold_acetate--CoA_ligase_family_protein	MGYP002381158800.pdb.gz	MGYP002381158800.pdb.gz	4.590E-21	1.000	732	1	231	232	463	683	687	231	0.996	0.322
LOKIASV2_0973_ESMFold_acetate--CoA_ligase_family_protein	MGYP000294053918.pdb.gz	MGYP000294053918.pdb.gz	2.660E-21	1.000	732	17	232	232	481	700	701	226	0.931	0.314
LOKIASV2_0973_ESMFold_acetate--CoA_ligase_family_protein	MGYP000200080939.pdb.gz	MGYP000200080939.pdb.gz	4.877E-21	1.000	732	4	232	232	476	709	897	235	0.987	0.261
LOKIASV2_0973_ESMFold_acetate--CoA_ligase_family_protein	MGYP001455758138.pdb.gz	MGYP001455758138.pdb.gz	1.740E-21	1.000	730	36	232	232	1	198	200	202	0.849	0.990
LOKIASV2_0973_ESMFold_acetate--CoA_ligase_family_protein	MGYP001233663576.pdb.gz	MGYP001233663576.pdb.gz	1.452E-20	1.000	730	19	232	232	7	223	223	221	0.922	0.973
LOKIASV2_0973_ESMFold_acetate--CoA_ligase_family_protein	MGYP001313760569.pdb.gz	MGYP001313760569.pdb.gz	1.541E-21	1.000	730	19	232	232	493	705	705	221	0.922	0.302
LOKIASV2_0973_ESMFold_acetate--CoA_ligase_family_protein	MGYP000162148377.pdb.gz	MGYP000162148377.pdb.gz	1.742E-20	1.000	729	25	231	232	2	207	207	211	0.892	0.995
LOKIASV2_0973_ESMFold_acetate--CoA_ligase_family_protein	MGYP001583588198.pdb.gz	MGYP001583588198.pdb.gz	1.008E-21	1.000	729	18	232	232	4	212	254	221	0.927	0.823
LOKIASV2_0973_ESMFold_acetate--CoA_ligase_family_protein	MGYP000630196309.pdb.gz	MGYP000630196309.pdb.gz	4.066E-21	1.000	729	4	230	232	199	413	413	227	0.978	0.521
LOKIASV2_0973_ESMFold_acetate--CoA_ligase_family_protein	MGYP000879548526.pdb.gz	MGYP000879548526.pdb.gz	8.406E-22	1.000	729	4	230	232	471	689	689	229	0.978	0.318
LOKIASV2_0973_ESMFold_acetate--CoA_ligase_family_protein	MGYP000561838779.pdb.gz	MGYP000561838779.pdb.gz	1.742E-20	1.000	729	20	232	232	485	698	698	222	0.918	0.307
LOKIASV2_0973_ESMFold_acetate--CoA_ligase_family_protein	MGYP001114177479.pdb.gz	MGYP001114177479.pdb.gz	3.602E-21	1.000	729	4	230	232	473	692	723	231	0.978	0.304
LOKIASV2_0973_ESMFold_acetate--CoA_ligase_family_protein	MGYP000287588032.pdb.gz	MGYP000287588032.pdb.gz	2.826E-21	1.000	728	17	232	232	478	694	701	225	0.931	0.310
LOKIASV2_0973_ESMFold_acetate--CoA_ligase_family_protein	MGYP001325786299.pdb.gz	MGYP001325786299.pdb.gz	2.356E-21	1.000	728	17	231	232	478	694	704	222	0.927	0.308
LOKIASV2_0973_ESMFold_acetate--CoA_ligase_family_protein	MGYP001602552265.pdb.gz	MGYP001602552265.pdb.gz	5.182E-21	1.000	727	18	232	232	6	209	209	221	0.927	0.976
LOKIASV2_0973_ESMFold_acetate--CoA_ligase_family_protein	MGYP003384554739.pdb.gz	MGYP003384554739.pdb.gz	1.285E-21	1.000	726	4	232	232	470	697	702	240	0.987	0.325
LOKIASV2_0973_ESMFold_acetate--CoA_ligase_family_protein	MGYP001598952528.pdb.gz	MGYP001598952528.pdb.gz	6.216E-21	1.000	725	17	231	232	4	208	208	221	0.927	0.986
LOKIASV2_0973_ESMFold_acetate--CoA_ligase_family_protein	MGYP001086776066.pdb.gz	MGYP001086776066.pdb.gz	4.590E-21	1.000	724	18	228	232	2	216	217	220	0.909	0.991
LOKIASV2_0973_ESMFold_acetate--CoA_ligase_family_protein	MGYP000565404731.pdb.gz	MGYP000565404731.pdb.gz	2.090E-20	1.000	724	4	232	232	5	223	224	230	0.987	0.978
LOKIASV2_0973_ESMFold_acetate--CoA_ligase_family_protein	MGYP001553078078.pdb.gz	MGYP001553078078.pdb.gz	8.943E-21	1.000	724	4	232	232	450	677	700	232	0.987	0.326
LOKIASV2_0973_ESMFold_acetate--CoA_ligase_family_protein	MGYP001380639491.pdb.gz	MGYP001380639491.pdb.gz	3.602E-21	1.000	724	5	232	232	485	710	712	235	0.983	0.317
LOKIASV2_0973_ESMFold_acetate--CoA_ligase_family_protein	MGYP003626615639.pdb.gz	MGYP003626615639.pdb.gz	7.017E-21	1.000	721	17	232	232	483	699	699	222	0.931	0.310
LOKIASV2_0973_ESMFold_acetate--CoA_ligase_family_protein	MGYP001772694630.pdb.gz	MGYP001772694630.pdb.gz	3.827E-21	1.000	721	4	232	232	472	701	704	244	0.987	0.327
LOKIASV2_0973_ESMFold_acetate--CoA_ligase_family_protein	MGYP002629354281.pdb.gz	MGYP002629354281.pdb.gz	3.827E-21	1.000	721	17	229	232	500	715	716	222	0.918	0.302
LOKIASV2_0973_ESMFold_acetate--CoA_ligase_family_protein	MGYP000633624429.pdb.gz	MGYP000633624429.pdb.gz	3.827E-21	1.000	721	17	232	232	494	712	723	222	0.931	0.303
LOKIASV2_0973_ESMFold_acetate--CoA_ligase_family_protein	MGYP002632577828.pdb.gz	MGYP002632577828.pdb.gz	2.090E-20	1.000	720	29	232	232	4	206	207	209	0.879	0.981
LOKIASV2_0973_ESMFold_acetate--CoA_ligase_family_protein	MGYP002630529178.pdb.gz	MGYP002630529178.pdb.gz	2.500E-22	1.000	720	1	232	232	463	693	694	242	1.000	0.333
LOKIASV2_0973_ESMFold_acetate--CoA_ligase_family_protein	MGYP001056360951.pdb.gz	MGYP001056360951.pdb.gz	5.506E-21	1.000	719	18	232	232	17	222	226	216	0.927	0.912
LOKIASV2_0973_ESMFold_acetate--CoA_ligase_family_protein	MGYP003984592945.pdb.gz	MGYP003984592945.pdb.gz	3.390E-21	1.000	719	17	230	232	477	691	696	222	0.922	0.309
LOKIASV2_0973_ESMFold_acetate--CoA_ligase_family_protein	MGYP001243630015.pdb.gz	MGYP001243630015.pdb.gz	5.506E-21	1.000	719	17	231	232	486	702	702	226	0.927	0.309
LOKIASV2_0973_ESMFold_acetate--CoA_ligase_family_protein	MGYP001080078486.pdb.gz	MGYP001080078486.pdb.gz	1.964E-21	1.000	719	17	231	232	495	710	710	222	0.927	0.304
LOKIASV2_0973_ESMFold_acetate--CoA_ligase_family_protein	MGYP002598234872.pdb.gz	MGYP002598234872.pdb.gz	7.026E-20	1.000	719	17	231	232	500	718	728	222	0.927	0.301
LOKIASV2_0973_ESMFold_acetate--CoA_ligase_family_protein	MGYP001233782005.pdb.gz	MGYP001233782005.pdb.gz	1.367E-20	1.000	718	16	231	232	466	673	675	217	0.931	0.308
LOKIASV2_0973_ESMFold_acetate--CoA_ligase_family_protein	MGYP001485931765.pdb.gz	MGYP001485931765.pdb.gz	3.390E-21	1.000	718	1	232	232	497	725	726	242	1.000	0.315
LOKIASV2_0973_ESMFold_acetate--CoA_ligase_family_protein	MGYP001119822836.pdb.gz	MGYP001119822836.pdb.gz	7.446E-22	1.000	716	4	231	232	18	244	244	237	0.983	0.930
LOKIASV2_0973_ESMFold_acetate--CoA_ligase_family_protein	MGYP000152972008.pdb.gz	MGYP000152972008.pdb.gz	5.850E-21	1.000	716	17	231	232	35	254	261	224	0.927	0.843
LOKIASV2_0973_ESMFold_acetate--CoA_ligase_family_protein	MGYP001601429503.pdb.gz	MGYP001601429503.pdb.gz	2.090E-20	1.000	716	8	232	232	478	693	703	226	0.970	0.307
LOKIASV2_0973_ESMFold_acetate--CoA_ligase_family_protein	MGYP001195402107.pdb.gz	MGYP001195402107.pdb.gz	1.138E-21	1.000	714	17	231	232	73	280	280	219	0.927	0.743
LOKIASV2_0973_ESMFold_acetate--CoA_ligase_family_protein	MGYP002628174356.pdb.gz	MGYP002628174356.pdb.gz	1.071E-21	1.000	712	4	232	232	487	718	732	238	0.987	0.317
LOKIASV2_0973_ESMFold_acetate--CoA_ligase_family_protein	MGYP001145769915.pdb.gz	MGYP001145769915.pdb.gz	1.851E-20	1.000	711	23	232	232	44	256	265	217	0.905	0.804
LOKIASV2_0973_ESMFold_acetate--CoA_ligase_family_protein	MGYP003968054497.pdb.gz	MGYP003968054497.pdb.gz	2.660E-21	1.000	711	26	232	232	484	692	696	215	0.892	0.300
LOKIASV2_0973_ESMFold_acetate--CoA_ligase_family_protein	MGYP000711945061.pdb.gz	MGYP000711945061.pdb.gz	1.543E-20	1.000	710	20	228	232	3	205	206	212	0.901	0.985
LOKIASV2_0973_ESMFold_acetate--CoA_ligase_family_protein	MGYP001110571777.pdb.gz	MGYP001110571777.pdb.gz	4.320E-21	1.000	709	2	231	232	1	225	225	241	0.991	1.000
LOKIASV2_0973_ESMFold_acetate--CoA_ligase_family_protein	MGYP000942181392.pdb.gz	MGYP000942181392.pdb.gz	2.359E-20	1.000	708	26	232	232	2	200	201	208	0.892	0.990
LOKIASV2_0973_ESMFold_acetate--CoA_ligase_family_protein	MGYP003406561736.pdb.gz	MGYP003406561736.pdb.gz	9.502E-21	1.000	708	7	232	232	174	395	399	229	0.974	0.556
LOKIASV2_0973_ESMFold_acetate--CoA_ligase_family_protein	MGYP002631631884.pdb.gz	MGYP002631631884.pdb.gz	6.216E-21	1.000	708	17	232	232	489	711	712	231	0.931	0.313
LOKIASV2_0973_ESMFold_acetate--CoA_ligase_family_protein	MGYP001138418827.pdb.gz	MGYP001138418827.pdb.gz	1.543E-20	1.000	707	39	232	232	1	198	202	199	0.836	0.980
LOKIASV2_0973_ESMFold_acetate--CoA_ligase_family_protein	MGYP003566271486.pdb.gz	MGYP003566271486.pdb.gz	1.285E-21	1.000	707	17	232	232	476	695	695	226	0.931	0.317
LOKIASV2_0973_ESMFold_acetate--CoA_ligase_family_protein	MGYP000370765549.pdb.gz	MGYP000370765549.pdb.gz	1.543E-20	1.000	706	7	232	232	472	692	695	228	0.974	0.318
LOKIASV2_0973_ESMFold_acetate--CoA_ligase_family_protein	MGYP001027065863.pdb.gz	MGYP001027065863.pdb.gz	7.017E-21	1.000	705	18	232	232	473	676	678	220	0.927	0.301
LOKIASV2_0973_ESMFold_acetate--CoA_ligase_family_protein	MGYP000210785517.pdb.gz	MGYP000210785517.pdb.gz	3.832E-20	1.000	705	3	232	232	660	887	900	232	0.991	0.253
LOKIASV2_0973_ESMFold_acetate--CoA_ligase_family_protein	MGYP000750544086.pdb.gz	MGYP000750544086.pdb.gz	3.390E-21	1.000	704	17	232	232	464	662	663	218	0.931	0.300
LOKIASV2_0973_ESMFold_acetate--CoA_ligase_family_protein	MGYP000901342595.pdb.gz	MGYP000901342595.pdb.gz	2.663E-20	1.000	704	4	232	232	483	702	705	229	0.987	0.312
LOKIASV2_0973_ESMFold_acetate--CoA_ligase_family_protein	MGYP002620094305.pdb.gz	MGYP002620094305.pdb.gz	3.827E-21	1.000	703	20	231	232	495	709	712	223	0.914	0.302
LOKIASV2_0973_ESMFold_acetate--CoA_ligase_family_protein	MGYP001816830726.pdb.gz	MGYP001816830726.pdb.gz	1.967E-20	1.000	703	4	232	232	485	712	713	236	0.987	0.320
LOKIASV2_0973_ESMFold_acetate--CoA_ligase_family_protein	MGYP001606253728.pdb.gz	MGYP001606253728.pdb.gz	4.596E-20	1.000	702	17	232	232	472	688	689	221	0.931	0.315
LOKIASV2_0973_ESMFold_acetate--CoA_ligase_family_protein	MGYP002632033920.pdb.gz	MGYP002632033920.pdb.gz	9.502E-21	1.000	701	23	227	232	482	688	688	212	0.884	0.301
LOKIASV2_0973_ESMFold_acetate--CoA_ligase_family_protein	MGYP001194046032.pdb.gz	MGYP001194046032.pdb.gz	4.326E-20	1.000	700	46	230	232	2	193	193	195	0.797	0.995
LOKIASV2_0973_ESMFold_acetate--CoA_ligase_family_protein	MGYP001159375166.pdb.gz	MGYP001159375166.pdb.gz	6.604E-21	1.000	699	4	218	232	87	301	303	223	0.927	0.710
LOKIASV2_0973_ESMFold_acetate--CoA_ligase_family_protein	MGYP001589041054.pdb.gz	MGYP001589041054.pdb.gz	1.212E-19	1.000	699	17	231	232	473	680	680	215	0.927	0.306
LOKIASV2_0973_ESMFold_acetate--CoA_ligase_family_protein	MGYP001548917057.pdb.gz	MGYP001548917057.pdb.gz	1.967E-20	1.000	698	33	231	232	3	188	188	200	0.858	0.989
LOKIASV2_0973_ESMFold_acetate--CoA_ligase_family_protein	MGYP000741828223.pdb.gz	MGYP000741828223.pdb.gz	8.943E-21	1.000	698	18	232	232	495	710	712	226	0.927	0.303
LOKIASV2_0973_ESMFold_acetate--CoA_ligase_family_protein	MGYP001155714826.pdb.gz	MGYP001155714826.pdb.gz	3.003E-21	1.000	697	17	232	232	493	708	711	222	0.931	0.304
LOKIASV2_0973_ESMFold_acetate--CoA_ligase_family_protein	MGYP003575219142.pdb.gz	MGYP003575219142.pdb.gz	7.921E-21	1.000	697	17	232	232	483	699	719	225	0.931	0.302
LOKIASV2_0973_ESMFold_acetate--CoA_ligase_family_protein	MGYP002653715841.pdb.gz	MGYP002653715841.pdb.gz	2.660E-21	1.000	696	17	232	232	12	222	237	221	0.931	0.890
LOKIASV2_0973_ESMFold_acetate--CoA_ligase_family_protein	MGYP001376158254.pdb.gz	MGYP001376158254.pdb.gz	1.851E-20	1.000	696	7	231	232	474	691	693	227	0.970	0.315
LOKIASV2_0973_ESMFold_acetate--CoA_ligase_family_protein	MGYP001637837329.pdb.gz	MGYP001637837329.pdb.gz	6.604E-21	1.000	695	16	231	232	487	699	699	223	0.931	0.305
LOKIASV2_0973_ESMFold_acetate--CoA_ligase_family_protein	MGYP000739355469.pdb.gz	MGYP000739355469.pdb.gz	1.074E-19	1.000	694	19	229	232	1	200	200	211	0.909	1.000
LOKIASV2_0973_ESMFold_acetate--CoA_ligase_family_protein	MGYP003667052609.pdb.gz	MGYP003667052609.pdb.gz	1.287E-20	1.000	694	17	229	232	490	700	701	221	0.918	0.301
LOKIASV2_0973_ESMFold_acetate--CoA_ligase_family_protein	MGYP001039027155.pdb.gz	MGYP001039027155.pdb.gz	1.073E-20	1.000	694	4	232	232	477	709	709	236	0.987	0.329
LOKIASV2_0973_ESMFold_acetate--CoA_ligase_family_protein	MGYP001582304459.pdb.gz	MGYP001582304459.pdb.gz	4.320E-21	1.000	691	24	231	232	7	219	224	217	0.897	0.951
LOKIASV2_0973_ESMFold_acetate--CoA_ligase_family_protein	MGYP003625677038.pdb.gz	MGYP003625677038.pdb.gz	1.141E-19	1.000	691	20	231	232	488	700	712	217	0.914	0.299
LOKIASV2_0973_ESMFold_acetate--CoA_ligase_family_protein	MGYP000259454571.pdb.gz	MGYP000259454571.pdb.gz	2.830E-20	1.000	690	18	232	232	497	714	716	226	0.927	0.304
LOKIASV2_0973_ESMFold_acetate--CoA_ligase_family_protein	MGYP001826455291.pdb.gz	MGYP001826455291.pdb.gz	3.394E-20	1.000	689	35	232	232	2	188	188	199	0.853	0.995
LOKIASV2_0973_ESMFold_acetate--CoA_ligase_family_protein	MGYP001387593721.pdb.gz	MGYP001387593721.pdb.gz	1.853E-19	1.000	688	18	231	232	486	698	700	217	0.922	0.304
LOKIASV2_0973_ESMFold_acetate--CoA_ligase_family_protein	MGYP000930028555.pdb.gz	MGYP000930028555.pdb.gz	1.851E-20	1.000	686	4	230	232	472	690	690	231	0.978	0.317
LOKIASV2_0973_ESMFold_acetate--CoA_ligase_family_protein	MGYP001767238058.pdb.gz	MGYP001767238058.pdb.gz	4.883E-20	1.000	686	17	230	232	577	782	801	214	0.922	0.257
LOKIASV2_0973_ESMFold_acetate--CoA_ligase_family_protein	MGYP000069445027.pdb.gz	MGYP000069445027.pdb.gz	7.455E-21	1.000	685	17	232	232	476	695	697	226	0.931	0.316
LOKIASV2_0973_ESMFold_acetate--CoA_ligase_family_protein	MGYP001089487183.pdb.gz	MGYP001089487183.pdb.gz	1.969E-19	1.000	684	52	232	232	2	186	191	187	0.780	0.969
LOKIASV2_0973_ESMFold_acetate--CoA_ligase_family_protein	MGYP000960395084.pdb.gz	MGYP000960395084.pdb.gz	5.513E-20	1.000	684	3	231	232	456	686	888	234	0.987	0.260
LOKIASV2_0973_ESMFold_acetate--CoA_ligase_family_protein	MGYP001356988622.pdb.gz	MGYP001356988622.pdb.gz	4.596E-20	1.000	683	20	231	232	475	683	683	218	0.914	0.306
LOKIASV2_0973_ESMFold_acetate--CoA_ligase_family_protein	MGYP001454514200.pdb.gz	MGYP001454514200.pdb.gz	3.606E-20	1.000	683	17	232	232	473	689	689	223	0.931	0.315
LOKIASV2_0973_ESMFold_acetate--CoA_ligase_family_protein	MGYP000891867108.pdb.gz	MGYP000891867108.pdb.gz	1.640E-20	1.000	682	5	232	232	56	297	299	250	0.983	0.809
LOKIASV2_0973_ESMFold_acetate--CoA_ligase_family_protein	MGYP001568507675.pdb.gz	MGYP001568507675.pdb.gz	1.545E-19	1.000	681	17	231	232	2	206	206	221	0.927	0.995
LOKIASV2_0973_ESMFold_acetate--CoA_ligase_family_protein	MGYP003336838030.pdb.gz	MGYP003336838030.pdb.gz	7.017E-21	1.000	681	36	232	232	11	212	212	206	0.849	0.953
LOKIASV2_0973_ESMFold_acetate--CoA_ligase_family_protein	MGYP002636081149.pdb.gz	MGYP002636081149.pdb.gz	6.224E-20	1.000	680	39	232	232	2	200	204	201	0.836	0.975
LOKIASV2_0973_ESMFold_acetate--CoA_ligase_family_protein	MGYP003383402775.pdb.gz	MGYP003383402775.pdb.gz	7.026E-20	1.000	680	4	210	232	181	387	388	212	0.892	0.534
LOKIASV2_0973_ESMFold_acetate--CoA_ligase_family_protein	MGYP000506416677.pdb.gz	MGYP000506416677.pdb.gz	2.663E-20	1.000	680	17	231	232	479	690	690	222	0.927	0.307
LOKIASV2_0973_ESMFold_acetate--CoA_ligase_family_protein	MGYP003323993410.pdb.gz	MGYP003323993410.pdb.gz	2.830E-20	1.000	680	19	232	232	481	695	704	225	0.922	0.305
LOKIASV2_0973_ESMFold_acetate--CoA_ligase_family_protein	MGYP003995606595.pdb.gz	MGYP003995606595.pdb.gz	1.454E-19	1.000	679	20	232	232	1	206	211	216	0.918	0.976
LOKIASV2_0973_ESMFold_acetate--CoA_ligase_family_protein	MGYP001586246821.pdb.gz	MGYP001586246821.pdb.gz	2.830E-20	1.000	679	14	216	232	481	684	685	212	0.875	0.298
LOKIASV2_0973_ESMFold_acetate--CoA_ligase_family_protein	MGYP001075170988.pdb.gz	MGYP001075170988.pdb.gz	2.359E-20	1.000	679	4	232	232	469	703	722	241	0.987	0.325
LOKIASV2_0973_ESMFold_acetate--CoA_ligase_family_protein	MGYP003671773462.pdb.gz	MGYP003671773462.pdb.gz	2.663E-20	1.000	678	24	232	232	483	692	696	216	0.901	0.302
LOKIASV2_0973_ESMFold_acetate--CoA_ligase_family_protein	MGYP002628198032.pdb.gz	MGYP002628198032.pdb.gz	5.506E-21	1.000	675	17	232	232	475	687	687	230	0.931	0.310
LOKIASV2_0973_ESMFold_acetate--CoA_ligase_family_protein	MGYP003782856607.pdb.gz	MGYP003782856607.pdb.gz	7.475E-19	1.000	674	33	229	232	2	190	191	197	0.849	0.990
LOKIASV2_0973_ESMFold_acetate--CoA_ligase_family_protein	MGYP001025660380.pdb.gz	MGYP001025660380.pdb.gz	1.853E-19	1.000	674	17	232	232	51	263	270	220	0.931	0.789
LOKIASV2_0973_ESMFold_acetate--CoA_ligase_family_protein	MGYP003630905626.pdb.gz	MGYP003630905626.pdb.gz	7.465E-20	1.000	672	1	232	232	465	693	697	237	1.000	0.329
LOKIASV2_0973_ESMFold_acetate--CoA_ligase_family_protein	MGYP000424145681.pdb.gz	MGYP000424145681.pdb.gz	4.596E-20	1.000	670	4	231	232	470	699	835	233	0.983	0.275
LOKIASV2_0973_ESMFold_acetate--CoA_ligase_family_protein	MGYP000374330007.pdb.gz	MGYP000374330007.pdb.gz	8.427E-20	1.000	670	4	232	232	669	895	908	237	0.987	0.250
LOKIASV2_0973_ESMFold_acetate--CoA_ligase_family_protein	MGYP003133894201.pdb.gz	MGYP003133894201.pdb.gz	6.224E-20	1.000	669	4	231	232	330	558	572	233	0.983	0.400
LOKIASV2_0973_ESMFold_acetate--CoA_ligase_family_protein	MGYP002725731238.pdb.gz	MGYP002725731238.pdb.gz	1.545E-19	1.000	668	18	231	232	118	326	329	219	0.922	0.635
LOKIASV2_0973_ESMFold_acetate--CoA_ligase_family_protein	MGYP001139180605.pdb.gz	MGYP001139180605.pdb.gz	2.092E-19	1.000	668	17	232	232	484	698	702	222	0.931	0.306
LOKIASV2_0973_ESMFold_acetate--CoA_ligase_family_protein	MGYP001240244919.pdb.gz	MGYP001240244919.pdb.gz	5.857E-20	1.000	668	4	232	232	650	875	887	234	0.987	0.255
LOKIASV2_0973_ESMFold_acetate--CoA_ligase_family_protein	MGYP003576043702.pdb.gz	MGYP003576043702.pdb.gz	7.475E-19	1.000	667	25	213	232	3	184	186	189	0.815	0.978
LOKIASV2_0973_ESMFold_acetate--CoA_ligase_family_protein	MGYP001229530031.pdb.gz	MGYP001229530031.pdb.gz	1.967E-20	1.000	666	17	232	232	475	679	685	218	0.931	0.299
LOKIASV2_0973_ESMFold_acetate--CoA_ligase_family_protein	MGYP001227535038.pdb.gz	MGYP001227535038.pdb.gz	3.010E-19	1.000	664	31	232	232	3	196	197	203	0.871	0.985
LOKIASV2_0973_ESMFold_acetate--CoA_ligase_family_protein	MGYP002623769165.pdb.gz	MGYP002623769165.pdb.gz	1.288E-19	1.000	663	17	231	232	483	696	696	223	0.927	0.307
LOKIASV2_0973_ESMFold_acetate--CoA_ligase_family_protein	MGYP003581760879.pdb.gz	MGYP003581760879.pdb.gz	4.076E-19	1.000	663	2	232	232	471	700	706	237	0.996	0.326
LOKIASV2_0973_ESMFold_acetate--CoA_ligase_family_protein	MGYP000869656048.pdb.gz	MGYP000869656048.pdb.gz	1.369E-19	1.000	662	4	230	232	638	862	878	233	0.978	0.256
LOKIASV2_0973_ESMFold_acetate--CoA_ligase_family_protein	MGYP000968427223.pdb.gz	MGYP000968427223.pdb.gz	3.394E-20	1.000	659	17	232	232	79	296	299	225	0.931	0.729
LOKIASV2_0973_ESMFold_acetate--CoA_ligase_family_protein	MGYP000097140210.pdb.gz	MGYP000097140210.pdb.gz	2.510E-19	1.000	657	17	232	232	2	202	202	218	0.931	0.995
LOKIASV2_0973_ESMFold_acetate--CoA_ligase_family_protein	MGYP003383645850.pdb.gz	MGYP003383645850.pdb.gz	2.362E-19	1.000	656	3	195	232	105	297	298	197	0.832	0.648
LOKIASV2_0973_ESMFold_acetate--CoA_ligase_family_protein	MGYP002861005118.pdb.gz	MGYP002861005118.pdb.gz	1.969E-19	1.000	655	4	232	232	479	699	699	229	0.987	0.316
LOKIASV2_0973_ESMFold_acetate--CoA_ligase_family_protein	MGYP001547431756.pdb.gz	MGYP001547431756.pdb.gz	3.199E-19	1.000	655	6	232	232	492	721	730	236	0.978	0.315
LOKIASV2_0973_ESMFold_acetate--CoA_ligase_family_protein	MGYP001205270739.pdb.gz	MGYP001205270739.pdb.gz	7.932E-20	1.000	653	18	231	232	3	204	204	215	0.922	0.990
LOKIASV2_0973_ESMFold_acetate--CoA_ligase_family_protein	MGYP001310794582.pdb.gz	MGYP001310794582.pdb.gz	1.371E-18	1.000	652	4	213	232	18	232	234	218	0.905	0.919
LOKIASV2_0973_ESMFold_acetate--CoA_ligase_family_protein	MGYP000845370280.pdb.gz	MGYP000845370280.pdb.gz	3.195E-20	1.000	652	17	232	232	484	700	723	233	0.931	0.300
LOKIASV2_0973_ESMFold_acetate--CoA_ligase_family_protein	MGYP000595610739.pdb.gz	MGYP000595610739.pdb.gz	1.214E-18	1.000	651	59	230	232	4	172	172	172	0.741	0.983
LOKIASV2_0973_ESMFold_acetate--CoA_ligase_family_protein	MGYP001213475907.pdb.gz	MGYP001213475907.pdb.gz	8.427E-20	1.000	651	18	232	232	3	204	204	221	0.927	0.990
LOKIASV2_0973_ESMFold_acetate--CoA_ligase_family_protein	MGYP000632509806.pdb.gz	MGYP000632509806.pdb.gz	8.438E-19	1.000	651	16	231	232	494	706	713	221	0.931	0.299
LOKIASV2_0973_ESMFold_acetate--CoA_ligase_family_protein	MGYP000966874639.pdb.gz	MGYP000966874639.pdb.gz	3.203E-18	1.000	648	3	232	232	472	688	875	232	0.991	0.248
LOKIASV2_0973_ESMFold_acetate--CoA_ligase_family_protein	MGYP001560292577.pdb.gz	MGYP001560292577.pdb.gz	6.613E-20	1.000	647	16	229	232	7	222	222	228	0.922	0.973
LOKIASV2_0973_ESMFold_acetate--CoA_ligase_family_protein	MGYP001798094002.pdb.gz	MGYP001798094002.pdb.gz	7.932E-20	1.000	647	4	230	232	27	253	253	236	0.978	0.897
LOKIASV2_0973_ESMFold_acetate--CoA_ligase_family_protein	MGYP000950800549.pdb.gz	MGYP000950800549.pdb.gz	6.621E-19	1.000	647	1	232	232	168	407	407	245	1.000	0.590
LOKIASV2_0973_ESMFold_acetate--CoA_ligase_family_protein	MGYP000598296532.pdb.gz	MGYP000598296532.pdb.gz	5.865E-19	1.000	646	4	232	232	624	846	857	234	0.987	0.260
LOKIASV2_0973_ESMFold_acetate--CoA_ligase_family_protein	MGYP003582224701.pdb.gz	MGYP003582224701.pdb.gz	2.510E-19	1.000	645	17	232	232	477	690	702	222	0.931	0.305
LOKIASV2_0973_ESMFold_acetate--CoA_ligase_family_protein	MGYP000323583992.pdb.gz	MGYP000323583992.pdb.gz	1.011E-19	1.000	644	17	232	232	489	691	693	219	0.931	0.293
LOKIASV2_0973_ESMFold_acetate--CoA_ligase_family_protein	MGYP001129901047.pdb.gz	MGYP001129901047.pdb.gz	1.642E-19	1.000	643	4	232	232	631	858	870	238	0.987	0.262
LOKIASV2_0973_ESMFold_acetate--CoA_ligase_family_protein	MGYP000983827055.pdb.gz	MGYP000983827055.pdb.gz	4.082E-18	1.000	643	4	232	232	473	688	875	231	0.987	0.247
LOKIASV2_0973_ESMFold_acetate--CoA_ligase_family_protein	MGYP001125633750.pdb.gz	MGYP001125633750.pdb.gz	2.362E-19	1.000	635	58	232	232	100	280	283	186	0.754	0.640
LOKIASV2_0973_ESMFold_acetate--CoA_ligase_family_protein	MGYP000449643774.pdb.gz	MGYP000449643774.pdb.gz	1.288E-19	1.000	634	34	226	232	1	194	195	202	0.832	0.995
LOKIASV2_0973_ESMFold_acetate--CoA_ligase_family_protein	MGYP000865122718.pdb.gz	MGYP000865122718.pdb.gz	3.010E-19	1.000	633	19	232	232	1	209	642	224	0.922	0.326
LOKIASV2_0973_ESMFold_acetate--CoA_ligase_family_protein	MGYP001029084982.pdb.gz	MGYP001029084982.pdb.gz	1.144E-17	1.000	630	62	232	232	2	174	176	175	0.737	0.983
LOKIASV2_0973_ESMFold_acetate--CoA_ligase_family_protein	MGYP001626167074.pdb.gz	MGYP001626167074.pdb.gz	9.514E-20	1.000	630	17	231	232	477	678	678	216	0.927	0.298
LOKIASV2_0973_ESMFold_acetate--CoA_ligase_family_protein	MGYP000651521297.pdb.gz	MGYP000651521297.pdb.gz	4.082E-18	1.000	629	58	232	232	2	184	185	184	0.754	0.989
LOKIASV2_0973_ESMFold_acetate--CoA_ligase_family_protein	MGYP001172873759.pdb.gz	MGYP001172873759.pdb.gz	1.644E-18	1.000	625	20	231	232	497	707	707	220	0.914	0.298
LOKIASV2_0973_ESMFold_acetate--CoA_ligase_family_protein	MGYP001075467263.pdb.gz	MGYP001075467263.pdb.gz	9.538E-18	1.000	624	58	232	232	2	181	182	181	0.754	0.989
LOKIASV2_0973_ESMFold_acetate--CoA_ligase_family_protein	MGYP003353084557.pdb.gz	MGYP003353084557.pdb.gz	3.010E-19	1.000	624	4	221	232	58	274	275	226	0.940	0.789
LOKIASV2_0973_ESMFold_acetate--CoA_ligase_family_protein	MGYP001570629359.pdb.gz	MGYP001570629359.pdb.gz	1.290E-18	1.000	622	18	232	232	353	556	556	218	0.927	0.367
LOKIASV2_0973_ESMFold_acetate--CoA_ligase_family_protein	MGYP001772614187.pdb.gz	MGYP001772614187.pdb.gz	3.403E-18	1.000	619	4	232	232	469	699	886	235	0.987	0.261
LOKIASV2_0973_ESMFold_acetate--CoA_ligase_family_protein	MGYP003411935360.pdb.gz	MGYP003411935360.pdb.gz	1.292E-17	1.000	611	3	216	232	59	277	278	220	0.922	0.788
LOKIASV2_0973_ESMFold_acetate--CoA_ligase_family_protein	MGYP000128470537.pdb.gz	MGYP000128470537.pdb.gz	7.484E-18	1.000	611	4	231	232	478	704	720	230	0.983	0.315
LOKIASV2_0973_ESMFold_acetate--CoA_ligase_family_protein	MGYP000294098051.pdb.gz	MGYP000294098051.pdb.gz	2.095E-18	1.000	610	17	230	232	34	236	238	216	0.922	0.853
LOKIASV2_0973_ESMFold_acetate--CoA_ligase_family_protein	MGYP001265032127.pdb.gz	MGYP001265032127.pdb.gz	3.842E-18	1.000	610	7	231	232	319	549	549	239	0.970	0.421
LOKIASV2_0973_ESMFold_acetate--CoA_ligase_family_protein	MGYP001819546441.pdb.gz	MGYP001819546441.pdb.gz	1.372E-17	1.000	608	19	215	232	419	604	604	198	0.849	0.308
LOKIASV2_0973_ESMFold_acetate--CoA_ligase_family_protein	MGYP003340116799.pdb.gz	MGYP003340116799.pdb.gz	1.547E-18	1.000	606	43	231	232	4	184	196	192	0.815	0.923
LOKIASV2_0973_ESMFold_acetate--CoA_ligase_family_protein	MGYP000128893237.pdb.gz	MGYP000128893237.pdb.gz	1.290E-18	1.000	606	16	232	232	44	235	235	218	0.935	0.817
LOKIASV2_0973_ESMFold_acetate--CoA_ligase_family_protein	MGYP001229712861.pdb.gz	MGYP001229712861.pdb.gz	5.527E-18	1.000	606	18	232	232	459	666	669	215	0.927	0.311
LOKIASV2_0973_ESMFold_acetate--CoA_ligase_family_protein	MGYP001546637071.pdb.gz	MGYP001546637071.pdb.gz	4.608E-18	1.000	605	22	232	232	4	215	228	217	0.909	0.930
LOKIASV2_0973_ESMFold_acetate--CoA_ligase_family_protein	MGYP003976193337.pdb.gz	MGYP003976193337.pdb.gz	1.075E-18	1.000	605	18	230	232	52	251	251	213	0.918	0.797
LOKIASV2_0973_ESMFold_acetate--CoA_ligase_family_protein	MGYP000267557421.pdb.gz	MGYP000267557421.pdb.gz	3.203E-18	1.000	604	21	231	232	2	194	194	211	0.909	0.995
LOKIASV2_0973_ESMFold_acetate--CoA_ligase_family_protein	MGYP000865775774.pdb.gz	MGYP000865775774.pdb.gz	5.534E-17	1.000	601	58	232	232	3	171	185	175	0.754	0.914
LOKIASV2_0973_ESMFold_acetate--CoA_ligase_family_protein	MGYP003434839771.pdb.gz	MGYP003434839771.pdb.gz	3.399E-19	1.000	601	5	232	232	10	263	263	265	0.983	0.966
LOKIASV2_0973_ESMFold_acetate--CoA_ligase_family_protein	MGYP003993011617.pdb.gz	MGYP003993011617.pdb.gz	1.214E-18	1.000	597	4	230	232	463	678	678	232	0.978	0.319
LOKIASV2_0973_ESMFold_acetate--CoA_ligase_family_protein	MGYP000495214169.pdb.gz	MGYP000495214169.pdb.gz	7.942E-19	1.000	595	24	232	232	464	657	665	210	0.901	0.292
LOKIASV2_0973_ESMFold_acetate--CoA_ligase_family_protein	MGYP001481686195.pdb.gz	MGYP001481686195.pdb.gz	2.674E-17	1.000	594	59	231	232	1	178	178	180	0.746	1.000
LOKIASV2_0973_ESMFold_acetate--CoA_ligase_family_protein	MGYP001336608064.pdb.gz	MGYP001336608064.pdb.gz	2.674E-17	1.000	588	33	232	232	1	196	210	206	0.862	0.933
LOKIASV2_0973_ESMFold_acetate--CoA_ligase_family_protein	MGYP003654916228.pdb.gz	MGYP003654916228.pdb.gz	1.013E-17	1.000	588	19	218	232	492	691	693	208	0.862	0.289
LOKIASV2_0973_ESMFold_acetate--CoA_ligase_family_protein	MGYP000164215523.pdb.gz	MGYP000164215523.pdb.gz	6.630E-18	1.000	586	19	220	232	9	211	288	209	0.871	0.705
LOKIASV2_0973_ESMFold_acetate--CoA_ligase_family_protein	MGYP003583915794.pdb.gz	MGYP003583915794.pdb.gz	1.974E-17	1.000	586	18	232	232	63	272	288	217	0.927	0.729
LOKIASV2_0973_ESMFold_acetate--CoA_ligase_family_protein	MGYP001027664674.pdb.gz	MGYP001027664674.pdb.gz	2.095E-18	1.000	585	17	232	232	473	689	691	235	0.931	0.314
LOKIASV2_0973_ESMFold_acetate--CoA_ligase_family_protein	MGYP000931023431.pdb.gz	MGYP000931023431.pdb.gz	1.217E-16	1.000	584	4	212	232	225	433	433	213	0.901	0.483
LOKIASV2_0973_ESMFold_acetate--CoA_ligase_family_protein	MGYP001608784205.pdb.gz	MGYP001608784205.pdb.gz	4.608E-18	1.000	583	17	231	232	345	546	546	219	0.927	0.370
LOKIASV2_0973_ESMFold_acetate--CoA_ligase_family_protein	MGYP001052230397.pdb.gz	MGYP001052230397.pdb.gz	1.216E-17	1.000	583	21	226	232	440	648	649	214	0.888	0.322
LOKIASV2_0973_ESMFold_acetate--CoA_ligase_family_protein	MGYP002713991671.pdb.gz	MGYP002713991671.pdb.gz	1.077E-17	1.000	582	28	232	232	2	206	207	212	0.884	0.990
LOKIASV2_0973_ESMFold_acetate--CoA_ligase_family_protein	MGYP001370382593.pdb.gz	MGYP001370382593.pdb.gz	4.337E-18	1.000	581	19	219	232	48	249	250	208	0.866	0.808
LOKIASV2_0973_ESMFold_acetate--CoA_ligase_family_protein	MGYP001031122012.pdb.gz	MGYP001031122012.pdb.gz	7.053E-17	1.000	577	1	205	232	2	196	198	206	0.884	0.985
LOKIASV2_0973_ESMFold_acetate--CoA_ligase_family_protein	MGYP002629297902.pdb.gz	MGYP002629297902.pdb.gz	1.292E-17	1.000	576	4	231	232	339	562	562	236	0.983	0.399
LOKIASV2_0973_ESMFold_acetate--CoA_ligase_family_protein	MGYP001233858742.pdb.gz	MGYP001233858742.pdb.gz	2.674E-17	1.000	575	17	204	232	471	648	652	188	0.810	0.273
LOKIASV2_0973_ESMFold_acetate--CoA_ligase_family_protein	MGYP001595158102.pdb.gz	MGYP001595158102.pdb.gz	8.989E-17	1.000	572	91	232	232	3	139	152	142	0.612	0.901
LOKIASV2_0973_ESMFold_acetate--CoA_ligase_family_protein	MGYP000902558009.pdb.gz	MGYP000902558009.pdb.gz	1.078E-16	1.000	572	19	202	232	8	191	197	190	0.793	0.934
LOKIASV2_0973_ESMFold_acetate--CoA_ligase_family_protein	MGYP001273888781.pdb.gz	MGYP001273888781.pdb.gz	1.013E-17	1.000	569	4	230	232	474	706	892	240	0.978	0.261
LOKIASV2_0973_ESMFold_acetate--CoA_ligase_family_protein	MGYP000729799774.pdb.gz	MGYP000729799774.pdb.gz	3.412E-16	1.000	567	38	232	232	2	187	202	195	0.841	0.921
LOKIASV2_0973_ESMFold_acetate--CoA_ligase_family_protein	MGYP002716601606.pdb.gz	MGYP002716601606.pdb.gz	1.372E-17	1.000	566	22	231	232	91	297	297	216	0.905	0.697
LOKIASV2_0973_ESMFold_acetate--CoA_ligase_family_protein	MGYP000201888002.pdb.gz	MGYP000201888002.pdb.gz	4.342E-17	1.000	566	17	232	232	85	302	303	230	0.931	0.719
LOKIASV2_0973_ESMFold_acetate--CoA_ligase_family_protein	MGYP000200026627.pdb.gz	MGYP000200026627.pdb.gz	9.550E-17	1.000	563	17	231	232	8	211	219	218	0.927	0.932
LOKIASV2_0973_ESMFold_acetate--CoA_ligase_family_protein	MGYP002621836312.pdb.gz	MGYP002621836312.pdb.gz	1.751E-16	1.000	563	18	232	232	491	698	699	218	0.927	0.298
LOKIASV2_0973_ESMFold_acetate--CoA_ligase_family_protein	MGYP002819793676.pdb.gz	MGYP002819793676.pdb.gz	2.371E-16	1.000	562	19	199	232	479	658	660	186	0.780	0.273
LOKIASV2_0973_ESMFold_acetate--CoA_ligase_family_protein	MGYP000045663371.pdb.gz	MGYP000045663371.pdb.gz	1.749E-17	1.000	562	26	232	232	23	213	686	212	0.892	0.278
LOKIASV2_0973_ESMFold_acetate--CoA_ligase_family_protein	MGYP001559350536.pdb.gz	MGYP001559350536.pdb.gz	5.880E-17	1.000	560	17	230	232	14	202	202	214	0.922	0.936
LOKIASV2_0973_ESMFold_acetate--CoA_ligase_family_protein	MGYP001330989659.pdb.gz	MGYP001330989659.pdb.gz	4.092E-16	1.000	560	22	200	232	68	246	250	183	0.772	0.716
LOKIASV2_0973_ESMFold_acetate--CoA_ligase_family_protein	MGYP000992918985.pdb.gz	MGYP000992918985.pdb.gz	1.148E-14	1.000	559	113	232	232	13	132	132	121	0.517	0.909
LOKIASV2_0973_ESMFold_acetate--CoA_ligase_family_protein	MGYP001814832759.pdb.gz	MGYP001814832759.pdb.gz	1.751E-16	1.000	554	4	180	232	257	430	435	178	0.763	0.400
LOKIASV2_0973_ESMFold_acetate--CoA_ligase_family_protein	MGYP001253642870.pdb.gz	MGYP001253642870.pdb.gz	1.015E-16	1.000	553	4	232	232	7	252	764	251	0.987	0.322
LOKIASV2_0973_ESMFold_acetate--CoA_ligase_family_protein	MGYP002737849961.pdb.gz	MGYP002737849961.pdb.gz	8.471E-16	1.000	552	19	222	232	107	306	307	207	0.879	0.651
LOKIASV2_0973_ESMFold_acetate--CoA_ligase_family_protein	MGYP001562075140.pdb.gz	MGYP001562075140.pdb.gz	2.237E-14	1.000	550	113	232	232	43	160	188	120	0.517	0.628
LOKIASV2_0973_ESMFold_acetate--CoA_ligase_family_protein	MGYP000959870521.pdb.gz	MGYP000959870521.pdb.gz	3.211E-16	1.000	550	3	202	232	399	598	599	208	0.862	0.334
LOKIASV2_0973_ESMFold_acetate--CoA_ligase_family_protein	MGYP001555953079.pdb.gz	MGYP001555953079.pdb.gz	7.972E-16	1.000	549	91	232	232	54	194	195	144	0.612	0.723
LOKIASV2_0973_ESMFold_acetate--CoA_ligase_family_protein	MGYP003490568592.pdb.gz	MGYP003490568592.pdb.gz	4.092E-16	1.000	547	59	226	232	1	175	176	176	0.724	0.994
LOKIASV2_0973_ESMFold_acetate--CoA_ligase_family_protein	MGYP000007447080.pdb.gz	MGYP000007447080.pdb.gz	3.851E-16	1.000	546	55	232	232	2	175	183	179	0.767	0.951
LOKIASV2_0973_ESMFold_acetate--CoA_ligase_family_protein	MGYP003146491224.pdb.gz	MGYP003146491224.pdb.gz	2.371E-16	1.000	544	4	230	232	354	590	768	245	0.978	0.309
LOKIASV2_0973_ESMFold_acetate--CoA_ligase_family_protein	MGYP000255190882.pdb.gz	MGYP000255190882.pdb.gz	2.523E-15	1.000	541	67	232	232	1	168	168	172	0.716	1.000
LOKIASV2_0973_ESMFold_acetate--CoA_ligase_family_protein	MGYP001581163877.pdb.gz	MGYP001581163877.pdb.gz	6.638E-17	1.000	541	31	231	232	492	683	683	205	0.866	0.281
LOKIASV2_0973_ESMFold_acetate--CoA_ligase_family_protein	MGYP001343683427.pdb.gz	MGYP001343683427.pdb.gz	3.022E-16	1.000	541	18	232	232	483	698	698	226	0.927	0.309
LOKIASV2_0973_ESMFold_acetate--CoA_ligase_family_protein	MGYP002781144621.pdb.gz	MGYP002781144621.pdb.gz	2.374E-15	1.000	540	63	232	232	2	168	173	172	0.733	0.965
LOKIASV2_0973_ESMFold_acetate--CoA_ligase_family_protein	MGYP000489325052.pdb.gz	MGYP000489325052.pdb.gz	2.844E-16	1.000	539	1	162	232	1	162	163	166	0.698	0.994
LOKIASV2_0973_ESMFold_acetate--CoA_ligase_family_protein	MGYP003956330651.pdb.gz	MGYP003956330651.pdb.gz	3.211E-16	1.000	537	4	196	232	227	418	419	197	0.832	0.458
LOKIASV2_0973_ESMFold_acetate--CoA_ligase_family_protein	MGYP000874901880.pdb.gz	MGYP000874901880.pdb.gz	4.092E-16	1.000	531	18	232	232	494	707	711	223	0.927	0.301
LOKIASV2_0973_ESMFold_acetate--CoA_ligase_family_protein	MGYP000580434959.pdb.gz	MGYP000580434959.pdb.gz	4.348E-16	1.000	528	51	231	232	3	174	176	182	0.780	0.977
LOKIASV2_0973_ESMFold_acetate--CoA_ligase_family_protein	MGYP000069926558.pdb.gz	MGYP000069926558.pdb.gz	1.863E-15	1.000	526	46	232	232	3	187	193	188	0.806	0.959
LOKIASV2_0973_ESMFold_acetate--CoA_ligase_family_protein	MGYP001814567770.pdb.gz	MGYP001814567770.pdb.gz	1.219E-15	1.000	525	4	183	232	261	440	450	184	0.776	0.400
LOKIASV2_0973_ESMFold_acetate--CoA_ligase_family_protein	MGYP000980428328.pdb.gz	MGYP000980428328.pdb.gz	1.219E-15	1.000	519	60	217	232	1	153	231	161	0.681	0.662
LOKIASV2_0973_ESMFold_acetate--CoA_ligase_family_protein	MGYP001182409485.pdb.gz	MGYP001182409485.pdb.gz	9.023E-14	1.000	516	111	232	232	10	133	160	125	0.526	0.775
LOKIASV2_0973_ESMFold_acetate--CoA_ligase_family_protein	MGYP000302872727.pdb.gz	MGYP000302872727.pdb.gz	2.523E-15	1.000	515	46	232	232	5	191	192	195	0.806	0.974
LOKIASV2_0973_ESMFold_acetate--CoA_ligase_family_protein	MGYP001174247345.pdb.gz	MGYP001174247345.pdb.gz	3.425E-13	1.000	511	111	231	232	1	120	559	121	0.522	0.215
LOKIASV2_0973_ESMFold_acetate--CoA_ligase_family_protein	MGYP000039800938.pdb.gz	MGYP000039800938.pdb.gz	4.626E-15	1.000	510	20	229	232	499	707	708	218	0.905	0.295
LOKIASV2_0973_ESMFold_acetate--CoA_ligase_family_protein	MGYP001435123854.pdb.gz	MGYP001435123854.pdb.gz	1.753E-15	1.000	509	1	203	232	6	203	207	209	0.875	0.957
LOKIASV2_0973_ESMFold_acetate--CoA_ligase_family_protein	MGYP003624064621.pdb.gz	MGYP003624064621.pdb.gz	5.895E-15	1.000	508	38	202	232	3	169	173	170	0.711	0.965
LOKIASV2_0973_ESMFold_acetate--CoA_ligase_family_protein	MGYP001083740913.pdb.gz	MGYP001083740913.pdb.gz	7.983E-15	1.000	506	70	232	232	7	167	171	166	0.703	0.942
LOKIASV2_0973_ESMFold_acetate--CoA_ligase_family_protein	MGYP001394808585.pdb.gz	MGYP001394808585.pdb.gz	9.012E-15	1.000	506	19	197	232	3	174	184	179	0.772	0.935
LOKIASV2_0973_ESMFold_acetate--CoA_ligase_family_protein	MGYP003529577056.pdb.gz	MGYP003529577056.pdb.gz	1.297E-14	1.000	505	33	213	232	2	183	184	186	0.780	0.989
LOKIASV2_0973_ESMFold_acetate--CoA_ligase_family_protein	MGYP001028967562.pdb.gz	MGYP001028967562.pdb.gz	7.983E-15	1.000	504	58	218	232	6	168	170	165	0.694	0.959
LOKIASV2_0973_ESMFold_acetate--CoA_ligase_family_protein	MGYP000508606804.pdb.gz	MGYP000508606804.pdb.gz	1.758E-13	1.000	503	111	232	232	30	152	152	124	0.526	0.809
LOKIASV2_0973_ESMFold_acetate--CoA_ligase_family_protein	MGYP000462874754.pdb.gz	MGYP000462874754.pdb.gz	3.215E-15	1.000	502	4	207	232	38	231	232	204	0.879	0.836
LOKIASV2_0973_ESMFold_acetate--CoA_ligase_family_protein	MGYP000742804433.pdb.gz	MGYP000742804433.pdb.gz	1.758E-13	1.000	501	111	232	232	10	133	136	125	0.526	0.912
LOKIASV2_0973_ESMFold_acetate--CoA_ligase_family_protein	MGYP000621436219.pdb.gz	MGYP000621436219.pdb.gz	4.620E-16	1.000	501	8	172	232	4	168	224	169	0.711	0.737
LOKIASV2_0973_ESMFold_acetate--CoA_ligase_family_protein	MGYP000219643474.pdb.gz	MGYP000219643474.pdb.gz	2.855E-13	1.000	501	114	232	232	1	118	308	119	0.513	0.383
LOKIASV2_0973_ESMFold_acetate--CoA_ligase_family_protein	MGYP003862480717.pdb.gz	MGYP003862480717.pdb.gz	3.026E-15	1.000	499	19	232	232	482	680	680	214	0.922	0.293
LOKIASV2_0973_ESMFold_acetate--CoA_ligase_family_protein	MGYP001107240707.pdb.gz	MGYP001107240707.pdb.gz	6.655E-15	1.000	497	8	172	232	9	168	170	166	0.711	0.941
LOKIASV2_0973_ESMFold_acetate--CoA_ligase_family_protein	MGYP004005900583.pdb.gz	MGYP004005900583.pdb.gz	4.915E-15	1.000	497	73	232	232	1	165	170	169	0.690	0.971
LOKIASV2_0973_ESMFold_acetate--CoA_ligase_family_protein	MGYP001170167247.pdb.gz	MGYP001170167247.pdb.gz	3.034E-13	1.000	491	113	232	232	2	120	595	120	0.517	0.200
LOKIASV2_0973_ESMFold_acetate--CoA_ligase_family_protein	MGYP001067409920.pdb.gz	MGYP001067409920.pdb.gz	2.529E-13	1.000	490	119	232	232	2	118	123	117	0.491	0.951
LOKIASV2_0973_ESMFold_acetate--CoA_ligase_family_protein	MGYP001358423029.pdb.gz	MGYP001358423029.pdb.gz	1.979E-15	1.000	490	70	232	232	1	170	173	179	0.703	0.983
LOKIASV2_0973_ESMFold_acetate--CoA_ligase_family_protein	MGYP001274231695.pdb.gz	MGYP001274231695.pdb.gz	3.026E-15	1.000	490	19	230	232	515	711	711	215	0.914	0.277
LOKIASV2_0973_ESMFold_acetate--CoA_ligase_family_protein	MGYP000199619830.pdb.gz	MGYP000199619830.pdb.gz	5.895E-15	1.000	489	20	202	232	19	191	193	185	0.789	0.896
LOKIASV2_0973_ESMFold_acetate--CoA_ligase_family_protein	MGYP001186249581.pdb.gz	MGYP001186249581.pdb.gz	1.297E-14	1.000	485	70	230	232	2	159	163	168	0.694	0.969
LOKIASV2_0973_ESMFold_acetate--CoA_ligase_family_protein	MGYP001212108349.pdb.gz	MGYP001212108349.pdb.gz	4.921E-14	1.000	482	85	232	232	1	142	142	150	0.638	1.000
LOKIASV2_0973_ESMFold_acetate--CoA_ligase_family_protein	MGYP001032876933.pdb.gz	MGYP001032876933.pdb.gz	2.111E-12	1.000	482	119	232	232	60	172	178	114	0.491	0.635
LOKIASV2_0973_ESMFold_acetate--CoA_ligase_family_protein	MGYP001273265417.pdb.gz	MGYP001273265417.pdb.gz	1.982E-14	1.000	480	70	232	232	3	170	170	168	0.703	0.988
LOKIASV2_0973_ESMFold_acetate--CoA_ligase_family_protein	MGYP001419202737.pdb.gz	MGYP001419202737.pdb.gz	1.987E-12	1.000	477	111	232	232	16	136	188	122	0.526	0.644
LOKIASV2_0973_ESMFold_acetate--CoA_ligase_family_protein	MGYP001202513320.pdb.gz	MGYP001202513320.pdb.gz	2.526E-14	1.000	477	3	182	232	71	245	245	180	0.776	0.714
LOKIASV2_0973_ESMFold_acetate--CoA_ligase_family_protein	MGYP000259209725.pdb.gz	MGYP000259209725.pdb.gz	3.030E-14	1.000	473	70	232	232	1	163	169	168	0.703	0.964
LOKIASV2_0973_ESMFold_acetate--CoA_ligase_family_protein	MGYP001115213320.pdb.gz	MGYP001115213320.pdb.gz	1.756E-14	1.000	472	91	232	232	4	146	146	150	0.612	0.979
LOKIASV2_0973_ESMFold_acetate--CoA_ligase_family_protein	MGYP001812726844.pdb.gz	MGYP001812726844.pdb.gz	1.467E-12	1.000	467	113	232	232	5	125	127	121	0.517	0.953
LOKIASV2_0973_ESMFold_acetate--CoA_ligase_family_protein	MGYP001589563988.pdb.gz	MGYP001589563988.pdb.gz	1.297E-14	1.000	467	16	185	232	2	170	172	175	0.733	0.983
LOKIASV2_0973_ESMFold_acetate--CoA_ligase_family_protein	MGYP001822781756.pdb.gz	MGYP001822781756.pdb.gz	1.557E-13	1.000	467	67	232	232	1	162	175	167	0.716	0.926
LOKIASV2_0973_ESMFold_acetate--CoA_ligase_family_protein	MGYP001565949225.pdb.gz	MGYP001565949225.pdb.gz	1.466E-13	1.000	467	91	232	232	15	149	193	142	0.612	0.699
LOKIASV2_0973_ESMFold_acetate--CoA_ligase_family_protein	MGYP001374165525.pdb.gz	MGYP001374165525.pdb.gz	8.492E-14	1.000	464	90	232	232	3	142	146	145	0.616	0.959
LOKIASV2_0973_ESMFold_acetate--CoA_ligase_family_protein	MGYP001305616236.pdb.gz	MGYP001305616236.pdb.gz	7.993E-14	1.000	464	4	187	232	476	661	663	189	0.793	0.281
LOKIASV2_0973_ESMFold_acetate--CoA_ligase_family_protein	MGYP003694177703.pdb.gz	MGYP003694177703.pdb.gz	3.425E-13	1.000	463	35	197	232	1	164	210	168	0.703	0.781
LOKIASV2_0973_ESMFold_acetate--CoA_ligase_family_protein	MGYP003457027023.pdb.gz	MGYP003457027023.pdb.gz	2.243E-12	1.000	461	114	232	232	31	148	157	119	0.513	0.752
LOKIASV2_0973_ESMFold_acetate--CoA_ligase_family_protein	MGYP001591029733.pdb.gz	MGYP001591029733.pdb.gz	1.150E-13	1.000	460	75	232	232	2	164	168	168	0.681	0.970
LOKIASV2_0973_ESMFold_acetate--CoA_ligase_family_protein	MGYP000225397661.pdb.gz	MGYP000225397661.pdb.gz	6.655E-15	1.000	457	4	230	232	221	391	580	227	0.978	0.295
LOKIASV2_0973_ESMFold_acetate--CoA_ligase_family_protein	MGYP001635269866.pdb.gz	MGYP001635269866.pdb.gz	1.150E-13	1.000	455	80	232	232	3	162	171	164	0.659	0.936
LOKIASV2_0973_ESMFold_acetate--CoA_ligase_family_protein	MGYP001113360382.pdb.gz	MGYP001113360382.pdb.gz	9.587E-14	1.000	454	73	232	232	1	158	171	167	0.690	0.924
LOKIASV2_0973_ESMFold_acetate--CoA_ligase_family_protein	MGYP003663538336.pdb.gz	MGYP003663538336.pdb.gz	5.895E-15	1.000	452	17	232	232	464	693	693	253	0.931	0.332
LOKIASV2_0973_ESMFold_acetate--CoA_ligase_family_protein	MGYP000632502337.pdb.gz	MGYP000632502337.pdb.gz	6.655E-15	1.000	451	4	232	232	704	873	885	231	0.987	0.192
LOKIASV2_0973_ESMFold_acetate--CoA_ligase_family_protein	MGYP001575024186.pdb.gz	MGYP001575024186.pdb.gz	1.379E-13	1.000	449	67	232	232	3	171	171	172	0.716	0.988
LOKIASV2_0973_ESMFold_acetate--CoA_ligase_family_protein	MGYP001412415332.pdb.gz	MGYP001412415332.pdb.gz	3.429E-12	1.000	448	119	232	232	35	151	151	117	0.491	0.775
LOKIASV2_0973_ESMFold_acetate--CoA_ligase_family_protein	MGYP001766764400.pdb.gz	MGYP001766764400.pdb.gz	1.082E-13	1.000	447	4	197	232	372	570	571	200	0.836	0.349
LOKIASV2_0973_ESMFold_acetate--CoA_ligase_family_protein	MGYP001596229564.pdb.gz	MGYP001596229564.pdb.gz	5.235E-13	1.000	446	80	232	232	1	158	170	163	0.659	0.929
LOKIASV2_0973_ESMFold_acetate--CoA_ligase_family_protein	MGYP003484315168.pdb.gz	MGYP003484315168.pdb.gz	3.648E-11	1.000	440	119	232	232	65	178	191	114	0.491	0.597
LOKIASV2_0973_ESMFold_acetate--CoA_ligase_family_protein	MGYP001065102284.pdb.gz	MGYP001065102284.pdb.gz	1.985E-13	1.000	439	26	228	232	2	202	203	211	0.875	0.990
LOKIASV2_0973_ESMFold_acetate--CoA_ligase_family_protein	MGYP003577133513.pdb.gz	MGYP003577133513.pdb.gz	5.910E-13	1.000	436	59	232	232	1	174	174	183	0.750	1.000
LOKIASV2_0973_ESMFold_acetate--CoA_ligase_family_protein	MGYP001078052484.pdb.gz	MGYP001078052484.pdb.gz	1.151E-12	1.000	435	80	232	232	5	154	154	155	0.659	0.974
LOKIASV2_0973_ESMFold_acetate--CoA_ligase_family_protein	MGYP001310498007.pdb.gz	MGYP001310498007.pdb.gz	1.873E-11	1.000	434	114	231	232	5	126	143	122	0.509	0.853
LOKIASV2_0973_ESMFold_acetate--CoA_ligase_family_protein	MGYP003776893023.pdb.gz	MGYP003776893023.pdb.gz	6.280E-13	1.000	433	20	192	232	486	657	658	177	0.746	0.261
LOKIASV2_0973_ESMFold_acetate--CoA_ligase_family_protein	MGYP002750585486.pdb.gz	MGYP002750585486.pdb.gz	2.106E-14	1.000	430	29	202	232	2	175	176	182	0.750	0.989
LOKIASV2_0973_ESMFold_acetate--CoA_ligase_family_protein	MGYP000080049890.pdb.gz	MGYP000080049890.pdb.gz	3.232E-11	1.000	429	120	230	232	2	112	112	111	0.478	0.991
LOKIASV2_0973_ESMFold_acetate--CoA_ligase_family_protein	MGYP001214502110.pdb.gz	MGYP001214502110.pdb.gz	6.280E-13	1.000	421	19	190	232	1	172	173	176	0.741	0.994
LOKIASV2_0973_ESMFold_acetate--CoA_ligase_family_protein	MGYP001350484522.pdb.gz	MGYP001350484522.pdb.gz	3.227E-12	1.000	416	19	155	232	51	184	184	138	0.591	0.728
LOKIASV2_0973_ESMFold_acetate--CoA_ligase_family_protein	MGYP001281843337.pdb.gz	MGYP001281843337.pdb.gz	4.637E-13	1.000	414	19	190	232	6	170	171	174	0.741	0.965
LOKIASV2_0973_ESMFold_acetate--CoA_ligase_family_protein	MGYP001270172379.pdb.gz	MGYP001270172379.pdb.gz	5.910E-13	1.000	413	16	193	232	112	286	287	184	0.767	0.610
LOKIASV2_0973_ESMFold_acetate--CoA_ligase_family_protein	MGYP001412100567.pdb.gz	MGYP001412100567.pdb.gz	2.529E-13	1.000	413	5	191	232	453	642	643	198	0.806	0.295
LOKIASV2_0973_ESMFold_acetate--CoA_ligase_family_protein	MGYP001235666128.pdb.gz	MGYP001235666128.pdb.gz	5.910E-13	1.000	409	63	232	232	16	157	157	173	0.733	0.904
LOKIASV2_0973_ESMFold_acetate--CoA_ligase_family_protein	MGYP002626003283.pdb.gz	MGYP002626003283.pdb.gz	3.227E-12	1.000	409	75	230	232	2	154	159	161	0.672	0.962
LOKIASV2_0973_ESMFold_acetate--CoA_ligase_family_protein	MGYP000110537386.pdb.gz	MGYP000110537386.pdb.gz	5.229E-14	1.000	408	18	232	232	2	223	394	240	0.927	0.563
LOKIASV2_0973_ESMFold_acetate--CoA_ligase_family_protein	MGYP001431616422.pdb.gz	MGYP001431616422.pdb.gz	5.925E-11	1.000	404	128	232	232	8	112	112	105	0.453	0.938
LOKIASV2_0973_ESMFold_acetate--CoA_ligase_family_protein	MGYP001088648622.pdb.gz	MGYP001088648622.pdb.gz	3.045E-10	1.000	395	123	231	232	2	112	112	111	0.470	0.991
LOKIASV2_0973_ESMFold_acetate--CoA_ligase_family_protein	MGYP001608324363.pdb.gz	MGYP001608324363.pdb.gz	1.765E-10	1.000	391	119	230	232	3	117	171	115	0.483	0.673
LOKIASV2_0973_ESMFold_acetate--CoA_ligase_family_protein	MGYP000070642290.pdb.gz	MGYP000070642290.pdb.gz	4.113E-12	1.000	388	1	185	232	9	189	189	190	0.797	0.958
LOKIASV2_0973_ESMFold_acetate--CoA_ligase_family_protein	MGYP000268237433.pdb.gz	MGYP000268237433.pdb.gz	1.990E-11	1.000	385	5	232	232	475	714	904	244	0.983	0.265
LOKIASV2_0973_ESMFold_acetate--CoA_ligase_family_protein	MGYP003351963424.pdb.gz	MGYP003351963424.pdb.gz	4.108E-13	1.000	384	61	231	232	17	186	190	185	0.737	0.895
LOKIASV2_0973_ESMFold_acetate--CoA_ligase_family_protein	MGYP000293664762.pdb.gz	MGYP000293664762.pdb.gz	1.561E-11	1.000	383	80	228	232	4	152	188	152	0.642	0.793
LOKIASV2_0973_ESMFold_acetate--CoA_ligase_family_protein	MGYP000205000298.pdb.gz	MGYP000205000298.pdb.gz	1.873E-11	1.000	383	85	232	232	1	145	335	149	0.638	0.433
LOKIASV2_0973_ESMFold_acetate--CoA_ligase_family_protein	MGYP003704863649.pdb.gz	MGYP003704863649.pdb.gz	1.990E-11	1.000	377	80	232	232	5	159	162	159	0.659	0.957
LOKIASV2_0973_ESMFold_acetate--CoA_ligase_family_protein	MGYP003352025403.pdb.gz	MGYP003352025403.pdb.gz	1.471E-10	1.000	367	80	217	232	2	140	141	144	0.595	0.986
LOKIASV2_0973_ESMFold_acetate--CoA_ligase_family_protein	MGYP000194452426.pdb.gz	MGYP000194452426.pdb.gz	1.561E-11	1.000	366	16	182	232	102	257	259	167	0.720	0.602
LOKIASV2_0973_ESMFold_acetate--CoA_ligase_family_protein	MGYP001132241814.pdb.gz	MGYP001132241814.pdb.gz	4.649E-11	1.000	365	71	232	232	4	165	166	171	0.698	0.976
LOKIASV2_0973_ESMFold_acetate--CoA_ligase_family_protein	MGYP000246460530.pdb.gz	MGYP000246460530.pdb.gz	5.570E-12	1.000	363	29	204	232	2	166	177	181	0.759	0.932
LOKIASV2_0973_ESMFold_acetate--CoA_ligase_family_protein	MGYP003353796385.pdb.gz	MGYP003353796385.pdb.gz	1.385E-10	1.000	360	114	232	232	18	134	172	122	0.513	0.680
LOKIASV2_0973_ESMFold_acetate--CoA_ligase_family_protein	MGYP001135773707.pdb.gz	MGYP001135773707.pdb.gz	3.648E-11	1.000	350	18	231	232	4	208	222	223	0.922	0.923
LOKIASV2_0973_ESMFold_acetate--CoA_ligase_family_protein	MGYP001557347342.pdb.gz	MGYP001557347342.pdb.gz	7.552E-11	1.000	341	71	232	232	3	179	181	185	0.698	0.978
LOKIASV2_0973_ESMFold_acetate--CoA_ligase_family_protein	MGYP000333048286.pdb.gz	MGYP000333048286.pdb.gz	2.863E-11	1.000	341	4	231	232	634	792	806	230	0.983	0.197
LOKIASV2_0973_ESMFold_acetate--CoA_ligase_family_protein	MGYP003407593537.pdb.gz	MGYP003407593537.pdb.gz	7.552E-11	1.000	338	19	194	232	28	196	197	178	0.759	0.858
LOKIASV2_0973_ESMFold_acetate--CoA_ligase_family_protein	MGYP003426231980.pdb.gz	MGYP003426231980.pdb.gz	3.236E-10	1.000	333	80	232	232	3	158	161	164	0.659	0.969
LOKIASV2_0973_ESMFold_acetate--CoA_ligase_family_protein	MGYP001816220747.pdb.gz	MGYP001816220747.pdb.gz	1.663E-09	1.000	329	19	147	232	284	407	407	129	0.556	0.305
LOKIASV2_0973_ESMFold_acetate--CoA_ligase_family_protein	MGYP001563444102.pdb.gz	MGYP001563444102.pdb.gz	1.767E-09	1.000	323	111	232	232	33	154	156	126	0.526	0.782
LOKIASV2_0973_ESMFold_acetate--CoA_ligase_family_protein	MGYP003527003933.pdb.gz	MGYP003527003933.pdb.gz	2.393E-09	1.000	323	116	231	232	40	157	169	121	0.500	0.698
LOKIASV2_0973_ESMFold_acetate--CoA_ligase_family_protein	MGYP003493605469.pdb.gz	MGYP003493605469.pdb.gz	4.661E-09	1.000	308	74	220	232	2	150	192	153	0.634	0.776
LOKIASV2_0973_ESMFold_acetate--CoA_ligase_family_protein	MGYP001039532517.pdb.gz	MGYP001039532517.pdb.gz	1.089E-08	1.000	307	17	147	232	50	174	174	131	0.565	0.718
LOKIASV2_0973_ESMFold_acetate--CoA_ligase_family_protein	MGYP003350886307.pdb.gz	MGYP003350886307.pdb.gz	3.049E-09	1.000	305	4	148	232	56	195	198	145	0.625	0.707
LOKIASV2_0973_ESMFold_acetate--CoA_ligase_family_protein	MGYP001603768649.pdb.gz	MGYP001603768649.pdb.gz	5.598E-08	1.000	300	128	232	232	2	109	121	108	0.453	0.893
LOKIASV2_0973_ESMFold_acetate--CoA_ligase_family_protein	MGYP001560180691.pdb.gz	MGYP001560180691.pdb.gz	1.386E-09	1.000	295	39	213	232	9	166	167	181	0.754	0.946
LOKIASV2_0973_ESMFold_acetate--CoA_ligase_family_protein	MGYP001056529687.pdb.gz	MGYP001056529687.pdb.gz	9.070E-10	1.000	288	4	231	232	456	612	808	232	0.983	0.194
LOKIASV2_0973_ESMFold_acetate--CoA_ligase_family_protein	MGYP000866765595.pdb.gz	MGYP000866765595.pdb.gz	2.399E-07	1.000	282	136	231	232	3	98	98	96	0.414	0.980
LOKIASV2_0973_ESMFold_acetate--CoA_ligase_family_protein	MGYP001002775017.pdb.gz	MGYP001002775017.pdb.gz	2.125E-07	1.000	280	136	230	232	3	97	119	95	0.409	0.798
LOKIASV2_0973_ESMFold_acetate--CoA_ligase_family_protein	MGYP003693874495.pdb.gz	MGYP003693874495.pdb.gz	7.116E-10	1.000	277	49	217	232	11	158	167	174	0.728	0.886
LOKIASV2_0973_ESMFold_acetate--CoA_ligase_family_protein	MGYP000300062950.pdb.gz	MGYP000300062950.pdb.gz	2.125E-07	1.000	275	136	232	232	3	99	109	97	0.418	0.890
LOKIASV2_0973_ESMFold_acetate--CoA_ligase_family_protein	MGYP001608866482.pdb.gz	MGYP001608866482.pdb.gz	5.269E-08	1.000	273	124	231	232	2	109	109	110	0.466	0.991
LOKIASV2_0973_ESMFold_acetate--CoA_ligase_family_protein	MGYP001550629265.pdb.gz	MGYP001550629265.pdb.gz	1.569E-07	1.000	259	114	231	232	10	133	133	126	0.509	0.932
LOKIASV2_0973_ESMFold_acetate--CoA_ligase_family_protein	MGYP000117236881.pdb.gz	MGYP000117236881.pdb.gz	1.771E-07	1.000	237	62	198	232	6	131	132	143	0.591	0.955
LOKIASV2_0973_ESMFold_acetate--CoA_ligase_family_protein	MGYP001489810385.pdb.gz	MGYP001489810385.pdb.gz	1.889E-04	1.000	166	113	215	232	518	619	621	106	0.444	0.164
