LOKIASV2_3845_ESMFold_30S_ribosomal_protein_S9	AF-A0A0Q0WNQ8-F1-model_v4	AF-A0A0Q0WNQ8-F1-model_v4 30S ribosomal protein S9	7.179E-12	1.000	456	1	108	133	1	107	108	108	0.812	0.991
LOKIASV2_3845_ESMFold_30S_ribosomal_protein_S9	AF-A0A2E9U3U1-F1-model_v4	AF-A0A2E9U3U1-F1-model_v4 30S ribosomal protein S9	1.287E-11	1.000	454	1	107	133	1	106	133	107	0.805	0.797
LOKIASV2_3845_ESMFold_30S_ribosomal_protein_S9	AF-V4Y3X5-F1-model_v4	AF-V4Y3X5-F1-model_v4 30S ribosomal protein S9	7.179E-12	1.000	454	2	107	133	1	106	137	106	0.797	0.774
LOKIASV2_3845_ESMFold_30S_ribosomal_protein_S9	AF-A0A497SPM0-F1-model_v4	AF-A0A497SPM0-F1-model_v4 30S ribosomal protein S9	1.059E-11	1.000	450	1	107	133	1	107	110	107	0.805	0.973
LOKIASV2_3845_ESMFold_30S_ribosomal_protein_S9	AF-A0A7C5TA36-F1-model_v4	AF-A0A7C5TA36-F1-model_v4 30S ribosomal protein S9	1.779E-11	1.000	444	2	109	133	6	113	116	108	0.812	0.931
LOKIASV2_3845_ESMFold_30S_ribosomal_protein_S9	AF-A0A662U463-F1-model_v4	AF-A0A662U463-F1-model_v4 30S ribosomal protein S9	1.784E-13	1.000	441	1	133	133	1	133	133	133	1.000	1.000
LOKIASV2_3845_ESMFold_30S_ribosomal_protein_S9	AF-A0A2I0N4J3-F1-model_v4	AF-A0A2I0N4J3-F1-model_v4 30S ribosomal protein S9	1.779E-11	1.000	439	2	107	133	5	109	120	106	0.797	0.875
LOKIASV2_3845_ESMFold_30S_ribosomal_protein_S9	AF-A0A849QBM7-F1-model_v4	AF-A0A849QBM7-F1-model_v4 30S ribosomal protein S9	2.801E-11	1.000	436	1	107	133	2	107	135	107	0.805	0.785
LOKIASV2_3845_ESMFold_30S_ribosomal_protein_S9	AF-A0A0B3AHR5-F1-model_v4	AF-A0A0B3AHR5-F1-model_v4 Small subunit ribosomal protein S9	3.630E-11	1.000	428	2	107	133	14	118	146	106	0.797	0.719
LOKIASV2_3845_ESMFold_30S_ribosomal_protein_S9	AF-A0A2G9PTN4-F1-model_v4	AF-A0A2G9PTN4-F1-model_v4 30S ribosomal protein S9	2.460E-11	1.000	426	2	107	133	6	110	137	106	0.797	0.766
LOKIASV2_3845_ESMFold_30S_ribosomal_protein_S9	AF-A0A497MTQ4-F1-model_v4	AF-A0A497MTQ4-F1-model_v4 30S ribosomal protein S9	7.425E-13	1.000	424	2	133	133	23	154	154	132	0.992	0.857
LOKIASV2_3845_ESMFold_30S_ribosomal_protein_S9	AF-A0A497T5J5-F1-model_v4	AF-A0A497T5J5-F1-model_v4 30S ribosomal protein S9	5.020E-11	1.000	423	2	104	133	33	133	164	103	0.774	0.616
LOKIASV2_3845_ESMFold_30S_ribosomal_protein_S9	AF-O26146-F1-model_v4	AF-O26146-F1-model_v4 Fused L13/S9 ribosomal protein	5.369E-13	1.000	423	2	133	133	152	282	282	132	0.992	0.465
LOKIASV2_3845_ESMFold_30S_ribosomal_protein_S9	AF-Q8PW44-F1-model_v4	AF-Q8PW44-F1-model_v4 30S ribosomal protein S9	1.027E-12	1.000	422	2	133	133	3	134	134	132	0.992	0.985
LOKIASV2_3845_ESMFold_30S_ribosomal_protein_S9	AF-A0A532TRT7-F1-model_v4	AF-A0A532TRT7-F1-model_v4 30S ribosomal protein S9	6.959E-13	1.000	419	2	133	133	6	138	138	133	0.992	0.964
LOKIASV2_3845_ESMFold_30S_ribosomal_protein_S9	AF-A0A497IGT2-F1-model_v4	AF-A0A497IGT2-F1-model_v4 30S ribosomal protein S9	8.431E-11	1.000	411	1	107	133	1	111	137	111	0.805	0.810
LOKIASV2_3845_ESMFold_30S_ribosomal_protein_S9	AF-A0A842QV89-F1-model_v4	AF-A0A842QV89-F1-model_v4 30S ribosomal protein S9	1.725E-12	1.000	410	2	133	133	4	136	136	133	0.992	0.978
LOKIASV2_3845_ESMFold_30S_ribosomal_protein_S9	AF-A0A7J2I1Y4-F1-model_v4	AF-A0A7J2I1Y4-F1-model_v4 30S ribosomal protein S9	6.941E-11	1.000	404	1	104	133	4	104	105	104	0.782	0.962
LOKIASV2_3845_ESMFold_30S_ribosomal_protein_S9	AF-A0A0U3FIB5-F1-model_v4	AF-A0A0U3FIB5-F1-model_v4 30S ribosomal protein S9	3.519E-12	1.000	403	2	133	133	17	148	148	132	0.992	0.892
LOKIASV2_3845_ESMFold_30S_ribosomal_protein_S9	AF-A0A0H1QZU5-F1-model_v4	AF-A0A0H1QZU5-F1-model_v4 30S ribosomal protein S9	3.754E-12	1.000	400	2	133	133	3	133	133	132	0.992	0.985
LOKIASV2_3845_ESMFold_30S_ribosomal_protein_S9	AF-A0A662IBJ1-F1-model_v4	AF-A0A662IBJ1-F1-model_v4 30S ribosomal protein S9	5.539E-12	1.000	400	2	133	133	3	134	134	132	0.992	0.985
LOKIASV2_3845_ESMFold_30S_ribosomal_protein_S9	AF-V4Y5W8-F1-model_v4	AF-V4Y5W8-F1-model_v4 30S ribosomal protein S9	3.510E-10	1.000	399	2	89	133	1	88	88	88	0.662	1.000
LOKIASV2_3845_ESMFold_30S_ribosomal_protein_S9	AF-A0A662QIS0-F1-model_v4	AF-A0A662QIS0-F1-model_v4 30S ribosomal protein S9	3.289E-10	1.000	399	2	102	133	1	101	101	102	0.759	1.000
LOKIASV2_3845_ESMFold_30S_ribosomal_protein_S9	AF-A0A842UN16-F1-model_v4	AF-A0A842UN16-F1-model_v4 30S ribosomal protein S9	7.179E-12	1.000	399	2	133	133	5	137	137	133	0.992	0.971
LOKIASV2_3845_ESMFold_30S_ribosomal_protein_S9	AF-A0A843KY32-F1-model_v4	AF-A0A843KY32-F1-model_v4 30S ribosomal protein S9	5.192E-12	1.000	396	2	133	133	3	133	133	132	0.992	0.985
LOKIASV2_3845_ESMFold_30S_ribosomal_protein_S9	AF-Q6LXM5-F1-model_v4	AF-Q6LXM5-F1-model_v4 30S ribosomal protein S9	4.866E-12	1.000	396	1	133	133	1	134	134	135	1.000	1.000
LOKIASV2_3845_ESMFold_30S_ribosomal_protein_S9	AF-A0A497SAW1-F1-model_v4	AF-A0A497SAW1-F1-model_v4 30S ribosomal protein S9	1.093E-10	1.000	395	2	111	133	9	116	140	110	0.827	0.771
LOKIASV2_3845_ESMFold_30S_ribosomal_protein_S9	AF-Q74M88-F1-model_v4	AF-Q74M88-F1-model_v4 30S ribosomal protein S9	6.711E-10	1.000	393	1	103	133	1	106	136	106	0.774	0.779
LOKIASV2_3845_ESMFold_30S_ribosomal_protein_S9	AF-A0A7L4RSJ7-F1-model_v4	AF-A0A7L4RSJ7-F1-model_v4 30S ribosomal protein S9	2.089E-10	1.000	392	2	107	133	8	117	143	110	0.797	0.769
LOKIASV2_3845_ESMFold_30S_ribosomal_protein_S9	AF-A0A0F2L711-F1-model_v4	AF-A0A0F2L711-F1-model_v4 30S ribosomal protein S9	1.059E-11	1.000	391	2	133	133	8	139	139	132	0.992	0.950
LOKIASV2_3845_ESMFold_30S_ribosomal_protein_S9	AF-A0A7J2LBS1-F1-model_v4	AF-A0A7J2LBS1-F1-model_v4 30S ribosomal protein S9	1.373E-11	1.000	390	2	133	133	3	134	134	132	0.992	0.985
LOKIASV2_3845_ESMFold_30S_ribosomal_protein_S9	AF-A0A7S3TPC1-F1-model_v4	AF-A0A7S3TPC1-F1-model_v4 Hypothetical protein	2.379E-10	1.000	387	3	102	133	6	112	113	107	0.752	0.947
LOKIASV2_3845_ESMFold_30S_ribosomal_protein_S9	AF-A0A2E5IBD0-F1-model_v4	AF-A0A2E5IBD0-F1-model_v4 30S ribosomal protein S9	2.379E-10	1.000	387	2	87	133	8	94	114	87	0.647	0.763
LOKIASV2_3845_ESMFold_30S_ribosomal_protein_S9	AF-X1JK06-F1-model_v4	AF-X1JK06-F1-model_v4 Uncharacterized protein	6.290E-10	1.000	385	2	83	133	3	85	86	83	0.617	0.965
LOKIASV2_3845_ESMFold_30S_ribosomal_protein_S9	AF-A0A6N2NGZ3-F1-model_v4	AF-A0A6N2NGZ3-F1-model_v4 BTB domain-containing protein	5.714E-11	1.000	384	3	114	133	766	881	951	116	0.842	0.122
LOKIASV2_3845_ESMFold_30S_ribosomal_protein_S9	AF-A0A5N5NF59-F1-model_v4	AF-A0A5N5NF59-F1-model_v4 Uncharacterized protein	7.640E-10	1.000	383	3	93	133	7	97	126	91	0.684	0.722
LOKIASV2_3845_ESMFold_30S_ribosomal_protein_S9	AF-F0WXW1-F1-model_v4	AF-F0WXW1-F1-model_v4 Rab11 family GTPase putative	4.866E-12	1.000	383	3	133	133	7	144	380	138	0.985	0.363
LOKIASV2_3845_ESMFold_30S_ribosomal_protein_S9	AF-A0A7S0C7P4-F1-model_v4	AF-A0A7S0C7P4-F1-model_v4 Hypothetical protein	1.511E-10	1.000	382	1	108	133	1	115	116	115	0.812	0.991
LOKIASV2_3845_ESMFold_30S_ribosomal_protein_S9	AF-A0A497SYF6-F1-model_v4	AF-A0A497SYF6-F1-model_v4 30S ribosomal protein S9	1.958E-10	1.000	382	2	107	133	6	112	140	109	0.797	0.764
LOKIASV2_3845_ESMFold_30S_ribosomal_protein_S9	AF-U6GGR1-F1-model_v4	AF-U6GGR1-F1-model_v4 40S ribosomal protein S16, putative	9.280E-10	1.000	380	3	92	133	9	98	98	90	0.677	0.918
LOKIASV2_3845_ESMFold_30S_ribosomal_protein_S9	AF-T1AIT2-F1-model_v4	AF-T1AIT2-F1-model_v4 30S ribosomal protein S9P	1.559E-09	1.000	379	2	91	133	4	92	97	90	0.677	0.918
LOKIASV2_3845_ESMFold_30S_ribosomal_protein_S9	AF-A0A7J3CVL5-F1-model_v4	AF-A0A7J3CVL5-F1-model_v4 30S ribosomal protein S9	4.549E-10	1.000	379	2	107	133	27	132	158	107	0.797	0.671
LOKIASV2_3845_ESMFold_30S_ribosomal_protein_S9	AF-A0A1M2VAY5-F1-model_v4	AF-A0A1M2VAY5-F1-model_v4 40S ribosomal protein S16-A	3.995E-10	1.000	378	3	104	133	7	115	936	109	0.767	0.116
LOKIASV2_3845_ESMFold_30S_ribosomal_protein_S9	AF-M7WY26-F1-model_v4	AF-M7WY26-F1-model_v4 40S ribosomal protein S16, putative	1.775E-09	1.000	375	1	91	133	19	109	113	91	0.684	0.805
LOKIASV2_3845_ESMFold_30S_ribosomal_protein_S9	AF-W2TNR9-F1-model_v4	AF-W2TNR9-F1-model_v4 Ribosomal protein S9	2.889E-10	1.000	375	3	107	133	9	120	145	112	0.789	0.772
LOKIASV2_3845_ESMFold_30S_ribosomal_protein_S9	AF-A0A813C6D0-F1-model_v4	AF-A0A813C6D0-F1-model_v4 RPS16 protein	1.559E-09	1.000	375	2	91	133	8	97	170	90	0.677	0.529
LOKIASV2_3845_ESMFold_30S_ribosomal_protein_S9	AF-A0A507D703-F1-model_v4	AF-A0A507D703-F1-model_v4 Uncharacterized protein	7.640E-10	1.000	374	3	94	133	28	119	122	92	0.692	0.754
LOKIASV2_3845_ESMFold_30S_ribosomal_protein_S9	AF-B1YC33-F1-model_v4	AF-B1YC33-F1-model_v4 30S ribosomal protein S9	3.402E-11	1.000	371	2	133	133	16	146	146	132	0.992	0.897
LOKIASV2_3845_ESMFold_30S_ribosomal_protein_S9	AF-A0A1J3HIF8-F1-model_v4	AF-A0A1J3HIF8-F1-model_v4 40S ribosomal protein S16	1.663E-09	1.000	370	2	88	133	6	92	93	87	0.654	0.935
LOKIASV2_3845_ESMFold_30S_ribosomal_protein_S9	AF-U6KKB4-F1-model_v4	AF-U6KKB4-F1-model_v4 40S ribosomal protein S16, putative	2.020E-09	1.000	370	3	91	133	9	97	109	89	0.669	0.817
LOKIASV2_3845_ESMFold_30S_ribosomal_protein_S9	AF-A0A832XHW0-F1-model_v4	AF-A0A832XHW0-F1-model_v4 30S ribosomal protein S9	2.988E-11	1.000	370	2	133	133	17	147	147	132	0.992	0.891
LOKIASV2_3845_ESMFold_30S_ribosomal_protein_S9	AF-A0A2Z6SBQ4-F1-model_v4	AF-A0A2Z6SBQ4-F1-model_v4 Arginyl-tRNA synthetase	1.779E-11	1.000	370	3	133	133	5	142	787	138	0.985	0.175
LOKIASV2_3845_ESMFold_30S_ribosomal_protein_S9	AF-A0A3P6S9H1-F1-model_v4	AF-A0A3P6S9H1-F1-model_v4 Uncharacterized protein	1.373E-11	1.000	369	3	133	133	40	177	177	138	0.985	0.780
LOKIASV2_3845_ESMFold_30S_ribosomal_protein_S9	AF-A0A1X2G655-F1-model_v4	AF-A0A1X2G655-F1-model_v4 40S ribosomal protein S16	2.025E-11	1.000	368	1	133	133	1	140	140	140	1.000	1.000
LOKIASV2_3845_ESMFold_30S_ribosomal_protein_S9	AF-A0A7J4KVH4-F1-model_v4	AF-A0A7J4KVH4-F1-model_v4 30S ribosomal protein S9	2.981E-09	1.000	368	2	107	133	15	119	145	106	0.797	0.724
LOKIASV2_3845_ESMFold_30S_ribosomal_protein_S9	AF-A0A812RWP1-F1-model_v4	AF-A0A812RWP1-F1-model_v4 RPS16A protein	2.889E-10	1.000	367	3	109	133	11	124	389	114	0.805	0.293
LOKIASV2_3845_ESMFold_30S_ribosomal_protein_S9	AF-A0A4S4N501-F1-model_v4	AF-A0A4S4N501-F1-model_v4 BRCT domain-containing protein	1.127E-09	1.000	367	3	104	133	7	115	824	109	0.767	0.132
LOKIASV2_3845_ESMFold_30S_ribosomal_protein_S9	AF-A0A662EZ47-F1-model_v4	AF-A0A662EZ47-F1-model_v4 30S ribosomal protein S9	4.132E-11	1.000	366	1	133	133	1	131	131	136	1.000	1.000
LOKIASV2_3845_ESMFold_30S_ribosomal_protein_S9	AF-A9NP47-F1-model_v4	AF-A9NP47-F1-model_v4 Uncharacterized protein	1.461E-09	1.000	366	3	93	133	6	96	151	91	0.684	0.603
LOKIASV2_3845_ESMFold_30S_ribosomal_protein_S9	AF-A0A176VTD8-F1-model_v4	AF-A0A176VTD8-F1-model_v4 Uncharacterized protein	1.958E-10	1.000	365	1	114	133	5	126	137	122	0.857	0.891
LOKIASV2_3845_ESMFold_30S_ribosomal_protein_S9	AF-A0A314ZQZ3-F1-model_v4	AF-A0A314ZQZ3-F1-model_v4 Uncharacterized protein	2.618E-09	1.000	365	1	91	133	6	96	163	91	0.684	0.558
LOKIASV2_3845_ESMFold_30S_ribosomal_protein_S9	AF-A0A2G2VGY3-F1-model_v4	AF-A0A2G2VGY3-F1-model_v4 40S ribosomal protein S16	6.290E-10	1.000	365	3	99	133	13	116	339	104	0.729	0.307
LOKIASV2_3845_ESMFold_30S_ribosomal_protein_S9	AF-A0A2G2Y8R4-F1-model_v4	AF-A0A2G2Y8R4-F1-model_v4 40S ribosomal protein S16	9.280E-10	1.000	365	3	104	133	13	121	604	109	0.767	0.180
LOKIASV2_3845_ESMFold_30S_ribosomal_protein_S9	AF-A0A1Y2BDT0-F1-model_v4	AF-A0A1Y2BDT0-F1-model_v4 Ribosomal protein S5 domain 2-like protein	2.300E-09	1.000	364	1	91	133	1	91	96	91	0.684	0.948
LOKIASV2_3845_ESMFold_30S_ribosomal_protein_S9	AF-A0A0A1X0B9-F1-model_v4	AF-A0A0A1X0B9-F1-model_v4 40S ribosomal protein S16	2.538E-10	1.000	364	3	103	133	4	105	106	102	0.759	0.962
LOKIASV2_3845_ESMFold_30S_ribosomal_protein_S9	AF-A0A497JHE5-F1-model_v4	AF-A0A497JHE5-F1-model_v4 30S ribosomal protein S9	6.941E-11	1.000	364	2	133	133	22	153	153	132	0.992	0.863
LOKIASV2_3845_ESMFold_30S_ribosomal_protein_S9	AF-A0A830GTB3-F1-model_v4	AF-A0A830GTB3-F1-model_v4 Uncharacterized protein	4.704E-11	1.000	364	3	133	133	37	166	166	131	0.985	0.783
LOKIASV2_3845_ESMFold_30S_ribosomal_protein_S9	AF-A0A1Q9ERT8-F1-model_v4	AF-A0A1Q9ERT8-F1-model_v4 40S ribosomal protein S16	7.640E-10	1.000	364	3	105	133	16	125	320	110	0.774	0.344
LOKIASV2_3845_ESMFold_30S_ribosomal_protein_S9	AF-A0A0A1U5Z1-F1-model_v4	AF-A0A0A1U5Z1-F1-model_v4 40S ribosomal protein S16, putative	1.057E-09	1.000	363	3	94	133	32	126	129	95	0.692	0.736
LOKIASV2_3845_ESMFold_30S_ribosomal_protein_S9	AF-A0A5E4P600-F1-model_v4	AF-A0A5E4P600-F1-model_v4 30S ribosomal protein S9	5.714E-11	1.000	363	1	133	133	50	181	181	133	1.000	0.729
LOKIASV2_3845_ESMFold_30S_ribosomal_protein_S9	AF-A0A822BWV8-F1-model_v4	AF-A0A822BWV8-F1-model_v4 (mimic poison frog) hypothetical protein	4.132E-11	1.000	362	1	133	133	1	133	133	133	1.000	1.000
LOKIASV2_3845_ESMFold_30S_ribosomal_protein_S9	AF-A0A5J5BS77-F1-model_v4	AF-A0A5J5BS77-F1-model_v4 Caffeoyl-CoA O-methyltransferase	2.460E-11	1.000	362	3	133	133	237	374	374	138	0.985	0.369
LOKIASV2_3845_ESMFold_30S_ribosomal_protein_S9	AF-A0A7R9Y3J3-F1-model_v4	AF-A0A7R9Y3J3-F1-model_v4 Hypothetical protein	6.290E-10	1.000	361	3	101	133	6	107	109	102	0.744	0.936
LOKIASV2_3845_ESMFold_30S_ribosomal_protein_S9	AF-A0A662MBM4-F1-model_v4	AF-A0A662MBM4-F1-model_v4 30S ribosomal protein S9	8.431E-11	1.000	361	2	133	133	18	148	148	132	0.992	0.885
LOKIASV2_3845_ESMFold_30S_ribosomal_protein_S9	AF-A0A5N5LQP9-F1-model_v4	AF-A0A5N5LQP9-F1-model_v4 WPP domain-containing protein	5.895E-10	1.000	361	3	109	133	83	196	828	114	0.805	0.138
LOKIASV2_3845_ESMFold_30S_ribosomal_protein_S9	AF-A0A2H9LFT6-F1-model_v4	AF-A0A2H9LFT6-F1-model_v4 30S ribosomal protein S9	6.505E-11	1.000	360	2	125	133	17	143	151	127	0.932	0.841
LOKIASV2_3845_ESMFold_30S_ribosomal_protein_S9	AF-A0A2G9NBJ5-F1-model_v4	AF-A0A2G9NBJ5-F1-model_v4 30S ribosomal protein S9	6.097E-11	1.000	359	1	133	133	1	130	130	136	1.000	1.000
LOKIASV2_3845_ESMFold_30S_ribosomal_protein_S9	AF-A0A6G1NV20-F1-model_v4	AF-A0A6G1NV20-F1-model_v4 Uncharacterized protein	1.720E-10	1.000	359	2	114	133	5	128	169	124	0.850	0.734
LOKIASV2_3845_ESMFold_30S_ribosomal_protein_S9	AF-A0A7J4K3Q4-F1-model_v4	AF-A0A7J4K3Q4-F1-model_v4 30S ribosomal protein S9	6.097E-11	1.000	359	3	133	133	107	236	236	131	0.985	0.551
LOKIASV2_3845_ESMFold_30S_ribosomal_protein_S9	AF-A0A5H2XJX7-F1-model_v4	AF-A0A5H2XJX7-F1-model_v4 Ribosomal protein S5 domain 2-like superfamily protein	5.525E-10	1.000	359	3	109	133	31	144	287	114	0.805	0.397
LOKIASV2_3845_ESMFold_30S_ribosomal_protein_S9	AF-A0A158PJJ9-F1-model_v4	AF-A0A158PJJ9-F1-model_v4 Uncharacterized protein	3.189E-11	1.000	359	3	133	133	322	459	459	138	0.985	0.301
LOKIASV2_3845_ESMFold_30S_ribosomal_protein_S9	AF-A0A1S3X501-F1-model_v4	AF-A0A1S3X501-F1-model_v4 40S ribosomal protein S16-like	1.203E-09	1.000	358	3	96	133	10	107	108	98	0.707	0.907
LOKIASV2_3845_ESMFold_30S_ribosomal_protein_S9	AF-A0A5D3AA52-F1-model_v4	AF-A0A5D3AA52-F1-model_v4 Uncharacterized protein	8.152E-10	1.000	358	3	103	133	8	112	113	105	0.759	0.929
LOKIASV2_3845_ESMFold_30S_ribosomal_protein_S9	AF-A0A0K8T1D7-F1-model_v4	AF-A0A0K8T1D7-F1-model_v4 Uncharacterized protein	9.902E-10	1.000	358	3	101	133	19	120	121	102	0.744	0.843
LOKIASV2_3845_ESMFold_30S_ribosomal_protein_S9	AF-A8M9S3-F1-model_v4	AF-A8M9S3-F1-model_v4 30S ribosomal protein S9	1.612E-10	1.000	357	3	133	133	24	154	154	131	0.985	0.851
LOKIASV2_3845_ESMFold_30S_ribosomal_protein_S9	AF-A0A832CEL8-F1-model_v4	AF-A0A832CEL8-F1-model_v4 30S ribosomal protein S9	5.525E-10	1.000	357	2	109	133	12	133	157	122	0.812	0.777
LOKIASV2_3845_ESMFold_30S_ribosomal_protein_S9	AF-A0A813FDV4-F1-model_v4	AF-A0A813FDV4-F1-model_v4 Hypothetical protein	1.127E-09	1.000	357	3	105	133	8	117	380	110	0.774	0.289
LOKIASV2_3845_ESMFold_30S_ribosomal_protein_S9	AF-A0A3M6Y1Z6-F1-model_v4	AF-A0A3M6Y1Z6-F1-model_v4 Uncharacterized protein	3.630E-11	1.000	357	3	133	133	457	594	594	138	0.985	0.232
LOKIASV2_3845_ESMFold_30S_ribosomal_protein_S9	AF-A0A1W9MNQ5-F1-model_v4	AF-A0A1W9MNQ5-F1-model_v4 30S ribosomal protein S9	2.618E-09	1.000	356	1	104	133	1	103	134	105	0.782	0.769
LOKIASV2_3845_ESMFold_30S_ribosomal_protein_S9	AF-A0A7J6K2X7-F1-model_v4	AF-A0A7J6K2X7-F1-model_v4 Ribosomal protein RPS16	3.630E-11	1.000	356	2	133	133	73	211	211	139	0.992	0.659
LOKIASV2_3845_ESMFold_30S_ribosomal_protein_S9	AF-A0A7J2WR89-F1-model_v4	AF-A0A7J2WR89-F1-model_v4 30S ribosomal protein S9	6.097E-11	1.000	355	2	133	133	8	139	139	133	0.992	0.950
LOKIASV2_3845_ESMFold_30S_ribosomal_protein_S9	AF-A0A0P1BKY1-F1-model_v4	AF-A0A0P1BKY1-F1-model_v4 40s ribosomal protein s16	5.714E-11	1.000	355	1	133	133	1	140	140	140	1.000	1.000
LOKIASV2_3845_ESMFold_30S_ribosomal_protein_S9	AF-J9BBB7-F1-model_v4	AF-J9BBB7-F1-model_v4 40S ribosomal protein S9	8.152E-10	1.000	355	3	100	133	117	214	215	98	0.737	0.456
LOKIASV2_3845_ESMFold_30S_ribosomal_protein_S9	AF-A0A7J3AC41-F1-model_v4	AF-A0A7J3AC41-F1-model_v4 30S ribosomal protein S9	5.700E-09	1.000	354	2	81	133	5	84	84	80	0.602	0.952
LOKIASV2_3845_ESMFold_30S_ribosomal_protein_S9	AF-A0A1R3HLD1-F1-model_v4	AF-A0A1R3HLD1-F1-model_v4 Ribosomal protein S9	6.082E-09	1.000	354	2	89	133	6	93	94	88	0.662	0.936
LOKIASV2_3845_ESMFold_30S_ribosomal_protein_S9	AF-C1LV98-F1-model_v4	AF-C1LV98-F1-model_v4 Ribosomal protein S16	5.178E-10	1.000	354	2	109	133	13	123	124	111	0.812	0.895
LOKIASV2_3845_ESMFold_30S_ribosomal_protein_S9	AF-A0A2T9WUN2-F1-model_v4	AF-A0A2T9WUN2-F1-model_v4 30S ribosomal protein S9	8.996E-11	1.000	354	2	133	133	33	181	181	149	0.992	0.823
LOKIASV2_3845_ESMFold_30S_ribosomal_protein_S9	AF-A0A2S7Q6S7-F1-model_v4	AF-A0A2S7Q6S7-F1-model_v4 40S ribosomal S16 protein	5.356E-11	1.000	354	3	133	133	45	182	182	138	0.985	0.758
LOKIASV2_3845_ESMFold_30S_ribosomal_protein_S9	AF-A0A5B7BR90-F1-model_v4	AF-A0A5B7BR90-F1-model_v4 Putative Ribosomal protein S5 domain 2-like superfamily protein	3.873E-11	1.000	354	3	133	133	54	191	191	138	0.985	0.723
LOKIASV2_3845_ESMFold_30S_ribosomal_protein_S9	AF-A0A507F045-F1-model_v4	AF-A0A507F045-F1-model_v4 Uncharacterized protein	2.625E-11	1.000	354	1	133	133	57	198	198	142	1.000	0.717
LOKIASV2_3845_ESMFold_30S_ribosomal_protein_S9	AF-A0A2H9L3J5-F1-model_v4	AF-A0A2H9L3J5-F1-model_v4 30S ribosomal protein S9	4.398E-09	1.000	354	2	107	133	118	226	252	109	0.797	0.433
LOKIASV2_3845_ESMFold_30S_ribosomal_protein_S9	AF-A0A1I8CAL1-F1-model_v4	AF-A0A1I8CAL1-F1-model_v4 CRAL-TRIO domain-containing protein	8.431E-11	1.000	354	2	133	133	724	862	862	139	0.992	0.161
LOKIASV2_3845_ESMFold_30S_ribosomal_protein_S9	AF-A0A842SW62-F1-model_v4	AF-A0A842SW62-F1-model_v4 30S ribosomal protein S9	8.431E-11	1.000	353	2	133	133	38	168	168	132	0.992	0.780
LOKIASV2_3845_ESMFold_30S_ribosomal_protein_S9	AF-A0A7S1Q8V3-F1-model_v4	AF-A0A7S1Q8V3-F1-model_v4 Hypothetical protein	9.280E-10	1.000	352	2	100	133	28	130	131	103	0.744	0.786
LOKIASV2_3845_ESMFold_30S_ribosomal_protein_S9	AF-A0A7L4R6C8-F1-model_v4	AF-A0A7L4R6C8-F1-model_v4 30S ribosomal protein S9	7.406E-11	1.000	352	2	133	133	29	158	158	132	0.992	0.823
LOKIASV2_3845_ESMFold_30S_ribosomal_protein_S9	AF-A0A5E4LCZ7-F1-model_v4	AF-A0A5E4LCZ7-F1-model_v4 30S ribosomal protein S9	9.598E-11	1.000	352	2	133	133	89	219	219	132	0.992	0.598
LOKIASV2_3845_ESMFold_30S_ribosomal_protein_S9	AF-A0A6J1TYF0-F1-model_v4	AF-A0A6J1TYF0-F1-model_v4 40S ribosomal protein S16 isoform X2	6.489E-09	1.000	351	2	91	133	8	97	123	90	0.677	0.732
LOKIASV2_3845_ESMFold_30S_ribosomal_protein_S9	AF-A0A7C3TIM6-F1-model_v4	AF-A0A7C3TIM6-F1-model_v4 30S ribosomal protein S9	9.598E-11	1.000	351	1	133	133	1	130	130	133	1.000	1.000
LOKIASV2_3845_ESMFold_30S_ribosomal_protein_S9	AF-A0A7J4DNE8-F1-model_v4	AF-A0A7J4DNE8-F1-model_v4 30S ribosomal protein S9	7.406E-11	1.000	351	2	133	133	5	135	135	132	0.992	0.970
LOKIASV2_3845_ESMFold_30S_ribosomal_protein_S9	AF-A0A256YDC3-F1-model_v4	AF-A0A256YDC3-F1-model_v4 30S ribosomal protein S9	1.720E-10	1.000	351	2	133	133	3	136	136	138	0.992	0.985
LOKIASV2_3845_ESMFold_30S_ribosomal_protein_S9	AF-F4JWM1-F1-model_v4	AF-F4JWM1-F1-model_v4 Ribosomal protein S5 domain 2-like superfamily protein	1.958E-10	1.000	351	3	114	133	9	128	139	120	0.842	0.863
LOKIASV2_3845_ESMFold_30S_ribosomal_protein_S9	AF-A0A0N5D8A1-F1-model_v4	AF-A0A0N5D8A1-F1-model_v4 Uncharacterized protein	5.356E-11	1.000	351	3	133	133	6	143	143	138	0.985	0.965
LOKIASV2_3845_ESMFold_30S_ribosomal_protein_S9	AF-A0A7N4NZZ0-F1-model_v4	AF-A0A7N4NZZ0-F1-model_v4 Ribosomal protein S16	4.122E-09	1.000	351	3	92	133	56	145	147	90	0.677	0.612
LOKIASV2_3845_ESMFold_30S_ribosomal_protein_S9	AF-A0A7K4IKS7-F1-model_v4	AF-A0A7K4IKS7-F1-model_v4 30S ribosomal protein S9	1.024E-10	1.000	351	3	133	133	32	161	161	131	0.985	0.807
LOKIASV2_3845_ESMFold_30S_ribosomal_protein_S9	AF-A0A836EDG6-F1-model_v4	AF-A0A836EDG6-F1-model_v4 40S ribosomal protein	6.923E-09	1.000	350	2	91	133	6	95	99	90	0.677	0.909
LOKIASV2_3845_ESMFold_30S_ribosomal_protein_S9	AF-A0A2K6S7W8-F1-model_v4	AF-A0A2K6S7W8-F1-model_v4 Uncharacterized protein	5.007E-09	1.000	350	1	91	133	17	107	114	91	0.684	0.798
LOKIASV2_3845_ESMFold_30S_ribosomal_protein_S9	AF-A0A376B9S4-F1-model_v4	AF-A0A376B9S4-F1-model_v4 40S ribosomal protein S16	6.941E-11	1.000	350	2	133	133	5	143	143	139	0.992	0.972
LOKIASV2_3845_ESMFold_30S_ribosomal_protein_S9	AF-A0A1Y1N0E6-F1-model_v4	AF-A0A1Y1N0E6-F1-model_v4 Uncharacterized protein	1.461E-09	1.000	349	3	102	133	34	137	139	104	0.752	0.748
LOKIASV2_3845_ESMFold_30S_ribosomal_protein_S9	AF-A0A068RSP0-F1-model_v4	AF-A0A068RSP0-F1-model_v4 40s ribosomal protein s16	1.093E-10	1.000	349	1	133	133	18	157	157	140	1.000	0.892
LOKIASV2_3845_ESMFold_30S_ribosomal_protein_S9	AF-A0A2S4PX12-F1-model_v4	AF-A0A2S4PX12-F1-model_v4 Ribosomal protein S5 2-like protein	1.166E-10	1.000	349	3	124	133	6	134	175	129	0.917	0.737
LOKIASV2_3845_ESMFold_30S_ribosomal_protein_S9	AF-A0A5F8GF66-F1-model_v4	AF-A0A5F8GF66-F1-model_v4 Uncharacterized protein	7.882E-09	1.000	348	3	91	133	9	97	114	89	0.669	0.781
LOKIASV2_3845_ESMFold_30S_ribosomal_protein_S9	AF-A0A6T9FLL8-F1-model_v4	AF-A0A6T9FLL8-F1-model_v4 Hypothetical protein	6.082E-09	1.000	348	2	91	133	26	115	121	90	0.677	0.744
LOKIASV2_3845_ESMFold_30S_ribosomal_protein_S9	AF-A0A453HQL8-F1-model_v4	AF-A0A453HQL8-F1-model_v4 Uncharacterized protein	1.559E-09	1.000	348	2	109	133	11	125	174	115	0.812	0.661
LOKIASV2_3845_ESMFold_30S_ribosomal_protein_S9	AF-E9DIG7-F1-model_v4	AF-E9DIG7-F1-model_v4 40S ribosomal protein S9	8.431E-11	1.000	348	2	133	133	82	220	220	139	0.992	0.632
LOKIASV2_3845_ESMFold_30S_ribosomal_protein_S9	AF-A0A7R9T810-F1-model_v4	AF-A0A7R9T810-F1-model_v4 Hypothetical protein	1.327E-10	1.000	348	1	132	133	5	143	237	139	0.992	0.586
LOKIASV2_3845_ESMFold_30S_ribosomal_protein_S9	AF-A0A2G9LJI8-F1-model_v4	AF-A0A2G9LJI8-F1-model_v4 30S ribosomal protein S9	1.663E-09	1.000	347	1	102	133	9	116	147	108	0.767	0.735
LOKIASV2_3845_ESMFold_30S_ribosomal_protein_S9	AF-U6M3U7-F1-model_v4	AF-U6M3U7-F1-model_v4 40S ribosomal protein S16, putative	2.229E-10	1.000	347	3	115	133	10	122	159	113	0.850	0.711
LOKIASV2_3845_ESMFold_30S_ribosomal_protein_S9	AF-A0A507D0S7-F1-model_v4	AF-A0A507D0S7-F1-model_v4 Uncharacterized protein	8.996E-11	1.000	347	3	132	133	42	180	190	139	0.977	0.732
LOKIASV2_3845_ESMFold_30S_ribosomal_protein_S9	AF-A0A2C6LA58-F1-model_v4	AF-A0A2C6LA58-F1-model_v4 40s ribosomal protein s16	8.431E-11	1.000	347	2	133	133	53	191	191	139	0.992	0.728
LOKIASV2_3845_ESMFold_30S_ribosomal_protein_S9	AF-A0A0C3QVL5-F1-model_v4	AF-A0A0C3QVL5-F1-model_v4 Uncharacterized protein	2.089E-10	1.000	347	2	133	133	62	200	200	139	0.992	0.695
LOKIASV2_3845_ESMFold_30S_ribosomal_protein_S9	AF-A0A2J8SDJ0-F1-model_v4	AF-A0A2J8SDJ0-F1-model_v4 RPS16 isoform 2	6.489E-09	1.000	346	3	92	133	9	98	100	90	0.677	0.900
LOKIASV2_3845_ESMFold_30S_ribosomal_protein_S9	AF-A0A4P9WG37-F1-model_v4	AF-A0A4P9WG37-F1-model_v4 40S ribosomal protein S16	6.941E-11	1.000	346	1	133	133	1	142	142	142	1.000	1.000
LOKIASV2_3845_ESMFold_30S_ribosomal_protein_S9	AF-A0A2K3P579-F1-model_v4	AF-A0A2K3P579-F1-model_v4 40S ribosomal protein s16-like	8.431E-11	1.000	346	3	133	133	6	143	143	138	0.985	0.965
LOKIASV2_3845_ESMFold_30S_ribosomal_protein_S9	AF-A0A2H9LE96-F1-model_v4	AF-A0A2H9LE96-F1-model_v4 30S ribosomal protein S9	8.410E-09	1.000	346	1	107	133	30	135	161	107	0.805	0.658
LOKIASV2_3845_ESMFold_30S_ribosomal_protein_S9	AF-A0A059BCX8-F1-model_v4	AF-A0A059BCX8-F1-model_v4 Uncharacterized protein	1.203E-09	1.000	346	3	102	133	7	106	215	100	0.752	0.465
LOKIASV2_3845_ESMFold_30S_ribosomal_protein_S9	AF-A0A813E267-F1-model_v4	AF-A0A813E267-F1-model_v4 Hypothetical protein	5.714E-11	1.000	346	3	133	133	316	453	453	138	0.985	0.305
LOKIASV2_3845_ESMFold_30S_ribosomal_protein_S9	AF-A0CS01-F1-model_v4	AF-A0CS01-F1-model_v4 Uncharacterized protein	2.300E-09	1.000	345	2	91	133	9	97	99	90	0.677	0.899
LOKIASV2_3845_ESMFold_30S_ribosomal_protein_S9	AF-A0A653D454-F1-model_v4	AF-A0A653D454-F1-model_v4 Uncharacterized protein	7.387E-09	1.000	345	3	93	133	9	99	131	91	0.684	0.695
LOKIASV2_3845_ESMFold_30S_ribosomal_protein_S9	AF-A0A7L4RPD9-F1-model_v4	AF-A0A7L4RPD9-F1-model_v4 30S ribosomal protein S9	2.708E-10	1.000	345	2	133	133	21	151	151	132	0.992	0.868
LOKIASV2_3845_ESMFold_30S_ribosomal_protein_S9	AF-A0A146H6A6-F1-model_v4	AF-A0A146H6A6-F1-model_v4 40S ribosomal protein	1.511E-10	1.000	345	2	133	133	113	251	251	139	0.992	0.554
LOKIASV2_3845_ESMFold_30S_ribosomal_protein_S9	AF-A0A1X7V0J4-F1-model_v4	AF-A0A1X7V0J4-F1-model_v4 S-adenosylmethionine synthase	1.327E-10	1.000	345	3	133	133	390	527	527	138	0.985	0.262
LOKIASV2_3845_ESMFold_30S_ribosomal_protein_S9	AF-A0A1B6F4Z8-F1-model_v4	AF-A0A1B6F4Z8-F1-model_v4 Uncharacterized protein	3.393E-09	1.000	344	1	92	133	10	103	103	94	0.692	0.913
LOKIASV2_3845_ESMFold_30S_ribosomal_protein_S9	AF-A0A815LKY9-F1-model_v4	AF-A0A815LKY9-F1-model_v4 Hypothetical protein	3.621E-09	1.000	344	3	95	133	8	103	105	96	0.699	0.914
LOKIASV2_3845_ESMFold_30S_ribosomal_protein_S9	AF-A0A7N9D5P5-F1-model_v4	AF-A0A7N9D5P5-F1-model_v4 Uncharacterized protein	4.692E-09	1.000	344	1	104	133	1	111	120	111	0.782	0.925
LOKIASV2_3845_ESMFold_30S_ribosomal_protein_S9	AF-A0A1S8VSL3-F1-model_v4	AF-A0A1S8VSL3-F1-model_v4 40S ribosomal protein S16	9.598E-11	1.000	344	3	133	133	4	141	141	138	0.985	0.979
LOKIASV2_3845_ESMFold_30S_ribosomal_protein_S9	AF-A0A081A348-F1-model_v4	AF-A0A081A348-F1-model_v4 40S ribosomal protein S16	9.598E-11	1.000	344	3	133	133	26	163	163	138	0.985	0.847
LOKIASV2_3845_ESMFold_30S_ribosomal_protein_S9	AF-A0A4Y7J6S7-F1-model_v4	AF-A0A4Y7J6S7-F1-model_v4 Uncharacterized protein	8.431E-11	1.000	344	3	133	133	7	144	164	138	0.985	0.841
LOKIASV2_3845_ESMFold_30S_ribosomal_protein_S9	AF-A0A544ZZI3-F1-model_v4	AF-A0A544ZZI3-F1-model_v4 Uncharacterized protein	3.289E-10	1.000	344	3	121	133	6	131	216	126	0.895	0.583
LOKIASV2_3845_ESMFold_30S_ribosomal_protein_S9	AF-A0A1J7GYV9-F1-model_v4	AF-A0A1J7GYV9-F1-model_v4 Uncharacterized protein	7.387E-09	1.000	343	1	85	133	7	91	92	85	0.639	0.924
LOKIASV2_3845_ESMFold_30S_ribosomal_protein_S9	AF-A0A815P762-F1-model_v4	AF-A0A815P762-F1-model_v4 Hypothetical protein	1.022E-08	1.000	343	2	86	133	7	91	93	85	0.639	0.914
LOKIASV2_3845_ESMFold_30S_ribosomal_protein_S9	AF-A0A2P6PLT3-F1-model_v4	AF-A0A2P6PLT3-F1-model_v4 Putative ribosomal protein S9	2.020E-09	1.000	343	1	109	133	6	121	146	116	0.820	0.795
LOKIASV2_3845_ESMFold_30S_ribosomal_protein_S9	AF-A0A6A4KN49-F1-model_v4	AF-A0A6A4KN49-F1-model_v4 Uncharacterized protein	1.093E-10	1.000	343	3	133	133	11	148	148	138	0.985	0.932
LOKIASV2_3845_ESMFold_30S_ribosomal_protein_S9	AF-A0A397ZU09-F1-model_v4	AF-A0A397ZU09-F1-model_v4 Uncharacterized protein	8.996E-11	1.000	343	3	133	133	39	176	176	138	0.985	0.784
LOKIASV2_3845_ESMFold_30S_ribosomal_protein_S9	AF-T1AY66-F1-model_v4	AF-T1AY66-F1-model_v4 Ribosomal protein S9	2.229E-10	1.000	343	2	133	133	43	176	176	134	0.992	0.761
LOKIASV2_3845_ESMFold_30S_ribosomal_protein_S9	AF-A0A5N6LXW8-F1-model_v4	AF-A0A5N6LXW8-F1-model_v4 Uncharacterized protein	1.024E-10	1.000	343	3	133	133	7	144	179	138	0.985	0.771
LOKIASV2_3845_ESMFold_30S_ribosomal_protein_S9	AF-A0A074S4I3-F1-model_v4	AF-A0A074S4I3-F1-model_v4 40S ribosomal protein S16	1.720E-10	1.000	343	2	125	133	4	134	208	131	0.932	0.630
LOKIASV2_3845_ESMFold_30S_ribosomal_protein_S9	AF-A0A5N6PIM6-F1-model_v4	AF-A0A5N6PIM6-F1-model_v4 Uncharacterized protein	9.598E-11	1.000	343	3	133	133	8	145	211	138	0.985	0.654
LOKIASV2_3845_ESMFold_30S_ribosomal_protein_S9	AF-A0A5E4LR69-F1-model_v4	AF-A0A5E4LR69-F1-model_v4 30S ribosomal protein S9	1.720E-10	1.000	343	2	133	133	81	211	211	132	0.992	0.621
LOKIASV2_3845_ESMFold_30S_ribosomal_protein_S9	AF-A0A1S9DD40-F1-model_v4	AF-A0A1S9DD40-F1-model_v4 Ribosomal protein S9	1.835E-10	1.000	343	3	125	133	6	135	915	130	0.925	0.142
LOKIASV2_3845_ESMFold_30S_ribosomal_protein_S9	AF-A0A388LPD1-F1-model_v4	AF-A0A388LPD1-F1-model_v4 Uncharacterized protein	1.511E-10	1.000	342	1	133	133	1	140	140	140	1.000	1.000
LOKIASV2_3845_ESMFold_30S_ribosomal_protein_S9	AF-A0A5J5B4Z3-F1-model_v4	AF-A0A5J5B4Z3-F1-model_v4 Uncharacterized protein	1.612E-10	1.000	342	3	125	133	7	136	158	130	0.925	0.823
LOKIASV2_3845_ESMFold_30S_ribosomal_protein_S9	AF-A0A094GYU1-F1-model_v4	AF-A0A094GYU1-F1-model_v4 Uncharacterized protein	1.327E-10	1.000	342	3	133	133	61	198	198	138	0.985	0.697
LOKIASV2_3845_ESMFold_30S_ribosomal_protein_S9	AF-A0A085M182-F1-model_v4	AF-A0A085M182-F1-model_v4 Uncharacterized protein	1.166E-10	1.000	342	3	133	133	61	198	198	138	0.985	0.697
LOKIASV2_3845_ESMFold_30S_ribosomal_protein_S9	AF-A0A0M9WC76-F1-model_v4	AF-A0A0M9WC76-F1-model_v4 Uncharacterized protein	1.327E-10	1.000	342	2	133	133	65	203	203	139	0.992	0.685
LOKIASV2_3845_ESMFold_30S_ribosomal_protein_S9	AF-A0A0C2GC02-F1-model_v4	AF-A0A0C2GC02-F1-model_v4 Ribosomal protein S9	1.166E-10	1.000	342	3	133	133	79	216	216	138	0.985	0.639
LOKIASV2_3845_ESMFold_30S_ribosomal_protein_S9	AF-A0A3M6VCS9-F1-model_v4	AF-A0A3M6VCS9-F1-model_v4 Sm domain-containing protein	1.093E-10	1.000	342	3	132	133	24	160	304	137	0.977	0.451
LOKIASV2_3845_ESMFold_30S_ribosomal_protein_S9	AF-A0A2P6TSZ4-F1-model_v4	AF-A0A2P6TSZ4-F1-model_v4 30S ribosomal protein S9, chloroplastic	1.166E-10	1.000	341	3	133	133	4	141	141	138	0.985	0.979
LOKIASV2_3845_ESMFold_30S_ribosomal_protein_S9	AF-A0A398A1S5-F1-model_v4	AF-A0A398A1S5-F1-model_v4 Uncharacterized protein	1.024E-10	1.000	341	3	133	133	9	146	146	138	0.985	0.945
LOKIASV2_3845_ESMFold_30S_ribosomal_protein_S9	AF-A0A1D1YX42-F1-model_v4	AF-A0A1D1YX42-F1-model_v4 40S ribosomal protein S16	1.244E-10	1.000	341	3	133	133	70	207	207	138	0.985	0.667
LOKIASV2_3845_ESMFold_30S_ribosomal_protein_S9	AF-A0A7R9WQL5-F1-model_v4	AF-A0A7R9WQL5-F1-model_v4 Hypothetical protein	1.327E-10	1.000	341	3	133	133	70	207	207	138	0.985	0.667
LOKIASV2_3845_ESMFold_30S_ribosomal_protein_S9	AF-A0A438F690-F1-model_v4	AF-A0A438F690-F1-model_v4 40S ribosomal protein S16	8.431E-11	1.000	341	1	125	133	3	136	218	134	0.940	0.615
LOKIASV2_3845_ESMFold_30S_ribosomal_protein_S9	AF-A0A103Y3N5-F1-model_v4	AF-A0A103Y3N5-F1-model_v4 Ribosomal protein S5 domain 2-type fold	1.024E-10	1.000	341	3	133	133	103	240	240	138	0.985	0.575
LOKIASV2_3845_ESMFold_30S_ribosomal_protein_S9	AF-A0A813DCX6-F1-model_v4	AF-A0A813DCX6-F1-model_v4 Hypothetical protein	9.598E-11	1.000	341	3	133	133	972	1109	1109	138	0.985	0.124
LOKIASV2_3845_ESMFold_30S_ribosomal_protein_S9	AF-A0A452U4V6-F1-model_v4	AF-A0A452U4V6-F1-model_v4 Uncharacterized protein	2.981E-09	1.000	340	3	101	133	9	110	114	102	0.744	0.895
LOKIASV2_3845_ESMFold_30S_ribosomal_protein_S9	AF-A0A5C7I4T7-F1-model_v4	AF-A0A5C7I4T7-F1-model_v4 Uncharacterized protein	1.416E-10	1.000	340	3	133	133	16	153	153	138	0.985	0.902
LOKIASV2_3845_ESMFold_30S_ribosomal_protein_S9	AF-A0A7S2T8I0-F1-model_v4	AF-A0A7S2T8I0-F1-model_v4 30S ribosomal protein S9, chloroplastic	1.958E-10	1.000	340	1	133	133	17	156	156	140	1.000	0.897
LOKIASV2_3845_ESMFold_30S_ribosomal_protein_S9	AF-A0A507FSD8-F1-model_v4	AF-A0A507FSD8-F1-model_v4 Uncharacterized protein	2.089E-10	1.000	340	2	133	133	4	167	167	164	0.992	0.982
LOKIASV2_3845_ESMFold_30S_ribosomal_protein_S9	AF-A0A832AP83-F1-model_v4	AF-A0A832AP83-F1-model_v4 30S ribosomal protein S9	4.549E-10	1.000	340	2	133	133	42	175	175	134	0.992	0.766
LOKIASV2_3845_ESMFold_30S_ribosomal_protein_S9	AF-A0A171B9P1-F1-model_v4	AF-A0A171B9P1-F1-model_v4 40s ribosomal protein s16	4.692E-09	1.000	340	3	104	133	31	139	182	109	0.767	0.599
LOKIASV2_3845_ESMFold_30S_ribosomal_protein_S9	AF-A0A2I2ZUT6-F1-model_v4	AF-A0A2I2ZUT6-F1-model_v4 Uncharacterized protein	6.489E-09	1.000	339	3	104	133	39	147	176	109	0.767	0.619
LOKIASV2_3845_ESMFold_30S_ribosomal_protein_S9	AF-A0A4S2KXB3-F1-model_v4	AF-A0A4S2KXB3-F1-model_v4 Serologically defined colon cancer antigen 1	2.089E-10	1.000	339	1	133	133	66	207	1201	142	1.000	0.118
LOKIASV2_3845_ESMFold_30S_ribosomal_protein_S9	AF-A0A2P6VDY4-F1-model_v4	AF-A0A2P6VDY4-F1-model_v4 30S ribosomal protein S9, chloroplastic	1.511E-10	1.000	338	3	133	133	4	141	141	138	0.985	0.979
LOKIASV2_3845_ESMFold_30S_ribosomal_protein_S9	AF-A0A833R410-F1-model_v4	AF-A0A833R410-F1-model_v4 40S ribosomal protein S16	2.089E-10	1.000	338	2	133	133	16	154	154	139	0.992	0.903
LOKIASV2_3845_ESMFold_30S_ribosomal_protein_S9	AF-A0A5E3X746-F1-model_v4	AF-A0A5E3X746-F1-model_v4 Uncharacterized protein	1.958E-10	1.000	338	3	133	133	39	176	176	138	0.985	0.784
LOKIASV2_3845_ESMFold_30S_ribosomal_protein_S9	AF-A0A433D662-F1-model_v4	AF-A0A433D662-F1-model_v4 40S ribosomal protein S16	3.180E-09	1.000	338	3	107	133	53	164	196	112	0.789	0.571
LOKIASV2_3845_ESMFold_30S_ribosomal_protein_S9	AF-A0A328DAF0-F1-model_v4	AF-A0A328DAF0-F1-model_v4 Uncharacterized protein	1.327E-10	1.000	338	3	133	133	97	234	234	138	0.985	0.590
LOKIASV2_3845_ESMFold_30S_ribosomal_protein_S9	AF-A0A427AB79-F1-model_v4	AF-A0A427AB79-F1-model_v4 Uncharacterized protein	1.416E-10	1.000	338	3	133	133	102	239	239	138	0.985	0.577
LOKIASV2_3845_ESMFold_30S_ribosomal_protein_S9	AF-A0A4D9AHX6-F1-model_v4	AF-A0A4D9AHX6-F1-model_v4 Small subunit ribosomal protein S16e	1.835E-10	1.000	338	3	128	133	9	141	528	133	0.947	0.252
LOKIASV2_3845_ESMFold_30S_ribosomal_protein_S9	AF-A0A2P6NQB6-F1-model_v4	AF-A0A2P6NQB6-F1-model_v4 40S ribosomal protein S16-like	1.958E-10	1.000	338	3	133	133	570	707	707	138	0.985	0.195
LOKIASV2_3845_ESMFold_30S_ribosomal_protein_S9	AF-A0A7C1N4V4-F1-model_v4	AF-A0A7C1N4V4-F1-model_v4 30S ribosomal protein S9	4.263E-10	1.000	337	1	133	133	1	133	133	137	1.000	1.000
LOKIASV2_3845_ESMFold_30S_ribosomal_protein_S9	AF-O22647-F1-model_v4	AF-O22647-F1-model_v4 40S ribosomal protein S16	1.835E-10	1.000	337	3	133	133	8	145	145	138	0.985	0.952
LOKIASV2_3845_ESMFold_30S_ribosomal_protein_S9	AF-A0A811VDR8-F1-model_v4	AF-A0A811VDR8-F1-model_v4 (Mediterranean fruit fly) hypothetical protein	1.369E-09	1.000	337	1	108	133	7	123	157	117	0.812	0.745
LOKIASV2_3845_ESMFold_30S_ribosomal_protein_S9	AF-A0A183H2U7-F1-model_v4	AF-A0A183H2U7-F1-model_v4 Uncharacterized protein	1.093E-10	1.000	337	3	133	133	6	163	163	158	0.985	0.969
LOKIASV2_3845_ESMFold_30S_ribosomal_protein_S9	AF-A0A2S4VCV7-F1-model_v4	AF-A0A2S4VCV7-F1-model_v4 Uncharacterized protein	2.089E-10	1.000	337	2	131	133	5	141	217	137	0.977	0.631
LOKIASV2_3845_ESMFold_30S_ribosomal_protein_S9	AF-A0A833VLC5-F1-model_v4	AF-A0A833VLC5-F1-model_v4 40S ribosomal protein S16	2.889E-10	1.000	337	2	133	133	17	155	274	139	0.992	0.507
LOKIASV2_3845_ESMFold_30S_ribosomal_protein_S9	AF-A0A7J7E1H9-F1-model_v4	AF-A0A7J7E1H9-F1-model_v4 RAN GTPase-activating protein 2	1.612E-10	1.000	337	3	133	133	7	144	685	138	0.985	0.201
LOKIASV2_3845_ESMFold_30S_ribosomal_protein_S9	AF-A0A3M1UTC8-F1-model_v4	AF-A0A3M1UTC8-F1-model_v4 30S ribosomal protein S9	2.379E-10	1.000	336	2	133	133	10	143	143	134	0.992	0.937
LOKIASV2_3845_ESMFold_30S_ribosomal_protein_S9	AF-A0A7S0K9P3-F1-model_v4	AF-A0A7S0K9P3-F1-model_v4 Hypothetical protein	3.393E-09	1.000	336	3	109	133	23	136	145	114	0.805	0.786
LOKIASV2_3845_ESMFold_30S_ribosomal_protein_S9	AF-A0A6A6N6N4-F1-model_v4	AF-A0A6A6N6N4-F1-model_v4 Uncharacterized protein	2.538E-10	1.000	336	3	125	133	9	138	161	130	0.925	0.807
LOKIASV2_3845_ESMFold_30S_ribosomal_protein_S9	AF-A0A3P8XBL2-F1-model_v4	AF-A0A3P8XBL2-F1-model_v4 Myogenic factor 6	6.082E-09	1.000	336	3	104	133	76	184	294	109	0.767	0.371
LOKIASV2_3845_ESMFold_30S_ribosomal_protein_S9	AF-A0A813HUK9-F1-model_v4	AF-A0A813HUK9-F1-model_v4 Hypothetical protein	1.244E-10	1.000	336	3	133	133	165	302	302	138	0.985	0.457
LOKIASV2_3845_ESMFold_30S_ribosomal_protein_S9	AF-A0A1Q9CYR7-F1-model_v4	AF-A0A1Q9CYR7-F1-model_v4 40S ribosomal protein S16-1	2.379E-10	1.000	336	3	124	133	666	794	1022	129	0.917	0.126
LOKIASV2_3845_ESMFold_30S_ribosomal_protein_S9	AF-A0A834G7F4-F1-model_v4	AF-A0A834G7F4-F1-model_v4 Uncharacterized protein	9.280E-10	1.000	335	3	109	133	10	116	146	107	0.805	0.733
LOKIASV2_3845_ESMFold_30S_ribosomal_protein_S9	AF-A0A1J1I6A0-F1-model_v4	AF-A0A1J1I6A0-F1-model_v4 CLUMA_CG008586, isoform A	2.089E-10	1.000	335	3	133	133	18	155	155	138	0.985	0.890
LOKIASV2_3845_ESMFold_30S_ribosomal_protein_S9	AF-A0A4X2LY96-F1-model_v4	AF-A0A4X2LY96-F1-model_v4 Uncharacterized protein	1.608E-08	1.000	335	3	91	133	86	174	177	89	0.669	0.503
LOKIASV2_3845_ESMFold_30S_ribosomal_protein_S9	AF-A0A1S3DXZ9-F1-model_v4	AF-A0A1S3DXZ9-F1-model_v4 40S ribosomal protein S16-like isoform X1	2.089E-10	1.000	335	3	133	133	55	192	192	138	0.985	0.719
LOKIASV2_3845_ESMFold_30S_ribosomal_protein_S9	AF-A0A842X9T1-F1-model_v4	AF-A0A842X9T1-F1-model_v4 30S ribosomal protein S9	3.510E-10	1.000	335	2	133	133	83	212	212	132	0.992	0.613
LOKIASV2_3845_ESMFold_30S_ribosomal_protein_S9	AF-A0A813JLX3-F1-model_v4	AF-A0A813JLX3-F1-model_v4 Hypothetical protein	1.612E-10	1.000	335	3	131	133	8	143	319	136	0.970	0.426
LOKIASV2_3845_ESMFold_30S_ribosomal_protein_S9	AF-A0A7J2VTP1-F1-model_v4	AF-A0A7J2VTP1-F1-model_v4 30S ribosomal protein S9	1.953E-08	1.000	334	2	87	133	6	90	90	86	0.647	0.944
LOKIASV2_3845_ESMFold_30S_ribosomal_protein_S9	AF-A0A2N9HK13-F1-model_v4	AF-A0A2N9HK13-F1-model_v4 Uncharacterized protein	1.163E-08	1.000	334	1	82	133	6	87	120	82	0.617	0.683
LOKIASV2_3845_ESMFold_30S_ribosomal_protein_S9	AF-I3T338-F1-model_v4	AF-I3T338-F1-model_v4 Uncharacterized protein	3.083E-10	1.000	334	1	133	133	1	140	140	140	1.000	1.000
LOKIASV2_3845_ESMFold_30S_ribosomal_protein_S9	AF-B6TVN0-F1-model_v4	AF-B6TVN0-F1-model_v4 40S ribosomal protein S16	2.708E-10	1.000	334	3	133	133	12	149	149	138	0.985	0.926
LOKIASV2_3845_ESMFold_30S_ribosomal_protein_S9	AF-A0A5J5A9D1-F1-model_v4	AF-A0A5J5A9D1-F1-model_v4 Uncharacterized protein	1.835E-10	1.000	334	3	133	133	7	153	153	147	0.985	0.961
LOKIASV2_3845_ESMFold_30S_ribosomal_protein_S9	AF-I1KM19-F1-model_v4	AF-I1KM19-F1-model_v4 Uncharacterized protein	2.229E-10	1.000	334	3	133	133	19	156	156	138	0.985	0.885
LOKIASV2_3845_ESMFold_30S_ribosomal_protein_S9	AF-A0A6P5GPQ5-F1-model_v4	AF-A0A6P5GPQ5-F1-model_v4 40S ribosomal protein S16	2.089E-10	1.000	334	3	133	133	24	161	161	138	0.985	0.857
LOKIASV2_3845_ESMFold_30S_ribosomal_protein_S9	AF-A0A094GLP7-F1-model_v4	AF-A0A094GLP7-F1-model_v4 Uncharacterized protein	2.708E-10	1.000	334	3	133	133	47	184	184	138	0.985	0.750
LOKIASV2_3845_ESMFold_30S_ribosomal_protein_S9	AF-A0A371E6A2-F1-model_v4	AF-A0A371E6A2-F1-model_v4 40S ribosomal protein S16	2.889E-10	1.000	334	3	125	133	17	146	195	130	0.925	0.667
LOKIASV2_3845_ESMFold_30S_ribosomal_protein_S9	AF-A0A0L6VBU5-F1-model_v4	AF-A0A0L6VBU5-F1-model_v4 40S ribosomal protein S16	2.889E-10	1.000	334	2	131	133	5	141	265	137	0.977	0.517
LOKIASV2_3845_ESMFold_30S_ribosomal_protein_S9	AF-A0A0N4W9K8-F1-model_v4	AF-A0A0N4W9K8-F1-model_v4 Uncharacterized protein	2.708E-10	1.000	334	3	133	133	197	334	334	138	0.985	0.413
LOKIASV2_3845_ESMFold_30S_ribosomal_protein_S9	AF-A0A024GU31-F1-model_v4	AF-A0A024GU31-F1-model_v4 Uncharacterized protein	2.379E-10	1.000	333	3	133	133	7	144	144	138	0.985	0.958
LOKIASV2_3845_ESMFold_30S_ribosomal_protein_S9	AF-Q9M8X9-F1-model_v4	AF-Q9M8X9-F1-model_v4 40S ribosomal protein S16-2	2.538E-10	1.000	333	3	133	133	9	146	146	138	0.985	0.945
LOKIASV2_3845_ESMFold_30S_ribosomal_protein_S9	AF-A0A250XNK0-F1-model_v4	AF-A0A250XNK0-F1-model_v4 30S ribosomal protein S9, chloroplastic	2.889E-10	1.000	333	3	133	133	23	160	160	138	0.985	0.863
LOKIASV2_3845_ESMFold_30S_ribosomal_protein_S9	AF-A0A1D1Y5C4-F1-model_v4	AF-A0A1D1Y5C4-F1-model_v4 40S ribosomal protein S16	2.089E-10	1.000	333	3	133	133	68	205	205	138	0.985	0.673
LOKIASV2_3845_ESMFold_30S_ribosomal_protein_S9	AF-A0A2D4CAU4-F1-model_v4	AF-A0A2D4CAU4-F1-model_v4 40S ribosomal protein S16	3.510E-10	1.000	333	3	125	133	7	136	227	130	0.925	0.573
LOKIASV2_3845_ESMFold_30S_ribosomal_protein_S9	AF-A0A835BRN2-F1-model_v4	AF-A0A835BRN2-F1-model_v4 Uncharacterized protein	2.708E-10	1.000	333	3	133	133	133	270	270	138	0.985	0.511
LOKIASV2_3845_ESMFold_30S_ribosomal_protein_S9	AF-C0JKE5-F1-model_v4	AF-C0JKE5-F1-model_v4 Ribosomal protein S16	8.973E-09	1.000	332	4	104	133	1	108	131	108	0.759	0.824
LOKIASV2_3845_ESMFold_30S_ribosomal_protein_S9	AF-A0A6A4PNN2-F1-model_v4	AF-A0A6A4PNN2-F1-model_v4 40S ribosomal protein S16	2.379E-10	1.000	332	3	133	133	10	147	147	138	0.985	0.939
LOKIASV2_3845_ESMFold_30S_ribosomal_protein_S9	AF-H0XPJ9-F1-model_v4	AF-H0XPJ9-F1-model_v4 Uncharacterized protein	9.574E-09	1.000	332	3	107	133	23	133	150	111	0.789	0.740
LOKIASV2_3845_ESMFold_30S_ribosomal_protein_S9	AF-A0A6A5ABJ6-F1-model_v4	AF-A0A6A5ABJ6-F1-model_v4 Uncharacterized protein	3.083E-10	1.000	332	3	133	133	9	154	154	146	0.985	0.948
LOKIASV2_3845_ESMFold_30S_ribosomal_protein_S9	AF-W6MX98-F1-model_v4	AF-W6MX98-F1-model_v4 Uncharacterized protein	3.510E-10	1.000	332	1	133	133	28	167	167	140	1.000	0.838
LOKIASV2_3845_ESMFold_30S_ribosomal_protein_S9	AF-A0A1Z5L8M6-F1-model_v4	AF-A0A1Z5L8M6-F1-model_v4 Ribosomal protein S16	6.082E-09	1.000	332	3	107	133	11	122	169	112	0.789	0.663
LOKIASV2_3845_ESMFold_30S_ribosomal_protein_S9	AF-A0A533W6P6-F1-model_v4	AF-A0A533W6P6-F1-model_v4 30S ribosomal protein S9	2.889E-10	1.000	332	1	133	133	45	176	176	133	1.000	0.750
LOKIASV2_3845_ESMFold_30S_ribosomal_protein_S9	AF-A0A6N2KCX4-F1-model_v4	AF-A0A6N2KCX4-F1-model_v4 Uncharacterized protein	2.089E-10	1.000	332	3	133	133	9	146	182	138	0.985	0.758
LOKIASV2_3845_ESMFold_30S_ribosomal_protein_S9	AF-A0A813DC19-F1-model_v4	AF-A0A813DC19-F1-model_v4 Hypothetical protein	1.835E-10	1.000	332	3	133	133	49	186	186	138	0.985	0.742
LOKIASV2_3845_ESMFold_30S_ribosomal_protein_S9	AF-A0A1Y5IE02-F1-model_v4	AF-A0A1Y5IE02-F1-model_v4 Ribosomal protein S9/S16-domain-containing protein	2.379E-10	1.000	332	3	133	133	53	190	190	138	0.985	0.726
LOKIASV2_3845_ESMFold_30S_ribosomal_protein_S9	AF-A0A1E3HMF2-F1-model_v4	AF-A0A1E3HMF2-F1-model_v4 40S ribosomal protein S16	3.995E-10	1.000	332	1	125	133	53	184	197	132	0.940	0.670
LOKIASV2_3845_ESMFold_30S_ribosomal_protein_S9	AF-A0A834YAF7-F1-model_v4	AF-A0A834YAF7-F1-model_v4 Uncharacterized protein	2.379E-10	1.000	332	3	133	133	222	359	359	138	0.985	0.384
LOKIASV2_3845_ESMFold_30S_ribosomal_protein_S9	AF-A9V283-F1-model_v4	AF-A9V283-F1-model_v4 Predicted protein	3.995E-10	1.000	331	2	133	133	5	143	143	139	0.992	0.972
LOKIASV2_3845_ESMFold_30S_ribosomal_protein_S9	AF-A0A1X0RA00-F1-model_v4	AF-A0A1X0RA00-F1-model_v4 40S ribosomal protein S16	3.995E-10	1.000	331	2	133	133	7	145	145	139	0.992	0.959
LOKIASV2_3845_ESMFold_30S_ribosomal_protein_S9	AF-A0A5M9JWL3-F1-model_v4	AF-A0A5M9JWL3-F1-model_v4 Uncharacterized protein	3.510E-10	1.000	331	3	133	133	32	169	169	138	0.985	0.817
LOKIASV2_3845_ESMFold_30S_ribosomal_protein_S9	AF-A0A182ECI3-F1-model_v4	AF-A0A182ECI3-F1-model_v4 Uncharacterized protein	2.708E-10	1.000	331	3	133	133	43	180	180	138	0.985	0.767
LOKIASV2_3845_ESMFold_30S_ribosomal_protein_S9	AF-C1MM77-F1-model_v4	AF-C1MM77-F1-model_v4 30S ribosomal protein S9, chloroplastic	3.289E-10	1.000	330	3	133	133	5	142	142	138	0.985	0.972
LOKIASV2_3845_ESMFold_30S_ribosomal_protein_S9	AF-A0A834YUC2-F1-model_v4	AF-A0A834YUC2-F1-model_v4 Uncharacterized protein	3.289E-10	1.000	330	3	133	133	7	144	144	138	0.985	0.958
LOKIASV2_3845_ESMFold_30S_ribosomal_protein_S9	AF-P46293-F1-model_v4	AF-P46293-F1-model_v4 40S ribosomal protein S16	3.289E-10	1.000	330	3	133	133	8	145	145	138	0.985	0.952
LOKIASV2_3845_ESMFold_30S_ribosomal_protein_S9	AF-M1XMM8-F1-model_v4	AF-M1XMM8-F1-model_v4 40S ribosomal protein S16	2.708E-10	1.000	330	3	133	133	25	162	162	138	0.985	0.852
LOKIASV2_3845_ESMFold_30S_ribosomal_protein_S9	AF-A0A177B5Y9-F1-model_v4	AF-A0A177B5Y9-F1-model_v4 40S ribosomal protein S16	2.708E-10	1.000	330	3	133	133	25	162	162	138	0.985	0.852
LOKIASV2_3845_ESMFold_30S_ribosomal_protein_S9	AF-K3YBW0-F1-model_v4	AF-K3YBW0-F1-model_v4 Uncharacterized protein	3.289E-10	1.000	330	3	133	133	29	166	166	138	0.985	0.831
LOKIASV2_3845_ESMFold_30S_ribosomal_protein_S9	AF-A0A3M7MBB5-F1-model_v4	AF-A0A3M7MBB5-F1-model_v4 40S ribosomal S16	3.510E-10	1.000	330	3	133	133	34	171	171	138	0.985	0.807
LOKIASV2_3845_ESMFold_30S_ribosomal_protein_S9	AF-A0A835D4V3-F1-model_v4	AF-A0A835D4V3-F1-model_v4 Uncharacterized protein	2.229E-10	1.000	330	1	125	133	3	136	190	134	0.940	0.705
LOKIASV2_3845_ESMFold_30S_ribosomal_protein_S9	AF-A0A6A5MJ68-F1-model_v4	AF-A0A6A5MJ68-F1-model_v4 Uncharacterized protein	2.708E-10	1.000	330	3	129	133	9	142	193	134	0.955	0.694
LOKIASV2_3845_ESMFold_30S_ribosomal_protein_S9	AF-A0A0D3AJQ0-F1-model_v4	AF-A0A0D3AJQ0-F1-model_v4 Uncharacterized protein	1.507E-08	1.000	330	2	79	133	154	231	233	78	0.586	0.335
LOKIASV2_3845_ESMFold_30S_ribosomal_protein_S9	AF-A0A2K2V458-F1-model_v4	AF-A0A2K2V458-F1-model_v4 30S ribosomal protein S9	3.995E-10	1.000	329	1	133	133	1	133	133	134	1.000	1.000
LOKIASV2_3845_ESMFold_30S_ribosomal_protein_S9	AF-Q8IAX5-F1-model_v4	AF-Q8IAX5-F1-model_v4 40S ribosomal protein S16, putative	3.995E-10	1.000	329	3	133	133	7	144	144	138	0.985	0.958
LOKIASV2_3845_ESMFold_30S_ribosomal_protein_S9	AF-A0A6P4BZ29-F1-model_v4	AF-A0A6P4BZ29-F1-model_v4 40S ribosomal protein S16	3.289E-10	1.000	329	3	133	133	8	145	145	138	0.985	0.952
LOKIASV2_3845_ESMFold_30S_ribosomal_protein_S9	AF-A0A2I0VPM1-F1-model_v4	AF-A0A2I0VPM1-F1-model_v4 40S ribosomal protein S16	3.995E-10	1.000	329	3	133	133	9	146	146	138	0.985	0.945
LOKIASV2_3845_ESMFold_30S_ribosomal_protein_S9	AF-A0A835MRJ7-F1-model_v4	AF-A0A835MRJ7-F1-model_v4 Uncharacterized protein	4.853E-10	1.000	329	3	125	133	7	136	158	130	0.925	0.823
LOKIASV2_3845_ESMFold_30S_ribosomal_protein_S9	AF-A0A7S2BY02-F1-model_v4	AF-A0A7S2BY02-F1-model_v4 Hypothetical protein	2.889E-10	1.000	329	3	133	133	22	159	159	138	0.985	0.868
LOKIASV2_3845_ESMFold_30S_ribosomal_protein_S9	AF-A0A6P8J007-F1-model_v4	AF-A0A6P8J007-F1-model_v4 40S ribosomal protein S16-like	3.289E-10	1.000	329	3	133	133	23	160	160	138	0.985	0.863
LOKIASV2_3845_ESMFold_30S_ribosomal_protein_S9	AF-A0A1A8W985-F1-model_v4	AF-A0A1A8W985-F1-model_v4 40S ribosomal protein S16, putative	3.510E-10	1.000	329	2	133	133	6	139	167	136	0.992	0.802
LOKIASV2_3845_ESMFold_30S_ribosomal_protein_S9	AF-A0A5C3QXM8-F1-model_v4	AF-A0A5C3QXM8-F1-model_v4 Ribosomal protein S9/S16-domain-containing protein	3.745E-10	1.000	329	3	133	133	38	175	175	138	0.985	0.789
LOKIASV2_3845_ESMFold_30S_ribosomal_protein_S9	AF-A0A2P5FWQ9-F1-model_v4	AF-A0A2P5FWQ9-F1-model_v4 Ribosomal protein	3.083E-10	1.000	329	3	133	133	46	183	183	138	0.985	0.754
LOKIASV2_3845_ESMFold_30S_ribosomal_protein_S9	AF-A0A287NJK0-F1-model_v4	AF-A0A287NJK0-F1-model_v4 Uncharacterized protein	3.995E-10	1.000	329	3	133	133	50	187	187	138	0.985	0.738
LOKIASV2_3845_ESMFold_30S_ribosomal_protein_S9	AF-A0A444ES84-F1-model_v4	AF-A0A444ES84-F1-model_v4 Uncharacterized protein	3.083E-10	1.000	329	1	133	133	153	292	292	140	1.000	0.479
LOKIASV2_3845_ESMFold_30S_ribosomal_protein_S9	AF-A0A6A6JTY2-F1-model_v4	AF-A0A6A6JTY2-F1-model_v4 Ribosomal protein S9	3.995E-10	1.000	328	3	133	133	5	142	142	138	0.985	0.972
LOKIASV2_3845_ESMFold_30S_ribosomal_protein_S9	AF-A0A1R3GYW4-F1-model_v4	AF-A0A1R3GYW4-F1-model_v4 Ribosomal protein S9	3.289E-10	1.000	328	3	133	133	9	146	146	138	0.985	0.945
LOKIASV2_3845_ESMFold_30S_ribosomal_protein_S9	AF-A0A538P9D8-F1-model_v4	AF-A0A538P9D8-F1-model_v4 30S ribosomal protein S9	3.745E-10	1.000	328	1	133	133	26	157	157	133	1.000	0.841
LOKIASV2_3845_ESMFold_30S_ribosomal_protein_S9	AF-A0A7C0Y7H6-F1-model_v4	AF-A0A7C0Y7H6-F1-model_v4 30S ribosomal protein S9	1.022E-08	1.000	328	3	111	133	29	134	158	109	0.820	0.671
LOKIASV2_3845_ESMFold_30S_ribosomal_protein_S9	AF-A0A0V0RW10-F1-model_v4	AF-A0A0V0RW10-F1-model_v4 40S ribosomal protein S16	4.549E-10	1.000	328	3	133	133	25	162	162	138	0.985	0.852
LOKIASV2_3845_ESMFold_30S_ribosomal_protein_S9	AF-A0A7R8X2H1-F1-model_v4	AF-A0A7R8X2H1-F1-model_v4 Hypothetical protein	3.510E-10	1.000	328	3	133	133	55	192	192	138	0.985	0.719
LOKIASV2_3845_ESMFold_30S_ribosomal_protein_S9	AF-A0A7J8SY31-F1-model_v4	AF-A0A7J8SY31-F1-model_v4 Uncharacterized protein	4.853E-10	1.000	328	3	125	133	9	138	228	130	0.925	0.570
LOKIASV2_3845_ESMFold_30S_ribosomal_protein_S9	AF-A0A068YE33-F1-model_v4	AF-A0A068YE33-F1-model_v4 40S ribosomal protein S16	4.853E-10	1.000	328	2	133	133	375	513	513	139	0.992	0.271
LOKIASV2_3845_ESMFold_30S_ribosomal_protein_S9	AF-G1NEZ2-F1-model_v4	AF-G1NEZ2-F1-model_v4 Uncharacterized protein	1.893E-09	1.000	327	3	106	133	9	110	135	104	0.782	0.756
LOKIASV2_3845_ESMFold_30S_ribosomal_protein_S9	AF-A0A6N2KNF3-F1-model_v4	AF-A0A6N2KNF3-F1-model_v4 Uncharacterized protein	4.692E-09	1.000	327	2	108	133	6	116	136	111	0.805	0.816
LOKIASV2_3845_ESMFold_30S_ribosomal_protein_S9	AF-E9I7L7-F1-model_v4	AF-E9I7L7-F1-model_v4 Uncharacterized protein	4.263E-10	1.000	327	3	133	133	8	145	145	138	0.985	0.952
LOKIASV2_3845_ESMFold_30S_ribosomal_protein_S9	AF-A0A397XUE7-F1-model_v4	AF-A0A397XUE7-F1-model_v4 Uncharacterized protein	3.510E-10	1.000	327	3	133	133	47	184	184	138	0.985	0.750
LOKIASV2_3845_ESMFold_30S_ribosomal_protein_S9	AF-A0A4S4D4G9-F1-model_v4	AF-A0A4S4D4G9-F1-model_v4 Uncharacterized protein	4.263E-10	1.000	327	3	132	133	9	145	207	137	0.977	0.662
LOKIASV2_3845_ESMFold_30S_ribosomal_protein_S9	AF-A0A177TXC3-F1-model_v4	AF-A0A177TXC3-F1-model_v4 Uncharacterized protein	4.263E-10	1.000	327	3	133	133	116	253	253	138	0.985	0.545
LOKIASV2_3845_ESMFold_30S_ribosomal_protein_S9	AF-A0A834LQ57-F1-model_v4	AF-A0A834LQ57-F1-model_v4 Uncharacterized protein	5.525E-10	1.000	327	3	125	133	10	139	261	130	0.925	0.498
LOKIASV2_3845_ESMFold_30S_ribosomal_protein_S9	AF-A0A6A6L0W6-F1-model_v4	AF-A0A6A6L0W6-F1-model_v4 Uncharacterized protein	5.895E-10	1.000	327	3	125	133	10	139	310	130	0.925	0.419
LOKIASV2_3845_ESMFold_30S_ribosomal_protein_S9	AF-A0A261XVE0-F1-model_v4	AF-A0A261XVE0-F1-model_v4 Uncharacterized protein	5.178E-10	1.000	327	3	133	133	475	612	612	138	0.985	0.225
LOKIASV2_3845_ESMFold_30S_ribosomal_protein_S9	AF-A0A1Q7XLV3-F1-model_v4	AF-A0A1Q7XLV3-F1-model_v4 30S ribosomal protein S9	3.075E-08	1.000	326	1	90	133	2	90	91	90	0.677	0.978
LOKIASV2_3845_ESMFold_30S_ribosomal_protein_S9	AF-Q7SFJ9-F1-model_v4	AF-Q7SFJ9-F1-model_v4 40S ribosomal protein S16	5.895E-10	1.000	326	3	133	133	5	142	142	138	0.985	0.972
LOKIASV2_3845_ESMFold_30S_ribosomal_protein_S9	AF-A0A6P6VSD2-F1-model_v4	AF-A0A6P6VSD2-F1-model_v4 40S ribosomal protein S16	4.263E-10	1.000	326	3	133	133	7	144	144	138	0.985	0.958
LOKIASV2_3845_ESMFold_30S_ribosomal_protein_S9	AF-J7M4L0-F1-model_v4	AF-J7M4L0-F1-model_v4 40S ribosomal protein S16	4.263E-10	1.000	326	3	133	133	10	147	147	138	0.985	0.939
LOKIASV2_3845_ESMFold_30S_ribosomal_protein_S9	AF-A0A182Q235-F1-model_v4	AF-A0A182Q235-F1-model_v4 40S ribosomal protein S16	4.263E-10	1.000	326	3	133	133	42	179	179	138	0.985	0.771
LOKIASV2_3845_ESMFold_30S_ribosomal_protein_S9	AF-A0A179IIK4-F1-model_v4	AF-A0A179IIK4-F1-model_v4 Uncharacterized protein	3.995E-10	1.000	326	3	133	133	66	203	203	138	0.985	0.680
LOKIASV2_3845_ESMFold_30S_ribosomal_protein_S9	AF-A0A446U3H1-F1-model_v4	AF-A0A446U3H1-F1-model_v4 Uncharacterized protein	4.263E-10	1.000	326	3	133	133	75	212	212	138	0.985	0.651
LOKIASV2_3845_ESMFold_30S_ribosomal_protein_S9	AF-A0A510NZF2-F1-model_v4	AF-A0A510NZF2-F1-model_v4 Putative ribosomal protein uS9	6.711E-10	1.000	326	2	131	133	4	140	1098	137	0.977	0.125
LOKIASV2_3845_ESMFold_30S_ribosomal_protein_S9	AF-G4TB80-F1-model_v4	AF-G4TB80-F1-model_v4 Probable 40S ribosomal protein S16	6.290E-10	1.000	325	2	133	133	5	143	143	139	0.992	0.972
LOKIASV2_3845_ESMFold_30S_ribosomal_protein_S9	AF-A0A7M3RJE8-F1-model_v4	AF-A0A7M3RJE8-F1-model_v4 Hypothetical protein	5.525E-10	1.000	325	2	133	133	6	144	144	139	0.992	0.965
LOKIASV2_3845_ESMFold_30S_ribosomal_protein_S9	AF-A0A6J1IYS6-F1-model_v4	AF-A0A6J1IYS6-F1-model_v4 40S ribosomal protein S16	4.549E-10	1.000	325	3	133	133	7	144	144	138	0.985	0.958
LOKIASV2_3845_ESMFold_30S_ribosomal_protein_S9	AF-A0A2E0YEN3-F1-model_v4	AF-A0A2E0YEN3-F1-model_v4 30S ribosomal protein S9	2.889E-10	1.000	325	2	133	133	8	145	145	138	0.992	0.952
LOKIASV2_3845_ESMFold_30S_ribosomal_protein_S9	AF-A0A2R5G7X8-F1-model_v4	AF-A0A2R5G7X8-F1-model_v4 40S ribosomal protein S16	5.178E-10	1.000	325	3	133	133	8	145	145	138	0.985	0.952
LOKIASV2_3845_ESMFold_30S_ribosomal_protein_S9	AF-A0A804IF03-F1-model_v4	AF-A0A804IF03-F1-model_v4 Uncharacterized protein	5.895E-10	1.000	325	2	133	133	7	145	145	139	0.992	0.959
LOKIASV2_3845_ESMFold_30S_ribosomal_protein_S9	AF-A0A367KZN7-F1-model_v4	AF-A0A367KZN7-F1-model_v4 Uncharacterized protein	5.178E-10	1.000	325	3	133	133	38	175	175	138	0.985	0.789
LOKIASV2_3845_ESMFold_30S_ribosomal_protein_S9	AF-A0A444G085-F1-model_v4	AF-A0A444G085-F1-model_v4 Uncharacterized protein	4.549E-10	1.000	325	3	133	133	87	224	224	138	0.985	0.616
LOKIASV2_3845_ESMFold_30S_ribosomal_protein_S9	AF-A0A830BA73-F1-model_v4	AF-A0A830BA73-F1-model_v4 40S ribosomal protein s16	5.525E-10	1.000	324	3	133	133	7	144	144	138	0.985	0.958
LOKIASV2_3845_ESMFold_30S_ribosomal_protein_S9	AF-A9P8I2-F1-model_v4	AF-A9P8I2-F1-model_v4 Uncharacterized protein	5.178E-10	1.000	324	3	133	133	7	144	144	138	0.985	0.958
LOKIASV2_3845_ESMFold_30S_ribosomal_protein_S9	AF-A0A210Q895-F1-model_v4	AF-A0A210Q895-F1-model_v4 40S ribosomal protein S16	4.853E-10	1.000	324	1	133	133	23	162	162	140	1.000	0.864
LOKIASV2_3845_ESMFold_30S_ribosomal_protein_S9	AF-Q5MIR8-F1-model_v4	AF-Q5MIR8-F1-model_v4 Ribosomal protein S16	4.549E-10	1.000	324	3	133	133	11	148	172	138	0.985	0.802
LOKIASV2_3845_ESMFold_30S_ribosomal_protein_S9	AF-A0A7R8WRG8-F1-model_v4	AF-A0A7R8WRG8-F1-model_v4 Hypothetical protein	5.525E-10	1.000	324	3	132	133	32	168	293	137	0.977	0.468
LOKIASV2_3845_ESMFold_30S_ribosomal_protein_S9	AF-A0A842KJF0-F1-model_v4	AF-A0A842KJF0-F1-model_v4 30S ribosomal protein S9	9.902E-10	1.000	323	4	133	133	4	131	131	133	0.977	0.977
LOKIASV2_3845_ESMFold_30S_ribosomal_protein_S9	AF-A0A7J7CRX0-F1-model_v4	AF-A0A7J7CRX0-F1-model_v4 Ribosomal protein S16	5.525E-10	1.000	323	3	133	133	7	144	144	138	0.985	0.958
LOKIASV2_3845_ESMFold_30S_ribosomal_protein_S9	AF-A0A7J6F5P1-F1-model_v4	AF-A0A7J6F5P1-F1-model_v4 Uncharacterized protein	4.549E-10	1.000	323	3	133	133	9	146	146	138	0.985	0.945
LOKIASV2_3845_ESMFold_30S_ribosomal_protein_S9	AF-A0A132A5G0-F1-model_v4	AF-A0A132A5G0-F1-model_v4 40S ribosomal protein S16	4.853E-10	1.000	323	3	133	133	10	147	147	138	0.985	0.939
LOKIASV2_3845_ESMFold_30S_ribosomal_protein_S9	AF-A0A835DR95-F1-model_v4	AF-A0A835DR95-F1-model_v4 Uncharacterized protein	5.525E-10	1.000	323	3	133	133	172	309	309	138	0.985	0.447
LOKIASV2_3845_ESMFold_30S_ribosomal_protein_S9	AF-A0A3P6D9K4-F1-model_v4	AF-A0A3P6D9K4-F1-model_v4 Uncharacterized protein	5.525E-10	1.000	323	3	133	133	246	383	383	138	0.985	0.360
LOKIASV2_3845_ESMFold_30S_ribosomal_protein_S9	AF-A0A835MAT1-F1-model_v4	AF-A0A835MAT1-F1-model_v4 Uncharacterized protein	6.923E-09	1.000	322	2	109	133	10	124	134	115	0.812	0.858
LOKIASV2_3845_ESMFold_30S_ribosomal_protein_S9	AF-A0A7S2YWM0-F1-model_v4	AF-A0A7S2YWM0-F1-model_v4 30S ribosomal protein S9, chloroplastic	8.698E-10	1.000	322	1	133	133	1	140	140	140	1.000	1.000
LOKIASV2_3845_ESMFold_30S_ribosomal_protein_S9	AF-A0A226NY02-F1-model_v4	AF-A0A226NY02-F1-model_v4 Uncharacterized protein	6.711E-10	1.000	322	3	133	133	7	144	144	138	0.985	0.958
LOKIASV2_3845_ESMFold_30S_ribosomal_protein_S9	AF-A0A3G5AP00-F1-model_v4	AF-A0A3G5AP00-F1-model_v4 Ribosomal protein S16	5.525E-10	1.000	322	3	133	133	8	145	145	138	0.985	0.952
LOKIASV2_3845_ESMFold_30S_ribosomal_protein_S9	AF-A0A7J4BB88-F1-model_v4	AF-A0A7J4BB88-F1-model_v4 30S ribosomal protein S9	1.413E-08	1.000	322	2	107	133	23	124	152	106	0.797	0.671
LOKIASV2_3845_ESMFold_30S_ribosomal_protein_S9	AF-A0A7S3CMX7-F1-model_v4	AF-A0A7S3CMX7-F1-model_v4 Hypothetical protein	6.290E-10	1.000	322	1	133	133	24	166	167	143	1.000	0.856
LOKIASV2_3845_ESMFold_30S_ribosomal_protein_S9	AF-A0A6A4SG69-F1-model_v4	AF-A0A6A4SG69-F1-model_v4 Uncharacterized protein	4.549E-10	1.000	322	3	133	133	49	186	186	138	0.985	0.742
LOKIASV2_3845_ESMFold_30S_ribosomal_protein_S9	AF-A0A4S4EIW6-F1-model_v4	AF-A0A4S4EIW6-F1-model_v4 WRKY domain-containing protein	7.640E-10	1.000	322	3	125	133	8	137	356	130	0.925	0.365
LOKIASV2_3845_ESMFold_30S_ribosomal_protein_S9	AF-A0A653D447-F1-model_v4	AF-A0A653D447-F1-model_v4 ATPase protein 9	4.692E-09	1.000	322	3	114	133	9	122	368	114	0.842	0.310
LOKIASV2_3845_ESMFold_30S_ribosomal_protein_S9	AF-A7WQG3-F1-model_v4	AF-A7WQG3-F1-model_v4 40S ribosomal protein S16	5.895E-10	1.000	321	3	133	133	8	145	145	138	0.985	0.952
LOKIASV2_3845_ESMFold_30S_ribosomal_protein_S9	AF-A0A4W6C3V4-F1-model_v4	AF-A0A4W6C3V4-F1-model_v4 Ribosomal protein S16	4.853E-10	1.000	321	3	133	133	29	166	166	138	0.985	0.831
LOKIASV2_3845_ESMFold_30S_ribosomal_protein_S9	AF-A0A6G3LS95-F1-model_v4	AF-A0A6G3LS95-F1-model_v4 30S ribosomal protein S9	7.640E-10	1.000	321	2	133	133	19	167	167	149	0.992	0.892
LOKIASV2_3845_ESMFold_30S_ribosomal_protein_S9	AF-A0A5E4J7R6-F1-model_v4	AF-A0A5E4J7R6-F1-model_v4 30S ribosomal protein S9	1.283E-09	1.000	321	1	133	133	46	177	177	133	1.000	0.746
LOKIASV2_3845_ESMFold_30S_ribosomal_protein_S9	AF-A0A426ZNA0-F1-model_v4	AF-A0A426ZNA0-F1-model_v4 Uncharacterized protein	5.525E-10	1.000	321	3	133	133	44	181	181	138	0.985	0.762
LOKIASV2_3845_ESMFold_30S_ribosomal_protein_S9	AF-A0A4D5RKZ1-F1-model_v4	AF-A0A4D5RKZ1-F1-model_v4 Putative ribosomal protein s16	4.549E-10	1.000	321	1	133	133	71	212	212	142	1.000	0.670
LOKIASV2_3845_ESMFold_30S_ribosomal_protein_S9	AF-A0A4D5RLJ6-F1-model_v4	AF-A0A4D5RLJ6-F1-model_v4 Putative ribosomal protein s16	5.178E-10	1.000	321	3	133	133	106	243	243	138	0.985	0.568
LOKIASV2_3845_ESMFold_30S_ribosomal_protein_S9	AF-A0A061IRV4-F1-model_v4	AF-A0A061IRV4-F1-model_v4 40S ribosomal protein S16	8.152E-10	1.000	321	3	133	133	108	246	246	139	0.985	0.565
LOKIASV2_3845_ESMFold_30S_ribosomal_protein_S9	AF-A0A7J5ZC76-F1-model_v4	AF-A0A7J5ZC76-F1-model_v4 Uncharacterized protein	5.895E-10	1.000	321	3	133	133	98	235	306	138	0.985	0.451
LOKIASV2_3845_ESMFold_30S_ribosomal_protein_S9	AF-A0A819C950-F1-model_v4	AF-A0A819C950-F1-model_v4 Hypothetical protein	2.020E-09	1.000	321	3	121	133	8	133	579	126	0.895	0.218
LOKIASV2_3845_ESMFold_30S_ribosomal_protein_S9	AF-A0A1J4UVH5-F1-model_v4	AF-A0A1J4UVH5-F1-model_v4 30S ribosomal protein S9	1.461E-09	1.000	320	6	133	133	2	129	129	128	0.962	0.992
LOKIASV2_3845_ESMFold_30S_ribosomal_protein_S9	AF-A0A662QT80-F1-model_v4	AF-A0A662QT80-F1-model_v4 30S ribosomal protein S9	1.241E-08	1.000	320	6	105	133	2	98	131	100	0.752	0.740
LOKIASV2_3845_ESMFold_30S_ribosomal_protein_S9	AF-A0A2H9QK09-F1-model_v4	AF-A0A2H9QK09-F1-model_v4 30S ribosomal protein S9	2.794E-09	1.000	320	2	125	133	3	126	134	125	0.932	0.925
LOKIASV2_3845_ESMFold_30S_ribosomal_protein_S9	AF-A0A2K6AV41-F1-model_v4	AF-A0A2K6AV41-F1-model_v4 Uncharacterized protein	9.280E-10	1.000	320	1	133	133	1	140	140	146	1.000	1.000
LOKIASV2_3845_ESMFold_30S_ribosomal_protein_S9	AF-T0L601-F1-model_v4	AF-T0L601-F1-model_v4 Ribosomal protein s16	8.698E-10	1.000	320	1	133	133	1	151	151	151	1.000	1.000
LOKIASV2_3845_ESMFold_30S_ribosomal_protein_S9	AF-K8ESD0-F1-model_v4	AF-K8ESD0-F1-model_v4 30S ribosomal protein S9, chloroplastic	5.895E-10	1.000	320	2	133	133	14	152	152	139	0.992	0.914
LOKIASV2_3845_ESMFold_30S_ribosomal_protein_S9	AF-K4GIG0-F1-model_v4	AF-K4GIG0-F1-model_v4 40S ribosomal protein S16-like protein	5.895E-10	1.000	320	3	133	133	28	165	165	138	0.985	0.836
LOKIASV2_3845_ESMFold_30S_ribosomal_protein_S9	AF-A0A7S3HCQ0-F1-model_v4	AF-A0A7S3HCQ0-F1-model_v4 Hypothetical protein	5.178E-10	1.000	320	3	133	133	30	167	167	138	0.985	0.826
LOKIASV2_3845_ESMFold_30S_ribosomal_protein_S9	AF-A0A371DTE0-F1-model_v4	AF-A0A371DTE0-F1-model_v4 Ribosomal protein S9	6.711E-10	1.000	320	3	133	133	41	178	178	138	0.985	0.775
LOKIASV2_3845_ESMFold_30S_ribosomal_protein_S9	AF-A0A0K0ER30-F1-model_v4	AF-A0A0K0ER30-F1-model_v4 Uncharacterized protein	9.902E-10	1.000	320	2	133	133	46	184	184	139	0.992	0.755
LOKIASV2_3845_ESMFold_30S_ribosomal_protein_S9	AF-A0A2S7PCW3-F1-model_v4	AF-A0A2S7PCW3-F1-model_v4 40S ribosomal S16 protein	8.152E-10	1.000	320	2	133	133	50	211	211	162	0.992	0.768
LOKIASV2_3845_ESMFold_30S_ribosomal_protein_S9	AF-A0A1N6MC73-F1-model_v4	AF-A0A1N6MC73-F1-model_v4 Ribosomal Protein S165	6.290E-10	1.000	319	4	133	133	1	137	137	137	0.977	1.000
LOKIASV2_3845_ESMFold_30S_ribosomal_protein_S9	AF-A0A669C1N2-F1-model_v4	AF-A0A669C1N2-F1-model_v4 Uncharacterized protein	7.161E-10	1.000	319	3	133	133	27	164	164	138	0.985	0.841
LOKIASV2_3845_ESMFold_30S_ribosomal_protein_S9	AF-A0A7S0JS89-F1-model_v4	AF-A0A7S0JS89-F1-model_v4 Hypothetical protein	8.152E-10	1.000	319	3	133	133	28	165	165	138	0.985	0.836
LOKIASV2_3845_ESMFold_30S_ribosomal_protein_S9	AF-A0A0L9TIA8-F1-model_v4	AF-A0A0L9TIA8-F1-model_v4 Uncharacterized protein	5.895E-10	1.000	319	3	133	133	10	176	176	167	0.985	0.949
LOKIASV2_3845_ESMFold_30S_ribosomal_protein_S9	AF-A0A6A6N4I6-F1-model_v4	AF-A0A6A6N4I6-F1-model_v4 Uncharacterized protein	1.203E-09	1.000	319	2	125	133	9	139	178	131	0.932	0.736
LOKIASV2_3845_ESMFold_30S_ribosomal_protein_S9	AF-Q0UJ50-F1-model_v4	AF-Q0UJ50-F1-model_v4 Uncharacterized protein	8.152E-10	1.000	319	3	133	133	56	193	193	138	0.985	0.715
LOKIASV2_3845_ESMFold_30S_ribosomal_protein_S9	AF-A0A7R9G213-F1-model_v4	AF-A0A7R9G213-F1-model_v4 Hypothetical protein	6.711E-10	1.000	319	3	133	133	138	275	275	138	0.985	0.502
LOKIASV2_3845_ESMFold_30S_ribosomal_protein_S9	AF-H0ZBE1-F1-model_v4	AF-H0ZBE1-F1-model_v4 Ribosomal protein S16	6.290E-10	1.000	319	3	133	133	210	347	347	138	0.985	0.398
LOKIASV2_3845_ESMFold_30S_ribosomal_protein_S9	AF-A0A813PGY6-F1-model_v4	AF-A0A813PGY6-F1-model_v4 Hypothetical protein	1.127E-09	1.000	319	1	133	133	391	530	530	140	1.000	0.264
LOKIASV2_3845_ESMFold_30S_ribosomal_protein_S9	AF-A0A1D1YWV9-F1-model_v4	AF-A0A1D1YWV9-F1-model_v4 40S ribosomal protein S16-1	5.895E-10	1.000	318	3	133	133	20	161	161	142	0.985	0.882
LOKIASV2_3845_ESMFold_30S_ribosomal_protein_S9	AF-A0A0C4EJR8-F1-model_v4	AF-A0A0C4EJR8-F1-model_v4 Uncharacterized protein	1.663E-09	1.000	318	3	117	133	6	120	169	115	0.865	0.680
LOKIASV2_3845_ESMFold_30S_ribosomal_protein_S9	AF-A0A444UC78-F1-model_v4	AF-A0A444UC78-F1-model_v4 40S ribosomal protein S16	5.895E-10	1.000	318	3	133	133	42	179	179	138	0.985	0.771
LOKIASV2_3845_ESMFold_30S_ribosomal_protein_S9	AF-A0A843VID1-F1-model_v4	AF-A0A843VID1-F1-model_v4 Uncharacterized protein	7.161E-10	1.000	318	3	133	133	55	192	192	138	0.985	0.719
LOKIASV2_3845_ESMFold_30S_ribosomal_protein_S9	AF-A0A0K8V6Y3-F1-model_v4	AF-A0A0K8V6Y3-F1-model_v4 40S ribosomal protein S16	5.525E-10	1.000	317	3	118	133	11	120	127	116	0.872	0.866
LOKIASV2_3845_ESMFold_30S_ribosomal_protein_S9	AF-A0A674BSM4-F1-model_v4	AF-A0A674BSM4-F1-model_v4 40S ribosomal protein S16-like	7.161E-10	1.000	317	3	133	133	9	146	146	138	0.985	0.945
LOKIASV2_3845_ESMFold_30S_ribosomal_protein_S9	AF-A0A6A7G2R8-F1-model_v4	AF-A0A6A7G2R8-F1-model_v4 Ribosomal protein S9	8.698E-10	1.000	317	3	133	133	22	159	159	138	0.985	0.868
LOKIASV2_3845_ESMFold_30S_ribosomal_protein_S9	AF-A0A5N5JNS3-F1-model_v4	AF-A0A5N5JNS3-F1-model_v4 Uncharacterized protein	8.698E-10	1.000	317	3	130	133	9	143	167	135	0.962	0.808
LOKIASV2_3845_ESMFold_30S_ribosomal_protein_S9	AF-A0A6A6KY62-F1-model_v4	AF-A0A6A6KY62-F1-model_v4 Uncharacterized protein	1.283E-09	1.000	317	3	125	133	10	139	176	130	0.925	0.739
LOKIASV2_3845_ESMFold_30S_ribosomal_protein_S9	AF-A0A842WD69-F1-model_v4	AF-A0A842WD69-F1-model_v4 30S ribosomal protein S9	1.203E-09	1.000	317	2	133	133	48	177	177	132	0.992	0.734
LOKIASV2_3845_ESMFold_30S_ribosomal_protein_S9	AF-F4PZ39-F1-model_v4	AF-F4PZ39-F1-model_v4 40S ribosomal protein S16	4.549E-10	1.000	317	3	133	133	38	178	178	141	0.985	0.792
LOKIASV2_3845_ESMFold_30S_ribosomal_protein_S9	AF-A0A6L2Q4L5-F1-model_v4	AF-A0A6L2Q4L5-F1-model_v4 Uncharacterized protein	7.161E-10	1.000	317	3	133	133	43	180	180	138	0.985	0.767
LOKIASV2_3845_ESMFold_30S_ribosomal_protein_S9	AF-A0A336M9J3-F1-model_v4	AF-A0A336M9J3-F1-model_v4 CSON012366 protein	7.161E-10	1.000	317	3	133	133	68	205	205	138	0.985	0.673
LOKIASV2_3845_ESMFold_30S_ribosomal_protein_S9	AF-A0A426Z709-F1-model_v4	AF-A0A426Z709-F1-model_v4 Uncharacterized protein	8.152E-10	1.000	317	3	133	133	177	314	314	138	0.985	0.439
LOKIASV2_3845_ESMFold_30S_ribosomal_protein_S9	AF-A0A2I3G3B0-F1-model_v4	AF-A0A2I3G3B0-F1-model_v4 Uncharacterized protein	4.692E-09	1.000	316	3	102	133	11	101	112	100	0.752	0.812
LOKIASV2_3845_ESMFold_30S_ribosomal_protein_S9	AF-A0A5J4X9M3-F1-model_v4	AF-A0A5J4X9M3-F1-model_v4 Putative 40S ribosomal protein S16-1	9.280E-10	1.000	316	3	133	133	9	146	146	138	0.985	0.945
LOKIASV2_3845_ESMFold_30S_ribosomal_protein_S9	AF-A0A061R7T7-F1-model_v4	AF-A0A061R7T7-F1-model_v4 30S ribosomal protein S9, chloroplastic	9.902E-10	1.000	316	1	133	133	32	174	174	143	1.000	0.822
LOKIASV2_3845_ESMFold_30S_ribosomal_protein_S9	AF-A0A7S8DMU8-F1-model_v4	AF-A0A7S8DMU8-F1-model_v4 Uncharacterized protein	1.203E-09	1.000	316	3	133	133	52	189	189	138	0.985	0.730
LOKIASV2_3845_ESMFold_30S_ribosomal_protein_S9	AF-C9ZRZ0-F1-model_v4	AF-C9ZRZ0-F1-model_v4 40S ribosomal protein S16, putative	1.775E-09	1.000	316	3	133	133	76	214	214	139	0.985	0.650
LOKIASV2_3845_ESMFold_30S_ribosomal_protein_S9	AF-A0A401P8D2-F1-model_v4	AF-A0A401P8D2-F1-model_v4 Uncharacterized protein	7.640E-10	1.000	316	3	133	133	102	239	239	138	0.985	0.577
LOKIASV2_3845_ESMFold_30S_ribosomal_protein_S9	AF-E3PQX2-F1-model_v4	AF-E3PQX2-F1-model_v4 Ribosomal protein S16	1.283E-09	1.000	315	3	133	133	9	146	146	138	0.985	0.945
LOKIASV2_3845_ESMFold_30S_ribosomal_protein_S9	AF-A0A662YT77-F1-model_v4	AF-A0A662YT77-F1-model_v4 40S ribosomal protein S16	7.640E-10	1.000	315	3	133	133	78	215	215	138	0.985	0.642
LOKIASV2_3845_ESMFold_30S_ribosomal_protein_S9	AF-A0A813EXM8-F1-model_v4	AF-A0A813EXM8-F1-model_v4 Hypothetical protein	1.953E-08	1.000	314	2	79	133	15	92	93	78	0.586	0.839
LOKIASV2_3845_ESMFold_30S_ribosomal_protein_S9	AF-A0A5K0VLR6-F1-model_v4	AF-A0A5K0VLR6-F1-model_v4 Uncharacterized protein	1.893E-09	1.000	314	3	125	133	6	135	136	130	0.925	0.956
LOKIASV2_3845_ESMFold_30S_ribosomal_protein_S9	AF-A0A3N4HXJ0-F1-model_v4	AF-A0A3N4HXJ0-F1-model_v4 Ribosomal protein S9	1.369E-09	1.000	314	3	133	133	7	144	144	138	0.985	0.958
LOKIASV2_3845_ESMFold_30S_ribosomal_protein_S9	AF-A0A818U5U9-F1-model_v4	AF-A0A818U5U9-F1-model_v4 Hypothetical protein	1.127E-09	1.000	314	3	133	133	8	145	145	138	0.985	0.952
LOKIASV2_3845_ESMFold_30S_ribosomal_protein_S9	AF-A0A507C1C3-F1-model_v4	AF-A0A507C1C3-F1-model_v4 Uncharacterized protein	1.127E-09	1.000	314	3	133	133	19	156	156	138	0.985	0.885
LOKIASV2_3845_ESMFold_30S_ribosomal_protein_S9	AF-A0A1V9X122-F1-model_v4	AF-A0A1V9X122-F1-model_v4 40S ribosomal protein S16-like	1.203E-09	1.000	314	3	133	133	45	182	182	138	0.985	0.758
LOKIASV2_3845_ESMFold_30S_ribosomal_protein_S9	AF-A0A7S2EY20-F1-model_v4	AF-A0A7S2EY20-F1-model_v4 Hypothetical protein	1.057E-09	1.000	314	3	133	133	52	189	189	138	0.985	0.730
LOKIASV2_3845_ESMFold_30S_ribosomal_protein_S9	AF-A0A6A5DPX6-F1-model_v4	AF-A0A6A5DPX6-F1-model_v4 Putative ribosomal protein S9	1.057E-09	1.000	314	3	133	133	120	257	257	138	0.985	0.537
LOKIASV2_3845_ESMFold_30S_ribosomal_protein_S9	AF-A0A433PCU9-F1-model_v4	AF-A0A433PCU9-F1-model_v4 Ribosomal protein L13e-domain-containing protein	7.640E-10	1.000	314	5	133	133	231	366	366	136	0.970	0.372
LOKIASV2_3845_ESMFold_30S_ribosomal_protein_S9	AF-A0A1J4UNB4-F1-model_v4	AF-A0A1J4UNB4-F1-model_v4 30S ribosomal protein S9	7.161E-10	1.000	313	5	133	133	11	136	136	129	0.970	0.926
LOKIASV2_3845_ESMFold_30S_ribosomal_protein_S9	AF-Q4DEK4-F1-model_v4	AF-Q4DEK4-F1-model_v4 40S ribosomal protein S16, putative	2.156E-09	1.000	313	2	133	133	10	149	149	140	0.992	0.940
LOKIASV2_3845_ESMFold_30S_ribosomal_protein_S9	AF-V6TN59-F1-model_v4	AF-V6TN59-F1-model_v4 SSU ribosomal protein S9P/S16	1.775E-09	1.000	313	2	133	133	23	158	158	136	0.992	0.861
LOKIASV2_3845_ESMFold_30S_ribosomal_protein_S9	AF-A0A4X2L3Z0-F1-model_v4	AF-A0A4X2L3Z0-F1-model_v4 Uncharacterized protein	9.902E-10	1.000	313	3	133	133	38	175	175	138	0.985	0.789
LOKIASV2_3845_ESMFold_30S_ribosomal_protein_S9	AF-A0A433QE71-F1-model_v4	AF-A0A433QE71-F1-model_v4 40S ribosomal protein S16	9.280E-10	1.000	313	3	133	133	53	190	190	138	0.985	0.726
LOKIASV2_3845_ESMFold_30S_ribosomal_protein_S9	AF-A0A3R7PES6-F1-model_v4	AF-A0A3R7PES6-F1-model_v4 Rps16 protein	1.369E-09	1.000	313	1	133	133	61	200	200	140	1.000	0.700
LOKIASV2_3845_ESMFold_30S_ribosomal_protein_S9	AF-A0A151X9K3-F1-model_v4	AF-A0A151X9K3-F1-model_v4 40S ribosomal protein S16	1.283E-09	1.000	313	3	133	133	74	211	211	138	0.985	0.654
LOKIASV2_3845_ESMFold_30S_ribosomal_protein_S9	AF-A0A7R8VZQ0-F1-model_v4	AF-A0A7R8VZQ0-F1-model_v4 Hypothetical protein	1.203E-09	1.000	312	1	133	133	7	146	146	140	1.000	0.959
LOKIASV2_3845_ESMFold_30S_ribosomal_protein_S9	AF-A0A4X2MA41-F1-model_v4	AF-A0A4X2MA41-F1-model_v4 Uncharacterized protein	1.203E-09	1.000	312	3	133	133	86	223	223	138	0.985	0.619
LOKIASV2_3845_ESMFold_30S_ribosomal_protein_S9	AF-A0A6G1QRM5-F1-model_v4	AF-A0A6G1QRM5-F1-model_v4 40S ribosomal protein S16	1.127E-09	1.000	312	3	133	133	54	191	306	138	0.985	0.451
LOKIASV2_3845_ESMFold_30S_ribosomal_protein_S9	AF-A0A7C2N2I0-F1-model_v4	AF-A0A7C2N2I0-F1-model_v4 30S ribosomal protein S9	1.831E-08	1.000	311	2	103	133	4	103	131	104	0.767	0.763
LOKIASV2_3845_ESMFold_30S_ribosomal_protein_S9	AF-A0A218NLM2-F1-model_v4	AF-A0A218NLM2-F1-model_v4 30S ribosomal protein S9	7.640E-10	1.000	311	2	133	133	24	157	157	137	0.992	0.854
LOKIASV2_3845_ESMFold_30S_ribosomal_protein_S9	AF-G3SNR5-F1-model_v4	AF-G3SNR5-F1-model_v4 Ribosomal protein S16	1.283E-09	1.000	311	3	133	133	24	161	161	138	0.985	0.857
LOKIASV2_3845_ESMFold_30S_ribosomal_protein_S9	AF-A0A315W2Y6-F1-model_v4	AF-A0A315W2Y6-F1-model_v4 Uncharacterized protein	1.283E-09	1.000	311	3	133	133	67	204	212	138	0.985	0.651
LOKIASV2_3845_ESMFold_30S_ribosomal_protein_S9	AF-A0A832EZS6-F1-model_v4	AF-A0A832EZS6-F1-model_v4 30S ribosomal protein S9	1.663E-09	1.000	310	4	133	133	2	133	133	133	0.977	0.992
LOKIASV2_3845_ESMFold_30S_ribosomal_protein_S9	AF-U7Q2J7-F1-model_v4	AF-U7Q2J7-F1-model_v4 40S ribosomal protein S16	2.618E-09	1.000	310	2	133	133	3	141	141	139	0.992	0.986
LOKIASV2_3845_ESMFold_30S_ribosomal_protein_S9	AF-E3TDR3-F1-model_v4	AF-E3TDR3-F1-model_v4 40S ribosomal protein S16	1.461E-09	1.000	310	3	133	133	12	149	149	138	0.985	0.926
LOKIASV2_3845_ESMFold_30S_ribosomal_protein_S9	AF-A0A1B6FDN7-F1-model_v4	AF-A0A1B6FDN7-F1-model_v4 Uncharacterized protein	1.461E-09	1.000	310	3	133	133	38	175	175	138	0.985	0.789
LOKIASV2_3845_ESMFold_30S_ribosomal_protein_S9	AF-A0A5E4JKB3-F1-model_v4	AF-A0A5E4JKB3-F1-model_v4 30S ribosomal protein S9	3.621E-09	1.000	310	2	133	133	45	178	178	134	0.992	0.753
LOKIASV2_3845_ESMFold_30S_ribosomal_protein_S9	AF-A0A4U5VPS1-F1-model_v4	AF-A0A4U5VPS1-F1-model_v4 40S ribosomal protein S16	1.283E-09	1.000	310	3	133	133	58	195	195	138	0.985	0.708
LOKIASV2_3845_ESMFold_30S_ribosomal_protein_S9	AF-H3B6Y8-F1-model_v4	AF-H3B6Y8-F1-model_v4 Uncharacterized protein	1.283E-09	1.000	310	3	133	133	65	202	202	138	0.985	0.683
LOKIASV2_3845_ESMFold_30S_ribosomal_protein_S9	AF-A0A804NIZ2-F1-model_v4	AF-A0A804NIZ2-F1-model_v4 Uncharacterized protein	9.280E-10	1.000	309	3	105	133	12	115	122	104	0.774	0.852
LOKIASV2_3845_ESMFold_30S_ribosomal_protein_S9	AF-A0A2I0Q6L9-F1-model_v4	AF-A0A2I0Q6L9-F1-model_v4 30S ribosomal protein S9	1.608E-08	1.000	309	2	105	133	49	154	185	107	0.782	0.573
LOKIASV2_3845_ESMFold_30S_ribosomal_protein_S9	AF-W6UR14-F1-model_v4	AF-W6UR14-F1-model_v4 40S ribosomal protein S16	2.618E-09	1.000	309	2	133	133	446	584	584	139	0.992	0.238
LOKIASV2_3845_ESMFold_30S_ribosomal_protein_S9	AF-L2GSD7-F1-model_v4	AF-L2GSD7-F1-model_v4 Uncharacterized protein	5.700E-09	1.000	308	1	133	133	1	142	142	142	1.000	1.000
LOKIASV2_3845_ESMFold_30S_ribosomal_protein_S9	AF-V6U3B4-F1-model_v4	AF-V6U3B4-F1-model_v4 SSU ribosomal protein S9P/S16	2.156E-09	1.000	308	3	133	133	47	181	181	135	0.985	0.746
LOKIASV2_3845_ESMFold_30S_ribosomal_protein_S9	AF-A0A640KP52-F1-model_v4	AF-A0A640KP52-F1-model_v4 40S ribosomal protein S16, putative	2.618E-09	1.000	308	3	133	133	83	221	221	139	0.985	0.629
LOKIASV2_3845_ESMFold_30S_ribosomal_protein_S9	AF-A0A2A4AWB1-F1-model_v4	AF-A0A2A4AWB1-F1-model_v4 30S ribosomal protein S9	2.794E-09	1.000	307	1	125	133	1	132	136	132	0.940	0.971
LOKIASV2_3845_ESMFold_30S_ribosomal_protein_S9	AF-A0A7S4GCI4-F1-model_v4	AF-A0A7S4GCI4-F1-model_v4 Hypothetical protein	2.618E-09	1.000	307	3	133	133	12	149	149	138	0.985	0.926
LOKIASV2_3845_ESMFold_30S_ribosomal_protein_S9	AF-A0A2G8L849-F1-model_v4	AF-A0A2G8L849-F1-model_v4 40S ribosomal protein S16	4.549E-10	1.000	307	3	133	133	17	150	168	134	0.985	0.798
LOKIASV2_3845_ESMFold_30S_ribosomal_protein_S9	AF-I7MHZ7-F1-model_v4	AF-I7MHZ7-F1-model_v4 Ribosomal protein S9	2.981E-09	1.000	307	3	133	133	90	227	227	138	0.985	0.608
LOKIASV2_3845_ESMFold_30S_ribosomal_protein_S9	AF-A0A654LUS3-F1-model_v4	AF-A0A654LUS3-F1-model_v4 30S ribosomal protein S9	9.902E-10	1.000	306	1	133	133	2	147	147	147	1.000	0.993
LOKIASV2_3845_ESMFold_30S_ribosomal_protein_S9	AF-A0A2P6W5X0-F1-model_v4	AF-A0A2P6W5X0-F1-model_v4 30S ribosomal protein S9	3.180E-09	1.000	306	7	133	133	24	151	151	129	0.955	0.848
LOKIASV2_3845_ESMFold_30S_ribosomal_protein_S9	AF-A0A836JZV2-F1-model_v4	AF-A0A836JZV2-F1-model_v4 RS16 protein	2.020E-09	1.000	306	3	133	133	37	174	174	138	0.985	0.793
LOKIASV2_3845_ESMFold_30S_ribosomal_protein_S9	AF-A0A0D2FYQ2-F1-model_v4	AF-A0A0D2FYQ2-F1-model_v4 Unplaced genomic scaffold supercont1.11, whole genome shotgun sequence	2.020E-09	1.000	305	3	133	133	6	167	167	162	0.985	0.970
LOKIASV2_3845_ESMFold_30S_ribosomal_protein_S9	AF-A0A7J4RDL2-F1-model_v4	AF-A0A7J4RDL2-F1-model_v4 30S ribosomal protein S9	1.716E-08	1.000	304	2	77	133	6	82	82	77	0.571	0.939
LOKIASV2_3845_ESMFold_30S_ribosomal_protein_S9	AF-A0A2K5PT84-F1-model_v4	AF-A0A2K5PT84-F1-model_v4 Uncharacterized protein	9.257E-08	1.000	304	1	82	133	7	88	89	82	0.617	0.921
LOKIASV2_3845_ESMFold_30S_ribosomal_protein_S9	AF-A0A7N5KDA5-F1-model_v4	AF-A0A7N5KDA5-F1-model_v4 Uncharacterized protein	1.507E-08	1.000	304	1	93	133	7	96	96	93	0.699	0.938
LOKIASV2_3845_ESMFold_30S_ribosomal_protein_S9	AF-A0A226P3D7-F1-model_v4	AF-A0A226P3D7-F1-model_v4 Uncharacterized protein	4.841E-08	1.000	304	1	77	133	19	95	99	77	0.579	0.778
LOKIASV2_3845_ESMFold_30S_ribosomal_protein_S9	AF-A0A7S1ARE5-F1-model_v4	AF-A0A7S1ARE5-F1-model_v4 Hypothetical protein	1.369E-09	1.000	304	3	133	133	30	167	167	138	0.985	0.826
LOKIASV2_3845_ESMFold_30S_ribosomal_protein_S9	AF-A0A507ECZ9-F1-model_v4	AF-A0A507ECZ9-F1-model_v4 Uncharacterized protein	1.775E-09	1.000	304	1	133	133	50	189	189	140	1.000	0.741
LOKIASV2_3845_ESMFold_30S_ribosomal_protein_S9	AF-A0A7U3D094-F1-model_v4	AF-A0A7U3D094-F1-model_v4 30S ribosomal protein S9	5.007E-09	1.000	303	2	133	133	44	177	177	134	0.992	0.757
LOKIASV2_3845_ESMFold_30S_ribosomal_protein_S9	AF-A0A1J4MD17-F1-model_v4	AF-A0A1J4MD17-F1-model_v4 40s ribosomal protein S16	3.180E-09	1.000	303	3	130	133	7	141	225	135	0.962	0.600
LOKIASV2_3845_ESMFold_30S_ribosomal_protein_S9	AF-A0A835Y8T5-F1-model_v4	AF-A0A835Y8T5-F1-model_v4 Uncharacterized protein	3.501E-08	1.000	303	3	101	133	280	376	404	100	0.744	0.240
LOKIASV2_3845_ESMFold_30S_ribosomal_protein_S9	AF-A0A238BVI1-F1-model_v4	AF-A0A238BVI1-F1-model_v4 Uncharacterized protein	2.020E-09	1.000	303	3	133	133	427	584	584	158	0.985	0.271
LOKIASV2_3845_ESMFold_30S_ribosomal_protein_S9	AF-S9RGU9-F1-model_v4	AF-S9RGU9-F1-model_v4 Ribosomal protein subunit S9	2.224E-08	1.000	302	1	103	133	5	104	132	104	0.774	0.758
LOKIASV2_3845_ESMFold_30S_ribosomal_protein_S9	AF-J3NAZ6-F1-model_v4	AF-J3NAZ6-F1-model_v4 Exostosin domain-containing protein	1.663E-09	1.000	302	7	133	133	351	484	484	134	0.955	0.277
LOKIASV2_3845_ESMFold_30S_ribosomal_protein_S9	AF-G7DSL9-F1-model_v4	AF-G7DSL9-F1-model_v4 NUFIP1 domain-containing protein	1.461E-09	1.000	302	2	118	133	679	809	1230	132	0.880	0.107
LOKIASV2_3845_ESMFold_30S_ribosomal_protein_S9	AF-A0A034VAR4-F1-model_v4	AF-A0A034VAR4-F1-model_v4 40S ribosomal protein S16	6.082E-09	1.000	301	3	108	133	11	107	112	106	0.797	0.866
LOKIASV2_3845_ESMFold_30S_ribosomal_protein_S9	AF-A0A5B7FAC1-F1-model_v4	AF-A0A5B7FAC1-F1-model_v4 40S ribosomal protein S16	3.180E-09	1.000	301	2	133	133	16	154	154	139	0.992	0.903
LOKIASV2_3845_ESMFold_30S_ribosomal_protein_S9	AF-A0A3E2GR90-F1-model_v4	AF-A0A3E2GR90-F1-model_v4 GAT domain-containing protein	5.700E-09	1.000	301	3	114	133	6	130	687	128	0.842	0.182
LOKIASV2_3845_ESMFold_30S_ribosomal_protein_S9	AF-A0A7C6DRV2-F1-model_v4	AF-A0A7C6DRV2-F1-model_v4 30S ribosomal protein S9	4.252E-08	1.000	300	4	103	133	2	99	127	102	0.752	0.772
LOKIASV2_3845_ESMFold_30S_ribosomal_protein_S9	AF-A0A1B6HGK5-F1-model_v4	AF-A0A1B6HGK5-F1-model_v4 Uncharacterized protein	8.131E-08	1.000	300	4	104	133	2	111	131	111	0.759	0.840
LOKIASV2_3845_ESMFold_30S_ribosomal_protein_S9	AF-A0A1U8Q019-F1-model_v4	AF-A0A1U8Q019-F1-model_v4 40S ribosomal protein S16-like	8.676E-08	1.000	299	2	77	133	14	89	90	76	0.571	0.844
LOKIASV2_3845_ESMFold_30S_ribosomal_protein_S9	AF-A0A533W1C5-F1-model_v4	AF-A0A533W1C5-F1-model_v4 30S ribosomal protein S9	9.877E-08	1.000	299	2	78	133	5	80	112	77	0.579	0.679
LOKIASV2_3845_ESMFold_30S_ribosomal_protein_S9	AF-A0A0N4T8B0-F1-model_v4	AF-A0A0N4T8B0-F1-model_v4 Uncharacterized protein	2.373E-08	1.000	299	2	78	133	47	126	132	80	0.579	0.606
LOKIASV2_3845_ESMFold_30S_ribosomal_protein_S9	AF-A0A7R9PS45-F1-model_v4	AF-A0A7R9PS45-F1-model_v4 Hypothetical protein	3.180E-09	1.000	299	3	133	133	46	183	183	138	0.985	0.754
LOKIASV2_3845_ESMFold_30S_ribosomal_protein_S9	AF-L9LEX7-F1-model_v4	AF-L9LEX7-F1-model_v4 40S ribosomal protein S16	3.621E-09	1.000	299	3	133	133	152	289	289	138	0.985	0.478
LOKIASV2_3845_ESMFold_30S_ribosomal_protein_S9	AF-A0A6J0YT80-F1-model_v4	AF-A0A6J0YT80-F1-model_v4 WD repeat-containing protein 93 isoform X8	3.393E-09	1.000	299	3	133	133	217	354	354	138	0.985	0.390
LOKIASV2_3845_ESMFold_30S_ribosomal_protein_S9	AF-A0A7J4LZE2-F1-model_v4	AF-A0A7J4LZE2-F1-model_v4 30S ribosomal protein S9	7.882E-09	1.000	298	2	133	133	47	180	180	134	0.992	0.744
LOKIASV2_3845_ESMFold_30S_ribosomal_protein_S9	AF-S9V518-F1-model_v4	AF-S9V518-F1-model_v4 Small subunit ribosomal protein S16e	6.923E-09	1.000	297	3	133	133	32	170	170	139	0.985	0.818
LOKIASV2_3845_ESMFold_30S_ribosomal_protein_S9	AF-A0A553HVG7-F1-model_v4	AF-A0A553HVG7-F1-model_v4 Uncharacterized protein	3.180E-09	1.000	297	2	133	133	61	200	200	140	0.992	0.700
LOKIASV2_3845_ESMFold_30S_ribosomal_protein_S9	AF-A0A5C5FTT9-F1-model_v4	AF-A0A5C5FTT9-F1-model_v4 Ribosomal protein S9	2.532E-08	1.000	296	3	105	133	6	124	144	119	0.774	0.826
LOKIASV2_3845_ESMFold_30S_ribosomal_protein_S9	AF-A0A0E9NBV7-F1-model_v4	AF-A0A0E9NBV7-F1-model_v4 Uncharacterized protein	9.257E-08	1.000	296	2	93	133	3	93	226	92	0.692	0.403
LOKIASV2_3845_ESMFold_30S_ribosomal_protein_S9	AF-A0A0L6WT95-F1-model_v4	AF-A0A0L6WT95-F1-model_v4 40S ribosomal protein S16	1.953E-08	1.000	296	2	107	133	5	116	809	113	0.797	0.138
LOKIASV2_3845_ESMFold_30S_ribosomal_protein_S9	AF-A0A183E4P5-F1-model_v4	AF-A0A183E4P5-F1-model_v4 Uncharacterized protein	8.676E-08	1.000	295	2	76	133	5	79	109	75	0.564	0.688
LOKIASV2_3845_ESMFold_30S_ribosomal_protein_S9	AF-A0A0M3ID33-F1-model_v4	AF-A0A0M3ID33-F1-model_v4 Uncharacterized protein	4.122E-09	1.000	295	3	96	133	8	123	125	116	0.707	0.928
LOKIASV2_3845_ESMFold_30S_ribosomal_protein_S9	AF-Q875V9-F1-model_v4	AF-Q875V9-F1-model_v4 RPS16	3.621E-09	1.000	295	6	133	133	1	135	135	135	0.962	1.000
LOKIASV2_3845_ESMFold_30S_ribosomal_protein_S9	AF-A0A2I3GH99-F1-model_v4	AF-A0A2I3GH99-F1-model_v4 Uncharacterized protein	6.923E-09	1.000	295	3	132	133	11	147	159	143	0.977	0.862
LOKIASV2_3845_ESMFold_30S_ribosomal_protein_S9	AF-A0A6B2FZ91-F1-model_v4	AF-A0A6B2FZ91-F1-model_v4 40S ribosomal protein S16 (Trinotate prediction)	1.775E-09	1.000	295	3	133	133	24	161	161	138	0.985	0.857
LOKIASV2_3845_ESMFold_30S_ribosomal_protein_S9	AF-A0A7R9EWA4-F1-model_v4	AF-A0A7R9EWA4-F1-model_v4 Hypothetical protein	5.007E-09	1.000	295	3	133	133	89	226	226	138	0.985	0.611
LOKIASV2_3845_ESMFold_30S_ribosomal_protein_S9	AF-A0A5E4J2N8-F1-model_v4	AF-A0A5E4J2N8-F1-model_v4 30S ribosomal protein S9	7.882E-09	1.000	294	3	133	133	12	139	139	131	0.985	0.921
LOKIASV2_3845_ESMFold_30S_ribosomal_protein_S9	AF-A0A2R9CP67-F1-model_v4	AF-A0A2R9CP67-F1-model_v4 Uncharacterized protein	6.489E-09	1.000	294	3	133	133	32	169	169	144	0.985	0.817
LOKIASV2_3845_ESMFold_30S_ribosomal_protein_S9	AF-T1H575-F1-model_v4	AF-T1H575-F1-model_v4 Uncharacterized protein	1.555E-07	1.000	291	13	92	133	42	121	121	80	0.602	0.661
LOKIASV2_3845_ESMFold_30S_ribosomal_protein_S9	AF-X6M9L7-F1-model_v4	AF-X6M9L7-F1-model_v4 Ribosomal protein S16, component of cytosolic 80S ribosome and 40S small subunit	1.022E-08	1.000	291	2	93	133	41	128	129	92	0.692	0.682
LOKIASV2_3845_ESMFold_30S_ribosomal_protein_S9	AF-A0A060D7A1-F1-model_v4	AF-A0A060D7A1-F1-model_v4 40S ribosomal protein S16	8.410E-09	1.000	290	2	133	133	1	139	139	144	0.992	1.000
LOKIASV2_3845_ESMFold_30S_ribosomal_protein_S9	AF-A0A183FZB5-F1-model_v4	AF-A0A183FZB5-F1-model_v4 Uncharacterized protein	2.454E-09	1.000	290	3	133	133	347	529	529	183	0.985	0.346
LOKIASV2_3845_ESMFold_30S_ribosomal_protein_S9	AF-I3EK37-F1-model_v4	AF-I3EK37-F1-model_v4 30S ribosomal protein S9	6.082E-09	1.000	289	1	133	133	28	170	170	144	1.000	0.841
LOKIASV2_3845_ESMFold_30S_ribosomal_protein_S9	AF-H2KSD5-F1-model_v4	AF-H2KSD5-F1-model_v4 Small subunit ribosomal protein S16e	4.122E-09	1.000	289	7	133	133	52	185	185	134	0.955	0.724
LOKIASV2_3845_ESMFold_30S_ribosomal_protein_S9	AF-A0A4Y2VW53-F1-model_v4	AF-A0A4Y2VW53-F1-model_v4 40S ribosomal protein S16	1.659E-07	1.000	288	3	75	133	11	83	84	73	0.549	0.869
LOKIASV2_3845_ESMFold_30S_ribosomal_protein_S9	AF-A0A3B9KM30-F1-model_v4	AF-A0A3B9KM30-F1-model_v4 30S ribosomal protein S9	6.694E-08	1.000	288	2	95	133	3	94	95	95	0.707	0.968
LOKIASV2_3845_ESMFold_30S_ribosomal_protein_S9	AF-A0A4Q5NM68-F1-model_v4	AF-A0A4Q5NM68-F1-model_v4 30S ribosomal protein S9	9.257E-08	1.000	288	3	103	133	4	100	128	102	0.759	0.758
LOKIASV2_3845_ESMFold_30S_ribosomal_protein_S9	AF-A0A7J0GUA5-F1-model_v4	AF-A0A7J0GUA5-F1-model_v4 Ribosomal protein S5 domain 2-like superfamily protein	3.393E-09	1.000	288	3	129	133	12	128	160	127	0.955	0.731
LOKIASV2_3845_ESMFold_30S_ribosomal_protein_S9	AF-A0A0G0BJK9-F1-model_v4	AF-A0A0G0BJK9-F1-model_v4 30S ribosomal protein S9	3.501E-08	1.000	288	2	103	133	55	155	183	106	0.767	0.552
LOKIASV2_3845_ESMFold_30S_ribosomal_protein_S9	AF-K1VR18-F1-model_v4	AF-K1VR18-F1-model_v4 Uncharacterized protein	1.090E-08	1.000	288	1	133	133	1	193	193	193	1.000	1.000
LOKIASV2_3845_ESMFold_30S_ribosomal_protein_S9	AF-A0A0G1A941-F1-model_v4	AF-A0A0G1A941-F1-model_v4 30S ribosomal protein S9	8.131E-08	1.000	287	2	102	133	50	148	177	103	0.759	0.559
LOKIASV2_3845_ESMFold_30S_ribosomal_protein_S9	AF-D2EFG2-F1-model_v4	AF-D2EFG2-F1-model_v4 Ribosomal protein S9	1.457E-07	1.000	286	2	107	133	3	105	131	106	0.797	0.786
LOKIASV2_3845_ESMFold_30S_ribosomal_protein_S9	AF-A0A835X9L2-F1-model_v4	AF-A0A835X9L2-F1-model_v4 30S ribosomal protein S9	1.163E-08	1.000	286	1	133	133	1	146	146	147	1.000	1.000
LOKIASV2_3845_ESMFold_30S_ribosomal_protein_S9	AF-A0A1Q7NR50-F1-model_v4	AF-A0A1Q7NR50-F1-model_v4 30S ribosomal protein S9	5.007E-09	1.000	286	1	133	133	2	147	147	149	1.000	0.993
LOKIASV2_3845_ESMFold_30S_ribosomal_protein_S9	AF-A0A4Q3XCM4-F1-model_v4	AF-A0A4Q3XCM4-F1-model_v4 30S ribosomal protein S9	6.694E-08	1.000	285	2	96	133	3	93	94	96	0.714	0.968
LOKIASV2_3845_ESMFold_30S_ribosomal_protein_S9	AF-A0A2H1EEM4-F1-model_v4	AF-A0A2H1EEM4-F1-model_v4 30S ribosomal protein S9	6.923E-09	1.000	284	1	133	133	2	147	147	149	1.000	0.993
LOKIASV2_3845_ESMFold_30S_ribosomal_protein_S9	AF-A0A3Q0GE58-F1-model_v4	AF-A0A3Q0GE58-F1-model_v4 40S ribosomal protein S16	5.700E-09	1.000	283	7	133	133	31	164	164	134	0.955	0.817
LOKIASV2_3845_ESMFold_30S_ribosomal_protein_S9	AF-A0A2P4SAP2-F1-model_v4	AF-A0A2P4SAP2-F1-model_v4 Uncharacterized protein	1.555E-07	1.000	282	1	75	133	7	81	82	75	0.564	0.915
LOKIASV2_3845_ESMFold_30S_ribosomal_protein_S9	AF-A0A2H9QEU1-F1-model_v4	AF-A0A2H9QEU1-F1-model_v4 30S ribosomal protein S9	3.735E-08	1.000	282	6	133	133	2	128	128	128	0.962	0.992
LOKIASV2_3845_ESMFold_30S_ribosomal_protein_S9	AF-A0A3A5VFW4-F1-model_v4	AF-A0A3A5VFW4-F1-model_v4 30S ribosomal protein S9	1.022E-08	1.000	282	7	133	133	2	134	134	133	0.955	0.993
LOKIASV2_3845_ESMFold_30S_ribosomal_protein_S9	AF-A0A2J8SDK5-F1-model_v4	AF-A0A2J8SDK5-F1-model_v4 RPS16 isoform 3	5.685E-07	1.000	282	3	82	133	9	88	152	80	0.602	0.526
LOKIASV2_3845_ESMFold_30S_ribosomal_protein_S9	AF-A0A109FDF9-F1-model_v4	AF-A0A109FDF9-F1-model_v4 Uncharacterized protein	5.700E-09	1.000	282	3	131	133	6	150	186	145	0.970	0.780
LOKIASV2_3845_ESMFold_30S_ribosomal_protein_S9	AF-A0A7C3X8A4-F1-model_v4	AF-A0A7C3X8A4-F1-model_v4 30S ribosomal protein S9	6.923E-09	1.000	280	1	133	133	6	136	136	137	1.000	0.963
LOKIASV2_3845_ESMFold_30S_ribosomal_protein_S9	AF-A0A2E3KG62-F1-model_v4	AF-A0A2E3KG62-F1-model_v4 30S ribosomal protein S9	9.574E-09	1.000	280	3	133	133	4	148	148	146	0.985	0.980
LOKIASV2_3845_ESMFold_30S_ribosomal_protein_S9	AF-A0A7J3WWA4-F1-model_v4	AF-A0A7J3WWA4-F1-model_v4 30S ribosomal protein S9	1.163E-08	1.000	279	5	133	133	3	128	128	129	0.970	0.984
LOKIASV2_3845_ESMFold_30S_ribosomal_protein_S9	AF-A0A3D8P551-F1-model_v4	AF-A0A3D8P551-F1-model_v4 30S ribosomal protein S9	1.457E-07	1.000	279	2	103	133	4	103	131	104	0.767	0.763
LOKIASV2_3845_ESMFold_30S_ribosomal_protein_S9	AF-M7C7G0-F1-model_v4	AF-M7C7G0-F1-model_v4 40S ribosomal protein S16	6.923E-09	1.000	279	2	133	133	233	370	370	139	0.992	0.373
LOKIASV2_3845_ESMFold_30S_ribosomal_protein_S9	AF-A0A843CNX8-F1-model_v4	AF-A0A843CNX8-F1-model_v4 Ribosomal protein	5.880E-08	1.000	278	2	104	133	4	115	117	113	0.774	0.957
LOKIASV2_3845_ESMFold_30S_ribosomal_protein_S9	AF-A0A660WUR6-F1-model_v4	AF-A0A660WUR6-F1-model_v4 30S ribosomal protein S9	1.659E-07	1.000	277	2	103	133	4	103	131	104	0.767	0.763
LOKIASV2_3845_ESMFold_30S_ribosomal_protein_S9	AF-A0A059F4S4-F1-model_v4	AF-A0A059F4S4-F1-model_v4 Uncharacterized protein	3.985E-08	1.000	277	2	133	133	1	140	140	140	0.992	1.000
LOKIASV2_3845_ESMFold_30S_ribosomal_protein_S9	AF-L8WXJ4-F1-model_v4	AF-L8WXJ4-F1-model_v4 Ribosomal s9/S16 domain-containing protein	3.501E-08	1.000	277	5	125	133	63	190	196	128	0.910	0.653
LOKIASV2_3845_ESMFold_30S_ribosomal_protein_S9	AF-A0A1V5XV55-F1-model_v4	AF-A0A1V5XV55-F1-model_v4 30S ribosomal protein S9	1.555E-07	1.000	277	2	102	133	72	170	199	103	0.759	0.497
LOKIASV2_3845_ESMFold_30S_ribosomal_protein_S9	AF-A0A142EG30-F1-model_v4	AF-A0A142EG30-F1-model_v4 40s ribosomal protein s16	3.385E-07	1.000	276	10	104	133	2	103	120	102	0.714	0.850
LOKIASV2_3845_ESMFold_30S_ribosomal_protein_S9	AF-A0A3D6BLR4-F1-model_v4	AF-A0A3D6BLR4-F1-model_v4 30S ribosomal protein S9	1.659E-07	1.000	276	2	102	133	9	107	128	103	0.759	0.773
LOKIASV2_3845_ESMFold_30S_ribosomal_protein_S9	AF-A0A3M0WUG8-F1-model_v4	AF-A0A3M0WUG8-F1-model_v4 30S ribosomal protein S9	1.770E-07	1.000	276	2	102	133	4	102	131	103	0.759	0.756
LOKIASV2_3845_ESMFold_30S_ribosomal_protein_S9	AF-A0A150GHI7-F1-model_v4	AF-A0A150GHI7-F1-model_v4 30S ribosomal protein S9, chloroplastic	1.241E-08	1.000	276	8	133	133	2	134	134	133	0.947	0.993
LOKIASV2_3845_ESMFold_30S_ribosomal_protein_S9	AF-A0A836WQH7-F1-model_v4	AF-A0A836WQH7-F1-model_v4 30S ribosomal protein S9	1.507E-08	1.000	276	2	133	133	5	149	149	146	0.992	0.973
LOKIASV2_3845_ESMFold_30S_ribosomal_protein_S9	AF-A0A2E6XVC6-F1-model_v4	AF-A0A2E6XVC6-F1-model_v4 30S ribosomal protein S9	2.973E-07	1.000	276	4	102	133	39	135	164	100	0.744	0.591
LOKIASV2_3845_ESMFold_30S_ribosomal_protein_S9	AF-A0A2R6TAQ7-F1-model_v4	AF-A0A2R6TAQ7-F1-model_v4 30S ribosomal protein S9	1.608E-08	1.000	275	6	133	133	2	143	143	142	0.962	0.993
LOKIASV2_3845_ESMFold_30S_ribosomal_protein_S9	AF-A0A7C4JGW1-F1-model_v4	AF-A0A7C4JGW1-F1-model_v4 30S ribosomal protein S9	4.111E-07	1.000	274	2	73	133	6	77	77	72	0.541	0.935
LOKIASV2_3845_ESMFold_30S_ribosomal_protein_S9	AF-A0A2N6B9Z4-F1-model_v4	AF-A0A2N6B9Z4-F1-model_v4 30S ribosomal protein S9	1.022E-08	1.000	274	1	125	133	1	122	130	127	0.940	0.938
LOKIASV2_3845_ESMFold_30S_ribosomal_protein_S9	AF-A0A3M6ZSR0-F1-model_v4	AF-A0A3M6ZSR0-F1-model_v4 Uncharacterized protein	2.224E-08	1.000	274	3	133	133	6	194	194	189	0.985	0.974
LOKIASV2_3845_ESMFold_30S_ribosomal_protein_S9	AF-A0A812NWY0-F1-model_v4	AF-A0A812NWY0-F1-model_v4 RpsI protein	2.787E-07	1.000	273	3	103	133	92	188	216	101	0.759	0.449
LOKIASV2_3845_ESMFold_30S_ribosomal_protein_S9	AF-A0A0A1WL36-F1-model_v4	AF-A0A0A1WL36-F1-model_v4 40S ribosomal protein S16	1.953E-08	1.000	272	7	133	133	3	136	136	134	0.955	0.985
LOKIASV2_3845_ESMFold_30S_ribosomal_protein_S9	AF-A0A811ZVL1-F1-model_v4	AF-A0A811ZVL1-F1-model_v4 (raccoon dog) hypothetical protein	1.953E-08	1.000	272	2	133	133	47	191	191	145	0.992	0.759
LOKIASV2_3845_ESMFold_30S_ribosomal_protein_S9	AF-A0A1G1YRP3-F1-model_v4	AF-A0A1G1YRP3-F1-model_v4 30S ribosomal protein S9	3.172E-07	1.000	271	2	103	133	4	103	131	104	0.767	0.763
LOKIASV2_3845_ESMFold_30S_ribosomal_protein_S9	AF-A0A7X5JDJ9-F1-model_v4	AF-A0A7X5JDJ9-F1-model_v4 30S ribosomal protein S9	2.612E-07	1.000	271	1	102	133	4	103	132	104	0.767	0.758
LOKIASV2_3845_ESMFold_30S_ribosomal_protein_S9	AF-A0A6A0GWW8-F1-model_v4	AF-A0A6A0GWW8-F1-model_v4 Uncharacterized protein	2.084E-08	1.000	271	7	133	133	2	135	135	134	0.955	0.993
LOKIASV2_3845_ESMFold_30S_ribosomal_protein_S9	AF-A0A1G1YXM9-F1-model_v4	AF-A0A1G1YXM9-F1-model_v4 30S ribosomal protein S9	5.685E-07	1.000	271	1	103	133	9	111	139	105	0.774	0.741
LOKIASV2_3845_ESMFold_30S_ribosomal_protein_S9	AF-A0A7X9E6Y2-F1-model_v4	AF-A0A7X9E6Y2-F1-model_v4 30S ribosomal protein S9	2.787E-07	1.000	271	2	102	133	31	131	160	103	0.759	0.631
LOKIASV2_3845_ESMFold_30S_ribosomal_protein_S9	AF-A0A2N3NLJ1-F1-model_v4	AF-A0A2N3NLJ1-F1-model_v4 Uncharacterized protein	4.841E-08	1.000	271	3	133	133	37	177	177	141	0.985	0.797
LOKIASV2_3845_ESMFold_30S_ribosomal_protein_S9	AF-A0A7V3LF11-F1-model_v4	AF-A0A7V3LF11-F1-model_v4 30S ribosomal protein S9	2.787E-07	1.000	270	2	103	133	12	112	140	105	0.767	0.721
LOKIASV2_3845_ESMFold_30S_ribosomal_protein_S9	AF-A0A1G2HG43-F1-model_v4	AF-A0A1G2HG43-F1-model_v4 30S ribosomal protein S9	3.385E-07	1.000	270	2	103	133	20	119	147	104	0.767	0.680
LOKIASV2_3845_ESMFold_30S_ribosomal_protein_S9	AF-A0A7J7H8D4-F1-model_v4	AF-A0A7J7H8D4-F1-model_v4 Uncharacterized protein	6.066E-07	1.000	270	2	82	133	416	496	761	81	0.609	0.106
LOKIASV2_3845_ESMFold_30S_ribosomal_protein_S9	AF-A0A196S8N1-F1-model_v4	AF-A0A196S8N1-F1-model_v4 40S ribosomal protein S16	1.770E-07	1.000	269	2	75	133	8	89	90	82	0.556	0.911
LOKIASV2_3845_ESMFold_30S_ribosomal_protein_S9	AF-A0A356KMC0-F1-model_v4	AF-A0A356KMC0-F1-model_v4 30S ribosomal protein S9	4.994E-07	1.000	269	2	103	133	4	104	111	104	0.767	0.910
LOKIASV2_3845_ESMFold_30S_ribosomal_protein_S9	AF-A0A6G1BK53-F1-model_v4	AF-A0A6G1BK53-F1-model_v4 Uncharacterized protein	9.257E-08	1.000	269	5	105	133	153	251	598	105	0.759	0.166
LOKIASV2_3845_ESMFold_30S_ribosomal_protein_S9	AF-A0A2K5H770-F1-model_v4	AF-A0A2K5H770-F1-model_v4 Uncharacterized protein	5.328E-07	1.000	268	2	101	133	1	100	124	100	0.752	0.806
LOKIASV2_3845_ESMFold_30S_ribosomal_protein_S9	AF-A0A2K5H726-F1-model_v4	AF-A0A2K5H726-F1-model_v4 Uncharacterized protein	4.841E-08	1.000	268	2	133	133	1	139	139	139	0.992	1.000
LOKIASV2_3845_ESMFold_30S_ribosomal_protein_S9	AF-A0A1G1W7W7-F1-model_v4	AF-A0A1G1W7W7-F1-model_v4 30S ribosomal protein S9	2.294E-07	1.000	268	1	103	133	27	127	156	105	0.774	0.647
LOKIASV2_3845_ESMFold_30S_ribosomal_protein_S9	AF-A0A2H0BRQ3-F1-model_v4	AF-A0A2H0BRQ3-F1-model_v4 30S ribosomal protein S9	3.611E-07	1.000	268	2	102	133	52	150	179	103	0.759	0.553
LOKIASV2_3845_ESMFold_30S_ribosomal_protein_S9	AF-A0A3A0FDY9-F1-model_v4	AF-A0A3A0FDY9-F1-model_v4 30S ribosomal protein S9	3.853E-07	1.000	268	3	102	133	54	151	180	102	0.752	0.544
LOKIASV2_3845_ESMFold_30S_ribosomal_protein_S9	AF-A0A7C3S5J5-F1-model_v4	AF-A0A7C3S5J5-F1-model_v4 30S ribosomal protein S9	2.787E-07	1.000	268	3	103	133	77	175	203	103	0.759	0.488
LOKIASV2_3845_ESMFold_30S_ribosomal_protein_S9	AF-A0A847Z306-F1-model_v4	AF-A0A847Z306-F1-model_v4 30S ribosomal protein S9	4.994E-07	1.000	267	1	103	133	19	119	147	105	0.774	0.687
LOKIASV2_3845_ESMFold_30S_ribosomal_protein_S9	AF-A0A843BKJ8-F1-model_v4	AF-A0A843BKJ8-F1-model_v4 30S ribosomal protein S9	2.373E-08	1.000	267	1	133	133	2	147	147	147	1.000	0.993
LOKIASV2_3845_ESMFold_30S_ribosomal_protein_S9	AF-A0A0G1MSB9-F1-model_v4	AF-A0A0G1MSB9-F1-model_v4 30S ribosomal protein S9	2.787E-07	1.000	267	1	103	133	23	123	151	105	0.774	0.669
LOKIASV2_3845_ESMFold_30S_ribosomal_protein_S9	AF-A0A1G2ZGM4-F1-model_v4	AF-A0A1G2ZGM4-F1-model_v4 30S ribosomal protein S9	2.787E-07	1.000	266	5	103	133	2	98	126	101	0.744	0.770
LOKIASV2_3845_ESMFold_30S_ribosomal_protein_S9	AF-A0A3G3LKY9-F1-model_v4	AF-A0A3G3LKY9-F1-model_v4 30S ribosomal protein S9, chloroplastic	2.787E-07	1.000	266	2	102	133	4	103	132	104	0.759	0.758
LOKIASV2_3845_ESMFold_30S_ribosomal_protein_S9	AF-A0A2K6B965-F1-model_v4	AF-A0A2K6B965-F1-model_v4 Uncharacterized protein	7.621E-08	1.000	266	3	133	133	28	165	165	138	0.985	0.836
LOKIASV2_3845_ESMFold_30S_ribosomal_protein_S9	AF-A0A1I9KQL6-F1-model_v4	AF-A0A1I9KQL6-F1-model_v4 Ribosomal protein S9	9.257E-08	1.000	265	2	103	133	6	105	133	106	0.767	0.752
LOKIASV2_3845_ESMFold_30S_ribosomal_protein_S9	AF-A0A2M6WBB4-F1-model_v4	AF-A0A2M6WBB4-F1-model_v4 30S ribosomal protein S9	6.066E-07	1.000	265	2	103	133	47	146	174	104	0.767	0.575
LOKIASV2_3845_ESMFold_30S_ribosomal_protein_S9	AF-M3HW35-F1-model_v4	AF-M3HW35-F1-model_v4 30S ribosomal protein S9	2.150E-07	1.000	264	2	88	133	5	91	105	91	0.654	0.829
LOKIASV2_3845_ESMFold_30S_ribosomal_protein_S9	AF-A0A554IE99-F1-model_v4	AF-A0A554IE99-F1-model_v4 30S ribosomal protein S9	8.950E-07	1.000	264	3	103	133	15	114	116	103	0.759	0.862
LOKIASV2_3845_ESMFold_30S_ribosomal_protein_S9	AF-A0A0G0C959-F1-model_v4	AF-A0A0G0C959-F1-model_v4 30S ribosomal protein S9	4.387E-07	1.000	264	1	102	133	8	107	136	104	0.767	0.735
LOKIASV2_3845_ESMFold_30S_ribosomal_protein_S9	AF-A0A1G0IS11-F1-model_v4	AF-A0A1G0IS11-F1-model_v4 30S ribosomal protein S9	2.612E-07	1.000	264	1	93	133	9	100	148	95	0.699	0.622
LOKIASV2_3845_ESMFold_30S_ribosomal_protein_S9	AF-A0A350G3V1-F1-model_v4	AF-A0A350G3V1-F1-model_v4 30S ribosomal protein S9	6.472E-07	1.000	263	2	103	133	3	102	130	103	0.767	0.769
LOKIASV2_3845_ESMFold_30S_ribosomal_protein_S9	AF-A0A2M7FEY6-F1-model_v4	AF-A0A2M7FEY6-F1-model_v4 30S ribosomal protein S9	3.385E-07	1.000	263	2	102	133	7	105	134	103	0.759	0.739
LOKIASV2_3845_ESMFold_30S_ribosomal_protein_S9	AF-A0A1V6FMD1-F1-model_v4	AF-A0A1V6FMD1-F1-model_v4 30S ribosomal protein S9	4.680E-07	1.000	263	2	103	133	11	110	138	104	0.767	0.725
LOKIASV2_3845_ESMFold_30S_ribosomal_protein_S9	AF-A0A1A8ZX53-F1-model_v4	AF-A0A1A8ZX53-F1-model_v4 40S ribosomal protein S16, putative	1.507E-08	1.000	263	10	133	133	34	164	164	131	0.932	0.799
LOKIASV2_3845_ESMFold_30S_ribosomal_protein_S9	AF-A0A7V3PBD3-F1-model_v4	AF-A0A7V3PBD3-F1-model_v4 30S ribosomal protein S9	3.853E-07	1.000	263	1	103	133	84	184	212	106	0.774	0.476
LOKIASV2_3845_ESMFold_30S_ribosomal_protein_S9	AF-A0A7K4BTH0-F1-model_v4	AF-A0A7K4BTH0-F1-model_v4 30S ribosomal protein S9	3.385E-07	1.000	262	1	70	133	1	69	69	70	0.526	1.000
LOKIASV2_3845_ESMFold_30S_ribosomal_protein_S9	AF-A0A7S7LUZ1-F1-model_v4	AF-A0A7S7LUZ1-F1-model_v4 30S ribosomal protein S9	2.532E-08	1.000	262	1	125	133	1	121	129	127	0.940	0.938
LOKIASV2_3845_ESMFold_30S_ribosomal_protein_S9	AF-A0A7C3XH27-F1-model_v4	AF-A0A7C3XH27-F1-model_v4 30S ribosomal protein S9	6.472E-07	1.000	262	2	103	133	42	141	169	104	0.767	0.592
LOKIASV2_3845_ESMFold_30S_ribosomal_protein_S9	AF-A0A0G1KMV8-F1-model_v4	AF-A0A0G1KMV8-F1-model_v4 30S ribosomal protein S9	8.388E-07	1.000	261	1	103	133	1	103	131	105	0.774	0.786
LOKIASV2_3845_ESMFold_30S_ribosomal_protein_S9	AF-A0A3D1KKB1-F1-model_v4	AF-A0A3D1KKB1-F1-model_v4 30S ribosomal protein S9	6.472E-07	1.000	261	2	103	133	9	108	136	104	0.767	0.735
LOKIASV2_3845_ESMFold_30S_ribosomal_protein_S9	AF-A0A2M6WMC1-F1-model_v4	AF-A0A2M6WMC1-F1-model_v4 30S ribosomal protein S9	5.685E-07	1.000	261	1	103	133	12	112	140	105	0.774	0.721
LOKIASV2_3845_ESMFold_30S_ribosomal_protein_S9	AF-A0A176VMS0-F1-model_v4	AF-A0A176VMS0-F1-model_v4 Uncharacterized protein	1.022E-08	1.000	261	4	133	133	34	173	173	140	0.977	0.809
LOKIASV2_3845_ESMFold_30S_ribosomal_protein_S9	AF-A0A2D6D510-F1-model_v4	AF-A0A2D6D510-F1-model_v4 30S ribosomal protein S9	4.994E-07	1.000	261	2	102	133	52	150	179	103	0.759	0.553
LOKIASV2_3845_ESMFold_30S_ribosomal_protein_S9	AF-A8ER06-F1-model_v4	AF-A8ER06-F1-model_v4 30S ribosomal protein S9	4.252E-08	1.000	260	1	125	133	1	121	129	127	0.940	0.938
LOKIASV2_3845_ESMFold_30S_ribosomal_protein_S9	AF-Q8JG15-F1-model_v4	AF-Q8JG15-F1-model_v4 Ribosomal protein S16	4.841E-08	1.000	260	8	133	133	2	134	134	133	0.947	0.993
LOKIASV2_3845_ESMFold_30S_ribosomal_protein_S9	AF-A0A7V3ATX7-F1-model_v4	AF-A0A7V3ATX7-F1-model_v4 50S ribosomal protein L13	7.368E-07	1.000	260	2	101	133	123	220	230	102	0.752	0.426
LOKIASV2_3845_ESMFold_30S_ribosomal_protein_S9	AF-A0A151NWV5-F1-model_v4	AF-A0A151NWV5-F1-model_v4 28S ribosomal protein S9, mitochondrial	5.328E-07	1.000	260	3	109	133	249	354	368	109	0.805	0.288
LOKIASV2_3845_ESMFold_30S_ribosomal_protein_S9	AF-A0A366MMY7-F1-model_v4	AF-A0A366MMY7-F1-model_v4 30S ribosomal protein S9	4.252E-08	1.000	259	1	125	133	1	121	129	127	0.940	0.938
LOKIASV2_3845_ESMFold_30S_ribosomal_protein_S9	AF-A0A847XLD4-F1-model_v4	AF-A0A847XLD4-F1-model_v4 30S ribosomal protein S9	9.549E-07	1.000	259	1	102	133	2	101	130	104	0.767	0.769
LOKIASV2_3845_ESMFold_30S_ribosomal_protein_S9	AF-A0A1F4XI95-F1-model_v4	AF-A0A1F4XI95-F1-model_v4 30S ribosomal protein S9	1.087E-06	1.000	259	2	103	133	6	105	133	104	0.767	0.752
LOKIASV2_3845_ESMFold_30S_ribosomal_protein_S9	AF-A0A554K4B8-F1-model_v4	AF-A0A554K4B8-F1-model_v4 30S ribosomal protein S9	6.906E-07	1.000	259	2	103	133	36	135	163	104	0.767	0.613
LOKIASV2_3845_ESMFold_30S_ribosomal_protein_S9	AF-A0A0G1TUL9-F1-model_v4	AF-A0A0G1TUL9-F1-model_v4 30S ribosomal protein S9	1.366E-07	1.000	259	2	106	133	56	154	183	107	0.789	0.541
LOKIASV2_3845_ESMFold_30S_ribosomal_protein_S9	AF-A0A292PLW9-F1-model_v4	AF-A0A292PLW9-F1-model_v4 Uncharacterized protein	2.224E-08	1.000	259	13	132	133	37	163	227	127	0.902	0.559
LOKIASV2_3845_ESMFold_30S_ribosomal_protein_S9	AF-A0A1B0BN18-F1-model_v4	AF-A0A1B0BN18-F1-model_v4 Uncharacterized protein	8.388E-07	1.000	258	3	72	133	9	78	80	70	0.526	0.875
LOKIASV2_3845_ESMFold_30S_ribosomal_protein_S9	AF-X1F133-F1-model_v4	AF-X1F133-F1-model_v4 Uncharacterized protein	4.537E-08	1.000	258	21	133	133	3	115	115	113	0.850	0.983
LOKIASV2_3845_ESMFold_30S_ribosomal_protein_S9	AF-A0A7S6PV87-F1-model_v4	AF-A0A7S6PV87-F1-model_v4 Ribosomal protein S9	1.238E-06	1.000	258	3	102	133	7	104	133	102	0.752	0.737
LOKIASV2_3845_ESMFold_30S_ribosomal_protein_S9	AF-A0A2N6KJX7-F1-model_v4	AF-A0A2N6KJX7-F1-model_v4 30S ribosomal protein S9	2.150E-07	1.000	258	3	102	133	12	109	138	104	0.752	0.710
LOKIASV2_3845_ESMFold_30S_ribosomal_protein_S9	AF-A0A350Y927-F1-model_v4	AF-A0A350Y927-F1-model_v4 30S ribosomal protein S9	1.770E-07	1.000	258	2	102	133	11	109	138	105	0.759	0.717
LOKIASV2_3845_ESMFold_30S_ribosomal_protein_S9	AF-A0A2I3MKN9-F1-model_v4	AF-A0A2I3MKN9-F1-model_v4 Uncharacterized protein	4.537E-08	1.000	258	5	131	133	10	142	143	133	0.955	0.930
LOKIASV2_3845_ESMFold_30S_ribosomal_protein_S9	AF-A0A2M7V0J7-F1-model_v4	AF-A0A2M7V0J7-F1-model_v4 30S ribosomal protein S9	5.685E-07	1.000	258	2	102	133	19	117	146	103	0.759	0.678
LOKIASV2_3845_ESMFold_30S_ribosomal_protein_S9	AF-A0A358X4E4-F1-model_v4	AF-A0A358X4E4-F1-model_v4 30S ribosomal protein S9	1.087E-06	1.000	258	3	102	133	63	160	189	102	0.752	0.519
LOKIASV2_3845_ESMFold_30S_ribosomal_protein_S9	AF-A0A1Y0I4A4-F1-model_v4	AF-A0A1Y0I4A4-F1-model_v4 30S ribosomal protein S9	3.611E-07	1.000	258	4	102	133	193	289	318	101	0.744	0.305
LOKIASV2_3845_ESMFold_30S_ribosomal_protein_S9	AF-A0A1S3JTY8-F1-model_v4	AF-A0A1S3JTY8-F1-model_v4 28S ribosomal protein S9, mitochondrial	5.685E-07	1.000	258	3	103	133	283	382	410	103	0.759	0.244
LOKIASV2_3845_ESMFold_30S_ribosomal_protein_S9	AF-A0A1F8TT01-F1-model_v4	AF-A0A1F8TT01-F1-model_v4 30S ribosomal protein S9	1.160E-06	1.000	257	2	103	133	4	103	107	103	0.767	0.935
LOKIASV2_3845_ESMFold_30S_ribosomal_protein_S9	AF-A0A1F7VAM2-F1-model_v4	AF-A0A1F7VAM2-F1-model_v4 30S ribosomal protein S9	1.238E-06	1.000	257	2	102	133	6	104	133	103	0.759	0.744
LOKIASV2_3845_ESMFold_30S_ribosomal_protein_S9	AF-A0A351IS19-F1-model_v4	AF-A0A351IS19-F1-model_v4 30S ribosomal protein S9	8.388E-07	1.000	257	2	103	133	40	139	167	104	0.767	0.599
LOKIASV2_3845_ESMFold_30S_ribosomal_protein_S9	AF-A0A292SQ14-F1-model_v4	AF-A0A292SQ14-F1-model_v4 30S ribosomal protein S9	9.549E-07	1.000	256	2	85	133	5	88	88	86	0.632	0.955
LOKIASV2_3845_ESMFold_30S_ribosomal_protein_S9	AF-A0A1W6EH93-F1-model_v4	AF-A0A1W6EH93-F1-model_v4 30S ribosomal protein S9, chloroplastic	3.385E-07	1.000	256	1	102	133	5	104	133	106	0.767	0.752
LOKIASV2_3845_ESMFold_30S_ribosomal_protein_S9	AF-A0A2V7UP34-F1-model_v4	AF-A0A2V7UP34-F1-model_v4 30S ribosomal protein S9	1.087E-06	1.000	255	3	103	133	7	105	111	103	0.759	0.892
LOKIASV2_3845_ESMFold_30S_ribosomal_protein_S9	AF-A0A3B1DYE3-F1-model_v4	AF-A0A3B1DYE3-F1-model_v4 SSU ribosomal protein S9p (S16e)	3.281E-08	1.000	255	1	125	133	1	121	129	127	0.940	0.938
LOKIASV2_3845_ESMFold_30S_ribosomal_protein_S9	AF-A0A097KKZ8-F1-model_v4	AF-A0A097KKZ8-F1-model_v4 30S ribosomal protein S9, chloroplastic	1.280E-07	1.000	255	1	102	133	1	101	130	108	0.767	0.777
LOKIASV2_3845_ESMFold_30S_ribosomal_protein_S9	AF-A0A2H5UZV0-F1-model_v4	AF-A0A2H5UZV0-F1-model_v4 30S ribosomal protein S9	6.694E-08	1.000	255	5	133	133	6	131	131	129	0.970	0.962
LOKIASV2_3845_ESMFold_30S_ribosomal_protein_S9	AF-A0A5C6NEA8-F1-model_v4	AF-A0A5C6NEA8-F1-model_v4 40S ribosomal protein S16	8.131E-08	1.000	255	7	133	133	3	136	136	134	0.955	0.985
LOKIASV2_3845_ESMFold_30S_ribosomal_protein_S9	AF-E0CQ91-F1-model_v4	AF-E0CQ91-F1-model_v4 Uncharacterized protein	1.280E-07	1.000	255	3	118	133	7	116	157	120	0.872	0.701
LOKIASV2_3845_ESMFold_30S_ribosomal_protein_S9	AF-A0A830HCC7-F1-model_v4	AF-A0A830HCC7-F1-model_v4 Uncharacterized protein	2.787E-07	1.000	255	3	103	133	35	133	161	105	0.759	0.615
LOKIASV2_3845_ESMFold_30S_ribosomal_protein_S9	AF-A0A1Y2HNP2-F1-model_v4	AF-A0A1Y2HNP2-F1-model_v4 Ribosomal protein S5 domain 2-type protein	1.604E-06	1.000	255	3	93	133	178	266	292	91	0.684	0.305
LOKIASV2_3845_ESMFold_30S_ribosomal_protein_S9	AF-A0A813A057-F1-model_v4	AF-A0A813A057-F1-model_v4 RpsI protein	3.172E-07	1.000	255	3	101	133	322	418	440	102	0.744	0.220
LOKIASV2_3845_ESMFold_30S_ribosomal_protein_S9	AF-A0A2K3E2Q3-F1-model_v4	AF-A0A2K3E2Q3-F1-model_v4 30S ribosomal protein S9, chloroplastic	4.680E-07	1.000	255	3	89	133	312	398	446	90	0.654	0.195
LOKIASV2_3845_ESMFold_30S_ribosomal_protein_S9	AF-A0A182GLF5-F1-model_v4	AF-A0A182GLF5-F1-model_v4 Chitin-binding type-2 domain-containing protein	5.165E-08	1.000	255	10	133	133	545	675	675	131	0.932	0.194
LOKIASV2_3845_ESMFold_30S_ribosomal_protein_S9	AF-A0A1F5QA64-F1-model_v4	AF-A0A1F5QA64-F1-model_v4 30S ribosomal protein S9	8.950E-07	1.000	254	1	102	133	21	120	149	104	0.767	0.671
LOKIASV2_3845_ESMFold_30S_ribosomal_protein_S9	AF-A0A0G1HFS0-F1-model_v4	AF-A0A0G1HFS0-F1-model_v4 30S ribosomal protein S9	1.409E-06	1.000	254	2	103	133	24	123	151	104	0.767	0.662
LOKIASV2_3845_ESMFold_30S_ribosomal_protein_S9	AF-A8I3Z2-F1-model_v4	AF-A8I3Z2-F1-model_v4 30S ribosomal protein S9, chloroplastic	4.994E-07	1.000	254	3	87	133	208	292	342	88	0.639	0.249
LOKIASV2_3845_ESMFold_30S_ribosomal_protein_S9	AF-A0A2N6G3V4-F1-model_v4	AF-A0A2N6G3V4-F1-model_v4 30S ribosomal protein S9	5.511E-08	1.000	253	1	133	133	1	129	129	135	1.000	1.000
LOKIASV2_3845_ESMFold_30S_ribosomal_protein_S9	AF-A0A2G8JUJ0-F1-model_v4	AF-A0A2G8JUJ0-F1-model_v4 Putative 28S ribosomal protein S9, mitochondrial isoform X1	6.906E-07	1.000	253	3	101	133	245	342	344	101	0.744	0.285
LOKIASV2_3845_ESMFold_30S_ribosomal_protein_S9	AF-A0A158R7P8-F1-model_v4	AF-A0A158R7P8-F1-model_v4 Uncharacterized protein	5.880E-08	1.000	253	11	133	133	232	361	361	130	0.925	0.360
LOKIASV2_3845_ESMFold_30S_ribosomal_protein_S9	AF-A0A670IZU9-F1-model_v4	AF-A0A670IZU9-F1-model_v4 Uncharacterized protein	6.906E-07	1.000	253	3	108	133	255	360	420	108	0.797	0.252
LOKIASV2_3845_ESMFold_30S_ribosomal_protein_S9	AF-G1T8K1-F1-model_v4	AF-G1T8K1-F1-model_v4 Mitochondrial ribosomal protein S9	4.680E-07	1.000	253	3	109	133	269	374	496	109	0.805	0.214
LOKIASV2_3845_ESMFold_30S_ribosomal_protein_S9	AF-M0R1M5-F1-model_v4	AF-M0R1M5-F1-model_v4 40S ribosomal protein S16	2.694E-06	1.000	252	13	91	133	2	80	85	79	0.594	0.929
LOKIASV2_3845_ESMFold_30S_ribosomal_protein_S9	AF-A0A7Y5BKX3-F1-model_v4	AF-A0A7Y5BKX3-F1-model_v4 30S ribosomal protein S9	5.685E-07	1.000	252	2	91	133	6	95	97	94	0.677	0.928
LOKIASV2_3845_ESMFold_30S_ribosomal_protein_S9	AF-Q3ZJ40-F1-model_v4	AF-Q3ZJ40-F1-model_v4 30S ribosomal protein S9, chloroplastic	2.294E-07	1.000	252	3	102	133	15	112	141	105	0.752	0.695
LOKIASV2_3845_ESMFold_30S_ribosomal_protein_S9	AF-A0A355ULV9-F1-model_v4	AF-A0A355ULV9-F1-model_v4 30S ribosomal protein S9	1.160E-06	1.000	252	2	103	133	15	114	142	104	0.767	0.704
LOKIASV2_3845_ESMFold_30S_ribosomal_protein_S9	AF-A0A554MNZ7-F1-model_v4	AF-A0A554MNZ7-F1-model_v4 30S ribosomal protein S9	1.019E-06	1.000	252	1	103	133	22	122	150	105	0.774	0.673
LOKIASV2_3845_ESMFold_30S_ribosomal_protein_S9	AF-A0A3D8SWM1-F1-model_v4	AF-A0A3D8SWM1-F1-model_v4 Uncharacterized protein	3.281E-08	1.000	252	13	133	133	76	203	203	128	0.910	0.631
LOKIASV2_3845_ESMFold_30S_ribosomal_protein_S9	AF-A0A0G1BJ14-F1-model_v4	AF-A0A0G1BJ14-F1-model_v4 30S ribosomal protein S9	1.160E-06	1.000	252	2	103	133	103	202	230	104	0.767	0.435
LOKIASV2_3845_ESMFold_30S_ribosomal_protein_S9	AF-A0A4W6D703-F1-model_v4	AF-A0A4W6D703-F1-model_v4 Mitochondrial ribosomal protein S9	6.906E-07	1.000	252	3	101	133	258	356	397	101	0.744	0.249
LOKIASV2_3845_ESMFold_30S_ribosomal_protein_S9	AF-Q78IX0-F1-model_v4	AF-Q78IX0-F1-model_v4 Mrps9 protein	9.549E-07	1.000	251	1	101	133	1	101	130	103	0.759	0.777
LOKIASV2_3845_ESMFold_30S_ribosomal_protein_S9	AF-A0A7C5RGZ8-F1-model_v4	AF-A0A7C5RGZ8-F1-model_v4 30S ribosomal protein S9	6.472E-07	1.000	251	3	103	133	6	106	134	106	0.759	0.754
LOKIASV2_3845_ESMFold_30S_ribosomal_protein_S9	AF-A0A1G2B173-F1-model_v4	AF-A0A1G2B173-F1-model_v4 30S ribosomal protein S9	2.079E-06	1.000	251	2	103	133	16	115	143	104	0.767	0.699
LOKIASV2_3845_ESMFold_30S_ribosomal_protein_S9	AF-A0A1V5TW88-F1-model_v4	AF-A0A1V5TW88-F1-model_v4 30S ribosomal protein S9	1.826E-06	1.000	251	3	103	133	24	122	150	103	0.759	0.660
LOKIASV2_3845_ESMFold_30S_ribosomal_protein_S9	AF-A0A358KMW2-F1-model_v4	AF-A0A358KMW2-F1-model_v4 30S ribosomal protein S9	3.172E-07	1.000	251	2	111	133	46	151	173	112	0.827	0.613
LOKIASV2_3845_ESMFold_30S_ribosomal_protein_S9	AF-B9F5W8-F1-model_v4	AF-B9F5W8-F1-model_v4 Uncharacterized protein	3.385E-07	1.000	251	4	102	133	53	149	178	103	0.744	0.545
LOKIASV2_3845_ESMFold_30S_ribosomal_protein_S9	AF-A0A4S4M491-F1-model_v4	AF-A0A4S4M491-F1-model_v4 Uncharacterized protein	5.511E-08	1.000	251	9	133	133	52	183	183	132	0.940	0.721
LOKIASV2_3845_ESMFold_30S_ribosomal_protein_S9	AF-A0A553NAM0-F1-model_v4	AF-A0A553NAM0-F1-model_v4 Uncharacterized protein	8.950E-07	1.000	251	3	96	133	290	383	432	96	0.707	0.218
LOKIASV2_3845_ESMFold_30S_ribosomal_protein_S9	AF-A0A2M7J8J5-F1-model_v4	AF-A0A2M7J8J5-F1-model_v4 30S ribosomal protein S9	4.252E-08	1.000	250	1	133	133	1	129	129	135	1.000	1.000
LOKIASV2_3845_ESMFold_30S_ribosomal_protein_S9	AF-A0A420ZAC1-F1-model_v4	AF-A0A420ZAC1-F1-model_v4 30S ribosomal protein S9	9.549E-07	1.000	250	2	102	133	3	101	131	103	0.759	0.756
LOKIASV2_3845_ESMFold_30S_ribosomal_protein_S9	AF-A0A3M7DNE4-F1-model_v4	AF-A0A3M7DNE4-F1-model_v4 Uncharacterized protein	1.457E-07	1.000	250	3	132	133	6	204	204	199	0.977	0.975
LOKIASV2_3845_ESMFold_30S_ribosomal_protein_S9	AF-A0A2M8G7B1-F1-model_v4	AF-A0A2M8G7B1-F1-model_v4 30S ribosomal protein S9	4.680E-07	1.000	250	1	103	133	111	211	239	108	0.774	0.423
LOKIASV2_3845_ESMFold_30S_ribosomal_protein_S9	AF-A0A6B9VNI7-F1-model_v4	AF-A0A6B9VNI7-F1-model_v4 30S ribosomal protein S9, chloroplastic	5.328E-07	1.000	249	2	102	133	5	103	132	105	0.759	0.750
LOKIASV2_3845_ESMFold_30S_ribosomal_protein_S9	AF-A0A7W0WA04-F1-model_v4	AF-A0A7W0WA04-F1-model_v4 30S ribosomal protein S9	6.472E-07	1.000	249	2	102	133	8	106	135	105	0.759	0.733
LOKIASV2_3845_ESMFold_30S_ribosomal_protein_S9	AF-A0A822ZQR6-F1-model_v4	AF-A0A822ZQR6-F1-model_v4 Uncharacterized protein	2.973E-07	1.000	249	2	133	133	14	152	152	139	0.992	0.914
LOKIASV2_3845_ESMFold_30S_ribosomal_protein_S9	AF-A0A6L5C5V5-F1-model_v4	AF-A0A6L5C5V5-F1-model_v4 Uncharacterized protein	5.511E-08	1.000	249	2	133	133	136	263	263	134	0.992	0.487
LOKIASV2_3845_ESMFold_30S_ribosomal_protein_S9	AF-A0A388K0D8-F1-model_v4	AF-A0A388K0D8-F1-model_v4 Uncharacterized protein	7.862E-07	1.000	249	2	103	133	142	241	269	106	0.767	0.372
LOKIASV2_3845_ESMFold_30S_ribosomal_protein_S9	AF-A0A7S9DEF1-F1-model_v4	AF-A0A7S9DEF1-F1-model_v4 30S ribosomal protein S9, chloroplastic	3.385E-07	1.000	249	3	102	133	222	319	348	105	0.752	0.282
LOKIASV2_3845_ESMFold_30S_ribosomal_protein_S9	AF-A0A3Q2FMD9-F1-model_v4	AF-A0A3Q2FMD9-F1-model_v4 Mitochondrial ribosomal protein S9	2.079E-06	1.000	249	3	103	133	233	332	360	103	0.759	0.278
LOKIASV2_3845_ESMFold_30S_ribosomal_protein_S9	AF-A0A6P8Y211-F1-model_v4	AF-A0A6P8Y211-F1-model_v4 28S ribosomal protein S9, mitochondrial	1.826E-06	1.000	249	3	103	133	253	352	380	103	0.759	0.263
LOKIASV2_3845_ESMFold_30S_ribosomal_protein_S9	AF-A0A2P1UDL2-F1-model_v4	AF-A0A2P1UDL2-F1-model_v4 30S ribosomal protein S9	4.680E-07	1.000	248	3	102	133	11	108	137	104	0.752	0.715
LOKIASV2_3845_ESMFold_30S_ribosomal_protein_S9	AF-A0A667IF62-F1-model_v4	AF-A0A667IF62-F1-model_v4 Ribosomal protein S16	5.511E-08	1.000	248	13	133	133	43	170	170	128	0.910	0.753
LOKIASV2_3845_ESMFold_30S_ribosomal_protein_S9	AF-A0A812M8S1-F1-model_v4	AF-A0A812M8S1-F1-model_v4 RpsI protein	1.087E-06	1.000	248	3	101	133	506	602	632	101	0.744	0.153
LOKIASV2_3845_ESMFold_30S_ribosomal_protein_S9	AF-A0A4Y8L6N9-F1-model_v4	AF-A0A4Y8L6N9-F1-model_v4 30S ribosomal protein S9	1.608E-08	1.000	247	1	133	133	1	128	128	140	1.000	1.000
LOKIASV2_3845_ESMFold_30S_ribosomal_protein_S9	AF-A0A7C0YYN4-F1-model_v4	AF-A0A7C0YYN4-F1-model_v4 30S ribosomal protein S9	1.409E-06	1.000	247	1	102	133	1	100	129	104	0.767	0.775
LOKIASV2_3845_ESMFold_30S_ribosomal_protein_S9	AF-A0A522BLG4-F1-model_v4	AF-A0A522BLG4-F1-model_v4 30S ribosomal protein S9	8.131E-08	1.000	247	1	125	133	1	121	129	127	0.940	0.938
LOKIASV2_3845_ESMFold_30S_ribosomal_protein_S9	AF-A0A327JBS4-F1-model_v4	AF-A0A327JBS4-F1-model_v4 30S ribosomal protein S9	5.511E-08	1.000	247	3	133	133	4	130	130	141	0.985	0.977
LOKIASV2_3845_ESMFold_30S_ribosomal_protein_S9	AF-A0A7V3VCI4-F1-model_v4	AF-A0A7V3VCI4-F1-model_v4 30S ribosomal protein S9	1.280E-07	1.000	247	2	133	133	6	135	135	135	0.992	0.963
LOKIASV2_3845_ESMFold_30S_ribosomal_protein_S9	AF-Q8DMK7-F1-model_v4	AF-Q8DMK7-F1-model_v4 30S ribosomal protein S9	6.472E-07	1.000	247	2	102	133	10	108	137	105	0.759	0.723
LOKIASV2_3845_ESMFold_30S_ribosomal_protein_S9	AF-A0A1Z4FPX9-F1-model_v4	AF-A0A1Z4FPX9-F1-model_v4 30S ribosomal protein S9	5.328E-07	1.000	247	2	102	133	12	110	139	105	0.759	0.712
LOKIASV2_3845_ESMFold_30S_ribosomal_protein_S9	AF-A0A2H0T7T7-F1-model_v4	AF-A0A2H0T7T7-F1-model_v4 30S ribosomal protein S9	1.409E-06	1.000	247	3	102	133	65	162	191	102	0.752	0.513
LOKIASV2_3845_ESMFold_30S_ribosomal_protein_S9	AF-A0A6P6S1J6-F1-model_v4	AF-A0A6P6S1J6-F1-model_v4 uncharacterized protein LOC113147479	1.238E-06	1.000	247	3	88	133	169	254	295	88	0.647	0.292
LOKIASV2_3845_ESMFold_30S_ribosomal_protein_S9	AF-A0A2N4XW76-F1-model_v4	AF-A0A2N4XW76-F1-model_v4 30S ribosomal protein S9	2.525E-06	1.000	246	2	90	133	5	93	100	91	0.669	0.890
LOKIASV2_3845_ESMFold_30S_ribosomal_protein_S9	AF-M4ZSR4-F1-model_v4	AF-M4ZSR4-F1-model_v4 30S ribosomal protein S9	7.621E-08	1.000	246	4	133	133	2	125	125	130	0.977	0.992
LOKIASV2_3845_ESMFold_30S_ribosomal_protein_S9	AF-A0A6G4ZRM3-F1-model_v4	AF-A0A6G4ZRM3-F1-model_v4 30S ribosomal protein S9	9.549E-07	1.000	246	1	102	133	1	100	129	104	0.767	0.775
LOKIASV2_3845_ESMFold_30S_ribosomal_protein_S9	AF-A0A1G1YJX2-F1-model_v4	AF-A0A1G1YJX2-F1-model_v4 30S ribosomal protein S9	2.367E-06	1.000	246	2	102	133	18	116	145	103	0.759	0.683
LOKIASV2_3845_ESMFold_30S_ribosomal_protein_S9	AF-A0A315WAV1-F1-model_v4	AF-A0A315WAV1-F1-model_v4 Uncharacterized protein	2.694E-06	1.000	246	3	102	133	383	481	510	102	0.752	0.194
LOKIASV2_3845_ESMFold_30S_ribosomal_protein_S9	AF-A0A328ID49-F1-model_v4	AF-A0A328ID49-F1-model_v4 30S ribosomal protein S9	1.019E-06	1.000	245	3	88	133	12	97	102	90	0.647	0.843
LOKIASV2_3845_ESMFold_30S_ribosomal_protein_S9	AF-A0A523VES0-F1-model_v4	AF-A0A523VES0-F1-model_v4 30S ribosomal protein S9	1.826E-06	1.000	245	2	102	133	15	113	142	103	0.759	0.697
LOKIASV2_3845_ESMFold_30S_ribosomal_protein_S9	AF-A0A7C5UG70-F1-model_v4	AF-A0A7C5UG70-F1-model_v4 30S ribosomal protein S9	1.604E-06	1.000	245	3	102	133	24	121	150	102	0.752	0.653
LOKIASV2_3845_ESMFold_30S_ribosomal_protein_S9	AF-A0A1V6IXG6-F1-model_v4	AF-A0A1V6IXG6-F1-model_v4 30S ribosomal protein S9	2.079E-06	1.000	245	1	102	133	36	135	164	104	0.767	0.610
LOKIASV2_3845_ESMFold_30S_ribosomal_protein_S9	AF-A0A0G0YTN2-F1-model_v4	AF-A0A0G0YTN2-F1-model_v4 30S ribosomal protein S9	2.875E-06	1.000	245	2	102	133	60	158	187	103	0.759	0.529
LOKIASV2_3845_ESMFold_30S_ribosomal_protein_S9	AF-A0A832M474-F1-model_v4	AF-A0A832M474-F1-model_v4 30S ribosomal protein S9	1.711E-06	1.000	245	2	103	133	68	167	195	104	0.767	0.513
LOKIASV2_3845_ESMFold_30S_ribosomal_protein_S9	AF-Q7RQ82-F1-model_v4	AF-Q7RQ82-F1-model_v4 Ribosomal protein S9, putative	1.019E-06	1.000	245	1	88	133	172	259	275	90	0.662	0.320
LOKIASV2_3845_ESMFold_30S_ribosomal_protein_S9	AF-F7H001-F1-model_v4	AF-F7H001-F1-model_v4 Uncharacterized protein	1.503E-06	1.000	245	3	101	133	244	342	371	101	0.744	0.267
LOKIASV2_3845_ESMFold_30S_ribosomal_protein_S9	AF-A0A3M0YZM0-F1-model_v4	AF-A0A3M0YZM0-F1-model_v4 30S ribosomal protein S9	1.238E-06	1.000	244	2	103	133	4	103	131	103	0.767	0.763
LOKIASV2_3845_ESMFold_30S_ribosomal_protein_S9	AF-A0A1G2I0T0-F1-model_v4	AF-A0A1G2I0T0-F1-model_v4 30S ribosomal protein S9	2.694E-06	1.000	244	2	102	133	7	105	134	103	0.759	0.739
LOKIASV2_3845_ESMFold_30S_ribosomal_protein_S9	AF-A0A0D2LYS6-F1-model_v4	AF-A0A0D2LYS6-F1-model_v4 30S ribosomal protein S9, chloroplastic	4.994E-07	1.000	244	2	133	133	8	213	213	206	0.992	0.967
LOKIASV2_3845_ESMFold_30S_ribosomal_protein_S9	AF-A0A1W0XAK7-F1-model_v4	AF-A0A1W0XAK7-F1-model_v4 28S ribosomal protein S9, mitochondrial	1.826E-06	1.000	244	5	101	133	273	367	396	97	0.729	0.240
LOKIASV2_3845_ESMFold_30S_ribosomal_protein_S9	AF-A0A4W3JCW4-F1-model_v4	AF-A0A4W3JCW4-F1-model_v4 Uncharacterized protein	1.711E-06	1.000	244	3	101	133	272	370	399	101	0.744	0.248
LOKIASV2_3845_ESMFold_30S_ribosomal_protein_S9	AF-F4PGU4-F1-model_v4	AF-F4PGU4-F1-model_v4 30S ribosomal protein S9	2.218E-06	1.000	244	3	103	133	517	615	643	103	0.759	0.154
LOKIASV2_3845_ESMFold_30S_ribosomal_protein_S9	AF-A0A514CPT3-F1-model_v4	AF-A0A514CPT3-F1-model_v4 Ribosomal protein S9	1.160E-06	1.000	243	3	103	133	7	105	120	105	0.759	0.825
LOKIASV2_3845_ESMFold_30S_ribosomal_protein_S9	AF-A0A2K6LK19-F1-model_v4	AF-A0A2K6LK19-F1-model_v4 Uncharacterized protein	2.787E-07	1.000	243	7	105	133	9	110	134	102	0.744	0.761
LOKIASV2_3845_ESMFold_30S_ribosomal_protein_S9	AF-D0JAR1-F1-model_v4	AF-D0JAR1-F1-model_v4 30S ribosomal protein S9	1.280E-07	1.000	243	4	125	133	2	117	136	122	0.917	0.853
LOKIASV2_3845_ESMFold_30S_ribosomal_protein_S9	AF-W6MA03-F1-model_v4	AF-W6MA03-F1-model_v4 30S ribosomal protein S9, chloroplastic	6.906E-07	1.000	243	4	102	133	33	129	158	103	0.744	0.614
LOKIASV2_3845_ESMFold_30S_ribosomal_protein_S9	AF-A0A5C7JML3-F1-model_v4	AF-A0A5C7JML3-F1-model_v4 30S ribosomal protein S9	3.853E-07	1.000	243	1	109	133	6	109	160	113	0.820	0.650
LOKIASV2_3845_ESMFold_30S_ribosomal_protein_S9	AF-A0A1R4KFG4-F1-model_v4	AF-A0A1R4KFG4-F1-model_v4 30S ribosomal protein S9	2.694E-06	1.000	243	3	88	133	49	134	176	88	0.647	0.489
LOKIASV2_3845_ESMFold_30S_ribosomal_protein_S9	AF-A0A7C5I088-F1-model_v4	AF-A0A7C5I088-F1-model_v4 30S ribosomal protein S9	2.367E-06	1.000	243	2	103	133	60	159	187	104	0.767	0.535
LOKIASV2_3845_ESMFold_30S_ribosomal_protein_S9	AF-A0A5J5AEC8-F1-model_v4	AF-A0A5J5AEC8-F1-model_v4 Uncharacterized protein	6.472E-07	1.000	243	5	103	133	126	222	250	103	0.744	0.388
LOKIASV2_3845_ESMFold_30S_ribosomal_protein_S9	AF-A0A7S0R860-F1-model_v4	AF-A0A7S0R860-F1-model_v4 30S ribosomal protein S9, chloroplastic	1.160E-06	1.000	243	3	101	133	286	386	414	104	0.744	0.244
LOKIASV2_3845_ESMFold_30S_ribosomal_protein_S9	AF-A0A3Q3ENX1-F1-model_v4	AF-A0A3Q3ENX1-F1-model_v4 Mitochondrial ribosomal protein S9	1.948E-06	1.000	243	3	101	133	318	416	445	101	0.744	0.222
LOKIASV2_3845_ESMFold_30S_ribosomal_protein_S9	AF-A0A0F7URL7-F1-model_v4	AF-A0A0F7URL7-F1-model_v4 Ribosomal protein S9 domain-containing protein	1.238E-06	1.000	243	3	88	133	384	469	510	88	0.647	0.169
LOKIASV2_3845_ESMFold_30S_ribosomal_protein_S9	AF-A0A7V4Y9Q5-F1-model_v4	AF-A0A7V4Y9Q5-F1-model_v4 30S ribosomal protein S9	3.067E-06	1.000	242	2	103	133	9	108	136	104	0.767	0.735
LOKIASV2_3845_ESMFold_30S_ribosomal_protein_S9	AF-D8G2U9-F1-model_v4	AF-D8G2U9-F1-model_v4 30S ribosomal protein S9	4.111E-07	1.000	242	3	102	133	11	108	137	104	0.752	0.715
LOKIASV2_3845_ESMFold_30S_ribosomal_protein_S9	AF-A0A0G1T9R8-F1-model_v4	AF-A0A0G1T9R8-F1-model_v4 30S ribosomal protein S9	3.975E-06	1.000	242	1	103	133	52	152	180	105	0.774	0.561
LOKIASV2_3845_ESMFold_30S_ribosomal_protein_S9	AF-A0A1S3GMX5-F1-model_v4	AF-A0A1S3GMX5-F1-model_v4 28S ribosomal protein S9, mitochondrial	1.711E-06	1.000	242	3	86	133	261	344	388	86	0.632	0.216
LOKIASV2_3845_ESMFold_30S_ribosomal_protein_S9	AF-D3BTX3-F1-model_v4	AF-D3BTX3-F1-model_v4 30S ribosomal protein S9	1.160E-06	1.000	242	3	103	133	264	362	390	105	0.759	0.254
LOKIASV2_3845_ESMFold_30S_ribosomal_protein_S9	AF-A0A5N3XSR6-F1-model_v4	AF-A0A5N3XSR6-F1-model_v4 Uncharacterized protein	2.694E-06	1.000	241	11	97	133	10	96	110	87	0.654	0.791
LOKIASV2_3845_ESMFold_30S_ribosomal_protein_S9	AF-A0A2Z4M9Q0-F1-model_v4	AF-A0A2Z4M9Q0-F1-model_v4 30S ribosomal protein S9, chloroplastic	6.472E-07	1.000	241	3	102	133	47	144	173	105	0.752	0.566
LOKIASV2_3845_ESMFold_30S_ribosomal_protein_S9	AF-A0A1L9PI31-F1-model_v4	AF-A0A1L9PI31-F1-model_v4 Uncharacterized protein	2.150E-07	1.000	241	2	133	133	39	179	179	142	0.992	0.788
LOKIASV2_3845_ESMFold_30S_ribosomal_protein_S9	AF-A0A834A3M3-F1-model_v4	AF-A0A834A3M3-F1-model_v4 Mitochondrial ribosomal protein S9	1.948E-06	1.000	241	3	101	133	62	160	189	101	0.744	0.524
LOKIASV2_3845_ESMFold_30S_ribosomal_protein_S9	AF-A0A096NPD8-F1-model_v4	AF-A0A096NPD8-F1-model_v4 Mitochondrial ribosomal protein S9	1.948E-06	1.000	241	3	101	133	216	314	343	101	0.744	0.289
LOKIASV2_3845_ESMFold_30S_ribosomal_protein_S9	AF-S6CUF9-F1-model_v4	AF-S6CUF9-F1-model_v4 30S ribosomal protein S9	2.612E-07	1.000	240	20	133	133	2	115	115	114	0.857	0.991
LOKIASV2_3845_ESMFold_30S_ribosomal_protein_S9	AF-A0A1J3E7T6-F1-model_v4	AF-A0A1J3E7T6-F1-model_v4 40S ribosomal protein S16	1.019E-06	1.000	240	13	118	133	2	114	115	113	0.797	0.983
LOKIASV2_3845_ESMFold_30S_ribosomal_protein_S9	AF-A0A0G1ZK89-F1-model_v4	AF-A0A0G1ZK89-F1-model_v4 30S ribosomal protein S9	2.367E-06	1.000	240	2	95	133	41	135	168	97	0.707	0.565
LOKIASV2_3845_ESMFold_30S_ribosomal_protein_S9	AF-A0A2P9DAZ0-F1-model_v4	AF-A0A2P9DAZ0-F1-model_v4 Mitochondrial ribosomal protein S9, putative	1.238E-06	1.000	240	1	103	133	172	272	300	108	0.774	0.337
LOKIASV2_3845_ESMFold_30S_ribosomal_protein_S9	AF-A0A7J8FK60-F1-model_v4	AF-A0A7J8FK60-F1-model_v4 Mitochondrial ribosomal protein S9	2.079E-06	1.000	240	3	101	133	227	325	354	101	0.744	0.280
LOKIASV2_3845_ESMFold_30S_ribosomal_protein_S9	AF-A0A7J7RSN6-F1-model_v4	AF-A0A7J7RSN6-F1-model_v4 Mitochondrial ribosomal protein S9	2.079E-06	1.000	240	3	86	133	264	347	439	86	0.632	0.191
LOKIASV2_3845_ESMFold_30S_ribosomal_protein_S9	AF-C0SQK5-F1-model_v4	AF-C0SQK5-F1-model_v4 Ribosomal protein S16	2.218E-06	1.000	239	15	109	133	3	104	108	102	0.714	0.944
LOKIASV2_3845_ESMFold_30S_ribosomal_protein_S9	AF-Q9TLV4-F1-model_v4	AF-Q9TLV4-F1-model_v4 30S ribosomal protein S9, chloroplastic	1.711E-06	1.000	239	2	102	133	1	99	128	105	0.759	0.773
LOKIASV2_3845_ESMFold_30S_ribosomal_protein_S9	AF-B6JPI5-F1-model_v4	AF-B6JPI5-F1-model_v4 30S ribosomal protein S9	2.448E-07	1.000	239	1	125	133	1	121	129	127	0.940	0.938
LOKIASV2_3845_ESMFold_30S_ribosomal_protein_S9	AF-A0A1G3KXS8-F1-model_v4	AF-A0A1G3KXS8-F1-model_v4 30S ribosomal protein S9	6.274E-08	1.000	239	2	133	133	3	130	130	136	0.992	0.985
LOKIASV2_3845_ESMFold_30S_ribosomal_protein_S9	AF-A0A2E7E495-F1-model_v4	AF-A0A2E7E495-F1-model_v4 30S ribosomal protein S9	1.124E-07	1.000	239	4	103	133	18	122	167	107	0.752	0.629
LOKIASV2_3845_ESMFold_30S_ribosomal_protein_S9	AF-A0A097KLK4-F1-model_v4	AF-A0A097KLK4-F1-model_v4 30S ribosomal protein S9, chloroplastic	4.387E-07	1.000	239	4	102	133	48	148	177	106	0.744	0.571
LOKIASV2_3845_ESMFold_30S_ribosomal_protein_S9	AF-A0A3D2NPD6-F1-model_v4	AF-A0A3D2NPD6-F1-model_v4 30S ribosomal protein S9	2.525E-06	1.000	239	2	103	133	50	149	177	106	0.767	0.565
LOKIASV2_3845_ESMFold_30S_ribosomal_protein_S9	AF-A0A2H0UX64-F1-model_v4	AF-A0A2H0UX64-F1-model_v4 30S ribosomal protein S9	3.273E-06	1.000	239	2	103	133	53	152	180	104	0.767	0.556
LOKIASV2_3845_ESMFold_30S_ribosomal_protein_S9	AF-H3B142-F1-model_v4	AF-H3B142-F1-model_v4 Mitochondrial ribosomal protein S9	2.218E-06	1.000	239	3	101	133	106	204	233	101	0.744	0.425
LOKIASV2_3845_ESMFold_30S_ribosomal_protein_S9	AF-A0A086JEK8-F1-model_v4	AF-A0A086JEK8-F1-model_v4 Putative ribosomal protein S9	2.367E-06	1.000	239	3	88	133	330	415	456	88	0.647	0.189
LOKIASV2_3845_ESMFold_30S_ribosomal_protein_S9	AF-F1P4R6-F1-model_v4	AF-F1P4R6-F1-model_v4 Uncharacterized protein	2.875E-06	1.000	239	3	102	133	346	444	473	102	0.752	0.209
LOKIASV2_3845_ESMFold_30S_ribosomal_protein_S9	AF-A0A6A6M8F2-F1-model_v4	AF-A0A6A6M8F2-F1-model_v4 Uncharacterized protein	1.087E-06	1.000	239	5	103	133	82	178	670	103	0.744	0.145
LOKIASV2_3845_ESMFold_30S_ribosomal_protein_S9	AF-A0A847XKK8-F1-model_v4	AF-A0A847XKK8-F1-model_v4 30S ribosomal protein S9	4.241E-06	1.000	238	5	103	133	2	99	127	101	0.744	0.772
LOKIASV2_3845_ESMFold_30S_ribosomal_protein_S9	AF-A0A852EIL4-F1-model_v4	AF-A0A852EIL4-F1-model_v4 RS16 protein	2.015E-07	1.000	238	11	133	133	1	130	130	130	0.925	1.000
LOKIASV2_3845_ESMFold_30S_ribosomal_protein_S9	AF-A0A7C5A950-F1-model_v4	AF-A0A7C5A950-F1-model_v4 30S ribosomal protein S9	4.525E-06	1.000	238	2	103	133	5	104	132	104	0.767	0.758
LOKIASV2_3845_ESMFold_30S_ribosomal_protein_S9	AF-A0A7C4YFL4-F1-model_v4	AF-A0A7C4YFL4-F1-model_v4 30S ribosomal protein S9	9.549E-07	1.000	238	2	102	133	41	137	166	102	0.759	0.584
LOKIASV2_3845_ESMFold_30S_ribosomal_protein_S9	AF-A0A0G1R6X8-F1-model_v4	AF-A0A0G1R6X8-F1-model_v4 30S ribosomal protein S9	3.726E-06	1.000	238	2	103	133	84	183	211	104	0.767	0.474
LOKIASV2_3845_ESMFold_30S_ribosomal_protein_S9	AF-A0A1V5WZH1-F1-model_v4	AF-A0A1V5WZH1-F1-model_v4 30S ribosomal protein S9	3.067E-06	1.000	238	2	103	133	106	205	233	104	0.767	0.429
LOKIASV2_3845_ESMFold_30S_ribosomal_protein_S9	AF-S9XP60-F1-model_v4	AF-S9XP60-F1-model_v4 Mitochondrial ribosomal protein S9	3.273E-06	1.000	238	3	102	133	232	330	359	102	0.752	0.276
LOKIASV2_3845_ESMFold_30S_ribosomal_protein_S9	AF-A0A812HZ50-F1-model_v4	AF-A0A812HZ50-F1-model_v4 RpsI protein	1.409E-06	1.000	238	3	101	133	271	367	392	102	0.744	0.247
LOKIASV2_3845_ESMFold_30S_ribosomal_protein_S9	AF-A0A3D4Z331-F1-model_v4	AF-A0A3D4Z331-F1-model_v4 30S ribosomal protein S9	1.124E-07	1.000	237	2	133	133	5	132	132	134	0.992	0.970
LOKIASV2_3845_ESMFold_30S_ribosomal_protein_S9	AF-A0A2G9R708-F1-model_v4	AF-A0A2G9R708-F1-model_v4 Uncharacterized protein	3.273E-06	1.000	237	2	103	133	47	147	175	104	0.767	0.577
LOKIASV2_3845_ESMFold_30S_ribosomal_protein_S9	AF-A0A7L1RQF6-F1-model_v4	AF-A0A7L1RQF6-F1-model_v4 RT09 protein	3.067E-06	1.000	237	3	101	133	223	321	350	101	0.744	0.283
LOKIASV2_3845_ESMFold_30S_ribosomal_protein_S9	AF-A0A0G4ED64-F1-model_v4	AF-A0A0G4ED64-F1-model_v4 Uncharacterized protein	3.975E-06	1.000	237	3	87	133	254	338	381	87	0.639	0.223
LOKIASV2_3845_ESMFold_30S_ribosomal_protein_S9	AF-A0A6P5KFX5-F1-model_v4	AF-A0A6P5KFX5-F1-model_v4 28S ribosomal protein S9, mitochondrial isoform X2	2.875E-06	1.000	237	3	102	133	263	361	390	102	0.752	0.254
LOKIASV2_3845_ESMFold_30S_ribosomal_protein_S9	AF-A0A6A5L7N6-F1-model_v4	AF-A0A6A5L7N6-F1-model_v4 Uncharacterized protein	3.726E-06	1.000	237	2	103	133	5	104	533	104	0.767	0.188
LOKIASV2_3845_ESMFold_30S_ribosomal_protein_S9	AF-A0A7J4DTY1-F1-model_v4	AF-A0A7J4DTY1-F1-model_v4 30S ribosomal protein S9	4.525E-06	1.000	236	2	69	133	15	82	82	68	0.511	0.829
LOKIASV2_3845_ESMFold_30S_ribosomal_protein_S9	AF-I0J3N9-F1-model_v4	AF-I0J3N9-F1-model_v4 Ribosomal protein S9	8.950E-07	1.000	236	5	102	133	2	97	126	102	0.737	0.762
LOKIASV2_3845_ESMFold_30S_ribosomal_protein_S9	AF-A0A2A5FH35-F1-model_v4	AF-A0A2A5FH35-F1-model_v4 30S ribosomal protein S9	2.367E-06	1.000	236	2	103	133	1	100	128	104	0.767	0.781
LOKIASV2_3845_ESMFold_30S_ribosomal_protein_S9	AF-A0A1G2PVU5-F1-model_v4	AF-A0A1G2PVU5-F1-model_v4 30S ribosomal protein S9	4.828E-06	1.000	236	2	103	133	6	105	133	104	0.767	0.752
LOKIASV2_3845_ESMFold_30S_ribosomal_protein_S9	AF-A0A4P9YFP0-F1-model_v4	AF-A0A4P9YFP0-F1-model_v4 40S ribosomal protein Rps16	2.294E-07	1.000	236	11	133	133	1	140	140	140	0.925	1.000
LOKIASV2_3845_ESMFold_30S_ribosomal_protein_S9	AF-A0A1F7UNR9-F1-model_v4	AF-A0A1F7UNR9-F1-model_v4 30S ribosomal protein S9	4.994E-07	1.000	236	1	111	133	15	121	143	114	0.835	0.748
LOKIASV2_3845_ESMFold_30S_ribosomal_protein_S9	AF-A0A357Y8X6-F1-model_v4	AF-A0A357Y8X6-F1-model_v4 30S ribosomal protein S9	7.124E-06	1.000	236	1	89	133	44	132	172	91	0.669	0.517
LOKIASV2_3845_ESMFold_30S_ribosomal_protein_S9	AF-A0A151HGJ4-F1-model_v4	AF-A0A151HGJ4-F1-model_v4 Putative ribosomal protein S9	2.875E-06	1.000	236	3	88	133	60	145	186	88	0.647	0.462
LOKIASV2_3845_ESMFold_30S_ribosomal_protein_S9	AF-A0A1U7SZ77-F1-model_v4	AF-A0A1U7SZ77-F1-model_v4 28S ribosomal protein S9, mitochondrial	2.875E-06	1.000	236	3	86	133	165	248	292	86	0.632	0.288
LOKIASV2_3845_ESMFold_30S_ribosomal_protein_S9	AF-A0A671MR03-F1-model_v4	AF-A0A671MR03-F1-model_v4 28S ribosomal protein S9, mitochondrial-like	3.273E-06	1.000	236	3	101	133	258	356	371	101	0.744	0.267
LOKIASV2_3845_ESMFold_30S_ribosomal_protein_S9	AF-A0A811YPX4-F1-model_v4	AF-A0A811YPX4-F1-model_v4 (raccoon dog) hypothetical protein	3.492E-06	1.000	236	3	101	133	268	366	395	101	0.744	0.251
LOKIASV2_3845_ESMFold_30S_ribosomal_protein_S9	AF-G5AZF3-F1-model_v4	AF-G5AZF3-F1-model_v4 28S ribosomal protein S9, mitochondrial	2.218E-06	1.000	236	3	101	133	269	367	396	102	0.744	0.250
LOKIASV2_3845_ESMFold_30S_ribosomal_protein_S9	AF-A0A671MM69-F1-model_v4	AF-A0A671MM69-F1-model_v4 28S ribosomal protein S9, mitochondrial-like	3.492E-06	1.000	236	3	101	133	288	386	401	101	0.744	0.247
LOKIASV2_3845_ESMFold_30S_ribosomal_protein_S9	AF-A0A7J8E3J9-F1-model_v4	AF-A0A7J8E3J9-F1-model_v4 Mitochondrial ribosomal protein S9	3.067E-06	1.000	236	3	101	133	345	443	472	101	0.744	0.210
LOKIASV2_3845_ESMFold_30S_ribosomal_protein_S9	AF-H0ZHN9-F1-model_v4	AF-H0ZHN9-F1-model_v4 Mitochondrial ribosomal protein S9	3.492E-06	1.000	236	3	101	133	358	456	485	101	0.744	0.204
LOKIASV2_3845_ESMFold_30S_ribosomal_protein_S9	AF-A0A058ZH16-F1-model_v4	AF-A0A058ZH16-F1-model_v4 Uncharacterized protein	3.726E-06	1.000	236	4	101	133	847	942	973	100	0.737	0.099
LOKIASV2_3845_ESMFold_30S_ribosomal_protein_S9	AF-A0A7I8V3R7-F1-model_v4	AF-A0A7I8V3R7-F1-model_v4 DgyrCDS158	2.875E-06	1.000	236	3	102	133	265	363	1014	102	0.752	0.098
LOKIASV2_3845_ESMFold_30S_ribosomal_protein_S9	AF-A0A662KW43-F1-model_v4	AF-A0A662KW43-F1-model_v4 30S ribosomal protein S9	3.975E-06	1.000	235	2	75	133	3	74	75	74	0.556	0.960
LOKIASV2_3845_ESMFold_30S_ribosomal_protein_S9	AF-A0A2I2Y5S2-F1-model_v4	AF-A0A2I2Y5S2-F1-model_v4 Uncharacterized protein	3.853E-07	1.000	235	1	114	133	7	114	131	116	0.857	0.824
LOKIASV2_3845_ESMFold_30S_ribosomal_protein_S9	AF-A0A2H0RNE6-F1-model_v4	AF-A0A2H0RNE6-F1-model_v4 30S ribosomal protein S9	3.273E-06	1.000	235	2	103	133	6	105	133	105	0.767	0.752
LOKIASV2_3845_ESMFold_30S_ribosomal_protein_S9	AF-A0A0B3AII2-F1-model_v4	AF-A0A0B3AII2-F1-model_v4 Small subunit ribosomal protein S9	2.084E-08	1.000	235	1	118	133	1	134	134	135	0.887	1.000
LOKIASV2_3845_ESMFold_30S_ribosomal_protein_S9	AF-A0A2M7Z2S8-F1-model_v4	AF-A0A2M7Z2S8-F1-model_v4 30S ribosomal protein S9	3.726E-06	1.000	235	2	103	133	41	140	168	104	0.767	0.595
LOKIASV2_3845_ESMFold_30S_ribosomal_protein_S9	AF-A0A6I9ZX33-F1-model_v4	AF-A0A6I9ZX33-F1-model_v4 28S ribosomal protein S9, mitochondrial	3.273E-06	1.000	235	3	101	133	263	361	390	101	0.744	0.254
LOKIASV2_3845_ESMFold_30S_ribosomal_protein_S9	AF-A0A835JZC3-F1-model_v4	AF-A0A835JZC3-F1-model_v4 Uncharacterized protein	7.601E-06	1.000	234	2	70	133	6	74	77	69	0.519	0.896
LOKIASV2_3845_ESMFold_30S_ribosomal_protein_S9	AF-C1BXM4-F1-model_v4	AF-C1BXM4-F1-model_v4 40S ribosomal protein S16	5.865E-06	1.000	234	1	70	133	7	76	111	70	0.526	0.631
LOKIASV2_3845_ESMFold_30S_ribosomal_protein_S9	AF-A0A7V2HAA2-F1-model_v4	AF-A0A7V2HAA2-F1-model_v4 30S ribosomal protein S9	5.152E-06	1.000	234	2	103	133	45	144	172	104	0.767	0.581
LOKIASV2_3845_ESMFold_30S_ribosomal_protein_S9	AF-A0A4S1M546-F1-model_v4	AF-A0A4S1M546-F1-model_v4 30S ribosomal protein S9	5.165E-08	1.000	234	3	133	133	53	177	177	137	0.985	0.706
LOKIASV2_3845_ESMFold_30S_ribosomal_protein_S9	AF-A0A2G9YEN3-F1-model_v4	AF-A0A2G9YEN3-F1-model_v4 30S ribosomal protein S9	4.241E-06	1.000	234	1	103	133	67	167	195	105	0.774	0.518
LOKIASV2_3845_ESMFold_30S_ribosomal_protein_S9	AF-A0A7J6PAH9-F1-model_v4	AF-A0A7J6PAH9-F1-model_v4 Uncharacterized protein	3.726E-06	1.000	234	3	87	133	245	329	372	87	0.639	0.228
LOKIASV2_3845_ESMFold_30S_ribosomal_protein_S9	AF-A0A1L8HGS2-F1-model_v4	AF-A0A1L8HGS2-F1-model_v4 Uncharacterized protein	3.273E-06	1.000	234	3	101	133	299	397	426	101	0.744	0.232
LOKIASV2_3845_ESMFold_30S_ribosomal_protein_S9	AF-A0A093G5I9-F1-model_v4	AF-A0A093G5I9-F1-model_v4 40S ribosomal protein S16	9.549E-07	1.000	233	15	118	133	3	113	114	111	0.782	0.974
LOKIASV2_3845_ESMFold_30S_ribosomal_protein_S9	AF-A0A0H5BHP6-F1-model_v4	AF-A0A0H5BHP6-F1-model_v4 Ribosomal protein S16	2.612E-07	1.000	233	4	133	133	2	138	138	145	0.977	0.993
LOKIASV2_3845_ESMFold_30S_ribosomal_protein_S9	AF-A0A7S4Q1G5-F1-model_v4	AF-A0A7S4Q1G5-F1-model_v4 Hypothetical protein	3.975E-06	1.000	233	3	87	133	201	285	327	87	0.639	0.260
LOKIASV2_3845_ESMFold_30S_ribosomal_protein_S9	AF-A0A672NL54-F1-model_v4	AF-A0A672NL54-F1-model_v4 28S ribosomal protein S9, mitochondrial-like	4.525E-06	1.000	233	3	101	133	228	326	355	101	0.744	0.279
LOKIASV2_3845_ESMFold_30S_ribosomal_protein_S9	AF-A0A671MQZ6-F1-model_v4	AF-A0A671MQZ6-F1-model_v4 28S ribosomal protein S9, mitochondrial-like	4.241E-06	1.000	233	3	101	133	243	341	356	101	0.744	0.278
LOKIASV2_3845_ESMFold_30S_ribosomal_protein_S9	AF-A0A4E0RSU5-F1-model_v4	AF-A0A4E0RSU5-F1-model_v4 Mitochondrial ribosomal protein S9	5.497E-06	1.000	233	3	102	133	307	406	435	102	0.752	0.230
LOKIASV2_3845_ESMFold_30S_ribosomal_protein_S9	AF-A0A2A9M7Y8-F1-model_v4	AF-A0A2A9M7Y8-F1-model_v4 Putative ribosomal protein S9	3.492E-06	1.000	233	3	87	133	318	402	444	87	0.639	0.191
LOKIASV2_3845_ESMFold_30S_ribosomal_protein_S9	AF-A0A2M7XI46-F1-model_v4	AF-A0A2M7XI46-F1-model_v4 30S ribosomal protein S9	6.258E-06	1.000	232	2	102	133	11	109	138	103	0.759	0.717
LOKIASV2_3845_ESMFold_30S_ribosomal_protein_S9	AF-A0A7T8YPT1-F1-model_v4	AF-A0A7T8YPT1-F1-model_v4 30S ribosomal protein S9	1.770E-07	1.000	232	4	133	133	24	148	148	136	0.977	0.845
LOKIASV2_3845_ESMFold_30S_ribosomal_protein_S9	AF-A0A0G1Z2I2-F1-model_v4	AF-A0A0G1Z2I2-F1-model_v4 30S ribosomal protein S9	1.197E-05	1.000	232	2	89	133	57	144	149	90	0.662	0.591
LOKIASV2_3845_ESMFold_30S_ribosomal_protein_S9	AF-A0A2K6S7Y1-F1-model_v4	AF-A0A2K6S7Y1-F1-model_v4 Uncharacterized protein	2.294E-07	1.000	232	9	133	133	29	160	160	132	0.940	0.825
LOKIASV2_3845_ESMFold_30S_ribosomal_protein_S9	AF-A0A0G1XJ88-F1-model_v4	AF-A0A0G1XJ88-F1-model_v4 30S ribosomal protein S9	5.497E-06	1.000	232	2	103	133	57	156	184	104	0.767	0.543
LOKIASV2_3845_ESMFold_30S_ribosomal_protein_S9	AF-A0A2H5XDM0-F1-model_v4	AF-A0A2H5XDM0-F1-model_v4 30S ribosomal protein S9	2.973E-07	1.000	232	3	125	133	61	179	187	125	0.925	0.636
LOKIASV2_3845_ESMFold_30S_ribosomal_protein_S9	AF-A0A0G0DIT8-F1-model_v4	AF-A0A0G0DIT8-F1-model_v4 30S ribosomal protein S9	7.601E-06	1.000	232	2	103	133	61	160	188	104	0.767	0.532
LOKIASV2_3845_ESMFold_30S_ribosomal_protein_S9	AF-A0A3A4VI68-F1-model_v4	AF-A0A3A4VI68-F1-model_v4 30S ribosomal protein S9	8.110E-06	1.000	232	2	103	133	85	184	212	104	0.767	0.472
LOKIASV2_3845_ESMFold_30S_ribosomal_protein_S9	AF-A0A425HT99-F1-model_v4	AF-A0A425HT99-F1-model_v4 Putative ribosomal protein S9	3.975E-06	1.000	232	3	88	133	122	207	248	88	0.647	0.347
LOKIASV2_3845_ESMFold_30S_ribosomal_protein_S9	AF-A0A086PZD7-F1-model_v4	AF-A0A086PZD7-F1-model_v4 Putative ribosomal protein S9	3.273E-06	1.000	232	3	88	133	160	245	286	88	0.647	0.301
LOKIASV2_3845_ESMFold_30S_ribosomal_protein_S9	AF-A0A673JNU7-F1-model_v4	AF-A0A673JNU7-F1-model_v4 28S ribosomal protein S9, mitochondrial-like	4.241E-06	1.000	232	3	101	133	225	323	352	101	0.744	0.281
LOKIASV2_3845_ESMFold_30S_ribosomal_protein_S9	AF-A0A485NCP7-F1-model_v4	AF-A0A485NCP7-F1-model_v4 28s ribosomal protein	3.975E-06	1.000	232	3	101	133	263	361	390	101	0.744	0.254
LOKIASV2_3845_ESMFold_30S_ribosomal_protein_S9	AF-A0A6P4Y6K2-F1-model_v4	AF-A0A6P4Y6K2-F1-model_v4 28S ribosomal protein S9, mitochondrial-like isoform X1	2.294E-07	1.000	232	3	128	133	268	390	395	128	0.947	0.311
LOKIASV2_3845_ESMFold_30S_ribosomal_protein_S9	AF-N9T954-F1-model_v4	AF-N9T954-F1-model_v4 40S ribosomal protein S16, putative	5.152E-06	1.000	231	1	70	133	19	88	89	70	0.526	0.787
LOKIASV2_3845_ESMFold_30S_ribosomal_protein_S9	AF-A0A7C3EJ60-F1-model_v4	AF-A0A7C3EJ60-F1-model_v4 30S ribosomal protein S9	7.124E-06	1.000	231	1	102	133	5	104	120	103	0.767	0.833
LOKIASV2_3845_ESMFold_30S_ribosomal_protein_S9	AF-A0A5N8Z955-F1-model_v4	AF-A0A5N8Z955-F1-model_v4 30S ribosomal protein S9	4.828E-06	1.000	231	2	103	133	6	103	131	103	0.767	0.748
LOKIASV2_3845_ESMFold_30S_ribosomal_protein_S9	AF-A0A1F4S573-F1-model_v4	AF-A0A1F4S573-F1-model_v4 30S ribosomal protein S9	4.680E-07	1.000	231	2	133	133	4	131	131	134	0.992	0.977
LOKIASV2_3845_ESMFold_30S_ribosomal_protein_S9	AF-A0A2M9XFS7-F1-model_v4	AF-A0A2M9XFS7-F1-model_v4 30S ribosomal protein S9	1.124E-07	1.000	231	1	133	133	4	132	132	137	1.000	0.977
LOKIASV2_3845_ESMFold_30S_ribosomal_protein_S9	AF-L8YES8-F1-model_v4	AF-L8YES8-F1-model_v4 28S ribosomal protein S9, mitochondrial	5.497E-06	1.000	231	3	86	133	39	122	166	86	0.632	0.506
LOKIASV2_3845_ESMFold_30S_ribosomal_protein_S9	AF-A0A4W5N985-F1-model_v4	AF-A0A4W5N985-F1-model_v4 Uncharacterized protein	5.152E-06	1.000	231	3	101	133	234	332	361	101	0.744	0.274
LOKIASV2_3845_ESMFold_30S_ribosomal_protein_S9	AF-A0A1I7WUU7-F1-model_v4	AF-A0A1I7WUU7-F1-model_v4 Sugar transporter SWEET1	1.238E-06	1.000	231	2	114	133	195	305	427	115	0.850	0.260
LOKIASV2_3845_ESMFold_30S_ribosomal_protein_S9	AF-A0A2F0AYL8-F1-model_v4	AF-A0A2F0AYL8-F1-model_v4 40S ribosomal protein S16	7.601E-06	1.000	230	1	72	133	7	78	86	72	0.541	0.837
LOKIASV2_3845_ESMFold_30S_ribosomal_protein_S9	AF-A0A2P6C172-F1-model_v4	AF-A0A2P6C172-F1-model_v4 30S ribosomal protein S9	2.015E-07	1.000	230	1	133	133	1	129	129	135	1.000	1.000
LOKIASV2_3845_ESMFold_30S_ribosomal_protein_S9	AF-A0A535WIB8-F1-model_v4	AF-A0A535WIB8-F1-model_v4 30S ribosomal protein S9	4.111E-07	1.000	230	1	125	133	11	129	137	126	0.940	0.869
LOKIASV2_3845_ESMFold_30S_ribosomal_protein_S9	AF-A0A7X9DD62-F1-model_v4	AF-A0A7X9DD62-F1-model_v4 30S ribosomal protein S9	9.233E-06	1.000	230	2	102	133	14	113	143	103	0.759	0.699
LOKIASV2_3845_ESMFold_30S_ribosomal_protein_S9	AF-A0A7J7V8M4-F1-model_v4	AF-A0A7J7V8M4-F1-model_v4 Mitochondrial ribosomal protein S9	1.826E-06	1.000	230	3	106	133	66	165	166	106	0.782	0.602
LOKIASV2_3845_ESMFold_30S_ribosomal_protein_S9	AF-A0A7V4TD98-F1-model_v4	AF-A0A7V4TD98-F1-model_v4 30S ribosomal protein S9	3.067E-06	1.000	230	1	103	133	70	170	198	107	0.774	0.510
LOKIASV2_3845_ESMFold_30S_ribosomal_protein_S9	AF-A9P2K3-F1-model_v4	AF-A9P2K3-F1-model_v4 Uncharacterized protein	2.218E-06	1.000	230	5	103	133	94	190	218	103	0.744	0.445
LOKIASV2_3845_ESMFold_30S_ribosomal_protein_S9	AF-A0A7K5UA92-F1-model_v4	AF-A0A7K5UA92-F1-model_v4 RT09 protein	5.497E-06	1.000	230	3	101	133	163	261	290	101	0.744	0.341
LOKIASV2_3845_ESMFold_30S_ribosomal_protein_S9	AF-A0A5N4CDK9-F1-model_v4	AF-A0A5N4CDK9-F1-model_v4 28S ribosomal protein S9	6.258E-06	1.000	230	3	102	133	291	389	418	102	0.752	0.237
LOKIASV2_3845_ESMFold_30S_ribosomal_protein_S9	AF-A8F8P5-F1-model_v4	AF-A8F8P5-F1-model_v4 30S ribosomal protein S9	2.150E-07	1.000	229	2	133	133	5	134	134	136	0.992	0.970
LOKIASV2_3845_ESMFold_30S_ribosomal_protein_S9	AF-A0A1G2QXC4-F1-model_v4	AF-A0A1G2QXC4-F1-model_v4 30S ribosomal protein S9	9.233E-06	1.000	229	2	103	133	9	108	136	104	0.767	0.735
LOKIASV2_3845_ESMFold_30S_ribosomal_protein_S9	AF-A0A1G2R885-F1-model_v4	AF-A0A1G2R885-F1-model_v4 30S ribosomal protein S9	9.851E-06	1.000	229	2	88	133	13	99	140	89	0.654	0.621
LOKIASV2_3845_ESMFold_30S_ribosomal_protein_S9	AF-A0A1G2AXS4-F1-model_v4	AF-A0A1G2AXS4-F1-model_v4 30S ribosomal protein S9	6.258E-06	1.000	229	1	103	133	19	119	147	105	0.774	0.687
LOKIASV2_3845_ESMFold_30S_ribosomal_protein_S9	AF-E9NPT3-F1-model_v4	AF-E9NPT3-F1-model_v4 30S ribosomal protein S9, chloroplastic	2.079E-06	1.000	229	5	103	133	30	126	154	103	0.744	0.630
LOKIASV2_3845_ESMFold_30S_ribosomal_protein_S9	AF-A0A2D7REX5-F1-model_v4	AF-A0A2D7REX5-F1-model_v4 30S ribosomal protein S9	7.124E-06	1.000	229	2	89	133	4	91	156	90	0.662	0.564
LOKIASV2_3845_ESMFold_30S_ribosomal_protein_S9	AF-A0A518BW57-F1-model_v4	AF-A0A518BW57-F1-model_v4 30S ribosomal protein S9	2.973E-07	1.000	229	3	133	133	55	179	179	132	0.985	0.698
LOKIASV2_3845_ESMFold_30S_ribosomal_protein_S9	AF-A0A059LGJ8-F1-model_v4	AF-A0A059LGJ8-F1-model_v4 30S ribosomal protein S9, chloroplastic	3.611E-07	1.000	229	2	133	133	95	222	222	134	0.992	0.577
LOKIASV2_3845_ESMFold_30S_ribosomal_protein_S9	AF-A0A117ME07-F1-model_v4	AF-A0A117ME07-F1-model_v4 30S ribosomal protein S9	7.601E-06	1.000	228	2	103	133	4	103	131	104	0.767	0.763
LOKIASV2_3845_ESMFold_30S_ribosomal_protein_S9	AF-A0A835LEW9-F1-model_v4	AF-A0A835LEW9-F1-model_v4 Uncharacterized protein	2.218E-06	1.000	228	1	71	133	7	79	186	73	0.534	0.392
LOKIASV2_3845_ESMFold_30S_ribosomal_protein_S9	AF-A0A6A2Z5A7-F1-model_v4	AF-A0A6A2Z5A7-F1-model_v4 40S ribosomal protein S16	9.877E-08	1.000	228	7	133	133	147	286	286	142	0.955	0.490
LOKIASV2_3845_ESMFold_30S_ribosomal_protein_S9	AF-G0QR24-F1-model_v4	AF-G0QR24-F1-model_v4 Uncharacterized protein	1.321E-06	1.000	228	2	107	133	374	469	501	107	0.797	0.192
LOKIASV2_3845_ESMFold_30S_ribosomal_protein_S9	AF-A0A3A3A6H1-F1-model_v4	AF-A0A3A3A6H1-F1-model_v4 40s ribosomal protein s16	4.994E-07	1.000	227	10	133	133	3	133	133	131	0.932	0.985
LOKIASV2_3845_ESMFold_30S_ribosomal_protein_S9	AF-Q9XJ27-F1-model_v4	AF-Q9XJ27-F1-model_v4 30S ribosomal protein S9, chloroplastic	2.694E-06	1.000	227	4	103	133	83	180	208	104	0.752	0.471
LOKIASV2_3845_ESMFold_30S_ribosomal_protein_S9	AF-A0A7J6NJ48-F1-model_v4	AF-A0A7J6NJ48-F1-model_v4 Uncharacterized protein	9.549E-07	1.000	227	3	114	133	173	285	470	117	0.842	0.240
LOKIASV2_3845_ESMFold_30S_ribosomal_protein_S9	AF-A0A835VKT3-F1-model_v4	AF-A0A835VKT3-F1-model_v4 Uncharacterized protein	2.875E-06	1.000	227	5	103	133	95	191	695	103	0.744	0.140
LOKIASV2_3845_ESMFold_30S_ribosomal_protein_S9	AF-A0A835IT25-F1-model_v4	AF-A0A835IT25-F1-model_v4 Uncharacterized protein	1.277E-05	1.000	226	2	68	133	10	76	84	67	0.504	0.798
LOKIASV2_3845_ESMFold_30S_ribosomal_protein_S9	AF-A0A847VCK7-F1-model_v4	AF-A0A847VCK7-F1-model_v4 30S ribosomal protein S9	5.152E-06	1.000	226	2	103	133	5	104	115	104	0.767	0.870
LOKIASV2_3845_ESMFold_30S_ribosomal_protein_S9	AF-M4CHU3-F1-model_v4	AF-M4CHU3-F1-model_v4 Uncharacterized protein	2.875E-06	1.000	226	5	103	133	21	117	145	103	0.744	0.669
LOKIASV2_3845_ESMFold_30S_ribosomal_protein_S9	AF-A0A0G1TTW6-F1-model_v4	AF-A0A0G1TTW6-F1-model_v4 30S ribosomal protein S9	1.122E-05	1.000	226	2	103	133	46	145	173	104	0.767	0.578
LOKIASV2_3845_ESMFold_30S_ribosomal_protein_S9	AF-A0A833L139-F1-model_v4	AF-A0A833L139-F1-model_v4 Small subunit ribosomal protein S9	7.124E-06	1.000	226	3	103	133	65	163	191	103	0.759	0.518
LOKIASV2_3845_ESMFold_30S_ribosomal_protein_S9	AF-A0A0K3ALL2-F1-model_v4	AF-A0A0K3ALL2-F1-model_v4 30S ribosomal protein S9	4.241E-06	1.000	226	3	103	133	119	217	245	104	0.759	0.404
LOKIASV2_3845_ESMFold_30S_ribosomal_protein_S9	AF-A0A811KHM8-F1-model_v4	AF-A0A811KHM8-F1-model_v4 Hypothetical protein	6.258E-06	1.000	226	3	102	133	223	321	350	103	0.752	0.283
LOKIASV2_3845_ESMFold_30S_ribosomal_protein_S9	AF-S7MZC7-F1-model_v4	AF-S7MZC7-F1-model_v4 28S ribosomal protein S9, mitochondrial	7.124E-06	1.000	226	3	101	133	331	429	458	101	0.744	0.216
LOKIASV2_3845_ESMFold_30S_ribosomal_protein_S9	AF-A0A1V6EBM9-F1-model_v4	AF-A0A1V6EBM9-F1-model_v4 30S ribosomal protein S9	5.865E-06	1.000	226	2	89	133	603	696	728	95	0.662	0.129
LOKIASV2_3845_ESMFold_30S_ribosomal_protein_S9	AF-A0A7S2PMC2-F1-model_v4	AF-A0A7S2PMC2-F1-model_v4 Hypothetical protein	2.787E-07	1.000	225	17	133	133	2	125	125	124	0.880	0.992
LOKIASV2_3845_ESMFold_30S_ribosomal_protein_S9	AF-A0A2P0QH73-F1-model_v4	AF-A0A2P0QH73-F1-model_v4 30S ribosomal protein S9, chloroplastic	4.828E-06	1.000	225	4	98	133	2	97	127	99	0.714	0.756
LOKIASV2_3845_ESMFold_30S_ribosomal_protein_S9	AF-A0A2H0XJG7-F1-model_v4	AF-A0A2H0XJG7-F1-model_v4 30S ribosomal protein S9	5.685E-07	1.000	225	2	133	133	3	130	130	134	0.992	0.985
LOKIASV2_3845_ESMFold_30S_ribosomal_protein_S9	AF-A0A0T6AUU2-F1-model_v4	AF-A0A0T6AUU2-F1-model_v4 Uncharacterized protein	1.019E-06	1.000	225	9	133	133	2	133	133	132	0.940	0.992
LOKIASV2_3845_ESMFold_30S_ribosomal_protein_S9	AF-A0A2M7X0L7-F1-model_v4	AF-A0A2M7X0L7-F1-model_v4 30S ribosomal protein S9	3.853E-07	1.000	225	3	133	133	9	135	135	132	0.985	0.941
LOKIASV2_3845_ESMFold_30S_ribosomal_protein_S9	AF-A0A1G2CRD0-F1-model_v4	AF-A0A1G2CRD0-F1-model_v4 30S ribosomal protein S9	1.454E-05	1.000	225	2	103	133	8	107	135	104	0.767	0.741
LOKIASV2_3845_ESMFold_30S_ribosomal_protein_S9	AF-A0A101HMP5-F1-model_v4	AF-A0A101HMP5-F1-model_v4 30S ribosomal protein S9	7.601E-06	1.000	225	1	103	133	38	138	167	106	0.774	0.605
LOKIASV2_3845_ESMFold_30S_ribosomal_protein_S9	AF-A0A803N407-F1-model_v4	AF-A0A803N407-F1-model_v4 Uncharacterized protein	3.273E-06	1.000	225	4	103	133	61	158	186	104	0.752	0.527
LOKIASV2_3845_ESMFold_30S_ribosomal_protein_S9	AF-A0A6P6UNY8-F1-model_v4	AF-A0A6P6UNY8-F1-model_v4 30S ribosomal protein S9, chloroplastic-like	2.875E-06	1.000	225	5	102	133	121	216	245	102	0.737	0.392
LOKIASV2_3845_ESMFold_30S_ribosomal_protein_S9	AF-A0A563BEX5-F1-model_v4	AF-A0A563BEX5-F1-model_v4 30S ribosomal protein S9	1.659E-07	1.000	224	1	133	133	3	131	131	143	1.000	0.985
LOKIASV2_3845_ESMFold_30S_ribosomal_protein_S9	AF-A0A2T2T1P4-F1-model_v4	AF-A0A2T2T1P4-F1-model_v4 30S ribosomal protein S9	2.973E-07	1.000	224	1	133	133	4	132	132	136	1.000	0.977
LOKIASV2_3845_ESMFold_30S_ribosomal_protein_S9	AF-A0A7V4QEA3-F1-model_v4	AF-A0A7V4QEA3-F1-model_v4 30S ribosomal protein S9	2.448E-07	1.000	224	3	133	133	21	147	147	133	0.985	0.864
LOKIASV2_3845_ESMFold_30S_ribosomal_protein_S9	AF-A0A0G1JKC5-F1-model_v4	AF-A0A0G1JKC5-F1-model_v4 30S ribosomal protein S9	8.653E-06	1.000	224	2	103	133	57	156	184	104	0.767	0.543
LOKIASV2_3845_ESMFold_30S_ribosomal_protein_S9	AF-A0A093VN95-F1-model_v4	AF-A0A093VN95-F1-model_v4 40S ribosomal protein S16	2.787E-07	1.000	224	13	133	133	51	190	190	140	0.910	0.737
LOKIASV2_3845_ESMFold_30S_ribosomal_protein_S9	AF-Q4UB17-F1-model_v4	AF-Q4UB17-F1-model_v4 Ribosomal protein s9, putative	4.241E-06	1.000	224	3	101	133	114	210	238	102	0.744	0.408
LOKIASV2_3845_ESMFold_30S_ribosomal_protein_S9	AF-A0A813B5R5-F1-model_v4	AF-A0A813B5R5-F1-model_v4 RpsI protein	3.726E-06	1.000	224	3	100	133	159	257	285	103	0.737	0.347
LOKIASV2_3845_ESMFold_30S_ribosomal_protein_S9	AF-A0A3G3LLU2-F1-model_v4	AF-A0A3G3LLU2-F1-model_v4 Ribosomal protein S9	3.492E-06	1.000	223	6	102	133	9	104	139	101	0.729	0.691
LOKIASV2_3845_ESMFold_30S_ribosomal_protein_S9	AF-A0A7C5XYC7-F1-model_v4	AF-A0A7C5XYC7-F1-model_v4 30S ribosomal protein S9	2.973E-07	1.000	223	2	133	133	16	144	144	140	0.992	0.896
LOKIASV2_3845_ESMFold_30S_ribosomal_protein_S9	AF-A0A3R9XMS7-F1-model_v4	AF-A0A3R9XMS7-F1-model_v4 30S ribosomal protein S9	4.680E-07	1.000	223	2	133	133	52	179	179	134	0.992	0.715
LOKIASV2_3845_ESMFold_30S_ribosomal_protein_S9	AF-A0A0G1VVK0-F1-model_v4	AF-A0A0G1VVK0-F1-model_v4 30S ribosomal protein S9	7.124E-06	1.000	223	1	103	133	62	162	190	105	0.774	0.532
LOKIASV2_3845_ESMFold_30S_ribosomal_protein_S9	AF-A0A2K1K235-F1-model_v4	AF-A0A2K1K235-F1-model_v4 Uncharacterized protein	3.273E-06	1.000	223	5	103	133	103	199	200	103	0.744	0.485
LOKIASV2_3845_ESMFold_30S_ribosomal_protein_S9	AF-A0A1J1GVY4-F1-model_v4	AF-A0A1J1GVY4-F1-model_v4 Mitochondrial ribosomal protein S9, putative	8.653E-06	1.000	223	1	88	133	163	250	291	90	0.662	0.302
LOKIASV2_3845_ESMFold_30S_ribosomal_protein_S9	AF-A0A1Y3ERX4-F1-model_v4	AF-A0A1Y3ERX4-F1-model_v4 Ribosomal protein S9	1.766E-05	1.000	222	12	76	133	3	67	68	65	0.489	0.956
LOKIASV2_3845_ESMFold_30S_ribosomal_protein_S9	AF-A0A7C4JR74-F1-model_v4	AF-A0A7C4JR74-F1-model_v4 30S ribosomal protein S9	7.368E-07	1.000	222	1	133	133	1	129	129	135	1.000	1.000
LOKIASV2_3845_ESMFold_30S_ribosomal_protein_S9	AF-A0A2H9TNW2-F1-model_v4	AF-A0A2H9TNW2-F1-model_v4 40S ribosomal protein S16	9.257E-08	1.000	222	1	133	133	1	130	130	140	1.000	1.000
LOKIASV2_3845_ESMFold_30S_ribosomal_protein_S9	AF-A0A2K6PM03-F1-model_v4	AF-A0A2K6PM03-F1-model_v4 Uncharacterized protein	3.385E-07	1.000	222	11	118	133	16	134	142	122	0.812	0.838
LOKIASV2_3845_ESMFold_30S_ribosomal_protein_S9	AF-A0A3A4ZSW2-F1-model_v4	AF-A0A3A4ZSW2-F1-model_v4 30S ribosomal protein S9	1.711E-06	1.000	222	2	107	133	18	113	145	108	0.797	0.662
LOKIASV2_3845_ESMFold_30S_ribosomal_protein_S9	AF-A0A7J6MZC6-F1-model_v4	AF-A0A7J6MZC6-F1-model_v4 Uncharacterized protein	7.601E-06	1.000	222	3	102	133	162	259	289	103	0.752	0.339
LOKIASV2_3845_ESMFold_30S_ribosomal_protein_S9	AF-A0A1Q9CNJ0-F1-model_v4	AF-A0A1Q9CNJ0-F1-model_v4 30S ribosomal protein S9	3.726E-06	1.000	222	3	100	133	206	304	332	103	0.737	0.298
LOKIASV2_3845_ESMFold_30S_ribosomal_protein_S9	AF-A0A0G0FZU6-F1-model_v4	AF-A0A0G0FZU6-F1-model_v4 30S ribosomal protein S9	6.677E-06	1.000	221	1	103	133	1	101	129	105	0.774	0.783
LOKIASV2_3845_ESMFold_30S_ribosomal_protein_S9	AF-A0A1F5DHT4-F1-model_v4	AF-A0A1F5DHT4-F1-model_v4 30S ribosomal protein S9	1.019E-06	1.000	221	2	133	133	1	130	130	135	0.992	1.000
LOKIASV2_3845_ESMFold_30S_ribosomal_protein_S9	AF-A0A2H0REG6-F1-model_v4	AF-A0A2H0REG6-F1-model_v4 30S ribosomal protein S9	1.051E-05	1.000	221	1	103	133	20	120	148	105	0.774	0.682
LOKIASV2_3845_ESMFold_30S_ribosomal_protein_S9	AF-A0A0G0FUU2-F1-model_v4	AF-A0A0G0FUU2-F1-model_v4 30S ribosomal protein S9	9.851E-06	1.000	221	2	103	133	78	177	205	105	0.767	0.488
LOKIASV2_3845_ESMFold_30S_ribosomal_protein_S9	AF-A0A0D3CWK5-F1-model_v4	AF-A0A0D3CWK5-F1-model_v4 Uncharacterized protein	4.525E-06	1.000	221	4	102	133	113	209	238	103	0.744	0.408
LOKIASV2_3845_ESMFold_30S_ribosomal_protein_S9	AF-A0A843USB0-F1-model_v4	AF-A0A843USB0-F1-model_v4 Uncharacterized protein	4.241E-06	1.000	221	4	102	133	134	230	259	103	0.744	0.375
LOKIASV2_3845_ESMFold_30S_ribosomal_protein_S9	AF-A0A813CUT6-F1-model_v4	AF-A0A813CUT6-F1-model_v4 RpsI protein	4.241E-06	1.000	221	3	100	133	183	281	309	103	0.737	0.320
LOKIASV2_3845_ESMFold_30S_ribosomal_protein_S9	AF-A0A4Z2CMU5-F1-model_v4	AF-A0A4Z2CMU5-F1-model_v4 28S ribosomal protein S9	1.454E-05	1.000	221	3	102	133	181	280	309	102	0.752	0.324
LOKIASV2_3845_ESMFold_30S_ribosomal_protein_S9	AF-A0A3L7IN25-F1-model_v4	AF-A0A3L7IN25-F1-model_v4 MRPS9	2.875E-06	1.000	221	3	108	133	253	355	380	108	0.797	0.271
LOKIASV2_3845_ESMFold_30S_ribosomal_protein_S9	AF-A0A0G0BLX5-F1-model_v4	AF-A0A0G0BLX5-F1-model_v4 30S ribosomal protein S9	1.826E-06	1.000	220	4	106	133	6	108	109	105	0.774	0.945
LOKIASV2_3845_ESMFold_30S_ribosomal_protein_S9	AF-A0A832C5K9-F1-model_v4	AF-A0A832C5K9-F1-model_v4 30S ribosomal protein S9	6.258E-06	1.000	220	2	102	133	8	106	136	105	0.759	0.728
LOKIASV2_3845_ESMFold_30S_ribosomal_protein_S9	AF-A0A3D5YNS2-F1-model_v4	AF-A0A3D5YNS2-F1-model_v4 30S ribosomal protein S9	1.655E-05	1.000	220	2	103	133	10	109	137	104	0.767	0.730
LOKIASV2_3845_ESMFold_30S_ribosomal_protein_S9	AF-A0A2E4DHK3-F1-model_v4	AF-A0A2E4DHK3-F1-model_v4 30S ribosomal protein S9	4.994E-07	1.000	220	2	133	133	24	151	151	135	0.992	0.848
LOKIASV2_3845_ESMFold_30S_ribosomal_protein_S9	AF-A0A0G0M317-F1-model_v4	AF-A0A0G0M317-F1-model_v4 30S ribosomal protein S9	1.362E-05	1.000	220	2	103	133	42	141	169	104	0.767	0.592
LOKIASV2_3845_ESMFold_30S_ribosomal_protein_S9	AF-A0A1D3CUK5-F1-model_v4	AF-A0A1D3CUK5-F1-model_v4 Ribosomal protein	2.525E-06	1.000	220	5	85	133	161	241	276	85	0.609	0.293
LOKIASV2_3845_ESMFold_30S_ribosomal_protein_S9	AF-A0A6P7XXP9-F1-model_v4	AF-A0A6P7XXP9-F1-model_v4 28S ribosomal protein S9, mitochondrial isoform X1	3.273E-06	1.000	220	3	108	133	268	370	395	108	0.797	0.261
LOKIASV2_3845_ESMFold_30S_ribosomal_protein_S9	AF-A0A2D4FNL9-F1-model_v4	AF-A0A2D4FNL9-F1-model_v4 Uncharacterized protein	1.122E-05	1.000	220	3	101	133	270	368	397	101	0.744	0.249
LOKIASV2_3845_ESMFold_30S_ribosomal_protein_S9	AF-A0A0F7U6T3-F1-model_v4	AF-A0A0F7U6T3-F1-model_v4 30S ribosomal protein S9, related	1.051E-05	1.000	220	3	87	133	386	470	512	87	0.639	0.166
LOKIASV2_3845_ESMFold_30S_ribosomal_protein_S9	AF-A0A0F9B1P1-F1-model_v4	AF-A0A0F9B1P1-F1-model_v4 Uncharacterized protein	5.685E-07	1.000	219	3	119	133	7	121	146	119	0.880	0.788
LOKIASV2_3845_ESMFold_30S_ribosomal_protein_S9	AF-A0A6A5DJ17-F1-model_v4	AF-A0A6A5DJ17-F1-model_v4 Uncharacterized protein	1.551E-05	1.000	219	3	102	133	187	286	315	102	0.752	0.317
LOKIASV2_3845_ESMFold_30S_ribosomal_protein_S9	AF-A0A4V1SFZ5-F1-model_v4	AF-A0A4V1SFZ5-F1-model_v4 30S ribosomal protein S9	2.448E-07	1.000	218	2	133	133	3	130	130	141	0.992	0.985
LOKIASV2_3845_ESMFold_30S_ribosomal_protein_S9	AF-A0A455RF23-F1-model_v4	AF-A0A455RF23-F1-model_v4 Ribosomal protein S9	3.726E-06	1.000	218	2	102	133	11	109	138	106	0.759	0.717
LOKIASV2_3845_ESMFold_30S_ribosomal_protein_S9	AF-A0A3M1SXL8-F1-model_v4	AF-A0A3M1SXL8-F1-model_v4 30S ribosomal protein S9	4.994E-07	1.000	218	3	133	133	15	141	141	133	0.985	0.901
LOKIASV2_3845_ESMFold_30S_ribosomal_protein_S9	AF-A0A2M7Z5Z8-F1-model_v4	AF-A0A2M7Z5Z8-F1-model_v4 30S ribosomal protein S9	1.197E-05	1.000	218	2	103	133	29	128	156	104	0.767	0.641
LOKIASV2_3845_ESMFold_30S_ribosomal_protein_S9	AF-A0A5J4NAB2-F1-model_v4	AF-A0A5J4NAB2-F1-model_v4 Small subunit ribosomal protein S9	1.454E-05	1.000	218	3	102	133	207	306	378	103	0.752	0.265
LOKIASV2_3845_ESMFold_30S_ribosomal_protein_S9	AF-A0A1G2KS37-F1-model_v4	AF-A0A1G2KS37-F1-model_v4 30S ribosomal protein S9	2.288E-05	1.000	217	2	103	133	5	104	132	104	0.767	0.758
LOKIASV2_3845_ESMFold_30S_ribosomal_protein_S9	AF-A0A7T1C540-F1-model_v4	AF-A0A7T1C540-F1-model_v4 Ribosomal protein S9	2.079E-06	1.000	217	2	103	133	28	127	155	106	0.767	0.645
LOKIASV2_3845_ESMFold_30S_ribosomal_protein_S9	AF-A0A1W9P8V4-F1-model_v4	AF-A0A1W9P8V4-F1-model_v4 30S ribosomal protein S9	1.200E-07	1.000	217	2	133	133	29	156	156	142	0.992	0.821
LOKIASV2_3845_ESMFold_30S_ribosomal_protein_S9	AF-A0A067GXG4-F1-model_v4	AF-A0A067GXG4-F1-model_v4 Uncharacterized protein	5.152E-06	1.000	217	4	87	133	98	181	182	88	0.632	0.462
LOKIASV2_3845_ESMFold_30S_ribosomal_protein_S9	AF-A0A2M7BYX4-F1-model_v4	AF-A0A2M7BYX4-F1-model_v4 30S ribosomal protein S9	2.010E-05	1.000	216	2	103	133	40	139	167	104	0.767	0.599
LOKIASV2_3845_ESMFold_30S_ribosomal_protein_S9	AF-A0A7R9MD50-F1-model_v4	AF-A0A7R9MD50-F1-model_v4 Hypothetical protein	6.677E-06	1.000	215	2	96	133	1	96	97	96	0.714	0.990
LOKIASV2_3845_ESMFold_30S_ribosomal_protein_S9	AF-A0A410D311-F1-model_v4	AF-A0A410D311-F1-model_v4 Ribosomal protein S9	1.711E-06	1.000	215	4	106	133	11	107	136	105	0.774	0.713
LOKIASV2_3845_ESMFold_30S_ribosomal_protein_S9	AF-C9MUP2-F1-model_v4	AF-C9MUP2-F1-model_v4 30S ribosomal protein S9	2.145E-05	1.000	215	2	103	133	5	104	159	104	0.767	0.629
LOKIASV2_3845_ESMFold_30S_ribosomal_protein_S9	AF-A0A0G0X952-F1-model_v4	AF-A0A0G0X952-F1-model_v4 30S ribosomal protein S9	9.549E-07	1.000	215	2	133	133	35	164	164	134	0.992	0.793
LOKIASV2_3845_ESMFold_30S_ribosomal_protein_S9	AF-Q7P3E8-F1-model_v4	AF-Q7P3E8-F1-model_v4 SSU ribosomal protein S9P	3.602E-05	1.000	214	1	91	133	5	95	101	93	0.684	0.901
LOKIASV2_3845_ESMFold_30S_ribosomal_protein_S9	AF-A0A2V7VFV6-F1-model_v4	AF-A0A2V7VFV6-F1-model_v4 30S ribosomal protein S9	9.549E-07	1.000	214	2	132	133	6	132	145	133	0.985	0.876
LOKIASV2_3845_ESMFold_30S_ribosomal_protein_S9	AF-A0A097KK27-F1-model_v4	AF-A0A097KK27-F1-model_v4 30S ribosomal protein S9, chloroplastic	5.685E-07	1.000	214	4	105	133	14	120	149	111	0.767	0.718
LOKIASV2_3845_ESMFold_30S_ribosomal_protein_S9	AF-A0A0G0KED4-F1-model_v4	AF-A0A0G0KED4-F1-model_v4 30S ribosomal protein S9	1.197E-05	1.000	214	2	102	133	40	138	167	103	0.759	0.593
LOKIASV2_3845_ESMFold_30S_ribosomal_protein_S9	AF-A0A1E5R4X3-F1-model_v4	AF-A0A1E5R4X3-F1-model_v4 37S ribosomal protein S9, mitochondrial	1.321E-06	1.000	214	3	125	133	182	300	308	125	0.925	0.386
LOKIASV2_3845_ESMFold_30S_ribosomal_protein_S9	AF-A0A0G4HXQ6-F1-model_v4	AF-A0A0G4HXQ6-F1-model_v4 Uncharacterized protein	6.066E-07	1.000	213	1	133	133	7	135	135	137	1.000	0.956
LOKIASV2_3845_ESMFold_30S_ribosomal_protein_S9	AF-A0A086QSL6-F1-model_v4	AF-A0A086QSL6-F1-model_v4 Putative ribosomal protein S9	5.152E-06	1.000	213	1	88	133	1	99	140	101	0.662	0.707
LOKIASV2_3845_ESMFold_30S_ribosomal_protein_S9	AF-A0A7Y5UUZ2-F1-model_v4	AF-A0A7Y5UUZ2-F1-model_v4 30S ribosomal protein S9	1.238E-06	1.000	213	2	133	133	21	148	148	134	0.992	0.865
LOKIASV2_3845_ESMFold_30S_ribosomal_protein_S9	AF-A0A496S0U2-F1-model_v4	AF-A0A496S0U2-F1-model_v4 30S ribosomal protein S9	2.150E-07	1.000	213	2	133	133	21	148	148	144	0.992	0.865
LOKIASV2_3845_ESMFold_30S_ribosomal_protein_S9	AF-A0A1W9TLS5-F1-model_v4	AF-A0A1W9TLS5-F1-model_v4 30S ribosomal protein S9	1.321E-06	1.000	212	2	133	133	5	132	132	134	0.992	0.970
LOKIASV2_3845_ESMFold_30S_ribosomal_protein_S9	AF-A0A2M7UUB5-F1-model_v4	AF-A0A2M7UUB5-F1-model_v4 30S ribosomal protein S9	2.779E-05	1.000	212	2	103	133	88	187	215	104	0.767	0.465
LOKIASV2_3845_ESMFold_30S_ribosomal_protein_S9	AF-A0A5A7QTZ8-F1-model_v4	AF-A0A5A7QTZ8-F1-model_v4 30S ribosomal protein S9	7.601E-06	1.000	212	5	103	133	130	226	254	103	0.744	0.382
LOKIASV2_3845_ESMFold_30S_ribosomal_protein_S9	AF-A0A2M7PUR0-F1-model_v4	AF-A0A2M7PUR0-F1-model_v4 30S ribosomal protein S9	3.376E-05	1.000	211	5	86	133	2	83	85	84	0.617	0.965
LOKIASV2_3845_ESMFold_30S_ribosomal_protein_S9	AF-A0A1X9RQ59-F1-model_v4	AF-A0A1X9RQ59-F1-model_v4 30S ribosomal protein S9, chloroplastic	8.653E-06	1.000	211	4	102	133	2	98	127	103	0.744	0.764
LOKIASV2_3845_ESMFold_30S_ribosomal_protein_S9	AF-A0A8A6KIS3-F1-model_v4	AF-A0A8A6KIS3-F1-model_v4 Ribosomal protein S9	6.677E-06	1.000	211	5	102	133	7	102	131	102	0.737	0.733
LOKIASV2_3845_ESMFold_30S_ribosomal_protein_S9	AF-A0A7G1MPM8-F1-model_v4	AF-A0A7G1MPM8-F1-model_v4 Ribosomal protein S9	6.677E-06	1.000	211	1	99	133	9	108	137	102	0.744	0.730
LOKIASV2_3845_ESMFold_30S_ribosomal_protein_S9	AF-A0A0G0T1B2-F1-model_v4	AF-A0A0G0T1B2-F1-model_v4 30S ribosomal protein S9	2.779E-05	1.000	211	2	103	133	9	110	138	104	0.767	0.739
LOKIASV2_3845_ESMFold_30S_ribosomal_protein_S9	AF-A0A7J6PT04-F1-model_v4	AF-A0A7J6PT04-F1-model_v4 Uncharacterized protein	7.601E-06	1.000	211	3	79	133	387	463	482	79	0.579	0.160
LOKIASV2_3845_ESMFold_30S_ribosomal_protein_S9	AF-A0A3Q1B750-F1-model_v4	AF-A0A3Q1B750-F1-model_v4 Ribosomal protein S16	1.321E-06	1.000	210	3	98	133	9	105	108	102	0.722	0.898
LOKIASV2_3845_ESMFold_30S_ribosomal_protein_S9	AF-A0A7W4DSJ2-F1-model_v4	AF-A0A7W4DSJ2-F1-model_v4 30S ribosomal protein S9	4.387E-07	1.000	210	1	133	133	3	131	131	145	1.000	0.985
LOKIASV2_3845_ESMFold_30S_ribosomal_protein_S9	AF-A0A563C8V6-F1-model_v4	AF-A0A563C8V6-F1-model_v4 30S ribosomal protein S9	3.853E-07	1.000	210	2	133	133	5	132	132	144	0.992	0.970
LOKIASV2_3845_ESMFold_30S_ribosomal_protein_S9	AF-A0A7T9I319-F1-model_v4	AF-A0A7T9I319-F1-model_v4 30S ribosomal protein S9	1.604E-06	1.000	210	1	133	133	23	149	149	133	1.000	0.852
LOKIASV2_3845_ESMFold_30S_ribosomal_protein_S9	AF-A0A350HEW5-F1-model_v4	AF-A0A350HEW5-F1-model_v4 30S ribosomal protein S9	6.258E-06	1.000	210	3	93	133	9	99	178	96	0.684	0.511
LOKIASV2_3845_ESMFold_30S_ribosomal_protein_S9	AF-A0A061FBI8-F1-model_v4	AF-A0A061FBI8-F1-model_v4 Ribosomal protein S9 isoform 2	9.851E-06	1.000	210	5	102	133	131	226	255	102	0.737	0.376
LOKIASV2_3845_ESMFold_30S_ribosomal_protein_S9	AF-A0A7S1BT09-F1-model_v4	AF-A0A7S1BT09-F1-model_v4 Hypothetical protein	1.321E-06	1.000	210	3	133	133	149	275	275	133	0.985	0.462
LOKIASV2_3845_ESMFold_30S_ribosomal_protein_S9	AF-A0A5P1FA46-F1-model_v4	AF-A0A5P1FA46-F1-model_v4 Uncharacterized protein	1.051E-05	1.000	210	5	102	133	153	248	277	102	0.737	0.347
LOKIASV2_3845_ESMFold_30S_ribosomal_protein_S9	AF-A0A419Q257-F1-model_v4	AF-A0A419Q257-F1-model_v4 28S ribosomal protein S9	2.145E-05	1.000	210	3	95	133	135	226	297	95	0.699	0.310
LOKIASV2_3845_ESMFold_30S_ribosomal_protein_S9	AF-A0A3M1ZGW1-F1-model_v4	AF-A0A3M1ZGW1-F1-model_v4 30S ribosomal protein S9	1.766E-05	1.000	209	2	79	133	4	81	83	80	0.586	0.940
LOKIASV2_3845_ESMFold_30S_ribosomal_protein_S9	AF-A0A2R6R3H0-F1-model_v4	AF-A0A2R6R3H0-F1-model_v4 F-box/FBD/LRR-repeat protein	5.685E-07	1.000	209	4	133	133	485	610	610	134	0.977	0.207
LOKIASV2_3845_ESMFold_30S_ribosomal_protein_S9	AF-A0A6A4TGF8-F1-model_v4	AF-A0A6A4TGF8-F1-model_v4 Uncharacterized protein	2.787E-07	1.000	209	3	115	133	167	299	744	135	0.850	0.179
LOKIASV2_3845_ESMFold_30S_ribosomal_protein_S9	AF-A0A0C2MMW3-F1-model_v4	AF-A0A0C2MMW3-F1-model_v4 30S ribosomal protein S9	1.019E-06	1.000	208	1	125	133	36	154	159	132	0.940	0.748
LOKIASV2_3845_ESMFold_30S_ribosomal_protein_S9	AF-A0A6P6RZN6-F1-model_v4	AF-A0A6P6RZN6-F1-model_v4 uncharacterized protein LOC34618247	4.387E-07	1.000	208	5	133	133	77	201	201	133	0.970	0.622
LOKIASV2_3845_ESMFold_30S_ribosomal_protein_S9	AF-A0A258G069-F1-model_v4	AF-A0A258G069-F1-model_v4 30S ribosomal protein S9	1.826E-06	1.000	207	2	109	133	6	106	125	112	0.812	0.808
LOKIASV2_3845_ESMFold_30S_ribosomal_protein_S9	AF-A0A6A2XGE5-F1-model_v4	AF-A0A6A2XGE5-F1-model_v4 30S ribosomal protein S9	1.454E-05	1.000	206	5	102	133	84	179	230	102	0.737	0.417
LOKIASV2_3845_ESMFold_30S_ribosomal_protein_S9	AF-A0A834CKU5-F1-model_v4	AF-A0A834CKU5-F1-model_v4 28S ribosomal protein S9, mitochondrial	1.362E-05	1.000	206	3	108	133	231	333	358	108	0.797	0.288
LOKIASV2_3845_ESMFold_30S_ribosomal_protein_S9	AF-A0A4U5M605-F1-model_v4	AF-A0A4U5M605-F1-model_v4 Uncharacterized protein	3.602E-05	1.000	206	3	102	133	288	386	415	103	0.752	0.239
LOKIASV2_3845_ESMFold_30S_ribosomal_protein_S9	AF-A0A6N4ATS8-F1-model_v4	AF-A0A6N4ATS8-F1-model_v4 30S ribosomal protein S9	7.601E-06	1.000	205	2	79	133	8	85	87	82	0.586	0.897
LOKIASV2_3845_ESMFold_30S_ribosomal_protein_S9	AF-A0A7C3VA80-F1-model_v4	AF-A0A7C3VA80-F1-model_v4 30S ribosomal protein S9	2.694E-06	1.000	205	1	133	133	1	129	129	136	1.000	1.000
LOKIASV2_3845_ESMFold_30S_ribosomal_protein_S9	AF-A0A3M1X7X2-F1-model_v4	AF-A0A3M1X7X2-F1-model_v4 30S ribosomal protein S9	7.862E-07	1.000	205	2	125	133	7	126	134	134	0.932	0.896
LOKIASV2_3845_ESMFold_30S_ribosomal_protein_S9	AF-A0A1J5IQ08-F1-model_v4	AF-A0A1J5IQ08-F1-model_v4 30S ribosomal protein S9	2.875E-06	1.000	205	2	125	133	16	135	143	126	0.932	0.839
LOKIASV2_3845_ESMFold_30S_ribosomal_protein_S9	AF-A0A3M7RZC1-F1-model_v4	AF-A0A3M7RZC1-F1-model_v4 28S ribosomal mitochondrial	2.288E-05	1.000	205	2	103	133	15	118	146	107	0.767	0.712
LOKIASV2_3845_ESMFold_30S_ribosomal_protein_S9	AF-A0A427AC49-F1-model_v4	AF-A0A427AC49-F1-model_v4 Uncharacterized protein	1.604E-06	1.000	205	15	133	133	47	177	177	131	0.895	0.740
LOKIASV2_3845_ESMFold_30S_ribosomal_protein_S9	AF-A0A446RZM1-F1-model_v4	AF-A0A446RZM1-F1-model_v4 Uncharacterized protein	4.101E-05	1.000	204	3	67	133	12	76	100	65	0.489	0.650
LOKIASV2_3845_ESMFold_30S_ribosomal_protein_S9	AF-A0A3D0ZRQ0-F1-model_v4	AF-A0A3D0ZRQ0-F1-model_v4 30S ribosomal protein S9	2.525E-06	1.000	204	2	133	133	15	144	144	134	0.992	0.903
LOKIASV2_3845_ESMFold_30S_ribosomal_protein_S9	AF-A0A7J6NIP5-F1-model_v4	AF-A0A7J6NIP5-F1-model_v4 Uncharacterized protein	1.551E-05	1.000	204	3	79	133	174	250	269	79	0.579	0.286
LOKIASV2_3845_ESMFold_30S_ribosomal_protein_S9	AF-R7UIH9-F1-model_v4	AF-R7UIH9-F1-model_v4 Uncharacterized protein	1.766E-05	1.000	204	3	80	133	210	287	316	80	0.586	0.247
LOKIASV2_3845_ESMFold_30S_ribosomal_protein_S9	AF-A0A426Z7Y5-F1-model_v4	AF-A0A426Z7Y5-F1-model_v4 Uncharacterized protein	1.604E-06	1.000	203	3	91	133	8	110	115	104	0.669	0.896
LOKIASV2_3845_ESMFold_30S_ribosomal_protein_S9	AF-A0A0S2UP02-F1-model_v4	AF-A0A0S2UP02-F1-model_v4 30S ribosomal protein S9	1.277E-05	1.000	203	1	111	133	2	108	130	114	0.835	0.823
LOKIASV2_3845_ESMFold_30S_ribosomal_protein_S9	AF-A0A1F4SS12-F1-model_v4	AF-A0A1F4SS12-F1-model_v4 30S ribosomal protein S9	5.685E-07	1.000	203	2	133	133	14	141	141	142	0.992	0.908
LOKIASV2_3845_ESMFold_30S_ribosomal_protein_S9	AF-A0A7J6UDF6-F1-model_v4	AF-A0A7J6UDF6-F1-model_v4 Uncharacterized protein	1.277E-05	1.000	203	3	78	133	245	320	334	78	0.571	0.228
LOKIASV2_3845_ESMFold_30S_ribosomal_protein_S9	AF-A0A2T7HYZ0-F1-model_v4	AF-A0A2T7HYZ0-F1-model_v4 Ribosomal protein S9	2.218E-06	1.000	203	3	123	133	346	459	470	123	0.910	0.243
LOKIASV2_3845_ESMFold_30S_ribosomal_protein_S9	AF-A0A2G0V769-F1-model_v4	AF-A0A2G0V769-F1-model_v4 30S ribosomal protein S9	3.492E-06	1.000	202	2	133	133	3	130	130	134	0.992	0.985
LOKIASV2_3845_ESMFold_30S_ribosomal_protein_S9	AF-A0A7S6PV37-F1-model_v4	AF-A0A7S6PV37-F1-model_v4 Ribosomal protein S9	5.328E-07	1.000	202	3	133	133	10	136	136	140	0.985	0.934
LOKIASV2_3845_ESMFold_30S_ribosomal_protein_S9	AF-A0A2G9YTW6-F1-model_v4	AF-A0A2G9YTW6-F1-model_v4 30S ribosomal protein S9	2.694E-06	1.000	202	2	125	133	46	165	173	130	0.932	0.694
LOKIASV2_3845_ESMFold_30S_ribosomal_protein_S9	AF-Q9XJ28-F1-model_v4	AF-Q9XJ28-F1-model_v4 30S ribosomal protein S9, chloroplast, putative, expressed	1.160E-06	1.000	202	5	133	133	99	223	223	133	0.970	0.561
LOKIASV2_3845_ESMFold_30S_ribosomal_protein_S9	AF-A0A812LXL7-F1-model_v4	AF-A0A812LXL7-F1-model_v4 RpsI protein	2.079E-06	1.000	202	3	125	133	125	243	251	127	0.925	0.474
LOKIASV2_3845_ESMFold_30S_ribosomal_protein_S9	AF-A0A7J8FKD9-F1-model_v4	AF-A0A7J8FKD9-F1-model_v4 Mitochondrial ribosomal protein S9	1.826E-06	1.000	201	3	133	133	179	306	306	133	0.985	0.418
LOKIASV2_3845_ESMFold_30S_ribosomal_protein_S9	AF-A0A671WUA9-F1-model_v4	AF-A0A671WUA9-F1-model_v4 Mitochondrial ribosomal protein S9	4.241E-06	1.000	201	3	133	133	202	329	329	133	0.985	0.389
LOKIASV2_3845_ESMFold_30S_ribosomal_protein_S9	AF-A0A1W0A8R0-F1-model_v4	AF-A0A1W0A8R0-F1-model_v4 40S ribosomal protein S16	4.375E-05	1.000	201	2	72	133	10	80	521	71	0.534	0.136
LOKIASV2_3845_ESMFold_30S_ribosomal_protein_S9	AF-A0A2H6K7M9-F1-model_v4	AF-A0A2H6K7M9-F1-model_v4 30S ribosomal protein S9	1.238E-06	1.000	200	1	133	133	734	863	863	137	1.000	0.151
LOKIASV2_3845_ESMFold_30S_ribosomal_protein_S9	AF-A0A3P7M6J1-F1-model_v4	AF-A0A3P7M6J1-F1-model_v4 Uncharacterized protein	8.110E-06	1.000	199	2	125	133	8	131	136	128	0.932	0.912
LOKIASV2_3845_ESMFold_30S_ribosomal_protein_S9	AF-A0A0F9Y9H7-F1-model_v4	AF-A0A0F9Y9H7-F1-model_v4 30S ribosomal protein S9	1.019E-06	1.000	199	4	133	133	21	144	144	139	0.977	0.861
LOKIASV2_3845_ESMFold_30S_ribosomal_protein_S9	AF-A0A2H0B6R2-F1-model_v4	AF-A0A2H0B6R2-F1-model_v4 30S ribosomal protein S9	5.497E-06	1.000	199	3	133	133	16	144	144	134	0.985	0.896
LOKIASV2_3845_ESMFold_30S_ribosomal_protein_S9	AF-H9BA12-F1-model_v4	AF-H9BA12-F1-model_v4 Uncharacterized protein	1.122E-05	1.000	198	3	107	133	266	365	392	109	0.789	0.255
LOKIASV2_3845_ESMFold_30S_ribosomal_protein_S9	AF-A0A2R6L7T5-F1-model_v4	AF-A0A2R6L7T5-F1-model_v4 30S ribosomal protein S9	3.843E-05	1.000	197	2	64	133	1	63	64	63	0.474	0.984
LOKIASV2_3845_ESMFold_30S_ribosomal_protein_S9	AF-A0A2G9ZE82-F1-model_v4	AF-A0A2G9ZE82-F1-model_v4 30S ribosomal protein S9	3.164E-05	1.000	197	2	103	133	14	113	141	107	0.767	0.709
LOKIASV2_3845_ESMFold_30S_ribosomal_protein_S9	AF-A0A024B318-F1-model_v4	AF-A0A024B318-F1-model_v4 30S ribosomal protein S9, chloroplastic	6.677E-06	1.000	197	5	107	133	25	122	149	107	0.774	0.658
LOKIASV2_3845_ESMFold_30S_ribosomal_protein_S9	AF-A0A835TYN9-F1-model_v4	AF-A0A835TYN9-F1-model_v4 Uncharacterized protein	8.950E-07	1.000	197	3	109	133	258	379	818	124	0.805	0.149
LOKIASV2_3845_ESMFold_30S_ribosomal_protein_S9	AF-A0A7V5VRW9-F1-model_v4	AF-A0A7V5VRW9-F1-model_v4 30S ribosomal protein S9	5.497E-06	1.000	196	5	133	133	2	126	126	130	0.970	0.992
LOKIASV2_3845_ESMFold_30S_ribosomal_protein_S9	AF-A0A2H0SLC5-F1-model_v4	AF-A0A2H0SLC5-F1-model_v4 30S ribosomal protein S9	3.067E-06	1.000	196	1	125	133	41	162	170	130	0.940	0.718
LOKIASV2_3845_ESMFold_30S_ribosomal_protein_S9	AF-A0A075AYI4-F1-model_v4	AF-A0A075AYI4-F1-model_v4 Ribosomal protein S5 2-type fold, subgroup domain-containing protein	1.122E-05	1.000	196	5	107	133	139	231	263	105	0.774	0.354
LOKIASV2_3845_ESMFold_30S_ribosomal_protein_S9	AF-A0A1R3HXH1-F1-model_v4	AF-A0A1R3HXH1-F1-model_v4 Ribosomal protein S9	3.067E-06	1.000	195	5	125	133	85	201	339	125	0.910	0.345
LOKIASV2_3845_ESMFold_30S_ribosomal_protein_S9	AF-Q8ILW1-F1-model_v4	AF-Q8ILW1-F1-model_v4 30S ribosomal protein S9, putative	4.828E-06	1.000	194	2	133	133	515	643	643	136	0.992	0.201
LOKIASV2_3845_ESMFold_30S_ribosomal_protein_S9	AF-A0A088CI77-F1-model_v4	AF-A0A088CI77-F1-model_v4 30S ribosomal protein S9, chloroplastic	2.218E-06	1.000	193	2	133	133	16	144	144	141	0.992	0.896
LOKIASV2_3845_ESMFold_30S_ribosomal_protein_S9	AF-A0A5K4F8E7-F1-model_v4	AF-A0A5K4F8E7-F1-model_v4 Uncharacterized protein	9.233E-06	1.000	193	3	125	133	258	378	386	125	0.925	0.313
LOKIASV2_3845_ESMFold_30S_ribosomal_protein_S9	AF-A0A4Q5Z7D2-F1-model_v4	AF-A0A4Q5Z7D2-F1-model_v4 30S ribosomal protein S9	7.349E-05	1.000	192	5	91	133	24	109	114	88	0.654	0.754
LOKIASV2_3845_ESMFold_30S_ribosomal_protein_S9	AF-A0A0G1VMZ1-F1-model_v4	AF-A0A0G1VMZ1-F1-model_v4 30S ribosomal protein S9	4.981E-05	1.000	192	1	102	133	23	124	151	104	0.767	0.675
LOKIASV2_3845_ESMFold_30S_ribosomal_protein_S9	AF-S8CMA5-F1-model_v4	AF-S8CMA5-F1-model_v4 Uncharacterized protein	3.067E-06	1.000	192	4	133	133	40	165	165	134	0.977	0.764
LOKIASV2_3845_ESMFold_30S_ribosomal_protein_S9	AF-A0A2H0XXI7-F1-model_v4	AF-A0A2H0XXI7-F1-model_v4 30S ribosomal protein S9	8.388E-07	1.000	192	1	133	133	64	192	192	147	1.000	0.672
LOKIASV2_3845_ESMFold_30S_ribosomal_protein_S9	AF-A0A7T0BRN3-F1-model_v4	AF-A0A7T0BRN3-F1-model_v4 30S ribosomal protein S9	1.503E-06	1.000	191	1	133	133	1	127	127	145	1.000	1.000
LOKIASV2_3845_ESMFold_30S_ribosomal_protein_S9	AF-A0A7S2THQ7-F1-model_v4	AF-A0A7S2THQ7-F1-model_v4 Hypothetical protein	5.152E-06	1.000	191	4	125	133	95	221	229	134	0.917	0.555
LOKIASV2_3845_ESMFold_30S_ribosomal_protein_S9	AF-M3WWQ7-F1-model_v4	AF-M3WWQ7-F1-model_v4 Mitochondrial ribosomal protein S9	5.152E-06	1.000	191	3	133	133	397	524	524	133	0.985	0.244
LOKIASV2_3845_ESMFold_30S_ribosomal_protein_S9	AF-A0A3B0MMV3-F1-model_v4	AF-A0A3B0MMV3-F1-model_v4 Ribosomal protein S9/S16, putative	9.851E-06	1.000	191	2	103	133	506	606	634	107	0.767	0.159
LOKIASV2_3845_ESMFold_30S_ribosomal_protein_S9	AF-A0A5B0MBN4-F1-model_v4	AF-A0A5B0MBN4-F1-model_v4 40S ribosomal protein S16	1.362E-05	1.000	190	3	88	133	6	95	96	90	0.647	0.938
LOKIASV2_3845_ESMFold_30S_ribosomal_protein_S9	AF-J9QTS3-F1-model_v4	AF-J9QTS3-F1-model_v4 30S ribosomal protein S9	4.828E-06	1.000	190	4	133	133	10	139	139	138	0.977	0.935
LOKIASV2_3845_ESMFold_30S_ribosomal_protein_S9	AF-A0A2U9AWC3-F1-model_v4	AF-A0A2U9AWC3-F1-model_v4 Putative SLAIN motif-containing protein 1-like	1.503E-06	1.000	190	3	118	133	258	391	867	136	0.872	0.155
LOKIASV2_3845_ESMFold_30S_ribosomal_protein_S9	AF-M0YG08-F1-model_v4	AF-M0YG08-F1-model_v4 Uncharacterized protein	1.160E-06	1.000	189	5	133	133	140	264	264	139	0.970	0.473
LOKIASV2_3845_ESMFold_30S_ribosomal_protein_S9	AF-A0A2E9WQG3-F1-model_v4	AF-A0A2E9WQG3-F1-model_v4 30S ribosomal protein S9	2.074E-04	1.000	188	2	102	133	19	117	146	103	0.759	0.678
LOKIASV2_3845_ESMFold_30S_ribosomal_protein_S9	AF-A0A4Q5NIC5-F1-model_v4	AF-A0A4Q5NIC5-F1-model_v4 30S ribosomal protein S9	1.503E-06	1.000	187	2	133	133	34	161	161	145	0.992	0.795
LOKIASV2_3845_ESMFold_30S_ribosomal_protein_S9	AF-A0A7M3RT36-F1-model_v4	AF-A0A7M3RT36-F1-model_v4 Hypothetical protein	1.766E-05	1.000	187	3	125	133	258	380	388	128	0.925	0.317
LOKIASV2_3845_ESMFold_30S_ribosomal_protein_S9	AF-A0A1F6ZZ16-F1-model_v4	AF-A0A1F6ZZ16-F1-model_v4 30S ribosomal protein S9	9.233E-06	1.000	186	1	133	133	4	133	133	138	1.000	0.977
LOKIASV2_3845_ESMFold_30S_ribosomal_protein_S9	AF-A0A835P047-F1-model_v4	AF-A0A835P047-F1-model_v4 Uncharacterized protein	3.975E-06	1.000	186	11	133	133	3	124	136	130	0.925	0.897
LOKIASV2_3845_ESMFold_30S_ribosomal_protein_S9	AF-A0A1V9VB99-F1-model_v4	AF-A0A1V9VB99-F1-model_v4 Multifunctional fusion protein	9.233E-06	1.000	186	10	133	133	138	257	257	126	0.932	0.467
LOKIASV2_3845_ESMFold_30S_ribosomal_protein_S9	AF-A0A1F5EKM5-F1-model_v4	AF-A0A1F5EKM5-F1-model_v4 30S ribosomal protein S9	2.687E-04	1.000	185	5	102	133	2	97	126	100	0.737	0.762
LOKIASV2_3845_ESMFold_30S_ribosomal_protein_S9	AF-A0A350R649-F1-model_v4	AF-A0A350R649-F1-model_v4 30S ribosomal protein S9	5.497E-06	1.000	185	4	125	133	34	152	160	127	0.917	0.744
LOKIASV2_3845_ESMFold_30S_ribosomal_protein_S9	AF-A0A183APK9-F1-model_v4	AF-A0A183APK9-F1-model_v4 Uncharacterized protein	3.164E-05	1.000	184	3	125	133	46	166	170	125	0.925	0.712
LOKIASV2_3845_ESMFold_30S_ribosomal_protein_S9	AF-A0A0G4E8L5-F1-model_v4	AF-A0A0G4E8L5-F1-model_v4 Uncharacterized protein	1.051E-05	1.000	183	4	125	133	29	146	154	126	0.917	0.766
LOKIASV2_3845_ESMFold_30S_ribosomal_protein_S9	AF-A0A5F9D663-F1-model_v4	AF-A0A5F9D663-F1-model_v4 Uncharacterized protein	8.367E-05	1.000	183	1	73	133	7	75	163	73	0.549	0.423
LOKIASV2_3845_ESMFold_30S_ribosomal_protein_S9	AF-A0A1X1BP91-F1-model_v4	AF-A0A1X1BP91-F1-model_v4 Ribosome biogenesis protein NOP53	8.653E-06	1.000	183	1	131	133	510	637	1176	136	0.985	0.109
LOKIASV2_3845_ESMFold_30S_ribosomal_protein_S9	AF-A0A0G1LQ65-F1-model_v4	AF-A0A0G1LQ65-F1-model_v4 30S ribosomal protein S9	6.258E-06	1.000	181	5	133	133	63	188	188	134	0.970	0.670
LOKIASV2_3845_ESMFold_30S_ribosomal_protein_S9	AF-U6KKW1-F1-model_v4	AF-U6KKW1-F1-model_v4 Ribosomal protein S9, putative	6.677E-06	1.000	181	5	133	133	224	348	348	133	0.970	0.359
LOKIASV2_3845_ESMFold_30S_ribosomal_protein_S9	AF-A0A5C0F4Z8-F1-model_v4	AF-A0A5C0F4Z8-F1-model_v4 30S ribosomal protein S9	1.122E-05	1.000	180	5	133	133	11	135	135	138	0.970	0.926
LOKIASV2_3845_ESMFold_30S_ribosomal_protein_S9	AF-A0A0R3U5X6-F1-model_v4	AF-A0A0R3U5X6-F1-model_v4 Uncharacterized protein	2.605E-05	1.000	180	3	125	133	144	266	274	128	0.925	0.449
LOKIASV2_3845_ESMFold_30S_ribosomal_protein_S9	AF-A0A5C7I549-F1-model_v4	AF-A0A5C7I549-F1-model_v4 Uncharacterized protein	8.927E-05	1.000	179	13	80	133	2	69	135	68	0.511	0.504
LOKIASV2_3845_ESMFold_30S_ribosomal_protein_S9	AF-A0A097KJS1-F1-model_v4	AF-A0A097KJS1-F1-model_v4 30S ribosomal protein S9, chloroplastic	3.726E-06	1.000	179	2	133	133	35	162	162	144	0.992	0.790
LOKIASV2_3845_ESMFold_30S_ribosomal_protein_S9	AF-A0A7I8J4Y3-F1-model_v4	AF-A0A7I8J4Y3-F1-model_v4 Hypothetical protein	2.525E-06	1.000	178	3	133	133	8	134	134	131	0.985	0.948
LOKIASV2_3845_ESMFold_30S_ribosomal_protein_S9	AF-G3HJD8-F1-model_v4	AF-G3HJD8-F1-model_v4 40S ribosomal protein S16	2.010E-05	1.000	178	15	133	133	2	137	137	136	0.895	0.993
LOKIASV2_3845_ESMFold_30S_ribosomal_protein_S9	AF-A0A7C4R5Q0-F1-model_v4	AF-A0A7C4R5Q0-F1-model_v4 30S ribosomal protein S9	7.124E-06	1.000	176	1	133	133	14	140	140	141	1.000	0.907
LOKIASV2_3845_ESMFold_30S_ribosomal_protein_S9	AF-A0A4E9F5V5-F1-model_v4	AF-A0A4E9F5V5-F1-model_v4 Uncharacterized protein	4.514E-04	1.000	176	3	103	133	83	182	210	104	0.759	0.476
LOKIASV2_3845_ESMFold_30S_ribosomal_protein_S9	AF-Q7XYN5-F1-model_v4	AF-Q7XYN5-F1-model_v4 Ribosomal protein rpS9	8.110E-06	1.000	176	4	133	133	80	214	214	144	0.977	0.631
LOKIASV2_3845_ESMFold_30S_ribosomal_protein_S9	AF-A0A1J1GWH0-F1-model_v4	AF-A0A1J1GWH0-F1-model_v4 30S ribosomal protein S9, putative	1.766E-05	1.000	176	5	133	133	434	559	559	133	0.970	0.225
LOKIASV2_3845_ESMFold_30S_ribosomal_protein_S9	AF-A7ANP2-F1-model_v4	AF-A7ANP2-F1-model_v4 Ribosomal protein S9, putative	1.197E-05	1.000	176	1	133	133	554	683	683	137	1.000	0.190
LOKIASV2_3845_ESMFold_30S_ribosomal_protein_S9	AF-A0A813LYA7-F1-model_v4	AF-A0A813LYA7-F1-model_v4 Hypothetical protein	3.376E-05	1.000	175	3	133	133	295	424	424	135	0.985	0.307
LOKIASV2_3845_ESMFold_30S_ribosomal_protein_S9	AF-A0A4D9AG72-F1-model_v4	AF-A0A4D9AG72-F1-model_v4 Small subunit ribosomal protein S16e	3.376E-05	1.000	174	3	73	133	9	74	105	71	0.534	0.629
LOKIASV2_3845_ESMFold_30S_ribosomal_protein_S9	AF-A0A4D8Y6V3-F1-model_v4	AF-A0A4D8Y6V3-F1-model_v4 Small subunit ribosomal protein S16e	1.362E-05	1.000	173	2	114	133	110	228	262	126	0.850	0.454
LOKIASV2_3845_ESMFold_30S_ribosomal_protein_S9	AF-A0A444D5K6-F1-model_v4	AF-A0A444D5K6-F1-model_v4 Uncharacterized protein	3.843E-05	1.000	170	11	133	133	43	179	179	137	0.925	0.765
LOKIASV2_3845_ESMFold_30S_ribosomal_protein_S9	AF-A0A2A9MJY9-F1-model_v4	AF-A0A2A9MJY9-F1-model_v4 Ribosomal protein RPS9	5.865E-06	1.000	169	5	133	133	148	272	272	134	0.970	0.460
LOKIASV2_3845_ESMFold_30S_ribosomal_protein_S9	AF-A0A653HAN8-F1-model_v4	AF-A0A653HAN8-F1-model_v4 30S ribosomal protein S9, putative	5.315E-05	1.000	168	2	133	133	129	257	257	136	0.992	0.502
LOKIASV2_3845_ESMFold_30S_ribosomal_protein_S9	AF-A0A386AX30-F1-model_v4	AF-A0A386AX30-F1-model_v4 30S ribosomal protein S9, chloroplastic	1.234E-04	1.000	167	2	98	133	1	97	124	102	0.729	0.782
LOKIASV2_3845_ESMFold_30S_ribosomal_protein_S9	AF-L9L0G1-F1-model_v4	AF-L9L0G1-F1-model_v4 40S ribosomal protein S16	4.514E-04	1.000	167	1	64	133	65	128	129	64	0.481	0.496
LOKIASV2_3845_ESMFold_30S_ribosomal_protein_S9	AF-A0A1G2D3M4-F1-model_v4	AF-A0A1G2D3M4-F1-model_v4 30S ribosomal protein S9	8.367E-05	1.000	167	2	133	133	19	146	146	134	0.992	0.877
LOKIASV2_3845_ESMFold_30S_ribosomal_protein_S9	AF-A0A653D4R8-F1-model_v4	AF-A0A653D4R8-F1-model_v4 ATPase protein 9	3.492E-06	1.000	163	3	132	133	9	121	318	130	0.977	0.355
LOKIASV2_3845_ESMFold_30S_ribosomal_protein_S9	AF-A0A1G1XR51-F1-model_v4	AF-A0A1G1XR51-F1-model_v4 30S ribosomal protein S9	5.850E-04	1.000	161	2	74	133	11	83	84	75	0.549	0.869
LOKIASV2_3845_ESMFold_30S_ribosomal_protein_S9	AF-A0A182G6Y1-F1-model_v4	AF-A0A182G6Y1-F1-model_v4 Uncharacterized protein	1.879E-03	1.000	159	23	82	133	59	118	119	60	0.451	0.504
LOKIASV2_3845_ESMFold_30S_ribosomal_protein_S9	AF-A0A1G2M3G6-F1-model_v4	AF-A0A1G2M3G6-F1-model_v4 30S ribosomal protein S9	7.349E-05	1.000	159	2	133	133	9	136	136	140	0.992	0.941
LOKIASV2_3845_ESMFold_30S_ribosomal_protein_S9	AF-A0A2Z4MA34-F1-model_v4	AF-A0A2Z4MA34-F1-model_v4 30S ribosomal protein S9, chloroplastic	2.779E-05	1.000	159	5	133	133	2	149	149	153	0.970	0.993
LOKIASV2_3845_ESMFold_30S_ribosomal_protein_S9	AF-A0A7Y0YRZ4-F1-model_v4	AF-A0A7Y0YRZ4-F1-model_v4 30S ribosomal protein S9	1.194E-03	1.000	157	2	83	133	4	79	127	82	0.617	0.598
LOKIASV2_3845_ESMFold_30S_ribosomal_protein_S9	AF-A0A0L7KJN5-F1-model_v4	AF-A0A0L7KJN5-F1-model_v4 Uncharacterized protein	1.317E-04	1.000	156	5	106	133	431	527	556	107	0.767	0.174
LOKIASV2_3845_ESMFold_30S_ribosomal_protein_S9	AF-A0A1Q3EFX6-F1-model_v4	AF-A0A1Q3EFX6-F1-model_v4 40s ribosomal protein s16	3.602E-05	1.000	155	3	133	133	20	140	140	134	0.985	0.864
LOKIASV2_3845_ESMFold_30S_ribosomal_protein_S9	AF-A0A1C3KFN5-F1-model_v4	AF-A0A1C3KFN5-F1-model_v4 30S ribosomal protein S9, putative	6.051E-05	1.000	155	5	103	133	457	554	582	106	0.744	0.168
LOKIASV2_3845_ESMFold_30S_ribosomal_protein_S9	AF-C5LYN0-F1-model_v4	AF-C5LYN0-F1-model_v4 Ribosomal protein S9, putative	1.157E-04	1.000	153	3	87	133	143	230	530	92	0.639	0.166
LOKIASV2_3845_ESMFold_30S_ribosomal_protein_S9	AF-A0A0K3ARG9-F1-model_v4	AF-A0A0K3ARG9-F1-model_v4 Ribosomal protein S9/S16	2.867E-04	1.000	152	5	107	133	375	468	500	107	0.774	0.188
LOKIASV2_3845_ESMFold_30S_ribosomal_protein_S9	AF-A0A2I0IJ48-F1-model_v4	AF-A0A2I0IJ48-F1-model_v4 Phorbol-ester/DAG-type domain-containing protein	1.234E-04	1.000	150	10	133	133	426	537	561	126	0.932	0.200
LOKIASV2_3845_ESMFold_30S_ribosomal_protein_S9	AF-L0AWD8-F1-model_v4	AF-L0AWD8-F1-model_v4 Ribosomal protein S9 family member protein	2.441E-05	1.000	150	5	107	133	561	659	686	108	0.774	0.144
LOKIASV2_3845_ESMFold_30S_ribosomal_protein_S9	AF-A0A0L0CY61-F1-model_v4	AF-A0A0L0CY61-F1-model_v4 Ribosomal protein S9	7.842E-05	1.000	149	2	133	133	123	251	251	138	0.992	0.514
LOKIASV2_3845_ESMFold_30S_ribosomal_protein_S9	AF-A0A1D7W9C1-F1-model_v4	AF-A0A1D7W9C1-F1-model_v4 30S ribosomal protein S9	1.450E-03	1.000	148	1	107	133	9	114	146	109	0.805	0.726
LOKIASV2_3845_ESMFold_30S_ribosomal_protein_S9	AF-A0A1J1HDM4-F1-model_v4	AF-A0A1J1HDM4-F1-model_v4 30S ribosomal protein S9, putative	3.602E-05	1.000	145	4	133	133	431	557	557	137	0.977	0.228
LOKIASV2_3845_ESMFold_30S_ribosomal_protein_S9	AF-A0A7S2PPN3-F1-model_v4	AF-A0A7S2PPN3-F1-model_v4 Hypothetical protein	5.850E-04	1.000	143	3	78	133	110	186	187	79	0.571	0.412
LOKIASV2_3845_ESMFold_30S_ribosomal_protein_S9	AF-D9J1X3-F1-model_v4	AF-D9J1X3-F1-model_v4 Plastid ribosomal protein S9	3.965E-04	1.000	142	10	133	133	1	120	120	128	0.932	1.000
LOKIASV2_3845_ESMFold_30S_ribosomal_protein_S9	AF-A0A6A2XKD4-F1-model_v4	AF-A0A6A2XKD4-F1-model_v4 40S ribosomal protein S16	2.687E-04	1.000	140	13	108	133	2	93	122	97	0.722	0.754
LOKIASV2_3845_ESMFold_30S_ribosomal_protein_S9	AF-A0A1U8MZ42-F1-model_v4	AF-A0A1U8MZ42-F1-model_v4 30S ribosomal protein S9, chloroplastic-like	1.499E-04	1.000	136	7	133	133	13	135	135	139	0.955	0.911
LOKIASV2_3845_ESMFold_30S_ribosomal_protein_S9	AF-A0A7J6SV51-F1-model_v4	AF-A0A7J6SV51-F1-model_v4 Uncharacterized protein	2.005E-03	1.000	135	3	70	133	173	240	242	70	0.511	0.281
LOKIASV2_3845_ESMFold_30S_ribosomal_protein_S9	AF-A0A7J6LTE4-F1-model_v4	AF-A0A7J6LTE4-F1-model_v4 Uncharacterized protein	2.074E-04	1.000	132	3	114	133	173	300	1024	130	0.842	0.125
LOKIASV2_3845_ESMFold_30S_ribosomal_protein_S9	AF-A0A6P0U0T7-F1-model_v4	AF-A0A6P0U0T7-F1-model_v4 30S ribosomal protein S9	2.139E-03	1.000	119	2	69	133	9	76	76	72	0.511	0.895
LOKIASV2_3845_ESMFold_30S_ribosomal_protein_S9	AF-A0A452S147-F1-model_v4	AF-A0A452S147-F1-model_v4 Ribosomal protein S16	3.593E-03	1.000	107	1	69	133	7	124	124	118	0.519	0.952
LOKIASV2_3845_ESMFold_30S_ribosomal_protein_S9	AF-A0A7C3N2S8-F1-model_v4	AF-A0A7C3N2S8-F1-model_v4 Uncharacterized protein	3.367E-03	0.999	98	13	99	133	37	115	119	88	0.654	0.664
LOKIASV2_3845_ESMFold_30S_ribosomal_protein_S9	AF-A0A6G0EX38-F1-model_v4	AF-A0A6G0EX38-F1-model_v4 30S ribosomal protein S9	1.703E-02	0.999	96	2	67	133	10	75	75	70	0.496	0.880
LOKIASV2_3845_ESMFold_30S_ribosomal_protein_S9	AF-A0A2H5X8R6-F1-model_v4	AF-A0A2H5X8R6-F1-model_v4 Uncharacterized protein	4.090E-03	0.993	86	13	102	133	41	122	123	94	0.677	0.667
LOKIASV2_3845_ESMFold_30S_ribosomal_protein_S9	AF-A0A060HRB4-F1-model_v4	AF-A0A060HRB4-F1-model_v4 Putative archaeal serine protease	4.645E-01	0.569	53	13	80	133	114	181	341	73	0.511	0.199
