LOKIASV2_3786_ESMFold_hypothetical_protein	AF-Q5F470-F1-model_v4	AF-Q5F470-F1-model_v4 Ras-related protein Rab-8A	7.058E-19	1.000	620	2	187	189	6	180	207	189	0.984	0.845
LOKIASV2_3786_ESMFold_hypothetical_protein	AF-P22128-F1-model_v4	AF-P22128-F1-model_v4 Ras-related protein Rab-8	1.036E-18	1.000	616	2	188	189	6	181	210	190	0.989	0.838
LOKIASV2_3786_ESMFold_hypothetical_protein	AF-Q5REC9-F1-model_v4	AF-Q5REC9-F1-model_v4 Ras-related protein Rab-8B	1.255E-18	1.000	614	2	188	189	6	181	207	190	0.989	0.850
LOKIASV2_3786_ESMFold_hypothetical_protein	AF-Q39433-F1-model_v4	AF-Q39433-F1-model_v4 Ras-related protein RAB1BV	1.426E-18	1.000	613	2	188	189	13	189	215	191	0.989	0.823
LOKIASV2_3786_ESMFold_hypothetical_protein	AF-Q92930-F1-model_v4	AF-Q92930-F1-model_v4 Ras-related protein Rab-8B	1.426E-18	1.000	612	2	188	189	6	181	207	190	0.989	0.850
LOKIASV2_3786_ESMFold_hypothetical_protein	AF-P70550-F1-model_v4	AF-P70550-F1-model_v4 Ras-related protein Rab-8B	1.620E-18	1.000	611	2	188	189	6	181	207	190	0.989	0.850
LOKIASV2_3786_ESMFold_hypothetical_protein	AF-P35280-F1-model_v4	AF-P35280-F1-model_v4 Ras-related protein Rab-8A	1.620E-18	1.000	609	2	187	189	6	180	207	189	0.984	0.845
LOKIASV2_3786_ESMFold_hypothetical_protein	AF-P01123-F1-model_v4	AF-P01123-F1-model_v4 GTP-binding protein YPT1	1.255E-18	1.000	607	2	187	189	6	180	206	189	0.984	0.850
LOKIASV2_3786_ESMFold_hypothetical_protein	AF-P16976-F1-model_v4	AF-P16976-F1-model_v4 GTP-binding protein YPTM1	2.378E-18	1.000	606	3	188	189	7	181	208	189	0.984	0.841
LOKIASV2_3786_ESMFold_hypothetical_protein	AF-Q7T3A4-F1-model_v4	AF-Q7T3A4-F1-model_v4 Ras-related protein Rab-13	1.104E-18	1.000	605	2	181	189	6	174	200	183	0.952	0.845
LOKIASV2_3786_ESMFold_hypothetical_protein	AF-P61028-F1-model_v4	AF-P61028-F1-model_v4 Ras-related protein Rab-8B	2.535E-18	1.000	605	2	188	189	6	181	207	190	0.989	0.850
LOKIASV2_3786_ESMFold_hypothetical_protein	AF-Q9LZD4-F1-model_v4	AF-Q9LZD4-F1-model_v4 Ras-related protein RABE1d	1.426E-18	1.000	605	3	186	189	14	187	216	188	0.974	0.806
LOKIASV2_3786_ESMFold_hypothetical_protein	AF-Q58DS5-F1-model_v4	AF-Q58DS5-F1-model_v4 Ras-related protein Rab-13	1.841E-18	1.000	603	2	187	189	6	180	203	189	0.984	0.862
LOKIASV2_3786_ESMFold_hypothetical_protein	AF-P34140-F1-model_v4	AF-P34140-F1-model_v4 Ras-related protein Rab-1B	1.426E-18	1.000	603	2	178	189	6	171	206	180	0.937	0.806
LOKIASV2_3786_ESMFold_hypothetical_protein	AF-P61006-F1-model_v4	AF-P61006-F1-model_v4 Ras-related protein Rab-8A	1.036E-18	1.000	603	2	189	189	6	181	207	191	0.995	0.850
LOKIASV2_3786_ESMFold_hypothetical_protein	AF-Q2HJI8-F1-model_v4	AF-Q2HJI8-F1-model_v4 Ras-related protein Rab-8B	3.071E-18	1.000	602	2	188	189	6	181	207	190	0.989	0.850
LOKIASV2_3786_ESMFold_hypothetical_protein	AF-P61007-F1-model_v4	AF-P61007-F1-model_v4 Ras-related protein Rab-8A	1.620E-18	1.000	598	2	189	189	6	181	207	191	0.995	0.850
LOKIASV2_3786_ESMFold_hypothetical_protein	AF-P35289-F1-model_v4	AF-P35289-F1-model_v4 Ras-related protein Rab-15	3.490E-18	1.000	598	2	183	189	6	176	212	185	0.963	0.807
LOKIASV2_3786_ESMFold_hypothetical_protein	AF-A4FV54-F1-model_v4	AF-A4FV54-F1-model_v4 Ras-related protein Rab-8A	1.620E-18	1.000	597	2	189	189	6	181	207	191	0.995	0.850
LOKIASV2_3786_ESMFold_hypothetical_protein	AF-Q1PEX3-F1-model_v4	AF-Q1PEX3-F1-model_v4 Ras-related protein RABA1h	3.274E-18	1.000	596	3	186	189	12	184	218	187	0.974	0.794
LOKIASV2_3786_ESMFold_hypothetical_protein	AF-Q39222-F1-model_v4	AF-Q39222-F1-model_v4 Ras-related protein RABA1b	2.702E-18	1.000	594	3	186	189	12	184	216	187	0.974	0.801
LOKIASV2_3786_ESMFold_hypothetical_protein	AF-Q9SF91-F1-model_v4	AF-Q9SF91-F1-model_v4 Ras-related protein RABE1e	3.071E-18	1.000	594	3	186	189	14	187	218	188	0.974	0.798
LOKIASV2_3786_ESMFold_hypothetical_protein	AF-P0CY30-F1-model_v4	AF-P0CY30-F1-model_v4 Ras-related protein SEC4	3.490E-18	1.000	593	2	184	189	12	183	210	186	0.968	0.819
LOKIASV2_3786_ESMFold_hypothetical_protein	AF-Q40522-F1-model_v4	AF-Q40522-F1-model_v4 Ras-related protein Rab11D	5.121E-18	1.000	593	3	188	189	14	188	222	189	0.984	0.788
LOKIASV2_3786_ESMFold_hypothetical_protein	AF-P31584-F1-model_v4	AF-P31584-F1-model_v4 GTP-binding protein yptV1	2.378E-18	1.000	591	3	176	189	7	169	203	177	0.921	0.803
LOKIASV2_3786_ESMFold_hypothetical_protein	AF-Q4R5P1-F1-model_v4	AF-Q4R5P1-F1-model_v4 Ras-related protein Rab-8A	1.520E-18	1.000	591	2	187	189	6	179	207	189	0.984	0.841
LOKIASV2_3786_ESMFold_hypothetical_protein	AF-P25228-F1-model_v4	AF-P25228-F1-model_v4 Ras-related protein Rab-3	5.459E-18	1.000	591	2	183	189	19	189	220	185	0.963	0.777
LOKIASV2_3786_ESMFold_hypothetical_protein	AF-P22125-F1-model_v4	AF-P22125-F1-model_v4 Ras-related protein ORAB-1	2.702E-18	1.000	589	2	176	189	6	169	202	178	0.926	0.812
LOKIASV2_3786_ESMFold_hypothetical_protein	AF-P34139-F1-model_v4	AF-P34139-F1-model_v4 Ras-related protein Rab-1A	4.506E-18	1.000	589	3	182	189	7	175	202	183	0.952	0.837
LOKIASV2_3786_ESMFold_hypothetical_protein	AF-P33723-F1-model_v4	AF-P33723-F1-model_v4 GTP-binding protein ypt1	5.459E-18	1.000	589	3	188	189	7	181	203	189	0.984	0.862
LOKIASV2_3786_ESMFold_hypothetical_protein	AF-Q5R4A3-F1-model_v4	AF-Q5R4A3-F1-model_v4 Ras-related protein Rab-8A	1.841E-18	1.000	589	2	187	189	6	179	207	189	0.984	0.841
LOKIASV2_3786_ESMFold_hypothetical_protein	AF-P28186-F1-model_v4	AF-P28186-F1-model_v4 Ras-related protein RABE1c	4.506E-18	1.000	589	3	185	189	14	186	216	187	0.968	0.801
LOKIASV2_3786_ESMFold_hypothetical_protein	AF-C4YL11-F1-model_v4	AF-C4YL11-F1-model_v4 Ras-related protein SEC4	5.820E-18	1.000	588	2	184	189	12	183	210	186	0.968	0.819
LOKIASV2_3786_ESMFold_hypothetical_protein	AF-P17610-F1-model_v4	AF-P17610-F1-model_v4 GTP-binding protein ypt3	7.050E-18	1.000	588	3	189	189	9	184	214	190	0.989	0.822
LOKIASV2_3786_ESMFold_hypothetical_protein	AF-Q9H0U4-F1-model_v4	AF-Q9H0U4-F1-model_v4 Ras-related protein Rab-1B	2.881E-18	1.000	587	3	176	189	7	169	201	177	0.921	0.811
LOKIASV2_3786_ESMFold_hypothetical_protein	AF-Q5KTJ6-F1-model_v4	AF-Q5KTJ6-F1-model_v4 Ras-related protein Rab-13	4.804E-18	1.000	587	2	182	189	6	175	203	184	0.958	0.837
LOKIASV2_3786_ESMFold_hypothetical_protein	AF-P62822-F1-model_v4	AF-P62822-F1-model_v4 Ras-related protein Rab-1A	3.274E-18	1.000	587	2	176	189	9	172	205	178	0.926	0.800
LOKIASV2_3786_ESMFold_hypothetical_protein	AF-O95716-F1-model_v4	AF-O95716-F1-model_v4 Ras-related protein Rab-3D	1.035E-17	1.000	587	2	183	189	20	190	219	185	0.963	0.781
LOKIASV2_3786_ESMFold_hypothetical_protein	AF-P55258-F1-model_v4	AF-P55258-F1-model_v4 Ras-related protein Rab-8A	2.231E-18	1.000	586	2	187	189	6	179	207	189	0.984	0.841
LOKIASV2_3786_ESMFold_hypothetical_protein	AF-Q9LK99-F1-model_v4	AF-Q9LK99-F1-model_v4 Ras-related protein RABA1g	9.104E-18	1.000	585	3	189	189	12	187	217	190	0.989	0.811
LOKIASV2_3786_ESMFold_hypothetical_protein	AF-P35286-F1-model_v4	AF-P35286-F1-model_v4 Ras-related protein Rab-13	6.204E-18	1.000	584	2	181	189	6	174	203	183	0.952	0.833
LOKIASV2_3786_ESMFold_hypothetical_protein	AF-Q63942-F1-model_v4	AF-Q63942-F1-model_v4 GTP-binding protein Rab-3D	1.103E-17	1.000	584	2	183	189	20	190	219	185	0.963	0.781
LOKIASV2_3786_ESMFold_hypothetical_protein	AF-Q40191-F1-model_v4	AF-Q40191-F1-model_v4 Ras-related protein Rab11A	1.035E-17	1.000	584	1	188	189	14	190	226	191	0.995	0.783
LOKIASV2_3786_ESMFold_hypothetical_protein	AF-Q2HJH2-F1-model_v4	AF-Q2HJH2-F1-model_v4 Ras-related protein Rab-1B	3.966E-18	1.000	583	2	176	189	6	169	201	178	0.926	0.816
LOKIASV2_3786_ESMFold_hypothetical_protein	AF-Q05974-F1-model_v4	AF-Q05974-F1-model_v4 Ras-related protein Rab-1A	4.506E-18	1.000	583	2	176	189	9	172	205	178	0.926	0.800
LOKIASV2_3786_ESMFold_hypothetical_protein	AF-Q39571-F1-model_v4	AF-Q39571-F1-model_v4 GTP-binding protein YPTC1	4.227E-18	1.000	582	3	176	189	7	169	203	177	0.921	0.803
LOKIASV2_3786_ESMFold_hypothetical_protein	AF-P11620-F1-model_v4	AF-P11620-F1-model_v4 GTP-binding protein ypt1	3.071E-18	1.000	582	2	189	189	6	184	203	193	0.995	0.882
LOKIASV2_3786_ESMFold_hypothetical_protein	AF-P0CY31-F1-model_v4	AF-P0CY31-F1-model_v4 Ras-related protein SEC4	8.540E-18	1.000	582	2	184	189	12	183	210	186	0.968	0.819
LOKIASV2_3786_ESMFold_hypothetical_protein	AF-Q5RE13-F1-model_v4	AF-Q5RE13-F1-model_v4 Ras-related protein Rab-1B	4.506E-18	1.000	581	3	176	189	7	169	201	177	0.921	0.811
LOKIASV2_3786_ESMFold_hypothetical_protein	AF-Q15286-F1-model_v4	AF-Q15286-F1-model_v4 Ras-related protein Rab-35	2.702E-18	1.000	581	2	188	189	6	186	201	195	0.989	0.900
LOKIASV2_3786_ESMFold_hypothetical_protein	AF-Q54NU2-F1-model_v4	AF-Q54NU2-F1-model_v4 Ras-related protein Rab-1D	1.035E-17	1.000	581	3	182	189	9	177	204	183	0.952	0.828
LOKIASV2_3786_ESMFold_hypothetical_protein	AF-Q9ZRE2-F1-model_v4	AF-Q9ZRE2-F1-model_v4 Ras-related protein RABD1	1.176E-17	1.000	581	3	188	189	7	181	205	189	0.984	0.854
LOKIASV2_3786_ESMFold_hypothetical_protein	AF-Q52NJ1-F1-model_v4	AF-Q52NJ1-F1-model_v4 Ras-related protein Rab-11A	8.012E-18	1.000	581	3	187	189	10	183	216	188	0.979	0.806
LOKIASV2_3786_ESMFold_hypothetical_protein	AF-Q01111-F1-model_v4	AF-Q01111-F1-model_v4 Ras-related protein YPT3	7.050E-18	1.000	581	3	186	189	12	184	218	187	0.974	0.794
LOKIASV2_3786_ESMFold_hypothetical_protein	AF-P34141-F1-model_v4	AF-P34141-F1-model_v4 Ras-related protein RabA	7.515E-18	1.000	580	3	182	189	7	175	201	183	0.952	0.841
LOKIASV2_3786_ESMFold_hypothetical_protein	AF-Q9TVU5-F1-model_v4	AF-Q9TVU5-F1-model_v4 Ras-related protein Rab-1	5.121E-18	1.000	580	2	182	189	5	175	220	185	0.958	0.777
LOKIASV2_3786_ESMFold_hypothetical_protein	AF-P10536-F1-model_v4	AF-P10536-F1-model_v4 Ras-related protein Rab-1B	6.613E-18	1.000	579	2	176	189	6	169	201	178	0.926	0.816
LOKIASV2_3786_ESMFold_hypothetical_protein	AF-P62821-F1-model_v4	AF-P62821-F1-model_v4 Ras-related protein Rab-1A	6.204E-18	1.000	579	2	176	189	9	172	205	178	0.926	0.800
LOKIASV2_3786_ESMFold_hypothetical_protein	AF-P62494-F1-model_v4	AF-P62494-F1-model_v4 Ras-related protein Rab-11A	9.705E-18	1.000	579	3	187	189	10	183	216	188	0.979	0.806
LOKIASV2_3786_ESMFold_hypothetical_protein	AF-Q40193-F1-model_v4	AF-Q40193-F1-model_v4 Ras-related protein Rab11C	1.336E-17	1.000	579	3	188	189	11	185	216	189	0.984	0.810
LOKIASV2_3786_ESMFold_hypothetical_protein	AF-Q9FK68-F1-model_v4	AF-Q9FK68-F1-model_v4 Ras-related protein RABA1c	1.035E-17	1.000	579	3	186	189	12	184	216	187	0.974	0.801
LOKIASV2_3786_ESMFold_hypothetical_protein	AF-Q923S9-F1-model_v4	AF-Q923S9-F1-model_v4 Ras-related protein Rab-30	7.515E-18	1.000	578	3	188	189	8	182	203	189	0.984	0.862
LOKIASV2_3786_ESMFold_hypothetical_protein	AF-Q38922-F1-model_v4	AF-Q38922-F1-model_v4 Ras-related protein RABB1b	7.050E-18	1.000	578	2	182	189	4	173	211	184	0.958	0.806
LOKIASV2_3786_ESMFold_hypothetical_protein	AF-Q8K386-F1-model_v4	AF-Q8K386-F1-model_v4 Ras-related protein Rab-15	1.035E-17	1.000	577	2	183	189	6	176	212	185	0.963	0.807
LOKIASV2_3786_ESMFold_hypothetical_protein	AF-Q40195-F1-model_v4	AF-Q40195-F1-model_v4 Ras-related protein Rab11E	1.176E-17	1.000	577	3	189	189	12	187	218	190	0.989	0.807
LOKIASV2_3786_ESMFold_hypothetical_protein	AF-Q40194-F1-model_v4	AF-Q40194-F1-model_v4 Ras-related protein Rab11D	1.103E-17	1.000	577	2	186	189	11	184	218	188	0.979	0.798
LOKIASV2_3786_ESMFold_hypothetical_protein	AF-Q94986-F1-model_v4	AF-Q94986-F1-model_v4 Ras-related protein Rab-3	1.518E-17	1.000	577	1	183	189	19	190	219	186	0.968	0.785
LOKIASV2_3786_ESMFold_hypothetical_protein	AF-P34143-F1-model_v4	AF-P34143-F1-model_v4 Ras-related protein RabC	1.336E-17	1.000	576	1	188	189	3	181	196	191	0.995	0.913
LOKIASV2_3786_ESMFold_hypothetical_protein	AF-Q54GY8-F1-model_v4	AF-Q54GY8-F1-model_v4 Ras-related protein Rab-18	5.459E-18	1.000	576	2	178	189	4	169	202	180	0.937	0.822
LOKIASV2_3786_ESMFold_hypothetical_protein	AF-Q40520-F1-model_v4	AF-Q40520-F1-model_v4 Ras-related protein Rab11C	1.961E-17	1.000	576	1	188	189	12	188	222	191	0.995	0.797
LOKIASV2_3786_ESMFold_hypothetical_protein	AF-P40392-F1-model_v4	AF-P40392-F1-model_v4 Ras-related protein RIC1	8.540E-18	1.000	575	3	176	189	7	169	202	177	0.921	0.807
LOKIASV2_3786_ESMFold_hypothetical_protein	AF-F1PTE3-F1-model_v4	AF-F1PTE3-F1-model_v4 Ras-related protein Rab-13	6.613E-18	1.000	575	2	183	189	6	176	203	185	0.963	0.842
LOKIASV2_3786_ESMFold_hypothetical_protein	AF-Q9FIF9-F1-model_v4	AF-Q9FIF9-F1-model_v4 Ras-related protein RABA2d	1.725E-17	1.000	575	3	188	189	11	185	217	189	0.984	0.806
LOKIASV2_3786_ESMFold_hypothetical_protein	AF-Q4UB16-F1-model_v4	AF-Q4UB16-F1-model_v4 Ras-related protein Rab-1	7.515E-18	1.000	575	2	182	189	5	175	220	185	0.958	0.777
LOKIASV2_3786_ESMFold_hypothetical_protein	AF-Q4R8X3-F1-model_v4	AF-Q4R8X3-F1-model_v4 Ras-related protein Rab-1B	8.012E-18	1.000	574	3	176	189	7	169	201	177	0.921	0.811
LOKIASV2_3786_ESMFold_hypothetical_protein	AF-P62493-F1-model_v4	AF-P62493-F1-model_v4 Ras-related protein Rab-11A	1.424E-17	1.000	574	3	187	189	10	183	216	188	0.979	0.806
LOKIASV2_3786_ESMFold_hypothetical_protein	AF-O24466-F1-model_v4	AF-O24466-F1-model_v4 Ras-related protein RABE1a	1.253E-17	1.000	574	3	184	189	14	185	216	186	0.963	0.796
LOKIASV2_3786_ESMFold_hypothetical_protein	AF-P62492-F1-model_v4	AF-P62492-F1-model_v4 Ras-related protein Rab-11A	1.336E-17	1.000	574	3	187	189	10	183	216	188	0.979	0.806
LOKIASV2_3786_ESMFold_hypothetical_protein	AF-P62491-F1-model_v4	AF-P62491-F1-model_v4 Ras-related protein Rab-11A	1.424E-17	1.000	574	3	187	189	10	183	216	188	0.979	0.806
LOKIASV2_3786_ESMFold_hypothetical_protein	AF-P28188-F1-model_v4	AF-P28188-F1-model_v4 Ras-related protein RABD2a	1.035E-17	1.000	573	2	178	189	6	171	203	180	0.937	0.818
LOKIASV2_3786_ESMFold_hypothetical_protein	AF-Q6NYB7-F1-model_v4	AF-Q6NYB7-F1-model_v4 Ras-related protein Rab-1A	9.104E-18	1.000	573	2	176	189	9	172	205	178	0.926	0.800
LOKIASV2_3786_ESMFold_hypothetical_protein	AF-P59190-F1-model_v4	AF-P59190-F1-model_v4 Ras-related protein Rab-15	1.176E-17	1.000	573	3	183	189	7	176	212	184	0.958	0.802
LOKIASV2_3786_ESMFold_hypothetical_protein	AF-Q40521-F1-model_v4	AF-Q40521-F1-model_v4 Ras-related protein Rab11B	1.961E-17	1.000	573	3	189	189	13	188	217	190	0.989	0.811
LOKIASV2_3786_ESMFold_hypothetical_protein	AF-O04486-F1-model_v4	AF-O04486-F1-model_v4 Ras-related protein RABA2a	2.375E-17	1.000	573	3	188	189	11	185	217	189	0.984	0.806
LOKIASV2_3786_ESMFold_hypothetical_protein	AF-P63012-F1-model_v4	AF-P63012-F1-model_v4 Ras-related protein Rab-3A	2.090E-17	1.000	573	2	189	189	20	195	220	191	0.995	0.800
LOKIASV2_3786_ESMFold_hypothetical_protein	AF-Q5U316-F1-model_v4	AF-Q5U316-F1-model_v4 Ras-related protein Rab-35	4.227E-18	1.000	572	3	188	189	7	186	201	194	0.984	0.896
LOKIASV2_3786_ESMFold_hypothetical_protein	AF-Q05737-F1-model_v4	AF-Q05737-F1-model_v4 GTP-binding protein YPTM2	1.176E-17	1.000	572	2	176	189	6	169	203	178	0.926	0.808
LOKIASV2_3786_ESMFold_hypothetical_protein	AF-Q9SRS5-F1-model_v4	AF-Q9SRS5-F1-model_v4 Ras-related protein RABA5b	1.725E-17	1.000	572	2	183	189	10	180	217	185	0.963	0.788
LOKIASV2_3786_ESMFold_hypothetical_protein	AF-Q9S810-F1-model_v4	AF-Q9S810-F1-model_v4 Ras-related protein RABA1i	2.228E-17	1.000	572	3	189	189	12	187	218	190	0.989	0.807
LOKIASV2_3786_ESMFold_hypothetical_protein	AF-P35276-F1-model_v4	AF-P35276-F1-model_v4 Ras-related protein Rab-3D	2.699E-17	1.000	572	2	183	189	20	190	219	185	0.963	0.781
LOKIASV2_3786_ESMFold_hypothetical_protein	AF-P22127-F1-model_v4	AF-P22127-F1-model_v4 Ras-related protein Rab-10	1.839E-17	1.000	571	2	178	189	7	172	200	180	0.937	0.830
LOKIASV2_3786_ESMFold_hypothetical_protein	AF-Q01890-F1-model_v4	AF-Q01890-F1-model_v4 Ras-like GTP-binding protein YPT1	1.518E-17	1.000	571	3	178	189	7	171	201	179	0.931	0.821
LOKIASV2_3786_ESMFold_hypothetical_protein	AF-Q55ET3-F1-model_v4	AF-Q55ET3-F1-model_v4 Ras-related protein RabQ	1.619E-17	1.000	571	2	182	189	3	172	204	184	0.958	0.833
LOKIASV2_3786_ESMFold_hypothetical_protein	AF-Q32NQ0-F1-model_v4	AF-Q32NQ0-F1-model_v4 Ras-related protein Rab-19	1.103E-17	1.000	571	2	183	189	13	184	213	185	0.963	0.808
LOKIASV2_3786_ESMFold_hypothetical_protein	AF-Q3MHP2-F1-model_v4	AF-Q3MHP2-F1-model_v4 Ras-related protein Rab-11B	1.839E-17	1.000	571	3	187	189	10	183	218	188	0.979	0.798
LOKIASV2_3786_ESMFold_hypothetical_protein	AF-P61026-F1-model_v4	AF-P61026-F1-model_v4 Ras-related protein Rab-10	2.228E-17	1.000	570	2	178	189	7	172	200	180	0.937	0.830
LOKIASV2_3786_ESMFold_hypothetical_protein	AF-Q9D1G1-F1-model_v4	AF-Q9D1G1-F1-model_v4 Ras-related protein Rab-1B	1.336E-17	1.000	570	2	176	189	6	169	201	178	0.926	0.816
LOKIASV2_3786_ESMFold_hypothetical_protein	AF-P36412-F1-model_v4	AF-P36412-F1-model_v4 Ras-related protein Rab-11A	1.424E-17	1.000	570	3	178	189	12	176	214	179	0.931	0.771
LOKIASV2_3786_ESMFold_hypothetical_protein	AF-Q5R5U1-F1-model_v4	AF-Q5R5U1-F1-model_v4 Ras-related protein Rab-10	2.228E-17	1.000	569	2	178	189	7	172	200	180	0.937	0.830
LOKIASV2_3786_ESMFold_hypothetical_protein	AF-P61027-F1-model_v4	AF-P61027-F1-model_v4 Ras-related protein Rab-10	2.090E-17	1.000	569	2	178	189	7	172	200	180	0.937	0.830
LOKIASV2_3786_ESMFold_hypothetical_protein	AF-P51153-F1-model_v4	AF-P51153-F1-model_v4 Ras-related protein Rab-13	9.705E-18	1.000	569	2	183	189	6	176	203	185	0.963	0.842
LOKIASV2_3786_ESMFold_hypothetical_protein	AF-Q9SN35-F1-model_v4	AF-Q9SN35-F1-model_v4 Ras-related protein RABA1d	2.090E-17	1.000	569	3	186	189	12	184	214	187	0.974	0.808
LOKIASV2_3786_ESMFold_hypothetical_protein	AF-Q2TA29-F1-model_v4	AF-Q2TA29-F1-model_v4 Ras-related protein Rab-11A	1.961E-17	1.000	569	3	187	189	10	183	216	188	0.979	0.806
LOKIASV2_3786_ESMFold_hypothetical_protein	AF-P40393-F1-model_v4	AF-P40393-F1-model_v4 Ras-related protein RIC2	2.090E-17	1.000	569	2	186	189	12	185	217	188	0.979	0.802
LOKIASV2_3786_ESMFold_hypothetical_protein	AF-Q4R4R9-F1-model_v4	AF-Q4R4R9-F1-model_v4 Ras-related protein Rab-3A	3.270E-17	1.000	569	2	183	189	20	190	220	185	0.963	0.777
LOKIASV2_3786_ESMFold_hypothetical_protein	AF-P20336-F1-model_v4	AF-P20336-F1-model_v4 Ras-related protein Rab-3A	3.067E-17	1.000	569	2	189	189	20	195	220	191	0.995	0.800
LOKIASV2_3786_ESMFold_hypothetical_protein	AF-P17609-F1-model_v4	AF-P17609-F1-model_v4 GTP-binding protein ypt2	2.090E-17	1.000	568	2	186	189	7	180	200	188	0.979	0.870
LOKIASV2_3786_ESMFold_hypothetical_protein	AF-Q9DD03-F1-model_v4	AF-Q9DD03-F1-model_v4 Ras-related protein Rab-13	1.035E-17	1.000	568	2	183	189	6	176	202	185	0.963	0.847
LOKIASV2_3786_ESMFold_hypothetical_protein	AF-P62820-F1-model_v4	AF-P62820-F1-model_v4 Ras-related protein Rab-1A	1.424E-17	1.000	568	2	176	189	9	172	205	178	0.926	0.800
LOKIASV2_3786_ESMFold_hypothetical_protein	AF-P62490-F1-model_v4	AF-P62490-F1-model_v4 Ras-related protein Rab-11A	2.090E-17	1.000	568	3	187	189	10	183	216	188	0.979	0.806
LOKIASV2_3786_ESMFold_hypothetical_protein	AF-Q5ZJN2-F1-model_v4	AF-Q5ZJN2-F1-model_v4 Ras-related protein Rab-11A	2.228E-17	1.000	568	3	187	189	10	183	216	188	0.979	0.806
LOKIASV2_3786_ESMFold_hypothetical_protein	AF-P46638-F1-model_v4	AF-P46638-F1-model_v4 Ras-related protein Rab-11B	2.228E-17	1.000	568	3	187	189	10	183	218	188	0.979	0.798
LOKIASV2_3786_ESMFold_hypothetical_protein	AF-P35288-F1-model_v4	AF-P35288-F1-model_v4 Ras-related protein Rab-23	2.699E-17	1.000	568	1	183	189	6	176	237	185	0.968	0.722
LOKIASV2_3786_ESMFold_hypothetical_protein	AF-O01803-F1-model_v4	AF-O01803-F1-model_v4 Ras-related protein rab-11.1	2.699E-17	1.000	567	2	183	189	9	179	211	185	0.963	0.810
LOKIASV2_3786_ESMFold_hypothetical_protein	AF-Q9LNW1-F1-model_v4	AF-Q9LNW1-F1-model_v4 Ras-related protein RABA2b	3.716E-17	1.000	567	2	188	189	10	185	214	190	0.989	0.822
LOKIASV2_3786_ESMFold_hypothetical_protein	AF-Q39572-F1-model_v4	AF-Q39572-F1-model_v4 Ras-related protein YPTC6	2.699E-17	1.000	567	2	187	189	10	184	216	189	0.984	0.810
LOKIASV2_3786_ESMFold_hypothetical_protein	AF-O00194-F1-model_v4	AF-O00194-F1-model_v4 Ras-related protein Rab-27B	6.613E-18	1.000	567	3	187	189	8	192	218	193	0.979	0.849
LOKIASV2_3786_ESMFold_hypothetical_protein	AF-Q9LH50-F1-model_v4	AF-Q9LH50-F1-model_v4 Ras-related protein RABA4d	3.961E-17	1.000	567	3	188	189	14	188	222	189	0.984	0.788
LOKIASV2_3786_ESMFold_hypothetical_protein	AF-P36411-F1-model_v4	AF-P36411-F1-model_v4 Ras-related protein Rab-7a	1.518E-17	1.000	566	1	182	189	5	180	203	189	0.963	0.867
LOKIASV2_3786_ESMFold_hypothetical_protein	AF-P28187-F1-model_v4	AF-P28187-F1-model_v4 Ras-related protein RABA5c	2.699E-17	1.000	566	2	186	189	10	183	214	188	0.979	0.813
LOKIASV2_3786_ESMFold_hypothetical_protein	AF-Q550H6-F1-model_v4	AF-Q550H6-F1-model_v4 Ras-related protein Rab-11C	2.532E-17	1.000	566	3	182	189	9	177	224	183	0.952	0.754
LOKIASV2_3786_ESMFold_hypothetical_protein	AF-P10949-F1-model_v4	AF-P10949-F1-model_v4 Ras-related protein Rab-3C	4.799E-17	1.000	566	2	183	189	28	198	227	185	0.963	0.753
LOKIASV2_3786_ESMFold_hypothetical_protein	AF-P09527-F1-model_v4	AF-P09527-F1-model_v4 Ras-related protein Rab-7a	2.375E-17	1.000	565	2	187	189	6	184	207	192	0.984	0.865
LOKIASV2_3786_ESMFold_hypothetical_protein	AF-Q39434-F1-model_v4	AF-Q39434-F1-model_v4 Ras-related protein Rab2BV	3.486E-17	1.000	565	3	188	189	11	185	214	189	0.984	0.818
LOKIASV2_3786_ESMFold_hypothetical_protein	AF-P28185-F1-model_v4	AF-P28185-F1-model_v4 Ras-related protein RABA1a	2.375E-17	1.000	565	3	186	189	12	184	216	187	0.974	0.801
LOKIASV2_3786_ESMFold_hypothetical_protein	AF-P63011-F1-model_v4	AF-P63011-F1-model_v4 Ras-related protein Rab-3A	4.223E-17	1.000	565	2	183	189	20	190	220	185	0.963	0.777
LOKIASV2_3786_ESMFold_hypothetical_protein	AF-Q96E17-F1-model_v4	AF-Q96E17-F1-model_v4 Ras-related protein Rab-3C	4.799E-17	1.000	565	2	183	189	28	198	227	185	0.963	0.753
LOKIASV2_3786_ESMFold_hypothetical_protein	AF-Q9ULC3-F1-model_v4	AF-Q9ULC3-F1-model_v4 Ras-related protein Rab-23	3.486E-17	1.000	565	1	183	189	6	176	237	185	0.968	0.722
LOKIASV2_3786_ESMFold_hypothetical_protein	AF-O49513-F1-model_v4	AF-O49513-F1-model_v4 Ras-related protein RABA1e	2.877E-17	1.000	564	3	189	189	12	187	217	190	0.989	0.811
LOKIASV2_3786_ESMFold_hypothetical_protein	AF-O35509-F1-model_v4	AF-O35509-F1-model_v4 Ras-related protein Rab-11B	3.067E-17	1.000	564	3	187	189	10	183	218	188	0.979	0.798
LOKIASV2_3786_ESMFold_hypothetical_protein	AF-Q9UL25-F1-model_v4	AF-Q9UL25-F1-model_v4 Ras-related protein Rab-21	1.336E-17	1.000	564	2	187	189	17	191	225	190	0.984	0.778
LOKIASV2_3786_ESMFold_hypothetical_protein	AF-P25766-F1-model_v4	AF-P25766-F1-model_v4 Ras-related protein RGP1	3.716E-17	1.000	564	3	188	189	17	191	226	189	0.984	0.774
LOKIASV2_3786_ESMFold_hypothetical_protein	AF-Q9FJN8-F1-model_v4	AF-Q9FJN8-F1-model_v4 Ras-related protein RABA4a	4.223E-17	1.000	564	3	188	189	16	190	226	189	0.984	0.774
LOKIASV2_3786_ESMFold_hypothetical_protein	AF-Q94148-F1-model_v4	AF-Q94148-F1-model_v4 Ras-related protein Rab-10	3.067E-17	1.000	563	2	178	189	7	172	201	180	0.937	0.826
LOKIASV2_3786_ESMFold_hypothetical_protein	AF-Q52NJ2-F1-model_v4	AF-Q52NJ2-F1-model_v4 Ras-related protein Rab-1A	2.090E-17	1.000	563	2	176	189	9	172	205	178	0.926	0.800
LOKIASV2_3786_ESMFold_hypothetical_protein	AF-P20790-F1-model_v4	AF-P20790-F1-model_v4 Ras-related protein Rab-8A	2.375E-17	1.000	563	2	178	189	13	178	208	180	0.937	0.798
LOKIASV2_3786_ESMFold_hypothetical_protein	AF-Q5R9M7-F1-model_v4	AF-Q5R9M7-F1-model_v4 Ras-related protein Rab-11A	3.270E-17	1.000	563	3	187	189	10	183	216	188	0.979	0.806
LOKIASV2_3786_ESMFold_hypothetical_protein	AF-Q15907-F1-model_v4	AF-Q15907-F1-model_v4 Ras-related protein Rab-11B	3.067E-17	1.000	563	3	187	189	10	183	218	188	0.979	0.798
LOKIASV2_3786_ESMFold_hypothetical_protein	AF-Q9SEH3-F1-model_v4	AF-Q9SEH3-F1-model_v4 Ras-related protein RABD2c	2.532E-17	1.000	562	2	176	189	6	169	202	178	0.926	0.812
LOKIASV2_3786_ESMFold_hypothetical_protein	AF-Q1RMR4-F1-model_v4	AF-Q1RMR4-F1-model_v4 Ras-related protein Rab-15	4.223E-17	1.000	562	3	183	189	7	176	212	184	0.958	0.802
LOKIASV2_3786_ESMFold_hypothetical_protein	AF-P19892-F1-model_v4	AF-P19892-F1-model_v4 Ras-related protein RABA5e	2.699E-17	1.000	562	2	186	189	10	183	218	188	0.979	0.798
LOKIASV2_3786_ESMFold_hypothetical_protein	AF-Q06AU3-F1-model_v4	AF-Q06AU3-F1-model_v4 Ras-related protein Rab-3A	6.606E-17	1.000	562	2	183	189	20	190	220	185	0.963	0.777
LOKIASV2_3786_ESMFold_hypothetical_protein	AF-Q5R9Y4-F1-model_v4	AF-Q5R9Y4-F1-model_v4 Ras-related protein Rab-7a	1.961E-17	1.000	561	2	188	189	6	185	207	193	0.989	0.870
LOKIASV2_3786_ESMFold_hypothetical_protein	AF-Q9SMQ6-F1-model_v4	AF-Q9SMQ6-F1-model_v4 Ras-related protein RABA4b	7.042E-17	1.000	561	1	188	189	14	190	224	191	0.995	0.790
LOKIASV2_3786_ESMFold_hypothetical_protein	AF-P62824-F1-model_v4	AF-P62824-F1-model_v4 Ras-related protein Rab-3C	6.197E-17	1.000	561	2	183	189	28	198	227	185	0.963	0.753
LOKIASV2_3786_ESMFold_hypothetical_protein	AF-O76173-F1-model_v4	AF-O76173-F1-model_v4 Ras-related protein Rab-1C	2.877E-17	1.000	560	3	179	189	32	197	201	180	0.937	0.826
LOKIASV2_3786_ESMFold_hypothetical_protein	AF-Q63941-F1-model_v4	AF-Q63941-F1-model_v4 Ras-related protein Rab-3B	6.606E-17	1.000	560	2	183	189	20	190	219	185	0.963	0.781
LOKIASV2_3786_ESMFold_hypothetical_protein	AF-P62823-F1-model_v4	AF-P62823-F1-model_v4 Ras-related protein Rab-3C	7.042E-17	1.000	560	2	183	189	28	198	227	185	0.963	0.753
LOKIASV2_3786_ESMFold_hypothetical_protein	AF-Q8WQ53-F1-model_v4	AF-Q8WQ53-F1-model_v4 Ras-related protein Rab-21	4.502E-17	1.000	560	1	179	189	13	180	229	182	0.947	0.734
LOKIASV2_3786_ESMFold_hypothetical_protein	AF-P24409-F1-model_v4	AF-P24409-F1-model_v4 Ras-related protein Rab-10	4.502E-17	1.000	559	2	178	189	7	172	200	180	0.937	0.830
LOKIASV2_3786_ESMFold_hypothetical_protein	AF-Q5ZIT5-F1-model_v4	AF-Q5ZIT5-F1-model_v4 Ras-related protein Rab-10	4.223E-17	1.000	559	2	178	189	7	172	200	180	0.937	0.830
LOKIASV2_3786_ESMFold_hypothetical_protein	AF-P41924-F1-model_v4	AF-P41924-F1-model_v4 Ras-like GTP-binding protein RYL1	2.228E-17	1.000	559	2	188	189	9	183	203	190	0.989	0.862
LOKIASV2_3786_ESMFold_hypothetical_protein	AF-P20791-F1-model_v4	AF-P20791-F1-model_v4 Ras-related protein Rab-8B	2.877E-17	1.000	559	2	178	189	13	178	203	180	0.937	0.818
LOKIASV2_3786_ESMFold_hypothetical_protein	AF-P18067-F1-model_v4	AF-P18067-F1-model_v4 Ras-related protein Rab-7a	2.699E-17	1.000	558	2	188	189	6	185	207	193	0.989	0.870
LOKIASV2_3786_ESMFold_hypothetical_protein	AF-P22129-F1-model_v4	AF-P22129-F1-model_v4 Ras-related protein Rab-11B	4.502E-17	1.000	558	3	187	189	10	183	218	188	0.979	0.798
LOKIASV2_3786_ESMFold_hypothetical_protein	AF-Q92928-F1-model_v4	AF-Q92928-F1-model_v4 Putative Ras-related protein Rab-1C	3.270E-17	1.000	557	4	178	189	8	171	201	178	0.926	0.816
LOKIASV2_3786_ESMFold_hypothetical_protein	AF-P38555-F1-model_v4	AF-P38555-F1-model_v4 GTP-binding protein YPT31/YPT8	5.813E-17	1.000	557	2	186	189	11	184	223	188	0.979	0.780
LOKIASV2_3786_ESMFold_hypothetical_protein	AF-Q96283-F1-model_v4	AF-Q96283-F1-model_v4 Ras-related protein RABA2c	6.606E-17	1.000	556	2	188	189	10	185	217	190	0.989	0.811
LOKIASV2_3786_ESMFold_hypothetical_protein	AF-P11023-F1-model_v4	AF-P11023-F1-model_v4 Ras-related protein Rab-3A	8.003E-17	1.000	556	2	189	189	20	195	220	191	0.995	0.800
LOKIASV2_3786_ESMFold_hypothetical_protein	AF-Q9FPJ4-F1-model_v4	AF-Q9FPJ4-F1-model_v4 Ras-related protein RABD2b	4.502E-17	1.000	555	2	176	189	6	169	202	178	0.926	0.812
LOKIASV2_3786_ESMFold_hypothetical_protein	AF-P55745-F1-model_v4	AF-P55745-F1-model_v4 Ras-related protein Rab-21	3.961E-17	1.000	555	2	189	189	15	191	223	192	0.995	0.794
LOKIASV2_3786_ESMFold_hypothetical_protein	AF-Q91YQ1-F1-model_v4	AF-Q91YQ1-F1-model_v4 Ras-related protein Rab-7L1	1.961E-17	1.000	554	1	186	189	4	183	204	193	0.984	0.882
LOKIASV2_3786_ESMFold_hypothetical_protein	AF-Q99P74-F1-model_v4	AF-Q99P74-F1-model_v4 Ras-related protein Rab-27B	1.839E-17	1.000	554	3	187	189	8	192	218	191	0.979	0.849
LOKIASV2_3786_ESMFold_hypothetical_protein	AF-Q5KTJ7-F1-model_v4	AF-Q5KTJ7-F1-model_v4 Ras-related protein Rab-3B	9.695E-17	1.000	554	2	183	189	20	190	219	185	0.963	0.781
LOKIASV2_3786_ESMFold_hypothetical_protein	AF-Q559X6-F1-model_v4	AF-Q559X6-F1-model_v4 Ras-related protein Rab-2B	3.716E-17	1.000	553	3	182	189	23	191	202	183	0.952	0.837
LOKIASV2_3786_ESMFold_hypothetical_protein	AF-Q9C2L8-F1-model_v4	AF-Q9C2L8-F1-model_v4 Ypt/Rab-type GTPase Rab7	3.716E-17	1.000	553	2	188	189	6	187	205	195	0.989	0.888
LOKIASV2_3786_ESMFold_hypothetical_protein	AF-Q5ZLG1-F1-model_v4	AF-Q5ZLG1-F1-model_v4 Ras-related protein Rab-18	8.540E-18	1.000	553	3	178	189	7	171	206	179	0.931	0.801
LOKIASV2_3786_ESMFold_hypothetical_protein	AF-Q9FE79-F1-model_v4	AF-Q9FE79-F1-model_v4 Ras-related protein RABA4c	1.174E-16	1.000	553	3	188	189	14	188	223	189	0.984	0.785
LOKIASV2_3786_ESMFold_hypothetical_protein	AF-O94655-F1-model_v4	AF-O94655-F1-model_v4 Ypt/Rab-type GTPase ypt7	2.699E-17	1.000	552	2	188	189	6	187	205	195	0.989	0.888
LOKIASV2_3786_ESMFold_hypothetical_protein	AF-Q54DA7-F1-model_v4	AF-Q54DA7-F1-model_v4 Ras-related protein Rab-4	2.228E-17	1.000	552	2	184	189	5	176	205	186	0.968	0.839
LOKIASV2_3786_ESMFold_hypothetical_protein	AF-Q3T0F5-F1-model_v4	AF-Q3T0F5-F1-model_v4 Ras-related protein Rab-7a	5.453E-17	1.000	552	1	188	189	5	185	207	194	0.995	0.874
LOKIASV2_3786_ESMFold_hypothetical_protein	AF-H9BW96-F1-model_v4	AF-H9BW96-F1-model_v4 Ras-related protein rab7	4.223E-17	1.000	552	2	188	189	6	185	207	193	0.989	0.870
LOKIASV2_3786_ESMFold_hypothetical_protein	AF-Q40723-F1-model_v4	AF-Q40723-F1-model_v4 Ras-related protein RGP2	1.102E-16	1.000	552	3	188	189	11	185	217	189	0.984	0.806
LOKIASV2_3786_ESMFold_hypothetical_protein	AF-P35282-F1-model_v4	AF-P35282-F1-model_v4 Ras-related protein Rab-21	3.716E-17	1.000	552	2	187	189	15	189	222	190	0.984	0.788
LOKIASV2_3786_ESMFold_hypothetical_protein	AF-Q0ILQ6-F1-model_v4	AF-Q0ILQ6-F1-model_v4 Ras-related protein Rab5A	4.223E-17	1.000	551	1	184	189	8	180	203	187	0.974	0.852
LOKIASV2_3786_ESMFold_hypothetical_protein	AF-Q63481-F1-model_v4	AF-Q63481-F1-model_v4 Ras-related protein Rab-7L1	3.716E-17	1.000	551	1	188	189	4	185	204	195	0.995	0.892
LOKIASV2_3786_ESMFold_hypothetical_protein	AF-Q40523-F1-model_v4	AF-Q40523-F1-model_v4 Ras-related protein Rab11A	1.252E-16	1.000	551	3	188	189	11	185	216	189	0.984	0.810
LOKIASV2_3786_ESMFold_hypothetical_protein	AF-Q9FJH0-F1-model_v4	AF-Q9FJH0-F1-model_v4 Ras-related protein RABA1f	8.003E-17	1.000	551	3	186	189	12	184	217	187	0.974	0.797
LOKIASV2_3786_ESMFold_hypothetical_protein	AF-Q99P58-F1-model_v4	AF-Q99P58-F1-model_v4 Ras-related protein Rab-27B	2.375E-17	1.000	551	3	187	189	8	192	218	191	0.979	0.849
LOKIASV2_3786_ESMFold_hypothetical_protein	AF-P31582-F1-model_v4	AF-P31582-F1-model_v4 Ras-related protein RABF2a	2.532E-17	1.000	550	2	173	189	8	168	200	175	0.910	0.805
LOKIASV2_3786_ESMFold_hypothetical_protein	AF-P51152-F1-model_v4	AF-P51152-F1-model_v4 Ras-related protein Rab-12	2.375E-17	1.000	550	3	178	189	5	170	208	180	0.931	0.798
LOKIASV2_3786_ESMFold_hypothetical_protein	AF-Q15771-F1-model_v4	AF-Q15771-F1-model_v4 Ras-related protein Rab-30	6.197E-17	1.000	549	3	188	189	8	182	203	189	0.984	0.862
LOKIASV2_3786_ESMFold_hypothetical_protein	AF-P92963-F1-model_v4	AF-P92963-F1-model_v4 Ras-related protein RABB1c	5.115E-17	1.000	549	3	182	189	5	173	211	183	0.952	0.801
LOKIASV2_3786_ESMFold_hypothetical_protein	AF-E2RQ15-F1-model_v4	AF-E2RQ15-F1-model_v4 Ras-related protein Rab-25	9.094E-17	1.000	549	3	187	189	11	184	213	188	0.979	0.817
LOKIASV2_3786_ESMFold_hypothetical_protein	AF-I1RMF2-F1-model_v4	AF-I1RMF2-F1-model_v4 Ypt/Rab-type GTPase Rab7	5.115E-17	1.000	548	2	188	189	6	187	205	195	0.989	0.888
LOKIASV2_3786_ESMFold_hypothetical_protein	AF-P57735-F1-model_v4	AF-P57735-F1-model_v4 Ras-related protein Rab-25	1.033E-16	1.000	548	3	187	189	11	184	213	188	0.979	0.817
LOKIASV2_3786_ESMFold_hypothetical_protein	AF-Q90965-F1-model_v4	AF-Q90965-F1-model_v4 Ras-related protein Rab-2A	7.042E-17	1.000	547	3	182	189	5	173	212	183	0.952	0.797
LOKIASV2_3786_ESMFold_hypothetical_protein	AF-Q29RR0-F1-model_v4	AF-Q29RR0-F1-model_v4 Ras-related protein Rab-26	9.094E-17	1.000	547	2	180	189	61	229	256	183	0.947	0.660
LOKIASV2_3786_ESMFold_hypothetical_protein	AF-Q06AU7-F1-model_v4	AF-Q06AU7-F1-model_v4 Ras-related protein Rab-1B	4.223E-17	1.000	546	3	176	189	7	169	201	177	0.921	0.811
LOKIASV2_3786_ESMFold_hypothetical_protein	AF-Q41640-F1-model_v4	AF-Q41640-F1-model_v4 Ras-related protein Rab7	4.799E-17	1.000	546	1	184	189	5	184	206	193	0.974	0.874
LOKIASV2_3786_ESMFold_hypothetical_protein	AF-P32939-F1-model_v4	AF-P32939-F1-model_v4 Ypt/Rab-type GTPase YPT7	2.375E-17	1.000	546	2	186	189	6	185	208	193	0.979	0.865
LOKIASV2_3786_ESMFold_hypothetical_protein	AF-Q619T5-F1-model_v4	AF-Q619T5-F1-model_v4 Ras and EF-hand domain-containing protein homolog	5.453E-17	1.000	546	3	187	189	438	613	634	190	0.979	0.278
LOKIASV2_3786_ESMFold_hypothetical_protein	AF-P51151-F1-model_v4	AF-P51151-F1-model_v4 Ras-related protein Rab-9A	3.486E-17	1.000	545	1	185	189	4	181	201	191	0.979	0.886
LOKIASV2_3786_ESMFold_hypothetical_protein	AF-Q5EB77-F1-model_v4	AF-Q5EB77-F1-model_v4 Ras-related protein Rab-18	1.176E-17	1.000	545	3	178	189	7	171	206	179	0.931	0.801
LOKIASV2_3786_ESMFold_hypothetical_protein	AF-O97572-F1-model_v4	AF-O97572-F1-model_v4 Ras-related protein Rab-7a	8.003E-17	1.000	545	2	188	189	6	185	207	193	0.989	0.870
LOKIASV2_3786_ESMFold_hypothetical_protein	AF-Q05975-F1-model_v4	AF-Q05975-F1-model_v4 Ras-related protein Rab-2	9.094E-17	1.000	545	3	182	189	5	173	212	183	0.952	0.797
LOKIASV2_3786_ESMFold_hypothetical_protein	AF-P61105-F1-model_v4	AF-P61105-F1-model_v4 Ras-related protein Rab-2A	8.531E-17	1.000	544	3	182	189	5	173	212	183	0.952	0.797
LOKIASV2_3786_ESMFold_hypothetical_protein	AF-P10948-F1-model_v4	AF-P10948-F1-model_v4 Ras-related protein Rab-3B	2.088E-16	1.000	544	2	182	189	20	189	219	184	0.958	0.776
LOKIASV2_3786_ESMFold_hypothetical_protein	AF-Q9CZT8-F1-model_v4	AF-Q9CZT8-F1-model_v4 Ras-related protein Rab-3B	2.226E-16	1.000	544	2	183	189	20	190	219	185	0.963	0.781
LOKIASV2_3786_ESMFold_hypothetical_protein	AF-Q8VEA8-F1-model_v4	AF-Q8VEA8-F1-model_v4 Ras-related protein Rab-7b	2.877E-17	1.000	543	2	187	189	6	181	199	191	0.984	0.884
LOKIASV2_3786_ESMFold_hypothetical_protein	AF-P24408-F1-model_v4	AF-P24408-F1-model_v4 Ras-related protein Rab-9A	3.961E-17	1.000	543	1	185	189	4	181	201	191	0.979	0.886
LOKIASV2_3786_ESMFold_hypothetical_protein	AF-Q99P75-F1-model_v4	AF-Q99P75-F1-model_v4 Ras-related protein Rab-9A	3.716E-17	1.000	543	1	185	189	4	181	201	191	0.979	0.886
LOKIASV2_3786_ESMFold_hypothetical_protein	AF-Q5R5H5-F1-model_v4	AF-Q5R5H5-F1-model_v4 Ras-related protein Rab-18	1.961E-17	1.000	543	3	178	189	7	171	206	179	0.931	0.801
LOKIASV2_3786_ESMFold_hypothetical_protein	AF-Q504M8-F1-model_v4	AF-Q504M8-F1-model_v4 Ras-related protein Rab-26	7.042E-17	1.000	543	2	176	189	65	229	260	179	0.926	0.635
LOKIASV2_3786_ESMFold_hypothetical_protein	AF-Q9NP72-F1-model_v4	AF-Q9NP72-F1-model_v4 Ras-related protein Rab-18	2.228E-17	1.000	542	3	178	189	7	171	206	179	0.931	0.801
LOKIASV2_3786_ESMFold_hypothetical_protein	AF-Q5R6B6-F1-model_v4	AF-Q5R6B6-F1-model_v4 Ras-related protein Rab-2A	1.033E-16	1.000	542	3	182	189	5	173	212	183	0.952	0.797
LOKIASV2_3786_ESMFold_hypothetical_protein	AF-P53994-F1-model_v4	AF-P53994-F1-model_v4 Ras-related protein Rab-2A	1.033E-16	1.000	542	3	182	189	5	173	212	183	0.952	0.797
LOKIASV2_3786_ESMFold_hypothetical_protein	AF-Q9LNK1-F1-model_v4	AF-Q9LNK1-F1-model_v4 Ras-related protein RABA3	1.335E-16	1.000	542	1	189	189	25	205	237	195	1.000	0.764
LOKIASV2_3786_ESMFold_hypothetical_protein	AF-P51149-F1-model_v4	AF-P51149-F1-model_v4 Ras-related protein Rab-7a	9.094E-17	1.000	541	2	188	189	6	185	207	193	0.989	0.870
LOKIASV2_3786_ESMFold_hypothetical_protein	AF-P20337-F1-model_v4	AF-P20337-F1-model_v4 Ras-related protein Rab-3B	2.696E-16	1.000	541	2	183	189	20	190	219	185	0.963	0.781
LOKIASV2_3786_ESMFold_hypothetical_protein	AF-Q9FGK5-F1-model_v4	AF-Q9FGK5-F1-model_v4 Ras-related protein RABA5a	1.423E-16	1.000	541	3	188	189	13	187	221	189	0.984	0.792
LOKIASV2_3786_ESMFold_hypothetical_protein	AF-Q921E2-F1-model_v4	AF-Q921E2-F1-model_v4 Ras-related protein Rab-31	7.042E-17	1.000	540	2	176	189	3	166	194	178	0.926	0.845
LOKIASV2_3786_ESMFold_hypothetical_protein	AF-Q96AH8-F1-model_v4	AF-Q96AH8-F1-model_v4 Ras-related protein Rab-7b	1.518E-17	1.000	540	2	187	189	6	181	199	191	0.984	0.884
LOKIASV2_3786_ESMFold_hypothetical_protein	AF-Q17QB7-F1-model_v4	AF-Q17QB7-F1-model_v4 Ras-related protein Rab-30	9.094E-17	1.000	540	3	183	189	8	177	203	184	0.958	0.837
LOKIASV2_3786_ESMFold_hypothetical_protein	AF-Q0IIG8-F1-model_v4	AF-Q0IIG8-F1-model_v4 Ras-related protein Rab-18	1.961E-17	1.000	540	3	179	189	7	172	206	180	0.937	0.806
LOKIASV2_3786_ESMFold_hypothetical_protein	AF-P36409-F1-model_v4	AF-P36409-F1-model_v4 Ras-related protein Rab-2A	8.003E-17	1.000	540	4	184	189	5	174	207	184	0.958	0.821
LOKIASV2_3786_ESMFold_hypothetical_protein	AF-Q4R4X6-F1-model_v4	AF-Q4R4X6-F1-model_v4 Ras-related protein Rab-2A	9.094E-17	1.000	540	3	182	189	5	173	212	183	0.952	0.797
LOKIASV2_3786_ESMFold_hypothetical_protein	AF-Q39570-F1-model_v4	AF-Q39570-F1-model_v4 GTP-binding protein YPTC4	1.335E-16	1.000	540	3	182	189	5	173	213	183	0.952	0.793
LOKIASV2_3786_ESMFold_hypothetical_protein	AF-P51996-F1-model_v4	AF-P51996-F1-model_v4 GTP-binding protein YPT32/YPT11	1.959E-16	1.000	540	2	186	189	11	184	222	188	0.979	0.784
LOKIASV2_3786_ESMFold_hypothetical_protein	AF-Q6AXT5-F1-model_v4	AF-Q6AXT5-F1-model_v4 Ras-related protein Rab-21	8.531E-17	1.000	540	2	187	189	15	189	223	190	0.984	0.785
LOKIASV2_3786_ESMFold_hypothetical_protein	AF-O13876-F1-model_v4	AF-O13876-F1-model_v4 GTP-binding protein ypt4	8.003E-17	1.000	540	2	184	189	7	183	234	188	0.968	0.756
LOKIASV2_3786_ESMFold_hypothetical_protein	AF-Q3UP38-F1-model_v4	AF-Q3UP38-F1-model_v4 EF-hand calcium-binding domain-containing protein 4B	1.837E-16	1.000	540	3	187	189	539	712	726	188	0.979	0.240
LOKIASV2_3786_ESMFold_hypothetical_protein	AF-Q9BSW2-F1-model_v4	AF-Q9BSW2-F1-model_v4 EF-hand calcium-binding domain-containing protein 4B	1.423E-16	1.000	540	3	187	189	544	717	731	188	0.979	0.238
LOKIASV2_3786_ESMFold_hypothetical_protein	AF-P35293-F1-model_v4	AF-P35293-F1-model_v4 Ras-related protein Rab-18	1.961E-17	1.000	539	3	178	189	7	171	206	179	0.931	0.801
LOKIASV2_3786_ESMFold_hypothetical_protein	AF-Q58DW6-F1-model_v4	AF-Q58DW6-F1-model_v4 Ras-related protein Rab-25	2.226E-16	1.000	539	3	187	189	11	184	213	188	0.979	0.817
LOKIASV2_3786_ESMFold_hypothetical_protein	AF-Q54P07-F1-model_v4	AF-Q54P07-F1-model_v4 Ras-related protein Rab-32D	2.532E-17	1.000	539	2	187	189	7	187	228	195	0.984	0.794
LOKIASV2_3786_ESMFold_hypothetical_protein	AF-P51154-F1-model_v4	AF-P51154-F1-model_v4 Ras-related protein Rab-22A	4.502E-17	1.000	538	2	176	189	3	166	194	178	0.926	0.845
LOKIASV2_3786_ESMFold_hypothetical_protein	AF-Q13636-F1-model_v4	AF-Q13636-F1-model_v4 Ras-related protein Rab-31	5.813E-17	1.000	538	2	173	189	3	163	194	175	0.910	0.830
LOKIASV2_3786_ESMFold_hypothetical_protein	AF-Q55FK2-F1-model_v4	AF-Q55FK2-F1-model_v4 Ras-related protein Rab-6	4.799E-17	1.000	538	1	173	189	3	164	208	177	0.915	0.779
LOKIASV2_3786_ESMFold_hypothetical_protein	AF-P59279-F1-model_v4	AF-P59279-F1-model_v4 Ras-related protein Rab-2B	1.252E-16	1.000	538	3	182	189	5	173	216	183	0.952	0.782
LOKIASV2_3786_ESMFold_hypothetical_protein	AF-Q54KM9-F1-model_v4	AF-Q54KM9-F1-model_v4 Ras-related protein Rab-11B	9.695E-17	1.000	538	3	189	189	10	185	220	190	0.989	0.800
LOKIASV2_3786_ESMFold_hypothetical_protein	AF-P35284-F1-model_v4	AF-P35284-F1-model_v4 Ras-related protein Rab-12	4.223E-17	1.000	538	3	178	189	40	205	243	180	0.931	0.683
LOKIASV2_3786_ESMFold_hypothetical_protein	AF-P51156-F1-model_v4	AF-P51156-F1-model_v4 Ras-related protein Rab-26	1.423E-16	1.000	538	2	181	189	62	231	257	184	0.952	0.661
LOKIASV2_3786_ESMFold_hypothetical_protein	AF-P51150-F1-model_v4	AF-P51150-F1-model_v4 Ras-related protein Rab-7a	1.517E-16	1.000	537	1	188	189	5	185	207	194	0.995	0.874
LOKIASV2_3786_ESMFold_hypothetical_protein	AF-Q01971-F1-model_v4	AF-Q01971-F1-model_v4 Ras-related protein Rab-2A	1.174E-16	1.000	537	3	182	189	5	173	212	183	0.952	0.797
LOKIASV2_3786_ESMFold_hypothetical_protein	AF-Q86YS6-F1-model_v4	AF-Q86YS6-F1-model_v4 Ras-related protein Rab-43	1.335E-16	1.000	537	3	181	189	17	185	212	182	0.947	0.797
LOKIASV2_3786_ESMFold_hypothetical_protein	AF-P61019-F1-model_v4	AF-P61019-F1-model_v4 Ras-related protein Rab-2A	1.102E-16	1.000	537	3	182	189	5	173	212	183	0.952	0.797
LOKIASV2_3786_ESMFold_hypothetical_protein	AF-P46629-F1-model_v4	AF-P46629-F1-model_v4 Ras-related protein Rab-25	2.088E-16	1.000	537	3	185	189	11	182	213	186	0.968	0.808
LOKIASV2_3786_ESMFold_hypothetical_protein	AF-Q28IZ3-F1-model_v4	AF-Q28IZ3-F1-model_v4 Ras-related protein Rab-19	1.617E-16	1.000	537	3	186	189	14	187	213	187	0.974	0.817
LOKIASV2_3786_ESMFold_hypothetical_protein	AF-P36863-F1-model_v4	AF-P36863-F1-model_v4 GTP-binding protein yptV4	1.723E-16	1.000	537	3	182	189	5	173	213	183	0.952	0.793
LOKIASV2_3786_ESMFold_hypothetical_protein	AF-Q8WUD1-F1-model_v4	AF-Q8WUD1-F1-model_v4 Ras-related protein Rab-2B	1.423E-16	1.000	537	3	182	189	5	173	216	183	0.952	0.782
LOKIASV2_3786_ESMFold_hypothetical_protein	AF-Q9SIP0-F1-model_v4	AF-Q9SIP0-F1-model_v4 Ras-related protein RABA5d	3.716E-17	1.000	537	2	187	189	10	183	219	189	0.984	0.795
LOKIASV2_3786_ESMFold_hypothetical_protein	AF-P34142-F1-model_v4	AF-P34142-F1-model_v4 Ras-related protein Rab-21	8.003E-17	1.000	536	1	181	189	4	173	212	185	0.958	0.802
LOKIASV2_3786_ESMFold_hypothetical_protein	AF-Q5JT25-F1-model_v4	AF-Q5JT25-F1-model_v4 Ras-related protein Rab-41	1.959E-16	1.000	536	1	179	189	28	195	222	182	0.947	0.757
LOKIASV2_3786_ESMFold_hypothetical_protein	AF-Q22908-F1-model_v4	AF-Q22908-F1-model_v4 Ras and EF-hand domain-containing protein homolog	1.252E-16	1.000	536	3	187	189	438	613	634	190	0.979	0.278
LOKIASV2_3786_ESMFold_hypothetical_protein	AF-O23561-F1-model_v4	AF-O23561-F1-model_v4 Ras-related protein RABB1a	6.606E-17	1.000	535	1	182	189	1	173	205	187	0.963	0.844
LOKIASV2_3786_ESMFold_hypothetical_protein	AF-P05712-F1-model_v4	AF-P05712-F1-model_v4 Ras-related protein Rab-2A	1.723E-16	1.000	535	3	182	189	5	173	212	183	0.952	0.797
LOKIASV2_3786_ESMFold_hypothetical_protein	AF-Q9SN68-F1-model_v4	AF-Q9SN68-F1-model_v4 Ras-related protein RABF2b	8.531E-17	1.000	534	2	173	189	8	168	200	175	0.910	0.805
LOKIASV2_3786_ESMFold_hypothetical_protein	AF-P07560-F1-model_v4	AF-P07560-F1-model_v4 Ras-related protein SEC4	2.696E-16	1.000	534	2	184	189	18	188	215	185	0.968	0.795
LOKIASV2_3786_ESMFold_hypothetical_protein	AF-Q17R06-F1-model_v4	AF-Q17R06-F1-model_v4 Ras-related protein Rab-21	1.102E-16	1.000	534	2	185	189	14	186	222	188	0.974	0.779
LOKIASV2_3786_ESMFold_hypothetical_protein	AF-Q9UL26-F1-model_v4	AF-Q9UL26-F1-model_v4 Ras-related protein Rab-22A	7.042E-17	1.000	533	2	176	189	3	166	194	178	0.926	0.845
LOKIASV2_3786_ESMFold_hypothetical_protein	AF-Q6DHC1-F1-model_v4	AF-Q6DHC1-F1-model_v4 Ras-related protein Rab-18-B	4.799E-17	1.000	533	3	179	189	7	172	205	180	0.937	0.810
LOKIASV2_3786_ESMFold_hypothetical_protein	AF-Q6PHN9-F1-model_v4	AF-Q6PHN9-F1-model_v4 Ras-related protein Rab-35	5.813E-17	1.000	531	2	188	189	6	186	201	195	0.989	0.900
LOKIASV2_3786_ESMFold_hypothetical_protein	AF-P36586-F1-model_v4	AF-P36586-F1-model_v4 GTP-binding protein ypt5	2.699E-17	1.000	531	1	185	189	11	192	211	195	0.979	0.863
LOKIASV2_3786_ESMFold_hypothetical_protein	AF-Q9WTL2-F1-model_v4	AF-Q9WTL2-F1-model_v4 Ras-related protein Rab-25	3.957E-16	1.000	531	3	187	189	11	184	213	188	0.979	0.817
LOKIASV2_3786_ESMFold_hypothetical_protein	AF-Q969Q5-F1-model_v4	AF-Q969Q5-F1-model_v4 Ras-related protein Rab-24	2.373E-16	1.000	530	1	188	189	4	184	203	195	0.995	0.892
LOKIASV2_3786_ESMFold_hypothetical_protein	AF-Q43463-F1-model_v4	AF-Q43463-F1-model_v4 Ras-related protein Rab7	1.617E-16	1.000	530	1	184	189	5	184	206	193	0.974	0.874
LOKIASV2_3786_ESMFold_hypothetical_protein	AF-Q8CG50-F1-model_v4	AF-Q8CG50-F1-model_v4 Ras-related protein Rab-43	2.874E-16	1.000	530	3	181	189	15	183	210	182	0.947	0.805
LOKIASV2_3786_ESMFold_hypothetical_protein	AF-Q5M7U5-F1-model_v4	AF-Q5M7U5-F1-model_v4 Ras-related protein Rab-19	1.723E-16	1.000	530	3	183	189	16	186	217	184	0.958	0.788
LOKIASV2_3786_ESMFold_hypothetical_protein	AF-P90726-F1-model_v4	AF-P90726-F1-model_v4 Ras-related protein Rab-18	7.507E-17	1.000	529	3	179	189	10	175	202	180	0.937	0.822
LOKIASV2_3786_ESMFold_hypothetical_protein	AF-P51147-F1-model_v4	AF-P51147-F1-model_v4 Ras-related protein Rab-5C	1.517E-16	1.000	529	2	173	189	19	179	216	175	0.910	0.745
LOKIASV2_3786_ESMFold_hypothetical_protein	AF-Q9ULW5-F1-model_v4	AF-Q9ULW5-F1-model_v4 Ras-related protein Rab-26	3.266E-16	1.000	529	2	178	189	61	227	256	181	0.937	0.652
LOKIASV2_3786_ESMFold_hypothetical_protein	AF-Q9R0M6-F1-model_v4	AF-Q9R0M6-F1-model_v4 Ras-related protein Rab-9A	9.094E-17	1.000	528	1	185	189	4	181	201	191	0.979	0.886
LOKIASV2_3786_ESMFold_hypothetical_protein	AF-Q9HDY0-F1-model_v4	AF-Q9HDY0-F1-model_v4 Ypt/Rab-type GTPase ypt71	5.453E-17	1.000	528	1	185	189	5	185	208	195	0.979	0.870
LOKIASV2_3786_ESMFold_hypothetical_protein	AF-P49104-F1-model_v4	AF-P49104-F1-model_v4 Ras-related protein Rab-2-B	2.226E-16	1.000	528	3	182	189	5	173	210	183	0.952	0.805
LOKIASV2_3786_ESMFold_hypothetical_protein	AF-P35285-F1-model_v4	AF-P35285-F1-model_v4 Ras-related protein Rab-22A	1.102E-16	1.000	527	2	176	189	3	166	194	178	0.926	0.845
LOKIASV2_3786_ESMFold_hypothetical_protein	AF-P36410-F1-model_v4	AF-P36410-F1-model_v4 Ras-related protein Rab-14	1.335E-16	1.000	527	3	184	189	7	177	206	185	0.963	0.830
LOKIASV2_3786_ESMFold_hypothetical_protein	AF-P61021-F1-model_v4	AF-P61021-F1-model_v4 Ras-related protein Rab-5B	1.723E-16	1.000	526	2	173	189	18	178	215	175	0.910	0.749
LOKIASV2_3786_ESMFold_hypothetical_protein	AF-P61020-F1-model_v4	AF-P61020-F1-model_v4 Ras-related protein Rab-5B	1.723E-16	1.000	526	2	173	189	18	178	215	175	0.910	0.749
LOKIASV2_3786_ESMFold_hypothetical_protein	AF-Q6GQP4-F1-model_v4	AF-Q6GQP4-F1-model_v4 Ras-related protein Rab-31	1.617E-16	1.000	525	2	173	189	3	163	194	175	0.910	0.830
LOKIASV2_3786_ESMFold_hypothetical_protein	AF-P31583-F1-model_v4	AF-P31583-F1-model_v4 Ras-related protein RHN1	1.723E-16	1.000	525	2	173	189	8	168	200	175	0.910	0.805
LOKIASV2_3786_ESMFold_hypothetical_protein	AF-P36864-F1-model_v4	AF-P36864-F1-model_v4 GTP-binding protein yptV5	1.837E-16	1.000	525	1	178	189	5	177	205	186	0.942	0.844
LOKIASV2_3786_ESMFold_hypothetical_protein	AF-Q39573-F1-model_v4	AF-Q39573-F1-model_v4 GTP-binding protein YPTC5	1.517E-16	1.000	525	1	178	189	5	178	206	187	0.942	0.845
LOKIASV2_3786_ESMFold_hypothetical_protein	AF-Q5ZKU5-F1-model_v4	AF-Q5ZKU5-F1-model_v4 Ras-related protein Rab-14	2.529E-16	1.000	525	3	184	189	10	180	215	185	0.963	0.795
LOKIASV2_3786_ESMFold_hypothetical_protein	AF-Q98932-F1-model_v4	AF-Q98932-F1-model_v4 Ras-related protein Rab-5C	1.959E-16	1.000	525	2	173	189	19	179	216	175	0.910	0.745
LOKIASV2_3786_ESMFold_hypothetical_protein	AF-Q8BHH2-F1-model_v4	AF-Q8BHH2-F1-model_v4 Ras-related protein Rab-9B	1.335E-16	1.000	524	2	185	189	5	181	201	190	0.974	0.881
LOKIASV2_3786_ESMFold_hypothetical_protein	AF-C8VQY7-F1-model_v4	AF-C8VQY7-F1-model_v4 Ypt/Rab-type GTPase avaA	1.723E-16	1.000	524	2	184	189	6	183	205	191	0.968	0.868
LOKIASV2_3786_ESMFold_hypothetical_protein	AF-Q1KME6-F1-model_v4	AF-Q1KME6-F1-model_v4 Ras-related protein Rab-6A	2.699E-17	1.000	524	3	189	189	12	187	208	191	0.989	0.846
LOKIASV2_3786_ESMFold_hypothetical_protein	AF-P05774-F1-model_v4	AF-P05774-F1-model_v4 Ras-like protein	1.423E-16	1.000	523	3	188	189	2	174	183	189	0.984	0.945
LOKIASV2_3786_ESMFold_hypothetical_protein	AF-P17608-F1-model_v4	AF-P17608-F1-model_v4 GTP-binding protein ryh1	1.959E-16	1.000	523	3	175	189	10	171	201	176	0.915	0.806
LOKIASV2_3786_ESMFold_hypothetical_protein	AF-Q5R7A4-F1-model_v4	AF-Q5R7A4-F1-model_v4 Ras-related protein Rab-7L1	2.088E-16	1.000	523	1	186	189	4	183	203	193	0.984	0.887
LOKIASV2_3786_ESMFold_hypothetical_protein	AF-Q9XI98-F1-model_v4	AF-Q9XI98-F1-model_v4 Ras-related protein RABG3e	1.959E-16	1.000	523	1	183	189	5	183	206	192	0.968	0.869
LOKIASV2_3786_ESMFold_hypothetical_protein	AF-P49103-F1-model_v4	AF-P49103-F1-model_v4 Ras-related protein Rab-2-A	2.874E-16	1.000	523	3	182	189	5	173	209	183	0.952	0.809
LOKIASV2_3786_ESMFold_hypothetical_protein	AF-Q06AU6-F1-model_v4	AF-Q06AU6-F1-model_v4 Ras-related protein Rab-5A	2.373E-16	1.000	523	2	173	189	18	178	215	175	0.910	0.749
LOKIASV2_3786_ESMFold_hypothetical_protein	AF-P51148-F1-model_v4	AF-P51148-F1-model_v4 Ras-related protein Rab-5C	2.373E-16	1.000	523	2	173	189	19	179	216	175	0.910	0.745
LOKIASV2_3786_ESMFold_hypothetical_protein	AF-P35283-F1-model_v4	AF-P35283-F1-model_v4 Ras-related protein Rab-12	1.252E-16	1.000	523	3	178	189	40	205	243	180	0.931	0.683
LOKIASV2_3786_ESMFold_hypothetical_protein	AF-Q8IZ41-F1-model_v4	AF-Q8IZ41-F1-model_v4 Ras and EF-hand domain-containing protein	1.335E-16	1.000	523	1	187	189	540	719	740	196	0.989	0.243
LOKIASV2_3786_ESMFold_hypothetical_protein	AF-P34213-F1-model_v4	AF-P34213-F1-model_v4 Ras-related protein Rab-6.1	7.042E-17	1.000	522	3	174	189	10	170	205	176	0.910	0.785
LOKIASV2_3786_ESMFold_hypothetical_protein	AF-P61294-F1-model_v4	AF-P61294-F1-model_v4 Ras-related protein Rab-6B	1.423E-16	1.000	522	3	174	189	12	172	208	176	0.910	0.774
LOKIASV2_3786_ESMFold_hypothetical_protein	AF-P61271-F1-model_v4	AF-P61271-F1-model_v4 Ras-related protein Rab-5A	2.529E-16	1.000	522	2	173	189	18	178	215	175	0.910	0.749
LOKIASV2_3786_ESMFold_hypothetical_protein	AF-Q0IIG7-F1-model_v4	AF-Q0IIG7-F1-model_v4 Ras-related protein Rab-5A	2.373E-16	1.000	522	2	173	189	18	178	215	175	0.910	0.749
LOKIASV2_3786_ESMFold_hypothetical_protein	AF-Q5R7L7-F1-model_v4	AF-Q5R7L7-F1-model_v4 Ras-related protein Rab-5C	2.373E-16	1.000	522	2	173	189	19	179	216	175	0.910	0.745
LOKIASV2_3786_ESMFold_hypothetical_protein	AF-Q58DS9-F1-model_v4	AF-Q58DS9-F1-model_v4 Ras-related protein Rab-5C	2.529E-16	1.000	522	2	173	189	19	179	216	175	0.910	0.745
LOKIASV2_3786_ESMFold_hypothetical_protein	AF-Q6IQ22-F1-model_v4	AF-Q6IQ22-F1-model_v4 Ras-related protein Rab-12	1.517E-16	1.000	522	3	178	189	41	206	244	180	0.931	0.680
LOKIASV2_3786_ESMFold_hypothetical_protein	AF-Q8MXS1-F1-model_v4	AF-Q8MXS1-F1-model_v4 Ras-related protein Rab-18	1.723E-16	1.000	521	3	179	189	10	175	203	180	0.937	0.818
LOKIASV2_3786_ESMFold_hypothetical_protein	AF-P22124-F1-model_v4	AF-P22124-F1-model_v4 Ras-related protein O-RAL	3.064E-16	1.000	521	3	188	189	13	188	206	191	0.984	0.854
LOKIASV2_3786_ESMFold_hypothetical_protein	AF-P18066-F1-model_v4	AF-P18066-F1-model_v4 Ras-related protein Rab-5A	2.874E-16	1.000	521	2	173	189	18	178	215	175	0.910	0.749
LOKIASV2_3786_ESMFold_hypothetical_protein	AF-Q4R379-F1-model_v4	AF-Q4R379-F1-model_v4 Ras-related protein Ral-B	3.712E-16	1.000	520	1	188	189	11	188	206	193	0.995	0.864
LOKIASV2_3786_ESMFold_hypothetical_protein	AF-A6QR46-F1-model_v4	AF-A6QR46-F1-model_v4 Ras-related protein Rab-6B	1.837E-16	1.000	520	3	174	189	12	172	208	176	0.910	0.774
LOKIASV2_3786_ESMFold_hypothetical_protein	AF-Q53B90-F1-model_v4	AF-Q53B90-F1-model_v4 Ras-related protein Rab-43	5.110E-16	1.000	520	3	181	189	15	183	210	182	0.947	0.805
LOKIASV2_3786_ESMFold_hypothetical_protein	AF-P35292-F1-model_v4	AF-P35292-F1-model_v4 Ras-related protein Rab-17	3.712E-16	1.000	520	1	185	189	16	189	214	189	0.979	0.813
LOKIASV2_3786_ESMFold_hypothetical_protein	AF-Q5RBG1-F1-model_v4	AF-Q5RBG1-F1-model_v4 Ras-related protein Rab-5B	2.874E-16	1.000	520	2	173	189	18	178	215	175	0.910	0.749
LOKIASV2_3786_ESMFold_hypothetical_protein	AF-Q2MJK3-F1-model_v4	AF-Q2MJK3-F1-model_v4 GTPase NRas	2.529E-16	1.000	519	3	188	189	2	175	189	189	0.984	0.921
LOKIASV2_3786_ESMFold_hypothetical_protein	AF-Q08DE8-F1-model_v4	AF-Q08DE8-F1-model_v4 Ras-related protein Rab-7b	7.507E-17	1.000	519	2	187	189	6	181	200	191	0.984	0.880
LOKIASV2_3786_ESMFold_hypothetical_protein	AF-Q9NP90-F1-model_v4	AF-Q9NP90-F1-model_v4 Ras-related protein Rab-9B	1.723E-16	1.000	519	2	185	189	5	181	201	190	0.974	0.881
LOKIASV2_3786_ESMFold_hypothetical_protein	AF-P93267-F1-model_v4	AF-P93267-F1-model_v4 Ras-related protein Rab7A	2.226E-16	1.000	519	1	179	189	5	179	207	188	0.947	0.845
LOKIASV2_3786_ESMFold_hypothetical_protein	AF-Q9SID8-F1-model_v4	AF-Q9SID8-F1-model_v4 Ras-related protein RABH1d	9.094E-17	1.000	519	1	175	189	6	169	207	179	0.926	0.792
LOKIASV2_3786_ESMFold_hypothetical_protein	AF-P61018-F1-model_v4	AF-P61018-F1-model_v4 Ras-related protein Rab-4B	3.064E-16	1.000	519	2	184	189	6	177	213	186	0.968	0.808
LOKIASV2_3786_ESMFold_hypothetical_protein	AF-M0RC99-F1-model_v4	AF-M0RC99-F1-model_v4 Ras-related protein Rab-5A	3.064E-16	1.000	519	2	173	189	18	178	215	175	0.910	0.749
LOKIASV2_3786_ESMFold_hypothetical_protein	AF-P20339-F1-model_v4	AF-P20339-F1-model_v4 Ras-related protein Rab-5A	3.482E-16	1.000	519	2	173	189	18	178	215	175	0.910	0.749
LOKIASV2_3786_ESMFold_hypothetical_protein	AF-P35278-F1-model_v4	AF-P35278-F1-model_v4 Ras-related protein Rab-5C	3.064E-16	1.000	519	2	173	189	19	179	216	175	0.910	0.745
LOKIASV2_3786_ESMFold_hypothetical_protein	AF-P56371-F1-model_v4	AF-P56371-F1-model_v4 Ras-related protein Rab-4A	2.696E-16	1.000	519	2	184	189	11	182	218	186	0.968	0.789
LOKIASV2_3786_ESMFold_hypothetical_protein	AF-P29687-F1-model_v4	AF-P29687-F1-model_v4 Ras-related protein Rab5	2.874E-16	1.000	518	2	173	189	8	168	200	175	0.910	0.805
LOKIASV2_3786_ESMFold_hypothetical_protein	AF-Q05976-F1-model_v4	AF-Q05976-F1-model_v4 Ras-related protein Rab-18A	1.033E-16	1.000	518	3	178	189	8	172	202	179	0.931	0.817
LOKIASV2_3786_ESMFold_hypothetical_protein	AF-O18334-F1-model_v4	AF-O18334-F1-model_v4 Ras-related protein Rab6	9.695E-17	1.000	518	3	174	189	11	171	208	176	0.910	0.774
LOKIASV2_3786_ESMFold_hypothetical_protein	AF-Q91V41-F1-model_v4	AF-Q91V41-F1-model_v4 Ras-related protein Rab-14	4.793E-16	1.000	518	3	184	189	10	180	215	185	0.963	0.795
LOKIASV2_3786_ESMFold_hypothetical_protein	AF-O42819-F1-model_v4	AF-O42819-F1-model_v4 Ras-related protein SEC4	5.447E-16	1.000	518	2	184	189	18	188	215	185	0.968	0.795
LOKIASV2_3786_ESMFold_hypothetical_protein	AF-O14966-F1-model_v4	AF-O14966-F1-model_v4 Ras-related protein Rab-7L1	2.696E-16	1.000	517	1	186	189	4	183	203	193	0.984	0.887
LOKIASV2_3786_ESMFold_hypothetical_protein	AF-P36860-F1-model_v4	AF-P36860-F1-model_v4 Ras-related protein Ral-B	5.807E-16	1.000	517	3	188	189	13	188	206	191	0.984	0.854
LOKIASV2_3786_ESMFold_hypothetical_protein	AF-P11234-F1-model_v4	AF-P11234-F1-model_v4 Ras-related protein Ral-B	4.218E-16	1.000	517	1	188	189	11	188	206	193	0.995	0.864
LOKIASV2_3786_ESMFold_hypothetical_protein	AF-Q52NJ6-F1-model_v4	AF-Q52NJ6-F1-model_v4 Ras-related protein Rab-14	5.110E-16	1.000	517	3	184	189	10	180	215	185	0.963	0.795
LOKIASV2_3786_ESMFold_hypothetical_protein	AF-Q9CQD1-F1-model_v4	AF-Q9CQD1-F1-model_v4 Ras-related protein Rab-5A	3.957E-16	1.000	516	2	173	189	18	178	215	175	0.910	0.749
LOKIASV2_3786_ESMFold_hypothetical_protein	AF-Q05147-F1-model_v4	AF-Q05147-F1-model_v4 GTPase KRas	1.517E-16	1.000	515	3	187	189	2	173	187	188	0.979	0.920
LOKIASV2_3786_ESMFold_hypothetical_protein	AF-Q9YH38-F1-model_v4	AF-Q9YH38-F1-model_v4 GTPase KRas	1.335E-16	1.000	515	3	187	189	2	173	188	188	0.979	0.915
LOKIASV2_3786_ESMFold_hypothetical_protein	AF-Q5R4W9-F1-model_v4	AF-Q5R4W9-F1-model_v4 Ras-related protein Rab-9B	2.696E-16	1.000	515	2	185	189	5	181	201	190	0.974	0.881
LOKIASV2_3786_ESMFold_hypothetical_protein	AF-Q5R8Z8-F1-model_v4	AF-Q5R8Z8-F1-model_v4 Ras-related protein Rab-14	5.807E-16	1.000	515	3	184	189	10	180	215	185	0.963	0.795
LOKIASV2_3786_ESMFold_hypothetical_protein	AF-B4JFU8-F1-model_v4	AF-B4JFU8-F1-model_v4 Ras-like protein 1	2.874E-16	1.000	514	3	187	189	2	174	189	188	0.979	0.915
LOKIASV2_3786_ESMFold_hypothetical_protein	AF-Q5R4B8-F1-model_v4	AF-Q5R4B8-F1-model_v4 Ras-related protein Ral-B	5.447E-16	1.000	514	1	188	189	11	188	206	193	0.995	0.864
LOKIASV2_3786_ESMFold_hypothetical_protein	AF-O80501-F1-model_v4	AF-O80501-F1-model_v4 Ras-related protein RABH1b	1.335E-16	1.000	514	3	174	189	8	168	208	176	0.910	0.774
LOKIASV2_3786_ESMFold_hypothetical_protein	AF-Q9JIW9-F1-model_v4	AF-Q9JIW9-F1-model_v4 Ras-related protein Ral-B	5.807E-16	1.000	513	3	188	189	13	188	206	191	0.984	0.854
LOKIASV2_3786_ESMFold_hypothetical_protein	AF-Q40787-F1-model_v4	AF-Q40787-F1-model_v4 Ras-related protein Rab7	2.226E-16	1.000	513	2	178	189	6	178	206	186	0.937	0.840
LOKIASV2_3786_ESMFold_hypothetical_protein	AF-Q5ZHW4-F1-model_v4	AF-Q5ZHW4-F1-model_v4 Ras-related protein Rab-5B	5.110E-16	1.000	513	2	173	189	18	178	215	175	0.910	0.749
LOKIASV2_3786_ESMFold_hypothetical_protein	AF-P35294-F1-model_v4	AF-P35294-F1-model_v4 Ras-related protein Rab-19	5.110E-16	1.000	513	1	183	189	14	186	217	186	0.968	0.797
LOKIASV2_3786_ESMFold_hypothetical_protein	AF-Q55FU9-F1-model_v4	AF-Q55FU9-F1-model_v4 Ras-related protein Rab-24	6.190E-16	1.000	512	1	182	189	4	175	202	187	0.963	0.851
LOKIASV2_3786_ESMFold_hypothetical_protein	AF-Q9LS94-F1-model_v4	AF-Q9LS94-F1-model_v4 Ras-related protein RABG3f	3.957E-16	1.000	512	2	179	189	6	179	206	187	0.942	0.845
LOKIASV2_3786_ESMFold_hypothetical_protein	AF-P20340-F1-model_v4	AF-P20340-F1-model_v4 Ras-related protein Rab-6A	1.617E-16	1.000	512	3	174	189	12	172	208	176	0.910	0.774
LOKIASV2_3786_ESMFold_hypothetical_protein	AF-P61106-F1-model_v4	AF-P61106-F1-model_v4 Ras-related protein Rab-14	7.994E-16	1.000	512	3	184	189	10	180	215	185	0.963	0.795
LOKIASV2_3786_ESMFold_hypothetical_protein	AF-Q9ERI2-F1-model_v4	AF-Q9ERI2-F1-model_v4 Ras-related protein Rab-27A	2.088E-16	1.000	512	3	182	189	8	187	221	187	0.952	0.814
LOKIASV2_3786_ESMFold_hypothetical_protein	AF-O42277-F1-model_v4	AF-O42277-F1-model_v4 GTPase KRas	1.959E-16	1.000	511	3	187	189	2	173	188	188	0.979	0.915
LOKIASV2_3786_ESMFold_hypothetical_protein	AF-Q9NRW1-F1-model_v4	AF-Q9NRW1-F1-model_v4 Ras-related protein Rab-6B	1.723E-16	1.000	511	3	174	189	12	172	208	176	0.910	0.774
LOKIASV2_3786_ESMFold_hypothetical_protein	AF-Q17QU4-F1-model_v4	AF-Q17QU4-F1-model_v4 Ras-related protein Rab-39B	7.994E-16	1.000	511	3	184	189	7	179	213	186	0.963	0.812
LOKIASV2_3786_ESMFold_hypothetical_protein	AF-Q2TBH7-F1-model_v4	AF-Q2TBH7-F1-model_v4 Ras-related protein Rab-4A	4.497E-16	1.000	511	2	184	189	11	182	218	186	0.968	0.789
LOKIASV2_3786_ESMFold_hypothetical_protein	AF-Q8HZJ5-F1-model_v4	AF-Q8HZJ5-F1-model_v4 Ras-related protein Rab-27B	3.064E-16	1.000	511	3	187	189	8	192	218	191	0.979	0.849
LOKIASV2_3786_ESMFold_hypothetical_protein	AF-Q1HE58-F1-model_v4	AF-Q1HE58-F1-model_v4 Ras-related protein Rab-27A	2.696E-16	1.000	511	2	182	189	7	187	221	188	0.958	0.819
LOKIASV2_3786_ESMFold_hypothetical_protein	AF-Q580S0-F1-model_v4	AF-Q580S0-F1-model_v4 Intraflagellar transport protein 27 homolog	5.110E-16	1.000	510	1	186	189	2	178	183	190	0.984	0.967
LOKIASV2_3786_ESMFold_hypothetical_protein	AF-B4NJ72-F1-model_v4	AF-B4NJ72-F1-model_v4 Ras-like protein 1	3.712E-16	1.000	510	3	187	189	2	174	189	188	0.979	0.915
LOKIASV2_3786_ESMFold_hypothetical_protein	AF-Q91806-F1-model_v4	AF-Q91806-F1-model_v4 GTPase NRas	1.959E-16	1.000	510	3	188	189	2	174	189	189	0.984	0.915
LOKIASV2_3786_ESMFold_hypothetical_protein	AF-P12825-F1-model_v4	AF-P12825-F1-model_v4 GTPase NRas	3.957E-16	1.000	510	3	188	189	2	175	189	189	0.984	0.921
LOKIASV2_3786_ESMFold_hypothetical_protein	AF-Q5F352-F1-model_v4	AF-Q5F352-F1-model_v4 GTPase NRas	1.837E-16	1.000	510	3	188	189	2	174	189	189	0.984	0.915
LOKIASV2_3786_ESMFold_hypothetical_protein	AF-P01111-F1-model_v4	AF-P01111-F1-model_v4 GTPase NRas	1.723E-16	1.000	510	3	188	189	2	174	189	189	0.984	0.915
LOKIASV2_3786_ESMFold_hypothetical_protein	AF-P36862-F1-model_v4	AF-P36862-F1-model_v4 GTP-binding protein yptV3	3.064E-16	1.000	510	2	178	189	7	174	203	182	0.937	0.828
LOKIASV2_3786_ESMFold_hypothetical_protein	AF-Q9LFT9-F1-model_v4	AF-Q9LFT9-F1-model_v4 Ras-related protein RABH1e	2.529E-16	1.000	510	3	174	189	8	168	207	175	0.910	0.778
LOKIASV2_3786_ESMFold_hypothetical_protein	AF-P61017-F1-model_v4	AF-P61017-F1-model_v4 Ras-related protein Rab-4B	6.190E-16	1.000	510	2	184	189	6	177	213	186	0.968	0.808
LOKIASV2_3786_ESMFold_hypothetical_protein	AF-P23640-F1-model_v4	AF-P23640-F1-model_v4 Ras-related protein Rab-27A	2.373E-16	1.000	510	3	182	189	8	187	221	187	0.952	0.814
LOKIASV2_3786_ESMFold_hypothetical_protein	AF-Q8CAM5-F1-model_v4	AF-Q8CAM5-F1-model_v4 Ras-related protein Rab-36	1.617E-16	1.000	510	1	186	189	54	232	267	192	0.984	0.670
LOKIASV2_3786_ESMFold_hypothetical_protein	AF-P35279-F1-model_v4	AF-P35279-F1-model_v4 Ras-related protein Rab-6A	1.959E-16	1.000	509	3	174	189	12	172	208	176	0.910	0.774
LOKIASV2_3786_ESMFold_hypothetical_protein	AF-P61107-F1-model_v4	AF-P61107-F1-model_v4 Ras-related protein Rab-14	9.084E-16	1.000	509	3	184	189	10	180	215	185	0.963	0.795
LOKIASV2_3786_ESMFold_hypothetical_protein	AF-P20338-F1-model_v4	AF-P20338-F1-model_v4 Ras-related protein Rab-4A	5.447E-16	1.000	509	2	184	189	11	182	218	186	0.968	0.789
LOKIASV2_3786_ESMFold_hypothetical_protein	AF-P51157-F1-model_v4	AF-P51157-F1-model_v4 Ras-related protein Rab-28	3.266E-16	1.000	509	2	178	189	10	179	221	183	0.937	0.769
LOKIASV2_3786_ESMFold_hypothetical_protein	AF-Q9GP33-F1-model_v4	AF-Q9GP33-F1-model_v4 Probable Ras-related protein Rab-4A	1.251E-15	1.000	509	2	184	189	7	179	223	187	0.968	0.776
LOKIASV2_3786_ESMFold_hypothetical_protein	AF-Q0WQN4-F1-model_v4	AF-Q0WQN4-F1-model_v4 Ras-related protein RABA6b	1.421E-15	1.000	509	3	183	189	12	181	229	185	0.958	0.742
LOKIASV2_3786_ESMFold_hypothetical_protein	AF-Q9H0N0-F1-model_v4	AF-Q9H0N0-F1-model_v4 Ras-related protein Rab-6C	1.515E-15	1.000	509	3	174	189	12	172	254	175	0.910	0.634
LOKIASV2_3786_ESMFold_hypothetical_protein	AF-P05714-F1-model_v4	AF-P05714-F1-model_v4 Ras-related protein Rab-4A	6.190E-16	1.000	508	2	184	189	11	182	218	186	0.968	0.789
LOKIASV2_3786_ESMFold_hypothetical_protein	AF-P79737-F1-model_v4	AF-P79737-F1-model_v4 GTPase NRas	3.064E-16	1.000	507	3	187	189	2	172	188	187	0.979	0.910
LOKIASV2_3786_ESMFold_hypothetical_protein	AF-P08556-F1-model_v4	AF-P08556-F1-model_v4 GTPase NRas	2.696E-16	1.000	507	3	188	189	2	174	189	189	0.984	0.915
LOKIASV2_3786_ESMFold_hypothetical_protein	AF-Q948K8-F1-model_v4	AF-Q948K8-F1-model_v4 Ras-related protein RABG3a	1.032E-15	1.000	507	1	184	189	5	184	206	193	0.974	0.874
LOKIASV2_3786_ESMFold_hypothetical_protein	AF-Q3ZC27-F1-model_v4	AF-Q3ZC27-F1-model_v4 Ras-related protein Rab-19	7.994E-16	1.000	507	2	180	189	15	183	217	182	0.947	0.779
LOKIASV2_3786_ESMFold_hypothetical_protein	AF-P01116-F1-model_v4	AF-P01116-F1-model_v4 GTPase KRas	2.529E-16	1.000	506	3	188	189	2	174	189	189	0.984	0.915
LOKIASV2_3786_ESMFold_hypothetical_protein	AF-Q9CZE3-F1-model_v4	AF-Q9CZE3-F1-model_v4 Ras-related protein Rab-32	1.723E-16	1.000	506	1	183	189	20	196	223	190	0.968	0.794
LOKIASV2_3786_ESMFold_hypothetical_protein	AF-P61225-F1-model_v4	AF-P61225-F1-model_v4 Ras-related protein Rap-2b	3.482E-16	1.000	505	3	179	189	2	167	183	181	0.937	0.907
LOKIASV2_3786_ESMFold_hypothetical_protein	AF-P51146-F1-model_v4	AF-P51146-F1-model_v4 Ras-related protein Rab-4B	7.499E-16	1.000	505	4	184	189	8	177	213	184	0.958	0.798
LOKIASV2_3786_ESMFold_hypothetical_protein	AF-Q68EK7-F1-model_v4	AF-Q68EK7-F1-model_v4 Ras-related protein Rab-4B	6.599E-16	1.000	505	4	184	189	8	177	213	184	0.958	0.798
LOKIASV2_3786_ESMFold_hypothetical_protein	AF-O04157-F1-model_v4	AF-O04157-F1-model_v4 Ras-related protein RABG3b	2.696E-16	1.000	504	2	186	189	6	184	203	194	0.979	0.882
LOKIASV2_3786_ESMFold_hypothetical_protein	AF-Q9XER8-F1-model_v4	AF-Q9XER8-F1-model_v4 Ras-related protein Rab7	5.447E-16	1.000	504	2	179	189	6	179	207	187	0.942	0.841
LOKIASV2_3786_ESMFold_hypothetical_protein	AF-Q5RAV6-F1-model_v4	AF-Q5RAV6-F1-model_v4 Ras-related protein Rab-6A	2.874E-16	1.000	504	3	174	189	12	172	208	176	0.910	0.774
LOKIASV2_3786_ESMFold_hypothetical_protein	AF-Q99KL7-F1-model_v4	AF-Q99KL7-F1-model_v4 Ras-related protein Rab-28	3.957E-16	1.000	504	2	178	189	10	179	221	183	0.937	0.769
LOKIASV2_3786_ESMFold_hypothetical_protein	AF-A5WW21-F1-model_v4	AF-A5WW21-F1-model_v4 Ras and EF-hand domain-containing protein	2.529E-16	1.000	504	1	188	189	464	643	663	195	0.995	0.271
LOKIASV2_3786_ESMFold_hypothetical_protein	AF-Q08CX1-F1-model_v4	AF-Q08CX1-F1-model_v4 Ras and EF-hand domain-containing protein	7.994E-16	1.000	504	1	188	189	521	701	722	197	0.995	0.251
LOKIASV2_3786_ESMFold_hypothetical_protein	AF-Q04970-F1-model_v4	AF-Q04970-F1-model_v4 GTPase NRas	3.064E-16	1.000	503	3	188	189	2	174	189	189	0.984	0.915
LOKIASV2_3786_ESMFold_hypothetical_protein	AF-P36861-F1-model_v4	AF-P36861-F1-model_v4 GTP-binding protein yptV2	4.793E-16	1.000	503	3	188	189	12	186	217	190	0.984	0.806
LOKIASV2_3786_ESMFold_hypothetical_protein	AF-Q4LE85-F1-model_v4	AF-Q4LE85-F1-model_v4 Ras-related protein Rab-27A	4.793E-16	1.000	503	2	182	189	7	187	221	188	0.958	0.819
LOKIASV2_3786_ESMFold_hypothetical_protein	AF-Q3SWY9-F1-model_v4	AF-Q3SWY9-F1-model_v4 Ras-related protein Rab-28	3.712E-16	1.000	503	1	178	189	9	179	221	184	0.942	0.774
LOKIASV2_3786_ESMFold_hypothetical_protein	AF-P36018-F1-model_v4	AF-P36018-F1-model_v4 GTP-binding protein YPT52	3.266E-16	1.000	503	1	188	189	1	205	234	213	0.995	0.876
LOKIASV2_3786_ESMFold_hypothetical_protein	AF-Q53S08-F1-model_v4	AF-Q53S08-F1-model_v4 Ras-related protein Rab-6D	1.835E-15	1.000	503	3	174	189	12	172	254	175	0.910	0.634
LOKIASV2_3786_ESMFold_hypothetical_protein	AF-Q8MYF2-F1-model_v4	AF-Q8MYF2-F1-model_v4 Ras-related protein RabJ	2.088E-16	1.000	503	1	186	189	6	181	256	190	0.984	0.688
LOKIASV2_3786_ESMFold_hypothetical_protein	AF-P83831-F1-model_v4	AF-P83831-F1-model_v4 Ras-like protein 1	7.034E-16	1.000	502	3	187	189	2	174	189	188	0.979	0.915
LOKIASV2_3786_ESMFold_hypothetical_protein	AF-Q5RI75-F1-model_v4	AF-Q5RI75-F1-model_v4 Ras and EF-hand domain-containing protein homolog	2.696E-16	1.000	502	1	188	189	427	606	627	198	0.995	0.287
LOKIASV2_3786_ESMFold_hypothetical_protein	AF-B4LY29-F1-model_v4	AF-B4LY29-F1-model_v4 Ras-like protein 1	7.499E-16	1.000	501	3	187	189	2	174	189	188	0.979	0.915
LOKIASV2_3786_ESMFold_hypothetical_protein	AF-Q9CB01-F1-model_v4	AF-Q9CB01-F1-model_v4 Ras-related protein RABF1	1.032E-15	1.000	501	2	172	189	31	191	202	174	0.905	0.797
LOKIASV2_3786_ESMFold_hypothetical_protein	AF-Q6IP71-F1-model_v4	AF-Q6IP71-F1-model_v4 Ras-related protein ralB-B	1.515E-15	1.000	501	3	188	189	13	188	206	191	0.984	0.854
LOKIASV2_3786_ESMFold_hypothetical_protein	AF-Q55E31-F1-model_v4	AF-Q55E31-F1-model_v4 Ras-related protein Rab-32B	3.712E-16	1.000	501	1	181	189	56	230	260	189	0.958	0.673
LOKIASV2_3786_ESMFold_hypothetical_protein	AF-Q06AU2-F1-model_v4	AF-Q06AU2-F1-model_v4 Ras-related protein Rap-2a	6.599E-16	1.000	500	3	176	189	2	164	183	178	0.921	0.891
LOKIASV2_3786_ESMFold_hypothetical_protein	AF-Q08DI5-F1-model_v4	AF-Q08DI5-F1-model_v4 Ras-related protein Rap-2c	5.110E-16	1.000	500	3	176	189	2	164	183	178	0.921	0.891
LOKIASV2_3786_ESMFold_hypothetical_protein	AF-Q6PHI9-F1-model_v4	AF-Q6PHI9-F1-model_v4 Ras-related protein Rab-4A	1.173E-15	1.000	500	2	184	189	6	177	213	186	0.968	0.808
LOKIASV2_3786_ESMFold_hypothetical_protein	AF-Q91ZR1-F1-model_v4	AF-Q91ZR1-F1-model_v4 Ras-related protein Rab-4B	1.515E-15	1.000	500	2	184	189	6	177	213	186	0.968	0.808
LOKIASV2_3786_ESMFold_hypothetical_protein	AF-Q8BHC1-F1-model_v4	AF-Q8BHC1-F1-model_v4 Ras-related protein Rab-39B	2.086E-15	1.000	500	3	184	189	7	179	213	186	0.963	0.812
LOKIASV2_3786_ESMFold_hypothetical_protein	AF-Q9YH09-F1-model_v4	AF-Q9YH09-F1-model_v4 Ras-related protein ralB-A	1.421E-15	1.000	499	3	188	189	13	188	206	191	0.984	0.854
LOKIASV2_3786_ESMFold_hypothetical_protein	AF-P51158-F1-model_v4	AF-P51158-F1-model_v4 Ras-related protein Rab-28	5.807E-16	1.000	499	1	178	189	9	179	221	184	0.942	0.774
LOKIASV2_3786_ESMFold_hypothetical_protein	AF-Q8BU31-F1-model_v4	AF-Q8BU31-F1-model_v4 Ras-related protein Rap-2c	6.599E-16	1.000	498	3	179	189	2	167	183	181	0.937	0.907
LOKIASV2_3786_ESMFold_hypothetical_protein	AF-P79800-F1-model_v4	AF-P79800-F1-model_v4 GTPase KRas	4.218E-16	1.000	498	3	187	189	2	173	188	188	0.979	0.915
LOKIASV2_3786_ESMFold_hypothetical_protein	AF-P32883-F1-model_v4	AF-P32883-F1-model_v4 GTPase KRas	3.957E-16	1.000	498	3	188	189	2	174	189	189	0.984	0.915
LOKIASV2_3786_ESMFold_hypothetical_protein	AF-Q86JP3-F1-model_v4	AF-Q86JP3-F1-model_v4 Ras-related protein Rab-5A	1.032E-15	1.000	498	2	173	189	7	167	201	175	0.910	0.801
LOKIASV2_3786_ESMFold_hypothetical_protein	AF-Q9SMR4-F1-model_v4	AF-Q9SMR4-F1-model_v4 Ras-related protein RABH1c	4.218E-16	1.000	498	3	174	189	8	169	214	177	0.910	0.757
LOKIASV2_3786_ESMFold_hypothetical_protein	AF-Q96AX2-F1-model_v4	AF-Q96AX2-F1-model_v4 Ras-related protein Rab-37	1.722E-15	1.000	498	2	176	189	27	191	223	179	0.926	0.740
LOKIASV2_3786_ESMFold_hypothetical_protein	AF-P08644-F1-model_v4	AF-P08644-F1-model_v4 GTPase KRas	5.447E-16	1.000	497	3	188	189	2	174	189	189	0.984	0.915
LOKIASV2_3786_ESMFold_hypothetical_protein	AF-P32254-F1-model_v4	AF-P32254-F1-model_v4 Ras-like protein rasS	7.034E-16	1.000	497	1	188	189	1	175	194	192	0.995	0.902
LOKIASV2_3786_ESMFold_hypothetical_protein	AF-P11233-F1-model_v4	AF-P11233-F1-model_v4 Ras-related protein Ral-A	7.034E-16	1.000	497	3	188	189	13	186	206	190	0.984	0.845
LOKIASV2_3786_ESMFold_hypothetical_protein	AF-Q9C820-F1-model_v4	AF-Q9C820-F1-model_v4 Ras-related protein RABG3d	1.032E-15	1.000	497	1	176	189	5	176	206	185	0.931	0.835
LOKIASV2_3786_ESMFold_hypothetical_protein	AF-O49841-F1-model_v4	AF-O49841-F1-model_v4 Ras-related protein RABC2a	8.522E-16	1.000	497	2	178	189	11	177	210	182	0.937	0.795
LOKIASV2_3786_ESMFold_hypothetical_protein	AF-Q9SJ11-F1-model_v4	AF-Q9SJ11-F1-model_v4 Ras-related protein RABG2	3.482E-16	1.000	497	2	188	189	7	187	212	196	0.989	0.854
LOKIASV2_3786_ESMFold_hypothetical_protein	AF-Q99260-F1-model_v4	AF-Q99260-F1-model_v4 GTP-binding protein YPT6	1.032E-15	1.000	497	1	181	189	7	178	215	186	0.958	0.800
LOKIASV2_3786_ESMFold_hypothetical_protein	AF-Q13637-F1-model_v4	AF-Q13637-F1-model_v4 Ras-related protein Rab-32	1.515E-15	1.000	497	1	182	189	22	198	225	189	0.963	0.787
LOKIASV2_3786_ESMFold_hypothetical_protein	AF-P03967-F1-model_v4	AF-P03967-F1-model_v4 Ras-like protein rasD	5.447E-16	1.000	496	3	187	189	2	174	187	189	0.979	0.925
LOKIASV2_3786_ESMFold_hypothetical_protein	AF-Q9C9U7-F1-model_v4	AF-Q9C9U7-F1-model_v4 Ras-related protein RABA6a	7.994E-16	1.000	496	3	189	189	12	191	233	195	0.989	0.773
LOKIASV2_3786_ESMFold_hypothetical_protein	AF-Q22782-F1-model_v4	AF-Q22782-F1-model_v4 Ras-related protein Rab-6.2	5.447E-16	1.000	495	3	173	189	9	168	205	175	0.905	0.780
LOKIASV2_3786_ESMFold_hypothetical_protein	AF-Q5EFX7-F1-model_v4	AF-Q5EFX7-F1-model_v4 GTPase KRas	5.110E-16	1.000	494	3	187	189	2	173	188	188	0.979	0.915
LOKIASV2_3786_ESMFold_hypothetical_protein	AF-P51539-F1-model_v4	AF-P51539-F1-model_v4 Ras-like protein RAS1	5.110E-16	1.000	494	2	188	189	7	182	194	192	0.989	0.907
LOKIASV2_3786_ESMFold_hypothetical_protein	AF-P63321-F1-model_v4	AF-P63321-F1-model_v4 Ras-related protein Ral-A	1.333E-15	1.000	494	3	188	189	13	186	206	190	0.984	0.845
LOKIASV2_3786_ESMFold_hypothetical_protein	AF-Q54RX9-F1-model_v4	AF-Q54RX9-F1-model_v4 Putative ras-related protein Rab-5B	6.190E-16	1.000	494	5	183	189	50	212	214	181	0.947	0.762
LOKIASV2_3786_ESMFold_hypothetical_protein	AF-P51159-F1-model_v4	AF-P51159-F1-model_v4 Ras-related protein Rab-27A	1.032E-15	1.000	494	3	182	189	8	187	221	187	0.952	0.814
LOKIASV2_3786_ESMFold_hypothetical_protein	AF-P22981-F1-model_v4	AF-P22981-F1-model_v4 Ras protein let-60	6.190E-16	1.000	493	3	187	189	2	173	184	188	0.979	0.935
LOKIASV2_3786_ESMFold_hypothetical_protein	AF-Q07983-F1-model_v4	AF-Q07983-F1-model_v4 GTPase KRas	6.190E-16	1.000	493	3	187	189	2	173	188	188	0.979	0.915
LOKIASV2_3786_ESMFold_hypothetical_protein	AF-P83832-F1-model_v4	AF-P83832-F1-model_v4 Ras-like protein 1	1.333E-15	1.000	493	3	187	189	2	174	189	188	0.979	0.915
LOKIASV2_3786_ESMFold_hypothetical_protein	AF-P08642-F1-model_v4	AF-P08642-F1-model_v4 GTPase HRas	1.100E-15	1.000	493	3	182	189	2	168	189	183	0.952	0.884
LOKIASV2_3786_ESMFold_hypothetical_protein	AF-Q9WVB1-F1-model_v4	AF-Q9WVB1-F1-model_v4 Ras-related protein Rab-6A	7.499E-16	1.000	493	3	174	189	12	172	208	176	0.910	0.774
LOKIASV2_3786_ESMFold_hypothetical_protein	AF-Q96DA2-F1-model_v4	AF-Q96DA2-F1-model_v4 Ras-related protein Rab-39B	2.526E-15	1.000	493	3	184	189	7	179	213	186	0.963	0.812
LOKIASV2_3786_ESMFold_hypothetical_protein	AF-P38987-F1-model_v4	AF-P38987-F1-model_v4 Protein TEM1	1.333E-15	1.000	493	2	178	189	18	187	245	183	0.937	0.694
LOKIASV2_3786_ESMFold_hypothetical_protein	AF-Q9Y3L5-F1-model_v4	AF-Q9Y3L5-F1-model_v4 Ras-related protein Rap-2c	1.100E-15	1.000	492	3	179	189	2	167	183	181	0.937	0.907
LOKIASV2_3786_ESMFold_hypothetical_protein	AF-O95755-F1-model_v4	AF-O95755-F1-model_v4 Ras-related protein Rab-36	2.088E-16	1.000	492	4	188	189	123	300	333	194	0.979	0.535
LOKIASV2_3786_ESMFold_hypothetical_protein	AF-Q80ZJ1-F1-model_v4	AF-Q80ZJ1-F1-model_v4 Ras-related protein Rap-2a	1.032E-15	1.000	491	3	176	189	2	164	183	178	0.921	0.891
LOKIASV2_3786_ESMFold_hypothetical_protein	AF-Q5RD87-F1-model_v4	AF-Q5RD87-F1-model_v4 GTPase NRas	1.032E-15	1.000	491	3	188	189	2	174	189	189	0.984	0.915
LOKIASV2_3786_ESMFold_hypothetical_protein	AF-Q8MXQ2-F1-model_v4	AF-Q8MXQ2-F1-model_v4 Ras-related protein Rab-32C	1.100E-15	1.000	491	1	187	189	25	202	224	192	0.989	0.795
LOKIASV2_3786_ESMFold_hypothetical_protein	AF-P34729-F1-model_v4	AF-P34729-F1-model_v4 Ras-like protein 1	7.034E-16	1.000	490	3	185	189	2	172	189	187	0.968	0.905
LOKIASV2_3786_ESMFold_hypothetical_protein	AF-B4HKC7-F1-model_v4	AF-B4HKC7-F1-model_v4 Ras-like protein 1	2.529E-16	1.000	490	3	188	189	2	170	189	189	0.984	0.894
LOKIASV2_3786_ESMFold_hypothetical_protein	AF-P01112-F1-model_v4	AF-P01112-F1-model_v4 GTPase HRas	9.084E-16	1.000	490	3	182	189	2	168	189	183	0.952	0.884
LOKIASV2_3786_ESMFold_hypothetical_protein	AF-Q9SF92-F1-model_v4	AF-Q9SF92-F1-model_v4 Ras-related protein RABC2b	1.722E-15	1.000	490	2	178	189	11	177	205	182	0.937	0.815
LOKIASV2_3786_ESMFold_hypothetical_protein	AF-Q95UJ0-F1-model_v4	AF-Q95UJ0-F1-model_v4 Ras-related protein Rab-7a	1.333E-15	1.000	490	2	180	189	6	177	206	186	0.947	0.835
LOKIASV2_3786_ESMFold_hypothetical_protein	AF-P61227-F1-model_v4	AF-P61227-F1-model_v4 Ras-related protein Rap-2b	1.173E-15	1.000	489	3	176	189	2	164	183	178	0.921	0.891
LOKIASV2_3786_ESMFold_hypothetical_protein	AF-Q5R988-F1-model_v4	AF-Q5R988-F1-model_v4 Ras-related protein Rap-2a	1.251E-15	1.000	489	3	176	189	2	164	183	178	0.921	0.891
LOKIASV2_3786_ESMFold_hypothetical_protein	AF-P08646-F1-model_v4	AF-P08646-F1-model_v4 Ras-like protein 1	2.874E-16	1.000	489	3	188	189	2	170	189	189	0.984	0.894
LOKIASV2_3786_ESMFold_hypothetical_protein	AF-P10114-F1-model_v4	AF-P10114-F1-model_v4 Ras-related protein Rap-2a	1.421E-15	1.000	488	3	176	189	2	164	183	178	0.921	0.891
LOKIASV2_3786_ESMFold_hypothetical_protein	AF-B3M185-F1-model_v4	AF-B3M185-F1-model_v4 Ras-like protein 1	2.874E-16	1.000	488	3	188	189	2	170	189	189	0.984	0.894
LOKIASV2_3786_ESMFold_hypothetical_protein	AF-P31022-F1-model_v4	AF-P31022-F1-model_v4 Ras-related protein Rab7	1.421E-15	1.000	488	2	179	189	6	179	206	187	0.942	0.845
LOKIASV2_3786_ESMFold_hypothetical_protein	AF-Q14088-F1-model_v4	AF-Q14088-F1-model_v4 Ras-related protein Rab-33A	1.835E-15	1.000	488	1	188	189	33	214	237	193	0.995	0.768
LOKIASV2_3786_ESMFold_hypothetical_protein	AF-Q6DUB4-F1-model_v4	AF-Q6DUB4-F1-model_v4 Ras-related protein Rab-7b	1.515E-15	1.000	487	1	180	189	5	177	206	187	0.952	0.840
LOKIASV2_3786_ESMFold_hypothetical_protein	AF-P63320-F1-model_v4	AF-P63320-F1-model_v4 Ras-related protein Ral-A	9.684E-16	1.000	487	1	188	189	11	186	206	192	0.995	0.854
LOKIASV2_3786_ESMFold_hypothetical_protein	AF-P36017-F1-model_v4	AF-P36017-F1-model_v4 Vacuolar protein sorting-associated protein 21	1.251E-15	1.000	487	1	188	189	4	187	210	198	0.995	0.876
LOKIASV2_3786_ESMFold_hypothetical_protein	AF-Q9JKM7-F1-model_v4	AF-Q9JKM7-F1-model_v4 Ras-related protein Rab-37	3.708E-15	1.000	487	3	173	189	28	188	223	175	0.905	0.722
LOKIASV2_3786_ESMFold_hypothetical_protein	AF-Q948K6-F1-model_v4	AF-Q948K6-F1-model_v4 Ras-related protein RABG1	2.871E-15	1.000	486	1	185	189	2	182	204	194	0.979	0.887
LOKIASV2_3786_ESMFold_hypothetical_protein	AF-O42785-F1-model_v4	AF-O42785-F1-model_v4 Ras-like protein	1.173E-15	1.000	486	3	188	189	7	180	214	190	0.984	0.813
LOKIASV2_3786_ESMFold_hypothetical_protein	AF-Q5RFI2-F1-model_v4	AF-Q5RFI2-F1-model_v4 Ras-related protein Rab-28	9.084E-16	1.000	486	1	178	189	9	179	221	184	0.942	0.774
LOKIASV2_3786_ESMFold_hypothetical_protein	AF-P97950-F1-model_v4	AF-P97950-F1-model_v4 Ras-related protein Rab-33A	1.956E-15	1.000	486	1	188	189	33	214	237	193	0.995	0.768
LOKIASV2_3786_ESMFold_hypothetical_protein	AF-Q64008-F1-model_v4	AF-Q64008-F1-model_v4 Ras-related protein Rab-34	8.522E-16	1.000	486	2	188	189	50	228	259	195	0.989	0.691
LOKIASV2_3786_ESMFold_hypothetical_protein	AF-B4PUP5-F1-model_v4	AF-B4PUP5-F1-model_v4 Ras-like protein 1	3.957E-16	1.000	485	3	188	189	2	170	189	189	0.984	0.894
LOKIASV2_3786_ESMFold_hypothetical_protein	AF-Q61411-F1-model_v4	AF-Q61411-F1-model_v4 GTPase HRas	1.333E-15	1.000	485	3	182	189	2	168	189	183	0.952	0.884
LOKIASV2_3786_ESMFold_hypothetical_protein	AF-P48555-F1-model_v4	AF-P48555-F1-model_v4 Ras-related protein Ral-a	1.515E-15	1.000	485	2	186	189	9	181	201	189	0.979	0.861
LOKIASV2_3786_ESMFold_hypothetical_protein	AF-P35290-F1-model_v4	AF-P35290-F1-model_v4 Ras-related protein Rab-24	5.104E-15	1.000	485	5	188	189	8	184	203	191	0.974	0.872
LOKIASV2_3786_ESMFold_hypothetical_protein	AF-Q9LW76-F1-model_v4	AF-Q9LW76-F1-model_v4 Ras-related protein RABG3c	1.615E-15	1.000	485	2	178	189	6	178	206	186	0.937	0.840
LOKIASV2_3786_ESMFold_hypothetical_protein	AF-Q1ZXE7-F1-model_v4	AF-Q1ZXE7-F1-model_v4 Ras-related protein RabZ	4.213E-15	1.000	485	4	178	189	50	214	229	179	0.926	0.721
LOKIASV2_3786_ESMFold_hypothetical_protein	AF-Q9H0T7-F1-model_v4	AF-Q9H0T7-F1-model_v4 Ras-related protein Rab-17	3.708E-15	1.000	484	1	185	189	16	189	212	189	0.979	0.821
LOKIASV2_3786_ESMFold_hypothetical_protein	AF-A4D1S5-F1-model_v4	AF-A4D1S5-F1-model_v4 Ras-related protein Rab-19	5.441E-15	1.000	484	2	183	189	15	186	217	185	0.963	0.793
LOKIASV2_3786_ESMFold_hypothetical_protein	AF-P91580-F1-model_v4	AF-P91580-F1-model_v4 Putative Ras-related protein Rab-33	1.333E-15	1.000	484	1	176	189	12	182	218	182	0.931	0.784
LOKIASV2_3786_ESMFold_hypothetical_protein	AF-B4GFJ8-F1-model_v4	AF-B4GFJ8-F1-model_v4 Ras-like protein 1	4.497E-16	1.000	483	3	188	189	2	170	189	189	0.984	0.894
LOKIASV2_3786_ESMFold_hypothetical_protein	AF-P63322-F1-model_v4	AF-P63322-F1-model_v4 Ras-related protein Ral-A	1.421E-15	1.000	483	1	188	189	11	186	206	192	0.995	0.854
LOKIASV2_3786_ESMFold_hypothetical_protein	AF-Q9LV79-F1-model_v4	AF-Q9LV79-F1-model_v4 Ras-related protein RABH1a	3.263E-15	1.000	482	1	189	189	6	181	206	192	1.000	0.854
LOKIASV2_3786_ESMFold_hypothetical_protein	AF-P87018-F1-model_v4	AF-P87018-F1-model_v4 Ras-like protein	1.421E-15	1.000	482	3	183	189	7	175	212	185	0.958	0.797
LOKIASV2_3786_ESMFold_hypothetical_protein	AF-Q06AU4-F1-model_v4	AF-Q06AU4-F1-model_v4 Ras-related protein Rab-34	8.522E-16	1.000	482	4	188	189	52	228	259	196	0.979	0.683
LOKIASV2_3786_ESMFold_hypothetical_protein	AF-P0CY32-F1-model_v4	AF-P0CY32-F1-model_v4 Ras-like protein 1	2.086E-15	1.000	482	1	188	189	1	176	290	192	0.995	0.607
LOKIASV2_3786_ESMFold_hypothetical_protein	AF-Q8CB87-F1-model_v4	AF-Q8CB87-F1-model_v4 Ras-related protein Rab-44	1.099E-14	1.000	482	3	186	189	784	956	973	187	0.974	0.178
LOKIASV2_3786_ESMFold_hypothetical_protein	AF-Q7Z6P3-F1-model_v4	AF-Q7Z6P3-F1-model_v4 Ras-related protein Rab-44	9.074E-15	1.000	482	3	186	189	832	1004	1021	187	0.974	0.169
LOKIASV2_3786_ESMFold_hypothetical_protein	AF-Q95ME4-F1-model_v4	AF-Q95ME4-F1-model_v4 GTPase NRas	1.615E-15	1.000	481	3	188	189	2	174	189	189	0.984	0.915
LOKIASV2_3786_ESMFold_hypothetical_protein	AF-P38976-F1-model_v4	AF-P38976-F1-model_v4 Ras-like protein RAS2	2.086E-15	1.000	480	1	184	189	5	176	192	188	0.974	0.896
LOKIASV2_3786_ESMFold_hypothetical_protein	AF-A8NU18-F1-model_v4	AF-A8NU18-F1-model_v4 24 kDa Ras-like protein	2.223E-15	1.000	480	3	185	189	9	179	215	187	0.968	0.795
LOKIASV2_3786_ESMFold_hypothetical_protein	AF-O24461-F1-model_v4	AF-O24461-F1-model_v4 Ras-related protein Rab7	3.061E-15	1.000	479	2	179	189	6	179	207	187	0.942	0.841
LOKIASV2_3786_ESMFold_hypothetical_protein	AF-Q59XU5-F1-model_v4	AF-Q59XU5-F1-model_v4 Ras-like protein 1	2.693E-15	1.000	479	1	188	189	1	176	290	192	0.995	0.607
LOKIASV2_3786_ESMFold_hypothetical_protein	AF-P61226-F1-model_v4	AF-P61226-F1-model_v4 Ras-related protein Rap-2b	2.693E-15	1.000	478	1	176	189	1	164	183	180	0.931	0.896
LOKIASV2_3786_ESMFold_hypothetical_protein	AF-P28775-F1-model_v4	AF-P28775-F1-model_v4 Ras-like protein	2.693E-15	1.000	478	3	187	189	9	181	217	189	0.979	0.797
LOKIASV2_3786_ESMFold_hypothetical_protein	AF-Q295X7-F1-model_v4	AF-Q295X7-F1-model_v4 Ras-like protein 1	7.994E-16	1.000	477	3	188	189	2	170	189	189	0.984	0.894
LOKIASV2_3786_ESMFold_hypothetical_protein	AF-C4YKT4-F1-model_v4	AF-C4YKT4-F1-model_v4 Ras-like protein 1	2.370E-15	1.000	477	1	188	189	1	176	288	192	0.995	0.611
LOKIASV2_3786_ESMFold_hypothetical_protein	AF-P15064-F1-model_v4	AF-P15064-F1-model_v4 Ras-like protein rasG	1.956E-15	1.000	476	3	184	189	2	171	189	186	0.963	0.899
LOKIASV2_3786_ESMFold_hypothetical_protein	AF-P22280-F1-model_v4	AF-P22280-F1-model_v4 Ras-like protein 3	3.952E-15	1.000	476	3	188	189	8	181	205	190	0.984	0.849
LOKIASV2_3786_ESMFold_hypothetical_protein	AF-Q0PD08-F1-model_v4	AF-Q0PD08-F1-model_v4 Ras-related protein Rab-42	6.591E-15	1.000	476	3	184	189	8	182	215	188	0.963	0.814
LOKIASV2_3786_ESMFold_hypothetical_protein	AF-P52498-F1-model_v4	AF-P52498-F1-model_v4 Ras-related protein RSR1	5.104E-15	1.000	476	2	188	189	3	177	248	191	0.989	0.706
LOKIASV2_3786_ESMFold_hypothetical_protein	AF-Q5M7D1-F1-model_v4	AF-Q5M7D1-F1-model_v4 DnaJ homolog subfamily C member 27-B	2.086E-15	1.000	476	1	182	189	13	191	276	193	0.963	0.649
LOKIASV2_3786_ESMFold_hypothetical_protein	AF-P62828-F1-model_v4	AF-P62828-F1-model_v4 GTP-binding nuclear protein Ran	2.693E-15	1.000	475	3	179	189	9	171	216	179	0.937	0.755
LOKIASV2_3786_ESMFold_hypothetical_protein	AF-P22278-F1-model_v4	AF-P22278-F1-model_v4 Ras-like protein 1	2.871E-15	1.000	474	1	187	189	7	181	203	191	0.989	0.862
LOKIASV2_3786_ESMFold_hypothetical_protein	AF-Q5RDE5-F1-model_v4	AF-Q5RDE5-F1-model_v4 DnaJ homolog subfamily C member 27	2.223E-15	1.000	474	1	182	189	13	188	273	191	0.963	0.645
LOKIASV2_3786_ESMFold_hypothetical_protein	AF-P20171-F1-model_v4	AF-P20171-F1-model_v4 GTPase HRas	2.871E-15	1.000	473	3	182	189	2	168	189	183	0.952	0.884
LOKIASV2_3786_ESMFold_hypothetical_protein	AF-P32253-F1-model_v4	AF-P32253-F1-model_v4 Ras-like protein rasC	1.835E-15	1.000	473	1	188	189	1	177	189	193	0.995	0.937
LOKIASV2_3786_ESMFold_hypothetical_protein	AF-Q55CB0-F1-model_v4	AF-Q55CB0-F1-model_v4 Ras-like protein rasU	1.420E-14	1.000	473	4	188	189	14	186	213	188	0.979	0.812
LOKIASV2_3786_ESMFold_hypothetical_protein	AF-P04388-F1-model_v4	AF-P04388-F1-model_v4 Ras-like protein 2	4.213E-15	1.000	472	1	181	189	2	170	192	185	0.958	0.880
LOKIASV2_3786_ESMFold_hypothetical_protein	AF-Q55CB8-F1-model_v4	AF-Q55CB8-F1-model_v4 Ras-like protein rasX	7.985E-15	1.000	472	4	188	189	9	182	213	189	0.979	0.817
LOKIASV2_3786_ESMFold_hypothetical_protein	AF-G4MZY8-F1-model_v4	AF-G4MZY8-F1-model_v4 Ras-like protein 2	3.952E-15	1.000	472	3	188	189	8	181	214	190	0.984	0.813
LOKIASV2_3786_ESMFold_hypothetical_protein	AF-Q9BZG1-F1-model_v4	AF-Q9BZG1-F1-model_v4 Ras-related protein Rab-34	8.522E-16	1.000	472	4	179	189	52	219	259	187	0.931	0.649
LOKIASV2_3786_ESMFold_hypothetical_protein	AF-B3NZR4-F1-model_v4	AF-B3NZR4-F1-model_v4 Ras-like protein 1	1.251E-15	1.000	471	3	188	189	2	170	189	189	0.984	0.894
LOKIASV2_3786_ESMFold_hypothetical_protein	AF-Q12526-F1-model_v4	AF-Q12526-F1-model_v4 Ras-like protein	3.952E-15	1.000	471	3	183	189	7	175	212	185	0.958	0.797
LOKIASV2_3786_ESMFold_hypothetical_protein	AF-Q55EG6-F1-model_v4	AF-Q55EG6-F1-model_v4 Ras-related protein RabT1	1.835E-15	1.000	471	3	180	189	28	198	222	186	0.942	0.770
LOKIASV2_3786_ESMFold_hypothetical_protein	AF-Q5U1Y1-F1-model_v4	AF-Q5U1Y1-F1-model_v4 Ras-related protein Rab-34	1.956E-15	1.000	471	4	188	189	52	228	259	196	0.979	0.683
LOKIASV2_3786_ESMFold_hypothetical_protein	AF-Q14964-F1-model_v4	AF-Q14964-F1-model_v4 Ras-related protein Rab-39A	5.800E-15	1.000	470	3	184	189	7	183	217	190	0.963	0.816
LOKIASV2_3786_ESMFold_hypothetical_protein	AF-P62070-F1-model_v4	AF-P62070-F1-model_v4 Ras-related protein R-Ras2	6.183E-15	1.000	469	4	183	189	14	182	204	184	0.952	0.828
LOKIASV2_3786_ESMFold_hypothetical_protein	AF-O08989-F1-model_v4	AF-O08989-F1-model_v4 Ras-related protein M-Ras	3.263E-15	1.000	469	1	187	189	10	189	208	194	0.989	0.865
LOKIASV2_3786_ESMFold_hypothetical_protein	AF-P22126-F1-model_v4	AF-P22126-F1-model_v4 Protein ras-1	7.027E-15	1.000	469	3	182	189	7	175	213	184	0.952	0.793
LOKIASV2_3786_ESMFold_hypothetical_protein	AF-Q4R4M9-F1-model_v4	AF-Q4R4M9-F1-model_v4 GTP-binding nuclear protein Ran	4.213E-15	1.000	469	3	179	189	9	171	216	179	0.937	0.755
LOKIASV2_3786_ESMFold_hypothetical_protein	AF-Q5R615-F1-model_v4	AF-Q5R615-F1-model_v4 Ras-related protein Rab-33B	2.693E-15	1.000	469	1	176	189	30	199	229	181	0.931	0.742
LOKIASV2_3786_ESMFold_hypothetical_protein	AF-Q6IML7-F1-model_v4	AF-Q6IML7-F1-model_v4 DnaJ homolog subfamily C member 27	4.492E-15	1.000	469	1	182	189	13	188	273	190	0.963	0.645
LOKIASV2_3786_ESMFold_hypothetical_protein	AF-O23657-F1-model_v4	AF-O23657-F1-model_v4 Ras-related protein RABC1	5.441E-15	1.000	468	2	172	189	11	171	212	176	0.905	0.759
LOKIASV2_3786_ESMFold_hypothetical_protein	AF-Q5R556-F1-model_v4	AF-Q5R556-F1-model_v4 GTP-binding nuclear protein Ran	5.104E-15	1.000	468	3	179	189	9	171	216	179	0.937	0.755
LOKIASV2_3786_ESMFold_hypothetical_protein	AF-Q9XWR6-F1-model_v4	AF-Q9XWR6-F1-model_v4 Ras-related protein Rab-28	6.591E-15	1.000	468	2	178	189	33	202	248	183	0.937	0.685
LOKIASV2_3786_ESMFold_hypothetical_protein	AF-Q9NZQ0-F1-model_v4	AF-Q9NZQ0-F1-model_v4 DnaJ homolog subfamily C member 27	3.708E-15	1.000	468	1	182	189	13	188	273	191	0.963	0.645
LOKIASV2_3786_ESMFold_hypothetical_protein	AF-O35963-F1-model_v4	AF-O35963-F1-model_v4 Ras-related protein Rab-33B	3.263E-15	1.000	467	1	176	189	30	199	229	181	0.931	0.742
LOKIASV2_3786_ESMFold_hypothetical_protein	AF-Q9EQT3-F1-model_v4	AF-Q9EQT3-F1-model_v4 Rho-related GTP-binding protein RhoU	6.183E-15	1.000	467	3	183	189	51	232	261	196	0.958	0.697
LOKIASV2_3786_ESMFold_hypothetical_protein	AF-P41925-F1-model_v4	AF-P41925-F1-model_v4 Ras-like GTP-binding protein RYL2	3.259E-14	1.000	466	2	187	189	3	184	209	195	0.984	0.871
LOKIASV2_3786_ESMFold_hypothetical_protein	AF-Q9VP48-F1-model_v4	AF-Q9VP48-F1-model_v4 Ras-related protein Rab-26	1.420E-14	1.000	466	4	183	189	190	359	388	185	0.952	0.438
LOKIASV2_3786_ESMFold_hypothetical_protein	AF-Q24192-F1-model_v4	AF-Q24192-F1-model_v4 Ras-like GTP-binding protein RhoL	2.223E-15	1.000	465	1	177	189	8	175	190	183	0.937	0.884
LOKIASV2_3786_ESMFold_hypothetical_protein	AF-P48148-F1-model_v4	AF-P48148-F1-model_v4 Ras-like GTP-binding protein Rho1	1.615E-15	1.000	465	1	178	189	2	179	192	193	0.942	0.927
LOKIASV2_3786_ESMFold_hypothetical_protein	AF-Q7T2E8-F1-model_v4	AF-Q7T2E8-F1-model_v4 Rho-related GTP-binding protein RhoA-C	1.956E-15	1.000	465	1	178	189	2	179	193	193	0.942	0.922
LOKIASV2_3786_ESMFold_hypothetical_protein	AF-P38146-F1-model_v4	AF-P38146-F1-model_v4 GTP-binding protein YPT10	1.615E-15	1.000	465	1	172	189	1	167	199	172	0.910	0.839
LOKIASV2_3786_ESMFold_hypothetical_protein	AF-Q9HBH0-F1-model_v4	AF-Q9HBH0-F1-model_v4 Rho-related GTP-binding protein RhoF	1.833E-14	1.000	465	2	188	189	17	204	211	202	0.989	0.891
LOKIASV2_3786_ESMFold_hypothetical_protein	AF-Q7ZYF1-F1-model_v4	AF-Q7ZYF1-F1-model_v4 DnaJ homolog subfamily C member 27-A	1.722E-15	1.000	465	1	182	189	13	188	273	192	0.963	0.645
LOKIASV2_3786_ESMFold_hypothetical_protein	AF-A5D7F5-F1-model_v4	AF-A5D7F5-F1-model_v4 DnaJ homolog subfamily C member 27	3.952E-15	1.000	465	2	182	189	14	188	273	189	0.958	0.641
LOKIASV2_3786_ESMFold_hypothetical_protein	AF-Q6IMM1-F1-model_v4	AF-Q6IMM1-F1-model_v4 DnaJ homolog subfamily C member 27	2.370E-15	1.000	465	1	182	189	13	188	273	192	0.963	0.645
LOKIASV2_3786_ESMFold_hypothetical_protein	AF-P62836-F1-model_v4	AF-P62836-F1-model_v4 Ras-related protein Rap-1A	1.249E-14	1.000	464	3	178	189	2	167	184	180	0.931	0.902
LOKIASV2_3786_ESMFold_hypothetical_protein	AF-Q6DHE8-F1-model_v4	AF-Q6DHE8-F1-model_v4 Rho-related GTP-binding protein RhoA-D	3.708E-15	1.000	464	1	185	189	2	186	193	200	0.979	0.959
LOKIASV2_3786_ESMFold_hypothetical_protein	AF-Q8K586-F1-model_v4	AF-Q8K586-F1-model_v4 GTP-binding nuclear protein Ran, testis-specific isoform	1.420E-14	1.000	464	2	178	189	8	170	216	179	0.937	0.755
LOKIASV2_3786_ESMFold_hypothetical_protein	AF-P33153-F1-model_v4	AF-P33153-F1-model_v4 GTP-binding RHO-like protein	1.833E-14	1.000	463	3	188	189	74	247	346	188	0.984	0.503
LOKIASV2_3786_ESMFold_hypothetical_protein	AF-Q7ZXH7-F1-model_v4	AF-Q7ZXH7-F1-model_v4 Ras-related protein Rap-1b	9.673E-15	1.000	462	3	178	189	2	167	184	180	0.931	0.902
LOKIASV2_3786_ESMFold_hypothetical_protein	AF-Q9BW83-F1-model_v4	AF-Q9BW83-F1-model_v4 Intraflagellar transport protein 27 homolog	3.708E-15	1.000	462	2	185	189	3	180	186	190	0.974	0.957
LOKIASV2_3786_ESMFold_hypothetical_protein	AF-Q05058-F1-model_v4	AF-Q05058-F1-model_v4 24 kDa Ras-like protein	9.074E-15	1.000	462	3	185	189	9	179	215	187	0.968	0.795
LOKIASV2_3786_ESMFold_hypothetical_protein	AF-Q54QR3-F1-model_v4	AF-Q54QR3-F1-model_v4 Ras-related protein Rab-32A	9.074E-15	1.000	462	1	179	189	12	187	219	188	0.947	0.804
LOKIASV2_3786_ESMFold_hypothetical_protein	AF-Q5ZHX1-F1-model_v4	AF-Q5ZHX1-F1-model_v4 Ras-related protein Rap-1b	7.985E-15	1.000	461	3	178	189	2	167	184	181	0.931	0.902
LOKIASV2_3786_ESMFold_hypothetical_protein	AF-Q3SZA1-F1-model_v4	AF-Q3SZA1-F1-model_v4 Rho-related GTP-binding protein RhoF	2.690E-14	1.000	460	2	188	189	21	208	215	202	0.989	0.874
LOKIASV2_3786_ESMFold_hypothetical_protein	AF-P13856-F1-model_v4	AF-P13856-F1-model_v4 Ras-related protein RSR1	2.690E-14	1.000	460	1	188	189	2	177	272	192	0.995	0.647
LOKIASV2_3786_ESMFold_hypothetical_protein	AF-P01122-F1-model_v4	AF-P01122-F1-model_v4 Ras-like GTP-binding protein RHO	3.708E-15	1.000	459	2	178	189	3	179	192	192	0.937	0.922
LOKIASV2_3786_ESMFold_hypothetical_protein	AF-Q6NUX8-F1-model_v4	AF-Q6NUX8-F1-model_v4 Rho-related GTP-binding protein RhoA-A	3.478E-15	1.000	459	1	178	189	2	179	193	193	0.942	0.922
LOKIASV2_3786_ESMFold_hypothetical_protein	AF-Q5ZHV1-F1-model_v4	AF-Q5ZHV1-F1-model_v4 Ras-related protein Rab-33B	6.591E-15	1.000	459	2	176	189	29	197	228	180	0.926	0.741
LOKIASV2_3786_ESMFold_hypothetical_protein	AF-Q6IMK3-F1-model_v4	AF-Q6IMK3-F1-model_v4 DnaJ homolog subfamily C member 27	3.708E-15	1.000	459	1	182	189	13	188	273	192	0.963	0.645
LOKIASV2_3786_ESMFold_hypothetical_protein	AF-Q4R9D4-F1-model_v4	AF-Q4R9D4-F1-model_v4 Ras-related protein Rap-1b	1.031E-14	1.000	458	3	178	189	2	167	184	181	0.931	0.902
LOKIASV2_3786_ESMFold_hypothetical_protein	AF-P62827-F1-model_v4	AF-P62827-F1-model_v4 GTP-binding nuclear protein Ran	1.099E-14	1.000	458	3	179	189	9	171	216	179	0.937	0.755
LOKIASV2_3786_ESMFold_hypothetical_protein	AF-Q62636-F1-model_v4	AF-Q62636-F1-model_v4 Ras-related protein Rap-1b	1.099E-14	1.000	457	3	178	189	2	167	184	181	0.931	0.902
LOKIASV2_3786_ESMFold_hypothetical_protein	AF-Q6DHM9-F1-model_v4	AF-Q6DHM9-F1-model_v4 Rho-related GTP-binding protein RhoA-B	3.952E-15	1.000	457	2	178	189	3	179	193	192	0.937	0.917
LOKIASV2_3786_ESMFold_hypothetical_protein	AF-Q54FK7-F1-model_v4	AF-Q54FK7-F1-model_v4 Ras-related protein RabL	5.104E-15	1.000	457	1	181	189	4	181	204	194	0.958	0.873
LOKIASV2_3786_ESMFold_hypothetical_protein	AF-O14807-F1-model_v4	AF-O14807-F1-model_v4 Ras-related protein M-Ras	2.871E-15	1.000	457	1	188	189	10	187	208	192	0.995	0.856
LOKIASV2_3786_ESMFold_hypothetical_protein	AF-Q9YH37-F1-model_v4	AF-Q9YH37-F1-model_v4 Ras-related protein Rap-1b	1.172E-14	1.000	456	3	178	189	2	167	184	181	0.931	0.902
LOKIASV2_3786_ESMFold_hypothetical_protein	AF-P62071-F1-model_v4	AF-P62071-F1-model_v4 Ras-related protein R-Ras2	1.720E-14	1.000	456	4	183	189	14	182	204	184	0.952	0.828
LOKIASV2_3786_ESMFold_hypothetical_protein	AF-Q55CC0-F1-model_v4	AF-Q55CC0-F1-model_v4 Ras-like protein rasW	7.491E-15	1.000	456	4	181	189	9	174	216	182	0.942	0.769
LOKIASV2_3786_ESMFold_hypothetical_protein	AF-Q5RDM6-F1-model_v4	AF-Q5RDM6-F1-model_v4 Ras-related protein Rap-1b	1.249E-14	1.000	455	3	178	189	2	167	184	181	0.931	0.902
LOKIASV2_3786_ESMFold_hypothetical_protein	AF-Q61820-F1-model_v4	AF-Q61820-F1-model_v4 GTP-binding nuclear protein Ran, testis-specific isoform	3.259E-14	1.000	455	2	178	189	8	170	216	179	0.937	0.755
LOKIASV2_3786_ESMFold_hypothetical_protein	AF-P62826-F1-model_v4	AF-P62826-F1-model_v4 GTP-binding nuclear protein Ran	1.420E-14	1.000	455	3	179	189	9	171	216	179	0.937	0.755
LOKIASV2_3786_ESMFold_hypothetical_protein	AF-Q01387-F1-model_v4	AF-Q01387-F1-model_v4 Protein ras-2	1.249E-14	1.000	455	2	182	189	6	194	229	204	0.958	0.825
LOKIASV2_3786_ESMFold_hypothetical_protein	AF-P08645-F1-model_v4	AF-P08645-F1-model_v4 Ras-related protein Rap1	2.524E-14	1.000	454	3	178	189	2	166	184	180	0.931	0.897
LOKIASV2_3786_ESMFold_hypothetical_protein	AF-Q9FLQ3-F1-model_v4	AF-Q9FLQ3-F1-model_v4 GTP-binding nuclear protein Ran-4	1.720E-14	1.000	454	3	179	189	12	174	222	179	0.937	0.734
LOKIASV2_3786_ESMFold_hypothetical_protein	AF-Q22038-F1-model_v4	AF-Q22038-F1-model_v4 Ras-like GTP-binding protein rhoA	5.104E-15	1.000	453	1	178	189	2	179	192	193	0.942	0.927
LOKIASV2_3786_ESMFold_hypothetical_protein	AF-P08134-F1-model_v4	AF-P08134-F1-model_v4 Rho-related GTP-binding protein RhoC	4.788E-15	1.000	453	1	178	189	2	179	193	193	0.942	0.922
LOKIASV2_3786_ESMFold_hypothetical_protein	AF-Q8BHD0-F1-model_v4	AF-Q8BHD0-F1-model_v4 Ras-related protein Rab-39A	2.221E-14	1.000	453	3	184	189	7	183	217	190	0.963	0.816
LOKIASV2_3786_ESMFold_hypothetical_protein	AF-Q8CFP6-F1-model_v4	AF-Q8CFP6-F1-model_v4 DnaJ homolog subfamily C member 27	2.871E-15	1.000	453	2	182	189	14	188	273	192	0.958	0.641
LOKIASV2_3786_ESMFold_hypothetical_protein	AF-B4KB60-F1-model_v4	AF-B4KB60-F1-model_v4 Ras-like protein 1	1.249E-14	1.000	452	3	187	189	2	166	181	188	0.979	0.912
LOKIASV2_3786_ESMFold_hypothetical_protein	AF-Q55CA9-F1-model_v4	AF-Q55CA9-F1-model_v4 Ras-like protein rasZ	1.420E-14	1.000	452	4	188	189	9	181	214	189	0.979	0.808
LOKIASV2_3786_ESMFold_hypothetical_protein	AF-Q55CB7-F1-model_v4	AF-Q55CB7-F1-model_v4 Ras-like protein rasY	2.083E-14	1.000	452	3	188	189	9	182	216	190	0.984	0.806
LOKIASV2_3786_ESMFold_hypothetical_protein	AF-P62833-F1-model_v4	AF-P62833-F1-model_v4 Ras-related protein Rap-1A	1.954E-14	1.000	451	3	178	189	2	167	184	181	0.931	0.902
LOKIASV2_3786_ESMFold_hypothetical_protein	AF-P87027-F1-model_v4	AF-P87027-F1-model_v4 Septum-promoting GTP-binding protein 1	1.613E-14	1.000	451	2	178	189	8	177	198	183	0.937	0.859
LOKIASV2_3786_ESMFold_hypothetical_protein	AF-Q8QZZ8-F1-model_v4	AF-Q8QZZ8-F1-model_v4 Ras-related protein Rab-38	6.591E-15	1.000	451	2	187	189	7	187	211	194	0.984	0.858
LOKIASV2_3786_ESMFold_hypothetical_protein	AF-P42558-F1-model_v4	AF-P42558-F1-model_v4 GTP-binding nuclear protein Ran	3.259E-14	1.000	451	1	179	189	7	171	216	181	0.947	0.764
LOKIASV2_3786_ESMFold_hypothetical_protein	AF-Q3T054-F1-model_v4	AF-Q3T054-F1-model_v4 GTP-binding nuclear protein Ran	1.954E-14	1.000	450	3	179	189	9	171	216	179	0.937	0.755
LOKIASV2_3786_ESMFold_hypothetical_protein	AF-P57729-F1-model_v4	AF-P57729-F1-model_v4 Ras-related protein Rab-38	1.031E-14	1.000	449	1	187	189	6	187	211	195	0.989	0.863
LOKIASV2_3786_ESMFold_hypothetical_protein	AF-P62825-F1-model_v4	AF-P62825-F1-model_v4 GTP-binding nuclear protein Ran	2.690E-14	1.000	449	3	179	189	9	171	216	179	0.937	0.755
LOKIASV2_3786_ESMFold_hypothetical_protein	AF-Q640R7-F1-model_v4	AF-Q640R7-F1-model_v4 Ras-related protein Rap-1b	1.613E-14	1.000	448	3	178	189	2	167	184	181	0.931	0.902
LOKIASV2_3786_ESMFold_hypothetical_protein	AF-Q9QUI0-F1-model_v4	AF-Q9QUI0-F1-model_v4 Transforming protein RhoA	6.591E-15	1.000	448	3	178	189	4	179	193	191	0.931	0.912
LOKIASV2_3786_ESMFold_hypothetical_protein	AF-P97538-F1-model_v4	AF-P97538-F1-model_v4 Ras-related protein M-Ras	1.099E-14	1.000	448	1	187	189	10	189	208	195	0.989	0.865
LOKIASV2_3786_ESMFold_hypothetical_protein	AF-O93856-F1-model_v4	AF-O93856-F1-model_v4 Ras-like protein	1.249E-14	1.000	448	3	183	189	7	175	209	185	0.958	0.809
LOKIASV2_3786_ESMFold_hypothetical_protein	AF-O82481-F1-model_v4	AF-O82481-F1-model_v4 Rac-like GTP-binding protein ARAC10	3.057E-14	1.000	448	2	188	189	6	191	215	201	0.989	0.865
LOKIASV2_3786_ESMFold_hypothetical_protein	AF-P08647-F1-model_v4	AF-P08647-F1-model_v4 Ras-like protein 1	1.613E-14	1.000	448	1	187	189	5	179	219	191	0.989	0.799
LOKIASV2_3786_ESMFold_hypothetical_protein	AF-P36019-F1-model_v4	AF-P36019-F1-model_v4 GTP-binding protein YPT53	1.720E-14	1.000	448	2	176	189	10	179	220	184	0.926	0.773
LOKIASV2_3786_ESMFold_hypothetical_protein	AF-Q55BW0-F1-model_v4	AF-Q55BW0-F1-model_v4 Ras-related protein rapC	3.259E-14	1.000	448	3	184	189	2	176	278	190	0.963	0.629
LOKIASV2_3786_ESMFold_hypothetical_protein	AF-P63001-F1-model_v4	AF-P63001-F1-model_v4 Ras-related C3 botulinum toxin substrate 1	1.513E-14	1.000	447	3	177	189	2	177	192	190	0.926	0.917
LOKIASV2_3786_ESMFold_hypothetical_protein	AF-P97348-F1-model_v4	AF-P97348-F1-model_v4 Rho-related GTP-binding protein RhoD	2.524E-14	1.000	447	2	183	189	15	197	210	197	0.963	0.871
LOKIASV2_3786_ESMFold_hypothetical_protein	AF-Q24816-F1-model_v4	AF-Q24816-F1-model_v4 Rho-related protein racC	2.221E-14	1.000	446	1	178	189	4	182	194	194	0.942	0.923
LOKIASV2_3786_ESMFold_hypothetical_protein	AF-P62746-F1-model_v4	AF-P62746-F1-model_v4 Rho-related GTP-binding protein RhoB	8.512E-15	1.000	446	2	177	189	3	178	196	191	0.931	0.898
LOKIASV2_3786_ESMFold_hypothetical_protein	AF-Q55CB9-F1-model_v4	AF-Q55CB9-F1-model_v4 Ras-like protein rasV	3.474E-14	1.000	446	4	188	189	33	205	229	189	0.979	0.755
LOKIASV2_3786_ESMFold_hypothetical_protein	AF-Q96L33-F1-model_v4	AF-Q96L33-F1-model_v4 Rho-related GTP-binding protein RhoV	2.221E-14	1.000	446	2	187	189	29	215	236	202	0.984	0.792
LOKIASV2_3786_ESMFold_hypothetical_protein	AF-Q0VCN3-F1-model_v4	AF-Q0VCN3-F1-model_v4 Intraflagellar transport protein 27 homolog	2.690E-14	1.000	445	2	183	189	3	178	186	188	0.963	0.946
LOKIASV2_3786_ESMFold_hypothetical_protein	AF-Q18246-F1-model_v4	AF-Q18246-F1-model_v4 Ras-related protein Rap-1	3.948E-14	1.000	445	3	178	189	2	166	188	180	0.931	0.878
LOKIASV2_3786_ESMFold_hypothetical_protein	AF-P61586-F1-model_v4	AF-P61586-F1-model_v4 Transforming protein RhoA	2.370E-15	1.000	445	1	178	189	2	179	193	193	0.942	0.922
LOKIASV2_3786_ESMFold_hypothetical_protein	AF-P62747-F1-model_v4	AF-P62747-F1-model_v4 Rho-related GTP-binding protein RhoB	2.086E-15	1.000	445	2	178	189	3	179	196	192	0.937	0.903
LOKIASV2_3786_ESMFold_hypothetical_protein	AF-P32252-F1-model_v4	AF-P32252-F1-model_v4 Ras-like protein rasB	5.104E-15	1.000	445	1	179	189	3	170	197	183	0.947	0.853
LOKIASV2_3786_ESMFold_hypothetical_protein	AF-O00212-F1-model_v4	AF-O00212-F1-model_v4 Rho-related GTP-binding protein RhoD	3.057E-14	1.000	445	3	183	189	16	197	210	196	0.958	0.867
LOKIASV2_3786_ESMFold_hypothetical_protein	AF-P18613-F1-model_v4	AF-P18613-F1-model_v4 Ras-related protein rapA	5.099E-14	1.000	444	3	178	189	4	169	186	180	0.931	0.892
LOKIASV2_3786_ESMFold_hypothetical_protein	AF-P01119-F1-model_v4	AF-P01119-F1-model_v4 Ras-like protein 1	1.720E-14	1.000	444	1	188	189	7	189	309	198	0.995	0.592
LOKIASV2_3786_ESMFold_hypothetical_protein	AF-A5A6J7-F1-model_v4	AF-A5A6J7-F1-model_v4 Ras-related protein Rap-1b	3.474E-14	1.000	443	3	178	189	2	167	184	181	0.931	0.902
LOKIASV2_3786_ESMFold_hypothetical_protein	AF-P22122-F1-model_v4	AF-P22122-F1-model_v4 Ras-like GTP-binding protein O-RHO	7.985E-15	1.000	443	1	178	189	2	178	192	192	0.942	0.922
LOKIASV2_3786_ESMFold_hypothetical_protein	AF-Q38919-F1-model_v4	AF-Q38919-F1-model_v4 Rac-like GTP-binding protein ARAC4	3.259E-14	1.000	443	1	178	189	2	178	195	191	0.942	0.908
LOKIASV2_3786_ESMFold_hypothetical_protein	AF-Q6GL85-F1-model_v4	AF-Q6GL85-F1-model_v4 GTP-binding nuclear protein Ran	5.435E-14	1.000	443	3	178	189	9	170	216	178	0.931	0.750
LOKIASV2_3786_ESMFold_hypothetical_protein	AF-P61224-F1-model_v4	AF-P61224-F1-model_v4 Ras-related protein Rap-1b	3.057E-14	1.000	442	3	178	189	2	167	184	181	0.931	0.902
LOKIASV2_3786_ESMFold_hypothetical_protein	AF-P34726-F1-model_v4	AF-P34726-F1-model_v4 Ras-like protein 2	4.209E-14	1.000	442	1	187	189	2	176	193	191	0.989	0.907
LOKIASV2_3786_ESMFold_hypothetical_protein	AF-Q38902-F1-model_v4	AF-Q38902-F1-model_v4 Rac-like GTP-binding protein ARAC1	2.524E-14	1.000	442	2	178	189	4	179	197	190	0.937	0.893
LOKIASV2_3786_ESMFold_hypothetical_protein	AF-Q6Z808-F1-model_v4	AF-Q6Z808-F1-model_v4 Rac-like GTP-binding protein 3	2.367E-14	1.000	442	1	178	189	5	181	214	193	0.942	0.827
LOKIASV2_3786_ESMFold_hypothetical_protein	AF-Q7ZZX9-F1-model_v4	AF-Q7ZZX9-F1-model_v4 GTP-binding nuclear protein Ran	5.099E-14	1.000	442	3	179	189	8	170	215	179	0.937	0.758
LOKIASV2_3786_ESMFold_hypothetical_protein	AF-P0CQ43-F1-model_v4	AF-P0CQ43-F1-model_v4 Ras-like protein	3.057E-14	1.000	442	3	183	189	8	176	216	185	0.958	0.782
LOKIASV2_3786_ESMFold_hypothetical_protein	AF-P70426-F1-model_v4	AF-P70426-F1-model_v4 GTP-binding protein Rit1	3.057E-14	1.000	442	1	183	189	18	188	219	187	0.968	0.781
LOKIASV2_3786_ESMFold_hypothetical_protein	AF-Q6TEN1-F1-model_v4	AF-Q6TEN1-F1-model_v4 Ras-related protein Rap-1b	5.794E-14	1.000	441	3	178	189	2	167	184	180	0.931	0.902
LOKIASV2_3786_ESMFold_hypothetical_protein	AF-Q007T2-F1-model_v4	AF-Q007T2-F1-model_v4 Cell division control protein 42 homolog	2.221E-14	1.000	441	3	177	189	2	177	191	190	0.926	0.921
LOKIASV2_3786_ESMFold_hypothetical_protein	AF-P34148-F1-model_v4	AF-P34148-F1-model_v4 Rho-related protein racB	2.690E-14	1.000	441	3	189	189	2	189	195	202	0.989	0.964
LOKIASV2_3786_ESMFold_hypothetical_protein	AF-Q86L51-F1-model_v4	AF-Q86L51-F1-model_v4 Ras-related protein rapB	3.948E-14	1.000	441	1	183	189	19	191	205	187	0.968	0.844
LOKIASV2_3786_ESMFold_hypothetical_protein	AF-Q54G48-F1-model_v4	AF-Q54G48-F1-model_v4 Ras-related protein RabO	6.176E-14	1.000	441	2	188	189	6	191	218	199	0.989	0.853
LOKIASV2_3786_ESMFold_hypothetical_protein	AF-Q4R4R6-F1-model_v4	AF-Q4R4R6-F1-model_v4 Cell division control protein 42 homolog	2.367E-14	1.000	440	3	177	189	2	177	191	190	0.926	0.921
LOKIASV2_3786_ESMFold_hypothetical_protein	AF-P34145-F1-model_v4	AF-P34145-F1-model_v4 Rho-related protein rac1B	2.524E-14	1.000	440	3	178	189	2	178	194	191	0.931	0.912
LOKIASV2_3786_ESMFold_hypothetical_protein	AF-O42825-F1-model_v4	AF-O42825-F1-model_v4 GTP-binding protein RHO1	1.420E-14	1.000	440	3	185	189	8	193	198	200	0.968	0.939
LOKIASV2_3786_ESMFold_hypothetical_protein	AF-Q8BYP3-F1-model_v4	AF-Q8BYP3-F1-model_v4 Rho-related GTP-binding protein RhoF	3.057E-14	1.000	440	2	188	189	17	204	211	204	0.989	0.891
LOKIASV2_3786_ESMFold_hypothetical_protein	AF-Q92963-F1-model_v4	AF-Q92963-F1-model_v4 GTP-binding protein Rit1	3.474E-14	1.000	440	1	183	189	18	188	219	187	0.968	0.781
LOKIASV2_3786_ESMFold_hypothetical_protein	AF-Q06AU5-F1-model_v4	AF-Q06AU5-F1-model_v4 Ras-related protein Rab-32	1.833E-14	1.000	440	1	183	189	24	200	226	190	0.968	0.783
LOKIASV2_3786_ESMFold_hypothetical_protein	AF-Q7L0Q8-F1-model_v4	AF-Q7L0Q8-F1-model_v4 Rho-related GTP-binding protein RhoU	1.833E-14	1.000	440	2	183	189	47	229	258	198	0.963	0.709
LOKIASV2_3786_ESMFold_hypothetical_protein	AF-Q41254-F1-model_v4	AF-Q41254-F1-model_v4 Rac-like GTP-binding protein RAC9	3.057E-14	1.000	439	1	177	189	3	178	196	190	0.937	0.898
LOKIASV2_3786_ESMFold_hypothetical_protein	AF-P0CQ42-F1-model_v4	AF-P0CQ42-F1-model_v4 Ras-like protein	3.474E-14	1.000	439	3	183	189	8	176	216	185	0.958	0.782
LOKIASV2_3786_ESMFold_hypothetical_protein	AF-A5D7J5-F1-model_v4	AF-A5D7J5-F1-model_v4 Rho-related GTP-binding protein RhoU	2.083E-14	1.000	439	2	183	189	44	226	255	198	0.963	0.718
LOKIASV2_3786_ESMFold_hypothetical_protein	AF-P60763-F1-model_v4	AF-P60763-F1-model_v4 Ras-related C3 botulinum toxin substrate 3	3.057E-14	1.000	438	3	177	189	2	177	192	190	0.926	0.917
LOKIASV2_3786_ESMFold_hypothetical_protein	AF-Q9SBJ6-F1-model_v4	AF-Q9SBJ6-F1-model_v4 Rac-like GTP-binding protein ARAC6	2.221E-14	1.000	438	2	178	189	4	179	197	192	0.937	0.893
LOKIASV2_3786_ESMFold_hypothetical_protein	AF-Q2KJ93-F1-model_v4	AF-Q2KJ93-F1-model_v4 Cell division control protein 42 homolog	3.259E-14	1.000	436	3	177	189	2	177	191	190	0.926	0.921
LOKIASV2_3786_ESMFold_hypothetical_protein	AF-Q62159-F1-model_v4	AF-Q62159-F1-model_v4 Rho-related GTP-binding protein RhoC	4.492E-15	1.000	436	2	178	189	3	179	193	192	0.937	0.917
LOKIASV2_3786_ESMFold_hypothetical_protein	AF-P52301-F1-model_v4	AF-P52301-F1-model_v4 GTP-binding nuclear protein Ran	7.976E-14	1.000	436	1	179	189	7	171	216	181	0.947	0.764
LOKIASV2_3786_ESMFold_hypothetical_protein	AF-P01120-F1-model_v4	AF-P01120-F1-model_v4 Ras-like protein 2	1.954E-14	1.000	436	3	188	189	9	186	322	194	0.984	0.553
LOKIASV2_3786_ESMFold_hypothetical_protein	AF-Q3ZBW5-F1-model_v4	AF-Q3ZBW5-F1-model_v4 Rho-related GTP-binding protein RhoB	2.221E-14	1.000	435	1	177	189	2	178	196	192	0.937	0.903
LOKIASV2_3786_ESMFold_hypothetical_protein	AF-P41914-F1-model_v4	AF-P41914-F1-model_v4 GTP-binding nuclear protein Ran	1.952E-13	1.000	435	3	178	189	10	171	223	178	0.931	0.726
LOKIASV2_3786_ESMFold_hypothetical_protein	AF-Q00246-F1-model_v4	AF-Q00246-F1-model_v4 GTP-binding protein RHO4	8.512E-15	1.000	435	3	180	189	71	242	291	185	0.942	0.591
LOKIASV2_3786_ESMFold_hypothetical_protein	AF-P22123-F1-model_v4	AF-P22123-F1-model_v4 Ras-related protein O-Krev	5.794E-14	1.000	434	3	178	189	2	167	184	181	0.931	0.902
LOKIASV2_3786_ESMFold_hypothetical_protein	AF-P84096-F1-model_v4	AF-P84096-F1-model_v4 Rho-related GTP-binding protein RhoG	4.487E-14	1.000	434	3	177	189	2	177	191	190	0.926	0.921
LOKIASV2_3786_ESMFold_hypothetical_protein	AF-Q94124-F1-model_v4	AF-Q94124-F1-model_v4 Ras-related protein rac-2	2.868E-14	1.000	434	3	177	189	2	177	195	190	0.926	0.903
LOKIASV2_3786_ESMFold_hypothetical_protein	AF-Q6ZHA3-F1-model_v4	AF-Q6ZHA3-F1-model_v4 Rac-like GTP-binding protein 6	3.948E-14	1.000	434	2	178	189	4	179	197	192	0.937	0.893
LOKIASV2_3786_ESMFold_hypothetical_protein	AF-O76321-F1-model_v4	AF-O76321-F1-model_v4 Rho-related protein racG	2.221E-14	1.000	434	3	182	189	2	181	199	197	0.952	0.905
LOKIASV2_3786_ESMFold_hypothetical_protein	AF-O17915-F1-model_v4	AF-O17915-F1-model_v4 GTP-binding nuclear protein ran-1	1.512E-13	1.000	434	3	179	189	8	170	215	179	0.937	0.758
LOKIASV2_3786_ESMFold_hypothetical_protein	AF-Q96WY0-F1-model_v4	AF-Q96WY0-F1-model_v4 GTP-binding protein rhoC	9.064E-14	1.000	434	3	183	189	68	250	280	196	0.958	0.654
LOKIASV2_3786_ESMFold_hypothetical_protein	AF-Q90694-F1-model_v4	AF-Q90694-F1-model_v4 Cell division control protein 42 homolog	4.209E-14	1.000	433	3	177	189	2	177	191	190	0.926	0.921
LOKIASV2_3786_ESMFold_hypothetical_protein	AF-P60764-F1-model_v4	AF-P60764-F1-model_v4 Ras-related C3 botulinum toxin substrate 3	4.209E-14	1.000	433	3	177	189	2	177	192	190	0.926	0.917
LOKIASV2_3786_ESMFold_hypothetical_protein	AF-P61585-F1-model_v4	AF-P61585-F1-model_v4 Transforming protein RhoA	6.183E-15	1.000	433	2	178	189	3	179	193	192	0.937	0.917
LOKIASV2_3786_ESMFold_hypothetical_protein	AF-Q5REY6-F1-model_v4	AF-Q5REY6-F1-model_v4 Transforming protein RhoA	6.183E-15	1.000	433	2	178	189	3	179	193	192	0.937	0.917
LOKIASV2_3786_ESMFold_hypothetical_protein	AF-Q86JC8-F1-model_v4	AF-Q86JC8-F1-model_v4 Ras-related protein RabH	1.330E-13	1.000	433	1	181	189	4	172	198	183	0.958	0.854
LOKIASV2_3786_ESMFold_hypothetical_protein	AF-P79735-F1-model_v4	AF-P79735-F1-model_v4 GTP-binding nuclear protein Ran	1.171E-13	1.000	433	3	179	189	8	170	215	179	0.937	0.758
LOKIASV2_3786_ESMFold_hypothetical_protein	AF-P70425-F1-model_v4	AF-P70425-F1-model_v4 GTP-binding protein Rit2	4.487E-14	1.000	433	2	182	189	18	187	217	185	0.958	0.783
LOKIASV2_3786_ESMFold_hypothetical_protein	AF-D3Z8L7-F1-model_v4	AF-D3Z8L7-F1-model_v4 Ras-related protein R-Ras	6.176E-14	1.000	433	4	183	189	29	197	218	185	0.952	0.775
LOKIASV2_3786_ESMFold_hypothetical_protein	AF-P41915-F1-model_v4	AF-P41915-F1-model_v4 GTP-binding nuclear protein Ran	1.718E-13	1.000	433	3	179	189	10	172	225	179	0.937	0.724
LOKIASV2_3786_ESMFold_hypothetical_protein	AF-P60952-F1-model_v4	AF-P60952-F1-model_v4 Cell division control protein 42 homolog	4.783E-14	1.000	432	3	177	189	2	177	191	190	0.926	0.921
LOKIASV2_3786_ESMFold_hypothetical_protein	AF-P24406-F1-model_v4	AF-P24406-F1-model_v4 Transforming protein RhoA	6.591E-15	1.000	432	2	178	189	3	179	193	192	0.937	0.917
LOKIASV2_3786_ESMFold_hypothetical_protein	AF-P22279-F1-model_v4	AF-P22279-F1-model_v4 Ras-like protein 2	1.171E-13	1.000	432	3	188	189	10	184	198	190	0.984	0.884
LOKIASV2_3786_ESMFold_hypothetical_protein	AF-Q03206-F1-model_v4	AF-Q03206-F1-model_v4 Ras-related protein ced-10	4.783E-14	1.000	431	3	177	189	2	177	191	190	0.926	0.921
LOKIASV2_3786_ESMFold_hypothetical_protein	AF-Q5RCK9-F1-model_v4	AF-Q5RCK9-F1-model_v4 Rho-related GTP-binding protein RhoC	7.491E-15	1.000	431	2	178	189	3	179	193	192	0.937	0.917
LOKIASV2_3786_ESMFold_hypothetical_protein	AF-Q9GPS3-F1-model_v4	AF-Q9GPS3-F1-model_v4 Rho-related protein racF2	5.104E-15	1.000	431	3	178	189	2	177	193	192	0.931	0.912
LOKIASV2_3786_ESMFold_hypothetical_protein	AF-Q9XGU0-F1-model_v4	AF-Q9XGU0-F1-model_v4 Rac-like GTP-binding protein ARAC9	5.099E-14	1.000	431	2	177	189	16	190	209	189	0.931	0.837
LOKIASV2_3786_ESMFold_hypothetical_protein	AF-P38545-F1-model_v4	AF-P38545-F1-model_v4 GTP-binding nuclear protein Ran	1.952E-13	1.000	431	1	178	189	6	169	214	180	0.942	0.766
LOKIASV2_3786_ESMFold_hypothetical_protein	AF-Q8CFN2-F1-model_v4	AF-Q8CFN2-F1-model_v4 Cell division control protein 42 homolog	5.435E-14	1.000	430	3	177	189	2	177	191	190	0.926	0.921
LOKIASV2_3786_ESMFold_hypothetical_protein	AF-Q9PSX7-F1-model_v4	AF-Q9PSX7-F1-model_v4 Rho-related GTP-binding protein RhoC	6.183E-15	1.000	430	2	178	189	3	179	193	192	0.937	0.917
LOKIASV2_3786_ESMFold_hypothetical_protein	AF-Q68Y52-F1-model_v4	AF-Q68Y52-F1-model_v4 Rac-like GTP-binding protein 2	5.435E-14	1.000	430	2	176	189	5	178	214	188	0.926	0.813
LOKIASV2_3786_ESMFold_hypothetical_protein	AF-Q7RVL0-F1-model_v4	AF-Q7RVL0-F1-model_v4 GTP-binding nuclear protein GSP1/Ran	2.521E-13	1.000	430	1	178	189	4	167	215	180	0.942	0.763
LOKIASV2_3786_ESMFold_hypothetical_protein	AF-P61223-F1-model_v4	AF-P61223-F1-model_v4 Ras-related protein Rap-1b	1.098E-13	1.000	429	3	178	189	2	167	184	181	0.931	0.902
LOKIASV2_3786_ESMFold_hypothetical_protein	AF-O94363-F1-model_v4	AF-O94363-F1-model_v4 GTP-binding protein rhb1	7.482E-14	1.000	429	1	182	189	3	173	185	186	0.963	0.924
LOKIASV2_3786_ESMFold_hypothetical_protein	AF-P84097-F1-model_v4	AF-P84097-F1-model_v4 Rho-related GTP-binding protein RhoG	6.584E-14	1.000	429	3	177	189	2	177	191	190	0.926	0.921
LOKIASV2_3786_ESMFold_hypothetical_protein	AF-P60766-F1-model_v4	AF-P60766-F1-model_v4 Cell division control protein 42 homolog	6.176E-14	1.000	429	3	177	189	2	177	191	190	0.926	0.921
LOKIASV2_3786_ESMFold_hypothetical_protein	AF-Q1RMJ6-F1-model_v4	AF-Q1RMJ6-F1-model_v4 Rho-related GTP-binding protein RhoC	9.673E-15	1.000	429	2	178	189	3	179	193	192	0.937	0.917
LOKIASV2_3786_ESMFold_hypothetical_protein	AF-Q9P4E9-F1-model_v4	AF-Q9P4E9-F1-model_v4 GTP-binding nuclear protein GSP1/Ran	2.521E-13	1.000	429	1	178	189	4	167	214	180	0.942	0.766
LOKIASV2_3786_ESMFold_hypothetical_protein	AF-Q8TFK3-F1-model_v4	AF-Q8TFK3-F1-model_v4 GTP-binding nuclear protein GSP1/Ran	3.054E-13	1.000	429	1	178	189	4	167	214	179	0.942	0.766
LOKIASV2_3786_ESMFold_hypothetical_protein	AF-Q17031-F1-model_v4	AF-Q17031-F1-model_v4 Cdc42 homolog	5.794E-14	1.000	428	3	177	189	2	177	191	190	0.926	0.921
LOKIASV2_3786_ESMFold_hypothetical_protein	AF-P62999-F1-model_v4	AF-P62999-F1-model_v4 Ras-related C3 botulinum toxin substrate 1	7.482E-14	1.000	428	3	177	189	2	177	192	190	0.926	0.917
LOKIASV2_3786_ESMFold_hypothetical_protein	AF-P34149-F1-model_v4	AF-P34149-F1-model_v4 Rho-related protein racC	5.435E-14	1.000	428	1	185	189	3	188	192	202	0.979	0.969
LOKIASV2_3786_ESMFold_hypothetical_protein	AF-Q5BJQ5-F1-model_v4	AF-Q5BJQ5-F1-model_v4 GTP-binding protein Rit2	1.418E-13	1.000	428	2	182	189	18	187	217	185	0.958	0.783
LOKIASV2_3786_ESMFold_hypothetical_protein	AF-A2Y7R5-F1-model_v4	AF-A2Y7R5-F1-model_v4 GTP-binding nuclear protein Ran-2	2.865E-13	1.000	428	3	178	189	12	173	221	178	0.931	0.733
LOKIASV2_3786_ESMFold_hypothetical_protein	AF-G4N1S3-F1-model_v4	AF-G4N1S3-F1-model_v4 Ras-like protein 1	6.584E-14	1.000	428	1	183	189	4	192	241	205	0.968	0.784
LOKIASV2_3786_ESMFold_hypothetical_protein	AF-P62834-F1-model_v4	AF-P62834-F1-model_v4 Ras-related protein Rap-1A	1.030E-13	1.000	427	3	178	189	2	167	184	181	0.931	0.902
LOKIASV2_3786_ESMFold_hypothetical_protein	AF-A0A286QZ36-F1-model_v4	AF-A0A286QZ36-F1-model_v4 Ras-related protein Rac1	6.176E-14	1.000	427	3	177	189	2	177	192	190	0.926	0.917
LOKIASV2_3786_ESMFold_hypothetical_protein	AF-Q9GPS0-F1-model_v4	AF-Q9GPS0-F1-model_v4 Rho-related protein racG	1.720E-14	1.000	427	3	188	189	2	190	201	203	0.984	0.940
LOKIASV2_3786_ESMFold_hypothetical_protein	AF-P52198-F1-model_v4	AF-P52198-F1-model_v4 Rho-related GTP-binding protein RhoN	5.800E-15	1.000	427	1	180	189	4	184	227	195	0.952	0.797
LOKIASV2_3786_ESMFold_hypothetical_protein	AF-Q39435-F1-model_v4	AF-Q39435-F1-model_v4 Rac-like GTP-binding protein RHO1	6.176E-14	1.000	426	2	178	189	4	179	197	192	0.937	0.893
LOKIASV2_3786_ESMFold_hypothetical_protein	AF-P33519-F1-model_v4	AF-P33519-F1-model_v4 GTP-binding nuclear protein Ran	3.054E-13	1.000	426	4	178	189	6	166	212	177	0.926	0.759
LOKIASV2_3786_ESMFold_hypothetical_protein	AF-Q9SSX0-F1-model_v4	AF-Q9SSX0-F1-model_v4 Rac-like GTP-binding protein 1	1.171E-13	1.000	426	2	178	189	8	183	214	190	0.937	0.822
LOKIASV2_3786_ESMFold_hypothetical_protein	AF-Q9YGC0-F1-model_v4	AF-Q9YGC0-F1-model_v4 GTP-binding nuclear protein Ran	2.218E-13	1.000	426	3	179	189	8	170	215	179	0.937	0.758
LOKIASV2_3786_ESMFold_hypothetical_protein	AF-P32836-F1-model_v4	AF-P32836-F1-model_v4 GTP-binding nuclear protein GSP2/CNR2	2.365E-13	1.000	426	1	178	189	10	173	220	180	0.942	0.745
LOKIASV2_3786_ESMFold_hypothetical_protein	AF-A6NIZ1-F1-model_v4	AF-A6NIZ1-F1-model_v4 Ras-related protein Rap-1b-like protein	1.330E-13	1.000	425	3	178	189	2	167	184	181	0.931	0.902
LOKIASV2_3786_ESMFold_hypothetical_protein	AF-Q9D0P8-F1-model_v4	AF-Q9D0P8-F1-model_v4 Intraflagellar transport protein 27 homolog	9.662E-14	1.000	425	1	183	189	2	178	186	189	0.968	0.952
LOKIASV2_3786_ESMFold_hypothetical_protein	AF-P06780-F1-model_v4	AF-P06780-F1-model_v4 GTP-binding protein RHO1	4.783E-14	1.000	425	2	175	189	8	185	209	192	0.921	0.852
LOKIASV2_3786_ESMFold_hypothetical_protein	AF-Q99JI6-F1-model_v4	AF-Q99JI6-F1-model_v4 Ras-related protein Rap-1b	1.330E-13	1.000	424	3	180	189	2	169	184	183	0.942	0.913
LOKIASV2_3786_ESMFold_hypothetical_protein	AF-P62835-F1-model_v4	AF-P62835-F1-model_v4 Ras-related protein Rap-1A	1.248E-13	1.000	424	3	178	189	2	167	184	181	0.931	0.902
LOKIASV2_3786_ESMFold_hypothetical_protein	AF-P40793-F1-model_v4	AF-P40793-F1-model_v4 Cdc42 homolog	7.482E-14	1.000	424	3	177	189	2	177	191	190	0.926	0.921
LOKIASV2_3786_ESMFold_hypothetical_protein	AF-Q05062-F1-model_v4	AF-Q05062-F1-model_v4 Cell division control protein 42 homolog	9.064E-14	1.000	424	3	177	189	2	177	191	190	0.926	0.921
LOKIASV2_3786_ESMFold_hypothetical_protein	AF-P60953-F1-model_v4	AF-P60953-F1-model_v4 Cell division control protein 42 homolog	9.064E-14	1.000	424	3	177	189	2	177	191	190	0.926	0.921
LOKIASV2_3786_ESMFold_hypothetical_protein	AF-P34146-F1-model_v4	AF-P34146-F1-model_v4 Rho-related protein rac1C	1.030E-13	1.000	424	3	178	189	2	178	193	191	0.931	0.917
LOKIASV2_3786_ESMFold_hypothetical_protein	AF-P41919-F1-model_v4	AF-P41919-F1-model_v4 GTP-binding nuclear protein Ran-B1	4.482E-13	1.000	424	3	178	189	12	173	221	178	0.931	0.733
LOKIASV2_3786_ESMFold_hypothetical_protein	AF-Q6FR65-F1-model_v4	AF-Q6FR65-F1-model_v4 GTP-binding nuclear protein GSP1/Ran	3.255E-13	1.000	423	1	178	189	4	167	214	180	0.942	0.766
LOKIASV2_3786_ESMFold_hypothetical_protein	AF-Q29HY3-F1-model_v4	AF-Q29HY3-F1-model_v4 Cdc42 homolog	9.662E-14	1.000	422	3	177	189	2	177	191	190	0.926	0.921
LOKIASV2_3786_ESMFold_hypothetical_protein	AF-Q16YG0-F1-model_v4	AF-Q16YG0-F1-model_v4 Cdc42 homolog	9.064E-14	1.000	422	3	177	189	2	177	191	190	0.926	0.921
LOKIASV2_3786_ESMFold_hypothetical_protein	AF-P34144-F1-model_v4	AF-P34144-F1-model_v4 Rho-related protein rac1A	1.098E-13	1.000	422	3	178	189	2	178	194	191	0.931	0.912
LOKIASV2_3786_ESMFold_hypothetical_protein	AF-Q10133-F1-model_v4	AF-Q10133-F1-model_v4 GTP-binding protein rho2	9.662E-14	1.000	422	1	179	189	5	183	200	195	0.947	0.895
LOKIASV2_3786_ESMFold_hypothetical_protein	AF-P38543-F1-model_v4	AF-P38543-F1-model_v4 GTP-binding nuclear protein Ran	1.098E-13	1.000	422	1	178	189	3	183	226	193	0.942	0.801
LOKIASV2_3786_ESMFold_hypothetical_protein	AF-A2YEQ6-F1-model_v4	AF-A2YEQ6-F1-model_v4 GTP-binding nuclear protein Ran-3	2.218E-13	1.000	422	3	179	189	16	178	226	178	0.937	0.721
LOKIASV2_3786_ESMFold_hypothetical_protein	AF-P62998-F1-model_v4	AF-P62998-F1-model_v4 Ras-related C3 botulinum toxin substrate 1	2.524E-14	1.000	421	3	177	189	2	177	192	192	0.926	0.917
LOKIASV2_3786_ESMFold_hypothetical_protein	AF-Q9C3Y4-F1-model_v4	AF-Q9C3Y4-F1-model_v4 GTP-binding protein rhoA	6.176E-14	1.000	421	3	178	189	4	179	193	191	0.931	0.912
LOKIASV2_3786_ESMFold_hypothetical_protein	AF-P92978-F1-model_v4	AF-P92978-F1-model_v4 Rac-like GTP-binding protein ARAC11	9.662E-14	1.000	421	2	178	189	4	179	197	192	0.937	0.893
LOKIASV2_3786_ESMFold_hypothetical_protein	AF-P38542-F1-model_v4	AF-P38542-F1-model_v4 GTP-binding nuclear protein Ran	4.482E-13	1.000	421	3	179	189	8	170	215	179	0.937	0.758
LOKIASV2_3786_ESMFold_hypothetical_protein	AF-Q7GD79-F1-model_v4	AF-Q7GD79-F1-model_v4 GTP-binding nuclear protein Ran-2	5.429E-13	1.000	421	3	178	189	12	173	221	178	0.931	0.733
LOKIASV2_3786_ESMFold_hypothetical_protein	AF-P61589-F1-model_v4	AF-P61589-F1-model_v4 Transforming protein RhoA	1.172E-14	1.000	420	2	178	189	3	179	193	193	0.937	0.917
LOKIASV2_3786_ESMFold_hypothetical_protein	AF-P62745-F1-model_v4	AF-P62745-F1-model_v4 Rho-related GTP-binding protein RhoB	2.221E-14	1.000	420	2	178	189	3	179	196	192	0.937	0.903
LOKIASV2_3786_ESMFold_hypothetical_protein	AF-Q9SU67-F1-model_v4	AF-Q9SU67-F1-model_v4 Rac-like GTP-binding protein ARAC8	1.611E-13	1.000	420	2	177	189	6	180	208	190	0.931	0.841
LOKIASV2_3786_ESMFold_hypothetical_protein	AF-P41917-F1-model_v4	AF-P41917-F1-model_v4 GTP-binding nuclear protein Ran-2	5.788E-13	1.000	420	3	178	189	12	173	221	178	0.931	0.733
LOKIASV2_3786_ESMFold_hypothetical_protein	AF-P38546-F1-model_v4	AF-P38546-F1-model_v4 GTP-binding nuclear protein Ran1	4.777E-13	1.000	420	3	178	189	12	173	221	178	0.931	0.733
LOKIASV2_3786_ESMFold_hypothetical_protein	AF-P84095-F1-model_v4	AF-P84095-F1-model_v4 Rho-related GTP-binding protein RhoG	1.611E-13	1.000	419	3	177	189	2	177	191	190	0.926	0.921
LOKIASV2_3786_ESMFold_hypothetical_protein	AF-Q09914-F1-model_v4	AF-Q09914-F1-model_v4 GTP-binding protein rho1	9.662E-14	1.000	419	1	177	189	3	179	202	192	0.937	0.876
LOKIASV2_3786_ESMFold_hypothetical_protein	AF-Q9VZ23-F1-model_v4	AF-Q9VZ23-F1-model_v4 GTP-binding nuclear protein Ran	3.944E-13	1.000	419	1	179	189	7	171	216	181	0.947	0.764
LOKIASV2_3786_ESMFold_hypothetical_protein	AF-P38548-F1-model_v4	AF-P38548-F1-model_v4 GTP-binding nuclear protein Ran/TC4	4.204E-13	1.000	419	3	178	189	12	173	221	178	0.931	0.733
LOKIASV2_3786_ESMFold_hypothetical_protein	AF-A2WSI7-F1-model_v4	AF-A2WSI7-F1-model_v4 GTP-binding nuclear protein Ran-1	5.788E-13	1.000	419	3	178	189	12	173	221	178	0.931	0.733
LOKIASV2_3786_ESMFold_hypothetical_protein	AF-Q67VP4-F1-model_v4	AF-Q67VP4-F1-model_v4 Rac-like GTP-binding protein 4	1.248E-13	1.000	418	2	177	189	6	180	215	191	0.931	0.814
LOKIASV2_3786_ESMFold_hypothetical_protein	AF-P32835-F1-model_v4	AF-P32835-F1-model_v4 GTP-binding nuclear protein GSP1/CNR1	5.093E-13	1.000	418	1	178	189	9	172	219	180	0.942	0.749
LOKIASV2_3786_ESMFold_hypothetical_protein	AF-Q8H156-F1-model_v4	AF-Q8H156-F1-model_v4 GTP-binding nuclear protein Ran-3	6.577E-13	1.000	418	3	178	189	12	173	221	178	0.931	0.733
LOKIASV2_3786_ESMFold_hypothetical_protein	AF-Q7TNZ5-F1-model_v4	AF-Q7TNZ5-F1-model_v4 GTPase RhebL1	1.248E-13	1.000	417	1	187	189	3	178	183	191	0.989	0.962
LOKIASV2_3786_ESMFold_hypothetical_protein	AF-Q94694-F1-model_v4	AF-Q94694-F1-model_v4 Ras-related protein Rap-1	6.584E-14	1.000	416	3	178	189	4	169	188	180	0.931	0.883
LOKIASV2_3786_ESMFold_hypothetical_protein	AF-P40792-F1-model_v4	AF-P40792-F1-model_v4 Ras-related protein Rac1	1.718E-13	1.000	416	3	177	189	2	177	192	190	0.926	0.917
LOKIASV2_3786_ESMFold_hypothetical_protein	AF-P63000-F1-model_v4	AF-P63000-F1-model_v4 Ras-related C3 botulinum toxin substrate 1	3.948E-14	1.000	416	3	177	189	2	177	192	192	0.926	0.917
LOKIASV2_3786_ESMFold_hypothetical_protein	AF-Q35638-F1-model_v4	AF-Q35638-F1-model_v4 Rac-like GTP-binding protein RHO1	1.512E-13	1.000	416	2	178	189	4	179	197	192	0.937	0.893
LOKIASV2_3786_ESMFold_hypothetical_protein	AF-Q8R527-F1-model_v4	AF-Q8R527-F1-model_v4 Rho-related GTP-binding protein RhoQ	1.248E-13	1.000	416	1	178	189	6	183	205	193	0.942	0.868
LOKIASV2_3786_ESMFold_hypothetical_protein	AF-Q6SA80-F1-model_v4	AF-Q6SA80-F1-model_v4 Rho-related GTP-binding protein RhoE	3.704E-14	1.000	416	1	182	189	20	202	244	198	0.963	0.750
LOKIASV2_3786_ESMFold_hypothetical_protein	AF-Q9P8J9-F1-model_v4	AF-Q9P8J9-F1-model_v4 GTP-binding protein Rho3	3.470E-13	1.000	415	1	182	189	14	197	206	198	0.963	0.893
LOKIASV2_3786_ESMFold_hypothetical_protein	AF-Q9HF54-F1-model_v4	AF-Q9HF54-F1-model_v4 GTP-binding protein RHO1	1.248E-13	1.000	414	2	175	189	9	186	207	192	0.921	0.860
LOKIASV2_3786_ESMFold_hypothetical_protein	AF-Q6RUV5-F1-model_v4	AF-Q6RUV5-F1-model_v4 Ras-related C3 botulinum toxin substrate 1	5.435E-14	1.000	413	3	177	189	2	177	192	192	0.926	0.917
LOKIASV2_3786_ESMFold_hypothetical_protein	AF-Q9TU25-F1-model_v4	AF-Q9TU25-F1-model_v4 Ras-related C3 botulinum toxin substrate 2	4.487E-14	1.000	413	3	177	189	2	177	192	192	0.926	0.917
LOKIASV2_3786_ESMFold_hypothetical_protein	AF-P41918-F1-model_v4	AF-P41918-F1-model_v4 GTP-binding nuclear protein Ran-A1	9.054E-13	1.000	413	3	178	189	12	173	221	178	0.931	0.733
LOKIASV2_3786_ESMFold_hypothetical_protein	AF-Q7F7I7-F1-model_v4	AF-Q7F7I7-F1-model_v4 GTP-binding nuclear protein Ran-1	8.493E-13	1.000	413	3	178	189	12	173	221	178	0.931	0.733
LOKIASV2_3786_ESMFold_hypothetical_protein	AF-P34147-F1-model_v4	AF-P34147-F1-model_v4 Rho-related protein racA	3.704E-14	1.000	413	3	177	189	2	169	598	184	0.926	0.281
LOKIASV2_3786_ESMFold_hypothetical_protein	AF-O88931-F1-model_v4	AF-O88931-F1-model_v4 Ras-related C3 botulinum toxin substrate 2	4.783E-14	1.000	412	3	177	189	2	177	192	192	0.926	0.917
LOKIASV2_3786_ESMFold_hypothetical_protein	AF-P15153-F1-model_v4	AF-P15153-F1-model_v4 Ras-related C3 botulinum toxin substrate 2	5.099E-14	1.000	412	3	177	189	2	177	192	192	0.926	0.917
LOKIASV2_3786_ESMFold_hypothetical_protein	AF-Q9JJL4-F1-model_v4	AF-Q9JJL4-F1-model_v4 Rho-related GTP-binding protein RhoQ	1.718E-13	1.000	412	1	178	189	6	183	205	193	0.942	0.868
LOKIASV2_3786_ESMFold_hypothetical_protein	AF-P41916-F1-model_v4	AF-P41916-F1-model_v4 GTP-binding nuclear protein Ran-1	7.967E-13	1.000	412	3	178	189	12	173	221	178	0.931	0.733
LOKIASV2_3786_ESMFold_hypothetical_protein	AF-Q8J212-F1-model_v4	AF-Q8J212-F1-model_v4 GTP-binding protein Rho1	2.365E-13	1.000	411	2	176	189	10	187	208	192	0.926	0.856
LOKIASV2_3786_ESMFold_hypothetical_protein	AF-Q74ZA9-F1-model_v4	AF-Q74ZA9-F1-model_v4 GTP-binding nuclear protein GSP1/Ran	9.054E-13	1.000	411	1	178	189	4	167	214	180	0.942	0.766
LOKIASV2_3786_ESMFold_hypothetical_protein	AF-Q69XM7-F1-model_v4	AF-Q69XM7-F1-model_v4 GTP-binding nuclear protein Ran-3	5.788E-13	1.000	411	3	179	189	16	178	226	178	0.937	0.721
LOKIASV2_3786_ESMFold_hypothetical_protein	AF-P48554-F1-model_v4	AF-P48554-F1-model_v4 Ras-related protein Rac2	6.176E-14	1.000	410	3	177	189	2	177	192	192	0.926	0.917
LOKIASV2_3786_ESMFold_hypothetical_protein	AF-Q6EP31-F1-model_v4	AF-Q6EP31-F1-model_v4 Rac-like GTP-binding protein 5	1.030E-13	1.000	410	2	178	189	4	178	197	192	0.937	0.888
LOKIASV2_3786_ESMFold_hypothetical_protein	AF-Q8N4Z0-F1-model_v4	AF-Q8N4Z0-F1-model_v4 Ras-related protein Rab-42	1.831E-13	1.000	410	3	184	189	8	185	218	191	0.963	0.817
LOKIASV2_3786_ESMFold_hypothetical_protein	AF-P28748-F1-model_v4	AF-P28748-F1-model_v4 GTP-binding nuclear protein spi1	1.329E-12	1.000	409	3	178	189	8	169	216	178	0.931	0.750
LOKIASV2_3786_ESMFold_hypothetical_protein	AF-O77683-F1-model_v4	AF-O77683-F1-model_v4 Rho-related GTP-binding protein RhoE	6.584E-14	1.000	409	1	184	189	20	204	244	200	0.974	0.758
LOKIASV2_3786_ESMFold_hypothetical_protein	AF-P0CY33-F1-model_v4	AF-P0CY33-F1-model_v4 Cell division control protein 42 homolog	3.054E-13	1.000	408	3	177	189	2	177	191	190	0.926	0.921
LOKIASV2_3786_ESMFold_hypothetical_protein	AF-Q99578-F1-model_v4	AF-Q99578-F1-model_v4 GTP-binding protein Rit2	1.611E-13	1.000	408	1	180	189	19	185	217	184	0.952	0.770
LOKIASV2_3786_ESMFold_hypothetical_protein	AF-P19073-F1-model_v4	AF-P19073-F1-model_v4 Cell division control protein 42	1.611E-13	1.000	407	3	178	189	2	177	191	191	0.931	0.921
LOKIASV2_3786_ESMFold_hypothetical_protein	AF-Q9GPQ8-F1-model_v4	AF-Q9GPQ8-F1-model_v4 Rho-related protein racL	4.777E-13	1.000	407	3	188	189	2	189	196	203	0.984	0.959
LOKIASV2_3786_ESMFold_hypothetical_protein	AF-Q38903-F1-model_v4	AF-Q38903-F1-model_v4 Rac-like GTP-binding protein ARAC2	1.248E-13	1.000	406	1	177	189	3	178	201	190	0.937	0.876
LOKIASV2_3786_ESMFold_hypothetical_protein	AF-P38544-F1-model_v4	AF-P38544-F1-model_v4 GTP-binding nuclear protein Ran	1.329E-12	1.000	406	3	178	189	8	169	215	178	0.931	0.753
LOKIASV2_3786_ESMFold_hypothetical_protein	AF-P34150-F1-model_v4	AF-P34150-F1-model_v4 Rho-related protein racD	1.952E-13	1.000	406	3	177	189	7	181	254	190	0.926	0.689
LOKIASV2_3786_ESMFold_hypothetical_protein	AF-Q54K69-F1-model_v4	AF-Q54K69-F1-model_v4 Ras-related protein Rab-7B	2.365E-13	1.000	405	3	175	189	6	168	197	181	0.915	0.827
LOKIASV2_3786_ESMFold_hypothetical_protein	AF-Q05144-F1-model_v4	AF-Q05144-F1-model_v4 Ras-related C3 botulinum toxin substrate 2	1.098E-13	1.000	403	3	177	189	2	177	192	192	0.926	0.917
LOKIASV2_3786_ESMFold_hypothetical_protein	AF-Q5PR73-F1-model_v4	AF-Q5PR73-F1-model_v4 GTP-binding protein Di-Ras2	2.081E-13	1.000	403	2	174	189	7	169	199	181	0.915	0.819
LOKIASV2_3786_ESMFold_hypothetical_protein	AF-P17081-F1-model_v4	AF-P17081-F1-model_v4 Rho-related GTP-binding protein RhoQ	3.699E-13	1.000	403	1	178	189	6	183	205	193	0.942	0.868
LOKIASV2_3786_ESMFold_hypothetical_protein	AF-P38547-F1-model_v4	AF-P38547-F1-model_v4 GTP-binding nuclear protein Ran2	1.169E-12	1.000	403	3	178	189	12	173	221	178	0.931	0.733
LOKIASV2_3786_ESMFold_hypothetical_protein	AF-Q9VND8-F1-model_v4	AF-Q9VND8-F1-model_v4 GTP-binding protein Rheb homolog	2.687E-13	1.000	402	1	182	189	2	171	182	186	0.963	0.934
LOKIASV2_3786_ESMFold_hypothetical_protein	AF-Q8TAI7-F1-model_v4	AF-Q8TAI7-F1-model_v4 GTPase RhebL1	4.204E-13	1.000	401	1	187	189	3	178	183	191	0.989	0.962
LOKIASV2_3786_ESMFold_hypothetical_protein	AF-Q9HE04-F1-model_v4	AF-Q9HE04-F1-model_v4 GTP-binding protein rho5	1.030E-13	1.000	401	1	173	189	3	176	200	188	0.915	0.870
LOKIASV2_3786_ESMFold_hypothetical_protein	AF-P61587-F1-model_v4	AF-P61587-F1-model_v4 Rho-related GTP-binding protein RhoE	1.418E-13	1.000	401	1	182	189	20	202	244	198	0.963	0.750
LOKIASV2_3786_ESMFold_hypothetical_protein	AF-Q01112-F1-model_v4	AF-Q01112-F1-model_v4 Cell division control protein 42 homolog	6.170E-13	1.000	400	3	177	189	2	177	192	190	0.926	0.917
LOKIASV2_3786_ESMFold_hypothetical_protein	AF-C4YDI6-F1-model_v4	AF-C4YDI6-F1-model_v4 Cell division control protein 42 homolog	6.170E-13	1.000	399	3	177	189	2	177	191	190	0.926	0.921
LOKIASV2_3786_ESMFold_hypothetical_protein	AF-Q5R9F4-F1-model_v4	AF-Q5R9F4-F1-model_v4 Rho-related GTP-binding protein RhoE	1.330E-13	1.000	399	1	181	189	20	201	244	197	0.958	0.746
LOKIASV2_3786_ESMFold_hypothetical_protein	AF-Q56JV3-F1-model_v4	AF-Q56JV3-F1-model_v4 GTP-binding protein Rheb	6.170E-13	1.000	397	1	188	189	3	178	184	192	0.995	0.957
LOKIASV2_3786_ESMFold_hypothetical_protein	AF-Q62639-F1-model_v4	AF-Q62639-F1-model_v4 GTP-binding protein Rheb	1.246E-12	1.000	396	1	188	189	3	179	184	192	0.995	0.962
LOKIASV2_3786_ESMFold_hypothetical_protein	AF-Q15382-F1-model_v4	AF-Q15382-F1-model_v4 GTP-binding protein Rheb	1.169E-12	1.000	396	1	188	189	3	179	184	192	0.995	0.962
LOKIASV2_3786_ESMFold_hypothetical_protein	AF-Q9HF56-F1-model_v4	AF-Q9HF56-F1-model_v4 Cell division control protein 42	7.474E-13	1.000	396	3	177	189	2	177	191	190	0.926	0.921
LOKIASV2_3786_ESMFold_hypothetical_protein	AF-A8HN58-F1-model_v4	AF-A8HN58-F1-model_v4 Intraflagellar transport protein 27	1.611E-13	1.000	395	2	183	189	14	193	204	191	0.963	0.882
LOKIASV2_3786_ESMFold_hypothetical_protein	AF-Q9QYM5-F1-model_v4	AF-Q9QYM5-F1-model_v4 Rho-related GTP-binding protein RhoN	1.513E-14	1.000	395	1	177	189	4	181	227	194	0.937	0.784
LOKIASV2_3786_ESMFold_hypothetical_protein	AF-O13928-F1-model_v4	AF-O13928-F1-model_v4 GTP-binding protein rho3	3.699E-13	1.000	394	1	178	189	10	183	205	189	0.942	0.849
LOKIASV2_3786_ESMFold_hypothetical_protein	AF-Q8BLR7-F1-model_v4	AF-Q8BLR7-F1-model_v4 Rho-related GTP-binding protein Rho6	7.976E-14	1.000	393	1	178	189	10	188	232	193	0.942	0.772
LOKIASV2_3786_ESMFold_hypothetical_protein	AF-P54766-F1-model_v4	AF-P54766-F1-model_v4 GTP-binding nuclear protein Ran1B	5.087E-12	1.000	391	5	178	189	2	161	209	176	0.921	0.766
LOKIASV2_3786_ESMFold_hypothetical_protein	AF-Q921J2-F1-model_v4	AF-Q921J2-F1-model_v4 GTP-binding protein Rheb	2.079E-12	1.000	390	1	188	189	3	179	184	192	0.995	0.962
LOKIASV2_3786_ESMFold_hypothetical_protein	AF-O96390-F1-model_v4	AF-O96390-F1-model_v4 Rho-related protein racF1	1.611E-13	1.000	390	3	177	189	2	176	193	191	0.926	0.907
LOKIASV2_3786_ESMFold_hypothetical_protein	AF-Q2HJ68-F1-model_v4	AF-Q2HJ68-F1-model_v4 Rho-related GTP-binding protein Rho6	7.976E-14	1.000	390	1	178	189	10	188	232	193	0.942	0.772
LOKIASV2_3786_ESMFold_hypothetical_protein	AF-Q9H4E5-F1-model_v4	AF-Q9H4E5-F1-model_v4 Rho-related GTP-binding protein RhoJ	9.054E-13	1.000	389	1	176	189	18	194	214	192	0.931	0.827
LOKIASV2_3786_ESMFold_hypothetical_protein	AF-P54765-F1-model_v4	AF-P54765-F1-model_v4 GTP-binding nuclear protein Ran1A	7.003E-12	1.000	387	5	178	189	2	161	209	176	0.921	0.766
LOKIASV2_3786_ESMFold_hypothetical_protein	AF-Q9ER71-F1-model_v4	AF-Q9ER71-F1-model_v4 Rho-related GTP-binding protein RhoJ	1.329E-12	1.000	386	1	176	189	18	194	214	192	0.931	0.827
LOKIASV2_3786_ESMFold_hypothetical_protein	AF-Q8AVS6-F1-model_v4	AF-Q8AVS6-F1-model_v4 Ras-like protein family member 11B	2.862E-12	1.000	383	4	182	189	34	208	248	189	0.947	0.706
LOKIASV2_3786_ESMFold_hypothetical_protein	AF-Q9GPR7-F1-model_v4	AF-Q9GPR7-F1-model_v4 Rho-related protein racH	3.944E-13	1.000	381	1	186	189	1	196	200	210	0.984	0.980
LOKIASV2_3786_ESMFold_hypothetical_protein	AF-Q874R1-F1-model_v4	AF-Q874R1-F1-model_v4 GTP-binding protein rho4	1.416E-12	1.000	381	4	177	189	14	188	203	189	0.921	0.862
LOKIASV2_3786_ESMFold_hypothetical_protein	AF-P53879-F1-model_v4	AF-P53879-F1-model_v4 GTP-binding protein RHO5	5.788E-13	1.000	380	3	176	189	2	217	331	223	0.921	0.653
LOKIASV2_3786_ESMFold_hypothetical_protein	AF-Q7Z444-F1-model_v4	AF-Q7Z444-F1-model_v4 GTPase ERas	1.950E-12	1.000	378	3	185	189	40	208	233	186	0.968	0.725
LOKIASV2_3786_ESMFold_hypothetical_protein	AF-P34443-F1-model_v4	AF-P34443-F1-model_v4 GTP-binding protein Rheb homolog 1	2.079E-12	1.000	375	1	181	189	10	179	207	186	0.958	0.821
LOKIASV2_3786_ESMFold_hypothetical_protein	AF-Q9HF51-F1-model_v4	AF-Q9HF51-F1-model_v4 GTP-binding protein RHO3	6.163E-12	1.000	373	2	179	189	13	203	224	206	0.942	0.853
LOKIASV2_3786_ESMFold_hypothetical_protein	AF-O95661-F1-model_v4	AF-O95661-F1-model_v4 GTP-binding protein Di-Ras3	6.163E-12	1.000	373	2	172	189	35	195	229	176	0.905	0.703
LOKIASV2_3786_ESMFold_hypothetical_protein	AF-Q6P0U3-F1-model_v4	AF-Q6P0U3-F1-model_v4 Ras-like protein family member 11B	4.477E-12	1.000	373	1	178	189	20	193	244	188	0.942	0.713
LOKIASV2_3786_ESMFold_hypothetical_protein	AF-P61588-F1-model_v4	AF-P61588-F1-model_v4 Rho-related GTP-binding protein RhoE	8.503E-14	1.000	372	1	177	189	20	197	244	195	0.937	0.730
LOKIASV2_3786_ESMFold_hypothetical_protein	AF-Q9VUN3-F1-model_v4	AF-Q9VUN3-F1-model_v4 GTP-binding nuclear protein Ran-like	1.029E-12	1.000	371	3	169	189	9	161	217	178	0.884	0.705
LOKIASV2_3786_ESMFold_hypothetical_protein	AF-Q00245-F1-model_v4	AF-Q00245-F1-model_v4 GTP-binding protein RHO3	5.087E-12	1.000	366	1	178	189	13	211	231	214	0.942	0.861
LOKIASV2_3786_ESMFold_hypothetical_protein	AF-Q9CQW2-F1-model_v4	AF-Q9CQW2-F1-model_v4 ADP-ribosylation factor-like protein 8B	4.777E-13	1.000	363	3	173	189	19	181	186	181	0.905	0.876
LOKIASV2_3786_ESMFold_hypothetical_protein	AF-P61214-F1-model_v4	AF-P61214-F1-model_v4 ADP-ribosylation factor-like protein 4A	4.772E-12	1.000	363	4	188	189	20	198	200	192	0.979	0.895
LOKIASV2_3786_ESMFold_hypothetical_protein	AF-P0C0E4-F1-model_v4	AF-P0C0E4-F1-model_v4 Ras-related protein Rab-40A-like	3.695E-12	1.000	363	3	183	189	13	181	278	183	0.958	0.608
LOKIASV2_3786_ESMFold_hypothetical_protein	AF-Q8VHQ4-F1-model_v4	AF-Q8VHQ4-F1-model_v4 Ras-related protein Rab-40C	1.610E-12	1.000	361	2	184	189	12	182	281	190	0.968	0.609
LOKIASV2_3786_ESMFold_hypothetical_protein	AF-Q3T0M9-F1-model_v4	AF-Q3T0M9-F1-model_v4 ADP-ribosylation factor-like protein 4A	5.423E-12	1.000	360	4	188	189	20	198	200	192	0.979	0.895
LOKIASV2_3786_ESMFold_hypothetical_protein	AF-Q9NVJ2-F1-model_v4	AF-Q9NVJ2-F1-model_v4 ADP-ribosylation factor-like protein 8B	2.687E-13	1.000	359	3	176	189	19	181	186	183	0.921	0.876
LOKIASV2_3786_ESMFold_hypothetical_protein	AF-Q93Y31-F1-model_v4	AF-Q93Y31-F1-model_v4 ADP-ribosylation factor-like protein 8b	2.081E-13	1.000	357	4	172	189	19	176	184	175	0.894	0.859
LOKIASV2_3786_ESMFold_hypothetical_protein	AF-Q6P8C8-F1-model_v4	AF-Q6P8C8-F1-model_v4 ADP-ribosylation factor-like protein 8A	3.699E-13	1.000	357	3	172	189	19	177	186	176	0.899	0.855
LOKIASV2_3786_ESMFold_hypothetical_protein	AF-P61213-F1-model_v4	AF-P61213-F1-model_v4 ADP-ribosylation factor-like protein 4A	8.484E-12	1.000	356	4	188	189	20	198	200	192	0.979	0.895
LOKIASV2_3786_ESMFold_hypothetical_protein	AF-P40617-F1-model_v4	AF-P40617-F1-model_v4 ADP-ribosylation factor-like protein 4A	7.466E-12	1.000	356	4	188	189	20	198	200	192	0.979	0.895
LOKIASV2_3786_ESMFold_hypothetical_protein	AF-Q92730-F1-model_v4	AF-Q92730-F1-model_v4 Rho-related GTP-binding protein Rho6	1.418E-13	1.000	355	1	177	189	10	187	232	194	0.937	0.767
LOKIASV2_3786_ESMFold_hypothetical_protein	AF-Q5REU3-F1-model_v4	AF-Q5REU3-F1-model_v4 ADP-ribosylation factor-like protein 4D	6.570E-12	1.000	354	4	188	189	21	199	201	195	0.979	0.891
LOKIASV2_3786_ESMFold_hypothetical_protein	AF-P25378-F1-model_v4	AF-P25378-F1-model_v4 Rheb-like protein RHB1	1.829E-12	1.000	354	2	178	189	14	193	209	199	0.937	0.861
LOKIASV2_3786_ESMFold_hypothetical_protein	AF-Q96S21-F1-model_v4	AF-Q96S21-F1-model_v4 Ras-related protein Rab-40C	4.772E-12	1.000	354	2	184	189	12	182	281	188	0.968	0.609
LOKIASV2_3786_ESMFold_hypothetical_protein	AF-Q19143-F1-model_v4	AF-Q19143-F1-model_v4 NF-kappa-B inhibitor-interacting Ras-like protein	1.608E-11	1.000	353	1	176	189	1	170	199	184	0.931	0.854
LOKIASV2_3786_ESMFold_hypothetical_protein	AF-Q8VY57-F1-model_v4	AF-Q8VY57-F1-model_v4 ADP-ribosylation factor-like protein 8a	3.470E-13	1.000	351	2	172	189	17	176	184	177	0.905	0.870
LOKIASV2_3786_ESMFold_hypothetical_protein	AF-Q96D21-F1-model_v4	AF-Q96D21-F1-model_v4 GTP-binding protein Rhes	3.695E-12	1.000	351	2	176	189	19	190	266	188	0.926	0.647
LOKIASV2_3786_ESMFold_hypothetical_protein	AF-Q9UNT1-F1-model_v4	AF-Q9UNT1-F1-model_v4 Rab-like protein 2B	1.950E-12	1.000	348	4	178	189	21	182	228	181	0.926	0.711
LOKIASV2_3786_ESMFold_hypothetical_protein	AF-F4IZ82-F1-model_v4	AF-F4IZ82-F1-model_v4 ADP-ribosylation factor-like protein 8d	1.510E-12	1.000	346	3	176	189	10	172	176	181	0.921	0.926
LOKIASV2_3786_ESMFold_hypothetical_protein	AF-Q8WXH6-F1-model_v4	AF-Q8WXH6-F1-model_v4 Ras-related protein Rab-40A	8.484E-12	1.000	346	2	180	189	12	178	277	184	0.947	0.603
LOKIASV2_3786_ESMFold_hypothetical_protein	AF-Q12829-F1-model_v4	AF-Q12829-F1-model_v4 Ras-related protein Rab-40B	7.466E-12	1.000	346	2	182	189	12	180	278	186	0.958	0.608
LOKIASV2_3786_ESMFold_hypothetical_protein	AF-Q54R04-F1-model_v4	AF-Q54R04-F1-model_v4 ADP-ribosylation factor-like protein 8	4.482E-13	1.000	345	2	173	189	17	177	185	178	0.910	0.870
LOKIASV2_3786_ESMFold_hypothetical_protein	AF-P49703-F1-model_v4	AF-P49703-F1-model_v4 ADP-ribosylation factor-like protein 4D	1.948E-11	1.000	345	4	188	189	21	199	201	195	0.979	0.891
LOKIASV2_3786_ESMFold_hypothetical_protein	AF-Q4R4S4-F1-model_v4	AF-Q4R4S4-F1-model_v4 ADP-ribosylation factor-like protein 8B	9.054E-13	1.000	343	2	172	189	18	177	186	180	0.905	0.860
LOKIASV2_3786_ESMFold_hypothetical_protein	AF-Q9VHV5-F1-model_v4	AF-Q9VHV5-F1-model_v4 ADP-ribosylation factor-like protein 8	1.829E-12	1.000	341	4	176	189	20	181	186	179	0.915	0.871
LOKIASV2_3786_ESMFold_hypothetical_protein	AF-Q2KI07-F1-model_v4	AF-Q2KI07-F1-model_v4 ADP-ribosylation factor-like protein 8B	6.577E-13	1.000	341	3	173	189	19	181	186	183	0.905	0.876
LOKIASV2_3786_ESMFold_hypothetical_protein	AF-Q66HA6-F1-model_v4	AF-Q66HA6-F1-model_v4 ADP-ribosylation factor-like protein 8B	7.011E-13	1.000	341	3	179	189	19	183	186	186	0.937	0.887
LOKIASV2_3786_ESMFold_hypothetical_protein	AF-Q8VHP8-F1-model_v4	AF-Q8VHP8-F1-model_v4 Ras-related protein Rab-40B	7.959E-12	1.000	340	2	183	189	12	181	278	188	0.963	0.612
LOKIASV2_3786_ESMFold_hypothetical_protein	AF-Q7TN89-F1-model_v4	AF-Q7TN89-F1-model_v4 GTPase ERas	3.463E-11	1.000	338	3	188	189	40	210	227	189	0.984	0.753
LOKIASV2_3786_ESMFold_hypothetical_protein	AF-P61208-F1-model_v4	AF-P61208-F1-model_v4 ADP-ribosylation factor-like protein 4C	7.959E-12	1.000	337	4	189	189	13	192	192	198	0.984	0.938
LOKIASV2_3786_ESMFold_hypothetical_protein	AF-Q5R6E7-F1-model_v4	AF-Q5R6E7-F1-model_v4 ADP-ribosylation factor-like protein 8B	1.246E-12	1.000	335	3	179	189	19	183	186	186	0.937	0.887
LOKIASV2_3786_ESMFold_hypothetical_protein	AF-Q0VC18-F1-model_v4	AF-Q0VC18-F1-model_v4 ADP-ribosylation factor-like protein 4D	4.472E-11	1.000	335	4	188	189	20	198	200	195	0.979	0.895
LOKIASV2_3786_ESMFold_hypothetical_protein	AF-Q6NZW8-F1-model_v4	AF-Q6NZW8-F1-model_v4 ADP-ribosylation factor-like protein 8B-A	1.246E-12	1.000	332	3	175	189	19	183	186	185	0.915	0.887
LOKIASV2_3786_ESMFold_hypothetical_protein	AF-Q8VEH3-F1-model_v4	AF-Q8VEH3-F1-model_v4 ADP-ribosylation factor-like protein 8A	6.577E-13	1.000	329	3	172	189	19	177	186	179	0.899	0.855
LOKIASV2_3786_ESMFold_hypothetical_protein	AF-E9Q9D5-F1-model_v4	AF-E9Q9D5-F1-model_v4 Rab-like protein 2A	9.641E-12	1.000	326	4	178	189	21	183	223	182	0.926	0.731
LOKIASV2_3786_ESMFold_hypothetical_protein	AF-Q06849-F1-model_v4	AF-Q06849-F1-model_v4 ADP-ribosylation factor-like protein 2	1.948E-11	1.000	325	4	178	189	16	178	184	181	0.926	0.886
LOKIASV2_3786_ESMFold_hypothetical_protein	AF-Q96BM9-F1-model_v4	AF-Q96BM9-F1-model_v4 ADP-ribosylation factor-like protein 8A	9.652E-13	1.000	325	3	172	189	19	177	186	179	0.899	0.855
LOKIASV2_3786_ESMFold_hypothetical_protein	AF-Q9DAI2-F1-model_v4	AF-Q9DAI2-F1-model_v4 Intraflagellar transport protein 22 homolog	2.076E-11	1.000	324	3	186	189	2	180	185	194	0.974	0.968
LOKIASV2_3786_ESMFold_hypothetical_protein	AF-Q5ZKQ8-F1-model_v4	AF-Q5ZKQ8-F1-model_v4 ADP-ribosylation factor-like protein 8A	1.169E-12	1.000	324	3	172	189	19	177	186	179	0.899	0.855
LOKIASV2_3786_ESMFold_hypothetical_protein	AF-O35929-F1-model_v4	AF-O35929-F1-model_v4 GTP-binding protein REM 1	2.076E-11	1.000	322	4	183	189	80	249	297	187	0.952	0.572
LOKIASV2_3786_ESMFold_hypothetical_protein	AF-Q5FVJ7-F1-model_v4	AF-Q5FVJ7-F1-model_v4 Intraflagellar transport protein 22 homolog	7.950E-11	1.000	320	3	188	189	2	180	185	194	0.984	0.968
LOKIASV2_3786_ESMFold_hypothetical_protein	AF-Q3SZF2-F1-model_v4	AF-Q3SZF2-F1-model_v4 ADP-ribosylation factor 4	1.326E-10	1.000	319	4	178	189	17	179	180	181	0.926	0.906
LOKIASV2_3786_ESMFold_hypothetical_protein	AF-Q5R573-F1-model_v4	AF-Q5R573-F1-model_v4 Rab-like protein 2A	5.082E-11	1.000	319	4	178	189	21	180	229	179	0.926	0.699
LOKIASV2_3786_ESMFold_hypothetical_protein	AF-Q20758-F1-model_v4	AF-Q20758-F1-model_v4 ADP-ribosylation factor-like protein 1	8.475E-11	1.000	318	4	178	189	16	178	180	183	0.926	0.906
LOKIASV2_3786_ESMFold_hypothetical_protein	AF-P56559-F1-model_v4	AF-P56559-F1-model_v4 ADP-ribosylation factor-like protein 4C	5.082E-11	1.000	318	4	189	189	13	192	192	198	0.984	0.938
LOKIASV2_3786_ESMFold_hypothetical_protein	AF-P51821-F1-model_v4	AF-P51821-F1-model_v4 ADP-ribosylation factor 1	5.082E-11	1.000	317	4	178	189	17	179	181	183	0.926	0.901
LOKIASV2_3786_ESMFold_hypothetical_protein	AF-Q5E9J4-F1-model_v4	AF-Q5E9J4-F1-model_v4 Intraflagellar transport protein 22 homolog	3.248E-11	1.000	315	3	187	189	2	180	185	190	0.979	0.968
LOKIASV2_3786_ESMFold_hypothetical_protein	AF-Q4R4K5-F1-model_v4	AF-Q4R4K5-F1-model_v4 Intraflagellar transport protein 22 homolog	3.047E-11	1.000	314	3	188	189	2	180	185	194	0.984	0.968
LOKIASV2_3786_ESMFold_hypothetical_protein	AF-Q5SSG5-F1-model_v4	AF-Q5SSG5-F1-model_v4 Ras-like protein family member 10B	6.562E-11	1.000	314	1	176	189	1	177	203	194	0.931	0.872
LOKIASV2_3786_ESMFold_hypothetical_protein	AF-Q99PE9-F1-model_v4	AF-Q99PE9-F1-model_v4 ADP-ribosylation factor-like protein 4D	2.681E-11	1.000	311	4	178	189	21	189	201	185	0.926	0.841
LOKIASV2_3786_ESMFold_hypothetical_protein	AF-P36406-F1-model_v4	AF-P36406-F1-model_v4 E3 ubiquitin-protein ligase TRIM23	3.935E-11	1.000	311	2	172	189	402	564	574	180	0.905	0.284
LOKIASV2_3786_ESMFold_hypothetical_protein	AF-Q9H7X7-F1-model_v4	AF-Q9H7X7-F1-model_v4 Intraflagellar transport protein 22 homolog	4.767E-11	1.000	310	3	188	189	2	180	185	194	0.984	0.968
LOKIASV2_3786_ESMFold_hypothetical_protein	AF-P61750-F1-model_v4	AF-P61750-F1-model_v4 ADP-ribosylation factor 4	1.326E-10	1.000	309	4	178	189	17	179	180	183	0.926	0.906
LOKIASV2_3786_ESMFold_hypothetical_protein	AF-P49076-F1-model_v4	AF-P49076-F1-model_v4 ADP-ribosylation factor	7.950E-11	1.000	308	4	178	189	17	179	181	183	0.926	0.901
LOKIASV2_3786_ESMFold_hypothetical_protein	AF-Q2TA37-F1-model_v4	AF-Q2TA37-F1-model_v4 ADP-ribosylation factor-like protein 2	2.681E-11	1.000	308	4	178	189	16	178	184	184	0.926	0.886
LOKIASV2_3786_ESMFold_hypothetical_protein	AF-Q06396-F1-model_v4	AF-Q06396-F1-model_v4 ADP-ribosylation factor 1	1.413E-10	1.000	307	4	178	189	17	179	181	183	0.926	0.901
LOKIASV2_3786_ESMFold_hypothetical_protein	AF-P51822-F1-model_v4	AF-P51822-F1-model_v4 ADP-ribosylation factor 1	1.326E-10	1.000	307	4	178	189	17	179	181	183	0.926	0.901
LOKIASV2_3786_ESMFold_hypothetical_protein	AF-Q6GNL4-F1-model_v4	AF-Q6GNL4-F1-model_v4 Ciliogenesis and planar polarity effector 2	5.076E-10	1.000	307	2	180	189	49	238	249	196	0.947	0.763
LOKIASV2_3786_ESMFold_hypothetical_protein	AF-Q8RXF8-F1-model_v4	AF-Q8RXF8-F1-model_v4 Mitochondrial Rho GTPase 1	1.094E-10	1.000	307	4	176	189	17	180	648	179	0.915	0.253
LOKIASV2_3786_ESMFold_hypothetical_protein	AF-P62331-F1-model_v4	AF-P62331-F1-model_v4 ADP-ribosylation factor 6	2.211E-10	1.000	306	3	158	189	12	160	175	162	0.825	0.851
LOKIASV2_3786_ESMFold_hypothetical_protein	AF-P84084-F1-model_v4	AF-P84084-F1-model_v4 ADP-ribosylation factor 5	1.027E-10	1.000	306	4	178	189	17	179	180	183	0.926	0.906
LOKIASV2_3786_ESMFold_hypothetical_protein	AF-Q567Y6-F1-model_v4	AF-Q567Y6-F1-model_v4 Intraflagellar transport protein 22 homolog	5.082E-11	1.000	306	3	188	189	2	181	187	196	0.984	0.963
LOKIASV2_3786_ESMFold_hypothetical_protein	AF-Q8N4G2-F1-model_v4	AF-Q8N4G2-F1-model_v4 ADP-ribosylation factor-like protein 14	8.484E-12	1.000	306	4	187	189	13	185	192	195	0.974	0.901
LOKIASV2_3786_ESMFold_hypothetical_protein	AF-P26990-F1-model_v4	AF-P26990-F1-model_v4 ADP-ribosylation factor 6	1.606E-10	1.000	305	3	169	189	12	168	175	173	0.884	0.897
LOKIASV2_3786_ESMFold_hypothetical_protein	AF-Q627K4-F1-model_v4	AF-Q627K4-F1-model_v4 ADP-ribosylation factor-like protein 2	7.457E-11	1.000	305	4	176	189	16	176	184	181	0.915	0.875
LOKIASV2_3786_ESMFold_hypothetical_protein	AF-P25160-F1-model_v4	AF-P25160-F1-model_v4 ADP-ribosylation factor-like protein 1	1.825E-10	1.000	304	4	180	189	16	179	180	185	0.937	0.911
LOKIASV2_3786_ESMFold_hypothetical_protein	AF-P38116-F1-model_v4	AF-P38116-F1-model_v4 ADP-ribosylation factor-like protein 1	5.417E-11	1.000	304	3	180	189	17	182	183	184	0.942	0.907
LOKIASV2_3786_ESMFold_hypothetical_protein	AF-Q19705-F1-model_v4	AF-Q19705-F1-model_v4 ADP-ribosylation factor-like protein 2	1.094E-10	1.000	303	4	176	189	16	176	184	181	0.915	0.875
LOKIASV2_3786_ESMFold_hypothetical_protein	AF-Q5M8K8-F1-model_v4	AF-Q5M8K8-F1-model_v4 Intraflagellar transport protein 22 homolog	1.094E-10	1.000	303	3	188	189	2	179	184	196	0.984	0.967
LOKIASV2_3786_ESMFold_hypothetical_protein	AF-Q54UF1-F1-model_v4	AF-Q54UF1-F1-model_v4 ADP-ribosylation factor-like protein 2	9.034E-11	1.000	303	4	178	189	16	178	184	183	0.926	0.886
LOKIASV2_3786_ESMFold_hypothetical_protein	AF-Q007T5-F1-model_v4	AF-Q007T5-F1-model_v4 ADP-ribosylation factor 6	2.357E-10	1.000	301	3	169	189	12	168	175	173	0.884	0.897
LOKIASV2_3786_ESMFold_hypothetical_protein	AF-P62332-F1-model_v4	AF-P62332-F1-model_v4 ADP-ribosylation factor 6	2.357E-10	1.000	301	3	169	189	12	168	175	173	0.884	0.897
LOKIASV2_3786_ESMFold_hypothetical_protein	AF-P51645-F1-model_v4	AF-P51645-F1-model_v4 ADP-ribosylation factor 6	2.678E-10	1.000	301	3	169	189	12	168	175	173	0.884	0.897
LOKIASV2_3786_ESMFold_hypothetical_protein	AF-P36404-F1-model_v4	AF-P36404-F1-model_v4 ADP-ribosylation factor-like protein 2	5.417E-11	1.000	301	4	178	189	16	178	184	184	0.926	0.886
LOKIASV2_3786_ESMFold_hypothetical_protein	AF-P61209-F1-model_v4	AF-P61209-F1-model_v4 ADP-ribosylation factor 1	2.074E-10	1.000	299	4	180	189	17	181	182	185	0.937	0.907
LOKIASV2_3786_ESMFold_hypothetical_protein	AF-P0CM17-F1-model_v4	AF-P0CM17-F1-model_v4 ADP-ribosylation factor	1.507E-10	1.000	299	4	178	189	17	179	182	183	0.926	0.896
LOKIASV2_3786_ESMFold_hypothetical_protein	AF-Q8W4C8-F1-model_v4	AF-Q8W4C8-F1-model_v4 ADP-ribosylation factor-like protein 8c	4.772E-12	1.000	299	2	172	189	17	176	184	180	0.905	0.870
LOKIASV2_3786_ESMFold_hypothetical_protein	AF-Q8BGX0-F1-model_v4	AF-Q8BGX0-F1-model_v4 E3 ubiquitin-protein ligase TRIM23	5.417E-11	1.000	299	1	172	189	403	564	574	181	0.910	0.282
LOKIASV2_3786_ESMFold_hypothetical_protein	AF-Q9UBK7-F1-model_v4	AF-Q9UBK7-F1-model_v4 Rab-like protein 2A	1.825E-10	1.000	298	4	182	189	21	182	228	182	0.947	0.711
LOKIASV2_3786_ESMFold_hypothetical_protein	AF-Q9C5J9-F1-model_v4	AF-Q9C5J9-F1-model_v4 Small GTPase LIP1	2.360E-11	1.000	298	1	184	189	19	239	342	228	0.974	0.646
LOKIASV2_3786_ESMFold_hypothetical_protein	AF-Q9LQC8-F1-model_v4	AF-Q9LQC8-F1-model_v4 ADP-ribosylation factor 2-A	3.459E-10	1.000	297	4	178	189	17	179	181	183	0.926	0.901
LOKIASV2_3786_ESMFold_hypothetical_protein	AF-P61210-F1-model_v4	AF-P61210-F1-model_v4 ADP-ribosylation factor 1	1.606E-10	1.000	297	4	180	189	17	181	182	183	0.937	0.907
LOKIASV2_3786_ESMFold_hypothetical_protein	AF-Q1DB04-F1-model_v4	AF-Q1DB04-F1-model_v4 Mutual gliding-motility protein MglA	6.996E-11	1.000	297	2	183	189	10	193	195	197	0.963	0.944
LOKIASV2_3786_ESMFold_hypothetical_protein	AF-Q1ZXQ0-F1-model_v4	AF-Q1ZXQ0-F1-model_v4 Sca1 complex protein phr	3.040E-09	1.000	296	1	183	189	556	729	1019	186	0.968	0.171
LOKIASV2_3786_ESMFold_hypothetical_protein	AF-P0DH91-F1-model_v4	AF-P0DH91-F1-model_v4 ADP-ribosylation factor 2-B	3.245E-10	1.000	295	4	178	189	17	179	181	183	0.926	0.901
LOKIASV2_3786_ESMFold_hypothetical_protein	AF-P61204-F1-model_v4	AF-P61204-F1-model_v4 ADP-ribosylation factor 3	2.211E-10	1.000	295	4	176	189	17	177	181	181	0.915	0.890
LOKIASV2_3786_ESMFold_hypothetical_protein	AF-P51644-F1-model_v4	AF-P51644-F1-model_v4 ADP-ribosylation factor 4	1.326E-10	1.000	294	4	178	189	17	179	180	183	0.926	0.906
LOKIASV2_3786_ESMFold_hypothetical_protein	AF-P61206-F1-model_v4	AF-P61206-F1-model_v4 ADP-ribosylation factor 3	2.678E-10	1.000	294	4	176	189	17	177	181	181	0.915	0.890
LOKIASV2_3786_ESMFold_hypothetical_protein	AF-Q9ZPX1-F1-model_v4	AF-Q9ZPX1-F1-model_v4 ADP-ribosylation factor-like protein 2	1.946E-10	1.000	294	4	176	189	16	177	185	182	0.915	0.876
LOKIASV2_3786_ESMFold_hypothetical_protein	AF-Q9BU20-F1-model_v4	AF-Q9BU20-F1-model_v4 Ciliogenesis and planar polarity effector 2	3.931E-10	1.000	294	2	183	189	53	242	258	195	0.963	0.736
LOKIASV2_3786_ESMFold_hypothetical_protein	AF-P84079-F1-model_v4	AF-P84079-F1-model_v4 ADP-ribosylation factor 1	2.357E-10	1.000	293	4	176	189	17	177	181	181	0.915	0.890
LOKIASV2_3786_ESMFold_hypothetical_protein	AF-Q09767-F1-model_v4	AF-Q09767-F1-model_v4 ADP-ribosylation factor-like protein alp41	3.463E-11	1.000	293	4	176	189	16	176	186	181	0.915	0.866
LOKIASV2_3786_ESMFold_hypothetical_protein	AF-Q6P068-F1-model_v4	AF-Q6P068-F1-model_v4 ADP-ribosylation factor-like protein 5C	2.855E-10	1.000	292	1	175	189	13	175	179	183	0.926	0.911
LOKIASV2_3786_ESMFold_hypothetical_protein	AF-Q80ZU0-F1-model_v4	AF-Q80ZU0-F1-model_v4 ADP-ribosylation factor-like protein 5A	1.825E-10	1.000	292	4	176	189	16	176	179	179	0.915	0.899
LOKIASV2_3786_ESMFold_hypothetical_protein	AF-P0CM16-F1-model_v4	AF-P0CM16-F1-model_v4 ADP-ribosylation factor	5.076E-10	1.000	292	4	178	189	17	179	182	183	0.926	0.896
LOKIASV2_3786_ESMFold_hypothetical_protein	AF-P40946-F1-model_v4	AF-P40946-F1-model_v4 ADP-ribosylation factor 6	7.449E-10	1.000	291	3	169	189	12	168	175	173	0.884	0.897
LOKIASV2_3786_ESMFold_hypothetical_protein	AF-Q9Y7Z2-F1-model_v4	AF-Q9Y7Z2-F1-model_v4 ADP-ribosylation factor 6	1.825E-10	1.000	291	3	163	189	20	184	184	178	0.852	0.897
LOKIASV2_3786_ESMFold_hypothetical_protein	AF-Q969Q4-F1-model_v4	AF-Q969Q4-F1-model_v4 ADP-ribosylation factor-like protein 11	2.213E-11	1.000	291	4	187	189	12	184	196	193	0.974	0.883
LOKIASV2_3786_ESMFold_hypothetical_protein	AF-Q2KJ96-F1-model_v4	AF-Q2KJ96-F1-model_v4 ADP-ribosylation factor-like protein 5A	4.467E-10	1.000	290	4	176	189	16	176	179	179	0.915	0.899
LOKIASV2_3786_ESMFold_hypothetical_protein	AF-P51646-F1-model_v4	AF-P51646-F1-model_v4 ADP-ribosylation factor-like protein 5A	4.467E-10	1.000	290	4	176	189	16	176	179	179	0.915	0.899
LOKIASV2_3786_ESMFold_hypothetical_protein	AF-Q9Y689-F1-model_v4	AF-Q9Y689-F1-model_v4 ADP-ribosylation factor-like protein 5A	4.467E-10	1.000	290	4	176	189	16	176	179	179	0.915	0.899
LOKIASV2_3786_ESMFold_hypothetical_protein	AF-P40994-F1-model_v4	AF-P40994-F1-model_v4 ADP-ribosylation factor 3	1.165E-09	1.000	290	2	173	189	15	175	183	179	0.910	0.880
LOKIASV2_3786_ESMFold_hypothetical_protein	AF-O08697-F1-model_v4	AF-O08697-F1-model_v4 ADP-ribosylation factor-like protein 2	1.825E-10	1.000	290	4	178	189	16	178	184	184	0.926	0.886
LOKIASV2_3786_ESMFold_hypothetical_protein	AF-P61207-F1-model_v4	AF-P61207-F1-model_v4 ADP-ribosylation factor 3	3.687E-10	1.000	289	4	176	189	17	177	181	181	0.915	0.890
LOKIASV2_3786_ESMFold_hypothetical_protein	AF-O48920-F1-model_v4	AF-O48920-F1-model_v4 ADP-ribosylation factor	9.034E-11	1.000	289	4	178	189	17	179	181	183	0.926	0.901
LOKIASV2_3786_ESMFold_hypothetical_protein	AF-P51823-F1-model_v4	AF-P51823-F1-model_v4 ADP-ribosylation factor 2	2.074E-10	1.000	289	4	178	189	17	179	181	183	0.926	0.901
LOKIASV2_3786_ESMFold_hypothetical_protein	AF-Q8BSL7-F1-model_v4	AF-Q8BSL7-F1-model_v4 ADP-ribosylation factor 2	3.931E-10	1.000	289	4	176	189	17	177	181	181	0.915	0.890
LOKIASV2_3786_ESMFold_hypothetical_protein	AF-P51643-F1-model_v4	AF-P51643-F1-model_v4 ADP-ribosylation factor 1	3.245E-10	1.000	289	4	176	189	17	177	181	181	0.915	0.890
LOKIASV2_3786_ESMFold_hypothetical_protein	AF-P34212-F1-model_v4	AF-P34212-F1-model_v4 ADP-ribosylation factor-like protein 5	1.946E-10	1.000	288	4	173	189	17	175	178	180	0.899	0.893
LOKIASV2_3786_ESMFold_hypothetical_protein	AF-P34727-F1-model_v4	AF-P34727-F1-model_v4 ADP-ribosylation factor	1.025E-09	1.000	287	4	181	189	17	182	183	186	0.942	0.907
LOKIASV2_3786_ESMFold_hypothetical_protein	AF-Q5BK71-F1-model_v4	AF-Q5BK71-F1-model_v4 ADP-ribosylation factor-like protein 11	3.047E-11	1.000	286	3	178	189	9	172	173	185	0.931	0.948
LOKIASV2_3786_ESMFold_hypothetical_protein	AF-P36397-F1-model_v4	AF-P36397-F1-model_v4 ADP-ribosylation factor 1	2.678E-10	1.000	286	4	176	189	17	177	181	181	0.915	0.890
LOKIASV2_3786_ESMFold_hypothetical_protein	AF-Q5R5P7-F1-model_v4	AF-Q5R5P7-F1-model_v4 ADP-ribosylation factor 3	5.768E-10	1.000	286	4	176	189	17	177	181	181	0.915	0.890
LOKIASV2_3786_ESMFold_hypothetical_protein	AF-Q61LA8-F1-model_v4	AF-Q61LA8-F1-model_v4 ADP-ribosylation factor 1-like 2	6.988E-10	1.000	286	4	176	189	17	177	181	181	0.915	0.890
LOKIASV2_3786_ESMFold_hypothetical_protein	AF-Q4R5P2-F1-model_v4	AF-Q4R5P2-F1-model_v4 ADP-ribosylation factor 1	1.825E-10	1.000	285	4	176	189	17	177	181	181	0.915	0.890
LOKIASV2_3786_ESMFold_hypothetical_protein	AF-Q10943-F1-model_v4	AF-Q10943-F1-model_v4 ADP-ribosylation factor 1-like 2	5.768E-10	1.000	284	4	176	189	17	177	181	181	0.915	0.890
LOKIASV2_3786_ESMFold_hypothetical_protein	AF-O00909-F1-model_v4	AF-O00909-F1-model_v4 ADP-ribosylation factor 1	2.513E-10	1.000	284	1	180	189	16	181	182	188	0.952	0.912
LOKIASV2_3786_ESMFold_hypothetical_protein	AF-Q55AD9-F1-model_v4	AF-Q55AD9-F1-model_v4 ADP-ribosylation factor-like protein 5	1.823E-09	1.000	284	1	176	189	17	180	183	182	0.931	0.896
LOKIASV2_3786_ESMFold_hypothetical_protein	AF-P36407-F1-model_v4	AF-P36407-F1-model_v4 E3 ubiquitin-protein ligase TRIM23	6.562E-11	1.000	284	2	177	189	401	570	573	187	0.931	0.297
LOKIASV2_3786_ESMFold_hypothetical_protein	AF-Q7KQL3-F1-model_v4	AF-Q7KQL3-F1-model_v4 ADP-ribosylation factor 1	6.149E-10	1.000	282	2	176	189	15	177	181	183	0.926	0.901
LOKIASV2_3786_ESMFold_hypothetical_protein	AF-Q6P3A9-F1-model_v4	AF-Q6P3A9-F1-model_v4 ADP-ribosylation factor-like protein 11	6.996E-11	1.000	281	4	179	189	12	175	176	185	0.931	0.932
LOKIASV2_3786_ESMFold_hypothetical_protein	AF-Q96KC2-F1-model_v4	AF-Q96KC2-F1-model_v4 ADP-ribosylation factor-like protein 5B	6.149E-10	1.000	281	2	174	189	14	174	179	179	0.915	0.899
LOKIASV2_3786_ESMFold_hypothetical_protein	AF-P61205-F1-model_v4	AF-P61205-F1-model_v4 ADP-ribosylation factor 3	4.762E-10	1.000	281	4	176	189	17	177	181	181	0.915	0.890
LOKIASV2_3786_ESMFold_hypothetical_protein	AF-P84078-F1-model_v4	AF-P84078-F1-model_v4 ADP-ribosylation factor 1	1.093E-09	1.000	281	4	176	189	17	177	181	181	0.915	0.890
LOKIASV2_3786_ESMFold_hypothetical_protein	AF-Q54I24-F1-model_v4	AF-Q54I24-F1-model_v4 ADP-ribosylation factor D	6.988E-10	1.000	281	4	188	189	17	189	216	192	0.979	0.801
LOKIASV2_3786_ESMFold_hypothetical_protein	AF-P55042-F1-model_v4	AF-P55042-F1-model_v4 GTP-binding protein RAD	8.465E-10	1.000	281	5	186	189	92	261	308	190	0.963	0.552
LOKIASV2_3786_ESMFold_hypothetical_protein	AF-Q5RCF1-F1-model_v4	AF-Q5RCF1-F1-model_v4 ADP-ribosylation factor 4	1.093E-09	1.000	280	4	178	189	17	179	180	181	0.926	0.906
LOKIASV2_3786_ESMFold_hypothetical_protein	AF-P40940-F1-model_v4	AF-P40940-F1-model_v4 ADP-ribosylation factor 3	2.354E-09	1.000	280	3	176	189	16	177	182	182	0.921	0.890
LOKIASV2_3786_ESMFold_hypothetical_protein	AF-P18085-F1-model_v4	AF-P18085-F1-model_v4 ADP-ribosylation factor 4	4.762E-10	1.000	279	4	178	189	17	179	180	183	0.926	0.906
LOKIASV2_3786_ESMFold_hypothetical_protein	AF-Q58DI9-F1-model_v4	AF-Q58DI9-F1-model_v4 ADP-ribosylation factor-like protein 11	1.712E-10	1.000	279	4	176	189	12	176	182	182	0.915	0.907
LOKIASV2_3786_ESMFold_hypothetical_protein	AF-P0CT17-F1-model_v4	AF-P0CT17-F1-model_v4 Small COPII coat GTPase SAR1	1.413E-10	1.000	279	3	174	189	19	186	189	185	0.910	0.889
LOKIASV2_3786_ESMFold_hypothetical_protein	AF-B7ZTR0-F1-model_v4	AF-B7ZTR0-F1-model_v4 Ciliogenesis and planar polarity effector 2	1.943E-09	1.000	279	2	180	189	55	244	255	196	0.947	0.745
LOKIASV2_3786_ESMFold_hypothetical_protein	AF-P61751-F1-model_v4	AF-P61751-F1-model_v4 ADP-ribosylation factor 4	3.931E-10	1.000	278	4	178	189	17	179	180	183	0.926	0.906
LOKIASV2_3786_ESMFold_hypothetical_protein	AF-P84083-F1-model_v4	AF-P84083-F1-model_v4 ADP-ribosylation factor 5	2.074E-10	1.000	278	4	178	189	17	179	180	183	0.926	0.906
LOKIASV2_3786_ESMFold_hypothetical_protein	AF-P49702-F1-model_v4	AF-P49702-F1-model_v4 ADP-ribosylation factor 5	1.712E-10	1.000	278	4	178	189	17	179	180	183	0.926	0.906
LOKIASV2_3786_ESMFold_hypothetical_protein	AF-P91924-F1-model_v4	AF-P91924-F1-model_v4 ADP-ribosylation factor	5.076E-10	1.000	278	4	181	189	17	182	183	186	0.942	0.907
LOKIASV2_3786_ESMFold_hypothetical_protein	AF-Q54V47-F1-model_v4	AF-Q54V47-F1-model_v4 ADP-ribosylation factor J	6.555E-10	1.000	278	3	176	189	24	185	188	180	0.921	0.862
LOKIASV2_3786_ESMFold_hypothetical_protein	AF-Q9D4P0-F1-model_v4	AF-Q9D4P0-F1-model_v4 ADP-ribosylation factor-like protein 5B	9.024E-10	1.000	277	2	174	189	14	174	179	181	0.915	0.899
LOKIASV2_3786_ESMFold_hypothetical_protein	AF-P84085-F1-model_v4	AF-P84085-F1-model_v4 ADP-ribosylation factor 5	4.190E-10	1.000	277	4	178	189	17	179	180	183	0.926	0.906
LOKIASV2_3786_ESMFold_hypothetical_protein	AF-Q94650-F1-model_v4	AF-Q94650-F1-model_v4 ADP-ribosylation factor 1	4.762E-10	1.000	277	2	176	189	15	177	181	185	0.926	0.901
LOKIASV2_3786_ESMFold_hypothetical_protein	AF-Q9D0J4-F1-model_v4	AF-Q9D0J4-F1-model_v4 ADP-ribosylation factor-like protein 2	1.167E-10	1.000	277	4	176	189	16	180	184	182	0.915	0.897
LOKIASV2_3786_ESMFold_hypothetical_protein	AF-P40945-F1-model_v4	AF-P40945-F1-model_v4 ADP-ribosylation factor 2	7.941E-10	1.000	276	4	178	189	17	179	180	183	0.926	0.906
LOKIASV2_3786_ESMFold_hypothetical_protein	AF-P84081-F1-model_v4	AF-P84081-F1-model_v4 ADP-ribosylation factor 2	9.620E-10	1.000	276	4	176	189	17	177	181	181	0.915	0.890
LOKIASV2_3786_ESMFold_hypothetical_protein	AF-P40616-F1-model_v4	AF-P40616-F1-model_v4 ADP-ribosylation factor-like protein 1	4.190E-10	1.000	276	4	176	189	17	177	181	181	0.915	0.890
LOKIASV2_3786_ESMFold_hypothetical_protein	AF-Q877B9-F1-model_v4	AF-Q877B9-F1-model_v4 Small COPII coat GTPase sar1	2.211E-10	1.000	276	1	174	189	17	188	189	187	0.921	0.910
LOKIASV2_3786_ESMFold_hypothetical_protein	AF-A8HME3-F1-model_v4	AF-A8HME3-F1-model_v4 Intraflagellar transport protein 22	4.762E-10	1.000	276	1	188	189	2	185	192	205	0.995	0.958
LOKIASV2_3786_ESMFold_hypothetical_protein	AF-P61211-F1-model_v4	AF-P61211-F1-model_v4 ADP-ribosylation factor-like protein 1	4.467E-10	1.000	275	4	176	189	17	177	181	181	0.915	0.890
LOKIASV2_3786_ESMFold_hypothetical_protein	AF-Q01474-F1-model_v4	AF-Q01474-F1-model_v4 GTP-binding protein SAR1B	1.712E-10	1.000	275	4	176	189	20	192	193	189	0.915	0.896
LOKIASV2_3786_ESMFold_hypothetical_protein	AF-A2A825-F1-model_v4	AF-A2A825-F1-model_v4 Ciliogenesis and planar polarity effector 2	3.040E-09	1.000	275	2	183	189	53	242	258	195	0.963	0.736
LOKIASV2_3786_ESMFold_hypothetical_protein	AF-Q96361-F1-model_v4	AF-Q96361-F1-model_v4 ADP-ribosylation factor 1	3.926E-09	1.000	274	3	179	189	16	180	182	185	0.937	0.907
LOKIASV2_3786_ESMFold_hypothetical_protein	AF-Q0UKC0-F1-model_v4	AF-Q0UKC0-F1-model_v4 Small COPII coat GTPase SAR1	2.211E-10	1.000	274	1	174	189	13	182	185	191	0.921	0.919
LOKIASV2_3786_ESMFold_hypothetical_protein	AF-Q9SHU5-F1-model_v4	AF-Q9SHU5-F1-model_v4 Probable ADP-ribosylation factor At2g15310	3.455E-09	1.000	274	4	176	189	17	177	205	181	0.915	0.785
LOKIASV2_3786_ESMFold_hypothetical_protein	AF-P22274-F1-model_v4	AF-P22274-F1-model_v4 ADP-ribosylation factor	9.620E-10	1.000	273	4	176	189	17	177	179	179	0.915	0.899
LOKIASV2_3786_ESMFold_hypothetical_protein	AF-P84080-F1-model_v4	AF-P84080-F1-model_v4 ADP-ribosylation factor 1	1.025E-09	1.000	273	4	176	189	17	177	181	181	0.915	0.890
LOKIASV2_3786_ESMFold_hypothetical_protein	AF-O23778-F1-model_v4	AF-O23778-F1-model_v4 ADP-ribosylation factor 1	2.678E-10	1.000	273	4	178	189	17	179	181	183	0.926	0.901
LOKIASV2_3786_ESMFold_hypothetical_protein	AF-P61212-F1-model_v4	AF-P61212-F1-model_v4 ADP-ribosylation factor-like protein 1	1.025E-09	1.000	272	4	176	189	17	177	181	181	0.915	0.890
LOKIASV2_3786_ESMFold_hypothetical_protein	AF-Q559R0-F1-model_v4	AF-Q559R0-F1-model_v4 GTP-binding protein Sar1A	3.044E-10	1.000	272	2	174	189	18	186	188	186	0.915	0.899
LOKIASV2_3786_ESMFold_hypothetical_protein	AF-Q5E9I6-F1-model_v4	AF-Q5E9I6-F1-model_v4 ADP-ribosylation factor 3	6.988E-10	1.000	271	4	176	189	17	177	181	181	0.915	0.890
LOKIASV2_3786_ESMFold_hypothetical_protein	AF-O04267-F1-model_v4	AF-O04267-F1-model_v4 GTP-binding protein SAR1B	3.459E-10	1.000	271	4	176	189	20	194	195	191	0.915	0.897
LOKIASV2_3786_ESMFold_hypothetical_protein	AF-A8ISN6-F1-model_v4	AF-A8ISN6-F1-model_v4 ADP-ribosylation factor-like protein 3	7.941E-10	1.000	270	3	176	189	15	176	177	182	0.921	0.915
LOKIASV2_3786_ESMFold_hypothetical_protein	AF-P11076-F1-model_v4	AF-P11076-F1-model_v4 ADP-ribosylation factor 1	1.823E-09	1.000	270	4	179	189	17	180	181	182	0.931	0.906
LOKIASV2_3786_ESMFold_hypothetical_protein	AF-Q25761-F1-model_v4	AF-Q25761-F1-model_v4 ADP-ribosylation factor 1	9.024E-10	1.000	270	2	176	189	15	177	181	185	0.926	0.901
LOKIASV2_3786_ESMFold_hypothetical_protein	AF-Q75A26-F1-model_v4	AF-Q75A26-F1-model_v4 ADP-ribosylation factor	5.070E-09	1.000	270	4	176	189	17	177	181	181	0.915	0.890
LOKIASV2_3786_ESMFold_hypothetical_protein	AF-F4KFD8-F1-model_v4	AF-F4KFD8-F1-model_v4 Small GTPase-like protein LIP2	9.034E-11	1.000	270	1	179	189	19	233	333	225	0.947	0.646
LOKIASV2_3786_ESMFold_hypothetical_protein	AF-P84082-F1-model_v4	AF-P84082-F1-model_v4 ADP-ribosylation factor 2	5.411E-10	1.000	269	4	176	189	17	177	181	181	0.915	0.890
LOKIASV2_3786_ESMFold_hypothetical_protein	AF-Q4P0I7-F1-model_v4	AF-Q4P0I7-F1-model_v4 Small COPII coat GTPase SAR1	4.762E-10	1.000	267	4	174	189	20	187	189	184	0.905	0.889
LOKIASV2_3786_ESMFold_hypothetical_protein	AF-O04834-F1-model_v4	AF-O04834-F1-model_v4 GTP-binding protein SAR1A	3.459E-10	1.000	267	4	176	189	20	192	193	189	0.915	0.896
LOKIASV2_3786_ESMFold_hypothetical_protein	AF-P36579-F1-model_v4	AF-P36579-F1-model_v4 ADP-ribosylation factor 1	1.025E-09	1.000	266	4	176	189	17	177	180	181	0.915	0.894
LOKIASV2_3786_ESMFold_hypothetical_protein	AF-O45379-F1-model_v4	AF-O45379-F1-model_v4 ADP-ribosylation factor-like protein 3	5.768E-10	1.000	266	4	174	189	17	176	184	177	0.905	0.870
LOKIASV2_3786_ESMFold_hypothetical_protein	AF-Q2YDM1-F1-model_v4	AF-Q2YDM1-F1-model_v4 ADP-ribosylation factor-like protein 1	1.412E-09	1.000	263	4	176	189	17	177	181	181	0.915	0.890
LOKIASV2_3786_ESMFold_hypothetical_protein	AF-Q8BXL7-F1-model_v4	AF-Q8BXL7-F1-model_v4 ADP-ribosylation factor-related protein 1	6.149E-10	1.000	263	3	177	189	16	188	201	196	0.926	0.861
LOKIASV2_3786_ESMFold_hypothetical_protein	AF-Q63055-F1-model_v4	AF-Q63055-F1-model_v4 ADP-ribosylation factor-related protein 1	6.988E-10	1.000	262	3	177	189	16	188	201	196	0.926	0.861
LOKIASV2_3786_ESMFold_hypothetical_protein	AF-A1D4D1-F1-model_v4	AF-A1D4D1-F1-model_v4 Small COPII coat GTPase sar1	9.620E-10	1.000	261	4	173	189	20	188	189	186	0.899	0.894
LOKIASV2_3786_ESMFold_hypothetical_protein	AF-Q59S78-F1-model_v4	AF-Q59S78-F1-model_v4 Small COPII coat GTPase SAR1	1.025E-09	1.000	261	4	174	189	20	188	190	185	0.905	0.889
LOKIASV2_3786_ESMFold_hypothetical_protein	AF-Q6BVA7-F1-model_v4	AF-Q6BVA7-F1-model_v4 Small COPII coat GTPase SAR1	1.242E-09	1.000	259	4	174	189	20	188	190	185	0.905	0.889
LOKIASV2_3786_ESMFold_hypothetical_protein	AF-Q66JN8-F1-model_v4	AF-Q66JN8-F1-model_v4 Ciliogenesis and planar polarity effector 2	2.675E-09	1.000	259	2	186	189	51	228	252	195	0.979	0.706
LOKIASV2_3786_ESMFold_hypothetical_protein	AF-O04266-F1-model_v4	AF-O04266-F1-model_v4 GTP-binding protein SAR1A	9.024E-10	1.000	257	4	176	189	20	192	193	189	0.915	0.896
LOKIASV2_3786_ESMFold_hypothetical_protein	AF-P0C583-F1-model_v4	AF-P0C583-F1-model_v4 Small COPII coat GTPase sar1	1.505E-09	1.000	254	4	174	189	20	186	189	184	0.905	0.884
LOKIASV2_3786_ESMFold_hypothetical_protein	AF-Q54JJ3-F1-model_v4	AF-Q54JJ3-F1-model_v4 ADP-ribosylation factor H	5.762E-09	1.000	254	4	176	189	25	186	189	179	0.915	0.857
LOKIASV2_3786_ESMFold_hypothetical_protein	AF-Q6T311-F1-model_v4	AF-Q6T311-F1-model_v4 ADP-ribosylation factor-like protein 9	2.675E-09	1.000	253	4	176	189	18	186	187	183	0.915	0.904
LOKIASV2_3786_ESMFold_hypothetical_protein	AF-Q9QXJ4-F1-model_v4	AF-Q9QXJ4-F1-model_v4 ADP-ribosylation factor-like protein 10	8.456E-09	1.000	253	3	177	189	75	242	243	182	0.926	0.691
LOKIASV2_3786_ESMFold_hypothetical_protein	AF-Q9MA88-F1-model_v4	AF-Q9MA88-F1-model_v4 Mitochondrial Rho GTPase 3	1.164E-08	1.000	252	4	176	189	14	177	648	179	0.915	0.253
LOKIASV2_3786_ESMFold_hypothetical_protein	AF-Q9WUL7-F1-model_v4	AF-Q9WUL7-F1-model_v4 ADP-ribosylation factor-like protein 3	1.710E-09	1.000	251	2	175	189	15	179	182	180	0.921	0.907
LOKIASV2_3786_ESMFold_hypothetical_protein	AF-P0C951-F1-model_v4	AF-P0C951-F1-model_v4 Small COPII coat GTPase SAR1	2.072E-09	1.000	251	4	174	189	20	188	189	187	0.905	0.894
LOKIASV2_3786_ESMFold_hypothetical_protein	AF-Q9P4C8-F1-model_v4	AF-Q9P4C8-F1-model_v4 Small COPII coat GTPase SAR1	1.943E-09	1.000	250	4	174	189	20	189	190	186	0.905	0.895
LOKIASV2_3786_ESMFold_hypothetical_protein	AF-P0CT16-F1-model_v4	AF-P0CT16-F1-model_v4 Small COPII coat GTPase SAR1	4.467E-10	1.000	248	3	173	189	19	188	189	191	0.905	0.899
LOKIASV2_3786_ESMFold_hypothetical_protein	AF-Q23445-F1-model_v4	AF-Q23445-F1-model_v4 GTP-binding protein SAR1	1.604E-09	1.000	248	3	174	189	20	191	193	188	0.910	0.891
LOKIASV2_3786_ESMFold_hypothetical_protein	AF-Q01475-F1-model_v4	AF-Q01475-F1-model_v4 Small COPII coat GTPase sar1	2.510E-09	1.000	246	4	174	189	20	188	190	190	0.905	0.889
LOKIASV2_3786_ESMFold_hypothetical_protein	AF-Q8N8L6-F1-model_v4	AF-Q8N8L6-F1-model_v4 ADP-ribosylation factor-like protein 10	1.708E-08	1.000	245	3	176	189	76	243	244	181	0.921	0.689
LOKIASV2_3786_ESMFold_hypothetical_protein	AF-P36405-F1-model_v4	AF-P36405-F1-model_v4 ADP-ribosylation factor-like protein 3	4.185E-09	1.000	244	2	173	189	15	177	182	178	0.910	0.896
LOKIASV2_3786_ESMFold_hypothetical_protein	AF-Q52NJ4-F1-model_v4	AF-Q52NJ4-F1-model_v4 ADP-ribosylation factor-like protein 3	4.462E-09	1.000	243	2	173	189	15	177	182	178	0.910	0.896
LOKIASV2_3786_ESMFold_hypothetical_protein	AF-A1CRG9-F1-model_v4	AF-A1CRG9-F1-model_v4 Small COPII coat GTPase sar1	1.412E-09	1.000	242	1	174	189	17	186	189	190	0.921	0.899
LOKIASV2_3786_ESMFold_hypothetical_protein	AF-P19146-F1-model_v4	AF-P19146-F1-model_v4 ADP-ribosylation factor 2	1.092E-08	1.000	241	4	180	189	17	180	181	183	0.937	0.906
LOKIASV2_3786_ESMFold_hypothetical_protein	AF-Q2TBW6-F1-model_v4	AF-Q2TBW6-F1-model_v4 ADP-ribosylation factor-like protein 3	1.241E-08	1.000	241	2	174	189	15	178	182	179	0.915	0.901
LOKIASV2_3786_ESMFold_hypothetical_protein	AF-Q8SS09-F1-model_v4	AF-Q8SS09-F1-model_v4 Small COPII coat GTPase SAR1	1.092E-08	1.000	240	4	184	189	35	220	221	199	0.958	0.842
LOKIASV2_3786_ESMFold_hypothetical_protein	AF-A8INQ0-F1-model_v4	AF-A8INQ0-F1-model_v4 ADP-ribosylation factor-like protein 13B	2.852E-09	1.000	240	4	183	189	19	187	527	187	0.952	0.321
LOKIASV2_3786_ESMFold_hypothetical_protein	AF-B5FYQ0-F1-model_v4	AF-B5FYQ0-F1-model_v4 ADP-ribosylation factor-like protein 3	1.708E-08	1.000	237	2	174	189	15	178	182	179	0.915	0.901
LOKIASV2_3786_ESMFold_hypothetical_protein	AF-P52884-F1-model_v4	AF-P52884-F1-model_v4 GTP-binding protein SAR2	2.072E-09	1.000	237	4	176	189	20	192	193	192	0.915	0.896
LOKIASV2_3786_ESMFold_hypothetical_protein	AF-Q38SD2-F1-model_v4	AF-Q38SD2-F1-model_v4 Leucine-rich repeat serine/threonine-protein kinase 1	1.164E-08	1.000	237	5	172	189	639	818	2015	193	0.889	0.089
LOKIASV2_3786_ESMFold_hypothetical_protein	AF-Q1MTE5-F1-model_v4	AF-Q1MTE5-F1-model_v4 ADP-ribosylation factor-like protein 3	9.609E-09	1.000	235	2	175	189	15	179	182	180	0.921	0.907
LOKIASV2_3786_ESMFold_hypothetical_protein	AF-Q54V41-F1-model_v4	AF-Q54V41-F1-model_v4 ADP-ribosylation factor K	1.821E-08	1.000	234	1	176	189	24	185	188	183	0.931	0.862
LOKIASV2_3786_ESMFold_hypothetical_protein	AF-Q8QHI3-F1-model_v4	AF-Q8QHI3-F1-model_v4 ADP-ribosylation factor-like protein 3	2.206E-08	1.000	232	2	176	189	15	177	182	181	0.926	0.896
LOKIASV2_3786_ESMFold_hypothetical_protein	AF-P51824-F1-model_v4	AF-P51824-F1-model_v4 ADP-ribosylation factor 1	1.242E-09	1.000	232	4	187	189	17	185	197	192	0.974	0.858
LOKIASV2_3786_ESMFold_hypothetical_protein	AF-Q09654-F1-model_v4	AF-Q09654-F1-model_v4 E3 ubiquitin-protein ligase arc-1	3.451E-08	1.000	230	1	182	189	365	535	539	195	0.963	0.317
LOKIASV2_3786_ESMFold_hypothetical_protein	AF-P37996-F1-model_v4	AF-P37996-F1-model_v4 ADP-ribosylation factor-like protein 3	2.206E-08	1.000	222	2	176	189	15	180	182	184	0.926	0.912
LOKIASV2_3786_ESMFold_hypothetical_protein	AF-B1AJD1-F1-model_v4	AF-B1AJD1-F1-model_v4 GTPase Era	1.603E-08	1.000	220	2	173	189	3	168	300	191	0.910	0.553
LOKIASV2_3786_ESMFold_hypothetical_protein	AF-Q3UHC2-F1-model_v4	AF-Q3UHC2-F1-model_v4 Leucine-rich repeat serine/threonine-protein kinase 1	1.503E-08	1.000	220	5	172	189	639	818	2014	194	0.889	0.089
LOKIASV2_3786_ESMFold_hypothetical_protein	AF-Q9PPZ9-F1-model_v4	AF-Q9PPZ9-F1-model_v4 GTPase Era	2.849E-08	1.000	219	2	173	189	3	168	300	190	0.910	0.553
LOKIASV2_3786_ESMFold_hypothetical_protein	AF-H2L0N8-F1-model_v4	AF-H2L0N8-F1-model_v4 ADP-ribosylation factor-like protein 13B	9.609E-09	1.000	213	1	182	189	21	206	370	203	0.963	0.503
LOKIASV2_3786_ESMFold_hypothetical_protein	AF-Q5ABR2-F1-model_v4	AF-Q5ABR2-F1-model_v4 Mitochondrial Rho GTPase 1	1.409E-07	1.000	204	4	177	189	5	223	716	233	0.921	0.306
LOKIASV2_3786_ESMFold_hypothetical_protein	AF-Q3ANQ3-F1-model_v4	AF-Q3ANQ3-F1-model_v4 tRNA modification GTPase MnmE	9.004E-08	1.000	196	5	180	189	229	400	473	189	0.931	0.364
LOKIASV2_3786_ESMFold_hypothetical_protein	AF-P52885-F1-model_v4	AF-P52885-F1-model_v4 GTP-binding protein SAR1	2.067E-07	1.000	184	4	176	189	20	197	198	200	0.915	0.899
LOKIASV2_3786_ESMFold_hypothetical_protein	AF-P9WNK8-F1-model_v4	AF-P9WNK8-F1-model_v4 GTPase Era	7.915E-07	1.000	184	3	174	189	5	172	300	192	0.910	0.560
LOKIASV2_3786_ESMFold_hypothetical_protein	AF-A1KL54-F1-model_v4	AF-A1KL54-F1-model_v4 GTPase Era	1.090E-06	1.000	179	3	174	189	5	172	300	192	0.910	0.560
LOKIASV2_3786_ESMFold_hypothetical_protein	AF-P0A563-F1-model_v4	AF-P0A563-F1-model_v4 GTPase Era	1.238E-06	1.000	177	3	174	189	5	172	300	192	0.910	0.560
LOKIASV2_3786_ESMFold_hypothetical_protein	AF-C1AQS7-F1-model_v4	AF-C1AQS7-F1-model_v4 GTPase Era	1.599E-06	1.000	176	3	174	189	5	172	300	192	0.910	0.560
LOKIASV2_3786_ESMFold_hypothetical_protein	AF-P9WNK9-F1-model_v4	AF-P9WNK9-F1-model_v4 GTPase Era	1.937E-06	1.000	174	3	174	189	5	172	300	192	0.910	0.560
LOKIASV2_3786_ESMFold_hypothetical_protein	AF-A5U557-F1-model_v4	AF-A5U557-F1-model_v4 GTPase Era	1.090E-06	1.000	168	3	174	189	5	172	300	190	0.910	0.560
LOKIASV2_3786_ESMFold_hypothetical_protein	AF-Q54YV7-F1-model_v4	AF-Q54YV7-F1-model_v4 ADP-ribosylation factor L	5.749E-07	1.000	166	5	172	189	19	177	195	175	0.889	0.815
LOKIASV2_3786_ESMFold_hypothetical_protein	AF-O74945-F1-model_v4	AF-O74945-F1-model_v4 Ribosome assembly protein 1	1.407E-06	1.000	165	4	146	189	19	183	1000	170	0.757	0.165
LOKIASV2_3786_ESMFold_hypothetical_protein	AF-Q54WS5-F1-model_v4	AF-Q54WS5-F1-model_v4 Probable serine/threonine-protein kinase roco6	1.817E-06	1.000	144	27	177	189	597	747	2147	163	0.799	0.070
