LOKIASV2_1937_ESMFold_hypothetical_protein	A0A6G5Y3Y0_unrelaxed_rank_001_alphafold2_ptm_model_1_seed_000.pdb	A0A6G5Y3Y0_unrelaxed_rank_001_alphafold2_ptm_model_1_seed_000.pdb	2.587E-08	1.000	199	8	361	370	434	765	911	398	0.957	0.364
LOKIASV2_1937_ESMFold_hypothetical_protein	A0A5J6TCR6_unrelaxed_rank_001_alphafold2_ptm_model_4_seed_000.pdb	A0A5J6TCR6_unrelaxed_rank_001_alphafold2_ptm_model_4_seed_000.pdb	3.964E-08	1.000	188	26	359	370	81	374	523	359	0.903	0.562
LOKIASV2_1937_ESMFold_hypothetical_protein	A0A8S5RKN3_unrelaxed_rank_001_alphafold2_ptm_model_3_seed_000.pdb	A0A8S5RKN3_unrelaxed_rank_001_alphafold2_ptm_model_3_seed_000.pdb	1.981E-08	1.000	180	1	370	370	237	607	611	436	1.000	0.607
LOKIASV2_1937_ESMFold_hypothetical_protein	A0A7D0GPV5_1_unrelaxed_rank_001_alphafold2_ptm_model_3_seed_000.pdb	A0A7D0GPV5_1_unrelaxed_rank_001_alphafold2_ptm_model_3_seed_000.pdb	2.307E-07	1.000	172	6	362	370	301	665	876	433	0.965	0.417
LOKIASV2_1937_ESMFold_hypothetical_protein	G3MAG6_unrelaxed_rank_001_alphafold2_ptm_model_3_seed_000.pdb	G3MAG6_unrelaxed_rank_001_alphafold2_ptm_model_3_seed_000.pdb	2.566E-07	1.000	163	21	363	370	174	433	1198	355	0.927	0.217
LOKIASV2_1937_ESMFold_hypothetical_protein	A0A8E7KXF9_unrelaxed_rank_001_alphafold2_ptm_model_1_seed_000.pdb	A0A8E7KXF9_unrelaxed_rank_001_alphafold2_ptm_model_1_seed_000.pdb	9.311E-08	1.000	159	1	361	370	523	874	1040	420	0.976	0.338
LOKIASV2_1937_ESMFold_hypothetical_protein	A0A6J7VNR9_unrelaxed_rank_001_alphafold2_ptm_model_5_seed_000.pdb	A0A6J7VNR9_unrelaxed_rank_001_alphafold2_ptm_model_5_seed_000.pdb	1.661E-06	1.000	158	26	367	370	204	499	516	369	0.924	0.574
LOKIASV2_1937_ESMFold_hypothetical_protein	R4T9V8_unrelaxed_rank_001_alphafold2_ptm_model_1_seed_000.pdb	R4T9V8_unrelaxed_rank_001_alphafold2_ptm_model_1_seed_000.pdb	1.752E-06	1.000	149	1	366	370	158	451	645	382	0.989	0.456
LOKIASV2_1937_ESMFold_hypothetical_protein	A0A2P1EMR3_unrelaxed_rank_001_alphafold2_ptm_model_5_seed_000.pdb	A0A2P1EMR3_unrelaxed_rank_001_alphafold2_ptm_model_5_seed_000.pdb	2.988E-06	1.000	145	29	357	370	59	345	352	366	0.889	0.815
LOKIASV2_1937_ESMFold_hypothetical_protein	A0A3G5ACQ9_unrelaxed_rank_001_alphafold2_ptm_model_1_seed_000.pdb	A0A3G5ACQ9_unrelaxed_rank_001_alphafold2_ptm_model_1_seed_000.pdb	1.342E-06	1.000	145	1	365	370	4	408	569	460	0.986	0.712
LOKIASV2_1937_ESMFold_hypothetical_protein	A0A1V0SAE4_unrelaxed_rank_001_alphafold2_ptm_model_3_seed_000.pdb	A0A1V0SAE4_unrelaxed_rank_001_alphafold2_ptm_model_3_seed_000.pdb	9.744E-07	1.000	142	34	360	370	55	313	765	343	0.884	0.339
LOKIASV2_1937_ESMFold_hypothetical_protein	A0A6B9J8A9_unrelaxed_rank_001_alphafold2_ptm_model_3_seed_000.pdb	A0A6B9J8A9_unrelaxed_rank_001_alphafold2_ptm_model_3_seed_000.pdb	8.237E-06	1.000	141	26	366	370	852	1155	1332	370	0.922	0.228
LOKIASV2_1937_ESMFold_hypothetical_protein	A0A482MG86_unrelaxed_rank_001_alphafold2_ptm_model_1_seed_000.pdb	A0A482MG86_unrelaxed_rank_001_alphafold2_ptm_model_1_seed_000.pdb	1.153E-07	1.000	135	8	367	370	362	770	772	475	0.973	0.530
LOKIASV2_1937_ESMFold_hypothetical_protein	A0A7T3TLB7_unrelaxed_rank_001_alphafold2_ptm_model_3_seed_000.pdb	A0A7T3TLB7_unrelaxed_rank_001_alphafold2_ptm_model_3_seed_000.pdb	1.849E-06	1.000	132	33	357	370	355	680	699	397	0.878	0.466
LOKIASV2_1937_ESMFold_hypothetical_protein	A0A0F7L5L8_unrelaxed_rank_001_alphafold2_ptm_model_1_seed_000.pdb	A0A0F7L5L8_unrelaxed_rank_001_alphafold2_ptm_model_1_seed_000.pdb	8.688E-06	1.000	129	26	357	370	108	431	1076	399	0.897	0.301
LOKIASV2_1937_ESMFold_hypothetical_protein	G3MAG8_2_unrelaxed_rank_001_alphafold2_ptm_model_1_seed_000.pdb	G3MAG8_2_unrelaxed_rank_001_alphafold2_ptm_model_1_seed_000.pdb	4.307E-05	1.000	127	26	365	370	228	492	913	347	0.919	0.290
LOKIASV2_1937_ESMFold_hypothetical_protein	A0A857UXN5_unrelaxed_rank_001_alphafold2_ptm_model_1_seed_000.pdb	A0A857UXN5_unrelaxed_rank_001_alphafold2_ptm_model_1_seed_000.pdb	1.661E-06	1.000	122	25	360	370	199	597	598	457	0.908	0.667
LOKIASV2_1937_ESMFold_hypothetical_protein	A0A678P168_unrelaxed_rank_001_alphafold2_ptm_model_1_seed_000.pdb	A0A678P168_unrelaxed_rank_001_alphafold2_ptm_model_1_seed_000.pdb	2.546E-06	1.000	122	8	361	370	333	679	848	426	0.957	0.409
LOKIASV2_1937_ESMFold_hypothetical_protein	G4YAV8_unrelaxed_rank_001_alphafold2_ptm_model_4_seed_000.pdb	G4YAV8_unrelaxed_rank_001_alphafold2_ptm_model_4_seed_000.pdb	1.126E-04	1.000	121	35	363	370	12	280	292	355	0.889	0.921
LOKIASV2_1937_ESMFold_hypothetical_protein	A0A7S5UW59_unrelaxed_rank_001_alphafold2_ptm_model_1_seed_000.pdb	A0A7S5UW59_unrelaxed_rank_001_alphafold2_ptm_model_1_seed_000.pdb	2.988E-06	1.000	121	28	361	370	28	388	696	433	0.903	0.519
LOKIASV2_1937_ESMFold_hypothetical_protein	Q8QNP4_unrelaxed_rank_001_alphafold2_ptm_model_2_seed_000.pdb	Q8QNP4_unrelaxed_rank_001_alphafold2_ptm_model_2_seed_000.pdb	1.076E-05	1.000	121	36	369	370	778	1117	1133	398	0.903	0.300
LOKIASV2_1937_ESMFold_hypothetical_protein	A0A6J5SSE1_unrelaxed_rank_001_alphafold2_ptm_model_3_seed_000.pdb	A0A6J5SSE1_unrelaxed_rank_001_alphafold2_ptm_model_3_seed_000.pdb	1.934E-05	1.000	113	26	363	370	382	737	802	436	0.914	0.444
LOKIASV2_1937_ESMFold_hypothetical_protein	A7KUQ7_unrelaxed_rank_001_alphafold2_ptm_model_3_seed_000.pdb	A7KUQ7_unrelaxed_rank_001_alphafold2_ptm_model_3_seed_000.pdb	2.270E-05	1.000	108	38	366	370	442	730	900	374	0.889	0.321
LOKIASV2_1937_ESMFold_hypothetical_protein	A0A291I9J9_unrelaxed_rank_001_alphafold2_ptm_model_1_seed_000.pdb	A0A291I9J9_unrelaxed_rank_001_alphafold2_ptm_model_1_seed_000.pdb	1.834E-05	1.000	104	27	369	370	220	494	867	377	0.927	0.317
LOKIASV2_1937_ESMFold_hypothetical_protein	A0A6M3YNF0_unrelaxed_rank_001_alphafold2_ptm_model_3_seed_000.pdb	A0A6M3YNF0_unrelaxed_rank_001_alphafold2_ptm_model_3_seed_000.pdb	1.661E-06	1.000	102	46	359	370	72	540	1154	513	0.849	0.406
LOKIASV2_1937_ESMFold_hypothetical_protein	A0A6J5KKT3_1_unrelaxed_rank_001_alphafold2_ptm_model_3_seed_000.pdb	A0A6J5KKT3_1_unrelaxed_rank_001_alphafold2_ptm_model_3_seed_000.pdb	1.481E-05	1.000	101	31	365	370	311	650	756	415	0.905	0.450
LOKIASV2_1937_ESMFold_hypothetical_protein	Q9JFN4_unrelaxed_rank_001_alphafold2_ptm_model_3_seed_000.pdb	Q9JFN4_unrelaxed_rank_001_alphafold2_ptm_model_3_seed_000.pdb	3.479E-05	0.999	99	25	362	370	261	659	665	450	0.914	0.600
LOKIASV2_1937_ESMFold_hypothetical_protein	A0A6J5KKZ3_unrelaxed_rank_001_alphafold2_ptm_model_3_seed_000.pdb	A0A6J5KKZ3_unrelaxed_rank_001_alphafold2_ptm_model_3_seed_000.pdb	4.307E-05	0.999	97	26	366	370	466	858	1157	454	0.922	0.340
LOKIASV2_1937_ESMFold_hypothetical_protein	A0A8T9KMN3_unrelaxed_rank_001_alphafold2_ptm_model_3_seed_000.pdb	A0A8T9KMN3_unrelaxed_rank_001_alphafold2_ptm_model_3_seed_000.pdb	9.020E-04	0.999	96	45	360	370	272	582	926	360	0.854	0.336
LOKIASV2_1937_ESMFold_hypothetical_protein	A0A6B7ERG4_2_unrelaxed_rank_001_alphafold2_ptm_model_3_seed_000.pdb	A0A6B7ERG4_2_unrelaxed_rank_001_alphafold2_ptm_model_3_seed_000.pdb	2.833E-06	0.999	96	35	365	370	103	416	951	384	0.895	0.330
LOKIASV2_1937_ESMFold_hypothetical_protein	A0A2H4PJ44_unrelaxed_rank_001_alphafold2_ptm_model_1_seed_000.pdb	A0A2H4PJ44_unrelaxed_rank_001_alphafold2_ptm_model_1_seed_000.pdb	5.332E-05	0.998	94	33	363	370	236	503	625	355	0.895	0.429
LOKIASV2_1937_ESMFold_hypothetical_protein	A0A1L3IZB1_unrelaxed_rank_001_alphafold2_ptm_model_4_seed_000.pdb	A0A1L3IZB1_unrelaxed_rank_001_alphafold2_ptm_model_4_seed_000.pdb	2.252E-04	0.996	89	44	368	370	108	345	365	344	0.878	0.652
LOKIASV2_1937_ESMFold_hypothetical_protein	A0A6J5N4W8_unrelaxed_rank_001_alphafold2_ptm_model_4_seed_000.pdb	A0A6J5N4W8_unrelaxed_rank_001_alphafold2_ptm_model_4_seed_000.pdb	2.941E-04	0.995	88	25	355	370	93	340	413	349	0.895	0.600
LOKIASV2_1937_ESMFold_hypothetical_protein	M4SQ89_2_unrelaxed_rank_001_alphafold2_ptm_model_3_seed_000.pdb	M4SQ89_2_unrelaxed_rank_001_alphafold2_ptm_model_3_seed_000.pdb	8.107E-04	0.993	86	25	362	370	430	717	1428	364	0.914	0.202
LOKIASV2_1937_ESMFold_hypothetical_protein	A0A6J5N4Z3_unrelaxed_rank_001_alphafold2_ptm_model_3_seed_000.pdb	A0A6J5N4Z3_unrelaxed_rank_001_alphafold2_ptm_model_3_seed_000.pdb	7.286E-04	0.990	83	38	363	370	121	356	421	345	0.881	0.561
LOKIASV2_1937_ESMFold_hypothetical_protein	A0A3G4ZQT9_unrelaxed_rank_001_alphafold2_ptm_model_3_seed_000.pdb	A0A3G4ZQT9_unrelaxed_rank_001_alphafold2_ptm_model_3_seed_000.pdb	2.118E-03	0.956	73	51	359	370	466	834	836	425	0.835	0.441
LOKIASV2_1937_ESMFold_hypothetical_protein	A0A385A1K7_2_unrelaxed_rank_001_alphafold2_ptm_model_3_seed_000.pdb	A0A385A1K7_2_unrelaxed_rank_001_alphafold2_ptm_model_3_seed_000.pdb	3.641E-04	0.949	72	46	361	370	204	587	1004	434	0.854	0.382
LOKIASV2_1937_ESMFold_hypothetical_protein	Q5GQG3_unrelaxed_rank_001_alphafold2_ptm_model_1_seed_000.pdb	Q5GQG3_unrelaxed_rank_001_alphafold2_ptm_model_1_seed_000.pdb	3.247E-03	0.949	72	25	365	370	23	397	1058	451	0.922	0.354
LOKIASV2_1937_ESMFold_hypothetical_protein	A0A6J5KVP4_2_unrelaxed_rank_001_alphafold2_ptm_model_1_seed_000.pdb	A0A6J5KVP4_2_unrelaxed_rank_001_alphafold2_ptm_model_1_seed_000.pdb	2.623E-03	0.941	71	102	353	370	91	318	856	275	0.681	0.266
LOKIASV2_1937_ESMFold_hypothetical_protein	A0A1L7N0Y1_unrelaxed_rank_001_alphafold2_ptm_model_3_seed_000.pdb	A0A1L7N0Y1_unrelaxed_rank_001_alphafold2_ptm_model_3_seed_000.pdb	1.117E-03	0.933	70	1	355	370	70	416	552	431	0.959	0.629
LOKIASV2_1937_ESMFold_hypothetical_protein	A0A6G6XNL1_unrelaxed_rank_001_alphafold2_ptm_model_1_seed_000.pdb	A0A6G6XNL1_unrelaxed_rank_001_alphafold2_ptm_model_1_seed_000.pdb	2.486E-03	0.933	70	52	362	370	320	568	837	323	0.841	0.297
LOKIASV2_1937_ESMFold_hypothetical_protein	A0A516MG07_unrelaxed_rank_001_alphafold2_ptm_model_1_seed_000.pdb	A0A516MG07_unrelaxed_rank_001_alphafold2_ptm_model_1_seed_000.pdb	1.538E-03	0.933	70	26	361	370	26	412	865	453	0.908	0.447
LOKIASV2_1937_ESMFold_hypothetical_protein	A0A481Z5E4_unrelaxed_rank_001_alphafold2_ptm_model_3_seed_000.pdb	A0A481Z5E4_unrelaxed_rank_001_alphafold2_ptm_model_3_seed_000.pdb	4.273E-04	0.923	69	50	364	370	90	405	431	401	0.851	0.733
LOKIASV2_1937_ESMFold_hypothetical_protein	E5ERA2_1_unrelaxed_rank_001_alphafold2_ptm_model_3_seed_000.pdb	E5ERA2_1_unrelaxed_rank_001_alphafold2_ptm_model_3_seed_000.pdb	7.686E-04	0.912	68	39	359	370	139	441	1041	382	0.868	0.291
LOKIASV2_1937_ESMFold_hypothetical_protein	X5IEJ9_unrelaxed_rank_001_alphafold2_ptm_model_3_seed_000.pdb	X5IEJ9_unrelaxed_rank_001_alphafold2_ptm_model_3_seed_000.pdb	4.019E-03	0.900	67	52	361	370	266	624	649	402	0.838	0.553
LOKIASV2_1937_ESMFold_hypothetical_protein	A0A3G4ZKE7_unrelaxed_rank_001_alphafold2_ptm_model_3_seed_000.pdb	A0A3G4ZKE7_unrelaxed_rank_001_alphafold2_ptm_model_3_seed_000.pdb	1.233E-02	0.837	63	31	365	370	235	598	604	416	0.905	0.603
LOKIASV2_1937_ESMFold_hypothetical_protein	A0A2I7QI91_unrelaxed_rank_001_alphafold2_ptm_model_1_seed_000.pdb	A0A2I7QI91_unrelaxed_rank_001_alphafold2_ptm_model_1_seed_000.pdb	2.118E-03	0.817	62	55	367	370	162	429	619	341	0.846	0.433
LOKIASV2_1937_ESMFold_hypothetical_protein	A0A8S5U8V0_unrelaxed_rank_001_alphafold2_ptm_model_3_seed_000.pdb	A0A8S5U8V0_unrelaxed_rank_001_alphafold2_ptm_model_3_seed_000.pdb	4.019E-03	0.817	62	26	360	370	302	614	781	393	0.905	0.401
LOKIASV2_1937_ESMFold_hypothetical_protein	A0A6J5SZY5_2_unrelaxed_rank_001_alphafold2_ptm_model_1_seed_000.pdb	A0A6J5SZY5_2_unrelaxed_rank_001_alphafold2_ptm_model_1_seed_000.pdb	2.506E-04	0.795	61	8	361	370	26	377	828	426	0.957	0.425
LOKIASV2_1937_ESMFold_hypothetical_protein	A0A3G4ZS33_unrelaxed_rank_001_alphafold2_ptm_model_4_seed_000.pdb	A0A3G4ZS33_unrelaxed_rank_001_alphafold2_ptm_model_4_seed_000.pdb	4.507E-04	0.772	60	25	359	370	3	318	322	406	0.905	0.981
LOKIASV2_1937_ESMFold_hypothetical_protein	K4JVV3_unrelaxed_rank_001_alphafold2_ptm_model_3_seed_000.pdb	K4JVV3_unrelaxed_rank_001_alphafold2_ptm_model_3_seed_000.pdb	3.425E-03	0.747	59	25	362	370	188	540	1196	418	0.914	0.295
LOKIASV2_1937_ESMFold_hypothetical_protein	A0A6J5LCI7_unrelaxed_rank_001_alphafold2_ptm_model_1_seed_000.pdb	A0A6J5LCI7_unrelaxed_rank_001_alphafold2_ptm_model_1_seed_000.pdb	5.748E-01	0.632	55	327	369	370	10	52	62	43	0.116	0.694
LOKIASV2_1937_ESMFold_hypothetical_protein	G9IA35_unrelaxed_rank_001_alphafold2_ptm_model_3_seed_000.pdb	G9IA35_unrelaxed_rank_001_alphafold2_ptm_model_3_seed_000.pdb	1.993E-02	0.601	54	4	355	370	246	668	1246	485	0.951	0.339
LOKIASV2_1937_ESMFold_hypothetical_protein	A0A6J5T2H1_1_unrelaxed_rank_001_alphafold2_ptm_model_3_seed_000.pdb	A0A6J5T2H1_1_unrelaxed_rank_001_alphafold2_ptm_model_3_seed_000.pdb	6.497E-03	0.569	53	34	355	370	449	763	1127	401	0.870	0.280
LOKIASV2_1937_ESMFold_hypothetical_protein	A0A8S5LRY8_unrelaxed_rank_001_alphafold2_ptm_model_3_seed_000.pdb	A0A8S5LRY8_unrelaxed_rank_001_alphafold2_ptm_model_3_seed_000.pdb	1.090E+00	0.505	51	329	364	370	27	63	77	37	0.097	0.481
LOKIASV2_1937_ESMFold_hypothetical_protein	A0A385A1C5_unrelaxed_rank_001_alphafold2_ptm_model_5_seed_000.pdb	A0A385A1C5_unrelaxed_rank_001_alphafold2_ptm_model_5_seed_000.pdb	3.750E-01	0.505	51	327	369	370	117	159	195	43	0.116	0.221
LOKIASV2_1937_ESMFold_hypothetical_protein	A0A1S6L1W3_1_unrelaxed_rank_001_alphafold2_ptm_model_3_seed_000.pdb	A0A1S6L1W3_1_unrelaxed_rank_001_alphafold2_ptm_model_3_seed_000.pdb	1.889E-02	0.505	51	3	313	370	525	840	857	377	0.841	0.369
LOKIASV2_1937_ESMFold_hypothetical_protein	A0A8D9UI46_unrelaxed_rank_001_alphafold2_ptm_model_3_seed_000.pdb	A0A8D9UI46_unrelaxed_rank_001_alphafold2_ptm_model_3_seed_000.pdb	2.217E-02	0.442	49	16	363	370	11	291	302	376	0.941	0.930
LOKIASV2_1937_ESMFold_hypothetical_protein	A0A6J5KLQ5_unrelaxed_rank_001_alphafold2_ptm_model_3_seed_000.pdb	A0A6J5KLQ5_unrelaxed_rank_001_alphafold2_ptm_model_3_seed_000.pdb	1.502E+00	0.382	47	331	369	370	35	73	84	39	0.105	0.464
LOKIASV2_1937_ESMFold_hypothetical_protein	A0A6J5P2Q6_unrelaxed_rank_001_alphafold2_ptm_model_1_seed_000.pdb	A0A6J5P2Q6_unrelaxed_rank_001_alphafold2_ptm_model_1_seed_000.pdb	1.502E+00	0.382	47	331	369	370	89	127	138	39	0.105	0.283
LOKIASV2_1937_ESMFold_hypothetical_protein	I3UL95_2_unrelaxed_rank_001_alphafold2_ptm_model_2_seed_000.pdb	I3UL95_2_unrelaxed_rank_001_alphafold2_ptm_model_2_seed_000.pdb	1.435E-01	0.382	47	79	270	370	1115	1280	1314	204	0.519	0.126
LOKIASV2_1937_ESMFold_hypothetical_protein	A0A1E1GDL1_unrelaxed_rank_001_alphafold2_ptm_model_3_seed_000.pdb	A0A1E1GDL1_unrelaxed_rank_001_alphafold2_ptm_model_3_seed_000.pdb	2.561E+00	0.353	46	328	369	370	75	116	124	42	0.114	0.339
LOKIASV2_1937_ESMFold_hypothetical_protein	A0A8S0HRT5_unrelaxed_rank_001_alphafold2_ptm_model_3_seed_000.pdb	A0A8S0HRT5_unrelaxed_rank_001_alphafold2_ptm_model_3_seed_000.pdb	2.723E-01	0.353	46	45	231	370	5	195	233	226	0.505	0.820
LOKIASV2_1937_ESMFold_hypothetical_protein	A0A3G5ACX0_unrelaxed_rank_001_alphafold2_ptm_model_5_seed_000.pdb	A0A3G5ACX0_unrelaxed_rank_001_alphafold2_ptm_model_5_seed_000.pdb	2.217E-02	0.353	46	33	310	370	84	412	412	392	0.751	0.799
LOKIASV2_1937_ESMFold_hypothetical_protein	A0A6J5NPH1_unrelaxed_rank_001_alphafold2_ptm_model_1_seed_000.pdb	A0A6J5NPH1_unrelaxed_rank_001_alphafold2_ptm_model_1_seed_000.pdb	1.280E+00	0.326	45	331	363	370	19	51	53	33	0.089	0.623
LOKIASV2_1937_ESMFold_hypothetical_protein	D4P7K6_unrelaxed_rank_001_alphafold2_ptm_model_2_seed_000.pdb	D4P7K6_unrelaxed_rank_001_alphafold2_ptm_model_2_seed_000.pdb	2.182E+00	0.326	45	331	367	370	3	39	80	37	0.100	0.463
LOKIASV2_1937_ESMFold_hypothetical_protein	A0A8S5V5V5_unrelaxed_rank_001_alphafold2_ptm_model_3_seed_000.pdb	A0A8S5V5V5_unrelaxed_rank_001_alphafold2_ptm_model_3_seed_000.pdb	1.502E+00	0.301	44	331	367	370	29	65	75	37	0.100	0.493
LOKIASV2_1937_ESMFold_hypothetical_protein	A0A067YR19_unrelaxed_rank_001_alphafold2_ptm_model_1_seed_000.pdb	A0A067YR19_unrelaxed_rank_001_alphafold2_ptm_model_1_seed_000.pdb	1.361E-01	0.301	44	21	223	370	3	187	193	225	0.549	0.959
LOKIASV2_1937_ESMFold_hypothetical_protein	I3UL96_1_unrelaxed_rank_001_alphafold2_ptm_model_3_seed_000.pdb	I3UL96_1_unrelaxed_rank_001_alphafold2_ptm_model_3_seed_000.pdb	5.492E-02	0.301	44	102	362	370	4	266	1480	308	0.705	0.178
LOKIASV2_1937_ESMFold_hypothetical_protein	A0A8S0I4L1_unrelaxed_rank_001_alphafold2_ptm_model_1_seed_000.pdb	A0A8S0I4L1_unrelaxed_rank_001_alphafold2_ptm_model_1_seed_000.pdb	1.993E-02	0.277	43	45	365	370	4	314	893	392	0.868	0.348
LOKIASV2_1937_ESMFold_hypothetical_protein	A0A5Q2W6C3_unrelaxed_rank_001_alphafold2_ptm_model_2_seed_000.pdb	A0A5Q2W6C3_unrelaxed_rank_001_alphafold2_ptm_model_2_seed_000.pdb	1.187E-04	0.277	43	27	361	370	412	750	1165	414	0.905	0.291
LOKIASV2_1937_ESMFold_hypothetical_protein	I1TQQ1_unrelaxed_rank_001_alphafold2_ptm_model_5_seed_000.pdb	I1TQQ1_unrelaxed_rank_001_alphafold2_ptm_model_5_seed_000.pdb	4.680E-02	0.254	42	27	361	370	8	460	463	497	0.905	0.978
LOKIASV2_1937_ESMFold_hypothetical_protein	A0A6J5MAF0_unrelaxed_rank_001_alphafold2_ptm_model_2_seed_000.pdb	A0A6J5MAF0_unrelaxed_rank_001_alphafold2_ptm_model_2_seed_000.pdb	7.505E-01	0.233	41	319	363	370	25	66	80	45	0.122	0.525
LOKIASV2_1937_ESMFold_hypothetical_protein	A0A6J7X8S2_unrelaxed_rank_001_alphafold2_ptm_model_3_seed_000.pdb	A0A6J7X8S2_unrelaxed_rank_001_alphafold2_ptm_model_3_seed_000.pdb	3.956E-01	0.233	41	297	365	370	28	82	93	70	0.186	0.591
LOKIASV2_1937_ESMFold_hypothetical_protein	A0A8S5LSG9_unrelaxed_rank_001_alphafold2_ptm_model_3_seed_000.pdb	A0A8S5LSG9_unrelaxed_rank_001_alphafold2_ptm_model_3_seed_000.pdb	3.527E+00	0.233	41	331	367	370	26	63	153	38	0.100	0.248
LOKIASV2_1937_ESMFold_hypothetical_protein	G8DG89_unrelaxed_rank_001_alphafold2_ptm_model_3_seed_000.pdb	G8DG89_unrelaxed_rank_001_alphafold2_ptm_model_3_seed_000.pdb	2.701E+00	0.233	41	331	367	370	145	181	195	37	0.100	0.190
LOKIASV2_1937_ESMFold_hypothetical_protein	A0A2I7R1H8_unrelaxed_rank_001_alphafold2_ptm_model_3_seed_000.pdb	A0A2I7R1H8_unrelaxed_rank_001_alphafold2_ptm_model_3_seed_000.pdb	2.182E+00	0.214	40	331	367	370	20	56	80	37	0.100	0.463
LOKIASV2_1937_ESMFold_hypothetical_protein	A0A8E6HSP7_unrelaxed_rank_001_alphafold2_ptm_model_5_seed_000.pdb	A0A8E6HSP7_unrelaxed_rank_001_alphafold2_ptm_model_5_seed_000.pdb	7.980E-02	0.214	40	1	236	370	145	437	444	322	0.638	0.660
LOKIASV2_1937_ESMFold_hypothetical_protein	H8ZN75_1_unrelaxed_rank_001_alphafold2_ptm_model_3_seed_000.pdb	H8ZN75_1_unrelaxed_rank_001_alphafold2_ptm_model_3_seed_000.pdb	4.437E-02	0.214	40	45	356	370	4	308	1200	392	0.843	0.254
LOKIASV2_1937_ESMFold_hypothetical_protein	A0A6J5N1I1_unrelaxed_rank_001_alphafold2_ptm_model_1_seed_000.pdb	A0A6J5N1I1_unrelaxed_rank_001_alphafold2_ptm_model_1_seed_000.pdb	2.428E+00	0.196	39	331	362	370	39	70	70	32	0.086	0.457
LOKIASV2_1937_ESMFold_hypothetical_protein	A0A1I9SAP9_unrelaxed_rank_001_alphafold2_ptm_model_3_seed_000.pdb	A0A1I9SAP9_unrelaxed_rank_001_alphafold2_ptm_model_3_seed_000.pdb	1.671E+00	0.179	38	182	234	370	4	51	78	53	0.143	0.615
LOKIASV2_1937_ESMFold_hypothetical_protein	A0A2U8ULZ9_unrelaxed_rank_001_alphafold2_ptm_model_2_seed_000.pdb	A0A2U8ULZ9_unrelaxed_rank_001_alphafold2_ptm_model_2_seed_000.pdb	3.344E+00	0.179	38	331	362	370	46	77	80	32	0.086	0.400
LOKIASV2_1937_ESMFold_hypothetical_protein	A0A8S5VD69_unrelaxed_rank_001_alphafold2_ptm_model_1_seed_000.pdb	A0A8S5VD69_unrelaxed_rank_001_alphafold2_ptm_model_1_seed_000.pdb	9.800E-01	0.179	38	328	368	370	30	77	90	48	0.111	0.533
LOKIASV2_1937_ESMFold_hypothetical_protein	A0A6G5XUJ5_unrelaxed_rank_001_alphafold2_ptm_model_3_seed_000.pdb	A0A6G5XUJ5_unrelaxed_rank_001_alphafold2_ptm_model_3_seed_000.pdb	5.702E+00	0.179	38	184	232	370	49	97	97	49	0.132	0.505
LOKIASV2_1937_ESMFold_hypothetical_protein	A0A514CTK8_unrelaxed_rank_001_alphafold2_ptm_model_3_seed_000.pdb	A0A514CTK8_unrelaxed_rank_001_alphafold2_ptm_model_3_seed_000.pdb	4.507E-04	0.179	38	38	364	370	73	547	756	541	0.884	0.628
LOKIASV2_1937_ESMFold_hypothetical_protein	A0A411B8N9_unrelaxed_rank_001_alphafold2_ptm_model_3_seed_000.pdb	A0A411B8N9_unrelaxed_rank_001_alphafold2_ptm_model_3_seed_000.pdb	3.344E+00	0.164	37	330	369	370	27	68	84	42	0.108	0.500
LOKIASV2_1937_ESMFold_hypothetical_protein	A0A481ZA75_unrelaxed_rank_001_alphafold2_ptm_model_3_seed_000.pdb	A0A481ZA75_unrelaxed_rank_001_alphafold2_ptm_model_3_seed_000.pdb	1.763E+00	0.164	37	108	163	370	7	50	84	56	0.151	0.524
LOKIASV2_1937_ESMFold_hypothetical_protein	F4YDR9_unrelaxed_rank_001_alphafold2_ptm_model_3_seed_000.pdb	F4YDR9_unrelaxed_rank_001_alphafold2_ptm_model_3_seed_000.pdb	1.763E+00	0.164	37	327	367	370	2	42	90	42	0.111	0.456
LOKIASV2_1937_ESMFold_hypothetical_protein	A0A6J5RIK2_unrelaxed_rank_001_alphafold2_ptm_model_1_seed_000.pdb	A0A6J5RIK2_unrelaxed_rank_001_alphafold2_ptm_model_1_seed_000.pdb	3.170E+00	0.164	37	329	364	370	65	100	116	36	0.097	0.310
LOKIASV2_1937_ESMFold_hypothetical_protein	A0A650D9Z6_unrelaxed_rank_001_alphafold2_ptm_model_4_seed_000.pdb	A0A650D9Z6_unrelaxed_rank_001_alphafold2_ptm_model_4_seed_000.pdb	5.793E-02	0.164	37	40	315	370	4	231	241	319	0.746	0.946
LOKIASV2_1937_ESMFold_hypothetical_protein	V5JWJ9_unrelaxed_rank_001_alphafold2_ptm_model_1_seed_000.pdb	V5JWJ9_unrelaxed_rank_001_alphafold2_ptm_model_1_seed_000.pdb	1.671E+00	0.150	36	331	369	370	5	44	64	40	0.105	0.625
LOKIASV2_1937_ESMFold_hypothetical_protein	A0A499S2Z0_unrelaxed_rank_001_alphafold2_ptm_model_2_seed_000.pdb	A0A499S2Z0_unrelaxed_rank_001_alphafold2_ptm_model_2_seed_000.pdb	5.406E+00	0.150	36	333	368	370	419	454	739	36	0.097	0.049
LOKIASV2_1937_ESMFold_hypothetical_protein	A0A516M2L4_unrelaxed_rank_001_alphafold2_ptm_model_3_seed_000.pdb	A0A516M2L4_unrelaxed_rank_001_alphafold2_ptm_model_3_seed_000.pdb	3.721E+00	0.150	36	186	236	370	247	299	842	53	0.138	0.063
LOKIASV2_1937_ESMFold_hypothetical_protein	A0A7S5QZ87_unrelaxed_rank_001_alphafold2_ptm_model_3_seed_000.pdb	A0A7S5QZ87_unrelaxed_rank_001_alphafold2_ptm_model_3_seed_000.pdb	3.344E+00	0.138	35	331	362	370	13	44	47	32	0.086	0.681
LOKIASV2_1937_ESMFold_hypothetical_protein	E3SK48_unrelaxed_rank_001_alphafold2_ptm_model_2_seed_000.pdb	E3SK48_unrelaxed_rank_001_alphafold2_ptm_model_2_seed_000.pdb	9.291E-01	0.138	35	182	233	370	4	56	56	55	0.141	0.946
LOKIASV2_1937_ESMFold_hypothetical_protein	A0A125T2X6_unrelaxed_rank_001_alphafold2_ptm_model_1_seed_000.pdb	A0A125T2X6_unrelaxed_rank_001_alphafold2_ptm_model_1_seed_000.pdb	4.140E+00	0.138	35	183	228	370	11	56	58	49	0.124	0.793
LOKIASV2_1937_ESMFold_hypothetical_protein	A0A516LUG8_unrelaxed_rank_001_alphafold2_ptm_model_1_seed_000.pdb	A0A516LUG8_unrelaxed_rank_001_alphafold2_ptm_model_1_seed_000.pdb	3.006E+00	0.138	35	331	361	370	45	75	80	31	0.084	0.387
LOKIASV2_1937_ESMFold_hypothetical_protein	A0A6M3I0M1_unrelaxed_rank_001_alphafold2_ptm_model_1_seed_000.pdb	A0A6M3I0M1_unrelaxed_rank_001_alphafold2_ptm_model_1_seed_000.pdb	1.584E+00	0.138	35	331	369	370	22	67	86	46	0.105	0.535
LOKIASV2_1937_ESMFold_hypothetical_protein	A0A5K0U834_unrelaxed_rank_001_alphafold2_ptm_model_3_seed_000.pdb	A0A5K0U834_unrelaxed_rank_001_alphafold2_ptm_model_3_seed_000.pdb	7.059E+00	0.138	35	182	236	370	11	68	142	58	0.149	0.408
LOKIASV2_1937_ESMFold_hypothetical_protein	E4W7P5_unrelaxed_rank_001_alphafold2_ptm_model_1_seed_000.pdb	E4W7P5_unrelaxed_rank_001_alphafold2_ptm_model_1_seed_000.pdb	3.721E+00	0.138	35	333	362	370	132	161	237	30	0.081	0.127
LOKIASV2_1937_ESMFold_hypothetical_protein	A0A6J5LEZ2_unrelaxed_rank_001_alphafold2_ptm_model_3_seed_000.pdb	A0A6J5LEZ2_unrelaxed_rank_001_alphafold2_ptm_model_3_seed_000.pdb	9.365E-02	0.138	35	16	361	370	760	1068	1283	399	0.935	0.241
LOKIASV2_1937_ESMFold_hypothetical_protein	A0A8S5RRA2_unrelaxed_rank_001_alphafold2_ptm_model_1_seed_000.pdb	A0A8S5RRA2_unrelaxed_rank_001_alphafold2_ptm_model_1_seed_000.pdb	1.763E+00	0.126	34	186	231	370	31	72	73	46	0.124	0.575
LOKIASV2_1937_ESMFold_hypothetical_protein	H2BCV3_unrelaxed_rank_001_alphafold2_ptm_model_2_seed_000.pdb	H2BCV3_unrelaxed_rank_001_alphafold2_ptm_model_2_seed_000.pdb	1.961E+00	0.126	34	321	368	370	12	55	82	48	0.130	0.537
LOKIASV2_1937_ESMFold_hypothetical_protein	A0A4D6DWZ1_unrelaxed_rank_001_alphafold2_ptm_model_2_seed_000.pdb	A0A4D6DWZ1_unrelaxed_rank_001_alphafold2_ptm_model_2_seed_000.pdb	1.280E+00	0.126	34	178	236	370	59	117	124	60	0.159	0.476
LOKIASV2_1937_ESMFold_hypothetical_protein	A0A6J5KJ56_unrelaxed_rank_001_alphafold2_ptm_model_2_seed_000.pdb	A0A6J5KJ56_unrelaxed_rank_001_alphafold2_ptm_model_2_seed_000.pdb	3.170E+00	0.126	34	328	362	370	84	119	127	36	0.095	0.283
LOKIASV2_1937_ESMFold_hypothetical_protein	A0A345MSV5_unrelaxed_rank_001_alphafold2_ptm_model_2_seed_000.pdb	A0A345MSV5_unrelaxed_rank_001_alphafold2_ptm_model_2_seed_000.pdb	4.859E+00	0.126	34	333	369	370	123	159	188	37	0.100	0.197
LOKIASV2_1937_ESMFold_hypothetical_protein	G3MBQ3_unrelaxed_rank_001_alphafold2_ptm_model_1_seed_000.pdb	G3MBQ3_unrelaxed_rank_001_alphafold2_ptm_model_1_seed_000.pdb	3.344E+00	0.126	34	327	360	370	267	301	301	35	0.092	0.116
LOKIASV2_1937_ESMFold_hypothetical_protein	A0A8D9PF78_unrelaxed_rank_001_alphafold2_ptm_model_2_seed_000.pdb	A0A8D9PF78_unrelaxed_rank_001_alphafold2_ptm_model_2_seed_000.pdb	3.925E+00	0.116	33	333	361	370	6	34	35	29	0.078	0.829
LOKIASV2_1937_ESMFold_hypothetical_protein	A0A7U0GA58_unrelaxed_rank_001_alphafold2_ptm_model_3_seed_000.pdb	A0A7U0GA58_unrelaxed_rank_001_alphafold2_ptm_model_3_seed_000.pdb	2.428E+00	0.116	33	182	226	370	1	44	53	47	0.122	0.830
LOKIASV2_1937_ESMFold_hypothetical_protein	M1NNE6_unrelaxed_rank_001_alphafold2_ptm_model_2_seed_000.pdb	M1NNE6_unrelaxed_rank_001_alphafold2_ptm_model_2_seed_000.pdb	3.006E+00	0.116	33	327	359	370	9	41	61	33	0.089	0.541
LOKIASV2_1937_ESMFold_hypothetical_protein	A0A385D0N9_unrelaxed_rank_001_alphafold2_ptm_model_3_seed_000.pdb	A0A385D0N9_unrelaxed_rank_001_alphafold2_ptm_model_3_seed_000.pdb	5.406E+00	0.116	33	178	221	370	26	67	81	44	0.119	0.519
LOKIASV2_1937_ESMFold_hypothetical_protein	A0A8S5USR7_unrelaxed_rank_001_alphafold2_ptm_model_1_seed_000.pdb	A0A8S5USR7_unrelaxed_rank_001_alphafold2_ptm_model_1_seed_000.pdb	2.302E+00	0.116	33	333	369	370	63	98	124	37	0.100	0.290
LOKIASV2_1937_ESMFold_hypothetical_protein	A0A8S5T0R4_unrelaxed_rank_001_alphafold2_ptm_model_1_seed_000.pdb	A0A8S5T0R4_unrelaxed_rank_001_alphafold2_ptm_model_1_seed_000.pdb	5.125E+00	0.116	33	327	365	370	78	116	129	39	0.105	0.302
LOKIASV2_1937_ESMFold_hypothetical_protein	A0A516M0E0_unrelaxed_rank_001_alphafold2_ptm_model_1_seed_000.pdb	A0A516M0E0_unrelaxed_rank_001_alphafold2_ptm_model_1_seed_000.pdb	4.140E+00	0.116	33	331	361	370	143	173	182	31	0.084	0.170
LOKIASV2_1937_ESMFold_hypothetical_protein	A0A2P1JRL4_unrelaxed_rank_001_alphafold2_ptm_model_5_seed_000.pdb	A0A2P1JRL4_unrelaxed_rank_001_alphafold2_ptm_model_5_seed_000.pdb	4.367E+00	0.116	33	331	361	370	170	200	201	31	0.084	0.154
LOKIASV2_1937_ESMFold_hypothetical_protein	A0A1X7QGG9_unrelaxed_rank_001_alphafold2_ptm_model_4_seed_000.pdb	A0A1X7QGG9_unrelaxed_rank_001_alphafold2_ptm_model_4_seed_000.pdb	1.361E-01	0.116	33	107	286	370	150	301	335	207	0.486	0.454
LOKIASV2_1937_ESMFold_hypothetical_protein	A0A6J5M025_unrelaxed_rank_001_alphafold2_ptm_model_4_seed_000.pdb	A0A6J5M025_unrelaxed_rank_001_alphafold2_ptm_model_4_seed_000.pdb	3.721E+00	0.116	33	331	364	370	4	40	389	37	0.092	0.095
LOKIASV2_1937_ESMFold_hypothetical_protein	A0A679K5Z7_unrelaxed_rank_001_alphafold2_ptm_model_1_seed_000.pdb	A0A679K5Z7_unrelaxed_rank_001_alphafold2_ptm_model_1_seed_000.pdb	4.897E-01	0.116	33	26	216	370	16	158	736	203	0.516	0.194
LOKIASV2_1937_ESMFold_hypothetical_protein	A0A6J5NZA9_unrelaxed_rank_001_alphafold2_ptm_model_1_seed_000.pdb	A0A6J5NZA9_unrelaxed_rank_001_alphafold2_ptm_model_1_seed_000.pdb	3.721E+00	0.106	32	327	362	370	1	36	41	36	0.097	0.878
LOKIASV2_1937_ESMFold_hypothetical_protein	A0A6J5MBU2_unrelaxed_rank_001_alphafold2_ptm_model_1_seed_000.pdb	A0A6J5MBU2_unrelaxed_rank_001_alphafold2_ptm_model_1_seed_000.pdb	4.859E+00	0.106	32	182	229	370	1	45	62	48	0.130	0.726
LOKIASV2_1937_ESMFold_hypothetical_protein	A0A1U9WRY2_unrelaxed_rank_001_alphafold2_ptm_model_2_seed_000.pdb	A0A1U9WRY2_unrelaxed_rank_001_alphafold2_ptm_model_2_seed_000.pdb	4.367E+00	0.106	32	186	227	370	8	49	71	44	0.114	0.592
LOKIASV2_1937_ESMFold_hypothetical_protein	UPI001BE94E28_unrelaxed_rank_001_alphafold2_ptm_model_1_seed_000.pdb	UPI001BE94E28_unrelaxed_rank_001_alphafold2_ptm_model_1_seed_000.pdb	4.859E+00	0.106	32	331	367	370	33	69	77	37	0.100	0.481
LOKIASV2_1937_ESMFold_hypothetical_protein	A0A0N7BZH3_unrelaxed_rank_001_alphafold2_ptm_model_2_seed_000.pdb	A0A0N7BZH3_unrelaxed_rank_001_alphafold2_ptm_model_2_seed_000.pdb	3.721E+00	0.106	32	322	362	370	103	140	140	41	0.111	0.271
LOKIASV2_1937_ESMFold_hypothetical_protein	A0A2Z5ZCT3_unrelaxed_rank_001_alphafold2_ptm_model_3_seed_000.pdb	A0A2Z5ZCT3_unrelaxed_rank_001_alphafold2_ptm_model_3_seed_000.pdb	4.859E+00	0.106	32	327	361	370	120	151	153	35	0.095	0.209
LOKIASV2_1937_ESMFold_hypothetical_protein	A0A8S5SVS7_unrelaxed_rank_001_alphafold2_ptm_model_2_seed_000.pdb	A0A8S5SVS7_unrelaxed_rank_001_alphafold2_ptm_model_2_seed_000.pdb	2.069E+00	0.106	32	331	369	370	145	188	194	44	0.105	0.227
LOKIASV2_1937_ESMFold_hypothetical_protein	A0A8S5MX05_unrelaxed_rank_001_alphafold2_ptm_model_2_seed_000.pdb	A0A8S5MX05_unrelaxed_rank_001_alphafold2_ptm_model_2_seed_000.pdb	9.878E-02	0.106	32	38	235	370	65	217	235	202	0.535	0.651
LOKIASV2_1937_ESMFold_hypothetical_protein	A0A2P1EMZ5_unrelaxed_rank_001_alphafold2_ptm_model_5_seed_000.pdb	A0A2P1EMZ5_unrelaxed_rank_001_alphafold2_ptm_model_5_seed_000.pdb	2.581E-01	0.106	32	25	266	370	2	251	279	304	0.654	0.896
LOKIASV2_1937_ESMFold_hypothetical_protein	A0A1L3KLD4_1_unrelaxed_rank_001_alphafold2_ptm_model_2_seed_000.pdb	A0A1L3KLD4_1_unrelaxed_rank_001_alphafold2_ptm_model_2_seed_000.pdb	2.302E+00	0.106	32	331	362	370	430	463	854	34	0.086	0.040
LOKIASV2_1937_ESMFold_hypothetical_protein	A0A7G3I213_unrelaxed_rank_001_alphafold2_ptm_model_2_seed_000.pdb	A0A7G3I213_unrelaxed_rank_001_alphafold2_ptm_model_2_seed_000.pdb	7.446E+00	0.098	31	186	228	370	4	45	69	43	0.116	0.609
LOKIASV2_1937_ESMFold_hypothetical_protein	A0A8S5VE00_unrelaxed_rank_001_alphafold2_ptm_model_3_seed_000.pdb	A0A8S5VE00_unrelaxed_rank_001_alphafold2_ptm_model_3_seed_000.pdb	5.406E+00	0.098	31	331	361	370	10	40	70	31	0.084	0.443
LOKIASV2_1937_ESMFold_hypothetical_protein	A0A2D3I625_unrelaxed_rank_001_alphafold2_ptm_model_2_seed_000.pdb	A0A2D3I625_unrelaxed_rank_001_alphafold2_ptm_model_2_seed_000.pdb	3.721E+00	0.098	31	182	237	370	5	53	78	56	0.151	0.628
LOKIASV2_1937_ESMFold_hypothetical_protein	A0A1V0SFB9_unrelaxed_rank_001_alphafold2_ptm_model_1_seed_000.pdb	A0A1V0SFB9_unrelaxed_rank_001_alphafold2_ptm_model_1_seed_000.pdb	1.763E+00	0.098	31	296	370	370	15	84	91	79	0.203	0.769
LOKIASV2_1937_ESMFold_hypothetical_protein	A0A0K1R191_unrelaxed_rank_001_alphafold2_ptm_model_3_seed_000.pdb	A0A0K1R191_unrelaxed_rank_001_alphafold2_ptm_model_3_seed_000.pdb	6.692E+00	0.098	31	333	364	370	82	113	114	32	0.086	0.281
LOKIASV2_1937_ESMFold_hypothetical_protein	A0A248SJM2_unrelaxed_rank_001_alphafold2_ptm_model_1_seed_000.pdb	A0A248SJM2_unrelaxed_rank_001_alphafold2_ptm_model_1_seed_000.pdb	3.006E+00	0.098	31	177	228	370	66	120	120	56	0.141	0.458
LOKIASV2_1937_ESMFold_hypothetical_protein	W6B1P0_unrelaxed_rank_001_alphafold2_ptm_model_3_seed_000.pdb	W6B1P0_unrelaxed_rank_001_alphafold2_ptm_model_3_seed_000.pdb	3.170E+00	0.098	31	315	361	370	68	110	133	49	0.127	0.323
LOKIASV2_1937_ESMFold_hypothetical_protein	A0A1C9EHC4_unrelaxed_rank_001_alphafold2_ptm_model_1_seed_000.pdb	A0A1C9EHC4_unrelaxed_rank_001_alphafold2_ptm_model_1_seed_000.pdb	6.344E+00	0.098	31	327	362	370	103	138	138	36	0.097	0.261
LOKIASV2_1937_ESMFold_hypothetical_protein	K7YW20_unrelaxed_rank_001_alphafold2_ptm_model_2_seed_000.pdb	K7YW20_unrelaxed_rank_001_alphafold2_ptm_model_2_seed_000.pdb	4.173E-01	0.098	31	265	369	370	57	121	146	105	0.284	0.445
LOKIASV2_1937_ESMFold_hypothetical_protein	S6ANJ8_unrelaxed_rank_001_alphafold2_ptm_model_2_seed_000.pdb	S6ANJ8_unrelaxed_rank_001_alphafold2_ptm_model_2_seed_000.pdb	4.859E+00	0.098	31	177	224	370	100	147	156	50	0.130	0.308
LOKIASV2_1937_ESMFold_hypothetical_protein	A0A345KYH4_unrelaxed_rank_001_alphafold2_ptm_model_1_seed_000.pdb	A0A345KYH4_unrelaxed_rank_001_alphafold2_ptm_model_1_seed_000.pdb	5.702E+00	0.098	31	183	234	370	33	80	168	52	0.141	0.286
LOKIASV2_1937_ESMFold_hypothetical_protein	W5SA11_unrelaxed_rank_001_alphafold2_ptm_model_1_seed_000.pdb	W5SA11_unrelaxed_rank_001_alphafold2_ptm_model_1_seed_000.pdb	1.424E+00	0.098	31	331	369	370	105	143	172	39	0.105	0.227
LOKIASV2_1937_ESMFold_hypothetical_protein	A0A4D5XFE9_unrelaxed_rank_001_alphafold2_ptm_model_5_seed_000.pdb	A0A4D5XFE9_unrelaxed_rank_001_alphafold2_ptm_model_5_seed_000.pdb	5.702E+00	0.098	31	183	236	370	46	101	507	56	0.146	0.110
LOKIASV2_1937_ESMFold_hypothetical_protein	A0A2S0S4G5_unrelaxed_rank_001_alphafold2_ptm_model_2_seed_000.pdb	A0A2S0S4G5_unrelaxed_rank_001_alphafold2_ptm_model_2_seed_000.pdb	3.344E+00	0.098	31	186	237	370	339	392	1440	56	0.141	0.038
LOKIASV2_1937_ESMFold_hypothetical_protein	A0A8S5P1Z7_unrelaxed_rank_001_alphafold2_ptm_model_1_seed_000.pdb	A0A8S5P1Z7_unrelaxed_rank_001_alphafold2_ptm_model_1_seed_000.pdb	3.721E+00	0.090	30	331	361	370	2	33	37	32	0.084	0.865
LOKIASV2_1937_ESMFold_hypothetical_protein	A0A6H0X5G7_unrelaxed_rank_001_alphafold2_ptm_model_3_seed_000.pdb	A0A6H0X5G7_unrelaxed_rank_001_alphafold2_ptm_model_3_seed_000.pdb	3.721E+00	0.090	30	327	361	370	1	36	39	36	0.095	0.923
LOKIASV2_1937_ESMFold_hypothetical_protein	A0A222Z0B5_unrelaxed_rank_001_alphafold2_ptm_model_1_seed_000.pdb	A0A222Z0B5_unrelaxed_rank_001_alphafold2_ptm_model_1_seed_000.pdb	2.701E+00	0.090	30	186	235	370	3	51	81	51	0.135	0.605
LOKIASV2_1937_ESMFold_hypothetical_protein	A0A385EAQ7_unrelaxed_rank_001_alphafold2_ptm_model_3_seed_000.pdb	A0A385EAQ7_unrelaxed_rank_001_alphafold2_ptm_model_3_seed_000.pdb	6.692E+00	0.090	30	181	225	370	28	69	81	45	0.122	0.519
LOKIASV2_1937_ESMFold_hypothetical_protein	A0A6J5SEA7_unrelaxed_rank_001_alphafold2_ptm_model_2_seed_000.pdb	A0A6J5SEA7_unrelaxed_rank_001_alphafold2_ptm_model_2_seed_000.pdb	6.015E+00	0.090	30	327	362	370	15	49	84	36	0.097	0.417
LOKIASV2_1937_ESMFold_hypothetical_protein	A0A2D1GN44_unrelaxed_rank_001_alphafold2_ptm_model_1_seed_000.pdb	A0A2D1GN44_unrelaxed_rank_001_alphafold2_ptm_model_1_seed_000.pdb	6.015E+00	0.090	30	323	360	370	80	117	117	38	0.103	0.325
LOKIASV2_1937_ESMFold_hypothetical_protein	A0A1V0SJ19_unrelaxed_rank_001_alphafold2_ptm_model_3_seed_000.pdb	A0A1V0SJ19_unrelaxed_rank_001_alphafold2_ptm_model_3_seed_000.pdb	3.721E+00	0.090	30	327	360	370	102	134	135	34	0.092	0.244
LOKIASV2_1937_ESMFold_hypothetical_protein	A0A6B9J790_unrelaxed_rank_001_alphafold2_ptm_model_1_seed_000.pdb	A0A6B9J790_unrelaxed_rank_001_alphafold2_ptm_model_1_seed_000.pdb	5.406E+00	0.090	30	331	361	370	75	105	139	31	0.084	0.223
LOKIASV2_1937_ESMFold_hypothetical_protein	A0A482MM91_unrelaxed_rank_001_alphafold2_ptm_model_3_seed_000.pdb	A0A482MM91_unrelaxed_rank_001_alphafold2_ptm_model_3_seed_000.pdb	4.367E+00	0.090	30	182	218	370	80	114	154	37	0.100	0.227
LOKIASV2_1937_ESMFold_hypothetical_protein	A0A516LLC4_unrelaxed_rank_001_alphafold2_ptm_model_2_seed_000.pdb	A0A516LLC4_unrelaxed_rank_001_alphafold2_ptm_model_2_seed_000.pdb	3.956E-01	0.090	30	4	171	370	9	150	180	182	0.454	0.789
LOKIASV2_1937_ESMFold_hypothetical_protein	A0A7D3V5V8_unrelaxed_rank_001_alphafold2_ptm_model_5_seed_000.pdb	A0A7D3V5V8_unrelaxed_rank_001_alphafold2_ptm_model_5_seed_000.pdb	2.320E-01	0.090	30	40	364	370	5	340	367	415	0.878	0.916
LOKIASV2_1937_ESMFold_hypothetical_protein	A0A516KVM1_2_unrelaxed_rank_001_alphafold2_ptm_model_2_seed_000.pdb	A0A516KVM1_2_unrelaxed_rank_001_alphafold2_ptm_model_2_seed_000.pdb	2.447E-01	0.090	30	26	360	370	292	635	752	438	0.905	0.457
LOKIASV2_1937_ESMFold_hypothetical_protein	A0A2H4F2M9_unrelaxed_rank_001_alphafold2_ptm_model_3_seed_000.pdb	A0A2H4F2M9_unrelaxed_rank_001_alphafold2_ptm_model_3_seed_000.pdb	4.976E-03	0.090	30	34	364	370	355	671	817	396	0.895	0.388
LOKIASV2_1937_ESMFold_hypothetical_protein	A0A5J6T7U8_unrelaxed_rank_001_alphafold2_ptm_model_1_seed_000.pdb	A0A5J6T7U8_unrelaxed_rank_001_alphafold2_ptm_model_1_seed_000.pdb	7.854E+00	0.082	29	187	231	370	6	49	50	45	0.122	0.880
LOKIASV2_1937_ESMFold_hypothetical_protein	A0A384ZRP1_unrelaxed_rank_001_alphafold2_ptm_model_1_seed_000.pdb	A0A384ZRP1_unrelaxed_rank_001_alphafold2_ptm_model_1_seed_000.pdb	3.925E+00	0.082	29	331	369	370	6	45	55	40	0.105	0.727
LOKIASV2_1937_ESMFold_hypothetical_protein	A0A8S5PBP9_unrelaxed_rank_001_alphafold2_ptm_model_1_seed_000.pdb	A0A8S5PBP9_unrelaxed_rank_001_alphafold2_ptm_model_1_seed_000.pdb	4.140E+00	0.082	29	331	368	370	10	55	63	46	0.103	0.730
LOKIASV2_1937_ESMFold_hypothetical_protein	Q6UIY2_unrelaxed_rank_001_alphafold2_ptm_model_2_seed_000.pdb	Q6UIY2_unrelaxed_rank_001_alphafold2_ptm_model_2_seed_000.pdb	5.406E+00	0.082	29	331	364	370	3	36	63	34	0.092	0.540
LOKIASV2_1937_ESMFold_hypothetical_protein	I6XGE0_unrelaxed_rank_001_alphafold2_ptm_model_3_seed_000.pdb	I6XGE0_unrelaxed_rank_001_alphafold2_ptm_model_3_seed_000.pdb	5.406E+00	0.082	29	327	362	370	6	40	66	36	0.097	0.530
LOKIASV2_1937_ESMFold_hypothetical_protein	A0A218KC06_unrelaxed_rank_001_alphafold2_ptm_model_2_seed_000.pdb	A0A218KC06_unrelaxed_rank_001_alphafold2_ptm_model_2_seed_000.pdb	2.561E+00	0.082	29	304	366	370	12	68	75	63	0.170	0.760
LOKIASV2_1937_ESMFold_hypothetical_protein	A0A514DIJ2_unrelaxed_rank_001_alphafold2_ptm_model_1_seed_000.pdb	A0A514DIJ2_unrelaxed_rank_001_alphafold2_ptm_model_1_seed_000.pdb	6.344E+00	0.082	29	323	363	370	32	76	88	45	0.111	0.511
LOKIASV2_1937_ESMFold_hypothetical_protein	A0A894KT17_unrelaxed_rank_001_alphafold2_ptm_model_2_seed_000.pdb	A0A894KT17_unrelaxed_rank_001_alphafold2_ptm_model_2_seed_000.pdb	4.606E+00	0.082	29	182	237	370	2	51	95	56	0.151	0.526
LOKIASV2_1937_ESMFold_hypothetical_protein	A0A345MQD5_unrelaxed_rank_001_alphafold2_ptm_model_2_seed_000.pdb	A0A345MQD5_unrelaxed_rank_001_alphafold2_ptm_model_2_seed_000.pdb	4.643E-01	0.082	29	5	101	370	7	98	109	102	0.262	0.844
LOKIASV2_1937_ESMFold_hypothetical_protein	F8WQ43_unrelaxed_rank_001_alphafold2_ptm_model_3_seed_000.pdb	F8WQ43_unrelaxed_rank_001_alphafold2_ptm_model_3_seed_000.pdb	9.218E+00	0.082	29	331	369	370	59	98	109	40	0.105	0.367
LOKIASV2_1937_ESMFold_hypothetical_protein	A0A2H4RBN3_unrelaxed_rank_001_alphafold2_ptm_model_3_seed_000.pdb	A0A2H4RBN3_unrelaxed_rank_001_alphafold2_ptm_model_3_seed_000.pdb	8.739E+00	0.082	29	185	227	370	61	103	111	43	0.116	0.387
LOKIASV2_1937_ESMFold_hypothetical_protein	A0A7G3WH10_unrelaxed_rank_001_alphafold2_ptm_model_1_seed_000.pdb	A0A7G3WH10_unrelaxed_rank_001_alphafold2_ptm_model_1_seed_000.pdb	6.745E-01	0.082	29	185	286	370	2	104	116	119	0.276	0.888
LOKIASV2_1937_ESMFold_hypothetical_protein	A0A481YUN5_unrelaxed_rank_001_alphafold2_ptm_model_2_seed_000.pdb	A0A481YUN5_unrelaxed_rank_001_alphafold2_ptm_model_2_seed_000.pdb	5.449E-01	0.082	29	272	362	370	2	114	121	117	0.246	0.934
LOKIASV2_1937_ESMFold_hypothetical_protein	A0A345AX75_unrelaxed_rank_001_alphafold2_ptm_model_3_seed_000.pdb	A0A345AX75_unrelaxed_rank_001_alphafold2_ptm_model_3_seed_000.pdb	7.854E+00	0.082	29	176	221	370	79	123	123	46	0.124	0.366
LOKIASV2_1937_ESMFold_hypothetical_protein	A0A2I7R726_unrelaxed_rank_001_alphafold2_ptm_model_3_seed_000.pdb	A0A2I7R726_unrelaxed_rank_001_alphafold2_ptm_model_3_seed_000.pdb	6.344E+00	0.082	29	175	220	370	77	120	150	46	0.124	0.293
LOKIASV2_1937_ESMFold_hypothetical_protein	A0A7T3NBK0_unrelaxed_rank_001_alphafold2_ptm_model_2_seed_000.pdb	A0A7T3NBK0_unrelaxed_rank_001_alphafold2_ptm_model_2_seed_000.pdb	7.854E+00	0.082	29	186	229	370	126	167	177	44	0.119	0.237
LOKIASV2_1937_ESMFold_hypothetical_protein	A0A481Z873_unrelaxed_rank_001_alphafold2_ptm_model_4_seed_000.pdb	A0A481Z873_unrelaxed_rank_001_alphafold2_ptm_model_4_seed_000.pdb	2.428E+00	0.082	29	325	359	370	171	203	209	35	0.095	0.158
LOKIASV2_1937_ESMFold_hypothetical_protein	A0A6F8Z5X6_unrelaxed_rank_001_alphafold2_ptm_model_3_seed_000.pdb	A0A6F8Z5X6_unrelaxed_rank_001_alphafold2_ptm_model_3_seed_000.pdb	1.584E+00	0.082	29	8	160	370	124	240	240	162	0.414	0.488
LOKIASV2_1937_ESMFold_hypothetical_protein	A0A6J5L4D1_unrelaxed_rank_001_alphafold2_ptm_model_3_seed_000.pdb	A0A6J5L4D1_unrelaxed_rank_001_alphafold2_ptm_model_3_seed_000.pdb	7.854E+00	0.082	29	331	361	370	90	120	256	31	0.084	0.121
LOKIASV2_1937_ESMFold_hypothetical_protein	A0A8S5V168_unrelaxed_rank_001_alphafold2_ptm_model_2_seed_000.pdb	A0A8S5V168_unrelaxed_rank_001_alphafold2_ptm_model_2_seed_000.pdb	1.169E-02	0.082	29	33	367	370	79	366	379	398	0.905	0.760
LOKIASV2_1937_ESMFold_hypothetical_protein	A0A514CT36_unrelaxed_rank_001_alphafold2_ptm_model_5_seed_000.pdb	A0A514CT36_unrelaxed_rank_001_alphafold2_ptm_model_5_seed_000.pdb	3.078E-03	0.082	29	38	361	370	92	487	508	466	0.876	0.780
LOKIASV2_1937_ESMFold_hypothetical_protein	A0A514CUT2_unrelaxed_rank_001_alphafold2_ptm_model_3_seed_000.pdb	A0A514CUT2_unrelaxed_rank_001_alphafold2_ptm_model_3_seed_000.pdb	4.472E-03	0.082	29	3	361	370	14	439	619	531	0.970	0.688
LOKIASV2_1937_ESMFold_hypothetical_protein	A0A514A152_1_unrelaxed_rank_001_alphafold2_ptm_model_2_seed_000.pdb	A0A514A152_1_unrelaxed_rank_001_alphafold2_ptm_model_2_seed_000.pdb	2.338E-02	0.082	29	26	279	370	203	550	1397	372	0.686	0.249
LOKIASV2_1937_ESMFold_hypothetical_protein	A0A5E3ZZW4_unrelaxed_rank_001_alphafold2_ptm_model_1_seed_000.pdb	A0A5E3ZZW4_unrelaxed_rank_001_alphafold2_ptm_model_1_seed_000.pdb	5.702E+00	0.076	28	327	362	370	6	40	44	36	0.097	0.795
LOKIASV2_1937_ESMFold_hypothetical_protein	A0A2L2DKX5_unrelaxed_rank_001_alphafold2_ptm_model_3_seed_000.pdb	A0A2L2DKX5_unrelaxed_rank_001_alphafold2_ptm_model_3_seed_000.pdb	2.069E+00	0.076	28	327	369	370	3	42	48	43	0.116	0.833
LOKIASV2_1937_ESMFold_hypothetical_protein	A0A6J5L1C3_unrelaxed_rank_001_alphafold2_ptm_model_1_seed_000.pdb	A0A6J5L1C3_unrelaxed_rank_001_alphafold2_ptm_model_1_seed_000.pdb	3.170E+00	0.076	28	320	370	370	1	54	57	54	0.138	0.947
LOKIASV2_1937_ESMFold_hypothetical_protein	A0A2D3I790_unrelaxed_rank_001_alphafold2_ptm_model_2_seed_000.pdb	A0A2D3I790_unrelaxed_rank_001_alphafold2_ptm_model_2_seed_000.pdb	8.285E+00	0.076	28	331	361	370	4	34	60	31	0.084	0.517
LOKIASV2_1937_ESMFold_hypothetical_protein	Q89352_unrelaxed_rank_001_alphafold2_ptm_model_2_seed_000.pdb	Q89352_unrelaxed_rank_001_alphafold2_ptm_model_2_seed_000.pdb	4.859E+00	0.076	28	20	83	370	5	63	66	64	0.173	0.894
LOKIASV2_1937_ESMFold_hypothetical_protein	A0A8S5KY81_unrelaxed_rank_001_alphafold2_ptm_model_2_seed_000.pdb	A0A8S5KY81_unrelaxed_rank_001_alphafold2_ptm_model_2_seed_000.pdb	6.015E+00	0.076	28	187	237	370	2	48	81	51	0.138	0.580
LOKIASV2_1937_ESMFold_hypothetical_protein	A0A172JI93_unrelaxed_rank_001_alphafold2_ptm_model_3_seed_000.pdb	A0A172JI93_unrelaxed_rank_001_alphafold2_ptm_model_3_seed_000.pdb	3.006E+00	0.076	28	316	362	370	13	63	102	52	0.127	0.500
LOKIASV2_1937_ESMFold_hypothetical_protein	A0A8S5PJ62_unrelaxed_rank_001_alphafold2_ptm_model_3_seed_000.pdb	A0A8S5PJ62_unrelaxed_rank_001_alphafold2_ptm_model_3_seed_000.pdb	4.140E+00	0.076	28	331	362	370	34	65	103	32	0.086	0.311
LOKIASV2_1937_ESMFold_hypothetical_protein	A0A0S4L188_unrelaxed_rank_001_alphafold2_ptm_model_2_seed_000.pdb	A0A0S4L188_unrelaxed_rank_001_alphafold2_ptm_model_2_seed_000.pdb	6.015E+00	0.076	28	318	361	370	76	120	121	46	0.119	0.372
LOKIASV2_1937_ESMFold_hypothetical_protein	A0A146JER4_unrelaxed_rank_001_alphafold2_ptm_model_3_seed_000.pdb	A0A146JER4_unrelaxed_rank_001_alphafold2_ptm_model_3_seed_000.pdb	2.069E+00	0.076	28	309	360	370	52	105	141	55	0.141	0.383
LOKIASV2_1937_ESMFold_hypothetical_protein	A0A0R8V9Y8_unrelaxed_rank_001_alphafold2_ptm_model_5_seed_000.pdb	A0A0R8V9Y8_unrelaxed_rank_001_alphafold2_ptm_model_5_seed_000.pdb	6.344E+00	0.076	28	331	363	370	141	176	194	36	0.089	0.186
LOKIASV2_1937_ESMFold_hypothetical_protein	A0A3T1CWL8_unrelaxed_rank_001_alphafold2_ptm_model_2_seed_000.pdb	A0A3T1CWL8_unrelaxed_rank_001_alphafold2_ptm_model_2_seed_000.pdb	4.606E+00	0.076	28	331	362	370	359	390	394	32	0.086	0.081
LOKIASV2_1937_ESMFold_hypothetical_protein	A0A1V0SA57_unrelaxed_rank_001_alphafold2_ptm_model_3_seed_000.pdb	A0A1V0SA57_unrelaxed_rank_001_alphafold2_ptm_model_3_seed_000.pdb	4.859E+00	0.069	27	331	367	370	3	36	43	37	0.100	0.791
LOKIASV2_1937_ESMFold_hypothetical_protein	A0A8S5PWB5_unrelaxed_rank_001_alphafold2_ptm_model_3_seed_000.pdb	A0A8S5PWB5_unrelaxed_rank_001_alphafold2_ptm_model_3_seed_000.pdb	7.446E+00	0.069	27	320	362	370	4	44	44	43	0.116	0.932
LOKIASV2_1937_ESMFold_hypothetical_protein	A0A346N958_unrelaxed_rank_001_alphafold2_ptm_model_2_seed_000.pdb	A0A346N958_unrelaxed_rank_001_alphafold2_ptm_model_2_seed_000.pdb	5.125E+00	0.069	27	327	363	370	3	40	65	38	0.100	0.585
LOKIASV2_1937_ESMFold_hypothetical_protein	S4U6H8_unrelaxed_rank_001_alphafold2_ptm_model_3_seed_000.pdb	S4U6H8_unrelaxed_rank_001_alphafold2_ptm_model_3_seed_000.pdb	7.446E+00	0.069	27	327	360	370	12	45	66	35	0.092	0.515
LOKIASV2_1937_ESMFold_hypothetical_protein	A0A1V0SH24_unrelaxed_rank_001_alphafold2_ptm_model_3_seed_000.pdb	A0A1V0SH24_unrelaxed_rank_001_alphafold2_ptm_model_3_seed_000.pdb	6.015E+00	0.069	27	32	97	370	2	57	72	68	0.178	0.778
LOKIASV2_1937_ESMFold_hypothetical_protein	S5XYZ2_unrelaxed_rank_001_alphafold2_ptm_model_3_seed_000.pdb	S5XYZ2_unrelaxed_rank_001_alphafold2_ptm_model_3_seed_000.pdb	4.606E+00	0.069	27	326	359	370	32	64	75	34	0.092	0.440
LOKIASV2_1937_ESMFold_hypothetical_protein	A0A8S5MBW0_unrelaxed_rank_001_alphafold2_ptm_model_2_seed_000.pdb	A0A8S5MBW0_unrelaxed_rank_001_alphafold2_ptm_model_2_seed_000.pdb	6.015E+00	0.069	27	182	231	370	1	46	79	50	0.135	0.582
LOKIASV2_1937_ESMFold_hypothetical_protein	A0A7R7J324_unrelaxed_rank_001_alphafold2_ptm_model_1_seed_000.pdb	A0A7R7J324_unrelaxed_rank_001_alphafold2_ptm_model_1_seed_000.pdb	8.285E+00	0.069	27	186	228	370	36	75	82	43	0.116	0.488
LOKIASV2_1937_ESMFold_hypothetical_protein	A0A8S5RZ26_unrelaxed_rank_001_alphafold2_ptm_model_3_seed_000.pdb	A0A8S5RZ26_unrelaxed_rank_001_alphafold2_ptm_model_3_seed_000.pdb	8.285E+00	0.069	27	176	230	370	27	77	88	55	0.149	0.580
LOKIASV2_1937_ESMFold_hypothetical_protein	A0A6G5XXC1_unrelaxed_rank_001_alphafold2_ptm_model_1_seed_000.pdb	A0A6G5XXC1_unrelaxed_rank_001_alphafold2_ptm_model_1_seed_000.pdb	2.561E+00	0.069	27	176	221	370	51	97	97	47	0.124	0.485
LOKIASV2_1937_ESMFold_hypothetical_protein	A0A7G8LHZ7_unrelaxed_rank_001_alphafold2_ptm_model_2_seed_000.pdb	A0A7G8LHZ7_unrelaxed_rank_001_alphafold2_ptm_model_2_seed_000.pdb	2.302E+00	0.069	27	100	173	370	28	89	104	79	0.200	0.596
LOKIASV2_1937_ESMFold_hypothetical_protein	A0A1S6L331_unrelaxed_rank_001_alphafold2_ptm_model_3_seed_000.pdb	A0A1S6L331_unrelaxed_rank_001_alphafold2_ptm_model_3_seed_000.pdb	7.854E+00	0.069	27	175	219	370	71	114	116	45	0.122	0.379
LOKIASV2_1937_ESMFold_hypothetical_protein	A0A8S5Q486_unrelaxed_rank_001_alphafold2_ptm_model_2_seed_000.pdb	A0A8S5Q486_unrelaxed_rank_001_alphafold2_ptm_model_2_seed_000.pdb	3.721E+00	0.069	27	33	97	370	2	66	121	69	0.176	0.537
LOKIASV2_1937_ESMFold_hypothetical_protein	A0A2Z4GUH7_unrelaxed_rank_001_alphafold2_ptm_model_1_seed_000.pdb	A0A2Z4GUH7_unrelaxed_rank_001_alphafold2_ptm_model_1_seed_000.pdb	4.140E+00	0.069	27	322	369	370	70	116	123	49	0.130	0.382
LOKIASV2_1937_ESMFold_hypothetical_protein	A0A3G4ZZB5_unrelaxed_rank_001_alphafold2_ptm_model_4_seed_000.pdb	A0A3G4ZZB5_unrelaxed_rank_001_alphafold2_ptm_model_4_seed_000.pdb	1.290E-01	0.069	27	33	286	370	4	211	227	296	0.686	0.916
LOKIASV2_1937_ESMFold_hypothetical_protein	Q5W3L0_unrelaxed_rank_001_alphafold2_ptm_model_3_seed_000.pdb	Q5W3L0_unrelaxed_rank_001_alphafold2_ptm_model_3_seed_000.pdb	8.739E+00	0.069	27	333	361	370	167	195	312	29	0.078	0.093
LOKIASV2_1937_ESMFold_hypothetical_protein	A0A4P8N092_unrelaxed_rank_001_alphafold2_ptm_model_4_seed_000.pdb	A0A4P8N092_unrelaxed_rank_001_alphafold2_ptm_model_4_seed_000.pdb	3.956E-01	0.069	27	11	231	370	49	243	348	262	0.597	0.560
LOKIASV2_1937_ESMFold_hypothetical_protein	A0A4D5XF75_unrelaxed_rank_001_alphafold2_ptm_model_2_seed_000.pdb	A0A4D5XF75_unrelaxed_rank_001_alphafold2_ptm_model_2_seed_000.pdb	6.015E+00	0.069	27	331	362	370	30	61	476	32	0.086	0.067
LOKIASV2_1937_ESMFold_hypothetical_protein	A0A6B7EUP4_unrelaxed_rank_001_alphafold2_ptm_model_1_seed_000.pdb	A0A6B7EUP4_unrelaxed_rank_001_alphafold2_ptm_model_1_seed_000.pdb	2.182E+00	0.069	27	185	240	370	94	151	496	60	0.151	0.117
LOKIASV2_1937_ESMFold_hypothetical_protein	A0A3S7URY3_unrelaxed_rank_001_alphafold2_ptm_model_2_seed_000.pdb	A0A3S7URY3_unrelaxed_rank_001_alphafold2_ptm_model_2_seed_000.pdb	1.859E+00	0.069	27	183	276	370	26	108	509	94	0.254	0.163
LOKIASV2_1937_ESMFold_hypothetical_protein	A0A0X8WPD0_unrelaxed_rank_001_alphafold2_ptm_model_2_seed_000.pdb	A0A0X8WPD0_unrelaxed_rank_001_alphafold2_ptm_model_2_seed_000.pdb	3.030E-01	0.069	27	75	238	370	144	374	798	256	0.443	0.289
LOKIASV2_1937_ESMFold_hypothetical_protein	E1Y3V2_unrelaxed_rank_001_alphafold2_ptm_model_3_seed_000.pdb	E1Y3V2_unrelaxed_rank_001_alphafold2_ptm_model_3_seed_000.pdb	4.859E+00	0.069	27	326	369	370	665	710	914	47	0.119	0.050
LOKIASV2_1937_ESMFold_hypothetical_protein	A0A5C2IFB7_unrelaxed_rank_001_alphafold2_ptm_model_2_seed_000.pdb	A0A5C2IFB7_unrelaxed_rank_001_alphafold2_ptm_model_2_seed_000.pdb	1.223E-01	0.069	27	34	353	370	4	340	918	413	0.865	0.367
LOKIASV2_1937_ESMFold_hypothetical_protein	A0A510E7V3_3_unrelaxed_rank_001_alphafold2_ptm_model_5_seed_000.pdb	A0A510E7V3_3_unrelaxed_rank_001_alphafold2_ptm_model_5_seed_000.pdb	5.125E+00	0.069	27	318	369	370	1105	1158	1191	55	0.141	0.045
LOKIASV2_1937_ESMFold_hypothetical_protein	A0A6C0PKI7_unrelaxed_rank_001_alphafold2_ptm_model_2_seed_000.pdb	A0A6C0PKI7_unrelaxed_rank_001_alphafold2_ptm_model_2_seed_000.pdb	6.344E+00	0.063	26	325	362	370	18	56	57	39	0.103	0.684
LOKIASV2_1937_ESMFold_hypothetical_protein	A0A5C1K636_unrelaxed_rank_001_alphafold2_ptm_model_2_seed_000.pdb	A0A5C1K636_unrelaxed_rank_001_alphafold2_ptm_model_2_seed_000.pdb	5.125E+00	0.063	26	320	361	370	25	61	64	42	0.114	0.578
LOKIASV2_1937_ESMFold_hypothetical_protein	A0A5P8D3H2_unrelaxed_rank_001_alphafold2_ptm_model_3_seed_000.pdb	A0A5P8D3H2_unrelaxed_rank_001_alphafold2_ptm_model_3_seed_000.pdb	9.723E+00	0.063	26	186	221	370	6	39	70	36	0.097	0.486
LOKIASV2_1937_ESMFold_hypothetical_protein	F8SJR6_unrelaxed_rank_001_alphafold2_ptm_model_3_seed_000.pdb	F8SJR6_unrelaxed_rank_001_alphafold2_ptm_model_3_seed_000.pdb	5.702E+00	0.063	26	110	173	370	27	76	108	68	0.173	0.463
LOKIASV2_1937_ESMFold_hypothetical_protein	A0A249XXW7_unrelaxed_rank_001_alphafold2_ptm_model_2_seed_000.pdb	A0A249XXW7_unrelaxed_rank_001_alphafold2_ptm_model_2_seed_000.pdb	5.125E+00	0.063	26	182	238	370	62	115	118	58	0.154	0.458
LOKIASV2_1937_ESMFold_hypothetical_protein	A0A7T3KC85_unrelaxed_rank_001_alphafold2_ptm_model_2_seed_000.pdb	A0A7T3KC85_unrelaxed_rank_001_alphafold2_ptm_model_2_seed_000.pdb	8.739E+00	0.063	26	178	226	370	30	78	176	49	0.132	0.278
LOKIASV2_1937_ESMFold_hypothetical_protein	A0A2I2L5D5_unrelaxed_rank_001_alphafold2_ptm_model_2_seed_000.pdb	A0A2I2L5D5_unrelaxed_rank_001_alphafold2_ptm_model_2_seed_000.pdb	3.371E-01	0.063	26	8	228	370	27	189	222	242	0.597	0.734
LOKIASV2_1937_ESMFold_hypothetical_protein	A0A2I2L567_unrelaxed_rank_001_alphafold2_ptm_model_4_seed_000.pdb	A0A2I2L567_unrelaxed_rank_001_alphafold2_ptm_model_4_seed_000.pdb	2.723E-01	0.063	26	29	229	370	173	338	369	236	0.543	0.450
LOKIASV2_1937_ESMFold_hypothetical_protein	A0A516LKL2_unrelaxed_rank_001_alphafold2_ptm_model_2_seed_000.pdb	A0A516LKL2_unrelaxed_rank_001_alphafold2_ptm_model_2_seed_000.pdb	4.437E-02	0.063	26	25	366	370	99	499	636	446	0.924	0.631
LOKIASV2_1937_ESMFold_hypothetical_protein	A0A127KP06_unrelaxed_rank_001_alphafold2_ptm_model_3_seed_000.pdb	A0A127KP06_unrelaxed_rank_001_alphafold2_ptm_model_3_seed_000.pdb	5.406E+00	0.063	26	331	369	370	674	712	909	39	0.105	0.043
LOKIASV2_1937_ESMFold_hypothetical_protein	A0A8S5MX43_1_unrelaxed_rank_001_alphafold2_ptm_model_1_seed_000.pdb	A0A8S5MX43_1_unrelaxed_rank_001_alphafold2_ptm_model_1_seed_000.pdb	8.739E+00	0.063	26	177	235	370	869	924	937	60	0.159	0.060
LOKIASV2_1937_ESMFold_hypothetical_protein	A0A6J5L8L4_3_unrelaxed_rank_001_alphafold2_ptm_model_2_seed_000.pdb	A0A6J5L8L4_3_unrelaxed_rank_001_alphafold2_ptm_model_2_seed_000.pdb	1.597E-01	0.063	26	33	343	370	55	372	1087	387	0.841	0.293
LOKIASV2_1937_ESMFold_hypothetical_protein	A0A1L3KM51_2_unrelaxed_rank_001_alphafold2_ptm_model_2_seed_000.pdb	A0A1L3KM51_2_unrelaxed_rank_001_alphafold2_ptm_model_2_seed_000.pdb	5.702E+00	0.063	26	179	232	370	12	66	1120	56	0.146	0.049
LOKIASV2_1937_ESMFold_hypothetical_protein	A0A8S5M9M0_unrelaxed_rank_001_alphafold2_ptm_model_1_seed_000.pdb	A0A8S5M9M0_unrelaxed_rank_001_alphafold2_ptm_model_1_seed_000.pdb	4.859E+00	0.057	25	182	229	370	11	52	54	48	0.130	0.778
LOKIASV2_1937_ESMFold_hypothetical_protein	M4QTZ7_unrelaxed_rank_001_alphafold2_ptm_model_1_seed_000.pdb	M4QTZ7_unrelaxed_rank_001_alphafold2_ptm_model_1_seed_000.pdb	7.059E+00	0.057	25	327	364	370	7	43	63	38	0.103	0.587
LOKIASV2_1937_ESMFold_hypothetical_protein	A0A2I7RF09_unrelaxed_rank_001_alphafold2_ptm_model_3_seed_000.pdb	A0A2I7RF09_unrelaxed_rank_001_alphafold2_ptm_model_3_seed_000.pdb	2.561E+00	0.057	25	323	361	370	17	58	65	42	0.105	0.646
LOKIASV2_1937_ESMFold_hypothetical_protein	A0A8S5RT11_unrelaxed_rank_001_alphafold2_ptm_model_1_seed_000.pdb	A0A8S5RT11_unrelaxed_rank_001_alphafold2_ptm_model_1_seed_000.pdb	8.285E+00	0.057	25	331	368	370	21	60	82	40	0.103	0.488
LOKIASV2_1937_ESMFold_hypothetical_protein	A0A127AWQ7_unrelaxed_rank_001_alphafold2_ptm_model_1_seed_000.pdb	A0A127AWQ7_unrelaxed_rank_001_alphafold2_ptm_model_1_seed_000.pdb	1.961E+00	0.057	25	25	101	370	5	85	102	89	0.208	0.794
LOKIASV2_1937_ESMFold_hypothetical_protein	A0A6G5YK30_unrelaxed_rank_001_alphafold2_ptm_model_3_seed_000.pdb	A0A6G5YK30_unrelaxed_rank_001_alphafold2_ptm_model_3_seed_000.pdb	9.218E+00	0.057	25	331	363	370	31	65	113	35	0.089	0.310
LOKIASV2_1937_ESMFold_hypothetical_protein	A0A1L7N0V3_unrelaxed_rank_001_alphafold2_ptm_model_2_seed_000.pdb	A0A1L7N0V3_unrelaxed_rank_001_alphafold2_ptm_model_2_seed_000.pdb	5.406E+00	0.057	25	331	367	370	17	55	118	39	0.100	0.331
LOKIASV2_1937_ESMFold_hypothetical_protein	A0A3G5A890_unrelaxed_rank_001_alphafold2_ptm_model_1_seed_000.pdb	A0A3G5A890_unrelaxed_rank_001_alphafold2_ptm_model_1_seed_000.pdb	3.170E+00	0.057	25	106	166	370	10	63	120	61	0.165	0.450
LOKIASV2_1937_ESMFold_hypothetical_protein	A0A6G5Y3D1_unrelaxed_rank_001_alphafold2_ptm_model_2_seed_000.pdb	A0A6G5Y3D1_unrelaxed_rank_001_alphafold2_ptm_model_2_seed_000.pdb	3.721E+00	0.057	25	100	174	370	18	73	120	75	0.203	0.467
LOKIASV2_1937_ESMFold_hypothetical_protein	A0A0A0RTL7_unrelaxed_rank_001_alphafold2_ptm_model_1_seed_000.pdb	A0A0A0RTL7_unrelaxed_rank_001_alphafold2_ptm_model_1_seed_000.pdb	1.502E+00	0.057	25	108	172	370	80	136	136	71	0.176	0.419
LOKIASV2_1937_ESMFold_hypothetical_protein	A0A811BNB9_unrelaxed_rank_001_alphafold2_ptm_model_2_seed_000.pdb	A0A811BNB9_unrelaxed_rank_001_alphafold2_ptm_model_2_seed_000.pdb	1.961E+00	0.057	25	183	275	370	16	129	150	120	0.251	0.760
LOKIASV2_1937_ESMFold_hypothetical_protein	A0A2I6SGX8_unrelaxed_rank_001_alphafold2_ptm_model_5_seed_000.pdb	A0A2I6SGX8_unrelaxed_rank_001_alphafold2_ptm_model_5_seed_000.pdb	3.006E+00	0.057	25	316	364	370	23	81	186	61	0.132	0.317
LOKIASV2_1937_ESMFold_hypothetical_protein	A0A0G2Y9U4_unrelaxed_rank_001_alphafold2_ptm_model_2_seed_000.pdb	A0A0G2Y9U4_unrelaxed_rank_001_alphafold2_ptm_model_2_seed_000.pdb	3.006E+00	0.057	25	186	230	370	53	97	201	47	0.122	0.224
LOKIASV2_1937_ESMFold_hypothetical_protein	Q53CY5_unrelaxed_rank_001_alphafold2_ptm_model_2_seed_000.pdb	Q53CY5_unrelaxed_rank_001_alphafold2_ptm_model_2_seed_000.pdb	7.115E-01	0.057	25	41	236	370	13	185	224	217	0.530	0.772
LOKIASV2_1937_ESMFold_hypothetical_protein	A0A292GDF9_unrelaxed_rank_001_alphafold2_ptm_model_2_seed_000.pdb	A0A292GDF9_unrelaxed_rank_001_alphafold2_ptm_model_2_seed_000.pdb	5.406E+00	0.057	25	175	223	370	7	52	242	49	0.132	0.190
LOKIASV2_1937_ESMFold_hypothetical_protein	A0A0K0VL45_unrelaxed_rank_001_alphafold2_ptm_model_2_seed_000.pdb	A0A0K0VL45_unrelaxed_rank_001_alphafold2_ptm_model_2_seed_000.pdb	2.581E-01	0.057	25	1	237	370	65	277	473	266	0.641	0.450
LOKIASV2_1937_ESMFold_hypothetical_protein	A0A088C4Z7_unrelaxed_rank_001_alphafold2_ptm_model_2_seed_000.pdb	A0A088C4Z7_unrelaxed_rank_001_alphafold2_ptm_model_2_seed_000.pdb	5.406E+00	0.051	24	328	368	370	16	60	73	45	0.111	0.616
LOKIASV2_1937_ESMFold_hypothetical_protein	A0A410TBW6_unrelaxed_rank_001_alphafold2_ptm_model_2_seed_000.pdb	A0A410TBW6_unrelaxed_rank_001_alphafold2_ptm_model_2_seed_000.pdb	6.344E+00	0.051	24	114	173	370	31	83	95	68	0.162	0.558
LOKIASV2_1937_ESMFold_hypothetical_protein	A0A8S5R2F1_unrelaxed_rank_001_alphafold2_ptm_model_1_seed_000.pdb	A0A8S5R2F1_unrelaxed_rank_001_alphafold2_ptm_model_1_seed_000.pdb	8.285E+00	0.051	24	333	362	370	64	94	95	31	0.081	0.326
LOKIASV2_1937_ESMFold_hypothetical_protein	A0A7T3N5J2_unrelaxed_rank_001_alphafold2_ptm_model_1_seed_000.pdb	A0A7T3N5J2_unrelaxed_rank_001_alphafold2_ptm_model_1_seed_000.pdb	1.859E+00	0.051	24	3	100	370	22	105	108	107	0.265	0.778
LOKIASV2_1937_ESMFold_hypothetical_protein	A0A8S5UNI1_unrelaxed_rank_001_alphafold2_ptm_model_2_seed_000.pdb	A0A8S5UNI1_unrelaxed_rank_001_alphafold2_ptm_model_2_seed_000.pdb	5.125E+00	0.051	24	331	369	370	60	101	126	43	0.105	0.333
LOKIASV2_1937_ESMFold_hypothetical_protein	I1VXI0_unrelaxed_rank_001_alphafold2_ptm_model_3_seed_000.pdb	I1VXI0_unrelaxed_rank_001_alphafold2_ptm_model_3_seed_000.pdb	9.723E+00	0.051	24	110	174	370	78	126	130	66	0.176	0.377
LOKIASV2_1937_ESMFold_hypothetical_protein	A0A6G5YC12_unrelaxed_rank_001_alphafold2_ptm_model_3_seed_000.pdb	A0A6G5YC12_unrelaxed_rank_001_alphafold2_ptm_model_3_seed_000.pdb	5.406E+00	0.051	24	182	229	370	4	49	140	51	0.130	0.329
LOKIASV2_1937_ESMFold_hypothetical_protein	A0A8S5SK93_unrelaxed_rank_001_alphafold2_ptm_model_2_seed_000.pdb	A0A8S5SK93_unrelaxed_rank_001_alphafold2_ptm_model_2_seed_000.pdb	1.859E+00	0.051	24	146	231	370	46	140	144	106	0.232	0.660
LOKIASV2_1937_ESMFold_hypothetical_protein	A0A6J7XAY0_unrelaxed_rank_001_alphafold2_ptm_model_3_seed_000.pdb	A0A6J7XAY0_unrelaxed_rank_001_alphafold2_ptm_model_3_seed_000.pdb	7.115E-01	0.051	24	8	131	370	2	136	153	147	0.335	0.882
LOKIASV2_1937_ESMFold_hypothetical_protein	A0A481Z796_unrelaxed_rank_001_alphafold2_ptm_model_3_seed_000.pdb	A0A481Z796_unrelaxed_rank_001_alphafold2_ptm_model_3_seed_000.pdb	5.406E+00	0.051	24	116	177	370	35	79	155	62	0.168	0.290
LOKIASV2_1937_ESMFold_hypothetical_protein	A0A6M3TA67_unrelaxed_rank_001_alphafold2_ptm_model_3_seed_000.pdb	A0A6M3TA67_unrelaxed_rank_001_alphafold2_ptm_model_3_seed_000.pdb	2.561E+00	0.051	24	76	137	370	2	63	163	67	0.168	0.380
LOKIASV2_1937_ESMFold_hypothetical_protein	A0A1U9WR15_unrelaxed_rank_001_alphafold2_ptm_model_1_seed_000.pdb	A0A1U9WR15_unrelaxed_rank_001_alphafold2_ptm_model_1_seed_000.pdb	9.218E+00	0.051	24	327	365	370	57	96	218	41	0.105	0.183
LOKIASV2_1937_ESMFold_hypothetical_protein	A0A146JFH7_unrelaxed_rank_001_alphafold2_ptm_model_5_seed_000.pdb	A0A146JFH7_unrelaxed_rank_001_alphafold2_ptm_model_5_seed_000.pdb	2.447E-01	0.051	24	8	229	370	2	190	246	266	0.600	0.768
LOKIASV2_1937_ESMFold_hypothetical_protein	A0A1B1IUK8_unrelaxed_rank_001_alphafold2_ptm_model_3_seed_000.pdb	A0A1B1IUK8_unrelaxed_rank_001_alphafold2_ptm_model_3_seed_000.pdb	3.721E+00	0.051	24	100	224	370	174	264	278	127	0.338	0.327
LOKIASV2_1937_ESMFold_hypothetical_protein	A0A8S5RV10_unrelaxed_rank_001_alphafold2_ptm_model_4_seed_000.pdb	A0A8S5RV10_unrelaxed_rank_001_alphafold2_ptm_model_4_seed_000.pdb	9.723E+00	0.051	24	104	158	370	263	301	301	55	0.149	0.130
LOKIASV2_1937_ESMFold_hypothetical_protein	A0A8D9CD80_unrelaxed_rank_001_alphafold2_ptm_model_4_seed_000.pdb	A0A8D9CD80_unrelaxed_rank_001_alphafold2_ptm_model_4_seed_000.pdb	3.555E-01	0.051	24	28	360	370	27	344	344	391	0.900	0.924
LOKIASV2_1937_ESMFold_hypothetical_protein	A0A481YRL1_unrelaxed_rank_001_alphafold2_ptm_model_2_seed_000.pdb	A0A481YRL1_unrelaxed_rank_001_alphafold2_ptm_model_2_seed_000.pdb	4.173E-01	0.051	24	8	366	370	8	465	514	511	0.970	0.891
LOKIASV2_1937_ESMFold_hypothetical_protein	A0A6G5Y5I0_unrelaxed_rank_001_alphafold2_ptm_model_2_seed_000.pdb	A0A6G5Y5I0_unrelaxed_rank_001_alphafold2_ptm_model_2_seed_000.pdb	1.280E+00	0.051	24	101	230	370	864	1000	1001	163	0.351	0.137
LOKIASV2_1937_ESMFold_hypothetical_protein	A0A1L3KPG9_2_unrelaxed_rank_001_alphafold2_ptm_model_2_seed_000.pdb	A0A1L3KPG9_2_unrelaxed_rank_001_alphafold2_ptm_model_2_seed_000.pdb	2.561E+00	0.051	24	1	97	370	1070	1166	1409	110	0.262	0.069
LOKIASV2_1937_ESMFold_hypothetical_protein	A0A6M3T8P9_unrelaxed_rank_001_alphafold2_ptm_model_3_seed_000.pdb	A0A6M3T8P9_unrelaxed_rank_001_alphafold2_ptm_model_3_seed_000.pdb	6.692E+00	0.045	23	187	231	370	4	48	66	46	0.122	0.682
LOKIASV2_1937_ESMFold_hypothetical_protein	A0A8S5TXB2_unrelaxed_rank_001_alphafold2_ptm_model_3_seed_000.pdb	A0A8S5TXB2_unrelaxed_rank_001_alphafold2_ptm_model_3_seed_000.pdb	3.721E+00	0.045	23	34	97	370	5	62	77	64	0.173	0.753
LOKIASV2_1937_ESMFold_hypothetical_protein	A0A8S5MC42_unrelaxed_rank_001_alphafold2_ptm_model_1_seed_000.pdb	A0A8S5MC42_unrelaxed_rank_001_alphafold2_ptm_model_1_seed_000.pdb	6.344E+00	0.045	23	182	227	370	3	48	79	47	0.124	0.582
LOKIASV2_1937_ESMFold_hypothetical_protein	W5SAC7_unrelaxed_rank_001_alphafold2_ptm_model_1_seed_000.pdb	W5SAC7_unrelaxed_rank_001_alphafold2_ptm_model_1_seed_000.pdb	2.428E+00	0.045	23	33	160	370	4	84	85	128	0.346	0.953
LOKIASV2_1937_ESMFold_hypothetical_protein	A0A6G5YI47_unrelaxed_rank_001_alphafold2_ptm_model_1_seed_000.pdb	A0A6G5YI47_unrelaxed_rank_001_alphafold2_ptm_model_1_seed_000.pdb	9.723E+00	0.045	23	180	229	370	34	81	103	52	0.135	0.466
LOKIASV2_1937_ESMFold_hypothetical_protein	D5JFI8_unrelaxed_rank_001_alphafold2_ptm_model_3_seed_000.pdb	D5JFI8_unrelaxed_rank_001_alphafold2_ptm_model_3_seed_000.pdb	8.285E+00	0.045	23	105	131	370	37	63	113	27	0.073	0.239
LOKIASV2_1937_ESMFold_hypothetical_protein	A0A8S5PNP2_unrelaxed_rank_001_alphafold2_ptm_model_1_seed_000.pdb	A0A8S5PNP2_unrelaxed_rank_001_alphafold2_ptm_model_1_seed_000.pdb	7.446E+00	0.045	23	177	214	370	78	113	118	38	0.103	0.305
LOKIASV2_1937_ESMFold_hypothetical_protein	A0A8S5SMM8_unrelaxed_rank_001_alphafold2_ptm_model_1_seed_000.pdb	A0A8S5SMM8_unrelaxed_rank_001_alphafold2_ptm_model_1_seed_000.pdb	6.344E+00	0.045	23	328	367	370	62	104	127	44	0.108	0.339
LOKIASV2_1937_ESMFold_hypothetical_protein	A0A8D9FR95_unrelaxed_rank_001_alphafold2_ptm_model_3_seed_000.pdb	A0A8D9FR95_unrelaxed_rank_001_alphafold2_ptm_model_3_seed_000.pdb	7.446E+00	0.045	23	186	236	370	36	90	140	55	0.138	0.393
LOKIASV2_1937_ESMFold_hypothetical_protein	A0A8S5QF26_unrelaxed_rank_001_alphafold2_ptm_model_3_seed_000.pdb	A0A8S5QF26_unrelaxed_rank_001_alphafold2_ptm_model_3_seed_000.pdb	4.367E+00	0.045	23	180	236	370	5	58	145	57	0.154	0.372
LOKIASV2_1937_ESMFold_hypothetical_protein	A0A6J5SWV0_unrelaxed_rank_001_alphafold2_ptm_model_2_seed_000.pdb	A0A6J5SWV0_unrelaxed_rank_001_alphafold2_ptm_model_2_seed_000.pdb	2.302E+00	0.045	23	1	88	370	15	85	148	89	0.238	0.480
LOKIASV2_1937_ESMFold_hypothetical_protein	A0A6M6D8X8_unrelaxed_rank_001_alphafold2_ptm_model_2_seed_000.pdb	A0A6M6D8X8_unrelaxed_rank_001_alphafold2_ptm_model_2_seed_000.pdb	1.502E+00	0.045	23	46	174	370	67	145	165	130	0.349	0.479
LOKIASV2_1937_ESMFold_hypothetical_protein	A0A8S5NQG0_unrelaxed_rank_001_alphafold2_ptm_model_1_seed_000.pdb	A0A8S5NQG0_unrelaxed_rank_001_alphafold2_ptm_model_1_seed_000.pdb	1.090E+00	0.045	23	33	160	370	21	186	186	195	0.346	0.892
LOKIASV2_1937_ESMFold_hypothetical_protein	A0A8K1T2F9_unrelaxed_rank_001_alphafold2_ptm_model_4_seed_000.pdb	A0A8K1T2F9_unrelaxed_rank_001_alphafold2_ptm_model_4_seed_000.pdb	1.280E+00	0.045	23	265	369	370	146	210	235	105	0.284	0.277
LOKIASV2_1937_ESMFold_hypothetical_protein	V9SFS2_unrelaxed_rank_001_alphafold2_ptm_model_4_seed_000.pdb	V9SFS2_unrelaxed_rank_001_alphafold2_ptm_model_4_seed_000.pdb	5.166E-01	0.045	23	32	362	370	39	218	248	335	0.895	0.726
LOKIASV2_1937_ESMFold_hypothetical_protein	B1A015_unrelaxed_rank_001_alphafold2_ptm_model_5_seed_000.pdb	B1A015_unrelaxed_rank_001_alphafold2_ptm_model_5_seed_000.pdb	2.182E+00	0.045	23	182	310	370	199	330	338	152	0.349	0.391
LOKIASV2_1937_ESMFold_hypothetical_protein	A7KUX3_unrelaxed_rank_001_alphafold2_ptm_model_4_seed_000.pdb	A7KUX3_unrelaxed_rank_001_alphafold2_ptm_model_4_seed_000.pdb	9.365E-02	0.045	23	26	361	370	3	390	486	477	0.908	0.798
LOKIASV2_1937_ESMFold_hypothetical_protein	A0A2Z5HH06_unrelaxed_rank_001_alphafold2_ptm_model_3_seed_000.pdb	A0A2Z5HH06_unrelaxed_rank_001_alphafold2_ptm_model_3_seed_000.pdb	9.723E+00	0.040	22	186	237	370	13	61	74	55	0.141	0.662
LOKIASV2_1937_ESMFold_hypothetical_protein	A0A345MW21_unrelaxed_rank_001_alphafold2_ptm_model_2_seed_000.pdb	A0A345MW21_unrelaxed_rank_001_alphafold2_ptm_model_2_seed_000.pdb	6.692E+00	0.040	22	181	231	370	2	56	81	57	0.138	0.679
LOKIASV2_1937_ESMFold_hypothetical_protein	A0A8S5LRX3_unrelaxed_rank_001_alphafold2_ptm_model_1_seed_000.pdb	A0A8S5LRX3_unrelaxed_rank_001_alphafold2_ptm_model_1_seed_000.pdb	2.701E+00	0.040	22	180	238	370	18	77	84	64	0.159	0.714
LOKIASV2_1937_ESMFold_hypothetical_protein	A0A8S5QG01_unrelaxed_rank_001_alphafold2_ptm_model_1_seed_000.pdb	A0A8S5QG01_unrelaxed_rank_001_alphafold2_ptm_model_1_seed_000.pdb	2.069E+00	0.040	22	5	94	370	1	83	93	107	0.243	0.892
LOKIASV2_1937_ESMFold_hypothetical_protein	Q98449_unrelaxed_rank_001_alphafold2_ptm_model_3_seed_000.pdb	Q98449_unrelaxed_rank_001_alphafold2_ptm_model_3_seed_000.pdb	3.527E+00	0.040	22	331	364	370	74	110	152	37	0.092	0.243
LOKIASV2_1937_ESMFold_hypothetical_protein	A0A514TRL0_unrelaxed_rank_001_alphafold2_ptm_model_3_seed_000.pdb	A0A514TRL0_unrelaxed_rank_001_alphafold2_ptm_model_3_seed_000.pdb	7.446E+00	0.040	22	175	236	370	2	58	201	62	0.168	0.284
LOKIASV2_1937_ESMFold_hypothetical_protein	A5A3R9_unrelaxed_rank_001_alphafold2_ptm_model_5_seed_000.pdb	A5A3R9_unrelaxed_rank_001_alphafold2_ptm_model_5_seed_000.pdb	2.302E+00	0.040	22	34	94	370	107	177	204	73	0.165	0.348
LOKIASV2_1937_ESMFold_hypothetical_protein	E4W7N6_unrelaxed_rank_001_alphafold2_ptm_model_4_seed_000.pdb	E4W7N6_unrelaxed_rank_001_alphafold2_ptm_model_4_seed_000.pdb	1.424E+00	0.040	22	303	369	370	115	192	228	87	0.181	0.342
LOKIASV2_1937_ESMFold_hypothetical_protein	Q2THV4_unrelaxed_rank_001_alphafold2_ptm_model_4_seed_000.pdb	Q2THV4_unrelaxed_rank_001_alphafold2_ptm_model_4_seed_000.pdb	3.925E+00	0.040	22	316	361	370	135	188	298	56	0.124	0.181
LOKIASV2_1937_ESMFold_hypothetical_protein	A0A8S5PLX0_unrelaxed_rank_001_alphafold2_ptm_model_2_seed_000.pdb	A0A8S5PLX0_unrelaxed_rank_001_alphafold2_ptm_model_2_seed_000.pdb	5.702E+00	0.034	21	158	218	370	5	59	64	63	0.165	0.859
LOKIASV2_1937_ESMFold_hypothetical_protein	A0A2I7QIM1_unrelaxed_rank_001_alphafold2_ptm_model_1_seed_000.pdb	A0A2I7QIM1_unrelaxed_rank_001_alphafold2_ptm_model_1_seed_000.pdb	6.015E+00	0.034	21	275	366	370	1	57	66	92	0.249	0.864
LOKIASV2_1937_ESMFold_hypothetical_protein	A0A142CJW6_unrelaxed_rank_001_alphafold2_ptm_model_2_seed_000.pdb	A0A142CJW6_unrelaxed_rank_001_alphafold2_ptm_model_2_seed_000.pdb	3.527E+00	0.034	21	40	94	370	12	58	70	56	0.149	0.671
LOKIASV2_1937_ESMFold_hypothetical_protein	A0A088C4J4_unrelaxed_rank_001_alphafold2_ptm_model_2_seed_000.pdb	A0A088C4J4_unrelaxed_rank_001_alphafold2_ptm_model_2_seed_000.pdb	8.285E+00	0.034	21	328	369	370	21	62	71	42	0.114	0.592
LOKIASV2_1937_ESMFold_hypothetical_protein	A0A516L7Z4_unrelaxed_rank_001_alphafold2_ptm_model_2_seed_000.pdb	A0A516L7Z4_unrelaxed_rank_001_alphafold2_ptm_model_2_seed_000.pdb	6.015E+00	0.034	21	106	166	370	2	68	93	68	0.165	0.720
LOKIASV2_1937_ESMFold_hypothetical_protein	A0A653FZ34_unrelaxed_rank_001_alphafold2_ptm_model_3_seed_000.pdb	A0A653FZ34_unrelaxed_rank_001_alphafold2_ptm_model_3_seed_000.pdb	4.859E+00	0.034	21	3	96	370	13	74	93	94	0.254	0.667
LOKIASV2_1937_ESMFold_hypothetical_protein	A0A8S5LU91_unrelaxed_rank_001_alphafold2_ptm_model_3_seed_000.pdb	A0A8S5LU91_unrelaxed_rank_001_alphafold2_ptm_model_3_seed_000.pdb	3.750E-01	0.034	21	84	231	370	10	115	125	155	0.400	0.848
LOKIASV2_1937_ESMFold_hypothetical_protein	B2ZXS0_unrelaxed_rank_001_alphafold2_ptm_model_2_seed_000.pdb	B2ZXS0_unrelaxed_rank_001_alphafold2_ptm_model_2_seed_000.pdb	4.367E+00	0.034	21	186	318	370	35	130	147	138	0.359	0.653
LOKIASV2_1937_ESMFold_hypothetical_protein	A0A8S5N7B2_unrelaxed_rank_001_alphafold2_ptm_model_2_seed_000.pdb	A0A8S5N7B2_unrelaxed_rank_001_alphafold2_ptm_model_2_seed_000.pdb	1.150E+00	0.034	21	55	229	370	68	155	167	175	0.473	0.527
LOKIASV2_1937_ESMFold_hypothetical_protein	D5JFF7_unrelaxed_rank_001_alphafold2_ptm_model_4_seed_000.pdb	D5JFF7_unrelaxed_rank_001_alphafold2_ptm_model_4_seed_000.pdb	1.514E-01	0.034	21	29	367	370	2	202	203	370	0.916	0.990
LOKIASV2_1937_ESMFold_hypothetical_protein	A0A3G5A7I7_unrelaxed_rank_001_alphafold2_ptm_model_2_seed_000.pdb	A0A3G5A7I7_unrelaxed_rank_001_alphafold2_ptm_model_2_seed_000.pdb	1.213E+00	0.034	21	116	217	370	128	211	213	113	0.276	0.394
LOKIASV2_1937_ESMFold_hypothetical_protein	I1VXD3_unrelaxed_rank_001_alphafold2_ptm_model_2_seed_000.pdb	I1VXD3_unrelaxed_rank_001_alphafold2_ptm_model_2_seed_000.pdb	3.925E+00	0.034	21	104	177	370	173	242	249	81	0.200	0.281
LOKIASV2_1937_ESMFold_hypothetical_protein	A0A0R8VCJ1_unrelaxed_rank_001_alphafold2_ptm_model_5_seed_000.pdb	A0A0R8VCJ1_unrelaxed_rank_001_alphafold2_ptm_model_5_seed_000.pdb	2.428E+00	0.034	21	277	369	370	164	271	286	119	0.251	0.378
LOKIASV2_1937_ESMFold_hypothetical_protein	Q91TH6_unrelaxed_rank_001_alphafold2_ptm_model_2_seed_000.pdb	Q91TH6_unrelaxed_rank_001_alphafold2_ptm_model_2_seed_000.pdb	6.745E-01	0.034	21	38	268	370	13	203	286	257	0.624	0.668
LOKIASV2_1937_ESMFold_hypothetical_protein	A0A6J7XMV4_unrelaxed_rank_001_alphafold2_ptm_model_4_seed_000.pdb	A0A6J7XMV4_unrelaxed_rank_001_alphafold2_ptm_model_4_seed_000.pdb	1.502E+00	0.034	21	26	273	370	230	534	546	348	0.670	0.559
LOKIASV2_1937_ESMFold_hypothetical_protein	K9MCS6_unrelaxed_rank_001_alphafold2_ptm_model_3_seed_000.pdb	K9MCS6_unrelaxed_rank_001_alphafold2_ptm_model_3_seed_000.pdb	1.350E+00	0.034	21	33	355	370	408	624	740	328	0.873	0.293
LOKIASV2_1937_ESMFold_hypothetical_protein	A0A2Z4QKU6_unrelaxed_rank_001_alphafold2_ptm_model_2_seed_000.pdb	A0A2Z4QKU6_unrelaxed_rank_001_alphafold2_ptm_model_2_seed_000.pdb	2.182E+00	0.034	21	1	100	370	949	1057	1238	117	0.270	0.088
LOKIASV2_1937_ESMFold_hypothetical_protein	A0A3G5A3P0_unrelaxed_rank_001_alphafold2_ptm_model_1_seed_000.pdb	A0A3G5A3P0_unrelaxed_rank_001_alphafold2_ptm_model_1_seed_000.pdb	6.344E+00	0.029	20	186	237	370	10	73	77	64	0.141	0.831
LOKIASV2_1937_ESMFold_hypothetical_protein	A0A7S9XDS6_unrelaxed_rank_001_alphafold2_ptm_model_2_seed_000.pdb	A0A7S9XDS6_unrelaxed_rank_001_alphafold2_ptm_model_2_seed_000.pdb	9.218E+00	0.029	20	186	231	370	21	66	88	46	0.124	0.523
LOKIASV2_1937_ESMFold_hypothetical_protein	A0A384ZWZ9_unrelaxed_rank_001_alphafold2_ptm_model_1_seed_000.pdb	A0A384ZWZ9_unrelaxed_rank_001_alphafold2_ptm_model_1_seed_000.pdb	7.059E+00	0.029	20	331	364	370	42	80	89	39	0.092	0.438
LOKIASV2_1937_ESMFold_hypothetical_protein	A0A6J7XLC4_unrelaxed_rank_001_alphafold2_ptm_model_2_seed_000.pdb	A0A6J7XLC4_unrelaxed_rank_001_alphafold2_ptm_model_2_seed_000.pdb	5.406E+00	0.029	20	169	236	370	25	85	98	68	0.184	0.622
LOKIASV2_1937_ESMFold_hypothetical_protein	A0A8S5LL40_unrelaxed_rank_001_alphafold2_ptm_model_1_seed_000.pdb	A0A8S5LL40_unrelaxed_rank_001_alphafold2_ptm_model_1_seed_000.pdb	6.344E+00	0.029	20	19	97	370	5	64	104	79	0.214	0.577
LOKIASV2_1937_ESMFold_hypothetical_protein	A0A1S6UB11_unrelaxed_rank_001_alphafold2_ptm_model_2_seed_000.pdb	A0A1S6UB11_unrelaxed_rank_001_alphafold2_ptm_model_2_seed_000.pdb	5.125E+00	0.029	20	5	96	370	5	87	108	95	0.249	0.769
LOKIASV2_1937_ESMFold_hypothetical_protein	A0A873WTN0_unrelaxed_rank_001_alphafold2_ptm_model_3_seed_000.pdb	A0A873WTN0_unrelaxed_rank_001_alphafold2_ptm_model_3_seed_000.pdb	6.344E+00	0.029	20	102	225	370	3	103	118	128	0.335	0.856
LOKIASV2_1937_ESMFold_hypothetical_protein	A0A514CSI0_unrelaxed_rank_001_alphafold2_ptm_model_1_seed_000.pdb	A0A514CSI0_unrelaxed_rank_001_alphafold2_ptm_model_1_seed_000.pdb	6.692E+00	0.029	20	1	174	370	4	116	121	178	0.470	0.934
LOKIASV2_1937_ESMFold_hypothetical_protein	M4MBI9_unrelaxed_rank_001_alphafold2_ptm_model_3_seed_000.pdb	M4MBI9_unrelaxed_rank_001_alphafold2_ptm_model_3_seed_000.pdb	5.125E+00	0.029	20	326	367	370	24	85	121	62	0.114	0.512
LOKIASV2_1937_ESMFold_hypothetical_protein	A0A5P8D653_unrelaxed_rank_001_alphafold2_ptm_model_2_seed_000.pdb	A0A5P8D653_unrelaxed_rank_001_alphafold2_ptm_model_2_seed_000.pdb	7.446E+00	0.029	20	182	231	370	78	129	130	54	0.135	0.400
LOKIASV2_1937_ESMFold_hypothetical_protein	A0A6G6XX66_unrelaxed_rank_001_alphafold2_ptm_model_2_seed_000.pdb	A0A6G6XX66_unrelaxed_rank_001_alphafold2_ptm_model_2_seed_000.pdb	3.925E+00	0.029	20	5	93	370	14	81	135	94	0.241	0.504
LOKIASV2_1937_ESMFold_hypothetical_protein	A0A410TCN2_unrelaxed_rank_001_alphafold2_ptm_model_3_seed_000.pdb	A0A410TCN2_unrelaxed_rank_001_alphafold2_ptm_model_3_seed_000.pdb	7.059E+00	0.029	20	331	363	370	66	103	136	38	0.089	0.279
LOKIASV2_1937_ESMFold_hypothetical_protein	A0A142CJX3_unrelaxed_rank_001_alphafold2_ptm_model_3_seed_000.pdb	A0A142CJX3_unrelaxed_rank_001_alphafold2_ptm_model_3_seed_000.pdb	2.182E+00	0.029	20	5	222	370	6	133	153	224	0.589	0.837
LOKIASV2_1937_ESMFold_hypothetical_protein	R4TJL8_unrelaxed_rank_001_alphafold2_ptm_model_2_seed_000.pdb	R4TJL8_unrelaxed_rank_001_alphafold2_ptm_model_2_seed_000.pdb	3.344E+00	0.029	20	117	286	370	7	137	153	182	0.459	0.856
LOKIASV2_1937_ESMFold_hypothetical_protein	A0A858NPZ8_unrelaxed_rank_001_alphafold2_ptm_model_2_seed_000.pdb	A0A858NPZ8_unrelaxed_rank_001_alphafold2_ptm_model_2_seed_000.pdb	4.367E+00	0.029	20	102	226	370	2	102	162	135	0.338	0.623
LOKIASV2_1937_ESMFold_hypothetical_protein	F8SJD4_unrelaxed_rank_001_alphafold2_ptm_model_2_seed_000.pdb	F8SJD4_unrelaxed_rank_001_alphafold2_ptm_model_2_seed_000.pdb	4.367E+00	0.029	20	1	97	370	13	127	164	121	0.262	0.701
LOKIASV2_1937_ESMFold_hypothetical_protein	A0A481YSM0_unrelaxed_rank_001_alphafold2_ptm_model_2_seed_000.pdb	A0A481YSM0_unrelaxed_rank_001_alphafold2_ptm_model_2_seed_000.pdb	6.063E-01	0.029	20	2	232	370	8	191	193	262	0.624	0.953
LOKIASV2_1937_ESMFold_hypothetical_protein	UPI001EAC6809_unrelaxed_rank_001_alphafold2_ptm_model_4_seed_000.pdb	UPI001EAC6809_unrelaxed_rank_001_alphafold2_ptm_model_4_seed_000.pdb	3.527E+00	0.029	20	178	318	370	35	169	207	163	0.381	0.652
LOKIASV2_1937_ESMFold_hypothetical_protein	A0A1W6G767_unrelaxed_rank_001_alphafold2_ptm_model_2_seed_000.pdb	A0A1W6G767_unrelaxed_rank_001_alphafold2_ptm_model_2_seed_000.pdb	4.643E-01	0.029	20	104	286	370	12	157	232	211	0.495	0.629
LOKIASV2_1937_ESMFold_hypothetical_protein	A0A2K9V787_unrelaxed_rank_001_alphafold2_ptm_model_5_seed_000.pdb	A0A2K9V787_unrelaxed_rank_001_alphafold2_ptm_model_5_seed_000.pdb	5.125E+00	0.029	20	322	370	370	62	102	305	49	0.132	0.134
LOKIASV2_1937_ESMFold_hypothetical_protein	G3MBM6_unrelaxed_rank_001_alphafold2_ptm_model_3_seed_000.pdb	G3MBM6_unrelaxed_rank_001_alphafold2_ptm_model_3_seed_000.pdb	3.030E-01	0.029	20	26	361	370	12	382	382	449	0.908	0.971
LOKIASV2_1937_ESMFold_hypothetical_protein	A0A411F008_unrelaxed_rank_001_alphafold2_ptm_model_2_seed_000.pdb	A0A411F008_unrelaxed_rank_001_alphafold2_ptm_model_2_seed_000.pdb	7.059E+00	0.029	20	108	157	370	214	254	397	50	0.135	0.103
LOKIASV2_1937_ESMFold_hypothetical_protein	A0A5K0UAN2_unrelaxed_rank_001_alphafold2_ptm_model_1_seed_000.pdb	A0A5K0UAN2_unrelaxed_rank_001_alphafold2_ptm_model_1_seed_000.pdb	6.063E-01	0.029	20	13	367	370	216	477	509	397	0.959	0.515
LOKIASV2_1937_ESMFold_hypothetical_protein	A0A8S5SDJ5_unrelaxed_rank_001_alphafold2_ptm_model_5_seed_000.pdb	A0A8S5SDJ5_unrelaxed_rank_001_alphafold2_ptm_model_5_seed_000.pdb	5.748E-01	0.029	20	186	369	370	279	450	566	213	0.497	0.304
LOKIASV2_1937_ESMFold_hypothetical_protein	A0A481Z3F5_unrelaxed_rank_001_alphafold2_ptm_model_2_seed_000.pdb	A0A481Z3F5_unrelaxed_rank_001_alphafold2_ptm_model_2_seed_000.pdb	1.223E-01	0.029	20	21	362	370	29	351	621	411	0.924	0.520
LOKIASV2_1937_ESMFold_hypothetical_protein	R9VX33_unrelaxed_rank_001_alphafold2_ptm_model_1_seed_000.pdb	R9VX33_unrelaxed_rank_001_alphafold2_ptm_model_1_seed_000.pdb	8.285E+00	0.029	20	274	359	370	262	337	672	86	0.232	0.113
LOKIASV2_1937_ESMFold_hypothetical_protein	A0A6G9LKI0_unrelaxed_rank_001_alphafold2_ptm_model_3_seed_000.pdb	A0A6G9LKI0_unrelaxed_rank_001_alphafold2_ptm_model_3_seed_000.pdb	3.344E+00	0.029	20	33	238	370	482	600	793	207	0.557	0.150
LOKIASV2_1937_ESMFold_hypothetical_protein	I3UMC9_unrelaxed_rank_001_alphafold2_ptm_model_1_seed_000.pdb	I3UMC9_unrelaxed_rank_001_alphafold2_ptm_model_1_seed_000.pdb	4.402E-01	0.029	20	51	362	370	35	328	814	402	0.843	0.361
LOKIASV2_1937_ESMFold_hypothetical_protein	A0A8S5RUD2_unrelaxed_rank_001_alphafold2_ptm_model_3_seed_000.pdb	A0A8S5RUD2_unrelaxed_rank_001_alphafold2_ptm_model_3_seed_000.pdb	1.090E+00	0.029	20	4	229	370	856	1123	1128	296	0.611	0.238
LOKIASV2_1937_ESMFold_hypothetical_protein	A0A6J5LUY5_unrelaxed_rank_001_alphafold2_ptm_model_1_seed_000.pdb	A0A6J5LUY5_unrelaxed_rank_001_alphafold2_ptm_model_1_seed_000.pdb	3.721E+00	0.029	20	187	276	370	78	172	1135	97	0.243	0.084
LOKIASV2_1937_ESMFold_hypothetical_protein	A0A4D6BGG8_unrelaxed_rank_001_alphafold2_ptm_model_3_seed_000.pdb	A0A4D6BGG8_unrelaxed_rank_001_alphafold2_ptm_model_3_seed_000.pdb	6.692E+00	0.024	19	8	97	370	26	92	93	91	0.243	0.720
LOKIASV2_1937_ESMFold_hypothetical_protein	A0A345BPK8_unrelaxed_rank_001_alphafold2_ptm_model_2_seed_000.pdb	A0A345BPK8_unrelaxed_rank_001_alphafold2_ptm_model_2_seed_000.pdb	1.424E+00	0.024	19	4	98	370	7	100	100	105	0.257	0.940
LOKIASV2_1937_ESMFold_hypothetical_protein	A0A1L2CVW0_unrelaxed_rank_001_alphafold2_ptm_model_3_seed_000.pdb	A0A1L2CVW0_unrelaxed_rank_001_alphafold2_ptm_model_3_seed_000.pdb	2.849E+00	0.024	19	294	362	370	43	112	112	82	0.186	0.625
LOKIASV2_1937_ESMFold_hypothetical_protein	A0A8S5T2K4_unrelaxed_rank_001_alphafold2_ptm_model_2_seed_000.pdb	A0A8S5T2K4_unrelaxed_rank_001_alphafold2_ptm_model_2_seed_000.pdb	7.446E+00	0.024	19	107	231	370	12	84	119	126	0.338	0.613
LOKIASV2_1937_ESMFold_hypothetical_protein	A0A8S5QTK3_unrelaxed_rank_001_alphafold2_ptm_model_1_seed_000.pdb	A0A8S5QTK3_unrelaxed_rank_001_alphafold2_ptm_model_1_seed_000.pdb	6.344E+00	0.024	19	297	361	370	61	120	127	67	0.176	0.472
LOKIASV2_1937_ESMFold_hypothetical_protein	A0A2D0YM22_unrelaxed_rank_001_alphafold2_ptm_model_1_seed_000.pdb	A0A2D0YM22_unrelaxed_rank_001_alphafold2_ptm_model_1_seed_000.pdb	2.701E+00	0.024	19	5	204	370	1	141	151	211	0.541	0.934
LOKIASV2_1937_ESMFold_hypothetical_protein	A0A125SJ82_unrelaxed_rank_001_alphafold2_ptm_model_1_seed_000.pdb	A0A125SJ82_unrelaxed_rank_001_alphafold2_ptm_model_1_seed_000.pdb	1.763E+00	0.024	19	32	232	370	14	175	193	228	0.543	0.839
LOKIASV2_1937_ESMFold_hypothetical_protein	A0A346LU80_unrelaxed_rank_001_alphafold2_ptm_model_4_seed_000.pdb	A0A346LU80_unrelaxed_rank_001_alphafold2_ptm_model_4_seed_000.pdb	1.099E-01	0.024	19	10	232	370	27	214	219	265	0.603	0.858
LOKIASV2_1937_ESMFold_hypothetical_protein	A0A1B2IBQ6_unrelaxed_rank_001_alphafold2_ptm_model_1_seed_000.pdb	A0A1B2IBQ6_unrelaxed_rank_001_alphafold2_ptm_model_1_seed_000.pdb	9.800E-01	0.024	19	186	369	370	21	199	252	216	0.497	0.710
LOKIASV2_1937_ESMFold_hypothetical_protein	A0A8S5PYA0_unrelaxed_rank_001_alphafold2_ptm_model_4_seed_000.pdb	A0A8S5PYA0_unrelaxed_rank_001_alphafold2_ptm_model_4_seed_000.pdb	4.367E+00	0.024	19	76	173	370	113	206	267	113	0.265	0.352
LOKIASV2_1937_ESMFold_hypothetical_protein	UPI001EA5011D_unrelaxed_rank_001_alphafold2_ptm_model_3_seed_000.pdb	UPI001EA5011D_unrelaxed_rank_001_alphafold2_ptm_model_3_seed_000.pdb	9.723E+00	0.024	19	85	171	370	138	208	283	94	0.235	0.251
LOKIASV2_1937_ESMFold_hypothetical_protein	A0A7L8ZIG2_unrelaxed_rank_001_alphafold2_ptm_model_4_seed_000.pdb	A0A7L8ZIG2_unrelaxed_rank_001_alphafold2_ptm_model_4_seed_000.pdb	2.581E-01	0.024	19	3	317	370	59	313	328	351	0.851	0.777
LOKIASV2_1937_ESMFold_hypothetical_protein	S4T7U4_unrelaxed_rank_001_alphafold2_ptm_model_4_seed_000.pdb	S4T7U4_unrelaxed_rank_001_alphafold2_ptm_model_4_seed_000.pdb	3.750E-01	0.024	19	32	237	370	79	259	421	238	0.557	0.430
LOKIASV2_1937_ESMFold_hypothetical_protein	A0A191S3T9_unrelaxed_rank_001_alphafold2_ptm_model_3_seed_000.pdb	A0A191S3T9_unrelaxed_rank_001_alphafold2_ptm_model_3_seed_000.pdb	7.115E-01	0.024	19	104	286	370	12	140	438	195	0.495	0.295
LOKIASV2_1937_ESMFold_hypothetical_protein	A0A482IE14_unrelaxed_rank_001_alphafold2_ptm_model_1_seed_000.pdb	A0A482IE14_unrelaxed_rank_001_alphafold2_ptm_model_1_seed_000.pdb	7.446E+00	0.024	19	318	365	370	351	392	583	49	0.130	0.072
LOKIASV2_1937_ESMFold_hypothetical_protein	A0A482GA51_unrelaxed_rank_001_alphafold2_ptm_model_1_seed_000.pdb	A0A482GA51_unrelaxed_rank_001_alphafold2_ptm_model_1_seed_000.pdb	1.874E-01	0.024	19	38	365	370	195	560	723	459	0.886	0.506
LOKIASV2_1937_ESMFold_hypothetical_protein	A0A8S5P7E2_unrelaxed_rank_001_alphafold2_ptm_model_3_seed_000.pdb	A0A8S5P7E2_unrelaxed_rank_001_alphafold2_ptm_model_3_seed_000.pdb	1.099E-01	0.024	19	44	364	370	347	660	997	390	0.868	0.315
LOKIASV2_1937_ESMFold_hypothetical_protein	A0A8E8KRM6_1_unrelaxed_rank_001_alphafold2_ptm_model_3_seed_000.pdb	A0A8E8KRM6_1_unrelaxed_rank_001_alphafold2_ptm_model_3_seed_000.pdb	6.692E+00	0.024	19	298	363	370	204	261	1087	69	0.178	0.053
LOKIASV2_1937_ESMFold_hypothetical_protein	A0A6J5P0U5_1_unrelaxed_rank_001_alphafold2_ptm_model_1_seed_000.pdb	A0A6J5P0U5_1_unrelaxed_rank_001_alphafold2_ptm_model_1_seed_000.pdb	7.446E+00	0.024	19	328	362	370	966	1005	1138	40	0.095	0.035
LOKIASV2_1937_ESMFold_hypothetical_protein	A0A2P0VP35_1_unrelaxed_rank_001_alphafold2_ptm_model_3_seed_000.pdb	A0A2P0VP35_1_unrelaxed_rank_001_alphafold2_ptm_model_3_seed_000.pdb	5.492E-02	0.024	19	45	361	370	270	679	1495	458	0.857	0.274
LOKIASV2_1937_ESMFold_hypothetical_protein	A0A5J6THY8_unrelaxed_rank_001_alphafold2_ptm_model_2_seed_000.pdb	A0A5J6THY8_unrelaxed_rank_001_alphafold2_ptm_model_2_seed_000.pdb	8.285E+00	0.020	18	326	361	370	9	48	51	40	0.097	0.784
LOKIASV2_1937_ESMFold_hypothetical_protein	A0A8S5RRY1_unrelaxed_rank_001_alphafold2_ptm_model_2_seed_000.pdb	A0A8S5RRY1_unrelaxed_rank_001_alphafold2_ptm_model_2_seed_000.pdb	5.702E+00	0.020	18	32	97	370	5	56	57	66	0.178	0.912
LOKIASV2_1937_ESMFold_hypothetical_protein	A0A8F5MKK7_unrelaxed_rank_001_alphafold2_ptm_model_1_seed_000.pdb	A0A8F5MKK7_unrelaxed_rank_001_alphafold2_ptm_model_1_seed_000.pdb	9.723E+00	0.020	18	179	238	370	3	58	62	64	0.162	0.903
LOKIASV2_1937_ESMFold_hypothetical_protein	A0A8S5VRC6_unrelaxed_rank_001_alphafold2_ptm_model_3_seed_000.pdb	A0A8S5VRC6_unrelaxed_rank_001_alphafold2_ptm_model_3_seed_000.pdb	9.723E+00	0.020	18	183	230	370	19	65	85	50	0.130	0.553
LOKIASV2_1937_ESMFold_hypothetical_protein	R4T9E9_unrelaxed_rank_001_alphafold2_ptm_model_1_seed_000.pdb	R4T9E9_unrelaxed_rank_001_alphafold2_ptm_model_1_seed_000.pdb	6.692E+00	0.020	18	33	97	370	5	64	86	67	0.176	0.698
LOKIASV2_1937_ESMFold_hypothetical_protein	A0A6J5MF63_unrelaxed_rank_001_alphafold2_ptm_model_1_seed_000.pdb	A0A6J5MF63_unrelaxed_rank_001_alphafold2_ptm_model_1_seed_000.pdb	9.218E+00	0.020	18	1	94	370	1	87	87	106	0.254	1.000
LOKIASV2_1937_ESMFold_hypothetical_protein	A0A1V0ECG5_unrelaxed_rank_001_alphafold2_ptm_model_3_seed_000.pdb	A0A1V0ECG5_unrelaxed_rank_001_alphafold2_ptm_model_3_seed_000.pdb	9.218E+00	0.020	18	108	223	370	21	90	90	118	0.314	0.778
LOKIASV2_1937_ESMFold_hypothetical_protein	A0A868BR75_unrelaxed_rank_001_alphafold2_ptm_model_3_seed_000.pdb	A0A868BR75_unrelaxed_rank_001_alphafold2_ptm_model_3_seed_000.pdb	6.692E+00	0.020	18	105	163	370	49	88	98	59	0.159	0.408
LOKIASV2_1937_ESMFold_hypothetical_protein	S4VZC8_unrelaxed_rank_001_alphafold2_ptm_model_2_seed_000.pdb	S4VZC8_unrelaxed_rank_001_alphafold2_ptm_model_2_seed_000.pdb	6.344E+00	0.020	18	177	287	370	38	134	162	125	0.300	0.599
LOKIASV2_1937_ESMFold_hypothetical_protein	G8XTL4_unrelaxed_rank_001_alphafold2_ptm_model_2_seed_000.pdb	G8XTL4_unrelaxed_rank_001_alphafold2_ptm_model_2_seed_000.pdb	1.280E+00	0.020	18	103	242	370	22	125	182	152	0.378	0.571
LOKIASV2_1937_ESMFold_hypothetical_protein	A0A8S5TY28_unrelaxed_rank_001_alphafold2_ptm_model_2_seed_000.pdb	A0A8S5TY28_unrelaxed_rank_001_alphafold2_ptm_model_2_seed_000.pdb	7.446E+00	0.020	18	110	153	370	146	188	199	44	0.119	0.216
LOKIASV2_1937_ESMFold_hypothetical_protein	A0A2I6UH79_unrelaxed_rank_001_alphafold2_ptm_model_4_seed_000.pdb	A0A2I6UH79_unrelaxed_rank_001_alphafold2_ptm_model_4_seed_000.pdb	5.406E+00	0.020	18	248	369	370	47	132	236	129	0.330	0.364
LOKIASV2_1937_ESMFold_hypothetical_protein	I7LHC2_unrelaxed_rank_001_alphafold2_ptm_model_5_seed_000.pdb	I7LHC2_unrelaxed_rank_001_alphafold2_ptm_model_5_seed_000.pdb	9.800E-01	0.020	18	35	317	370	17	236	269	312	0.765	0.818
LOKIASV2_1937_ESMFold_hypothetical_protein	A0A8S5L7E1_unrelaxed_rank_001_alphafold2_ptm_model_3_seed_000.pdb	A0A8S5L7E1_unrelaxed_rank_001_alphafold2_ptm_model_3_seed_000.pdb	8.350E-01	0.020	18	23	206	370	41	226	271	232	0.497	0.686
LOKIASV2_1937_ESMFold_hypothetical_protein	A0A481YTX4_unrelaxed_rank_001_alphafold2_ptm_model_2_seed_000.pdb	A0A481YTX4_unrelaxed_rank_001_alphafold2_ptm_model_2_seed_000.pdb	2.182E+00	0.020	18	102	229	370	233	333	384	142	0.346	0.263
LOKIASV2_1937_ESMFold_hypothetical_protein	A0A649VKD7_unrelaxed_rank_001_alphafold2_ptm_model_2_seed_000.pdb	A0A649VKD7_unrelaxed_rank_001_alphafold2_ptm_model_2_seed_000.pdb	2.085E-01	0.020	18	13	370	370	2	422	440	515	0.968	0.957
LOKIASV2_1937_ESMFold_hypothetical_protein	A0A514TVW5_unrelaxed_rank_001_alphafold2_ptm_model_2_seed_000.pdb	A0A514TVW5_unrelaxed_rank_001_alphafold2_ptm_model_2_seed_000.pdb	3.956E-01	0.020	18	33	360	370	382	646	678	378	0.886	0.391
LOKIASV2_1937_ESMFold_hypothetical_protein	A0A2P0VP77_unrelaxed_rank_001_alphafold2_ptm_model_3_seed_000.pdb	A0A2P0VP77_unrelaxed_rank_001_alphafold2_ptm_model_3_seed_000.pdb	1.223E-01	0.020	18	37	361	370	147	555	723	462	0.878	0.566
LOKIASV2_1937_ESMFold_hypothetical_protein	A0A1W6JHV0_unrelaxed_rank_001_alphafold2_ptm_model_3_seed_000.pdb	A0A1W6JHV0_unrelaxed_rank_001_alphafold2_ptm_model_3_seed_000.pdb	8.739E+00	0.016	17	46	100	370	7	64	76	65	0.149	0.763
LOKIASV2_1937_ESMFold_hypothetical_protein	A0A0K2CNZ8_unrelaxed_rank_001_alphafold2_ptm_model_2_seed_000.pdb	A0A0K2CNZ8_unrelaxed_rank_001_alphafold2_ptm_model_2_seed_000.pdb	3.925E+00	0.016	17	15	96	370	9	71	78	84	0.222	0.808
LOKIASV2_1937_ESMFold_hypothetical_protein	I1TQY1_unrelaxed_rank_001_alphafold2_ptm_model_1_seed_000.pdb	I1TQY1_unrelaxed_rank_001_alphafold2_ptm_model_1_seed_000.pdb	7.854E+00	0.016	17	3	94	370	34	112	112	93	0.249	0.705
LOKIASV2_1937_ESMFold_hypothetical_protein	A0A5B9ND50_unrelaxed_rank_001_alphafold2_ptm_model_3_seed_000.pdb	A0A5B9ND50_unrelaxed_rank_001_alphafold2_ptm_model_3_seed_000.pdb	5.125E+00	0.016	17	7	97	370	11	84	114	98	0.246	0.649
LOKIASV2_1937_ESMFold_hypothetical_protein	A0A6J5P0R2_unrelaxed_rank_001_alphafold2_ptm_model_1_seed_000.pdb	A0A6J5P0R2_unrelaxed_rank_001_alphafold2_ptm_model_1_seed_000.pdb	3.925E+00	0.016	17	134	229	370	11	104	121	110	0.259	0.777
LOKIASV2_1937_ESMFold_hypothetical_protein	A0A8S5QHB0_unrelaxed_rank_001_alphafold2_ptm_model_1_seed_000.pdb	A0A8S5QHB0_unrelaxed_rank_001_alphafold2_ptm_model_1_seed_000.pdb	3.721E+00	0.016	17	12	97	370	34	109	123	92	0.232	0.618
LOKIASV2_1937_ESMFold_hypothetical_protein	A0A516M9C4_unrelaxed_rank_001_alphafold2_ptm_model_3_seed_000.pdb	A0A516M9C4_unrelaxed_rank_001_alphafold2_ptm_model_3_seed_000.pdb	6.015E+00	0.016	17	108	177	370	32	119	124	93	0.189	0.710
LOKIASV2_1937_ESMFold_hypothetical_protein	A0A8S5LQ40_unrelaxed_rank_001_alphafold2_ptm_model_3_seed_000.pdb	A0A8S5LQ40_unrelaxed_rank_001_alphafold2_ptm_model_3_seed_000.pdb	4.367E+00	0.016	17	265	368	370	30	117	138	115	0.281	0.638
LOKIASV2_1937_ESMFold_hypothetical_protein	A0A0F7KMU8_unrelaxed_rank_001_alphafold2_ptm_model_2_seed_000.pdb	A0A0F7KMU8_unrelaxed_rank_001_alphafold2_ptm_model_2_seed_000.pdb	5.125E+00	0.016	17	1	96	370	49	139	143	105	0.259	0.636
LOKIASV2_1937_ESMFold_hypothetical_protein	X2KYW9_unrelaxed_rank_001_alphafold2_ptm_model_2_seed_000.pdb	X2KYW9_unrelaxed_rank_001_alphafold2_ptm_model_2_seed_000.pdb	7.059E+00	0.016	17	308	360	370	21	87	148	69	0.143	0.453
LOKIASV2_1937_ESMFold_hypothetical_protein	A0A8S5NHQ7_unrelaxed_rank_001_alphafold2_ptm_model_1_seed_000.pdb	A0A8S5NHQ7_unrelaxed_rank_001_alphafold2_ptm_model_1_seed_000.pdb	4.140E+00	0.016	17	110	230	370	87	151	152	121	0.327	0.428
LOKIASV2_1937_ESMFold_hypothetical_protein	A0A2I7S6S6_unrelaxed_rank_001_alphafold2_ptm_model_2_seed_000.pdb	A0A2I7S6S6_unrelaxed_rank_001_alphafold2_ptm_model_2_seed_000.pdb	1.150E+00	0.016	17	192	361	370	13	141	165	182	0.459	0.782
LOKIASV2_1937_ESMFold_hypothetical_protein	A0A1S5VFX3_unrelaxed_rank_001_alphafold2_ptm_model_2_seed_000.pdb	A0A1S5VFX3_unrelaxed_rank_001_alphafold2_ptm_model_2_seed_000.pdb	5.125E+00	0.016	17	1	96	370	90	180	184	104	0.259	0.495
LOKIASV2_1937_ESMFold_hypothetical_protein	A0A516LVZ0_unrelaxed_rank_001_alphafold2_ptm_model_2_seed_000.pdb	A0A516LVZ0_unrelaxed_rank_001_alphafold2_ptm_model_2_seed_000.pdb	3.170E+00	0.016	17	105	227	370	93	185	196	133	0.332	0.474
LOKIASV2_1937_ESMFold_hypothetical_protein	A0A7T7GV14_unrelaxed_rank_001_alphafold2_ptm_model_2_seed_000.pdb	A0A7T7GV14_unrelaxed_rank_001_alphafold2_ptm_model_2_seed_000.pdb	2.069E+00	0.016	17	32	158	370	131	292	361	171	0.343	0.449
LOKIASV2_1937_ESMFold_hypothetical_protein	A0A8T9TG44_unrelaxed_rank_001_alphafold2_ptm_model_5_seed_000.pdb	A0A8T9TG44_unrelaxed_rank_001_alphafold2_ptm_model_5_seed_000.pdb	5.406E+00	0.016	17	248	367	370	17	155	368	148	0.324	0.378
LOKIASV2_1937_ESMFold_hypothetical_protein	A0A3G4ZL16_unrelaxed_rank_001_alphafold2_ptm_model_1_seed_000.pdb	A0A3G4ZL16_unrelaxed_rank_001_alphafold2_ptm_model_1_seed_000.pdb	7.854E+00	0.016	17	1	97	370	27	134	410	115	0.262	0.263
LOKIASV2_1937_ESMFold_hypothetical_protein	A0A2Z4EZ26_unrelaxed_rank_001_alphafold2_ptm_model_3_seed_000.pdb	A0A2Z4EZ26_unrelaxed_rank_001_alphafold2_ptm_model_3_seed_000.pdb	4.173E-01	0.016	17	5	362	370	1	454	549	528	0.968	0.827
LOKIASV2_1937_ESMFold_hypothetical_protein	A0A076GAF6_unrelaxed_rank_001_alphafold2_ptm_model_3_seed_000.pdb	A0A076GAF6_unrelaxed_rank_001_alphafold2_ptm_model_3_seed_000.pdb	3.956E-01	0.016	17	38	363	370	112	451	562	434	0.881	0.605
LOKIASV2_1937_ESMFold_hypothetical_protein	A0A7D5G026_unrelaxed_rank_001_alphafold2_ptm_model_3_seed_000.pdb	A0A7D5G026_unrelaxed_rank_001_alphafold2_ptm_model_3_seed_000.pdb	9.218E+00	0.016	17	113	241	370	207	292	838	132	0.349	0.103
LOKIASV2_1937_ESMFold_hypothetical_protein	A0A3G4ZNS6_unrelaxed_rank_001_alphafold2_ptm_model_3_seed_000.pdb	A0A3G4ZNS6_unrelaxed_rank_001_alphafold2_ptm_model_3_seed_000.pdb	6.692E+00	0.016	17	258	370	370	61	166	849	146	0.305	0.125
LOKIASV2_1937_ESMFold_hypothetical_protein	A0A7U0GE17_2_unrelaxed_rank_001_alphafold2_ptm_model_3_seed_000.pdb	A0A7U0GE17_2_unrelaxed_rank_001_alphafold2_ptm_model_3_seed_000.pdb	1.090E+00	0.016	17	8	317	370	951	1160	1164	324	0.838	0.180
LOKIASV2_1937_ESMFold_hypothetical_protein	A0A7H1D348_unrelaxed_rank_001_alphafold2_ptm_model_2_seed_000.pdb	A0A7H1D348_unrelaxed_rank_001_alphafold2_ptm_model_2_seed_000.pdb	7.854E+00	0.016	17	1	100	370	507	604	1447	104	0.270	0.068
LOKIASV2_1937_ESMFold_hypothetical_protein	A0A3G5A9R6_unrelaxed_rank_001_alphafold2_ptm_model_2_seed_000.pdb	A0A3G5A9R6_unrelaxed_rank_001_alphafold2_ptm_model_2_seed_000.pdb	7.059E+00	0.014	16	32	97	370	25	76	83	68	0.178	0.627
LOKIASV2_1937_ESMFold_hypothetical_protein	A0A6G5YCK9_unrelaxed_rank_001_alphafold2_ptm_model_2_seed_000.pdb	A0A6G5YCK9_unrelaxed_rank_001_alphafold2_ptm_model_2_seed_000.pdb	9.723E+00	0.014	16	182	237	370	2	71	84	73	0.151	0.833
LOKIASV2_1937_ESMFold_hypothetical_protein	A0A6J7WPR8_unrelaxed_rank_001_alphafold2_ptm_model_1_seed_000.pdb	A0A6J7WPR8_unrelaxed_rank_001_alphafold2_ptm_model_1_seed_000.pdb	3.721E+00	0.014	16	8	94	370	18	87	101	92	0.235	0.693
LOKIASV2_1937_ESMFold_hypothetical_protein	A0A3G3M9F1_unrelaxed_rank_001_alphafold2_ptm_model_2_seed_000.pdb	A0A3G3M9F1_unrelaxed_rank_001_alphafold2_ptm_model_2_seed_000.pdb	5.125E+00	0.014	16	27	164	370	1	84	106	138	0.373	0.792
LOKIASV2_1937_ESMFold_hypothetical_protein	A0A0B5J7X2_unrelaxed_rank_001_alphafold2_ptm_model_1_seed_000.pdb	A0A0B5J7X2_unrelaxed_rank_001_alphafold2_ptm_model_1_seed_000.pdb	5.125E+00	0.014	16	180	286	370	3	98	120	116	0.289	0.800
LOKIASV2_1937_ESMFold_hypothetical_protein	G4KJZ1_unrelaxed_rank_001_alphafold2_ptm_model_1_seed_000.pdb	G4KJZ1_unrelaxed_rank_001_alphafold2_ptm_model_1_seed_000.pdb	4.606E+00	0.014	16	110	231	370	84	146	147	122	0.330	0.429
LOKIASV2_1937_ESMFold_hypothetical_protein	A0A345MNU8_unrelaxed_rank_001_alphafold2_ptm_model_2_seed_000.pdb	A0A345MNU8_unrelaxed_rank_001_alphafold2_ptm_model_2_seed_000.pdb	9.218E+00	0.014	16	10	100	370	4	68	163	92	0.246	0.399
LOKIASV2_1937_ESMFold_hypothetical_protein	A0A2I2L4V1_unrelaxed_rank_001_alphafold2_ptm_model_2_seed_000.pdb	A0A2I2L4V1_unrelaxed_rank_001_alphafold2_ptm_model_2_seed_000.pdb	5.702E+00	0.014	16	217	362	370	43	164	169	151	0.395	0.722
LOKIASV2_1937_ESMFold_hypothetical_protein	A0A2I7RQZ8_unrelaxed_rank_001_alphafold2_ptm_model_3_seed_000.pdb	A0A2I7RQZ8_unrelaxed_rank_001_alphafold2_ptm_model_3_seed_000.pdb	2.701E+00	0.014	16	192	360	370	35	170	171	190	0.457	0.795
LOKIASV2_1937_ESMFold_hypothetical_protein	A0A024B1Q9_unrelaxed_rank_001_alphafold2_ptm_model_3_seed_000.pdb	A0A024B1Q9_unrelaxed_rank_001_alphafold2_ptm_model_3_seed_000.pdb	2.428E+00	0.014	16	52	174	370	45	160	175	139	0.332	0.663
LOKIASV2_1937_ESMFold_hypothetical_protein	A0A8E7F158_unrelaxed_rank_001_alphafold2_ptm_model_3_seed_000.pdb	A0A8E7F158_unrelaxed_rank_001_alphafold2_ptm_model_3_seed_000.pdb	3.721E+00	0.014	16	40	174	370	8	153	175	177	0.365	0.834
LOKIASV2_1937_ESMFold_hypothetical_protein	A0A0P0YN57_unrelaxed_rank_001_alphafold2_ptm_model_1_seed_000.pdb	A0A0P0YN57_unrelaxed_rank_001_alphafold2_ptm_model_1_seed_000.pdb	9.723E+00	0.014	16	3	97	370	39	112	176	96	0.257	0.420
LOKIASV2_1937_ESMFold_hypothetical_protein	A0A248SKB9_unrelaxed_rank_001_alphafold2_ptm_model_1_seed_000.pdb	A0A248SKB9_unrelaxed_rank_001_alphafold2_ptm_model_1_seed_000.pdb	5.125E+00	0.014	16	114	231	370	114	188	190	125	0.319	0.395
LOKIASV2_1937_ESMFold_hypothetical_protein	A0A6G5YKJ3_unrelaxed_rank_001_alphafold2_ptm_model_1_seed_000.pdb	A0A6G5YKJ3_unrelaxed_rank_001_alphafold2_ptm_model_1_seed_000.pdb	2.302E+00	0.014	16	8	237	370	67	218	232	234	0.622	0.655
LOKIASV2_1937_ESMFold_hypothetical_protein	A0A8S5TSU5_unrelaxed_rank_001_alphafold2_ptm_model_3_seed_000.pdb	A0A8S5TSU5_unrelaxed_rank_001_alphafold2_ptm_model_3_seed_000.pdb	1.350E+00	0.014	16	28	206	370	17	188	235	209	0.484	0.732
LOKIASV2_1937_ESMFold_hypothetical_protein	A0A1B2IB12_unrelaxed_rank_001_alphafold2_ptm_model_4_seed_000.pdb	A0A1B2IB12_unrelaxed_rank_001_alphafold2_ptm_model_4_seed_000.pdb	7.446E+00	0.014	16	17	97	370	133	219	244	93	0.219	0.357
LOKIASV2_1937_ESMFold_hypothetical_protein	A0A0S2MU25_unrelaxed_rank_001_alphafold2_ptm_model_3_seed_000.pdb	A0A0S2MU25_unrelaxed_rank_001_alphafold2_ptm_model_3_seed_000.pdb	2.182E+00	0.014	16	25	270	370	3	203	255	292	0.665	0.788
LOKIASV2_1937_ESMFold_hypothetical_protein	A0A5P8D378_unrelaxed_rank_001_alphafold2_ptm_model_2_seed_000.pdb	A0A5P8D378_unrelaxed_rank_001_alphafold2_ptm_model_2_seed_000.pdb	1.859E+00	0.014	16	1	357	370	13	252	261	379	0.965	0.920
LOKIASV2_1937_ESMFold_hypothetical_protein	A0A2Z4PYJ9_unrelaxed_rank_001_alphafold2_ptm_model_5_seed_000.pdb	A0A2Z4PYJ9_unrelaxed_rank_001_alphafold2_ptm_model_5_seed_000.pdb	2.849E+00	0.014	16	4	97	370	65	138	266	99	0.254	0.278
LOKIASV2_1937_ESMFold_hypothetical_protein	A0A6J5MWS7_unrelaxed_rank_001_alphafold2_ptm_model_2_seed_000.pdb	A0A6J5MWS7_unrelaxed_rank_001_alphafold2_ptm_model_2_seed_000.pdb	4.606E+00	0.014	16	186	360	370	172	310	314	188	0.473	0.443
LOKIASV2_1937_ESMFold_hypothetical_protein	W8FLQ3_unrelaxed_rank_001_alphafold2_ptm_model_2_seed_000.pdb	W8FLQ3_unrelaxed_rank_001_alphafold2_ptm_model_2_seed_000.pdb	1.350E+00	0.014	16	104	286	370	12	157	344	214	0.495	0.424
LOKIASV2_1937_ESMFold_hypothetical_protein	A0A8K1ZQR6_unrelaxed_rank_001_alphafold2_ptm_model_4_seed_000.pdb	A0A8K1ZQR6_unrelaxed_rank_001_alphafold2_ptm_model_4_seed_000.pdb	2.701E+00	0.014	16	3	134	370	31	188	457	175	0.357	0.346
LOKIASV2_1937_ESMFold_hypothetical_protein	F4ZGM5_unrelaxed_rank_001_alphafold2_ptm_model_5_seed_000.pdb	F4ZGM5_unrelaxed_rank_001_alphafold2_ptm_model_5_seed_000.pdb	2.701E+00	0.014	16	271	368	370	122	226	555	128	0.265	0.189
LOKIASV2_1937_ESMFold_hypothetical_protein	A0A3G5ABX2_unrelaxed_rank_001_alphafold2_ptm_model_2_seed_000.pdb	A0A3G5ABX2_unrelaxed_rank_001_alphafold2_ptm_model_2_seed_000.pdb	5.702E+00	0.014	16	8	171	370	412	518	566	166	0.443	0.189
LOKIASV2_1937_ESMFold_hypothetical_protein	A0A6J5NUZ5_unrelaxed_rank_001_alphafold2_ptm_model_3_seed_000.pdb	A0A6J5NUZ5_unrelaxed_rank_001_alphafold2_ptm_model_3_seed_000.pdb	3.555E-01	0.014	16	1	362	370	265	684	790	486	0.978	0.532
LOKIASV2_1937_ESMFold_hypothetical_protein	A0A1L3KKD0_1_unrelaxed_rank_001_alphafold2_ptm_model_2_seed_000.pdb	A0A1L3KKD0_1_unrelaxed_rank_001_alphafold2_ptm_model_2_seed_000.pdb	9.723E+00	0.014	16	297	364	370	219	277	913	75	0.184	0.065
LOKIASV2_1937_ESMFold_hypothetical_protein	A0A5Q0TWT2_2_unrelaxed_rank_001_alphafold2_ptm_model_1_seed_000.pdb	A0A5Q0TWT2_2_unrelaxed_rank_001_alphafold2_ptm_model_1_seed_000.pdb	8.739E+00	0.014	16	98	172	370	25	103	975	96	0.203	0.081
LOKIASV2_1937_ESMFold_hypothetical_protein	A0A8S5LRH6_1_unrelaxed_rank_001_alphafold2_ptm_model_3_seed_000.pdb	A0A8S5LRH6_1_unrelaxed_rank_001_alphafold2_ptm_model_3_seed_000.pdb	3.925E+00	0.014	16	5	93	370	41	114	1053	95	0.241	0.070
LOKIASV2_1937_ESMFold_hypothetical_protein	A0A481YZQ5_unrelaxed_rank_001_alphafold2_ptm_model_2_seed_000.pdb	A0A481YZQ5_unrelaxed_rank_001_alphafold2_ptm_model_2_seed_000.pdb	8.739E+00	0.011	15	111	225	370	5	65	73	115	0.311	0.836
LOKIASV2_1937_ESMFold_hypothetical_protein	A0A7T8EP78_unrelaxed_rank_001_alphafold2_ptm_model_1_seed_000.pdb	A0A7T8EP78_unrelaxed_rank_001_alphafold2_ptm_model_1_seed_000.pdb	7.059E+00	0.011	15	10	97	370	3	72	73	98	0.238	0.959
LOKIASV2_1937_ESMFold_hypothetical_protein	L7VUR4_unrelaxed_rank_001_alphafold2_ptm_model_3_seed_000.pdb	L7VUR4_unrelaxed_rank_001_alphafold2_ptm_model_3_seed_000.pdb	9.723E+00	0.011	15	114	184	370	5	67	79	74	0.192	0.797
LOKIASV2_1937_ESMFold_hypothetical_protein	A0A8S5QTS2_unrelaxed_rank_001_alphafold2_ptm_model_3_seed_000.pdb	A0A8S5QTS2_unrelaxed_rank_001_alphafold2_ptm_model_3_seed_000.pdb	6.015E+00	0.011	15	38	174	370	2	82	90	139	0.370	0.900
LOKIASV2_1937_ESMFold_hypothetical_protein	A0A8S5UI09_unrelaxed_rank_001_alphafold2_ptm_model_3_seed_000.pdb	A0A8S5UI09_unrelaxed_rank_001_alphafold2_ptm_model_3_seed_000.pdb	5.406E+00	0.011	15	182	236	370	12	73	112	66	0.149	0.554
LOKIASV2_1937_ESMFold_hypothetical_protein	A0A8S5PSI2_unrelaxed_rank_001_alphafold2_ptm_model_3_seed_000.pdb	A0A8S5PSI2_unrelaxed_rank_001_alphafold2_ptm_model_3_seed_000.pdb	8.285E+00	0.011	15	4	97	370	21	103	115	100	0.254	0.722
LOKIASV2_1937_ESMFold_hypothetical_protein	A0A873WJD1_unrelaxed_rank_001_alphafold2_ptm_model_1_seed_000.pdb	A0A873WJD1_unrelaxed_rank_001_alphafold2_ptm_model_1_seed_000.pdb	8.739E+00	0.011	15	45	173	370	19	83	119	129	0.349	0.546
LOKIASV2_1937_ESMFold_hypothetical_protein	A0A1B1IUD0_unrelaxed_rank_001_alphafold2_ptm_model_1_seed_000.pdb	A0A1B1IUD0_unrelaxed_rank_001_alphafold2_ptm_model_1_seed_000.pdb	8.739E+00	0.011	15	101	173	370	83	135	135	76	0.197	0.393
LOKIASV2_1937_ESMFold_hypothetical_protein	A0A2I7QX34_unrelaxed_rank_001_alphafold2_ptm_model_2_seed_000.pdb	A0A2I7QX34_unrelaxed_rank_001_alphafold2_ptm_model_2_seed_000.pdb	7.854E+00	0.011	15	6	97	370	1	79	139	94	0.249	0.568
LOKIASV2_1937_ESMFold_hypothetical_protein	A0A8S5P097_unrelaxed_rank_001_alphafold2_ptm_model_2_seed_000.pdb	A0A8S5P097_unrelaxed_rank_001_alphafold2_ptm_model_2_seed_000.pdb	6.692E+00	0.011	15	1	93	370	23	119	144	107	0.251	0.674
LOKIASV2_1937_ESMFold_hypothetical_protein	A0A3G5A1E1_unrelaxed_rank_001_alphafold2_ptm_model_3_seed_000.pdb	A0A3G5A1E1_unrelaxed_rank_001_alphafold2_ptm_model_3_seed_000.pdb	9.723E+00	0.011	15	3	83	370	1	77	169	85	0.219	0.456
LOKIASV2_1937_ESMFold_hypothetical_protein	A0A2I7R6U9_unrelaxed_rank_001_alphafold2_ptm_model_2_seed_000.pdb	A0A2I7R6U9_unrelaxed_rank_001_alphafold2_ptm_model_2_seed_000.pdb	2.701E+00	0.011	15	195	357	370	20	153	179	179	0.441	0.749
LOKIASV2_1937_ESMFold_hypothetical_protein	A0A1P8DIU1_unrelaxed_rank_001_alphafold2_ptm_model_4_seed_000.pdb	A0A1P8DIU1_unrelaxed_rank_001_alphafold2_ptm_model_4_seed_000.pdb	2.561E+00	0.011	15	33	231	370	2	183	194	233	0.538	0.938
LOKIASV2_1937_ESMFold_hypothetical_protein	A0A6J5QC69_unrelaxed_rank_001_alphafold2_ptm_model_3_seed_000.pdb	A0A6J5QC69_unrelaxed_rank_001_alphafold2_ptm_model_3_seed_000.pdb	6.692E+00	0.011	15	259	360	370	124	194	194	103	0.276	0.366
LOKIASV2_1937_ESMFold_hypothetical_protein	F4YCJ0_unrelaxed_rank_001_alphafold2_ptm_model_5_seed_000.pdb	F4YCJ0_unrelaxed_rank_001_alphafold2_ptm_model_5_seed_000.pdb	1.280E+00	0.011	15	3	361	370	5	308	310	433	0.970	0.981
LOKIASV2_1937_ESMFold_hypothetical_protein	A0A3G5AIE9_unrelaxed_rank_001_alphafold2_ptm_model_2_seed_000.pdb	A0A3G5AIE9_unrelaxed_rank_001_alphafold2_ptm_model_2_seed_000.pdb	3.956E-01	0.011	15	38	306	370	110	330	351	307	0.727	0.630
LOKIASV2_1937_ESMFold_hypothetical_protein	A0A8S5VUF9_unrelaxed_rank_001_alphafold2_ptm_model_2_seed_000.pdb	A0A8S5VUF9_unrelaxed_rank_001_alphafold2_ptm_model_2_seed_000.pdb	1.424E+00	0.011	15	91	364	370	81	313	361	312	0.741	0.645
LOKIASV2_1937_ESMFold_hypothetical_protein	A0A288QPP9_unrelaxed_rank_001_alphafold2_ptm_model_3_seed_000.pdb	A0A288QPP9_unrelaxed_rank_001_alphafold2_ptm_model_3_seed_000.pdb	9.723E+00	0.011	15	35	71	370	7	42	398	37	0.100	0.090
LOKIASV2_1937_ESMFold_hypothetical_protein	A0A481Z3T8_unrelaxed_rank_001_alphafold2_ptm_model_1_seed_000.pdb	A0A481Z3T8_unrelaxed_rank_001_alphafold2_ptm_model_1_seed_000.pdb	2.561E+00	0.011	15	91	205	370	220	361	408	163	0.311	0.348
LOKIASV2_1937_ESMFold_hypothetical_protein	A0A1L3KJK4_unrelaxed_rank_001_alphafold2_ptm_model_2_seed_000.pdb	A0A1L3KJK4_unrelaxed_rank_001_alphafold2_ptm_model_2_seed_000.pdb	8.350E-01	0.011	15	26	235	370	260	410	458	223	0.568	0.330
LOKIASV2_1937_ESMFold_hypothetical_protein	A0A514CT46_unrelaxed_rank_001_alphafold2_ptm_model_3_seed_000.pdb	A0A514CT46_unrelaxed_rank_001_alphafold2_ptm_model_3_seed_000.pdb	1.859E+00	0.011	15	38	261	370	104	299	786	267	0.605	0.249
LOKIASV2_1937_ESMFold_hypothetical_protein	A0A8S5TRH4_unrelaxed_rank_001_alphafold2_ptm_model_3_seed_000.pdb	A0A8S5TRH4_unrelaxed_rank_001_alphafold2_ptm_model_3_seed_000.pdb	4.402E-01	0.011	15	52	363	370	592	914	951	411	0.843	0.340
LOKIASV2_1937_ESMFold_hypothetical_protein	A0A7D3QJA1_unrelaxed_rank_001_alphafold2_ptm_model_3_seed_000.pdb	A0A7D3QJA1_unrelaxed_rank_001_alphafold2_ptm_model_3_seed_000.pdb	1.280E+00	0.011	15	248	362	370	252	328	1199	116	0.311	0.064
LOKIASV2_1937_ESMFold_hypothetical_protein	A0A8D9FPZ8_unrelaxed_rank_001_alphafold2_ptm_model_1_seed_000.pdb	A0A8D9FPZ8_unrelaxed_rank_001_alphafold2_ptm_model_1_seed_000.pdb	6.344E+00	0.010	14	5	93	370	1	75	75	94	0.241	1.000
LOKIASV2_1937_ESMFold_hypothetical_protein	A0A9E8M3K5_unrelaxed_rank_001_alphafold2_ptm_model_2_seed_000.pdb	A0A9E8M3K5_unrelaxed_rank_001_alphafold2_ptm_model_2_seed_000.pdb	5.702E+00	0.010	14	111	197	370	5	83	102	99	0.235	0.775
LOKIASV2_1937_ESMFold_hypothetical_protein	A0A8S5RVZ4_unrelaxed_rank_001_alphafold2_ptm_model_3_seed_000.pdb	A0A8S5RVZ4_unrelaxed_rank_001_alphafold2_ptm_model_3_seed_000.pdb	8.285E+00	0.010	14	21	99	370	10	96	127	99	0.214	0.685
LOKIASV2_1937_ESMFold_hypothetical_protein	A0A6G6XKE6_unrelaxed_rank_001_alphafold2_ptm_model_2_seed_000.pdb	A0A6G6XKE6_unrelaxed_rank_001_alphafold2_ptm_model_2_seed_000.pdb	9.723E+00	0.010	14	182	302	370	28	143	196	130	0.327	0.592
LOKIASV2_1937_ESMFold_hypothetical_protein	W8VLE7_unrelaxed_rank_001_alphafold2_ptm_model_5_seed_000.pdb	W8VLE7_unrelaxed_rank_001_alphafold2_ptm_model_5_seed_000.pdb	2.302E+00	0.010	14	192	358	370	90	217	217	195	0.451	0.590
LOKIASV2_1937_ESMFold_hypothetical_protein	A0A516M4U9_unrelaxed_rank_001_alphafold2_ptm_model_2_seed_000.pdb	A0A516M4U9_unrelaxed_rank_001_alphafold2_ptm_model_2_seed_000.pdb	4.606E+00	0.010	14	8	169	370	8	107	228	162	0.438	0.439
LOKIASV2_1937_ESMFold_hypothetical_protein	A0A7H0XAF4_unrelaxed_rank_001_alphafold2_ptm_model_1_seed_000.pdb	A0A7H0XAF4_unrelaxed_rank_001_alphafold2_ptm_model_1_seed_000.pdb	1.671E+00	0.010	14	114	273	370	32	179	232	193	0.432	0.638
LOKIASV2_1937_ESMFold_hypothetical_protein	A7XXS8_unrelaxed_rank_001_alphafold2_ptm_model_2_seed_000.pdb	A7XXS8_unrelaxed_rank_001_alphafold2_ptm_model_2_seed_000.pdb	1.961E+00	0.010	14	8	236	370	121	320	373	252	0.619	0.536
LOKIASV2_1937_ESMFold_hypothetical_protein	A0A679FDZ4_unrelaxed_rank_001_alphafold2_ptm_model_4_seed_000.pdb	A0A679FDZ4_unrelaxed_rank_001_alphafold2_ptm_model_4_seed_000.pdb	3.750E-01	0.010	14	8	361	370	296	502	502	362	0.957	0.412
LOKIASV2_1937_ESMFold_hypothetical_protein	A0A6J5REI5_unrelaxed_rank_001_alphafold2_ptm_model_4_seed_000.pdb	A0A6J5REI5_unrelaxed_rank_001_alphafold2_ptm_model_4_seed_000.pdb	9.723E+00	0.010	14	261	369	370	385	464	503	111	0.295	0.159
LOKIASV2_1937_ESMFold_hypothetical_protein	A0A8S5RA89_unrelaxed_rank_001_alphafold2_ptm_model_3_seed_000.pdb	A0A8S5RA89_unrelaxed_rank_001_alphafold2_ptm_model_3_seed_000.pdb	7.505E-01	0.010	14	27	364	370	162	562	661	463	0.914	0.607
LOKIASV2_1937_ESMFold_hypothetical_protein	Q6UDF7_unrelaxed_rank_001_alphafold2_ptm_model_2_seed_000.pdb	Q6UDF7_unrelaxed_rank_001_alphafold2_ptm_model_2_seed_000.pdb	1.280E+00	0.010	14	93	368	370	742	966	991	321	0.746	0.227
LOKIASV2_1937_ESMFold_hypothetical_protein	A0A5B9N8H2_2_unrelaxed_rank_001_alphafold2_ptm_model_3_seed_000.pdb	A0A5B9N8H2_2_unrelaxed_rank_001_alphafold2_ptm_model_3_seed_000.pdb	1.350E+00	0.010	14	106	317	370	952	1099	1103	225	0.573	0.134
LOKIASV2_1937_ESMFold_hypothetical_protein	A0A516MJ03_unrelaxed_rank_001_alphafold2_ptm_model_2_seed_000.pdb	A0A516MJ03_unrelaxed_rank_001_alphafold2_ptm_model_2_seed_000.pdb	6.344E+00	0.009	13	182	275	370	1	52	82	94	0.254	0.634
LOKIASV2_1937_ESMFold_hypothetical_protein	A0A7L8G552_unrelaxed_rank_001_alphafold2_ptm_model_1_seed_000.pdb	A0A7L8G552_unrelaxed_rank_001_alphafold2_ptm_model_1_seed_000.pdb	5.702E+00	0.009	13	265	362	370	29	82	86	99	0.265	0.628
LOKIASV2_1937_ESMFold_hypothetical_protein	A0A346LU45_unrelaxed_rank_001_alphafold2_ptm_model_2_seed_000.pdb	A0A346LU45_unrelaxed_rank_001_alphafold2_ptm_model_2_seed_000.pdb	6.344E+00	0.009	13	1	133	370	5	87	96	140	0.359	0.865
LOKIASV2_1937_ESMFold_hypothetical_protein	A0A8S5T1P4_unrelaxed_rank_001_alphafold2_ptm_model_3_seed_000.pdb	A0A8S5T1P4_unrelaxed_rank_001_alphafold2_ptm_model_3_seed_000.pdb	7.446E+00	0.009	13	10	98	370	9	82	123	98	0.241	0.602
LOKIASV2_1937_ESMFold_hypothetical_protein	K9MCT0_unrelaxed_rank_001_alphafold2_ptm_model_1_seed_000.pdb	K9MCT0_unrelaxed_rank_001_alphafold2_ptm_model_1_seed_000.pdb	7.446E+00	0.009	13	1	134	370	1	107	141	152	0.362	0.759
LOKIASV2_1937_ESMFold_hypothetical_protein	A0A6J5NN81_unrelaxed_rank_001_alphafold2_ptm_model_1_seed_000.pdb	A0A6J5NN81_unrelaxed_rank_001_alphafold2_ptm_model_1_seed_000.pdb	5.406E+00	0.009	13	49	228	370	50	144	144	183	0.486	0.660
LOKIASV2_1937_ESMFold_hypothetical_protein	A0A6M6DGI5_unrelaxed_rank_001_alphafold2_ptm_model_1_seed_000.pdb	A0A6M6DGI5_unrelaxed_rank_001_alphafold2_ptm_model_1_seed_000.pdb	6.344E+00	0.009	13	175	369	370	37	147	150	202	0.527	0.740
LOKIASV2_1937_ESMFold_hypothetical_protein	A0A4Y5NX06_unrelaxed_rank_001_alphafold2_ptm_model_3_seed_000.pdb	A0A4Y5NX06_unrelaxed_rank_001_alphafold2_ptm_model_3_seed_000.pdb	3.170E+00	0.009	13	10	169	370	3	116	152	171	0.432	0.750
LOKIASV2_1937_ESMFold_hypothetical_protein	A0A0P1CZ31_unrelaxed_rank_001_alphafold2_ptm_model_3_seed_000.pdb	A0A0P1CZ31_unrelaxed_rank_001_alphafold2_ptm_model_3_seed_000.pdb	4.859E+00	0.009	13	1	96	370	3	105	153	110	0.259	0.673
LOKIASV2_1937_ESMFold_hypothetical_protein	A0A0H3TM23_unrelaxed_rank_001_alphafold2_ptm_model_2_seed_000.pdb	A0A0H3TM23_unrelaxed_rank_001_alphafold2_ptm_model_2_seed_000.pdb	7.059E+00	0.009	13	8	168	370	13	141	166	180	0.435	0.777
LOKIASV2_1937_ESMFold_hypothetical_protein	A0A2I7RU52_unrelaxed_rank_001_alphafold2_ptm_model_3_seed_000.pdb	A0A2I7RU52_unrelaxed_rank_001_alphafold2_ptm_model_3_seed_000.pdb	4.367E+00	0.009	13	195	359	370	22	144	170	176	0.446	0.724
LOKIASV2_1937_ESMFold_hypothetical_protein	A0A8S5TQ32_unrelaxed_rank_001_alphafold2_ptm_model_1_seed_000.pdb	A0A8S5TQ32_unrelaxed_rank_001_alphafold2_ptm_model_1_seed_000.pdb	9.723E+00	0.009	13	5	170	370	1	161	176	201	0.449	0.915
LOKIASV2_1937_ESMFold_hypothetical_protein	A0A0K2QQM7_unrelaxed_rank_001_alphafold2_ptm_model_4_seed_000.pdb	A0A0K2QQM7_unrelaxed_rank_001_alphafold2_ptm_model_4_seed_000.pdb	4.367E+00	0.009	13	46	276	370	1	190	201	245	0.624	0.945
LOKIASV2_1937_ESMFold_hypothetical_protein	A0A3S7URK6_unrelaxed_rank_001_alphafold2_ptm_model_2_seed_000.pdb	A0A3S7URK6_unrelaxed_rank_001_alphafold2_ptm_model_2_seed_000.pdb	6.344E+00	0.009	13	190	362	370	106	245	298	200	0.468	0.470
LOKIASV2_1937_ESMFold_hypothetical_protein	A0A6G5XWZ4_unrelaxed_rank_001_alphafold2_ptm_model_2_seed_000.pdb	A0A6G5XWZ4_unrelaxed_rank_001_alphafold2_ptm_model_2_seed_000.pdb	3.925E+00	0.009	13	1	160	370	4	159	319	189	0.432	0.489
LOKIASV2_1937_ESMFold_hypothetical_protein	A0A6G8IQ34_unrelaxed_rank_001_alphafold2_ptm_model_1_seed_000.pdb	A0A6G8IQ34_unrelaxed_rank_001_alphafold2_ptm_model_1_seed_000.pdb	2.701E+00	0.009	13	4	305	370	1	243	320	352	0.816	0.759
LOKIASV2_1937_ESMFold_hypothetical_protein	A0A8S5QUR3_unrelaxed_rank_001_alphafold2_ptm_model_4_seed_000.pdb	A0A8S5QUR3_unrelaxed_rank_001_alphafold2_ptm_model_4_seed_000.pdb	3.527E+00	0.009	13	1	159	370	12	211	323	227	0.430	0.619
LOKIASV2_1937_ESMFold_hypothetical_protein	A0A1V0SLM0_unrelaxed_rank_001_alphafold2_ptm_model_2_seed_000.pdb	A0A1V0SLM0_unrelaxed_rank_001_alphafold2_ptm_model_2_seed_000.pdb	5.702E+00	0.009	13	3	96	370	277	353	380	96	0.254	0.203
LOKIASV2_1937_ESMFold_hypothetical_protein	A0A2Z4GUI0_unrelaxed_rank_001_alphafold2_ptm_model_5_seed_000.pdb	A0A2Z4GUI0_unrelaxed_rank_001_alphafold2_ptm_model_5_seed_000.pdb	3.170E+00	0.009	13	93	361	370	32	287	384	334	0.727	0.667
LOKIASV2_1937_ESMFold_hypothetical_protein	A0A8E7L372_unrelaxed_rank_001_alphafold2_ptm_model_4_seed_000.pdb	A0A8E7L372_unrelaxed_rank_001_alphafold2_ptm_model_4_seed_000.pdb	2.849E+00	0.009	13	4	228	370	1	337	423	368	0.608	0.797
LOKIASV2_1937_ESMFold_hypothetical_protein	A0A8S5QWK7_unrelaxed_rank_001_alphafold2_ptm_model_5_seed_000.pdb	A0A8S5QWK7_unrelaxed_rank_001_alphafold2_ptm_model_5_seed_000.pdb	3.527E+00	0.009	13	104	361	370	213	422	425	292	0.697	0.494
LOKIASV2_1937_ESMFold_hypothetical_protein	A0A6G8IPW8_unrelaxed_rank_001_alphafold2_ptm_model_5_seed_000.pdb	A0A6G8IPW8_unrelaxed_rank_001_alphafold2_ptm_model_5_seed_000.pdb	3.170E+00	0.009	13	155	365	370	242	453	511	267	0.570	0.415
LOKIASV2_1937_ESMFold_hypothetical_protein	UPI000018F676_unrelaxed_rank_001_alphafold2_ptm_model_1_seed_000.pdb	UPI000018F676_unrelaxed_rank_001_alphafold2_ptm_model_1_seed_000.pdb	2.302E+00	0.009	13	29	362	370	213	472	512	388	0.903	0.508
LOKIASV2_1937_ESMFold_hypothetical_protein	A0A6J5N5Q5_unrelaxed_rank_001_alphafold2_ptm_model_5_seed_000.pdb	A0A6J5N5Q5_unrelaxed_rank_001_alphafold2_ptm_model_5_seed_000.pdb	7.446E+00	0.009	13	38	97	370	158	224	521	78	0.162	0.129
LOKIASV2_1937_ESMFold_hypothetical_protein	A0A513QBT8_unrelaxed_rank_001_alphafold2_ptm_model_3_seed_000.pdb	A0A513QBT8_unrelaxed_rank_001_alphafold2_ptm_model_3_seed_000.pdb	3.925E+00	0.009	13	60	236	370	274	481	681	244	0.478	0.305
LOKIASV2_1937_ESMFold_hypothetical_protein	A0A345L6S2_unrelaxed_rank_001_alphafold2_ptm_model_1_seed_000.pdb	A0A345L6S2_unrelaxed_rank_001_alphafold2_ptm_model_1_seed_000.pdb	9.218E+00	0.008	12	112	229	370	28	110	113	120	0.319	0.735
LOKIASV2_1937_ESMFold_hypothetical_protein	A0A6J5RXD8_unrelaxed_rank_001_alphafold2_ptm_model_1_seed_000.pdb	A0A6J5RXD8_unrelaxed_rank_001_alphafold2_ptm_model_1_seed_000.pdb	5.406E+00	0.008	12	8	147	370	17	123	138	153	0.378	0.775
LOKIASV2_1937_ESMFold_hypothetical_protein	G9BWB2_unrelaxed_rank_001_alphafold2_ptm_model_4_seed_000.pdb	G9BWB2_unrelaxed_rank_001_alphafold2_ptm_model_4_seed_000.pdb	4.606E+00	0.008	12	33	230	370	4	187	191	235	0.535	0.963
LOKIASV2_1937_ESMFold_hypothetical_protein	A0A4D6DWI5_unrelaxed_rank_001_alphafold2_ptm_model_3_seed_000.pdb	A0A4D6DWI5_unrelaxed_rank_001_alphafold2_ptm_model_3_seed_000.pdb	6.344E+00	0.008	12	182	369	370	1	217	241	256	0.508	0.900
LOKIASV2_1937_ESMFold_hypothetical_protein	A0A890UNA5_unrelaxed_rank_001_alphafold2_ptm_model_5_seed_000.pdb	A0A890UNA5_unrelaxed_rank_001_alphafold2_ptm_model_5_seed_000.pdb	5.406E+00	0.008	12	36	228	370	1	170	260	226	0.522	0.654
LOKIASV2_1937_ESMFold_hypothetical_protein	A0A894KH54_unrelaxed_rank_001_alphafold2_ptm_model_2_seed_000.pdb	A0A894KH54_unrelaxed_rank_001_alphafold2_ptm_model_2_seed_000.pdb	1.502E+00	0.008	12	7	287	370	6	234	317	308	0.759	0.722
LOKIASV2_1937_ESMFold_hypothetical_protein	A0A5J6D7T5_unrelaxed_rank_001_alphafold2_ptm_model_4_seed_000.pdb	A0A5J6D7T5_unrelaxed_rank_001_alphafold2_ptm_model_4_seed_000.pdb	4.606E+00	0.008	12	181	360	370	168	401	401	254	0.486	0.584
LOKIASV2_1937_ESMFold_hypothetical_protein	S4W1R1_unrelaxed_rank_001_alphafold2_ptm_model_3_seed_000.pdb	S4W1R1_unrelaxed_rank_001_alphafold2_ptm_model_3_seed_000.pdb	2.069E+00	0.008	12	16	362	370	38	467	468	487	0.938	0.919
LOKIASV2_1937_ESMFold_hypothetical_protein	U3GQ26_unrelaxed_rank_001_alphafold2_ptm_model_3_seed_000.pdb	U3GQ26_unrelaxed_rank_001_alphafold2_ptm_model_3_seed_000.pdb	6.344E+00	0.008	12	232	368	370	400	493	753	141	0.370	0.125
LOKIASV2_1937_ESMFold_hypothetical_protein	A0A6G6XMY7_2_unrelaxed_rank_001_alphafold2_ptm_model_3_seed_000.pdb	A0A6G6XMY7_2_unrelaxed_rank_001_alphafold2_ptm_model_3_seed_000.pdb	1.584E+00	0.008	12	46	363	370	95	359	897	379	0.859	0.295
LOKIASV2_1937_ESMFold_hypothetical_protein	A0A6J5PYY2_unrelaxed_rank_001_alphafold2_ptm_model_1_seed_000.pdb	A0A6J5PYY2_unrelaxed_rank_001_alphafold2_ptm_model_1_seed_000.pdb	2.561E+00	0.008	12	25	361	370	612	901	926	416	0.911	0.313
LOKIASV2_1937_ESMFold_hypothetical_protein	A0A6M5CCT3_unrelaxed_rank_001_alphafold2_ptm_model_3_seed_000.pdb	A0A6M5CCT3_unrelaxed_rank_001_alphafold2_ptm_model_3_seed_000.pdb	1.502E+00	0.008	12	28	364	370	546	1044	1317	550	0.911	0.379
LOKIASV2_1937_ESMFold_hypothetical_protein	A0A6F8QHA1_4_unrelaxed_rank_001_alphafold2_ptm_model_5_seed_000.pdb	A0A6F8QHA1_4_unrelaxed_rank_001_alphafold2_ptm_model_5_seed_000.pdb	8.739E+00	0.008	12	186	302	370	1176	1271	1492	135	0.316	0.064
LOKIASV2_1937_ESMFold_hypothetical_protein	A0A6B9LGI5_unrelaxed_rank_001_alphafold2_ptm_model_1_seed_000.pdb	A0A6B9LGI5_unrelaxed_rank_001_alphafold2_ptm_model_1_seed_000.pdb	5.702E+00	0.007	11	8	97	370	9	68	94	90	0.243	0.638
LOKIASV2_1937_ESMFold_hypothetical_protein	A0A5B8HWW4_unrelaxed_rank_001_alphafold2_ptm_model_3_seed_000.pdb	A0A5B8HWW4_unrelaxed_rank_001_alphafold2_ptm_model_3_seed_000.pdb	5.406E+00	0.007	11	1	97	370	1	115	117	134	0.262	0.983
LOKIASV2_1937_ESMFold_hypothetical_protein	A0A126HHV5_unrelaxed_rank_001_alphafold2_ptm_model_3_seed_000.pdb	A0A126HHV5_unrelaxed_rank_001_alphafold2_ptm_model_3_seed_000.pdb	7.446E+00	0.007	11	8	97	370	66	140	161	96	0.243	0.466
LOKIASV2_1937_ESMFold_hypothetical_protein	A6MA99_unrelaxed_rank_001_alphafold2_ptm_model_5_seed_000.pdb	A6MA99_unrelaxed_rank_001_alphafold2_ptm_model_5_seed_000.pdb	7.854E+00	0.007	11	3	94	370	67	145	375	100	0.249	0.211
LOKIASV2_1937_ESMFold_hypothetical_protein	A0A1V0SEU7_unrelaxed_rank_001_alphafold2_ptm_model_2_seed_000.pdb	A0A1V0SEU7_unrelaxed_rank_001_alphafold2_ptm_model_2_seed_000.pdb	2.849E+00	0.007	11	27	370	370	7	373	388	455	0.930	0.946
LOKIASV2_1937_ESMFold_hypothetical_protein	A0A2L0UZX5_unrelaxed_rank_001_alphafold2_ptm_model_4_seed_000.pdb	A0A2L0UZX5_unrelaxed_rank_001_alphafold2_ptm_model_4_seed_000.pdb	4.859E+00	0.007	11	2	359	370	15	386	392	481	0.968	0.949
LOKIASV2_1937_ESMFold_hypothetical_protein	A0A2I7RRW7_unrelaxed_rank_001_alphafold2_ptm_model_1_seed_000.pdb	A0A2I7RRW7_unrelaxed_rank_001_alphafold2_ptm_model_1_seed_000.pdb	3.721E+00	0.007	11	8	237	370	237	383	575	232	0.622	0.256
LOKIASV2_1937_ESMFold_hypothetical_protein	A0A858NQ02_unrelaxed_rank_001_alphafold2_ptm_model_3_seed_000.pdb	A0A858NQ02_unrelaxed_rank_001_alphafold2_ptm_model_3_seed_000.pdb	1.961E+00	0.007	11	46	252	370	204	482	666	311	0.559	0.419
LOKIASV2_1937_ESMFold_hypothetical_protein	A0A0B4UDJ1_unrelaxed_rank_001_alphafold2_ptm_model_2_seed_000.pdb	A0A0B4UDJ1_unrelaxed_rank_001_alphafold2_ptm_model_2_seed_000.pdb	1.502E+00	0.007	11	8	316	370	383	712	1274	389	0.835	0.259
LOKIASV2_1937_ESMFold_hypothetical_protein	A0A4Y5FEV5_unrelaxed_rank_001_alphafold2_ptm_model_1_seed_000.pdb	A0A4Y5FEV5_unrelaxed_rank_001_alphafold2_ptm_model_1_seed_000.pdb	2.182E+00	0.007	11	73	362	370	16	340	1476	402	0.784	0.220
LOKIASV2_1937_ESMFold_hypothetical_protein	A0A8D9FR61_unrelaxed_rank_001_alphafold2_ptm_model_1_seed_000.pdb	A0A8D9FR61_unrelaxed_rank_001_alphafold2_ptm_model_1_seed_000.pdb	8.285E+00	0.000	10	187	362	370	2	139	140	195	0.476	0.986
LOKIASV2_1937_ESMFold_hypothetical_protein	A0A5K0UAL3_unrelaxed_rank_001_alphafold2_ptm_model_4_seed_000.pdb	A0A5K0UAL3_unrelaxed_rank_001_alphafold2_ptm_model_4_seed_000.pdb	7.059E+00	0.000	10	188	361	370	39	158	233	183	0.470	0.515
LOKIASV2_1937_ESMFold_hypothetical_protein	A0A7R8R9M5_unrelaxed_rank_001_alphafold2_ptm_model_3_seed_000.pdb	A0A7R8R9M5_unrelaxed_rank_001_alphafold2_ptm_model_3_seed_000.pdb	8.739E+00	0.000	10	4	171	370	1	204	236	240	0.454	0.864
LOKIASV2_1937_ESMFold_hypothetical_protein	G9IA44_unrelaxed_rank_001_alphafold2_ptm_model_4_seed_000.pdb	G9IA44_unrelaxed_rank_001_alphafold2_ptm_model_4_seed_000.pdb	9.218E+00	0.000	10	186	362	370	3	180	249	219	0.478	0.715
LOKIASV2_1937_ESMFold_hypothetical_protein	A0A886NH38_unrelaxed_rank_001_alphafold2_ptm_model_5_seed_000.pdb	A0A886NH38_unrelaxed_rank_001_alphafold2_ptm_model_5_seed_000.pdb	4.367E+00	0.000	10	8	236	370	33	217	256	256	0.619	0.723
LOKIASV2_1937_ESMFold_hypothetical_protein	H2E083_unrelaxed_rank_001_alphafold2_ptm_model_1_seed_000.pdb	H2E083_unrelaxed_rank_001_alphafold2_ptm_model_1_seed_000.pdb	7.446E+00	0.000	10	2	370	370	35	286	288	392	0.997	0.875
LOKIASV2_1937_ESMFold_hypothetical_protein	A0A1L3KPQ0_2_unrelaxed_rank_001_alphafold2_ptm_model_2_seed_000.pdb	A0A1L3KPQ0_2_unrelaxed_rank_001_alphafold2_ptm_model_2_seed_000.pdb	5.702E+00	0.000	10	186	365	370	423	619	775	225	0.486	0.254
LOKIASV2_1937_ESMFold_hypothetical_protein	M9MUG9_unrelaxed_rank_001_alphafold2_ptm_model_3_seed_000.pdb	M9MUG9_unrelaxed_rank_001_alphafold2_ptm_model_3_seed_000.pdb	7.854E+00	0.000	10	79	227	370	13	101	806	150	0.403	0.110
LOKIASV2_1937_ESMFold_hypothetical_protein	A0A481YSR7_1_unrelaxed_rank_001_alphafold2_ptm_model_1_seed_000.pdb	A0A481YSR7_1_unrelaxed_rank_001_alphafold2_ptm_model_1_seed_000.pdb	7.854E+00	0.000	10	4	368	370	335	664	953	439	0.986	0.346
LOKIASV2_1937_ESMFold_hypothetical_protein	A0A7S5QZZ2_unrelaxed_rank_001_alphafold2_ptm_model_1_seed_000.pdb	A0A7S5QZZ2_unrelaxed_rank_001_alphafold2_ptm_model_1_seed_000.pdb	2.428E+00	0.000	10	18	347	370	515	908	1450	453	0.892	0.272
LOKIASV2_1937_ESMFold_hypothetical_protein	A0A4Y5TNC3_unrelaxed_rank_001_alphafold2_ptm_model_1_seed_000.pdb	A0A4Y5TNC3_unrelaxed_rank_001_alphafold2_ptm_model_1_seed_000.pdb	9.218E+00	0.000	9	8	167	370	5	112	133	167	0.432	0.812
LOKIASV2_1937_ESMFold_hypothetical_protein	A0A4P2UQ47_unrelaxed_rank_001_alphafold2_ptm_model_3_seed_000.pdb	A0A4P2UQ47_unrelaxed_rank_001_alphafold2_ptm_model_3_seed_000.pdb	9.723E+00	0.000	9	188	362	370	15	140	145	195	0.473	0.869
LOKIASV2_1937_ESMFold_hypothetical_protein	A0A7D3UQY4_unrelaxed_rank_001_alphafold2_ptm_model_1_seed_000.pdb	A0A7D3UQY4_unrelaxed_rank_001_alphafold2_ptm_model_1_seed_000.pdb	9.218E+00	0.000	9	101	362	370	21	179	204	282	0.708	0.779
LOKIASV2_1937_ESMFold_hypothetical_protein	A0A7U0J5V8_unrelaxed_rank_001_alphafold2_ptm_model_3_seed_000.pdb	A0A7U0J5V8_unrelaxed_rank_001_alphafold2_ptm_model_3_seed_000.pdb	6.344E+00	0.000	9	108	226	370	58	136	292	129	0.322	0.271
LOKIASV2_1937_ESMFold_hypothetical_protein	A0A1B4XWG4_unrelaxed_rank_001_alphafold2_ptm_model_4_seed_000.pdb	A0A1B4XWG4_unrelaxed_rank_001_alphafold2_ptm_model_4_seed_000.pdb	8.739E+00	0.000	9	155	362	370	42	201	468	225	0.562	0.342
LOKIASV2_1937_ESMFold_hypothetical_protein	A0A7S6IN99_unrelaxed_rank_001_alphafold2_ptm_model_2_seed_000.pdb	A0A7S6IN99_unrelaxed_rank_001_alphafold2_ptm_model_2_seed_000.pdb	1.961E+00	0.000	9	1	286	370	84	360	517	361	0.773	0.536
LOKIASV2_1937_ESMFold_hypothetical_protein	A0A8S5UYF4_unrelaxed_rank_001_alphafold2_ptm_model_3_seed_000.pdb	A0A8S5UYF4_unrelaxed_rank_001_alphafold2_ptm_model_3_seed_000.pdb	5.702E+00	0.000	9	33	270	370	219	453	524	302	0.643	0.448
LOKIASV2_1937_ESMFold_hypothetical_protein	UPI000018F657_unrelaxed_rank_001_alphafold2_ptm_model_2_seed_000.pdb	UPI000018F657_unrelaxed_rank_001_alphafold2_ptm_model_2_seed_000.pdb	5.406E+00	0.000	9	26	234	370	13	172	568	225	0.565	0.282
LOKIASV2_1937_ESMFold_hypothetical_protein	A0A386KLE1_unrelaxed_rank_001_alphafold2_ptm_model_3_seed_000.pdb	A0A386KLE1_unrelaxed_rank_001_alphafold2_ptm_model_3_seed_000.pdb	5.702E+00	0.000	9	27	361	370	242	551	569	411	0.905	0.545
LOKIASV2_1937_ESMFold_hypothetical_protein	A0A1B1IWJ7_unrelaxed_rank_001_alphafold2_ptm_model_1_seed_000.pdb	A0A1B1IWJ7_unrelaxed_rank_001_alphafold2_ptm_model_1_seed_000.pdb	9.723E+00	0.000	9	32	364	370	4	407	582	469	0.900	0.694
LOKIASV2_1937_ESMFold_hypothetical_protein	A0A220NTX8_unrelaxed_rank_001_alphafold2_ptm_model_2_seed_000.pdb	A0A220NTX8_unrelaxed_rank_001_alphafold2_ptm_model_2_seed_000.pdb	5.702E+00	0.000	9	27	361	370	4	478	673	515	0.905	0.706
LOKIASV2_1937_ESMFold_hypothetical_protein	A0A1V0SBK8_unrelaxed_rank_001_alphafold2_ptm_model_3_seed_000.pdb	A0A1V0SBK8_unrelaxed_rank_001_alphafold2_ptm_model_3_seed_000.pdb	5.406E+00	0.000	9	113	369	370	156	378	700	327	0.695	0.319
LOKIASV2_1937_ESMFold_hypothetical_protein	A0A5Q2F2G2_unrelaxed_rank_001_alphafold2_ptm_model_2_seed_000.pdb	A0A5Q2F2G2_unrelaxed_rank_001_alphafold2_ptm_model_2_seed_000.pdb	4.367E+00	0.000	9	33	362	370	1	329	708	435	0.892	0.465
LOKIASV2_1937_ESMFold_hypothetical_protein	A0A7R8R670_unrelaxed_rank_001_alphafold2_ptm_model_3_seed_000.pdb	A0A7R8R670_unrelaxed_rank_001_alphafold2_ptm_model_3_seed_000.pdb	3.006E+00	0.000	9	22	362	370	126	650	842	575	0.922	0.624
LOKIASV2_1937_ESMFold_hypothetical_protein	A0A6M6DE64_unrelaxed_rank_001_alphafold2_ptm_model_3_seed_000.pdb	A0A6M6DE64_unrelaxed_rank_001_alphafold2_ptm_model_3_seed_000.pdb	9.723E+00	0.000	8	33	200	370	2	124	174	184	0.454	0.707
LOKIASV2_1937_ESMFold_hypothetical_protein	A0A514D062_unrelaxed_rank_001_alphafold2_ptm_model_2_seed_000.pdb	A0A514D062_unrelaxed_rank_001_alphafold2_ptm_model_2_seed_000.pdb	5.406E+00	0.000	8	15	228	370	5	174	214	269	0.578	0.794
LOKIASV2_1937_ESMFold_hypothetical_protein	A0A7R5WCZ5_unrelaxed_rank_001_alphafold2_ptm_model_2_seed_000.pdb	A0A7R5WCZ5_unrelaxed_rank_001_alphafold2_ptm_model_2_seed_000.pdb	8.285E+00	0.000	8	1	361	370	132	345	345	383	0.976	0.620
LOKIASV2_1937_ESMFold_hypothetical_protein	A0A127AX08_unrelaxed_rank_001_alphafold2_ptm_model_5_seed_000.pdb	A0A127AX08_unrelaxed_rank_001_alphafold2_ptm_model_5_seed_000.pdb	3.721E+00	0.000	8	106	357	370	84	351	361	346	0.681	0.742
LOKIASV2_1937_ESMFold_hypothetical_protein	UPI001CE64CAA_unrelaxed_rank_001_alphafold2_ptm_model_3_seed_000.pdb	UPI001CE64CAA_unrelaxed_rank_001_alphafold2_ptm_model_3_seed_000.pdb	8.285E+00	0.000	8	8	360	370	196	466	784	427	0.954	0.346
LOKIASV2_1937_ESMFold_hypothetical_protein	A0A0A7E7R2_unrelaxed_rank_001_alphafold2_ptm_model_1_seed_000.pdb	A0A0A7E7R2_unrelaxed_rank_001_alphafold2_ptm_model_1_seed_000.pdb	6.692E+00	0.000	8	9	368	370	404	769	1312	468	0.973	0.279
LOKIASV2_1937_ESMFold_hypothetical_protein	A0A8S5VGQ0_unrelaxed_rank_001_alphafold2_ptm_model_3_seed_000.pdb	A0A8S5VGQ0_unrelaxed_rank_001_alphafold2_ptm_model_3_seed_000.pdb	7.854E+00	0.000	7	42	137	370	55	267	432	218	0.259	0.493
