LOKIASV2_0568_ESMFold_hydroxymethylglutaryl-CoA_reductase-_degradative	LevyLab_Q8TZX7_V1_3_relaxed_B	LevyLab_Q8TZX7_V1_3_relaxed_B 	9.069E-19	1.000	570	19	383	390	35	405	408	405	0.936	0.909
LOKIASV2_0568_ESMFold_hydroxymethylglutaryl-CoA_reductase-_degradative	LevyLab_P12683_V1_4_relaxed_B	LevyLab_P12683_V1_4_relaxed_B 	1.367E-17	1.000	543	18	383	390	651	1022	1054	405	0.938	0.353
LOKIASV2_0568_ESMFold_hydroxymethylglutaryl-CoA_reductase-_degradative	ProtVar_P04035_Q9Y5F7_A	ProtVar_P04035_Q9Y5F7_A 	4.975E-18	1.000	531	8	382	390	476	867	888	424	0.962	0.441
LOKIASV2_0568_ESMFold_hydroxymethylglutaryl-CoA_reductase-_degradative	LevyLab_P12684_V1_3_relaxed_A	LevyLab_P12684_V1_3_relaxed_A 	1.419E-16	1.000	501	19	390	390	644	1024	1045	407	0.954	0.365
LOKIASV2_0568_ESMFold_hydroxymethylglutaryl-CoA_reductase-_degradative	ProtVar_O14967_P04035-2_B	ProtVar_O14967_P04035-2_B 	8.459E-11	1.000	316	102	388	390	524	819	835	320	0.736	0.354
LOKIASV2_0568_ESMFold_hydroxymethylglutaryl-CoA_reductase-_degradative	ProtVar_O60235_Q8NAU1_A	ProtVar_O60235_Q8NAU1_A 	6.986E-02	0.941	71	110	222	390	45	164	418	123	0.290	0.287
LOKIASV2_0568_ESMFold_hydroxymethylglutaryl-CoA_reductase-_degradative	ModelArchive_ma-rap-bacsu-162_B	ModelArchive_ma-rap-bacsu-162_B Predicted interaction between ywqD and ywqC Predicted interaction between ywqD and ywqC	4.565E-02	0.837	63	87	215	390	25	160	248	152	0.331	0.548
LOKIASV2_0568_ESMFold_hydroxymethylglutaryl-CoA_reductase-_degradative	ProtVar_Q6ZMR5_Q9BUB7_A	ProtVar_Q6ZMR5_Q9BUB7_A 	1.189E-01	0.795	61	112	212	390	50	153	418	107	0.259	0.249
LOKIASV2_0568_ESMFold_hydroxymethylglutaryl-CoA_reductase-_degradative	ProtVar_O00214_Q9ULI3_B	ProtVar_O00214_Q9ULI3_B 	3.690E-02	0.795	61	112	220	390	1065	1185	1381	125	0.279	0.088
LOKIASV2_0568_ESMFold_hydroxymethylglutaryl-CoA_reductase-_degradative	ProtVar_P11021_Q6X784-2_B	ProtVar_P11021_Q6X784-2_B 	1.395E-01	0.772	60	104	215	390	113	247	316	148	0.287	0.427
LOKIASV2_0568_ESMFold_hydroxymethylglutaryl-CoA_reductase-_degradative	ProtVar_Q14435_Q9H3R2_B	ProtVar_Q14435_Q9H3R2_B 	2.286E-02	0.772	60	110	214	390	213	325	512	123	0.269	0.221
LOKIASV2_0568_ESMFold_hydroxymethylglutaryl-CoA_reductase-_degradative	ProtVar_Q16613_Q8N5X7-2_B	ProtVar_Q16613_Q8N5X7-2_B 	1.254E-01	0.692	57	114	215	390	17	104	118	105	0.262	0.746
LOKIASV2_0568_ESMFold_hydroxymethylglutaryl-CoA_reductase-_degradative	ProtVar_P00995_P98073_B	ProtVar_P00995_P98073_B 	5.647E-02	0.692	57	112	216	390	57	169	1019	119	0.269	0.111
LOKIASV2_0568_ESMFold_hydroxymethylglutaryl-CoA_reductase-_degradative	LevyLab_P0A740_V1_3_relaxed_B	LevyLab_P0A740_V1_3_relaxed_B 	1.395E-01	0.663	56	108	213	390	21	141	161	130	0.272	0.752
LOKIASV2_0568_ESMFold_hydroxymethylglutaryl-CoA_reductase-_degradative	ProtVar_P20338_Q9UL52_B	ProtVar_P20338_Q9UL52_B 	1.069E-01	0.663	56	112	214	390	50	167	423	121	0.264	0.279
LOKIASV2_0568_ESMFold_hydroxymethylglutaryl-CoA_reductase-_degradative	ProtVar_O95363_Q13137_B	ProtVar_O95363_Q13137_B 	6.880E-01	0.663	56	112	213	390	362	451	451	106	0.262	0.200
LOKIASV2_0568_ESMFold_hydroxymethylglutaryl-CoA_reductase-_degradative	ModelArchive_ma-rap-bacsu-160_B	ModelArchive_ma-rap-bacsu-160_B Predicted interaction between yveL and yveK Predicted interaction between yveL and yveK	3.690E-02	0.632	55	87	217	390	25	164	234	157	0.336	0.598
LOKIASV2_0568_ESMFold_hydroxymethylglutaryl-CoA_reductase-_degradative	ProtVar_O94905_Q86T26_B	ProtVar_O94905_Q86T26_B 	5.561E-01	0.632	55	109	212	390	41	156	416	122	0.267	0.279
LOKIASV2_0568_ESMFold_hydroxymethylglutaryl-CoA_reductase-_degradative	ProtVar_Q8WVL7_Q9NZB8-2_B	ProtVar_Q8WVL7_Q9NZB8-2_B 	2.937E-01	0.537	52	108	213	390	485	603	620	122	0.272	0.192
LOKIASV2_0568_ESMFold_hydroxymethylglutaryl-CoA_reductase-_degradative	ProtVar_Q13421_Q6X784_B	ProtVar_Q13421_Q6X784_B 	1.919E-01	0.473	50	104	215	390	135	269	338	148	0.287	0.399
LOKIASV2_0568_ESMFold_hydroxymethylglutaryl-CoA_reductase-_degradative	ProtVar_Q8IYX4_Q9ULR5_A	ProtVar_Q8IYX4_Q9ULR5_A 	3.445E-01	0.442	49	113	212	390	136	214	353	104	0.256	0.224
LOKIASV2_0568_ESMFold_hydroxymethylglutaryl-CoA_reductase-_degradative	LevyLab_E7FHI2_V1_3_relaxed_B	LevyLab_E7FHI2_V1_3_relaxed_B 	5.273E-01	0.411	48	109	217	390	2	81	101	110	0.279	0.792
LOKIASV2_0568_ESMFold_hydroxymethylglutaryl-CoA_reductase-_degradative	ModelArchive_ma-bak-cepc-0174_A	ModelArchive_ma-bak-cepc-0174_A Predicted interaction between SUI2 and GCD11 Predicted interaction between SUI2 and GCD11	2.785E-01	0.411	48	107	214	390	180	267	304	109	0.277	0.289
LOKIASV2_0568_ESMFold_hydroxymethylglutaryl-CoA_reductase-_degradative	ProtVar_O43447_Q9GZT8_B	ProtVar_O43447_Q9GZT8_B 	2.411E-02	0.411	48	90	229	390	134	256	377	156	0.359	0.326
LOKIASV2_0568_ESMFold_hydroxymethylglutaryl-CoA_reductase-_degradative	ProtVar_O43447_Q9GZT8-2_B	ProtVar_O43447_Q9GZT8-2_B 	2.682E-02	0.382	47	90	229	390	107	229	350	156	0.359	0.351
LOKIASV2_0568_ESMFold_hydroxymethylglutaryl-CoA_reductase-_degradative	ProtVar_Q5BVD1_Q8NET6_A	ProtVar_Q5BVD1_Q8NET6_A 	8.511E-01	0.353	46	112	182	390	106	169	217	74	0.182	0.295
LOKIASV2_0568_ESMFold_hydroxymethylglutaryl-CoA_reductase-_degradative	LevyLab_Q8X742_V1_3_relaxed_B	LevyLab_Q8X742_V1_3_relaxed_B 	4.042E-01	0.353	46	107	212	390	177	296	383	125	0.272	0.313
LOKIASV2_0568_ESMFold_hydroxymethylglutaryl-CoA_reductase-_degradative	ProtVar_P17752_Q8IWU9_A	ProtVar_P17752_Q8IWU9_A 	1.820E-01	0.353	46	110	213	390	13	88	444	104	0.267	0.171
LOKIASV2_0568_ESMFold_hydroxymethylglutaryl-CoA_reductase-_degradative	ProtVar_Q8IWU9_Q9UKB3_A	ProtVar_Q8IWU9_Q9UKB3_A 	2.937E-01	0.353	46	113	216	390	63	137	490	105	0.267	0.153
LOKIASV2_0568_ESMFold_hydroxymethylglutaryl-CoA_reductase-_degradative	LevyLab_A0A0H3JHC3_V1_3_relaxed_B	LevyLab_A0A0H3JHC3_V1_3_relaxed_B 	4.262E-01	0.326	45	113	206	390	22	100	180	99	0.241	0.439
LOKIASV2_0568_ESMFold_hydroxymethylglutaryl-CoA_reductase-_degradative	ProtVar_O95822_O95900_B	ProtVar_O95822_O95900_B 	4.104E-02	0.301	44	39	200	390	70	247	331	205	0.415	0.538
LOKIASV2_0568_ESMFold_hydroxymethylglutaryl-CoA_reductase-_degradative	ProtVar_Q5BKU9_Q9Y606-2_B	ProtVar_Q5BKU9_Q9Y606-2_B 	5.000E-01	0.301	44	110	200	390	168	275	399	111	0.233	0.271
LOKIASV2_0568_ESMFold_hydroxymethylglutaryl-CoA_reductase-_degradative	LevyLab_Q8X7G0_V1_3_relaxed_B	LevyLab_Q8X7G0_V1_3_relaxed_B 	3.553E-03	0.301	44	77	387	390	120	458	472	392	0.797	0.718
LOKIASV2_0568_ESMFold_hydroxymethylglutaryl-CoA_reductase-_degradative	ProtVar_Q9H0T7_Q9NZB8_B	ProtVar_Q9H0T7_Q9NZB8_B 	3.098E-01	0.301	44	108	215	390	499	620	636	127	0.277	0.192
LOKIASV2_0568_ESMFold_hydroxymethylglutaryl-CoA_reductase-_degradative	ProtVar_P52294_Q76FK4-4_B	ProtVar_P52294_Q76FK4-4_B 	2.785E-01	0.301	44	113	213	390	7	86	1129	107	0.259	0.071
LOKIASV2_0568_ESMFold_hydroxymethylglutaryl-CoA_reductase-_degradative	LevyLab_Q8XE32_V1_5_relaxed_B	LevyLab_Q8XE32_V1_5_relaxed_B 	8.511E-01	0.277	43	112	211	390	705	793	795	102	0.256	0.112
LOKIASV2_0568_ESMFold_hydroxymethylglutaryl-CoA_reductase-_degradative	ProtVar_O43711_Q03154_B	ProtVar_O43711_Q03154_B 	1.636E-01	0.233	41	104	217	390	184	312	408	135	0.292	0.316
LOKIASV2_0568_ESMFold_hydroxymethylglutaryl-CoA_reductase-_degradative	ProtVar_O00425_Q9Y6M1-1_A	ProtVar_O00425_Q9Y6M1-1_A 	1.662E-02	0.233	41	114	389	390	405	569	579	284	0.708	0.285
LOKIASV2_0568_ESMFold_hydroxymethylglutaryl-CoA_reductase-_degradative	LevyLab_Q17R60_V1_5_relaxed_A	LevyLab_Q17R60_V1_5_relaxed_A 	2.135E-01	0.233	41	109	180	390	230	307	797	79	0.185	0.098
LOKIASV2_0568_ESMFold_hydroxymethylglutaryl-CoA_reductase-_degradative	LevyLab_Q8X620_V1_5_relaxed_B	LevyLab_Q8X620_V1_5_relaxed_B 	8.511E-01	0.214	40	113	213	390	2	87	101	105	0.259	0.851
LOKIASV2_0568_ESMFold_hydroxymethylglutaryl-CoA_reductase-_degradative	ProtVar_P13639_Q9NZI8_B	ProtVar_P13639_Q9NZI8_B 	3.146E-02	0.214	40	114	390	390	405	577	577	286	0.710	0.300
LOKIASV2_0568_ESMFold_hydroxymethylglutaryl-CoA_reductase-_degradative	LevyLab_Q8X767_V1_5_relaxed_B	LevyLab_Q8X767_V1_5_relaxed_B 	6.281E-02	0.214	40	102	344	390	309	452	810	244	0.623	0.178
LOKIASV2_0568_ESMFold_hydroxymethylglutaryl-CoA_reductase-_degradative	LevyLab_Q8XBD2_V1_5_relaxed_B	LevyLab_Q8XBD2_V1_5_relaxed_B 	4.042E-01	0.196	39	109	212	390	91	174	190	106	0.267	0.442
LOKIASV2_0568_ESMFold_hydroxymethylglutaryl-CoA_reductase-_degradative	LevyLab_P0AFV3_V1_5_relaxed_B	LevyLab_P0AFV3_V1_5_relaxed_B 	5.561E-01	0.196	39	107	212	390	141	215	215	111	0.272	0.349
LOKIASV2_0568_ESMFold_hydroxymethylglutaryl-CoA_reductase-_degradative	LevyLab_Q8XCV8_V1_3_relaxed_B	LevyLab_Q8XCV8_V1_3_relaxed_B 	1.919E-01	0.196	39	106	244	390	204	341	411	156	0.356	0.336
LOKIASV2_0568_ESMFold_hydroxymethylglutaryl-CoA_reductase-_degradative	LevyLab_P25036_V1_4_relaxed_B	LevyLab_P25036_V1_4_relaxed_B 	8.976E-01	0.196	39	116	222	390	70	175	478	125	0.274	0.222
LOKIASV2_0568_ESMFold_hydroxymethylglutaryl-CoA_reductase-_degradative	LevyLab_Q8X7N8_V1_4_relaxed_B	LevyLab_Q8X7N8_V1_4_relaxed_B 	3.832E-01	0.196	39	104	216	390	186	305	485	132	0.290	0.247
LOKIASV2_0568_ESMFold_hydroxymethylglutaryl-CoA_reductase-_degradative	ProtVar_P49366_Q14151_B	ProtVar_P49366_Q14151_B 	5.273E-01	0.196	39	115	218	390	408	485	953	110	0.267	0.082
LOKIASV2_0568_ESMFold_hydroxymethylglutaryl-CoA_reductase-_degradative	ProtVar_P61026_Q7RTP6_B	ProtVar_P61026_Q7RTP6_B 	3.267E-01	0.196	39	103	211	390	231	354	2002	134	0.279	0.062
LOKIASV2_0568_ESMFold_hydroxymethylglutaryl-CoA_reductase-_degradative	LevyLab_Q8XAV3_V1_2_relaxed_B	LevyLab_Q8XAV3_V1_2_relaxed_B 	3.634E-01	0.179	38	113	213	390	2	77	87	105	0.259	0.874
LOKIASV2_0568_ESMFold_hydroxymethylglutaryl-CoA_reductase-_degradative	ModelArchive_ma-7ov95_E	ModelArchive_ma-7ov95_E Mycoplasma  pneumoniae ribosome Mycoplasma  pneumoniae ribosome	2.937E-01	0.179	38	113	212	390	1	88	92	113	0.256	0.957
LOKIASV2_0568_ESMFold_hydroxymethylglutaryl-CoA_reductase-_degradative	LevyLab_Q8U0U6_V1_3_relaxed_B	LevyLab_Q8U0U6_V1_3_relaxed_B 	7.255E-01	0.179	38	112	213	390	5	109	130	115	0.262	0.808
LOKIASV2_0568_ESMFold_hydroxymethylglutaryl-CoA_reductase-_degradative	LevyLab_A0A0H3JKB2_V1_5_relaxed_B	LevyLab_A0A0H3JKB2_V1_5_relaxed_B 	7.770E-02	0.179	38	82	321	390	2	232	236	289	0.615	0.979
LOKIASV2_0568_ESMFold_hydroxymethylglutaryl-CoA_reductase-_degradative	LevyLab_P25605_V1_4_relaxed_B	LevyLab_P25605_V1_4_relaxed_B 	3.146E-02	0.179	38	109	350	390	74	271	309	253	0.621	0.641
LOKIASV2_0568_ESMFold_hydroxymethylglutaryl-CoA_reductase-_degradative	LevyLab_P32452_V1_3_relaxed_B	LevyLab_P32452_V1_3_relaxed_B 	1.551E-01	0.179	38	112	201	390	239	314	334	95	0.231	0.228
LOKIASV2_0568_ESMFold_hydroxymethylglutaryl-CoA_reductase-_degradative	LevyLab_P0AG25_V1_3_relaxed_B	LevyLab_P0AG25_V1_3_relaxed_B 	4.741E-01	0.179	38	112	215	390	626	701	702	106	0.267	0.108
LOKIASV2_0568_ESMFold_hydroxymethylglutaryl-CoA_reductase-_degradative	ProtVar_Q76FK4_Q96FK6_A	ProtVar_Q76FK4_Q96FK6_A 	4.495E-01	0.179	38	114	182	390	7	61	1167	74	0.177	0.047
LOKIASV2_0568_ESMFold_hydroxymethylglutaryl-CoA_reductase-_degradative	LevyLab_P58830_V1_5_relaxed_B	LevyLab_P58830_V1_5_relaxed_B 	2.601E+00	0.164	37	110	178	390	5	52	140	69	0.177	0.343
LOKIASV2_0568_ESMFold_hydroxymethylglutaryl-CoA_reductase-_degradative	LevyLab_Q8TZX1_V1_3_relaxed_B	LevyLab_Q8TZX1_V1_3_relaxed_B 	8.070E-01	0.164	37	112	217	390	25	147	156	134	0.272	0.788
LOKIASV2_0568_ESMFold_hydroxymethylglutaryl-CoA_reductase-_degradative	ModelArchive_ma-bak-cepc-0448_B	ModelArchive_ma-bak-cepc-0448_B Predicted interaction between POP7 and POP1 Predicted interaction between POP7 and POP1	9.761E-03	0.164	37	7	344	390	143	572	875	478	0.867	0.491
LOKIASV2_0568_ESMFold_hydroxymethylglutaryl-CoA_reductase-_degradative	LevyLab_Q8U408_V1_5_relaxed_B	LevyLab_Q8U408_V1_5_relaxed_B 	5.561E-01	0.150	36	113	217	390	187	262	266	106	0.269	0.286
LOKIASV2_0568_ESMFold_hydroxymethylglutaryl-CoA_reductase-_degradative	LevyLab_P00439_V1_2_relaxed_A	LevyLab_P00439_V1_2_relaxed_A 	4.741E-01	0.150	36	113	221	390	35	118	452	112	0.279	0.186
LOKIASV2_0568_ESMFold_hydroxymethylglutaryl-CoA_reductase-_degradative	LevyLab_Q8X8P1_V1_3_relaxed_B	LevyLab_Q8X8P1_V1_3_relaxed_B 	4.104E-02	0.150	36	106	387	390	176	464	481	352	0.723	0.601
LOKIASV2_0568_ESMFold_hydroxymethylglutaryl-CoA_reductase-_degradative	LevyLab_Q8TZS1_V1_4_relaxed_B	LevyLab_Q8TZS1_V1_4_relaxed_B 	6.523E-01	0.138	35	108	206	390	7	86	157	102	0.254	0.510
LOKIASV2_0568_ESMFold_hydroxymethylglutaryl-CoA_reductase-_degradative	ProtVar_P62166_P78358_B	ProtVar_P62166_P78358_B 	4.495E-01	0.138	35	112	208	390	87	167	180	102	0.249	0.450
LOKIASV2_0568_ESMFold_hydroxymethylglutaryl-CoA_reductase-_degradative	ModelArchive_ma-low-csi-0677_A	ModelArchive_ma-low-csi-0677_A Predicted interaction between PCBP2 and YWHAB Predicted interaction between PCBP2 and YWHAB	2.543E-02	0.138	35	114	346	390	13	164	365	239	0.597	0.416
LOKIASV2_0568_ESMFold_hydroxymethylglutaryl-CoA_reductase-_degradative	ProtVar_O60783_P82932_B	ProtVar_O60783_P82932_B 	3.267E-01	0.126	34	113	197	390	2	80	125	95	0.218	0.632
LOKIASV2_0568_ESMFold_hydroxymethylglutaryl-CoA_reductase-_degradative	ModelArchive_ma-bak-cepc-0252_A	ModelArchive_ma-bak-cepc-0252_A Predicted interaction between MRP17 and RSM18 Predicted interaction between MRP17 and RSM18	5.561E-01	0.126	34	113	213	390	2	98	131	114	0.259	0.740
LOKIASV2_0568_ESMFold_hydroxymethylglutaryl-CoA_reductase-_degradative	ProtVar_O00220_Q15628_B	ProtVar_O00220_Q15628_B 	4.741E-01	0.126	34	110	206	390	10	97	312	103	0.249	0.282
LOKIASV2_0568_ESMFold_hydroxymethylglutaryl-CoA_reductase-_degradative	ProtVar_P52788_Q5NGJ5_A	ProtVar_P52788_Q5NGJ5_A 	9.983E-01	0.126	34	112	212	390	4	109	366	122	0.259	0.290
LOKIASV2_0568_ESMFold_hydroxymethylglutaryl-CoA_reductase-_degradative	LevyLab_Q7Z6G3_V1_1_relaxed_A	LevyLab_Q7Z6G3_V1_1_relaxed_A 	8.511E-01	0.126	34	112	212	390	285	372	386	103	0.259	0.228
LOKIASV2_0568_ESMFold_hydroxymethylglutaryl-CoA_reductase-_degradative	LevyLab_Q05907_V1_4_relaxed_B	LevyLab_Q05907_V1_4_relaxed_B 	2.983E-02	0.126	34	75	385	390	84	420	439	398	0.797	0.768
LOKIASV2_0568_ESMFold_hydroxymethylglutaryl-CoA_reductase-_degradative	LevyLab_Q8X9L2_V1_3_relaxed_B	LevyLab_Q8X9L2_V1_3_relaxed_B 	8.070E-01	0.126	34	88	205	390	343	444	445	126	0.303	0.229
LOKIASV2_0568_ESMFold_hydroxymethylglutaryl-CoA_reductase-_degradative	ModelArchive_ma-bak-cepc-0337_A	ModelArchive_ma-bak-cepc-0337_A Predicted interaction between CBF5 and NAF1 Predicted interaction between CBF5 and NAF1	1.069E-01	0.126	34	39	212	390	67	214	486	185	0.446	0.305
LOKIASV2_0568_ESMFold_hydroxymethylglutaryl-CoA_reductase-_degradative	ModelArchive_ma-bak-cepc-0708_A	ModelArchive_ma-bak-cepc-0708_A Predicted interaction between SNU71 and LUC7 Predicted interaction between SNU71 and LUC7	1.449E+00	0.126	34	114	213	390	116	209	620	107	0.256	0.152
LOKIASV2_0568_ESMFold_hydroxymethylglutaryl-CoA_reductase-_degradative	LevyLab_Q8U061_V1_2_relaxed_B	LevyLab_Q8U061_V1_2_relaxed_B 	7.255E-01	0.116	33	107	180	390	18	106	114	89	0.190	0.781
LOKIASV2_0568_ESMFold_hydroxymethylglutaryl-CoA_reductase-_degradative	ProtVar_O60888_P00441_A	ProtVar_O60888_P00441_A 	6.523E-01	0.116	33	109	212	390	64	149	179	113	0.267	0.480
LOKIASV2_0568_ESMFold_hydroxymethylglutaryl-CoA_reductase-_degradative	LevyLab_P0ADS7_V1_3_relaxed_B	LevyLab_P0ADS7_V1_3_relaxed_B 	4.565E-02	0.116	33	38	336	390	1	243	246	347	0.767	0.988
LOKIASV2_0568_ESMFold_hydroxymethylglutaryl-CoA_reductase-_degradative	ProtVar_P05198_P19525_A	ProtVar_P05198_P19525_A 	1.235E+00	0.116	33	112	213	390	190	279	315	109	0.262	0.286
LOKIASV2_0568_ESMFold_hydroxymethylglutaryl-CoA_reductase-_degradative	LevyLab_Q8X8S6_V1_3_relaxed_B	LevyLab_Q8X8S6_V1_3_relaxed_B 	1.343E-02	0.116	33	86	387	390	37	324	325	356	0.774	0.886
LOKIASV2_0568_ESMFold_hydroxymethylglutaryl-CoA_reductase-_degradative	LevyLab_P63356_V1_4_relaxed_B	LevyLab_P63356_V1_4_relaxed_B 	1.302E+00	0.116	33	113	217	390	265	341	343	105	0.269	0.224
LOKIASV2_0568_ESMFold_hydroxymethylglutaryl-CoA_reductase-_degradative	LevyLab_P0A9J9_V1_3_relaxed_B	LevyLab_P0A9J9_V1_3_relaxed_B 	3.832E-01	0.116	33	112	215	390	295	383	386	115	0.267	0.231
LOKIASV2_0568_ESMFold_hydroxymethylglutaryl-CoA_reductase-_degradative	ProtVar_P49286_Q6AYS7_B	ProtVar_P49286_Q6AYS7_B 	1.471E-01	0.116	33	87	214	390	116	308	408	200	0.328	0.473
LOKIASV2_0568_ESMFold_hydroxymethylglutaryl-CoA_reductase-_degradative	LevyLab_Q8X7S0_V1_5_relaxed_B	LevyLab_Q8X7S0_V1_5_relaxed_B 	3.051E+00	0.116	33	110	214	390	343	439	484	111	0.269	0.200
LOKIASV2_0568_ESMFold_hydroxymethylglutaryl-CoA_reductase-_degradative	ProtVar_P79483_Q5T601_B	ProtVar_P79483_Q5T601_B 	1.014E-01	0.116	33	38	298	390	56	364	910	342	0.669	0.340
LOKIASV2_0568_ESMFold_hydroxymethylglutaryl-CoA_reductase-_degradative	LevyLab_P0ADG0_V1_4_relaxed_B	LevyLab_P0ADG0_V1_4_relaxed_B 	1.235E+00	0.106	32	109	213	390	5	77	96	105	0.269	0.760
LOKIASV2_0568_ESMFold_hydroxymethylglutaryl-CoA_reductase-_degradative	LevyLab_P0AF77_V1_3_relaxed_B	LevyLab_P0AF77_V1_3_relaxed_B 	1.449E+00	0.106	32	45	205	390	8	127	133	166	0.413	0.902
LOKIASV2_0568_ESMFold_hydroxymethylglutaryl-CoA_reductase-_degradative	ModelArchive_ma-rap-bacsu-148_B	ModelArchive_ma-rap-bacsu-148_B Predicted interaction between ymfF and ymfH Predicted interaction between ymfF and ymfH	2.251E-01	0.106	32	109	318	390	255	423	428	224	0.538	0.395
LOKIASV2_0568_ESMFold_hydroxymethylglutaryl-CoA_reductase-_degradative	ProtVar_Q14657_Q96KP4_B	ProtVar_Q14657_Q96KP4_B 	8.070E-01	0.106	32	107	212	390	208	375	475	168	0.272	0.354
LOKIASV2_0568_ESMFold_hydroxymethylglutaryl-CoA_reductase-_degradative	ProtVar_O60671_O60832_B	ProtVar_O60671_O60832_B 	4.042E-01	0.106	32	58	220	390	96	254	514	191	0.418	0.309
LOKIASV2_0568_ESMFold_hydroxymethylglutaryl-CoA_reductase-_degradative	ProtVar_O75928_P07101_B	ProtVar_O75928_P07101_B 	6.880E-01	0.106	32	107	201	390	101	181	528	103	0.244	0.153
LOKIASV2_0568_ESMFold_hydroxymethylglutaryl-CoA_reductase-_degradative	ProtVar_O75152_P51003_B	ProtVar_O75152_P51003_B 	2.601E+00	0.106	32	112	212	390	373	484	745	121	0.259	0.150
LOKIASV2_0568_ESMFold_hydroxymethylglutaryl-CoA_reductase-_degradative	ModelArchive_ma-cpxfq_A	ModelArchive_ma-cpxfq_A HOMOLOGY MODEL OF BACILLUS SUBTILIS GLUTAMINE SYNTHETASE HOMOLOGY MODEL OF BACILLUS SUBTILIS GLUTAMINE SYNTHETASE	1.014E-01	0.098	31	77	380	390	88	357	439	360	0.779	0.615
LOKIASV2_0568_ESMFold_hydroxymethylglutaryl-CoA_reductase-_degradative	ProtVar_P26641_P29692-2_B	ProtVar_P26641_P29692-2_B 	1.993E+00	0.098	31	112	213	390	561	643	647	110	0.262	0.128
LOKIASV2_0568_ESMFold_hydroxymethylglutaryl-CoA_reductase-_degradative	LevyLab_P38149_V1_4_relaxed_B	LevyLab_P38149_V1_4_relaxed_B 	8.070E-01	0.098	31	107	250	390	628	814	878	196	0.369	0.213
LOKIASV2_0568_ESMFold_hydroxymethylglutaryl-CoA_reductase-_degradative	LevyLab_Q8XD54_V1_4_relaxed_B	LevyLab_Q8XD54_V1_4_relaxed_B 	3.774E+00	0.098	31	109	213	390	997	1088	1120	111	0.269	0.082
LOKIASV2_0568_ESMFold_hydroxymethylglutaryl-CoA_reductase-_degradative	ProtVar_O60427_Q14686_B	ProtVar_O60427_Q14686_B 	2.601E+00	0.098	31	114	208	390	45	117	2063	98	0.244	0.035
LOKIASV2_0568_ESMFold_hydroxymethylglutaryl-CoA_reductase-_degradative	ProtVar_P07311_P14621_A	ProtVar_P07311_P14621_A 	6.185E-01	0.090	30	107	217	390	5	92	99	123	0.285	0.889
LOKIASV2_0568_ESMFold_hydroxymethylglutaryl-CoA_reductase-_degradative	LevyLab_Q8U1H2_V1_4_relaxed_B	LevyLab_Q8U1H2_V1_4_relaxed_B 	4.262E-01	0.090	30	109	216	390	6	106	126	126	0.277	0.802
LOKIASV2_0568_ESMFold_hydroxymethylglutaryl-CoA_reductase-_degradative	LevyLab_P07257_V1_3_relaxed_B	LevyLab_P07257_V1_3_relaxed_B 	8.511E-01	0.090	30	112	205	390	236	307	368	97	0.241	0.196
LOKIASV2_0568_ESMFold_hydroxymethylglutaryl-CoA_reductase-_degradative	ProtVar_P29558_P63279_A	ProtVar_P29558_P63279_A 	3.634E-01	0.090	30	115	324	390	62	191	406	224	0.538	0.320
LOKIASV2_0568_ESMFold_hydroxymethylglutaryl-CoA_reductase-_degradative	ProtVar_Q8TBZ6_Q9Y606_B	ProtVar_Q8TBZ6_Q9Y606_B 	1.069E-01	0.090	30	110	357	390	81	317	427	287	0.636	0.555
LOKIASV2_0568_ESMFold_hydroxymethylglutaryl-CoA_reductase-_degradative	LevyLab_Q8U3H3_V1_4_relaxed_A	LevyLab_Q8U3H3_V1_4_relaxed_A 	9.612E-02	0.090	30	14	179	390	29	192	659	190	0.426	0.249
LOKIASV2_0568_ESMFold_hydroxymethylglutaryl-CoA_reductase-_degradative	LevyLab_Q8U3X9_V1_3_relaxed_B	LevyLab_Q8U3X9_V1_3_relaxed_B 	7.652E-01	0.082	29	110	212	390	51	129	138	108	0.264	0.572
LOKIASV2_0568_ESMFold_hydroxymethylglutaryl-CoA_reductase-_degradative	ProtVar_Q12800_Q5VVH5_B	ProtVar_Q12800_Q5VVH5_B 	2.504E-01	0.082	29	104	321	390	54	246	260	256	0.559	0.742
LOKIASV2_0568_ESMFold_hydroxymethylglutaryl-CoA_reductase-_degradative	LevyLab_Q8U1E8_V1_2_relaxed_B	LevyLab_Q8U1E8_V1_2_relaxed_B 	2.466E+00	0.082	29	112	194	390	167	236	304	85	0.213	0.230
LOKIASV2_0568_ESMFold_hydroxymethylglutaryl-CoA_reductase-_degradative	ModelArchive_ma-rap-bacsu-148_A	ModelArchive_ma-rap-bacsu-148_A Predicted interaction between ymfF and ymfH Predicted interaction between ymfF and ymfH	1.395E-01	0.082	29	61	287	390	4	176	426	239	0.582	0.406
LOKIASV2_0568_ESMFold_hydroxymethylglutaryl-CoA_reductase-_degradative	ProtVar_O43175_O43175_A	ProtVar_O43175_O43175_A 	1.235E+00	0.082	29	109	182	390	460	512	533	74	0.190	0.099
LOKIASV2_0568_ESMFold_hydroxymethylglutaryl-CoA_reductase-_degradative	LevyLab_P34761_V1_1_relaxed_A	LevyLab_P34761_V1_1_relaxed_A 	1.792E+00	0.082	29	111	179	390	99	159	661	80	0.177	0.092
LOKIASV2_0568_ESMFold_hydroxymethylglutaryl-CoA_reductase-_degradative	ProtVar_P16144_Q13797_A	ProtVar_P16144_Q13797_A 	1.919E-01	0.082	29	45	229	390	727	925	1822	240	0.474	0.109
LOKIASV2_0568_ESMFold_hydroxymethylglutaryl-CoA_reductase-_degradative	LevyLab_Q8TZI1_V1_4_relaxed_B	LevyLab_Q8TZI1_V1_4_relaxed_B 	1.235E+00	0.076	28	112	206	390	5	80	82	95	0.244	0.927
LOKIASV2_0568_ESMFold_hydroxymethylglutaryl-CoA_reductase-_degradative	LevyLab_Q8U312_V1_5_relaxed_B	LevyLab_Q8U312_V1_5_relaxed_B 	2.466E+00	0.076	28	112	181	390	3	57	102	71	0.179	0.539
LOKIASV2_0568_ESMFold_hydroxymethylglutaryl-CoA_reductase-_degradative	LevyLab_A0A0H3JG09_V1_1_relaxed_B	LevyLab_A0A0H3JG09_V1_1_relaxed_B 	1.235E+00	0.076	28	109	221	390	1	85	280	113	0.290	0.304
LOKIASV2_0568_ESMFold_hydroxymethylglutaryl-CoA_reductase-_degradative	ProtVar_O00217_Q9BPW8_B	ProtVar_O00217_Q9BPW8_B 	1.792E+00	0.076	28	107	232	390	63	171	284	139	0.323	0.384
LOKIASV2_0568_ESMFold_hydroxymethylglutaryl-CoA_reductase-_degradative	ProtVar_O75323_P10809_A	ProtVar_O75323_P10809_A 	1.890E+00	0.076	28	110	231	390	70	172	286	133	0.313	0.360
LOKIASV2_0568_ESMFold_hydroxymethylglutaryl-CoA_reductase-_degradative	ProtVar_Q8N987_Q96P71-2_B	ProtVar_Q8N987_Q96P71-2_B 	1.890E+00	0.076	28	112	180	390	261	314	362	69	0.177	0.149
LOKIASV2_0568_ESMFold_hydroxymethylglutaryl-CoA_reductase-_degradative	LevyLab_Q8U375_V1_5_relaxed_B	LevyLab_Q8U375_V1_5_relaxed_B 	2.743E+00	0.076	28	107	218	390	235	354	440	129	0.287	0.273
LOKIASV2_0568_ESMFold_hydroxymethylglutaryl-CoA_reductase-_degradative	ModelArchive_ma-rap-bacsu-126_B	ModelArchive_ma-rap-bacsu-126_B Predicted interaction between pheS and pheT Predicted interaction between pheS and pheT	1.449E+00	0.076	28	60	213	390	641	804	804	181	0.395	0.204
LOKIASV2_0568_ESMFold_hydroxymethylglutaryl-CoA_reductase-_degradative	ModelArchive_ma-bak-cepc-1091_A	ModelArchive_ma-bak-cepc-1091_A Predicted interaction between PCC1 and KAE1 Predicted interaction between PCC1 and KAE1	1.528E+00	0.069	27	114	206	390	12	84	88	96	0.238	0.830
LOKIASV2_0568_ESMFold_hydroxymethylglutaryl-CoA_reductase-_degradative	LevyLab_Q8X9Z5_V1_3_relaxed_B	LevyLab_Q8X9Z5_V1_3_relaxed_B 	1.235E+00	0.069	27	113	351	390	1	146	163	243	0.613	0.896
LOKIASV2_0568_ESMFold_hydroxymethylglutaryl-CoA_reductase-_degradative	ProtVar_O60725_P15941-7_B	ProtVar_O60725_P15941-7_B 	4.669E+00	0.069	27	120	214	390	52	139	255	96	0.244	0.345
LOKIASV2_0568_ESMFold_hydroxymethylglutaryl-CoA_reductase-_degradative	LevyLab_Q03219_V1_3_relaxed_B	LevyLab_Q03219_V1_3_relaxed_B 	7.255E-01	0.069	27	15	213	390	93	262	274	215	0.510	0.620
LOKIASV2_0568_ESMFold_hydroxymethylglutaryl-CoA_reductase-_degradative	ProtVar_Q9BYG3_Q9Y221_A	ProtVar_Q9BYG3_Q9Y221_A 	2.601E+00	0.069	27	114	223	390	44	140	293	127	0.282	0.331
LOKIASV2_0568_ESMFold_hydroxymethylglutaryl-CoA_reductase-_degradative	LevyLab_P40510_V1_3_relaxed_B	LevyLab_P40510_V1_3_relaxed_B 	6.523E-01	0.069	27	86	201	390	362	458	469	128	0.297	0.207
LOKIASV2_0568_ESMFold_hydroxymethylglutaryl-CoA_reductase-_degradative	ProtVar_O95905_P06400_A	ProtVar_O95905_P06400_A 	1.110E+00	0.069	27	113	245	390	13	121	644	147	0.341	0.169
LOKIASV2_0568_ESMFold_hydroxymethylglutaryl-CoA_reductase-_degradative	ProtVar_Q08830_Q9NWH9_B	ProtVar_Q08830_Q9NWH9_B 	3.217E+00	0.069	27	115	179	390	385	432	1034	68	0.167	0.046
LOKIASV2_0568_ESMFold_hydroxymethylglutaryl-CoA_reductase-_degradative	LevyLab_Q8U087_V1_4_relaxed_B	LevyLab_Q8U087_V1_4_relaxed_B 	5.561E-01	0.063	26	104	251	390	87	185	226	148	0.379	0.438
LOKIASV2_0568_ESMFold_hydroxymethylglutaryl-CoA_reductase-_degradative	LevyLab_Q96P71_V1_5_relaxed_A	LevyLab_Q96P71_V1_5_relaxed_A 	3.217E+00	0.063	26	112	212	390	295	382	396	103	0.259	0.222
LOKIASV2_0568_ESMFold_hydroxymethylglutaryl-CoA_reductase-_degradative	LevyLab_Q499Z3_V1_1_relaxed_B	LevyLab_Q499Z3_V1_1_relaxed_B 	3.774E+00	0.063	26	114	207	390	46	120	407	98	0.241	0.184
LOKIASV2_0568_ESMFold_hydroxymethylglutaryl-CoA_reductase-_degradative	LevyLab_A0A0H3JEN1_V1_3_relaxed_B	LevyLab_A0A0H3JEN1_V1_3_relaxed_B 	5.000E-01	0.063	26	104	367	390	218	428	436	298	0.677	0.484
LOKIASV2_0568_ESMFold_hydroxymethylglutaryl-CoA_reductase-_degradative	ProtVar_Q02040_Q07955_A	ProtVar_Q02040_Q07955_A 	2.641E-01	0.063	26	97	346	390	16	236	695	303	0.641	0.318
LOKIASV2_0568_ESMFold_hydroxymethylglutaryl-CoA_reductase-_degradative	ProtVar_O60516_P06730-3_B	ProtVar_O60516_P06730-3_B 	5.776E+00	0.057	25	114	229	390	130	219	237	116	0.297	0.380
LOKIASV2_0568_ESMFold_hydroxymethylglutaryl-CoA_reductase-_degradative	ProtVar_Q01081_Q9BRL6_B	ProtVar_Q01081_Q9BRL6_B 	3.217E+00	0.057	25	111	213	390	12	91	282	110	0.264	0.284
LOKIASV2_0568_ESMFold_hydroxymethylglutaryl-CoA_reductase-_degradative	LevyLab_P65804_V1_4_relaxed_B	LevyLab_P65804_V1_4_relaxed_B 	2.217E+00	0.057	25	107	250	390	205	341	408	161	0.369	0.336
LOKIASV2_0568_ESMFold_hydroxymethylglutaryl-CoA_reductase-_degradative	ProtVar_O15304_Q8IYS1_B	ProtVar_O15304_Q8IYS1_B 	2.504E-01	0.057	25	106	389	390	194	431	436	324	0.728	0.546
LOKIASV2_0568_ESMFold_hydroxymethylglutaryl-CoA_reductase-_degradative	ProtVar_Q15424_Q9GZQ8_A	ProtVar_Q15424_Q9GZQ8_A 	3.578E+00	0.057	25	115	179	390	407	452	915	65	0.167	0.050
LOKIASV2_0568_ESMFold_hydroxymethylglutaryl-CoA_reductase-_degradative	LevyLab_Q8U3G3_V1_1_relaxed_B	LevyLab_Q8U3G3_V1_1_relaxed_B 	3.051E+00	0.051	24	112	208	390	62	154	182	110	0.249	0.511
LOKIASV2_0568_ESMFold_hydroxymethylglutaryl-CoA_reductase-_degradative	ProtVar_Q01081_Q16560-2_B	ProtVar_Q01081_Q16560-2_B 	4.197E+00	0.051	24	115	177	390	57	102	251	66	0.162	0.183
LOKIASV2_0568_ESMFold_hydroxymethylglutaryl-CoA_reductase-_degradative	LevyLab_P65845_V1_3_relaxed_B	LevyLab_P65845_V1_3_relaxed_B 	2.641E-01	0.051	24	112	369	390	9	235	270	297	0.662	0.841
LOKIASV2_0568_ESMFold_hydroxymethylglutaryl-CoA_reductase-_degradative	LevyLab_P0A7Z6_V1_3_relaxed_B	LevyLab_P0A7Z6_V1_3_relaxed_B 	6.091E+00	0.051	24	159	207	390	180	228	329	57	0.126	0.149
LOKIASV2_0568_ESMFold_hydroxymethylglutaryl-CoA_reductase-_degradative	ProtVar_Q562R1_Q9H1B4-2_B	ProtVar_Q562R1_Q9H1B4-2_B 	3.051E+00	0.051	24	113	254	390	12	115	368	151	0.364	0.283
LOKIASV2_0568_ESMFold_hydroxymethylglutaryl-CoA_reductase-_degradative	LevyLab_O75343_V1_4_relaxed_B	LevyLab_O75343_V1_4_relaxed_B 	1.993E+00	0.051	24	92	232	390	370	499	617	161	0.362	0.211
LOKIASV2_0568_ESMFold_hydroxymethylglutaryl-CoA_reductase-_degradative	ProtVar_Q13618_Q9Y4F3-3_B	ProtVar_Q13618_Q9Y4F3-3_B 	8.511E-01	0.051	24	115	335	390	791	954	1683	237	0.567	0.097
LOKIASV2_0568_ESMFold_hydroxymethylglutaryl-CoA_reductase-_degradative	LevyLab_P0ADU3_V1_1_relaxed_B	LevyLab_P0ADU3_V1_1_relaxed_B 	7.535E+00	0.045	23	113	213	390	2	101	104	119	0.259	0.962
LOKIASV2_0568_ESMFold_hydroxymethylglutaryl-CoA_reductase-_degradative	LevyLab_Q8U1M3_V1_3_relaxed_B	LevyLab_Q8U1M3_V1_3_relaxed_B 	6.424E+00	0.045	23	112	200	390	2	94	128	111	0.228	0.727
LOKIASV2_0568_ESMFold_hydroxymethylglutaryl-CoA_reductase-_degradative	LevyLab_P32471_V1_3_relaxed_B	LevyLab_P32471_V1_3_relaxed_B 	1.374E+00	0.045	23	46	213	390	60	202	206	180	0.431	0.694
LOKIASV2_0568_ESMFold_hydroxymethylglutaryl-CoA_reductase-_degradative	ProtVar_Q92561_Q96DH6-2_B	ProtVar_Q92561_Q96DH6-2_B 	3.578E+00	0.045	23	110	177	390	16	63	251	70	0.174	0.191
LOKIASV2_0568_ESMFold_hydroxymethylglutaryl-CoA_reductase-_degradative	ProtVar_Q9BQ13_Q9BQ13_B	ProtVar_Q9BQ13_Q9BQ13_B 	3.393E+00	0.045	23	85	182	390	143	253	255	119	0.251	0.435
LOKIASV2_0568_ESMFold_hydroxymethylglutaryl-CoA_reductase-_degradative	LevyLab_Q8U2C1_V1_1_relaxed_B	LevyLab_Q8U2C1_V1_1_relaxed_B 	3.445E-01	0.045	23	113	356	390	1	197	266	274	0.626	0.741
LOKIASV2_0568_ESMFold_hydroxymethylglutaryl-CoA_reductase-_degradative	ProtVar_P11474_P24830_B	ProtVar_P11474_P24830_B 	6.091E+00	0.045	23	114	212	390	290	364	370	103	0.254	0.203
LOKIASV2_0568_ESMFold_hydroxymethylglutaryl-CoA_reductase-_degradative	LevyLab_P65809_V1_3_relaxed_B	LevyLab_P65809_V1_3_relaxed_B 	3.832E-01	0.045	23	49	250	390	90	333	403	279	0.518	0.605
LOKIASV2_0568_ESMFold_hydroxymethylglutaryl-CoA_reductase-_degradative	ProtVar_O43567_Q14849_B	ProtVar_O43567_Q14849_B 	8.839E+00	0.045	23	157	206	390	381	437	445	57	0.128	0.128
LOKIASV2_0568_ESMFold_hydroxymethylglutaryl-CoA_reductase-_degradative	ProtVar_A6NDY0_O75439_B	ProtVar_A6NDY0_O75439_B 	3.267E-01	0.045	23	38	313	390	37	225	489	288	0.708	0.387
LOKIASV2_0568_ESMFold_hydroxymethylglutaryl-CoA_reductase-_degradative	ProtVar_P43355_Q03782_B	ProtVar_P43355_Q03782_B 	2.785E-01	0.045	23	87	379	390	47	252	492	306	0.751	0.419
LOKIASV2_0568_ESMFold_hydroxymethylglutaryl-CoA_reductase-_degradative	ProtVar_P61981_P78524-2_B	ProtVar_P61981_P78524-2_B 	1.395E-01	0.045	23	1	293	390	230	498	717	336	0.751	0.375
LOKIASV2_0568_ESMFold_hydroxymethylglutaryl-CoA_reductase-_degradative	ProtVar_P50747_Q96BZ9-3_A	ProtVar_P50747_Q96BZ9-3_A 	1.611E+00	0.045	23	224	383	390	521	665	726	172	0.410	0.200
LOKIASV2_0568_ESMFold_hydroxymethylglutaryl-CoA_reductase-_degradative	ProtVar_O00358_P14735_B	ProtVar_O00358_P14735_B 	2.504E-01	0.045	23	59	293	390	55	251	1019	274	0.603	0.193
LOKIASV2_0568_ESMFold_hydroxymethylglutaryl-CoA_reductase-_degradative	LevyLab_Q8U4F5_V1_3_relaxed_B	LevyLab_Q8U4F5_V1_3_relaxed_B 	2.102E+00	0.040	22	67	213	390	1	188	188	211	0.377	1.000
LOKIASV2_0568_ESMFold_hydroxymethylglutaryl-CoA_reductase-_degradative	LevyLab_P43607_V1_2_relaxed_B	LevyLab_P43607_V1_2_relaxed_B 	1.890E+00	0.040	22	107	208	390	130	235	289	129	0.262	0.367
LOKIASV2_0568_ESMFold_hydroxymethylglutaryl-CoA_reductase-_degradative	LevyLab_Q8N987_V1_1_relaxed_A	LevyLab_Q8N987_V1_1_relaxed_A 	1.449E+00	0.040	22	7	217	390	209	343	351	221	0.541	0.385
LOKIASV2_0568_ESMFold_hydroxymethylglutaryl-CoA_reductase-_degradative	ProtVar_A5D8T8_Q66LE6_A	ProtVar_A5D8T8_Q66LE6_A 	6.424E+00	0.040	22	110	181	390	104	182	446	85	0.185	0.177
LOKIASV2_0568_ESMFold_hydroxymethylglutaryl-CoA_reductase-_degradative	ProtVar_P15880_Q9BTD8-2_B	ProtVar_P15880_Q9BTD8-2_B 	5.776E+00	0.040	22	114	179	390	350	399	450	69	0.169	0.111
LOKIASV2_0568_ESMFold_hydroxymethylglutaryl-CoA_reductase-_degradative	LevyLab_P10507_V1_2_relaxed_B	LevyLab_P10507_V1_2_relaxed_B 	8.976E-01	0.040	22	39	206	390	7	143	462	188	0.431	0.297
LOKIASV2_0568_ESMFold_hydroxymethylglutaryl-CoA_reductase-_degradative	ProtVar_O75208_Q10713_B	ProtVar_O75208_Q10713_B 	6.880E-01	0.040	22	109	357	390	314	481	525	272	0.638	0.320
LOKIASV2_0568_ESMFold_hydroxymethylglutaryl-CoA_reductase-_degradative	ProtVar_P62753_Q8WXA9-2_B	ProtVar_P62753_Q8WXA9-2_B 	1.449E+00	0.040	22	39	197	390	131	240	624	164	0.408	0.176
LOKIASV2_0568_ESMFold_hydroxymethylglutaryl-CoA_reductase-_degradative	LevyLab_Q5JSQ8_V1_5_relaxed_B	LevyLab_Q5JSQ8_V1_5_relaxed_B 	3.980E+00	0.034	21	116	179	390	23	72	128	64	0.164	0.391
LOKIASV2_0568_ESMFold_hydroxymethylglutaryl-CoA_reductase-_degradative	LevyLab_P0A6Z8_V1_3_relaxed_B	LevyLab_P0A6Z8_V1_3_relaxed_B 	4.427E+00	0.034	21	107	212	390	48	127	133	108	0.272	0.602
LOKIASV2_0568_ESMFold_hydroxymethylglutaryl-CoA_reductase-_degradative	LevyLab_Q8U1B9_V1_4_relaxed_B	LevyLab_Q8U1B9_V1_4_relaxed_B 	5.865E-01	0.034	21	38	180	390	22	117	147	146	0.367	0.653
LOKIASV2_0568_ESMFold_hydroxymethylglutaryl-CoA_reductase-_degradative	ModelArchive_ma-rap-bacsu-116_B	ModelArchive_ma-rap-bacsu-116_B Predicted interaction between sdaAA and sdaAB Predicted interaction between sdaAA and sdaAB	4.197E+00	0.034	21	115	213	390	147	214	220	101	0.254	0.309
LOKIASV2_0568_ESMFold_hydroxymethylglutaryl-CoA_reductase-_degradative	ModelArchive_ma-sysbio-bei-27_E	ModelArchive_ma-sysbio-bei-27_E SecYEDF-YidC - AlphaFold-Multimer model SecYEDF-YidC - AlphaFold-Multimer model	6.880E-01	0.034	21	86	382	390	29	306	323	364	0.762	0.861
LOKIASV2_0568_ESMFold_hydroxymethylglutaryl-CoA_reductase-_degradative	ProtVar_P21854_Q8WWH5_B	ProtVar_P21854_Q8WWH5_B 	2.217E+00	0.034	21	17	212	390	49	273	349	258	0.503	0.645
LOKIASV2_0568_ESMFold_hydroxymethylglutaryl-CoA_reductase-_degradative	ProtVar_Q5JTD7_Q96EP5-2_B	ProtVar_Q5JTD7_Q96EP5-2_B 	4.669E+00	0.034	21	110	197	390	112	172	378	90	0.226	0.161
LOKIASV2_0568_ESMFold_hydroxymethylglutaryl-CoA_reductase-_degradative	LevyLab_Q8U4N1_V1_2_relaxed_B	LevyLab_Q8U4N1_V1_2_relaxed_B 	7.947E+00	0.029	20	106	206	390	3	81	95	104	0.259	0.832
LOKIASV2_0568_ESMFold_hydroxymethylglutaryl-CoA_reductase-_degradative	LevyLab_P0A8C3_V1_2_relaxed_B	LevyLab_P0A8C3_V1_2_relaxed_B 	3.774E+00	0.029	20	106	180	390	12	101	107	96	0.192	0.841
LOKIASV2_0568_ESMFold_hydroxymethylglutaryl-CoA_reductase-_degradative	LevyLab_P0A952_V1_3_relaxed_B	LevyLab_P0A952_V1_3_relaxed_B 	4.495E-01	0.029	20	14	216	390	12	184	186	232	0.521	0.930
LOKIASV2_0568_ESMFold_hydroxymethylglutaryl-CoA_reductase-_degradative	LevyLab_Q8U413_V1_5_relaxed_B	LevyLab_Q8U413_V1_5_relaxed_B 	3.217E+00	0.029	20	113	179	390	92	141	193	67	0.172	0.259
LOKIASV2_0568_ESMFold_hydroxymethylglutaryl-CoA_reductase-_degradative	ProtVar_Q08170_Q9BRL6-2_B	ProtVar_Q08170_Q9BRL6-2_B 	5.776E+00	0.029	20	107	212	390	8	90	275	113	0.272	0.302
LOKIASV2_0568_ESMFold_hydroxymethylglutaryl-CoA_reductase-_degradative	ProtVar_Q63ZY3_Q7Z6G3-2_B	ProtVar_Q63ZY3_Q7Z6G3-2_B 	6.775E+00	0.029	20	112	212	390	202	289	303	105	0.259	0.290
LOKIASV2_0568_ESMFold_hydroxymethylglutaryl-CoA_reductase-_degradative	ProtVar_A6NDY0_P17707_B	ProtVar_A6NDY0_P17707_B 	1.235E+00	0.029	20	110	330	390	8	171	334	231	0.567	0.491
LOKIASV2_0568_ESMFold_hydroxymethylglutaryl-CoA_reductase-_degradative	ProtVar_P31483_Q8Z9R8_A	ProtVar_P31483_Q8Z9R8_A 	6.091E+00	0.029	20	109	189	390	5	68	386	86	0.208	0.166
LOKIASV2_0568_ESMFold_hydroxymethylglutaryl-CoA_reductase-_degradative	ProtVar_P55199_Q9H6A0_B	ProtVar_P55199_Q9H6A0_B 	1.323E-01	0.029	20	39	302	390	32	284	471	314	0.677	0.537
LOKIASV2_0568_ESMFold_hydroxymethylglutaryl-CoA_reductase-_degradative	ProtVar_Q6GTS8_Q6IN84_A	ProtVar_Q6GTS8_Q6IN84_A 	9.983E-01	0.029	20	60	250	390	217	421	502	247	0.490	0.408
LOKIASV2_0568_ESMFold_hydroxymethylglutaryl-CoA_reductase-_degradative	ProtVar_P06241_Q9ULE3_B	ProtVar_P06241_Q9ULE3_B 	2.641E-01	0.029	20	2	293	390	517	787	1009	335	0.749	0.269
LOKIASV2_0568_ESMFold_hydroxymethylglutaryl-CoA_reductase-_degradative	LevyLab_A8B1J3_V1_1_relaxed_B	LevyLab_A8B1J3_V1_1_relaxed_B 	8.839E+00	0.024	19	104	181	390	12	106	109	111	0.200	0.872
LOKIASV2_0568_ESMFold_hydroxymethylglutaryl-CoA_reductase-_degradative	LevyLab_P69489_V1_3_relaxed_B	LevyLab_P69489_V1_3_relaxed_B 	7.145E+00	0.024	19	112	212	390	9	92	112	106	0.259	0.750
LOKIASV2_0568_ESMFold_hydroxymethylglutaryl-CoA_reductase-_degradative	LevyLab_A8B1I8_V1_2_relaxed_B	LevyLab_A8B1I8_V1_2_relaxed_B 	4.924E+00	0.024	19	82	181	390	1	128	132	132	0.256	0.970
LOKIASV2_0568_ESMFold_hydroxymethylglutaryl-CoA_reductase-_degradative	LevyLab_Q8NAP1_V1_2_relaxed_B	LevyLab_Q8NAP1_V1_2_relaxed_B 	6.424E+00	0.024	19	106	319	390	19	139	163	226	0.549	0.742
LOKIASV2_0568_ESMFold_hydroxymethylglutaryl-CoA_reductase-_degradative	ProtVar_O15514_Q12926_B	ProtVar_O15514_Q12926_B 	7.535E+00	0.024	19	113	197	390	274	335	359	86	0.218	0.173
LOKIASV2_0568_ESMFold_hydroxymethylglutaryl-CoA_reductase-_degradative	ProtVar_P04632_P06790_B	ProtVar_P04632_P06790_B 	6.775E+00	0.024	19	111	212	390	285	359	365	106	0.262	0.205
LOKIASV2_0568_ESMFold_hydroxymethylglutaryl-CoA_reductase-_degradative	LevyLab_Q8XBV8_V1_3_relaxed_B	LevyLab_Q8XBV8_V1_3_relaxed_B 	9.466E-01	0.024	19	87	389	390	47	373	377	399	0.777	0.867
LOKIASV2_0568_ESMFold_hydroxymethylglutaryl-CoA_reductase-_degradative	ProtVar_O76064_Q99986_B	ProtVar_O76064_Q99986_B 	3.774E+00	0.024	19	115	201	390	67	170	396	115	0.223	0.263
LOKIASV2_0568_ESMFold_hydroxymethylglutaryl-CoA_reductase-_degradative	ProtVar_O00217_P22695_B	ProtVar_O00217_P22695_B 	5.273E-01	0.024	19	38	344	390	13	357	453	425	0.787	0.762
LOKIASV2_0568_ESMFold_hydroxymethylglutaryl-CoA_reductase-_degradative	ProtVar_Q86TM3_Q9NXZ2_A	ProtVar_Q86TM3_Q9NXZ2_A 	4.669E+00	0.024	19	115	213	390	49	130	631	102	0.254	0.130
LOKIASV2_0568_ESMFold_hydroxymethylglutaryl-CoA_reductase-_degradative	ProtVar_P62508_Q86YN6_B	ProtVar_P62508_Q86YN6_B 	6.775E+00	0.024	19	114	177	390	903	946	1023	64	0.164	0.043
LOKIASV2_0568_ESMFold_hydroxymethylglutaryl-CoA_reductase-_degradative	LevyLab_Q8U214_V1_5_relaxed_B	LevyLab_Q8U214_V1_5_relaxed_B 	3.980E+00	0.020	18	104	367	390	3	203	205	311	0.677	0.980
LOKIASV2_0568_ESMFold_hydroxymethylglutaryl-CoA_reductase-_degradative	LevyLab_Q8X709_V1_3_relaxed_B	LevyLab_Q8X709_V1_3_relaxed_B 	3.980E+00	0.020	18	222	379	390	128	260	321	187	0.405	0.414
LOKIASV2_0568_ESMFold_hydroxymethylglutaryl-CoA_reductase-_degradative	LevyLab_Q8XEB2_V1_3_relaxed_B	LevyLab_Q8XEB2_V1_3_relaxed_B 	5.193E+00	0.020	18	89	211	390	227	331	371	130	0.315	0.283
LOKIASV2_0568_ESMFold_hydroxymethylglutaryl-CoA_reductase-_degradative	ProtVar_O14733_Q86Y07-2_B	ProtVar_O14733_Q86Y07-2_B 	1.374E+00	0.020	18	55	201	390	12	159	397	183	0.377	0.373
LOKIASV2_0568_ESMFold_hydroxymethylglutaryl-CoA_reductase-_degradative	ProtVar_P18510_P27930_B	ProtVar_P18510_P27930_B 	1.792E+00	0.020	18	103	182	390	256	313	398	85	0.205	0.146
LOKIASV2_0568_ESMFold_hydroxymethylglutaryl-CoA_reductase-_degradative	LevyLab_P31115_V1_5_relaxed_B	LevyLab_P31115_V1_5_relaxed_B 	8.070E-01	0.020	18	1	372	390	19	321	442	420	0.954	0.686
LOKIASV2_0568_ESMFold_hydroxymethylglutaryl-CoA_reductase-_degradative	LevyLab_P27614_V1_3_relaxed_A	LevyLab_P27614_V1_3_relaxed_A 	2.743E+00	0.020	18	107	204	390	287	444	576	164	0.251	0.274
LOKIASV2_0568_ESMFold_hydroxymethylglutaryl-CoA_reductase-_degradative	ProtVar_O15503_Q12770_B	ProtVar_O15503_Q12770_B 	1.890E+00	0.020	18	174	389	390	233	452	1279	263	0.554	0.172
LOKIASV2_0568_ESMFold_hydroxymethylglutaryl-CoA_reductase-_degradative	Predictome_09ovnnh_CDT1_HUMAN__REV3L_HUMAN__3676aa_unrelaxed_af2mv3_model_1_B	Predictome_09ovnnh_CDT1_HUMAN__REV3L_HUMAN__3676aa_unrelaxed_af2mv3_model_1_B 	8.381E+00	0.020	18	116	245	390	60	167	3130	136	0.333	0.035
LOKIASV2_0568_ESMFold_hydroxymethylglutaryl-CoA_reductase-_degradative	LevyLab_Q8U0C3_V1_5_relaxed_B	LevyLab_Q8U0C3_V1_5_relaxed_B 	4.669E+00	0.016	17	90	181	390	85	201	245	131	0.236	0.478
LOKIASV2_0568_ESMFold_hydroxymethylglutaryl-CoA_reductase-_degradative	ProtVar_P29692_Q13011_A	ProtVar_P29692_Q13011_A 	2.893E+00	0.016	17	17	202	390	91	266	281	214	0.477	0.626
LOKIASV2_0568_ESMFold_hydroxymethylglutaryl-CoA_reductase-_degradative	LevyLab_Q8U1R6_V1_2_relaxed_B	LevyLab_Q8U1R6_V1_2_relaxed_B 	1.171E+00	0.016	17	112	341	390	159	366	388	273	0.590	0.536
LOKIASV2_0568_ESMFold_hydroxymethylglutaryl-CoA_reductase-_degradative	ProtVar_O43291_Q86Y07-3_B	ProtVar_O43291_Q86Y07-3_B 	2.338E+00	0.016	17	58	202	390	1	137	485	177	0.372	0.282
LOKIASV2_0568_ESMFold_hydroxymethylglutaryl-CoA_reductase-_degradative	LevyLab_A0A0H3JG68_V1_1_relaxed_B	LevyLab_A0A0H3JG68_V1_1_relaxed_B 	8.839E+00	0.014	16	106	183	390	21	120	153	112	0.200	0.654
LOKIASV2_0568_ESMFold_hydroxymethylglutaryl-CoA_reductase-_degradative	ProtVar_Q99679_Q9Y519_A	ProtVar_Q99679_Q9Y519_A 	8.381E+00	0.014	16	335	389	390	268	323	349	57	0.141	0.160
LOKIASV2_0568_ESMFold_hydroxymethylglutaryl-CoA_reductase-_degradative	LevyLab_Q8U1M1_V1_1_relaxed_B	LevyLab_Q8U1M1_V1_1_relaxed_B 	3.980E+00	0.014	16	73	251	390	108	288	350	212	0.459	0.517
LOKIASV2_0568_ESMFold_hydroxymethylglutaryl-CoA_reductase-_degradative	ProtVar_P13489_Q86U06_B	ProtVar_P13489_Q86U06_B 	9.831E+00	0.014	16	114	230	390	262	339	439	123	0.300	0.178
LOKIASV2_0568_ESMFold_hydroxymethylglutaryl-CoA_reductase-_degradative	LevyLab_Q05901_V1_4_relaxed_B	LevyLab_Q05901_V1_4_relaxed_B 	1.611E+00	0.014	16	158	275	390	205	280	458	120	0.303	0.166
LOKIASV2_0568_ESMFold_hydroxymethylglutaryl-CoA_reductase-_degradative	ProtVar_O75838_Q86Y07_B	ProtVar_O75838_Q86Y07_B 	1.449E+00	0.014	16	55	201	390	12	159	508	186	0.377	0.291
LOKIASV2_0568_ESMFold_hydroxymethylglutaryl-CoA_reductase-_degradative	ProtVar_Q3MIT2_Q9NX38_A	ProtVar_Q3MIT2_Q9NX38_A 	5.776E+00	0.014	16	72	212	390	384	512	529	164	0.362	0.244
LOKIASV2_0568_ESMFold_hydroxymethylglutaryl-CoA_reductase-_degradative	LevyLab_P38920_V1_5_relaxed_B	LevyLab_P38920_V1_5_relaxed_B 	6.185E-01	0.014	16	119	369	390	501	696	769	271	0.644	0.255
LOKIASV2_0568_ESMFold_hydroxymethylglutaryl-CoA_reductase-_degradative	LevyLab_Q8U3J9_V1_5_relaxed_B	LevyLab_Q8U3J9_V1_5_relaxed_B 	2.743E+00	0.014	16	30	210	390	383	556	1028	223	0.464	0.169
LOKIASV2_0568_ESMFold_hydroxymethylglutaryl-CoA_reductase-_degradative	ProtVar_Q8TDZ2_Q9UF56_A	ProtVar_Q8TDZ2_Q9UF56_A 	3.098E-01	0.014	16	103	375	390	226	445	1067	323	0.700	0.206
LOKIASV2_0568_ESMFold_hydroxymethylglutaryl-CoA_reductase-_degradative	ProtVar_O60266_Q13488_A	ProtVar_O60266_Q13488_A 	9.831E+00	0.014	16	104	233	390	312	427	1144	145	0.333	0.101
LOKIASV2_0568_ESMFold_hydroxymethylglutaryl-CoA_reductase-_degradative	ProtVar_O95630_Q9NSY1_B	ProtVar_O95630_Q9NSY1_B 	3.774E+00	0.014	16	52	197	390	37	147	1161	156	0.374	0.096
LOKIASV2_0568_ESMFold_hydroxymethylglutaryl-CoA_reductase-_degradative	ProtVar_O95622_Q92633_A	ProtVar_O95622_Q92633_A 	5.476E+00	0.014	16	104	231	390	1064	1189	1261	148	0.328	0.100
LOKIASV2_0568_ESMFold_hydroxymethylglutaryl-CoA_reductase-_degradative	Predictome_03zgc1e_TOP2B_HUMAN__DTL_HUMAN__2356aa_unrelaxed_af2mv3_model_1_A	Predictome_03zgc1e_TOP2B_HUMAN__DTL_HUMAN__2356aa_unrelaxed_af2mv3_model_1_A 	2.102E+00	0.014	16	104	389	390	929	1208	1626	345	0.733	0.172
LOKIASV2_0568_ESMFold_hydroxymethylglutaryl-CoA_reductase-_degradative	ProtVar_O14598_Q9BV86_B	ProtVar_O14598_Q9BV86_B 	1.890E+00	0.011	15	94	179	390	147	222	223	100	0.221	0.341
LOKIASV2_0568_ESMFold_hydroxymethylglutaryl-CoA_reductase-_degradative	ProtVar_Q8TEL6_Q9WH76_B	ProtVar_Q8TEL6_Q9WH76_B 	3.774E+00	0.011	15	18	181	390	2	179	229	208	0.421	0.777
LOKIASV2_0568_ESMFold_hydroxymethylglutaryl-CoA_reductase-_degradative	LevyLab_Q719H9_V1_4_relaxed_A	LevyLab_Q719H9_V1_4_relaxed_A 	5.776E+00	0.011	15	112	180	390	140	236	257	99	0.177	0.377
LOKIASV2_0568_ESMFold_hydroxymethylglutaryl-CoA_reductase-_degradative	ProtVar_Q96SI1_Q9Y597_A	ProtVar_Q96SI1_Q9Y597_A 	5.476E+00	0.011	15	112	180	390	166	262	283	100	0.177	0.343
LOKIASV2_0568_ESMFold_hydroxymethylglutaryl-CoA_reductase-_degradative	ProtVar_A6NIH7_O75716_B	ProtVar_A6NIH7_O75716_B 	7.947E+00	0.011	15	52	179	390	1	98	305	140	0.328	0.321
LOKIASV2_0568_ESMFold_hydroxymethylglutaryl-CoA_reductase-_degradative	LevyLab_Q8U0B3_V1_3_relaxed_B	LevyLab_Q8U0B3_V1_3_relaxed_B 	1.528E+00	0.011	15	112	375	390	153	325	326	293	0.677	0.531
LOKIASV2_0568_ESMFold_hydroxymethylglutaryl-CoA_reductase-_degradative	ModelArchive_ma-sysbio-bei-15_C	ModelArchive_ma-sysbio-bei-15_C FtsE2X2 - AlphaFold-Multimer model FtsE2X2 - AlphaFold-Multimer model	3.578E+00	0.011	15	115	370	390	109	347	352	319	0.656	0.679
LOKIASV2_0568_ESMFold_hydroxymethylglutaryl-CoA_reductase-_degradative	LevyLab_Q8U359_V1_1_relaxed_B	LevyLab_Q8U359_V1_1_relaxed_B 	3.578E+00	0.011	15	112	344	390	7	262	375	302	0.597	0.683
LOKIASV2_0568_ESMFold_hydroxymethylglutaryl-CoA_reductase-_degradative	LevyLab_Q8XE02_V1_3_relaxed_B	LevyLab_Q8XE02_V1_3_relaxed_B 	1.110E+00	0.011	15	16	344	390	97	371	400	383	0.844	0.688
LOKIASV2_0568_ESMFold_hydroxymethylglutaryl-CoA_reductase-_degradative	ProtVar_O60704_Q8WXA8_B	ProtVar_O60704_Q8WXA8_B 	2.893E+00	0.011	15	157	278	390	215	297	447	127	0.313	0.186
LOKIASV2_0568_ESMFold_hydroxymethylglutaryl-CoA_reductase-_degradative	ProtVar_O43464_Q5NHI6_B	ProtVar_O43464_Q5NHI6_B 	2.466E+00	0.011	15	5	384	390	129	450	473	451	0.974	0.681
LOKIASV2_0568_ESMFold_hydroxymethylglutaryl-CoA_reductase-_degradative	LevyLab_P43616_V1_3_relaxed_B	LevyLab_P43616_V1_3_relaxed_B 	1.792E+00	0.011	15	107	367	390	213	476	481	347	0.669	0.549
LOKIASV2_0568_ESMFold_hydroxymethylglutaryl-CoA_reductase-_degradative	ModelArchive_ma-bak-cepc-0116_A	ModelArchive_ma-bak-cepc-0116_A Predicted interaction between MAS2 and MAS1 Predicted interaction between MAS2 and MAS1	1.374E+00	0.011	15	45	352	390	7	226	482	329	0.790	0.456
LOKIASV2_0568_ESMFold_hydroxymethylglutaryl-CoA_reductase-_degradative	LevyLab_Q8X739_V1_2_relaxed_B	LevyLab_Q8X739_V1_2_relaxed_B 	1.699E+00	0.011	15	18	179	390	287	476	486	212	0.415	0.391
LOKIASV2_0568_ESMFold_hydroxymethylglutaryl-CoA_reductase-_degradative	LevyLab_A0A0H3JHF5_V1_5_relaxed_A	LevyLab_A0A0H3JHF5_V1_5_relaxed_A 	5.476E+00	0.011	15	87	180	390	470	554	566	105	0.241	0.150
LOKIASV2_0568_ESMFold_hydroxymethylglutaryl-CoA_reductase-_degradative	ModelArchive_ma-bak-cepc-0844_B	ModelArchive_ma-bak-cepc-0844_B Predicted interaction between YML9 and YL032 Predicted interaction between YML9 and YL032	3.774E+00	0.011	15	63	344	390	298	477	825	291	0.723	0.218
LOKIASV2_0568_ESMFold_hydroxymethylglutaryl-CoA_reductase-_degradative	ModelArchive_ma-low-csi-0903_A	ModelArchive_ma-low-csi-0903_A Predicted interaction between AGO1 and WDR1 Predicted interaction between AGO1 and WDR1	1.235E+00	0.011	15	104	267	390	43	261	857	229	0.421	0.256
LOKIASV2_0568_ESMFold_hydroxymethylglutaryl-CoA_reductase-_degradative	ProtVar_Q04917_Q68D51_B	ProtVar_Q04917_Q68D51_B 	1.449E+00	0.011	15	6	293	390	382	713	928	370	0.738	0.358
LOKIASV2_0568_ESMFold_hydroxymethylglutaryl-CoA_reductase-_degradative	ProtVar_Q6PIJ6_Q92844_A	ProtVar_Q6PIJ6_Q92844_A 	6.775E+00	0.011	15	116	205	390	1028	1156	1188	136	0.231	0.109
LOKIASV2_0568_ESMFold_hydroxymethylglutaryl-CoA_reductase-_degradative	LevyLab_P0A949_V1_5_relaxed_B	LevyLab_P0A949_V1_5_relaxed_B 	2.743E+00	0.010	14	68	179	390	101	185	194	120	0.287	0.438
LOKIASV2_0568_ESMFold_hydroxymethylglutaryl-CoA_reductase-_degradative	LevyLab_Q8U0C6_V1_5_relaxed_B	LevyLab_Q8U0C6_V1_5_relaxed_B 	9.322E+00	0.010	14	83	180	390	130	195	201	102	0.251	0.328
LOKIASV2_0568_ESMFold_hydroxymethylglutaryl-CoA_reductase-_degradative	ProtVar_O43251_Q8ZD27_B	ProtVar_O43251_Q8ZD27_B 	3.578E+00	0.010	14	112	373	390	2	222	264	308	0.672	0.837
LOKIASV2_0568_ESMFold_hydroxymethylglutaryl-CoA_reductase-_degradative	ModelArchive_ma-bak-cepc-1029_A	ModelArchive_ma-bak-cepc-1029_A Predicted interaction between USB1 and SYF1 Predicted interaction between USB1 and SYF1	8.511E-01	0.010	14	6	227	390	84	278	290	258	0.569	0.672
LOKIASV2_0568_ESMFold_hydroxymethylglutaryl-CoA_reductase-_degradative	LevyLab_A0A0H3JBS6_V1_2_relaxed_B	LevyLab_A0A0H3JBS6_V1_2_relaxed_B 	7.535E+00	0.010	14	111	296	390	162	363	385	237	0.477	0.525
LOKIASV2_0568_ESMFold_hydroxymethylglutaryl-CoA_reductase-_degradative	LevyLab_P21182_V1_3_relaxed_B	LevyLab_P21182_V1_3_relaxed_B 	2.217E+00	0.010	14	80	320	390	2	191	396	276	0.618	0.480
LOKIASV2_0568_ESMFold_hydroxymethylglutaryl-CoA_reductase-_degradative	ProtVar_P01106_Q16254_B	ProtVar_P01106_Q16254_B 	8.839E+00	0.010	14	16	82	390	114	184	413	75	0.172	0.172
LOKIASV2_0568_ESMFold_hydroxymethylglutaryl-CoA_reductase-_degradative	ProtVar_A0PJW6_O95264-2_B	ProtVar_A0PJW6_O95264-2_B 	5.193E+00	0.010	14	158	278	390	200	278	430	122	0.310	0.184
LOKIASV2_0568_ESMFold_hydroxymethylglutaryl-CoA_reductase-_degradative	ProtVar_A0PJW6_O95264_B	ProtVar_A0PJW6_O95264_B 	4.669E+00	0.010	14	157	278	390	207	289	441	127	0.313	0.188
LOKIASV2_0568_ESMFold_hydroxymethylglutaryl-CoA_reductase-_degradative	ProtVar_P06454_P49840_B	ProtVar_P06454_P49840_B 	4.669E+00	0.010	14	54	265	390	91	239	483	230	0.544	0.308
LOKIASV2_0568_ESMFold_hydroxymethylglutaryl-CoA_reductase-_degradative	ProtVar_P37837_Q15124_B	ProtVar_P37837_Q15124_B 	5.476E+00	0.010	14	94	180	390	419	524	567	126	0.223	0.187
LOKIASV2_0568_ESMFold_hydroxymethylglutaryl-CoA_reductase-_degradative	LevyLab_Q86XN8_V1_4_relaxed_A	LevyLab_Q86XN8_V1_4_relaxed_A 	7.145E+00	0.010	14	63	210	390	211	348	651	171	0.379	0.212
LOKIASV2_0568_ESMFold_hydroxymethylglutaryl-CoA_reductase-_degradative	ProtVar_A2RTX5_P26639_B	ProtVar_A2RTX5_P26639_B 	5.561E-01	0.010	14	20	344	390	223	610	723	479	0.833	0.537
LOKIASV2_0568_ESMFold_hydroxymethylglutaryl-CoA_reductase-_degradative	ProtVar_A5A3E0_Q9UKV8-2_B	ProtVar_A5A3E0_Q9UKV8-2_B 	9.466E-01	0.010	14	106	267	390	37	263	825	238	0.415	0.275
LOKIASV2_0568_ESMFold_hydroxymethylglutaryl-CoA_reductase-_degradative	ProtVar_P62736_Q5SY80-2_B	ProtVar_P62736_Q5SY80-2_B 	3.051E+00	0.010	14	57	228	390	534	680	832	209	0.441	0.177
LOKIASV2_0568_ESMFold_hydroxymethylglutaryl-CoA_reductase-_degradative	ProtVar_P61088_Q12986_B	ProtVar_P61088_Q12986_B 	7.535E+00	0.010	14	121	178	390	966	1059	1120	94	0.149	0.084
LOKIASV2_0568_ESMFold_hydroxymethylglutaryl-CoA_reductase-_degradative	LevyLab_E7FHK8_V1_3_relaxed_B	LevyLab_E7FHK8_V1_3_relaxed_B 	3.774E+00	0.009	13	224	375	390	59	180	235	171	0.390	0.519
LOKIASV2_0568_ESMFold_hydroxymethylglutaryl-CoA_reductase-_degradative	LevyLab_Q8U4D7_V1_5_relaxed_B	LevyLab_Q8U4D7_V1_5_relaxed_B 	3.051E+00	0.009	13	89	288	390	9	217	263	247	0.513	0.795
LOKIASV2_0568_ESMFold_hydroxymethylglutaryl-CoA_reductase-_degradative	ProtVar_P29459_P29460_B	ProtVar_P29459_P29460_B 	3.578E+00	0.009	13	104	235	390	143	218	328	136	0.338	0.232
LOKIASV2_0568_ESMFold_hydroxymethylglutaryl-CoA_reductase-_degradative	ProtVar_Q14181_Q6IA98_B	ProtVar_Q14181_Q6IA98_B 	4.669E+00	0.009	13	77	311	390	218	397	423	250	0.603	0.426
LOKIASV2_0568_ESMFold_hydroxymethylglutaryl-CoA_reductase-_degradative	ProtVar_P28472_Q16445_B	ProtVar_P28472_Q16445_B 	2.743E+00	0.009	13	157	385	390	208	340	453	236	0.587	0.294
LOKIASV2_0568_ESMFold_hydroxymethylglutaryl-CoA_reductase-_degradative	LevyLab_O75311_V1_3_relaxed_A	LevyLab_O75311_V1_3_relaxed_A 	5.776E+00	0.009	13	161	275	390	227	301	464	116	0.295	0.162
LOKIASV2_0568_ESMFold_hydroxymethylglutaryl-CoA_reductase-_degradative	LevyLab_Q8N1C3_V1_3_relaxed_A	LevyLab_Q8N1C3_V1_3_relaxed_A 	2.601E+00	0.009	13	157	389	390	238	372	465	239	0.597	0.290
LOKIASV2_0568_ESMFold_hydroxymethylglutaryl-CoA_reductase-_degradative	ProtVar_P18507_Q9H4B7_A	ProtVar_P18507_Q9H4B7_A 	3.578E+00	0.009	13	157	275	390	240	320	467	124	0.305	0.173
LOKIASV2_0568_ESMFold_hydroxymethylglutaryl-CoA_reductase-_degradative	LevyLab_Q8X9K8_V1_4_relaxed_B	LevyLab_Q8X9K8_V1_4_relaxed_B 	1.053E+00	0.009	13	162	344	390	217	466	477	274	0.469	0.524
LOKIASV2_0568_ESMFold_hydroxymethylglutaryl-CoA_reductase-_degradative	ProtVar_Q8IV16_Q9BX10-2_B	ProtVar_Q8IV16_Q9BX10-2_B 	7.535E+00	0.009	13	114	187	390	11	80	514	82	0.190	0.136
LOKIASV2_0568_ESMFold_hydroxymethylglutaryl-CoA_reductase-_degradative	ProtVar_P30926_Q15822_B	ProtVar_P30926_Q15822_B 	4.669E+00	0.009	13	157	275	390	231	312	529	125	0.305	0.155
LOKIASV2_0568_ESMFold_hydroxymethylglutaryl-CoA_reductase-_degradative	LevyLab_P0AFA3_V1_3_relaxed_B	LevyLab_P0AFA3_V1_3_relaxed_B 	7.947E+00	0.009	13	87	178	390	499	582	598	103	0.236	0.140
LOKIASV2_0568_ESMFold_hydroxymethylglutaryl-CoA_reductase-_degradative	ProtVar_P27348_Q13310_B	ProtVar_P27348_Q13310_B 	5.476E+00	0.009	13	40	319	390	60	236	644	290	0.718	0.275
LOKIASV2_0568_ESMFold_hydroxymethylglutaryl-CoA_reductase-_degradative	ProtVar_P15407_Q0VG06-3_B	ProtVar_P15407_Q0VG06-3_B 	9.831E+00	0.009	13	112	297	390	552	721	730	218	0.477	0.233
LOKIASV2_0568_ESMFold_hydroxymethylglutaryl-CoA_reductase-_degradative	ProtVar_P04637_Q9UKV8_B	ProtVar_P04637_Q9UKV8_B 	2.601E+00	0.009	13	106	231	390	37	205	859	179	0.323	0.197
LOKIASV2_0568_ESMFold_hydroxymethylglutaryl-CoA_reductase-_degradative	ProtVar_Q9BPX1_Q9HB75_B	ProtVar_Q9BPX1_Q9HB75_B 	5.865E-01	0.009	13	104	246	390	397	507	910	166	0.367	0.122
LOKIASV2_0568_ESMFold_hydroxymethylglutaryl-CoA_reductase-_degradative	ProtVar_O14976_Q2M2I8_B	ProtVar_O14976_Q2M2I8_B 	3.578E+00	0.009	13	39	179	390	22	126	961	151	0.362	0.109
LOKIASV2_0568_ESMFold_hydroxymethylglutaryl-CoA_reductase-_degradative	LevyLab_A0A0H3JEB6_V1_3_relaxed_B	LevyLab_A0A0H3JEB6_V1_3_relaxed_B 	7.145E+00	0.008	12	60	181	390	17	104	109	134	0.313	0.807
LOKIASV2_0568_ESMFold_hydroxymethylglutaryl-CoA_reductase-_degradative	LevyLab_Q8U323_V1_2_relaxed_B	LevyLab_Q8U323_V1_2_relaxed_B 	6.424E+00	0.008	12	15	205	390	45	170	174	191	0.490	0.724
LOKIASV2_0568_ESMFold_hydroxymethylglutaryl-CoA_reductase-_degradative	ProtVar_O60547_P38340_B	ProtVar_O60547_P38340_B 	6.424E+00	0.008	12	83	182	390	144	228	232	114	0.256	0.366
LOKIASV2_0568_ESMFold_hydroxymethylglutaryl-CoA_reductase-_degradative	ModelArchive_ma-bak-cepc-0110_B	ModelArchive_ma-bak-cepc-0110_B Predicted interaction between PET122 and PET54 Predicted interaction between PET122 and PET54	7.145E+00	0.008	12	110	324	390	51	247	293	251	0.551	0.672
LOKIASV2_0568_ESMFold_hydroxymethylglutaryl-CoA_reductase-_degradative	ProtVar_Q8N205_Q9NXK6_A	ProtVar_Q8N205_Q9NXK6_A 	7.947E+00	0.008	12	232	383	390	119	285	330	195	0.390	0.506
LOKIASV2_0568_ESMFold_hydroxymethylglutaryl-CoA_reductase-_degradative	LevyLab_Q06624_V1_3_relaxed_B	LevyLab_Q06624_V1_3_relaxed_B 	5.476E+00	0.008	12	84	180	390	130	215	347	117	0.249	0.248
LOKIASV2_0568_ESMFold_hydroxymethylglutaryl-CoA_reductase-_degradative	ProtVar_Q13084_Q9NYK5-2_B	ProtVar_Q13084_Q9NYK5-2_B 	3.051E+00	0.008	12	7	341	390	28	320	353	405	0.859	0.830
LOKIASV2_0568_ESMFold_hydroxymethylglutaryl-CoA_reductase-_degradative	ProtVar_A2RU49_Q92466_A	ProtVar_A2RU49_Q92466_A 	1.993E+00	0.008	12	33	381	390	7	326	373	423	0.895	0.858
LOKIASV2_0568_ESMFold_hydroxymethylglutaryl-CoA_reductase-_degradative	ModelArchive_ma-t3vr3-484_B	ModelArchive_ma-t3vr3-484_B Predicted interaction between CIITA (1-200) and GSK3B (1-391) Predicted interaction between CIITA (1-200) and GSK3B (1-391)	8.381E+00	0.008	12	52	179	390	13	132	391	158	0.328	0.307
LOKIASV2_0568_ESMFold_hydroxymethylglutaryl-CoA_reductase-_degradative	ProtVar_P08311_P30532_B	ProtVar_P08311_P30532_B 	5.193E+00	0.008	12	157	275	390	218	297	468	123	0.305	0.171
LOKIASV2_0568_ESMFold_hydroxymethylglutaryl-CoA_reductase-_degradative	ProtVar_O60476_P17787_B	ProtVar_O60476_P17787_B 	8.381E+00	0.008	12	157	298	390	203	312	502	153	0.364	0.219
LOKIASV2_0568_ESMFold_hydroxymethylglutaryl-CoA_reductase-_degradative	ProtVar_O75063_P32297-1_B	ProtVar_O75063_P32297-1_B 	4.669E+00	0.008	12	157	275	390	206	287	504	125	0.305	0.163
LOKIASV2_0568_ESMFold_hydroxymethylglutaryl-CoA_reductase-_degradative	ProtVar_P07550_P32298-2_B	ProtVar_P07550_P32298-2_B 	2.217E+00	0.008	12	11	201	390	58	273	546	264	0.490	0.396
LOKIASV2_0568_ESMFold_hydroxymethylglutaryl-CoA_reductase-_degradative	ModelArchive_ma-sysbio-bei-27_D	ModelArchive_ma-sysbio-bei-27_D SecYEDF-YidC - AlphaFold-Multimer model SecYEDF-YidC - AlphaFold-Multimer model	3.774E+00	0.008	12	20	235	390	139	349	615	259	0.554	0.343
LOKIASV2_0568_ESMFold_hydroxymethylglutaryl-CoA_reductase-_degradative	ProtVar_O43521_P08514_B	ProtVar_O43521_P08514_B 	7.535E+00	0.008	12	60	181	390	644	732	1039	146	0.313	0.086
LOKIASV2_0568_ESMFold_hydroxymethylglutaryl-CoA_reductase-_degradative	ProtVar_P02462_P08648_B	ProtVar_P02462_P08648_B 	1.302E+00	0.008	12	60	232	390	656	770	1049	199	0.444	0.110
LOKIASV2_0568_ESMFold_hydroxymethylglutaryl-CoA_reductase-_degradative	ModelArchive_ma-ymw4k_A	ModelArchive_ma-ymw4k_A Homology model of RhlR Homology model of RhlR	9.831E+00	0.007	11	113	301	390	37	223	236	226	0.485	0.792
LOKIASV2_0568_ESMFold_hydroxymethylglutaryl-CoA_reductase-_degradative	LevyLab_Q8XBD0_V1_3_relaxed_B	LevyLab_Q8XBD0_V1_3_relaxed_B 	7.145E+00	0.007	11	114	301	390	41	227	240	230	0.482	0.779
LOKIASV2_0568_ESMFold_hydroxymethylglutaryl-CoA_reductase-_degradative	ProtVar_P49257_Q820B6_B	ProtVar_P49257_Q820B6_B 	8.839E+00	0.007	11	116	296	390	52	242	246	222	0.464	0.776
LOKIASV2_0568_ESMFold_hydroxymethylglutaryl-CoA_reductase-_degradative	LevyLab_Q8X524_V1_3_relaxed_B	LevyLab_Q8X524_V1_3_relaxed_B 	4.924E+00	0.007	11	16	179	390	269	448	449	208	0.421	0.401
LOKIASV2_0568_ESMFold_hydroxymethylglutaryl-CoA_reductase-_degradative	ProtVar_O14764_P14867_B	ProtVar_O14764_P14867_B 	8.381E+00	0.007	11	158	298	390	222	328	456	152	0.362	0.235
LOKIASV2_0568_ESMFold_hydroxymethylglutaryl-CoA_reductase-_degradative	LevyLab_P46098_V1_3_relaxed_A	LevyLab_P46098_V1_3_relaxed_A 	6.091E+00	0.007	11	158	275	390	213	289	478	121	0.303	0.161
LOKIASV2_0568_ESMFold_hydroxymethylglutaryl-CoA_reductase-_degradative	LevyLab_Q8X5R9_V1_3_relaxed_B	LevyLab_Q8X5R9_V1_3_relaxed_B 	1.792E+00	0.007	11	127	388	390	69	414	488	388	0.672	0.709
LOKIASV2_0568_ESMFold_hydroxymethylglutaryl-CoA_reductase-_degradative	LevyLab_P43004_V1_5_relaxed_A	LevyLab_P43004_V1_5_relaxed_A 	5.776E+00	0.007	11	233	388	390	310	507	574	221	0.400	0.345
LOKIASV2_0568_ESMFold_hydroxymethylglutaryl-CoA_reductase-_degradative	LevyLab_A0A0T7C0U9_V1_5_relaxed_A	LevyLab_A0A0T7C0U9_V1_5_relaxed_A 	7.947E+00	0.007	11	14	180	390	207	358	585	189	0.428	0.260
LOKIASV2_0568_ESMFold_hydroxymethylglutaryl-CoA_reductase-_degradative	ProtVar_Q15311_Q2M2I8-2_B	ProtVar_Q15311_Q2M2I8-2_B 	5.476E+00	0.007	11	17	179	390	6	126	863	180	0.418	0.140
LOKIASV2_0568_ESMFold_hydroxymethylglutaryl-CoA_reductase-_degradative	ProtVar_Q24JP5_Q96MK3_A	ProtVar_Q24JP5_Q96MK3_A 	1.890E+00	0.007	11	58	228	390	242	368	1023	209	0.438	0.124
LOKIASV2_0568_ESMFold_hydroxymethylglutaryl-CoA_reductase-_degradative	ProtVar_P62136_Q8N3T6_B	ProtVar_P62136_Q8N3T6_B 	2.743E+00	0.007	11	60	232	390	280	408	1108	197	0.444	0.116
LOKIASV2_0568_ESMFold_hydroxymethylglutaryl-CoA_reductase-_degradative	ProtVar_O00214_P35916-2_B	ProtVar_O00214_P35916-2_B 	7.145E+00	0.007	11	114	232	390	456	537	1363	135	0.305	0.060
LOKIASV2_0568_ESMFold_hydroxymethylglutaryl-CoA_reductase-_degradative	LevyLab_Q8X9W8_V1_5_relaxed_B	LevyLab_Q8X9W8_V1_5_relaxed_B 	6.775E+00	0.000	10	19	183	390	7	162	172	198	0.423	0.907
LOKIASV2_0568_ESMFold_hydroxymethylglutaryl-CoA_reductase-_degradative	LevyLab_Q8N7M0_V1_2_relaxed_B	LevyLab_Q8N7M0_V1_2_relaxed_B 	8.381E+00	0.000	10	38	181	390	47	175	179	175	0.369	0.721
LOKIASV2_0568_ESMFold_hydroxymethylglutaryl-CoA_reductase-_degradative	ModelArchive_ma-cww19_L	ModelArchive_ma-cww19_L MODEL OF THE BACTERIAL RNA POLYMERASE OPEN COMPLEX WITH THE SUBSTRATE AND PPGPP BOUND MODEL OF THE BACTERIAL RNA POLYMERASE OPEN COMPLEX WITH THE SUBSTRATE AND PPGPP BOUND	8.381E+00	0.000	10	60	233	390	8	184	229	228	0.446	0.773
LOKIASV2_0568_ESMFold_hydroxymethylglutaryl-CoA_reductase-_degradative	LevyLab_Q8U143_V1_2_relaxed_B	LevyLab_Q8U143_V1_2_relaxed_B 	8.839E+00	0.000	10	233	344	390	6	75	239	116	0.287	0.293
LOKIASV2_0568_ESMFold_hydroxymethylglutaryl-CoA_reductase-_degradative	ProtVar_O75616_Q9NYK5_B	ProtVar_O75616_Q9NYK5_B 	8.381E+00	0.000	10	16	341	390	40	320	338	392	0.836	0.831
LOKIASV2_0568_ESMFold_hydroxymethylglutaryl-CoA_reductase-_degradative	ModelArchive_ma-t3vr3-718_B	ModelArchive_ma-t3vr3-718_B Predicted interaction between KMT2A (2651-3100) and TASP1 (38-420) Predicted interaction between KMT2A (2651-3100) and TASP1 (38-420)	9.322E+00	0.000	10	110	329	390	1	222	383	277	0.564	0.580
LOKIASV2_0568_ESMFold_hydroxymethylglutaryl-CoA_reductase-_degradative	ProtVar_P28482_P49137_B	ProtVar_P28482_P49137_B 	7.947E+00	0.000	10	38	201	390	34	179	400	193	0.421	0.365
LOKIASV2_0568_ESMFold_hydroxymethylglutaryl-CoA_reductase-_degradative	LevyLab_Q494W8_V1_2_relaxed_B	LevyLab_Q494W8_V1_2_relaxed_B 	7.947E+00	0.000	10	158	298	390	110	218	412	153	0.362	0.265
LOKIASV2_0568_ESMFold_hydroxymethylglutaryl-CoA_reductase-_degradative	ProtVar_P00966_Q96SW2_B	ProtVar_P00966_Q96SW2_B 	3.774E+00	0.000	10	103	315	390	77	356	442	315	0.546	0.633
LOKIASV2_0568_ESMFold_hydroxymethylglutaryl-CoA_reductase-_degradative	LevyLab_P47869_V1_3_relaxed_B	LevyLab_P47869_V1_3_relaxed_B 	6.424E+00	0.000	10	157	388	390	218	353	451	240	0.595	0.302
LOKIASV2_0568_ESMFold_hydroxymethylglutaryl-CoA_reductase-_degradative	LevyLab_Q8U1A5_V1_4_relaxed_B	LevyLab_Q8U1A5_V1_4_relaxed_B 	3.578E+00	0.000	10	11	182	390	235	455	456	253	0.441	0.485
LOKIASV2_0568_ESMFold_hydroxymethylglutaryl-CoA_reductase-_degradative	ProtVar_P31644_P34903_A	ProtVar_P31644_P34903_A 	9.322E+00	0.000	10	157	298	390	225	335	462	155	0.364	0.240
LOKIASV2_0568_ESMFold_hydroxymethylglutaryl-CoA_reductase-_degradative	ProtVar_P28472_P43681_A	ProtVar_P28472_P43681_A 	7.535E+00	0.000	10	157	389	390	211	347	473	237	0.597	0.290
LOKIASV2_0568_ESMFold_hydroxymethylglutaryl-CoA_reductase-_degradative	ModelArchive_ma-bak-cepc-0045_A	ModelArchive_ma-bak-cepc-0045_A Predicted interaction between TRP2 and TRP3 Predicted interaction between TRP2 and TRP3	7.535E+00	0.000	10	12	373	390	181	504	507	431	0.928	0.639
LOKIASV2_0568_ESMFold_hydroxymethylglutaryl-CoA_reductase-_degradative	ProtVar_P48454_Q14934_B	ProtVar_P48454_Q14934_B 	3.774E+00	0.000	10	57	232	390	413	559	902	219	0.451	0.163
LOKIASV2_0568_ESMFold_hydroxymethylglutaryl-CoA_reductase-_degradative	ProtVar_Q05586_Q13009_A	ProtVar_Q05586_Q13009_A 	6.091E+00	0.000	10	63	153	390	485	582	938	112	0.233	0.104
LOKIASV2_0568_ESMFold_hydroxymethylglutaryl-CoA_reductase-_degradative	ModelArchive_ma-t3vr3-255_A	ModelArchive_ma-t3vr3-255_A Predicted interaction between ITGAV (30-990) and ITGB6 (498-705) Predicted interaction between ITGAV (30-990) and ITGB6 (498-705)	3.774E+00	0.000	10	60	232	390	606	721	961	199	0.444	0.121
LOKIASV2_0568_ESMFold_hydroxymethylglutaryl-CoA_reductase-_degradative	LevyLab_Q8XCM6_V1_3_relaxed_B	LevyLab_Q8XCM6_V1_3_relaxed_B 	6.091E+00	0.000	9	39	179	390	6	142	155	179	0.362	0.884
LOKIASV2_0568_ESMFold_hydroxymethylglutaryl-CoA_reductase-_degradative	ModelArchive_ma-ymw4k_B	ModelArchive_ma-ymw4k_B Homology model of RhlR Homology model of RhlR	8.381E+00	0.000	9	17	297	390	7	219	236	302	0.721	0.903
LOKIASV2_0568_ESMFold_hydroxymethylglutaryl-CoA_reductase-_degradative	ProtVar_P67870_Q9Y365_B	ProtVar_P67870_Q9Y365_B 	9.322E+00	0.000	9	32	206	390	81	226	291	204	0.449	0.502
LOKIASV2_0568_ESMFold_hydroxymethylglutaryl-CoA_reductase-_degradative	LevyLab_Q8U0D5_V1_1_relaxed_B	LevyLab_Q8U0D5_V1_1_relaxed_B 	5.193E+00	0.000	9	121	322	390	1	249	293	287	0.518	0.850
LOKIASV2_0568_ESMFold_hydroxymethylglutaryl-CoA_reductase-_degradative	ModelArchive_ma-a3k7j-human-KCNJ13_A	ModelArchive_ma-a3k7j-human-KCNJ13_A SWISS-MODEL SERVER (http://swissmodel.expasy.org) Untitled Project SWISS-MODEL SERVER (http://swissmodel.expasy.org) Untitled Project	9.322E+00	0.000	9	60	126	390	158	201	320	68	0.172	0.138
LOKIASV2_0568_ESMFold_hydroxymethylglutaryl-CoA_reductase-_degradative	ProtVar_Q8TCE6_Q9UBI1_A	ProtVar_Q8TCE6_Q9UBI1_A 	7.145E+00	0.000	9	107	380	390	11	311	357	362	0.703	0.843
LOKIASV2_0568_ESMFold_hydroxymethylglutaryl-CoA_reductase-_degradative	ProtVar_Q8N3J6_Q9BY67_A	ProtVar_Q8N3J6_Q9BY67_A 	7.145E+00	0.000	9	157	236	390	159	210	435	85	0.205	0.120
LOKIASV2_0568_ESMFold_hydroxymethylglutaryl-CoA_reductase-_degradative	ProtVar_Q9GZZ6_Q9UGM1_A	ProtVar_Q9GZZ6_Q9UGM1_A 	7.535E+00	0.000	9	158	303	390	206	290	450	150	0.374	0.189
LOKIASV2_0568_ESMFold_hydroxymethylglutaryl-CoA_reductase-_degradative	ProtVar_O00330_P36957_B	ProtVar_O00330_P36957_B 	7.947E+00	0.000	9	17	206	390	264	446	453	236	0.487	0.404
LOKIASV2_0568_ESMFold_hydroxymethylglutaryl-CoA_reductase-_degradative	ProtVar_Q9GZZ6_Q9UGM1_B	ProtVar_Q9GZZ6_Q9UGM1_B 	5.476E+00	0.000	9	158	304	390	207	298	479	154	0.377	0.192
LOKIASV2_0568_ESMFold_hydroxymethylglutaryl-CoA_reductase-_degradative	ProtVar_Q6P531_Q9Y600_A	ProtVar_Q6P531_Q9Y600_A 	8.381E+00	0.000	9	118	234	390	308	409	493	131	0.300	0.207
LOKIASV2_0568_ESMFold_hydroxymethylglutaryl-CoA_reductase-_degradative	LevyLab_Q8X966_V1_4_relaxed_B	LevyLab_Q8X966_V1_4_relaxed_B 	8.839E+00	0.000	9	4	207	390	433	630	630	243	0.523	0.314
LOKIASV2_0568_ESMFold_hydroxymethylglutaryl-CoA_reductase-_degradative	ProtVar_O43557_Q9BW92_B	ProtVar_O43557_Q9BW92_B 	5.776E+00	0.000	9	127	344	390	336	605	718	326	0.559	0.376
LOKIASV2_0568_ESMFold_hydroxymethylglutaryl-CoA_reductase-_degradative	ProtVar_O00748_P05067_B	ProtVar_O00748_P05067_B 	8.839E+00	0.000	9	41	181	390	3	186	770	204	0.362	0.239
LOKIASV2_0568_ESMFold_hydroxymethylglutaryl-CoA_reductase-_degradative	LevyLab_Q04671_V1_5_relaxed_A	LevyLab_Q04671_V1_5_relaxed_A 	5.193E+00	0.000	9	38	275	390	127	369	838	317	0.610	0.290
LOKIASV2_0568_ESMFold_hydroxymethylglutaryl-CoA_reductase-_degradative	ProtVar_O95644_P63104_A	ProtVar_O95644_P63104_A 	3.980E+00	0.000	9	40	230	390	397	565	943	246	0.490	0.179
LOKIASV2_0568_ESMFold_hydroxymethylglutaryl-CoA_reductase-_degradative	ProtVar_P05556_P13612_B	ProtVar_P05556_P13612_B 	7.535E+00	0.000	9	107	228	390	668	745	1032	145	0.313	0.076
LOKIASV2_0568_ESMFold_hydroxymethylglutaryl-CoA_reductase-_degradative	ProtVar_P02461_P06756_B	ProtVar_P02461_P06756_B 	6.091E+00	0.000	9	60	232	390	635	750	1048	200	0.444	0.111
LOKIASV2_0568_ESMFold_hydroxymethylglutaryl-CoA_reductase-_degradative	ProtVar_P27635_Q9H2W6_B	ProtVar_P27635_Q9H2W6_B 	8.839E+00	0.000	8	6	124	390	82	220	279	148	0.305	0.498
LOKIASV2_0568_ESMFold_hydroxymethylglutaryl-CoA_reductase-_degradative	ProtVar_O43488_Q9NZ32_B	ProtVar_O43488_Q9NZ32_B 	6.775E+00	0.000	8	226	340	390	145	269	417	152	0.295	0.300
LOKIASV2_0568_ESMFold_hydroxymethylglutaryl-CoA_reductase-_degradative	ProtVar_P54868_Q15800_A	ProtVar_P54868_Q15800_A 	6.424E+00	0.000	8	86	360	390	171	449	508	355	0.705	0.549
LOKIASV2_0568_ESMFold_hydroxymethylglutaryl-CoA_reductase-_degradative	ProtVar_Q8IZ73_Q9NQP4_A	ProtVar_Q8IZ73_Q9NQP4_A 	9.831E+00	0.000	8	65	206	390	267	423	545	200	0.364	0.288
LOKIASV2_0568_ESMFold_hydroxymethylglutaryl-CoA_reductase-_degradative	ProtVar_P23280_Q7Z333_B	ProtVar_P23280_Q7Z333_B 	3.578E+00	0.000	8	6	272	390	1686	1979	2677	348	0.685	0.110
LOKIASV2_0568_ESMFold_hydroxymethylglutaryl-CoA_reductase-_degradative	ProtVar_P48594_Q96DV4_B	ProtVar_P48594_Q96DV4_B 	9.831E+00	0.000	7	4	230	390	89	271	380	264	0.582	0.482
LOKIASV2_0568_ESMFold_hydroxymethylglutaryl-CoA_reductase-_degradative	ProtVar_Q8N3J6_Q9BY67_B	ProtVar_Q8N3J6_Q9BY67_B 	8.381E+00	0.000	7	60	238	390	146	229	442	179	0.459	0.190
LOKIASV2_0568_ESMFold_hydroxymethylglutaryl-CoA_reductase-_degradative	ProtVar_Q7Z3Z4_Q9Y2W6_A	ProtVar_Q7Z3Z4_Q9Y2W6_A 	8.381E+00	0.000	7	54	231	390	53	247	852	226	0.456	0.229
LOKIASV2_0568_ESMFold_hydroxymethylglutaryl-CoA_reductase-_degradative	ProtVar_P45983_Q12968_B	ProtVar_P45983_Q12968_B 	9.831E+00	0.000	7	58	231	390	434	572	1075	212	0.446	0.129
LOKIASV2_0568_ESMFold_hydroxymethylglutaryl-CoA_reductase-_degradative	ProtVar_Q13618_Q96J92_B	ProtVar_Q13618_Q96J92_B 	9.831E+00	0.000	7	45	388	390	154	528	1243	443	0.882	0.302
LOKIASV2_0568_ESMFold_hydroxymethylglutaryl-CoA_reductase-_degradative	ProtVar_O14498_Q7Z333-3_B	ProtVar_O14498_Q7Z333-3_B 	8.839E+00	0.000	7	1	272	390	1681	1979	2644	353	0.697	0.113
