LOKIASV2_1981_ESMFold_L-seryl-tRNA-Sec-_kinase	3add-assembly1.cif.gz_B	3add-assembly1.cif.gz_B Crystal structure of O-phosphoseryl-tRNA kinase complexed with selenocysteine tRNA and AMPPNP (crystal type 3)	1.541E-12	1.000	383	3	286	287	2	237	239	286	0.990	0.987
LOKIASV2_1981_ESMFold_L-seryl-tRNA-Sec-_kinase	3adb-assembly1.cif.gz_B	3adb-assembly1.cif.gz_B Crystal structure of O-phosphoseryl-tRNA kinase complexed with selenocysteine tRNA and AMPPNP (crystal type 1)	1.049E-12	1.000	382	2	286	287	6	245	247	289	0.993	0.972
LOKIASV2_1981_ESMFold_L-seryl-tRNA-Sec-_kinase	3a4n-assembly1.cif.gz_B	3a4n-assembly1.cif.gz_B Crystal structure of archaeal O-phosphoseryl-tRNA(Sec) kinase	2.822E-12	1.000	363	2	255	287	3	236	237	266	0.885	0.987
LOKIASV2_1981_ESMFold_L-seryl-tRNA-Sec-_kinase	3a4l-assembly1.cif.gz_A	3a4l-assembly1.cif.gz_A Crystal structure of archaeal O-phosphoseryl-tRNA(Sec) kinase	1.245E-11	1.000	361	2	269	287	1	233	236	277	0.934	0.987
LOKIASV2_1981_ESMFold_L-seryl-tRNA-Sec-_kinase	3adb-assembly1.cif.gz_A	3adb-assembly1.cif.gz_A Crystal structure of O-phosphoseryl-tRNA kinase complexed with selenocysteine tRNA and AMPPNP (crystal type 1)	6.093E-12	1.000	354	3	286	287	2	248	250	293	0.990	0.988
LOKIASV2_1981_ESMFold_L-seryl-tRNA-Sec-_kinase	3adc-assembly1.cif.gz_A	3adc-assembly1.cif.gz_A Crystal structure of O-phosphoseryl-tRNA kinase complexed with selenocysteine tRNA and AMPPNP (crystal type 2)	1.245E-11	1.000	348	3	286	287	2	244	246	298	0.990	0.988
LOKIASV2_1981_ESMFold_L-seryl-tRNA-Sec-_kinase	4jt2-assembly1.cif.gz_A	4jt2-assembly1.cif.gz_A Structure of Clostridium thermocellum polynucleotide kinase bound to CTP	1.210E-07	1.000	277	2	157	287	8	155	171	161	0.544	0.865
LOKIASV2_1981_ESMFold_L-seryl-tRNA-Sec-_kinase	4gp6-assembly1.cif.gz_B-2	4gp6-assembly1.cif.gz_B-2 Polynucleotide kinase	1.879E-07	1.000	274	2	157	287	8	155	170	157	0.544	0.871
LOKIASV2_1981_ESMFold_L-seryl-tRNA-Sec-_kinase	4gp7-assembly1.cif.gz_B-2	4gp7-assembly1.cif.gz_B-2 Polynucleotide kinase	2.613E-07	1.000	270	2	157	287	8	155	171	161	0.544	0.865
LOKIASV2_1981_ESMFold_L-seryl-tRNA-Sec-_kinase	4mde-assembly1.cif.gz_A	4mde-assembly1.cif.gz_A Structure of bacterial polynucleotide kinase product complex bound to GDP and DNA	7.848E-07	1.000	249	1	157	287	6	155	171	160	0.547	0.877
LOKIASV2_1981_ESMFold_L-seryl-tRNA-Sec-_kinase	2ofx-assembly1.cif.gz_B	2ofx-assembly1.cif.gz_B crystal structure of the APSK domain of human PAPSS1 in complex with ADPMg and PAPS	2.917E-07	1.000	248	2	177	287	29	201	205	188	0.613	0.844
LOKIASV2_1981_ESMFold_L-seryl-tRNA-Sec-_kinase	2yvu-assembly1.cif.gz_A	2yvu-assembly1.cif.gz_A Crystal structure of APE1195	6.654E-07	1.000	244	2	176	287	5	176	179	184	0.610	0.961
LOKIASV2_1981_ESMFold_L-seryl-tRNA-Sec-_kinase	2pey-assembly1.cif.gz_B	2pey-assembly1.cif.gz_B Crystal structure of deletion mutant of APS-kinase domain of human PAPS-synthetase 1	2.357E-06	1.000	239	2	177	287	1	153	156	177	0.613	0.981
LOKIASV2_1981_ESMFold_L-seryl-tRNA-Sec-_kinase	2yvu-assembly1.cif.gz_B	2yvu-assembly1.cif.gz_B Crystal structure of APE1195	8.760E-07	1.000	238	2	176	287	5	169	172	181	0.610	0.959
LOKIASV2_1981_ESMFold_L-seryl-tRNA-Sec-_kinase	2pez-assembly1.cif.gz_A	2pez-assembly1.cif.gz_A Crystal structrue of deletion mutant of APS-kinase domain of human PAPS-synthetase 1 in complex with cyclic PAPS and dADP	8.291E-07	1.000	237	2	177	287	1	173	176	188	0.613	0.983
LOKIASV2_1981_ESMFold_L-seryl-tRNA-Sec-_kinase	2ofw-assembly1.cif.gz_A	2ofw-assembly1.cif.gz_A Crystal structure of the APSK domain of human PAPSS1 complexed with 2 APS molecules	3.256E-07	1.000	237	2	182	287	25	198	200	193	0.631	0.870
LOKIASV2_1981_ESMFold_L-seryl-tRNA-Sec-_kinase	6qp0-assembly1.cif.gz_A	6qp0-assembly1.cif.gz_A Crystal structure of Chaetomium thermophilum Kti12 in complex with ADP-AlF3	7.848E-07	1.000	235	5	174	287	2	182	188	183	0.592	0.963
LOKIASV2_1981_ESMFold_L-seryl-tRNA-Sec-_kinase	2ofw-assembly3.cif.gz_E	2ofw-assembly3.cif.gz_E Crystal structure of the APSK domain of human PAPSS1 complexed with 2 APS molecules	1.033E-06	1.000	235	2	175	287	27	197	203	186	0.606	0.842
LOKIASV2_1981_ESMFold_L-seryl-tRNA-Sec-_kinase	6c6b-assembly3.cif.gz_D	6c6b-assembly3.cif.gz_D Co-crystal structure of adenylyl-sulfate kinase from Cryptococcus neoformans bound to ADP	9.778E-07	1.000	232	2	175	287	17	184	191	186	0.606	0.880
LOKIASV2_1981_ESMFold_L-seryl-tRNA-Sec-_kinase	8i1n-assembly1.cif.gz_B	8i1n-assembly1.cif.gz_B Crystal structure of APSK2 domain from human PAPSS2 in complex with endogenous APS and ADP	1.694E-06	1.000	229	2	177	287	20	192	197	184	0.613	0.878
LOKIASV2_1981_ESMFold_L-seryl-tRNA-Sec-_kinase	1m7g-assembly2.cif.gz_D	1m7g-assembly2.cif.gz_D Crystal structure of APS kinase from Penicillium Chrysogenum: Ternary structure with ADP and APS	2.231E-06	1.000	228	1	177	287	1	177	183	191	0.617	0.967
LOKIASV2_1981_ESMFold_L-seryl-tRNA-Sec-_kinase	7yq1-assembly1.cif.gz_B-2	7yq1-assembly1.cif.gz_B-2 Crystal structure of adenosine 5'-phosphosulfate kinase from Archaeoglobus fulgidus in complex with AMP-PNP and APS	2.631E-06	1.000	227	1	175	287	1	168	173	184	0.610	0.971
LOKIASV2_1981_ESMFold_L-seryl-tRNA-Sec-_kinase	3cr7-assembly2.cif.gz_C	3cr7-assembly2.cif.gz_C Crystal structure of N-terminal truncation of APS Kinase from Penicillium chrysogenum: Ternary structure with ADP and PAPS	3.463E-06	1.000	227	1	177	287	1	175	178	189	0.617	0.983
LOKIASV2_1981_ESMFold_L-seryl-tRNA-Sec-_kinase	1m7g-assembly1.cif.gz_B	1m7g-assembly1.cif.gz_B Crystal structure of APS kinase from Penicillium Chrysogenum: Ternary structure with ADP and APS	4.559E-06	1.000	225	1	177	287	1	174	182	189	0.617	0.956
LOKIASV2_1981_ESMFold_L-seryl-tRNA-Sec-_kinase	3qpv-assembly1.cif.gz_A-2	3qpv-assembly1.cif.gz_A-2 PFKFB3 trapped in a phospho-enzyme intermediate state	5.341E-07	1.000	225	1	157	287	19	202	440	187	0.547	0.418
LOKIASV2_1981_ESMFold_L-seryl-tRNA-Sec-_kinase	1x6v-assembly1.cif.gz_B	1x6v-assembly1.cif.gz_B The crystal structure of human 3'-phosphoadenosine-5'-phosphosulfate synthetase 1	1.518E-06	1.000	225	2	177	287	18	186	586	178	0.613	0.288
LOKIASV2_1981_ESMFold_L-seryl-tRNA-Sec-_kinase	3t61-assembly1.cif.gz_B	3t61-assembly1.cif.gz_B Crystal Structure of a gluconokinase from Sinorhizobium meliloti 1021	8.291E-07	1.000	224	3	184	287	4	173	175	187	0.634	0.971
LOKIASV2_1981_ESMFold_L-seryl-tRNA-Sec-_kinase	3u7g-assembly1.cif.gz_A	3u7g-assembly1.cif.gz_A Crystal structure of mPNKP catalytic fragment (D170A) bound to single-stranded DNA (TCCTAp)	1.210E-07	1.000	224	2	164	287	220	371	377	178	0.568	0.403
LOKIASV2_1981_ESMFold_L-seryl-tRNA-Sec-_kinase	1m8p-assembly1.cif.gz_A	1m8p-assembly1.cif.gz_A Crystal Structure of P. chrysogenum ATP Sulfurylase in the T-state	3.278E-06	1.000	221	2	181	287	395	568	573	188	0.627	0.304
LOKIASV2_1981_ESMFold_L-seryl-tRNA-Sec-_kinase	1yj5-assembly1.cif.gz_B	1yj5-assembly1.cif.gz_B Molecular architecture of mammalian polynucleotide kinase, a DNA repair enzyme	2.761E-07	1.000	220	2	164	287	224	377	383	179	0.568	0.402
LOKIASV2_1981_ESMFold_L-seryl-tRNA-Sec-_kinase	1ly1-assembly1.cif.gz_A-2	1ly1-assembly1.cif.gz_A-2 Structure and Mechanism of T4 Polynucleotide Kinase	6.340E-06	1.000	219	1	139	287	1	142	152	150	0.484	0.934
LOKIASV2_1981_ESMFold_L-seryl-tRNA-Sec-_kinase	2pez-assembly1.cif.gz_B	2pez-assembly1.cif.gz_B Crystal structrue of deletion mutant of APS-kinase domain of human PAPS-synthetase 1 in complex with cyclic PAPS and dADP	5.680E-06	1.000	219	4	182	287	2	158	159	180	0.624	0.987
LOKIASV2_1981_ESMFold_L-seryl-tRNA-Sec-_kinase	5cb6-assembly2.cif.gz_B	5cb6-assembly2.cif.gz_B Structure of adenosine-5'-phosphosulfate kinase	2.631E-06	1.000	219	2	177	287	1	170	173	189	0.613	0.983
LOKIASV2_1981_ESMFold_L-seryl-tRNA-Sec-_kinase	6c6b-assembly3.cif.gz_E	6c6b-assembly3.cif.gz_E Co-crystal structure of adenylyl-sulfate kinase from Cryptococcus neoformans bound to ADP	2.936E-06	1.000	218	2	175	287	17	186	192	188	0.606	0.885
LOKIASV2_1981_ESMFold_L-seryl-tRNA-Sec-_kinase	8i1m-assembly1.cif.gz_A-2	8i1m-assembly1.cif.gz_A-2 Crystal structure of oxidated APSK1 domain from human PAPSS1 in complex with APS and ADP	4.084E-06	1.000	218	2	177	287	17	189	193	188	0.613	0.896
LOKIASV2_1981_ESMFold_L-seryl-tRNA-Sec-_kinase	5hr5-assembly1.cif.gz_A	5hr5-assembly1.cif.gz_A Bovine Heart 6-Phosphofructo-2-Kinase/Fructose-2,6-Bisphosphatase (PFKFB2)	1.287E-06	1.000	218	1	157	287	10	193	423	187	0.547	0.435
LOKIASV2_1981_ESMFold_L-seryl-tRNA-Sec-_kinase	3cr7-assembly2.cif.gz_D	3cr7-assembly2.cif.gz_D Crystal structure of N-terminal truncation of APS Kinase from Penicillium chrysogenum: Ternary structure with ADP and PAPS	2.936E-06	1.000	217	1	180	287	1	177	183	198	0.627	0.967
LOKIASV2_1981_ESMFold_L-seryl-tRNA-Sec-_kinase	4bzx-assembly2.cif.gz_B	4bzx-assembly2.cif.gz_B Structure of the Mycobacterium tuberculosis APS kinase CysC in complex with AMPPNP and APS	1.790E-06	1.000	216	2	175	287	3	172	173	182	0.606	0.983
LOKIASV2_1981_ESMFold_L-seryl-tRNA-Sec-_kinase	3cr7-assembly1.cif.gz_B	3cr7-assembly1.cif.gz_B Crystal structure of N-terminal truncation of APS Kinase from Penicillium chrysogenum: Ternary structure with ADP and PAPS	1.891E-06	1.000	216	2	180	287	1	174	181	192	0.624	0.961
LOKIASV2_1981_ESMFold_L-seryl-tRNA-Sec-_kinase	6c6b-assembly2.cif.gz_C	6c6b-assembly2.cif.gz_C Co-crystal structure of adenylyl-sulfate kinase from Cryptococcus neoformans bound to ADP	3.659E-06	1.000	216	2	175	287	18	186	193	187	0.606	0.876
LOKIASV2_1981_ESMFold_L-seryl-tRNA-Sec-_kinase	1k6m-assembly1.cif.gz_A	1k6m-assembly1.cif.gz_A Crystal Structure of Human Liver 6-Phosphofructo-2-Kinase/Fructose-2,6-Bisphosphatase	1.287E-06	1.000	212	1	157	287	1	182	432	187	0.547	0.421
LOKIASV2_1981_ESMFold_L-seryl-tRNA-Sec-_kinase	4rfv-assembly1.cif.gz_A	4rfv-assembly1.cif.gz_A Structure of the Mycobacterium tuberculosis APS kinase CysC Cys556Ala mutant	1.904E-05	1.000	211	2	175	287	3	142	143	175	0.606	0.979
LOKIASV2_1981_ESMFold_L-seryl-tRNA-Sec-_kinase	8a8h-assembly2.cif.gz_D	8a8h-assembly2.cif.gz_D APS kinase from Methanothermococcus thermolithotrophicus refined to 1.77 A	1.614E-05	1.000	208	2	175	287	3	141	146	175	0.606	0.952
LOKIASV2_1981_ESMFold_L-seryl-tRNA-Sec-_kinase	6ibz-assembly1.cif.gz_A	6ibz-assembly1.cif.gz_A Human PFKFB3 in complex with a N-Aryl 6-Aminoquinoxaline inhibitor 7	5.341E-07	1.000	208	1	157	287	17	200	431	189	0.547	0.427
LOKIASV2_1981_ESMFold_L-seryl-tRNA-Sec-_kinase	2vli-assembly2.cif.gz_B-2	2vli-assembly2.cif.gz_B-2 Structure of Deinococcus radiodurans tunicamycin resistance protein	1.891E-06	1.000	207	2	174	287	1	166	173	179	0.603	0.960
LOKIASV2_1981_ESMFold_L-seryl-tRNA-Sec-_kinase	3u7e-assembly1.cif.gz_B	3u7e-assembly1.cif.gz_B Crystal structure of mPNKP catalytic fragment (D170A)	4.286E-07	1.000	205	3	164	287	223	374	380	177	0.564	0.400
LOKIASV2_1981_ESMFold_L-seryl-tRNA-Sec-_kinase	1rrc-assembly1.cif.gz_A	1rrc-assembly1.cif.gz_A T4 POLYNUCLEOTIDE KINASE BOUND TO 5'-GTC-3' SSDNA	2.506E-05	1.000	204	1	139	287	1	142	288	149	0.484	0.493
LOKIASV2_1981_ESMFold_L-seryl-tRNA-Sec-_kinase	3qpu-assembly1.cif.gz_A-2	3qpu-assembly1.cif.gz_A-2 PFKFB3 in complex with PPi	1.091E-06	1.000	201	1	157	287	25	208	439	189	0.547	0.419
LOKIASV2_1981_ESMFold_L-seryl-tRNA-Sec-_kinase	3u7h-assembly1.cif.gz_B	3u7h-assembly1.cif.gz_B Crystal structure of mPNKP catalytic fragment (D170A) bound to single-stranded DNA (TCCTTp)	1.891E-06	1.000	199	3	173	287	223	371	375	179	0.596	0.397
LOKIASV2_1981_ESMFold_L-seryl-tRNA-Sec-_kinase	2ia5-assembly2.cif.gz_H	2ia5-assembly2.cif.gz_H T4 polynucleotide kinase/phosphatase with bound sulfate and magnesium.	3.300E-05	1.000	198	1	139	287	1	142	301	149	0.484	0.472
LOKIASV2_1981_ESMFold_L-seryl-tRNA-Sec-_kinase	1i2d-assembly1.cif.gz_A	1i2d-assembly1.cif.gz_A CRYSTAL STRUCTURE OF ATP SULFURYLASE FROM PENICILLIUM CHRYSOGENUM	8.818E-06	1.000	198	2	181	287	394	566	572	189	0.627	0.302
LOKIASV2_1981_ESMFold_L-seryl-tRNA-Sec-_kinase	3zvn-assembly1.cif.gz_A	3zvn-assembly1.cif.gz_A The structural basis for substrate recognition by mammalian polynucleotide kinase 3' phosphatase	7.848E-07	1.000	197	2	164	287	218	371	377	180	0.568	0.408
LOKIASV2_1981_ESMFold_L-seryl-tRNA-Sec-_kinase	6hvj-assembly1.cif.gz_A	6hvj-assembly1.cif.gz_A Human PFKFB3 in complex with a N-Aryl 6-Aminoquinoxaline inhibitor 3	2.111E-06	1.000	197	2	157	287	17	199	430	188	0.544	0.426
LOKIASV2_1981_ESMFold_L-seryl-tRNA-Sec-_kinase	5ajv-assembly1.cif.gz_B	5ajv-assembly1.cif.gz_B Human PFKFB3 in complex with an indole inhibitor 1	4.315E-06	1.000	197	2	171	287	23	228	435	209	0.592	0.474
LOKIASV2_1981_ESMFold_L-seryl-tRNA-Sec-_kinase	2dwp-assembly1.cif.gz_A	2dwp-assembly1.cif.gz_A A pseudo substrate complex of 6-phosphofructo-2-kinase of PFKFB	5.341E-07	1.000	195	2	167	287	19	220	431	206	0.578	0.469
LOKIASV2_1981_ESMFold_L-seryl-tRNA-Sec-_kinase	5ajy-assembly1.cif.gz_A	5ajy-assembly1.cif.gz_A Human PFKFB3 in complex with an indole inhibitor 4	5.642E-07	1.000	195	1	167	287	27	229	439	207	0.582	0.462
LOKIASV2_1981_ESMFold_L-seryl-tRNA-Sec-_kinase	2bdt-assembly1.cif.gz_A-2	2bdt-assembly1.cif.gz_A-2 Crystal Structure of the Putative Gluconate Kinase from Bacillus halodurans, Northeast Structural Genomics Target BhR61	1.998E-06	1.000	194	1	175	287	1	164	172	184	0.610	0.953
LOKIASV2_1981_ESMFold_L-seryl-tRNA-Sec-_kinase	1zp6-assembly1.cif.gz_A-2	1zp6-assembly1.cif.gz_A-2 Crystal Structure of Atu3015, a Putative Cytidylate Kinase from Agrobacterium tumefaciens, Northeast Structural Genomics Target AtR62	5.089E-06	1.000	193	5	140	287	5	139	176	145	0.474	0.767
LOKIASV2_1981_ESMFold_L-seryl-tRNA-Sec-_kinase	2ia5-assembly1.cif.gz_C	2ia5-assembly1.cif.gz_C T4 polynucleotide kinase/phosphatase with bound sulfate and magnesium.	3.891E-05	1.000	193	1	139	287	1	142	299	150	0.484	0.475
LOKIASV2_1981_ESMFold_L-seryl-tRNA-Sec-_kinase	2ia5-assembly3.cif.gz_L	2ia5-assembly3.cif.gz_L T4 polynucleotide kinase/phosphatase with bound sulfate and magnesium.	3.683E-05	1.000	192	1	139	287	1	142	291	150	0.484	0.488
LOKIASV2_1981_ESMFold_L-seryl-tRNA-Sec-_kinase	2ia5-assembly1.cif.gz_B	2ia5-assembly1.cif.gz_B T4 polynucleotide kinase/phosphatase with bound sulfate and magnesium.	5.718E-05	1.000	192	1	139	287	1	142	300	150	0.484	0.473
LOKIASV2_1981_ESMFold_L-seryl-tRNA-Sec-_kinase	5ajz-assembly1.cif.gz_A-2	5ajz-assembly1.cif.gz_A-2 Human PFKFB3 in complex with an indole inhibitor 5	7.428E-07	1.000	192	2	167	287	28	229	440	206	0.578	0.459
LOKIASV2_1981_ESMFold_L-seryl-tRNA-Sec-_kinase	2ia5-assembly2.cif.gz_F	2ia5-assembly2.cif.gz_F T4 polynucleotide kinase/phosphatase with bound sulfate and magnesium.	3.486E-05	1.000	191	1	139	287	1	142	298	150	0.484	0.477
LOKIASV2_1981_ESMFold_L-seryl-tRNA-Sec-_kinase	2ia5-assembly1.cif.gz_D	2ia5-assembly1.cif.gz_D T4 polynucleotide kinase/phosphatase with bound sulfate and magnesium.	4.848E-05	1.000	190	1	139	287	1	142	296	149	0.484	0.480
LOKIASV2_1981_ESMFold_L-seryl-tRNA-Sec-_kinase	1ko5-assembly1.cif.gz_B	1ko5-assembly1.cif.gz_B Crystal structure of gluconate kinase	3.486E-05	1.000	188	2	175	287	5	170	172	182	0.606	0.965
LOKIASV2_1981_ESMFold_L-seryl-tRNA-Sec-_kinase	2gks-assembly1.cif.gz_B	2gks-assembly1.cif.gz_B Crystal Structure of the Bi-functional ATP Sulfurylase-APS Kinase from Aquifex aeolicus, a Chemolithotrophic Thermophile	2.125E-05	1.000	188	2	177	287	354	524	529	183	0.613	0.323
LOKIASV2_1981_ESMFold_L-seryl-tRNA-Sec-_kinase	2ia5-assembly2.cif.gz_E	2ia5-assembly2.cif.gz_E T4 polynucleotide kinase/phosphatase with bound sulfate and magnesium.	4.848E-05	1.000	187	1	139	287	1	142	293	150	0.484	0.485
LOKIASV2_1981_ESMFold_L-seryl-tRNA-Sec-_kinase	2ia5-assembly1.cif.gz_A	2ia5-assembly1.cif.gz_A T4 polynucleotide kinase/phosphatase with bound sulfate and magnesium.	7.952E-05	1.000	187	1	139	287	1	142	297	150	0.484	0.478
LOKIASV2_1981_ESMFold_L-seryl-tRNA-Sec-_kinase	6etj-assembly1.cif.gz_A-2	6etj-assembly1.cif.gz_A-2 HUMAN PFKFB3 IN COMPLEX WITH KAN0438241	1.033E-06	1.000	187	1	167	287	20	222	431	207	0.582	0.471
LOKIASV2_1981_ESMFold_L-seryl-tRNA-Sec-_kinase	2ia5-assembly3.cif.gz_K	2ia5-assembly3.cif.gz_K T4 polynucleotide kinase/phosphatase with bound sulfate and magnesium.	8.402E-05	1.000	186	1	139	287	1	142	288	150	0.484	0.493
LOKIASV2_1981_ESMFold_L-seryl-tRNA-Sec-_kinase	1ko8-assembly1.cif.gz_B	1ko8-assembly1.cif.gz_B Crystal structure of gluconate kinase	4.344E-05	1.000	185	2	175	287	5	166	168	181	0.606	0.964
LOKIASV2_1981_ESMFold_L-seryl-tRNA-Sec-_kinase	1m7h-assembly1.cif.gz_B	1m7h-assembly1.cif.gz_B Crystal Structure of APS kinase from Penicillium Chrysogenum: Structure with APS soaked out of one dimer	1.904E-05	1.000	184	1	180	287	18	191	200	189	0.627	0.870
LOKIASV2_1981_ESMFold_L-seryl-tRNA-Sec-_kinase	1m7g-assembly1.cif.gz_A	1m7g-assembly1.cif.gz_A Crystal structure of APS kinase from Penicillium Chrysogenum: Ternary structure with ADP and APS	2.506E-05	1.000	184	1	181	287	22	202	208	196	0.631	0.870
LOKIASV2_1981_ESMFold_L-seryl-tRNA-Sec-_kinase	2ia5-assembly3.cif.gz_I	2ia5-assembly3.cif.gz_I T4 polynucleotide kinase/phosphatase with bound sulfate and magnesium.	1.235E-04	1.000	183	1	139	287	1	140	289	148	0.484	0.484
LOKIASV2_1981_ESMFold_L-seryl-tRNA-Sec-_kinase	4ma4-assembly1.cif.gz_A-2	4ma4-assembly1.cif.gz_A-2 S-glutathionylated PFKFB3	6.340E-06	1.000	183	2	167	287	24	229	444	209	0.578	0.464
LOKIASV2_1981_ESMFold_L-seryl-tRNA-Sec-_kinase	2i1v-assembly1.cif.gz_B	2i1v-assembly1.cif.gz_B Crystal structure of PFKFB3 in complex with ADP and Fructose-2,6-bisphosphate	3.278E-06	1.000	183	2	167	287	29	230	449	206	0.578	0.450
LOKIASV2_1981_ESMFold_L-seryl-tRNA-Sec-_kinase	4rfv-assembly1.cif.gz_B	4rfv-assembly1.cif.gz_B Structure of the Mycobacterium tuberculosis APS kinase CysC Cys556Ala mutant	6.743E-05	1.000	182	1	175	287	1	139	140	176	0.610	0.993
LOKIASV2_1981_ESMFold_L-seryl-tRNA-Sec-_kinase	1ko4-assembly1.cif.gz_B	1ko4-assembly1.cif.gz_B Crystal structure of gluconate kinase	4.848E-05	1.000	181	3	175	287	6	163	164	183	0.603	0.963
LOKIASV2_1981_ESMFold_L-seryl-tRNA-Sec-_kinase	2ia5-assembly2.cif.gz_G	2ia5-assembly2.cif.gz_G T4 polynucleotide kinase/phosphatase with bound sulfate and magnesium.	1.625E-04	1.000	179	5	139	287	2	140	294	146	0.470	0.473
LOKIASV2_1981_ESMFold_L-seryl-tRNA-Sec-_kinase	5htk-assembly1.cif.gz_B	5htk-assembly1.cif.gz_B Human Heart 6-Phosphofructo-2-Kinase/Fructose-2,6-Bisphosphatase (PFKFB2)	4.559E-06	1.000	179	2	171	287	7	212	419	210	0.592	0.492
LOKIASV2_1981_ESMFold_L-seryl-tRNA-Sec-_kinase	6iby-assembly1.cif.gz_A	6iby-assembly1.cif.gz_A Human PFKFB3 in complex with a N-Aryl 6-Aminoquinoxaline inhibitor 6	1.161E-05	1.000	179	1	157	287	14	197	428	189	0.547	0.430
LOKIASV2_1981_ESMFold_L-seryl-tRNA-Sec-_kinase	4d4k-assembly1.cif.gz_A	4d4k-assembly1.cif.gz_A human PFKFB3 in complex with a pyrrolopyrimidone compound	3.278E-06	1.000	178	1	167	287	26	228	439	207	0.582	0.462
LOKIASV2_1981_ESMFold_L-seryl-tRNA-Sec-_kinase	1ko1-assembly1.cif.gz_B	1ko1-assembly1.cif.gz_B Crystal structure of gluconate kinase	7.527E-05	1.000	177	3	175	287	6	162	164	182	0.603	0.957
LOKIASV2_1981_ESMFold_L-seryl-tRNA-Sec-_kinase	2gks-assembly1.cif.gz_A	2gks-assembly1.cif.gz_A Crystal Structure of the Bi-functional ATP Sulfurylase-APS Kinase from Aquifex aeolicus, a Chemolithotrophic Thermophile	2.956E-05	1.000	177	2	177	287	353	517	522	186	0.613	0.316
LOKIASV2_1981_ESMFold_L-seryl-tRNA-Sec-_kinase	1xnj-assembly1.cif.gz_A	1xnj-assembly1.cif.gz_A APS complex of human PAPS synthetase 1	2.798E-05	1.000	177	2	182	287	18	163	562	185	0.631	0.260
LOKIASV2_1981_ESMFold_L-seryl-tRNA-Sec-_kinase	1rpz-assembly1.cif.gz_A	1rpz-assembly1.cif.gz_A T4 POLYNUCLEOTIDE KINASE BOUND TO 5'-TGCAC-3' SSDNA	1.625E-04	1.000	176	1	139	287	1	142	287	150	0.484	0.495
LOKIASV2_1981_ESMFold_L-seryl-tRNA-Sec-_kinase	1ko4-assembly1.cif.gz_A	1ko4-assembly1.cif.gz_A Crystal structure of gluconate kinase	7.124E-05	1.000	175	3	175	287	6	162	163	179	0.603	0.963
LOKIASV2_1981_ESMFold_L-seryl-tRNA-Sec-_kinase	2rhm-assembly1.cif.gz_A	2rhm-assembly1.cif.gz_A Crystal structure of a putative kinase (caur_3907) from chloroflexus aurantiacus j-10-fl at 1.70 A resolution	3.891E-05	1.000	175	2	177	287	4	181	182	194	0.613	0.978
LOKIASV2_1981_ESMFold_L-seryl-tRNA-Sec-_kinase	4xrp-assembly1.cif.gz_D	4xrp-assembly1.cif.gz_D Structure of the Pnkp1/Rnl/Hen1 RNA repair complex	1.538E-04	1.000	175	2	139	287	9	144	311	143	0.481	0.437
LOKIASV2_1981_ESMFold_L-seryl-tRNA-Sec-_kinase	1xnj-assembly1.cif.gz_B	1xnj-assembly1.cif.gz_B APS complex of human PAPS synthetase 1	1.802E-05	1.000	174	2	177	287	18	190	590	187	0.613	0.293
LOKIASV2_1981_ESMFold_L-seryl-tRNA-Sec-_kinase	1rc8-assembly1.cif.gz_A	1rc8-assembly1.cif.gz_A T4 Polynucleotide Kinase bound to 5'-GTCAC-3' ssDNA	1.917E-04	1.000	173	1	139	287	1	142	289	149	0.484	0.491
LOKIASV2_1981_ESMFold_L-seryl-tRNA-Sec-_kinase	6b8v-assembly2.cif.gz_C-2	6b8v-assembly2.cif.gz_C-2 Crystal structure of adenylyl-sulfate kinase from Cryptococcus neoformans	1.304E-04	1.000	172	2	172	287	14	154	164	174	0.596	0.860
LOKIASV2_1981_ESMFold_L-seryl-tRNA-Sec-_kinase	2rhm-assembly2.cif.gz_D	2rhm-assembly2.cif.gz_D Crystal structure of a putative kinase (caur_3907) from chloroflexus aurantiacus j-10-fl at 1.70 A resolution	3.683E-05	1.000	172	1	173	287	1	183	185	193	0.603	0.989
LOKIASV2_1981_ESMFold_L-seryl-tRNA-Sec-_kinase	1ltq-assembly1.cif.gz_A	1ltq-assembly1.cif.gz_A CRYSTAL STRUCTURE OF T4 POLYNUCLEOTIDE KINASE	2.523E-04	1.000	172	1	139	287	1	139	298	147	0.484	0.466
LOKIASV2_1981_ESMFold_L-seryl-tRNA-Sec-_kinase	4eun-assembly1.cif.gz_A-2	4eun-assembly1.cif.gz_A-2 Crystal structure of a sugar kinase (Target EFI-502144 from Janibacter sp. HTCC2649), unliganded structure	2.125E-05	1.000	171	3	179	287	2	165	173	185	0.617	0.948
LOKIASV2_1981_ESMFold_L-seryl-tRNA-Sec-_kinase	1xjq-assembly1.cif.gz_A	1xjq-assembly1.cif.gz_A ADP Complex OF HUMAN PAPS SYNTHETASE 1	7.952E-05	1.000	170	2	177	287	18	162	563	179	0.613	0.258
LOKIASV2_1981_ESMFold_L-seryl-tRNA-Sec-_kinase	1kht-assembly1.cif.gz_B	1kht-assembly1.cif.gz_B Adenylate kinase from Methanococcus voltae	2.125E-05	1.000	168	2	172	287	1	188	191	201	0.596	0.984
LOKIASV2_1981_ESMFold_L-seryl-tRNA-Sec-_kinase	6pk5-assembly1.cif.gz_C	6pk5-assembly1.cif.gz_C Adenylate kinase from Methanococcus igneus - apo form	2.631E-06	1.000	166	2	174	287	1	185	190	199	0.603	0.974
LOKIASV2_1981_ESMFold_L-seryl-tRNA-Sec-_kinase	1ko1-assembly1.cif.gz_A	1ko1-assembly1.cif.gz_A Crystal structure of gluconate kinase	3.683E-05	1.000	165	3	175	287	6	161	163	181	0.603	0.957
LOKIASV2_1981_ESMFold_L-seryl-tRNA-Sec-_kinase	1bif-assembly1.cif.gz_A	1bif-assembly1.cif.gz_A 6-PHOSPHOFRUCTO-2-KINASE/FRUCTOSE-2,6-BISPHOSPHATASE BIFUNCTIONAL ENZYME COMPLEXED WITH ATP-G-S AND PHOSPHATE	2.798E-05	1.000	163	3	167	287	2	201	432	206	0.575	0.463
LOKIASV2_1981_ESMFold_L-seryl-tRNA-Sec-_kinase	2bif-assembly1.cif.gz_B	2bif-assembly1.cif.gz_B 6-PHOSPHOFRUCTO-2-KINASE/FRUCTOSE-2,6-BISPHOSPHATASE H256A MUTANT WITH F6P IN PHOSPHATASE ACTIVE SITE	2.125E-05	1.000	160	3	167	287	2	201	432	204	0.575	0.463
LOKIASV2_1981_ESMFold_L-seryl-tRNA-Sec-_kinase	3cr8-assembly1.cif.gz_A-2	3cr8-assembly1.cif.gz_A-2 Hexameric APS kinase from Thiobacillus denitrificans	9.379E-05	1.000	160	2	180	287	344	486	493	180	0.624	0.290
LOKIASV2_1981_ESMFold_L-seryl-tRNA-Sec-_kinase	2vli-assembly1.cif.gz_A-2	2vli-assembly1.cif.gz_A-2 Structure of Deinococcus radiodurans tunicamycin resistance protein	4.111E-05	1.000	159	1	175	287	1	158	164	182	0.610	0.963
LOKIASV2_1981_ESMFold_L-seryl-tRNA-Sec-_kinase	4fxp-assembly1.cif.gz_A	4fxp-assembly1.cif.gz_A Crystal structure of adenosine 5'-phosphosulfate kinase from Arabidopsis thaliana in Complex with Sulfate and APS	3.486E-05	1.000	158	2	177	287	16	187	192	188	0.613	0.896
LOKIASV2_1981_ESMFold_L-seryl-tRNA-Sec-_kinase	4xru-assembly1.cif.gz_A	4xru-assembly1.cif.gz_A Structure of Pnkp1/Rnl/Hen1 complex	3.509E-04	1.000	158	2	119	287	7	118	291	119	0.411	0.385
LOKIASV2_1981_ESMFold_L-seryl-tRNA-Sec-_kinase	1d6j-assembly1.cif.gz_A	1d6j-assembly1.cif.gz_A CRYSTAL STRUCTURE OF ADENOSINE 5'-PHOSPHOSULFATE (APS) KINASE FROM PENICILLIUM CHRYSOGENUM	9.379E-05	1.000	157	2	180	287	17	169	177	192	0.624	0.864
LOKIASV2_1981_ESMFold_L-seryl-tRNA-Sec-_kinase	6pk5-assembly1.cif.gz_B	6pk5-assembly1.cif.gz_B Adenylate kinase from Methanococcus igneus - apo form	5.680E-06	1.000	157	2	174	287	1	184	189	206	0.603	0.974
LOKIASV2_1981_ESMFold_L-seryl-tRNA-Sec-_kinase	3h86-assembly3.cif.gz_G-6	3h86-assembly3.cif.gz_G-6 Crystal structure of adenylate kinase from Methanococcus maripaludis	4.344E-05	1.000	157	2	174	287	1	190	191	200	0.603	0.995
LOKIASV2_1981_ESMFold_L-seryl-tRNA-Sec-_kinase	1d6j-assembly1.cif.gz_B	1d6j-assembly1.cif.gz_B CRYSTAL STRUCTURE OF ADENOSINE 5'-PHOSPHOSULFATE (APS) KINASE FROM PENICILLIUM CHRYSOGENUM	6.743E-05	1.000	155	2	180	287	17	174	182	189	0.624	0.868
LOKIASV2_1981_ESMFold_L-seryl-tRNA-Sec-_kinase	6pk5-assembly2.cif.gz_F	6pk5-assembly2.cif.gz_F Adenylate kinase from Methanococcus igneus - apo form	7.900E-06	1.000	155	2	174	287	1	185	190	199	0.603	0.974
LOKIASV2_1981_ESMFold_L-seryl-tRNA-Sec-_kinase	1x6v-assembly1.cif.gz_A	1x6v-assembly1.cif.gz_A The crystal structure of human 3'-phosphoadenosine-5'-phosphosulfate synthetase 1	1.717E-04	1.000	152	2	182	287	18	162	564	185	0.631	0.257
LOKIASV2_1981_ESMFold_L-seryl-tRNA-Sec-_kinase	6pk5-assembly2.cif.gz_E	6pk5-assembly2.cif.gz_E Adenylate kinase from Methanococcus igneus - apo form	3.486E-05	1.000	150	2	174	287	1	188	189	198	0.603	0.995
LOKIASV2_1981_ESMFold_L-seryl-tRNA-Sec-_kinase	2cdn-assembly1.cif.gz_A	2cdn-assembly1.cif.gz_A Crystal structure of Mycobacterium tuberculosis adenylate kinase complexed with two molecules of ADP and Mg	1.169E-04	1.000	149	4	179	287	6	185	186	195	0.613	0.968
LOKIASV2_1981_ESMFold_L-seryl-tRNA-Sec-_kinase	6ln3-assembly1.cif.gz_A	6ln3-assembly1.cif.gz_A Crystal structure of adenylate kinase from an extremophilic archaeon Aeropyrum pernix with ATP and AMP	8.877E-05	1.000	149	1	175	287	1	200	202	208	0.610	0.990
LOKIASV2_1981_ESMFold_L-seryl-tRNA-Sec-_kinase	4mkh-assembly1.cif.gz_A	4mkh-assembly1.cif.gz_A Crystal structure of a stable adenylate kinase variant AKv18	3.300E-05	1.000	149	4	180	287	2	215	218	227	0.617	0.982
LOKIASV2_1981_ESMFold_L-seryl-tRNA-Sec-_kinase	2iyv-assembly1.cif.gz_A	2iyv-assembly1.cif.gz_A Shikimate kinase from Mycobacterium tuberculosis in complex with ADP, open LID (conf. B)	7.952E-05	1.000	148	6	173	287	4	164	179	181	0.585	0.899
LOKIASV2_1981_ESMFold_L-seryl-tRNA-Sec-_kinase	7e9v-assembly1.cif.gz_A	7e9v-assembly1.cif.gz_A The Crystal Structure of human UMP-CMP kinase from Biortus.	3.486E-05	1.000	147	1	181	287	1	191	192	208	0.631	0.995
LOKIASV2_1981_ESMFold_L-seryl-tRNA-Sec-_kinase	3cr8-assembly1.cif.gz_B-2	3cr8-assembly1.cif.gz_B-2 Hexameric APS kinase from Thiobacillus denitrificans	3.321E-04	1.000	147	2	180	287	346	488	493	180	0.624	0.290
LOKIASV2_1981_ESMFold_L-seryl-tRNA-Sec-_kinase	2bwj-assembly3.cif.gz_E	2bwj-assembly3.cif.gz_E Structure of adenylate kinase 5	6.743E-05	1.000	145	1	181	287	2	189	190	203	0.631	0.989
LOKIASV2_1981_ESMFold_L-seryl-tRNA-Sec-_kinase	5xz2-assembly2.cif.gz_B	5xz2-assembly2.cif.gz_B Crystal structure of adenylate kinase	1.169E-04	1.000	145	3	180	287	7	191	192	205	0.620	0.964
LOKIASV2_1981_ESMFold_L-seryl-tRNA-Sec-_kinase	3trf-assembly1.cif.gz_A	3trf-assembly1.cif.gz_A Structure of a shikimate kinase (aroK) from Coxiella burnetii	1.378E-04	1.000	144	5	175	287	3	169	170	186	0.596	0.982
LOKIASV2_1981_ESMFold_L-seryl-tRNA-Sec-_kinase	3vaa-assembly2.cif.gz_B	3vaa-assembly2.cif.gz_B 1.7 Angstrom Resolution Crystal Structure of Shikimate Kinase from Bacteroides thetaiotaomicron	1.047E-04	1.000	144	4	179	287	3	175	176	196	0.613	0.983
LOKIASV2_1981_ESMFold_L-seryl-tRNA-Sec-_kinase	3cm0-assembly1.cif.gz_A	3cm0-assembly1.cif.gz_A Crystal structure of adenylate kinase from Thermus thermophilus HB8	4.589E-05	1.000	142	3	179	287	2	183	184	203	0.617	0.989
LOKIASV2_1981_ESMFold_L-seryl-tRNA-Sec-_kinase	2iyr-assembly1.cif.gz_A	2iyr-assembly1.cif.gz_A Shikimate kinase from Mycobacterium tuberculosis in complex with shikimate	1.625E-04	1.000	140	6	170	287	4	156	164	173	0.575	0.933
LOKIASV2_1981_ESMFold_L-seryl-tRNA-Sec-_kinase	3uie-assembly2.cif.gz_C	3uie-assembly2.cif.gz_C Crystal structure of adenosine 5'-phosphosulfate kinase from Arabidopsis Thaliana in Complex with AMPPNP and APS	4.372E-04	1.000	135	2	177	287	15	182	187	192	0.613	0.898
LOKIASV2_1981_ESMFold_L-seryl-tRNA-Sec-_kinase	2ccg-assembly1.cif.gz_B	2ccg-assembly1.cif.gz_B Crystal structure of His-tagged S. aureus thymidylate kinase complexed with thymidine monophosphate (TMP)	2.388E-04	1.000	135	1	179	287	1	198	199	206	0.624	0.995
LOKIASV2_1981_ESMFold_L-seryl-tRNA-Sec-_kinase	5xb5-assembly1.cif.gz_B	5xb5-assembly1.cif.gz_B Crystal structure of R90A mutant of thymidylate kinase (aq_969) from Aquifex Aeolicus VF5	9.379E-05	1.000	134	4	180	287	1	191	192	205	0.617	0.995
LOKIASV2_1981_ESMFold_L-seryl-tRNA-Sec-_kinase	1via-assembly1.cif.gz_B	1via-assembly1.cif.gz_B Crystal structure of shikimate kinase	2.025E-04	1.000	132	1	175	287	1	153	154	182	0.610	0.994
LOKIASV2_1981_ESMFold_L-seryl-tRNA-Sec-_kinase	5xb5-assembly1.cif.gz_A	5xb5-assembly1.cif.gz_A Crystal structure of R90A mutant of thymidylate kinase (aq_969) from Aquifex Aeolicus VF5	1.378E-04	1.000	132	4	179	287	1	190	192	203	0.613	0.990
LOKIASV2_1981_ESMFold_L-seryl-tRNA-Sec-_kinase	5h56-assembly1.cif.gz_B	5h56-assembly1.cif.gz_B ADP and dTDP bound Crystal structure of thymidylate kinase (aq_969) from Aquifex Aeolicus VF5	1.717E-04	1.000	132	4	180	287	1	191	195	204	0.617	0.979
LOKIASV2_1981_ESMFold_L-seryl-tRNA-Sec-_kinase	4w5j-assembly4.cif.gz_D	4w5j-assembly4.cif.gz_D New structural conformations of adenylate kinase from Streptococcus pneumoniae D39 with Ap5A	2.976E-04	1.000	132	4	179	287	1	208	211	222	0.613	0.986
LOKIASV2_1981_ESMFold_L-seryl-tRNA-Sec-_kinase	1gvn-assembly1.cif.gz_D	1gvn-assembly1.cif.gz_D Crystal Structure of the Plasmid Maintenance System epsilon/zeta: Meachnism of toxin inactivation and toxin function	1.456E-04	1.000	132	1	192	287	30	253	270	236	0.669	0.830
LOKIASV2_1981_ESMFold_L-seryl-tRNA-Sec-_kinase	5xbh-assembly1.cif.gz_B	5xbh-assembly1.cif.gz_B Crystal structure of R145E mutant of thymidylate kinase (aq_969) from Aquifex Aeolicus VF5	1.538E-04	1.000	131	4	182	287	1	193	194	206	0.624	0.995
LOKIASV2_1981_ESMFold_L-seryl-tRNA-Sec-_kinase	3be4-assembly1.cif.gz_A	3be4-assembly1.cif.gz_A Crystal structure of Cryptosporidium parvum adenylate kinase cgd5_3360	1.717E-04	1.000	130	3	177	287	5	214	215	223	0.610	0.977
LOKIASV2_1981_ESMFold_L-seryl-tRNA-Sec-_kinase	1p3j-assembly1.cif.gz_A	1p3j-assembly1.cif.gz_A Adenylate Kinase from Bacillus subtilis	5.157E-04	1.000	129	4	120	287	1	123	212	130	0.408	0.580
LOKIASV2_1981_ESMFold_L-seryl-tRNA-Sec-_kinase	1u8a-assembly1.cif.gz_A	1u8a-assembly1.cif.gz_A Crystal Structure of Mycobacterium Tuberculosis Shikimate Kinase in Complex with Shikimate and ADP at 2.15 Angstrom Resolution	6.425E-04	1.000	128	6	177	287	4	162	163	183	0.599	0.975
LOKIASV2_1981_ESMFold_L-seryl-tRNA-Sec-_kinase	3fdi-assembly1.cif.gz_B	3fdi-assembly1.cif.gz_B Crystal structure of uncharacterized protein from Eubacterium ventriosum ATCC 27560.	4.139E-04	1.000	128	2	175	287	1	177	179	197	0.606	0.989
LOKIASV2_1981_ESMFold_L-seryl-tRNA-Sec-_kinase	4typ-assembly4.cif.gz_D	4typ-assembly4.cif.gz_D Crystal structure of an adenylate kinase mutant--AKm1	1.538E-04	1.000	128	4	179	287	1	185	186	211	0.613	0.995
LOKIASV2_1981_ESMFold_L-seryl-tRNA-Sec-_kinase	2noa-assembly1.cif.gz_B	2noa-assembly1.cif.gz_B The structure of deoxycytidine kinase complexed with lamivudine and ADP.	8.402E-05	1.000	128	2	180	287	1	221	222	229	0.624	0.995
LOKIASV2_1981_ESMFold_L-seryl-tRNA-Sec-_kinase	2ccj-assembly1.cif.gz_A	2ccj-assembly1.cif.gz_A Crystal structure of S. aureus thymidylate kinase complexed with thymidine monophosphate	4.139E-04	1.000	127	6	179	287	4	195	196	199	0.606	0.980
LOKIASV2_1981_ESMFold_L-seryl-tRNA-Sec-_kinase	4xru-assembly1.cif.gz_D	4xru-assembly1.cif.gz_D Structure of Pnkp1/Rnl/Hen1 complex	1.929E-03	1.000	127	2	130	287	7	135	287	136	0.449	0.449
LOKIASV2_1981_ESMFold_L-seryl-tRNA-Sec-_kinase	1kag-assembly2.cif.gz_B	1kag-assembly2.cif.gz_B Crystal Structure of the Escherichia coli Shikimate Kinase I (AroK)	7.577E-04	1.000	126	2	174	287	1	148	149	179	0.603	0.993
LOKIASV2_1981_ESMFold_L-seryl-tRNA-Sec-_kinase	5g41-assembly1.cif.gz_A	5g41-assembly1.cif.gz_A Crystal structure of adenylate kinase ancestor 4 with Zn, Mg and Ap5A bound	6.788E-04	1.000	126	1	124	287	1	127	214	137	0.432	0.593
LOKIASV2_1981_ESMFold_L-seryl-tRNA-Sec-_kinase	4jlp-assembly2.cif.gz_B	4jlp-assembly2.cif.gz_B Crystal structure of R150K aquifex adenylate kinase mutant	2.523E-04	1.000	125	4	178	287	1	202	203	214	0.610	0.995
LOKIASV2_1981_ESMFold_L-seryl-tRNA-Sec-_kinase	2jat-assembly1.cif.gz_A	2jat-assembly1.cif.gz_A Structure of deoxyadenosine kinase from M.mycoides with products dcmp and a flexible dcdp bound	2.025E-04	1.000	123	4	180	287	1	188	190	205	0.617	0.989
LOKIASV2_1981_ESMFold_L-seryl-tRNA-Sec-_kinase	4eaq-assembly1.cif.gz_A	4eaq-assembly1.cif.gz_A Crystal structure of Thymidylate Kinase from Staphylococcus aureus in complex with 3'-Azido-3'-Deoxythymidine-5'-Monophosphate	7.172E-04	1.000	122	1	179	287	3	200	201	207	0.624	0.985
LOKIASV2_1981_ESMFold_L-seryl-tRNA-Sec-_kinase	2osb-assembly2.cif.gz_B	2osb-assembly2.cif.gz_B Crystal structure of a thermostable mutant of Bacillus subtilis Adenylate Kinase (Q16L/Q199R/)	4.620E-04	1.000	122	4	180	287	1	214	216	227	0.617	0.991
LOKIASV2_1981_ESMFold_L-seryl-tRNA-Sec-_kinase	4mkf-assembly2.cif.gz_B	4mkf-assembly2.cif.gz_B Crystal structure of a stable adenylate kinase variant AKv3	1.054E-03	1.000	122	1	124	287	1	127	217	137	0.432	0.585
LOKIASV2_1981_ESMFold_L-seryl-tRNA-Sec-_kinase	3lw7-assembly1.cif.gz_A	3lw7-assembly1.cif.gz_A The Crystal Structure of an Adenylate kinase-related protein bound to AMP from sulfolobus solfataricus to 2.3A	8.936E-04	1.000	121	5	175	287	2	166	170	188	0.596	0.971
LOKIASV2_1981_ESMFold_L-seryl-tRNA-Sec-_kinase	4ukd-assembly1.cif.gz_A	4ukd-assembly1.cif.gz_A UMP/CMP KINASE FROM SLIME MOLD COMPLEXED WITH ADP, UDP, BERYLLIUM FLUORIDE	1.176E-03	1.000	120	1	180	287	1	188	191	202	0.627	0.984
LOKIASV2_1981_ESMFold_L-seryl-tRNA-Sec-_kinase	3adk-assembly1.cif.gz_A	3adk-assembly1.cif.gz_A REFINED STRUCTURE OF PORCINE CYTOSOLIC ADENYLATE KINASE AT 2.1 ANGSTROMS RESOLUTION	4.620E-04	1.000	120	2	179	287	7	191	194	205	0.620	0.954
LOKIASV2_1981_ESMFold_L-seryl-tRNA-Sec-_kinase	2eu8-assembly2.cif.gz_B	2eu8-assembly2.cif.gz_B Crystal structure of a thermostable mutant of Bacillus subtilis Adenylate Kinase (Q199R)	4.881E-04	1.000	120	4	180	287	1	214	216	229	0.617	0.991
LOKIASV2_1981_ESMFold_L-seryl-tRNA-Sec-_kinase	2qaj-assembly2.cif.gz_B	2qaj-assembly2.cif.gz_B Crystal structure of a thermostable mutant of Bacillus subtilis Adenylate Kinase (Q199R/G213E)	5.756E-04	1.000	120	4	180	287	1	214	216	227	0.617	0.991
LOKIASV2_1981_ESMFold_L-seryl-tRNA-Sec-_kinase	7xnd-assembly1.cif.gz_B	7xnd-assembly1.cif.gz_B Crystal structure of Phosphomevalonate kinase from Silkworm	2.154E-03	1.000	119	1	175	287	1	168	169	186	0.610	0.994
LOKIASV2_1981_ESMFold_L-seryl-tRNA-Sec-_kinase	1n5l-assembly1.cif.gz_B	1n5l-assembly1.cif.gz_B CRYSTAL STRUCTURE OF MYCOBACTERIUM TUBERCULOSIS THYMIDYLATE KINASE CRYSTALLIZED IN SODIUM MALONATE, AFTER CATALYSIS IN THE CRYSTAL (2.3 A RESOLUTION)	3.144E-04	1.000	119	4	170	287	1	202	203	208	0.582	0.995
LOKIASV2_1981_ESMFold_L-seryl-tRNA-Sec-_kinase	2grj-assembly2.cif.gz_B	2grj-assembly2.cif.gz_B Crystal structure of Dephospho-CoA kinase (EC 2.7.1.24) (Dephosphocoenzyme A kinase) (tm1387) from THERMOTOGA MARITIMA at 2.60 A resolution	7.172E-04	1.000	117	1	176	287	1	177	179	209	0.613	0.989
LOKIASV2_1981_ESMFold_L-seryl-tRNA-Sec-_kinase	1tev-assembly1.cif.gz_A	1tev-assembly1.cif.gz_A Crystal structure of the human UMP/CMP kinase in open conformation	7.172E-04	1.000	117	3	181	287	1	193	194	207	0.624	0.995
LOKIASV2_1981_ESMFold_L-seryl-tRNA-Sec-_kinase	5g3z-assembly1.cif.gz_A	5g3z-assembly1.cif.gz_A Crystal structure of adenylate kinase ancestor 3 with Zn, Mg and Ap5A bound	1.243E-03	1.000	117	4	180	287	1	214	215	226	0.617	0.995
LOKIASV2_1981_ESMFold_L-seryl-tRNA-Sec-_kinase	3qeo-assembly1.cif.gz_B	3qeo-assembly1.cif.gz_B S74E-R104M-D133A dCK variant in complex with L-deoxythymidine and UDP	1.169E-04	1.000	117	1	180	287	1	233	234	246	0.627	0.996
LOKIASV2_1981_ESMFold_L-seryl-tRNA-Sec-_kinase	4y0a-assembly1.cif.gz_A	4y0a-assembly1.cif.gz_A Shikimate kinase from Acinetobacter baumannii in complex with shikimate	6.788E-04	1.000	116	3	174	287	8	173	179	183	0.599	0.927
LOKIASV2_1981_ESMFold_L-seryl-tRNA-Sec-_kinase	3n2i-assembly1.cif.gz_A	3n2i-assembly1.cif.gz_A 2.25 Angstrom resolution crystal structure of a thymidylate kinase (tmk) from Vibrio cholerae O1 biovar eltor str. N16961 in complex with thymidine	1.113E-03	1.000	116	1	179	287	1	205	206	213	0.624	0.995
LOKIASV2_1981_ESMFold_L-seryl-tRNA-Sec-_kinase	1uei-assembly2.cif.gz_B	1uei-assembly2.cif.gz_B Crystal structure of human uridine-cytidine kinase 2 complexed with a feedback-inhibitor, UTP	3.917E-04	1.000	116	2	177	287	1	207	209	221	0.613	0.990
LOKIASV2_1981_ESMFold_L-seryl-tRNA-Sec-_kinase	4mkg-assembly1.cif.gz_A	4mkg-assembly1.cif.gz_A Crystal structure of a stable adenylate kinase variant AKv8	4.620E-04	1.000	115	4	179	287	1	213	217	225	0.613	0.982
LOKIASV2_1981_ESMFold_L-seryl-tRNA-Sec-_kinase	4qgh-assembly1.cif.gz_B	4qgh-assembly1.cif.gz_B S.aureus TMK in complex with potent inhibitor compound 47	1.243E-03	1.000	114	4	180	287	2	197	198	209	0.617	0.990
LOKIASV2_1981_ESMFold_L-seryl-tRNA-Sec-_kinase	5mqj-assembly2.cif.gz_D	5mqj-assembly2.cif.gz_D Crystal structure of dCK mutant C3S	3.321E-04	1.000	114	2	180	287	1	228	229	237	0.624	0.996
LOKIASV2_1981_ESMFold_L-seryl-tRNA-Sec-_kinase	7eey-assembly1.cif.gz_A-2	7eey-assembly1.cif.gz_A-2 The structure of the N-terminal doamin of the Schizosaccharomyces pombe Tad2 adenosine deaminase	1.929E-03	1.000	113	1	180	287	1	191	193	213	0.627	0.990
LOKIASV2_1981_ESMFold_L-seryl-tRNA-Sec-_kinase	7s5e-assembly3.cif.gz_E	7s5e-assembly3.cif.gz_E Crystal structure of a guanylate kinase from Stenotrophomonas maltophilia K279a with heterogeneous ligand states of GMP/ADP, GMP/-, GDP/-, and GMP/ATPgS	6.425E-04	1.000	113	1	193	287	1	195	203	226	0.672	0.961
LOKIASV2_1981_ESMFold_L-seryl-tRNA-Sec-_kinase	2p5t-assembly1.cif.gz_B	2p5t-assembly1.cif.gz_B Molecular and structural characterization of the PezAT chromosomal toxin-antitoxin system of the human pathogen Streptococcus pneumoniae	2.816E-04	1.000	113	2	182	287	29	242	244	222	0.631	0.877
LOKIASV2_1981_ESMFold_L-seryl-tRNA-Sec-_kinase	2ori-assembly1.cif.gz_B	2ori-assembly1.cif.gz_B Crystal structure of a thermostable mutant of Bacillus subtilis Adenylate Kinase (A193V/Q199R/)	1.466E-03	1.000	112	4	180	287	1	214	216	230	0.617	0.991
LOKIASV2_1981_ESMFold_L-seryl-tRNA-Sec-_kinase	2p5t-assembly1.cif.gz_D	2p5t-assembly1.cif.gz_D Molecular and structural characterization of the PezAT chromosomal toxin-antitoxin system of the human pathogen Streptococcus pneumoniae	5.157E-04	1.000	112	2	187	287	31	245	247	225	0.648	0.870
LOKIASV2_1981_ESMFold_L-seryl-tRNA-Sec-_kinase	7eey-assembly1.cif.gz_B	7eey-assembly1.cif.gz_B The structure of the N-terminal doamin of the Schizosaccharomyces pombe Tad2 adenosine deaminase	1.466E-03	1.000	111	2	180	287	1	192	194	213	0.624	0.990
LOKIASV2_1981_ESMFold_L-seryl-tRNA-Sec-_kinase	3l0s-assembly2.cif.gz_C	3l0s-assembly2.cif.gz_C Crystal structures of Zinc, Cobalt and Iron containing Adenylate kinase from Gram-negative bacteria Desulfovibrio gigas	1.113E-03	1.000	111	4	127	287	1	133	223	140	0.432	0.596
LOKIASV2_1981_ESMFold_L-seryl-tRNA-Sec-_kinase	8egl-assembly1.cif.gz_L	8egl-assembly1.cif.gz_L Crystal Structure of Guanylate kinase from Pseudomonas aeruginosa PAO1 in complex with GMP and ADP	1.826E-03	1.000	110	2	191	287	1	181	185	204	0.662	0.978
LOKIASV2_1981_ESMFold_L-seryl-tRNA-Sec-_kinase	4tmk-assembly1.cif.gz_A	4tmk-assembly1.cif.gz_A COMPLEX OF E. COLI THYMIDYLATE KINASE WITH THE BISUBSTRATE INHIBITOR TP5A	1.176E-03	1.000	110	2	180	287	1	209	210	216	0.624	0.995
LOKIASV2_1981_ESMFold_L-seryl-tRNA-Sec-_kinase	5x6j-assembly1.cif.gz_A	5x6j-assembly1.cif.gz_A Crystal structure of B. globisporus adenylate kinase variant	2.039E-03	1.000	110	4	178	287	1	212	213	225	0.610	0.995
LOKIASV2_1981_ESMFold_L-seryl-tRNA-Sec-_kinase	3l0p-assembly1.cif.gz_A	3l0p-assembly1.cif.gz_A Crystal structures of Iron containing Adenylate kinase from Desulfovibrio gigas	1.729E-03	1.000	110	4	127	287	1	133	222	140	0.432	0.599
LOKIASV2_1981_ESMFold_L-seryl-tRNA-Sec-_kinase	1w2g-assembly1.cif.gz_B	1w2g-assembly1.cif.gz_B Crystal Structure Of Mycobacterium Tuberculosis Thymidylate Kinase Complexed With Deoxythymidine (dT) (2.1 A Resolution)	2.523E-04	1.000	109	4	167	287	1	203	204	215	0.571	0.995
LOKIASV2_1981_ESMFold_L-seryl-tRNA-Sec-_kinase	5g3y-assembly1.cif.gz_A	5g3y-assembly1.cif.gz_A Crystal structure of adenylate kinase ancestor 1 with Zn and ADP bound	3.732E-03	1.000	109	1	124	287	1	127	213	137	0.432	0.596
LOKIASV2_1981_ESMFold_L-seryl-tRNA-Sec-_kinase	2xb4-assembly1.cif.gz_A	2xb4-assembly1.cif.gz_A Crystal structures of zinc containing Adenylate kinase from Desulfovibrio gigas	1.113E-03	1.000	109	4	127	287	1	133	223	140	0.432	0.596
LOKIASV2_1981_ESMFold_L-seryl-tRNA-Sec-_kinase	1n5l-assembly1.cif.gz_A	1n5l-assembly1.cif.gz_A CRYSTAL STRUCTURE OF MYCOBACTERIUM TUBERCULOSIS THYMIDYLATE KINASE CRYSTALLIZED IN SODIUM MALONATE, AFTER CATALYSIS IN THE CRYSTAL (2.3 A RESOLUTION)	4.139E-04	1.000	108	4	170	287	1	194	195	203	0.582	0.995
LOKIASV2_1981_ESMFold_L-seryl-tRNA-Sec-_kinase	3ipy-assembly1.cif.gz_B	3ipy-assembly1.cif.gz_B X-Ray structure of Human Deoxycytidine Kinase in complex with an inhibitor	2.139E-04	1.000	108	2	184	287	1	224	225	239	0.638	0.996
LOKIASV2_1981_ESMFold_L-seryl-tRNA-Sec-_kinase	3ch4-assembly1.cif.gz_B	3ch4-assembly1.cif.gz_B The Crystal Structure of Human Phosphomavelonate Kinase At 1.8 A Resolution	1.929E-03	1.000	107	1	178	287	8	187	188	197	0.620	0.957
LOKIASV2_1981_ESMFold_L-seryl-tRNA-Sec-_kinase	3vaa-assembly3.cif.gz_C	3vaa-assembly3.cif.gz_C 1.7 Angstrom Resolution Crystal Structure of Shikimate Kinase from Bacteroides thetaiotaomicron	1.054E-03	1.000	106	4	179	287	3	168	169	193	0.613	0.982
LOKIASV2_1981_ESMFold_L-seryl-tRNA-Sec-_kinase	6n54-assembly1.cif.gz_B	6n54-assembly1.cif.gz_B Crystal structure of human uridine-cytidine kinase 2 complexed with 2'-azidocytidine monophosphate	8.458E-04	1.000	106	1	170	287	1	205	213	225	0.592	0.962
LOKIASV2_1981_ESMFold_L-seryl-tRNA-Sec-_kinase	4nu0-assembly2.cif.gz_B	4nu0-assembly2.cif.gz_B Crystal structure of Adenylate kinase from Streptococcus pneumoniae with Ap5A	4.620E-04	1.000	104	4	189	287	1	186	212	206	0.648	0.877
LOKIASV2_1981_ESMFold_L-seryl-tRNA-Sec-_kinase	3n2i-assembly1.cif.gz_B	3n2i-assembly1.cif.gz_B 2.25 Angstrom resolution crystal structure of a thymidylate kinase (tmk) from Vibrio cholerae O1 biovar eltor str. N16961 in complex with thymidine	3.344E-03	1.000	103	2	180	287	1	207	209	214	0.624	0.990
LOKIASV2_1981_ESMFold_L-seryl-tRNA-Sec-_kinase	2c9y-assembly1.cif.gz_A	2c9y-assembly1.cif.gz_A Structure of human adenylate kinase 2	6.122E-03	1.000	103	4	173	287	2	215	218	222	0.592	0.982
LOKIASV2_1981_ESMFold_L-seryl-tRNA-Sec-_kinase	7owj-assembly2.cif.gz_E	7owj-assembly2.cif.gz_E Odinarchaeota Adenylate kinase (OdinAK) in complex with GTP	1.729E-03	1.000	101	4	174	287	1	186	189	208	0.596	0.984
LOKIASV2_1981_ESMFold_L-seryl-tRNA-Sec-_kinase	2aky-assembly1.cif.gz_A	2aky-assembly1.cif.gz_A HIGH-RESOLUTION STRUCTURES OF ADENYLATE KINASE FROM YEAST LIGATED WITH INHIBITOR AP5A, SHOWING THE PATHWAY OF PHOSPHORYL TRANSFER	4.620E-04	1.000	101	2	172	287	1	179	218	195	0.596	0.821
LOKIASV2_1981_ESMFold_L-seryl-tRNA-Sec-_kinase	5zb4-assembly1.cif.gz_A	5zb4-assembly1.cif.gz_A Crystal structure of thymidylate kinase in complex with ADP and TMP from thermus thermophilus HB8	4.402E-03	1.000	100	3	178	287	2	182	186	199	0.613	0.973
LOKIASV2_1981_ESMFold_L-seryl-tRNA-Sec-_kinase	4edh-assembly1.cif.gz_B	4edh-assembly1.cif.gz_B The crystal structure of thymidylate kinase from Pseudomonas aeruginosa PAO1 in complex with ADP,TMP and Mg.	2.835E-03	1.000	100	1	181	287	4	207	209	215	0.631	0.976
LOKIASV2_1981_ESMFold_L-seryl-tRNA-Sec-_kinase	4f4j-assembly2.cif.gz_A	4f4j-assembly2.cif.gz_A Conversion of the enzyme guanylate kinase into a mitotic spindle orienting protein by a single mutation that inhibits gmp- induced closing	8.936E-04	0.999	98	2	175	287	7	184	189	201	0.606	0.942
LOKIASV2_1981_ESMFold_L-seryl-tRNA-Sec-_kinase	5x8c-assembly1.cif.gz_A	5x8c-assembly1.cif.gz_A AMPPCP and TMP bound crystal structure of thymidylate kinase from thermus thermophilus HB8	4.166E-03	0.999	98	3	182	287	2	188	189	203	0.627	0.989
LOKIASV2_1981_ESMFold_L-seryl-tRNA-Sec-_kinase	7owh-assembly2.cif.gz_E	7owh-assembly2.cif.gz_E Odinarchaeota Adenylate kinase (OdinAK) native structure	2.039E-03	0.999	98	4	175	287	1	192	193	211	0.599	0.995
LOKIASV2_1981_ESMFold_L-seryl-tRNA-Sec-_kinase	7luy-assembly3.cif.gz_D	7luy-assembly3.cif.gz_D Crystal Structure of guanylate kinase from Bartonella henselae str. Houston-1	3.533E-03	0.999	98	2	178	287	4	186	205	201	0.617	0.893
LOKIASV2_1981_ESMFold_L-seryl-tRNA-Sec-_kinase	2p5t-assembly3.cif.gz_H	2p5t-assembly3.cif.gz_H Molecular and structural characterization of the PezAT chromosomal toxin-antitoxin system of the human pathogen Streptococcus pneumoniae	4.372E-04	0.999	98	2	179	287	31	241	242	235	0.620	0.872
LOKIASV2_1981_ESMFold_L-seryl-tRNA-Sec-_kinase	2ak2-assembly1.cif.gz_A	2ak2-assembly1.cif.gz_A ADENYLATE KINASE ISOENZYME-2	4.166E-03	0.999	97	1	173	287	1	217	220	229	0.603	0.986
LOKIASV2_1981_ESMFold_L-seryl-tRNA-Sec-_kinase	7zi8-assembly1.cif.gz_A-2	7zi8-assembly1.cif.gz_A-2 Crystal structure of dCK C4S-S74E mutant in complex with UDP and the OR0602 inhibitor	2.540E-03	0.999	97	1	179	287	1	228	229	237	0.624	0.996
LOKIASV2_1981_ESMFold_L-seryl-tRNA-Sec-_kinase	4z8t-assembly1.cif.gz_A-2	4z8t-assembly1.cif.gz_A-2 CRYSTAL STRUCTURE OF AvrRxo1-ORF1:AvrRxo1-ORF2 WITH SULPHATE IONS	8.995E-03	0.999	97	2	139	287	63	215	331	159	0.481	0.462
LOKIASV2_1981_ESMFold_L-seryl-tRNA-Sec-_kinase	5zb0-assembly1.cif.gz_A	5zb0-assembly1.cif.gz_A Crystal structure of thymidylate kinase in complex with ADP and TDP from thermus thermophilus HB8	7.220E-03	0.998	95	3	178	287	2	183	187	199	0.613	0.973
LOKIASV2_1981_ESMFold_L-seryl-tRNA-Sec-_kinase	1e9f-assembly1.cif.gz_A-2	1e9f-assembly1.cif.gz_A-2 Mutant human thymidylate kinase complexed with TMP and ADP	2.684E-03	0.998	93	1	187	287	1	194	202	217	0.652	0.960
LOKIASV2_1981_ESMFold_L-seryl-tRNA-Sec-_kinase	3tmk-assembly4.cif.gz_G	3tmk-assembly4.cif.gz_G CRYSTAL STRUCTURE OF YEAST THYMIDYLATE KINASE COMPLEXED WITH THE BISUBSTRATE INHIBITOR TP5A AT 2.0 A RESOLUTION: IMPLICATIONS FOR CATALYSIS AND AZT ACTIVATION	4.913E-03	0.998	93	2	179	287	3	204	215	216	0.620	0.940
LOKIASV2_1981_ESMFold_L-seryl-tRNA-Sec-_kinase	5xt8-assembly1.cif.gz_B	5xt8-assembly1.cif.gz_B Magnesium bound apo structure of thymidylate kinase (form I) from Thermus thermophilus HB8	1.121E-02	0.997	92	3	180	287	2	186	189	202	0.620	0.979
LOKIASV2_1981_ESMFold_L-seryl-tRNA-Sec-_kinase	1w2h-assembly1.cif.gz_A	1w2h-assembly1.cif.gz_A Crystal Structure Of Mycobacterium Tuberculosis Thymidylate Kinase Complexed With Azidothymidine Monophosphate (AZT-MP) (2.0 A Resolution)	2.275E-03	0.997	91	4	170	287	1	189	190	203	0.582	0.995
LOKIASV2_1981_ESMFold_L-seryl-tRNA-Sec-_kinase	5zax-assembly1.cif.gz_A	5zax-assembly1.cif.gz_A Crystal structure of thymidylate kinase in complex with ADP, TDP and TMP from thermus thermophilus HB8	1.322E-02	0.997	91	3	180	287	2	187	190	203	0.620	0.979
LOKIASV2_1981_ESMFold_L-seryl-tRNA-Sec-_kinase	8dv0-assembly1.cif.gz_A	8dv0-assembly1.cif.gz_A Crystal Structure of a Dephospho-CoA kinase from Rickettsia felis	2.540E-03	0.997	91	3	180	287	2	190	192	215	0.620	0.984
LOKIASV2_1981_ESMFold_L-seryl-tRNA-Sec-_kinase	3tr0-assembly1.cif.gz_A	3tr0-assembly1.cif.gz_A Structure of guanylate kinase (gmk) from Coxiella burnetii	1.004E-02	0.997	91	1	197	287	1	199	201	234	0.686	0.990
LOKIASV2_1981_ESMFold_L-seryl-tRNA-Sec-_kinase	4z8v-assembly1.cif.gz_A	4z8v-assembly1.cif.gz_A CRYSTAL STRUCTURE OF AVRRXO1-ORF1:-ORF2 COMPLEX, NATIVE.	2.168E-02	0.997	91	2	124	287	65	200	331	139	0.429	0.411
LOKIASV2_1981_ESMFold_L-seryl-tRNA-Sec-_kinase	5gaj-assembly1.cif.gz_A	5gaj-assembly1.cif.gz_A Solution NMR structure of De novo designed PLOOP2X3_50 fold protein, Northeast Structural Genomics Consortium (NESG) target OR258	1.004E-02	0.996	90	1	180	287	1	129	134	181	0.627	0.963
LOKIASV2_1981_ESMFold_L-seryl-tRNA-Sec-_kinase	2anc-assembly1.cif.gz_F	2anc-assembly1.cif.gz_F Crystal Structure Of Unliganded Form Of Oligomeric E.coli Guanylate Kinase	1.647E-02	0.996	90	1	194	287	1	150	153	196	0.676	0.980
LOKIASV2_1981_ESMFold_L-seryl-tRNA-Sec-_kinase	3ld9-assembly1.cif.gz_A	3ld9-assembly1.cif.gz_A Crystal structure of thymidylate kinase from Ehrlichia chaffeensis at 2.15A resolution	4.650E-03	0.996	89	1	176	287	1	185	187	207	0.613	0.989
LOKIASV2_1981_ESMFold_L-seryl-tRNA-Sec-_kinase	2xx3-assembly1.cif.gz_A-2	2xx3-assembly1.cif.gz_A-2 HUMAN THYMIDYLATE KINASE COMPLEXED WITH thymidine butenyl phosphonate monophosphate and ADP	7.220E-03	0.996	89	2	182	287	3	187	200	214	0.631	0.925
LOKIASV2_1981_ESMFold_L-seryl-tRNA-Sec-_kinase	8egl-assembly1.cif.gz_K	8egl-assembly1.cif.gz_K Crystal Structure of Guanylate kinase from Pseudomonas aeruginosa PAO1 in complex with GMP and ADP	1.121E-02	0.996	89	4	189	287	2	193	201	222	0.648	0.955
LOKIASV2_1981_ESMFold_L-seryl-tRNA-Sec-_kinase	5xt8-assembly1.cif.gz_A	5xt8-assembly1.cif.gz_A Magnesium bound apo structure of thymidylate kinase (form I) from Thermus thermophilus HB8	1.559E-02	0.995	88	3	182	287	2	196	197	205	0.627	0.990
LOKIASV2_1981_ESMFold_L-seryl-tRNA-Sec-_kinase	3lv8-assembly1.cif.gz_A-2	3lv8-assembly1.cif.gz_A-2 1.8 Angstrom resolution crystal structure of a thymidylate kinase (tmk) from Vibrio cholerae O1 biovar eltor str. N16961 in complex with TMP, thymidine-5'-diphosphate and ADP	8.514E-03	0.995	88	2	179	287	1	201	204	211	0.620	0.985
LOKIASV2_1981_ESMFold_L-seryl-tRNA-Sec-_kinase	6zjb-assembly5.cif.gz_E	6zjb-assembly5.cif.gz_E Crystal structure of human adenylate kinase 3, AK3, in complex with inhibitor Gp5A	6.468E-03	0.995	88	1	119	287	1	119	216	134	0.415	0.551
LOKIASV2_1981_ESMFold_L-seryl-tRNA-Sec-_kinase	5o5q-assembly1.cif.gz_A	5o5q-assembly1.cif.gz_A X-ray crystal structure of RapZ from Escherichia coli (P3221 space group)	7.220E-03	0.995	88	1	170	287	1	136	265	176	0.592	0.513
LOKIASV2_1981_ESMFold_L-seryl-tRNA-Sec-_kinase	8b0i-assembly1.cif.gz_B	8b0i-assembly1.cif.gz_B CryoEM structure of bacterial RapZ.GlmZ complex central to the control of cell envelope biogenesis	1.397E-02	0.995	88	4	172	287	2	149	281	179	0.589	0.527
LOKIASV2_1981_ESMFold_L-seryl-tRNA-Sec-_kinase	4w5h-assembly1.cif.gz_A	4w5h-assembly1.cif.gz_A New structural conformations of adenylate kinase from Streptococcus pneumoniae D39	7.577E-04	0.994	87	3	185	287	2	183	208	208	0.638	0.875
LOKIASV2_1981_ESMFold_L-seryl-tRNA-Sec-_kinase	1e98-assembly1.cif.gz_A-2	1e98-assembly1.cif.gz_A-2 Wild type human thymidylate kinase complexed with AZTMP and ADP	7.628E-03	0.994	87	2	187	287	3	202	210	218	0.648	0.952
LOKIASV2_1981_ESMFold_L-seryl-tRNA-Sec-_kinase	1e9d-assembly1.cif.gz_A	1e9d-assembly1.cif.gz_A Mutant human thymidylate kinase (F105Y) complexed with AZTMP and ADP	1.004E-02	0.993	86	2	187	287	3	202	210	222	0.648	0.952
LOKIASV2_1981_ESMFold_L-seryl-tRNA-Sec-_kinase	4z8u-assembly1.cif.gz_A-2	4z8u-assembly1.cif.gz_A-2 CRYSTAL STRUCTURE OF AvrRxo1-ORF1:-ORF2 WITH ATP	2.420E-02	0.993	86	2	139	287	63	215	332	160	0.481	0.461
LOKIASV2_1981_ESMFold_L-seryl-tRNA-Sec-_kinase	5x8j-assembly1.cif.gz_A	5x8j-assembly1.cif.gz_A K16M mutant of thermus thermophilus HB8 thymidylate kinase	1.838E-02	0.992	85	3	178	287	2	179	184	202	0.613	0.967
LOKIASV2_1981_ESMFold_L-seryl-tRNA-Sec-_kinase	1ex7-assembly1.cif.gz_A	1ex7-assembly1.cif.gz_A CRYSTAL STRUCTURE OF YEAST GUANYLATE KINASE IN COMPLEX WITH GUANOSINE-5'-MONOPHOSPHATE	6.833E-03	0.992	85	1	180	287	1	184	186	207	0.627	0.989
LOKIASV2_1981_ESMFold_L-seryl-tRNA-Sec-_kinase	4uns-assembly1.cif.gz_A	4uns-assembly1.cif.gz_A Mtb TMK in complex with compound 40	2.835E-03	0.991	84	4	170	287	1	184	186	206	0.582	0.989
LOKIASV2_1981_ESMFold_L-seryl-tRNA-Sec-_kinase	5x98-assembly1.cif.gz_B	5x98-assembly1.cif.gz_B Y162F mutant of thermus thermophilus HB8 thymidylate kinase	1.475E-02	0.991	84	3	178	287	2	182	187	200	0.613	0.968
LOKIASV2_1981_ESMFold_L-seryl-tRNA-Sec-_kinase	7o9f-assembly1.cif.gz_A	7o9f-assembly1.cif.gz_A Bacillus subtilis Ffh in complex with ppGpp	1.121E-02	0.991	84	1	123	287	99	236	300	149	0.429	0.460
LOKIASV2_1981_ESMFold_L-seryl-tRNA-Sec-_kinase	1nn5-assembly1.cif.gz_A-2	1nn5-assembly1.cif.gz_A-2 Crystal structure of human thymidylate kinase with d4TMP + AppNHp	9.504E-03	0.990	83	1	181	287	1	190	204	209	0.631	0.931
LOKIASV2_1981_ESMFold_L-seryl-tRNA-Sec-_kinase	1e2g-assembly1.cif.gz_A-2	1e2g-assembly1.cif.gz_A-2 Human thymidylate kinase complexed with ADP, TDP and a magnesium-ion	1.061E-02	0.990	83	1	183	287	1	193	205	215	0.638	0.941
LOKIASV2_1981_ESMFold_L-seryl-tRNA-Sec-_kinase	1e2f-assembly1.cif.gz_A	1e2f-assembly1.cif.gz_A Human thymidylate kinase complexed with thymidine monophosphate, adenosine diphosphate and a magnesium-ion	1.322E-02	0.990	83	2	187	287	3	202	210	218	0.648	0.952
LOKIASV2_1981_ESMFold_L-seryl-tRNA-Sec-_kinase	3ld9-assembly1.cif.gz_B	3ld9-assembly1.cif.gz_B Crystal structure of thymidylate kinase from Ehrlichia chaffeensis at 2.15A resolution	1.475E-02	0.988	82	1	172	287	1	177	178	198	0.599	0.994
LOKIASV2_1981_ESMFold_L-seryl-tRNA-Sec-_kinase	2wwi-assembly2.cif.gz_C	2wwi-assembly2.cif.gz_C Plasmodium falciparum thymidylate kinase in complex with AZTMP and ADP	1.004E-02	0.988	82	2	178	287	5	192	205	204	0.617	0.917
LOKIASV2_1981_ESMFold_L-seryl-tRNA-Sec-_kinase	5o5o-assembly1.cif.gz_B	5o5o-assembly1.cif.gz_B X-ray crystal structure of RapZ from Escherichia coli (P32 space group)	7.220E-03	0.988	82	4	170	287	2	128	261	170	0.582	0.487
LOKIASV2_1981_ESMFold_L-seryl-tRNA-Sec-_kinase	5x8b-assembly1.cif.gz_B	5x8b-assembly1.cif.gz_B Crystal structure of ATP-TMP and ADP bound thymidylate kinase from Thermus thermophilus HB8	1.559E-02	0.986	81	3	180	287	2	185	187	202	0.620	0.984
LOKIASV2_1981_ESMFold_L-seryl-tRNA-Sec-_kinase	5zax-assembly1.cif.gz_B	5zax-assembly1.cif.gz_B Crystal structure of thymidylate kinase in complex with ADP, TDP and TMP from thermus thermophilus HB8	1.397E-02	0.986	81	3	180	287	2	184	187	210	0.620	0.979
LOKIASV2_1981_ESMFold_L-seryl-tRNA-Sec-_kinase	5x7j-assembly1.cif.gz_A	5x7j-assembly1.cif.gz_A Crystal structure of thymidylate kinase from thermus thermophilus HB8	3.366E-02	0.984	80	3	180	287	2	184	187	201	0.620	0.979
LOKIASV2_1981_ESMFold_L-seryl-tRNA-Sec-_kinase	7luy-assembly2.cif.gz_E	7luy-assembly2.cif.gz_E Crystal Structure of guanylate kinase from Bartonella henselae str. Houston-1	2.420E-02	0.984	80	2	182	287	3	180	200	205	0.631	0.890
LOKIASV2_1981_ESMFold_L-seryl-tRNA-Sec-_kinase	7o9f-assembly3.cif.gz_C	7o9f-assembly3.cif.gz_C Bacillus subtilis Ffh in complex with ppGpp	1.121E-02	0.984	80	1	129	287	98	237	295	152	0.449	0.475
LOKIASV2_1981_ESMFold_L-seryl-tRNA-Sec-_kinase	1dvr-assembly1.cif.gz_B	1dvr-assembly1.cif.gz_B STRUCTURE OF A MUTANT ADENYLATE KINASE LIGATED WITH AN ATP-ANALOGUE SHOWING DOMAIN CLOSURE OVER ATP	8.995E-03	0.981	79	3	178	287	4	217	220	228	0.613	0.973
LOKIASV2_1981_ESMFold_L-seryl-tRNA-Sec-_kinase	8b0j-assembly1.cif.gz_A	8b0j-assembly1.cif.gz_A CryoEM structure of bacterial RNaseE.RapZ.GlmZ complex central to the control of cell envelope biogenesis	1.004E-02	0.981	79	3	167	287	2	134	268	172	0.575	0.496
LOKIASV2_1981_ESMFold_L-seryl-tRNA-Sec-_kinase	2tmk-assembly1.cif.gz_B	2tmk-assembly1.cif.gz_B YEAST THYMIDYLATE KINASE COMPLEXED WITH 3'-AZIDO-3'-DEOXYTHYMIDINE MONOPHOSPHATE (AZT-MP)	9.504E-03	0.978	78	1	175	287	1	189	204	212	0.610	0.926
LOKIASV2_1981_ESMFold_L-seryl-tRNA-Sec-_kinase	7luy-assembly1.cif.gz_F	7luy-assembly1.cif.gz_F Crystal Structure of guanylate kinase from Bartonella henselae str. Houston-1	3.556E-02	0.975	77	2	182	287	3	170	190	201	0.631	0.884
LOKIASV2_1981_ESMFold_L-seryl-tRNA-Sec-_kinase	4nzy-assembly1.cif.gz_B	4nzy-assembly1.cif.gz_B Crystal structure (type-2) of dTMP kinase (st1543) from Sulfolobus Tokodaii Strain7	9.504E-03	0.975	77	2	181	287	1	178	205	199	0.627	0.868
LOKIASV2_1981_ESMFold_L-seryl-tRNA-Sec-_kinase	2plr-assembly1.cif.gz_B	2plr-assembly1.cif.gz_B Crystal structure of dTMP kinase (st1543) from Sulfolobus Tokodaii Strain7	8.514E-03	0.971	76	2	181	287	1	178	208	199	0.627	0.856
LOKIASV2_1981_ESMFold_L-seryl-tRNA-Sec-_kinase	4gi7-assembly4.cif.gz_H	4gi7-assembly4.cif.gz_H Crystal structure of Klebsiella pneumoniae pantothenate kinase in complex with a pantothenate analogue	4.431E-02	0.971	76	1	121	287	73	227	303	168	0.422	0.512
LOKIASV2_1981_ESMFold_L-seryl-tRNA-Sec-_kinase	3ld9-assembly1.cif.gz_D	3ld9-assembly1.cif.gz_D Crystal structure of thymidylate kinase from Ehrlichia chaffeensis at 2.15A resolution	2.291E-02	0.967	75	1	176	287	1	181	184	206	0.613	0.984
LOKIASV2_1981_ESMFold_L-seryl-tRNA-Sec-_kinase	5x8k-assembly1.cif.gz_A	5x8k-assembly1.cif.gz_A V158T mutant of thermus thermophilus HB8 thymidylate kinase	1.838E-02	0.967	75	3	180	287	2	183	185	203	0.620	0.984
LOKIASV2_1981_ESMFold_L-seryl-tRNA-Sec-_kinase	2wwf-assembly1.cif.gz_A	2wwf-assembly1.cif.gz_A Plasmodium falciparum thymidylate kinase in complex with TMP and ADP	3.556E-02	0.967	75	2	179	287	8	197	211	207	0.620	0.900
LOKIASV2_1981_ESMFold_L-seryl-tRNA-Sec-_kinase	5v2q-assembly1.cif.gz_A	5v2q-assembly1.cif.gz_A CaV beta2a subunit: CaV1.2 AID-CEN complex	3.366E-02	0.967	75	3	181	287	111	279	298	187	0.624	0.567
LOKIASV2_1981_ESMFold_L-seryl-tRNA-Sec-_kinase	4rzx-assembly1.cif.gz_B	4rzx-assembly1.cif.gz_B Crystal structure (type-3) of dTMP kinase (st1543) from Sulfolobus Tokodaii Strain7	1.004E-02	0.949	72	2	181	287	1	174	199	198	0.627	0.874
LOKIASV2_1981_ESMFold_L-seryl-tRNA-Sec-_kinase	1p4s-assembly1.cif.gz_A	1p4s-assembly1.cif.gz_A Solution structure of Mycobacterium tuberculosis adenylate kinase	3.186E-02	0.941	71	4	165	287	1	173	181	187	0.564	0.956
LOKIASV2_1981_ESMFold_L-seryl-tRNA-Sec-_kinase	5xal-assembly1.cif.gz_A	5xal-assembly1.cif.gz_A Y99F mutant of Thermus thermophilus HB8 thymidylate kinase	4.681E-02	0.941	71	3	178	287	2	181	185	201	0.613	0.973
LOKIASV2_1981_ESMFold_L-seryl-tRNA-Sec-_kinase	2p67-assembly1.cif.gz_A-2	2p67-assembly1.cif.gz_A-2 Crystal structure of LAO/AO transport system kinase	5.484E-03	0.941	71	1	237	287	53	301	302	272	0.826	0.825
LOKIASV2_1981_ESMFold_L-seryl-tRNA-Sec-_kinase	3ld9-assembly1.cif.gz_C	3ld9-assembly1.cif.gz_C Crystal structure of thymidylate kinase from Ehrlichia chaffeensis at 2.15A resolution	2.854E-02	0.933	70	1	155	287	1	163	175	181	0.540	0.931
LOKIASV2_1981_ESMFold_L-seryl-tRNA-Sec-_kinase	2yof-assembly2.cif.gz_B	2yof-assembly2.cif.gz_B Plasmodium falciparum thymidylate kinase in complex with a (thio)urea- beta-deoxythymidine inhibitor	2.557E-02	0.933	70	2	175	287	7	190	204	206	0.606	0.902
LOKIASV2_1981_ESMFold_L-seryl-tRNA-Sec-_kinase	4dex-assembly1.cif.gz_A	4dex-assembly1.cif.gz_A Crystal structure of the Voltage Dependent Calcium Channel beta-2 Subunit in Complex With The CaV2.2 I-II Linker.	6.163E-02	0.933	70	3	181	287	116	282	289	189	0.624	0.578
LOKIASV2_1981_ESMFold_L-seryl-tRNA-Sec-_kinase	2woj-assembly1.cif.gz_D	2woj-assembly1.cif.gz_D ADP-AlF4 complex of S. cerevisiae GET3	5.794E-03	0.933	70	1	180	287	12	253	304	261	0.627	0.796
LOKIASV2_1981_ESMFold_L-seryl-tRNA-Sec-_kinase	2yoh-assembly1.cif.gz_A	2yoh-assembly1.cif.gz_A Plasmodium falciparum thymidylate kinase in complex with a urea-alpha- deoxythymidine inhibitor	3.366E-02	0.923	69	2	175	287	4	185	199	204	0.606	0.915
LOKIASV2_1981_ESMFold_L-seryl-tRNA-Sec-_kinase	6y32-assembly1.cif.gz_A	6y32-assembly1.cif.gz_A Structure of the GTPase heterodimer of human SRP54 and SRalpha	2.291E-02	0.923	69	2	139	287	78	244	274	179	0.481	0.609
LOKIASV2_1981_ESMFold_L-seryl-tRNA-Sec-_kinase	2lci-assembly1.cif.gz_A	2lci-assembly1.cif.gz_A Solution NMR Structure of DE NOVO DESIGNED PROTEIN, P-LOOP NTPASE FOLD, Northeast Structural Genomics Consortium Target OR36 (CASD Target)	7.678E-02	0.912	68	1	185	287	1	129	134	186	0.645	0.963
LOKIASV2_1981_ESMFold_L-seryl-tRNA-Sec-_kinase	8bv3-assembly1.cif.gz_E	8bv3-assembly1.cif.gz_E Bacillus subtilis DnaA domain III structure	2.701E-02	0.912	68	4	142	287	36	201	235	173	0.484	0.706
LOKIASV2_1981_ESMFold_L-seryl-tRNA-Sec-_kinase	1odf-assembly1.cif.gz_A	1odf-assembly1.cif.gz_A Structure of YGR205w protein.	4.402E-03	0.912	68	2	139	287	26	237	280	216	0.481	0.757
LOKIASV2_1981_ESMFold_L-seryl-tRNA-Sec-_kinase	2px3-assembly1.cif.gz_A-2	2px3-assembly1.cif.gz_A-2 Crystal structure of FlhF complexed with GTP/Mg(2+)	3.366E-02	0.900	67	1	171	287	65	223	256	188	0.596	0.621
LOKIASV2_1981_ESMFold_L-seryl-tRNA-Sec-_kinase	6epi-assembly1.cif.gz_B	6epi-assembly1.cif.gz_B Structure of the epsilon_1 / zeta_1 antitoxin / toxin system from Neisseria gonorrhoeae in complex with UNAM-4P.	3.366E-02	0.900	67	2	186	287	100	257	394	208	0.645	0.401
LOKIASV2_1981_ESMFold_L-seryl-tRNA-Sec-_kinase	3tau-assembly1.cif.gz_A	3tau-assembly1.cif.gz_A Crystal Structure of a Putative Guanylate Monophosphaste Kinase from Listeria monocytogenes EGD-e	1.740E-02	0.887	66	2	196	287	3	192	193	224	0.679	0.984
LOKIASV2_1981_ESMFold_L-seryl-tRNA-Sec-_kinase	3akc-assembly1.cif.gz_A	3akc-assembly1.cif.gz_A Crystal structure of CMP kinase in complex with CDP and ADP from Thermus thermophilus HB8	1.838E-02	0.887	66	1	175	287	1	207	208	234	0.610	0.995
LOKIASV2_1981_ESMFold_L-seryl-tRNA-Sec-_kinase	5xak-assembly1.cif.gz_A	5xak-assembly1.cif.gz_A Crystal structure (form II) of thymidylate kinase from Thermus thermophilus HB8	1.184E-02	0.872	65	4	189	287	2	155	181	196	0.648	0.851
LOKIASV2_1981_ESMFold_L-seryl-tRNA-Sec-_kinase	2p5t-assembly3.cif.gz_F	2p5t-assembly3.cif.gz_F Molecular and structural characterization of the PezAT chromosomal toxin-antitoxin system of the human pathogen Streptococcus pneumoniae	1.647E-02	0.872	65	2	179	287	30	239	240	238	0.620	0.875
LOKIASV2_1981_ESMFold_L-seryl-tRNA-Sec-_kinase	8eoi-assembly1.cif.gz_J	8eoi-assembly1.cif.gz_J Structure of a human EMC:human Cav1.2 channel complex in GDN detergent	5.833E-02	0.872	65	1	173	287	112	293	296	201	0.603	0.615
LOKIASV2_1981_ESMFold_L-seryl-tRNA-Sec-_kinase	5x8a-assembly1.cif.gz_B	5x8a-assembly1.cif.gz_B Crystal structure of ATP bound thymidylate kinase from thermus thermophilus HB8	1.942E-02	0.855	64	3	200	287	2	186	189	222	0.690	0.979
LOKIASV2_1981_ESMFold_L-seryl-tRNA-Sec-_kinase	7fgq-assembly1.cif.gz_A-2	7fgq-assembly1.cif.gz_A-2 Crystal structure of Thymidylate kinase with TMP and its low-resolution (SAXS) solution structure from Brugia malayi	7.268E-02	0.855	64	2	185	287	3	182	190	210	0.641	0.947
LOKIASV2_1981_ESMFold_L-seryl-tRNA-Sec-_kinase	4pwx-assembly1.cif.gz_A	4pwx-assembly1.cif.gz_A Crystal structure of an ATP-bound Get3-Get4-Get5 complex from S.cerevisiae	8.995E-03	0.855	64	2	180	287	13	243	294	256	0.624	0.786
LOKIASV2_1981_ESMFold_L-seryl-tRNA-Sec-_kinase	2woj-assembly2.cif.gz_A	2woj-assembly2.cif.gz_A ADP-AlF4 complex of S. cerevisiae GET3	1.647E-02	0.855	64	1	181	287	12	255	301	261	0.631	0.811
LOKIASV2_1981_ESMFold_L-seryl-tRNA-Sec-_kinase	2lvb-assembly1.cif.gz_A	2lvb-assembly1.cif.gz_A Solution NMR Structure DE NOVO DESIGNED PFK fold PROTEIN, Northeast Structural Genomics Consortium (NESG) Target OR250	5.833E-02	0.837	63	3	147	287	2	106	112	146	0.505	0.938
LOKIASV2_1981_ESMFold_L-seryl-tRNA-Sec-_kinase	2yog-assembly1.cif.gz_A	2yog-assembly1.cif.gz_A Plasmodium falciparum thymidylate kinase in complex with a (thio)urea- alpha-deoxythymidine inhibitor	5.225E-02	0.837	63	2	175	287	4	183	197	204	0.606	0.914
LOKIASV2_1981_ESMFold_L-seryl-tRNA-Sec-_kinase	5xal-assembly1.cif.gz_B	5xal-assembly1.cif.gz_B Y99F mutant of Thermus thermophilus HB8 thymidylate kinase	3.186E-02	0.817	62	3	174	287	2	149	181	186	0.599	0.818
LOKIASV2_1981_ESMFold_L-seryl-tRNA-Sec-_kinase	5x99-assembly1.cif.gz_A	5x99-assembly1.cif.gz_A T18V mutant of thermus thermophilus HB8 thymidylate kinase	1.838E-02	0.817	62	3	189	287	2	158	185	199	0.652	0.849
LOKIASV2_1981_ESMFold_L-seryl-tRNA-Sec-_kinase	3ihl-assembly1.cif.gz_A	3ihl-assembly1.cif.gz_A Human CTPS2 crystal structure	7.220E-03	0.817	62	1	189	287	1	228	233	252	0.659	0.979
LOKIASV2_1981_ESMFold_L-seryl-tRNA-Sec-_kinase	4pwx-assembly1.cif.gz_B	4pwx-assembly1.cif.gz_B Crystal structure of an ATP-bound Get3-Get4-Get5 complex from S.cerevisiae	1.184E-02	0.817	62	2	180	287	13	248	299	261	0.624	0.789
LOKIASV2_1981_ESMFold_L-seryl-tRNA-Sec-_kinase	7tbv-assembly1.cif.gz_A	7tbv-assembly1.cif.gz_A Crystal structure of the shikimate kinase + 3-dehydroquinate dehydratase + 3-dehydroshikimate dehydrogenase domains of Aro1 from Candida albicans	6.879E-02	0.817	62	1	157	287	1	138	682	165	0.547	0.202
LOKIASV2_1981_ESMFold_L-seryl-tRNA-Sec-_kinase	5x8v-assembly1.cif.gz_B	5x8v-assembly1.cif.gz_B Y92H mutant of thermus thermophilus HB8 thymidylate kinase	3.015E-02	0.795	61	3	184	287	2	154	184	196	0.634	0.832
LOKIASV2_1981_ESMFold_L-seryl-tRNA-Sec-_kinase	8b0j-assembly1.cif.gz_B	8b0j-assembly1.cif.gz_B CryoEM structure of bacterial RNaseE.RapZ.GlmZ complex central to the control of cell envelope biogenesis	1.192E-01	0.795	61	4	170	287	1	145	279	179	0.582	0.520
LOKIASV2_1981_ESMFold_L-seryl-tRNA-Sec-_kinase	3tlx-assembly4.cif.gz_D	3tlx-assembly4.cif.gz_D Crystal Structure of PF10_0086, adenylate kinase from plasmodium falciparum	2.066E-01	0.772	60	2	174	287	21	180	182	183	0.603	0.879
LOKIASV2_1981_ESMFold_L-seryl-tRNA-Sec-_kinase	2l82-assembly1.cif.gz_A	2l82-assembly1.cif.gz_A Solution NMR Structure of de novo designed protein, P-loop NTPase fold, Northeast Structural Genomics Consortium Target OR32	1.406E-01	0.747	59	1	175	287	1	153	162	194	0.610	0.944
LOKIASV2_1981_ESMFold_L-seryl-tRNA-Sec-_kinase	5x8v-assembly1.cif.gz_A	5x8v-assembly1.cif.gz_A Y92H mutant of thermus thermophilus HB8 thymidylate kinase	5.191E-03	0.747	59	3	200	287	2	185	187	217	0.690	0.984
LOKIASV2_1981_ESMFold_L-seryl-tRNA-Sec-_kinase	2yoh-assembly2.cif.gz_B	2yoh-assembly2.cif.gz_B Plasmodium falciparum thymidylate kinase in complex with a urea-alpha- deoxythymidine inhibitor	1.192E-01	0.747	59	2	175	287	5	185	199	203	0.606	0.910
LOKIASV2_1981_ESMFold_L-seryl-tRNA-Sec-_kinase	6y30-assembly2.cif.gz_B	6y30-assembly2.cif.gz_B NG domain of human SRP54 T115A mutant	2.291E-02	0.747	59	2	167	287	105	282	284	198	0.578	0.627
LOKIASV2_1981_ESMFold_L-seryl-tRNA-Sec-_kinase	4xwo-assembly3.cif.gz_N	4xwo-assembly3.cif.gz_N Structure of Get3 bound to the transmembrane domain of Sec22	2.854E-02	0.747	59	2	180	287	16	249	300	260	0.624	0.780
LOKIASV2_1981_ESMFold_L-seryl-tRNA-Sec-_kinase	7uhf-assembly1.cif.gz_C	7uhf-assembly1.cif.gz_C Human L-type voltage-gated calcium channel Cav1.3 in the presence of cinnarizine at 3.1 Angstrom resolution	7.678E-02	0.747	59	1	173	287	140	322	324	200	0.603	0.565
LOKIASV2_1981_ESMFold_L-seryl-tRNA-Sec-_kinase	7sqc-assembly1.cif.gz_1C	7sqc-assembly1.cif.gz_1C Ciliary C1 central pair apparatus isolated from Chlamydomonas reinhardtii	3.388E-01	0.747	59	4	178	287	843	1044	1700	215	0.610	0.119
LOKIASV2_1981_ESMFold_L-seryl-tRNA-Sec-_kinase	2lr0-assembly1.cif.gz_A	2lr0-assembly1.cif.gz_A Solution NMR structure of de novo designed protein, p-loop ntpase fold, northeast structural genomics consortium target or136	7.268E-02	0.720	58	1	139	287	1	123	134	153	0.484	0.918
LOKIASV2_1981_ESMFold_L-seryl-tRNA-Sec-_kinase	2mr6-assembly1.cif.gz_A	2mr6-assembly1.cif.gz_A Solution NMR Structure of De novo designed protein, Northeast Structural Genomics Consortium (NESG) Target OR462	1.331E-01	0.720	58	3	173	287	2	125	136	178	0.596	0.912
LOKIASV2_1981_ESMFold_L-seryl-tRNA-Sec-_kinase	3sjb-assembly1.cif.gz_A	3sjb-assembly1.cif.gz_A Crystal structure of S. cerevisiae Get3 in the open state in complex with Get1 cytosolic domain	3.015E-02	0.720	58	4	180	287	15	235	288	238	0.617	0.767
LOKIASV2_1981_ESMFold_L-seryl-tRNA-Sec-_kinase	3tsw-assembly5.cif.gz_C	3tsw-assembly5.cif.gz_C crystal structure of the PDZ3-SH3-GUK core module of Human ZO-1	1.011E-01	0.720	58	2	173	287	190	326	337	180	0.599	0.407
LOKIASV2_1981_ESMFold_L-seryl-tRNA-Sec-_kinase	2obn-assembly1.cif.gz_B	2obn-assembly1.cif.gz_B Crystal structure of a duf1611 family protein (ava_3511) from anabaena variabilis atcc 29413 at 2.30 A resolution	3.035E-01	0.720	58	1	110	287	144	256	343	122	0.383	0.329
LOKIASV2_1981_ESMFold_L-seryl-tRNA-Sec-_kinase	5hci-assembly3.cif.gz_C-4	5hci-assembly3.cif.gz_C-4 GPN-loop GTPase Npa3 in complex with GDP	5.225E-02	0.663	56	2	188	287	1	245	246	258	0.652	0.996
LOKIASV2_1981_ESMFold_L-seryl-tRNA-Sec-_kinase	5l3s-assembly3.cif.gz_F	5l3s-assembly3.cif.gz_F Structure of the GTPase heterodimer of crenarchaeal SRP54 and FtsY	4.946E-02	0.663	56	1	171	287	86	251	283	197	0.596	0.587
LOKIASV2_1981_ESMFold_L-seryl-tRNA-Sec-_kinase	4xwo-assembly1.cif.gz_A	4xwo-assembly1.cif.gz_A Structure of Get3 bound to the transmembrane domain of Sec22	3.556E-02	0.663	56	2	180	287	14	244	293	255	0.624	0.788
LOKIASV2_1981_ESMFold_L-seryl-tRNA-Sec-_kinase	4xwo-assembly2.cif.gz_G	4xwo-assembly2.cif.gz_G Structure of Get3 bound to the transmembrane domain of Sec22	2.854E-02	0.663	56	2	180	287	14	245	294	256	0.624	0.789
LOKIASV2_1981_ESMFold_L-seryl-tRNA-Sec-_kinase	4xwo-assembly2.cif.gz_H	4xwo-assembly2.cif.gz_H Structure of Get3 bound to the transmembrane domain of Sec22	5.521E-02	0.663	56	2	180	287	13	249	300	257	0.624	0.790
LOKIASV2_1981_ESMFold_L-seryl-tRNA-Sec-_kinase	7tbv-assembly3.cif.gz_C	7tbv-assembly3.cif.gz_C Crystal structure of the shikimate kinase + 3-dehydroquinate dehydratase + 3-dehydroshikimate dehydrogenase domains of Aro1 from Candida albicans	1.485E-01	0.663	56	2	115	287	1	112	678	122	0.397	0.165
LOKIASV2_1981_ESMFold_L-seryl-tRNA-Sec-_kinase	4xwo-assembly3.cif.gz_M	4xwo-assembly3.cif.gz_M Structure of Get3 bound to the transmembrane domain of Sec22	3.757E-02	0.632	55	2	180	287	14	255	304	261	0.624	0.796
LOKIASV2_1981_ESMFold_L-seryl-tRNA-Sec-_kinase	4xvu-assembly1.cif.gz_H	4xvu-assembly1.cif.gz_H Structure of Get3 bound to the transmembrane domain of Nyv1	5.225E-02	0.632	55	2	180	287	14	260	311	266	0.624	0.794
LOKIASV2_1981_ESMFold_L-seryl-tRNA-Sec-_kinase	4c6r-assembly4.cif.gz_D	4c6r-assembly4.cif.gz_D Crystal structure of the TIR domain from the Arabidopsis Thaliana disease resistance protein RPS4	1.955E-01	0.601	54	2	178	287	1	161	162	196	0.617	0.994
LOKIASV2_1981_ESMFold_L-seryl-tRNA-Sec-_kinase	8cr2-assembly1.cif.gz_B	8cr2-assembly1.cif.gz_B Homo sapiens Get1/Get2 heterotetramer (a3' deletion variant) in complex with a Get3 dimer	2.557E-02	0.601	54	3	180	287	15	226	262	230	0.620	0.809
LOKIASV2_1981_ESMFold_L-seryl-tRNA-Sec-_kinase	3zs8-assembly1.cif.gz_A	3zs8-assembly1.cif.gz_A S. cerevisiae Get3 complexed with a cytosolic Get1 fragment	6.511E-02	0.601	54	1	181	287	13	237	280	243	0.631	0.804
LOKIASV2_1981_ESMFold_L-seryl-tRNA-Sec-_kinase	7sqc-assembly1.cif.gz_C1	7sqc-assembly1.cif.gz_C1 Ciliary C1 central pair apparatus isolated from Chlamydomonas reinhardtii	8.571E-02	0.601	54	3	283	287	348	687	1322	384	0.979	0.257
LOKIASV2_1981_ESMFold_L-seryl-tRNA-Sec-_kinase	4j29-assembly1.cif.gz_A-2	4j29-assembly1.cif.gz_A-2 Crystal Structure of Engineered Protein. Northeast Structural Genomics Consortium Target OR258.	2.719E-01	0.569	53	5	139	287	2	118	127	142	0.470	0.921
LOKIASV2_1981_ESMFold_L-seryl-tRNA-Sec-_kinase	2mr5-assembly1.cif.gz_A	2mr5-assembly1.cif.gz_A Solution NMR Structure of De novo designed Protein, Northeast Structural Genomics Consortium (NESG) Target OR457	2.719E-01	0.569	53	1	172	287	1	124	136	173	0.599	0.912
LOKIASV2_1981_ESMFold_L-seryl-tRNA-Sec-_kinase	5x8k-assembly1.cif.gz_B	5x8k-assembly1.cif.gz_B V158T mutant of thermus thermophilus HB8 thymidylate kinase	2.701E-02	0.569	53	3	189	287	2	156	183	196	0.652	0.847
LOKIASV2_1981_ESMFold_L-seryl-tRNA-Sec-_kinase	5zb0-assembly1.cif.gz_B	5zb0-assembly1.cif.gz_B Crystal structure of thymidylate kinase in complex with ADP and TDP from thermus thermophilus HB8	2.291E-02	0.569	53	4	186	287	2	156	183	191	0.638	0.847
LOKIASV2_1981_ESMFold_L-seryl-tRNA-Sec-_kinase	5xlw-assembly1.cif.gz_B	5xlw-assembly1.cif.gz_B Mycobacterium tuberculosis Pantothenate kinase mutant F247A/F254A	3.580E-01	0.569	53	3	139	287	84	247	287	174	0.477	0.571
LOKIASV2_1981_ESMFold_L-seryl-tRNA-Sec-_kinase	4xwo-assembly4.cif.gz_S	4xwo-assembly4.cif.gz_S Structure of Get3 bound to the transmembrane domain of Sec22	5.521E-02	0.569	53	2	180	287	14	247	296	256	0.624	0.791
LOKIASV2_1981_ESMFold_L-seryl-tRNA-Sec-_kinase	4xvu-assembly1.cif.gz_G	4xvu-assembly1.cif.gz_G Structure of Get3 bound to the transmembrane domain of Nyv1	4.946E-02	0.569	53	1	180	287	12	256	307	264	0.627	0.798
LOKIASV2_1981_ESMFold_L-seryl-tRNA-Sec-_kinase	1ii0-assembly2.cif.gz_B	1ii0-assembly2.cif.gz_B CRYSTAL STRUCTURE OF THE ESCHERICHIA COLI ARSENITE-TRANSLOCATING ATPASE	3.757E-02	0.569	53	1	170	287	315	545	553	242	0.592	0.418
LOKIASV2_1981_ESMFold_L-seryl-tRNA-Sec-_kinase	5x8j-assembly1.cif.gz_B	5x8j-assembly1.cif.gz_B K16M mutant of thermus thermophilus HB8 thymidylate kinase	2.291E-02	0.537	52	3	197	287	2	180	185	214	0.679	0.968
LOKIASV2_1981_ESMFold_L-seryl-tRNA-Sec-_kinase	4xwo-assembly1.cif.gz_B	4xwo-assembly1.cif.gz_B Structure of Get3 bound to the transmembrane domain of Sec22	6.511E-02	0.537	52	2	180	287	14	246	297	255	0.624	0.785
LOKIASV2_1981_ESMFold_L-seryl-tRNA-Sec-_kinase	3b2e-assembly2.cif.gz_D	3b2e-assembly2.cif.gz_D Crystal structure of S. cerevisiae Get3 in the open conformation in complex with Get1 cytosolic domain	6.511E-02	0.537	52	1	141	287	12	221	307	222	0.491	0.684
LOKIASV2_1981_ESMFold_L-seryl-tRNA-Sec-_kinase	1osn-assembly3.cif.gz_A	1osn-assembly3.cif.gz_A Crystal structure of Varicella zoster virus thymidine kinase in complex with BVDU-MP and ADP	8.112E-02	0.537	52	1	126	287	3	182	325	187	0.439	0.554
LOKIASV2_1981_ESMFold_L-seryl-tRNA-Sec-_kinase	7sqc-assembly1.cif.gz_1B	7sqc-assembly1.cif.gz_1B Ciliary C1 central pair apparatus isolated from Chlamydomonas reinhardtii	6.554E-01	0.537	52	4	178	287	803	1004	1660	214	0.610	0.122
LOKIASV2_1981_ESMFold_L-seryl-tRNA-Sec-_kinase	7sqc-assembly1.cif.gz_1D	7sqc-assembly1.cif.gz_1D Ciliary C1 central pair apparatus isolated from Chlamydomonas reinhardtii	4.713E-01	0.537	52	4	178	287	829	1030	1686	215	0.610	0.120
LOKIASV2_1981_ESMFold_L-seryl-tRNA-Sec-_kinase	3nxs-assembly1.cif.gz_A-2	3nxs-assembly1.cif.gz_A-2 Crystal structure of LAO/AO transport system from Mycobacterium smegmatis bound to GDP	4.946E-02	0.505	51	2	229	287	48	296	306	279	0.794	0.814
LOKIASV2_1981_ESMFold_L-seryl-tRNA-Sec-_kinase	5x98-assembly1.cif.gz_A	5x98-assembly1.cif.gz_A Y162F mutant of thermus thermophilus HB8 thymidylate kinase	3.757E-02	0.473	50	3	181	287	2	158	185	190	0.624	0.849
LOKIASV2_1981_ESMFold_L-seryl-tRNA-Sec-_kinase	6y32-assembly4.cif.gz_G	6y32-assembly4.cif.gz_G Structure of the GTPase heterodimer of human SRP54 and SRalpha	1.192E-01	0.473	50	2	167	287	71	265	267	219	0.578	0.730
LOKIASV2_1981_ESMFold_L-seryl-tRNA-Sec-_kinase	4xvu-assembly1.cif.gz_B	4xvu-assembly1.cif.gz_B Structure of Get3 bound to the transmembrane domain of Nyv1	1.128E-01	0.473	50	2	180	287	14	253	304	259	0.624	0.789
LOKIASV2_1981_ESMFold_L-seryl-tRNA-Sec-_kinase	4xtr-assembly1.cif.gz_B	4xtr-assembly1.cif.gz_B Structure of Get3 bound to the transmembrane domain of Pep12	1.011E-01	0.473	50	1	180	287	13	259	311	269	0.627	0.794
LOKIASV2_1981_ESMFold_L-seryl-tRNA-Sec-_kinase	1osn-assembly3.cif.gz_B	1osn-assembly3.cif.gz_B Crystal structure of Varicella zoster virus thymidine kinase in complex with BVDU-MP and ADP	1.192E-01	0.473	50	1	126	287	1	172	315	179	0.439	0.546
LOKIASV2_1981_ESMFold_L-seryl-tRNA-Sec-_kinase	1osn-assembly3.cif.gz_D	1osn-assembly3.cif.gz_D Crystal structure of Varicella zoster virus thymidine kinase in complex with BVDU-MP and ADP	1.192E-01	0.473	50	1	124	287	3	172	315	177	0.432	0.540
LOKIASV2_1981_ESMFold_L-seryl-tRNA-Sec-_kinase	5x99-assembly1.cif.gz_B	5x99-assembly1.cif.gz_B T18V mutant of thermus thermophilus HB8 thymidylate kinase	3.556E-02	0.442	49	3	189	287	2	156	183	196	0.652	0.847
LOKIASV2_1981_ESMFold_L-seryl-tRNA-Sec-_kinase	5xak-assembly1.cif.gz_B	5xak-assembly1.cif.gz_B Crystal structure (form II) of thymidylate kinase from Thermus thermophilus HB8	3.969E-02	0.442	49	4	189	287	2	157	184	194	0.648	0.848
LOKIASV2_1981_ESMFold_L-seryl-tRNA-Sec-_kinase	1osn-assembly3.cif.gz_C	1osn-assembly3.cif.gz_C Crystal structure of Varicella zoster virus thymidine kinase in complex with BVDU-MP and ADP	1.068E-01	0.442	49	1	126	287	2	170	313	176	0.439	0.540
LOKIASV2_1981_ESMFold_L-seryl-tRNA-Sec-_kinase	7obq-assembly1.cif.gz_x	7obq-assembly1.cif.gz_x SRP-SR at the distal site conformation	2.557E-02	0.442	49	2	266	287	81	392	393	329	0.923	0.794
LOKIASV2_1981_ESMFold_L-seryl-tRNA-Sec-_kinase	1t0h-assembly2.cif.gz_B-2	1t0h-assembly2.cif.gz_B-2 Crystal structure of the Rattus norvegicus voltage gated calcium channel beta subunit isoform 2a	4.460E-01	0.411	48	1	180	287	10	177	187	196	0.627	0.898
LOKIASV2_1981_ESMFold_L-seryl-tRNA-Sec-_kinase	6uyk-assembly2.cif.gz_D	6uyk-assembly2.cif.gz_D Dark-operative protochlorophyllide oxidoreductase in the nucleotide-free form.	1.011E-01	0.411	48	3	172	287	2	225	249	239	0.592	0.900
LOKIASV2_1981_ESMFold_L-seryl-tRNA-Sec-_kinase	5x8d-assembly1.cif.gz_B	5x8d-assembly1.cif.gz_B D90L mutant of thermus thermophilus HB8 thymidylate kinase	7.268E-02	0.382	47	3	189	287	2	157	184	194	0.652	0.848
LOKIASV2_1981_ESMFold_L-seryl-tRNA-Sec-_kinase	2obn-assembly1.cif.gz_A	2obn-assembly1.cif.gz_A Crystal structure of a duf1611 family protein (ava_3511) from anabaena variabilis atcc 29413 at 2.30 A resolution	3.580E-01	0.382	47	1	172	287	143	341	342	218	0.599	0.582
LOKIASV2_1981_ESMFold_L-seryl-tRNA-Sec-_kinase	5n0q-assembly1.cif.gz_B	5n0q-assembly1.cif.gz_B Crystal structure of OphA-DeltaC6 in complex with SAH	1.068E-01	0.382	47	2	139	287	3	190	366	192	0.481	0.514
LOKIASV2_1981_ESMFold_L-seryl-tRNA-Sec-_kinase	5zb4-assembly1.cif.gz_B	5zb4-assembly1.cif.gz_B Crystal structure of thymidylate kinase in complex with ADP and TMP from thermus thermophilus HB8	4.681E-02	0.353	46	4	189	287	2	157	185	194	0.648	0.843
LOKIASV2_1981_ESMFold_L-seryl-tRNA-Sec-_kinase	5l3s-assembly2.cif.gz_D	5l3s-assembly2.cif.gz_D Structure of the GTPase heterodimer of crenarchaeal SRP54 and FtsY	2.066E-01	0.353	46	1	171	287	74	239	271	198	0.596	0.613
LOKIASV2_1981_ESMFold_L-seryl-tRNA-Sec-_kinase	5l3s-assembly4.cif.gz_H	5l3s-assembly4.cif.gz_H Structure of the GTPase heterodimer of crenarchaeal SRP54 and FtsY	2.306E-01	0.353	46	1	171	287	81	246	278	197	0.596	0.597
LOKIASV2_1981_ESMFold_L-seryl-tRNA-Sec-_kinase	3zs8-assembly1.cif.gz_B	3zs8-assembly1.cif.gz_B S. cerevisiae Get3 complexed with a cytosolic Get1 fragment	1.752E-01	0.353	46	1	181	287	13	253	296	260	0.631	0.814
LOKIASV2_1981_ESMFold_L-seryl-tRNA-Sec-_kinase	8dpb-assembly1.cif.gz_A	8dpb-assembly1.cif.gz_A MeaB in complex with the cobalamin-binding domain of its target mutase with GMPPCP bound	1.752E-01	0.353	46	1	233	287	50	316	321	286	0.812	0.832
LOKIASV2_1981_ESMFold_L-seryl-tRNA-Sec-_kinase	2lnd-assembly1.cif.gz_A	2lnd-assembly1.cif.gz_A Solution NMR Structure of DE NOVO DESIGNED PROTEIN, PFK fold, Northeast Structural Genomics Consortium Target OR134	5.558E-01	0.326	45	1	138	287	1	97	112	141	0.481	0.866
LOKIASV2_1981_ESMFold_L-seryl-tRNA-Sec-_kinase	8p53-assembly1.cif.gz_A	8p53-assembly1.cif.gz_A Cryo-EM structure of the c-di-GMP-free FleQ-FleN master regulator complex of P. aeruginosa	6.511E-02	0.326	45	1	180	287	1	246	268	272	0.627	0.918
LOKIASV2_1981_ESMFold_L-seryl-tRNA-Sec-_kinase	7sq0-assembly1.cif.gz_B	7sq0-assembly1.cif.gz_B Get3 bound to ADP and the transmembrane domain of the tail-anchored protein Bos1	1.128E-01	0.326	45	2	170	287	13	292	302	289	0.589	0.927
LOKIASV2_1981_ESMFold_L-seryl-tRNA-Sec-_kinase	6y32-assembly1.cif.gz_B	6y32-assembly1.cif.gz_B Structure of the GTPase heterodimer of human SRP54 and SRalpha	3.996E-01	0.326	45	2	128	287	85	244	302	163	0.443	0.530
LOKIASV2_1981_ESMFold_L-seryl-tRNA-Sec-_kinase	4ay4-assembly1.cif.gz_D	4ay4-assembly1.cif.gz_D crystal structure of Bacillus anthracis PurE	3.388E-01	0.301	44	1	200	287	1	157	161	216	0.697	0.975
LOKIASV2_1981_ESMFold_L-seryl-tRNA-Sec-_kinase	4kfr-assembly1.cif.gz_A	4kfr-assembly1.cif.gz_A Structure of the genome packaging NTPase B204 from Sulfolobus turreted icosahedral virus 2 in complex with sulfate	6.879E-02	0.301	44	2	157	287	3	132	204	158	0.544	0.637
LOKIASV2_1981_ESMFold_L-seryl-tRNA-Sec-_kinase	3ug6-assembly1.cif.gz_A	3ug6-assembly1.cif.gz_A Crystal Structure of Get3 from Methanocaldococcus jannaschii	1.331E-01	0.301	44	1	173	287	1	301	303	309	0.603	0.993
LOKIASV2_1981_ESMFold_L-seryl-tRNA-Sec-_kinase	5w8n-assembly1.cif.gz_A-2	5w8n-assembly1.cif.gz_A-2 Lipid A Disaccharide Synthase (LpxB)-6 solubilizing mutations	2.574E-01	0.301	44	1	120	287	1	126	369	133	0.418	0.341
LOKIASV2_1981_ESMFold_L-seryl-tRNA-Sec-_kinase	8d6x-assembly1.cif.gz_C	8d6x-assembly1.cif.gz_C Structure of the Mycobacterium tuberculosis 20S proteasome bound to the ATP-bound Mpa ATPase	9.567E-02	0.301	44	3	157	287	173	289	464	156	0.540	0.252
LOKIASV2_1981_ESMFold_L-seryl-tRNA-Sec-_kinase	1t0j-assembly2.cif.gz_B	1t0j-assembly2.cif.gz_B Crystal structure of a complex between voltage-gated calcium channel beta2a subunit and a peptide of the alpha1c subunit	8.166E-01	0.277	43	1	180	287	11	174	187	189	0.627	0.877
LOKIASV2_1981_ESMFold_L-seryl-tRNA-Sec-_kinase	5w8x-assembly1.cif.gz_A-2	5w8x-assembly1.cif.gz_A-2 Lipid A Disaccharide Synthase (LpxB)-7 solubilizing mutations-Bound to UDP	5.558E-01	0.254	42	2	113	287	1	107	366	115	0.390	0.292
LOKIASV2_1981_ESMFold_L-seryl-tRNA-Sec-_kinase	3kkp-assembly1.cif.gz_A	3kkp-assembly1.cif.gz_A Crystal structure of M-Ras P40D in complex with GppNHp	9.055E-02	0.233	41	1	173	287	1	167	168	208	0.603	0.994
LOKIASV2_1981_ESMFold_L-seryl-tRNA-Sec-_kinase	4xwo-assembly4.cif.gz_T	4xwo-assembly4.cif.gz_T Structure of Get3 bound to the transmembrane domain of Sec22	4.713E-01	0.233	41	1	180	287	15	256	306	268	0.627	0.791
LOKIASV2_1981_ESMFold_L-seryl-tRNA-Sec-_kinase	3a37-assembly1.cif.gz_A	3a37-assembly1.cif.gz_A Structural insight into the membrane insertion of tail-anchored proteins by Get3	2.873E-01	0.214	40	1	180	287	12	264	313	275	0.627	0.808
LOKIASV2_1981_ESMFold_L-seryl-tRNA-Sec-_kinase	7r0o-assembly1.cif.gz_A	7r0o-assembly1.cif.gz_A Structure of a cytosolic sulfotransferase of Anopheles gambiae (AGAP001425).	2.066E-01	0.214	40	3	197	287	58	286	334	252	0.679	0.686
LOKIASV2_1981_ESMFold_L-seryl-tRNA-Sec-_kinase	5fph-assembly1.cif.gz_A-2	5fph-assembly1.cif.gz_A-2 The GTPase domains of the immunity-related Irga6 dimerize in a parallel head-to-head fashion	1.851E-01	0.214	40	2	283	287	54	378	395	356	0.983	0.823
LOKIASV2_1981_ESMFold_L-seryl-tRNA-Sec-_kinase	3tnj-assembly1.cif.gz_A-2	3tnj-assembly1.cif.gz_A-2 Crystal structure of universal stress protein from Nitrosomonas europaea with AMP bound	2.066E-01	0.196	39	4	157	287	4	127	130	163	0.537	0.954
LOKIASV2_1981_ESMFold_L-seryl-tRNA-Sec-_kinase	5c5d-assembly1.cif.gz_D	5c5d-assembly1.cif.gz_D Crystal structure of Treponema denticola PurE2-S38D	8.112E-02	0.196	39	1	195	287	1	156	159	212	0.679	0.981
LOKIASV2_1981_ESMFold_L-seryl-tRNA-Sec-_kinase	4v03-assembly1.cif.gz_B	4v03-assembly1.cif.gz_B MinD cell division protein, Aquifex aeolicus	1.128E-01	0.196	39	4	175	287	2	229	236	247	0.599	0.966
LOKIASV2_1981_ESMFold_L-seryl-tRNA-Sec-_kinase	2r6c-assembly1.cif.gz_A	2r6c-assembly1.cif.gz_A Crystal Form BH2	8.112E-02	0.196	39	5	157	287	158	302	358	171	0.533	0.405
LOKIASV2_1981_ESMFold_L-seryl-tRNA-Sec-_kinase	2h31-assembly1.cif.gz_A	2h31-assembly1.cif.gz_A Crystal structure of human PAICS, a bifunctional carboxylase and synthetase in purine biosynthesis	2.066E-01	0.196	39	1	200	287	225	384	386	213	0.697	0.415
LOKIASV2_1981_ESMFold_L-seryl-tRNA-Sec-_kinase	4lv5-assembly3.cif.gz_B	4lv5-assembly3.cif.gz_B Murine IRGa6 bound to Toxoplasma ROP5B, a pseudokinase GDI	1.485E-01	0.196	39	2	283	287	55	381	396	368	0.983	0.826
LOKIASV2_1981_ESMFold_L-seryl-tRNA-Sec-_kinase	2l69-assembly1.cif.gz_A	2l69-assembly1.cif.gz_A Solution NMR Structure of de novo designed protein, P-loop NTPase fold, Northeast Structural Genomics Consortium Target OR28	1.018E+00	0.179	38	3	174	287	2	124	134	181	0.599	0.918
LOKIASV2_1981_ESMFold_L-seryl-tRNA-Sec-_kinase	7sq0-assembly1.cif.gz_A	7sq0-assembly1.cif.gz_A Get3 bound to ADP and the transmembrane domain of the tail-anchored protein Bos1	4.222E-01	0.179	38	2	170	287	13	295	306	291	0.589	0.925
LOKIASV2_1981_ESMFold_L-seryl-tRNA-Sec-_kinase	4ja0-assembly1.cif.gz_D-2	4ja0-assembly1.cif.gz_D-2 Crystal structure of the invertebrate bi-functional purine biosynthesis enzyme PAICS at 2.8 A resolution	1.752E-01	0.179	38	1	190	287	217	372	373	206	0.662	0.418
LOKIASV2_1981_ESMFold_L-seryl-tRNA-Sec-_kinase	5fph-assembly7.cif.gz_G	5fph-assembly7.cif.gz_G The GTPase domains of the immunity-related Irga6 dimerize in a parallel head-to-head fashion	1.192E-01	0.179	38	2	283	287	55	383	399	376	0.983	0.825
LOKIASV2_1981_ESMFold_L-seryl-tRNA-Sec-_kinase	4ja0-assembly1.cif.gz_C-2	4ja0-assembly1.cif.gz_C-2 Crystal structure of the invertebrate bi-functional purine biosynthesis enzyme PAICS at 2.8 A resolution	1.485E-01	0.179	38	1	190	287	243	398	399	206	0.662	0.391
LOKIASV2_1981_ESMFold_L-seryl-tRNA-Sec-_kinase	4zdi-assembly3.cif.gz_C	4zdi-assembly3.cif.gz_C Crystal structure of the M. tuberculosis CTP synthase PyrG (apo form)	4.222E-01	0.179	38	1	180	287	1	266	533	280	0.627	0.499
LOKIASV2_1981_ESMFold_L-seryl-tRNA-Sec-_kinase	1xmp-assembly1.cif.gz_G	1xmp-assembly1.cif.gz_G Crystal Structure of PurE (BA0288) from Bacillus anthracis at 1.8 Resolution	8.628E-01	0.164	37	1	195	287	9	163	164	212	0.679	0.945
LOKIASV2_1981_ESMFold_L-seryl-tRNA-Sec-_kinase	5yz8-assembly1.cif.gz_B	5yz8-assembly1.cif.gz_B Crystal Structure of N-terminal C1 domain of KaiC	1.955E-01	0.164	37	4	157	287	24	155	223	159	0.537	0.592
LOKIASV2_1981_ESMFold_L-seryl-tRNA-Sec-_kinase	1tq2-assembly2.cif.gz_B	1tq2-assembly2.cif.gz_B Crystal Structure of IIGP1: a paradigm for interferon inducible p47 resistance GTPases	2.719E-01	0.164	37	2	285	287	55	374	392	358	0.990	0.816
LOKIASV2_1981_ESMFold_L-seryl-tRNA-Sec-_kinase	8h4m-assembly1.cif.gz_A	8h4m-assembly1.cif.gz_A Crystal Structure of GTP-bound Irgb6_T95D mutant	2.873E-01	0.164	37	3	208	287	58	313	406	277	0.718	0.631
LOKIASV2_1981_ESMFold_L-seryl-tRNA-Sec-_kinase	3ors-assembly1.cif.gz_C	3ors-assembly1.cif.gz_C Crystal Structure of N5-Carboxyaminoimidazole Ribonucleotide Mutase from Staphylococcus aureus	7.730E-01	0.150	36	4	200	287	2	159	161	217	0.686	0.981
LOKIASV2_1981_ESMFold_L-seryl-tRNA-Sec-_kinase	2z4r-assembly2.cif.gz_B	2z4r-assembly2.cif.gz_B Crystal structure of domain III from the Thermotoga maritima replication initiation protein DnaA	1.763E+00	0.150	36	3	107	287	37	164	240	132	0.366	0.533
LOKIASV2_1981_ESMFold_L-seryl-tRNA-Sec-_kinase	1vcm-assembly1.cif.gz_A	1vcm-assembly1.cif.gz_A Crystal Structure of T.th. HB8 CTP synthetase	2.574E-01	0.150	36	1	171	287	1	264	531	271	0.596	0.497
LOKIASV2_1981_ESMFold_L-seryl-tRNA-Sec-_kinase	1kjn-assembly1.cif.gz_B	1kjn-assembly1.cif.gz_B Structure of MT0777	1.136E+00	0.138	35	2	172	287	3	149	152	194	0.596	0.967
LOKIASV2_1981_ESMFold_L-seryl-tRNA-Sec-_kinase	4jem-assembly1.cif.gz_B	4jem-assembly1.cif.gz_B Crystal structure of MilB complexed with cytidine 5'-monophosphate	6.554E-01	0.138	35	1	174	287	2	150	153	197	0.606	0.974
LOKIASV2_1981_ESMFold_L-seryl-tRNA-Sec-_kinase	3h05-assembly1.cif.gz_B	3h05-assembly1.cif.gz_B The Crystal Structure of a Putative Nicotinate-nucleotide Adenylyltransferase from Vibrio parahaemolyticus	2.183E-01	0.138	35	1	162	287	1	125	163	165	0.564	0.767
LOKIASV2_1981_ESMFold_L-seryl-tRNA-Sec-_kinase	8w87-assembly1.cif.gz_A	8w87-assembly1.cif.gz_A Cryo-EM structure of the METH-TAAR1 complex	2.066E-01	0.138	35	3	181	287	30	233	234	227	0.624	0.872
LOKIASV2_1981_ESMFold_L-seryl-tRNA-Sec-_kinase	7ux2-assembly1.cif.gz_I	7ux2-assembly1.cif.gz_I cryo-EM structure of the Raptor-TFEB-Rag-Ragulator complex	3.996E-01	0.138	35	1	191	287	1	195	298	242	0.666	0.654
LOKIASV2_1981_ESMFold_L-seryl-tRNA-Sec-_kinase	8fw5-assembly1.cif.gz_D	8fw5-assembly1.cif.gz_D Chimeric HsGATOR1-SpGtr-SpLam complex	4.713E-01	0.138	35	1	165	287	1	166	301	198	0.575	0.551
LOKIASV2_1981_ESMFold_L-seryl-tRNA-Sec-_kinase	2obn-assembly2.cif.gz_C	2obn-assembly2.cif.gz_C Crystal structure of a duf1611 family protein (ava_3511) from anabaena variabilis atcc 29413 at 2.30 A resolution	2.080E+00	0.138	35	1	157	287	146	302	345	178	0.547	0.455
LOKIASV2_1981_ESMFold_L-seryl-tRNA-Sec-_kinase	5fph-assembly3.cif.gz_B	5fph-assembly3.cif.gz_B The GTPase domains of the immunity-related Irga6 dimerize in a parallel head-to-head fashion	2.183E-01	0.138	35	2	283	287	54	380	396	371	0.983	0.826
LOKIASV2_1981_ESMFold_L-seryl-tRNA-Sec-_kinase	8i9z-assembly1.cif.gz_CH	8i9z-assembly1.cif.gz_CH Cryo-EM structure of a Chaetomium thermophilum pre-60S ribosomal subunit - State Spb4	7.316E-01	0.138	35	3	188	287	165	351	542	219	0.648	0.345
LOKIASV2_1981_ESMFold_L-seryl-tRNA-Sec-_kinase	7uvp-assembly1.cif.gz_A	7uvp-assembly1.cif.gz_A Cryo-EM structure of the ribosome-bound Bacteroides thetaiotaomicron EF-G2	3.996E-01	0.138	35	2	142	287	8	156	718	172	0.491	0.208
LOKIASV2_1981_ESMFold_L-seryl-tRNA-Sec-_kinase	3rg8-assembly1.cif.gz_G	3rg8-assembly1.cif.gz_G Crystal structure of Treponema denticola PurE	3.388E-01	0.126	34	1	195	287	1	156	159	209	0.679	0.981
LOKIASV2_1981_ESMFold_L-seryl-tRNA-Sec-_kinase	4z7j-assembly1.cif.gz_A	4z7j-assembly1.cif.gz_A Structure of Acetobacter aceti PurE-S57A	2.574E-01	0.126	34	1	176	287	1	151	159	208	0.613	0.950
LOKIASV2_1981_ESMFold_L-seryl-tRNA-Sec-_kinase	3trh-assembly2.cif.gz_G	3trh-assembly2.cif.gz_G Structure of a phosphoribosylaminoimidazole carboxylase catalytic subunit (purE) from Coxiella burnetii	1.669E+00	0.126	34	2	207	287	3	165	166	215	0.718	0.982
LOKIASV2_1981_ESMFold_L-seryl-tRNA-Sec-_kinase	4kfu-assembly2.cif.gz_B	4kfu-assembly2.cif.gz_B Structure of the genome packaging NTPase B204 from Sulfolobus turreted icosahedral virus 2 in complex with AMPPCP	3.388E-01	0.126	34	5	181	287	5	168	196	198	0.617	0.837
LOKIASV2_1981_ESMFold_L-seryl-tRNA-Sec-_kinase	3bh0-assembly1.cif.gz_A	3bh0-assembly1.cif.gz_A ATPase Domain of G40P	2.183E-01	0.126	34	2	177	287	43	231	284	208	0.613	0.665
LOKIASV2_1981_ESMFold_L-seryl-tRNA-Sec-_kinase	1tq4-assembly1.cif.gz_A	1tq4-assembly1.cif.gz_A Crystal Structure of IIGP1: a paradigm for interferon inducible p47 resistance GTPases	3.782E-01	0.126	34	2	283	287	55	379	396	366	0.983	0.821
LOKIASV2_1981_ESMFold_L-seryl-tRNA-Sec-_kinase	7sqc-assembly1.cif.gz_1A	7sqc-assembly1.cif.gz_1A Ciliary C1 central pair apparatus isolated from Chlamydomonas reinhardtii	5.260E-01	0.126	34	5	157	287	468	597	1639	173	0.533	0.079
LOKIASV2_1981_ESMFold_L-seryl-tRNA-Sec-_kinase	2ywx-assembly1.cif.gz_A	2ywx-assembly1.cif.gz_A Crystal structure of phosphoribosylaminoimidazole carboxylase catalytic subunit from Methanocaldococcus jannaschii	1.968E+00	0.116	33	4	200	287	1	152	157	203	0.686	0.968
LOKIASV2_1981_ESMFold_L-seryl-tRNA-Sec-_kinase	4ycj-assembly1.cif.gz_A	4ycj-assembly1.cif.gz_A Structure of Acetobacter aceti PurE Y154F	4.979E-01	0.116	33	1	191	287	1	152	160	211	0.666	0.950
LOKIASV2_1981_ESMFold_L-seryl-tRNA-Sec-_kinase	2fwi-assembly1.cif.gz_B	2fwi-assembly1.cif.gz_B Structure of PurE (N5-carboxyaminoimidazole ribonucleotide mutase) H59D, from the acidophilic bacterium Acetobacter aceti, complexed with 5-aminoimidazole ribonucleotide (AIR)	3.388E-01	0.116	33	1	176	287	1	151	161	205	0.613	0.938
LOKIASV2_1981_ESMFold_L-seryl-tRNA-Sec-_kinase	7e16-assembly2.cif.gz_B	7e16-assembly2.cif.gz_B crystal structure of GDSL esterase from Geobacillus thermodenitrificans	3.388E-01	0.116	33	1	174	287	1	200	207	233	0.606	0.966
LOKIASV2_1981_ESMFold_L-seryl-tRNA-Sec-_kinase	6vs4-assembly1.cif.gz_A	6vs4-assembly1.cif.gz_A Crystal structure of ADP RIBOSYLATION FACTOR-LIKE GTP BINDING PROTEIN /Small COPII coat GTPase SAR1 from Encephalitozoon cuniculi in complex with GDP	7.316E-01	0.116	33	2	189	287	36	222	223	223	0.655	0.839
LOKIASV2_1981_ESMFold_L-seryl-tRNA-Sec-_kinase	5fph-assembly5.cif.gz_E	5fph-assembly5.cif.gz_E The GTPase domains of the immunity-related Irga6 dimerize in a parallel head-to-head fashion	4.460E-01	0.116	33	2	283	287	55	379	396	363	0.983	0.821
LOKIASV2_1981_ESMFold_L-seryl-tRNA-Sec-_kinase	5lb5-assembly3.cif.gz_C	5lb5-assembly3.cif.gz_C Crystal structure of human RECQL5 helicase in complex with ADP/Mg (tricilinc form).	6.925E-01	0.116	33	1	175	287	59	198	426	181	0.610	0.329
LOKIASV2_1981_ESMFold_L-seryl-tRNA-Sec-_kinase	5izm-assembly1.cif.gz_A	5izm-assembly1.cif.gz_A The crystal structure of human eEFSec in complex with GDPNP	6.925E-01	0.116	33	2	174	287	4	169	460	200	0.603	0.361
LOKIASV2_1981_ESMFold_L-seryl-tRNA-Sec-_kinase	4zdi-assembly3.cif.gz_D	4zdi-assembly3.cif.gz_D Crystal structure of the M. tuberculosis CTP synthase PyrG (apo form)	9.631E-01	0.116	33	1	180	287	1	266	531	280	0.627	0.501
LOKIASV2_1981_ESMFold_L-seryl-tRNA-Sec-_kinase	4cdg-assembly2.cif.gz_B	4cdg-assembly2.cif.gz_B Crystal structure of the Bloom's syndrome helicase BLM in complex with Nanobody	1.415E+00	0.116	33	1	175	287	66	206	616	178	0.610	0.229
LOKIASV2_1981_ESMFold_L-seryl-tRNA-Sec-_kinase	7sqc-assembly1.cif.gz_C2	7sqc-assembly1.cif.gz_C2 Ciliary C1 central pair apparatus isolated from Chlamydomonas reinhardtii	7.316E-01	0.116	33	3	265	287	524	851	1498	355	0.916	0.219
LOKIASV2_1981_ESMFold_L-seryl-tRNA-Sec-_kinase	5bor-assembly1.cif.gz_A	5bor-assembly1.cif.gz_A Structure of Acetobacter aceti PurE-S57C, sulfonate form	4.222E-01	0.106	32	1	176	287	1	151	160	205	0.613	0.944
LOKIASV2_1981_ESMFold_L-seryl-tRNA-Sec-_kinase	5cvt-assembly1.cif.gz_B	5cvt-assembly1.cif.gz_B Structure of a single tryptophan mutant of Acetobacter aceti PurE containing 5-fluorotryptophan, pH 5.4	2.873E-01	0.106	32	1	176	287	1	150	161	207	0.613	0.932
LOKIASV2_1981_ESMFold_L-seryl-tRNA-Sec-_kinase	4zjy-assembly1.cif.gz_B	4zjy-assembly1.cif.gz_B Structure of Acetobacter aceti PurE-S57N	3.207E-01	0.106	32	1	176	287	1	151	162	208	0.613	0.932
LOKIASV2_1981_ESMFold_L-seryl-tRNA-Sec-_kinase	4ycb-assembly1.cif.gz_B	4ycb-assembly1.cif.gz_B Structure of a single tryptophan mutant of Acetobacter aceti PurE	3.388E-01	0.106	32	1	176	287	1	151	163	208	0.613	0.926
LOKIASV2_1981_ESMFold_L-seryl-tRNA-Sec-_kinase	7cs3-assembly2.cif.gz_B	7cs3-assembly2.cif.gz_B IiPLR1 with NADP+	3.782E-01	0.106	32	1	175	287	1	228	295	250	0.610	0.773
LOKIASV2_1981_ESMFold_L-seryl-tRNA-Sec-_kinase	7r0s-assembly2.cif.gz_B	7r0s-assembly2.cif.gz_B Structure of a cytosolic sulfotransferase of Anopheles gambiae (AGAP001425) in complex with vanillin	1.268E+00	0.106	32	3	197	287	58	288	336	249	0.679	0.688
LOKIASV2_1981_ESMFold_L-seryl-tRNA-Sec-_kinase	4lv8-assembly3.cif.gz_B	4lv8-assembly3.cif.gz_B Murine IRGa6 bound to Toxoplasma ROP5C, a pseudokinase GDI	7.316E-01	0.106	32	2	283	287	55	376	390	359	0.983	0.826
LOKIASV2_1981_ESMFold_L-seryl-tRNA-Sec-_kinase	5lb5-assembly4.cif.gz_D	5lb5-assembly4.cif.gz_D Crystal structure of human RECQL5 helicase in complex with ADP/Mg (tricilinc form).	1.200E+00	0.106	32	1	175	287	59	198	434	180	0.610	0.323
LOKIASV2_1981_ESMFold_L-seryl-tRNA-Sec-_kinase	3hgm-assembly1.cif.gz_B	3hgm-assembly1.cif.gz_B Universal Stress Protein TeaD from the TRAP transporter TeaABC of Halomonas elongata	9.116E-01	0.098	31	1	157	287	1	146	147	174	0.547	0.993
LOKIASV2_1981_ESMFold_L-seryl-tRNA-Sec-_kinase	4zk2-assembly1.cif.gz_B	4zk2-assembly1.cif.gz_B Structure of Acetobacter aceti PurE-S57D	4.979E-01	0.098	31	1	176	287	1	151	160	206	0.613	0.944
LOKIASV2_1981_ESMFold_L-seryl-tRNA-Sec-_kinase	2fwa-assembly1.cif.gz_B	2fwa-assembly1.cif.gz_B Structure of PurE (N5-carboxyaminoimidazole ribonucleotide mutase) H89N from the acidophilic bacterium Acetobacter aceti, at pH 7	4.979E-01	0.098	31	1	176	287	1	151	161	205	0.613	0.938
LOKIASV2_1981_ESMFold_L-seryl-tRNA-Sec-_kinase	5clf-assembly1.cif.gz_B	5clf-assembly1.cif.gz_B Structure of PurE (N5-carboxyaminoimidazole ribonucleotide mutase) from the acidophilic bacterium Acetobacter aceti, at pH 8.5	3.996E-01	0.098	31	1	176	287	1	151	163	208	0.613	0.926
LOKIASV2_1981_ESMFold_L-seryl-tRNA-Sec-_kinase	1km0-assembly1.cif.gz_B	1km0-assembly1.cif.gz_B Crystal structure of orotidine monophosphate decarboxylase mutant D70N complexed with 6-azaUMP	1.569E-01	0.098	31	1	172	287	1	210	212	242	0.599	0.991
LOKIASV2_1981_ESMFold_L-seryl-tRNA-Sec-_kinase	3lhy-assembly1.cif.gz_B	3lhy-assembly1.cif.gz_B Crystal structure of the mutant I199A of orotidine 5'-monophosphate decarboxylase from Methanobacterium thermoautotrophicum complexed with inhibitor BMP	2.873E-01	0.098	31	1	175	287	1	215	217	250	0.610	0.991
LOKIASV2_1981_ESMFold_L-seryl-tRNA-Sec-_kinase	1cr2-assembly1.cif.gz_A	1cr2-assembly1.cif.gz_A CRYSTAL STRUCTURE OF THE HELICASE DOMAIN OF THE GENE 4 PROTEIN OF BACTERIOPHAGE T7: COMPLEX WITH DATP	5.260E-01	0.098	31	3	157	287	36	183	239	170	0.540	0.619
LOKIASV2_1981_ESMFold_L-seryl-tRNA-Sec-_kinase	6ncs-assembly1.cif.gz_B	6ncs-assembly1.cif.gz_B Crystal structure of N-acetylneuraminic acid (Sialic acid) synthetase from Leptospira borgpetersenii serovar Hardjo-bovis in complex with citrate	2.574E-01	0.098	31	1	199	287	19	283	285	280	0.693	0.930
LOKIASV2_1981_ESMFold_L-seryl-tRNA-Sec-_kinase	7c3k-assembly2.cif.gz_B	7c3k-assembly2.cif.gz_B Crystal Structure of mIRGB10	1.495E+00	0.098	31	3	171	287	55	225	389	194	0.589	0.440
LOKIASV2_1981_ESMFold_L-seryl-tRNA-Sec-_kinase	7aud-assembly5.cif.gz_D	7aud-assembly5.cif.gz_D Structure of an engineered helicase domain construct for human Bloom syndrome protein (BLM)	1.669E+00	0.098	31	1	175	287	66	206	510	180	0.610	0.276
LOKIASV2_1981_ESMFold_L-seryl-tRNA-Sec-_kinase	4cgz-assembly1.cif.gz_A	4cgz-assembly1.cif.gz_A Crystal structure of the Bloom's syndrome helicase BLM in complex with DNA	1.863E+00	0.098	31	1	172	287	70	210	629	180	0.599	0.224
LOKIASV2_1981_ESMFold_L-seryl-tRNA-Sec-_kinase	6phe-assembly1.cif.gz_B	6phe-assembly1.cif.gz_B Crystal structure of Methylglyoxal synthase from Elizabethkingia anophelis NUHP1	2.452E+00	0.090	30	3	105	287	9	114	152	116	0.359	0.697
LOKIASV2_1981_ESMFold_L-seryl-tRNA-Sec-_kinase	4zc8-assembly1.cif.gz_A	4zc8-assembly1.cif.gz_A Structure of Acetobacter aceti PurE-S57T	5.558E-01	0.090	30	3	184	287	2	152	158	208	0.634	0.956
LOKIASV2_1981_ESMFold_L-seryl-tRNA-Sec-_kinase	4zmb-assembly1.cif.gz_B	4zmb-assembly1.cif.gz_B Structure of Acetobacter aceti PurE-S57V,Y154F	4.979E-01	0.090	30	1	176	287	1	151	160	208	0.613	0.944
LOKIASV2_1981_ESMFold_L-seryl-tRNA-Sec-_kinase	4n2y-assembly3.cif.gz_A	4n2y-assembly3.cif.gz_A Crystal structure of orotidine 5'-monophosphate decarboxylase from Archaeoglobus fulgidus	3.580E-01	0.090	30	1	172	287	1	208	209	241	0.599	0.995
LOKIASV2_1981_ESMFold_L-seryl-tRNA-Sec-_kinase	3pbv-assembly1.cif.gz_B	3pbv-assembly1.cif.gz_B Crystal structure of the mutant I96T of orotidine 5'-monophosphate decarboxylase from Methanobacterium thermoautotrophicum complexed with 6-azauridine 5'-monophosphate	2.066E-01	0.090	30	5	175	287	7	215	218	242	0.596	0.959
LOKIASV2_1981_ESMFold_L-seryl-tRNA-Sec-_kinase	3qez-assembly1.cif.gz_B	3qez-assembly1.cif.gz_B Crystal structure of the mutant T159V,V182A of orotidine 5'-monophosphate decarboxylase from Methanobacterium thermoautotrophicum complexed with the inhibitor BMP	1.851E-01	0.090	30	1	177	287	1	217	218	251	0.617	0.995
LOKIASV2_1981_ESMFold_L-seryl-tRNA-Sec-_kinase	3nqc-assembly1.cif.gz_A	3nqc-assembly1.cif.gz_A Crystal structure of the mutant I96S of orotidine 5'-monophosphate decarboxylase from Methanobacterium thermoautotrophicum complexed with inhibitor BMP	2.066E-01	0.090	30	5	175	287	8	216	219	240	0.596	0.954
LOKIASV2_1981_ESMFold_L-seryl-tRNA-Sec-_kinase	3li0-assembly1.cif.gz_B	3li0-assembly1.cif.gz_B Crystal structure of the mutant R203A of orotidine 5'-monophosphate decarboxylase from Methanobacterium thermoautotrophicum complexed with inhibitor BMP	3.782E-01	0.090	30	1	175	287	7	221	224	252	0.610	0.960
LOKIASV2_1981_ESMFold_L-seryl-tRNA-Sec-_kinase	1cr4-assembly1.cif.gz_A	1cr4-assembly1.cif.gz_A CRYSTAL STRUCTURE OF THE HELICASE DOMAIN OF THE GENE 4 PROTEIN OF BACTERIOPHAGE T7: COMPLEX WITH DTDP	8.628E-01	0.090	30	4	167	287	36	197	243	182	0.571	0.667
LOKIASV2_1981_ESMFold_L-seryl-tRNA-Sec-_kinase	7cs3-assembly3.cif.gz_D	7cs3-assembly3.cif.gz_D IiPLR1 with NADP+	4.460E-01	0.090	30	1	129	287	1	162	290	177	0.449	0.559
LOKIASV2_1981_ESMFold_L-seryl-tRNA-Sec-_kinase	2vut-assembly15.cif.gz_G	2vut-assembly15.cif.gz_G Crystal structure of NAD-bound NmrA-AreA zinc finger complex	1.415E+00	0.090	30	1	157	287	1	147	319	179	0.547	0.461
LOKIASV2_1981_ESMFold_L-seryl-tRNA-Sec-_kinase	7z6h-assembly1.cif.gz_E	7z6h-assembly1.cif.gz_E Structure of DNA-bound human RAD17-RFC clamp loader and 9-1-1 checkpoint clamp	5.872E-01	0.090	30	2	286	287	32	330	338	350	0.993	0.885
LOKIASV2_1981_ESMFold_L-seryl-tRNA-Sec-_kinase	7ves-assembly1.cif.gz_A	7ves-assembly1.cif.gz_A Crystal Structure of nucleotide-free Irgb6	1.018E+00	0.090	30	3	278	287	58	331	367	312	0.962	0.747
LOKIASV2_1981_ESMFold_L-seryl-tRNA-Sec-_kinase	2r6e-assembly1.cif.gz_A	2r6e-assembly1.cif.gz_A Crystal Form B2	6.925E-01	0.090	30	5	157	287	165	316	387	177	0.533	0.393
LOKIASV2_1981_ESMFold_L-seryl-tRNA-Sec-_kinase	5lba-assembly3.cif.gz_C	5lba-assembly3.cif.gz_C Crystal structure of human RECQL5 helicase in complex with DSPL fragment(1-cyclohexyl-3-(oxolan-2-ylmethyl)urea, SGC - Diamond XChem I04-1 fragment screening.	1.200E+00	0.090	30	1	167	287	59	197	432	175	0.582	0.322
LOKIASV2_1981_ESMFold_L-seryl-tRNA-Sec-_kinase	1vcn-assembly1.cif.gz_A	1vcn-assembly1.cif.gz_A Crystal Structure of T.th. HB8 CTP synthetase complex with Sulfate anion	1.415E+00	0.090	30	3	171	287	2	259	506	272	0.589	0.510
LOKIASV2_1981_ESMFold_L-seryl-tRNA-Sec-_kinase	2fw8-assembly1.cif.gz_A	2fw8-assembly1.cif.gz_A Structure of PurE (N5-carboxyaminoimidazole ribonucleotide mutase) H89G from the acidophilic bacterium Acetobacter aceti, at pH 8	6.925E-01	0.082	29	1	176	287	1	151	159	208	0.613	0.950
LOKIASV2_1981_ESMFold_L-seryl-tRNA-Sec-_kinase	5gq1-assembly1.cif.gz_E	5gq1-assembly1.cif.gz_E Crystal structure of 2C helicase from enterovirus 71 (EV71)	4.744E+00	0.082	29	1	109	287	3	104	185	128	0.380	0.551
LOKIASV2_1981_ESMFold_L-seryl-tRNA-Sec-_kinase	8ik1-assembly2.cif.gz_B	8ik1-assembly2.cif.gz_B EstL5 in complex of PMSF	5.260E-01	0.082	29	3	174	287	3	199	206	232	0.599	0.956
LOKIASV2_1981_ESMFold_L-seryl-tRNA-Sec-_kinase	3nqg-assembly1.cif.gz_B	3nqg-assembly1.cif.gz_B Crystal structure of the mutant V155D of orotidine 5'-monophosphate decarboxylase from Methanobacterium thermoautotrophicum complexed with inhibitor BMP	2.574E-01	0.082	29	1	175	287	1	215	218	246	0.610	0.986
LOKIASV2_1981_ESMFold_L-seryl-tRNA-Sec-_kinase	3pby-assembly1.cif.gz_B	3pby-assembly1.cif.gz_B Crystal structure of the mutant L123S of orotidine 5'-monophosphate decarboxylase from Methanobacterium thermoautotrophicum complexed with 6-azauridine 5'-monophosphate	2.066E-01	0.082	29	5	175	287	7	215	218	240	0.596	0.959
LOKIASV2_1981_ESMFold_L-seryl-tRNA-Sec-_kinase	1dvj-assembly2.cif.gz_C	1dvj-assembly2.cif.gz_C CRYSTAL STRUCTURE OF OROTIDINE MONOPHOSPHATE DECARBOXYLASE COMPLEXED WITH 6-AZAUMP	1.569E-01	0.082	29	5	178	287	7	218	236	250	0.606	0.898
LOKIASV2_1981_ESMFold_L-seryl-tRNA-Sec-_kinase	3ewu-assembly1.cif.gz_A	3ewu-assembly1.cif.gz_A D312N mutant of human orotidyl-5'-monophosphate decarboxylase in complex with 6-acetyl-UMP, covalent adduct	8.166E-01	0.082	29	3	182	287	30	256	257	244	0.627	0.883
LOKIASV2_1981_ESMFold_L-seryl-tRNA-Sec-_kinase	8h4o-assembly1.cif.gz_A	8h4o-assembly1.cif.gz_A Crystal Structure of nucleotide-free Irgb6_T95D mutant	7.730E-01	0.082	29	3	285	287	58	363	397	366	0.986	0.771
LOKIASV2_1981_ESMFold_L-seryl-tRNA-Sec-_kinase	5clh-assembly1.cif.gz_A	5clh-assembly1.cif.gz_A Structure of PurE (N5-carboxyaminoimidazole ribonucleotide mutase) H59N from the acidophilic bacterium Acetobacter aceti, at pH 8	1.018E+00	0.076	28	3	176	287	2	150	159	203	0.606	0.937
LOKIASV2_1981_ESMFold_L-seryl-tRNA-Sec-_kinase	4ycc-assembly1.cif.gz_A	4ycc-assembly1.cif.gz_A Structure of a single tryptophan mutant of Acetobacter aceti PurE with Y154L mutation	6.925E-01	0.076	28	1	176	287	1	151	160	208	0.613	0.944
LOKIASV2_1981_ESMFold_L-seryl-tRNA-Sec-_kinase	4ycd-assembly1.cif.gz_A	4ycd-assembly1.cif.gz_A Structure of a single tryptophan mutant of Acetobacter aceti PurE with Y154F	7.730E-01	0.076	28	1	176	287	1	151	160	208	0.613	0.944
LOKIASV2_1981_ESMFold_L-seryl-tRNA-Sec-_kinase	2uz3-assembly1.cif.gz_C	2uz3-assembly1.cif.gz_C Crystal Structure of Thymidine Kinase with dTTP from U. urealyticum	3.228E+00	0.076	28	3	81	287	2	96	192	99	0.275	0.495
LOKIASV2_1981_ESMFold_L-seryl-tRNA-Sec-_kinase	1so6-assembly1.cif.gz_A	1so6-assembly1.cif.gz_A Crystal structure of E112Q/H136A double mutant of 3-keto-L-gulonate 6-phosphate decarboxylase with bound L-threonohydroxamate 4-phosphate	3.580E-01	0.076	28	1	180	287	1	212	215	241	0.627	0.986
LOKIASV2_1981_ESMFold_L-seryl-tRNA-Sec-_kinase	3li1-assembly1.cif.gz_B	3li1-assembly1.cif.gz_B Crystal structure of the mutant I218A of orotidine 5'-monophosphate decarboxylase from Methanobacterium thermoautotrophicum complexed with inhibitor BMP	2.306E-01	0.076	28	1	175	287	1	215	217	249	0.610	0.991
LOKIASV2_1981_ESMFold_L-seryl-tRNA-Sec-_kinase	3p61-assembly1.cif.gz_B	3p61-assembly1.cif.gz_B Crystal structure of the mutant R160A of orotidine 5'-monophosphate decarboxylase from Methanobacterium thermoautotrophicum complexed with inhibitor BMP	2.436E-01	0.076	28	1	175	287	1	215	218	249	0.610	0.986
LOKIASV2_1981_ESMFold_L-seryl-tRNA-Sec-_kinase	3rlv-assembly1.cif.gz_B	3rlv-assembly1.cif.gz_B Crystal structure of the mutant Y206F of orotidine 5'-monophosphate decarboxylase from Methanobacterium thermoautotrophicum complexed with the inhibitor BMP	2.873E-01	0.076	28	1	175	287	1	215	218	248	0.610	0.986
LOKIASV2_1981_ESMFold_L-seryl-tRNA-Sec-_kinase	3nqe-assembly1.cif.gz_A	3nqe-assembly1.cif.gz_A Crystal structure of the mutant L123N of orotidine 5'-monophosphate decarboxylase from Methanobacterium thermoautotrophicum complexed with inhibitor BMP	3.388E-01	0.076	28	1	175	287	2	216	219	246	0.610	0.982
LOKIASV2_1981_ESMFold_L-seryl-tRNA-Sec-_kinase	2vye-assembly1.cif.gz_A	2vye-assembly1.cif.gz_A Crystal Structure of the DnaC-ssDNA complex	1.268E+00	0.076	28	3	157	287	196	353	424	182	0.540	0.373
LOKIASV2_1981_ESMFold_L-seryl-tRNA-Sec-_kinase	5lba-assembly1.cif.gz_B	5lba-assembly1.cif.gz_B Crystal structure of human RECQL5 helicase in complex with DSPL fragment(1-cyclohexyl-3-(oxolan-2-ylmethyl)urea, SGC - Diamond XChem I04-1 fragment screening.	1.200E+00	0.076	28	1	167	287	59	197	434	180	0.582	0.320
LOKIASV2_1981_ESMFold_L-seryl-tRNA-Sec-_kinase	7zms-assembly1.cif.gz_A	7zms-assembly1.cif.gz_A Crystal structure of human RECQL5 helicase APO form in complex with engineered nanobody (Gluebody) G4-043	1.968E+00	0.076	28	2	167	287	58	195	437	181	0.578	0.316
LOKIASV2_1981_ESMFold_L-seryl-tRNA-Sec-_kinase	6tp0-assembly1.cif.gz_A	6tp0-assembly1.cif.gz_A Crystal structure of Bacillus paralicheniformis alpha-amylase in complex with maltose	4.023E+00	0.076	28	60	122	287	205	276	481	72	0.220	0.150
LOKIASV2_1981_ESMFold_L-seryl-tRNA-Sec-_kinase	2wjy-assembly1.cif.gz_A	2wjy-assembly1.cif.gz_A Crystal structure of the complex between human nonsense mediated decay factors UPF1 and UPF2 Orthorhombic form	4.713E-01	0.076	28	3	170	287	346	551	773	239	0.585	0.266
LOKIASV2_1981_ESMFold_L-seryl-tRNA-Sec-_kinase	3g1y-assembly1.cif.gz_B	3g1y-assembly1.cif.gz_B Crystal structure of the mutant D70N of orotidine 5'-monophosphate decarboxylase from Methanobacterium thermoautotrophicum complexed with sulfate	1.763E+00	0.069	27	1	171	287	5	165	204	205	0.596	0.789
LOKIASV2_1981_ESMFold_L-seryl-tRNA-Sec-_kinase	1km3-assembly1.cif.gz_A	1km3-assembly1.cif.gz_A crystal structure of ODCase mutant K42A complexed with 6-azaUMP	3.782E-01	0.069	27	5	172	287	5	210	212	238	0.585	0.972
LOKIASV2_1981_ESMFold_L-seryl-tRNA-Sec-_kinase	3m5y-assembly1.cif.gz_B	3m5y-assembly1.cif.gz_B Crystal structure of the mutant V182A,V201A of orotidine 5'-monophosphate decarboxylase from Methanobacterium thermoautotrophicum	3.388E-01	0.069	27	1	174	287	5	211	212	242	0.606	0.976
LOKIASV2_1981_ESMFold_L-seryl-tRNA-Sec-_kinase	3wk3-assembly1.cif.gz_A	3wk3-assembly1.cif.gz_A Orotidine 5'-monophosphate decarboxylase K72A mutant from M. thermoautotrophicus complexed with orotidine 5'-monophosphate ethyl ester	3.580E-01	0.069	27	5	175	287	5	213	215	242	0.596	0.972
LOKIASV2_1981_ESMFold_L-seryl-tRNA-Sec-_kinase	3lhu-assembly1.cif.gz_B	3lhu-assembly1.cif.gz_B Crystal structure of the mutant I199F of orotidine 5'-monophosphate decarboxylase from Methanobacterium thermoautotrophicum complexed with inhibitor BMP	2.306E-01	0.069	27	1	175	287	1	215	217	252	0.610	0.991
LOKIASV2_1981_ESMFold_L-seryl-tRNA-Sec-_kinase	3lhw-assembly1.cif.gz_B	3lhw-assembly1.cif.gz_B Crystal structure of the mutant V182A of orotidine 5'-monophosphate decarboxylase from Methanobacterium thermoautotrophicum complexed with inhibitor BMP	3.782E-01	0.069	27	1	175	287	1	215	217	248	0.610	0.991
LOKIASV2_1981_ESMFold_L-seryl-tRNA-Sec-_kinase	4lc6-assembly1.cif.gz_B	4lc6-assembly1.cif.gz_B Crystal structure of the mutant H128Q of orotidine 5'-monophosphate decarboxylase from Methanobacterium thermoautotrophicum complexed with the inhibitor BMP	2.574E-01	0.069	27	5	175	287	7	215	218	247	0.596	0.959
LOKIASV2_1981_ESMFold_L-seryl-tRNA-Sec-_kinase	3pc0-assembly1.cif.gz_B	3pc0-assembly1.cif.gz_B Crystal structure of the mutant V155S of orotidine 5'-monophosphate decarboxylase from Methanobacterium thermoautotrophicum complexed with 6-azauridine 5'-monophosphate	3.782E-01	0.069	27	5	175	287	7	215	218	240	0.596	0.959
LOKIASV2_1981_ESMFold_L-seryl-tRNA-Sec-_kinase	3qf0-assembly1.cif.gz_B	3qf0-assembly1.cif.gz_B Crystal structure of the mutant T159V,Y206F of orotidine 5'-monophosphate decarboxylase from Methanobacterium thermoautotrophicum complexed with the inhibitor BMP	3.207E-01	0.069	27	1	175	287	1	215	218	248	0.610	0.986
LOKIASV2_1981_ESMFold_L-seryl-tRNA-Sec-_kinase	7ckf-assembly1.cif.gz_B	7ckf-assembly1.cif.gz_B The N-terminus of interferon-inducible antiviral protein-dimer	1.669E+00	0.069	27	1	171	287	30	225	256	209	0.596	0.766
LOKIASV2_1981_ESMFold_L-seryl-tRNA-Sec-_kinase	2fmo-assembly1.cif.gz_A	2fmo-assembly1.cif.gz_A Ala177Val mutant of E. coli Methylenetetrahydrofolate Reductase	3.782E-01	0.069	27	1	175	287	1	258	261	260	0.610	0.989
LOKIASV2_1981_ESMFold_L-seryl-tRNA-Sec-_kinase	2fmo-assembly1.cif.gz_C	2fmo-assembly1.cif.gz_C Ala177Val mutant of E. coli Methylenetetrahydrofolate Reductase	1.339E+00	0.069	27	1	139	287	1	146	265	158	0.484	0.551
LOKIASV2_1981_ESMFold_L-seryl-tRNA-Sec-_kinase	5gk8-assembly1.cif.gz_A	5gk8-assembly1.cif.gz_A Structure of E.Coli fructose 1,6-bisphosphate aldolase, Acetate bound form	2.892E+00	0.069	27	4	174	287	30	194	332	189	0.596	0.497
LOKIASV2_1981_ESMFold_L-seryl-tRNA-Sec-_kinase	3q2i-assembly1.cif.gz_A	3q2i-assembly1.cif.gz_A Crystal structure of the WlbA dehydrognase from Chromobactrium violaceum in complex with NADH and UDP-GlcNAcA at 1.50 A resolution	2.321E+00	0.069	27	1	107	287	9	129	345	127	0.373	0.351
LOKIASV2_1981_ESMFold_L-seryl-tRNA-Sec-_kinase	3v5n-assembly1.cif.gz_B	3v5n-assembly1.cif.gz_B The crystal structure of oxidoreductase from Sinorhizobium meliloti	2.321E+00	0.069	27	1	125	287	1	125	355	142	0.436	0.352
LOKIASV2_1981_ESMFold_L-seryl-tRNA-Sec-_kinase	2vyf-assembly1.cif.gz_B	2vyf-assembly1.cif.gz_B Crystal Structure of the DnaC	1.200E+00	0.069	27	5	157	287	192	338	371	174	0.533	0.396
LOKIASV2_1981_ESMFold_L-seryl-tRNA-Sec-_kinase	2r6a-assembly1.cif.gz_A	2r6a-assembly1.cif.gz_A Crystal Form BH1	9.631E-01	0.069	27	4	157	287	197	349	420	180	0.537	0.364
LOKIASV2_1981_ESMFold_L-seryl-tRNA-Sec-_kinase	2fw9-assembly1.cif.gz_B	2fw9-assembly1.cif.gz_B Structure of PurE (N5-carboxyaminoimidazole ribonucleotide mutase) H59F from the acidophilic bacterium Acetobacter aceti, at pH 8	1.136E+00	0.063	26	3	176	287	2	150	159	206	0.606	0.937
LOKIASV2_1981_ESMFold_L-seryl-tRNA-Sec-_kinase	3jr2-assembly2.cif.gz_C	3jr2-assembly2.cif.gz_C X-ray crystal structure of the Mg-bound 3-keto-L-gulonate-6-phosphate decarboxylase from Vibrio cholerae O1 biovar El Tor str. N16961	4.979E-01	0.063	26	1	173	287	1	211	214	229	0.603	0.986
LOKIASV2_1981_ESMFold_L-seryl-tRNA-Sec-_kinase	3lht-assembly1.cif.gz_B	3lht-assembly1.cif.gz_B Crystal structure of the mutant V201F of orotidine 5'-monophosphate decarboxylase from Methanobacterium thermoautotrophicum complexed with inhibitor BMP	4.222E-01	0.063	26	1	175	287	1	215	217	251	0.610	0.991
LOKIASV2_1981_ESMFold_L-seryl-tRNA-Sec-_kinase	3lhz-assembly1.cif.gz_B	3lhz-assembly1.cif.gz_B Crystal structure of the mutant V201A of orotidine 5'-monophosphate decarboxylase from Methanobacterium thermoautotrophicum complexed with inhibitor BMP	4.713E-01	0.063	26	1	175	287	1	215	217	248	0.610	0.991
LOKIASV2_1981_ESMFold_L-seryl-tRNA-Sec-_kinase	3lld-assembly1.cif.gz_B	3lld-assembly1.cif.gz_B Crystal structure of the mutant S127G of orotidine 5'-monophosphate decarboxylase from Methanobacterium thermoautotrophicum complexed with 6-azauridine 5'-monophosphate	3.035E-01	0.063	26	1	175	287	1	215	217	249	0.610	0.991
LOKIASV2_1981_ESMFold_L-seryl-tRNA-Sec-_kinase	3rlu-assembly1.cif.gz_B	3rlu-assembly1.cif.gz_B Crystal structure of the mutant K82A of orotidine 5'-monophosphate decarboxylase from Methanobacterium thermoautotrophicum complexed with the inhibitor BMP	3.782E-01	0.063	26	5	175	287	7	215	218	245	0.596	0.959
LOKIASV2_1981_ESMFold_L-seryl-tRNA-Sec-_kinase	7rml-assembly1.cif.gz_A-4	7rml-assembly1.cif.gz_A-4 Neisseria meningitidis Methylenetetrahydrofolate reductase in complex with FAD	1.580E+00	0.063	26	1	157	287	16	167	281	175	0.547	0.541
LOKIASV2_1981_ESMFold_L-seryl-tRNA-Sec-_kinase	3j7i-assembly1.cif.gz_B	3j7i-assembly1.cif.gz_B Structure of alpha- and beta- tubulin in GMPCPP-microtubules	3.056E+00	0.063	26	2	121	287	1	170	411	175	0.418	0.414
LOKIASV2_1981_ESMFold_L-seryl-tRNA-Sec-_kinase	7zml-assembly2.cif.gz_B	7zml-assembly2.cif.gz_B Crystal structure of human RECQL5 helicase APO form in complex with engineered nanobody (Gluebody) G1-001	2.591E+00	0.063	26	2	167	287	59	196	441	174	0.578	0.313
LOKIASV2_1981_ESMFold_L-seryl-tRNA-Sec-_kinase	6yxx-assembly1.cif.gz_EA	6yxx-assembly1.cif.gz_EA State A of the Trypanosoma brucei mitoribosomal large subunit assembly intermediate	1.968E+00	0.063	26	3	207	287	63	257	532	242	0.714	0.367
LOKIASV2_1981_ESMFold_L-seryl-tRNA-Sec-_kinase	8hk6-assembly1.cif.gz_B	8hk6-assembly1.cif.gz_B potassium channel	1.863E+00	0.063	26	1	160	287	245	386	899	171	0.557	0.158
LOKIASV2_1981_ESMFold_L-seryl-tRNA-Sec-_kinase	6xeh-assembly1.cif.gz_A	6xeh-assembly1.cif.gz_A Solution NMR Structure of DE NOVO DESIGNED Rossmann 2x3 Fold Protein r2x3_168, Northeast Structural Genomics Consortium (NESG) Target OR386	3.411E+00	0.057	25	4	139	287	3	110	125	145	0.474	0.864
LOKIASV2_1981_ESMFold_L-seryl-tRNA-Sec-_kinase	1egh-assembly1.cif.gz_A	1egh-assembly1.cif.gz_A STRUCTURE OF METHYLGLYOXAL SYNTHASE COMPLEXED WITH THE COMPETITIVE INHIBITOR 2-PHOSPHOGLYCOLATE	5.595E+00	0.057	25	3	107	287	11	118	152	114	0.366	0.711
LOKIASV2_1981_ESMFold_L-seryl-tRNA-Sec-_kinase	3lp6-assembly1.cif.gz_C	3lp6-assembly1.cif.gz_C Crystal Structure of Rv3275c-E60A from Mycobacterium tuberculosis at 1.7A resolution	1.763E+00	0.057	25	1	198	287	3	169	170	220	0.690	0.982
LOKIASV2_1981_ESMFold_L-seryl-tRNA-Sec-_kinase	4n2y-assembly1.cif.gz_B	4n2y-assembly1.cif.gz_B Crystal structure of orotidine 5'-monophosphate decarboxylase from Archaeoglobus fulgidus	1.268E+00	0.057	25	1	171	287	1	199	201	227	0.596	0.990
LOKIASV2_1981_ESMFold_L-seryl-tRNA-Sec-_kinase	3m41-assembly1.cif.gz_A	3m41-assembly1.cif.gz_A Crystal structure of the mutant V182A of orotidine 5'-monophosphate decarboxylase from Methanobacterium thermoautotrophicum	6.925E-01	0.057	25	5	172	287	11	205	207	232	0.585	0.942
LOKIASV2_1981_ESMFold_L-seryl-tRNA-Sec-_kinase	2cz5-assembly1.cif.gz_B	2cz5-assembly1.cif.gz_B Crystal structure of orotidine 5'-phosphate decarboxylase from Pyrococcus horikoshii OT3	6.204E-01	0.057	25	4	175	287	1	206	208	237	0.599	0.990
LOKIASV2_1981_ESMFold_L-seryl-tRNA-Sec-_kinase	3g1s-assembly1.cif.gz_B	3g1s-assembly1.cif.gz_B Crystal structure of the mutant D70G of orotidine 5'-monophosphate decarboxylase from Methanobacterium thermoautotrophicum	1.200E+00	0.057	25	5	173	287	11	208	209	219	0.589	0.947
LOKIASV2_1981_ESMFold_L-seryl-tRNA-Sec-_kinase	6gkd-assembly1.cif.gz_I	6gkd-assembly1.cif.gz_I human NBD1 of CFTR in complex with nanobodies D12 and G3a	6.204E-01	0.057	25	1	156	287	27	180	213	177	0.544	0.723
LOKIASV2_1981_ESMFold_L-seryl-tRNA-Sec-_kinase	3lv5-assembly1.cif.gz_B	3lv5-assembly1.cif.gz_B Crystal structure of the mutant I199E of orotidine 5'-monophosphate decarboxylase from Methanobacterium thermoautotrophicum complexed with inhibitor BMP	4.460E-01	0.057	25	1	175	287	1	215	217	254	0.610	0.991
LOKIASV2_1981_ESMFold_L-seryl-tRNA-Sec-_kinase	3lv6-assembly1.cif.gz_B	3lv6-assembly1.cif.gz_B Crystal structure of the mutant I218F of orotidine 5'-monophosphate decarboxylase from Methanobacterium thermoautotrophicum complexed with inhibitor BMP	4.460E-01	0.057	25	5	175	287	7	215	217	247	0.596	0.963
LOKIASV2_1981_ESMFold_L-seryl-tRNA-Sec-_kinase	3m1z-assembly1.cif.gz_B	3m1z-assembly1.cif.gz_B Crystal structure of the mutant V182A.V201A of orotidine 5'-monophosphate decarboxylase from Methanobacterium thermoautotrophicum complexed with inhibitor BMP	4.713E-01	0.057	25	1	175	287	1	215	217	254	0.610	0.991
LOKIASV2_1981_ESMFold_L-seryl-tRNA-Sec-_kinase	3lhv-assembly1.cif.gz_A	3lhv-assembly1.cif.gz_A Crystal structure of the mutant V182A.I199A.V201A of orotidine 5'-monophosphate decarboxylase from Methanobacterium thermoautotrophicum complexed with inhibitor BMP	6.204E-01	0.057	25	1	175	287	2	216	218	249	0.610	0.986
LOKIASV2_1981_ESMFold_L-seryl-tRNA-Sec-_kinase	3nq6-assembly1.cif.gz_B	3nq6-assembly1.cif.gz_B Crystal structure of the mutant P180A of orotidine 5'-monophosphate decarboxylase from Methanobacterium thermoautotrophicum complexed with inhibitor 6-azaUMP	5.558E-01	0.057	25	1	175	287	1	215	218	242	0.610	0.986
LOKIASV2_1981_ESMFold_L-seryl-tRNA-Sec-_kinase	3nq7-assembly1.cif.gz_B	3nq7-assembly1.cif.gz_B Crystal structure of the mutant F71A of orotidine 5'-monophosphate decarboxylase from Methanobacterium thermoautotrophicum complexed with inhibitor BMP	4.460E-01	0.057	25	5	175	287	7	215	218	245	0.596	0.959
LOKIASV2_1981_ESMFold_L-seryl-tRNA-Sec-_kinase	3qmt-assembly1.cif.gz_B	3qmt-assembly1.cif.gz_B Crystal structure of the mutant V182A,Y206F of orotidine 5'-monophosphate decarboxylase from Methanobacterium thermoautotrophicum complexed with the inhibitor BMP	3.782E-01	0.057	25	5	175	287	7	215	218	249	0.596	0.959
LOKIASV2_1981_ESMFold_L-seryl-tRNA-Sec-_kinase	5gk7-assembly1.cif.gz_B	5gk7-assembly1.cif.gz_B Structure of E.Coli fructose 1,6-bisphosphate aldolase bound to Tris	5.012E+00	0.057	25	4	121	287	30	153	331	130	0.411	0.375
LOKIASV2_1981_ESMFold_L-seryl-tRNA-Sec-_kinase	2r6d-assembly1.cif.gz_C	2r6d-assembly1.cif.gz_C Crystal Form B1	2.321E+00	0.057	25	5	157	287	186	334	399	173	0.533	0.373
LOKIASV2_1981_ESMFold_L-seryl-tRNA-Sec-_kinase	5lb3-assembly2.cif.gz_E	5lb3-assembly2.cif.gz_E Crystal structure of human RECQL5 helicase in complex with ADP/Mg.	3.228E+00	0.057	25	1	175	287	60	199	439	184	0.610	0.319
LOKIASV2_1981_ESMFold_L-seryl-tRNA-Sec-_kinase	7zf0-assembly1.cif.gz_A	7zf0-assembly1.cif.gz_A Crystal structure of UGT85B1 from Sorghum bicolor in complex with UDP and p-hydroxymandelonitrile	2.452E+00	0.057	25	3	111	287	2	143	474	151	0.380	0.300
LOKIASV2_1981_ESMFold_L-seryl-tRNA-Sec-_kinase	5xip-assembly1.cif.gz_B	5xip-assembly1.cif.gz_B Crystal Structure of Eimeria tenella Prolyl-tRNA Synthetase (EtPRS) in complex with Halofuginone	5.558E-01	0.057	25	2	180	287	279	395	475	185	0.624	0.246
LOKIASV2_1981_ESMFold_L-seryl-tRNA-Sec-_kinase	1klz-assembly1.cif.gz_A	1klz-assembly1.cif.gz_A Crystal structure of orotidine monophosphate decarboxylase mutant D70A complexed with UMP	9.116E-01	0.051	24	5	172	287	2	207	209	239	0.585	0.986
LOKIASV2_1981_ESMFold_L-seryl-tRNA-Sec-_kinase	1km6-assembly1.cif.gz_A	1km6-assembly1.cif.gz_A Crystal structure of ODCase mutant D70AK72A complexed with OMP	7.316E-01	0.051	24	5	172	287	2	207	209	239	0.585	0.986
LOKIASV2_1981_ESMFold_L-seryl-tRNA-Sec-_kinase	1kly-assembly1.cif.gz_A	1kly-assembly1.cif.gz_A Orotidine monophosphate decarboxylase D70G mutant complexed with 6-azaUMP	6.204E-01	0.051	24	5	172	287	5	210	212	239	0.585	0.972
LOKIASV2_1981_ESMFold_L-seryl-tRNA-Sec-_kinase	1xfk-assembly1.cif.gz_A	1xfk-assembly1.cif.gz_A 1.8A crystal structure of formiminoglutamase from Vibrio cholerae O1 biovar eltor str. N16961	1.200E+00	0.051	24	2	184	287	139	323	324	216	0.638	0.571
LOKIASV2_1981_ESMFold_L-seryl-tRNA-Sec-_kinase	5lba-assembly2.cif.gz_A	5lba-assembly2.cif.gz_A Crystal structure of human RECQL5 helicase in complex with DSPL fragment(1-cyclohexyl-3-(oxolan-2-ylmethyl)urea, SGC - Diamond XChem I04-1 fragment screening.	3.056E+00	0.051	24	1	175	287	59	198	430	179	0.610	0.326
LOKIASV2_1981_ESMFold_L-seryl-tRNA-Sec-_kinase	5lb5-assembly2.cif.gz_B	5lb5-assembly2.cif.gz_B Crystal structure of human RECQL5 helicase in complex with ADP/Mg (tricilinc form).	3.411E+00	0.051	24	1	175	287	59	198	433	179	0.610	0.323
LOKIASV2_1981_ESMFold_L-seryl-tRNA-Sec-_kinase	7auc-assembly1.cif.gz_A	7auc-assembly1.cif.gz_A Crystal structure of an engineered helicase domain construct for human Bloom syndrome protein (BLM)	5.012E+00	0.051	24	1	177	287	68	189	493	178	0.617	0.247
LOKIASV2_1981_ESMFold_L-seryl-tRNA-Sec-_kinase	4akx-assembly1.cif.gz_B-2	4akx-assembly1.cif.gz_B-2 Structure of the heterodimeric complex ExoU-SpcU from the type III secretion system (T3SS) of Pseudomonas aeruginosa	1.968E+00	0.051	24	2	279	287	54	450	534	417	0.969	0.743
LOKIASV2_1981_ESMFold_L-seryl-tRNA-Sec-_kinase	6hiv-assembly1.cif.gz_BA	6hiv-assembly1.cif.gz_BA Cryo-EM structure of the Trypanosoma brucei mitochondrial ribosome - This entry contains the complete mitoribosome	1.968E+00	0.051	24	2	172	287	433	594	679	191	0.596	0.239
LOKIASV2_1981_ESMFold_L-seryl-tRNA-Sec-_kinase	8oxc-assembly1.cif.gz_A	8oxc-assembly1.cif.gz_A Cryo-EM structure of ATP8B1-CDC50A in E2-Pi conformation with occluded PI	1.018E+00	0.051	24	1	171	287	664	806	1035	184	0.596	0.138
LOKIASV2_1981_ESMFold_L-seryl-tRNA-Sec-_kinase	1s8a-assembly1.cif.gz_E	1s8a-assembly1.cif.gz_E H98Q Mutant of Methylglyoxal Synthase from E. coli complexed with Phosphoglycolic Acid	6.598E+00	0.045	23	2	107	287	11	118	151	117	0.369	0.715
LOKIASV2_1981_ESMFold_L-seryl-tRNA-Sec-_kinase	5clg-assembly1.cif.gz_A	5clg-assembly1.cif.gz_A Structure of PurE (N5-carboxyaminoimidazole ribonucleotide mutase) mutant H59N from the acidophilic bacterium Acetobacter aceti, at pH 5.4	3.056E+00	0.045	23	1	176	287	1	148	156	202	0.613	0.949
LOKIASV2_1981_ESMFold_L-seryl-tRNA-Sec-_kinase	5ey5-assembly1.cif.gz_A	5ey5-assembly1.cif.gz_A LBCATS	8.166E-01	0.045	23	2	173	287	16	251	261	248	0.599	0.904
LOKIASV2_1981_ESMFold_L-seryl-tRNA-Sec-_kinase	5ume-assembly1.cif.gz_A	5ume-assembly1.cif.gz_A Crystal Structure of 5,10-Methylenetetrahydrofolate Reductase MetF from Haemophilus influenzae	1.339E+00	0.045	23	1	173	287	17	283	285	276	0.603	0.937
LOKIASV2_1981_ESMFold_L-seryl-tRNA-Sec-_kinase	1sov-assembly1.cif.gz_B-2	1sov-assembly1.cif.gz_B-2 Toxoplasma gondii bradyzoite-specific LDH (LDH2) apo form	3.411E+00	0.045	23	1	157	287	4	120	315	164	0.547	0.371
LOKIASV2_1981_ESMFold_L-seryl-tRNA-Sec-_kinase	1uip-assembly1.cif.gz_A	1uip-assembly1.cif.gz_A ADENOSINE DEAMINASE (HIS 238 GLU MUTANT)	8.628E-01	0.045	23	2	185	287	6	205	349	233	0.641	0.573
LOKIASV2_1981_ESMFold_L-seryl-tRNA-Sec-_kinase	5lba-assembly4.cif.gz_D	5lba-assembly4.cif.gz_D Crystal structure of human RECQL5 helicase in complex with DSPL fragment(1-cyclohexyl-3-(oxolan-2-ylmethyl)urea, SGC - Diamond XChem I04-1 fragment screening.	3.411E+00	0.045	23	1	167	287	59	197	437	179	0.582	0.318
LOKIASV2_1981_ESMFold_L-seryl-tRNA-Sec-_kinase	8tbu-assembly1.cif.gz_C	8tbu-assembly1.cif.gz_C Structure of human erythrocyte pyruvate kinase in complex with an allosteric activator Compound 12	1.200E+00	0.045	23	2	177	287	38	303	446	282	0.613	0.596
LOKIASV2_1981_ESMFold_L-seryl-tRNA-Sec-_kinase	4b3g-assembly1.cif.gz_A	4b3g-assembly1.cif.gz_A crystal structure of Ighmbp2 helicase in complex with RNA	4.744E+00	0.045	23	4	157	287	220	369	614	185	0.537	0.244
LOKIASV2_1981_ESMFold_L-seryl-tRNA-Sec-_kinase	4iug-assembly1.cif.gz_A	4iug-assembly1.cif.gz_A Crystal structure of beta-galactosidase from Aspergillus oryzae in complex with galactose	1.268E+00	0.045	23	2	127	287	21	201	957	188	0.439	0.189
LOKIASV2_1981_ESMFold_L-seryl-tRNA-Sec-_kinase	4jen-assembly2.cif.gz_C-2	4jen-assembly2.cif.gz_C-2 Structure of Clostridium botulinum CMP N-glycosidase, BcmB	7.365E+00	0.040	22	5	170	287	2	111	113	169	0.578	0.973
LOKIASV2_1981_ESMFold_L-seryl-tRNA-Sec-_kinase	3m47-assembly1.cif.gz_A	3m47-assembly1.cif.gz_A Crystal structure of the mutant I218A of orotidine 5'-monophosphate decarboxylase from Methanobacterium thermoautotrophicum	9.116E-01	0.040	22	1	170	287	5	206	209	228	0.592	0.967
LOKIASV2_1981_ESMFold_L-seryl-tRNA-Sec-_kinase	3lty-assembly1.cif.gz_B	3lty-assembly1.cif.gz_B Crystal structure of the mutant V182A,I218A of orotidine 5'-monophosphate decarboxylase from Methanobacterium thermoautotrophicum complexed with inhibitor BMP	1.075E+00	0.040	22	5	172	287	6	211	213	245	0.585	0.967
LOKIASV2_1981_ESMFold_L-seryl-tRNA-Sec-_kinase	4gc4-assembly1.cif.gz_B	4gc4-assembly1.cif.gz_B Crystal structure of the mutant R160A.R203A of orotidine 5'-monophosphate decarboxylase from Methanobacterium thermoautotrophicum complexed with inhibitor BMP	1.075E+00	0.040	22	5	174	287	10	217	218	245	0.592	0.954
LOKIASV2_1981_ESMFold_L-seryl-tRNA-Sec-_kinase	3qq1-assembly1.cif.gz_A	3qq1-assembly1.cif.gz_A Crystal structure of a double mutant [A58P, DEL(N59)] of 3-deoxy-D-manno-octulosonate 8-phosphate synthase (KDO8PS) from Neisseria meningitidis	1.669E+00	0.040	22	1	177	287	14	243	249	250	0.617	0.924
LOKIASV2_1981_ESMFold_L-seryl-tRNA-Sec-_kinase	7kma-assembly1.cif.gz_A	7kma-assembly1.cif.gz_A Crystal structure of eif2Balpha with a ligand.	6.598E+00	0.040	22	1	111	287	111	224	287	127	0.387	0.397
LOKIASV2_1981_ESMFold_L-seryl-tRNA-Sec-_kinase	5vje-assembly1.cif.gz_A	5vje-assembly1.cif.gz_A Class II fructose-1,6-bisphosphate aldolase of Escherichia coli with D-glucitol 1,6-bisphosphate	5.595E+00	0.040	22	2	174	287	29	193	339	188	0.603	0.487
LOKIASV2_1981_ESMFold_L-seryl-tRNA-Sec-_kinase	2v1x-assembly1.cif.gz_A	2v1x-assembly1.cif.gz_A Crystal structure of human RECQ-like DNA helicase	4.460E-01	0.040	22	1	157	287	68	308	527	255	0.547	0.457
LOKIASV2_1981_ESMFold_L-seryl-tRNA-Sec-_kinase	1j0i-assembly1.cif.gz_B	1j0i-assembly1.cif.gz_B Crystal structure of neopullulanase complex with panose	8.686E+00	0.040	22	60	180	287	304	407	588	132	0.422	0.177
LOKIASV2_1981_ESMFold_L-seryl-tRNA-Sec-_kinase	4jx4-assembly2.cif.gz_C	4jx4-assembly2.cif.gz_C Structure of the carboxyl transferase domain from Rhizobium etli pyruvate carboxylase	4.744E+00	0.040	22	1	122	287	65	233	595	170	0.425	0.284
LOKIASV2_1981_ESMFold_L-seryl-tRNA-Sec-_kinase	8ox9-assembly1.cif.gz_A	8ox9-assembly1.cif.gz_A Cryo-EM structure of ATP8B1-CDC50A in E2P active conformation with bound PC	2.892E+00	0.040	22	8	171	287	691	842	1084	178	0.571	0.140
LOKIASV2_1981_ESMFold_L-seryl-tRNA-Sec-_kinase	4jen-assembly1.cif.gz_B	4jen-assembly1.cif.gz_B Structure of Clostridium botulinum CMP N-glycosidase, BcmB	3.411E+00	0.034	21	5	170	287	2	118	122	173	0.578	0.959
LOKIASV2_1981_ESMFold_L-seryl-tRNA-Sec-_kinase	4grd-assembly1.cif.gz_A	4grd-assembly1.cif.gz_A Crystal structure of Phosphoribosylaminoimidazole carboxylase catalytic subunit from Burkholderia cenocepacia J2315	5.012E+00	0.034	21	3	194	287	8	160	168	208	0.669	0.911
LOKIASV2_1981_ESMFold_L-seryl-tRNA-Sec-_kinase	1los-assembly2.cif.gz_C	1los-assembly2.cif.gz_C crystal structure of orotidine monophosphate decarboxylase mutant deltaR203A complexed with 6-azaUMP	2.738E+00	0.034	21	5	171	287	3	159	191	201	0.582	0.822
LOKIASV2_1981_ESMFold_L-seryl-tRNA-Sec-_kinase	3m44-assembly1.cif.gz_A	3m44-assembly1.cif.gz_A Crystal structure of the mutant V201A of orotidine 5'-monophosphate decarboxylase from Methanobacterium thermoautotrophicum	1.075E+00	0.034	21	1	172	287	5	205	207	232	0.599	0.971
LOKIASV2_1981_ESMFold_L-seryl-tRNA-Sec-_kinase	7kmf-assembly1.cif.gz_G	7kmf-assembly1.cif.gz_G Sugar phosphate activation of the stress sensor eIF2B	8.686E+00	0.034	21	1	111	287	113	225	287	127	0.387	0.394
LOKIASV2_1981_ESMFold_L-seryl-tRNA-Sec-_kinase	1dos-assembly1.cif.gz_B	1dos-assembly1.cif.gz_B STRUCTURE OF FRUCTOSE-BISPHOSPHATE ALDOLASE	7.781E+00	0.034	21	2	115	287	29	151	358	133	0.397	0.344
LOKIASV2_1981_ESMFold_L-seryl-tRNA-Sec-_kinase	1jpm-assembly1.cif.gz_B	1jpm-assembly1.cif.gz_B L-Ala-D/L-Glu Epimerase	1.495E+00	0.034	21	1	164	287	130	327	359	227	0.571	0.552
LOKIASV2_1981_ESMFold_L-seryl-tRNA-Sec-_kinase	7ale-assembly1.cif.gz_A	7ale-assembly1.cif.gz_A Crystal structure of human PAICS in complex with inhibitor 69	3.604E+00	0.034	21	2	194	287	259	418	419	220	0.672	0.382
LOKIASV2_1981_ESMFold_L-seryl-tRNA-Sec-_kinase	4u7d-assembly2.cif.gz_D	4u7d-assembly2.cif.gz_D Structure of human RECQ-like helicase in complex with an oligonucleotide	6.204E-01	0.034	21	1	157	287	68	308	530	255	0.547	0.455
LOKIASV2_1981_ESMFold_L-seryl-tRNA-Sec-_kinase	8qa5-assembly1.cif.gz_A	8qa5-assembly1.cif.gz_A MTHFR + SAH asymmetric dis-inhibited state	2.452E+00	0.034	21	2	170	287	20	286	582	280	0.589	0.459
LOKIASV2_1981_ESMFold_L-seryl-tRNA-Sec-_kinase	7wtd-assembly1.cif.gz_B	7wtd-assembly1.cif.gz_B Cryo-EM structure of human pyruvate carboxylase with acetyl-CoA in the intermediate state 1	1.968E+00	0.034	21	2	228	287	68	436	600	376	0.791	0.615
LOKIASV2_1981_ESMFold_L-seryl-tRNA-Sec-_kinase	3bg5-assembly2.cif.gz_C	3bg5-assembly2.cif.gz_C Crystal Structure of Staphylococcus Aureus Pyruvate Carboxylase	4.250E+00	0.034	21	2	121	287	530	696	1067	174	0.418	0.157
LOKIASV2_1981_ESMFold_L-seryl-tRNA-Sec-_kinase	3j2t-assembly1.cif.gz_A	3j2t-assembly1.cif.gz_A An improved model of the human apoptosome	2.452E+00	0.034	21	2	157	287	42	159	1144	167	0.544	0.103
LOKIASV2_1981_ESMFold_L-seryl-tRNA-Sec-_kinase	3ix7-assembly1.cif.gz_B	3ix7-assembly1.cif.gz_B Crystal structure of a domain of functionally unknown protein from Thermus thermophilus HB8	5.012E+00	0.029	20	6	160	287	7	123	130	159	0.540	0.900
LOKIASV2_1981_ESMFold_L-seryl-tRNA-Sec-_kinase	7p81-assembly2.cif.gz_P	7p81-assembly2.cif.gz_P Crystal structure of ClpP from Bacillus subtilis in complex with ADEP2 (compact state)	1.968E+00	0.029	20	6	156	287	25	175	177	199	0.526	0.853
LOKIASV2_1981_ESMFold_L-seryl-tRNA-Sec-_kinase	6cfd-assembly1.cif.gz_S	6cfd-assembly1.cif.gz_S ADEP4 bound to E. faecium ClpP	2.591E+00	0.029	20	4	113	287	18	87	180	112	0.383	0.389
LOKIASV2_1981_ESMFold_L-seryl-tRNA-Sec-_kinase	6cfd-assembly1.cif.gz_M	6cfd-assembly1.cif.gz_M ADEP4 bound to E. faecium ClpP	2.197E+00	0.029	20	4	113	287	19	88	181	112	0.383	0.387
LOKIASV2_1981_ESMFold_L-seryl-tRNA-Sec-_kinase	3bjz-assembly1.cif.gz_B	3bjz-assembly1.cif.gz_B Crystal structure of Pseudomonas aeruginosa phosphoheptose isomerase	4.744E+00	0.029	20	11	179	287	27	181	187	186	0.589	0.829
LOKIASV2_1981_ESMFold_L-seryl-tRNA-Sec-_kinase	3m5z-assembly1.cif.gz_B	3m5z-assembly1.cif.gz_B Crystal structure of the mutant V182A,I218A of orotidine 5'-monophosphate decarboxylase from Methanobacterium thermoautotrophicum	1.495E+00	0.029	20	1	170	287	4	212	213	238	0.592	0.981
LOKIASV2_1981_ESMFold_L-seryl-tRNA-Sec-_kinase	1ve2-assembly1.cif.gz_B	1ve2-assembly1.cif.gz_B Crystal structure of uroporphyrin-III-C-methyltransferase from thermus thermophilus	6.598E+00	0.029	20	2	107	287	1	100	220	119	0.369	0.455
LOKIASV2_1981_ESMFold_L-seryl-tRNA-Sec-_kinase	6e9p-assembly1.cif.gz_G	6e9p-assembly1.cif.gz_G Crystal structure of tryptophan synthase from M. tuberculosis - open form with BRD0059 bound	9.631E-01	0.029	20	2	177	287	17	239	249	242	0.613	0.896
LOKIASV2_1981_ESMFold_L-seryl-tRNA-Sec-_kinase	4mf4-assembly1.cif.gz_E	4mf4-assembly1.cif.gz_E Crystal structure of a HpcH/Hpal aldolase/citrate lyase family protein from Burkholderia cenocepacia J2315	8.166E-01	0.029	20	2	179	287	13	256	257	261	0.620	0.949
LOKIASV2_1981_ESMFold_L-seryl-tRNA-Sec-_kinase	7kma-assembly3.cif.gz_E	7kma-assembly3.cif.gz_E Crystal structure of eif2Balpha with a ligand.	7.365E+00	0.029	20	1	110	287	106	218	278	130	0.383	0.406
LOKIASV2_1981_ESMFold_L-seryl-tRNA-Sec-_kinase	4r2j-assembly1.cif.gz_A-2	4r2j-assembly1.cif.gz_A-2 Crystal structure of YdaA (Universal Stress Protein E) from Salmonella typhimurium	3.996E-01	0.029	20	1	160	287	1	241	285	259	0.557	0.846
LOKIASV2_1981_ESMFold_L-seryl-tRNA-Sec-_kinase	6ugf-assembly1.cif.gz_D	6ugf-assembly1.cif.gz_D Katanin hexamer in the ring conformation with resolved protomer one in complex with substrate	2.197E+00	0.029	20	2	157	287	67	176	310	164	0.544	0.355
LOKIASV2_1981_ESMFold_L-seryl-tRNA-Sec-_kinase	8gja-assembly2.cif.gz_D	8gja-assembly2.cif.gz_D RAD51C-XRCC3 structure	3.604E+00	0.029	20	4	157	287	99	251	336	177	0.537	0.455
LOKIASV2_1981_ESMFold_L-seryl-tRNA-Sec-_kinase	7zmp-assembly1.cif.gz_A	7zmp-assembly1.cif.gz_A Crystal structure of human RECQL5 helicase APO form in complex with engineered nanobody (Gluebody) G3-055	7.781E+00	0.029	20	2	167	287	58	195	441	175	0.578	0.313
LOKIASV2_1981_ESMFold_L-seryl-tRNA-Sec-_kinase	4fxj-assembly1.cif.gz_C	4fxj-assembly1.cif.gz_C Structure of M2 pyruvate kinase in complex with phenylalanine	3.056E+00	0.029	20	51	177	287	188	361	504	179	0.443	0.345
LOKIASV2_1981_ESMFold_L-seryl-tRNA-Sec-_kinase	4tz6-assembly1.cif.gz_A	4tz6-assembly1.cif.gz_A DEAD-box helicase Mss116 bound to ssRNA and UDP-BeF	3.807E+00	0.029	20	2	167	287	89	228	504	183	0.578	0.278
LOKIASV2_1981_ESMFold_L-seryl-tRNA-Sec-_kinase	3tw6-assembly2.cif.gz_D-3	3tw6-assembly2.cif.gz_D-3 Structure of Rhizobium etli pyruvate carboxylase T882A with the allosteric activator, acetyl coenzyme-A	3.604E+00	0.029	20	1	122	287	522	690	1129	176	0.425	0.150
LOKIASV2_1981_ESMFold_L-seryl-tRNA-Sec-_kinase	6cfd-assembly1.cif.gz_I	6cfd-assembly1.cif.gz_I ADEP4 bound to E. faecium ClpP	2.591E+00	0.024	19	4	127	287	26	109	188	127	0.432	0.447
LOKIASV2_1981_ESMFold_L-seryl-tRNA-Sec-_kinase	1los-assembly1.cif.gz_B	1los-assembly1.cif.gz_B crystal structure of orotidine monophosphate decarboxylase mutant deltaR203A complexed with 6-azaUMP	2.080E+00	0.024	19	5	172	287	4	205	206	238	0.585	0.981
LOKIASV2_1981_ESMFold_L-seryl-tRNA-Sec-_kinase	3tn3-assembly1.cif.gz_A	3tn3-assembly1.cif.gz_A Crystal structure of GkaP from Geobacillus kaustophilus HTA426	5.911E+00	0.024	19	2	112	287	17	97	323	117	0.387	0.251
LOKIASV2_1981_ESMFold_L-seryl-tRNA-Sec-_kinase	3jva-assembly1.cif.gz_H	3jva-assembly1.cif.gz_H Crystal structure of Dipeptide Epimerase from Enterococcus faecalis V583	3.411E+00	0.024	19	3	127	287	121	306	346	188	0.436	0.538
LOKIASV2_1981_ESMFold_L-seryl-tRNA-Sec-_kinase	6tej-assembly1.cif.gz_A	6tej-assembly1.cif.gz_A Structure of apo IrtAB devoid SID in complex with sybody Syb_NL5	2.452E+00	0.024	19	2	156	287	350	515	561	189	0.540	0.296
LOKIASV2_1981_ESMFold_L-seryl-tRNA-Sec-_kinase	4u1r-assembly1.cif.gz_C	4u1r-assembly1.cif.gz_C ATP-bound structure of human platelet phosphofructokinase in an R-state, crystal form II	4.250E+00	0.024	19	3	169	287	507	707	732	218	0.582	0.275
LOKIASV2_1981_ESMFold_L-seryl-tRNA-Sec-_kinase	7yg0-assembly1.cif.gz_A	7yg0-assembly1.cif.gz_A Cryo-EM structure of human sodium-chloride cotransporter	2.197E+00	0.024	19	2	264	287	495	796	854	351	0.916	0.354
LOKIASV2_1981_ESMFold_L-seryl-tRNA-Sec-_kinase	2cyb-assembly1.cif.gz_B	2cyb-assembly1.cif.gz_B Crystal structure of Tyrosyl-tRNA Synthetase complexed with L-tyrosine from Archaeoglobus fulgidus	9.176E+00	0.020	18	2	138	287	32	162	317	148	0.477	0.413
LOKIASV2_1981_ESMFold_L-seryl-tRNA-Sec-_kinase	3ojg-assembly1.cif.gz_A-2	3ojg-assembly1.cif.gz_A-2 Structure of an inactive lactonase from Geobacillus kaustophilus with bound N-butyryl-DL-homoserine lactone	5.911E+00	0.020	18	2	139	287	17	216	323	200	0.481	0.619
LOKIASV2_1981_ESMFold_L-seryl-tRNA-Sec-_kinase	5gk5-assembly2.cif.gz_D	5gk5-assembly2.cif.gz_D Apo structure of fructose 1,6-bisphosphate aldolase from Escherichia coli at 1.9 angstrom resolution	5.911E+00	0.020	18	4	161	287	30	265	331	241	0.551	0.713
LOKIASV2_1981_ESMFold_L-seryl-tRNA-Sec-_kinase	7xbk-assembly1.cif.gz_G	7xbk-assembly1.cif.gz_G Structure and mechanism of a mitochondrial AAA+ disaggregase CLPB	2.591E+00	0.020	18	2	193	287	44	299	332	277	0.669	0.771
LOKIASV2_1981_ESMFold_L-seryl-tRNA-Sec-_kinase	6ppw-assembly1.cif.gz_A	6ppw-assembly1.cif.gz_A Crystal structure of NeuB, an N-acetylneuraminate synthase from Neisseria meningitidis, in complex with magnesium and malate	1.415E+00	0.020	18	1	157	287	17	180	348	197	0.547	0.471
LOKIASV2_1981_ESMFold_L-seryl-tRNA-Sec-_kinase	4ipi-assembly1.cif.gz_A-2	4ipi-assembly1.cif.gz_A-2 Crystal Structure of R314A N-acetyl Neuraminic Acid Synthase from Neiserria meningitidis with Malate bound	1.268E+00	0.020	18	2	157	287	21	183	351	198	0.544	0.464
LOKIASV2_1981_ESMFold_L-seryl-tRNA-Sec-_kinase	3jva-assembly1.cif.gz_B	3jva-assembly1.cif.gz_B Crystal structure of Dipeptide Epimerase from Enterococcus faecalis V583	3.807E+00	0.020	18	3	126	287	129	313	354	187	0.432	0.523
LOKIASV2_1981_ESMFold_L-seryl-tRNA-Sec-_kinase	2q6t-assembly3.cif.gz_C	2q6t-assembly3.cif.gz_C Crystal structure of the Thermus aquaticus DnaB monomer	2.321E+00	0.020	18	2	173	287	184	354	406	209	0.599	0.421
LOKIASV2_1981_ESMFold_L-seryl-tRNA-Sec-_kinase	1rqb-assembly1.cif.gz_A	1rqb-assembly1.cif.gz_A Propionibacterium shermanii transcarboxylase 5S subunit	5.295E+00	0.020	18	2	122	287	11	169	472	171	0.422	0.337
LOKIASV2_1981_ESMFold_L-seryl-tRNA-Sec-_kinase	7ug6-assembly1.cif.gz_b	7ug6-assembly1.cif.gz_b Cryo-EM structure of pre-60S ribosomal subunit, unmethylated G2922	9.695E+00	0.020	18	3	194	287	167	352	514	221	0.669	0.362
LOKIASV2_1981_ESMFold_L-seryl-tRNA-Sec-_kinase	4qmk-assembly1.cif.gz_A	4qmk-assembly1.cif.gz_A Crystal structure of type III effector protein ExoU (exoU)	3.807E+00	0.020	18	1	279	287	31	435	528	440	0.972	0.767
LOKIASV2_1981_ESMFold_L-seryl-tRNA-Sec-_kinase	6omb-assembly1.cif.gz_E	6omb-assembly1.cif.gz_E Cdc48 Hexamer (Subunits A to E) with substrate bound to the central pore	3.228E+00	0.020	18	1	157	287	299	410	536	164	0.547	0.209
LOKIASV2_1981_ESMFold_L-seryl-tRNA-Sec-_kinase	6izz-assembly1.cif.gz_A	6izz-assembly1.cif.gz_A The RNA-dependent RNA polymerase domain of dengue 3 NS5, bound with RK-0404678	9.176E+00	0.020	18	10	78	287	93	164	568	72	0.240	0.127
LOKIASV2_1981_ESMFold_L-seryl-tRNA-Sec-_kinase	4jen-assembly1.cif.gz_A	4jen-assembly1.cif.gz_A Structure of Clostridium botulinum CMP N-glycosidase, BcmB	7.365E+00	0.016	17	5	170	287	2	116	119	173	0.578	0.966
LOKIASV2_1981_ESMFold_L-seryl-tRNA-Sec-_kinase	5ocw-assembly1.cif.gz_A	5ocw-assembly1.cif.gz_A Structure of Mycobacterium tuberculosis tryptophan synthase in space group F222	1.763E+00	0.016	17	2	182	287	17	254	257	256	0.631	0.926
LOKIASV2_1981_ESMFold_L-seryl-tRNA-Sec-_kinase	6ugf-assembly1.cif.gz_E	6ugf-assembly1.cif.gz_E Katanin hexamer in the ring conformation with resolved protomer one in complex with substrate	6.598E+00	0.016	17	1	157	287	66	178	312	163	0.547	0.362
LOKIASV2_1981_ESMFold_L-seryl-tRNA-Sec-_kinase	5q1j-assembly1.cif.gz_A	5q1j-assembly1.cif.gz_A PanDDA analysis group deposition -- Crystal Structure of DCLRE1A in complex with FMSOA000341b	3.604E+00	0.016	17	1	177	287	131	338	341	225	0.617	0.610
LOKIASV2_1981_ESMFold_L-seryl-tRNA-Sec-_kinase	1gcy-assembly1.cif.gz_A	1gcy-assembly1.cif.gz_A HIGH RESOLUTION CRYSTAL STRUCTURE OF MALTOTETRAOSE-FORMING EXO-AMYLASE	5.595E+00	0.016	17	60	177	287	166	349	415	189	0.411	0.443
LOKIASV2_1981_ESMFold_L-seryl-tRNA-Sec-_kinase	3n25-assembly2.cif.gz_G	3n25-assembly2.cif.gz_G The structure of muscle pyruvate kinase in complex with proline, pyruvate, and Mn2+	5.295E+00	0.016	17	2	219	287	33	403	510	391	0.760	0.727
LOKIASV2_1981_ESMFold_L-seryl-tRNA-Sec-_kinase	7lnp-assembly4.cif.gz_E	7lnp-assembly4.cif.gz_E Structure of the exo-alpha-L-galactosidase BpGH29 (D264N mutant) from Bacteroides plebeius in complex with paranitrophenyl-alpha-L-galactopyranoside	7.781E+00	0.016	17	5	185	287	27	255	548	242	0.631	0.418
LOKIASV2_1981_ESMFold_L-seryl-tRNA-Sec-_kinase	6fcx-assembly1.cif.gz_A	6fcx-assembly1.cif.gz_A Structure of human 5,10-methylenetetrahydrofolate reductase (MTHFR)	4.023E+00	0.016	17	2	175	287	19	287	596	272	0.606	0.451
LOKIASV2_1981_ESMFold_L-seryl-tRNA-Sec-_kinase	6opc-assembly1.cif.gz_E	6opc-assembly1.cif.gz_E Cdc48 Hexamer in a complex with substrate and Shp1(Ubx Domain)	4.250E+00	0.016	17	1	157	287	479	590	716	164	0.547	0.156
LOKIASV2_1981_ESMFold_L-seryl-tRNA-Sec-_kinase	4emm-assembly1.cif.gz_H	4emm-assembly1.cif.gz_H Crystal structure of Staphylococcus aureus ClpP in compact conformation	4.744E+00	0.014	16	6	112	287	22	88	175	110	0.373	0.383
LOKIASV2_1981_ESMFold_L-seryl-tRNA-Sec-_kinase	3e2a-assembly2.cif.gz_C	3e2a-assembly2.cif.gz_C H. influenzae beta-carbonic anhydrase, variant Y181F with 100 mM bicarbonate	6.245E+00	0.014	16	16	138	287	5	111	205	132	0.429	0.522
LOKIASV2_1981_ESMFold_L-seryl-tRNA-Sec-_kinase	6i7v-assembly1.cif.gz_AB	6i7v-assembly1.cif.gz_AB Ribosomal protein paralogs bL31 and bL36	5.595E+00	0.014	16	4	139	287	57	209	218	175	0.474	0.702
LOKIASV2_1981_ESMFold_L-seryl-tRNA-Sec-_kinase	6qlf-assembly1.cif.gz_Y	6qlf-assembly1.cif.gz_Y Structure of inner kinetochore CCAN complex with mask1	5.012E+00	0.014	16	16	257	287	4	222	223	261	0.843	0.982
LOKIASV2_1981_ESMFold_L-seryl-tRNA-Sec-_kinase	8to0-assembly1.cif.gz_z3	8to0-assembly1.cif.gz_z3 48-nm repeating structure of doublets from mouse sperm flagella	4.490E+00	0.014	16	13	286	287	17	233	254	286	0.955	0.854
LOKIASV2_1981_ESMFold_L-seryl-tRNA-Sec-_kinase	3t4c-assembly1.cif.gz_A	3t4c-assembly1.cif.gz_A Crystal structure of 2-dehydro-3-deoxyphosphooctonate aldolase from Burkholderia ambifaria	2.197E+00	0.014	16	1	175	287	14	256	264	264	0.610	0.920
LOKIASV2_1981_ESMFold_L-seryl-tRNA-Sec-_kinase	8eac-assembly1.cif.gz_B	8eac-assembly1.cif.gz_B Thermus thermophilus methylenetetrahydrofolate reductase	4.250E+00	0.014	16	2	173	287	12	276	278	272	0.599	0.953
LOKIASV2_1981_ESMFold_L-seryl-tRNA-Sec-_kinase	6fnr-assembly1.cif.gz_A	6fnr-assembly1.cif.gz_A Ergothioneine-biosynthetic methyltransferase EgtD in complex with chlorohistidine	9.176E+00	0.014	16	1	156	287	1	139	321	173	0.544	0.433
LOKIASV2_1981_ESMFold_L-seryl-tRNA-Sec-_kinase	7ung-assembly1.cif.gz_C3	7ung-assembly1.cif.gz_C3 48-nm repeat of the human respiratory doublet microtubule	3.411E+00	0.014	16	13	286	287	76	341	394	326	0.955	0.675
LOKIASV2_1981_ESMFold_L-seryl-tRNA-Sec-_kinase	4nmn-assembly1.cif.gz_B	4nmn-assembly1.cif.gz_B Aquifex aeolicus replicative helicase (DnaB) complexed with ADP, at 3.3 resolution	9.176E+00	0.014	16	3	157	287	186	341	412	183	0.540	0.379
LOKIASV2_1981_ESMFold_L-seryl-tRNA-Sec-_kinase	4jx5-assembly3.cif.gz_D	4jx5-assembly3.cif.gz_D Structure of the carboxyl transferase domain from Rhizobium etli pyruvate carboxylase with pyruvate	7.365E+00	0.014	16	1	121	287	68	235	590	176	0.422	0.285
LOKIASV2_1981_ESMFold_L-seryl-tRNA-Sec-_kinase	5g1q-assembly1.cif.gz_B-2	5g1q-assembly1.cif.gz_B-2 Compressed conformation of Francisella tularensis ClpP at 2.84 A	7.365E+00	0.011	15	5	112	287	21	87	172	110	0.376	0.390
LOKIASV2_1981_ESMFold_L-seryl-tRNA-Sec-_kinase	7p81-assembly1.cif.gz_B	7p81-assembly1.cif.gz_B Crystal structure of ClpP from Bacillus subtilis in complex with ADEP2 (compact state)	4.023E+00	0.011	15	6	156	287	25	174	176	201	0.526	0.852
LOKIASV2_1981_ESMFold_L-seryl-tRNA-Sec-_kinase	1y7o-assembly1.cif.gz_G	1y7o-assembly1.cif.gz_G The structure of Streptococcus pneumoniae A153P ClpP	6.598E+00	0.011	15	5	126	287	23	103	177	126	0.425	0.458
LOKIASV2_1981_ESMFold_L-seryl-tRNA-Sec-_kinase	1y7o-assembly1.cif.gz_D	1y7o-assembly1.cif.gz_D The structure of Streptococcus pneumoniae A153P ClpP	5.595E+00	0.011	15	5	156	287	25	174	178	198	0.530	0.843
LOKIASV2_1981_ESMFold_L-seryl-tRNA-Sec-_kinase	6sfx-assembly1.cif.gz_H	6sfx-assembly1.cif.gz_H Cryo-EM structure of ClpP1/2 in the LmClpXP1/2 complex	5.295E+00	0.011	15	6	139	287	24	136	193	161	0.467	0.585
LOKIASV2_1981_ESMFold_L-seryl-tRNA-Sec-_kinase	4uy3-assembly1.cif.gz_A	4uy3-assembly1.cif.gz_A Cytoplasmic domain of bacterial cell division protein ezra	6.971E+00	0.011	15	13	286	287	2	186	194	274	0.955	0.954
LOKIASV2_1981_ESMFold_L-seryl-tRNA-Sec-_kinase	7v1k-assembly1.cif.gz_A-2	7v1k-assembly1.cif.gz_A-2 Apo structure of sNASP core	5.295E+00	0.011	15	13	231	287	26	217	220	248	0.763	0.873
LOKIASV2_1981_ESMFold_L-seryl-tRNA-Sec-_kinase	5n9y-assembly1.cif.gz_E	5n9y-assembly1.cif.gz_E The full-length structure of ZntB	5.295E+00	0.011	15	56	270	287	145	327	327	230	0.749	0.560
LOKIASV2_1981_ESMFold_L-seryl-tRNA-Sec-_kinase	7ung-assembly1.cif.gz_C2	7ung-assembly1.cif.gz_C2 48-nm repeat of the human respiratory doublet microtubule	3.604E+00	0.011	15	13	286	287	76	341	393	322	0.955	0.677
LOKIASV2_1981_ESMFold_L-seryl-tRNA-Sec-_kinase	8otz-assembly1.cif.gz_F2	8otz-assembly1.cif.gz_F2 48-nm repeat of the native axonemal doublet microtubule from bovine sperm	3.604E+00	0.011	15	13	286	287	107	372	418	334	0.955	0.636
LOKIASV2_1981_ESMFold_L-seryl-tRNA-Sec-_kinase	8iyj-assembly1.cif.gz_S7	8iyj-assembly1.cif.gz_S7 Cryo-EM structure of the 48-nm repeat doublet microtubule from mouse sperm	3.807E+00	0.011	15	13	286	287	101	366	422	326	0.955	0.630
LOKIASV2_1981_ESMFold_L-seryl-tRNA-Sec-_kinase	4akf-assembly1.cif.gz_A	4akf-assembly1.cif.gz_A Crystal structure of VipD from Legionella pneumophila	5.595E+00	0.011	15	1	175	287	35	196	560	206	0.610	0.289
LOKIASV2_1981_ESMFold_L-seryl-tRNA-Sec-_kinase	7zdc-assembly1.cif.gz_C	7zdc-assembly1.cif.gz_C IF(heme/confined) conformation of CydDC in ADP(CydD) bound state (Dataset-3)	4.744E+00	0.011	15	4	157	287	355	517	561	192	0.537	0.291
LOKIASV2_1981_ESMFold_L-seryl-tRNA-Sec-_kinase	4u1r-assembly1.cif.gz_D	4u1r-assembly1.cif.gz_D ATP-bound structure of human platelet phosphofructokinase in an R-state, crystal form II	9.176E+00	0.011	15	2	185	287	184	354	732	207	0.641	0.234
LOKIASV2_1981_ESMFold_L-seryl-tRNA-Sec-_kinase	3qwd-assembly3.cif.gz_N	3qwd-assembly3.cif.gz_N Crystal structure of ClpP from Staphylococcus aureus	9.176E+00	0.010	14	6	112	287	21	87	183	110	0.373	0.366
LOKIASV2_1981_ESMFold_L-seryl-tRNA-Sec-_kinase	3e3i-assembly1.cif.gz_C	3e3i-assembly1.cif.gz_C H. influenzae beta-carbonic anhydrase, variant G41A with 100 mM bicarbonate	8.221E+00	0.010	14	14	138	287	9	113	208	136	0.436	0.505
LOKIASV2_1981_ESMFold_L-seryl-tRNA-Sec-_kinase	7v1l-assembly1.cif.gz_B-2	7v1l-assembly1.cif.gz_B-2 Structure of sNASP core in complex with H3 alpha3 helix peptide	7.781E+00	0.010	14	13	233	287	6	219	221	258	0.770	0.968
LOKIASV2_1981_ESMFold_L-seryl-tRNA-Sec-_kinase	3sff-assembly1.cif.gz_A	3sff-assembly1.cif.gz_A Crystal Structure of Human HDAC8 Inhibitor Complex, an Amino Acid Derived Inhibitor	8.221E+00	0.010	14	9	179	287	197	338	341	185	0.596	0.416
LOKIASV2_1981_ESMFold_L-seryl-tRNA-Sec-_kinase	5hvo-assembly2.cif.gz_C	5hvo-assembly2.cif.gz_C Structure of Aspergillus fumigatus trehalose-6-phosphate synthase B in complex with UDP and validoxylamine A	8.221E+00	0.010	14	2	177	287	255	433	454	211	0.613	0.394
LOKIASV2_1981_ESMFold_L-seryl-tRNA-Sec-_kinase	7ky7-assembly1.cif.gz_A	7ky7-assembly1.cif.gz_A Structure of the S. cerevisiae phosphatidylcholine flippase Dnf2-Lem3 complex in the apo E1 state	8.221E+00	0.010	14	2	174	287	465	625	884	206	0.603	0.182
LOKIASV2_1981_ESMFold_L-seryl-tRNA-Sec-_kinase	8ssc-assembly1.cif.gz_A	8ssc-assembly1.cif.gz_A Full-Length Methionine synthase from Thermus thermophilus HB8	8.686E+00	0.010	14	3	173	287	706	826	1123	189	0.596	0.108
LOKIASV2_1981_ESMFold_L-seryl-tRNA-Sec-_kinase	4u0g-assembly2.cif.gz_W	4u0g-assembly2.cif.gz_W Crystal Structure of M. tuberculosis ClpP1P2 bound to ADEP and agonist	9.695E+00	0.009	13	6	113	287	12	79	175	111	0.376	0.389
LOKIASV2_1981_ESMFold_L-seryl-tRNA-Sec-_kinase	2z1n-assembly1.cif.gz_A	2z1n-assembly1.cif.gz_A Crystal structure of APE0912 from Aeropyrum pernix K1	9.176E+00	0.009	13	2	157	287	6	230	237	237	0.544	0.949
LOKIASV2_1981_ESMFold_L-seryl-tRNA-Sec-_kinase	4pgl-assembly2.cif.gz_D	4pgl-assembly2.cif.gz_D Crystal structure of engineered D-tagatose 3-epimerase PcDTE-ILS6	7.781E+00	0.009	13	3	179	287	2	283	290	296	0.617	0.972
LOKIASV2_1981_ESMFold_L-seryl-tRNA-Sec-_kinase	7wf3-assembly1.cif.gz_C	7wf3-assembly1.cif.gz_C Composite map of human Kv1.3 channel in apo state with beta subunits	9.695E+00	0.009	13	4	179	287	81	323	328	263	0.613	0.741
LOKIASV2_1981_ESMFold_L-seryl-tRNA-Sec-_kinase	8to0-assembly1.cif.gz_GX	8to0-assembly1.cif.gz_GX 48-nm repeating structure of doublets from mouse sperm flagella	6.971E+00	0.009	13	13	286	287	76	299	346	289	0.955	0.647
LOKIASV2_1981_ESMFold_L-seryl-tRNA-Sec-_kinase	7rro-assembly1.cif.gz_C6	7rro-assembly1.cif.gz_C6 Structure of the 48-nm repeat doublet microtubule from bovine tracheal cilia	5.595E+00	0.009	13	13	286	287	71	336	385	330	0.955	0.691
LOKIASV2_1981_ESMFold_L-seryl-tRNA-Sec-_kinase	8iyj-assembly1.cif.gz_D1	8iyj-assembly1.cif.gz_D1 Cryo-EM structure of the 48-nm repeat doublet microtubule from mouse sperm	5.012E+00	0.009	13	13	286	287	108	353	411	302	0.955	0.599
LOKIASV2_1981_ESMFold_L-seryl-tRNA-Sec-_kinase	8i7r-assembly1.cif.gz_B2	8i7r-assembly1.cif.gz_B2 In situ structure of axonemal doublet microtubules in mouse sperm with 48-nm repeat	9.695E+00	0.009	13	14	286	287	86	370	416	328	0.951	0.685
LOKIASV2_1981_ESMFold_L-seryl-tRNA-Sec-_kinase	8iyj-assembly1.cif.gz_S8	8iyj-assembly1.cif.gz_S8 Cryo-EM structure of the 48-nm repeat doublet microtubule from mouse sperm	5.911E+00	0.009	13	13	286	287	103	364	420	323	0.955	0.624
LOKIASV2_1981_ESMFold_L-seryl-tRNA-Sec-_kinase	7rro-assembly1.cif.gz_F1	7rro-assembly1.cif.gz_F1 Structure of the 48-nm repeat doublet microtubule from bovine tracheal cilia	5.595E+00	0.009	13	13	286	287	111	372	421	315	0.955	0.622
LOKIASV2_1981_ESMFold_L-seryl-tRNA-Sec-_kinase	4o8k-assembly1.cif.gz_B	4o8k-assembly1.cif.gz_B Crystal structure of Type III pantothenate kinase from Burkholderia thailandensis, apo structure	9.176E+00	0.008	12	17	137	287	157	239	244	121	0.422	0.340
LOKIASV2_1981_ESMFold_L-seryl-tRNA-Sec-_kinase	8to0-assembly1.cif.gz_GW	8to0-assembly1.cif.gz_GW 48-nm repeating structure of doublets from mouse sperm flagella	8.686E+00	0.008	12	13	286	287	76	302	349	292	0.955	0.650
LOKIASV2_1981_ESMFold_L-seryl-tRNA-Sec-_kinase	8otz-assembly1.cif.gz_EP	8otz-assembly1.cif.gz_EP 48-nm repeat of the native axonemal doublet microtubule from bovine sperm	8.686E+00	0.008	12	13	282	287	88	333	360	303	0.941	0.683
LOKIASV2_1981_ESMFold_L-seryl-tRNA-Sec-_kinase	8iyj-assembly1.cif.gz_V6	8iyj-assembly1.cif.gz_V6 Cryo-EM structure of the 48-nm repeat doublet microtubule from mouse sperm	7.781E+00	0.008	12	13	286	287	78	324	364	320	0.955	0.679
LOKIASV2_1981_ESMFold_L-seryl-tRNA-Sec-_kinase	8i7o-assembly1.cif.gz_B7	8i7o-assembly1.cif.gz_B7 In situ structure of axonemal doublet microtubules in mouse sperm with 16-nm repeat	7.365E+00	0.008	12	13	286	287	88	334	376	298	0.955	0.657
LOKIASV2_1981_ESMFold_L-seryl-tRNA-Sec-_kinase	8tid-assembly1.cif.gz_K	8tid-assembly1.cif.gz_K Combined linker domain of N-DRC and associated proteins Tetrahymena	9.176E+00	0.008	12	13	286	287	76	310	434	290	0.955	0.541
LOKIASV2_1981_ESMFold_L-seryl-tRNA-Sec-_kinase	8e9h-assembly1.cif.gz_L	8e9h-assembly1.cif.gz_L Mycobacterial respiratory complex I, fully-inserted quinone	7.781E+00	0.008	12	9	253	287	365	624	625	292	0.854	0.416
LOKIASV2_1981_ESMFold_L-seryl-tRNA-Sec-_kinase	6ird-assembly1.cif.gz_B	6ird-assembly1.cif.gz_B Complex structure of INADL PDZ89 and PLCb4 C-terminal CC-PBM	9.695E+00	0.007	11	16	286	287	27	231	254	278	0.944	0.807
LOKIASV2_1981_ESMFold_L-seryl-tRNA-Sec-_kinase	4ev6-assembly1.cif.gz_E	4ev6-assembly1.cif.gz_E The complete structure of CorA magnesium transporter from Methanocaldococcus jannaschii	9.695E+00	0.007	11	13	279	287	144	309	317	268	0.930	0.524
LOKIASV2_1981_ESMFold_L-seryl-tRNA-Sec-_kinase	7egm-assembly1.cif.gz_E	7egm-assembly1.cif.gz_E The SRM module of SWI/SNF-nucleosome complex	6.971E+00	0.007	11	31	266	287	126	416	422	320	0.822	0.690
LOKIASV2_1981_ESMFold_L-seryl-tRNA-Sec-_kinase	8iyj-assembly1.cif.gz_D4	8iyj-assembly1.cif.gz_D4 Cryo-EM structure of the 48-nm repeat doublet microtubule from mouse sperm	9.695E+00	0.007	11	13	286	287	98	366	424	326	0.955	0.634
