LOKIASV2_1237_ESMFold_threonine_synthase	AF-Q58860-F1-model_v4	AF-Q58860-F1-model_v4 Threonine synthase	7.679E-40	1.000	1533	15	396	399	1	379	405	383	0.957	0.936
LOKIASV2_1237_ESMFold_threonine_synthase	AF-Q8TQD4-F1-model_v4	AF-Q8TQD4-F1-model_v4 Threonine synthase	2.730E-38	1.000	1448	16	397	399	3	382	405	387	0.957	0.938
LOKIASV2_1237_ESMFold_threonine_synthase	AF-Q9S7B5-F1-model_v4	AF-Q9S7B5-F1-model_v4 Threonine synthase 1, chloroplastic	1.063E-27	1.000	990	16	396	399	82	480	526	403	0.955	0.759
LOKIASV2_1237_ESMFold_threonine_synthase	AF-A0R220-F1-model_v4	AF-A0R220-F1-model_v4 Threonine synthase	7.084E-27	1.000	987	83	396	399	31	334	360	316	0.787	0.844
LOKIASV2_1237_ESMFold_threonine_synthase	AF-P9WG58-F1-model_v4	AF-P9WG58-F1-model_v4 Threonine synthase	3.243E-27	1.000	986	85	396	399	33	334	360	314	0.782	0.839
LOKIASV2_1237_ESMFold_threonine_synthase	AF-Q9MT28-F1-model_v4	AF-Q9MT28-F1-model_v4 Threonine synthase, chloroplastic	2.901E-27	1.000	980	16	396	399	75	473	519	403	0.955	0.769
LOKIASV2_1237_ESMFold_threonine_synthase	AF-P66903-F1-model_v4	AF-P66903-F1-model_v4 Threonine synthase	1.107E-26	1.000	961	85	396	399	33	334	360	314	0.782	0.839
LOKIASV2_1237_ESMFold_threonine_synthase	AF-P9WG59-F1-model_v4	AF-P9WG59-F1-model_v4 Threonine synthase	1.238E-26	1.000	960	85	396	399	33	334	360	314	0.782	0.839
LOKIASV2_1237_ESMFold_threonine_synthase	AF-Q9SSP5-F1-model_v4	AF-Q9SSP5-F1-model_v4 Threonine synthase 2, chloroplastic	1.238E-26	1.000	958	16	396	399	73	472	516	404	0.955	0.775
LOKIASV2_1237_ESMFold_threonine_synthase	AF-P04990-F1-model_v4	AF-P04990-F1-model_v4 Threonine synthase	5.584E-26	1.000	948	84	398	399	22	324	352	317	0.789	0.861
LOKIASV2_1237_ESMFold_threonine_synthase	AF-P45837-F1-model_v4	AF-P45837-F1-model_v4 Threonine synthase	4.224E-26	1.000	941	85	396	399	33	334	360	314	0.782	0.839
LOKIASV2_1237_ESMFold_threonine_synthase	AF-P09123-F1-model_v4	AF-P09123-F1-model_v4 Threonine synthase	3.379E-26	1.000	939	75	398	399	13	324	352	327	0.812	0.886
LOKIASV2_1237_ESMFold_threonine_synthase	AF-P74193-F1-model_v4	AF-P74193-F1-model_v4 Threonine synthase	4.654E-25	1.000	902	61	397	399	30	356	382	341	0.845	0.856
LOKIASV2_1237_ESMFold_threonine_synthase	AF-Q9K7E3-F1-model_v4	AF-Q9K7E3-F1-model_v4 Threonine synthase	3.022E-26	1.000	871	48	396	399	8	324	354	351	0.875	0.895
LOKIASV2_1237_ESMFold_threonine_synthase	AF-Q2FSC3-F1-model_v4	AF-Q2FSC3-F1-model_v4 Cysteate synthase	2.807E-21	1.000	681	16	391	399	5	382	422	402	0.942	0.896
LOKIASV2_1237_ESMFold_threonine_synthase	AF-Q465N2-F1-model_v4	AF-Q465N2-F1-model_v4 Cysteate synthase	2.474E-20	1.000	660	16	398	399	5	390	416	418	0.960	0.928
LOKIASV2_1237_ESMFold_threonine_synthase	AF-A2SQS1-F1-model_v4	AF-A2SQS1-F1-model_v4 Cysteate synthase	5.186E-21	1.000	644	15	398	399	3	390	412	417	0.962	0.942
LOKIASV2_1237_ESMFold_threonine_synthase	AF-Q8Q0K3-F1-model_v4	AF-Q8Q0K3-F1-model_v4 Cysteate synthase	3.407E-19	1.000	644	12	398	399	1	390	416	414	0.970	0.938
LOKIASV2_1237_ESMFold_threonine_synthase	AF-B8GFW4-F1-model_v4	AF-B8GFW4-F1-model_v4 Cysteate synthase	1.560E-19	1.000	644	12	398	399	1	390	425	416	0.970	0.918
LOKIASV2_1237_ESMFold_threonine_synthase	AF-Q54HH2-F1-model_v4	AF-Q54HH2-F1-model_v4 Probable serine racemase	4.028E-19	1.000	642	91	398	399	26	320	324	311	0.772	0.910
LOKIASV2_1237_ESMFold_threonine_synthase	AF-Q74FW6-F1-model_v4	AF-Q74FW6-F1-model_v4 L-threonine ammonia-lyase	5.035E-19	1.000	638	91	398	399	21	312	402	312	0.772	0.726
LOKIASV2_1237_ESMFold_threonine_synthase	AF-P20132-F1-model_v4	AF-P20132-F1-model_v4 L-serine dehydratase/L-threonine deaminase	8.319E-19	1.000	633	91	398	399	11	314	328	318	0.772	0.927
LOKIASV2_1237_ESMFold_threonine_synthase	AF-D1Z042-F1-model_v4	AF-D1Z042-F1-model_v4 Cysteate synthase	1.744E-19	1.000	632	16	398	399	5	390	427	410	0.960	0.904
LOKIASV2_1237_ESMFold_threonine_synthase	AF-Q2PGG3-F1-model_v4	AF-Q2PGG3-F1-model_v4 Serine racemase	7.868E-19	1.000	631	91	398	399	29	324	331	313	0.772	0.894
LOKIASV2_1237_ESMFold_threonine_synthase	AF-A0JNI4-F1-model_v4	AF-A0JNI4-F1-model_v4 Serine racemase	1.625E-18	1.000	631	91	397	399	26	322	334	311	0.769	0.889
LOKIASV2_1237_ESMFold_threonine_synthase	AF-Q12W15-F1-model_v4	AF-Q12W15-F1-model_v4 Cysteate synthase	7.985E-20	1.000	631	16	391	399	5	374	417	393	0.942	0.887
LOKIASV2_1237_ESMFold_threonine_synthase	AF-P36007-F1-model_v4	AF-P36007-F1-model_v4 L-threo-3-hydroxyaspartate ammonia-lyase	2.685E-18	1.000	630	91	397	399	23	313	326	308	0.769	0.893
LOKIASV2_1237_ESMFold_threonine_synthase	AF-A3CRP6-F1-model_v4	AF-A3CRP6-F1-model_v4 Cysteate synthase	8.928E-20	1.000	625	16	398	399	6	389	430	418	0.960	0.893
LOKIASV2_1237_ESMFold_threonine_synthase	AF-O59791-F1-model_v4	AF-O59791-F1-model_v4 Serine racemase	2.148E-18	1.000	620	91	398	399	27	318	323	312	0.772	0.904
LOKIASV2_1237_ESMFold_threonine_synthase	AF-Q76EQ0-F1-model_v4	AF-Q76EQ0-F1-model_v4 Serine racemase	1.817E-18	1.000	617	81	397	399	14	322	333	324	0.794	0.928
LOKIASV2_1237_ESMFold_threonine_synthase	AF-A4F2N8-F1-model_v4	AF-A4F2N8-F1-model_v4 L-threo-3-hydroxyaspartate ammonia-lyase	5.865E-18	1.000	614	91	397	399	23	313	319	310	0.769	0.912
LOKIASV2_1237_ESMFold_threonine_synthase	AF-Q8VBT2-F1-model_v4	AF-Q8VBT2-F1-model_v4 L-serine dehydratase/L-threonine deaminase	1.300E-18	1.000	613	91	398	399	11	314	327	319	0.772	0.930
LOKIASV2_1237_ESMFold_threonine_synthase	AF-Q2FYJ3-F1-model_v4	AF-Q2FYJ3-F1-model_v4 L-threonine dehydratase catabolic TdcB	4.196E-18	1.000	611	91	398	399	33	328	346	315	0.772	0.855
LOKIASV2_1237_ESMFold_threonine_synthase	AF-Q10725-F1-model_v4	AF-Q10725-F1-model_v4 Phenylserine dehydratase	9.835E-19	1.000	610	91	397	399	29	319	326	313	0.769	0.893
LOKIASV2_1237_ESMFold_threonine_synthase	AF-A0B6Z6-F1-model_v4	AF-A0B6Z6-F1-model_v4 Cysteate synthase	9.982E-20	1.000	609	16	398	399	5	384	415	406	0.960	0.916
LOKIASV2_1237_ESMFold_threonine_synthase	AF-Q9QZX7-F1-model_v4	AF-Q9QZX7-F1-model_v4 Serine racemase	3.549E-18	1.000	608	81	397	399	14	322	339	324	0.794	0.912
LOKIASV2_1237_ESMFold_threonine_synthase	AF-Q8R238-F1-model_v4	AF-Q8R238-F1-model_v4 Serine dehydratase-like	4.961E-18	1.000	607	91	398	399	18	320	329	316	0.772	0.921
LOKIASV2_1237_ESMFold_threonine_synthase	AF-P11954-F1-model_v4	AF-P11954-F1-model_v4 L-threonine dehydratase catabolic TdcB	1.375E-18	1.000	607	81	397	399	18	320	329	326	0.794	0.921
LOKIASV2_1237_ESMFold_threonine_synthase	AF-A1B8Z2-F1-model_v4	AF-A1B8Z2-F1-model_v4 beta-hydroxyaspartate dehydratase	2.839E-18	1.000	603	91	399	399	23	315	315	321	0.774	0.930
LOKIASV2_1237_ESMFold_threonine_synthase	AF-Q8NWQ4-F1-model_v4	AF-Q8NWQ4-F1-model_v4 L-threonine dehydratase catabolic TdcB	6.294E-19	1.000	602	47	399	399	5	332	346	364	0.885	0.948
LOKIASV2_1237_ESMFold_threonine_synthase	AF-Q6GGX0-F1-model_v4	AF-Q6GGX0-F1-model_v4 L-threonine dehydratase catabolic TdcB	5.629E-19	1.000	601	47	399	399	2	332	346	367	0.885	0.957
LOKIASV2_1237_ESMFold_threonine_synthase	AF-Q9GZT4-F1-model_v4	AF-Q9GZT4-F1-model_v4 Serine racemase	1.281E-17	1.000	600	91	396	399	26	321	340	311	0.767	0.871
LOKIASV2_1237_ESMFold_threonine_synthase	AF-Q9X7F1-F1-model_v4	AF-Q9X7F1-F1-model_v4 L-threonine dehydratase biosynthetic IlvA	3.753E-18	1.000	598	91	398	399	33	332	427	318	0.772	0.703
LOKIASV2_1237_ESMFold_threonine_synthase	AF-Q2YY67-F1-model_v4	AF-Q2YY67-F1-model_v4 L-threonine dehydratase catabolic TdcB	8.797E-19	1.000	596	47	398	399	2	328	346	363	0.882	0.945
LOKIASV2_1237_ESMFold_threonine_synthase	AF-Q02145-F1-model_v4	AF-Q02145-F1-model_v4 L-threonine dehydratase biosynthetic IlvA	1.601E-17	1.000	593	91	398	399	21	319	416	316	0.772	0.719
LOKIASV2_1237_ESMFold_threonine_synthase	AF-Q6G9C4-F1-model_v4	AF-Q6G9C4-F1-model_v4 L-threonine dehydratase catabolic TdcB	1.300E-18	1.000	591	47	398	399	5	328	346	365	0.882	0.936
LOKIASV2_1237_ESMFold_threonine_synthase	AF-Q5HFY5-F1-model_v4	AF-Q5HFY5-F1-model_v4 L-threonine dehydratase catabolic TdcB	2.032E-18	1.000	590	47	398	399	5	328	346	360	0.882	0.936
LOKIASV2_1237_ESMFold_threonine_synthase	AF-Q7A5L8-F1-model_v4	AF-Q7A5L8-F1-model_v4 L-threonine dehydratase catabolic TdcB	1.163E-18	1.000	590	47	398	399	5	328	346	362	0.882	0.936
LOKIASV2_1237_ESMFold_threonine_synthase	AF-Q0VCW4-F1-model_v4	AF-Q0VCW4-F1-model_v4 L-serine dehydratase/L-threonine deaminase	3.753E-18	1.000	588	91	398	399	11	314	327	319	0.772	0.930
LOKIASV2_1237_ESMFold_threonine_synthase	AF-P0AGF9-F1-model_v4	AF-P0AGF9-F1-model_v4 L-threonine dehydratase catabolic TdcB	4.437E-18	1.000	588	80	397	399	18	320	329	326	0.797	0.921
LOKIASV2_1237_ESMFold_threonine_synthase	AF-Q8TKU7-F1-model_v4	AF-Q8TKU7-F1-model_v4 Cysteate synthase	9.835E-19	1.000	588	16	398	399	5	390	416	417	0.960	0.928
LOKIASV2_1237_ESMFold_threonine_synthase	AF-P0AGF8-F1-model_v4	AF-P0AGF8-F1-model_v4 L-threonine dehydratase catabolic TdcB	4.961E-18	1.000	587	80	397	399	18	320	329	326	0.797	0.921
LOKIASV2_1237_ESMFold_threonine_synthase	AF-P0AGF6-F1-model_v4	AF-P0AGF6-F1-model_v4 L-threonine dehydratase catabolic TdcB	3.549E-18	1.000	586	80	397	399	18	320	329	326	0.797	0.921
LOKIASV2_1237_ESMFold_threonine_synthase	AF-Q9AXU4-F1-model_v4	AF-Q9AXU4-F1-model_v4 Threonine dehydratase	3.497E-17	1.000	584	91	398	399	120	413	601	314	0.772	0.489
LOKIASV2_1237_ESMFold_threonine_synthase	AF-P0AGF7-F1-model_v4	AF-P0AGF7-F1-model_v4 L-threonine dehydratase catabolic TdcB	2.839E-18	1.000	583	80	397	399	18	320	329	327	0.797	0.921
LOKIASV2_1237_ESMFold_threonine_synthase	AF-Q2FH01-F1-model_v4	AF-Q2FH01-F1-model_v4 L-threonine dehydratase catabolic TdcB	2.402E-18	1.000	583	47	399	399	5	332	346	364	0.885	0.948
LOKIASV2_1237_ESMFold_threonine_synthase	AF-P53607-F1-model_v4	AF-P53607-F1-model_v4 L-threonine dehydratase biosynthetic IlvA	6.110E-17	1.000	583	91	398	399	22	319	507	314	0.772	0.588
LOKIASV2_1237_ESMFold_threonine_synthase	AF-A7IA69-F1-model_v4	AF-A7IA69-F1-model_v4 Cysteate synthase	9.691E-18	1.000	580	16	398	399	6	389	424	412	0.960	0.906
LOKIASV2_1237_ESMFold_threonine_synthase	AF-P66898-F1-model_v4	AF-P66898-F1-model_v4 L-threonine dehydratase biosynthetic IlvA	3.910E-17	1.000	580	91	398	399	36	332	429	316	0.772	0.692
LOKIASV2_1237_ESMFold_threonine_synthase	AF-P9WG94-F1-model_v4	AF-P9WG94-F1-model_v4 L-threonine dehydratase biosynthetic IlvA	4.372E-17	1.000	578	91	398	399	36	332	429	316	0.772	0.692
LOKIASV2_1237_ESMFold_threonine_synthase	AF-P9WG95-F1-model_v4	AF-P9WG95-F1-model_v4 L-threonine dehydratase biosynthetic IlvA	3.910E-17	1.000	577	91	398	399	36	332	429	316	0.772	0.692
LOKIASV2_1237_ESMFold_threonine_synthase	AF-Q99U50-F1-model_v4	AF-Q99U50-F1-model_v4 L-threonine dehydratase catabolic TdcB	4.437E-18	1.000	573	47	398	399	5	328	346	362	0.882	0.936
LOKIASV2_1237_ESMFold_threonine_synthase	AF-Q49Z16-F1-model_v4	AF-Q49Z16-F1-model_v4 L-threonine dehydratase biosynthetic IlvA	1.411E-16	1.000	570	91	398	399	26	325	422	317	0.772	0.711
LOKIASV2_1237_ESMFold_threonine_synthase	AF-Q2YUE8-F1-model_v4	AF-Q2YUE8-F1-model_v4 L-threonine dehydratase biosynthetic IlvA	1.668E-16	1.000	569	91	398	399	26	325	422	316	0.772	0.711
LOKIASV2_1237_ESMFold_threonine_synthase	AF-Q0W896-F1-model_v4	AF-Q0W896-F1-model_v4 Cysteate synthase	6.934E-18	1.000	568	16	398	399	5	388	417	412	0.960	0.921
LOKIASV2_1237_ESMFold_threonine_synthase	AF-P20506-F1-model_v4	AF-P20506-F1-model_v4 L-Threonine dehydratase biosynthetic IlvA	1.817E-18	1.000	568	31	398	399	1	325	514	373	0.922	0.632
LOKIASV2_1237_ESMFold_threonine_synthase	AF-Q8CNK9-F1-model_v4	AF-Q8CNK9-F1-model_v4 L-threonine dehydratase biosynthetic IlvA	1.972E-16	1.000	566	91	398	399	26	325	422	317	0.772	0.711
LOKIASV2_1237_ESMFold_threonine_synthase	AF-Q3V7T4-F1-model_v4	AF-Q3V7T4-F1-model_v4 L-threonine dehydratase biosynthetic IlvA	2.466E-16	1.000	566	91	398	399	26	325	422	316	0.772	0.711
LOKIASV2_1237_ESMFold_threonine_synthase	AF-O42615-F1-model_v4	AF-O42615-F1-model_v4 Threonine dehydratase, mitochondrial	1.229E-18	1.000	566	27	398	399	25	354	550	381	0.932	0.600
LOKIASV2_1237_ESMFold_threonine_synthase	AF-A2XWA9-F1-model_v4	AF-A2XWA9-F1-model_v4 Serine racemase	8.668E-18	1.000	561	91	398	399	38	333	339	317	0.772	0.873
LOKIASV2_1237_ESMFold_threonine_synthase	AF-Q9CKJ2-F1-model_v4	AF-Q9CKJ2-F1-model_v4 L-threonine dehydratase biosynthetic IlvA	5.246E-18	1.000	560	31	398	399	1	324	513	372	0.922	0.632
LOKIASV2_1237_ESMFold_threonine_synthase	AF-Q8NVI8-F1-model_v4	AF-Q8NVI8-F1-model_v4 L-threonine dehydratase biosynthetic IlvA	4.074E-16	1.000	559	91	398	399	26	325	422	316	0.772	0.711
LOKIASV2_1237_ESMFold_threonine_synthase	AF-P46493-F1-model_v4	AF-P46493-F1-model_v4 L-threonine dehydratase biosynthetic IlvA	1.764E-16	1.000	557	91	398	399	33	326	513	312	0.772	0.573
LOKIASV2_1237_ESMFold_threonine_synthase	AF-A0FKE6-F1-model_v4	AF-A0FKE6-F1-model_v4 Threonine dehydratase 1 biosynthetic, chloroplastic	1.084E-17	1.000	557	50	398	399	104	418	606	355	0.875	0.520
LOKIASV2_1237_ESMFold_threonine_synthase	AF-Q2FWJ9-F1-model_v4	AF-Q2FWJ9-F1-model_v4 L-threonine dehydratase biosynthetic IlvA	4.308E-16	1.000	554	91	398	399	26	325	422	317	0.772	0.711
LOKIASV2_1237_ESMFold_threonine_synthase	AF-Q96GA7-F1-model_v4	AF-Q96GA7-F1-model_v4 Serine dehydratase-like	6.461E-17	1.000	552	91	397	399	18	322	329	321	0.769	0.927
LOKIASV2_1237_ESMFold_threonine_synthase	AF-Q9KC63-F1-model_v4	AF-Q9KC63-F1-model_v4 L-threonine dehydratase biosynthetic IlvA	2.757E-16	1.000	552	91	398	399	23	318	415	316	0.772	0.713
LOKIASV2_1237_ESMFold_threonine_synthase	AF-Q5HMF5-F1-model_v4	AF-Q5HMF5-F1-model_v4 L-threonine dehydratase biosynthetic IlvA	4.816E-16	1.000	549	91	398	399	26	325	422	317	0.772	0.711
LOKIASV2_1237_ESMFold_threonine_synthase	AF-Q04513-F1-model_v4	AF-Q04513-F1-model_v4 L-threonine dehydratase biosynthetic IlvA	2.086E-16	1.000	546	91	398	399	40	342	436	319	0.772	0.695
LOKIASV2_1237_ESMFold_threonine_synthase	AF-P25306-F1-model_v4	AF-P25306-F1-model_v4 Threonine dehydratase 2 biosynthetic, chloroplastic	3.002E-18	1.000	546	31	398	399	66	406	595	381	0.922	0.573
LOKIASV2_1237_ESMFold_threonine_synthase	AF-Q7XSN8-F1-model_v4	AF-Q7XSN8-F1-model_v4 Serine racemase	2.366E-17	1.000	545	91	398	399	38	333	339	319	0.772	0.873
LOKIASV2_1237_ESMFold_threonine_synthase	AF-P55664-F1-model_v4	AF-P55664-F1-model_v4 Putative threonine dehydratase	7.638E-17	1.000	544	91	398	399	26	319	332	314	0.772	0.886
LOKIASV2_1237_ESMFold_threonine_synthase	AF-P0A1E4-F1-model_v4	AF-P0A1E4-F1-model_v4 Cysteine synthase A	5.694E-16	1.000	542	89	393	399	13	305	323	315	0.764	0.907
LOKIASV2_1237_ESMFold_threonine_synthase	AF-Q7A4H2-F1-model_v4	AF-Q7A4H2-F1-model_v4 L-threonine dehydratase biosynthetic IlvA	1.176E-15	1.000	542	91	398	399	26	325	422	316	0.772	0.711
LOKIASV2_1237_ESMFold_threonine_synthase	AF-Q2FF63-F1-model_v4	AF-Q2FF63-F1-model_v4 L-threonine dehydratase biosynthetic IlvA	5.385E-16	1.000	540	91	398	399	26	325	422	320	0.772	0.711
LOKIASV2_1237_ESMFold_threonine_synthase	AF-Q99SJ1-F1-model_v4	AF-Q99SJ1-F1-model_v4 L-threonine dehydratase biosynthetic IlvA	1.176E-15	1.000	540	91	398	399	26	325	422	317	0.772	0.711
LOKIASV2_1237_ESMFold_threonine_synthase	AF-O94634-F1-model_v4	AF-O94634-F1-model_v4 Threonine dehydratase, mitochondrial	4.692E-18	1.000	540	30	397	399	65	410	600	387	0.922	0.577
LOKIASV2_1237_ESMFold_threonine_synthase	AF-Q3V7T5-F1-model_v4	AF-Q3V7T5-F1-model_v4 L-threonine dehydratase biosynthetic IlvA	1.390E-15	1.000	539	91	398	399	26	325	422	317	0.772	0.711
LOKIASV2_1237_ESMFold_threonine_synthase	AF-Q5HEE0-F1-model_v4	AF-Q5HEE0-F1-model_v4 L-threonine dehydratase biosynthetic IlvA	1.390E-15	1.000	539	91	398	399	26	325	422	317	0.772	0.711
LOKIASV2_1237_ESMFold_threonine_synthase	AF-P09367-F1-model_v4	AF-P09367-F1-model_v4 L-serine dehydratase/L-threonine deaminase	1.281E-17	1.000	538	91	398	399	11	350	363	354	0.772	0.937
LOKIASV2_1237_ESMFold_threonine_synthase	AF-P04968-F1-model_v4	AF-P04968-F1-model_v4 L-threonine dehydratase biosynthetic IlvA	2.366E-17	1.000	538	31	398	399	1	325	514	372	0.922	0.632
LOKIASV2_1237_ESMFold_threonine_synthase	AF-Q9ZSS6-F1-model_v4	AF-Q9ZSS6-F1-model_v4 Threonine dehydratase biosynthetic, chloroplastic	9.835E-19	1.000	538	1	398	399	48	405	592	405	0.997	0.605
LOKIASV2_1237_ESMFold_threonine_synthase	AF-C8ZAU6-F1-model_v4	AF-C8ZAU6-F1-model_v4 L-serine dehydratase	4.888E-17	1.000	534	108	398	399	25	329	338	317	0.729	0.902
LOKIASV2_1237_ESMFold_threonine_synthase	AF-B3LU13-F1-model_v4	AF-B3LU13-F1-model_v4 L-serine dehydratase	4.888E-17	1.000	533	108	398	399	25	329	338	317	0.729	0.902
LOKIASV2_1237_ESMFold_threonine_synthase	AF-P00927-F1-model_v4	AF-P00927-F1-model_v4 Threonine dehydratase, mitochondrial	1.354E-17	1.000	533	48	398	399	44	379	576	375	0.880	0.583
LOKIASV2_1237_ESMFold_threonine_synthase	AF-P0A1E3-F1-model_v4	AF-P0A1E3-F1-model_v4 Cysteine synthase A	1.112E-15	1.000	529	89	393	399	13	305	323	315	0.764	0.907
LOKIASV2_1237_ESMFold_threonine_synthase	AF-P0ABK6-F1-model_v4	AF-P0ABK6-F1-model_v4 Cysteine synthase A	1.390E-15	1.000	528	89	392	399	13	304	323	314	0.762	0.904
LOKIASV2_1237_ESMFold_threonine_synthase	AF-A6ZVB1-F1-model_v4	AF-A6ZVB1-F1-model_v4 L-serine dehydratase	6.832E-17	1.000	528	108	398	399	25	329	338	317	0.729	0.902
LOKIASV2_1237_ESMFold_threonine_synthase	AF-Q4L7U4-F1-model_v4	AF-Q4L7U4-F1-model_v4 L-threonine dehydratase biosynthetic IlvA	2.173E-15	1.000	526	91	398	399	26	325	422	319	0.772	0.711
LOKIASV2_1237_ESMFold_threonine_synthase	AF-P57171-F1-model_v4	AF-P57171-F1-model_v4 Cysteine synthase	2.429E-15	1.000	518	89	392	399	13	304	315	314	0.762	0.927
LOKIASV2_1237_ESMFold_threonine_synthase	AF-P40817-F1-model_v4	AF-P40817-F1-model_v4 Diaminopropionate ammonia-lyase	3.128E-17	1.000	518	82	398	399	36	394	404	370	0.794	0.889
LOKIASV2_1237_ESMFold_threonine_synthase	AF-Q39469-F1-model_v4	AF-Q39469-F1-model_v4 Threonine dehydratase biosynthetic, chloroplastic	5.093E-16	1.000	518	91	398	399	109	402	590	314	0.772	0.498
LOKIASV2_1237_ESMFold_threonine_synthase	AF-P0ABK5-F1-model_v4	AF-P0ABK5-F1-model_v4 Cysteine synthase A	3.395E-15	1.000	517	89	392	399	13	304	323	314	0.762	0.904
LOKIASV2_1237_ESMFold_threonine_synthase	AF-Q86B06-F1-model_v4	AF-Q86B06-F1-model_v4 L-serine dehydratase	3.082E-16	1.000	515	91	397	399	29	341	350	326	0.769	0.894
LOKIASV2_1237_ESMFold_threonine_synthase	AF-B5VKE8-F1-model_v4	AF-B5VKE8-F1-model_v4 L-serine dehydratase	1.668E-16	1.000	514	108	398	399	25	329	338	317	0.729	0.902
LOKIASV2_1237_ESMFold_threonine_synthase	AF-P37946-F1-model_v4	AF-P37946-F1-model_v4 L-threonine dehydratase biosynthetic IlvA	5.018E-15	1.000	514	91	398	399	30	325	422	317	0.772	0.701
LOKIASV2_1237_ESMFold_threonine_synthase	AF-Q8KA48-F1-model_v4	AF-Q8KA48-F1-model_v4 Cysteine synthase	1.176E-15	1.000	511	89	399	399	13	313	322	325	0.779	0.935
LOKIASV2_1237_ESMFold_threonine_synthase	AF-P0CF23-F1-model_v4	AF-P0CF23-F1-model_v4 L-serine dehydratase	1.668E-16	1.000	509	102	398	399	17	329	338	325	0.744	0.926
LOKIASV2_1237_ESMFold_threonine_synthase	AF-V5Y0V0-F1-model_v4	AF-V5Y0V0-F1-model_v4 Threonine dehydratase-like protein AKTS1-1	1.555E-15	1.000	508	91	398	399	81	378	409	314	0.772	0.729
LOKIASV2_1237_ESMFold_threonine_synthase	AF-Q59966-F1-model_v4	AF-Q59966-F1-model_v4 Cysteine synthase	3.590E-15	1.000	507	89	392	399	16	309	329	314	0.762	0.894
LOKIASV2_1237_ESMFold_threonine_synthase	AF-Q8CMT6-F1-model_v4	AF-Q8CMT6-F1-model_v4 Cysteine synthase	1.470E-15	1.000	505	62	399	399	3	307	310	352	0.847	0.984
LOKIASV2_1237_ESMFold_threonine_synthase	AF-Q5HIG2-F1-model_v4	AF-Q5HIG2-F1-model_v4 Cysteine synthase	1.244E-15	1.000	505	62	399	399	3	307	310	352	0.847	0.984
LOKIASV2_1237_ESMFold_threonine_synthase	AF-Q5HRP1-F1-model_v4	AF-Q5HRP1-F1-model_v4 Cysteine synthase	1.555E-15	1.000	505	62	399	399	3	307	310	352	0.847	0.984
LOKIASV2_1237_ESMFold_threonine_synthase	AF-P63872-F1-model_v4	AF-P63872-F1-model_v4 Cysteine synthase	8.898E-16	1.000	502	62	399	399	3	307	310	355	0.847	0.984
LOKIASV2_1237_ESMFold_threonine_synthase	AF-P63871-F1-model_v4	AF-P63871-F1-model_v4 Cysteine synthase	1.390E-15	1.000	500	88	399	399	13	307	310	329	0.782	0.952
LOKIASV2_1237_ESMFold_threonine_synthase	AF-Q5SJB9-F1-model_v4	AF-Q5SJB9-F1-model_v4 Tryptophan synthase beta chain	1.492E-16	1.000	499	47	397	399	48	410	418	391	0.880	0.868
LOKIASV2_1237_ESMFold_threonine_synthase	AF-Q6GBX5-F1-model_v4	AF-Q6GBX5-F1-model_v4 Cysteine synthase	1.555E-15	1.000	498	88	399	399	13	307	310	329	0.782	0.952
LOKIASV2_1237_ESMFold_threonine_synthase	AF-P63870-F1-model_v4	AF-P63870-F1-model_v4 Cysteine synthase	1.244E-15	1.000	498	62	399	399	3	307	310	355	0.847	0.984
LOKIASV2_1237_ESMFold_threonine_synthase	AF-P16609-F1-model_v4	AF-P16609-F1-model_v4 Tryptophan synthase beta chain	1.492E-16	1.000	494	47	397	399	34	396	404	393	0.880	0.899
LOKIASV2_1237_ESMFold_threonine_synthase	AF-P37887-F1-model_v4	AF-P37887-F1-model_v4 Cysteine synthase	2.429E-15	1.000	492	108	399	399	31	306	308	302	0.732	0.896
LOKIASV2_1237_ESMFold_threonine_synthase	AF-Q6GJF8-F1-model_v4	AF-Q6GJF8-F1-model_v4 Cysteine synthase	1.943E-15	1.000	492	62	399	399	3	307	310	355	0.847	0.984
LOKIASV2_1237_ESMFold_threonine_synthase	AF-P19868-F1-model_v4	AF-P19868-F1-model_v4 Tryptophan synthase beta chain	1.865E-16	1.000	490	48	397	399	34	387	404	387	0.877	0.876
LOKIASV2_1237_ESMFold_threonine_synthase	AF-B7GHQ9-F1-model_v4	AF-B7GHQ9-F1-model_v4 Tryptophan synthase beta chain	2.757E-16	1.000	483	48	397	399	27	387	398	388	0.877	0.907
LOKIASV2_1237_ESMFold_threonine_synthase	AF-P71128-F1-model_v4	AF-P71128-F1-model_v4 Cysteine synthase B	1.225E-14	1.000	480	89	399	399	12	299	299	327	0.779	0.963
LOKIASV2_1237_ESMFold_threonine_synthase	AF-Q8TX91-F1-model_v4	AF-Q8TX91-F1-model_v4 Tryptophan synthase beta chain	1.194E-16	1.000	478	48	397	399	27	389	398	392	0.877	0.912
LOKIASV2_1237_ESMFold_threonine_synthase	AF-Q7DDL5-F1-model_v4	AF-Q7DDL5-F1-model_v4 Cysteine synthase	1.620E-14	1.000	477	88	396	399	11	302	310	322	0.774	0.942
LOKIASV2_1237_ESMFold_threonine_synthase	AF-P11080-F1-model_v4	AF-P11080-F1-model_v4 Tryptophan synthase beta chain	2.757E-16	1.000	477	47	397	399	34	393	405	388	0.880	0.889
LOKIASV2_1237_ESMFold_threonine_synthase	AF-P25379-F1-model_v4	AF-P25379-F1-model_v4 Catabolic L-serine/threonine dehydratase	3.037E-15	1.000	476	108	398	399	23	327	360	314	0.729	0.847
LOKIASV2_1237_ESMFold_threonine_synthase	AF-Q72U05-F1-model_v4	AF-Q72U05-F1-model_v4 Tryptophan synthase beta chain	2.915E-16	1.000	476	48	397	399	29	388	397	393	0.877	0.907
LOKIASV2_1237_ESMFold_threonine_synthase	AF-A7Z616-F1-model_v4	AF-A7Z616-F1-model_v4 Tryptophan synthase beta chain	5.385E-16	1.000	476	48	397	399	30	388	400	392	0.877	0.897
LOKIASV2_1237_ESMFold_threonine_synthase	AF-B0KFW3-F1-model_v4	AF-B0KFW3-F1-model_v4 Tryptophan synthase beta chain	4.074E-16	1.000	476	48	397	399	32	393	405	387	0.877	0.894
LOKIASV2_1237_ESMFold_threonine_synthase	AF-P73410-F1-model_v4	AF-P73410-F1-model_v4 Cysteine synthase	2.025E-14	1.000	475	89	392	399	12	300	312	317	0.762	0.926
LOKIASV2_1237_ESMFold_threonine_synthase	AF-P45040-F1-model_v4	AF-P45040-F1-model_v4 Cysteine synthase	2.531E-14	1.000	475	89	399	399	12	312	316	330	0.779	0.953
LOKIASV2_1237_ESMFold_threonine_synthase	AF-Q8AAD2-F1-model_v4	AF-Q8AAD2-F1-model_v4 Tryptophan synthase beta chain	3.395E-15	1.000	475	90	398	399	59	388	394	347	0.774	0.838
LOKIASV2_1237_ESMFold_threonine_synthase	AF-O13831-F1-model_v4	AF-O13831-F1-model_v4 Tryptophan synthase	1.644E-15	1.000	475	90	397	399	349	679	697	348	0.772	0.475
LOKIASV2_1237_ESMFold_threonine_synthase	AF-P07600-F1-model_v4	AF-P07600-F1-model_v4 Tryptophan synthase beta chain	3.644E-16	1.000	474	48	398	399	30	389	400	393	0.880	0.900
LOKIASV2_1237_ESMFold_threonine_synthase	AF-Q8F149-F1-model_v4	AF-Q8F149-F1-model_v4 Tryptophan synthase beta chain	2.466E-16	1.000	473	48	397	399	29	388	397	393	0.877	0.907
LOKIASV2_1237_ESMFold_threonine_synthase	AF-Q60179-F1-model_v4	AF-Q60179-F1-model_v4 Tryptophan synthase beta chain	5.306E-15	1.000	473	90	397	399	67	395	404	345	0.772	0.814
LOKIASV2_1237_ESMFold_threonine_synthase	AF-B6JCP2-F1-model_v4	AF-B6JCP2-F1-model_v4 Tryptophan synthase beta chain	4.555E-16	1.000	473	47	398	399	37	397	405	393	0.882	0.891
LOKIASV2_1237_ESMFold_threonine_synthase	AF-O34476-F1-model_v4	AF-O34476-F1-model_v4 Probable cysteine synthase	1.449E-14	1.000	472	88	399	399	12	309	311	330	0.782	0.958
LOKIASV2_1237_ESMFold_threonine_synthase	AF-A5VWL3-F1-model_v4	AF-A5VWL3-F1-model_v4 Tryptophan synthase beta chain	4.555E-16	1.000	471	48	397	399	32	393	405	387	0.877	0.894
LOKIASV2_1237_ESMFold_threonine_synthase	AF-Q7UKG9-F1-model_v4	AF-Q7UKG9-F1-model_v4 Tryptophan synthase beta chain	3.259E-16	1.000	471	48	391	399	37	392	407	384	0.862	0.875
LOKIASV2_1237_ESMFold_threonine_synthase	AF-Q9RVT1-F1-model_v4	AF-Q9RVT1-F1-model_v4 Tryptophan synthase beta chain	4.555E-16	1.000	471	48	398	399	49	413	431	397	0.880	0.847
LOKIASV2_1237_ESMFold_threonine_synthase	AF-Q8U093-F1-model_v4	AF-Q8U093-F1-model_v4 Tryptophan synthase beta chain 1	3.446E-16	1.000	469	48	397	399	22	380	388	390	0.877	0.925
LOKIASV2_1237_ESMFold_threonine_synthase	AF-P9WP54-F1-model_v4	AF-P9WP54-F1-model_v4 O-acetylserine sulfhydrylase	4.944E-14	1.000	468	88	398	399	11	305	310	325	0.779	0.952
LOKIASV2_1237_ESMFold_threonine_synthase	AF-Q1IH20-F1-model_v4	AF-Q1IH20-F1-model_v4 Tryptophan synthase beta chain	5.385E-16	1.000	468	47	397	399	34	393	405	388	0.880	0.889
LOKIASV2_1237_ESMFold_threonine_synthase	AF-Q500R4-F1-model_v4	AF-Q500R4-F1-model_v4 Tryptophan synthase beta chain	7.526E-16	1.000	468	48	397	399	32	393	409	387	0.877	0.885
LOKIASV2_1237_ESMFold_threonine_synthase	AF-P0A535-F1-model_v4	AF-P0A535-F1-model_v4 O-acetylserine sulfhydrylase	2.394E-14	1.000	467	88	392	399	11	297	310	317	0.764	0.926
LOKIASV2_1237_ESMFold_threonine_synthase	AF-Q43317-F1-model_v4	AF-Q43317-F1-model_v4 Cysteine synthase	2.830E-14	1.000	467	89	392	399	17	303	325	315	0.762	0.883
LOKIASV2_1237_ESMFold_threonine_synthase	AF-P55708-F1-model_v4	AF-P55708-F1-model_v4 Putative cysteine synthase	1.036E-14	1.000	466	88	399	399	10	307	336	329	0.782	0.887
LOKIASV2_1237_ESMFold_threonine_synthase	AF-A6LU96-F1-model_v4	AF-A6LU96-F1-model_v4 Tryptophan synthase beta chain	4.308E-16	1.000	466	39	397	399	9	383	391	400	0.900	0.959
LOKIASV2_1237_ESMFold_threonine_synthase	AF-P66900-F1-model_v4	AF-P66900-F1-model_v4 Diaminopropionate ammonia-lyase	1.915E-14	1.000	466	81	397	399	34	385	398	362	0.794	0.884
LOKIASV2_1237_ESMFold_threonine_synthase	AF-P9WP55-F1-model_v4	AF-P9WP55-F1-model_v4 O-acetylserine sulfhydrylase	2.676E-14	1.000	465	88	392	399	11	297	310	317	0.764	0.926
LOKIASV2_1237_ESMFold_threonine_synthase	AF-O81155-F1-model_v4	AF-O81155-F1-model_v4 Cysteine synthase, chloroplastic/chromoplastic	7.307E-14	1.000	465	89	399	399	78	373	386	324	0.779	0.767
LOKIASV2_1237_ESMFold_threonine_synthase	AF-A4YJI6-F1-model_v4	AF-A4YJI6-F1-model_v4 Tryptophan synthase beta chain	8.898E-16	1.000	465	47	398	399	37	397	407	393	0.882	0.887
LOKIASV2_1237_ESMFold_threonine_synthase	AF-Q43725-F1-model_v4	AF-Q43725-F1-model_v4 Cysteine synthase, mitochondrial	5.528E-14	1.000	465	91	399	399	124	417	430	324	0.774	0.684
LOKIASV2_1237_ESMFold_threonine_synthase	AF-Q88WI0-F1-model_v4	AF-Q88WI0-F1-model_v4 Tryptophan synthase beta chain	4.555E-16	1.000	464	47	397	399	26	388	399	392	0.880	0.910
LOKIASV2_1237_ESMFold_threonine_synthase	AF-P38076-F1-model_v4	AF-P38076-F1-model_v4 Cysteine synthase	2.992E-14	1.000	463	89	396	399	18	308	325	320	0.772	0.895
LOKIASV2_1237_ESMFold_threonine_synthase	AF-Q93244-F1-model_v4	AF-Q93244-F1-model_v4 Cysteine synthase 1	8.639E-14	1.000	463	89	399	399	16	311	341	324	0.779	0.868
LOKIASV2_1237_ESMFold_threonine_synthase	AF-C3LAV8-F1-model_v4	AF-C3LAV8-F1-model_v4 Tryptophan synthase beta chain	1.555E-15	1.000	463	47	398	399	30	391	397	391	0.882	0.912
LOKIASV2_1237_ESMFold_threonine_synthase	AF-Q00834-F1-model_v4	AF-Q00834-F1-model_v4 Cysteine synthase	9.134E-14	1.000	462	89	399	399	17	312	325	324	0.779	0.911
LOKIASV2_1237_ESMFold_threonine_synthase	AF-Q9YGB0-F1-model_v4	AF-Q9YGB0-F1-model_v4 Tryptophan synthase beta chain 1	8.415E-16	1.000	461	48	397	399	25	382	389	388	0.877	0.920
LOKIASV2_1237_ESMFold_threonine_synthase	AF-Q81GG5-F1-model_v4	AF-Q81GG5-F1-model_v4 Tryptophan synthase beta chain	2.055E-15	1.000	461	48	398	399	31	391	397	390	0.880	0.909
LOKIASV2_1237_ESMFold_threonine_synthase	AF-B7HH01-F1-model_v4	AF-B7HH01-F1-model_v4 Tryptophan synthase beta chain	2.055E-15	1.000	461	48	398	399	31	391	397	390	0.880	0.909
LOKIASV2_1237_ESMFold_threonine_synthase	AF-A5E8A4-F1-model_v4	AF-A5E8A4-F1-model_v4 Tryptophan synthase beta chain	1.390E-15	1.000	461	47	398	399	37	397	407	395	0.882	0.887
LOKIASV2_1237_ESMFold_threonine_synthase	AF-Q88B61-F1-model_v4	AF-Q88B61-F1-model_v4 Tryptophan synthase beta chain	1.052E-15	1.000	461	48	397	399	32	393	409	387	0.877	0.885
LOKIASV2_1237_ESMFold_threonine_synthase	AF-Q9CC54-F1-model_v4	AF-Q9CC54-F1-model_v4 Tryptophan synthase beta chain	1.052E-15	1.000	461	28	396	399	12	405	417	422	0.925	0.945
LOKIASV2_1237_ESMFold_threonine_synthase	AF-A0RB64-F1-model_v4	AF-A0RB64-F1-model_v4 Tryptophan synthase beta chain	2.173E-15	1.000	460	47	398	399	30	391	397	391	0.882	0.912
LOKIASV2_1237_ESMFold_threonine_synthase	AF-O32978-F1-model_v4	AF-O32978-F1-model_v4 O-acetylserine sulfhydrylase	2.992E-14	1.000	459	88	392	399	11	297	310	317	0.764	0.926
LOKIASV2_1237_ESMFold_threonine_synthase	AF-D2Z027-F1-model_v4	AF-D2Z027-F1-model_v4 O-ureido-L-serine synthase	4.182E-14	1.000	459	89	396	399	12	299	324	317	0.772	0.889
LOKIASV2_1237_ESMFold_threonine_synthase	AF-P50867-F1-model_v4	AF-P50867-F1-model_v4 Cysteine synthase 1	2.676E-14	1.000	459	88	399	399	40	346	370	328	0.782	0.830
LOKIASV2_1237_ESMFold_threonine_synthase	AF-B1J4B1-F1-model_v4	AF-B1J4B1-F1-model_v4 Tryptophan synthase beta chain	1.052E-15	1.000	459	48	397	399	32	393	405	387	0.877	0.894
LOKIASV2_1237_ESMFold_threonine_synthase	AF-Q126M1-F1-model_v4	AF-Q126M1-F1-model_v4 Tryptophan synthase beta chain	5.694E-16	1.000	459	31	398	399	3	396	447	425	0.922	0.881
LOKIASV2_1237_ESMFold_threonine_synthase	AF-Q9XEA8-F1-model_v4	AF-Q9XEA8-F1-model_v4 Cysteine synthase	5.845E-14	1.000	458	89	399	399	17	312	325	324	0.779	0.911
LOKIASV2_1237_ESMFold_threonine_synthase	AF-Q73BQ7-F1-model_v4	AF-Q73BQ7-F1-model_v4 Tryptophan synthase beta chain	2.298E-15	1.000	458	47	398	399	30	391	397	391	0.882	0.912
LOKIASV2_1237_ESMFold_threonine_synthase	AF-B1YLS4-F1-model_v4	AF-B1YLS4-F1-model_v4 Tryptophan synthase beta chain	1.052E-15	1.000	458	48	397	399	32	390	399	390	0.877	0.900
LOKIASV2_1237_ESMFold_threonine_synthase	AF-C1KVS5-F1-model_v4	AF-C1KVS5-F1-model_v4 Tryptophan synthase beta chain	7.958E-16	1.000	458	48	398	399	31	391	400	390	0.880	0.902
LOKIASV2_1237_ESMFold_threonine_synthase	AF-Q1H0M1-F1-model_v4	AF-Q1H0M1-F1-model_v4 Tryptophan synthase beta chain	2.055E-15	1.000	458	30	396	399	2	390	400	415	0.920	0.973
LOKIASV2_1237_ESMFold_threonine_synthase	AF-Q88RP6-F1-model_v4	AF-Q88RP6-F1-model_v4 Tryptophan synthase beta chain	1.390E-15	1.000	458	48	397	399	32	393	405	387	0.877	0.894
LOKIASV2_1237_ESMFold_threonine_synthase	AF-Q1ISI9-F1-model_v4	AF-Q1ISI9-F1-model_v4 Tryptophan synthase beta chain	4.816E-16	1.000	458	48	397	399	43	401	408	391	0.877	0.880
LOKIASV2_1237_ESMFold_threonine_synthase	AF-B4SQU8-F1-model_v4	AF-B4SQU8-F1-model_v4 Tryptophan synthase beta chain	9.409E-16	1.000	457	48	397	399	35	397	405	396	0.877	0.896
LOKIASV2_1237_ESMFold_threonine_synthase	AF-Q44687-F1-model_v4	AF-Q44687-F1-model_v4 Tryptophan synthase beta chain	1.532E-14	1.000	456	90	397	399	55	385	392	345	0.772	0.844
LOKIASV2_1237_ESMFold_threonine_synthase	AF-P12290-F1-model_v4	AF-P12290-F1-model_v4 Tryptophan synthase beta chain	1.390E-15	1.000	456	47	397	399	38	397	406	388	0.880	0.887
LOKIASV2_1237_ESMFold_threonine_synthase	AF-P00931-F1-model_v4	AF-P00931-F1-model_v4 Tryptophan synthase	4.746E-15	1.000	456	90	397	399	352	683	707	351	0.772	0.470
LOKIASV2_1237_ESMFold_threonine_synthase	AF-B9IU38-F1-model_v4	AF-B9IU38-F1-model_v4 Tryptophan synthase beta chain	3.211E-15	1.000	455	47	398	399	30	391	397	391	0.882	0.912
LOKIASV2_1237_ESMFold_threonine_synthase	AF-A4IQ82-F1-model_v4	AF-A4IQ82-F1-model_v4 Tryptophan synthase beta chain	2.569E-15	1.000	455	48	397	399	34	387	404	387	0.877	0.876
LOKIASV2_1237_ESMFold_threonine_synthase	AF-Q5WGL6-F1-model_v4	AF-Q5WGL6-F1-model_v4 Probable D-serine dehydratase	8.292E-15	1.000	455	91	397	399	81	425	440	356	0.769	0.784
LOKIASV2_1237_ESMFold_threonine_synthase	AF-A6L9K4-F1-model_v4	AF-A6L9K4-F1-model_v4 Tryptophan synthase beta chain	9.948E-16	1.000	454	30	398	399	1	388	394	417	0.925	0.985
LOKIASV2_1237_ESMFold_threonine_synthase	AF-Q81TL8-F1-model_v4	AF-Q81TL8-F1-model_v4 Tryptophan synthase beta chain	3.796E-15	1.000	454	48	398	399	31	391	397	390	0.880	0.909
LOKIASV2_1237_ESMFold_threonine_synthase	AF-B7IM76-F1-model_v4	AF-B7IM76-F1-model_v4 Tryptophan synthase beta chain	3.796E-15	1.000	454	48	398	399	31	391	397	390	0.880	0.909
LOKIASV2_1237_ESMFold_threonine_synthase	AF-Q03JC1-F1-model_v4	AF-Q03JC1-F1-model_v4 Tryptophan synthase beta chain	7.526E-16	1.000	454	48	398	399	31	392	402	399	0.880	0.900
LOKIASV2_1237_ESMFold_threonine_synthase	AF-Q89WE5-F1-model_v4	AF-Q89WE5-F1-model_v4 Tryptophan synthase beta chain	3.211E-15	1.000	454	47	398	399	37	397	405	394	0.882	0.891
LOKIASV2_1237_ESMFold_threonine_synthase	AF-B0CJK8-F1-model_v4	AF-B0CJK8-F1-model_v4 Tryptophan synthase beta chain	1.555E-15	1.000	454	48	397	399	39	397	406	393	0.877	0.884
LOKIASV2_1237_ESMFold_threonine_synthase	AF-A9VJW2-F1-model_v4	AF-A9VJW2-F1-model_v4 Tryptophan synthase beta chain	4.014E-15	1.000	453	48	398	399	31	391	397	390	0.880	0.909
LOKIASV2_1237_ESMFold_threonine_synthase	AF-Q63EC7-F1-model_v4	AF-Q63EC7-F1-model_v4 Tryptophan synthase beta chain	3.796E-15	1.000	453	47	398	399	30	391	397	391	0.882	0.912
LOKIASV2_1237_ESMFold_threonine_synthase	AF-Q5WGS1-F1-model_v4	AF-Q5WGS1-F1-model_v4 Tryptophan synthase beta chain	1.470E-15	1.000	453	48	399	399	31	394	399	394	0.882	0.912
LOKIASV2_1237_ESMFold_threonine_synthase	AF-Q5ZVY4-F1-model_v4	AF-Q5ZVY4-F1-model_v4 Tryptophan synthase beta chain	2.141E-14	1.000	453	91	397	399	61	390	399	348	0.769	0.827
LOKIASV2_1237_ESMFold_threonine_synthase	AF-Q6G9I7-F1-model_v4	AF-Q6G9I7-F1-model_v4 Tryptophan synthase beta chain	2.569E-15	1.000	453	30	396	399	4	390	404	416	0.920	0.958
LOKIASV2_1237_ESMFold_threonine_synthase	AF-Q849P2-F1-model_v4	AF-Q849P2-F1-model_v4 Tryptophan synthase beta chain	2.716E-15	1.000	453	48	397	399	32	393	409	387	0.877	0.885
LOKIASV2_1237_ESMFold_threonine_synthase	AF-Q6HLU4-F1-model_v4	AF-Q6HLU4-F1-model_v4 Tryptophan synthase beta chain	4.014E-15	1.000	452	47	398	399	30	391	397	391	0.882	0.912
LOKIASV2_1237_ESMFold_threonine_synthase	AF-A1VRR7-F1-model_v4	AF-A1VRR7-F1-model_v4 Tryptophan synthase beta chain	1.176E-15	1.000	452	32	397	399	4	392	434	419	0.917	0.896
LOKIASV2_1237_ESMFold_threonine_synthase	AF-Q2G8S7-F1-model_v4	AF-Q2G8S7-F1-model_v4 Tryptophan synthase beta chain	2.205E-16	1.000	451	28	397	399	9	395	404	422	0.927	0.958
LOKIASV2_1237_ESMFold_threonine_synthase	AF-Q9S6Z7-F1-model_v4	AF-Q9S6Z7-F1-model_v4 Bifunctional L-3-cyanoalanine synthase/cysteine synthase D1	6.535E-14	1.000	450	89	399	399	17	312	324	326	0.779	0.914
LOKIASV2_1237_ESMFold_threonine_synthase	AF-B7I0F2-F1-model_v4	AF-B7I0F2-F1-model_v4 Tryptophan synthase beta chain	3.395E-15	1.000	450	47	398	399	30	391	397	391	0.882	0.912
LOKIASV2_1237_ESMFold_threonine_synthase	AF-O28672-F1-model_v4	AF-O28672-F1-model_v4 Tryptophan synthase beta chain 1	2.569E-15	1.000	450	48	397	399	35	391	397	387	0.877	0.899
LOKIASV2_1237_ESMFold_threonine_synthase	AF-Q9KCB0-F1-model_v4	AF-Q9KCB0-F1-model_v4 Tryptophan synthase beta chain	3.590E-15	1.000	450	48	399	399	31	391	399	393	0.882	0.905
LOKIASV2_1237_ESMFold_threonine_synthase	AF-Q48QG6-F1-model_v4	AF-Q48QG6-F1-model_v4 Tryptophan synthase beta chain	4.488E-15	1.000	450	48	397	399	32	393	409	387	0.877	0.885
LOKIASV2_1237_ESMFold_threonine_synthase	AF-Q64SX9-F1-model_v4	AF-Q64SX9-F1-model_v4 Tryptophan synthase beta chain	1.390E-15	1.000	449	30	399	399	7	390	390	413	0.927	0.985
LOKIASV2_1237_ESMFold_threonine_synthase	AF-C1ELF0-F1-model_v4	AF-C1ELF0-F1-model_v4 Tryptophan synthase beta chain	5.932E-15	1.000	449	48	398	399	31	391	397	390	0.880	0.909
LOKIASV2_1237_ESMFold_threonine_synthase	AF-Q57AF0-F1-model_v4	AF-Q57AF0-F1-model_v4 Tryptophan synthase beta chain	1.244E-15	1.000	449	48	397	399	39	398	406	395	0.877	0.887
LOKIASV2_1237_ESMFold_threonine_synthase	AF-P34817-F1-model_v4	AF-P34817-F1-model_v4 Tryptophan synthase beta chain	2.872E-15	1.000	449	47	397	399	36	395	408	388	0.880	0.882
LOKIASV2_1237_ESMFold_threonine_synthase	AF-Q9SXS7-F1-model_v4	AF-Q9SXS7-F1-model_v4 Bifunctional L-3-cyanoalanine synthase/cysteine synthase D2	1.688E-13	1.000	448	89	399	399	16	311	323	325	0.779	0.916
LOKIASV2_1237_ESMFold_threonine_synthase	AF-Q7RYW6-F1-model_v4	AF-Q7RYW6-F1-model_v4 Cysteine synthase 1	3.164E-14	1.000	448	79	399	399	33	352	376	341	0.805	0.851
LOKIASV2_1237_ESMFold_threonine_synthase	AF-Q2Y7R4-F1-model_v4	AF-Q2Y7R4-F1-model_v4 Tryptophan synthase beta chain	1.244E-15	1.000	448	30	397	399	2	389	398	413	0.922	0.975
LOKIASV2_1237_ESMFold_threonine_synthase	AF-Q6AF67-F1-model_v4	AF-Q6AF67-F1-model_v4 Tryptophan synthase beta chain	1.244E-15	1.000	448	48	391	399	30	382	403	388	0.862	0.876
LOKIASV2_1237_ESMFold_threonine_synthase	AF-P16706-F1-model_v4	AF-P16706-F1-model_v4 Tryptophan synthase beta chain	2.429E-15	1.000	448	48	391	399	30	385	403	383	0.862	0.883
LOKIASV2_1237_ESMFold_threonine_synthase	AF-Q31YA5-F1-model_v4	AF-Q31YA5-F1-model_v4 D-serine dehydratase	2.173E-15	1.000	448	91	397	399	45	400	408	367	0.769	0.873
LOKIASV2_1237_ESMFold_threonine_synthase	AF-Q9V1G8-F1-model_v4	AF-Q9V1G8-F1-model_v4 Tryptophan synthase beta chain 1	2.173E-15	1.000	447	48	397	399	22	380	388	389	0.877	0.925
LOKIASV2_1237_ESMFold_threonine_synthase	AF-Q5WX32-F1-model_v4	AF-Q5WX32-F1-model_v4 Tryptophan synthase beta chain	2.264E-14	1.000	447	91	391	399	61	384	399	342	0.754	0.812
LOKIASV2_1237_ESMFold_threonine_synthase	AF-P07345-F1-model_v4	AF-P07345-F1-model_v4 Tryptophan synthase beta chain	4.245E-15	1.000	447	47	398	399	32	393	402	390	0.882	0.900
LOKIASV2_1237_ESMFold_threonine_synthase	AF-B3Q605-F1-model_v4	AF-B3Q605-F1-model_v4 Tryptophan synthase beta chain	6.273E-15	1.000	447	47	397	399	37	395	404	387	0.880	0.889
LOKIASV2_1237_ESMFold_threonine_synthase	AF-B7I8P7-F1-model_v4	AF-B7I8P7-F1-model_v4 Probable D-serine dehydratase	6.732E-16	1.000	447	45	396	399	32	432	444	423	0.882	0.903
LOKIASV2_1237_ESMFold_threonine_synthase	AF-Q8XXY0-F1-model_v4	AF-Q8XXY0-F1-model_v4 Tryptophan synthase beta chain	4.816E-16	1.000	446	30	391	399	12	388	403	402	0.907	0.935
LOKIASV2_1237_ESMFold_threonine_synthase	AF-A5FY57-F1-model_v4	AF-A5FY57-F1-model_v4 Tryptophan synthase beta chain	4.014E-15	1.000	446	47	397	399	37	395	404	395	0.880	0.889
LOKIASV2_1237_ESMFold_threonine_synthase	AF-B8I9V8-F1-model_v4	AF-B8I9V8-F1-model_v4 Tryptophan synthase beta chain	1.738E-15	1.000	446	33	397	399	11	398	406	421	0.915	0.956
LOKIASV2_1237_ESMFold_threonine_synthase	AF-A0PYH3-F1-model_v4	AF-A0PYH3-F1-model_v4 Tryptophan synthase beta chain	3.590E-15	1.000	445	31	397	399	1	382	389	410	0.920	0.982
LOKIASV2_1237_ESMFold_threonine_synthase	AF-Q59169-F1-model_v4	AF-Q59169-F1-model_v4 Tryptophan synthase beta chain	2.141E-14	1.000	445	90	397	399	55	385	392	347	0.772	0.844
LOKIASV2_1237_ESMFold_threonine_synthase	AF-P47999-F1-model_v4	AF-P47999-F1-model_v4 Cysteine synthase, chloroplastic/chromoplastic	2.110E-13	1.000	445	89	399	399	84	379	392	326	0.779	0.755
LOKIASV2_1237_ESMFold_threonine_synthase	AF-C3P3U0-F1-model_v4	AF-C3P3U0-F1-model_v4 Tryptophan synthase beta chain	7.416E-15	1.000	445	47	398	399	30	391	397	391	0.882	0.912
LOKIASV2_1237_ESMFold_threonine_synthase	AF-P29848-F1-model_v4	AF-P29848-F1-model_v4 Cysteine synthase B	1.811E-14	1.000	444	88	391	399	8	283	303	318	0.762	0.911
LOKIASV2_1237_ESMFold_threonine_synthase	AF-A6UW25-F1-model_v4	AF-A6UW25-F1-model_v4 Tryptophan synthase beta chain	2.055E-15	1.000	444	31	398	399	1	384	389	411	0.922	0.987
LOKIASV2_1237_ESMFold_threonine_synthase	AF-A2STA4-F1-model_v4	AF-A2STA4-F1-model_v4 Tryptophan synthase beta chain	3.037E-15	1.000	444	30	396	399	3	382	392	406	0.920	0.969
LOKIASV2_1237_ESMFold_threonine_synthase	AF-Q7M9S1-F1-model_v4	AF-Q7M9S1-F1-model_v4 Tryptophan synthase beta chain 1	7.842E-15	1.000	444	48	396	399	33	391	403	385	0.875	0.891
LOKIASV2_1237_ESMFold_threonine_synthase	AF-Q8NWU2-F1-model_v4	AF-Q8NWU2-F1-model_v4 Tryptophan synthase beta chain	4.488E-15	1.000	444	30	396	399	4	390	404	415	0.920	0.958
LOKIASV2_1237_ESMFold_threonine_synthase	AF-Q82WI2-F1-model_v4	AF-Q82WI2-F1-model_v4 Tryptophan synthase beta chain	2.173E-15	1.000	443	31	397	399	1	388	397	414	0.920	0.977
LOKIASV2_1237_ESMFold_threonine_synthase	AF-Q5X5Q2-F1-model_v4	AF-Q5X5Q2-F1-model_v4 Tryptophan synthase beta chain	3.164E-14	1.000	443	91	391	399	61	384	399	342	0.754	0.812
LOKIASV2_1237_ESMFold_threonine_synthase	AF-Q04U63-F1-model_v4	AF-Q04U63-F1-model_v4 Tryptophan synthase beta chain	2.569E-15	1.000	443	48	397	399	32	391	400	392	0.877	0.900
LOKIASV2_1237_ESMFold_threonine_synthase	AF-Q7NUD8-F1-model_v4	AF-Q7NUD8-F1-model_v4 Tryptophan synthase beta chain	6.273E-15	1.000	443	48	396	399	29	390	400	391	0.875	0.905
LOKIASV2_1237_ESMFold_threonine_synthase	AF-Q21CB9-F1-model_v4	AF-Q21CB9-F1-model_v4 Tryptophan synthase beta chain	1.555E-15	1.000	443	47	398	399	37	397	404	393	0.882	0.894
LOKIASV2_1237_ESMFold_threonine_synthase	AF-Q0T2D1-F1-model_v4	AF-Q0T2D1-F1-model_v4 D-serine dehydratase	1.096E-14	1.000	443	91	397	399	79	434	442	366	0.769	0.805
LOKIASV2_1237_ESMFold_threonine_synthase	AF-O59701-F1-model_v4	AF-O59701-F1-model_v4 Cysteine synthase 1	6.535E-14	1.000	442	87	391	399	19	318	351	318	0.764	0.855
LOKIASV2_1237_ESMFold_threonine_synthase	AF-B8DHB4-F1-model_v4	AF-B8DHB4-F1-model_v4 Tryptophan synthase beta chain	3.211E-15	1.000	442	48	398	399	31	391	400	390	0.880	0.902
LOKIASV2_1237_ESMFold_threonine_synthase	AF-Q3BRL3-F1-model_v4	AF-Q3BRL3-F1-model_v4 Tryptophan synthase beta chain	7.416E-15	1.000	442	48	397	399	42	396	405	392	0.877	0.877
LOKIASV2_1237_ESMFold_threonine_synthase	AF-B0U6K6-F1-model_v4	AF-B0U6K6-F1-model_v4 Tryptophan synthase beta chain	1.644E-15	1.000	442	52	397	399	37	396	405	392	0.867	0.889
LOKIASV2_1237_ESMFold_threonine_synthase	AF-A9M9U2-F1-model_v4	AF-A9M9U2-F1-model_v4 Tryptophan synthase beta chain	2.569E-15	1.000	442	48	397	399	39	398	406	395	0.877	0.887
LOKIASV2_1237_ESMFold_threonine_synthase	AF-P14638-F1-model_v4	AF-P14638-F1-model_v4 Tryptophan synthase beta chain	3.037E-15	1.000	442	33	397	399	5	399	409	415	0.915	0.966
LOKIASV2_1237_ESMFold_threonine_synthase	AF-B5BII6-F1-model_v4	AF-B5BII6-F1-model_v4 D-serine dehydratase	1.096E-14	1.000	442	91	398	399	77	433	440	366	0.772	0.811
LOKIASV2_1237_ESMFold_threonine_synthase	AF-A3M3B1-F1-model_v4	AF-A3M3B1-F1-model_v4 Probable D-serine dehydratase	7.842E-15	1.000	442	91	396	399	79	432	444	364	0.767	0.797
LOKIASV2_1237_ESMFold_threonine_synthase	AF-Q5F9W3-F1-model_v4	AF-Q5F9W3-F1-model_v4 Tryptophan synthase beta chain	2.055E-15	1.000	441	30	396	399	2	390	400	420	0.920	0.973
LOKIASV2_1237_ESMFold_threonine_synthase	AF-A6WX28-F1-model_v4	AF-A6WX28-F1-model_v4 Tryptophan synthase beta chain	2.055E-15	1.000	441	47	397	399	38	398	406	396	0.880	0.889
LOKIASV2_1237_ESMFold_threonine_synthase	AF-B0UIA8-F1-model_v4	AF-B0UIA8-F1-model_v4 Tryptophan synthase beta chain	1.555E-15	1.000	441	33	397	399	11	398	406	418	0.915	0.956
LOKIASV2_1237_ESMFold_threonine_synthase	AF-Q3KK59-F1-model_v4	AF-Q3KK59-F1-model_v4 Tryptophan synthase beta chain	5.018E-15	1.000	441	47	397	399	38	397	410	390	0.880	0.878
LOKIASV2_1237_ESMFold_threonine_synthase	AF-B7L1H4-F1-model_v4	AF-B7L1H4-F1-model_v4 Tryptophan synthase beta chain	2.055E-15	1.000	441	33	397	399	11	405	413	427	0.915	0.956
LOKIASV2_1237_ESMFold_threonine_synthase	AF-P18285-F1-model_v4	AF-P18285-F1-model_v4 Tryptophan synthase beta chain	4.182E-14	1.000	441	91	397	399	57	399	422	354	0.769	0.813
LOKIASV2_1237_ESMFold_threonine_synthase	AF-A7X238-F1-model_v4	AF-A7X238-F1-model_v4 Tryptophan synthase beta chain	4.014E-15	1.000	440	30	396	399	4	390	404	416	0.920	0.958
LOKIASV2_1237_ESMFold_threonine_synthase	AF-Q65I35-F1-model_v4	AF-Q65I35-F1-model_v4 Tryptophan synthase beta chain	3.037E-15	1.000	440	48	398	399	30	389	408	395	0.880	0.882
LOKIASV2_1237_ESMFold_threonine_synthase	AF-Q59992-F1-model_v4	AF-Q59992-F1-model_v4 Tryptophan synthase beta chain	1.811E-14	1.000	440	91	397	399	69	403	412	354	0.769	0.813
LOKIASV2_1237_ESMFold_threonine_synthase	AF-Q5LV94-F1-model_v4	AF-Q5LV94-F1-model_v4 Tryptophan synthase beta chain	4.746E-15	1.000	440	48	391	399	38	391	416	384	0.862	0.851
LOKIASV2_1237_ESMFold_threonine_synthase	AF-Q21XI6-F1-model_v4	AF-Q21XI6-F1-model_v4 Tryptophan synthase beta chain	7.013E-15	1.000	440	47	397	399	31	397	435	396	0.880	0.844
LOKIASV2_1237_ESMFold_threonine_synthase	AF-Q92B81-F1-model_v4	AF-Q92B81-F1-model_v4 Tryptophan synthase beta chain	5.306E-15	1.000	439	48	398	399	31	391	400	390	0.880	0.902
LOKIASV2_1237_ESMFold_threonine_synthase	AF-A2RK24-F1-model_v4	AF-A2RK24-F1-model_v4 Tryptophan synthase beta chain	8.898E-16	1.000	439	48	398	399	31	391	401	394	0.880	0.900
LOKIASV2_1237_ESMFold_threonine_synthase	AF-Q2FYR4-F1-model_v4	AF-Q2FYR4-F1-model_v4 Tryptophan synthase beta chain	5.306E-15	1.000	439	30	396	399	4	390	404	416	0.920	0.958
LOKIASV2_1237_ESMFold_threonine_synthase	AF-Q8PJ28-F1-model_v4	AF-Q8PJ28-F1-model_v4 Tryptophan synthase beta chain	1.036E-14	1.000	439	48	397	399	35	396	405	395	0.877	0.894
LOKIASV2_1237_ESMFold_threonine_synthase	AF-B2FNZ1-F1-model_v4	AF-B2FNZ1-F1-model_v4 Tryptophan synthase beta chain	9.409E-16	1.000	439	48	391	399	35	390	405	388	0.862	0.879
LOKIASV2_1237_ESMFold_threonine_synthase	AF-A1TLG8-F1-model_v4	AF-A1TLG8-F1-model_v4 Tryptophan synthase beta chain	3.796E-15	1.000	439	47	397	399	31	397	422	398	0.880	0.870
LOKIASV2_1237_ESMFold_threonine_synthase	AF-B7LK20-F1-model_v4	AF-B7LK20-F1-model_v4 D-serine dehydratase	1.096E-14	1.000	439	91	397	399	79	434	442	366	0.769	0.805
LOKIASV2_1237_ESMFold_threonine_synthase	AF-Q1R2Q6-F1-model_v4	AF-Q1R2Q6-F1-model_v4 D-serine dehydratase 2	1.713E-14	1.000	439	91	398	399	79	435	442	367	0.772	0.808
LOKIASV2_1237_ESMFold_threonine_synthase	AF-O23735-F1-model_v4	AF-O23735-F1-model_v4 Cysteine synthase	5.151E-13	1.000	438	89	399	399	16	311	324	324	0.779	0.914
LOKIASV2_1237_ESMFold_threonine_synthase	AF-B4RJV8-F1-model_v4	AF-B4RJV8-F1-model_v4 Tryptophan synthase beta chain	2.716E-15	1.000	438	30	396	399	2	390	400	420	0.920	0.973
LOKIASV2_1237_ESMFold_threonine_synthase	AF-Q84GJ9-F1-model_v4	AF-Q84GJ9-F1-model_v4 Tryptophan synthase beta chain	2.716E-15	1.000	438	30	396	399	2	390	400	420	0.920	0.973
LOKIASV2_1237_ESMFold_threonine_synthase	AF-Q11KK9-F1-model_v4	AF-Q11KK9-F1-model_v4 Tryptophan synthase beta chain	5.018E-15	1.000	438	33	397	399	11	397	406	411	0.915	0.953
LOKIASV2_1237_ESMFold_threonine_synthase	AF-A8G2H0-F1-model_v4	AF-A8G2H0-F1-model_v4 Tryptophan synthase beta chain	2.872E-15	1.000	438	48	397	399	45	407	414	396	0.877	0.877
LOKIASV2_1237_ESMFold_threonine_synthase	AF-P66985-F1-model_v4	AF-P66985-F1-model_v4 Tryptophan synthase beta chain	2.676E-14	1.000	438	90	396	399	81	410	422	348	0.769	0.782
LOKIASV2_1237_ESMFold_threonine_synthase	AF-B1W0P0-F1-model_v4	AF-B1W0P0-F1-model_v4 Tryptophan synthase beta chain	3.395E-15	1.000	438	48	396	399	33	397	428	391	0.875	0.853
LOKIASV2_1237_ESMFold_threonine_synthase	AF-B7MY25-F1-model_v4	AF-B7MY25-F1-model_v4 D-serine dehydratase	8.292E-15	1.000	438	92	397	399	82	434	442	363	0.767	0.799
LOKIASV2_1237_ESMFold_threonine_synthase	AF-Q9I526-F1-model_v4	AF-Q9I526-F1-model_v4 Cysteine synthase B	1.021E-13	1.000	437	88	391	399	12	287	299	318	0.762	0.923
LOKIASV2_1237_ESMFold_threonine_synthase	AF-B0K8T6-F1-model_v4	AF-B0K8T6-F1-model_v4 Tryptophan synthase beta chain	9.270E-15	1.000	437	48	397	399	28	383	391	392	0.877	0.910
LOKIASV2_1237_ESMFold_threonine_synthase	AF-Q07UH1-F1-model_v4	AF-Q07UH1-F1-model_v4 Tryptophan synthase beta chain	1.036E-14	1.000	437	47	397	399	37	396	404	390	0.880	0.891
LOKIASV2_1237_ESMFold_threonine_synthase	AF-C1DH66-F1-model_v4	AF-C1DH66-F1-model_v4 Tryptophan synthase beta chain	1.159E-14	1.000	437	47	397	399	34	393	406	388	0.880	0.887
LOKIASV2_1237_ESMFold_threonine_synthase	AF-P50909-F1-model_v4	AF-P50909-F1-model_v4 Tryptophan synthase beta chain 1	8.292E-15	1.000	436	48	399	399	24	380	389	392	0.882	0.918
LOKIASV2_1237_ESMFold_threonine_synthase	AF-Q5LBZ8-F1-model_v4	AF-Q5LBZ8-F1-model_v4 Tryptophan synthase beta chain	5.018E-15	1.000	436	30	399	399	1	390	390	420	0.927	1.000
LOKIASV2_1237_ESMFold_threonine_synthase	AF-Q4QKF5-F1-model_v4	AF-Q4QKF5-F1-model_v4 Tryptophan synthase beta chain	2.055E-15	1.000	436	48	391	399	29	381	397	389	0.862	0.889
LOKIASV2_1237_ESMFold_threonine_synthase	AF-Q7VTF1-F1-model_v4	AF-Q7VTF1-F1-model_v4 Tryptophan synthase beta chain	5.610E-15	1.000	436	33	397	399	4	390	399	416	0.915	0.970
LOKIASV2_1237_ESMFold_threonine_synthase	AF-Q8Y6Q6-F1-model_v4	AF-Q8Y6Q6-F1-model_v4 Tryptophan synthase beta chain	2.055E-15	1.000	436	31	398	399	1	391	400	416	0.922	0.978
LOKIASV2_1237_ESMFold_threonine_synthase	AF-A6U1J4-F1-model_v4	AF-A6U1J4-F1-model_v4 Tryptophan synthase beta chain	8.292E-15	1.000	436	30	396	399	4	390	404	416	0.920	0.958
LOKIASV2_1237_ESMFold_threonine_synthase	AF-Q8FXY4-F1-model_v4	AF-Q8FXY4-F1-model_v4 Tryptophan synthase beta chain	2.298E-15	1.000	436	48	397	399	39	398	406	395	0.877	0.887
LOKIASV2_1237_ESMFold_threonine_synthase	AF-B3PVV2-F1-model_v4	AF-B3PVV2-F1-model_v4 Tryptophan synthase beta chain	3.741E-14	1.000	436	90	391	399	67	391	406	344	0.757	0.800
LOKIASV2_1237_ESMFold_threonine_synthase	AF-C1CT51-F1-model_v4	AF-C1CT51-F1-model_v4 Tryptophan synthase beta chain	3.590E-15	1.000	436	48	398	399	31	392	407	395	0.880	0.889
LOKIASV2_1237_ESMFold_threonine_synthase	AF-A8LSF9-F1-model_v4	AF-A8LSF9-F1-model_v4 Tryptophan synthase beta chain	7.842E-15	1.000	436	47	397	399	37	397	410	393	0.880	0.880
LOKIASV2_1237_ESMFold_threonine_synthase	AF-Q7VGA7-F1-model_v4	AF-Q7VGA7-F1-model_v4 Tryptophan synthase beta chain	1.943E-15	1.000	436	48	398	399	40	408	420	405	0.880	0.879
LOKIASV2_1237_ESMFold_threonine_synthase	AF-F4K5T2-F1-model_v4	AF-F4K5T2-F1-model_v4 Bifunctional cystathionine gamma-lyase/cysteine synthase	3.897E-13	1.000	435	89	399	399	16	311	323	324	0.779	0.916
LOKIASV2_1237_ESMFold_threonine_synthase	AF-A8FEJ8-F1-model_v4	AF-A8FEJ8-F1-model_v4 Tryptophan synthase beta chain	5.932E-15	1.000	435	48	398	399	30	389	399	395	0.880	0.902
LOKIASV2_1237_ESMFold_threonine_synthase	AF-A9M354-F1-model_v4	AF-A9M354-F1-model_v4 Tryptophan synthase beta chain	3.395E-15	1.000	435	31	396	399	3	390	400	419	0.917	0.970
LOKIASV2_1237_ESMFold_threonine_synthase	AF-Q01998-F1-model_v4	AF-Q01998-F1-model_v4 Tryptophan synthase beta chain	2.872E-15	1.000	435	30	398	399	1	391	402	421	0.925	0.973
LOKIASV2_1237_ESMFold_threonine_synthase	AF-Q9Y8T5-F1-model_v4	AF-Q9Y8T5-F1-model_v4 Tryptophan synthase beta chain 1	1.315E-15	1.000	435	90	397	399	72	414	427	353	0.772	0.803
LOKIASV2_1237_ESMFold_threonine_synthase	AF-Q9KL72-F1-model_v4	AF-Q9KL72-F1-model_v4 Probable D-serine dehydratase	3.211E-15	1.000	435	91	397	399	79	434	441	367	0.769	0.807
LOKIASV2_1237_ESMFold_threonine_synthase	AF-Q83MK8-F1-model_v4	AF-Q83MK8-F1-model_v4 D-serine dehydratase	2.141E-14	1.000	435	91	397	399	79	434	442	366	0.769	0.805
LOKIASV2_1237_ESMFold_threonine_synthase	AF-P87131-F1-model_v4	AF-P87131-F1-model_v4 Cysteine synthase 2	7.307E-14	1.000	434	88	399	399	50	373	395	342	0.782	0.820
LOKIASV2_1237_ESMFold_threonine_synthase	AF-A9IIE0-F1-model_v4	AF-A9IIE0-F1-model_v4 Tryptophan synthase beta chain	9.270E-15	1.000	434	48	397	399	29	390	399	391	0.877	0.907
LOKIASV2_1237_ESMFold_threonine_synthase	AF-Q6GH33-F1-model_v4	AF-Q6GH33-F1-model_v4 Tryptophan synthase beta chain	7.416E-15	1.000	434	30	396	399	4	390	404	415	0.920	0.958
LOKIASV2_1237_ESMFold_threonine_synthase	AF-Q4KKP4-F1-model_v4	AF-Q4KKP4-F1-model_v4 Tryptophan synthase beta chain	9.270E-15	1.000	434	47	398	399	34	395	406	392	0.882	0.892
LOKIASV2_1237_ESMFold_threonine_synthase	AF-Q8UJB0-F1-model_v4	AF-Q8UJB0-F1-model_v4 Tryptophan synthase beta chain	5.610E-15	1.000	434	47	397	399	38	398	406	395	0.880	0.889
LOKIASV2_1237_ESMFold_threonine_synthase	AF-B9JXV6-F1-model_v4	AF-B9JXV6-F1-model_v4 Tryptophan synthase beta chain	1.838E-15	1.000	434	33	391	399	11	391	406	409	0.900	0.938
LOKIASV2_1237_ESMFold_threonine_synthase	AF-O05625-F1-model_v4	AF-O05625-F1-model_v4 Tryptophan synthase beta chain	7.013E-15	1.000	434	48	396	399	33	397	427	390	0.875	0.855
LOKIASV2_1237_ESMFold_threonine_synthase	AF-B1XY48-F1-model_v4	AF-B1XY48-F1-model_v4 Tryptophan synthase beta chain	6.273E-15	1.000	434	30	397	399	1	391	428	422	0.922	0.914
LOKIASV2_1237_ESMFold_threonine_synthase	AF-P26921-F1-model_v4	AF-P26921-F1-model_v4 Tryptophan synthase beta chain 2	7.842E-15	1.000	433	31	391	399	1	375	390	404	0.905	0.962
LOKIASV2_1237_ESMFold_threonine_synthase	AF-Q8R9M9-F1-model_v4	AF-Q8R9M9-F1-model_v4 Tryptophan synthase beta chain	1.532E-14	1.000	433	48	397	399	21	383	391	392	0.877	0.928
LOKIASV2_1237_ESMFold_threonine_synthase	AF-A5UEU5-F1-model_v4	AF-A5UEU5-F1-model_v4 Tryptophan synthase beta chain	2.872E-15	1.000	433	48	391	399	29	381	398	385	0.862	0.887
LOKIASV2_1237_ESMFold_threonine_synthase	AF-Q7VR00-F1-model_v4	AF-Q7VR00-F1-model_v4 Tryptophan synthase beta chain	3.164E-14	1.000	433	90	397	399	56	387	398	349	0.772	0.834
LOKIASV2_1237_ESMFold_threonine_synthase	AF-Q02YB7-F1-model_v4	AF-Q02YB7-F1-model_v4 Tryptophan synthase beta chain	2.429E-15	1.000	433	48	398	399	31	391	401	395	0.880	0.900
LOKIASV2_1237_ESMFold_threonine_synthase	AF-Q8TLP3-F1-model_v4	AF-Q8TLP3-F1-model_v4 Tryptophan synthase beta chain 1	1.811E-14	1.000	433	48	398	399	34	397	403	393	0.880	0.903
LOKIASV2_1237_ESMFold_threonine_synthase	AF-A8Z244-F1-model_v4	AF-A8Z244-F1-model_v4 Tryptophan synthase beta chain	9.802E-15	1.000	433	30	396	399	4	390	404	415	0.920	0.958
LOKIASV2_1237_ESMFold_threonine_synthase	AF-Q87DR9-F1-model_v4	AF-Q87DR9-F1-model_v4 Tryptophan synthase beta chain	2.429E-15	1.000	433	48	397	399	35	396	405	396	0.877	0.894
LOKIASV2_1237_ESMFold_threonine_synthase	AF-B2I9J2-F1-model_v4	AF-B2I9J2-F1-model_v4 Tryptophan synthase beta chain	2.055E-15	1.000	433	48	397	399	35	396	405	396	0.877	0.894
LOKIASV2_1237_ESMFold_threonine_synthase	AF-P47998-F1-model_v4	AF-P47998-F1-model_v4 Cysteine synthase 1	6.090E-13	1.000	432	89	392	399	14	300	322	315	0.762	0.891
LOKIASV2_1237_ESMFold_threonine_synthase	AF-Q71Z40-F1-model_v4	AF-Q71Z40-F1-model_v4 Tryptophan synthase beta chain	3.037E-15	1.000	432	31	398	399	1	391	400	416	0.922	0.978
LOKIASV2_1237_ESMFold_threonine_synthase	AF-Q053M6-F1-model_v4	AF-Q053M6-F1-model_v4 Tryptophan synthase beta chain	5.610E-15	1.000	432	48	397	399	32	391	400	392	0.877	0.900
LOKIASV2_1237_ESMFold_threonine_synthase	AF-A6QGS4-F1-model_v4	AF-A6QGS4-F1-model_v4 Tryptophan synthase beta chain	1.159E-14	1.000	432	30	396	399	4	390	404	415	0.920	0.958
LOKIASV2_1237_ESMFold_threonine_synthase	AF-B2SVN7-F1-model_v4	AF-B2SVN7-F1-model_v4 Tryptophan synthase beta chain	1.096E-14	1.000	432	48	397	399	35	396	405	395	0.877	0.894
LOKIASV2_1237_ESMFold_threonine_synthase	AF-P06561-F1-model_v4	AF-P06561-F1-model_v4 Tryptophan synthase beta chain	3.741E-14	1.000	432	90	396	399	64	399	417	352	0.769	0.806
LOKIASV2_1237_ESMFold_threonine_synthase	AF-Q3AW11-F1-model_v4	AF-Q3AW11-F1-model_v4 Tryptophan synthase beta chain	2.394E-14	1.000	432	91	397	399	76	409	418	349	0.769	0.799
LOKIASV2_1237_ESMFold_threonine_synthase	AF-Q1R901-F1-model_v4	AF-Q1R901-F1-model_v4 D-serine dehydratase 1	8.767E-15	1.000	432	91	397	399	79	434	442	366	0.769	0.805
LOKIASV2_1237_ESMFold_threonine_synthase	AF-Q5XAQ3-F1-model_v4	AF-Q5XAQ3-F1-model_v4 Cysteine synthase	2.948E-13	1.000	431	88	393	399	12	298	313	320	0.767	0.917
LOKIASV2_1237_ESMFold_threonine_synthase	AF-Q9XEA6-F1-model_v4	AF-Q9XEA6-F1-model_v4 Cysteine synthase	2.231E-13	1.000	431	91	399	399	16	309	321	325	0.774	0.916
LOKIASV2_1237_ESMFold_threonine_synthase	AF-Q8ESU4-F1-model_v4	AF-Q8ESU4-F1-model_v4 Tryptophan synthase beta chain	7.416E-15	1.000	431	30	398	399	1	392	399	420	0.925	0.982
LOKIASV2_1237_ESMFold_threonine_synthase	AF-Q49XH8-F1-model_v4	AF-Q49XH8-F1-model_v4 Tryptophan synthase beta chain	1.225E-14	1.000	431	30	396	399	4	390	404	416	0.920	0.958
LOKIASV2_1237_ESMFold_threonine_synthase	AF-Q87IM1-F1-model_v4	AF-Q87IM1-F1-model_v4 Tryptophan synthase beta chain 2	2.569E-15	1.000	431	31	396	399	6	391	407	413	0.917	0.948
LOKIASV2_1237_ESMFold_threonine_synthase	AF-C1CMD3-F1-model_v4	AF-C1CMD3-F1-model_v4 Tryptophan synthase beta chain	3.590E-15	1.000	431	48	398	399	31	392	407	395	0.880	0.889
LOKIASV2_1237_ESMFold_threonine_synthase	AF-A2BNV9-F1-model_v4	AF-A2BNV9-F1-model_v4 Tryptophan synthase beta chain	3.395E-15	1.000	431	48	397	399	45	407	414	396	0.877	0.877
LOKIASV2_1237_ESMFold_threonine_synthase	AF-C0Q241-F1-model_v4	AF-C0Q241-F1-model_v4 D-serine dehydratase	2.830E-14	1.000	431	91	398	399	77	433	440	366	0.772	0.811
LOKIASV2_1237_ESMFold_threonine_synthase	AF-A7ZPH2-F1-model_v4	AF-A7ZPH2-F1-model_v4 D-serine dehydratase	1.915E-14	1.000	431	91	397	399	79	434	442	366	0.769	0.805
LOKIASV2_1237_ESMFold_threonine_synthase	AF-Q6HKG3-F1-model_v4	AF-Q6HKG3-F1-model_v4 Probable D-serine dehydratase	4.182E-14	1.000	431	91	397	399	77	430	446	364	0.769	0.794
LOKIASV2_1237_ESMFold_threonine_synthase	AF-P13228-F1-model_v4	AF-P13228-F1-model_v4 Tryptophan synthase	4.245E-15	1.000	431	32	397	399	307	690	708	413	0.917	0.542
LOKIASV2_1237_ESMFold_threonine_synthase	AF-Q1KLZ2-F1-model_v4	AF-Q1KLZ2-F1-model_v4 L-3-cyanoalanine synthase 1, mitochondrial	1.064E-12	1.000	430	89	399	399	64	359	376	323	0.779	0.787
LOKIASV2_1237_ESMFold_threonine_synthase	AF-B0K2T9-F1-model_v4	AF-B0K2T9-F1-model_v4 Tryptophan synthase beta chain	1.296E-14	1.000	430	48	397	399	21	383	391	392	0.877	0.928
LOKIASV2_1237_ESMFold_threonine_synthase	AF-P53206-F1-model_v4	AF-P53206-F1-model_v4 Putative mitochondrial cysteine synthase	1.427E-13	1.000	430	88	398	399	53	375	393	341	0.779	0.822
LOKIASV2_1237_ESMFold_threonine_synthase	AF-A5IBF7-F1-model_v4	AF-A5IBF7-F1-model_v4 Tryptophan synthase beta chain	9.659E-14	1.000	430	91	391	399	61	384	399	342	0.754	0.812
LOKIASV2_1237_ESMFold_threonine_synthase	AF-Q9K0B5-F1-model_v4	AF-Q9K0B5-F1-model_v4 Tryptophan synthase beta chain	5.306E-15	1.000	430	31	396	399	3	390	400	417	0.917	0.970
LOKIASV2_1237_ESMFold_threonine_synthase	AF-P66986-F1-model_v4	AF-P66986-F1-model_v4 Tryptophan synthase beta chain	1.370E-14	1.000	430	30	396	399	4	390	404	416	0.920	0.958
LOKIASV2_1237_ESMFold_threonine_synthase	AF-Q9PDK4-F1-model_v4	AF-Q9PDK4-F1-model_v4 Tryptophan synthase beta chain	3.796E-15	1.000	430	48	397	399	35	396	405	395	0.877	0.894
LOKIASV2_1237_ESMFold_threonine_synthase	AF-Q2YQW5-F1-model_v4	AF-Q2YQW5-F1-model_v4 Tryptophan synthase beta chain	7.416E-15	1.000	430	48	397	399	39	398	406	395	0.877	0.887
LOKIASV2_1237_ESMFold_threonine_synthase	AF-Q03CY3-F1-model_v4	AF-Q03CY3-F1-model_v4 Tryptophan synthase beta chain	5.610E-15	1.000	430	1	397	399	4	396	406	441	0.995	0.968
LOKIASV2_1237_ESMFold_threonine_synthase	AF-C1C966-F1-model_v4	AF-C1C966-F1-model_v4 Tryptophan synthase beta chain	4.746E-15	1.000	430	48	398	399	31	392	407	395	0.880	0.889
LOKIASV2_1237_ESMFold_threonine_synthase	AF-B8ZN59-F1-model_v4	AF-B8ZN59-F1-model_v4 Tryptophan synthase beta chain	6.633E-15	1.000	430	48	398	399	31	392	407	395	0.880	0.889
LOKIASV2_1237_ESMFold_threonine_synthase	AF-B5E7M3-F1-model_v4	AF-B5E7M3-F1-model_v4 Tryptophan synthase beta chain	4.746E-15	1.000	430	48	398	399	31	392	407	395	0.880	0.889
LOKIASV2_1237_ESMFold_threonine_synthase	AF-Q46HK9-F1-model_v4	AF-Q46HK9-F1-model_v4 Tryptophan synthase beta chain	4.746E-15	1.000	430	48	397	399	45	408	417	397	0.877	0.873
LOKIASV2_1237_ESMFold_threonine_synthase	AF-Q1GK77-F1-model_v4	AF-Q1GK77-F1-model_v4 Tryptophan synthase beta chain	1.096E-14	1.000	430	48	391	399	38	393	419	387	0.862	0.850
LOKIASV2_1237_ESMFold_threonine_synthase	AF-Q6L271-F1-model_v4	AF-Q6L271-F1-model_v4 Tryptophan synthase beta chain	1.811E-14	1.000	430	87	399	399	78	418	419	360	0.784	0.814
LOKIASV2_1237_ESMFold_threonine_synthase	AF-Q2JLD7-F1-model_v4	AF-Q2JLD7-F1-model_v4 Tryptophan synthase beta chain	1.811E-14	1.000	430	48	397	399	47	413	425	396	0.877	0.864
LOKIASV2_1237_ESMFold_threonine_synthase	AF-Q0T953-F1-model_v4	AF-Q0T953-F1-model_v4 D-serine dehydratase 2	3.955E-14	1.000	430	91	398	399	79	435	442	367	0.772	0.808
LOKIASV2_1237_ESMFold_threonine_synthase	AF-Q7N5H9-F1-model_v4	AF-Q7N5H9-F1-model_v4 D-serine dehydratase	1.159E-14	1.000	430	91	396	399	79	432	443	364	0.767	0.799
LOKIASV2_1237_ESMFold_threonine_synthase	AF-P16703-F1-model_v4	AF-P16703-F1-model_v4 Cysteine synthase B	1.509E-13	1.000	429	88	391	399	8	283	303	314	0.762	0.911
LOKIASV2_1237_ESMFold_threonine_synthase	AF-B0RR84-F1-model_v4	AF-B0RR84-F1-model_v4 Tryptophan synthase beta chain	5.018E-15	1.000	429	29	397	399	7	396	405	423	0.925	0.963
LOKIASV2_1237_ESMFold_threonine_synthase	AF-C3MB99-F1-model_v4	AF-C3MB99-F1-model_v4 Tryptophan synthase beta chain	1.644E-15	1.000	429	35	391	399	14	391	406	409	0.895	0.931
LOKIASV2_1237_ESMFold_threonine_synthase	AF-Q82A82-F1-model_v4	AF-Q82A82-F1-model_v4 Tryptophan synthase beta chain	8.292E-15	1.000	429	48	396	399	33	397	428	389	0.875	0.853
LOKIASV2_1237_ESMFold_threonine_synthase	AF-Q8FFF4-F1-model_v4	AF-Q8FFF4-F1-model_v4 D-serine dehydratase	3.538E-14	1.000	429	91	397	399	79	434	442	366	0.769	0.805
LOKIASV2_1237_ESMFold_threonine_synthase	AF-A1JJW5-F1-model_v4	AF-A1JJW5-F1-model_v4 D-serine dehydratase	1.225E-14	1.000	429	91	398	399	79	435	443	368	0.772	0.806
LOKIASV2_1237_ESMFold_threonine_synthase	AF-Q24WR0-F1-model_v4	AF-Q24WR0-F1-model_v4 Probable D-serine dehydratase	1.838E-15	1.000	429	47	397	399	48	435	444	413	0.880	0.874
LOKIASV2_1237_ESMFold_threonine_synthase	AF-B9E151-F1-model_v4	AF-B9E151-F1-model_v4 Tryptophan synthase beta chain	7.013E-15	1.000	428	48	396	399	34	387	396	389	0.875	0.894
LOKIASV2_1237_ESMFold_threonine_synthase	AF-A0AJ80-F1-model_v4	AF-A0AJ80-F1-model_v4 Tryptophan synthase beta chain	1.096E-14	1.000	428	48	398	399	31	391	400	390	0.880	0.902
LOKIASV2_1237_ESMFold_threonine_synthase	AF-Q9JVC0-F1-model_v4	AF-Q9JVC0-F1-model_v4 Tryptophan synthase beta chain	7.013E-15	1.000	428	31	396	399	3	390	400	416	0.917	0.970
LOKIASV2_1237_ESMFold_threonine_synthase	AF-Q6FEF1-F1-model_v4	AF-Q6FEF1-F1-model_v4 Tryptophan synthase beta chain	7.416E-15	1.000	428	47	391	399	32	385	403	388	0.865	0.878
LOKIASV2_1237_ESMFold_threonine_synthase	AF-Q5HG47-F1-model_v4	AF-Q5HG47-F1-model_v4 Tryptophan synthase beta chain	1.532E-14	1.000	428	30	396	399	4	390	404	415	0.920	0.958
LOKIASV2_1237_ESMFold_threonine_synthase	AF-C0RFZ4-F1-model_v4	AF-C0RFZ4-F1-model_v4 Tryptophan synthase beta chain	7.842E-15	1.000	428	48	397	399	39	398	406	394	0.877	0.887
LOKIASV2_1237_ESMFold_threonine_synthase	AF-P9WFX9-F1-model_v4	AF-P9WFX9-F1-model_v4 Tryptophan synthase beta chain	6.181E-14	1.000	428	90	396	399	81	410	422	348	0.769	0.782
LOKIASV2_1237_ESMFold_threonine_synthase	AF-P80608-F1-model_v4	AF-P80608-F1-model_v4 Cysteine synthase	5.760E-13	1.000	427	91	396	399	19	307	325	319	0.767	0.889
LOKIASV2_1237_ESMFold_threonine_synthase	AF-P66899-F1-model_v4	AF-P66899-F1-model_v4 Diaminopropionate ammonia-lyase	1.811E-14	1.000	427	12	397	399	4	385	398	434	0.967	0.960
LOKIASV2_1237_ESMFold_threonine_synthase	AF-Q0AGX5-F1-model_v4	AF-Q0AGX5-F1-model_v4 Tryptophan synthase beta chain	1.943E-15	1.000	427	30	397	399	2	390	399	420	0.922	0.975
LOKIASV2_1237_ESMFold_threonine_synthase	AF-A6TM76-F1-model_v4	AF-A6TM76-F1-model_v4 Tryptophan synthase beta chain	5.306E-15	1.000	427	48	397	399	34	389	400	391	0.877	0.890
LOKIASV2_1237_ESMFold_threonine_synthase	AF-P54203-F1-model_v4	AF-P54203-F1-model_v4 Tryptophan synthase beta chain	4.014E-15	1.000	427	47	391	399	28	381	402	385	0.865	0.881
LOKIASV2_1237_ESMFold_threonine_synthase	AF-Q5LYI7-F1-model_v4	AF-Q5LYI7-F1-model_v4 Tryptophan synthase beta chain	4.245E-15	1.000	427	31	398	399	1	392	402	421	0.922	0.975
LOKIASV2_1237_ESMFold_threonine_synthase	AF-P66987-F1-model_v4	AF-P66987-F1-model_v4 Tryptophan synthase beta chain	1.370E-14	1.000	427	30	396	399	4	390	404	416	0.920	0.958
LOKIASV2_1237_ESMFold_threonine_synthase	AF-Q2P0U2-F1-model_v4	AF-Q2P0U2-F1-model_v4 Tryptophan synthase beta chain	1.036E-14	1.000	427	48	397	399	35	396	405	395	0.877	0.894
LOKIASV2_1237_ESMFold_threonine_synthase	AF-B2S9A5-F1-model_v4	AF-B2S9A5-F1-model_v4 Tryptophan synthase beta chain	1.296E-14	1.000	427	47	397	399	38	398	406	395	0.880	0.889
LOKIASV2_1237_ESMFold_threonine_synthase	AF-Q97P32-F1-model_v4	AF-Q97P32-F1-model_v4 Tryptophan synthase beta chain	8.292E-15	1.000	427	48	398	399	31	392	407	395	0.880	0.889
LOKIASV2_1237_ESMFold_threonine_synthase	AF-B2ISS1-F1-model_v4	AF-B2ISS1-F1-model_v4 Tryptophan synthase beta chain	7.013E-15	1.000	427	48	398	399	31	392	407	395	0.880	0.889
LOKIASV2_1237_ESMFold_threonine_synthase	AF-Q28LA6-F1-model_v4	AF-Q28LA6-F1-model_v4 Tryptophan synthase beta chain	2.264E-14	1.000	427	48	397	399	35	397	409	389	0.877	0.888
LOKIASV2_1237_ESMFold_threonine_synthase	AF-B1LSI6-F1-model_v4	AF-B1LSI6-F1-model_v4 Tryptophan synthase beta chain	3.796E-15	1.000	427	33	397	399	11	405	413	432	0.915	0.956
LOKIASV2_1237_ESMFold_threonine_synthase	AF-Q7NGX9-F1-model_v4	AF-Q7NGX9-F1-model_v4 Tryptophan synthase beta chain	9.270E-15	1.000	427	48	397	399	45	403	414	393	0.877	0.867
LOKIASV2_1237_ESMFold_threonine_synthase	AF-A2BZZ2-F1-model_v4	AF-A2BZZ2-F1-model_v4 Tryptophan synthase beta chain	5.932E-15	1.000	427	47	397	399	44	408	417	398	0.880	0.875
LOKIASV2_1237_ESMFold_threonine_synthase	AF-B7LBR9-F1-model_v4	AF-B7LBR9-F1-model_v4 D-serine dehydratase	2.676E-14	1.000	427	91	397	399	79	434	442	366	0.769	0.805
LOKIASV2_1237_ESMFold_threonine_synthase	AF-Q32DH8-F1-model_v4	AF-Q32DH8-F1-model_v4 D-serine dehydratase	4.182E-14	1.000	427	91	397	399	79	434	442	366	0.769	0.805
LOKIASV2_1237_ESMFold_threonine_synthase	AF-P32260-F1-model_v4	AF-P32260-F1-model_v4 Cysteine synthase, chloroplastic/chromoplastic	8.512E-13	1.000	426	89	399	399	76	371	383	325	0.779	0.773
LOKIASV2_1237_ESMFold_threonine_synthase	AF-Q5HWB9-F1-model_v4	AF-Q5HWB9-F1-model_v4 Tryptophan synthase beta chain	1.532E-14	1.000	426	48	397	399	25	381	392	389	0.877	0.911
LOKIASV2_1237_ESMFold_threonine_synthase	AF-B6YQ32-F1-model_v4	AF-B6YQ32-F1-model_v4 Tryptophan synthase beta chain	7.416E-15	1.000	426	48	399	399	38	396	396	394	0.882	0.907
LOKIASV2_1237_ESMFold_threonine_synthase	AF-B7J4S9-F1-model_v4	AF-B7J4S9-F1-model_v4 Tryptophan synthase beta chain	7.013E-15	1.000	426	47	397	399	31	390	399	395	0.880	0.902
LOKIASV2_1237_ESMFold_threonine_synthase	AF-A6L7M5-F1-model_v4	AF-A6L7M5-F1-model_v4 Tryptophan synthase beta chain	4.746E-15	1.000	426	30	398	399	1	388	399	417	0.925	0.972
LOKIASV2_1237_ESMFold_threonine_synthase	AF-Q5M350-F1-model_v4	AF-Q5M350-F1-model_v4 Tryptophan synthase beta chain	4.245E-15	1.000	426	48	398	399	31	392	402	399	0.880	0.900
LOKIASV2_1237_ESMFold_threonine_synthase	AF-B0REU1-F1-model_v4	AF-B0REU1-F1-model_v4 Tryptophan synthase beta chain	6.633E-15	1.000	426	47	391	399	30	383	404	386	0.865	0.876
LOKIASV2_1237_ESMFold_threonine_synthase	AF-A7HPD3-F1-model_v4	AF-A7HPD3-F1-model_v4 Tryptophan synthase beta chain	8.292E-15	1.000	426	48	397	399	35	397	405	390	0.877	0.896
LOKIASV2_1237_ESMFold_threonine_synthase	AF-Q8DNM8-F1-model_v4	AF-Q8DNM8-F1-model_v4 Tryptophan synthase beta chain	8.767E-15	1.000	426	48	398	399	31	392	407	395	0.880	0.889
LOKIASV2_1237_ESMFold_threonine_synthase	AF-Q8DG49-F1-model_v4	AF-Q8DG49-F1-model_v4 Tryptophan synthase beta chain	4.182E-14	1.000	426	48	398	399	40	404	410	394	0.880	0.890
LOKIASV2_1237_ESMFold_threonine_synthase	AF-A2SHS4-F1-model_v4	AF-A2SHS4-F1-model_v4 Tryptophan synthase beta chain	5.932E-15	1.000	426	47	391	399	31	384	412	383	0.865	0.859
LOKIASV2_1237_ESMFold_threonine_synthase	AF-B0SM57-F1-model_v4	AF-B0SM57-F1-model_v4 Tryptophan synthase beta chain	9.802E-15	1.000	425	48	397	399	25	386	396	391	0.877	0.914
LOKIASV2_1237_ESMFold_threonine_synthase	AF-A3MZI7-F1-model_v4	AF-A3MZI7-F1-model_v4 Tryptophan synthase beta chain	6.273E-15	1.000	425	48	391	399	29	381	396	383	0.862	0.891
LOKIASV2_1237_ESMFold_threonine_synthase	AF-B0UU34-F1-model_v4	AF-B0UU34-F1-model_v4 Tryptophan synthase beta chain	2.429E-15	1.000	425	40	391	399	15	381	398	397	0.882	0.922
LOKIASV2_1237_ESMFold_threonine_synthase	AF-Q3SHL9-F1-model_v4	AF-Q3SHL9-F1-model_v4 Tryptophan synthase beta chain	1.096E-14	1.000	425	28	397	399	3	390	399	415	0.927	0.972
LOKIASV2_1237_ESMFold_threonine_synthase	AF-Q13EQ2-F1-model_v4	AF-Q13EQ2-F1-model_v4 Tryptophan synthase beta chain	1.915E-14	1.000	425	47	397	399	37	396	404	392	0.880	0.891
LOKIASV2_1237_ESMFold_threonine_synthase	AF-Q2FH64-F1-model_v4	AF-Q2FH64-F1-model_v4 Tryptophan synthase beta chain	2.025E-14	1.000	425	30	396	399	4	390	404	415	0.920	0.958
LOKIASV2_1237_ESMFold_threonine_synthase	AF-B3W6W6-F1-model_v4	AF-B3W6W6-F1-model_v4 Tryptophan synthase beta chain	5.610E-15	1.000	425	1	397	399	4	396	406	441	0.995	0.968
LOKIASV2_1237_ESMFold_threonine_synthase	AF-Q04IY9-F1-model_v4	AF-Q04IY9-F1-model_v4 Tryptophan synthase beta chain	1.532E-14	1.000	425	48	398	399	31	392	407	395	0.880	0.889
LOKIASV2_1237_ESMFold_threonine_synthase	AF-A6TXQ1-F1-model_v4	AF-A6TXQ1-F1-model_v4 N-(2-amino-2-carboxyethyl)-L-glutamate synthase	3.686E-13	1.000	424	88	399	399	16	310	326	334	0.782	0.905
LOKIASV2_1237_ESMFold_threonine_synthase	AF-A8FKD7-F1-model_v4	AF-A8FKD7-F1-model_v4 Tryptophan synthase beta chain	1.915E-14	1.000	424	48	397	399	25	381	392	388	0.877	0.911
LOKIASV2_1237_ESMFold_threonine_synthase	AF-A5UC40-F1-model_v4	AF-A5UC40-F1-model_v4 Tryptophan synthase beta chain	7.416E-15	1.000	424	48	391	399	29	381	397	384	0.862	0.889
LOKIASV2_1237_ESMFold_threonine_synthase	AF-Q8KF11-F1-model_v4	AF-Q8KF11-F1-model_v4 Tryptophan synthase beta chain	7.842E-15	1.000	424	29	399	399	4	400	400	427	0.930	0.993
LOKIASV2_1237_ESMFold_threonine_synthase	AF-A1KSW2-F1-model_v4	AF-A1KSW2-F1-model_v4 Tryptophan synthase beta chain	1.036E-14	1.000	424	31	396	399	3	390	400	416	0.917	0.970
LOKIASV2_1237_ESMFold_threonine_synthase	AF-C1CG42-F1-model_v4	AF-C1CG42-F1-model_v4 Tryptophan synthase beta chain	7.842E-15	1.000	424	48	398	399	31	392	407	395	0.880	0.889
LOKIASV2_1237_ESMFold_threonine_synthase	AF-Q9X4E5-F1-model_v4	AF-Q9X4E5-F1-model_v4 Tryptophan synthase beta chain	9.270E-15	1.000	424	33	391	399	10	392	409	410	0.900	0.936
LOKIASV2_1237_ESMFold_threonine_synthase	AF-A1B8L3-F1-model_v4	AF-A1B8L3-F1-model_v4 Tryptophan synthase beta chain	3.164E-14	1.000	424	33	397	399	10	399	410	417	0.915	0.951
LOKIASV2_1237_ESMFold_threonine_synthase	AF-Q81S85-F1-model_v4	AF-Q81S85-F1-model_v4 Probable D-serine dehydratase	4.676E-14	1.000	424	91	397	399	77	430	446	364	0.769	0.794
LOKIASV2_1237_ESMFold_threonine_synthase	AF-Q7SHQ1-F1-model_v4	AF-Q7SHQ1-F1-model_v4 Cysteine synthase 2	7.726E-14	1.000	424	89	398	399	102	426	456	342	0.777	0.713
LOKIASV2_1237_ESMFold_threonine_synthase	AF-Q932K9-F1-model_v4	AF-Q932K9-F1-model_v4 N-(2-amino-2-carboxyethyl)-L-glutamate synthase	3.486E-13	1.000	423	88	399	399	16	310	326	335	0.782	0.905
LOKIASV2_1237_ESMFold_threonine_synthase	AF-O45679-F1-model_v4	AF-O45679-F1-model_v4 Bifunctional L-3-cyanoalanine synthase/cysteine synthase	6.090E-13	1.000	423	88	398	399	14	309	337	324	0.779	0.878
LOKIASV2_1237_ESMFold_threonine_synthase	AF-Q9FS29-F1-model_v4	AF-Q9FS29-F1-model_v4 Bifunctional L-3-cyanoalanine synthase/cysteine synthase 2, mitochondrial	1.258E-12	1.000	423	89	399	399	37	332	347	323	0.779	0.853
LOKIASV2_1237_ESMFold_threonine_synthase	AF-A5CRV6-F1-model_v4	AF-A5CRV6-F1-model_v4 Tryptophan synthase beta chain	4.245E-15	1.000	423	43	391	399	19	383	404	394	0.875	0.903
LOKIASV2_1237_ESMFold_threonine_synthase	AF-Q2KE82-F1-model_v4	AF-Q2KE82-F1-model_v4 Tryptophan synthase beta chain	1.036E-14	1.000	423	47	391	399	38	391	406	388	0.865	0.872
LOKIASV2_1237_ESMFold_threonine_synthase	AF-B5ZV70-F1-model_v4	AF-B5ZV70-F1-model_v4 Tryptophan synthase beta chain	6.273E-15	1.000	423	47	397	399	38	398	406	395	0.880	0.889
LOKIASV2_1237_ESMFold_threonine_synthase	AF-A3PAN2-F1-model_v4	AF-A3PAN2-F1-model_v4 Tryptophan synthase beta chain	8.292E-15	1.000	423	48	397	399	45	407	414	396	0.877	0.877
LOKIASV2_1237_ESMFold_threonine_synthase	AF-Q47V69-F1-model_v4	AF-Q47V69-F1-model_v4 Probable D-serine dehydratase	1.096E-14	1.000	423	92	398	399	82	435	443	364	0.769	0.799
LOKIASV2_1237_ESMFold_threonine_synthase	AF-O81154-F1-model_v4	AF-O81154-F1-model_v4 Cysteine synthase	8.050E-13	1.000	422	89	399	399	17	312	325	325	0.779	0.911
LOKIASV2_1237_ESMFold_threonine_synthase	AF-Q9PIF2-F1-model_v4	AF-Q9PIF2-F1-model_v4 Tryptophan synthase beta chain	2.830E-14	1.000	422	48	397	399	25	381	392	388	0.877	0.911
LOKIASV2_1237_ESMFold_threonine_synthase	AF-B2V8W5-F1-model_v4	AF-B2V8W5-F1-model_v4 Tryptophan synthase beta chain	9.802E-15	1.000	422	30	396	399	1	388	414	413	0.920	0.937
LOKIASV2_1237_ESMFold_threonine_synthase	AF-A1ADP3-F1-model_v4	AF-A1ADP3-F1-model_v4 D-serine dehydratase	2.394E-14	1.000	422	91	397	399	79	434	442	366	0.769	0.805
LOKIASV2_1237_ESMFold_threonine_synthase	AF-B5EK18-F1-model_v4	AF-B5EK18-F1-model_v4 Tryptophan synthase beta chain	5.932E-15	1.000	421	47	391	399	31	384	399	389	0.865	0.887
LOKIASV2_1237_ESMFold_threonine_synthase	AF-Q8DVF3-F1-model_v4	AF-Q8DVF3-F1-model_v4 Tryptophan synthase beta chain	1.370E-14	1.000	421	48	398	399	31	392	403	395	0.880	0.898
LOKIASV2_1237_ESMFold_threonine_synthase	AF-B1I7S7-F1-model_v4	AF-B1I7S7-F1-model_v4 Tryptophan synthase beta chain	9.270E-15	1.000	421	30	398	399	1	392	407	420	0.925	0.963
LOKIASV2_1237_ESMFold_threonine_synthase	AF-Q161H9-F1-model_v4	AF-Q161H9-F1-model_v4 Tryptophan synthase beta chain	2.830E-14	1.000	421	28	397	399	2	397	410	420	0.927	0.966
LOKIASV2_1237_ESMFold_threonine_synthase	AF-Q7VE26-F1-model_v4	AF-Q7VE26-F1-model_v4 Tryptophan synthase beta chain	7.013E-15	1.000	421	48	397	399	45	407	416	398	0.877	0.873
LOKIASV2_1237_ESMFold_threonine_synthase	AF-Q03DF6-F1-model_v4	AF-Q03DF6-F1-model_v4 Probable D-serine dehydratase	5.228E-14	1.000	421	91	396	399	73	419	432	363	0.767	0.803
LOKIASV2_1237_ESMFold_threonine_synthase	AF-Q8XCK5-F1-model_v4	AF-Q8XCK5-F1-model_v4 D-serine dehydratase	1.620E-14	1.000	421	91	398	399	79	435	442	367	0.772	0.808
LOKIASV2_1237_ESMFold_threonine_synthase	AF-Q822W3-F1-model_v4	AF-Q822W3-F1-model_v4 Tryptophan synthase beta chain 2	1.207E-13	1.000	420	90	396	399	51	379	391	347	0.769	0.841
LOKIASV2_1237_ESMFold_threonine_synthase	AF-P43760-F1-model_v4	AF-P43760-F1-model_v4 Tryptophan synthase beta chain	1.159E-14	1.000	420	48	391	399	29	381	397	384	0.862	0.889
LOKIASV2_1237_ESMFold_threonine_synthase	AF-Q2YXX2-F1-model_v4	AF-Q2YXX2-F1-model_v4 Tryptophan synthase beta chain	3.164E-14	1.000	420	30	396	399	4	390	404	415	0.920	0.958
LOKIASV2_1237_ESMFold_threonine_synthase	AF-B1ZG57-F1-model_v4	AF-B1ZG57-F1-model_v4 Tryptophan synthase beta chain	4.488E-15	1.000	420	33	397	399	11	405	413	430	0.915	0.956
LOKIASV2_1237_ESMFold_threonine_synthase	AF-Q57I32-F1-model_v4	AF-Q57I32-F1-model_v4 D-serine dehydratase	5.845E-14	1.000	420	91	398	399	77	433	440	366	0.772	0.811
LOKIASV2_1237_ESMFold_threonine_synthase	AF-Q6FDC1-F1-model_v4	AF-Q6FDC1-F1-model_v4 Probable D-serine dehydratase	4.746E-15	1.000	420	47	396	399	47	431	441	411	0.877	0.873
LOKIASV2_1237_ESMFold_threonine_synthase	AF-B7M6N5-F1-model_v4	AF-B7M6N5-F1-model_v4 D-serine dehydratase	4.944E-14	1.000	420	91	397	399	79	434	442	366	0.769	0.805
LOKIASV2_1237_ESMFold_threonine_synthase	AF-Q3YZG4-F1-model_v4	AF-Q3YZG4-F1-model_v4 D-serine dehydratase	4.182E-14	1.000	420	91	397	399	79	434	442	366	0.769	0.805
LOKIASV2_1237_ESMFold_threonine_synthase	AF-B7MH26-F1-model_v4	AF-B7MH26-F1-model_v4 D-serine dehydratase	2.141E-14	1.000	420	92	397	399	82	434	442	363	0.767	0.799
LOKIASV2_1237_ESMFold_threonine_synthase	AF-B7HID8-F1-model_v4	AF-B7HID8-F1-model_v4 Probable D-serine dehydratase	7.307E-14	1.000	420	91	397	399	77	430	443	364	0.769	0.799
LOKIASV2_1237_ESMFold_threonine_synthase	AF-Q604P3-F1-model_v4	AF-Q604P3-F1-model_v4 Tryptophan synthase beta chain	1.620E-14	1.000	419	30	398	399	8	397	405	416	0.925	0.963
LOKIASV2_1237_ESMFold_threonine_synthase	AF-Q8YE60-F1-model_v4	AF-Q8YE60-F1-model_v4 Tryptophan synthase beta chain	2.141E-14	1.000	419	48	397	399	39	398	406	395	0.877	0.887
LOKIASV2_1237_ESMFold_threonine_synthase	AF-A6UEI1-F1-model_v4	AF-A6UEI1-F1-model_v4 Tryptophan synthase beta chain	4.245E-15	1.000	419	33	393	399	11	393	406	414	0.905	0.943
LOKIASV2_1237_ESMFold_threonine_synthase	AF-Q3AGY2-F1-model_v4	AF-Q3AGY2-F1-model_v4 Tryptophan synthase beta chain	3.590E-15	1.000	419	28	397	399	15	410	418	426	0.927	0.947
LOKIASV2_1237_ESMFold_threonine_synthase	AF-Q7TTS6-F1-model_v4	AF-Q7TTS6-F1-model_v4 Tryptophan synthase beta chain	7.013E-15	1.000	419	48	397	399	47	409	418	398	0.877	0.868
LOKIASV2_1237_ESMFold_threonine_synthase	AF-O68905-F1-model_v4	AF-O68905-F1-model_v4 Tryptophan synthase beta chain	9.270E-15	1.000	419	28	396	399	19	407	421	423	0.925	0.924
LOKIASV2_1237_ESMFold_threonine_synthase	AF-B4SY68-F1-model_v4	AF-B4SY68-F1-model_v4 D-serine dehydratase	5.845E-14	1.000	419	91	398	399	77	433	440	366	0.772	0.811
LOKIASV2_1237_ESMFold_threonine_synthase	AF-B5YYW7-F1-model_v4	AF-B5YYW7-F1-model_v4 D-serine dehydratase	3.346E-14	1.000	419	91	396	399	79	432	442	364	0.767	0.801
LOKIASV2_1237_ESMFold_threonine_synthase	AF-O23733-F1-model_v4	AF-O23733-F1-model_v4 Cysteine synthase	6.809E-13	1.000	418	91	399	399	16	309	322	325	0.774	0.913
LOKIASV2_1237_ESMFold_threonine_synthase	AF-Q6GKI9-F1-model_v4	AF-Q6GKI9-F1-model_v4 N-(2-amino-2-carboxyethyl)-L-glutamate synthase	4.872E-13	1.000	418	88	399	399	16	310	326	335	0.782	0.905
LOKIASV2_1237_ESMFold_threonine_synthase	AF-Q7A1Z6-F1-model_v4	AF-Q7A1Z6-F1-model_v4 N-(2-amino-2-carboxyethyl)-L-glutamate synthase	5.151E-13	1.000	418	88	399	399	16	310	326	334	0.782	0.905
LOKIASV2_1237_ESMFold_threonine_synthase	AF-D1GUM7-F1-model_v4	AF-D1GUM7-F1-model_v4 N-(2-amino-2-carboxyethyl)-L-glutamate synthase	6.090E-13	1.000	418	88	399	399	16	310	326	333	0.782	0.905
LOKIASV2_1237_ESMFold_threonine_synthase	AF-Q76MX2-F1-model_v4	AF-Q76MX2-F1-model_v4 Bifunctional L-3-cyanoalanine synthase/cysteine synthase 1, mitochondrial	5.760E-13	1.000	418	89	399	399	41	336	351	328	0.779	0.843
LOKIASV2_1237_ESMFold_threonine_synthase	AF-Q7WD04-F1-model_v4	AF-Q7WD04-F1-model_v4 Tryptophan synthase beta chain	3.538E-14	1.000	418	33	397	399	4	390	399	416	0.915	0.970
LOKIASV2_1237_ESMFold_threonine_synthase	AF-O27696-F1-model_v4	AF-O27696-F1-model_v4 Tryptophan synthase beta chain 1	1.620E-14	1.000	417	48	391	399	26	377	392	389	0.862	0.898
LOKIASV2_1237_ESMFold_threonine_synthase	AF-Q8RGH8-F1-model_v4	AF-Q8RGH8-F1-model_v4 Tryptophan synthase beta chain	2.676E-14	1.000	417	34	397	399	3	387	395	414	0.912	0.975
LOKIASV2_1237_ESMFold_threonine_synthase	AF-A6VPD9-F1-model_v4	AF-A6VPD9-F1-model_v4 Tryptophan synthase beta chain	6.633E-15	1.000	417	40	391	399	15	381	398	394	0.882	0.922
LOKIASV2_1237_ESMFold_threonine_synthase	AF-Q7W5G8-F1-model_v4	AF-Q7W5G8-F1-model_v4 Tryptophan synthase beta chain	3.955E-14	1.000	417	33	397	399	4	390	399	416	0.915	0.970
LOKIASV2_1237_ESMFold_threonine_synthase	AF-Q6NDN6-F1-model_v4	AF-Q6NDN6-F1-model_v4 Tryptophan synthase beta chain	2.025E-14	1.000	417	47	397	399	37	395	404	391	0.880	0.889
LOKIASV2_1237_ESMFold_threonine_synthase	AF-B9JG43-F1-model_v4	AF-B9JG43-F1-model_v4 Tryptophan synthase beta chain	5.932E-15	1.000	417	47	391	399	38	391	404	388	0.865	0.876
LOKIASV2_1237_ESMFold_threonine_synthase	AF-Q31D17-F1-model_v4	AF-Q31D17-F1-model_v4 Tryptophan synthase beta chain	3.211E-15	1.000	417	30	397	399	21	407	414	419	0.922	0.935
LOKIASV2_1237_ESMFold_threonine_synthase	AF-Q7TUH0-F1-model_v4	AF-Q7TUH0-F1-model_v4 Tryptophan synthase beta chain	8.292E-15	1.000	417	48	397	399	44	406	414	396	0.877	0.877
LOKIASV2_1237_ESMFold_threonine_synthase	AF-A5GP60-F1-model_v4	AF-A5GP60-F1-model_v4 Tryptophan synthase beta chain	4.488E-15	1.000	417	48	397	399	45	407	416	397	0.877	0.873
LOKIASV2_1237_ESMFold_threonine_synthase	AF-A8A2M0-F1-model_v4	AF-A8A2M0-F1-model_v4 D-serine dehydratase	3.955E-14	1.000	417	91	397	399	79	434	442	366	0.769	0.805
LOKIASV2_1237_ESMFold_threonine_synthase	AF-Q5JDJ1-F1-model_v4	AF-Q5JDJ1-F1-model_v4 Tryptophan synthase beta chain 2	9.659E-14	1.000	417	90	398	399	77	420	442	355	0.774	0.778
LOKIASV2_1237_ESMFold_threonine_synthase	AF-Q6LHF5-F1-model_v4	AF-Q6LHF5-F1-model_v4 Probable D-serine dehydratase	2.264E-14	1.000	417	91	398	399	79	435	443	369	0.772	0.806
LOKIASV2_1237_ESMFold_threonine_synthase	AF-Q5HJQ3-F1-model_v4	AF-Q5HJQ3-F1-model_v4 N-(2-amino-2-carboxyethyl)-L-glutamate synthase	6.440E-13	1.000	416	88	399	399	16	310	326	334	0.782	0.905
LOKIASV2_1237_ESMFold_threonine_synthase	AF-Q1KLZ1-F1-model_v4	AF-Q1KLZ1-F1-model_v4 L-3-cyanoalanine synthase 2, mitochondrial	1.190E-12	1.000	416	89	399	399	65	360	375	326	0.779	0.789
LOKIASV2_1237_ESMFold_threonine_synthase	AF-Q44685-F1-model_v4	AF-Q44685-F1-model_v4 Tryptophan synthase beta chain	1.449E-14	1.000	416	46	394	399	25	381	388	392	0.875	0.920
LOKIASV2_1237_ESMFold_threonine_synthase	AF-P17167-F1-model_v4	AF-P17167-F1-model_v4 Tryptophan synthase beta chain	1.370E-14	1.000	416	30	397	399	3	396	406	420	0.922	0.970
LOKIASV2_1237_ESMFold_threonine_synthase	AF-Q822W9-F1-model_v4	AF-Q822W9-F1-model_v4 Tryptophan synthase beta chain 1	5.932E-15	1.000	416	19	398	399	4	403	412	437	0.952	0.971
LOKIASV2_1237_ESMFold_threonine_synthase	AF-Q81F73-F1-model_v4	AF-Q81F73-F1-model_v4 Probable D-serine dehydratase	1.277E-13	1.000	416	91	398	399	77	435	443	369	0.772	0.810
LOKIASV2_1237_ESMFold_threonine_synthase	AF-P66901-F1-model_v4	AF-P66901-F1-model_v4 Diaminopropionate ammonia-lyase	5.228E-14	1.000	415	12	397	399	4	385	398	434	0.967	0.960
LOKIASV2_1237_ESMFold_threonine_synthase	AF-Q5HPH0-F1-model_v4	AF-Q5HPH0-F1-model_v4 Tryptophan synthase beta chain	1.811E-14	1.000	415	30	396	399	2	388	402	417	0.920	0.963
LOKIASV2_1237_ESMFold_threonine_synthase	AF-Q8PT95-F1-model_v4	AF-Q8PT95-F1-model_v4 Tryptophan synthase beta chain 1	4.182E-14	1.000	415	48	397	399	34	395	403	391	0.877	0.898
LOKIASV2_1237_ESMFold_threonine_synthase	AF-A5ISQ4-F1-model_v4	AF-A5ISQ4-F1-model_v4 Tryptophan synthase beta chain	4.676E-14	1.000	415	30	396	399	4	390	404	416	0.920	0.958
LOKIASV2_1237_ESMFold_threonine_synthase	AF-Q1MND6-F1-model_v4	AF-Q1MND6-F1-model_v4 Tryptophan synthase beta chain	2.830E-14	1.000	415	47	391	399	38	391	406	388	0.865	0.872
LOKIASV2_1237_ESMFold_threonine_synthase	AF-Q8YQM6-F1-model_v4	AF-Q8YQM6-F1-model_v4 Tryptophan synthase beta chain 2	9.270E-15	1.000	415	48	397	399	42	406	413	399	0.877	0.884
LOKIASV2_1237_ESMFold_threonine_synthase	AF-A1WSF1-F1-model_v4	AF-A1WSF1-F1-model_v4 Tryptophan synthase beta chain	1.225E-14	1.000	415	48	391	399	32	390	421	399	0.862	0.853
LOKIASV2_1237_ESMFold_threonine_synthase	AF-P14671-F1-model_v4	AF-P14671-F1-model_v4 Tryptophan synthase beta chain 1, chloroplastic	2.676E-14	1.000	415	48	398	399	97	465	470	396	0.880	0.785
LOKIASV2_1237_ESMFold_threonine_synthase	AF-A6QDA0-F1-model_v4	AF-A6QDA0-F1-model_v4 N-(2-amino-2-carboxyethyl)-L-glutamate synthase	8.512E-13	1.000	414	88	399	399	16	310	326	335	0.782	0.905
LOKIASV2_1237_ESMFold_threonine_synthase	AF-D3ERF5-F1-model_v4	AF-D3ERF5-F1-model_v4 N-(2-amino-2-carboxyethyl)-L-glutamate synthase	6.809E-13	1.000	414	88	399	399	16	310	326	332	0.782	0.905
LOKIASV2_1237_ESMFold_threonine_synthase	AF-A5N7P0-F1-model_v4	AF-A5N7P0-F1-model_v4 Tryptophan synthase beta chain	2.531E-14	1.000	414	29	396	399	5	387	396	411	0.922	0.967
LOKIASV2_1237_ESMFold_threonine_synthase	AF-B2TM49-F1-model_v4	AF-B2TM49-F1-model_v4 Tryptophan synthase beta chain	3.538E-14	1.000	414	47	396	399	38	391	405	385	0.877	0.874
LOKIASV2_1237_ESMFold_threonine_synthase	AF-B2V2T4-F1-model_v4	AF-B2V2T4-F1-model_v4 Tryptophan synthase beta chain	3.741E-14	1.000	414	47	396	399	38	391	405	385	0.877	0.874
LOKIASV2_1237_ESMFold_threonine_synthase	AF-A4WKQ9-F1-model_v4	AF-A4WKQ9-F1-model_v4 Tryptophan synthase beta chain	1.784E-13	1.000	414	90	398	399	67	405	409	354	0.774	0.829
LOKIASV2_1237_ESMFold_threonine_synthase	AF-A2BUE1-F1-model_v4	AF-A2BUE1-F1-model_v4 Tryptophan synthase beta chain	1.296E-14	1.000	414	48	397	399	45	407	414	396	0.877	0.877
LOKIASV2_1237_ESMFold_threonine_synthase	AF-Q8ZL08-F1-model_v4	AF-Q8ZL08-F1-model_v4 D-serine dehydratase	3.346E-14	1.000	414	91	398	399	77	433	440	368	0.772	0.811
LOKIASV2_1237_ESMFold_threonine_synthase	AF-Q0TF95-F1-model_v4	AF-Q0TF95-F1-model_v4 D-serine dehydratase 1	3.538E-14	1.000	414	91	397	399	79	434	442	366	0.769	0.805
LOKIASV2_1237_ESMFold_threonine_synthase	AF-Q97EF5-F1-model_v4	AF-Q97EF5-F1-model_v4 Tryptophan synthase beta chain	4.182E-14	1.000	413	31	398	399	1	384	394	409	0.922	0.975
LOKIASV2_1237_ESMFold_threonine_synthase	AF-Q47HQ5-F1-model_v4	AF-Q47HQ5-F1-model_v4 Tryptophan synthase beta chain	5.228E-14	1.000	413	30	397	399	1	390	399	416	0.922	0.977
LOKIASV2_1237_ESMFold_threonine_synthase	AF-B2HVC6-F1-model_v4	AF-B2HVC6-F1-model_v4 Probable D-serine dehydratase	3.211E-15	1.000	413	45	396	399	32	432	444	430	0.882	0.903
LOKIASV2_1237_ESMFold_threonine_synthase	AF-Q2FKE3-F1-model_v4	AF-Q2FKE3-F1-model_v4 N-(2-amino-2-carboxyethyl)-L-glutamate synthase	9.000E-13	1.000	412	88	399	399	16	310	326	334	0.782	0.905
LOKIASV2_1237_ESMFold_threonine_synthase	AF-A7WX68-F1-model_v4	AF-A7WX68-F1-model_v4 N-(2-amino-2-carboxyethyl)-L-glutamate synthase	1.006E-12	1.000	412	88	399	399	16	310	326	335	0.782	0.905
LOKIASV2_1237_ESMFold_threonine_synthase	AF-A5INY7-F1-model_v4	AF-A5INY7-F1-model_v4 N-(2-amino-2-carboxyethyl)-L-glutamate synthase	8.512E-13	1.000	412	88	399	399	16	310	326	336	0.782	0.905
LOKIASV2_1237_ESMFold_threonine_synthase	AF-B0SDM8-F1-model_v4	AF-B0SDM8-F1-model_v4 Tryptophan synthase beta chain	2.394E-14	1.000	412	48	398	399	25	388	396	393	0.880	0.919
LOKIASV2_1237_ESMFold_threonine_synthase	AF-O66923-F1-model_v4	AF-O66923-F1-model_v4 Tryptophan synthase beta chain 1	3.955E-14	1.000	412	31	397	399	1	388	397	415	0.920	0.977
LOKIASV2_1237_ESMFold_threonine_synthase	AF-B4RCL0-F1-model_v4	AF-B4RCL0-F1-model_v4 Tryptophan synthase beta chain	1.620E-14	1.000	412	48	397	399	39	398	406	395	0.877	0.887
LOKIASV2_1237_ESMFold_threonine_synthase	AF-Q92TC9-F1-model_v4	AF-Q92TC9-F1-model_v4 Tryptophan synthase beta chain	1.449E-14	1.000	412	34	397	399	13	398	406	417	0.912	0.951
LOKIASV2_1237_ESMFold_threonine_synthase	AF-A4QI76-F1-model_v4	AF-A4QI76-F1-model_v4 Tryptophan synthase beta chain	2.394E-14	1.000	412	48	396	399	36	399	417	395	0.875	0.873
LOKIASV2_1237_ESMFold_threonine_synthase	AF-Q0I6V1-F1-model_v4	AF-Q0I6V1-F1-model_v4 Tryptophan synthase beta chain	1.620E-14	1.000	412	48	397	399	47	409	418	397	0.877	0.868
LOKIASV2_1237_ESMFold_threonine_synthase	AF-B7N5W6-F1-model_v4	AF-B7N5W6-F1-model_v4 D-serine dehydratase	3.346E-14	1.000	412	91	398	399	79	435	443	367	0.772	0.806
LOKIASV2_1237_ESMFold_threonine_synthase	AF-A5W4Y8-F1-model_v4	AF-A5W4Y8-F1-model_v4 Probable D-serine dehydratase	3.741E-14	1.000	412	91	398	399	80	435	449	366	0.772	0.793
LOKIASV2_1237_ESMFold_threonine_synthase	AF-P35520-F1-model_v4	AF-P35520-F1-model_v4 Cystathionine beta-synthase	1.330E-12	1.000	412	88	399	399	84	387	551	330	0.782	0.552
LOKIASV2_1237_ESMFold_threonine_synthase	AF-Q2G1N3-F1-model_v4	AF-Q2G1N3-F1-model_v4 N-(2-amino-2-carboxyethyl)-L-glutamate synthase	9.517E-13	1.000	411	88	399	399	16	310	326	335	0.782	0.905
LOKIASV2_1237_ESMFold_threonine_synthase	AF-C4LC89-F1-model_v4	AF-C4LC89-F1-model_v4 Tryptophan synthase beta chain	3.164E-14	1.000	411	31	397	399	1	385	397	413	0.920	0.970
LOKIASV2_1237_ESMFold_threonine_synthase	AF-A1AXS9-F1-model_v4	AF-A1AXS9-F1-model_v4 Tryptophan synthase beta chain	2.788E-13	1.000	411	91	397	399	61	393	401	353	0.769	0.830
LOKIASV2_1237_ESMFold_threonine_synthase	AF-D0K799-F1-model_v4	AF-D0K799-F1-model_v4 N-(2-amino-2-carboxyethyl)-L-glutamate synthase	1.006E-12	1.000	410	88	399	399	16	310	326	334	0.782	0.905
LOKIASV2_1237_ESMFold_threonine_synthase	AF-Q6GD09-F1-model_v4	AF-Q6GD09-F1-model_v4 N-(2-amino-2-carboxyethyl)-L-glutamate synthase	1.006E-12	1.000	410	88	399	399	16	310	326	334	0.782	0.905
LOKIASV2_1237_ESMFold_threonine_synthase	AF-B2VKT2-F1-model_v4	AF-B2VKT2-F1-model_v4 Tryptophan synthase beta chain	2.992E-14	1.000	410	48	397	399	27	389	396	393	0.877	0.917
LOKIASV2_1237_ESMFold_threonine_synthase	AF-Q98CN7-F1-model_v4	AF-Q98CN7-F1-model_v4 Tryptophan synthase beta chain	5.932E-15	1.000	410	33	397	399	11	408	416	426	0.915	0.957
LOKIASV2_1237_ESMFold_threonine_synthase	AF-B0UWV3-F1-model_v4	AF-B0UWV3-F1-model_v4 Probable D-serine dehydratase	7.307E-14	1.000	410	91	398	399	75	430	438	366	0.772	0.813
LOKIASV2_1237_ESMFold_threonine_synthase	AF-A1TPW5-F1-model_v4	AF-A1TPW5-F1-model_v4 Probable D-serine dehydratase	4.422E-14	1.000	410	91	398	399	82	437	451	366	0.772	0.789
LOKIASV2_1237_ESMFold_threonine_synthase	AF-P0DN79-F1-model_v4	AF-P0DN79-F1-model_v4 Cystathionine beta-synthase-like protein	1.125E-12	1.000	410	88	391	399	84	378	551	321	0.762	0.535
LOKIASV2_1237_ESMFold_threonine_synthase	AF-P16578-F1-model_v4	AF-P16578-F1-model_v4 Tryptophan synthase	2.264E-14	1.000	410	47	396	399	321	680	705	394	0.877	0.511
LOKIASV2_1237_ESMFold_threonine_synthase	AF-Q43153-F1-model_v4	AF-Q43153-F1-model_v4 Bifunctional L-3-cyanoalanine synthase/cysteine synthase, mitochondrial	5.760E-13	1.000	409	89	399	399	58	353	368	329	0.779	0.804
LOKIASV2_1237_ESMFold_threonine_synthase	AF-Q0HWI3-F1-model_v4	AF-Q0HWI3-F1-model_v4 Tryptophan synthase beta chain	8.170E-14	1.000	409	108	398	399	74	391	396	332	0.729	0.803
LOKIASV2_1237_ESMFold_threonine_synthase	AF-Q8YZP7-F1-model_v4	AF-Q8YZP7-F1-model_v4 Tryptophan synthase beta chain 1	2.141E-14	1.000	409	47	397	399	38	403	409	397	0.880	0.895
LOKIASV2_1237_ESMFold_threonine_synthase	AF-Q118P8-F1-model_v4	AF-Q118P8-F1-model_v4 Tryptophan synthase beta chain	1.915E-14	1.000	409	48	397	399	39	402	409	396	0.877	0.890
LOKIASV2_1237_ESMFold_threonine_synthase	AF-Q8XSQ0-F1-model_v4	AF-Q8XSQ0-F1-model_v4 N-(2-amino-2-carboxyethyl)-L-glutamate synthase	7.613E-13	1.000	408	88	399	399	10	306	338	328	0.782	0.879
LOKIASV2_1237_ESMFold_threonine_synthase	AF-A7H523-F1-model_v4	AF-A7H523-F1-model_v4 Tryptophan synthase beta chain	2.531E-14	1.000	408	48	397	399	25	381	392	390	0.877	0.911
LOKIASV2_1237_ESMFold_threonine_synthase	AF-P59458-F1-model_v4	AF-P59458-F1-model_v4 Tryptophan synthase beta chain	2.141E-14	1.000	408	46	396	399	25	384	394	392	0.880	0.914
LOKIASV2_1237_ESMFold_threonine_synthase	AF-A3QF73-F1-model_v4	AF-A3QF73-F1-model_v4 Tryptophan synthase beta chain	8.639E-14	1.000	408	108	398	399	73	390	403	332	0.729	0.789
LOKIASV2_1237_ESMFold_threonine_synthase	AF-B2KCI5-F1-model_v4	AF-B2KCI5-F1-model_v4 Tryptophan synthase beta chain	3.486E-13	1.000	408	90	396	399	71	398	412	347	0.769	0.796
LOKIASV2_1237_ESMFold_threonine_synthase	AF-Q5PKR3-F1-model_v4	AF-Q5PKR3-F1-model_v4 D-serine dehydratase	8.767E-15	1.000	408	47	398	399	46	433	440	412	0.882	0.882
LOKIASV2_1237_ESMFold_threonine_synthase	AF-A9MKH2-F1-model_v4	AF-A9MKH2-F1-model_v4 D-serine dehydratase	2.992E-14	1.000	408	47	398	399	46	433	440	410	0.882	0.882
LOKIASV2_1237_ESMFold_threonine_synthase	AF-A4XXF3-F1-model_v4	AF-A4XXF3-F1-model_v4 Probable D-serine dehydratase	2.992E-14	1.000	408	47	397	399	49	438	446	414	0.880	0.874
LOKIASV2_1237_ESMFold_threonine_synthase	AF-C6DGZ5-F1-model_v4	AF-C6DGZ5-F1-model_v4 Tryptophan synthase beta chain	3.741E-14	1.000	407	48	397	399	27	389	396	393	0.877	0.917
LOKIASV2_1237_ESMFold_threonine_synthase	AF-P22097-F1-model_v4	AF-P22097-F1-model_v4 Tryptophan synthase beta chain 1	3.164E-14	1.000	407	48	398	399	27	387	396	392	0.880	0.912
LOKIASV2_1237_ESMFold_threonine_synthase	AF-B7VGU7-F1-model_v4	AF-B7VGU7-F1-model_v4 Tryptophan synthase beta chain	7.307E-14	1.000	407	48	398	399	27	387	396	390	0.880	0.912
LOKIASV2_1237_ESMFold_threonine_synthase	AF-A6T7W6-F1-model_v4	AF-A6T7W6-F1-model_v4 Tryptophan synthase beta chain	1.811E-14	1.000	407	48	397	399	28	390	397	398	0.877	0.914
LOKIASV2_1237_ESMFold_threonine_synthase	AF-Q8CPB1-F1-model_v4	AF-Q8CPB1-F1-model_v4 Tryptophan synthase beta chain	3.164E-14	1.000	407	30	396	399	2	388	402	417	0.920	0.963
LOKIASV2_1237_ESMFold_threonine_synthase	AF-O50046-F1-model_v4	AF-O50046-F1-model_v4 Tryptophan synthase beta chain 2, chloroplastic	4.944E-14	1.000	407	47	398	399	95	461	466	398	0.882	0.788
LOKIASV2_1237_ESMFold_threonine_synthase	AF-Q0HK81-F1-model_v4	AF-Q0HK81-F1-model_v4 Tryptophan synthase beta chain	1.021E-13	1.000	406	108	398	399	74	391	396	332	0.729	0.803
LOKIASV2_1237_ESMFold_threonine_synthase	AF-B2IF48-F1-model_v4	AF-B2IF48-F1-model_v4 Tryptophan synthase beta chain	1.713E-14	1.000	406	35	397	399	13	405	414	423	0.910	0.949
LOKIASV2_1237_ESMFold_threonine_synthase	AF-A1RVT1-F1-model_v4	AF-A1RVT1-F1-model_v4 Tryptophan synthase beta chain	8.767E-15	1.000	406	28	398	399	10	405	420	420	0.930	0.943
LOKIASV2_1237_ESMFold_threonine_synthase	AF-B4S1J4-F1-model_v4	AF-B4S1J4-F1-model_v4 Tryptophan synthase beta chain	5.528E-14	1.000	405	48	397	399	27	385	393	398	0.877	0.913
LOKIASV2_1237_ESMFold_threonine_synthase	AF-Q0BP45-F1-model_v4	AF-Q0BP45-F1-model_v4 Tryptophan synthase beta chain	8.170E-14	1.000	405	90	397	399	55	389	396	355	0.772	0.846
LOKIASV2_1237_ESMFold_threonine_synthase	AF-Q4UWD2-F1-model_v4	AF-Q4UWD2-F1-model_v4 Tryptophan synthase beta chain	1.915E-14	1.000	405	29	397	399	7	396	405	419	0.925	0.963
LOKIASV2_1237_ESMFold_threonine_synthase	AF-Q0I5V1-F1-model_v4	AF-Q0I5V1-F1-model_v4 Probable D-serine dehydratase	1.142E-13	1.000	405	91	398	399	75	430	438	366	0.772	0.813
LOKIASV2_1237_ESMFold_threonine_synthase	AF-B4TMW9-F1-model_v4	AF-B4TMW9-F1-model_v4 D-serine dehydratase	6.911E-14	1.000	405	91	398	399	77	433	440	368	0.772	0.811
LOKIASV2_1237_ESMFold_threonine_synthase	AF-Q8Z2L4-F1-model_v4	AF-Q8Z2L4-F1-model_v4 D-serine dehydratase	7.307E-14	1.000	405	91	398	399	77	433	440	368	0.772	0.811
LOKIASV2_1237_ESMFold_threonine_synthase	AF-Q396Y3-F1-model_v4	AF-Q396Y3-F1-model_v4 Probable D-serine dehydratase	1.370E-14	1.000	405	48	396	399	46	427	446	406	0.875	0.857
LOKIASV2_1237_ESMFold_threonine_synthase	AF-D2N3G7-F1-model_v4	AF-D2N3G7-F1-model_v4 N-(2-amino-2-carboxyethyl)-L-glutamate synthase	1.859E-12	1.000	404	88	399	399	16	310	326	333	0.782	0.905
LOKIASV2_1237_ESMFold_threonine_synthase	AF-A8YZ41-F1-model_v4	AF-A8YZ41-F1-model_v4 N-(2-amino-2-carboxyethyl)-L-glutamate synthase	1.663E-12	1.000	404	88	399	399	16	310	326	335	0.782	0.905
LOKIASV2_1237_ESMFold_threonine_synthase	AF-B6EJA3-F1-model_v4	AF-B6EJA3-F1-model_v4 Tryptophan synthase beta chain	1.784E-13	1.000	404	90	397	399	55	389	396	354	0.772	0.846
LOKIASV2_1237_ESMFold_threonine_synthase	AF-Q65TF0-F1-model_v4	AF-Q65TF0-F1-model_v4 Tryptophan synthase beta chain	3.955E-14	1.000	404	48	398	399	29	392	398	395	0.880	0.915
LOKIASV2_1237_ESMFold_threonine_synthase	AF-A9MWI4-F1-model_v4	AF-A9MWI4-F1-model_v4 D-serine dehydratase	5.228E-14	1.000	404	47	398	399	46	433	440	410	0.882	0.882
LOKIASV2_1237_ESMFold_threonine_synthase	AF-B1JKS2-F1-model_v4	AF-B1JKS2-F1-model_v4 Tryptophan synthase beta chain	3.346E-14	1.000	403	48	397	399	27	389	396	395	0.877	0.917
LOKIASV2_1237_ESMFold_threonine_synthase	AF-B2SEK7-F1-model_v4	AF-B2SEK7-F1-model_v4 Tryptophan synthase beta chain	1.142E-13	1.000	403	90	397	399	55	389	396	355	0.772	0.846
LOKIASV2_1237_ESMFold_threonine_synthase	AF-B1KK02-F1-model_v4	AF-B1KK02-F1-model_v4 Tryptophan synthase beta chain	1.509E-13	1.000	403	108	398	399	72	389	407	332	0.729	0.781
LOKIASV2_1237_ESMFold_threonine_synthase	AF-P25269-F1-model_v4	AF-P25269-F1-model_v4 Tryptophan synthase beta chain 2, chloroplastic	1.207E-13	1.000	403	47	398	399	104	470	475	397	0.882	0.773
LOKIASV2_1237_ESMFold_threonine_synthase	AF-P31300-F1-model_v4	AF-P31300-F1-model_v4 Cysteine synthase, chloroplastic/chromoplastic	2.198E-12	1.000	402	89	399	399	76	361	374	324	0.779	0.765
LOKIASV2_1237_ESMFold_threonine_synthase	AF-B3GX46-F1-model_v4	AF-B3GX46-F1-model_v4 Tryptophan synthase beta chain	6.911E-14	1.000	402	48	391	399	26	381	396	383	0.862	0.899
LOKIASV2_1237_ESMFold_threonine_synthase	AF-Q492N6-F1-model_v4	AF-Q492N6-F1-model_v4 Tryptophan synthase beta chain	3.346E-14	1.000	402	48	397	399	27	385	396	396	0.877	0.907
LOKIASV2_1237_ESMFold_threonine_synthase	AF-Q2J2G4-F1-model_v4	AF-Q2J2G4-F1-model_v4 Tryptophan synthase beta chain	6.535E-14	1.000	402	48	397	399	38	395	404	390	0.877	0.886
LOKIASV2_1237_ESMFold_threonine_synthase	AF-Q3MBV3-F1-model_v4	AF-Q3MBV3-F1-model_v4 Tryptophan synthase beta chain	2.676E-14	1.000	402	48	397	399	42	406	413	396	0.877	0.884
LOKIASV2_1237_ESMFold_threonine_synthase	AF-A9BD24-F1-model_v4	AF-A9BD24-F1-model_v4 Tryptophan synthase beta chain	2.992E-14	1.000	402	30	397	399	21	407	416	418	0.922	0.930
LOKIASV2_1237_ESMFold_threonine_synthase	AF-Q73AC5-F1-model_v4	AF-Q73AC5-F1-model_v4 Probable D-serine dehydratase	2.110E-13	1.000	402	91	397	399	77	430	443	366	0.769	0.799
LOKIASV2_1237_ESMFold_threonine_synthase	AF-Q2V0C9-F1-model_v4	AF-Q2V0C9-F1-model_v4 Cystathionine beta-synthase	6.809E-13	1.000	402	88	390	399	43	335	504	322	0.759	0.581
LOKIASV2_1237_ESMFold_threonine_synthase	AF-O01592-F1-model_v4	AF-O01592-F1-model_v4 Cysteine synthase 3	2.324E-12	1.000	401	88	392	399	14	301	337	316	0.764	0.855
LOKIASV2_1237_ESMFold_threonine_synthase	AF-P43283-F1-model_v4	AF-P43283-F1-model_v4 Tryptophan synthase beta chain 1	1.350E-13	1.000	401	48	398	399	16	384	389	396	0.880	0.949
LOKIASV2_1237_ESMFold_threonine_synthase	AF-A0Q8M6-F1-model_v4	AF-A0Q8M6-F1-model_v4 Tryptophan synthase beta chain	1.277E-13	1.000	401	90	397	399	55	389	396	355	0.772	0.846
LOKIASV2_1237_ESMFold_threonine_synthase	AF-B0TWI3-F1-model_v4	AF-B0TWI3-F1-model_v4 Tryptophan synthase beta chain	2.110E-13	1.000	401	90	397	399	55	389	396	353	0.772	0.846
LOKIASV2_1237_ESMFold_threonine_synthase	AF-Q2A5V3-F1-model_v4	AF-Q2A5V3-F1-model_v4 Tryptophan synthase beta chain	1.080E-13	1.000	401	90	397	399	55	389	396	355	0.772	0.846
LOKIASV2_1237_ESMFold_threonine_synthase	AF-P43284-F1-model_v4	AF-P43284-F1-model_v4 Tryptophan synthase beta chain 2, chloroplastic	7.307E-14	1.000	401	48	398	399	70	438	443	396	0.880	0.833
LOKIASV2_1237_ESMFold_threonine_synthase	AF-P56142-F1-model_v4	AF-P56142-F1-model_v4 Tryptophan synthase beta chain	8.639E-14	1.000	400	48	397	399	26	383	393	396	0.877	0.911
LOKIASV2_1237_ESMFold_threonine_synthase	AF-B0BU72-F1-model_v4	AF-B0BU72-F1-model_v4 Tryptophan synthase beta chain	4.182E-14	1.000	400	48	391	399	26	381	396	386	0.862	0.899
LOKIASV2_1237_ESMFold_threonine_synthase	AF-B4EWH7-F1-model_v4	AF-B4EWH7-F1-model_v4 Tryptophan synthase beta chain	5.845E-14	1.000	400	48	397	399	27	389	396	394	0.877	0.917
LOKIASV2_1237_ESMFold_threonine_synthase	AF-Q14FN2-F1-model_v4	AF-Q14FN2-F1-model_v4 Tryptophan synthase beta chain	1.427E-13	1.000	400	90	397	399	55	389	396	355	0.772	0.846
LOKIASV2_1237_ESMFold_threonine_synthase	AF-O68428-F1-model_v4	AF-O68428-F1-model_v4 Tryptophan synthase beta chain	2.992E-14	1.000	400	31	397	399	1	389	397	417	0.920	0.980
LOKIASV2_1237_ESMFold_threonine_synthase	AF-Q8P7R8-F1-model_v4	AF-Q8P7R8-F1-model_v4 Tryptophan synthase beta chain	3.741E-14	1.000	400	29	397	399	7	396	405	421	0.925	0.963
LOKIASV2_1237_ESMFold_threonine_synthase	AF-B2U0F2-F1-model_v4	AF-B2U0F2-F1-model_v4 Tryptophan synthase beta chain	5.845E-14	1.000	399	48	397	399	28	390	397	393	0.877	0.914
LOKIASV2_1237_ESMFold_threonine_synthase	AF-A7MYG2-F1-model_v4	AF-A7MYG2-F1-model_v4 Probable D-serine dehydratase	1.036E-14	1.000	399	48	398	399	49	435	443	413	0.880	0.874
LOKIASV2_1237_ESMFold_threonine_synthase	AF-P9WP52-F1-model_v4	AF-P9WP52-F1-model_v4 O-phosphoserine sulfhydrylase	2.637E-13	1.000	398	89	393	399	12	299	323	323	0.764	0.892
LOKIASV2_1237_ESMFold_threonine_synthase	AF-Q99X99-F1-model_v4	AF-Q99X99-F1-model_v4 N-(2-amino-2-carboxyethyl)-L-glutamate synthase	2.747E-12	1.000	398	88	399	399	16	310	326	334	0.782	0.905
LOKIASV2_1237_ESMFold_threonine_synthase	AF-A8GF82-F1-model_v4	AF-A8GF82-F1-model_v4 Tryptophan synthase beta chain	8.170E-14	1.000	398	48	397	399	27	389	396	394	0.877	0.917
LOKIASV2_1237_ESMFold_threonine_synthase	AF-A3D630-F1-model_v4	AF-A3D630-F1-model_v4 Tryptophan synthase beta chain	1.995E-13	1.000	398	108	398	399	74	391	396	332	0.729	0.803
LOKIASV2_1237_ESMFold_threonine_synthase	AF-Q8ZEG9-F1-model_v4	AF-Q8ZEG9-F1-model_v4 Tryptophan synthase beta chain	5.228E-14	1.000	398	48	397	399	27	389	396	395	0.877	0.917
LOKIASV2_1237_ESMFold_threonine_synthase	AF-Q2NT52-F1-model_v4	AF-Q2NT52-F1-model_v4 Tryptophan synthase beta chain	3.955E-14	1.000	398	48	397	399	27	389	396	396	0.877	0.917
LOKIASV2_1237_ESMFold_threonine_synthase	AF-A7ZZJ7-F1-model_v4	AF-A7ZZJ7-F1-model_v4 Tryptophan synthase beta chain	6.911E-14	1.000	398	48	397	399	28	390	397	393	0.877	0.914
LOKIASV2_1237_ESMFold_threonine_synthase	AF-Q084N8-F1-model_v4	AF-Q084N8-F1-model_v4 Tryptophan synthase beta chain	2.637E-13	1.000	398	108	398	399	74	391	403	332	0.729	0.789
LOKIASV2_1237_ESMFold_threonine_synthase	AF-Q9HSC0-F1-model_v4	AF-Q9HSC0-F1-model_v4 Tryptophan synthase beta chain	4.121E-13	1.000	398	91	397	399	65	409	430	357	0.769	0.802
LOKIASV2_1237_ESMFold_threonine_synthase	AF-Q7TUL2-F1-model_v4	AF-Q7TUL2-F1-model_v4 Tryptophan synthase beta chain	4.182E-14	1.000	398	48	397	399	65	427	436	395	0.877	0.833
LOKIASV2_1237_ESMFold_threonine_synthase	AF-Q8FT12-F1-model_v4	AF-Q8FT12-F1-model_v4 Tryptophan synthase beta chain 2	7.200E-13	1.000	398	91	397	399	65	403	439	354	0.769	0.772
LOKIASV2_1237_ESMFold_threonine_synthase	AF-B4TA53-F1-model_v4	AF-B4TA53-F1-model_v4 D-serine dehydratase	1.915E-14	1.000	398	47	398	399	46	433	440	414	0.882	0.882
LOKIASV2_1237_ESMFold_threonine_synthase	AF-C1EPF1-F1-model_v4	AF-C1EPF1-F1-model_v4 Probable D-serine dehydratase	2.531E-14	1.000	398	43	397	399	40	430	446	426	0.890	0.877
LOKIASV2_1237_ESMFold_threonine_synthase	AF-A6V271-F1-model_v4	AF-A6V271-F1-model_v4 Probable D-serine dehydratase	4.121E-13	1.000	398	91	398	399	80	437	448	367	0.772	0.799
LOKIASV2_1237_ESMFold_threonine_synthase	AF-A1VY69-F1-model_v4	AF-A1VY69-F1-model_v4 Tryptophan synthase beta chain	5.528E-14	1.000	397	48	397	399	25	381	392	391	0.877	0.911
LOKIASV2_1237_ESMFold_threonine_synthase	AF-Q9KST6-F1-model_v4	AF-Q9KST6-F1-model_v4 Tryptophan synthase beta chain	1.277E-13	1.000	397	48	398	399	27	387	396	390	0.880	0.912
LOKIASV2_1237_ESMFold_threonine_synthase	AF-A6WPX1-F1-model_v4	AF-A6WPX1-F1-model_v4 Tryptophan synthase beta chain	2.231E-13	1.000	397	108	398	399	74	391	396	332	0.729	0.803
LOKIASV2_1237_ESMFold_threonine_synthase	AF-Q7MM56-F1-model_v4	AF-Q7MM56-F1-model_v4 Tryptophan synthase beta chain	1.688E-13	1.000	397	48	398	399	27	387	396	390	0.880	0.912
LOKIASV2_1237_ESMFold_threonine_synthase	AF-A1JPX6-F1-model_v4	AF-A1JPX6-F1-model_v4 Tryptophan synthase beta chain	5.845E-14	1.000	397	29	397	399	2	389	396	414	0.925	0.980
LOKIASV2_1237_ESMFold_threonine_synthase	AF-Q7N486-F1-model_v4	AF-Q7N486-F1-model_v4 Tryptophan synthase beta chain	4.422E-14	1.000	397	48	397	399	27	389	396	395	0.877	0.917
LOKIASV2_1237_ESMFold_threonine_synthase	AF-Q1C7P2-F1-model_v4	AF-Q1C7P2-F1-model_v4 Tryptophan synthase beta chain	5.845E-14	1.000	397	48	397	399	27	389	396	395	0.877	0.917
LOKIASV2_1237_ESMFold_threonine_synthase	AF-Q0T5D5-F1-model_v4	AF-Q0T5D5-F1-model_v4 Tryptophan synthase beta chain	7.726E-14	1.000	397	48	397	399	28	390	397	393	0.877	0.914
LOKIASV2_1237_ESMFold_threonine_synthase	AF-Q87QA2-F1-model_v4	AF-Q87QA2-F1-model_v4 Probable D-serine dehydratase	2.992E-14	1.000	397	47	398	399	48	435	443	411	0.882	0.876
LOKIASV2_1237_ESMFold_threonine_synthase	AF-A1RIE3-F1-model_v4	AF-A1RIE3-F1-model_v4 Tryptophan synthase beta chain	2.359E-13	1.000	396	108	398	399	74	391	396	332	0.729	0.803
LOKIASV2_1237_ESMFold_threonine_synthase	AF-A7N9D2-F1-model_v4	AF-A7N9D2-F1-model_v4 Tryptophan synthase beta chain	1.688E-13	1.000	396	90	397	399	55	389	396	355	0.772	0.846
LOKIASV2_1237_ESMFold_threonine_synthase	AF-Q8D8B2-F1-model_v4	AF-Q8D8B2-F1-model_v4 Tryptophan synthase beta chain	1.596E-13	1.000	396	48	398	399	27	387	396	390	0.880	0.912
LOKIASV2_1237_ESMFold_threonine_synthase	AF-Q5NE79-F1-model_v4	AF-Q5NE79-F1-model_v4 Tryptophan synthase beta chain	2.231E-13	1.000	396	90	397	399	55	389	396	355	0.772	0.846
LOKIASV2_1237_ESMFold_threonine_synthase	AF-A7ZL79-F1-model_v4	AF-A7ZL79-F1-model_v4 Tryptophan synthase beta chain	7.726E-14	1.000	396	48	397	399	28	390	397	393	0.877	0.914
LOKIASV2_1237_ESMFold_threonine_synthase	AF-A0KMD0-F1-model_v4	AF-A0KMD0-F1-model_v4 Tryptophan synthase beta chain	1.142E-13	1.000	396	48	398	399	27	390	397	392	0.880	0.917
LOKIASV2_1237_ESMFold_threonine_synthase	AF-Q7M8W7-F1-model_v4	AF-Q7M8W7-F1-model_v4 Tryptophan synthase beta chain 2	3.538E-14	1.000	396	30	391	399	8	388	402	406	0.907	0.948
LOKIASV2_1237_ESMFold_threonine_synthase	AF-B0KGK3-F1-model_v4	AF-B0KGK3-F1-model_v4 Probable D-serine dehydratase	1.427E-13	1.000	396	95	398	399	87	435	445	359	0.762	0.784
LOKIASV2_1237_ESMFold_threonine_synthase	AF-A4IVS4-F1-model_v4	AF-A4IVS4-F1-model_v4 Tryptophan synthase beta chain	2.359E-13	1.000	395	90	397	399	55	389	396	355	0.772	0.846
LOKIASV2_1237_ESMFold_threonine_synthase	AF-B5EY75-F1-model_v4	AF-B5EY75-F1-model_v4 D-serine dehydratase	7.726E-14	1.000	395	47	398	399	46	433	440	410	0.882	0.882
LOKIASV2_1237_ESMFold_threonine_synthase	AF-Q6D4U0-F1-model_v4	AF-Q6D4U0-F1-model_v4 Tryptophan synthase beta chain	9.659E-14	1.000	394	31	397	399	1	389	396	419	0.920	0.982
LOKIASV2_1237_ESMFold_threonine_synthase	AF-B5FDB7-F1-model_v4	AF-B5FDB7-F1-model_v4 Tryptophan synthase beta chain	1.277E-13	1.000	394	48	397	399	27	389	396	392	0.877	0.917
LOKIASV2_1237_ESMFold_threonine_synthase	AF-Q8ECV0-F1-model_v4	AF-Q8ECV0-F1-model_v4 Tryptophan synthase beta chain	2.637E-13	1.000	394	108	398	399	74	391	396	333	0.729	0.803
LOKIASV2_1237_ESMFold_threonine_synthase	AF-C3LLL6-F1-model_v4	AF-C3LLL6-F1-model_v4 Tryptophan synthase beta chain	1.427E-13	1.000	394	48	398	399	27	387	396	390	0.880	0.912
LOKIASV2_1237_ESMFold_threonine_synthase	AF-B7N474-F1-model_v4	AF-B7N474-F1-model_v4 Tryptophan synthase beta chain	9.659E-14	1.000	394	48	397	399	28	390	397	393	0.877	0.914
LOKIASV2_1237_ESMFold_threonine_synthase	AF-A4SKT1-F1-model_v4	AF-A4SKT1-F1-model_v4 Tryptophan synthase beta chain	1.021E-13	1.000	394	48	398	399	27	390	397	392	0.880	0.917
LOKIASV2_1237_ESMFold_threonine_synthase	AF-P42391-F1-model_v4	AF-P42391-F1-model_v4 Tryptophan synthase beta chain	2.676E-14	1.000	394	31	398	399	1	389	399	427	0.922	0.975
LOKIASV2_1237_ESMFold_threonine_synthase	AF-B0R332-F1-model_v4	AF-B0R332-F1-model_v4 Tryptophan synthase beta chain	4.607E-13	1.000	394	91	397	399	65	409	430	357	0.769	0.802
LOKIASV2_1237_ESMFold_threonine_synthase	AF-B5QU31-F1-model_v4	AF-B5QU31-F1-model_v4 D-serine dehydratase	3.346E-14	1.000	394	47	398	399	46	433	440	412	0.882	0.882
LOKIASV2_1237_ESMFold_threonine_synthase	AF-C3LWD9-F1-model_v4	AF-C3LWD9-F1-model_v4 Probable D-serine dehydratase	3.538E-14	1.000	394	91	397	399	79	434	441	369	0.769	0.807
LOKIASV2_1237_ESMFold_threonine_synthase	AF-A4SPX2-F1-model_v4	AF-A4SPX2-F1-model_v4 Probable D-serine dehydratase	3.741E-14	1.000	394	92	398	399	82	435	443	368	0.769	0.799
LOKIASV2_1237_ESMFold_threonine_synthase	AF-Q63D23-F1-model_v4	AF-Q63D23-F1-model_v4 Probable D-serine dehydratase	2.788E-13	1.000	394	91	391	399	77	422	446	356	0.754	0.776
LOKIASV2_1237_ESMFold_threonine_synthase	AF-A7FI33-F1-model_v4	AF-A7FI33-F1-model_v4 Tryptophan synthase beta chain	8.170E-14	1.000	393	48	397	399	27	389	396	395	0.877	0.917
LOKIASV2_1237_ESMFold_threonine_synthase	AF-B1XBL0-F1-model_v4	AF-B1XBL0-F1-model_v4 Tryptophan synthase beta chain	7.726E-14	1.000	393	48	397	399	28	390	397	393	0.877	0.914
LOKIASV2_1237_ESMFold_threonine_synthase	AF-B8CLM6-F1-model_v4	AF-B8CLM6-F1-model_v4 Tryptophan synthase beta chain	1.995E-13	1.000	393	108	398	399	72	389	405	334	0.729	0.785
LOKIASV2_1237_ESMFold_threonine_synthase	AF-A5F0M6-F1-model_v4	AF-A5F0M6-F1-model_v4 Probable D-serine dehydratase	1.532E-14	1.000	393	47	397	399	48	434	441	413	0.880	0.878
LOKIASV2_1237_ESMFold_threonine_synthase	AF-A6UB95-F1-model_v4	AF-A6UB95-F1-model_v4 Probable D-serine dehydratase	3.118E-13	1.000	393	91	398	399	74	429	442	369	0.772	0.805
LOKIASV2_1237_ESMFold_threonine_synthase	AF-C1FW07-F1-model_v4	AF-C1FW07-F1-model_v4 2-amino-4-ketopentanoate thiolase beta subunit	1.159E-14	1.000	393	46	398	399	36	382	472	390	0.885	0.735
LOKIASV2_1237_ESMFold_threonine_synthase	AF-Q1CJ28-F1-model_v4	AF-Q1CJ28-F1-model_v4 Tryptophan synthase beta chain	6.181E-14	1.000	392	48	397	399	27	389	396	395	0.877	0.917
LOKIASV2_1237_ESMFold_threonine_synthase	AF-A4Y845-F1-model_v4	AF-A4Y845-F1-model_v4 Tryptophan synthase beta chain	3.297E-13	1.000	392	108	398	399	74	391	396	332	0.729	0.803
LOKIASV2_1237_ESMFold_threonine_synthase	AF-B7L493-F1-model_v4	AF-B7L493-F1-model_v4 Tryptophan synthase beta chain	9.659E-14	1.000	392	48	397	399	28	390	397	393	0.877	0.914
LOKIASV2_1237_ESMFold_threonine_synthase	AF-A9MWR4-F1-model_v4	AF-A9MWR4-F1-model_v4 Tryptophan synthase beta chain	5.845E-14	1.000	392	48	397	399	28	390	397	396	0.877	0.914
LOKIASV2_1237_ESMFold_threonine_synthase	AF-Q32GS9-F1-model_v4	AF-Q32GS9-F1-model_v4 Tryptophan synthase beta chain	1.207E-13	1.000	392	48	397	399	28	390	397	393	0.877	0.914
LOKIASV2_1237_ESMFold_threonine_synthase	AF-P0A2K2-F1-model_v4	AF-P0A2K2-F1-model_v4 Tryptophan synthase beta chain	3.538E-14	1.000	392	30	397	399	1	390	397	418	0.922	0.982
LOKIASV2_1237_ESMFold_threonine_synthase	AF-Q8FHV9-F1-model_v4	AF-Q8FHV9-F1-model_v4 Tryptophan synthase beta chain	8.639E-14	1.000	392	48	397	399	28	390	397	393	0.877	0.914
LOKIASV2_1237_ESMFold_threonine_synthase	AF-P0A879-F1-model_v4	AF-P0A879-F1-model_v4 Tryptophan synthase beta chain	1.207E-13	1.000	392	48	397	399	28	390	397	393	0.877	0.914
LOKIASV2_1237_ESMFold_threonine_synthase	AF-P9WFX8-F1-model_v4	AF-P9WFX8-F1-model_v4 Tryptophan synthase beta chain	6.181E-14	1.000	392	5	396	399	2	410	422	452	0.982	0.969
LOKIASV2_1237_ESMFold_threonine_synthase	AF-Q66AK4-F1-model_v4	AF-Q66AK4-F1-model_v4 Tryptophan synthase beta chain	7.307E-14	1.000	391	48	397	399	27	389	396	398	0.877	0.917
LOKIASV2_1237_ESMFold_threonine_synthase	AF-B1LH31-F1-model_v4	AF-B1LH31-F1-model_v4 Tryptophan synthase beta chain	1.021E-13	1.000	391	48	397	399	28	390	397	393	0.877	0.914
LOKIASV2_1237_ESMFold_threonine_synthase	AF-B5XT02-F1-model_v4	AF-B5XT02-F1-model_v4 Tryptophan synthase beta chain	9.134E-14	1.000	391	48	397	399	28	390	397	398	0.877	0.914
LOKIASV2_1237_ESMFold_threonine_synthase	AF-Q1RCA6-F1-model_v4	AF-Q1RCA6-F1-model_v4 Tryptophan synthase beta chain	9.659E-14	1.000	391	48	397	399	28	390	397	393	0.877	0.914
LOKIASV2_1237_ESMFold_threonine_synthase	AF-B4TX38-F1-model_v4	AF-B4TX38-F1-model_v4 Tryptophan synthase beta chain	5.845E-14	1.000	391	48	397	399	28	390	397	396	0.877	0.914
LOKIASV2_1237_ESMFold_threonine_synthase	AF-B5F4M4-F1-model_v4	AF-B5F4M4-F1-model_v4 Tryptophan synthase beta chain	6.181E-14	1.000	391	48	397	399	28	390	397	396	0.877	0.914
LOKIASV2_1237_ESMFold_threonine_synthase	AF-A4WB02-F1-model_v4	AF-A4WB02-F1-model_v4 Tryptophan synthase beta chain	7.726E-14	1.000	391	48	397	399	28	390	397	400	0.877	0.914
LOKIASV2_1237_ESMFold_threonine_synthase	AF-Q0TIA9-F1-model_v4	AF-Q0TIA9-F1-model_v4 Tryptophan synthase beta chain	1.277E-13	1.000	391	48	397	399	28	390	397	393	0.877	0.914
LOKIASV2_1237_ESMFold_threonine_synthase	AF-Q9Y9H2-F1-model_v4	AF-Q9Y9H2-F1-model_v4 Tryptophan synthase beta chain 2	1.159E-14	1.000	391	31	393	399	31	423	449	416	0.910	0.875
LOKIASV2_1237_ESMFold_threonine_synthase	AF-P63874-F1-model_v4	AF-P63874-F1-model_v4 O-phosphoserine sulfhydrylase	5.447E-13	1.000	390	89	393	399	12	299	323	323	0.764	0.892
LOKIASV2_1237_ESMFold_threonine_synthase	AF-A0KVD1-F1-model_v4	AF-A0KVD1-F1-model_v4 Tryptophan synthase beta chain	3.118E-13	1.000	390	108	398	399	74	391	396	332	0.729	0.803
LOKIASV2_1237_ESMFold_threonine_synthase	AF-A4TJ67-F1-model_v4	AF-A4TJ67-F1-model_v4 Tryptophan synthase beta chain	1.142E-13	1.000	390	48	397	399	27	389	396	395	0.877	0.917
LOKIASV2_1237_ESMFold_threonine_synthase	AF-A7MRY0-F1-model_v4	AF-A7MRY0-F1-model_v4 Tryptophan synthase beta chain	1.509E-13	1.000	390	48	398	399	27	387	396	392	0.880	0.912
LOKIASV2_1237_ESMFold_threonine_synthase	AF-Q8X7B6-F1-model_v4	AF-Q8X7B6-F1-model_v4 Tryptophan synthase beta chain	1.350E-13	1.000	390	48	397	399	28	390	397	393	0.877	0.914
LOKIASV2_1237_ESMFold_threonine_synthase	AF-Q5PD17-F1-model_v4	AF-Q5PD17-F1-model_v4 Tryptophan synthase beta chain	5.228E-14	1.000	390	30	397	399	1	390	397	418	0.922	0.982
LOKIASV2_1237_ESMFold_threonine_synthase	AF-B5YZP1-F1-model_v4	AF-B5YZP1-F1-model_v4 Tryptophan synthase beta chain	1.509E-13	1.000	390	48	397	399	28	390	397	393	0.877	0.914
LOKIASV2_1237_ESMFold_threonine_synthase	AF-P50383-F1-model_v4	AF-P50383-F1-model_v4 Tryptophan synthase beta chain 1	3.346E-14	1.000	390	30	398	399	24	414	425	426	0.925	0.920
LOKIASV2_1237_ESMFold_threonine_synthase	AF-Q8RFX6-F1-model_v4	AF-Q8RFX6-F1-model_v4 Probable D-serine dehydratase	9.134E-14	1.000	390	14	398	399	21	433	441	451	0.965	0.937
LOKIASV2_1237_ESMFold_threonine_synthase	AF-E3PY97-F1-model_v4	AF-E3PY97-F1-model_v4 2-amino-4-ketopentanoate thiolase beta subunit	2.173E-15	1.000	390	45	398	399	35	381	469	391	0.887	0.740
LOKIASV2_1237_ESMFold_threonine_synthase	AF-P9WP53-F1-model_v4	AF-P9WP53-F1-model_v4 O-phosphoserine sulfhydrylase	3.297E-13	1.000	389	89	393	399	12	299	323	322	0.764	0.892
LOKIASV2_1237_ESMFold_threonine_synthase	AF-Q2YUU0-F1-model_v4	AF-Q2YUU0-F1-model_v4 N-(2-amino-2-carboxyethyl)-L-glutamate synthase	4.540E-12	1.000	389	88	399	399	16	310	326	334	0.782	0.905
LOKIASV2_1237_ESMFold_threonine_synthase	AF-Q3Z109-F1-model_v4	AF-Q3Z109-F1-model_v4 Tryptophan synthase beta chain	1.509E-13	1.000	389	48	397	399	28	390	397	393	0.877	0.914
LOKIASV2_1237_ESMFold_threonine_synthase	AF-A8AG61-F1-model_v4	AF-A8AG61-F1-model_v4 Tryptophan synthase beta chain	6.535E-14	1.000	389	46	397	399	26	390	397	398	0.882	0.919
LOKIASV2_1237_ESMFold_threonine_synthase	AF-A1AAN1-F1-model_v4	AF-A1AAN1-F1-model_v4 Tryptophan synthase beta chain	1.509E-13	1.000	389	48	397	399	28	390	397	393	0.877	0.914
LOKIASV2_1237_ESMFold_threonine_synthase	AF-O84172-F1-model_v4	AF-O84172-F1-model_v4 Tryptophan synthase beta chain	1.573E-12	1.000	388	90	398	399	52	384	392	351	0.774	0.849
LOKIASV2_1237_ESMFold_threonine_synthase	AF-A1STT0-F1-model_v4	AF-A1STT0-F1-model_v4 Tryptophan synthase beta chain	2.788E-13	1.000	388	48	398	399	27	389	395	396	0.880	0.919
LOKIASV2_1237_ESMFold_threonine_synthase	AF-B2K3W2-F1-model_v4	AF-B2K3W2-F1-model_v4 Tryptophan synthase beta chain	1.080E-13	1.000	388	48	397	399	27	389	396	395	0.877	0.917
LOKIASV2_1237_ESMFold_threonine_synthase	AF-A5F208-F1-model_v4	AF-A5F208-F1-model_v4 Tryptophan synthase beta chain	2.788E-13	1.000	388	48	398	399	27	387	396	390	0.880	0.912
LOKIASV2_1237_ESMFold_threonine_synthase	AF-P0A880-F1-model_v4	AF-P0A880-F1-model_v4 Tryptophan synthase beta chain	1.277E-13	1.000	388	48	397	399	28	390	397	393	0.877	0.914
LOKIASV2_1237_ESMFold_threonine_synthase	AF-B6I9X5-F1-model_v4	AF-B6I9X5-F1-model_v4 Tryptophan synthase beta chain	1.207E-13	1.000	388	48	397	399	28	390	397	393	0.877	0.914
LOKIASV2_1237_ESMFold_threonine_synthase	AF-B7MUA0-F1-model_v4	AF-B7MUA0-F1-model_v4 Tryptophan synthase beta chain	1.427E-13	1.000	388	48	397	399	28	390	397	393	0.877	0.914
LOKIASV2_1237_ESMFold_threonine_synthase	AF-Q3AFZ5-F1-model_v4	AF-Q3AFZ5-F1-model_v4 Probable D-serine dehydratase	2.830E-14	1.000	388	47	398	399	37	407	422	409	0.882	0.879
LOKIASV2_1237_ESMFold_threonine_synthase	AF-Q44004-F1-model_v4	AF-Q44004-F1-model_v4 N-(2-amino-2-carboxyethyl)-L-glutamate synthase	1.487E-12	1.000	387	88	399	399	10	309	341	333	0.782	0.880
LOKIASV2_1237_ESMFold_threonine_synthase	AF-B7ML77-F1-model_v4	AF-B7ML77-F1-model_v4 Tryptophan synthase beta chain	1.784E-13	1.000	387	48	397	399	28	390	397	393	0.877	0.914
LOKIASV2_1237_ESMFold_threonine_synthase	AF-Q8ZV44-F1-model_v4	AF-Q8ZV44-F1-model_v4 Tryptophan synthase beta chain	2.676E-14	1.000	387	14	398	399	2	405	410	437	0.965	0.985
LOKIASV2_1237_ESMFold_threonine_synthase	AF-B8D4P0-F1-model_v4	AF-B8D4P0-F1-model_v4 Tryptophan synthase beta chain	7.726E-14	1.000	387	90	399	399	78	425	428	366	0.777	0.813
LOKIASV2_1237_ESMFold_threonine_synthase	AF-B5RG23-F1-model_v4	AF-B5RG23-F1-model_v4 D-serine dehydratase	6.535E-14	1.000	387	47	398	399	46	433	440	412	0.882	0.882
LOKIASV2_1237_ESMFold_threonine_synthase	AF-Q9KC12-F1-model_v4	AF-Q9KC12-F1-model_v4 Probable D-serine dehydratase	9.134E-14	1.000	387	47	391	399	45	422	442	401	0.865	0.855
LOKIASV2_1237_ESMFold_threonine_synthase	AF-B7HMG6-F1-model_v4	AF-B7HMG6-F1-model_v4 Probable D-serine dehydratase	2.494E-13	1.000	387	91	397	399	77	430	443	368	0.769	0.799
LOKIASV2_1237_ESMFold_threonine_synthase	AF-Q91WT9-F1-model_v4	AF-Q91WT9-F1-model_v4 Cystathionine beta-synthase	2.324E-12	1.000	387	88	399	399	81	384	561	326	0.782	0.542
LOKIASV2_1237_ESMFold_threonine_synthase	AF-Q15RZ5-F1-model_v4	AF-Q15RZ5-F1-model_v4 Tryptophan synthase beta chain	2.231E-13	1.000	386	48	397	399	27	385	395	397	0.877	0.909
LOKIASV2_1237_ESMFold_threonine_synthase	AF-Q31ZV4-F1-model_v4	AF-Q31ZV4-F1-model_v4 Tryptophan synthase beta chain	1.509E-13	1.000	386	48	397	399	28	390	397	393	0.877	0.914
LOKIASV2_1237_ESMFold_threonine_synthase	AF-B5FMC1-F1-model_v4	AF-B5FMC1-F1-model_v4 D-serine dehydratase	6.535E-14	1.000	386	47	398	399	46	433	440	412	0.882	0.882
LOKIASV2_1237_ESMFold_threonine_synthase	AF-A0KI76-F1-model_v4	AF-A0KI76-F1-model_v4 Probable D-serine dehydratase	1.620E-14	1.000	386	47	398	399	48	435	443	415	0.882	0.876
LOKIASV2_1237_ESMFold_threonine_synthase	AF-C3L7G5-F1-model_v4	AF-C3L7G5-F1-model_v4 Probable D-serine dehydratase	4.121E-13	1.000	386	91	391	399	77	422	446	356	0.754	0.776
LOKIASV2_1237_ESMFold_threonine_synthase	AF-Q9N0V7-F1-model_v4	AF-Q9N0V7-F1-model_v4 Cystathionine beta-synthase	1.859E-12	1.000	386	88	399	399	84	387	551	326	0.782	0.552
LOKIASV2_1237_ESMFold_threonine_synthase	AF-A8NEP3-F1-model_v4	AF-A8NEP3-F1-model_v4 Tryptophan synthase	5.528E-14	1.000	386	30	396	399	293	679	704	419	0.920	0.550
LOKIASV2_1237_ESMFold_threonine_synthase	AF-Q88TY1-F1-model_v4	AF-Q88TY1-F1-model_v4 Probable D-serine dehydratase	1.966E-12	1.000	385	91	398	399	72	420	436	359	0.772	0.800
LOKIASV2_1237_ESMFold_threonine_synthase	AF-A8ACI7-F1-model_v4	AF-A8ACI7-F1-model_v4 D-serine dehydratase	6.911E-14	1.000	385	47	398	399	48	435	442	410	0.882	0.878
LOKIASV2_1237_ESMFold_threonine_synthase	AF-P46794-F1-model_v4	AF-P46794-F1-model_v4 Cystathionine beta-synthase	3.435E-12	1.000	385	88	393	399	40	333	498	321	0.767	0.590
LOKIASV2_1237_ESMFold_threonine_synthase	AF-B1ITJ4-F1-model_v4	AF-B1ITJ4-F1-model_v4 Tryptophan synthase beta chain	1.784E-13	1.000	384	48	397	399	28	390	397	393	0.877	0.914
LOKIASV2_1237_ESMFold_threonine_synthase	AF-Q8FLJ6-F1-model_v4	AF-Q8FLJ6-F1-model_v4 Tryptophan synthase beta chain 1	2.788E-13	1.000	384	48	396	399	36	399	418	395	0.875	0.871
LOKIASV2_1237_ESMFold_threonine_synthase	AF-B7LY17-F1-model_v4	AF-B7LY17-F1-model_v4 Tryptophan synthase beta chain	2.637E-13	1.000	383	48	397	399	28	390	397	393	0.877	0.914
LOKIASV2_1237_ESMFold_threonine_synthase	AF-B7LS19-F1-model_v4	AF-B7LS19-F1-model_v4 Tryptophan synthase beta chain	1.995E-13	1.000	383	48	397	399	28	390	397	393	0.877	0.914
LOKIASV2_1237_ESMFold_threonine_synthase	AF-A7MMG1-F1-model_v4	AF-A7MMG1-F1-model_v4 Tryptophan synthase beta chain	1.688E-13	1.000	383	48	398	399	28	391	397	394	0.880	0.917
LOKIASV2_1237_ESMFold_threonine_synthase	AF-B9MIR7-F1-model_v4	AF-B9MIR7-F1-model_v4 Probable D-serine dehydratase	5.151E-13	1.000	383	91	398	399	83	440	451	371	0.772	0.794
LOKIASV2_1237_ESMFold_threonine_synthase	AF-Q9ZMW6-F1-model_v4	AF-Q9ZMW6-F1-model_v4 Cysteine synthase	1.386E-11	1.000	382	89	399	399	11	305	305	326	0.779	0.967
LOKIASV2_1237_ESMFold_threonine_synthase	AF-Q9YBL2-F1-model_v4	AF-Q9YBL2-F1-model_v4 Protein CysO	1.064E-12	1.000	382	108	397	399	112	377	389	299	0.727	0.684
LOKIASV2_1237_ESMFold_threonine_synthase	AF-A1S7I2-F1-model_v4	AF-A1S7I2-F1-model_v4 Tryptophan synthase beta chain	1.509E-13	1.000	382	48	398	399	29	391	397	399	0.880	0.914
LOKIASV2_1237_ESMFold_threonine_synthase	AF-P54555-F1-model_v4	AF-P54555-F1-model_v4 Probable D-serine dehydratase	6.440E-13	1.000	382	91	396	399	78	429	448	366	0.767	0.786
LOKIASV2_1237_ESMFold_threonine_synthase	AF-A1W838-F1-model_v4	AF-A1W838-F1-model_v4 Probable D-serine dehydratase	1.596E-13	1.000	382	47	398	399	52	440	451	415	0.882	0.863
LOKIASV2_1237_ESMFold_threonine_synthase	AF-Q9ZJU9-F1-model_v4	AF-Q9ZJU9-F1-model_v4 Tryptophan synthase beta chain	4.872E-13	1.000	381	48	397	399	26	383	393	397	0.877	0.911
LOKIASV2_1237_ESMFold_threonine_synthase	AF-Q6LPA4-F1-model_v4	AF-Q6LPA4-F1-model_v4 Tryptophan synthase beta chain	1.509E-13	1.000	381	48	397	399	27	389	396	401	0.877	0.917
LOKIASV2_1237_ESMFold_threonine_synthase	AF-B5BIC1-F1-model_v4	AF-B5BIC1-F1-model_v4 Tryptophan synthase beta chain	1.277E-13	1.000	381	46	397	399	26	390	397	398	0.882	0.919
LOKIASV2_1237_ESMFold_threonine_synthase	AF-B5FU66-F1-model_v4	AF-B5FU66-F1-model_v4 Tryptophan synthase beta chain	1.207E-13	1.000	381	46	397	399	26	390	397	398	0.882	0.919
LOKIASV2_1237_ESMFold_threonine_synthase	AF-Q02QJ1-F1-model_v4	AF-Q02QJ1-F1-model_v4 Probable D-serine dehydratase	7.613E-13	1.000	381	91	398	399	80	437	448	367	0.772	0.799
LOKIASV2_1237_ESMFold_threonine_synthase	AF-Q04G28-F1-model_v4	AF-Q04G28-F1-model_v4 Probable D-serine dehydratase	1.350E-13	1.000	380	30	397	399	25	415	433	421	0.922	0.903
LOKIASV2_1237_ESMFold_threonine_synthase	AF-C5A1P4-F1-model_v4	AF-C5A1P4-F1-model_v4 Tryptophan synthase beta chain	6.181E-14	1.000	380	90	393	399	77	415	440	360	0.762	0.770
LOKIASV2_1237_ESMFold_threonine_synthase	AF-B7V2Y0-F1-model_v4	AF-B7V2Y0-F1-model_v4 Probable D-serine dehydratase	5.760E-13	1.000	380	91	398	399	80	437	448	367	0.772	0.799
LOKIASV2_1237_ESMFold_threonine_synthase	AF-Q7NUP9-F1-model_v4	AF-Q7NUP9-F1-model_v4 Probable D-serine dehydratase	4.944E-14	1.000	380	47	397	399	49	436	448	415	0.880	0.866
LOKIASV2_1237_ESMFold_threonine_synthase	AF-Q5E623-F1-model_v4	AF-Q5E623-F1-model_v4 Tryptophan synthase beta chain	2.359E-13	1.000	379	48	397	399	27	389	396	392	0.877	0.917
LOKIASV2_1237_ESMFold_threonine_synthase	AF-C5BDB7-F1-model_v4	AF-C5BDB7-F1-model_v4 Tryptophan synthase beta chain	2.110E-13	1.000	379	48	397	399	27	389	397	400	0.877	0.914
LOKIASV2_1237_ESMFold_threonine_synthase	AF-Q9HYN9-F1-model_v4	AF-Q9HYN9-F1-model_v4 Probable D-serine dehydratase	7.200E-13	1.000	379	91	398	399	80	437	448	367	0.772	0.799
LOKIASV2_1237_ESMFold_threonine_synthase	AF-B5R3P4-F1-model_v4	AF-B5R3P4-F1-model_v4 Tryptophan synthase beta chain	1.596E-13	1.000	378	46	397	399	26	390	397	398	0.882	0.919
LOKIASV2_1237_ESMFold_threonine_synthase	AF-O67507-F1-model_v4	AF-O67507-F1-model_v4 Cysteine synthase	1.125E-12	1.000	377	88	399	399	29	324	327	337	0.782	0.905
LOKIASV2_1237_ESMFold_threonine_synthase	AF-B7UR67-F1-model_v4	AF-B7UR67-F1-model_v4 Tryptophan synthase beta chain	4.357E-13	1.000	377	48	397	399	28	390	397	393	0.877	0.914
LOKIASV2_1237_ESMFold_threonine_synthase	AF-B4T6X1-F1-model_v4	AF-B4T6X1-F1-model_v4 Tryptophan synthase beta chain	1.427E-13	1.000	377	30	397	399	1	390	397	418	0.922	0.982
LOKIASV2_1237_ESMFold_threonine_synthase	AF-B7NVN1-F1-model_v4	AF-B7NVN1-F1-model_v4 Tryptophan synthase beta chain	3.486E-13	1.000	377	48	397	399	28	390	397	393	0.877	0.914
LOKIASV2_1237_ESMFold_threonine_synthase	AF-C0Q3N4-F1-model_v4	AF-C0Q3N4-F1-model_v4 Tryptophan synthase beta chain	1.080E-13	1.000	377	46	397	399	26	390	397	403	0.882	0.919
LOKIASV2_1237_ESMFold_threonine_synthase	AF-A9MPY7-F1-model_v4	AF-A9MPY7-F1-model_v4 Tryptophan synthase beta chain	1.509E-13	1.000	377	46	397	399	26	390	397	403	0.882	0.919
LOKIASV2_1237_ESMFold_threonine_synthase	AF-Q5XH07-F1-model_v4	AF-Q5XH07-F1-model_v4 Threonine synthase-like 2	6.809E-13	1.000	377	15	397	399	1	422	472	462	0.960	0.894
LOKIASV2_1237_ESMFold_threonine_synthase	AF-Q12LE2-F1-model_v4	AF-Q12LE2-F1-model_v4 Tryptophan synthase beta chain	2.231E-13	1.000	376	48	398	399	29	391	401	400	0.880	0.905
LOKIASV2_1237_ESMFold_threonine_synthase	AF-Q80W22-F1-model_v4	AF-Q80W22-F1-model_v4 Threonine synthase-like 2	5.447E-13	1.000	376	15	397	399	1	426	483	462	0.960	0.882
LOKIASV2_1237_ESMFold_threonine_synthase	AF-B5R6M5-F1-model_v4	AF-B5R6M5-F1-model_v4 Tryptophan synthase beta chain	1.277E-13	1.000	375	48	397	399	28	390	397	401	0.877	0.914
LOKIASV2_1237_ESMFold_threonine_synthase	AF-B2GBP8-F1-model_v4	AF-B2GBP8-F1-model_v4 Probable D-serine dehydratase	1.190E-12	1.000	375	91	396	399	74	420	442	365	0.767	0.785
LOKIASV2_1237_ESMFold_threonine_synthase	AF-Q57NT3-F1-model_v4	AF-Q57NT3-F1-model_v4 Tryptophan synthase beta chain	3.118E-13	1.000	374	48	397	399	28	390	397	396	0.877	0.914
LOKIASV2_1237_ESMFold_threonine_synthase	AF-A8H2X4-F1-model_v4	AF-A8H2X4-F1-model_v4 Tryptophan synthase beta chain	2.494E-13	1.000	374	48	398	399	27	389	409	397	0.880	0.888
LOKIASV2_1237_ESMFold_threonine_synthase	AF-A0RCF8-F1-model_v4	AF-A0RCF8-F1-model_v4 Probable D-serine dehydratase	1.427E-13	1.000	374	43	397	399	40	430	446	428	0.890	0.877
LOKIASV2_1237_ESMFold_threonine_synthase	AF-Q58H57-F1-model_v4	AF-Q58H57-F1-model_v4 Cystathionine beta-synthase	1.573E-12	1.000	374	61	399	399	61	387	551	358	0.850	0.593
LOKIASV2_1237_ESMFold_threonine_synthase	AF-A9KTR7-F1-model_v4	AF-A9KTR7-F1-model_v4 Tryptophan synthase beta chain	3.486E-13	1.000	373	48	398	399	29	391	396	399	0.880	0.917
LOKIASV2_1237_ESMFold_threonine_synthase	AF-B4TJK8-F1-model_v4	AF-B4TJK8-F1-model_v4 Tryptophan synthase beta chain	2.231E-13	1.000	373	30	397	399	1	390	397	419	0.922	0.982
LOKIASV2_1237_ESMFold_threonine_synthase	AF-A5CVH4-F1-model_v4	AF-A5CVH4-F1-model_v4 Tryptophan synthase beta chain	1.596E-13	1.000	373	30	397	399	1	393	401	420	0.922	0.980
LOKIASV2_1237_ESMFold_threonine_synthase	AF-Q5M7T9-F1-model_v4	AF-Q5M7T9-F1-model_v4 Threonine synthase-like 2	2.231E-13	1.000	373	15	397	399	1	428	485	463	0.960	0.882
LOKIASV2_1237_ESMFold_threonine_synthase	AF-O05393-F1-model_v4	AF-O05393-F1-model_v4 O-acetylserine dependent cystathionine beta-synthase	1.732E-11	1.000	372	88	396	399	11	299	307	326	0.774	0.941
LOKIASV2_1237_ESMFold_threonine_synthase	AF-O22682-F1-model_v4	AF-O22682-F1-model_v4 S-sulfo-L-cysteine synthase (O-acetyl-L-serine-dependent), chloroplastic	1.239E-11	1.000	372	89	392	399	108	384	404	320	0.762	0.686
LOKIASV2_1237_ESMFold_threonine_synthase	AF-C4ZVQ3-F1-model_v4	AF-C4ZVQ3-F1-model_v4 D-serine dehydratase	1.509E-13	1.000	372	47	397	399	48	434	442	414	0.880	0.876
LOKIASV2_1237_ESMFold_threonine_synthase	AF-Q75TH5-F1-model_v4	AF-Q75TH5-F1-model_v4 Probable D-serine dehydratase	1.784E-13	1.000	371	47	397	399	49	436	459	414	0.880	0.845
LOKIASV2_1237_ESMFold_threonine_synthase	AF-P0A2K1-F1-model_v4	AF-P0A2K1-F1-model_v4 Tryptophan synthase beta chain	1.995E-13	1.000	370	46	397	399	26	390	397	403	0.882	0.919
LOKIASV2_1237_ESMFold_threonine_synthase	AF-Q75TC9-F1-model_v4	AF-Q75TC9-F1-model_v4 Probable D-serine dehydratase	1.995E-13	1.000	370	47	397	399	31	418	441	411	0.880	0.880
LOKIASV2_1237_ESMFold_threonine_synthase	AF-Q5BD67-F1-model_v4	AF-Q5BD67-F1-model_v4 Cysteine synthase 2	3.072E-12	1.000	369	89	398	399	73	404	428	349	0.777	0.776
LOKIASV2_1237_ESMFold_threonine_synthase	AF-A9VPH9-F1-model_v4	AF-A9VPH9-F1-model_v4 Probable D-serine dehydratase	3.486E-13	1.000	369	91	391	399	77	423	445	360	0.754	0.780
LOKIASV2_1237_ESMFold_threonine_synthase	AF-A8GES6-F1-model_v4	AF-A8GES6-F1-model_v4 D-serine dehydratase	1.021E-13	1.000	369	47	398	399	48	435	445	414	0.882	0.872
LOKIASV2_1237_ESMFold_threonine_synthase	AF-P56067-F1-model_v4	AF-P56067-F1-model_v4 Cysteine synthase	1.109E-11	1.000	368	89	396	399	12	301	306	321	0.772	0.948
LOKIASV2_1237_ESMFold_threonine_synthase	AF-O67409-F1-model_v4	AF-O67409-F1-model_v4 Tryptophan synthase beta chain 2	1.125E-12	1.000	368	90	398	399	77	424	434	367	0.774	0.802
LOKIASV2_1237_ESMFold_threonine_synthase	AF-P00926-F1-model_v4	AF-P00926-F1-model_v4 D-serine dehydratase	5.447E-13	1.000	368	91	396	399	79	432	442	368	0.767	0.801
LOKIASV2_1237_ESMFold_threonine_synthase	AF-Q46X58-F1-model_v4	AF-Q46X58-F1-model_v4 Probable D-serine dehydratase	4.944E-14	1.000	368	43	398	399	35	423	443	429	0.892	0.878
LOKIASV2_1237_ESMFold_threonine_synthase	AF-B6YSU5-F1-model_v4	AF-B6YSU5-F1-model_v4 Tryptophan synthase beta chain	2.231E-13	1.000	366	90	398	399	77	424	443	365	0.774	0.786
LOKIASV2_1237_ESMFold_threonine_synthase	AF-P32582-F1-model_v4	AF-P32582-F1-model_v4 Cystathionine beta-synthase	1.006E-12	1.000	366	55	399	399	1	341	507	386	0.865	0.673
LOKIASV2_1237_ESMFold_threonine_synthase	AF-B1IX96-F1-model_v4	AF-B1IX96-F1-model_v4 D-serine dehydratase	4.607E-13	1.000	364	91	396	399	79	432	442	368	0.767	0.801
LOKIASV2_1237_ESMFold_threonine_synthase	AF-B7IHA8-F1-model_v4	AF-B7IHA8-F1-model_v4 Tryptophan synthase beta chain	5.447E-13	1.000	362	31	399	399	28	420	420	424	0.925	0.936
LOKIASV2_1237_ESMFold_threonine_synthase	AF-O27520-F1-model_v4	AF-O27520-F1-model_v4 Tryptophan synthase beta chain 2	1.688E-13	1.000	361	46	398	399	36	421	429	416	0.885	0.900
LOKIASV2_1237_ESMFold_threonine_synthase	AF-B1X9N9-F1-model_v4	AF-B1X9N9-F1-model_v4 D-serine dehydratase	6.440E-13	1.000	361	91	396	399	79	432	442	368	0.767	0.801
LOKIASV2_1237_ESMFold_threonine_synthase	AF-Q5RFE6-F1-model_v4	AF-Q5RFE6-F1-model_v4 Threonine synthase-like 2	2.079E-12	1.000	361	15	397	399	1	427	484	456	0.960	0.882
LOKIASV2_1237_ESMFold_threonine_synthase	AF-Q4A041-F1-model_v4	AF-Q4A041-F1-model_v4 Probable D-serine dehydratase	4.607E-13	1.000	360	47	398	399	42	423	433	410	0.882	0.882
LOKIASV2_1237_ESMFold_threonine_synthase	AF-Q970N1-F1-model_v4	AF-Q970N1-F1-model_v4 Tryptophan synthase beta chain 2	1.573E-12	1.000	358	90	398	399	78	422	431	364	0.774	0.800
LOKIASV2_1237_ESMFold_threonine_synthase	AF-B6I6R7-F1-model_v4	AF-B6I6R7-F1-model_v4 D-serine dehydratase	2.637E-13	1.000	358	47	396	399	48	432	442	412	0.877	0.871
LOKIASV2_1237_ESMFold_threonine_synthase	AF-Q9S757-F1-model_v4	AF-Q9S757-F1-model_v4 Bifunctional L-3-cyanoalanine synthase/cysteine synthase C1, mitochondrial	1.966E-12	1.000	357	30	392	399	16	344	368	378	0.910	0.894
LOKIASV2_1237_ESMFold_threonine_synthase	AF-Q971Z5-F1-model_v4	AF-Q971Z5-F1-model_v4 Tryptophan synthase beta chain 1	5.845E-14	1.000	357	8	398	399	1	413	422	452	0.980	0.979
LOKIASV2_1237_ESMFold_threonine_synthase	AF-B0TP63-F1-model_v4	AF-B0TP63-F1-model_v4 Tryptophan synthase beta chain	8.512E-13	1.000	355	48	398	399	27	389	419	401	0.880	0.866
LOKIASV2_1237_ESMFold_threonine_synthase	AF-A3P975-F1-model_v4	AF-A3P975-F1-model_v4 Probable D-serine dehydratase	5.447E-13	1.000	353	47	398	399	43	428	445	418	0.882	0.867
LOKIASV2_1237_ESMFold_threonine_synthase	AF-B7IR88-F1-model_v4	AF-B7IR88-F1-model_v4 Probable D-serine dehydratase	2.788E-13	1.000	352	48	398	399	47	435	443	416	0.880	0.878
LOKIASV2_1237_ESMFold_threonine_synthase	AF-A3NNQ0-F1-model_v4	AF-A3NNQ0-F1-model_v4 Probable D-serine dehydratase	6.090E-13	1.000	351	47	398	399	43	428	445	418	0.882	0.867
LOKIASV2_1237_ESMFold_threonine_synthase	AF-Q54CN7-F1-model_v4	AF-Q54CN7-F1-model_v4 Cysteine synthase	3.435E-12	1.000	350	84	399	399	38	357	378	359	0.792	0.847
LOKIASV2_1237_ESMFold_threonine_synthase	AF-Q3JJ76-F1-model_v4	AF-Q3JJ76-F1-model_v4 Probable D-serine dehydratase	1.006E-12	1.000	350	47	398	399	43	428	445	419	0.882	0.867
LOKIASV2_1237_ESMFold_threonine_synthase	AF-Q63IF8-F1-model_v4	AF-Q63IF8-F1-model_v4 Probable D-serine dehydratase	7.200E-13	1.000	349	47	398	399	43	428	445	421	0.882	0.867
LOKIASV2_1237_ESMFold_threonine_synthase	AF-A1VWK8-F1-model_v4	AF-A1VWK8-F1-model_v4 Probable D-serine dehydratase	7.501E-12	1.000	349	91	396	399	83	441	455	368	0.767	0.789
LOKIASV2_1237_ESMFold_threonine_synthase	AF-P32232-F1-model_v4	AF-P32232-F1-model_v4 Cystathionine beta-synthase	5.076E-12	1.000	348	61	390	399	58	374	561	347	0.827	0.565
LOKIASV2_1237_ESMFold_threonine_synthase	AF-Q9V150-F1-model_v4	AF-Q9V150-F1-model_v4 Tryptophan synthase beta chain 2	2.324E-12	1.000	346	90	398	399	77	420	440	359	0.774	0.782
LOKIASV2_1237_ESMFold_threonine_synthase	AF-A7HMG8-F1-model_v4	AF-A7HMG8-F1-model_v4 Tryptophan synthase beta chain	6.440E-13	1.000	345	13	398	399	12	414	417	432	0.967	0.966
LOKIASV2_1237_ESMFold_threonine_synthase	AF-Q2T8Q2-F1-model_v4	AF-Q2T8Q2-F1-model_v4 Probable D-serine dehydratase	3.072E-12	1.000	345	91	398	399	76	427	444	371	0.772	0.793
LOKIASV2_1237_ESMFold_threonine_synthase	AF-B3PYT5-F1-model_v4	AF-B3PYT5-F1-model_v4 Probable D-serine dehydratase	1.487E-12	1.000	345	29	398	399	26	429	448	434	0.927	0.902
LOKIASV2_1237_ESMFold_threonine_synthase	AF-Q9RCE8-F1-model_v4	AF-Q9RCE8-F1-model_v4 Tryptophan synthase beta chain	1.239E-11	1.000	344	48	398	399	27	382	391	386	0.880	0.910
LOKIASV2_1237_ESMFold_threonine_synthase	AF-B5ZNC1-F1-model_v4	AF-B5ZNC1-F1-model_v4 Probable D-serine dehydratase	6.809E-13	1.000	344	43	391	399	37	420	440	410	0.875	0.873
LOKIASV2_1237_ESMFold_threonine_synthase	AF-Q9WZ09-F1-model_v4	AF-Q9WZ09-F1-model_v4 Tryptophan synthase beta chain 2	5.447E-13	1.000	343	13	399	399	12	422	422	441	0.970	0.974
LOKIASV2_1237_ESMFold_threonine_synthase	AF-O29028-F1-model_v4	AF-O29028-F1-model_v4 Tryptophan synthase beta chain 2	2.198E-12	1.000	341	90	398	399	82	424	435	363	0.774	0.789
LOKIASV2_1237_ESMFold_threonine_synthase	AF-A8F8F7-F1-model_v4	AF-A8F8F7-F1-model_v4 Tryptophan synthase beta chain	1.125E-12	1.000	340	16	399	399	15	422	422	437	0.962	0.967
LOKIASV2_1237_ESMFold_threonine_synthase	AF-P9WP51-F1-model_v4	AF-P9WP51-F1-model_v4 Putative cystathionine beta-synthase Rv1077	2.290E-11	1.000	339	88	399	399	11	307	464	334	0.782	0.640
LOKIASV2_1237_ESMFold_threonine_synthase	AF-Q86YJ6-F1-model_v4	AF-Q86YJ6-F1-model_v4 Threonine synthase-like 2	8.512E-13	1.000	338	15	397	399	1	427	484	477	0.960	0.882
LOKIASV2_1237_ESMFold_threonine_synthase	AF-Q8U0J5-F1-model_v4	AF-Q8U0J5-F1-model_v4 Tryptophan synthase beta chain 2	6.809E-13	1.000	336	31	393	399	26	415	446	424	0.910	0.874
LOKIASV2_1237_ESMFold_threonine_synthase	AF-Q42598-F1-model_v4	AF-Q42598-F1-model_v4 Threonine synthase	5.076E-12	1.000	336	11	397	399	2	458	514	486	0.970	0.889
LOKIASV2_1237_ESMFold_threonine_synthase	AF-P9WP50-F1-model_v4	AF-P9WP50-F1-model_v4 Putative cystathionine beta-synthase MT1108	3.784E-11	1.000	335	88	399	399	11	307	464	333	0.782	0.640
LOKIASV2_1237_ESMFold_threonine_synthase	AF-Q8TL44-F1-model_v4	AF-Q8TL44-F1-model_v4 Tryptophan synthase beta chain 2	1.125E-12	1.000	333	1	398	399	2	433	442	480	0.997	0.977
LOKIASV2_1237_ESMFold_threonine_synthase	AF-O59265-F1-model_v4	AF-O59265-F1-model_v4 Tryptophan synthase beta chain	1.406E-12	1.000	329	90	393	399	88	426	459	365	0.762	0.739
LOKIASV2_1237_ESMFold_threonine_synthase	AF-P23669-F1-model_v4	AF-P23669-F1-model_v4 Threonine synthase	1.311E-11	1.000	327	15	397	399	1	432	481	466	0.960	0.898
LOKIASV2_1237_ESMFold_threonine_synthase	AF-Q97A51-F1-model_v4	AF-Q97A51-F1-model_v4 Tryptophan synthase beta chain	2.324E-12	1.000	326	13	398	399	11	419	426	452	0.967	0.960
LOKIASV2_1237_ESMFold_threonine_synthase	AF-P37145-F1-model_v4	AF-P37145-F1-model_v4 Threonine synthase	1.732E-11	1.000	326	15	397	399	1	432	475	470	0.960	0.909
LOKIASV2_1237_ESMFold_threonine_synthase	AF-Q79FV4-F1-model_v4	AF-Q79FV4-F1-model_v4 S-sulfocysteine synthase	1.614E-10	1.000	325	82	398	399	17	325	372	342	0.794	0.831
LOKIASV2_1237_ESMFold_threonine_synthase	AF-Q97TX6-F1-model_v4	AF-Q97TX6-F1-model_v4 Tryptophan synthase beta chain 2	4.293E-12	1.000	324	31	398	399	30	422	429	431	0.922	0.916
LOKIASV2_1237_ESMFold_threonine_synthase	AF-Q2SHX7-F1-model_v4	AF-Q2SHX7-F1-model_v4 Probable D-serine dehydratase	7.501E-12	1.000	323	33	396	399	26	422	437	422	0.912	0.908
LOKIASV2_1237_ESMFold_threonine_synthase	AF-Q9HKD2-F1-model_v4	AF-Q9HKD2-F1-model_v4 Tryptophan synthase beta chain	4.800E-12	1.000	319	15	398	399	13	417	424	450	0.962	0.955
LOKIASV2_1237_ESMFold_threonine_synthase	AF-Q2YDP8-F1-model_v4	AF-Q2YDP8-F1-model_v4 Threonine synthase-like 2	8.387E-12	1.000	319	15	397	399	1	426	476	469	0.960	0.895
LOKIASV2_1237_ESMFold_threonine_synthase	AF-Q59447-F1-model_v4	AF-Q59447-F1-model_v4 Cysteine synthase	2.523E-10	1.000	316	88	357	399	10	261	307	281	0.677	0.821
LOKIASV2_1237_ESMFold_threonine_synthase	AF-Q9ZMX5-F1-model_v4	AF-Q9ZMX5-F1-model_v4 Threonine synthase	3.027E-11	1.000	312	15	397	399	1	422	486	459	0.960	0.868
LOKIASV2_1237_ESMFold_threonine_synthase	AF-Q8Q001-F1-model_v4	AF-Q8Q001-F1-model_v4 Tryptophan synthase beta chain 2	3.632E-12	1.000	308	1	398	399	5	433	442	472	0.997	0.971
LOKIASV2_1237_ESMFold_threonine_synthase	AF-O24924-F1-model_v4	AF-O24924-F1-model_v4 Threonine synthase	8.738E-11	1.000	295	10	397	399	5	422	486	462	0.972	0.860
LOKIASV2_1237_ESMFold_threonine_synthase	AF-Q19374-F1-model_v4	AF-Q19374-F1-model_v4 Putative pyridoxal-phosphate dependent protein F13B12.4	8.868E-12	1.000	291	29	399	399	22	387	435	422	0.930	0.841
LOKIASV2_1237_ESMFold_threonine_synthase	AF-P31212-F1-model_v4	AF-P31212-F1-model_v4 Threonine dehydratase biosynthetic, chloroplastic	1.254E-08	1.000	275	222	398	399	8	170	359	179	0.444	0.454
LOKIASV2_1237_ESMFold_threonine_synthase	AF-P0CF22-F1-model_v4	AF-P0CF22-F1-model_v4 Putative truncated L-serine dehydratase SDL1	1.105E-07	1.000	236	222	398	399	23	201	210	190	0.444	0.852
LOKIASV2_1237_ESMFold_threonine_synthase	AF-P48028-F1-model_v4	AF-P48028-F1-model_v4 Cysteine synthase B	4.154E-06	1.000	224	88	239	399	12	169	169	160	0.381	0.935
LOKIASV2_1237_ESMFold_threonine_synthase	AF-P0CF21-F1-model_v4	AF-P0CF21-F1-model_v4 Putative truncated L-serine dehydratase YIL168W	2.441E-04	1.000	172	109	203	399	26	126	127	101	0.238	0.795
LOKIASV2_1237_ESMFold_threonine_synthase	AF-A1L4V7-F1-model_v4	AF-A1L4V7-F1-model_v4 D-cysteine desulfhydrase 2, mitochondrial	1.381E-07	1.000	170	30	399	399	16	423	427	466	0.927	0.956
LOKIASV2_1237_ESMFold_threonine_synthase	AF-Q9LJA0-F1-model_v4	AF-Q9LJA0-F1-model_v4 Putative inactive cysteine synthase 2	2.886E-04	1.000	169	89	253	399	17	186	188	174	0.414	0.904
LOKIASV2_1237_ESMFold_threonine_synthase	AF-Q600M2-F1-model_v4	AF-Q600M2-F1-model_v4 tRNA-specific 2-thiouridylase MnmA	6.119E-02	0.326	45	242	387	399	2	134	372	153	0.366	0.358
LOKIASV2_1237_ESMFold_threonine_synthase	AF-Q4A9Q7-F1-model_v4	AF-Q4A9Q7-F1-model_v4 tRNA-specific 2-thiouridylase MnmA	6.119E-02	0.326	45	242	387	399	2	134	372	153	0.366	0.358
LOKIASV2_1237_ESMFold_threonine_synthase	AF-A0A2Z5TIQ0-F1-model_v4	AF-A0A2Z5TIQ0-F1-model_v4 Trans-enoyl reductase himH	6.029E-01	0.214	40	103	241	399	126	254	342	155	0.348	0.377
LOKIASV2_1237_ESMFold_threonine_synthase	AF-Q703W7-F1-model_v4	AF-Q703W7-F1-model_v4 Glucose 1-dehydrogenase	4.080E-01	0.214	40	120	247	399	146	324	347	186	0.321	0.516
LOKIASV2_1237_ESMFold_threonine_synthase	AF-O65502-F1-model_v4	AF-O65502-F1-model_v4 Protein HIGH CHLOROPHYLL FLUORESCENCE PHENOTYPE 244, chloroplastic	1.283E-02	0.214	40	141	397	399	83	355	395	310	0.644	0.691
LOKIASV2_1237_ESMFold_threonine_synthase	AF-Q9C104-F1-model_v4	AF-Q9C104-F1-model_v4 Glycerophosphodiester phosphodiesterase gde1	3.041E+00	0.214	40	127	209	399	992	1074	1076	85	0.208	0.077
LOKIASV2_1237_ESMFold_threonine_synthase	AF-B2HN61-F1-model_v4	AF-B2HN61-F1-model_v4 Crossover junction endodeoxyribonuclease RuvC	6.375E-01	0.164	37	248	374	399	40	158	184	145	0.318	0.647
LOKIASV2_1237_ESMFold_threonine_synthase	AF-A4FBA6-F1-model_v4	AF-A4FBA6-F1-model_v4 Crossover junction endodeoxyribonuclease RuvC	6.029E-01	0.150	36	248	375	399	40	160	199	148	0.321	0.608
LOKIASV2_1237_ESMFold_threonine_synthase	AF-F0QYK7-F1-model_v4	AF-F0QYK7-F1-model_v4 Glucose 1-dehydrogenase 2	7.970E-01	0.150	36	120	247	399	146	324	348	187	0.321	0.514
LOKIASV2_1237_ESMFold_threonine_synthase	AF-Q6L1C8-F1-model_v4	AF-Q6L1C8-F1-model_v4 Glucose 1-dehydrogenase 1	9.422E-01	0.150	36	118	247	399	142	327	352	188	0.326	0.528
LOKIASV2_1237_ESMFold_threonine_synthase	AF-Q4JVD7-F1-model_v4	AF-Q4JVD7-F1-model_v4 Crossover junction endodeoxyribonuclease RuvC	4.314E-01	0.138	35	248	377	399	37	163	163	153	0.326	0.779
LOKIASV2_1237_ESMFold_threonine_synthase	AF-A8LXW7-F1-model_v4	AF-A8LXW7-F1-model_v4 Crossover junction endodeoxyribonuclease RuvC	9.963E-01	0.138	35	253	375	399	45	156	175	139	0.308	0.640
LOKIASV2_1237_ESMFold_threonine_synthase	AF-Q58165-F1-model_v4	AF-Q58165-F1-model_v4 Uncharacterized protein MJ0755	5.176E-02	0.138	35	138	375	399	26	260	342	276	0.596	0.687
LOKIASV2_1237_ESMFold_threonine_synthase	AF-P55589-F1-model_v4	AF-P55589-F1-model_v4 Uncharacterized protein y4oD	2.058E+00	0.126	34	116	208	399	22	107	214	102	0.233	0.402
LOKIASV2_1237_ESMFold_threonine_synthase	AF-Q8FPK3-F1-model_v4	AF-Q8FPK3-F1-model_v4 Crossover junction endodeoxyribonuclease RuvC	3.451E-01	0.126	34	248	371	399	45	153	223	136	0.311	0.489
LOKIASV2_1237_ESMFold_threonine_synthase	AF-A3PYW3-F1-model_v4	AF-A3PYW3-F1-model_v4 Crossover junction endodeoxyribonuclease RuvC	1.114E+00	0.116	33	250	371	399	42	152	185	138	0.306	0.600
LOKIASV2_1237_ESMFold_threonine_synthase	AF-Q9AE11-F1-model_v4	AF-Q9AE11-F1-model_v4 Crossover junction endodeoxyribonuclease RuvC	3.087E-01	0.116	33	239	375	399	41	174	221	165	0.343	0.606
LOKIASV2_1237_ESMFold_threonine_synthase	AF-B9LAL7-F1-model_v4	AF-B9LAL7-F1-model_v4 Crossover junction endodeoxyribonuclease RuvC	8.911E-01	0.106	32	253	377	399	44	164	164	149	0.313	0.738
LOKIASV2_1237_ESMFold_threonine_synthase	AF-A8M8R2-F1-model_v4	AF-A8M8R2-F1-model_v4 Glucose 1-dehydrogenase 1	1.946E+00	0.106	32	121	247	399	150	324	349	179	0.318	0.501
LOKIASV2_1237_ESMFold_threonine_synthase	AF-P40834-F1-model_v4	AF-P40834-F1-model_v4 Crossover junction endodeoxyribonuclease RuvC	1.317E+00	0.098	31	248	375	399	40	156	188	145	0.321	0.622
LOKIASV2_1237_ESMFold_threonine_synthase	AF-Q851C7-F1-model_v4	AF-Q851C7-F1-model_v4 Probable cytokinin riboside 5'-monophosphate phosphoribohydrolase LOG4	5.025E+00	0.098	31	114	272	399	32	176	230	160	0.398	0.630
LOKIASV2_1237_ESMFold_threonine_synthase	AF-Q02972-F1-model_v4	AF-Q02972-F1-model_v4 Cinnamyl alcohol dehydrogenase 8	1.413E-01	0.098	31	117	394	399	159	353	359	295	0.697	0.543
LOKIASV2_1237_ESMFold_threonine_synthase	AF-A9WIH6-F1-model_v4	AF-A9WIH6-F1-model_v4 Crossover junction endodeoxyribonuclease RuvC	1.245E+00	0.090	30	253	377	399	44	164	164	149	0.313	0.738
LOKIASV2_1237_ESMFold_threonine_synthase	AF-Q0C5W4-F1-model_v4	AF-Q0C5W4-F1-model_v4 Crossover junction endodeoxyribonuclease RuvC	1.741E+00	0.090	30	249	373	399	44	156	167	140	0.313	0.677
LOKIASV2_1237_ESMFold_threonine_synthase	AF-A1SJA5-F1-model_v4	AF-A1SJA5-F1-model_v4 Crossover junction endodeoxyribonuclease RuvC	2.433E+00	0.090	30	250	375	399	42	156	177	142	0.316	0.650
LOKIASV2_1237_ESMFold_threonine_synthase	AF-O93715-F1-model_v4	AF-O93715-F1-model_v4 Glucose 1-dehydrogenase	5.393E-01	0.090	30	100	386	399	142	365	366	320	0.719	0.612
LOKIASV2_1237_ESMFold_threonine_synthase	AF-Q729U1-F1-model_v4	AF-Q729U1-F1-model_v4 Crossover junction endodeoxyribonuclease RuvC	1.741E+00	0.082	29	251	377	399	45	166	166	148	0.318	0.735
LOKIASV2_1237_ESMFold_threonine_synthase	AF-Q1B9R1-F1-model_v4	AF-Q1B9R1-F1-model_v4 Crossover junction endodeoxyribonuclease RuvC	1.946E+00	0.082	29	250	371	399	42	152	185	138	0.306	0.600
LOKIASV2_1237_ESMFold_threonine_synthase	AF-A1R726-F1-model_v4	AF-A1R726-F1-model_v4 Crossover junction endodeoxyribonuclease RuvC	1.841E+00	0.082	29	250	375	399	44	159	189	143	0.316	0.614
LOKIASV2_1237_ESMFold_threonine_synthase	AF-A4YGA7-F1-model_v4	AF-A4YGA7-F1-model_v4 Glucose 1-dehydrogenase	4.823E-01	0.082	29	120	387	399	149	352	358	296	0.672	0.570
LOKIASV2_1237_ESMFold_threonine_synthase	AF-Q7LYI9-F1-model_v4	AF-Q7LYI9-F1-model_v4 Glucose 1-dehydrogenase 1	5.100E-01	0.082	29	100	386	399	142	365	366	321	0.719	0.612
LOKIASV2_1237_ESMFold_threonine_synthase	AF-B8G4I8-F1-model_v4	AF-B8G4I8-F1-model_v4 Crossover junction endodeoxyribonuclease RuvC	1.245E+00	0.076	28	253	377	399	44	164	164	149	0.313	0.738
LOKIASV2_1237_ESMFold_threonine_synthase	AF-B3CN07-F1-model_v4	AF-B3CN07-F1-model_v4 Crossover junction endodeoxyribonuclease RuvC	1.317E+00	0.076	28	249	376	399	42	158	165	146	0.321	0.709
LOKIASV2_1237_ESMFold_threonine_synthase	AF-A1VC42-F1-model_v4	AF-A1VC42-F1-model_v4 Crossover junction endodeoxyribonuclease RuvC	2.176E+00	0.076	28	251	377	399	45	166	166	148	0.318	0.735
LOKIASV2_1237_ESMFold_threonine_synthase	AF-Q6AFB6-F1-model_v4	AF-Q6AFB6-F1-model_v4 Crossover junction endodeoxyribonuclease RuvC	3.400E+00	0.076	28	250	377	399	51	160	208	144	0.321	0.529
LOKIASV2_1237_ESMFold_threonine_synthase	AF-Q2UKD0-F1-model_v4	AF-Q2UKD0-F1-model_v4 Probable NAD(P)H-dependent D-xylose reductase xyl1	3.041E+00	0.076	28	244	299	399	43	106	319	64	0.140	0.201
LOKIASV2_1237_ESMFold_threonine_synthase	AF-Q01213-F1-model_v4	AF-Q01213-F1-model_v4 4-dihydromethyl-trisporate dehydrogenase	2.301E+00	0.076	28	245	299	399	44	107	321	64	0.138	0.199
LOKIASV2_1237_ESMFold_threonine_synthase	AF-C5FFQ7-F1-model_v4	AF-C5FFQ7-F1-model_v4 Probable NAD(P)H-dependent D-xylose reductase xyl1	1.946E+00	0.076	28	225	352	399	33	186	327	157	0.321	0.471
LOKIASV2_1237_ESMFold_threonine_synthase	AF-O94038-F1-model_v4	AF-O94038-F1-model_v4 Alcohol dehydrogenase 2	3.649E-01	0.076	28	117	378	399	151	339	348	274	0.657	0.543
LOKIASV2_1237_ESMFold_threonine_synthase	AF-Q1GWB3-F1-model_v4	AF-Q1GWB3-F1-model_v4 Crossover junction endodeoxyribonuclease RuvC	3.216E+00	0.069	27	248	373	399	39	152	156	140	0.316	0.731
LOKIASV2_1237_ESMFold_threonine_synthase	AF-A5V884-F1-model_v4	AF-A5V884-F1-model_v4 Crossover junction endodeoxyribonuclease RuvC	2.572E+00	0.069	27	248	375	399	39	157	165	147	0.321	0.721
LOKIASV2_1237_ESMFold_threonine_synthase	AF-A1KUM5-F1-model_v4	AF-A1KUM5-F1-model_v4 Crossover junction endodeoxyribonuclease RuvC	1.841E+00	0.069	27	239	375	399	39	162	178	158	0.343	0.697
LOKIASV2_1237_ESMFold_threonine_synthase	AF-A7GYU7-F1-model_v4	AF-A7GYU7-F1-model_v4 Glutamyl-tRNA reductase	7.128E-01	0.069	27	113	376	399	160	327	428	277	0.662	0.393
LOKIASV2_1237_ESMFold_threonine_synthase	AF-B7V3J3-F1-model_v4	AF-B7V3J3-F1-model_v4 Urocanate hydratase	4.080E-01	0.069	27	94	372	399	140	354	559	303	0.699	0.385
LOKIASV2_1237_ESMFold_threonine_synthase	AF-Q2N5P5-F1-model_v4	AF-Q2N5P5-F1-model_v4 Crossover junction endodeoxyribonuclease RuvC	2.572E+00	0.063	26	248	378	399	40	162	163	150	0.328	0.755
LOKIASV2_1237_ESMFold_threonine_synthase	AF-Q30YX5-F1-model_v4	AF-Q30YX5-F1-model_v4 Crossover junction endodeoxyribonuclease RuvC	2.720E+00	0.063	26	251	375	399	46	158	166	139	0.313	0.681
LOKIASV2_1237_ESMFold_threonine_synthase	AF-A8KZE8-F1-model_v4	AF-A8KZE8-F1-model_v4 Crossover junction endodeoxyribonuclease RuvC	4.251E+00	0.063	26	250	375	399	42	156	178	142	0.316	0.646
LOKIASV2_1237_ESMFold_threonine_synthase	AF-Q2KVY8-F1-model_v4	AF-Q2KVY8-F1-model_v4 Crossover junction endodeoxyribonuclease RuvC	4.251E+00	0.063	26	288	375	399	53	154	181	107	0.221	0.564
LOKIASV2_1237_ESMFold_threonine_synthase	AF-A1WM26-F1-model_v4	AF-A1WM26-F1-model_v4 Crossover junction endodeoxyribonuclease RuvC	4.020E+00	0.063	26	250	375	399	43	156	182	142	0.316	0.626
LOKIASV2_1237_ESMFold_threonine_synthase	AF-B8F634-F1-model_v4	AF-B8F634-F1-model_v4 Shikimate dehydrogenase (NADP(+))	4.823E-01	0.063	26	120	377	399	100	272	272	268	0.647	0.636
LOKIASV2_1237_ESMFold_threonine_synthase	AF-Q9P430-F1-model_v4	AF-Q9P430-F1-model_v4 NAD(P)H-dependent D-xylose reductase	7.853E+00	0.063	26	225	299	399	32	109	323	83	0.188	0.241
LOKIASV2_1237_ESMFold_threonine_synthase	AF-G4MWB1-F1-model_v4	AF-G4MWB1-F1-model_v4 Trans-enoyl reductase RAP2	5.702E-01	0.063	26	118	387	399	128	351	353	300	0.677	0.635
LOKIASV2_1237_ESMFold_threonine_synthase	AF-Q02ER6-F1-model_v4	AF-Q02ER6-F1-model_v4 Urocanate hydratase	3.858E-01	0.063	26	94	382	399	140	407	559	342	0.724	0.479
LOKIASV2_1237_ESMFold_threonine_synthase	AF-Q9JTU3-F1-model_v4	AF-Q9JTU3-F1-model_v4 Crossover junction endodeoxyribonuclease RuvC	2.876E+00	0.057	25	248	371	399	43	158	178	145	0.311	0.652
LOKIASV2_1237_ESMFold_threonine_synthase	AF-A9M0D4-F1-model_v4	AF-A9M0D4-F1-model_v4 Crossover junction endodeoxyribonuclease RuvC	3.400E+00	0.057	25	248	375	399	43	162	178	147	0.321	0.674
LOKIASV2_1237_ESMFold_threonine_synthase	AF-A1TKE3-F1-model_v4	AF-A1TKE3-F1-model_v4 Crossover junction endodeoxyribonuclease RuvC	5.025E+00	0.057	25	250	376	399	43	157	182	143	0.318	0.632
LOKIASV2_1237_ESMFold_threonine_synthase	AF-O94735-F1-model_v4	AF-O94735-F1-model_v4 NADPH-dependent D-xylose reductase	4.251E+00	0.057	25	244	299	399	40	103	317	64	0.140	0.202
LOKIASV2_1237_ESMFold_threonine_synthase	AF-Q8X195-F1-model_v4	AF-Q8X195-F1-model_v4 NADPH-dependent D-xylose reductase	4.495E+00	0.057	25	244	299	399	43	106	321	64	0.140	0.199
LOKIASV2_1237_ESMFold_threonine_synthase	AF-P87039-F1-model_v4	AF-P87039-F1-model_v4 NADPH-dependent D-xylose reductase II,III	7.427E+00	0.057	25	225	299	399	30	110	324	83	0.188	0.250
LOKIASV2_1237_ESMFold_threonine_synthase	AF-P38071-F1-model_v4	AF-P38071-F1-model_v4 Enoyl-[acyl-carrier-protein] reductase, mitochondrial	1.975E-01	0.057	25	1	379	399	3	339	380	443	0.950	0.887
LOKIASV2_1237_ESMFold_threonine_synthase	AF-Q2IJD4-F1-model_v4	AF-Q2IJD4-F1-model_v4 Glutamyl-tRNA reductase 1	3.264E-01	0.057	25	101	369	399	144	320	422	276	0.674	0.419
LOKIASV2_1237_ESMFold_threonine_synthase	AF-Q7N295-F1-model_v4	AF-Q7N295-F1-model_v4 Urocanate hydratase	5.393E-01	0.057	25	94	328	399	141	352	559	272	0.589	0.379
LOKIASV2_1237_ESMFold_threonine_synthase	AF-Q5FA76-F1-model_v4	AF-Q5FA76-F1-model_v4 Crossover junction endodeoxyribonuclease RuvC	4.251E+00	0.051	24	250	375	399	45	162	178	147	0.316	0.663
LOKIASV2_1237_ESMFold_threonine_synthase	AF-A3NZ65-F1-model_v4	AF-A3NZ65-F1-model_v4 Crossover junction endodeoxyribonuclease RuvC	2.720E+00	0.051	24	252	375	399	42	160	180	147	0.311	0.661
LOKIASV2_1237_ESMFold_threonine_synthase	AF-B0XNR0-F1-model_v4	AF-B0XNR0-F1-model_v4 Probable NAD(P)H-dependent D-xylose reductase xyl1	5.618E+00	0.051	24	244	299	399	43	106	315	64	0.140	0.203
LOKIASV2_1237_ESMFold_threonine_synthase	AF-B8N195-F1-model_v4	AF-B8N195-F1-model_v4 Probable NAD(P)H-dependent D-xylose reductase xyl1	4.495E+00	0.051	24	243	299	399	42	106	319	65	0.143	0.204
LOKIASV2_1237_ESMFold_threonine_synthase	AF-Q3BQF1-F1-model_v4	AF-Q3BQF1-F1-model_v4 Crossover junction endodeoxyribonuclease RuvC	4.020E+00	0.045	23	251	379	399	44	166	174	150	0.323	0.707
LOKIASV2_1237_ESMFold_threonine_synthase	AF-Q5X5S0-F1-model_v4	AF-Q5X5S0-F1-model_v4 Crossover junction endodeoxyribonuclease RuvC	5.025E+00	0.045	23	251	374	399	43	157	174	142	0.311	0.661
LOKIASV2_1237_ESMFold_threonine_synthase	AF-Q97U21-F1-model_v4	AF-Q97U21-F1-model_v4 Glucose 1-dehydrogenase 3	1.245E+00	0.045	23	120	387	399	154	358	360	300	0.672	0.569
LOKIASV2_1237_ESMFold_threonine_synthase	AF-C3K803-F1-model_v4	AF-C3K803-F1-model_v4 Urocanate hydratase	4.314E-01	0.045	23	52	382	399	110	407	556	387	0.830	0.536
LOKIASV2_1237_ESMFold_threonine_synthase	AF-A1QYH7-F1-model_v4	AF-A1QYH7-F1-model_v4 Crossover junction endodeoxyribonuclease RuvC	7.853E+00	0.040	22	288	377	399	54	161	161	108	0.226	0.671
LOKIASV2_1237_ESMFold_threonine_synthase	AF-Q2RHT5-F1-model_v4	AF-Q2RHT5-F1-model_v4 Crossover junction endodeoxyribonuclease RuvC	5.314E+00	0.040	22	250	375	399	41	158	167	147	0.316	0.707
LOKIASV2_1237_ESMFold_threonine_synthase	AF-A5IBE0-F1-model_v4	AF-A5IBE0-F1-model_v4 Crossover junction endodeoxyribonuclease RuvC	5.618E+00	0.040	22	251	374	399	43	157	174	142	0.311	0.661
LOKIASV2_1237_ESMFold_threonine_synthase	AF-C1DRG0-F1-model_v4	AF-C1DRG0-F1-model_v4 Crossover junction endodeoxyribonuclease RuvC	3.595E+00	0.040	22	249	375	399	40	161	174	149	0.318	0.701
LOKIASV2_1237_ESMFold_threonine_synthase	AF-Q9JYV1-F1-model_v4	AF-Q9JYV1-F1-model_v4 Crossover junction endodeoxyribonuclease RuvC	5.941E+00	0.040	22	248	375	399	43	162	178	149	0.321	0.674
LOKIASV2_1237_ESMFold_threonine_synthase	AF-Q7W4U0-F1-model_v4	AF-Q7W4U0-F1-model_v4 Crossover junction endodeoxyribonuclease RuvC	7.853E+00	0.040	22	288	375	399	53	154	182	104	0.221	0.560
LOKIASV2_1237_ESMFold_threonine_synthase	AF-A2Q8B5-F1-model_v4	AF-A2Q8B5-F1-model_v4 Probable NAD(P)H-dependent D-xylose reductase xyl1	7.427E+00	0.040	22	244	299	399	43	106	319	64	0.140	0.201
LOKIASV2_1237_ESMFold_threonine_synthase	AF-Q9X0C4-F1-model_v4	AF-Q9X0C4-F1-model_v4 Putative UDP-N-acetylglucosamine 2-epimerase	7.970E-01	0.040	22	121	378	399	71	372	378	345	0.647	0.799
LOKIASV2_1237_ESMFold_threonine_synthase	AF-B8CXG4-F1-model_v4	AF-B8CXG4-F1-model_v4 Crossover junction endodeoxyribonuclease RuvC	4.251E+00	0.034	21	254	378	399	41	165	165	148	0.313	0.758
LOKIASV2_1237_ESMFold_threonine_synthase	AF-Q1J1K4-F1-model_v4	AF-Q1J1K4-F1-model_v4 Crossover junction endodeoxyribonuclease RuvC	8.303E+00	0.034	21	288	375	399	52	157	168	108	0.221	0.631
LOKIASV2_1237_ESMFold_threonine_synthase	AF-Q1MRQ2-F1-model_v4	AF-Q1MRQ2-F1-model_v4 Crossover junction endodeoxyribonuclease RuvC	7.427E+00	0.034	21	251	375	399	43	160	168	147	0.313	0.702
LOKIASV2_1237_ESMFold_threonine_synthase	AF-Q4ZWL3-F1-model_v4	AF-Q4ZWL3-F1-model_v4 Crossover junction endodeoxyribonuclease RuvC	4.495E+00	0.034	21	252	376	399	43	162	174	149	0.313	0.690
LOKIASV2_1237_ESMFold_threonine_synthase	AF-Q5WX48-F1-model_v4	AF-Q5WX48-F1-model_v4 Crossover junction endodeoxyribonuclease RuvC	7.023E+00	0.034	21	251	374	399	43	157	174	142	0.311	0.661
LOKIASV2_1237_ESMFold_threonine_synthase	AF-Q5ZW01-F1-model_v4	AF-Q5ZW01-F1-model_v4 Crossover junction endodeoxyribonuclease RuvC	7.427E+00	0.034	21	251	374	399	43	157	174	142	0.311	0.661
LOKIASV2_1237_ESMFold_threonine_synthase	AF-Q3JES5-F1-model_v4	AF-Q3JES5-F1-model_v4 Crossover junction endodeoxyribonuclease RuvC	8.303E+00	0.034	21	249	375	399	40	154	174	143	0.318	0.661
LOKIASV2_1237_ESMFold_threonine_synthase	AF-A3MP74-F1-model_v4	AF-A3MP74-F1-model_v4 Crossover junction endodeoxyribonuclease RuvC	4.495E+00	0.034	21	248	375	399	38	160	180	150	0.321	0.683
LOKIASV2_1237_ESMFold_threonine_synthase	AF-B4EES5-F1-model_v4	AF-B4EES5-F1-model_v4 Crossover junction endodeoxyribonuclease RuvC	4.020E+00	0.034	21	248	375	399	38	160	180	149	0.321	0.683
LOKIASV2_1237_ESMFold_threonine_synthase	AF-P49378-F1-model_v4	AF-P49378-F1-model_v4 NAD(P)H-dependent D-xylose reductase	3.595E+00	0.034	21	229	398	399	32	184	329	185	0.426	0.465
LOKIASV2_1237_ESMFold_threonine_synthase	AF-Q6LX40-F1-model_v4	AF-Q6LX40-F1-model_v4 Alanine dehydrogenase	1.114E+00	0.034	21	118	391	399	131	348	373	309	0.687	0.584
LOKIASV2_1237_ESMFold_threonine_synthase	AF-Q3SGT0-F1-model_v4	AF-Q3SGT0-F1-model_v4 Crossover junction endodeoxyribonuclease RuvC	9.816E+00	0.029	20	252	375	399	42	157	171	145	0.311	0.678
LOKIASV2_1237_ESMFold_threonine_synthase	AF-Q4WJT9-F1-model_v4	AF-Q4WJT9-F1-model_v4 Probable NAD(P)H-dependent D-xylose reductase xyl1	9.284E+00	0.029	20	244	299	399	43	106	315	64	0.140	0.203
LOKIASV2_1237_ESMFold_threonine_synthase	AF-P52898-F1-model_v4	AF-P52898-F1-model_v4 Dihydrodiol dehydrogenase 3	8.427E-01	0.029	20	165	396	399	48	285	323	297	0.581	0.737
LOKIASV2_1237_ESMFold_threonine_synthase	AF-P17516-F1-model_v4	AF-P17516-F1-model_v4 Aldo-keto reductase family 1 member C4	6.741E-01	0.029	20	165	396	399	48	285	323	300	0.581	0.737
LOKIASV2_1237_ESMFold_threonine_synthase	AF-P38715-F1-model_v4	AF-P38715-F1-model_v4 NADPH-dependent aldose reductase GRE3	4.495E+00	0.029	20	225	398	399	25	181	327	190	0.436	0.480
LOKIASV2_1237_ESMFold_threonine_synthase	AF-A1CRI1-F1-model_v4	AF-A1CRI1-F1-model_v4 Probable NAD(P)H-dependent D-xylose reductase xyl1	4.752E+00	0.029	20	244	369	399	43	207	330	165	0.316	0.500
LOKIASV2_1237_ESMFold_threonine_synthase	AF-P41637-F1-model_v4	AF-P41637-F1-model_v4 Probable cinnamyl alcohol dehydrogenase	2.433E+00	0.029	20	116	394	399	159	356	357	297	0.699	0.555
LOKIASV2_1237_ESMFold_threonine_synthase	AF-Q9UUD8-F1-model_v4	AF-Q9UUD8-F1-model_v4 Uncharacterized peptidase C18A7.01	3.595E+00	0.029	20	163	268	399	184	269	451	110	0.266	0.191
LOKIASV2_1237_ESMFold_threonine_synthase	AF-A7MEA1-F1-model_v4	AF-A7MEA1-F1-model_v4 Crossover junction endodeoxyribonuclease RuvC	9.816E+00	0.024	19	248	375	399	39	157	173	146	0.321	0.688
LOKIASV2_1237_ESMFold_threonine_synthase	AF-A9L3H9-F1-model_v4	AF-A9L3H9-F1-model_v4 Crossover junction endodeoxyribonuclease RuvC	6.282E+00	0.024	19	250	375	399	41	161	173	147	0.316	0.699
LOKIASV2_1237_ESMFold_threonine_synthase	AF-A4Y6S7-F1-model_v4	AF-A4Y6S7-F1-model_v4 Crossover junction endodeoxyribonuclease RuvC	6.642E+00	0.024	19	250	375	399	41	161	173	148	0.316	0.699
LOKIASV2_1237_ESMFold_threonine_synthase	AF-C3JYS9-F1-model_v4	AF-C3JYS9-F1-model_v4 Crossover junction endodeoxyribonuclease RuvC	9.816E+00	0.024	19	250	378	399	41	159	174	148	0.323	0.684
LOKIASV2_1237_ESMFold_threonine_synthase	AF-Q02IC7-F1-model_v4	AF-Q02IC7-F1-model_v4 Crossover junction endodeoxyribonuclease RuvC	6.642E+00	0.024	19	252	377	399	43	163	174	148	0.316	0.695
LOKIASV2_1237_ESMFold_threonine_synthase	AF-B2JGU2-F1-model_v4	AF-B2JGU2-F1-model_v4 Crossover junction endodeoxyribonuclease RuvC	7.023E+00	0.024	19	252	375	399	42	160	180	146	0.311	0.661
LOKIASV2_1237_ESMFold_threonine_synthase	AF-A3N1E3-F1-model_v4	AF-A3N1E3-F1-model_v4 Shikimate dehydrogenase (NADP(+))	1.557E+00	0.024	19	120	375	399	100	273	274	273	0.642	0.635
LOKIASV2_1237_ESMFold_threonine_synthase	AF-P78736-F1-model_v4	AF-P78736-F1-model_v4 NAD(P)H-dependent D-xylose reductase	9.816E+00	0.024	19	245	299	399	41	104	318	64	0.138	0.201
LOKIASV2_1237_ESMFold_threonine_synthase	AF-Q0CUL0-F1-model_v4	AF-Q0CUL0-F1-model_v4 Probable NAD(P)H-dependent D-xylose reductase xyl1	7.023E+00	0.024	19	245	334	399	43	161	320	120	0.226	0.372
LOKIASV2_1237_ESMFold_threonine_synthase	AF-Q95JH4-F1-model_v4	AF-Q95JH4-F1-model_v4 Aldo-keto reductase family 1 member C4	7.537E-01	0.024	19	165	366	399	48	299	323	282	0.506	0.780
LOKIASV2_1237_ESMFold_threonine_synthase	AF-D1YUK8-F1-model_v4	AF-D1YUK8-F1-model_v4 Glucose 1-dehydrogenase	2.720E+00	0.024	19	118	373	399	147	322	358	267	0.642	0.492
LOKIASV2_1237_ESMFold_threonine_synthase	AF-A9N9A1-F1-model_v4	AF-A9N9A1-F1-model_v4 Crossover junction endodeoxyribonuclease RuvC	6.282E+00	0.020	18	253	375	399	48	168	172	148	0.308	0.703
LOKIASV2_1237_ESMFold_threonine_synthase	AF-B8EA73-F1-model_v4	AF-B8EA73-F1-model_v4 Crossover junction endodeoxyribonuclease RuvC	9.284E+00	0.020	18	250	375	399	41	161	173	147	0.316	0.699
LOKIASV2_1237_ESMFold_threonine_synthase	AF-Q8KQL2-F1-model_v4	AF-Q8KQL2-F1-model_v4 D-arabitol-phosphate dehydrogenase	4.495E+00	0.020	18	118	388	399	149	347	352	298	0.679	0.565
LOKIASV2_1237_ESMFold_threonine_synthase	AF-Q42726-F1-model_v4	AF-Q42726-F1-model_v4 Probable cinnamyl alcohol dehydrogenase 1	2.433E+00	0.020	18	117	388	399	160	348	354	291	0.682	0.534
LOKIASV2_1237_ESMFold_threonine_synthase	AF-O67314-F1-model_v4	AF-O67314-F1-model_v4 Glutamyl-tRNA reductase	1.646E+00	0.020	18	122	374	399	163	334	406	266	0.634	0.424
LOKIASV2_1237_ESMFold_threonine_synthase	AF-A7I1R7-F1-model_v4	AF-A7I1R7-F1-model_v4 Glutamyl-tRNA reductase	4.020E+00	0.020	18	113	380	399	160	397	429	318	0.672	0.555
LOKIASV2_1237_ESMFold_threonine_synthase	AF-Q17W63-F1-model_v4	AF-Q17W63-F1-model_v4 Glutamyl-tRNA reductase	2.572E+00	0.020	18	96	374	399	162	425	447	343	0.699	0.591
LOKIASV2_1237_ESMFold_threonine_synthase	AF-B2US71-F1-model_v4	AF-B2US71-F1-model_v4 Glutamyl-tRNA reductase	2.058E+00	0.020	18	96	373	399	164	430	449	344	0.697	0.595
LOKIASV2_1237_ESMFold_threonine_synthase	AF-B6J504-F1-model_v4	AF-B6J504-F1-model_v4 Crossover junction endodeoxyribonuclease RuvC	9.284E+00	0.016	17	253	375	399	48	168	172	148	0.308	0.703
LOKIASV2_1237_ESMFold_threonine_synthase	AF-Q9KSS4-F1-model_v4	AF-Q9KSS4-F1-model_v4 Thioredoxin reductase	1.946E+00	0.016	17	139	338	399	7	204	318	241	0.501	0.623
LOKIASV2_1237_ESMFold_threonine_synthase	AF-Q5BGA7-F1-model_v4	AF-Q5BGA7-F1-model_v4 Probable NAD(P)H-dependent D-xylose reductase xyl1	5.025E+00	0.016	17	245	369	399	43	207	319	171	0.313	0.517
LOKIASV2_1237_ESMFold_threonine_synthase	AF-A1D4E3-F1-model_v4	AF-A1D4E3-F1-model_v4 Probable NAD(P)H-dependent D-xylose reductase xyl1	1.841E+00	0.016	17	112	390	399	26	272	321	315	0.699	0.769
LOKIASV2_1237_ESMFold_threonine_synthase	AF-P56125-F1-model_v4	AF-P56125-F1-model_v4 Glutamyl-tRNA reductase	2.720E+00	0.016	17	96	372	399	164	341	449	286	0.694	0.396
LOKIASV2_1237_ESMFold_threonine_synthase	AF-A9KF42-F1-model_v4	AF-A9KF42-F1-model_v4 Crossover junction endodeoxyribonuclease RuvC	9.816E+00	0.014	16	253	375	399	48	168	172	148	0.308	0.703
LOKIASV2_1237_ESMFold_threonine_synthase	AF-P70814-F1-model_v4	AF-P70814-F1-model_v4 Riboflavin biosynthesis protein RibD	2.876E+00	0.014	16	125	386	399	51	290	371	319	0.657	0.647
LOKIASV2_1237_ESMFold_threonine_synthase	AF-O52225-F1-model_v4	AF-O52225-F1-model_v4 DNA polymerase I, thermostable	1.741E+00	0.014	16	138	366	399	11	245	833	281	0.574	0.282
LOKIASV2_1237_ESMFold_threonine_synthase	AF-B1KD01-F1-model_v4	AF-B1KD01-F1-model_v4 Shikimate dehydrogenase (NADP(+))	5.941E+00	0.011	15	138	376	399	2	270	273	311	0.599	0.985
LOKIASV2_1237_ESMFold_threonine_synthase	AF-B8EM72-F1-model_v4	AF-B8EM72-F1-model_v4 Shikimate dehydrogenase (NADP(+))	5.618E+00	0.011	15	120	351	399	103	278	280	248	0.581	0.629
LOKIASV2_1237_ESMFold_threonine_synthase	AF-Q31VZ5-F1-model_v4	AF-Q31VZ5-F1-model_v4 Shikimate dehydrogenase (NADP(+))	7.853E+00	0.010	14	165	378	399	5	272	272	301	0.536	0.985
LOKIASV2_1237_ESMFold_threonine_synthase	AF-A1AGH3-F1-model_v4	AF-A1AGH3-F1-model_v4 Shikimate dehydrogenase (NADP(+))	9.816E+00	0.010	14	165	378	399	5	272	272	298	0.536	0.985
LOKIASV2_1237_ESMFold_threonine_synthase	AF-A7ZSH0-F1-model_v4	AF-A7ZSH0-F1-model_v4 Shikimate dehydrogenase (NADP(+))	8.780E+00	0.010	14	121	380	399	101	260	272	275	0.652	0.588
LOKIASV2_1237_ESMFold_threonine_synthase	AF-B7NDQ3-F1-model_v4	AF-B7NDQ3-F1-model_v4 Shikimate dehydrogenase (NADP(+))	8.303E+00	0.009	13	121	378	399	101	272	272	278	0.647	0.632
LOKIASV2_1237_ESMFold_threonine_synthase	AF-Q1R651-F1-model_v4	AF-Q1R651-F1-model_v4 Shikimate dehydrogenase (NADP(+))	6.642E+00	0.009	13	121	378	399	101	272	272	278	0.647	0.632
LOKIASV2_1237_ESMFold_threonine_synthase	AF-B7MC45-F1-model_v4	AF-B7MC45-F1-model_v4 Shikimate dehydrogenase (NADP(+))	7.023E+00	0.009	13	121	378	399	101	272	272	274	0.647	0.632
