query	target	qheader	theader	fident	alnlen	mismatch	qstart	qend	tstart	tend	evalue	bits
LOKIASV2_3302_ESMFold_histidine_phosphatase_family_protein	1ebb-assembly1.cif.gz_A	LOKIASV2_3302_ESMFold_histidine_phosphatase_family_protein	1ebb-assembly1.cif.gz_A Bacillus stearothermophilus YhfR	0.193	195	154	28	219	2	196	4.206E-06	177
LOKIASV2_3302_ESMFold_histidine_phosphatase_family_protein	2qni-assembly1.cif.gz_A-2	LOKIASV2_3302_ESMFold_histidine_phosphatase_family_protein	2qni-assembly1.cif.gz_A-2 Crystal structure of uncharacterized protein Atu0299	0.177	180	140	29	208	3	173	1.841E-06	174
LOKIASV2_3302_ESMFold_histidine_phosphatase_family_protein	3hjg-assembly1.cif.gz_B	LOKIASV2_3302_ESMFold_histidine_phosphatase_family_protein	3hjg-assembly1.cif.gz_B Crystal structure of putative alpha-ribazole-5'-phosphate phosphatase CobC FROM Vibrio parahaemolyticus	0.154	199	165	29	227	4	199	5.654E-07	171
LOKIASV2_3302_ESMFold_histidine_phosphatase_family_protein	3r7a-assembly1.cif.gz_A	LOKIASV2_3302_ESMFold_histidine_phosphatase_family_protein	3r7a-assembly1.cif.gz_A Crystal structure of phosphoglycerate mutase from Bacillus anthracis str. Sterne	0.155	222	178	23	234	1	222	6.362E-07	169
LOKIASV2_3302_ESMFold_histidine_phosphatase_family_protein	5zr2-assembly2.cif.gz_D-2	LOKIASV2_3302_ESMFold_histidine_phosphatase_family_protein	5zr2-assembly2.cif.gz_D-2 Crystal Structure of Phosphoserine Phosphatase Mutant (H9A) from Entamoeba histolytica in complex with Phosphoserine	0.145	204	165	28	231	2	195	1.841E-06	160
LOKIASV2_3302_ESMFold_histidine_phosphatase_family_protein	6s2q-assembly2.cif.gz_D	LOKIASV2_3302_ESMFold_histidine_phosphatase_family_protein	6s2q-assembly2.cif.gz_D Mycobacterial hydrolase 1	0.134	206	168	28	222	3	208	1.839E-05	157
LOKIASV2_3302_ESMFold_histidine_phosphatase_family_protein	4pz9-assembly1.cif.gz_A	LOKIASV2_3302_ESMFold_histidine_phosphatase_family_protein	4pz9-assembly1.cif.gz_A The native structure of mycobacterial glucosyl-3-phosphoglycerate phosphatase Rv2419c	0.176	188	147	28	207	3	190	5.021E-06	157
LOKIASV2_3302_ESMFold_histidine_phosphatase_family_protein	2a6p-assembly1.cif.gz_B	LOKIASV2_3302_ESMFold_histidine_phosphatase_family_protein	2a6p-assembly1.cif.gz_B Structure Solution to 2.2 Angstrom and Functional Characterisation of the Open Reading Frame Rv3214 from Mycobacterium tuberculosis	0.182	199	151	28	226	3	188	4.462E-06	151
LOKIASV2_3302_ESMFold_histidine_phosphatase_family_protein	3it2-assembly1.cif.gz_B	LOKIASV2_3302_ESMFold_histidine_phosphatase_family_protein	3it2-assembly1.cif.gz_B Crystal structure of ligand-free Francisella tularensis histidine acid phosphatase	0.140	327	187	24	241	1	327	2.952E-06	151
LOKIASV2_3302_ESMFold_histidine_phosphatase_family_protein	3it1-assembly1.cif.gz_A	LOKIASV2_3302_ESMFold_histidine_phosphatase_family_protein	3it1-assembly1.cif.gz_A Crystal Structure Francisella tularensis histidine acid phosphatase complexed with L(+)-tartrate	0.140	328	187	24	241	1	328	2.331E-06	151
LOKIASV2_3302_ESMFold_histidine_phosphatase_family_protein	4ij6-assembly1.cif.gz_B	LOKIASV2_3302_ESMFold_histidine_phosphatase_family_protein	4ij6-assembly1.cif.gz_B Crystal Structure of a Novel-type Phosphoserine Phosphatase Mutant (H9A) from <i>Hydrogenobacter thermophilus</i> TK-6 in Complex with L-phosphoserine	0.147	213	171	29	241	3	203	3.523E-06	149
LOKIASV2_3302_ESMFold_histidine_phosphatase_family_protein	6s2q-assembly1.cif.gz_A	LOKIASV2_3302_ESMFold_histidine_phosphatase_family_protein	6s2q-assembly1.cif.gz_A Mycobacterial hydrolase 1	0.165	192	151	28	209	2	193	2.781E-05	149
LOKIASV2_3302_ESMFold_histidine_phosphatase_family_protein	6m1x-assembly1.cif.gz_B	LOKIASV2_3302_ESMFold_histidine_phosphatase_family_protein	6m1x-assembly1.cif.gz_B Crystal structure of Phosphoserine Phosphatase in complex with 3-Phosphoglyceric Acid from Entamoeba histolytica	0.139	203	167	28	230	2	196	1.291E-05	147
LOKIASV2_3302_ESMFold_histidine_phosphatase_family_protein	4qih-assembly1.cif.gz_A	LOKIASV2_3302_ESMFold_histidine_phosphatase_family_protein	4qih-assembly1.cif.gz_A The structure of mycobacterial glucosyl-3-phosphoglycerate phosphatase Rv2419c complexes with VO3	0.154	192	153	28	209	2	193	3.735E-05	146
LOKIASV2_3302_ESMFold_histidine_phosphatase_family_protein	6s2q-assembly2.cif.gz_C	LOKIASV2_3302_ESMFold_histidine_phosphatase_family_protein	6s2q-assembly2.cif.gz_C Mycobacterial hydrolase 1	0.142	201	169	28	225	3	203	2.196E-05	145
LOKIASV2_3302_ESMFold_histidine_phosphatase_family_protein	3it3-assembly1.cif.gz_A	LOKIASV2_3302_ESMFold_histidine_phosphatase_family_protein	3it3-assembly1.cif.gz_A Crystal Structure Francisella tularensis histidine acid phosphatase D261A mutant complexed with substrate 3'-AMP	0.136	329	187	24	241	1	329	2.473E-06	145
LOKIASV2_3302_ESMFold_histidine_phosphatase_family_protein	5cdh-assembly4.cif.gz_H	LOKIASV2_3302_ESMFold_histidine_phosphatase_family_protein	5cdh-assembly4.cif.gz_H Structure of Legionella pneumophila Histidine Acid Phosphatase complexed with L(+)-tartrate	0.130	322	184	29	241	4	325	2.197E-06	142
LOKIASV2_3302_ESMFold_histidine_phosphatase_family_protein	3it2-assembly1.cif.gz_A	LOKIASV2_3302_ESMFold_histidine_phosphatase_family_protein	3it2-assembly1.cif.gz_A Crystal structure of ligand-free Francisella tularensis histidine acid phosphatase	0.142	329	186	24	241	1	329	1.217E-05	140
LOKIASV2_3302_ESMFold_histidine_phosphatase_family_protein	4ij5-assembly1.cif.gz_B	LOKIASV2_3302_ESMFold_histidine_phosphatase_family_protein	4ij5-assembly1.cif.gz_B Crystal Structure of a Novel-type Phosphoserine Phosphatase from <i>Hydrogenobacter thermophilus</i> TK-6	0.150	200	164	29	228	3	196	8.540E-06	139
LOKIASV2_3302_ESMFold_histidine_phosphatase_family_protein	6e4b-assembly2.cif.gz_D	LOKIASV2_3302_ESMFold_histidine_phosphatase_family_protein	6e4b-assembly2.cif.gz_D The crystal structure of a putative alpha-ribazole-5'-P phosphatase from Escherichia coli str. K-12 substr. MG1655	0.150	200	162	28	227	2	193	3.962E-05	136
LOKIASV2_3302_ESMFold_histidine_phosphatase_family_protein	5cdh-assembly3.cif.gz_E	LOKIASV2_3302_ESMFold_histidine_phosphatase_family_protein	5cdh-assembly3.cif.gz_E Structure of Legionella pneumophila Histidine Acid Phosphatase complexed with L(+)-tartrate	0.123	323	186	29	241	4	326	3.321E-06	136
LOKIASV2_3302_ESMFold_histidine_phosphatase_family_protein	1xq9-assembly1.cif.gz_A	LOKIASV2_3302_ESMFold_histidine_phosphatase_family_protein	1xq9-assembly1.cif.gz_A Structure of Phosphoglycerate Mutase from Plasmodium falciparum at 2.6 Resolution	0.144	216	155	28	209	4	219	1.369E-05	135
LOKIASV2_3302_ESMFold_histidine_phosphatase_family_protein	4e3w-assembly1.cif.gz_B	LOKIASV2_3302_ESMFold_histidine_phosphatase_family_protein	4e3w-assembly1.cif.gz_B Crystal Structure Francisella tularensis histidine acid phosphatase cryoprotected with proline	0.124	329	190	24	241	1	329	4.462E-06	135
LOKIASV2_3302_ESMFold_histidine_phosphatase_family_protein	3f2i-assembly1.cif.gz_A	LOKIASV2_3302_ESMFold_histidine_phosphatase_family_protein	3f2i-assembly1.cif.gz_A Crystal structure of the alr0221 protein from Nostoc, Northeast Structural Genomics Consortium Target NsR422.	0.143	181	118	29	209	2	140	9.604E-05	133
LOKIASV2_3302_ESMFold_histidine_phosphatase_family_protein	2rfl-assembly7.cif.gz_G	LOKIASV2_3302_ESMFold_histidine_phosphatase_family_protein	2rfl-assembly7.cif.gz_G Crystal structure of the putative phosphohistidine phosphatase SixA from Agrobacterium tumefaciens	0.151	181	119	27	207	3	143	9.053E-05	132
LOKIASV2_3302_ESMFold_histidine_phosphatase_family_protein	4qih-assembly1.cif.gz_B	LOKIASV2_3302_ESMFold_histidine_phosphatase_family_protein	4qih-assembly1.cif.gz_B The structure of mycobacterial glucosyl-3-phosphoglycerate phosphatase Rv2419c complexes with VO3	0.148	200	170	28	227	2	201	8.045E-05	132
LOKIASV2_3302_ESMFold_histidine_phosphatase_family_protein	3e9d-assembly1.cif.gz_A	LOKIASV2_3302_ESMFold_histidine_phosphatase_family_protein	3e9d-assembly1.cif.gz_A Structure of full-length TIGAR from Danio rerio	0.152	232	165	29	223	5	236	2.329E-05	132
LOKIASV2_3302_ESMFold_histidine_phosphatase_family_protein	3e9e-assembly2.cif.gz_B	LOKIASV2_3302_ESMFold_histidine_phosphatase_family_protein	3e9e-assembly2.cif.gz_B Structure of full-length H11A mutant form of TIGAR from Danio rerio	0.129	230	172	29	226	4	233	3.735E-05	131
LOKIASV2_3302_ESMFold_histidine_phosphatase_family_protein	3f2i-assembly3.cif.gz_E	LOKIASV2_3302_ESMFold_histidine_phosphatase_family_protein	3f2i-assembly3.cif.gz_E Crystal structure of the alr0221 protein from Nostoc, Northeast Structural Genomics Consortium Target NsR422.	0.116	195	134	29	223	2	154	1.019E-04	130
LOKIASV2_3302_ESMFold_histidine_phosphatase_family_protein	3mxo-assembly2.cif.gz_B	LOKIASV2_3302_ESMFold_histidine_phosphatase_family_protein	3mxo-assembly2.cif.gz_B Crystal structure oh human phosphoglycerate mutase family member 5 (PGAM5)	0.175	198	136	26	223	9	174	3.962E-05	130
LOKIASV2_3302_ESMFold_histidine_phosphatase_family_protein	6e4b-assembly2.cif.gz_C	LOKIASV2_3302_ESMFold_histidine_phosphatase_family_protein	6e4b-assembly2.cif.gz_C The crystal structure of a putative alpha-ribazole-5'-P phosphatase from Escherichia coli str. K-12 substr. MG1655	0.139	201	168	27	227	2	197	5.017E-05	130
LOKIASV2_3302_ESMFold_histidine_phosphatase_family_protein	3it3-assembly1.cif.gz_B	LOKIASV2_3302_ESMFold_histidine_phosphatase_family_protein	3it3-assembly1.cif.gz_B Crystal Structure Francisella tularensis histidine acid phosphatase D261A mutant complexed with substrate 3'-AMP	0.136	323	185	27	241	5	327	1.453E-05	129
LOKIASV2_3302_ESMFold_histidine_phosphatase_family_protein	6s2r-assembly1.cif.gz_B	LOKIASV2_3302_ESMFold_histidine_phosphatase_family_protein	6s2r-assembly1.cif.gz_B Mycobacterial hydrolase 2	0.140	225	182	28	240	4	228	6.353E-05	128
LOKIASV2_3302_ESMFold_histidine_phosphatase_family_protein	1nd5-assembly1.cif.gz_A	LOKIASV2_3302_ESMFold_histidine_phosphatase_family_protein	1nd5-assembly1.cif.gz_A Crystal Structures of Human Prostatic Acid Phosphatase in Complex with a Phosphate Ion and alpha-Benzylaminobenzylphosphonic Acid Update the Mechanistic Picture and Offer New Insights into Inhibitor Design	0.117	332	189	24	238	1	332	3.523E-06	127
LOKIASV2_3302_ESMFold_histidine_phosphatase_family_protein	3lg2-assembly1.cif.gz_A	LOKIASV2_3302_ESMFold_histidine_phosphatase_family_protein	3lg2-assembly1.cif.gz_A A Ykr043C/ fructose-1,6-bisphosphate product complex following ligand soaking	0.164	186	137	27	191	3	188	1.452E-04	125
LOKIASV2_3302_ESMFold_histidine_phosphatase_family_protein	3f2i-assembly2.cif.gz_C	LOKIASV2_3302_ESMFold_histidine_phosphatase_family_protein	3f2i-assembly2.cif.gz_C Crystal structure of the alr0221 protein from Nostoc, Northeast Structural Genomics Consortium Target NsR422.	0.140	195	127	29	223	2	150	1.540E-04	124
LOKIASV2_3302_ESMFold_histidine_phosphatase_family_protein	3fdz-assembly1.cif.gz_B	LOKIASV2_3302_ESMFold_histidine_phosphatase_family_protein	3fdz-assembly1.cif.gz_B Crystal structure of phosphoglyceromutase from burkholderia pseudomallei 1710b with bound 2,3-diphosphoglyceric acid and 3-phosphoglyceric acid	0.117	213	160	28	209	2	214	2.196E-05	124
LOKIASV2_3302_ESMFold_histidine_phosphatase_family_protein	5um0-assembly1.cif.gz_D	LOKIASV2_3302_ESMFold_histidine_phosphatase_family_protein	5um0-assembly1.cif.gz_D Crystal structure of 2,3-bisphosphoglycerate-dependent phosphoglycerate mutase from Neisseria gonorrhoeae	0.143	215	156	27	209	1	215	2.329E-05	124
LOKIASV2_3302_ESMFold_histidine_phosphatase_family_protein	2rfl-assembly8.cif.gz_H	LOKIASV2_3302_ESMFold_histidine_phosphatase_family_protein	2rfl-assembly8.cif.gz_H Crystal structure of the putative phosphohistidine phosphatase SixA from Agrobacterium tumefaciens	0.135	196	128	29	224	6	154	3.127E-04	122
LOKIASV2_3302_ESMFold_histidine_phosphatase_family_protein	3ezn-assembly1.cif.gz_A	LOKIASV2_3302_ESMFold_histidine_phosphatase_family_protein	3ezn-assembly1.cif.gz_A Crystal structure of phosphoglyceromutase from burkholderia pseudomallei 1710b	0.131	214	157	28	209	2	215	4.203E-05	122
LOKIASV2_3302_ESMFold_histidine_phosphatase_family_protein	3dcy-assembly1.cif.gz_A	LOKIASV2_3302_ESMFold_histidine_phosphatase_family_protein	3dcy-assembly1.cif.gz_A Crystal Structure a TP53-induced glycolysis and apoptosis regulator protein from Homo sapiens.	0.112	227	175	27	224	8	234	4.730E-05	121
LOKIASV2_3302_ESMFold_histidine_phosphatase_family_protein	3mxo-assembly2.cif.gz_A-2	LOKIASV2_3302_ESMFold_histidine_phosphatase_family_protein	3mxo-assembly2.cif.gz_A-2 Crystal structure oh human phosphoglycerate mutase family member 5 (PGAM5)	0.160	202	139	25	226	8	174	1.081E-04	118
LOKIASV2_3302_ESMFold_histidine_phosphatase_family_protein	7n3r-assembly1.cif.gz_B	LOKIASV2_3302_ESMFold_histidine_phosphatase_family_protein	7n3r-assembly1.cif.gz_B The ternary complex of human Bisphosphoglycerate mutase with 3-phosphoglycerate and 2-phosphoglycolate	0.145	220	155	28	209	2	221	8.534E-05	118
LOKIASV2_3302_ESMFold_histidine_phosphatase_family_protein	3gp5-assembly1.cif.gz_A	LOKIASV2_3302_ESMFold_histidine_phosphatase_family_protein	3gp5-assembly1.cif.gz_A Crystal structure of phosphoglyceromutase from Burkholderia pseudomallei with 3-phosphoglyceric acid and vanadate	0.113	238	187	28	239	2	239	1.839E-05	118
LOKIASV2_3302_ESMFold_histidine_phosphatase_family_protein	2rfl-assembly3.cif.gz_C	LOKIASV2_3302_ESMFold_histidine_phosphatase_family_protein	2rfl-assembly3.cif.gz_C Crystal structure of the putative phosphohistidine phosphatase SixA from Agrobacterium tumefaciens	0.156	180	116	28	207	3	140	2.469E-04	117
LOKIASV2_3302_ESMFold_histidine_phosphatase_family_protein	3d8h-assembly1.cif.gz_A	LOKIASV2_3302_ESMFold_histidine_phosphatase_family_protein	3d8h-assembly1.cif.gz_A Crystal structure of phosphoglycerate mutase from Cryptosporidium parvum, cgd7_4270	0.136	216	156	28	209	2	217	1.368E-04	117
LOKIASV2_3302_ESMFold_histidine_phosphatase_family_protein	1e59-assembly1.cif.gz_A-2	LOKIASV2_3302_ESMFold_histidine_phosphatase_family_protein	1e59-assembly1.cif.gz_A-2 E.coli cofactor-dependent phosphoglycerate mutase complexed with vanadate	0.125	237	184	28	238	2	238	2.621E-05	117
LOKIASV2_3302_ESMFold_histidine_phosphatase_family_protein	3e9d-assembly2.cif.gz_B	LOKIASV2_3302_ESMFold_histidine_phosphatase_family_protein	3e9d-assembly2.cif.gz_B Structure of full-length TIGAR from Danio rerio	0.141	221	167	29	223	5	225	3.319E-05	117
LOKIASV2_3302_ESMFold_histidine_phosphatase_family_protein	3o0t-assembly2.cif.gz_A-2	LOKIASV2_3302_ESMFold_histidine_phosphatase_family_protein	3o0t-assembly2.cif.gz_A-2 Crystal structure of human phosphoglycerate mutase family member 5 (PGAM5) in complex with phosphate	0.159	201	146	23	223	2	176	7.584E-05	115
LOKIASV2_3302_ESMFold_histidine_phosphatase_family_protein	3e9c-assembly1.cif.gz_A	LOKIASV2_3302_ESMFold_histidine_phosphatase_family_protein	3e9c-assembly1.cif.gz_A Structure of a tryptic core fragment of TIGAR from Danio rerio	0.148	198	164	29	226	5	198	2.781E-05	115
LOKIASV2_3302_ESMFold_histidine_phosphatase_family_protein	3kkk-assembly1.cif.gz_A	LOKIASV2_3302_ESMFold_histidine_phosphatase_family_protein	3kkk-assembly1.cif.gz_A Y92C catalytic residue mutant of Phosphoglycerate Mutase from Plasmodium falciparum	0.150	216	154	28	209	3	218	9.053E-05	115
LOKIASV2_3302_ESMFold_histidine_phosphatase_family_protein	4eo9-assembly1.cif.gz_A-2	LOKIASV2_3302_ESMFold_histidine_phosphatase_family_protein	4eo9-assembly1.cif.gz_A-2 Crystal structure of a phosphoglycerate mutase gpm1 from Mycobacterium leprae	0.142	237	181	28	239	3	239	2.950E-05	115
LOKIASV2_3302_ESMFold_histidine_phosphatase_family_protein	4odi-assembly1.cif.gz_C	LOKIASV2_3302_ESMFold_histidine_phosphatase_family_protein	4odi-assembly1.cif.gz_C 2.6 Angstrom Crystal Structure of Putative Phosphoglycerate Mutase 1 from Toxoplasma gondii	0.135	220	160	24	209	1	220	2.948E-04	113
LOKIASV2_3302_ESMFold_histidine_phosphatase_family_protein	1yjx-assembly1.cif.gz_A	LOKIASV2_3302_ESMFold_histidine_phosphatase_family_protein	1yjx-assembly1.cif.gz_A Crystal structure of human B type phosphoglycerate mutase	0.130	244	186	27	241	2	245	5.017E-05	113
LOKIASV2_3302_ESMFold_histidine_phosphatase_family_protein	3eoz-assembly1.cif.gz_B	LOKIASV2_3302_ESMFold_histidine_phosphatase_family_protein	3eoz-assembly1.cif.gz_B Crystal Structure of Phosphoglycerate Mutase from Plasmodium Falciparum, PFD0660w	0.113	199	153	28	226	2	175	1.216E-04	112
LOKIASV2_3302_ESMFold_histidine_phosphatase_family_protein	6cni-assembly1.cif.gz_B	LOKIASV2_3302_ESMFold_histidine_phosphatase_family_protein	6cni-assembly1.cif.gz_B Crystal structure of H105A PGAM5 dimer	0.148	200	135	24	223	7	165	1.081E-04	111
LOKIASV2_3302_ESMFold_histidine_phosphatase_family_protein	7thi-assembly1.cif.gz_A	LOKIASV2_3302_ESMFold_histidine_phosphatase_family_protein	7thi-assembly1.cif.gz_A Human Bisphosphoglycerate Mutase complexed with 2-phosphoglycolate	0.156	244	180	26	239	2	245	4.730E-05	111
LOKIASV2_3302_ESMFold_histidine_phosphatase_family_protein	5vve-assembly1.cif.gz_A	LOKIASV2_3302_ESMFold_histidine_phosphatase_family_protein	5vve-assembly1.cif.gz_A Crystal structure of phosphoglycerate mutase from Naegleria fowleri	0.151	240	181	28	241	4	243	7.149E-05	110
LOKIASV2_3302_ESMFold_histidine_phosphatase_family_protein	7r5y-assembly2.cif.gz_B	LOKIASV2_3302_ESMFold_histidine_phosphatase_family_protein	7r5y-assembly2.cif.gz_B Crystal Structure of Prevotella sp. CAG:617 Multiple Inositol Polyphosphate Phosphatase, complex with myo-inositol hexakissulfate	0.100	366	194	26	241	38	403	1.019E-04	110
LOKIASV2_3302_ESMFold_histidine_phosphatase_family_protein	3o0t-assembly2.cif.gz_B	LOKIASV2_3302_ESMFold_histidine_phosphatase_family_protein	3o0t-assembly2.cif.gz_B Crystal structure of human phosphoglycerate mutase family member 5 (PGAM5) in complex with phosphate	0.154	199	140	25	223	8	173	8.534E-05	109
LOKIASV2_3302_ESMFold_histidine_phosphatase_family_protein	6cni-assembly1.cif.gz_A	LOKIASV2_3302_ESMFold_histidine_phosphatase_family_protein	6cni-assembly1.cif.gz_A Crystal structure of H105A PGAM5 dimer	0.159	201	145	23	223	2	174	1.838E-04	109
LOKIASV2_3302_ESMFold_histidine_phosphatase_family_protein	6nru-assembly5.cif.gz_E	LOKIASV2_3302_ESMFold_histidine_phosphatase_family_protein	6nru-assembly5.cif.gz_E Crystal Structure of the Alpha-ribazole Phosphatase from Shigella flexneri	0.132	201	168	29	229	2	196	3.733E-04	109
LOKIASV2_3302_ESMFold_histidine_phosphatase_family_protein	6h26-assembly1.cif.gz_A-2	LOKIASV2_3302_ESMFold_histidine_phosphatase_family_protein	6h26-assembly1.cif.gz_A-2 Rabbit muscle phosphoglycerate mutase	0.139	240	182	26	237	2	241	3.521E-05	108
LOKIASV2_3302_ESMFold_histidine_phosphatase_family_protein	2rfl-assembly2.cif.gz_B	LOKIASV2_3302_ESMFold_histidine_phosphatase_family_protein	2rfl-assembly2.cif.gz_B Crystal structure of the putative phosphohistidine phosphatase SixA from Agrobacterium tumefaciens	0.137	199	128	29	227	4	152	2.948E-04	107
LOKIASV2_3302_ESMFold_histidine_phosphatase_family_protein	2rfl-assembly5.cif.gz_E	LOKIASV2_3302_ESMFold_histidine_phosphatase_family_protein	2rfl-assembly5.cif.gz_E Crystal structure of the putative phosphohistidine phosphatase SixA from Agrobacterium tumefaciens	0.129	200	129	28	227	3	151	4.200E-04	107
LOKIASV2_3302_ESMFold_histidine_phosphatase_family_protein	1nd5-assembly1.cif.gz_B	LOKIASV2_3302_ESMFold_histidine_phosphatase_family_protein	1nd5-assembly1.cif.gz_B Crystal Structures of Human Prostatic Acid Phosphatase in Complex with a Phosphate Ion and alpha-Benzylaminobenzylphosphonic Acid Update the Mechanistic Picture and Offer New Insights into Inhibitor Design	0.122	313	179	24	228	1	313	7.584E-05	107
LOKIASV2_3302_ESMFold_histidine_phosphatase_family_protein	6yj6-assembly1.cif.gz_C	LOKIASV2_3302_ESMFold_histidine_phosphatase_family_protein	6yj6-assembly1.cif.gz_C Structure of the TFIIIC subcomplex tauA	0.158	220	166	28	225	2	221	7.584E-05	104
LOKIASV2_3302_ESMFold_histidine_phosphatase_family_protein	3e9c-assembly2.cif.gz_B	LOKIASV2_3302_ESMFold_histidine_phosphatase_family_protein	3e9c-assembly2.cif.gz_B Structure of a tryptic core fragment of TIGAR from Danio rerio	0.161	186	143	29	214	4	174	1.019E-04	100
LOKIASV2_3302_ESMFold_histidine_phosphatase_family_protein	8ffz-assembly1.cif.gz_G	LOKIASV2_3302_ESMFold_histidine_phosphatase_family_protein	8ffz-assembly1.cif.gz_G TFIIIA-TFIIIC-Brf1-TBP complex bound to 5S rRNA gene	0.152	232	174	27	232	3	234	1.216E-04	100
LOKIASV2_3302_ESMFold_histidine_phosphatase_family_protein	5gg5-assembly1.cif.gz_A	LOKIASV2_3302_ESMFold_histidine_phosphatase_family_protein	5gg5-assembly1.cif.gz_A Crystal structure of Mycobacterium smegmatis MutT1	0.118	207	144	21	227	128	291	2.948E-04	99
LOKIASV2_3302_ESMFold_histidine_phosphatase_family_protein	5muf-assembly1.cif.gz_A	LOKIASV2_3302_ESMFold_histidine_phosphatase_family_protein	5muf-assembly1.cif.gz_A Crystal structure of human phosphoglycerate mutase family member 5 (PGAM5) in its enzymatically active dodecameric form induced by the presence of the N-terminal WDPNWD motif	0.139	204	158	24	227	11	195	2.619E-04	98
LOKIASV2_3302_ESMFold_histidine_phosphatase_family_protein	7xb9-assembly1.cif.gz_B	LOKIASV2_3302_ESMFold_histidine_phosphatase_family_protein	7xb9-assembly1.cif.gz_B Phosphoglycerate mutase 1 complexed with a covalent inhibitor	0.141	230	161	28	216	2	231	1.950E-04	97
LOKIASV2_3302_ESMFold_histidine_phosphatase_family_protein	4hbz-assembly1.cif.gz_A	LOKIASV2_3302_ESMFold_histidine_phosphatase_family_protein	4hbz-assembly1.cif.gz_A The Structure of Putative Phosphohistidine Phosphatase SixA from Nakamurella multipartitia.	0.114	208	136	28	235	6	159	1.838E-04	96
LOKIASV2_3302_ESMFold_histidine_phosphatase_family_protein	5cx4-assembly2.cif.gz_B	LOKIASV2_3302_ESMFold_histidine_phosphatase_family_protein	5cx4-assembly2.cif.gz_B Crystal Structure of a Multiple Inositol Polyphosphate Phosphatase	0.091	367	192	26	237	21	387	8.528E-04	96
LOKIASV2_3302_ESMFold_histidine_phosphatase_family_protein	4fdt-assembly2.cif.gz_B	LOKIASV2_3302_ESMFold_histidine_phosphatase_family_protein	4fdt-assembly2.cif.gz_B Crystal Structure of a Multiple Inositol Polyphosphate Phosphatase	0.086	367	193	26	237	22	388	1.632E-03	94
LOKIASV2_3302_ESMFold_histidine_phosphatase_family_protein	1rpt-assembly1.cif.gz_A-2	LOKIASV2_3302_ESMFold_histidine_phosphatase_family_protein	1rpt-assembly1.cif.gz_A-2 CRYSTAL STRUCTURES OF RAT ACID PHOSPHATASE COMPLEXED WITH THE TRANSITIONS STATE ANALOGS VANADATE AND MOLYBDATE: IMPLICATIONS FOR THE REACTION MECHANISM	0.110	310	180	24	226	1	310	2.469E-04	93
LOKIASV2_3302_ESMFold_histidine_phosphatase_family_protein	5cu7-assembly2.cif.gz_B	LOKIASV2_3302_ESMFold_histidine_phosphatase_family_protein	5cu7-assembly2.cif.gz_B Bacteroides Thetaiotaomicron Multiple Inositol Polyphosphate Phosphatase A324D Mutant	0.082	373	204	11	233	4	376	8.528E-04	93
LOKIASV2_3302_ESMFold_histidine_phosphatase_family_protein	4job-assembly1.cif.gz_A	LOKIASV2_3302_ESMFold_histidine_phosphatase_family_protein	4job-assembly1.cif.gz_A Crystal structure of human lysophosphatidic acid phosphatase type 6 complexed with L-(+)-tartrate	0.121	344	186	27	239	10	353	1.018E-03	92
LOKIASV2_3302_ESMFold_histidine_phosphatase_family_protein	5muf-assembly1.cif.gz_C	LOKIASV2_3302_ESMFold_histidine_phosphatase_family_protein	5muf-assembly1.cif.gz_C Crystal structure of human phosphoglycerate mutase family member 5 (PGAM5) in its enzymatically active dodecameric form induced by the presence of the N-terminal WDPNWD motif	0.140	204	157	24	227	11	194	8.040E-04	91
LOKIASV2_3302_ESMFold_histidine_phosphatase_family_protein	2wu0-assembly2.cif.gz_B	LOKIASV2_3302_ESMFold_histidine_phosphatase_family_protein	2wu0-assembly2.cif.gz_B Crystal Structure Analysis of Klebsiella sp ASR1 Phytase	0.107	320	175	27	223	5	324	3.959E-04	90
LOKIASV2_3302_ESMFold_histidine_phosphatase_family_protein	4fdu-assembly2.cif.gz_B	LOKIASV2_3302_ESMFold_histidine_phosphatase_family_protein	4fdu-assembly2.cif.gz_B Crystal Structure of a Multiple Inositol Polyphosphate Phosphatase	0.081	367	194	26	237	21	387	2.946E-03	87
LOKIASV2_3302_ESMFold_histidine_phosphatase_family_protein	4fdt-assembly1.cif.gz_A	LOKIASV2_3302_ESMFold_histidine_phosphatase_family_protein	4fdt-assembly1.cif.gz_A Crystal Structure of a Multiple Inositol Polyphosphate Phosphatase	0.076	367	195	26	237	24	390	3.125E-03	87
LOKIASV2_3302_ESMFold_histidine_phosphatase_family_protein	6isn-assembly1.cif.gz_C	LOKIASV2_3302_ESMFold_histidine_phosphatase_family_protein	6isn-assembly1.cif.gz_C Phosphoglycerate mutase 1 complexed with a small molecule inhibitor	0.144	230	169	28	225	3	232	1.289E-03	85
LOKIASV2_3302_ESMFold_histidine_phosphatase_family_protein	6m6y-assembly1.cif.gz_A	LOKIASV2_3302_ESMFold_histidine_phosphatase_family_protein	6m6y-assembly1.cif.gz_A Crystal structure of Mycobacterium smegmatis MutT1 in complex with 8-oxo-dGTP	0.120	211	144	21	231	126	290	3.315E-03	84
LOKIASV2_3302_ESMFold_histidine_phosphatase_family_protein	1qfx-assembly1.cif.gz_A-2	LOKIASV2_3302_ESMFold_histidine_phosphatase_family_protein	1qfx-assembly1.cif.gz_A-2 PH 2.5 ACID PHOSPHATASE FROM ASPERGILLUS NIGER	0.113	369	193	20	238	28	396	1.949E-03	84
LOKIASV2_3302_ESMFold_histidine_phosphatase_family_protein	5xd2-assembly1.cif.gz_A	LOKIASV2_3302_ESMFold_histidine_phosphatase_family_protein	5xd2-assembly1.cif.gz_A Crystal structure of Mycobacterium smegmatis MutT1 in complex with Ap5A, ATP and manganese	0.125	211	146	18	228	123	290	2.326E-03	83
LOKIASV2_3302_ESMFold_histidine_phosphatase_family_protein	3eoz-assembly1.cif.gz_A	LOKIASV2_3302_ESMFold_histidine_phosphatase_family_protein	3eoz-assembly1.cif.gz_A Crystal Structure of Phosphoglycerate Mutase from Plasmodium Falciparum, PFD0660w	0.149	201	120	28	228	4	145	3.516E-03	82
LOKIASV2_3302_ESMFold_histidine_phosphatase_family_protein	2wnh-assembly1.cif.gz_B	LOKIASV2_3302_ESMFold_histidine_phosphatase_family_protein	2wnh-assembly1.cif.gz_B Crystal Structure Analysis of Klebsiella sp ASR1 Phytase	0.105	320	175	27	223	11	330	1.949E-03	80
LOKIASV2_3302_ESMFold_histidine_phosphatase_family_protein	5gg7-assembly1.cif.gz_A	LOKIASV2_3302_ESMFold_histidine_phosphatase_family_protein	5gg7-assembly1.cif.gz_A Crystal structure of Mycobacterium smegmatis MutT1 in complex with 8-oxo-dGTP, 8-oxo-dGMP and pyrophosphate (I)	0.120	208	144	21	228	125	289	2.468E-03	79
LOKIASV2_3302_ESMFold_histidine_phosphatase_family_protein	6m72-assembly1.cif.gz_A	LOKIASV2_3302_ESMFold_histidine_phosphatase_family_protein	6m72-assembly1.cif.gz_A Crystal structure of Mycobacterium smegmatis MutT1 in complex with 8-oxo-dGDP	0.120	211	144	21	231	125	289	3.957E-03	78
LOKIASV2_3302_ESMFold_histidine_phosphatase_family_protein	5gg6-assembly2.cif.gz_B	LOKIASV2_3302_ESMFold_histidine_phosphatase_family_protein	5gg6-assembly2.cif.gz_B Crystal structure of Mycobacterium smegmatis MutT1 in complex with 8-oxo-dGTP	0.130	202	137	26	227	134	292	3.125E-03	76
LOKIASV2_3302_ESMFold_histidine_phosphatase_family_protein	6rxe-assembly1.cif.gz_A	LOKIASV2_3302_ESMFold_histidine_phosphatase_family_protein	6rxe-assembly1.cif.gz_A Crystal Structure of Bifidobacterium longum Multiple Inositol Polyphosphate Phosphatase Complex with Inositol Hexasulfate	0.082	436	185	26	228	30	465	5.311E-02	58
LOKIASV2_3302_ESMFold_histidine_phosphatase_family_protein	6rxf-assembly1.cif.gz_A	LOKIASV2_3302_ESMFold_histidine_phosphatase_family_protein	6rxf-assembly1.cif.gz_A Crystal Structure of Bifidobacterium longum Multiple Inositol Polyphosphate Phosphatase Phosphohistidine Intermediate	0.093	446	183	26	228	29	474	2.190E-01	53
LOKIASV2_3302_ESMFold_histidine_phosphatase_family_protein	6rxe-assembly2.cif.gz_B	LOKIASV2_3302_ESMFold_histidine_phosphatase_family_protein	6rxe-assembly2.cif.gz_B Crystal Structure of Bifidobacterium longum Multiple Inositol Polyphosphate Phosphatase Complex with Inositol Hexasulfate	0.086	449	187	23	228	24	472	2.773E-01	48
LOKIASV2_3302_ESMFold_histidine_phosphatase_family_protein	1jx6-assembly1.cif.gz_A	LOKIASV2_3302_ESMFold_histidine_phosphatase_family_protein	1jx6-assembly1.cif.gz_A CRYSTAL STRUCTURE OF LUXP FROM VIBRIO HARVEYI COMPLEXED WITH AUTOINDUCER-2	0.194	69	52	57	125	159	224	6.336E-01	41
LOKIASV2_3302_ESMFold_histidine_phosphatase_family_protein	8fxu-assembly1.cif.gz_A	LOKIASV2_3302_ESMFold_histidine_phosphatase_family_protein	8fxu-assembly1.cif.gz_A Thermoanaerobacter thermosaccharolyticum periplasmic Glucose-Binding Protein glucose complex: Badan conjugate attached at F17C	0.092	117	72	71	187	140	219	4.192E-01	39
LOKIASV2_3302_ESMFold_histidine_phosphatase_family_protein	6igq-assembly1.cif.gz_B	LOKIASV2_3302_ESMFold_histidine_phosphatase_family_protein	6igq-assembly1.cif.gz_B Crystal structure of inactive state of S9 peptidase from Deinococcus radiodurans R1 (PMSF treated)	0.163	48	39	61	108	519	566	2.188E+00	39
LOKIASV2_3302_ESMFold_histidine_phosphatase_family_protein	2liv-assembly1.cif.gz_A	LOKIASV2_3302_ESMFold_histidine_phosphatase_family_protein	2liv-assembly1.cif.gz_A PERIPLASMIC BINDING PROTEIN STRUCTURE AND FUNCTION. REFINED X-RAY STRUCTURES OF THE LEUCINE/ISOLEUCINE/VALINE-BINDING PROTEIN AND ITS COMPLEX WITH LEUCINE	0.127	55	45	60	112	128	182	2.063E+00	38
LOKIASV2_3302_ESMFold_histidine_phosphatase_family_protein	3e61-assembly1.cif.gz_B	LOKIASV2_3302_ESMFold_histidine_phosphatase_family_protein	3e61-assembly1.cif.gz_B Crystal structure of a putative transcriptional repressor of ribose operon from Staphylococcus saprophyticus subsp. saprophyticus	0.086	44	37	60	103	101	142	2.463E+00	37
LOKIASV2_3302_ESMFold_histidine_phosphatase_family_protein	3gyb-assembly1.cif.gz_B	LOKIASV2_3302_ESMFold_histidine_phosphatase_family_protein	3gyb-assembly1.cif.gz_B Crystal structure of a LacI-family transcriptional regulatory protein from Corynebacterium glutamicum	0.105	160	90	36	195	78	178	5.308E-01	37
LOKIASV2_3302_ESMFold_histidine_phosphatase_family_protein	7e7m-assembly4.cif.gz_D	LOKIASV2_3302_ESMFold_histidine_phosphatase_family_protein	7e7m-assembly4.cif.gz_D Crystal Structure Analysis of the Streptococcus agalactiae Ribose Binding Protein RbsB	0.113	131	79	57	187	106	195	2.942E-01	37
LOKIASV2_3302_ESMFold_histidine_phosphatase_family_protein	1usg-assembly1.cif.gz_A	LOKIASV2_3302_ESMFold_histidine_phosphatase_family_protein	1usg-assembly1.cif.gz_A L-leucine-binding protein, apo form	0.129	54	44	60	111	128	181	2.463E+00	37
LOKIASV2_3302_ESMFold_histidine_phosphatase_family_protein	7uk7-assembly1.cif.gz_A	LOKIASV2_3302_ESMFold_histidine_phosphatase_family_protein	7uk7-assembly1.cif.gz_A YjfC from Escherichia coli K-12 in complex with ADP, Mg2+ and SO4	0.102	49	42	57	104	158	206	2.940E+00	37
LOKIASV2_3302_ESMFold_histidine_phosphatase_family_protein	5gnh-assembly2.cif.gz_A	LOKIASV2_3302_ESMFold_histidine_phosphatase_family_protein	5gnh-assembly2.cif.gz_A Myotubularin-related protein 2	0.084	136	123	53	187	216	351	1.537E-01	37
LOKIASV2_3302_ESMFold_histidine_phosphatase_family_protein	6igq-assembly1.cif.gz_A	LOKIASV2_3302_ESMFold_histidine_phosphatase_family_protein	6igq-assembly1.cif.gz_A Crystal structure of inactive state of S9 peptidase from Deinococcus radiodurans R1 (PMSF treated)	0.163	48	39	61	108	523	570	2.771E+00	37
LOKIASV2_3302_ESMFold_histidine_phosphatase_family_protein	3kke-assembly1.cif.gz_A	LOKIASV2_3302_ESMFold_histidine_phosphatase_family_protein	3kke-assembly1.cif.gz_A Crystal structure of a LacI family transcriptional regulator from Mycobacterium smegmatis	0.120	128	82	60	187	106	199	4.717E-01	36
LOKIASV2_3302_ESMFold_histidine_phosphatase_family_protein	5g48-assembly2.cif.gz_A-3	LOKIASV2_3302_ESMFold_histidine_phosphatase_family_protein	5g48-assembly2.cif.gz_A-3 H.pylori Beta clamp in complex with Diflunisal	0.103	29	25	201	229	84	112	2.463E+00	36
LOKIASV2_3302_ESMFold_histidine_phosphatase_family_protein	3n0x-assembly1.cif.gz_A	LOKIASV2_3302_ESMFold_histidine_phosphatase_family_protein	3n0x-assembly1.cif.gz_A Crystal structure of an ABC-type branched-chain amino acid transporter (RPA4397) from Rhodopseudomonas palustris CGA009 at 1.50 A resolution	0.114	114	66	64	177	132	206	1.016E+00	36
LOKIASV2_3302_ESMFold_histidine_phosphatase_family_protein	6fvo-assembly2.cif.gz_C	LOKIASV2_3302_ESMFold_histidine_phosphatase_family_protein	6fvo-assembly2.cif.gz_C Mutant DNA polymerase sliding clamp from Mycobacterium tuberculosis with bound P7 peptide	0.040	25	23	203	227	90	114	3.949E+00	36
LOKIASV2_3302_ESMFold_histidine_phosphatase_family_protein	5yzn-assembly1.cif.gz_B	LOKIASV2_3302_ESMFold_histidine_phosphatase_family_protein	5yzn-assembly1.cif.gz_B Crystal structure of S9 peptidase (active form) from Deinococcus radiodurans R1	0.163	48	39	61	108	573	620	3.118E+00	36
LOKIASV2_3302_ESMFold_histidine_phosphatase_family_protein	5t09-assembly1.cif.gz_A	LOKIASV2_3302_ESMFold_histidine_phosphatase_family_protein	5t09-assembly1.cif.gz_A The structure of the type III effector HopBA1	0.092	129	108	57	176	40	168	2.323E-01	35
LOKIASV2_3302_ESMFold_histidine_phosphatase_family_protein	4joq-assembly1.cif.gz_B	LOKIASV2_3302_ESMFold_histidine_phosphatase_family_protein	4joq-assembly1.cif.gz_B Putative ribose ABC transporter, periplasmic solute-binding protein from Rhodobacter sphaeroides	0.085	69	59	57	125	120	184	1.833E+00	35
LOKIASV2_3302_ESMFold_histidine_phosphatase_family_protein	4yp9-assembly1.cif.gz_A	LOKIASV2_3302_ESMFold_histidine_phosphatase_family_protein	4yp9-assembly1.cif.gz_A Crystal Structure of LuxP In Complex With a Formose Derived AI-2 Analogue	0.197	69	52	57	125	158	223	5.308E-01	35
LOKIASV2_3302_ESMFold_histidine_phosphatase_family_protein	1qnl-assembly1.cif.gz_A	LOKIASV2_3302_ESMFold_histidine_phosphatase_family_protein	1qnl-assembly1.cif.gz_A AMIDE RECEPTOR/NEGATIVE REGULATOR OF THE AMIDASE OPERON OF PSEUDOMONAS AERUGINOSA (AMIC) COMPLEXED WITH BUTYRAMIDE	0.076	126	83	60	185	121	211	1.143E+00	35
LOKIASV2_3302_ESMFold_histidine_phosphatase_family_protein	2io7-assembly1.cif.gz_A	LOKIASV2_3302_ESMFold_histidine_phosphatase_family_protein	2io7-assembly1.cif.gz_A E. coli Bifunctional glutathionylspermidine synthetase/amidase Incomplex with Mg2+ and AMPPNP	0.067	59	51	61	119	347	402	2.463E+00	35
LOKIASV2_3302_ESMFold_histidine_phosphatase_family_protein	5yzo-assembly1.cif.gz_A	LOKIASV2_3302_ESMFold_histidine_phosphatase_family_protein	5yzo-assembly1.cif.gz_A Crystal structure of S9 peptidase mutant (S514A) from Deinococcus radiodurans R1	0.120	48	41	61	108	573	620	3.509E+00	35
LOKIASV2_3302_ESMFold_histidine_phosphatase_family_protein	4u2q-assembly1.cif.gz_B	LOKIASV2_3302_ESMFold_histidine_phosphatase_family_protein	4u2q-assembly1.cif.gz_B Full-length AMPA subtype ionotropic glutamate receptor GluA2 in complex with partial agonist kainate	0.150	71	58	60	130	109	177	1.213E+00	35
LOKIASV2_3302_ESMFold_histidine_phosphatase_family_protein	1qmj-assembly1.cif.gz_B	LOKIASV2_3302_ESMFold_histidine_phosphatase_family_protein	1qmj-assembly1.cif.gz_B CG-16, a homodimeric agglutinin from chicken liver	0.166	30	23	199	226	79	108	1.728E+00	34
LOKIASV2_3302_ESMFold_histidine_phosphatase_family_protein	4ylz-assembly2.cif.gz_B	LOKIASV2_3302_ESMFold_histidine_phosphatase_family_protein	4ylz-assembly2.cif.gz_B Crystal structure of the human galectin-4 C-terminal carbohydrate recognition domain in complex with lacto-N-neotetraose (LNnT)	0.232	40	30	198	237	83	122	1.287E+00	34
LOKIASV2_3302_ESMFold_histidine_phosphatase_family_protein	7usb-assembly1.cif.gz_A	LOKIASV2_3302_ESMFold_histidine_phosphatase_family_protein	7usb-assembly1.cif.gz_A CCoV-HuPn-2018 S in the swung out conformation (local refinement of domain 0)	0.160	25	20	202	226	142	166	3.949E+00	34
LOKIASV2_3302_ESMFold_histidine_phosphatase_family_protein	6smp-assembly3.cif.gz_I	LOKIASV2_3302_ESMFold_histidine_phosphatase_family_protein	6smp-assembly3.cif.gz_I AntDE:AntF (holo): type II PKS acyl-carrier protein in complex with its ketosynthase bound to the hexaketide	0.062	48	42	57	104	248	293	2.612E+00	34
LOKIASV2_3302_ESMFold_histidine_phosphatase_family_protein	4evs-assembly1.cif.gz_A	LOKIASV2_3302_ESMFold_histidine_phosphatase_family_protein	4evs-assembly1.cif.gz_A Crystal structure of ABC transporter from R. palustris - solute binding protein (RPA0985) in complex with 4-hydroxybenzoate	0.163	104	74	71	174	137	226	8.023E-01	34
LOKIASV2_3302_ESMFold_histidine_phosphatase_family_protein	5x2o-assembly2.cif.gz_C	LOKIASV2_3302_ESMFold_histidine_phosphatase_family_protein	5x2o-assembly2.cif.gz_C Crystal structure of the medaka fish taste receptor T1r2a-T1r3 ligand binding domains in complex with L-arginine	0.142	70	56	57	126	165	230	2.063E+00	34
LOKIASV2_3302_ESMFold_histidine_phosphatase_family_protein	5c16-assembly2.cif.gz_B	LOKIASV2_3302_ESMFold_histidine_phosphatase_family_protein	5c16-assembly2.cif.gz_B Myotubularin-related proetin 1	0.128	136	117	53	187	199	334	3.511E-01	34
LOKIASV2_3302_ESMFold_histidine_phosphatase_family_protein	2iob-assembly1.cif.gz_A	LOKIASV2_3302_ESMFold_histidine_phosphatase_family_protein	2iob-assembly1.cif.gz_A E. coli Bifunctional glutathionylspermidine synthetase/amidase Apo protein	0.066	59	51	61	119	359	414	1.728E+00	34
LOKIASV2_3302_ESMFold_histidine_phosphatase_family_protein	5yzm-assembly1.cif.gz_A	LOKIASV2_3302_ESMFold_histidine_phosphatase_family_protein	5yzm-assembly1.cif.gz_A Crystal structure of S9 peptidase (inactive form) from Deinococcus radiodurans R1	0.163	48	39	61	108	522	569	4.189E+00	34
LOKIASV2_3302_ESMFold_histidine_phosphatase_family_protein	2io9-assembly1.cif.gz_A	LOKIASV2_3302_ESMFold_histidine_phosphatase_family_protein	2io9-assembly1.cif.gz_A E. coli Bifunctional glutathionylspermidine synthetase/amidase Incomplex with Mg2+ ,GSH and ADP	0.067	59	51	61	119	353	408	2.940E+00	34
LOKIASV2_3302_ESMFold_histidine_phosphatase_family_protein	7ca3-assembly1.cif.gz_A	LOKIASV2_3302_ESMFold_histidine_phosphatase_family_protein	7ca3-assembly1.cif.gz_A Cryo-EM structure of human GABA(B) receptor bound to the positive allosteric modulator rac-BHFF	0.100	40	34	69	107	138	177	5.627E+00	34
LOKIASV2_3302_ESMFold_histidine_phosphatase_family_protein	7dd5-assembly1.cif.gz_A	LOKIASV2_3302_ESMFold_histidine_phosphatase_family_protein	7dd5-assembly1.cif.gz_A Structure of Calcium-Sensing Receptor in complex with NPS-2143	0.072	69	58	57	125	161	224	2.188E+00	34
LOKIASV2_3302_ESMFold_histidine_phosphatase_family_protein	3gyb-assembly1.cif.gz_A	LOKIASV2_3302_ESMFold_histidine_phosphatase_family_protein	3gyb-assembly1.cif.gz_A Crystal structure of a LacI-family transcriptional regulatory protein from Corynebacterium glutamicum	0.102	136	79	60	195	98	186	1.143E+00	33
LOKIASV2_3302_ESMFold_histidine_phosphatase_family_protein	7pq6-assembly1.cif.gz_BBB	LOKIASV2_3302_ESMFold_histidine_phosphatase_family_protein	7pq6-assembly1.cif.gz_BBB Crystal Structure of the Ring Nuclease 0811 mutant-S12A from Sulfolobus islandicus (Sis0811)	0.114	136	102	52	187	67	182	6.721E-01	33
LOKIASV2_3302_ESMFold_histidine_phosphatase_family_protein	1z18-assembly1.cif.gz_A	LOKIASV2_3302_ESMFold_histidine_phosphatase_family_protein	1z18-assembly1.cif.gz_A Crystal structure analysis of periplasmic Leu/Ile/Val-binding protein with bound valine	0.102	66	57	60	125	128	191	2.321E+00	33
LOKIASV2_3302_ESMFold_histidine_phosphatase_family_protein	2lbp-assembly1.cif.gz_A	LOKIASV2_3302_ESMFold_histidine_phosphatase_family_protein	2lbp-assembly1.cif.gz_A STRUCTURE OF THE L-LEUCINE-BINDING PROTEIN REFINED AT 2.4 ANGSTROMS RESOLUTION AND COMPARISON WITH THE LEU(SLASH)ILE(SLASH)VAL-BINDING PROTEIN STRUCTURE	0.166	48	39	60	107	128	175	7.125E+00	33
LOKIASV2_3302_ESMFold_histidine_phosphatase_family_protein	5frq-assembly1.cif.gz_C	LOKIASV2_3302_ESMFold_histidine_phosphatase_family_protein	5frq-assembly1.cif.gz_C Crystal Structure of Helicobacter pylori beta clamp bound to DNA ligase peptide	0.103	29	25	201	229	84	112	3.509E+00	33
LOKIASV2_3302_ESMFold_histidine_phosphatase_family_protein	5g4q-assembly2.cif.gz_B	LOKIASV2_3302_ESMFold_histidine_phosphatase_family_protein	5g4q-assembly2.cif.gz_B H.pylori Beta clamp in complex with 5-chloroisatin	0.103	29	25	201	229	84	112	3.308E+00	33
LOKIASV2_3302_ESMFold_histidine_phosphatase_family_protein	4tr7-assembly1.cif.gz_B	LOKIASV2_3302_ESMFold_histidine_phosphatase_family_protein	4tr7-assembly1.cif.gz_B Crystal structure of DNA polymerase sliding clamp from Mycobaterium tuberculosis	0.037	27	25	201	227	85	111	4.714E+00	33
LOKIASV2_3302_ESMFold_histidine_phosphatase_family_protein	8dt6-assembly1.cif.gz_A	LOKIASV2_3302_ESMFold_histidine_phosphatase_family_protein	8dt6-assembly1.cif.gz_A Crystal Structure of DNA Polymerase III beta subunit from Elizabethkingia anophelis	0.185	27	21	201	227	212	238	5.304E+00	33
LOKIASV2_3302_ESMFold_histidine_phosphatase_family_protein	6fvo-assembly2.cif.gz_D	LOKIASV2_3302_ESMFold_histidine_phosphatase_family_protein	6fvo-assembly2.cif.gz_D Mutant DNA polymerase sliding clamp from Mycobacterium tuberculosis with bound P7 peptide	0.040	25	23	203	227	89	113	5.304E+00	33
LOKIASV2_3302_ESMFold_histidine_phosphatase_family_protein	6vxk-assembly1.cif.gz_C	LOKIASV2_3302_ESMFold_histidine_phosphatase_family_protein	6vxk-assembly1.cif.gz_C Cryo-EM Structure of the full-length A39R/PlexinC1 complex	0.045	22	20	204	225	24	45	5.969E+00	33
LOKIASV2_3302_ESMFold_histidine_phosphatase_family_protein	5agv-assembly2.cif.gz_A	LOKIASV2_3302_ESMFold_histidine_phosphatase_family_protein	5agv-assembly2.cif.gz_A The sliding clamp of Mycobacterium tuberculosis in complex with a natural product.	0.037	27	25	201	227	86	112	5.000E+00	33
LOKIASV2_3302_ESMFold_histidine_phosphatase_family_protein	3rv9-assembly4.cif.gz_D	LOKIASV2_3302_ESMFold_histidine_phosphatase_family_protein	3rv9-assembly4.cif.gz_D Structure of a M. tuberculosis Salicylate Synthase, MbtI, in Complex with an Inhibitor with Ethyl R-Group	0.090	22	19	206	227	51	72	3.509E+00	33
LOKIASV2_3302_ESMFold_histidine_phosphatase_family_protein	3o98-assembly1.cif.gz_A	LOKIASV2_3302_ESMFold_histidine_phosphatase_family_protein	3o98-assembly1.cif.gz_A Glutathionylspermidine synthetase/amidase C59A complex with ADP and Gsp	0.081	61	50	59	119	354	408	2.612E+00	33
LOKIASV2_3302_ESMFold_histidine_phosphatase_family_protein	1fpz-assembly3.cif.gz_C	LOKIASV2_3302_ESMFold_histidine_phosphatase_family_protein	1fpz-assembly3.cif.gz_C CRYSTAL STRUCTURE ANALYSIS OF KINASE ASSOCIATED PHOSPHATASE (KAP) WITH A SUBSTITUTION OF THE CATALYTIC SITE CYSTEINE (CYS140) TO A SERINE	0.081	166	113	30	195	21	144	5.308E-01	32
LOKIASV2_3302_ESMFold_histidine_phosphatase_family_protein	2gcl-assembly1.cif.gz_A	LOKIASV2_3302_ESMFold_histidine_phosphatase_family_protein	2gcl-assembly1.cif.gz_A Structure of the Pob3 Middle domain	0.043	23	21	203	225	20	42	5.969E+00	32
LOKIASV2_3302_ESMFold_histidine_phosphatase_family_protein	3ce9-assembly1.cif.gz_B	LOKIASV2_3302_ESMFold_histidine_phosphatase_family_protein	3ce9-assembly1.cif.gz_B Crystal structure of glycerol dehydrogenase (NP_348253.1) from Clostridium acetobutylicum at 2.37 A resolution	0.084	59	48	70	128	30	82	1.536E+00	32
LOKIASV2_3302_ESMFold_histidine_phosphatase_family_protein	4eyk-assembly1.cif.gz_A	LOKIASV2_3302_ESMFold_histidine_phosphatase_family_protein	4eyk-assembly1.cif.gz_A Crystal structure of solute binding protein of ABC transporter from Rhodopseudomonas palustris BisB5 in complex with 3,4-dihydroxy benzoic acid	0.131	115	85	60	174	127	225	1.448E+00	32
LOKIASV2_3302_ESMFold_histidine_phosphatase_family_protein	5fve-assembly1.cif.gz_A-2	LOKIASV2_3302_ESMFold_histidine_phosphatase_family_protein	5fve-assembly1.cif.gz_A-2 Crystal Structure of Helicobacter pylori beta clamp in complex with 3, 4-Difluorobenzamide	0.103	29	25	201	229	84	112	4.189E+00	32
LOKIASV2_3302_ESMFold_histidine_phosphatase_family_protein	5fxt-assembly1.cif.gz_A	LOKIASV2_3302_ESMFold_histidine_phosphatase_family_protein	5fxt-assembly1.cif.gz_A Crystal Structure of Helicobacter pylori beta clamp in complex with Carprofen	0.103	29	25	201	229	84	112	4.189E+00	32
LOKIASV2_3302_ESMFold_histidine_phosphatase_family_protein	4tr7-assembly1.cif.gz_A	LOKIASV2_3302_ESMFold_histidine_phosphatase_family_protein	4tr7-assembly1.cif.gz_A Crystal structure of DNA polymerase sliding clamp from Mycobaterium tuberculosis	0.037	27	25	201	227	79	105	5.000E+00	32
LOKIASV2_3302_ESMFold_histidine_phosphatase_family_protein	5ah2-assembly2.cif.gz_B	LOKIASV2_3302_ESMFold_histidine_phosphatase_family_protein	5ah2-assembly2.cif.gz_B The sliding clamp of Mycobacterium smegmatis in complex with a natural product.	0.037	27	25	201	227	84	110	4.714E+00	32
LOKIASV2_3302_ESMFold_histidine_phosphatase_family_protein	6d47-assembly1.cif.gz_A-2	LOKIASV2_3302_ESMFold_histidine_phosphatase_family_protein	6d47-assembly1.cif.gz_A-2 Crystal structure of a DNA polymerase III subunit beta DnaN sliding clamp from Mycobacterium marinum	0.037	27	25	201	227	86	112	5.000E+00	32
LOKIASV2_3302_ESMFold_histidine_phosphatase_family_protein	5gnh-assembly3.cif.gz_B	LOKIASV2_3302_ESMFold_histidine_phosphatase_family_protein	5gnh-assembly3.cif.gz_B Myotubularin-related protein 2	0.094	132	118	53	183	216	347	3.310E-01	32
LOKIASV2_3302_ESMFold_histidine_phosphatase_family_protein	2io8-assembly1.cif.gz_A	LOKIASV2_3302_ESMFold_histidine_phosphatase_family_protein	2io8-assembly1.cif.gz_A E. coli Bifunctional glutathionylspermidine synthetase/amidase Incomplex with Mg2+ and ADP	0.067	59	51	61	119	353	408	3.722E+00	32
LOKIASV2_3302_ESMFold_histidine_phosphatase_family_protein	2vpm-assembly1.cif.gz_A	LOKIASV2_3302_ESMFold_histidine_phosphatase_family_protein	2vpm-assembly1.cif.gz_A Trypanothione synthetase	0.041	48	45	56	103	372	419	6.332E+00	32
LOKIASV2_3302_ESMFold_histidine_phosphatase_family_protein	5yzm-assembly1.cif.gz_B	LOKIASV2_3302_ESMFold_histidine_phosphatase_family_protein	5yzm-assembly1.cif.gz_B Crystal structure of S9 peptidase (inactive form) from Deinococcus radiodurans R1	0.163	48	39	61	108	525	572	5.000E+00	32
LOKIASV2_3302_ESMFold_histidine_phosphatase_family_protein	6ikg-assembly1.cif.gz_C	LOKIASV2_3302_ESMFold_histidine_phosphatase_family_protein	6ikg-assembly1.cif.gz_C Crystal structure of substrate-bound S9 peptidase (S514A mutant) from Deinococcus radiodurans	0.163	48	39	61	108	565	612	5.627E+00	32
LOKIASV2_3302_ESMFold_histidine_phosphatase_family_protein	6ikg-assembly1.cif.gz_A	LOKIASV2_3302_ESMFold_histidine_phosphatase_family_protein	6ikg-assembly1.cif.gz_A Crystal structure of substrate-bound S9 peptidase (S514A mutant) from Deinococcus radiodurans	0.163	48	39	61	108	568	615	5.627E+00	32
LOKIASV2_3302_ESMFold_histidine_phosphatase_family_protein	7dtt-assembly1.cif.gz_A	LOKIASV2_3302_ESMFold_histidine_phosphatase_family_protein	7dtt-assembly1.cif.gz_A Human Calcium-Sensing Receptor bound with calcium ions	0.069	69	61	57	125	172	238	3.509E+00	32
LOKIASV2_3302_ESMFold_histidine_phosphatase_family_protein	7m3f-assembly1.cif.gz_B	LOKIASV2_3302_ESMFold_histidine_phosphatase_family_protein	7m3f-assembly1.cif.gz_B Asymmetric Activation of the Calcium Sensing Receptor Homodimer	0.045	116	97	57	172	168	270	1.365E+00	32
LOKIASV2_3302_ESMFold_histidine_phosphatase_family_protein	5cbl-assembly3.cif.gz_C	LOKIASV2_3302_ESMFold_histidine_phosphatase_family_protein	5cbl-assembly3.cif.gz_C Crystal structure of the C-terminal domain of human galectin-4 with lactose	0.176	34	25	198	228	82	115	2.063E+00	31
LOKIASV2_3302_ESMFold_histidine_phosphatase_family_protein	7us9-assembly1.cif.gz_A	LOKIASV2_3302_ESMFold_histidine_phosphatase_family_protein	7us9-assembly1.cif.gz_A CCoV-HuPn-2018 S in the proximal conformation (local refinement of domain 0)	0.160	25	20	202	226	84	108	5.000E+00	31
LOKIASV2_3302_ESMFold_histidine_phosphatase_family_protein	4bme-assembly2.cif.gz_B	LOKIASV2_3302_ESMFold_histidine_phosphatase_family_protein	4bme-assembly2.cif.gz_B Crystal structure of the N terminal domain of human Galectin 8, F19Y mutant	0.151	33	25	199	228	91	123	2.188E+00	31
LOKIASV2_3302_ESMFold_histidine_phosphatase_family_protein	7jl4-assembly1.cif.gz_A	LOKIASV2_3302_ESMFold_histidine_phosphatase_family_protein	7jl4-assembly1.cif.gz_A Crystal structure of TRIM65 PSpry domain	0.148	27	22	202	228	109	135	3.118E+00	31
LOKIASV2_3302_ESMFold_histidine_phosphatase_family_protein	3gyo-assembly1.cif.gz_A	LOKIASV2_3302_ESMFold_histidine_phosphatase_family_protein	3gyo-assembly1.cif.gz_A Se-Met Rtt106p	0.125	24	20	202	225	150	173	3.308E+00	31
LOKIASV2_3302_ESMFold_histidine_phosphatase_family_protein	3vkl-assembly1.cif.gz_A	LOKIASV2_3302_ESMFold_histidine_phosphatase_family_protein	3vkl-assembly1.cif.gz_A Protease-resistant mutant form of human Galectin-8 in complex with two lactose molecules	0.148	27	21	203	228	102	128	4.189E+00	31
LOKIASV2_3302_ESMFold_histidine_phosphatase_family_protein	8dt6-assembly1.cif.gz_B	LOKIASV2_3302_ESMFold_histidine_phosphatase_family_protein	8dt6-assembly1.cif.gz_B Crystal Structure of DNA Polymerase III beta subunit from Elizabethkingia anophelis	0.156	32	26	195	226	199	230	5.000E+00	31
LOKIASV2_3302_ESMFold_histidine_phosphatase_family_protein	5agu-assembly1.cif.gz_B	LOKIASV2_3302_ESMFold_histidine_phosphatase_family_protein	5agu-assembly1.cif.gz_B The sliding clamp of Mycobacterium tuberculosis in complex with a natural product.	0.037	27	25	201	227	81	107	5.969E+00	31
LOKIASV2_3302_ESMFold_histidine_phosphatase_family_protein	4y7i-assembly1.cif.gz_B	LOKIASV2_3302_ESMFold_histidine_phosphatase_family_protein	4y7i-assembly1.cif.gz_B Crystal Structure of MTMR8	0.102	163	133	36	184	63	225	3.725E-01	31
LOKIASV2_3302_ESMFold_histidine_phosphatase_family_protein	5ah4-assembly2.cif.gz_A-3	LOKIASV2_3302_ESMFold_histidine_phosphatase_family_protein	5ah4-assembly2.cif.gz_A-3 The sliding clamp of Mycobacterium smegmatis in complex with a natural product.	0.038	26	24	201	226	81	106	5.969E+00	31
LOKIASV2_3302_ESMFold_histidine_phosphatase_family_protein	8djq-assembly1.cif.gz_C	LOKIASV2_3302_ESMFold_histidine_phosphatase_family_protein	8djq-assembly1.cif.gz_C Sliding-clamp-DnaE1 peptide	0.037	27	25	201	227	86	112	5.627E+00	31
LOKIASV2_3302_ESMFold_histidine_phosphatase_family_protein	8djq-assembly2.cif.gz_B	LOKIASV2_3302_ESMFold_histidine_phosphatase_family_protein	8djq-assembly2.cif.gz_B Sliding-clamp-DnaE1 peptide	0.037	27	25	201	227	92	118	5.627E+00	31
LOKIASV2_3302_ESMFold_histidine_phosphatase_family_protein	8dkd-assembly1.cif.gz_A	LOKIASV2_3302_ESMFold_histidine_phosphatase_family_protein	8dkd-assembly1.cif.gz_A Sliding clamp from M. thermoresistibile	0.035	28	26	201	228	89	116	5.627E+00	31
LOKIASV2_3302_ESMFold_histidine_phosphatase_family_protein	6n4x-assembly1.cif.gz_A	LOKIASV2_3302_ESMFold_histidine_phosphatase_family_protein	6n4x-assembly1.cif.gz_A Metabotropic Glutamate Receptor 5 Apo Form Ligand Binding Domain	0.087	79	63	57	135	156	225	2.771E+00	31
LOKIASV2_3302_ESMFold_histidine_phosphatase_family_protein	5k5s-assembly1.cif.gz_A	LOKIASV2_3302_ESMFold_histidine_phosphatase_family_protein	5k5s-assembly1.cif.gz_A Crystal structure of the active form of human calcium-sensing receptor extracellular domain	0.074	66	55	60	125	164	223	2.321E+00	31
LOKIASV2_3302_ESMFold_histidine_phosphatase_family_protein	2ioa-assembly1.cif.gz_A	LOKIASV2_3302_ESMFold_histidine_phosphatase_family_protein	2ioa-assembly1.cif.gz_A E. coli Bifunctional glutathionylspermidine synthetase/amidase Incomplex with Mg2+ and ADP and phosphinate inhibitor	0.044	44	41	61	104	349	392	4.443E+00	31
LOKIASV2_3302_ESMFold_histidine_phosphatase_family_protein	5yzm-assembly1.cif.gz_C	LOKIASV2_3302_ESMFold_histidine_phosphatase_family_protein	5yzm-assembly1.cif.gz_C Crystal structure of S9 peptidase (inactive form) from Deinococcus radiodurans R1	0.163	48	39	61	108	517	564	5.969E+00	31
LOKIASV2_3302_ESMFold_histidine_phosphatase_family_protein	3o98-assembly1.cif.gz_B	LOKIASV2_3302_ESMFold_histidine_phosphatase_family_protein	3o98-assembly1.cif.gz_B Glutathionylspermidine synthetase/amidase C59A complex with ADP and Gsp	0.066	59	51	61	119	355	410	2.612E+00	31
LOKIASV2_3302_ESMFold_histidine_phosphatase_family_protein	7sim-assembly1.cif.gz_B	LOKIASV2_3302_ESMFold_histidine_phosphatase_family_protein	7sim-assembly1.cif.gz_B Structure of positive allosteric modulator-free active human calcium-sensing receptor	0.061	75	69	57	130	160	234	2.940E+00	31
LOKIASV2_3302_ESMFold_histidine_phosphatase_family_protein	7m3g-assembly1.cif.gz_A	LOKIASV2_3302_ESMFold_histidine_phosphatase_family_protein	7m3g-assembly1.cif.gz_A Asymmetric Activation of the Calcium Sensing Receptor Homodimer	0.052	118	99	57	174	168	272	1.078E+00	31
LOKIASV2_3302_ESMFold_histidine_phosphatase_family_protein	3b9c-assembly1.cif.gz_A	LOKIASV2_3302_ESMFold_histidine_phosphatase_family_protein	3b9c-assembly1.cif.gz_A Crystal Structure of Human GRP CRD	0.157	38	29	200	234	82	119	2.463E+00	30
LOKIASV2_3302_ESMFold_histidine_phosphatase_family_protein	2yxs-assembly1.cif.gz_A	LOKIASV2_3302_ESMFold_histidine_phosphatase_family_protein	2yxs-assembly1.cif.gz_A Crystal Structure of N-terminal domain of human galectin-8 with D-lactose	0.121	33	25	199	228	91	123	2.771E+00	30
LOKIASV2_3302_ESMFold_histidine_phosphatase_family_protein	7jl4-assembly3.cif.gz_B	LOKIASV2_3302_ESMFold_histidine_phosphatase_family_protein	7jl4-assembly3.cif.gz_B Crystal structure of TRIM65 PSpry domain	0.148	27	22	202	228	106	132	3.509E+00	30
LOKIASV2_3302_ESMFold_histidine_phosphatase_family_protein	4b8e-assembly2.cif.gz_B	LOKIASV2_3302_ESMFold_histidine_phosphatase_family_protein	4b8e-assembly2.cif.gz_B PRY-SPRY domain of Trim25	0.111	27	23	202	228	112	138	2.940E+00	30
LOKIASV2_3302_ESMFold_histidine_phosphatase_family_protein	6flm-assembly2.cif.gz_B	LOKIASV2_3302_ESMFold_histidine_phosphatase_family_protein	6flm-assembly2.cif.gz_B Crystal structure of the human TRIM25 PRYSPRY domain	0.111	27	23	202	228	116	142	2.940E+00	30
LOKIASV2_3302_ESMFold_histidine_phosphatase_family_protein	4ifs-assembly1.cif.gz_A	LOKIASV2_3302_ESMFold_histidine_phosphatase_family_protein	4ifs-assembly1.cif.gz_A Crystal structure of the hSSRP1 Middle domain	0.120	25	21	201	225	15	39	6.717E+00	30
LOKIASV2_3302_ESMFold_histidine_phosphatase_family_protein	4rk1-assembly3.cif.gz_F	LOKIASV2_3302_ESMFold_histidine_phosphatase_family_protein	4rk1-assembly3.cif.gz_F Crystal structure of LacI family transcriptional regulator from Enterococcus faecium, Target EFI-512930, with bound ribose	0.123	67	57	60	125	101	167	2.771E+00	30
LOKIASV2_3302_ESMFold_histidine_phosphatase_family_protein	3o75-assembly1.cif.gz_B	LOKIASV2_3302_ESMFold_histidine_phosphatase_family_protein	3o75-assembly1.cif.gz_B Crystal structure of Cra transcriptional dual regulator from Pseudomonas putida in complex with fructose 1-phosphate'	0.081	143	96	57	199	105	210	2.188E+00	30
LOKIASV2_3302_ESMFold_histidine_phosphatase_family_protein	5br1-assembly1.cif.gz_A	LOKIASV2_3302_ESMFold_histidine_phosphatase_family_protein	5br1-assembly1.cif.gz_A CRYSTAL STRUCTURE OF AN ABC TRANSPORTER SOLUTE BINDING PROTEIN (IPR025997) FROM AGROBACTERIUM VITIS S4 (Avi_5305, TARGET EFI-511224) WITH BOUND ALPHA-D-GALACTOSAMINE	0.072	161	142	70	223	128	288	9.584E-02	30
LOKIASV2_3302_ESMFold_histidine_phosphatase_family_protein	5frq-assembly1.cif.gz_A	LOKIASV2_3302_ESMFold_histidine_phosphatase_family_protein	5frq-assembly1.cif.gz_A Crystal Structure of Helicobacter pylori beta clamp bound to DNA ligase peptide	0.088	34	28	201	234	84	115	4.443E+00	30
LOKIASV2_3302_ESMFold_histidine_phosphatase_family_protein	5frq-assembly1.cif.gz_B	LOKIASV2_3302_ESMFold_histidine_phosphatase_family_protein	5frq-assembly1.cif.gz_B Crystal Structure of Helicobacter pylori beta clamp bound to DNA ligase peptide	0.088	34	28	201	234	84	115	4.189E+00	30
LOKIASV2_3302_ESMFold_histidine_phosphatase_family_protein	5g4q-assembly2.cif.gz_A-3	LOKIASV2_3302_ESMFold_histidine_phosphatase_family_protein	5g4q-assembly2.cif.gz_A-3 H.pylori Beta clamp in complex with 5-chloroisatin	0.103	29	25	201	229	84	112	4.714E+00	30
LOKIASV2_3302_ESMFold_histidine_phosphatase_family_protein	7azc-assembly2.cif.gz_C	LOKIASV2_3302_ESMFold_histidine_phosphatase_family_protein	7azc-assembly2.cif.gz_C DNA polymerase sliding clamp from Escherichia coli with peptide 22 bound	0.080	25	22	203	227	89	113	6.332E+00	30
LOKIASV2_3302_ESMFold_histidine_phosphatase_family_protein	5agu-assembly1.cif.gz_A	LOKIASV2_3302_ESMFold_histidine_phosphatase_family_protein	5agu-assembly1.cif.gz_A The sliding clamp of Mycobacterium tuberculosis in complex with a natural product.	0.040	25	23	203	227	80	104	7.558E+00	30
LOKIASV2_3302_ESMFold_histidine_phosphatase_family_protein	5ah2-assembly1.cif.gz_D	LOKIASV2_3302_ESMFold_histidine_phosphatase_family_protein	5ah2-assembly1.cif.gz_D The sliding clamp of Mycobacterium smegmatis in complex with a natural product.	0.037	27	25	201	227	85	111	6.717E+00	30
LOKIASV2_3302_ESMFold_histidine_phosphatase_family_protein	4ms3-assembly1.cif.gz_A	LOKIASV2_3302_ESMFold_histidine_phosphatase_family_protein	4ms3-assembly1.cif.gz_A Crystal structure of the extracellular domain of human GABA(B) receptor bound to the endogenous agonist GABA	0.076	115	65	69	183	131	201	2.188E+00	30
LOKIASV2_3302_ESMFold_histidine_phosphatase_family_protein	5oet-assembly1.cif.gz_A	LOKIASV2_3302_ESMFold_histidine_phosphatase_family_protein	5oet-assembly1.cif.gz_A The structure of a glutathione synthetase like-effector (GSS30) from Globodera pallida in apoform.	0.176	68	51	57	119	163	230	1.629E+00	30
LOKIASV2_3302_ESMFold_histidine_phosphatase_family_protein	6igq-assembly1.cif.gz_D	LOKIASV2_3302_ESMFold_histidine_phosphatase_family_protein	6igq-assembly1.cif.gz_D Crystal structure of inactive state of S9 peptidase from Deinococcus radiodurans R1 (PMSF treated)	0.163	48	39	61	108	510	557	6.717E+00	30
LOKIASV2_3302_ESMFold_histidine_phosphatase_family_protein	2io8-assembly1.cif.gz_B	LOKIASV2_3302_ESMFold_histidine_phosphatase_family_protein	2io8-assembly1.cif.gz_B E. coli Bifunctional glutathionylspermidine synthetase/amidase Incomplex with Mg2+ and ADP	0.066	59	51	61	119	349	404	3.509E+00	30
LOKIASV2_3302_ESMFold_histidine_phosphatase_family_protein	1pev-assembly1.cif.gz_A	LOKIASV2_3302_ESMFold_histidine_phosphatase_family_protein	1pev-assembly1.cif.gz_A Crystal Structure of the Actin Interacting Protein from Caenorhabditis Elegans	0.230	26	18	201	225	420	445	6.332E+00	30
LOKIASV2_3302_ESMFold_histidine_phosphatase_family_protein	5yzn-assembly1.cif.gz_C	LOKIASV2_3302_ESMFold_histidine_phosphatase_family_protein	5yzn-assembly1.cif.gz_C Crystal structure of S9 peptidase (active form) from Deinococcus radiodurans R1	0.166	47	38	62	108	571	617	7.125E+00	30
LOKIASV2_3302_ESMFold_histidine_phosphatase_family_protein	6l1e-assembly1.cif.gz_A	LOKIASV2_3302_ESMFold_histidine_phosphatase_family_protein	6l1e-assembly1.cif.gz_A Crystal structure of middle domain of hSSRP1	0.120	25	21	201	225	16	40	7.558E+00	29
LOKIASV2_3302_ESMFold_histidine_phosphatase_family_protein	2gcj-assembly4.cif.gz_D	LOKIASV2_3302_ESMFold_histidine_phosphatase_family_protein	2gcj-assembly4.cif.gz_D Crystal Structure of the Pob3 middle domain	0.043	23	21	203	225	19	41	8.505E+00	29
LOKIASV2_3302_ESMFold_histidine_phosphatase_family_protein	4o5a-assembly1.cif.gz_A-2	LOKIASV2_3302_ESMFold_histidine_phosphatase_family_protein	4o5a-assembly1.cif.gz_A-2 The crystal structure of a LacI family transcriptional regulator from Bifidobacterium animalis subsp. lactis DSM 10140	0.105	137	83	59	195	104	197	2.771E+00	29
LOKIASV2_3302_ESMFold_histidine_phosphatase_family_protein	1w5r-assembly1.cif.gz_B	LOKIASV2_3302_ESMFold_histidine_phosphatase_family_protein	1w5r-assembly1.cif.gz_B X-ray crystallographic structure of a C70Q Mycobacterium smegmatis N- arylamine Acetyltransferase	0.043	23	21	204	226	215	237	7.125E+00	29
LOKIASV2_3302_ESMFold_histidine_phosphatase_family_protein	7e5w-assembly1.cif.gz_A-2	LOKIASV2_3302_ESMFold_histidine_phosphatase_family_protein	7e5w-assembly1.cif.gz_A-2 The structure of CcpA from Staphylococcus aureus	0.149	118	92	57	174	153	261	5.973E-01	29
LOKIASV2_3302_ESMFold_histidine_phosphatase_family_protein	5frq-assembly1.cif.gz_D	LOKIASV2_3302_ESMFold_histidine_phosphatase_family_protein	5frq-assembly1.cif.gz_D Crystal Structure of Helicobacter pylori beta clamp bound to DNA ligase peptide	0.103	29	25	201	229	82	110	5.627E+00	29
LOKIASV2_3302_ESMFold_histidine_phosphatase_family_protein	4trt-assembly1.cif.gz_B	LOKIASV2_3302_ESMFold_histidine_phosphatase_family_protein	4trt-assembly1.cif.gz_B Deinococcus radiodurans DNA polymerase III subunit beta	0.038	26	24	202	227	85	110	9.022E+00	29
LOKIASV2_3302_ESMFold_histidine_phosphatase_family_protein	7azk-assembly2.cif.gz_C	LOKIASV2_3302_ESMFold_histidine_phosphatase_family_protein	7azk-assembly2.cif.gz_C DNA polymerase sliding clamp from Escherichia coli with peptide 35 bound	0.086	23	20	203	225	89	111	7.125E+00	29
LOKIASV2_3302_ESMFold_histidine_phosphatase_family_protein	6fvl-assembly2.cif.gz_D	LOKIASV2_3302_ESMFold_histidine_phosphatase_family_protein	6fvl-assembly2.cif.gz_D DNA polymerase sliding clamp from Escherichia coli with bound P7 peptide	0.080	25	22	203	227	87	111	8.018E+00	29
LOKIASV2_3302_ESMFold_histidine_phosphatase_family_protein	6dly-assembly1.cif.gz_A	LOKIASV2_3302_ESMFold_histidine_phosphatase_family_protein	6dly-assembly1.cif.gz_A Crystal structure of DNA polymerase III subunit beta from Mycobacterium marinum in complex with a natural product	0.037	27	25	201	227	85	111	7.125E+00	29
LOKIASV2_3302_ESMFold_histidine_phosphatase_family_protein	5ah2-assembly1.cif.gz_C	LOKIASV2_3302_ESMFold_histidine_phosphatase_family_protein	5ah2-assembly1.cif.gz_C The sliding clamp of Mycobacterium smegmatis in complex with a natural product.	0.037	27	25	201	227	85	111	7.125E+00	29
LOKIASV2_3302_ESMFold_histidine_phosphatase_family_protein	7uk8-assembly1.cif.gz_A	LOKIASV2_3302_ESMFold_histidine_phosphatase_family_protein	7uk8-assembly1.cif.gz_A Apo form of YgiC from Escherichia coli K-12	0.109	59	52	61	119	163	221	3.118E+00	29
LOKIASV2_3302_ESMFold_histidine_phosphatase_family_protein	1jdn-assembly1.cif.gz_A-2	LOKIASV2_3302_ESMFold_histidine_phosphatase_family_protein	1jdn-assembly1.cif.gz_A-2 Crystal Structure of Hormone Receptor	0.100	114	68	70	183	142	217	2.188E+00	29
LOKIASV2_3302_ESMFold_histidine_phosphatase_family_protein	3rv9-assembly3.cif.gz_C	LOKIASV2_3302_ESMFold_histidine_phosphatase_family_protein	3rv9-assembly3.cif.gz_C Structure of a M. tuberculosis Salicylate Synthase, MbtI, in Complex with an Inhibitor with Ethyl R-Group	0.085	35	31	206	240	50	84	5.000E+00	29
LOKIASV2_3302_ESMFold_histidine_phosphatase_family_protein	6gyz-assembly1.cif.gz_B	LOKIASV2_3302_ESMFold_histidine_phosphatase_family_protein	6gyz-assembly1.cif.gz_B Crystal structure of GlmM from Staphylococcus aureus	0.078	70	63	57	125	18	87	7.558E+00	29
LOKIASV2_3302_ESMFold_histidine_phosphatase_family_protein	2iob-assembly1.cif.gz_B	LOKIASV2_3302_ESMFold_histidine_phosphatase_family_protein	2iob-assembly1.cif.gz_B E. coli Bifunctional glutathionylspermidine synthetase/amidase Apo protein	0.078	60	54	60	119	354	413	3.118E+00	29
LOKIASV2_3302_ESMFold_histidine_phosphatase_family_protein	6igr-assembly1.cif.gz_B	LOKIASV2_3302_ESMFold_histidine_phosphatase_family_protein	6igr-assembly1.cif.gz_B Crystal structure of S9 peptidase (S514A mutant in inactive state) from Deinococcus radiodurans R1	0.163	48	39	61	108	521	568	7.558E+00	29
LOKIASV2_3302_ESMFold_histidine_phosphatase_family_protein	6ikg-assembly1.cif.gz_B	LOKIASV2_3302_ESMFold_histidine_phosphatase_family_protein	6ikg-assembly1.cif.gz_B Crystal structure of substrate-bound S9 peptidase (S514A mutant) from Deinococcus radiodurans	0.163	48	39	61	108	564	611	7.558E+00	29
LOKIASV2_3302_ESMFold_histidine_phosphatase_family_protein	6ikg-assembly1.cif.gz_D	LOKIASV2_3302_ESMFold_histidine_phosphatase_family_protein	6ikg-assembly1.cif.gz_D Crystal structure of substrate-bound S9 peptidase (S514A mutant) from Deinococcus radiodurans	0.163	48	39	61	108	564	611	7.558E+00	29
LOKIASV2_3302_ESMFold_histidine_phosphatase_family_protein	4u5c-assembly1.cif.gz_D	LOKIASV2_3302_ESMFold_histidine_phosphatase_family_protein	4u5c-assembly1.cif.gz_D Crystal structure of GluA2, con-ikot-ikot snail toxin, partial agonist FW and postitive modulator (R,R)-2b complex	0.162	79	58	60	138	110	179	2.321E+00	29
LOKIASV2_3302_ESMFold_histidine_phosphatase_family_protein	7dd7-assembly1.cif.gz_A	LOKIASV2_3302_ESMFold_histidine_phosphatase_family_protein	7dd7-assembly1.cif.gz_A Structure of Calcium-Sensing Receptor in complex with Evocalcet	0.044	118	99	57	174	158	262	2.188E+00	29
LOKIASV2_3302_ESMFold_histidine_phosphatase_family_protein	8wpg-assembly1.cif.gz_B	LOKIASV2_3302_ESMFold_histidine_phosphatase_family_protein	8wpg-assembly1.cif.gz_B Human calcium-sensing receptor bound with cinacalcet in detergent	0.078	129	111	57	185	169	289	1.143E+00	29
LOKIASV2_3302_ESMFold_histidine_phosphatase_family_protein	4qqy-assembly5.cif.gz_A	LOKIASV2_3302_ESMFold_histidine_phosphatase_family_protein	4qqy-assembly5.cif.gz_A Crystal structure of T. fusca Cas3-ADP	0.103	235	190	13	225	271	505	3.310E-01	29
LOKIASV2_3302_ESMFold_histidine_phosphatase_family_protein	2i6o-assembly1.cif.gz_A	LOKIASV2_3302_ESMFold_histidine_phosphatase_family_protein	2i6o-assembly1.cif.gz_A Crystal structure of the complex of the archaeal sulfolobus PTP-fold phosphatase with phosphopeptides N-G-(p)Y-K-N	0.110	173	106	23	195	2	121	9.028E-01	28
LOKIASV2_3302_ESMFold_histidine_phosphatase_family_protein	1jfl-assembly1.cif.gz_B	LOKIASV2_3302_ESMFold_histidine_phosphatase_family_protein	1jfl-assembly1.cif.gz_B CRYSTAL STRUCTURE DETERMINATION OF ASPARTATE RACEMASE FROM AN ARCHAEA	0.111	143	93	60	202	107	212	1.728E+00	28
LOKIASV2_3302_ESMFold_histidine_phosphatase_family_protein	1w6f-assembly2.cif.gz_D	LOKIASV2_3302_ESMFold_histidine_phosphatase_family_protein	1w6f-assembly2.cif.gz_D Arylamine N-acetyltransferase from Mycobacterium smegmatis with the anti-tubercular drug isoniazid bound in the active site.	0.043	23	21	204	226	212	234	8.505E+00	28
LOKIASV2_3302_ESMFold_histidine_phosphatase_family_protein	2o20-assembly1.cif.gz_A	LOKIASV2_3302_ESMFold_histidine_phosphatase_family_protein	2o20-assembly1.cif.gz_A Crystal structure of transcription regulator CcpA of Lactococcus lactis	0.146	67	56	60	125	107	173	3.118E+00	28
LOKIASV2_3302_ESMFold_histidine_phosphatase_family_protein	2woj-assembly1.cif.gz_C	LOKIASV2_3302_ESMFold_histidine_phosphatase_family_protein	2woj-assembly1.cif.gz_C ADP-AlF4 complex of S. cerevisiae GET3	0.101	171	125	16	186	3	142	1.448E+00	28
LOKIASV2_3302_ESMFold_histidine_phosphatase_family_protein	5hn3-assembly1.cif.gz_A	LOKIASV2_3302_ESMFold_histidine_phosphatase_family_protein	5hn3-assembly1.cif.gz_A Crystal structure of beta-decarboxylating dehydrogenase (TK0280) from Thermococcus kodakarensis (apo form)	0.085	197	124	36	232	120	255	1.536E+00	28
LOKIASV2_3302_ESMFold_histidine_phosphatase_family_protein	7azl-assembly2.cif.gz_C	LOKIASV2_3302_ESMFold_histidine_phosphatase_family_protein	7azl-assembly2.cif.gz_C DNA polymerase sliding clamp from Escherichia coli with peptide 38 bound	0.038	26	24	203	228	208	233	8.018E+00	28
LOKIASV2_3302_ESMFold_histidine_phosphatase_family_protein	3f1v-assembly1.cif.gz_B	LOKIASV2_3302_ESMFold_histidine_phosphatase_family_protein	3f1v-assembly1.cif.gz_B E. coli Beta Sliding Clamp, 148-153 Ala Mutant	0.115	26	20	202	225	84	109	7.125E+00	28
LOKIASV2_3302_ESMFold_histidine_phosphatase_family_protein	3n6v-assembly2.cif.gz_D	LOKIASV2_3302_ESMFold_histidine_phosphatase_family_protein	3n6v-assembly2.cif.gz_D Structure of the GluA2 NTD-dimer interface mutant, T78A	0.171	60	47	71	130	119	176	2.771E+00	28
LOKIASV2_3302_ESMFold_histidine_phosphatase_family_protein	3p16-assembly2.cif.gz_C	LOKIASV2_3302_ESMFold_histidine_phosphatase_family_protein	3p16-assembly2.cif.gz_C Crystal structure of DNA polymerase III sliding clamp	0.040	25	23	203	227	85	109	8.505E+00	28
LOKIASV2_3302_ESMFold_histidine_phosphatase_family_protein	4ms4-assembly1.cif.gz_B	LOKIASV2_3302_ESMFold_histidine_phosphatase_family_protein	4ms4-assembly1.cif.gz_B Crystal structure of the extracellular domain of human GABA(B) receptor bound to the agonist baclofen	0.145	55	44	57	109	131	185	9.571E+00	28
LOKIASV2_3302_ESMFold_histidine_phosphatase_family_protein	5x2m-assembly1.cif.gz_B	LOKIASV2_3302_ESMFold_histidine_phosphatase_family_protein	5x2m-assembly1.cif.gz_B Crystal structure of the medaka fish taste receptor T1r2a-T1r3 ligand binding domains in complex with L-glutamine	0.114	69	58	57	125	163	229	5.969E+00	28
LOKIASV2_3302_ESMFold_histidine_phosphatase_family_protein	5k5s-assembly1.cif.gz_B	LOKIASV2_3302_ESMFold_histidine_phosphatase_family_protein	5k5s-assembly1.cif.gz_B Crystal structure of the active form of human calcium-sensing receptor extracellular domain	0.074	66	55	60	125	164	223	3.308E+00	28
LOKIASV2_3302_ESMFold_histidine_phosphatase_family_protein	6igq-assembly1.cif.gz_C	LOKIASV2_3302_ESMFold_histidine_phosphatase_family_protein	6igq-assembly1.cif.gz_C Crystal structure of inactive state of S9 peptidase from Deinococcus radiodurans R1 (PMSF treated)	0.163	48	39	61	108	507	554	8.505E+00	28
LOKIASV2_3302_ESMFold_histidine_phosphatase_family_protein	4u5f-assembly1.cif.gz_A	LOKIASV2_3302_ESMFold_histidine_phosphatase_family_protein	4u5f-assembly1.cif.gz_A Crystal structure of GluA2, con-ikot-ikot snail toxin, partial agonist KA and postitive modulator (R,R)-2b complex, GluA2cryst2 construct	0.150	71	58	60	130	110	178	3.509E+00	28
LOKIASV2_3302_ESMFold_histidine_phosphatase_family_protein	4u5e-assembly1.cif.gz_A	LOKIASV2_3302_ESMFold_histidine_phosphatase_family_protein	4u5e-assembly1.cif.gz_A Crystal structure of GluA2 T625G, con-ikot-ikot snail toxin, partial agonist KA and postitive modulator (R,R)-2b complex	0.161	60	48	71	130	121	178	3.722E+00	28
LOKIASV2_3302_ESMFold_histidine_phosphatase_family_protein	4u5f-assembly1.cif.gz_C	LOKIASV2_3302_ESMFold_histidine_phosphatase_family_protein	4u5f-assembly1.cif.gz_C Crystal structure of GluA2, con-ikot-ikot snail toxin, partial agonist KA and postitive modulator (R,R)-2b complex, GluA2cryst2 construct	0.112	62	52	69	130	120	178	4.714E+00	28
LOKIASV2_3302_ESMFold_histidine_phosphatase_family_protein	6qkz-assembly1.cif.gz_D	LOKIASV2_3302_ESMFold_histidine_phosphatase_family_protein	6qkz-assembly1.cif.gz_D Full length GluA1/2-gamma8 complex	0.127	106	81	69	174	121	214	1.728E+00	28
LOKIASV2_3302_ESMFold_histidine_phosphatase_family_protein	7m3e-assembly1.cif.gz_B	LOKIASV2_3302_ESMFold_histidine_phosphatase_family_protein	7m3e-assembly1.cif.gz_B Asymmetric Activation of the Calcium Sensing Receptor Homodimer	0.083	129	110	57	185	168	288	2.063E+00	28
LOKIASV2_3302_ESMFold_histidine_phosphatase_family_protein	7m3f-assembly1.cif.gz_A	LOKIASV2_3302_ESMFold_histidine_phosphatase_family_protein	7m3f-assembly1.cif.gz_A Asymmetric Activation of the Calcium Sensing Receptor Homodimer	0.059	116	96	57	172	167	269	1.629E+00	28
LOKIASV2_3302_ESMFold_histidine_phosphatase_family_protein	5szs-assembly1.cif.gz_A	LOKIASV2_3302_ESMFold_histidine_phosphatase_family_protein	5szs-assembly1.cif.gz_A Glycan shield and epitope masking of a coronavirus spike protein observed by cryo-electron microscopy	0.060	33	30	199	231	103	135	5.000E+00	28
LOKIASV2_3302_ESMFold_histidine_phosphatase_family_protein	2jj6-assembly2.cif.gz_B	LOKIASV2_3302_ESMFold_histidine_phosphatase_family_protein	2jj6-assembly2.cif.gz_B Crystal structure of the putative carbohydrate recognition domain of the human galectin-related protein	0.139	43	32	197	234	77	119	3.722E+00	27
LOKIASV2_3302_ESMFold_histidine_phosphatase_family_protein	5jp5-assembly3.cif.gz_C	LOKIASV2_3302_ESMFold_histidine_phosphatase_family_protein	5jp5-assembly3.cif.gz_C Crystal structure of rat Galectin 5	0.090	44	35	196	234	75	118	3.118E+00	27
LOKIASV2_3302_ESMFold_histidine_phosphatase_family_protein	5cbl-assembly4.cif.gz_D	LOKIASV2_3302_ESMFold_histidine_phosphatase_family_protein	5cbl-assembly4.cif.gz_D Crystal structure of the C-terminal domain of human galectin-4 with lactose	0.232	40	30	198	237	82	121	3.722E+00	27
LOKIASV2_3302_ESMFold_histidine_phosphatase_family_protein	6thl-assembly1.cif.gz_A	LOKIASV2_3302_ESMFold_histidine_phosphatase_family_protein	6thl-assembly1.cif.gz_A Crystal structure of the complex between RTT106 and BCD1	0.125	24	20	202	225	150	173	5.627E+00	27
LOKIASV2_3302_ESMFold_histidine_phosphatase_family_protein	3qyf-assembly1.cif.gz_B	LOKIASV2_3302_ESMFold_histidine_phosphatase_family_protein	3qyf-assembly1.cif.gz_B Crystal structure of the CRISPR-associated protein SSO1393 from Sulfolobus solfataricus	0.132	130	95	58	187	75	184	1.728E+00	27
LOKIASV2_3302_ESMFold_histidine_phosphatase_family_protein	3brs-assembly2.cif.gz_B	LOKIASV2_3302_ESMFold_histidine_phosphatase_family_protein	3brs-assembly2.cif.gz_B Crystal structure of sugar transporter from Clostridium phytofermentans	0.107	162	136	57	209	110	271	7.563E-01	27
LOKIASV2_3302_ESMFold_histidine_phosphatase_family_protein	4v0n-assembly3.cif.gz_B	LOKIASV2_3302_ESMFold_histidine_phosphatase_family_protein	4v0n-assembly3.cif.gz_B Crystal structure of BBS1N in complex with ARL6DN, soaked with mercury	0.115	26	21	203	227	79	104	8.018E+00	27
LOKIASV2_3302_ESMFold_histidine_phosphatase_family_protein	7azl-assembly1.cif.gz_D	LOKIASV2_3302_ESMFold_histidine_phosphatase_family_protein	7azl-assembly1.cif.gz_D DNA polymerase sliding clamp from Escherichia coli with peptide 38 bound	0.035	28	26	201	228	204	231	7.558E+00	27
LOKIASV2_3302_ESMFold_histidine_phosphatase_family_protein	5xn8-assembly1.cif.gz_A	LOKIASV2_3302_ESMFold_histidine_phosphatase_family_protein	5xn8-assembly1.cif.gz_A Structure of glycerol dehydrogenase crystallised as a contaminant	0.120	82	54	23	104	1	62	3.722E+00	27
LOKIASV2_3302_ESMFold_histidine_phosphatase_family_protein	6fvm-assembly1.cif.gz_B	LOKIASV2_3302_ESMFold_histidine_phosphatase_family_protein	6fvm-assembly1.cif.gz_B Mutant DNA polymerase sliding clamp from Escherichia coli with bound P7 peptide	0.086	23	20	203	225	89	111	9.022E+00	27
LOKIASV2_3302_ESMFold_histidine_phosphatase_family_protein	7uka-assembly1.cif.gz_A	LOKIASV2_3302_ESMFold_histidine_phosphatase_family_protein	7uka-assembly1.cif.gz_A YgiC from Escherichia coli K-12 in complex with ADP	0.115	64	56	56	119	157	220	3.949E+00	27
LOKIASV2_3302_ESMFold_histidine_phosphatase_family_protein	8dt6-assembly1.cif.gz_D	LOKIASV2_3302_ESMFold_histidine_phosphatase_family_protein	8dt6-assembly1.cif.gz_D Crystal Structure of DNA Polymerase III beta subunit from Elizabethkingia anophelis	0.205	34	22	201	229	210	243	5.969E+00	27
LOKIASV2_3302_ESMFold_histidine_phosphatase_family_protein	6dly-assembly1.cif.gz_B	LOKIASV2_3302_ESMFold_histidine_phosphatase_family_protein	6dly-assembly1.cif.gz_B Crystal structure of DNA polymerase III subunit beta from Mycobacterium marinum in complex with a natural product	0.037	27	25	201	227	85	111	9.022E+00	27
LOKIASV2_3302_ESMFold_histidine_phosphatase_family_protein	3rb9-assembly1.cif.gz_A	LOKIASV2_3302_ESMFold_histidine_phosphatase_family_protein	3rb9-assembly1.cif.gz_A Crystal structure of the M. tuberculosis beta clamp	0.037	27	25	201	227	88	114	8.505E+00	27
LOKIASV2_3302_ESMFold_histidine_phosphatase_family_protein	5x2p-assembly2.cif.gz_C	LOKIASV2_3302_ESMFold_histidine_phosphatase_family_protein	5x2p-assembly2.cif.gz_C Crystal structure of the medaka fish taste receptor T1r2a-T1r3 ligand binding domains in complex with L-glutamate	0.111	54	44	72	125	177	226	7.125E+00	27
LOKIASV2_3302_ESMFold_histidine_phosphatase_family_protein	5cnk-assembly2.cif.gz_C-3	LOKIASV2_3302_ESMFold_histidine_phosphatase_family_protein	5cnk-assembly2.cif.gz_C-3 mglur3 with glutamate	0.075	66	56	60	125	153	213	6.332E+00	27
LOKIASV2_3302_ESMFold_histidine_phosphatase_family_protein	5fbh-assembly1.cif.gz_A	LOKIASV2_3302_ESMFold_histidine_phosphatase_family_protein	5fbh-assembly1.cif.gz_A Crystal structure of the extracellular domain of human calcium sensing receptor with bound Gd3+	0.054	115	99	71	185	170	275	1.728E+00	27
LOKIASV2_3302_ESMFold_histidine_phosphatase_family_protein	6igp-assembly1.cif.gz_C	LOKIASV2_3302_ESMFold_histidine_phosphatase_family_protein	6igp-assembly1.cif.gz_C Crystal structure of S9 peptidase (inactive state)from Deinococcus radiodurans R1 in P212121	0.148	53	42	61	110	506	558	7.125E+00	27
LOKIASV2_3302_ESMFold_histidine_phosphatase_family_protein	6igr-assembly1.cif.gz_A	LOKIASV2_3302_ESMFold_histidine_phosphatase_family_protein	6igr-assembly1.cif.gz_A Crystal structure of S9 peptidase (S514A mutant in inactive state) from Deinococcus radiodurans R1	0.163	48	39	61	108	523	570	9.571E+00	27
LOKIASV2_3302_ESMFold_histidine_phosphatase_family_protein	4u1x-assembly1.cif.gz_A	LOKIASV2_3302_ESMFold_histidine_phosphatase_family_protein	4u1x-assembly1.cif.gz_A Full length GluA2-kainate-(R,R)-2b complex crystal form B	0.119	115	91	60	174	110	213	1.945E+00	27
LOKIASV2_3302_ESMFold_histidine_phosphatase_family_protein	4u1x-assembly1.cif.gz_C	LOKIASV2_3302_ESMFold_histidine_phosphatase_family_protein	4u1x-assembly1.cif.gz_C Full length GluA2-kainate-(R,R)-2b complex crystal form B	0.136	71	59	60	130	109	177	4.443E+00	27
LOKIASV2_3302_ESMFold_histidine_phosphatase_family_protein	6n52-assembly1.cif.gz_A	LOKIASV2_3302_ESMFold_histidine_phosphatase_family_protein	6n52-assembly1.cif.gz_A Metabotropic Glutamate Receptor 5 Apo Form	0.087	78	62	57	134	161	229	4.443E+00	27
LOKIASV2_3302_ESMFold_histidine_phosphatase_family_protein	7lde-assembly1.cif.gz_D	LOKIASV2_3302_ESMFold_histidine_phosphatase_family_protein	7lde-assembly1.cif.gz_D native AMPA receptor	0.127	55	42	71	125	122	170	4.714E+00	27
LOKIASV2_3302_ESMFold_histidine_phosphatase_family_protein	6ue5-assembly1.cif.gz_B	LOKIASV2_3302_ESMFold_histidine_phosphatase_family_protein	6ue5-assembly1.cif.gz_B Crystal structure of full-length human DCAF15-DDB1-deltaPBP-DDA1-RBM39 in complex with 4-(aminomethyl)-N-(3-cyano-4-methyl-1H-indol-7-yl)benzenesulfonamide	0.107	28	24	203	230	226	253	5.969E+00	27
LOKIASV2_3302_ESMFold_histidine_phosphatase_family_protein	5wek-assembly1.cif.gz_A	LOKIASV2_3302_ESMFold_histidine_phosphatase_family_protein	5wek-assembly1.cif.gz_A GluA2 bound to antagonist ZK and GSG1L in digitonin, state 1	0.100	119	70	69	187	120	198	1.728E+00	27
LOKIASV2_3302_ESMFold_histidine_phosphatase_family_protein	6wab-assembly2.cif.gz_B	LOKIASV2_3302_ESMFold_histidine_phosphatase_family_protein	6wab-assembly2.cif.gz_B Crystal structure of human galectin-4 C-terminal carbohydrate recognition domain in complex with galactose derivative	0.232	40	30	198	237	78	117	3.949E+00	26
LOKIASV2_3302_ESMFold_histidine_phosphatase_family_protein	3vko-assembly1.cif.gz_A	LOKIASV2_3302_ESMFold_histidine_phosphatase_family_protein	3vko-assembly1.cif.gz_A Galectin-8 N-terminal domain in complex with sialyllactosamine	0.121	33	25	199	228	92	124	5.000E+00	26
LOKIASV2_3302_ESMFold_histidine_phosphatase_family_protein	3to1-assembly1.cif.gz_A	LOKIASV2_3302_ESMFold_histidine_phosphatase_family_protein	3to1-assembly1.cif.gz_A Two surfaces on Rtt106 mediate histone binding and chaperone activity	0.120	25	21	201	225	141	165	5.969E+00	26
LOKIASV2_3302_ESMFold_histidine_phosphatase_family_protein	3ctp-assembly1.cif.gz_B	LOKIASV2_3302_ESMFold_histidine_phosphatase_family_protein	3ctp-assembly1.cif.gz_B Crystal structure of periplasmic binding protein/LacI transcriptional regulator from Alkaliphilus metalliredigens QYMF complexed with D-xylulofuranose	0.115	69	54	60	121	104	172	2.940E+00	26
LOKIASV2_3302_ESMFold_histidine_phosphatase_family_protein	3ijp-assembly1.cif.gz_B	LOKIASV2_3302_ESMFold_histidine_phosphatase_family_protein	3ijp-assembly1.cif.gz_B Crystal structure of dihydrodipicolinate reductase from bartonella henselae at 2.0A resolution	0.091	239	108	1	239	125	244	1.946E-01	26
LOKIASV2_3302_ESMFold_histidine_phosphatase_family_protein	7x7h-assembly1.cif.gz_C	LOKIASV2_3302_ESMFold_histidine_phosphatase_family_protein	7x7h-assembly1.cif.gz_C Crystal structure of Fructose regulator/Histidine phosphocarrier protein complex from Vibrio cholerae	0.104	160	133	60	208	108	267	1.078E+00	26
LOKIASV2_3302_ESMFold_histidine_phosphatase_family_protein	7azg-assembly4.cif.gz_G	LOKIASV2_3302_ESMFold_histidine_phosphatase_family_protein	7azg-assembly4.cif.gz_G DNA polymerase sliding clamp from Escherichia coli with peptide 4 bound	0.035	28	26	201	228	209	236	9.022E+00	26
LOKIASV2_3302_ESMFold_histidine_phosphatase_family_protein	4n95-assembly1.cif.gz_B	LOKIASV2_3302_ESMFold_histidine_phosphatase_family_protein	4n95-assembly1.cif.gz_B E. coli sliding clamp in complex with 5-chloroindoline-2,3-dione	0.076	26	23	200	225	81	106	9.571E+00	26
LOKIASV2_3302_ESMFold_histidine_phosphatase_family_protein	7aze-assembly1.cif.gz_B	LOKIASV2_3302_ESMFold_histidine_phosphatase_family_protein	7aze-assembly1.cif.gz_B DNA polymerase sliding clamp from Escherichia coli with peptide 18 bound	0.142	28	21	202	227	82	109	4.714E+00	26
LOKIASV2_3302_ESMFold_histidine_phosphatase_family_protein	6d46-assembly1.cif.gz_A-2	LOKIASV2_3302_ESMFold_histidine_phosphatase_family_protein	6d46-assembly1.cif.gz_A-2 Crystal structure of a DNA polymerase III subunit beta DnaN sliding clamp from Rickettsia typhi str. Wilmington	0.115	26	22	201	226	210	235	3.722E+00	26
LOKIASV2_3302_ESMFold_histidine_phosphatase_family_protein	6dm6-assembly1.cif.gz_B	LOKIASV2_3302_ESMFold_histidine_phosphatase_family_protein	6dm6-assembly1.cif.gz_B Structure of DNA polymerase III subunit beta from Rickettsia conorii in complex with a natural product	0.115	26	22	201	226	212	237	4.714E+00	26
LOKIASV2_3302_ESMFold_histidine_phosphatase_family_protein	3i45-assembly1.cif.gz_A	LOKIASV2_3302_ESMFold_histidine_phosphatase_family_protein	3i45-assembly1.cif.gz_A CRYSTAL STRUCTURE OF putative twin-arginine translocation pathway signal protein from Rhodospirillum rubrum Atcc 11170	0.140	96	72	60	144	132	227	4.189E+00	26
LOKIASV2_3302_ESMFold_histidine_phosphatase_family_protein	6man-assembly1.cif.gz_A	LOKIASV2_3302_ESMFold_histidine_phosphatase_family_protein	6man-assembly1.cif.gz_A Crystal structure of a DnaN sliding clamp DNA polymerase III subunit beta from Rickettsia bellii RML369-C	0.156	32	26	195	226	209	240	3.722E+00	26
LOKIASV2_3302_ESMFold_histidine_phosphatase_family_protein	7twl-assembly2.cif.gz_C	LOKIASV2_3302_ESMFold_histidine_phosphatase_family_protein	7twl-assembly2.cif.gz_C Structure of a borosin methyltransferase from Mycena rosella with peptide A2 (MroMA2) in complex with SAH	0.102	146	76	30	175	7	92	3.310E-01	26
LOKIASV2_3302_ESMFold_histidine_phosphatase_family_protein	3h5l-assembly1.cif.gz_A	LOKIASV2_3302_ESMFold_histidine_phosphatase_family_protein	3h5l-assembly1.cif.gz_A Crystal structure of a putative branched-chain amino acid ABC transporter from Silicibacter pomeroyi	0.115	117	89	68	184	151	252	1.833E+00	26
LOKIASV2_3302_ESMFold_histidine_phosphatase_family_protein	5x2o-assembly1.cif.gz_A	LOKIASV2_3302_ESMFold_histidine_phosphatase_family_protein	5x2o-assembly1.cif.gz_A Crystal structure of the medaka fish taste receptor T1r2a-T1r3 ligand binding domains in complex with L-arginine	0.105	74	61	57	130	160	228	5.627E+00	26
LOKIASV2_3302_ESMFold_histidine_phosphatase_family_protein	8upi-assembly1.cif.gz_A	LOKIASV2_3302_ESMFold_histidine_phosphatase_family_protein	8upi-assembly1.cif.gz_A Structure of a periplasmic peptide binding protein from Mesorhizobium sp. AP09 bound to aminoserine	0.129	54	44	55	108	326	377	7.558E+00	26
LOKIASV2_3302_ESMFold_histidine_phosphatase_family_protein	6n50-assembly1.cif.gz_A	LOKIASV2_3302_ESMFold_histidine_phosphatase_family_protein	6n50-assembly1.cif.gz_A Metabotropic Glutamate Receptor 5 Extracellular Domain in Complex with Nb43 and L-quisqualic acid	0.045	128	83	60	187	154	241	6.332E+00	26
LOKIASV2_3302_ESMFold_histidine_phosphatase_family_protein	2io9-assembly1.cif.gz_B	LOKIASV2_3302_ESMFold_histidine_phosphatase_family_protein	2io9-assembly1.cif.gz_B E. coli Bifunctional glutathionylspermidine synthetase/amidase Incomplex with Mg2+ ,GSH and ADP	0.066	59	51	61	119	355	410	6.332E+00	26
LOKIASV2_3302_ESMFold_histidine_phosphatase_family_protein	6uo8-assembly1.cif.gz_A	LOKIASV2_3302_ESMFold_histidine_phosphatase_family_protein	6uo8-assembly1.cif.gz_A Human metabotropic GABA(B) receptor bound to agonist SKF97541 and positive allosteric modulator GS39783	0.051	106	84	69	174	139	227	2.940E+00	26
LOKIASV2_3302_ESMFold_histidine_phosphatase_family_protein	4u5d-assembly1.cif.gz_A	LOKIASV2_3302_ESMFold_histidine_phosphatase_family_protein	4u5d-assembly1.cif.gz_A Crystal structure of GluA2, con-ikot-ikot snail toxin, partial agonist KA and postitive modulator (R,R)-2b complex	0.156	63	48	68	130	121	178	3.722E+00	26
LOKIASV2_3302_ESMFold_histidine_phosphatase_family_protein	5l1h-assembly1.cif.gz_D	LOKIASV2_3302_ESMFold_histidine_phosphatase_family_protein	5l1h-assembly1.cif.gz_D AMPA subtype ionotropic glutamate receptor GluA2 in complex with noncompetitive inhibitor GYKI53655	0.140	57	43	69	125	120	170	5.969E+00	26
LOKIASV2_3302_ESMFold_histidine_phosphatase_family_protein	4qqx-assembly6.cif.gz_E	LOKIASV2_3302_ESMFold_histidine_phosphatase_family_protein	4qqx-assembly6.cif.gz_E Crystal structure of T. fusca Cas3-ATP	0.105	232	188	13	223	271	502	5.308E-01	26
LOKIASV2_3302_ESMFold_histidine_phosphatase_family_protein	3voq-assembly1.cif.gz_B	LOKIASV2_3302_ESMFold_histidine_phosphatase_family_protein	3voq-assembly1.cif.gz_B Crystal structure of the pleckstrin homology domain of human Sin1, a TORC2 subunit	0.040	25	21	203	225	31	55	6.717E+00	25
LOKIASV2_3302_ESMFold_histidine_phosphatase_family_protein	7cxd-assembly3.cif.gz_D	LOKIASV2_3302_ESMFold_histidine_phosphatase_family_protein	7cxd-assembly3.cif.gz_D Xray structure of rat Galectin-3 CRD in complex with TD-139 belonging to P121 space group	0.205	39	28	199	234	81	119	3.118E+00	25
LOKIASV2_3302_ESMFold_histidine_phosphatase_family_protein	1pzm-assembly1.cif.gz_A	LOKIASV2_3302_ESMFold_histidine_phosphatase_family_protein	1pzm-assembly1.cif.gz_A Crystal structure of HGPRT-ase from Leishmania tarentolae in complex with GMP	0.146	74	45	57	110	11	84	4.189E+00	25
LOKIASV2_3302_ESMFold_histidine_phosphatase_family_protein	3e61-assembly1.cif.gz_A	LOKIASV2_3302_ESMFold_histidine_phosphatase_family_protein	3e61-assembly1.cif.gz_A Crystal structure of a putative transcriptional repressor of ribose operon from Staphylococcus saprophyticus subsp. saprophyticus	0.113	49	38	60	103	87	135	4.714E+00	25
LOKIASV2_3302_ESMFold_histidine_phosphatase_family_protein	7pqa-assembly1.cif.gz_BBB	LOKIASV2_3302_ESMFold_histidine_phosphatase_family_protein	7pqa-assembly1.cif.gz_BBB Crystal Structure of the Ring Nuclease 0811 mutant-S12G/K169G from Sulfolobus islandicus (Sis0811)	0.113	134	100	54	187	69	182	2.063E+00	25
LOKIASV2_3302_ESMFold_histidine_phosphatase_family_protein	6bge-assembly1.cif.gz_A	LOKIASV2_3302_ESMFold_histidine_phosphatase_family_protein	6bge-assembly1.cif.gz_A HELICOBACTER PYLORI ATPASE, HP0525, IN COMPLEX WITH 1G2 COMPOUND	0.084	192	131	3	194	145	288	6.336E-01	25
LOKIASV2_3302_ESMFold_histidine_phosphatase_family_protein	7ce1-assembly1.cif.gz_B	LOKIASV2_3302_ESMFold_histidine_phosphatase_family_protein	7ce1-assembly1.cif.gz_B Complex STRUCTURE OF TRANSCRIPTION FACTOR SghR with its COGNATE DNA	0.150	73	58	60	128	167	239	8.505E+00	25
LOKIASV2_3302_ESMFold_histidine_phosphatase_family_protein	6amq-assembly1.cif.gz_B	LOKIASV2_3302_ESMFold_histidine_phosphatase_family_protein	6amq-assembly1.cif.gz_B Crystal structure of the DNA polymerase III subunit beta from Enterobacter cloacae	0.142	28	21	202	227	84	111	5.000E+00	25
LOKIASV2_3302_ESMFold_histidine_phosphatase_family_protein	3n6v-assembly3.cif.gz_E	LOKIASV2_3302_ESMFold_histidine_phosphatase_family_protein	3n6v-assembly3.cif.gz_E Structure of the GluA2 NTD-dimer interface mutant, T78A	0.171	60	47	71	130	119	176	4.443E+00	25
LOKIASV2_3302_ESMFold_histidine_phosphatase_family_protein	3h5w-assembly1.cif.gz_B	LOKIASV2_3302_ESMFold_histidine_phosphatase_family_protein	3h5w-assembly1.cif.gz_B Crystal structure of the GluR2-ATD in space group P212121 without solvent	0.089	55	44	71	125	119	167	6.717E+00	25
LOKIASV2_3302_ESMFold_histidine_phosphatase_family_protein	1jqj-assembly1.cif.gz_A	LOKIASV2_3302_ESMFold_histidine_phosphatase_family_protein	1jqj-assembly1.cif.gz_A Mechanism of Processivity Clamp Opening by the Delta Subunit Wrench of the Clamp Loader Complex of E. coli DNA Polymerase III: Structure of the beta-delta complex	0.107	28	22	202	227	84	111	9.022E+00	25
LOKIASV2_3302_ESMFold_histidine_phosphatase_family_protein	6dlk-assembly1.cif.gz_B	LOKIASV2_3302_ESMFold_histidine_phosphatase_family_protein	6dlk-assembly1.cif.gz_B Crystal structure of DNA polymerase III subunit beta from Rickettsia rickettsii	0.115	26	22	201	226	210	235	4.443E+00	25
LOKIASV2_3302_ESMFold_histidine_phosphatase_family_protein	5x2m-assembly2.cif.gz_C	LOKIASV2_3302_ESMFold_histidine_phosphatase_family_protein	5x2m-assembly2.cif.gz_C Crystal structure of the medaka fish taste receptor T1r2a-T1r3 ligand binding domains in complex with L-glutamine	0.108	70	58	57	126	156	221	7.558E+00	25
LOKIASV2_3302_ESMFold_histidine_phosphatase_family_protein	5x2n-assembly2.cif.gz_C	LOKIASV2_3302_ESMFold_histidine_phosphatase_family_protein	5x2n-assembly2.cif.gz_C Crystal structure of the medaka fish taste receptor T1r2a-T1r3 ligand binding domains in complex with L-alanine	0.125	126	95	57	182	160	268	3.509E+00	25
LOKIASV2_3302_ESMFold_histidine_phosphatase_family_protein	5cnk-assembly1.cif.gz_A	LOKIASV2_3302_ESMFold_histidine_phosphatase_family_protein	5cnk-assembly1.cif.gz_A mglur3 with glutamate	0.086	69	55	57	125	153	213	6.332E+00	25
LOKIASV2_3302_ESMFold_histidine_phosphatase_family_protein	5oes-assembly2.cif.gz_D	LOKIASV2_3302_ESMFold_histidine_phosphatase_family_protein	5oes-assembly2.cif.gz_D The structure of a glutathione synthetase (StGSS1) from Solanum tuberosum in ADP and y-EC bound closed conformation.	0.116	158	101	5	119	95	252	7.130E-01	25
LOKIASV2_3302_ESMFold_histidine_phosphatase_family_protein	5fbk-assembly1.cif.gz_B	LOKIASV2_3302_ESMFold_histidine_phosphatase_family_protein	5fbk-assembly1.cif.gz_B Crystal structure of the extracellular domain of human calcium sensing receptor	0.054	115	96	60	174	159	260	2.188E+00	25
LOKIASV2_3302_ESMFold_histidine_phosphatase_family_protein	5fbk-assembly1.cif.gz_A	LOKIASV2_3302_ESMFold_histidine_phosphatase_family_protein	5fbk-assembly1.cif.gz_A Crystal structure of the extracellular domain of human calcium sensing receptor	0.053	118	98	57	174	170	274	4.189E+00	25
LOKIASV2_3302_ESMFold_histidine_phosphatase_family_protein	6igp-assembly1.cif.gz_B	LOKIASV2_3302_ESMFold_histidine_phosphatase_family_protein	6igp-assembly1.cif.gz_B Crystal structure of S9 peptidase (inactive state)from Deinococcus radiodurans R1 in P212121	0.100	48	42	61	108	511	558	9.022E+00	25
LOKIASV2_3302_ESMFold_histidine_phosphatase_family_protein	2ioa-assembly1.cif.gz_B	LOKIASV2_3302_ESMFold_histidine_phosphatase_family_protein	2ioa-assembly1.cif.gz_B E. coli Bifunctional glutathionylspermidine synthetase/amidase Incomplex with Mg2+ and ADP and phosphinate inhibitor	0.106	47	38	61	107	348	391	6.332E+00	25
LOKIASV2_3302_ESMFold_histidine_phosphatase_family_protein	4u5b-assembly1.cif.gz_A	LOKIASV2_3302_ESMFold_histidine_phosphatase_family_protein	4u5b-assembly1.cif.gz_A Crystal structure of GluA2 A622T, con-ikot-ikot snail toxin, partial agonist KA and postitive modulator (R,R)-2b complex	0.139	115	89	60	174	110	213	3.308E+00	25
LOKIASV2_3302_ESMFold_histidine_phosphatase_family_protein	8g66-assembly2.cif.gz_D	LOKIASV2_3302_ESMFold_histidine_phosphatase_family_protein	8g66-assembly2.cif.gz_D Structure with SJ3149	0.103	29	25	203	231	226	254	8.505E+00	25
LOKIASV2_3302_ESMFold_histidine_phosphatase_family_protein	8wpg-assembly1.cif.gz_A	LOKIASV2_3302_ESMFold_histidine_phosphatase_family_protein	8wpg-assembly1.cif.gz_A Human calcium-sensing receptor bound with cinacalcet in detergent	0.053	115	96	60	174	172	273	3.118E+00	25
LOKIASV2_3302_ESMFold_histidine_phosphatase_family_protein	4qqz-assembly6.cif.gz_E	LOKIASV2_3302_ESMFold_histidine_phosphatase_family_protein	4qqz-assembly6.cif.gz_E Crystal structure of T. fusca Cas3-AMPPNP	0.108	233	189	13	225	271	503	5.630E-01	25
LOKIASV2_3302_ESMFold_histidine_phosphatase_family_protein	4qqx-assembly5.cif.gz_A	LOKIASV2_3302_ESMFold_histidine_phosphatase_family_protein	4qqx-assembly5.cif.gz_A Crystal structure of T. fusca Cas3-ATP	0.128	230	171	13	209	271	500	6.721E-01	25
LOKIASV2_3302_ESMFold_histidine_phosphatase_family_protein	6dlz-assembly1.cif.gz_B	LOKIASV2_3302_ESMFold_histidine_phosphatase_family_protein	6dlz-assembly1.cif.gz_B Open state GluA2 in complex with STZ after micelle signal subtraction	0.090	55	44	71	125	122	170	5.969E+00	25
LOKIASV2_3302_ESMFold_histidine_phosphatase_family_protein	7cxb-assembly1.cif.gz_A	LOKIASV2_3302_ESMFold_histidine_phosphatase_family_protein	7cxb-assembly1.cif.gz_A Structure of mouse Galectin-3 CRD in complex with TD-139 belonging to P6522 space group.	0.205	39	28	199	234	81	119	3.722E+00	24
LOKIASV2_3302_ESMFold_histidine_phosphatase_family_protein	3jvd-assembly1.cif.gz_B	LOKIASV2_3302_ESMFold_histidine_phosphatase_family_protein	3jvd-assembly1.cif.gz_B Crystal structure of putative transcription regulation repressor (LACI family) FROM Corynebacterium glutamicum	0.052	128	82	60	187	95	182	3.949E+00	24
LOKIASV2_3302_ESMFold_histidine_phosphatase_family_protein	4uem-assembly1.cif.gz_A	LOKIASV2_3302_ESMFold_histidine_phosphatase_family_protein	4uem-assembly1.cif.gz_A UCH-L5 in complex with the RPN13 DEUBAD domain	0.093	43	34	202	240	145	187	2.771E+00	24
LOKIASV2_3302_ESMFold_histidine_phosphatase_family_protein	4rwe-assembly1.cif.gz_A	LOKIASV2_3302_ESMFold_histidine_phosphatase_family_protein	4rwe-assembly1.cif.gz_A The crystal structure of a sugar-binding transport protein from Yersinia pestis CO92	0.079	136	85	60	195	114	206	5.304E+00	24
LOKIASV2_3302_ESMFold_histidine_phosphatase_family_protein	4wut-assembly1.cif.gz_A	LOKIASV2_3302_ESMFold_histidine_phosphatase_family_protein	4wut-assembly1.cif.gz_A CRYSTAL STRUCTURE OF AN ABC TRANSPORTER SOLUTE BINDING PROTEIN (IPR025997) FROM AGROBACTERIUM VITIS (Avi_5133, TARGET EFI-511220) WITH BOUND D-FUCOSE	0.129	209	177	30	238	86	289	9.028E-01	24
LOKIASV2_3302_ESMFold_histidine_phosphatase_family_protein	4kq9-assembly1.cif.gz_A	LOKIASV2_3302_ESMFold_histidine_phosphatase_family_protein	4kq9-assembly1.cif.gz_A Crystal structure of periplasmic ribose ABC transporter from Conexibacter woesei DSM 14684	0.081	157	95	34	190	108	211	6.717E+00	24
LOKIASV2_3302_ESMFold_histidine_phosphatase_family_protein	1gcg-assembly1.cif.gz_A	LOKIASV2_3302_ESMFold_histidine_phosphatase_family_protein	1gcg-assembly1.cif.gz_A THE 1.9 ANGSTROMS X-RAY STRUCTURE OF A CLOSED UNLIGANDED FORM OF THE PERIPLASMIC GLUCOSE(SLASH)GALACTOSE RECEPTOR FROM SALMONELLA TYPHIMURIUM	0.180	97	74	69	165	139	229	2.612E+00	24
LOKIASV2_3302_ESMFold_histidine_phosphatase_family_protein	5fwx-assembly2.cif.gz_C	LOKIASV2_3302_ESMFold_histidine_phosphatase_family_protein	5fwx-assembly2.cif.gz_C Crystal structure of the AMPA receptor GluA2/A4 N-terminal domain heterodimer	0.125	55	39	71	125	120	165	7.558E+00	24
LOKIASV2_3302_ESMFold_histidine_phosphatase_family_protein	3q4k-assembly1.cif.gz_A	LOKIASV2_3302_ESMFold_histidine_phosphatase_family_protein	3q4k-assembly1.cif.gz_A Structure of a small peptide ligand bound to E.coli DNA sliding clamp	0.107	28	22	202	227	77	104	5.627E+00	24
LOKIASV2_3302_ESMFold_histidine_phosphatase_family_protein	4f06-assembly1.cif.gz_A	LOKIASV2_3302_ESMFold_histidine_phosphatase_family_protein	4f06-assembly1.cif.gz_A Crystal structure of solute binding protein of ABC transporter from Rhodopseudomonas palustris HaA2 RPB_2270 in complex with P-HYDROXYBENZOIC ACID	0.151	104	76	71	174	137	226	3.509E+00	24
LOKIASV2_3302_ESMFold_histidine_phosphatase_family_protein	2wjw-assembly1.cif.gz_A-2	LOKIASV2_3302_ESMFold_histidine_phosphatase_family_protein	2wjw-assembly1.cif.gz_A-2 Crystal structure of the human ionotropic glutamate receptor GluR2 ATD region at 1.8 A resolution	0.135	71	59	60	130	110	178	4.443E+00	24
LOKIASV2_3302_ESMFold_histidine_phosphatase_family_protein	5n6p-assembly1.cif.gz_A-2	LOKIASV2_3302_ESMFold_histidine_phosphatase_family_protein	5n6p-assembly1.cif.gz_A-2 AMPA receptor NTD mutant	0.142	55	45	71	125	121	173	6.717E+00	24
LOKIASV2_3302_ESMFold_histidine_phosphatase_family_protein	8phb-assembly1.cif.gz_B	LOKIASV2_3302_ESMFold_histidine_phosphatase_family_protein	8phb-assembly1.cif.gz_B Crystal structure of apo Cami1	0.103	186	123	42	227	50	187	1.728E+00	24
LOKIASV2_3302_ESMFold_histidine_phosphatase_family_protein	6djk-assembly1.cif.gz_A-2	LOKIASV2_3302_ESMFold_histidine_phosphatase_family_protein	6djk-assembly1.cif.gz_A-2 Structure of DNA polymerase III subunit beta from Rickettsia typhi in complex with a natural product	0.115	26	22	201	226	209	234	5.000E+00	24
LOKIASV2_3302_ESMFold_histidine_phosphatase_family_protein	5fwy-assembly2.cif.gz_D	LOKIASV2_3302_ESMFold_histidine_phosphatase_family_protein	5fwy-assembly2.cif.gz_D Crystal structure of the AMPA receptor GluA2/A3 N-terminal domain heterodimer	0.102	129	105	60	188	118	235	1.945E+00	24
LOKIASV2_3302_ESMFold_histidine_phosphatase_family_protein	6fpj-assembly2.cif.gz_B-2	LOKIASV2_3302_ESMFold_histidine_phosphatase_family_protein	6fpj-assembly2.cif.gz_B-2 Structure of the AMPAR GluA3 N-terminal domain bound to phosphate	0.152	55	42	71	125	129	178	4.714E+00	24
LOKIASV2_3302_ESMFold_histidine_phosphatase_family_protein	5oes-assembly3.cif.gz_E	LOKIASV2_3302_ESMFold_histidine_phosphatase_family_protein	5oes-assembly3.cif.gz_E The structure of a glutathione synthetase (StGSS1) from Solanum tuberosum in ADP and y-EC bound closed conformation.	0.116	158	101	5	119	94	251	9.028E-01	24
LOKIASV2_3302_ESMFold_histidine_phosphatase_family_protein	5oes-assembly3.cif.gz_F	LOKIASV2_3302_ESMFold_histidine_phosphatase_family_protein	5oes-assembly3.cif.gz_F The structure of a glutathione synthetase (StGSS1) from Solanum tuberosum in ADP and y-EC bound closed conformation.	0.116	158	101	5	119	94	251	1.016E+00	24
LOKIASV2_3302_ESMFold_histidine_phosphatase_family_protein	2hgs-assembly1.cif.gz_A-2	LOKIASV2_3302_ESMFold_histidine_phosphatase_family_protein	2hgs-assembly1.cif.gz_A-2 HUMAN GLUTATHIONE SYNTHETASE	0.086	144	91	4	104	92	235	1.213E+00	24
LOKIASV2_3302_ESMFold_histidine_phosphatase_family_protein	2io7-assembly1.cif.gz_B	LOKIASV2_3302_ESMFold_histidine_phosphatase_family_protein	2io7-assembly1.cif.gz_B E. coli Bifunctional glutathionylspermidine synthetase/amidase Incomplex with Mg2+ and AMPPNP	0.066	59	51	61	119	345	400	7.558E+00	24
LOKIASV2_3302_ESMFold_histidine_phosphatase_family_protein	5l1g-assembly1.cif.gz_D	LOKIASV2_3302_ESMFold_histidine_phosphatase_family_protein	5l1g-assembly1.cif.gz_D AMPA subtype ionotropic glutamate receptor GluA2 in complex with GYKI-Br	0.156	62	49	69	130	120	178	5.969E+00	24
LOKIASV2_3302_ESMFold_histidine_phosphatase_family_protein	4a0a-assembly1.cif.gz_A	LOKIASV2_3302_ESMFold_histidine_phosphatase_family_protein	4a0a-assembly1.cif.gz_A Structure of hsDDB1-drDDB2 bound to a 16 bp CPD-duplex (pyrimidine at D-1 position) at 3.6 A resolution (CPD 3)	0.103	29	25	203	231	227	255	8.018E+00	24
LOKIASV2_3302_ESMFold_histidine_phosphatase_family_protein	8b3d-assembly1.cif.gz_d	LOKIASV2_3302_ESMFold_histidine_phosphatase_family_protein	8b3d-assembly1.cif.gz_d Structure of the Pol II-TCR-ELOF1 complex.	0.103	29	25	203	231	227	255	9.022E+00	24
LOKIASV2_3302_ESMFold_histidine_phosphatase_family_protein	6n51-assembly1.cif.gz_B	LOKIASV2_3302_ESMFold_histidine_phosphatase_family_protein	6n51-assembly1.cif.gz_B Metabotropic Glutamate Receptor 5 bound to L-quisqualate and Nb43	0.085	101	91	57	157	163	262	5.627E+00	24
LOKIASV2_3302_ESMFold_histidine_phosphatase_family_protein	4qqy-assembly6.cif.gz_E	LOKIASV2_3302_ESMFold_histidine_phosphatase_family_protein	4qqy-assembly6.cif.gz_E Crystal structure of T. fusca Cas3-ADP	0.106	233	188	13	223	271	503	8.023E-01	24
LOKIASV2_3302_ESMFold_histidine_phosphatase_family_protein	5jpg-assembly1.cif.gz_A	LOKIASV2_3302_ESMFold_histidine_phosphatase_family_protein	5jpg-assembly1.cif.gz_A Rat Galectin 5 with lactose	0.090	44	35	196	234	85	128	6.717E+00	23
LOKIASV2_3302_ESMFold_histidine_phosphatase_family_protein	3to1-assembly2.cif.gz_B	LOKIASV2_3302_ESMFold_histidine_phosphatase_family_protein	3to1-assembly2.cif.gz_B Two surfaces on Rtt106 mediate histone binding and chaperone activity	0.125	24	20	202	225	140	163	9.571E+00	23
LOKIASV2_3302_ESMFold_histidine_phosphatase_family_protein	3c3k-assembly1.cif.gz_B	LOKIASV2_3302_ESMFold_histidine_phosphatase_family_protein	3c3k-assembly1.cif.gz_B Crystal structure of an uncharacterized protein from Actinobacillus succinogenes	0.123	118	96	57	174	103	212	4.189E+00	23
LOKIASV2_3302_ESMFold_histidine_phosphatase_family_protein	5xss-assembly3.cif.gz_B	LOKIASV2_3302_ESMFold_histidine_phosphatase_family_protein	5xss-assembly3.cif.gz_B XylFII molecule	0.086	162	136	60	209	111	272	1.536E+00	23
LOKIASV2_3302_ESMFold_histidine_phosphatase_family_protein	3hcw-assembly1.cif.gz_B	LOKIASV2_3302_ESMFold_histidine_phosphatase_family_protein	3hcw-assembly1.cif.gz_B CRYSTAL STRUCTURE OF PROBABLE maltose operon transcriptional repressor malR FROM STAPHYLOCOCCUS AREUS	0.117	154	119	32	185	70	205	4.714E+00	23
LOKIASV2_3302_ESMFold_histidine_phosphatase_family_protein	3tb6-assembly1.cif.gz_B	LOKIASV2_3302_ESMFold_histidine_phosphatase_family_protein	3tb6-assembly1.cif.gz_B Structure of the effector-binding domain of arabinose repressor AraR from Bacillus subtilis	0.135	137	110	60	187	113	249	2.188E+00	23
LOKIASV2_3302_ESMFold_histidine_phosphatase_family_protein	6jkq-assembly2.cif.gz_D	LOKIASV2_3302_ESMFold_histidine_phosphatase_family_protein	6jkq-assembly2.cif.gz_D Crystal structure of aspartate transcarbamoylase from Trypanosoma cruzi (Ligand-free form)	0.137	98	73	12	109	138	223	4.443E+00	23
LOKIASV2_3302_ESMFold_histidine_phosphatase_family_protein	6amq-assembly2.cif.gz_C	LOKIASV2_3302_ESMFold_histidine_phosphatase_family_protein	6amq-assembly2.cif.gz_C Crystal structure of the DNA polymerase III subunit beta from Enterobacter cloacae	0.142	28	21	202	227	78	105	7.125E+00	23
LOKIASV2_3302_ESMFold_histidine_phosphatase_family_protein	4n95-assembly1.cif.gz_A	LOKIASV2_3302_ESMFold_histidine_phosphatase_family_protein	4n95-assembly1.cif.gz_A E. coli sliding clamp in complex with 5-chloroindoline-2,3-dione	0.115	26	20	202	225	78	103	6.717E+00	23
LOKIASV2_3302_ESMFold_histidine_phosphatase_family_protein	4ovg-assembly1.cif.gz_A	LOKIASV2_3302_ESMFold_histidine_phosphatase_family_protein	4ovg-assembly1.cif.gz_A E. coli sliding clamp in complex with (R)-9-(2-amino-2-oxoethyl)-6-chloro-2,3,4,9-tetrahydro-1H-carbazole-2-carboxylic acid	0.115	26	20	202	225	79	104	6.332E+00	23
LOKIASV2_3302_ESMFold_histidine_phosphatase_family_protein	2wjx-assembly2.cif.gz_C-2	LOKIASV2_3302_ESMFold_histidine_phosphatase_family_protein	2wjx-assembly2.cif.gz_C-2 Crystal structure of the human ionotropic glutamate receptor GluR2 ATD region at 4.1 A resolution	0.146	71	58	60	130	110	178	7.125E+00	23
LOKIASV2_3302_ESMFold_histidine_phosphatase_family_protein	4oat-assembly1.cif.gz_A	LOKIASV2_3302_ESMFold_histidine_phosphatase_family_protein	4oat-assembly1.cif.gz_A The crystal structure of a solute-binding protein (N280D mutant) from Anabaena variabilis ATCC 29413 in complex with isoleucine.	0.105	94	72	60	141	128	221	8.018E+00	23
LOKIASV2_3302_ESMFold_histidine_phosphatase_family_protein	3n6v-assembly1.cif.gz_A	LOKIASV2_3302_ESMFold_histidine_phosphatase_family_protein	3n6v-assembly1.cif.gz_A Structure of the GluA2 NTD-dimer interface mutant, T78A	0.174	60	47	71	130	119	176	4.189E+00	23
LOKIASV2_3302_ESMFold_histidine_phosphatase_family_protein	3n6v-assembly1.cif.gz_B	LOKIASV2_3302_ESMFold_histidine_phosphatase_family_protein	3n6v-assembly1.cif.gz_B Structure of the GluA2 NTD-dimer interface mutant, T78A	0.174	60	47	71	130	119	176	3.949E+00	23
LOKIASV2_3302_ESMFold_histidine_phosphatase_family_protein	5x2q-assembly1.cif.gz_A	LOKIASV2_3302_ESMFold_histidine_phosphatase_family_protein	5x2q-assembly1.cif.gz_A Crystal structure of the medaka fish taste receptor T1r2a-T1r3 ligand binding domains in complex with glycine	0.089	55	45	71	125	171	220	8.505E+00	23
LOKIASV2_3302_ESMFold_histidine_phosphatase_family_protein	6p81-assembly1.cif.gz_A	LOKIASV2_3302_ESMFold_histidine_phosphatase_family_protein	6p81-assembly1.cif.gz_A Structure of DNA polymerase III, beta subunit/ beta sliding clamp from Klebsiella pneumoniae, expressed with an N-terminal His-Smt3 fusion tag, in complex with Griselimycin	0.125	32	25	202	231	160	191	6.332E+00	23
LOKIASV2_3302_ESMFold_histidine_phosphatase_family_protein	6n50-assembly2.cif.gz_B	LOKIASV2_3302_ESMFold_histidine_phosphatase_family_protein	6n50-assembly2.cif.gz_B Metabotropic Glutamate Receptor 5 Extracellular Domain in Complex with Nb43 and L-quisqualic acid	0.059	129	83	59	187	157	245	5.627E+00	23
LOKIASV2_3302_ESMFold_histidine_phosphatase_family_protein	5oes-assembly1.cif.gz_B	LOKIASV2_3302_ESMFold_histidine_phosphatase_family_protein	5oes-assembly1.cif.gz_B The structure of a glutathione synthetase (StGSS1) from Solanum tuberosum in ADP and y-EC bound closed conformation.	0.116	158	101	5	119	94	251	1.287E+00	23
LOKIASV2_3302_ESMFold_histidine_phosphatase_family_protein	6e8e-assembly1.cif.gz_B	LOKIASV2_3302_ESMFold_histidine_phosphatase_family_protein	6e8e-assembly1.cif.gz_B Crystal structure of the Escherichia coli sliding clamp-MutL complex.	0.142	28	21	202	227	84	111	8.018E+00	23
LOKIASV2_3302_ESMFold_histidine_phosphatase_family_protein	7une-assembly1.cif.gz_Q	LOKIASV2_3302_ESMFold_histidine_phosphatase_family_protein	7une-assembly1.cif.gz_Q The V1 region of bovine V-ATPase in complex with human mEAK7 (focused refinement)	0.132	163	130	27	177	147	309	1.448E+00	23
LOKIASV2_3302_ESMFold_histidine_phosphatase_family_protein	1m0w-assembly1.cif.gz_A	LOKIASV2_3302_ESMFold_histidine_phosphatase_family_protein	1m0w-assembly1.cif.gz_A Yeast Glutathione Synthase Bound to gamma-glutamyl-cysteine, AMP-PNP and 2 Magnesium Ions	0.137	51	43	60	110	197	247	8.018E+00	23
LOKIASV2_3302_ESMFold_histidine_phosphatase_family_protein	3e3k-assembly2.cif.gz_B	LOKIASV2_3302_ESMFold_histidine_phosphatase_family_protein	3e3k-assembly2.cif.gz_B Structural characterization of a putative endogenous metal chelator in the periplasmic nickel transporter NikA (butane-1,2,4-tricarboxylate without nickel form)	0.104	126	99	54	164	311	436	1.833E+00	23
LOKIASV2_3302_ESMFold_histidine_phosphatase_family_protein	1zvr-assembly1.cif.gz_A	LOKIASV2_3302_ESMFold_histidine_phosphatase_family_protein	1zvr-assembly1.cif.gz_A Crystal Structure of MTMR2 in complex with phosphatidylinositol 3,5-bisphosphate	0.098	132	117	53	183	224	355	1.448E+00	23
LOKIASV2_3302_ESMFold_histidine_phosphatase_family_protein	4u5c-assembly1.cif.gz_B	LOKIASV2_3302_ESMFold_histidine_phosphatase_family_protein	4u5c-assembly1.cif.gz_B Crystal structure of GluA2, con-ikot-ikot snail toxin, partial agonist FW and postitive modulator (R,R)-2b complex	0.159	68	49	71	138	120	178	5.969E+00	23
LOKIASV2_3302_ESMFold_histidine_phosphatase_family_protein	8jcy-assembly1.cif.gz_3	LOKIASV2_3302_ESMFold_histidine_phosphatase_family_protein	8jcy-assembly1.cif.gz_3 Cryo-EM structure of mGlu2-mGlu3 heterodimer in presence of LY341495, NAM563, and LY2389575 (dimerization mode I)	0.069	126	75	70	195	164	245	4.714E+00	23
LOKIASV2_3302_ESMFold_histidine_phosphatase_family_protein	5l1f-assembly1.cif.gz_B	LOKIASV2_3302_ESMFold_histidine_phosphatase_family_protein	5l1f-assembly1.cif.gz_B AMPA subtype ionotropic glutamate receptor GluA2 in complex with noncompetitive inhibitor Perampanel	0.174	60	47	71	130	121	178	4.443E+00	23
LOKIASV2_3302_ESMFold_histidine_phosphatase_family_protein	5l1b-assembly1.cif.gz_C	LOKIASV2_3302_ESMFold_histidine_phosphatase_family_protein	5l1b-assembly1.cif.gz_C AMPA subtype ionotropic glutamate receptor GluA2 in Apo state	0.161	60	48	71	130	121	178	4.714E+00	23
LOKIASV2_3302_ESMFold_histidine_phosphatase_family_protein	6njn-assembly1.cif.gz_D	LOKIASV2_3302_ESMFold_histidine_phosphatase_family_protein	6njn-assembly1.cif.gz_D Architecture and subunit arrangement of native AMPA receptors	0.163	60	48	71	130	120	177	5.000E+00	23
LOKIASV2_3302_ESMFold_histidine_phosphatase_family_protein	7m3g-assembly1.cif.gz_B	LOKIASV2_3302_ESMFold_histidine_phosphatase_family_protein	7m3g-assembly1.cif.gz_B Asymmetric Activation of the Calcium Sensing Receptor Homodimer	0.090	72	64	60	130	170	241	6.717E+00	23
LOKIASV2_3302_ESMFold_histidine_phosphatase_family_protein	4qqx-assembly6.cif.gz_G	LOKIASV2_3302_ESMFold_histidine_phosphatase_family_protein	4qqx-assembly6.cif.gz_G Crystal structure of T. fusca Cas3-ATP	0.125	231	186	12	225	270	500	1.287E+00	23
LOKIASV2_3302_ESMFold_histidine_phosphatase_family_protein	4qqw-assembly5.cif.gz_A	LOKIASV2_3302_ESMFold_histidine_phosphatase_family_protein	4qqw-assembly5.cif.gz_A Crystal structure of T. fusca Cas3	0.110	235	174	14	209	272	506	7.563E-01	23
LOKIASV2_3302_ESMFold_histidine_phosphatase_family_protein	8d7y-assembly1.cif.gz_A	LOKIASV2_3302_ESMFold_histidine_phosphatase_family_protein	8d7y-assembly1.cif.gz_A Cereblon-DDB1 in the Apo form with DDB1 in the twisted conformation	0.103	29	25	203	231	227	255	9.571E+00	23
LOKIASV2_3302_ESMFold_histidine_phosphatase_family_protein	4wj7-assembly2.cif.gz_B	LOKIASV2_3302_ESMFold_histidine_phosphatase_family_protein	4wj7-assembly2.cif.gz_B CCM2 PTB domain in complex with KRIT1 NPxY/F3	0.120	25	21	202	226	50	74	3.308E+00	22
LOKIASV2_3302_ESMFold_histidine_phosphatase_family_protein	2dos-assembly1.cif.gz_A	LOKIASV2_3302_ESMFold_histidine_phosphatase_family_protein	2dos-assembly1.cif.gz_A Structural basis for the recognition of Lys48-linked polyubiquitin chain by the Josephin domain of ataxin-3, a putative deubiquitinating enzyme	0.095	40	33	201	240	118	154	7.558E+00	22
LOKIASV2_3302_ESMFold_histidine_phosphatase_family_protein	6g80-assembly1.cif.gz_A	LOKIASV2_3302_ESMFold_histidine_phosphatase_family_protein	6g80-assembly1.cif.gz_A Structure of Mycobacterium hassiacum MeT1 from orthorhombic crystals.	0.089	137	118	56	192	20	150	2.940E+00	22
LOKIASV2_3302_ESMFold_histidine_phosphatase_family_protein	3jvd-assembly1.cif.gz_A	LOKIASV2_3302_ESMFold_histidine_phosphatase_family_protein	3jvd-assembly1.cif.gz_A Crystal structure of putative transcription regulation repressor (LACI family) FROM Corynebacterium glutamicum	0.083	128	77	60	187	97	181	3.308E+00	22
LOKIASV2_3302_ESMFold_histidine_phosphatase_family_protein	3c3k-assembly1.cif.gz_A	LOKIASV2_3302_ESMFold_histidine_phosphatase_family_protein	3c3k-assembly1.cif.gz_A Crystal structure of an uncharacterized protein from Actinobacillus succinogenes	0.128	141	112	34	174	84	212	3.722E+00	22
LOKIASV2_3302_ESMFold_histidine_phosphatase_family_protein	3huu-assembly2.cif.gz_C	LOKIASV2_3302_ESMFold_histidine_phosphatase_family_protein	3huu-assembly2.cif.gz_C Crystal structure of transcription regulator like protein from Staphylococcus haemolyticus	0.111	162	122	5	142	17	178	1.833E+00	22
LOKIASV2_3302_ESMFold_histidine_phosphatase_family_protein	4ywj-assembly1.cif.gz_A	LOKIASV2_3302_ESMFold_histidine_phosphatase_family_protein	4ywj-assembly1.cif.gz_A Crystal structure of 4-hydroxy-tetrahydrodipicolinate reductase (HTPA reductase) from Pseudomonas aeruginosa	0.072	230	110	9	238	130	249	5.004E-01	22
LOKIASV2_3302_ESMFold_histidine_phosphatase_family_protein	4yle-assembly1.cif.gz_A	LOKIASV2_3302_ESMFold_histidine_phosphatase_family_protein	4yle-assembly1.cif.gz_A Crystal structure of an ABC transpoter solute binding protein (IPR025997) from Burkholderia multivorans (Bmul_1631, Target EFI-511115) with an unknown ligand modelled as alpha-D-erythrofuranose	0.067	131	84	57	187	122	212	5.000E+00	22
LOKIASV2_3302_ESMFold_histidine_phosphatase_family_protein	2ipn-assembly1.cif.gz_A	LOKIASV2_3302_ESMFold_histidine_phosphatase_family_protein	2ipn-assembly1.cif.gz_A Crystal structure of a disulfide mutant glucose binding protein	0.125	171	130	59	208	127	297	5.308E-01	22
LOKIASV2_3302_ESMFold_histidine_phosphatase_family_protein	2ipm-assembly1.cif.gz_A	LOKIASV2_3302_ESMFold_histidine_phosphatase_family_protein	2ipm-assembly1.cif.gz_A Crystal structure of a disulfide mutant glucose binding protein	0.130	171	130	59	208	128	298	6.336E-01	22
LOKIASV2_3302_ESMFold_histidine_phosphatase_family_protein	5er3-assembly1.cif.gz_A	LOKIASV2_3302_ESMFold_histidine_phosphatase_family_protein	5er3-assembly1.cif.gz_A Crystal structure of ABC transporter system solute-binding protein from Rhodopirellula baltica SH 1	0.091	208	165	11	193	99	306	5.973E-01	22
LOKIASV2_3302_ESMFold_histidine_phosphatase_family_protein	5ix8-assembly1.cif.gz_A	LOKIASV2_3302_ESMFold_histidine_phosphatase_family_protein	5ix8-assembly1.cif.gz_A Crystal structure of sugar ABC transport system, substrate-binding protein from Bordetella parapertussis 12822	0.084	127	75	69	195	139	221	3.118E+00	22
LOKIASV2_3302_ESMFold_histidine_phosphatase_family_protein	4l4o-assembly1.cif.gz_A	LOKIASV2_3302_ESMFold_histidine_phosphatase_family_protein	4l4o-assembly1.cif.gz_A The crystal structure of CbXyn10B in native form	0.097	205	181	34	238	129	329	2.771E+00	22
LOKIASV2_3302_ESMFold_histidine_phosphatase_family_protein	4mlc-assembly1.cif.gz_A	LOKIASV2_3302_ESMFold_histidine_phosphatase_family_protein	4mlc-assembly1.cif.gz_A ABC Transporter Substrate-Binding Protein fromDesulfitobacterium hafniense	0.069	116	95	57	172	119	221	7.125E+00	22
LOKIASV2_3302_ESMFold_histidine_phosphatase_family_protein	4n96-assembly1.cif.gz_A	LOKIASV2_3302_ESMFold_histidine_phosphatase_family_protein	4n96-assembly1.cif.gz_A E. coli sliding clamp in complex with 6-nitroindazole	0.115	26	20	202	225	75	100	7.558E+00	22
LOKIASV2_3302_ESMFold_histidine_phosphatase_family_protein	7azl-assembly2.cif.gz_B	LOKIASV2_3302_ESMFold_histidine_phosphatase_family_protein	7azl-assembly2.cif.gz_B DNA polymerase sliding clamp from Escherichia coli with peptide 38 bound	0.142	28	21	202	227	82	109	8.505E+00	22
LOKIASV2_3302_ESMFold_histidine_phosphatase_family_protein	4n94-assembly1.cif.gz_A	LOKIASV2_3302_ESMFold_histidine_phosphatase_family_protein	4n94-assembly1.cif.gz_A E. coli sliding clamp in complex with 3,4-difluorobenzamide	0.107	28	22	202	227	79	106	8.018E+00	22
LOKIASV2_3302_ESMFold_histidine_phosphatase_family_protein	3q4k-assembly1.cif.gz_B	LOKIASV2_3302_ESMFold_histidine_phosphatase_family_protein	3q4k-assembly1.cif.gz_B Structure of a small peptide ligand bound to E.coli DNA sliding clamp	0.107	28	22	202	227	78	105	8.018E+00	22
LOKIASV2_3302_ESMFold_histidine_phosphatase_family_protein	1vhd-assembly1.cif.gz_B	LOKIASV2_3302_ESMFold_histidine_phosphatase_family_protein	1vhd-assembly1.cif.gz_B Crystal structure of an iron containing alcohol dehydrogenase	0.118	148	114	27	174	7	136	1.833E+00	22
LOKIASV2_3302_ESMFold_histidine_phosphatase_family_protein	8ciz-assembly1.cif.gz_B	LOKIASV2_3302_ESMFold_histidine_phosphatase_family_protein	8ciz-assembly1.cif.gz_B DNA-polymerase sliding clamp (DnaN) from Escherichia coli in complex with Mycoplanecin A.	0.153	26	19	202	225	82	107	9.022E+00	22
LOKIASV2_3302_ESMFold_histidine_phosphatase_family_protein	4k74-assembly1.cif.gz_B	LOKIASV2_3302_ESMFold_histidine_phosphatase_family_protein	4k74-assembly1.cif.gz_B The UmuC subunit of the E. coli DNA polymerase V shows a unique interaction with the beta-clamp processivity factor.	0.107	28	22	202	227	83	110	8.018E+00	22
LOKIASV2_3302_ESMFold_histidine_phosphatase_family_protein	6fvl-assembly1.cif.gz_B	LOKIASV2_3302_ESMFold_histidine_phosphatase_family_protein	6fvl-assembly1.cif.gz_B DNA polymerase sliding clamp from Escherichia coli with bound P7 peptide	0.142	40	27	202	241	83	115	4.714E+00	22
LOKIASV2_3302_ESMFold_histidine_phosphatase_family_protein	1jdp-assembly1.cif.gz_B	LOKIASV2_3302_ESMFold_histidine_phosphatase_family_protein	1jdp-assembly1.cif.gz_B Crystal Structure of Hormone/Receptor Complex	0.085	113	98	60	172	130	237	4.714E+00	22
LOKIASV2_3302_ESMFold_histidine_phosphatase_family_protein	6e8e-assembly1.cif.gz_A	LOKIASV2_3302_ESMFold_histidine_phosphatase_family_protein	6e8e-assembly1.cif.gz_A Crystal structure of the Escherichia coli sliding clamp-MutL complex.	0.068	44	33	184	227	89	124	9.022E+00	22
LOKIASV2_3302_ESMFold_histidine_phosphatase_family_protein	6pt9-assembly1.cif.gz_A	LOKIASV2_3302_ESMFold_histidine_phosphatase_family_protein	6pt9-assembly1.cif.gz_A Crystal structure of PsS1_NC C84S in complex with k-neocarrabiose	0.112	166	131	12	177	53	201	1.287E+00	22
LOKIASV2_3302_ESMFold_histidine_phosphatase_family_protein	5isu-assembly1.cif.gz_A	LOKIASV2_3302_ESMFold_histidine_phosphatase_family_protein	5isu-assembly1.cif.gz_A 2.2 Angstrom Crystal Structure of ABC Transporter Substrate Binding Protein CtaP (Lmo0135) from Listeria monocytogenes.	0.078	115	96	5	109	251	365	3.722E+00	22
LOKIASV2_3302_ESMFold_histidine_phosphatase_family_protein	6n50-assembly3.cif.gz_C	LOKIASV2_3302_ESMFold_histidine_phosphatase_family_protein	6n50-assembly3.cif.gz_C Metabotropic Glutamate Receptor 5 Extracellular Domain in Complex with Nb43 and L-quisqualic acid	0.065	131	84	57	187	157	247	8.505E+00	22
LOKIASV2_3302_ESMFold_histidine_phosphatase_family_protein	6npo-assembly1.cif.gz_A	LOKIASV2_3302_ESMFold_histidine_phosphatase_family_protein	6npo-assembly1.cif.gz_A Crystal structure of oligopeptide ABC transporter from Bacillus anthracis str. Ames (substrate-binding domain)	0.116	77	63	36	107	318	394	5.627E+00	22
LOKIASV2_3302_ESMFold_histidine_phosphatase_family_protein	2vpm-assembly2.cif.gz_B	LOKIASV2_3302_ESMFold_histidine_phosphatase_family_protein	2vpm-assembly2.cif.gz_B Trypanothione synthetase	0.137	102	66	2	103	341	418	4.443E+00	22
LOKIASV2_3302_ESMFold_histidine_phosphatase_family_protein	6uoa-assembly1.cif.gz_B	LOKIASV2_3302_ESMFold_histidine_phosphatase_family_protein	6uoa-assembly1.cif.gz_B Human metabotropic GABA(B) receptor in its intermediate state 1	0.084	75	64	69	139	142	216	6.717E+00	22
LOKIASV2_3302_ESMFold_histidine_phosphatase_family_protein	6mmp-assembly1.cif.gz_A	LOKIASV2_3302_ESMFold_histidine_phosphatase_family_protein	6mmp-assembly1.cif.gz_A Diheteromeric NMDA receptor GluN1/GluN2A in the '2-Knuckle-Symmetric' conformation, in complex with glycine and glutamate, in the presence of 0.1 millimolar EDTA, and at pH 8.0	0.161	61	47	69	129	134	190	8.505E+00	22
LOKIASV2_3302_ESMFold_histidine_phosphatase_family_protein	5wen-assembly1.cif.gz_D	LOKIASV2_3302_ESMFold_histidine_phosphatase_family_protein	5wen-assembly1.cif.gz_D GluA2 bound to GSG1L in digitonin, state 2	0.109	55	44	71	125	121	170	6.717E+00	22
LOKIASV2_3302_ESMFold_histidine_phosphatase_family_protein	7dd5-assembly1.cif.gz_B	LOKIASV2_3302_ESMFold_histidine_phosphatase_family_protein	7dd5-assembly1.cif.gz_B Structure of Calcium-Sensing Receptor in complex with NPS-2143	0.038	118	100	57	174	157	261	9.022E+00	22
LOKIASV2_3302_ESMFold_histidine_phosphatase_family_protein	4qqw-assembly6.cif.gz_E	LOKIASV2_3302_ESMFold_histidine_phosphatase_family_protein	4qqw-assembly6.cif.gz_E Crystal structure of T. fusca Cas3	0.121	239	183	1	209	255	493	1.287E+00	22
LOKIASV2_3302_ESMFold_histidine_phosphatase_family_protein	3aya-assembly2.cif.gz_B	LOKIASV2_3302_ESMFold_histidine_phosphatase_family_protein	3aya-assembly2.cif.gz_B Crystal structure of galectin-3 CRD domian complexed with Thomsen-Friedenreich antigen	0.179	39	29	199	234	78	116	6.332E+00	21
LOKIASV2_3302_ESMFold_histidine_phosphatase_family_protein	7cxc-assembly2.cif.gz_B	LOKIASV2_3302_ESMFold_histidine_phosphatase_family_protein	7cxc-assembly2.cif.gz_B Structure of mouse Galectin-3 CRD point mutant (V160A) in complex with TD-139 belonging to P121 space group.	0.190	39	28	199	237	80	115	5.304E+00	21
LOKIASV2_3302_ESMFold_histidine_phosphatase_family_protein	5nld-assembly1.cif.gz_B	LOKIASV2_3302_ESMFold_histidine_phosphatase_family_protein	5nld-assembly1.cif.gz_B Chicken GRIFIN (crystallisation pH: 7.5)	0.179	39	29	199	234	78	116	5.969E+00	21
LOKIASV2_3302_ESMFold_histidine_phosphatase_family_protein	6fof-assembly2.cif.gz_F	LOKIASV2_3302_ESMFold_histidine_phosphatase_family_protein	6fof-assembly2.cif.gz_F Crystal structure of a crystallized variant of h-Gal3: Gal-3[NTS/VII-IX]	0.179	39	29	199	234	94	132	5.627E+00	21
LOKIASV2_3302_ESMFold_histidine_phosphatase_family_protein	7yv4-assembly1.cif.gz_A	LOKIASV2_3302_ESMFold_histidine_phosphatase_family_protein	7yv4-assembly1.cif.gz_A Crystal structure of human UCHL3 in complex with Farrerol	0.023	41	38	201	240	142	182	8.505E+00	21
LOKIASV2_3302_ESMFold_histidine_phosphatase_family_protein	1uch-assembly1.cif.gz_A	LOKIASV2_3302_ESMFold_histidine_phosphatase_family_protein	1uch-assembly1.cif.gz_A DEUBIQUITINATING ENZYME UCH-L3 (HUMAN) AT 1.8 ANGSTROM RESOLUTION	0.024	40	37	202	240	145	184	9.022E+00	21
LOKIASV2_3302_ESMFold_histidine_phosphatase_family_protein	6g7d-assembly1.cif.gz_A	LOKIASV2_3302_ESMFold_histidine_phosphatase_family_protein	6g7d-assembly1.cif.gz_A Structure of MeT1 from Mycobacterium hassiacum in complex with SAM and glycerol.	0.103	146	129	44	189	12	156	5.627E+00	21
LOKIASV2_3302_ESMFold_histidine_phosphatase_family_protein	2oho-assembly1.cif.gz_B	LOKIASV2_3302_ESMFold_histidine_phosphatase_family_protein	2oho-assembly1.cif.gz_B Structural Basis for Glutamate Racemase Inhibitor	0.068	136	112	60	195	90	210	2.463E+00	21
LOKIASV2_3302_ESMFold_histidine_phosphatase_family_protein	3jy6-assembly1.cif.gz_B	LOKIASV2_3302_ESMFold_histidine_phosphatase_family_protein	3jy6-assembly1.cif.gz_B Crystal structure of LacI Transcriptional regulator from Lactobacillus brevis	0.147	149	98	59	174	107	255	1.078E+00	21
LOKIASV2_3302_ESMFold_histidine_phosphatase_family_protein	3egc-assembly3.cif.gz_E	LOKIASV2_3302_ESMFold_histidine_phosphatase_family_protein	3egc-assembly3.cif.gz_E Crystal structure of a putative ribose operon repressor from Burkholderia thailandensis	0.112	119	88	57	175	108	207	4.189E+00	21
LOKIASV2_3302_ESMFold_histidine_phosphatase_family_protein	3huu-assembly1.cif.gz_A	LOKIASV2_3302_ESMFold_histidine_phosphatase_family_protein	3huu-assembly1.cif.gz_A Crystal structure of transcription regulator like protein from Staphylococcus haemolyticus	0.124	156	95	1	110	13	168	3.308E+00	21
LOKIASV2_3302_ESMFold_histidine_phosphatase_family_protein	2vfc-assembly2.cif.gz_B	LOKIASV2_3302_ESMFold_histidine_phosphatase_family_protein	2vfc-assembly2.cif.gz_B The structure of Mycobacterium marinum arylamine N-acetyltransferase in complex with CoA	0.101	59	31	202	237	211	269	7.125E+00	21
LOKIASV2_3302_ESMFold_histidine_phosphatase_family_protein	4wt7-assembly2.cif.gz_B	LOKIASV2_3302_ESMFold_histidine_phosphatase_family_protein	4wt7-assembly2.cif.gz_B Crystal structure of an ABC transporter solute binding protein (IPR025997) from Agrobacterium vitis (Avi_5165, Target EFI-511223) with bound allitol	0.110	131	93	60	190	106	211	7.125E+00	21
LOKIASV2_3302_ESMFold_histidine_phosphatase_family_protein	8fxt-assembly1.cif.gz_A	LOKIASV2_3302_ESMFold_histidine_phosphatase_family_protein	8fxt-assembly1.cif.gz_A Escherichia coli periplasmic Glucose-Binding Protein glucose complex: Acrylodan conjugate attached at W183C	0.140	107	86	59	165	128	228	2.771E+00	21
LOKIASV2_3302_ESMFold_histidine_phosphatase_family_protein	6zxw-assembly1.cif.gz_G	LOKIASV2_3302_ESMFold_histidine_phosphatase_family_protein	6zxw-assembly1.cif.gz_G Structure of Archaeoglobus fulgidus Trm11-Trm112 m2G10 tRNA methyltransferase complex bound to sinefungin	0.127	83	58	61	128	71	153	7.558E+00	21
LOKIASV2_3302_ESMFold_histidine_phosphatase_family_protein	5b3j-assembly2.cif.gz_B	LOKIASV2_3302_ESMFold_histidine_phosphatase_family_protein	5b3j-assembly2.cif.gz_B Activation of NMDA receptors and the mechanism of inhibition by ifenprodil	0.128	36	29	69	104	120	153	9.022E+00	21
LOKIASV2_3302_ESMFold_histidine_phosphatase_family_protein	6amq-assembly1.cif.gz_A	LOKIASV2_3302_ESMFold_histidine_phosphatase_family_protein	6amq-assembly1.cif.gz_A Crystal structure of the DNA polymerase III subunit beta from Enterobacter cloacae	0.142	28	21	202	227	77	104	8.505E+00	21
LOKIASV2_3302_ESMFold_histidine_phosphatase_family_protein	6amq-assembly2.cif.gz_D	LOKIASV2_3302_ESMFold_histidine_phosphatase_family_protein	6amq-assembly2.cif.gz_D Crystal structure of the DNA polymerase III subunit beta from Enterobacter cloacae	0.142	28	21	202	227	78	105	8.505E+00	21
LOKIASV2_3302_ESMFold_histidine_phosphatase_family_protein	1o2d-assembly1.cif.gz_A	LOKIASV2_3302_ESMFold_histidine_phosphatase_family_protein	1o2d-assembly1.cif.gz_A Crystal structure of Alcohol dehydrogenase, iron-containing (TM0920) from Thermotoga maritima at 1.30 A resolution	0.100	114	102	61	174	22	135	3.722E+00	21
LOKIASV2_3302_ESMFold_histidine_phosphatase_family_protein	4evr-assembly1.cif.gz_A	LOKIASV2_3302_ESMFold_histidine_phosphatase_family_protein	4evr-assembly1.cif.gz_A Crystal structure of ABC transporter from R. palustris - solute binding protein (RPA0668) in complex with benzoate	0.090	117	84	59	175	131	223	5.304E+00	21
LOKIASV2_3302_ESMFold_histidine_phosphatase_family_protein	7az7-assembly1.cif.gz_A	LOKIASV2_3302_ESMFold_histidine_phosphatase_family_protein	7az7-assembly1.cif.gz_A DNA polymerase sliding clamp from Escherichia coli with peptide 37 bound	0.153	26	19	202	225	84	109	9.571E+00	21
LOKIASV2_3302_ESMFold_histidine_phosphatase_family_protein	3p3w-assembly2.cif.gz_B	LOKIASV2_3302_ESMFold_histidine_phosphatase_family_protein	3p3w-assembly2.cif.gz_B Structure of a dimeric GluA3 N-terminal domain (NTD) at 4.2 A resolution	0.085	117	67	71	187	130	203	5.000E+00	21
LOKIASV2_3302_ESMFold_histidine_phosphatase_family_protein	4gpa-assembly1.cif.gz_A-2	LOKIASV2_3302_ESMFold_histidine_phosphatase_family_protein	4gpa-assembly1.cif.gz_A-2 High resolution structure of the GluA4 N-terminal domain (NTD)	0.127	117	64	71	187	129	202	5.000E+00	21
LOKIASV2_3302_ESMFold_histidine_phosphatase_family_protein	8phj-assembly1.cif.gz_X	LOKIASV2_3302_ESMFold_histidine_phosphatase_family_protein	8phj-assembly1.cif.gz_X cA4-bound Cami1 in complex with 70S ribosome	0.100	156	100	72	227	76	187	5.000E+00	21
LOKIASV2_3302_ESMFold_histidine_phosphatase_family_protein	5oet-assembly1.cif.gz_B	LOKIASV2_3302_ESMFold_histidine_phosphatase_family_protein	5oet-assembly1.cif.gz_B The structure of a glutathione synthetase like-effector (GSS30) from Globodera pallida in apoform.	0.113	163	103	3	119	73	235	1.945E+00	21
LOKIASV2_3302_ESMFold_histidine_phosphatase_family_protein	5x2m-assembly1.cif.gz_A	LOKIASV2_3302_ESMFold_histidine_phosphatase_family_protein	5x2m-assembly1.cif.gz_A Crystal structure of the medaka fish taste receptor T1r2a-T1r3 ligand binding domains in complex with L-glutamine	0.103	126	97	57	182	157	265	5.304E+00	21
LOKIASV2_3302_ESMFold_histidine_phosphatase_family_protein	7tjf-assembly1.cif.gz_A	LOKIASV2_3302_ESMFold_histidine_phosphatase_family_protein	7tjf-assembly1.cif.gz_A S. cerevisiae ORC bound to 84 bp ARS1 DNA	0.084	161	122	44	177	65	225	3.308E+00	21
LOKIASV2_3302_ESMFold_histidine_phosphatase_family_protein	4ii7-assembly1.cif.gz_B	LOKIASV2_3302_ESMFold_histidine_phosphatase_family_protein	4ii7-assembly1.cif.gz_B Archaellum Assembly ATPase FlaI	0.073	183	121	4	186	228	359	9.028E-01	21
LOKIASV2_3302_ESMFold_histidine_phosphatase_family_protein	4ii7-assembly1.cif.gz_A	LOKIASV2_3302_ESMFold_histidine_phosphatase_family_protein	4ii7-assembly1.cif.gz_A Archaellum Assembly ATPase FlaI	0.070	224	182	2	225	221	417	1.536E+00	21
LOKIASV2_3302_ESMFold_histidine_phosphatase_family_protein	4uqk-assembly1.cif.gz_A	LOKIASV2_3302_ESMFold_histidine_phosphatase_family_protein	4uqk-assembly1.cif.gz_A Electron density map of GluA2em in complex with quisqualate and LY451646	0.161	60	48	71	130	121	178	7.125E+00	21
LOKIASV2_3302_ESMFold_histidine_phosphatase_family_protein	4u1y-assembly1.cif.gz_B	LOKIASV2_3302_ESMFold_histidine_phosphatase_family_protein	4u1y-assembly1.cif.gz_B Full length GluA2-FW-(R,R)-2b complex	0.123	115	90	60	174	108	211	5.969E+00	21
LOKIASV2_3302_ESMFold_histidine_phosphatase_family_protein	4u1w-assembly1.cif.gz_D	LOKIASV2_3302_ESMFold_histidine_phosphatase_family_protein	4u1w-assembly1.cif.gz_D Full length GluA2-kainate-(R,R)-2b complex crystal form A	0.145	60	49	71	130	121	178	6.717E+00	21
LOKIASV2_3302_ESMFold_histidine_phosphatase_family_protein	4u2p-assembly1.cif.gz_D	LOKIASV2_3302_ESMFold_histidine_phosphatase_family_protein	4u2p-assembly1.cif.gz_D Full-length AMPA subtype ionotropic glutamate receptor GluA2 in the apo state	0.156	60	48	71	130	121	178	7.558E+00	21
LOKIASV2_3302_ESMFold_histidine_phosphatase_family_protein	5iov-assembly1.cif.gz_D	LOKIASV2_3302_ESMFold_histidine_phosphatase_family_protein	5iov-assembly1.cif.gz_D Cryo-EM structure of GluN1/GluN2B NMDA receptor in the glutamate/glycine/Ro25-6981-bound conformation	0.110	106	84	69	174	132	226	2.321E+00	21
LOKIASV2_3302_ESMFold_histidine_phosphatase_family_protein	8ss6-assembly1.cif.gz_A	LOKIASV2_3302_ESMFold_histidine_phosphatase_family_protein	8ss6-assembly1.cif.gz_A Structure of AMPA receptor GluA2 complex with auxiliary subunits TARP gamma-5 and cornichon-2 bound to competitive antagonist ZK, channel blocker spermidine and antiepileptic drug perampanel (closed state)	0.157	70	51	69	138	119	179	5.969E+00	21
LOKIASV2_3302_ESMFold_histidine_phosphatase_family_protein	6utq-assembly1.cif.gz_A	LOKIASV2_3302_ESMFold_histidine_phosphatase_family_protein	6utq-assembly1.cif.gz_A LarE, a sulfur transferase involved in synthesis of the cofactor for lactate racemase in complex with cadmium	0.099	166	108	7	172	1	121	4.714E+00	20
LOKIASV2_3302_ESMFold_histidine_phosphatase_family_protein	3d8u-assembly1.cif.gz_A	LOKIASV2_3302_ESMFold_histidine_phosphatase_family_protein	3d8u-assembly1.cif.gz_A The crystal structure of a PurR family transcriptional regulator from Vibrio parahaemolyticus RIMD 2210633	0.083	78	63	60	129	101	178	4.714E+00	20
LOKIASV2_3302_ESMFold_histidine_phosphatase_family_protein	5kws-assembly1.cif.gz_A	LOKIASV2_3302_ESMFold_histidine_phosphatase_family_protein	5kws-assembly1.cif.gz_A Crystal Structure of Galactose Binding Protein from Yersinia pestis in the Complex with beta D Glucose	0.146	107	85	59	165	129	229	3.118E+00	20
LOKIASV2_3302_ESMFold_histidine_phosphatase_family_protein	2gbp-assembly1.cif.gz_A	LOKIASV2_3302_ESMFold_histidine_phosphatase_family_protein	2gbp-assembly1.cif.gz_A SUGAR AND SIGNAL-TRANSDUCER BINDING SITES OF THE ESCHERICHIA COLI GALACTOSE CHEMORECEPTOR PROTEIN	0.137	102	82	64	165	134	229	3.308E+00	20
LOKIASV2_3302_ESMFold_histidine_phosphatase_family_protein	6jkq-assembly1.cif.gz_C	LOKIASV2_3302_ESMFold_histidine_phosphatase_family_protein	6jkq-assembly1.cif.gz_C Crystal structure of aspartate transcarbamoylase from Trypanosoma cruzi (Ligand-free form)	0.155	101	71	9	109	141	225	8.018E+00	20
LOKIASV2_3302_ESMFold_histidine_phosphatase_family_protein	4l4p-assembly1.cif.gz_A	LOKIASV2_3302_ESMFold_histidine_phosphatase_family_protein	4l4p-assembly1.cif.gz_A the mutant(E139A) structure in complex with xylotriose	0.073	233	207	4	236	104	327	4.189E+00	20
LOKIASV2_3302_ESMFold_histidine_phosphatase_family_protein	3p3w-assembly1.cif.gz_C	LOKIASV2_3302_ESMFold_histidine_phosphatase_family_protein	3p3w-assembly1.cif.gz_C Structure of a dimeric GluA3 N-terminal domain (NTD) at 4.2 A resolution	0.095	115	65	71	185	124	196	7.558E+00	20
LOKIASV2_3302_ESMFold_histidine_phosphatase_family_protein	8goa-assembly1.cif.gz_A	LOKIASV2_3302_ESMFold_histidine_phosphatase_family_protein	8goa-assembly1.cif.gz_A Crystal Structure of Glycerol Dehydrogenase in the absence of NAD+	0.053	89	64	23	111	1	69	9.022E+00	20
LOKIASV2_3302_ESMFold_histidine_phosphatase_family_protein	3n6v-assembly2.cif.gz_C	LOKIASV2_3302_ESMFold_histidine_phosphatase_family_protein	3n6v-assembly2.cif.gz_C Structure of the GluA2 NTD-dimer interface mutant, T78A	0.127	55	43	71	125	119	168	8.018E+00	20
LOKIASV2_3302_ESMFold_histidine_phosphatase_family_protein	3h5w-assembly1.cif.gz_A	LOKIASV2_3302_ESMFold_histidine_phosphatase_family_protein	3h5w-assembly1.cif.gz_A Crystal structure of the GluR2-ATD in space group P212121 without solvent	0.086	112	68	70	181	120	194	7.558E+00	20
LOKIASV2_3302_ESMFold_histidine_phosphatase_family_protein	6c7l-assembly1.cif.gz_A-2	LOKIASV2_3302_ESMFold_histidine_phosphatase_family_protein	6c7l-assembly1.cif.gz_A-2 Structure of Iron containing alcohol dehydrogenase from Thermococcus thioreducens in a tetragonal crystal form	0.053	106	87	60	165	15	107	8.505E+00	20
LOKIASV2_3302_ESMFold_histidine_phosphatase_family_protein	7fjg-assembly1.cif.gz_A	LOKIASV2_3302_ESMFold_histidine_phosphatase_family_protein	7fjg-assembly1.cif.gz_A Crystal structure of butanol dehydrogenase A (YqdH) in complex with partial NADH from Fusobacterium nucleatum	0.105	104	77	22	125	4	90	3.509E+00	20
LOKIASV2_3302_ESMFold_histidine_phosphatase_family_protein	5x2n-assembly1.cif.gz_A	LOKIASV2_3302_ESMFold_histidine_phosphatase_family_protein	5x2n-assembly1.cif.gz_A Crystal structure of the medaka fish taste receptor T1r2a-T1r3 ligand binding domains in complex with L-alanine	0.104	123	94	60	182	164	269	6.717E+00	20
LOKIASV2_3302_ESMFold_histidine_phosphatase_family_protein	5x2q-assembly2.cif.gz_C	LOKIASV2_3302_ESMFold_histidine_phosphatase_family_protein	5x2q-assembly2.cif.gz_C Crystal structure of the medaka fish taste receptor T1r2a-T1r3 ligand binding domains in complex with glycine	0.104	123	94	60	182	164	269	7.125E+00	20
LOKIASV2_3302_ESMFold_histidine_phosphatase_family_protein	3lmk-assembly1.cif.gz_B	LOKIASV2_3302_ESMFold_histidine_phosphatase_family_protein	3lmk-assembly1.cif.gz_B Ligand Binding Domain of Metabotropoc glutamate receptor mGluR5 complexed with glutamate	0.088	116	93	59	174	151	253	9.571E+00	20
LOKIASV2_3302_ESMFold_histidine_phosphatase_family_protein	6ptk-assembly2.cif.gz_D-3	LOKIASV2_3302_ESMFold_histidine_phosphatase_family_protein	6ptk-assembly2.cif.gz_D-3 Crystal structure of the sulfatase PsS1_NC C84A with bound sulfate ion	0.136	165	128	12	176	53	201	1.728E+00	20
LOKIASV2_3302_ESMFold_histidine_phosphatase_family_protein	4bij-assembly1.cif.gz_A	LOKIASV2_3302_ESMFold_histidine_phosphatase_family_protein	4bij-assembly1.cif.gz_A Threading model of T7 large terminase	0.070	160	147	18	176	41	200	2.321E+00	20
LOKIASV2_3302_ESMFold_histidine_phosphatase_family_protein	4bil-assembly1.cif.gz_A	LOKIASV2_3302_ESMFold_histidine_phosphatase_family_protein	4bil-assembly1.cif.gz_A Threading model of the T7 large terminase within the gp8gp19 complex	0.070	160	147	18	176	41	200	1.833E+00	20
LOKIASV2_3302_ESMFold_histidine_phosphatase_family_protein	6lzw-assembly1.cif.gz_A	LOKIASV2_3302_ESMFold_histidine_phosphatase_family_protein	6lzw-assembly1.cif.gz_A W513A mutant of chitin-specific solute binding protein from Vibrio harveyi co-crystalized with chitobiose.	0.107	130	98	54	164	320	449	3.509E+00	20
LOKIASV2_3302_ESMFold_histidine_phosphatase_family_protein	2vob-assembly1.cif.gz_A	LOKIASV2_3302_ESMFold_histidine_phosphatase_family_protein	2vob-assembly1.cif.gz_A TRYPANOTHIONE SYNTHETASE	0.111	181	148	2	169	334	514	1.629E+00	20
LOKIASV2_3302_ESMFold_histidine_phosphatase_family_protein	4uq6-assembly1.cif.gz_B	LOKIASV2_3302_ESMFold_histidine_phosphatase_family_protein	4uq6-assembly1.cif.gz_B Electron density map of GluA2em in complex with LY451646 and glutamate	0.161	60	48	71	130	121	178	8.018E+00	20
LOKIASV2_3302_ESMFold_histidine_phosphatase_family_protein	4uqk-assembly1.cif.gz_C	LOKIASV2_3302_ESMFold_histidine_phosphatase_family_protein	4uqk-assembly1.cif.gz_C Electron density map of GluA2em in complex with quisqualate and LY451646	0.161	60	48	71	130	121	178	8.018E+00	20
LOKIASV2_3302_ESMFold_histidine_phosphatase_family_protein	8hdk-assembly1.cif.gz_A	LOKIASV2_3302_ESMFold_histidine_phosphatase_family_protein	8hdk-assembly1.cif.gz_A Structure of the Rat GluN1-GluN2C NMDA receptor in complex with glycine and glutamate (minor class in symmetry)	0.103	216	141	70	227	137	352	1.078E+00	20
LOKIASV2_3302_ESMFold_histidine_phosphatase_family_protein	4uqj-assembly1.cif.gz_A	LOKIASV2_3302_ESMFold_histidine_phosphatase_family_protein	4uqj-assembly1.cif.gz_A Cryo-EM density map of GluA2em in complex with ZK200775	0.161	60	48	71	130	121	178	8.018E+00	20
LOKIASV2_3302_ESMFold_histidine_phosphatase_family_protein	4u5d-assembly1.cif.gz_C	LOKIASV2_3302_ESMFold_histidine_phosphatase_family_protein	4u5d-assembly1.cif.gz_C Crystal structure of GluA2, con-ikot-ikot snail toxin, partial agonist KA and postitive modulator (R,R)-2b complex	0.142	106	80	69	174	120	213	7.558E+00	20
LOKIASV2_3302_ESMFold_histidine_phosphatase_family_protein	6xsr-assembly1.cif.gz_C	LOKIASV2_3302_ESMFold_histidine_phosphatase_family_protein	6xsr-assembly1.cif.gz_C Crystal structure of GluA2 AMPA receptor in complex with trans-4-butylcyclohexane carboxylic acid (4-BCCA) inhibitor	0.161	67	48	71	137	121	178	9.571E+00	20
LOKIASV2_3302_ESMFold_histidine_phosphatase_family_protein	3kg2-assembly1.cif.gz_D	LOKIASV2_3302_ESMFold_histidine_phosphatase_family_protein	3kg2-assembly1.cif.gz_D AMPA subtype ionotropic glutamate receptor in complex with competitive antagonist ZK 200775	0.161	60	48	71	130	121	178	8.018E+00	20
LOKIASV2_3302_ESMFold_histidine_phosphatase_family_protein	5kbs-assembly1.cif.gz_A	LOKIASV2_3302_ESMFold_histidine_phosphatase_family_protein	5kbs-assembly1.cif.gz_A Cryo-EM structure of GluA2-0xSTZ at 8.7 Angstrom resolution	0.161	60	48	71	130	121	178	8.018E+00	20
LOKIASV2_3302_ESMFold_histidine_phosphatase_family_protein	5kbt-assembly1.cif.gz_A	LOKIASV2_3302_ESMFold_histidine_phosphatase_family_protein	5kbt-assembly1.cif.gz_A Cryo-EM structure of GluA2-1xSTZ complex at 6.4 Angstrom resolution	0.161	60	48	71	130	121	178	8.018E+00	20
LOKIASV2_3302_ESMFold_histidine_phosphatase_family_protein	3gxh-assembly3.cif.gz_B	LOKIASV2_3302_ESMFold_histidine_phosphatase_family_protein	3gxh-assembly3.cif.gz_B Crystal structure of Putative phosphatase (DUF442) (YP_001181608.1) from SHEWANELLA PUTREFACIENS CN-32 at 1.40 A resolution	0.076	153	97	35	187	8	113	6.332E+00	19
LOKIASV2_3302_ESMFold_histidine_phosphatase_family_protein	3rii-assembly3.cif.gz_A	LOKIASV2_3302_ESMFold_histidine_phosphatase_family_protein	3rii-assembly3.cif.gz_A Crystal structure of the catalytic domain of UCHL5, a proteasome-associated human deubiquitinating enzyme, reveals an unproductive form of the enzyme	0.093	43	34	202	240	149	191	8.018E+00	19
LOKIASV2_3302_ESMFold_histidine_phosphatase_family_protein	3out-assembly1.cif.gz_A	LOKIASV2_3302_ESMFold_histidine_phosphatase_family_protein	3out-assembly1.cif.gz_A Crystal structure of glutamate racemase from Francisella tularensis subsp. tularensis SCHU S4 in complex with D-glutamate.	0.104	152	114	60	187	96	247	1.833E+00	19
LOKIASV2_3302_ESMFold_histidine_phosphatase_family_protein	3out-assembly1.cif.gz_B	LOKIASV2_3302_ESMFold_histidine_phosphatase_family_protein	3out-assembly1.cif.gz_B Crystal structure of glutamate racemase from Francisella tularensis subsp. tularensis SCHU S4 in complex with D-glutamate.	0.110	153	113	60	187	96	248	1.833E+00	19
LOKIASV2_3302_ESMFold_histidine_phosphatase_family_protein	5xsj-assembly1.cif.gz_X-2	LOKIASV2_3302_ESMFold_histidine_phosphatase_family_protein	5xsj-assembly1.cif.gz_X-2 XylFII-LytSN complex	0.084	156	136	57	206	113	268	5.627E+00	19
LOKIASV2_3302_ESMFold_histidine_phosphatase_family_protein	7sq0-assembly1.cif.gz_B	LOKIASV2_3302_ESMFold_histidine_phosphatase_family_protein	7sq0-assembly1.cif.gz_B Get3 bound to ADP and the transmembrane domain of the tail-anchored protein Bos1	0.070	162	141	25	186	11	163	4.714E+00	19
LOKIASV2_3302_ESMFold_histidine_phosphatase_family_protein	4z0n-assembly1.cif.gz_A	LOKIASV2_3302_ESMFold_histidine_phosphatase_family_protein	4z0n-assembly1.cif.gz_A Crystal Structure of a Periplasmic Solute binding protein (IPR025997) from Streptobacillus moniliformis DSM-12112 (Smon_0317, TARGET EFI-511281) with bound D-Galactose	0.141	166	127	60	208	132	297	1.016E+00	19
LOKIASV2_3302_ESMFold_histidine_phosphatase_family_protein	1xea-assembly1.cif.gz_D	LOKIASV2_3302_ESMFold_histidine_phosphatase_family_protein	1xea-assembly1.cif.gz_D Crystal structure of a Gfo/Idh/MocA family oxidoreductase from Vibrio cholerae	0.077	205	174	51	240	69	273	9.028E-01	19
LOKIASV2_3302_ESMFold_histidine_phosphatase_family_protein	6yab-assembly3.cif.gz_BBB	LOKIASV2_3302_ESMFold_histidine_phosphatase_family_protein	6yab-assembly3.cif.gz_BBB Crystal structure of PnrA from S. pneumoniae in complex with uridine	0.080	167	109	57	175	126	292	5.627E+00	19
LOKIASV2_3302_ESMFold_histidine_phosphatase_family_protein	1qo0-assembly1.cif.gz_B	LOKIASV2_3302_ESMFold_histidine_phosphatase_family_protein	1qo0-assembly1.cif.gz_B Amide receptor of the amidase operon of Pseudomonas aeruginosa (AmiC) complexed with the negative regulator AmiR.	0.062	126	81	60	185	126	212	8.018E+00	19
LOKIASV2_3302_ESMFold_histidine_phosphatase_family_protein	7jfn-assembly1.cif.gz_A	LOKIASV2_3302_ESMFold_histidine_phosphatase_family_protein	7jfn-assembly1.cif.gz_A Crystal Structure of Leucine-, isoleucine-, valine-, threonine-, and alanine-binding protein from Brucella ovis, closed conformation	0.128	66	53	60	125	138	199	5.969E+00	19
LOKIASV2_3302_ESMFold_histidine_phosphatase_family_protein	4xar-assembly1.cif.gz_A-2	LOKIASV2_3302_ESMFold_histidine_phosphatase_family_protein	4xar-assembly1.cif.gz_A-2 mGluR2 ECD and mGluR3 ECD complex with ligands	0.083	99	82	57	155	151	240	8.018E+00	19
LOKIASV2_3302_ESMFold_histidine_phosphatase_family_protein	2fkm-assembly1.cif.gz_X	LOKIASV2_3302_ESMFold_histidine_phosphatase_family_protein	2fkm-assembly1.cif.gz_X PMM/PGM S108D mutant with alpha-d-glucose 1,6-bisphosphate bound	0.091	126	109	57	177	20	145	8.505E+00	19
LOKIASV2_3302_ESMFold_histidine_phosphatase_family_protein	1m0t-assembly1.cif.gz_A	LOKIASV2_3302_ESMFold_histidine_phosphatase_family_protein	1m0t-assembly1.cif.gz_A Yeast Glutathione Synthase	0.105	56	45	60	110	182	237	9.022E+00	19
LOKIASV2_3302_ESMFold_histidine_phosphatase_family_protein	6hlx-assembly1.cif.gz_A	LOKIASV2_3302_ESMFold_histidine_phosphatase_family_protein	6hlx-assembly1.cif.gz_A Structure of the PBP AgaA in complex with agropinic acid from A.tumefacien R10	0.117	104	88	3	106	256	356	5.627E+00	19
LOKIASV2_3302_ESMFold_histidine_phosphatase_family_protein	7ebm-assembly1.cif.gz_A	LOKIASV2_3302_ESMFold_histidine_phosphatase_family_protein	7ebm-assembly1.cif.gz_A W363A mutant of Chitin-specific solute binding protein from Vibrio harveyi in complex with chitobiose.	0.101	128	97	56	164	329	456	4.189E+00	19
LOKIASV2_3302_ESMFold_histidine_phosphatase_family_protein	6vjm-assembly1.cif.gz_A	LOKIASV2_3302_ESMFold_histidine_phosphatase_family_protein	6vjm-assembly1.cif.gz_A Human metabotropic GABA(B) receptor in its apo state	0.061	104	80	71	174	143	228	8.505E+00	19
LOKIASV2_3302_ESMFold_histidine_phosphatase_family_protein	4u1y-assembly1.cif.gz_D	LOKIASV2_3302_ESMFold_histidine_phosphatase_family_protein	4u1y-assembly1.cif.gz_D Full length GluA2-FW-(R,R)-2b complex	0.132	68	50	71	138	111	169	9.022E+00	19
LOKIASV2_3302_ESMFold_histidine_phosphatase_family_protein	8jd0-assembly1.cif.gz_3	LOKIASV2_3302_ESMFold_histidine_phosphatase_family_protein	8jd0-assembly1.cif.gz_3 Cryo-EM structure of mGlu2-mGlu3 heterodimer in presence of NAM563	0.053	115	96	60	174	151	252	8.018E+00	19
LOKIASV2_3302_ESMFold_histidine_phosphatase_family_protein	8tid-assembly1.cif.gz_L	LOKIASV2_3302_ESMFold_histidine_phosphatase_family_protein	8tid-assembly1.cif.gz_L Combined linker domain of N-DRC and associated proteins Tetrahymena	0.097	130	107	59	178	593	722	1.078E+00	19
LOKIASV2_3302_ESMFold_histidine_phosphatase_family_protein	6k1x-assembly1.cif.gz_A	LOKIASV2_3302_ESMFold_histidine_phosphatase_family_protein	6k1x-assembly1.cif.gz_A Crystal structure of Rhodothermus marinus substrate-binding protein at pH 6.0	0.056	116	94	68	183	16	116	8.018E+00	18
LOKIASV2_3302_ESMFold_histidine_phosphatase_family_protein	1u80-assembly2.cif.gz_C-2	LOKIASV2_3302_ESMFold_histidine_phosphatase_family_protein	1u80-assembly2.cif.gz_C-2 Phosphopantothenoylcysteine synthetase from E. coli, CMP complex	0.241	29	20	212	240	179	206	9.571E+00	18
LOKIASV2_3302_ESMFold_histidine_phosphatase_family_protein	5udt-assembly1.cif.gz_B	LOKIASV2_3302_ESMFold_histidine_phosphatase_family_protein	5udt-assembly1.cif.gz_B LarE, a sulfur transferase involved in synthesis of the cofactor for lactate racemase, in complex with AMP	0.113	166	106	7	172	1	121	5.000E+00	18
LOKIASV2_3302_ESMFold_histidine_phosphatase_family_protein	3egc-assembly3.cif.gz_F	LOKIASV2_3302_ESMFold_histidine_phosphatase_family_protein	3egc-assembly3.cif.gz_F Crystal structure of a putative ribose operon repressor from Burkholderia thailandensis	0.096	149	107	57	175	108	256	3.949E+00	18
LOKIASV2_3302_ESMFold_histidine_phosphatase_family_protein	3lft-assembly2.cif.gz_B	LOKIASV2_3302_ESMFold_histidine_phosphatase_family_protein	3lft-assembly2.cif.gz_B The Crystal Structure of the ABC domain in complex with L-Trp from Streptococcus pneumonia to 1.35A	0.111	122	93	60	181	112	217	9.022E+00	18
LOKIASV2_3302_ESMFold_histidine_phosphatase_family_protein	4p98-assembly1.cif.gz_A	LOKIASV2_3302_ESMFold_histidine_phosphatase_family_protein	4p98-assembly1.cif.gz_A ABC transporter system solute-bindng protein from Conexibacter woesei DSM 14684	0.123	142	99	60	173	112	253	6.332E+00	18
LOKIASV2_3302_ESMFold_histidine_phosphatase_family_protein	4ii7-assembly2.cif.gz_D	LOKIASV2_3302_ESMFold_histidine_phosphatase_family_protein	4ii7-assembly2.cif.gz_D Archaellum Assembly ATPase FlaI	0.088	176	110	1	176	225	346	1.945E+00	18
LOKIASV2_3302_ESMFold_histidine_phosphatase_family_protein	4toz-assembly2.cif.gz_B	LOKIASV2_3302_ESMFold_histidine_phosphatase_family_protein	4toz-assembly2.cif.gz_B MppA Periplasmic Murein Tripeptide Binding Protein, Unliganded Open Form	0.107	104	75	37	140	320	404	5.969E+00	18
LOKIASV2_3302_ESMFold_histidine_phosphatase_family_protein	2e4y-assembly1.cif.gz_A	LOKIASV2_3302_ESMFold_histidine_phosphatase_family_protein	2e4y-assembly1.cif.gz_A Crystal structure of the extracellular region of the group II metabotropic glutamate receptor complexed with 2R,4R-APDC	0.086	106	77	60	165	153	237	8.018E+00	18
LOKIASV2_3302_ESMFold_histidine_phosphatase_family_protein	5k5t-assembly1.cif.gz_A	LOKIASV2_3302_ESMFold_histidine_phosphatase_family_protein	5k5t-assembly1.cif.gz_A Crystal structure of the inactive form of human calcium-sensing receptor extracellular domain	0.067	122	95	60	181	173	275	6.717E+00	18
LOKIASV2_3302_ESMFold_histidine_phosphatase_family_protein	2vob-assembly2.cif.gz_B	LOKIASV2_3302_ESMFold_histidine_phosphatase_family_protein	2vob-assembly2.cif.gz_B TRYPANOTHIONE SYNTHETASE	0.111	176	144	7	169	330	505	2.612E+00	18
LOKIASV2_3302_ESMFold_histidine_phosphatase_family_protein	6xsr-assembly1.cif.gz_A	LOKIASV2_3302_ESMFold_histidine_phosphatase_family_protein	6xsr-assembly1.cif.gz_A Crystal structure of GluA2 AMPA receptor in complex with trans-4-butylcyclohexane carboxylic acid (4-BCCA) inhibitor	0.127	103	79	72	174	123	213	8.505E+00	18
LOKIASV2_3302_ESMFold_histidine_phosphatase_family_protein	6mmh-assembly1.cif.gz_C	LOKIASV2_3302_ESMFold_histidine_phosphatase_family_protein	6mmh-assembly1.cif.gz_C Diheteromeric NMDA receptor GluN1/GluN2A in the 'Extended-2' conformation, in complex with glycine and glutamate, in the presence of 1 millimolar zinc chloride, and at pH 7.4	0.127	110	83	69	178	134	229	8.505E+00	18
LOKIASV2_3302_ESMFold_histidine_phosphatase_family_protein	4qqw-assembly6.cif.gz_G	LOKIASV2_3302_ESMFold_histidine_phosphatase_family_protein	4qqw-assembly6.cif.gz_G Crystal structure of T. fusca Cas3	0.117	231	187	13	225	271	501	2.940E+00	18
LOKIASV2_3302_ESMFold_histidine_phosphatase_family_protein	4qqz-assembly5.cif.gz_A	LOKIASV2_3302_ESMFold_histidine_phosphatase_family_protein	4qqz-assembly5.cif.gz_A Crystal structure of T. fusca Cas3-AMPPNP	0.124	236	186	13	225	271	506	2.463E+00	18
LOKIASV2_3302_ESMFold_histidine_phosphatase_family_protein	5xmb-assembly2.cif.gz_C	LOKIASV2_3302_ESMFold_histidine_phosphatase_family_protein	5xmb-assembly2.cif.gz_C Mycobacterium tuberculosis Pantothenate kinase mutant F247A	0.090	119	102	66	178	56	174	3.308E+00	17
LOKIASV2_3302_ESMFold_histidine_phosphatase_family_protein	6pb3-assembly1.cif.gz_A	LOKIASV2_3302_ESMFold_histidine_phosphatase_family_protein	6pb3-assembly1.cif.gz_A Structure of Rhizobiales Trip13	0.068	109	91	69	177	64	162	1.945E+00	17
LOKIASV2_3302_ESMFold_histidine_phosphatase_family_protein	4ru1-assembly9.cif.gz_I	LOKIASV2_3302_ESMFold_histidine_phosphatase_family_protein	4ru1-assembly9.cif.gz_I Crystal structure of carbohydrate transporter ACEI_1806 from Acidothermus cellulolyticus 11B, TARGET EFI-510965, in complex with myo-inositol	0.103	178	157	57	234	110	285	2.771E+00	17
LOKIASV2_3302_ESMFold_histidine_phosphatase_family_protein	5dkv-assembly4.cif.gz_D	LOKIASV2_3302_ESMFold_histidine_phosphatase_family_protein	5dkv-assembly4.cif.gz_D Crystal Structure of an ABC transporter Solute Binding Protein from Agrobacterium vitis(Avis_5339, TARGET EFI-511225) bound with alpha-D-Tagatopyranose	0.076	133	117	60	187	126	258	3.308E+00	17
LOKIASV2_3302_ESMFold_histidine_phosphatase_family_protein	3d02-assembly1.cif.gz_A	LOKIASV2_3302_ESMFold_histidine_phosphatase_family_protein	3d02-assembly1.cif.gz_A Crystal structure of periplasmic sugar-binding protein (YP_001338366.1) from Klebsiella pneumoniae subsp. pneumoniae MGH 78578 at 1.30 A resolution	0.078	128	87	60	187	110	204	6.717E+00	17
LOKIASV2_3302_ESMFold_histidine_phosphatase_family_protein	5xlw-assembly1.cif.gz_A	LOKIASV2_3302_ESMFold_histidine_phosphatase_family_protein	5xlw-assembly1.cif.gz_A Mycobacterium tuberculosis Pantothenate kinase mutant F247A/F254A	0.101	118	100	67	178	81	198	3.949E+00	17
LOKIASV2_3302_ESMFold_histidine_phosphatase_family_protein	2fqy-assembly1.cif.gz_A	LOKIASV2_3302_ESMFold_histidine_phosphatase_family_protein	2fqy-assembly1.cif.gz_A PnrA from Treponema pallidum complexed with adenosine.	0.080	154	107	59	175	117	270	3.722E+00	17
LOKIASV2_3302_ESMFold_histidine_phosphatase_family_protein	3a9c-assembly1.cif.gz_B	LOKIASV2_3302_ESMFold_histidine_phosphatase_family_protein	3a9c-assembly1.cif.gz_B Crystal structure of ribose-1,5-bisphosphate isomerase from Thermococcus kodakaraensis KOD1 in complex with ribulose-1,5-bisphosphate	0.103	126	68	60	185	121	197	6.332E+00	17
LOKIASV2_3302_ESMFold_histidine_phosphatase_family_protein	4rzs-assembly1.cif.gz_A	LOKIASV2_3302_ESMFold_histidine_phosphatase_family_protein	4rzs-assembly1.cif.gz_A Lac repressor engineered to bind sucralose, unliganded tetramer	0.091	137	88	57	193	156	253	9.022E+00	17
LOKIASV2_3302_ESMFold_histidine_phosphatase_family_protein	6ptr-assembly1.cif.gz_B	LOKIASV2_3302_ESMFold_histidine_phosphatase_family_protein	6ptr-assembly1.cif.gz_B Crystal structure of a DnaN sliding clamp (DNA polymerase III subunit beta) from Bartonella birtlesii bound to griselimycin	0.200	30	21	202	228	85	114	7.558E+00	17
LOKIASV2_3302_ESMFold_histidine_phosphatase_family_protein	1vlj-assembly1.cif.gz_A	LOKIASV2_3302_ESMFold_histidine_phosphatase_family_protein	1vlj-assembly1.cif.gz_A Crystal structure of NADH-dependent butanol dehydrogenase A (TM0820) from Thermotoga maritima at 1.78 A resolution	0.067	151	103	71	181	35	185	3.509E+00	17
LOKIASV2_3302_ESMFold_histidine_phosphatase_family_protein	6sci-assembly1.cif.gz_A	LOKIASV2_3302_ESMFold_histidine_phosphatase_family_protein	6sci-assembly1.cif.gz_A Structure of AdhE form 1	0.091	117	95	71	176	30	146	6.717E+00	17
LOKIASV2_3302_ESMFold_histidine_phosphatase_family_protein	8fs5-assembly1.cif.gz_A	LOKIASV2_3302_ESMFold_histidine_phosphatase_family_protein	8fs5-assembly1.cif.gz_A Structure of S. cerevisiae Rad24-RFC loading the 9-1-1 clamp onto a 10-nt gapped DNA in step 3 (open 9-1-1 and stably bound chamber DNA)	0.122	141	119	41	176	9	149	4.443E+00	17
LOKIASV2_3302_ESMFold_histidine_phosphatase_family_protein	3kak-assembly1.cif.gz_A	LOKIASV2_3302_ESMFold_histidine_phosphatase_family_protein	3kak-assembly1.cif.gz_A Structure of homoglutathione synthetase from Glycine max in open conformation with gamma-glutamyl-cysteine bound.	0.092	158	105	3	119	91	248	5.000E+00	17
LOKIASV2_3302_ESMFold_histidine_phosphatase_family_protein	3kal-assembly1.cif.gz_A	LOKIASV2_3302_ESMFold_histidine_phosphatase_family_protein	3kal-assembly1.cif.gz_A Structure of homoglutathione synthetase from Glycine max in closed conformation with homoglutathione, ADP, a sulfate ion, and three magnesium ions bound	0.097	159	104	4	119	98	256	3.722E+00	17
LOKIASV2_3302_ESMFold_histidine_phosphatase_family_protein	6ptk-assembly1.cif.gz_A	LOKIASV2_3302_ESMFold_histidine_phosphatase_family_protein	6ptk-assembly1.cif.gz_A Crystal structure of the sulfatase PsS1_NC C84A with bound sulfate ion	0.083	176	146	17	176	26	201	3.509E+00	17
LOKIASV2_3302_ESMFold_histidine_phosphatase_family_protein	4ii7-assembly2.cif.gz_C	LOKIASV2_3302_ESMFold_histidine_phosphatase_family_protein	4ii7-assembly2.cif.gz_C Archaellum Assembly ATPase FlaI	0.080	179	121	8	186	238	369	2.940E+00	17
LOKIASV2_3302_ESMFold_histidine_phosphatase_family_protein	7cum-assembly1.cif.gz_A	LOKIASV2_3302_ESMFold_histidine_phosphatase_family_protein	7cum-assembly1.cif.gz_A Cryo-EM structure of human GABA(B) receptor bound to the antagonist CGP54626	0.093	255	144	69	228	140	394	2.612E+00	17
LOKIASV2_3302_ESMFold_histidine_phosphatase_family_protein	5mqf-assembly1.cif.gz_U	LOKIASV2_3302_ESMFold_histidine_phosphatase_family_protein	5mqf-assembly1.cif.gz_U Cryo-EM structure of a human spliceosome activated for step 2 of splicing (C* complex)	0.063	164	135	22	185	1121	1265	7.125E+00	17
LOKIASV2_3302_ESMFold_histidine_phosphatase_family_protein	2mwn-assembly1.cif.gz_B	LOKIASV2_3302_ESMFold_histidine_phosphatase_family_protein	2mwn-assembly1.cif.gz_B Talin-F3 / RIAM N-terminal Peptide complex	0.037	27	25	199	225	16	42	9.022E+00	16
LOKIASV2_3302_ESMFold_histidine_phosphatase_family_protein	4rk0-assembly1.cif.gz_B	LOKIASV2_3302_ESMFold_histidine_phosphatase_family_protein	4rk0-assembly1.cif.gz_B Crystal structure of LacI family transcriptional regulator from Enterococcus faecalis V583, Target EFI-512923, with bound ribose	0.112	69	55	60	128	109	171	9.571E+00	16
LOKIASV2_3302_ESMFold_histidine_phosphatase_family_protein	3qij-assembly1.cif.gz_A	LOKIASV2_3302_ESMFold_histidine_phosphatase_family_protein	3qij-assembly1.cif.gz_A Primitive-monoclinic crystal structure of the FERM domain of protein 4.1R	0.045	66	35	203	240	199	264	8.505E+00	16
LOKIASV2_3302_ESMFold_histidine_phosphatase_family_protein	6p8v-assembly1.cif.gz_A	LOKIASV2_3302_ESMFold_histidine_phosphatase_family_protein	6p8v-assembly1.cif.gz_A Structure of E. coli MS115-1 HORMA:CdnC:Trip13 complex	0.091	135	107	62	180	64	198	6.332E+00	16
LOKIASV2_3302_ESMFold_histidine_phosphatase_family_protein	7x0r-assembly1.cif.gz_A	LOKIASV2_3302_ESMFold_histidine_phosphatase_family_protein	7x0r-assembly1.cif.gz_A Crystal structure of substrate binding protein Lbp complexed wtih guanosine from Clostridium thermocellum	0.097	184	163	57	240	107	288	6.332E+00	16
LOKIASV2_3302_ESMFold_histidine_phosphatase_family_protein	3a11-assembly1.cif.gz_B	LOKIASV2_3302_ESMFold_histidine_phosphatase_family_protein	3a11-assembly1.cif.gz_B Crystal structure of ribose-1,5-bisphosphate isomerase from Thermococcus kodakaraensis KOD1	0.134	126	66	60	185	119	195	8.505E+00	16
LOKIASV2_3302_ESMFold_histidine_phosphatase_family_protein	3sg0-assembly1.cif.gz_A	LOKIASV2_3302_ESMFold_histidine_phosphatase_family_protein	3sg0-assembly1.cif.gz_A The crystal structure of an extracellular ligand-binding receptor from Rhodopseudomonas palustris HaA2	0.064	137	99	47	183	100	206	7.125E+00	16
LOKIASV2_3302_ESMFold_histidine_phosphatase_family_protein	1ta9-assembly1.cif.gz_B	LOKIASV2_3302_ESMFold_histidine_phosphatase_family_protein	1ta9-assembly1.cif.gz_B Crystal structure of glycerol dehydrogenase from Schizosaccharomyces pombe	0.091	147	115	60	187	26	172	2.940E+00	16
LOKIASV2_3302_ESMFold_histidine_phosphatase_family_protein	7jpq-assembly1.cif.gz_D	LOKIASV2_3302_ESMFold_histidine_phosphatase_family_protein	7jpq-assembly1.cif.gz_D ORC-O2-5: Human Origin Recognition Complex (ORC) with subunits 2,3,4,5	0.128	150	107	60	183	27	176	5.627E+00	16
LOKIASV2_3302_ESMFold_histidine_phosphatase_family_protein	5yvr-assembly1.cif.gz_A-2	LOKIASV2_3302_ESMFold_histidine_phosphatase_family_protein	5yvr-assembly1.cif.gz_A-2 Crystal Structure of the H277A mutant of ADH/D1, an archaeal halo-thermophilic Red Sea brine pool alcohol dehydrogenase	0.114	147	102	23	169	6	121	5.627E+00	16
LOKIASV2_3302_ESMFold_histidine_phosphatase_family_protein	5oaf-assembly1.cif.gz_B	LOKIASV2_3302_ESMFold_histidine_phosphatase_family_protein	5oaf-assembly1.cif.gz_B Human Rvb1/Rvb2 heterohexamer in INO80 complex	0.084	67	54	35	94	13	79	8.505E+00	16
LOKIASV2_3302_ESMFold_histidine_phosphatase_family_protein	4ihq-assembly1.cif.gz_A	LOKIASV2_3302_ESMFold_histidine_phosphatase_family_protein	4ihq-assembly1.cif.gz_A Archaellum Assembly ATPase FlaI bound to ADP	0.070	175	122	2	176	229	360	4.443E+00	16
LOKIASV2_3302_ESMFold_histidine_phosphatase_family_protein	5yqw-assembly1.cif.gz_A	LOKIASV2_3302_ESMFold_histidine_phosphatase_family_protein	5yqw-assembly1.cif.gz_A Structure and function of a novel periplasmic chitooligosaccharide-binding protein from marine Vibrio bacteria	0.108	117	97	54	170	327	436	6.332E+00	16
LOKIASV2_3302_ESMFold_histidine_phosphatase_family_protein	6w2y-assembly1.cif.gz_B	LOKIASV2_3302_ESMFold_histidine_phosphatase_family_protein	6w2y-assembly1.cif.gz_B CryoEM Structure of GABAB1b Homodimer	0.071	236	141	71	223	141	376	2.771E+00	16
LOKIASV2_3302_ESMFold_histidine_phosphatase_family_protein	4u1y-assembly1.cif.gz_A	LOKIASV2_3302_ESMFold_histidine_phosphatase_family_protein	4u1y-assembly1.cif.gz_A Full length GluA2-FW-(R,R)-2b complex	0.097	229	146	60	222	110	338	2.321E+00	16
LOKIASV2_3302_ESMFold_histidine_phosphatase_family_protein	5jlh-assembly1.cif.gz_G	LOKIASV2_3302_ESMFold_histidine_phosphatase_family_protein	5jlh-assembly1.cif.gz_G Cryo-EM structure of a human cytoplasmic actomyosin complex at near-atomic resolution	0.111	86	69	32	110	94	179	5.000E+00	16
LOKIASV2_3302_ESMFold_histidine_phosphatase_family_protein	8glv-assembly1.cif.gz_Ea	LOKIASV2_3302_ESMFold_histidine_phosphatase_family_protein	8glv-assembly1.cif.gz_Ea 96-nm repeat unit of doublet microtubules from Chlamydomonas reinhardtii flagella	0.109	152	129	56	201	556	707	3.308E+00	16
LOKIASV2_3302_ESMFold_histidine_phosphatase_family_protein	4qqx-assembly5.cif.gz_C	LOKIASV2_3302_ESMFold_histidine_phosphatase_family_protein	4qqx-assembly5.cif.gz_C Crystal structure of T. fusca Cas3-ATP	0.115	224	184	26	234	283	506	2.771E+00	16
LOKIASV2_3302_ESMFold_histidine_phosphatase_family_protein	7x2y-assembly1.cif.gz_A	LOKIASV2_3302_ESMFold_histidine_phosphatase_family_protein	7x2y-assembly1.cif.gz_A Crystal Structure of cis-4,5-dihydrodiol phthalate dehydrogenase in complex with NAD+ and 3-Hydroxybenzoate	0.095	233	167	57	241	78	310	2.771E+00	15
LOKIASV2_3302_ESMFold_histidine_phosphatase_family_protein	3hsy-assembly1.cif.gz_A	LOKIASV2_3302_ESMFold_histidine_phosphatase_family_protein	3hsy-assembly1.cif.gz_A High resolution structure of a dimeric GluR2 N-terminal domain (NTD)	0.074	232	151	60	223	110	341	3.949E+00	15
LOKIASV2_3302_ESMFold_histidine_phosphatase_family_protein	3o2j-assembly1.cif.gz_A	LOKIASV2_3302_ESMFold_histidine_phosphatase_family_protein	3o2j-assembly1.cif.gz_A Structure of the GluA2 NTD-dimer interface mutant, N54A	0.093	149	83	71	162	121	269	5.969E+00	15
LOKIASV2_3302_ESMFold_histidine_phosphatase_family_protein	6igm-assembly1.cif.gz_F	LOKIASV2_3302_ESMFold_histidine_phosphatase_family_protein	6igm-assembly1.cif.gz_F Cryo-EM Structure of Human SRCAP Complex	0.097	69	54	34	94	10	78	9.571E+00	15
LOKIASV2_3302_ESMFold_histidine_phosphatase_family_protein	5yvm-assembly1.cif.gz_A	LOKIASV2_3302_ESMFold_histidine_phosphatase_family_protein	5yvm-assembly1.cif.gz_A Crystal Structure of the archaeal halo-thermophilic Red Sea brine pool alcohol dehydrogenase ADH/D1 bound to NZQ	0.114	147	102	23	169	6	121	7.125E+00	15
LOKIASV2_3302_ESMFold_histidine_phosphatase_family_protein	6b0j-assembly1.cif.gz_B	LOKIASV2_3302_ESMFold_histidine_phosphatase_family_protein	6b0j-assembly1.cif.gz_B Crystal structure of Ps i-CgsB in complex with k-i-k-neocarrahexaose	0.060	178	150	16	176	26	203	5.304E+00	15
LOKIASV2_3302_ESMFold_histidine_phosphatase_family_protein	5yyb-assembly2.cif.gz_B	LOKIASV2_3302_ESMFold_histidine_phosphatase_family_protein	5yyb-assembly2.cif.gz_B Crystal structure of Sialic acid Binding protein from Haemophilus ducreyi with Neu5Gc	0.078	167	140	12	164	256	422	8.018E+00	15
LOKIASV2_3302_ESMFold_histidine_phosphatase_family_protein	3a9r-assembly1.cif.gz_A	LOKIASV2_3302_ESMFold_histidine_phosphatase_family_protein	3a9r-assembly1.cif.gz_A X-ray Structures of Bacillus pallidus D-Arabinose IsomeraseComplex with (4R)-2-METHYLPENTANE-2,4-DIOL	0.091	279	182	39	239	154	432	3.722E+00	15
LOKIASV2_3302_ESMFold_histidine_phosphatase_family_protein	8j07-assembly1.cif.gz_11	LOKIASV2_3302_ESMFold_histidine_phosphatase_family_protein	8j07-assembly1.cif.gz_11 96nm repeat of human respiratory doublet microtubule and associated axonemal complexes	0.087	142	120	56	187	358	499	1.728E+00	15
LOKIASV2_3302_ESMFold_histidine_phosphatase_family_protein	5jul-assembly1.cif.gz_A	LOKIASV2_3302_ESMFold_histidine_phosphatase_family_protein	5jul-assembly1.cif.gz_A Near atomic structure of the Dark apoptosome	0.074	137	106	60	175	123	259	4.443E+00	15
LOKIASV2_3302_ESMFold_histidine_phosphatase_family_protein	3lkv-assembly1.cif.gz_A-2	LOKIASV2_3302_ESMFold_histidine_phosphatase_family_protein	3lkv-assembly1.cif.gz_A-2 Crystal structure of conserved domain protein from vibrio cholerae o1 biovar eltor str. n16961	0.097	130	94	72	176	136	265	9.571E+00	14
LOKIASV2_3302_ESMFold_histidine_phosphatase_family_protein	3hgu-assembly1.cif.gz_B	LOKIASV2_3302_ESMFold_histidine_phosphatase_family_protein	3hgu-assembly1.cif.gz_B Structure of Phenazine Antibiotic Biosynthesis Protein	0.120	97	55	68	164	122	185	8.018E+00	14
LOKIASV2_3302_ESMFold_histidine_phosphatase_family_protein	3kal-assembly1.cif.gz_B	LOKIASV2_3302_ESMFold_histidine_phosphatase_family_protein	3kal-assembly1.cif.gz_B Structure of homoglutathione synthetase from Glycine max in closed conformation with homoglutathione, ADP, a sulfate ion, and three magnesium ions bound	0.080	159	106	4	119	98	256	7.558E+00	14
LOKIASV2_3302_ESMFold_histidine_phosphatase_family_protein	6o04-assembly1.cif.gz_C	LOKIASV2_3302_ESMFold_histidine_phosphatase_family_protein	6o04-assembly1.cif.gz_C M.tb MenD IntII bound with Inhibitor	0.112	209	155	10	184	320	528	2.940E+00	14
LOKIASV2_3302_ESMFold_histidine_phosphatase_family_protein	4gyj-assembly1.cif.gz_A	LOKIASV2_3302_ESMFold_histidine_phosphatase_family_protein	4gyj-assembly1.cif.gz_A Crystal structure of mutant (D318N) bacillus subtilis family 3 glycoside hydrolase (nagz) in complex with glcnac-murnac (space group P1)	0.097	186	162	55	240	402	581	8.505E+00	14
LOKIASV2_3302_ESMFold_histidine_phosphatase_family_protein	5lcc-assembly2.cif.gz_B	LOKIASV2_3302_ESMFold_histidine_phosphatase_family_protein	5lcc-assembly2.cif.gz_B Oceanobacillus iheyensis macrodomain mutant D40A	0.083	158	109	68	187	23	180	8.018E+00	13
LOKIASV2_3302_ESMFold_histidine_phosphatase_family_protein	2a30-assembly2.cif.gz_C	LOKIASV2_3302_ESMFold_histidine_phosphatase_family_protein	2a30-assembly2.cif.gz_C Crystal structure of human deoxycytidine kinase in complex with deoxycytidine	0.124	132	85	56	187	14	111	8.505E+00	13
LOKIASV2_3302_ESMFold_histidine_phosphatase_family_protein	8d57-assembly1.cif.gz_C	LOKIASV2_3302_ESMFold_histidine_phosphatase_family_protein	8d57-assembly1.cif.gz_C Crystal Structure of dihydrodipicolinate reductase from Acinetobacter baumannii	0.068	229	110	9	237	128	246	6.717E+00	13
LOKIASV2_3302_ESMFold_histidine_phosphatase_family_protein	6p8v-assembly1.cif.gz_F	LOKIASV2_3302_ESMFold_histidine_phosphatase_family_protein	6p8v-assembly1.cif.gz_F Structure of E. coli MS115-1 HORMA:CdnC:Trip13 complex	0.107	116	95	62	177	61	167	5.969E+00	13
LOKIASV2_3302_ESMFold_histidine_phosphatase_family_protein	2iks-assembly1.cif.gz_B	LOKIASV2_3302_ESMFold_histidine_phosphatase_family_protein	2iks-assembly1.cif.gz_B Crystal structure of N-terminal truncated DNA-binding transcriptional dual regulator from Escherichia coli K12	0.142	153	100	57	174	108	260	5.627E+00	13
LOKIASV2_3302_ESMFold_histidine_phosphatase_family_protein	3il6-assembly1.cif.gz_A-2	LOKIASV2_3302_ESMFold_histidine_phosphatase_family_protein	3il6-assembly1.cif.gz_A-2 Structure of E. faecalis FabH in complex with 2-({4-[(3R,5S)-3,5-dimethylpiperidin-1-yl]-3-phenoxybenzoyl}amino)benzoic acid	0.109	128	98	30	140	3	130	9.022E+00	13
LOKIASV2_3302_ESMFold_histidine_phosphatase_family_protein	1jpu-assembly1.cif.gz_A	LOKIASV2_3302_ESMFold_histidine_phosphatase_family_protein	1jpu-assembly1.cif.gz_A Crystal Structure of Bacillus Stearothermophilus Glycerol Dehydrogenase	0.068	160	143	23	182	1	154	8.018E+00	13
LOKIASV2_3302_ESMFold_histidine_phosphatase_family_protein	1nve-assembly2.cif.gz_D	LOKIASV2_3302_ESMFold_histidine_phosphatase_family_protein	1nve-assembly2.cif.gz_D Crystal structure of 3-dehydroquinate synthase (DHQS) in complex with ZN2+ and NAD	0.111	146	100	70	182	34	179	6.332E+00	13
LOKIASV2_3302_ESMFold_histidine_phosphatase_family_protein	6dqu-assembly1.cif.gz_A	LOKIASV2_3302_ESMFold_histidine_phosphatase_family_protein	6dqu-assembly1.cif.gz_A Crystal structure of Haemophilus influenzae OppA complex with GIINTL	0.080	144	127	2	145	271	409	6.717E+00	13
LOKIASV2_3302_ESMFold_histidine_phosphatase_family_protein	8c81-assembly1.cif.gz_E	LOKIASV2_3302_ESMFold_histidine_phosphatase_family_protein	8c81-assembly1.cif.gz_E Cryo-EM structure of the yeast SPT-Orm1-Sac1 complex	0.087	166	149	36	199	260	425	9.571E+00	13
LOKIASV2_3302_ESMFold_histidine_phosphatase_family_protein	4pe5-assembly1.cif.gz_C	LOKIASV2_3302_ESMFold_histidine_phosphatase_family_protein	4pe5-assembly1.cif.gz_C Crystal Structure of GluN1a/GluN2B NMDA Receptor Ion Channel	0.086	226	151	60	225	117	342	5.969E+00	13
LOKIASV2_3302_ESMFold_histidine_phosphatase_family_protein	3j9l-assembly1.cif.gz_A	LOKIASV2_3302_ESMFold_histidine_phosphatase_family_protein	3j9l-assembly1.cif.gz_A Structure of Dark apoptosome from Drosophila melanogaster	0.085	173	155	5	177	89	258	8.018E+00	13
LOKIASV2_3302_ESMFold_histidine_phosphatase_family_protein	3j9l-assembly1.cif.gz_Q	LOKIASV2_3302_ESMFold_histidine_phosphatase_family_protein	3j9l-assembly1.cif.gz_Q Structure of Dark apoptosome from Drosophila melanogaster	0.085	173	155	5	177	89	258	8.018E+00	13
LOKIASV2_3302_ESMFold_histidine_phosphatase_family_protein	7jk6-assembly1.cif.gz_D	LOKIASV2_3302_ESMFold_histidine_phosphatase_family_protein	7jk6-assembly1.cif.gz_D Structure of Drosophila ORC in the active conformation	0.055	195	182	11	204	8	202	4.189E+00	12
LOKIASV2_3302_ESMFold_histidine_phosphatase_family_protein	6ofq-assembly1.cif.gz_A	LOKIASV2_3302_ESMFold_histidine_phosphatase_family_protein	6ofq-assembly1.cif.gz_A ABC transporter-associated periplasmic binding protein DppA from Helicobacter pylori in complex with peptide STSA	0.096	103	92	6	108	285	387	8.505E+00	12
LOKIASV2_3302_ESMFold_histidine_phosphatase_family_protein	5ess-assembly1.cif.gz_C	LOKIASV2_3302_ESMFold_histidine_phosphatase_family_protein	5ess-assembly1.cif.gz_C Crystal Structure of M. tuberculosis MenD bound to Mg2+ and covalent intermediate I (a ThDP and decarboxylated 2-oxoglutarate adduct)	0.125	188	109	60	185	348	535	5.969E+00	12
LOKIASV2_3302_ESMFold_histidine_phosphatase_family_protein	5d6j-assembly1.cif.gz_A	LOKIASV2_3302_ESMFold_histidine_phosphatase_family_protein	5d6j-assembly1.cif.gz_A Crystal structure of a mycobacterial protein	0.095	238	153	12	181	20	257	2.940E+00	12
LOKIASV2_3302_ESMFold_histidine_phosphatase_family_protein	7upt-assembly1.cif.gz_D	LOKIASV2_3302_ESMFold_histidine_phosphatase_family_protein	7upt-assembly1.cif.gz_D Human mitochondrial AAA protein ATAD1 (with a catalytic dead mutation) in complex with a peptide substrate (open conformation)	0.124	117	98	65	177	77	193	5.627E+00	11
LOKIASV2_3302_ESMFold_histidine_phosphatase_family_protein	3uuw-assembly1.cif.gz_D	LOKIASV2_3302_ESMFold_histidine_phosphatase_family_protein	3uuw-assembly1.cif.gz_D 1.63 Angstrom Resolution Crystal Structure of Dehydrogenase (MviM) from Clostridium difficile.	0.061	193	169	60	240	75	267	7.558E+00	11
LOKIASV2_3302_ESMFold_histidine_phosphatase_family_protein	6w08-assembly1.cif.gz_A	LOKIASV2_3302_ESMFold_histidine_phosphatase_family_protein	6w08-assembly1.cif.gz_A Crystal Structure of Motility Associated Killing Factor E from Vibrio cholerae	0.101	182	156	3	177	167	348	8.018E+00	11
LOKIASV2_3302_ESMFold_histidine_phosphatase_family_protein	1jqa-assembly1.cif.gz_A	LOKIASV2_3302_ESMFold_histidine_phosphatase_family_protein	1jqa-assembly1.cif.gz_A Bacillus stearothermophilus glycerol dehydrogenase complex with glycerol	0.094	159	139	23	181	1	154	9.571E+00	11
LOKIASV2_3302_ESMFold_histidine_phosphatase_family_protein	7jgr-assembly1.cif.gz_D	LOKIASV2_3302_ESMFold_histidine_phosphatase_family_protein	7jgr-assembly1.cif.gz_D Structure of Drosophila ORC bound to DNA (84 bp) and Cdc6	0.054	181	161	7	177	1	181	5.304E+00	11
LOKIASV2_3302_ESMFold_histidine_phosphatase_family_protein	5icr-assembly3.cif.gz_C	LOKIASV2_3302_ESMFold_histidine_phosphatase_family_protein	5icr-assembly3.cif.gz_C 2.25 Angstrom Resolution Crystal Structure of Fatty-Acid-CoA Ligase (FadD32) from Mycobacterium smegmatis in complex with Inhibitor 5'-O-[(11-phenoxyundecanoyl)sulfamoyl]adenosine.	0.102	237	163	1	182	12	248	4.189E+00	11
LOKIASV2_3302_ESMFold_histidine_phosphatase_family_protein	7yfi-assembly1.cif.gz_A	LOKIASV2_3302_ESMFold_histidine_phosphatase_family_protein	7yfi-assembly1.cif.gz_A Structure of the Rat tri-heteromeric GluN1-GluN2A-GluN2C NMDA receptor in complex with glycine and glutamate	0.097	217	141	69	225	134	350	6.717E+00	11
LOKIASV2_3302_ESMFold_histidine_phosphatase_family_protein	7eor-assembly1.cif.gz_D	LOKIASV2_3302_ESMFold_histidine_phosphatase_family_protein	7eor-assembly1.cif.gz_D Structure of the human GluN1/GluN2A NMDA receptor in the glycine/glutamate/GNE-6901 bound state	0.100	215	139	71	225	134	348	7.558E+00	11
LOKIASV2_3302_ESMFold_histidine_phosphatase_family_protein	7qen-assembly1.cif.gz_A	LOKIASV2_3302_ESMFold_histidine_phosphatase_family_protein	7qen-assembly1.cif.gz_A S.c. Condensin core in DNA- and ATP-bound state	0.112	77	44	149	225	415	464	9.571E+00	10
LOKIASV2_3302_ESMFold_histidine_phosphatase_family_protein	7eoq-assembly1.cif.gz_B	LOKIASV2_3302_ESMFold_histidine_phosphatase_family_protein	7eoq-assembly1.cif.gz_B Structure of the human GluN1/GluN2A NMDA receptor in the glycine/CPP bound state	0.096	214	140	70	225	137	350	8.018E+00	10
