query	target	qheader	theader	fident	alnlen	mismatch	qstart	qend	tstart	tend	evalue	bits
LOKIASV2_3536_ESMFold_glutamate-1-semialdehyde_2-1-aminomutase	5i92-assembly2.cif.gz_D	LOKIASV2_3536_ESMFold_glutamate-1-semialdehyde_2-1-aminomutase	5i92-assembly2.cif.gz_D Crystal structure of Glutamate-1-semialdehyde 2,1- aminomutase (GSA) from Pseudomonas aeruginosa	0.299	433	294	43	475	3	422	4.862E-33	1175
LOKIASV2_3536_ESMFold_glutamate-1-semialdehyde_2-1-aminomutase	2hoz-assembly1.cif.gz_B	LOKIASV2_3536_ESMFold_glutamate-1-semialdehyde_2-1-aminomutase	2hoz-assembly1.cif.gz_B Inter-subunit signaling in GSAM	0.307	434	287	41	474	3	417	7.828E-31	1147
LOKIASV2_3536_ESMFold_glutamate-1-semialdehyde_2-1-aminomutase	2hp1-assembly1.cif.gz_A	LOKIASV2_3536_ESMFold_glutamate-1-semialdehyde_2-1-aminomutase	2hp1-assembly1.cif.gz_A Inter-subunit signaling in GSAM	0.299	434	295	41	474	3	424	1.778E-31	1146
LOKIASV2_3536_ESMFold_glutamate-1-semialdehyde_2-1-aminomutase	6w80-assembly1.cif.gz_A-2	LOKIASV2_3536_ESMFold_glutamate-1-semialdehyde_2-1-aminomutase	6w80-assembly1.cif.gz_A-2 Crystal structure of Glutamate-1-semialdehyde 2,1-aminomutase from Stenotrophomonas maltophilia K279a in complex with PLP	0.270	440	310	38	477	5	429	1.047E-31	1140
LOKIASV2_3536_ESMFold_glutamate-1-semialdehyde_2-1-aminomutase	3k28-assembly2.cif.gz_D	LOKIASV2_3536_ESMFold_glutamate-1-semialdehyde_2-1-aminomutase	3k28-assembly2.cif.gz_D Crystal Structure of a glutamate-1-semialdehyde aminotransferase from Bacillus anthracis with bound Pyridoxal 5'Phosphate	0.287	437	296	41	477	4	419	5.126E-31	1128
LOKIASV2_3536_ESMFold_glutamate-1-semialdehyde_2-1-aminomutase	5i92-assembly3.cif.gz_E	LOKIASV2_3536_ESMFold_glutamate-1-semialdehyde_2-1-aminomutase	5i92-assembly3.cif.gz_E Crystal structure of Glutamate-1-semialdehyde 2,1- aminomutase (GSA) from Pseudomonas aeruginosa	0.302	433	291	43	475	3	420	9.934E-32	1125
LOKIASV2_3536_ESMFold_glutamate-1-semialdehyde_2-1-aminomutase	3fq8-assembly1.cif.gz_B	LOKIASV2_3536_ESMFold_glutamate-1-semialdehyde_2-1-aminomutase	3fq8-assembly1.cif.gz_B M248I mutant of GSAM	0.308	434	291	41	474	3	424	1.075E-30	1125
LOKIASV2_3536_ESMFold_glutamate-1-semialdehyde_2-1-aminomutase	4gsa-assembly1.cif.gz_A	LOKIASV2_3536_ESMFold_glutamate-1-semialdehyde_2-1-aminomutase	4gsa-assembly1.cif.gz_A CRYSTAL STRUCTURE OF GLUTAMATE-1-SEMIALDEHYDE AMINOMUTASE (AMINOTRANSFERASE) REDUCED WITH CYANOBOROHYDRATE	0.304	434	293	41	474	3	424	9.674E-31	1125
LOKIASV2_3536_ESMFold_glutamate-1-semialdehyde_2-1-aminomutase	3k28-assembly2.cif.gz_C	LOKIASV2_3536_ESMFold_glutamate-1-semialdehyde_2-1-aminomutase	3k28-assembly2.cif.gz_C Crystal Structure of a glutamate-1-semialdehyde aminotransferase from Bacillus anthracis with bound Pyridoxal 5'Phosphate	0.287	437	297	41	477	4	421	1.558E-30	1121
LOKIASV2_3536_ESMFold_glutamate-1-semialdehyde_2-1-aminomutase	3fqa-assembly1.cif.gz_B	LOKIASV2_3536_ESMFold_glutamate-1-semialdehyde_2-1-aminomutase	3fqa-assembly1.cif.gz_B Gabaculien complex of gabaculine resistant GSAM version	0.295	434	297	41	474	2	423	8.253E-31	1119
LOKIASV2_3536_ESMFold_glutamate-1-semialdehyde_2-1-aminomutase	2zsm-assembly1.cif.gz_A	LOKIASV2_3536_ESMFold_glutamate-1-semialdehyde_2-1-aminomutase	2zsm-assembly1.cif.gz_A Crystal structure of glutamate-1-semialdehyde 2,1-aminomutase from Aeropyrum pernix, hexagonal form	0.281	436	298	43	478	8	423	3.356E-31	1115
LOKIASV2_3536_ESMFold_glutamate-1-semialdehyde_2-1-aminomutase	3k28-assembly1.cif.gz_A	LOKIASV2_3536_ESMFold_glutamate-1-semialdehyde_2-1-aminomutase	3k28-assembly1.cif.gz_A Crystal Structure of a glutamate-1-semialdehyde aminotransferase from Bacillus anthracis with bound Pyridoxal 5'Phosphate	0.287	437	298	41	477	4	422	3.446E-30	1109
LOKIASV2_3536_ESMFold_glutamate-1-semialdehyde_2-1-aminomutase	2hoy-assembly1.cif.gz_A	LOKIASV2_3536_ESMFold_glutamate-1-semialdehyde_2-1-aminomutase	2hoy-assembly1.cif.gz_A Inter-subunit signaling in GSAM	0.286	441	283	34	474	3	399	1.329E-30	1107
LOKIASV2_3536_ESMFold_glutamate-1-semialdehyde_2-1-aminomutase	2hp1-assembly1.cif.gz_B	LOKIASV2_3536_ESMFold_glutamate-1-semialdehyde_2-1-aminomutase	2hp1-assembly1.cif.gz_B Inter-subunit signaling in GSAM	0.295	434	276	41	474	3	395	2.084E-29	1103
LOKIASV2_3536_ESMFold_glutamate-1-semialdehyde_2-1-aminomutase	5i92-assembly3.cif.gz_F	LOKIASV2_3536_ESMFold_glutamate-1-semialdehyde_2-1-aminomutase	5i92-assembly3.cif.gz_F Crystal structure of Glutamate-1-semialdehyde 2,1- aminomutase (GSA) from Pseudomonas aeruginosa	0.288	432	296	43	474	3	419	3.183E-31	1100
LOKIASV2_3536_ESMFold_glutamate-1-semialdehyde_2-1-aminomutase	2hoy-assembly1.cif.gz_B	LOKIASV2_3536_ESMFold_glutamate-1-semialdehyde_2-1-aminomutase	2hoy-assembly1.cif.gz_B Inter-subunit signaling in GSAM	0.281	434	278	41	474	3	390	4.039E-30	1099
LOKIASV2_3536_ESMFold_glutamate-1-semialdehyde_2-1-aminomutase	4zm4-assembly2.cif.gz_C	LOKIASV2_3536_ESMFold_glutamate-1-semialdehyde_2-1-aminomutase	4zm4-assembly2.cif.gz_C Complex structure of PctV K276R mutant with PMP and 3-dehydroshkimate	0.261	430	304	44	473	2	413	2.140E-30	1092
LOKIASV2_3536_ESMFold_glutamate-1-semialdehyde_2-1-aminomutase	6g1f-assembly3.cif.gz_E	LOKIASV2_3536_ESMFold_glutamate-1-semialdehyde_2-1-aminomutase	6g1f-assembly3.cif.gz_E Crystal structure of D-phenylglycine aninotransferase (D-PhgAT) from Pseudomonas stutzeri with PLP internal aldimine	0.237	446	328	33	478	3	433	1.558E-30	1091
LOKIASV2_3536_ESMFold_glutamate-1-semialdehyde_2-1-aminomutase	4zm4-assembly3.cif.gz_F	LOKIASV2_3536_ESMFold_glutamate-1-semialdehyde_2-1-aminomutase	4zm4-assembly3.cif.gz_F Complex structure of PctV K276R mutant with PMP and 3-dehydroshkimate	0.264	430	303	44	473	2	414	2.140E-30	1089
LOKIASV2_3536_ESMFold_glutamate-1-semialdehyde_2-1-aminomutase	3l44-assembly1.cif.gz_A	LOKIASV2_3536_ESMFold_glutamate-1-semialdehyde_2-1-aminomutase	3l44-assembly1.cif.gz_A Crystal structure of Bacillus anthracis HemL-1, glutamate semialdehyde aminotransferase	0.283	439	302	41	479	5	426	3.268E-30	1085
LOKIASV2_3536_ESMFold_glutamate-1-semialdehyde_2-1-aminomutase	5hdm-assembly1.cif.gz_B	LOKIASV2_3536_ESMFold_glutamate-1-semialdehyde_2-1-aminomutase	5hdm-assembly1.cif.gz_B Crystal structure of Arabidopsis thaliana glutamate-1-semialdehyde-2,1-aminomutase	0.286	439	302	41	479	4	427	4.734E-30	1081
LOKIASV2_3536_ESMFold_glutamate-1-semialdehyde_2-1-aminomutase	6g1f-assembly3.cif.gz_F	LOKIASV2_3536_ESMFold_glutamate-1-semialdehyde_2-1-aminomutase	6g1f-assembly3.cif.gz_F Crystal structure of D-phenylglycine aninotransferase (D-PhgAT) from Pseudomonas stutzeri with PLP internal aldimine	0.240	446	329	33	478	3	436	2.940E-30	1080
LOKIASV2_3536_ESMFold_glutamate-1-semialdehyde_2-1-aminomutase	3usf-assembly1.cif.gz_B	LOKIASV2_3536_ESMFold_glutamate-1-semialdehyde_2-1-aminomutase	3usf-assembly1.cif.gz_B Crystal structure of DAVA-4	0.298	434	278	41	474	3	399	2.715E-29	1077
LOKIASV2_3536_ESMFold_glutamate-1-semialdehyde_2-1-aminomutase	4zm4-assembly3.cif.gz_E	LOKIASV2_3536_ESMFold_glutamate-1-semialdehyde_2-1-aminomutase	4zm4-assembly3.cif.gz_E Complex structure of PctV K276R mutant with PMP and 3-dehydroshkimate	0.260	430	310	44	473	2	421	4.258E-30	1072
LOKIASV2_3536_ESMFold_glutamate-1-semialdehyde_2-1-aminomutase	4zm3-assembly1.cif.gz_A	LOKIASV2_3536_ESMFold_glutamate-1-semialdehyde_2-1-aminomutase	4zm3-assembly1.cif.gz_A Crystal structure of PLP-Dependent 3-Aminobenzoate Synthase PctV wild-type	0.261	405	284	69	473	1	385	8.037E-30	1063
LOKIASV2_3536_ESMFold_glutamate-1-semialdehyde_2-1-aminomutase	4e77-assembly1.cif.gz_A-2	LOKIASV2_3536_ESMFold_glutamate-1-semialdehyde_2-1-aminomutase	4e77-assembly1.cif.gz_A-2 2.0A Crystal Structure of a Glutamate-1-Semialdehyde Aminotransferase from Yersinia pestis CO92	0.278	440	290	36	475	3	405	1.075E-30	1063
LOKIASV2_3536_ESMFold_glutamate-1-semialdehyde_2-1-aminomutase	3bs8-assembly1.cif.gz_A-2	LOKIASV2_3536_ESMFold_glutamate-1-semialdehyde_2-1-aminomutase	3bs8-assembly1.cif.gz_A-2 Crystal structure of Glutamate 1-Semialdehyde Aminotransferase complexed with pyridoxamine-5'-phosphate From Bacillus subtilis	0.274	439	309	41	479	4	430	1.227E-29	1059
LOKIASV2_3536_ESMFold_glutamate-1-semialdehyde_2-1-aminomutase	4zm3-assembly1.cif.gz_B	LOKIASV2_3536_ESMFold_glutamate-1-semialdehyde_2-1-aminomutase	4zm3-assembly1.cif.gz_B Crystal structure of PLP-Dependent 3-Aminobenzoate Synthase PctV wild-type	0.268	403	275	71	473	1	377	2.084E-29	1056
LOKIASV2_3536_ESMFold_glutamate-1-semialdehyde_2-1-aminomutase	2e7u-assembly1.cif.gz_A-2	LOKIASV2_3536_ESMFold_glutamate-1-semialdehyde_2-1-aminomutase	2e7u-assembly1.cif.gz_A-2 Crystal structure of glutamate-1-semialdehyde 2,1-aminomutase from Thermus thermophilus HB8	0.296	432	295	42	473	4	423	2.575E-29	1050
LOKIASV2_3536_ESMFold_glutamate-1-semialdehyde_2-1-aminomutase	4zm3-assembly2.cif.gz_D	LOKIASV2_3536_ESMFold_glutamate-1-semialdehyde_2-1-aminomutase	4zm3-assembly2.cif.gz_D Crystal structure of PLP-Dependent 3-Aminobenzoate Synthase PctV wild-type	0.255	405	286	71	475	1	385	2.575E-29	1034
LOKIASV2_3536_ESMFold_glutamate-1-semialdehyde_2-1-aminomutase	3l44-assembly1.cif.gz_B	LOKIASV2_3536_ESMFold_glutamate-1-semialdehyde_2-1-aminomutase	3l44-assembly1.cif.gz_B Crystal structure of Bacillus anthracis HemL-1, glutamate semialdehyde aminotransferase	0.281	439	308	41	479	4	432	4.372E-29	1032
LOKIASV2_3536_ESMFold_glutamate-1-semialdehyde_2-1-aminomutase	4zm3-assembly2.cif.gz_C	LOKIASV2_3536_ESMFold_glutamate-1-semialdehyde_2-1-aminomutase	4zm3-assembly2.cif.gz_C Crystal structure of PLP-Dependent 3-Aminobenzoate Synthase PctV wild-type	0.261	404	280	70	473	1	380	6.677E-29	1023
LOKIASV2_3536_ESMFold_glutamate-1-semialdehyde_2-1-aminomutase	6k8h-assembly1.cif.gz_A	LOKIASV2_3536_ESMFold_glutamate-1-semialdehyde_2-1-aminomutase	6k8h-assembly1.cif.gz_A Crystal structure of an omega-transaminase from Sphaerobacter thermophilus	0.236	443	326	37	479	11	438	5.403E-29	1010
LOKIASV2_3536_ESMFold_glutamate-1-semialdehyde_2-1-aminomutase	6kfr-assembly1.cif.gz_B	LOKIASV2_3536_ESMFold_glutamate-1-semialdehyde_2-1-aminomutase	6kfr-assembly1.cif.gz_B Amino-transferase (AMT) Domain - Arg Complex of Hybrid Polyketide/Non-Ribosomal Peptide Synthetase	0.235	451	334	28	478	7	444	8.700E-29	999
LOKIASV2_3536_ESMFold_glutamate-1-semialdehyde_2-1-aminomutase	2cfb-assembly1.cif.gz_A-2	LOKIASV2_3536_ESMFold_glutamate-1-semialdehyde_2-1-aminomutase	2cfb-assembly1.cif.gz_A-2 Glutamate-1-semialdehyde 2,1-Aminomutase from Thermosynechococcus elongatus	0.280	405	256	70	474	1	357	6.675E-27	975
LOKIASV2_3536_ESMFold_glutamate-1-semialdehyde_2-1-aminomutase	2yku-assembly1.cif.gz_C	LOKIASV2_3536_ESMFold_glutamate-1-semialdehyde_2-1-aminomutase	2yku-assembly1.cif.gz_C Structural Determinants of the Beta-Selectivity of a Bacterial Aminotransferase	0.233	451	322	28	478	9	429	3.355E-27	953
LOKIASV2_3536_ESMFold_glutamate-1-semialdehyde_2-1-aminomutase	2cy8-assembly1.cif.gz_A	LOKIASV2_3536_ESMFold_glutamate-1-semialdehyde_2-1-aminomutase	2cy8-assembly1.cif.gz_A Crystal structure of D-phenylglycine aminotransferase (D-PhgAT) from Pseudomonas strutzeri ST-201	0.207	446	309	33	478	2	392	6.675E-27	951
LOKIASV2_3536_ESMFold_glutamate-1-semialdehyde_2-1-aminomutase	6kfu-assembly1.cif.gz_A	LOKIASV2_3536_ESMFold_glutamate-1-semialdehyde_2-1-aminomutase	6kfu-assembly1.cif.gz_A A ACP-AMT Fusion Protein of Hybrid Polyketide/Non-Ribosomal Peptide Synthetase	0.234	475	355	4	478	59	522	1.329E-28	947
LOKIASV2_3536_ESMFold_glutamate-1-semialdehyde_2-1-aminomutase	4aoa-assembly1.cif.gz_A	LOKIASV2_3536_ESMFold_glutamate-1-semialdehyde_2-1-aminomutase	4aoa-assembly1.cif.gz_A Biochemical properties and crystal structure of a novel beta- phenylalanine aminotransferase from Variovorax paradoxus	0.264	447	305	27	473	3	418	8.249E-27	939
LOKIASV2_3536_ESMFold_glutamate-1-semialdehyde_2-1-aminomutase	6dvs-assembly1.cif.gz_A-2	LOKIASV2_3536_ESMFold_glutamate-1-semialdehyde_2-1-aminomutase	6dvs-assembly1.cif.gz_A-2 Crystal structure of Pseudomonas stutzeri D-phenylglycine aminotransferase	0.207	446	306	33	478	2	388	5.546E-26	931
LOKIASV2_3536_ESMFold_glutamate-1-semialdehyde_2-1-aminomutase	6iz9-assembly1.cif.gz_B	LOKIASV2_3536_ESMFold_glutamate-1-semialdehyde_2-1-aminomutase	6iz9-assembly1.cif.gz_B Crystal structure of the apo form of a beta-transaminase from Mesorhizobium sp. strain LUK	0.225	451	303	28	478	5	396	5.847E-26	921
LOKIASV2_3536_ESMFold_glutamate-1-semialdehyde_2-1-aminomutase	6iz9-assembly1.cif.gz_A	LOKIASV2_3536_ESMFold_glutamate-1-semialdehyde_2-1-aminomutase	6iz9-assembly1.cif.gz_A Crystal structure of the apo form of a beta-transaminase from Mesorhizobium sp. strain LUK	0.226	451	306	28	478	5	400	1.164E-25	901
LOKIASV2_3536_ESMFold_glutamate-1-semialdehyde_2-1-aminomutase	6ssd-assembly1.cif.gz_A	LOKIASV2_3536_ESMFold_glutamate-1-semialdehyde_2-1-aminomutase	6ssd-assembly1.cif.gz_A Transaminase with PLP bound	0.237	411	294	68	478	31	416	1.642E-26	893
LOKIASV2_3536_ESMFold_glutamate-1-semialdehyde_2-1-aminomutase	4zm4-assembly2.cif.gz_D	LOKIASV2_3536_ESMFold_glutamate-1-semialdehyde_2-1-aminomutase	4zm4-assembly2.cif.gz_D Complex structure of PctV K276R mutant with PMP and 3-dehydroshkimate	0.263	424	283	44	467	2	386	8.033E-26	877
LOKIASV2_3536_ESMFold_glutamate-1-semialdehyde_2-1-aminomutase	5ykr-assembly1.cif.gz_B	LOKIASV2_3536_ESMFold_glutamate-1-semialdehyde_2-1-aminomutase	5ykr-assembly1.cif.gz_B Crystal structure of a glutamate-1-semialdehyde-aminomutase from Pseudomonas aeruginosa PAO1	0.209	467	354	11	477	5	452	1.364E-25	876
LOKIASV2_3536_ESMFold_glutamate-1-semialdehyde_2-1-aminomutase	5ykt-assembly1.cif.gz_B	LOKIASV2_3536_ESMFold_glutamate-1-semialdehyde_2-1-aminomutase	5ykt-assembly1.cif.gz_B Crystal structure of a glutamate-1-semialdehyde-aminomutase (K286A) from Pseudomonas aeruginosa PAO1 in complex with PMP	0.209	467	354	11	477	5	452	9.927E-26	875
LOKIASV2_3536_ESMFold_glutamate-1-semialdehyde_2-1-aminomutase	6hbs-assembly1.cif.gz_A	LOKIASV2_3536_ESMFold_glutamate-1-semialdehyde_2-1-aminomutase	6hbs-assembly1.cif.gz_A Structure of PLP internal aldimine form of Sphingopyxis sp. MTA144 FumI protein	0.208	440	317	39	478	2	402	1.195E-24	870
LOKIASV2_3536_ESMFold_glutamate-1-semialdehyde_2-1-aminomutase	1wkh-assembly1.cif.gz_B	LOKIASV2_3536_ESMFold_glutamate-1-semialdehyde_2-1-aminomutase	1wkh-assembly1.cif.gz_B Acetylornithine aminotransferase from thermus thermophilus HB8	0.225	432	298	46	477	2	386	5.399E-23	787
LOKIASV2_3536_ESMFold_glutamate-1-semialdehyde_2-1-aminomutase	4adb-assembly1.cif.gz_A	LOKIASV2_3536_ESMFold_glutamate-1-semialdehyde_2-1-aminomutase	4adb-assembly1.cif.gz_A Structural and functional study of succinyl-ornithine transaminase from E. coli	0.231	408	291	68	475	18	396	3.727E-23	781
LOKIASV2_3536_ESMFold_glutamate-1-semialdehyde_2-1-aminomutase	6hx7-assembly3.cif.gz_C-3	LOKIASV2_3536_ESMFold_glutamate-1-semialdehyde_2-1-aminomutase	6hx7-assembly3.cif.gz_C-3 Crystal structure of human R180T variant of ORNITHINE AMINOTRANSFERASE at 1.8 Angstrom	0.218	435	304	44	478	3	392	8.245E-23	778
LOKIASV2_3536_ESMFold_glutamate-1-semialdehyde_2-1-aminomutase	7lom-assembly1.cif.gz_A	LOKIASV2_3536_ESMFold_glutamate-1-semialdehyde_2-1-aminomutase	7lom-assembly1.cif.gz_A Ornithine Aminotransferase (OAT) soaked with its inactivator - (1S,3S)-3-amino-4-(difluoromethylene)cyclohexene-1-carboxylic acid	0.212	432	313	44	475	4	401	1.133E-22	768
LOKIASV2_3536_ESMFold_glutamate-1-semialdehyde_2-1-aminomutase	7lm0-assembly1.cif.gz_B	LOKIASV2_3536_ESMFold_glutamate-1-semialdehyde_2-1-aminomutase	7lm0-assembly1.cif.gz_B Crystal structure of GenB3 in complex with PLP	0.204	431	299	45	475	4	379	8.928E-24	762
LOKIASV2_3536_ESMFold_glutamate-1-semialdehyde_2-1-aminomutase	6hx7-assembly2.cif.gz_B-2	LOKIASV2_3536_ESMFold_glutamate-1-semialdehyde_2-1-aminomutase	6hx7-assembly2.cif.gz_B-2 Crystal structure of human R180T variant of ORNITHINE AMINOTRANSFERASE at 1.8 Angstrom	0.215	435	309	44	478	4	397	2.377E-22	754
LOKIASV2_3536_ESMFold_glutamate-1-semialdehyde_2-1-aminomutase	5viu-assembly1.cif.gz_B	LOKIASV2_3536_ESMFold_glutamate-1-semialdehyde_2-1-aminomutase	5viu-assembly1.cif.gz_B Crystal Structure of Acetylornithine Aminotransferase from Elizabethkingia anophelis	0.202	435	302	44	478	3	381	1.074E-22	743
LOKIASV2_3536_ESMFold_glutamate-1-semialdehyde_2-1-aminomutase	4ppm-assembly1.cif.gz_B	LOKIASV2_3536_ESMFold_glutamate-1-semialdehyde_2-1-aminomutase	4ppm-assembly1.cif.gz_B Crystal structure of PigE: a transaminase involved in the biosynthesis of 2-methyl-3-n-amyl-pyrrole (MAP) from Serratia sp. FS14	0.202	468	359	11	478	7	457	1.438E-23	742
LOKIASV2_3536_ESMFold_glutamate-1-semialdehyde_2-1-aminomutase	1szu-assembly1.cif.gz_D	LOKIASV2_3536_ESMFold_glutamate-1-semialdehyde_2-1-aminomutase	1szu-assembly1.cif.gz_D The structure of gamma-aminobutyrate aminotransferase mutant: V241A	0.200	435	335	44	478	2	421	8.245E-23	741
LOKIASV2_3536_ESMFold_glutamate-1-semialdehyde_2-1-aminomutase	7lk1-assembly1.cif.gz_A	LOKIASV2_3536_ESMFold_glutamate-1-semialdehyde_2-1-aminomutase	7lk1-assembly1.cif.gz_A Ornithine Aminotransferase (OAT) with its potent inhibitor - (S)-3-amino-4,4-difluorocyclopent-1-enecarboxylic acid (SS-1-148) - 1 Hour Soaking	0.211	432	314	44	475	5	403	8.465E-22	737
LOKIASV2_3536_ESMFold_glutamate-1-semialdehyde_2-1-aminomutase	5g2p-assembly1.cif.gz_B	LOKIASV2_3536_ESMFold_glutamate-1-semialdehyde_2-1-aminomutase	5g2p-assembly1.cif.gz_B The crystal structure of a S-selective transaminase from Arthrobacter sp.	0.188	457	349	48	478	4	460	2.315E-23	736
LOKIASV2_3536_ESMFold_glutamate-1-semialdehyde_2-1-aminomutase	5g2p-assembly1.cif.gz_A	LOKIASV2_3536_ESMFold_glutamate-1-semialdehyde_2-1-aminomutase	5g2p-assembly1.cif.gz_A The crystal structure of a S-selective transaminase from Arthrobacter sp.	0.188	453	349	48	478	4	456	6.328E-23	734
LOKIASV2_3536_ESMFold_glutamate-1-semialdehyde_2-1-aminomutase	1szk-assembly1.cif.gz_A	LOKIASV2_3536_ESMFold_glutamate-1-semialdehyde_2-1-aminomutase	1szk-assembly1.cif.gz_A The structure of gamma-aminobutyrate aminotransferase mutant: E211S	0.195	435	336	44	478	3	421	1.259E-22	730
LOKIASV2_3536_ESMFold_glutamate-1-semialdehyde_2-1-aminomutase	2byl-assembly2.cif.gz_C-2	LOKIASV2_3536_ESMFold_glutamate-1-semialdehyde_2-1-aminomutase	2byl-assembly2.cif.gz_C-2 Structure of ornithine aminotransferase triple mutant Y85I Y55A G320F	0.217	436	312	44	479	5	403	5.543E-22	728
LOKIASV2_3536_ESMFold_glutamate-1-semialdehyde_2-1-aminomutase	1sff-assembly1.cif.gz_D	LOKIASV2_3536_ESMFold_glutamate-1-semialdehyde_2-1-aminomutase	1sff-assembly1.cif.gz_D Structure of gamma-aminobutyrate aminotransferase complex with aminooxyacetate	0.202	435	334	44	478	3	421	3.097E-22	726
LOKIASV2_3536_ESMFold_glutamate-1-semialdehyde_2-1-aminomutase	1szs-assembly1.cif.gz_D	LOKIASV2_3536_ESMFold_glutamate-1-semialdehyde_2-1-aminomutase	1szs-assembly1.cif.gz_D The structure of gamma-aminobutyrate aminotransferase mutant: I50Q	0.204	435	333	44	478	3	421	1.400E-22	725
LOKIASV2_3536_ESMFold_glutamate-1-semialdehyde_2-1-aminomutase	3ntj-assembly2.cif.gz_C	LOKIASV2_3536_ESMFold_glutamate-1-semialdehyde_2-1-aminomutase	3ntj-assembly2.cif.gz_C Redox regulation of Plasmodium falciparum ornithine delta-aminotransferase	0.168	435	314	44	478	2	380	3.827E-22	724
LOKIASV2_3536_ESMFold_glutamate-1-semialdehyde_2-1-aminomutase	5viu-assembly1.cif.gz_A	LOKIASV2_3536_ESMFold_glutamate-1-semialdehyde_2-1-aminomutase	5viu-assembly1.cif.gz_A Crystal Structure of Acetylornithine Aminotransferase from Elizabethkingia anophelis	0.207	435	314	44	478	3	399	1.556E-22	724
LOKIASV2_3536_ESMFold_glutamate-1-semialdehyde_2-1-aminomutase	2byj-assembly2.cif.gz_C-2	LOKIASV2_3536_ESMFold_glutamate-1-semialdehyde_2-1-aminomutase	2byj-assembly2.cif.gz_C-2 Ornithine aminotransferase mutant Y85I	0.209	432	315	44	475	5	403	1.293E-21	724
LOKIASV2_3536_ESMFold_glutamate-1-semialdehyde_2-1-aminomutase	5g0a-assembly1.cif.gz_C	LOKIASV2_3536_ESMFold_glutamate-1-semialdehyde_2-1-aminomutase	5g0a-assembly1.cif.gz_C The crystal structure of a S-selective transaminase from Bacillus megaterium	0.188	460	349	48	478	4	463	6.672E-23	724
LOKIASV2_3536_ESMFold_glutamate-1-semialdehyde_2-1-aminomutase	2pb0-assembly1.cif.gz_B	LOKIASV2_3536_ESMFold_glutamate-1-semialdehyde_2-1-aminomutase	2pb0-assembly1.cif.gz_B Structure of biosynthetic N-acetylornithine aminotransferase from Salmonella typhimurium: studies on substrate specificity and inhibitor binding	0.210	408	296	71	478	9	384	4.254E-22	720
LOKIASV2_3536_ESMFold_glutamate-1-semialdehyde_2-1-aminomutase	4jey-assembly1.cif.gz_B	LOKIASV2_3536_ESMFold_glutamate-1-semialdehyde_2-1-aminomutase	4jey-assembly1.cif.gz_B E198A mutant of N-acetylornithine aminotransferase from Salmonella typhimurium	0.209	408	297	71	478	9	384	1.363E-21	720
LOKIASV2_3536_ESMFold_glutamate-1-semialdehyde_2-1-aminomutase	3ntj-assembly1.cif.gz_B	LOKIASV2_3536_ESMFold_glutamate-1-semialdehyde_2-1-aminomutase	3ntj-assembly1.cif.gz_B Redox regulation of Plasmodium falciparum ornithine delta-aminotransferase	0.182	435	315	44	478	2	387	7.035E-23	719
LOKIASV2_3536_ESMFold_glutamate-1-semialdehyde_2-1-aminomutase	7lle-assembly1.cif.gz_B	LOKIASV2_3536_ESMFold_glutamate-1-semialdehyde_2-1-aminomutase	7lle-assembly1.cif.gz_B Crystal structure of GenB4 in complex with PLP	0.200	432	301	44	475	2	378	1.400E-22	718
LOKIASV2_3536_ESMFold_glutamate-1-semialdehyde_2-1-aminomutase	5g2p-assembly1.cif.gz_C	LOKIASV2_3536_ESMFold_glutamate-1-semialdehyde_2-1-aminomutase	5g2p-assembly1.cif.gz_C The crystal structure of a S-selective transaminase from Arthrobacter sp.	0.189	454	349	48	478	4	457	2.138E-22	717
LOKIASV2_3536_ESMFold_glutamate-1-semialdehyde_2-1-aminomutase	7jh3-assembly2.cif.gz_B	LOKIASV2_3536_ESMFold_glutamate-1-semialdehyde_2-1-aminomutase	7jh3-assembly2.cif.gz_B Crystal structure of 4-aminobutyrate aminotransferase PuuE from Escherichia coli in complex with PLP	0.201	436	335	44	479	1	420	3.097E-22	715
LOKIASV2_3536_ESMFold_glutamate-1-semialdehyde_2-1-aminomutase	4jev-assembly1.cif.gz_B	LOKIASV2_3536_ESMFold_glutamate-1-semialdehyde_2-1-aminomutase	4jev-assembly1.cif.gz_B N-acetylornithine aminotransferase from S. typhimurium complexed with gabaculine	0.211	410	297	68	477	18	395	3.265E-22	714
LOKIASV2_3536_ESMFold_glutamate-1-semialdehyde_2-1-aminomutase	6w7x-assembly1.cif.gz_A-2	LOKIASV2_3536_ESMFold_glutamate-1-semialdehyde_2-1-aminomutase	6w7x-assembly1.cif.gz_A-2 Crystal structure of N-acetylornithine aminotransferase from Stenotrophomonas maltophilia K279a	0.202	417	285	62	478	1	358	4.855E-21	712
LOKIASV2_3536_ESMFold_glutamate-1-semialdehyde_2-1-aminomutase	3ntj-assembly2.cif.gz_D	LOKIASV2_3536_ESMFold_glutamate-1-semialdehyde_2-1-aminomutase	3ntj-assembly2.cif.gz_D Redox regulation of Plasmodium falciparum ornithine delta-aminotransferase	0.178	435	309	44	478	2	378	4.035E-22	711
LOKIASV2_3536_ESMFold_glutamate-1-semialdehyde_2-1-aminomutase	4zwm-assembly1.cif.gz_A	LOKIASV2_3536_ESMFold_glutamate-1-semialdehyde_2-1-aminomutase	4zwm-assembly1.cif.gz_A 2.3 A resolution crystal structure of the ornithine aminotransferase from Toxoplasma gondii ME49	0.173	432	327	47	478	20	415	1.685E-21	711
LOKIASV2_3536_ESMFold_glutamate-1-semialdehyde_2-1-aminomutase	4jex-assembly1.cif.gz_A	LOKIASV2_3536_ESMFold_glutamate-1-semialdehyde_2-1-aminomutase	4jex-assembly1.cif.gz_A Y21K mutant of N-acetylornithine aminotransferase complexed with L-canaline	0.206	408	294	71	478	3	373	4.143E-21	710
LOKIASV2_3536_ESMFold_glutamate-1-semialdehyde_2-1-aminomutase	3lg0-assembly2.cif.gz_D	LOKIASV2_3536_ESMFold_glutamate-1-semialdehyde_2-1-aminomutase	3lg0-assembly2.cif.gz_D Structure of Plasmodium falciparum ornithine delta-aminotransferase	0.179	435	311	44	478	2	381	5.844E-22	709
LOKIASV2_3536_ESMFold_glutamate-1-semialdehyde_2-1-aminomutase	2ord-assembly1.cif.gz_B	LOKIASV2_3536_ESMFold_glutamate-1-semialdehyde_2-1-aminomutase	2ord-assembly1.cif.gz_B Crystal structure of Acetylornithine aminotransferase (EC 2.6.1.11) (ACOAT) (TM1785) from Thermotoga maritima at 1.40 A resolution	0.214	410	293	69	478	18	391	3.726E-21	708
LOKIASV2_3536_ESMFold_glutamate-1-semialdehyde_2-1-aminomutase	6wop-assembly1.cif.gz_A	LOKIASV2_3536_ESMFold_glutamate-1-semialdehyde_2-1-aminomutase	6wop-assembly1.cif.gz_A Crystal structure of gamma-aminobutyrate aminotransferase PuuE from Acinetobacter baumannii	0.212	436	325	43	478	2	414	8.693E-23	708
LOKIASV2_3536_ESMFold_glutamate-1-semialdehyde_2-1-aminomutase	5eqc-assembly1.cif.gz_B	LOKIASV2_3536_ESMFold_glutamate-1-semialdehyde_2-1-aminomutase	5eqc-assembly1.cif.gz_B Structure of the ornithine aminotransferase from Toxoplasma gondii crystallized in presence of oxidized glutathione reveals partial occupancy of PLP at the protein active site	0.176	446	344	34	479	5	422	1.437E-21	708
LOKIASV2_3536_ESMFold_glutamate-1-semialdehyde_2-1-aminomutase	3lg0-assembly2.cif.gz_C	LOKIASV2_3536_ESMFold_glutamate-1-semialdehyde_2-1-aminomutase	3lg0-assembly2.cif.gz_C Structure of Plasmodium falciparum ornithine delta-aminotransferase	0.181	435	309	44	478	2	379	1.163E-21	707
LOKIASV2_3536_ESMFold_glutamate-1-semialdehyde_2-1-aminomutase	4ade-assembly2.cif.gz_B-3	LOKIASV2_3536_ESMFold_glutamate-1-semialdehyde_2-1-aminomutase	4ade-assembly2.cif.gz_B-3 Structural and functional study of succinyl-ornithine transaminase from E. coli	0.212	406	271	70	475	2	346	2.505E-20	706
LOKIASV2_3536_ESMFold_glutamate-1-semialdehyde_2-1-aminomutase	3ntj-assembly1.cif.gz_A	LOKIASV2_3536_ESMFold_glutamate-1-semialdehyde_2-1-aminomutase	3ntj-assembly1.cif.gz_A Redox regulation of Plasmodium falciparum ornithine delta-aminotransferase	0.170	435	310	44	478	2	375	1.293E-21	706
LOKIASV2_3536_ESMFold_glutamate-1-semialdehyde_2-1-aminomutase	4jez-assembly1.cif.gz_B	LOKIASV2_3536_ESMFold_glutamate-1-semialdehyde_2-1-aminomutase	4jez-assembly1.cif.gz_B N79R mutant of N-acetylornithine aminotransferase complexed with L-canaline	0.204	408	295	71	478	9	379	5.398E-21	706
LOKIASV2_3536_ESMFold_glutamate-1-semialdehyde_2-1-aminomutase	3lg0-assembly1.cif.gz_B	LOKIASV2_3536_ESMFold_glutamate-1-semialdehyde_2-1-aminomutase	3lg0-assembly1.cif.gz_B Structure of Plasmodium falciparum ornithine delta-aminotransferase	0.181	435	309	44	478	2	379	9.922E-22	703
LOKIASV2_3536_ESMFold_glutamate-1-semialdehyde_2-1-aminomutase	5wya-assembly1.cif.gz_C	LOKIASV2_3536_ESMFold_glutamate-1-semialdehyde_2-1-aminomutase	5wya-assembly1.cif.gz_C Structure of amino acid racemase, 2.65 A	0.185	439	352	40	478	2	434	9.922E-22	701
LOKIASV2_3536_ESMFold_glutamate-1-semialdehyde_2-1-aminomutase	6s54-assembly1.cif.gz_C	LOKIASV2_3536_ESMFold_glutamate-1-semialdehyde_2-1-aminomutase	6s54-assembly1.cif.gz_C Transaminase from Pseudomonas fluorescens	0.184	435	346	52	476	7	441	1.133E-22	701
LOKIASV2_3536_ESMFold_glutamate-1-semialdehyde_2-1-aminomutase	4ppm-assembly1.cif.gz_A	LOKIASV2_3536_ESMFold_glutamate-1-semialdehyde_2-1-aminomutase	4ppm-assembly1.cif.gz_A Crystal structure of PigE: a transaminase involved in the biosynthesis of 2-methyl-3-n-amyl-pyrrole (MAP) from Serratia sp. FS14	0.206	468	358	11	478	7	458	3.097E-22	701
LOKIASV2_3536_ESMFold_glutamate-1-semialdehyde_2-1-aminomutase	2eh6-assembly1.cif.gz_B	LOKIASV2_3536_ESMFold_glutamate-1-semialdehyde_2-1-aminomutase	2eh6-assembly1.cif.gz_B Crystal structure of acetylornithine aminotransferase from Aquifex aeolicus VF5	0.204	403	288	69	471	10	372	8.691E-21	699
LOKIASV2_3536_ESMFold_glutamate-1-semialdehyde_2-1-aminomutase	4jf1-assembly1.cif.gz_B	LOKIASV2_3536_ESMFold_glutamate-1-semialdehyde_2-1-aminomutase	4jf1-assembly1.cif.gz_B R144Q mutant of N-acetylornithine aminotransferase	0.210	408	296	71	478	9	384	2.573E-21	697
LOKIASV2_3536_ESMFold_glutamate-1-semialdehyde_2-1-aminomutase	2pb2-assembly1.cif.gz_A	LOKIASV2_3536_ESMFold_glutamate-1-semialdehyde_2-1-aminomutase	2pb2-assembly1.cif.gz_A Structure of biosynthetic N-acetylornithine aminotransferase from Salmonella typhimurium: studies on substrate specificity and inhibitor binding	0.204	408	295	71	478	3	374	6.326E-21	696
LOKIASV2_3536_ESMFold_glutamate-1-semialdehyde_2-1-aminomutase	4uoy-assembly1.cif.gz_A	LOKIASV2_3536_ESMFold_glutamate-1-semialdehyde_2-1-aminomutase	4uoy-assembly1.cif.gz_A Crystal structure of YgjG in complex with Pyridoxal-5'-phosphate	0.191	471	358	8	478	5	447	3.442E-22	696
LOKIASV2_3536_ESMFold_glutamate-1-semialdehyde_2-1-aminomutase	3ruy-assembly1.cif.gz_B	LOKIASV2_3536_ESMFold_glutamate-1-semialdehyde_2-1-aminomutase	3ruy-assembly1.cif.gz_B Crystal Structure of the Ornithine-oxo acid transaminase RocD from Bacillus anthracis	0.183	430	317	48	477	3	391	9.662E-21	695
LOKIASV2_3536_ESMFold_glutamate-1-semialdehyde_2-1-aminomutase	2pb2-assembly1.cif.gz_B	LOKIASV2_3536_ESMFold_glutamate-1-semialdehyde_2-1-aminomutase	2pb2-assembly1.cif.gz_B Structure of biosynthetic N-acetylornithine aminotransferase from Salmonella typhimurium: studies on substrate specificity and inhibitor binding	0.207	408	293	71	478	9	378	3.015E-21	694
LOKIASV2_3536_ESMFold_glutamate-1-semialdehyde_2-1-aminomutase	4jew-assembly1.cif.gz_A	LOKIASV2_3536_ESMFold_glutamate-1-semialdehyde_2-1-aminomutase	4jew-assembly1.cif.gz_A N-acetylornithine aminotransferase from S. typhimurium complexed with L-canaline	0.206	411	296	68	478	18	391	2.712E-21	693
LOKIASV2_3536_ESMFold_glutamate-1-semialdehyde_2-1-aminomutase	5h7d-assembly1.cif.gz_A	LOKIASV2_3536_ESMFold_glutamate-1-semialdehyde_2-1-aminomutase	5h7d-assembly1.cif.gz_A Crystal structure of the YgjG-protein A-Zpa963-calmodulin complex	0.193	470	353	8	477	5	443	1.328E-22	693
LOKIASV2_3536_ESMFold_glutamate-1-semialdehyde_2-1-aminomutase	2pb0-assembly1.cif.gz_A	LOKIASV2_3536_ESMFold_glutamate-1-semialdehyde_2-1-aminomutase	2pb0-assembly1.cif.gz_A Structure of biosynthetic N-acetylornithine aminotransferase from Salmonella typhimurium: studies on substrate specificity and inhibitor binding	0.204	408	295	71	478	15	385	4.855E-21	691
LOKIASV2_3536_ESMFold_glutamate-1-semialdehyde_2-1-aminomutase	6gio-assembly2.cif.gz_A	LOKIASV2_3536_ESMFold_glutamate-1-semialdehyde_2-1-aminomutase	6gio-assembly2.cif.gz_A Structure of Amino Acid Amide Racemase from Ochrobactrum anthropi	0.196	429	334	50	478	5	420	1.103E-21	691
LOKIASV2_3536_ESMFold_glutamate-1-semialdehyde_2-1-aminomutase	3q8n-assembly2.cif.gz_B	LOKIASV2_3536_ESMFold_glutamate-1-semialdehyde_2-1-aminomutase	3q8n-assembly2.cif.gz_B Crystal structure of 4-aminobutyrate transaminase from Mycobacterium smegmatis	0.203	434	334	45	478	17	436	3.630E-22	690
LOKIASV2_3536_ESMFold_glutamate-1-semialdehyde_2-1-aminomutase	5g2q-assembly1.cif.gz_G	LOKIASV2_3536_ESMFold_glutamate-1-semialdehyde_2-1-aminomutase	5g2q-assembly1.cif.gz_G The crystal structure of a S-selective transaminase from Arthrobacter sp. with alanine bound	0.182	451	352	48	478	4	454	3.630E-22	688
LOKIASV2_3536_ESMFold_glutamate-1-semialdehyde_2-1-aminomutase	3nx3-assembly1.cif.gz_B	LOKIASV2_3536_ESMFold_glutamate-1-semialdehyde_2-1-aminomutase	3nx3-assembly1.cif.gz_B Crystal structure of acetylornithine aminotransferase (argD) from Campylobacter jejuni	0.172	410	311	69	478	3	378	1.132E-20	687
LOKIASV2_3536_ESMFold_glutamate-1-semialdehyde_2-1-aminomutase	7nn4-assembly2.cif.gz_D	LOKIASV2_3536_ESMFold_glutamate-1-semialdehyde_2-1-aminomutase	7nn4-assembly2.cif.gz_D Crystal structure of Mycobacterium tuberculosis ArgD with prosthetic group pyridoxal 5'-phosphate and 3-hydroxy-2-naphthoic acid.	0.202	434	310	44	477	2	390	1.923E-20	687
LOKIASV2_3536_ESMFold_glutamate-1-semialdehyde_2-1-aminomutase	5e3k-assembly1.cif.gz_B	LOKIASV2_3536_ESMFold_glutamate-1-semialdehyde_2-1-aminomutase	5e3k-assembly1.cif.gz_B Crystal structure of the ornithine aminotransferase from Toxoplasma gondii ME49 in a complex with (S)-4-amino-5-fluoropentanoic acid	0.178	432	342	47	478	5	421	1.974E-21	687
LOKIASV2_3536_ESMFold_glutamate-1-semialdehyde_2-1-aminomutase	4jey-assembly1.cif.gz_A	LOKIASV2_3536_ESMFold_glutamate-1-semialdehyde_2-1-aminomutase	4jey-assembly1.cif.gz_A E198A mutant of N-acetylornithine aminotransferase from Salmonella typhimurium	0.200	411	299	68	478	18	392	6.326E-21	684
LOKIASV2_3536_ESMFold_glutamate-1-semialdehyde_2-1-aminomutase	4jf0-assembly1.cif.gz_A	LOKIASV2_3536_ESMFold_glutamate-1-semialdehyde_2-1-aminomutase	4jf0-assembly1.cif.gz_A N79R mutant of N-acetylornithine aminotransferase	0.209	408	294	71	478	3	375	1.132E-20	678
LOKIASV2_3536_ESMFold_glutamate-1-semialdehyde_2-1-aminomutase	4atp-assembly1.cif.gz_A	LOKIASV2_3536_ESMFold_glutamate-1-semialdehyde_2-1-aminomutase	4atp-assembly1.cif.gz_A Structure of GABA-transaminase A1R958 from Arthrobacter aurescens in complex with PLP	0.193	437	341	42	478	17	440	3.534E-21	678
LOKIASV2_3536_ESMFold_glutamate-1-semialdehyde_2-1-aminomutase	6fyq-assembly1.cif.gz_A-2	LOKIASV2_3536_ESMFold_glutamate-1-semialdehyde_2-1-aminomutase	6fyq-assembly1.cif.gz_A-2 The crystal structure of a new transaminase from the marine bacterium Virgibacillus	0.188	439	350	47	478	2	440	2.573E-21	678
LOKIASV2_3536_ESMFold_glutamate-1-semialdehyde_2-1-aminomutase	3du4-assembly1.cif.gz_B	LOKIASV2_3536_ESMFold_glutamate-1-semialdehyde_2-1-aminomutase	3du4-assembly1.cif.gz_B Crystal structure of 7-keto-8-aminopelargonic acid bound 7,8-diaminopelargonic acid synthase in bacillus subtilis	0.195	439	345	46	475	4	442	3.015E-21	678
LOKIASV2_3536_ESMFold_glutamate-1-semialdehyde_2-1-aminomutase	1z7d-assembly3.cif.gz_F	LOKIASV2_3536_ESMFold_glutamate-1-semialdehyde_2-1-aminomutase	1z7d-assembly3.cif.gz_F Ornithine aminotransferase PY00104 from Plasmodium Yoelii	0.191	411	285	68	478	20	372	9.662E-21	676
LOKIASV2_3536_ESMFold_glutamate-1-semialdehyde_2-1-aminomutase	5g2q-assembly1.cif.gz_H	LOKIASV2_3536_ESMFold_glutamate-1-semialdehyde_2-1-aminomutase	5g2q-assembly1.cif.gz_H The crystal structure of a S-selective transaminase from Arthrobacter sp. with alanine bound	0.178	454	353	48	478	4	457	9.411E-22	675
LOKIASV2_3536_ESMFold_glutamate-1-semialdehyde_2-1-aminomutase	1z7d-assembly1.cif.gz_A	LOKIASV2_3536_ESMFold_glutamate-1-semialdehyde_2-1-aminomutase	1z7d-assembly1.cif.gz_A Ornithine aminotransferase PY00104 from Plasmodium Yoelii	0.187	409	287	70	478	22	375	2.195E-21	674
LOKIASV2_3536_ESMFold_glutamate-1-semialdehyde_2-1-aminomutase	4atp-assembly2.cif.gz_H	LOKIASV2_3536_ESMFold_glutamate-1-semialdehyde_2-1-aminomutase	4atp-assembly2.cif.gz_H Structure of GABA-transaminase A1R958 from Arthrobacter aurescens in complex with PLP	0.188	437	342	42	478	17	438	8.243E-21	674
LOKIASV2_3536_ESMFold_glutamate-1-semialdehyde_2-1-aminomutase	5g2p-assembly1.cif.gz_D	LOKIASV2_3536_ESMFold_glutamate-1-semialdehyde_2-1-aminomutase	5g2p-assembly1.cif.gz_D The crystal structure of a S-selective transaminase from Arthrobacter sp.	0.193	455	347	48	478	4	458	1.974E-21	674
LOKIASV2_3536_ESMFold_glutamate-1-semialdehyde_2-1-aminomutase	4atq-assembly2.cif.gz_F	LOKIASV2_3536_ESMFold_glutamate-1-semialdehyde_2-1-aminomutase	4atq-assembly2.cif.gz_F GABA-transaminase A1R958 in complex with external aldimine PLP-GABA adduct	0.187	437	345	42	478	18	442	3.179E-21	672
LOKIASV2_3536_ESMFold_glutamate-1-semialdehyde_2-1-aminomutase	6cbn-assembly1.cif.gz_B	LOKIASV2_3536_ESMFold_glutamate-1-semialdehyde_2-1-aminomutase	6cbn-assembly1.cif.gz_B x-ray structure of NeoB from streptomyces fradiae in complex with PLP and neomycin (as the external aldimine) at pH 7.5	0.183	408	285	70	477	17	366	3.015E-21	667
LOKIASV2_3536_ESMFold_glutamate-1-semialdehyde_2-1-aminomutase	4jf1-assembly1.cif.gz_A	LOKIASV2_3536_ESMFold_glutamate-1-semialdehyde_2-1-aminomutase	4jf1-assembly1.cif.gz_A R144Q mutant of N-acetylornithine aminotransferase	0.207	408	293	71	478	15	384	1.730E-20	665
LOKIASV2_3536_ESMFold_glutamate-1-semialdehyde_2-1-aminomutase	5ll3-assembly1.cif.gz_D	LOKIASV2_3536_ESMFold_glutamate-1-semialdehyde_2-1-aminomutase	5ll3-assembly1.cif.gz_D Structure of the Isoleucine 2-epimerase from Lactobacillus buchneri (PLP complex form)	0.203	411	326	68	478	2	411	6.670E-21	665
LOKIASV2_3536_ESMFold_glutamate-1-semialdehyde_2-1-aminomutase	6wj8-assembly1.cif.gz_B	LOKIASV2_3536_ESMFold_glutamate-1-semialdehyde_2-1-aminomutase	6wj8-assembly1.cif.gz_B Crystal structure of gamma-aminobutyrate aminotransferase PuuE from Klebsiella pneumoniae in complex with PLP	0.218	436	327	44	479	3	421	1.293E-21	665
LOKIASV2_3536_ESMFold_glutamate-1-semialdehyde_2-1-aminomutase	5ghg-assembly1.cif.gz_A	LOKIASV2_3536_ESMFold_glutamate-1-semialdehyde_2-1-aminomutase	5ghg-assembly1.cif.gz_A Transaminase W58L with SMBA	0.171	420	337	71	478	1	420	5.256E-20	663
LOKIASV2_3536_ESMFold_glutamate-1-semialdehyde_2-1-aminomutase	7qzj-assembly1.cif.gz_B	LOKIASV2_3536_ESMFold_glutamate-1-semialdehyde_2-1-aminomutase	7qzj-assembly1.cif.gz_B 1.55 A X-ray crystallographic structure of SapH from Streptomyces sp. (HPH0547) involved in Pseudouridimycin biosynthesis	0.180	405	325	71	475	25	421	3.629E-20	662
LOKIASV2_3536_ESMFold_glutamate-1-semialdehyde_2-1-aminomutase	5m49-assembly1.cif.gz_A-2	LOKIASV2_3536_ESMFold_glutamate-1-semialdehyde_2-1-aminomutase	5m49-assembly1.cif.gz_A-2 Alpha-amino epsilon-caprolactam racemase in complex with PLP and D/L alpha amino epsilon-caprolactam (internal aldimine)	0.196	431	325	48	478	4	408	6.670E-21	661
LOKIASV2_3536_ESMFold_glutamate-1-semialdehyde_2-1-aminomutase	7vno-assembly1.cif.gz_A	LOKIASV2_3536_ESMFold_glutamate-1-semialdehyde_2-1-aminomutase	7vno-assembly1.cif.gz_A Structure of aminotransferase	0.191	437	348	42	478	11	441	1.363E-21	661
LOKIASV2_3536_ESMFold_glutamate-1-semialdehyde_2-1-aminomutase	3n5m-assembly1.cif.gz_B	LOKIASV2_3536_ESMFold_glutamate-1-semialdehyde_2-1-aminomutase	3n5m-assembly1.cif.gz_B Crystals structure of a Bacillus anthracis aminotransferase	0.169	444	360	42	475	5	448	1.556E-20	658
LOKIASV2_3536_ESMFold_glutamate-1-semialdehyde_2-1-aminomutase	1z3z-assembly1.cif.gz_A	LOKIASV2_3536_ESMFold_glutamate-1-semialdehyde_2-1-aminomutase	1z3z-assembly1.cif.gz_A The crystal structure of a DGD mutant: Q52A	0.188	409	328	70	478	24	428	1.923E-20	656
LOKIASV2_3536_ESMFold_glutamate-1-semialdehyde_2-1-aminomutase	7b4i-assembly1.cif.gz_AAA	LOKIASV2_3536_ESMFold_glutamate-1-semialdehyde_2-1-aminomutase	7b4i-assembly1.cif.gz_AAA Thermostable omega transaminase PjTA-R6 variant W58G engineered for asymmetric synthesis of enantiopure bulky amines	0.178	425	339	66	478	21	445	4.253E-20	656
LOKIASV2_3536_ESMFold_glutamate-1-semialdehyde_2-1-aminomutase	7qzj-assembly1.cif.gz_A	LOKIASV2_3536_ESMFold_glutamate-1-semialdehyde_2-1-aminomutase	7qzj-assembly1.cif.gz_A 1.55 A X-ray crystallographic structure of SapH from Streptomyces sp. (HPH0547) involved in Pseudouridimycin biosynthesis	0.180	405	325	71	475	25	421	5.542E-20	654
LOKIASV2_3536_ESMFold_glutamate-1-semialdehyde_2-1-aminomutase	6io1-assembly1.cif.gz_B	LOKIASV2_3536_ESMFold_glutamate-1-semialdehyde_2-1-aminomutase	6io1-assembly1.cif.gz_B Crystal structure of a novel thermostable (S)-enantioselective omega-transaminase from Thermomicrobium roseum	0.182	442	354	46	479	7	448	2.505E-20	654
LOKIASV2_3536_ESMFold_glutamate-1-semialdehyde_2-1-aminomutase	4atp-assembly1.cif.gz_D	LOKIASV2_3536_ESMFold_glutamate-1-semialdehyde_2-1-aminomutase	4atp-assembly1.cif.gz_D Structure of GABA-transaminase A1R958 from Arthrobacter aurescens in complex with PLP	0.186	437	342	42	478	17	437	3.442E-20	651
LOKIASV2_3536_ESMFold_glutamate-1-semialdehyde_2-1-aminomutase	1z7d-assembly1.cif.gz_B	LOKIASV2_3536_ESMFold_glutamate-1-semialdehyde_2-1-aminomutase	1z7d-assembly1.cif.gz_B Ornithine aminotransferase PY00104 from Plasmodium Yoelii	0.191	409	285	70	478	22	374	4.985E-20	650
LOKIASV2_3536_ESMFold_glutamate-1-semialdehyde_2-1-aminomutase	1mly-assembly1.cif.gz_A	LOKIASV2_3536_ESMFold_glutamate-1-semialdehyde_2-1-aminomutase	1mly-assembly1.cif.gz_A Crystal Structure of 7,8-Diaminopelargonic Acid Synthase in complex with the cis isomer of amiclenomycin	0.150	401	332	71	471	27	417	7.221E-20	650
LOKIASV2_3536_ESMFold_glutamate-1-semialdehyde_2-1-aminomutase	3r4t-assembly1.cif.gz_A	LOKIASV2_3536_ESMFold_glutamate-1-semialdehyde_2-1-aminomutase	3r4t-assembly1.cif.gz_A Crystal structure of 4-aminobutyrate aminotransferase GabT from Mycobacterium marinum covalently bound to pyridoxal phosphate	0.206	438	340	42	479	16	444	2.254E-20	649
LOKIASV2_3536_ESMFold_glutamate-1-semialdehyde_2-1-aminomutase	5lh9-assembly1.cif.gz_A	LOKIASV2_3536_ESMFold_glutamate-1-semialdehyde_2-1-aminomutase	5lh9-assembly1.cif.gz_A Amine transaminase crystal structure from an uncultivated Pseudomonas species in the PLP-bound (internal aldimine) form	0.185	419	329	71	475	23	441	1.824E-20	648
LOKIASV2_3536_ESMFold_glutamate-1-semialdehyde_2-1-aminomutase	1mlz-assembly1.cif.gz_B	LOKIASV2_3536_ESMFold_glutamate-1-semialdehyde_2-1-aminomutase	1mlz-assembly1.cif.gz_B Crystal Structure of 7,8-Diaminopelargonic Acid Synthase in complex with the trans-isomer of amiclenomycin.	0.154	409	335	71	479	27	423	1.226E-19	647
LOKIASV2_3536_ESMFold_glutamate-1-semialdehyde_2-1-aminomutase	6ed7-assembly3.cif.gz_E	LOKIASV2_3536_ESMFold_glutamate-1-semialdehyde_2-1-aminomutase	6ed7-assembly3.cif.gz_E Crystal structure of 7,8-diaminopelargonic acid synthase bound to inhibitor MAC13772	0.154	409	335	71	479	27	423	1.163E-19	647
LOKIASV2_3536_ESMFold_glutamate-1-semialdehyde_2-1-aminomutase	4atq-assembly3.cif.gz_I	LOKIASV2_3536_ESMFold_glutamate-1-semialdehyde_2-1-aminomutase	4atq-assembly3.cif.gz_I GABA-transaminase A1R958 in complex with external aldimine PLP-GABA adduct	0.184	434	343	45	478	17	437	1.824E-20	646
LOKIASV2_3536_ESMFold_glutamate-1-semialdehyde_2-1-aminomutase	3oks-assembly1.cif.gz_A	LOKIASV2_3536_ESMFold_glutamate-1-semialdehyde_2-1-aminomutase	3oks-assembly1.cif.gz_A Crystal structure of 4-aminobutyrate transaminase from mycobacterium smegmatis	0.188	438	348	42	479	16	444	2.505E-20	646
LOKIASV2_3536_ESMFold_glutamate-1-semialdehyde_2-1-aminomutase	6io1-assembly1.cif.gz_A	LOKIASV2_3536_ESMFold_glutamate-1-semialdehyde_2-1-aminomutase	6io1-assembly1.cif.gz_A Crystal structure of a novel thermostable (S)-enantioselective omega-transaminase from Thermomicrobium roseum	0.178	440	356	46	479	8	447	3.264E-20	646
LOKIASV2_3536_ESMFold_glutamate-1-semialdehyde_2-1-aminomutase	3i4j-assembly2.cif.gz_D	LOKIASV2_3536_ESMFold_glutamate-1-semialdehyde_2-1-aminomutase	3i4j-assembly2.cif.gz_D Crystal structure of Aminotransferase, class III from Deinococcus radiodurans	0.172	407	304	71	477	11	378	3.725E-19	645
LOKIASV2_3536_ESMFold_glutamate-1-semialdehyde_2-1-aminomutase	2zuk-assembly1.cif.gz_A	LOKIASV2_3536_ESMFold_glutamate-1-semialdehyde_2-1-aminomutase	2zuk-assembly1.cif.gz_A The crystal structure of alpha-amino-epsilon-caprolactam racemase from Achromobacter obae complexed with epsilon caprolactam (different binding mode)	0.185	429	328	50	478	6	409	4.034E-20	644
LOKIASV2_3536_ESMFold_glutamate-1-semialdehyde_2-1-aminomutase	5ghf-assembly1.cif.gz_B	LOKIASV2_3536_ESMFold_glutamate-1-semialdehyde_2-1-aminomutase	5ghf-assembly1.cif.gz_B Transaminase with L-ala	0.167	420	339	71	478	1	420	2.439E-19	643
LOKIASV2_3536_ESMFold_glutamate-1-semialdehyde_2-1-aminomutase	5m4b-assembly1.cif.gz_A-2	LOKIASV2_3536_ESMFold_glutamate-1-semialdehyde_2-1-aminomutase	5m4b-assembly1.cif.gz_A-2 Alpha-amino epsilon-caprolactam racemase D210A mutant in complex with PLP and geminal diamine intermediate	0.185	427	333	53	479	15	424	5.398E-21	640
LOKIASV2_3536_ESMFold_glutamate-1-semialdehyde_2-1-aminomutase	5uc7-assembly1.cif.gz_A-2	LOKIASV2_3536_ESMFold_glutamate-1-semialdehyde_2-1-aminomutase	5uc7-assembly1.cif.gz_A-2 Crystal structure of BioA / 7,8-diaminopelargonic acid aminotransferase / DAPA synthase from Citrobacter rodentium, PLP complex	0.167	401	326	71	471	29	420	1.684E-19	639
LOKIASV2_3536_ESMFold_glutamate-1-semialdehyde_2-1-aminomutase	3dxv-assembly1.cif.gz_B	LOKIASV2_3536_ESMFold_glutamate-1-semialdehyde_2-1-aminomutase	3dxv-assembly1.cif.gz_B The crystal structure of alpha-amino-epsilon-caprolactam racemase from Achromobacter obae	0.185	429	339	50	478	5	421	6.161E-20	639
LOKIASV2_3536_ESMFold_glutamate-1-semialdehyde_2-1-aminomutase	6tb0-assembly1.cif.gz_A	LOKIASV2_3536_ESMFold_glutamate-1-semialdehyde_2-1-aminomutase	6tb0-assembly1.cif.gz_A Crystal structure of thermostable omega transaminase 4-fold mutant from Pseudomonas jessenii	0.186	424	335	66	477	22	445	9.920E-20	636
LOKIASV2_3536_ESMFold_glutamate-1-semialdehyde_2-1-aminomutase	1s0a-assembly1.cif.gz_B	LOKIASV2_3536_ESMFold_glutamate-1-semialdehyde_2-1-aminomutase	1s0a-assembly1.cif.gz_B Crystal Structure of the Y17F Mutant of 7,8-Diaminopelargonic Acid Synthase	0.164	409	331	71	479	27	423	1.974E-19	635
LOKIASV2_3536_ESMFold_glutamate-1-semialdehyde_2-1-aminomutase	3i5t-assembly1.cif.gz_B	LOKIASV2_3536_ESMFold_glutamate-1-semialdehyde_2-1-aminomutase	3i5t-assembly1.cif.gz_B CRYSTAL STRUCTURE OF AMINOTRANSFERASE PRK07036 FROM Rhodobacter sphaeroides KD131	0.189	412	330	71	478	26	437	8.027E-20	633
LOKIASV2_3536_ESMFold_glutamate-1-semialdehyde_2-1-aminomutase	1z7d-assembly2.cif.gz_C	LOKIASV2_3536_ESMFold_glutamate-1-semialdehyde_2-1-aminomutase	1z7d-assembly2.cif.gz_C Ornithine aminotransferase PY00104 from Plasmodium Yoelii	0.179	409	282	70	478	22	366	1.103E-19	632
LOKIASV2_3536_ESMFold_glutamate-1-semialdehyde_2-1-aminomutase	1z7d-assembly3.cif.gz_E	LOKIASV2_3536_ESMFold_glutamate-1-semialdehyde_2-1-aminomutase	1z7d-assembly3.cif.gz_E Ornithine aminotransferase PY00104 from Plasmodium Yoelii	0.186	411	286	68	478	20	371	6.161E-20	632
LOKIASV2_3536_ESMFold_glutamate-1-semialdehyde_2-1-aminomutase	1d7r-assembly1.cif.gz_A	LOKIASV2_3536_ESMFold_glutamate-1-semialdehyde_2-1-aminomutase	1d7r-assembly1.cif.gz_A CRYSTAL STRUCTURE OF THE COMPLEX OF 2,2-DIALKYLGLYCINE DECARBOXYLASE WITH 5PA	0.175	409	333	70	478	24	428	5.843E-20	631
LOKIASV2_3536_ESMFold_glutamate-1-semialdehyde_2-1-aminomutase	5m4d-assembly1.cif.gz_A-2	LOKIASV2_3536_ESMFold_glutamate-1-semialdehyde_2-1-aminomutase	5m4d-assembly1.cif.gz_A-2 Alpha-amino epsilon-caprolactam racemase K241A mutant in complex with D-ACL (external aldimine)	0.189	440	337	40	479	8	424	1.259E-20	630
LOKIASV2_3536_ESMFold_glutamate-1-semialdehyde_2-1-aminomutase	6tb1-assembly1.cif.gz_A	LOKIASV2_3536_ESMFold_glutamate-1-semialdehyde_2-1-aminomutase	6tb1-assembly1.cif.gz_A Crystal structure of thermostable omega transaminase 6-fold mutant from Pseudomonas jessenii	0.176	426	337	70	479	26	451	6.161E-20	630
LOKIASV2_3536_ESMFold_glutamate-1-semialdehyde_2-1-aminomutase	4ffc-assembly1.cif.gz_D	LOKIASV2_3536_ESMFold_glutamate-1-semialdehyde_2-1-aminomutase	4ffc-assembly1.cif.gz_D Crystal structure of a 4-aminobutyrate aminotransferase (GabT) from Mycobacterium abscessus	0.174	437	349	42	478	18	440	1.597E-19	629
LOKIASV2_3536_ESMFold_glutamate-1-semialdehyde_2-1-aminomutase	4e3r-assembly1.cif.gz_A	LOKIASV2_3536_ESMFold_glutamate-1-semialdehyde_2-1-aminomutase	4e3r-assembly1.cif.gz_A PLP-bound aminotransferase mutant crystal structure from Vibrio fluvialis	0.165	438	356	52	478	11	448	9.408E-20	629
LOKIASV2_3536_ESMFold_glutamate-1-semialdehyde_2-1-aminomutase	3gju-assembly1.cif.gz_A-2	LOKIASV2_3536_ESMFold_glutamate-1-semialdehyde_2-1-aminomutase	3gju-assembly1.cif.gz_A-2 Crystal structure of a putative aminotransferase (mll7127) from mesorhizobium loti maff303099 at 1.55 A resolution	0.188	457	356	40	479	2	458	2.314E-19	629
LOKIASV2_3536_ESMFold_glutamate-1-semialdehyde_2-1-aminomutase	1mgv-assembly1.cif.gz_B	LOKIASV2_3536_ESMFold_glutamate-1-semialdehyde_2-1-aminomutase	1mgv-assembly1.cif.gz_B Crystal Structure of the R391A Mutant of 7,8-Diaminopelargonic Acid Synthase	0.165	409	331	71	479	27	423	5.118E-19	628
LOKIASV2_3536_ESMFold_glutamate-1-semialdehyde_2-1-aminomutase	1s08-assembly1.cif.gz_B	LOKIASV2_3536_ESMFold_glutamate-1-semialdehyde_2-1-aminomutase	1s08-assembly1.cif.gz_B Crystal Structure of the D147N Mutant of 7,8-Diaminopelargonic Acid Synthase	0.146	401	319	71	471	27	400	4.142E-19	627
LOKIASV2_3536_ESMFold_glutamate-1-semialdehyde_2-1-aminomutase	5ghg-assembly1.cif.gz_B	LOKIASV2_3536_ESMFold_glutamate-1-semialdehyde_2-1-aminomutase	5ghg-assembly1.cif.gz_B Transaminase W58L with SMBA	0.158	414	342	65	478	22	428	3.928E-19	624
LOKIASV2_3536_ESMFold_glutamate-1-semialdehyde_2-1-aminomutase	4atp-assembly1.cif.gz_B	LOKIASV2_3536_ESMFold_glutamate-1-semialdehyde_2-1-aminomutase	4atp-assembly1.cif.gz_B Structure of GABA-transaminase A1R958 from Arthrobacter aurescens in complex with PLP	0.185	437	344	42	478	18	440	4.142E-19	624
LOKIASV2_3536_ESMFold_glutamate-1-semialdehyde_2-1-aminomutase	6j2v-assembly1.cif.gz_A	LOKIASV2_3536_ESMFold_glutamate-1-semialdehyde_2-1-aminomutase	6j2v-assembly1.cif.gz_A GABA aminotransferase from Corynebacterium glutamicum	0.192	437	338	42	478	18	436	2.081E-19	623
LOKIASV2_3536_ESMFold_glutamate-1-semialdehyde_2-1-aminomutase	3i4j-assembly2.cif.gz_B	LOKIASV2_3536_ESMFold_glutamate-1-semialdehyde_2-1-aminomutase	3i4j-assembly2.cif.gz_B Crystal structure of Aminotransferase, class III from Deinococcus radiodurans	0.181	405	305	71	475	11	383	4.142E-19	622
LOKIASV2_3536_ESMFold_glutamate-1-semialdehyde_2-1-aminomutase	5ll2-assembly1.cif.gz_B	LOKIASV2_3536_ESMFold_glutamate-1-semialdehyde_2-1-aminomutase	5ll2-assembly1.cif.gz_B Structure of Isoleucine 2-epimerase from Lactobacillus buchneri (apo form)	0.192	410	325	69	478	1	403	8.027E-20	622
LOKIASV2_3536_ESMFold_glutamate-1-semialdehyde_2-1-aminomutase	1s08-assembly1.cif.gz_A	LOKIASV2_3536_ESMFold_glutamate-1-semialdehyde_2-1-aminomutase	1s08-assembly1.cif.gz_A Crystal Structure of the D147N Mutant of 7,8-Diaminopelargonic Acid Synthase	0.158	401	314	71	471	27	400	3.533E-19	622
LOKIASV2_3536_ESMFold_glutamate-1-semialdehyde_2-1-aminomutase	4e3q-assembly1.cif.gz_A	LOKIASV2_3536_ESMFold_glutamate-1-semialdehyde_2-1-aminomutase	4e3q-assembly1.cif.gz_A PMP-bound form of Aminotransferase crystal structure from Vibrio fluvialis	0.161	438	357	52	478	11	448	3.351E-19	622
LOKIASV2_3536_ESMFold_glutamate-1-semialdehyde_2-1-aminomutase	6wnn-assembly1.cif.gz_A	LOKIASV2_3536_ESMFold_glutamate-1-semialdehyde_2-1-aminomutase	6wnn-assembly1.cif.gz_A Bacillus subtilis BioA in complex with amino donor L-Lys	0.195	429	332	50	478	4	417	6.495E-20	621
LOKIASV2_3536_ESMFold_glutamate-1-semialdehyde_2-1-aminomutase	3dxv-assembly1.cif.gz_A	LOKIASV2_3536_ESMFold_glutamate-1-semialdehyde_2-1-aminomutase	3dxv-assembly1.cif.gz_A The crystal structure of alpha-amino-epsilon-caprolactam racemase from Achromobacter obae	0.188	410	316	69	478	20	409	2.572E-19	621
LOKIASV2_3536_ESMFold_glutamate-1-semialdehyde_2-1-aminomutase	4grx-assembly1.cif.gz_B	LOKIASV2_3536_ESMFold_glutamate-1-semialdehyde_2-1-aminomutase	4grx-assembly1.cif.gz_B Structure of an omega-aminotransferase from Paracoccus denitrificans	0.161	441	360	49	478	5	445	2.859E-19	620
LOKIASV2_3536_ESMFold_glutamate-1-semialdehyde_2-1-aminomutase	1s06-assembly1.cif.gz_B	LOKIASV2_3536_ESMFold_glutamate-1-semialdehyde_2-1-aminomutase	1s06-assembly1.cif.gz_B Crystal Structure of the R253K Mutant of 7,8-Diaminopelargonic Acid Synthase	0.149	401	333	71	471	27	418	2.194E-19	618
LOKIASV2_3536_ESMFold_glutamate-1-semialdehyde_2-1-aminomutase	6g4e-assembly1.cif.gz_A	LOKIASV2_3536_ESMFold_glutamate-1-semialdehyde_2-1-aminomutase	6g4e-assembly1.cif.gz_A Crystal structure of the omega TRANSAMINASE FROM PSEUDOMONAS Jessenii in complex with PLP and 6-aminohexanoate (6-ACA)	0.186	430	336	66	479	22	451	1.363E-19	618
LOKIASV2_3536_ESMFold_glutamate-1-semialdehyde_2-1-aminomutase	6cbo-assembly2.cif.gz_D	LOKIASV2_3536_ESMFold_glutamate-1-semialdehyde_2-1-aminomutase	6cbo-assembly2.cif.gz_D X-ray structure of GenB1 from micromonospora echinospora in complex with neamine and PLP (as the external aldimine)	0.162	409	292	69	477	18	366	1.872E-19	617
LOKIASV2_3536_ESMFold_glutamate-1-semialdehyde_2-1-aminomutase	6ge8-assembly1.cif.gz_A	LOKIASV2_3536_ESMFold_glutamate-1-semialdehyde_2-1-aminomutase	6ge8-assembly1.cif.gz_A Crystal structure of Mycobacterium tuberculosis BioA	0.178	410	321	69	478	28	419	3.179E-19	617
LOKIASV2_3536_ESMFold_glutamate-1-semialdehyde_2-1-aminomutase	1s09-assembly1.cif.gz_B	LOKIASV2_3536_ESMFold_glutamate-1-semialdehyde_2-1-aminomutase	1s09-assembly1.cif.gz_B Crystal Structure of the Y144F Mutant of 7,8-Diaminopelargonic Acid Synthase	0.159	409	333	71	479	27	423	9.660E-19	617
LOKIASV2_3536_ESMFold_glutamate-1-semialdehyde_2-1-aminomutase	6gwi-assembly1.cif.gz_A	LOKIASV2_3536_ESMFold_glutamate-1-semialdehyde_2-1-aminomutase	6gwi-assembly1.cif.gz_A The crystal structure of Halomonas elongata amino-transferase	0.190	445	351	45	478	2	446	3.351E-19	616
LOKIASV2_3536_ESMFold_glutamate-1-semialdehyde_2-1-aminomutase	1qj3-assembly1.cif.gz_A	LOKIASV2_3536_ESMFold_glutamate-1-semialdehyde_2-1-aminomutase	1qj3-assembly1.cif.gz_A Crystal structure of 7,8-diaminopelargonic acid synthase in complex with 7-keto-8-aminopelargonic acid	0.149	401	323	71	471	27	406	7.816E-19	613
LOKIASV2_3536_ESMFold_glutamate-1-semialdehyde_2-1-aminomutase	7b4j-assembly1.cif.gz_A	LOKIASV2_3536_ESMFold_glutamate-1-semialdehyde_2-1-aminomutase	7b4j-assembly1.cif.gz_A Thermostable omega transaminase PjTA-R6 variant W58M/F86L/R417L engineered for asymmetric synthesis of enantiopure bulky amines	0.174	425	340	66	478	21	445	4.854E-19	612
LOKIASV2_3536_ESMFold_glutamate-1-semialdehyde_2-1-aminomutase	7q9x-assembly1.cif.gz_AAA	LOKIASV2_3536_ESMFold_glutamate-1-semialdehyde_2-1-aminomutase	7q9x-assembly1.cif.gz_AAA Crystal structure of Chromobacterium violaceum aminotransferase in complex with PLP-pyruvate adduct	0.174	449	358	44	478	2	450	1.046E-19	612
LOKIASV2_3536_ESMFold_glutamate-1-semialdehyde_2-1-aminomutase	4uhn-assembly1.cif.gz_A-2	LOKIASV2_3536_ESMFold_glutamate-1-semialdehyde_2-1-aminomutase	4uhn-assembly1.cif.gz_A-2 Characterization of a Novel Transaminase from Pseudomonas sp. Strain AAC	0.211	416	326	64	477	14	429	8.689E-19	611
LOKIASV2_3536_ESMFold_glutamate-1-semialdehyde_2-1-aminomutase	5ll2-assembly1.cif.gz_D	LOKIASV2_3536_ESMFold_glutamate-1-semialdehyde_2-1-aminomutase	5ll2-assembly1.cif.gz_D Structure of Isoleucine 2-epimerase from Lactobacillus buchneri (apo form)	0.187	410	324	69	478	1	399	2.572E-19	610
LOKIASV2_3536_ESMFold_glutamate-1-semialdehyde_2-1-aminomutase	5kqw-assembly2.cif.gz_D	LOKIASV2_3536_ESMFold_glutamate-1-semialdehyde_2-1-aminomutase	5kqw-assembly2.cif.gz_D Directed Evolution of Transaminases By Ancestral Reconstruction. Using Old Proteins for New Chemistries	0.179	450	355	46	478	4	453	3.179E-19	610
LOKIASV2_3536_ESMFold_glutamate-1-semialdehyde_2-1-aminomutase	5kr4-assembly1.cif.gz_B	LOKIASV2_3536_ESMFold_glutamate-1-semialdehyde_2-1-aminomutase	5kr4-assembly1.cif.gz_B Directed Evolution of Transaminases By Ancestral Reconstruction. Using Old Proteins for New Chemistries	0.184	450	353	46	478	4	453	2.439E-19	610
LOKIASV2_3536_ESMFold_glutamate-1-semialdehyde_2-1-aminomutase	1dgd-assembly1.cif.gz_A	LOKIASV2_3536_ESMFold_glutamate-1-semialdehyde_2-1-aminomutase	1dgd-assembly1.cif.gz_A AN ALKALI METAL ION SIZE-DEPENDENT SWITCH IN THE ACTIVE SITE STRUCTURE OF DIALKYLGLYCINE DECARBOXYLASE	0.189	409	328	70	478	24	428	1.293E-19	609
LOKIASV2_3536_ESMFold_glutamate-1-semialdehyde_2-1-aminomutase	5ghf-assembly1.cif.gz_A	LOKIASV2_3536_ESMFold_glutamate-1-semialdehyde_2-1-aminomutase	5ghf-assembly1.cif.gz_A Transaminase with L-ala	0.162	414	338	65	478	23	426	5.118E-19	608
LOKIASV2_3536_ESMFold_glutamate-1-semialdehyde_2-1-aminomutase	5kqt-assembly1.cif.gz_A-2	LOKIASV2_3536_ESMFold_glutamate-1-semialdehyde_2-1-aminomutase	5kqt-assembly1.cif.gz_A-2 Directed Evolution of Transaminases By Ancestral Reconstruction. Using Old Proteins for New Chemistries	0.193	432	335	63	478	22	453	3.351E-19	608
LOKIASV2_3536_ESMFold_glutamate-1-semialdehyde_2-1-aminomutase	6wnn-assembly1.cif.gz_B	LOKIASV2_3536_ESMFold_glutamate-1-semialdehyde_2-1-aminomutase	6wnn-assembly1.cif.gz_B Bacillus subtilis BioA in complex with amino donor L-Lys	0.182	408	316	70	477	24	410	1.103E-19	607
LOKIASV2_3536_ESMFold_glutamate-1-semialdehyde_2-1-aminomutase	2zuk-assembly1.cif.gz_B	LOKIASV2_3536_ESMFold_glutamate-1-semialdehyde_2-1-aminomutase	2zuk-assembly1.cif.gz_B The crystal structure of alpha-amino-epsilon-caprolactam racemase from Achromobacter obae complexed with epsilon caprolactam (different binding mode)	0.201	410	314	69	478	20	413	1.974E-19	607
LOKIASV2_3536_ESMFold_glutamate-1-semialdehyde_2-1-aminomutase	1s0a-assembly1.cif.gz_A	LOKIASV2_3536_ESMFold_glutamate-1-semialdehyde_2-1-aminomutase	1s0a-assembly1.cif.gz_A Crystal Structure of the Y17F Mutant of 7,8-Diaminopelargonic Acid Synthase	0.159	401	328	71	471	27	417	1.922E-18	606
LOKIASV2_3536_ESMFold_glutamate-1-semialdehyde_2-1-aminomutase	6tor-assembly1.cif.gz_A	LOKIASV2_3536_ESMFold_glutamate-1-semialdehyde_2-1-aminomutase	6tor-assembly1.cif.gz_A human O-phosphoethanolamine phospho-lyase	0.155	408	335	71	478	1	397	6.325E-19	605
LOKIASV2_3536_ESMFold_glutamate-1-semialdehyde_2-1-aminomutase	5ztx-assembly1.cif.gz_A	LOKIASV2_3536_ESMFold_glutamate-1-semialdehyde_2-1-aminomutase	5ztx-assembly1.cif.gz_A co-factor free Transaminase	0.161	418	341	71	478	2	419	3.179E-19	605
LOKIASV2_3536_ESMFold_glutamate-1-semialdehyde_2-1-aminomutase	1dty-assembly1.cif.gz_B	LOKIASV2_3536_ESMFold_glutamate-1-semialdehyde_2-1-aminomutase	1dty-assembly1.cif.gz_B CRYSTAL STRUCTURE OF ADENOSYLMETHIONINE-8-AMINO-7-OXONANOATE AMINOTRANSFERASE WITH PYRIDOXAL PHOSPHATE COFACTOR.	0.158	409	333	71	479	27	423	1.640E-18	604
LOKIASV2_3536_ESMFold_glutamate-1-semialdehyde_2-1-aminomutase	1dka-assembly1.cif.gz_A	LOKIASV2_3536_ESMFold_glutamate-1-semialdehyde_2-1-aminomutase	1dka-assembly1.cif.gz_A DIALKYLGLYCINE DECARBOXYLASE STRUCTURE: BIFUNCTIONAL ACTIVE SITE AND ALKALI METAL BINDING SITES	0.180	409	331	70	478	24	428	3.351E-19	604
LOKIASV2_3536_ESMFold_glutamate-1-semialdehyde_2-1-aminomutase	4atq-assembly3.cif.gz_L	LOKIASV2_3536_ESMFold_glutamate-1-semialdehyde_2-1-aminomutase	4atq-assembly3.cif.gz_L GABA-transaminase A1R958 in complex with external aldimine PLP-GABA adduct	0.180	434	342	45	478	17	434	1.293E-19	604
LOKIASV2_3536_ESMFold_glutamate-1-semialdehyde_2-1-aminomutase	4b9b-assembly1.cif.gz_C	LOKIASV2_3536_ESMFold_glutamate-1-semialdehyde_2-1-aminomutase	4b9b-assembly1.cif.gz_C The structure of the omega aminotransferase from Pseudomonas aeruginosa	0.200	418	331	63	477	15	432	9.162E-19	604
LOKIASV2_3536_ESMFold_glutamate-1-semialdehyde_2-1-aminomutase	4cxq-assembly1.cif.gz_B	LOKIASV2_3536_ESMFold_glutamate-1-semialdehyde_2-1-aminomutase	4cxq-assembly1.cif.gz_B Mycobaterium tuberculosis transaminase BioA complexed with substrate KAPA	0.179	410	326	69	478	25	422	9.660E-19	603
LOKIASV2_3536_ESMFold_glutamate-1-semialdehyde_2-1-aminomutase	1s09-assembly1.cif.gz_A	LOKIASV2_3536_ESMFold_glutamate-1-semialdehyde_2-1-aminomutase	1s09-assembly1.cif.gz_A Crystal Structure of the Y144F Mutant of 7,8-Diaminopelargonic Acid Synthase	0.155	401	330	71	471	27	417	2.505E-18	603
LOKIASV2_3536_ESMFold_glutamate-1-semialdehyde_2-1-aminomutase	5m46-assembly1.cif.gz_A-2	LOKIASV2_3536_ESMFold_glutamate-1-semialdehyde_2-1-aminomutase	5m46-assembly1.cif.gz_A-2 Alpha-amino epsilon-caprolactam racemase (ACLR) from Rhizobacterium freirei	0.205	410	310	69	478	26	416	3.826E-20	603
LOKIASV2_3536_ESMFold_glutamate-1-semialdehyde_2-1-aminomutase	4ysv-assembly1.cif.gz_A	LOKIASV2_3536_ESMFold_glutamate-1-semialdehyde_2-1-aminomutase	4ysv-assembly1.cif.gz_A Structure of aminoacid racemase in apo-form	0.193	408	319	71	478	1	396	8.689E-19	602
LOKIASV2_3536_ESMFold_glutamate-1-semialdehyde_2-1-aminomutase	3dod-assembly1.cif.gz_B	LOKIASV2_3536_ESMFold_glutamate-1-semialdehyde_2-1-aminomutase	3dod-assembly1.cif.gz_B Crystal Structure of PLP Bound 7,8-Diaminopelargonic Acid Synthase in Bacillus subtilis	0.193	406	312	70	475	24	410	3.725E-19	602
LOKIASV2_3536_ESMFold_glutamate-1-semialdehyde_2-1-aminomutase	6jix-assembly2.cif.gz_C	LOKIASV2_3536_ESMFold_glutamate-1-semialdehyde_2-1-aminomutase	6jix-assembly2.cif.gz_C The cyrstal structure of taurine:2-oxoglutarate aminotransferase from Bifidobacterium kashiwanohense, in complex with PLP and glutamate	0.185	411	329	71	475	29	439	1.974E-19	602
LOKIASV2_3536_ESMFold_glutamate-1-semialdehyde_2-1-aminomutase	7qx0-assembly2.cif.gz_B	LOKIASV2_3536_ESMFold_glutamate-1-semialdehyde_2-1-aminomutase	7qx0-assembly2.cif.gz_B Transaminase Structure of Plurienzyme (Tr2E2) in complex with PLP	0.178	440	354	44	475	1	440	8.027E-20	601
LOKIASV2_3536_ESMFold_glutamate-1-semialdehyde_2-1-aminomutase	4wya-assembly2.cif.gz_C	LOKIASV2_3536_ESMFold_glutamate-1-semialdehyde_2-1-aminomutase	4wya-assembly2.cif.gz_C Crystal structure of 7,8-diaminopelargonic acid synthase (BioA) from Mycobacterium tuberculosis, complexed with a fragment hit	0.186	410	318	69	478	25	416	2.505E-18	600
LOKIASV2_3536_ESMFold_glutamate-1-semialdehyde_2-1-aminomutase	5ll2-assembly1.cif.gz_C	LOKIASV2_3536_ESMFold_glutamate-1-semialdehyde_2-1-aminomutase	5ll2-assembly1.cif.gz_C Structure of Isoleucine 2-epimerase from Lactobacillus buchneri (apo form)	0.188	411	326	69	479	1	402	8.689E-19	599
LOKIASV2_3536_ESMFold_glutamate-1-semialdehyde_2-1-aminomutase	1s07-assembly1.cif.gz_B	LOKIASV2_3536_ESMFold_glutamate-1-semialdehyde_2-1-aminomutase	1s07-assembly1.cif.gz_B Crystal Structure of the R253A Mutant of 7,8-Diaminopelargonic Acid Synthase	0.154	409	335	71	479	27	423	7.031E-19	597
LOKIASV2_3536_ESMFold_glutamate-1-semialdehyde_2-1-aminomutase	3a8u-assembly1.cif.gz_X	LOKIASV2_3536_ESMFold_glutamate-1-semialdehyde_2-1-aminomutase	3a8u-assembly1.cif.gz_X Crystal Structure of omega-Amino Acid:Pyruvate Aminotransferase	0.200	421	333	63	479	19	439	7.413E-19	597
LOKIASV2_3536_ESMFold_glutamate-1-semialdehyde_2-1-aminomutase	5kqu-assembly1.cif.gz_A	LOKIASV2_3536_ESMFold_glutamate-1-semialdehyde_2-1-aminomutase	5kqu-assembly1.cif.gz_A Directed Evolution of Transaminases By Ancestral Reconstruction. Using Old Proteins for New Chemistries	0.192	450	349	46	478	4	453	7.816E-19	597
LOKIASV2_3536_ESMFold_glutamate-1-semialdehyde_2-1-aminomutase	3lv2-assembly1.cif.gz_B	LOKIASV2_3536_ESMFold_glutamate-1-semialdehyde_2-1-aminomutase	3lv2-assembly1.cif.gz_B Crystal structure of Mycobacterium tuberculosis 7,8-diaminopelargonic acid synthase in complex with substrate analog sinefungin	0.177	409	321	70	478	21	411	2.505E-18	596
LOKIASV2_3536_ESMFold_glutamate-1-semialdehyde_2-1-aminomutase	3i5t-assembly1.cif.gz_A	LOKIASV2_3536_ESMFold_glutamate-1-semialdehyde_2-1-aminomutase	3i5t-assembly1.cif.gz_A CRYSTAL STRUCTURE OF AMINOTRANSFERASE PRK07036 FROM Rhodobacter sphaeroides KD131	0.184	413	332	71	478	26	438	1.555E-18	596
LOKIASV2_3536_ESMFold_glutamate-1-semialdehyde_2-1-aminomutase	3tft-assembly1.cif.gz_A	LOKIASV2_3536_ESMFold_glutamate-1-semialdehyde_2-1-aminomutase	3tft-assembly1.cif.gz_A Crystal structure of 7,8-diaminopelargonic acid synthase (BioA) from Mycobacterium tuberculosis, pre-reaction complex with a 3,6-dihydropyrid-2-one heterocycle inhibitor	0.184	410	324	69	478	23	420	1.327E-18	595
LOKIASV2_3536_ESMFold_glutamate-1-semialdehyde_2-1-aminomutase	1s06-assembly1.cif.gz_A	LOKIASV2_3536_ESMFold_glutamate-1-semialdehyde_2-1-aminomutase	1s06-assembly1.cif.gz_A Crystal Structure of the R253K Mutant of 7,8-Diaminopelargonic Acid Synthase	0.153	401	330	71	471	27	417	1.555E-18	595
LOKIASV2_3536_ESMFold_glutamate-1-semialdehyde_2-1-aminomutase	7ypm-assembly2.cif.gz_D	LOKIASV2_3536_ESMFold_glutamate-1-semialdehyde_2-1-aminomutase	7ypm-assembly2.cif.gz_D Crystal structure of transaminase CC1012 complexed with PLP and L-alanine	0.186	423	335	65	476	25	447	1.074E-18	595
LOKIASV2_3536_ESMFold_glutamate-1-semialdehyde_2-1-aminomutase	5kr3-assembly1.cif.gz_B	LOKIASV2_3536_ESMFold_glutamate-1-semialdehyde_2-1-aminomutase	5kr3-assembly1.cif.gz_B Directed Evolution of Transaminases By Ancestral Reconstruction. Using Old Proteins for New Chemistries	0.183	432	339	63	478	23	454	3.179E-19	594
LOKIASV2_3536_ESMFold_glutamate-1-semialdehyde_2-1-aminomutase	1qj3-assembly1.cif.gz_B	LOKIASV2_3536_ESMFold_glutamate-1-semialdehyde_2-1-aminomutase	1qj3-assembly1.cif.gz_B Crystal structure of 7,8-diaminopelargonic acid synthase in complex with 7-keto-8-aminopelargonic acid	0.142	401	324	71	471	27	405	1.823E-18	593
LOKIASV2_3536_ESMFold_glutamate-1-semialdehyde_2-1-aminomutase	3tfu-assembly1.cif.gz_A	LOKIASV2_3536_ESMFold_glutamate-1-semialdehyde_2-1-aminomutase	3tfu-assembly1.cif.gz_A Crystal structure of 7,8-diaminopelargonic acid synthase (BioA) from Mycobacterium tuberculosis, post-reaction complex with a 3,6-dihydropyrid-2-one heterocycle inhibitor	0.176	410	319	69	478	28	415	2.137E-18	592
LOKIASV2_3536_ESMFold_glutamate-1-semialdehyde_2-1-aminomutase	4a6r-assembly1.cif.gz_B	LOKIASV2_3536_ESMFold_glutamate-1-semialdehyde_2-1-aminomutase	4a6r-assembly1.cif.gz_B Crystal structure of the omega transaminase from Chromobacterium violaceum in the apo form, crystallised from polyacrylic acid	0.184	416	331	72	478	2	417	5.999E-19	592
LOKIASV2_3536_ESMFold_glutamate-1-semialdehyde_2-1-aminomutase	4cxq-assembly1.cif.gz_A	LOKIASV2_3536_ESMFold_glutamate-1-semialdehyde_2-1-aminomutase	4cxq-assembly1.cif.gz_A Mycobaterium tuberculosis transaminase BioA complexed with substrate KAPA	0.182	409	324	70	478	27	423	2.505E-18	592
LOKIASV2_3536_ESMFold_glutamate-1-semialdehyde_2-1-aminomutase	3nui-assembly1.cif.gz_A	LOKIASV2_3536_ESMFold_glutamate-1-semialdehyde_2-1-aminomutase	3nui-assembly1.cif.gz_A Crystal structure of omega-transferase from Vibrio Fluvialis JS17	0.151	424	346	71	479	2	425	1.555E-18	589
LOKIASV2_3536_ESMFold_glutamate-1-semialdehyde_2-1-aminomutase	3fcr-assembly1.cif.gz_A-2	LOKIASV2_3536_ESMFold_glutamate-1-semialdehyde_2-1-aminomutase	3fcr-assembly1.cif.gz_A-2 Crystal structure of putative aminotransferase (YP_614685.1) from SILICIBACTER SP. TM1040 at 1.80 A resolution	0.187	452	351	46	478	3	454	5.999E-19	589
LOKIASV2_3536_ESMFold_glutamate-1-semialdehyde_2-1-aminomutase	3bv0-assembly1.cif.gz_A	LOKIASV2_3536_ESMFold_glutamate-1-semialdehyde_2-1-aminomutase	3bv0-assembly1.cif.gz_A Crystal Structure of PLP Bound 7,8-Diaminopelargonic Acid Synthase in Mycobacterium Tuberculosis	0.178	409	319	70	478	20	408	4.252E-18	588
LOKIASV2_3536_ESMFold_glutamate-1-semialdehyde_2-1-aminomutase	5kr6-assembly1.cif.gz_A	LOKIASV2_3536_ESMFold_glutamate-1-semialdehyde_2-1-aminomutase	5kr6-assembly1.cif.gz_A Directed Evolution of Transaminases By Ancestral Reconstruction. Using Old Proteins for New Chemistries	0.182	432	339	63	478	23	454	2.375E-18	588
LOKIASV2_3536_ESMFold_glutamate-1-semialdehyde_2-1-aminomutase	4a72-assembly1.cif.gz_B	LOKIASV2_3536_ESMFold_glutamate-1-semialdehyde_2-1-aminomutase	4a72-assembly1.cif.gz_B Crystal structure of the omega transaminase from Chromobacterium violaceum in a mixture of apo and PLP-bound states	0.181	420	333	72	478	2	421	7.613E-20	587
LOKIASV2_3536_ESMFold_glutamate-1-semialdehyde_2-1-aminomutase	5kr3-assembly1.cif.gz_A	LOKIASV2_3536_ESMFold_glutamate-1-semialdehyde_2-1-aminomutase	5kr3-assembly1.cif.gz_A Directed Evolution of Transaminases By Ancestral Reconstruction. Using Old Proteins for New Chemistries	0.182	430	339	63	478	25	454	7.413E-19	587
LOKIASV2_3536_ESMFold_glutamate-1-semialdehyde_2-1-aminomutase	6ge8-assembly1.cif.gz_B	LOKIASV2_3536_ESMFold_glutamate-1-semialdehyde_2-1-aminomutase	6ge8-assembly1.cif.gz_B Crystal structure of Mycobacterium tuberculosis BioA	0.176	410	321	69	478	28	417	1.922E-18	585
LOKIASV2_3536_ESMFold_glutamate-1-semialdehyde_2-1-aminomutase	5kr5-assembly1.cif.gz_B	LOKIASV2_3536_ESMFold_glutamate-1-semialdehyde_2-1-aminomutase	5kr5-assembly1.cif.gz_B Directed Evolution of Transaminases By Ancestral Reconstruction. Using Old Proteins for New Chemistries	0.182	433	340	63	479	22	454	2.641E-18	585
LOKIASV2_3536_ESMFold_glutamate-1-semialdehyde_2-1-aminomutase	4a6u-assembly1.cif.gz_A	LOKIASV2_3536_ESMFold_glutamate-1-semialdehyde_2-1-aminomutase	4a6u-assembly1.cif.gz_A Crystal structure of the omega transaminase from Chromobacterium violaceum in the apo form, crystallised from PEG 3350	0.164	407	319	72	478	2	384	8.689E-19	584
LOKIASV2_3536_ESMFold_glutamate-1-semialdehyde_2-1-aminomutase	3lv2-assembly1.cif.gz_A	LOKIASV2_3536_ESMFold_glutamate-1-semialdehyde_2-1-aminomutase	3lv2-assembly1.cif.gz_A Crystal structure of Mycobacterium tuberculosis 7,8-diaminopelargonic acid synthase in complex with substrate analog sinefungin	0.171	430	340	49	478	5	415	7.611E-18	583
LOKIASV2_3536_ESMFold_glutamate-1-semialdehyde_2-1-aminomutase	4a6r-assembly1.cif.gz_A	LOKIASV2_3536_ESMFold_glutamate-1-semialdehyde_2-1-aminomutase	4a6r-assembly1.cif.gz_A Crystal structure of the omega transaminase from Chromobacterium violaceum in the apo form, crystallised from polyacrylic acid	0.180	417	333	72	478	2	418	3.015E-19	580
LOKIASV2_3536_ESMFold_glutamate-1-semialdehyde_2-1-aminomutase	6rl5-assembly1.cif.gz_A	LOKIASV2_3536_ESMFold_glutamate-1-semialdehyde_2-1-aminomutase	6rl5-assembly1.cif.gz_A The first crystal structure of the DABA aminotransferase EctB in the ectoine biosynthesis pathway of the model organism Chromohalobacter salexigens DSM 3034	0.179	426	337	53	478	3	413	5.999E-19	578
LOKIASV2_3536_ESMFold_glutamate-1-semialdehyde_2-1-aminomutase	4wya-assembly1.cif.gz_B	LOKIASV2_3536_ESMFold_glutamate-1-semialdehyde_2-1-aminomutase	4wya-assembly1.cif.gz_B Crystal structure of 7,8-diaminopelargonic acid synthase (BioA) from Mycobacterium tuberculosis, complexed with a fragment hit	0.177	410	324	69	478	26	420	7.611E-18	574
LOKIASV2_3536_ESMFold_glutamate-1-semialdehyde_2-1-aminomutase	4uhm-assembly1.cif.gz_A	LOKIASV2_3536_ESMFold_glutamate-1-semialdehyde_2-1-aminomutase	4uhm-assembly1.cif.gz_A Characterization of a Novel Transaminase from Pseudomonas sp. Strain AAC	0.206	418	329	63	477	14	431	1.475E-18	574
LOKIASV2_3536_ESMFold_glutamate-1-semialdehyde_2-1-aminomutase	6zhk-assembly1.cif.gz_B	LOKIASV2_3536_ESMFold_glutamate-1-semialdehyde_2-1-aminomutase	6zhk-assembly1.cif.gz_B Crystal structure of adenosylmethionine-8-amino-7-oxononanoate aminotransferase from Methanocaldococcus jannaschii DSM 2661	0.205	434	343	45	478	3	434	1.922E-18	574
LOKIASV2_3536_ESMFold_glutamate-1-semialdehyde_2-1-aminomutase	4a6u-assembly1.cif.gz_B	LOKIASV2_3536_ESMFold_glutamate-1-semialdehyde_2-1-aminomutase	4a6u-assembly1.cif.gz_B Crystal structure of the omega transaminase from Chromobacterium violaceum in the apo form, crystallised from PEG 3350	0.166	407	319	72	478	2	384	2.137E-18	573
LOKIASV2_3536_ESMFold_glutamate-1-semialdehyde_2-1-aminomutase	5ll2-assembly1.cif.gz_A	LOKIASV2_3536_ESMFold_glutamate-1-semialdehyde_2-1-aminomutase	5ll2-assembly1.cif.gz_A Structure of Isoleucine 2-epimerase from Lactobacillus buchneri (apo form)	0.187	410	324	69	478	1	400	7.031E-19	573
LOKIASV2_3536_ESMFold_glutamate-1-semialdehyde_2-1-aminomutase	3tfu-assembly1.cif.gz_B	LOKIASV2_3536_ESMFold_glutamate-1-semialdehyde_2-1-aminomutase	3tfu-assembly1.cif.gz_B Crystal structure of 7,8-diaminopelargonic acid synthase (BioA) from Mycobacterium tuberculosis, post-reaction complex with a 3,6-dihydropyrid-2-one heterocycle inhibitor	0.177	409	318	70	478	24	410	4.252E-18	573
LOKIASV2_3536_ESMFold_glutamate-1-semialdehyde_2-1-aminomutase	6erk-assembly1.cif.gz_B	LOKIASV2_3536_ESMFold_glutamate-1-semialdehyde_2-1-aminomutase	6erk-assembly1.cif.gz_B Crystal structure of diaminopelargonic acid aminotransferase from Psychrobacter cryohalolentis	0.174	410	319	69	478	27	413	1.018E-18	573
LOKIASV2_3536_ESMFold_glutamate-1-semialdehyde_2-1-aminomutase	6snu-assembly1.cif.gz_B	LOKIASV2_3536_ESMFold_glutamate-1-semialdehyde_2-1-aminomutase	6snu-assembly1.cif.gz_B Crystal structure of the W60C mutant of the (S)-selective transaminase from Chromobacterium violaceum	0.179	449	356	44	478	2	450	1.729E-18	573
LOKIASV2_3536_ESMFold_glutamate-1-semialdehyde_2-1-aminomutase	7ypn-assembly1.cif.gz_B	LOKIASV2_3536_ESMFold_glutamate-1-semialdehyde_2-1-aminomutase	7ypn-assembly1.cif.gz_B Crystal structure of transaminase CC1012 mutant M9 complexed with PLP	0.188	428	335	65	478	25	452	4.727E-18	572
LOKIASV2_3536_ESMFold_glutamate-1-semialdehyde_2-1-aminomutase	5kgt-assembly1.cif.gz_B	LOKIASV2_3536_ESMFold_glutamate-1-semialdehyde_2-1-aminomutase	5kgt-assembly1.cif.gz_B Crystal structure of 7,8-diaminopelargonic acid synthase (BioA) from Mycobacterium tuberculosis, complexed with an inhibitor optimized from HTS lead: 1-[4-[4-(3-chlorophenyl)carbonylpiperidin-1-yl]phenyl]ethanone	0.174	410	328	69	478	28	425	4.984E-18	571
LOKIASV2_3536_ESMFold_glutamate-1-semialdehyde_2-1-aminomutase	2eo5-assembly1.cif.gz_A	LOKIASV2_3536_ESMFold_glutamate-1-semialdehyde_2-1-aminomutase	2eo5-assembly1.cif.gz_A Crystal structure of 4-aminobutyrate aminotransferase from Sulfolobus tokodaii strain7	0.182	435	333	44	478	3	410	2.027E-18	570
LOKIASV2_3536_ESMFold_glutamate-1-semialdehyde_2-1-aminomutase	7qyf-assembly1.cif.gz_D	LOKIASV2_3536_ESMFold_glutamate-1-semialdehyde_2-1-aminomutase	7qyf-assembly1.cif.gz_D Structure of the transaminase PluriZyme variant (TR2E2)	0.201	405	322	72	475	1	405	2.027E-18	570
LOKIASV2_3536_ESMFold_glutamate-1-semialdehyde_2-1-aminomutase	7qx0-assembly2.cif.gz_C	LOKIASV2_3536_ESMFold_glutamate-1-semialdehyde_2-1-aminomutase	7qx0-assembly2.cif.gz_C Transaminase Structure of Plurienzyme (Tr2E2) in complex with PLP	0.197	410	324	72	475	1	410	2.313E-17	568
LOKIASV2_3536_ESMFold_glutamate-1-semialdehyde_2-1-aminomutase	6erk-assembly1.cif.gz_A	LOKIASV2_3536_ESMFold_glutamate-1-semialdehyde_2-1-aminomutase	6erk-assembly1.cif.gz_A Crystal structure of diaminopelargonic acid aminotransferase from Psychrobacter cryohalolentis	0.177	405	315	72	476	29	412	1.729E-18	568
LOKIASV2_3536_ESMFold_glutamate-1-semialdehyde_2-1-aminomutase	7qyf-assembly2.cif.gz_C	LOKIASV2_3536_ESMFold_glutamate-1-semialdehyde_2-1-aminomutase	7qyf-assembly2.cif.gz_C Structure of the transaminase PluriZyme variant (TR2E2)	0.190	413	330	71	478	1	413	4.483E-18	566
LOKIASV2_3536_ESMFold_glutamate-1-semialdehyde_2-1-aminomutase	7qx3-assembly1.cif.gz_D	LOKIASV2_3536_ESMFold_glutamate-1-semialdehyde_2-1-aminomutase	7qx3-assembly1.cif.gz_D Structure of the transaminase TR2E2 with EOS	0.194	418	326	71	475	2	419	1.259E-18	565
LOKIASV2_3536_ESMFold_glutamate-1-semialdehyde_2-1-aminomutase	4a72-assembly2.cif.gz_C	LOKIASV2_3536_ESMFold_glutamate-1-semialdehyde_2-1-aminomutase	4a72-assembly2.cif.gz_C Crystal structure of the omega transaminase from Chromobacterium violaceum in a mixture of apo and PLP-bound states	0.171	420	337	71	478	30	449	5.118E-19	564
LOKIASV2_3536_ESMFold_glutamate-1-semialdehyde_2-1-aminomutase	4a72-assembly1.cif.gz_A	LOKIASV2_3536_ESMFold_glutamate-1-semialdehyde_2-1-aminomutase	4a72-assembly1.cif.gz_A Crystal structure of the omega transaminase from Chromobacterium violaceum in a mixture of apo and PLP-bound states	0.175	416	333	74	478	9	424	8.689E-19	563
LOKIASV2_3536_ESMFold_glutamate-1-semialdehyde_2-1-aminomutase	3hmu-assembly1.cif.gz_B	LOKIASV2_3536_ESMFold_glutamate-1-semialdehyde_2-1-aminomutase	3hmu-assembly1.cif.gz_B Crystal structure of a class III aminotransferase from Silicibacter pomeroyi	0.178	423	341	63	478	26	448	1.074E-18	563
LOKIASV2_3536_ESMFold_glutamate-1-semialdehyde_2-1-aminomutase	6hx9-assembly1.cif.gz_A	LOKIASV2_3536_ESMFold_glutamate-1-semialdehyde_2-1-aminomutase	6hx9-assembly1.cif.gz_A Putrescine transaminase from Pseudomonas putida	0.168	409	317	70	478	1	382	1.515E-17	560
LOKIASV2_3536_ESMFold_glutamate-1-semialdehyde_2-1-aminomutase	7ug3-assembly1.cif.gz_B	LOKIASV2_3536_ESMFold_glutamate-1-semialdehyde_2-1-aminomutase	7ug3-assembly1.cif.gz_B Crystal structure of adenosylmethionie-8-amino-7-oxononanoate aminotransferase from Klebsiella pneumoniae	0.144	409	305	71	479	27	383	8.025E-18	559
LOKIASV2_3536_ESMFold_glutamate-1-semialdehyde_2-1-aminomutase	6tor-assembly1.cif.gz_B	LOKIASV2_3536_ESMFold_glutamate-1-semialdehyde_2-1-aminomutase	6tor-assembly1.cif.gz_B human O-phosphoethanolamine phospho-lyase	0.153	408	334	71	478	1	395	3.825E-18	559
LOKIASV2_3536_ESMFold_glutamate-1-semialdehyde_2-1-aminomutase	7qx0-assembly1.cif.gz_D-2	LOKIASV2_3536_ESMFold_glutamate-1-semialdehyde_2-1-aminomutase	7qx0-assembly1.cif.gz_D-2 Transaminase Structure of Plurienzyme (Tr2E2) in complex with PLP	0.187	411	328	71	475	29	439	1.399E-18	546
LOKIASV2_3536_ESMFold_glutamate-1-semialdehyde_2-1-aminomutase	4w1v-assembly1.cif.gz_A	LOKIASV2_3536_ESMFold_glutamate-1-semialdehyde_2-1-aminomutase	4w1v-assembly1.cif.gz_A Crystal structure of 7,8-diaminopelargonic acid synthase (BioA) from Mycobacterium tuberculosis, complexed with a thiazole inhibitor	0.174	410	328	69	478	24	421	4.727E-18	544
LOKIASV2_3536_ESMFold_glutamate-1-semialdehyde_2-1-aminomutase	1ohv-assembly2.cif.gz_C	LOKIASV2_3536_ESMFold_glutamate-1-semialdehyde_2-1-aminomutase	1ohv-assembly2.cif.gz_C 4-AMINOBUTYRATE-AMINOTRANSFERASE FROM PIG	0.140	445	375	42	478	15	459	2.439E-17	538
LOKIASV2_3536_ESMFold_glutamate-1-semialdehyde_2-1-aminomutase	4wya-assembly1.cif.gz_A	LOKIASV2_3536_ESMFold_glutamate-1-semialdehyde_2-1-aminomutase	4wya-assembly1.cif.gz_A Crystal structure of 7,8-diaminopelargonic acid synthase (BioA) from Mycobacterium tuberculosis, complexed with a fragment hit	0.179	430	339	49	478	5	418	1.973E-17	537
LOKIASV2_3536_ESMFold_glutamate-1-semialdehyde_2-1-aminomutase	5g4j-assembly1.cif.gz_B	LOKIASV2_3536_ESMFold_glutamate-1-semialdehyde_2-1-aminomutase	5g4j-assembly1.cif.gz_B Phospholyase A1RDF1 from Arthrobacter in complex with phosphoethanolamine	0.160	433	351	47	479	2	420	3.725E-17	537
LOKIASV2_3536_ESMFold_glutamate-1-semialdehyde_2-1-aminomutase	7ug3-assembly1.cif.gz_A	LOKIASV2_3536_ESMFold_glutamate-1-semialdehyde_2-1-aminomutase	7ug3-assembly1.cif.gz_A Crystal structure of adenosylmethionie-8-amino-7-oxononanoate aminotransferase from Klebsiella pneumoniae	0.152	409	303	71	479	27	384	1.162E-17	535
LOKIASV2_3536_ESMFold_glutamate-1-semialdehyde_2-1-aminomutase	7ug3-assembly2.cif.gz_C	LOKIASV2_3536_ESMFold_glutamate-1-semialdehyde_2-1-aminomutase	7ug3-assembly2.cif.gz_C Crystal structure of adenosylmethionie-8-amino-7-oxononanoate aminotransferase from Klebsiella pneumoniae	0.140	409	308	71	479	27	385	3.533E-17	535
LOKIASV2_3536_ESMFold_glutamate-1-semialdehyde_2-1-aminomutase	6hx9-assembly1.cif.gz_B	LOKIASV2_3536_ESMFold_glutamate-1-semialdehyde_2-1-aminomutase	6hx9-assembly1.cif.gz_B Putrescine transaminase from Pseudomonas putida	0.158	404	318	72	475	3	381	1.399E-16	523
LOKIASV2_3536_ESMFold_glutamate-1-semialdehyde_2-1-aminomutase	7ug3-assembly2.cif.gz_D	LOKIASV2_3536_ESMFold_glutamate-1-semialdehyde_2-1-aminomutase	7ug3-assembly2.cif.gz_D Crystal structure of adenosylmethionie-8-amino-7-oxononanoate aminotransferase from Klebsiella pneumoniae	0.142	409	305	71	479	27	382	1.074E-16	520
LOKIASV2_3536_ESMFold_glutamate-1-semialdehyde_2-1-aminomutase	5ti8-assembly1.cif.gz_A	LOKIASV2_3536_ESMFold_glutamate-1-semialdehyde_2-1-aminomutase	5ti8-assembly1.cif.gz_A Crystal Structure of an aspartate aminotransferase from Pseudomonas	0.190	405	308	72	476	2	382	2.081E-17	517
LOKIASV2_3536_ESMFold_glutamate-1-semialdehyde_2-1-aminomutase	5ti8-assembly1.cif.gz_B	LOKIASV2_3536_ESMFold_glutamate-1-semialdehyde_2-1-aminomutase	5ti8-assembly1.cif.gz_B Crystal Structure of an aspartate aminotransferase from Pseudomonas	0.183	405	308	72	476	2	379	6.323E-17	515
LOKIASV2_3536_ESMFold_glutamate-1-semialdehyde_2-1-aminomutase	4wya-assembly2.cif.gz_D	LOKIASV2_3536_ESMFold_glutamate-1-semialdehyde_2-1-aminomutase	4wya-assembly2.cif.gz_D Crystal structure of 7,8-diaminopelargonic acid synthase (BioA) from Mycobacterium tuberculosis, complexed with a fragment hit	0.177	410	319	69	478	24	412	1.640E-16	515
LOKIASV2_3536_ESMFold_glutamate-1-semialdehyde_2-1-aminomutase	5dds-assembly1.cif.gz_A	LOKIASV2_3536_ESMFold_glutamate-1-semialdehyde_2-1-aminomutase	5dds-assembly1.cif.gz_A Crystal structure of aminotransferase CrmG from Actinoalloteichus sp. WH1-2216-6 in complex with PLP	0.157	491	348	65	478	15	505	1.327E-16	508
LOKIASV2_3536_ESMFold_glutamate-1-semialdehyde_2-1-aminomutase	4y0i-assembly2.cif.gz_C	LOKIASV2_3536_ESMFold_glutamate-1-semialdehyde_2-1-aminomutase	4y0i-assembly2.cif.gz_C GABA-aminotransferase inactivated by conformationally-restricted inactivator	0.144	440	367	42	471	15	454	3.094E-16	503
LOKIASV2_3536_ESMFold_glutamate-1-semialdehyde_2-1-aminomutase	3nui-assembly1.cif.gz_B	LOKIASV2_3536_ESMFold_glutamate-1-semialdehyde_2-1-aminomutase	3nui-assembly1.cif.gz_B Crystal structure of omega-transferase from Vibrio Fluvialis JS17	0.152	416	345	71	478	2	417	1.193E-16	494
LOKIASV2_3536_ESMFold_glutamate-1-semialdehyde_2-1-aminomutase	5ztx-assembly1.cif.gz_B	LOKIASV2_3536_ESMFold_glutamate-1-semialdehyde_2-1-aminomutase	5ztx-assembly1.cif.gz_B co-factor free Transaminase	0.140	410	350	71	478	24	433	2.859E-17	493
LOKIASV2_3536_ESMFold_glutamate-1-semialdehyde_2-1-aminomutase	5ddu-assembly2.cif.gz_C	LOKIASV2_3536_ESMFold_glutamate-1-semialdehyde_2-1-aminomutase	5ddu-assembly2.cif.gz_C Crystal structure of aminotransferase CrmG from Actinoalloteichus sp. WH1-2216-6 in complex with PMP	0.160	488	347	65	478	15	502	2.252E-16	492
LOKIASV2_3536_ESMFold_glutamate-1-semialdehyde_2-1-aminomutase	5ddu-assembly1.cif.gz_A	LOKIASV2_3536_ESMFold_glutamate-1-semialdehyde_2-1-aminomutase	5ddu-assembly1.cif.gz_A Crystal structure of aminotransferase CrmG from Actinoalloteichus sp. WH1-2216-6 in complex with PMP	0.160	489	347	65	478	16	504	2.375E-16	491
LOKIASV2_3536_ESMFold_glutamate-1-semialdehyde_2-1-aminomutase	4y0i-assembly1.cif.gz_B	LOKIASV2_3536_ESMFold_glutamate-1-semialdehyde_2-1-aminomutase	4y0i-assembly1.cif.gz_B GABA-aminotransferase inactivated by conformationally-restricted inactivator	0.145	445	373	42	478	15	459	5.840E-16	490
LOKIASV2_3536_ESMFold_glutamate-1-semialdehyde_2-1-aminomutase	8jt3-assembly2.cif.gz_C	LOKIASV2_3536_ESMFold_glutamate-1-semialdehyde_2-1-aminomutase	8jt3-assembly2.cif.gz_C Crystal structure of aminotransferase CrmG from Actinoalloteichus sp. WH1-2216-6 in complex with amino donor L-Arg	0.156	487	349	65	478	15	501	2.136E-16	479
LOKIASV2_3536_ESMFold_glutamate-1-semialdehyde_2-1-aminomutase	5ddw-assembly1.cif.gz_B	LOKIASV2_3536_ESMFold_glutamate-1-semialdehyde_2-1-aminomutase	5ddw-assembly1.cif.gz_B Crystal structure of aminotransferase CrmG from Actinoalloteichus sp. WH1-2216-6 in complex with the PMP external aldimine adduct with Caerulomycin M	0.157	488	348	65	478	15	502	6.845E-16	465
LOKIASV2_3536_ESMFold_glutamate-1-semialdehyde_2-1-aminomutase	6jc9-assembly2.cif.gz_D	LOKIASV2_3536_ESMFold_glutamate-1-semialdehyde_2-1-aminomutase	6jc9-assembly2.cif.gz_D Crystal structure of aminotransferase CrmG from Actinoalloteichus sp. WH1-2216-6 in complex with amino donor L-Gln	0.151	485	351	65	478	15	499	9.404E-16	463
LOKIASV2_3536_ESMFold_glutamate-1-semialdehyde_2-1-aminomutase	6jc7-assembly1.cif.gz_B	LOKIASV2_3536_ESMFold_glutamate-1-semialdehyde_2-1-aminomutase	6jc7-assembly1.cif.gz_B Crystal structure of aminotransferase CrmG from Actinoalloteichus sp. WH1-2216-6 in complex with amino donor L-Ala	0.157	488	348	65	478	15	502	1.973E-15	461
LOKIASV2_3536_ESMFold_glutamate-1-semialdehyde_2-1-aminomutase	2cin-assembly1.cif.gz_A	LOKIASV2_3536_ESMFold_glutamate-1-semialdehyde_2-1-aminomutase	2cin-assembly1.cif.gz_A Lysine aminotransferase from M. tuberculosis in the internal aldimine form	0.183	406	325	71	469	21	426	2.438E-15	460
LOKIASV2_3536_ESMFold_glutamate-1-semialdehyde_2-1-aminomutase	2jjf-assembly1.cif.gz_A-2	LOKIASV2_3536_ESMFold_glutamate-1-semialdehyde_2-1-aminomutase	2jjf-assembly1.cif.gz_A-2 N328A mutant of M. tuberculosis Rv3290c	0.164	434	360	44	477	3	434	2.711E-15	460
LOKIASV2_3536_ESMFold_glutamate-1-semialdehyde_2-1-aminomutase	2jje-assembly1.cif.gz_A-2	LOKIASV2_3536_ESMFold_glutamate-1-semialdehyde_2-1-aminomutase	2jje-assembly1.cif.gz_A-2 Crystal structure of T330S mutant of Rv3290c from M. tuberculosis	0.174	406	329	71	469	21	426	2.858E-15	458
LOKIASV2_3536_ESMFold_glutamate-1-semialdehyde_2-1-aminomutase	6jc7-assembly2.cif.gz_C	LOKIASV2_3536_ESMFold_glutamate-1-semialdehyde_2-1-aminomutase	6jc7-assembly2.cif.gz_C Crystal structure of aminotransferase CrmG from Actinoalloteichus sp. WH1-2216-6 in complex with amino donor L-Ala	0.156	487	349	65	478	15	501	1.436E-15	457
LOKIASV2_3536_ESMFold_glutamate-1-semialdehyde_2-1-aminomutase	1fc4-assembly1.cif.gz_B	LOKIASV2_3536_ESMFold_glutamate-1-semialdehyde_2-1-aminomutase	1fc4-assembly1.cif.gz_B 2-AMINO-3-KETOBUTYRATE COA LIGASE	0.127	433	341	46	478	7	398	8.919E-16	456
LOKIASV2_3536_ESMFold_glutamate-1-semialdehyde_2-1-aminomutase	2jjh-assembly1.cif.gz_A-2	LOKIASV2_3536_ESMFold_glutamate-1-semialdehyde_2-1-aminomutase	2jjh-assembly1.cif.gz_A-2 E243 mutant of M. tuberculosis Rv3290C	0.159	413	342	70	477	22	434	8.459E-16	449
LOKIASV2_3536_ESMFold_glutamate-1-semialdehyde_2-1-aminomutase	7v5i-assembly1.cif.gz_B	LOKIASV2_3536_ESMFold_glutamate-1-semialdehyde_2-1-aminomutase	7v5i-assembly1.cif.gz_B Structural insights into the substrate selectivity of acyl-CoA transferase	0.114	435	348	44	478	4	397	7.410E-15	444
LOKIASV2_3536_ESMFold_glutamate-1-semialdehyde_2-1-aminomutase	6jca-assembly1.cif.gz_B	LOKIASV2_3536_ESMFold_glutamate-1-semialdehyde_2-1-aminomutase	6jca-assembly1.cif.gz_B Crystal structure of aminotransferase CrmG from Actinoalloteichus sp. WH1-2216-6 in I222 space group	0.144	490	354	65	478	15	504	3.013E-15	440
LOKIASV2_3536_ESMFold_glutamate-1-semialdehyde_2-1-aminomutase	6jcb-assembly2.cif.gz_C	LOKIASV2_3536_ESMFold_glutamate-1-semialdehyde_2-1-aminomutase	6jcb-assembly2.cif.gz_C Crystal structure of aminotransferase CrmG from Actinoalloteichus sp. WH1-2216-6 in C2 space group	0.148	463	352	65	478	15	477	3.926E-15	437
LOKIASV2_3536_ESMFold_glutamate-1-semialdehyde_2-1-aminomutase	6jca-assembly1.cif.gz_A	LOKIASV2_3536_ESMFold_glutamate-1-semialdehyde_2-1-aminomutase	6jca-assembly1.cif.gz_A Crystal structure of aminotransferase CrmG from Actinoalloteichus sp. WH1-2216-6 in I222 space group	0.145	481	353	65	478	15	495	4.852E-15	434
LOKIASV2_3536_ESMFold_glutamate-1-semialdehyde_2-1-aminomutase	7bxp-assembly1.cif.gz_B	LOKIASV2_3536_ESMFold_glutamate-1-semialdehyde_2-1-aminomutase	7bxp-assembly1.cif.gz_B 2-amino-3-ketobutyrate CoA ligase from Cupriavidus necator	0.124	433	339	46	478	10	397	4.981E-14	428
LOKIASV2_3536_ESMFold_glutamate-1-semialdehyde_2-1-aminomutase	7bxs-assembly1.cif.gz_B	LOKIASV2_3536_ESMFold_glutamate-1-semialdehyde_2-1-aminomutase	7bxs-assembly1.cif.gz_B 2-amino-3-ketobutyrate CoA ligase from Cupriavidus necator glycine binding form	0.126	432	337	46	477	10	396	3.094E-14	427
LOKIASV2_3536_ESMFold_glutamate-1-semialdehyde_2-1-aminomutase	6jcb-assembly1.cif.gz_A	LOKIASV2_3536_ESMFold_glutamate-1-semialdehyde_2-1-aminomutase	6jcb-assembly1.cif.gz_A Crystal structure of aminotransferase CrmG from Actinoalloteichus sp. WH1-2216-6 in C2 space group	0.148	462	352	65	478	15	476	1.728E-14	420
LOKIASV2_3536_ESMFold_glutamate-1-semialdehyde_2-1-aminomutase	6jcb-assembly1.cif.gz_B	LOKIASV2_3536_ESMFold_glutamate-1-semialdehyde_2-1-aminomutase	6jcb-assembly1.cif.gz_B Crystal structure of aminotransferase CrmG from Actinoalloteichus sp. WH1-2216-6 in C2 space group	0.146	459	353	65	478	15	473	1.639E-14	418
LOKIASV2_3536_ESMFold_glutamate-1-semialdehyde_2-1-aminomutase	6jcb-assembly2.cif.gz_D	LOKIASV2_3536_ESMFold_glutamate-1-semialdehyde_2-1-aminomutase	6jcb-assembly2.cif.gz_D Crystal structure of aminotransferase CrmG from Actinoalloteichus sp. WH1-2216-6 in C2 space group	0.149	464	351	65	478	16	479	2.252E-14	418
LOKIASV2_3536_ESMFold_glutamate-1-semialdehyde_2-1-aminomutase	4a0r-assembly1.cif.gz_B	LOKIASV2_3536_ESMFold_glutamate-1-semialdehyde_2-1-aminomutase	4a0r-assembly1.cif.gz_B Structure of bifunctional DAPA aminotransferase-DTB synthetase from Arabidopsis thaliana bound to dethiobiotin (DTB).	0.141	437	350	71	479	312	748	1.326E-14	405
LOKIASV2_3536_ESMFold_glutamate-1-semialdehyde_2-1-aminomutase	4a0g-assembly1.cif.gz_B	LOKIASV2_3536_ESMFold_glutamate-1-semialdehyde_2-1-aminomutase	4a0g-assembly1.cif.gz_B Structure of bifunctional DAPA aminotransferase-DTB synthetase from Arabidopsis thaliana in its apo form.	0.139	436	350	71	477	315	750	9.913E-14	390
LOKIASV2_3536_ESMFold_glutamate-1-semialdehyde_2-1-aminomutase	4a0h-assembly1.cif.gz_B	LOKIASV2_3536_ESMFold_glutamate-1-semialdehyde_2-1-aminomutase	4a0h-assembly1.cif.gz_B Structure of bifunctional DAPA aminotransferase-DTB synthetase from Arabidopsis thaliana bound to 7-keto 8-amino pelargonic acid (KAPA)	0.136	457	372	39	470	280	736	1.362E-13	387
LOKIASV2_3536_ESMFold_glutamate-1-semialdehyde_2-1-aminomutase	4a0g-assembly1.cif.gz_A	LOKIASV2_3536_ESMFold_glutamate-1-semialdehyde_2-1-aminomutase	4a0g-assembly1.cif.gz_A Structure of bifunctional DAPA aminotransferase-DTB synthetase from Arabidopsis thaliana in its apo form.	0.137	439	343	71	468	323	761	6.156E-14	386
LOKIASV2_3536_ESMFold_glutamate-1-semialdehyde_2-1-aminomutase	4a0r-assembly1.cif.gz_A	LOKIASV2_3536_ESMFold_glutamate-1-semialdehyde_2-1-aminomutase	4a0r-assembly1.cif.gz_A Structure of bifunctional DAPA aminotransferase-DTB synthetase from Arabidopsis thaliana bound to dethiobiotin (DTB).	0.130	429	347	71	470	323	751	8.457E-14	377
LOKIASV2_3536_ESMFold_glutamate-1-semialdehyde_2-1-aminomutase	4a0h-assembly1.cif.gz_A	LOKIASV2_3536_ESMFold_glutamate-1-semialdehyde_2-1-aminomutase	4a0h-assembly1.cif.gz_A Structure of bifunctional DAPA aminotransferase-DTB synthetase from Arabidopsis thaliana bound to 7-keto 8-amino pelargonic acid (KAPA)	0.132	462	382	39	479	287	748	5.114E-13	373
LOKIASV2_3536_ESMFold_glutamate-1-semialdehyde_2-1-aminomutase	4bmk-assembly1.cif.gz_B	LOKIASV2_3536_ESMFold_glutamate-1-semialdehyde_2-1-aminomutase	4bmk-assembly1.cif.gz_B Serine Palmitoyltransferase K265A from S. paucimobilis with bound PLP- Myriocin Aldimine	0.142	437	327	41	477	4	385	3.925E-13	369
LOKIASV2_3536_ESMFold_glutamate-1-semialdehyde_2-1-aminomutase	2bwo-assembly2.cif.gz_D	LOKIASV2_3536_ESMFold_glutamate-1-semialdehyde_2-1-aminomutase	2bwo-assembly2.cif.gz_D 5-Aminolevulinate Synthase from Rhodobacter capsulatus in complex with succinyl-CoA	0.134	401	320	71	471	24	394	2.193E-13	369
LOKIASV2_3536_ESMFold_glutamate-1-semialdehyde_2-1-aminomutase	4a0f-assembly1.cif.gz_A	LOKIASV2_3536_ESMFold_glutamate-1-semialdehyde_2-1-aminomutase	4a0f-assembly1.cif.gz_A Structure of selenomethionine substituted bifunctional DAPA aminotransferase-dethiobiotin synthetase from Arabidopsis thaliana in its apo form.	0.139	457	371	39	470	287	743	8.917E-14	369
LOKIASV2_3536_ESMFold_glutamate-1-semialdehyde_2-1-aminomutase	4a0f-assembly1.cif.gz_B	LOKIASV2_3536_ESMFold_glutamate-1-semialdehyde_2-1-aminomutase	4a0f-assembly1.cif.gz_B Structure of selenomethionine substituted bifunctional DAPA aminotransferase-dethiobiotin synthetase from Arabidopsis thaliana in its apo form.	0.143	463	369	39	470	285	747	2.710E-13	365
LOKIASV2_3536_ESMFold_glutamate-1-semialdehyde_2-1-aminomutase	5qqr-assembly1.cif.gz_B	LOKIASV2_3536_ESMFold_glutamate-1-semialdehyde_2-1-aminomutase	5qqr-assembly1.cif.gz_B PanDDA analysis group deposition -- Crystal Structure of human ALAS2A in complex with Z1171217421	0.147	434	329	45	478	10	396	5.252E-14	362
LOKIASV2_3536_ESMFold_glutamate-1-semialdehyde_2-1-aminomutase	6onn-assembly1.cif.gz_A	LOKIASV2_3536_ESMFold_glutamate-1-semialdehyde_2-1-aminomutase	6onn-assembly1.cif.gz_A Crystal structure of 8-amino-7-oxononanoate synthase from Burkholderia phymatum	0.154	433	321	46	478	8	387	1.474E-12	355
LOKIASV2_3536_ESMFold_glutamate-1-semialdehyde_2-1-aminomutase	2x8u-assembly1.cif.gz_B	LOKIASV2_3536_ESMFold_glutamate-1-semialdehyde_2-1-aminomutase	2x8u-assembly1.cif.gz_B Sphingomonas wittichii Serine palmitoyltransferase	0.147	436	333	43	478	6	396	1.554E-12	352
LOKIASV2_3536_ESMFold_glutamate-1-semialdehyde_2-1-aminomutase	7qyg-assembly1.cif.gz_A	LOKIASV2_3536_ESMFold_glutamate-1-semialdehyde_2-1-aminomutase	7qyg-assembly1.cif.gz_A Structure of the transaminase TR2	0.190	342	273	142	479	41	382	1.822E-12	350
LOKIASV2_3536_ESMFold_glutamate-1-semialdehyde_2-1-aminomutase	5jay-assembly1.cif.gz_A	LOKIASV2_3536_ESMFold_glutamate-1-semialdehyde_2-1-aminomutase	5jay-assembly1.cif.gz_A Crystal Structure of an 8-amino-7-oxononanoate Synthase from Burkholderia xenovorans	0.138	424	321	46	469	9	381	1.639E-12	345
LOKIASV2_3536_ESMFold_glutamate-1-semialdehyde_2-1-aminomutase	1bs0-assembly1.cif.gz_A	LOKIASV2_3536_ESMFold_glutamate-1-semialdehyde_2-1-aminomutase	1bs0-assembly1.cif.gz_A PLP-DEPENDENT ACYL-COA SYNTHASE	0.144	401	306	71	471	23	380	2.639E-12	340
LOKIASV2_3536_ESMFold_glutamate-1-semialdehyde_2-1-aminomutase	4bmk-assembly1.cif.gz_A	LOKIASV2_3536_ESMFold_glutamate-1-semialdehyde_2-1-aminomutase	4bmk-assembly1.cif.gz_A Serine Palmitoyltransferase K265A from S. paucimobilis with bound PLP- Myriocin Aldimine	0.132	438	340	41	478	4	396	4.480E-12	339
LOKIASV2_3536_ESMFold_glutamate-1-semialdehyde_2-1-aminomutase	6onn-assembly2.cif.gz_B	LOKIASV2_3536_ESMFold_glutamate-1-semialdehyde_2-1-aminomutase	6onn-assembly2.cif.gz_B Crystal structure of 8-amino-7-oxononanoate synthase from Burkholderia phymatum	0.147	434	328	46	479	8	393	1.018E-12	338
LOKIASV2_3536_ESMFold_glutamate-1-semialdehyde_2-1-aminomutase	4a0g-assembly2.cif.gz_D	LOKIASV2_3536_ESMFold_glutamate-1-semialdehyde_2-1-aminomutase	4a0g-assembly2.cif.gz_D Structure of bifunctional DAPA aminotransferase-DTB synthetase from Arabidopsis thaliana in its apo form.	0.126	441	379	39	479	275	709	4.723E-12	332
LOKIASV2_3536_ESMFold_glutamate-1-semialdehyde_2-1-aminomutase	7qyg-assembly1.cif.gz_D	LOKIASV2_3536_ESMFold_glutamate-1-semialdehyde_2-1-aminomutase	7qyg-assembly1.cif.gz_D Structure of the transaminase TR2	0.185	406	311	74	479	1	382	8.019E-12	322
LOKIASV2_3536_ESMFold_glutamate-1-semialdehyde_2-1-aminomutase	1dj9-assembly1.cif.gz_A	LOKIASV2_3536_ESMFold_glutamate-1-semialdehyde_2-1-aminomutase	1dj9-assembly1.cif.gz_A CRYSTAL STRUCTURE OF 8-AMINO-7-OXONANOATE SYNTHASE (OR 7-KETO-8AMINIPELARGONATE OR KAPA SYNTHASE) COMPLEXED WITH PLP AND THE PRODUCT 8(S)-AMINO-7-OXONANONOATE (OR KAPA). THE ENZYME OF BIOTIN BIOSYNTHETIC PATHWAY.	0.146	409	314	63	471	13	381	4.137E-11	305
LOKIASV2_3536_ESMFold_glutamate-1-semialdehyde_2-1-aminomutase	7x98-assembly2.cif.gz_D	LOKIASV2_3536_ESMFold_glutamate-1-semialdehyde_2-1-aminomutase	7x98-assembly2.cif.gz_D 5-Aminolevulinate synthase HemA from Rhodopseudomonas palustris	0.118	405	325	71	475	24	392	2.079E-11	305
LOKIASV2_3536_ESMFold_glutamate-1-semialdehyde_2-1-aminomutase	5vnx-assembly3.cif.gz_C	LOKIASV2_3536_ESMFold_glutamate-1-semialdehyde_2-1-aminomutase	5vnx-assembly3.cif.gz_C Crystal structure of an 8-amino-7-oxononanoate synthase from Burkholderia multivorans with a potential glycine-PLP-Lys242 cyclized intermediate or byproduct	0.108	405	326	71	475	23	389	1.638E-10	300
LOKIASV2_3536_ESMFold_glutamate-1-semialdehyde_2-1-aminomutase	5txr-assembly1.cif.gz_B	LOKIASV2_3536_ESMFold_glutamate-1-semialdehyde_2-1-aminomutase	5txr-assembly1.cif.gz_B Structure of ALAS from S. cerevisiae non-covalently bound to PLP cofactor	0.125	433	361	46	478	9	421	2.570E-11	290
LOKIASV2_3536_ESMFold_glutamate-1-semialdehyde_2-1-aminomutase	4a0g-assembly2.cif.gz_C	LOKIASV2_3536_ESMFold_glutamate-1-semialdehyde_2-1-aminomutase	4a0g-assembly2.cif.gz_C Structure of bifunctional DAPA aminotransferase-DTB synthetase from Arabidopsis thaliana in its apo form.	0.131	432	340	39	470	289	680	3.175E-11	290
LOKIASV2_3536_ESMFold_glutamate-1-semialdehyde_2-1-aminomutase	5txt-assembly2.cif.gz_C	LOKIASV2_3536_ESMFold_glutamate-1-semialdehyde_2-1-aminomutase	5txt-assembly2.cif.gz_C Structure of asymmetric apo/holo ALAS dimer from S. cerevisiae	0.117	433	355	46	478	9	411	3.924E-11	285
LOKIASV2_3536_ESMFold_glutamate-1-semialdehyde_2-1-aminomutase	7k0m-assembly1.cif.gz_A	LOKIASV2_3536_ESMFold_glutamate-1-semialdehyde_2-1-aminomutase	7k0m-assembly1.cif.gz_A Human serine palmitoyltransferase complex SPTLC1/SPLTC2/ssSPTa/ORMDL3, class 1	0.121	469	406	11	479	2	464	1.972E-11	283
LOKIASV2_3536_ESMFold_glutamate-1-semialdehyde_2-1-aminomutase	8eim-assembly1.cif.gz_B	LOKIASV2_3536_ESMFold_glutamate-1-semialdehyde_2-1-aminomutase	8eim-assembly1.cif.gz_B Structure of ALAS with C-terminal truncation from S. cerevisiae	0.127	375	310	104	478	33	388	6.662E-11	282
LOKIASV2_3536_ESMFold_glutamate-1-semialdehyde_2-1-aminomutase	3wks-assembly1.cif.gz_B	LOKIASV2_3536_ESMFold_glutamate-1-semialdehyde_2-1-aminomutase	3wks-assembly1.cif.gz_B Crystal structure of the SepCysS-SepCysE N-terminal domain complex from	0.106	389	315	89	477	18	370	2.709E-11	281
LOKIASV2_3536_ESMFold_glutamate-1-semialdehyde_2-1-aminomutase	5txt-assembly2.cif.gz_D	LOKIASV2_3536_ESMFold_glutamate-1-semialdehyde_2-1-aminomutase	5txt-assembly2.cif.gz_D Structure of asymmetric apo/holo ALAS dimer from S. cerevisiae	0.127	375	314	104	478	27	387	1.073E-10	279
LOKIASV2_3536_ESMFold_glutamate-1-semialdehyde_2-1-aminomutase	3wkr-assembly1.cif.gz_B	LOKIASV2_3536_ESMFold_glutamate-1-semialdehyde_2-1-aminomutase	3wkr-assembly1.cif.gz_B Crystal structure of the SepCysS-SepCysE complex from Methanocaldococcus jannaschii	0.119	389	305	89	477	17	363	7.809E-11	278
LOKIASV2_3536_ESMFold_glutamate-1-semialdehyde_2-1-aminomutase	5txr-assembly1.cif.gz_A	LOKIASV2_3536_ESMFold_glutamate-1-semialdehyde_2-1-aminomutase	5txr-assembly1.cif.gz_A Structure of ALAS from S. cerevisiae non-covalently bound to PLP cofactor	0.123	433	361	46	478	7	419	1.326E-10	275
LOKIASV2_3536_ESMFold_glutamate-1-semialdehyde_2-1-aminomutase	2e7i-assembly1.cif.gz_A	LOKIASV2_3536_ESMFold_glutamate-1-semialdehyde_2-1-aminomutase	2e7i-assembly1.cif.gz_A Crystal Structure of Sep-tRNA:Cys-tRNA Synthase from Archaeoglobus fulgidus	0.145	388	291	89	476	2	342	1.821E-10	274
LOKIASV2_3536_ESMFold_glutamate-1-semialdehyde_2-1-aminomutase	5txt-assembly3.cif.gz_E	LOKIASV2_3536_ESMFold_glutamate-1-semialdehyde_2-1-aminomutase	5txt-assembly3.cif.gz_E Structure of asymmetric apo/holo ALAS dimer from S. cerevisiae	0.125	375	315	104	478	28	388	1.326E-10	273
LOKIASV2_3536_ESMFold_glutamate-1-semialdehyde_2-1-aminomutase	3lws-assembly3.cif.gz_E	LOKIASV2_3536_ESMFold_glutamate-1-semialdehyde_2-1-aminomutase	3lws-assembly3.cif.gz_E Crystal structure of Putative aromatic amino acid beta-eliminating lyase/threonine aldolase. (YP_001813866.1) from Exiguobacterium sp. 255-15 at 2.00 A resolution	0.136	385	303	92	476	2	353	3.821E-10	269
LOKIASV2_3536_ESMFold_glutamate-1-semialdehyde_2-1-aminomutase	8eim-assembly1.cif.gz_A	LOKIASV2_3536_ESMFold_glutamate-1-semialdehyde_2-1-aminomutase	8eim-assembly1.cif.gz_A Structure of ALAS with C-terminal truncation from S. cerevisiae	0.119	405	346	74	478	17	410	1.821E-10	265
LOKIASV2_3536_ESMFold_glutamate-1-semialdehyde_2-1-aminomutase	8c82-assembly1.cif.gz_F	LOKIASV2_3536_ESMFold_glutamate-1-semialdehyde_2-1-aminomutase	8c82-assembly1.cif.gz_F Cryo-EM structure of the yeast SPT-Orm1-Dimer complex	0.107	493	417	8	475	11	503	2.311E-11	265
LOKIASV2_3536_ESMFold_glutamate-1-semialdehyde_2-1-aminomutase	3wgb-assembly1.cif.gz_B	LOKIASV2_3536_ESMFold_glutamate-1-semialdehyde_2-1-aminomutase	3wgb-assembly1.cif.gz_B Crystal structure of aeromonas jandaei L-allo-threonine aldolase	0.132	366	263	106	471	14	317	4.979E-10	262
LOKIASV2_3536_ESMFold_glutamate-1-semialdehyde_2-1-aminomutase	5x6b-assembly1.cif.gz_I	LOKIASV2_3536_ESMFold_glutamate-1-semialdehyde_2-1-aminomutase	5x6b-assembly1.cif.gz_I Crystal structure of SepCysE-SepCysS in complex with tRNACys from Methanocaldococcus jannaschii	0.112	389	308	89	477	19	366	2.933E-10	261
LOKIASV2_3536_ESMFold_glutamate-1-semialdehyde_2-1-aminomutase	5x6b-assembly1.cif.gz_J	LOKIASV2_3536_ESMFold_glutamate-1-semialdehyde_2-1-aminomutase	5x6b-assembly1.cif.gz_J Crystal structure of SepCysE-SepCysS in complex with tRNACys from Methanocaldococcus jannaschii	0.111	389	315	89	477	22	376	2.373E-10	259
LOKIASV2_3536_ESMFold_glutamate-1-semialdehyde_2-1-aminomutase	4w1y-assembly1.cif.gz_A-2	LOKIASV2_3536_ESMFold_glutamate-1-semialdehyde_2-1-aminomutase	4w1y-assembly1.cif.gz_A-2 Crystal structure of Escherichia coli Tryptophanase in 'semi-holo' form	0.124	391	338	89	479	43	429	4.479E-10	251
LOKIASV2_3536_ESMFold_glutamate-1-semialdehyde_2-1-aminomutase	1jg8-assembly1.cif.gz_A	LOKIASV2_3536_ESMFold_glutamate-1-semialdehyde_2-1-aminomutase	1jg8-assembly1.cif.gz_A Crystal Structure of Threonine Aldolase (Low-specificity)	0.140	366	277	106	471	14	336	3.347E-09	250
LOKIASV2_3536_ESMFold_glutamate-1-semialdehyde_2-1-aminomutase	7w0i-assembly1.cif.gz_C	LOKIASV2_3536_ESMFold_glutamate-1-semialdehyde_2-1-aminomutase	7w0i-assembly1.cif.gz_C Crystal structure of threonine aldolase from Mycobacterium vanbaalenii	0.143	376	279	94	469	7	332	8.679E-09	249
LOKIASV2_3536_ESMFold_glutamate-1-semialdehyde_2-1-aminomutase	4lw2-assembly1.cif.gz_A	LOKIASV2_3536_ESMFold_glutamate-1-semialdehyde_2-1-aminomutase	4lw2-assembly1.cif.gz_A Structural changes during cysteine desulfurase CsdA and sulfur-acceptor CsdE interactions provide insight into the trans-persulfuration	0.094	389	343	89	477	19	398	1.101E-09	249
LOKIASV2_3536_ESMFold_glutamate-1-semialdehyde_2-1-aminomutase	3wgb-assembly1.cif.gz_C	LOKIASV2_3536_ESMFold_glutamate-1-semialdehyde_2-1-aminomutase	3wgb-assembly1.cif.gz_C Crystal structure of aeromonas jandaei L-allo-threonine aldolase	0.137	365	267	106	470	14	323	1.101E-09	248
LOKIASV2_3536_ESMFold_glutamate-1-semialdehyde_2-1-aminomutase	3l8a-assembly1.cif.gz_A	LOKIASV2_3536_ESMFold_glutamate-1-semialdehyde_2-1-aminomutase	3l8a-assembly1.cif.gz_A Crystal structure of MetC from Streptococcus mutans	0.127	375	305	97	471	30	379	2.025E-10	248
LOKIASV2_3536_ESMFold_glutamate-1-semialdehyde_2-1-aminomutase	1jg8-assembly1.cif.gz_C	LOKIASV2_3536_ESMFold_glutamate-1-semialdehyde_2-1-aminomutase	1jg8-assembly1.cif.gz_C Crystal Structure of Threonine Aldolase (Low-specificity)	0.153	382	280	90	471	2	333	2.192E-09	247
LOKIASV2_3536_ESMFold_glutamate-1-semialdehyde_2-1-aminomutase	4lnj-assembly1.cif.gz_A	LOKIASV2_3536_ESMFold_glutamate-1-semialdehyde_2-1-aminomutase	4lnj-assembly1.cif.gz_A Structure of Escherichia coli Threonine Aldolase in Unliganded Form	0.118	368	279	106	473	14	330	4.136E-09	246
LOKIASV2_3536_ESMFold_glutamate-1-semialdehyde_2-1-aminomutase	5b87-assembly1.cif.gz_A	LOKIASV2_3536_ESMFold_glutamate-1-semialdehyde_2-1-aminomutase	5b87-assembly1.cif.gz_A Crystal structure of a Cysteine Desulfurase from Thermococcus onnurineus NA1 in complex with alanine at 2.3 Angstrom resolution	0.129	387	328	89	475	16	393	1.291E-09	246
LOKIASV2_3536_ESMFold_glutamate-1-semialdehyde_2-1-aminomutase	8v2k-assembly1.cif.gz_A	LOKIASV2_3536_ESMFold_glutamate-1-semialdehyde_2-1-aminomutase	8v2k-assembly1.cif.gz_A Proteus vulgaris tryptophan indole-lyase complexed with L-alanine	0.126	390	337	91	477	46	435	1.045E-09	246
LOKIASV2_3536_ESMFold_glutamate-1-semialdehyde_2-1-aminomutase	6c9e-assembly1.cif.gz_A	LOKIASV2_3536_ESMFold_glutamate-1-semialdehyde_2-1-aminomutase	6c9e-assembly1.cif.gz_A Crystal structure of Cysteine desulfurase from Legionella pneumophila Philadelphia 1	0.107	387	340	89	475	21	402	6.153E-10	245
LOKIASV2_3536_ESMFold_glutamate-1-semialdehyde_2-1-aminomutase	4w4h-assembly1.cif.gz_B	LOKIASV2_3536_ESMFold_glutamate-1-semialdehyde_2-1-aminomutase	4w4h-assembly1.cif.gz_B Escherichia coli tryptophanase in holo form	0.121	391	338	89	479	43	428	7.212E-10	245
LOKIASV2_3536_ESMFold_glutamate-1-semialdehyde_2-1-aminomutase	4w91-assembly3.cif.gz_E	LOKIASV2_3536_ESMFold_glutamate-1-semialdehyde_2-1-aminomutase	4w91-assembly3.cif.gz_E Crystal structure of a cysteine desulfurase SufS from Brucella suis bound to PLP	0.108	391	341	89	479	22	404	7.604E-10	242
LOKIASV2_3536_ESMFold_glutamate-1-semialdehyde_2-1-aminomutase	3b1c-assembly1.cif.gz_B	LOKIASV2_3536_ESMFold_glutamate-1-semialdehyde_2-1-aminomutase	3b1c-assembly1.cif.gz_B Crystal structure of betaC-S lyase from Streptococcus anginosus: Internal aldimine form	0.121	415	316	63	477	20	380	2.135E-10	240
LOKIASV2_3536_ESMFold_glutamate-1-semialdehyde_2-1-aminomutase	4up2-assembly2.cif.gz_B	LOKIASV2_3536_ESMFold_glutamate-1-semialdehyde_2-1-aminomutase	4up2-assembly2.cif.gz_B Crystal structure of Escherichia coli tryptophanase purified from alkaline stressed bacterial culture.	0.117	390	314	89	478	46	402	2.192E-09	240
LOKIASV2_3536_ESMFold_glutamate-1-semialdehyde_2-1-aminomutase	8c80-assembly1.cif.gz_B	LOKIASV2_3536_ESMFold_glutamate-1-semialdehyde_2-1-aminomutase	8c80-assembly1.cif.gz_B Cryo-EM structure of the yeast SPT-Orm1-Monomer complex	0.115	467	410	9	475	73	536	8.681E-11	240
LOKIASV2_3536_ESMFold_glutamate-1-semialdehyde_2-1-aminomutase	6dvx-assembly1.cif.gz_B	LOKIASV2_3536_ESMFold_glutamate-1-semialdehyde_2-1-aminomutase	6dvx-assembly1.cif.gz_B Citrobacter freundii tyrosine phenol-lyase F448A mutant complexed with L-phenylalanine	0.112	387	342	89	475	43	428	1.101E-09	239
LOKIASV2_3536_ESMFold_glutamate-1-semialdehyde_2-1-aminomutase	8sbg-assembly1.cif.gz_A	LOKIASV2_3536_ESMFold_glutamate-1-semialdehyde_2-1-aminomutase	8sbg-assembly1.cif.gz_A Crystal structure of B. theta tryptophanase in holo form	0.114	391	345	89	479	44	433	1.513E-09	239
LOKIASV2_3536_ESMFold_glutamate-1-semialdehyde_2-1-aminomutase	6dvx-assembly1.cif.gz_A-2	LOKIASV2_3536_ESMFold_glutamate-1-semialdehyde_2-1-aminomutase	6dvx-assembly1.cif.gz_A-2 Citrobacter freundii tyrosine phenol-lyase F448A mutant complexed with L-phenylalanine	0.103	391	345	89	479	43	428	1.435E-09	238
LOKIASV2_3536_ESMFold_glutamate-1-semialdehyde_2-1-aminomutase	4w91-assembly4.cif.gz_H	LOKIASV2_3536_ESMFold_glutamate-1-semialdehyde_2-1-aminomutase	4w91-assembly4.cif.gz_H Crystal structure of a cysteine desulfurase SufS from Brucella suis bound to PLP	0.096	391	342	89	479	22	400	1.291E-09	237
LOKIASV2_3536_ESMFold_glutamate-1-semialdehyde_2-1-aminomutase	6wci-assembly1.cif.gz_A	LOKIASV2_3536_ESMFold_glutamate-1-semialdehyde_2-1-aminomutase	6wci-assembly1.cif.gz_A Crystal structure of a cysteine desulfurase SufS from Stenotrophomonas maltophilia K279a	0.118	429	348	49	477	6	401	1.361E-09	237
LOKIASV2_3536_ESMFold_glutamate-1-semialdehyde_2-1-aminomutase	6mre-assembly1.cif.gz_A-2	LOKIASV2_3536_ESMFold_glutamate-1-semialdehyde_2-1-aminomutase	6mre-assembly1.cif.gz_A-2 E. coli cysteine desulfurase SufS R92A with a cysteine persulfide intermediate	0.106	438	351	34	471	4	397	3.260E-10	237
LOKIASV2_3536_ESMFold_glutamate-1-semialdehyde_2-1-aminomutase	7rtk-assembly1.cif.gz_A	LOKIASV2_3536_ESMFold_glutamate-1-semialdehyde_2-1-aminomutase	7rtk-assembly1.cif.gz_A Structure of the (NIAU)2 complex with N-terminal mutation of ISCU2 Y35D at 2.5 A resolution	0.133	390	318	89	478	4	371	1.045E-09	236
LOKIASV2_3536_ESMFold_glutamate-1-semialdehyde_2-1-aminomutase	4w91-assembly5.cif.gz_I	LOKIASV2_3536_ESMFold_glutamate-1-semialdehyde_2-1-aminomutase	4w91-assembly5.cif.gz_I Crystal structure of a cysteine desulfurase SufS from Brucella suis bound to PLP	0.118	417	348	63	479	4	398	1.361E-09	236
LOKIASV2_3536_ESMFold_glutamate-1-semialdehyde_2-1-aminomutase	7yvr-assembly1.cif.gz_D	LOKIASV2_3536_ESMFold_glutamate-1-semialdehyde_2-1-aminomutase	7yvr-assembly1.cif.gz_D Crystal Structure of L-Threonine Aldolase from Neptunomonas marina	0.111	366	289	106	471	14	339	8.451E-08	235
LOKIASV2_3536_ESMFold_glutamate-1-semialdehyde_2-1-aminomutase	3f0h-assembly1.cif.gz_A-2	LOKIASV2_3536_ESMFold_glutamate-1-semialdehyde_2-1-aminomutase	3f0h-assembly1.cif.gz_A-2 Crystal structure of Aminotransferase (RER070207000802) from Eubacterium rectale at 1.70 A resolution	0.156	382	292	89	470	6	352	3.721E-09	235
LOKIASV2_3536_ESMFold_glutamate-1-semialdehyde_2-1-aminomutase	1bkg-assembly1.cif.gz_B	LOKIASV2_3536_ESMFold_glutamate-1-semialdehyde_2-1-aminomutase	1bkg-assembly1.cif.gz_B ASPARTATE AMINOTRANSFERASE FROM THERMUS THERMOPHILUS WITH MALEATE	0.106	367	298	107	473	48	381	3.011E-09	235
LOKIASV2_3536_ESMFold_glutamate-1-semialdehyde_2-1-aminomutase	6ndn-assembly1.cif.gz_A	LOKIASV2_3536_ESMFold_glutamate-1-semialdehyde_2-1-aminomutase	6ndn-assembly1.cif.gz_A Crystal Structure of Selenocysteine Lyase from Escherichia coli	0.106	423	351	49	471	6	399	6.153E-10	234
LOKIASV2_3536_ESMFold_glutamate-1-semialdehyde_2-1-aminomutase	8v2k-assembly1.cif.gz_B	LOKIASV2_3536_ESMFold_glutamate-1-semialdehyde_2-1-aminomutase	8v2k-assembly1.cif.gz_B Proteus vulgaris tryptophan indole-lyase complexed with L-alanine	0.121	388	339	91	477	46	433	2.569E-09	233
LOKIASV2_3536_ESMFold_glutamate-1-semialdehyde_2-1-aminomutase	6m4y-assembly1.cif.gz_A-2	LOKIASV2_3536_ESMFold_glutamate-1-semialdehyde_2-1-aminomutase	6m4y-assembly1.cif.gz_A-2 Structure of a R371A mutant of a Group II PLP dependent decarboxylase from Methanocaldococcus jannaschii	0.117	374	307	106	479	41	389	4.136E-09	231
LOKIASV2_3536_ESMFold_glutamate-1-semialdehyde_2-1-aminomutase	3euc-assembly1.cif.gz_A	LOKIASV2_3536_ESMFold_glutamate-1-semialdehyde_2-1-aminomutase	3euc-assembly1.cif.gz_A Crystal structure of histidinol-phosphate aminotransferase (YP_297314.1) from RALSTONIA EUTROPHA JMP134 at 2.05 A resolution	0.141	398	294	82	479	23	365	2.192E-09	230
LOKIASV2_3536_ESMFold_glutamate-1-semialdehyde_2-1-aminomutase	6lds-assembly1.cif.gz_A	LOKIASV2_3536_ESMFold_glutamate-1-semialdehyde_2-1-aminomutase	6lds-assembly1.cif.gz_A Structure of a K245A mutant of L-tyrosine decarboxylase from Methanocaldococcus jannaschii complexed with L-Tyr: External aldimine form	0.119	374	300	106	479	42	382	8.679E-09	229
LOKIASV2_3536_ESMFold_glutamate-1-semialdehyde_2-1-aminomutase	5wkp-assembly1.cif.gz_A	LOKIASV2_3536_ESMFold_glutamate-1-semialdehyde_2-1-aminomutase	5wkp-assembly1.cif.gz_A Crystal Structure of the Human mitochondrial Cysteine Desulfurase in complex with ISD11 and Iron-Sulfur Cluster Scaffold Protein ISCU1, and E. coli ACP1 protein at 3.15A	0.126	390	322	89	478	4	372	1.972E-09	229
LOKIASV2_3536_ESMFold_glutamate-1-semialdehyde_2-1-aminomutase	5wkp-assembly1.cif.gz_E	LOKIASV2_3536_ESMFold_glutamate-1-semialdehyde_2-1-aminomutase	5wkp-assembly1.cif.gz_E Crystal Structure of the Human mitochondrial Cysteine Desulfurase in complex with ISD11 and Iron-Sulfur Cluster Scaffold Protein ISCU1, and E. coli ACP1 protein at 3.15A	0.133	390	319	89	478	5	373	1.682E-09	229
LOKIASV2_3536_ESMFold_glutamate-1-semialdehyde_2-1-aminomutase	6jy1-assembly1.cif.gz_A-2	LOKIASV2_3536_ESMFold_glutamate-1-semialdehyde_2-1-aminomutase	6jy1-assembly1.cif.gz_A-2 Crystal Structure of a Group II pyridoxal dependent decarboxylase, LLP-bound form from Methanocaldococcus jannaschii at 1.72 A	0.123	373	302	106	478	42	386	7.807E-09	228
LOKIASV2_3536_ESMFold_glutamate-1-semialdehyde_2-1-aminomutase	6dxv-assembly1.cif.gz_A-2	LOKIASV2_3536_ESMFold_glutamate-1-semialdehyde_2-1-aminomutase	6dxv-assembly1.cif.gz_A-2 Citrobacter freundii tyrosine phenol-lyase F448A mutant	0.111	391	340	89	479	43	425	7.404E-09	228
LOKIASV2_3536_ESMFold_glutamate-1-semialdehyde_2-1-aminomutase	3mbb-assembly1.cif.gz_B	LOKIASV2_3536_ESMFold_glutamate-1-semialdehyde_2-1-aminomutase	3mbb-assembly1.cif.gz_B Crystal structure of StSPL - apo form, after treatment with semicarbazide	0.114	382	324	97	478	46	412	1.017E-08	228
LOKIASV2_3536_ESMFold_glutamate-1-semialdehyde_2-1-aminomutase	6dz5-assembly1.cif.gz_A	LOKIASV2_3536_ESMFold_glutamate-1-semialdehyde_2-1-aminomutase	6dz5-assembly1.cif.gz_A Citrobacter freundii tyrosine phenol-lyase F448A mutant complexed with L-alanine	0.116	391	341	89	479	43	429	3.923E-09	228
LOKIASV2_3536_ESMFold_glutamate-1-semialdehyde_2-1-aminomutase	3mau-assembly2.cif.gz_D	LOKIASV2_3536_ESMFold_glutamate-1-semialdehyde_2-1-aminomutase	3mau-assembly2.cif.gz_D Crystal structure of StSPL in complex with phosphoethanolamine	0.121	387	325	92	478	39	409	5.683E-09	228
LOKIASV2_3536_ESMFold_glutamate-1-semialdehyde_2-1-aminomutase	3t32-assembly1.cif.gz_B	LOKIASV2_3536_ESMFold_glutamate-1-semialdehyde_2-1-aminomutase	3t32-assembly1.cif.gz_B Crystal structure of a putative C-S lyase from Bacillus anthracis	0.092	367	309	107	473	18	358	4.136E-09	227
LOKIASV2_3536_ESMFold_glutamate-1-semialdehyde_2-1-aminomutase	4lw4-assembly1.cif.gz_A	LOKIASV2_3536_ESMFold_glutamate-1-semialdehyde_2-1-aminomutase	4lw4-assembly1.cif.gz_A Structural changes during cysteine desulfurase CsdA and sulfur-acceptor CsdE interactions provide insight into the trans-persulfuration	0.100	389	336	89	477	18	391	1.131E-08	226
LOKIASV2_3536_ESMFold_glutamate-1-semialdehyde_2-1-aminomutase	6qp1-assembly1.cif.gz_A	LOKIASV2_3536_ESMFold_glutamate-1-semialdehyde_2-1-aminomutase	6qp1-assembly1.cif.gz_A Crystal structure of the PLP-bound C-S lyase in the external aldimine form from Staphylococcus hominis complexed with an inhibitor, L-cycloserine.	0.088	378	321	97	474	29	381	4.136E-09	225
LOKIASV2_3536_ESMFold_glutamate-1-semialdehyde_2-1-aminomutase	7tlp-assembly2.cif.gz_D-4	LOKIASV2_3536_ESMFold_glutamate-1-semialdehyde_2-1-aminomutase	7tlp-assembly2.cif.gz_D-4 Structure of Atopobium parvulum SufS K235R	0.097	382	329	89	470	27	391	5.683E-09	225
LOKIASV2_3536_ESMFold_glutamate-1-semialdehyde_2-1-aminomutase	6mo3-assembly1.cif.gz_B	LOKIASV2_3536_ESMFold_glutamate-1-semialdehyde_2-1-aminomutase	6mo3-assembly1.cif.gz_B Citrobacter freundii tyrosine phenol-lyase complexed with 4-hydroxypyridine and aminoacrylate from L-serine	0.116	390	343	89	478	43	431	4.136E-09	225
LOKIASV2_3536_ESMFold_glutamate-1-semialdehyde_2-1-aminomutase	6o11-assembly1.cif.gz_A-2	LOKIASV2_3536_ESMFold_glutamate-1-semialdehyde_2-1-aminomutase	6o11-assembly1.cif.gz_A-2 E. coli cysteine desulfurase SufS C364A with a Cys-aldimine intermediate	0.109	438	351	34	471	5	399	1.161E-09	224
LOKIASV2_3536_ESMFold_glutamate-1-semialdehyde_2-1-aminomutase	1tpl-assembly1.cif.gz_B-2	LOKIASV2_3536_ESMFold_glutamate-1-semialdehyde_2-1-aminomutase	1tpl-assembly1.cif.gz_B-2 THE THREE-DIMENSIONAL STRUCTURE OF TYROSINE PHENOL-LYASE	0.117	390	317	89	478	44	403	7.404E-09	224
LOKIASV2_3536_ESMFold_glutamate-1-semialdehyde_2-1-aminomutase	8v4a-assembly1.cif.gz_D	LOKIASV2_3536_ESMFold_glutamate-1-semialdehyde_2-1-aminomutase	8v4a-assembly1.cif.gz_D Proteus vulgaris tryptophan indole-lyase complexed with L-ethionine	0.126	398	339	89	477	43	440	2.079E-09	224
LOKIASV2_3536_ESMFold_glutamate-1-semialdehyde_2-1-aminomutase	4qgr-assembly1.cif.gz_B	LOKIASV2_3536_ESMFold_glutamate-1-semialdehyde_2-1-aminomutase	4qgr-assembly1.cif.gz_B Crystal structure of a DegT DnrJ EryC1 StrS aminotransferase from Brucella abortus	0.121	367	310	107	473	17	370	7.807E-09	223
LOKIASV2_3536_ESMFold_glutamate-1-semialdehyde_2-1-aminomutase	4up2-assembly3.cif.gz_C	LOKIASV2_3536_ESMFold_glutamate-1-semialdehyde_2-1-aminomutase	4up2-assembly3.cif.gz_C Crystal structure of Escherichia coli tryptophanase purified from alkaline stressed bacterial culture.	0.121	390	310	89	478	44	397	2.250E-08	223
LOKIASV2_3536_ESMFold_glutamate-1-semialdehyde_2-1-aminomutase	3mad-assembly1.cif.gz_B	LOKIASV2_3536_ESMFold_glutamate-1-semialdehyde_2-1-aminomutase	3mad-assembly1.cif.gz_B Crystal structure of StSPL (symmetric form)	0.121	382	323	97	478	46	413	5.992E-09	223
LOKIASV2_3536_ESMFold_glutamate-1-semialdehyde_2-1-aminomutase	4mso-assembly1.cif.gz_A	LOKIASV2_3536_ESMFold_glutamate-1-semialdehyde_2-1-aminomutase	4mso-assembly1.cif.gz_A X-ray crystal structure of a serine hydroxymethyl transferase in apo form from Burkholderia cenocepacia	0.115	385	287	89	473	29	353	2.311E-09	222
LOKIASV2_3536_ESMFold_glutamate-1-semialdehyde_2-1-aminomutase	4dgt-assembly1.cif.gz_A	LOKIASV2_3536_ESMFold_glutamate-1-semialdehyde_2-1-aminomutase	4dgt-assembly1.cif.gz_A Crystal structure of PLP-bound putative aminotransferase from Clostridium difficile 630 crystallized with magnesium formate	0.105	440	335	35	474	12	386	2.192E-09	222
LOKIASV2_3536_ESMFold_glutamate-1-semialdehyde_2-1-aminomutase	3mc6-assembly2.cif.gz_C-3	LOKIASV2_3536_ESMFold_glutamate-1-semialdehyde_2-1-aminomutase	3mc6-assembly2.cif.gz_C-3 Crystal structure of ScDPL1	0.111	386	332	94	479	37	410	4.028E-08	222
LOKIASV2_3536_ESMFold_glutamate-1-semialdehyde_2-1-aminomutase	8v2k-assembly1.cif.gz_D	LOKIASV2_3536_ESMFold_glutamate-1-semialdehyde_2-1-aminomutase	8v2k-assembly1.cif.gz_D Proteus vulgaris tryptophan indole-lyase complexed with L-alanine	0.120	391	340	91	477	46	436	6.661E-09	222
LOKIASV2_3536_ESMFold_glutamate-1-semialdehyde_2-1-aminomutase	3mc6-assembly1.cif.gz_A-2	LOKIASV2_3536_ESMFold_glutamate-1-semialdehyde_2-1-aminomutase	3mc6-assembly1.cif.gz_A-2 Crystal structure of ScDPL1	0.111	386	332	94	479	36	409	4.247E-08	221
LOKIASV2_3536_ESMFold_glutamate-1-semialdehyde_2-1-aminomutase	5eue-assembly1.cif.gz_B	LOKIASV2_3536_ESMFold_glutamate-1-semialdehyde_2-1-aminomutase	5eue-assembly1.cif.gz_B S1P Lyase Bacterial Surrogate bound to N-(2-((4-methoxy-2,5-dimethylbenzyl)amino)-1-phenylethyl)-5-methylisoxazole-3-carboxamide	0.116	382	324	97	478	43	410	2.781E-08	221
LOKIASV2_3536_ESMFold_glutamate-1-semialdehyde_2-1-aminomutase	6qp1-assembly1.cif.gz_B	LOKIASV2_3536_ESMFold_glutamate-1-semialdehyde_2-1-aminomutase	6qp1-assembly1.cif.gz_B Crystal structure of the PLP-bound C-S lyase in the external aldimine form from Staphylococcus hominis complexed with an inhibitor, L-cycloserine.	0.092	378	315	97	474	50	397	5.112E-09	220
LOKIASV2_3536_ESMFold_glutamate-1-semialdehyde_2-1-aminomutase	3pgy-assembly1.cif.gz_B	LOKIASV2_3536_ESMFold_glutamate-1-semialdehyde_2-1-aminomutase	3pgy-assembly1.cif.gz_B Serine hydroxymethyltransferase from Staphylococcus aureus, S95P mutant.	0.131	390	325	89	478	25	399	1.435E-09	220
LOKIASV2_3536_ESMFold_glutamate-1-semialdehyde_2-1-aminomutase	6kg1-assembly1.cif.gz_A	LOKIASV2_3536_ESMFold_glutamate-1-semialdehyde_2-1-aminomutase	6kg1-assembly1.cif.gz_A NifS from Helicobacter pylori, soaked with L-cysteine for 180 sec	0.137	390	303	89	478	3	354	3.091E-08	219
LOKIASV2_3536_ESMFold_glutamate-1-semialdehyde_2-1-aminomutase	1b5p-assembly1.cif.gz_B	LOKIASV2_3536_ESMFold_glutamate-1-semialdehyde_2-1-aminomutase	1b5p-assembly1.cif.gz_B THERMUS THERMOPHILUS ASPARTATE AMINOTRANSFERASE DOUBLE MUTANT 1	0.102	370	299	107	476	48	381	1.325E-08	219
LOKIASV2_3536_ESMFold_glutamate-1-semialdehyde_2-1-aminomutase	8ayf-assembly1.cif.gz_B	LOKIASV2_3536_ESMFold_glutamate-1-semialdehyde_2-1-aminomutase	8ayf-assembly1.cif.gz_B Crystal structure of human Sphingosine-1-phosphate lyase 1	0.149	383	312	97	479	42	409	6.317E-09	219
LOKIASV2_3536_ESMFold_glutamate-1-semialdehyde_2-1-aminomutase	7e7g-assembly1.cif.gz_A-2	LOKIASV2_3536_ESMFold_glutamate-1-semialdehyde_2-1-aminomutase	7e7g-assembly1.cif.gz_A-2 2-aminoethylphosphonate:pyruvate aminotransferase (AEPT) native	0.118	372	303	107	478	15	358	1.257E-08	218
LOKIASV2_3536_ESMFold_glutamate-1-semialdehyde_2-1-aminomutase	4up2-assembly4.cif.gz_D	LOKIASV2_3536_ESMFold_glutamate-1-semialdehyde_2-1-aminomutase	4up2-assembly4.cif.gz_D Crystal structure of Escherichia coli tryptophanase purified from alkaline stressed bacterial culture.	0.118	391	304	89	479	46	391	4.028E-08	218
LOKIASV2_3536_ESMFold_glutamate-1-semialdehyde_2-1-aminomutase	5ft8-assembly1.cif.gz_A	LOKIASV2_3536_ESMFold_glutamate-1-semialdehyde_2-1-aminomutase	5ft8-assembly1.cif.gz_A Crystal structure of the complex between the cysteine desulfurase CsdA and the sulfur-acceptor CsdE in the persulfurated state at 2.50 Angstroem resolution	0.106	383	336	97	479	24	400	1.192E-08	218
LOKIASV2_3536_ESMFold_glutamate-1-semialdehyde_2-1-aminomutase	1b5o-assembly1.cif.gz_B	LOKIASV2_3536_ESMFold_glutamate-1-semialdehyde_2-1-aminomutase	1b5o-assembly1.cif.gz_B THERMUS THERMOPHILUS ASPARTATE AMINOTRANSFERASE SINGLE MUTANT 1	0.111	367	296	107	473	48	381	1.073E-08	217
LOKIASV2_3536_ESMFold_glutamate-1-semialdehyde_2-1-aminomutase	5b7s-assembly1.cif.gz_A	LOKIASV2_3536_ESMFold_glutamate-1-semialdehyde_2-1-aminomutase	5b7s-assembly1.cif.gz_A Apo structure of Cysteine Desulfurase from Thermococcus onnurineus NA1	0.125	386	330	89	474	19	396	1.192E-08	217
LOKIASV2_3536_ESMFold_glutamate-1-semialdehyde_2-1-aminomutase	1kmj-assembly1.cif.gz_A	LOKIASV2_3536_ESMFold_glutamate-1-semialdehyde_2-1-aminomutase	1kmj-assembly1.cif.gz_A E. coli NifS/CsdB protein at 2.0A with the cysteine persulfide intermediate (residue CSS).	0.107	438	351	34	471	4	397	2.311E-09	217
LOKIASV2_3536_ESMFold_glutamate-1-semialdehyde_2-1-aminomutase	2z9u-assembly1.cif.gz_A	LOKIASV2_3536_ESMFold_glutamate-1-semialdehyde_2-1-aminomutase	2z9u-assembly1.cif.gz_A Crystal structure of pyridoxamine-pyruvate aminotransferase from Mesorhizobium loti at 2.0 A resolution	0.107	383	319	97	479	16	373	5.834E-08	216
LOKIASV2_3536_ESMFold_glutamate-1-semialdehyde_2-1-aminomutase	7tlp-assembly2.cif.gz_B	LOKIASV2_3536_ESMFold_glutamate-1-semialdehyde_2-1-aminomutase	7tlp-assembly2.cif.gz_B Structure of Atopobium parvulum SufS K235R	0.108	374	317	97	470	31	386	1.017E-08	215
LOKIASV2_3536_ESMFold_glutamate-1-semialdehyde_2-1-aminomutase	2v0y-assembly1.cif.gz_A	LOKIASV2_3536_ESMFold_glutamate-1-semialdehyde_2-1-aminomutase	2v0y-assembly1.cif.gz_A Crystal structure of apo C298S tryptophanase from E.coli	0.107	400	346	89	477	43	442	2.373E-08	215
LOKIASV2_3536_ESMFold_glutamate-1-semialdehyde_2-1-aminomutase	5bj4-assembly1.cif.gz_A	LOKIASV2_3536_ESMFold_glutamate-1-semialdehyde_2-1-aminomutase	5bj4-assembly1.cif.gz_A THERMUS THERMOPHILUS ASPARTATE AMINOTRANSFERASE TETRA MUTANT 2	0.112	366	295	106	471	31	363	1.821E-08	214
LOKIASV2_3536_ESMFold_glutamate-1-semialdehyde_2-1-aminomutase	6dur-assembly1.cif.gz_A-2	LOKIASV2_3536_ESMFold_glutamate-1-semialdehyde_2-1-aminomutase	6dur-assembly1.cif.gz_A-2 Citrobacter freundii tyrosine phenol-lyase complexed with L-phenylalanine	0.110	397	348	83	479	38	429	7.404E-09	214
LOKIASV2_3536_ESMFold_glutamate-1-semialdehyde_2-1-aminomutase	5usr-assembly2.cif.gz_C	LOKIASV2_3536_ESMFold_glutamate-1-semialdehyde_2-1-aminomutase	5usr-assembly2.cif.gz_C Crystal structure of human NFS1-ISD11 in complex with E. coli acyl-carrier protein at 3.09 angstroms	0.128	382	287	98	479	11	340	7.807E-09	213
LOKIASV2_3536_ESMFold_glutamate-1-semialdehyde_2-1-aminomutase	7qug-assembly1.cif.gz_A	LOKIASV2_3536_ESMFold_glutamate-1-semialdehyde_2-1-aminomutase	7qug-assembly1.cif.gz_A Crystal structure of carbon-sulfur lyase FnaPatB1 from Fusobacterium nucleatum subspecies animalis in complex with allyl-cysteine	0.088	382	319	97	478	45	395	1.638E-08	213
LOKIASV2_3536_ESMFold_glutamate-1-semialdehyde_2-1-aminomutase	4w1y-assembly1.cif.gz_B-2	LOKIASV2_3536_ESMFold_glutamate-1-semialdehyde_2-1-aminomutase	4w1y-assembly1.cif.gz_B-2 Crystal structure of Escherichia coli Tryptophanase in 'semi-holo' form	0.119	389	322	89	477	43	408	4.247E-08	213
LOKIASV2_3536_ESMFold_glutamate-1-semialdehyde_2-1-aminomutase	3dr4-assembly1.cif.gz_A	LOKIASV2_3536_ESMFold_glutamate-1-semialdehyde_2-1-aminomutase	3dr4-assembly1.cif.gz_A GDP-perosamine synthase K186A mutant from Caulobacter crescentus with bound sugar ligand	0.111	364	310	108	471	11	360	2.932E-08	212
LOKIASV2_3536_ESMFold_glutamate-1-semialdehyde_2-1-aminomutase	3maf-assembly1.cif.gz_B	LOKIASV2_3536_ESMFold_glutamate-1-semialdehyde_2-1-aminomutase	3maf-assembly1.cif.gz_B Crystal structure of StSPL (asymmetric form)	0.121	385	323	94	478	24	392	7.602E-08	212
LOKIASV2_3536_ESMFold_glutamate-1-semialdehyde_2-1-aminomutase	3bcx-assembly1.cif.gz_B	LOKIASV2_3536_ESMFold_glutamate-1-semialdehyde_2-1-aminomutase	3bcx-assembly1.cif.gz_B E1 Dehydrase	0.115	427	366	49	475	3	416	2.079E-09	212
LOKIASV2_3536_ESMFold_glutamate-1-semialdehyde_2-1-aminomutase	4obu-assembly4.cif.gz_C	LOKIASV2_3536_ESMFold_glutamate-1-semialdehyde_2-1-aminomutase	4obu-assembly4.cif.gz_C Ruminococcus gnavus tryptophan decarboxylase RUMGNA_01526 (apo)	0.122	477	387	2	478	12	453	9.648E-09	212
LOKIASV2_3536_ESMFold_glutamate-1-semialdehyde_2-1-aminomutase	4riz-assembly1.cif.gz_B	LOKIASV2_3536_ESMFold_glutamate-1-semialdehyde_2-1-aminomutase	4riz-assembly1.cif.gz_B The crystal structure of Y333Q mutant pyridoxal-dependent decarboxylase from Sphaerobacter thermophilus dsm 20745	0.130	380	321	106	475	95	474	5.834E-08	212
LOKIASV2_3536_ESMFold_glutamate-1-semialdehyde_2-1-aminomutase	3pj0-assembly2.cif.gz_C	LOKIASV2_3536_ESMFold_glutamate-1-semialdehyde_2-1-aminomutase	3pj0-assembly2.cif.gz_C Crystal structure of a putative L-allo-threonine aldolase (lmo0305) from Listeria monocytogenes EGD-E at 1.80 A resolution	0.130	385	304	93	477	3	352	2.501E-08	211
LOKIASV2_3536_ESMFold_glutamate-1-semialdehyde_2-1-aminomutase	8sij-assembly1.cif.gz_B-2	LOKIASV2_3536_ESMFold_glutamate-1-semialdehyde_2-1-aminomutase	8sij-assembly1.cif.gz_B-2 Crystal structure of F. varium tryptophanase	0.109	390	331	89	478	45	416	8.451E-08	211
LOKIASV2_3536_ESMFold_glutamate-1-semialdehyde_2-1-aminomutase	7b0m-assembly1.cif.gz_AAA-2	LOKIASV2_3536_ESMFold_glutamate-1-semialdehyde_2-1-aminomutase	7b0m-assembly1.cif.gz_AAA-2 Sugar transaminase from a metagenome collected from troll oil field production water	0.094	372	321	107	478	13	367	5.992E-09	210
LOKIASV2_3536_ESMFold_glutamate-1-semialdehyde_2-1-aminomutase	1c0n-assembly1.cif.gz_A-2	LOKIASV2_3536_ESMFold_glutamate-1-semialdehyde_2-1-aminomutase	1c0n-assembly1.cif.gz_A-2 CSDB PROTEIN, NIFS HOMOLOGUE	0.115	413	351	63	475	4	401	5.390E-09	210
LOKIASV2_3536_ESMFold_glutamate-1-semialdehyde_2-1-aminomutase	7fjk-assembly1.cif.gz_B	LOKIASV2_3536_ESMFold_glutamate-1-semialdehyde_2-1-aminomutase	7fjk-assembly1.cif.gz_B Tyrosine phenol-lyase from pantoea agglomerans	0.116	391	344	89	479	44	433	9.150E-09	210
LOKIASV2_3536_ESMFold_glutamate-1-semialdehyde_2-1-aminomutase	2yri-assembly1.cif.gz_B	LOKIASV2_3536_ESMFold_glutamate-1-semialdehyde_2-1-aminomutase	2yri-assembly1.cif.gz_B Crystal structure of alanine-pyruvate aminotransferase with 2-methylserine	0.099	383	311	97	479	7	352	1.435E-07	209
LOKIASV2_3536_ESMFold_glutamate-1-semialdehyde_2-1-aminomutase	3fdb-assembly1.cif.gz_A-2	LOKIASV2_3536_ESMFold_glutamate-1-semialdehyde_2-1-aminomutase	3fdb-assembly1.cif.gz_A-2 Crystal structure of a putative plp-dependent beta-cystathionase (aecd, dip1736) from corynebacterium diphtheriae at 1.99 A resolution	0.095	427	324	53	479	17	375	3.259E-08	209
LOKIASV2_3536_ESMFold_glutamate-1-semialdehyde_2-1-aminomutase	6zek-assembly2.cif.gz_B	LOKIASV2_3536_ESMFold_glutamate-1-semialdehyde_2-1-aminomutase	6zek-assembly2.cif.gz_B Crystal structure of mouse CSAD	0.140	389	323	97	473	78	466	3.091E-08	209
LOKIASV2_3536_ESMFold_glutamate-1-semialdehyde_2-1-aminomutase	6zek-assembly2.cif.gz_D	LOKIASV2_3536_ESMFold_glutamate-1-semialdehyde_2-1-aminomutase	6zek-assembly2.cif.gz_D Crystal structure of mouse CSAD	0.130	394	327	97	473	77	470	2.250E-08	209
LOKIASV2_3536_ESMFold_glutamate-1-semialdehyde_2-1-aminomutase	5vye-assembly1.cif.gz_A	LOKIASV2_3536_ESMFold_glutamate-1-semialdehyde_2-1-aminomutase	5vye-assembly1.cif.gz_A Crystal Structure of L-Threonine Aldolase from Pseudomonas putida	0.138	382	287	94	475	9	342	1.682E-07	208
LOKIASV2_3536_ESMFold_glutamate-1-semialdehyde_2-1-aminomutase	1gc3-assembly3.cif.gz_F	LOKIASV2_3536_ESMFold_glutamate-1-semialdehyde_2-1-aminomutase	1gc3-assembly3.cif.gz_F THERMUS THERMOPHILUS ASPARTATE AMINOTRANSFERASE TETRA MUTANT 2 COMPLEXED WITH TRYPTOPHAN	0.116	367	294	107	473	48	381	2.373E-08	208
LOKIASV2_3536_ESMFold_glutamate-1-semialdehyde_2-1-aminomutase	3kgw-assembly1.cif.gz_B	LOKIASV2_3536_ESMFold_glutamate-1-semialdehyde_2-1-aminomutase	3kgw-assembly1.cif.gz_B Crystal structure of Putative aminotransferase (AAH25799.1) from MUS MUSCULUS at 1.65 A resolution	0.124	382	310	97	478	29	383	1.192E-08	208
LOKIASV2_3536_ESMFold_glutamate-1-semialdehyde_2-1-aminomutase	7tlp-assembly3.cif.gz_C	LOKIASV2_3536_ESMFold_glutamate-1-semialdehyde_2-1-aminomutase	7tlp-assembly3.cif.gz_C Structure of Atopobium parvulum SufS K235R	0.114	373	313	97	469	31	384	1.727E-08	208
LOKIASV2_3536_ESMFold_glutamate-1-semialdehyde_2-1-aminomutase	3pgy-assembly2.cif.gz_D	LOKIASV2_3536_ESMFold_glutamate-1-semialdehyde_2-1-aminomutase	3pgy-assembly2.cif.gz_D Serine hydroxymethyltransferase from Staphylococcus aureus, S95P mutant.	0.133	390	321	89	478	27	397	3.529E-09	208
LOKIASV2_3536_ESMFold_glutamate-1-semialdehyde_2-1-aminomutase	3g8m-assembly1.cif.gz_A-2	LOKIASV2_3536_ESMFold_glutamate-1-semialdehyde_2-1-aminomutase	3g8m-assembly1.cif.gz_A-2 Serine Hydroxymethyltransferase Y55F Mutant	0.133	390	314	89	478	29	391	2.637E-08	208
LOKIASV2_3536_ESMFold_glutamate-1-semialdehyde_2-1-aminomutase	3pgy-assembly1.cif.gz_A	LOKIASV2_3536_ESMFold_glutamate-1-semialdehyde_2-1-aminomutase	3pgy-assembly1.cif.gz_A Serine hydroxymethyltransferase from Staphylococcus aureus, S95P mutant.	0.125	390	325	89	478	25	396	5.112E-09	207
LOKIASV2_3536_ESMFold_glutamate-1-semialdehyde_2-1-aminomutase	1yjy-assembly1.cif.gz_A	LOKIASV2_3536_ESMFold_glutamate-1-semialdehyde_2-1-aminomutase	1yjy-assembly1.cif.gz_A K226M Mutant Of Serine Hydroxymethyltransferase From B. Stearothermophilus, Complex With Serine	0.128	380	317	99	478	30	394	8.231E-09	207
LOKIASV2_3536_ESMFold_glutamate-1-semialdehyde_2-1-aminomutase	3bcx-assembly1.cif.gz_A	LOKIASV2_3536_ESMFold_glutamate-1-semialdehyde_2-1-aminomutase	3bcx-assembly1.cif.gz_A E1 Dehydrase	0.118	431	363	45	475	6	418	2.709E-09	207
LOKIASV2_3536_ESMFold_glutamate-1-semialdehyde_2-1-aminomutase	2yhk-assembly1.cif.gz_A	LOKIASV2_3536_ESMFold_glutamate-1-semialdehyde_2-1-aminomutase	2yhk-assembly1.cif.gz_A D214A mutant of tyrosine phenol-lyase from Citrobacter freundii	0.113	391	345	89	479	43	432	1.257E-08	207
LOKIASV2_3536_ESMFold_glutamate-1-semialdehyde_2-1-aminomutase	2c44-assembly1.cif.gz_D	LOKIASV2_3536_ESMFold_glutamate-1-semialdehyde_2-1-aminomutase	2c44-assembly1.cif.gz_D Crystal Structure of E. coli Tryptophanase	0.124	398	338	89	475	43	440	2.932E-08	207
LOKIASV2_3536_ESMFold_glutamate-1-semialdehyde_2-1-aminomutase	4rj0-assembly2.cif.gz_D	LOKIASV2_3536_ESMFold_glutamate-1-semialdehyde_2-1-aminomutase	4rj0-assembly2.cif.gz_D The crystal structure of Y333N mutant pyridoxal-dependent decarboxylase from Sphaerobacter thermophilus dsm 20745	0.127	371	321	106	474	97	467	8.910E-08	207
LOKIASV2_3536_ESMFold_glutamate-1-semialdehyde_2-1-aminomutase	1v72-assembly1.cif.gz_A	LOKIASV2_3536_ESMFold_glutamate-1-semialdehyde_2-1-aminomutase	1v72-assembly1.cif.gz_A Crystal Structure of Phenylserine Aldolase from Pseudomonas Putida	0.128	364	285	106	469	17	344	4.978E-08	206
LOKIASV2_3536_ESMFold_glutamate-1-semialdehyde_2-1-aminomutase	7tlp-assembly1.cif.gz_A-2	LOKIASV2_3536_ESMFold_glutamate-1-semialdehyde_2-1-aminomutase	7tlp-assembly1.cif.gz_A-2 Structure of Atopobium parvulum SufS K235R	0.100	374	318	97	470	31	384	1.727E-08	206
LOKIASV2_3536_ESMFold_glutamate-1-semialdehyde_2-1-aminomutase	4up2-assembly1.cif.gz_A	LOKIASV2_3536_ESMFold_glutamate-1-semialdehyde_2-1-aminomutase	4up2-assembly1.cif.gz_A Crystal structure of Escherichia coli tryptophanase purified from alkaline stressed bacterial culture.	0.116	391	312	89	479	47	400	7.210E-08	206
LOKIASV2_3536_ESMFold_glutamate-1-semialdehyde_2-1-aminomutase	2ycn-assembly1.cif.gz_B-2	LOKIASV2_3536_ESMFold_glutamate-1-semialdehyde_2-1-aminomutase	2ycn-assembly1.cif.gz_B-2 Y71F mutant of tyrosine phenol-lyase from Citrobacter freundii in complex with quinonoid intermediate formed with 3-fluoro-L-tyrosine	0.121	390	338	89	478	44	429	1.821E-08	206
LOKIASV2_3536_ESMFold_glutamate-1-semialdehyde_2-1-aminomutase	4lhc-assembly1.cif.gz_A	LOKIASV2_3536_ESMFold_glutamate-1-semialdehyde_2-1-aminomutase	4lhc-assembly1.cif.gz_A Crystal structure of Synechocystis sp. PCC 6803 glycine decarboxylase (P-protein), holo form with pyridoxal-5'-phosphate and glycine	0.140	350	284	129	478	539	869	8.451E-08	206
LOKIASV2_3536_ESMFold_glutamate-1-semialdehyde_2-1-aminomutase	3bn1-assembly2.cif.gz_C	LOKIASV2_3536_ESMFold_glutamate-1-semialdehyde_2-1-aminomutase	3bn1-assembly2.cif.gz_C Crystal structure of GDP-perosamine synthase	0.110	364	311	108	471	12	361	3.259E-08	205
LOKIASV2_3536_ESMFold_glutamate-1-semialdehyde_2-1-aminomutase	3ke3-assembly1.cif.gz_A-2	LOKIASV2_3536_ESMFold_glutamate-1-semialdehyde_2-1-aminomutase	3ke3-assembly1.cif.gz_A-2 Crystal structure of Putative serine-pyruvate aminotransferase (YP_263484.1) from PSYCHROBACTER ARCTICUM 273-4 at 2.20 A resolution	0.126	351	302	129	479	26	371	6.152E-08	205
LOKIASV2_3536_ESMFold_glutamate-1-semialdehyde_2-1-aminomutase	1v2d-assembly1.cif.gz_A-2	LOKIASV2_3536_ESMFold_glutamate-1-semialdehyde_2-1-aminomutase	1v2d-assembly1.cif.gz_A-2 Crystal Structure of T.th HB8 Glutamine Aminotransferase	0.120	383	297	89	471	24	362	5.534E-08	204
LOKIASV2_3536_ESMFold_glutamate-1-semialdehyde_2-1-aminomutase	5uid-assembly2.cif.gz_D	LOKIASV2_3536_ESMFold_glutamate-1-semialdehyde_2-1-aminomutase	5uid-assembly2.cif.gz_D The crystal structure of an aminotransferase TlmJ from Streptoalloteichus hindustanus	0.110	373	315	107	479	12	366	1.920E-08	204
LOKIASV2_3536_ESMFold_glutamate-1-semialdehyde_2-1-aminomutase	3b46-assembly1.cif.gz_B	LOKIASV2_3536_ESMFold_glutamate-1-semialdehyde_2-1-aminomutase	3b46-assembly1.cif.gz_B Crystal Structure of Bna3p, a Putative Kynurenine Aminotransferase from Saccharomyces cerevisiae	0.115	388	342	89	476	37	424	1.473E-08	204
LOKIASV2_3536_ESMFold_glutamate-1-semialdehyde_2-1-aminomutase	1tpl-assembly1.cif.gz_A-2	LOKIASV2_3536_ESMFold_glutamate-1-semialdehyde_2-1-aminomutase	1tpl-assembly1.cif.gz_A-2 THE THREE-DIMENSIONAL STRUCTURE OF TYROSINE PHENOL-LYASE	0.103	390	327	89	478	44	408	2.932E-08	204
LOKIASV2_3536_ESMFold_glutamate-1-semialdehyde_2-1-aminomutase	3euc-assembly1.cif.gz_B	LOKIASV2_3536_ESMFold_glutamate-1-semialdehyde_2-1-aminomutase	3euc-assembly1.cif.gz_B Crystal structure of histidinol-phosphate aminotransferase (YP_297314.1) from RALSTONIA EUTROPHA JMP134 at 2.05 A resolution	0.147	390	277	89	478	32	357	2.134E-08	203
LOKIASV2_3536_ESMFold_glutamate-1-semialdehyde_2-1-aminomutase	4rit-assembly1.cif.gz_A	LOKIASV2_3536_ESMFold_glutamate-1-semialdehyde_2-1-aminomutase	4rit-assembly1.cif.gz_A The yellow crystal structure of pyridoxal-dependent decarboxylase from sphaerobacter thermophilus dsm 20745	0.136	372	319	106	475	89	460	1.291E-07	203
LOKIASV2_3536_ESMFold_glutamate-1-semialdehyde_2-1-aminomutase	7tlp-assembly3.cif.gz_E	LOKIASV2_3536_ESMFold_glutamate-1-semialdehyde_2-1-aminomutase	7tlp-assembly3.cif.gz_E Structure of Atopobium parvulum SufS K235R	0.104	374	320	97	470	31	388	2.024E-08	202
LOKIASV2_3536_ESMFold_glutamate-1-semialdehyde_2-1-aminomutase	1dfo-assembly2.cif.gz_D	LOKIASV2_3536_ESMFold_glutamate-1-semialdehyde_2-1-aminomutase	1dfo-assembly2.cif.gz_D CRYSTAL STRUCTURE AT 2.4 ANGSTROM RESOLUTION OF E. COLI SERINE HYDROXYMETHYLTRANSFERASE IN COMPLEX WITH GLYCINE AND 5-FORMYL TETRAHYDROFOLATE	0.123	433	331	46	478	13	390	3.820E-08	202
LOKIASV2_3536_ESMFold_glutamate-1-semialdehyde_2-1-aminomutase	4lhc-assembly1.cif.gz_B	LOKIASV2_3536_ESMFold_glutamate-1-semialdehyde_2-1-aminomutase	4lhc-assembly1.cif.gz_B Crystal structure of Synechocystis sp. PCC 6803 glycine decarboxylase (P-protein), holo form with pyridoxal-5'-phosphate and glycine	0.138	350	284	129	478	539	869	4.978E-08	202
LOKIASV2_3536_ESMFold_glutamate-1-semialdehyde_2-1-aminomutase	1svv-assembly1.cif.gz_B	LOKIASV2_3536_ESMFold_glutamate-1-semialdehyde_2-1-aminomutase	1svv-assembly1.cif.gz_B Initial Stuctural Analysis of Leishmania major Threonine Aldolase	0.119	364	288	110	473	14	341	7.210E-08	201
LOKIASV2_3536_ESMFold_glutamate-1-semialdehyde_2-1-aminomutase	3bb8-assembly1.cif.gz_B	LOKIASV2_3536_ESMFold_glutamate-1-semialdehyde_2-1-aminomutase	3bb8-assembly1.cif.gz_B E1 Dehydrase H220K Mutant	0.113	427	367	49	475	3	417	4.848E-09	201
LOKIASV2_3536_ESMFold_glutamate-1-semialdehyde_2-1-aminomutase	4rj0-assembly2.cif.gz_C	LOKIASV2_3536_ESMFold_glutamate-1-semialdehyde_2-1-aminomutase	4rj0-assembly2.cif.gz_C The crystal structure of Y333N mutant pyridoxal-dependent decarboxylase from Sphaerobacter thermophilus dsm 20745	0.124	373	322	106	474	90	462	1.161E-07	201
LOKIASV2_3536_ESMFold_glutamate-1-semialdehyde_2-1-aminomutase	4rlg-assembly2.cif.gz_D	LOKIASV2_3536_ESMFold_glutamate-1-semialdehyde_2-1-aminomutase	4rlg-assembly2.cif.gz_D The clear crystal structure of pyridoxal-dependent decarboxylase from sphaerobacter thermophilus dsm 20745	0.130	378	320	106	474	92	469	1.291E-07	201
LOKIASV2_3536_ESMFold_glutamate-1-semialdehyde_2-1-aminomutase	7mfq-assembly2.cif.gz_D	LOKIASV2_3536_ESMFold_glutamate-1-semialdehyde_2-1-aminomutase	7mfq-assembly2.cif.gz_D crystal structure of the L136 aminotransferase from acanthamoeba polyphaga mimivirus in complex with the TDP-viosamine external aldimine	0.107	373	300	104	476	11	347	5.534E-08	200
LOKIASV2_3536_ESMFold_glutamate-1-semialdehyde_2-1-aminomutase	3lvk-assembly1.cif.gz_A-2	LOKIASV2_3536_ESMFold_glutamate-1-semialdehyde_2-1-aminomutase	3lvk-assembly1.cif.gz_A-2 Crystal Structure of E.coli IscS-TusA complex (form 2)	0.122	388	326	91	478	6	377	3.623E-08	200
LOKIASV2_3536_ESMFold_glutamate-1-semialdehyde_2-1-aminomutase	8sij-assembly1.cif.gz_A-2	LOKIASV2_3536_ESMFold_glutamate-1-semialdehyde_2-1-aminomutase	8sij-assembly1.cif.gz_A-2 Crystal structure of F. varium tryptophanase	0.109	391	335	89	479	45	421	3.437E-08	200
LOKIASV2_3536_ESMFold_glutamate-1-semialdehyde_2-1-aminomutase	4lhd-assembly1.cif.gz_A	LOKIASV2_3536_ESMFold_glutamate-1-semialdehyde_2-1-aminomutase	4lhd-assembly1.cif.gz_A Crystal structure of Synechocystis sp. PCC 6803 glycine decarboxylase (P-protein), holo form with pyridoxal-5'-phosphate and glycine, closed flexible loop	0.136	350	285	129	478	549	879	1.513E-07	200
LOKIASV2_3536_ESMFold_glutamate-1-semialdehyde_2-1-aminomutase	7mfq-assembly2.cif.gz_C	LOKIASV2_3536_ESMFold_glutamate-1-semialdehyde_2-1-aminomutase	7mfq-assembly2.cif.gz_C crystal structure of the L136 aminotransferase from acanthamoeba polyphaga mimivirus in complex with the TDP-viosamine external aldimine	0.099	373	301	104	476	14	348	4.247E-08	199
LOKIASV2_3536_ESMFold_glutamate-1-semialdehyde_2-1-aminomutase	4zah-assembly4.cif.gz_H	LOKIASV2_3536_ESMFold_glutamate-1-semialdehyde_2-1-aminomutase	4zah-assembly4.cif.gz_H Crystal structure of sugar aminotransferase WecE with External Aldimine VII from Escherichia coli K-12	0.098	366	316	106	471	12	362	1.361E-07	199
LOKIASV2_3536_ESMFold_glutamate-1-semialdehyde_2-1-aminomutase	1c7o-assembly3.cif.gz_E	LOKIASV2_3536_ESMFold_glutamate-1-semialdehyde_2-1-aminomutase	1c7o-assembly3.cif.gz_E CRYSTAL STRUCTURE OF CYSTALYSIN FROM TREPONEMA DENTICOLA CONTAINS A PYRIDOXAL 5'-PHOSPHATE-L-AMINOETHOXYVINYLGLYCINE COMPLEX	0.112	381	316	97	477	37	393	8.015E-08	199
LOKIASV2_3536_ESMFold_glutamate-1-semialdehyde_2-1-aminomutase	8odq-assembly1.cif.gz_D	LOKIASV2_3536_ESMFold_glutamate-1-semialdehyde_2-1-aminomutase	8odq-assembly1.cif.gz_D SufS-SufU complex from Mycobacterium tuberculosis	0.095	414	364	64	477	5	407	1.325E-08	199
LOKIASV2_3536_ESMFold_glutamate-1-semialdehyde_2-1-aminomutase	2ez2-assembly1.cif.gz_A	LOKIASV2_3536_ESMFold_glutamate-1-semialdehyde_2-1-aminomutase	2ez2-assembly1.cif.gz_A Apo tyrosine phenol-lyase from Citrobacter freundii at pH 8.0	0.115	396	349	83	478	39	433	1.821E-08	199
LOKIASV2_3536_ESMFold_glutamate-1-semialdehyde_2-1-aminomutase	4rm1-assembly1.cif.gz_A	LOKIASV2_3536_ESMFold_glutamate-1-semialdehyde_2-1-aminomutase	4rm1-assembly1.cif.gz_A The crystal structure of Y333Q mutant pyridoxal-dependent decarboxylase from Sphaerobacter thermophilus DSM 20745	0.136	380	319	106	475	94	473	9.905E-08	199
LOKIASV2_3536_ESMFold_glutamate-1-semialdehyde_2-1-aminomutase	7a0a-assembly2.cif.gz_D	LOKIASV2_3536_ESMFold_glutamate-1-semialdehyde_2-1-aminomutase	7a0a-assembly2.cif.gz_D Crystal structure of mouse CSAD in apo form	0.135	384	317	106	473	86	469	1.224E-07	198
LOKIASV2_3536_ESMFold_glutamate-1-semialdehyde_2-1-aminomutase	6zek-assembly1.cif.gz_C	LOKIASV2_3536_ESMFold_glutamate-1-semialdehyde_2-1-aminomutase	6zek-assembly1.cif.gz_C Crystal structure of mouse CSAD	0.134	396	326	97	473	79	474	3.820E-08	198
LOKIASV2_3536_ESMFold_glutamate-1-semialdehyde_2-1-aminomutase	3nys-assembly1.cif.gz_A	LOKIASV2_3536_ESMFold_glutamate-1-semialdehyde_2-1-aminomutase	3nys-assembly1.cif.gz_A X-ray structure of the K185A mutant of WbpE (WlbE) from pseudomonas aeruginosa in complex with PLP at 1.45 angstrom resolution	0.105	373	306	107	479	17	359	4.721E-08	197
LOKIASV2_3536_ESMFold_glutamate-1-semialdehyde_2-1-aminomutase	2ch2-assembly2.cif.gz_C	LOKIASV2_3536_ESMFold_glutamate-1-semialdehyde_2-1-aminomutase	2ch2-assembly2.cif.gz_C Structure of the Anopheles gambiae 3-hydroxykynurenine transaminase in complex with inhibitor	0.125	382	312	97	478	23	379	4.721E-08	197
LOKIASV2_3536_ESMFold_glutamate-1-semialdehyde_2-1-aminomutase	4rlg-assembly1.cif.gz_B	LOKIASV2_3536_ESMFold_glutamate-1-semialdehyde_2-1-aminomutase	4rlg-assembly1.cif.gz_B The clear crystal structure of pyridoxal-dependent decarboxylase from sphaerobacter thermophilus dsm 20745	0.124	347	296	129	475	131	469	8.910E-08	197
LOKIASV2_3536_ESMFold_glutamate-1-semialdehyde_2-1-aminomutase	4riz-assembly2.cif.gz_D	LOKIASV2_3536_ESMFold_glutamate-1-semialdehyde_2-1-aminomutase	4riz-assembly2.cif.gz_D The crystal structure of Y333Q mutant pyridoxal-dependent decarboxylase from Sphaerobacter thermophilus dsm 20745	0.127	378	320	106	473	93	470	7.602E-08	197
LOKIASV2_3536_ESMFold_glutamate-1-semialdehyde_2-1-aminomutase	5k8b-assembly2.cif.gz_D	LOKIASV2_3536_ESMFold_glutamate-1-semialdehyde_2-1-aminomutase	5k8b-assembly2.cif.gz_D X-ray structure of KdnA, 8-amino-3,8-dideoxy-alpha-D-manno-octulosonate transaminase, from Shewanella oneidensis in the presence of the external aldimine with PLP and glutamate	0.116	384	324	106	473	8	391	3.437E-08	196
LOKIASV2_3536_ESMFold_glutamate-1-semialdehyde_2-1-aminomutase	1vp4-assembly1.cif.gz_B	LOKIASV2_3536_ESMFold_glutamate-1-semialdehyde_2-1-aminomutase	1vp4-assembly1.cif.gz_B Crystal structure of a putative aminotransferase (tm1131) from thermotoga maritima msb8 at 1.82 A resolution	0.132	393	325	86	478	33	407	2.781E-08	196
LOKIASV2_3536_ESMFold_glutamate-1-semialdehyde_2-1-aminomutase	8e75-assembly1.cif.gz_A	LOKIASV2_3536_ESMFold_glutamate-1-semialdehyde_2-1-aminomutase	8e75-assembly1.cif.gz_A Crystal structure of Pcryo_0616, the aminotransferase required to synthesize UDP-N-acetyl-3-amino-D-glucosaminuronic acid (UDP-GlcNAc3NA)	0.130	318	264	107	424	17	320	2.373E-08	195
LOKIASV2_3536_ESMFold_glutamate-1-semialdehyde_2-1-aminomutase	1o69-assembly1.cif.gz_A	LOKIASV2_3536_ESMFold_glutamate-1-semialdehyde_2-1-aminomutase	1o69-assembly1.cif.gz_A Crystal structure of a PLP-dependent enzyme	0.130	371	318	108	473	3	373	7.210E-08	195
LOKIASV2_3536_ESMFold_glutamate-1-semialdehyde_2-1-aminomutase	6rv1-assembly1.cif.gz_A-2	LOKIASV2_3536_ESMFold_glutamate-1-semialdehyde_2-1-aminomutase	6rv1-assembly1.cif.gz_A-2 human Alanine:Glyoxylate Aminotransferase major allele (AGT-Ma)	0.118	379	310	97	475	24	376	5.248E-08	195
LOKIASV2_3536_ESMFold_glutamate-1-semialdehyde_2-1-aminomutase	6mfb-assembly1.cif.gz_B	LOKIASV2_3536_ESMFold_glutamate-1-semialdehyde_2-1-aminomutase	6mfb-assembly1.cif.gz_B Crystal structure of 3-hydroxykynurenine transaminase from Aedes aegypti	0.127	373	306	106	478	31	381	1.971E-07	195
LOKIASV2_3536_ESMFold_glutamate-1-semialdehyde_2-1-aminomutase	8tn3-assembly1.cif.gz_B	LOKIASV2_3536_ESMFold_glutamate-1-semialdehyde_2-1-aminomutase	8tn3-assembly1.cif.gz_B Structure of S. hygroscopicus aminotransferase MppQ complexed with pyridoxamine 5'-phosphate (PMP)	0.112	385	324	89	473	21	386	7.602E-08	195
LOKIASV2_3536_ESMFold_glutamate-1-semialdehyde_2-1-aminomutase	3gbx-assembly1.cif.gz_A	LOKIASV2_3536_ESMFold_glutamate-1-semialdehyde_2-1-aminomutase	3gbx-assembly1.cif.gz_A Serine hydroxymethyltransferase from Salmonella typhimurium	0.116	391	294	89	479	32	365	1.595E-07	195
LOKIASV2_3536_ESMFold_glutamate-1-semialdehyde_2-1-aminomutase	6ewj-assembly2.cif.gz_C	LOKIASV2_3536_ESMFold_glutamate-1-semialdehyde_2-1-aminomutase	6ewj-assembly2.cif.gz_C Putative sugar aminotransferase Spr1654 from Streptococcus pneumoniae, apo-form	0.121	381	326	107	478	13	393	5.248E-08	195
LOKIASV2_3536_ESMFold_glutamate-1-semialdehyde_2-1-aminomutase	1yjs-assembly1.cif.gz_A-2	LOKIASV2_3536_ESMFold_glutamate-1-semialdehyde_2-1-aminomutase	1yjs-assembly1.cif.gz_A-2 K226Q Mutant Of Serine Hydroxymethyltransferase From B. Stearothermophilus, Complex With Glycine	0.128	390	322	89	478	25	394	2.373E-08	195
LOKIASV2_3536_ESMFold_glutamate-1-semialdehyde_2-1-aminomutase	4zah-assembly1.cif.gz_B	LOKIASV2_3536_ESMFold_glutamate-1-semialdehyde_2-1-aminomutase	4zah-assembly1.cif.gz_B Crystal structure of sugar aminotransferase WecE with External Aldimine VII from Escherichia coli K-12	0.100	382	330	89	470	2	369	3.010E-07	194
LOKIASV2_3536_ESMFold_glutamate-1-semialdehyde_2-1-aminomutase	2o0r-assembly1.cif.gz_B	LOKIASV2_3536_ESMFold_glutamate-1-semialdehyde_2-1-aminomutase	2o0r-assembly1.cif.gz_B The three-dimensional structure of N-Succinyldiaminopimelate aminotransferase from Mycobacterium tuberculosis	0.115	368	304	106	473	40	383	1.773E-07	194
LOKIASV2_3536_ESMFold_glutamate-1-semialdehyde_2-1-aminomutase	1p3w-assembly1.cif.gz_A	LOKIASV2_3536_ESMFold_glutamate-1-semialdehyde_2-1-aminomutase	1p3w-assembly1.cif.gz_A X-ray crystal structure of E. coli IscS	0.133	388	317	91	478	5	371	1.920E-08	194
LOKIASV2_3536_ESMFold_glutamate-1-semialdehyde_2-1-aminomutase	4ztc-assembly1.cif.gz_A-2	LOKIASV2_3536_ESMFold_glutamate-1-semialdehyde_2-1-aminomutase	4ztc-assembly1.cif.gz_A-2 PglE Aminotransferase in complex with External Aldimine, Mutant K184A	0.136	379	325	97	473	6	384	5.248E-08	194
LOKIASV2_3536_ESMFold_glutamate-1-semialdehyde_2-1-aminomutase	6qp3-assembly2.cif.gz_C	LOKIASV2_3536_ESMFold_glutamate-1-semialdehyde_2-1-aminomutase	6qp3-assembly2.cif.gz_C Crystal structure of the PLP-bound C-S lyase from Bacillus subtilis (strain 168)	0.104	368	306	106	473	43	385	4.721E-08	194
LOKIASV2_3536_ESMFold_glutamate-1-semialdehyde_2-1-aminomutase	6ewj-assembly1.cif.gz_A	LOKIASV2_3536_ESMFold_glutamate-1-semialdehyde_2-1-aminomutase	6ewj-assembly1.cif.gz_A Putative sugar aminotransferase Spr1654 from Streptococcus pneumoniae, apo-form	0.126	389	325	107	479	11	399	6.152E-08	194
LOKIASV2_3536_ESMFold_glutamate-1-semialdehyde_2-1-aminomutase	5gvk-assembly1.cif.gz_B	LOKIASV2_3536_ESMFold_glutamate-1-semialdehyde_2-1-aminomutase	5gvk-assembly1.cif.gz_B Plasmodium vivax SHMT bound with PLP-glycine and GS256	0.126	390	324	89	478	28	399	2.134E-08	194
LOKIASV2_3536_ESMFold_glutamate-1-semialdehyde_2-1-aminomutase	4o6z-assembly2.cif.gz_D	LOKIASV2_3536_ESMFold_glutamate-1-semialdehyde_2-1-aminomutase	4o6z-assembly2.cif.gz_D Crystal structure of serine hydroxymethyltransferase with covalently bound PLP Schiff-base from Plasmodium falciparum	0.145	390	321	89	478	31	406	1.473E-08	194
LOKIASV2_3536_ESMFold_glutamate-1-semialdehyde_2-1-aminomutase	7tcs-assembly1.cif.gz_D	LOKIASV2_3536_ESMFold_glutamate-1-semialdehyde_2-1-aminomutase	7tcs-assembly1.cif.gz_D M379A mutant tyrosine phenol-lyase complexed with L-methionine	0.121	389	340	91	479	46	433	4.028E-08	194
LOKIASV2_3536_ESMFold_glutamate-1-semialdehyde_2-1-aminomutase	5usr-assembly2.cif.gz_E	LOKIASV2_3536_ESMFold_glutamate-1-semialdehyde_2-1-aminomutase	5usr-assembly2.cif.gz_E Crystal structure of human NFS1-ISD11 in complex with E. coli acyl-carrier protein at 3.09 angstroms	0.137	338	261	92	429	14	317	1.044E-07	193
LOKIASV2_3536_ESMFold_glutamate-1-semialdehyde_2-1-aminomutase	1iug-assembly1.cif.gz_B	LOKIASV2_3536_ESMFold_glutamate-1-semialdehyde_2-1-aminomutase	1iug-assembly1.cif.gz_B The crystal structure of aspartate aminotransferase which belongs to subgroup IV from Thermus thermophilus	0.110	381	303	97	477	7	347	8.451E-08	193
LOKIASV2_3536_ESMFold_glutamate-1-semialdehyde_2-1-aminomutase	4zah-assembly4.cif.gz_G	LOKIASV2_3536_ESMFold_glutamate-1-semialdehyde_2-1-aminomutase	4zah-assembly4.cif.gz_G Crystal structure of sugar aminotransferase WecE with External Aldimine VII from Escherichia coli K-12	0.094	382	330	89	470	2	366	4.135E-07	193
LOKIASV2_3536_ESMFold_glutamate-1-semialdehyde_2-1-aminomutase	3gbx-assembly1.cif.gz_B	LOKIASV2_3536_ESMFold_glutamate-1-semialdehyde_2-1-aminomutase	3gbx-assembly1.cif.gz_B Serine hydroxymethyltransferase from Salmonella typhimurium	0.106	391	291	89	479	32	358	8.451E-08	193
LOKIASV2_3536_ESMFold_glutamate-1-semialdehyde_2-1-aminomutase	2po3-assembly1.cif.gz_B	LOKIASV2_3536_ESMFold_glutamate-1-semialdehyde_2-1-aminomutase	2po3-assembly1.cif.gz_B Crystal Structure Analysis of DesI in the presence of its TDP-sugar product	0.096	414	340	65	478	6	382	6.838E-08	193
LOKIASV2_3536_ESMFold_glutamate-1-semialdehyde_2-1-aminomutase	5vmb-assembly1.cif.gz_A	LOKIASV2_3536_ESMFold_glutamate-1-semialdehyde_2-1-aminomutase	5vmb-assembly1.cif.gz_A Crystal structure of a glycine hydroxymethyltransferase from Acinetobacter baumannii	0.145	389	312	89	477	31	396	2.501E-08	193
LOKIASV2_3536_ESMFold_glutamate-1-semialdehyde_2-1-aminomutase	2ycp-assembly1.cif.gz_C	LOKIASV2_3536_ESMFold_glutamate-1-semialdehyde_2-1-aminomutase	2ycp-assembly1.cif.gz_C F448H mutant of tyrosine phenol-lyase from Citrobacter freundii in complex with quinonoid intermediate formed with 3-fluoro-L-tyrosine	0.115	396	348	83	478	39	432	6.838E-08	193
LOKIASV2_3536_ESMFold_glutamate-1-semialdehyde_2-1-aminomutase	2v1p-assembly1.cif.gz_A	LOKIASV2_3536_ESMFold_glutamate-1-semialdehyde_2-1-aminomutase	2v1p-assembly1.cif.gz_A Crystal Structure of the apo form of Y74F mutant E. coli tryptophanase	0.109	398	344	89	475	43	440	1.361E-07	193
LOKIASV2_3536_ESMFold_glutamate-1-semialdehyde_2-1-aminomutase	8fsd-assembly1.cif.gz_B	LOKIASV2_3536_ESMFold_glutamate-1-semialdehyde_2-1-aminomutase	8fsd-assembly1.cif.gz_B P130R mutant of soybean SHMT8 in complex with PLP-glycine and formylTHF	0.125	390	336	89	478	34	418	6.152E-08	192
LOKIASV2_3536_ESMFold_glutamate-1-semialdehyde_2-1-aminomutase	6enz-assembly1.cif.gz_B	LOKIASV2_3536_ESMFold_glutamate-1-semialdehyde_2-1-aminomutase	6enz-assembly1.cif.gz_B Crystal structure of mouse GADL1	0.126	394	329	97	473	89	482	8.910E-08	192
LOKIASV2_3536_ESMFold_glutamate-1-semialdehyde_2-1-aminomutase	5vc2-assembly1.cif.gz_A	LOKIASV2_3536_ESMFold_glutamate-1-semialdehyde_2-1-aminomutase	5vc2-assembly1.cif.gz_A Crystal structure of a serine hydroxymethyltransferase from Helicobacter pylori	0.107	387	302	92	478	18	356	8.910E-08	191
LOKIASV2_3536_ESMFold_glutamate-1-semialdehyde_2-1-aminomutase	1j04-assembly1.cif.gz_A	LOKIASV2_3536_ESMFold_glutamate-1-semialdehyde_2-1-aminomutase	1j04-assembly1.cif.gz_A Structural mechanism of enzyme mistargeting in hereditary kidney stone disease in vitro	0.142	379	305	97	475	26	382	4.247E-08	191
LOKIASV2_3536_ESMFold_glutamate-1-semialdehyde_2-1-aminomutase	1qz9-assembly1.cif.gz_A-2	LOKIASV2_3536_ESMFold_glutamate-1-semialdehyde_2-1-aminomutase	1qz9-assembly1.cif.gz_A-2 The Three Dimensional Structure of Kynureninase from Pseudomonas fluorescens	0.118	390	327	89	478	28	399	1.682E-07	191
LOKIASV2_3536_ESMFold_glutamate-1-semialdehyde_2-1-aminomutase	6yme-assembly1.cif.gz_A	LOKIASV2_3536_ESMFold_glutamate-1-semialdehyde_2-1-aminomutase	6yme-assembly1.cif.gz_A Crystal structure of serine hydroxymethyltransferase from Aphanothece halophytica in the PLP-internal aldimine state	0.131	380	309	99	478	34	390	4.721E-08	191
LOKIASV2_3536_ESMFold_glutamate-1-semialdehyde_2-1-aminomutase	7mfo-assembly2.cif.gz_D	LOKIASV2_3536_ESMFold_glutamate-1-semialdehyde_2-1-aminomutase	7mfo-assembly2.cif.gz_D X-ray structure of the L136 Aminotransferase from Acanthamoeba polyphaga mimivirus in the presence of TDP and PMP	0.116	373	297	104	476	14	350	1.435E-07	190
LOKIASV2_3536_ESMFold_glutamate-1-semialdehyde_2-1-aminomutase	2aeu-assembly1.cif.gz_A	LOKIASV2_3536_ESMFold_glutamate-1-semialdehyde_2-1-aminomutase	2aeu-assembly1.cif.gz_A MJ0158, apo form	0.126	371	310	108	478	6	361	4.848E-09	190
LOKIASV2_3536_ESMFold_glutamate-1-semialdehyde_2-1-aminomutase	6zek-assembly1.cif.gz_A	LOKIASV2_3536_ESMFold_glutamate-1-semialdehyde_2-1-aminomutase	6zek-assembly1.cif.gz_A Crystal structure of mouse CSAD	0.134	395	326	97	473	78	472	6.152E-08	190
LOKIASV2_3536_ESMFold_glutamate-1-semialdehyde_2-1-aminomutase	4lhd-assembly1.cif.gz_B	LOKIASV2_3536_ESMFold_glutamate-1-semialdehyde_2-1-aminomutase	4lhd-assembly1.cif.gz_B Crystal structure of Synechocystis sp. PCC 6803 glycine decarboxylase (P-protein), holo form with pyridoxal-5'-phosphate and glycine, closed flexible loop	0.138	350	284	129	478	537	867	1.773E-07	190
LOKIASV2_3536_ESMFold_glutamate-1-semialdehyde_2-1-aminomutase	1b9h-assembly1.cif.gz_A-2	LOKIASV2_3536_ESMFold_glutamate-1-semialdehyde_2-1-aminomutase	1b9h-assembly1.cif.gz_A-2 CRYSTAL STRUCTURE OF 3-AMINO-5-HYDROXYBENZOIC ACID (AHBA) SYNTHASE	0.111	372	327	107	478	14	382	1.044E-07	189
LOKIASV2_3536_ESMFold_glutamate-1-semialdehyde_2-1-aminomutase	3kgw-assembly1.cif.gz_A	LOKIASV2_3536_ESMFold_glutamate-1-semialdehyde_2-1-aminomutase	3kgw-assembly1.cif.gz_A Crystal structure of Putative aminotransferase (AAH25799.1) from MUS MUSCULUS at 1.65 A resolution	0.119	382	314	97	478	25	381	1.513E-07	189
LOKIASV2_3536_ESMFold_glutamate-1-semialdehyde_2-1-aminomutase	5xmq-assembly1.cif.gz_A	LOKIASV2_3536_ESMFold_glutamate-1-semialdehyde_2-1-aminomutase	5xmq-assembly1.cif.gz_A Plasmodium vivax SHMT(C346A) bound with PLP-glycine and MF011	0.128	390	327	89	478	28	403	3.091E-08	189
LOKIASV2_3536_ESMFold_glutamate-1-semialdehyde_2-1-aminomutase	7eiy-assembly1.cif.gz_B	LOKIASV2_3536_ESMFold_glutamate-1-semialdehyde_2-1-aminomutase	7eiy-assembly1.cif.gz_B Human histidine decarboxylase mutant Y334F soaking with histidine	0.127	477	394	2	478	10	461	1.397E-08	189
LOKIASV2_3536_ESMFold_glutamate-1-semialdehyde_2-1-aminomutase	7tlp-assembly4.cif.gz_F-3	LOKIASV2_3536_ESMFold_glutamate-1-semialdehyde_2-1-aminomutase	7tlp-assembly4.cif.gz_F-3 Structure of Atopobium parvulum SufS K235R	0.097	374	323	97	470	31	389	6.486E-08	188
LOKIASV2_3536_ESMFold_glutamate-1-semialdehyde_2-1-aminomutase	2vgs-assembly1.cif.gz_A	LOKIASV2_3536_ESMFold_glutamate-1-semialdehyde_2-1-aminomutase	2vgs-assembly1.cif.gz_A Crystal structure of E53QbsSHMT internal aldimine	0.114	390	330	89	478	25	398	5.248E-08	188
LOKIASV2_3536_ESMFold_glutamate-1-semialdehyde_2-1-aminomutase	4rm1-assembly2.cif.gz_D	LOKIASV2_3536_ESMFold_glutamate-1-semialdehyde_2-1-aminomutase	4rm1-assembly2.cif.gz_D The crystal structure of Y333Q mutant pyridoxal-dependent decarboxylase from Sphaerobacter thermophilus DSM 20745	0.134	378	318	106	473	91	468	3.346E-07	188
LOKIASV2_3536_ESMFold_glutamate-1-semialdehyde_2-1-aminomutase	7pzz-assembly1.cif.gz_D	LOKIASV2_3536_ESMFold_glutamate-1-semialdehyde_2-1-aminomutase	7pzz-assembly1.cif.gz_D Crystal structure of serine hydroxymethyltransferase, isoform 2 from Arabidopsis thaliana (SHM2)	0.132	372	320	107	478	52	421	7.602E-08	188
LOKIASV2_3536_ESMFold_glutamate-1-semialdehyde_2-1-aminomutase	6enz-assembly1.cif.gz_A	LOKIASV2_3536_ESMFold_glutamate-1-semialdehyde_2-1-aminomutase	6enz-assembly1.cif.gz_A Crystal structure of mouse GADL1	0.144	394	322	97	473	90	483	7.602E-08	188
LOKIASV2_3536_ESMFold_glutamate-1-semialdehyde_2-1-aminomutase	3nu7-assembly1.cif.gz_A	LOKIASV2_3536_ESMFold_glutamate-1-semialdehyde_2-1-aminomutase	3nu7-assembly1.cif.gz_A WbpE, an Aminotransferase from Pseudomonas aeruginosa Involved in O-antigen Assembly in Complex with the Cofactor PMP	0.104	373	306	107	479	16	358	1.773E-07	187
LOKIASV2_3536_ESMFold_glutamate-1-semialdehyde_2-1-aminomutase	5k1r-assembly1.cif.gz_A	LOKIASV2_3536_ESMFold_glutamate-1-semialdehyde_2-1-aminomutase	5k1r-assembly1.cif.gz_A Structure of Burkholderia pseudomallei K96243 sphingosine-1-phosphate lyase Bpss2021	0.114	373	297	106	478	78	413	1.821E-08	187
LOKIASV2_3536_ESMFold_glutamate-1-semialdehyde_2-1-aminomutase	4rlg-assembly1.cif.gz_A	LOKIASV2_3536_ESMFold_glutamate-1-semialdehyde_2-1-aminomutase	4rlg-assembly1.cif.gz_A The clear crystal structure of pyridoxal-dependent decarboxylase from sphaerobacter thermophilus dsm 20745	0.130	345	294	129	473	132	470	2.436E-07	187
LOKIASV2_3536_ESMFold_glutamate-1-semialdehyde_2-1-aminomutase	4p3m-assembly1.cif.gz_A	LOKIASV2_3536_ESMFold_glutamate-1-semialdehyde_2-1-aminomutase	4p3m-assembly1.cif.gz_A Crystal structure of serine hydroxymethyltransferase from Psychromonas ingrahamii	0.138	390	272	89	478	29	345	7.403E-07	186
LOKIASV2_3536_ESMFold_glutamate-1-semialdehyde_2-1-aminomutase	3gzd-assembly1.cif.gz_B	LOKIASV2_3536_ESMFold_glutamate-1-semialdehyde_2-1-aminomutase	3gzd-assembly1.cif.gz_B Human selenocysteine lyase, P1 crystal form	0.119	379	329	106	479	14	392	1.101E-07	186
LOKIASV2_3536_ESMFold_glutamate-1-semialdehyde_2-1-aminomutase	3gzd-assembly2.cif.gz_D	LOKIASV2_3536_ESMFold_glutamate-1-semialdehyde_2-1-aminomutase	3gzd-assembly2.cif.gz_D Human selenocysteine lyase, P1 crystal form	0.111	392	340	97	479	5	396	2.855E-07	186
LOKIASV2_3536_ESMFold_glutamate-1-semialdehyde_2-1-aminomutase	4rj0-assembly1.cif.gz_B	LOKIASV2_3536_ESMFold_glutamate-1-semialdehyde_2-1-aminomutase	4rj0-assembly1.cif.gz_B The crystal structure of Y333N mutant pyridoxal-dependent decarboxylase from Sphaerobacter thermophilus dsm 20745	0.127	379	321	106	474	92	470	4.597E-07	186
LOKIASV2_3536_ESMFold_glutamate-1-semialdehyde_2-1-aminomutase	2jis-assembly1.cif.gz_A	LOKIASV2_3536_ESMFold_glutamate-1-semialdehyde_2-1-aminomutase	2jis-assembly1.cif.gz_A Human cysteine sulfinic acid decarboxylase (CSAD) in complex with PLP.	0.129	388	325	100	473	87	474	1.224E-07	186
LOKIASV2_3536_ESMFold_glutamate-1-semialdehyde_2-1-aminomutase	3kgx-assembly1.cif.gz_A	LOKIASV2_3536_ESMFold_glutamate-1-semialdehyde_2-1-aminomutase	3kgx-assembly1.cif.gz_A Crystal structure of Putative aminotransferase (AAH25799.1) from MUS MUSCULUS at 1.80 A resolution	0.135	382	305	97	478	25	378	9.905E-08	185
LOKIASV2_3536_ESMFold_glutamate-1-semialdehyde_2-1-aminomutase	6ewq-assembly1.cif.gz_B	LOKIASV2_3536_ESMFold_glutamate-1-semialdehyde_2-1-aminomutase	6ewq-assembly1.cif.gz_B Putative sugar aminotransferase Spr1654 from Streptococcus pneumoniae, PLP-form	0.117	378	327	107	477	13	390	1.971E-07	185
LOKIASV2_3536_ESMFold_glutamate-1-semialdehyde_2-1-aminomutase	1xi9-assembly1.cif.gz_C	LOKIASV2_3536_ESMFold_glutamate-1-semialdehyde_2-1-aminomutase	1xi9-assembly1.cif.gz_C Alanine aminotransferase from Pyrococcus furiosus Pfu-1397077-001	0.107	379	316	97	475	37	391	2.078E-07	185
LOKIASV2_3536_ESMFold_glutamate-1-semialdehyde_2-1-aminomutase	7pzz-assembly1.cif.gz_C	LOKIASV2_3536_ESMFold_glutamate-1-semialdehyde_2-1-aminomutase	7pzz-assembly1.cif.gz_C Crystal structure of serine hydroxymethyltransferase, isoform 2 from Arabidopsis thaliana (SHM2)	0.133	364	312	107	470	47	407	4.478E-08	185
LOKIASV2_3536_ESMFold_glutamate-1-semialdehyde_2-1-aminomutase	7a0a-assembly1.cif.gz_A	LOKIASV2_3536_ESMFold_glutamate-1-semialdehyde_2-1-aminomutase	7a0a-assembly1.cif.gz_A Crystal structure of mouse CSAD in apo form	0.137	393	324	97	473	78	470	7.602E-08	185
LOKIASV2_3536_ESMFold_glutamate-1-semialdehyde_2-1-aminomutase	4riz-assembly2.cif.gz_C	LOKIASV2_3536_ESMFold_glutamate-1-semialdehyde_2-1-aminomutase	4riz-assembly2.cif.gz_C The crystal structure of Y333Q mutant pyridoxal-dependent decarboxylase from Sphaerobacter thermophilus dsm 20745	0.120	380	325	106	475	96	475	1.513E-07	185
LOKIASV2_3536_ESMFold_glutamate-1-semialdehyde_2-1-aminomutase	8snj-assembly3.cif.gz_E	LOKIASV2_3536_ESMFold_glutamate-1-semialdehyde_2-1-aminomutase	8snj-assembly3.cif.gz_E Crystal Structure of ArnB Transferase from Klebsiella aerogenes (Lattice Translocation Disorder, P1 form)	0.116	367	311	107	473	13	365	1.513E-07	184
LOKIASV2_3536_ESMFold_glutamate-1-semialdehyde_2-1-aminomutase	7rgb-assembly2.cif.gz_D	LOKIASV2_3536_ESMFold_glutamate-1-semialdehyde_2-1-aminomutase	7rgb-assembly2.cif.gz_D O2-, PLP-dependent desaturase Plu4 product-bound enzyme	0.107	408	315	71	478	14	367	1.869E-07	184
LOKIASV2_3536_ESMFold_glutamate-1-semialdehyde_2-1-aminomutase	7rf9-assembly2.cif.gz_D	LOKIASV2_3536_ESMFold_glutamate-1-semialdehyde_2-1-aminomutase	7rf9-assembly2.cif.gz_D O2-, PLP-dependent desaturase Plu4 intermediate-bound enzyme	0.124	387	311	92	478	16	371	9.905E-08	184
LOKIASV2_3536_ESMFold_glutamate-1-semialdehyde_2-1-aminomutase	5luc-assembly2.cif.gz_E	LOKIASV2_3536_ESMFold_glutamate-1-semialdehyde_2-1-aminomutase	5luc-assembly2.cif.gz_E Crystal structure of the D183N variant of human Alanine:Glyoxylate Aminotransferase major allele (AGT-Ma) at 1.8 Angstrom; internal aldimine with PLP in the active site	0.121	382	313	97	478	25	381	2.078E-07	184
LOKIASV2_3536_ESMFold_glutamate-1-semialdehyde_2-1-aminomutase	3b46-assembly1.cif.gz_A	LOKIASV2_3536_ESMFold_glutamate-1-semialdehyde_2-1-aminomutase	3b46-assembly1.cif.gz_A Crystal Structure of Bna3p, a Putative Kynurenine Aminotransferase from Saccharomyces cerevisiae	0.113	387	342	89	475	36	422	2.708E-07	184
LOKIASV2_3536_ESMFold_glutamate-1-semialdehyde_2-1-aminomutase	2oqx-assembly1.cif.gz_A	LOKIASV2_3536_ESMFold_glutamate-1-semialdehyde_2-1-aminomutase	2oqx-assembly1.cif.gz_A Crystal Structure of the apo form of E. coli tryptophanase at 1.9 A resolution	0.116	396	341	89	475	43	438	3.010E-07	184
LOKIASV2_3536_ESMFold_glutamate-1-semialdehyde_2-1-aminomutase	2vmo-assembly1.cif.gz_A	LOKIASV2_3536_ESMFold_glutamate-1-semialdehyde_2-1-aminomutase	2vmo-assembly1.cif.gz_A Crystal structure of N341AbsSHMT Gly external aldimine	0.125	390	326	89	478	25	398	6.486E-08	183
LOKIASV2_3536_ESMFold_glutamate-1-semialdehyde_2-1-aminomutase	2vmu-assembly1.cif.gz_A-2	LOKIASV2_3536_ESMFold_glutamate-1-semialdehyde_2-1-aminomutase	2vmu-assembly1.cif.gz_A-2 Crystal structure of Y60AbsSHMT crystallized in the presence of L- allo-Thr	0.120	390	328	89	478	25	398	8.451E-08	183
LOKIASV2_3536_ESMFold_glutamate-1-semialdehyde_2-1-aminomutase	4rit-assembly1.cif.gz_B	LOKIASV2_3536_ESMFold_glutamate-1-semialdehyde_2-1-aminomutase	4rit-assembly1.cif.gz_B The yellow crystal structure of pyridoxal-dependent decarboxylase from sphaerobacter thermophilus dsm 20745	0.139	346	291	129	474	126	464	3.174E-07	183
LOKIASV2_3536_ESMFold_glutamate-1-semialdehyde_2-1-aminomutase	2yob-assembly1.cif.gz_B	LOKIASV2_3536_ESMFold_glutamate-1-semialdehyde_2-1-aminomutase	2yob-assembly1.cif.gz_B High resolution AGXT_M structure	0.142	382	305	97	478	26	382	9.905E-08	182
LOKIASV2_3536_ESMFold_glutamate-1-semialdehyde_2-1-aminomutase	2zc0-assembly1.cif.gz_A	LOKIASV2_3536_ESMFold_glutamate-1-semialdehyde_2-1-aminomutase	2zc0-assembly1.cif.gz_A Crystal structure of an archaeal alanine:glyoxylate aminotransferase	0.110	473	356	6	478	2	402	3.437E-08	182
LOKIASV2_3536_ESMFold_glutamate-1-semialdehyde_2-1-aminomutase	3k40-assembly1.cif.gz_B	LOKIASV2_3536_ESMFold_glutamate-1-semialdehyde_2-1-aminomutase	3k40-assembly1.cif.gz_B Crystal structure of Drosophila 3,4-dihydroxyphenylalanine decarboxylase	0.107	478	395	1	478	3	445	8.451E-08	182
LOKIASV2_3536_ESMFold_glutamate-1-semialdehyde_2-1-aminomutase	7ujh-assembly1.cif.gz_B-2	LOKIASV2_3536_ESMFold_glutamate-1-semialdehyde_2-1-aminomutase	7ujh-assembly1.cif.gz_B-2 Structure of the P130R single variant of serine hydroxymethyltransferase 8 from Glycine max cultivar Essex complexed with PLP and glycine	0.111	382	326	89	470	34	401	9.905E-08	182
LOKIASV2_3536_ESMFold_glutamate-1-semialdehyde_2-1-aminomutase	7eix-assembly1.cif.gz_B	LOKIASV2_3536_ESMFold_glutamate-1-semialdehyde_2-1-aminomutase	7eix-assembly1.cif.gz_B Human histidine decarboxylase mutant Y334F	0.131	477	390	2	478	10	459	2.250E-08	182
LOKIASV2_3536_ESMFold_glutamate-1-semialdehyde_2-1-aminomutase	8fft-assembly2.cif.gz_D	LOKIASV2_3536_ESMFold_glutamate-1-semialdehyde_2-1-aminomutase	8fft-assembly2.cif.gz_D Structure of GntC, a PLP-dependent enzyme catalyzing L-enduracididine biosynthesis from (S)-4-hydroxy-L-arginine	0.116	374	303	98	471	8	351	1.919E-06	181
LOKIASV2_3536_ESMFold_glutamate-1-semialdehyde_2-1-aminomutase	4cbr-assembly1.cif.gz_A-2	LOKIASV2_3536_ESMFold_glutamate-1-semialdehyde_2-1-aminomutase	4cbr-assembly1.cif.gz_A-2 X-ray structure of the more stable human AGXT triple mutant (AGXT_HEM)	0.118	382	314	97	478	26	382	2.078E-07	181
LOKIASV2_3536_ESMFold_glutamate-1-semialdehyde_2-1-aminomutase	3lvl-assembly1.cif.gz_B-2	LOKIASV2_3536_ESMFold_glutamate-1-semialdehyde_2-1-aminomutase	3lvl-assembly1.cif.gz_B-2 Crystal Structure of E.coli IscS-IscU complex	0.131	380	318	91	470	6	372	8.910E-08	181
LOKIASV2_3536_ESMFold_glutamate-1-semialdehyde_2-1-aminomutase	1kkj-assembly1.cif.gz_A	LOKIASV2_3536_ESMFold_glutamate-1-semialdehyde_2-1-aminomutase	1kkj-assembly1.cif.gz_A Crystal Structure of Serine Hydroxymethyltransferase from B.stearothermophilus	0.129	390	325	89	478	25	398	6.838E-08	181
LOKIASV2_3536_ESMFold_glutamate-1-semialdehyde_2-1-aminomutase	5o5c-assembly3.cif.gz_E	LOKIASV2_3536_ESMFold_glutamate-1-semialdehyde_2-1-aminomutase	5o5c-assembly3.cif.gz_E The crystal structure of DfoJ, the desferrioxamine biosynthetic pathway lysine decarboxylase from the fire blight disease pathogen Erwinia amylovora	0.109	471	388	8	478	19	455	1.361E-07	181
LOKIASV2_3536_ESMFold_glutamate-1-semialdehyde_2-1-aminomutase	4rj0-assembly1.cif.gz_A	LOKIASV2_3536_ESMFold_glutamate-1-semialdehyde_2-1-aminomutase	4rj0-assembly1.cif.gz_A The crystal structure of Y333N mutant pyridoxal-dependent decarboxylase from Sphaerobacter thermophilus dsm 20745	0.115	466	387	8	473	28	465	1.101E-07	181
LOKIASV2_3536_ESMFold_glutamate-1-semialdehyde_2-1-aminomutase	4obv-assembly1.cif.gz_D	LOKIASV2_3536_ESMFold_glutamate-1-semialdehyde_2-1-aminomutase	4obv-assembly1.cif.gz_D Ruminococcus gnavus tryptophan decarboxylase RUMGNA_01526 (alpha-FMT)	0.121	477	396	2	478	12	463	9.150E-09	181
LOKIASV2_3536_ESMFold_glutamate-1-semialdehyde_2-1-aminomutase	7e13-assembly1.cif.gz_A	LOKIASV2_3536_ESMFold_glutamate-1-semialdehyde_2-1-aminomutase	7e13-assembly1.cif.gz_A Caprylic acid targets a serine hydroxymethyltransferase to kill horseweed	0.139	372	318	107	478	47	416	6.152E-08	181
LOKIASV2_3536_ESMFold_glutamate-1-semialdehyde_2-1-aminomutase	2jis-assembly1.cif.gz_B	LOKIASV2_3536_ESMFold_glutamate-1-semialdehyde_2-1-aminomutase	2jis-assembly1.cif.gz_B Human cysteine sulfinic acid decarboxylase (CSAD) in complex with PLP.	0.124	397	327	100	473	87	483	1.044E-07	181
LOKIASV2_3536_ESMFold_glutamate-1-semialdehyde_2-1-aminomutase	8fft-assembly1.cif.gz_B	LOKIASV2_3536_ESMFold_glutamate-1-semialdehyde_2-1-aminomutase	8fft-assembly1.cif.gz_B Structure of GntC, a PLP-dependent enzyme catalyzing L-enduracididine biosynthesis from (S)-4-hydroxy-L-arginine	0.119	381	296	98	478	9	345	1.820E-06	180
LOKIASV2_3536_ESMFold_glutamate-1-semialdehyde_2-1-aminomutase	8su6-assembly1.cif.gz_B	LOKIASV2_3536_ESMFold_glutamate-1-semialdehyde_2-1-aminomutase	8su6-assembly1.cif.gz_B Crystal Structure of ArnB Transferase from Klebsiella aerogenes (Lattice Translocation Disorder, P1 form2)	0.099	373	321	97	469	4	360	3.174E-07	180
LOKIASV2_3536_ESMFold_glutamate-1-semialdehyde_2-1-aminomutase	4zah-assembly2.cif.gz_D	LOKIASV2_3536_ESMFold_glutamate-1-semialdehyde_2-1-aminomutase	4zah-assembly2.cif.gz_D Crystal structure of sugar aminotransferase WecE with External Aldimine VII from Escherichia coli K-12	0.099	365	321	106	470	12	368	9.645E-07	180
LOKIASV2_3536_ESMFold_glutamate-1-semialdehyde_2-1-aminomutase	4p3m-assembly1.cif.gz_B	LOKIASV2_3536_ESMFold_glutamate-1-semialdehyde_2-1-aminomutase	4p3m-assembly1.cif.gz_B Crystal structure of serine hydroxymethyltransferase from Psychromonas ingrahamii	0.118	442	309	37	478	8	358	3.010E-07	180
LOKIASV2_3536_ESMFold_glutamate-1-semialdehyde_2-1-aminomutase	6ewr-assembly2.cif.gz_D	LOKIASV2_3536_ESMFold_glutamate-1-semialdehyde_2-1-aminomutase	6ewr-assembly2.cif.gz_D Putative sugar aminotransferase Spr1654 from Streptococcus pneumoniae, PMP-form	0.120	380	326	107	478	13	392	3.346E-07	180
LOKIASV2_3536_ESMFold_glutamate-1-semialdehyde_2-1-aminomutase	5o5c-assembly2.cif.gz_C	LOKIASV2_3536_ESMFold_glutamate-1-semialdehyde_2-1-aminomutase	5o5c-assembly2.cif.gz_C The crystal structure of DfoJ, the desferrioxamine biosynthetic pathway lysine decarboxylase from the fire blight disease pathogen Erwinia amylovora	0.119	468	389	8	475	20	461	1.361E-07	180
LOKIASV2_3536_ESMFold_glutamate-1-semialdehyde_2-1-aminomutase	1rvu-assembly1.cif.gz_A	LOKIASV2_3536_ESMFold_glutamate-1-semialdehyde_2-1-aminomutase	1rvu-assembly1.cif.gz_A E75Q MUTANT OF RABBIT CYTOSOLIC SERINE HYDROXYMETHYLTRANSFERASE	0.120	372	323	107	478	46	413	1.361E-07	180
LOKIASV2_3536_ESMFold_glutamate-1-semialdehyde_2-1-aminomutase	7mhv-assembly1.cif.gz_A-2	LOKIASV2_3536_ESMFold_glutamate-1-semialdehyde_2-1-aminomutase	7mhv-assembly1.cif.gz_A-2 Crystal Structure of Cysteine desulfurase NifS from Legionella pneumophila Philadelphia 1 in complex with pyridoxal 5'-phosphate	0.114	390	322	89	478	2	365	1.971E-07	179
LOKIASV2_3536_ESMFold_glutamate-1-semialdehyde_2-1-aminomutase	4lc3-assembly1.cif.gz_B	LOKIASV2_3536_ESMFold_glutamate-1-semialdehyde_2-1-aminomutase	4lc3-assembly1.cif.gz_B X-ray crystal structure of a putative UDP-4-amino-4-deoxy-l-arabinose--oxoglutarate aminotransferase from Burkholderia cenocepacia	0.103	370	324	106	475	13	374	5.681E-07	179
LOKIASV2_3536_ESMFold_glutamate-1-semialdehyde_2-1-aminomutase	1b8g-assembly1.cif.gz_B	LOKIASV2_3536_ESMFold_glutamate-1-semialdehyde_2-1-aminomutase	1b8g-assembly1.cif.gz_B 1-AMINOCYCLOPROPANE-1-CARBOXYLATE SYNTHASE	0.110	396	350	82	475	29	424	2.568E-07	179
LOKIASV2_3536_ESMFold_glutamate-1-semialdehyde_2-1-aminomutase	5gp4-assembly1.cif.gz_A	LOKIASV2_3536_ESMFold_glutamate-1-semialdehyde_2-1-aminomutase	5gp4-assembly1.cif.gz_A Lactobacillus brevis CGMCC 1306 Glutamate decarboxylase	0.131	379	321	106	475	59	437	8.451E-08	179
LOKIASV2_3536_ESMFold_glutamate-1-semialdehyde_2-1-aminomutase	6uxl-assembly1.cif.gz_A	LOKIASV2_3536_ESMFold_glutamate-1-semialdehyde_2-1-aminomutase	6uxl-assembly1.cif.gz_A Structure of serine hydroxymethyltransferase 8 from Glycine max cultivar Forrest complexed with PLP-Glycine	0.121	364	311	107	470	47	401	1.595E-07	179
LOKIASV2_3536_ESMFold_glutamate-1-semialdehyde_2-1-aminomutase	4e1o-assembly1.cif.gz_A	LOKIASV2_3536_ESMFold_glutamate-1-semialdehyde_2-1-aminomutase	4e1o-assembly1.cif.gz_A Human histidine decarboxylase complex with Histidine methyl ester (HME)	0.136	477	399	2	478	10	472	2.932E-08	179
LOKIASV2_3536_ESMFold_glutamate-1-semialdehyde_2-1-aminomutase	1rvu-assembly1.cif.gz_B	LOKIASV2_3536_ESMFold_glutamate-1-semialdehyde_2-1-aminomutase	1rvu-assembly1.cif.gz_B E75Q MUTANT OF RABBIT CYTOSOLIC SERINE HYDROXYMETHYLTRANSFERASE	0.128	371	321	107	475	46	416	1.361E-07	178
LOKIASV2_3536_ESMFold_glutamate-1-semialdehyde_2-1-aminomutase	6m5w-assembly1.cif.gz_A	LOKIASV2_3536_ESMFold_glutamate-1-semialdehyde_2-1-aminomutase	6m5w-assembly1.cif.gz_A Co-crystal structure of human serine hydroxymethyltransferase 1 in complex with Pyridoxal 5'-phosphate (PLP) and glycodeoxycholic acid	0.108	390	345	89	478	37	424	9.395E-08	178
LOKIASV2_3536_ESMFold_glutamate-1-semialdehyde_2-1-aminomutase	4rm1-assembly2.cif.gz_C	LOKIASV2_3536_ESMFold_glutamate-1-semialdehyde_2-1-aminomutase	4rm1-assembly2.cif.gz_C The crystal structure of Y333Q mutant pyridoxal-dependent decarboxylase from Sphaerobacter thermophilus DSM 20745	0.122	377	322	106	473	97	473	3.720E-07	178
LOKIASV2_3536_ESMFold_glutamate-1-semialdehyde_2-1-aminomutase	6eem-assembly1.cif.gz_B	LOKIASV2_3536_ESMFold_glutamate-1-semialdehyde_2-1-aminomutase	6eem-assembly1.cif.gz_B Crystal structure of Papaver somniferum tyrosine decarboxylase in complex with L-tyrosine	0.102	396	334	106	478	89	484	1.435E-07	178
LOKIASV2_3536_ESMFold_glutamate-1-semialdehyde_2-1-aminomutase	3frk-assembly1.cif.gz_B	LOKIASV2_3536_ESMFold_glutamate-1-semialdehyde_2-1-aminomutase	3frk-assembly1.cif.gz_B X-ray structure of QdtB from T. thermosaccharolyticum in complex with a PLP:TDP-3-aminoquinovose aldimine	0.102	365	309	108	472	19	363	7.805E-07	177
LOKIASV2_3536_ESMFold_glutamate-1-semialdehyde_2-1-aminomutase	2oga-assembly1.cif.gz_A	LOKIASV2_3536_ESMFold_glutamate-1-semialdehyde_2-1-aminomutase	2oga-assembly1.cif.gz_A X-ray crystal structure of S. venezuelae DesV in complex with ketimine intermediate	0.123	368	305	108	475	20	368	6.316E-07	177
LOKIASV2_3536_ESMFold_glutamate-1-semialdehyde_2-1-aminomutase	1b9i-assembly1.cif.gz_A-2	LOKIASV2_3536_ESMFold_glutamate-1-semialdehyde_2-1-aminomutase	1b9i-assembly1.cif.gz_A-2 CRYSTAL STRUCTURE OF 3-AMINO-5-HYDROXYBENZOIC ACID (AHBA) SYNTHASE	0.121	372	323	107	478	14	382	3.528E-07	177
LOKIASV2_3536_ESMFold_glutamate-1-semialdehyde_2-1-aminomutase	2w7f-assembly1.cif.gz_A	LOKIASV2_3536_ESMFold_glutamate-1-semialdehyde_2-1-aminomutase	2w7f-assembly1.cif.gz_A Crystal structure of Y51FbsSHMT L-Ser external aldimine	0.116	390	330	89	478	25	398	1.435E-07	177
LOKIASV2_3536_ESMFold_glutamate-1-semialdehyde_2-1-aminomutase	7uji-assembly1.cif.gz_A	LOKIASV2_3536_ESMFold_glutamate-1-semialdehyde_2-1-aminomutase	7uji-assembly1.cif.gz_A Structure of the P130R single variant of serine hydroxymethyltransferase 8 from Glycine max cultivar Essex complexed with PLP	0.116	382	325	89	470	35	403	3.922E-07	177
LOKIASV2_3536_ESMFold_glutamate-1-semialdehyde_2-1-aminomutase	6uxk-assembly1.cif.gz_A	LOKIASV2_3536_ESMFold_glutamate-1-semialdehyde_2-1-aminomutase	6uxk-assembly1.cif.gz_A Structure of serine hydroxymethyltransferase 8 from Glycine max cultivar Forrest complexed with PLP	0.120	382	325	89	470	34	403	2.855E-07	177
LOKIASV2_3536_ESMFold_glutamate-1-semialdehyde_2-1-aminomutase	6khp-assembly1.cif.gz_A-2	LOKIASV2_3536_ESMFold_glutamate-1-semialdehyde_2-1-aminomutase	6khp-assembly1.cif.gz_A-2 Crystal structure of Oryza sativa TDC with PLP and tryptamine	0.115	477	413	2	478	19	486	2.708E-07	177
LOKIASV2_3536_ESMFold_glutamate-1-semialdehyde_2-1-aminomutase	5uid-assembly2.cif.gz_C	LOKIASV2_3536_ESMFold_glutamate-1-semialdehyde_2-1-aminomutase	5uid-assembly2.cif.gz_C The crystal structure of an aminotransferase TlmJ from Streptoalloteichus hindustanus	0.124	366	308	107	472	13	365	1.682E-07	176
LOKIASV2_3536_ESMFold_glutamate-1-semialdehyde_2-1-aminomutase	3lvj-assembly1.cif.gz_A	LOKIASV2_3536_ESMFold_glutamate-1-semialdehyde_2-1-aminomutase	3lvj-assembly1.cif.gz_A Crystal Structure of E.coli IscS-TusA complex (form 1)	0.136	388	319	91	478	6	375	6.486E-08	176
LOKIASV2_3536_ESMFold_glutamate-1-semialdehyde_2-1-aminomutase	1h0c-assembly1.cif.gz_A-2	LOKIASV2_3536_ESMFold_glutamate-1-semialdehyde_2-1-aminomutase	1h0c-assembly1.cif.gz_A-2 The crystal structure of human alanine:glyoxylate aminotransferase	0.126	382	309	97	478	26	380	4.135E-07	176
LOKIASV2_3536_ESMFold_glutamate-1-semialdehyde_2-1-aminomutase	3a9x-assembly1.cif.gz_A	LOKIASV2_3536_ESMFold_glutamate-1-semialdehyde_2-1-aminomutase	3a9x-assembly1.cif.gz_A Crystal structure of rat selenocysteine lyase	0.111	373	325	106	478	16	382	7.021E-07	176
LOKIASV2_3536_ESMFold_glutamate-1-semialdehyde_2-1-aminomutase	6cd1-assembly1.cif.gz_D	LOKIASV2_3536_ESMFold_glutamate-1-semialdehyde_2-1-aminomutase	6cd1-assembly1.cif.gz_D Crystal structure of Medicago truncatula serine hydroxymethyltransferase 3 (MtSHMT3), complexes with reaction intermediates	0.122	390	332	89	478	26	404	1.595E-07	176
LOKIASV2_3536_ESMFold_glutamate-1-semialdehyde_2-1-aminomutase	1xey-assembly1.cif.gz_B	LOKIASV2_3536_ESMFold_glutamate-1-semialdehyde_2-1-aminomutase	1xey-assembly1.cif.gz_B Crystal structure of the complex of Escherichia coli GADA with glutarate at 2.05 A resolution	0.118	397	340	93	478	47	443	8.015E-08	176
LOKIASV2_3536_ESMFold_glutamate-1-semialdehyde_2-1-aminomutase	1ls3-assembly1.cif.gz_B	LOKIASV2_3536_ESMFold_glutamate-1-semialdehyde_2-1-aminomutase	1ls3-assembly1.cif.gz_B Crystal Structure of the Complex between Rabbit Cytosolic Serine Hydroxymethyltransferase and TriGlu-5-formyl-tetrahydrofolate	0.123	372	318	107	478	46	409	8.229E-07	176
LOKIASV2_3536_ESMFold_glutamate-1-semialdehyde_2-1-aminomutase	4piw-assembly3.cif.gz_F	LOKIASV2_3536_ESMFold_glutamate-1-semialdehyde_2-1-aminomutase	4piw-assembly3.cif.gz_F Crystal structure of sugar aminotransferase WecE from Escherichia coli K-12	0.101	374	317	98	471	1	354	4.597E-07	175
LOKIASV2_3536_ESMFold_glutamate-1-semialdehyde_2-1-aminomutase	1o69-assembly1.cif.gz_B	LOKIASV2_3536_ESMFold_glutamate-1-semialdehyde_2-1-aminomutase	1o69-assembly1.cif.gz_B Crystal structure of a PLP-dependent enzyme	0.121	366	320	108	473	3	367	2.310E-07	175
LOKIASV2_3536_ESMFold_glutamate-1-semialdehyde_2-1-aminomutase	7rgb-assembly2.cif.gz_C	LOKIASV2_3536_ESMFold_glutamate-1-semialdehyde_2-1-aminomutase	7rgb-assembly2.cif.gz_C O2-, PLP-dependent desaturase Plu4 product-bound enzyme	0.108	377	307	101	477	27	371	8.677E-07	175
LOKIASV2_3536_ESMFold_glutamate-1-semialdehyde_2-1-aminomutase	5v12-assembly3.cif.gz_C	LOKIASV2_3536_ESMFold_glutamate-1-semialdehyde_2-1-aminomutase	5v12-assembly3.cif.gz_C Crystal structure of Carbon Sulfoxide lyase, Egt2 Y134F with sulfenic acid intermediate	0.116	413	344	89	478	18	430	6.659E-07	175
LOKIASV2_3536_ESMFold_glutamate-1-semialdehyde_2-1-aminomutase	3hbx-assembly1.cif.gz_E	LOKIASV2_3536_ESMFold_glutamate-1-semialdehyde_2-1-aminomutase	3hbx-assembly1.cif.gz_E Crystal structure of GAD1 from Arabidopsis thaliana	0.115	396	341	93	478	39	434	5.681E-07	175
LOKIASV2_3536_ESMFold_glutamate-1-semialdehyde_2-1-aminomutase	4rlg-assembly2.cif.gz_C	LOKIASV2_3536_ESMFold_glutamate-1-semialdehyde_2-1-aminomutase	4rlg-assembly2.cif.gz_C The clear crystal structure of pyridoxal-dependent decarboxylase from sphaerobacter thermophilus dsm 20745	0.108	470	401	4	473	18	467	1.595E-07	175
LOKIASV2_3536_ESMFold_glutamate-1-semialdehyde_2-1-aminomutase	4lgl-assembly1.cif.gz_B	LOKIASV2_3536_ESMFold_glutamate-1-semialdehyde_2-1-aminomutase	4lgl-assembly1.cif.gz_B Crystal Structure of Glycine Decarboxylase P-protein from Synechocystis sp. PCC 6803, apo form	0.138	350	287	129	478	531	864	8.677E-07	175
LOKIASV2_3536_ESMFold_glutamate-1-semialdehyde_2-1-aminomutase	6i34-assembly2.cif.gz_C	LOKIASV2_3536_ESMFold_glutamate-1-semialdehyde_2-1-aminomutase	6i34-assembly2.cif.gz_C Crystal structure of Neanderthal glycine decarboxylase (P-protein)	0.141	408	327	71	478	498	879	1.513E-07	175
LOKIASV2_3536_ESMFold_glutamate-1-semialdehyde_2-1-aminomutase	1rv3-assembly1.cif.gz_A	LOKIASV2_3536_ESMFold_glutamate-1-semialdehyde_2-1-aminomutase	1rv3-assembly1.cif.gz_A E75L MUTANT OF RABBIT CYTOSOLIC SERINE HYDROXYMETHYLTRANSFERASE, COMPLEX WITH GLYCINE	0.109	372	327	107	478	46	413	3.528E-07	174
LOKIASV2_3536_ESMFold_glutamate-1-semialdehyde_2-1-aminomutase	6uxi-assembly1.cif.gz_B-2	LOKIASV2_3536_ESMFold_glutamate-1-semialdehyde_2-1-aminomutase	6uxi-assembly1.cif.gz_B-2 Structure of serine hydroxymethyltransferase 8 from Glycine max cultivar Essex complexed with PLP-Glycine	0.117	382	325	89	470	34	402	2.436E-07	174
LOKIASV2_3536_ESMFold_glutamate-1-semialdehyde_2-1-aminomutase	5hh9-assembly1.cif.gz_A	LOKIASV2_3536_ESMFold_glutamate-1-semialdehyde_2-1-aminomutase	5hh9-assembly1.cif.gz_A Structure of PvdN from Pseudomonas aeruginosa	0.135	382	319	89	470	16	385	3.922E-07	173
LOKIASV2_3536_ESMFold_glutamate-1-semialdehyde_2-1-aminomutase	4riz-assembly1.cif.gz_A	LOKIASV2_3536_ESMFold_glutamate-1-semialdehyde_2-1-aminomutase	4riz-assembly1.cif.gz_A The crystal structure of Y333Q mutant pyridoxal-dependent decarboxylase from Sphaerobacter thermophilus dsm 20745	0.139	378	316	106	473	90	467	1.473E-06	173
LOKIASV2_3536_ESMFold_glutamate-1-semialdehyde_2-1-aminomutase	2okk-assembly1.cif.gz_A-2	LOKIASV2_3536_ESMFold_glutamate-1-semialdehyde_2-1-aminomutase	2okk-assembly1.cif.gz_A-2 The X-ray crystal structure of the 65kDa isoform of Glutamic Acid Decarboxylase (GAD65)	0.137	390	326	97	475	93	482	3.922E-07	173
LOKIASV2_3536_ESMFold_glutamate-1-semialdehyde_2-1-aminomutase	7n63-assembly1.cif.gz_A-2	LOKIASV2_3536_ESMFold_glutamate-1-semialdehyde_2-1-aminomutase	7n63-assembly1.cif.gz_A-2 X-ray structure of HCAN_0200, an aminotransferase from Helicobacter canadensis in complex with its external aldimine	0.110	371	282	108	478	18	335	6.659E-07	172
LOKIASV2_3536_ESMFold_glutamate-1-semialdehyde_2-1-aminomutase	1dju-assembly1.cif.gz_A	LOKIASV2_3536_ESMFold_glutamate-1-semialdehyde_2-1-aminomutase	1dju-assembly1.cif.gz_A CRYSTAL STRUCTURE OF AROMATIC AMINOTRANSFERASE FROM PYROCOCCUS HORIKOSHII OT3	0.135	371	294	108	478	30	370	1.595E-07	172
LOKIASV2_3536_ESMFold_glutamate-1-semialdehyde_2-1-aminomutase	2o1b-assembly1.cif.gz_A-2	LOKIASV2_3536_ESMFold_glutamate-1-semialdehyde_2-1-aminomutase	2o1b-assembly1.cif.gz_A-2 Structure of aminotransferase from Staphylococcus aureus	0.141	387	302	89	475	21	373	1.919E-06	172
LOKIASV2_3536_ESMFold_glutamate-1-semialdehyde_2-1-aminomutase	2qb2-assembly1.cif.gz_A-2	LOKIASV2_3536_ESMFold_glutamate-1-semialdehyde_2-1-aminomutase	2qb2-assembly1.cif.gz_A-2 Structural Studies Reveal the Inactivation of E. coli L-aspartate aminotransferase by (s)-4,5-dihydro-2thiophenecarboylic acid (SADTA) via two mechanisms (at pH 7.0).	0.128	405	319	72	476	15	381	3.437E-08	172
LOKIASV2_3536_ESMFold_glutamate-1-semialdehyde_2-1-aminomutase	3gzd-assembly2.cif.gz_C	LOKIASV2_3536_ESMFold_glutamate-1-semialdehyde_2-1-aminomutase	3gzd-assembly2.cif.gz_C Human selenocysteine lyase, P1 crystal form	0.120	392	336	97	479	5	396	4.360E-07	172
LOKIASV2_3536_ESMFold_glutamate-1-semialdehyde_2-1-aminomutase	3gzc-assembly1.cif.gz_B	LOKIASV2_3536_ESMFold_glutamate-1-semialdehyde_2-1-aminomutase	3gzc-assembly1.cif.gz_B Structure of human selenocysteine lyase	0.105	400	349	89	479	3	402	1.727E-06	172
LOKIASV2_3536_ESMFold_glutamate-1-semialdehyde_2-1-aminomutase	8dom-assembly1.cif.gz_B	LOKIASV2_3536_ESMFold_glutamate-1-semialdehyde_2-1-aminomutase	8dom-assembly1.cif.gz_B Structure of the N358Y single variant ofserine hydroxymethyltransferase 8 from Glycine max cultivar Essex complexed with PLP	0.111	382	332	89	470	34	407	1.361E-07	172
LOKIASV2_3536_ESMFold_glutamate-1-semialdehyde_2-1-aminomutase	6fl5-assembly1.cif.gz_D	LOKIASV2_3536_ESMFold_glutamate-1-semialdehyde_2-1-aminomutase	6fl5-assembly1.cif.gz_D Structure of human SHMT1-H135N-R137A-E168N mutant at 3.6 Ang. resolution	0.122	375	326	107	478	50	424	2.310E-07	172
LOKIASV2_3536_ESMFold_glutamate-1-semialdehyde_2-1-aminomutase	4lgl-assembly1.cif.gz_A	LOKIASV2_3536_ESMFold_glutamate-1-semialdehyde_2-1-aminomutase	4lgl-assembly1.cif.gz_A Crystal Structure of Glycine Decarboxylase P-protein from Synechocystis sp. PCC 6803, apo form	0.135	350	287	129	478	544	876	5.990E-07	172
LOKIASV2_3536_ESMFold_glutamate-1-semialdehyde_2-1-aminomutase	3a9x-assembly1.cif.gz_B	LOKIASV2_3536_ESMFold_glutamate-1-semialdehyde_2-1-aminomutase	3a9x-assembly1.cif.gz_B Crystal structure of rat selenocysteine lyase	0.112	396	345	89	478	2	397	1.131E-06	171
LOKIASV2_3536_ESMFold_glutamate-1-semialdehyde_2-1-aminomutase	3a9y-assembly1.cif.gz_A	LOKIASV2_3536_ESMFold_glutamate-1-semialdehyde_2-1-aminomutase	3a9y-assembly1.cif.gz_A Crystal structure of rat selenocysteine lyase in complex with L-cysteine	0.105	400	349	89	479	2	401	8.677E-07	171
LOKIASV2_3536_ESMFold_glutamate-1-semialdehyde_2-1-aminomutase	7eix-assembly1.cif.gz_A	LOKIASV2_3536_ESMFold_glutamate-1-semialdehyde_2-1-aminomutase	7eix-assembly1.cif.gz_A Human histidine decarboxylase mutant Y334F	0.130	477	394	2	478	9	462	1.101E-07	171
LOKIASV2_3536_ESMFold_glutamate-1-semialdehyde_2-1-aminomutase	6eei-assembly1.cif.gz_B	LOKIASV2_3536_ESMFold_glutamate-1-semialdehyde_2-1-aminomutase	6eei-assembly1.cif.gz_B Crystal structure of Arabidopsis thaliana phenylacetaldehyde synthase in complex with L-phenylalanine	0.122	377	325	108	478	91	467	1.473E-06	171
LOKIASV2_3536_ESMFold_glutamate-1-semialdehyde_2-1-aminomutase	6uxj-assembly1.cif.gz_C	LOKIASV2_3536_ESMFold_glutamate-1-semialdehyde_2-1-aminomutase	6uxj-assembly1.cif.gz_C Structure of serine hydroxymethyltransferase 8 from Glycine max cultivar Essex complexed with PLP-glycine and 5-formyltetrahydrofolate	0.129	376	323	107	478	48	423	2.436E-07	171
LOKIASV2_3536_ESMFold_glutamate-1-semialdehyde_2-1-aminomutase	6khp-assembly1.cif.gz_B	LOKIASV2_3536_ESMFold_glutamate-1-semialdehyde_2-1-aminomutase	6khp-assembly1.cif.gz_B Crystal structure of Oryza sativa TDC with PLP and tryptamine	0.115	392	344	89	478	81	472	4.360E-07	171
LOKIASV2_3536_ESMFold_glutamate-1-semialdehyde_2-1-aminomutase	8sl7-assembly1.cif.gz_A	LOKIASV2_3536_ESMFold_glutamate-1-semialdehyde_2-1-aminomutase	8sl7-assembly1.cif.gz_A Butyricicoccus sp. BIOML-A1 tryptophanase complex with (3S) ALG-05	0.133	492	381	39	479	25	516	2.024E-08	171
LOKIASV2_3536_ESMFold_glutamate-1-semialdehyde_2-1-aminomutase	3ei9-assembly1.cif.gz_B	LOKIASV2_3536_ESMFold_glutamate-1-semialdehyde_2-1-aminomutase	3ei9-assembly1.cif.gz_B Crystal structure of K270N variant of LL-diaminopimelate aminotransferase from Arabidopsis thaliana complexed with L-Glu: External aldimine form	0.127	388	322	84	471	35	404	4.597E-07	170
LOKIASV2_3536_ESMFold_glutamate-1-semialdehyde_2-1-aminomutase	8gyj-assembly1.cif.gz_B	LOKIASV2_3536_ESMFold_glutamate-1-semialdehyde_2-1-aminomutase	8gyj-assembly1.cif.gz_B Crystal structure of Fic25 complexed with PLP-(5S,6S)-N2-acetyl-DADH adduct from Streptomyces ficellus	0.107	380	319	91	470	2	359	1.595E-07	170
LOKIASV2_3536_ESMFold_glutamate-1-semialdehyde_2-1-aminomutase	5k1r-assembly1.cif.gz_B	LOKIASV2_3536_ESMFold_glutamate-1-semialdehyde_2-1-aminomutase	5k1r-assembly1.cif.gz_B Structure of Burkholderia pseudomallei K96243 sphingosine-1-phosphate lyase Bpss2021	0.102	475	348	4	478	25	413	5.248E-08	170
LOKIASV2_3536_ESMFold_glutamate-1-semialdehyde_2-1-aminomutase	6ccz-assembly1.cif.gz_B-2	LOKIASV2_3536_ESMFold_glutamate-1-semialdehyde_2-1-aminomutase	6ccz-assembly1.cif.gz_B-2 Crystal structure of Medicago truncatula serine hydroxymethyltransferase 3 (MtSHMT3) soaked with selenourea	0.104	385	323	89	473	27	387	6.659E-07	170
LOKIASV2_3536_ESMFold_glutamate-1-semialdehyde_2-1-aminomutase	6liu-assembly3.cif.gz_E	LOKIASV2_3536_ESMFold_glutamate-1-semialdehyde_2-1-aminomutase	6liu-assembly3.cif.gz_E Crystal structure of apo Tyrosine decarboxylase	0.106	433	359	46	478	55	457	1.682E-07	170
LOKIASV2_3536_ESMFold_glutamate-1-semialdehyde_2-1-aminomutase	1rv3-assembly1.cif.gz_B	LOKIASV2_3536_ESMFold_glutamate-1-semialdehyde_2-1-aminomutase	1rv3-assembly1.cif.gz_B E75L MUTANT OF RABBIT CYTOSOLIC SERINE HYDROXYMETHYLTRANSFERASE, COMPLEX WITH GLYCINE	0.109	382	331	89	470	33	405	4.360E-07	170
LOKIASV2_3536_ESMFold_glutamate-1-semialdehyde_2-1-aminomutase	6eew-assembly2.cif.gz_C	LOKIASV2_3536_ESMFold_glutamate-1-semialdehyde_2-1-aminomutase	6eew-assembly2.cif.gz_C Crystal structure of Catharanthus roseus tryptophan decarboxylase in complex with L-tryptophan	0.108	387	343	91	477	79	463	1.473E-06	170
LOKIASV2_3536_ESMFold_glutamate-1-semialdehyde_2-1-aminomutase	6eew-assembly1.cif.gz_A	LOKIASV2_3536_ESMFold_glutamate-1-semialdehyde_2-1-aminomutase	6eew-assembly1.cif.gz_A Crystal structure of Catharanthus roseus tryptophan decarboxylase in complex with L-tryptophan	0.104	400	346	91	477	79	478	1.257E-06	170
LOKIASV2_3536_ESMFold_glutamate-1-semialdehyde_2-1-aminomutase	5u1z-assembly2.cif.gz_C	LOKIASV2_3536_ESMFold_glutamate-1-semialdehyde_2-1-aminomutase	5u1z-assembly2.cif.gz_C X-ray structure of the WlarG aminotransferase, apo form, from Campylobacter jejune	0.095	364	307	108	471	18	357	1.553E-06	169
LOKIASV2_3536_ESMFold_glutamate-1-semialdehyde_2-1-aminomutase	6rv0-assembly1.cif.gz_A	LOKIASV2_3536_ESMFold_glutamate-1-semialdehyde_2-1-aminomutase	6rv0-assembly1.cif.gz_A human Alanine:Glyoxylate Aminotransferase major allele (AGT-Ma); with PMP in the active site	0.133	382	309	97	478	24	380	2.568E-07	169
LOKIASV2_3536_ESMFold_glutamate-1-semialdehyde_2-1-aminomutase	3piu-assembly1.cif.gz_A-2	LOKIASV2_3536_ESMFold_glutamate-1-semialdehyde_2-1-aminomutase	3piu-assembly1.cif.gz_A-2 High-resolution structure of native Malus domestica ACC synthase	0.106	387	342	89	475	23	406	1.257E-06	169
LOKIASV2_3536_ESMFold_glutamate-1-semialdehyde_2-1-aminomutase	8fjt-assembly1.cif.gz_B	LOKIASV2_3536_ESMFold_glutamate-1-semialdehyde_2-1-aminomutase	8fjt-assembly1.cif.gz_B Human mitochondrial serine hydroxymethyltransferase (SHMT2) in complex with PLP, glycine and AGF362 inhibitor	0.131	391	335	89	479	28	414	1.513E-07	169
LOKIASV2_3536_ESMFold_glutamate-1-semialdehyde_2-1-aminomutase	4zdo-assembly2.cif.gz_D	LOKIASV2_3536_ESMFold_glutamate-1-semialdehyde_2-1-aminomutase	4zdo-assembly2.cif.gz_D The crystal structure of T325S mutant of human SepSecS in complex with selenocysteine tRNA (tRNASec)	0.106	353	312	130	479	106	458	3.922E-07	169
LOKIASV2_3536_ESMFold_glutamate-1-semialdehyde_2-1-aminomutase	6uxh-assembly1.cif.gz_A	LOKIASV2_3536_ESMFold_glutamate-1-semialdehyde_2-1-aminomutase	6uxh-assembly1.cif.gz_A Structure of serine hydroxymethyltransferase 8 from Glycine max cultivar Essex complexed with PLP	0.120	382	323	89	470	35	402	7.403E-07	169
LOKIASV2_3536_ESMFold_glutamate-1-semialdehyde_2-1-aminomutase	8dsk-assembly1.cif.gz_B	LOKIASV2_3536_ESMFold_glutamate-1-semialdehyde_2-1-aminomutase	8dsk-assembly1.cif.gz_B Structure of the N358Y variant of serine hydroxymethyltransferase 8 in complex with PLP, glycine, and formyl tetrahydrofolate	0.118	374	327	107	478	47	420	2.855E-07	169
LOKIASV2_3536_ESMFold_glutamate-1-semialdehyde_2-1-aminomutase	4i8a-assembly2.cif.gz_D	LOKIASV2_3536_ESMFold_glutamate-1-semialdehyde_2-1-aminomutase	4i8a-assembly2.cif.gz_D Alanine-glyoxylate aminotransferase variant S187F	0.131	382	311	97	478	23	381	8.677E-07	168
LOKIASV2_3536_ESMFold_glutamate-1-semialdehyde_2-1-aminomutase	3a9z-assembly1.cif.gz_B	LOKIASV2_3536_ESMFold_glutamate-1-semialdehyde_2-1-aminomutase	3a9z-assembly1.cif.gz_B Crystal structure of ras selenocysteine lyase in complex with selenopropionate	0.113	390	343	89	478	2	389	7.805E-07	168
LOKIASV2_3536_ESMFold_glutamate-1-semialdehyde_2-1-aminomutase	8gyi-assembly1.cif.gz_A	LOKIASV2_3536_ESMFold_glutamate-1-semialdehyde_2-1-aminomutase	8gyi-assembly1.cif.gz_A Crystal structure of Fic25 (holo form) from Streptomyces ficellus	0.098	408	348	92	478	3	410	1.361E-07	168
LOKIASV2_3536_ESMFold_glutamate-1-semialdehyde_2-1-aminomutase	7q00-assembly1.cif.gz_D	LOKIASV2_3536_ESMFold_glutamate-1-semialdehyde_2-1-aminomutase	7q00-assembly1.cif.gz_D Crystal structure of serine hydroxymethyltransferase, isoform 4 from Arabidopsis thaliana (SHM4)	0.130	390	338	89	478	34	422	2.436E-07	168
LOKIASV2_3536_ESMFold_glutamate-1-semialdehyde_2-1-aminomutase	2bi2-assembly1.cif.gz_A	LOKIASV2_3536_ESMFold_glutamate-1-semialdehyde_2-1-aminomutase	2bi2-assembly1.cif.gz_A Radiation damage of the Schiff base in phosphoserine aminotransferase (structure C)	0.092	373	310	106	478	17	358	1.553E-06	167
LOKIASV2_3536_ESMFold_glutamate-1-semialdehyde_2-1-aminomutase	7dlw-assembly1.cif.gz_A	LOKIASV2_3536_ESMFold_glutamate-1-semialdehyde_2-1-aminomutase	7dlw-assembly1.cif.gz_A Crystal structure of Arabidopsis ACS7 in complex with PPG	0.115	346	296	129	474	74	409	3.528E-07	167
LOKIASV2_3536_ESMFold_glutamate-1-semialdehyde_2-1-aminomutase	1ynu-assembly1.cif.gz_A	LOKIASV2_3536_ESMFold_glutamate-1-semialdehyde_2-1-aminomutase	1ynu-assembly1.cif.gz_A Crystal structure of apple ACC synthase in complex with L-vinylglycine	0.116	347	294	129	475	81	414	7.021E-07	167
LOKIASV2_3536_ESMFold_glutamate-1-semialdehyde_2-1-aminomutase	4j5u-assembly1.cif.gz_B	LOKIASV2_3536_ESMFold_glutamate-1-semialdehyde_2-1-aminomutase	4j5u-assembly1.cif.gz_B X-ray crystal structure of a serine hydroxymethyltransferase with covalently bound PLP from Rickettsia rickettsii str. Sheila Smith	0.141	382	312	92	473	23	386	2.855E-07	167
LOKIASV2_3536_ESMFold_glutamate-1-semialdehyde_2-1-aminomutase	8fju-assembly1.cif.gz_B	LOKIASV2_3536_ESMFold_glutamate-1-semialdehyde_2-1-aminomutase	8fju-assembly1.cif.gz_B Human mitochondrial serine hydroxymethyltransferase (SHMT2) in complex with PLP, glycine and AGF347 inhibitor	0.127	390	335	89	478	28	412	2.436E-07	167
LOKIASV2_3536_ESMFold_glutamate-1-semialdehyde_2-1-aminomutase	7ujh-assembly1.cif.gz_A-2	LOKIASV2_3536_ESMFold_glutamate-1-semialdehyde_2-1-aminomutase	7ujh-assembly1.cif.gz_A-2 Structure of the P130R single variant of serine hydroxymethyltransferase 8 from Glycine max cultivar Essex complexed with PLP and glycine	0.131	382	320	89	470	35	403	3.174E-07	167
LOKIASV2_3536_ESMFold_glutamate-1-semialdehyde_2-1-aminomutase	1cj0-assembly1.cif.gz_B	LOKIASV2_3536_ESMFold_glutamate-1-semialdehyde_2-1-aminomutase	1cj0-assembly1.cif.gz_B CRYSTAL STRUCTURE OF RABBIT CYTOSOLIC SERINE HYDROXYMETHYLTRANSFERASE AT 2.8 ANGSTROM RESOLUTION	0.116	372	324	107	478	46	412	8.229E-07	167
LOKIASV2_3536_ESMFold_glutamate-1-semialdehyde_2-1-aminomutase	7xin-assembly2.cif.gz_C	LOKIASV2_3536_ESMFold_glutamate-1-semialdehyde_2-1-aminomutase	7xin-assembly2.cif.gz_C Crystal structure of DODC from Pseudomonas	0.130	461	382	39	478	4	464	6.152E-08	167
LOKIASV2_3536_ESMFold_glutamate-1-semialdehyde_2-1-aminomutase	6cd1-assembly2.cif.gz_E	LOKIASV2_3536_ESMFold_glutamate-1-semialdehyde_2-1-aminomutase	6cd1-assembly2.cif.gz_E Crystal structure of Medicago truncatula serine hydroxymethyltransferase 3 (MtSHMT3), complexes with reaction intermediates	0.113	372	324	107	478	39	404	5.111E-07	166
LOKIASV2_3536_ESMFold_glutamate-1-semialdehyde_2-1-aminomutase	1ls3-assembly1.cif.gz_D	LOKIASV2_3536_ESMFold_glutamate-1-semialdehyde_2-1-aminomutase	1ls3-assembly1.cif.gz_D Crystal Structure of the Complex between Rabbit Cytosolic Serine Hydroxymethyltransferase and TriGlu-5-formyl-tetrahydrofolate	0.117	364	310	107	470	44	395	6.316E-07	166
LOKIASV2_3536_ESMFold_glutamate-1-semialdehyde_2-1-aminomutase	6eei-assembly1.cif.gz_A	LOKIASV2_3536_ESMFold_glutamate-1-semialdehyde_2-1-aminomutase	6eei-assembly1.cif.gz_A Crystal structure of Arabidopsis thaliana phenylacetaldehyde synthase in complex with L-phenylalanine	0.127	477	396	2	478	8	462	8.229E-07	166
LOKIASV2_3536_ESMFold_glutamate-1-semialdehyde_2-1-aminomutase	8fsd-assembly1.cif.gz_D	LOKIASV2_3536_ESMFold_glutamate-1-semialdehyde_2-1-aminomutase	8fsd-assembly1.cif.gz_D P130R mutant of soybean SHMT8 in complex with PLP-glycine and formylTHF	0.111	390	342	89	478	34	419	3.346E-07	166
LOKIASV2_3536_ESMFold_glutamate-1-semialdehyde_2-1-aminomutase	6eem-assembly1.cif.gz_A	LOKIASV2_3536_ESMFold_glutamate-1-semialdehyde_2-1-aminomutase	6eem-assembly1.cif.gz_A Crystal structure of Papaver somniferum tyrosine decarboxylase in complex with L-tyrosine	0.110	395	331	106	478	89	483	1.257E-06	166
LOKIASV2_3536_ESMFold_glutamate-1-semialdehyde_2-1-aminomutase	5d8g-assembly1.cif.gz_A	LOKIASV2_3536_ESMFold_glutamate-1-semialdehyde_2-1-aminomutase	5d8g-assembly1.cif.gz_A A structural view on the dissociation of E. coli Tryptophanase	0.117	396	341	89	475	43	438	1.325E-06	165
LOKIASV2_3536_ESMFold_glutamate-1-semialdehyde_2-1-aminomutase	1ls3-assembly1.cif.gz_C	LOKIASV2_3536_ESMFold_glutamate-1-semialdehyde_2-1-aminomutase	1ls3-assembly1.cif.gz_C Crystal Structure of the Complex between Rabbit Cytosolic Serine Hydroxymethyltransferase and TriGlu-5-formyl-tetrahydrofolate	0.115	387	336	89	475	35	415	7.805E-07	165
LOKIASV2_3536_ESMFold_glutamate-1-semialdehyde_2-1-aminomutase	8fft-assembly2.cif.gz_C	LOKIASV2_3536_ESMFold_glutamate-1-semialdehyde_2-1-aminomutase	8fft-assembly2.cif.gz_C Structure of GntC, a PLP-dependent enzyme catalyzing L-enduracididine biosynthesis from (S)-4-hydroxy-L-arginine	0.113	374	300	98	471	7	345	3.259E-06	164
LOKIASV2_3536_ESMFold_glutamate-1-semialdehyde_2-1-aminomutase	5ofy-assembly1.cif.gz_A-2	LOKIASV2_3536_ESMFold_glutamate-1-semialdehyde_2-1-aminomutase	5ofy-assembly1.cif.gz_A-2 Crystal structure of the D183N variant of human Alanine:Glyoxylate Aminotransferase major allele (AGT-Ma) at pH 9.0. 2.8 Ang; internal aldimine with PLP in the active site	0.135	382	308	97	478	24	380	7.021E-07	164
LOKIASV2_3536_ESMFold_glutamate-1-semialdehyde_2-1-aminomutase	6ewr-assembly1.cif.gz_B	LOKIASV2_3536_ESMFold_glutamate-1-semialdehyde_2-1-aminomutase	6ewr-assembly1.cif.gz_B Putative sugar aminotransferase Spr1654 from Streptococcus pneumoniae, PMP-form	0.105	379	332	107	478	13	391	5.990E-07	164
LOKIASV2_3536_ESMFold_glutamate-1-semialdehyde_2-1-aminomutase	3a9y-assembly1.cif.gz_B	LOKIASV2_3536_ESMFold_glutamate-1-semialdehyde_2-1-aminomutase	3a9y-assembly1.cif.gz_B Crystal structure of rat selenocysteine lyase in complex with L-cysteine	0.115	390	343	89	478	2	390	1.727E-06	164
LOKIASV2_3536_ESMFold_glutamate-1-semialdehyde_2-1-aminomutase	7qx8-assembly2.cif.gz_F	LOKIASV2_3536_ESMFold_glutamate-1-semialdehyde_2-1-aminomutase	7qx8-assembly2.cif.gz_F Crystal structure of serine hydroxymethyltransferase, isoform 7 from Arabidopsis thaliana (SHM7)	0.116	388	318	89	476	40	400	5.990E-07	164
LOKIASV2_3536_ESMFold_glutamate-1-semialdehyde_2-1-aminomutase	3eia-assembly1.cif.gz_B	LOKIASV2_3536_ESMFold_glutamate-1-semialdehyde_2-1-aminomutase	3eia-assembly1.cif.gz_B Crystal structure of K270Q variant of LL-diaminopimelate aminotransferase from Arabidopsis thaliana complexed with L-Glu: External aldimine form	0.122	432	337	40	471	20	404	5.681E-07	163
LOKIASV2_3536_ESMFold_glutamate-1-semialdehyde_2-1-aminomutase	8gyh-assembly1.cif.gz_A	LOKIASV2_3536_ESMFold_glutamate-1-semialdehyde_2-1-aminomutase	8gyh-assembly1.cif.gz_A Crystal structure of Fic25 (apo form) from Streptomyces ficellus	0.107	379	311	92	470	3	351	3.623E-08	163
LOKIASV2_3536_ESMFold_glutamate-1-semialdehyde_2-1-aminomutase	7qx8-assembly2.cif.gz_H	LOKIASV2_3536_ESMFold_glutamate-1-semialdehyde_2-1-aminomutase	7qx8-assembly2.cif.gz_H Crystal structure of serine hydroxymethyltransferase, isoform 7 from Arabidopsis thaliana (SHM7)	0.118	390	318	89	478	37	397	1.257E-06	163
LOKIASV2_3536_ESMFold_glutamate-1-semialdehyde_2-1-aminomutase	7x4l-assembly1.cif.gz_D	LOKIASV2_3536_ESMFold_glutamate-1-semialdehyde_2-1-aminomutase	7x4l-assembly1.cif.gz_D Crystal structure of Bacteroides thetaiotaomicron glutamate decarboxylase mutant Y303F-PLP complex	0.094	389	350	91	477	33	421	2.310E-07	163
LOKIASV2_3536_ESMFold_glutamate-1-semialdehyde_2-1-aminomutase	6jrl-assembly1.cif.gz_A-2	LOKIASV2_3536_ESMFold_glutamate-1-semialdehyde_2-1-aminomutase	6jrl-assembly1.cif.gz_A-2 Crystal structure of Drosophila alpha methyldopa-resistant protein/3,4-dihydroxyphenylacetaldehyde synthase	0.128	476	393	3	478	10	461	3.346E-07	163
LOKIASV2_3536_ESMFold_glutamate-1-semialdehyde_2-1-aminomutase	6fl5-assembly1.cif.gz_G	LOKIASV2_3536_ESMFold_glutamate-1-semialdehyde_2-1-aminomutase	6fl5-assembly1.cif.gz_G Structure of human SHMT1-H135N-R137A-E168N mutant at 3.6 Ang. resolution	0.127	364	317	107	470	50	413	6.659E-07	163
LOKIASV2_3536_ESMFold_glutamate-1-semialdehyde_2-1-aminomutase	7b0d-assembly1.cif.gz_B	LOKIASV2_3536_ESMFold_glutamate-1-semialdehyde_2-1-aminomutase	7b0d-assembly1.cif.gz_B Sugar transaminase from Archaeoglobus veneficus	0.121	385	317	89	473	2	363	1.017E-06	162
LOKIASV2_3536_ESMFold_glutamate-1-semialdehyde_2-1-aminomutase	6l1o-assembly1.cif.gz_B	LOKIASV2_3536_ESMFold_glutamate-1-semialdehyde_2-1-aminomutase	6l1o-assembly1.cif.gz_B Product bound BacF structure from Bacillus subtillis	0.125	383	307	89	471	34	385	6.659E-07	162
LOKIASV2_3536_ESMFold_glutamate-1-semialdehyde_2-1-aminomutase	4f4e-assembly1.cif.gz_B	LOKIASV2_3536_ESMFold_glutamate-1-semialdehyde_2-1-aminomutase	4f4e-assembly1.cif.gz_B Crystal structure of Aromatic-amino-acid aminotransferase from Burkholderia pseudomallei covalently bound to pyridoxal phosphate	0.133	372	303	106	477	49	398	3.346E-07	162
LOKIASV2_3536_ESMFold_glutamate-1-semialdehyde_2-1-aminomutase	8gyh-assembly1.cif.gz_B	LOKIASV2_3536_ESMFold_glutamate-1-semialdehyde_2-1-aminomutase	8gyh-assembly1.cif.gz_B Crystal structure of Fic25 (apo form) from Streptomyces ficellus	0.112	364	287	107	470	27	350	2.078E-07	162
LOKIASV2_3536_ESMFold_glutamate-1-semialdehyde_2-1-aminomutase	4k2i-assembly1.cif.gz_A	LOKIASV2_3536_ESMFold_glutamate-1-semialdehyde_2-1-aminomutase	4k2i-assembly1.cif.gz_A Crystal structure of ntda from bacillus subtilis with bound cofactor pmp	0.124	373	310	107	479	81	435	5.990E-07	162
LOKIASV2_3536_ESMFold_glutamate-1-semialdehyde_2-1-aminomutase	6uxi-assembly1.cif.gz_A-2	LOKIASV2_3536_ESMFold_glutamate-1-semialdehyde_2-1-aminomutase	6uxi-assembly1.cif.gz_A-2 Structure of serine hydroxymethyltransferase 8 from Glycine max cultivar Essex complexed with PLP-Glycine	0.121	382	323	89	470	35	402	8.677E-07	162
LOKIASV2_3536_ESMFold_glutamate-1-semialdehyde_2-1-aminomutase	6eew-assembly2.cif.gz_D	LOKIASV2_3536_ESMFold_glutamate-1-semialdehyde_2-1-aminomutase	6eew-assembly2.cif.gz_D Crystal structure of Catharanthus roseus tryptophan decarboxylase in complex with L-tryptophan	0.112	470	392	8	477	18	460	8.677E-07	162
LOKIASV2_3536_ESMFold_glutamate-1-semialdehyde_2-1-aminomutase	8dsk-assembly1.cif.gz_A	LOKIASV2_3536_ESMFold_glutamate-1-semialdehyde_2-1-aminomutase	8dsk-assembly1.cif.gz_A Structure of the N358Y variant of serine hydroxymethyltransferase 8 in complex with PLP, glycine, and formyl tetrahydrofolate	0.113	390	344	89	478	34	422	4.597E-07	162
LOKIASV2_3536_ESMFold_glutamate-1-semialdehyde_2-1-aminomutase	3fsl-assembly3.cif.gz_E	LOKIASV2_3536_ESMFold_glutamate-1-semialdehyde_2-1-aminomutase	3fsl-assembly3.cif.gz_E Crystal structure of tyrosine aminotransferase tripple mutant (P181Q,R183G,A321K) from Escherichia coli at 2.35 A resolution	0.128	400	322	74	473	27	396	7.021E-07	161
LOKIASV2_3536_ESMFold_glutamate-1-semialdehyde_2-1-aminomutase	3qgu-assembly1.cif.gz_A	LOKIASV2_3536_ESMFold_glutamate-1-semialdehyde_2-1-aminomutase	3qgu-assembly1.cif.gz_A L,L-Diaminopimelate aminotransferase from Chlamydomonas reinhardtii	0.143	388	315	84	471	34	402	9.645E-07	161
LOKIASV2_3536_ESMFold_glutamate-1-semialdehyde_2-1-aminomutase	4bhd-assembly1.cif.gz_A	LOKIASV2_3536_ESMFold_glutamate-1-semialdehyde_2-1-aminomutase	4bhd-assembly1.cif.gz_A Methanococcus jannaschii serine hydroxymethyl-transferase, apo form	0.127	368	296	106	473	34	373	1.727E-06	161
LOKIASV2_3536_ESMFold_glutamate-1-semialdehyde_2-1-aminomutase	8gyi-assembly1.cif.gz_B	LOKIASV2_3536_ESMFold_glutamate-1-semialdehyde_2-1-aminomutase	8gyi-assembly1.cif.gz_B Crystal structure of Fic25 (holo form) from Streptomyces ficellus	0.104	379	312	92	470	3	351	1.044E-07	161
LOKIASV2_3536_ESMFold_glutamate-1-semialdehyde_2-1-aminomutase	8fsd-assembly1.cif.gz_C	LOKIASV2_3536_ESMFold_glutamate-1-semialdehyde_2-1-aminomutase	8fsd-assembly1.cif.gz_C P130R mutant of soybean SHMT8 in complex with PLP-glycine and formylTHF	0.118	442	361	37	478	13	422	4.135E-07	161
LOKIASV2_3536_ESMFold_glutamate-1-semialdehyde_2-1-aminomutase	1eji-assembly1.cif.gz_D	LOKIASV2_3536_ESMFold_glutamate-1-semialdehyde_2-1-aminomutase	1eji-assembly1.cif.gz_D RECOMBINANT SERINE HYDROXYMETHYLTRANSFERASE (MOUSE)	0.131	375	322	107	478	54	428	7.403E-07	161
LOKIASV2_3536_ESMFold_glutamate-1-semialdehyde_2-1-aminomutase	8tn2-assembly1.cif.gz_B	LOKIASV2_3536_ESMFold_glutamate-1-semialdehyde_2-1-aminomutase	8tn2-assembly1.cif.gz_B Structure of S. hygroscopicus aminotransferase MppQ complexed with pyridoxal-5'-phosphate (PLP)	0.111	390	317	89	478	25	382	7.403E-07	160
LOKIASV2_3536_ESMFold_glutamate-1-semialdehyde_2-1-aminomutase	4rkc-assembly1.cif.gz_B	LOKIASV2_3536_ESMFold_glutamate-1-semialdehyde_2-1-aminomutase	4rkc-assembly1.cif.gz_B Psychrophilic aromatic amino acids aminotransferase from Psychrobacter sp. B6	0.113	391	321	89	479	36	398	1.192E-06	160
LOKIASV2_3536_ESMFold_glutamate-1-semialdehyde_2-1-aminomutase	4wd2-assembly1.cif.gz_A-2	LOKIASV2_3536_ESMFold_glutamate-1-semialdehyde_2-1-aminomutase	4wd2-assembly1.cif.gz_A-2 Crystal structure of an aromatic amino acid aminotransferase from Burkholderia cenocepacia J2315	0.106	366	310	106	471	48	395	1.131E-06	160
LOKIASV2_3536_ESMFold_glutamate-1-semialdehyde_2-1-aminomutase	2z20-assembly1.cif.gz_A	LOKIASV2_3536_ESMFold_glutamate-1-semialdehyde_2-1-aminomutase	2z20-assembly1.cif.gz_A Crystal structure of LL-Diaminopimelate Aminotransferase from Arabidopsis thaliana	0.122	388	324	84	471	35	404	1.192E-06	160
LOKIASV2_3536_ESMFold_glutamate-1-semialdehyde_2-1-aminomutase	7qx8-assembly3.cif.gz_K	LOKIASV2_3536_ESMFold_glutamate-1-semialdehyde_2-1-aminomutase	7qx8-assembly3.cif.gz_K Crystal structure of serine hydroxymethyltransferase, isoform 7 from Arabidopsis thaliana (SHM7)	0.111	388	316	89	476	39	394	9.645E-07	160
LOKIASV2_3536_ESMFold_glutamate-1-semialdehyde_2-1-aminomutase	7qx8-assembly1.cif.gz_D	LOKIASV2_3536_ESMFold_glutamate-1-semialdehyde_2-1-aminomutase	7qx8-assembly1.cif.gz_D Crystal structure of serine hydroxymethyltransferase, isoform 7 from Arabidopsis thaliana (SHM7)	0.135	388	311	89	476	39	399	1.257E-06	160
LOKIASV2_3536_ESMFold_glutamate-1-semialdehyde_2-1-aminomutase	6fl5-assembly1.cif.gz_J	LOKIASV2_3536_ESMFold_glutamate-1-semialdehyde_2-1-aminomutase	6fl5-assembly1.cif.gz_J Structure of human SHMT1-H135N-R137A-E168N mutant at 3.6 Ang. resolution	0.119	388	328	107	479	45	432	4.135E-07	160
LOKIASV2_3536_ESMFold_glutamate-1-semialdehyde_2-1-aminomutase	7erv-assembly1.cif.gz_A-2	LOKIASV2_3536_ESMFold_glutamate-1-semialdehyde_2-1-aminomutase	7erv-assembly1.cif.gz_A-2 Crystal structure of L-histidine decarboxylase (C57S/C101V/C282V mutant) from Photobacterium phosphoreum	0.129	278	229	128	405	65	328	1.512E-05	159
LOKIASV2_3536_ESMFold_glutamate-1-semialdehyde_2-1-aminomutase	1u08-assembly1.cif.gz_B	LOKIASV2_3536_ESMFold_glutamate-1-semialdehyde_2-1-aminomutase	1u08-assembly1.cif.gz_B Crystal Structure and Reactivity of YbdL from Escherichia coli Identify a Methionine Aminotransferase Function.	0.087	372	308	107	478	39	376	1.257E-06	159
LOKIASV2_3536_ESMFold_glutamate-1-semialdehyde_2-1-aminomutase	5vk7-assembly1.cif.gz_B	LOKIASV2_3536_ESMFold_glutamate-1-semialdehyde_2-1-aminomutase	5vk7-assembly1.cif.gz_B aspartate aminotransferase pH 4.0	0.121	386	323	94	479	24	391	3.010E-07	159
LOKIASV2_3536_ESMFold_glutamate-1-semialdehyde_2-1-aminomutase	6h3c-assembly1.cif.gz_J	LOKIASV2_3536_ESMFold_glutamate-1-semialdehyde_2-1-aminomutase	6h3c-assembly1.cif.gz_J Cryo-EM structure of the BRISC complex bound to SHMT2	0.123	390	322	89	478	28	395	1.131E-06	159
LOKIASV2_3536_ESMFold_glutamate-1-semialdehyde_2-1-aminomutase	2dgl-assembly1.cif.gz_E	LOKIASV2_3536_ESMFold_glutamate-1-semialdehyde_2-1-aminomutase	2dgl-assembly1.cif.gz_E Crystal structure of Escherichia coli GadB in complex with bromide	0.134	377	322	106	478	68	444	6.316E-07	159
LOKIASV2_3536_ESMFold_glutamate-1-semialdehyde_2-1-aminomutase	8ssj-assembly1.cif.gz_A-2	LOKIASV2_3536_ESMFold_glutamate-1-semialdehyde_2-1-aminomutase	8ssj-assembly1.cif.gz_A-2 Room-temperature X-ray structure of human mitochondrial serine hydroxymethyltransferase (hSHMT2)	0.132	398	339	89	479	28	425	2.708E-07	158
LOKIASV2_3536_ESMFold_glutamate-1-semialdehyde_2-1-aminomutase	5yb0-assembly2.cif.gz_C	LOKIASV2_3536_ESMFold_glutamate-1-semialdehyde_2-1-aminomutase	5yb0-assembly2.cif.gz_C Crystal Structure of Wild Type Phosphoserine aminotransferase (PSAT) from E. histolytica	0.097	372	302	108	479	15	349	4.027E-06	157
LOKIASV2_3536_ESMFold_glutamate-1-semialdehyde_2-1-aminomutase	8a5w-assembly1.cif.gz_E	LOKIASV2_3536_ESMFold_glutamate-1-semialdehyde_2-1-aminomutase	8a5w-assembly1.cif.gz_E Crystal structure of the human phosphoserine aminotransferase (PSAT) in complex with O-phosphoserine	0.094	370	313	106	475	15	361	4.977E-06	157
LOKIASV2_3536_ESMFold_glutamate-1-semialdehyde_2-1-aminomutase	2qa3-assembly1.cif.gz_A-2	LOKIASV2_3536_ESMFold_glutamate-1-semialdehyde_2-1-aminomutase	2qa3-assembly1.cif.gz_A-2 Structural Studies Reveal the Inactivation of E. coli L-aspartate aminotransferase by (S)-4,5-amino-dihydro-2-thiophenecarboxylic acid (SADTA) via two mechanisms (at pH6.5)	0.124	402	318	75	476	20	383	2.436E-07	157
LOKIASV2_3536_ESMFold_glutamate-1-semialdehyde_2-1-aminomutase	2zp7-assembly3.cif.gz_F	LOKIASV2_3536_ESMFold_glutamate-1-semialdehyde_2-1-aminomutase	2zp7-assembly3.cif.gz_F Crystal structure of LysN, alpha-aminoadipate aminotransferase (Leucine complex), from Thermus thermophilus HB27	0.104	382	312	97	478	39	387	1.727E-06	157
LOKIASV2_3536_ESMFold_glutamate-1-semialdehyde_2-1-aminomutase	4f5g-assembly1.cif.gz_B	LOKIASV2_3536_ESMFold_glutamate-1-semialdehyde_2-1-aminomutase	4f5g-assembly1.cif.gz_B Rational Design and Directed Evolution of E. coli Apartate Aminotransferase to Tyrosine Aminotransferase: Mutant P2.	0.133	388	311	89	476	39	398	2.708E-07	157
LOKIASV2_3536_ESMFold_glutamate-1-semialdehyde_2-1-aminomutase	1m7y-assembly1.cif.gz_A	LOKIASV2_3536_ESMFold_glutamate-1-semialdehyde_2-1-aminomutase	1m7y-assembly1.cif.gz_A Crystal structure of apple ACC synthase in complex with L-aminoethoxyvinylglycine	0.097	391	349	89	475	31	421	2.024E-06	157
LOKIASV2_3536_ESMFold_glutamate-1-semialdehyde_2-1-aminomutase	7qx8-assembly1.cif.gz_C	LOKIASV2_3536_ESMFold_glutamate-1-semialdehyde_2-1-aminomutase	7qx8-assembly1.cif.gz_C Crystal structure of serine hydroxymethyltransferase, isoform 7 from Arabidopsis thaliana (SHM7)	0.112	388	325	89	476	37	403	1.397E-06	157
LOKIASV2_3536_ESMFold_glutamate-1-semialdehyde_2-1-aminomutase	6i33-assembly1.cif.gz_A	LOKIASV2_3536_ESMFold_glutamate-1-semialdehyde_2-1-aminomutase	6i33-assembly1.cif.gz_A Crystal structure of human glycine decarboxylase (P-protein)	0.132	420	329	59	478	497	876	9.148E-07	157
LOKIASV2_3536_ESMFold_glutamate-1-semialdehyde_2-1-aminomutase	6c92-assembly2.cif.gz_D	LOKIASV2_3536_ESMFold_glutamate-1-semialdehyde_2-1-aminomutase	6c92-assembly2.cif.gz_D The structure of MppP soaked with the product 2-ketoarginine	0.115	374	300	106	479	14	353	1.473E-06	156
LOKIASV2_3536_ESMFold_glutamate-1-semialdehyde_2-1-aminomutase	5u24-assembly2.cif.gz_D	LOKIASV2_3536_ESMFold_glutamate-1-semialdehyde_2-1-aminomutase	5u24-assembly2.cif.gz_D X-ray structure of the WlaRG aminotransferase from campylobacter jejuni, K184A mutant in complex with TDP-Fuc3N	0.085	364	310	108	471	18	357	2.134E-06	156
LOKIASV2_3536_ESMFold_glutamate-1-semialdehyde_2-1-aminomutase	4f5j-assembly1.cif.gz_B	LOKIASV2_3536_ESMFold_glutamate-1-semialdehyde_2-1-aminomutase	4f5j-assembly1.cif.gz_B Rational Design and Directed Evolution for Conversion of Substrate Specificity from E.coli Aspartate Aminotransferase to Tyrosine Aminotransferase: Mutant P5.	0.127	388	313	89	476	39	398	2.436E-07	156
LOKIASV2_3536_ESMFold_glutamate-1-semialdehyde_2-1-aminomutase	4f5l-assembly1.cif.gz_B	LOKIASV2_3536_ESMFold_glutamate-1-semialdehyde_2-1-aminomutase	4f5l-assembly1.cif.gz_B A Theoretical Optimized Mutant for the Conversion of Substrate Specificity and Activity of Aspartate Aminotransferase to Tyrosine Aminotransferase: Chimera P7.	0.123	388	315	89	476	39	398	1.435E-07	156
LOKIASV2_3536_ESMFold_glutamate-1-semialdehyde_2-1-aminomutase	1toj-assembly1.cif.gz_A	LOKIASV2_3536_ESMFold_glutamate-1-semialdehyde_2-1-aminomutase	1toj-assembly1.cif.gz_A Hydrocinnamic acid-bound structure of SRHEPT mutant of E. coli aspartate aminotransferase	0.122	383	313	94	476	39	395	3.528E-07	155
LOKIASV2_3536_ESMFold_glutamate-1-semialdehyde_2-1-aminomutase	3zzj-assembly1.cif.gz_A	LOKIASV2_3536_ESMFold_glutamate-1-semialdehyde_2-1-aminomutase	3zzj-assembly1.cif.gz_A Structure of an engineered aspartate aminotransferase	0.120	405	323	72	476	28	395	1.869E-07	155
LOKIASV2_3536_ESMFold_glutamate-1-semialdehyde_2-1-aminomutase	1ls3-assembly1.cif.gz_A	LOKIASV2_3536_ESMFold_glutamate-1-semialdehyde_2-1-aminomutase	1ls3-assembly1.cif.gz_A Crystal Structure of the Complex between Rabbit Cytosolic Serine Hydroxymethyltransferase and TriGlu-5-formyl-tetrahydrofolate	0.111	369	326	107	475	48	415	1.553E-06	155
LOKIASV2_3536_ESMFold_glutamate-1-semialdehyde_2-1-aminomutase	3h14-assembly1.cif.gz_A	LOKIASV2_3536_ESMFold_glutamate-1-semialdehyde_2-1-aminomutase	3h14-assembly1.cif.gz_A Crystal structure of a putative aminotransferase from Silicibacter pomeroyi	0.109	387	300	89	475	31	368	3.819E-06	154
LOKIASV2_3536_ESMFold_glutamate-1-semialdehyde_2-1-aminomutase	3hvy-assembly1.cif.gz_D	LOKIASV2_3536_ESMFold_glutamate-1-semialdehyde_2-1-aminomutase	3hvy-assembly1.cif.gz_D Crystal structure of putative cystathionine beta-lyase involved in aluminum resistance (NP_348457.1) from Clostridium acetobutylicum at 2.00 A resolution	0.136	298	256	108	405	41	337	3.436E-06	154
LOKIASV2_3536_ESMFold_glutamate-1-semialdehyde_2-1-aminomutase	7qx8-assembly3.cif.gz_I	LOKIASV2_3536_ESMFold_glutamate-1-semialdehyde_2-1-aminomutase	7qx8-assembly3.cif.gz_I Crystal structure of serine hydroxymethyltransferase, isoform 7 from Arabidopsis thaliana (SHM7)	0.121	388	316	89	476	39	399	2.024E-06	154
LOKIASV2_3536_ESMFold_glutamate-1-semialdehyde_2-1-aminomutase	7qx8-assembly1.cif.gz_A	LOKIASV2_3536_ESMFold_glutamate-1-semialdehyde_2-1-aminomutase	7qx8-assembly1.cif.gz_A Crystal structure of serine hydroxymethyltransferase, isoform 7 from Arabidopsis thaliana (SHM7)	0.118	388	318	89	476	38	399	1.473E-06	154
LOKIASV2_3536_ESMFold_glutamate-1-semialdehyde_2-1-aminomutase	7qx8-assembly1.cif.gz_B	LOKIASV2_3536_ESMFold_glutamate-1-semialdehyde_2-1-aminomutase	7qx8-assembly1.cif.gz_B Crystal structure of serine hydroxymethyltransferase, isoform 7 from Arabidopsis thaliana (SHM7)	0.121	390	321	89	478	37	402	2.637E-06	154
LOKIASV2_3536_ESMFold_glutamate-1-semialdehyde_2-1-aminomutase	8fju-assembly1.cif.gz_A	LOKIASV2_3536_ESMFold_glutamate-1-semialdehyde_2-1-aminomutase	8fju-assembly1.cif.gz_A Human mitochondrial serine hydroxymethyltransferase (SHMT2) in complex with PLP, glycine and AGF347 inhibitor	0.121	382	331	89	470	28	404	1.553E-06	154
LOKIASV2_3536_ESMFold_glutamate-1-semialdehyde_2-1-aminomutase	7eru-assembly1.cif.gz_A-2	LOKIASV2_3536_ESMFold_glutamate-1-semialdehyde_2-1-aminomutase	7eru-assembly1.cif.gz_A-2 Crystal structure of L-histidine decarboxylase (C57S mutant) from Photobacterium phosphoreum	0.140	278	226	128	405	65	328	1.971E-05	153
LOKIASV2_3536_ESMFold_glutamate-1-semialdehyde_2-1-aminomutase	6pk3-assembly1.cif.gz_B	LOKIASV2_3536_ESMFold_glutamate-1-semialdehyde_2-1-aminomutase	6pk3-assembly1.cif.gz_B Alanine-glyoxylate aminotransferase 1 (AGT1) from Arabidopsis thaliana	0.113	392	340	87	478	7	390	8.908E-06	153
LOKIASV2_3536_ESMFold_glutamate-1-semialdehyde_2-1-aminomutase	7qx8-assembly3.cif.gz_J	LOKIASV2_3536_ESMFold_glutamate-1-semialdehyde_2-1-aminomutase	7qx8-assembly3.cif.gz_J Crystal structure of serine hydroxymethyltransferase, isoform 7 from Arabidopsis thaliana (SHM7)	0.115	388	319	89	476	40	400	1.727E-06	153
LOKIASV2_3536_ESMFold_glutamate-1-semialdehyde_2-1-aminomutase	5hsj-assembly1.cif.gz_A	LOKIASV2_3536_ESMFold_glutamate-1-semialdehyde_2-1-aminomutase	5hsj-assembly1.cif.gz_A Structure of tyrosine decarboxylase complex with PLP at 1.9 Angstroms resolution	0.120	577	414	7	478	26	602	1.638E-06	153
LOKIASV2_3536_ESMFold_glutamate-1-semialdehyde_2-1-aminomutase	3vax-assembly1.cif.gz_A	LOKIASV2_3536_ESMFold_glutamate-1-semialdehyde_2-1-aminomutase	3vax-assembly1.cif.gz_A Crystal structure of DndA from streptomyces lividans	0.136	348	296	106	453	13	356	7.403E-07	151
LOKIASV2_3536_ESMFold_glutamate-1-semialdehyde_2-1-aminomutase	7s3v-assembly1.cif.gz_A	LOKIASV2_3536_ESMFold_glutamate-1-semialdehyde_2-1-aminomutase	7s3v-assembly1.cif.gz_A Structure of HsKYNase_66, an evolved variant of human kynureninase with greatly increased activity towards kynurenine	0.122	394	339	86	479	60	446	3.259E-06	151
LOKIASV2_3536_ESMFold_glutamate-1-semialdehyde_2-1-aminomutase	2zy4-assembly1.cif.gz_A	LOKIASV2_3536_ESMFold_glutamate-1-semialdehyde_2-1-aminomutase	2zy4-assembly1.cif.gz_A dodecameric L-aspartate beta-decarboxylase	0.107	424	333	105	478	97	520	6.316E-07	151
LOKIASV2_3536_ESMFold_glutamate-1-semialdehyde_2-1-aminomutase	5ton-assembly1.cif.gz_A	LOKIASV2_3536_ESMFold_glutamate-1-semialdehyde_2-1-aminomutase	5ton-assembly1.cif.gz_A Crystal structure of AAT H143L mutant	0.108	386	327	94	479	45	412	4.597E-07	150
LOKIASV2_3536_ESMFold_glutamate-1-semialdehyde_2-1-aminomutase	1m4n-assembly1.cif.gz_A-2	LOKIASV2_3536_ESMFold_glutamate-1-semialdehyde_2-1-aminomutase	1m4n-assembly1.cif.gz_A-2 CRYSTAL STRUCTURE OF APPLE ACC SYNTHASE IN COMPLEX WITH [2-(AMINO-OXY)ETHYL](5'-DEOXYADENOSIN-5'-YL)(METHYL)SULFONIUM	0.104	384	333	92	475	46	418	1.727E-06	150
LOKIASV2_3536_ESMFold_glutamate-1-semialdehyde_2-1-aminomutase	1wyv-assembly1.cif.gz_C	LOKIASV2_3536_ESMFold_glutamate-1-semialdehyde_2-1-aminomutase	1wyv-assembly1.cif.gz_C Crystal structure of glycine decarboxylase (P-protein) of the glycine cleavage system, in inhibitor-bound form	0.105	381	333	96	476	64	436	4.977E-06	150
LOKIASV2_3536_ESMFold_glutamate-1-semialdehyde_2-1-aminomutase	4zdp-assembly1.cif.gz_A	LOKIASV2_3536_ESMFold_glutamate-1-semialdehyde_2-1-aminomutase	4zdp-assembly1.cif.gz_A The crystal structure of Y334C mutant of human SepSecS in complex with selenocysteine tRNA (tRNASec)	0.111	478	391	2	479	4	444	1.131E-06	150
LOKIASV2_3536_ESMFold_glutamate-1-semialdehyde_2-1-aminomutase	3asb-assembly1.cif.gz_A-2	LOKIASV2_3536_ESMFold_glutamate-1-semialdehyde_2-1-aminomutase	3asb-assembly1.cif.gz_A-2 Crystal structure of PLP-bound LL-diaminopimelate aminotransferase from Chlamydia trachomatis	0.106	391	300	89	479	28	364	2.024E-06	149
LOKIASV2_3536_ESMFold_glutamate-1-semialdehyde_2-1-aminomutase	8bob-assembly1.cif.gz_B	LOKIASV2_3536_ESMFold_glutamate-1-semialdehyde_2-1-aminomutase	8bob-assembly1.cif.gz_B Structural basis for negative regulation of the maltose system	0.110	373	305	106	478	44	387	2.250E-06	149
LOKIASV2_3536_ESMFold_glutamate-1-semialdehyde_2-1-aminomutase	6jpk-assembly1.cif.gz_B	LOKIASV2_3536_ESMFold_glutamate-1-semialdehyde_2-1-aminomutase	6jpk-assembly1.cif.gz_B Crystal structure of S. pombe aspartate aminotransferase	0.144	416	330	63	478	20	405	8.229E-07	149
LOKIASV2_3536_ESMFold_glutamate-1-semialdehyde_2-1-aminomutase	3m5u-assembly1.cif.gz_B	LOKIASV2_3536_ESMFold_glutamate-1-semialdehyde_2-1-aminomutase	3m5u-assembly1.cif.gz_B Crystal Structure of Phosphoserine Aminotransferase from Campylobacter jejuni	0.085	388	323	89	476	3	356	2.435E-05	148
LOKIASV2_3536_ESMFold_glutamate-1-semialdehyde_2-1-aminomutase	5t4j-assembly1.cif.gz_B	LOKIASV2_3536_ESMFold_glutamate-1-semialdehyde_2-1-aminomutase	5t4j-assembly1.cif.gz_B PLP and GABA Trigger GabR-Mediated Transcription Regulation in Bacillus subsidies via External Aldimine Formation	0.089	365	304	105	469	22	356	7.208E-06	148
LOKIASV2_3536_ESMFold_glutamate-1-semialdehyde_2-1-aminomutase	3e77-assembly1.cif.gz_A	LOKIASV2_3536_ESMFold_glutamate-1-semialdehyde_2-1-aminomutase	3e77-assembly1.cif.gz_A Human phosphoserine aminotransferase in complex with PLP	0.110	369	307	107	475	14	359	1.360E-05	148
LOKIASV2_3536_ESMFold_glutamate-1-semialdehyde_2-1-aminomutase	5ijg-assembly1.cif.gz_B-2	LOKIASV2_3536_ESMFold_glutamate-1-semialdehyde_2-1-aminomutase	5ijg-assembly1.cif.gz_B-2 Crystal structure of O-acetylhomoserine sulfhydrolase from Brucella melitensis at 2.0 A resolution	0.144	339	280	133	471	75	402	4.246E-06	148
LOKIASV2_3536_ESMFold_glutamate-1-semialdehyde_2-1-aminomutase	4fl0-assembly1.cif.gz_A	LOKIASV2_3536_ESMFold_glutamate-1-semialdehyde_2-1-aminomutase	4fl0-assembly1.cif.gz_A Crystal structure of ALD1 from Arabidopsis thaliana	0.106	463	355	12	474	8	405	1.017E-06	148
LOKIASV2_3536_ESMFold_glutamate-1-semialdehyde_2-1-aminomutase	7qpe-assembly1.cif.gz_A	LOKIASV2_3536_ESMFold_glutamate-1-semialdehyde_2-1-aminomutase	7qpe-assembly1.cif.gz_A Crystal structure of serine hydroxymethyltransferase, isoform 6 from Arabidopsis thaliana (SHM6)	0.113	471	357	8	478	2	404	3.622E-06	148
LOKIASV2_3536_ESMFold_glutamate-1-semialdehyde_2-1-aminomutase	6liu-assembly2.cif.gz_C	LOKIASV2_3536_ESMFold_glutamate-1-semialdehyde_2-1-aminomutase	6liu-assembly2.cif.gz_C Crystal structure of apo Tyrosine decarboxylase	0.118	462	387	39	478	7	468	6.659E-07	148
LOKIASV2_3536_ESMFold_glutamate-1-semialdehyde_2-1-aminomutase	3uwc-assembly1.cif.gz_A	LOKIASV2_3536_ESMFold_glutamate-1-semialdehyde_2-1-aminomutase	3uwc-assembly1.cif.gz_A Structure of an aminotransferase (DegT-DnrJ-EryC1-StrS family) from Coxiella burnetii in complex with PMP	0.103	365	308	108	472	18	361	5.833E-06	147
LOKIASV2_3536_ESMFold_glutamate-1-semialdehyde_2-1-aminomutase	2bi5-assembly1.cif.gz_B	LOKIASV2_3536_ESMFold_glutamate-1-semialdehyde_2-1-aminomutase	2bi5-assembly1.cif.gz_B Radiation damage of the Schiff base in phosphoserine aminotransferase (structure E)	0.095	373	306	106	478	16	354	8.908E-06	146
LOKIASV2_3536_ESMFold_glutamate-1-semialdehyde_2-1-aminomutase	2z1y-assembly1.cif.gz_A	LOKIASV2_3536_ESMFold_glutamate-1-semialdehyde_2-1-aminomutase	2z1y-assembly1.cif.gz_A Crystal structure of LysN, alpha-aminoadipate aminotransferase (complexed with N-(5'-phosphopyridoxyl)-L-leucine), from Thermus thermophilus HB27	0.100	382	313	97	478	35	383	5.247E-06	146
LOKIASV2_3536_ESMFold_glutamate-1-semialdehyde_2-1-aminomutase	4uqv-assembly3.cif.gz_D	LOKIASV2_3536_ESMFold_glutamate-1-semialdehyde_2-1-aminomutase	4uqv-assembly3.cif.gz_D methanococcus jannaschii serine hydroxymethyl-transferase in complex with PLP	0.126	372	318	107	478	36	400	8.908E-06	146
LOKIASV2_3536_ESMFold_glutamate-1-semialdehyde_2-1-aminomutase	6liv-assembly3.cif.gz_E	LOKIASV2_3536_ESMFold_glutamate-1-semialdehyde_2-1-aminomutase	6liv-assembly3.cif.gz_E Crystal structure of Tyrosine decarboxylase in complex with PLP	0.117	465	378	15	479	43	471	4.720E-06	146
LOKIASV2_3536_ESMFold_glutamate-1-semialdehyde_2-1-aminomutase	6czz-assembly2.cif.gz_C	LOKIASV2_3536_ESMFold_glutamate-1-semialdehyde_2-1-aminomutase	6czz-assembly2.cif.gz_C Crystal structure of Arabidopsis thaliana phosphoserine aminotransferase isoform 1 (AtPSAT1) in complex with PLP-phosphoserine geminal diamine intermediate	0.094	388	322	89	476	3	358	3.010E-05	145
LOKIASV2_3536_ESMFold_glutamate-1-semialdehyde_2-1-aminomutase	3ju7-assembly1.cif.gz_B	LOKIASV2_3536_ESMFold_glutamate-1-semialdehyde_2-1-aminomutase	3ju7-assembly1.cif.gz_B Crystal structure of Putative PLP-dependent aminotransferase (NP_978343.1) from Bacillus cereus ATCC 10987 at 2.19 A resolution	0.097	373	319	107	479	15	368	9.903E-06	144
LOKIASV2_3536_ESMFold_glutamate-1-semialdehyde_2-1-aminomutase	8fjt-assembly1.cif.gz_A	LOKIASV2_3536_ESMFold_glutamate-1-semialdehyde_2-1-aminomutase	8fjt-assembly1.cif.gz_A Human mitochondrial serine hydroxymethyltransferase (SHMT2) in complex with PLP, glycine and AGF362 inhibitor	0.135	401	337	89	479	28	428	1.257E-06	144
LOKIASV2_3536_ESMFold_glutamate-1-semialdehyde_2-1-aminomutase	7x4r-assembly1.cif.gz_F	LOKIASV2_3536_ESMFold_glutamate-1-semialdehyde_2-1-aminomutase	7x4r-assembly1.cif.gz_F Crystal structure of Bacteroides thetaiotaomicron glutamate decarboxylase	0.103	375	334	107	479	73	447	9.148E-07	144
LOKIASV2_3536_ESMFold_glutamate-1-semialdehyde_2-1-aminomutase	8ora-assembly1.cif.gz_A-2	LOKIASV2_3536_ESMFold_glutamate-1-semialdehyde_2-1-aminomutase	8ora-assembly1.cif.gz_A-2 Human holo aromatic L-amino acid decarboxylase (AADC) external aldimine with L-Dopa methylester	0.125	471	384	39	478	5	475	5.681E-07	144
LOKIASV2_3536_ESMFold_glutamate-1-semialdehyde_2-1-aminomutase	7byi-assembly1.cif.gz_B	LOKIASV2_3536_ESMFold_glutamate-1-semialdehyde_2-1-aminomutase	7byi-assembly1.cif.gz_B Structure of SHMT2 in complex with CBX	0.133	405	338	89	479	28	432	1.072E-06	143
LOKIASV2_3536_ESMFold_glutamate-1-semialdehyde_2-1-aminomutase	6pd2-assembly1.cif.gz_C	LOKIASV2_3536_ESMFold_glutamate-1-semialdehyde_2-1-aminomutase	6pd2-assembly1.cif.gz_C PntC-AEPT: fusion protein of phosphonate-specific cytidylyltransferase and 2-aminoethylphosphonate (AEP) transaminase from Treponema denticola in complex with cytidine monophosphate-AEP	0.116	390	315	89	478	250	606	9.903E-06	143
LOKIASV2_3536_ESMFold_glutamate-1-semialdehyde_2-1-aminomutase	5vjz-assembly1.cif.gz_A	LOKIASV2_3536_ESMFold_glutamate-1-semialdehyde_2-1-aminomutase	5vjz-assembly1.cif.gz_A Joint X-ray/neutron structure of aspartate aminotransferase with alpha-methyl-aspartate at pH 7.5	0.127	413	334	67	479	27	410	2.250E-06	142
LOKIASV2_3536_ESMFold_glutamate-1-semialdehyde_2-1-aminomutase	7qx8-assembly3.cif.gz_L	LOKIASV2_3536_ESMFold_glutamate-1-semialdehyde_2-1-aminomutase	7qx8-assembly3.cif.gz_L Crystal structure of serine hydroxymethyltransferase, isoform 7 from Arabidopsis thaliana (SHM7)	0.112	390	323	89	478	37	401	6.837E-06	142
LOKIASV2_3536_ESMFold_glutamate-1-semialdehyde_2-1-aminomutase	6eeq-assembly1.cif.gz_A-2	LOKIASV2_3536_ESMFold_glutamate-1-semialdehyde_2-1-aminomutase	6eeq-assembly1.cif.gz_A-2 Crystal structure of Rhodiola rosea 4-hydroxyphenylacetaldehyde synthase	0.106	439	342	93	475	25	463	1.638E-06	142
LOKIASV2_3536_ESMFold_glutamate-1-semialdehyde_2-1-aminomutase	4n0b-assembly1.cif.gz_B	LOKIASV2_3536_ESMFold_glutamate-1-semialdehyde_2-1-aminomutase	4n0b-assembly1.cif.gz_B Crystal structure of Bacillus subtilis GabR, an autorepressor and transcriptional activator of GabT	0.079	368	309	105	472	126	461	9.392E-06	141
LOKIASV2_3536_ESMFold_glutamate-1-semialdehyde_2-1-aminomutase	4uqv-assembly1.cif.gz_K	LOKIASV2_3536_ESMFold_glutamate-1-semialdehyde_2-1-aminomutase	4uqv-assembly1.cif.gz_K methanococcus jannaschii serine hydroxymethyl-transferase in complex with PLP	0.106	391	325	89	479	22	386	2.707E-05	140
LOKIASV2_3536_ESMFold_glutamate-1-semialdehyde_2-1-aminomutase	4uqv-assembly6.cif.gz_I	LOKIASV2_3536_ESMFold_glutamate-1-semialdehyde_2-1-aminomutase	4uqv-assembly6.cif.gz_I methanococcus jannaschii serine hydroxymethyl-transferase in complex with PLP	0.103	372	330	107	478	35	403	3.436E-06	140
LOKIASV2_3536_ESMFold_glutamate-1-semialdehyde_2-1-aminomutase	4tv7-assembly2.cif.gz_C	LOKIASV2_3536_ESMFold_glutamate-1-semialdehyde_2-1-aminomutase	4tv7-assembly2.cif.gz_C Crystal structure of Bacillus subtilis GabR at 2.05 Angstroms resolution	0.071	381	323	89	469	98	446	6.484E-06	140
LOKIASV2_3536_ESMFold_glutamate-1-semialdehyde_2-1-aminomutase	3fdd-assembly1.cif.gz_A	LOKIASV2_3536_ESMFold_glutamate-1-semialdehyde_2-1-aminomutase	3fdd-assembly1.cif.gz_A The Crystal Structure of the Pseudomonas dacunhae Aspartate-Beta-Decarboxylase Reveals a Novel Oligomeric Assembly for a Pyridoxal-5-Phosphate Dependent Enzyme	0.104	424	334	105	478	74	497	1.192E-06	140
LOKIASV2_3536_ESMFold_glutamate-1-semialdehyde_2-1-aminomutase	5yb0-assembly2.cif.gz_D	LOKIASV2_3536_ESMFold_glutamate-1-semialdehyde_2-1-aminomutase	5yb0-assembly2.cif.gz_D Crystal Structure of Wild Type Phosphoserine aminotransferase (PSAT) from E. histolytica	0.094	371	295	108	478	15	341	1.869E-05	138
LOKIASV2_3536_ESMFold_glutamate-1-semialdehyde_2-1-aminomutase	3wcn-assembly1.cif.gz_B	LOKIASV2_3536_ESMFold_glutamate-1-semialdehyde_2-1-aminomutase	3wcn-assembly1.cif.gz_B Crystal structure of the depentamerized mutant of selenocysteine synthase SelA	0.096	471	395	2	472	4	441	5.388E-07	138
LOKIASV2_3536_ESMFold_glutamate-1-semialdehyde_2-1-aminomutase	5wmh-assembly3.cif.gz_F	LOKIASV2_3536_ESMFold_glutamate-1-semialdehyde_2-1-aminomutase	5wmh-assembly3.cif.gz_F Arabidopsis thaliana prephenate aminotransferase	0.103	414	334	65	478	23	395	6.484E-06	137
LOKIASV2_3536_ESMFold_glutamate-1-semialdehyde_2-1-aminomutase	3hvy-assembly1.cif.gz_C	LOKIASV2_3536_ESMFold_glutamate-1-semialdehyde_2-1-aminomutase	3hvy-assembly1.cif.gz_C Crystal structure of putative cystathionine beta-lyase involved in aluminum resistance (NP_348457.1) from Clostridium acetobutylicum at 2.00 A resolution	0.115	380	328	108	479	40	419	1.161E-05	137
LOKIASV2_3536_ESMFold_glutamate-1-semialdehyde_2-1-aminomutase	7k34-assembly1.cif.gz_A	LOKIASV2_3536_ESMFold_glutamate-1-semialdehyde_2-1-aminomutase	7k34-assembly1.cif.gz_A Crystal structure of L-threonine transaldolase from Pseudomonas fluorescens in internal aldimine state	0.125	433	354	46	478	6	411	4.027E-06	136
LOKIASV2_3536_ESMFold_glutamate-1-semialdehyde_2-1-aminomutase	6liv-assembly2.cif.gz_C	LOKIASV2_3536_ESMFold_glutamate-1-semialdehyde_2-1-aminomutase	6liv-assembly2.cif.gz_C Crystal structure of Tyrosine decarboxylase in complex with PLP	0.117	462	386	39	476	9	470	2.501E-06	135
LOKIASV2_3536_ESMFold_glutamate-1-semialdehyde_2-1-aminomutase	6xdk-assembly2.cif.gz_C	LOKIASV2_3536_ESMFold_glutamate-1-semialdehyde_2-1-aminomutase	6xdk-assembly2.cif.gz_C Crystal structure of Phosphoserine aminotransferase (SerC) from Stenotrophomonas maltophilia K279a	0.088	382	314	97	478	8	352	5.109E-05	134
LOKIASV2_3536_ESMFold_glutamate-1-semialdehyde_2-1-aminomutase	3i16-assembly1.cif.gz_D	LOKIASV2_3536_ESMFold_glutamate-1-semialdehyde_2-1-aminomutase	3i16-assembly1.cif.gz_D Crystal structure of carbon-sulfur lyase involved in aluminum resistance (YP_878183.1) from Clostridium novyi NT at 2.00 A resolution	0.098	397	299	9	405	5	337	6.150E-06	134
LOKIASV2_3536_ESMFold_glutamate-1-semialdehyde_2-1-aminomutase	5yb0-assembly3.cif.gz_E	LOKIASV2_3536_ESMFold_glutamate-1-semialdehyde_2-1-aminomutase	5yb0-assembly3.cif.gz_E Crystal Structure of Wild Type Phosphoserine aminotransferase (PSAT) from E. histolytica	0.093	373	296	106	478	13	339	1.773E-05	133
LOKIASV2_3536_ESMFold_glutamate-1-semialdehyde_2-1-aminomutase	4zdo-assembly1.cif.gz_B	LOKIASV2_3536_ESMFold_glutamate-1-semialdehyde_2-1-aminomutase	4zdo-assembly1.cif.gz_B The crystal structure of T325S mutant of human SepSecS in complex with selenocysteine tRNA (tRNASec)	0.095	478	398	2	479	18	458	4.477E-06	133
LOKIASV2_3536_ESMFold_glutamate-1-semialdehyde_2-1-aminomutase	4mgr-assembly1.cif.gz_A	LOKIASV2_3536_ESMFold_glutamate-1-semialdehyde_2-1-aminomutase	4mgr-assembly1.cif.gz_A The crystal structure of Bacillus subtilis GabR, an autorepressor and PLP- and GABA-dependent transcriptional activator of gabT	0.070	366	312	105	470	127	463	1.434E-05	132
LOKIASV2_3536_ESMFold_glutamate-1-semialdehyde_2-1-aminomutase	3jzl-assembly1.cif.gz_B-2	LOKIASV2_3536_ESMFold_glutamate-1-semialdehyde_2-1-aminomutase	3jzl-assembly1.cif.gz_B-2 CRYSTAL STRUCTURE OF A PUTATIVE CYSTATHIONINE BETA-LYASE INVOLVED IN ALUMINUM RESISTANCE (LMOF2365_1314) FROM LISTERIA MONOCYTOGENES STR. 4B F2365 AT 1.91 A RESOLUTION	0.122	300	256	107	406	25	317	3.010E-05	131
LOKIASV2_3536_ESMFold_glutamate-1-semialdehyde_2-1-aminomutase	5f8v-assembly2.cif.gz_C	LOKIASV2_3536_ESMFold_glutamate-1-semialdehyde_2-1-aminomutase	5f8v-assembly2.cif.gz_C Crystal structure of PLP bound phosphoserine aminotransferase (PSAT) from Trichomonas vaginalis	0.105	373	311	107	479	16	363	2.435E-05	130
LOKIASV2_3536_ESMFold_glutamate-1-semialdehyde_2-1-aminomutase	3d6k-assembly2.cif.gz_A	LOKIASV2_3536_ESMFold_glutamate-1-semialdehyde_2-1-aminomutase	3d6k-assembly2.cif.gz_A The crystal structure of a putative aminotransferase from Corynebacterium diphtheriae	0.117	372	328	107	478	28	399	1.224E-05	130
LOKIASV2_3536_ESMFold_glutamate-1-semialdehyde_2-1-aminomutase	5yb0-assembly4.cif.gz_G	LOKIASV2_3536_ESMFold_glutamate-1-semialdehyde_2-1-aminomutase	5yb0-assembly4.cif.gz_G Crystal Structure of Wild Type Phosphoserine aminotransferase (PSAT) from E. histolytica	0.086	373	296	106	478	13	337	6.314E-05	129
LOKIASV2_3536_ESMFold_glutamate-1-semialdehyde_2-1-aminomutase	1bt4-assembly1.cif.gz_A	LOKIASV2_3536_ESMFold_glutamate-1-semialdehyde_2-1-aminomutase	1bt4-assembly1.cif.gz_A PHOSPHOSERINE AMINOTRANSFERASE FROM BACILLUS CIRCULANS SUBSP. ALKALOPHILUS	0.134	364	294	112	475	18	358	4.596E-05	129
LOKIASV2_3536_ESMFold_glutamate-1-semialdehyde_2-1-aminomutase	7qcw-assembly1.cif.gz_B	LOKIASV2_3536_ESMFold_glutamate-1-semialdehyde_2-1-aminomutase	7qcw-assembly1.cif.gz_B Apo-structure of serine hydroxymethyltransferase (PbzB) involved in benzobactin biosynthesis in P. chlororaphis subsp. piscium DSM 21509	0.109	390	299	89	478	35	371	2.568E-05	127
LOKIASV2_3536_ESMFold_glutamate-1-semialdehyde_2-1-aminomutase	7cii-assembly1.cif.gz_B	LOKIASV2_3536_ESMFold_glutamate-1-semialdehyde_2-1-aminomutase	7cii-assembly1.cif.gz_B Crystal structure of L-methionine decarboxylase from Streptomyces sp.590 in complexed with L- methionine methyl ester (external aldimine form).	0.109	470	333	97	471	45	514	2.078E-05	127
LOKIASV2_3536_ESMFold_glutamate-1-semialdehyde_2-1-aminomutase	3jzl-assembly1.cif.gz_A-2	LOKIASV2_3536_ESMFold_glutamate-1-semialdehyde_2-1-aminomutase	3jzl-assembly1.cif.gz_A-2 CRYSTAL STRUCTURE OF A PUTATIVE CYSTATHIONINE BETA-LYASE INVOLVED IN ALUMINUM RESISTANCE (LMOF2365_1314) FROM LISTERIA MONOCYTOGENES STR. 4B F2365 AT 1.91 A RESOLUTION	0.119	299	256	107	405	25	316	1.130E-04	126
LOKIASV2_3536_ESMFold_glutamate-1-semialdehyde_2-1-aminomutase	6dk3-assembly1.cif.gz_A	LOKIASV2_3536_ESMFold_glutamate-1-semialdehyde_2-1-aminomutase	6dk3-assembly1.cif.gz_A HUMAN MITOCHONDRIAL SERINE HYDROXYMETHYLTRANSFERASe 2	0.123	382	300	89	470	29	371	5.109E-05	126
LOKIASV2_3536_ESMFold_glutamate-1-semialdehyde_2-1-aminomutase	4tv7-assembly1.cif.gz_B	LOKIASV2_3536_ESMFold_glutamate-1-semialdehyde_2-1-aminomutase	4tv7-assembly1.cif.gz_B Crystal structure of Bacillus subtilis GabR at 2.05 Angstroms resolution	0.088	463	378	7	469	9	424	3.173E-05	125
LOKIASV2_3536_ESMFold_glutamate-1-semialdehyde_2-1-aminomutase	8a5v-assembly3.cif.gz_A	LOKIASV2_3536_ESMFold_glutamate-1-semialdehyde_2-1-aminomutase	8a5v-assembly3.cif.gz_A Crystal structure of the human phosposerine aminotransferase (PSAT)	0.103	366	310	110	475	15	361	8.674E-05	124
LOKIASV2_3536_ESMFold_glutamate-1-semialdehyde_2-1-aminomutase	5kz5-assembly1.cif.gz_R	LOKIASV2_3536_ESMFold_glutamate-1-semialdehyde_2-1-aminomutase	5kz5-assembly1.cif.gz_R Architecture of the Human Mitochondrial Iron-Sulfur Cluster Assembly Machinery: the Complex Formed by the Iron Donor, the Sulfur Donor, and the Scaffold	0.144	364	306	112	475	12	369	1.595E-05	124
LOKIASV2_3536_ESMFold_glutamate-1-semialdehyde_2-1-aminomutase	3rbf-assembly1.cif.gz_A	LOKIASV2_3536_ESMFold_glutamate-1-semialdehyde_2-1-aminomutase	3rbf-assembly1.cif.gz_A Crystal structure of Human aromatic L-amino acid decarboxylase (AADC) in the apo form	0.120	440	382	39	478	4	438	1.820E-06	124
LOKIASV2_3536_ESMFold_glutamate-1-semialdehyde_2-1-aminomutase	4ge4-assembly1.cif.gz_A	LOKIASV2_3536_ESMFold_glutamate-1-semialdehyde_2-1-aminomutase	4ge4-assembly1.cif.gz_A Kynurenine Aminotransferase II Inhibitors	0.090	433	359	46	478	21	416	5.247E-06	123
LOKIASV2_3536_ESMFold_glutamate-1-semialdehyde_2-1-aminomutase	4uqv-assembly2.cif.gz_B	LOKIASV2_3536_ESMFold_glutamate-1-semialdehyde_2-1-aminomutase	4uqv-assembly2.cif.gz_B methanococcus jannaschii serine hydroxymethyl-transferase in complex with PLP	0.112	367	306	107	473	37	382	4.359E-05	123
LOKIASV2_3536_ESMFold_glutamate-1-semialdehyde_2-1-aminomutase	6hnv-assembly1.cif.gz_B	LOKIASV2_3536_ESMFold_glutamate-1-semialdehyde_2-1-aminomutase	6hnv-assembly1.cif.gz_B Crystal structure of aminotransferase Aro9 from C. Albicans with ligands	0.094	365	318	127	478	93	457	3.346E-05	123
LOKIASV2_3536_ESMFold_glutamate-1-semialdehyde_2-1-aminomutase	6liv-assembly3.cif.gz_F	LOKIASV2_3536_ESMFold_glutamate-1-semialdehyde_2-1-aminomutase	6liv-assembly3.cif.gz_F Crystal structure of Tyrosine decarboxylase in complex with PLP	0.110	477	406	2	478	8	464	2.854E-05	123
LOKIASV2_3536_ESMFold_glutamate-1-semialdehyde_2-1-aminomutase	3qm2-assembly1.cif.gz_A	LOKIASV2_3536_ESMFold_glutamate-1-semialdehyde_2-1-aminomutase	3qm2-assembly1.cif.gz_A 2.25 Angstrom Crystal Structure of Phosphoserine Aminotransferase (SerC) from Salmonella enterica subsp. enterica serovar Typhimurium	0.121	383	285	89	471	2	326	1.072E-04	121
LOKIASV2_3536_ESMFold_glutamate-1-semialdehyde_2-1-aminomutase	7ns7-assembly1.cif.gz_B	LOKIASV2_3536_ESMFold_glutamate-1-semialdehyde_2-1-aminomutase	7ns7-assembly1.cif.gz_B Human L-alanine:glyoxylate aminotransferase minor allele variant: AGXT-Mi (P11L-I340M)	0.123	382	278	97	478	19	336	1.192E-04	121
LOKIASV2_3536_ESMFold_glutamate-1-semialdehyde_2-1-aminomutase	7t7j-assembly1.cif.gz_B	LOKIASV2_3536_ESMFold_glutamate-1-semialdehyde_2-1-aminomutase	7t7j-assembly1.cif.gz_B Crystal Structure of Phosphoserine aminotransferase from Klebsiella pneumoniae subsp. pneumoniae in complex with Pyridoxal phosphate	0.121	382	307	89	470	2	351	1.397E-04	121
LOKIASV2_3536_ESMFold_glutamate-1-semialdehyde_2-1-aminomutase	4bhd-assembly1.cif.gz_B	LOKIASV2_3536_ESMFold_glutamate-1-semialdehyde_2-1-aminomutase	4bhd-assembly1.cif.gz_B Methanococcus jannaschii serine hydroxymethyl-transferase, apo form	0.118	390	306	89	478	23	370	2.133E-04	121
LOKIASV2_3536_ESMFold_glutamate-1-semialdehyde_2-1-aminomutase	6t8q-assembly1.cif.gz_A	LOKIASV2_3536_ESMFold_glutamate-1-semialdehyde_2-1-aminomutase	6t8q-assembly1.cif.gz_A HKATII IN COMPLEX WITH LIGAND (2R)-N-benzyl-1-[6-methyl-5-(oxan-4-yl)-7-oxo-6H,7H-[1,3]thiazolo[5,4-d]pyrimidin-2-yl]pyrrolidine-2-carboxamide	0.095	413	343	66	478	46	425	6.837E-06	121
LOKIASV2_3536_ESMFold_glutamate-1-semialdehyde_2-1-aminomutase	6xdk-assembly1.cif.gz_A	LOKIASV2_3536_ESMFold_glutamate-1-semialdehyde_2-1-aminomutase	6xdk-assembly1.cif.gz_A Crystal structure of Phosphoserine aminotransferase (SerC) from Stenotrophomonas maltophilia K279a	0.107	382	312	97	478	5	354	9.643E-05	120
LOKIASV2_3536_ESMFold_glutamate-1-semialdehyde_2-1-aminomutase	4xk1-assembly1.cif.gz_B	LOKIASV2_3536_ESMFold_glutamate-1-semialdehyde_2-1-aminomutase	4xk1-assembly1.cif.gz_B Crystal Structure of a Phosphoserine/phosphohydroxythreonine Aminotransferase (PSAT) from Pseudomonas aeruginosa with cofactor Pyridoxal Phosphate and bound Glutamate	0.107	355	298	110	464	12	346	5.680E-05	119
LOKIASV2_3536_ESMFold_glutamate-1-semialdehyde_2-1-aminomutase	6oxm-assembly1.cif.gz_B	LOKIASV2_3536_ESMFold_glutamate-1-semialdehyde_2-1-aminomutase	6oxm-assembly1.cif.gz_B Crystal structure of L,L-diaminopimelate aminotransferase (DapL) from Verrucomicrobium spinosum	0.110	446	351	32	477	6	400	4.359E-05	118
LOKIASV2_3536_ESMFold_glutamate-1-semialdehyde_2-1-aminomutase	3dc1-assembly1.cif.gz_B	LOKIASV2_3536_ESMFold_glutamate-1-semialdehyde_2-1-aminomutase	3dc1-assembly1.cif.gz_B Crystal structure of kynurenine aminotransferase II complex with alpha-ketoglutarate	0.112	413	337	66	478	35	414	3.622E-06	118
LOKIASV2_3536_ESMFold_glutamate-1-semialdehyde_2-1-aminomutase	4h51-assembly1.cif.gz_A	LOKIASV2_3536_ESMFold_glutamate-1-semialdehyde_2-1-aminomutase	4h51-assembly1.cif.gz_A Crystal structure of a putative Aspartate Aminotransferase from Leishmania major Friedlin	0.087	404	334	74	477	31	397	3.719E-05	117
LOKIASV2_3536_ESMFold_glutamate-1-semialdehyde_2-1-aminomutase	4uqv-assembly3.cif.gz_C	LOKIASV2_3536_ESMFold_glutamate-1-semialdehyde_2-1-aminomutase	4uqv-assembly3.cif.gz_C methanococcus jannaschii serine hydroxymethyl-transferase in complex with PLP	0.123	373	284	89	461	22	346	5.680E-05	117
LOKIASV2_3536_ESMFold_glutamate-1-semialdehyde_2-1-aminomutase	6dna-assembly1.cif.gz_A	LOKIASV2_3536_ESMFold_glutamate-1-semialdehyde_2-1-aminomutase	6dna-assembly1.cif.gz_A Crystal structure of T110A mutant human Glutamate oxaloacetate transaminase 1 (GOT1)	0.116	298	252	94	379	29	326	5.680E-05	116
LOKIASV2_3536_ESMFold_glutamate-1-semialdehyde_2-1-aminomutase	6dna-assembly5.cif.gz_E	LOKIASV2_3536_ESMFold_glutamate-1-semialdehyde_2-1-aminomutase	6dna-assembly5.cif.gz_E Crystal structure of T110A mutant human Glutamate oxaloacetate transaminase 1 (GOT1)	0.128	314	271	68	381	13	324	2.435E-05	115
LOKIASV2_3536_ESMFold_glutamate-1-semialdehyde_2-1-aminomutase	5yb0-assembly5.cif.gz_J	LOKIASV2_3536_ESMFold_glutamate-1-semialdehyde_2-1-aminomutase	5yb0-assembly5.cif.gz_J Crystal Structure of Wild Type Phosphoserine aminotransferase (PSAT) from E. histolytica	0.095	261	212	106	366	10	244	3.622E-04	114
LOKIASV2_3536_ESMFold_glutamate-1-semialdehyde_2-1-aminomutase	5f8v-assembly3.cif.gz_F	LOKIASV2_3536_ESMFold_glutamate-1-semialdehyde_2-1-aminomutase	5f8v-assembly3.cif.gz_F Crystal structure of PLP bound phosphoserine aminotransferase (PSAT) from Trichomonas vaginalis	0.118	380	299	92	471	3	342	3.818E-04	113
LOKIASV2_3536_ESMFold_glutamate-1-semialdehyde_2-1-aminomutase	5yb0-assembly5.cif.gz_I	LOKIASV2_3536_ESMFold_glutamate-1-semialdehyde_2-1-aminomutase	5yb0-assembly5.cif.gz_I Crystal Structure of Wild Type Phosphoserine aminotransferase (PSAT) from E. histolytica	0.094	373	289	106	478	13	332	4.026E-04	112
LOKIASV2_3536_ESMFold_glutamate-1-semialdehyde_2-1-aminomutase	7t7j-assembly1.cif.gz_A	LOKIASV2_3536_ESMFold_glutamate-1-semialdehyde_2-1-aminomutase	7t7j-assembly1.cif.gz_A Crystal Structure of Phosphoserine aminotransferase from Klebsiella pneumoniae subsp. pneumoniae in complex with Pyridoxal phosphate	0.121	362	298	110	471	14	353	3.090E-04	111
LOKIASV2_3536_ESMFold_glutamate-1-semialdehyde_2-1-aminomutase	5yb0-assembly4.cif.gz_F	LOKIASV2_3536_ESMFold_glutamate-1-semialdehyde_2-1-aminomutase	5yb0-assembly4.cif.gz_F Crystal Structure of Wild Type Phosphoserine aminotransferase (PSAT) from E. histolytica	0.097	280	232	106	385	13	270	3.258E-04	109
LOKIASV2_3536_ESMFold_glutamate-1-semialdehyde_2-1-aminomutase	6r8f-assembly1.cif.gz_L	LOKIASV2_3536_ESMFold_glutamate-1-semialdehyde_2-1-aminomutase	6r8f-assembly1.cif.gz_L Cryo-EM structure of the Human BRISC-SHMT2 complex	0.118	365	284	107	471	42	364	3.346E-05	109
LOKIASV2_3536_ESMFold_glutamate-1-semialdehyde_2-1-aminomutase	3dc1-assembly1.cif.gz_A	LOKIASV2_3536_ESMFold_glutamate-1-semialdehyde_2-1-aminomutase	3dc1-assembly1.cif.gz_A Crystal structure of kynurenine aminotransferase II complex with alpha-ketoglutarate	0.089	413	345	66	478	33	412	1.290E-05	109
LOKIASV2_3536_ESMFold_glutamate-1-semialdehyde_2-1-aminomutase	6d0a-assembly1.cif.gz_A	LOKIASV2_3536_ESMFold_glutamate-1-semialdehyde_2-1-aminomutase	6d0a-assembly1.cif.gz_A Crystal structure of Kynurenine Aminotransferase-II in apo-form, at 1.47 A resolution	0.102	413	340	66	478	49	428	1.512E-05	109
LOKIASV2_3536_ESMFold_glutamate-1-semialdehyde_2-1-aminomutase	6t8p-assembly1.cif.gz_A	LOKIASV2_3536_ESMFold_glutamate-1-semialdehyde_2-1-aminomutase	6t8p-assembly1.cif.gz_A HKATII IN COMPLEX WITH LIGAND (2R)-N-benzyl-1-[6-methyl-5-(oxan-4-yl)-7-oxo-6H,7H-[1,3]thiazolo[5,4-d]pyrimidin-2-yl]pyrrolidine-2-carboxamide	0.090	413	336	66	478	37	406	4.359E-05	103
LOKIASV2_3536_ESMFold_glutamate-1-semialdehyde_2-1-aminomutase	3ue8-assembly3.cif.gz_A	LOKIASV2_3536_ESMFold_glutamate-1-semialdehyde_2-1-aminomutase	3ue8-assembly3.cif.gz_A Kynurenine Aminotransferase II Inhibitors	0.094	413	343	66	478	26	405	2.435E-05	101
LOKIASV2_3536_ESMFold_glutamate-1-semialdehyde_2-1-aminomutase	1bjo-assembly1.cif.gz_A	LOKIASV2_3536_ESMFold_glutamate-1-semialdehyde_2-1-aminomutase	1bjo-assembly1.cif.gz_A THE STRUCTURE OF PHOSPHOSERINE AMINOTRANSFERASE FROM E. COLI IN COMPLEX WITH ALPHA-METHYL-L-GLUTAMATE	0.114	383	314	89	471	2	356	8.906E-04	100
LOKIASV2_3536_ESMFold_glutamate-1-semialdehyde_2-1-aminomutase	6s8w-assembly2.cif.gz_D	LOKIASV2_3536_ESMFold_glutamate-1-semialdehyde_2-1-aminomutase	6s8w-assembly2.cif.gz_D Aromatic aminotransferase AroH (Aro8) form Aspergillus fumigatus in complex with PLP (internal aldimine)	0.087	378	331	114	477	107	484	9.146E-05	100
LOKIASV2_3536_ESMFold_glutamate-1-semialdehyde_2-1-aminomutase	6s8w-assembly1.cif.gz_B	LOKIASV2_3536_ESMFold_glutamate-1-semialdehyde_2-1-aminomutase	6s8w-assembly1.cif.gz_B Aromatic aminotransferase AroH (Aro8) form Aspergillus fumigatus in complex with PLP (internal aldimine)	0.101	381	326	114	477	105	485	1.017E-04	98
LOKIASV2_3536_ESMFold_glutamate-1-semialdehyde_2-1-aminomutase	6hnb-assembly1.cif.gz_A	LOKIASV2_3536_ESMFold_glutamate-1-semialdehyde_2-1-aminomutase	6hnb-assembly1.cif.gz_A Crystal structure of aminotransferase Aro8 from Candida albicans	0.113	475	406	20	478	1	475	2.435E-05	97
LOKIASV2_3536_ESMFold_glutamate-1-semialdehyde_2-1-aminomutase	6s8w-assembly1.cif.gz_A	LOKIASV2_3536_ESMFold_glutamate-1-semialdehyde_2-1-aminomutase	6s8w-assembly1.cif.gz_A Aromatic aminotransferase AroH (Aro8) form Aspergillus fumigatus in complex with PLP (internal aldimine)	0.095	347	310	132	478	142	485	3.435E-04	92
LOKIASV2_3536_ESMFold_glutamate-1-semialdehyde_2-1-aminomutase	3qbo-assembly1.cif.gz_A	LOKIASV2_3536_ESMFold_glutamate-1-semialdehyde_2-1-aminomutase	3qbo-assembly1.cif.gz_A Crystal structure of phosphoserine aminotransferase from Yersinia pestis CO92	0.100	372	305	107	478	16	355	4.595E-03	90
LOKIASV2_3536_ESMFold_glutamate-1-semialdehyde_2-1-aminomutase	7ns7-assembly1.cif.gz_A	LOKIASV2_3536_ESMFold_glutamate-1-semialdehyde_2-1-aminomutase	7ns7-assembly1.cif.gz_A Human L-alanine:glyoxylate aminotransferase minor allele variant: AGXT-Mi (P11L-I340M)	0.130	382	275	97	478	19	335	6.313E-03	86
LOKIASV2_3536_ESMFold_glutamate-1-semialdehyde_2-1-aminomutase	6s8w-assembly2.cif.gz_C	LOKIASV2_3536_ESMFold_glutamate-1-semialdehyde_2-1-aminomutase	6s8w-assembly2.cif.gz_C Aromatic aminotransferase AroH (Aro8) form Aspergillus fumigatus in complex with PLP (internal aldimine)	0.092	347	300	132	478	138	468	5.832E-04	85
LOKIASV2_3536_ESMFold_glutamate-1-semialdehyde_2-1-aminomutase	5yb0-assembly6.cif.gz_L	LOKIASV2_3536_ESMFold_glutamate-1-semialdehyde_2-1-aminomutase	5yb0-assembly6.cif.gz_L Crystal Structure of Wild Type Phosphoserine aminotransferase (PSAT) from E. histolytica	0.109	235	177	129	363	16	215	1.637E-02	79
LOKIASV2_3536_ESMFold_glutamate-1-semialdehyde_2-1-aminomutase	6ebn-assembly1.cif.gz_B	LOKIASV2_3536_ESMFold_glutamate-1-semialdehyde_2-1-aminomutase	6ebn-assembly1.cif.gz_B Crystal structure of Psilocybe cubensis noncanonical aromatic amino acid decarboxylase	0.106	460	399	7	466	131	577	4.476E-04	75
LOKIASV2_3536_ESMFold_glutamate-1-semialdehyde_2-1-aminomutase	7dy2-assembly2.cif.gz_K	LOKIASV2_3536_ESMFold_glutamate-1-semialdehyde_2-1-aminomutase	7dy2-assembly2.cif.gz_K Crystal Structure of Cyanobacterial Circadian Clock Protein KaiC	0.088	149	131	153	301	37	181	6.481E-02	61
LOKIASV2_3536_ESMFold_glutamate-1-semialdehyde_2-1-aminomutase	1c4k-assembly1.cif.gz_A	LOKIASV2_3536_ESMFold_glutamate-1-semialdehyde_2-1-aminomutase	1c4k-assembly1.cif.gz_A ORNITHINE DECARBOXYLASE MUTANT (GLY121TYR)	0.105	268	238	129	396	176	442	1.512E-01	55
LOKIASV2_3536_ESMFold_glutamate-1-semialdehyde_2-1-aminomutase	8dba-assembly1.cif.gz_L	LOKIASV2_3536_ESMFold_glutamate-1-semialdehyde_2-1-aminomutase	8dba-assembly1.cif.gz_L Crystal structure of dodecameric KaiC	0.143	149	121	153	301	34	175	1.512E-01	54
LOKIASV2_3536_ESMFold_glutamate-1-semialdehyde_2-1-aminomutase	8bal-assembly4.cif.gz_E	LOKIASV2_3536_ESMFold_glutamate-1-semialdehyde_2-1-aminomutase	8bal-assembly4.cif.gz_E Niako3494, a bacterial protein structure in glycoside hydrolase family 20	0.148	74	55	217	282	19	92	3.717E-01	53
LOKIASV2_3536_ESMFold_glutamate-1-semialdehyde_2-1-aminomutase	4esv-assembly2.cif.gz_J	LOKIASV2_3536_ESMFold_glutamate-1-semialdehyde_2-1-aminomutase	4esv-assembly2.cif.gz_J A New Twist on the Translocation Mechanism of Helicases from the Structure of DnaB with its Substrates	0.112	228	171	108	301	143	370	4.025E-02	52
LOKIASV2_3536_ESMFold_glutamate-1-semialdehyde_2-1-aminomutase	1rea-assembly1.cif.gz_A	LOKIASV2_3536_ESMFold_glutamate-1-semialdehyde_2-1-aminomutase	1rea-assembly1.cif.gz_A STRUCTURE OF THE RECA PROTEIN-ADP COMPLEX	0.090	195	176	107	301	7	200	8.009E-02	49
LOKIASV2_3536_ESMFold_glutamate-1-semialdehyde_2-1-aminomutase	6a35-assembly2.cif.gz_D	LOKIASV2_3536_ESMFold_glutamate-1-semialdehyde_2-1-aminomutase	6a35-assembly2.cif.gz_D Crystal structure of 5-methylthioribose 1-phosphate isomerase from Pyrococcus horikoshii OT3 - Form II	0.116	134	106	155	275	145	278	1.290E-01	43
LOKIASV2_3536_ESMFold_glutamate-1-semialdehyde_2-1-aminomutase	6khy-assembly1.cif.gz_C	LOKIASV2_3536_ESMFold_glutamate-1-semialdehyde_2-1-aminomutase	6khy-assembly1.cif.gz_C The crystal structure of AsfvAP:AG	0.093	118	86	169	286	1	96	3.008E-01	42
LOKIASV2_3536_ESMFold_glutamate-1-semialdehyde_2-1-aminomutase	8dba-assembly1.cif.gz_F	LOKIASV2_3536_ESMFold_glutamate-1-semialdehyde_2-1-aminomutase	8dba-assembly1.cif.gz_F Crystal structure of dodecameric KaiC	0.133	149	117	153	301	256	391	4.357E-01	40
LOKIASV2_3536_ESMFold_glutamate-1-semialdehyde_2-1-aminomutase	1xp8-assembly1.cif.gz_A	LOKIASV2_3536_ESMFold_glutamate-1-semialdehyde_2-1-aminomutase	1xp8-assembly1.cif.gz_A Deinococcus radiodurans RecA in complex with ATP-gamma-S	0.148	282	221	107	366	7	288	3.089E-02	39
LOKIASV2_3536_ESMFold_glutamate-1-semialdehyde_2-1-aminomutase	5qul-assembly2.cif.gz_B	LOKIASV2_3536_ESMFold_glutamate-1-semialdehyde_2-1-aminomutase	5qul-assembly2.cif.gz_B Structure of unliganded HumRadA1.3	0.102	154	131	155	301	35	188	8.223E-01	38
LOKIASV2_3536_ESMFold_glutamate-1-semialdehyde_2-1-aminomutase	1g4t-assembly1.cif.gz_A	LOKIASV2_3536_ESMFold_glutamate-1-semialdehyde_2-1-aminomutase	1g4t-assembly1.cif.gz_A THIAMIN PHOSPHATE SYNTHASE	0.116	146	77	156	301	10	97	1.016E+00	38
LOKIASV2_3536_ESMFold_glutamate-1-semialdehyde_2-1-aminomutase	3bxw-assembly1.cif.gz_A	LOKIASV2_3536_ESMFold_glutamate-1-semialdehyde_2-1-aminomutase	3bxw-assembly1.cif.gz_A Crystal Structure of Stabilin-1 Interacting Chitinase-Like Protein, SI-CLP	0.106	131	89	202	301	95	225	5.677E-01	38
LOKIASV2_3536_ESMFold_glutamate-1-semialdehyde_2-1-aminomutase	1xmv-assembly1.cif.gz_A	LOKIASV2_3536_ESMFold_glutamate-1-semialdehyde_2-1-aminomutase	1xmv-assembly1.cif.gz_A E. coli RecA in complex with MgADP	0.145	281	221	107	366	7	287	5.530E-02	37
LOKIASV2_3536_ESMFold_glutamate-1-semialdehyde_2-1-aminomutase	4c1k-assembly1.cif.gz_E	LOKIASV2_3536_ESMFold_glutamate-1-semialdehyde_2-1-aminomutase	4c1k-assembly1.cif.gz_E Crystal structure of pyrococcus furiosus 3-deoxy-D-arabino- heptulosonate 7-phosphate synthase	0.071	109	68	167	275	20	93	2.248E+00	36
LOKIASV2_3536_ESMFold_glutamate-1-semialdehyde_2-1-aminomutase	5lb3-assembly2.cif.gz_E	LOKIASV2_3536_ESMFold_glutamate-1-semialdehyde_2-1-aminomutase	5lb3-assembly2.cif.gz_E Crystal structure of human RECQL5 helicase in complex with ADP/Mg.	0.083	198	171	107	294	3	200	9.142E-01	36
LOKIASV2_3536_ESMFold_glutamate-1-semialdehyde_2-1-aminomutase	1jqx-assembly1.cif.gz_B	LOKIASV2_3536_ESMFold_glutamate-1-semialdehyde_2-1-aminomutase	1jqx-assembly1.cif.gz_B The R57A mutant of Lactococcus lactis dihydroorotate dehydrogenase A	0.078	74	65	212	283	98	171	2.370E+00	35
LOKIASV2_3536_ESMFold_glutamate-1-semialdehyde_2-1-aminomutase	5qul-assembly1.cif.gz_A	LOKIASV2_3536_ESMFold_glutamate-1-semialdehyde_2-1-aminomutase	5qul-assembly1.cif.gz_A Structure of unliganded HumRadA1.3	0.086	157	133	155	301	35	191	8.670E-01	34
LOKIASV2_3536_ESMFold_glutamate-1-semialdehyde_2-1-aminomutase	3ajx-assembly1.cif.gz_B	LOKIASV2_3536_ESMFold_glutamate-1-semialdehyde_2-1-aminomutase	3ajx-assembly1.cif.gz_B Crystal Structure of 3-Hexulose-6-Phosphate Synthase	0.121	143	105	157	299	12	131	1.636E+00	33
LOKIASV2_3536_ESMFold_glutamate-1-semialdehyde_2-1-aminomutase	3o16-assembly1.cif.gz_A	LOKIASV2_3536_ESMFold_glutamate-1-semialdehyde_2-1-aminomutase	3o16-assembly1.cif.gz_A Crystal Structure of Bacillus subtilis Thiamin Phosphate Synthase K159A	0.123	138	76	164	301	5	92	2.929E+00	33
LOKIASV2_3536_ESMFold_glutamate-1-semialdehyde_2-1-aminomutase	1g4e-assembly1.cif.gz_A	LOKIASV2_3536_ESMFold_glutamate-1-semialdehyde_2-1-aminomutase	1g4e-assembly1.cif.gz_A THIAMIN PHOSPHATE SYNTHASE	0.123	146	76	156	301	10	97	2.370E+00	33
LOKIASV2_3536_ESMFold_glutamate-1-semialdehyde_2-1-aminomutase	1vs1-assembly1.cif.gz_B	LOKIASV2_3536_ESMFold_glutamate-1-semialdehyde_2-1-aminomutase	1vs1-assembly1.cif.gz_B Crystal structure of 3-deoxy-D-arabino-heptulosonate-7-phosphate synthase (DAHP synthase) from Aeropyrum pernix in complex with Mn2+ and PEP	0.093	139	93	169	307	28	131	1.472E+00	33
LOKIASV2_3536_ESMFold_glutamate-1-semialdehyde_2-1-aminomutase	6yhr-assembly1.cif.gz_A	LOKIASV2_3536_ESMFold_glutamate-1-semialdehyde_2-1-aminomutase	6yhr-assembly1.cif.gz_A Crystal structure of Werner syndrome helicase	0.083	172	138	124	274	3	174	5.107E-01	33
LOKIASV2_3536_ESMFold_glutamate-1-semialdehyde_2-1-aminomutase	6tv1-assembly1.cif.gz_A	LOKIASV2_3536_ESMFold_glutamate-1-semialdehyde_2-1-aminomutase	6tv1-assembly1.cif.gz_A ATPase domain D3 of the EssC coupling protein from S. aureus USA300	0.130	149	118	154	302	57	193	1.725E+00	32
LOKIASV2_3536_ESMFold_glutamate-1-semialdehyde_2-1-aminomutase	5cm5-assembly1.cif.gz_A	LOKIASV2_3536_ESMFold_glutamate-1-semialdehyde_2-1-aminomutase	5cm5-assembly1.cif.gz_A Structure of Hydroxyethylthiazole Kinase ThiM from Staphylococcus aureus	0.078	316	223	162	477	3	245	5.677E-01	32
LOKIASV2_3536_ESMFold_glutamate-1-semialdehyde_2-1-aminomutase	3cz8-assembly1.cif.gz_A	LOKIASV2_3536_ESMFold_glutamate-1-semialdehyde_2-1-aminomutase	3cz8-assembly1.cif.gz_A Crystal structure of putative sporulation-specific glycosylase ydhD from Bacillus subtilis	0.106	168	143	139	299	2	169	8.223E-01	32
LOKIASV2_3536_ESMFold_glutamate-1-semialdehyde_2-1-aminomutase	5lba-assembly3.cif.gz_C	LOKIASV2_3536_ESMFold_glutamate-1-semialdehyde_2-1-aminomutase	5lba-assembly3.cif.gz_C Crystal structure of human RECQL5 helicase in complex with DSPL fragment(1-cyclohexyl-3-(oxolan-2-ylmethyl)urea, SGC - Diamond XChem I04-1 fragment screening.	0.077	196	171	109	294	4	199	1.472E+00	32
LOKIASV2_3536_ESMFold_glutamate-1-semialdehyde_2-1-aminomutase	5yh1-assembly1.cif.gz_A	LOKIASV2_3536_ESMFold_glutamate-1-semialdehyde_2-1-aminomutase	5yh1-assembly1.cif.gz_A Member of s1p family of ribosomal proteins PF0399 DHH domain	0.112	370	258	109	478	10	301	3.172E-01	32
LOKIASV2_3536_ESMFold_glutamate-1-semialdehyde_2-1-aminomutase	8gja-assembly3.cif.gz_F	LOKIASV2_3536_ESMFold_glutamate-1-semialdehyde_2-1-aminomutase	8gja-assembly3.cif.gz_F RAD51C-XRCC3 structure	0.081	206	130	159	301	80	285	6.311E-01	31
LOKIASV2_3536_ESMFold_glutamate-1-semialdehyde_2-1-aminomutase	3bxw-assembly1.cif.gz_B	LOKIASV2_3536_ESMFold_glutamate-1-semialdehyde_2-1-aminomutase	3bxw-assembly1.cif.gz_B Crystal Structure of Stabilin-1 Interacting Chitinase-Like Protein, SI-CLP	0.116	112	77	214	301	114	225	2.499E+00	31
LOKIASV2_3536_ESMFold_glutamate-1-semialdehyde_2-1-aminomutase	6vwp-assembly1.cif.gz_B	LOKIASV2_3536_ESMFold_glutamate-1-semialdehyde_2-1-aminomutase	6vwp-assembly1.cif.gz_B Crystal structure of E. coli guanosine kinase in complex with ppGpp	0.116	190	126	159	301	95	284	2.434E-01	31
LOKIASV2_3536_ESMFold_glutamate-1-semialdehyde_2-1-aminomutase	6vwp-assembly2.cif.gz_C	LOKIASV2_3536_ESMFold_glutamate-1-semialdehyde_2-1-aminomutase	6vwp-assembly2.cif.gz_C Crystal structure of E. coli guanosine kinase in complex with ppGpp	0.131	190	123	159	301	89	278	3.172E-01	31
LOKIASV2_3536_ESMFold_glutamate-1-semialdehyde_2-1-aminomutase	1g67-assembly1.cif.gz_A	LOKIASV2_3536_ESMFold_glutamate-1-semialdehyde_2-1-aminomutase	1g67-assembly1.cif.gz_A THIAMIN PHOSPHATE SYNTHASE	0.123	146	76	156	301	9	96	3.256E+00	30
LOKIASV2_3536_ESMFold_glutamate-1-semialdehyde_2-1-aminomutase	1jrc-assembly1.cif.gz_B	LOKIASV2_3536_ESMFold_glutamate-1-semialdehyde_2-1-aminomutase	1jrc-assembly1.cif.gz_B The N67A mutant of Lactococcus lactis dihydroorotate dehydrogenase A	0.074	92	82	212	301	98	189	4.243E+00	30
LOKIASV2_3536_ESMFold_glutamate-1-semialdehyde_2-1-aminomutase	1jub-assembly1.cif.gz_A	LOKIASV2_3536_ESMFold_glutamate-1-semialdehyde_2-1-aminomutase	1jub-assembly1.cif.gz_A The K136E mutant of lactococcus lactis dihydroorotate dehydrogenase A	0.070	83	74	212	292	98	180	4.243E+00	30
LOKIASV2_3536_ESMFold_glutamate-1-semialdehyde_2-1-aminomutase	1g4e-assembly2.cif.gz_B	LOKIASV2_3536_ESMFold_glutamate-1-semialdehyde_2-1-aminomutase	1g4e-assembly2.cif.gz_B THIAMIN PHOSPHATE SYNTHASE	0.130	146	76	156	301	11	98	4.024E+00	29
LOKIASV2_3536_ESMFold_glutamate-1-semialdehyde_2-1-aminomutase	2bx7-assembly1.cif.gz_A	LOKIASV2_3536_ESMFold_glutamate-1-semialdehyde_2-1-aminomutase	2bx7-assembly1.cif.gz_A Crystal structure of L. lactis dihydroorotate dehydrogense A in complex with 3,5-dihydroxybenzoate	0.070	83	74	212	292	98	180	4.717E+00	29
LOKIASV2_3536_ESMFold_glutamate-1-semialdehyde_2-1-aminomutase	1jqv-assembly1.cif.gz_B	LOKIASV2_3536_ESMFold_glutamate-1-semialdehyde_2-1-aminomutase	1jqv-assembly1.cif.gz_B The K213E mutant of Lactococcus lactis Dihydroorotate dehydrogenase A	0.069	83	74	212	292	98	180	3.620E+00	29
LOKIASV2_3536_ESMFold_glutamate-1-semialdehyde_2-1-aminomutase	8gja-assembly1.cif.gz_B	LOKIASV2_3536_ESMFold_glutamate-1-semialdehyde_2-1-aminomutase	8gja-assembly1.cif.gz_B RAD51C-XRCC3 structure	0.078	170	136	154	301	108	277	1.918E+00	29
LOKIASV2_3536_ESMFold_glutamate-1-semialdehyde_2-1-aminomutase	8gja-assembly2.cif.gz_D	LOKIASV2_3536_ESMFold_glutamate-1-semialdehyde_2-1-aminomutase	8gja-assembly2.cif.gz_D RAD51C-XRCC3 structure	0.075	215	174	113	301	64	278	1.130E+00	29
LOKIASV2_3536_ESMFold_glutamate-1-semialdehyde_2-1-aminomutase	4lfy-assembly3.cif.gz_B	LOKIASV2_3536_ESMFold_glutamate-1-semialdehyde_2-1-aminomutase	4lfy-assembly3.cif.gz_B Crystal structure of a dihydroorotase from Burkholderia cenocepacia J2315	0.169	63	52	212	274	80	142	5.829E+00	29
LOKIASV2_3536_ESMFold_glutamate-1-semialdehyde_2-1-aminomutase	2q6t-assembly4.cif.gz_D	LOKIASV2_3536_ESMFold_glutamate-1-semialdehyde_2-1-aminomutase	2q6t-assembly4.cif.gz_D Crystal structure of the Thermus aquaticus DnaB monomer	0.083	248	180	105	301	109	356	1.819E+00	29
LOKIASV2_3536_ESMFold_glutamate-1-semialdehyde_2-1-aminomutase	4pzv-assembly1.cif.gz_A	LOKIASV2_3536_ESMFold_glutamate-1-semialdehyde_2-1-aminomutase	4pzv-assembly1.cif.gz_A Crystal structure of Francisella tularensis HPPK-DHPS in complex with bisubstrate analog HPPK inhibitor J1D	0.122	121	86	157	277	274	372	1.071E+00	29
LOKIASV2_3536_ESMFold_glutamate-1-semialdehyde_2-1-aminomutase	4hs5-assembly2.cif.gz_B	LOKIASV2_3536_ESMFold_glutamate-1-semialdehyde_2-1-aminomutase	4hs5-assembly2.cif.gz_B Frataxin from Psychromonas ingrahamii as a model to study stability modulation within CyaY protein family	0.166	36	29	372	407	6	41	7.595E+00	28
LOKIASV2_3536_ESMFold_glutamate-1-semialdehyde_2-1-aminomutase	7v8t-assembly1.cif.gz_F	LOKIASV2_3536_ESMFold_glutamate-1-semialdehyde_2-1-aminomutase	7v8t-assembly1.cif.gz_F Crystal structure of class II pyruvate aldolase from Pseudomonas aeruginosa.	0.118	89	69	210	288	142	230	2.370E+00	28
LOKIASV2_3536_ESMFold_glutamate-1-semialdehyde_2-1-aminomutase	7cj9-assembly4.cif.gz_H	LOKIASV2_3536_ESMFold_glutamate-1-semialdehyde_2-1-aminomutase	7cj9-assembly4.cif.gz_H Crystal structure of N-terminal His-tagged D-allulose 3-epimerase from Methylomonas sp. with additional C-terminal residues	0.141	82	62	200	281	120	192	3.088E+00	28
LOKIASV2_3536_ESMFold_glutamate-1-semialdehyde_2-1-aminomutase	6rme-assembly1.cif.gz_C	LOKIASV2_3536_ESMFold_glutamate-1-semialdehyde_2-1-aminomutase	6rme-assembly1.cif.gz_C Structure of IMP bound Plasmodium falciparum IMP-nucleotidase mutant D172N	0.112	458	294	11	468	5	336	1.680E-01	28
LOKIASV2_3536_ESMFold_glutamate-1-semialdehyde_2-1-aminomutase	6vwp-assembly2.cif.gz_F	LOKIASV2_3536_ESMFold_glutamate-1-semialdehyde_2-1-aminomutase	6vwp-assembly2.cif.gz_F Crystal structure of E. coli guanosine kinase in complex with ppGpp	0.130	190	124	159	301	80	269	5.107E-01	28
LOKIASV2_3536_ESMFold_glutamate-1-semialdehyde_2-1-aminomutase	6vwp-assembly2.cif.gz_D	LOKIASV2_3536_ESMFold_glutamate-1-semialdehyde_2-1-aminomutase	6vwp-assembly2.cif.gz_D Crystal structure of E. coli guanosine kinase in complex with ppGpp	0.114	190	126	159	301	95	284	5.385E-01	28
LOKIASV2_3536_ESMFold_glutamate-1-semialdehyde_2-1-aminomutase	8hfd-assembly1.cif.gz_B	LOKIASV2_3536_ESMFold_glutamate-1-semialdehyde_2-1-aminomutase	8hfd-assembly1.cif.gz_B Crystal structure of allantoinase from E. coli BL21	0.070	105	86	173	277	145	237	2.778E+00	28
LOKIASV2_3536_ESMFold_glutamate-1-semialdehyde_2-1-aminomutase	1g4p-assembly1.cif.gz_A	LOKIASV2_3536_ESMFold_glutamate-1-semialdehyde_2-1-aminomutase	1g4p-assembly1.cif.gz_A THIAMIN PHOSPHATE SYNTHASE	0.123	138	76	164	301	10	97	6.480E+00	27
LOKIASV2_3536_ESMFold_glutamate-1-semialdehyde_2-1-aminomutase	6yk1-assembly2.cif.gz_D	LOKIASV2_3536_ESMFold_glutamate-1-semialdehyde_2-1-aminomutase	6yk1-assembly2.cif.gz_D Crystal structure of mouse pyridoxal kinase in complex with ATP-gamma-S and artesunate	0.101	102	80	212	301	77	178	3.433E+00	27
LOKIASV2_3536_ESMFold_glutamate-1-semialdehyde_2-1-aminomutase	2nwh-assembly1.cif.gz_A	LOKIASV2_3536_ESMFold_glutamate-1-semialdehyde_2-1-aminomutase	2nwh-assembly1.cif.gz_A Carbohydrate kinase from Agrobacterium tumefaciens	0.093	177	130	159	302	39	215	6.311E-01	27
LOKIASV2_3536_ESMFold_glutamate-1-semialdehyde_2-1-aminomutase	6rmo-assembly4.cif.gz_O	LOKIASV2_3536_ESMFold_glutamate-1-semialdehyde_2-1-aminomutase	6rmo-assembly4.cif.gz_O Structure of Plasmodium falciparum IMP-nucleotidase	0.094	314	205	155	468	135	361	3.526E-01	27
LOKIASV2_3536_ESMFold_glutamate-1-semialdehyde_2-1-aminomutase	4f2d-assembly1.cif.gz_A	LOKIASV2_3536_ESMFold_glutamate-1-semialdehyde_2-1-aminomutase	4f2d-assembly1.cif.gz_A Crystal Structure of Escherichia coli L-arabinose Isomerase (ECAI) complexed with Ribitol	0.094	111	92	166	276	3	104	4.717E+00	27
LOKIASV2_3536_ESMFold_glutamate-1-semialdehyde_2-1-aminomutase	4v03-assembly1.cif.gz_A	LOKIASV2_3536_ESMFold_glutamate-1-semialdehyde_2-1-aminomutase	4v03-assembly1.cif.gz_A MinD cell division protein, Aquifex aeolicus	0.126	185	129	151	299	7	191	7.016E-01	26
LOKIASV2_3536_ESMFold_glutamate-1-semialdehyde_2-1-aminomutase	4o1e-assembly1.cif.gz_B	LOKIASV2_3536_ESMFold_glutamate-1-semialdehyde_2-1-aminomutase	4o1e-assembly1.cif.gz_B Structure of a methyltransferase component in complex with MTHF involved in O-demethylation	0.116	100	76	217	303	131	230	1.918E+00	26
LOKIASV2_3536_ESMFold_glutamate-1-semialdehyde_2-1-aminomutase	5jh8-assembly1.cif.gz_A	LOKIASV2_3536_ESMFold_glutamate-1-semialdehyde_2-1-aminomutase	5jh8-assembly1.cif.gz_A Crystal structure of chitinase from Chromobacterium violaceum ATCC 12472	0.109	152	127	148	299	31	173	2.929E+00	26
LOKIASV2_3536_ESMFold_glutamate-1-semialdehyde_2-1-aminomutase	1vr6-assembly1.cif.gz_D	LOKIASV2_3536_ESMFold_glutamate-1-semialdehyde_2-1-aminomutase	1vr6-assembly1.cif.gz_D Crystal structure of Phospho-2-dehydro-3-deoxyheptonate aldolase (DAHP synthase) (TM0343) from Thermotoga Maritima at 1.92 A resolution	0.121	105	60	171	275	98	166	8.443E+00	26
LOKIASV2_3536_ESMFold_glutamate-1-semialdehyde_2-1-aminomutase	6rmo-assembly2.cif.gz_F	LOKIASV2_3536_ESMFold_glutamate-1-semialdehyde_2-1-aminomutase	6rmo-assembly2.cif.gz_F Structure of Plasmodium falciparum IMP-nucleotidase	0.088	465	273	4	468	8	307	3.717E-01	26
LOKIASV2_3536_ESMFold_glutamate-1-semialdehyde_2-1-aminomutase	6vwo-assembly1.cif.gz_A-2	LOKIASV2_3536_ESMFold_glutamate-1-semialdehyde_2-1-aminomutase	6vwo-assembly1.cif.gz_A-2 Crystal structure of E. coli guanosine kinase	0.124	190	124	159	301	62	251	6.654E-01	26
LOKIASV2_3536_ESMFold_glutamate-1-semialdehyde_2-1-aminomutase	3uva-assembly1.cif.gz_A	LOKIASV2_3536_ESMFold_glutamate-1-semialdehyde_2-1-aminomutase	3uva-assembly1.cif.gz_A Crystal structure of L-rhamnose isomerase mutant W38F from Bacillus halodurans in complex with Mn	0.140	150	99	126	275	1	116	2.248E+00	26
LOKIASV2_3536_ESMFold_glutamate-1-semialdehyde_2-1-aminomutase	1g4p-assembly2.cif.gz_B	LOKIASV2_3536_ESMFold_glutamate-1-semialdehyde_2-1-aminomutase	1g4p-assembly2.cif.gz_B THIAMIN PHOSPHATE SYNTHASE	0.132	121	64	156	276	10	84	6.832E+00	25
LOKIASV2_3536_ESMFold_glutamate-1-semialdehyde_2-1-aminomutase	3vx3-assembly1.cif.gz_B	LOKIASV2_3536_ESMFold_glutamate-1-semialdehyde_2-1-aminomutase	3vx3-assembly1.cif.gz_B Crystal structure of [NiFe] hydrogenase maturation protein HypB from Thermococcus kodakarensis KOD1	0.086	204	161	126	302	1	204	3.919E-01	25
LOKIASV2_3536_ESMFold_glutamate-1-semialdehyde_2-1-aminomutase	4b5w-assembly1.cif.gz_C	LOKIASV2_3536_ESMFold_glutamate-1-semialdehyde_2-1-aminomutase	4b5w-assembly1.cif.gz_C Crystal structures of divalent metal dependent pyruvate aldolase R70A mutant, HpaI, in complex with pyruvate	0.109	103	88	203	302	130	232	4.243E+00	25
LOKIASV2_3536_ESMFold_glutamate-1-semialdehyde_2-1-aminomutase	1dxe-assembly1.cif.gz_A	LOKIASV2_3536_ESMFold_glutamate-1-semialdehyde_2-1-aminomutase	1dxe-assembly1.cif.gz_A 2-dehydro-3-deoxy-galactarate aldolase from Escherichia coli	0.107	133	100	163	275	81	213	2.635E+00	25
LOKIASV2_3536_ESMFold_glutamate-1-semialdehyde_2-1-aminomutase	6rmo-assembly1.cif.gz_D	LOKIASV2_3536_ESMFold_glutamate-1-semialdehyde_2-1-aminomutase	6rmo-assembly1.cif.gz_D Structure of Plasmodium falciparum IMP-nucleotidase	0.091	314	200	155	468	90	310	4.594E-01	25
LOKIASV2_3536_ESMFold_glutamate-1-semialdehyde_2-1-aminomutase	6vwp-assembly1.cif.gz_H	LOKIASV2_3536_ESMFold_glutamate-1-semialdehyde_2-1-aminomutase	6vwp-assembly1.cif.gz_H Crystal structure of E. coli guanosine kinase in complex with ppGpp	0.121	184	125	159	301	76	259	1.256E+00	25
LOKIASV2_3536_ESMFold_glutamate-1-semialdehyde_2-1-aminomutase	6vwp-assembly2.cif.gz_E	LOKIASV2_3536_ESMFold_glutamate-1-semialdehyde_2-1-aminomutase	6vwp-assembly2.cif.gz_E Crystal structure of E. coli guanosine kinase in complex with ppGpp	0.133	190	123	159	301	89	278	1.071E+00	25
LOKIASV2_3536_ESMFold_glutamate-1-semialdehyde_2-1-aminomutase	6rmo-assembly2.cif.gz_E	LOKIASV2_3536_ESMFold_glutamate-1-semialdehyde_2-1-aminomutase	6rmo-assembly2.cif.gz_E Structure of Plasmodium falciparum IMP-nucleotidase	0.088	468	295	1	468	22	346	4.844E-01	24
LOKIASV2_3536_ESMFold_glutamate-1-semialdehyde_2-1-aminomutase	8qa6-assembly1.cif.gz_A	LOKIASV2_3536_ESMFold_glutamate-1-semialdehyde_2-1-aminomutase	8qa6-assembly1.cif.gz_A MTHFR + SAM inhibited state	0.091	118	75	158	275	2	84	4.973E+00	24
LOKIASV2_3536_ESMFold_glutamate-1-semialdehyde_2-1-aminomutase	6rn1-assembly1.cif.gz_A-2	LOKIASV2_3536_ESMFold_glutamate-1-semialdehyde_2-1-aminomutase	6rn1-assembly1.cif.gz_A-2 Structure of N-terminal truncated Plasmodium falciparum IMP-nucleotidase	0.101	310	193	159	468	94	309	7.016E-01	23
LOKIASV2_3536_ESMFold_glutamate-1-semialdehyde_2-1-aminomutase	4xsp-assembly1.cif.gz_A	LOKIASV2_3536_ESMFold_glutamate-1-semialdehyde_2-1-aminomutase	4xsp-assembly1.cif.gz_A Crystal structure of Anabaena Alr3699/HepE in complex with UDP	0.094	134	116	171	299	2	135	6.480E+00	23
LOKIASV2_3536_ESMFold_glutamate-1-semialdehyde_2-1-aminomutase	5auq-assembly1.cif.gz_A	LOKIASV2_3536_ESMFold_glutamate-1-semialdehyde_2-1-aminomutase	5auq-assembly1.cif.gz_A Crystal structure of ATPase-type HypB in the nucleotide free state	0.100	201	158	126	302	1	201	8.670E-01	22
LOKIASV2_3536_ESMFold_glutamate-1-semialdehyde_2-1-aminomutase	4q6t-assembly1.cif.gz_A	LOKIASV2_3536_ESMFold_glutamate-1-semialdehyde_2-1-aminomutase	4q6t-assembly1.cif.gz_A The crystal structure of a class V chitininase from Pseudomonas fluorescens Pf-5	0.074	251	223	220	470	95	336	1.396E+00	22
LOKIASV2_3536_ESMFold_glutamate-1-semialdehyde_2-1-aminomutase	6rnh-assembly1.cif.gz_B	LOKIASV2_3536_ESMFold_glutamate-1-semialdehyde_2-1-aminomutase	6rnh-assembly1.cif.gz_B Structure of C-terminal truncated Plasmodium falciparum IMP-nucleotidase	0.078	465	291	4	468	9	325	1.016E+00	22
LOKIASV2_3536_ESMFold_glutamate-1-semialdehyde_2-1-aminomutase	2yll-assembly1.cif.gz_A	LOKIASV2_3536_ESMFold_glutamate-1-semialdehyde_2-1-aminomutase	2yll-assembly1.cif.gz_A Inhibition of the pneumococcal virulence factor StrH and molecular insights into N-glycan recognition and hydrolysis	0.104	141	118	157	297	3	135	4.973E+00	21
LOKIASV2_3536_ESMFold_glutamate-1-semialdehyde_2-1-aminomutase	4xsr-assembly1.cif.gz_B	LOKIASV2_3536_ESMFold_glutamate-1-semialdehyde_2-1-aminomutase	4xsr-assembly1.cif.gz_B Crystal structure of Anabaena Alr3699/HepE in complex with UDP-glucose	0.094	133	116	171	299	2	134	6.832E+00	20
LOKIASV2_3536_ESMFold_glutamate-1-semialdehyde_2-1-aminomutase	6rmw-assembly2.cif.gz_G	LOKIASV2_3536_ESMFold_glutamate-1-semialdehyde_2-1-aminomutase	6rmw-assembly2.cif.gz_G Structure of N-terminal truncated IMP bound Plasmodium falciparum IMP-nucleotidase	0.094	311	198	158	468	106	324	1.918E+00	20
LOKIASV2_3536_ESMFold_glutamate-1-semialdehyde_2-1-aminomutase	6rmw-assembly1.cif.gz_B	LOKIASV2_3536_ESMFold_glutamate-1-semialdehyde_2-1-aminomutase	6rmw-assembly1.cif.gz_B Structure of N-terminal truncated IMP bound Plasmodium falciparum IMP-nucleotidase	0.094	314	202	155	468	104	327	1.071E+00	20
LOKIASV2_3536_ESMFold_glutamate-1-semialdehyde_2-1-aminomutase	6rmo-assembly4.cif.gz_N	LOKIASV2_3536_ESMFold_glutamate-1-semialdehyde_2-1-aminomutase	6rmo-assembly4.cif.gz_N Structure of Plasmodium falciparum IMP-nucleotidase	0.102	314	205	155	468	91	319	1.918E+00	20
LOKIASV2_3536_ESMFold_glutamate-1-semialdehyde_2-1-aminomutase	6vw9-assembly1.cif.gz_A-2	LOKIASV2_3536_ESMFold_glutamate-1-semialdehyde_2-1-aminomutase	6vw9-assembly1.cif.gz_A-2 C-terminal regulatory domain of the chloride transporter KCC-1 from C. elegans, proteolyzed during crystallization	0.104	123	107	155	274	22	144	8.443E+00	19
LOKIASV2_3536_ESMFold_glutamate-1-semialdehyde_2-1-aminomutase	6rmo-assembly4.cif.gz_M	LOKIASV2_3536_ESMFold_glutamate-1-semialdehyde_2-1-aminomutase	6rmo-assembly4.cif.gz_M Structure of Plasmodium falciparum IMP-nucleotidase	0.092	314	210	155	468	138	369	1.636E+00	19
LOKIASV2_3536_ESMFold_glutamate-1-semialdehyde_2-1-aminomutase	6oh9-assembly1.cif.gz_A-2	LOKIASV2_3536_ESMFold_glutamate-1-semialdehyde_2-1-aminomutase	6oh9-assembly1.cif.gz_A-2 Yeast Guanine Deaminase	0.065	167	100	170	277	75	241	3.256E+00	19
LOKIASV2_3536_ESMFold_glutamate-1-semialdehyde_2-1-aminomutase	7cwv-assembly1.cif.gz_A	LOKIASV2_3536_ESMFold_glutamate-1-semialdehyde_2-1-aminomutase	7cwv-assembly1.cif.gz_A Crystal structure of Arabinose isomerase from hyper thermophilic bacterium Thermotoga maritima (TMAI) wt	0.094	133	113	167	292	4	136	7.203E+00	19
LOKIASV2_3536_ESMFold_glutamate-1-semialdehyde_2-1-aminomutase	6rme-assembly1.cif.gz_A	LOKIASV2_3536_ESMFold_glutamate-1-semialdehyde_2-1-aminomutase	6rme-assembly1.cif.gz_A Structure of IMP bound Plasmodium falciparum IMP-nucleotidase mutant D172N	0.105	467	326	2	468	8	372	1.552E+00	18
LOKIASV2_3536_ESMFold_glutamate-1-semialdehyde_2-1-aminomutase	7ch3-assembly1.cif.gz_A	LOKIASV2_3536_ESMFold_glutamate-1-semialdehyde_2-1-aminomutase	7ch3-assembly1.cif.gz_A Crystal structure of Arabinose isomerase from hyper thermophilic bacterium Thermotoga maritima (TMAI) triple mutant (K264A, E265A, K266A)	0.068	142	128	159	300	162	299	9.896E+00	18
LOKIASV2_3536_ESMFold_glutamate-1-semialdehyde_2-1-aminomutase	7mbw-assembly1.cif.gz_B	LOKIASV2_3536_ESMFold_glutamate-1-semialdehyde_2-1-aminomutase	7mbw-assembly1.cif.gz_B Crystal structure of TnsC(1-503)A225V	0.107	233	150	106	274	26	258	6.146E+00	18
LOKIASV2_3536_ESMFold_glutamate-1-semialdehyde_2-1-aminomutase	1k1d-assembly1.cif.gz_A	LOKIASV2_3536_ESMFold_glutamate-1-semialdehyde_2-1-aminomutase	1k1d-assembly1.cif.gz_A Crystal structure of D-hydantoinase	0.090	133	106	151	283	73	190	9.896E+00	17
LOKIASV2_3536_ESMFold_glutamate-1-semialdehyde_2-1-aminomutase	6rn1-assembly1.cif.gz_B-2	LOKIASV2_3536_ESMFold_glutamate-1-semialdehyde_2-1-aminomutase	6rn1-assembly1.cif.gz_B-2 Structure of N-terminal truncated Plasmodium falciparum IMP-nucleotidase	0.098	249	198	220	468	90	310	4.473E+00	16
LOKIASV2_3536_ESMFold_glutamate-1-semialdehyde_2-1-aminomutase	6rmo-assembly1.cif.gz_A	LOKIASV2_3536_ESMFold_glutamate-1-semialdehyde_2-1-aminomutase	6rmo-assembly1.cif.gz_A Structure of Plasmodium falciparum IMP-nucleotidase	0.110	376	263	93	468	57	353	3.256E+00	16
LOKIASV2_3536_ESMFold_glutamate-1-semialdehyde_2-1-aminomutase	7mbw-assembly2.cif.gz_D	LOKIASV2_3536_ESMFold_glutamate-1-semialdehyde_2-1-aminomutase	7mbw-assembly2.cif.gz_D Crystal structure of TnsC(1-503)A225V	0.101	234	155	106	278	26	259	3.433E+00	16
LOKIASV2_3536_ESMFold_glutamate-1-semialdehyde_2-1-aminomutase	6jha-assembly1.cif.gz_A-2	LOKIASV2_3536_ESMFold_glutamate-1-semialdehyde_2-1-aminomutase	6jha-assembly1.cif.gz_A-2 Crystal structure of NADPH bound AerF from Microcystis aeruginosa	0.083	153	105	160	275	21	173	9.386E+00	15
LOKIASV2_3536_ESMFold_glutamate-1-semialdehyde_2-1-aminomutase	5zhz-assembly1.cif.gz_A	LOKIASV2_3536_ESMFold_glutamate-1-semialdehyde_2-1-aminomutase	5zhz-assembly1.cif.gz_A Crystal structure of the apurinic/apyrimidinic endonuclease IV from Mycobacterium tuberculosis	0.136	120	100	164	280	15	134	7.203E+00	15
LOKIASV2_3536_ESMFold_glutamate-1-semialdehyde_2-1-aminomutase	4i9l-assembly1.cif.gz_A	LOKIASV2_3536_ESMFold_glutamate-1-semialdehyde_2-1-aminomutase	4i9l-assembly1.cif.gz_A Crystal structure of the D714A mutant of RB69 DNA polymerase	0.101	340	285	108	447	65	382	2.929E+00	13
LOKIASV2_3536_ESMFold_glutamate-1-semialdehyde_2-1-aminomutase	5veu-assembly3.cif.gz_C	LOKIASV2_3536_ESMFold_glutamate-1-semialdehyde_2-1-aminomutase	5veu-assembly3.cif.gz_C Human Cytochrome P450 3A5 (CYP3A5)	0.085	378	248	61	438	68	339	4.243E+00	11
LOKIASV2_3536_ESMFold_glutamate-1-semialdehyde_2-1-aminomutase	4j2d-assembly1.cif.gz_A	LOKIASV2_3536_ESMFold_glutamate-1-semialdehyde_2-1-aminomutase	4j2d-assembly1.cif.gz_A RB69 DNA Polymerase L415K Ternary Complex	0.103	339	283	108	446	65	381	7.203E+00	11
LOKIASV2_3536_ESMFold_glutamate-1-semialdehyde_2-1-aminomutase	3ejb-assembly4.cif.gz_H	LOKIASV2_3536_ESMFold_glutamate-1-semialdehyde_2-1-aminomutase	3ejb-assembly4.cif.gz_H Crystal Structure of P450BioI in complex with tetradecanoic acid ligated Acyl Carrier Protein	0.093	302	158	92	393	85	259	9.896E+00	10
LOKIASV2_3536_ESMFold_glutamate-1-semialdehyde_2-1-aminomutase	6bd5-assembly1.cif.gz_A	LOKIASV2_3536_ESMFold_glutamate-1-semialdehyde_2-1-aminomutase	6bd5-assembly1.cif.gz_A Crystal structure of human CYP3A4 bound to an inhibitor	0.072	386	251	56	441	59	329	5.528E+00	10
LOKIASV2_3536_ESMFold_glutamate-1-semialdehyde_2-1-aminomutase	6bd6-assembly1.cif.gz_A	LOKIASV2_3536_ESMFold_glutamate-1-semialdehyde_2-1-aminomutase	6bd6-assembly1.cif.gz_A Crystal structure of human CYP3A4 bound to an inhibitor	0.077	349	224	93	441	86	329	4.717E+00	10
LOKIASV2_3536_ESMFold_glutamate-1-semialdehyde_2-1-aminomutase	8dyc-assembly1.cif.gz_A	LOKIASV2_3536_ESMFold_glutamate-1-semialdehyde_2-1-aminomutase	8dyc-assembly1.cif.gz_A Human CYP3A4 bound to a substrate	0.092	371	235	71	441	76	335	5.243E+00	10
LOKIASV2_3536_ESMFold_glutamate-1-semialdehyde_2-1-aminomutase	5a1p-assembly1.cif.gz_A	LOKIASV2_3536_ESMFold_glutamate-1-semialdehyde_2-1-aminomutase	5a1p-assembly1.cif.gz_A Crystal structure of cytochrome P450 3A4 bound to progesterone and citrate	0.077	349	229	93	441	88	336	5.243E+00	10
LOKIASV2_3536_ESMFold_glutamate-1-semialdehyde_2-1-aminomutase	2p5g-assembly2.cif.gz_B	LOKIASV2_3536_ESMFold_glutamate-1-semialdehyde_2-1-aminomutase	2p5g-assembly2.cif.gz_B Crystal structure of RB69 gp43 in complex with DNA with dAMP opposite an abasic site analog in a 21mer template	0.085	339	289	108	446	65	381	5.528E+00	10
LOKIASV2_3536_ESMFold_glutamate-1-semialdehyde_2-1-aminomutase	3cfo-assembly1.cif.gz_A	LOKIASV2_3536_ESMFold_glutamate-1-semialdehyde_2-1-aminomutase	3cfo-assembly1.cif.gz_A Triple Mutant APO structure	0.089	376	342	72	447	7	382	5.829E+00	10
LOKIASV2_3536_ESMFold_glutamate-1-semialdehyde_2-1-aminomutase	6une-assembly1.cif.gz_A	LOKIASV2_3536_ESMFold_glutamate-1-semialdehyde_2-1-aminomutase	6une-assembly1.cif.gz_A Human CYP3A4 bound to an inhibitor	0.095	349	216	93	441	85	324	5.243E+00	9
LOKIASV2_3536_ESMFold_glutamate-1-semialdehyde_2-1-aminomutase	5veu-assembly8.cif.gz_H	LOKIASV2_3536_ESMFold_glutamate-1-semialdehyde_2-1-aminomutase	5veu-assembly8.cif.gz_H Human Cytochrome P450 3A5 (CYP3A5)	0.075	346	227	93	438	87	332	8.008E+00	9
LOKIASV2_3536_ESMFold_glutamate-1-semialdehyde_2-1-aminomutase	5a1r-assembly1.cif.gz_A	LOKIASV2_3536_ESMFold_glutamate-1-semialdehyde_2-1-aminomutase	5a1r-assembly1.cif.gz_A Crystal structure of cytochrome P450 3A4 bound to progesterone	0.075	370	235	72	441	79	333	9.386E+00	9
LOKIASV2_3536_ESMFold_glutamate-1-semialdehyde_2-1-aminomutase	8gk3-assembly9.cif.gz_I	LOKIASV2_3536_ESMFold_glutamate-1-semialdehyde_2-1-aminomutase	8gk3-assembly9.cif.gz_I Cytochrome P450 3A7 in complex with Dehydroepiandrosterone sulfate	0.084	368	236	71	438	73	331	6.480E+00	9
LOKIASV2_3536_ESMFold_glutamate-1-semialdehyde_2-1-aminomutase	6ma8-assembly1.cif.gz_A	LOKIASV2_3536_ESMFold_glutamate-1-semialdehyde_2-1-aminomutase	6ma8-assembly1.cif.gz_A Human CYP3A4 bound to PMSF	0.097	398	336	80	477	48	420	4.717E+00	9
LOKIASV2_3536_ESMFold_glutamate-1-semialdehyde_2-1-aminomutase	4i3q-assembly1.cif.gz_A	LOKIASV2_3536_ESMFold_glutamate-1-semialdehyde_2-1-aminomutase	4i3q-assembly1.cif.gz_A Crystal structure of human CYP3A4 coordinated to a water molecule	0.082	408	287	34	441	23	336	5.829E+00	9
LOKIASV2_3536_ESMFold_glutamate-1-semialdehyde_2-1-aminomutase	2v0m-assembly3.cif.gz_C	LOKIASV2_3536_ESMFold_glutamate-1-semialdehyde_2-1-aminomutase	2v0m-assembly3.cif.gz_C Crystal structure of human P450 3A4 in complex with ketoconazole	0.095	347	213	92	438	99	334	7.203E+00	9
LOKIASV2_3536_ESMFold_glutamate-1-semialdehyde_2-1-aminomutase	5te8-assembly1.cif.gz_A	LOKIASV2_3536_ESMFold_glutamate-1-semialdehyde_2-1-aminomutase	5te8-assembly1.cif.gz_A Crystal structure of the midazolam-bound human CYP3A4	0.087	362	264	80	441	52	341	4.973E+00	9
LOKIASV2_3536_ESMFold_glutamate-1-semialdehyde_2-1-aminomutase	7lxl-assembly1.cif.gz_A-2	LOKIASV2_3536_ESMFold_glutamate-1-semialdehyde_2-1-aminomutase	7lxl-assembly1.cif.gz_A-2 Crystal structure of human CYP3A4 bound to the testosterone dimer	0.085	346	216	93	438	86	322	8.902E+00	8
LOKIASV2_3536_ESMFold_glutamate-1-semialdehyde_2-1-aminomutase	6dal-assembly1.cif.gz_A	LOKIASV2_3536_ESMFold_glutamate-1-semialdehyde_2-1-aminomutase	6dal-assembly1.cif.gz_A Human CYP3A4 bound to an inhibitor	0.067	359	258	80	438	47	323	8.443E+00	8
LOKIASV2_3536_ESMFold_glutamate-1-semialdehyde_2-1-aminomutase	6dac-assembly1.cif.gz_A	LOKIASV2_3536_ESMFold_glutamate-1-semialdehyde_2-1-aminomutase	6dac-assembly1.cif.gz_A Human CYP3A4 bound to an inhibitor	0.083	417	317	61	477	68	414	7.595E+00	8
LOKIASV2_3536_ESMFold_glutamate-1-semialdehyde_2-1-aminomutase	7kvo-assembly1.cif.gz_A	LOKIASV2_3536_ESMFold_glutamate-1-semialdehyde_2-1-aminomutase	7kvo-assembly1.cif.gz_A Human CYP3A4 bound to an inhibitor	0.072	385	306	93	477	85	415	6.832E+00	8
