query	target	qheader	theader	fident	alnlen	mismatch	qstart	qend	tstart	tend	evalue	bits
LOKIASV2_1448_ESMFold_hypothetical_protein	AF-Q9UBI1-F1-model_v4	LOKIASV2_1448_ESMFold_hypothetical_protein	AF-Q9UBI1-F1-model_v4 COMM domain-containing protein 3	0.129	113	96	84	194	68	180	3.944E-02	60
LOKIASV2_1448_ESMFold_hypothetical_protein	AF-Q3ZT31-F1-model_v4	LOKIASV2_1448_ESMFold_hypothetical_protein	AF-Q3ZT31-F1-model_v4 Sorting nexin-25	0.113	126	106	66	191	438	558	1.862E-01	59
LOKIASV2_1448_ESMFold_hypothetical_protein	AF-Q9NX08-F1-model_v4	LOKIASV2_1448_ESMFold_hypothetical_protein	AF-Q9NX08-F1-model_v4 COMM domain-containing protein 8	0.103	112	97	86	194	62	173	2.220E-02	55
LOKIASV2_1448_ESMFold_hypothetical_protein	AF-Q86IW8-F1-model_v4	LOKIASV2_1448_ESMFold_hypothetical_protein	AF-Q86IW8-F1-model_v4 COMM domain-containing protein 5	0.108	114	98	84	194	70	183	1.176E-01	55
LOKIASV2_1448_ESMFold_hypothetical_protein	AF-Q31FL4-F1-model_v4	LOKIASV2_1448_ESMFold_hypothetical_protein	AF-Q31FL4-F1-model_v4 Flagellar P-ring protein	0.104	67	49	139	194	271	337	4.164E-01	55
LOKIASV2_1448_ESMFold_hypothetical_protein	AF-Q7ZYJ9-F1-model_v4	LOKIASV2_1448_ESMFold_hypothetical_protein	AF-Q7ZYJ9-F1-model_v4 Alanyl-tRNA editing protein Aarsd1-B	0.136	44	35	129	172	6	47	5.551E-01	54
LOKIASV2_1448_ESMFold_hypothetical_protein	AF-Q08B09-F1-model_v4	LOKIASV2_1448_ESMFold_hypothetical_protein	AF-Q08B09-F1-model_v4 Alanyl-tRNA editing protein Aarsd1-A	0.136	44	35	129	172	6	47	5.879E-01	54
LOKIASV2_1448_ESMFold_hypothetical_protein	AF-Q5R610-F1-model_v4	LOKIASV2_1448_ESMFold_hypothetical_protein	AF-Q5R610-F1-model_v4 COMM domain-containing protein 2	0.141	172	110	66	194	6	177	6.638E-03	52
LOKIASV2_1448_ESMFold_hypothetical_protein	AF-Q8BXC6-F1-model_v4	LOKIASV2_1448_ESMFold_hypothetical_protein	AF-Q8BXC6-F1-model_v4 COMM domain-containing protein 2	0.154	172	108	66	194	6	177	4.980E-03	52
LOKIASV2_1448_ESMFold_hypothetical_protein	AF-Q550I8-F1-model_v4	LOKIASV2_1448_ESMFold_hypothetical_protein	AF-Q550I8-F1-model_v4 COMM domain-containing protein 4	0.088	105	95	90	194	63	167	9.895E-02	51
LOKIASV2_1448_ESMFold_hypothetical_protein	AF-P54180-F1-model_v4	LOKIASV2_1448_ESMFold_hypothetical_protein	AF-P54180-F1-model_v4 Uncharacterized protein YpmT	0.126	63	53	69	131	2	63	5.224E+00	50
LOKIASV2_1448_ESMFold_hypothetical_protein	AF-Q86X83-F1-model_v4	LOKIASV2_1448_ESMFold_hypothetical_protein	AF-Q86X83-F1-model_v4 COMM domain-containing protein 2	0.135	172	111	66	194	6	177	8.849E-03	50
LOKIASV2_1448_ESMFold_hypothetical_protein	AF-P81231-F1-model_v4	LOKIASV2_1448_ESMFold_hypothetical_protein	AF-P81231-F1-model_v4 Uncharacterized protein MJ0785.1	0.149	134	100	1	119	9	142	1.045E+00	49
LOKIASV2_1448_ESMFold_hypothetical_protein	AF-Q16558-F1-model_v4	LOKIASV2_1448_ESMFold_hypothetical_protein	AF-Q16558-F1-model_v4 Calcium-activated potassium channel subunit beta-1	0.052	144	135	70	213	7	149	2.089E-01	49
LOKIASV2_1448_ESMFold_hypothetical_protein	AF-Q8IV31-F1-model_v4	LOKIASV2_1448_ESMFold_hypothetical_protein	AF-Q8IV31-F1-model_v4 Transmembrane protein 139	0.147	68	55	70	135	5	72	2.940E+00	49
LOKIASV2_1448_ESMFold_hypothetical_protein	AF-P33979-F1-model_v4	LOKIASV2_1448_ESMFold_hypothetical_protein	AF-P33979-F1-model_v4 Flagellar P-ring protein	0.118	76	53	136	196	271	346	3.931E-01	49
LOKIASV2_1448_ESMFold_hypothetical_protein	AF-Q6DEJ5-F1-model_v4	LOKIASV2_1448_ESMFold_hypothetical_protein	AF-Q6DEJ5-F1-model_v4 Alanyl-tRNA editing protein Aarsd1	0.113	44	36	129	172	6	47	9.862E-01	49
LOKIASV2_1448_ESMFold_hypothetical_protein	AF-Q61735-F1-model_v4	LOKIASV2_1448_ESMFold_hypothetical_protein	AF-Q61735-F1-model_v4 Leukocyte surface antigen CD47	0.142	124	101	9	127	172	295	1.315E+00	48
LOKIASV2_1448_ESMFold_hypothetical_protein	AF-Q5F479-F1-model_v4	LOKIASV2_1448_ESMFold_hypothetical_protein	AF-Q5F479-F1-model_v4 Serine/threonine-protein kinase 11-interacting protein	0.084	59	48	142	194	583	641	1.045E+00	48
LOKIASV2_1448_ESMFold_hypothetical_protein	AF-Q09884-F1-model_v4	LOKIASV2_1448_ESMFold_hypothetical_protein	AF-Q09884-F1-model_v4 Protein Dicer	0.106	138	94	79	184	1186	1323	1.572E-02	48
LOKIASV2_1448_ESMFold_hypothetical_protein	AF-Q9CZG3-F1-model_v4	LOKIASV2_1448_ESMFold_hypothetical_protein	AF-Q9CZG3-F1-model_v4 COMM domain-containing protein 8	0.074	113	102	83	193	59	171	7.862E-02	47
LOKIASV2_1448_ESMFold_hypothetical_protein	AF-P97829-F1-model_v4	LOKIASV2_1448_ESMFold_hypothetical_protein	AF-P97829-F1-model_v4 Leukocyte surface antigen CD47	0.135	124	102	9	127	172	295	1.655E+00	46
LOKIASV2_1448_ESMFold_hypothetical_protein	AF-A0A1P8ASY1-F1-model_v4	LOKIASV2_1448_ESMFold_hypothetical_protein	AF-A0A1P8ASY1-F1-model_v4 DNA replication ATP-dependent helicase/nuclease JHS1	0.055	79	70	138	212	325	403	7.837E-01	46
LOKIASV2_1448_ESMFold_hypothetical_protein	AF-O46372-F1-model_v4	LOKIASV2_1448_ESMFold_hypothetical_protein	AF-O46372-F1-model_v4 Calcium-activated potassium channel subunit beta-1	0.045	110	78	70	179	7	89	2.785E-01	45
LOKIASV2_1448_ESMFold_hypothetical_protein	AF-Q28266-F1-model_v4	LOKIASV2_1448_ESMFold_hypothetical_protein	AF-Q28266-F1-model_v4 Calcium-activated potassium channel subunit beta-1	0.059	138	129	70	207	7	144	2.949E-01	44
LOKIASV2_1448_ESMFold_hypothetical_protein	AF-Q54CU8-F1-model_v4	LOKIASV2_1448_ESMFold_hypothetical_protein	AF-Q54CU8-F1-model_v4 COMM domain-containing protein 8	0.159	185	113	60	194	14	198	3.944E-02	43
LOKIASV2_1448_ESMFold_hypothetical_protein	AF-Q6P4K6-F1-model_v4	LOKIASV2_1448_ESMFold_hypothetical_protein	AF-Q6P4K6-F1-model_v4 Serine/threonine-protein kinase 11-interacting protein	0.092	54	48	142	195	560	613	1.752E+00	43
LOKIASV2_1448_ESMFold_hypothetical_protein	AF-C3K7J3-F1-model_v4	LOKIASV2_1448_ESMFold_hypothetical_protein	AF-C3K7J3-F1-model_v4 UPF0225 protein PFLU_1319	0.118	100	60	119	218	63	131	1.660E-01	42
LOKIASV2_1448_ESMFold_hypothetical_protein	AF-B0KUC0-F1-model_v4	LOKIASV2_1448_ESMFold_hypothetical_protein	AF-B0KUC0-F1-model_v4 UPF0225 protein PputGB1_4297	0.101	78	52	141	218	73	131	2.949E-01	42
LOKIASV2_1448_ESMFold_hypothetical_protein	AF-Q9TTY1-F1-model_v4	LOKIASV2_1448_ESMFold_hypothetical_protein	AF-Q9TTY1-F1-model_v4 Metalloproteinase inhibitor 2	0.096	96	80	128	217	34	129	1.045E+00	42
LOKIASV2_1448_ESMFold_hypothetical_protein	AF-Q5A7R7-F1-model_v4	LOKIASV2_1448_ESMFold_hypothetical_protein	AF-Q5A7R7-F1-model_v4 Cell wall protein IFF11	0.076	52	39	139	181	397	448	1.172E+00	42
LOKIASV2_1448_ESMFold_hypothetical_protein	AF-A0A144LVM3-F1-model_v4	LOKIASV2_1448_ESMFold_hypothetical_protein	AF-A0A144LVM3-F1-model_v4 Strongylocin 2	0.047	81	65	113	181	6	86	5.551E-01	41
LOKIASV2_1448_ESMFold_hypothetical_protein	AF-P60471-F1-model_v4	LOKIASV2_1448_ESMFold_hypothetical_protein	AF-P60471-F1-model_v4 Single-stranded DNA-binding protein	0.114	86	67	137	213	5	90	4.671E-01	41
LOKIASV2_1448_ESMFold_hypothetical_protein	AF-Q1IDY5-F1-model_v4	LOKIASV2_1448_ESMFold_hypothetical_protein	AF-Q1IDY5-F1-model_v4 UPF0225 protein PSEEN1229	0.089	100	62	119	218	63	131	1.480E-01	41
LOKIASV2_1448_ESMFold_hypothetical_protein	AF-P80011-F1-model_v4	LOKIASV2_1448_ESMFold_hypothetical_protein	AF-P80011-F1-model_v4 Transposase for insertion sequence element ISRM3	0.119	82	67	118	194	134	215	1.752E+00	41
LOKIASV2_1448_ESMFold_hypothetical_protein	AF-P55620-F1-model_v4	LOKIASV2_1448_ESMFold_hypothetical_protein	AF-P55620-F1-model_v4 Probable transposase for insertion sequence element ISRM3-like	0.119	82	67	118	194	134	215	8.300E-01	41
LOKIASV2_1448_ESMFold_hypothetical_protein	AF-O43952-F1-model_v4	LOKIASV2_1448_ESMFold_hypothetical_protein	AF-O43952-F1-model_v4 G-quartet DNA-binding protein TGP1	0.145	87	70	136	218	298	384	1.045E+00	41
LOKIASV2_1448_ESMFold_hypothetical_protein	AF-Q7YTM8-F1-model_v4	LOKIASV2_1448_ESMFold_hypothetical_protein	AF-Q7YTM8-F1-model_v4 Heme transporter hrg-5	0.069	137	107	19	134	22	158	3.919E+00	40
LOKIASV2_1448_ESMFold_hypothetical_protein	AF-P97678-F1-model_v4	LOKIASV2_1448_ESMFold_hypothetical_protein	AF-P97678-F1-model_v4 Calcium-activated potassium channel subunit beta-1	0.045	110	78	70	179	7	89	5.879E-01	40
LOKIASV2_1448_ESMFold_hypothetical_protein	AF-Q9WUC6-F1-model_v4	LOKIASV2_1448_ESMFold_hypothetical_protein	AF-Q9WUC6-F1-model_v4 Metalloproteinase inhibitor 2	0.086	96	81	128	217	34	129	1.475E+00	40
LOKIASV2_1448_ESMFold_hypothetical_protein	AF-Q5AF39-F1-model_v4	LOKIASV2_1448_ESMFold_hypothetical_protein	AF-Q5AF39-F1-model_v4 Cell wall protein PGA59	0.095	61	54	135	195	21	81	4.164E-01	39
LOKIASV2_1448_ESMFold_hypothetical_protein	AF-P24575-F1-model_v4	LOKIASV2_1448_ESMFold_hypothetical_protein	AF-P24575-F1-model_v4 Transposase for insertion sequence element IS406	0.116	119	103	76	194	100	216	5.551E-01	39
LOKIASV2_1448_ESMFold_hypothetical_protein	AF-P40953-F1-model_v4	LOKIASV2_1448_ESMFold_hypothetical_protein	AF-P40953-F1-model_v4 Chitinase 2	0.083	48	40	141	185	408	455	6.985E-01	39
LOKIASV2_1448_ESMFold_hypothetical_protein	AF-P25785-F1-model_v4	LOKIASV2_1448_ESMFold_hypothetical_protein	AF-P25785-F1-model_v4 Metalloproteinase inhibitor 2	0.087	95	80	128	216	34	128	1.856E+00	38
LOKIASV2_1448_ESMFold_hypothetical_protein	AF-Q87XP9-F1-model_v4	LOKIASV2_1448_ESMFold_hypothetical_protein	AF-Q87XP9-F1-model_v4 UPF0225 protein PSPTO_4127	0.122	105	64	114	218	58	131	3.309E-01	37
LOKIASV2_1448_ESMFold_hypothetical_protein	AF-Q3SZ76-F1-model_v4	LOKIASV2_1448_ESMFold_hypothetical_protein	AF-Q3SZ76-F1-model_v4 COMM domain-containing protein 3	0.110	113	98	84	194	68	180	2.482E-01	37
LOKIASV2_1448_ESMFold_hypothetical_protein	AF-O84481-F1-model_v4	LOKIASV2_1448_ESMFold_hypothetical_protein	AF-O84481-F1-model_v4 Phenylalanine--tRNA ligase beta subunit	0.054	55	47	122	176	543	593	2.082E+00	37
LOKIASV2_1448_ESMFold_hypothetical_protein	AF-P70498-F1-model_v4	LOKIASV2_1448_ESMFold_hypothetical_protein	AF-P70498-F1-model_v4 Phospholipase D2	0.200	45	34	139	183	63	105	2.940E+00	37
LOKIASV2_1448_ESMFold_hypothetical_protein	AF-A8AWU7-F1-model_v4	LOKIASV2_1448_ESMFold_hypothetical_protein	AF-A8AWU7-F1-model_v4 Streptococcal hemagglutinin	0.062	48	41	141	185	10	57	5.533E+00	37
LOKIASV2_1448_ESMFold_hypothetical_protein	AF-Q12127-F1-model_v4	LOKIASV2_1448_ESMFold_hypothetical_protein	AF-Q12127-F1-model_v4 Covalently-linked cell wall protein 12	0.040	49	42	137	181	23	71	2.336E+00	36
LOKIASV2_1448_ESMFold_hypothetical_protein	AF-Q75CM7-F1-model_v4	LOKIASV2_1448_ESMFold_hypothetical_protein	AF-Q75CM7-F1-model_v4 PX domain-containing protein YPT35	0.081	61	49	140	193	28	88	1.856E+00	36
LOKIASV2_1448_ESMFold_hypothetical_protein	AF-P21499-F1-model_v4	LOKIASV2_1448_ESMFold_hypothetical_protein	AF-P21499-F1-model_v4 Ribonuclease R	0.122	117	97	102	213	609	725	4.671E-01	36
LOKIASV2_1448_ESMFold_hypothetical_protein	AF-Q8CAE3-F1-model_v4	LOKIASV2_1448_ESMFold_hypothetical_protein	AF-Q8CAE3-F1-model_v4 Calcium-activated potassium channel subunit beta-1	0.055	139	101	70	208	7	114	4.410E-01	35
LOKIASV2_1448_ESMFold_hypothetical_protein	AF-Q94CK9-F1-model_v4	LOKIASV2_1448_ESMFold_hypothetical_protein	AF-Q94CK9-F1-model_v4 Protein LATERAL ROOT PRIMORDIUM 1	0.131	38	30	145	182	230	265	3.700E+00	35
LOKIASV2_1448_ESMFold_hypothetical_protein	AF-Q46087-F1-model_v4	LOKIASV2_1448_ESMFold_hypothetical_protein	AF-Q46087-F1-model_v4 Transposase	0.130	124	97	82	194	57	180	2.482E-01	35
LOKIASV2_1448_ESMFold_hypothetical_protein	AF-G1UBC2-F1-model_v4	LOKIASV2_1448_ESMFold_hypothetical_protein	AF-G1UBC2-F1-model_v4 Cell wall adhesin EAP1	0.129	53	42	133	181	89	141	8.791E-01	35
LOKIASV2_1448_ESMFold_hypothetical_protein	AF-Q4ZPM9-F1-model_v4	LOKIASV2_1448_ESMFold_hypothetical_protein	AF-Q4ZPM9-F1-model_v4 UPF0225 protein Psyr_3863	0.120	118	88	101	218	31	131	2.344E-01	34
LOKIASV2_1448_ESMFold_hypothetical_protein	AF-Q48LR7-F1-model_v4	LOKIASV2_1448_ESMFold_hypothetical_protein	AF-Q48LR7-F1-model_v4 UPF0225 protein PSPPH_1399	0.142	137	77	82	218	41	131	2.213E-01	34
LOKIASV2_1448_ESMFold_hypothetical_protein	AF-Q86VX2-F1-model_v4	LOKIASV2_1448_ESMFold_hypothetical_protein	AF-Q86VX2-F1-model_v4 COMM domain-containing protein 7	0.069	97	86	99	195	97	189	1.106E+00	34
LOKIASV2_1448_ESMFold_hypothetical_protein	AF-Q9P6P1-F1-model_v4	LOKIASV2_1448_ESMFold_hypothetical_protein	AF-Q9P6P1-F1-model_v4 t-SNARE affecting a late Golgi compartment protein 2	0.125	143	108	11	134	106	248	1.966E+00	34
LOKIASV2_1448_ESMFold_hypothetical_protein	AF-O80796-F1-model_v4	LOKIASV2_1448_ESMFold_hypothetical_protein	AF-O80796-F1-model_v4 Membrane-associated protein VIPP1, chloroplastic	0.118	134	105	1	134	72	191	6.574E+00	34
LOKIASV2_1448_ESMFold_hypothetical_protein	AF-Q9PJR8-F1-model_v4	LOKIASV2_1448_ESMFold_hypothetical_protein	AF-Q9PJR8-F1-model_v4 Phenylalanine--tRNA ligase beta subunit	0.081	74	63	120	193	541	610	1.315E+00	34
LOKIASV2_1448_ESMFold_hypothetical_protein	AF-Q824J8-F1-model_v4	LOKIASV2_1448_ESMFold_hypothetical_protein	AF-Q824J8-F1-model_v4 Phenylalanine--tRNA ligase beta subunit	0.093	60	51	120	176	543	602	2.205E+00	34
LOKIASV2_1448_ESMFold_hypothetical_protein	AF-Q9H3E2-F1-model_v4	LOKIASV2_1448_ESMFold_hypothetical_protein	AF-Q9H3E2-F1-model_v4 Sorting nexin-25	0.166	128	91	86	195	440	567	4.948E-01	34
LOKIASV2_1448_ESMFold_hypothetical_protein	AF-Q9CDA3-F1-model_v4	LOKIASV2_1448_ESMFold_hypothetical_protein	AF-Q9CDA3-F1-model_v4 Arabinogalactan biosynthesis recruiting protein ML0110	0.106	112	98	9	119	3	114	4.932E+00	33
LOKIASV2_1448_ESMFold_hypothetical_protein	AF-Q3KGZ5-F1-model_v4	LOKIASV2_1448_ESMFold_hypothetical_protein	AF-Q3KGZ5-F1-model_v4 UPF0225 protein Pfl01_1218	0.105	118	90	101	218	31	131	2.089E-01	33
LOKIASV2_1448_ESMFold_hypothetical_protein	AF-B3RTL9-F1-model_v4	LOKIASV2_1448_ESMFold_hypothetical_protein	AF-B3RTL9-F1-model_v4 Ubiquitin-fold modifier-conjugating enzyme 1	0.078	70	63	110	179	29	97	1.241E+00	33
LOKIASV2_1448_ESMFold_hypothetical_protein	AF-Q5U1Y0-F1-model_v4	LOKIASV2_1448_ESMFold_hypothetical_protein	AF-Q5U1Y0-F1-model_v4 Transmembrane protein 192	0.112	142	101	12	126	49	190	3.493E+00	33
LOKIASV2_1448_ESMFold_hypothetical_protein	AF-P57628-F1-model_v4	LOKIASV2_1448_ESMFold_hypothetical_protein	AF-P57628-F1-model_v4 Ribonuclease R	0.119	112	95	105	213	615	726	5.879E-01	33
LOKIASV2_1448_ESMFold_hypothetical_protein	AF-Q5L6W7-F1-model_v4	LOKIASV2_1448_ESMFold_hypothetical_protein	AF-Q5L6W7-F1-model_v4 Phenylalanine--tRNA ligase beta subunit	0.082	73	61	122	194	545	611	1.392E+00	33
LOKIASV2_1448_ESMFold_hypothetical_protein	AF-Q01846-F1-model_v4	LOKIASV2_1448_ESMFold_hypothetical_protein	AF-Q01846-F1-model_v4 Structural protein MDM1	0.141	147	113	63	194	701	847	2.213E-01	33
LOKIASV2_1448_ESMFold_hypothetical_protein	AF-P36170-F1-model_v4	LOKIASV2_1448_ESMFold_hypothetical_protein	AF-P36170-F1-model_v4 Flocculation protein FLO10	0.055	108	74	135	213	925	1032	1.315E+00	33
LOKIASV2_1448_ESMFold_hypothetical_protein	AF-Q07326-F1-model_v4	LOKIASV2_1448_ESMFold_hypothetical_protein	AF-Q07326-F1-model_v4 Phosphatidylinositol-glycan biosynthesis class F protein	0.114	141	116	1	132	1	141	3.493E+00	32
LOKIASV2_1448_ESMFold_hypothetical_protein	AF-Q54JK5-F1-model_v4	LOKIASV2_1448_ESMFold_hypothetical_protein	AF-Q54JK5-F1-model_v4 Putative uncharacterized protein DDB_G0287991	0.135	77	64	138	212	76	152	2.940E+00	32
LOKIASV2_1448_ESMFold_hypothetical_protein	AF-Q8BG30-F1-model_v4	LOKIASV2_1448_ESMFold_hypothetical_protein	AF-Q8BG30-F1-model_v4 Negative elongation factor A	0.191	69	54	114	182	457	524	3.114E+00	32
LOKIASV2_1448_ESMFold_hypothetical_protein	AF-Q8NFY9-F1-model_v4	LOKIASV2_1448_ESMFold_hypothetical_protein	AF-Q8NFY9-F1-model_v4 Kelch repeat and BTB domain-containing protein 8	0.054	55	44	134	181	519	573	6.207E+00	32
LOKIASV2_1448_ESMFold_hypothetical_protein	AF-Q08CL3-F1-model_v4	LOKIASV2_1448_ESMFold_hypothetical_protein	AF-Q08CL3-F1-model_v4 Kelch repeat and BTB domain-containing protein 8	0.034	58	47	136	185	521	578	6.574E+00	32
LOKIASV2_1448_ESMFold_hypothetical_protein	AF-Q86QW7-F1-model_v4	LOKIASV2_1448_ESMFold_hypothetical_protein	AF-Q86QW7-F1-model_v4 Protein argonaute	0.111	111	85	115	211	31	141	7.399E-01	32
LOKIASV2_1448_ESMFold_hypothetical_protein	AF-P30851-F1-model_v4	LOKIASV2_1448_ESMFold_hypothetical_protein	AF-P30851-F1-model_v4 Ribonuclease R	0.122	117	97	102	213	609	725	9.862E-01	32
LOKIASV2_1448_ESMFold_hypothetical_protein	AF-Q6PHS6-F1-model_v4	LOKIASV2_1448_ESMFold_hypothetical_protein	AF-Q6PHS6-F1-model_v4 Sorting nexin-13	0.145	47	37	136	182	557	600	1.752E+00	32
LOKIASV2_1448_ESMFold_hypothetical_protein	AF-Q05676-F1-model_v4	LOKIASV2_1448_ESMFold_hypothetical_protein	AF-Q05676-F1-model_v4 Protein SOM1, mitochondrial	0.062	63	57	126	188	11	72	4.656E+00	31
LOKIASV2_1448_ESMFold_hypothetical_protein	AF-A5VZK6-F1-model_v4	LOKIASV2_1448_ESMFold_hypothetical_protein	AF-A5VZK6-F1-model_v4 UPF0225 protein Pput_1155	0.099	100	61	119	218	63	131	4.948E-01	31
LOKIASV2_1448_ESMFold_hypothetical_protein	AF-Q9KR65-F1-model_v4	LOKIASV2_1448_ESMFold_hypothetical_protein	AF-Q9KR65-F1-model_v4 Sialic acid TRAP transporter small permease protein SiaQ	0.136	167	115	1	134	1	167	3.114E+00	31
LOKIASV2_1448_ESMFold_hypothetical_protein	AF-A3M7E3-F1-model_v4	LOKIASV2_1448_ESMFold_hypothetical_protein	AF-A3M7E3-F1-model_v4 Elongation factor P	0.121	82	63	140	212	13	94	3.931E-01	31
LOKIASV2_1448_ESMFold_hypothetical_protein	AF-Q5E9V6-F1-model_v4	LOKIASV2_1448_ESMFold_hypothetical_protein	AF-Q5E9V6-F1-model_v4 COMM domain-containing protein 4	0.094	126	89	95	193	62	187	7.837E-01	31
LOKIASV2_1448_ESMFold_hypothetical_protein	AF-Q757G7-F1-model_v4	LOKIASV2_1448_ESMFold_hypothetical_protein	AF-Q757G7-F1-model_v4 DNA repair protein RAD59	0.112	74	59	118	185	76	149	1.045E+00	31
LOKIASV2_1448_ESMFold_hypothetical_protein	AF-P40449-F1-model_v4	LOKIASV2_1448_ESMFold_hypothetical_protein	AF-P40449-F1-model_v4 Uncharacterized protein YIL161W	0.045	64	56	126	185	112	175	4.151E+00	31
LOKIASV2_1448_ESMFold_hypothetical_protein	AF-Q90839-F1-model_v4	LOKIASV2_1448_ESMFold_hypothetical_protein	AF-Q90839-F1-model_v4 Dickkopf-related protein 3	0.069	125	111	94	213	37	161	1.392E+00	31
LOKIASV2_1448_ESMFold_hypothetical_protein	AF-B2GHT7-F1-model_v4	LOKIASV2_1448_ESMFold_hypothetical_protein	AF-B2GHT7-F1-model_v4 2-isopropylmalate synthase	0.166	54	38	131	184	512	558	2.336E+00	31
LOKIASV2_1448_ESMFold_hypothetical_protein	AF-Q8L5Z7-F1-model_v4	LOKIASV2_1448_ESMFold_hypothetical_protein	AF-Q8L5Z7-F1-model_v4 Sorting nexin 2A	0.096	61	52	136	193	151	211	3.700E+00	31
LOKIASV2_1448_ESMFold_hypothetical_protein	AF-P97813-F1-model_v4	LOKIASV2_1448_ESMFold_hypothetical_protein	AF-P97813-F1-model_v4 Phospholipase D2	0.174	61	46	139	195	63	123	3.919E+00	31
LOKIASV2_1448_ESMFold_hypothetical_protein	AF-Q17162-F1-model_v4	LOKIASV2_1448_ESMFold_hypothetical_protein	AF-Q17162-F1-model_v4 Vinculin	0.128	128	106	12	134	8	135	6.963E+00	31
LOKIASV2_1448_ESMFold_hypothetical_protein	AF-P0DJI4-F1-model_v4	LOKIASV2_1448_ESMFold_hypothetical_protein	AF-P0DJI4-F1-model_v4 Inclusion membrane protein E	0.165	116	91	46	161	18	127	2.940E+00	30
LOKIASV2_1448_ESMFold_hypothetical_protein	AF-Q9ESD6-F1-model_v4	LOKIASV2_1448_ESMFold_hypothetical_protein	AF-Q9ESD6-F1-model_v4 CKLF-like MARVEL transmembrane domain-containing protein 7	0.161	138	107	4	131	27	164	2.621E+00	30
LOKIASV2_1448_ESMFold_hypothetical_protein	AF-B9EM04-F1-model_v4	LOKIASV2_1448_ESMFold_hypothetical_protein	AF-B9EM04-F1-model_v4 Ubiquitin-fold modifier-conjugating enzyme 1	0.041	71	64	112	179	27	97	2.940E+00	30
LOKIASV2_1448_ESMFold_hypothetical_protein	AF-A4XJ18-F1-model_v4	LOKIASV2_1448_ESMFold_hypothetical_protein	AF-A4XJ18-F1-model_v4 Elongation factor P	0.125	91	71	135	216	6	96	6.595E-01	30
LOKIASV2_1448_ESMFold_hypothetical_protein	AF-B2HVL6-F1-model_v4	LOKIASV2_1448_ESMFold_hypothetical_protein	AF-B2HVL6-F1-model_v4 Elongation factor P	0.121	82	63	140	212	13	94	4.410E-01	30
LOKIASV2_1448_ESMFold_hypothetical_protein	AF-B7GZ38-F1-model_v4	LOKIASV2_1448_ESMFold_hypothetical_protein	AF-B7GZ38-F1-model_v4 Elongation factor P	0.121	82	63	140	212	13	94	4.410E-01	30
LOKIASV2_1448_ESMFold_hypothetical_protein	AF-B7I499-F1-model_v4	LOKIASV2_1448_ESMFold_hypothetical_protein	AF-B7I499-F1-model_v4 Elongation factor P	0.121	82	63	140	212	13	94	4.410E-01	30
LOKIASV2_1448_ESMFold_hypothetical_protein	AF-Q9CXT7-F1-model_v4	LOKIASV2_1448_ESMFold_hypothetical_protein	AF-Q9CXT7-F1-model_v4 Transmembrane protein 192	0.105	142	102	12	126	49	190	4.396E+00	30
LOKIASV2_1448_ESMFold_hypothetical_protein	AF-Q9SD40-F1-model_v4	LOKIASV2_1448_ESMFold_hypothetical_protein	AF-Q9SD40-F1-model_v4 Protein SHI RELATED SEQUENCE 1	0.105	38	33	144	181	244	281	2.940E+00	30
LOKIASV2_1448_ESMFold_hypothetical_protein	AF-Q9KNY1-F1-model_v4	LOKIASV2_1448_ESMFold_hypothetical_protein	AF-Q9KNY1-F1-model_v4 Ribonuclease R	0.109	114	96	105	213	620	733	1.392E+00	30
LOKIASV2_1448_ESMFold_hypothetical_protein	AF-B9MLY0-F1-model_v4	LOKIASV2_1448_ESMFold_hypothetical_protein	AF-B9MLY0-F1-model_v4 Elongation factor P	0.126	90	70	135	215	6	95	8.791E-01	29
LOKIASV2_1448_ESMFold_hypothetical_protein	AF-A9KEY9-F1-model_v4	LOKIASV2_1448_ESMFold_hypothetical_protein	AF-A9KEY9-F1-model_v4 Elongation factor P	0.105	82	64	140	212	13	94	9.312E-01	29
LOKIASV2_1448_ESMFold_hypothetical_protein	AF-Q83AR4-F1-model_v4	LOKIASV2_1448_ESMFold_hypothetical_protein	AF-Q83AR4-F1-model_v4 Elongation factor P	0.105	82	64	140	212	13	94	9.312E-01	29
LOKIASV2_1448_ESMFold_hypothetical_protein	AF-P80686-F1-model_v4	LOKIASV2_1448_ESMFold_hypothetical_protein	AF-P80686-F1-model_v4 Larval/pupal cuticle protein H1C	0.083	48	38	135	182	70	111	1.475E+00	29
LOKIASV2_1448_ESMFold_hypothetical_protein	AF-Q5E9K1-F1-model_v4	LOKIASV2_1448_ESMFold_hypothetical_protein	AF-Q5E9K1-F1-model_v4 COMM domain-containing protein 5	0.092	159	107	36	194	84	202	6.595E-01	29
LOKIASV2_1448_ESMFold_hypothetical_protein	AF-Q9ZCC5-F1-model_v4	LOKIASV2_1448_ESMFold_hypothetical_protein	AF-Q9ZCC5-F1-model_v4 Protein p34	0.122	209	140	16	176	47	255	1.562E+00	29
LOKIASV2_1448_ESMFold_hypothetical_protein	AF-P59534-F1-model_v4	LOKIASV2_1448_ESMFold_hypothetical_protein	AF-P59534-F1-model_v4 Taste receptor type 2 member 39	0.167	137	112	1	135	194	330	3.298E+00	29
LOKIASV2_1448_ESMFold_hypothetical_protein	AF-P0A135-F1-model_v4	LOKIASV2_1448_ESMFold_hypothetical_protein	AF-P0A135-F1-model_v4 Transposase for insertion sequences IS1326/IS1353	0.076	124	103	82	194	60	183	5.879E-01	29
LOKIASV2_1448_ESMFold_hypothetical_protein	AF-Q6C4J0-F1-model_v4	LOKIASV2_1448_ESMFold_hypothetical_protein	AF-Q6C4J0-F1-model_v4 DNA polymerase epsilon catalytic subunit A	0.134	64	50	123	181	35	98	2.621E+00	29
LOKIASV2_1448_ESMFold_hypothetical_protein	AF-Q7LHD1-F1-model_v4	LOKIASV2_1448_ESMFold_hypothetical_protein	AF-Q7LHD1-F1-model_v4 Putative covalently bound cell wall protein 22	0.057	70	61	120	185	6	75	3.298E+00	28
LOKIASV2_1448_ESMFold_hypothetical_protein	AF-B4MIX7-F1-model_v4	LOKIASV2_1448_ESMFold_hypothetical_protein	AF-B4MIX7-F1-model_v4 Ubiquitin-fold modifier-conjugating enzyme 1	0.027	71	65	112	179	27	97	4.396E+00	28
LOKIASV2_1448_ESMFold_hypothetical_protein	AF-B3NPZ0-F1-model_v4	LOKIASV2_1448_ESMFold_hypothetical_protein	AF-B3NPZ0-F1-model_v4 Ubiquitin-fold modifier-conjugating enzyme 1	0.027	71	65	112	179	27	97	4.396E+00	28
LOKIASV2_1448_ESMFold_hypothetical_protein	AF-A7SM54-F1-model_v4	LOKIASV2_1448_ESMFold_hypothetical_protein	AF-A7SM54-F1-model_v4 Ubiquitin-fold modifier-conjugating enzyme 1	0.051	72	66	108	179	27	97	3.493E+00	28
LOKIASV2_1448_ESMFold_hypothetical_protein	AF-Q178A5-F1-model_v4	LOKIASV2_1448_ESMFold_hypothetical_protein	AF-Q178A5-F1-model_v4 Ubiquitin-fold modifier-conjugating enzyme 1	0.041	71	64	112	179	27	97	4.396E+00	28
LOKIASV2_1448_ESMFold_hypothetical_protein	AF-P14016-F1-model_v4	LOKIASV2_1448_ESMFold_hypothetical_protein	AF-P14016-F1-model_v4 Spore coat protein E	0.089	56	41	137	182	24	79	7.811E+00	28
LOKIASV2_1448_ESMFold_hypothetical_protein	AF-Q82W02-F1-model_v4	LOKIASV2_1448_ESMFold_hypothetical_protein	AF-Q82W02-F1-model_v4 Elongation factor P	0.083	82	68	139	213	11	92	9.312E-01	28
LOKIASV2_1448_ESMFold_hypothetical_protein	AF-Q63SA2-F1-model_v4	LOKIASV2_1448_ESMFold_hypothetical_protein	AF-Q63SA2-F1-model_v4 Elongation factor P	0.104	82	65	141	213	11	92	9.862E-01	28
LOKIASV2_1448_ESMFold_hypothetical_protein	AF-A2SA02-F1-model_v4	LOKIASV2_1448_ESMFold_hypothetical_protein	AF-A2SA02-F1-model_v4 Elongation factor P	0.104	82	65	141	213	11	92	9.862E-01	28
LOKIASV2_1448_ESMFold_hypothetical_protein	AF-A3NXK9-F1-model_v4	LOKIASV2_1448_ESMFold_hypothetical_protein	AF-A3NXK9-F1-model_v4 Elongation factor P	0.104	82	65	141	213	11	92	9.862E-01	28
LOKIASV2_1448_ESMFold_hypothetical_protein	AF-Q0K8N9-F1-model_v4	LOKIASV2_1448_ESMFold_hypothetical_protein	AF-Q0K8N9-F1-model_v4 Elongation factor P	0.111	85	67	141	216	11	95	8.300E-01	28
LOKIASV2_1448_ESMFold_hypothetical_protein	AF-P55630-F1-model_v4	LOKIASV2_1448_ESMFold_hypothetical_protein	AF-P55630-F1-model_v4 Uncharacterized protein y4qI	0.075	120	110	72	191	198	317	1.172E+00	28
LOKIASV2_1448_ESMFold_hypothetical_protein	AF-Q0DZT4-F1-model_v4	LOKIASV2_1448_ESMFold_hypothetical_protein	AF-Q0DZT4-F1-model_v4 Probable protein phosphatase 2C 19	0.144	79	64	116	194	61	136	1.315E+00	28
LOKIASV2_1448_ESMFold_hypothetical_protein	AF-Q59TP1-F1-model_v4	LOKIASV2_1448_ESMFold_hypothetical_protein	AF-Q59TP1-F1-model_v4 Cell wall protein RTB1	0.063	45	41	135	179	406	450	2.336E+00	28
LOKIASV2_1448_ESMFold_hypothetical_protein	AF-P87154-F1-model_v4	LOKIASV2_1448_ESMFold_hypothetical_protein	AF-P87154-F1-model_v4 DNA polymerase epsilon catalytic subunit A	0.125	69	58	120	186	45	113	8.273E+00	28
LOKIASV2_1448_ESMFold_hypothetical_protein	AF-A9UR29-F1-model_v4	LOKIASV2_1448_ESMFold_hypothetical_protein	AF-A9UR29-F1-model_v4 Ubiquitin-fold modifier-conjugating enzyme 1	0.044	63	58	117	179	36	97	4.932E+00	27
LOKIASV2_1448_ESMFold_hypothetical_protein	AF-B0WVC4-F1-model_v4	LOKIASV2_1448_ESMFold_hypothetical_protein	AF-B0WVC4-F1-model_v4 Ubiquitin-fold modifier-conjugating enzyme 1	0.041	71	64	112	179	27	97	4.656E+00	27
LOKIASV2_1448_ESMFold_hypothetical_protein	AF-A3NBS1-F1-model_v4	LOKIASV2_1448_ESMFold_hypothetical_protein	AF-A3NBS1-F1-model_v4 Elongation factor P	0.104	82	65	141	213	11	92	1.241E+00	27
LOKIASV2_1448_ESMFold_hypothetical_protein	AF-Q7VX16-F1-model_v4	LOKIASV2_1448_ESMFold_hypothetical_protein	AF-Q7VX16-F1-model_v4 Elongation factor P	0.104	82	65	141	213	11	92	1.315E+00	27
LOKIASV2_1448_ESMFold_hypothetical_protein	AF-D8GR70-F1-model_v4	LOKIASV2_1448_ESMFold_hypothetical_protein	AF-D8GR70-F1-model_v4 Proton-translocating ferredoxin:NAD(+) oxidoreductase complex subunit A	0.168	118	95	11	128	43	157	4.932E+00	27
LOKIASV2_1448_ESMFold_hypothetical_protein	AF-Q94804-F1-model_v4	LOKIASV2_1448_ESMFold_hypothetical_protein	AF-Q94804-F1-model_v4 Cuticle protein LPCP-23	0.083	48	38	135	182	71	112	1.966E+00	27
LOKIASV2_1448_ESMFold_hypothetical_protein	AF-P96610-F1-model_v4	LOKIASV2_1448_ESMFold_hypothetical_protein	AF-P96610-F1-model_v4 Uncharacterized transporter YdbO	0.103	199	134	14	163	49	247	2.776E+00	27
LOKIASV2_1448_ESMFold_hypothetical_protein	AF-Q9QUN9-F1-model_v4	LOKIASV2_1448_ESMFold_hypothetical_protein	AF-Q9QUN9-F1-model_v4 Dickkopf-related protein 3	0.111	128	105	95	213	42	169	3.114E+00	27
LOKIASV2_1448_ESMFold_hypothetical_protein	AF-Q9UBP4-F1-model_v4	LOKIASV2_1448_ESMFold_hypothetical_protein	AF-Q9UBP4-F1-model_v4 Dickkopf-related protein 3	0.082	125	110	93	213	45	169	3.114E+00	27
LOKIASV2_1448_ESMFold_hypothetical_protein	AF-Q07081-F1-model_v4	LOKIASV2_1448_ESMFold_hypothetical_protein	AF-Q07081-F1-model_v4 Olfactomedin	0.100	174	122	76	211	106	279	1.655E+00	27
LOKIASV2_1448_ESMFold_hypothetical_protein	AF-Q59PF9-F1-model_v4	LOKIASV2_1448_ESMFold_hypothetical_protein	AF-Q59PF9-F1-model_v4 Hyphal wall protein 2	0.060	50	41	136	185	215	259	5.224E+00	27
LOKIASV2_1448_ESMFold_hypothetical_protein	AF-Q55827-F1-model_v4	LOKIASV2_1448_ESMFold_hypothetical_protein	AF-Q55827-F1-model_v4 Uncharacterized protein sll0481	0.115	133	109	4	127	6	138	5.860E+00	26
LOKIASV2_1448_ESMFold_hypothetical_protein	AF-C3ZDX5-F1-model_v4	LOKIASV2_1448_ESMFold_hypothetical_protein	AF-C3ZDX5-F1-model_v4 Ubiquitin-fold modifier-conjugating enzyme 1	0.041	67	62	113	179	32	97	4.396E+00	26
LOKIASV2_1448_ESMFold_hypothetical_protein	AF-Q615A2-F1-model_v4	LOKIASV2_1448_ESMFold_hypothetical_protein	AF-Q615A2-F1-model_v4 Probable signal peptidase complex subunit 2	0.080	115	95	68	182	44	147	1.856E+00	26
LOKIASV2_1448_ESMFold_hypothetical_protein	AF-B6J307-F1-model_v4	LOKIASV2_1448_ESMFold_hypothetical_protein	AF-B6J307-F1-model_v4 Elongation factor P	0.090	82	66	140	212	13	94	1.106E+00	26
LOKIASV2_1448_ESMFold_hypothetical_protein	AF-P82167-F1-model_v4	LOKIASV2_1448_ESMFold_hypothetical_protein	AF-P82167-F1-model_v4 Cuticle protein 21.3	0.076	38	34	145	182	18	55	2.940E+00	26
LOKIASV2_1448_ESMFold_hypothetical_protein	AF-Q8R395-F1-model_v4	LOKIASV2_1448_ESMFold_hypothetical_protein	AF-Q8R395-F1-model_v4 COMM domain-containing protein 5	0.093	165	119	64	195	42	206	8.791E-01	26
LOKIASV2_1448_ESMFold_hypothetical_protein	AF-O32885-F1-model_v4	LOKIASV2_1448_ESMFold_hypothetical_protein	AF-O32885-F1-model_v4 Peptide chain release factor 2	0.122	149	119	76	212	71	219	3.298E+00	26
LOKIASV2_1448_ESMFold_hypothetical_protein	AF-Q8RWC9-F1-model_v4	LOKIASV2_1448_ESMFold_hypothetical_protein	AF-Q8RWC9-F1-model_v4 CBL-interacting serine/threonine-protein kinase 1	0.084	67	60	126	192	359	424	9.281E+00	26
LOKIASV2_1448_ESMFold_hypothetical_protein	AF-O26819-F1-model_v4	LOKIASV2_1448_ESMFold_hypothetical_protein	AF-O26819-F1-model_v4 Putative (R)-citramalate synthase CimA	0.107	56	43	129	184	422	470	2.474E+00	26
LOKIASV2_1448_ESMFold_hypothetical_protein	AF-Q5R4H0-F1-model_v4	LOKIASV2_1448_ESMFold_hypothetical_protein	AF-Q5R4H0-F1-model_v4 Zinc transporter 9	0.117	162	136	32	193	352	506	1.475E+00	26
LOKIASV2_1448_ESMFold_hypothetical_protein	AF-Q5ADQ9-F1-model_v4	LOKIASV2_1448_ESMFold_hypothetical_protein	AF-Q5ADQ9-F1-model_v4 Beta-mannosyltransferase 1	0.066	45	41	137	181	591	635	9.281E+00	26
LOKIASV2_1448_ESMFold_hypothetical_protein	AF-Q9Z7W0-F1-model_v4	LOKIASV2_1448_ESMFold_hypothetical_protein	AF-Q9Z7W0-F1-model_v4 Phenylalanine--tRNA ligase beta subunit	0.091	103	85	120	213	542	644	2.082E+00	26
LOKIASV2_1448_ESMFold_hypothetical_protein	AF-A2R994-F1-model_v4	LOKIASV2_1448_ESMFold_hypothetical_protein	AF-A2R994-F1-model_v4 Ribosome-releasing factor 2, mitochondrial	0.104	67	47	124	176	535	601	4.656E+00	26
LOKIASV2_1448_ESMFold_hypothetical_protein	AF-Q9Y5W8-F1-model_v4	LOKIASV2_1448_ESMFold_hypothetical_protein	AF-Q9Y5W8-F1-model_v4 Sorting nexin-13	0.116	72	51	136	194	557	628	4.932E+00	26
LOKIASV2_1448_ESMFold_hypothetical_protein	AF-Q8U015-F1-model_v4	LOKIASV2_1448_ESMFold_hypothetical_protein	AF-Q8U015-F1-model_v4 50S ribosomal protein L6	0.093	110	90	113	212	65	174	1.562E+00	25
LOKIASV2_1448_ESMFold_hypothetical_protein	AF-A9HX42-F1-model_v4	LOKIASV2_1448_ESMFold_hypothetical_protein	AF-A9HX42-F1-model_v4 Elongation factor P	0.093	82	66	140	213	11	92	2.082E+00	25
LOKIASV2_1448_ESMFold_hypothetical_protein	AF-Q10259-F1-model_v4	LOKIASV2_1448_ESMFold_hypothetical_protein	AF-Q10259-F1-model_v4 Probable microsomal signal peptidase subunit 3	0.098	71	59	104	169	5	75	7.375E+00	25
LOKIASV2_1448_ESMFold_hypothetical_protein	AF-B0K0T5-F1-model_v4	LOKIASV2_1448_ESMFold_hypothetical_protein	AF-B0K0T5-F1-model_v4 Elongation factor P	0.104	91	73	135	216	6	96	1.475E+00	25
LOKIASV2_1448_ESMFold_hypothetical_protein	AF-Q7WLA9-F1-model_v4	LOKIASV2_1448_ESMFold_hypothetical_protein	AF-Q7WLA9-F1-model_v4 Elongation factor P	0.111	85	67	141	216	11	95	1.655E+00	25
LOKIASV2_1448_ESMFold_hypothetical_protein	AF-A3QE83-F1-model_v4	LOKIASV2_1448_ESMFold_hypothetical_protein	AF-A3QE83-F1-model_v4 Elongation factor P	0.103	82	65	141	213	11	92	1.752E+00	25
LOKIASV2_1448_ESMFold_hypothetical_protein	AF-Q9Y876-F1-model_v4	LOKIASV2_1448_ESMFold_hypothetical_protein	AF-Q9Y876-F1-model_v4 Secretory component protein psh3	0.114	144	108	12	134	29	172	8.273E+00	25
LOKIASV2_1448_ESMFold_hypothetical_protein	AF-Q5EF78-F1-model_v4	LOKIASV2_1448_ESMFold_hypothetical_protein	AF-Q5EF78-F1-model_v4 Icarapin	0.136	94	68	97	176	78	171	3.298E+00	25
LOKIASV2_1448_ESMFold_hypothetical_protein	AF-Q5Y4Z8-F1-model_v4	LOKIASV2_1448_ESMFold_hypothetical_protein	AF-Q5Y4Z8-F1-model_v4 Taste receptor type 2 member 45	0.117	124	107	1	124	160	281	6.574E+00	25
LOKIASV2_1448_ESMFold_hypothetical_protein	AF-P59537-F1-model_v4	LOKIASV2_1448_ESMFold_hypothetical_protein	AF-P59537-F1-model_v4 Taste receptor type 2 member 43	0.142	134	112	1	134	160	291	6.574E+00	25
LOKIASV2_1448_ESMFold_hypothetical_protein	AF-Q8IRL8-F1-model_v4	LOKIASV2_1448_ESMFold_hypothetical_protein	AF-Q8IRL8-F1-model_v4 Putative gustatory receptor 9a	0.126	146	101	19	135	34	179	7.811E+00	25
LOKIASV2_1448_ESMFold_hypothetical_protein	AF-B8ZUV0-F1-model_v4	LOKIASV2_1448_ESMFold_hypothetical_protein	AF-B8ZUV0-F1-model_v4 Peptide chain release factor 2	0.093	163	118	76	206	71	233	4.151E+00	25
LOKIASV2_1448_ESMFold_hypothetical_protein	AF-Q8RWL5-F1-model_v4	LOKIASV2_1448_ESMFold_hypothetical_protein	AF-Q8RWL5-F1-model_v4 Protein CLT3, chloroplastic	0.119	136	112	3	130	154	289	4.151E+00	25
LOKIASV2_1448_ESMFold_hypothetical_protein	AF-Q6PVZ1-F1-model_v4	LOKIASV2_1448_ESMFold_hypothetical_protein	AF-Q6PVZ1-F1-model_v4 Keratin, type I cytoskeletal 14	0.146	164	138	4	167	304	466	2.082E+00	25
LOKIASV2_1448_ESMFold_hypothetical_protein	AF-Q9H3P2-F1-model_v4	LOKIASV2_1448_ESMFold_hypothetical_protein	AF-Q9H3P2-F1-model_v4 Negative elongation factor A	0.157	69	55	114	182	455	520	4.151E+00	25
LOKIASV2_1448_ESMFold_hypothetical_protein	AF-O66682-F1-model_v4	LOKIASV2_1448_ESMFold_hypothetical_protein	AF-O66682-F1-model_v4 (R)-citramalate synthase	0.087	101	78	115	200	382	482	1.655E+00	25
LOKIASV2_1448_ESMFold_hypothetical_protein	AF-Q74C76-F1-model_v4	LOKIASV2_1448_ESMFold_hypothetical_protein	AF-Q74C76-F1-model_v4 (R)-citramalate synthase	0.090	149	92	116	217	356	504	1.172E+00	25
LOKIASV2_1448_ESMFold_hypothetical_protein	AF-Q74ZL3-F1-model_v4	LOKIASV2_1448_ESMFold_hypothetical_protein	AF-Q74ZL3-F1-model_v4 Meiotic sister-chromatid recombination protein 3	0.150	57	46	141	195	113	169	5.533E+00	25
LOKIASV2_1448_ESMFold_hypothetical_protein	AF-P80233-F1-model_v4	LOKIASV2_1448_ESMFold_hypothetical_protein	AF-P80233-F1-model_v4 Cuticle protein 67, isoform B	0.102	38	33	145	182	38	75	3.700E+00	24
LOKIASV2_1448_ESMFold_hypothetical_protein	AF-C0QW93-F1-model_v4	LOKIASV2_1448_ESMFold_hypothetical_protein	AF-C0QW93-F1-model_v4 Elongation factor P	0.138	90	69	133	213	4	93	1.241E+00	24
LOKIASV2_1448_ESMFold_hypothetical_protein	AF-A1S699-F1-model_v4	LOKIASV2_1448_ESMFold_hypothetical_protein	AF-A1S699-F1-model_v4 Elongation factor P	0.103	82	65	140	213	11	92	2.082E+00	24
LOKIASV2_1448_ESMFold_hypothetical_protein	AF-Q3MHX1-F1-model_v4	LOKIASV2_1448_ESMFold_hypothetical_protein	AF-Q3MHX1-F1-model_v4 COMM domain-containing protein 7	0.086	154	108	64	182	24	177	1.241E+00	24
LOKIASV2_1448_ESMFold_hypothetical_protein	AF-Q5APJ9-F1-model_v4	LOKIASV2_1448_ESMFold_hypothetical_protein	AF-Q5APJ9-F1-model_v4 Predicted GPI-anchored protein 6	0.043	89	75	135	213	20	108	3.700E+00	24
LOKIASV2_1448_ESMFold_hypothetical_protein	AF-P46091-F1-model_v4	LOKIASV2_1448_ESMFold_hypothetical_protein	AF-P46091-F1-model_v4 G-protein coupled receptor 1	0.125	122	99	21	134	200	321	6.574E+00	24
LOKIASV2_1448_ESMFold_hypothetical_protein	AF-Q9ZPY8-F1-model_v4	LOKIASV2_1448_ESMFold_hypothetical_protein	AF-Q9ZPY8-F1-model_v4 Transcription factor ABA-INDUCIBLE bHLH-TYPE	0.089	99	72	103	182	427	525	4.656E+00	24
LOKIASV2_1448_ESMFold_hypothetical_protein	AF-Q6PML9-F1-model_v4	LOKIASV2_1448_ESMFold_hypothetical_protein	AF-Q6PML9-F1-model_v4 Zinc transporter 9	0.119	183	153	19	193	323	505	9.312E-01	24
LOKIASV2_1448_ESMFold_hypothetical_protein	AF-Q9Y7N9-F1-model_v4	LOKIASV2_1448_ESMFold_hypothetical_protein	AF-Q9Y7N9-F1-model_v4 PX domain-containing protein C1450.12	0.079	59	51	124	182	153	208	7.375E+00	24
LOKIASV2_1448_ESMFold_hypothetical_protein	AF-P80684-F1-model_v4	LOKIASV2_1448_ESMFold_hypothetical_protein	AF-P80684-F1-model_v4 Pupal cuticle protein C1B	0.062	48	38	135	182	35	76	4.656E+00	23
LOKIASV2_1448_ESMFold_hypothetical_protein	AF-Q1ZXC9-F1-model_v4	LOKIASV2_1448_ESMFold_hypothetical_protein	AF-Q1ZXC9-F1-model_v4 Ubiquitin-fold modifier-conjugating enzyme 1	0.107	78	64	102	179	24	96	5.224E+00	23
LOKIASV2_1448_ESMFold_hypothetical_protein	AF-Q8PV34-F1-model_v4	LOKIASV2_1448_ESMFold_hypothetical_protein	AF-Q8PV34-F1-model_v4 50S ribosomal protein L6	0.118	111	86	115	212	62	172	1.856E+00	23
LOKIASV2_1448_ESMFold_hypothetical_protein	AF-Q12ZT5-F1-model_v4	LOKIASV2_1448_ESMFold_hypothetical_protein	AF-Q12ZT5-F1-model_v4 50S ribosomal protein L6	0.090	112	89	115	213	62	173	1.172E+00	23
LOKIASV2_1448_ESMFold_hypothetical_protein	AF-Q6LXD7-F1-model_v4	LOKIASV2_1448_ESMFold_hypothetical_protein	AF-Q6LXD7-F1-model_v4 50S ribosomal protein L6	0.070	118	93	118	218	63	180	6.985E-01	23
LOKIASV2_1448_ESMFold_hypothetical_protein	AF-Q5JJG4-F1-model_v4	LOKIASV2_1448_ESMFold_hypothetical_protein	AF-Q5JJG4-F1-model_v4 50S ribosomal protein L6	0.088	79	57	118	181	63	141	2.474E+00	23
LOKIASV2_1448_ESMFold_hypothetical_protein	AF-Q9ZQF0-F1-model_v4	LOKIASV2_1448_ESMFold_hypothetical_protein	AF-Q9ZQF0-F1-model_v4 F-box protein At2g15640	0.103	83	65	140	213	209	291	6.207E+00	23
LOKIASV2_1448_ESMFold_hypothetical_protein	AF-P48676-F1-model_v4	LOKIASV2_1448_ESMFold_hypothetical_protein	AF-P48676-F1-model_v4 Peripherin	0.099	123	97	68	176	334	456	7.375E+00	23
LOKIASV2_1448_ESMFold_hypothetical_protein	AF-Q54LJ3-F1-model_v4	LOKIASV2_1448_ESMFold_hypothetical_protein	AF-Q54LJ3-F1-model_v4 ESCRT-I complex subunit tsg101	0.109	72	60	119	186	44	115	9.831E+00	23
LOKIASV2_1448_ESMFold_hypothetical_protein	AF-Q4QQV2-F1-model_v4	LOKIASV2_1448_ESMFold_hypothetical_protein	AF-Q4QQV2-F1-model_v4 Docking protein 1	0.072	69	45	141	209	2	50	8.763E+00	23
LOKIASV2_1448_ESMFold_hypothetical_protein	AF-Q8N1K5-F1-model_v4	LOKIASV2_1448_ESMFold_hypothetical_protein	AF-Q8N1K5-F1-model_v4 Protein THEMIS	0.087	78	67	138	211	367	444	5.224E+00	23
LOKIASV2_1448_ESMFold_hypothetical_protein	AF-P80231-F1-model_v4	LOKIASV2_1448_ESMFold_hypothetical_protein	AF-P80231-F1-model_v4 Cuticle protein 67, isoform A	0.078	38	34	145	182	32	69	6.207E+00	22
LOKIASV2_1448_ESMFold_hypothetical_protein	AF-A8Q8J2-F1-model_v4	LOKIASV2_1448_ESMFold_hypothetical_protein	AF-A8Q8J2-F1-model_v4 Ubiquitin-fold modifier-conjugating enzyme 1	0.078	67	60	113	179	33	98	5.533E+00	22
LOKIASV2_1448_ESMFold_hypothetical_protein	AF-Q8TRT1-F1-model_v4	LOKIASV2_1448_ESMFold_hypothetical_protein	AF-Q8TRT1-F1-model_v4 50S ribosomal protein L6	0.118	111	86	115	212	62	172	2.474E+00	22
LOKIASV2_1448_ESMFold_hypothetical_protein	AF-A0B9V4-F1-model_v4	LOKIASV2_1448_ESMFold_hypothetical_protein	AF-A0B9V4-F1-model_v4 50S ribosomal protein L6	0.088	113	94	110	213	61	173	9.862E-01	22
LOKIASV2_1448_ESMFold_hypothetical_protein	AF-Q9XWW1-F1-model_v4	LOKIASV2_1448_ESMFold_hypothetical_protein	AF-Q9XWW1-F1-model_v4 Probable signal peptidase complex subunit 2	0.083	147	120	36	182	16	147	3.298E+00	22
LOKIASV2_1448_ESMFold_hypothetical_protein	AF-Q9V1V1-F1-model_v4	LOKIASV2_1448_ESMFold_hypothetical_protein	AF-Q9V1V1-F1-model_v4 50S ribosomal protein L6	0.075	79	58	118	181	63	141	2.776E+00	22
LOKIASV2_1448_ESMFold_hypothetical_protein	AF-B6YSN0-F1-model_v4	LOKIASV2_1448_ESMFold_hypothetical_protein	AF-B6YSN0-F1-model_v4 50S ribosomal protein L6	0.074	110	92	113	212	65	174	2.205E+00	22
LOKIASV2_1448_ESMFold_hypothetical_protein	AF-B0K9C8-F1-model_v4	LOKIASV2_1448_ESMFold_hypothetical_protein	AF-B0K9C8-F1-model_v4 Elongation factor P	0.113	91	72	135	216	6	96	2.621E+00	22
LOKIASV2_1448_ESMFold_hypothetical_protein	AF-A1RQ05-F1-model_v4	LOKIASV2_1448_ESMFold_hypothetical_protein	AF-A1RQ05-F1-model_v4 Probable chorismate pyruvate-lyase	0.079	96	68	129	203	41	136	3.493E+00	22
LOKIASV2_1448_ESMFold_hypothetical_protein	AF-A7IID0-F1-model_v4	LOKIASV2_1448_ESMFold_hypothetical_protein	AF-A7IID0-F1-model_v4 Elongation factor P	0.072	98	74	137	217	2	99	2.776E+00	22
LOKIASV2_1448_ESMFold_hypothetical_protein	AF-Q1MAF5-F1-model_v4	LOKIASV2_1448_ESMFold_hypothetical_protein	AF-Q1MAF5-F1-model_v4 Elongation factor P	0.073	82	65	142	212	13	94	3.919E+00	22
LOKIASV2_1448_ESMFold_hypothetical_protein	AF-Q5SZD1-F1-model_v4	LOKIASV2_1448_ESMFold_hypothetical_protein	AF-Q5SZD1-F1-model_v4 Uncharacterized protein C6orf141	0.098	71	45	134	184	153	223	5.533E+00	22
LOKIASV2_1448_ESMFold_hypothetical_protein	AF-P50360-F1-model_v4	LOKIASV2_1448_ESMFold_hypothetical_protein	AF-P50360-F1-model_v4 Uncharacterized protein y4hP	0.083	121	105	79	194	199	319	4.656E+00	22
LOKIASV2_1448_ESMFold_hypothetical_protein	AF-Q5IRJ6-F1-model_v4	LOKIASV2_1448_ESMFold_hypothetical_protein	AF-Q5IRJ6-F1-model_v4 Zinc transporter 9	0.109	162	137	32	193	350	504	2.621E+00	22
LOKIASV2_1448_ESMFold_hypothetical_protein	AF-Q50DM6-F1-model_v4	LOKIASV2_1448_ESMFold_hypothetical_protein	AF-Q50DM6-F1-model_v4 Adhesion G-protein coupled receptor G1	0.125	135	109	26	160	562	686	6.207E+00	22
LOKIASV2_1448_ESMFold_hypothetical_protein	AF-A6VH01-F1-model_v4	LOKIASV2_1448_ESMFold_hypothetical_protein	AF-A6VH01-F1-model_v4 50S ribosomal protein L6	0.071	118	93	118	218	63	180	1.655E+00	21
LOKIASV2_1448_ESMFold_hypothetical_protein	AF-A6UWV4-F1-model_v4	LOKIASV2_1448_ESMFold_hypothetical_protein	AF-A6UWV4-F1-model_v4 50S ribosomal protein L6	0.085	120	92	118	218	64	183	1.655E+00	21
LOKIASV2_1448_ESMFold_hypothetical_protein	AF-A5EIT5-F1-model_v4	LOKIASV2_1448_ESMFold_hypothetical_protein	AF-A5EIT5-F1-model_v4 Elongation factor P	0.091	128	70	137	214	1	128	1.752E+00	21
LOKIASV2_1448_ESMFold_hypothetical_protein	AF-Q6IFX2-F1-model_v4	LOKIASV2_1448_ESMFold_hypothetical_protein	AF-Q6IFX2-F1-model_v4 Keratin, type I cytoskeletal 42	0.128	164	141	4	167	289	451	5.533E+00	21
LOKIASV2_1448_ESMFold_hypothetical_protein	AF-A6QQJ3-F1-model_v4	LOKIASV2_1448_ESMFold_hypothetical_protein	AF-A6QQJ3-F1-model_v4 Peripherin	0.162	129	92	68	178	340	468	7.811E+00	21
LOKIASV2_1448_ESMFold_hypothetical_protein	AF-Q97MC5-F1-model_v4	LOKIASV2_1448_ESMFold_hypothetical_protein	AF-Q97MC5-F1-model_v4 2-isopropylmalate synthase	0.107	108	84	118	212	425	532	1.562E+00	21
LOKIASV2_1448_ESMFold_hypothetical_protein	AF-O08684-F1-model_v4	LOKIASV2_1448_ESMFold_hypothetical_protein	AF-O08684-F1-model_v4 Phospholipase D1	0.133	81	59	138	206	79	159	4.151E+00	21
LOKIASV2_1448_ESMFold_hypothetical_protein	AF-Q6MAZ6-F1-model_v4	LOKIASV2_1448_ESMFold_hypothetical_protein	AF-Q6MAZ6-F1-model_v4 Elongation factor P 2	0.098	89	71	134	213	7	95	4.396E+00	20
LOKIASV2_1448_ESMFold_hypothetical_protein	AF-Q05812-F1-model_v4	LOKIASV2_1448_ESMFold_hypothetical_protein	AF-Q05812-F1-model_v4 Meiotic sister-chromatid recombination protein 3	0.098	50	44	145	194	155	204	6.207E+00	20
LOKIASV2_1448_ESMFold_hypothetical_protein	AF-P45588-F1-model_v4	LOKIASV2_1448_ESMFold_hypothetical_protein	AF-P45588-F1-model_v4 Cuticle protein 76	0.083	47	37	136	182	20	60	6.574E+00	19
LOKIASV2_1448_ESMFold_hypothetical_protein	AF-Q9D9K8-F1-model_v4	LOKIASV2_1448_ESMFold_hypothetical_protein	AF-Q9D9K8-F1-model_v4 IQ domain-containing protein F1	0.111	115	100	68	182	63	176	5.533E+00	19
LOKIASV2_1448_ESMFold_hypothetical_protein	AF-Q6N6V1-F1-model_v4	LOKIASV2_1448_ESMFold_hypothetical_protein	AF-Q6N6V1-F1-model_v4 Elongation factor P	0.063	98	75	137	217	1	98	6.207E+00	19
LOKIASV2_1448_ESMFold_hypothetical_protein	AF-B1ZHM8-F1-model_v4	LOKIASV2_1448_ESMFold_hypothetical_protein	AF-B1ZHM8-F1-model_v4 Elongation factor P	0.076	90	75	137	218	1	90	4.396E+00	19
LOKIASV2_1448_ESMFold_hypothetical_protein	AF-B9K2E5-F1-model_v4	LOKIASV2_1448_ESMFold_hypothetical_protein	AF-B9K2E5-F1-model_v4 Elongation factor P	0.056	94	72	137	213	2	95	5.860E+00	19
LOKIASV2_1448_ESMFold_hypothetical_protein	AF-Q0SR12-F1-model_v4	LOKIASV2_1448_ESMFold_hypothetical_protein	AF-Q0SR12-F1-model_v4 Peptide chain release factor 2	0.128	211	173	14	212	5	215	4.932E+00	19
LOKIASV2_1448_ESMFold_hypothetical_protein	AF-Q7L591-F1-model_v4	LOKIASV2_1448_ESMFold_hypothetical_protein	AF-Q7L591-F1-model_v4 Docking protein 3	0.063	116	81	126	212	46	161	5.860E+00	19
LOKIASV2_1448_ESMFold_hypothetical_protein	AF-P14030-F1-model_v4	LOKIASV2_1448_ESMFold_hypothetical_protein	AF-P14030-F1-model_v4 50S ribosomal protein L6	0.085	118	92	118	218	63	180	1.856E+00	18
LOKIASV2_1448_ESMFold_hypothetical_protein	AF-A2BMD5-F1-model_v4	LOKIASV2_1448_ESMFold_hypothetical_protein	AF-A2BMD5-F1-model_v4 50S ribosomal protein L6	0.058	112	92	115	213	69	180	6.207E+00	18
LOKIASV2_1448_ESMFold_hypothetical_protein	AF-Q3SS37-F1-model_v4	LOKIASV2_1448_ESMFold_hypothetical_protein	AF-Q3SS37-F1-model_v4 Elongation factor P	0.079	89	73	137	216	1	89	7.811E+00	18
LOKIASV2_1448_ESMFold_hypothetical_protein	AF-P80685-F1-model_v4	LOKIASV2_1448_ESMFold_hypothetical_protein	AF-P80685-F1-model_v4 Pupal cuticle protein G1A	0.139	42	34	143	182	54	95	4.932E+00	18
LOKIASV2_1448_ESMFold_hypothetical_protein	AF-Q6CUV0-F1-model_v4	LOKIASV2_1448_ESMFold_hypothetical_protein	AF-Q6CUV0-F1-model_v4 Probable kinetochore protein SPC25	0.092	198	173	1	192	1	198	5.224E+00	18
LOKIASV2_1448_ESMFold_hypothetical_protein	AF-Q8R1Z9-F1-model_v4	LOKIASV2_1448_ESMFold_hypothetical_protein	AF-Q8R1Z9-F1-model_v4 RING finger protein 121	0.141	160	109	5	132	38	197	8.763E+00	18
LOKIASV2_1448_ESMFold_hypothetical_protein	AF-Q6IFU8-F1-model_v4	LOKIASV2_1448_ESMFold_hypothetical_protein	AF-Q6IFU8-F1-model_v4 Keratin, type I cytoskeletal 17	0.132	181	134	4	184	279	433	4.656E+00	18
LOKIASV2_1448_ESMFold_hypothetical_protein	AF-Q9QWL7-F1-model_v4	LOKIASV2_1448_ESMFold_hypothetical_protein	AF-Q9QWL7-F1-model_v4 Keratin, type I cytoskeletal 17	0.149	164	130	4	167	279	432	5.860E+00	18
LOKIASV2_1448_ESMFold_hypothetical_protein	AF-P47872-F1-model_v4	LOKIASV2_1448_ESMFold_hypothetical_protein	AF-P47872-F1-model_v4 Secretin receptor	0.161	134	102	36	158	301	434	9.831E+00	18
LOKIASV2_1448_ESMFold_hypothetical_protein	AF-A1L595-F1-model_v4	LOKIASV2_1448_ESMFold_hypothetical_protein	AF-A1L595-F1-model_v4 Keratin, type I cytoskeletal 17	0.128	179	133	4	182	287	439	5.860E+00	18
LOKIASV2_1448_ESMFold_hypothetical_protein	AF-Q6IFU7-F1-model_v4	LOKIASV2_1448_ESMFold_hypothetical_protein	AF-Q6IFU7-F1-model_v4 Keratin, type I cytoskeletal 42	0.112	179	143	4	182	289	450	6.207E+00	18
LOKIASV2_1448_ESMFold_hypothetical_protein	AF-Q8NWF3-F1-model_v4	LOKIASV2_1448_ESMFold_hypothetical_protein	AF-Q8NWF3-F1-model_v4 Sensor protein SrrB	0.108	178	145	17	194	9	171	4.151E+00	18
LOKIASV2_1448_ESMFold_hypothetical_protein	AF-Q99TZ9-F1-model_v4	LOKIASV2_1448_ESMFold_hypothetical_protein	AF-Q99TZ9-F1-model_v4 Sensor protein SrrB	0.096	164	146	33	194	8	171	5.224E+00	18
LOKIASV2_1448_ESMFold_hypothetical_protein	AF-B3QHV4-F1-model_v4	LOKIASV2_1448_ESMFold_hypothetical_protein	AF-B3QHV4-F1-model_v4 Elongation factor P	0.045	128	74	137	214	1	128	4.932E+00	17
LOKIASV2_1448_ESMFold_hypothetical_protein	AF-A5A6M0-F1-model_v4	LOKIASV2_1448_ESMFold_hypothetical_protein	AF-A5A6M0-F1-model_v4 Keratin, type I cytoskeletal 17	0.131	181	133	4	184	279	432	6.963E+00	17
LOKIASV2_1448_ESMFold_hypothetical_protein	AF-Q04695-F1-model_v4	LOKIASV2_1448_ESMFold_hypothetical_protein	AF-Q04695-F1-model_v4 Keratin, type I cytoskeletal 17	0.138	181	132	4	184	279	432	6.963E+00	17
LOKIASV2_1448_ESMFold_hypothetical_protein	AF-Q58403-F1-model_v4	LOKIASV2_1448_ESMFold_hypothetical_protein	AF-Q58403-F1-model_v4 Metalloprotease MJ0996	0.130	68	57	126	192	5	72	8.273E+00	17
LOKIASV2_1448_ESMFold_hypothetical_protein	AF-Q5HFT1-F1-model_v4	LOKIASV2_1448_ESMFold_hypothetical_protein	AF-Q5HFT1-F1-model_v4 Sensor protein SrrB	0.096	141	93	78	181	16	156	6.574E+00	17
LOKIASV2_1448_ESMFold_hypothetical_protein	AF-Q9L523-F1-model_v4	LOKIASV2_1448_ESMFold_hypothetical_protein	AF-Q9L523-F1-model_v4 Sensor protein SrrB	0.107	163	143	34	194	9	171	6.207E+00	17
LOKIASV2_1448_ESMFold_hypothetical_protein	AF-B6JHH8-F1-model_v4	LOKIASV2_1448_ESMFold_hypothetical_protein	AF-B6JHH8-F1-model_v4 Elongation factor P	0.045	128	74	137	214	1	128	6.963E+00	16
LOKIASV2_1448_ESMFold_hypothetical_protein	AF-P02533-F1-model_v4	LOKIASV2_1448_ESMFold_hypothetical_protein	AF-P02533-F1-model_v4 Keratin, type I cytoskeletal 14	0.104	181	145	4	184	310	472	9.281E+00	16
LOKIASV2_1448_ESMFold_hypothetical_protein	AF-P45297-F1-model_v4	LOKIASV2_1448_ESMFold_hypothetical_protein	AF-P45297-F1-model_v4 Metalloprotease TldD homolog	0.050	59	51	131	185	25	83	7.811E+00	16
LOKIASV2_1448_ESMFold_hypothetical_protein	AF-P57478-F1-model_v4	LOKIASV2_1448_ESMFold_hypothetical_protein	AF-P57478-F1-model_v4 Metalloprotease TldD homolog	0.079	60	52	128	184	24	83	7.375E+00	16
LOKIASV2_1448_ESMFold_hypothetical_protein	AF-Q89AE1-F1-model_v4	LOKIASV2_1448_ESMFold_hypothetical_protein	AF-Q89AE1-F1-model_v4 Metalloprotease TldD homolog	0.079	61	52	127	184	23	83	6.574E+00	16
LOKIASV2_1448_ESMFold_hypothetical_protein	AF-Q6G973-F1-model_v4	LOKIASV2_1448_ESMFold_hypothetical_protein	AF-Q6G973-F1-model_v4 Sensor protein SrrB	0.081	178	149	17	194	9	171	8.273E+00	16
LOKIASV2_1448_ESMFold_hypothetical_protein	AF-Q7A5H7-F1-model_v4	LOKIASV2_1448_ESMFold_hypothetical_protein	AF-Q7A5H7-F1-model_v4 Sensor protein SrrB	0.093	156	105	78	194	16	171	7.375E+00	16
LOKIASV2_1448_ESMFold_hypothetical_protein	AF-Q74MR6-F1-model_v4	LOKIASV2_1448_ESMFold_hypothetical_protein	AF-Q74MR6-F1-model_v4 50S ribosomal protein L6	0.090	95	72	118	212	63	142	4.151E+00	15
LOKIASV2_1448_ESMFold_hypothetical_protein	AF-P00646-F1-model_v4	LOKIASV2_1448_ESMFold_hypothetical_protein	AF-P00646-F1-model_v4 Colicin-E3	0.106	234	182	5	209	304	537	4.932E+00	15
LOKIASV2_1448_ESMFold_hypothetical_protein	AF-P17999-F1-model_v4	LOKIASV2_1448_ESMFold_hypothetical_protein	AF-P17999-F1-model_v4 Colicin-E6	0.074	233	197	5	218	304	536	5.533E+00	15
LOKIASV2_1448_ESMFold_hypothetical_protein	AF-Q9CCJ1-F1-model_v4	LOKIASV2_1448_ESMFold_hypothetical_protein	AF-Q9CCJ1-F1-model_v4 Sensor histidine kinase MtrB	0.126	192	152	3	194	32	206	4.396E+00	15
LOKIASV2_1448_ESMFold_hypothetical_protein	AF-P0CT24-F1-model_v4	LOKIASV2_1448_ESMFold_hypothetical_protein	AF-P0CT24-F1-model_v4 Glucosidase 2 subunit beta	0.106	180	135	61	212	349	528	7.811E+00	15
LOKIASV2_1448_ESMFold_hypothetical_protein	AF-B0SXB7-F1-model_v4	LOKIASV2_1448_ESMFold_hypothetical_protein	AF-B0SXB7-F1-model_v4 Peptide chain release factor 2	0.102	151	123	75	212	60	210	8.273E+00	13
